hotel,is_canceled,lead_time,arrival_date_year,arrival_date_month,arrival_date_week_number,arrival_date_day_of_month,stays_in_weekend_nights,stays_in_week_nights,adults,children,babies,meal,country,market_segment,distribution_channel,is_repeated_guest,previous_cancellations,previous_bookings_not_canceled,reserved_room_type,assigned_room_type,booking_changes,deposit_type,agent,days_in_waiting_list,customer_type,adr,required_car_parking_spaces,total_of_special_requests
Resort Hotel,0,342,2015,July,27,1,0,0,2,0.0,0,BB,PRT,Direct,Direct,0,0,0,C,C,3,No Deposit,,0,Transient,0.0,0,0
Resort Hotel,0,14,2015,July,27,1,0,2,2,0.0,0,BB,GBR,Online TA,TA/TO,0,0,0,A,A,0,No Deposit,240.0,0,Transient,98.0,0,1
Resort Hotel,0,14,2015,July,27,1,0,2,2,0.0,0,BB,GBR,Online TA,TA/TO,0,0,0,A,A,0,No Deposit,240.0,0,Transient,98.0,0,1
Resort Hotel,0,0,2015,July,27,1,0,2,2,0.0,0,BB,PRT,Direct,Direct,0,0,0,C,C,0,No Deposit,,0,Transient,107.0,0,0
Resort Hotel,0,9,2015,July,27,1,0,2,2,0.0,0,FB,PRT,Direct,Direct,0,0,0,C,C,0,No Deposit,303.0,0,Transient,103.0,0,1
Resort Hotel,1,85,2015,July,27,1,0,3,2,0.0,0,BB,PRT,Online TA,TA/TO,0,0,0,A,A,0,No Deposit,240.0,0,Transient,82.0,0,1
Resort Hotel,1,75,2015,July,27,1,0,3,2,0.0,0,HB,PRT,Offline TA/TO,TA/TO,0,0,0,D,D,0,No Deposit,15.0,0,Transient,105.5,0,0
Resort Hotel,1,23,2015,July,27,1,0,4,2,0.0,0,BB,PRT,Online TA,TA/TO,0,0,0,E,E,0,No Deposit,240.0,0,Transient,123.0,0,0
Resort Hotel,0,35,2015,July,27,1,0,4,2,0.0,0,HB,PRT,Online TA,TA/TO,0,0,0,D,D,0,No Deposit,240.0,0,Transient,145.0,0,0
Resort Hotel,0,68,2015,July,27,1,0,4,2,0.0,0,BB,USA,Online TA,TA/TO,0,0,0,D,E,0,No Deposit,240.0,0,Transient,97.0,0,3
Resort Hotel,0,37,2015,July,27,1,0,4,2,0.0,0,BB,PRT,Online TA,TA/TO,0,0,0,E,E,0,No Deposit,241.0,0,Transient,94.71,0,0
Resort Hotel,0,68,2015,July,27,1,0,4,2,0.0,0,BB,IRL,Online TA,TA/TO,0,0,0,D,E,0,No Deposit,240.0,0,Transient,97.0,0,3
Resort Hotel,0,37,2015,July,27,1,0,4,2,0.0,0,BB,PRT,Offline TA/TO,TA/TO,0,0,0,E,E,0,No Deposit,8.0,0,Contract,97.5,0,0
Resort Hotel,0,12,2015,July,27,1,0,1,2,0.0,0,BB,IRL,Online TA,TA/TO,0,0,0,A,E,0,No Deposit,240.0,0,Transient,88.2,0,0
Resort Hotel,0,0,2015,July,27,1,0,1,2,0.0,0,BB,FRA,Corporate,Corporate,0,0,0,A,G,0,No Deposit,,0,Transient,107.42,0,0
Resort Hotel,0,7,2015,July,27,1,0,4,2,0.0,0,BB,GBR,Direct,Direct,0,0,0,G,G,0,No Deposit,250.0,0,Transient,153.0,0,1
Resort Hotel,0,72,2015,July,27,1,2,4,2,0.0,0,BB,PRT,Direct,Direct,0,0,0,A,A,1,No Deposit,250.0,0,Transient,84.67,0,1
Resort Hotel,0,72,2015,July,27,1,2,4,2,0.0,0,BB,PRT,Direct,Direct,0,0,0,A,A,1,No Deposit,250.0,0,Transient,84.67,0,1
Resort Hotel,0,72,2015,July,27,1,2,4,2,0.0,0,BB,PRT,Direct,Direct,0,0,0,D,D,1,No Deposit,250.0,0,Transient,99.67,0,1
Resort Hotel,0,127,2015,July,27,1,2,5,2,0.0,0,HB,GBR,Offline TA/TO,TA/TO,0,0,0,D,I,0,No Deposit,115.0,0,Contract,94.95,0,1
Resort Hotel,0,78,2015,July,27,1,2,5,2,0.0,0,BB,PRT,Offline TA/TO,TA/TO,0,0,0,D,D,0,No Deposit,5.0,0,Transient,63.6,1,0
Resort Hotel,0,48,2015,July,27,1,2,5,2,0.0,0,BB,IRL,Offline TA/TO,TA/TO,0,0,0,D,D,0,No Deposit,8.0,0,Contract,79.5,0,0
Resort Hotel,1,60,2015,July,27,1,2,5,2,0.0,0,BB,PRT,Online TA,TA/TO,0,0,0,E,E,0,No Deposit,240.0,0,Transient,107.0,0,2
Resort Hotel,0,77,2015,July,27,1,2,5,2,0.0,0,BB,PRT,Online TA,TA/TO,0,0,0,A,A,0,No Deposit,240.0,0,Transient,94.0,0,0
Resort Hotel,0,99,2015,July,27,1,2,5,2,0.0,0,BB,PRT,Online TA,TA/TO,0,0,0,D,D,0,No Deposit,240.0,0,Transient,87.3,1,1
Resort Hotel,0,95,2015,July,27,1,4,11,2,0.0,0,BB,GBR,Offline TA/TO,TA/TO,0,0,0,D,D,0,No Deposit,241.0,0,Transient,63.86,0,0
Resort Hotel,1,96,2015,July,27,1,2,8,2,0.0,0,BB,PRT,Direct,Direct,0,0,0,E,E,0,No Deposit,,0,Transient,108.3,0,2
Resort Hotel,0,69,2015,July,27,2,2,4,2,0.0,0,BB,IRL,Offline TA/TO,TA/TO,0,0,0,A,C,0,No Deposit,175.0,0,Transient,65.5,0,0
Resort Hotel,0,15,2015,July,27,2,1,3,2,0.0,0,BB,ESP,Online TA,TA/TO,0,0,0,A,C,0,No Deposit,240.0,0,Transient,98.0,0,0
Resort Hotel,0,70,2015,July,27,2,2,3,2,0.0,0,HB,ROU,Direct,Direct,0,0,0,E,E,0,No Deposit,250.0,0,Transient,137.0,0,1
Resort Hotel,1,45,2015,July,27,2,2,3,2,0.0,0,BB,PRT,Online TA,TA/TO,0,0,0,G,G,0,No Deposit,241.0,0,Transient,117.81,0,0
Resort Hotel,0,45,2015,July,27,2,2,3,2,0.0,0,BB,IRL,Offline TA/TO,TA/TO,0,0,0,D,D,0,No Deposit,8.0,0,Contract,79.5,0,0
Resort Hotel,0,16,2015,July,27,2,2,3,2,0.0,0,BB,ESP,Direct,Direct,0,0,0,F,F,0,No Deposit,,0,Transient,123.0,0,0
Resort Hotel,0,70,2015,July,27,2,2,3,2,0.0,0,HB,ROU,Direct,Direct,0,0,0,E,E,0,No Deposit,250.0,0,Transient,137.0,0,1
Resort Hotel,0,107,2015,July,27,2,2,5,2,0.0,0,BB,PRT,Online TA,TA/TO,0,0,0,A,A,0,No Deposit,240.0,0,Transient,110.7,0,2
Resort Hotel,0,96,2015,July,27,2,2,5,2,0.0,0,BB,ESP,Offline TA/TO,TA/TO,0,0,0,A,A,0,No Deposit,134.0,0,Transient,58.95,0,1
Resort Hotel,0,113,2015,July,27,2,2,5,2,0.0,0,BB,NOR,Offline TA/TO,TA/TO,0,0,0,E,E,0,No Deposit,156.0,0,Transient-Party,82.88,0,2
Resort Hotel,0,90,2015,July,27,2,2,5,2,0.0,0,HB,GBR,Offline TA/TO,TA/TO,0,0,0,A,B,1,No Deposit,243.0,0,Contract,82.35,0,0
Resort Hotel,0,50,2015,July,27,2,2,5,2,0.0,0,HB,IRL,Online TA,TA/TO,0,0,0,E,F,1,No Deposit,241.0,0,Transient,119.35,0,1
Resort Hotel,0,113,2015,July,27,2,2,5,2,0.0,0,BB,NOR,Offline TA/TO,TA/TO,0,0,0,D,D,0,No Deposit,156.0,0,Transient-Party,67.58,0,2
Resort Hotel,0,93,2015,July,27,2,3,8,2,0.0,0,BB,IRL,Offline TA/TO,TA/TO,0,0,0,A,A,0,No Deposit,156.0,0,Contract,56.01,0,0
Resort Hotel,0,76,2015,July,27,2,4,10,2,0.0,0,BB,OMN,Offline TA/TO,TA/TO,0,0,0,D,D,0,No Deposit,243.0,0,Contract,110.7,0,0
Resort Hotel,0,3,2015,July,27,2,0,1,2,0.0,0,BB,ESP,Online TA,TA/TO,0,0,0,A,C,0,No Deposit,240.0,0,Transient,88.2,1,0
Resort Hotel,0,1,2015,July,27,2,0,1,2,0.0,0,BB,ARG,Online TA,TA/TO,0,0,0,H,H,0,No Deposit,240.0,0,Transient,147.0,1,0
Resort Hotel,0,0,2015,July,27,2,0,1,2,0.0,0,BB,PRT,Direct,Direct,0,0,0,H,H,0,No Deposit,,0,Transient,147.0,0,0
Resort Hotel,0,0,2015,July,27,2,0,1,2,0.0,0,BB,PRT,Online TA,TA/TO,0,0,0,A,D,0,No Deposit,240.0,0,Transient,117.9,0,2
Resort Hotel,0,0,2015,July,27,2,0,1,2,0.0,0,BB,PRT,Direct,Direct,0,0,0,G,G,0,No Deposit,,0,Transient,123.0,0,0
Resort Hotel,0,14,2015,July,27,2,0,2,2,0.0,0,BB,USA,Online TA,TA/TO,0,0,0,A,C,0,No Deposit,242.0,0,Transient,98.0,0,1
Resort Hotel,0,10,2015,July,27,2,0,2,2,0.0,0,BB,PRT,Online TA,TA/TO,0,0,0,G,G,0,No Deposit,241.0,0,Transient,117.81,0,0
Resort Hotel,0,5,2015,July,27,2,0,2,2,0.0,0,BB,IRL,Online TA,TA/TO,0,0,0,E,E,0,No Deposit,240.0,0,Transient,135.0,1,2
Resort Hotel,0,17,2015,July,27,2,0,3,2,0.0,0,BB,ESP,Direct,Direct,0,0,0,F,F,0,No Deposit,250.0,0,Transient,133.0,0,1
Resort Hotel,0,93,2015,July,27,2,0,3,2,0.0,0,BB,IRL,Offline TA/TO,TA/TO,0,0,0,A,C,0,No Deposit,115.0,0,Contract,58.95,0,0
Resort Hotel,1,3,2015,July,27,2,0,3,2,0.0,0,HB,PRT,Online TA,TA/TO,0,0,0,A,A,0,No Deposit,240.0,0,Transient,136.33,0,2
Resort Hotel,0,3,2015,July,27,3,0,2,2,0.0,0,BB,ESP,Online TA,TA/TO,0,0,0,A,C,0,No Deposit,240.0,0,Transient,110.5,0,0
Resort Hotel,0,51,2015,July,27,3,0,2,2,0.0,0,BB,POL,Online TA,TA/TO,0,0,0,D,D,0,No Deposit,242.0,0,Transient,97.0,0,0
Resort Hotel,1,63,2015,July,27,3,0,2,2,0.0,0,BB,PRT,Online TA,TA/TO,0,0,0,A,A,0,No Deposit,240.0,0,Transient,82.0,0,2
Resort Hotel,1,62,2015,July,27,3,0,2,2,0.0,0,BB,PRT,Online TA,TA/TO,0,0,0,D,D,0,No Deposit,240.0,0,Transient,97.0,0,1
Resort Hotel,1,101,2015,July,27,3,0,2,2,0.0,0,BB,PRT,Online TA,TA/TO,0,0,0,A,A,0,No Deposit,240.0,0,Transient,73.8,0,1
Resort Hotel,0,2,2015,July,27,3,0,2,2,0.0,0,HB,PRT,Offline TA/TO,TA/TO,0,0,0,A,A,0,No Deposit,3.0,0,Transient,91.5,0,0
Resort Hotel,0,15,2015,July,27,3,0,2,2,0.0,0,BB,ESP,Online TA,TA/TO,0,0,0,A,A,0,No Deposit,240.0,0,Transient,114.5,0,0
Resort Hotel,0,3,2015,July,27,3,1,2,2,0.0,0,BB,ESP,Online TA,TA/TO,0,0,0,A,A,0,No Deposit,240.0,0,Transient,90.9,1,0
Resort Hotel,1,48,2015,July,27,3,1,2,2,0.0,0,BB,PRT,Online TA,TA/TO,0,0,0,E,E,0,No Deposit,240.0,0,Transient,123.0,0,0
Resort Hotel,0,72,2015,July,27,3,2,2,2,0.0,0,BB,DEU,Offline TA/TO,TA/TO,0,0,0,A,A,0,No Deposit,105.0,0,Transient,110.7,1,0
Resort Hotel,0,99,2015,July,27,3,2,7,2,0.0,0,BB,FRA,Offline TA/TO,TA/TO,0,0,0,A,A,0,No Deposit,40.0,0,Contract,58.95,0,0
Resort Hotel,1,368,2015,July,27,3,3,7,2,0.0,0,BB,PRT,Offline TA/TO,TA/TO,0,0,0,A,A,0,No Deposit,40.0,0,Contract,55.68,0,0
Resort Hotel,0,364,2015,July,27,3,3,7,2,0.0,0,BB,GBR,Offline TA/TO,TA/TO,0,0,0,A,A,0,No Deposit,40.0,0,Contract,55.68,0,0
Resort Hotel,1,81,2015,July,27,3,3,7,2,0.0,0,HB,PRT,Direct,Direct,0,0,0,A,A,2,No Deposit,250.0,0,Transient,124.0,0,1
Resort Hotel,0,99,2015,July,27,3,3,7,2,0.0,0,HB,GBR,Offline TA/TO,TA/TO,0,0,0,E,E,0,No Deposit,115.0,0,Contract,111.15,0,0
Resort Hotel,0,324,2015,July,27,3,4,10,2,0.0,0,HB,GBR,Offline TA/TO,TA/TO,0,0,0,E,E,0,No Deposit,40.0,0,Contract,134.73,0,0
Resort Hotel,0,69,2015,July,27,3,4,10,2,0.0,0,BB,GBR,Online TA,TA/TO,0,0,0,F,F,1,No Deposit,241.0,0,Transient,92.45,0,1
Resort Hotel,0,12,2015,July,27,3,0,1,2,0.0,0,BB,GBR,Online TA,TA/TO,0,0,0,A,C,0,No Deposit,240.0,0,Transient,73.8,0,0
Resort Hotel,0,9,2015,July,27,3,0,1,2,0.0,0,BB,PRT,Online TA,TA/TO,0,0,0,A,C,0,No Deposit,240.0,0,Transient,98.0,1,2
Resort Hotel,0,1,2015,July,27,3,0,1,2,0.0,0,BB,ESP,Online TA,TA/TO,0,0,0,A,C,0,No Deposit,240.0,0,Transient,131.0,0,1
Resort Hotel,0,21,2015,July,27,3,0,1,2,0.0,0,BB,PRT,Online TA,TA/TO,0,0,0,E,E,0,No Deposit,240.0,0,Transient,123.0,0,0
Resort Hotel,0,9,2015,July,27,3,0,1,2,0.0,0,BB,USA,Online TA,TA/TO,0,0,0,C,C,0,No Deposit,241.0,0,Transient,94.71,0,0
Resort Hotel,0,109,2015,July,27,3,0,1,2,0.0,0,BB,BEL,Online TA,TA/TO,0,0,0,A,A,0,No Deposit,240.0,0,Transient,123.0,0,2
Resort Hotel,1,109,2015,July,27,3,0,2,2,0.0,0,BB,PRT,Online TA,TA/TO,0,0,0,A,A,0,No Deposit,240.0,0,Transient,123.0,0,1
Resort Hotel,1,72,2015,July,27,3,0,2,2,0.0,0,BB,PRT,Online TA,TA/TO,0,0,0,A,A,0,No Deposit,240.0,0,Transient,73.8,0,1
Resort Hotel,1,63,2015,July,27,3,2,5,2,0.0,0,BB,PRT,Online TA,TA/TO,0,0,0,F,F,0,No Deposit,242.0,0,Transient,117.0,0,1
Resort Hotel,0,102,2015,July,27,3,2,5,2,0.0,0,BB,DEU,Direct,Direct,0,0,0,E,E,0,No Deposit,250.0,0,Transient,90.95,0,0
Resort Hotel,0,4,2015,July,27,4,2,1,2,0.0,0,BB,ESP,Direct,Direct,0,0,0,A,C,0,No Deposit,250.0,0,Transient,92.67,0,1
Resort Hotel,0,98,2015,July,27,4,2,1,2,0.0,0,BB,FRA,Offline TA/TO,TA/TO,0,0,0,D,D,0,No Deposit,8.0,0,Transient,71.55,1,0
Resort Hotel,0,95,2015,July,27,4,2,4,2,0.0,0,BB,PRT,Online TA,TA/TO,0,0,0,A,C,0,No Deposit,240.0,0,Transient,85.8,1,2
Resort Hotel,0,102,2015,July,27,4,2,5,2,0.0,0,BB,PRT,Online TA,TA/TO,0,0,0,E,E,0,No Deposit,240.0,0,Transient,96.3,0,1
Resort Hotel,1,102,2015,July,27,4,2,5,2,0.0,0,BB,PRT,Online TA,TA/TO,0,0,0,A,A,0,No Deposit,240.0,0,Transient,110.7,0,1
Resort Hotel,0,115,2015,July,27,4,2,5,2,0.0,0,BB,PRT,Offline TA/TO,TA/TO,0,0,0,A,A,0,No Deposit,134.0,0,Transient,58.95,0,1
Resort Hotel,0,86,2015,July,27,4,2,5,2,0.0,0,BB,CHE,Online TA,TA/TO,0,0,0,D,D,0,No Deposit,240.0,0,Transient,97.0,0,2
Resort Hotel,0,52,2015,July,27,4,2,5,2,0.0,0,BB,GBR,Online TA,TA/TO,0,0,0,A,A,0,No Deposit,147.0,0,Transient,67.24,0,0
Resort Hotel,1,101,2015,July,27,4,2,6,2,0.0,0,BB,PRT,Online TA,TA/TO,0,0,0,E,E,0,No Deposit,240.0,0,Transient,96.3,0,1
Resort Hotel,0,109,2015,July,27,4,2,6,2,0.0,0,BB,PRT,Online TA,TA/TO,0,0,0,A,A,0,No Deposit,240.0,0,Transient,123.0,0,1
Resort Hotel,0,92,2015,July,27,4,4,6,2,0.0,0,BB,GBR,Offline TA/TO,TA/TO,0,0,0,D,D,0,No Deposit,40.0,0,Contract,71.55,0,1
Resort Hotel,0,92,2015,July,27,4,4,6,2,0.0,0,BB,PRT,Offline TA/TO,TA/TO,0,0,0,D,D,0,No Deposit,40.0,0,Contract,71.55,0,1
Resort Hotel,0,30,2015,July,27,4,0,1,2,0.0,0,BB,PRT,Offline TA/TO,TA/TO,0,0,0,D,C,0,No Deposit,8.0,0,Contract,79.5,0,0
Resort Hotel,1,73,2015,July,27,4,0,1,2,0.0,0,BB,PRT,Online TA,TA/TO,0,0,0,A,A,0,No Deposit,240.0,0,Transient,73.8,0,2
Resort Hotel,1,33,2015,July,27,4,0,1,2,0.0,0,BB,PRT,Online TA,TA/TO,0,0,0,D,D,0,No Deposit,240.0,0,Transient,113.0,0,0
Resort Hotel,0,8,2015,July,27,4,0,1,2,0.0,0,BB,ESP,Online TA,TA/TO,0,0,0,E,E,0,No Deposit,240.0,0,Transient,123.0,0,0
Resort Hotel,0,100,2015,July,27,4,1,1,2,0.0,0,BB,FRA,Online TA,TA/TO,0,0,0,A,C,0,No Deposit,240.0,0,Transient-Party,73.8,1,1
Resort Hotel,0,1,2015,July,27,4,1,1,2,0.0,0,BB,PRT,Online TA,TA/TO,0,0,0,A,A,0,No Deposit,240.0,0,Transient,114.5,0,0
Resort Hotel,0,100,2015,July,27,4,1,1,2,0.0,0,BB,FRA,Online TA,TA/TO,0,0,0,A,A,0,No Deposit,240.0,0,Transient-Party,73.8,0,2
Resort Hotel,0,100,2015,July,27,4,1,1,2,0.0,0,BB,FRA,Online TA,TA/TO,0,0,0,A,C,0,No Deposit,240.0,0,Transient-Party,73.8,0,1
Resort Hotel,0,9,2015,July,28,5,1,0,2,0.0,0,BB,ESP,Online TA,TA/TO,0,0,0,A,C,0,No Deposit,240.0,0,Transient,88.2,0,1
Resort Hotel,1,5,2015,July,28,5,1,0,2,0.0,0,BB,PRT,Online TA,TA/TO,0,0,0,D,D,0,No Deposit,240.0,0,Transient,97.0,0,0
Resort Hotel,0,0,2015,July,28,5,1,0,2,0.0,0,BB,ESP,Online TA,TA/TO,0,0,0,A,C,1,No Deposit,306.0,0,Transient,85.1,0,0
Resort Hotel,0,2,2015,July,28,5,1,0,2,0.0,0,BB,PRT,Online TA,TA/TO,0,0,0,A,E,0,No Deposit,240.0,0,Transient,98.0,0,0
Resort Hotel,1,5,2015,July,28,5,1,0,2,0.0,0,BB,PRT,Online TA,TA/TO,0,0,0,D,D,0,No Deposit,240.0,0,Transient,97.0,0,0
Resort Hotel,0,2,2015,July,28,5,1,0,2,0.0,0,BB,PRT,Direct,Direct,0,0,0,G,G,0,No Deposit,,0,Transient,167.0,0,1
Resort Hotel,0,80,2015,July,28,5,2,0,2,0.0,0,BB,FRA,Online TA,TA/TO,0,0,0,D,E,0,No Deposit,240.0,0,Transient,97.0,1,0
Resort Hotel,0,97,2015,July,28,5,2,2,2,0.0,0,BB,ESP,Online TA,TA/TO,0,0,0,D,D,0,No Deposit,240.0,0,Transient,87.3,0,2
Resort Hotel,0,30,2015,July,28,5,2,3,2,0.0,0,BB,ESP,Online TA,TA/TO,0,0,0,E,E,0,No Deposit,240.0,0,Transient,123.0,0,0
Resort Hotel,0,64,2015,July,28,5,2,3,2,0.0,0,BB,PRT,Online TA,TA/TO,0,0,0,E,E,0,No Deposit,240.0,0,Transient,107.0,0,0
Resort Hotel,0,39,2015,July,28,5,2,4,2,0.0,0,BB,ESP,Online TA,TA/TO,0,0,0,H,H,0,No Deposit,240.0,0,Transient,163.0,0,0
Resort Hotel,0,90,2015,July,28,5,2,4,2,0.0,0,BB,PRT,Online TA,TA/TO,0,0,0,A,A,0,No Deposit,240.0,0,Transient,82.0,0,0
Resort Hotel,1,93,2015,July,28,5,2,5,2,0.0,0,HB,PRT,Offline TA/TO,TA/TO,0,0,0,D,D,0,No Deposit,15.0,0,Transient,105.5,0,0
Resort Hotel,0,29,2015,July,28,5,2,5,2,0.0,0,BB,IRL,Online TA,TA/TO,0,0,0,F,F,0,No Deposit,241.0,0,Transient,97.29,0,1
Resort Hotel,1,101,2015,July,28,5,2,5,2,0.0,0,HB,PRT,Online TA,TA/TO,0,0,0,A,A,0,No Deposit,240.0,0,Transient,114.0,0,1
Resort Hotel,0,27,2015,July,28,5,2,5,2,0.0,0,BB,ESP,Offline TA/TO,TA/TO,0,0,0,E,E,0,No Deposit,175.0,0,Transient,98.4,0,0
Resort Hotel,0,82,2015,July,28,5,4,6,2,0.0,0,BB,PRT,Offline TA/TO,TA/TO,0,0,0,D,D,0,No Deposit,5.0,0,Transient,63.6,1,2
Resort Hotel,0,110,2015,July,28,5,4,7,2,0.0,0,BB,GBR,Offline TA/TO,TA/TO,0,0,0,D,D,0,No Deposit,40.0,0,Contract,110.7,0,0
Resort Hotel,0,79,2015,July,28,5,4,10,2,0.0,0,HB,GBR,Offline TA/TO,TA/TO,0,0,0,D,D,0,No Deposit,243.0,0,Contract,134.1,0,0
Resort Hotel,0,111,2015,July,28,6,1,3,2,0.0,0,BB,PRT,Online TA,TA/TO,0,0,0,A,C,0,No Deposit,240.0,0,Transient,123.0,0,2
Resort Hotel,0,51,2015,July,28,6,1,3,2,0.0,0,BB,USA,Online TA,TA/TO,0,0,0,G,G,0,No Deposit,241.0,0,Transient,117.81,1,2
Resort Hotel,0,111,2015,July,28,6,0,0,2,0.0,0,BB,PRT,Online TA,TA/TO,0,0,0,A,H,0,No Deposit,240.0,0,Transient,0.0,0,2
Resort Hotel,0,7,2015,July,28,6,1,1,2,0.0,0,BB,PRT,Online TA,TA/TO,0,0,0,A,E,0,No Deposit,240.0,0,Transient,98.0,0,2
Resort Hotel,0,98,2015,July,28,6,1,1,2,0.0,0,BB,USA,Online TA,TA/TO,0,0,0,D,F,0,No Deposit,240.0,0,Transient,87.3,1,1
Resort Hotel,0,95,2015,July,28,6,1,2,2,0.0,0,BB,GRC,Online TA,TA/TO,0,0,0,D,D,0,No Deposit,240.0,0,Transient,97.0,0,1
Resort Hotel,1,48,2015,July,28,6,1,3,2,0.0,0,HB,PRT,Online TA,TA/TO,0,0,0,E,E,0,No Deposit,240.0,0,Transient,167.0,0,0
Resort Hotel,0,66,2015,July,28,6,1,3,2,0.0,0,HB,PRT,Offline TA/TO,TA/TO,0,0,0,A,E,0,No Deposit,175.0,0,Transient,91.5,0,0
Resort Hotel,0,104,2015,July,28,6,1,3,2,0.0,0,BB,PRT,Online TA,TA/TO,0,0,0,A,C,1,No Deposit,240.0,0,Transient,73.8,0,1
Resort Hotel,0,28,2015,July,28,6,1,4,2,0.0,0,BB,PRT,Online TA,TA/TO,0,0,0,E,E,0,No Deposit,240.0,0,Transient,123.0,0,0
Resort Hotel,0,34,2015,July,28,6,1,4,2,0.0,0,HB,PRT,Direct,Direct,0,0,0,F,F,0,No Deposit,250.0,0,Transient,175.0,1,0
Resort Hotel,0,98,2015,July,28,6,1,5,2,0.0,0,HB,ESP,Online TA,TA/TO,0,0,0,A,C,0,No Deposit,240.0,0,Transient,117.8,1,1
Resort Hotel,0,104,2015,July,28,6,1,5,2,0.0,0,BB,PRT,Online TA,TA/TO,0,0,0,E,E,1,No Deposit,240.0,0,Transient,117.63,0,0
Resort Hotel,0,258,2015,July,28,6,2,5,2,0.0,0,BB,GBR,Offline TA/TO,TA/TO,0,0,0,A,A,0,No Deposit,2.0,0,Contract,47.25,0,0
Resort Hotel,0,111,2015,July,28,6,3,5,2,0.0,0,HB,PRT,Online TA,TA/TO,0,0,0,A,C,0,No Deposit,240.0,0,Transient,151.0,0,1
Resort Hotel,1,94,2015,July,28,6,3,7,2,0.0,0,BB,PRT,Online TA,TA/TO,0,0,0,D,D,0,No Deposit,240.0,0,Transient,87.3,0,0
Resort Hotel,0,112,2015,July,28,6,3,7,2,0.0,0,BB,GBR,Offline TA/TO,TA/TO,0,0,0,A,A,0,No Deposit,242.0,0,Transient,120.6,0,1
Resort Hotel,0,100,2015,July,28,6,3,7,2,0.0,0,BB,GBR,Offline TA/TO,TA/TO,0,0,0,D,D,1,No Deposit,241.0,0,Transient,63.86,0,1
Resort Hotel,0,33,2015,July,28,6,3,7,2,0.0,0,HB,PRT,Direct,Direct,0,0,0,F,F,5,No Deposit,250.0,0,Transient,157.1,0,1
Resort Hotel,0,97,2015,July,28,6,3,7,2,0.0,0,HB,GBR,Offline TA/TO,TA/TO,0,0,0,D,D,0,No Deposit,156.0,0,Contract,91.37,0,2
Resort Hotel,0,90,2015,July,28,6,4,10,2,0.0,0,BB,ITA,Offline TA/TO,TA/TO,0,0,0,D,D,0,No Deposit,8.0,0,Contract,110.7,0,0
Resort Hotel,0,111,2015,July,28,6,4,10,2,0.0,0,BB,GBR,Offline TA/TO,TA/TO,0,0,0,A,A,0,No Deposit,40.0,0,Contract,93.6,0,0
Resort Hotel,0,65,2015,July,28,6,2,5,2,0.0,0,BB,PRT,Offline TA/TO,TA/TO,0,0,0,D,D,0,No Deposit,127.0,0,Transient,83.5,0,0
Resort Hotel,1,67,2015,July,28,7,0,2,2,0.0,0,BB,PRT,Online TA,TA/TO,0,0,0,A,A,0,No Deposit,240.0,0,Transient,73.8,0,1
Resort Hotel,0,55,2015,July,28,7,0,3,2,0.0,0,BB,ESP,Online TA,TA/TO,0,0,0,A,A,0,No Deposit,240.0,0,Transient,82.0,1,2
Resort Hotel,0,8,2015,July,28,7,0,0,2,0.0,0,BB,PRT,Direct,Direct,0,0,0,A,A,0,No Deposit,,0,Transient,0.0,0,1
Resort Hotel,0,8,2015,July,28,7,0,0,2,0.0,0,BB,PRT,Online TA,TA/TO,0,0,0,A,E,0,No Deposit,240.0,0,Transient,0.0,0,1
Resort Hotel,0,66,2015,July,28,7,0,4,2,0.0,0,BB,PRT,Online TA,TA/TO,0,0,0,D,D,0,No Deposit,240.0,0,Transient,97.0,0,2
Resort Hotel,0,0,2015,July,28,7,0,4,2,0.0,0,BB,NLD,Direct,Direct,0,0,0,A,A,2,No Deposit,,0,Transient,98.0,0,0
Resort Hotel,1,43,2015,July,28,7,0,5,2,0.0,0,HB,PRT,Offline TA/TO,TA/TO,0,0,0,A,A,0,No Deposit,134.0,0,Transient,91.5,0,0
Resort Hotel,1,88,2015,July,28,7,2,5,2,0.0,0,HB,PRT,Online TA,TA/TO,0,0,0,E,E,0,No Deposit,240.0,0,Transient,139.0,0,2
Resort Hotel,0,54,2015,July,28,7,2,5,2,0.0,0,BB,IRL,Offline TA/TO,TA/TO,0,0,0,D,D,0,No Deposit,8.0,0,Transient,79.5,0,0
Resort Hotel,1,292,2015,July,28,7,2,5,2,0.0,0,BB,PRT,Offline TA/TO,TA/TO,0,0,0,A,A,0,No Deposit,2.0,0,Contract,47.25,0,0
Resort Hotel,0,112,2015,July,28,7,4,10,2,0.0,0,HB,IRL,Offline TA/TO,TA/TO,0,0,0,D,D,0,No Deposit,156.0,0,Contract,126.65,0,1
Resort Hotel,0,68,2015,July,28,8,0,3,2,0.0,0,BB,GBR,Online TA,TA/TO,0,0,0,E,E,0,No Deposit,240.0,0,Transient,107.0,0,1
Resort Hotel,0,7,2015,July,28,8,0,4,2,0.0,0,BB,PRT,Online TA,TA/TO,0,0,0,A,A,0,No Deposit,240.0,0,Transient,131.0,1,2
Resort Hotel,0,1,2015,July,28,8,0,4,2,0.0,0,BB,ESP,Online TA,TA/TO,0,0,0,A,A,0,No Deposit,240.0,0,Transient,131.0,1,1
Resort Hotel,1,113,2015,July,28,8,0,4,2,0.0,0,BB,PRT,Online TA,TA/TO,0,0,0,A,A,0,No Deposit,240.0,0,Transient,123.0,0,1
Resort Hotel,0,5,2015,July,28,8,0,4,2,0.0,0,BB,ESP,Online TA,TA/TO,0,0,0,D,D,0,No Deposit,240.0,0,Transient,146.0,0,1
Resort Hotel,0,83,2015,July,28,8,0,4,2,0.0,0,BB,PRT,Offline TA/TO,TA/TO,0,0,0,A,A,0,No Deposit,105.0,0,Transient,110.7,0,1
Resort Hotel,1,105,2015,July,28,8,0,4,2,0.0,0,BB,PRT,Online TA,TA/TO,0,0,0,A,A,0,No Deposit,240.0,0,Transient,73.8,0,1
Resort Hotel,1,1,2015,July,28,8,0,1,2,0.0,0,BB,PRT,Corporate,Corporate,0,0,0,A,A,0,No Deposit,,0,Transient,104.72,0,1
Resort Hotel,1,1,2015,July,28,8,0,1,2,0.0,0,BB,PRT,Corporate,Corporate,0,0,0,A,A,0,No Deposit,,0,Transient,104.72,0,1
Resort Hotel,0,1,2015,July,28,8,0,2,2,0.0,0,BB,CHE,Corporate,Corporate,0,0,0,A,F,0,No Deposit,,0,Transient,104.72,1,1
Resort Hotel,1,102,2015,July,28,8,1,4,2,0.0,0,BB,PRT,Direct,Direct,0,0,0,A,A,0,No Deposit,9.0,0,Transient,66.42,0,1
Resort Hotel,0,113,2015,July,28,8,2,4,2,0.0,0,BB,PRT,Direct,Direct,0,0,0,E,E,1,No Deposit,250.0,0,Transient,77.96,1,1
Resort Hotel,0,96,2015,July,28,8,2,5,2,0.0,0,BB,GBR,Online TA,TA/TO,0,0,0,E,F,0,No Deposit,240.0,0,Transient,107.0,0,1
Resort Hotel,0,394,2015,July,28,8,2,5,2,0.0,0,HB,GBR,Offline TA/TO,TA/TO,0,0,0,D,D,0,No Deposit,40.0,0,Contract,89.68,0,0
Resort Hotel,0,33,2015,July,28,8,2,5,2,0.0,0,HB,PRT,Online TA,TA/TO,0,0,0,E,E,0,No Deposit,240.0,0,Transient,155.0,0,0
Resort Hotel,0,100,2015,July,28,8,2,7,2,0.0,0,BB,DNK,Online TA,TA/TO,0,0,0,E,E,0,No Deposit,240.0,0,Transient-Party,100.1,0,2
Resort Hotel,1,77,2015,July,28,9,0,3,2,0.0,0,BB,PRT,Direct,Direct,0,0,0,D,D,0,No Deposit,250.0,0,Transient,97.0,0,0
Resort Hotel,1,17,2015,July,28,9,1,3,2,0.0,0,BB,PRT,Online TA,TA/TO,0,0,0,A,A,0,No Deposit,240.0,0,Transient,105.08,0,0
Resort Hotel,1,103,2015,July,28,9,1,3,2,0.0,0,BB,PRT,Online TA,TA/TO,0,0,0,A,A,0,No Deposit,240.0,0,Transient,65.42,0,0
Resort Hotel,0,14,2015,July,28,9,2,3,2,0.0,0,BB,SWE,Online TA,TA/TO,0,0,0,A,A,0,No Deposit,241.0,0,Transient,75.46,1,1
Resort Hotel,0,77,2015,July,28,9,2,3,2,0.0,0,BB,POL,Offline TA/TO,TA/TO,0,0,0,A,A,0,No Deposit,177.0,0,Transient,65.5,0,0
Resort Hotel,0,90,2015,July,28,9,2,5,2,0.0,0,BB,FRA,Offline TA/TO,TA/TO,0,0,0,A,D,0,No Deposit,6.0,0,Transient,90.95,0,0
Resort Hotel,0,90,2015,July,28,9,2,5,2,0.0,0,BB,GBR,Offline TA/TO,TA/TO,0,0,0,A,A,0,No Deposit,40.0,0,Contract,93.6,0,0
Resort Hotel,0,90,2015,July,28,9,2,5,2,0.0,0,BB,GBR,Offline TA/TO,TA/TO,0,0,0,E,E,0,No Deposit,143.0,0,Contract,119.25,0,0
Resort Hotel,0,366,2015,July,28,9,2,5,2,0.0,0,HB,GBR,Offline TA/TO,TA/TO,0,0,0,E,E,0,No Deposit,40.0,0,Contract,134.73,0,0
Resort Hotel,0,249,2015,July,28,9,2,5,2,0.0,0,HB,PRT,Online TA,TA/TO,0,0,0,A,A,0,No Deposit,240.0,0,Transient,112.0,0,1
Resort Hotel,1,69,2015,July,28,9,2,6,2,0.0,0,HB,PRT,Online TA,TA/TO,0,0,0,A,A,0,No Deposit,240.0,0,Transient,118.13,0,2
Resort Hotel,0,10,2015,July,28,10,0,1,2,0.0,0,BB,USA,Direct,Direct,0,0,0,A,A,0,No Deposit,250.0,0,Transient,131.0,0,0
Resort Hotel,0,22,2015,July,28,10,0,2,2,0.0,0,BB,PRT,Online TA,TA/TO,0,0,0,A,A,0,No Deposit,240.0,0,Transient,88.2,0,0
Resort Hotel,0,91,2015,July,28,10,0,2,2,0.0,0,BB,PRT,Online TA,TA/TO,0,0,0,A,A,0,No Deposit,240.0,0,Transient,73.8,0,1
Resort Hotel,0,23,2015,July,28,10,0,2,2,0.0,0,BB,PRT,Online TA,TA/TO,0,0,0,A,A,0,No Deposit,240.0,0,Transient,98.0,0,0
Resort Hotel,0,11,2015,July,28,10,0,2,2,0.0,0,BB,PRT,Online TA,TA/TO,0,0,0,A,A,0,No Deposit,240.0,0,Transient,110.5,0,1
Resort Hotel,0,3,2015,July,28,10,0,2,2,0.0,0,BB,PRT,Online TA,TA/TO,0,0,0,A,A,0,No Deposit,240.0,0,Transient,131.0,0,1
Resort Hotel,0,108,2015,July,28,10,0,2,2,0.0,0,BB,PRT,Online TA,TA/TO,0,0,0,D,D,1,No Deposit,240.0,0,Transient,87.3,0,2
Resort Hotel,0,91,2015,July,28,10,0,2,2,0.0,0,BB,PRT,Online TA,TA/TO,0,0,0,A,A,0,No Deposit,240.0,0,Transient,73.8,0,1
Resort Hotel,0,37,2015,July,28,10,1,2,2,0.0,0,BB,GBR,Online TA,TA/TO,0,0,0,C,C,0,No Deposit,105.0,0,Transient,120.0,0,1
Resort Hotel,0,21,2015,July,28,10,1,2,2,0.0,0,BB,AUS,Direct,Direct,0,0,0,A,C,0,No Deposit,250.0,0,Transient,98.0,0,1
Resort Hotel,0,106,2015,July,28,10,1,2,2,0.0,0,BB,GBR,Online TA,TA/TO,0,0,0,E,E,0,No Deposit,240.0,0,Transient,96.3,0,2
Resort Hotel,0,30,2015,July,28,10,2,2,2,0.0,0,FB,PRT,Direct,Direct,0,0,0,F,F,0,No Deposit,,0,Transient-Party,197.0,0,1
Resort Hotel,0,30,2015,July,28,10,2,2,2,0.0,0,FB,PRT,Direct,Direct,0,0,0,F,F,0,No Deposit,,0,Transient-Party,197.0,0,1
Resort Hotel,1,51,2015,July,28,10,2,3,2,0.0,0,BB,PRT,Online TA,TA/TO,0,0,0,E,E,0,No Deposit,240.0,0,Transient,123.0,0,0
Resort Hotel,0,79,2015,July,28,10,2,3,2,0.0,0,BB,POL,Online TA,TA/TO,0,0,0,A,A,0,No Deposit,240.0,0,Transient,82.0,0,2
Resort Hotel,0,78,2015,July,28,10,2,5,2,0.0,0,HB,PRT,Online TA,TA/TO,0,0,0,A,A,1,No Deposit,240.0,0,Transient,106.84,1,2
Resort Hotel,0,31,2015,July,28,10,2,5,2,0.0,0,HB,PRT,Direct,Direct,0,0,0,D,D,1,No Deposit,250.0,0,Transient,161.0,1,1
Resort Hotel,0,78,2015,July,28,10,2,5,2,0.0,0,HB,PRT,Online TA,TA/TO,0,0,0,D,D,1,No Deposit,240.0,0,Transient,134.43,0,2
Resort Hotel,0,78,2015,July,28,10,2,5,2,0.0,0,HB,PRT,Online TA,TA/TO,0,0,0,E,E,1,No Deposit,240.0,0,Transient,144.43,1,2
Resort Hotel,0,115,2015,July,28,10,2,7,2,0.0,0,BB,IRL,Online TA,TA/TO,0,0,0,A,A,0,No Deposit,240.0,0,Transient,120.6,0,2
Resort Hotel,0,86,2015,July,28,10,3,7,2,0.0,0,BB,PRT,Online TA,TA/TO,0,0,0,D,D,0,No Deposit,240.0,0,Transient,112.2,0,0
Resort Hotel,0,32,2015,July,28,10,4,9,2,0.0,0,BB,DNK,Online TA,TA/TO,0,0,0,C,C,0,No Deposit,241.0,0,Transient,105.9,0,0
Resort Hotel,0,34,2015,July,28,10,2,5,2,0.0,0,HB,GBR,Online TA,TA/TO,0,0,0,F,F,0,No Deposit,241.0,0,Transient,108.83,0,1
Resort Hotel,0,44,2015,July,28,11,2,3,2,0.0,0,BB,ESP,Online TA,TA/TO,0,0,0,A,A,0,No Deposit,240.0,0,Transient,120.6,0,0
Resort Hotel,1,36,2015,July,28,11,2,4,2,0.0,0,BB,PRT,Online TA,TA/TO,0,0,0,E,E,0,No Deposit,240.0,0,Transient,126.67,0,0
Resort Hotel,0,70,2015,July,28,11,2,4,2,0.0,0,BB,ESP,Online TA,TA/TO,0,0,0,A,A,0,No Deposit,240.0,0,Transient,99.5,1,2
Resort Hotel,0,110,2015,July,28,11,2,5,2,0.0,0,BB,PRT,Direct,Direct,0,0,0,E,E,0,No Deposit,250.0,0,Transient,139.4,0,1
Resort Hotel,1,109,2015,July,28,11,2,5,2,0.0,0,BB,PRT,Online TA,TA/TO,0,0,0,A,A,0,No Deposit,240.0,0,Transient,73.8,0,1
Resort Hotel,0,33,2015,July,28,11,2,2,2,0.0,0,BB,GBR,Online TA,TA/TO,0,0,0,E,E,0,No Deposit,241.0,0,Transient,89.97,0,1
Resort Hotel,0,33,2015,July,28,11,2,2,2,0.0,0,BB,PRT,Online TA,TA/TO,0,0,0,E,E,0,No Deposit,240.0,0,Transient,123.0,0,0
Resort Hotel,0,33,2015,July,28,11,2,2,2,0.0,0,BB,CZE,Online TA,TA/TO,0,0,0,E,E,1,No Deposit,240.0,0,Transient,123.0,0,0
Resort Hotel,0,0,2015,July,28,11,0,1,2,0.0,0,HB,DEU,Online TA,TA/TO,0,0,0,A,A,1,No Deposit,240.0,0,Transient,144.9,0,1
Resort Hotel,0,0,2015,July,28,11,0,1,2,0.0,0,BB,ESP,Direct,Direct,0,0,0,G,G,0,No Deposit,,0,Transient,153.0,0,0
Resort Hotel,0,0,2015,July,28,11,0,1,2,0.0,0,BB,ESP,Online TA,TA/TO,0,0,0,A,A,0,No Deposit,240.0,0,Transient,131.0,0,1
Resort Hotel,0,84,2015,July,28,11,1,1,2,0.0,0,HB,PRT,Corporate,Corporate,0,0,0,A,A,0,No Deposit,,0,Transient,100.0,1,0
Resort Hotel,0,71,2015,July,28,11,1,1,2,0.0,0,BB,ESP,Offline TA/TO,TA/TO,0,0,0,A,A,0,No Deposit,175.0,0,Transient,65.5,0,0
Resort Hotel,0,16,2015,July,28,11,1,1,2,0.0,0,BB,ROU,Online TA,TA/TO,0,0,0,C,C,0,No Deposit,242.0,0,Transient,123.0,0,1
Resort Hotel,0,54,2015,July,28,11,2,1,2,0.0,0,BB,PRT,Online TA,TA/TO,0,0,0,E,F,0,No Deposit,240.0,0,Transient,123.0,0,0
Resort Hotel,0,8,2015,July,28,11,2,1,2,0.0,0,BB,ESP,Online TA,TA/TO,0,0,0,A,A,0,No Deposit,240.0,0,Transient,131.0,0,0
Resort Hotel,0,36,2015,July,28,11,2,5,2,0.0,0,BB,PRT,Offline TA/TO,TA/TO,0,0,0,D,D,0,No Deposit,5.0,0,Transient,104.68,1,0
Resort Hotel,0,40,2015,July,28,11,2,5,2,0.0,0,HB,PRT,Online TA,TA/TO,0,0,0,A,A,0,No Deposit,242.0,0,Transient,166.0,0,0
Resort Hotel,1,59,2015,July,28,11,2,6,2,0.0,0,BB,PRT,Online TA,TA/TO,0,0,0,D,D,0,No Deposit,240.0,0,Transient,111.25,0,2
Resort Hotel,0,32,2015,July,28,11,4,6,2,0.0,0,HB,PRT,Online TA,TA/TO,0,0,0,E,E,1,No Deposit,240.0,0,Transient,178.0,1,0
Resort Hotel,0,110,2015,July,28,11,2,5,2,0.0,0,BB,PRT,Direct,Direct,0,0,0,A,A,0,No Deposit,250.0,0,Transient,113.9,0,1
Resort Hotel,0,33,2015,July,28,11,2,5,2,0.0,0,BB,PRT,Online TA,TA/TO,0,0,0,E,E,0,No Deposit,240.0,0,Transient,129.29,1,0
Resort Hotel,0,2,2015,July,29,12,1,0,2,0.0,0,BB,PRT,Online TA,TA/TO,0,0,0,A,A,0,No Deposit,240.0,0,Transient,98.0,1,2
Resort Hotel,1,72,2015,July,29,12,2,4,2,0.0,0,BB,PRT,Online TA,TA/TO,0,0,0,A,A,0,No Deposit,240.0,0,Transient,93.0,0,2
Resort Hotel,0,12,2015,July,29,12,2,5,2,0.0,0,BB,GBR,Online TA,TA/TO,0,0,0,A,A,0,No Deposit,240.0,0,Transient,132.29,0,0
Resort Hotel,0,48,2015,July,29,12,2,5,2,0.0,0,BB,BRA,Offline TA/TO,TA/TO,0,0,0,D,D,0,No Deposit,243.0,0,Transient,123.0,0,1
Resort Hotel,0,90,2015,July,29,12,2,5,2,0.0,0,FB,PRT,Offline TA/TO,TA/TO,0,0,0,A,A,0,No Deposit,5.0,0,Transient-Party,117.22,0,1
Resort Hotel,0,59,2015,July,29,12,2,5,2,0.0,0,BB,GBR,Offline TA/TO,TA/TO,0,0,0,A,A,0,No Deposit,115.0,0,Contract,107.0,0,0
Resort Hotel,0,116,2015,July,29,12,2,5,2,0.0,0,BB,PRT,Offline TA/TO,TA/TO,0,0,0,E,E,0,No Deposit,40.0,0,Contract,119.25,0,0
Resort Hotel,0,31,2015,July,29,12,2,5,2,0.0,0,BB,GBR,Offline TA/TO,TA/TO,0,0,0,D,D,0,No Deposit,243.0,0,Transient,123.0,0,0
Resort Hotel,1,51,2015,July,29,12,2,5,2,0.0,0,HB,PRT,Online TA,TA/TO,0,0,0,A,A,0,No Deposit,241.0,0,Transient,105.71,0,0
Resort Hotel,0,48,2015,July,29,12,2,5,2,0.0,0,BB,GBR,Offline TA/TO,TA/TO,0,0,0,D,D,0,No Deposit,243.0,0,Transient,123.0,0,1
Resort Hotel,0,59,2015,July,29,12,2,5,2,0.0,0,BB,ESP,Online TA,TA/TO,0,0,0,E,E,0,No Deposit,240.0,0,Transient,144.43,1,2
Resort Hotel,1,97,2015,July,29,12,3,5,2,0.0,0,BB,PRT,Online TA,TA/TO,0,0,0,E,E,0,No Deposit,240.0,0,Transient,126.0,0,1
Resort Hotel,0,12,2015,July,29,12,4,5,2,0.0,0,HB,FRA,Online TA,TA/TO,0,0,0,A,A,0,No Deposit,240.0,0,Transient,148.3,1,2
Resort Hotel,0,64,2015,July,29,12,4,5,2,0.0,0,BB,PRT,Online TA,TA/TO,0,0,0,A,A,0,No Deposit,240.0,0,Transient,125.22,0,1
Resort Hotel,0,31,2015,July,29,12,4,7,2,0.0,0,BB,GBR,Offline TA/TO,TA/TO,0,0,0,D,D,0,No Deposit,243.0,0,Transient,123.0,0,0
Resort Hotel,0,59,2015,July,29,12,4,7,2,0.0,0,HB,GBR,Offline TA/TO,TA/TO,0,0,0,A,A,0,No Deposit,243.0,0,Contract,130.0,1,1
Resort Hotel,0,81,2015,July,29,12,2,5,2,0.0,0,BB,GBR,Offline TA/TO,TA/TO,0,0,0,A,A,0,No Deposit,147.0,0,Transient,78.84,0,0
Resort Hotel,0,1,2015,July,29,12,1,0,2,0.0,0,BB,PRT,Online TA,TA/TO,0,0,0,A,A,0,No Deposit,240.0,0,Transient,80.1,0,0
Resort Hotel,0,13,2015,July,29,12,2,0,2,0.0,0,BB,ESP,Online TA,TA/TO,0,0,0,A,A,0,No Deposit,240.0,0,Transient,88.2,0,0
Resort Hotel,0,40,2015,July,29,12,2,0,2,0.0,0,BB,FRA,Online TA,TA/TO,0,0,0,F,E,0,No Deposit,241.0,0,Transient,90.71,0,0
Resort Hotel,0,1,2015,July,29,12,2,0,2,0.0,0,BB,ESP,Online TA,TA/TO,0,0,0,A,B,0,No Deposit,240.0,0,Transient,114.5,0,1
Resort Hotel,0,34,2015,July,29,12,2,0,2,0.0,0,BB,BEL,Online TA,TA/TO,0,0,0,A,A,0,No Deposit,240.0,0,Transient,120.2,0,1
Resort Hotel,0,88,2015,July,29,12,2,1,2,0.0,0,BB,ITA,Offline TA/TO,TA/TO,0,0,0,D,D,1,No Deposit,8.0,0,Contract,79.5,0,0
Resort Hotel,0,9,2015,July,29,12,2,1,2,0.0,0,BB,ESP,Online TA,TA/TO,0,0,0,A,A,0,No Deposit,240.0,0,Transient,117.9,0,3
Resort Hotel,1,24,2015,July,29,12,2,1,2,0.0,0,HB,PRT,Online TA,TA/TO,0,0,0,A,A,0,No Deposit,240.0,0,Transient,128.0,0,0
Resort Hotel,0,97,2015,July,29,12,2,2,2,0.0,0,BB,FRA,Offline TA/TO,TA/TO,0,0,0,A,D,0,No Deposit,6.0,0,Transient,90.95,0,0
Resort Hotel,0,50,2015,July,29,12,2,3,2,0.0,0,BB,ESP,Offline TA/TO,TA/TO,0,0,0,D,D,0,No Deposit,156.0,0,Contract,123.0,0,0
Resort Hotel,1,47,2015,July,29,12,2,3,2,0.0,0,BB,PRT,Online TA,TA/TO,0,0,0,F,F,0,No Deposit,241.0,0,Transient,103.8,0,0
Resort Hotel,0,34,2015,July,29,12,2,3,2,0.0,0,HB,ESP,Online TA,TA/TO,0,0,0,D,D,0,No Deposit,240.0,0,Transient,149.4,1,0
Resort Hotel,0,47,2015,July,29,13,2,5,2,0.0,0,BB,ESP,Online TA,TA/TO,0,0,0,G,G,0,No Deposit,240.0,0,Transient,175.71,0,0
Resort Hotel,1,79,2015,July,29,13,2,5,2,0.0,0,BB,PRT,Online TA,TA/TO,0,0,0,A,A,0,No Deposit,240.0,0,Transient,100.86,0,1
Resort Hotel,0,91,2015,July,29,13,2,5,2,0.0,0,BB,GBR,Online TA,TA/TO,0,0,0,A,A,0,No Deposit,240.0,0,Transient,100.86,0,0
Resort Hotel,0,98,2015,July,29,13,1,1,2,0.0,0,BB,ESP,Online TA,TA/TO,0,0,0,A,A,0,No Deposit,240.0,0,Transient-Party,82.0,0,3
Resort Hotel,0,109,2015,July,29,13,1,1,2,0.0,0,BB,ESP,Online TA,TA/TO,0,0,0,A,C,0,No Deposit,240.0,0,Transient,73.8,0,1
Resort Hotel,0,0,2015,July,29,13,1,1,2,0.0,0,BB,AUS,Online TA,TA/TO,0,0,0,A,C,0,No Deposit,240.0,0,Transient,117.9,1,0
Resort Hotel,0,98,2015,July,29,13,1,1,2,0.0,0,BB,ESP,Online TA,TA/TO,0,0,0,A,A,0,No Deposit,240.0,0,Transient-Party,82.0,0,3
Resort Hotel,0,9,2015,July,29,13,1,1,2,0.0,0,HB,ESP,Online TA,TA/TO,0,0,0,A,A,0,No Deposit,240.0,0,Transient,161.0,1,2
Resort Hotel,0,62,2015,July,29,13,1,1,2,0.0,0,BB,ESP,Online TA,TA/TO,0,0,0,A,A,0,No Deposit,147.0,0,Transient,64.0,0,2
Resort Hotel,1,45,2015,July,29,13,1,1,2,0.0,0,BB,PRT,Online TA,TA/TO,0,0,0,E,E,0,No Deposit,240.0,0,Transient,123.0,0,0
Resort Hotel,0,42,2015,July,29,13,1,2,2,0.0,0,BB,USA,Online TA,TA/TO,0,0,0,D,E,0,No Deposit,240.0,0,Transient,110.0,1,0
Resort Hotel,0,54,2015,July,29,13,1,2,2,0.0,0,BB,PRT,Online TA,TA/TO,0,0,0,A,A,0,No Deposit,240.0,0,Transient,88.2,1,1
Resort Hotel,0,51,2015,July,29,13,1,2,2,0.0,0,HB,ESP,Online TA,TA/TO,0,0,0,A,A,0,No Deposit,240.0,0,Transient,130.0,1,0
Resort Hotel,0,54,2015,July,29,13,1,2,2,0.0,0,BB,PRT,Online TA,TA/TO,0,0,0,A,A,0,No Deposit,240.0,0,Transient,88.2,0,1
Resort Hotel,0,58,2015,July,29,13,1,2,2,0.0,0,HB,ESP,Direct,Direct,0,0,0,E,F,2,No Deposit,250.0,0,Transient,165.0,1,1
Resort Hotel,1,60,2015,July,29,13,1,4,2,0.0,0,BB,PRT,Offline TA/TO,TA/TO,0,0,0,D,D,0,No Deposit,15.0,0,Transient,79.5,0,0
Resort Hotel,1,321,2015,July,29,13,1,4,2,0.0,0,HB,PRT,Direct,TA/TO,0,0,0,A,A,0,No Deposit,240.0,0,Transient,132.8,0,1
Resort Hotel,0,40,2015,July,29,13,1,4,2,0.0,0,BB,ESP,Direct,Direct,0,0,0,D,D,0,No Deposit,250.0,0,Transient,120.0,0,2
Resort Hotel,1,51,2015,July,29,13,1,4,2,0.0,0,BB,PRT,Offline TA/TO,TA/TO,0,0,0,D,D,0,No Deposit,156.0,0,Contract,79.5,0,0
Resort Hotel,0,38,2015,July,29,13,1,4,2,0.0,0,BB,PRT,Direct,Direct,0,0,0,D,E,0,No Deposit,,0,Transient,120.0,0,0
Resort Hotel,1,75,2015,July,29,13,1,4,2,0.0,0,HB,PRT,Online TA,TA/TO,0,0,0,D,D,0,No Deposit,240.0,0,Transient,144.2,0,1
Resort Hotel,0,101,2015,July,29,13,1,4,2,0.0,0,BB,PRT,Online TA,TA/TO,0,0,0,A,A,0,No Deposit,240.0,0,Transient,107.2,0,0
Resort Hotel,1,42,2015,July,29,13,1,4,2,0.0,0,BB,PRT,Online TA,TA/TO,0,0,0,D,D,0,No Deposit,240.0,0,Transient,120.0,0,0
Resort Hotel,0,40,2015,July,29,13,1,4,2,0.0,0,BB,ESP,Direct,Direct,0,0,0,D,D,0,No Deposit,250.0,0,Transient,120.0,0,2
Resort Hotel,1,81,2015,July,29,13,1,5,2,0.0,0,BB,PRT,Online TA,TA/TO,0,0,0,A,A,0,No Deposit,240.0,0,Transient,98.5,0,2
Resort Hotel,1,98,2015,July,29,13,1,5,2,0.0,0,HB,PRT,Online TA,TA/TO,0,0,0,A,A,0,No Deposit,240.0,0,Transient,130.5,0,0
Resort Hotel,0,72,2015,July,29,13,1,5,2,0.0,0,BB,FRA,Online TA,TA/TO,0,0,0,A,A,0,No Deposit,240.0,0,Transient,98.5,0,2
Resort Hotel,0,115,2015,July,29,13,2,5,2,0.0,0,HB,PRT,Offline TA/TO,TA/TO,0,0,0,A,A,0,No Deposit,134.0,0,Transient-Party,119.7,0,2
Resort Hotel,0,118,2015,July,29,13,2,5,2,0.0,0,FB,PRT,Direct,Direct,0,0,0,D,D,0,No Deposit,250.0,0,Transient,184.6,0,1
Resort Hotel,1,95,2015,July,29,13,2,5,2,0.0,0,BB,PRT,Online TA,TA/TO,0,0,0,A,A,0,No Deposit,240.0,0,Transient,100.86,0,1
Resort Hotel,0,16,2015,July,29,13,1,0,2,0.0,0,BB,ROU,Online TA,TA/TO,0,0,0,A,A,0,No Deposit,240.0,0,Transient,100.2,1,3
Resort Hotel,0,56,2015,July,29,13,1,3,2,0.0,0,HB,ESP,Online TA,TA/TO,0,0,0,A,A,1,No Deposit,240.0,0,Transient,134.25,1,0
Resort Hotel,0,88,2015,July,29,13,3,5,2,0.0,0,BB,FIN,Offline TA/TO,TA/TO,0,0,0,A,A,0,No Deposit,8.0,0,Contract,96.3,0,0
Resort Hotel,0,41,2015,July,29,13,3,6,2,0.0,0,BB,GBR,Online TA,TA/TO,0,0,0,D,D,0,No Deposit,147.0,0,Transient,83.09,0,2
Resort Hotel,1,40,2015,July,29,14,0,1,2,0.0,0,BB,PRT,Offline TA/TO,TA/TO,0,0,0,D,D,0,No Deposit,171.0,0,Transient,105.5,0,0
Resort Hotel,0,1,2015,July,29,14,0,1,2,0.0,0,BB,PRT,Online TA,TA/TO,0,0,0,A,A,2,No Deposit,240.0,0,Transient,8.0,0,1
Resort Hotel,0,1,2015,July,29,14,0,2,2,0.0,0,BB,PRT,Online TA,TA/TO,0,0,0,D,D,1,No Deposit,240.0,0,Transient,146.0,1,1
Resort Hotel,1,76,2015,July,29,14,0,4,2,0.0,0,BB,PRT,Online TA,TA/TO,0,0,0,E,E,0,No Deposit,240.0,0,Transient,126.0,0,2
Resort Hotel,0,0,2015,July,29,14,0,4,2,0.0,0,BB,ESP,Online TA,TA/TO,0,0,0,A,C,0,No Deposit,240.0,0,Transient,111.15,0,1
Resort Hotel,0,49,2015,July,29,14,0,5,2,0.0,0,BB,POL,Online TA,TA/TO,0,0,0,E,F,1,No Deposit,240.0,0,Transient,136.2,0,2
Resort Hotel,0,76,2015,July,29,14,0,5,2,0.0,0,BB,PRT,Direct,Direct,0,0,0,A,A,0,No Deposit,250.0,0,Transient,101.8,0,0
Resort Hotel,0,73,2015,July,29,14,1,5,2,0.0,0,HB,PRT,Direct,Direct,0,0,0,A,A,0,No Deposit,,0,Transient-Party,127.0,0,1
Resort Hotel,0,6,2015,July,29,14,2,5,2,0.0,0,HB,ESP,Online TA,TA/TO,0,0,0,A,A,0,No Deposit,240.0,0,Transient,180.0,1,2
Resort Hotel,0,8,2015,July,29,14,2,5,2,0.0,0,HB,ESP,Online TA,TA/TO,0,0,0,A,A,1,No Deposit,240.0,0,Transient,168.57,0,1
Resort Hotel,1,96,2015,July,29,14,2,7,2,0.0,0,BB,PRT,Offline TA/TO,TA/TO,0,0,0,A,A,0,No Deposit,242.0,0,Transient,107.67,0,1
Resort Hotel,1,96,2015,July,29,14,2,7,2,0.0,0,BB,PRT,Online TA,TA/TO,0,0,0,A,A,0,No Deposit,240.0,0,Transient,96.9,0,1
Resort Hotel,0,99,2015,July,29,14,2,7,2,0.0,0,BB,IRL,Direct,Direct,0,0,0,A,A,0,No Deposit,,0,Transient,107.0,0,1
Resort Hotel,0,66,2015,July,29,14,2,9,2,0.0,0,BB,IRL,Online TA,TA/TO,0,0,0,A,B,0,No Deposit,147.0,0,Transient,73.41,0,0
Resort Hotel,0,38,2015,July,29,14,4,10,2,0.0,0,HB,SWE,Online TA,TA/TO,0,0,0,D,D,0,No Deposit,241.0,0,Transient,109.9,0,2
Resort Hotel,0,38,2015,July,29,14,4,10,2,0.0,0,HB,SWE,Online TA,TA/TO,0,0,0,D,D,1,No Deposit,241.0,0,Transient,109.9,0,2
Resort Hotel,1,62,2015,July,29,15,0,3,2,0.0,0,HB,PRT,Offline TA/TO,TA/TO,0,0,0,A,A,0,No Deposit,171.0,0,Transient,91.5,0,0
Resort Hotel,1,39,2015,July,29,15,0,3,2,0.0,0,BB,PRT,Online TA,TA/TO,0,0,0,D,D,0,No Deposit,240.0,0,Transient,132.44,0,0
Resort Hotel,0,37,2015,July,29,15,2,4,2,0.0,0,HB,POL,Online TA,TA/TO,0,0,0,D,D,0,No Deposit,241.0,0,Transient,106.9,0,0
Resort Hotel,1,58,2015,July,29,15,2,5,2,0.0,0,BB,PRT,Online TA,TA/TO,0,0,0,D,D,0,No Deposit,240.0,0,Transient,131.86,0,0
Resort Hotel,0,57,2015,July,29,15,0,2,2,0.0,0,FB,PRT,Groups,Direct,0,0,0,A,C,0,No Deposit,305.0,0,Transient-Party,107.0,0,0
Resort Hotel,0,57,2015,July,29,15,0,2,2,0.0,0,FB,PRT,Groups,Direct,0,0,0,A,A,0,No Deposit,305.0,0,Transient-Party,107.0,0,0
Resort Hotel,0,57,2015,July,29,15,0,2,2,0.0,0,FB,PRT,Groups,Direct,0,0,0,A,A,0,No Deposit,305.0,0,Transient-Party,107.0,0,0
Resort Hotel,0,57,2015,July,29,15,0,2,2,0.0,0,FB,PRT,Groups,Direct,0,0,0,A,C,0,No Deposit,305.0,0,Transient-Party,107.0,0,0
Resort Hotel,0,57,2015,July,29,15,0,2,2,0.0,0,FB,PRT,Groups,Direct,0,0,0,A,D,0,No Deposit,305.0,0,Transient,107.0,0,0
Resort Hotel,0,57,2015,July,29,15,0,2,2,0.0,0,FB,PRT,Groups,Direct,0,0,0,A,A,0,No Deposit,305.0,0,Transient,107.0,0,0
Resort Hotel,1,57,2015,July,29,15,0,2,2,0.0,0,FB,PRT,Groups,Direct,0,0,0,A,A,0,No Deposit,305.0,0,Transient-Party,0.0,0,0
Resort Hotel,0,57,2015,July,29,15,0,2,2,0.0,0,FB,PRT,Groups,Direct,0,0,0,A,C,0,No Deposit,305.0,0,Transient-Party,98.75,0,0
Resort Hotel,0,57,2015,July,29,15,0,2,2,0.0,0,FB,PRT,Groups,Direct,0,0,0,A,D,0,No Deposit,305.0,0,Transient,107.0,0,0
Resort Hotel,0,57,2015,July,29,15,0,2,2,0.0,0,FB,PRT,Groups,Direct,0,0,0,A,D,0,No Deposit,305.0,0,Transient,107.0,0,0
Resort Hotel,0,57,2015,July,29,15,0,2,2,0.0,0,FB,PRT,Groups,Direct,0,0,0,A,A,0,No Deposit,305.0,0,Transient-Party,107.0,0,0
Resort Hotel,0,57,2015,July,29,15,0,2,2,0.0,0,FB,PRT,Groups,Direct,0,0,0,A,A,0,No Deposit,305.0,0,Transient,107.0,0,0
Resort Hotel,0,57,2015,July,29,15,0,2,2,0.0,0,FB,PRT,Groups,Direct,0,0,0,A,A,0,No Deposit,305.0,0,Transient,107.0,0,0
Resort Hotel,0,57,2015,July,29,15,0,2,2,0.0,0,FB,PRT,Groups,Direct,0,0,0,A,A,0,No Deposit,305.0,0,Transient-Party,107.0,0,0
Resort Hotel,0,57,2015,July,29,15,0,2,2,0.0,0,FB,PRT,Groups,Direct,0,0,0,A,C,0,No Deposit,305.0,0,Transient-Party,98.75,0,0
Resort Hotel,0,13,2015,July,29,16,0,2,2,0.0,0,BB,DNK,Online TA,TA/TO,0,0,0,A,D,0,No Deposit,240.0,0,Transient,120.6,0,1
Resort Hotel,0,50,2015,July,29,16,0,1,2,0.0,0,BB,FIN,Online TA,TA/TO,0,0,0,F,F,0,No Deposit,241.0,0,Transient,123.2,0,0
Resort Hotel,1,0,2015,July,29,16,0,1,2,0.0,0,BB,PRT,Online TA,TA/TO,0,0,0,F,F,0,No Deposit,241.0,0,Transient,123.2,0,0
Resort Hotel,1,66,2015,July,29,16,0,2,2,0.0,0,BB,PRT,Online TA,TA/TO,0,0,0,A,A,0,No Deposit,240.0,0,Transient,103.5,0,1
Resort Hotel,0,66,2015,July,29,16,0,2,2,0.0,0,BB,DNK,Online TA,TA/TO,0,0,0,A,A,0,No Deposit,240.0,0,Transient,103.5,0,1
Resort Hotel,0,10,2015,July,29,16,0,3,2,0.0,0,BB,ESP,Direct,Direct,0,0,0,D,D,0,No Deposit,250.0,0,Transient,184.0,1,0
Resort Hotel,1,10,2015,July,29,16,0,3,2,0.0,0,BB,PRT,Direct,Direct,0,0,0,A,A,0,No Deposit,250.0,0,Transient,134.0,0,0
Resort Hotel,1,58,2015,July,29,16,0,3,2,0.0,0,HB,PRT,Online TA,TA/TO,0,0,0,A,A,0,No Deposit,240.0,0,Transient,147.0,0,0
Resort Hotel,1,17,2015,July,29,16,0,3,2,0.0,0,HB,PRT,Online TA,TA/TO,0,0,0,A,A,0,No Deposit,240.0,0,Transient,151.33,0,0
Resort Hotel,0,19,2015,July,29,16,0,3,2,0.0,0,BB,ESP,Online TA,TA/TO,0,0,0,A,D,0,No Deposit,240.0,0,Transient,121.33,0,1
Resort Hotel,0,10,2015,July,29,16,2,3,2,0.0,0,BB,IRL,Direct,Direct,0,0,0,D,D,0,No Deposit,250.0,0,Transient-Party,150.2,0,1
Resort Hotel,1,12,2015,July,29,16,2,3,2,0.0,0,BB,PRT,Direct,Direct,0,0,0,E,E,0,No Deposit,,0,Transient,139.0,0,0
Resort Hotel,0,63,2015,July,29,16,1,3,2,0.0,0,BB,PRT,Online TA,TA/TO,0,0,0,A,F,0,No Deposit,147.0,0,Transient,75.44,0,1
Resort Hotel,1,35,2015,July,29,16,1,3,2,0.0,0,BB,PRT,Online TA,TA/TO,0,0,0,D,D,0,No Deposit,240.0,0,Transient,135.0,0,0
Resort Hotel,0,113,2015,July,29,16,2,4,2,0.0,0,HB,PRT,Online TA,TA/TO,0,0,0,A,A,0,No Deposit,240.0,0,Transient,166.0,0,1
Resort Hotel,1,35,2015,July,29,16,2,4,2,0.0,0,BB,PRT,Online TA,TA/TO,0,0,0,D,D,0,No Deposit,240.0,0,Transient,135.0,0,0
Resort Hotel,0,68,2015,July,29,16,2,5,2,0.0,0,HB,GBR,Offline TA/TO,TA/TO,0,0,0,A,A,0,No Deposit,243.0,0,Contract,130.0,0,0
Resort Hotel,0,113,2015,July,29,16,2,6,2,0.0,0,BB,PRT,Offline TA/TO,TA/TO,0,0,0,A,A,1,No Deposit,67.0,0,Transient,96.3,0,0
Resort Hotel,0,6,2015,July,29,17,0,0,2,0.0,0,BB,PRT,Online TA,TA/TO,0,0,0,A,A,0,No Deposit,240.0,0,Transient,0.0,0,1
Resort Hotel,0,7,2015,July,29,17,0,2,2,0.0,0,BB,PRT,Direct,Direct,0,0,0,A,F,0,No Deposit,,0,Transient,127.25,0,1
Resort Hotel,0,17,2015,July,29,17,0,2,2,0.0,0,BB,PRT,Online TA,TA/TO,0,0,0,E,F,0,No Deposit,240.0,0,Transient,164.0,0,2
Resort Hotel,0,1,2015,July,29,17,0,2,2,0.0,0,BB,PRT,Online TA,TA/TO,0,0,0,D,E,0,No Deposit,240.0,0,Transient,144.5,0,0
Resort Hotel,0,2,2015,July,29,17,0,2,2,0.0,0,BB,PRT,Offline TA/TO,TA/TO,0,0,0,A,A,0,No Deposit,196.0,0,Transient,112.0,0,0
Resort Hotel,1,15,2015,July,29,17,0,2,2,0.0,0,BB,PRT,Online TA,TA/TO,0,0,0,A,A,0,No Deposit,240.0,0,Transient,134.0,0,1
Resort Hotel,1,7,2015,July,29,17,0,2,2,0.0,0,BB,PRT,Direct,Direct,0,0,0,A,A,0,No Deposit,,0,Transient,127.25,0,1
Resort Hotel,0,11,2015,July,29,17,0,2,2,0.0,0,BB,ESP,Online TA,TA/TO,0,0,0,A,D,0,No Deposit,240.0,0,Transient,155.5,1,0
Resort Hotel,1,6,2015,July,29,17,0,2,2,0.0,0,BB,PRT,Online TA,TA/TO,0,0,0,A,C,0,No Deposit,241.0,0,Transient,110.5,0,1
Resort Hotel,0,1,2015,July,29,17,0,2,2,0.0,0,BB,PRT,Direct,Direct,0,0,0,D,D,0,No Deposit,,0,Transient,144.5,0,0
Resort Hotel,0,1,2015,July,29,17,0,2,2,0.0,0,BB,ESP,Direct,Direct,0,0,0,D,E,0,No Deposit,250.0,0,Transient,144.5,0,0
Resort Hotel,0,48,2015,July,29,17,0,2,2,0.0,0,BB,PRT,Offline TA/TO,TA/TO,0,0,0,D,F,0,No Deposit,196.0,0,Transient,123.0,0,0
Resort Hotel,0,15,2015,July,29,17,0,2,2,0.0,0,BB,PRT,Online TA,TA/TO,0,0,0,A,E,0,No Deposit,240.0,0,Transient,120.6,0,1
Resort Hotel,1,23,2015,July,29,17,1,2,2,0.0,0,BB,PRT,Online TA,TA/TO,0,0,0,A,A,0,No Deposit,240.0,0,Transient,120.6,0,1
Resort Hotel,0,53,2015,July,29,17,2,3,2,0.0,0,BB,PRT,Offline TA/TO,TA/TO,0,0,0,A,A,0,No Deposit,152.0,0,Transient-Party,107.0,0,0
Resort Hotel,0,94,2015,July,29,17,2,3,2,0.0,0,BB,ESP,Direct,Direct,0,0,0,A,D,0,No Deposit,250.0,0,Transient,103.5,0,0
Resort Hotel,0,53,2015,July,29,17,2,3,2,0.0,0,BB,PRT,Offline TA/TO,TA/TO,0,0,0,A,A,0,No Deposit,152.0,0,Transient-Party,107.0,0,0
Resort Hotel,0,53,2015,July,29,17,2,3,2,0.0,0,BB,PRT,Offline TA/TO,TA/TO,0,0,0,A,A,0,No Deposit,152.0,0,Transient-Party,107.0,1,0
Resort Hotel,0,24,2015,July,29,17,2,4,2,0.0,0,BB,PRT,Online TA,TA/TO,0,0,0,E,E,0,No Deposit,240.0,0,Transient,164.0,0,0
Resort Hotel,0,53,2015,July,29,17,2,5,2,0.0,0,BB,IRL,Online TA,TA/TO,0,0,0,A,D,1,No Deposit,240.0,0,Transient,125.0,0,2
Resort Hotel,0,90,2015,July,29,17,2,5,2,0.0,0,HB,PRT,Online TA,TA/TO,0,0,0,A,A,1,No Deposit,240.0,0,Transient,132.3,0,3
Resort Hotel,0,79,2015,July,29,17,2,5,2,0.0,0,BB,PRT,Online TA,TA/TO,0,0,0,E,E,0,No Deposit,240.0,0,Transient,145.0,0,2
Resort Hotel,0,43,2015,July,29,17,2,5,2,0.0,0,BB,GBR,Offline TA/TO,TA/TO,0,0,0,A,A,0,No Deposit,142.0,0,Transient,92.0,0,0
Resort Hotel,0,90,2015,July,29,17,2,5,2,0.0,0,HB,PRT,Online TA,TA/TO,0,0,0,A,A,1,No Deposit,240.0,0,Transient,132.3,0,3
Resort Hotel,0,65,2015,July,29,17,2,6,2,0.0,0,HB,ESP,Online TA,TA/TO,0,0,0,A,A,0,No Deposit,240.0,0,Transient,147.0,0,2
Resort Hotel,0,65,2015,July,29,17,2,6,2,0.0,0,HB,ESP,Online TA,TA/TO,0,0,0,D,D,0,No Deposit,240.0,0,Transient,167.0,1,2
Resort Hotel,0,25,2015,July,29,17,3,7,2,0.0,0,HB,ESP,Direct,Direct,0,0,0,F,F,1,No Deposit,,0,Transient,194.9,0,2
Resort Hotel,0,92,2015,July,29,17,1,2,2,0.0,0,BB,MOZ,Online TA,TA/TO,0,0,0,A,A,3,No Deposit,240.0,0,Transient,103.5,1,3
Resort Hotel,0,6,2015,July,29,17,1,2,2,0.0,0,BB,GBR,Offline TA/TO,TA/TO,0,0,0,D,D,0,No Deposit,142.0,0,Contract,128.27,0,0
Resort Hotel,0,38,2015,July,29,17,1,2,2,0.0,0,BB,ESP,Online TA,TA/TO,0,0,0,D,D,0,No Deposit,240.0,0,Transient,135.0,0,0
Resort Hotel,0,13,2015,July,29,17,1,2,2,0.0,0,BB,DEU,Online TA,TA/TO,0,0,0,A,A,0,No Deposit,240.0,0,Transient,126.3,0,2
Resort Hotel,1,32,2015,July,29,17,1,2,2,0.0,0,BB,PRT,Online TA,TA/TO,0,0,0,D,D,0,No Deposit,240.0,0,Transient,154.0,0,0
Resort Hotel,0,315,2015,July,29,17,1,2,2,0.0,0,BB,IRL,Offline TA/TO,TA/TO,0,0,0,A,D,0,No Deposit,171.0,0,Transient,96.3,0,0
Resort Hotel,0,8,2015,July,29,17,1,2,2,0.0,0,BB,GBR,Online TA,TA/TO,0,0,0,A,D,0,No Deposit,240.0,0,Transient,126.3,0,2
Resort Hotel,1,0,2015,July,29,17,0,1,2,0.0,0,BB,PRT,Direct,Direct,0,0,0,L,C,0,No Deposit,,0,Transient,136.0,0,0
Resort Hotel,0,3,2015,July,29,17,1,2,2,0.0,0,BB,ESP,Online TA,TA/TO,0,0,0,A,C,0,No Deposit,240.0,0,Transient,116.33,1,1
Resort Hotel,0,19,2015,July,29,18,2,1,2,0.0,0,BB,ESP,Online TA,TA/TO,0,0,0,D,F,0,No Deposit,240.0,0,Transient,147.67,0,2
Resort Hotel,0,25,2015,July,29,18,2,4,2,0.0,0,BB,PRT,Direct,Direct,0,0,0,E,E,0,No Deposit,250.0,0,Transient,145.0,0,0
Resort Hotel,0,45,2015,July,29,18,2,5,2,0.0,0,HB,PRT,Online TA,TA/TO,0,0,0,D,D,0,No Deposit,240.0,0,Transient,167.0,0,0
Resort Hotel,0,64,2015,July,29,18,2,5,2,0.0,0,BB,PRT,Direct,Direct,0,0,0,E,E,0,No Deposit,,0,Transient,137.75,1,1
Resort Hotel,0,44,2015,July,29,18,2,2,2,0.0,0,BB,PRT,Direct,Direct,0,0,0,E,E,1,No Deposit,250.0,0,Transient,145.0,0,0
Resort Hotel,0,26,2015,July,29,18,2,2,2,0.0,0,BB,PRT,Online TA,TA/TO,0,0,0,A,A,0,No Deposit,240.0,0,Transient,132.6,1,0
Resort Hotel,1,96,2015,July,29,18,2,2,2,0.0,0,HB,PRT,Online TA,TA/TO,0,0,0,A,A,0,No Deposit,240.0,0,Transient,147.0,0,0
Resort Hotel,0,59,2015,July,29,18,2,3,2,0.0,0,BB,PRT,Offline TA/TO,TA/TO,0,0,0,E,E,0,No Deposit,8.0,0,Contract,132.5,0,0
Resort Hotel,0,28,2015,July,29,18,2,3,2,0.0,0,BB,GBR,Online TA,TA/TO,0,0,0,A,A,0,No Deposit,241.0,0,Transient,98.02,0,1
Resort Hotel,0,1,2015,July,29,18,0,1,2,0.0,0,BB,PRT,Direct,Direct,0,0,0,D,D,0,No Deposit,,0,Transient,173.0,0,1
Resort Hotel,0,44,2015,July,29,18,2,5,2,0.0,0,HB,ESP,Online TA,TA/TO,0,0,0,E,E,0,No Deposit,240.0,0,Transient,177.0,1,0
Resort Hotel,0,95,2015,July,29,18,2,5,2,0.0,0,FB,PRT,Offline TA/TO,TA/TO,0,0,0,A,A,0,No Deposit,5.0,0,Transient,153.73,1,0
Resort Hotel,0,94,2015,July,29,18,2,5,2,0.0,0,BB,PRT,Direct,Direct,0,0,0,A,D,0,No Deposit,250.0,0,Transient,115.0,0,1
Resort Hotel,1,40,2015,July,29,18,2,5,2,0.0,0,HB,PRT,Offline TA/TO,TA/TO,0,0,0,D,D,0,No Deposit,196.0,0,Transient,127.03,0,2
Resort Hotel,0,64,2015,July,29,18,2,5,2,0.0,0,BB,PRT,Direct,Direct,0,0,0,D,D,0,No Deposit,,0,Transient,128.25,0,1
Resort Hotel,0,64,2015,July,29,18,2,5,2,0.0,0,BB,PRT,Direct,Direct,0,0,0,D,D,0,No Deposit,,0,Transient,128.25,0,1
Resort Hotel,0,94,2015,July,29,18,2,5,2,0.0,0,BB,PRT,Direct,Direct,0,0,0,A,D,0,No Deposit,250.0,0,Transient,115.0,0,1
Resort Hotel,0,57,2015,July,29,18,2,6,2,0.0,0,HB,ESP,Offline TA/TO,TA/TO,0,0,0,A,A,0,No Deposit,196.0,0,Transient,135.0,0,1
Resort Hotel,1,60,2015,July,29,18,2,6,2,0.0,0,HB,PRT,Online TA,TA/TO,0,0,0,D,D,0,No Deposit,240.0,0,Transient,167.0,0,0
Resort Hotel,0,57,2015,July,29,18,2,6,2,0.0,0,HB,ESP,Offline TA/TO,TA/TO,0,0,0,A,A,0,No Deposit,196.0,0,Transient,135.0,0,1
Resort Hotel,0,87,2015,July,29,18,4,10,2,0.0,0,BB,IRL,Online TA,TA/TO,0,0,0,A,A,0,No Deposit,240.0,0,Transient,124.5,0,0
Resort Hotel,0,0,2015,July,30,19,1,0,2,0.0,0,BB,PRT,Direct,Direct,0,0,0,A,A,0,No Deposit,,0,Transient,98.0,0,0
Resort Hotel,0,0,2015,July,30,19,1,0,2,0.0,0,BB,PRT,Online TA,TA/TO,0,0,0,A,A,0,No Deposit,240.0,0,Group,98.0,1,0
Resort Hotel,0,6,2015,July,30,19,1,0,2,0.0,0,BB,NLD,Direct,Direct,0,0,0,D,D,0,No Deposit,250.0,0,Transient,135.0,0,0
Resort Hotel,0,0,2015,July,30,19,1,0,2,0.0,0,BB,PRT,Online TA,TA/TO,0,0,0,A,A,0,No Deposit,,0,Group,88.2,0,0
Resort Hotel,0,19,2015,July,30,19,1,0,2,0.0,0,BB,PRT,Online TA,TA/TO,0,0,0,A,A,0,No Deposit,240.0,0,Transient,120.6,1,1
Resort Hotel,0,4,2015,July,30,19,2,0,2,0.0,0,BB,PRT,Online TA,TA/TO,0,0,0,E,E,0,No Deposit,240.0,0,Transient,154.5,1,2
Resort Hotel,1,59,2015,July,30,19,2,1,2,0.0,0,BB,PRT,Online TA,TA/TO,0,0,0,E,E,0,No Deposit,240.0,0,Transient,145.0,0,0
Resort Hotel,0,44,2015,July,30,19,2,2,2,0.0,0,BB,PRT,Direct,Direct,0,0,0,A,A,0,No Deposit,,0,Transient,92.0,0,0
Resort Hotel,1,37,2015,July,30,19,2,2,2,0.0,0,BB,PRT,Online TA,TA/TO,0,0,0,D,D,0,No Deposit,240.0,0,Transient,154.0,0,0
Resort Hotel,0,66,2015,July,30,19,2,3,2,0.0,0,BB,PRT,Direct,Direct,0,0,0,A,A,0,No Deposit,,0,Transient,115.0,0,1
Resort Hotel,1,62,2015,July,30,19,2,5,2,0.0,0,HB,PRT,Offline TA/TO,TA/TO,0,0,0,E,E,0,No Deposit,261.0,0,Transient,158.5,0,1
Resort Hotel,1,60,2015,July,30,19,2,5,2,0.0,0,BB,PRT,Online TA,TA/TO,0,0,0,A,A,0,No Deposit,240.0,0,Transient,117.71,0,0
Resort Hotel,0,104,2015,July,30,19,2,5,2,0.0,0,BB,GBR,Offline TA/TO,TA/TO,0,0,0,D,D,0,No Deposit,115.0,0,Contract,123.0,0,1
Resort Hotel,1,62,2015,July,30,19,2,5,2,0.0,0,HB,PRT,Offline TA/TO,TA/TO,0,0,0,E,E,0,No Deposit,261.0,0,Transient,158.5,0,1
Resort Hotel,0,117,2015,July,30,19,2,5,2,0.0,0,BB,RUS,Online TA,TA/TO,0,0,0,A,A,1,No Deposit,240.0,0,Transient,117.84,0,2
Resort Hotel,1,31,2015,July,30,19,2,5,2,0.0,0,BB,PRT,Online TA,TA/TO,0,0,0,D,D,0,No Deposit,240.0,0,Transient,154.0,0,0
Resort Hotel,0,34,2015,July,30,19,2,5,2,0.0,0,BB,IRL,Offline TA/TO,TA/TO,0,0,0,D,D,0,No Deposit,156.0,0,Transient,116.85,0,0
Resort Hotel,1,104,2015,July,30,19,2,4,2,0.0,0,BB,PRT,Online TA,TA/TO,0,0,0,A,A,0,No Deposit,240.0,0,Transient,115.0,0,2
Resort Hotel,0,104,2015,July,30,19,2,5,2,0.0,0,BB,GBR,Offline TA/TO,TA/TO,0,0,0,D,D,0,No Deposit,115.0,0,Contract,123.0,0,1
Resort Hotel,0,32,2015,July,30,19,2,5,2,0.0,0,BB,IRL,Offline TA/TO,TA/TO,0,0,0,D,D,0,No Deposit,156.0,0,Transient,123.0,0,0
Resort Hotel,0,29,2015,July,30,19,4,6,2,0.0,0,BB,GBR,Offline TA/TO,TA/TO,0,0,0,C,C,0,No Deposit,142.0,0,Contract,135.2,0,0
Resort Hotel,0,30,2015,July,30,19,4,10,2,0.0,0,BB,GBR,Offline TA/TO,TA/TO,0,0,0,D,D,0,No Deposit,243.0,0,Transient,123.0,0,2
Resort Hotel,0,0,2015,July,30,20,0,0,2,0.0,0,BB,PRT,Online TA,TA/TO,0,0,0,A,I,0,No Deposit,241.0,0,Transient,0.0,0,1
Resort Hotel,0,63,2015,July,30,20,1,3,2,0.0,0,BB,PRT,Online TA,TA/TO,0,0,0,A,D,0,No Deposit,240.0,0,Transient,115.0,0,0
Resort Hotel,0,68,2015,July,30,20,1,3,2,0.0,0,BB,POL,Online TA,TA/TO,0,0,0,A,C,3,No Deposit,240.0,0,Transient,103.5,1,2
Resort Hotel,0,96,2015,July,30,20,1,3,2,0.0,0,HB,PRT,Direct,Direct,0,0,0,A,A,0,No Deposit,250.0,0,Transient,157.0,1,0
Resort Hotel,1,41,2015,July,30,20,1,3,2,0.0,0,BB,PRT,Online TA,TA/TO,0,0,0,D,D,0,No Deposit,240.0,0,Transient,135.0,0,1
Resort Hotel,0,46,2015,July,30,20,1,3,2,0.0,0,BB,NOR,Online TA,TA/TO,0,0,0,E,E,0,No Deposit,241.0,0,Transient,111.65,0,0
Resort Hotel,1,41,2015,July,30,20,1,3,2,0.0,0,BB,PRT,Online TA,TA/TO,0,0,0,D,D,0,No Deposit,240.0,0,Transient,135.0,0,1
Resort Hotel,0,41,2015,July,30,20,1,4,2,0.0,0,BB,ESP,Offline TA/TO,TA/TO,0,0,0,A,A,0,No Deposit,175.0,0,Transient,104.0,0,0
Resort Hotel,1,69,2015,July,30,20,1,4,2,0.0,0,BB,PRT,Online TA,TA/TO,0,0,0,D,D,0,No Deposit,240.0,0,Transient,135.0,0,0
Resort Hotel,0,52,2015,July,30,20,1,5,2,0.0,0,HB,PRT,Direct,Direct,0,0,0,A,D,0,No Deposit,250.0,0,Transient,133.17,0,0
Resort Hotel,1,41,2015,July,30,20,1,5,2,0.0,0,BB,PRT,Online TA,TA/TO,0,0,0,D,D,1,No Deposit,240.0,0,Transient,141.33,0,1
Resort Hotel,0,89,2015,July,30,20,2,5,2,0.0,0,BB,GBR,Offline TA/TO,TA/TO,0,0,0,E,E,0,No Deposit,241.0,0,Transient,121.01,0,1
Resort Hotel,0,42,2015,July,30,20,2,5,2,0.0,0,FB,ESP,Offline TA/TO,TA/TO,0,0,0,A,A,0,No Deposit,175.0,0,Transient,148.34,0,0
Resort Hotel,0,62,2015,July,30,20,2,5,2,0.0,0,HB,ESP,Online TA,TA/TO,0,0,0,D,D,1,No Deposit,240.0,0,Transient,167.0,0,1
Resort Hotel,1,118,2015,July,30,20,2,5,2,0.0,0,BB,PRT,Online TA,TA/TO,0,0,0,G,G,0,No Deposit,240.0,0,Transient,179.1,0,1
Resort Hotel,1,52,2015,July,30,20,3,6,2,0.0,0,HB,PRT,Offline TA/TO,TA/TO,0,0,0,A,A,0,No Deposit,142.0,0,Transient,92.0,0,0
Resort Hotel,1,49,2015,July,30,20,3,6,2,0.0,0,FB,PRT,Offline TA/TO,TA/TO,0,0,0,D,D,0,No Deposit,15.0,0,Transient,111.2,0,0
Resort Hotel,0,39,2015,July,30,20,3,7,2,0.0,0,HB,PRT,Offline TA/TO,TA/TO,0,0,0,D,D,0,No Deposit,142.0,0,Transient,141.6,0,1
Resort Hotel,0,39,2015,July,30,20,3,7,2,0.0,0,HB,PRT,Offline TA/TO,TA/TO,0,0,0,D,D,0,No Deposit,142.0,0,Transient,141.6,0,1
Resort Hotel,1,7,2015,July,30,20,3,8,2,0.0,0,HB,PRT,Offline TA/TO,TA/TO,0,0,0,A,A,0,No Deposit,196.0,0,Transient,200.0,0,0
Resort Hotel,1,7,2015,July,30,20,3,8,2,0.0,0,HB,PRT,Offline TA/TO,TA/TO,0,0,0,A,A,0,No Deposit,196.0,0,Transient,200.0,0,0
Resort Hotel,1,42,2015,July,30,21,0,2,2,0.0,0,BB,PRT,Online TA,TA/TO,0,0,0,E,E,0,No Deposit,240.0,0,Transient,157.0,0,0
Resort Hotel,1,81,2015,July,30,21,0,3,2,0.0,0,BB,PRT,Online TA,TA/TO,0,0,0,A,A,0,No Deposit,240.0,0,Transient,115.0,0,2
Resort Hotel,0,61,2015,July,30,21,0,4,2,0.0,0,BB,PRT,Online TA,TA/TO,0,0,0,A,D,0,No Deposit,240.0,0,Transient,103.5,0,0
Resort Hotel,0,57,2015,July,30,21,2,5,2,0.0,0,HB,IRL,Online TA,TA/TO,0,0,0,E,E,0,No Deposit,240.0,0,Transient,151.86,0,0
Resort Hotel,0,108,2015,July,30,21,2,6,2,0.0,0,BB,PRT,Online TA,TA/TO,0,0,0,A,A,0,No Deposit,240.0,0,Transient,112.05,0,1
Resort Hotel,0,29,2015,July,30,21,2,8,2,0.0,0,BB,GBR,Online TA,TA/TO,0,0,0,A,A,0,No Deposit,241.0,0,Transient,103.18,0,1
Resort Hotel,0,0,2015,July,30,22,0,1,2,0.0,0,BB,ESP,Direct,Direct,0,0,0,E,E,0,No Deposit,,0,Transient,153.0,1,0
Resort Hotel,1,96,2015,July,30,22,0,4,2,0.0,0,BB,PRT,Online TA,TA/TO,0,0,0,A,A,0,No Deposit,240.0,0,Transient,119.75,0,1
Resort Hotel,1,44,2015,July,30,22,0,4,2,0.0,0,BB,PRT,Online TA,TA/TO,0,0,0,D,D,0,No Deposit,240.0,0,Transient,135.0,0,1
Resort Hotel,1,44,2015,July,30,22,0,4,2,0.0,0,BB,PRT,Online TA,TA/TO,0,0,0,D,D,0,No Deposit,240.0,0,Transient,135.0,0,1
Resort Hotel,1,41,2015,July,30,22,1,4,2,0.0,0,BB,PRT,Online TA,TA/TO,0,0,0,D,D,0,No Deposit,240.0,0,Transient,178.4,0,0
Resort Hotel,0,73,2015,July,30,23,0,0,2,0.0,0,BB,PRT,Online TA,TA/TO,0,0,0,D,I,1,No Deposit,240.0,0,Transient,0.0,0,1
Resort Hotel,0,3,2015,July,30,23,0,1,2,0.0,0,BB,PRT,Online TA,TA/TO,0,0,0,D,E,0,No Deposit,240.0,0,Transient,154.0,1,1
Resort Hotel,0,0,2015,July,30,23,0,1,2,0.0,0,BB,PRT,Direct,Direct,0,0,0,C,C,0,No Deposit,250.0,0,Transient,134.0,0,0
Resort Hotel,0,33,2015,July,30,23,0,3,2,0.0,0,HB,ESP,Online TA,TA/TO,0,0,0,E,E,1,No Deposit,240.0,0,Transient-Party,194.0,1,1
Resort Hotel,1,19,2015,July,30,23,0,3,2,0.0,0,BB,PRT,Online TA,TA/TO,0,0,0,A,A,0,No Deposit,240.0,0,Transient,153.0,0,0
Resort Hotel,1,55,2015,July,30,23,0,3,2,0.0,0,BB,PRT,Online TA,TA/TO,0,0,0,D,D,0,No Deposit,240.0,0,Transient,135.0,0,0
Resort Hotel,0,33,2015,July,30,23,0,3,2,0.0,0,HB,ESP,Online TA,TA/TO,0,0,0,D,E,0,No Deposit,240.0,0,Transient,184.0,0,1
Resort Hotel,1,19,2015,July,30,23,1,3,2,0.0,0,BB,PRT,Direct,Direct,0,0,0,E,E,0,No Deposit,,0,Transient,139.0,0,0
Resort Hotel,0,117,2015,July,30,23,2,3,2,0.0,0,BB,CN,Offline TA/TO,TA/TO,0,0,0,D,F,0,No Deposit,241.0,0,Transient,101.46,1,0
Resort Hotel,1,72,2015,July,30,23,2,4,2,0.0,0,BB,PRT,Online TA,TA/TO,0,0,0,E,E,0,No Deposit,240.0,0,Transient,145.0,0,0
Resort Hotel,1,19,2015,July,30,23,1,3,2,0.0,0,BB,PRT,Online TA,TA/TO,0,0,0,D,D,0,No Deposit,240.0,0,Transient,173.0,0,0
Resort Hotel,0,9,2015,July,30,24,0,2,2,0.0,0,BB,ESP,Online TA,TA/TO,0,0,0,E,E,0,No Deposit,240.0,0,Transient-Party,164.0,0,2
Resort Hotel,0,8,2015,July,30,24,0,2,2,0.0,0,BB,BRA,Online TA,TA/TO,0,0,0,D,F,0,No Deposit,240.0,0,Transient-Party,173.0,0,2
Resort Hotel,1,36,2015,July,30,24,0,1,2,0.0,0,BB,PRT,Direct,Direct,0,0,0,A,A,0,No Deposit,,0,Transient,112.5,0,0
Resort Hotel,0,22,2015,July,30,24,0,2,2,0.0,0,BB,ESP,Online TA,TA/TO,0,0,0,A,A,0,No Deposit,240.0,0,Transient-Party,153.0,0,2
Resort Hotel,0,22,2015,July,30,24,0,2,2,0.0,0,BB,ESP,Online TA,TA/TO,0,0,0,D,D,0,No Deposit,240.0,0,Transient-Party,173.0,0,2
Resort Hotel,0,22,2015,July,30,24,0,2,2,0.0,0,BB,ESP,Online TA,TA/TO,0,0,0,A,A,0,No Deposit,240.0,0,Transient-Party,153.0,0,2
Resort Hotel,0,36,2015,July,30,24,0,2,2,0.0,0,BB,PRT,Online TA,TA/TO,0,0,0,A,D,0,No Deposit,240.0,0,Transient,134.0,0,0
Resort Hotel,0,22,2015,July,30,24,0,2,2,0.0,0,BB,ESP,Online TA,TA/TO,0,0,0,A,A,0,No Deposit,240.0,0,Transient-Party,153.0,0,2
Resort Hotel,0,18,2015,July,30,24,0,2,2,0.0,0,BB,ESP,Direct,Direct,0,0,0,D,G,0,No Deposit,250.0,0,Transient,154.0,0,0
Resort Hotel,0,8,2015,July,30,24,0,2,2,0.0,0,BB,BRA,Online TA,TA/TO,0,0,0,D,F,0,No Deposit,240.0,0,Transient-Party,173.0,0,2
Resort Hotel,1,67,2015,July,30,24,0,2,2,0.0,0,BB,PRT,Online TA,TA/TO,0,0,0,D,D,0,No Deposit,240.0,0,Transient,135.0,0,1
Resort Hotel,1,105,2015,July,30,24,0,2,2,0.0,0,BB,PRT,Offline TA/TO,TA/TO,0,0,0,E,E,0,No Deposit,6.0,0,Transient,132.5,0,0
Resort Hotel,1,67,2015,July,30,24,0,2,2,0.0,0,BB,PRT,Online TA,TA/TO,0,0,0,D,D,0,No Deposit,240.0,0,Transient,135.0,0,1
Resort Hotel,0,39,2015,July,30,24,0,2,2,0.0,0,BB,ESP,Offline TA/TO,TA/TO,0,0,0,A,A,0,No Deposit,134.0,0,Transient,107.0,0,0
Resort Hotel,1,45,2015,July,30,24,1,2,2,0.0,0,BB,PRT,Online TA,TA/TO,0,0,0,A,A,0,No Deposit,240.0,0,Transient,127.0,0,0
Resort Hotel,1,45,2015,July,30,24,2,2,2,0.0,0,BB,PRT,Online TA,TA/TO,0,0,0,D,D,0,No Deposit,240.0,0,Transient,135.0,0,0
Resort Hotel,0,14,2015,July,30,24,2,2,2,0.0,0,BB,SVN,Online TA,TA/TO,0,0,0,A,D,0,No Deposit,240.0,0,Transient,149.7,1,1
Resort Hotel,1,53,2015,July,30,24,2,2,2,0.0,0,BB,PRT,Online TA,TA/TO,0,0,0,A,A,0,No Deposit,240.0,0,Transient,161.25,0,0
Resort Hotel,0,28,2015,July,30,24,2,2,2,0.0,0,BB,ALB,Offline TA/TO,TA/TO,0,0,0,A,A,0,No Deposit,177.0,0,Transient,107.0,0,0
Resort Hotel,0,55,2015,July,30,24,2,3,2,0.0,0,BB,GBR,Online TA,TA/TO,0,0,0,A,A,0,No Deposit,147.0,0,Transient-Party,75.44,0,1
Resort Hotel,0,55,2015,July,30,24,2,3,2,0.0,0,BB,GBR,Online TA,TA/TO,0,0,0,A,A,0,No Deposit,147.0,0,Transient-Party,75.44,0,1
Resort Hotel,0,25,2015,July,30,24,2,5,2,0.0,0,BB,PRT,Direct,Direct,0,0,0,A,A,1,No Deposit,250.0,0,Transient,115.0,0,0
Resort Hotel,1,43,2015,July,30,24,2,5,2,0.0,0,FB,PRT,Offline TA/TO,TA/TO,0,0,0,A,A,0,No Deposit,175.0,0,Transient,159.2,0,1
Resort Hotel,1,109,2015,July,30,24,2,5,2,0.0,0,HB,PRT,Online TA,TA/TO,0,0,0,A,A,0,No Deposit,240.0,0,Transient,163.29,0,2
Resort Hotel,0,25,2015,July,30,24,2,6,2,0.0,0,BB,PRT,Direct,TA/TO,0,0,0,D,D,0,No Deposit,240.0,0,Transient,154.0,0,2
Resort Hotel,0,43,2015,July,30,24,2,7,2,0.0,0,HB,ESP,Online TA,TA/TO,0,0,0,A,A,0,No Deposit,240.0,0,Transient,166.0,0,0
Resort Hotel,0,35,2015,July,30,24,3,7,2,0.0,0,BB,GBR,Offline TA/TO,TA/TO,0,0,0,E,E,0,No Deposit,95.0,0,Transient,132.5,0,0
Resort Hotel,1,42,2015,July,30,24,3,7,2,0.0,0,BB,PRT,Offline TA/TO,TA/TO,0,0,0,A,A,0,No Deposit,95.0,0,Transient,107.0,0,0
Resort Hotel,0,47,2015,July,30,25,2,1,2,0.0,0,HB,PRT,Offline TA/TO,TA/TO,0,0,0,A,E,0,No Deposit,261.0,0,Transient,133.0,0,0
Resort Hotel,0,40,2015,July,30,25,0,1,2,0.0,0,BB,ESP,Offline TA/TO,TA/TO,0,0,0,A,F,0,No Deposit,134.0,0,Transient,107.0,0,0
Resort Hotel,0,11,2015,July,30,25,0,1,2,0.0,0,BB,ESP,Online TA,TA/TO,0,0,0,A,F,0,No Deposit,241.0,0,Transient,117.81,0,0
Resort Hotel,0,39,2015,July,30,25,0,1,2,0.0,0,BB,ESP,Offline TA/TO,TA/TO,0,0,0,A,F,0,No Deposit,134.0,0,Transient,107.0,0,0
Resort Hotel,1,39,2015,July,30,25,0,1,2,0.0,0,BB,PRT,Online TA,TA/TO,0,0,0,A,A,0,No Deposit,240.0,0,Transient,120.6,0,0
Resort Hotel,0,1,2015,July,30,25,1,1,2,0.0,0,BB,PRT,Direct,Direct,0,0,0,D,E,0,No Deposit,,0,Transient,147.0,0,0
Resort Hotel,1,12,2015,July,30,25,1,1,2,0.0,0,BB,PRT,Online TA,TA/TO,0,0,0,A,A,0,No Deposit,240.0,0,Transient,153.0,0,2
Resort Hotel,1,16,2015,July,30,25,1,1,2,0.0,0,BB,PRT,Online TA,TA/TO,0,0,0,A,A,0,No Deposit,242.0,0,Transient,153.0,0,1
Resort Hotel,1,16,2015,July,30,25,1,1,2,0.0,0,BB,PRT,Direct,Direct,0,0,0,A,A,0,No Deposit,,0,Transient,134.0,0,0
Resort Hotel,0,12,2015,July,30,25,1,1,2,0.0,0,BB,ESP,Online TA,TA/TO,0,0,0,A,E,0,No Deposit,240.0,0,Transient,153.0,0,1
Resort Hotel,0,51,2015,July,30,25,2,1,2,0.0,0,HB,PRT,Offline TA/TO,TA/TO,0,0,0,A,A,0,No Deposit,142.0,0,Transient,118.0,0,0
Resort Hotel,0,67,2015,July,30,25,2,2,2,0.0,0,BB,GBR,Online TA,TA/TO,0,0,0,A,D,1,No Deposit,240.0,0,Transient,134.0,0,1
Resort Hotel,0,52,2015,July,30,25,2,3,2,0.0,0,HB,PRT,Offline TA/TO,TA/TO,0,0,0,A,A,0,No Deposit,196.0,0,Transient,135.0,0,2
Resort Hotel,0,94,2015,July,30,25,2,3,2,0.0,0,BB,ESP,Online TA,TA/TO,0,0,0,A,A,0,No Deposit,240.0,0,Transient,134.0,1,1
Resort Hotel,1,54,2015,July,30,25,2,3,2,0.0,0,BB,PRT,Online TA,TA/TO,0,0,0,A,A,0,No Deposit,240.0,0,Transient,134.0,0,0
Resort Hotel,0,43,2015,July,30,25,2,4,2,0.0,0,BB,IRL,Direct,Direct,0,0,0,A,A,0,No Deposit,250.0,0,Transient,134.0,0,0
Resort Hotel,1,87,2015,July,30,25,2,4,2,0.0,0,BB,PRT,Online TA,TA/TO,0,0,0,A,A,0,No Deposit,240.0,0,Transient,134.0,0,3
Resort Hotel,0,54,2015,July,30,25,2,5,2,0.0,0,HB,PRT,Online TA,TA/TO,0,0,0,A,A,0,No Deposit,242.0,0,Transient,147.0,0,0
Resort Hotel,0,32,2015,July,30,25,2,5,2,0.0,0,BB,PRT,Online TA,TA/TO,0,0,0,E,E,0,No Deposit,240.0,0,Transient,176.0,1,0
Resort Hotel,1,29,2015,July,30,25,2,5,2,0.0,0,BB,PRT,Online TA,TA/TO,0,0,0,A,A,1,No Deposit,240.0,0,Transient,120.6,0,1
Resort Hotel,1,96,2015,July,30,25,2,5,2,0.0,0,HB,PRT,Online TA,TA/TO,0,0,0,A,A,0,No Deposit,240.0,0,Transient,166.0,0,1
Resort Hotel,1,100,2015,July,30,25,2,5,2,0.0,0,BB,PRT,Online TA,TA/TO,0,0,0,A,A,0,No Deposit,240.0,0,Transient,134.0,0,0
Resort Hotel,0,54,2015,July,30,25,2,5,2,0.0,0,HB,PRT,Online TA,TA/TO,0,0,0,A,A,0,No Deposit,242.0,0,Transient,147.0,0,0
Resort Hotel,0,75,2015,July,30,25,2,5,2,0.0,0,HB,PRT,Online TA,TA/TO,0,0,0,D,D,1,No Deposit,240.0,0,Transient,167.0,0,1
Resort Hotel,0,31,2015,July,30,25,2,5,2,0.0,0,BB,PRT,Offline TA/TO,TA/TO,0,0,0,A,A,0,No Deposit,142.0,0,Transient,107.2,1,0
Resort Hotel,0,60,2015,July,30,25,2,6,2,0.0,0,HB,GBR,Online TA,TA/TO,0,0,0,A,A,1,No Deposit,147.0,0,Transient,90.12,0,1
Resort Hotel,1,31,2015,July,30,25,3,6,2,0.0,0,BB,PRT,Online TA,TA/TO,0,0,0,A,A,0,No Deposit,240.0,0,Transient,120.6,0,1
Resort Hotel,1,31,2015,July,30,25,3,6,2,0.0,0,BB,PRT,Online TA,TA/TO,0,0,0,D,D,0,No Deposit,240.0,0,Transient,154.0,0,1
Resort Hotel,0,115,2015,July,30,25,4,6,2,0.0,0,BB,PRT,Online TA,TA/TO,0,0,0,A,A,0,No Deposit,240.0,0,Transient,120.6,0,2
Resort Hotel,0,59,2015,July,30,25,4,8,2,0.0,0,BB,IRL,Offline TA/TO,TA/TO,0,0,0,D,D,0,No Deposit,8.0,0,Contract,114.25,0,1
Resort Hotel,1,85,2015,July,30,25,4,10,2,0.0,0,BB,PRT,Offline TA/TO,TA/TO,0,0,0,A,A,0,No Deposit,8.0,0,Contract,107.0,0,0
Resort Hotel,0,0,2015,July,30,25,2,5,2,0.0,0,BB,PRT,Online TA,TA/TO,0,0,0,A,D,0,No Deposit,241.0,0,Transient,88.55,0,0
Resort Hotel,1,50,2015,July,30,25,2,5,2,0.0,0,BB,PRT,Online TA,TA/TO,0,0,0,E,E,0,No Deposit,240.0,0,Transient,164.0,0,0
Resort Hotel,1,88,2015,July,31,26,2,2,2,0.0,0,BB,PRT,Online TA,TA/TO,0,0,0,D,D,0,No Deposit,240.0,0,Transient,154.0,0,1
Resort Hotel,1,116,2015,July,31,26,2,3,2,0.0,0,BB,PRT,Online TA,TA/TO,0,0,0,A,A,0,No Deposit,240.0,0,Transient,120.6,0,1
Resort Hotel,0,47,2015,July,31,26,2,1,2,0.0,0,BB,ESP,Online TA,TA/TO,0,0,0,A,D,0,No Deposit,240.0,0,Transient,103.5,0,0
Resort Hotel,0,48,2015,July,31,26,2,1,2,0.0,0,BB,CN,Online TA,TA/TO,0,0,0,A,D,0,No Deposit,240.0,0,Transient-Party,115.0,0,3
Resort Hotel,1,33,2015,July,31,26,2,4,2,0.0,0,BB,PRT,Offline TA/TO,TA/TO,0,0,0,E,E,0,No Deposit,5.0,0,Transient,132.5,0,0
Resort Hotel,1,33,2015,July,31,26,2,4,2,0.0,0,BB,PRT,Offline TA/TO,TA/TO,0,0,0,E,E,0,No Deposit,5.0,0,Transient,132.5,0,0
Resort Hotel,0,34,2015,July,31,26,2,0,2,0.0,0,BB,RUS,Online TA,TA/TO,0,0,0,A,A,0,No Deposit,241.0,0,Transient,103.18,0,0
Resort Hotel,0,130,2015,July,31,26,2,5,2,0.0,0,HB,PRT,Direct,Direct,0,0,0,E,E,0,No Deposit,250.0,0,Transient,174.01,0,1
Resort Hotel,1,39,2015,July,31,26,3,5,2,0.0,0,HB,PRT,Offline TA/TO,TA/TO,0,0,0,A,A,0,No Deposit,134.0,0,Transient,133.0,0,1
Resort Hotel,1,39,2015,July,31,26,3,5,2,0.0,0,HB,PRT,Offline TA/TO,TA/TO,0,0,0,A,A,0,No Deposit,134.0,0,Transient,133.0,0,1
Resort Hotel,0,45,2015,July,31,26,2,5,2,0.0,0,BB,GBR,Offline TA/TO,TA/TO,0,0,0,A,A,0,No Deposit,142.0,0,Transient,107.2,0,0
Resort Hotel,0,31,2015,July,31,27,0,0,2,0.0,0,BB,PRT,Online TA,TA/TO,0,0,0,A,I,1,No Deposit,241.0,0,Transient,0.0,0,0
Resort Hotel,0,59,2015,July,31,27,1,1,2,0.0,0,BB,PRT,Online TA,TA/TO,0,0,0,E,E,0,No Deposit,240.0,0,Transient,145.0,1,0
Resort Hotel,1,48,2015,July,31,27,1,1,2,0.0,0,HB,PRT,Online TA,TA/TO,0,0,0,D,D,0,No Deposit,240.0,0,Transient,167.0,0,1
Resort Hotel,0,48,2015,July,31,27,1,2,2,0.0,0,BB,PRT,Online TA,TA/TO,0,0,0,E,F,0,No Deposit,240.0,0,Transient,145.0,1,0
Resort Hotel,0,96,2015,July,31,27,1,2,2,0.0,0,HB,PRT,Online TA,TA/TO,0,0,0,A,E,0,No Deposit,240.0,0,Transient,166.0,0,2
Resort Hotel,0,51,2015,July,31,27,1,2,2,0.0,0,BB,ESP,Direct,Direct,0,0,0,A,G,0,No Deposit,250.0,0,Transient,115.0,0,0
Resort Hotel,0,96,2015,July,31,27,1,2,2,0.0,0,HB,PRT,Online TA,TA/TO,0,0,0,A,E,0,No Deposit,240.0,0,Transient,166.0,1,2
Resort Hotel,1,41,2015,July,31,27,1,3,2,0.0,0,BB,PRT,Online TA,TA/TO,0,0,0,A,A,0,No Deposit,240.0,0,Transient,120.6,0,0
Resort Hotel,0,6,2015,July,31,27,1,3,2,0.0,0,BB,ESP,Direct,Direct,0,0,0,F,F,5,No Deposit,,0,Transient,162.0,0,2
Resort Hotel,0,27,2015,July,31,27,1,3,2,0.0,0,BB,PRT,Online TA,TA/TO,0,0,0,A,D,0,No Deposit,240.0,0,Transient,153.0,0,0
Resort Hotel,0,28,2015,July,31,27,1,3,2,0.0,0,HB,ESP,Offline TA/TO,TA/TO,0,0,0,A,C,0,No Deposit,142.0,0,Transient,133.2,0,0
Resort Hotel,0,30,2015,July,31,27,1,3,2,0.0,0,BB,PRT,Online TA,TA/TO,0,0,0,A,D,0,No Deposit,240.0,0,Transient,134.0,0,1
Resort Hotel,0,45,2015,July,31,27,1,3,2,0.0,0,BB,ESP,Offline TA/TO,TA/TO,0,0,0,A,A,0,No Deposit,196.0,0,Transient,107.0,1,2
Resort Hotel,0,31,2015,July,31,27,1,3,2,0.0,0,HB,ESP,Direct,Direct,0,0,0,A,C,0,No Deposit,250.0,0,Transient,145.0,0,0
Resort Hotel,1,74,2015,July,31,27,1,3,2,0.0,0,BB,PRT,Offline TA/TO,TA/TO,0,0,0,A,A,0,No Deposit,171.0,0,Transient,107.0,0,1
Resort Hotel,0,31,2015,July,31,27,1,3,2,0.0,0,BB,PRT,Offline TA/TO,TA/TO,0,0,0,F,F,0,No Deposit,36.0,0,Transient,167.2,0,0
Resort Hotel,1,87,2015,July,31,27,1,3,2,0.0,0,BB,PRT,Online TA,TA/TO,0,0,0,A,A,0,No Deposit,240.0,0,Transient,134.0,0,2
Resort Hotel,1,41,2015,July,31,27,1,3,2,0.0,0,BB,PRT,Online TA,TA/TO,0,0,0,E,E,0,No Deposit,240.0,0,Transient,164.0,0,0
Resort Hotel,0,35,2015,July,31,27,1,3,2,0.0,0,HB,PRT,Offline TA/TO,TA/TO,0,0,0,D,D,0,No Deposit,196.0,0,Transient,149.0,0,0
Resort Hotel,0,28,2015,July,31,27,1,4,2,0.0,0,BB,PRT,Online TA,TA/TO,0,0,0,D,D,0,No Deposit,240.0,0,Transient,154.0,1,0
Resort Hotel,0,77,2015,July,31,27,1,4,2,0.0,0,BB,PRT,Online TA,TA/TO,0,0,0,G,G,1,No Deposit,240.0,0,Transient,195.0,0,1
Resort Hotel,1,33,2015,July,31,27,1,4,2,0.0,0,BB,PRT,Online TA,TA/TO,0,0,0,A,A,0,No Deposit,240.0,0,Transient,134.0,0,0
Resort Hotel,0,30,2015,July,31,27,1,4,2,0.0,0,BB,PRT,Offline TA/TO,TA/TO,0,0,0,A,A,0,No Deposit,5.0,0,Transient,107.2,0,0
Resort Hotel,1,34,2015,July,31,27,1,4,2,0.0,0,HB,PRT,Online TA,TA/TO,0,0,0,A,A,0,No Deposit,240.0,0,Transient,164.0,0,0
Resort Hotel,0,35,2015,July,31,27,1,5,2,0.0,0,HB,ESP,Online TA,TA/TO,0,0,0,A,A,0,No Deposit,240.0,0,Transient,159.6,1,1
Resort Hotel,0,40,2015,July,31,27,1,5,2,0.0,0,BB,PRT,Online TA,TA/TO,0,0,0,A,A,0,No Deposit,240.0,0,Transient,120.6,0,0
Resort Hotel,1,101,2015,July,31,27,2,5,2,0.0,0,BB,PRT,Online TA,TA/TO,0,0,0,E,E,0,No Deposit,240.0,0,Transient,164.0,0,2
Resort Hotel,1,101,2015,July,31,27,2,5,2,0.0,0,BB,PRT,Online TA,TA/TO,0,0,0,G,G,0,No Deposit,240.0,0,Transient,219.43,0,2
Resort Hotel,1,101,2015,July,31,27,2,5,2,0.0,0,BB,PRT,Online TA,TA/TO,0,0,0,A,A,0,No Deposit,240.0,0,Transient,134.0,0,2
Resort Hotel,1,101,2015,July,31,27,2,5,2,0.0,0,BB,PRT,Online TA,TA/TO,0,0,0,E,E,0,No Deposit,240.0,0,Transient,164.0,0,2
Resort Hotel,0,38,2015,July,31,27,2,5,2,0.0,0,BB,GBR,Offline TA/TO,TA/TO,0,0,0,A,A,0,No Deposit,142.0,0,Transient,107.2,0,0
Resort Hotel,0,76,2015,July,31,27,2,5,2,0.0,0,BB,GBR,Online TA,TA/TO,0,0,0,D,D,0,No Deposit,241.0,0,Transient,102.72,0,1
Resort Hotel,0,68,2015,July,31,28,0,2,2,0.0,0,BB,PRT,Online TA,TA/TO,0,0,0,D,E,0,No Deposit,240.0,0,Transient,135.0,1,1
Resort Hotel,1,11,2015,July,31,28,0,3,2,0.0,0,BB,PRT,Online TA,TA/TO,0,0,0,D,D,0,No Deposit,240.0,0,Transient,173.0,0,0
Resort Hotel,0,32,2015,July,31,28,0,4,2,0.0,0,BB,ESP,Offline TA/TO,TA/TO,0,0,0,A,A,0,No Deposit,177.0,0,Transient,107.0,0,1
Resort Hotel,0,29,2015,July,31,28,0,4,2,0.0,0,BB,RUS,Offline TA/TO,TA/TO,0,0,0,A,A,0,No Deposit,171.0,0,Transient,107.0,0,1
Resort Hotel,0,47,2015,July,31,28,0,4,2,0.0,0,BB,PRT,Direct,Direct,0,0,0,F,F,0,No Deposit,,0,Transient,164.0,0,2
Resort Hotel,0,50,2015,July,31,28,0,5,2,0.0,0,BB,PRT,Online TA,TA/TO,0,0,0,D,D,0,No Deposit,240.0,0,Transient,138.8,0,1
Resort Hotel,1,29,2015,July,31,28,0,5,2,0.0,0,BB,PRT,Online TA,TA/TO,0,0,0,D,D,0,No Deposit,240.0,0,Transient,154.0,0,2
Resort Hotel,0,36,2015,July,31,28,0,5,2,0.0,0,BB,ESP,Direct,Direct,0,0,0,D,D,0,No Deposit,250.0,0,Transient,135.0,0,0
Resort Hotel,0,49,2015,July,31,28,1,5,2,0.0,0,BB,NOR,Online TA,TA/TO,0,0,0,A,A,0,No Deposit,241.0,0,Transient,103.18,0,1
Resort Hotel,1,70,2015,July,31,28,2,6,2,0.0,0,BB,PRT,Offline TA/TO,TA/TO,0,0,0,D,D,0,No Deposit,8.0,0,Contract,115.5,0,0
Resort Hotel,0,110,2015,July,31,28,2,8,2,0.0,0,BB,USA,Offline TA/TO,TA/TO,0,0,0,A,D,1,No Deposit,6.0,0,Transient,90.95,0,1
Resort Hotel,0,8,2015,July,31,29,0,0,2,0.0,0,HB,PRT,Offline TA/TO,TA/TO,0,0,0,D,I,0,No Deposit,142.0,0,Contract,0.0,0,0
Resort Hotel,1,119,2015,July,31,29,0,4,2,0.0,0,BB,PRT,Online TA,TA/TO,0,0,0,A,A,0,No Deposit,240.0,0,Transient,108.54,0,1
Resort Hotel,0,30,2015,July,31,29,0,4,2,0.0,0,BB,PRT,Online TA,TA/TO,0,0,0,A,E,0,No Deposit,240.0,0,Transient,146.0,1,2
Resort Hotel,1,29,2015,July,31,29,1,4,2,0.0,0,BB,PRT,Online TA,TA/TO,0,0,0,D,D,0,No Deposit,240.0,0,Transient,165.4,0,1
Resort Hotel,0,71,2015,July,31,29,1,4,2,0.0,0,BB,GBR,Online TA,TA/TO,0,0,0,A,C,0,No Deposit,240.0,0,Transient,134.0,0,0
Resort Hotel,1,37,2015,July,31,29,1,4,2,0.0,0,HB,PRT,Offline TA/TO,TA/TO,0,0,0,A,D,0,No Deposit,196.0,0,Transient,133.0,0,1
Resort Hotel,0,37,2015,July,31,29,1,4,2,0.0,0,HB,PRT,Direct,Direct,0,0,0,A,D,0,No Deposit,250.0,0,Transient,157.0,0,1
Resort Hotel,1,37,2015,July,31,29,1,4,2,0.0,0,HB,PRT,Offline TA/TO,TA/TO,0,0,0,A,D,0,No Deposit,196.0,0,Transient,133.0,0,1
Resort Hotel,0,37,2015,July,31,29,1,4,2,0.0,0,HB,PRT,Direct,Direct,0,0,0,A,D,0,No Deposit,250.0,0,Transient,145.0,0,1
Resort Hotel,0,97,2015,July,31,29,1,4,2,0.0,0,BB,GBR,Online TA,TA/TO,0,0,0,A,A,0,No Deposit,240.0,0,Transient,134.0,0,2
Resort Hotel,1,71,2015,July,31,29,1,4,2,0.0,0,BB,PRT,Online TA,TA/TO,0,0,0,A,A,0,No Deposit,240.0,0,Transient,134.0,0,0
Resort Hotel,1,118,2015,July,31,29,1,4,2,0.0,0,HB,PRT,Online TA,TA/TO,0,0,0,D,D,1,No Deposit,240.0,0,Transient,186.0,0,2
Resort Hotel,0,102,2015,July,31,29,2,5,2,0.0,0,BB,GBR,Offline TA/TO,TA/TO,0,0,0,A,D,0,No Deposit,6.0,0,Transient,90.95,0,1
Resort Hotel,1,54,2015,July,31,29,2,5,2,0.0,0,BB,PRT,Online TA,TA/TO,0,0,0,F,F,0,No Deposit,241.0,0,Transient,141.65,0,0
Resort Hotel,1,58,2015,July,31,29,2,5,2,0.0,0,BB,PRT,Online TA,TA/TO,0,0,0,D,D,0,No Deposit,147.0,0,Transient,99.24,0,0
Resort Hotel,0,34,2015,July,31,29,2,4,2,0.0,0,BB,GBR,Online TA,TA/TO,0,0,0,A,D,0,No Deposit,241.0,0,Transient,108.06,0,1
Resort Hotel,1,105,2015,July,31,29,2,5,2,0.0,0,BB,PRT,Offline TA/TO,TA/TO,0,0,0,A,D,0,No Deposit,6.0,0,Transient,90.95,0,0
Resort Hotel,1,47,2015,July,31,29,2,6,2,0.0,0,BB,PRT,Online TA,TA/TO,0,0,0,A,A,0,No Deposit,242.0,0,Transient,148.63,0,1
Resort Hotel,1,15,2015,July,31,30,0,1,2,0.0,0,BB,PRT,Online TA,TA/TO,0,0,0,D,D,1,No Deposit,240.0,0,Transient,173.0,0,3
Resort Hotel,1,8,2015,July,31,30,0,1,2,0.0,0,BB,PRT,Online TA,TA/TO,0,0,0,A,H,0,No Deposit,240.0,0,Transient,153.0,0,1
Resort Hotel,0,17,2015,July,31,30,0,2,2,0.0,0,BB,GBR,Online TA,TA/TO,0,0,0,A,E,0,No Deposit,240.0,0,Transient,153.0,0,1
Resort Hotel,1,30,2015,July,31,30,0,3,2,0.0,0,BB,PRT,Online TA,TA/TO,0,0,0,A,A,0,No Deposit,242.0,0,Transient,146.67,0,2
Resort Hotel,1,31,2015,July,31,30,0,3,2,0.0,0,BB,PRT,Online TA,TA/TO,0,0,0,D,D,0,No Deposit,242.0,0,Transient,154.0,0,2
Resort Hotel,1,66,2015,July,31,30,0,3,2,0.0,0,BB,PRT,Online TA,TA/TO,0,0,0,A,A,0,No Deposit,240.0,0,Transient,120.6,0,0
Resort Hotel,1,30,2015,July,31,30,0,3,2,0.0,0,BB,PRT,Online TA,TA/TO,0,0,0,A,A,0,No Deposit,242.0,0,Transient,146.67,0,2
Resort Hotel,1,31,2015,July,31,30,0,3,2,0.0,0,BB,PRT,Online TA,TA/TO,0,0,0,D,D,0,No Deposit,242.0,0,Transient,154.0,0,2
Resort Hotel,1,62,2015,July,31,30,1,3,2,0.0,0,BB,PRT,Online TA,TA/TO,0,0,0,E,E,0,No Deposit,240.0,0,Transient,154.5,0,0
Resort Hotel,1,65,2015,July,31,30,1,3,2,0.0,0,BB,PRT,Online TA,TA/TO,0,0,0,A,A,0,No Deposit,240.0,0,Transient,120.6,0,0
Resort Hotel,1,64,2015,July,31,30,2,3,2,0.0,0,BB,PRT,Online TA,TA/TO,0,0,0,A,A,1,No Deposit,240.0,0,Transient,137.8,0,0
Resort Hotel,0,77,2015,July,31,30,2,7,2,0.0,0,HB,PRT,Direct,Direct,0,0,0,E,E,2,No Deposit,,0,Transient,160.0,1,3
Resort Hotel,0,75,2015,July,31,30,2,7,2,0.0,0,BB,CHE,Offline TA/TO,TA/TO,0,0,0,D,D,0,No Deposit,36.0,0,Transient-Party,125.89,0,1
Resort Hotel,0,75,2015,July,31,30,2,7,2,0.0,0,BB,CHE,Offline TA/TO,TA/TO,0,0,0,D,D,0,No Deposit,36.0,0,Transient-Party,125.89,0,1
Resort Hotel,1,62,2015,July,31,30,2,5,2,0.0,0,BB,PRT,Direct,Direct,0,0,0,D,D,0,No Deposit,250.0,0,Transient,126.71,0,0
Resort Hotel,0,46,2015,July,31,31,0,0,2,0.0,0,HB,PRT,Online TA,TA/TO,0,0,0,E,I,0,No Deposit,240.0,0,Transient,0.0,1,0
Resort Hotel,1,25,2015,July,31,31,0,1,2,0.0,0,BB,PRT,Online TA,TA/TO,0,0,0,A,A,0,No Deposit,240.0,0,Transient,153.0,0,2
Resort Hotel,1,16,2015,July,31,31,0,1,2,0.0,0,BB,PRT,Online TA,TA/TO,0,0,0,D,D,0,No Deposit,240.0,0,Transient,173.0,0,3
Resort Hotel,1,16,2015,July,31,31,0,1,2,0.0,0,BB,PRT,Online TA,TA/TO,0,0,0,D,D,0,No Deposit,240.0,0,Transient,173.0,0,3
Resort Hotel,1,4,2015,July,31,31,0,2,2,0.0,0,BB,PRT,Online TA,TA/TO,0,0,0,A,D,0,No Deposit,240.0,0,Transient,154.8,0,3
Resort Hotel,0,4,2015,July,31,31,0,2,2,0.0,0,BB,PRT,Online TA,TA/TO,0,0,0,D,D,0,No Deposit,240.0,0,Transient-Party,192.0,0,2
Resort Hotel,1,25,2015,July,31,31,0,2,2,0.0,0,BB,PRT,Online TA,TA/TO,0,0,0,A,A,0,No Deposit,240.0,0,Transient,153.0,0,0
Resort Hotel,1,83,2015,July,31,31,0,2,2,0.0,0,BB,PRT,Online TA,TA/TO,0,0,0,A,A,0,No Deposit,240.0,0,Transient,120.6,0,1
Resort Hotel,0,4,2015,July,31,31,0,2,2,0.0,0,BB,PRT,Online TA,TA/TO,0,0,0,D,D,0,No Deposit,240.0,0,Transient-Party,192.0,1,2
Resort Hotel,1,56,2015,July,31,31,0,2,2,0.0,0,BB,PRT,Online TA,TA/TO,0,0,0,A,A,0,No Deposit,240.0,0,Transient,120.6,0,0
Resort Hotel,1,32,2015,July,31,31,0,2,2,0.0,0,BB,PRT,Online TA,TA/TO,0,0,0,E,E,0,No Deposit,240.0,0,Transient,164.0,0,2
Resort Hotel,0,0,2015,July,31,31,0,2,2,0.0,0,HB,PRT,Online TA,TA/TO,0,0,0,A,C,0,No Deposit,240.0,0,Transient,192.5,0,1
Resort Hotel,1,18,2015,July,31,31,1,2,2,0.0,0,BB,PRT,Online TA,TA/TO,0,0,0,A,A,0,No Deposit,240.0,0,Transient,149.7,0,1
Resort Hotel,1,23,2015,July,31,31,1,2,2,0.0,0,BB,PRT,Direct,Direct,0,0,0,A,A,0,No Deposit,,0,Transient,111.92,0,0
Resort Hotel,1,39,2015,July,31,31,1,2,2,0.0,0,BB,PRT,Online TA,TA/TO,0,0,0,A,A,0,No Deposit,240.0,0,Transient,120.6,0,1
Resort Hotel,1,18,2015,July,31,31,1,2,2,0.0,0,BB,PRT,Online TA,TA/TO,0,0,0,A,A,0,No Deposit,240.0,0,Transient,149.7,0,1
Resort Hotel,1,18,2015,July,31,31,1,2,2,0.0,0,BB,PRT,Online TA,TA/TO,0,0,0,D,D,0,No Deposit,240.0,0,Transient,173.0,0,3
Resort Hotel,1,23,2015,July,31,31,1,2,2,0.0,0,BB,PRT,Online TA,TA/TO,0,0,0,A,A,0,No Deposit,241.0,0,Transient,112.0,0,1
Resort Hotel,1,136,2015,July,31,31,2,2,2,0.0,0,BB,PRT,Online TA,TA/TO,0,0,0,A,A,0,No Deposit,240.0,0,Transient,172.0,0,0
Resort Hotel,0,80,2015,July,31,31,2,4,2,0.0,0,BB,BEL,Online TA,TA/TO,0,0,0,E,E,0,No Deposit,240.0,0,Transient,170.33,1,1
Resort Hotel,0,113,2015,July,31,31,3,7,2,0.0,0,BB,IRL,Offline TA/TO,TA/TO,0,0,0,E,E,0,No Deposit,40.0,0,Contract,119.25,0,0
Resort Hotel,0,129,2015,August,31,1,1,1,2,0.0,0,BB,PRT,Offline TA/TO,TA/TO,0,0,0,A,A,0,No Deposit,67.0,0,Transient,96.3,0,0
Resort Hotel,1,84,2015,August,31,1,2,1,2,0.0,0,HB,PRT,Offline TA/TO,TA/TO,0,0,0,A,A,0,No Deposit,175.0,0,Transient-Party,118.06,0,0
Resort Hotel,1,84,2015,August,31,1,2,1,2,0.0,0,HB,PRT,Offline TA/TO,TA/TO,0,0,0,A,A,0,No Deposit,175.0,0,Transient-Party,118.06,0,0
Resort Hotel,1,89,2015,August,31,1,0,1,2,0.0,0,BB,PRT,Direct,Direct,0,0,0,D,D,0,No Deposit,,0,Transient,154.0,0,0
Resort Hotel,1,10,2015,August,31,1,0,1,2,0.0,0,BB,PRT,Direct,Direct,0,0,0,F,F,0,No Deposit,,0,Transient-Party,202.0,0,0
Resort Hotel,1,80,2015,August,31,1,0,1,2,0.0,0,BB,PRT,Online TA,TA/TO,0,0,0,A,A,1,No Deposit,240.0,0,Transient,134.0,0,2
Resort Hotel,1,10,2015,August,31,1,0,1,2,0.0,0,BB,PRT,Direct,Direct,0,0,0,F,F,0,No Deposit,,0,Transient-Party,202.0,0,0
Resort Hotel,1,10,2015,August,31,1,0,1,2,0.0,0,BB,PRT,Direct,Direct,0,0,0,G,G,1,No Deposit,,0,Transient-Party,252.0,0,0
Resort Hotel,0,1,2015,August,31,1,0,1,2,0.0,0,BB,PRT,Online TA,TA/TO,0,0,0,D,D,0,No Deposit,,0,Transient,211.0,0,2
Resort Hotel,1,9,2015,August,31,1,0,1,2,0.0,0,BB,PRT,Online TA,TA/TO,0,0,0,D,D,1,No Deposit,240.0,0,Transient,211.0,0,2
Resort Hotel,0,3,2015,August,31,1,2,5,2,0.0,0,BB,ESP,Online TA,TA/TO,0,0,0,A,A,0,No Deposit,240.0,0,Transient,188.29,0,2
Resort Hotel,1,124,2015,August,31,1,2,4,2,0.0,0,BB,PRT,Online TA,TA/TO,0,0,0,A,A,0,No Deposit,240.0,0,Transient,120.6,0,1
Resort Hotel,1,91,2015,August,31,1,2,5,2,0.0,0,HB,PRT,Online TA,TA/TO,0,0,0,A,A,1,No Deposit,241.0,0,Transient,127.82,0,2
Resort Hotel,1,77,2015,August,31,1,2,5,2,0.0,0,HB,PRT,Online TA,TA/TO,0,0,0,D,D,0,No Deposit,240.0,0,Transient,194.14,0,0
Resort Hotel,1,130,2015,August,31,1,2,5,2,0.0,0,BB,PRT,Online TA,TA/TO,0,0,0,A,A,0,No Deposit,240.0,0,Transient,120.6,0,2
Resort Hotel,1,130,2015,August,31,1,2,6,2,0.0,0,BB,PRT,Offline TA/TO,TA/TO,0,0,0,A,A,0,No Deposit,149.0,0,Transient,96.3,0,0
Resort Hotel,0,66,2015,August,31,1,2,6,2,0.0,0,HB,PRT,Online TA,TA/TO,0,0,0,D,D,2,No Deposit,240.0,0,Transient,193.13,0,0
Resort Hotel,1,53,2015,August,31,1,3,6,2,0.0,0,HB,PRT,Online TA,TA/TO,0,0,0,E,E,0,No Deposit,240.0,0,Transient,210.78,0,0
Resort Hotel,1,25,2015,August,32,2,1,0,2,0.0,0,BB,PRT,Online TA,TA/TO,0,0,0,A,A,0,No Deposit,240.0,0,Transient,144.0,0,2
Resort Hotel,1,2,2015,August,32,2,2,0,2,0.0,0,BB,PRT,Online TA,TA/TO,0,0,0,A,C,0,No Deposit,240.0,0,Transient,162.5,0,1
Resort Hotel,1,36,2015,August,32,2,2,3,2,0.0,0,BB,PRT,Online TA,TA/TO,0,0,0,E,E,0,No Deposit,240.0,0,Transient,209.6,0,2
Resort Hotel,1,36,2015,August,32,2,2,3,2,0.0,0,BB,PRT,Online TA,TA/TO,0,0,0,E,E,0,No Deposit,240.0,0,Transient,209.6,0,2
Resort Hotel,0,67,2015,August,32,2,2,4,2,0.0,0,BB,PRT,Direct,Direct,0,0,0,D,D,0,No Deposit,,0,Transient,163.5,0,1
Resort Hotel,0,60,2015,August,32,2,2,5,2,0.0,0,HB,PRT,Direct,Direct,0,0,0,A,A,0,No Deposit,,0,Transient,180.28,0,0
Resort Hotel,0,34,2015,August,32,2,2,5,2,0.0,0,BB,ESP,Direct,Direct,0,0,0,C,C,3,No Deposit,250.0,0,Transient,174.76,1,1
Resort Hotel,0,78,2015,August,32,2,4,5,2,0.0,0,BB,IRL,Offline TA/TO,TA/TO,0,0,0,D,D,0,No Deposit,171.0,0,Transient,116.85,0,0
Resort Hotel,0,93,2015,August,32,2,2,5,2,0.0,0,FB,PRT,Offline TA/TO,TA/TO,0,0,0,A,A,0,No Deposit,175.0,0,Transient,159.0,0,0
Resort Hotel,1,327,2015,August,32,2,4,10,2,0.0,0,BB,PRT,Offline TA/TO,TA/TO,0,0,0,D,D,0,No Deposit,40.0,0,Contract,104.55,0,0
Resort Hotel,0,0,2015,August,32,3,1,0,2,0.0,0,BB,PRT,Online TA,TA/TO,0,0,0,C,C,0,No Deposit,241.0,0,Transient,144.76,0,0
Resort Hotel,1,47,2015,August,32,3,1,1,2,0.0,0,HB,PRT,Online TA,TA/TO,0,0,0,D,D,0,No Deposit,240.0,0,Transient,205.0,0,0
Resort Hotel,1,81,2015,August,32,3,1,3,2,0.0,0,BB,PRT,Offline TA/TO,TA/TO,0,0,0,D,D,0,No Deposit,8.0,0,Contract,123.0,0,0
Resort Hotel,1,52,2015,August,32,3,1,4,2,0.0,0,BB,PRT,Online TA,TA/TO,0,0,0,D,D,0,No Deposit,240.0,0,Transient,173.0,0,0
Resort Hotel,0,83,2015,August,32,3,2,5,2,0.0,0,BB,IRL,Online TA,TA/TO,0,0,0,D,D,0,No Deposit,240.0,0,Transient,162.14,0,1
Resort Hotel,1,82,2015,August,32,3,2,5,2,0.0,0,BB,PRT,Online TA,TA/TO,0,0,0,A,A,0,No Deposit,240.0,0,Transient,120.6,0,0
Resort Hotel,1,61,2015,August,32,3,2,5,2,0.0,0,BB,PRT,Online TA,TA/TO,0,0,0,A,A,0,No Deposit,240.0,0,Transient,153.0,0,0
Resort Hotel,0,94,2015,August,32,4,0,0,2,0.0,0,BB,PRT,Online TA,TA/TO,0,0,0,A,F,0,No Deposit,240.0,0,Transient,0.0,0,1
Resort Hotel,0,1,2015,August,32,4,0,0,2,0.0,0,BB,PRT,Online TA,TA/TO,0,0,0,D,F,0,No Deposit,240.0,0,Transient,0.0,0,2
Resort Hotel,0,0,2015,August,32,4,0,1,2,0.0,0,BB,PRT,Direct,Direct,0,0,0,A,C,0,No Deposit,250.0,0,Transient,172.0,0,0
Resort Hotel,1,61,2015,August,32,4,0,3,2,0.0,0,BB,PRT,Online TA,TA/TO,0,0,0,A,A,0,No Deposit,240.0,0,Transient,153.0,0,0
Resort Hotel,0,13,2015,August,32,4,0,4,2,0.0,0,HB,PRT,Direct,Direct,0,0,0,C,C,1,No Deposit,,0,Transient-Party,230.5,1,2
Resort Hotel,1,15,2015,August,32,4,0,4,2,0.0,0,BB,PRT,Online TA,TA/TO,0,0,0,D,D,0,No Deposit,240.0,0,Transient,211.0,0,1
Resort Hotel,0,14,2015,August,32,4,0,5,2,0.0,0,HB,ESP,Online TA,TA/TO,0,0,0,D,D,1,No Deposit,240.0,0,Transient,241.0,0,2
Resort Hotel,1,13,2015,August,32,4,1,5,2,0.0,0,BB,PRT,Online TA,TA/TO,0,0,0,D,D,0,No Deposit,240.0,0,Transient,211.0,0,1
Resort Hotel,0,140,2015,August,32,4,2,5,2,0.0,0,BB,ESP,Offline TA/TO,TA/TO,0,0,0,A,D,0,No Deposit,6.0,0,Transient-Party,90.95,1,0
Resort Hotel,0,6,2015,August,32,4,2,5,2,0.0,0,BB,ESP,Online TA,TA/TO,0,0,0,A,A,0,No Deposit,240.0,0,Transient,188.29,0,2
Resort Hotel,0,140,2015,August,32,4,2,5,2,0.0,0,BB,PRT,Offline TA/TO,TA/TO,0,0,0,A,D,0,No Deposit,6.0,0,Transient-Party,90.95,0,0
Resort Hotel,0,81,2015,August,32,4,2,8,2,0.0,0,HB,RUS,Direct,Direct,0,0,0,D,D,1,No Deposit,250.0,0,Transient,187.8,0,1
Resort Hotel,0,65,2015,August,32,5,0,0,2,0.0,0,HB,PRT,Offline TA/TO,TA/TO,0,0,0,D,I,0,No Deposit,261.0,0,Transient,0.0,0,0
Resort Hotel,1,0,2015,August,32,5,0,1,2,0.0,0,BB,PRT,Direct,Direct,0,0,0,D,F,0,No Deposit,,0,Transient,172.0,0,1
Resort Hotel,0,2,2015,August,32,5,0,1,2,0.0,0,BB,ESP,Online TA,TA/TO,0,0,0,A,D,0,No Deposit,240.0,0,Transient,171.9,0,0
Resort Hotel,0,0,2015,August,32,5,0,1,2,0.0,0,BB,PRT,Direct,Direct,0,0,0,L,F,0,No Deposit,,0,Transient,200.0,0,0
Resort Hotel,1,114,2015,August,32,5,0,3,2,0.0,0,HB,PRT,Online TA,TA/TO,0,0,0,A,A,0,No Deposit,240.0,0,Transient,149.4,0,0
Resort Hotel,1,111,2015,August,32,5,0,4,2,0.0,0,BB,PRT,Online TA,TA/TO,0,0,0,D,D,1,No Deposit,240.0,0,Transient,154.0,0,1
Resort Hotel,0,44,2015,August,32,5,0,4,2,0.0,0,BB,ESP,Online TA,TA/TO,0,0,0,A,A,0,No Deposit,240.0,0,Transient,148.25,1,0
Resort Hotel,0,139,2015,August,32,5,0,4,2,0.0,0,BB,PRT,Online TA,TA/TO,0,0,0,A,A,0,No Deposit,240.0,0,Transient,172.0,0,1
Resort Hotel,1,57,2015,August,32,5,1,4,2,0.0,0,BB,PRT,Online TA,TA/TO,0,0,0,E,E,0,No Deposit,240.0,0,Transient,183.0,0,0
Resort Hotel,1,16,2015,August,32,5,1,4,2,0.0,0,HB,PRT,Online TA,TA/TO,0,0,0,D,D,0,No Deposit,240.0,0,Transient,242.6,0,1
Resort Hotel,1,117,2015,August,32,5,2,6,2,0.0,0,HB,PRT,Online TA,TA/TO,0,0,0,A,A,0,No Deposit,240.0,0,Transient,166.0,0,0
Resort Hotel,0,2,2015,August,32,6,0,1,2,0.0,0,BB,FRA,Online TA,TA/TO,0,0,0,A,A,0,No Deposit,240.0,0,Transient,172.0,0,0
Resort Hotel,1,118,2015,August,32,6,0,3,2,0.0,0,BB,PRT,Online TA,TA/TO,0,0,0,A,A,0,No Deposit,240.0,0,Transient,120.6,0,0
Resort Hotel,0,129,2015,August,32,6,0,3,2,0.0,0,BB,PRT,Direct,Direct,0,0,0,E,F,0,No Deposit,,0,Transient-Party,126.0,0,1
Resort Hotel,0,52,2015,August,32,6,1,3,2,0.0,0,BB,PRT,Direct,Direct,0,0,0,E,E,1,No Deposit,250.0,0,Transient,173.0,0,0
Resort Hotel,0,65,2015,August,32,6,2,3,2,0.0,0,HB,GBR,Offline TA/TO,TA/TO,0,0,0,D,D,1,No Deposit,142.0,0,Transient,149.2,0,0
Resort Hotel,0,7,2015,August,32,6,2,3,2,0.0,0,HB,PRT,Online TA,TA/TO,0,0,0,A,A,1,No Deposit,240.0,0,Transient,217.2,1,4
Resort Hotel,0,3,2015,August,32,6,2,4,2,0.0,0,BB,ROU,Online TA,TA/TO,0,0,0,A,A,0,No Deposit,240.0,0,Transient,181.5,0,3
Resort Hotel,0,87,2015,August,32,6,2,6,2,0.0,0,BB,RUS,Online TA,TA/TO,0,0,0,D,D,2,No Deposit,240.0,0,Transient,154.0,0,2
Resort Hotel,0,51,2015,August,32,6,2,6,2,0.0,0,BB,ESP,Online TA,TA/TO,0,0,0,D,D,0,No Deposit,240.0,0,Transient,173.0,0,0
Resort Hotel,0,4,2015,August,32,7,0,0,2,0.0,0,BB,PRT,Online TA,TA/TO,0,0,0,E,I,0,No Deposit,240.0,0,Transient,0.0,0,2
Resort Hotel,0,1,2015,August,32,7,0,1,2,0.0,0,BB,PRT,Corporate,Corporate,0,0,0,A,F,0,No Deposit,,0,Transient,114.0,0,0
Resort Hotel,1,45,2015,August,32,7,0,2,2,0.0,0,BB,PRT,Online TA,TA/TO,0,0,0,D,D,0,No Deposit,240.0,0,Transient,173.0,0,0
Resort Hotel,0,6,2015,August,32,7,0,2,2,0.0,0,BB,PRT,Online TA,TA/TO,0,0,0,D,F,0,No Deposit,240.0,0,Transient,211.0,0,1
Resort Hotel,0,4,2015,August,32,7,0,2,2,0.0,0,BB,GBR,Online TA,TA/TO,0,0,0,A,H,0,No Deposit,240.0,0,Transient,191.0,0,3
Resort Hotel,1,53,2015,August,32,7,1,2,2,0.0,0,BB,PRT,Online TA,TA/TO,0,0,0,D,D,0,No Deposit,240.0,0,Transient,173.0,0,0
Resort Hotel,0,52,2015,August,32,7,1,2,2,0.0,0,BB,PRT,Direct,Direct,0,0,0,E,F,0,No Deposit,250.0,0,Transient,173.0,0,1
Resort Hotel,0,98,2015,August,32,7,2,2,2,0.0,0,BB,PRT,Online TA,TA/TO,0,0,0,A,D,0,No Deposit,240.0,0,Transient,134.0,0,2
Resort Hotel,1,46,2015,August,32,7,2,2,2,0.0,0,BB,PRT,Online TA,TA/TO,0,0,0,A,A,0,No Deposit,240.0,0,Transient,153.0,0,0
Resort Hotel,1,122,2015,August,32,7,2,2,2,0.0,0,HB,PRT,Online TA,TA/TO,0,0,0,D,D,0,No Deposit,240.0,0,Transient,186.0,0,1
Resort Hotel,0,83,2015,August,32,7,2,2,2,0.0,0,BB,ESP,Offline TA/TO,TA/TO,0,0,0,A,A,0,No Deposit,175.0,0,Transient-Party,107.2,0,2
Resort Hotel,0,16,2015,August,32,7,2,3,2,0.0,0,BB,IRL,Online TA,TA/TO,0,0,0,E,E,0,No Deposit,240.0,0,Transient,221.0,0,2
Resort Hotel,1,43,2015,August,32,7,2,4,2,0.0,0,HB,PRT,Online TA,TA/TO,0,0,0,A,A,0,No Deposit,240.0,0,Transient,202.0,0,0
Resort Hotel,1,113,2015,August,32,7,2,5,2,0.0,0,HB,PRT,Offline TA/TO,TA/TO,0,0,0,A,A,0,No Deposit,105.0,0,Transient-Party,154.38,0,1
Resort Hotel,1,113,2015,August,32,7,2,5,2,0.0,0,HB,PRT,Offline TA/TO,TA/TO,0,0,0,A,A,0,No Deposit,105.0,0,Transient-Party,154.38,0,1
Resort Hotel,0,51,2015,August,32,7,2,5,2,0.0,0,HB,PRT,Online TA,TA/TO,0,0,0,D,D,0,No Deposit,240.0,0,Transient,205.0,0,2
Resort Hotel,0,65,2015,August,32,7,2,7,2,0.0,0,BB,NLD,Online TA,TA/TO,0,0,0,A,A,1,No Deposit,240.0,0,Transient,121.39,1,1
Resort Hotel,0,0,2015,August,32,8,0,1,2,0.0,0,BB,CHN,Online TA,TA/TO,0,0,0,A,A,0,No Deposit,240.0,0,Transient,171.9,1,0
Resort Hotel,1,87,2015,August,32,8,0,1,2,0.0,0,BB,PRT,Online TA,TA/TO,0,0,0,E,E,0,No Deposit,240.0,0,Transient,164.0,0,1
Resort Hotel,1,106,2015,August,32,8,1,1,2,0.0,0,BB,PRT,Online TA,TA/TO,0,0,0,A,A,0,No Deposit,240.0,0,Transient,134.0,0,1
Resort Hotel,0,5,2015,August,32,8,1,1,2,0.0,0,BB,CHE,Online TA,TA/TO,0,0,0,G,H,0,No Deposit,240.0,0,Transient,250.0,0,1
Resort Hotel,0,98,2015,August,32,8,1,1,2,0.0,0,HB,ESP,Online TA,TA/TO,0,0,0,E,F,0,No Deposit,240.0,0,Transient,208.0,1,1
Resort Hotel,0,4,2015,August,32,8,2,1,2,0.0,0,BB,PRT,Online TA,TA/TO,0,0,0,A,A,0,No Deposit,240.0,0,Transient,172.0,0,3
Resort Hotel,0,5,2015,August,32,8,2,1,2,0.0,0,BB,USA,Online TA,TA/TO,0,0,0,D,D,0,No Deposit,241.0,0,Transient,157.59,0,1
Resort Hotel,0,3,2015,August,32,8,2,2,2,0.0,0,HB,ESP,Online TA,TA/TO,0,0,0,A,D,0,No Deposit,240.0,0,Transient,211.75,1,3
Resort Hotel,0,85,2015,August,32,8,2,2,2,0.0,0,HB,FRA,Online TA,TA/TO,0,0,0,G,G,0,No Deposit,240.0,0,Transient,246.0,0,1
Resort Hotel,1,137,2015,August,32,8,2,2,2,0.0,0,BB,PRT,Online TA,TA/TO,0,0,0,A,A,0,No Deposit,240.0,0,Transient,108.54,0,1
Resort Hotel,1,67,2015,August,32,8,2,4,2,0.0,0,HB,PRT,Online TA,TA/TO,0,0,0,D,D,0,No Deposit,240.0,0,Transient,186.0,0,0
Resort Hotel,1,54,2015,August,32,8,2,5,2,0.0,0,HB,PRT,Online TA,TA/TO,0,0,0,D,D,0,No Deposit,240.0,0,Transient,205.0,0,1
Resort Hotel,1,87,2015,August,32,8,2,5,2,0.0,0,BB,PRT,Online TA,TA/TO,0,0,0,D,D,0,No Deposit,240.0,0,Transient,154.0,0,1
Resort Hotel,1,54,2015,August,32,8,2,5,2,0.0,0,HB,PRT,Direct,Direct,0,0,0,A,A,0,No Deposit,250.0,0,Transient,200.71,0,0
Resort Hotel,1,54,2015,August,32,8,2,5,2,0.0,0,HB,PRT,Direct,Direct,0,0,0,F,F,0,No Deposit,250.0,0,Transient,228.0,0,0
Resort Hotel,1,54,2015,August,32,8,2,5,2,0.0,0,HB,PRT,Online TA,TA/TO,0,0,0,D,D,0,No Deposit,240.0,0,Transient,205.0,0,1
Resort Hotel,1,84,2015,August,32,8,2,5,2,0.0,0,BB,PRT,Online TA,TA/TO,0,0,0,A,A,0,No Deposit,240.0,0,Transient,134.0,0,2
Resort Hotel,1,106,2015,August,32,8,2,5,2,0.0,0,HB,PRT,Offline TA/TO,TA/TO,0,0,0,A,A,0,No Deposit,171.0,0,Transient,119.7,0,1
Resort Hotel,0,136,2015,August,32,8,2,5,2,0.0,0,BB,IRL,Offline TA/TO,TA/TO,0,0,0,A,A,0,No Deposit,156.0,0,Contract,90.95,0,1
Resort Hotel,0,98,2015,August,32,8,2,5,2,0.0,0,HB,PRT,Offline TA/TO,TA/TO,0,0,0,A,A,0,No Deposit,127.0,0,Transient,138.0,0,0
Resort Hotel,1,91,2015,August,32,8,2,5,2,0.0,0,BB,PRT,Online TA,TA/TO,0,0,0,A,A,0,No Deposit,240.0,0,Transient,134.0,0,1
Resort Hotel,0,61,2015,August,32,8,4,9,2,0.0,0,BB,FRA,Online TA,TA/TO,0,0,0,D,D,0,No Deposit,240.0,0,Transient,165.69,1,0
Resort Hotel,0,0,2015,August,33,9,1,0,2,0.0,0,BB,PRT,Direct,Direct,0,0,0,G,G,0,No Deposit,,0,Transient,195.0,0,0
Resort Hotel,0,5,2015,August,33,9,1,0,2,0.0,0,BB,PRT,Online TA,TA/TO,0,0,0,A,E,0,No Deposit,306.0,0,Transient,127.31,0,0
Resort Hotel,0,2,2015,August,33,9,1,0,2,0.0,0,BB,PRT,Online TA,TA/TO,0,0,0,D,D,0,No Deposit,240.0,0,Transient,134.0,0,1
Resort Hotel,1,10,2015,August,33,9,2,0,2,0.0,0,BB,PRT,Online TA,TA/TO,0,0,0,E,E,0,No Deposit,240.0,0,Transient,211.5,0,1
Resort Hotel,0,62,2015,August,33,9,2,1,2,0.0,0,BB,FRA,Online TA,TA/TO,0,0,0,E,F,1,No Deposit,240.0,0,Transient,210.33,1,2
Resort Hotel,0,34,2015,August,33,9,2,2,2,0.0,0,BB,USA,Online TA,TA/TO,0,0,0,D,D,0,No Deposit,240.0,0,Transient,211.0,0,1
Resort Hotel,0,82,2015,August,33,9,2,2,2,0.0,0,BB,CN,Online TA,TA/TO,0,0,0,D,D,0,No Deposit,240.0,0,Transient,154.0,0,0
Resort Hotel,1,65,2015,August,33,9,2,3,2,0.0,0,BB,PRT,Online TA,TA/TO,0,0,0,A,A,0,No Deposit,240.0,0,Transient,145.4,0,0
Resort Hotel,0,55,2015,August,33,9,2,4,2,0.0,0,HB,MEX,Online TA,TA/TO,0,0,0,D,D,0,No Deposit,242.0,0,Transient,179.38,0,0
Resort Hotel,1,122,2015,August,33,9,2,4,2,0.0,0,HB,PRT,Online TA,TA/TO,0,0,0,A,A,0,No Deposit,240.0,0,Transient,166.0,0,2
Resort Hotel,1,41,2015,August,33,9,2,4,2,0.0,0,BB,PRT,Online TA,TA/TO,0,0,0,E,E,0,No Deposit,240.0,0,Transient,202.0,0,2
Resort Hotel,1,41,2015,August,33,9,2,4,2,0.0,0,BB,PRT,Online TA,TA/TO,0,0,0,A,A,0,No Deposit,240.0,0,Transient,172.0,0,2
Resort Hotel,0,59,2015,August,33,9,2,5,2,0.0,0,BB,GBR,Offline TA/TO,TA/TO,0,0,0,A,A,0,No Deposit,243.0,0,Transient,104.0,0,0
Resort Hotel,0,72,2015,August,33,9,2,5,2,0.0,0,HB,PRT,Offline TA/TO,TA/TO,0,0,0,A,A,0,No Deposit,149.0,0,Transient,133.0,0,1
Resort Hotel,0,81,2015,August,33,9,2,5,2,0.0,0,HB,GBR,Offline TA/TO,TA/TO,0,0,0,A,A,0,No Deposit,243.0,0,Transient,130.0,0,0
Resort Hotel,1,72,2015,August,33,9,2,5,2,0.0,0,BB,PRT,Online TA,TA/TO,0,0,0,D,D,0,No Deposit,240.0,0,Transient,154.0,0,0
Resort Hotel,0,68,2015,August,33,9,2,5,2,0.0,0,BB,GBR,Offline TA/TO,TA/TO,0,0,0,A,A,0,No Deposit,26.0,0,Transient,106.4,0,0
Resort Hotel,1,127,2015,August,33,9,4,10,2,0.0,0,HB,PRT,Offline TA/TO,TA/TO,0,0,0,A,A,0,No Deposit,29.0,0,Transient-Party,133.0,0,1
Resort Hotel,0,5,2015,August,33,10,0,0,2,0.0,0,HB,PRT,Online TA,TA/TO,0,0,0,D,F,0,No Deposit,240.0,0,Transient,0.0,0,2
Resort Hotel,1,47,2015,August,33,10,1,2,2,0.0,0,BB,PRT,Online TA,TA/TO,0,0,0,D,D,0,No Deposit,240.0,0,Transient,192.0,0,1
Resort Hotel,0,19,2015,August,33,10,1,2,2,0.0,0,BB,RUS,Online TA,TA/TO,0,0,0,E,F,0,No Deposit,240.0,0,Transient,221.0,0,2
Resort Hotel,1,72,2015,August,33,10,1,1,2,0.0,0,BB,PRT,Online TA,TA/TO,0,0,0,A,A,0,No Deposit,240.0,0,Transient,120.6,0,0
Resort Hotel,0,30,2015,August,33,10,1,2,2,0.0,0,BB,USA,Online TA,TA/TO,0,0,0,A,C,0,No Deposit,240.0,0,Transient,211.0,0,0
Resort Hotel,1,139,2015,August,33,10,1,4,2,0.0,0,BB,PRT,Online TA,TA/TO,0,0,0,E,E,0,No Deposit,240.0,0,Transient,147.6,0,1
Resort Hotel,0,112,2015,August,33,10,1,4,2,0.0,0,BB,ESP,Offline TA/TO,TA/TO,0,0,0,D,D,0,No Deposit,258.0,0,Transient,129.0,0,0
Resort Hotel,1,63,2015,August,33,10,1,4,2,0.0,0,HB,PRT,Online TA,TA/TO,0,0,0,D,D,0,No Deposit,240.0,0,Transient,205.0,0,0
Resort Hotel,0,35,2015,August,33,10,1,5,2,0.0,0,BB,ESP,Online TA,TA/TO,0,0,0,A,A,0,No Deposit,241.0,0,Transient,147.07,0,1
Resort Hotel,1,75,2015,August,33,10,1,5,2,0.0,0,HB,PRT,Offline TA/TO,TA/TO,0,0,0,A,A,0,No Deposit,142.0,0,Transient,107.2,0,0
Resort Hotel,0,136,2015,August,33,10,1,5,2,0.0,0,BB,PRT,Online TA,TA/TO,0,0,0,G,G,0,No Deposit,240.0,0,Transient,179.1,1,1
Resort Hotel,0,35,2015,August,33,10,1,5,2,0.0,0,BB,PRT,Online TA,TA/TO,0,0,0,F,F,0,No Deposit,241.0,0,Transient,164.65,0,1
Resort Hotel,1,77,2015,August,33,10,1,5,2,0.0,0,BB,PRT,Online TA,TA/TO,0,0,0,A,A,0,No Deposit,240.0,0,Transient,134.0,0,0
Resort Hotel,1,38,2015,August,33,10,2,5,2,0.0,0,BB,PRT,Online TA,TA/TO,0,0,0,A,A,0,No Deposit,240.0,0,Transient,185.57,0,2
Resort Hotel,1,60,2015,August,33,10,3,5,2,0.0,0,BB,PRT,Direct,Direct,0,0,0,F,F,0,No Deposit,,0,Transient,175.0,0,1
Resort Hotel,1,60,2015,August,33,10,3,5,2,0.0,0,BB,PRT,Direct,Direct,0,0,0,F,F,0,No Deposit,,0,Transient,175.0,0,1
Resort Hotel,0,76,2015,August,33,10,3,8,2,0.0,0,HB,IRL,Direct,Direct,0,0,0,D,D,0,No Deposit,,0,Transient,169.0,0,1
Resort Hotel,0,90,2015,August,33,11,0,0,2,0.0,0,BB,PRT,Online TA,TA/TO,0,0,0,E,E,0,No Deposit,240.0,0,Transient,0.0,0,2
Resort Hotel,0,90,2015,August,33,11,0,0,2,0.0,0,BB,PRT,Online TA,TA/TO,0,0,0,A,D,0,No Deposit,240.0,0,Transient,0.0,0,2
Resort Hotel,1,87,2015,August,33,11,0,2,2,0.0,0,BB,PRT,Direct,Direct,0,0,0,A,A,1,No Deposit,250.0,0,Transient,134.0,0,0
Resort Hotel,1,31,2015,August,33,11,0,2,2,0.0,0,BB,PRT,Online TA,TA/TO,0,0,0,D,D,0,No Deposit,240.0,0,Transient,211.0,0,2
Resort Hotel,1,74,2015,August,33,11,0,2,2,0.0,0,BB,PRT,Direct,Direct,0,0,0,A,A,1,No Deposit,250.0,0,Transient,134.0,0,1
Resort Hotel,1,120,2015,August,33,11,0,3,2,0.0,0,BB,PRT,Online TA,TA/TO,0,0,0,A,A,0,No Deposit,240.0,0,Transient,120.6,0,1
Resort Hotel,1,120,2015,August,33,11,0,3,2,0.0,0,BB,PRT,Online TA,TA/TO,0,0,0,A,A,0,No Deposit,240.0,0,Transient,120.6,0,1
Resort Hotel,1,116,2015,August,33,11,0,4,2,0.0,0,BB,PRT,Online TA,TA/TO,0,0,0,E,E,0,No Deposit,240.0,0,Transient,164.0,0,0
Resort Hotel,1,83,2015,August,33,11,0,4,2,0.0,0,BB,PRT,Online TA,TA/TO,0,0,0,A,A,0,No Deposit,240.0,0,Transient,120.6,0,0
Resort Hotel,0,80,2015,August,33,11,0,4,2,0.0,0,BB,IRL,Online TA,TA/TO,0,0,0,D,D,0,No Deposit,240.0,0,Transient,154.0,0,0
Resort Hotel,1,78,2015,August,33,11,0,5,2,0.0,0,BB,PRT,Online TA,TA/TO,0,0,0,G,G,0,No Deposit,240.0,0,Transient,214.0,0,0
Resort Hotel,1,117,2015,August,33,11,0,5,2,0.0,0,HB,PRT,Offline TA/TO,TA/TO,0,0,0,D,D,0,No Deposit,242.0,0,Transient-Party,186.0,0,1
Resort Hotel,0,70,2015,August,33,11,0,5,2,0.0,0,BB,PRT,Online TA,TA/TO,0,0,0,D,D,0,No Deposit,240.0,0,Transient,154.0,0,0
Resort Hotel,1,117,2015,August,33,11,0,5,2,0.0,0,HB,PRT,Offline TA/TO,TA/TO,0,0,0,D,D,0,No Deposit,242.0,0,Transient-Party,186.0,0,1
Resort Hotel,1,22,2015,August,33,11,1,5,2,0.0,0,HB,PRT,Online TA,TA/TO,0,0,0,D,D,0,No Deposit,240.0,0,Transient,241.0,0,0
Resort Hotel,1,34,2015,August,33,11,2,5,2,0.0,0,HB,PRT,Online TA,TA/TO,0,0,0,D,D,0,No Deposit,240.0,0,Transient,274.93,0,2
Resort Hotel,0,68,2015,August,33,11,2,5,2,0.0,0,HB,RUS,Online TA,TA/TO,0,0,0,A,A,0,No Deposit,240.0,0,Transient,156.73,0,0
Resort Hotel,1,69,2015,August,33,11,2,5,2,0.0,0,HB,PRT,Online TA,TA/TO,0,0,0,A,A,0,No Deposit,240.0,0,Transient,156.73,0,0
Resort Hotel,1,85,2015,August,33,11,0,5,2,0.0,0,BB,PRT,Online TA,TA/TO,0,0,0,A,A,1,No Deposit,242.0,0,Transient,134.0,0,2
Resort Hotel,1,102,2015,August,33,11,0,5,2,0.0,0,BB,PRT,Online TA,TA/TO,0,0,0,A,A,0,No Deposit,240.0,0,Transient,134.0,0,1
Resort Hotel,0,31,2015,August,33,11,2,5,2,0.0,0,BB,PRT,Online TA,TA/TO,0,0,0,D,D,0,No Deposit,240.0,0,Transient,211.0,0,1
Resort Hotel,1,102,2015,August,33,11,2,10,2,0.0,0,HB,PRT,Online TA,TA/TO,0,0,0,E,E,0,No Deposit,240.0,0,Transient,196.0,0,2
Resort Hotel,1,80,2015,August,33,11,2,5,2,0.0,0,BB,PRT,Online TA,TA/TO,0,0,0,A,A,0,No Deposit,241.0,0,Transient,98.02,0,0
Resort Hotel,1,85,2015,August,33,11,2,5,2,0.0,0,BB,PRT,Online TA,TA/TO,0,0,0,A,A,0,No Deposit,240.0,0,Transient,120.6,0,0
Resort Hotel,0,33,2015,August,33,12,0,1,2,0.0,0,BB,PRT,Groups,Corporate,0,0,0,G,G,0,No Deposit,,0,Transient-Party,252.0,0,1
Resort Hotel,0,47,2015,August,33,12,0,3,2,0.0,0,HB,FRA,Online TA,TA/TO,0,0,0,A,A,0,No Deposit,241.0,0,Transient,157.08,0,2
Resort Hotel,1,2,2015,August,33,12,0,3,2,0.0,0,BB,PRT,Online TA,TA/TO,0,0,0,G,G,0,No Deposit,240.0,0,Transient,258.33,0,1
Resort Hotel,1,22,2015,August,33,12,0,4,2,0.0,0,BB,PRT,Online TA,TA/TO,0,0,0,D,D,1,No Deposit,240.0,0,Transient,211.0,0,3
Resort Hotel,1,22,2015,August,33,12,0,4,2,0.0,0,BB,PRT,Online TA,TA/TO,0,0,0,D,D,1,No Deposit,240.0,0,Transient,211.0,0,3
Resort Hotel,1,55,2015,August,33,12,2,5,2,0.0,0,BB,PRT,Online TA,TA/TO,0,0,0,D,D,0,No Deposit,241.0,0,Transient,133.21,0,0
Resort Hotel,1,68,2015,August,33,12,2,6,2,0.0,0,BB,PRT,Online TA,TA/TO,0,0,0,E,E,0,No Deposit,240.0,0,Transient,173.5,0,0
Resort Hotel,0,128,2015,August,33,12,2,8,2,0.0,0,BB,FRA,Offline TA/TO,TA/TO,0,0,0,A,D,0,No Deposit,6.0,0,Transient-Party,90.95,0,1
Resort Hotel,0,128,2015,August,33,12,2,8,2,0.0,0,BB,FRA,Offline TA/TO,TA/TO,0,0,0,A,D,0,No Deposit,6.0,0,Transient-Party,90.95,0,1
Resort Hotel,0,78,2015,August,33,12,1,4,2,0.0,0,BB,PRT,Online TA,TA/TO,0,0,0,A,A,0,No Deposit,240.0,0,Transient,134.0,0,0
Resort Hotel,1,85,2015,August,33,12,4,10,2,0.0,0,BB,PRT,Online TA,TA/TO,0,0,0,A,A,0,No Deposit,240.0,0,Transient,120.6,0,0
Resort Hotel,0,0,2015,August,33,13,0,1,2,0.0,0,BB,FRA,Online TA,TA/TO,0,0,0,A,B,0,No Deposit,240.0,0,Transient,172.0,0,1
Resort Hotel,0,9,2015,August,33,13,0,1,2,0.0,0,BB,CN,Corporate,Corporate,0,0,0,E,F,0,No Deposit,110.0,0,Transient,184.45,1,0
Resort Hotel,1,9,2015,August,33,13,0,1,2,0.0,0,BB,PRT,Corporate,Corporate,0,0,0,E,E,0,No Deposit,110.0,0,Transient,184.45,0,0
Resort Hotel,1,120,2015,August,33,13,0,2,2,0.0,0,BB,PRT,Online TA,TA/TO,0,0,0,A,A,0,No Deposit,240.0,0,Transient,120.6,0,0
Resort Hotel,1,72,2015,August,33,13,0,3,2,0.0,0,BB,PRT,Online TA,TA/TO,0,0,0,A,A,0,No Deposit,147.0,0,Transient,114.14,0,1
Resort Hotel,0,23,2015,August,33,13,0,3,2,0.0,0,BB,ESP,Offline TA/TO,TA/TO,0,0,0,D,E,0,No Deposit,142.0,0,Contract,168.8,0,0
Resort Hotel,1,8,2015,August,33,13,0,3,2,0.0,0,BB,PRT,Direct,Direct,0,0,0,A,A,0,No Deposit,,0,Transient,178.33,0,2
Resort Hotel,1,8,2015,August,33,13,0,3,2,0.0,0,BB,PRT,Direct,Direct,0,0,0,A,A,0,No Deposit,,0,Transient,178.33,0,2
Resort Hotel,0,135,2015,August,33,13,1,3,2,0.0,0,HB,ESP,Online TA,TA/TO,0,0,0,E,E,0,No Deposit,240.0,0,Transient,196.0,0,1
Resort Hotel,0,76,2015,August,33,13,1,3,2,0.0,0,BB,GBR,Online TA,TA/TO,0,0,0,A,A,0,No Deposit,147.0,0,Transient,87.91,0,1
Resort Hotel,1,15,2015,August,33,13,2,3,2,0.0,0,BB,PRT,Direct,Direct,0,0,0,E,E,0,No Deposit,,0,Transient,211.0,0,0
Resort Hotel,1,23,2015,August,33,13,2,3,2,0.0,0,BB,PRT,Online TA,TA/TO,0,0,0,A,A,0,No Deposit,240.0,0,Transient,187.2,0,2
Resort Hotel,0,87,2015,August,33,13,2,3,2,0.0,0,BB,ESP,Online TA,TA/TO,0,0,0,D,E,1,No Deposit,240.0,0,Transient,154.0,0,2
Resort Hotel,1,89,2015,August,33,13,2,5,2,0.0,0,BB,PRT,Offline TA/TO,TA/TO,0,0,0,A,B,0,No Deposit,142.0,0,Contract,107.2,0,2
Resort Hotel,0,51,2015,August,33,14,0,0,2,0.0,0,BB,PRT,Online TA,TA/TO,0,0,0,D,D,0,No Deposit,240.0,0,Transient,0.0,0,2
Resort Hotel,0,0,2015,August,33,14,0,1,2,0.0,0,BB,PRT,Direct,Direct,0,0,0,A,D,1,No Deposit,,0,Transient,173.0,0,0
Resort Hotel,0,0,2015,August,33,14,0,1,2,0.0,0,BB,PRT,Online TA,TA/TO,0,0,0,D,F,0,No Deposit,240.0,0,Transient-Party,172.0,0,2
Resort Hotel,0,0,2015,August,33,14,0,1,2,0.0,0,BB,PRT,Online TA,TA/TO,0,0,0,A,E,0,No Deposit,240.0,0,Transient,120.6,0,0
Resort Hotel,0,0,2015,August,33,14,0,1,2,0.0,0,BB,CHN,Online TA,TA/TO,0,0,0,D,F,0,No Deposit,240.0,0,Transient-Party,172.0,0,2
Resort Hotel,0,21,2015,August,33,14,0,2,2,0.0,0,BB,ESP,Online TA,TA/TO,0,0,0,E,E,0,No Deposit,240.0,0,Transient,236.0,0,1
Resort Hotel,1,51,2015,August,33,14,0,2,2,0.0,0,HB,PRT,Online TA,TA/TO,0,0,0,E,E,0,No Deposit,240.0,0,Transient,232.0,0,1
Resort Hotel,0,38,2015,August,33,14,0,2,2,0.0,0,HB,ESP,Online TA,TA/TO,0,0,0,A,D,0,No Deposit,242.0,0,Transient,223.0,0,1
Resort Hotel,1,84,2015,August,33,14,2,2,2,0.0,0,HB,PRT,Offline TA/TO,TA/TO,0,0,0,A,A,0,No Deposit,134.0,0,Transient,133.0,0,0
Resort Hotel,1,63,2015,August,33,14,2,2,2,0.0,0,HB,PRT,Online TA,TA/TO,0,0,0,D,D,0,No Deposit,240.0,0,Transient,195.5,0,0
Resort Hotel,0,7,2015,August,33,14,2,2,2,0.0,0,BB,PRT,Direct,Direct,0,0,0,A,A,0,No Deposit,,0,Transient,167.25,0,0
Resort Hotel,1,91,2015,August,33,14,2,2,2,0.0,0,HB,PRT,Direct,Direct,0,0,0,F,F,0,No Deposit,,0,Transient,209.0,0,0
Resort Hotel,0,81,2015,August,33,14,2,3,2,0.0,0,BB,PRT,Online TA,TA/TO,0,0,0,D,D,0,No Deposit,240.0,0,Transient,166.0,1,0
Resort Hotel,0,6,2015,August,33,14,2,3,2,0.0,0,BB,ESP,Online TA,TA/TO,0,0,0,D,D,0,No Deposit,240.0,0,Transient,195.8,1,1
Resort Hotel,1,22,2015,August,33,14,2,5,2,0.0,0,HB,PRT,Online TA,TA/TO,0,0,0,E,E,0,No Deposit,240.0,0,Transient,266.0,0,0
Resort Hotel,0,150,2015,August,33,14,2,5,2,0.0,0,BB,NLD,Offline TA/TO,TA/TO,0,0,0,A,A,0,No Deposit,71.0,0,Transient,96.3,0,1
Resort Hotel,0,64,2015,August,33,14,2,5,2,0.0,0,BB,NLD,Offline TA/TO,TA/TO,0,0,0,A,A,0,No Deposit,71.0,0,Transient,107.0,0,0
Resort Hotel,0,3,2015,August,33,15,1,1,2,0.0,0,BB,PRT,Direct,Direct,0,0,0,D,F,0,No Deposit,250.0,0,Transient,182.5,0,1
Resort Hotel,0,68,2015,August,33,15,2,2,2,0.0,0,HB,PRT,Offline TA/TO,TA/TO,0,0,0,D,D,0,No Deposit,146.0,0,Transient,157.0,0,1
Resort Hotel,0,35,2015,August,33,15,2,2,2,0.0,0,HB,PRT,Direct,Direct,0,0,0,D,E,0,No Deposit,250.0,0,Transient,234.0,1,0
Resort Hotel,0,68,2015,August,33,15,2,2,2,0.0,0,HB,PRT,Offline TA/TO,TA/TO,0,0,0,D,D,0,No Deposit,146.0,0,Transient,157.0,0,1
Resort Hotel,1,11,2015,August,33,15,2,3,2,0.0,0,BB,PRT,Online TA,TA/TO,0,0,0,A,A,0,No Deposit,240.0,0,Transient,158.4,0,2
Resort Hotel,1,80,2015,August,33,15,2,3,2,0.0,0,HB,PRT,Offline TA/TO,TA/TO,0,0,0,A,A,0,No Deposit,6.0,0,Transient,133.0,0,1
Resort Hotel,0,77,2015,August,33,15,2,3,2,0.0,0,HB,PRT,Offline TA/TO,TA/TO,0,0,0,A,A,0,No Deposit,96.0,0,Transient-Party,135.0,0,1
Resort Hotel,1,80,2015,August,33,15,2,3,2,0.0,0,HB,PRT,Offline TA/TO,TA/TO,0,0,0,A,A,0,No Deposit,6.0,0,Transient,133.0,0,1
Resort Hotel,0,31,2015,August,33,15,2,4,2,0.0,0,FB,PRT,Direct,Direct,0,0,0,D,D,0,No Deposit,,0,Transient-Party,248.0,0,1
Resort Hotel,0,93,2015,August,33,15,2,4,2,0.0,0,BB,ESP,Offline TA/TO,TA/TO,0,0,0,A,A,0,No Deposit,134.0,0,Transient,107.0,0,0
Resort Hotel,1,68,2015,August,33,15,2,5,2,0.0,0,HB,PRT,Offline TA/TO,TA/TO,0,0,0,A,A,0,No Deposit,196.0,0,Transient,135.0,0,0
Resort Hotel,1,72,2015,August,33,15,2,5,2,0.0,0,HB,PRT,Offline TA/TO,TA/TO,0,0,0,D,D,0,No Deposit,6.0,0,Transient,149.0,0,0
Resort Hotel,0,65,2015,August,33,15,2,5,2,0.0,0,BB,PRT,Offline TA/TO,TA/TO,0,0,0,A,A,0,No Deposit,8.0,0,Transient,107.0,0,0
Resort Hotel,1,71,2015,August,33,15,2,5,2,0.0,0,HB,PRT,Offline TA/TO,TA/TO,0,0,0,A,A,0,No Deposit,196.0,0,Transient,135.0,0,0
Resort Hotel,1,65,2015,August,33,15,2,5,2,0.0,0,HB,PRT,Offline TA/TO,TA/TO,0,0,0,A,A,0,No Deposit,196.0,0,Transient,135.0,0,0
Resort Hotel,1,98,2015,August,33,15,2,5,2,0.0,0,BB,PRT,Online TA,TA/TO,0,0,0,A,A,0,No Deposit,240.0,0,Transient,132.6,0,1
Resort Hotel,0,26,2015,August,33,15,2,5,2,0.0,0,BB,PRT,Direct,Direct,0,0,0,D,D,1,No Deposit,,0,Transient,200.71,1,0
Resort Hotel,1,67,2015,August,33,15,2,5,2,0.0,0,HB,PRT,Online TA,TA/TO,0,0,0,E,E,1,No Deposit,240.0,0,Transient,198.71,0,0
Resort Hotel,0,75,2015,August,33,15,2,5,2,0.0,0,BB,IRL,Offline TA/TO,TA/TO,0,0,0,A,A,0,No Deposit,156.0,0,Transient,101.65,0,0
Resort Hotel,1,78,2015,August,33,15,2,6,2,0.0,0,HB,PRT,Online TA,TA/TO,0,0,0,D,D,0,No Deposit,240.0,0,Transient,186.0,0,0
Resort Hotel,1,65,2015,August,33,15,2,5,2,0.0,0,HB,PRT,Online TA,TA/TO,0,0,0,D,D,1,No Deposit,242.0,0,Transient,188.71,0,0
Resort Hotel,0,84,2015,August,33,15,4,10,2,0.0,0,BB,PRT,Offline TA/TO,TA/TO,0,0,0,A,A,0,No Deposit,261.0,0,Transient,107.0,0,1
Resort Hotel,1,47,2015,August,33,15,6,12,2,0.0,0,BB,PRT,Online TA,TA/TO,0,0,0,E,E,0,No Deposit,240.0,0,Transient,181.94,0,0
Resort Hotel,1,4,2015,August,34,16,1,0,2,0.0,0,BB,PRT,Corporate,Corporate,0,0,0,E,E,0,No Deposit,,0,Transient,185.0,0,0
Resort Hotel,1,12,2015,August,34,16,1,0,2,0.0,0,BB,PRT,Corporate,Corporate,0,0,0,E,E,0,No Deposit,110.0,0,Transient,184.45,0,0
Resort Hotel,0,0,2015,August,34,16,1,0,2,0.0,0,BB,GBR,Online TA,TA/TO,0,0,0,A,G,0,No Deposit,240.0,0,Group,195.0,0,0
Resort Hotel,0,2,2015,August,34,16,1,0,2,0.0,0,BB,BRA,Online TA,TA/TO,0,0,0,A,E,0,No Deposit,240.0,0,Transient,153.0,0,1
Resort Hotel,1,12,2015,August,34,16,1,0,2,0.0,0,BB,PRT,Corporate,Corporate,0,0,0,E,E,0,No Deposit,110.0,0,Transient,184.45,0,0
Resort Hotel,1,12,2015,August,34,16,1,0,2,0.0,0,BB,PRT,Corporate,Corporate,0,0,0,E,E,0,No Deposit,110.0,0,Transient,184.45,0,0
Resort Hotel,1,11,2015,August,34,16,1,0,2,0.0,0,BB,PRT,Corporate,Corporate,0,0,0,E,E,0,No Deposit,,0,Transient,185.0,0,0
Resort Hotel,1,143,2015,August,34,16,2,0,2,0.0,0,BB,PRT,Online TA,TA/TO,0,0,0,A,A,0,No Deposit,240.0,0,Transient,108.54,0,1
Resort Hotel,1,99,2015,August,34,16,2,1,2,0.0,0,BB,PRT,Online TA,TA/TO,0,0,0,D,D,0,No Deposit,240.0,0,Transient,154.0,0,1
Resort Hotel,1,22,2015,August,34,16,2,2,2,0.0,0,BB,PRT,Online TA,TA/TO,0,0,0,E,E,0,No Deposit,240.0,0,Transient,248.0,0,1
Resort Hotel,1,15,2015,August,34,16,2,2,2,0.0,0,BB,PRT,Online TA,TA/TO,0,0,0,A,A,0,No Deposit,240.0,0,Transient,150.53,0,2
Resort Hotel,1,15,2015,August,34,16,2,2,2,0.0,0,BB,PRT,Online TA,TA/TO,0,0,0,A,A,0,No Deposit,240.0,0,Transient,150.53,0,2
Resort Hotel,1,66,2015,August,34,16,2,5,2,0.0,0,BB,PRT,Online TA,TA/TO,0,0,0,D,D,0,No Deposit,240.0,0,Transient,154.0,0,1
Resort Hotel,1,66,2015,August,34,16,2,5,2,0.0,0,BB,PRT,Online TA,TA/TO,0,0,0,D,D,0,No Deposit,240.0,0,Transient,154.0,0,1
Resort Hotel,1,79,2015,August,34,16,2,5,2,0.0,0,BB,PRT,Online TA,TA/TO,0,0,0,D,D,0,No Deposit,240.0,0,Transient,154.0,0,0
Resort Hotel,1,66,2015,August,34,16,3,5,2,0.0,0,BB,PRT,Online TA,TA/TO,0,0,0,D,D,0,No Deposit,240.0,0,Transient,154.0,0,0
Resort Hotel,1,151,2015,August,34,16,4,6,2,0.0,0,BB,PRT,Offline TA/TO,TA/TO,0,0,0,A,A,0,No Deposit,134.0,0,Transient,96.3,0,0
Resort Hotel,1,122,2015,August,34,16,4,10,2,0.0,0,BB,PRT,Online TA,TA/TO,0,0,0,A,A,0,No Deposit,240.0,0,Transient,134.0,0,1
Resort Hotel,1,132,2015,August,34,17,1,4,2,0.0,0,BB,PRT,Online TA,TA/TO,0,0,0,A,A,0,No Deposit,240.0,0,Transient,134.0,0,2
Resort Hotel,0,58,2015,August,34,17,1,4,2,0.0,0,BB,PRT,Online TA,TA/TO,0,0,0,E,E,0,No Deposit,240.0,0,Transient-Party,183.0,0,0
Resort Hotel,1,98,2015,August,34,17,1,3,2,0.0,0,HB,PRT,Online TA,TA/TO,0,0,0,A,A,1,No Deposit,240.0,0,Transient,149.4,0,0
Resort Hotel,0,96,2015,August,34,17,1,5,2,0.0,0,BB,PRT,Online TA,TA/TO,0,0,0,A,A,0,No Deposit,240.0,0,Transient-Party,134.0,0,3
Resort Hotel,0,80,2015,August,34,17,2,5,2,0.0,0,HB,GBR,Offline TA/TO,TA/TO,0,0,0,A,A,0,No Deposit,26.0,0,Transient,131.1,0,0
Resort Hotel,1,110,2015,August,34,17,2,5,2,0.0,0,BB,PRT,Online TA,TA/TO,0,0,0,A,A,0,No Deposit,240.0,0,Transient,134.0,0,1
Resort Hotel,1,108,2015,August,34,17,2,5,2,0.0,0,HB,PRT,Offline TA/TO,TA/TO,0,0,0,A,A,0,No Deposit,149.0,0,Transient,133.0,0,0
Resort Hotel,0,74,2015,August,34,17,2,5,2,0.0,0,BB,IRL,Offline TA/TO,TA/TO,0,0,0,A,A,0,No Deposit,40.0,0,Transient,101.65,0,0
Resort Hotel,0,79,2015,August,34,17,2,5,2,0.0,0,HB,PRT,Offline TA/TO,TA/TO,0,0,0,A,A,0,No Deposit,134.0,0,Transient,133.0,0,0
Resort Hotel,1,116,2015,August,34,17,2,5,2,0.0,0,HB,PRT,Offline TA/TO,TA/TO,0,0,0,A,A,0,No Deposit,149.0,0,Transient-Party,133.0,0,1
Resort Hotel,0,80,2015,August,34,17,2,5,2,0.0,0,HB,PRT,Offline TA/TO,TA/TO,0,0,0,A,A,0,No Deposit,171.0,0,Transient,133.0,0,0
Resort Hotel,1,116,2015,August,34,17,2,5,2,0.0,0,HB,PRT,Offline TA/TO,TA/TO,0,0,0,A,A,0,No Deposit,149.0,0,Transient-Party,133.0,0,1
Resort Hotel,1,87,2015,August,34,17,3,7,2,0.0,0,BB,PRT,Online TA,TA/TO,0,0,0,A,A,0,No Deposit,147.0,0,Transient,87.9,0,0
Resort Hotel,1,13,2015,August,34,18,0,3,2,0.0,0,HB,PRT,Online TA,TA/TO,0,0,0,A,A,0,No Deposit,240.0,0,Transient,202.0,0,1
Resort Hotel,1,56,2015,August,34,18,0,3,2,0.0,0,HB,PRT,Online TA,TA/TO,0,0,0,E,E,0,No Deposit,240.0,0,Transient,213.0,0,1
Resort Hotel,1,1,2015,August,34,18,0,1,2,0.0,0,BB,PRT,Corporate,Corporate,0,0,0,E,E,0,No Deposit,,0,Transient,172.55,0,0
Resort Hotel,0,13,2015,August,34,18,0,1,2,0.0,0,BB,PRT,Direct,Direct,0,0,0,A,A,0,No Deposit,250.0,0,Transient,172.0,0,0
Resort Hotel,0,13,2015,August,34,18,0,3,2,0.0,0,BB,PRT,Online TA,TA/TO,0,0,0,A,A,2,No Deposit,240.0,0,Transient,172.0,0,1
Resort Hotel,1,56,2015,August,34,18,0,3,2,0.0,0,HB,PRT,Online TA,TA/TO,0,0,0,E,E,0,No Deposit,240.0,0,Transient,213.0,0,1
Resort Hotel,1,81,2015,August,34,18,0,5,2,0.0,0,HB,PRT,Direct,Direct,0,0,0,E,E,0,No Deposit,250.0,0,Transient,179.0,0,0
Resort Hotel,1,24,2015,August,34,18,0,5,2,0.0,0,BB,PRT,Online TA,TA/TO,0,0,0,E,E,0,No Deposit,240.0,0,Transient,236.0,0,2
Resort Hotel,0,126,2015,August,34,18,1,5,2,0.0,0,BB,PRT,Offline TA/TO,TA/TO,0,0,0,A,A,0,No Deposit,5.0,0,Transient-Party,96.3,0,1
Resort Hotel,0,126,2015,August,34,18,1,5,2,0.0,0,BB,PRT,Offline TA/TO,TA/TO,0,0,0,A,A,0,No Deposit,5.0,0,Transient-Party,96.3,0,1
Resort Hotel,1,147,2015,August,34,18,0,5,2,0.0,0,BB,PRT,Online TA,TA/TO,0,0,0,A,A,0,No Deposit,240.0,0,Transient,120.6,0,1
Resort Hotel,0,92,2015,August,34,18,2,8,2,0.0,0,BB,IRL,Online TA,TA/TO,0,0,0,A,A,0,No Deposit,240.0,0,Transient,134.0,0,1
Resort Hotel,0,91,2015,August,34,19,0,4,2,0.0,0,HB,ESP,Online TA,TA/TO,0,0,0,A,C,1,No Deposit,240.0,0,Transient,166.0,0,0
Resort Hotel,0,16,2015,August,34,19,0,4,2,0.0,0,BB,IRL,Direct,Direct,0,0,0,D,D,1,No Deposit,250.0,0,Transient,192.0,0,2
Resort Hotel,0,128,2015,August,34,19,1,4,2,0.0,0,BB,POL,Online TA,TA/TO,0,0,0,A,A,0,No Deposit,240.0,0,Transient,120.6,1,0
Resort Hotel,1,23,2015,August,34,19,2,5,2,0.0,0,HB,PRT,Online TA,TA/TO,0,0,0,D,D,0,No Deposit,240.0,0,Transient,241.0,0,1
Resort Hotel,1,29,2015,August,34,19,0,4,2,0.0,0,BB,PRT,Online TA,TA/TO,0,0,0,D,D,0,No Deposit,240.0,0,Transient,211.0,0,2
Resort Hotel,1,98,2015,August,34,19,1,4,2,0.0,0,BB,PRT,Online TA,TA/TO,0,0,0,A,A,0,No Deposit,240.0,0,Transient,134.0,0,2
Resort Hotel,1,23,2015,August,34,19,2,5,2,0.0,0,HB,PRT,Online TA,TA/TO,0,0,0,D,D,0,No Deposit,240.0,0,Transient,241.0,0,1
Resort Hotel,0,98,2015,August,34,19,2,7,2,0.0,0,BB,GBR,Online TA,TA/TO,0,0,0,D,D,0,No Deposit,147.0,0,Transient,8.0,0,0
Resort Hotel,0,138,2015,August,34,19,2,7,2,0.0,0,HB,PRT,Online TA,TA/TO,0,0,0,E,E,1,No Deposit,240.0,0,Transient,196.0,0,1
Resort Hotel,1,82,2015,August,34,19,2,7,2,0.0,0,HB,PRT,Online TA,TA/TO,0,0,0,D,D,0,No Deposit,240.0,0,Transient,198.0,0,0
Resort Hotel,0,10,2015,August,34,20,0,0,2,0.0,0,BB,PRT,Online TA,TA/TO,0,0,0,A,D,0,No Deposit,240.0,0,Transient,0.0,0,2
Resort Hotel,1,100,2015,August,34,20,0,2,2,0.0,0,HB,PRT,Offline TA/TO,TA/TO,0,0,0,E,E,0,No Deposit,134.0,0,Transient,158.5,0,0
Resort Hotel,0,10,2015,August,34,20,0,0,2,0.0,0,BB,PRT,Online TA,TA/TO,0,0,0,A,D,0,No Deposit,240.0,0,Transient,0.0,0,2
Resort Hotel,0,65,2015,August,34,20,0,3,2,0.0,0,BB,GBR,Offline TA/TO,TA/TO,0,0,0,A,B,0,No Deposit,156.0,0,Transient,107.0,0,1
Resort Hotel,1,94,2015,August,34,20,2,5,2,0.0,0,BB,PRT,Online TA,TA/TO,0,0,0,H,H,0,No Deposit,240.0,0,Transient,229.0,0,0
Resort Hotel,1,58,2015,August,34,20,2,5,2,0.0,0,HB,PRT,Offline TA/TO,TA/TO,0,0,0,A,A,0,No Deposit,156.0,0,Transient,133.0,0,0
Resort Hotel,0,80,2015,August,34,20,2,7,2,0.0,0,BB,RUS,Online TA,TA/TO,0,0,0,E,E,0,No Deposit,240.0,0,Transient,164.0,0,2
Resort Hotel,0,40,2015,August,34,20,2,3,2,0.0,0,BB,PRT,Direct,Direct,0,0,0,D,D,0,No Deposit,250.0,0,Transient,176.8,1,1
Resort Hotel,0,102,2015,August,34,21,0,2,2,0.0,0,BB,GBR,Online TA,TA/TO,0,0,0,A,A,0,No Deposit,240.0,0,Transient,134.0,0,1
Resort Hotel,0,16,2015,August,34,21,0,2,2,0.0,0,BB,ESP,Online TA,TA/TO,0,0,0,A,A,0,No Deposit,240.0,0,Transient,163.35,0,1
Resort Hotel,0,24,2015,August,34,21,0,2,2,0.0,0,BB,ESP,Online TA,TA/TO,0,0,0,A,A,0,No Deposit,240.0,0,Transient,171.9,0,2
Resort Hotel,0,24,2015,August,34,21,0,2,2,0.0,0,BB,ESP,Online TA,TA/TO,0,0,0,A,A,0,No Deposit,240.0,0,Transient,171.9,0,2
Resort Hotel,1,18,2015,August,34,21,0,2,2,0.0,0,BB,PRT,Online TA,TA/TO,0,0,0,D,D,0,No Deposit,240.0,0,Transient,213.5,0,2
Resort Hotel,1,36,2015,August,34,21,1,2,2,0.0,0,BB,PRT,Online TA,TA/TO,0,0,0,A,A,0,No Deposit,240.0,0,Transient,178.33,0,1
Resort Hotel,0,16,2015,August,34,21,2,2,2,0.0,0,BB,PRT,Online TA,TA/TO,0,0,0,A,A,0,No Deposit,240.0,0,Transient,176.75,0,1
Resort Hotel,0,50,2015,August,34,21,2,3,2,0.0,0,BB,IRL,Offline TA/TO,TA/TO,0,0,0,D,D,0,No Deposit,156.0,0,Transient,123.0,0,2
Resort Hotel,0,76,2015,August,34,21,2,3,2,0.0,0,BB,FRA,Online TA,TA/TO,0,0,0,A,A,1,No Deposit,240.0,0,Transient,134.0,0,0
Resort Hotel,0,112,2015,August,34,21,2,3,2,0.0,0,BB,FRA,Online TA,TA/TO,0,0,0,A,A,2,No Deposit,240.0,0,Transient,146.0,1,2
Resort Hotel,0,16,2015,August,34,21,2,3,2,0.0,0,BB,PRT,Direct,Direct,0,0,0,D,D,0,No Deposit,250.0,0,Transient,192.0,0,0
Resort Hotel,0,51,2015,August,34,21,2,4,2,0.0,0,HB,ESP,Online TA,TA/TO,0,0,0,A,A,1,No Deposit,240.0,0,Transient,183.0,0,1
Resort Hotel,0,13,2015,August,34,21,2,4,2,0.0,0,FB,PRT,Direct,Direct,0,0,0,A,A,0,No Deposit,,0,Transient,236.0,0,0
Resort Hotel,1,22,2015,August,34,21,2,4,2,0.0,0,BB,PRT,Online TA,TA/TO,0,0,0,A,A,0,No Deposit,240.0,0,Transient,191.0,0,3
Resort Hotel,0,32,2015,August,34,21,2,4,2,0.0,0,BB,CHE,Online TA,TA/TO,0,0,0,A,A,0,No Deposit,240.0,0,Transient,178.33,0,2
Resort Hotel,0,65,2015,August,34,21,2,5,2,0.0,0,HB,IRL,Online TA,TA/TO,0,0,0,D,D,1,No Deposit,240.0,0,Transient,188.71,0,0
Resort Hotel,1,63,2015,August,34,21,2,5,2,0.0,0,BB,PRT,Online TA,TA/TO,0,0,0,A,A,0,No Deposit,240.0,0,Transient,123.04,0,0
Resort Hotel,0,37,2015,August,34,21,2,5,2,0.0,0,HB,ESP,Online TA,TA/TO,0,0,0,D,D,0,No Deposit,240.0,0,Transient,222.0,0,0
Resort Hotel,0,35,2015,August,34,21,2,5,2,0.0,0,BB,IRL,Online TA,TA/TO,0,0,0,A,A,0,No Deposit,240.0,0,Transient,174.71,0,1
Resort Hotel,1,71,2015,August,34,21,2,7,2,0.0,0,BB,PRT,Online TA,TA/TO,0,0,0,A,A,0,No Deposit,240.0,0,Transient,118.7,0,0
Resort Hotel,0,71,2015,August,34,21,2,7,2,0.0,0,BB,IRL,Offline TA/TO,TA/TO,0,0,0,D,D,0,No Deposit,156.0,0,Transient,116.85,0,3
Resort Hotel,0,77,2015,August,34,21,3,7,2,0.0,0,BB,IRL,Online TA,TA/TO,0,0,0,F,F,0,No Deposit,241.0,0,Transient,129.55,0,1
Resort Hotel,1,21,2015,August,34,22,0,1,2,0.0,0,BB,PRT,Direct,Direct,0,0,0,A,C,0,No Deposit,,0,Transient,172.0,0,0
Resort Hotel,1,87,2015,August,34,22,0,1,2,0.0,0,BB,PRT,Online TA,TA/TO,0,0,0,E,E,0,No Deposit,240.0,0,Transient,164.0,0,0
Resort Hotel,0,54,2015,August,34,22,2,4,2,0.0,0,HB,PRT,Direct,Direct,0,0,0,A,A,0,No Deposit,250.0,0,Transient,179.83,0,0
Resort Hotel,1,156,2015,August,34,22,2,5,2,0.0,0,BB,PRT,Online TA,TA/TO,0,0,0,A,A,0,No Deposit,240.0,0,Transient,172.0,0,2
Resort Hotel,0,46,2015,August,34,22,2,5,2,0.0,0,HB,PRT,Offline TA/TO,TA/TO,0,0,0,D,D,0,No Deposit,261.0,0,Transient,160.43,1,2
Resort Hotel,0,46,2015,August,34,22,2,5,2,0.0,0,HB,PRT,Offline TA/TO,TA/TO,0,0,0,D,D,0,No Deposit,261.0,0,Transient,149.0,0,1
Resort Hotel,1,72,2015,August,34,22,2,5,2,0.0,0,BB,PRT,Online TA,TA/TO,0,0,0,A,A,0,No Deposit,240.0,0,Transient,134.0,0,0
Resort Hotel,0,85,2015,August,34,22,2,5,2,0.0,0,BB,PRT,Direct,Direct,0,0,0,D,D,0,No Deposit,,0,Transient,146.3,0,1
Resort Hotel,0,36,2015,August,34,22,2,5,2,0.0,0,HB,ESP,Offline TA/TO,TA/TO,0,0,0,A,A,0,No Deposit,142.0,0,Contract,161.26,0,0
Resort Hotel,1,68,2015,August,34,22,2,5,2,0.0,0,HB,PRT,Offline TA/TO,TA/TO,0,0,0,A,A,0,No Deposit,196.0,0,Transient,133.0,0,0
Resort Hotel,0,22,2015,August,34,22,2,5,2,0.0,0,BB,PRT,Offline TA/TO,TA/TO,0,0,0,D,E,0,No Deposit,5.0,0,Transient,162.29,0,0
Resort Hotel,0,12,2015,August,34,22,2,5,2,0.0,0,BB,PRT,Direct,Direct,0,0,0,H,H,1,No Deposit,,0,Transient-Party,221.43,1,1
Resort Hotel,1,42,2015,August,34,22,2,5,2,0.0,0,HB,PRT,Direct,Direct,0,0,0,A,A,0,No Deposit,250.0,0,Transient,177.57,0,0
Resort Hotel,0,72,2015,August,34,22,2,5,2,0.0,0,HB,PRT,Offline TA/TO,TA/TO,0,0,0,A,A,0,No Deposit,261.0,0,Transient,133.0,0,2
Resort Hotel,1,112,2015,August,34,22,2,5,2,0.0,0,HB,PRT,Online TA,TA/TO,0,0,0,A,A,0,No Deposit,240.0,0,Transient,178.0,0,2
Resort Hotel,0,85,2015,August,34,22,2,5,2,0.0,0,BB,PRT,Direct,Direct,0,0,0,D,D,0,No Deposit,,0,Transient,146.3,0,1
Resort Hotel,1,80,2015,August,34,22,3,6,2,0.0,0,BB,PRT,Online TA,TA/TO,0,0,0,D,D,0,No Deposit,240.0,0,Transient,151.89,0,2
Resort Hotel,1,72,2015,August,34,22,4,6,2,0.0,0,BB,PRT,Online TA,TA/TO,0,0,0,D,D,0,No Deposit,240.0,0,Transient,148.3,0,0
Resort Hotel,0,151,2015,August,34,22,2,2,2,0.0,0,BB,PRT,Offline TA/TO,TA/TO,0,0,0,A,A,1,No Deposit,181.0,0,Transient-Party,96.3,0,1
Resort Hotel,1,99,2015,August,34,22,2,2,2,0.0,0,HB,PRT,Online TA,TA/TO,0,0,0,A,A,0,No Deposit,240.0,0,Transient,166.0,0,2
Resort Hotel,0,151,2015,August,34,22,2,3,2,0.0,0,BB,PRT,Offline TA/TO,TA/TO,0,0,0,A,A,2,No Deposit,181.0,0,Transient-Party,96.3,1,1
Resort Hotel,1,44,2015,August,34,22,2,4,2,0.0,0,BB,PRT,Online TA,TA/TO,0,0,0,A,A,0,No Deposit,240.0,0,Transient,151.95,0,1
Resort Hotel,0,92,2015,August,35,23,2,1,2,0.0,0,HB,ESP,Online TA,TA/TO,0,0,0,A,A,1,No Deposit,240.0,0,Transient,149.4,0,1
Resort Hotel,0,6,2015,August,35,23,2,2,2,0.0,0,BB,ESP,Direct,Direct,0,0,0,E,E,0,No Deposit,250.0,0,Transient,201.0,0,0
Resort Hotel,1,23,2015,August,35,23,2,2,2,0.0,0,BB,PRT,Online TA,TA/TO,0,0,0,D,D,0,No Deposit,240.0,0,Transient,211.0,0,2
Resort Hotel,1,41,2015,August,35,23,2,3,2,0.0,0,BB,PRT,Online TA,TA/TO,0,0,0,A,A,0,No Deposit,240.0,0,Transient,164.4,0,0
Resort Hotel,1,58,2015,August,35,23,2,3,2,0.0,0,BB,PRT,Online TA,TA/TO,0,0,0,A,A,0,No Deposit,240.0,0,Transient,134.0,0,0
Resort Hotel,0,62,2015,August,35,23,2,3,2,0.0,0,BB,ESP,Online TA,TA/TO,0,0,0,A,A,0,No Deposit,240.0,0,Transient,134.0,0,0
Resort Hotel,1,64,2015,August,35,23,2,4,2,0.0,0,HB,PRT,Online TA,TA/TO,0,0,0,E,E,0,No Deposit,240.0,0,Transient,194.0,0,0
Resort Hotel,1,116,2015,August,35,23,2,4,2,0.0,0,HB,PRT,Online TA,TA/TO,0,0,0,A,A,0,No Deposit,240.0,0,Transient,149.4,0,1
Resort Hotel,0,20,2015,August,35,23,2,5,2,0.0,0,HB,IRL,Offline TA/TO,TA/TO,0,0,0,D,D,0,No Deposit,142.0,0,Contract,155.77,0,0
Resort Hotel,0,132,2015,August,35,23,2,5,2,0.0,0,HB,PRT,Offline TA/TO,TA/TO,0,0,0,A,A,0,No Deposit,5.0,0,Transient,131.7,1,2
Resort Hotel,1,33,2015,August,35,23,2,5,2,0.0,0,BB,PRT,Online TA,TA/TO,0,0,0,A,A,0,No Deposit,240.0,0,Transient,174.71,0,2
Resort Hotel,0,62,2015,August,35,23,2,5,2,0.0,0,BB,IRL,Offline TA/TO,TA/TO,0,0,0,A,A,0,No Deposit,156.0,0,Transient,101.65,0,0
Resort Hotel,1,78,2015,August,35,23,2,5,2,0.0,0,BB,PRT,Online TA,TA/TO,0,0,0,A,A,0,No Deposit,240.0,0,Transient,134.0,0,1
Resort Hotel,1,29,2015,August,35,23,2,4,2,0.0,0,BB,PRT,Direct,Direct,0,0,0,D,D,0,No Deposit,,0,Transient,201.5,0,1
Resort Hotel,1,78,2015,August,35,23,2,5,2,0.0,0,BB,PRT,Online TA,TA/TO,0,0,0,A,A,0,No Deposit,240.0,0,Transient,134.0,0,1
Resort Hotel,0,0,2015,August,35,24,1,0,2,0.0,0,BB,PRT,Online TA,TA/TO,0,0,0,A,F,0,No Deposit,240.0,0,Transient,153.0,0,0
Resort Hotel,0,0,2015,August,35,24,1,0,2,0.0,0,BB,PRT,Direct,Direct,0,0,0,A,F,0,No Deposit,,0,Transient,153.0,0,0
Resort Hotel,1,35,2015,August,35,24,1,1,2,0.0,0,BB,PRT,Online TA,TA/TO,0,0,0,D,D,0,No Deposit,240.0,0,Transient,192.0,0,1
Resort Hotel,0,84,2015,August,35,24,1,1,2,0.0,0,BB,ESP,Online TA,TA/TO,0,0,0,A,A,0,No Deposit,240.0,0,Transient,132.6,1,1
Resort Hotel,1,25,2015,August,35,24,1,1,2,0.0,0,BB,PRT,Online TA,TA/TO,0,0,0,A,A,0,No Deposit,240.0,0,Transient,171.9,0,1
Resort Hotel,0,103,2015,August,35,24,1,1,2,0.0,0,BB,PRT,Online TA,TA/TO,0,0,0,D,E,0,No Deposit,240.0,0,Transient,154.0,0,2
Resort Hotel,1,35,2015,August,35,24,1,2,2,0.0,0,BB,PRT,Online TA,TA/TO,0,0,0,A,A,0,No Deposit,240.0,0,Transient,172.0,0,2
Resort Hotel,1,26,2015,August,35,24,1,2,2,0.0,0,BB,PRT,Online TA,TA/TO,0,0,0,A,A,0,No Deposit,240.0,0,Transient,191.0,0,2
Resort Hotel,1,55,2015,August,35,24,1,3,2,0.0,0,BB,PRT,Online TA,TA/TO,0,0,0,A,A,0,No Deposit,240.0,0,Transient,148.25,0,2
Resort Hotel,0,76,2015,August,35,24,1,3,2,0.0,0,BB,POL,Online TA,TA/TO,0,0,0,E,E,2,No Deposit,240.0,0,Transient,164.0,0,1
Resort Hotel,1,33,2015,August,35,24,1,4,2,0.0,0,HB,PRT,Direct,Direct,0,0,0,A,A,0,No Deposit,,0,Transient,209.6,0,1
Resort Hotel,1,89,2015,August,35,24,3,6,2,0.0,0,BB,PRT,Online TA,TA/TO,0,0,0,F,F,0,No Deposit,241.0,0,Transient,129.27,0,1
Resort Hotel,0,37,2015,August,35,24,3,7,2,0.0,0,BB,GBR,Offline TA/TO,TA/TO,0,0,0,E,E,0,No Deposit,175.0,0,Transient,133.76,0,0
Resort Hotel,0,69,2015,August,35,25,0,3,2,0.0,0,BB,ROU,Online TA,TA/TO,0,0,0,E,G,0,No Deposit,240.0,0,Transient,164.0,0,2
Resort Hotel,1,71,2015,August,35,25,0,3,2,0.0,0,BB,PRT,Online TA,TA/TO,0,0,0,D,D,0,No Deposit,240.0,0,Transient,154.0,0,0
Resort Hotel,1,49,2015,August,35,25,0,3,2,0.0,0,HB,PRT,Online TA,TA/TO,0,0,0,E,E,0,No Deposit,240.0,0,Transient,219.33,0,2
Resort Hotel,1,74,2015,August,35,25,0,5,2,0.0,0,BB,PRT,Online TA,TA/TO,0,0,0,A,A,0,No Deposit,240.0,0,Transient,130.2,0,0
Resort Hotel,1,74,2015,August,35,25,1,5,2,0.0,0,BB,PRT,Online TA,TA/TO,0,0,0,E,E,0,No Deposit,240.0,0,Transient,189.67,0,0
Resort Hotel,1,118,2015,August,35,25,2,6,2,0.0,0,HB,PRT,Online TA,TA/TO,0,0,0,E,E,0,No Deposit,240.0,0,Transient,186.13,0,0
Resort Hotel,1,77,2015,August,35,25,2,7,2,0.0,0,BB,PRT,Direct,Direct,0,0,0,F,F,0,No Deposit,250.0,0,Transient,166.0,0,0
Resort Hotel,1,84,2015,August,35,25,2,7,2,0.0,0,HB,PRT,Offline TA/TO,TA/TO,0,0,0,D,D,0,No Deposit,156.0,0,Transient,149.0,0,0
Resort Hotel,1,73,2015,August,35,25,0,1,2,0.0,0,BB,PRT,Online TA,TA/TO,0,0,0,A,A,0,No Deposit,240.0,0,Transient,120.6,0,1
Resort Hotel,0,21,2015,August,35,26,0,0,2,0.0,0,BB,PRT,Offline TA/TO,TA/TO,0,0,0,A,C,0,No Deposit,171.0,0,Transient,0.0,0,0
Resort Hotel,0,2,2015,August,35,26,0,1,2,0.0,0,BB,PRT,Offline TA/TO,TA/TO,0,0,0,A,A,0,No Deposit,181.0,0,Transient-Party,96.3,0,1
Resort Hotel,1,2,2015,August,35,26,0,1,2,0.0,0,BB,PRT,Corporate,Corporate,0,0,0,A,A,0,No Deposit,,0,Transient,137.7,0,0
Resort Hotel,0,0,2015,August,35,26,0,1,2,0.0,0,BB,PRT,Direct,Direct,0,0,0,A,A,0,No Deposit,,0,Transient,112.0,0,0
Resort Hotel,0,76,2015,August,35,26,0,4,2,0.0,0,BB,IRL,Offline TA/TO,TA/TO,0,0,0,D,D,0,No Deposit,156.0,0,Transient,116.85,0,3
Resort Hotel,1,41,2015,August,35,26,0,4,2,0.0,0,BB,PRT,Online TA,TA/TO,0,0,0,E,E,0,No Deposit,240.0,0,Transient,173.5,0,3
Resort Hotel,1,41,2015,August,35,26,0,4,2,0.0,0,BB,PRT,Online TA,TA/TO,0,0,0,E,E,0,No Deposit,240.0,0,Transient,173.5,0,3
Resort Hotel,1,44,2015,August,35,26,0,4,2,0.0,0,BB,PRT,Online TA,TA/TO,0,0,0,A,A,0,No Deposit,240.0,0,Transient,129.15,0,2
Resort Hotel,1,93,2015,August,35,26,1,4,2,0.0,0,BB,PRT,Online TA,TA/TO,0,0,0,E,E,0,No Deposit,240.0,0,Transient,192.2,0,0
Resort Hotel,0,57,2015,August,35,26,2,9,2,0.0,0,BB,PRT,Direct,Direct,0,0,0,A,A,0,No Deposit,,0,Transient,111.27,0,0
Resort Hotel,1,29,2015,August,35,27,0,1,2,0.0,0,BB,PRT,Online TA,TA/TO,0,0,0,D,D,0,No Deposit,240.0,0,Transient,211.0,0,1
Resort Hotel,0,1,2015,August,35,27,0,1,2,0.0,0,BB,PRT,Online TA,TA/TO,0,0,0,A,A,1,No Deposit,240.0,0,Transient,153.0,1,2
Resort Hotel,0,41,2015,August,35,27,0,2,2,0.0,0,BB,PRT,Online TA,TA/TO,0,0,0,D,E,0,No Deposit,240.0,0,Transient,154.0,1,2
Resort Hotel,0,90,2015,August,35,27,0,3,2,0.0,0,BB,IRL,Online TA,TA/TO,0,0,0,A,A,1,No Deposit,240.0,0,Transient,134.0,0,1
Resort Hotel,1,41,2015,August,35,27,1,3,2,0.0,0,BB,PRT,Direct,Direct,0,0,0,A,A,0,No Deposit,,0,Transient,112.34,0,0
Resort Hotel,1,61,2015,August,35,27,1,3,2,0.0,0,BB,PRT,Online TA,TA/TO,0,0,0,A,A,0,No Deposit,240.0,0,Transient,124.5,0,1
Resort Hotel,0,49,2015,August,35,27,1,3,2,0.0,0,BB,ESP,Offline TA/TO,TA/TO,0,0,0,A,B,0,No Deposit,134.0,0,Transient,107.0,0,0
Resort Hotel,1,31,2015,August,35,27,2,3,2,0.0,0,HB,PRT,Online TA,TA/TO,0,0,0,E,E,0,No Deposit,240.0,0,Transient,191.0,0,2
Resort Hotel,1,62,2015,August,35,27,2,3,2,0.0,0,HB,PRT,Online TA,TA/TO,0,0,0,D,D,0,No Deposit,240.0,0,Transient,172.6,0,1
Resort Hotel,0,43,2015,August,35,27,2,4,2,0.0,0,BB,ESP,Offline TA/TO,TA/TO,0,0,0,D,E,0,No Deposit,156.0,0,Contract,79.5,0,0
Resort Hotel,0,27,2015,August,35,27,2,4,2,0.0,0,BB,NLD,Offline TA/TO,TA/TO,0,0,0,D,D,0,No Deposit,5.0,0,Transient,120.27,0,1
Resort Hotel,1,106,2015,August,35,27,2,5,2,0.0,0,BB,PRT,Online TA,TA/TO,0,0,0,A,A,0,No Deposit,240.0,0,Transient,118.29,0,2
Resort Hotel,0,45,2015,August,35,27,2,5,2,0.0,0,BB,IRL,Offline TA/TO,TA/TO,0,0,0,D,D,0,No Deposit,156.0,0,Contract,75.53,0,0
Resort Hotel,1,106,2015,August,35,27,2,5,2,0.0,0,BB,PRT,Online TA,TA/TO,0,0,0,A,A,0,No Deposit,240.0,0,Transient,8.0,0,1
Resort Hotel,1,108,2015,August,35,27,2,5,2,0.0,0,BB,PRT,Online TA,TA/TO,0,0,0,A,A,0,No Deposit,240.0,0,Transient,8.0,0,2
Resort Hotel,0,49,2015,August,35,27,2,5,2,0.0,0,BB,IRL,Offline TA/TO,TA/TO,0,0,0,A,A,0,No Deposit,156.0,0,Contract,90.39,0,0
Resort Hotel,1,108,2015,August,35,27,2,5,2,0.0,0,BB,PRT,Online TA,TA/TO,0,0,0,A,A,0,No Deposit,240.0,0,Transient,118.29,0,1
Resort Hotel,0,30,2015,August,35,28,0,1,2,0.0,0,BB,ESP,Direct,Direct,0,0,0,A,G,0,No Deposit,250.0,0,Transient,115.0,0,3
Resort Hotel,1,164,2015,August,35,28,0,1,2,0.0,0,BB,PRT,Offline TA/TO,TA/TO,0,0,0,D,D,0,No Deposit,134.0,0,Transient-Party,110.7,0,0
Resort Hotel,1,164,2015,August,35,28,0,1,2,0.0,0,BB,PRT,Offline TA/TO,TA/TO,0,0,0,D,D,0,No Deposit,134.0,0,Transient-Party,110.7,0,0
Resort Hotel,0,0,2015,August,35,28,0,2,2,0.0,0,BB,PRT,Direct,Direct,0,0,0,H,H,0,No Deposit,,0,Transient,195.0,0,0
Resort Hotel,1,46,2015,August,35,28,0,2,2,0.0,0,BB,PRT,Online TA,TA/TO,0,0,0,A,A,0,No Deposit,240.0,0,Transient,120.6,0,1
Resort Hotel,0,34,2015,August,35,28,0,2,2,0.0,0,BB,PRT,Online TA,TA/TO,0,0,0,A,A,0,No Deposit,240.0,0,Transient,120.6,1,3
Resort Hotel,1,66,2015,August,35,28,0,2,2,0.0,0,BB,PRT,Direct,Direct,0,0,0,A,A,0,No Deposit,,0,Transient,112.05,0,0
Resort Hotel,0,23,2015,August,35,28,0,2,2,0.0,0,FB,ESP,Direct,Direct,0,0,0,A,D,1,No Deposit,250.0,0,Transient,179.0,0,1
Resort Hotel,0,32,2015,August,35,28,1,2,2,0.0,0,BB,MAR,Online TA,TA/TO,0,0,0,A,A,0,No Deposit,240.0,0,Transient,122.0,0,1
Resort Hotel,0,30,2015,August,35,28,1,2,2,0.0,0,HB,PRT,Direct,Direct,0,0,0,D,D,1,No Deposit,,0,Transient,184.0,0,0
Resort Hotel,1,30,2015,August,35,28,1,2,2,0.0,0,HB,PRT,Direct,Direct,0,0,0,A,A,0,No Deposit,250.0,0,Transient,152.0,0,0
Resort Hotel,0,10,2015,August,35,28,1,2,2,0.0,0,BB,PRT,Direct,Direct,0,0,0,A,A,0,No Deposit,250.0,0,Transient-Party,127.67,0,1
Resort Hotel,0,11,2015,August,35,28,1,2,2,0.0,0,BB,PRT,Direct,Direct,0,0,0,A,A,0,No Deposit,250.0,0,Transient-Party,127.67,0,1
Resort Hotel,0,8,2015,August,35,28,1,2,2,0.0,0,BB,CN,Online TA,TA/TO,0,0,0,D,D,0,No Deposit,241.0,0,Transient,113.7,0,2
Resort Hotel,0,39,2015,August,35,28,1,2,2,0.0,0,BB,PRT,Online TA,TA/TO,0,0,0,A,D,1,No Deposit,240.0,0,Transient,120.6,0,2
Resort Hotel,0,4,2015,August,35,28,0,1,2,0.0,0,BB,PRT,Online TA,TA/TO,0,0,0,A,D,0,No Deposit,240.0,0,Transient,165.0,1,1
Resort Hotel,1,55,2015,August,35,28,0,2,2,0.0,0,HB,PRT,Online TA,TA/TO,0,0,0,A,A,0,No Deposit,240.0,0,Transient,164.0,0,2
Resort Hotel,0,25,2015,August,35,28,2,2,2,0.0,0,FB,FRA,Direct,Direct,0,0,0,F,F,1,No Deposit,250.0,0,Transient,208.0,0,2
Resort Hotel,0,106,2015,August,35,28,2,2,2,0.0,0,BB,PRT,Direct,Direct,0,0,0,E,F,0,No Deposit,250.0,0,Transient,166.5,1,1
Resort Hotel,0,30,2015,August,35,28,2,3,2,0.0,0,BB,RUS,Online TA,TA/TO,0,0,0,A,A,0,No Deposit,240.0,0,Transient,101.16,0,2
Resort Hotel,1,1,2015,August,35,28,2,3,2,0.0,0,BB,PRT,Direct,Direct,0,0,0,A,C,0,No Deposit,,0,Transient,130.6,0,1
Resort Hotel,1,22,2015,August,35,28,2,4,2,0.0,0,BB,PRT,Online TA,TA/TO,0,0,0,D,D,0,No Deposit,240.0,0,Transient,145.0,0,1
Resort Hotel,0,67,2015,August,35,28,2,4,2,0.0,0,BB,IRL,Online TA,TA/TO,0,0,0,A,A,0,No Deposit,240.0,0,Transient,109.83,0,0
Resort Hotel,0,21,2015,August,35,28,2,4,2,0.0,0,HB,PRT,Online TA,TA/TO,0,0,0,D,D,0,No Deposit,240.0,0,Transient,175.0,0,1
Resort Hotel,0,50,2015,August,35,28,2,5,2,0.0,0,BB,ROU,Offline TA/TO,TA/TO,0,0,0,A,A,0,No Deposit,142.0,0,Contract,98.63,0,0
Resort Hotel,0,28,2015,August,35,28,2,5,2,0.0,0,HB,ESP,Online TA,TA/TO,0,0,0,E,E,0,No Deposit,240.0,0,Transient,166.14,0,0
Resort Hotel,0,30,2015,August,35,28,2,5,2,0.0,0,BB,GBR,Direct,Direct,0,0,0,F,F,0,No Deposit,250.0,0,Transient,150.71,0,0
Resort Hotel,0,127,2015,August,35,28,2,3,2,0.0,0,BB,PRT,Offline TA/TO,TA/TO,0,0,0,A,A,0,No Deposit,147.0,0,Transient,97.74,0,1
Resort Hotel,0,66,2015,August,35,28,2,5,2,0.0,0,BB,GBR,Offline TA/TO,TA/TO,0,0,0,E,E,0,No Deposit,40.0,0,Transient,97.5,0,0
Resort Hotel,1,59,2015,August,35,28,2,7,2,0.0,0,BB,PRT,Online TA,TA/TO,0,0,0,D,D,0,No Deposit,240.0,0,Transient,123.11,0,0
Resort Hotel,0,28,2015,August,35,28,2,3,2,0.0,0,BB,PRT,Direct,Direct,0,0,0,A,A,0,No Deposit,250.0,0,Transient,104.8,1,0
Resort Hotel,1,59,2015,August,35,29,1,1,2,0.0,0,BB,PRT,Online TA,TA/TO,0,0,0,E,E,0,No Deposit,240.0,0,Transient,164.0,0,2
Resort Hotel,0,0,2015,August,35,29,1,1,2,0.0,0,BB,ESP,Online TA,TA/TO,0,0,0,A,C,0,No Deposit,240.0,0,Transient,134.0,0,1
Resort Hotel,0,47,2015,August,35,29,1,1,2,0.0,0,BB,PRT,Online TA,TA/TO,0,0,0,A,D,0,No Deposit,240.0,0,Transient,146.0,1,2
Resort Hotel,0,47,2015,August,35,29,2,1,2,0.0,0,BB,PRT,Online TA,TA/TO,0,0,0,A,C,0,No Deposit,241.0,0,Transient,103.18,0,1
Resort Hotel,0,57,2015,August,35,29,0,1,2,0.0,0,HB,PRT,Online TA,TA/TO,0,0,0,A,A,0,No Deposit,240.0,0,Transient,164.0,0,0
Resort Hotel,0,1,2015,August,35,29,2,2,2,0.0,0,HB,PRT,Direct,Direct,0,0,0,A,D,1,No Deposit,,0,Transient-Party,142.5,0,1
Resort Hotel,0,4,2015,August,35,29,2,2,2,0.0,0,BB,PRT,Offline TA/TO,TA/TO,0,0,0,A,A,0,No Deposit,67.0,0,Transient,77.5,1,0
Resort Hotel,1,32,2015,August,35,29,2,3,2,0.0,0,BB,PRT,Online TA,TA/TO,0,0,0,D,D,0,No Deposit,240.0,0,Transient,135.2,0,2
Resort Hotel,1,24,2015,August,35,29,2,3,2,0.0,0,HB,PRT,Offline TA/TO,Direct,0,0,0,A,A,0,No Deposit,,0,Transient,149.0,0,0
Resort Hotel,0,11,2015,August,35,29,2,3,2,0.0,0,HB,PRT,Online TA,TA/TO,0,0,0,D,D,1,No Deposit,240.0,0,Transient,140.4,1,2
Resort Hotel,0,136,2015,August,35,29,2,3,2,0.0,0,BB,PRT,Direct,Direct,0,0,0,A,A,0,No Deposit,,0,Transient,112.0,0,2
Resort Hotel,1,54,2015,August,35,29,2,4,2,0.0,0,BB,PRT,Online TA,TA/TO,0,0,0,A,A,0,No Deposit,240.0,0,Transient,121.5,0,0
Resort Hotel,1,87,2015,August,35,29,2,5,2,0.0,0,BB,PRT,Online TA,TA/TO,0,0,0,D,D,0,No Deposit,240.0,0,Transient,122.86,0,0
Resort Hotel,1,98,2015,August,35,29,2,6,2,0.0,0,BB,PRT,Offline TA/TO,TA/TO,0,0,0,E,E,0,No Deposit,15.0,0,Transient,130.9,0,0
Resort Hotel,0,9,2015,August,35,29,2,5,2,0.0,0,BB,PRT,Online TA,TA/TO,0,0,0,D,D,0,No Deposit,240.0,0,Transient,146.0,1,2
Resort Hotel,0,2,2015,August,36,30,1,0,2,0.0,0,BB,PRT,Direct,Direct,0,0,0,A,D,0,No Deposit,,0,Transient,154.0,1,0
Resort Hotel,0,11,2015,August,36,30,2,0,2,0.0,0,BB,PRT,Online TA,TA/TO,0,0,0,A,A,0,No Deposit,240.0,0,Transient,103.5,1,3
Resort Hotel,1,69,2015,August,36,30,2,1,2,0.0,0,BB,PRT,Direct,Direct,0,0,0,A,A,0,No Deposit,250.0,0,Transient,129.33,0,1
Resort Hotel,0,37,2015,August,36,30,2,1,2,0.0,0,HB,NLD,Online TA,TA/TO,0,0,0,A,A,0,No Deposit,240.0,0,Transient,115.2,1,0
Resort Hotel,0,103,2015,August,36,30,2,1,2,0.0,0,BB,GBR,Online TA,TA/TO,0,0,0,A,A,0,No Deposit,147.0,0,Transient,71.72,0,0
Resort Hotel,0,5,2015,August,36,30,2,2,2,0.0,0,BB,GBR,Offline TA/TO,TA/TO,0,0,0,D,D,0,No Deposit,142.0,0,Contract,106.8,0,0
Resort Hotel,0,34,2015,August,36,30,2,2,2,0.0,0,BB,GBR,Online TA,TA/TO,0,0,0,A,A,0,No Deposit,241.0,0,Transient,71.69,0,1
Resort Hotel,0,44,2015,August,36,30,2,3,2,0.0,0,BB,IRL,Direct,Direct,0,0,0,E,F,0,No Deposit,250.0,0,Transient,136.2,0,2
Resort Hotel,0,83,2015,August,36,30,2,4,2,0.0,0,BB,ROU,Online TA,TA/TO,0,0,0,D,D,0,No Deposit,240.0,0,Transient,112.33,1,1
Resort Hotel,0,83,2015,August,36,30,2,4,2,0.0,0,BB,ROU,Online TA,TA/TO,0,0,0,D,D,0,No Deposit,240.0,0,Transient,112.33,0,1
Resort Hotel,1,72,2015,August,36,30,2,4,2,0.0,0,HB,PRT,Direct,Direct,0,0,0,E,E,0,No Deposit,,0,Transient,157.67,0,0
Resort Hotel,1,104,2015,August,36,30,2,5,2,0.0,0,HB,PRT,Online TA,TA/TO,0,0,0,E,E,0,No Deposit,240.0,0,Transient,161.29,0,1
Resort Hotel,0,25,2015,August,36,30,2,5,2,0.0,0,HB,PRT,Online TA,TA/TO,0,0,0,A,A,0,No Deposit,240.0,0,Transient,167.86,1,0
Resort Hotel,0,82,2015,August,36,30,2,5,2,0.0,0,BB,FRA,Online TA,TA/TO,0,0,0,F,F,0,No Deposit,241.0,0,Transient,103.07,0,1
Resort Hotel,1,104,2015,August,36,30,2,5,2,0.0,0,HB,PRT,Online TA,TA/TO,0,0,0,E,E,0,No Deposit,240.0,0,Transient,161.29,0,0
Resort Hotel,1,346,2015,August,36,30,4,8,2,0.0,0,BB,PRT,Offline TA/TO,TA/TO,0,0,0,A,A,0,No Deposit,171.0,0,Transient,96.3,0,0
Resort Hotel,0,0,2015,August,36,31,1,0,2,0.0,0,BB,SWE,Online TA,TA/TO,0,0,0,A,A,0,No Deposit,241.0,0,Transient,92.86,0,1
Resort Hotel,0,34,2015,August,36,31,1,1,2,0.0,0,HB,ITA,Online TA,TA/TO,0,0,0,A,A,0,No Deposit,240.0,0,Transient,115.2,0,1
Resort Hotel,0,41,2015,August,36,31,1,2,2,0.0,0,BB,ESP,Online TA,TA/TO,0,0,0,D,D,0,No Deposit,240.0,0,Transient,120.33,0,1
Resort Hotel,0,26,2015,August,36,31,1,2,2,0.0,0,BB,FRA,Online TA,TA/TO,0,0,0,D,D,0,No Deposit,240.0,0,Transient,126.67,0,2
Resort Hotel,1,143,2015,August,36,31,1,2,2,0.0,0,BB,PRT,Online TA,TA/TO,0,0,0,E,E,0,No Deposit,240.0,0,Transient,130.33,0,3
Resort Hotel,0,26,2015,August,36,31,1,2,2,0.0,0,BB,SVN,Online TA,TA/TO,0,0,0,A,A,0,No Deposit,241.0,0,Transient,75.46,0,1
Resort Hotel,1,0,2015,August,36,31,1,2,2,0.0,0,BB,PRT,Online TA,TA/TO,0,0,0,A,A,0,No Deposit,242.0,0,Transient,96.33,0,1
Resort Hotel,0,6,2015,August,36,31,1,2,2,0.0,0,BB,ESP,Online TA,TA/TO,0,0,0,D,D,0,No Deposit,240.0,0,Transient,120.33,0,1
Resort Hotel,0,10,2015,August,36,31,1,3,2,0.0,0,BB,PRT,Offline TA/TO,TA/TO,0,0,0,E,E,0,No Deposit,142.0,0,Contract,122.6,0,0
Resort Hotel,0,59,2015,August,36,31,1,3,2,0.0,0,HB,PRT,Offline TA/TO,TA/TO,0,0,0,D,D,0,No Deposit,15.0,0,Transient,105.5,0,2
Resort Hotel,1,159,2015,August,36,31,1,4,2,0.0,0,BB,PRT,Online TA,TA/TO,0,0,0,D,D,0,No Deposit,240.0,0,Transient,101.44,0,0
Resort Hotel,1,124,2015,August,36,31,1,5,2,0.0,0,BB,PRT,Online TA,TA/TO,0,0,0,G,G,0,No Deposit,240.0,0,Transient,160.0,0,0
Resort Hotel,1,60,2015,August,36,31,1,5,2,0.0,0,BB,PRT,Online TA,TA/TO,0,0,0,A,A,0,No Deposit,240.0,0,Transient,120.5,0,1
Resort Hotel,0,26,2015,August,36,31,2,5,2,0.0,0,BB,NLD,Online TA,TA/TO,0,0,0,A,A,0,No Deposit,240.0,0,Transient,126.29,0,2
Resort Hotel,0,160,2015,August,36,31,3,7,2,0.0,0,BB,IRL,Offline TA/TO,TA/TO,0,0,0,E,E,0,No Deposit,175.0,0,Transient,87.75,0,0
Resort Hotel,0,68,2015,August,36,31,3,8,2,0.0,0,BB,IRL,Online TA,TA/TO,0,0,0,D,D,0,No Deposit,240.0,0,Transient,113.55,0,3
Resort Hotel,1,47,2015,September,36,1,0,2,2,0.0,0,BB,PRT,Online TA,TA/TO,0,0,0,A,A,0,No Deposit,240.0,0,Transient,98.0,0,1
Resort Hotel,0,48,2015,September,36,1,0,3,2,0.0,0,HB,PRT,Online TA,TA/TO,0,0,0,A,A,0,No Deposit,240.0,0,Transient,151.0,0,0
Resort Hotel,0,48,2015,September,36,1,0,3,2,0.0,0,HB,ESP,Direct,Direct,0,0,0,A,C,0,No Deposit,250.0,0,Transient,134.67,0,1
Resort Hotel,1,71,2015,September,36,1,0,3,2,0.0,0,HB,PRT,Online TA,TA/TO,0,0,0,D,D,0,No Deposit,240.0,0,Transient,137.67,0,1
Resort Hotel,1,85,2015,September,36,1,0,4,2,0.0,0,BB,PRT,Online TA,TA/TO,0,0,0,E,E,0,No Deposit,240.0,0,Transient,111.0,0,0
Resort Hotel,1,132,2015,September,36,1,0,4,2,0.0,0,BB,PRT,Online TA,TA/TO,0,0,0,E,E,0,No Deposit,240.0,0,Transient,123.0,0,1
Resort Hotel,0,122,2015,September,36,1,0,4,2,0.0,0,HB,PRT,Online TA,TA/TO,0,0,0,E,F,0,No Deposit,240.0,0,Transient,155.0,0,2
Resort Hotel,0,64,2015,September,36,1,0,4,2,0.0,0,BB,PRT,Online TA,TA/TO,0,0,0,D,D,1,No Deposit,240.0,0,Transient,109.0,0,2
Resort Hotel,0,48,2015,September,36,1,0,4,2,0.0,0,FB,PRT,Direct,Direct,0,0,0,A,B,2,No Deposit,250.0,0,Transient,158.0,0,0
Resort Hotel,0,0,2015,September,36,1,0,5,2,0.0,0,HB,PRT,Direct,Direct,0,0,0,A,A,1,No Deposit,250.0,0,Transient,128.0,0,0
Resort Hotel,1,14,2015,September,36,1,0,2,2,0.0,0,BB,PRT,Online TA,TA/TO,0,0,0,D,D,0,No Deposit,240.0,0,Transient,113.0,0,0
Resort Hotel,0,5,2015,September,36,1,0,2,2,0.0,0,BB,PRT,Direct,Direct,0,0,0,A,E,0,No Deposit,250.0,0,Transient,113.0,0,0
Resort Hotel,1,161,2015,September,36,1,0,5,2,0.0,0,BB,PRT,Online TA,TA/TO,0,0,0,D,D,0,No Deposit,240.0,0,Transient,93.12,0,2
Resort Hotel,0,62,2015,September,36,1,0,5,2,0.0,0,HB,PRT,Direct,Direct,0,0,0,A,A,1,No Deposit,250.0,0,Transient,128.0,0,0
Resort Hotel,1,161,2015,September,36,1,0,5,2,0.0,0,BB,PRT,Online TA,TA/TO,0,0,0,D,D,0,No Deposit,240.0,0,Transient,93.12,0,2
Resort Hotel,0,27,2015,September,36,1,2,5,2,0.0,0,BB,ESP,Offline TA/TO,TA/TO,0,0,0,A,A,0,No Deposit,142.0,0,Contract,101.03,0,0
Resort Hotel,1,73,2015,September,36,1,2,5,2,0.0,0,BB,PRT,Online TA,TA/TO,0,0,0,E,E,0,No Deposit,240.0,0,Transient,120.71,0,1
Resort Hotel,1,27,2015,September,36,1,2,5,2,0.0,0,BB,PRT,Online TA,TA/TO,0,0,0,A,A,0,No Deposit,240.0,0,Transient,131.0,0,2
Resort Hotel,1,97,2015,September,36,1,2,5,2,0.0,0,BB,PRT,Online TA,TA/TO,0,0,0,E,E,0,No Deposit,240.0,0,Transient,120.71,0,0
Resort Hotel,0,73,2015,September,36,1,2,5,2,0.0,0,BB,GBR,Online TA,TA/TO,0,0,0,D,D,0,No Deposit,240.0,0,Transient,110.71,0,0
Resort Hotel,1,97,2015,September,36,1,2,6,2,0.0,0,BB,PRT,Direct,Direct,0,0,0,E,E,0,No Deposit,250.0,0,Transient,136.0,0,0
Resort Hotel,0,27,2015,September,36,1,2,6,2,0.0,0,BB,ESP,Online TA,TA/TO,0,0,0,A,A,2,No Deposit,240.0,0,Transient-Party,114.19,0,1
Resort Hotel,1,27,2015,September,36,1,2,6,2,0.0,0,HB,PRT,Online TA,TA/TO,0,0,0,E,E,0,No Deposit,240.0,0,Transient,186.0,0,2
Resort Hotel,0,140,2015,September,36,1,2,8,2,0.0,0,HB,PRT,Offline TA/TO,TA/TO,0,0,0,A,A,0,No Deposit,8.0,0,Transient,86.95,1,0
Resort Hotel,0,62,2015,September,36,1,2,10,2,0.0,0,BB,UKR,Online TA,TA/TO,0,0,0,D,D,0,No Deposit,240.0,0,Transient,113.0,0,2
Resort Hotel,0,381,2015,September,36,1,4,10,2,0.0,0,BB,GBR,Offline TA/TO,TA/TO,0,0,0,E,E,0,No Deposit,40.0,0,Contract,82.88,0,0
Resort Hotel,1,149,2015,September,36,2,0,2,2,0.0,0,HB,PRT,Online TA,TA/TO,0,0,0,E,E,0,No Deposit,240.0,0,Transient-Party,155.0,0,3
Resort Hotel,1,1,2015,September,36,2,0,2,2,0.0,0,BB,PRT,Online TA,TA/TO,0,0,0,D,D,2,No Deposit,240.0,0,Transient,146.0,0,0
Resort Hotel,1,149,2015,September,36,2,0,2,2,0.0,0,HB,PRT,Online TA,TA/TO,0,0,0,E,E,0,No Deposit,240.0,0,Transient-Party,155.0,0,3
Resort Hotel,0,4,2015,September,36,2,0,4,2,0.0,0,BB,USA,Online TA,TA/TO,0,0,0,D,D,0,No Deposit,240.0,0,Transient,154.25,0,0
Resort Hotel,0,104,2015,September,36,2,1,4,2,0.0,0,BB,GBR,Online TA,TA/TO,0,0,0,A,D,0,No Deposit,241.0,0,Transient,71.69,0,0
Resort Hotel,0,104,2015,September,36,2,1,4,2,0.0,0,BB,GBR,Online TA,TA/TO,0,0,0,A,D,0,No Deposit,241.0,0,Transient,71.69,0,0
Resort Hotel,1,4,2015,September,36,2,2,5,2,0.0,0,BB,IRL,Groups,TA/TO,0,0,0,A,C,0,No Deposit,96.0,0,Transient-Party,57.0,0,0
Resort Hotel,0,1,2015,September,36,3,0,2,2,0.0,0,BB,ESP,Online TA,TA/TO,0,0,0,A,A,1,No Deposit,240.0,0,Transient,131.4,0,0
Resort Hotel,0,55,2015,September,36,3,0,3,2,0.0,0,BB,PRT,Offline TA/TO,TA/TO,0,0,0,D,E,0,No Deposit,5.0,0,Transient,90.4,1,0
Resort Hotel,0,154,2015,September,36,3,0,3,2,0.0,0,BB,ITA,Corporate,Direct,0,0,0,A,A,0,No Deposit,,0,Transient-Party,88.2,0,0
Resort Hotel,0,154,2015,September,36,3,0,3,2,0.0,0,BB,SMR,Corporate,Direct,0,0,0,A,A,0,No Deposit,,0,Transient-Party,88.2,0,0
Resort Hotel,0,57,2015,September,36,3,0,1,2,0.0,0,BB,ESP,Offline TA/TO,TA/TO,0,0,0,A,C,0,No Deposit,171.0,0,Transient,65.5,1,0
Resort Hotel,0,154,2015,September,36,3,0,3,2,0.0,0,BB,ITA,Corporate,Direct,0,0,0,A,A,0,No Deposit,,0,Transient-Party,88.2,0,0
Resort Hotel,0,154,2015,September,36,3,0,3,2,0.0,0,BB,ITA,Corporate,Direct,0,0,0,A,A,0,No Deposit,,0,Transient-Party,88.2,0,0
Resort Hotel,0,154,2015,September,36,3,0,3,2,0.0,0,BB,PRT,Corporate,Direct,0,0,0,A,A,0,No Deposit,,0,Transient,88.2,0,0
Resort Hotel,0,6,2015,September,36,3,0,3,2,0.0,0,BB,FRA,Corporate,Direct,0,0,0,A,A,0,No Deposit,,0,Transient-Party,88.2,0,0
Resort Hotel,0,29,2015,September,36,3,1,3,2,0.0,0,BB,PRT,Offline TA/TO,TA/TO,0,0,0,E,F,0,No Deposit,8.0,0,Contract,109.5,0,1
Resort Hotel,0,29,2015,September,36,3,1,3,2,0.0,0,HB,PRT,Online TA,TA/TO,0,0,0,A,A,0,No Deposit,240.0,0,Transient,144.9,0,2
Resort Hotel,0,29,2015,September,36,3,1,3,2,0.0,0,BB,ESP,Offline TA/TO,TA/TO,0,0,0,D,E,0,No Deposit,8.0,0,Contract,79.5,0,0
Resort Hotel,0,297,2015,September,36,3,1,3,2,0.0,0,BB,IRL,Direct,TA/TO,0,0,0,A,A,0,No Deposit,240.0,0,Transient-Party,123.0,0,2
Resort Hotel,1,297,2015,September,36,3,1,3,2,0.0,0,BB,PRT,Direct,TA/TO,0,0,0,A,A,0,No Deposit,240.0,0,Transient,0.0,0,0
Resort Hotel,0,52,2015,September,36,3,2,7,2,0.0,0,BB,PRT,Direct,Direct,0,0,0,D,D,0,No Deposit,,0,Transient-Party,113.0,1,2
Resort Hotel,0,92,2015,September,36,3,2,7,2,0.0,0,BB,ESP,Online TA,TA/TO,0,0,0,E,E,0,No Deposit,240.0,0,Transient,123.0,1,0
Resort Hotel,0,56,2015,September,36,3,2,8,2,0.0,0,BB,GBR,Offline TA/TO,TA/TO,0,0,0,D,D,0,No Deposit,243.0,0,Contract,79.5,0,1
Resort Hotel,0,65,2015,September,36,3,2,8,2,0.0,0,BB,IRL,Offline TA/TO,TA/TO,0,0,0,D,D,0,No Deposit,40.0,0,Transient,79.5,0,0
Resort Hotel,0,50,2015,September,36,3,2,5,2,0.0,0,BB,GBR,Offline TA/TO,TA/TO,0,0,0,D,D,0,No Deposit,243.0,0,Contract,79.5,0,1
Resort Hotel,0,163,2015,September,36,3,2,5,2,0.0,0,BB,ESP,Online TA,TA/TO,0,0,0,D,D,0,No Deposit,240.0,0,Transient,91.46,0,1
Resort Hotel,0,327,2015,September,36,3,4,10,2,0.0,0,BB,GBR,Offline TA/TO,TA/TO,0,0,0,D,D,0,No Deposit,40.0,0,Contract,62.48,0,1
Resort Hotel,0,0,2015,September,36,4,0,1,2,0.0,0,BB,ITA,Corporate,Corporate,0,0,0,D,F,1,No Deposit,,0,Transient,124.1,1,0
Resort Hotel,1,1,2015,September,36,4,0,1,2,0.0,0,BB,PRT,Online TA,TA/TO,0,0,0,A,E,0,No Deposit,240.0,0,Transient,117.9,0,0
Resort Hotel,0,1,2015,September,36,4,0,1,2,0.0,0,BB,FRA,Online TA,TA/TO,0,0,0,A,F,1,No Deposit,240.0,0,Transient,143.0,1,2
Resort Hotel,0,0,2015,September,36,4,0,1,2,0.0,0,BB,ESP,Direct,Direct,0,0,0,D,E,0,No Deposit,250.0,0,Transient,131.0,0,0
Resort Hotel,0,88,2015,September,36,4,0,2,2,0.0,0,HB,ESP,Online TA,TA/TO,0,0,0,E,E,1,No Deposit,240.0,0,Transient,167.0,1,0
Resort Hotel,1,105,2015,September,36,4,0,2,2,0.0,0,BB,PRT,Online TA,TA/TO,0,0,0,G,G,0,No Deposit,240.0,0,Transient,153.0,0,0
Resort Hotel,0,0,2015,September,36,4,0,2,2,0.0,0,BB,ESP,Online TA,TA/TO,0,0,0,F,F,0,No Deposit,,0,Transient,172.0,0,1
Resort Hotel,1,77,2015,September,36,4,0,2,2,0.0,0,BB,PRT,Online TA,TA/TO,0,0,0,E,E,0,No Deposit,240.0,0,Transient,123.0,0,0
Resort Hotel,0,15,2015,September,36,4,0,2,2,0.0,0,BB,PRT,Online TA,TA/TO,0,0,0,D,E,0,No Deposit,240.0,0,Transient,146.0,0,1
Resort Hotel,1,29,2015,September,36,4,1,2,2,0.0,0,BB,PRT,Offline TA/TO,TA/TO,0,0,0,D,D,0,No Deposit,8.0,0,Contract,79.5,0,0
Resort Hotel,1,23,2015,September,36,4,1,2,2,0.0,0,HB,PRT,Direct,Direct,0,0,0,D,D,0,No Deposit,250.0,0,Transient,155.0,0,0
Resort Hotel,0,28,2015,September,36,4,1,2,2,0.0,0,BB,DEU,Offline TA/TO,TA/TO,0,0,0,D,E,0,No Deposit,8.0,0,Contract,79.5,1,0
Resort Hotel,0,3,2015,September,36,4,1,2,2,0.0,0,BB,ESP,Online TA,TA/TO,0,0,0,D,D,0,No Deposit,240.0,0,Transient,135.0,1,2
Resort Hotel,0,4,2015,September,36,4,2,2,2,0.0,0,HB,PRT,Online TA,TA/TO,0,0,0,D,D,1,No Deposit,240.0,0,Transient,151.25,0,2
Resort Hotel,0,63,2015,September,36,4,2,3,2,0.0,0,BB,ESP,Online TA,TA/TO,0,0,0,E,E,0,No Deposit,240.0,0,Transient,168.0,1,1
Resort Hotel,0,67,2015,September,36,4,2,3,2,0.0,0,BB,CHE,Online TA,TA/TO,0,0,0,E,E,0,No Deposit,240.0,0,Transient,123.0,0,1
Resort Hotel,1,29,2015,September,36,4,2,6,2,0.0,0,BB,PRT,Online TA,TA/TO,0,0,0,C,C,0,No Deposit,242.0,0,Transient,151.88,0,1
Resort Hotel,0,51,2015,September,36,4,3,7,2,0.0,0,HB,ESP,Offline TA/TO,TA/TO,0,0,0,A,A,0,No Deposit,142.0,0,Contract,104.8,1,0
Resort Hotel,0,150,2015,September,36,4,3,7,2,0.0,0,HB,CHE,Direct,Direct,0,0,0,G,G,0,No Deposit,250.0,0,Transient,183.0,1,0
Resort Hotel,0,23,2015,September,36,4,2,4,2,0.0,0,BB,PRT,Online TA,TA/TO,0,0,0,A,A,0,No Deposit,240.0,0,Transient,120.0,0,2
Resort Hotel,0,67,2015,September,36,4,2,5,2,0.0,0,BB,GBR,Offline TA/TO,TA/TO,0,0,0,E,E,0,No Deposit,40.0,0,Transient,97.5,0,0
Resort Hotel,1,30,2015,September,36,5,0,1,2,0.0,0,FB,PRT,Offline TA/TO,TA/TO,0,0,0,E,E,0,No Deposit,149.0,0,Transient,143.5,0,0
Resort Hotel,0,68,2015,September,36,5,2,4,2,0.0,0,BB,PRT,Online TA,TA/TO,0,0,0,E,E,0,No Deposit,240.0,0,Transient,123.0,0,2
Resort Hotel,0,47,2015,September,36,5,2,4,2,0.0,0,FB,PRT,Direct,Direct,0,0,0,D,D,0,No Deposit,,0,Transient,171.0,0,1
Resort Hotel,0,47,2015,September,36,5,2,4,2,0.0,0,FB,PRT,Direct,Direct,0,0,0,D,D,0,No Deposit,,0,Transient,171.0,0,2
Resort Hotel,1,74,2015,September,36,5,2,4,2,0.0,0,HB,PRT,Online TA,TA/TO,0,0,0,D,D,0,No Deposit,240.0,0,Transient,143.0,0,0
Resort Hotel,0,26,2015,September,36,5,2,5,2,0.0,0,BB,GBR,Direct,Direct,0,0,0,F,F,0,No Deposit,250.0,0,Transient,156.0,0,0
Resort Hotel,0,25,2015,September,36,5,1,1,2,0.0,0,BB,USA,Online TA,TA/TO,0,0,0,E,F,0,No Deposit,240.0,0,Transient,139.5,1,1
Resort Hotel,0,71,2015,September,36,5,2,2,2,0.0,0,BB,PRT,Online TA,TA/TO,0,0,0,D,D,0,No Deposit,240.0,0,Transient,113.0,0,0
Resort Hotel,0,54,2015,September,36,5,2,5,2,0.0,0,BB,CN,Direct,Direct,0,0,0,A,A,0,No Deposit,250.0,0,Transient,98.0,0,2
Resort Hotel,1,74,2015,September,36,5,2,5,2,0.0,0,BB,PRT,Online TA,TA/TO,0,0,0,D,D,0,No Deposit,240.0,0,Transient,113.0,0,0
Resort Hotel,0,74,2015,September,36,5,2,5,2,0.0,0,HB,GBR,Offline TA/TO,TA/TO,0,0,0,D,D,0,No Deposit,40.0,0,Transient,107.5,0,0
Resort Hotel,0,26,2015,September,36,5,2,5,2,0.0,0,BB,GBR,Offline TA/TO,TA/TO,0,0,0,C,C,0,No Deposit,142.0,0,Contract,124.8,0,0
Resort Hotel,1,94,2015,September,36,5,2,5,2,0.0,0,BB,PRT,Direct,Direct,0,0,0,G,G,0,No Deposit,,0,Transient,153.0,0,0
Resort Hotel,1,54,2015,September,36,5,2,5,2,0.0,0,BB,PRT,Online TA,TA/TO,0,0,0,A,A,1,No Deposit,240.0,0,Transient,131.0,0,2
Resort Hotel,0,52,2015,September,36,5,2,5,2,0.0,0,FB,ESP,Offline TA/TO,TA/TO,0,0,0,A,B,1,No Deposit,149.0,0,Transient,111.5,1,0
Resort Hotel,0,47,2015,September,36,5,2,5,2,0.0,0,BB,GBR,Direct,Direct,0,0,0,A,A,0,No Deposit,250.0,0,Transient,98.0,0,1
Resort Hotel,1,74,2015,September,36,5,2,5,2,0.0,0,BB,PRT,Online TA,TA/TO,0,0,0,E,E,0,No Deposit,240.0,0,Transient,123.0,0,0
Resort Hotel,1,50,2015,September,36,5,2,6,2,0.0,0,BB,PRT,Direct,Direct,0,0,0,C,C,0,No Deposit,250.0,0,Transient,123.0,0,0
Resort Hotel,1,323,2015,September,36,5,4,6,2,0.0,0,BB,PRT,Offline TA/TO,TA/TO,0,0,0,E,E,0,No Deposit,175.0,0,Transient-Party,97.5,0,1
Resort Hotel,1,323,2015,September,36,5,4,6,2,0.0,0,BB,PRT,Offline TA/TO,TA/TO,0,0,0,E,E,0,No Deposit,175.0,0,Transient-Party,97.5,0,1
Resort Hotel,0,340,2015,September,36,5,4,6,2,0.0,0,BB,SWE,Offline TA/TO,TA/TO,0,0,0,E,E,2,No Deposit,96.0,0,Transient,87.75,0,2
Resort Hotel,0,103,2015,September,36,5,4,10,2,0.0,0,BB,DEU,Online TA,TA/TO,0,0,0,E,E,0,No Deposit,241.0,0,Transient,83.7,1,1
Resort Hotel,0,356,2015,September,36,5,4,10,2,0.0,0,BB,GBR,Offline TA/TO,TA/TO,0,0,0,D,D,0,No Deposit,2.0,0,Contract,91.77,0,0
Resort Hotel,0,40,2015,September,37,6,2,0,2,0.0,0,HB,PRT,Direct,Direct,0,0,0,A,A,0,No Deposit,250.0,0,Transient,128.0,0,1
Resort Hotel,1,116,2015,September,37,6,2,0,2,0.0,0,BB,PRT,Online TA,TA/TO,0,0,0,A,A,0,No Deposit,240.0,0,Transient,98.0,0,3
Resort Hotel,0,74,2015,September,37,6,2,1,2,0.0,0,BB,PRT,Online TA,TA/TO,0,0,0,A,A,2,No Deposit,241.0,0,Transient,71.69,0,1
Resort Hotel,0,25,2015,September,37,6,2,2,2,0.0,0,BB,ESP,Online TA,TA/TO,0,0,0,A,A,0,No Deposit,240.0,0,Transient,114.5,0,1
Resort Hotel,1,32,2015,September,37,6,1,0,2,0.0,0,HB,PRT,Offline TA/TO,Direct,0,0,0,A,A,1,No Deposit,,0,Transient,149.0,0,0
Resort Hotel,1,12,2015,September,37,6,1,0,2,0.0,0,BB,PRT,Online TA,TA/TO,0,0,0,C,C,0,No Deposit,242.0,0,Transient,123.0,0,1
Resort Hotel,1,26,2015,September,37,6,2,3,2,0.0,0,BB,PRT,Direct,Direct,0,0,0,A,A,0,No Deposit,250.0,0,Transient,117.8,0,1
Resort Hotel,1,73,2015,September,37,6,2,3,2,0.0,0,BB,PRT,Online TA,TA/TO,0,0,0,A,A,0,No Deposit,240.0,0,Transient,98.0,0,1
Resort Hotel,1,27,2015,September,37,6,2,3,2,0.0,0,BB,PRT,Offline TA/TO,TA/TO,0,0,0,C,C,0,No Deposit,142.0,0,Contract,124.8,0,0
Resort Hotel,0,110,2015,September,37,6,2,3,2,0.0,0,BB,ESP,Online TA,TA/TO,0,0,0,A,A,0,No Deposit,240.0,0,Transient,98.0,1,0
Resort Hotel,0,61,2015,September,37,6,2,4,2,0.0,0,BB,ESP,Direct,Direct,0,0,0,A,A,0,No Deposit,250.0,0,Transient,128.0,0,0
Resort Hotel,1,60,2015,September,37,6,2,4,2,0.0,0,BB,PRT,Online TA,TA/TO,0,0,0,D,D,0,No Deposit,240.0,0,Transient,146.0,0,0
Resort Hotel,1,61,2015,September,37,6,2,4,2,0.0,0,BB,PRT,Online TA,TA/TO,0,0,0,A,A,0,No Deposit,240.0,0,Transient,131.0,0,3
Resort Hotel,0,57,2015,September,37,6,2,4,2,0.0,0,BB,PRT,Direct,Direct,0,0,0,A,A,1,No Deposit,250.0,0,Transient,98.0,0,0
Resort Hotel,0,47,2015,September,37,6,2,4,2,0.0,0,BB,GBR,Offline TA/TO,TA/TO,0,0,0,D,D,0,No Deposit,8.0,0,Contract,79.5,0,0
Resort Hotel,0,30,2015,September,37,6,2,5,2,0.0,0,BB,IRL,Online TA,TA/TO,0,0,0,A,E,0,No Deposit,240.0,0,Transient,126.29,1,2
Resort Hotel,0,59,2015,September,37,6,2,5,2,0.0,0,HB,GBR,Offline TA/TO,TA/TO,0,0,0,D,D,1,No Deposit,243.0,0,Transient,105.5,0,0
Resort Hotel,1,142,2015,September,37,6,2,5,2,0.0,0,BB,PRT,Direct,Direct,0,0,0,D,D,0,No Deposit,,0,Transient,103.85,0,1
Resort Hotel,0,94,2015,September,37,6,2,5,2,0.0,0,BB,PRT,Offline TA/TO,TA/TO,0,0,0,D,D,0,No Deposit,96.0,0,Transient,79.5,0,0
Resort Hotel,0,78,2015,September,37,6,2,5,2,0.0,0,HB,PRT,Direct,Direct,0,0,0,F,F,0,No Deposit,250.0,0,Transient,163.0,1,0
Resort Hotel,0,115,2015,September,37,6,2,5,2,0.0,0,HB,GBR,Offline TA/TO,TA/TO,0,0,0,D,D,0,No Deposit,40.0,0,Contract,107.5,0,0
Resort Hotel,0,128,2015,September,37,6,2,5,2,0.0,0,BB,IRL,Offline TA/TO,TA/TO,0,0,0,E,E,0,No Deposit,95.0,0,Transient,97.5,0,0
Resort Hotel,1,90,2015,September,37,6,3,5,2,0.0,0,BB,PRT,Direct,Direct,0,0,0,D,D,0,No Deposit,250.0,0,Transient,113.0,0,1
Resort Hotel,0,328,2015,September,37,6,4,6,2,0.0,0,BB,GBR,Offline TA/TO,TA/TO,0,0,0,D,D,0,No Deposit,171.0,0,Transient,66.15,0,1
Resort Hotel,0,143,2015,September,37,6,4,6,2,0.0,0,HB,DEU,Offline TA/TO,TA/TO,0,0,0,E,E,0,No Deposit,142.0,0,Contract,111.96,0,0
Resort Hotel,0,144,2015,September,37,6,4,10,2,0.0,0,BB,GBR,Online TA,TA/TO,0,0,0,A,A,0,No Deposit,240.0,0,Transient,83.15,0,1
Resort Hotel,0,90,2015,September,37,7,1,3,2,0.0,0,BB,ESP,Offline TA/TO,TA/TO,0,0,0,D,D,0,No Deposit,175.0,0,Transient,77.6,0,0
Resort Hotel,0,35,2015,September,37,7,1,3,2,0.0,0,HB,PRT,Online TA,TA/TO,0,0,0,A,C,0,No Deposit,240.0,0,Transient,144.9,0,2
Resort Hotel,0,4,2015,September,37,7,1,4,2,0.0,0,HB,PRT,Direct,Direct,0,0,0,A,C,1,No Deposit,250.0,0,Transient,161.0,0,0
Resort Hotel,1,55,2015,September,37,7,1,4,2,0.0,0,BB,PRT,Online TA,TA/TO,0,0,0,A,A,0,No Deposit,242.0,0,Transient,131.0,0,1
Resort Hotel,0,0,2015,September,37,7,1,4,2,0.0,0,BB,PRT,Direct,Direct,0,0,0,E,E,3,No Deposit,,0,Transient,131.0,0,0
Resort Hotel,0,112,2015,September,37,7,1,5,2,0.0,0,BB,IRL,Online TA,TA/TO,0,0,0,A,A,0,No Deposit,147.0,0,Transient,64.29,0,0
Resort Hotel,1,105,2015,September,37,7,1,5,2,0.0,0,BB,PRT,Online TA,TA/TO,0,0,0,A,A,0,No Deposit,240.0,0,Transient,98.0,0,0
Resort Hotel,1,109,2015,September,37,7,1,5,2,0.0,0,BB,PRT,Online TA,TA/TO,0,0,0,E,E,0,No Deposit,240.0,0,Transient,123.0,0,0
Resort Hotel,1,75,2015,September,37,7,2,5,2,0.0,0,BB,PRT,Online TA,TA/TO,0,0,0,A,A,0,No Deposit,240.0,0,Transient,98.0,0,2
Resort Hotel,0,30,2015,September,37,7,13,33,2,0.0,0,SC,ESP,Online TA,TA/TO,0,0,0,A,I,17,No Deposit,240.0,0,Transient,0.0,0,1
Resort Hotel,1,144,2015,September,37,7,3,7,2,0.0,0,BB,PRT,Online TA,TA/TO,0,0,0,A,A,0,No Deposit,240.0,0,Transient,75.96,0,0
Resort Hotel,0,248,2015,September,37,7,3,7,2,0.0,0,HB,GBR,Offline TA/TO,TA/TO,0,0,0,A,A,0,No Deposit,40.0,0,Transient,83.5,0,1
Resort Hotel,0,0,2015,September,37,8,0,2,2,0.0,0,BB,PRT,Direct,Direct,0,0,0,A,C,1,No Deposit,,0,Transient,131.0,0,0
Resort Hotel,1,302,2015,September,37,8,0,3,2,0.0,0,BB,PRT,Direct,TA/TO,0,0,0,A,A,0,No Deposit,240.0,0,Transient,84.47,0,0
Resort Hotel,1,302,2015,September,37,8,0,3,2,0.0,0,BB,PRT,Direct,TA/TO,0,0,0,A,A,0,No Deposit,240.0,0,Transient,84.47,0,0
Resort Hotel,1,302,2015,September,37,8,0,3,2,0.0,0,BB,PRT,Direct,TA/TO,0,0,0,A,A,1,No Deposit,240.0,0,Transient,84.47,0,0
Resort Hotel,1,61,2015,September,37,8,0,4,2,0.0,0,BB,PRT,Online TA,TA/TO,0,0,0,E,E,0,No Deposit,240.0,0,Transient,156.0,0,0
Resort Hotel,1,12,2015,September,37,8,0,4,2,0.0,0,BB,PRT,Online TA,TA/TO,0,0,0,A,A,0,No Deposit,242.0,0,Transient,98.0,0,1
Resort Hotel,1,47,2015,September,37,8,0,4,2,0.0,0,BB,PRT,Online TA,TA/TO,0,0,0,A,A,0,No Deposit,240.0,0,Transient,117.9,0,2
Resort Hotel,0,11,2015,September,37,8,0,4,2,0.0,0,BB,PRT,Direct,Direct,0,0,0,A,A,0,No Deposit,250.0,0,Transient,98.0,0,1
Resort Hotel,0,117,2015,September,37,8,2,5,2,0.0,0,HB,GBR,Offline TA/TO,TA/TO,0,0,0,D,C,0,No Deposit,156.0,0,Contract,101.53,0,0
Resort Hotel,0,160,2015,September,37,8,2,5,2,0.0,0,HB,GBR,Offline TA/TO,TA/TO,0,0,0,D,C,0,No Deposit,40.0,0,Contract,97.54,0,0
Resort Hotel,0,175,2015,September,37,8,2,5,2,0.0,0,HB,GBR,Offline TA/TO,TA/TO,0,0,0,A,A,0,No Deposit,143.0,0,Transient,91.5,0,0
Resort Hotel,0,71,2015,September,37,8,2,6,2,0.0,0,BB,GBR,Online TA,TA/TO,0,0,0,D,D,0,No Deposit,240.0,0,Transient,113.0,0,0
Resort Hotel,1,344,2015,September,37,8,4,10,2,0.0,0,BB,PRT,Offline TA/TO,TA/TO,0,0,0,A,A,0,No Deposit,171.0,0,Transient,58.95,0,0
Resort Hotel,0,12,2015,September,37,8,2,5,2,0.0,0,BB,PRT,Direct,Direct,0,0,0,F,G,0,No Deposit,250.0,0,Transient,133.0,1,0
Resort Hotel,0,382,2015,September,37,8,4,10,2,0.0,0,BB,GBR,Offline TA/TO,TA/TO,0,0,0,E,E,0,No Deposit,40.0,0,Contract,76.5,0,0
Resort Hotel,0,0,2015,September,37,9,0,1,2,0.0,0,BB,ESP,Direct,Direct,0,0,0,F,F,0,No Deposit,,0,Transient,146.0,1,0
Resort Hotel,0,58,2015,September,37,9,0,1,2,0.0,0,BB,CHE,Offline TA/TO,TA/TO,0,0,0,A,A,0,No Deposit,251.0,0,Transient,68.5,0,0
Resort Hotel,1,0,2015,September,37,9,0,1,2,0.0,0,BB,PRT,Direct,Direct,0,0,0,A,A,0,No Deposit,,0,Transient,146.0,0,2
Resort Hotel,1,20,2015,September,37,9,0,2,2,0.0,0,BB,PRT,Offline TA/TO,TA/TO,0,0,0,E,E,0,No Deposit,142.0,0,Contract,124.8,0,0
Resort Hotel,0,48,2015,September,37,9,0,2,2,0.0,0,BB,ESP,Online TA,TA/TO,0,0,0,A,A,1,No Deposit,240.0,0,Transient,131.0,0,2
Resort Hotel,0,2,2015,September,37,9,0,3,2,0.0,0,BB,PRT,Online TA,TA/TO,0,0,0,A,D,0,No Deposit,240.0,0,Transient,146.0,1,0
Resort Hotel,1,1,2015,September,37,9,1,4,2,0.0,0,BB,PRT,Direct,Direct,0,0,0,A,A,0,No Deposit,,0,Transient,124.4,0,0
Resort Hotel,0,118,2015,September,37,9,2,5,2,0.0,0,BB,GBR,Offline TA/TO,TA/TO,0,0,0,A,A,0,No Deposit,115.0,0,Contract,59.0,0,1
Resort Hotel,0,146,2015,September,37,9,2,5,2,0.0,0,HB,DEU,Offline TA/TO,TA/TO,0,0,0,A,A,0,No Deposit,275.0,0,Transient,76.5,0,0
Resort Hotel,1,78,2015,September,37,9,2,7,2,0.0,0,BB,PRT,Online TA,TA/TO,0,0,0,A,A,0,No Deposit,242.0,0,Transient,92.67,0,1
Resort Hotel,1,159,2015,September,37,9,2,7,2,0.0,0,BB,PRT,Online TA,TA/TO,0,0,0,A,A,0,No Deposit,240.0,0,Transient-Party,82.0,0,1
Resort Hotel,0,1,2015,September,37,9,1,4,2,0.0,0,HB,GBR,Online TA,TA/TO,0,0,0,A,A,1,No Deposit,240.0,0,Transient,158.4,0,0
Resort Hotel,0,31,2015,September,37,10,0,3,2,0.0,0,BB,BEL,Online TA,TA/TO,0,0,0,A,C,0,No Deposit,240.0,0,Transient,108.0,0,1
Resort Hotel,1,114,2015,September,37,10,1,3,2,0.0,0,BB,PRT,Online TA,TA/TO,0,0,0,E,E,0,No Deposit,241.0,0,Transient,87.05,0,1
Resort Hotel,0,170,2015,September,37,10,1,3,2,0.0,0,BB,GBR,Offline TA/TO,TA/TO,0,0,0,D,E,0,No Deposit,26.0,0,Contract,70.98,0,0
Resort Hotel,1,27,2015,September,37,10,1,3,2,0.0,0,BB,PRT,Direct,Direct,0,0,0,E,E,0,No Deposit,,0,Transient,119.7,0,1
Resort Hotel,0,166,2015,September,37,10,1,3,2,0.0,0,BB,PRT,Online TA,TA/TO,0,0,0,A,A,0,No Deposit,240.0,0,Transient,73.8,0,2
Resort Hotel,1,114,2015,September,37,10,1,3,2,0.0,0,BB,PRT,Online TA,TA/TO,0,0,0,E,E,0,No Deposit,241.0,0,Transient,87.05,0,1
Resort Hotel,1,114,2015,September,37,10,1,3,2,0.0,0,BB,PRT,Online TA,TA/TO,0,0,0,E,E,0,No Deposit,241.0,0,Transient,87.05,0,0
Resort Hotel,0,108,2015,September,37,10,2,3,2,0.0,0,BB,RUS,Online TA,TA/TO,0,0,0,A,A,1,No Deposit,240.0,0,Transient,82.44,0,1
Resort Hotel,0,82,2015,September,37,10,2,3,2,0.0,0,HB,GBR,Online TA,TA/TO,0,0,0,E,E,0,No Deposit,240.0,0,Transient,153.0,0,1
Resort Hotel,0,113,2015,September,37,10,2,5,2,0.0,0,BB,IRL,Online TA,TA/TO,0,0,0,A,A,0,No Deposit,147.0,0,Transient,57.54,0,0
Resort Hotel,1,94,2015,September,37,10,2,5,2,0.0,0,BB,PRT,Direct,Direct,0,0,0,F,F,0,No Deposit,250.0,0,Transient,120.43,0,0
Resort Hotel,0,0,2015,September,37,10,0,1,2,0.0,0,BB,GBR,Online TA,TA/TO,0,0,0,A,C,0,No Deposit,240.0,0,Transient,131.0,1,2
Resort Hotel,1,132,2015,September,37,10,0,2,2,0.0,0,BB,PRT,Online TA,TA/TO,0,0,0,A,A,0,No Deposit,240.0,0,Group,82.0,0,2
Resort Hotel,1,147,2015,September,37,10,2,5,2,0.0,0,BB,PRT,Offline TA/TO,TA/TO,0,0,0,D,D,0,No Deposit,142.0,0,Contract,70.48,0,0
Resort Hotel,0,140,2015,September,37,10,2,5,2,0.0,0,HB,DEU,Offline TA/TO,TA/TO,0,0,0,A,A,0,No Deposit,177.0,0,Transient,85.0,0,0
Resort Hotel,0,97,2015,September,37,10,2,5,2,0.0,0,HB,GBR,Offline TA/TO,TA/TO,0,0,0,A,A,0,No Deposit,40.0,0,Transient,83.5,0,0
Resort Hotel,0,160,2015,September,37,10,2,5,2,0.0,0,BB,GBR,Offline TA/TO,TA/TO,0,0,0,A,A,0,No Deposit,243.0,0,Contract,48.88,0,0
Resort Hotel,0,91,2015,September,37,10,2,5,2,0.0,0,BB,GBR,Offline TA/TO,TA/TO,0,0,0,D,D,0,No Deposit,243.0,0,Transient,73.5,0,1
Resort Hotel,0,111,2015,September,37,10,2,7,2,0.0,0,HB,GBR,Offline TA/TO,TA/TO,0,0,0,D,D,0,No Deposit,40.0,0,Contract,101.5,0,0
Resort Hotel,1,114,2015,September,37,10,1,3,2,0.0,0,BB,PRT,Online TA,TA/TO,0,0,0,E,E,0,No Deposit,241.0,0,Transient,87.05,0,1
Resort Hotel,0,90,2015,September,37,10,2,8,2,0.0,0,BB,FRA,Online TA,TA/TO,0,0,0,E,E,0,No Deposit,240.0,0,Transient,118.2,1,1
Resort Hotel,0,338,2015,September,37,10,2,8,2,0.0,0,BB,GBR,Offline TA/TO,TA/TO,0,0,0,D,D,0,No Deposit,156.0,0,Contract,66.15,0,1
Resort Hotel,0,167,2015,September,37,10,4,10,2,0.0,0,BB,IRL,Offline TA/TO,TA/TO,0,0,0,A,A,0,No Deposit,156.0,0,Contract,50.15,0,2
Resort Hotel,0,0,2015,September,37,11,0,1,2,0.0,0,BB,FRA,Direct,Direct,0,0,0,A,C,0,No Deposit,,0,Transient,131.0,1,0
Resort Hotel,0,73,2015,September,37,11,0,1,2,0.0,0,BB,DEU,Offline TA/TO,TA/TO,0,0,0,A,A,0,No Deposit,251.0,0,Transient,68.5,0,0
Resort Hotel,0,0,2015,September,37,11,0,1,2,0.0,0,BB,ESP,Offline TA/TO,TA/TO,0,0,0,A,C,0,No Deposit,142.0,0,Transient,104.8,0,0
Resort Hotel,0,63,2015,September,37,11,0,1,2,0.0,0,BB,POL,Online TA,TA/TO,0,0,0,A,D,0,No Deposit,240.0,0,Transient,117.9,0,3
Resort Hotel,0,8,2015,September,37,11,0,2,2,0.0,0,BB,PRT,Direct,Direct,0,0,0,D,D,0,No Deposit,,0,Transient,113.0,0,0
Resort Hotel,0,1,2015,September,37,11,0,2,2,0.0,0,BB,ESP,Online TA,TA/TO,0,0,0,A,D,0,No Deposit,240.0,0,Transient,138.5,0,0
Resort Hotel,0,70,2015,September,37,11,0,2,2,0.0,0,BB,FRA,Online TA,TA/TO,0,0,0,D,D,0,No Deposit,240.0,0,Transient,146.0,1,0
Resort Hotel,0,4,2015,September,37,11,0,2,2,0.0,0,BB,PRT,Direct,Direct,0,0,0,D,D,0,No Deposit,250.0,0,Transient,133.0,1,0
Resort Hotel,0,1,2015,September,37,11,1,2,2,0.0,0,BB,PRT,Online TA,TA/TO,0,0,0,D,F,0,No Deposit,240.0,0,Transient,135.0,1,1
Resort Hotel,0,8,2015,September,37,11,2,3,2,0.0,0,BB,FRA,Online TA,TA/TO,0,0,0,A,A,0,No Deposit,240.0,0,Transient,111.2,0,2
Resort Hotel,0,102,2015,September,37,11,2,5,2,0.0,0,BB,GBR,Offline TA/TO,TA/TO,0,0,0,A,A,0,No Deposit,40.0,0,Contract,57.5,0,0
Resort Hotel,1,310,2015,September,37,11,2,5,2,0.0,0,BB,PRT,Offline TA/TO,TA/TO,0,0,0,A,A,0,No Deposit,26.0,0,Contract,58.95,0,0
Resort Hotel,0,11,2015,September,37,11,2,5,2,0.0,0,BB,GBR,Online TA,TA/TO,0,0,0,A,A,0,No Deposit,241.0,0,Transient,77.11,0,0
Resort Hotel,1,148,2015,September,37,11,2,5,2,0.0,0,HB,PRT,Offline TA/TO,TA/TO,0,0,0,D,D,0,No Deposit,40.0,0,Contract,97.99,0,0
Resort Hotel,0,165,2015,September,37,11,3,7,2,0.0,0,BB,GBR,Offline TA/TO,TA/TO,0,0,0,A,A,0,No Deposit,40.0,0,Contract,51.75,0,0
Resort Hotel,0,9,2015,September,37,12,2,2,2,0.0,0,BB,ESP,Online TA,TA/TO,0,0,0,D,D,0,No Deposit,240.0,0,Transient,141.5,1,2
Resort Hotel,1,172,2015,September,37,12,2,2,2,0.0,0,BB,PRT,Groups,TA/TO,0,0,0,A,A,0,No Deposit,15.0,0,Transient-Party,36.0,0,0
Resort Hotel,0,143,2015,September,37,12,2,4,2,0.0,0,BB,BRA,Online TA,TA/TO,0,0,0,A,D,0,No Deposit,240.0,0,Transient,66.6,0,1
Resort Hotel,1,145,2015,September,37,12,2,4,2,0.0,0,HB,PRT,Online TA,TA/TO,0,0,0,D,D,2,No Deposit,240.0,0,Transient,129.0,0,2
Resort Hotel,1,121,2015,September,37,12,2,4,2,0.0,0,BB,PRT,Online TA,TA/TO,0,0,0,A,A,0,No Deposit,240.0,0,Transient,82.0,0,2
Resort Hotel,0,96,2015,September,37,12,2,5,2,0.0,0,BB,PRT,Online TA,TA/TO,0,0,0,D,D,0,No Deposit,240.0,0,Transient,95.86,0,0
Resort Hotel,0,136,2015,September,37,12,2,5,2,0.0,0,BB,GBR,Online TA,TA/TO,0,0,0,D,D,0,No Deposit,241.0,0,Transient,68.45,0,1
Resort Hotel,0,2,2015,September,37,12,2,5,2,0.0,0,BB,IRL,Direct,Direct,0,0,0,E,F,0,No Deposit,250.0,0,Transient,131.14,0,0
Resort Hotel,0,170,2015,September,37,12,6,12,2,0.0,0,HB,SWE,Offline TA/TO,TA/TO,0,0,0,A,A,0,No Deposit,69.0,0,Contract,72.25,0,0
Resort Hotel,0,149,2015,September,37,12,2,5,2,0.0,0,BB,DEU,Offline TA/TO,TA/TO,0,0,0,A,A,0,No Deposit,275.0,0,Transient,53.1,0,0
Resort Hotel,0,0,2015,September,38,13,1,0,2,0.0,0,BB,IRL,Direct,Direct,0,0,0,A,E,0,No Deposit,,0,Transient,123.0,0,0
Resort Hotel,1,127,2015,September,38,13,2,0,2,0.0,0,BB,PRT,Online TA,TA/TO,0,0,0,A,A,0,No Deposit,240.0,0,Transient,110.7,0,0
Resort Hotel,1,149,2015,September,38,13,2,1,2,0.0,0,BB,PRT,Online TA,TA/TO,0,0,0,A,A,1,No Deposit,240.0,0,Transient,73.8,0,1
Resort Hotel,0,19,2015,September,38,13,2,2,2,0.0,0,HB,DEU,Online TA,TA/TO,0,0,0,A,C,0,No Deposit,242.0,0,Transient,127.75,0,1
Resort Hotel,1,12,2015,September,38,13,2,2,2,0.0,0,BB,PRT,Online TA,TA/TO,0,0,0,D,D,0,No Deposit,240.0,0,Transient,110.75,0,0
Resort Hotel,1,178,2015,September,38,13,2,2,2,0.0,0,BB,PRT,Online TA,TA/TO,0,0,0,A,A,0,No Deposit,240.0,0,Transient-Party,91.0,0,1
Resort Hotel,0,12,2015,September,38,13,2,2,2,0.0,0,BB,ESP,Online TA,TA/TO,0,0,0,D,D,0,No Deposit,240.0,0,Transient,122.75,1,1
Resort Hotel,1,178,2015,September,38,13,2,2,2,0.0,0,BB,PRT,Online TA,TA/TO,0,0,0,A,A,0,No Deposit,240.0,0,Transient-Party,91.0,0,1
Resort Hotel,0,26,2015,September,38,13,2,3,2,0.0,0,BB,PRT,Direct,Direct,0,0,0,E,F,0,No Deposit,,0,Transient,132.6,1,2
Resort Hotel,0,2,2015,September,38,13,2,3,2,0.0,0,BB,PRT,Direct,Direct,0,0,0,C,C,0,No Deposit,250.0,0,Transient,124.0,1,0
Resort Hotel,1,10,2015,September,38,13,2,3,2,0.0,0,BB,PRT,Direct,Direct,0,0,0,F,F,0,No Deposit,,0,Transient,138.6,0,0
Resort Hotel,1,120,2015,September,38,13,2,3,2,0.0,0,BB,PRT,Online TA,TA/TO,0,0,0,E,E,0,No Deposit,240.0,0,Transient,107.0,0,2
Resort Hotel,1,123,2015,September,38,13,2,4,2,0.0,0,BB,ESP,Online TA,TA/TO,0,0,0,A,A,0,No Deposit,240.0,0,Transient,70.2,0,1
Resort Hotel,0,137,2015,September,38,13,2,5,2,0.0,0,BB,GBR,Offline TA/TO,TA/TO,0,0,0,D,D,0,No Deposit,40.0,0,Contract,66.15,0,1
Resort Hotel,0,104,2015,September,38,13,2,5,2,0.0,0,BB,GBR,Offline TA/TO,TA/TO,0,0,0,E,E,0,No Deposit,40.0,0,Transient,93.21,0,0
Resort Hotel,0,172,2015,September,38,13,3,5,2,0.0,0,BB,IRL,Offline TA/TO,TA/TO,0,0,0,A,A,0,No Deposit,142.0,0,Contract,53.1,0,1
Resort Hotel,0,305,2015,September,38,13,4,7,2,0.0,0,BB,IRL,Offline TA/TO,TA/TO,0,0,0,A,A,0,No Deposit,142.0,0,Group,53.1,0,2
Resort Hotel,0,173,2015,September,38,13,4,8,2,0.0,0,BB,GBR,Offline TA/TO,TA/TO,0,0,0,D,D,0,No Deposit,40.0,0,Contract,66.15,0,0
Resort Hotel,1,94,2015,September,38,13,4,10,2,0.0,0,BB,PRT,Offline TA/TO,TA/TO,0,0,0,D,D,0,No Deposit,243.0,0,Transient,79.5,0,0
Resort Hotel,0,118,2015,September,38,13,4,10,2,0.0,0,BB,GBR,Offline TA/TO,TA/TO,0,0,0,D,D,0,No Deposit,243.0,0,Contract,73.5,0,0
Resort Hotel,0,21,2015,September,38,14,1,2,2,0.0,0,BB,GBR,Online TA,TA/TO,0,0,0,E,E,0,No Deposit,240.0,0,Transient,132.0,1,2
Resort Hotel,1,17,2015,September,38,14,1,2,2,0.0,0,BB,PRT,Online TA,TA/TO,0,0,0,E,E,0,No Deposit,240.0,0,Transient,120.0,0,2
Resort Hotel,0,128,2015,September,38,14,1,4,2,0.0,0,BB,PRT,Offline TA/TO,TA/TO,0,0,0,D,D,0,No Deposit,96.0,0,Transient,73.5,1,1
Resort Hotel,0,34,2015,September,38,14,1,4,2,0.0,0,HB,PRT,Online TA,TA/TO,0,0,0,A,E,2,No Deposit,241.0,0,Transient,212.83,1,2
Resort Hotel,0,19,2015,September,38,14,1,4,2,0.0,0,HB,PRT,Offline TA/TO,TA/TO,0,0,0,C,C,0,No Deposit,142.0,0,Transient,120.08,0,2
Resort Hotel,1,108,2015,September,38,14,1,4,2,0.0,0,BB,PRT,Online TA,TA/TO,0,0,0,A,A,0,No Deposit,240.0,0,Transient,77.2,0,0
Resort Hotel,0,25,2015,September,38,14,1,4,2,0.0,0,HB,PRT,Online TA,TA/TO,0,0,0,E,E,0,No Deposit,240.0,0,Transient,160.8,0,2
Resort Hotel,0,107,2015,September,38,14,1,5,2,0.0,0,BB,GBR,Online TA,TA/TO,0,0,0,A,A,0,No Deposit,240.0,0,Transient,76.67,0,1
Resort Hotel,0,11,2015,September,38,14,1,5,2,0.0,0,BB,GBR,Direct,Direct,0,0,0,A,D,0,No Deposit,250.0,0,Transient,100.5,0,1
Resort Hotel,1,94,2015,September,38,14,1,5,2,0.0,0,BB,PRT,Online TA,TA/TO,0,0,0,D,D,0,No Deposit,240.0,0,Transient,89.0,0,0
Resort Hotel,0,83,2015,September,38,14,3,5,2,0.0,0,BB,IRL,Online TA,TA/TO,0,0,0,D,D,0,No Deposit,240.0,0,Transient,95.0,0,1
Resort Hotel,0,84,2015,September,38,14,4,10,2,0.0,0,HB,NLD,Online TA,TA/TO,0,0,0,E,E,1,No Deposit,241.0,0,Transient,103.51,1,0
Resort Hotel,0,135,2015,September,38,14,8,20,2,0.0,0,HB,GBR,Offline TA/TO,TA/TO,0,0,0,D,D,0,No Deposit,2.0,0,Contract,82.0,0,0
Resort Hotel,0,5,2015,September,38,15,0,1,2,0.0,0,BB,PRT,Direct,Direct,0,0,0,D,G,0,No Deposit,250.0,0,Transient,146.0,0,0
Resort Hotel,1,105,2015,September,38,15,0,4,2,0.0,0,BB,PRT,Online TA,TA/TO,0,0,0,A,A,0,No Deposit,240.0,0,Transient,68.4,0,0
Resort Hotel,0,99,2015,September,38,15,0,5,2,0.0,0,BB,IRL,Online TA,TA/TO,0,0,0,A,A,0,No Deposit,147.0,0,Transient,55.79,0,0
Resort Hotel,1,81,2015,September,38,15,0,5,2,0.0,0,BB,PRT,Online TA,TA/TO,0,0,0,E,E,0,No Deposit,240.0,0,Transient,103.8,0,1
Resort Hotel,0,152,2015,September,38,15,1,5,2,0.0,0,BB,POL,Online TA,TA/TO,0,0,0,E,E,0,No Deposit,240.0,0,Transient,99.0,0,0
Resort Hotel,1,103,2015,September,38,15,2,5,2,0.0,0,BB,PRT,Online TA,TA/TO,0,0,0,D,D,0,No Deposit,240.0,0,Transient,122.14,0,0
Resort Hotel,1,96,2015,September,38,15,2,5,2,0.0,0,BB,PRT,Online TA,TA/TO,0,0,0,D,D,0,No Deposit,240.0,0,Transient,90.14,0,0
Resort Hotel,1,81,2015,September,38,15,0,5,2,0.0,0,BB,PRT,Online TA,TA/TO,0,0,0,E,E,0,No Deposit,240.0,0,Transient,103.8,0,1
Resort Hotel,0,124,2015,September,38,15,2,7,2,0.0,0,BB,GBR,Offline TA/TO,TA/TO,0,0,0,D,D,0,No Deposit,40.0,0,Transient,73.5,0,1
Resort Hotel,0,354,2015,September,38,15,4,10,2,0.0,0,BB,PRT,Offline TA/TO,TA/TO,0,0,0,A,E,1,No Deposit,40.0,0,Contract,68.88,0,0
Resort Hotel,1,116,2015,September,38,15,4,11,2,0.0,0,BB,PRT,Online TA,TA/TO,0,0,0,A,A,0,No Deposit,240.0,0,Transient,74.53,0,0
Resort Hotel,0,119,2015,September,38,15,4,10,2,0.0,0,BB,GBR,Offline TA/TO,TA/TO,0,0,0,D,D,0,No Deposit,142.0,0,Transient,71.66,0,0
Resort Hotel,0,1,2015,September,38,16,0,1,2,0.0,0,BB,FRA,Online TA,TA/TO,0,0,0,A,A,0,No Deposit,240.0,0,Transient,74.0,0,1
Resort Hotel,0,0,2015,September,38,16,0,1,2,0.0,0,BB,NLD,Online TA,TA/TO,0,0,0,A,A,0,No Deposit,240.0,0,Transient,74.0,0,1
Resort Hotel,0,5,2015,September,38,16,0,1,2,0.0,0,BB,BEL,Online TA,TA/TO,0,0,0,A,A,0,No Deposit,240.0,0,Transient,66.6,1,2
Resort Hotel,0,0,2015,September,38,16,0,1,2,0.0,0,BB,ESP,Direct,Direct,0,0,0,C,C,0,No Deposit,,0,Transient,8.0,1,0
Resort Hotel,0,46,2015,September,38,16,0,1,2,0.0,0,BB,CHE,Offline TA/TO,TA/TO,0,0,0,A,A,0,No Deposit,251.0,0,Transient,62.0,0,0
Resort Hotel,0,0,2015,September,38,16,0,1,2,0.0,0,BB,PRT,Online TA,TA/TO,0,0,0,E,E,0,No Deposit,240.0,0,Transient,79.0,1,1
Resort Hotel,0,44,2015,September,38,16,0,2,2,0.0,0,BB,FRA,Online TA,TA/TO,0,0,0,A,A,0,No Deposit,240.0,0,Transient,74.0,0,2
Resort Hotel,0,42,2015,September,38,16,0,3,2,0.0,0,BB,ESP,Online TA,TA/TO,0,0,0,A,A,0,No Deposit,240.0,0,Transient,86.0,1,1
Resort Hotel,0,65,2015,September,38,16,0,3,2,0.0,0,HB,PRT,Direct,Direct,0,0,0,E,E,0,No Deposit,250.0,0,Transient,129.0,0,2
Resort Hotel,0,72,2015,September,38,16,0,3,2,0.0,0,BB,ESP,Direct,Direct,0,0,0,A,A,0,No Deposit,250.0,0,Transient,83.0,0,0
Resort Hotel,0,42,2015,September,38,16,0,3,2,0.0,0,BB,PRT,Direct,Direct,0,0,0,A,A,0,No Deposit,250.0,0,Transient,74.0,0,0
Resort Hotel,1,65,2015,September,38,16,0,4,2,0.0,0,BB,PRT,Online TA,TA/TO,0,0,0,A,A,1,No Deposit,240.0,0,Transient,77.75,0,1
Resort Hotel,1,121,2015,September,38,16,0,4,2,0.0,0,BB,PRT,Online TA,TA/TO,0,0,0,A,A,0,No Deposit,240.0,0,Transient,74.0,0,0
Resort Hotel,0,104,2015,September,38,16,1,4,2,0.0,0,BB,CHL,Online TA,TA/TO,0,0,0,A,A,0,No Deposit,240.0,0,Transient,66.6,0,0
Resort Hotel,0,1,2015,September,38,16,0,4,2,0.0,0,BB,ESP,Online TA,TA/TO,0,0,0,H,H,0,No Deposit,240.0,0,Transient,150.25,0,0
Resort Hotel,0,56,2015,September,38,16,1,4,2,0.0,0,BB,RUS,Online TA,TA/TO,0,0,0,A,A,1,No Deposit,240.0,0,Transient,92.0,1,2
Resort Hotel,0,114,2015,September,38,16,2,5,2,0.0,0,HB,GBR,Offline TA/TO,TA/TO,0,0,0,A,A,0,No Deposit,40.0,0,Contract,85.5,0,0
Resort Hotel,0,85,2015,September,38,16,2,5,2,0.0,0,BB,IRL,Offline TA/TO,TA/TO,0,0,0,D,D,0,No Deposit,5.0,0,Transient,71.2,0,1
Resort Hotel,1,65,2015,September,38,16,2,4,2,0.0,0,BB,PRT,Online TA,TA/TO,0,0,0,A,A,0,No Deposit,240.0,0,Transient,81.5,0,1
Resort Hotel,0,85,2015,September,38,16,2,5,2,0.0,0,BB,IRL,Offline TA/TO,TA/TO,0,0,0,D,D,0,No Deposit,5.0,0,Transient,71.2,0,1
Resort Hotel,1,95,2015,September,38,16,4,10,2,0.0,0,BB,PRT,Online TA,TA/TO,0,0,0,D,D,0,No Deposit,240.0,0,Transient,89.0,0,0
Resort Hotel,1,97,2015,September,38,16,2,5,2,0.0,0,BB,PRT,Online TA,TA/TO,0,0,0,D,D,0,No Deposit,240.0,0,Transient,89.0,0,1
Resort Hotel,1,97,2015,September,38,16,2,5,2,0.0,0,BB,PRT,Online TA,TA/TO,0,0,0,A,A,0,No Deposit,240.0,0,Transient,66.6,0,1
Resort Hotel,0,6,2015,September,38,17,0,1,2,0.0,0,BB,ESP,Offline TA/TO,TA/TO,0,0,0,A,A,0,No Deposit,142.0,0,Contract,71.2,1,0
Resort Hotel,0,78,2015,September,38,17,0,2,2,0.0,0,BB,BRA,Online TA,TA/TO,0,0,0,A,A,0,No Deposit,240.0,0,Transient,66.6,1,2
Resort Hotel,0,1,2015,September,38,17,0,0,2,0.0,0,BB,PRT,Online TA,TA/TO,0,0,0,A,C,0,No Deposit,240.0,0,Transient,0.0,0,2
Resort Hotel,0,50,2015,September,38,17,0,1,2,0.0,0,BB,EST,Online TA,TA/TO,0,0,0,E,E,0,No Deposit,240.0,0,Transient,111.0,1,2
Resort Hotel,0,0,2015,September,38,17,0,1,2,0.0,0,BB,PRT,Direct,Direct,0,0,0,H,H,1,No Deposit,,0,Transient,106.2,1,0
Resort Hotel,1,105,2015,September,38,17,0,2,2,0.0,0,BB,PRT,Online TA,TA/TO,0,0,0,A,A,0,No Deposit,240.0,0,Transient,83.0,0,0
Resort Hotel,0,138,2015,September,38,17,2,3,2,0.0,0,BB,GBR,Online TA,TA/TO,0,0,0,A,A,0,No Deposit,240.0,0,Transient,74.0,0,2
Resort Hotel,1,89,2015,September,38,17,2,3,2,0.0,0,BB,PRT,Online TA,TA/TO,0,0,0,D,D,0,No Deposit,240.0,0,Transient,89.0,0,2
Resort Hotel,1,62,2015,September,38,17,2,3,2,0.0,0,BB,PRT,Online TA,TA/TO,0,0,0,A,A,0,No Deposit,240.0,0,Transient,83.0,0,0
Resort Hotel,1,76,2015,September,38,17,2,5,2,0.0,0,BB,PRT,Online TA,TA/TO,0,0,0,A,A,0,No Deposit,240.0,0,Transient,84.71,0,1
Resort Hotel,0,87,2015,September,38,17,2,5,2,0.0,0,BB,GBR,Offline TA/TO,TA/TO,0,0,0,A,A,0,No Deposit,175.0,0,Transient,59.2,0,0
Resort Hotel,1,35,2015,September,38,17,2,5,2,0.0,0,BB,PRT,Online TA,TA/TO,0,0,0,C,C,0,No Deposit,242.0,0,Transient,114.0,0,0
Resort Hotel,0,104,2015,September,38,17,2,5,2,0.0,0,BB,GBR,Offline TA/TO,TA/TO,0,0,0,D,D,0,No Deposit,2.0,0,Contract,73.5,0,0
Resort Hotel,0,66,2015,September,38,17,2,5,2,0.0,0,BB,CHN,Online TA,TA/TO,0,0,0,E,E,0,No Deposit,240.0,0,Transient,109.71,0,2
Resort Hotel,0,34,2015,September,38,17,2,5,2,0.0,0,BB,GBR,Direct,Direct,0,0,0,A,A,0,No Deposit,250.0,0,Transient,90.43,0,0
Resort Hotel,0,131,2015,September,38,17,4,10,2,0.0,0,BB,GBR,Offline TA/TO,TA/TO,0,0,0,E,E,0,No Deposit,142.0,0,Contract,80.63,0,0
Resort Hotel,0,167,2015,September,38,17,4,10,2,0.0,0,BB,GBR,Offline TA/TO,TA/TO,0,0,0,D,D,0,No Deposit,243.0,0,Contract,45.9,0,1
Resort Hotel,0,7,2015,September,38,18,0,2,2,0.0,0,BB,PRT,Direct,Direct,0,0,0,F,F,0,No Deposit,250.0,0,Transient,120.0,1,1
Resort Hotel,0,7,2015,September,38,18,0,2,2,0.0,0,BB,PRT,Direct,Direct,0,0,0,F,F,0,No Deposit,250.0,0,Transient,114.0,0,1
Resort Hotel,0,71,2015,September,38,18,1,2,2,0.0,0,BB,ESP,Online TA,TA/TO,0,0,0,A,A,0,No Deposit,240.0,0,Transient,81.6,1,1
Resort Hotel,1,101,2015,September,38,18,1,2,2,0.0,0,BB,PRT,Online TA,TA/TO,0,0,0,A,A,0,No Deposit,240.0,0,Transient,83.0,0,0
Resort Hotel,0,48,2015,September,38,18,1,2,2,0.0,0,BB,CHE,Direct,Direct,0,0,0,F,G,1,No Deposit,250.0,0,Transient,113.0,1,0
Resort Hotel,0,99,2015,September,38,18,1,2,2,0.0,0,BB,GBR,Offline TA/TO,TA/TO,0,0,0,E,F,0,No Deposit,142.0,0,Transient,81.2,0,0
Resort Hotel,1,102,2015,September,38,18,1,2,2,0.0,0,BB,PRT,Offline TA/TO,TA/TO,0,0,0,A,A,0,No Deposit,142.0,0,Transient,59.2,0,0
Resort Hotel,1,32,2015,September,38,18,2,2,2,0.0,0,BB,PRT,Direct,Direct,0,0,0,C,C,0,No Deposit,250.0,0,Transient,126.0,0,0
Resort Hotel,1,102,2015,September,38,18,2,4,2,0.0,0,BB,PRT,Online TA,TA/TO,0,0,0,E,E,0,No Deposit,240.0,0,Transient,99.0,0,0
Resort Hotel,0,127,2015,September,38,18,2,5,2,0.0,0,BB,NLD,Offline TA/TO,TA/TO,0,0,0,D,D,0,No Deposit,71.0,0,Contract,73.5,0,0
Resort Hotel,0,119,2015,September,38,18,2,5,2,0.0,0,HB,LVA,Offline TA/TO,TA/TO,0,0,0,A,A,0,No Deposit,171.0,0,Transient,85.0,0,0
Resort Hotel,1,77,2015,September,38,18,2,7,2,0.0,0,BB,PRT,Online TA,TA/TO,0,0,0,A,A,0,No Deposit,240.0,0,Transient,87.33,0,1
Resort Hotel,0,79,2015,September,38,18,3,7,2,0.0,0,BB,GBR,Offline TA/TO,TA/TO,0,0,0,D,D,0,No Deposit,115.0,0,Transient,75.1,0,0
Resort Hotel,0,65,2015,September,38,19,2,2,2,0.0,0,BB,PRT,Online TA,TA/TO,0,0,0,E,E,0,No Deposit,240.0,0,Transient,122.0,1,2
Resort Hotel,0,61,2015,September,38,19,2,2,2,0.0,0,BB,ITA,Direct,Direct,0,0,0,E,E,0,No Deposit,250.0,0,Transient,120.0,1,2
Resort Hotel,1,36,2015,September,38,19,2,2,2,0.0,0,HB,PRT,Online TA,TA/TO,0,0,0,C,C,0,No Deposit,242.0,0,Transient,162.0,0,1
Resort Hotel,1,124,2015,September,38,19,2,3,2,0.0,0,BB,PRT,Online TA,TA/TO,0,0,0,A,A,0,No Deposit,240.0,0,Transient,83.0,0,0
Resort Hotel,0,33,2015,September,38,19,2,3,2,0.0,0,BB,GBR,Online TA,TA/TO,0,0,0,G,G,0,No Deposit,240.0,0,Transient,152.0,1,1
Resort Hotel,1,68,2015,September,38,19,2,3,2,0.0,0,BB,PRT,Online TA,TA/TO,0,0,0,E,E,0,No Deposit,240.0,0,Transient,114.0,0,0
Resort Hotel,0,99,2015,September,38,19,2,3,2,0.0,0,HB,PRT,Online TA,TA/TO,0,0,0,D,F,0,No Deposit,240.0,0,Transient,127.0,1,0
Resort Hotel,0,99,2015,September,38,19,2,5,2,0.0,0,BB,IRL,Offline TA/TO,TA/TO,0,0,0,D,D,0,No Deposit,156.0,0,Transient,69.83,0,0
Resort Hotel,0,85,2015,September,38,19,2,5,2,0.0,0,HB,GBR,Offline TA/TO,TA/TO,0,0,0,D,D,0,No Deposit,40.0,0,Transient,102.93,0,0
Resort Hotel,0,110,2015,September,38,19,2,5,2,0.0,0,BB,GBR,Online TA,TA/TO,0,0,0,D,E,0,No Deposit,241.0,0,Transient,65.1,0,0
Resort Hotel,0,33,2015,September,38,19,2,5,2,0.0,0,HB,GBR,Online TA,TA/TO,0,0,0,C,C,0,No Deposit,241.0,0,Transient,124.74,0,2
Resort Hotel,1,65,2015,September,38,19,2,5,2,0.0,0,BB,PRT,Online TA,TA/TO,0,0,0,A,A,0,No Deposit,240.0,0,Transient,89.0,0,2
Resort Hotel,0,35,2015,September,38,19,2,5,2,0.0,0,BB,GBR,Online TA,TA/TO,0,0,0,D,D,0,No Deposit,240.0,0,Transient,104.0,0,1
Resort Hotel,0,87,2015,September,38,19,4,6,2,0.0,0,BB,IRL,Offline TA/TO,TA/TO,0,0,0,A,A,0,No Deposit,175.0,0,Transient-Party,59.2,0,2
Resort Hotel,0,128,2015,September,38,19,4,6,2,0.0,0,HB,GBR,Online TA,TA/TO,0,0,0,G,G,1,No Deposit,241.0,0,Transient,138.29,0,2
Resort Hotel,0,87,2015,September,38,19,4,6,2,0.0,0,BB,IRL,Offline TA/TO,TA/TO,0,0,0,A,A,0,No Deposit,175.0,0,Transient-Party,59.2,0,2
Resort Hotel,1,114,2015,September,39,20,2,2,2,0.0,0,BB,PRT,Online TA,TA/TO,0,0,0,A,A,0,No Deposit,240.0,0,Transient,66.6,0,0
Resort Hotel,0,65,2015,September,39,20,2,2,2,0.0,0,BB,IRL,Direct,Direct,0,0,0,E,E,0,No Deposit,250.0,0,Transient,116.0,0,0
Resort Hotel,0,83,2015,September,39,20,2,5,2,0.0,0,HB,ESP,Offline TA/TO,TA/TO,0,0,0,D,E,0,No Deposit,134.0,0,Transient,100.93,0,0
Resort Hotel,1,158,2015,September,39,20,2,5,2,0.0,0,BB,PRT,Online TA,TA/TO,0,0,0,A,A,0,No Deposit,240.0,0,Transient,66.6,0,1
Resort Hotel,0,86,2015,September,39,20,2,5,2,0.0,0,BB,GBR,Offline TA/TO,TA/TO,0,0,0,D,D,0,No Deposit,40.0,0,Transient,74.93,0,0
Resort Hotel,0,103,2015,September,39,20,2,5,2,0.0,0,BB,IRL,Online TA,TA/TO,0,0,0,A,E,0,No Deposit,241.0,0,Transient,58.98,0,0
Resort Hotel,1,158,2015,September,39,20,2,5,2,0.0,0,BB,PRT,Online TA,TA/TO,0,0,0,A,A,0,No Deposit,240.0,0,Transient,66.6,0,1
Resort Hotel,0,125,2015,September,39,20,2,5,2,0.0,0,BB,GBR,Offline TA/TO,TA/TO,0,0,0,A,A,1,No Deposit,243.0,0,Contract,58.93,0,2
Resort Hotel,0,131,2015,September,39,20,4,7,2,0.0,0,BB,GBR,Offline TA/TO,TA/TO,0,0,0,A,A,1,No Deposit,40.0,0,Transient,42.5,0,0
Resort Hotel,0,125,2015,September,39,20,4,7,2,0.0,0,HB,GBR,Offline TA/TO,TA/TO,0,0,0,A,A,0,No Deposit,243.0,0,Contract,68.5,0,0
Resort Hotel,0,93,2015,September,39,20,4,7,2,0.0,0,BB,GBR,Offline TA/TO,TA/TO,0,0,0,D,D,0,No Deposit,243.0,0,Transient,55.64,0,1
Resort Hotel,1,185,2015,September,39,21,1,1,2,0.0,0,HB,PRT,Groups,TA/TO,0,0,0,A,A,0,No Deposit,208.0,0,Transient-Party,26.0,0,0
Resort Hotel,0,130,2015,September,39,21,1,1,2,0.0,0,BB,PRT,Online TA,TA/TO,0,0,0,A,F,0,No Deposit,240.0,0,Transient,74.0,0,1
Resort Hotel,1,185,2015,September,39,21,1,1,2,0.0,0,HB,PRT,Groups,TA/TO,0,0,0,A,A,0,No Deposit,208.0,0,Transient-Party,26.0,0,0
Resort Hotel,1,185,2015,September,39,21,1,1,2,0.0,0,HB,PRT,Groups,TA/TO,0,0,0,A,A,0,No Deposit,208.0,0,Transient-Party,26.0,0,0
Resort Hotel,1,33,2015,September,39,21,1,1,2,0.0,0,HB,PRT,Groups,TA/TO,0,0,0,A,A,0,No Deposit,208.0,0,Transient-Party,90.0,0,0
Resort Hotel,1,185,2015,September,39,21,1,1,2,0.0,0,HB,PRT,Groups,TA/TO,0,0,0,A,A,0,No Deposit,208.0,0,Transient-Party,26.0,0,0
Resort Hotel,0,121,2015,September,39,21,1,1,2,0.0,0,BB,PRT,Online TA,TA/TO,0,0,0,E,G,0,No Deposit,242.0,0,Transient,99.0,0,2
Resort Hotel,1,58,2015,September,39,21,1,1,2,0.0,0,HB,PRT,Groups,TA/TO,0,0,0,A,A,0,No Deposit,208.0,0,Transient-Party,90.0,0,0
Resort Hotel,0,185,2015,September,39,21,1,1,2,0.0,0,HB,FRA,Groups,TA/TO,0,0,0,A,A,0,No Deposit,208.0,0,Transient-Party,90.0,0,1
Resort Hotel,0,128,2015,September,39,21,1,2,2,0.0,0,BB,IRL,Online TA,TA/TO,0,0,0,A,H,0,No Deposit,240.0,0,Transient,79.0,0,1
Resort Hotel,0,111,2015,September,39,21,1,2,2,0.0,0,BB,NLD,Online TA,TA/TO,0,0,0,D,D,1,No Deposit,240.0,0,Transient,89.0,0,1
Resort Hotel,1,61,2015,September,39,21,1,5,2,0.0,0,BB,PRT,Online TA,TA/TO,0,0,0,A,A,0,No Deposit,240.0,0,Transient,89.0,0,1
Resort Hotel,0,94,2015,September,39,21,2,5,2,0.0,0,BB,GBR,Offline TA/TO,TA/TO,0,0,0,A,A,0,No Deposit,175.0,0,Transient,59.02,0,0
Resort Hotel,0,96,2015,September,39,21,2,5,2,0.0,0,BB,CN,Offline TA/TO,TA/TO,0,0,0,D,G,0,No Deposit,8.0,0,Transient,79.5,1,1
Resort Hotel,0,109,2015,September,39,21,2,5,2,0.0,0,BB,GBR,Offline TA/TO,TA/TO,0,0,0,D,E,0,No Deposit,40.0,0,Contract,74.93,0,0
Resort Hotel,0,65,2015,September,39,21,2,5,2,0.0,0,BB,GBR,Online TA,TA/TO,0,0,0,F,F,0,No Deposit,241.0,0,Transient,89.14,0,1
Resort Hotel,0,124,2015,September,39,21,2,5,2,0.0,0,BB,FRA,Online TA,TA/TO,0,0,0,A,A,0,No Deposit,147.0,0,Transient,53.69,1,0
Resort Hotel,0,84,2015,September,39,21,2,5,2,0.0,0,HB,GBR,Offline TA/TO,TA/TO,0,0,0,E,F,0,No Deposit,26.0,0,Transient,114.48,0,0
Resort Hotel,0,95,2015,September,39,21,3,6,2,0.0,0,BB,GBR,Online TA,TA/TO,0,0,0,E,F,0,No Deposit,241.0,0,Transient,73.98,0,0
Resort Hotel,0,90,2015,September,39,21,3,7,2,0.0,0,HB,GBR,Online TA,TA/TO,0,0,0,D,F,0,No Deposit,147.0,0,Transient,99.5,0,1
Resort Hotel,0,90,2015,September,39,21,3,7,2,0.0,0,HB,GBR,Online TA,TA/TO,0,0,0,D,F,0,No Deposit,147.0,0,Transient,99.5,0,1
Resort Hotel,0,112,2015,September,39,21,3,7,2,0.0,0,BB,PRT,Offline TA/TO,TA/TO,0,0,0,A,A,0,No Deposit,142.0,0,Transient,59.2,0,0
Resort Hotel,0,130,2015,September,39,21,3,8,2,0.0,0,BB,NLD,Offline TA/TO,TA/TO,0,0,0,E,E,0,No Deposit,71.0,0,Contract,65.64,0,0
Resort Hotel,0,78,2015,September,39,22,0,2,2,0.0,0,BB,BRA,Online TA,TA/TO,0,0,0,A,E,1,No Deposit,240.0,0,Transient,89.0,1,1
Resort Hotel,1,36,2015,September,39,22,0,4,2,0.0,0,BB,PRT,Online TA,TA/TO,0,0,0,C,C,0,No Deposit,241.0,0,Transient,79.0,0,1
Resort Hotel,1,159,2015,September,39,22,0,5,2,0.0,0,BB,PRT,Online TA,TA/TO,0,0,0,A,A,0,No Deposit,240.0,0,Transient,74.0,0,2
Resort Hotel,1,75,2015,September,39,22,2,5,2,0.0,0,BB,PRT,Online TA,TA/TO,0,0,0,A,A,0,No Deposit,240.0,0,Transient,84.71,0,2
Resort Hotel,0,158,2015,September,39,22,2,5,2,0.0,0,BB,IRL,Online TA,TA/TO,0,0,0,A,A,0,No Deposit,240.0,0,Transient,75.43,0,3
Resort Hotel,0,108,2015,September,39,22,2,5,2,0.0,0,BB,NLD,Direct,Direct,0,0,0,A,D,0,No Deposit,,0,Transient,77.73,1,0
Resort Hotel,0,158,2015,September,39,22,2,5,2,0.0,0,BB,IRL,Online TA,TA/TO,0,0,0,A,A,0,No Deposit,240.0,0,Transient,74.0,1,3
Resort Hotel,0,70,2015,September,39,22,2,5,2,0.0,0,BB,IRL,Offline TA/TO,TA/TO,0,0,0,E,E,0,No Deposit,5.0,0,Transient,80.63,0,0
Resort Hotel,1,1,2015,September,39,22,0,3,2,0.0,0,BB,DEU,Direct,Direct,0,0,0,E,E,0,No Deposit,,0,Transient,129.0,0,0
Resort Hotel,0,76,2015,September,39,22,2,6,2,0.0,0,BB,GBR,Online TA,TA/TO,0,0,0,G,G,2,No Deposit,242.0,0,Transient,140.63,1,1
Resort Hotel,1,183,2015,September,39,22,2,8,2,0.0,0,BB,IRL,Direct,Direct,0,0,0,D,D,3,No Deposit,,0,Transient,73.5,0,0
Resort Hotel,0,21,2015,September,39,23,0,1,2,0.0,0,HB,DEU,Corporate,Corporate,0,0,0,A,C,1,No Deposit,,0,Transient-Party,108.65,0,0
Resort Hotel,0,21,2015,September,39,23,0,1,2,0.0,0,BB,PRT,Corporate,Corporate,0,0,0,A,C,0,No Deposit,,0,Transient-Party,75.65,0,0
Resort Hotel,0,21,2015,September,39,23,0,1,2,0.0,0,HB,DEU,Corporate,Corporate,0,0,0,A,C,0,No Deposit,,0,Transient-Party,108.85,0,0
Resort Hotel,1,21,2015,September,39,23,0,1,2,0.0,0,BB,PRT,Corporate,Corporate,0,0,0,A,C,0,No Deposit,,0,Transient,75.65,0,0
Resort Hotel,1,21,2015,September,39,23,0,1,2,0.0,0,BB,PRT,Corporate,Corporate,0,0,0,A,C,0,No Deposit,,0,Transient-Party,75.65,0,0
Resort Hotel,0,34,2015,September,39,23,0,2,2,0.0,0,BB,POL,Online TA,TA/TO,0,0,0,E,E,0,No Deposit,240.0,0,Transient,114.0,1,1
Resort Hotel,0,119,2015,September,39,23,0,2,2,0.0,0,BB,USA,Online TA,TA/TO,0,0,0,A,E,0,No Deposit,241.0,0,Transient,56.98,0,1
Resort Hotel,0,8,2015,September,39,23,1,4,2,0.0,0,BB,ITA,Offline TA/TO,TA/TO,0,0,0,A,B,0,No Deposit,175.0,0,Transient,74.8,1,0
Resort Hotel,1,68,2015,September,39,23,0,4,2,0.0,0,BB,PRT,Online TA,TA/TO,0,0,0,A,A,0,No Deposit,240.0,0,Transient,89.0,0,1
Resort Hotel,1,68,2015,September,39,23,0,4,2,0.0,0,BB,PRT,Online TA,TA/TO,0,0,0,E,E,0,No Deposit,240.0,0,Transient,114.0,0,1
Resort Hotel,0,137,2015,September,39,23,2,5,2,0.0,0,BB,IRL,Online TA,TA/TO,0,0,0,A,A,0,No Deposit,240.0,0,Transient,87.86,0,1
Resort Hotel,0,76,2015,September,39,23,2,7,2,0.0,0,BB,POL,Offline TA/TO,TA/TO,0,0,0,E,E,0,No Deposit,69.0,0,Contract,64.0,0,0
Resort Hotel,0,21,2015,September,39,24,0,3,2,0.0,0,BB,PRT,Online TA,TA/TO,0,0,0,D,D,0,No Deposit,240.0,0,Transient,112.0,1,0
Resort Hotel,0,71,2015,September,39,24,0,2,2,0.0,0,BB,GBR,Offline TA/TO,TA/TO,0,0,0,D,D,0,No Deposit,115.0,0,Contract,75.5,0,0
Resort Hotel,0,36,2015,September,39,24,0,2,2,0.0,0,BB,ESP,Online TA,TA/TO,0,0,0,A,F,0,No Deposit,240.0,0,Transient,89.0,0,3
Resort Hotel,0,64,2015,September,39,24,0,3,2,0.0,0,BB,FRA,Online TA,TA/TO,0,0,0,A,C,0,No Deposit,240.0,0,Transient,80.1,0,2
Resort Hotel,0,29,2015,September,39,24,0,1,2,0.0,0,HB,PRT,Offline TA/TO,TA/TO,0,0,0,A,F,0,No Deposit,175.0,0,Transient,97.2,0,0
Resort Hotel,0,76,2015,September,39,24,2,3,2,0.0,0,BB,ITA,Online TA,TA/TO,0,0,0,A,E,0,No Deposit,240.0,0,Transient,76.3,0,1
Resort Hotel,0,76,2015,September,39,24,2,3,2,0.0,0,BB,PRT,Online TA,TA/TO,0,0,0,A,E,0,No Deposit,240.0,0,Transient,74.7,0,0
Resort Hotel,0,75,2015,September,39,24,2,5,2,0.0,0,BB,GBR,Offline TA/TO,TA/TO,0,0,0,D,D,0,No Deposit,40.0,0,Contract,55.43,0,1
Resort Hotel,0,115,2015,September,39,24,2,5,2,0.0,0,BB,IRL,Online TA,TA/TO,0,0,0,A,D,0,No Deposit,147.0,0,Transient,48.54,0,0
Resort Hotel,0,84,2015,September,39,24,2,8,2,0.0,0,BB,GBR,Offline TA/TO,TA/TO,0,0,0,E,E,0,No Deposit,40.0,0,Contract,83.8,0,1
Resort Hotel,0,77,2015,September,39,24,4,10,2,0.0,0,BB,GBR,Offline TA/TO,TA/TO,0,0,0,A,A,0,No Deposit,243.0,0,Contract,43.93,0,0
Resort Hotel,0,0,2015,September,39,25,0,1,2,0.0,0,BB,PRT,Online TA,TA/TO,0,0,0,A,A,0,No Deposit,,0,Group,80.1,0,0
Resort Hotel,0,0,2015,September,39,25,0,1,2,0.0,0,BB,ESP,Direct,Direct,0,0,0,A,A,0,No Deposit,,0,Transient,89.0,0,0
Resort Hotel,0,9,2015,September,39,25,0,2,2,0.0,0,BB,ESP,Online TA,TA/TO,0,0,0,D,E,0,No Deposit,240.0,0,Transient,108.5,1,1
Resort Hotel,0,8,2015,September,39,25,0,2,2,0.0,0,HB,ESP,Online TA,TA/TO,0,0,0,E,E,1,No Deposit,240.0,0,Transient,136.5,0,1
Resort Hotel,1,109,2015,September,39,25,0,2,2,0.0,0,BB,PRT,Online TA,TA/TO,0,0,0,A,A,0,No Deposit,240.0,0,Transient,83.0,0,0
Resort Hotel,0,9,2015,September,39,25,0,2,2,0.0,0,BB,PRT,Online TA,TA/TO,0,0,0,D,E,0,No Deposit,240.0,0,Transient,96.5,0,1
Resort Hotel,0,8,2015,September,39,25,0,2,2,0.0,0,HB,ESP,Online TA,TA/TO,0,0,0,E,E,1,No Deposit,240.0,0,Transient,142.5,1,1
Resort Hotel,1,60,2015,September,39,25,2,3,2,0.0,0,BB,PRT,Online TA,TA/TO,0,0,0,D,D,0,No Deposit,240.0,0,Transient,95.0,0,2
Resort Hotel,0,79,2015,September,39,25,2,3,2,0.0,0,BB,IRL,Direct,Direct,0,0,0,D,D,0,No Deposit,250.0,0,Transient,89.0,0,1
Resort Hotel,0,79,2015,September,39,25,2,3,2,0.0,0,BB,IRL,Direct,Direct,0,0,0,D,D,0,No Deposit,250.0,0,Transient,89.0,0,1
Resort Hotel,1,67,2015,September,39,25,2,4,2,0.0,0,HB,PRT,Online TA,TA/TO,0,0,0,A,A,0,No Deposit,240.0,0,Transient,109.0,0,2
Resort Hotel,1,74,2015,September,39,25,2,5,2,0.0,0,BB,PRT,Online TA,TA/TO,0,0,0,D,D,0,No Deposit,240.0,0,Transient,89.06,0,3
Resort Hotel,0,119,2015,September,39,25,2,5,2,0.0,0,BB,GBR,Offline TA/TO,TA/TO,0,0,0,D,D,0,No Deposit,171.0,0,Transient,72.14,0,0
Resort Hotel,0,51,2015,September,39,25,2,5,2,0.0,0,BB,IRL,Online TA,TA/TO,0,0,0,D,D,0,No Deposit,240.0,0,Transient,90.49,0,1
Resort Hotel,0,106,2015,September,39,25,2,5,2,0.0,0,BB,GBR,Online TA,TA/TO,0,0,0,A,A,0,No Deposit,241.0,0,Transient,53.68,0,1
Resort Hotel,0,119,2015,September,39,25,2,6,2,0.0,0,BB,GBR,Online TA,TA/TO,0,0,0,F,F,0,No Deposit,241.0,0,Transient,85.5,1,1
Resort Hotel,1,74,2015,September,39,25,2,5,2,0.0,0,BB,PRT,Online TA,TA/TO,0,0,0,D,D,0,No Deposit,240.0,0,Transient,89.06,0,3
Resort Hotel,0,39,2015,September,39,26,0,1,2,0.0,0,BB,PRT,Online TA,TA/TO,0,0,0,D,D,0,No Deposit,241.0,0,Transient,80.08,0,1
Resort Hotel,0,1,2015,September,39,26,1,1,2,0.0,0,BB,ESP,Online TA,TA/TO,0,0,0,A,H,0,No Deposit,240.0,0,Transient,89.0,0,1
Resort Hotel,1,37,2015,September,39,26,1,1,2,0.0,0,BB,PRT,Online TA,TA/TO,0,0,0,E,E,0,No Deposit,240.0,0,Transient,114.0,0,3
Resort Hotel,0,10,2015,September,39,26,1,1,2,0.0,0,BB,GBR,Corporate,Corporate,0,0,0,E,F,0,No Deposit,,0,Transient-Party,104.72,0,0
Resort Hotel,1,75,2015,September,39,26,1,1,2,0.0,0,BB,PRT,Online TA,TA/TO,0,0,0,A,A,0,No Deposit,240.0,0,Transient,73.35,0,1
Resort Hotel,1,59,2015,September,39,26,1,1,2,0.0,0,HB,PRT,Offline TA/TO,TA/TO,0,0,0,A,A,0,No Deposit,208.0,0,Transient,74.0,0,0
Resort Hotel,1,61,2015,September,39,26,2,1,2,0.0,0,BB,PRT,Online TA,TA/TO,0,0,0,A,A,0,No Deposit,240.0,0,Transient,79.0,0,0
Resort Hotel,1,61,2015,September,39,26,2,1,2,0.0,0,BB,PRT,Online TA,TA/TO,0,0,0,A,A,0,No Deposit,240.0,0,Transient,79.0,0,2
Resort Hotel,1,61,2015,September,39,26,2,1,2,0.0,0,BB,PRT,Online TA,TA/TO,0,0,0,D,D,0,No Deposit,242.0,0,Transient,94.0,0,1
Resort Hotel,0,44,2015,September,39,26,2,1,2,0.0,0,BB,GBR,Direct,Direct,0,0,0,E,G,0,No Deposit,250.0,0,Transient,116.0,0,1
Resort Hotel,0,47,2015,September,39,26,2,3,2,0.0,0,BB,NLD,Online TA,TA/TO,0,0,0,D,D,1,No Deposit,242.0,0,Transient,82.8,0,1
Resort Hotel,0,64,2015,September,39,26,2,4,2,0.0,0,BB,IRL,Online TA,TA/TO,0,0,0,A,A,0,No Deposit,240.0,0,Transient,73.5,0,1
Resort Hotel,0,98,2015,September,39,26,2,5,2,0.0,0,BB,PRT,Direct,Direct,0,0,0,G,G,0,No Deposit,,0,Transient,128.42,1,0
Resort Hotel,0,136,2015,September,39,26,2,5,2,0.0,0,BB,CN,Offline TA/TO,TA/TO,0,0,0,A,A,0,No Deposit,36.0,0,Transient,55.09,0,0
Resort Hotel,0,116,2015,September,39,26,2,5,2,0.0,0,BB,GBR,Online TA,TA/TO,0,0,0,E,F,0,No Deposit,240.0,0,Transient,93.86,0,0
Resort Hotel,1,54,2015,September,39,26,2,6,2,0.0,0,BB,PRT,Online TA,TA/TO,0,0,0,A,A,0,No Deposit,242.0,0,Transient,69.13,0,1
Resort Hotel,0,41,2015,September,40,27,2,2,2,0.0,0,BB,CN,Online TA,TA/TO,0,0,0,E,E,0,No Deposit,242.0,0,Transient,122.0,1,1
Resort Hotel,0,11,2015,September,40,27,1,0,2,0.0,0,BB,DEU,Corporate,Corporate,0,0,0,D,D,0,No Deposit,,0,Transient-Party,88.4,0,0
Resort Hotel,0,32,2015,September,40,27,1,0,2,0.0,0,BB,DEU,Offline TA/TO,TA/TO,0,0,0,E,E,0,No Deposit,251.0,0,Transient,94.5,0,0
Resort Hotel,1,73,2015,September,40,27,2,1,2,0.0,0,BB,PRT,Online TA,TA/TO,0,0,0,A,A,0,No Deposit,240.0,0,Transient,78.6,0,2
Resort Hotel,0,53,2015,September,40,27,2,3,2,0.0,0,BB,GBR,Online TA,TA/TO,0,0,0,D,E,0,No Deposit,240.0,0,Transient,85.08,0,2
Resort Hotel,0,100,2015,September,40,27,2,5,2,0.0,0,BB,GBR,Offline TA/TO,TA/TO,0,0,0,D,D,0,No Deposit,243.0,0,Transient,55.43,0,0
Resort Hotel,0,73,2015,September,40,27,2,5,2,0.0,0,HB,GBR,Offline TA/TO,TA/TO,0,0,0,E,E,0,No Deposit,40.0,0,Contract,93.43,0,0
Resort Hotel,0,177,2015,September,40,27,2,5,2,0.0,0,BB,GBR,Offline TA/TO,TA/TO,0,0,0,A,A,0,No Deposit,243.0,0,Contract,36.13,0,0
Resort Hotel,0,51,2015,September,40,27,2,5,2,0.0,0,BB,GBR,Offline TA/TO,TA/TO,0,0,0,D,D,0,No Deposit,243.0,0,Contract,55.43,0,1
Resort Hotel,1,81,2015,September,40,27,2,5,2,0.0,0,BB,PRT,Online TA,TA/TO,0,0,0,A,A,0,No Deposit,240.0,0,Transient,66.29,0,0
Resort Hotel,0,47,2015,September,40,27,2,5,2,0.0,0,HB,IRL,Offline TA/TO,TA/TO,0,0,0,D,D,0,No Deposit,142.0,0,Contract,90.74,0,0
Resort Hotel,1,81,2015,September,40,27,2,5,2,0.0,0,BB,PRT,Online TA,TA/TO,0,0,0,A,A,0,No Deposit,240.0,0,Transient,66.29,0,0
Resort Hotel,0,163,2015,September,40,27,2,5,2,0.0,0,BB,GBR,Offline TA/TO,TA/TO,0,0,0,A,A,0,No Deposit,243.0,0,Contract,38.25,0,0
Resort Hotel,0,59,2015,September,40,27,2,5,2,0.0,0,HB,IRL,Online TA,TA/TO,0,0,0,D,D,0,No Deposit,240.0,0,Transient,106.31,0,2
Resort Hotel,1,55,2015,September,40,27,3,5,2,0.0,0,BB,PRT,Direct,Direct,0,0,0,D,D,0,No Deposit,250.0,0,Transient,74.2,0,0
Resort Hotel,0,97,2015,September,40,27,4,6,2,0.0,0,HB,IRL,Online TA,TA/TO,0,0,0,A,A,1,No Deposit,240.0,0,Transient,93.2,0,0
Resort Hotel,0,85,2015,September,40,27,4,8,2,0.0,0,BB,IRL,Online TA,TA/TO,0,0,0,E,E,0,No Deposit,240.0,0,Transient,83.67,0,1
Resort Hotel,0,0,2015,September,40,28,1,1,2,0.0,0,BB,FRA,Online TA,TA/TO,0,0,0,A,A,0,No Deposit,240.0,0,Transient,86.1,1,2
Resort Hotel,1,80,2015,September,40,28,1,3,2,0.0,0,BB,PRT,Online TA,TA/TO,0,0,0,E,E,0,No Deposit,241.0,0,Transient,63.14,0,1
Resort Hotel,1,77,2015,September,40,28,1,3,2,0.0,0,BB,PRT,Offline TA/TO,TA/TO,0,0,0,E,E,0,No Deposit,175.0,0,Transient,74.6,0,1
Resort Hotel,1,80,2015,September,40,28,1,3,2,0.0,0,BB,PRT,Online TA,TA/TO,0,0,0,A,A,0,No Deposit,240.0,0,Transient,69.5,0,2
Resort Hotel,1,77,2015,September,40,28,1,3,2,0.0,0,BB,PRT,Online TA,TA/TO,0,0,0,D,D,0,No Deposit,241.0,0,Transient,55.44,0,1
Resort Hotel,0,56,2015,September,40,28,1,3,2,0.0,0,BB,GBR,Offline TA/TO,TA/TO,0,0,0,A,A,0,No Deposit,115.0,0,Transient,44.5,0,0
Resort Hotel,1,77,2015,September,40,28,1,3,2,0.0,0,BB,PRT,Online TA,TA/TO,0,0,0,D,D,0,No Deposit,241.0,0,Transient,55.44,0,1
Resort Hotel,1,80,2015,September,40,28,1,3,2,0.0,0,BB,PRT,Online TA,TA/TO,0,0,0,D,D,0,No Deposit,241.0,0,Transient,55.44,0,1
Resort Hotel,1,98,2015,September,40,28,1,3,2,0.0,0,HB,PRT,Online TA,TA/TO,0,0,0,A,A,0,No Deposit,240.0,0,Transient,99.5,0,0
Resort Hotel,1,56,2015,September,40,28,2,5,2,0.0,0,HB,PRT,Online TA,TA/TO,0,0,0,D,D,0,No Deposit,240.0,0,Transient,108.09,0,2
Resort Hotel,0,60,2015,September,40,28,2,5,2,0.0,0,HB,GBR,Offline TA/TO,TA/TO,0,0,0,D,D,0,No Deposit,40.0,0,Contract,68.0,0,1
Resort Hotel,0,77,2015,September,40,28,2,5,2,0.0,0,HB,POL,Online TA,TA/TO,0,0,0,D,D,0,No Deposit,241.0,0,Transient,78.1,0,2
Resort Hotel,0,53,2015,September,40,28,2,5,2,0.0,0,HB,AUT,Offline TA/TO,TA/TO,0,0,0,A,A,0,No Deposit,69.0,0,Contract,70.5,0,0
Resort Hotel,0,72,2015,September,40,28,3,5,2,0.0,0,BB,ESP,Online TA,TA/TO,0,0,0,D,D,0,No Deposit,240.0,0,Transient,76.5,1,2
Resort Hotel,1,119,2015,September,40,28,1,4,2,0.0,0,BB,PRT,Online TA,TA/TO,0,0,0,A,A,0,No Deposit,240.0,0,Transient,66.8,0,0
Resort Hotel,0,164,2015,September,40,28,3,9,2,0.0,0,BB,POL,Offline TA/TO,TA/TO,0,0,0,A,D,0,No Deposit,6.0,0,Transient,39.24,0,0
Resort Hotel,1,89,2015,September,40,29,1,5,2,0.0,0,BB,PRT,Online TA,TA/TO,0,0,0,A,A,0,No Deposit,240.0,0,Transient,62.0,0,2
Resort Hotel,0,54,2015,September,40,29,2,5,2,0.0,0,BB,IRL,Offline TA/TO,TA/TO,0,0,0,D,D,0,No Deposit,171.0,0,Transient,56.59,0,0
Resort Hotel,0,172,2015,September,40,29,2,5,2,0.0,0,BB,IRL,Offline TA/TO,TA/TO,0,0,0,E,E,0,No Deposit,8.0,0,Contract,59.03,0,2
Resort Hotel,0,60,2015,September,40,29,0,4,2,0.0,0,BB,GBR,Offline TA/TO,TA/TO,0,0,0,D,G,0,No Deposit,5.0,0,Transient,62.0,0,0
Resort Hotel,1,13,2015,September,40,29,2,5,2,0.0,0,FB,PRT,Direct,Direct,0,0,0,F,F,3,No Deposit,250.0,0,Transient,148.12,0,0
Resort Hotel,0,165,2015,September,40,29,2,5,2,0.0,0,BB,IRL,Offline TA/TO,TA/TO,0,0,0,A,A,0,No Deposit,175.0,0,Transient,44.5,0,0
Resort Hotel,0,55,2015,September,40,29,2,5,2,0.0,0,BB,GBR,Offline TA/TO,TA/TO,0,0,0,A,A,0,No Deposit,69.0,0,Contract,44.5,0,1
Resort Hotel,1,76,2015,September,40,29,2,6,2,0.0,0,BB,PRT,Online TA,TA/TO,0,0,0,A,A,0,No Deposit,240.0,0,Transient,81.45,0,1
Resort Hotel,0,81,2015,September,40,29,2,6,2,0.0,0,BB,IRL,Online TA,TA/TO,0,0,0,E,E,0,No Deposit,240.0,0,Transient,81.75,0,3
Resort Hotel,1,76,2015,September,40,29,2,6,2,0.0,0,BB,PRT,Online TA,TA/TO,0,0,0,A,A,0,No Deposit,240.0,0,Transient,81.45,0,1
Resort Hotel,0,96,2015,September,40,29,2,7,2,0.0,0,BB,IRL,Offline TA/TO,TA/TO,0,0,0,D,D,0,No Deposit,36.0,0,Transient,48.8,0,2
Resort Hotel,0,61,2015,September,40,29,2,10,2,0.0,0,HB,BLR,Online TA,TA/TO,0,0,0,A,A,0,No Deposit,240.0,0,Transient,80.1,0,2
Resort Hotel,0,19,2015,September,40,30,0,1,2,0.0,0,BB,PRT,Direct,Direct,0,0,0,F,F,1,No Deposit,,0,Transient,106.0,0,1
Resort Hotel,0,0,2015,September,40,30,0,1,2,0.0,0,BB,DEU,Corporate,Corporate,0,0,0,G,G,0,No Deposit,110.0,0,Transient,90.1,0,0
Resort Hotel,0,2,2015,September,40,30,0,2,2,0.0,0,BB,PRT,Corporate,Corporate,0,0,0,A,H,1,No Deposit,,0,Transient,55.5,0,1
Resort Hotel,0,55,2015,September,40,30,0,3,2,0.0,0,HB,FRA,Offline TA/TO,TA/TO,0,0,0,A,C,0,No Deposit,256.0,0,Transient-Party,73.0,0,0
Resort Hotel,0,56,2015,September,40,30,0,3,2,0.0,0,BB,LTU,Online TA,TA/TO,0,0,0,A,H,0,No Deposit,240.0,0,Transient,55.8,0,2
Resort Hotel,0,55,2015,September,40,30,0,3,2,0.0,0,HB,FRA,Offline TA/TO,TA/TO,0,0,0,A,A,0,No Deposit,256.0,0,Transient-Party,73.0,0,0
Resort Hotel,0,55,2015,September,40,30,0,3,2,0.0,0,HB,FRA,Offline TA/TO,TA/TO,0,0,0,A,C,0,No Deposit,256.0,0,Transient-Party,73.0,0,0
Resort Hotel,0,54,2015,September,40,30,2,4,2,0.0,0,BB,PRT,Online TA,TA/TO,0,0,0,D,E,0,No Deposit,240.0,0,Transient,64.33,0,1
Resort Hotel,1,142,2015,September,40,30,2,4,2,0.0,0,BB,PRT,Online TA,TA/TO,0,0,0,E,E,0,No Deposit,240.0,0,Transient,79.83,0,1
Resort Hotel,0,49,2015,September,40,30,2,5,2,0.0,0,BB,FRA,Offline TA/TO,TA/TO,0,0,0,A,A,0,No Deposit,171.0,0,Transient,44.5,0,0
Resort Hotel,0,93,2015,September,40,30,2,5,2,0.0,0,HB,GBR,Offline TA/TO,TA/TO,0,0,0,A,A,0,No Deposit,2.0,0,Transient,71.93,0,0
Resort Hotel,0,48,2015,September,40,30,2,5,2,0.0,0,BB,IRL,Offline TA/TO,TA/TO,0,0,0,D,D,0,No Deposit,171.0,0,Transient,52.73,0,0
Resort Hotel,1,68,2015,September,40,30,2,5,2,0.0,0,BB,PRT,Online TA,TA/TO,0,0,0,A,A,0,No Deposit,240.0,0,Transient,58.57,0,0
Resort Hotel,0,92,2015,September,40,30,2,5,2,0.0,0,BB,DEU,Offline TA/TO,TA/TO,0,0,0,A,A,0,No Deposit,171.0,0,Transient,48.0,0,1
Resort Hotel,0,97,2015,September,40,30,2,5,2,0.0,0,BB,ROU,Online TA,TA/TO,0,0,0,E,E,0,No Deposit,241.0,0,Transient,62.43,1,2
Resort Hotel,0,48,2015,September,40,30,2,5,2,0.0,0,BB,PRT,Offline TA/TO,TA/TO,0,0,0,D,D,0,No Deposit,171.0,0,Transient,52.73,0,0
Resort Hotel,0,58,2015,September,40,30,2,5,2,0.0,0,BB,GBR,Online TA,TA/TO,0,0,0,A,A,0,No Deposit,241.0,0,Transient,44.27,0,1
Resort Hotel,1,70,2015,September,40,30,2,5,2,0.0,0,BB,PRT,Online TA,TA/TO,0,0,0,A,A,0,No Deposit,240.0,0,Transient,58.57,0,0
Resort Hotel,1,63,2015,October,40,1,0,2,2,0.0,0,BB,PRT,Online TA,TA/TO,0,0,0,E,E,0,No Deposit,240.0,0,Transient,68.4,0,2
Resort Hotel,0,19,2015,October,40,1,0,3,2,0.0,0,BB,FRA,Online TA,TA/TO,0,0,0,E,F,0,No Deposit,240.0,0,Transient,87.0,0,1
Resort Hotel,0,22,2015,October,40,1,1,3,2,0.0,0,BB,FRA,Direct,Direct,0,0,0,E,E,0,No Deposit,250.0,0,Transient,65.0,0,1
Resort Hotel,0,51,2015,October,40,1,1,3,2,0.0,0,BB,FRA,Online TA,TA/TO,0,0,0,A,D,0,No Deposit,240.0,0,Transient,56.0,0,3
Resort Hotel,0,23,2015,October,40,1,1,3,2,0.0,0,BB,FRA,Direct,Direct,0,0,0,E,E,0,No Deposit,250.0,0,Transient,65.0,0,1
Resort Hotel,0,79,2015,October,40,1,2,3,2,0.0,0,BB,IRL,Offline TA/TO,TA/TO,0,0,0,E,E,0,No Deposit,115.0,0,Contract,66.0,0,0
Resort Hotel,0,48,2015,October,40,1,2,3,2,0.0,0,HB,BEL,Online TA,TA/TO,0,0,0,A,C,1,No Deposit,240.0,0,Transient,86.0,0,1
Resort Hotel,0,78,2015,October,40,1,2,5,2,0.0,0,HB,GBR,Offline TA/TO,TA/TO,0,0,0,A,A,0,No Deposit,314.0,0,Contract,74.23,0,0
Resort Hotel,0,24,2015,October,40,1,2,5,2,0.0,0,BB,ESP,Direct,Direct,0,0,0,F,F,0,No Deposit,250.0,0,Transient,103.0,1,1
Resort Hotel,0,45,2015,October,40,1,2,5,2,0.0,0,HB,GBR,Offline TA/TO,TA/TO,0,0,0,D,D,0,No Deposit,2.0,0,Contract,82.0,0,0
Resort Hotel,0,44,2015,October,40,1,2,5,2,0.0,0,HB,GBR,Offline TA/TO,TA/TO,0,0,0,A,A,0,No Deposit,243.0,0,Contract,69.93,0,1
Resort Hotel,0,78,2015,October,40,1,2,5,2,0.0,0,BB,GBR,Offline TA/TO,TA/TO,0,0,0,A,A,0,No Deposit,243.0,0,Contract,43.93,0,0
Resort Hotel,0,45,2015,October,40,1,2,5,2,0.0,0,BB,IRL,Online TA,TA/TO,0,0,0,A,A,0,No Deposit,240.0,0,Transient,57.43,0,2
Resort Hotel,0,115,2015,October,40,1,2,5,2,0.0,0,BB,GBR,Online TA,TA/TO,0,0,0,A,A,0,No Deposit,147.0,0,Transient,36.74,0,1
Resort Hotel,0,50,2015,October,40,1,2,5,2,0.0,0,HB,GBR,Offline TA/TO,TA/TO,0,0,0,A,A,0,No Deposit,243.0,0,Transient,63.08,0,2
Resort Hotel,0,45,2015,October,40,1,2,5,2,0.0,0,BB,IRL,Online TA,TA/TO,0,0,0,A,A,0,No Deposit,240.0,0,Transient,47.0,0,2
Resort Hotel,1,103,2015,October,40,1,2,5,2,0.0,0,BB,PRT,Online TA,TA/TO,0,0,0,A,A,0,No Deposit,240.0,0,Transient,50.4,0,0
Resort Hotel,0,145,2015,October,40,1,2,5,2,0.0,0,BB,GBR,Offline TA/TO,TA/TO,0,0,0,D,D,0,No Deposit,243.0,0,Contract,55.43,0,0
Resort Hotel,0,113,2015,October,40,2,0,2,2,0.0,0,BB,ARG,Online TA,TA/TO,0,0,0,E,F,0,No Deposit,240.0,0,Transient,76.0,1,0
Resort Hotel,0,102,2015,October,40,2,0,2,2,0.0,0,BB,PRT,Online TA,TA/TO,0,0,0,A,D,0,No Deposit,240.0,0,Transient,56.0,1,0
Resort Hotel,0,113,2015,October,40,2,0,2,2,0.0,0,BB,ARG,Online TA,TA/TO,0,0,0,E,F,0,No Deposit,240.0,0,Transient,78.0,0,0
Resort Hotel,0,0,2015,October,40,2,0,2,2,0.0,0,BB,ESP,Direct,Direct,0,0,0,A,H,0,No Deposit,,0,Transient,0.0,0,2
Resort Hotel,0,73,2015,October,40,2,2,2,2,0.0,0,BB,IRL,Online TA,TA/TO,0,0,0,A,E,0,No Deposit,240.0,0,Transient,47.0,0,0
Resort Hotel,0,115,2015,October,40,2,2,2,2,0.0,0,BB,IRL,Online TA,TA/TO,0,0,0,A,E,1,No Deposit,240.0,0,Transient,56.0,0,1
Resort Hotel,0,20,2015,October,40,2,2,5,2,0.0,0,BB,LVA,Offline TA/TO,TA/TO,0,0,0,A,A,0,No Deposit,171.0,0,Transient-Party,44.5,0,1
Resort Hotel,0,50,2015,October,40,2,2,5,2,0.0,0,BB,IRL,Online TA,TA/TO,0,0,0,A,H,0,No Deposit,240.0,0,Transient,50.4,0,2
Resort Hotel,0,20,2015,October,40,2,2,5,2,0.0,0,BB,LVA,Offline TA/TO,TA/TO,0,0,0,A,A,0,No Deposit,171.0,0,Transient,44.5,0,0
Resort Hotel,0,53,2015,October,40,2,2,5,2,0.0,0,BB,NLD,Online TA,TA/TO,0,0,0,D,D,0,No Deposit,240.0,0,Transient,59.4,0,1
Resort Hotel,0,46,2015,October,40,2,2,5,2,0.0,0,BB,NLD,Offline TA/TO,TA/TO,0,0,0,D,D,1,No Deposit,71.0,0,Transient,55.43,0,0
Resort Hotel,1,23,2015,October,40,2,2,5,2,0.0,0,BB,PRT,Offline TA/TO,TA/TO,0,0,0,A,A,0,No Deposit,171.0,0,Transient,44.5,0,0
Resort Hotel,0,200,2015,October,40,2,2,5,2,0.0,0,HB,IRL,Offline TA/TO,TA/TO,0,0,0,D,D,0,No Deposit,115.0,0,Transient,72.0,0,0
Resort Hotel,0,56,2015,October,40,2,2,6,2,0.0,0,BB,NLD,Online TA,TA/TO,0,0,0,D,D,0,No Deposit,240.0,0,Transient,60.9,1,3
Resort Hotel,0,49,2015,October,40,2,2,6,2,0.0,0,BB,LUX,Online TA,TA/TO,0,0,0,D,D,0,No Deposit,240.0,0,Transient,67.25,0,2
Resort Hotel,0,56,2015,October,40,2,2,6,2,0.0,0,BB,NLD,Online TA,TA/TO,0,0,0,D,D,0,No Deposit,240.0,0,Transient,63.9,0,3
Resort Hotel,1,87,2015,October,40,3,0,1,2,0.0,0,BB,PRT,Groups,TA/TO,0,0,0,A,A,0,Non Refund,96.0,0,Transient,36.05,0,0
Resort Hotel,1,87,2015,October,40,3,0,1,2,0.0,0,BB,PRT,Groups,TA/TO,0,0,0,A,A,0,Non Refund,96.0,0,Transient,36.05,0,0
Resort Hotel,1,87,2015,October,40,3,0,1,2,0.0,0,BB,PRT,Groups,TA/TO,0,0,0,A,A,0,Non Refund,96.0,0,Transient,36.05,0,0
Resort Hotel,1,87,2015,October,40,3,0,1,2,0.0,0,BB,PRT,Groups,TA/TO,0,0,0,A,A,0,Non Refund,96.0,0,Transient,36.05,0,0
Resort Hotel,0,5,2015,October,40,3,0,1,2,0.0,0,BB,PRT,Direct,Direct,0,0,0,A,C,0,No Deposit,,0,Transient,67.0,0,0
Resort Hotel,0,1,2015,October,40,3,0,1,2,0.0,0,BB,PRT,Direct,Direct,0,0,0,E,G,0,No Deposit,,0,Transient,110.0,1,0
Resort Hotel,1,87,2015,October,40,3,0,1,2,0.0,0,BB,PRT,Groups,TA/TO,0,0,0,A,A,0,Non Refund,96.0,0,Transient,36.05,0,0
Resort Hotel,1,87,2015,October,40,3,0,1,2,0.0,0,BB,PRT,Groups,TA/TO,0,0,0,A,A,0,Non Refund,96.0,0,Transient,36.05,0,0
Resort Hotel,1,4,2015,October,40,3,1,1,2,0.0,0,BB,PRT,Offline TA/TO,TA/TO,0,0,0,A,A,0,No Deposit,175.0,0,Transient,58.0,0,1
Resort Hotel,1,4,2015,October,40,3,1,1,2,0.0,0,BB,PRT,Offline TA/TO,TA/TO,0,0,0,A,A,0,No Deposit,175.0,0,Transient,58.0,0,1
Resort Hotel,0,39,2015,October,40,3,2,2,2,0.0,0,HB,IRL,Offline TA/TO,TA/TO,0,0,0,A,A,0,No Deposit,314.0,0,Contract,81.6,0,0
Resort Hotel,0,53,2015,October,40,3,2,2,2,0.0,0,BB,IRL,Online TA,TA/TO,0,0,0,D,F,0,No Deposit,240.0,0,Transient,59.4,0,1
Resort Hotel,1,21,2015,October,40,3,2,3,2,0.0,0,BB,PRT,Online TA,TA/TO,0,0,0,A,A,0,No Deposit,240.0,0,Transient,77.0,0,0
Resort Hotel,0,19,2015,October,40,3,2,5,2,0.0,0,BB,BEL,Online TA,TA/TO,0,0,0,A,A,0,No Deposit,240.0,0,Transient,74.14,0,1
Resort Hotel,0,10,2015,October,40,3,2,1,2,0.0,0,BB,ESP,Online TA,TA/TO,0,0,0,E,E,0,No Deposit,240.0,0,Transient,116.0,1,1
Resort Hotel,0,61,2015,October,40,3,2,1,2,0.0,0,HB,PRT,Online TA,TA/TO,0,0,0,A,A,0,No Deposit,240.0,0,Transient,86.0,0,1
Resort Hotel,1,72,2015,October,40,3,2,2,2,0.0,0,BB,PRT,Online TA,TA/TO,0,0,0,A,A,0,No Deposit,240.0,0,Transient,50.4,0,2
Resort Hotel,0,70,2015,October,40,3,2,5,2,0.0,0,BB,DEU,Online TA,TA/TO,0,0,0,A,A,0,No Deposit,241.0,0,Transient,40.96,0,0
Resort Hotel,0,46,2015,October,40,3,2,5,2,0.0,0,BB,PRT,Offline TA/TO,TA/TO,0,0,0,A,A,0,No Deposit,36.0,0,Transient,44.8,1,0
Resort Hotel,0,38,2015,October,40,3,2,5,2,0.0,0,BB,GBR,Direct,Direct,0,0,0,F,F,0,No Deposit,250.0,0,Transient,93.43,1,0
Resort Hotel,0,53,2015,October,40,3,2,5,2,0.0,0,BB,GBR,Offline TA/TO,TA/TO,0,0,0,D,D,0,No Deposit,40.0,0,Contract,47.33,0,0
Resort Hotel,0,51,2015,October,40,3,2,5,2,0.0,0,BB,GBR,Online TA,TA/TO,0,0,0,G,G,0,No Deposit,241.0,0,Transient,83.05,0,2
Resort Hotel,0,124,2015,October,40,3,2,5,2,0.0,0,BB,IRL,Online TA,TA/TO,0,0,0,E,F,3,No Deposit,240.0,0,Transient,87.43,0,0
Resort Hotel,0,25,2015,October,40,3,2,5,2,0.0,0,BB,GBR,Online TA,TA/TO,0,0,0,A,A,0,No Deposit,240.0,0,Transient,68.16,0,1
Resort Hotel,1,49,2015,October,40,3,2,5,2,0.0,0,BB,PRT,Online TA,TA/TO,0,0,0,D,D,1,No Deposit,240.0,0,Transient,66.0,0,1
Resort Hotel,0,53,2015,October,40,3,2,5,2,0.0,0,BB,GBR,Online TA,TA/TO,0,0,0,A,A,0,No Deposit,240.0,0,Transient,56.0,0,2
Resort Hotel,0,14,2015,October,40,3,2,5,2,0.0,0,BB,IRL,Direct,Direct,0,0,0,G,G,0,No Deposit,250.0,0,Transient,136.71,0,0
Resort Hotel,0,163,2015,October,40,3,2,5,2,0.0,0,BB,FRA,Direct,Direct,0,0,0,D,D,1,No Deposit,,0,Transient,51.3,0,1
Resort Hotel,0,2,2015,October,41,4,1,0,2,0.0,0,HB,DEU,Corporate,Corporate,0,0,0,A,E,0,No Deposit,110.0,0,Transient,92.6,0,0
Resort Hotel,0,0,2015,October,41,4,2,0,2,0.0,0,BB,TUR,Online TA,TA/TO,0,0,0,A,D,0,No Deposit,240.0,0,Transient-Party,56.0,0,0
Resort Hotel,0,0,2015,October,41,4,2,0,2,0.0,0,BB,TUR,Online TA,TA/TO,0,0,0,A,D,0,No Deposit,240.0,0,Transient-Party,56.0,0,0
Resort Hotel,1,34,2015,October,41,4,2,2,2,0.0,0,BB,PRT,Online TA,TA/TO,0,0,0,G,G,0,No Deposit,242.0,0,Transient,122.0,0,0
Resort Hotel,0,81,2015,October,41,4,2,5,2,0.0,0,BB,IRL,Offline TA/TO,TA/TO,0,0,0,A,E,0,No Deposit,175.0,0,Transient,63.66,0,0
Resort Hotel,0,26,2015,October,41,4,2,5,2,0.0,0,BB,GBR,Direct,Direct,0,0,0,A,A,0,No Deposit,250.0,0,Transient,68.43,0,1
Resort Hotel,0,75,2015,October,41,4,4,6,2,0.0,0,BB,IRL,Online TA,TA/TO,0,0,0,A,A,1,No Deposit,240.0,0,Transient,60.4,0,1
Resort Hotel,0,54,2015,October,41,4,4,7,2,0.0,0,HB,GBR,Offline TA/TO,TA/TO,0,0,0,E,E,0,No Deposit,40.0,0,Contract,78.2,0,0
Resort Hotel,1,170,2015,October,41,4,4,8,2,0.0,0,BB,CN,Groups,TA/TO,0,0,0,A,A,0,Non Refund,15.0,0,Transient,44.5,0,0
Resort Hotel,1,170,2015,October,41,4,4,8,2,0.0,0,BB,CN,Groups,TA/TO,0,0,0,A,A,0,Non Refund,15.0,0,Transient,44.5,0,0
Resort Hotel,1,170,2015,October,41,4,4,8,2,0.0,0,BB,CN,Groups,TA/TO,0,0,0,A,A,0,Non Refund,15.0,0,Transient,44.5,0,0
Resort Hotel,1,170,2015,October,41,4,4,8,2,0.0,0,BB,CN,Groups,TA/TO,0,0,0,A,A,0,Non Refund,15.0,0,Transient,44.5,0,0
Resort Hotel,1,170,2015,October,41,4,4,8,2,0.0,0,BB,CN,Groups,TA/TO,0,0,0,A,A,0,Non Refund,15.0,0,Transient,44.5,0,0
Resort Hotel,1,170,2015,October,41,4,4,8,2,0.0,0,BB,CN,Groups,TA/TO,0,0,0,A,A,0,Non Refund,15.0,0,Transient,44.5,0,0
Resort Hotel,1,170,2015,October,41,4,4,8,2,0.0,0,BB,CN,Groups,TA/TO,0,0,0,A,A,0,Non Refund,15.0,0,Transient,44.5,0,0
Resort Hotel,1,170,2015,October,41,4,4,8,2,0.0,0,BB,CN,Groups,TA/TO,0,0,0,A,A,0,Non Refund,15.0,0,Transient,44.5,0,0
Resort Hotel,1,170,2015,October,41,4,4,8,2,0.0,0,BB,CN,Groups,TA/TO,0,0,0,A,A,0,Non Refund,15.0,0,Transient,44.5,0,0
Resort Hotel,1,170,2015,October,41,4,4,8,2,0.0,0,BB,CN,Groups,TA/TO,0,0,0,A,A,0,Non Refund,15.0,0,Transient,44.5,0,0
Resort Hotel,1,170,2015,October,41,4,4,8,2,0.0,0,BB,CN,Groups,TA/TO,0,0,0,A,A,0,Non Refund,15.0,0,Transient,44.5,0,0
Resort Hotel,1,170,2015,October,41,4,4,8,2,0.0,0,BB,CN,Groups,TA/TO,0,0,0,A,A,0,Non Refund,15.0,0,Transient,44.5,0,0
Resort Hotel,0,69,2015,October,41,4,2,3,2,0.0,0,BB,IRL,Offline TA/TO,TA/TO,0,0,0,A,A,0,No Deposit,6.0,0,Transient,41.25,0,1
Resort Hotel,0,69,2015,October,41,4,2,3,2,0.0,0,BB,IRL,Offline TA/TO,TA/TO,0,0,0,A,C,0,No Deposit,6.0,0,Transient,40.05,0,1
Resort Hotel,0,90,2015,October,41,4,4,10,2,0.0,0,BB,PRT,Online TA,TA/TO,0,0,0,D,D,0,No Deposit,240.0,0,Transient,107.43,0,0
Resort Hotel,0,111,2015,October,41,4,2,4,2,0.0,0,BB,GBR,Online TA,TA/TO,0,0,0,A,A,0,No Deposit,240.0,0,Transient,57.67,0,0
Resort Hotel,0,18,2015,October,41,4,2,4,2,0.0,0,BB,IRL,Online TA,TA/TO,0,0,0,A,A,0,No Deposit,240.0,0,Transient,63.47,0,1
Resort Hotel,0,7,2015,October,41,5,1,0,2,0.0,0,BB,ESP,Online TA,TA/TO,0,0,0,A,D,0,No Deposit,240.0,0,Transient,60.3,1,1
Resort Hotel,0,1,2015,October,41,5,1,1,2,0.0,0,BB,BEL,Online TA,TA/TO,0,0,0,A,G,0,No Deposit,240.0,0,Group,61.5,0,1
Resort Hotel,0,69,2015,October,41,5,1,1,2,0.0,0,HB,USA,Online TA,TA/TO,0,0,0,A,A,0,No Deposit,242.0,0,Transient,88.0,0,1
Resort Hotel,1,7,2015,October,41,5,1,0,2,0.0,0,BB,PRT,Corporate,Corporate,0,0,0,A,F,0,No Deposit,,0,Transient,56.95,0,0
Resort Hotel,0,10,2015,October,41,5,1,3,2,0.0,0,BB,PRT,Direct,Direct,0,0,0,A,C,0,No Deposit,,0,Transient,67.0,0,1
Resort Hotel,0,55,2015,October,41,5,1,3,2,0.0,0,BB,GBR,Offline TA/TO,TA/TO,0,0,0,A,D,0,No Deposit,2.0,0,Contract,54.5,0,0
Resort Hotel,0,52,2015,October,41,5,2,5,2,0.0,0,BB,PRT,Offline TA/TO,TA/TO,0,0,0,E,E,0,No Deposit,171.0,0,Transient,54.72,0,0
Resort Hotel,0,17,2015,October,41,5,2,5,2,0.0,0,BB,CHE,Online TA,TA/TO,0,0,0,A,A,0,No Deposit,240.0,0,Transient,73.0,1,1
Resort Hotel,1,74,2015,October,41,5,3,6,2,0.0,0,HB,PRT,Online TA,TA/TO,0,0,0,A,A,0,No Deposit,240.0,0,Transient,86.0,0,2
Resort Hotel,1,74,2015,October,41,5,3,6,2,0.0,0,HB,PRT,Online TA,TA/TO,0,0,0,A,A,0,No Deposit,240.0,0,Transient,86.0,0,2
Resort Hotel,1,74,2015,October,41,5,3,6,2,0.0,0,HB,PRT,Online TA,TA/TO,0,0,0,A,A,0,No Deposit,240.0,0,Transient,86.0,0,2
Resort Hotel,1,74,2015,October,41,5,3,6,2,0.0,0,HB,PRT,Online TA,TA/TO,0,0,0,A,A,1,No Deposit,240.0,0,Transient,86.0,0,2
Resort Hotel,0,207,2015,October,41,5,3,7,2,0.0,0,HB,GBR,Offline TA/TO,TA/TO,0,0,0,A,A,0,No Deposit,156.0,0,Transient,65.45,0,0
Resort Hotel,1,102,2015,October,41,5,3,9,2,0.0,0,BB,PRT,Online TA,TA/TO,0,0,0,D,D,0,No Deposit,240.0,0,Transient,71.67,0,0
Resort Hotel,0,0,2015,October,41,6,0,0,2,0.0,0,BB,PRT,Direct,Direct,0,0,0,A,A,0,No Deposit,,0,Transient,0.0,0,0
Resort Hotel,0,70,2015,October,41,6,0,1,2,0.0,0,BB,MEX,Online TA,TA/TO,0,0,0,A,A,0,No Deposit,241.0,0,Transient,43.12,0,1
Resort Hotel,0,0,2015,October,41,6,0,2,2,0.0,0,BB,CHE,Direct,Direct,0,0,0,A,A,1,No Deposit,,0,Transient,66.0,1,0
Resort Hotel,1,1,2015,October,41,6,0,3,2,0.0,0,BB,PRT,Direct,Direct,0,0,0,A,A,0,No Deposit,,0,Transient,56.0,0,0
Resort Hotel,0,43,2015,October,41,6,0,4,2,0.0,0,BB,IRL,Online TA,TA/TO,0,0,0,A,A,0,No Deposit,240.0,0,Transient,62.8,0,1
Resort Hotel,0,3,2015,October,41,6,0,2,2,0.0,0,BB,PRT,Online TA,TA/TO,0,0,0,E,G,0,No Deposit,240.0,0,Transient,87.0,0,0
Resort Hotel,0,87,2015,October,41,6,2,5,2,0.0,0,HB,POL,Online TA,TA/TO,0,0,0,E,E,0,No Deposit,240.0,0,Transient,118.0,0,1
Resort Hotel,0,84,2015,October,41,6,2,5,2,0.0,0,HB,POL,Online TA,TA/TO,0,0,0,E,E,0,No Deposit,240.0,0,Transient,98.4,0,1
Resort Hotel,0,123,2015,October,41,6,2,5,2,0.0,0,BB,GBR,Online TA,TA/TO,0,0,0,D,D,0,No Deposit,147.0,0,Transient,43.3,0,1
Resort Hotel,0,33,2015,October,41,7,0,2,2,0.0,0,BB,DEU,Online TA,TA/TO,0,0,0,A,A,0,No Deposit,240.0,0,Transient,66.3,1,2
Resort Hotel,0,13,2015,October,41,7,0,2,2,0.0,0,FB,PRT,Complementary,Direct,0,0,0,F,F,0,No Deposit,,0,Transient,0.0,0,2
Resort Hotel,0,2,2015,October,41,7,0,1,2,0.0,0,BB,PRT,Direct,Direct,0,0,0,A,A,0,No Deposit,250.0,0,Transient,67.0,0,1
Resort Hotel,0,6,2015,October,41,7,0,1,2,0.0,0,BB,PRT,Online TA,TA/TO,0,0,0,A,A,0,No Deposit,241.0,0,Transient,49.01,0,0
Resort Hotel,0,78,2015,October,41,7,0,4,2,0.0,0,BB,PRT,Offline TA/TO,TA/TO,0,0,0,A,A,0,No Deposit,36.0,0,Transient,64.29,1,0
Resort Hotel,0,175,2015,October,41,7,2,5,2,0.0,0,BB,BEL,Offline TA/TO,TA/TO,0,0,0,A,E,0,No Deposit,6.0,0,Transient,41.6,1,0
Resort Hotel,0,158,2015,October,41,7,2,5,2,0.0,0,BB,GBR,Offline TA/TO,TA/TO,0,0,0,D,D,0,No Deposit,177.0,0,Transient-Party,55.43,0,1
Resort Hotel,0,11,2015,October,41,7,2,5,2,0.0,0,BB,GBR,Offline TA/TO,TA/TO,0,0,0,A,A,0,No Deposit,314.0,0,Transient,48.74,0,0
Resort Hotel,0,158,2015,October,41,7,2,5,2,0.0,0,BB,GBR,Offline TA/TO,TA/TO,0,0,0,D,D,0,No Deposit,177.0,0,Transient-Party,55.43,0,1
Resort Hotel,1,16,2015,October,41,7,2,5,2,0.0,0,BB,PRT,Direct,Direct,0,0,0,A,A,0,No Deposit,250.0,0,Transient,68.86,0,1
Resort Hotel,0,3,2015,October,41,8,0,1,2,0.0,0,BB,PRT,Online TA,TA/TO,0,0,0,A,F,0,No Deposit,240.0,0,Transient,67.0,0,1
Resort Hotel,0,3,2015,October,41,8,0,1,2,0.0,0,BB,PRT,Online TA,TA/TO,0,0,0,A,D,0,No Deposit,240.0,0,Transient,67.0,1,1
Resort Hotel,0,3,2015,October,41,8,0,1,2,0.0,0,BB,PRT,Direct,Direct,0,0,0,F,F,0,No Deposit,250.0,0,Transient,87.0,1,1
Resort Hotel,0,3,2015,October,41,8,0,3,2,0.0,0,BB,ESP,Direct,Direct,0,0,0,D,D,0,No Deposit,250.0,0,Transient,73.67,0,0
Resort Hotel,0,44,2015,October,41,8,0,3,2,0.0,0,BB,PRT,Corporate,Corporate,0,0,0,A,A,0,No Deposit,,0,Contract,50.0,0,0
Resort Hotel,0,77,2015,October,41,8,0,3,2,0.0,0,BB,PRT,Direct,Direct,0,0,0,A,A,1,No Deposit,250.0,0,Contract,50.0,0,1
Resort Hotel,0,10,2015,October,41,8,0,3,2,0.0,0,BB,FRA,Online TA,TA/TO,0,0,0,D,E,0,No Deposit,240.0,0,Transient,73.66,0,2
Resort Hotel,0,44,2015,October,41,8,0,3,2,0.0,0,BB,PRT,Corporate,Corporate,0,0,0,A,A,1,No Deposit,,0,Contract,50.0,0,0
Resort Hotel,0,76,2015,October,41,8,0,3,2,0.0,0,BB,PRT,Direct,Direct,0,0,0,A,A,0,No Deposit,250.0,0,Contract,56.0,1,1
Resort Hotel,0,9,2015,October,41,8,0,3,2,0.0,0,BB,PRT,Corporate,Corporate,0,0,0,A,D,2,No Deposit,281.0,0,Contract,45.0,0,0
Resort Hotel,0,33,2015,October,41,8,0,3,2,0.0,0,BB,PRT,Corporate,Corporate,0,0,0,A,A,2,No Deposit,,0,Transient-Party,50.0,0,0
Resort Hotel,0,3,2015,October,41,8,0,3,2,0.0,0,BB,ESP,Direct,Direct,0,0,0,A,D,0,No Deposit,250.0,0,Transient,67.0,0,0
Resort Hotel,0,59,2015,October,41,8,0,3,2,0.0,0,BB,PRT,Corporate,Corporate,0,0,0,A,A,0,No Deposit,281.0,50,Contract,45.0,0,0
Resort Hotel,0,77,2015,October,41,8,0,3,2,0.0,0,BB,PRT,Direct,Direct,0,0,0,A,A,0,No Deposit,250.0,0,Contract,50.0,0,0
Resort Hotel,0,3,2015,October,41,8,0,3,2,0.0,0,BB,PRT,Corporate,Corporate,0,0,0,A,D,0,No Deposit,281.0,0,Contract,45.0,0,0
Resort Hotel,0,29,2015,October,41,8,1,3,2,0.0,0,BB,DEU,Online TA,TA/TO,0,0,0,D,D,0,No Deposit,240.0,0,Transient,85.0,1,1
Resort Hotel,0,22,2015,October,41,8,2,5,2,0.0,0,BB,GBR,Online TA,TA/TO,0,0,0,D,D,0,No Deposit,241.0,0,Transient,53.37,0,1
Resort Hotel,0,132,2015,October,41,8,1,3,2,0.0,0,BB,IRL,Offline TA/TO,TA/TO,0,0,0,A,A,0,No Deposit,8.0,0,Contract,44.5,0,0
Resort Hotel,0,10,2015,October,41,8,2,5,2,0.0,0,BB,GBR,Offline TA/TO,TA/TO,0,0,0,A,A,0,No Deposit,314.0,0,Transient-Party,48.57,0,1
Resort Hotel,0,94,2015,October,41,8,2,5,2,0.0,0,BB,IRL,Direct,Direct,0,0,0,F,F,0,No Deposit,250.0,0,Transient,77.43,0,0
Resort Hotel,1,94,2015,October,41,8,2,7,2,0.0,0,BB,PRT,Online TA,TA/TO,0,0,0,D,D,0,No Deposit,240.0,0,Transient,123.56,0,1
Resort Hotel,0,128,2015,October,41,8,4,8,2,0.0,0,BB,GBR,Offline TA/TO,TA/TO,0,0,0,E,E,2,No Deposit,314.0,0,Transient,62.47,0,0
Resort Hotel,0,1,2015,October,41,9,0,1,2,0.0,0,BB,PRT,Direct,Direct,0,0,0,D,D,0,No Deposit,250.0,0,Transient,67.0,0,1
Resort Hotel,1,134,2015,October,41,9,0,2,2,0.0,0,BB,PRT,Online TA,TA/TO,0,0,0,A,A,0,No Deposit,240.0,0,Transient,56.0,0,0
Resort Hotel,0,4,2015,October,41,9,0,2,2,0.0,0,BB,IRL,Online TA,TA/TO,0,0,0,E,E,0,No Deposit,240.0,0,Transient,89.0,0,2
Resort Hotel,1,77,2015,October,41,9,0,2,2,0.0,0,BB,PRT,Direct,Direct,0,0,0,A,A,0,No Deposit,250.0,0,Contract,50.0,0,1
Resort Hotel,0,77,2015,October,41,9,0,2,2,0.0,0,BB,PRT,Direct,Direct,0,0,0,A,A,0,No Deposit,250.0,0,Contract,56.0,1,1
Resort Hotel,1,78,2015,October,41,9,1,2,2,0.0,0,FB,ESP,Groups,TA/TO,0,0,0,A,A,0,Non Refund,134.0,0,Transient,92.0,0,0
Resort Hotel,1,78,2015,October,41,9,1,2,2,0.0,0,FB,ESP,Groups,TA/TO,0,0,0,A,A,0,Non Refund,134.0,0,Transient,92.0,0,0
Resort Hotel,1,78,2015,October,41,9,1,2,2,0.0,0,FB,ESP,Groups,TA/TO,0,0,0,A,A,0,Non Refund,134.0,0,Transient,92.0,0,0
Resort Hotel,1,78,2015,October,41,9,1,2,2,0.0,0,FB,ESP,Groups,TA/TO,0,0,0,A,A,0,Non Refund,134.0,0,Transient,92.0,0,0
Resort Hotel,1,78,2015,October,41,9,1,2,2,0.0,0,FB,ESP,Groups,TA/TO,0,0,0,A,A,0,Non Refund,134.0,0,Transient,92.0,0,0
Resort Hotel,1,78,2015,October,41,9,1,2,2,0.0,0,FB,ESP,Groups,TA/TO,0,0,0,A,A,0,Non Refund,134.0,0,Transient,92.0,0,0
Resort Hotel,0,63,2015,October,41,9,1,2,2,0.0,0,BB,ESP,Online TA,TA/TO,0,0,0,A,A,0,No Deposit,241.0,0,Transient,43.12,0,2
Resort Hotel,1,78,2015,October,41,9,1,2,2,0.0,0,FB,ESP,Groups,TA/TO,0,0,0,A,A,0,Non Refund,134.0,0,Transient,92.0,0,0
Resort Hotel,1,78,2015,October,41,9,1,2,2,0.0,0,FB,ESP,Groups,TA/TO,0,0,0,A,A,0,Non Refund,134.0,0,Transient,92.0,0,0
Resort Hotel,0,8,2015,October,41,9,1,2,2,0.0,0,BB,ESP,Online TA,TA/TO,0,0,0,E,E,0,No Deposit,240.0,0,Transient,104.67,1,1
Resort Hotel,0,21,2015,October,41,9,1,2,2,0.0,0,BB,ESP,Online TA,TA/TO,0,0,0,A,A,0,No Deposit,240.0,0,Transient,67.0,0,1
Resort Hotel,0,13,2015,October,41,9,1,2,2,0.0,0,HB,ESP,Offline TA/TO,TA/TO,0,0,0,A,A,1,No Deposit,314.0,0,Transient,72.8,0,1
Resort Hotel,1,78,2015,October,41,9,1,2,2,0.0,0,FB,ESP,Groups,TA/TO,0,0,0,A,A,0,Non Refund,134.0,0,Transient,92.0,0,0
Resort Hotel,1,78,2015,October,41,9,1,2,2,0.0,0,FB,ESP,Groups,TA/TO,0,0,0,A,A,0,Non Refund,134.0,0,Transient,92.0,0,0
Resort Hotel,1,78,2015,October,41,9,1,2,2,0.0,0,FB,ESP,Groups,TA/TO,0,0,0,A,A,0,Non Refund,134.0,0,Transient,92.0,0,0
Resort Hotel,1,78,2015,October,41,9,1,2,2,0.0,0,FB,ESP,Groups,TA/TO,0,0,0,A,A,0,Non Refund,134.0,0,Transient,92.0,0,0
Resort Hotel,1,78,2015,October,41,9,1,2,2,0.0,0,FB,ESP,Groups,TA/TO,0,0,0,A,A,0,Non Refund,134.0,0,Transient,92.0,0,0
Resort Hotel,1,78,2015,October,41,9,1,2,2,0.0,0,FB,ESP,Groups,TA/TO,0,0,0,A,A,0,Non Refund,134.0,0,Transient,92.0,0,0
Resort Hotel,1,78,2015,October,41,9,1,2,2,0.0,0,FB,ESP,Groups,TA/TO,0,0,0,A,A,0,Non Refund,134.0,0,Transient,92.0,0,0
Resort Hotel,1,78,2015,October,41,9,1,2,2,0.0,0,FB,ESP,Groups,TA/TO,0,0,0,A,A,0,Non Refund,134.0,0,Transient,92.0,0,0
Resort Hotel,1,78,2015,October,41,9,1,2,2,0.0,0,FB,ESP,Groups,TA/TO,0,0,0,A,A,0,Non Refund,134.0,0,Transient,92.0,0,0
Resort Hotel,1,78,2015,October,41,9,1,2,2,0.0,0,FB,ESP,Groups,TA/TO,0,0,0,A,A,0,Non Refund,134.0,0,Transient,92.0,0,0
Resort Hotel,1,78,2015,October,41,9,1,2,2,0.0,0,FB,ESP,Groups,TA/TO,0,0,0,A,A,0,Non Refund,134.0,0,Transient,92.0,0,0
Resort Hotel,1,78,2015,October,41,9,1,2,2,0.0,0,FB,ESP,Groups,TA/TO,0,0,0,A,A,0,Non Refund,134.0,0,Transient,92.0,0,0
Resort Hotel,1,78,2015,October,41,9,1,2,2,0.0,0,FB,ESP,Groups,TA/TO,0,0,0,A,A,0,Non Refund,134.0,0,Transient,92.0,0,0
Resort Hotel,0,9,2015,October,41,9,1,2,2,0.0,0,BB,ESP,Direct,Direct,0,0,0,A,A,0,No Deposit,250.0,0,Transient,63.33,0,1
Resort Hotel,0,3,2015,October,41,9,1,2,2,0.0,0,BB,DEU,Online TA,TA/TO,0,0,0,E,E,0,No Deposit,240.0,0,Transient,83.33,0,2
Resort Hotel,1,78,2015,October,41,9,1,2,2,0.0,0,FB,ESP,Groups,TA/TO,0,0,0,A,A,0,Non Refund,134.0,0,Transient,92.0,0,0
Resort Hotel,1,78,2015,October,41,9,1,2,2,0.0,0,FB,ESP,Groups,TA/TO,0,0,0,A,A,0,Non Refund,134.0,0,Transient,92.0,0,0
Resort Hotel,1,78,2015,October,41,9,1,2,2,0.0,0,FB,ESP,Groups,TA/TO,0,0,0,A,A,0,Non Refund,134.0,0,Transient,92.0,0,0
Resort Hotel,0,63,2015,October,41,9,1,2,2,0.0,0,BB,ESP,Online TA,TA/TO,0,0,0,A,A,0,No Deposit,241.0,0,Transient,43.12,0,2
Resort Hotel,0,14,2015,October,41,9,1,2,2,0.0,0,HB,ESP,Offline TA/TO,TA/TO,0,0,0,A,A,0,No Deposit,314.0,0,Transient,78.8,1,0
Resort Hotel,0,25,2015,October,41,9,1,2,2,0.0,0,BB,ESP,Offline TA/TO,TA/TO,0,0,0,A,A,0,No Deposit,196.0,0,Transient,44.5,0,0
Resort Hotel,1,78,2015,October,41,9,1,2,2,0.0,0,FB,ESP,Groups,TA/TO,0,0,0,A,A,0,Non Refund,134.0,0,Transient,92.0,0,0
Resort Hotel,1,78,2015,October,41,9,1,2,2,0.0,0,FB,ESP,Groups,TA/TO,0,0,0,A,A,0,Non Refund,134.0,0,Transient,92.0,0,0
Resort Hotel,1,78,2015,October,41,9,1,2,2,0.0,0,FB,ESP,Groups,TA/TO,0,0,0,A,A,0,Non Refund,134.0,0,Transient,92.0,0,0
Resort Hotel,1,78,2015,October,41,9,1,2,2,0.0,0,FB,ESP,Groups,TA/TO,0,0,0,A,A,0,Non Refund,134.0,0,Transient,92.0,0,0
Resort Hotel,0,22,2015,October,41,9,2,2,2,0.0,0,BB,PRT,Online TA,TA/TO,0,0,0,D,D,0,No Deposit,240.0,0,Transient,83.0,1,2
Resort Hotel,0,0,2015,October,41,9,2,2,2,0.0,0,BB,ISR,Direct,Direct,0,0,0,A,A,0,No Deposit,,0,Transient,67.0,0,0
Resort Hotel,0,22,2015,October,41,9,2,2,2,0.0,0,BB,PRT,Online TA,TA/TO,0,0,0,D,D,0,No Deposit,240.0,0,Transient,77.0,0,2
Resort Hotel,0,10,2015,October,41,9,2,2,2,0.0,0,BB,ESP,Online TA,TA/TO,0,0,0,D,D,0,No Deposit,240.0,0,Transient,71.5,0,2
Resort Hotel,0,4,2015,October,41,9,2,3,2,0.0,0,BB,GBR,Online TA,TA/TO,0,0,0,D,D,0,No Deposit,240.0,0,Transient,70.4,0,1
Resort Hotel,0,7,2015,October,41,9,2,3,2,0.0,0,BB,ESP,Offline TA/TO,TA/TO,0,0,0,D,D,0,No Deposit,175.0,0,Transient,73.68,1,0
Resort Hotel,0,350,2015,October,41,9,2,5,2,0.0,0,HB,LTU,Offline TA/TO,TA/TO,0,0,0,D,D,0,No Deposit,171.0,0,Transient,82.0,0,0
Resort Hotel,1,2,2015,October,41,10,0,1,2,0.0,0,BB,PRT,Direct,Direct,0,0,0,A,A,0,No Deposit,,0,Transient,56.0,0,0
Resort Hotel,0,11,2015,October,41,10,0,1,2,0.0,0,BB,PRT,Corporate,Corporate,0,0,0,A,E,0,No Deposit,281.0,0,Contract,45.0,0,0
Resort Hotel,0,11,2015,October,41,10,0,1,2,0.0,0,BB,PRT,Corporate,Corporate,0,0,0,A,E,0,No Deposit,281.0,0,Contract,45.0,0,0
Resort Hotel,0,5,2015,October,41,10,0,1,2,0.0,0,BB,ESP,Online TA,TA/TO,0,0,0,A,E,0,No Deposit,240.0,0,Transient,60.3,0,1
Resort Hotel,0,12,2015,October,41,10,1,1,2,0.0,0,BB,ESP,Online TA,TA/TO,0,0,0,A,D,0,No Deposit,240.0,0,Transient,61.5,0,0
Resort Hotel,0,4,2015,October,41,10,1,1,2,0.0,0,HB,ESP,Direct,Direct,0,0,0,D,D,0,No Deposit,250.0,0,Transient,107.5,1,1
Resort Hotel,0,5,2015,October,41,10,1,1,2,0.0,0,HB,ESP,Online TA,TA/TO,0,0,0,D,D,1,No Deposit,240.0,0,Transient,101.5,0,2
Resort Hotel,1,21,2015,October,41,10,1,1,2,0.0,0,BB,PRT,Offline TA/TO,TA/TO,0,0,0,A,A,0,No Deposit,314.0,0,Transient-Party,49.2,0,1
Resort Hotel,0,11,2015,October,41,10,1,1,2,0.0,0,HB,ESP,Online TA,TA/TO,0,0,0,A,H,1,No Deposit,240.0,0,Transient,82.35,0,0
Resort Hotel,0,5,2015,October,41,10,1,1,2,0.0,0,BB,GBR,Online TA,TA/TO,0,0,0,A,H,0,No Deposit,240.0,0,Transient,67.5,1,2
Resort Hotel,0,5,2015,October,41,10,1,1,2,0.0,0,BB,ESP,Online TA,TA/TO,0,0,0,D,D,0,No Deposit,240.0,0,Transient,77.5,1,1
Resort Hotel,0,4,2015,October,41,10,1,1,2,0.0,0,HB,ESP,Direct,Direct,0,0,0,D,D,0,No Deposit,250.0,0,Transient,101.5,0,1
Resort Hotel,0,5,2015,October,41,10,1,1,2,0.0,0,HB,ESP,Online TA,TA/TO,0,0,0,D,D,1,No Deposit,240.0,0,Transient,101.5,0,2
Resort Hotel,0,12,2015,October,41,10,1,1,2,0.0,0,BB,ESP,Online TA,TA/TO,0,0,0,A,E,0,No Deposit,240.0,0,Transient,61.35,1,1
Resort Hotel,0,16,2015,October,41,10,1,1,2,0.0,0,BB,ESP,Online TA,TA/TO,0,0,0,A,D,0,No Deposit,240.0,0,Transient,61.35,1,2
Resort Hotel,1,21,2015,October,41,10,1,1,2,0.0,0,BB,PRT,Offline TA/TO,TA/TO,0,0,0,A,A,0,No Deposit,314.0,0,Transient-Party,49.2,0,1
Resort Hotel,0,0,2015,October,41,10,1,1,2,0.0,0,BB,ESP,Direct,Direct,0,0,0,F,F,0,No Deposit,,0,Transient,90.0,0,1
Resort Hotel,1,143,2015,October,41,10,2,5,2,0.0,0,BB,PRT,Groups,TA/TO,0,0,0,A,A,0,Non Refund,96.0,0,Transient,36.05,0,0
Resort Hotel,1,143,2015,October,41,10,2,5,2,0.0,0,BB,PRT,Groups,TA/TO,0,0,0,A,A,0,Non Refund,96.0,0,Transient,36.05,0,0
Resort Hotel,1,143,2015,October,41,10,2,5,2,0.0,0,BB,PRT,Groups,TA/TO,0,0,0,A,A,0,Non Refund,96.0,0,Transient,36.05,0,0
Resort Hotel,1,143,2015,October,41,10,2,5,2,0.0,0,BB,PRT,Groups,TA/TO,0,0,0,A,A,0,Non Refund,96.0,0,Transient,36.05,0,0
Resort Hotel,1,143,2015,October,41,10,2,5,2,0.0,0,BB,PRT,Groups,TA/TO,0,0,0,A,A,0,Non Refund,96.0,0,Transient,36.05,0,0
Resort Hotel,1,143,2015,October,41,10,2,5,2,0.0,0,BB,PRT,Groups,TA/TO,0,0,0,A,A,0,Non Refund,96.0,0,Transient,36.05,0,0
Resort Hotel,1,143,2015,October,41,10,2,5,2,0.0,0,BB,PRT,Groups,TA/TO,0,0,0,A,A,0,Non Refund,96.0,0,Transient,36.05,0,0
Resort Hotel,1,143,2015,October,41,10,2,5,2,0.0,0,BB,PRT,Groups,TA/TO,0,0,0,A,A,0,Non Refund,96.0,0,Transient,36.05,0,0
Resort Hotel,1,143,2015,October,41,10,2,5,2,0.0,0,BB,PRT,Groups,TA/TO,0,0,0,A,A,0,Non Refund,96.0,0,Transient,36.05,0,0
Resort Hotel,1,143,2015,October,41,10,2,5,2,0.0,0,BB,PRT,Groups,TA/TO,0,0,0,A,A,0,Non Refund,96.0,0,Transient,36.05,0,0
Resort Hotel,1,143,2015,October,41,10,2,5,2,0.0,0,BB,PRT,Groups,TA/TO,0,0,0,A,A,0,Non Refund,96.0,0,Transient,36.05,0,0
Resort Hotel,1,143,2015,October,41,10,2,5,2,0.0,0,BB,PRT,Groups,TA/TO,0,0,0,A,A,0,Non Refund,96.0,0,Transient,36.05,0,0
Resort Hotel,1,143,2015,October,41,10,2,5,2,0.0,0,BB,PRT,Groups,TA/TO,0,0,0,A,A,0,Non Refund,96.0,0,Transient,36.05,0,0
Resort Hotel,1,143,2015,October,41,10,2,2,2,0.0,0,HB,PRT,Online TA,TA/TO,0,0,0,D,D,0,No Deposit,240.0,0,Transient,98.0,0,0
Resort Hotel,0,78,2015,October,41,10,3,6,2,0.0,0,BB,GBR,Direct,Direct,0,0,0,F,F,0,No Deposit,250.0,0,Transient,79.22,0,1
Resort Hotel,0,78,2015,October,41,10,6,15,2,0.0,0,HB,BEL,Direct,Direct,0,0,0,D,D,1,No Deposit,,0,Transient,106.0,0,1
Resort Hotel,0,2,2015,October,42,11,1,0,2,0.0,0,BB,ESP,Online TA,TA/TO,0,0,0,A,A,0,No Deposit,240.0,0,Transient,50.4,0,1
Resort Hotel,0,2,2015,October,42,11,1,0,2,0.0,0,BB,ESP,Online TA,TA/TO,0,0,0,D,D,0,No Deposit,240.0,0,Transient,66.0,0,1
Resort Hotel,0,2,2015,October,42,11,1,0,2,0.0,0,BB,ESP,Online TA,TA/TO,0,0,0,A,A,0,No Deposit,240.0,0,Transient,50.4,0,1
Resort Hotel,0,39,2015,October,42,11,1,0,2,0.0,0,BB,PRT,Offline TA/TO,TA/TO,0,0,0,A,A,2,No Deposit,171.0,0,Transient,46.5,0,0
Resort Hotel,1,46,2015,October,42,11,1,0,2,0.0,0,BB,PRT,Online TA,TA/TO,0,0,0,A,A,0,No Deposit,240.0,0,Transient,50.4,0,0
Resort Hotel,0,0,2015,October,42,11,1,0,2,0.0,0,BB,ESP,Online TA,TA/TO,0,0,0,D,D,0,No Deposit,240.0,0,Transient,66.0,0,1
Resort Hotel,0,9,2015,October,42,11,1,0,2,0.0,0,BB,PRT,Direct,Direct,0,0,0,A,A,0,No Deposit,250.0,0,Transient,56.0,0,0
Resort Hotel,0,6,2015,October,42,11,2,0,2,0.0,0,BB,PRT,Online TA,TA/TO,0,0,0,E,E,1,No Deposit,240.0,0,Transient,82.0,1,1
Resort Hotel,0,5,2015,October,42,11,2,0,2,0.0,0,BB,PRT,Online TA,TA/TO,0,0,0,A,A,0,No Deposit,240.0,0,Transient,50.4,0,2
Resort Hotel,0,1,2015,October,42,11,2,0,2,0.0,0,BB,ESP,Online TA,TA/TO,0,0,0,A,A,0,No Deposit,240.0,0,Transient,56.4,1,0
Resort Hotel,1,99,2015,October,42,11,1,0,2,0.0,0,BB,PRT,Offline TA/TO,TA/TO,0,0,0,E,E,1,No Deposit,251.0,0,Transient,67.0,0,0
Resort Hotel,0,1,2015,October,42,11,1,0,2,0.0,0,BB,ESP,Online TA,TA/TO,0,0,0,A,A,0,No Deposit,240.0,0,Transient,56.4,1,0
Resort Hotel,1,12,2015,October,42,11,2,2,2,0.0,0,BB,PRT,Online TA,TA/TO,0,0,0,A,A,0,No Deposit,240.0,0,Transient,50.4,0,2
Resort Hotel,0,41,2015,October,42,11,2,2,2,0.0,0,BB,GBR,Online TA,TA/TO,0,0,0,A,A,0,No Deposit,240.0,0,Transient,56.0,0,1
Resort Hotel,1,102,2015,October,42,11,2,2,2,0.0,0,BB,PRT,Online TA,TA/TO,0,0,0,A,A,0,No Deposit,240.0,0,Transient,50.4,0,0
Resort Hotel,0,83,2015,October,42,11,2,3,2,0.0,0,BB,RUS,Online TA,TA/TO,0,0,0,A,A,0,No Deposit,240.0,0,Transient,56.52,0,2
Resort Hotel,0,13,2015,October,42,11,2,3,2,0.0,0,BB,GBR,Offline TA/TO,TA/TO,0,0,0,D,D,0,No Deposit,36.0,0,Transient,58.24,0,0
Resort Hotel,0,5,2015,October,42,11,2,5,2,0.0,0,HB,PRT,Online TA,TA/TO,0,0,0,A,A,0,No Deposit,242.0,0,Transient,92.71,0,0
Resort Hotel,0,0,2015,October,42,12,0,0,2,0.0,0,BB,PRT,Online TA,TA/TO,0,0,0,D,A,0,No Deposit,240.0,0,Transient,0.0,0,2
Resort Hotel,0,13,2015,October,42,12,1,0,2,0.0,0,BB,PRT,Corporate,Corporate,0,0,0,A,A,0,No Deposit,,0,Transient,48.0,0,0
Resort Hotel,0,13,2015,October,42,12,1,0,2,0.0,0,BB,PRT,Corporate,Corporate,0,0,0,A,A,0,No Deposit,,0,Transient,53.0,0,1
Resort Hotel,0,20,2015,October,42,12,1,0,2,0.0,0,BB,PRT,Corporate,Corporate,0,0,0,A,A,0,No Deposit,,0,Transient,48.0,0,0
Resort Hotel,0,2,2015,October,42,12,1,1,2,0.0,0,BB,ESP,Online TA,TA/TO,0,0,0,A,A,1,No Deposit,240.0,0,Transient,56.0,0,1
Resort Hotel,0,6,2015,October,42,12,1,5,2,0.0,0,BB,GBR,Online TA,TA/TO,0,0,0,E,E,0,No Deposit,241.0,0,Transient,61.28,0,1
Resort Hotel,0,283,2015,October,42,12,2,5,2,0.0,0,BB,FRA,Groups,Direct,0,0,0,E,F,0,No Deposit,273.0,0,Transient-Party,79.0,0,0
Resort Hotel,0,1,2015,October,42,13,0,1,2,0.0,0,BB,GBR,Online TA,TA/TO,0,0,0,A,E,0,No Deposit,240.0,0,Transient,50.4,0,0
Resort Hotel,0,17,2015,October,42,13,0,1,2,0.0,0,BB,ESP,Online TA,TA/TO,0,0,0,A,A,2,No Deposit,240.0,0,Transient,8.0,0,1
Resort Hotel,0,0,2015,October,42,13,0,1,2,0.0,0,BB,PRT,Direct,Direct,0,0,0,A,A,0,No Deposit,,0,Transient,56.0,1,0
Resort Hotel,0,73,2015,October,42,13,2,6,2,0.0,0,BB,GBR,Direct,Direct,0,0,0,E,F,0,No Deposit,250.0,0,Transient,73.38,0,2
Resort Hotel,0,32,2015,October,42,14,0,1,2,0.0,0,HB,FRA,Direct,Direct,0,0,0,E,E,0,No Deposit,250.0,0,Transient,117.0,1,0
Resort Hotel,0,0,2015,October,42,14,0,1,2,0.0,0,BB,PRT,Online TA,TA/TO,0,0,0,D,D,0,No Deposit,240.0,0,Transient,56.0,0,0
Resort Hotel,0,0,2015,October,42,14,0,1,2,0.0,0,BB,ESP,Online TA,TA/TO,0,0,0,D,D,0,No Deposit,240.0,0,Transient,56.0,0,2
Resort Hotel,0,106,2015,October,42,14,2,6,2,0.0,0,BB,GBR,Online TA,TA/TO,0,0,0,A,A,0,No Deposit,242.0,0,Transient,64.5,0,1
Resort Hotel,0,7,2015,October,42,15,0,0,2,0.0,0,BB,GBR,Groups,Corporate,0,0,0,A,I,3,No Deposit,,0,Transient-Party,0.0,0,0
Resort Hotel,0,150,2015,October,42,15,2,4,2,0.0,0,BB,GBR,Offline TA/TO,TA/TO,0,0,0,A,A,0,No Deposit,8.0,0,Contract,33.3,0,0
Resort Hotel,0,153,2015,October,42,16,0,0,2,0.0,0,BB,PRT,Online TA,TA/TO,0,0,0,D,D,1,No Deposit,240.0,0,Transient-Party,0.0,0,3
Resort Hotel,0,153,2015,October,42,16,0,0,2,0.0,0,BB,PRT,Online TA,TA/TO,0,0,0,D,D,1,No Deposit,240.0,0,Transient-Party,0.0,0,3
Resort Hotel,0,153,2015,October,42,16,0,0,2,0.0,0,BB,PRT,Online TA,TA/TO,0,0,0,D,D,2,No Deposit,240.0,0,Transient-Party,0.0,0,3
Resort Hotel,0,0,2015,October,42,16,0,1,2,0.0,0,BB,DEU,Direct,Direct,0,0,0,A,A,1,No Deposit,,0,Transient,73.0,1,0
Resort Hotel,0,8,2015,October,42,16,0,1,2,0.0,0,BB,PRT,Groups,Corporate,0,0,0,A,A,2,No Deposit,,0,Transient-Party,44.5,0,0
Resort Hotel,0,8,2015,October,42,16,0,2,2,0.0,0,BB,GBR,Groups,Corporate,0,0,0,A,A,1,No Deposit,,0,Transient-Party,44.5,0,1
Resort Hotel,0,130,2015,October,42,16,0,2,2,0.0,0,BB,USA,Online TA,TA/TO,0,0,0,F,E,0,No Deposit,241.0,0,Transient,98.4,1,0
Resort Hotel,0,88,2015,October,42,16,1,2,2,0.0,0,BB,GBR,Online TA,TA/TO,0,0,0,A,A,0,No Deposit,240.0,0,Transient,75.0,0,2
Resort Hotel,0,0,2015,October,42,16,2,2,2,0.0,0,BB,PRT,Online TA,TA/TO,0,0,0,A,A,0,No Deposit,240.0,0,Transient,57.83,1,0
Resort Hotel,0,25,2015,October,42,16,2,5,2,0.0,0,BB,GBR,Offline TA/TO,TA/TO,0,0,0,E,F,0,No Deposit,314.0,0,Transient,68.57,0,0
Resort Hotel,0,2,2015,October,42,17,0,1,2,0.0,0,BB,PRT,Direct,Direct,0,0,0,A,A,1,No Deposit,,0,Transient,67.0,0,0
Resort Hotel,1,9,2015,October,42,17,1,1,2,0.0,0,BB,PRT,Online TA,TA/TO,0,0,0,E,E,0,No Deposit,240.0,0,Transient,81.5,0,1
Resort Hotel,0,136,2015,October,42,17,2,5,2,0.0,0,BB,GBR,Online TA,TA/TO,0,0,0,A,A,0,No Deposit,240.0,0,Transient,54.77,0,0
Resort Hotel,0,95,2015,October,42,17,2,6,2,0.0,0,BB,PRT,Online TA,TA/TO,0,0,0,A,A,0,No Deposit,240.0,0,Transient,45.56,0,2
Resort Hotel,1,50,2015,October,43,18,1,0,2,0.0,0,BB,ESP,Direct,Direct,0,0,0,E,E,0,No Deposit,,0,Transient,59.4,0,1
Resort Hotel,0,9,2015,October,43,18,2,2,2,0.0,0,HB,GBR,Direct,Direct,0,0,0,F,F,1,No Deposit,250.0,0,Transient,108.0,0,1
Resort Hotel,1,37,2015,October,43,18,2,3,2,0.0,0,BB,PRT,Online TA,TA/TO,0,0,0,D,D,1,No Deposit,240.0,0,Transient,56.0,0,3
Resort Hotel,1,37,2015,October,43,18,2,3,2,0.0,0,BB,PRT,Online TA,TA/TO,0,0,0,D,D,0,No Deposit,240.0,0,Transient,56.0,0,3
Resort Hotel,1,73,2015,October,43,18,2,3,2,0.0,0,BB,PRT,Online TA,TA/TO,0,0,0,E,E,0,No Deposit,240.0,0,Transient,65.0,0,3
Resort Hotel,0,17,2015,October,43,18,2,5,2,0.0,0,BB,GBR,Offline TA/TO,TA/TO,0,0,0,A,D,0,No Deposit,243.0,0,Transient,42.5,0,0
Resort Hotel,1,92,2015,October,43,18,2,5,2,0.0,0,HB,PRT,Offline TA/TO,TA/TO,0,0,0,A,A,0,No Deposit,142.0,0,Contract,86.5,0,0
Resort Hotel,0,41,2015,October,43,18,2,5,2,0.0,0,BB,GBR,Offline TA/TO,TA/TO,0,0,0,A,E,0,No Deposit,243.0,0,Contract,43.93,0,0
Resort Hotel,1,72,2015,October,43,18,2,5,2,0.0,0,BB,PRT,Online TA,TA/TO,0,0,0,A,A,0,No Deposit,240.0,0,Transient,45.0,0,2
Resort Hotel,1,82,2015,October,43,18,2,5,2,0.0,0,BB,PRT,Online TA,TA/TO,0,0,0,D,D,1,No Deposit,240.0,0,Transient,55.14,0,2
Resort Hotel,0,86,2015,October,43,18,2,5,2,0.0,0,BB,GBR,Offline TA/TO,TA/TO,0,0,0,A,A,0,No Deposit,243.0,0,Transient,38.25,0,0
Resort Hotel,0,68,2015,October,43,18,4,6,2,0.0,0,BB,IRL,Online TA,TA/TO,0,0,0,D,D,0,No Deposit,240.0,0,Transient,55.0,0,2
Resort Hotel,0,80,2015,October,43,18,4,5,2,0.0,0,BB,IRL,Online TA,TA/TO,0,0,0,A,G,0,No Deposit,147.0,0,Transient,81.34,0,0
Resort Hotel,1,119,2015,October,43,19,1,0,2,0.0,0,BB,PRT,Online TA,TA/TO,0,0,0,A,A,0,No Deposit,240.0,0,Transient,40.5,0,1
Resort Hotel,1,119,2015,October,43,19,1,0,2,0.0,0,BB,PRT,Online TA,TA/TO,0,0,0,A,A,0,No Deposit,240.0,0,Transient,40.5,0,1
Resort Hotel,0,0,2015,October,43,19,1,1,2,0.0,0,BB,ESP,Online TA,TA/TO,0,0,0,A,D,0,No Deposit,240.0,0,Transient,56.0,1,1
Resort Hotel,0,7,2015,October,43,19,1,1,2,0.0,0,BB,PRT,Offline TA/TO,TA/TO,0,0,0,A,D,0,No Deposit,8.0,0,Transient-Party,37.0,0,0
Resort Hotel,0,7,2015,October,43,19,1,1,2,0.0,0,BB,PRT,Offline TA/TO,TA/TO,0,0,0,A,D,0,No Deposit,8.0,0,Transient-Party,37.0,0,0
Resort Hotel,0,0,2015,October,43,19,1,0,2,0.0,0,BB,PRT,Direct,Direct,0,0,0,A,F,0,No Deposit,,0,Transient,68.4,0,0
Resort Hotel,0,10,2015,October,43,19,1,2,2,0.0,0,HB,ESP,Online TA,TA/TO,0,0,0,A,D,1,No Deposit,240.0,0,Transient,86.0,0,1
Resort Hotel,0,34,2015,October,43,19,1,2,2,0.0,0,BB,ESP,Online TA,TA/TO,0,0,0,D,D,0,No Deposit,240.0,0,Transient,62.0,1,1
Resort Hotel,0,10,2015,October,43,19,1,2,2,0.0,0,HB,ESP,Online TA,TA/TO,0,0,0,A,D,0,No Deposit,240.0,0,Transient,92.0,1,1
Resort Hotel,0,73,2015,October,43,19,1,3,2,0.0,0,BB,GBR,Online TA,TA/TO,0,0,0,D,D,0,No Deposit,241.0,0,Transient,40.23,0,1
Resort Hotel,0,47,2015,October,43,19,1,4,2,0.0,0,HB,ESP,Groups,Direct,0,0,0,A,A,0,No Deposit,,47,Transient-Party,76.8,0,0
Resort Hotel,0,47,2015,October,43,19,1,4,2,0.0,0,HB,ESP,Groups,Direct,0,0,0,A,A,0,No Deposit,,47,Transient-Party,76.8,0,0
Resort Hotel,0,47,2015,October,43,19,1,4,2,0.0,0,HB,ESP,Groups,Direct,0,0,0,A,A,0,No Deposit,,47,Transient-Party,76.8,0,0
Resort Hotel,0,47,2015,October,43,19,1,4,2,0.0,0,HB,ESP,Groups,Direct,0,0,0,A,A,0,No Deposit,,47,Transient-Party,76.8,0,0
Resort Hotel,0,47,2015,October,43,19,1,4,2,0.0,0,HB,ESP,Groups,Direct,0,0,0,A,A,0,No Deposit,,47,Transient-Party,76.8,0,0
Resort Hotel,0,47,2015,October,43,19,1,4,2,0.0,0,HB,ESP,Groups,Direct,0,0,0,A,A,0,No Deposit,,47,Transient-Party,76.8,0,0
Resort Hotel,0,47,2015,October,43,19,1,4,2,0.0,0,HB,ESP,Groups,Direct,0,0,0,A,A,0,No Deposit,,47,Transient-Party,76.8,0,0
Resort Hotel,0,47,2015,October,43,19,1,4,2,0.0,0,HB,ESP,Groups,Direct,0,0,0,A,A,0,No Deposit,,47,Transient-Party,76.8,0,0
Resort Hotel,1,33,2015,October,43,19,1,4,2,0.0,0,BB,PRT,Online TA,TA/TO,0,0,0,D,D,0,No Deposit,240.0,0,Transient,56.0,0,2
Resort Hotel,0,47,2015,October,43,19,1,4,2,0.0,0,HB,ESP,Groups,Direct,0,0,0,A,A,0,No Deposit,,47,Transient-Party,76.8,0,0
Resort Hotel,0,47,2015,October,43,19,1,4,2,0.0,0,HB,ESP,Groups,Direct,0,0,0,A,A,0,No Deposit,,47,Transient-Party,76.8,0,0
Resort Hotel,0,47,2015,October,43,19,1,4,2,0.0,0,HB,ESP,Groups,Direct,0,0,0,A,A,0,No Deposit,,47,Transient-Party,76.8,0,0
Resort Hotel,0,47,2015,October,43,19,1,4,2,0.0,0,HB,ESP,Groups,Direct,0,0,0,A,A,0,No Deposit,,47,Transient-Party,76.8,0,0
Resort Hotel,0,47,2015,October,43,19,1,4,2,0.0,0,HB,ESP,Groups,Direct,0,0,0,A,A,0,No Deposit,,47,Transient-Party,76.8,0,0
Resort Hotel,0,47,2015,October,43,19,1,4,2,0.0,0,HB,ESP,Groups,Direct,0,0,0,A,A,0,No Deposit,,47,Transient-Party,76.8,0,0
Resort Hotel,0,47,2015,October,43,19,1,4,2,0.0,0,HB,ESP,Groups,Direct,0,0,0,A,A,0,No Deposit,,47,Transient-Party,76.8,0,0
Resort Hotel,0,47,2015,October,43,19,1,4,2,0.0,0,HB,ESP,Groups,Direct,0,0,0,A,A,0,No Deposit,,47,Transient-Party,76.8,0,0
Resort Hotel,0,47,2015,October,43,19,1,4,2,0.0,0,HB,ESP,Groups,Direct,0,0,0,A,A,0,No Deposit,,47,Transient-Party,76.8,0,0
Resort Hotel,0,124,2015,October,43,19,1,4,2,0.0,0,BB,IRL,Online TA,TA/TO,0,0,0,D,D,0,No Deposit,240.0,0,Transient,57.0,0,0
Resort Hotel,0,47,2015,October,43,19,1,4,2,0.0,0,HB,ESP,Groups,Direct,0,0,0,A,A,0,No Deposit,,47,Transient-Party,76.8,0,0
Resort Hotel,0,47,2015,October,43,19,1,4,2,0.0,0,HB,ESP,Groups,Direct,0,0,0,A,A,0,No Deposit,,47,Transient-Party,76.8,0,0
Resort Hotel,0,47,2015,October,43,19,1,4,2,0.0,0,HB,PRT,Groups,Direct,0,0,0,A,A,0,No Deposit,,47,Transient-Party,76.8,0,0
Resort Hotel,0,47,2015,October,43,19,1,4,2,0.0,0,HB,ESP,Groups,Direct,0,0,0,A,A,0,No Deposit,,47,Transient-Party,76.8,0,0
Resort Hotel,0,86,2015,October,43,19,2,5,2,0.0,0,HB,GBR,Offline TA/TO,TA/TO,0,0,0,E,E,0,No Deposit,40.0,0,Contract,79.63,0,0
Resort Hotel,0,69,2015,October,43,19,2,5,2,0.0,0,BB,GBR,Offline TA/TO,TA/TO,0,0,0,A,A,0,No Deposit,40.0,0,Contract,37.56,0,0
Resort Hotel,0,75,2015,October,43,19,3,5,2,0.0,0,BB,ESP,Online TA,TA/TO,0,0,0,A,A,0,No Deposit,147.0,0,Transient,36.9,0,1
Resort Hotel,0,118,2015,October,43,19,3,8,2,0.0,0,HB,GBR,Offline TA/TO,TA/TO,0,0,0,D,D,0,No Deposit,314.0,0,Transient,70.0,0,1
Resort Hotel,1,125,2015,October,43,19,3,8,2,0.0,0,BB,PRT,Offline TA/TO,TA/TO,0,0,0,A,A,0,No Deposit,142.0,0,Transient,62.0,0,0
Resort Hotel,0,60,2015,October,43,19,5,12,2,0.0,0,HB,GBR,Offline TA/TO,TA/TO,0,0,0,A,A,0,No Deposit,171.0,0,Transient,67.56,0,0
Resort Hotel,0,0,2015,October,43,20,0,1,2,0.0,0,BB,ESP,Direct,Direct,0,0,0,D,D,1,No Deposit,,0,Transient,56.0,1,0
Resort Hotel,0,0,2015,October,43,20,0,1,2,0.0,0,BB,ESP,Direct,Direct,0,0,0,D,D,0,No Deposit,,0,Transient,56.0,0,0
Resort Hotel,0,0,2015,October,43,20,0,1,2,0.0,0,BB,PRT,Direct,Direct,0,0,0,E,E,0,No Deposit,,0,Transient,66.0,0,0
Resort Hotel,0,99,2015,October,43,20,0,2,2,0.0,0,BB,FRA,Direct,Direct,0,0,0,F,F,1,No Deposit,250.0,0,Transient,75.0,0,1
Resort Hotel,0,108,2015,October,43,20,2,5,2,0.0,0,BB,GBR,Offline TA/TO,TA/TO,0,0,0,A,A,0,No Deposit,314.0,0,Contract,36.0,0,1
Resort Hotel,0,75,2015,October,43,20,2,7,2,0.0,0,BB,GBR,Offline TA/TO,TA/TO,0,0,0,E,E,0,No Deposit,40.0,0,Contract,54.4,0,0
Resort Hotel,1,19,2015,October,43,21,0,2,2,0.0,0,BB,PRT,Offline TA/TO,TA/TO,0,0,0,A,A,0,No Deposit,208.0,0,Transient-Party,8.0,0,0
Resort Hotel,1,28,2015,October,43,21,0,2,2,0.0,0,BB,PRT,Offline TA/TO,TA/TO,0,0,0,A,A,0,No Deposit,208.0,0,Transient-Party,0.0,0,0
Resort Hotel,1,28,2015,October,43,21,0,2,2,0.0,0,BB,PRT,Offline TA/TO,TA/TO,0,0,0,A,A,0,No Deposit,208.0,0,Transient-Party,0.0,0,0
Resort Hotel,0,19,2015,October,43,21,0,2,2,0.0,0,HB,FRA,Offline TA/TO,TA/TO,0,0,0,A,D,2,No Deposit,208.0,0,Transient-Party,70.0,0,0
Resort Hotel,0,28,2015,October,43,21,0,2,2,0.0,0,HB,FRA,Offline TA/TO,TA/TO,0,0,0,A,C,0,No Deposit,208.0,0,Transient-Party,70.0,0,0
Resort Hotel,0,83,2015,October,43,21,0,3,2,0.0,0,BB,PRT,Online TA,TA/TO,0,0,0,A,A,0,No Deposit,241.0,0,Transient,34.65,0,2
Resort Hotel,0,40,2015,October,43,21,0,3,2,0.0,0,BB,IND,Online TA,TA/TO,0,0,0,D,D,0,No Deposit,240.0,0,Transient,56.0,1,3
Resort Hotel,0,83,2015,October,43,21,0,3,2,0.0,0,BB,PRT,Online TA,TA/TO,0,0,0,A,A,0,No Deposit,241.0,0,Transient,41.98,1,2
Resort Hotel,0,54,2015,October,43,21,0,4,2,0.0,0,BB,GBR,Offline TA/TO,TA/TO,0,0,0,A,A,0,No Deposit,177.0,0,Transient,40.05,0,0
Resort Hotel,0,86,2015,October,43,21,0,4,2,0.0,0,BB,ESP,Online TA,TA/TO,0,0,0,D,D,0,No Deposit,240.0,0,Transient,61.0,1,2
Resort Hotel,1,145,2015,October,43,21,1,4,2,0.0,0,BB,PRT,Online TA,TA/TO,0,0,0,D,D,0,No Deposit,240.0,0,Transient,66.0,0,0
Resort Hotel,1,107,2015,October,43,21,2,5,2,0.0,0,BB,PRT,Online TA,TA/TO,0,0,0,D,D,0,No Deposit,240.0,0,Transient,55.0,0,1
Resort Hotel,0,34,2015,October,43,21,2,5,2,0.0,0,BB,LUX,Direct,Direct,0,0,0,E,E,0,No Deposit,250.0,0,Transient,59.4,0,0
Resort Hotel,0,48,2015,October,43,21,2,5,2,0.0,0,HB,FRA,Online TA,TA/TO,0,0,0,A,D,1,No Deposit,240.0,0,Transient,86.0,0,3
Resort Hotel,0,92,2015,October,43,21,2,5,2,0.0,0,BB,GBR,Online TA,TA/TO,0,0,0,D,E,0,No Deposit,240.0,0,Transient,66.43,0,1
Resort Hotel,0,21,2015,October,43,21,2,5,2,0.0,0,HB,GBR,Online TA,TA/TO,0,0,0,E,E,1,No Deposit,240.0,0,Transient,112.29,0,1
Resort Hotel,1,107,2015,October,43,21,2,5,2,0.0,0,BB,PRT,Online TA,TA/TO,0,0,0,D,D,0,No Deposit,240.0,0,Transient,55.0,0,1
Resort Hotel,0,21,2015,October,43,21,2,5,2,0.0,0,BB,FRA,Online TA,TA/TO,0,0,0,A,A,0,No Deposit,240.0,0,Transient,70.0,1,2
Resort Hotel,1,30,2015,October,43,21,0,4,2,0.0,0,BB,PRT,Online TA,TA/TO,0,0,0,D,D,0,No Deposit,242.0,0,Transient,59.4,0,0
Resort Hotel,0,92,2015,October,43,22,1,3,2,0.0,0,BB,CYM,Online TA,TA/TO,0,0,0,A,E,0,No Deposit,240.0,0,Transient-Party,40.5,0,2
Resort Hotel,0,24,2015,October,43,22,1,3,2,0.0,0,BB,GBR,Online TA,TA/TO,0,0,0,E,F,0,No Deposit,241.0,0,Transient,61.6,0,2
Resort Hotel,0,36,2015,October,43,22,1,3,2,0.0,0,BB,GBR,Offline TA/TO,TA/TO,0,0,0,A,C,0,No Deposit,2.0,0,Contract,42.5,0,0
Resort Hotel,0,24,2015,October,43,22,2,3,2,0.0,0,BB,BEL,Online TA,TA/TO,0,0,0,E,E,1,No Deposit,240.0,0,Transient-Party,82.0,1,2
Resort Hotel,0,47,2015,October,43,22,2,5,2,0.0,0,HB,GBR,Offline TA/TO,TA/TO,0,0,0,F,F,0,No Deposit,177.0,0,Transient,81.0,0,0
Resort Hotel,0,21,2015,October,43,22,2,5,2,0.0,0,BB,GBR,Offline TA/TO,TA/TO,0,0,0,D,D,0,No Deposit,243.0,0,Transient-Party,60.0,1,2
Resort Hotel,0,21,2015,October,43,22,2,5,2,0.0,0,BB,GBR,Offline TA/TO,TA/TO,0,0,0,A,C,0,No Deposit,243.0,0,Transient,43.93,0,0
Resort Hotel,0,0,2015,October,43,22,2,5,2,0.0,0,BB,GBR,Offline TA/TO,TA/TO,0,0,0,A,D,0,No Deposit,243.0,0,Transient,42.5,0,1
Resort Hotel,1,3,2015,October,43,22,2,5,2,0.0,0,BB,PRT,Direct,Direct,0,0,0,A,H,0,No Deposit,250.0,0,Transient,36.0,0,0
Resort Hotel,0,133,2015,October,43,22,2,5,2,0.0,0,BB,GBR,Offline TA/TO,TA/TO,0,0,0,D,D,0,No Deposit,243.0,0,Transient,60.0,1,1
Resort Hotel,0,122,2015,October,43,22,1,3,2,0.0,0,BB,ESP,Online TA,TA/TO,0,0,0,D,E,0,No Deposit,240.0,0,Transient,55.0,2,2
Resort Hotel,1,64,2015,October,43,22,1,3,2,0.0,0,BB,PRT,Online TA,TA/TO,0,0,0,A,A,0,No Deposit,240.0,0,Transient,50.4,0,2
Resort Hotel,0,120,2015,October,43,22,1,3,2,0.0,0,BB,GBR,Online TA,TA/TO,0,0,0,A,E,0,No Deposit,240.0,0,Transient,40.5,0,0
Resort Hotel,0,122,2015,October,43,22,1,3,2,0.0,0,BB,ESP,Online TA,TA/TO,0,0,0,D,E,0,No Deposit,240.0,0,Transient,55.0,0,2
Resort Hotel,0,122,2015,October,43,22,1,3,2,0.0,0,BB,ESP,Online TA,TA/TO,0,0,0,D,E,0,No Deposit,240.0,0,Transient,55.0,0,2
Resort Hotel,0,122,2015,October,43,22,1,3,2,0.0,0,BB,ESP,Online TA,TA/TO,0,0,0,D,E,0,No Deposit,240.0,0,Transient,55.0,0,2
Resort Hotel,0,19,2015,October,43,22,1,3,2,0.0,0,BB,FRA,Online TA,TA/TO,0,0,0,E,E,0,No Deposit,240.0,0,Transient,81.5,0,1
Resort Hotel,0,21,2015,October,43,22,2,5,2,0.0,0,BB,GBR,Offline TA/TO,TA/TO,0,0,0,A,A,0,No Deposit,243.0,0,Transient-Party,42.5,0,2
Resort Hotel,0,21,2015,October,43,22,2,5,2,0.0,0,BB,GBR,Offline TA/TO,TA/TO,0,0,0,D,D,0,No Deposit,243.0,0,Transient,55.43,0,0
Resort Hotel,0,52,2015,October,43,22,2,5,2,0.0,0,HB,GBR,Offline TA/TO,TA/TO,0,0,0,A,A,1,No Deposit,26.0,0,Contract,70.31,0,0
Resort Hotel,0,24,2015,October,43,22,0,3,2,0.0,0,BB,BEL,Online TA,TA/TO,0,0,0,E,E,0,No Deposit,240.0,0,Transient-Party,76.0,0,2
Resort Hotel,0,24,2015,October,43,22,0,3,2,0.0,0,BB,BEL,Online TA,TA/TO,0,0,0,E,E,0,No Deposit,240.0,0,Transient-Party,76.0,0,2
Resort Hotel,0,24,2015,October,43,22,0,3,2,0.0,0,BB,BEL,Online TA,TA/TO,0,0,0,E,E,0,No Deposit,240.0,0,Transient-Party,76.0,0,2
Resort Hotel,1,29,2015,October,43,22,0,3,2,0.0,0,BB,PRT,Direct,Direct,0,0,0,D,D,1,No Deposit,,0,Transient,56.0,0,0
Resort Hotel,0,24,2015,October,43,22,0,3,2,0.0,0,BB,BEL,Online TA,TA/TO,0,0,0,E,G,0,No Deposit,240.0,0,Transient-Party,82.0,1,2
Resort Hotel,0,29,2015,October,43,22,1,3,2,0.0,0,BB,PRT,Direct,Direct,0,0,0,D,D,2,No Deposit,,0,Transient-Party,56.0,0,0
Resort Hotel,0,4,2015,October,43,23,0,1,2,0.0,0,BB,PRT,Online TA,TA/TO,0,0,0,D,D,0,No Deposit,240.0,0,Transient,77.0,0,1
Resort Hotel,0,10,2015,October,43,23,0,1,2,0.0,0,BB,ESP,Online TA,TA/TO,0,0,0,A,D,0,No Deposit,240.0,0,Transient,50.4,0,2
Resort Hotel,0,0,2015,October,43,23,0,1,2,0.0,0,BB,PRT,Direct,Direct,0,0,0,D,D,0,No Deposit,,0,Transient,73.0,1,1
Resort Hotel,0,1,2015,October,43,23,0,2,2,0.0,0,BB,PRT,Online TA,TA/TO,0,0,0,D,D,0,No Deposit,240.0,0,Transient,72.0,1,1
Resort Hotel,0,30,2015,October,43,23,0,2,2,0.0,0,BB,PRT,Direct,Direct,0,0,0,D,D,2,No Deposit,,0,Transient-Party,56.0,0,0
Resort Hotel,0,29,2015,October,43,23,0,2,2,0.0,0,BB,PRT,Direct,Direct,0,0,0,A,D,0,No Deposit,,0,Transient-Party,56.0,0,2
Resort Hotel,0,29,2015,October,43,23,0,2,2,0.0,0,BB,ESP,Direct,Direct,0,0,0,A,D,0,No Deposit,,0,Transient-Party,56.0,0,2
Resort Hotel,0,0,2015,October,43,23,0,2,2,0.0,0,BB,PRT,Direct,Direct,0,0,0,A,A,1,No Deposit,,0,Transient,64.0,1,0
Resort Hotel,0,3,2015,October,43,23,0,2,2,0.0,0,BB,PRT,Online TA,TA/TO,0,0,0,D,D,0,No Deposit,240.0,0,Transient,66.0,0,1
Resort Hotel,0,29,2015,October,43,23,0,2,2,0.0,0,BB,PRT,Direct,Direct,0,0,0,A,D,2,No Deposit,,0,Transient-Party,56.0,0,1
Resort Hotel,0,0,2015,October,43,23,1,2,2,0.0,0,BB,PRT,Direct,Direct,0,0,0,D,D,0,No Deposit,,0,Transient,70.0,1,0
Resort Hotel,0,93,2015,October,43,23,2,2,2,0.0,0,BB,GBR,Online TA,TA/TO,0,0,0,A,A,0,No Deposit,241.0,0,Transient,34.65,0,1
Resort Hotel,0,39,2015,October,43,23,2,2,2,0.0,0,BB,IRL,Online TA,TA/TO,0,0,0,D,D,0,No Deposit,240.0,0,Transient,58.0,0,0
Resort Hotel,0,93,2015,October,43,23,2,2,2,0.0,0,BB,GBR,Online TA,TA/TO,0,0,0,A,D,0,No Deposit,241.0,0,Transient,34.65,0,1
Resort Hotel,0,119,2015,October,43,23,2,3,2,0.0,0,BB,GBR,Offline TA/TO,TA/TO,0,0,0,A,C,0,No Deposit,2.0,0,Contract,44.5,0,1
Resort Hotel,0,119,2015,October,43,23,2,3,2,0.0,0,BB,GBR,Offline TA/TO,TA/TO,0,0,0,A,C,0,No Deposit,2.0,0,Contract,44.5,0,1
Resort Hotel,0,73,2015,October,43,23,2,4,2,0.0,0,BB,IRL,Online TA,TA/TO,0,0,0,A,A,0,No Deposit,241.0,0,Transient,38.92,1,1
Resort Hotel,0,51,2015,October,43,23,2,5,2,0.0,0,HB,GBR,Direct,Direct,0,0,0,F,F,0,No Deposit,250.0,0,Transient,119.43,1,0
Resort Hotel,1,165,2015,October,43,23,2,5,2,0.0,0,BB,PRT,Online TA,TA/TO,0,0,0,A,A,0,No Deposit,240.0,0,Transient,56.0,0,1
Resort Hotel,0,27,2015,October,43,23,2,5,2,0.0,0,BB,ESP,Online TA,TA/TO,0,0,0,D,D,0,No Deposit,240.0,0,Transient,56.0,0,0
Resort Hotel,1,165,2015,October,43,23,2,5,2,0.0,0,BB,PRT,Online TA,TA/TO,0,0,0,A,A,0,No Deposit,240.0,0,Transient,56.0,0,2
Resort Hotel,1,52,2015,October,43,23,2,5,2,0.0,0,HB,PRT,Online TA,TA/TO,0,0,0,E,E,0,No Deposit,240.0,0,Transient,106.0,0,2
Resort Hotel,0,72,2015,October,43,23,4,7,2,0.0,0,BB,GBR,Offline TA/TO,TA/TO,0,0,0,E,E,0,No Deposit,5.0,0,Transient,52.51,0,0
Resort Hotel,0,13,2015,October,43,23,0,2,2,0.0,0,BB,PRT,Online TA,TA/TO,0,0,0,A,D,0,No Deposit,240.0,0,Transient,73.0,1,0
Resort Hotel,0,39,2015,October,43,23,0,2,2,0.0,0,HB,ESP,Direct,Direct,0,0,0,E,E,0,No Deposit,250.0,0,Transient,96.0,0,0
Resort Hotel,0,30,2015,October,43,23,1,2,2,0.0,0,BB,PRT,Direct,Direct,0,0,0,D,D,4,No Deposit,,0,Transient-Party,56.0,0,0
Resort Hotel,0,11,2015,October,43,23,0,2,2,0.0,0,BB,ESP,Online TA,TA/TO,0,0,0,A,D,0,No Deposit,240.0,0,Transient,66.3,1,1
Resort Hotel,1,111,2015,October,43,23,1,2,2,0.0,0,BB,PRT,Online TA,TA/TO,0,0,0,A,A,0,No Deposit,240.0,0,Transient,45.0,0,1
Resort Hotel,1,148,2015,October,43,24,0,1,2,0.0,0,BB,PRT,Groups,Direct,0,0,0,A,A,0,Non Refund,,0,Transient,47.0,0,0
Resort Hotel,1,148,2015,October,43,24,0,1,2,0.0,0,BB,PRT,Groups,Direct,0,0,0,A,A,0,Non Refund,,0,Transient,47.0,0,0
Resort Hotel,1,148,2015,October,43,24,0,1,2,0.0,0,BB,PRT,Groups,Direct,0,0,0,A,A,0,Non Refund,,0,Transient,47.0,0,0
Resort Hotel,1,148,2015,October,43,24,0,1,2,0.0,0,BB,PRT,Groups,Direct,0,0,0,A,A,0,Non Refund,,0,Transient,47.0,0,0
Resort Hotel,1,148,2015,October,43,24,0,1,2,0.0,0,BB,PRT,Groups,Direct,0,0,0,A,A,0,Non Refund,,0,Transient,47.0,0,0
Resort Hotel,1,148,2015,October,43,24,0,1,2,0.0,0,BB,PRT,Groups,Direct,0,0,0,A,A,0,Non Refund,,0,Transient,47.0,0,0
Resort Hotel,1,148,2015,October,43,24,0,1,2,0.0,0,BB,PRT,Groups,Direct,0,0,0,A,A,0,Non Refund,,0,Transient,47.0,0,0
Resort Hotel,1,148,2015,October,43,24,0,1,2,0.0,0,BB,PRT,Groups,Direct,0,0,0,A,A,0,Non Refund,,0,Transient,47.0,0,0
Resort Hotel,1,148,2015,October,43,24,0,1,2,0.0,0,BB,PRT,Groups,Direct,0,0,0,A,A,0,Non Refund,,0,Transient,47.0,0,0
Resort Hotel,1,53,2015,October,43,24,0,1,2,0.0,0,BB,PRT,Online TA,TA/TO,0,0,0,D,D,0,No Deposit,240.0,0,Transient,66.0,0,3
Resort Hotel,1,148,2015,October,43,24,0,1,2,0.0,0,BB,PRT,Groups,Direct,0,0,0,A,A,0,Non Refund,,0,Transient,47.0,0,0
Resort Hotel,1,148,2015,October,43,24,0,1,2,0.0,0,BB,PRT,Groups,Direct,0,0,0,A,A,0,Non Refund,,0,Transient,47.0,0,0
Resort Hotel,1,148,2015,October,43,24,0,1,2,0.0,0,BB,PRT,Groups,Direct,0,0,0,A,A,0,Non Refund,,0,Transient,47.0,0,0
Resort Hotel,1,53,2015,October,43,24,0,1,2,0.0,0,BB,PRT,Online TA,TA/TO,0,0,0,D,D,0,No Deposit,240.0,0,Transient,66.0,0,3
Resort Hotel,1,148,2015,October,43,24,0,1,2,0.0,0,BB,PRT,Groups,Direct,0,0,0,A,A,0,Non Refund,,0,Transient,47.0,0,0
Resort Hotel,1,148,2015,October,43,24,0,1,2,0.0,0,BB,PRT,Groups,Direct,0,0,0,A,A,0,Non Refund,,0,Transient,47.0,0,0
Resort Hotel,1,148,2015,October,43,24,0,1,2,0.0,0,BB,PRT,Groups,Direct,0,0,0,A,A,0,Non Refund,,0,Transient,47.0,0,0
Resort Hotel,1,148,2015,October,43,24,0,1,2,0.0,0,BB,PRT,Groups,Direct,0,0,0,A,A,0,Non Refund,,0,Transient,47.0,0,0
Resort Hotel,1,148,2015,October,43,24,0,1,2,0.0,0,BB,PRT,Groups,Direct,0,0,0,A,A,0,Non Refund,,0,Transient,47.0,0,0
Resort Hotel,1,148,2015,October,43,24,0,1,2,0.0,0,BB,PRT,Groups,Direct,0,0,0,A,A,0,Non Refund,,0,Transient,47.0,0,0
Resort Hotel,1,99,2015,October,43,24,1,1,2,0.0,0,BB,PRT,Online TA,TA/TO,0,0,0,E,E,0,No Deposit,240.0,0,Transient,65.0,0,2
Resort Hotel,0,3,2015,October,43,24,1,1,2,0.0,0,BB,GBR,Online TA,TA/TO,0,0,0,E,E,0,No Deposit,240.0,0,Transient,76.0,0,1
Resort Hotel,1,4,2015,October,43,24,2,1,2,0.0,0,BB,PRT,Direct,Direct,0,0,0,D,D,0,No Deposit,,0,Transient,45.0,0,0
Resort Hotel,0,9,2015,October,43,24,2,1,2,0.0,0,BB,PRT,Online TA,TA/TO,0,0,0,D,D,0,No Deposit,240.0,0,Transient,66.0,0,1
Resort Hotel,1,9,2015,October,43,24,2,1,2,0.0,0,BB,PRT,Offline TA/TO,TA/TO,0,0,0,D,D,0,No Deposit,171.0,0,Transient,54.0,0,0
Resort Hotel,1,4,2015,October,43,24,2,1,2,0.0,0,BB,PRT,Direct,Direct,0,0,0,A,A,0,No Deposit,,0,Transient,45.0,0,0
Resort Hotel,0,50,2015,October,43,24,2,2,2,0.0,0,BB,GBR,Offline TA/TO,TA/TO,0,0,0,A,A,0,No Deposit,177.0,0,Transient,42.05,0,0
Resort Hotel,0,5,2015,October,43,24,2,2,2,0.0,0,BB,GBR,Offline TA/TO,TA/TO,0,0,0,A,A,0,No Deposit,314.0,0,Transient,47.0,0,0
Resort Hotel,0,98,2015,October,43,24,2,3,2,0.0,0,BB,IRL,Offline TA/TO,TA/TO,0,0,0,E,E,0,No Deposit,175.0,0,Transient,52.0,0,0
Resort Hotel,1,110,2015,October,43,24,1,1,2,0.0,0,BB,PRT,Online TA,TA/TO,0,0,0,E,E,0,No Deposit,240.0,0,Transient,65.0,0,1
Resort Hotel,1,40,2015,October,43,24,2,5,2,0.0,0,BB,PRT,Online TA,TA/TO,0,0,0,E,E,0,No Deposit,240.0,0,Transient,76.0,0,2
Resort Hotel,1,40,2015,October,43,24,2,5,2,0.0,0,BB,PRT,Online TA,TA/TO,0,0,0,E,E,0,No Deposit,240.0,0,Transient,76.0,0,2
Resort Hotel,0,50,2015,October,43,24,2,5,2,0.0,0,BB,GBR,Offline TA/TO,TA/TO,0,0,0,A,A,0,No Deposit,143.0,0,Contract,42.5,0,1
Resort Hotel,0,120,2015,October,43,24,4,6,2,0.0,0,BB,IRL,Offline TA/TO,TA/TO,0,0,0,A,A,0,No Deposit,175.0,0,Transient,34.56,0,0
Resort Hotel,0,9,2015,October,43,24,4,7,2,0.0,0,BB,CHE,Online TA,TA/TO,0,0,0,D,D,0,No Deposit,240.0,0,Transient,63.82,0,2
Resort Hotel,0,28,2015,October,43,24,0,1,2,0.0,0,BB,PRT,Direct,Direct,0,0,0,E,F,0,No Deposit,250.0,0,Transient,66.0,1,0
Resort Hotel,1,148,2015,October,43,24,0,1,2,0.0,0,BB,PRT,Groups,Direct,0,0,0,A,A,0,Non Refund,,0,Transient,47.0,0,0
Resort Hotel,1,148,2015,October,43,24,0,1,2,0.0,0,BB,PRT,Groups,Direct,0,0,0,A,A,0,Non Refund,,0,Transient,47.0,0,0
Resort Hotel,0,1,2015,October,43,24,0,1,2,0.0,0,BB,PRT,Online TA,TA/TO,0,0,0,A,D,0,No Deposit,240.0,0,Transient,67.0,0,3
Resort Hotel,0,115,2015,October,44,25,2,4,2,0.0,0,BB,IRL,Offline TA/TO,TA/TO,0,0,0,A,A,0,No Deposit,8.0,0,Contract,36.0,0,2
Resort Hotel,0,68,2015,October,44,25,2,5,2,0.0,0,HB,GBR,Offline TA/TO,TA/TO,0,0,0,A,A,0,No Deposit,243.0,0,Contract,69.93,0,0
Resort Hotel,0,62,2015,October,44,25,2,5,2,0.0,0,BB,DEU,Online TA,TA/TO,0,0,0,A,A,1,No Deposit,240.0,0,Transient,47.0,0,2
Resort Hotel,0,35,2015,October,44,26,0,0,2,0.0,0,BB,PRT,Online TA,TA/TO,0,0,0,D,D,0,No Deposit,242.0,0,Transient,0.0,0,0
Resort Hotel,0,1,2015,October,44,26,1,0,2,0.0,0,BB,PRT,Online TA,TA/TO,0,0,0,A,A,0,No Deposit,240.0,0,Transient,54.0,1,0
Resort Hotel,1,51,2015,October,44,26,1,2,2,0.0,0,BB,PRT,Offline TA/TO,TA/TO,0,0,0,D,D,1,No Deposit,8.0,0,Contract,48.6,0,1
Resort Hotel,1,25,2015,October,44,26,1,2,2,0.0,0,BB,PRT,Offline TA/TO,TA/TO,0,0,0,D,D,0,No Deposit,8.0,0,Contract,48.6,0,1
Resort Hotel,0,60,2015,October,44,26,1,4,2,0.0,0,BB,IRL,Online TA,TA/TO,0,0,0,E,E,1,No Deposit,240.0,0,Transient,66.0,0,2
Resort Hotel,0,3,2015,October,44,27,0,1,2,0.0,0,BB,PRT,Online TA,TA/TO,0,0,0,A,A,0,No Deposit,240.0,0,Transient,43.2,0,1
Resort Hotel,0,0,2015,October,44,27,0,1,2,0.0,0,BB,NLD,Direct,Direct,0,0,0,E,E,1,No Deposit,,0,Transient,66.0,1,0
Resort Hotel,0,0,2015,October,44,27,0,1,2,0.0,0,BB,PRT,Online TA,TA/TO,0,0,0,A,A,0,No Deposit,240.0,0,Transient,48.0,1,1
Resort Hotel,1,0,2015,October,44,27,0,1,2,0.0,0,BB,PRT,Groups,Direct,0,0,0,A,A,0,No Deposit,,0,Transient,36.0,0,0
Resort Hotel,0,3,2015,October,44,27,0,2,2,0.0,0,BB,AUT,Online TA,TA/TO,0,0,0,A,A,0,No Deposit,240.0,0,Transient,49.2,1,1
Resort Hotel,0,10,2015,October,44,27,0,2,2,0.0,0,HB,ESP,Offline TA/TO,TA/TO,0,0,0,A,A,0,No Deposit,196.0,0,Transient-Party,72.5,0,2
Resort Hotel,0,0,2015,October,44,27,0,2,2,0.0,0,BB,AUS,Online TA,TA/TO,0,0,0,A,A,0,No Deposit,240.0,0,Transient,48.0,0,1
Resort Hotel,0,0,2015,October,44,27,0,2,2,0.0,0,BB,ESP,Online TA,TA/TO,0,0,0,A,A,0,No Deposit,240.0,0,Transient,58.0,0,2
Resort Hotel,0,10,2015,October,44,27,0,2,2,0.0,0,HB,ESP,Offline TA/TO,TA/TO,0,0,0,A,A,0,No Deposit,196.0,0,Transient-Party,72.5,0,2
Resort Hotel,0,34,2015,October,44,27,0,4,2,0.0,0,BB,IRL,Online TA,TA/TO,0,0,0,D,F,0,No Deposit,240.0,0,Transient,56.0,0,1
Resort Hotel,0,42,2015,October,44,27,0,4,2,0.0,0,BB,POL,Online TA,TA/TO,0,0,0,D,D,0,No Deposit,240.0,0,Transient,77.0,1,2
Resort Hotel,0,3,2015,October,44,27,2,5,2,0.0,0,HB,FIN,Online TA,TA/TO,0,0,0,A,A,1,No Deposit,240.0,0,Transient,70.2,0,3
Resort Hotel,0,0,2015,October,44,28,0,1,2,0.0,0,BB,PRT,Direct,Direct,0,0,0,D,D,0,No Deposit,,0,Transient,48.0,1,0
Resort Hotel,0,19,2015,October,44,28,0,1,2,0.0,0,HB,PRT,Online TA,TA/TO,0,0,0,A,A,2,No Deposit,240.0,0,Transient,77.4,0,0
Resort Hotel,0,1,2015,October,44,29,0,1,2,0.0,0,BB,PRT,Direct,Direct,0,0,0,A,D,0,No Deposit,,0,Transient,48.0,1,0
Resort Hotel,0,2,2015,October,44,29,0,2,2,0.0,0,BB,PRT,Online TA,TA/TO,0,0,0,A,D,1,No Deposit,240.0,0,Transient,41.1,1,1
Resort Hotel,0,3,2015,October,44,29,0,1,2,0.0,0,BB,PRT,Online TA,TA/TO,0,0,0,A,A,0,No Deposit,240.0,0,Transient,48.0,0,1
Resort Hotel,0,3,2015,October,44,29,0,3,2,0.0,0,BB,PRT,Online TA,TA/TO,0,0,0,A,A,1,No Deposit,240.0,0,Transient,48.0,0,2
Resort Hotel,0,2,2015,October,44,29,0,3,2,0.0,0,BB,PRT,Groups,Direct,0,0,0,A,E,1,No Deposit,,0,Transient,42.0,1,0
Resort Hotel,0,3,2015,October,44,29,0,3,2,0.0,0,BB,PRT,Online TA,TA/TO,0,0,0,A,A,2,No Deposit,240.0,0,Transient,48.0,0,2
Resort Hotel,0,153,2015,October,44,29,0,3,2,0.0,0,BB,PRT,Groups,Direct,0,0,0,A,A,0,No Deposit,,0,Transient,36.0,0,0
Resort Hotel,0,153,2015,October,44,29,1,3,2,0.0,0,BB,PRT,Groups,Direct,0,0,0,A,A,1,No Deposit,,0,Transient,36.0,0,0
Resort Hotel,1,63,2015,October,44,29,3,8,2,0.0,0,BB,PRT,Direct,Direct,0,0,0,E,E,0,No Deposit,250.0,0,Transient,56.02,0,0
Resort Hotel,0,153,2015,October,44,29,2,3,2,0.0,0,BB,PRT,Groups,Direct,0,0,0,A,A,0,No Deposit,,0,Transient-Party,36.0,0,0
Resort Hotel,0,2,2015,October,44,30,0,1,2,0.0,0,BB,ESP,Online TA,TA/TO,0,0,0,A,D,1,No Deposit,240.0,0,Transient,48.0,0,2
Resort Hotel,0,16,2015,October,44,30,0,1,2,0.0,0,BB,PRT,Direct,Direct,0,0,0,D,D,0,No Deposit,250.0,0,Transient,56.0,0,0
Resort Hotel,0,1,2015,October,44,30,0,2,2,0.0,0,BB,PRT,Direct,Direct,0,0,0,D,D,0,No Deposit,,0,Transient,48.0,0,0
Resort Hotel,0,154,2015,October,44,30,0,2,2,0.0,0,BB,PRT,Groups,Direct,0,0,0,A,A,0,No Deposit,,0,Transient,36.0,0,0
Resort Hotel,0,154,2015,October,44,30,0,2,2,0.0,0,BB,PRT,Groups,Direct,0,0,0,A,A,0,No Deposit,,0,Transient,36.0,0,0
Resort Hotel,0,25,2015,October,44,30,0,2,2,0.0,0,BB,USA,Online TA,TA/TO,0,0,0,A,A,0,No Deposit,240.0,0,Transient,56.0,0,0
Resort Hotel,0,3,2015,October,44,30,0,2,2,0.0,0,BB,PRT,Groups,Direct,0,0,0,A,D,0,No Deposit,,0,Transient,42.0,1,1
Resort Hotel,0,154,2015,October,44,30,0,2,2,0.0,0,BB,PRT,Groups,Direct,0,0,0,A,A,0,No Deposit,,0,Transient,42.0,1,0
Resort Hotel,0,6,2015,October,44,30,1,2,2,0.0,0,BB,ESP,Direct,Direct,0,0,0,A,A,0,No Deposit,,0,Transient,54.0,1,0
Resort Hotel,0,3,2015,October,44,30,0,2,2,0.0,0,BB,PRT,Groups,Direct,0,0,0,A,D,0,No Deposit,,0,Transient,36.0,0,1
Resort Hotel,0,3,2015,October,44,30,0,2,2,0.0,0,BB,PRT,Direct,Direct,0,0,0,F,F,0,No Deposit,,0,Transient,72.0,1,1
Resort Hotel,0,4,2015,October,44,30,1,2,2,0.0,0,BB,ESP,Online TA,TA/TO,0,0,0,A,A,0,No Deposit,240.0,0,Transient,48.0,0,1
Resort Hotel,0,11,2015,October,44,30,1,2,2,0.0,0,BB,ESP,Offline TA/TO,TA/TO,0,0,0,A,A,0,No Deposit,177.0,0,Transient-Party,41.45,0,1
Resort Hotel,0,11,2015,October,44,30,1,2,2,0.0,0,BB,ESP,Offline TA/TO,TA/TO,0,0,0,A,A,0,No Deposit,177.0,0,Transient-Party,47.45,1,1
Resort Hotel,0,154,2015,October,44,30,1,2,2,0.0,0,BB,PRT,Groups,Direct,0,0,0,A,A,0,No Deposit,,0,Transient,36.0,0,0
Resort Hotel,0,45,2015,October,44,30,1,2,2,0.0,0,BB,CN,Offline TA/TO,TA/TO,0,0,0,D,D,0,No Deposit,96.0,0,Transient,54.0,0,1
Resort Hotel,0,11,2015,October,44,30,1,2,2,0.0,0,BB,ESP,Offline TA/TO,TA/TO,0,0,0,A,A,0,No Deposit,,0,Transient,45.66,0,1
Resort Hotel,0,7,2015,October,44,30,2,2,2,0.0,0,BB,CPV,Direct,Direct,0,0,0,E,E,2,No Deposit,,0,Transient,36.0,0,0
Resort Hotel,0,85,2015,October,44,30,2,5,2,0.0,0,BB,BEL,Online TA,TA/TO,0,0,0,D,D,0,No Deposit,241.0,0,Transient,37.4,0,1
Resort Hotel,0,4,2015,October,44,30,2,6,2,0.0,0,BB,GBR,Online TA,TA/TO,0,0,0,E,E,0,No Deposit,241.0,0,Transient,49.74,0,0
Resort Hotel,0,12,2015,October,44,31,0,1,2,0.0,0,BB,PRT,Online TA,TA/TO,0,0,0,A,D,0,No Deposit,240.0,0,Transient,50.4,0,1
Resort Hotel,0,5,2015,October,44,31,0,1,2,0.0,0,BB,PRT,Groups,Direct,0,0,0,A,A,0,No Deposit,,0,Transient,36.0,0,0
Resort Hotel,1,155,2015,October,44,31,0,1,2,0.0,0,BB,PRT,Groups,Direct,0,0,0,A,A,0,Non Refund,,0,Transient,36.0,0,0
Resort Hotel,1,155,2015,October,44,31,0,1,2,0.0,0,BB,PRT,Groups,Direct,0,0,0,A,A,0,Non Refund,,0,Transient,36.0,0,0
Resort Hotel,0,155,2015,October,44,31,0,1,2,0.0,0,BB,CHE,Groups,Direct,0,0,0,A,A,0,No Deposit,,0,Transient,36.0,0,0
Resort Hotel,1,155,2015,October,44,31,0,1,2,0.0,0,BB,PRT,Groups,Direct,0,0,0,A,A,0,Non Refund,,0,Transient,36.0,0,0
Resort Hotel,0,155,2015,October,44,31,0,1,2,0.0,0,BB,PRT,Groups,Direct,0,0,0,A,A,0,No Deposit,,0,Transient,36.0,0,1
Resort Hotel,1,155,2015,October,44,31,0,1,2,0.0,0,BB,PRT,Groups,Direct,0,0,0,A,A,0,Non Refund,,0,Transient,36.0,0,0
Resort Hotel,1,155,2015,October,44,31,0,1,2,0.0,0,BB,PRT,Groups,Direct,0,0,0,A,A,0,No Deposit,,0,Transient,56.0,0,0
Resort Hotel,0,4,2015,October,44,31,0,1,2,0.0,0,BB,PRT,Offline TA/TO,TA/TO,0,0,0,A,A,0,No Deposit,330.0,0,Transient,44.5,0,0
Resort Hotel,0,0,2015,October,44,31,0,1,2,0.0,0,BB,ESP,Direct,Direct,0,0,0,D,D,0,No Deposit,,0,Transient,49.0,0,0
Resort Hotel,0,3,2015,October,44,31,0,1,2,0.0,0,BB,PRT,Groups,Direct,0,0,0,A,A,0,No Deposit,,0,Transient,36.0,1,0
Resort Hotel,0,8,2015,October,44,31,0,1,2,0.0,0,BB,PRT,Online TA,TA/TO,0,0,0,A,D,0,No Deposit,240.0,0,Transient,48.0,0,1
Resort Hotel,1,155,2015,October,44,31,0,1,2,0.0,0,BB,PRT,Groups,Direct,0,0,0,A,A,0,Non Refund,,0,Transient,36.0,0,0
Resort Hotel,1,155,2015,October,44,31,0,1,2,0.0,0,BB,PRT,Groups,Direct,0,0,0,A,A,0,Non Refund,,0,Transient,36.0,0,0
Resort Hotel,1,155,2015,October,44,31,0,1,2,0.0,0,BB,PRT,Groups,Direct,0,0,0,A,A,0,Non Refund,,0,Transient,36.0,0,0
Resort Hotel,1,155,2015,October,44,31,0,1,2,0.0,0,BB,PRT,Groups,Direct,0,0,0,A,A,0,Non Refund,,0,Transient-Party,36.0,0,0
Resort Hotel,0,155,2015,October,44,31,0,1,2,0.0,0,BB,PRT,Groups,Direct,0,0,0,A,A,0,No Deposit,,0,Transient,42.0,1,0
Resort Hotel,1,155,2015,October,44,31,0,1,2,0.0,0,BB,PRT,Groups,Direct,0,0,0,A,A,0,Non Refund,,0,Transient,36.0,0,0
Resort Hotel,1,155,2015,October,44,31,0,1,2,0.0,0,BB,PRT,Groups,Direct,0,0,0,A,A,0,Non Refund,,0,Transient,36.0,0,0
Resort Hotel,0,155,2015,October,44,31,0,1,2,0.0,0,BB,PRT,Groups,Direct,0,0,0,A,D,0,No Deposit,,0,Transient,36.0,1,0
Resort Hotel,0,155,2015,October,44,31,0,1,2,0.0,0,BB,PRT,Groups,Direct,0,0,0,A,A,0,No Deposit,,0,Transient,36.0,0,0
Resort Hotel,1,155,2015,October,44,31,0,1,2,0.0,0,BB,PRT,Groups,Direct,0,0,0,A,A,0,Non Refund,,0,Transient,36.0,0,0
Resort Hotel,1,155,2015,October,44,31,0,1,2,0.0,0,BB,PRT,Groups,Direct,0,0,0,A,A,0,Non Refund,,0,Transient,36.0,0,0
Resort Hotel,0,4,2015,October,44,31,0,1,2,0.0,0,BB,PRT,Offline TA/TO,TA/TO,0,0,0,A,A,0,No Deposit,330.0,0,Transient,44.5,0,0
Resort Hotel,1,3,2015,October,44,31,0,1,2,0.0,0,BB,PRT,Groups,Direct,0,0,0,A,A,0,No Deposit,,0,Transient,36.0,0,0
Resort Hotel,0,54,2015,October,44,31,0,1,2,0.0,0,BB,USA,Online TA,TA/TO,0,0,0,A,D,0,No Deposit,241.0,0,Transient,38.81,1,1
Resort Hotel,0,1,2015,October,44,31,0,1,2,0.0,0,BB,PRT,Offline TA/TO,TA/TO,0,0,0,A,A,0,No Deposit,175.0,0,Transient,39.2,0,0
Resort Hotel,0,0,2015,October,44,31,0,1,2,0.0,0,BB,PRT,Groups,Direct,0,0,0,A,A,0,No Deposit,,0,Transient,36.0,0,0
Resort Hotel,0,155,2015,October,44,31,0,1,2,0.0,0,BB,PRT,Groups,Direct,0,0,0,A,A,0,No Deposit,,0,Transient,36.0,0,0
Resort Hotel,0,155,2015,October,44,31,0,1,2,0.0,0,BB,PRT,Groups,Direct,0,0,0,A,A,0,No Deposit,,0,Transient,36.0,1,0
Resort Hotel,1,155,2015,October,44,31,0,1,2,0.0,0,BB,PRT,Groups,Direct,0,0,0,A,D,0,No Deposit,,0,Transient,36.0,0,0
Resort Hotel,0,0,2015,October,44,31,0,1,2,0.0,0,BB,PRT,Online TA,TA/TO,0,0,0,A,D,0,No Deposit,240.0,0,Transient,49.0,0,0
Resort Hotel,0,155,2015,October,44,31,0,1,2,0.0,0,BB,PRT,Groups,Direct,0,0,0,A,A,0,No Deposit,,0,Transient,36.0,1,1
Resort Hotel,0,155,2015,October,44,31,0,1,2,0.0,0,BB,PRT,Groups,Direct,0,0,0,A,E,0,No Deposit,,0,Transient,36.0,1,0
Resort Hotel,1,155,2015,October,44,31,0,1,2,0.0,0,BB,PRT,Groups,Direct,0,0,0,A,A,0,Non Refund,,0,Transient,36.0,0,0
Resort Hotel,1,155,2015,October,44,31,0,1,2,0.0,0,BB,PRT,Groups,Direct,0,0,0,A,A,0,Non Refund,,0,Transient,36.0,0,0
Resort Hotel,1,155,2015,October,44,31,0,1,2,0.0,0,BB,PRT,Groups,Direct,0,0,0,A,A,0,Non Refund,,0,Transient,36.0,0,0
Resort Hotel,1,155,2015,October,44,31,0,1,2,0.0,0,BB,PRT,Groups,Direct,0,0,0,A,A,0,Non Refund,,0,Transient,36.0,0,0
Resort Hotel,1,155,2015,October,44,31,0,1,2,0.0,0,BB,PRT,Groups,Direct,0,0,0,A,A,0,Non Refund,,0,Transient,36.0,0,0
Resort Hotel,1,1,2015,October,44,31,0,1,2,0.0,0,BB,PRT,Groups,Direct,0,0,0,A,A,0,No Deposit,,0,Transient,36.0,0,0
Resort Hotel,0,2,2015,October,44,31,0,1,2,0.0,0,HB,PRT,Direct,Direct,0,0,0,E,E,1,No Deposit,250.0,0,Transient,88.0,0,1
Resort Hotel,1,74,2015,October,44,31,1,1,2,0.0,0,BB,PRT,Online TA,TA/TO,0,0,0,A,A,0,No Deposit,240.0,0,Transient,46.0,0,2
Resort Hotel,1,11,2015,October,44,31,1,1,2,0.0,0,BB,PRT,Online TA,TA/TO,0,0,0,A,A,0,No Deposit,240.0,0,Transient,58.0,0,1
Resort Hotel,0,0,2015,October,44,31,1,1,2,0.0,0,BB,ESP,Direct,Direct,0,0,0,D,D,0,No Deposit,250.0,0,Transient,48.0,0,0
Resort Hotel,0,155,2015,October,44,31,1,1,2,0.0,0,BB,PRT,Groups,Direct,0,0,0,A,A,0,No Deposit,,0,Transient,36.0,0,1
Resort Hotel,0,0,2015,October,44,31,2,1,2,0.0,0,BB,FRA,Online TA,TA/TO,0,0,0,E,G,1,No Deposit,240.0,0,Transient,69.0,0,1
Resort Hotel,1,75,2015,October,44,31,2,2,2,0.0,0,HB,PRT,Online TA,TA/TO,0,0,0,A,A,1,No Deposit,240.0,0,Transient,71.0,0,2
Resort Hotel,1,128,2015,October,44,31,2,2,2,0.0,0,BB,PRT,Online TA,TA/TO,0,0,0,A,A,0,No Deposit,240.0,0,Transient,34.43,0,2
Resort Hotel,1,128,2015,October,44,31,2,2,2,0.0,0,BB,PRT,Online TA,TA/TO,0,0,0,A,A,0,No Deposit,240.0,0,Transient,34.43,0,2
Resort Hotel,1,51,2015,October,44,31,2,3,2,0.0,0,BB,PRT,Online TA,TA/TO,0,0,0,A,A,0,No Deposit,240.0,0,Transient,51.84,0,2
Resort Hotel,0,25,2015,October,44,31,2,4,2,0.0,0,BB,PRT,Online TA,TA/TO,0,0,0,A,D,0,No Deposit,240.0,0,Transient,46.65,1,1
Resort Hotel,1,81,2015,October,44,31,2,5,2,0.0,0,BB,PRT,Online TA,TA/TO,0,0,0,A,A,0,No Deposit,240.0,0,Transient,37.29,0,1
Resort Hotel,0,39,2015,October,44,31,2,5,2,0.0,0,BB,GBR,Offline TA/TO,TA/TO,0,0,0,A,A,0,No Deposit,36.0,0,Transient,47.6,0,0
Resort Hotel,1,58,2015,October,44,31,2,5,2,0.0,0,BB,PRT,Online TA,TA/TO,0,0,0,A,A,0,No Deposit,240.0,0,Transient,34.97,0,0
Resort Hotel,0,5,2015,October,44,31,2,5,2,0.0,0,BB,GBR,Offline TA/TO,TA/TO,0,0,0,E,E,0,No Deposit,156.0,0,Transient,46.76,0,2
Resort Hotel,1,1,2015,November,45,1,1,0,2,0.0,0,BB,PRT,Online TA,TA/TO,0,0,0,A,D,0,No Deposit,240.0,0,Transient,49.0,0,1
Resort Hotel,0,5,2015,November,45,1,1,0,2,0.0,0,HB,ESP,Offline TA/TO,TA/TO,0,0,0,A,A,0,No Deposit,196.0,0,Transient,55.0,0,0
Resort Hotel,0,1,2015,November,45,1,1,0,2,0.0,0,BB,ESP,Online TA,TA/TO,0,0,0,A,D,1,No Deposit,240.0,0,Transient,44.1,0,1
Resort Hotel,0,76,2015,November,45,1,2,3,2,0.0,0,HB,GBR,Offline TA/TO,TA/TO,0,0,0,D,D,0,No Deposit,156.0,0,Contract,55.04,0,0
Resort Hotel,1,171,2015,November,45,1,3,5,2,0.0,0,BB,PRT,Online TA,TA/TO,0,0,0,A,A,0,No Deposit,240.0,0,Transient,36.0,0,0
Resort Hotel,0,146,2015,November,45,1,4,5,2,0.0,0,BB,GBR,Offline TA/TO,TA/TO,0,0,0,F,F,0,No Deposit,36.0,0,Transient,56.16,0,0
Resort Hotel,0,83,2015,November,45,2,1,4,2,0.0,0,HB,GBR,Offline TA/TO,TA/TO,0,0,0,E,E,0,No Deposit,156.0,0,Transient,61.87,0,0
Resort Hotel,0,39,2015,November,45,2,1,4,2,0.0,0,BB,IRL,Offline TA/TO,TA/TO,0,0,0,A,A,0,No Deposit,156.0,0,Transient,24.8,0,1
Resort Hotel,0,24,2015,November,45,2,1,4,2,0.0,0,BB,ESP,Online TA,TA/TO,0,0,0,A,A,0,No Deposit,240.0,0,Transient,46.0,0,1
Resort Hotel,0,1,2015,November,45,2,1,2,2,0.0,0,BB,DEU,Direct,Direct,0,0,0,D,D,1,No Deposit,,0,Transient,48.0,0,2
Resort Hotel,0,0,2015,November,45,2,1,5,2,0.0,0,BB,GBR,Online TA,TA/TO,0,0,0,A,D,1,No Deposit,240.0,0,Transient,50.5,0,1
Resort Hotel,0,21,2015,November,45,2,2,5,2,0.0,0,BB,FIN,Online TA,TA/TO,0,0,0,E,E,0,No Deposit,240.0,0,Transient,69.43,0,0
Resort Hotel,0,36,2015,November,45,3,0,0,2,0.0,0,BB,PRT,Online TA,TA/TO,0,0,0,A,A,0,No Deposit,241.0,0,Transient,0.0,0,1
Resort Hotel,0,5,2015,November,45,3,0,1,2,0.0,0,BB,FRA,Corporate,Corporate,0,0,0,E,G,0,No Deposit,,0,Transient,58.0,0,0
Resort Hotel,0,7,2015,November,45,3,0,1,2,0.0,0,BB,PRT,Direct,Direct,0,0,0,D,D,0,No Deposit,,0,Transient,48.0,1,1
Resort Hotel,1,6,2015,November,45,3,0,3,2,0.0,0,BB,PRT,Online TA,TA/TO,0,0,0,A,D,1,No Deposit,240.0,0,Transient,43.2,0,2
Resort Hotel,0,24,2015,November,45,3,0,3,2,0.0,0,BB,ESP,Corporate,Corporate,0,0,0,A,A,1,No Deposit,334.0,0,Transient-Party,48.0,0,0
Resort Hotel,0,6,2015,November,45,3,0,3,2,0.0,0,BB,PRT,Online TA,TA/TO,0,0,0,A,D,1,No Deposit,240.0,0,Transient,43.2,0,2
Resort Hotel,0,26,2015,November,45,3,0,4,2,0.0,0,BB,PRT,Offline TA/TO,TA/TO,0,0,0,D,D,0,No Deposit,15.0,0,Transient,33.3,0,0
Resort Hotel,1,26,2015,November,45,3,0,4,2,0.0,0,BB,PRT,Offline TA/TO,TA/TO,0,0,0,A,A,0,No Deposit,177.0,0,Transient-Party,26.1,0,0
Resort Hotel,0,8,2015,November,45,3,0,2,2,0.0,0,BB,ESP,Online TA,TA/TO,0,0,0,A,A,0,No Deposit,240.0,0,Transient,43.2,1,1
Resort Hotel,0,24,2015,November,45,3,3,10,2,0.0,0,BB,ITA,Corporate,Corporate,0,0,0,A,A,2,No Deposit,326.0,0,Transient-Party,48.0,0,0
Resort Hotel,0,24,2015,November,45,3,3,10,2,0.0,0,BB,ITA,Corporate,Corporate,0,0,0,A,A,1,No Deposit,326.0,0,Transient,48.0,0,0
Resort Hotel,0,24,2015,November,45,3,3,10,2,0.0,0,BB,ESP,Corporate,Corporate,0,0,0,A,A,2,No Deposit,334.0,0,Transient-Party,48.0,0,0
Resort Hotel,0,24,2015,November,45,3,3,10,2,0.0,0,BB,ITA,Corporate,Corporate,0,0,0,A,A,1,No Deposit,326.0,0,Transient,48.0,0,0
Resort Hotel,0,2,2015,November,45,4,0,1,2,0.0,0,BB,PRT,Online TA,TA/TO,0,0,0,A,A,0,No Deposit,240.0,0,Transient,59.0,0,0
Resort Hotel,1,50,2015,November,45,4,1,4,2,0.0,0,BB,PRT,Offline TA/TO,TA/TO,0,0,0,A,A,0,No Deposit,156.0,0,Contract,24.79,0,0
Resort Hotel,1,25,2015,November,45,4,2,9,2,0.0,0,BB,PRT,Corporate,Corporate,0,0,0,A,A,1,No Deposit,,0,Transient-Party,48.0,0,0
Resort Hotel,0,28,2015,November,45,5,2,4,2,0.0,0,HB,ESP,Online TA,TA/TO,0,0,0,E,E,1,No Deposit,240.0,0,Transient,105.5,0,2
Resort Hotel,0,28,2015,November,45,5,2,4,2,0.0,0,HB,ESP,Online TA,TA/TO,0,0,0,E,E,1,No Deposit,240.0,0,Transient,111.5,1,2
Resort Hotel,0,65,2015,November,45,5,2,8,2,0.0,0,BB,GBR,Offline TA/TO,TA/TO,0,0,0,E,E,0,No Deposit,314.0,0,Contract,54.99,0,0
Resort Hotel,0,34,2015,November,45,5,2,8,2,0.0,0,BB,PRT,Corporate,Corporate,0,0,0,A,A,2,No Deposit,185.0,0,Transient-Party,43.2,0,0
Resort Hotel,0,15,2015,November,45,6,0,2,2,0.0,0,BB,ZWE,Offline TA/TO,TA/TO,0,0,0,A,D,0,No Deposit,115.0,0,Transient,26.1,0,0
Resort Hotel,0,0,2015,November,45,6,0,2,2,0.0,0,BB,ESP,Online TA,TA/TO,0,0,0,D,D,0,No Deposit,240.0,0,Transient,54.4,0,1
Resort Hotel,0,38,2015,November,45,6,0,2,2,0.0,0,BB,ESP,Online TA,TA/TO,0,0,0,A,D,0,No Deposit,240.0,0,Transient,57.0,0,1
Resort Hotel,0,91,2015,November,45,6,2,2,2,0.0,0,BB,GBR,Offline TA/TO,TA/TO,0,0,0,A,D,0,No Deposit,156.0,0,Contract,24.8,0,2
Resort Hotel,1,123,2015,November,45,6,2,2,2,0.0,0,BB,PRT,Online TA,TA/TO,0,0,0,D,D,1,No Deposit,240.0,0,Transient,62.5,0,0
Resort Hotel,1,123,2015,November,45,6,2,2,2,0.0,0,BB,PRT,Online TA,TA/TO,0,0,0,D,D,1,No Deposit,240.0,0,Transient,62.5,0,0
Resort Hotel,0,54,2015,November,45,7,0,0,2,0.0,0,BB,PRT,Online TA,TA/TO,0,0,0,D,D,0,No Deposit,240.0,0,Transient-Party,0.0,0,3
Resort Hotel,0,0,2015,November,45,7,0,1,2,0.0,0,BB,PRT,Online TA,TA/TO,0,0,0,D,D,0,No Deposit,240.0,0,Transient,52.4,1,1
Resort Hotel,0,0,2015,November,45,7,0,1,2,0.0,0,BB,ESP,Direct,Direct,0,0,0,A,A,0,No Deposit,,0,Transient,49.0,0,0
Resort Hotel,0,4,2015,November,45,7,0,1,2,0.0,0,BB,PRT,Online TA,TA/TO,0,0,0,E,E,0,No Deposit,240.0,0,Transient,78.0,0,1
Resort Hotel,0,0,2015,November,45,7,1,1,2,0.0,0,HB,ESP,Online TA,TA/TO,0,0,0,E,F,1,No Deposit,240.0,0,Transient,104.0,1,1
Resort Hotel,0,4,2015,November,45,7,2,1,2,0.0,0,HB,ESP,Online TA,TA/TO,0,0,0,A,D,0,No Deposit,240.0,0,Transient,94.0,1,3
Resort Hotel,0,51,2015,November,45,7,2,5,2,0.0,0,BB,FIN,Offline TA/TO,TA/TO,0,0,0,E,E,0,No Deposit,156.0,0,Transient,60.3,0,2
Resort Hotel,0,54,2015,November,45,7,2,5,2,0.0,0,BB,IRL,Offline TA/TO,TA/TO,0,0,0,E,E,0,No Deposit,156.0,0,Transient,38.47,0,0
Resort Hotel,1,241,2015,November,45,7,2,6,2,0.0,0,HB,PRT,Online TA,TA/TO,0,0,0,A,A,0,No Deposit,240.0,0,Transient,66.0,0,1
Resort Hotel,1,172,2015,November,45,7,2,6,2,0.0,0,BB,PRT,Online TA,TA/TO,0,0,0,A,A,0,No Deposit,240.0,0,Transient,36.0,0,1
Resort Hotel,0,171,2015,November,45,7,2,6,2,0.0,0,BB,RUS,Online TA,TA/TO,0,0,0,A,D,0,No Deposit,240.0,0,Transient,32.4,0,0
Resort Hotel,1,241,2015,November,45,7,2,6,2,0.0,0,HB,PRT,Online TA,TA/TO,0,0,0,A,A,0,No Deposit,240.0,0,Transient,66.0,0,1
Resort Hotel,0,96,2015,November,45,7,4,6,2,0.0,0,BB,GBR,Online TA,TA/TO,0,0,0,A,D,0,No Deposit,240.0,0,Transient,54.88,0,1
Resort Hotel,0,11,2015,November,46,8,2,0,2,0.0,0,HB,ESP,Online TA,TA/TO,0,0,0,A,D,1,No Deposit,240.0,0,Transient,94.0,1,1
Resort Hotel,1,193,2015,November,46,8,2,4,2,0.0,0,HB,PRT,Offline TA/TO,TA/TO,0,0,0,D,D,0,No Deposit,171.0,0,Transient,54.0,0,0
Resort Hotel,0,0,2015,November,46,8,2,4,2,0.0,0,BB,ESP,Direct,Direct,0,0,0,F,F,0,No Deposit,,0,Transient,74.0,1,0
Resort Hotel,0,17,2015,November,46,8,2,5,2,0.0,0,BB,FRA,Corporate,Corporate,0,0,0,A,A,1,No Deposit,334.0,0,Transient-Party,48.0,0,0
Resort Hotel,0,37,2015,November,46,8,2,5,2,0.0,0,BB,PRT,Corporate,Corporate,0,0,0,A,D,2,No Deposit,185.0,0,Transient-Party,43.2,0,0
Resort Hotel,0,17,2015,November,46,8,2,5,2,0.0,0,BB,FRA,Corporate,Corporate,0,0,0,A,D,1,No Deposit,334.0,0,Transient-Party,48.0,0,0
Resort Hotel,0,29,2015,November,46,8,2,5,2,0.0,0,BB,BRA,Online TA,TA/TO,0,0,0,D,D,0,No Deposit,240.0,0,Transient,72.29,0,0
Resort Hotel,0,37,2015,November,46,8,2,5,2,0.0,0,BB,PRT,Corporate,Corporate,0,0,0,A,D,1,No Deposit,185.0,0,Transient-Party,43.2,0,0
Resort Hotel,1,10,2015,November,46,8,4,8,2,0.0,0,BB,PRT,Online TA,TA/TO,0,0,0,D,D,0,No Deposit,240.0,0,Transient,63.92,0,0
Resort Hotel,0,89,2015,November,46,9,0,0,2,0.0,0,BB,PRT,Offline TA/TO,TA/TO,0,0,0,E,E,0,No Deposit,314.0,0,Contract,0.0,0,1
Resort Hotel,0,0,2015,November,46,9,1,0,2,0.0,0,BB,PRT,Direct,Direct,0,0,0,A,C,1,No Deposit,334.0,0,Group,48.0,0,0
Resort Hotel,0,11,2015,November,46,9,1,2,2,0.0,0,HB,ESP,Online TA,TA/TO,0,0,0,A,D,2,No Deposit,240.0,0,Transient,88.0,0,1
Resort Hotel,0,2,2015,November,46,9,1,3,2,0.0,0,HB,ESP,Online TA,TA/TO,0,0,0,A,A,1,No Deposit,241.0,0,Transient,77.23,1,1
Resort Hotel,0,79,2015,November,46,9,1,5,2,0.0,0,BB,PRT,Offline TA/TO,TA/TO,0,0,0,E,E,0,No Deposit,314.0,0,Contract,56.16,0,1
Resort Hotel,0,79,2015,November,46,9,1,5,2,0.0,0,BB,PRT,Offline TA/TO,TA/TO,0,0,0,E,E,0,No Deposit,314.0,0,Contract,56.16,0,1
Resort Hotel,0,49,2015,November,46,9,1,3,2,0.0,0,BB,FRA,Online TA,TA/TO,0,0,0,A,D,0,No Deposit,240.0,0,Transient,52.2,0,2
Resort Hotel,1,30,2015,November,46,9,2,5,2,0.0,0,BB,PRT,Corporate,Corporate,0,0,0,A,A,4,No Deposit,326.0,0,Transient-Party,48.0,0,0
Resort Hotel,0,164,2015,November,46,9,2,5,2,0.0,0,HB,FRA,Online TA,TA/TO,0,0,0,A,D,0,No Deposit,240.0,0,Transient,61.2,1,0
Resort Hotel,0,50,2015,November,46,10,0,2,2,0.0,0,HB,GBR,Offline TA/TO,TA/TO,0,0,0,D,D,0,No Deposit,156.0,0,Transient,55.04,0,0
Resort Hotel,1,42,2015,November,46,10,0,5,2,0.0,0,BB,PRT,Direct,Direct,0,0,0,A,A,0,No Deposit,250.0,0,Transient,47.7,0,0
Resort Hotel,0,0,2015,November,46,11,0,1,2,0.0,0,BB,PRT,Direct,Direct,0,0,0,A,E,0,No Deposit,,0,Transient,79.0,1,0
Resort Hotel,0,0,2015,November,46,11,0,4,2,0.0,0,BB,CHE,Online TA,TA/TO,0,0,0,D,D,1,No Deposit,240.0,0,Transient,73.0,0,0
Resort Hotel,1,37,2015,November,46,11,0,4,2,0.0,0,BB,PRT,Corporate,Corporate,0,0,0,A,A,0,No Deposit,281.0,0,Contract,48.0,0,2
Resort Hotel,0,61,2015,November,46,11,0,4,2,0.0,0,BB,PRT,Corporate,Corporate,0,0,0,A,C,3,No Deposit,281.0,0,Contract,48.0,0,0
Resort Hotel,0,32,2015,November,46,11,0,4,2,0.0,0,BB,ESP,Corporate,Corporate,0,0,0,A,C,4,No Deposit,324.0,0,Transient-Party,43.2,0,0
Resort Hotel,0,39,2015,November,46,11,1,4,2,0.0,0,BB,DEU,Online TA,TA/TO,0,0,0,D,D,0,No Deposit,240.0,0,Transient,66.64,0,0
Resort Hotel,0,103,2015,November,46,11,1,4,2,0.0,0,BB,DEU,Online TA,TA/TO,0,0,0,A,A,0,No Deposit,240.0,0,Transient,49.59,0,2
Resort Hotel,1,55,2015,November,46,11,0,3,2,0.0,0,BB,PRT,Corporate,Corporate,0,0,0,A,A,0,No Deposit,281.0,0,Contract,53.0,0,0
Resort Hotel,0,49,2015,November,46,12,0,2,2,0.0,0,BB,SWE,Online TA,TA/TO,0,0,0,D,D,0,No Deposit,240.0,0,Transient-Party,68.0,0,2
Resort Hotel,0,41,2015,November,46,12,0,3,2,0.0,0,BB,AUT,Corporate,Corporate,0,0,0,E,E,1,No Deposit,185.0,0,Transient-Party,52.2,0,0
Resort Hotel,0,70,2015,November,46,12,0,3,2,0.0,0,BB,ITA,Online TA,TA/TO,0,0,0,A,D,0,No Deposit,240.0,0,Transient,66.0,1,0
Resort Hotel,0,49,2015,November,46,12,0,2,2,0.0,0,BB,GBR,Online TA,TA/TO,0,0,0,D,D,0,No Deposit,240.0,0,Transient-Party,68.0,0,2
Resort Hotel,0,2,2015,November,46,12,0,3,2,0.0,0,BB,RUS,Online TA,TA/TO,0,0,0,D,D,0,No Deposit,240.0,0,Transient-Party,78.0,0,1
Resort Hotel,0,2,2015,November,46,12,0,3,2,0.0,0,BB,RUS,Online TA,TA/TO,0,0,0,D,D,0,No Deposit,240.0,0,Transient-Party,78.0,0,1
Resort Hotel,0,21,2015,November,46,12,0,3,2,0.0,0,BB,NLD,Corporate,Corporate,0,0,0,A,D,2,No Deposit,334.0,0,Transient-Party,48.0,0,0
Resort Hotel,0,82,2015,November,46,12,1,3,2,0.0,0,BB,CHE,Online TA,TA/TO,0,0,0,E,E,0,No Deposit,240.0,0,Transient,77.1,1,1
Resort Hotel,1,41,2015,November,46,12,1,3,2,0.0,0,BB,PRT,Corporate,Corporate,0,0,0,A,A,1,No Deposit,185.0,0,Transient-Party,43.2,0,0
Resort Hotel,0,42,2015,November,46,13,0,0,2,0.0,0,BB,PRT,Online TA,TA/TO,0,0,0,A,I,1,No Deposit,240.0,0,Transient-Party,0.0,0,2
Resort Hotel,0,2,2015,November,46,13,0,1,2,0.0,0,BB,PRT,Direct,Direct,0,0,0,A,D,0,No Deposit,185.0,0,Transient-Party,43.2,0,0
Resort Hotel,0,1,2015,November,46,13,0,1,2,0.0,0,BB,ITA,Online TA,TA/TO,0,0,0,D,F,0,No Deposit,240.0,0,Transient,78.0,0,1
Resort Hotel,1,43,2015,November,46,13,0,2,2,0.0,0,BB,PRT,Online TA,TA/TO,0,0,0,A,A,0,No Deposit,240.0,0,Transient,52.2,0,1
Resort Hotel,0,31,2015,November,46,13,0,2,2,0.0,0,BB,PRT,Direct,Direct,0,0,0,F,F,0,No Deposit,,0,Transient,78.0,0,0
Resort Hotel,0,3,2015,November,46,13,0,1,2,0.0,0,BB,PRT,Online TA,TA/TO,0,0,0,D,D,0,No Deposit,240.0,0,Transient,78.0,0,1
Resort Hotel,0,15,2015,November,46,13,0,2,2,0.0,0,BB,ITA,Corporate,Corporate,0,0,0,E,E,0,No Deposit,185.0,0,Transient-Party,58.2,1,0
Resort Hotel,1,121,2015,November,46,14,2,1,2,0.0,0,BB,PRT,Online TA,TA/TO,0,0,0,A,A,0,No Deposit,240.0,0,Transient,40.93,0,1
Resort Hotel,1,38,2015,November,46,14,2,1,2,0.0,0,BB,PRT,Online TA,TA/TO,0,0,0,D,D,0,No Deposit,240.0,0,Transient,63.47,0,2
Resort Hotel,0,5,2015,November,46,14,2,2,2,0.0,0,BB,GBR,Online TA,TA/TO,0,0,0,F,F,0,No Deposit,241.0,0,Transient,67.99,1,1
Resort Hotel,1,54,2015,November,46,14,2,5,2,0.0,0,BB,PRT,Online TA,TA/TO,0,0,0,E,E,0,No Deposit,240.0,0,Transient,62.83,0,1
Resort Hotel,0,94,2015,November,46,14,2,6,2,0.0,0,BB,GBR,Online TA,TA/TO,0,0,0,E,E,0,No Deposit,240.0,0,Transient,55.1,0,2
Resort Hotel,0,10,2015,November,47,15,2,0,2,0.0,0,BB,GBR,Online TA,TA/TO,0,0,0,D,D,0,No Deposit,240.0,0,Transient,58.0,0,1
Resort Hotel,0,79,2015,November,47,15,2,5,2,0.0,0,HB,GBR,Offline TA/TO,TA/TO,0,0,0,E,E,0,No Deposit,6.0,0,Transient,72.5,1,0
Resort Hotel,1,53,2015,November,47,15,3,5,2,0.0,0,HB,PRT,Offline TA/TO,TA/TO,0,0,0,A,A,1,No Deposit,314.0,0,Transient,65.23,0,0
Resort Hotel,1,60,2015,November,47,15,4,10,2,0.0,0,BB,PRT,Online TA,TA/TO,0,0,0,D,D,0,No Deposit,240.0,0,Transient,45.64,0,2
Resort Hotel,1,125,2015,November,47,15,2,4,2,0.0,0,BB,PRT,Online TA,TA/TO,0,0,0,A,A,0,No Deposit,240.0,0,Transient,29.16,0,3
Resort Hotel,0,74,2015,November,47,16,0,0,2,0.0,0,BB,PRT,Online TA,TA/TO,0,0,0,A,A,0,No Deposit,242.0,0,Transient,0.0,0,0
Resort Hotel,0,74,2015,November,47,16,0,0,2,0.0,0,BB,PRT,Online TA,TA/TO,0,0,0,A,A,0,No Deposit,242.0,0,Transient,0.0,0,1
Resort Hotel,1,27,2015,November,47,16,1,2,2,0.0,0,BB,ITA,Online TA,TA/TO,0,0,0,A,A,1,No Deposit,240.0,0,Transient,48.0,0,0
Resort Hotel,1,27,2015,November,47,16,1,2,2,0.0,0,BB,ITA,Online TA,TA/TO,0,0,0,A,A,1,No Deposit,240.0,0,Transient,48.0,0,0
Resort Hotel,1,74,2015,November,47,16,1,3,2,0.0,0,BB,PRT,Online TA,TA/TO,0,0,0,D,D,0,No Deposit,240.0,0,Transient,76.0,0,2
Resort Hotel,1,97,2015,November,47,16,6,15,2,0.0,0,BB,PRT,Online TA,TA/TO,0,0,0,A,A,0,No Deposit,240.0,0,Transient,32.4,0,1
Resort Hotel,0,28,2015,November,47,17,0,2,2,0.0,0,BB,FRA,Online TA,TA/TO,0,0,0,A,A,0,No Deposit,240.0,0,Transient,54.0,1,0
Resort Hotel,0,46,2015,November,47,17,0,4,2,0.0,0,BB,GBR,Offline TA/TO,TA/TO,0,0,0,A,A,1,No Deposit,115.0,0,Transient,28.1,0,0
Resort Hotel,1,134,2015,November,47,17,2,6,2,0.0,0,HB,PRT,Online TA,TA/TO,0,0,0,A,A,0,No Deposit,242.0,0,Transient,61.2,0,1
Resort Hotel,0,105,2015,November,47,18,2,4,2,0.0,0,Undefined,ESP,Offline TA/TO,TA/TO,0,0,0,A,A,0,No Deposit,313.0,65,Transient-Party,69.0,0,0
Resort Hotel,0,105,2015,November,47,18,2,4,2,0.0,0,Undefined,ESP,Offline TA/TO,TA/TO,0,0,0,A,A,0,No Deposit,313.0,65,Transient-Party,69.0,0,0
Resort Hotel,0,105,2015,November,47,18,2,4,2,0.0,0,Undefined,ESP,Offline TA/TO,TA/TO,0,0,0,A,A,0,No Deposit,313.0,65,Transient-Party,69.0,0,0
Resort Hotel,1,62,2015,November,47,18,2,4,2,0.0,0,HB,PRT,Offline TA/TO,TA/TO,0,0,0,A,A,0,No Deposit,313.0,0,Transient-Party,73.0,0,0
Resort Hotel,0,62,2015,November,47,18,2,4,2,0.0,0,Undefined,ESP,Offline TA/TO,TA/TO,0,0,0,A,A,0,No Deposit,313.0,0,Transient-Party,69.0,0,0
Resort Hotel,0,105,2015,November,47,18,2,4,2,0.0,0,Undefined,ESP,Offline TA/TO,TA/TO,0,0,0,A,A,0,No Deposit,313.0,65,Transient-Party,69.0,0,0
Resort Hotel,0,105,2015,November,47,18,2,4,2,0.0,0,Undefined,ESP,Offline TA/TO,TA/TO,0,0,0,A,A,0,No Deposit,313.0,65,Transient-Party,69.0,0,0
Resort Hotel,0,105,2015,November,47,18,2,4,2,0.0,0,Undefined,ESP,Offline TA/TO,TA/TO,0,0,0,A,A,0,No Deposit,313.0,65,Transient-Party,69.0,0,0
Resort Hotel,0,105,2015,November,47,18,2,4,2,0.0,0,Undefined,ESP,Offline TA/TO,TA/TO,0,0,0,A,A,0,No Deposit,313.0,65,Transient-Party,69.0,0,0
Resort Hotel,0,105,2015,November,47,18,2,4,2,0.0,0,Undefined,ESP,Offline TA/TO,TA/TO,0,0,0,A,A,0,No Deposit,313.0,65,Transient-Party,69.0,0,0
Resort Hotel,0,105,2015,November,47,18,2,4,2,0.0,0,Undefined,ESP,Offline TA/TO,TA/TO,0,0,0,A,A,0,No Deposit,313.0,65,Transient-Party,69.0,0,0
Resort Hotel,0,105,2015,November,47,18,2,4,2,0.0,0,Undefined,PRT,Offline TA/TO,TA/TO,0,0,0,A,A,1,No Deposit,313.0,65,Transient-Party,71.0,0,0
Resort Hotel,0,105,2015,November,47,18,2,4,2,0.0,0,Undefined,ESP,Offline TA/TO,TA/TO,0,0,0,A,A,0,No Deposit,313.0,65,Transient-Party,69.0,0,0
Resort Hotel,0,105,2015,November,47,18,2,4,2,0.0,0,Undefined,ESP,Offline TA/TO,TA/TO,0,0,0,A,A,0,No Deposit,313.0,65,Transient-Party,69.0,0,0
Resort Hotel,0,12,2015,November,47,18,2,4,2,0.0,0,Undefined,ESP,Offline TA/TO,TA/TO,0,0,0,A,A,0,No Deposit,313.0,0,Transient-Party,69.0,0,0
Resort Hotel,0,105,2015,November,47,18,2,4,2,0.0,0,Undefined,ESP,Offline TA/TO,TA/TO,0,0,0,A,A,0,No Deposit,313.0,65,Transient-Party,69.0,0,0
Resort Hotel,0,105,2015,November,47,18,2,4,2,0.0,0,Undefined,ESP,Offline TA/TO,TA/TO,0,0,0,A,A,0,No Deposit,313.0,65,Transient-Party,69.0,0,0
Resort Hotel,0,105,2015,November,47,18,2,4,2,0.0,0,Undefined,ESP,Offline TA/TO,TA/TO,0,0,0,A,A,0,No Deposit,313.0,65,Transient-Party,69.0,0,0
Resort Hotel,0,62,2015,November,47,18,2,4,2,0.0,0,Undefined,ESP,Offline TA/TO,TA/TO,0,0,0,A,A,0,No Deposit,313.0,0,Transient-Party,69.0,0,0
Resort Hotel,0,62,2015,November,47,18,2,4,2,0.0,0,Undefined,ESP,Offline TA/TO,TA/TO,0,0,0,A,A,0,No Deposit,313.0,0,Transient-Party,69.0,0,0
Resort Hotel,0,105,2015,November,47,18,2,4,2,0.0,0,Undefined,ESP,Offline TA/TO,TA/TO,0,0,0,A,A,0,No Deposit,313.0,65,Transient-Party,69.0,0,0
Resort Hotel,1,12,2015,November,47,18,2,4,2,0.0,0,FB,PRT,Offline TA/TO,TA/TO,0,0,0,A,A,0,No Deposit,313.0,0,Transient,73.0,0,0
Resort Hotel,0,62,2015,November,47,18,2,4,2,0.0,0,Undefined,ESP,Offline TA/TO,TA/TO,0,0,0,A,A,0,No Deposit,313.0,0,Transient-Party,69.0,0,0
Resort Hotel,0,105,2015,November,47,18,2,4,2,0.0,0,Undefined,ESP,Offline TA/TO,TA/TO,0,0,0,A,A,0,No Deposit,313.0,65,Transient-Party,69.0,0,0
Resort Hotel,0,105,2015,November,47,18,2,4,2,0.0,0,Undefined,ESP,Offline TA/TO,TA/TO,0,0,0,A,A,0,No Deposit,313.0,65,Transient-Party,69.0,0,0
Resort Hotel,0,163,2015,November,47,18,2,5,2,0.0,0,BB,GBR,Online TA,TA/TO,0,0,0,A,A,0,No Deposit,241.0,0,Transient,26.33,0,1
Resort Hotel,0,19,2015,November,47,19,0,3,2,0.0,0,BB,DEU,Offline TA/TO,TA/TO,0,0,0,A,A,0,No Deposit,171.0,0,Transient,26.1,0,0
Resort Hotel,0,45,2015,November,47,19,0,3,2,0.0,0,HB,FRA,Online TA,TA/TO,0,0,0,E,E,1,No Deposit,240.0,0,Transient,86.0,0,2
Resort Hotel,0,50,2015,November,47,19,1,3,2,0.0,0,HB,NLD,Direct,Direct,0,0,0,E,E,0,No Deposit,250.0,0,Transient,77.6,0,1
Resort Hotel,1,121,2015,November,47,19,1,3,2,0.0,0,BB,PRT,Online TA,TA/TO,0,0,0,A,A,0,No Deposit,240.0,0,Transient,32.4,0,2
Resort Hotel,0,50,2015,November,47,19,1,3,2,0.0,0,HB,NLD,Direct,Direct,0,0,0,E,E,0,No Deposit,250.0,0,Transient,77.6,0,1
Resort Hotel,1,120,2015,November,47,19,4,10,2,0.0,0,HB,PRT,Offline TA/TO,TA/TO,0,0,0,E,E,0,No Deposit,142.0,0,Contract,66.32,0,0
Resort Hotel,0,36,2015,November,47,20,0,2,2,0.0,0,FB,ESP,Groups,TA/TO,0,0,0,A,C,0,No Deposit,38.0,0,Transient-Party,64.0,0,0
Resort Hotel,0,36,2015,November,47,20,0,2,2,0.0,0,FB,ESP,Groups,TA/TO,0,0,0,A,C,0,No Deposit,38.0,0,Transient-Party,64.0,0,0
Resort Hotel,0,36,2015,November,47,20,0,2,2,0.0,0,FB,ESP,Groups,TA/TO,0,0,0,A,A,0,No Deposit,38.0,0,Transient-Party,64.0,0,0
Resort Hotel,1,36,2015,November,47,20,0,2,2,0.0,0,FB,PRT,Groups,TA/TO,0,0,0,A,A,0,No Deposit,38.0,0,Transient-Party,64.0,0,0
Resort Hotel,1,122,2015,November,47,20,0,2,2,0.0,0,BB,PRT,Online TA,TA/TO,0,0,0,A,A,0,No Deposit,240.0,0,Transient,32.4,0,2
Resort Hotel,1,122,2015,November,47,20,0,2,2,0.0,0,BB,PRT,Online TA,TA/TO,0,0,0,A,A,0,No Deposit,240.0,0,Transient,32.4,0,2
Resort Hotel,0,36,2015,November,47,20,0,2,2,0.0,0,FB,ESP,Groups,TA/TO,0,0,0,A,A,0,No Deposit,38.0,0,Transient-Party,64.0,0,0
Resort Hotel,0,36,2015,November,47,20,0,2,2,0.0,0,FB,ESP,Groups,TA/TO,0,0,0,A,A,0,No Deposit,38.0,0,Transient-Party,64.0,0,0
Resort Hotel,0,39,2015,November,47,20,0,2,2,0.0,0,BB,BRA,Online TA,TA/TO,0,0,0,A,D,0,No Deposit,240.0,0,Transient,36.45,0,1
Resort Hotel,1,122,2015,November,47,20,0,2,2,0.0,0,BB,PRT,Online TA,TA/TO,0,0,0,A,A,0,No Deposit,240.0,0,Transient,32.4,0,2
Resort Hotel,1,122,2015,November,47,20,0,2,2,0.0,0,BB,PRT,Online TA,TA/TO,0,0,0,A,A,0,No Deposit,240.0,0,Transient,32.4,0,2
Resort Hotel,0,36,2015,November,47,20,0,2,2,0.0,0,FB,ESP,Groups,TA/TO,0,0,0,A,C,0,No Deposit,38.0,0,Transient-Party,64.0,0,0
Resort Hotel,1,36,2015,November,47,20,0,2,2,0.0,0,FB,PRT,Groups,TA/TO,0,0,0,A,A,0,No Deposit,38.0,0,Transient-Party,64.0,0,0
Resort Hotel,1,36,2015,November,47,20,0,2,2,0.0,0,FB,PRT,Groups,TA/TO,0,0,0,A,A,0,No Deposit,38.0,0,Transient-Party,64.0,0,0
Resort Hotel,1,235,2015,November,47,20,0,1,2,0.0,0,BB,PRT,Online TA,TA/TO,0,0,0,A,A,1,No Deposit,240.0,0,Transient,58.32,0,0
Resort Hotel,1,122,2015,November,47,20,0,2,2,0.0,0,BB,PRT,Online TA,TA/TO,0,0,0,A,A,0,No Deposit,240.0,0,Transient,32.4,0,2
Resort Hotel,1,122,2015,November,47,20,0,2,2,0.0,0,BB,PRT,Online TA,TA/TO,0,0,0,A,A,0,No Deposit,240.0,0,Transient,32.4,0,2
Resort Hotel,0,36,2015,November,47,20,0,2,2,0.0,0,FB,ESP,Groups,TA/TO,0,0,0,A,C,0,No Deposit,38.0,0,Transient-Party,64.0,0,0
Resort Hotel,0,36,2015,November,47,20,0,2,2,0.0,0,FB,ESP,Groups,TA/TO,0,0,0,A,C,0,No Deposit,38.0,0,Transient-Party,64.0,0,0
Resort Hotel,1,36,2015,November,47,20,0,2,2,0.0,0,FB,PRT,Groups,TA/TO,0,0,0,A,A,0,No Deposit,38.0,0,Transient-Party,64.0,0,0
Resort Hotel,0,8,2015,November,47,20,0,2,2,0.0,0,BB,PRT,Direct,Direct,0,0,0,A,E,1,No Deposit,,0,Transient,37.0,1,2
Resort Hotel,1,36,2015,November,47,20,0,2,2,0.0,0,FB,PRT,Groups,TA/TO,0,0,0,A,A,0,No Deposit,38.0,0,Transient-Party,64.0,0,0
Resort Hotel,0,36,2015,November,47,20,0,2,2,0.0,0,FB,ESP,Groups,TA/TO,0,0,0,A,C,0,No Deposit,38.0,0,Transient-Party,64.0,0,0
Resort Hotel,0,36,2015,November,47,20,0,2,2,0.0,0,FB,ESP,Groups,TA/TO,0,0,0,A,A,0,No Deposit,38.0,0,Transient-Party,64.0,0,0
Resort Hotel,1,122,2015,November,47,20,0,2,2,0.0,0,BB,PRT,Online TA,TA/TO,0,0,0,A,A,0,No Deposit,240.0,0,Transient,32.4,0,2
Resort Hotel,1,122,2015,November,47,20,0,2,2,0.0,0,BB,PRT,Online TA,TA/TO,0,0,0,A,A,0,No Deposit,240.0,0,Transient,32.4,0,2
Resort Hotel,1,122,2015,November,47,20,0,2,2,0.0,0,BB,PRT,Online TA,TA/TO,0,0,0,A,A,0,No Deposit,240.0,0,Transient,32.4,0,2
Resort Hotel,1,73,2015,November,47,20,0,2,2,0.0,0,BB,PRT,Online TA,TA/TO,0,0,0,A,D,1,No Deposit,240.0,0,Transient,29.16,0,1
Resort Hotel,0,36,2015,November,47,20,0,2,2,0.0,0,FB,ESP,Groups,TA/TO,0,0,0,A,C,0,No Deposit,38.0,0,Transient-Party,64.0,0,0
Resort Hotel,0,36,2015,November,47,20,0,2,2,0.0,0,FB,ESP,Groups,TA/TO,0,0,0,A,C,0,No Deposit,38.0,0,Transient-Party,64.0,0,0
Resort Hotel,1,36,2015,November,47,20,0,2,2,0.0,0,FB,PRT,Groups,TA/TO,0,0,0,A,A,0,No Deposit,38.0,0,Transient-Party,64.0,0,0
Resort Hotel,1,36,2015,November,47,20,0,2,2,0.0,0,FB,PRT,Groups,TA/TO,0,0,0,A,A,0,No Deposit,38.0,0,Transient-Party,64.0,0,0
Resort Hotel,1,122,2015,November,47,20,0,2,2,0.0,0,BB,PRT,Online TA,TA/TO,0,0,0,A,A,0,No Deposit,240.0,0,Transient,32.4,0,2
Resort Hotel,1,36,2015,November,47,20,0,2,2,0.0,0,FB,PRT,Groups,TA/TO,0,0,0,A,A,0,No Deposit,38.0,0,Transient-Party,64.0,0,0
Resort Hotel,1,36,2015,November,47,20,0,2,2,0.0,0,FB,PRT,Groups,TA/TO,0,0,0,A,A,0,No Deposit,38.0,0,Transient-Party,64.0,0,0
Resort Hotel,1,123,2015,November,47,20,1,2,2,0.0,0,HB,PRT,Online TA,TA/TO,0,0,0,A,A,0,No Deposit,240.0,0,Transient,66.0,0,2
Resort Hotel,0,24,2015,November,47,21,0,1,2,0.0,0,BB,PRT,Corporate,Corporate,0,0,0,A,E,0,No Deposit,,0,Transient-Party,32.0,0,0
Resort Hotel,0,24,2015,November,47,21,0,1,2,0.0,0,BB,PRT,Corporate,Corporate,0,0,0,A,A,0,No Deposit,,0,Transient-Party,32.0,0,0
Resort Hotel,0,78,2015,November,47,21,0,1,2,0.0,0,BB,PRT,Corporate,Corporate,0,0,0,A,D,0,No Deposit,,0,Transient-Party,32.0,0,0
Resort Hotel,0,78,2015,November,47,21,0,1,2,0.0,0,BB,PRT,Corporate,Corporate,0,0,0,A,A,0,No Deposit,,0,Transient-Party,32.0,0,0
Resort Hotel,0,78,2015,November,47,21,0,1,2,0.0,0,BB,PRT,Corporate,Corporate,0,0,0,A,D,0,No Deposit,,0,Transient-Party,32.0,0,0
Resort Hotel,0,78,2015,November,47,21,0,1,2,0.0,0,BB,PRT,Corporate,Corporate,0,0,0,A,E,0,No Deposit,,0,Transient-Party,32.0,0,0
Resort Hotel,0,78,2015,November,47,21,0,1,2,0.0,0,BB,PRT,Corporate,Corporate,0,0,0,A,D,0,No Deposit,,0,Transient-Party,32.0,0,0
Resort Hotel,0,78,2015,November,47,21,0,1,2,0.0,0,BB,PRT,Corporate,Corporate,0,0,0,A,D,0,No Deposit,,0,Transient-Party,32.0,0,0
Resort Hotel,0,78,2015,November,47,21,0,1,2,0.0,0,BB,PRT,Corporate,Corporate,0,0,0,A,D,0,No Deposit,,0,Transient-Party,32.0,0,0
Resort Hotel,0,24,2015,November,47,21,0,1,2,0.0,0,BB,PRT,Corporate,Corporate,0,0,0,A,E,0,No Deposit,,0,Transient-Party,32.0,0,0
Resort Hotel,0,24,2015,November,47,21,0,1,2,0.0,0,BB,PRT,Corporate,Corporate,0,0,0,A,A,0,No Deposit,,0,Transient-Party,32.0,0,0
Resort Hotel,0,78,2015,November,47,21,0,1,2,0.0,0,BB,PRT,Corporate,Corporate,0,0,0,A,D,0,No Deposit,,0,Transient-Party,32.0,0,0
Resort Hotel,0,78,2015,November,47,21,0,1,2,0.0,0,BB,PRT,Corporate,Corporate,0,0,0,A,E,0,No Deposit,,0,Transient-Party,32.0,0,0
Resort Hotel,0,78,2015,November,47,21,0,1,2,0.0,0,BB,PRT,Corporate,Corporate,0,0,0,A,D,0,No Deposit,,0,Transient-Party,32.0,0,0
Resort Hotel,0,78,2015,November,47,21,0,1,2,0.0,0,BB,PRT,Corporate,Corporate,0,0,0,A,D,0,No Deposit,,0,Transient-Party,32.0,0,0
Resort Hotel,0,78,2015,November,47,21,0,1,2,0.0,0,BB,PRT,Corporate,Corporate,0,0,0,A,D,0,No Deposit,,0,Transient-Party,32.0,0,0
Resort Hotel,0,78,2015,November,47,21,0,1,2,0.0,0,BB,PRT,Corporate,Corporate,0,0,0,A,E,0,No Deposit,,0,Transient-Party,32.0,0,0
Resort Hotel,0,24,2015,November,47,21,0,1,2,0.0,0,BB,PRT,Corporate,Corporate,0,0,0,A,E,0,No Deposit,,0,Transient-Party,32.0,0,0
Resort Hotel,0,24,2015,November,47,21,0,1,2,0.0,0,BB,PRT,Corporate,Corporate,0,0,0,A,E,0,No Deposit,,0,Transient-Party,32.0,0,0
Resort Hotel,0,124,2015,November,47,21,0,1,2,0.0,0,HB,GBR,Online TA,TA/TO,0,0,0,D,F,0,No Deposit,241.0,0,Transient,54.05,0,1
Resort Hotel,0,44,2015,November,47,21,0,1,2,0.0,0,HB,PRT,Online TA,TA/TO,0,0,0,A,E,3,No Deposit,240.0,0,Transient,73.5,1,3
Resort Hotel,0,78,2015,November,47,21,0,1,2,0.0,0,BB,PRT,Corporate,Corporate,0,0,0,A,D,0,No Deposit,,0,Transient-Party,32.0,0,0
Resort Hotel,0,78,2015,November,47,21,0,1,2,0.0,0,BB,PRT,Corporate,Corporate,0,0,0,A,D,0,No Deposit,,0,Transient-Party,32.0,0,0
Resort Hotel,0,78,2015,November,47,21,0,1,2,0.0,0,BB,PRT,Corporate,Corporate,0,0,0,A,E,0,No Deposit,,0,Transient-Party,32.0,0,0
Resort Hotel,0,24,2015,November,47,21,0,1,2,0.0,0,BB,PRT,Corporate,Corporate,0,0,0,A,A,0,No Deposit,,0,Transient-Party,32.0,0,0
Resort Hotel,0,78,2015,November,47,21,0,1,2,0.0,0,BB,PRT,Corporate,Corporate,0,0,0,A,D,0,No Deposit,,0,Transient-Party,32.0,0,0
Resort Hotel,0,78,2015,November,47,21,0,1,2,0.0,0,BB,PRT,Corporate,Corporate,0,0,0,A,D,0,No Deposit,,0,Transient-Party,32.0,0,0
Resort Hotel,0,78,2015,November,47,21,0,1,2,0.0,0,BB,PRT,Corporate,Corporate,0,0,0,A,D,0,No Deposit,,0,Transient-Party,32.0,0,0
Resort Hotel,0,78,2015,November,47,21,0,1,2,0.0,0,BB,PRT,Corporate,Corporate,0,0,0,A,D,0,No Deposit,,0,Transient-Party,32.0,0,0
Resort Hotel,0,78,2015,November,47,21,0,1,2,0.0,0,BB,PRT,Corporate,Corporate,0,0,0,A,D,0,No Deposit,,0,Transient-Party,32.0,0,0
Resort Hotel,0,78,2015,November,47,21,0,1,2,0.0,0,BB,PRT,Corporate,Corporate,0,0,0,A,D,0,No Deposit,,0,Transient-Party,32.0,0,0
Resort Hotel,0,33,2015,November,47,21,0,1,2,0.0,0,HB,PRT,Online TA,TA/TO,0,0,0,D,G,1,No Deposit,240.0,0,Transient,76.0,0,1
Resort Hotel,0,24,2015,November,47,21,0,1,2,0.0,0,BB,PRT,Corporate,Corporate,0,0,0,A,E,0,No Deposit,,0,Transient-Party,32.0,0,0
Resort Hotel,0,78,2015,November,47,21,0,1,2,0.0,0,BB,PRT,Corporate,Corporate,0,0,0,A,D,0,No Deposit,,0,Transient-Party,32.0,0,0
Resort Hotel,1,78,2015,November,47,21,0,1,2,0.0,0,BB,PRT,Corporate,Corporate,0,0,0,A,D,0,No Deposit,,0,Transient-Party,32.0,0,0
Resort Hotel,0,78,2015,November,47,21,0,1,2,0.0,0,BB,PRT,Corporate,Corporate,0,0,0,A,D,0,No Deposit,,0,Transient-Party,32.0,0,0
Resort Hotel,1,39,2015,November,47,21,0,1,2,0.0,0,HB,PRT,Direct,Direct,0,0,0,D,D,0,No Deposit,250.0,0,Transient,147.1,0,0
Resort Hotel,0,24,2015,November,47,21,0,1,2,0.0,0,BB,PRT,Corporate,Corporate,0,0,0,A,E,0,No Deposit,,0,Transient-Party,32.0,0,0
Resort Hotel,0,14,2015,November,47,21,2,5,2,0.0,0,BB,FRA,Offline TA/TO,TA/TO,0,0,0,A,D,1,No Deposit,6.0,0,Transient,26.0,0,0
Resort Hotel,0,0,2015,November,48,23,0,0,2,0.0,0,BB,PRT,Online TA,TA/TO,0,0,0,A,A,0,No Deposit,240.0,0,Transient,0.0,0,1
Resort Hotel,0,56,2015,November,48,23,0,0,2,0.0,0,BB,PRT,Online TA,TA/TO,0,0,0,E,A,0,No Deposit,240.0,0,Transient,0.0,0,1
Resort Hotel,0,20,2015,November,48,23,1,2,2,0.0,0,BB,FRA,Online TA,TA/TO,0,0,0,E,E,0,No Deposit,240.0,0,Transient,68.53,1,1
Resort Hotel,1,20,2015,November,48,23,1,2,2,0.0,0,BB,PRT,Online TA,TA/TO,0,0,0,A,A,0,No Deposit,240.0,0,Transient,58.0,0,0
Resort Hotel,1,157,2015,November,48,23,1,3,2,0.0,0,BB,PRT,Online TA,TA/TO,0,0,0,A,A,0,No Deposit,240.0,0,Transient,32.4,0,0
Resort Hotel,1,13,2015,November,48,23,2,5,2,0.0,0,BB,PRT,Online TA,TA/TO,0,0,0,D,D,0,No Deposit,240.0,0,Transient,58.0,0,1
Resort Hotel,0,21,2015,November,48,24,0,1,2,0.0,0,BB,ESP,Offline TA/TO,TA/TO,0,0,0,A,A,0,No Deposit,314.0,0,Transient,38.4,0,2
Resort Hotel,0,40,2015,November,48,24,0,3,2,0.0,0,BB,ESP,Online TA,TA/TO,0,0,0,D,D,0,No Deposit,242.0,0,Transient,41.4,1,2
Resort Hotel,0,12,2015,November,48,24,0,5,2,0.0,0,HB,ESP,Offline TA/TO,TA/TO,0,0,0,A,D,0,No Deposit,6.0,0,Transient,49.4,0,0
Resort Hotel,0,72,2015,November,48,25,0,4,2,0.0,0,BB,ESP,Online TA,TA/TO,0,0,0,A,A,0,No Deposit,240.0,0,Transient,32.4,0,2
Resort Hotel,0,17,2015,November,48,26,0,3,2,0.0,0,BB,POL,Online TA,TA/TO,0,0,0,D,D,0,No Deposit,240.0,0,Transient,46.4,0,2
Resort Hotel,0,17,2015,November,48,26,0,3,2,0.0,0,BB,GBR,Offline TA/TO,TA/TO,0,0,0,D,D,0,No Deposit,314.0,0,Transient,46.4,0,0
Resort Hotel,0,14,2015,November,48,26,0,3,2,0.0,0,BB,IRL,Online TA,TA/TO,0,0,0,D,D,0,No Deposit,240.0,0,Transient,64.0,1,1
Resort Hotel,0,174,2015,November,48,26,2,6,2,0.0,0,BB,GBR,Offline TA/TO,TA/TO,0,0,0,E,E,0,No Deposit,8.0,0,Contract,46.5,1,0
Resort Hotel,0,28,2015,November,48,27,0,2,2,0.0,0,BB,PRT,Offline TA/TO,TA/TO,0,0,0,A,A,0,No Deposit,15.0,0,Transient,26.1,0,0
Resort Hotel,0,15,2015,November,48,27,0,2,2,0.0,0,BB,PRT,Complementary,Corporate,0,0,0,A,A,1,No Deposit,,0,Transient,0.0,0,0
Resort Hotel,1,32,2015,November,48,27,0,2,2,0.0,0,BB,PRT,Online TA,TA/TO,0,0,0,A,A,0,No Deposit,240.0,0,Transient,48.0,0,2
Resort Hotel,1,15,2015,November,48,27,0,2,2,0.0,0,BB,PRT,Online TA,TA/TO,0,0,0,D,D,0,No Deposit,240.0,0,Transient,46.4,0,0
Resort Hotel,0,28,2015,November,48,28,0,0,2,0.0,0,BB,PRT,Online TA,TA/TO,0,0,0,A,D,0,No Deposit,240.0,0,Transient,0.0,0,1
Resort Hotel,1,74,2015,November,48,28,0,1,2,0.0,0,BB,PRT,Online TA,TA/TO,0,0,0,A,A,0,No Deposit,240.0,0,Transient,36.45,0,0
Resort Hotel,1,164,2015,November,48,28,2,1,2,0.0,0,BB,PRT,Online TA,TA/TO,0,0,0,A,A,0,No Deposit,240.0,0,Transient,29.16,0,0
Resort Hotel,0,36,2015,November,48,28,2,4,2,0.0,0,BB,PRT,Offline TA/TO,TA/TO,0,0,0,A,A,0,No Deposit,8.0,0,Transient,32.1,1,0
Resort Hotel,1,88,2015,November,48,28,2,4,2,0.0,0,BB,PRT,Online TA,TA/TO,0,0,0,A,A,0,No Deposit,240.0,0,Transient,32.4,0,0
Resort Hotel,1,82,2015,November,49,29,2,4,2,0.0,0,BB,PRT,Online TA,TA/TO,0,0,0,A,A,1,No Deposit,240.0,0,Transient,32.4,0,1
Resort Hotel,1,133,2015,November,49,30,1,1,2,0.0,0,BB,PRT,Online TA,TA/TO,0,0,0,A,A,1,No Deposit,240.0,0,Transient,29.16,0,1
Resort Hotel,0,62,2015,November,49,30,1,3,2,0.0,0,HB,BEL,Direct,Direct,0,0,0,E,E,0,No Deposit,250.0,0,Transient,83.6,1,1
Resort Hotel,1,93,2015,November,49,30,1,5,2,0.0,0,BB,PRT,Online TA,TA/TO,0,0,0,A,A,0,No Deposit,240.0,0,Transient,32.4,0,2
Resort Hotel,1,91,2015,November,49,30,3,7,2,0.0,0,HB,PRT,Online TA,TA/TO,0,0,0,A,A,1,No Deposit,240.0,0,Transient,66.0,0,1
Resort Hotel,0,118,2015,December,49,1,0,5,2,0.0,0,BB,PRT,Online TA,TA/TO,0,0,0,A,A,0,No Deposit,240.0,0,Transient,32.4,0,1
Resort Hotel,1,87,2015,December,49,1,2,5,2,0.0,0,BB,PRT,Online TA,TA/TO,0,0,0,E,E,0,No Deposit,240.0,0,Transient,50.4,0,1
Resort Hotel,0,118,2015,December,49,1,2,5,2,0.0,0,BB,BEL,Online TA,TA/TO,0,0,0,A,A,0,No Deposit,240.0,0,Transient,29.16,0,1
Resort Hotel,0,82,2015,December,49,2,0,0,2,0.0,0,BB,PRT,Online TA,TA/TO,0,0,0,A,I,0,No Deposit,240.0,0,Transient,0.0,0,2
Resort Hotel,0,21,2015,December,49,2,0,1,2,0.0,0,BB,GBR,Online TA,TA/TO,0,0,0,E,E,0,No Deposit,240.0,0,Transient,61.2,1,2
Resort Hotel,0,21,2015,December,49,2,0,1,2,0.0,0,BB,GBR,Online TA,TA/TO,0,0,0,E,E,0,No Deposit,240.0,0,Transient,61.2,0,2
Resort Hotel,0,21,2015,December,49,2,0,1,2,0.0,0,BB,GBR,Online TA,TA/TO,0,0,0,E,E,0,No Deposit,240.0,0,Transient,61.2,0,2
Resort Hotel,0,21,2015,December,49,2,0,1,2,0.0,0,BB,PRT,Online TA,TA/TO,0,0,0,E,E,0,No Deposit,240.0,0,Transient,61.2,0,2
Resort Hotel,0,119,2015,December,49,2,8,21,2,0.0,0,HB,GBR,Offline TA/TO,TA/TO,0,0,0,E,E,0,No Deposit,177.0,0,Transient,68.2,0,0
Resort Hotel,0,31,2015,December,49,3,0,1,2,0.0,0,BB,CZE,Online TA,TA/TO,0,0,0,E,E,0,No Deposit,240.0,0,Transient,61.2,0,1
Resort Hotel,1,23,2015,December,49,3,0,1,2,0.0,0,BB,PRT,Online TA,TA/TO,0,0,0,D,D,0,No Deposit,240.0,0,Transient,46.4,0,1
Resort Hotel,1,20,2015,December,49,3,0,1,2,0.0,0,BB,PRT,Online TA,TA/TO,0,0,0,D,D,0,No Deposit,240.0,0,Transient,46.4,0,1
Resort Hotel,0,45,2015,December,49,3,0,2,2,0.0,0,BB,GBR,Online TA,TA/TO,0,0,0,D,D,0,No Deposit,240.0,0,Transient,55.95,1,1
Resort Hotel,0,48,2015,December,49,3,2,5,2,0.0,0,BB,GBR,Offline TA/TO,TA/TO,0,0,0,D,D,0,No Deposit,115.0,0,Transient,33.3,0,0
Resort Hotel,0,52,2015,December,49,3,2,5,2,0.0,0,HB,GBR,Direct,Direct,0,0,0,F,F,0,No Deposit,250.0,0,Transient,87.53,0,0
Resort Hotel,0,108,2015,December,49,3,2,5,2,0.0,0,HB,GBR,Offline TA/TO,TA/TO,0,0,0,A,A,0,No Deposit,171.0,0,Transient,49.5,0,0
Resort Hotel,0,30,2015,December,49,3,4,10,2,0.0,0,BB,NLD,Offline TA/TO,TA/TO,0,0,0,A,A,0,No Deposit,5.0,0,Transient,30.0,0,0
Resort Hotel,1,121,2015,December,49,4,0,1,2,0.0,0,BB,PRT,Online TA,TA/TO,0,0,0,E,E,0,No Deposit,240.0,0,Transient,50.4,0,2
Resort Hotel,1,58,2015,December,49,4,0,2,2,0.0,0,BB,PRT,Online TA,TA/TO,0,0,0,D,D,0,No Deposit,240.0,0,Transient,41.4,0,0
Resort Hotel,1,81,2015,December,49,4,0,2,2,0.0,0,BB,PRT,Online TA,TA/TO,0,0,0,A,A,0,No Deposit,240.0,0,Transient,32.4,0,2
Resort Hotel,1,80,2015,December,49,4,0,2,2,0.0,0,BB,PRT,Online TA,TA/TO,0,0,0,A,A,1,No Deposit,240.0,0,Transient,40.5,0,2
Resort Hotel,0,23,2015,December,49,4,0,2,2,0.0,0,BB,PRT,Direct,Direct,0,0,0,D,D,0,No Deposit,,0,Transient,41.4,0,0
Resort Hotel,1,88,2015,December,49,4,1,2,2,0.0,0,BB,PRT,Direct,Direct,0,0,0,E,E,0,No Deposit,250.0,0,Transient,47.6,0,0
Resort Hotel,1,44,2015,December,49,4,2,2,2,0.0,0,BB,PRT,Online TA,TA/TO,0,0,0,A,A,0,No Deposit,240.0,0,Transient,84.0,0,0
Resort Hotel,1,74,2015,December,49,4,2,2,2,0.0,0,HB,PRT,Direct,Direct,0,0,0,F,F,0,No Deposit,250.0,0,Transient,92.1,0,0
Resort Hotel,1,34,2015,December,49,4,2,2,2,0.0,0,BB,PRT,Online TA,TA/TO,0,0,0,A,A,1,No Deposit,240.0,0,Transient,58.0,0,2
Resort Hotel,0,22,2015,December,49,4,2,2,2,0.0,0,BB,ESP,Online TA,TA/TO,0,0,0,D,D,0,No Deposit,240.0,0,Transient,52.4,0,2
Resort Hotel,0,22,2015,December,49,4,2,2,2,0.0,0,HB,ESP,Offline TA/TO,TA/TO,0,0,0,A,D,0,No Deposit,6.0,0,Transient,49.4,0,0
Resort Hotel,1,34,2015,December,49,4,2,2,2,0.0,0,BB,PRT,Online TA,TA/TO,0,0,0,A,A,1,No Deposit,240.0,0,Transient,58.0,0,2
Resort Hotel,0,22,2015,December,49,4,2,2,2,0.0,0,BB,ESP,Online TA,TA/TO,0,0,0,D,D,0,No Deposit,240.0,0,Transient,52.4,0,2
Resort Hotel,0,130,2015,December,49,4,2,6,2,0.0,0,BB,GBR,Offline TA/TO,TA/TO,0,0,0,A,A,1,No Deposit,314.0,0,Contract,35.7,1,0
Resort Hotel,0,44,2015,December,49,5,0,0,2,0.0,0,BB,PRT,Groups,TA/TO,0,0,0,A,I,1,No Deposit,134.0,0,Transient-Party,0.0,0,0
Resort Hotel,0,66,2015,December,49,5,1,1,2,0.0,0,FB,ESP,Groups,TA/TO,0,0,0,A,A,0,No Deposit,155.0,0,Transient-Party,64.0,0,0
Resort Hotel,0,66,2015,December,49,5,1,1,2,0.0,0,FB,ESP,Groups,TA/TO,0,0,0,A,A,0,No Deposit,155.0,0,Transient-Party,64.0,0,0
Resort Hotel,0,66,2015,December,49,5,1,1,2,0.0,0,FB,ESP,Groups,TA/TO,0,0,0,A,A,0,No Deposit,155.0,0,Transient-Party,64.0,0,0
Resort Hotel,1,66,2015,December,49,5,1,1,2,0.0,0,FB,PRT,Groups,TA/TO,0,0,0,A,A,0,No Deposit,155.0,0,Transient-Party,64.0,0,0
Resort Hotel,1,66,2015,December,49,5,1,1,2,0.0,0,FB,PRT,Groups,TA/TO,0,0,0,A,A,0,No Deposit,155.0,0,Transient-Party,64.0,0,0
Resort Hotel,1,66,2015,December,49,5,1,1,2,0.0,0,FB,PRT,Groups,TA/TO,0,0,0,A,A,0,No Deposit,155.0,0,Transient-Party,64.0,0,0
Resort Hotel,1,66,2015,December,49,5,1,1,2,0.0,0,FB,PRT,Groups,TA/TO,0,0,0,A,A,0,No Deposit,155.0,0,Transient-Party,64.0,0,0
Resort Hotel,1,66,2015,December,49,5,1,1,2,0.0,0,FB,PRT,Groups,TA/TO,0,0,0,A,A,0,No Deposit,155.0,0,Transient-Party,64.0,0,0
Resort Hotel,0,66,2015,December,49,5,1,1,2,0.0,0,FB,ESP,Groups,TA/TO,0,0,0,A,A,0,No Deposit,155.0,0,Transient-Party,64.0,0,0
Resort Hotel,0,66,2015,December,49,5,1,1,2,0.0,0,FB,ESP,Groups,TA/TO,0,0,0,A,A,3,No Deposit,155.0,0,Transient-Party,64.0,0,0
Resort Hotel,0,26,2015,December,49,5,1,1,2,0.0,0,BB,ESP,Offline TA/TO,TA/TO,0,0,0,A,D,2,No Deposit,6.0,0,Transient,26.0,0,0
Resort Hotel,0,66,2015,December,49,5,1,1,2,0.0,0,FB,ESP,Groups,TA/TO,0,0,0,A,A,0,No Deposit,155.0,0,Transient-Party,64.0,0,0
Resort Hotel,0,66,2015,December,49,5,1,1,2,0.0,0,FB,ESP,Groups,TA/TO,0,0,0,A,A,0,No Deposit,155.0,0,Transient-Party,64.0,0,0
Resort Hotel,0,66,2015,December,49,5,1,1,2,0.0,0,FB,ESP,Groups,TA/TO,0,0,0,A,A,0,No Deposit,68.0,0,Transient-Party,64.0,0,0
Resort Hotel,0,66,2015,December,49,5,1,1,2,0.0,0,FB,ESP,Groups,TA/TO,0,0,0,A,A,0,No Deposit,155.0,0,Transient-Party,64.0,0,0
Resort Hotel,1,66,2015,December,49,5,1,1,2,0.0,0,FB,PRT,Groups,TA/TO,0,0,0,A,A,0,No Deposit,155.0,0,Transient-Party,64.0,0,0
Resort Hotel,1,66,2015,December,49,5,1,1,2,0.0,0,FB,PRT,Groups,TA/TO,0,0,0,A,A,0,No Deposit,155.0,0,Transient-Party,64.0,0,0
Resort Hotel,1,66,2015,December,49,5,1,1,2,0.0,0,FB,PRT,Groups,TA/TO,0,0,0,A,A,0,No Deposit,155.0,0,Transient-Party,64.0,0,0
Resort Hotel,1,66,2015,December,49,5,1,1,2,0.0,0,FB,PRT,Groups,TA/TO,0,0,0,A,A,0,No Deposit,155.0,0,Transient-Party,64.0,0,0
Resort Hotel,1,66,2015,December,49,5,1,1,2,0.0,0,FB,PRT,Groups,TA/TO,0,0,0,A,A,0,No Deposit,155.0,0,Transient-Party,64.0,0,0
Resort Hotel,1,66,2015,December,49,5,1,1,2,0.0,0,FB,PRT,Groups,TA/TO,0,0,0,A,A,0,No Deposit,155.0,0,Transient-Party,64.0,0,0
Resort Hotel,0,66,2015,December,49,5,1,1,2,0.0,0,FB,ESP,Groups,TA/TO,0,0,0,A,A,0,No Deposit,155.0,0,Transient-Party,64.0,0,0
Resort Hotel,0,66,2015,December,49,5,1,1,2,0.0,0,FB,ESP,Groups,TA/TO,0,0,0,A,A,0,No Deposit,155.0,0,Transient-Party,64.0,0,0
Resort Hotel,0,66,2015,December,49,5,1,1,2,0.0,0,FB,ESP,Groups,TA/TO,0,0,0,A,A,0,No Deposit,155.0,0,Transient-Party,64.0,0,0
Resort Hotel,0,59,2015,December,49,5,2,1,2,0.0,0,HB,ESP,Online TA,TA/TO,0,0,0,A,D,2,No Deposit,240.0,0,Transient,68.45,0,2
Resort Hotel,1,23,2015,December,49,5,2,1,2,0.0,0,BB,PRT,Online TA,TA/TO,0,0,0,A,A,0,No Deposit,240.0,0,Transient,58.0,0,1
Resort Hotel,1,24,2015,December,49,5,2,1,2,0.0,0,BB,PRT,Online TA,TA/TO,0,0,0,E,E,0,No Deposit,240.0,0,Transient,78.0,0,1
Resort Hotel,1,149,2015,December,49,5,2,1,2,0.0,0,FB,PRT,Groups,TA/TO,0,0,0,A,A,0,Non Refund,38.0,0,Transient,68.0,0,0
Resort Hotel,1,149,2015,December,49,5,2,1,2,0.0,0,FB,PRT,Groups,TA/TO,0,0,0,A,A,0,Non Refund,38.0,0,Transient,68.0,0,0
Resort Hotel,1,149,2015,December,49,5,2,1,2,0.0,0,FB,PRT,Groups,TA/TO,0,0,0,A,A,0,Non Refund,38.0,0,Transient,68.0,0,0
Resort Hotel,1,149,2015,December,49,5,2,1,2,0.0,0,FB,PRT,Groups,TA/TO,0,0,0,A,A,0,Non Refund,38.0,0,Transient,68.0,0,0
Resort Hotel,1,44,2015,December,49,5,2,1,2,0.0,0,BB,PRT,Groups,TA/TO,0,0,0,A,A,0,No Deposit,134.0,0,Transient-Party,70.0,0,0
Resort Hotel,1,44,2015,December,49,5,2,1,2,0.0,0,BB,PRT,Groups,TA/TO,0,0,0,A,A,0,No Deposit,134.0,0,Transient-Party,70.0,0,0
Resort Hotel,1,45,2015,December,49,5,2,1,2,0.0,0,Undefined,PRT,Groups,TA/TO,0,0,0,A,A,0,No Deposit,38.0,0,Transient-Party,68.0,0,0
Resort Hotel,1,45,2015,December,49,5,2,1,2,0.0,0,Undefined,PRT,Groups,TA/TO,0,0,0,A,A,0,No Deposit,38.0,0,Transient-Party,68.0,0,0
Resort Hotel,1,54,2015,December,49,5,2,1,2,0.0,0,BB,PRT,Online TA,TA/TO,0,0,0,A,A,0,No Deposit,240.0,0,Transient,36.45,0,2
Resort Hotel,0,59,2015,December,49,5,2,1,2,0.0,0,HB,ESP,Online TA,TA/TO,0,0,0,A,D,2,No Deposit,240.0,0,Transient,68.45,0,2
Resort Hotel,1,149,2015,December,49,5,2,1,2,0.0,0,FB,PRT,Groups,TA/TO,0,0,0,A,A,0,Non Refund,38.0,0,Transient,68.0,0,0
Resort Hotel,1,149,2015,December,49,5,2,1,2,0.0,0,FB,PRT,Groups,TA/TO,0,0,0,A,A,0,Non Refund,38.0,0,Transient,68.0,0,0
Resort Hotel,1,149,2015,December,49,5,2,1,2,0.0,0,FB,PRT,Groups,TA/TO,0,0,0,A,A,0,Non Refund,38.0,0,Transient,68.0,0,0
Resort Hotel,1,44,2015,December,49,5,2,1,2,0.0,0,BB,PRT,Groups,TA/TO,0,0,0,A,A,0,No Deposit,134.0,0,Transient-Party,70.0,0,0
Resort Hotel,1,44,2015,December,49,5,2,1,2,0.0,0,BB,PRT,Groups,TA/TO,0,0,0,A,A,0,No Deposit,134.0,0,Transient-Party,70.0,0,0
Resort Hotel,1,44,2015,December,49,5,2,1,2,0.0,0,BB,PRT,Groups,TA/TO,0,0,0,A,A,0,No Deposit,134.0,0,Transient-Party,70.0,0,0
Resort Hotel,0,45,2015,December,49,5,2,1,2,0.0,0,Undefined,ESP,Groups,TA/TO,0,0,0,A,F,4,No Deposit,38.0,0,Transient-Party,68.0,0,0
Resort Hotel,1,45,2015,December,49,5,2,1,2,0.0,0,Undefined,PRT,Groups,TA/TO,0,0,0,A,A,0,No Deposit,38.0,0,Transient-Party,68.0,0,0
Resort Hotel,1,45,2015,December,49,5,2,1,2,0.0,0,Undefined,PRT,Groups,TA/TO,0,0,0,A,A,0,No Deposit,38.0,0,Transient-Party,68.0,0,0
Resort Hotel,1,44,2015,December,49,5,2,1,2,0.0,0,BB,PRT,Groups,TA/TO,0,0,0,A,A,0,No Deposit,134.0,0,Transient-Party,70.0,0,0
Resort Hotel,1,44,2015,December,49,5,2,1,2,0.0,0,BB,PRT,Groups,TA/TO,0,0,0,A,A,0,No Deposit,134.0,0,Transient-Party,70.0,0,0
Resort Hotel,1,44,2015,December,49,5,2,1,2,0.0,0,BB,PRT,Groups,TA/TO,0,0,0,A,A,0,No Deposit,134.0,0,Transient-Party,70.0,0,0
Resort Hotel,0,45,2015,December,49,5,2,1,2,0.0,0,Undefined,ESP,Groups,TA/TO,0,0,0,A,A,0,No Deposit,38.0,0,Transient-Party,68.0,0,0
Resort Hotel,0,45,2015,December,49,5,2,1,2,0.0,0,Undefined,ESP,Groups,TA/TO,0,0,0,A,A,0,No Deposit,38.0,0,Transient-Party,68.0,0,0
Resort Hotel,0,45,2015,December,49,5,2,1,2,0.0,0,Undefined,ESP,Groups,TA/TO,0,0,0,A,A,0,No Deposit,38.0,0,Transient-Party,68.0,0,0
Resort Hotel,1,45,2015,December,49,5,2,1,2,0.0,0,Undefined,PRT,Groups,TA/TO,0,0,0,A,A,0,No Deposit,38.0,0,Transient-Party,68.0,0,0
Resort Hotel,1,45,2015,December,49,5,2,1,2,0.0,0,Undefined,PRT,Groups,TA/TO,0,0,0,A,A,0,No Deposit,38.0,0,Transient-Party,68.0,0,0
Resort Hotel,0,54,2015,December,49,5,2,1,2,0.0,0,HB,ESP,Online TA,TA/TO,0,0,0,A,D,1,No Deposit,240.0,0,Transient,72.5,0,2
Resort Hotel,1,149,2015,December,49,5,2,1,2,0.0,0,FB,PRT,Groups,TA/TO,0,0,0,A,A,0,Non Refund,38.0,0,Transient,68.0,0,0
Resort Hotel,1,149,2015,December,49,5,2,1,2,0.0,0,FB,PRT,Groups,TA/TO,0,0,0,A,A,0,Non Refund,38.0,0,Transient,68.0,0,0
Resort Hotel,1,149,2015,December,49,5,2,1,2,0.0,0,FB,PRT,Groups,TA/TO,0,0,0,A,A,0,Non Refund,38.0,0,Transient,68.0,0,0
Resort Hotel,1,46,2015,December,49,5,2,1,2,0.0,0,BB,PRT,Offline TA/TO,TA/TO,0,0,0,A,A,0,No Deposit,115.0,0,Transient,26.1,0,1
Resort Hotel,1,44,2015,December,49,5,2,1,2,0.0,0,BB,PRT,Groups,TA/TO,0,0,0,A,A,0,No Deposit,134.0,0,Transient-Party,70.0,0,0
Resort Hotel,1,44,2015,December,49,5,2,1,2,0.0,0,BB,PRT,Groups,TA/TO,0,0,0,A,A,0,No Deposit,134.0,0,Transient-Party,70.0,0,0
Resort Hotel,0,45,2015,December,49,5,2,1,2,0.0,0,Undefined,ESP,Groups,TA/TO,0,0,0,A,A,0,No Deposit,38.0,0,Transient-Party,68.0,0,0
Resort Hotel,0,45,2015,December,49,5,2,1,2,0.0,0,Undefined,ESP,Groups,TA/TO,0,0,0,A,A,0,No Deposit,38.0,0,Transient-Party,68.0,0,0
Resort Hotel,1,149,2015,December,49,5,2,1,2,0.0,0,FB,PRT,Groups,TA/TO,0,0,0,A,A,0,Non Refund,38.0,0,Transient,68.0,0,0
Resort Hotel,1,149,2015,December,49,5,2,1,2,0.0,0,FB,PRT,Groups,TA/TO,0,0,0,A,A,0,Non Refund,38.0,0,Transient,68.0,0,0
Resort Hotel,1,149,2015,December,49,5,2,1,2,0.0,0,FB,PRT,Groups,TA/TO,0,0,0,A,A,0,Non Refund,38.0,0,Transient,68.0,0,0
Resort Hotel,0,59,2015,December,49,5,2,1,2,0.0,0,HB,ESP,Online TA,TA/TO,0,0,0,A,D,2,No Deposit,240.0,0,Transient,68.45,0,2
Resort Hotel,0,59,2015,December,49,5,2,1,2,0.0,0,HB,ESP,Online TA,TA/TO,0,0,0,A,D,2,No Deposit,240.0,0,Transient,68.45,0,2
Resort Hotel,1,149,2015,December,49,5,2,1,2,0.0,0,FB,PRT,Groups,TA/TO,0,0,0,A,A,0,Non Refund,38.0,0,Transient,68.0,0,0
Resort Hotel,1,149,2015,December,49,5,2,1,2,0.0,0,FB,PRT,Groups,TA/TO,0,0,0,A,A,0,Non Refund,38.0,0,Transient,68.0,0,0
Resort Hotel,1,149,2015,December,49,5,2,1,2,0.0,0,FB,PRT,Groups,TA/TO,0,0,0,A,A,0,Non Refund,38.0,0,Transient,68.0,0,0
Resort Hotel,1,149,2015,December,49,5,2,1,2,0.0,0,FB,PRT,Groups,TA/TO,0,0,0,A,A,0,Non Refund,38.0,0,Transient,68.0,0,0
Resort Hotel,1,45,2015,December,49,5,2,1,2,0.0,0,Undefined,PRT,Groups,TA/TO,0,0,0,A,A,0,No Deposit,38.0,0,Transient-Party,68.0,0,0
Resort Hotel,1,45,2015,December,49,5,2,1,2,0.0,0,Undefined,PRT,Groups,TA/TO,0,0,0,A,A,0,No Deposit,38.0,0,Transient-Party,68.0,0,0
Resort Hotel,1,45,2015,December,49,5,2,1,2,0.0,0,Undefined,PRT,Groups,TA/TO,0,0,0,A,A,0,No Deposit,38.0,0,Transient-Party,68.0,0,0
Resort Hotel,1,44,2015,December,49,5,2,1,2,0.0,0,BB,PRT,Groups,TA/TO,0,0,0,A,A,0,No Deposit,134.0,0,Transient-Party,70.0,0,0
Resort Hotel,1,44,2015,December,49,5,2,1,2,0.0,0,BB,PRT,Groups,TA/TO,0,0,0,A,A,0,No Deposit,134.0,0,Transient-Party,70.0,0,0
Resort Hotel,1,44,2015,December,49,5,2,1,2,0.0,0,BB,PRT,Groups,TA/TO,0,0,0,A,A,0,No Deposit,134.0,0,Transient-Party,70.0,0,0
Resort Hotel,1,44,2015,December,49,5,2,1,2,0.0,0,BB,PRT,Groups,TA/TO,0,0,0,A,A,0,No Deposit,134.0,0,Transient-Party,70.0,0,0
Resort Hotel,1,44,2015,December,49,5,2,1,2,0.0,0,BB,PRT,Groups,TA/TO,0,0,0,A,A,0,No Deposit,134.0,0,Transient-Party,70.0,0,0
Resort Hotel,1,149,2015,December,49,5,2,1,2,0.0,0,FB,PRT,Groups,TA/TO,0,0,0,A,A,0,Non Refund,38.0,0,Transient,68.0,0,0
Resort Hotel,1,149,2015,December,49,5,2,1,2,0.0,0,FB,PRT,Groups,TA/TO,0,0,0,A,A,0,Non Refund,38.0,0,Transient,68.0,0,0
Resort Hotel,1,149,2015,December,49,5,2,1,2,0.0,0,FB,PRT,Groups,TA/TO,0,0,0,A,A,0,Non Refund,38.0,0,Transient,68.0,0,0
Resort Hotel,0,45,2015,December,49,5,2,1,2,0.0,0,Undefined,PRT,Groups,TA/TO,0,0,0,A,A,0,No Deposit,38.0,0,Transient-Party,68.0,0,0
Resort Hotel,0,45,2015,December,49,5,2,1,2,0.0,0,Undefined,ESP,Groups,TA/TO,0,0,0,A,A,0,No Deposit,38.0,0,Transient-Party,68.0,0,0
Resort Hotel,1,45,2015,December,49,5,2,1,2,0.0,0,Undefined,PRT,Groups,TA/TO,0,0,0,A,A,0,No Deposit,38.0,0,Transient-Party,68.0,0,0
Resort Hotel,1,45,2015,December,49,5,2,1,2,0.0,0,Undefined,PRT,Groups,TA/TO,0,0,0,A,A,0,No Deposit,38.0,0,Transient-Party,68.0,0,0
Resort Hotel,1,45,2015,December,49,5,2,1,2,0.0,0,Undefined,PRT,Groups,TA/TO,0,0,0,A,A,0,No Deposit,38.0,0,Transient-Party,68.0,0,0
Resort Hotel,1,44,2015,December,49,5,2,1,2,0.0,0,BB,PRT,Groups,TA/TO,0,0,0,A,A,0,No Deposit,134.0,0,Transient-Party,70.0,0,0
Resort Hotel,1,44,2015,December,49,5,2,1,2,0.0,0,BB,PRT,Groups,TA/TO,0,0,0,A,A,0,No Deposit,134.0,0,Transient-Party,70.0,0,0
Resort Hotel,1,44,2015,December,49,5,2,1,2,0.0,0,BB,PRT,Groups,TA/TO,0,0,0,A,A,0,No Deposit,134.0,0,Transient-Party,70.0,0,0
Resort Hotel,1,44,2015,December,49,5,2,1,2,0.0,0,BB,PRT,Groups,TA/TO,0,0,0,A,A,0,No Deposit,134.0,0,Transient-Party,70.0,0,0
Resort Hotel,1,149,2015,December,49,5,2,1,2,0.0,0,FB,PRT,Groups,TA/TO,0,0,0,A,A,0,Non Refund,38.0,0,Transient,68.0,0,0
Resort Hotel,1,149,2015,December,49,5,2,1,2,0.0,0,FB,PRT,Groups,TA/TO,0,0,0,A,A,0,Non Refund,38.0,0,Transient,68.0,0,0
Resort Hotel,0,33,2015,December,49,5,2,1,2,0.0,0,HB,ESP,Direct,Direct,0,0,0,F,F,0,No Deposit,250.0,0,Transient,109.0,1,2
Resort Hotel,0,45,2015,December,49,5,2,1,2,0.0,0,Undefined,ESP,Groups,TA/TO,0,0,0,A,A,0,No Deposit,38.0,0,Transient-Party,68.0,0,0
Resort Hotel,0,45,2015,December,49,5,2,1,2,0.0,0,Undefined,ESP,Groups,TA/TO,0,0,0,A,A,0,No Deposit,38.0,0,Transient-Party,68.0,0,0
Resort Hotel,1,45,2015,December,49,5,2,1,2,0.0,0,Undefined,PRT,Groups,TA/TO,0,0,0,A,A,0,No Deposit,38.0,0,Transient-Party,68.0,0,0
Resort Hotel,1,45,2015,December,49,5,2,1,2,0.0,0,Undefined,PRT,Groups,TA/TO,0,0,0,A,A,0,No Deposit,38.0,0,Transient-Party,68.0,0,0
Resort Hotel,1,44,2015,December,49,5,2,1,2,0.0,0,BB,PRT,Groups,TA/TO,0,0,0,A,A,0,No Deposit,134.0,0,Transient-Party,70.0,0,0
Resort Hotel,1,44,2015,December,49,5,2,1,2,0.0,0,BB,PRT,Groups,TA/TO,0,0,0,A,A,0,No Deposit,134.0,0,Transient-Party,70.0,0,0
Resort Hotel,1,149,2015,December,49,5,2,1,2,0.0,0,FB,PRT,Groups,TA/TO,0,0,0,A,A,0,Non Refund,38.0,0,Transient,68.0,0,0
Resort Hotel,1,149,2015,December,49,5,2,1,2,0.0,0,FB,PRT,Groups,TA/TO,0,0,0,A,A,0,Non Refund,38.0,0,Transient,68.0,0,0
Resort Hotel,1,149,2015,December,49,5,2,1,2,0.0,0,FB,PRT,Groups,TA/TO,0,0,0,A,A,0,Non Refund,38.0,0,Transient,68.0,0,0
Resort Hotel,1,44,2015,December,49,5,2,1,2,0.0,0,BB,PRT,Groups,TA/TO,0,0,0,A,A,0,No Deposit,134.0,0,Transient-Party,70.0,0,0
Resort Hotel,1,44,2015,December,49,5,2,1,2,0.0,0,BB,PRT,Groups,TA/TO,0,0,0,A,A,0,No Deposit,134.0,0,Transient-Party,70.0,0,0
Resort Hotel,1,44,2015,December,49,5,2,1,2,0.0,0,BB,PRT,Groups,TA/TO,0,0,0,A,A,0,No Deposit,134.0,0,Transient-Party,70.0,0,0
Resort Hotel,0,45,2015,December,49,5,2,1,2,0.0,0,Undefined,ESP,Groups,TA/TO,0,0,0,A,A,0,No Deposit,38.0,0,Transient-Party,68.0,0,0
Resort Hotel,1,45,2015,December,49,5,2,1,2,0.0,0,Undefined,PRT,Groups,TA/TO,0,0,0,A,A,0,No Deposit,38.0,0,Transient-Party,68.0,0,0
Resort Hotel,1,54,2015,December,49,5,2,1,2,0.0,0,BB,PRT,Online TA,TA/TO,0,0,0,A,A,0,No Deposit,240.0,0,Transient,36.45,0,2
Resort Hotel,0,39,2015,December,50,6,2,0,2,0.0,0,HB,ESP,Offline TA/TO,TA/TO,0,0,0,E,E,0,No Deposit,175.0,0,Transient,63.72,0,0
Resort Hotel,1,81,2015,December,50,6,2,1,2,0.0,0,BB,PRT,Online TA,TA/TO,0,0,0,D,D,0,No Deposit,240.0,0,Transient,41.4,0,2
Resort Hotel,1,81,2015,December,50,6,2,1,2,0.0,0,BB,PRT,Online TA,TA/TO,0,0,0,D,D,0,No Deposit,240.0,0,Transient,41.4,0,2
Resort Hotel,1,81,2015,December,50,6,2,1,2,0.0,0,BB,PRT,Online TA,TA/TO,0,0,0,A,A,0,No Deposit,240.0,0,Transient,40.5,0,2
Resort Hotel,1,68,2015,December,50,6,2,1,2,0.0,0,BB,PRT,Online TA,TA/TO,0,0,0,A,A,0,No Deposit,240.0,0,Transient,40.5,0,2
Resort Hotel,1,81,2015,December,50,6,2,1,2,0.0,0,BB,PRT,Online TA,TA/TO,0,0,0,A,A,0,No Deposit,240.0,0,Transient,40.5,0,2
Resort Hotel,1,81,2015,December,50,6,2,1,2,0.0,0,BB,PRT,Online TA,TA/TO,0,0,0,A,A,0,No Deposit,240.0,0,Transient,40.5,0,2
Resort Hotel,1,81,2015,December,50,6,2,1,2,0.0,0,BB,PRT,Online TA,TA/TO,0,0,0,A,A,0,No Deposit,240.0,0,Transient,40.5,0,2
Resort Hotel,1,81,2015,December,50,6,2,1,2,0.0,0,BB,PRT,Online TA,TA/TO,0,0,0,D,D,0,No Deposit,240.0,0,Transient,41.4,0,2
Resort Hotel,1,81,2015,December,50,6,2,1,2,0.0,0,BB,PRT,Online TA,TA/TO,0,0,0,A,A,0,No Deposit,240.0,0,Transient,40.5,0,2
Resort Hotel,1,81,2015,December,50,6,2,1,2,0.0,0,BB,PRT,Online TA,TA/TO,0,0,0,A,A,0,No Deposit,240.0,0,Transient,40.5,0,2
Resort Hotel,1,81,2015,December,50,6,2,1,2,0.0,0,BB,PRT,Online TA,TA/TO,0,0,0,A,A,0,No Deposit,240.0,0,Transient,40.5,0,2
Resort Hotel,1,81,2015,December,50,6,2,1,2,0.0,0,BB,PRT,Online TA,TA/TO,0,0,0,A,A,0,No Deposit,240.0,0,Transient,40.5,0,2
Resort Hotel,1,81,2015,December,50,6,2,1,2,0.0,0,BB,PRT,Online TA,TA/TO,0,0,0,D,D,0,No Deposit,240.0,0,Transient,41.4,0,2
Resort Hotel,0,31,2015,December,50,6,2,2,2,0.0,0,BB,GBR,Online TA,TA/TO,0,0,0,E,E,0,No Deposit,240.0,0,Transient,65.7,0,2
Resort Hotel,0,35,2015,December,50,7,1,0,2,0.0,0,BB,POL,Offline TA/TO,TA/TO,0,0,0,E,E,0,No Deposit,8.0,0,Transient,45.0,0,0
Resort Hotel,1,49,2015,December,50,7,1,1,2,0.0,0,BB,PRT,Offline TA/TO,TA/TO,0,0,0,D,D,0,No Deposit,36.0,0,Transient,39.96,0,0
Resort Hotel,1,35,2015,December,50,7,2,5,2,0.0,0,BB,PRT,Online TA,TA/TO,0,0,0,A,A,0,No Deposit,240.0,0,Transient,44.49,0,1
Resort Hotel,1,25,2015,December,50,7,2,5,2,0.0,0,BB,PRT,Online TA,TA/TO,0,0,0,A,A,0,No Deposit,240.0,0,Transient,44.49,0,0
Resort Hotel,0,183,2015,December,50,8,8,20,2,0.0,0,BB,GBR,Online TA,TA/TO,0,0,0,E,E,0,No Deposit,241.0,0,Transient,44.5,0,1
Resort Hotel,0,140,2015,December,50,10,0,0,2,0.0,0,HB,PRT,Online TA,TA/TO,0,0,0,F,I,0,No Deposit,241.0,0,Transient,0.0,0,1
Resort Hotel,0,192,2015,December,50,10,0,1,2,0.0,0,BB,ZAF,Online TA,TA/TO,0,0,0,A,D,2,No Deposit,240.0,0,Transient,32.4,0,2
Resort Hotel,0,29,2015,December,50,10,0,3,2,0.0,0,BB,GBR,Offline TA/TO,TA/TO,0,0,0,A,A,0,No Deposit,115.0,0,Transient-Party,26.1,0,1
Resort Hotel,0,29,2015,December,50,10,0,3,2,0.0,0,BB,GBR,Offline TA/TO,TA/TO,0,0,0,A,A,0,No Deposit,115.0,0,Transient-Party,26.1,0,0
Resort Hotel,0,29,2015,December,50,10,0,3,2,0.0,0,BB,GBR,Offline TA/TO,TA/TO,0,0,0,A,A,0,No Deposit,115.0,0,Transient-Party,26.1,0,1
Resort Hotel,0,66,2015,December,50,10,2,5,2,0.0,0,HB,GBR,Offline TA/TO,TA/TO,0,0,0,A,A,0,No Deposit,115.0,0,Transient,50.93,0,0
Resort Hotel,0,29,2015,December,50,10,0,3,2,0.0,0,BB,GBR,Offline TA/TO,TA/TO,0,0,0,A,A,0,No Deposit,115.0,0,Transient-Party,26.1,0,0
Resort Hotel,0,29,2015,December,50,10,0,3,2,0.0,0,BB,GBR,Offline TA/TO,TA/TO,0,0,0,A,A,0,No Deposit,115.0,0,Transient-Party,26.1,0,1
Resort Hotel,0,126,2015,December,50,11,2,2,2,0.0,0,BB,GBR,Online TA,TA/TO,0,0,0,A,A,0,No Deposit,241.0,0,Transient,24.95,0,1
Resort Hotel,0,56,2015,December,50,11,2,3,2,0.0,0,BB,IRL,Online TA,TA/TO,0,0,0,E,E,0,No Deposit,240.0,0,Transient,58.7,0,1
Resort Hotel,0,66,2015,December,50,12,2,5,2,0.0,0,HB,GBR,Offline TA/TO,TA/TO,0,0,0,D,D,0,No Deposit,115.0,0,Transient,56.7,0,0
Resort Hotel,0,194,2015,December,50,12,2,5,2,0.0,0,BB,GBR,Online TA,TA/TO,0,0,0,A,A,0,No Deposit,241.0,0,Transient,28.33,0,0
Resort Hotel,1,33,2015,December,51,14,1,2,2,0.0,0,BB,PRT,Online TA,TA/TO,0,0,0,D,D,0,No Deposit,240.0,0,Transient,46.4,0,2
Resort Hotel,0,103,2015,December,51,14,1,4,2,0.0,0,BB,GBR,Online TA,TA/TO,0,0,0,A,A,0,No Deposit,241.0,0,Transient,26.95,0,1
Resort Hotel,0,71,2015,December,51,15,0,0,2,0.0,0,BB,PRT,Online TA,TA/TO,0,0,0,A,I,1,No Deposit,240.0,0,Transient,0.0,0,0
Resort Hotel,0,44,2015,December,51,17,0,1,2,0.0,0,BB,PRT,Offline TA/TO,TA/TO,0,0,0,A,A,0,No Deposit,6.0,0,Transient,29.0,1,0
Resort Hotel,0,261,2015,December,51,17,2,7,2,0.0,0,BB,GBR,Online TA,TA/TO,0,0,0,D,E,0,No Deposit,240.0,0,Transient,38.7,0,2
Resort Hotel,1,125,2015,December,51,17,2,8,2,0.0,0,BB,PRT,Online TA,TA/TO,0,0,0,D,D,0,No Deposit,240.0,0,Transient,46.16,0,2
Resort Hotel,0,52,2015,December,51,17,2,8,2,0.0,0,BB,GBR,Offline TA/TO,TA/TO,0,0,0,D,D,0,No Deposit,115.0,0,Transient,37.3,0,1
Resort Hotel,0,49,2015,December,51,17,6,13,2,0.0,0,BB,DEU,Offline TA/TO,TA/TO,0,0,0,E,E,0,No Deposit,177.0,0,Transient,45.33,0,0
Resort Hotel,1,58,2015,December,51,17,6,13,2,0.0,0,BB,PRT,Offline TA/TO,TA/TO,0,0,0,E,E,0,No Deposit,314.0,0,Transient,51.99,0,0
Resort Hotel,0,113,2015,December,51,18,0,0,2,0.0,0,BB,PRT,Online TA,TA/TO,0,0,0,A,I,0,No Deposit,240.0,0,Transient,0.0,0,2
Resort Hotel,0,60,2015,December,51,18,0,1,2,0.0,0,BB,PRT,Online TA,TA/TO,0,0,0,E,E,1,No Deposit,240.0,0,Transient,56.7,1,2
Resort Hotel,0,45,2015,December,51,18,2,2,2,0.0,0,BB,ITA,Offline TA/TO,TA/TO,0,0,0,A,F,1,No Deposit,8.0,0,Transient,47.0,1,1
Resort Hotel,0,86,2015,December,51,18,2,3,2,0.0,0,BB,FIN,Online TA,TA/TO,0,0,0,E,E,1,No Deposit,240.0,0,Transient,56.4,1,0
Resort Hotel,1,93,2015,December,51,19,0,1,2,0.0,0,FB,PRT,Groups,Direct,0,0,0,A,A,0,Non Refund,,0,Transient,80.0,0,0
Resort Hotel,1,93,2015,December,51,19,0,1,2,0.0,0,FB,PRT,Groups,Direct,0,0,0,A,A,0,Non Refund,,0,Transient,80.0,0,0
Resort Hotel,1,93,2015,December,51,19,0,1,2,0.0,0,FB,PRT,Groups,Direct,0,0,0,A,A,0,Non Refund,,0,Transient,80.0,0,0
Resort Hotel,1,93,2015,December,51,19,0,1,2,0.0,0,FB,PRT,Groups,Direct,0,0,0,A,A,0,Non Refund,,0,Transient,80.0,0,0
Resort Hotel,1,93,2015,December,51,19,0,1,2,0.0,0,FB,PRT,Groups,Direct,0,0,0,A,A,0,Non Refund,,0,Transient,80.0,0,0
Resort Hotel,1,93,2015,December,51,19,0,1,2,0.0,0,FB,PRT,Groups,Direct,0,0,0,A,A,0,Non Refund,,0,Transient,80.0,0,0
Resort Hotel,1,93,2015,December,51,19,0,1,2,0.0,0,FB,PRT,Groups,Direct,0,0,0,A,A,0,Non Refund,,0,Transient,80.0,0,0
Resort Hotel,1,93,2015,December,51,19,0,1,2,0.0,0,FB,PRT,Groups,Direct,0,0,0,A,A,0,Non Refund,,0,Transient,80.0,0,0
Resort Hotel,1,93,2015,December,51,19,0,1,2,0.0,0,FB,PRT,Groups,Direct,0,0,0,A,A,0,Non Refund,,0,Transient,80.0,0,0
Resort Hotel,1,93,2015,December,51,19,0,1,2,0.0,0,FB,PRT,Groups,Direct,0,0,0,A,A,0,Non Refund,,0,Transient,80.0,0,0
Resort Hotel,1,93,2015,December,51,19,0,1,2,0.0,0,FB,PRT,Groups,Direct,0,0,0,A,A,0,Non Refund,,0,Transient,80.0,0,0
Resort Hotel,1,93,2015,December,51,19,0,1,2,0.0,0,FB,PRT,Groups,Direct,0,0,0,A,A,0,Non Refund,,0,Transient,80.0,0,0
Resort Hotel,1,93,2015,December,51,19,0,1,2,0.0,0,FB,PRT,Groups,Direct,0,0,0,A,A,0,Non Refund,,0,Transient,80.0,0,0
Resort Hotel,1,93,2015,December,51,19,0,1,2,0.0,0,FB,PRT,Groups,Direct,0,0,0,A,A,0,Non Refund,,0,Transient,80.0,0,0
Resort Hotel,1,93,2015,December,51,19,0,1,2,0.0,0,FB,PRT,Groups,Direct,0,0,0,A,A,0,Non Refund,,0,Transient,80.0,0,0
Resort Hotel,1,93,2015,December,51,19,0,1,2,0.0,0,FB,PRT,Groups,Direct,0,0,0,A,A,0,Non Refund,,0,Transient,80.0,0,0
Resort Hotel,1,93,2015,December,51,19,0,1,2,0.0,0,FB,PRT,Groups,Direct,0,0,0,A,A,0,Non Refund,,0,Transient,80.0,0,0
Resort Hotel,1,93,2015,December,51,19,0,1,2,0.0,0,FB,PRT,Groups,Direct,0,0,0,A,A,0,Non Refund,,0,Transient,80.0,0,0
Resort Hotel,1,93,2015,December,51,19,0,1,2,0.0,0,FB,PRT,Groups,Direct,0,0,0,A,A,0,Non Refund,,0,Transient,80.0,0,0
Resort Hotel,1,93,2015,December,51,19,0,1,2,0.0,0,FB,PRT,Groups,Direct,0,0,0,A,A,0,Non Refund,,0,Transient,80.0,0,0
Resort Hotel,1,93,2015,December,51,19,0,1,2,0.0,0,FB,PRT,Groups,Direct,0,0,0,A,A,0,Non Refund,,0,Transient,80.0,0,0
Resort Hotel,1,93,2015,December,51,19,0,1,2,0.0,0,FB,PRT,Groups,Direct,0,0,0,A,A,0,Non Refund,,0,Transient,80.0,0,0
Resort Hotel,1,93,2015,December,51,19,0,1,2,0.0,0,FB,PRT,Groups,Direct,0,0,0,A,A,0,Non Refund,,0,Transient,80.0,0,0
Resort Hotel,1,93,2015,December,51,19,0,1,2,0.0,0,FB,PRT,Groups,Direct,0,0,0,A,A,0,Non Refund,,0,Transient,80.0,0,0
Resort Hotel,1,93,2015,December,51,19,0,1,2,0.0,0,FB,PRT,Groups,Direct,0,0,0,A,A,0,Non Refund,,0,Transient,80.0,0,0
Resort Hotel,0,39,2015,December,51,19,2,1,2,0.0,0,BB,KOR,Online TA,TA/TO,0,0,0,D,D,1,No Deposit,240.0,0,Transient,46.4,0,1
Resort Hotel,0,88,2015,December,51,19,2,2,2,0.0,0,BB,GBR,Offline TA/TO,TA/TO,0,0,0,E,E,0,No Deposit,177.0,0,Transient,40.5,0,0
Resort Hotel,1,118,2015,December,52,20,4,9,2,0.0,0,BB,PRT,Online TA,TA/TO,0,0,0,D,D,0,No Deposit,240.0,0,Transient,50.33,0,2
Resort Hotel,1,216,2015,December,52,20,4,9,2,0.0,0,BB,PRT,Online TA,TA/TO,0,0,0,A,A,0,No Deposit,240.0,0,Transient,40.29,0,1
Resort Hotel,1,169,2015,December,52,20,4,9,2,0.0,0,BB,PRT,Online TA,TA/TO,0,0,0,A,A,0,No Deposit,240.0,0,Transient,36.26,0,1
Resort Hotel,1,216,2015,December,52,20,4,9,2,0.0,0,BB,PRT,Online TA,TA/TO,0,0,0,A,A,0,No Deposit,240.0,0,Transient,44.77,0,1
Resort Hotel,1,169,2015,December,52,20,4,9,2,0.0,0,BB,PRT,Online TA,TA/TO,0,0,0,A,A,0,No Deposit,240.0,0,Transient,36.26,0,1
Resort Hotel,0,48,2015,December,52,20,2,2,2,0.0,0,BB,PRT,Online TA,TA/TO,0,0,0,A,D,0,No Deposit,240.0,0,Transient,48.0,0,0
Resort Hotel,1,113,2015,December,52,20,2,5,2,0.0,0,BB,PRT,Online TA,TA/TO,0,0,0,A,A,1,No Deposit,240.0,0,Transient,32.4,0,1
Resort Hotel,1,113,2015,December,52,20,2,5,2,0.0,0,BB,PRT,Online TA,TA/TO,0,0,0,A,A,0,No Deposit,240.0,0,Transient,32.4,0,1
Resort Hotel,0,126,2015,December,52,21,1,5,2,0.0,0,HB,GBR,Online TA,TA/TO,0,0,0,A,A,0,No Deposit,147.0,0,Transient,58.52,0,0
Resort Hotel,0,67,2015,December,52,21,1,5,2,0.0,0,HB,GBR,Offline TA/TO,TA/TO,0,0,0,A,A,0,No Deposit,6.0,0,Transient,58.5,0,0
Resort Hotel,1,209,2015,December,52,21,2,5,2,0.0,0,HB,PRT,Offline TA/TO,TA/TO,0,0,0,D,D,0,No Deposit,314.0,0,Contract,54.0,0,1
Resort Hotel,1,94,2015,December,52,21,3,6,2,0.0,0,BB,PRT,Online TA,TA/TO,0,0,0,D,D,0,No Deposit,241.0,0,Transient,31.88,0,2
Resort Hotel,1,94,2015,December,52,21,3,6,2,0.0,0,BB,PRT,Online TA,TA/TO,0,0,0,A,A,0,No Deposit,241.0,0,Transient,31.18,0,2
Resort Hotel,1,39,2015,December,52,21,3,6,2,0.0,0,BB,PRT,Online TA,TA/TO,0,0,0,D,D,0,No Deposit,240.0,0,Transient,50.77,0,2
Resort Hotel,1,94,2015,December,52,21,3,6,2,0.0,0,BB,PRT,Online TA,TA/TO,0,0,0,D,D,0,No Deposit,241.0,0,Transient,31.88,0,2
Resort Hotel,1,39,2015,December,52,21,3,6,2,0.0,0,BB,PRT,Online TA,TA/TO,0,0,0,D,D,0,No Deposit,240.0,0,Transient,50.77,0,2
Resort Hotel,1,94,2015,December,52,21,3,6,2,0.0,0,BB,PRT,Online TA,TA/TO,0,0,0,A,A,0,No Deposit,241.0,0,Transient,31.18,0,1
Resort Hotel,0,119,2015,December,52,21,2,5,2,0.0,0,BB,PRT,Online TA,TA/TO,0,0,0,A,A,0,No Deposit,241.0,0,Transient,24.95,0,1
Resort Hotel,0,60,2015,December,52,22,2,5,2,0.0,0,BB,GBR,Direct,Direct,0,0,0,A,A,0,No Deposit,250.0,0,Transient,36.0,0,0
Resort Hotel,0,131,2015,December,52,22,2,5,2,0.0,0,HB,IRL,Offline TA/TO,TA/TO,0,0,0,A,A,1,No Deposit,314.0,0,Transient-Party,64.14,0,1
Resort Hotel,0,131,2015,December,52,22,2,5,2,0.0,0,HB,IRL,Offline TA/TO,TA/TO,0,0,0,A,A,0,No Deposit,314.0,0,Transient,65.57,0,1
Resort Hotel,1,131,2015,December,52,22,2,5,2,0.0,0,HB,PRT,Offline TA/TO,TA/TO,0,0,0,A,A,0,No Deposit,314.0,0,Transient-Party,55.0,0,0
Resort Hotel,0,131,2015,December,52,22,2,5,2,0.0,0,HB,IRL,Offline TA/TO,TA/TO,0,0,0,A,A,0,No Deposit,314.0,0,Transient-Party,64.14,0,1
Resort Hotel,0,131,2015,December,52,22,2,5,2,0.0,0,HB,PRT,Offline TA/TO,TA/TO,0,0,0,A,A,0,No Deposit,314.0,0,Transient-Party,64.14,0,1
Resort Hotel,1,131,2015,December,52,22,2,5,2,0.0,0,HB,PRT,Offline TA/TO,TA/TO,0,0,0,A,A,0,No Deposit,314.0,0,Transient-Party,55.0,0,0
Resort Hotel,0,70,2015,December,52,22,2,5,2,0.0,0,BB,IRL,Offline TA/TO,TA/TO,0,0,0,A,A,0,No Deposit,156.0,0,Transient,34.79,0,0
Resort Hotel,0,131,2015,December,52,22,2,5,2,0.0,0,HB,IRL,Offline TA/TO,TA/TO,0,0,0,A,A,0,No Deposit,314.0,0,Transient-Party,64.14,0,1
Resort Hotel,0,131,2015,December,52,22,2,5,2,0.0,0,HB,IRL,Offline TA/TO,TA/TO,0,0,0,A,A,0,No Deposit,314.0,0,Transient,65.57,0,1
Resort Hotel,1,131,2015,December,52,22,2,5,2,0.0,0,HB,PRT,Offline TA/TO,TA/TO,0,0,0,A,A,0,No Deposit,314.0,0,Transient-Party,55.0,0,0
Resort Hotel,1,131,2015,December,52,22,2,5,2,0.0,0,HB,PRT,Offline TA/TO,TA/TO,0,0,0,A,A,0,No Deposit,314.0,0,Transient-Party,55.0,0,0
Resort Hotel,0,131,2015,December,52,22,2,5,2,0.0,0,HB,IRL,Groups,TA/TO,0,0,0,A,D,0,No Deposit,335.0,0,Transient-Party,75.57,0,1
Resort Hotel,0,131,2015,December,52,22,2,5,2,0.0,0,HB,IRL,Offline TA/TO,TA/TO,0,0,0,E,E,1,No Deposit,314.0,0,Transient-Party,81.29,0,1
Resort Hotel,1,131,2015,December,52,22,2,5,2,0.0,0,HB,PRT,Offline TA/TO,TA/TO,0,0,0,A,A,0,No Deposit,314.0,0,Transient-Party,55.0,0,0
Resort Hotel,1,131,2015,December,52,22,2,5,2,0.0,0,HB,PRT,Offline TA/TO,TA/TO,0,0,0,A,A,0,No Deposit,314.0,0,Transient-Party,55.0,0,0
Resort Hotel,1,131,2015,December,52,22,2,5,2,0.0,0,HB,PRT,Offline TA/TO,TA/TO,0,0,0,A,A,0,No Deposit,314.0,0,Transient-Party,55.0,0,0
Resort Hotel,1,131,2015,December,52,22,2,5,2,0.0,0,HB,PRT,Offline TA/TO,TA/TO,0,0,0,A,A,0,No Deposit,314.0,0,Transient-Party,55.0,0,0
Resort Hotel,1,131,2015,December,52,22,2,5,2,0.0,0,HB,PRT,Offline TA/TO,TA/TO,0,0,0,A,A,0,No Deposit,314.0,0,Transient-Party,55.0,0,0
Resort Hotel,0,131,2015,December,52,22,2,5,2,0.0,0,HB,AUS,Offline TA/TO,TA/TO,0,0,0,D,D,1,No Deposit,314.0,0,Transient-Party,72.14,0,1
Resort Hotel,0,131,2015,December,52,22,2,5,2,0.0,0,HB,IRL,Offline TA/TO,TA/TO,0,0,0,D,D,1,No Deposit,314.0,0,Transient-Party,72.14,0,1
Resort Hotel,0,119,2015,December,52,23,0,4,2,0.0,0,HB,ITA,Online TA,TA/TO,0,0,0,E,E,1,No Deposit,242.0,0,Transient,85.2,1,1
Resort Hotel,0,49,2015,December,52,23,0,0,2,0.0,0,HB,PRT,Online TA,TA/TO,0,0,0,F,F,1,No Deposit,242.0,0,Transient,0.0,0,0
Resort Hotel,0,48,2015,December,52,23,1,4,2,0.0,0,BB,BRA,Online TA,TA/TO,0,0,0,E,E,0,No Deposit,240.0,0,Transient,75.2,0,2
Resort Hotel,0,100,2015,December,52,23,2,4,2,0.0,0,BB,IRL,Offline TA/TO,TA/TO,0,0,0,D,D,0,No Deposit,156.0,0,Transient,31.64,0,0
Resort Hotel,1,70,2015,December,52,23,2,5,2,0.0,0,BB,PRT,Online TA,TA/TO,0,0,0,E,E,0,No Deposit,240.0,0,Transient,50.4,0,0
Resort Hotel,0,44,2015,December,52,23,2,5,2,0.0,0,HB,FRA,Offline TA/TO,TA/TO,0,0,0,A,D,1,No Deposit,6.0,0,Transient,73.4,0,0
Resort Hotel,0,44,2015,December,52,23,2,5,2,0.0,0,BB,FRA,Offline TA/TO,TA/TO,0,0,0,A,D,0,No Deposit,6.0,0,Transient,56.0,1,0
Resort Hotel,0,65,2015,December,52,23,2,8,2,0.0,0,BB,IRL,Online TA,TA/TO,0,0,0,E,E,0,No Deposit,240.0,0,Transient,82.17,0,1
Resort Hotel,0,45,2015,December,52,24,0,2,2,0.0,0,BB,PRT,Direct,Direct,0,0,0,A,A,0,No Deposit,,0,Transient,31.0,0,0
Resort Hotel,0,66,2015,December,52,24,0,2,2,0.0,0,BB,PRT,Online TA,TA/TO,0,0,0,A,D,0,No Deposit,240.0,0,Transient,43.2,0,1
Resort Hotel,0,59,2015,December,52,24,0,3,2,0.0,0,BB,PRT,Direct,Direct,0,0,0,A,A,1,No Deposit,,0,Transient-Party,45.0,0,1
Resort Hotel,0,59,2015,December,52,24,0,3,2,0.0,0,BB,PRT,Direct,Direct,0,0,0,D,D,1,No Deposit,,0,Transient-Party,51.0,1,0
Resort Hotel,0,44,2015,December,52,24,0,3,2,0.0,0,HB,ESP,Offline TA/TO,TA/TO,0,0,0,A,A,0,No Deposit,196.0,0,Transient,58.0,0,1
Resort Hotel,0,86,2015,December,52,24,2,5,2,0.0,0,BB,GBR,Offline TA/TO,TA/TO,0,0,0,A,A,1,No Deposit,171.0,0,Transient,34.33,0,1
Resort Hotel,0,119,2015,December,52,24,2,5,2,0.0,0,BB,GBR,Offline TA/TO,TA/TO,0,0,0,A,A,0,No Deposit,171.0,0,Transient,29.96,0,0
Resort Hotel,0,127,2015,December,52,24,2,5,2,0.0,0,BB,POL,Online TA,TA/TO,0,0,0,A,D,1,No Deposit,240.0,0,Transient-Party,37.29,0,1
Resort Hotel,0,79,2015,December,52,24,2,5,2,0.0,0,HB,GBR,Offline TA/TO,TA/TO,0,0,0,A,A,0,No Deposit,156.0,0,Transient,57.29,0,2
Resort Hotel,1,113,2015,December,52,24,2,6,2,0.0,0,BB,PRT,Online TA,TA/TO,0,0,0,A,A,0,No Deposit,240.0,0,Transient,40.95,0,1
Resort Hotel,0,57,2015,December,52,24,2,6,2,0.0,0,BB,CHE,Online TA,TA/TO,0,0,0,D,D,0,No Deposit,240.0,0,Transient,68.55,1,0
Resort Hotel,1,99,2015,December,52,24,4,10,2,0.0,0,BB,PRT,Direct,Direct,0,0,0,C,C,0,No Deposit,250.0,0,Transient,61.39,0,0
Resort Hotel,0,178,2015,December,52,24,0,3,2,0.0,0,BB,PRT,Online TA,TA/TO,0,0,0,A,D,0,No Deposit,240.0,0,Transient,29.16,0,0
Resort Hotel,0,51,2015,December,52,24,1,3,2,0.0,0,BB,LTU,Online TA,TA/TO,0,0,0,A,A,0,No Deposit,240.0,0,Transient,89.25,0,0
Resort Hotel,1,0,2015,December,52,25,0,1,2,0.0,0,BB,PRT,Online TA,TA/TO,0,0,0,A,A,0,Non Refund,240.0,0,Transient,55.0,0,0
Resort Hotel,1,0,2015,December,52,25,0,1,2,0.0,0,BB,PRT,Online TA,TA/TO,0,0,0,E,F,0,Non Refund,240.0,0,Transient,75.0,0,0
Resort Hotel,1,0,2015,December,52,25,0,1,2,0.0,0,BB,PRT,Online TA,TA/TO,0,0,0,A,A,0,Non Refund,240.0,0,Transient,55.0,0,0
Resort Hotel,1,0,2015,December,52,25,0,1,2,0.0,0,BB,PRT,Online TA,TA/TO,0,0,0,E,F,0,Non Refund,240.0,0,Transient,75.0,0,0
Resort Hotel,1,0,2015,December,52,25,0,1,2,0.0,0,BB,PRT,Online TA,TA/TO,0,0,0,E,F,0,Non Refund,240.0,0,Transient,75.0,0,0
Resort Hotel,1,0,2015,December,52,25,0,1,2,0.0,0,BB,PRT,Online TA,TA/TO,0,0,0,A,A,0,Non Refund,240.0,0,Transient,55.0,0,0
Resort Hotel,1,0,2015,December,52,25,0,1,2,0.0,0,BB,PRT,Online TA,TA/TO,0,0,0,A,A,0,Non Refund,240.0,0,Transient,55.0,0,0
Resort Hotel,1,0,2015,December,52,25,0,1,2,0.0,0,BB,PRT,Online TA,TA/TO,0,0,0,A,A,0,Non Refund,240.0,0,Transient,55.0,0,0
Resort Hotel,1,0,2015,December,52,25,0,1,2,0.0,0,BB,PRT,Online TA,TA/TO,0,0,0,A,A,0,Non Refund,240.0,0,Transient,55.0,0,0
Resort Hotel,1,0,2015,December,52,25,0,1,2,0.0,0,BB,PRT,Online TA,TA/TO,0,0,0,A,A,0,Non Refund,240.0,0,Transient,55.0,0,0
Resort Hotel,1,0,2015,December,52,25,0,1,2,0.0,0,BB,PRT,Online TA,TA/TO,0,0,0,E,F,0,Non Refund,240.0,0,Transient,75.0,0,0
Resort Hotel,1,0,2015,December,52,25,0,1,2,0.0,0,BB,PRT,Online TA,TA/TO,0,0,0,A,A,0,Non Refund,240.0,0,Transient,55.0,0,0
Resort Hotel,1,0,2015,December,52,25,0,1,2,0.0,0,BB,PRT,Online TA,TA/TO,0,0,0,A,A,0,Non Refund,240.0,0,Transient,55.0,0,0
Resort Hotel,1,0,2015,December,52,25,0,1,2,0.0,0,BB,PRT,Online TA,TA/TO,0,0,0,A,A,0,Non Refund,240.0,0,Transient,55.0,0,0
Resort Hotel,1,0,2015,December,52,25,0,1,2,0.0,0,BB,PRT,Online TA,TA/TO,0,0,0,A,A,0,Non Refund,240.0,0,Transient,55.0,0,0
Resort Hotel,1,0,2015,December,52,25,0,1,2,0.0,0,BB,PRT,Online TA,TA/TO,0,0,0,A,A,0,Non Refund,240.0,0,Transient,55.0,0,0
Resort Hotel,0,55,2015,December,52,25,1,2,2,0.0,0,BB,ESP,Offline TA/TO,TA/TO,0,0,0,A,A,0,No Deposit,6.0,0,Transient,26.1,0,3
Resort Hotel,0,55,2015,December,52,25,1,2,2,0.0,0,BB,ESP,Offline TA/TO,TA/TO,0,0,0,A,A,0,No Deposit,6.0,0,Transient,26.1,0,3
Resort Hotel,0,45,2015,December,52,25,2,3,2,0.0,0,BB,ESP,Offline TA/TO,TA/TO,0,0,0,A,A,0,No Deposit,196.0,0,Transient,30.0,0,0
Resort Hotel,1,130,2015,December,52,26,2,2,2,0.0,0,BB,PRT,Online TA,TA/TO,0,0,0,A,A,0,No Deposit,240.0,0,Transient,29.16,0,2
Resort Hotel,0,114,2015,December,52,26,2,4,2,0.0,0,BB,GBR,Offline TA/TO,TA/TO,0,0,0,D,D,1,No Deposit,156.0,0,Contract,41.33,0,1
Resort Hotel,1,238,2015,December,52,26,2,5,2,0.0,0,BB,PRT,Online TA,TA/TO,0,0,0,E,E,1,No Deposit,240.0,0,Transient,79.86,0,0
Resort Hotel,1,215,2015,December,52,26,2,5,2,0.0,0,BB,PRT,Online TA,TA/TO,0,0,0,A,A,0,No Deposit,240.0,0,Transient,47.06,0,0
Resort Hotel,1,59,2015,December,52,26,2,6,2,0.0,0,BB,PRT,Online TA,TA/TO,0,0,0,A,A,1,No Deposit,240.0,0,Transient,65.18,0,1
Resort Hotel,0,129,2015,December,52,26,4,6,2,0.0,0,BB,ESP,Online TA,TA/TO,0,0,0,E,E,0,No Deposit,240.0,0,Transient,71.88,1,0
Resort Hotel,0,62,2015,December,53,27,2,0,2,0.0,0,BB,CRI,Online TA,TA/TO,0,0,0,A,A,0,No Deposit,241.0,0,Transient,33.26,0,0
Resort Hotel,0,62,2015,December,53,27,2,0,2,0.0,0,BB,CRI,Online TA,TA/TO,0,0,0,A,A,0,No Deposit,241.0,0,Transient,39.26,1,1
Resort Hotel,1,27,2015,December,53,27,2,2,2,0.0,0,BB,PRT,Direct,Direct,0,0,0,F,F,0,No Deposit,250.0,0,Transient,75.0,0,1
Resort Hotel,1,83,2015,December,53,27,2,3,2,0.0,0,BB,PRT,Online TA,TA/TO,0,0,0,E,E,0,No Deposit,240.0,0,Transient,71.28,0,0
Resort Hotel,1,133,2015,December,53,28,1,1,2,0.0,0,BB,PRT,Online TA,TA/TO,0,0,0,A,A,0,No Deposit,240.0,0,Transient,29.16,0,1
Resort Hotel,1,3,2015,December,53,28,1,1,2,0.0,0,BB,PRT,Online TA,TA/TO,0,0,0,A,A,0,No Deposit,240.0,0,Transient,55.0,0,0
Resort Hotel,1,49,2015,December,53,28,1,1,2,0.0,0,BB,PRT,Online TA,TA/TO,0,0,0,A,D,0,No Deposit,240.0,0,Transient,48.0,0,2
Resort Hotel,1,126,2015,December,53,28,1,2,2,0.0,0,BB,PRT,Online TA,TA/TO,0,0,0,A,A,0,No Deposit,240.0,0,Transient,39.42,0,1
Resort Hotel,0,90,2015,December,53,28,1,4,2,0.0,0,BB,FRA,Direct,Direct,0,0,0,E,E,0,No Deposit,,0,Transient,125.51,1,0
Resort Hotel,0,81,2015,December,53,28,1,5,2,0.0,0,BB,GBR,Offline TA/TO,TA/TO,0,0,0,A,A,1,No Deposit,36.0,0,Transient-Party,49.92,0,0
Resort Hotel,0,81,2015,December,53,28,1,5,2,0.0,0,BB,GBR,Offline TA/TO,TA/TO,0,0,0,A,A,1,No Deposit,36.0,0,Transient-Party,51.92,0,0
Resort Hotel,0,101,2015,December,53,28,4,10,2,0.0,0,HB,GBR,Offline TA/TO,TA/TO,0,0,0,E,E,0,No Deposit,115.0,0,Transient,72.63,0,1
Resort Hotel,1,66,2015,December,53,28,1,3,2,0.0,0,BB,PRT,Direct,Direct,0,0,0,D,D,0,No Deposit,,0,Transient,73.5,0,0
Resort Hotel,0,49,2015,December,53,28,1,3,2,0.0,0,BB,PRT,Online TA,TA/TO,0,0,0,D,D,0,No Deposit,240.0,0,Transient,89.5,1,2
Resort Hotel,0,53,2015,December,53,28,1,3,2,0.0,0,BB,FRA,Online TA,TA/TO,0,0,0,E,E,0,No Deposit,240.0,0,Transient,81.9,0,1
Resort Hotel,1,75,2015,December,53,29,0,4,2,0.0,0,BB,PRT,Online TA,TA/TO,0,0,0,A,A,0,No Deposit,240.0,0,Transient,66.83,0,1
Resort Hotel,0,94,2015,December,53,29,2,7,2,0.0,0,BB,PRT,Online TA,TA/TO,0,0,0,E,E,0,No Deposit,241.0,0,Transient,73.7,0,1
Resort Hotel,1,160,2015,December,53,29,2,8,2,0.0,0,BB,PRT,Online TA,TA/TO,0,0,0,D,D,1,No Deposit,240.0,0,Transient,62.88,0,2
Resort Hotel,0,165,2015,December,53,30,0,4,2,0.0,0,Undefined,PRT,Groups,TA/TO,0,0,0,A,A,0,No Deposit,308.0,122,Transient-Party,136.5,0,0
Resort Hotel,0,165,2015,December,53,30,0,4,2,0.0,0,Undefined,PRT,Groups,TA/TO,0,0,0,A,A,0,No Deposit,308.0,122,Transient-Party,136.5,0,0
Resort Hotel,0,165,2015,December,53,30,0,4,2,0.0,0,Undefined,PRT,Groups,TA/TO,0,0,0,A,C,0,No Deposit,308.0,122,Transient-Party,136.5,0,0
Resort Hotel,0,165,2015,December,53,30,0,4,2,0.0,0,Undefined,PRT,Groups,TA/TO,0,0,0,A,D,0,No Deposit,308.0,122,Transient-Party,136.5,0,0
Resort Hotel,0,65,2015,December,53,30,0,4,2,0.0,0,BB,PRT,Online TA,TA/TO,0,0,0,E,E,0,No Deposit,240.0,0,Transient,102.6,0,2
Resort Hotel,0,165,2015,December,53,30,0,4,2,0.0,0,Undefined,PRT,Groups,TA/TO,0,0,0,A,C,0,No Deposit,308.0,122,Transient-Party,136.5,0,0
Resort Hotel,0,165,2015,December,53,30,0,4,2,0.0,0,Undefined,PRT,Groups,TA/TO,0,0,0,A,C,0,No Deposit,308.0,122,Transient-Party,136.5,0,0
Resort Hotel,0,165,2015,December,53,30,0,4,2,0.0,0,Undefined,PRT,Groups,TA/TO,0,0,0,A,A,0,No Deposit,308.0,122,Transient-Party,136.5,0,0
Resort Hotel,0,165,2015,December,53,30,0,4,2,0.0,0,Undefined,PRT,Groups,TA/TO,0,0,0,A,A,0,No Deposit,308.0,122,Transient-Party,136.5,0,0
Resort Hotel,0,165,2015,December,53,30,0,4,2,0.0,0,Undefined,PRT,Groups,TA/TO,0,0,0,A,A,0,No Deposit,308.0,122,Transient-Party,136.5,0,0
Resort Hotel,0,165,2015,December,53,30,0,4,2,0.0,0,Undefined,PRT,Groups,TA/TO,0,0,0,A,A,1,No Deposit,308.0,122,Transient-Party,136.5,0,0
Resort Hotel,0,165,2015,December,53,30,0,4,2,0.0,0,Undefined,PRT,Groups,TA/TO,0,0,0,A,E,0,No Deposit,308.0,122,Transient-Party,136.5,0,0
Resort Hotel,0,165,2015,December,53,30,0,4,2,0.0,0,Undefined,PRT,Groups,TA/TO,0,0,0,A,A,0,No Deposit,308.0,122,Transient-Party,136.5,0,0
Resort Hotel,0,165,2015,December,53,30,0,4,2,0.0,0,Undefined,PRT,Groups,TA/TO,0,0,0,A,A,0,No Deposit,308.0,122,Transient-Party,136.5,0,0
Resort Hotel,0,165,2015,December,53,30,0,4,2,0.0,0,Undefined,PRT,Groups,TA/TO,0,0,0,A,A,2,No Deposit,308.0,122,Transient-Party,136.5,0,0
Resort Hotel,1,54,2015,December,53,30,0,4,2,0.0,0,BB,PRT,Online TA,TA/TO,0,0,0,D,D,0,No Deposit,240.0,0,Transient,107.75,0,2
Resort Hotel,0,165,2015,December,53,30,0,4,2,0.0,0,Undefined,PRT,Groups,TA/TO,0,0,0,A,A,0,No Deposit,308.0,122,Transient-Party,136.5,0,0
Resort Hotel,0,165,2015,December,53,30,0,4,2,0.0,0,Undefined,PRT,Groups,TA/TO,0,0,0,A,A,0,No Deposit,308.0,122,Transient-Party,136.5,0,0
Resort Hotel,0,165,2015,December,53,30,0,4,2,0.0,0,Undefined,PRT,Groups,TA/TO,0,0,0,A,A,0,No Deposit,308.0,122,Transient-Party,136.5,0,0
Resort Hotel,0,165,2015,December,53,30,0,4,2,0.0,0,Undefined,PRT,Groups,TA/TO,0,0,0,A,C,0,No Deposit,308.0,122,Transient-Party,136.5,0,0
Resort Hotel,0,165,2015,December,53,30,0,4,2,0.0,0,Undefined,PRT,Groups,TA/TO,0,0,0,A,A,0,No Deposit,308.0,122,Transient-Party,138.5,0,0
Resort Hotel,0,165,2015,December,53,30,0,4,2,0.0,0,Undefined,PRT,Groups,TA/TO,0,0,0,A,A,0,No Deposit,308.0,122,Transient-Party,136.5,0,0
Resort Hotel,0,165,2015,December,53,30,0,4,2,0.0,0,Undefined,PRT,Groups,TA/TO,0,0,0,A,A,0,No Deposit,308.0,122,Transient-Party,136.5,0,0
Resort Hotel,0,165,2015,December,53,30,0,4,2,0.0,0,Undefined,PRT,Groups,TA/TO,0,0,0,A,C,0,No Deposit,308.0,122,Transient-Party,136.5,0,0
Resort Hotel,0,165,2015,December,53,30,0,4,2,0.0,0,Undefined,PRT,Groups,TA/TO,0,0,0,A,A,0,No Deposit,308.0,122,Transient-Party,136.5,0,0
Resort Hotel,0,65,2015,December,53,30,0,4,2,0.0,0,BB,PRT,Online TA,TA/TO,0,0,0,E,E,0,No Deposit,240.0,0,Transient,102.6,0,2
Resort Hotel,1,9,2015,December,53,30,1,4,2,0.0,0,BB,PRT,Direct,Direct,0,0,0,A,A,0,No Deposit,,0,Transient,129.2,0,0
Resort Hotel,1,9,2015,December,53,30,1,4,2,0.0,0,BB,PRT,Direct,Direct,0,0,0,A,A,0,No Deposit,,0,Transient,129.2,0,0
Resort Hotel,0,165,2015,December,53,30,0,4,2,0.0,0,Undefined,PRT,Groups,TA/TO,0,0,0,A,A,0,No Deposit,308.0,122,Transient-Party,136.5,0,0
Resort Hotel,0,165,2015,December,53,30,0,4,2,0.0,0,Undefined,PRT,Groups,TA/TO,0,0,0,A,A,0,No Deposit,308.0,122,Transient-Party,136.5,0,0
Resort Hotel,0,165,2015,December,53,30,0,4,2,0.0,0,Undefined,PRT,Groups,TA/TO,0,0,0,A,A,0,No Deposit,308.0,122,Transient-Party,136.5,0,0
Resort Hotel,0,165,2015,December,53,30,0,4,2,0.0,0,Undefined,PRT,Groups,TA/TO,0,0,0,A,E,0,No Deposit,308.0,122,Transient-Party,136.5,0,0
Resort Hotel,0,165,2015,December,53,30,0,4,2,0.0,0,Undefined,PRT,Groups,TA/TO,0,0,0,A,C,1,No Deposit,308.0,122,Transient-Party,136.5,0,0
Resort Hotel,0,165,2015,December,53,30,0,4,2,0.0,0,Undefined,PRT,Groups,TA/TO,0,0,0,A,A,0,No Deposit,308.0,122,Transient-Party,136.5,0,0
Resort Hotel,0,165,2015,December,53,30,0,4,2,0.0,0,Undefined,PRT,Groups,TA/TO,0,0,0,A,A,0,No Deposit,308.0,122,Transient-Party,136.5,0,0
Resort Hotel,0,165,2015,December,53,30,0,4,2,0.0,0,Undefined,PRT,Groups,TA/TO,0,0,0,A,A,0,No Deposit,308.0,122,Transient-Party,136.5,0,0
Resort Hotel,0,165,2015,December,53,30,0,4,2,0.0,0,Undefined,PRT,Groups,TA/TO,0,0,0,A,C,0,No Deposit,308.0,122,Transient-Party,136.5,0,0
Resort Hotel,0,165,2015,December,53,30,0,4,2,0.0,0,Undefined,PRT,Groups,TA/TO,0,0,0,A,D,0,No Deposit,308.0,122,Transient-Party,136.5,0,0
Resort Hotel,0,165,2015,December,53,30,0,4,2,0.0,0,Undefined,PRT,Groups,TA/TO,0,0,0,A,A,0,No Deposit,308.0,122,Transient-Party,136.5,0,0
Resort Hotel,0,165,2015,December,53,30,0,4,2,0.0,0,Undefined,PRT,Groups,TA/TO,0,0,0,A,A,0,No Deposit,308.0,122,Transient-Party,136.5,0,0
Resort Hotel,0,165,2015,December,53,30,0,4,2,0.0,0,Undefined,PRT,Groups,TA/TO,0,0,0,A,C,0,No Deposit,308.0,122,Transient,136.5,0,0
Resort Hotel,0,165,2015,December,53,30,0,4,2,0.0,0,Undefined,PRT,Groups,TA/TO,0,0,0,A,D,0,No Deposit,308.0,122,Transient-Party,136.5,0,0
Resort Hotel,1,41,2015,December,53,30,2,5,2,0.0,0,BB,PRT,Online TA,TA/TO,0,0,0,D,D,0,No Deposit,240.0,0,Transient,86.29,0,1
Resort Hotel,1,43,2015,December,53,31,0,1,2,0.0,0,BB,PRT,Direct,Direct,0,0,0,D,D,0,No Deposit,,0,Transient,80.0,0,0
Resort Hotel,1,66,2015,December,53,31,0,2,2,0.0,0,HB,PRT,Direct,Direct,0,0,0,F,F,0,No Deposit,250.0,0,Transient,270.0,0,0
Resort Hotel,0,86,2015,December,53,31,0,2,2,0.0,0,BB,PRT,Direct,Direct,0,0,0,A,A,3,No Deposit,250.0,0,Transient,73.35,0,1
Resort Hotel,1,114,2015,December,53,31,0,2,2,0.0,0,BB,PRT,Direct,Direct,0,0,0,E,E,0,No Deposit,250.0,0,Transient,95.85,0,0
Resort Hotel,0,90,2015,December,53,31,0,2,2,0.0,0,BB,PRT,Online TA,TA/TO,0,0,0,A,A,0,No Deposit,240.0,0,Transient,66.02,0,0
Resort Hotel,0,69,2015,December,53,31,0,3,2,0.0,0,BB,PRT,Direct,Direct,0,0,0,D,D,0,No Deposit,,0,Transient,154.98,0,2
Resort Hotel,1,62,2015,December,53,31,0,3,2,0.0,0,BB,PRT,Online TA,TA/TO,0,0,0,E,E,0,No Deposit,240.0,0,Transient,102.6,0,0
Resort Hotel,1,101,2015,December,53,31,0,3,2,0.0,0,BB,PRT,Online TA,TA/TO,0,0,0,E,E,0,No Deposit,240.0,0,Transient,93.6,0,0
Resort Hotel,1,66,2015,December,53,31,0,3,2,0.0,0,BB,PRT,Online TA,TA/TO,0,0,0,D,D,0,No Deposit,240.0,0,Transient,93.6,0,1
Resort Hotel,1,69,2015,December,53,31,0,3,2,0.0,0,BB,PRT,Online TA,TA/TO,0,0,0,D,D,0,No Deposit,240.0,0,Transient,93.6,0,1
Resort Hotel,1,45,2015,December,53,31,0,3,2,0.0,0,BB,PRT,Online TA,TA/TO,0,0,0,D,D,0,No Deposit,240.0,0,Transient,109.0,0,1
Resort Hotel,0,69,2015,December,53,31,0,3,2,0.0,0,BB,PRT,Direct,Direct,0,0,0,D,D,0,No Deposit,,0,Transient,160.98,0,2
Resort Hotel,1,49,2015,December,53,31,0,3,2,0.0,0,BB,PRT,Offline TA/TO,TA/TO,0,0,0,D,D,0,No Deposit,5.0,0,Transient,145.87,0,1
Resort Hotel,0,79,2015,December,53,31,0,3,2,0.0,0,BB,PRT,Direct,Direct,0,0,0,E,E,0,No Deposit,,0,Transient,169.48,1,0
Resort Hotel,0,70,2015,December,53,31,0,3,2,0.0,0,BB,PRT,Direct,Direct,0,0,0,D,D,0,No Deposit,,0,Transient,154.98,0,0
Resort Hotel,0,92,2015,December,53,31,2,5,2,0.0,0,HB,GBR,Offline TA/TO,TA/TO,0,0,0,A,A,0,No Deposit,156.0,0,Transient-Party,59.18,0,2
Resort Hotel,0,92,2015,December,53,31,2,5,2,0.0,0,HB,GBR,Offline TA/TO,TA/TO,0,0,0,A,A,0,No Deposit,156.0,0,Transient-Party,59.18,0,2
Resort Hotel,0,92,2015,December,53,31,2,5,2,0.0,0,HB,GBR,Offline TA/TO,TA/TO,0,0,0,A,A,0,No Deposit,156.0,0,Transient-Party,59.18,0,2
Resort Hotel,1,92,2015,December,53,31,2,6,2,0.0,0,BB,PRT,Online TA,TA/TO,0,0,0,E,E,1,No Deposit,240.0,0,Transient,66.6,0,0
Resort Hotel,0,109,2016,January,1,1,0,1,2,0.0,0,BB,RUS,Online TA,TA/TO,0,0,0,A,D,0,No Deposit,240.0,0,Transient-Party,59.94,0,1
Resort Hotel,1,2,2016,January,1,1,0,1,2,0.0,0,BB,PRT,Online TA,TA/TO,0,0,0,D,D,0,No Deposit,240.0,0,Transient,89.0,0,1
Resort Hotel,0,88,2016,January,1,1,0,2,2,0.0,0,HB,ARG,Online TA,TA/TO,0,0,0,A,D,0,No Deposit,241.0,0,Transient,73.46,0,2
Resort Hotel,1,76,2016,January,1,1,1,2,2,0.0,0,BB,PRT,Online TA,TA/TO,0,0,0,A,A,0,No Deposit,240.0,0,Transient,57.9,0,1
Resort Hotel,1,113,2016,January,1,2,0,1,2,0.0,0,HB,PRT,Groups,Direct,0,0,0,A,A,0,Non Refund,305.0,0,Transient,72.0,0,0
Resort Hotel,1,113,2016,January,1,2,0,1,2,0.0,0,HB,PRT,Groups,Direct,0,0,0,A,A,0,Non Refund,305.0,0,Transient,72.0,0,0
Resort Hotel,1,113,2016,January,1,2,0,1,2,0.0,0,HB,PRT,Groups,Direct,0,0,0,A,A,0,Non Refund,305.0,0,Transient,72.0,0,0
Resort Hotel,1,113,2016,January,1,2,0,1,2,0.0,0,HB,PRT,Groups,Direct,0,0,0,A,A,0,Non Refund,305.0,0,Transient,72.0,0,0
Resort Hotel,1,113,2016,January,1,2,0,1,2,0.0,0,HB,PRT,Groups,Direct,0,0,0,A,A,0,Non Refund,305.0,0,Transient,72.0,0,0
Resort Hotel,1,113,2016,January,1,2,0,1,2,0.0,0,HB,PRT,Groups,Direct,0,0,0,A,A,0,Non Refund,305.0,0,Transient,72.0,0,0
Resort Hotel,1,113,2016,January,1,2,0,1,2,0.0,0,HB,PRT,Groups,Direct,0,0,0,A,A,0,Non Refund,305.0,0,Transient,72.0,0,0
Resort Hotel,1,113,2016,January,1,2,0,1,2,0.0,0,HB,PRT,Groups,Direct,0,0,0,A,A,0,Non Refund,305.0,0,Transient,72.0,0,0
Resort Hotel,1,113,2016,January,1,2,0,1,2,0.0,0,HB,PRT,Groups,Direct,0,0,0,A,A,0,Non Refund,305.0,0,Transient,72.0,0,0
Resort Hotel,1,113,2016,January,1,2,0,1,2,0.0,0,HB,PRT,Groups,Direct,0,0,0,A,A,0,Non Refund,305.0,0,Transient,72.0,0,0
Resort Hotel,1,113,2016,January,1,2,0,1,2,0.0,0,HB,PRT,Groups,Direct,0,0,0,A,A,0,Non Refund,305.0,0,Transient,72.0,0,0
Resort Hotel,1,113,2016,January,1,2,0,1,2,0.0,0,HB,PRT,Groups,Direct,0,0,0,A,A,0,Non Refund,305.0,0,Transient,72.0,0,0
Resort Hotel,1,113,2016,January,1,2,0,1,2,0.0,0,HB,PRT,Groups,Direct,0,0,0,A,A,0,Non Refund,305.0,0,Transient,72.0,0,0
Resort Hotel,1,113,2016,January,1,2,0,1,2,0.0,0,HB,PRT,Groups,Direct,0,0,0,A,A,0,Non Refund,305.0,0,Transient,72.0,0,0
Resort Hotel,1,113,2016,January,1,2,0,1,2,0.0,0,HB,PRT,Groups,Direct,0,0,0,A,A,0,Non Refund,305.0,0,Transient,72.0,0,0
Resort Hotel,1,113,2016,January,1,2,0,1,2,0.0,0,HB,PRT,Groups,Direct,0,0,0,A,A,0,Non Refund,305.0,0,Transient,72.0,0,0
Resort Hotel,1,113,2016,January,1,2,0,1,2,0.0,0,HB,PRT,Groups,Direct,0,0,0,A,A,0,Non Refund,305.0,0,Transient,72.0,0,0
Resort Hotel,1,113,2016,January,1,2,0,1,2,0.0,0,HB,PRT,Groups,Direct,0,0,0,A,A,0,Non Refund,305.0,0,Transient,72.0,0,0
Resort Hotel,1,113,2016,January,1,2,0,1,2,0.0,0,HB,PRT,Groups,Direct,0,0,0,A,A,0,Non Refund,305.0,0,Transient,72.0,0,0
Resort Hotel,1,113,2016,January,1,2,0,1,2,0.0,0,HB,PRT,Groups,Direct,0,0,0,A,A,0,Non Refund,305.0,0,Transient,72.0,0,0
Resort Hotel,1,113,2016,January,1,2,0,1,2,0.0,0,HB,PRT,Groups,Direct,0,0,0,A,A,0,Non Refund,305.0,0,Transient,72.0,0,0
Resort Hotel,1,113,2016,January,1,2,0,1,2,0.0,0,HB,PRT,Groups,Direct,0,0,0,A,A,0,Non Refund,305.0,0,Transient,72.0,0,0
Resort Hotel,1,113,2016,January,1,2,0,1,2,0.0,0,HB,PRT,Groups,Direct,0,0,0,A,A,0,Non Refund,305.0,0,Transient,72.0,0,0
Resort Hotel,1,113,2016,January,1,2,0,1,2,0.0,0,HB,PRT,Groups,Direct,0,0,0,A,A,0,Non Refund,305.0,0,Transient,72.0,0,0
Resort Hotel,1,113,2016,January,1,2,0,1,2,0.0,0,HB,PRT,Groups,Direct,0,0,0,A,A,0,Non Refund,305.0,0,Transient,72.0,0,0
Resort Hotel,0,110,2016,January,1,2,2,5,2,0.0,0,BB,FRA,Online TA,TA/TO,0,0,0,D,E,0,No Deposit,240.0,0,Transient,46.93,0,3
Resort Hotel,1,103,2016,January,2,3,2,3,2,0.0,0,BB,PRT,Online TA,TA/TO,0,0,0,A,A,0,No Deposit,240.0,0,Transient,36.45,0,1
Resort Hotel,1,22,2016,January,2,3,2,4,2,0.0,0,BB,PRT,Online TA,TA/TO,0,0,0,E,E,0,No Deposit,240.0,0,Transient,96.0,0,2
Resort Hotel,1,0,2016,January,2,4,1,1,2,0.0,0,BB,PRT,Online TA,TA/TO,0,0,0,A,A,0,No Deposit,306.0,0,Transient,32.3,0,0
Resort Hotel,1,3,2016,January,2,4,1,2,2,0.0,0,BB,PRT,Online TA,TA/TO,0,0,0,E,E,0,No Deposit,240.0,0,Transient,52.8,0,1
Resort Hotel,1,5,2016,January,2,4,1,3,2,0.0,0,HB,PRT,Groups,Corporate,0,0,0,A,A,0,No Deposit,,0,Transient-Party,68.0,0,0
Resort Hotel,1,5,2016,January,2,4,1,3,2,0.0,0,HB,PRT,Groups,Corporate,0,0,0,A,A,0,No Deposit,,0,Transient-Party,68.0,0,0
Resort Hotel,1,5,2016,January,2,4,1,3,2,0.0,0,HB,PRT,Groups,Corporate,0,0,0,A,A,0,No Deposit,,0,Transient-Party,68.0,0,0
Resort Hotel,1,5,2016,January,2,4,1,3,2,0.0,0,HB,PRT,Groups,Corporate,0,0,0,A,A,0,No Deposit,,0,Transient-Party,68.0,0,0
Resort Hotel,1,20,2016,January,2,4,1,4,2,0.0,0,BB,PRT,Online TA,TA/TO,0,0,0,E,E,0,No Deposit,242.0,0,Transient,54.4,0,1
Resort Hotel,1,62,2016,January,2,4,1,4,2,0.0,0,BB,PRT,Online TA,TA/TO,0,0,0,E,E,0,No Deposit,240.0,0,Transient,61.2,0,1
Resort Hotel,1,132,2016,January,2,5,0,3,2,0.0,0,BB,PRT,Online TA,TA/TO,0,0,0,A,A,0,No Deposit,240.0,0,Transient,29.16,0,1
Resort Hotel,1,13,2016,January,2,5,8,20,2,0.0,0,Undefined,PRT,Offline TA/TO,TA/TO,0,0,0,A,A,0,No Deposit,332.0,0,Transient,65.0,0,0
Resort Hotel,0,86,2016,January,2,6,0,1,2,0.0,0,HB,GBR,Online TA,TA/TO,0,0,0,A,A,0,No Deposit,240.0,0,Transient,79.5,1,1
Resort Hotel,0,187,2016,January,2,6,0,4,2,0.0,0,BB,DEU,Online TA,TA/TO,0,0,0,D,D,0,No Deposit,240.0,0,Transient,41.4,0,1
Resort Hotel,0,85,2016,January,2,6,0,4,2,0.0,0,BB,BRA,Online TA,TA/TO,0,0,0,D,D,2,No Deposit,240.0,0,Transient,47.4,1,1
Resort Hotel,1,93,2016,January,2,6,2,6,2,0.0,0,BB,PRT,Direct,Direct,0,0,0,E,E,0,No Deposit,250.0,0,Transient,47.6,0,1
Resort Hotel,1,93,2016,January,2,6,2,6,2,0.0,0,BB,PRT,Direct,Direct,0,0,0,G,G,0,No Deposit,250.0,0,Transient,73.1,0,1
Resort Hotel,1,0,2016,January,2,7,0,1,2,0.0,0,BB,PRT,Online TA,TA/TO,0,0,0,A,A,0,No Deposit,240.0,0,Transient,48.0,0,2
Resort Hotel,1,143,2016,January,2,7,1,3,2,0.0,0,BB,PRT,Online TA,TA/TO,0,0,0,A,A,0,No Deposit,240.0,0,Transient,38.4,0,2
Resort Hotel,1,223,2016,January,2,7,2,5,2,0.0,0,BB,PRT,Offline TA/TO,TA/TO,0,0,0,A,A,0,No Deposit,171.0,0,Transient,107.0,0,0
Resort Hotel,1,13,2016,January,2,8,0,2,2,0.0,0,BB,PRT,Online TA,TA/TO,0,0,0,A,A,0,No Deposit,240.0,0,Transient,48.0,0,0
Resort Hotel,1,24,2016,January,2,8,0,2,2,0.0,0,BB,PRT,Online TA,TA/TO,0,0,0,A,A,1,No Deposit,240.0,0,Transient,48.0,0,1
Resort Hotel,1,2,2016,January,2,8,0,2,2,0.0,0,BB,PRT,Online TA,TA/TO,0,0,0,A,D,0,No Deposit,240.0,0,Transient,48.0,0,0
Resort Hotel,0,59,2016,January,2,8,0,2,2,0.0,0,BB,PRT,Offline TA/TO,TA/TO,0,0,0,A,A,0,No Deposit,8.0,0,Transient,29.0,0,0
Resort Hotel,1,6,2016,January,2,8,0,2,2,0.0,0,BB,PRT,Online TA,TA/TO,0,0,0,E,E,0,No Deposit,240.0,0,Transient,96.0,0,0
Resort Hotel,1,11,2016,January,2,8,1,2,2,0.0,0,BB,PRT,Offline TA/TO,TA/TO,0,0,0,A,A,0,No Deposit,314.0,0,Transient,29.0,0,1
Resort Hotel,1,19,2016,January,2,8,1,2,2,0.0,0,BB,PRT,Online TA,TA/TO,0,0,0,E,E,0,No Deposit,240.0,0,Transient,52.8,0,0
Resort Hotel,1,19,2016,January,2,8,1,2,2,0.0,0,BB,PRT,Online TA,TA/TO,0,0,0,A,A,0,No Deposit,240.0,0,Transient,52.8,0,0
Resort Hotel,0,74,2016,January,2,8,2,2,2,0.0,0,BB,IRL,Offline TA/TO,TA/TO,0,0,0,D,D,0,No Deposit,115.0,0,Transient,33.3,0,0
Resort Hotel,0,169,2016,January,2,8,2,3,2,0.0,0,BB,GBR,Online TA,TA/TO,0,0,0,E,E,0,No Deposit,240.0,0,Transient,50.4,0,1
Resort Hotel,1,200,2016,January,2,8,8,20,2,0.0,0,BB,PRT,Online TA,TA/TO,0,0,0,E,E,0,No Deposit,240.0,0,Transient,50.4,0,0
Resort Hotel,1,28,2016,January,2,9,0,1,2,0.0,0,BB,PRT,Online TA,TA/TO,0,0,0,D,D,0,No Deposit,240.0,0,Transient,56.0,0,1
Resort Hotel,1,28,2016,January,2,9,0,1,2,0.0,0,BB,PRT,Online TA,TA/TO,0,0,0,D,D,0,No Deposit,240.0,0,Transient,56.0,0,1
Resort Hotel,1,110,2016,January,2,9,2,1,2,0.0,0,BB,PRT,Online TA,TA/TO,0,0,0,A,A,0,No Deposit,240.0,0,Transient,36.45,0,0
Resort Hotel,1,15,2016,January,2,9,2,5,2,0.0,0,BB,PRT,Online TA,TA/TO,0,0,0,A,A,0,No Deposit,242.0,0,Transient,48.0,0,0
Resort Hotel,0,87,2016,January,2,9,4,10,2,0.0,0,BB,DEU,Offline TA/TO,TA/TO,0,0,0,A,A,0,No Deposit,171.0,0,Transient,26.1,0,0
Resort Hotel,1,6,2016,January,3,10,2,3,2,0.0,0,BB,PRT,Online TA,TA/TO,0,0,0,A,A,0,No Deposit,240.0,0,Transient,48.0,0,1
Resort Hotel,1,8,2016,January,3,12,0,2,2,0.0,0,BB,PRT,Direct,Direct,0,0,0,A,D,0,No Deposit,,0,Transient,43.0,0,0
Resort Hotel,1,99,2016,January,3,12,2,10,2,0.0,0,BB,PRT,Online TA,TA/TO,0,0,0,D,D,0,No Deposit,242.0,0,Transient,41.4,0,0
Resort Hotel,1,99,2016,January,3,12,2,10,2,0.0,0,BB,PRT,Online TA,TA/TO,0,0,0,D,D,0,No Deposit,242.0,0,Transient,41.4,0,1
Resort Hotel,0,172,2016,January,3,12,8,20,2,0.0,0,BB,GBR,Offline TA/TO,TA/TO,0,0,0,A,A,0,No Deposit,314.0,0,Contract,25.92,0,1
Resort Hotel,1,284,2016,January,3,12,8,20,2,0.0,0,BB,PRT,Offline TA/TO,TA/TO,0,0,0,A,A,0,No Deposit,171.0,0,Transient,26.1,0,0
Resort Hotel,1,122,2016,January,3,12,12,30,2,0.0,0,BB,PRT,Offline TA/TO,TA/TO,0,0,0,A,A,0,No Deposit,8.0,0,Transient,22.11,0,0
Resort Hotel,0,0,2016,January,3,13,0,0,2,0.0,0,BB,PRT,Online TA,TA/TO,0,0,0,D,I,0,No Deposit,242.0,0,Transient,0.0,0,1
Resort Hotel,0,23,2016,January,3,14,0,1,2,0.0,0,BB,USA,Direct,Direct,0,0,0,E,E,0,No Deposit,,0,Transient,48.0,0,0
Resort Hotel,1,0,2016,January,3,15,0,1,2,0.0,0,BB,PRT,Direct,Direct,0,0,0,A,D,0,No Deposit,,0,Transient-Party,44.0,0,0
Resort Hotel,1,34,2016,January,3,15,0,2,2,0.0,0,BB,PRT,Online TA,TA/TO,0,0,0,D,D,0,No Deposit,240.0,0,Transient,44.8,0,1
Resort Hotel,1,1,2016,January,3,16,0,1,2,0.0,0,BB,PRT,Online TA,TA/TO,0,0,0,E,E,0,No Deposit,240.0,0,Transient,59.0,0,1
Resort Hotel,1,7,2016,January,3,16,2,5,2,0.0,0,HB,PRT,Online TA,TA/TO,0,0,0,D,D,0,No Deposit,241.0,0,Transient,57.6,0,0
Resort Hotel,1,172,2016,January,4,17,3,5,2,0.0,0,HB,PRT,Online TA,TA/TO,0,0,0,A,A,0,No Deposit,240.0,0,Transient,59.4,0,1
Resort Hotel,1,172,2016,January,4,17,3,5,2,0.0,0,BB,PRT,Online TA,TA/TO,0,0,0,A,A,0,No Deposit,240.0,0,Transient,29.16,0,1
Resort Hotel,1,31,2016,January,4,18,1,2,2,0.0,0,BB,PRT,Online TA,TA/TO,0,0,0,D,D,0,No Deposit,240.0,0,Transient,44.8,0,1
Resort Hotel,1,34,2016,January,4,21,0,3,2,0.0,0,BB,PRT,Online TA,TA/TO,0,0,0,D,D,0,No Deposit,240.0,0,Transient,44.8,0,1
Resort Hotel,1,26,2016,January,4,21,0,3,2,0.0,0,BB,PRT,Online TA,TA/TO,0,0,0,D,D,0,No Deposit,240.0,0,Transient,44.8,0,1
Resort Hotel,0,101,2016,January,4,22,0,2,2,0.0,0,HB,GBR,Online TA,TA/TO,0,0,0,E,E,0,No Deposit,241.0,0,Transient,66.98,1,0
Resort Hotel,1,3,2016,January,4,22,0,1,2,0.0,0,BB,PRT,Offline TA/TO,TA/TO,0,0,0,A,D,0,No Deposit,330.0,0,Transient-Party,43.0,0,2
Resort Hotel,1,3,2016,January,4,22,0,2,2,0.0,0,BB,PRT,Direct,Direct,0,0,0,E,E,0,No Deposit,,0,Transient,52.8,0,1
Resort Hotel,1,13,2016,January,4,22,2,4,2,0.0,0,BB,PRT,Online TA,TA/TO,0,0,0,D,D,0,No Deposit,240.0,0,Transient,44.8,0,2
Resort Hotel,1,11,2016,January,4,23,0,1,2,0.0,0,BB,PRT,Online TA,TA/TO,0,0,0,A,D,0,No Deposit,240.0,0,Transient,48.0,0,0
Resort Hotel,1,1,2016,January,4,23,0,1,2,0.0,0,HB,PRT,Online TA,TA/TO,0,0,0,E,F,0,No Deposit,240.0,0,Transient,96.0,0,1
Resort Hotel,1,173,2016,January,5,25,1,0,2,0.0,0,HB,PRT,Online TA,TA/TO,0,0,0,A,A,0,No Deposit,240.0,0,Transient,59.4,0,1
Resort Hotel,1,14,2016,January,5,25,1,2,2,0.0,0,BB,PRT,Direct,Direct,0,0,0,E,E,0,No Deposit,,0,Transient,61.0,0,2
Resort Hotel,0,160,2016,January,5,25,1,3,2,0.0,0,BB,GBR,Online TA,TA/TO,0,0,0,E,E,0,No Deposit,241.0,0,Transient,36.86,0,1
Resort Hotel,0,154,2016,January,5,26,0,1,2,0.0,0,BB,KOR,Online TA,TA/TO,0,0,0,A,D,0,No Deposit,240.0,0,Transient,35.16,1,2
Resort Hotel,0,214,2016,January,5,26,12,30,2,0.0,0,BB,GBR,Offline TA/TO,TA/TO,0,0,0,D,D,0,No Deposit,8.0,0,Transient,31.45,0,0
Resort Hotel,0,154,2016,January,5,26,0,1,2,0.0,0,BB,KOR,Online TA,TA/TO,0,0,0,A,D,0,No Deposit,240.0,0,Transient,29.16,0,2
Resort Hotel,1,16,2016,January,5,27,0,2,2,0.0,0,BB,PRT,Online TA,TA/TO,0,0,0,A,A,0,No Deposit,240.0,0,Transient,48.0,0,1
Resort Hotel,1,80,2016,January,5,28,0,2,2,0.0,0,BB,PRT,Online TA,TA/TO,0,0,0,A,A,0,No Deposit,240.0,0,Transient,48.0,0,1
Resort Hotel,0,1,2016,January,5,29,0,1,2,0.0,0,BB,PRT,Direct,Direct,0,0,0,G,G,0,No Deposit,,0,Transient,75.0,1,0
Resort Hotel,1,48,2016,January,5,29,0,2,2,0.0,0,HB,PRT,Offline TA/TO,TA/TO,0,0,0,A,A,0,No Deposit,171.0,0,Transient,55.0,0,0
Resort Hotel,1,157,2016,January,5,29,2,5,2,0.0,0,HB,PRT,Online TA,TA/TO,0,0,0,F,F,0,No Deposit,242.0,0,Transient,88.2,0,1
Resort Hotel,1,15,2016,January,5,30,0,1,2,0.0,0,BB,PRT,Online TA,TA/TO,0,0,0,A,A,0,No Deposit,240.0,0,Transient,48.0,0,1
Resort Hotel,1,22,2016,January,6,31,2,2,2,0.0,0,BB,PRT,Online TA,TA/TO,0,0,0,E,E,0,No Deposit,240.0,0,Transient,52.8,0,2
Resort Hotel,1,13,2016,February,6,1,1,0,2,0.0,0,BB,PRT,Direct,Direct,0,0,0,E,E,1,No Deposit,250.0,0,Transient,67.0,0,0
Resort Hotel,1,28,2016,February,6,1,1,3,2,0.0,0,BB,PRT,Online TA,TA/TO,0,0,0,D,D,0,No Deposit,240.0,0,Transient,46.4,0,2
Resort Hotel,0,101,2016,February,6,1,2,5,2,0.0,0,BB,GBR,Online TA,TA/TO,0,0,0,A,A,0,No Deposit,240.0,0,Transient,43.2,0,1
Resort Hotel,1,133,2016,February,6,2,5,15,2,0.0,0,BB,PRT,Offline TA/TO,TA/TO,0,0,0,A,A,0,No Deposit,171.0,0,Transient,24.94,0,0
Resort Hotel,1,4,2016,February,6,3,0,2,2,0.0,0,BB,PRT,Online TA,TA/TO,0,0,0,E,E,0,No Deposit,240.0,0,Transient,68.0,0,1
Resort Hotel,0,116,2016,February,6,3,0,4,2,0.0,0,BB,GBR,Direct,Direct,0,0,0,F,F,0,No Deposit,250.0,0,Transient,56.1,0,1
Resort Hotel,1,100,2016,February,6,3,0,4,2,0.0,0,BB,PRT,Direct,Direct,0,0,0,F,F,0,No Deposit,250.0,0,Transient,56.1,0,0
Resort Hotel,0,97,2016,February,6,3,0,4,2,0.0,0,BB,GBR,Offline TA/TO,TA/TO,0,0,0,F,F,0,No Deposit,36.0,0,Transient,50.54,0,0
Resort Hotel,1,39,2016,February,6,3,2,5,2,0.0,0,HB,PRT,Offline TA/TO,TA/TO,0,0,0,A,A,0,No Deposit,6.0,0,Transient,55.0,0,0
Resort Hotel,1,46,2016,February,6,3,7,19,2,0.0,0,BB,PRT,Direct,Direct,0,0,0,A,A,1,No Deposit,,0,Transient-Party,38.0,0,1
Resort Hotel,1,142,2016,February,6,4,0,3,2,0.0,0,BB,PRT,Online TA,TA/TO,0,0,0,E,E,0,No Deposit,240.0,0,Transient,50.4,0,1
Resort Hotel,1,17,2016,February,6,4,0,3,2,0.0,0,BB,PRT,Online TA,TA/TO,0,0,0,A,A,0,No Deposit,240.0,0,Transient,54.67,0,1
Resort Hotel,1,99,2016,February,6,4,4,8,2,0.0,0,BB,PRT,Online TA,TA/TO,0,0,0,A,A,0,No Deposit,240.0,0,Transient,38.88,0,1
Resort Hotel,1,13,2016,February,6,5,0,2,2,0.0,0,BB,PRT,Online TA,TA/TO,0,0,0,A,A,0,No Deposit,240.0,0,Transient,53.0,0,1
Resort Hotel,0,88,2016,February,6,5,2,2,2,0.0,0,BB,ESP,Offline TA/TO,TA/TO,0,0,0,A,D,0,No Deposit,6.0,0,Transient-Party,26.0,1,0
Resort Hotel,0,88,2016,February,6,5,2,2,2,0.0,0,BB,ESP,Offline TA/TO,TA/TO,0,0,0,A,D,0,No Deposit,6.0,0,Transient-Party,26.0,0,0
Resort Hotel,1,18,2016,February,6,5,2,5,2,0.0,0,BB,PRT,Online TA,TA/TO,0,0,0,A,A,0,No Deposit,240.0,0,Transient,56.57,0,2
Resort Hotel,1,18,2016,February,6,5,2,5,2,0.0,0,BB,PRT,Online TA,TA/TO,0,0,0,A,A,0,No Deposit,240.0,0,Transient,56.57,0,2
Resort Hotel,0,211,2016,February,6,5,2,6,2,0.0,0,HB,GBR,Offline TA/TO,TA/TO,0,0,0,E,E,1,No Deposit,314.0,0,Transient,72.55,0,0
Resort Hotel,1,29,2016,February,6,6,2,1,2,0.0,0,BB,PRT,Online TA,TA/TO,0,0,0,A,A,0,No Deposit,240.0,0,Transient,48.0,0,1
Resort Hotel,1,72,2016,February,6,6,2,1,2,0.0,0,HB,PRT,Groups,Direct,0,0,0,D,D,0,No Deposit,,0,Transient-Party,73.33,0,0
Resort Hotel,1,72,2016,February,6,6,2,1,2,0.0,0,HB,PRT,Groups,Direct,0,0,0,D,D,0,No Deposit,,0,Transient-Party,73.33,0,0
Resort Hotel,1,72,2016,February,6,6,2,1,2,0.0,0,HB,PRT,Groups,Direct,0,0,0,D,D,0,No Deposit,,0,Transient-Party,73.33,0,0
Resort Hotel,1,72,2016,February,6,6,2,1,2,0.0,0,HB,PRT,Groups,Direct,0,0,0,D,D,0,No Deposit,,0,Transient-Party,73.33,0,0
Resort Hotel,1,72,2016,February,6,6,2,1,2,0.0,0,HB,PRT,Groups,Direct,0,0,0,D,D,0,No Deposit,,0,Transient-Party,73.33,0,0
Resort Hotel,1,72,2016,February,6,6,2,1,2,0.0,0,HB,PRT,Groups,Direct,0,0,0,D,D,0,No Deposit,,0,Transient-Party,73.33,0,0
Resort Hotel,1,72,2016,February,6,6,2,1,2,0.0,0,HB,PRT,Groups,Direct,0,0,0,D,D,0,No Deposit,,0,Transient-Party,73.33,0,0
Resort Hotel,1,72,2016,February,6,6,2,1,2,0.0,0,HB,PRT,Groups,Direct,0,0,0,D,D,0,No Deposit,,0,Transient-Party,73.33,0,0
Resort Hotel,1,72,2016,February,6,6,2,1,2,0.0,0,HB,PRT,Groups,Direct,0,0,0,D,D,0,No Deposit,,0,Transient-Party,73.33,0,0
Resort Hotel,1,72,2016,February,6,6,2,1,2,0.0,0,HB,PRT,Groups,Direct,0,0,0,D,D,0,No Deposit,,0,Transient-Party,73.33,0,0
Resort Hotel,1,72,2016,February,6,6,2,1,2,0.0,0,HB,PRT,Groups,Direct,0,0,0,D,D,0,No Deposit,,0,Transient-Party,73.33,0,0
Resort Hotel,1,72,2016,February,6,6,2,1,2,0.0,0,HB,PRT,Groups,Direct,0,0,0,D,D,0,No Deposit,,0,Transient-Party,73.33,0,0
Resort Hotel,1,72,2016,February,6,6,2,1,2,0.0,0,HB,PRT,Groups,Direct,0,0,0,D,D,0,No Deposit,,0,Transient-Party,73.33,0,0
Resort Hotel,1,72,2016,February,6,6,2,1,2,0.0,0,HB,PRT,Groups,Direct,0,0,0,D,D,0,No Deposit,,0,Transient-Party,73.33,0,0
Resort Hotel,1,72,2016,February,6,6,2,1,2,0.0,0,HB,PRT,Groups,Direct,0,0,0,D,D,0,No Deposit,,0,Transient-Party,73.33,0,0
Resort Hotel,1,72,2016,February,6,6,2,1,2,0.0,0,HB,PRT,Groups,Direct,0,0,0,D,D,0,No Deposit,,0,Transient-Party,73.33,0,0
Resort Hotel,1,72,2016,February,6,6,2,1,2,0.0,0,HB,PRT,Groups,Direct,0,0,0,D,D,0,No Deposit,,0,Transient-Party,73.33,0,0
Resort Hotel,1,72,2016,February,6,6,2,1,2,0.0,0,HB,PRT,Groups,Direct,0,0,0,D,D,0,No Deposit,,0,Transient-Party,73.33,0,0
Resort Hotel,1,72,2016,February,6,6,2,1,2,0.0,0,HB,PRT,Groups,Direct,0,0,0,D,D,0,No Deposit,,0,Transient-Party,73.33,0,0
Resort Hotel,1,72,2016,February,6,6,2,1,2,0.0,0,HB,PRT,Groups,Direct,0,0,0,D,D,0,No Deposit,,0,Transient-Party,73.33,0,0
Resort Hotel,1,72,2016,February,6,6,2,1,2,0.0,0,HB,PRT,Groups,Direct,0,0,0,D,D,0,No Deposit,,0,Transient-Party,73.33,0,0
Resort Hotel,1,72,2016,February,6,6,2,1,2,0.0,0,HB,PRT,Groups,Direct,0,0,0,D,D,0,No Deposit,,0,Transient-Party,73.33,0,0
Resort Hotel,1,72,2016,February,6,6,2,1,2,0.0,0,HB,PRT,Groups,Direct,0,0,0,D,D,0,No Deposit,,0,Transient-Party,73.33,0,0
Resort Hotel,1,155,2016,February,6,6,2,2,2,0.0,0,HB,PRT,Online TA,TA/TO,0,0,0,A,A,1,No Deposit,240.0,0,Transient,59.4,0,0
Resort Hotel,0,94,2016,February,6,6,2,2,2,0.0,0,BB,IRL,Offline TA/TO,TA/TO,0,0,0,A,A,0,No Deposit,115.0,0,Transient,28.1,0,2
Resort Hotel,0,94,2016,February,6,6,2,2,2,0.0,0,BB,IRL,Offline TA/TO,TA/TO,0,0,0,A,A,0,No Deposit,115.0,0,Transient,28.1,0,1
Resort Hotel,1,81,2016,February,6,6,2,5,2,0.0,0,HB,PRT,Online TA,TA/TO,0,0,0,A,A,0,No Deposit,240.0,0,Transient,70.2,0,1
Resort Hotel,0,168,2016,February,6,6,2,5,2,0.0,0,BB,DNK,Online TA,TA/TO,0,0,0,E,E,0,No Deposit,241.0,0,Transient,36.86,0,1
Resort Hotel,1,120,2016,February,6,6,4,6,2,0.0,0,BB,PRT,Online TA,TA/TO,0,0,0,E,E,0,No Deposit,240.0,0,Transient,50.4,0,1
Resort Hotel,1,111,2016,February,7,8,1,0,2,0.0,0,BB,PRT,Online TA,TA/TO,0,0,0,D,D,0,No Deposit,240.0,0,Transient,41.4,0,0
Resort Hotel,0,143,2016,February,7,8,1,1,2,0.0,0,BB,CHN,Online TA,TA/TO,0,0,0,D,D,0,No Deposit,240.0,0,Transient,41.4,0,1
Resort Hotel,0,143,2016,February,7,8,1,1,2,0.0,0,BB,CHN,Online TA,TA/TO,0,0,0,D,D,0,No Deposit,240.0,0,Transient,41.4,0,1
Resort Hotel,1,102,2016,February,7,8,1,2,2,0.0,0,HB,PRT,Groups,TA/TO,0,0,0,A,A,0,No Deposit,332.0,0,Transient-Party,50.0,0,0
Resort Hotel,1,102,2016,February,7,8,1,2,2,0.0,0,HB,PRT,Groups,TA/TO,0,0,0,A,A,0,No Deposit,332.0,0,Transient-Party,50.0,0,0
Resort Hotel,1,102,2016,February,7,8,1,2,2,0.0,0,HB,PRT,Groups,TA/TO,0,0,0,A,A,0,No Deposit,332.0,0,Transient-Party,50.0,0,0
Resort Hotel,1,102,2016,February,7,8,1,2,2,0.0,0,HB,PRT,Groups,TA/TO,0,0,0,A,A,0,No Deposit,332.0,0,Transient-Party,50.0,0,0
Resort Hotel,1,102,2016,February,7,8,1,2,2,0.0,0,HB,PRT,Groups,TA/TO,0,0,0,A,A,0,No Deposit,332.0,0,Transient-Party,50.0,0,0
Resort Hotel,1,102,2016,February,7,8,1,2,2,0.0,0,HB,PRT,Groups,TA/TO,0,0,0,A,A,0,No Deposit,332.0,0,Transient-Party,50.0,0,0
Resort Hotel,0,117,2016,February,7,8,1,3,2,0.0,0,BB,IRL,Online TA,TA/TO,0,0,0,D,D,0,No Deposit,240.0,0,Transient,43.4,0,2
Resort Hotel,0,152,2016,February,7,8,1,3,2,0.0,0,BB,IRL,Online TA,TA/TO,0,0,0,D,G,1,No Deposit,241.0,0,Transient,67.88,1,2
Resort Hotel,1,32,2016,February,7,8,1,4,2,0.0,0,BB,PRT,Online TA,TA/TO,0,0,0,E,E,0,No Deposit,240.0,0,Transient,53.44,0,1
Resort Hotel,0,103,2016,February,7,9,0,2,2,0.0,0,HB,FRA,Groups,TA/TO,0,0,0,A,A,0,No Deposit,332.0,0,Transient-Party,50.0,0,1
Resort Hotel,1,103,2016,February,7,9,0,2,2,0.0,0,HB,PRT,Groups,TA/TO,0,0,0,A,A,0,No Deposit,332.0,0,Transient-Party,50.0,0,0
Resort Hotel,0,103,2016,February,7,9,0,2,2,0.0,0,HB,FRA,Groups,TA/TO,0,0,0,A,A,0,No Deposit,332.0,0,Transient-Party,50.0,0,0
Resort Hotel,0,103,2016,February,7,9,0,2,2,0.0,0,HB,FRA,Groups,TA/TO,0,0,0,A,A,0,No Deposit,332.0,0,Transient-Party,50.0,0,0
Resort Hotel,1,103,2016,February,7,9,0,2,2,0.0,0,HB,PRT,Groups,TA/TO,0,0,0,A,A,0,No Deposit,332.0,0,Transient-Party,50.0,0,0
Resort Hotel,1,103,2016,February,7,9,0,2,2,0.0,0,HB,PRT,Groups,TA/TO,0,0,0,A,A,0,No Deposit,332.0,0,Transient-Party,50.0,0,0
Resort Hotel,1,103,2016,February,7,9,0,2,2,0.0,0,HB,PRT,Groups,TA/TO,0,0,0,A,A,0,No Deposit,332.0,0,Transient-Party,50.0,0,0
Resort Hotel,1,103,2016,February,7,9,0,2,2,0.0,0,HB,PRT,Groups,TA/TO,0,0,0,A,A,0,No Deposit,332.0,0,Transient-Party,50.0,0,0
Resort Hotel,1,103,2016,February,7,9,0,2,2,0.0,0,HB,PRT,Groups,TA/TO,0,0,0,A,A,0,No Deposit,332.0,0,Transient-Party,50.0,0,0
Resort Hotel,1,103,2016,February,7,9,0,2,2,0.0,0,HB,PRT,Groups,TA/TO,0,0,0,A,A,0,No Deposit,332.0,0,Transient-Party,50.0,0,0
Resort Hotel,0,103,2016,February,7,9,0,2,2,0.0,0,HB,FRA,Groups,TA/TO,0,0,0,A,A,0,No Deposit,332.0,0,Transient-Party,50.0,0,0
Resort Hotel,0,103,2016,February,7,9,0,2,2,0.0,0,HB,FRA,Groups,TA/TO,0,0,0,A,A,0,No Deposit,332.0,0,Transient-Party,50.0,0,0
Resort Hotel,0,103,2016,February,7,9,0,2,2,0.0,0,HB,PRT,Groups,TA/TO,0,0,0,A,A,0,No Deposit,332.0,0,Transient,50.0,0,1
Resort Hotel,0,103,2016,February,7,9,0,2,2,0.0,0,HB,FRA,Groups,TA/TO,0,0,0,A,A,0,No Deposit,332.0,0,Transient-Party,50.0,0,0
Resort Hotel,0,103,2016,February,7,9,0,2,2,0.0,0,HB,FRA,Groups,TA/TO,0,0,0,A,A,0,No Deposit,332.0,0,Transient-Party,50.0,0,0
Resort Hotel,1,103,2016,February,7,9,0,2,2,0.0,0,HB,PRT,Groups,TA/TO,0,0,0,A,A,0,No Deposit,332.0,0,Transient-Party,50.0,0,0
Resort Hotel,1,103,2016,February,7,9,0,2,2,0.0,0,HB,PRT,Groups,TA/TO,0,0,0,A,A,0,No Deposit,332.0,0,Transient-Party,50.0,0,0
Resort Hotel,0,103,2016,February,7,9,0,2,2,0.0,0,HB,FRA,Groups,TA/TO,0,0,0,A,A,0,No Deposit,332.0,0,Transient-Party,50.0,0,0
Resort Hotel,0,103,2016,February,7,9,0,2,2,0.0,0,HB,FRA,Groups,TA/TO,0,0,0,A,A,0,No Deposit,332.0,0,Transient-Party,52.0,0,1
Resort Hotel,1,312,2016,February,7,9,4,10,2,0.0,0,BB,PRT,Offline TA/TO,TA/TO,0,0,0,A,A,0,No Deposit,171.0,0,Transient,26.1,0,0
Resort Hotel,0,103,2016,February,7,10,0,2,2,0.0,0,BB,NLD,Online TA,TA/TO,0,0,0,E,E,0,No Deposit,240.0,0,Transient,61.2,1,0
Resort Hotel,0,103,2016,February,7,10,0,3,2,0.0,0,BB,NLD,Online TA,TA/TO,0,0,0,E,E,0,No Deposit,240.0,0,Transient,67.2,1,1
Resort Hotel,1,39,2016,February,7,10,1,4,2,0.0,0,HB,PRT,Offline TA/TO,TA/TO,0,0,0,A,A,0,No Deposit,6.0,0,Transient,55.0,0,0
Resort Hotel,1,39,2016,February,7,10,1,4,2,0.0,0,HB,PRT,Offline TA/TO,TA/TO,0,0,0,A,A,0,No Deposit,6.0,0,Transient,55.0,0,1
Resort Hotel,1,7,2016,February,7,11,0,1,2,0.0,0,BB,PRT,Offline TA/TO,TA/TO,0,0,0,A,A,0,No Deposit,196.0,0,Transient,30.0,0,0
Resort Hotel,1,64,2016,February,7,11,1,3,2,0.0,0,BB,PRT,Groups,TA/TO,0,0,0,A,A,0,Non Refund,15.0,0,Transient,29.0,0,0
Resort Hotel,1,64,2016,February,7,11,1,3,2,0.0,0,BB,PRT,Groups,TA/TO,0,0,0,A,A,0,Non Refund,15.0,0,Transient,29.0,0,0
Resort Hotel,1,64,2016,February,7,11,1,3,2,0.0,0,BB,PRT,Groups,TA/TO,0,0,0,A,A,0,Non Refund,15.0,0,Transient,29.0,0,0
Resort Hotel,1,64,2016,February,7,11,1,3,2,0.0,0,BB,PRT,Groups,TA/TO,0,0,0,A,A,0,Non Refund,15.0,0,Transient,29.0,0,0
Resort Hotel,1,64,2016,February,7,11,1,3,2,0.0,0,BB,PRT,Groups,TA/TO,0,0,0,A,A,0,Non Refund,15.0,0,Transient,29.0,0,0
Resort Hotel,1,64,2016,February,7,11,1,3,2,0.0,0,BB,PRT,Groups,TA/TO,0,0,0,A,A,0,Non Refund,15.0,0,Transient,29.0,0,0
Resort Hotel,1,64,2016,February,7,11,1,3,2,0.0,0,BB,PRT,Groups,TA/TO,0,0,0,A,A,0,Non Refund,15.0,0,Transient,29.0,0,0
Resort Hotel,1,64,2016,February,7,11,1,3,2,0.0,0,BB,PRT,Groups,TA/TO,0,0,0,A,A,0,Non Refund,15.0,0,Transient,29.0,0,0
Resort Hotel,1,64,2016,February,7,11,1,3,2,0.0,0,BB,PRT,Groups,TA/TO,0,0,0,A,A,0,Non Refund,15.0,0,Transient,29.0,0,0
Resort Hotel,1,64,2016,February,7,11,1,3,2,0.0,0,BB,PRT,Groups,TA/TO,0,0,0,A,A,0,Non Refund,15.0,0,Transient,29.0,0,0
Resort Hotel,1,64,2016,February,7,11,1,3,2,0.0,0,BB,PRT,Groups,TA/TO,0,0,0,A,A,0,Non Refund,15.0,0,Transient,29.0,0,0
Resort Hotel,1,64,2016,February,7,11,1,3,2,0.0,0,BB,PRT,Groups,TA/TO,0,0,0,A,A,0,Non Refund,15.0,0,Transient,29.0,0,0
Resort Hotel,0,230,2016,February,7,11,2,3,2,0.0,0,BB,GBR,Offline TA/TO,TA/TO,0,0,0,E,E,0,No Deposit,314.0,0,Transient,46.8,0,0
Resort Hotel,1,0,2016,February,7,11,2,3,2,0.0,0,BB,PRT,Offline TA/TO,TA/TO,0,0,0,E,E,0,No Deposit,314.0,0,Transient,40.32,0,0
Resort Hotel,1,64,2016,February,7,11,1,3,2,0.0,0,BB,PRT,Groups,TA/TO,0,0,0,A,A,0,Non Refund,15.0,0,Transient,29.0,0,0
Resort Hotel,1,88,2016,February,7,12,0,2,2,0.0,0,FB,PRT,Groups,TA/TO,0,0,0,A,A,0,No Deposit,134.0,0,Transient-Party,68.0,0,0
Resort Hotel,1,111,2016,February,7,12,0,2,2,0.0,0,FB,PRT,Groups,TA/TO,0,0,0,A,A,0,Non Refund,38.0,0,Transient,70.0,0,0
Resort Hotel,1,111,2016,February,7,12,0,2,2,0.0,0,FB,PRT,Groups,TA/TO,0,0,0,A,A,0,Non Refund,38.0,0,Transient,70.0,0,0
Resort Hotel,1,111,2016,February,7,12,0,2,2,0.0,0,FB,PRT,Groups,TA/TO,0,0,0,A,A,0,Non Refund,38.0,0,Transient,70.0,0,0
Resort Hotel,0,112,2016,February,7,12,0,2,2,0.0,0,Undefined,ESP,Groups,TA/TO,0,0,0,A,A,0,No Deposit,134.0,0,Transient-Party,70.0,0,0
Resort Hotel,1,112,2016,February,7,12,0,2,2,0.0,0,FB,PRT,Groups,TA/TO,0,0,0,A,A,0,No Deposit,134.0,0,Transient-Party,68.0,0,0
Resort Hotel,1,112,2016,February,7,12,0,2,2,0.0,0,FB,PRT,Groups,TA/TO,0,0,0,A,A,0,No Deposit,134.0,0,Transient-Party,68.0,0,0
Resort Hotel,1,112,2016,February,7,12,0,2,2,0.0,0,FB,PRT,Groups,TA/TO,0,0,0,A,A,0,No Deposit,134.0,0,Transient-Party,68.0,0,0
Resort Hotel,1,140,2016,February,7,12,0,2,2,0.0,0,HB,PRT,Groups,TA/TO,0,0,0,A,A,0,Non Refund,,0,Transient,50.0,0,0
Resort Hotel,1,140,2016,February,7,12,0,2,2,0.0,0,HB,PRT,Groups,TA/TO,0,0,0,A,A,0,Non Refund,,0,Transient,50.0,0,0
Resort Hotel,1,140,2016,February,7,12,0,2,2,0.0,0,HB,PRT,Groups,TA/TO,0,0,0,A,A,0,Non Refund,,0,Transient,50.0,0,0
Resort Hotel,1,111,2016,February,7,12,0,2,2,0.0,0,FB,PRT,Groups,TA/TO,0,0,0,A,A,0,Non Refund,38.0,0,Transient,70.0,0,0
Resort Hotel,1,111,2016,February,7,12,0,2,2,0.0,0,FB,PRT,Groups,TA/TO,0,0,0,A,A,0,Non Refund,38.0,0,Transient,70.0,0,0
Resort Hotel,1,111,2016,February,7,12,0,2,2,0.0,0,FB,PRT,Groups,TA/TO,0,0,0,A,A,0,Non Refund,38.0,0,Transient,70.0,0,0
Resort Hotel,0,112,2016,February,7,12,0,2,2,0.0,0,Undefined,ESP,Groups,TA/TO,0,0,0,A,A,0,No Deposit,134.0,0,Transient-Party,70.0,0,0
Resort Hotel,0,112,2016,February,7,12,0,2,2,0.0,0,Undefined,ESP,Groups,TA/TO,0,0,0,A,A,0,No Deposit,134.0,0,Transient-Party,70.0,0,0
Resort Hotel,0,112,2016,February,7,12,0,2,2,0.0,0,Undefined,ESP,Groups,TA/TO,0,0,0,A,A,0,No Deposit,134.0,0,Transient-Party,70.0,0,0
Resort Hotel,1,112,2016,February,7,12,0,2,2,0.0,0,FB,PRT,Groups,TA/TO,0,0,0,A,A,0,No Deposit,134.0,0,Transient-Party,68.0,0,0
Resort Hotel,1,112,2016,February,7,12,0,2,2,0.0,0,FB,PRT,Groups,TA/TO,0,0,0,A,A,0,No Deposit,134.0,0,Transient-Party,68.0,0,0
Resort Hotel,1,112,2016,February,7,12,0,2,2,0.0,0,FB,PRT,Groups,TA/TO,0,0,0,A,A,0,No Deposit,134.0,0,Transient-Party,68.0,0,0
Resort Hotel,1,112,2016,February,7,12,0,2,2,0.0,0,FB,PRT,Groups,TA/TO,0,0,0,A,A,0,No Deposit,134.0,0,Transient-Party,68.0,0,0
Resort Hotel,1,35,2016,February,7,12,0,2,2,0.0,0,BB,PRT,Online TA,TA/TO,0,0,0,A,A,0,No Deposit,240.0,0,Transient,48.0,0,1
Resort Hotel,1,140,2016,February,7,12,0,2,2,0.0,0,HB,PRT,Groups,TA/TO,0,0,0,A,A,0,Non Refund,,0,Transient,50.0,0,0
Resort Hotel,1,140,2016,February,7,12,0,2,2,0.0,0,HB,PRT,Groups,TA/TO,0,0,0,A,A,0,Non Refund,,0,Transient,50.0,0,0
Resort Hotel,1,140,2016,February,7,12,0,2,2,0.0,0,HB,PRT,Groups,TA/TO,0,0,0,A,A,0,Non Refund,,0,Transient,50.0,0,0
Resort Hotel,1,111,2016,February,7,12,0,2,2,0.0,0,FB,PRT,Groups,TA/TO,0,0,0,A,A,0,Non Refund,38.0,0,Transient,70.0,0,0
Resort Hotel,1,111,2016,February,7,12,0,2,2,0.0,0,FB,PRT,Groups,TA/TO,0,0,0,A,A,0,Non Refund,38.0,0,Transient,70.0,0,0
Resort Hotel,1,111,2016,February,7,12,0,2,2,0.0,0,FB,PRT,Groups,TA/TO,0,0,0,A,A,0,Non Refund,38.0,0,Transient,70.0,0,0
Resort Hotel,1,111,2016,February,7,12,0,2,2,0.0,0,FB,PRT,Groups,TA/TO,0,0,0,A,A,0,Non Refund,38.0,0,Transient,70.0,0,0
Resort Hotel,0,112,2016,February,7,12,0,2,2,0.0,0,Undefined,ESP,Groups,TA/TO,0,0,0,A,A,0,No Deposit,134.0,0,Transient-Party,70.0,0,0
Resort Hotel,0,112,2016,February,7,12,0,2,2,0.0,0,Undefined,ESP,Groups,TA/TO,0,0,0,A,A,0,No Deposit,134.0,0,Transient-Party,70.0,0,0
Resort Hotel,0,112,2016,February,7,12,0,2,2,0.0,0,Undefined,ESP,Groups,TA/TO,0,0,0,A,A,0,No Deposit,134.0,0,Transient-Party,70.0,0,0
Resort Hotel,1,112,2016,February,7,12,0,2,2,0.0,0,FB,PRT,Groups,TA/TO,0,0,0,A,A,0,No Deposit,134.0,0,Transient-Party,68.0,0,0
Resort Hotel,1,112,2016,February,7,12,0,2,2,0.0,0,FB,PRT,Groups,TA/TO,0,0,0,A,A,0,No Deposit,134.0,0,Transient-Party,68.0,0,0
Resort Hotel,1,112,2016,February,7,12,0,2,2,0.0,0,FB,PRT,Groups,TA/TO,0,0,0,A,A,0,No Deposit,134.0,0,Transient-Party,68.0,0,0
Resort Hotel,1,112,2016,February,7,12,0,2,2,0.0,0,FB,PRT,Groups,TA/TO,0,0,0,A,A,0,No Deposit,134.0,0,Transient-Party,68.0,0,0
Resort Hotel,1,112,2016,February,7,12,0,2,2,0.0,0,FB,PRT,Groups,TA/TO,0,0,0,A,A,0,No Deposit,134.0,0,Transient-Party,68.0,0,0
Resort Hotel,1,140,2016,February,7,12,0,2,2,0.0,0,HB,PRT,Groups,TA/TO,0,0,0,A,A,0,Non Refund,,0,Transient,50.0,0,0
Resort Hotel,1,140,2016,February,7,12,0,2,2,0.0,0,HB,PRT,Groups,TA/TO,0,0,0,A,A,0,Non Refund,,0,Transient,50.0,0,0
Resort Hotel,1,140,2016,February,7,12,0,2,2,0.0,0,HB,PRT,Groups,TA/TO,0,0,0,A,A,0,Non Refund,,0,Transient,50.0,0,0
Resort Hotel,1,140,2016,February,7,12,0,2,2,0.0,0,HB,PRT,Groups,TA/TO,0,0,0,A,A,0,Non Refund,,0,Transient,50.0,0,0
Resort Hotel,1,140,2016,February,7,12,0,2,2,0.0,0,HB,PRT,Groups,TA/TO,0,0,0,A,A,0,Non Refund,,0,Transient,50.0,0,0
Resort Hotel,0,112,2016,February,7,12,0,2,2,0.0,0,Undefined,ESP,Groups,TA/TO,0,0,0,A,A,0,No Deposit,134.0,0,Transient-Party,70.0,0,0
Resort Hotel,0,112,2016,February,7,12,0,2,2,0.0,0,Undefined,ESP,Groups,TA/TO,0,0,0,A,A,0,No Deposit,134.0,0,Transient-Party,70.0,0,0
Resort Hotel,1,112,2016,February,7,12,0,2,2,0.0,0,FB,PRT,Groups,TA/TO,0,0,0,A,A,0,No Deposit,134.0,0,Transient-Party,68.0,0,0
Resort Hotel,1,112,2016,February,7,12,0,2,2,0.0,0,FB,PRT,Groups,TA/TO,0,0,0,A,A,0,No Deposit,134.0,0,Transient-Party,68.0,0,0
Resort Hotel,1,112,2016,February,7,12,0,2,2,0.0,0,FB,PRT,Groups,TA/TO,0,0,0,A,A,0,No Deposit,134.0,0,Transient-Party,68.0,0,0
Resort Hotel,1,112,2016,February,7,12,0,2,2,0.0,0,FB,PRT,Groups,TA/TO,0,0,0,A,A,0,No Deposit,134.0,0,Transient-Party,68.0,0,0
Resort Hotel,1,111,2016,February,7,12,0,2,2,0.0,0,FB,PRT,Groups,TA/TO,0,0,0,A,A,0,Non Refund,38.0,0,Transient,70.0,0,0
Resort Hotel,1,111,2016,February,7,12,0,2,2,0.0,0,FB,PRT,Groups,TA/TO,0,0,0,A,A,0,Non Refund,38.0,0,Transient,70.0,0,0
Resort Hotel,1,111,2016,February,7,12,0,2,2,0.0,0,FB,PRT,Groups,TA/TO,0,0,0,A,A,0,Non Refund,38.0,0,Transient,70.0,0,0
Resort Hotel,1,88,2016,February,7,12,0,2,2,0.0,0,FB,PRT,Groups,TA/TO,0,0,0,A,A,0,No Deposit,134.0,0,Transient-Party,68.0,0,0
Resort Hotel,1,140,2016,February,7,12,0,2,2,0.0,0,HB,PRT,Groups,TA/TO,0,0,0,A,A,0,Non Refund,,0,Transient,50.0,0,0
Resort Hotel,1,140,2016,February,7,12,0,2,2,0.0,0,HB,PRT,Groups,TA/TO,0,0,0,A,A,0,Non Refund,,0,Transient,50.0,0,0
Resort Hotel,1,140,2016,February,7,12,0,2,2,0.0,0,HB,PRT,Groups,TA/TO,0,0,0,A,A,0,Non Refund,,0,Transient,50.0,0,0
Resort Hotel,1,140,2016,February,7,12,0,2,2,0.0,0,HB,PRT,Groups,TA/TO,0,0,0,A,A,0,Non Refund,,0,Transient,50.0,0,0
Resort Hotel,1,140,2016,February,7,12,0,2,2,0.0,0,HB,PRT,Groups,TA/TO,0,0,0,A,A,0,Non Refund,,0,Transient,50.0,0,0
Resort Hotel,1,111,2016,February,7,12,0,2,2,0.0,0,FB,PRT,Groups,TA/TO,0,0,0,A,A,0,Non Refund,38.0,0,Transient,70.0,0,0
Resort Hotel,1,111,2016,February,7,12,0,2,2,0.0,0,FB,PRT,Groups,TA/TO,0,0,0,A,A,0,Non Refund,38.0,0,Transient,70.0,0,0
Resort Hotel,1,111,2016,February,7,12,0,2,2,0.0,0,FB,PRT,Groups,TA/TO,0,0,0,A,A,0,Non Refund,38.0,0,Transient,70.0,0,0
Resort Hotel,0,112,2016,February,7,12,0,2,2,0.0,0,Undefined,ESP,Groups,TA/TO,0,0,0,A,A,0,No Deposit,134.0,0,Transient-Party,70.0,0,0
Resort Hotel,0,112,2016,February,7,12,0,2,2,0.0,0,Undefined,ESP,Groups,TA/TO,0,0,0,A,A,0,No Deposit,134.0,0,Transient-Party,70.0,0,0
Resort Hotel,1,112,2016,February,7,12,0,2,2,0.0,0,FB,PRT,Groups,TA/TO,0,0,0,A,A,0,No Deposit,134.0,0,Transient-Party,68.0,0,0
Resort Hotel,1,112,2016,February,7,12,0,2,2,0.0,0,FB,PRT,Groups,TA/TO,0,0,0,A,A,0,No Deposit,134.0,0,Transient-Party,68.0,0,0
Resort Hotel,1,112,2016,February,7,12,0,2,2,0.0,0,FB,PRT,Groups,TA/TO,0,0,0,A,A,0,No Deposit,134.0,0,Transient-Party,68.0,0,0
Resort Hotel,1,112,2016,February,7,12,0,2,2,0.0,0,FB,PRT,Groups,TA/TO,0,0,0,A,A,0,No Deposit,134.0,0,Transient-Party,68.0,0,0
Resort Hotel,1,112,2016,February,7,12,0,2,2,0.0,0,FB,PRT,Groups,TA/TO,0,0,0,A,A,0,No Deposit,134.0,0,Transient-Party,68.0,0,0
Resort Hotel,1,151,2016,February,7,12,0,2,2,0.0,0,BB,PRT,Online TA,TA/TO,0,0,0,A,A,0,No Deposit,240.0,0,Transient,32.4,0,1
Resort Hotel,1,140,2016,February,7,12,0,2,2,0.0,0,HB,PRT,Groups,TA/TO,0,0,0,A,A,0,Non Refund,,0,Transient,50.0,0,0
Resort Hotel,1,140,2016,February,7,12,0,2,2,0.0,0,HB,PRT,Groups,TA/TO,0,0,0,A,A,0,Non Refund,,0,Transient,50.0,0,0
Resort Hotel,1,140,2016,February,7,12,0,2,2,0.0,0,HB,PRT,Groups,TA/TO,0,0,0,A,A,0,Non Refund,,0,Transient,50.0,0,0
Resort Hotel,1,140,2016,February,7,12,0,2,2,0.0,0,HB,PRT,Groups,TA/TO,0,0,0,A,A,0,Non Refund,,0,Transient,50.0,0,0
Resort Hotel,1,140,2016,February,7,12,0,2,2,0.0,0,HB,PRT,Groups,TA/TO,0,0,0,A,A,0,Non Refund,,0,Transient,50.0,0,0
Resort Hotel,1,88,2016,February,7,12,0,2,2,0.0,0,FB,PRT,Groups,TA/TO,0,0,0,A,A,0,No Deposit,134.0,0,Transient-Party,68.0,0,0
Resort Hotel,1,111,2016,February,7,12,0,2,2,0.0,0,FB,PRT,Groups,TA/TO,0,0,0,A,A,0,Non Refund,38.0,0,Transient,70.0,0,0
Resort Hotel,1,111,2016,February,7,12,0,2,2,0.0,0,FB,PRT,Groups,TA/TO,0,0,0,A,A,0,Non Refund,38.0,0,Transient,70.0,0,0
Resort Hotel,1,111,2016,February,7,12,0,2,2,0.0,0,FB,PRT,Groups,TA/TO,0,0,0,A,A,0,Non Refund,38.0,0,Transient,70.0,0,0
Resort Hotel,0,112,2016,February,7,12,0,2,2,0.0,0,Undefined,ESP,Groups,TA/TO,0,0,0,A,A,0,No Deposit,134.0,0,Transient-Party,70.0,0,0
Resort Hotel,1,112,2016,February,7,12,0,2,2,0.0,0,FB,PRT,Groups,TA/TO,0,0,0,A,A,0,No Deposit,134.0,0,Transient-Party,68.0,0,0
Resort Hotel,1,112,2016,February,7,12,0,2,2,0.0,0,FB,PRT,Groups,TA/TO,0,0,0,A,A,0,No Deposit,134.0,0,Transient-Party,68.0,0,0
Resort Hotel,1,112,2016,February,7,12,0,2,2,0.0,0,FB,PRT,Groups,TA/TO,0,0,0,A,A,0,No Deposit,134.0,0,Transient-Party,68.0,0,0
Resort Hotel,1,140,2016,February,7,12,0,2,2,0.0,0,HB,PRT,Groups,TA/TO,0,0,0,A,A,0,Non Refund,,0,Transient,50.0,0,0
Resort Hotel,1,140,2016,February,7,12,0,2,2,0.0,0,HB,PRT,Groups,TA/TO,0,0,0,A,A,0,Non Refund,,0,Transient,50.0,0,0
Resort Hotel,1,25,2016,February,7,12,0,2,2,0.0,0,HB,PRT,Online TA,TA/TO,0,0,0,D,D,0,No Deposit,240.0,0,Transient,98.0,0,1
Resort Hotel,1,111,2016,February,7,12,0,2,2,0.0,0,FB,PRT,Groups,TA/TO,0,0,0,A,A,0,Non Refund,38.0,0,Transient,70.0,0,0
Resort Hotel,1,111,2016,February,7,12,0,2,2,0.0,0,FB,PRT,Groups,TA/TO,0,0,0,A,A,0,Non Refund,38.0,0,Transient,70.0,0,0
Resort Hotel,1,111,2016,February,7,12,0,2,2,0.0,0,FB,PRT,Groups,TA/TO,0,0,0,A,A,0,Non Refund,38.0,0,Transient,70.0,0,0
Resort Hotel,0,112,2016,February,7,12,0,2,2,0.0,0,Undefined,ESP,Groups,TA/TO,0,0,0,A,A,0,No Deposit,134.0,0,Transient-Party,70.0,0,0
Resort Hotel,0,112,2016,February,7,12,0,2,2,0.0,0,Undefined,ESP,Groups,TA/TO,0,0,0,A,A,0,No Deposit,134.0,0,Transient-Party,70.0,0,0
Resort Hotel,1,112,2016,February,7,12,0,2,2,0.0,0,FB,PRT,Groups,TA/TO,0,0,0,A,A,0,No Deposit,134.0,0,Transient-Party,68.0,0,0
Resort Hotel,1,112,2016,February,7,12,0,2,2,0.0,0,FB,PRT,Groups,TA/TO,0,0,0,A,A,0,No Deposit,134.0,0,Transient-Party,68.0,0,0
Resort Hotel,1,112,2016,February,7,12,0,2,2,0.0,0,FB,PRT,Groups,TA/TO,0,0,0,A,A,0,No Deposit,134.0,0,Transient-Party,68.0,0,0
Resort Hotel,1,140,2016,February,7,12,0,2,2,0.0,0,HB,PRT,Groups,TA/TO,0,0,0,A,A,0,Non Refund,,0,Transient,50.0,0,0
Resort Hotel,1,140,2016,February,7,12,0,2,2,0.0,0,HB,PRT,Groups,TA/TO,0,0,0,A,A,0,Non Refund,,0,Transient,50.0,0,0
Resort Hotel,1,140,2016,February,7,12,0,2,2,0.0,0,HB,PRT,Groups,TA/TO,0,0,0,A,A,0,Non Refund,,0,Transient,50.0,0,0
Resort Hotel,1,88,2016,February,7,12,0,2,2,0.0,0,FB,PRT,Groups,TA/TO,0,0,0,A,A,0,No Deposit,134.0,0,Transient-Party,68.0,0,0
Resort Hotel,1,111,2016,February,7,12,0,2,2,0.0,0,FB,PRT,Groups,TA/TO,0,0,0,A,A,0,Non Refund,38.0,0,Transient,70.0,0,0
Resort Hotel,1,111,2016,February,7,12,0,2,2,0.0,0,FB,PRT,Groups,TA/TO,0,0,0,A,A,0,Non Refund,38.0,0,Transient,70.0,0,0
Resort Hotel,1,111,2016,February,7,12,0,2,2,0.0,0,FB,PRT,Groups,TA/TO,0,0,0,A,A,0,Non Refund,38.0,0,Transient,70.0,0,0
Resort Hotel,0,112,2016,February,7,12,0,2,2,0.0,0,Undefined,ESP,Groups,TA/TO,0,0,0,A,A,0,No Deposit,134.0,0,Transient,70.0,0,0
Resort Hotel,0,112,2016,February,7,12,0,2,2,0.0,0,Undefined,ESP,Groups,TA/TO,0,0,0,A,A,0,No Deposit,134.0,0,Transient-Party,70.0,0,0
Resort Hotel,1,112,2016,February,7,12,0,2,2,0.0,0,FB,PRT,Groups,TA/TO,0,0,0,A,A,0,No Deposit,134.0,0,Transient-Party,68.0,0,0
Resort Hotel,1,112,2016,February,7,12,0,2,2,0.0,0,FB,PRT,Groups,TA/TO,0,0,0,A,A,0,No Deposit,134.0,0,Transient-Party,68.0,0,0
Resort Hotel,1,112,2016,February,7,12,0,2,2,0.0,0,FB,PRT,Groups,TA/TO,0,0,0,A,A,0,No Deposit,134.0,0,Transient-Party,68.0,0,0
Resort Hotel,1,112,2016,February,7,12,0,2,2,0.0,0,FB,PRT,Groups,TA/TO,0,0,0,A,A,0,No Deposit,134.0,0,Transient-Party,68.0,0,0
Resort Hotel,1,140,2016,February,7,12,0,2,2,0.0,0,HB,PRT,Groups,TA/TO,0,0,0,A,A,0,Non Refund,,0,Transient,50.0,0,0
Resort Hotel,1,140,2016,February,7,12,0,2,2,0.0,0,HB,PRT,Groups,TA/TO,0,0,0,A,A,0,Non Refund,,0,Transient,50.0,0,0
Resort Hotel,1,140,2016,February,7,12,0,2,2,0.0,0,HB,PRT,Groups,TA/TO,0,0,0,A,A,0,Non Refund,,0,Transient,50.0,0,0
Resort Hotel,1,140,2016,February,7,12,0,2,2,0.0,0,HB,PRT,Groups,TA/TO,0,0,0,A,A,0,Non Refund,,0,Transient,50.0,0,0
Resort Hotel,1,7,2016,February,7,12,1,2,2,0.0,0,BB,PRT,Online TA,TA/TO,0,0,0,A,A,0,No Deposit,348.0,0,Transient,82.0,0,0
Resort Hotel,1,47,2016,February,7,12,1,2,2,0.0,0,BB,PRT,Online TA,TA/TO,0,0,0,A,A,0,No Deposit,240.0,0,Transient,48.0,0,1
Resort Hotel,0,230,2016,February,7,12,1,2,2,0.0,0,BB,GBR,Online TA,TA/TO,0,0,0,D,D,0,No Deposit,241.0,0,Transient,31.88,0,3
Resort Hotel,1,32,2016,February,7,13,0,1,2,0.0,0,BB,PRT,Direct,Direct,0,0,0,F,F,0,No Deposit,250.0,0,Transient,78.0,0,0
Resort Hotel,1,1,2016,February,7,13,0,1,2,0.0,0,BB,PRT,Direct,Direct,0,0,0,A,E,0,No Deposit,,0,Transient,75.0,0,1
Resort Hotel,1,38,2016,February,7,13,0,1,2,0.0,0,BB,PRT,Online TA,TA/TO,0,0,0,A,A,0,No Deposit,240.0,0,Transient,58.0,0,0
Resort Hotel,1,25,2016,February,7,13,0,1,2,0.0,0,BB,PRT,Offline TA/TO,TA/TO,0,0,0,A,D,0,No Deposit,6.0,0,Transient,29.0,0,0
Resort Hotel,1,14,2016,February,7,13,1,1,2,0.0,0,BB,PRT,Online TA,TA/TO,0,0,0,E,E,0,No Deposit,240.0,0,Transient,68.0,0,1
Resort Hotel,0,203,2016,February,7,13,2,5,2,0.0,0,BB,GBR,Online TA,TA/TO,0,0,0,A,A,0,No Deposit,241.0,0,Transient,23.7,0,1
Resort Hotel,0,101,2016,February,7,13,2,5,2,0.0,0,BB,FRA,Offline TA/TO,TA/TO,0,0,0,D,D,0,No Deposit,6.0,0,Transient,26.0,0,0
Resort Hotel,1,20,2016,February,8,14,1,0,2,0.0,0,BB,PRT,Online TA,TA/TO,0,0,0,A,A,0,No Deposit,240.0,0,Transient,58.0,0,1
Resort Hotel,1,3,2016,February,8,14,1,0,2,0.0,0,BB,PRT,Direct,Direct,0,0,0,A,D,0,No Deposit,,0,Transient,75.0,0,0
Resort Hotel,1,4,2016,February,8,14,1,0,2,0.0,0,BB,PRT,Direct,Direct,0,0,0,A,D,0,No Deposit,,0,Transient,55.0,0,2
Resort Hotel,1,18,2016,February,8,14,2,1,2,0.0,0,BB,PRT,Offline TA/TO,TA/TO,0,0,0,A,A,0,No Deposit,177.0,0,Transient,29.0,0,0
Resort Hotel,1,41,2016,February,8,14,2,2,2,0.0,0,BB,PRT,Online TA,TA/TO,0,0,0,D,D,0,No Deposit,240.0,0,Transient,46.4,0,1
Resort Hotel,1,46,2016,February,8,14,2,2,2,0.0,0,BB,PRT,Offline TA/TO,TA/TO,0,0,0,A,A,0,No Deposit,15.0,0,Transient,29.0,0,0
Resort Hotel,1,109,2016,February,8,14,2,2,2,0.0,0,BB,PRT,Online TA,TA/TO,0,0,0,D,D,0,No Deposit,240.0,0,Transient,52.2,0,1
Resort Hotel,1,200,2016,February,8,15,1,0,2,0.0,0,BB,PRT,Online TA,TA/TO,0,0,0,A,A,0,No Deposit,240.0,0,Transient,29.16,0,1
Resort Hotel,0,133,2016,February,8,15,1,1,2,0.0,0,BB,POL,Offline TA/TO,TA/TO,0,0,0,A,A,0,No Deposit,8.0,0,Transient-Party,26.1,0,1
Resort Hotel,0,133,2016,February,8,15,1,1,2,0.0,0,BB,POL,Offline TA/TO,TA/TO,0,0,0,A,A,0,No Deposit,8.0,0,Transient-Party,26.1,1,1
Resort Hotel,1,192,2016,February,8,15,1,5,2,0.0,0,BB,PRT,Online TA,TA/TO,0,0,0,E,E,0,No Deposit,240.0,0,Transient,50.4,0,3
Resort Hotel,0,192,2016,February,8,15,1,5,2,0.0,0,BB,GBR,Online TA,TA/TO,0,0,0,E,E,0,No Deposit,240.0,0,Transient,50.4,0,2
Resort Hotel,1,38,2016,February,8,15,2,5,2,0.0,0,BB,PRT,Online TA,TA/TO,0,0,0,D,D,0,No Deposit,240.0,0,Transient,44.8,0,0
Resort Hotel,1,118,2016,February,8,15,3,6,2,0.0,0,BB,PRT,Offline TA/TO,TA/TO,0,0,0,A,A,0,No Deposit,6.0,0,Transient,26.1,0,0
Resort Hotel,0,232,2016,February,8,16,2,6,2,0.0,0,BB,GBR,Online TA,TA/TO,0,0,0,E,E,0,No Deposit,241.0,0,Transient,38.81,0,1
Resort Hotel,0,99,2016,February,8,16,2,7,2,0.0,0,BB,IRL,Offline TA/TO,TA/TO,0,0,0,D,D,0,No Deposit,115.0,0,Transient,33.3,0,0
Resort Hotel,0,131,2016,February,8,17,0,2,2,0.0,0,BB,PRT,Online TA,TA/TO,0,0,0,E,F,0,No Deposit,240.0,0,Transient,56.4,1,1
Resort Hotel,1,53,2016,February,8,17,0,4,2,0.0,0,BB,PRT,Online TA,TA/TO,0,0,0,G,G,0,No Deposit,240.0,0,Transient,98.0,0,0
Resort Hotel,1,72,2016,February,8,17,0,3,2,0.0,0,BB,PRT,Online TA,TA/TO,0,0,0,E,E,0,No Deposit,242.0,0,Transient,68.0,0,2
Resort Hotel,1,44,2016,February,8,17,2,6,2,0.0,0,BB,PRT,Online TA,TA/TO,0,0,0,A,A,0,No Deposit,240.0,0,Transient,48.0,0,2
Resort Hotel,1,33,2016,February,8,18,0,1,2,0.0,0,BB,PRT,Online TA,TA/TO,0,0,0,H,H,0,No Deposit,240.0,0,Transient,86.0,0,0
Resort Hotel,1,14,2016,February,8,19,0,2,2,0.0,0,BB,PRT,Direct,Direct,0,0,0,F,F,0,No Deposit,,0,Transient,68.0,0,1
Resort Hotel,1,69,2016,February,8,19,0,2,2,0.0,0,BB,PRT,Online TA,TA/TO,0,0,0,E,E,0,No Deposit,240.0,0,Transient,54.4,0,1
Resort Hotel,1,21,2016,February,8,19,0,2,2,0.0,0,BB,PRT,Online TA,TA/TO,0,0,0,A,D,0,No Deposit,240.0,0,Transient,48.0,0,2
Resort Hotel,1,35,2016,February,8,19,0,2,2,0.0,0,BB,PRT,Direct,Direct,0,0,0,E,E,0,No Deposit,250.0,0,Transient,99.0,0,0
Resort Hotel,1,2,2016,February,8,19,0,2,2,0.0,0,HB,PRT,Online TA,TA/TO,0,0,0,A,D,0,No Deposit,240.0,0,Transient,80.0,0,0
Resort Hotel,0,172,2016,February,8,19,2,5,2,0.0,0,FB,IRL,Offline TA/TO,TA/TO,0,0,0,E,E,0,No Deposit,177.0,0,Transient,83.9,0,0
Resort Hotel,1,10,2016,February,8,19,0,2,2,0.0,0,BB,PRT,Offline TA/TO,TA/TO,0,0,0,A,A,0,No Deposit,15.0,0,Transient,29.0,0,0
Resort Hotel,1,29,2016,February,8,20,0,1,2,0.0,0,HB,PRT,Online TA,TA/TO,0,0,0,A,A,1,No Deposit,240.0,0,Transient,78.0,0,2
Resort Hotel,1,1,2016,February,8,20,0,1,2,0.0,0,BB,PRT,Online TA,TA/TO,0,0,0,E,E,0,No Deposit,241.0,0,Transient,52.36,0,1
Resort Hotel,1,5,2016,February,8,20,0,1,2,0.0,0,HB,PRT,Online TA,TA/TO,0,0,0,A,D,0,No Deposit,240.0,0,Transient,80.0,0,1
Resort Hotel,1,100,2016,February,8,20,2,1,2,0.0,0,BB,PRT,Direct,Direct,0,0,0,D,D,0,No Deposit,250.0,0,Transient,38.32,0,2
Resort Hotel,0,100,2016,February,8,20,2,1,2,0.0,0,BB,IRL,Direct,Direct,0,0,0,D,D,0,No Deposit,250.0,0,Transient,38.32,0,1
Resort Hotel,1,55,2016,February,8,20,2,5,2,0.0,0,BB,PRT,Online TA,TA/TO,0,0,0,D,D,0,No Deposit,240.0,0,Transient,58.0,0,0
Resort Hotel,0,108,2016,February,8,20,4,10,2,0.0,0,HB,GBR,Offline TA/TO,TA/TO,0,0,0,E,E,0,No Deposit,115.0,0,Transient-Party,63.9,0,1
Resort Hotel,0,108,2016,February,8,20,4,10,2,0.0,0,HB,GBR,Offline TA/TO,TA/TO,0,0,0,E,E,0,No Deposit,115.0,0,Transient-Party,63.9,0,1
Resort Hotel,1,31,2016,February,9,21,2,1,2,0.0,0,BB,PRT,Online TA,TA/TO,0,0,0,D,D,0,No Deposit,240.0,0,Transient,56.0,0,2
Resort Hotel,1,85,2016,February,9,21,2,5,2,0.0,0,HB,PRT,Offline TA/TO,TA/TO,0,0,0,D,D,0,No Deposit,171.0,0,Transient,63.0,0,0
Resort Hotel,1,24,2016,February,9,22,1,1,2,0.0,0,BB,PRT,Online TA,TA/TO,0,0,0,A,A,0,No Deposit,241.0,0,Transient,36.96,0,2
Resort Hotel,1,24,2016,February,9,22,1,1,2,0.0,0,BB,PRT,Online TA,TA/TO,0,0,0,A,A,0,No Deposit,241.0,0,Transient,36.96,0,2
Resort Hotel,0,187,2016,February,9,22,1,4,2,0.0,0,HB,GBR,Offline TA/TO,TA/TO,0,0,0,E,E,0,No Deposit,314.0,0,Transient,65.9,0,0
Resort Hotel,1,16,2016,February,9,25,1,3,2,0.0,0,BB,PRT,Online TA,TA/TO,0,0,0,A,A,0,No Deposit,240.0,0,Transient,48.0,0,1
Resort Hotel,1,73,2016,February,9,26,0,1,2,0.0,0,BB,PRT,Online TA,TA/TO,0,0,0,A,A,0,No Deposit,240.0,0,Transient,48.0,0,2
Resort Hotel,1,73,2016,February,9,26,0,1,2,0.0,0,BB,PRT,Online TA,TA/TO,0,0,0,A,A,0,No Deposit,240.0,0,Transient,48.0,0,2
Resort Hotel,1,36,2016,February,9,26,1,2,2,0.0,0,HB,PRT,Online TA,TA/TO,0,0,0,A,A,0,No Deposit,240.0,0,Transient,78.0,0,2
Resort Hotel,1,50,2016,February,9,26,1,2,2,0.0,0,BB,PRT,Online TA,TA/TO,0,0,0,G,G,0,No Deposit,240.0,0,Transient,76.0,0,0
Resort Hotel,1,74,2016,February,9,26,1,2,2,0.0,0,Undefined,PRT,Groups,TA/TO,0,0,0,A,A,0,Non Refund,68.0,0,Transient,70.0,0,0
Resort Hotel,1,74,2016,February,9,26,1,2,2,0.0,0,Undefined,PRT,Groups,TA/TO,0,0,0,A,A,0,Non Refund,68.0,0,Transient,70.0,0,0
Resort Hotel,1,30,2016,February,9,26,1,2,2,0.0,0,BB,PRT,Online TA,TA/TO,0,0,0,A,A,0,No Deposit,240.0,0,Transient,48.0,0,3
Resort Hotel,1,74,2016,February,9,26,1,2,2,0.0,0,Undefined,PRT,Groups,TA/TO,0,0,0,A,A,0,Non Refund,68.0,0,Transient,70.0,0,0
Resort Hotel,1,74,2016,February,9,26,1,2,2,0.0,0,Undefined,PRT,Groups,TA/TO,0,0,0,A,A,0,Non Refund,68.0,0,Transient,70.0,0,0
Resort Hotel,1,74,2016,February,9,26,1,2,2,0.0,0,Undefined,PRT,Groups,TA/TO,0,0,0,A,A,0,Non Refund,68.0,0,Transient,70.0,0,0
Resort Hotel,1,74,2016,February,9,26,1,2,2,0.0,0,Undefined,PRT,Groups,TA/TO,0,0,0,A,A,0,Non Refund,68.0,0,Transient,70.0,0,0
Resort Hotel,1,74,2016,February,9,26,1,2,2,0.0,0,Undefined,PRT,Groups,TA/TO,0,0,0,A,A,0,Non Refund,68.0,0,Transient,70.0,0,0
Resort Hotel,1,74,2016,February,9,26,1,2,2,0.0,0,Undefined,PRT,Groups,TA/TO,0,0,0,A,A,0,Non Refund,68.0,0,Transient,70.0,0,0
Resort Hotel,1,74,2016,February,9,26,1,2,2,0.0,0,Undefined,PRT,Groups,TA/TO,0,0,0,A,A,0,Non Refund,68.0,0,Transient,70.0,0,0
Resort Hotel,1,74,2016,February,9,26,1,2,2,0.0,0,Undefined,PRT,Groups,TA/TO,0,0,0,A,A,0,Non Refund,68.0,0,Transient,70.0,0,0
Resort Hotel,1,74,2016,February,9,26,1,2,2,0.0,0,Undefined,PRT,Groups,TA/TO,0,0,0,A,A,0,Non Refund,68.0,0,Transient,70.0,0,0
Resort Hotel,1,74,2016,February,9,26,1,2,2,0.0,0,Undefined,PRT,Groups,TA/TO,0,0,0,A,A,0,Non Refund,68.0,0,Transient,70.0,0,0
Resort Hotel,1,74,2016,February,9,26,1,2,2,0.0,0,Undefined,PRT,Groups,TA/TO,0,0,0,A,A,0,Non Refund,68.0,0,Transient,70.0,0,0
Resort Hotel,1,74,2016,February,9,26,1,2,2,0.0,0,Undefined,PRT,Groups,TA/TO,0,0,0,A,A,0,Non Refund,68.0,0,Transient,70.0,0,0
Resort Hotel,1,74,2016,February,9,26,1,2,2,0.0,0,Undefined,PRT,Groups,TA/TO,0,0,0,A,A,0,Non Refund,68.0,0,Transient,70.0,0,0
Resort Hotel,1,74,2016,February,9,26,1,2,2,0.0,0,Undefined,PRT,Groups,TA/TO,0,0,0,A,A,0,Non Refund,68.0,0,Transient,70.0,0,0
Resort Hotel,1,74,2016,February,9,26,1,2,2,0.0,0,Undefined,PRT,Groups,TA/TO,0,0,0,A,A,0,Non Refund,68.0,0,Transient,70.0,0,0
Resort Hotel,1,74,2016,February,9,26,1,2,2,0.0,0,Undefined,PRT,Groups,TA/TO,0,0,0,A,A,0,Non Refund,68.0,0,Transient,70.0,0,0
Resort Hotel,1,74,2016,February,9,26,1,2,2,0.0,0,Undefined,PRT,Groups,TA/TO,0,0,0,A,A,0,Non Refund,68.0,0,Transient,70.0,0,0
Resort Hotel,1,74,2016,February,9,26,1,2,2,0.0,0,Undefined,PRT,Groups,TA/TO,0,0,0,A,A,0,Non Refund,68.0,0,Transient,70.0,0,0
Resort Hotel,1,74,2016,February,9,26,1,2,2,0.0,0,Undefined,PRT,Groups,TA/TO,0,0,0,A,A,0,Non Refund,68.0,0,Transient,70.0,0,0
Resort Hotel,1,74,2016,February,9,26,1,2,2,0.0,0,Undefined,PRT,Groups,TA/TO,0,0,0,A,A,0,Non Refund,68.0,0,Transient,70.0,0,0
Resort Hotel,1,74,2016,February,9,26,1,2,2,0.0,0,Undefined,PRT,Groups,TA/TO,0,0,0,A,A,0,Non Refund,68.0,0,Transient,70.0,0,0
Resort Hotel,1,36,2016,February,9,26,1,2,2,0.0,0,HB,PRT,Online TA,TA/TO,0,0,0,A,A,0,No Deposit,240.0,0,Transient,78.0,0,2
Resort Hotel,1,74,2016,February,9,26,1,2,2,0.0,0,Undefined,PRT,Groups,TA/TO,0,0,0,A,A,0,Non Refund,68.0,0,Transient,70.0,0,0
Resort Hotel,1,74,2016,February,9,26,1,2,2,0.0,0,Undefined,PRT,Groups,TA/TO,0,0,0,A,A,0,Non Refund,68.0,0,Transient,70.0,0,0
Resort Hotel,1,74,2016,February,9,26,1,2,2,0.0,0,Undefined,PRT,Groups,TA/TO,0,0,0,A,A,0,Non Refund,68.0,0,Transient,70.0,0,0
Resort Hotel,1,74,2016,February,9,26,1,2,2,0.0,0,Undefined,PRT,Groups,TA/TO,0,0,0,A,A,0,Non Refund,68.0,0,Transient,70.0,0,0
Resort Hotel,1,74,2016,February,9,26,1,2,2,0.0,0,Undefined,PRT,Groups,TA/TO,0,0,0,A,A,0,Non Refund,68.0,0,Transient,70.0,0,0
Resort Hotel,1,74,2016,February,9,26,1,2,2,0.0,0,Undefined,PRT,Groups,TA/TO,0,0,0,A,A,0,Non Refund,68.0,0,Transient,70.0,0,0
Resort Hotel,1,53,2016,February,9,26,2,7,2,0.0,0,BB,PRT,Online TA,TA/TO,0,0,0,A,A,0,No Deposit,240.0,0,Transient,48.0,0,1
Resort Hotel,1,135,2016,February,9,26,2,7,2,0.0,0,BB,PRT,Online TA,TA/TO,0,0,0,A,A,0,No Deposit,240.0,0,Transient,36.45,0,0
Resort Hotel,1,53,2016,February,9,26,2,7,2,0.0,0,BB,PRT,Online TA,TA/TO,0,0,0,A,A,0,No Deposit,240.0,0,Transient,48.0,0,1
Resort Hotel,1,69,2016,February,9,27,0,1,2,0.0,0,HB,PRT,Online TA,TA/TO,0,0,0,E,E,0,No Deposit,240.0,0,Transient,98.0,0,0
Resort Hotel,1,12,2016,February,9,27,0,1,2,0.0,0,BB,PRT,Online TA,TA/TO,0,0,0,A,D,0,No Deposit,240.0,0,Transient,48.0,0,0
Resort Hotel,1,0,2016,February,9,27,0,1,2,0.0,0,BB,PRT,Direct,Direct,0,0,0,A,A,0,No Deposit,,0,Transient,45.0,0,0
Resort Hotel,0,123,2016,February,9,27,1,1,2,0.0,0,FB,ESP,Groups,Direct,0,0,0,A,A,0,No Deposit,38.0,0,Transient-Party,64.0,0,0
Resort Hotel,0,123,2016,February,9,27,1,1,2,0.0,0,FB,ESP,Groups,Direct,0,0,0,A,C,0,No Deposit,38.0,0,Transient-Party,64.0,0,0
Resort Hotel,0,123,2016,February,9,27,1,1,2,0.0,0,FB,ESP,Groups,Direct,0,0,0,A,A,0,No Deposit,38.0,0,Transient-Party,64.0,0,0
Resort Hotel,1,74,2016,February,9,27,1,1,2,0.0,0,BB,PRT,Online TA,TA/TO,0,0,0,A,A,0,No Deposit,240.0,0,Transient,48.0,0,2
Resort Hotel,1,44,2016,February,9,27,1,1,2,0.0,0,BB,PRT,Online TA,TA/TO,0,0,0,A,A,0,No Deposit,240.0,0,Transient,48.0,0,2
Resort Hotel,0,123,2016,February,9,27,1,1,2,0.0,0,FB,ESP,Groups,Direct,0,0,0,A,C,0,No Deposit,38.0,0,Transient-Party,64.0,0,0
Resort Hotel,0,123,2016,February,9,27,1,1,2,0.0,0,FB,ESP,Groups,Direct,0,0,0,A,A,0,No Deposit,38.0,0,Transient-Party,64.0,0,0
Resort Hotel,0,123,2016,February,9,27,1,1,2,0.0,0,FB,ESP,Groups,Direct,0,0,0,A,A,0,No Deposit,38.0,0,Transient-Party,64.0,0,0
Resort Hotel,0,123,2016,February,9,27,1,1,2,0.0,0,FB,ESP,Groups,Direct,0,0,0,A,A,0,No Deposit,38.0,0,Transient-Party,64.0,0,0
Resort Hotel,1,123,2016,February,9,27,1,1,2,0.0,0,Undefined,ESP,Groups,Direct,0,0,0,A,A,0,No Deposit,38.0,0,Transient-Party,64.0,0,0
Resort Hotel,0,123,2016,February,9,27,1,1,2,0.0,0,FB,ESP,Groups,Direct,0,0,0,A,A,0,No Deposit,38.0,0,Transient-Party,64.0,0,0
Resort Hotel,0,123,2016,February,9,27,1,1,2,0.0,0,FB,ESP,Groups,Direct,0,0,0,A,A,0,No Deposit,38.0,0,Transient-Party,64.0,0,0
Resort Hotel,0,123,2016,February,9,27,1,1,2,0.0,0,FB,ESP,Groups,Direct,0,0,0,A,C,0,No Deposit,38.0,0,Transient-Party,64.0,0,0
Resort Hotel,0,123,2016,February,9,27,1,1,2,0.0,0,FB,ESP,Groups,Direct,0,0,0,A,A,0,No Deposit,38.0,0,Transient-Party,64.0,0,0
Resort Hotel,1,123,2016,February,9,27,1,1,2,0.0,0,Undefined,ESP,Groups,Direct,0,0,0,A,A,0,No Deposit,38.0,0,Transient-Party,64.0,0,0
Resort Hotel,0,123,2016,February,9,27,1,1,2,0.0,0,FB,ESP,Groups,Direct,0,0,0,A,A,0,No Deposit,38.0,0,Transient-Party,64.0,0,0
Resort Hotel,0,123,2016,February,9,27,1,1,2,0.0,0,FB,ESP,Groups,Direct,0,0,0,A,A,0,No Deposit,38.0,0,Transient-Party,64.0,0,0
Resort Hotel,0,123,2016,February,9,27,1,1,2,0.0,0,FB,ESP,Groups,Direct,0,0,0,A,C,0,No Deposit,38.0,0,Transient-Party,64.0,0,0
Resort Hotel,1,42,2016,February,9,27,1,1,2,0.0,0,BB,PRT,Online TA,TA/TO,0,0,0,A,A,0,No Deposit,240.0,0,Transient,48.0,0,1
Resort Hotel,1,46,2016,February,9,27,1,1,2,0.0,0,BB,PRT,Online TA,TA/TO,0,0,0,D,D,0,No Deposit,240.0,0,Transient,44.8,0,2
Resort Hotel,1,74,2016,February,9,27,1,1,2,0.0,0,BB,PRT,Online TA,TA/TO,0,0,0,A,A,0,No Deposit,240.0,0,Transient,48.0,0,2
Resort Hotel,1,44,2016,February,9,27,1,1,2,0.0,0,BB,PRT,Online TA,TA/TO,0,0,0,A,A,0,No Deposit,240.0,0,Transient,48.0,0,2
Resort Hotel,0,123,2016,February,9,27,1,1,2,0.0,0,FB,ESP,Groups,Direct,0,0,0,A,A,0,No Deposit,38.0,0,Transient-Party,64.0,0,0
Resort Hotel,0,123,2016,February,9,27,1,1,2,0.0,0,FB,ESP,Groups,Direct,0,0,0,A,C,0,No Deposit,38.0,0,Transient-Party,64.0,0,0
Resort Hotel,0,123,2016,February,9,27,1,1,2,0.0,0,FB,ESP,Groups,Direct,0,0,0,A,A,0,No Deposit,38.0,0,Transient-Party,64.0,0,0
Resort Hotel,1,123,2016,February,9,27,1,1,2,0.0,0,Undefined,ESP,Groups,Direct,0,0,0,A,A,0,No Deposit,38.0,0,Transient-Party,64.0,0,0
Resort Hotel,1,44,2016,February,9,27,1,1,2,0.0,0,BB,PRT,Online TA,TA/TO,0,0,0,A,A,0,No Deposit,240.0,0,Transient,48.0,0,2
Resort Hotel,0,123,2016,February,9,27,1,1,2,0.0,0,FB,ESP,Groups,Direct,0,0,0,A,C,0,No Deposit,38.0,0,Transient-Party,64.0,0,0
Resort Hotel,0,123,2016,February,9,27,1,1,2,0.0,0,FB,ESP,Groups,Direct,0,0,0,A,A,0,No Deposit,38.0,0,Transient-Party,64.0,0,0
Resort Hotel,1,74,2016,February,9,27,1,1,2,0.0,0,BB,PRT,Online TA,TA/TO,0,0,0,A,A,0,No Deposit,240.0,0,Transient,48.0,0,2
Resort Hotel,0,123,2016,February,9,27,1,1,2,0.0,0,FB,ESP,Groups,Direct,0,0,0,A,A,0,No Deposit,38.0,0,Transient-Party,64.0,0,0
Resort Hotel,0,123,2016,February,9,27,1,1,2,0.0,0,FB,ESP,Groups,Direct,0,0,0,A,A,0,No Deposit,38.0,0,Transient-Party,64.0,0,0
Resort Hotel,0,123,2016,February,9,27,1,1,2,0.0,0,FB,ESP,Groups,Direct,0,0,0,A,A,0,No Deposit,38.0,0,Transient-Party,64.0,0,0
Resort Hotel,1,42,2016,February,9,27,2,2,2,0.0,0,BB,PRT,Online TA,TA/TO,0,0,0,A,A,0,No Deposit,240.0,0,Transient,48.0,0,3
Resort Hotel,1,44,2016,February,10,28,1,0,2,0.0,0,BB,PRT,Online TA,TA/TO,0,0,0,A,A,1,No Deposit,240.0,0,Transient,48.0,0,1
Resort Hotel,1,41,2016,February,10,28,2,0,2,0.0,0,BB,PRT,Direct,Direct,0,0,0,A,D,2,No Deposit,250.0,0,Transient,43.0,0,0
Resort Hotel,1,59,2016,February,10,28,2,5,2,0.0,0,HB,PRT,Online TA,TA/TO,0,0,0,A,A,1,No Deposit,240.0,0,Transient,86.57,0,1
Resort Hotel,1,32,2016,February,10,28,2,5,2,0.0,0,BB,PRT,Online TA,TA/TO,0,0,0,A,A,0,No Deposit,240.0,0,Transient,48.0,0,0
Resort Hotel,1,19,2016,February,10,28,4,6,2,0.0,0,BB,PRT,Online TA,TA/TO,0,0,0,A,A,0,No Deposit,240.0,0,Transient,48.0,0,0
Resort Hotel,1,28,2016,February,10,29,3,7,2,0.0,0,BB,PRT,Online TA,TA/TO,0,0,0,A,A,0,No Deposit,240.0,0,Transient,55.2,0,1
Resort Hotel,1,138,2016,February,10,29,3,7,2,0.0,0,BB,PRT,Online TA,TA/TO,0,0,0,A,A,0,No Deposit,240.0,0,Transient,40.5,0,1
Resort Hotel,1,40,2016,February,10,29,1,4,2,0.0,0,BB,PRT,Online TA,TA/TO,0,0,0,A,A,0,No Deposit,240.0,0,Transient,48.0,0,2
Resort Hotel,1,15,2016,March,10,1,0,1,2,0.0,0,BB,PRT,Online TA,TA/TO,0,0,0,A,D,0,No Deposit,240.0,0,Transient,48.0,0,0
Resort Hotel,1,45,2016,March,10,1,0,5,2,0.0,0,HB,PRT,Groups,Direct,0,0,0,E,E,0,No Deposit,,0,Transient-Party,81.0,0,0
Resort Hotel,1,45,2016,March,10,1,0,5,2,0.0,0,HB,PRT,Groups,Direct,0,0,0,E,E,0,No Deposit,,0,Transient-Party,81.0,0,0
Resort Hotel,1,45,2016,March,10,1,0,5,2,0.0,0,HB,PRT,Groups,Direct,0,0,0,E,E,0,No Deposit,,0,Transient-Party,81.0,0,0
Resort Hotel,1,45,2016,March,10,1,0,5,2,0.0,0,HB,PRT,Groups,Direct,0,0,0,E,E,0,No Deposit,,0,Transient-Party,81.0,0,0
Resort Hotel,1,45,2016,March,10,1,0,5,2,0.0,0,BB,PRT,Direct,Direct,0,0,0,A,A,0,No Deposit,250.0,0,Transient,78.0,0,0
Resort Hotel,1,45,2016,March,10,1,0,5,2,0.0,0,HB,PRT,Groups,Direct,0,0,0,E,E,0,No Deposit,,0,Transient-Party,81.0,0,0
Resort Hotel,1,45,2016,March,10,1,0,5,2,0.0,0,HB,PRT,Groups,Direct,0,0,0,E,E,0,No Deposit,,0,Transient-Party,81.0,0,0
Resort Hotel,1,33,2016,March,10,1,2,6,2,0.0,0,HB,PRT,Groups,Direct,0,0,0,A,A,0,No Deposit,,0,Transient-Party,65.0,0,0
Resort Hotel,1,57,2016,March,10,1,2,5,2,0.0,0,BB,PRT,Online TA,TA/TO,0,0,0,A,A,0,No Deposit,240.0,0,Transient,48.0,0,1
Resort Hotel,1,61,2016,March,10,1,4,10,2,0.0,0,BB,PRT,Offline TA/TO,TA/TO,0,0,0,A,A,0,No Deposit,171.0,0,Transient,29.0,0,0
Resort Hotel,1,219,2016,March,10,2,2,5,2,0.0,0,HB,PRT,Offline TA/TO,TA/TO,0,0,0,A,A,0,Non Refund,310.0,0,Transient,52.0,0,0
Resort Hotel,1,219,2016,March,10,2,2,5,2,0.0,0,HB,CN,Offline TA/TO,TA/TO,0,0,0,A,A,0,Non Refund,310.0,0,Transient,52.0,0,0
Resort Hotel,1,219,2016,March,10,2,2,5,2,0.0,0,HB,PRT,Offline TA/TO,TA/TO,0,0,0,A,A,0,Non Refund,310.0,0,Transient,52.0,0,0
Resort Hotel,1,118,2016,March,10,2,2,5,2,0.0,0,BB,PRT,Online TA,TA/TO,0,0,0,A,A,0,No Deposit,241.0,0,Transient,33.26,0,0
Resort Hotel,1,219,2016,March,10,2,2,5,2,0.0,0,HB,PRT,Offline TA/TO,TA/TO,0,0,0,A,A,0,Non Refund,310.0,0,Transient,52.0,0,0
Resort Hotel,1,219,2016,March,10,2,2,5,2,0.0,0,HB,PRT,Offline TA/TO,TA/TO,0,0,0,A,A,0,Non Refund,310.0,0,Transient,52.0,0,0
Resort Hotel,1,219,2016,March,10,2,2,5,2,0.0,0,HB,PRT,Offline TA/TO,TA/TO,0,0,0,A,A,0,Non Refund,310.0,0,Transient,52.0,0,0
Resort Hotel,1,219,2016,March,10,2,2,5,2,0.0,0,HB,PRT,Offline TA/TO,TA/TO,0,0,0,A,A,0,Non Refund,310.0,0,Transient,52.0,0,0
Resort Hotel,1,219,2016,March,10,2,2,5,2,0.0,0,HB,PRT,Offline TA/TO,TA/TO,0,0,0,A,A,0,Non Refund,310.0,0,Transient,52.0,0,0
Resort Hotel,1,219,2016,March,10,2,2,5,2,0.0,0,HB,PRT,Offline TA/TO,TA/TO,0,0,0,A,A,0,Non Refund,310.0,0,Transient,52.0,0,0
Resort Hotel,1,219,2016,March,10,2,2,5,2,0.0,0,HB,PRT,Offline TA/TO,TA/TO,0,0,0,A,A,0,Non Refund,310.0,0,Transient,52.0,0,0
Resort Hotel,1,219,2016,March,10,2,2,5,2,0.0,0,HB,PRT,Offline TA/TO,TA/TO,0,0,0,A,A,0,Non Refund,310.0,0,Transient,52.0,0,0
Resort Hotel,1,219,2016,March,10,2,2,5,2,0.0,0,HB,PRT,Offline TA/TO,TA/TO,0,0,0,A,A,0,Non Refund,310.0,0,Transient,52.0,0,0
Resort Hotel,1,219,2016,March,10,2,2,5,2,0.0,0,HB,PRT,Offline TA/TO,TA/TO,0,0,0,A,A,0,Non Refund,310.0,0,Transient,52.0,0,0
Resort Hotel,1,219,2016,March,10,2,2,5,2,0.0,0,HB,PRT,Offline TA/TO,TA/TO,0,0,0,A,A,0,Non Refund,310.0,0,Transient,52.0,0,0
Resort Hotel,1,219,2016,March,10,2,2,5,2,0.0,0,HB,PRT,Offline TA/TO,TA/TO,0,0,0,A,A,0,Non Refund,310.0,0,Transient,52.0,0,0
Resort Hotel,1,219,2016,March,10,2,2,5,2,0.0,0,HB,PRT,Offline TA/TO,TA/TO,0,0,0,A,A,0,Non Refund,310.0,0,Transient,52.0,0,0
Resort Hotel,1,219,2016,March,10,2,2,5,2,0.0,0,HB,PRT,Offline TA/TO,TA/TO,0,0,0,A,A,0,Non Refund,310.0,0,Transient,52.0,0,0
Resort Hotel,1,219,2016,March,10,2,2,5,2,0.0,0,HB,PRT,Offline TA/TO,TA/TO,0,0,0,A,A,0,Non Refund,310.0,0,Transient,52.0,0,0
Resort Hotel,1,219,2016,March,10,2,2,5,2,0.0,0,HB,PRT,Offline TA/TO,TA/TO,0,0,0,A,A,0,Non Refund,310.0,0,Transient,52.0,0,0
Resort Hotel,1,219,2016,March,10,2,2,5,2,0.0,0,HB,PRT,Offline TA/TO,TA/TO,0,0,0,A,A,0,Non Refund,310.0,0,Transient,52.0,0,0
Resort Hotel,0,131,2016,March,10,2,8,20,2,0.0,0,BB,CN,Offline TA/TO,TA/TO,0,0,0,D,D,0,No Deposit,96.0,0,Transient,31.45,0,1
Resort Hotel,1,2,2016,March,10,4,0,1,2,0.0,0,BB,PRT,Direct,Direct,0,0,0,F,F,0,No Deposit,,0,Transient,75.0,0,1
Resort Hotel,1,0,2016,March,10,4,0,1,2,0.0,0,BB,PRT,Online TA,TA/TO,0,0,0,A,D,0,No Deposit,240.0,0,Transient,48.0,0,0
Resort Hotel,1,0,2016,March,10,4,0,1,2,0.0,0,BB,PRT,Online TA,TA/TO,0,0,0,A,D,0,No Deposit,240.0,0,Transient,48.0,0,0
Resort Hotel,1,52,2016,March,10,4,0,1,2,0.0,0,BB,PRT,Online TA,TA/TO,0,0,0,A,D,0,No Deposit,240.0,0,Transient,48.0,0,1
Resort Hotel,1,0,2016,March,10,4,0,2,2,0.0,0,BB,PRT,Online TA,TA/TO,0,0,0,E,E,0,No Deposit,240.0,0,Transient,68.0,0,0
Resort Hotel,1,29,2016,March,10,4,2,7,2,0.0,0,HB,PRT,Offline TA/TO,TA/TO,0,0,0,A,A,0,No Deposit,171.0,0,Transient,55.0,0,0
Resort Hotel,1,162,2016,March,10,4,6,15,2,0.0,0,HB,PRT,Groups,TA/TO,0,0,0,A,A,0,Non Refund,96.0,0,Transient,82.0,0,0
Resort Hotel,1,162,2016,March,10,4,6,15,2,0.0,0,HB,PRT,Groups,TA/TO,0,0,0,A,A,0,Non Refund,96.0,0,Transient,82.0,0,0
Resort Hotel,1,162,2016,March,10,4,6,15,2,0.0,0,HB,PRT,Groups,TA/TO,0,0,0,A,A,0,Non Refund,96.0,0,Transient,82.0,0,0
Resort Hotel,1,162,2016,March,10,4,6,15,2,0.0,0,HB,PRT,Groups,TA/TO,0,0,0,A,A,0,Non Refund,96.0,0,Transient,82.0,0,0
Resort Hotel,1,162,2016,March,10,4,6,15,2,0.0,0,HB,PRT,Groups,TA/TO,0,0,0,A,A,0,Non Refund,96.0,0,Transient,82.0,0,0
Resort Hotel,1,162,2016,March,10,4,6,15,2,0.0,0,HB,PRT,Groups,TA/TO,0,0,0,A,A,0,Non Refund,96.0,0,Transient,82.0,0,0
Resort Hotel,1,162,2016,March,10,4,6,15,2,0.0,0,HB,PRT,Groups,TA/TO,0,0,0,A,A,0,Non Refund,96.0,0,Transient,82.0,0,0
Resort Hotel,1,162,2016,March,10,4,6,15,2,0.0,0,HB,PRT,Groups,TA/TO,0,0,0,A,A,0,Non Refund,96.0,0,Transient,82.0,0,0
Resort Hotel,1,162,2016,March,10,4,6,15,2,0.0,0,HB,PRT,Groups,TA/TO,0,0,0,A,A,0,Non Refund,96.0,0,Transient,82.0,0,0
Resort Hotel,1,162,2016,March,10,4,6,15,2,0.0,0,HB,PRT,Groups,TA/TO,0,0,0,A,A,0,Non Refund,96.0,0,Transient,82.0,0,0
Resort Hotel,1,162,2016,March,10,4,6,15,2,0.0,0,HB,PRT,Groups,TA/TO,0,0,0,A,A,0,Non Refund,96.0,0,Transient,82.0,0,0
Resort Hotel,1,162,2016,March,10,4,6,15,2,0.0,0,HB,PRT,Groups,TA/TO,0,0,0,A,A,0,Non Refund,96.0,0,Transient,82.0,0,0
Resort Hotel,1,162,2016,March,10,4,6,15,2,0.0,0,HB,PRT,Groups,TA/TO,0,0,0,A,A,0,Non Refund,96.0,0,Transient,82.0,0,0
Resort Hotel,1,162,2016,March,10,4,6,15,2,0.0,0,HB,PRT,Groups,TA/TO,0,0,0,A,A,0,Non Refund,96.0,0,Transient,82.0,0,0
Resort Hotel,1,162,2016,March,10,4,6,15,2,0.0,0,HB,PRT,Groups,TA/TO,0,0,0,A,A,0,Non Refund,96.0,0,Transient,82.0,0,0
Resort Hotel,1,50,2016,March,10,5,0,1,2,0.0,0,BB,PRT,Online TA,TA/TO,0,0,0,A,A,0,No Deposit,240.0,0,Transient,48.0,0,1
Resort Hotel,1,49,2016,March,10,5,2,2,2,0.0,0,HB,PRT,Groups,Direct,0,0,0,E,E,0,No Deposit,,0,Transient-Party,81.0,0,0
Resort Hotel,1,38,2016,March,10,5,2,2,2,0.0,0,BB,PRT,Online TA,TA/TO,0,0,0,A,A,0,No Deposit,240.0,0,Transient,48.0,0,2
Resort Hotel,1,49,2016,March,10,5,2,2,2,0.0,0,HB,PRT,Groups,Direct,0,0,0,E,E,0,No Deposit,,0,Transient-Party,81.0,0,0
Resort Hotel,1,49,2016,March,10,5,2,2,2,0.0,0,HB,PRT,Groups,Direct,0,0,0,E,E,0,No Deposit,,0,Transient-Party,81.0,0,0
Resort Hotel,1,19,2016,March,10,5,2,5,2,0.0,0,BB,PRT,Online TA,TA/TO,0,0,0,A,A,0,No Deposit,240.0,0,Transient,48.0,0,0
Resort Hotel,1,11,2016,March,11,7,1,1,2,0.0,0,BB,PRT,Corporate,Corporate,0,0,0,A,A,0,No Deposit,,0,Transient,35.0,0,0
Resort Hotel,1,196,2016,March,11,7,1,3,2,0.0,0,BB,PRT,Online TA,TA/TO,0,0,0,D,D,0,No Deposit,242.0,0,Transient,41.4,0,2
Resort Hotel,1,196,2016,March,11,7,1,3,2,0.0,0,BB,PRT,Online TA,TA/TO,0,0,0,D,D,0,No Deposit,242.0,0,Transient,41.4,0,2
Resort Hotel,1,30,2016,March,11,7,1,5,2,0.0,0,Undefined,PRT,Groups,TA/TO,0,0,0,A,A,0,No Deposit,38.0,0,Transient-Party,68.4,0,0
Resort Hotel,1,30,2016,March,11,7,1,5,2,0.0,0,Undefined,PRT,Groups,TA/TO,0,0,0,A,A,0,No Deposit,38.0,0,Transient-Party,68.4,0,0
Resort Hotel,1,30,2016,March,11,7,1,5,2,0.0,0,Undefined,PRT,Groups,TA/TO,0,0,0,A,A,0,No Deposit,38.0,0,Transient-Party,68.4,0,0
Resort Hotel,1,30,2016,March,11,7,1,5,2,0.0,0,Undefined,PRT,Groups,TA/TO,0,0,0,A,A,0,No Deposit,38.0,0,Transient-Party,68.4,0,0
Resort Hotel,1,30,2016,March,11,7,1,5,2,0.0,0,Undefined,PRT,Groups,TA/TO,0,0,0,A,A,0,No Deposit,38.0,0,Transient-Party,68.4,0,0
Resort Hotel,1,30,2016,March,11,7,1,5,2,0.0,0,Undefined,PRT,Groups,TA/TO,0,0,0,A,A,0,No Deposit,38.0,0,Transient-Party,68.4,0,0
Resort Hotel,0,119,2016,March,11,7,2,5,2,0.0,0,BB,FRA,Offline TA/TO,TA/TO,0,0,0,A,D,0,No Deposit,6.0,0,Transient,26.0,0,0
Resort Hotel,1,67,2016,March,11,7,2,5,2,0.0,0,BB,PRT,Online TA,TA/TO,0,0,0,A,A,0,No Deposit,240.0,0,Transient,56.0,0,1
Resort Hotel,0,157,2016,March,11,7,4,10,2,0.0,0,HB,GBR,Offline TA/TO,TA/TO,0,0,0,E,E,0,No Deposit,115.0,0,Transient,63.9,0,0
Resort Hotel,0,190,2016,March,11,8,0,4,2,0.0,0,BB,DEU,Online TA,TA/TO,0,0,0,D,D,0,No Deposit,242.0,0,Transient,41.4,0,2
Resort Hotel,0,190,2016,March,11,8,0,4,2,0.0,0,BB,DEU,Online TA,TA/TO,0,0,0,D,D,0,No Deposit,242.0,0,Transient,41.4,1,2
Resort Hotel,0,259,2016,March,11,8,4,10,2,0.0,0,BB,GBR,Offline TA/TO,TA/TO,0,0,0,A,A,4,No Deposit,2.0,0,Contract,26.1,0,0
Resort Hotel,1,81,2016,March,11,9,0,3,2,0.0,0,HB,PRT,Groups,TA/TO,0,0,0,A,A,1,No Deposit,115.0,0,Transient-Party,59.0,0,0
Resort Hotel,1,81,2016,March,11,9,0,3,2,0.0,0,HB,PRT,Groups,TA/TO,0,0,0,A,A,1,No Deposit,115.0,0,Transient-Party,59.0,0,0
Resort Hotel,1,81,2016,March,11,9,0,3,2,0.0,0,BB,PRT,Groups,TA/TO,0,0,0,A,A,0,No Deposit,115.0,0,Transient-Party,59.0,0,0
Resort Hotel,1,81,2016,March,11,9,0,3,2,0.0,0,HB,PRT,Groups,TA/TO,0,0,0,A,A,1,No Deposit,115.0,0,Transient-Party,59.0,0,0
Resort Hotel,1,15,2016,March,11,9,0,3,2,0.0,0,BB,GBR,Groups,TA/TO,0,0,0,A,A,0,No Deposit,115.0,0,Transient-Party,59.0,0,0
Resort Hotel,1,81,2016,March,11,9,0,3,2,0.0,0,HB,PRT,Groups,TA/TO,0,0,0,A,A,1,No Deposit,115.0,0,Transient-Party,59.0,0,0
Resort Hotel,1,32,2016,March,11,9,2,4,2,0.0,0,BB,PRT,Online TA,TA/TO,0,0,0,A,A,0,No Deposit,184.0,0,Transient,40.8,0,0
Resort Hotel,1,49,2016,March,11,9,2,9,2,0.0,0,HB,PRT,Offline TA/TO,TA/TO,0,0,0,D,D,0,No Deposit,171.0,0,Transient,63.0,0,0
Resort Hotel,1,36,2016,March,11,10,2,5,2,0.0,0,BB,PRT,Online TA,TA/TO,0,0,0,A,A,0,No Deposit,240.0,0,Transient,48.0,0,2
Resort Hotel,1,228,2016,March,11,11,1,2,2,0.0,0,BB,PRT,Direct,Direct,0,0,0,D,D,0,No Deposit,250.0,0,Transient,39.1,0,1
Resort Hotel,1,51,2016,March,11,11,2,2,2,0.0,0,BB,PRT,Online TA,TA/TO,0,0,0,A,A,0,No Deposit,240.0,0,Transient,48.0,0,1
Resort Hotel,1,31,2016,March,11,12,0,1,2,0.0,0,BB,PRT,Online TA,TA/TO,0,0,0,A,A,0,No Deposit,240.0,0,Transient,48.0,0,0
Resort Hotel,1,65,2016,March,11,12,2,3,2,0.0,0,HB,PRT,Offline TA/TO,TA/TO,0,0,0,A,A,1,No Deposit,177.0,0,Contract,49.5,0,0
Resort Hotel,1,54,2016,March,11,12,2,5,2,0.0,0,BB,PRT,Offline TA/TO,TA/TO,0,0,0,A,A,0,No Deposit,2.0,0,Contract,29.0,0,0
Resort Hotel,1,44,2016,March,12,13,1,0,2,0.0,0,BB,PRT,Online TA,TA/TO,0,0,0,A,A,2,No Deposit,240.0,0,Transient,56.0,0,1
Resort Hotel,1,153,2016,March,12,13,2,0,2,0.0,0,BB,PRT,Online TA,TA/TO,0,0,0,A,A,0,No Deposit,240.0,0,Transient,40.5,0,1
Resort Hotel,1,153,2016,March,12,13,2,0,2,0.0,0,BB,PRT,Online TA,TA/TO,0,0,0,A,A,0,No Deposit,240.0,0,Transient,40.5,0,1
Resort Hotel,1,25,2016,March,12,13,2,2,2,0.0,0,BB,PRT,Online TA,TA/TO,0,0,0,D,D,0,No Deposit,242.0,0,Transient,46.4,0,1
Resort Hotel,0,130,2016,March,12,13,2,5,2,0.0,0,BB,GBR,Offline TA/TO,TA/TO,0,0,0,A,A,0,No Deposit,115.0,0,Transient,27.81,0,0
Resort Hotel,1,45,2016,March,12,14,1,0,2,0.0,0,BB,PRT,Online TA,TA/TO,0,0,0,A,A,1,No Deposit,240.0,0,Transient,56.0,0,1
Resort Hotel,1,85,2016,March,12,14,3,5,2,0.0,0,BB,PRT,Online TA,TA/TO,0,0,0,E,E,0,No Deposit,240.0,0,Transient,59.4,0,0
Resort Hotel,1,14,2016,March,12,14,3,6,2,0.0,0,BB,PRT,Online TA,TA/TO,0,0,0,E,E,0,No Deposit,240.0,0,Transient,68.0,0,1
Resort Hotel,1,145,2016,March,12,14,3,10,2,0.0,0,BB,PRT,Direct,Direct,0,0,0,A,A,0,No Deposit,,0,Transient,72.0,0,0
Resort Hotel,1,110,2016,March,12,14,4,10,2,0.0,0,BB,PRT,Online TA,TA/TO,0,0,0,E,E,0,No Deposit,240.0,0,Transient,65.31,0,0
Resort Hotel,1,0,2016,March,12,15,0,1,2,0.0,0,BB,ESP,Direct,Direct,0,0,0,A,A,0,No Deposit,250.0,0,Transient,45.0,0,0
Resort Hotel,1,46,2016,March,12,15,0,1,2,0.0,0,BB,PRT,Online TA,TA/TO,0,0,0,A,A,2,No Deposit,240.0,0,Transient,56.0,0,1
Resort Hotel,0,132,2016,March,12,15,2,5,2,0.0,0,HB,PRT,Offline TA/TO,TA/TO,0,0,0,D,D,0,No Deposit,6.0,0,Transient,49.4,0,0
Resort Hotel,1,14,2016,March,12,15,2,5,2,0.0,0,BB,PRT,Offline TA/TO,TA/TO,0,0,0,E,E,0,No Deposit,177.0,0,Transient,45.0,0,0
Resort Hotel,1,9,2016,March,12,16,0,1,2,0.0,0,BB,PRT,Online TA,TA/TO,0,0,0,E,E,0,No Deposit,240.0,0,Transient,74.0,0,0
Resort Hotel,0,176,2016,March,12,16,0,3,2,0.0,0,BB,GBR,Online TA,TA/TO,0,0,0,A,D,1,No Deposit,240.0,0,Transient,42.45,1,1
Resort Hotel,1,15,2016,March,12,16,2,5,2,0.0,0,BB,PRT,Offline TA/TO,TA/TO,0,0,0,E,E,0,No Deposit,177.0,0,Transient,45.0,0,0
Resort Hotel,0,250,2016,March,12,16,2,9,2,0.0,0,BB,CN,Direct,Direct,0,0,0,F,F,1,No Deposit,250.0,0,Transient,60.74,0,1
Resort Hotel,1,30,2016,March,12,17,0,2,2,0.0,0,HB,PRT,Online TA,TA/TO,0,0,0,A,A,1,No Deposit,240.0,0,Transient,80.0,0,0
Resort Hotel,1,56,2016,March,12,17,1,3,2,0.0,0,BB,PRT,Online TA,TA/TO,0,0,0,A,A,0,No Deposit,240.0,0,Transient,48.0,0,0
Resort Hotel,0,148,2016,March,12,17,2,5,2,0.0,0,BB,BEL,Online TA,TA/TO,0,0,0,A,A,0,No Deposit,240.0,0,Transient,40.5,0,0
Resort Hotel,1,66,2016,March,12,17,3,8,2,0.0,0,BB,PRT,Online TA,TA/TO,0,0,0,D,D,0,No Deposit,240.0,0,Transient,60.64,0,0
Resort Hotel,1,105,2016,March,12,18,0,2,2,0.0,0,BB,PRT,Online TA,TA/TO,0,0,0,A,A,0,No Deposit,240.0,0,Transient,48.0,0,0
Resort Hotel,1,45,2016,March,12,18,0,2,2,0.0,0,BB,PRT,Online TA,TA/TO,0,0,0,A,A,0,No Deposit,240.0,0,Transient,56.0,0,1
Resort Hotel,1,7,2016,March,12,18,0,2,2,0.0,0,BB,PRT,Complementary,Direct,0,0,0,A,A,1,No Deposit,,0,Transient,0.0,0,0
Resort Hotel,1,63,2016,March,12,18,0,2,2,0.0,0,BB,PRT,Online TA,TA/TO,0,0,0,A,A,0,No Deposit,240.0,0,Transient,56.0,0,0
Resort Hotel,1,7,2016,March,12,18,0,2,2,0.0,0,BB,PRT,Complementary,Direct,0,0,0,A,A,0,No Deposit,,0,Transient,0.0,0,0
Resort Hotel,0,133,2016,March,12,18,2,2,2,0.0,0,BB,ESP,Offline TA/TO,TA/TO,0,0,0,A,D,0,No Deposit,6.0,0,Transient,32.0,1,0
Resort Hotel,0,157,2016,March,12,18,2,6,2,0.0,0,BB,GBR,Online TA,TA/TO,0,0,0,A,A,0,No Deposit,240.0,0,Transient,40.68,0,2
Resort Hotel,0,167,2016,March,12,18,4,9,2,0.0,0,BB,CN,Offline TA/TO,TA/TO,0,0,0,D,D,0,No Deposit,8.0,0,Transient,33.3,0,0
Resort Hotel,0,143,2016,March,12,19,0,1,2,0.0,0,BB,PRT,Online TA,TA/TO,0,0,0,E,E,0,No Deposit,240.0,0,Transient,61.2,0,1
Resort Hotel,1,17,2016,March,12,19,0,1,2,0.0,0,BB,PRT,Offline TA/TO,TA/TO,0,0,0,A,A,0,No Deposit,196.0,0,Transient,30.0,0,0
Resort Hotel,1,18,2016,March,12,19,0,1,2,0.0,0,BB,PRT,Online TA,TA/TO,0,0,0,A,A,0,No Deposit,240.0,0,Transient,48.0,0,1
Resort Hotel,1,14,2016,March,12,19,0,1,2,0.0,0,BB,PRT,Offline TA/TO,TA/TO,0,0,0,A,A,0,No Deposit,177.0,0,Transient,29.0,0,0
Resort Hotel,1,23,2016,March,12,19,0,1,2,0.0,0,HB,PRT,Online TA,TA/TO,0,0,0,A,A,1,No Deposit,240.0,0,Transient,80.0,0,1
Resort Hotel,1,30,2016,March,12,19,2,2,2,0.0,0,HB,PRT,Offline TA/TO,TA/TO,0,0,0,A,A,0,No Deposit,339.0,0,Transient,55.0,0,0
Resort Hotel,1,30,2016,March,12,19,2,2,2,0.0,0,HB,PRT,Offline TA/TO,TA/TO,0,0,0,A,A,0,No Deposit,339.0,0,Transient,55.0,0,0
Resort Hotel,1,30,2016,March,12,19,2,2,2,0.0,0,HB,PRT,Offline TA/TO,TA/TO,0,0,0,A,A,0,No Deposit,339.0,0,Transient,55.0,0,0
Resort Hotel,1,30,2016,March,12,19,2,2,2,0.0,0,HB,PRT,Offline TA/TO,TA/TO,0,0,0,A,A,0,No Deposit,339.0,0,Transient,55.0,0,0
Resort Hotel,1,73,2016,March,12,19,2,3,2,0.0,0,BB,PRT,Online TA,TA/TO,0,0,0,E,E,0,No Deposit,240.0,0,Transient,59.4,0,3
Resort Hotel,1,17,2016,March,12,19,2,3,2,0.0,0,BB,PRT,Online TA,TA/TO,0,0,0,A,A,0,No Deposit,240.0,0,Transient,60.0,0,0
Resort Hotel,0,154,2016,March,12,19,2,5,2,0.0,0,BB,GBR,Offline TA/TO,TA/TO,0,0,0,A,A,0,No Deposit,26.0,0,Transient,25.65,0,0
Resort Hotel,0,166,2016,March,12,19,2,5,2,0.0,0,BB,GBR,Offline TA/TO,TA/TO,0,0,0,E,E,0,No Deposit,2.0,0,Contract,42.5,0,0
Resort Hotel,1,201,2016,March,12,19,2,5,2,0.0,0,BB,PRT,Online TA,TA/TO,0,0,0,A,A,0,No Deposit,240.0,0,Transient,37.54,0,1
Resort Hotel,1,151,2016,March,12,19,2,5,2,0.0,0,BB,PRT,Online TA,TA/TO,0,0,0,A,A,0,No Deposit,240.0,0,Transient,39.0,0,1
Resort Hotel,1,186,2016,March,12,19,2,5,2,0.0,0,BB,PRT,Online TA,TA/TO,0,0,0,A,A,0,No Deposit,240.0,0,Transient,43.33,0,2
Resort Hotel,1,201,2016,March,12,19,2,5,2,0.0,0,BB,PRT,Online TA,TA/TO,0,0,0,A,A,0,No Deposit,240.0,0,Transient,37.54,0,1
Resort Hotel,1,180,2016,March,12,19,2,5,2,0.0,0,BB,PRT,Online TA,TA/TO,0,0,0,A,A,0,No Deposit,240.0,0,Transient,43.33,0,1
Resort Hotel,1,201,2016,March,12,19,2,5,2,0.0,0,BB,PRT,Online TA,TA/TO,0,0,0,A,A,1,No Deposit,240.0,0,Transient,37.54,0,0
Resort Hotel,1,35,2016,March,12,19,2,5,2,0.0,0,BB,PRT,Online TA,TA/TO,0,0,0,D,D,0,No Deposit,240.0,0,Transient,62.86,0,2
Resort Hotel,1,186,2016,March,12,19,2,5,2,0.0,0,BB,PRT,Online TA,TA/TO,0,0,0,A,A,0,No Deposit,240.0,0,Transient,43.33,0,2
Resort Hotel,1,66,2016,March,12,19,2,6,2,0.0,0,HB,PRT,Online TA,TA/TO,0,0,0,D,D,1,No Deposit,242.0,0,Transient,82.73,0,1
Resort Hotel,1,23,2016,March,12,19,2,3,2,0.0,0,HB,PRT,Online TA,TA/TO,0,0,0,A,A,0,No Deposit,240.0,0,Transient,80.0,0,1
Resort Hotel,1,19,2016,March,12,19,2,4,2,0.0,0,BB,PRT,Online TA,TA/TO,0,0,0,D,D,0,No Deposit,240.0,0,Transient,70.17,0,1
Resort Hotel,1,9,2016,March,13,20,2,0,2,0.0,0,BB,ESP,Online TA,TA/TO,0,0,0,E,E,0,No Deposit,240.0,0,Transient,68.0,0,0
Resort Hotel,1,20,2016,March,13,20,2,1,2,0.0,0,BB,PRT,Online TA,TA/TO,0,0,0,A,A,1,No Deposit,240.0,0,Transient,60.0,0,2
Resort Hotel,1,20,2016,March,13,20,2,1,2,0.0,0,BB,PRT,Online TA,TA/TO,0,0,0,A,A,0,No Deposit,240.0,0,Transient,60.0,0,2
Resort Hotel,0,135,2016,March,13,20,2,2,2,0.0,0,FB,ESP,Offline TA/TO,TA/TO,0,0,0,A,D,0,No Deposit,6.0,0,Transient,67.4,0,0
Resort Hotel,1,19,2016,March,13,20,2,2,2,0.0,0,BB,PRT,Offline TA/TO,TA/TO,0,0,0,A,A,0,No Deposit,327.0,0,Transient,29.0,0,0
Resort Hotel,0,135,2016,March,13,20,2,2,2,0.0,0,FB,ESP,Offline TA/TO,TA/TO,0,0,0,A,D,0,No Deposit,6.0,0,Transient,73.4,1,0
Resort Hotel,0,177,2016,March,13,20,2,4,2,0.0,0,BB,GBR,Online TA,TA/TO,0,0,0,E,E,0,No Deposit,241.0,0,Transient,43.25,0,1
Resort Hotel,0,207,2016,March,13,20,2,5,2,0.0,0,HB,ESP,Online TA,TA/TO,0,0,0,A,A,0,No Deposit,242.0,0,Transient,70.91,0,0
Resort Hotel,1,202,2016,March,13,20,2,5,2,0.0,0,BB,PRT,Online TA,TA/TO,0,0,0,A,A,0,No Deposit,240.0,0,Transient,40.11,0,2
Resort Hotel,1,202,2016,March,13,20,2,5,2,0.0,0,BB,PRT,Online TA,TA/TO,0,0,0,A,A,0,No Deposit,240.0,0,Transient,40.11,0,1
Resort Hotel,1,108,2016,March,13,21,1,1,2,0.0,0,BB,PRT,Online TA,TA/TO,0,0,0,A,A,1,No Deposit,240.0,0,Transient,48.0,0,1
Resort Hotel,1,38,2016,March,13,21,1,2,2,0.0,0,BB,PRT,Online TA,TA/TO,0,0,0,A,A,1,No Deposit,240.0,0,Transient,60.0,0,0
Resort Hotel,1,18,2016,March,13,21,1,3,2,0.0,0,BB,PRT,Online TA,TA/TO,0,0,0,E,E,0,No Deposit,240.0,0,Transient,77.25,0,0
Resort Hotel,1,20,2016,March,13,21,1,3,2,0.0,0,BB,PRT,Direct,Direct,0,0,0,D,D,0,No Deposit,,0,Transient,0.0,0,1
Resort Hotel,1,20,2016,March,13,21,1,3,2,0.0,0,BB,PRT,Direct,Direct,0,0,0,D,D,0,No Deposit,,0,Transient,0.0,0,1
Resort Hotel,1,27,2016,March,13,21,1,3,2,0.0,0,BB,PRT,Online TA,TA/TO,0,0,0,E,E,0,No Deposit,241.0,0,Transient,55.63,0,1
Resort Hotel,1,18,2016,March,13,21,1,3,2,0.0,0,BB,PRT,Online TA,TA/TO,0,0,0,D,D,0,No Deposit,240.0,0,Transient,67.25,0,0
Resort Hotel,1,39,2016,March,13,21,1,4,2,0.0,0,HB,PRT,Online TA,TA/TO,0,0,0,D,D,1,No Deposit,240.0,0,Transient,96.8,0,0
Resort Hotel,1,39,2016,March,13,21,1,4,2,0.0,0,HB,PRT,Online TA,TA/TO,0,0,0,D,D,0,No Deposit,240.0,0,Transient,96.8,0,0
Resort Hotel,1,66,2016,March,13,21,1,4,2,0.0,0,BB,PRT,Offline TA/TO,TA/TO,0,0,0,D,D,0,No Deposit,171.0,0,Transient,37.0,0,0
Resort Hotel,0,194,2016,March,13,21,2,5,2,0.0,0,BB,IRL,Online TA,TA/TO,0,0,0,A,A,1,No Deposit,240.0,0,Transient,39.27,0,2
Resort Hotel,1,203,2016,March,13,21,2,5,2,0.0,0,BB,PRT,Online TA,TA/TO,0,0,0,A,A,0,No Deposit,240.0,0,Transient,42.69,0,0
Resort Hotel,1,206,2016,March,13,21,2,5,2,0.0,0,BB,PRT,Online TA,TA/TO,0,0,0,A,A,0,No Deposit,240.0,0,Transient,42.69,0,1
Resort Hotel,1,203,2016,March,13,21,2,5,2,0.0,0,BB,PRT,Online TA,TA/TO,0,0,0,A,A,0,No Deposit,240.0,0,Transient,42.69,0,0
Resort Hotel,1,18,2016,March,13,22,0,1,2,0.0,0,BB,ESP,Online TA,TA/TO,0,0,0,A,A,0,No Deposit,240.0,0,Transient,48.0,0,0
Resort Hotel,1,9,2016,March,13,22,0,2,2,0.0,0,BB,ESP,Online TA,TA/TO,0,0,0,A,A,0,No Deposit,240.0,0,Transient,48.0,0,0
Resort Hotel,1,238,2016,March,13,22,0,3,2,0.0,0,HB,PRT,Online TA,TA/TO,0,0,0,A,A,0,No Deposit,240.0,0,Transient,70.4,0,2
Resort Hotel,1,82,2016,March,13,22,0,3,2,0.0,0,BB,PRT,Online TA,TA/TO,0,0,0,D,D,0,No Deposit,240.0,0,Transient,61.67,0,1
Resort Hotel,1,238,2016,March,13,22,0,3,2,0.0,0,HB,PRT,Online TA,TA/TO,0,0,0,A,A,0,No Deposit,240.0,0,Transient,70.4,0,2
Resort Hotel,1,238,2016,March,13,22,0,3,2,0.0,0,HB,PRT,Online TA,TA/TO,0,0,0,A,A,0,No Deposit,240.0,0,Transient,70.4,0,2
Resort Hotel,1,36,2016,March,13,22,0,5,2,0.0,0,HB,PRT,Online TA,TA/TO,0,0,0,E,E,0,No Deposit,240.0,0,Transient,110.2,0,1
Resort Hotel,1,60,2016,March,13,22,0,5,2,0.0,0,BB,PRT,Online TA,TA/TO,0,0,0,E,E,0,No Deposit,240.0,0,Transient,83.4,0,1
Resort Hotel,0,140,2016,March,13,22,2,5,2,0.0,0,BB,PRT,Direct,Direct,0,0,0,E,E,0,No Deposit,250.0,0,Transient,52.68,1,0
Resort Hotel,0,153,2016,March,13,22,2,6,2,0.0,0,BB,ESP,Online TA,TA/TO,0,0,0,D,D,0,No Deposit,240.0,0,Transient,54.9,0,1
Resort Hotel,0,138,2016,March,13,23,0,3,2,0.0,0,BB,IRL,Offline TA/TO,TA/TO,0,0,0,A,H,1,No Deposit,314.0,0,Transient,42.67,0,0
Resort Hotel,1,50,2016,March,13,23,0,4,2,0.0,0,BB,PRT,Online TA,TA/TO,0,0,0,E,E,0,No Deposit,240.0,0,Transient,87.75,0,2
Resort Hotel,1,65,2016,March,13,23,0,4,2,0.0,0,HB,PRT,Online TA,TA/TO,0,0,0,E,E,0,No Deposit,240.0,0,Transient,114.0,0,0
Resort Hotel,1,50,2016,March,13,23,0,4,2,0.0,0,BB,PRT,Online TA,TA/TO,0,0,0,E,E,0,No Deposit,240.0,0,Transient,87.75,0,2
Resort Hotel,1,12,2016,March,13,23,0,4,2,0.0,0,BB,PRT,Online TA,TA/TO,0,0,0,D,D,1,No Deposit,242.0,0,Transient,85.75,0,0
Resort Hotel,1,41,2016,March,13,23,2,4,2,0.0,0,BB,PRT,Online TA,TA/TO,0,0,0,E,E,0,No Deposit,240.0,0,Transient,76.5,0,0
Resort Hotel,0,141,2016,March,13,24,0,0,2,0.0,0,BB,PRT,Online TA,TA/TO,0,0,0,A,I,0,No Deposit,240.0,0,Transient,0.0,0,1
Resort Hotel,1,11,2016,March,13,24,0,1,2,0.0,0,BB,ESP,Online TA,TA/TO,0,0,0,A,A,0,No Deposit,240.0,0,Transient,85.0,0,1
Resort Hotel,1,70,2016,March,13,24,0,2,2,0.0,0,BB,PRT,Online TA,TA/TO,0,0,0,D,D,0,No Deposit,240.0,0,Transient,73.0,0,2
Resort Hotel,0,162,2016,March,13,24,0,3,2,0.0,0,Undefined,ESP,Groups,TA/TO,0,0,0,A,A,0,No Deposit,,0,Transient-Party,84.0,0,0
Resort Hotel,0,162,2016,March,13,24,0,3,2,0.0,0,Undefined,ESP,Groups,TA/TO,0,0,0,A,A,1,No Deposit,,0,Transient-Party,84.0,0,0
Resort Hotel,0,162,2016,March,13,24,0,3,2,0.0,0,Undefined,PRT,Groups,TA/TO,0,0,0,A,A,0,No Deposit,,0,Transient-Party,84.0,0,0
Resort Hotel,0,136,2016,March,13,24,0,3,2,0.0,0,BB,ESP,Online TA,TA/TO,0,0,0,A,A,0,No Deposit,240.0,0,Transient-Party,56.0,0,2
Resort Hotel,0,136,2016,March,13,24,0,3,2,0.0,0,Undefined,PRT,Offline TA/TO,TA/TO,0,0,0,A,A,0,No Deposit,387.0,0,Transient-Party,84.0,0,0
Resort Hotel,0,136,2016,March,13,24,0,3,2,0.0,0,Undefined,ESP,Offline TA/TO,TA/TO,0,0,0,A,A,0,No Deposit,387.0,0,Transient-Party,84.0,0,0
Resort Hotel,0,136,2016,March,13,24,0,3,2,0.0,0,Undefined,PRT,Offline TA/TO,TA/TO,0,0,0,A,A,0,No Deposit,387.0,0,Transient-Party,84.0,0,0
Resort Hotel,1,147,2016,March,13,24,0,3,2,0.0,0,BB,PRT,Online TA,TA/TO,0,0,0,E,E,0,No Deposit,240.0,0,Transient,77.4,0,1
Resort Hotel,0,162,2016,March,13,24,0,3,2,0.0,0,Undefined,PRT,Groups,TA/TO,0,0,0,A,A,0,No Deposit,,0,Transient-Party,84.0,0,0
Resort Hotel,0,162,2016,March,13,24,0,3,2,0.0,0,Undefined,ESP,Groups,TA/TO,0,0,0,A,A,0,No Deposit,,0,Transient-Party,84.0,0,0
Resort Hotel,0,162,2016,March,13,24,0,3,2,0.0,0,Undefined,ESP,Groups,TA/TO,0,0,0,A,A,0,No Deposit,,0,Transient-Party,84.0,0,0
Resort Hotel,0,162,2016,March,13,24,0,3,2,0.0,0,Undefined,ESP,Groups,TA/TO,0,0,0,A,A,0,No Deposit,,0,Transient-Party,84.0,0,0
Resort Hotel,1,136,2016,March,13,24,0,3,2,0.0,0,FB,PRT,Groups,TA/TO,0,0,0,A,A,1,No Deposit,,0,Transient-Party,46.0,0,0
Resort Hotel,0,136,2016,March,13,24,0,3,2,0.0,0,Undefined,ESP,Offline TA/TO,TA/TO,0,0,0,A,A,0,No Deposit,387.0,0,Transient-Party,84.0,0,0
Resort Hotel,0,136,2016,March,13,24,0,3,2,0.0,0,Undefined,ESP,Offline TA/TO,TA/TO,0,0,0,A,C,1,No Deposit,387.0,0,Transient-Party,42.0,0,0
Resort Hotel,0,136,2016,March,13,24,0,3,2,0.0,0,Undefined,PRT,Offline TA/TO,TA/TO,0,0,0,A,A,0,No Deposit,387.0,0,Transient-Party,84.0,0,0
Resort Hotel,0,136,2016,March,13,24,0,3,2,0.0,0,Undefined,ESP,Offline TA/TO,TA/TO,0,0,0,A,A,0,No Deposit,387.0,0,Transient-Party,84.0,0,0
Resort Hotel,0,136,2016,March,13,24,0,3,2,0.0,0,Undefined,PRT,Offline TA/TO,TA/TO,0,0,0,A,A,0,No Deposit,387.0,0,Transient-Party,84.0,0,0
Resort Hotel,1,59,2016,March,13,24,0,3,2,0.0,0,BB,PRT,Online TA,TA/TO,0,0,0,E,E,0,No Deposit,240.0,0,Transient,95.0,0,1
Resort Hotel,1,3,2016,March,13,24,0,3,2,0.0,0,Undefined,ESP,Offline TA/TO,TA/TO,0,0,0,A,A,0,No Deposit,387.0,0,Transient-Party,84.0,0,0
Resort Hotel,0,162,2016,March,13,24,0,3,2,0.0,0,Undefined,ESP,Groups,TA/TO,0,0,0,A,A,0,No Deposit,,0,Transient-Party,84.0,0,0
Resort Hotel,0,162,2016,March,13,24,0,3,2,0.0,0,Undefined,ESP,Groups,TA/TO,0,0,0,A,A,0,No Deposit,,0,Transient-Party,84.0,0,0
Resort Hotel,0,136,2016,March,13,24,0,3,2,0.0,0,Undefined,ESP,Offline TA/TO,TA/TO,0,0,0,A,A,0,No Deposit,387.0,0,Transient-Party,84.0,0,0
Resort Hotel,0,136,2016,March,13,24,0,3,2,0.0,0,Undefined,ESP,Offline TA/TO,TA/TO,0,0,0,A,A,0,No Deposit,387.0,0,Transient-Party,84.0,0,0
Resort Hotel,0,162,2016,March,13,24,0,3,2,0.0,0,Undefined,ESP,Groups,TA/TO,0,0,0,A,A,0,No Deposit,,0,Transient-Party,84.0,0,0
Resort Hotel,0,162,2016,March,13,24,0,3,2,0.0,0,Undefined,ESP,Groups,TA/TO,0,0,0,A,A,0,No Deposit,,0,Transient-Party,84.0,0,0
Resort Hotel,0,162,2016,March,13,24,0,3,2,0.0,0,Undefined,ESP,Groups,TA/TO,0,0,0,A,A,0,No Deposit,,0,Transient-Party,84.0,0,0
Resort Hotel,1,13,2016,March,13,24,0,3,2,0.0,0,BB,PRT,Direct,Direct,0,0,0,D,D,0,No Deposit,250.0,0,Transient,92.0,0,0
Resort Hotel,0,136,2016,March,13,24,0,3,2,0.0,0,Undefined,ESP,Offline TA/TO,TA/TO,0,0,0,A,A,0,No Deposit,387.0,0,Transient-Party,84.0,0,0
Resort Hotel,0,136,2016,March,13,24,0,3,2,0.0,0,Undefined,ESP,Offline TA/TO,TA/TO,0,0,0,A,A,0,No Deposit,387.0,0,Transient-Party,84.0,0,0
Resort Hotel,1,136,2016,March,13,24,0,3,2,0.0,0,Undefined,PRT,Offline TA/TO,TA/TO,0,0,0,A,A,0,No Deposit,387.0,0,Transient-Party,21.0,0,0
Resort Hotel,0,162,2016,March,13,24,0,3,2,0.0,0,Undefined,ESP,Groups,TA/TO,0,0,0,A,A,0,No Deposit,,0,Transient-Party,84.0,0,0
Resort Hotel,0,162,2016,March,13,24,0,3,2,0.0,0,Undefined,ESP,Groups,TA/TO,0,0,0,A,A,0,No Deposit,,0,Transient-Party,84.0,0,0
Resort Hotel,0,162,2016,March,13,24,0,3,2,0.0,0,Undefined,ESP,Groups,TA/TO,0,0,0,A,A,0,No Deposit,,0,Transient-Party,84.0,0,0
Resort Hotel,0,162,2016,March,13,24,0,3,2,0.0,0,Undefined,PRT,Groups,TA/TO,0,0,0,A,A,0,No Deposit,,0,Transient-Party,84.0,0,0
Resort Hotel,0,136,2016,March,13,24,0,3,2,0.0,0,Undefined,ESP,Offline TA/TO,TA/TO,0,0,0,A,A,0,No Deposit,387.0,0,Transient-Party,84.0,0,0
Resort Hotel,0,136,2016,March,13,24,0,3,2,0.0,0,Undefined,PRT,Offline TA/TO,TA/TO,0,0,0,A,A,0,No Deposit,387.0,0,Transient-Party,84.0,0,0
Resort Hotel,0,136,2016,March,13,24,0,3,2,0.0,0,Undefined,ESP,Offline TA/TO,TA/TO,0,0,0,A,C,1,No Deposit,387.0,0,Transient-Party,42.0,0,0
Resort Hotel,0,162,2016,March,13,24,0,3,2,0.0,0,Undefined,ESP,Groups,TA/TO,0,0,0,A,A,0,No Deposit,,0,Transient-Party,84.0,0,0
Resort Hotel,0,162,2016,March,13,24,0,3,2,0.0,0,Undefined,ESP,Groups,TA/TO,0,0,0,A,A,0,No Deposit,,0,Transient-Party,84.0,0,0
Resort Hotel,0,162,2016,March,13,24,0,3,2,0.0,0,Undefined,ESP,Groups,TA/TO,0,0,0,A,A,0,No Deposit,,0,Transient-Party,84.0,0,0
Resort Hotel,0,136,2016,March,13,24,0,3,2,0.0,0,Undefined,ESP,Offline TA/TO,TA/TO,0,0,0,A,A,0,No Deposit,387.0,0,Transient-Party,84.0,0,0
Resort Hotel,0,136,2016,March,13,24,0,3,2,0.0,0,Undefined,ESP,Offline TA/TO,TA/TO,0,0,0,A,A,0,No Deposit,387.0,0,Transient-Party,84.0,0,0
Resort Hotel,1,136,2016,March,13,24,0,3,2,0.0,0,FB,PRT,Groups,TA/TO,0,0,0,A,A,1,No Deposit,,0,Transient-Party,46.0,0,0
Resort Hotel,0,136,2016,March,13,24,0,3,2,0.0,0,BB,ESP,Online TA,TA/TO,0,0,0,A,A,0,No Deposit,240.0,0,Transient,56.0,0,2
Resort Hotel,0,162,2016,March,13,24,0,3,2,0.0,0,Undefined,ESP,Groups,TA/TO,0,0,0,A,A,0,No Deposit,,0,Transient-Party,84.0,0,0
Resort Hotel,0,162,2016,March,13,24,0,3,2,0.0,0,Undefined,ESP,Groups,TA/TO,0,0,0,A,A,0,No Deposit,,0,Transient-Party,84.0,0,0
Resort Hotel,0,162,2016,March,13,24,0,3,2,0.0,0,Undefined,ESP,Groups,TA/TO,0,0,0,A,A,0,No Deposit,,0,Transient-Party,84.0,0,0
Resort Hotel,0,162,2016,March,13,24,0,3,2,0.0,0,Undefined,ESP,Groups,TA/TO,0,0,0,A,A,0,No Deposit,,0,Transient-Party,84.0,0,0
Resort Hotel,1,136,2016,March,13,24,0,3,2,0.0,0,FB,PRT,Groups,TA/TO,0,0,0,A,A,0,No Deposit,,0,Transient-Party,38.0,0,0
Resort Hotel,0,136,2016,March,13,24,0,3,2,0.0,0,Undefined,ESP,Offline TA/TO,TA/TO,0,0,0,A,A,0,No Deposit,387.0,0,Transient,84.0,0,0
Resort Hotel,0,136,2016,March,13,24,0,3,2,0.0,0,Undefined,ESP,Offline TA/TO,TA/TO,0,0,0,A,A,0,No Deposit,387.0,0,Transient-Party,84.0,0,0
Resort Hotel,0,136,2016,March,13,24,0,3,2,0.0,0,Undefined,ESP,Offline TA/TO,TA/TO,0,0,0,A,C,1,No Deposit,387.0,0,Transient-Party,42.0,0,0
Resort Hotel,0,162,2016,March,13,24,0,3,2,0.0,0,Undefined,ESP,Groups,TA/TO,0,0,0,A,A,0,No Deposit,,0,Transient-Party,84.0,0,0
Resort Hotel,0,162,2016,March,13,24,0,3,2,0.0,0,Undefined,PRT,Groups,TA/TO,0,0,0,A,A,0,No Deposit,,0,Transient-Party,84.0,0,0
Resort Hotel,1,106,2016,March,13,24,1,3,2,0.0,0,FB,PRT,Groups,Direct,0,0,0,A,A,0,Non Refund,68.0,0,Transient,84.0,0,0
Resort Hotel,1,106,2016,March,13,24,1,3,2,0.0,0,FB,PRT,Groups,Direct,0,0,0,A,A,0,Non Refund,68.0,0,Transient,84.0,0,0
Resort Hotel,1,106,2016,March,13,24,1,3,2,0.0,0,FB,PRT,Groups,Direct,0,0,0,A,A,0,Non Refund,68.0,0,Transient,84.0,0,0
Resort Hotel,1,106,2016,March,13,24,1,3,2,0.0,0,FB,PRT,Groups,Direct,0,0,0,A,A,0,Non Refund,68.0,0,Transient,84.0,0,0
Resort Hotel,1,106,2016,March,13,24,1,3,2,0.0,0,FB,PRT,Groups,Direct,0,0,0,A,A,0,Non Refund,68.0,0,Transient,84.0,0,0
Resort Hotel,1,106,2016,March,13,24,1,3,2,0.0,0,FB,PRT,Groups,Direct,0,0,0,A,A,0,Non Refund,68.0,0,Transient,84.0,0,0
Resort Hotel,0,136,2016,March,13,24,1,3,2,0.0,0,SC,ESP,Offline TA/TO,TA/TO,0,0,0,A,I,1,No Deposit,387.0,0,Transient-Party,0.0,0,0
Resort Hotel,1,41,2016,March,13,24,1,3,2,0.0,0,HB,PRT,Online TA,TA/TO,0,0,0,D,D,0,No Deposit,240.0,0,Transient,102.75,0,1
Resort Hotel,1,106,2016,March,13,24,1,3,2,0.0,0,FB,PRT,Groups,Direct,0,0,0,A,A,0,Non Refund,68.0,0,Transient,84.0,0,0
Resort Hotel,1,106,2016,March,13,24,1,3,2,0.0,0,FB,PRT,Groups,Direct,0,0,0,A,A,0,Non Refund,68.0,0,Transient,84.0,0,0
Resort Hotel,1,106,2016,March,13,24,1,3,2,0.0,0,FB,PRT,Groups,Direct,0,0,0,A,A,0,Non Refund,68.0,0,Transient,84.0,0,0
Resort Hotel,1,106,2016,March,13,24,1,3,2,0.0,0,FB,PRT,Groups,Direct,0,0,0,A,A,0,Non Refund,68.0,0,Transient,84.0,0,0
Resort Hotel,1,106,2016,March,13,24,1,3,2,0.0,0,FB,PRT,Groups,Direct,0,0,0,A,A,0,Non Refund,68.0,0,Transient,84.0,0,0
Resort Hotel,1,106,2016,March,13,24,1,3,2,0.0,0,FB,PRT,Groups,Direct,0,0,0,A,A,0,Non Refund,68.0,0,Transient,84.0,0,0
Resort Hotel,1,106,2016,March,13,24,1,3,2,0.0,0,FB,PRT,Groups,Direct,0,0,0,A,A,0,Non Refund,68.0,0,Transient,84.0,0,0
Resort Hotel,1,106,2016,March,13,24,1,3,2,0.0,0,FB,PRT,Groups,Direct,0,0,0,A,A,0,Non Refund,68.0,0,Transient,84.0,0,0
Resort Hotel,1,77,2016,March,13,24,0,3,2,0.0,0,HB,PRT,Offline TA/TO,TA/TO,0,0,0,A,A,0,No Deposit,314.0,0,Transient,70.8,0,1
Resort Hotel,1,106,2016,March,13,24,1,3,2,0.0,0,FB,PRT,Groups,Direct,0,0,0,A,A,0,Non Refund,68.0,0,Transient,84.0,0,0
Resort Hotel,1,106,2016,March,13,24,1,3,2,0.0,0,FB,PRT,Groups,Direct,0,0,0,A,A,0,Non Refund,68.0,0,Transient,84.0,0,0
Resort Hotel,1,106,2016,March,13,24,1,3,2,0.0,0,FB,PRT,Groups,Direct,0,0,0,A,A,0,Non Refund,68.0,0,Transient,84.0,0,0
Resort Hotel,1,106,2016,March,13,24,1,3,2,0.0,0,FB,PRT,Groups,Direct,0,0,0,A,A,0,Non Refund,68.0,0,Transient,84.0,0,0
Resort Hotel,1,106,2016,March,13,24,1,3,2,0.0,0,FB,PRT,Groups,Direct,0,0,0,A,A,0,Non Refund,68.0,0,Transient,84.0,0,0
Resort Hotel,1,106,2016,March,13,24,1,3,2,0.0,0,FB,PRT,Groups,Direct,0,0,0,A,A,0,Non Refund,68.0,0,Transient,84.0,0,0
Resort Hotel,1,36,2016,March,13,24,1,3,2,0.0,0,HB,PRT,Online TA,TA/TO,0,0,0,D,D,0,No Deposit,240.0,0,Transient,108.75,0,1
Resort Hotel,1,106,2016,March,13,24,1,3,2,0.0,0,FB,PRT,Groups,Direct,0,0,0,A,A,0,Non Refund,68.0,0,Transient,84.0,0,0
Resort Hotel,1,106,2016,March,13,24,1,3,2,0.0,0,FB,PRT,Groups,Direct,0,0,0,A,A,0,Non Refund,68.0,0,Transient,84.0,0,0
Resort Hotel,1,106,2016,March,13,24,1,3,2,0.0,0,FB,PRT,Groups,Direct,0,0,0,A,A,0,Non Refund,68.0,0,Transient,84.0,0,0
Resort Hotel,1,106,2016,March,13,24,1,3,2,0.0,0,FB,PRT,Groups,Direct,0,0,0,A,A,0,Non Refund,68.0,0,Transient,84.0,0,0
Resort Hotel,1,106,2016,March,13,24,1,3,2,0.0,0,FB,PRT,Groups,Direct,0,0,0,A,A,0,Non Refund,68.0,0,Transient,84.0,0,0
Resort Hotel,1,106,2016,March,13,24,1,3,2,0.0,0,FB,PRT,Groups,Direct,0,0,0,A,A,0,Non Refund,68.0,0,Transient,84.0,0,0
Resort Hotel,1,69,2016,March,13,24,1,3,2,0.0,0,HB,PRT,Offline TA/TO,TA/TO,0,0,0,D,D,0,No Deposit,142.0,0,Transient,49.22,0,0
Resort Hotel,1,106,2016,March,13,24,1,3,2,0.0,0,FB,PRT,Groups,Direct,0,0,0,A,A,0,Non Refund,68.0,0,Transient,84.0,0,0
Resort Hotel,1,106,2016,March,13,24,1,3,2,0.0,0,FB,PRT,Groups,Direct,0,0,0,A,A,0,Non Refund,68.0,0,Transient,84.0,0,0
Resort Hotel,1,106,2016,March,13,24,1,3,2,0.0,0,FB,PRT,Groups,Direct,0,0,0,A,A,0,Non Refund,68.0,0,Transient,84.0,0,0
Resort Hotel,1,106,2016,March,13,24,1,3,2,0.0,0,FB,PRT,Groups,Direct,0,0,0,A,A,0,Non Refund,68.0,0,Transient,84.0,0,0
Resort Hotel,1,106,2016,March,13,24,1,3,2,0.0,0,FB,PRT,Groups,Direct,0,0,0,A,A,0,Non Refund,68.0,0,Transient,84.0,0,0
Resort Hotel,1,106,2016,March,13,24,1,3,2,0.0,0,FB,PRT,Groups,Direct,0,0,0,A,A,0,Non Refund,68.0,0,Transient,84.0,0,0
Resort Hotel,1,106,2016,March,13,24,1,3,2,0.0,0,FB,PRT,Groups,Direct,0,0,0,A,A,0,Non Refund,68.0,0,Transient,84.0,0,0
Resort Hotel,1,106,2016,March,13,24,1,3,2,0.0,0,FB,PRT,Groups,Direct,0,0,0,A,A,0,Non Refund,68.0,0,Transient,84.0,0,0
Resort Hotel,1,106,2016,March,13,24,1,3,2,0.0,0,FB,PRT,Groups,Direct,0,0,0,A,A,0,Non Refund,68.0,0,Transient,84.0,0,0
Resort Hotel,1,106,2016,March,13,24,1,3,2,0.0,0,FB,PRT,Groups,Direct,0,0,0,A,A,0,Non Refund,68.0,0,Transient,84.0,0,0
Resort Hotel,0,162,2016,March,13,24,1,3,2,0.0,0,SC,ESP,Offline TA/TO,TA/TO,0,0,0,A,I,0,No Deposit,387.0,0,Transient-Party,63.0,0,0
Resort Hotel,1,106,2016,March,13,24,1,3,2,0.0,0,FB,PRT,Groups,Direct,0,0,0,A,A,0,Non Refund,68.0,0,Transient,84.0,0,0
Resort Hotel,1,106,2016,March,13,24,1,3,2,0.0,0,FB,PRT,Groups,Direct,0,0,0,A,A,0,Non Refund,68.0,0,Transient,84.0,0,0
Resort Hotel,1,106,2016,March,13,24,1,3,2,0.0,0,FB,PRT,Groups,Direct,0,0,0,A,A,0,Non Refund,68.0,0,Transient,84.0,0,0
Resort Hotel,1,106,2016,March,13,24,1,3,2,0.0,0,FB,PRT,Groups,Direct,0,0,0,A,A,0,Non Refund,68.0,0,Transient,84.0,0,0
Resort Hotel,1,69,2016,March,13,24,2,7,2,0.0,0,BB,PRT,Online TA,TA/TO,0,0,0,D,D,0,No Deposit,240.0,0,Transient,64.0,0,0
Resort Hotel,1,5,2016,March,13,25,0,2,2,0.0,0,BB,ESP,Online TA,TA/TO,0,0,0,A,A,0,No Deposit,240.0,0,Transient,107.0,0,0
Resort Hotel,1,67,2016,March,13,25,0,2,2,0.0,0,BB,PRT,Online TA,TA/TO,0,0,0,D,D,0,No Deposit,240.0,0,Transient,105.0,0,1
Resort Hotel,0,192,2016,March,13,25,1,2,2,0.0,0,BB,PRT,Online TA,TA/TO,0,0,0,A,A,0,No Deposit,240.0,0,Transient,50.4,0,2
Resort Hotel,1,199,2016,March,13,25,1,2,2,0.0,0,BB,PRT,Online TA,TA/TO,0,0,0,A,A,0,No Deposit,240.0,0,Transient,45.36,0,1
Resort Hotel,1,199,2016,March,13,25,1,2,2,0.0,0,BB,PRT,Online TA,TA/TO,0,0,0,A,A,0,No Deposit,240.0,0,Transient,51.36,0,1
Resort Hotel,0,192,2016,March,13,25,1,2,2,0.0,0,BB,PRT,Online TA,TA/TO,0,0,0,A,A,0,No Deposit,240.0,0,Transient,50.4,0,2
Resort Hotel,1,49,2016,March,13,25,2,2,2,0.0,0,BB,PRT,Online TA,TA/TO,0,0,0,A,A,0,No Deposit,240.0,0,Transient,76.75,0,0
Resort Hotel,1,64,2016,March,13,25,2,3,2,0.0,0,BB,PRT,Online TA,TA/TO,0,0,0,D,D,0,No Deposit,240.0,0,Transient,66.6,0,1
Resort Hotel,0,142,2016,March,13,25,2,5,2,0.0,0,BB,GBR,Offline TA/TO,TA/TO,0,0,0,E,E,0,No Deposit,26.0,0,Transient,43.7,0,0
Resort Hotel,1,60,2016,March,13,25,2,5,2,0.0,0,BB,PRT,Online TA,TA/TO,0,0,0,E,E,0,No Deposit,242.0,0,Transient,70.11,0,1
Resort Hotel,0,149,2016,March,13,25,2,6,2,0.0,0,BB,GBR,Offline TA/TO,TA/TO,0,0,0,D,D,0,No Deposit,314.0,0,Transient,47.97,0,0
Resort Hotel,1,40,2016,March,13,26,0,1,2,0.0,0,BB,PRT,Online TA,TA/TO,0,0,0,D,D,0,No Deposit,240.0,0,Transient,75.0,0,0
Resort Hotel,1,40,2016,March,13,26,2,1,2,0.0,0,BB,PRT,Online TA,TA/TO,0,0,0,E,E,0,No Deposit,240.0,0,Transient,73.67,0,0
Resort Hotel,1,33,2016,March,13,26,2,5,2,0.0,0,BB,PRT,Online TA,TA/TO,0,0,0,E,E,0,No Deposit,240.0,0,Transient,73.29,0,0
Resort Hotel,1,110,2016,March,13,26,2,5,2,0.0,0,BB,PRT,Online TA,TA/TO,0,0,0,A,A,0,No Deposit,240.0,0,Transient,50.63,0,1
Resort Hotel,1,10,2016,March,14,27,1,0,2,0.0,0,BB,GBR,Direct,Direct,0,0,0,E,E,0,No Deposit,,0,Transient,105.0,0,2
Resort Hotel,1,24,2016,March,14,27,2,0,2,0.0,0,BB,PRT,Online TA,TA/TO,0,0,0,A,A,0,No Deposit,240.0,0,Transient,48.0,0,1
Resort Hotel,1,148,2016,March,14,27,2,1,2,0.0,0,HB,PRT,Online TA,TA/TO,0,0,0,E,E,0,No Deposit,242.0,0,Transient,90.0,0,1
Resort Hotel,1,92,2016,March,14,27,2,1,2,0.0,0,HB,PRT,Online TA,TA/TO,0,0,0,F,F,0,No Deposit,242.0,0,Transient,96.0,0,0
Resort Hotel,1,108,2016,March,14,27,2,2,2,0.0,0,BB,PRT,Online TA,TA/TO,0,0,0,A,A,0,No Deposit,240.0,0,Transient,48.0,0,1
Resort Hotel,1,67,2016,March,14,27,2,4,2,0.0,0,BB,PRT,Online TA,TA/TO,0,0,0,A,A,2,No Deposit,240.0,0,Transient,50.67,0,0
Resort Hotel,1,143,2016,March,14,27,2,4,2,0.0,0,BB,PRT,Online TA,TA/TO,0,0,0,A,A,0,No Deposit,242.0,0,Transient,45.6,0,2
Resort Hotel,1,62,2016,March,14,27,2,4,2,0.0,0,BB,PRT,Online TA,TA/TO,0,0,0,E,E,1,No Deposit,240.0,0,Transient,69.33,0,2
Resort Hotel,1,143,2016,March,14,27,2,4,2,0.0,0,BB,PRT,Online TA,TA/TO,0,0,0,A,A,0,No Deposit,242.0,0,Transient,45.6,0,2
Resort Hotel,1,22,2016,March,14,28,1,1,2,0.0,0,BB,PRT,Online TA,TA/TO,0,0,0,A,A,0,No Deposit,240.0,0,Transient,48.0,0,1
Resort Hotel,1,45,2016,March,14,28,1,1,2,0.0,0,BB,PRT,Online TA,TA/TO,0,0,0,A,A,0,No Deposit,240.0,0,Transient,48.0,0,0
Resort Hotel,1,45,2016,March,14,28,1,1,2,0.0,0,BB,PRT,Online TA,TA/TO,0,0,0,A,D,0,No Deposit,240.0,0,Transient,96.0,0,0
Resort Hotel,1,76,2016,March,14,28,1,2,2,0.0,0,BB,PRT,Online TA,TA/TO,0,0,0,A,A,0,No Deposit,240.0,0,Transient,56.0,0,0
Resort Hotel,1,38,2016,March,14,28,1,2,2,0.0,0,BB,PRT,Online TA,TA/TO,0,0,0,A,A,1,No Deposit,240.0,0,Transient,48.0,0,1
Resort Hotel,1,73,2016,March,14,28,1,2,2,0.0,0,BB,PRT,Online TA,TA/TO,0,0,0,A,A,1,No Deposit,240.0,0,Transient,48.0,0,0
Resort Hotel,1,74,2016,March,14,28,1,3,2,0.0,0,BB,PRT,Offline TA/TO,TA/TO,0,0,0,A,A,0,No Deposit,314.0,0,Transient,40.0,0,0
Resort Hotel,1,79,2016,March,14,28,1,3,2,0.0,0,BB,PRT,Online TA,TA/TO,0,0,0,A,A,0,No Deposit,240.0,0,Transient,50.0,0,1
Resort Hotel,1,66,2016,March,14,28,1,5,2,0.0,0,BB,PRT,Online TA,TA/TO,0,0,0,A,A,1,No Deposit,240.0,0,Transient,52.0,0,2
Resort Hotel,1,66,2016,March,14,28,1,5,2,0.0,0,BB,PRT,Online TA,TA/TO,0,0,0,A,A,0,No Deposit,240.0,0,Transient,52.0,0,2
Resort Hotel,0,147,2016,March,14,28,2,5,2,0.0,0,HB,LUX,Offline TA/TO,TA/TO,0,0,0,A,D,0,No Deposit,,0,Transient-Party,73.0,0,0
Resort Hotel,1,2,2016,March,14,28,2,5,2,0.0,0,BB,PRT,Direct,Direct,0,0,0,A,A,0,No Deposit,,0,Transient,35.14,0,0
Resort Hotel,0,147,2016,March,14,28,2,5,2,0.0,0,HB,LUX,Offline TA/TO,TA/TO,0,0,0,A,D,0,No Deposit,,0,Transient-Party,73.0,0,0
Resort Hotel,0,147,2016,March,14,28,2,5,2,0.0,0,HB,LUX,Offline TA/TO,TA/TO,0,0,0,A,D,0,No Deposit,,0,Transient-Party,73.0,0,0
Resort Hotel,0,147,2016,March,14,28,2,5,2,0.0,0,HB,LUX,Offline TA/TO,TA/TO,0,0,0,A,D,0,No Deposit,,0,Transient-Party,73.0,0,0
Resort Hotel,0,147,2016,March,14,28,2,5,2,0.0,0,HB,LUX,Offline TA/TO,TA/TO,0,0,0,A,D,0,No Deposit,,0,Transient-Party,73.0,0,0
Resort Hotel,1,147,2016,March,14,28,2,5,2,0.0,0,HB,PRT,Offline TA/TO,TA/TO,0,0,0,E,E,0,No Deposit,,0,Transient-Party,73.0,0,0
Resort Hotel,1,2,2016,March,14,28,2,5,2,0.0,0,BB,PRT,Direct,Direct,0,0,0,A,A,1,No Deposit,,0,Transient,60.84,0,0
Resort Hotel,0,147,2016,March,14,28,2,5,2,0.0,0,HB,LUX,Offline TA/TO,TA/TO,0,0,0,A,D,0,No Deposit,,0,Transient-Party,73.0,0,0
Resort Hotel,1,147,2016,March,14,28,2,5,2,0.0,0,HB,PRT,Offline TA/TO,TA/TO,0,0,0,E,E,0,No Deposit,,0,Transient-Party,73.0,0,0
Resort Hotel,0,147,2016,March,14,28,2,5,2,0.0,0,HB,PRT,Offline TA/TO,TA/TO,0,0,0,A,D,0,No Deposit,,0,Transient-Party,73.0,0,0
Resort Hotel,1,29,2016,March,14,29,0,2,2,0.0,0,BB,PRT,Online TA,TA/TO,0,0,0,A,A,0,No Deposit,240.0,0,Transient,48.0,0,0
Resort Hotel,1,53,2016,March,14,29,0,4,2,0.0,0,BB,PRT,Online TA,TA/TO,0,0,0,A,A,0,No Deposit,240.0,0,Transient,52.0,0,0
Resort Hotel,1,36,2016,March,14,29,1,5,2,0.0,0,BB,PRT,Online TA,TA/TO,0,0,0,E,E,2,No Deposit,240.0,0,Transient,73.0,0,1
Resort Hotel,1,43,2016,March,14,30,0,1,2,0.0,0,BB,PRT,Online TA,TA/TO,0,0,0,A,A,0,No Deposit,240.0,0,Transient,60.0,0,1
Resort Hotel,0,168,2016,March,14,30,0,4,2,0.0,0,BB,GBR,Groups,Direct,0,0,0,A,A,1,No Deposit,,0,Transient-Party,66.0,0,0
Resort Hotel,0,168,2016,March,14,30,0,4,2,0.0,0,BB,GBR,Groups,Direct,0,0,0,A,E,4,No Deposit,,0,Transient-Party,66.0,0,0
Resort Hotel,0,168,2016,March,14,30,1,4,2,0.0,0,BB,GBR,Groups,Direct,0,0,0,A,A,1,No Deposit,,0,Transient-Party,66.0,0,1
Resort Hotel,0,168,2016,March,14,30,1,4,2,0.0,0,BB,GBR,Groups,Direct,0,0,0,A,F,2,No Deposit,,0,Transient-Party,88.0,0,0
Resort Hotel,0,168,2016,March,14,30,1,4,2,0.0,0,BB,PRT,Groups,Direct,0,0,0,A,A,1,No Deposit,,0,Transient-Party,66.0,0,0
Resort Hotel,0,156,2016,March,14,30,1,4,2,0.0,0,BB,GBR,Direct,Direct,0,0,0,A,A,0,No Deposit,250.0,0,Transient,53.94,1,0
Resort Hotel,0,168,2016,March,14,30,1,4,2,0.0,0,BB,GBR,Groups,Direct,0,0,0,A,A,1,No Deposit,,0,Transient-Party,66.0,0,0
Resort Hotel,0,168,2016,March,14,30,1,4,2,0.0,0,BB,GBR,Groups,Direct,0,0,0,A,A,1,No Deposit,,0,Transient-Party,68.0,0,0
Resort Hotel,0,168,2016,March,14,30,1,4,2,0.0,0,BB,GBR,Groups,Direct,0,0,0,A,A,1,No Deposit,,0,Transient-Party,66.0,0,1
Resort Hotel,1,205,2016,March,14,30,2,5,2,0.0,0,BB,PRT,Online TA,TA/TO,0,0,0,A,A,0,No Deposit,240.0,0,Transient,51.69,0,2
Resort Hotel,0,169,2016,March,14,31,0,0,2,0.0,0,BB,PRT,Groups,Direct,0,0,0,A,I,2,No Deposit,,0,Transient-Party,0.0,0,0
Resort Hotel,0,169,2016,March,14,31,0,3,2,0.0,0,BB,GBR,Groups,Direct,0,0,0,A,C,1,Refundable,,0,Transient-Party,66.0,0,0
Resort Hotel,0,169,2016,March,14,31,0,3,2,0.0,0,BB,PRT,Groups,Direct,0,0,0,A,D,1,Refundable,,0,Transient-Party,66.0,0,0
Resort Hotel,0,169,2016,March,14,31,0,3,2,0.0,0,BB,PRT,Groups,Direct,0,0,0,A,D,1,Refundable,,0,Transient-Party,66.0,0,0
Resort Hotel,0,169,2016,March,14,31,0,3,2,0.0,0,BB,GBR,Groups,Direct,0,0,0,A,E,1,Refundable,,0,Transient-Party,66.0,0,0
Resort Hotel,1,224,2016,March,14,31,0,2,2,0.0,0,BB,PRT,Online TA,TA/TO,0,0,0,A,A,0,No Deposit,240.0,0,Transient,51.3,0,2
Resort Hotel,0,169,2016,March,14,31,0,3,2,0.0,0,BB,GBR,Groups,Direct,0,0,0,A,A,1,Refundable,,0,Transient-Party,66.0,0,0
Resort Hotel,0,169,2016,March,14,31,0,3,2,0.0,0,BB,PRT,Groups,Direct,0,0,0,A,D,1,Refundable,,0,Transient-Party,66.0,0,0
Resort Hotel,0,169,2016,March,14,31,0,3,2,0.0,0,BB,GBR,Groups,Direct,0,0,0,A,E,1,Refundable,,0,Transient-Party,66.0,0,0
Resort Hotel,0,169,2016,March,14,31,0,3,2,0.0,0,BB,PRT,Groups,Direct,0,0,0,A,B,1,Refundable,,0,Transient-Party,72.0,1,0
Resort Hotel,0,169,2016,March,14,31,0,3,2,0.0,0,BB,PRT,Groups,Direct,0,0,0,A,A,2,Refundable,,0,Transient-Party,66.0,0,0
Resort Hotel,0,169,2016,March,14,31,0,3,2,0.0,0,BB,GBR,Groups,Direct,0,0,0,A,E,1,Refundable,,0,Transient-Party,66.0,0,0
Resort Hotel,0,169,2016,March,14,31,0,3,2,0.0,0,BB,PRT,Groups,Direct,0,0,0,A,C,1,Refundable,,0,Transient-Party,66.0,0,0
Resort Hotel,0,169,2016,March,14,31,0,3,2,0.0,0,BB,PRT,Groups,Direct,0,0,0,A,A,1,Refundable,,0,Transient-Party,72.0,1,0
Resort Hotel,0,169,2016,March,14,31,0,3,2,0.0,0,BB,PRT,Groups,Direct,0,0,0,A,D,1,Refundable,,0,Transient-Party,66.0,0,0
Resort Hotel,0,169,2016,March,14,31,0,3,2,0.0,0,BB,GBR,Groups,Direct,0,0,0,A,A,1,Refundable,,0,Transient-Party,66.0,0,0
Resort Hotel,0,169,2016,March,14,31,0,3,2,0.0,0,BB,GBR,Groups,Direct,0,0,0,A,A,2,Refundable,,0,Transient-Party,72.0,1,0
Resort Hotel,0,169,2016,March,14,31,0,3,2,0.0,0,BB,GBR,Groups,Direct,0,0,0,A,D,1,Refundable,,0,Transient-Party,66.0,0,0
Resort Hotel,0,169,2016,March,14,31,0,3,2,0.0,0,BB,POL,Groups,Direct,0,0,0,A,E,1,Refundable,,0,Transient-Party,66.0,0,0
Resort Hotel,0,169,2016,March,14,31,0,3,2,0.0,0,BB,BEL,Groups,Direct,0,0,0,A,E,1,Refundable,,0,Transient-Party,66.0,0,0
Resort Hotel,0,169,2016,March,14,31,0,3,2,0.0,0,BB,GBR,Groups,Direct,0,0,0,A,D,1,Refundable,,0,Transient-Party,66.0,0,0
Resort Hotel,0,169,2016,March,14,31,0,3,2,0.0,0,BB,PRT,Groups,Direct,0,0,0,A,D,1,Refundable,,0,Transient-Party,66.0,0,0
Resort Hotel,0,169,2016,March,14,31,0,3,2,0.0,0,BB,GBR,Groups,Direct,0,0,0,A,D,1,Refundable,,0,Transient-Party,66.0,0,0
Resort Hotel,0,169,2016,March,14,31,1,3,2,0.0,0,BB,GBR,Groups,Direct,0,0,0,A,A,0,Refundable,,0,Transient-Party,66.0,0,0
Resort Hotel,0,169,2016,March,14,31,0,3,2,0.0,0,BB,PRT,Groups,Direct,0,0,0,A,C,1,Refundable,,0,Transient-Party,72.0,1,0
Resort Hotel,0,169,2016,March,14,31,0,3,2,0.0,0,BB,GBR,Groups,Direct,0,0,0,A,A,1,Refundable,,0,Transient-Party,66.0,0,0
Resort Hotel,1,169,2016,March,14,31,1,3,2,0.0,0,BB,PRT,Groups,Direct,0,0,0,A,A,0,Refundable,,0,Transient-Party,46.0,0,0
Resort Hotel,0,169,2016,March,14,31,1,3,2,0.0,0,BB,PRT,Groups,Direct,0,0,0,A,A,0,Refundable,,0,Transient-Party,66.0,0,0
Resort Hotel,0,169,2016,March,14,31,1,3,2,0.0,0,BB,PRT,Groups,Direct,0,0,0,A,A,0,Refundable,,0,Transient-Party,66.0,0,0
Resort Hotel,0,169,2016,March,14,31,1,3,2,0.0,0,BB,PRT,Groups,Direct,0,0,0,A,A,0,Refundable,,0,Transient-Party,66.0,0,0
Resort Hotel,1,169,2016,March,14,31,1,3,2,0.0,0,BB,PRT,Groups,Direct,0,0,0,A,A,0,Refundable,,0,Transient-Party,46.0,0,0
Resort Hotel,1,169,2016,March,14,31,1,3,2,0.0,0,BB,PRT,Groups,Direct,0,0,0,A,A,0,Refundable,,0,Transient-Party,46.0,0,0
Resort Hotel,1,169,2016,March,14,31,1,3,2,0.0,0,BB,PRT,Groups,Direct,0,0,0,A,A,0,Refundable,,0,Transient-Party,46.0,0,0
Resort Hotel,1,169,2016,March,14,31,1,3,2,0.0,0,BB,PRT,Groups,Direct,0,0,0,A,A,0,Refundable,,0,Transient-Party,46.0,0,0
Resort Hotel,0,169,2016,March,14,31,1,3,2,0.0,0,BB,GBR,Groups,Direct,0,0,0,A,A,0,Refundable,,0,Transient-Party,66.0,0,0
Resort Hotel,0,169,2016,March,14,31,1,3,2,0.0,0,BB,GBR,Groups,Direct,0,0,0,A,A,0,Refundable,,0,Transient-Party,66.0,0,0
Resort Hotel,0,169,2016,March,14,31,1,3,2,0.0,0,BB,PRT,Groups,Direct,0,0,0,A,A,0,Refundable,,0,Transient-Party,66.0,0,0
Resort Hotel,0,169,2016,March,14,31,1,3,2,0.0,0,BB,GBR,Groups,Direct,0,0,0,A,A,0,Refundable,,0,Transient-Party,66.0,0,0
Resort Hotel,1,169,2016,March,14,31,1,3,2,0.0,0,BB,PRT,Groups,Direct,0,0,0,A,A,0,Refundable,,0,Transient-Party,66.0,0,0
Resort Hotel,0,169,2016,March,14,31,1,3,2,0.0,0,BB,NLD,Groups,Direct,0,0,0,A,A,0,Refundable,,0,Transient-Party,67.5,0,0
Resort Hotel,0,169,2016,March,14,31,1,3,2,0.0,0,BB,PRT,Groups,Direct,0,0,0,A,A,0,Refundable,,0,Transient-Party,66.0,0,0
Resort Hotel,0,169,2016,March,14,31,1,3,2,0.0,0,BB,GBR,Groups,Direct,0,0,0,A,A,1,Refundable,,0,Transient-Party,66.0,0,0
Resort Hotel,0,169,2016,March,14,31,1,3,2,0.0,0,BB,PRT,Groups,Direct,0,0,0,A,C,3,Refundable,,0,Transient-Party,66.0,0,0
Resort Hotel,0,169,2016,March,14,31,1,3,2,0.0,0,BB,GBR,Groups,Direct,0,0,0,A,A,0,Refundable,,0,Transient-Party,66.0,0,0
Resort Hotel,0,169,2016,March,14,31,1,3,2,0.0,0,BB,GBR,Groups,Direct,0,0,0,A,A,2,Refundable,,0,Transient-Party,66.0,0,0
Resort Hotel,1,169,2016,March,14,31,1,3,2,0.0,0,BB,PRT,Groups,Direct,0,0,0,A,A,0,Refundable,,0,Transient-Party,46.0,0,0
Resort Hotel,1,169,2016,March,14,31,1,3,2,0.0,0,BB,PRT,Groups,Direct,0,0,0,A,A,0,Refundable,,0,Transient-Party,46.0,0,0
Resort Hotel,0,169,2016,March,14,31,2,3,2,0.0,0,BB,NLD,Groups,Direct,0,0,0,A,A,1,Refundable,,0,Transient-Party,66.0,0,0
Resort Hotel,1,37,2016,March,14,31,2,3,2,0.0,0,BB,PRT,Online TA,TA/TO,0,0,0,D,D,0,No Deposit,240.0,0,Transient,62.0,0,0
Resort Hotel,0,169,2016,March,14,31,1,3,2,0.0,0,BB,NLD,Groups,Direct,0,0,0,A,A,0,Refundable,,0,Transient-Party,66.0,0,0
Resort Hotel,0,169,2016,March,14,31,1,3,2,0.0,0,BB,GBR,Groups,Direct,0,0,0,A,E,3,Refundable,,0,Transient-Party,66.0,0,0
Resort Hotel,0,169,2016,March,14,31,2,3,2,0.0,0,BB,BEL,Groups,Direct,0,0,0,A,A,1,Refundable,,0,Transient-Party,66.0,0,0
Resort Hotel,1,76,2016,March,14,31,3,8,2,0.0,0,BB,PRT,Online TA,TA/TO,0,0,0,A,A,0,No Deposit,242.0,0,Transient,51.87,0,1
Resort Hotel,1,45,2016,March,14,31,4,13,2,0.0,0,BB,PRT,Online TA,TA/TO,0,0,0,D,D,0,No Deposit,240.0,0,Transient,69.76,0,1
Resort Hotel,1,31,2016,April,14,1,0,2,2,0.0,0,BB,PRT,Online TA,TA/TO,0,0,0,D,D,0,No Deposit,242.0,0,Transient,94.16,0,1
Resort Hotel,0,144,2016,April,14,1,2,2,2,0.0,0,BB,GBR,Offline TA/TO,TA/TO,0,0,0,A,D,1,No Deposit,177.0,0,Transient-Party,41.4,0,0
Resort Hotel,0,144,2016,April,14,1,2,2,2,0.0,0,BB,IRL,Offline TA/TO,TA/TO,0,0,0,A,D,1,No Deposit,177.0,0,Transient-Party,41.4,0,0
Resort Hotel,0,144,2016,April,14,1,2,2,2,0.0,0,BB,GBR,Offline TA/TO,TA/TO,0,0,0,A,D,1,No Deposit,177.0,0,Transient-Party,41.4,0,0
Resort Hotel,0,163,2016,April,14,1,2,5,2,0.0,0,BB,CHE,Online TA,TA/TO,0,0,0,A,D,0,No Deposit,240.0,0,Transient,60.2,1,2
Resort Hotel,1,38,2016,April,14,1,2,7,2,0.0,0,BB,PRT,Online TA,TA/TO,0,0,0,D,D,0,No Deposit,240.0,0,Transient,68.56,0,1
Resort Hotel,0,175,2016,April,14,2,2,2,2,0.0,0,BB,FRA,Online TA,TA/TO,0,0,0,A,D,0,No Deposit,240.0,0,Transient,52.2,0,1
Resort Hotel,1,32,2016,April,14,2,2,3,2,0.0,0,BB,PRT,Online TA,TA/TO,0,0,0,D,D,0,No Deposit,240.0,0,Transient,75.8,0,1
Resort Hotel,0,222,2016,April,14,2,2,5,2,0.0,0,BB,GBR,Online TA,TA/TO,0,0,0,A,A,0,No Deposit,241.0,0,Transient,42.19,0,2
Resort Hotel,0,222,2016,April,14,2,2,5,2,0.0,0,BB,GBR,Online TA,TA/TO,0,0,0,A,A,0,No Deposit,241.0,0,Transient,42.19,0,2
Resort Hotel,1,32,2016,April,14,2,4,10,2,0.0,0,BB,PRT,Online TA,TA/TO,0,0,0,E,E,0,No Deposit,240.0,0,Transient,95.0,0,0
Resort Hotel,0,0,2016,April,15,3,2,0,2,0.0,0,BB,GBR,Groups,Direct,0,0,0,A,D,0,No Deposit,,0,Transient,58.0,0,0
Resort Hotel,0,1,2016,April,15,3,2,1,2,0.0,0,BB,PRT,Groups,Direct,0,0,0,A,F,2,No Deposit,,0,Transient,75.0,0,1
Resort Hotel,1,33,2016,April,15,3,2,2,2,0.0,0,BB,PRT,Online TA,TA/TO,0,0,0,D,D,0,No Deposit,240.0,0,Transient,74.75,0,2
Resort Hotel,0,171,2016,April,15,4,1,1,2,0.0,0,HB,DEU,Groups,TA/TO,0,0,0,A,A,1,No Deposit,298.0,0,Transient,0.0,0,0
Resort Hotel,0,171,2016,April,15,4,1,1,2,0.0,0,HB,DEU,Groups,TA/TO,0,0,0,A,A,0,Non Refund,298.0,0,Transient-Party,85.0,0,0
Resort Hotel,0,171,2016,April,15,4,1,1,2,0.0,0,HB,PRT,Groups,TA/TO,0,0,0,A,A,0,Non Refund,298.0,0,Transient-Party,85.0,0,0
Resort Hotel,0,171,2016,April,15,4,1,1,2,0.0,0,HB,DEU,Groups,TA/TO,0,0,0,A,A,0,Non Refund,298.0,0,Transient-Party,85.0,0,0
Resort Hotel,0,171,2016,April,15,4,1,1,2,0.0,0,HB,DEU,Groups,TA/TO,0,0,0,A,A,0,Non Refund,298.0,0,Transient-Party,85.0,0,0
Resort Hotel,0,171,2016,April,15,4,1,1,2,0.0,0,HB,DEU,Groups,TA/TO,0,0,0,A,A,0,Non Refund,298.0,0,Transient-Party,85.0,0,0
Resort Hotel,0,171,2016,April,15,4,1,1,2,0.0,0,HB,DEU,Groups,TA/TO,0,0,0,A,A,0,Non Refund,298.0,0,Transient-Party,85.0,0,0
Resort Hotel,0,171,2016,April,15,4,1,1,2,0.0,0,HB,DEU,Groups,TA/TO,0,0,0,A,A,0,Non Refund,298.0,0,Transient-Party,85.0,0,0
Resort Hotel,0,171,2016,April,15,4,1,1,2,0.0,0,HB,DEU,Groups,TA/TO,0,0,0,A,A,0,Non Refund,298.0,0,Transient-Party,85.0,0,0
Resort Hotel,1,171,2016,April,15,4,1,1,2,0.0,0,HB,PRT,Groups,TA/TO,0,0,0,A,A,0,Non Refund,298.0,0,Transient-Party,85.0,0,0
Resort Hotel,0,171,2016,April,15,4,1,1,2,0.0,0,HB,DEU,Groups,TA/TO,0,0,0,A,A,0,Non Refund,298.0,0,Transient-Party,85.0,0,0
Resort Hotel,0,171,2016,April,15,4,1,1,2,0.0,0,HB,DEU,Groups,TA/TO,0,0,0,A,A,0,Non Refund,298.0,0,Transient-Party,85.0,0,0
Resort Hotel,0,171,2016,April,15,4,1,1,2,0.0,0,HB,PRT,Groups,TA/TO,0,0,0,A,A,0,Non Refund,298.0,0,Transient-Party,85.0,0,0
Resort Hotel,0,171,2016,April,15,4,1,1,2,0.0,0,HB,DEU,Groups,TA/TO,0,0,0,A,A,0,Non Refund,298.0,0,Transient-Party,85.0,0,0
Resort Hotel,0,171,2016,April,15,4,1,1,2,0.0,0,HB,DEU,Groups,TA/TO,0,0,0,A,A,0,Non Refund,298.0,0,Transient-Party,85.0,0,0
Resort Hotel,0,171,2016,April,15,4,1,1,2,0.0,0,HB,DEU,Groups,TA/TO,0,0,0,A,A,0,Non Refund,298.0,0,Transient-Party,85.0,0,0
Resort Hotel,1,171,2016,April,15,4,1,1,2,0.0,0,HB,PRT,Groups,TA/TO,0,0,0,A,A,0,Non Refund,298.0,0,Transient-Party,85.0,0,0
Resort Hotel,0,171,2016,April,15,4,1,1,2,0.0,0,HB,DEU,Groups,TA/TO,0,0,0,A,A,0,Non Refund,298.0,0,Transient-Party,85.0,0,0
Resort Hotel,0,171,2016,April,15,4,1,1,2,0.0,0,HB,PRT,Groups,TA/TO,0,0,0,A,A,0,Non Refund,298.0,0,Transient-Party,85.0,0,0
Resort Hotel,0,171,2016,April,15,4,1,1,2,0.0,0,HB,DEU,Groups,TA/TO,0,0,0,A,A,1,Non Refund,298.0,0,Transient-Party,42.5,0,1
Resort Hotel,0,171,2016,April,15,4,1,1,2,0.0,0,HB,DEU,Groups,TA/TO,0,0,0,A,A,0,Non Refund,298.0,0,Transient-Party,85.0,0,0
Resort Hotel,0,171,2016,April,15,4,1,1,2,0.0,0,HB,DEU,Groups,TA/TO,0,0,0,A,A,0,Non Refund,298.0,0,Transient-Party,85.0,0,0
Resort Hotel,0,171,2016,April,15,4,1,1,2,0.0,0,HB,DEU,Groups,TA/TO,0,0,0,A,A,0,Non Refund,298.0,0,Transient-Party,85.0,0,0
Resort Hotel,0,171,2016,April,15,4,1,1,2,0.0,0,HB,DEU,Groups,TA/TO,0,0,0,A,A,0,Non Refund,298.0,0,Transient-Party,85.0,0,0
Resort Hotel,0,171,2016,April,15,4,1,1,2,0.0,0,HB,DEU,Groups,TA/TO,0,0,0,A,A,0,Non Refund,298.0,0,Transient-Party,85.0,0,0
Resort Hotel,1,42,2016,April,15,4,1,2,2,0.0,0,BB,PRT,Online TA,TA/TO,0,0,0,A,D,0,No Deposit,240.0,0,Transient,66.67,0,2
Resort Hotel,0,171,2016,April,15,4,1,3,2,0.0,0,SC,DEU,Groups,TA/TO,0,0,0,A,I,4,No Deposit,298.0,0,Transient-Party,0.0,0,0
Resort Hotel,1,116,2016,April,15,4,2,5,2,0.0,0,HB,GBR,Groups,Direct,0,0,0,D,D,0,Non Refund,273.0,0,Transient,72.0,0,0
Resort Hotel,1,116,2016,April,15,4,2,5,2,0.0,0,HB,GBR,Groups,Direct,0,0,0,D,D,0,Non Refund,273.0,0,Transient,72.0,0,0
Resort Hotel,1,116,2016,April,15,4,2,5,2,0.0,0,HB,GBR,Groups,Direct,0,0,0,D,D,0,Non Refund,273.0,0,Transient,72.0,0,0
Resort Hotel,1,116,2016,April,15,4,2,5,2,0.0,0,HB,GBR,Groups,Direct,0,0,0,D,D,0,Non Refund,273.0,0,Transient,72.0,0,0
Resort Hotel,1,116,2016,April,15,4,2,5,2,0.0,0,HB,GBR,Groups,Direct,0,0,0,D,D,0,Non Refund,273.0,0,Transient,72.0,0,0
Resort Hotel,1,116,2016,April,15,4,2,5,2,0.0,0,HB,GBR,Groups,Direct,0,0,0,D,D,0,Non Refund,273.0,0,Transient,72.0,0,0
Resort Hotel,1,116,2016,April,15,4,2,5,2,0.0,0,HB,GBR,Groups,Direct,0,0,0,D,D,0,Non Refund,273.0,0,Transient,72.0,0,0
Resort Hotel,1,86,2016,April,15,4,2,5,2,0.0,0,BB,PRT,Online TA,TA/TO,0,0,0,A,A,0,No Deposit,240.0,0,Transient,52.2,0,1
Resort Hotel,1,83,2016,April,15,4,2,5,2,0.0,0,BB,PRT,Online TA,TA/TO,0,0,0,A,A,0,No Deposit,240.0,0,Transient,52.2,0,3
Resort Hotel,1,116,2016,April,15,4,2,5,2,0.0,0,HB,GBR,Groups,Direct,0,0,0,D,D,0,Non Refund,273.0,0,Transient,72.0,0,0
Resort Hotel,1,116,2016,April,15,4,2,5,2,0.0,0,HB,GBR,Groups,Direct,0,0,0,D,D,0,Non Refund,273.0,0,Transient,72.0,0,0
Resort Hotel,1,116,2016,April,15,4,2,5,2,0.0,0,HB,GBR,Groups,Direct,0,0,0,D,D,0,Non Refund,273.0,0,Transient,72.0,0,0
Resort Hotel,0,186,2016,April,15,5,0,4,2,0.0,0,BB,DEU,Online TA,TA/TO,0,0,0,A,D,0,No Deposit,240.0,0,Transient,52.2,0,1
Resort Hotel,1,40,2016,April,15,5,0,5,2,0.0,0,BB,PRT,Online TA,TA/TO,0,0,0,E,E,0,No Deposit,240.0,0,Transient,88.0,0,1
Resort Hotel,1,40,2016,April,15,5,0,5,2,0.0,0,BB,PRT,Online TA,TA/TO,0,0,0,A,A,0,No Deposit,240.0,0,Transient,58.0,0,1
Resort Hotel,1,36,2016,April,15,6,0,4,2,0.0,0,BB,PRT,Online TA,TA/TO,0,0,0,A,A,0,No Deposit,240.0,0,Transient,58.0,0,1
Resort Hotel,1,85,2016,April,15,7,0,3,2,0.0,0,HB,PRT,Groups,TA/TO,0,0,0,A,A,0,No Deposit,67.0,0,Transient-Party,64.0,0,0
Resort Hotel,1,85,2016,April,15,7,0,3,2,0.0,0,HB,PRT,Groups,TA/TO,0,0,0,A,A,0,No Deposit,67.0,0,Transient-Party,64.0,0,0
Resort Hotel,1,85,2016,April,15,7,0,3,2,0.0,0,HB,PRT,Groups,TA/TO,0,0,0,A,A,0,No Deposit,67.0,0,Transient-Party,64.0,0,0
Resort Hotel,1,85,2016,April,15,7,0,3,2,0.0,0,HB,PRT,Groups,TA/TO,0,0,0,A,A,0,No Deposit,67.0,0,Transient-Party,64.0,0,0
Resort Hotel,1,85,2016,April,15,7,0,3,2,0.0,0,HB,PRT,Groups,TA/TO,0,0,0,A,A,0,No Deposit,67.0,0,Transient-Party,64.0,0,0
Resort Hotel,1,85,2016,April,15,7,0,3,2,0.0,0,HB,PRT,Groups,TA/TO,0,0,0,A,A,0,No Deposit,67.0,0,Transient-Party,64.0,0,0
Resort Hotel,1,85,2016,April,15,7,0,3,2,0.0,0,HB,PRT,Groups,TA/TO,0,0,0,A,A,0,No Deposit,67.0,0,Transient-Party,64.0,0,0
Resort Hotel,1,85,2016,April,15,7,0,3,2,0.0,0,HB,PRT,Groups,TA/TO,0,0,0,A,A,0,No Deposit,67.0,0,Transient-Party,64.0,0,0
Resort Hotel,1,31,2016,April,15,7,0,3,2,0.0,0,HB,PRT,Groups,TA/TO,0,0,0,A,A,0,No Deposit,67.0,0,Transient-Party,68.0,0,0
Resort Hotel,1,85,2016,April,15,7,0,3,2,0.0,0,HB,PRT,Groups,TA/TO,0,0,0,A,A,0,No Deposit,67.0,0,Transient-Party,64.0,0,0
Resort Hotel,1,85,2016,April,15,7,0,3,2,0.0,0,HB,PRT,Groups,TA/TO,0,0,0,A,A,0,No Deposit,67.0,0,Transient-Party,64.0,0,0
Resort Hotel,1,85,2016,April,15,7,0,3,2,0.0,0,HB,PRT,Groups,TA/TO,0,0,0,A,A,0,No Deposit,67.0,0,Transient-Party,64.0,0,0
Resort Hotel,1,85,2016,April,15,7,0,3,2,0.0,0,HB,PRT,Groups,TA/TO,0,0,0,A,A,0,No Deposit,67.0,0,Transient-Party,64.0,0,0
Resort Hotel,1,85,2016,April,15,7,0,3,2,0.0,0,HB,PRT,Groups,TA/TO,0,0,0,A,A,0,No Deposit,67.0,0,Transient-Party,64.0,0,0
Resort Hotel,1,23,2016,April,15,7,0,3,2,0.0,0,BB,GBR,Online TA,TA/TO,0,0,0,E,E,0,No Deposit,240.0,0,Transient,85.0,0,0
Resort Hotel,1,85,2016,April,15,7,0,3,2,0.0,0,HB,PRT,Groups,TA/TO,0,0,0,A,A,0,No Deposit,67.0,0,Transient-Party,64.0,0,0
Resort Hotel,1,85,2016,April,15,7,0,3,2,0.0,0,HB,PRT,Groups,TA/TO,0,0,0,A,A,0,No Deposit,67.0,0,Transient-Party,64.0,0,0
Resort Hotel,1,85,2016,April,15,7,0,3,2,0.0,0,HB,PRT,Groups,TA/TO,0,0,0,A,A,0,No Deposit,67.0,0,Transient-Party,64.0,0,0
Resort Hotel,1,85,2016,April,15,7,0,3,2,0.0,0,HB,PRT,Groups,TA/TO,0,0,0,A,A,0,No Deposit,67.0,0,Transient-Party,64.0,0,0
Resort Hotel,1,31,2016,April,15,7,0,3,2,0.0,0,HB,PRT,Groups,TA/TO,0,0,0,A,A,0,No Deposit,67.0,0,Transient-Party,68.0,0,0
Resort Hotel,0,210,2016,April,15,8,0,0,2,0.0,0,BB,PRT,Online TA,TA/TO,0,0,0,D,I,0,No Deposit,241.0,0,Transient,0.0,0,1
Resort Hotel,1,26,2016,April,15,8,0,1,2,0.0,0,BB,PRT,Online TA,TA/TO,0,0,0,A,A,0,No Deposit,240.0,0,Transient,77.0,0,0
Resort Hotel,1,15,2016,April,15,8,1,2,2,0.0,0,BB,ESP,Online TA,TA/TO,0,0,0,A,A,0,No Deposit,240.0,0,Transient,71.0,0,0
Resort Hotel,1,15,2016,April,15,8,1,2,2,0.0,0,BB,ESP,Online TA,TA/TO,0,0,0,A,A,0,No Deposit,240.0,0,Transient,65.0,0,0
Resort Hotel,1,26,2016,April,15,8,2,5,2,0.0,0,BB,DEU,Online TA,TA/TO,0,0,0,A,A,0,No Deposit,240.0,0,Transient,65.0,0,0
Resort Hotel,1,46,2016,April,15,9,0,1,2,0.0,0,BB,PRT,Online TA,TA/TO,0,0,0,A,A,0,No Deposit,240.0,0,Transient,58.0,0,1
Resort Hotel,1,46,2016,April,15,9,0,1,2,0.0,0,BB,PRT,Online TA,TA/TO,0,0,0,A,A,0,No Deposit,240.0,0,Transient,58.0,0,2
Resort Hotel,1,84,2016,April,15,9,2,4,2,0.0,0,BB,PRT,Offline TA/TO,TA/TO,0,0,0,F,F,0,No Deposit,36.0,0,Transient,63.5,0,0
Resort Hotel,1,121,2016,April,15,9,2,5,2,0.0,0,HB,GBR,Groups,Direct,0,0,0,D,D,0,Non Refund,273.0,0,Transient,72.0,0,0
Resort Hotel,1,121,2016,April,15,9,2,5,2,0.0,0,HB,GBR,Groups,Direct,0,0,0,D,D,0,Non Refund,273.0,0,Transient,72.0,0,0
Resort Hotel,1,121,2016,April,15,9,2,5,2,0.0,0,HB,GBR,Groups,Direct,0,0,0,D,D,0,Non Refund,273.0,0,Transient,72.0,0,0
Resort Hotel,1,121,2016,April,15,9,2,5,2,0.0,0,HB,GBR,Groups,Direct,0,0,0,D,D,0,Non Refund,273.0,0,Transient,72.0,0,0
Resort Hotel,1,121,2016,April,15,9,2,5,2,0.0,0,HB,GBR,Groups,Direct,0,0,0,D,D,0,Non Refund,273.0,0,Transient,72.0,0,0
Resort Hotel,1,121,2016,April,15,9,2,5,2,0.0,0,HB,GBR,Groups,Direct,0,0,0,D,D,0,Non Refund,273.0,0,Transient,72.0,0,0
Resort Hotel,1,121,2016,April,15,9,2,5,2,0.0,0,HB,GBR,Groups,Direct,0,0,0,D,D,0,Non Refund,273.0,0,Transient,72.0,0,0
Resort Hotel,1,121,2016,April,15,9,2,5,2,0.0,0,HB,GBR,Groups,Direct,0,0,0,D,D,0,Non Refund,273.0,0,Transient,72.0,0,0
Resort Hotel,1,121,2016,April,15,9,2,5,2,0.0,0,HB,GBR,Groups,Direct,0,0,0,D,D,0,Non Refund,273.0,0,Transient,72.0,0,0
Resort Hotel,1,121,2016,April,15,9,2,5,2,0.0,0,HB,GBR,Groups,Direct,0,0,0,D,D,0,Non Refund,273.0,0,Transient,72.0,0,0
Resort Hotel,1,121,2016,April,15,9,2,5,2,0.0,0,HB,GBR,Groups,Direct,0,0,0,D,D,0,Non Refund,273.0,0,Transient,72.0,0,0
Resort Hotel,1,121,2016,April,15,9,2,5,2,0.0,0,HB,GBR,Groups,Direct,0,0,0,D,D,0,Non Refund,273.0,0,Transient,72.0,0,0
Resort Hotel,1,121,2016,April,15,9,2,5,2,0.0,0,HB,GBR,Groups,Direct,0,0,0,D,D,0,Non Refund,273.0,0,Transient,72.0,0,0
Resort Hotel,1,121,2016,April,15,9,2,5,2,0.0,0,HB,GBR,Groups,Direct,0,0,0,D,D,0,Non Refund,273.0,0,Transient,72.0,0,0
Resort Hotel,1,15,2016,April,16,10,2,0,2,0.0,0,HB,ESP,Online TA,TA/TO,0,0,0,D,D,0,No Deposit,240.0,0,Transient,107.0,0,0
Resort Hotel,1,27,2016,April,16,10,2,2,2,0.0,0,BB,IRL,Direct,Direct,0,0,0,E,E,0,No Deposit,250.0,0,Transient,72.0,0,0
Resort Hotel,1,32,2016,April,16,10,2,2,2,0.0,0,BB,IRL,Online TA,TA/TO,0,0,0,A,A,0,No Deposit,240.0,0,Transient,65.0,0,0
Resort Hotel,0,275,2016,April,16,10,2,5,2,0.0,0,HB,GBR,Groups,Direct,0,0,0,D,D,0,No Deposit,273.0,0,Transient-Party,74.45,0,0
Resort Hotel,1,275,2016,April,16,10,2,5,2,0.0,0,HB,GBR,Groups,Direct,0,0,0,D,D,0,No Deposit,273.0,0,Transient-Party,68.66,0,0
Resort Hotel,0,275,2016,April,16,10,2,5,2,0.0,0,HB,GBR,Groups,Direct,0,0,0,D,D,0,No Deposit,273.0,0,Transient-Party,74.45,0,0
Resort Hotel,0,275,2016,April,16,10,2,5,2,0.0,0,HB,GBR,Groups,Direct,0,0,0,D,D,0,No Deposit,273.0,0,Transient-Party,74.45,0,0
Resort Hotel,0,275,2016,April,16,10,2,5,2,0.0,0,HB,GBR,Groups,Direct,0,0,0,D,D,0,No Deposit,273.0,0,Transient-Party,74.45,0,0
Resort Hotel,0,275,2016,April,16,10,2,5,2,0.0,0,HB,BRA,Groups,Direct,0,0,0,D,D,0,No Deposit,273.0,0,Transient-Party,74.45,0,0
Resort Hotel,0,275,2016,April,16,10,2,5,2,0.0,0,HB,GBR,Groups,Direct,0,0,0,D,D,0,No Deposit,273.0,0,Transient-Party,72.45,0,0
Resort Hotel,1,275,2016,April,16,10,2,5,2,0.0,0,HB,GBR,Groups,Direct,0,0,0,D,D,0,No Deposit,273.0,0,Transient-Party,68.66,0,0
Resort Hotel,1,275,2016,April,16,10,2,5,2,0.0,0,HB,GBR,Groups,Direct,0,0,0,D,D,0,No Deposit,273.0,0,Transient-Party,68.66,0,0
Resort Hotel,0,275,2016,April,16,10,2,5,2,0.0,0,HB,GBR,Groups,Direct,0,0,0,D,D,0,No Deposit,273.0,0,Transient,74.45,0,0
Resort Hotel,0,275,2016,April,16,10,2,5,2,0.0,0,HB,GBR,Groups,Direct,0,0,0,D,D,0,No Deposit,273.0,0,Transient-Party,74.45,0,0
Resort Hotel,0,275,2016,April,16,10,2,5,2,0.0,0,HB,GBR,Groups,Direct,0,0,0,D,D,0,No Deposit,273.0,0,Transient-Party,74.45,0,0
Resort Hotel,1,275,2016,April,16,10,2,5,2,0.0,0,HB,GBR,Groups,Direct,0,0,0,D,D,0,No Deposit,273.0,0,Transient-Party,68.66,0,0
Resort Hotel,0,275,2016,April,16,10,2,5,2,0.0,0,HB,GBR,Groups,Direct,0,0,0,D,D,4,No Deposit,273.0,0,Transient-Party,72.45,0,0
Resort Hotel,0,275,2016,April,16,10,6,11,2,0.0,0,SC,GBR,Groups,Direct,0,0,0,D,I,6,No Deposit,273.0,0,Transient-Party,11.53,0,0
Resort Hotel,0,275,2016,April,16,10,2,5,2,0.0,0,HB,GBR,Groups,Direct,0,0,0,D,D,0,No Deposit,273.0,0,Transient-Party,72.45,0,0
Resort Hotel,1,52,2016,April,16,11,1,0,2,0.0,0,HB,PRT,Online TA,TA/TO,0,0,0,A,A,0,No Deposit,240.0,0,Transient,90.0,0,1
Resort Hotel,1,212,2016,April,16,11,2,5,2,0.0,0,HB,PRT,Groups,Direct,0,0,0,A,A,0,Non Refund,273.0,0,Transient,67.05,0,0
Resort Hotel,1,212,2016,April,16,11,2,5,2,0.0,0,HB,PRT,Groups,Direct,0,0,0,A,A,0,Non Refund,273.0,0,Transient,67.05,0,0
Resort Hotel,1,212,2016,April,16,11,2,5,2,0.0,0,HB,PRT,Groups,Direct,0,0,0,D,D,0,Non Refund,273.0,0,Transient,76.05,0,0
Resort Hotel,1,212,2016,April,16,11,2,5,2,0.0,0,HB,PRT,Groups,Direct,0,0,0,D,D,0,Non Refund,273.0,0,Transient,76.05,0,0
Resort Hotel,1,212,2016,April,16,11,2,5,2,0.0,0,HB,PRT,Groups,Direct,0,0,0,D,D,0,Non Refund,273.0,0,Transient,76.05,0,0
Resort Hotel,0,214,2016,April,16,11,2,5,2,0.0,0,BB,PRT,Online TA,TA/TO,0,0,0,A,A,0,No Deposit,240.0,0,Transient,52.2,0,2
Resort Hotel,1,212,2016,April,16,11,2,5,2,0.0,0,HB,PRT,Groups,Direct,0,0,0,A,A,0,Non Refund,273.0,0,Transient,67.05,0,0
Resort Hotel,1,212,2016,April,16,11,2,5,2,0.0,0,HB,PRT,Groups,Direct,0,0,0,A,A,0,Non Refund,273.0,0,Transient,67.05,0,0
Resort Hotel,1,212,2016,April,16,11,2,5,2,0.0,0,HB,PRT,Groups,Direct,0,0,0,D,D,0,Non Refund,273.0,0,Transient,76.05,0,0
Resort Hotel,1,212,2016,April,16,11,2,5,2,0.0,0,HB,PRT,Groups,Direct,0,0,0,D,D,0,Non Refund,273.0,0,Transient,76.05,0,0
Resort Hotel,1,212,2016,April,16,11,2,5,2,0.0,0,HB,PRT,Groups,Direct,0,0,0,D,D,0,Non Refund,273.0,0,Transient,76.05,0,0
Resort Hotel,1,212,2016,April,16,11,2,5,2,0.0,0,HB,PRT,Groups,Direct,0,0,0,A,A,0,Non Refund,273.0,0,Transient,67.05,0,0
Resort Hotel,1,212,2016,April,16,11,2,5,2,0.0,0,HB,PRT,Groups,Direct,0,0,0,A,A,0,Non Refund,273.0,0,Transient,67.05,0,0
Resort Hotel,1,212,2016,April,16,11,2,5,2,0.0,0,HB,PRT,Groups,Direct,0,0,0,A,A,0,Non Refund,273.0,0,Transient,67.05,0,0
Resort Hotel,1,212,2016,April,16,11,2,5,2,0.0,0,HB,PRT,Groups,Direct,0,0,0,D,D,0,Non Refund,273.0,0,Transient,76.05,0,0
Resort Hotel,1,212,2016,April,16,11,2,5,2,0.0,0,HB,PRT,Groups,Direct,0,0,0,D,D,0,Non Refund,273.0,0,Transient,76.05,0,0
Resort Hotel,1,212,2016,April,16,11,2,5,2,0.0,0,HB,PRT,Groups,Direct,0,0,0,D,D,0,Non Refund,273.0,0,Transient,76.05,0,0
Resort Hotel,1,35,2016,April,16,11,1,3,2,0.0,0,BB,FRA,Online TA,TA/TO,0,0,0,E,E,0,No Deposit,240.0,0,Transient,95.0,0,1
Resort Hotel,1,28,2016,April,16,11,1,4,2,0.0,0,BB,IRL,Online TA,TA/TO,0,0,0,A,A,0,No Deposit,240.0,0,Transient,65.0,0,0
Resort Hotel,1,66,2016,April,16,11,1,4,2,0.0,0,BB,PRT,Online TA,TA/TO,0,0,0,A,A,0,No Deposit,240.0,0,Transient,68.0,0,0
Resort Hotel,0,214,2016,April,16,11,2,5,2,0.0,0,BB,FRA,Online TA,TA/TO,0,0,0,A,A,0,No Deposit,240.0,0,Transient,52.2,0,2
Resort Hotel,1,212,2016,April,16,11,2,5,2,0.0,0,HB,PRT,Groups,Direct,0,0,0,A,A,0,Non Refund,273.0,0,Transient,67.05,0,0
Resort Hotel,1,212,2016,April,16,11,2,5,2,0.0,0,HB,PRT,Groups,Direct,0,0,0,D,D,0,Non Refund,273.0,0,Transient,76.05,0,0
Resort Hotel,1,212,2016,April,16,11,2,5,2,0.0,0,HB,PRT,Groups,Direct,0,0,0,D,D,0,Non Refund,273.0,0,Transient,76.05,0,0
Resort Hotel,1,212,2016,April,16,11,2,5,2,0.0,0,HB,PRT,Groups,Direct,0,0,0,A,A,0,Non Refund,273.0,0,Transient,67.05,0,0
Resort Hotel,1,212,2016,April,16,11,2,5,2,0.0,0,HB,PRT,Groups,Direct,0,0,0,A,A,0,Non Refund,273.0,0,Transient,67.05,0,0
Resort Hotel,1,212,2016,April,16,11,2,5,2,0.0,0,HB,PRT,Groups,Direct,0,0,0,D,D,0,Non Refund,273.0,0,Transient,76.05,0,0
Resort Hotel,1,212,2016,April,16,11,2,5,2,0.0,0,HB,PRT,Groups,Direct,0,0,0,D,D,0,Non Refund,273.0,0,Transient,76.05,0,0
Resort Hotel,0,187,2016,April,16,11,3,7,2,0.0,0,HB,GBR,Online TA,TA/TO,0,0,0,E,E,1,No Deposit,240.0,0,Transient,108.0,0,2
Resort Hotel,1,212,2016,April,16,11,2,5,2,0.0,0,HB,PRT,Groups,Direct,0,0,0,D,D,0,Non Refund,273.0,0,Transient,76.05,0,0
Resort Hotel,1,212,2016,April,16,11,2,5,2,0.0,0,HB,PRT,Groups,Direct,0,0,0,D,D,0,Non Refund,273.0,0,Transient,76.05,0,0
Resort Hotel,1,168,2016,April,16,12,0,2,2,0.0,0,HB,PRT,Groups,TA/TO,0,0,0,A,A,0,Non Refund,245.0,0,Transient,86.0,0,0
Resort Hotel,1,168,2016,April,16,12,0,2,2,0.0,0,HB,PRT,Groups,TA/TO,0,0,0,A,A,0,Non Refund,245.0,0,Transient,86.0,0,0
Resort Hotel,1,168,2016,April,16,12,0,2,2,0.0,0,HB,PRT,Groups,TA/TO,0,0,0,A,A,0,Non Refund,245.0,0,Transient,86.0,0,0
Resort Hotel,1,168,2016,April,16,12,0,2,2,0.0,0,HB,PRT,Groups,TA/TO,0,0,0,A,A,0,Non Refund,245.0,0,Transient,86.0,0,0
Resort Hotel,1,168,2016,April,16,12,0,2,2,0.0,0,HB,PRT,Groups,TA/TO,0,0,0,A,A,0,Non Refund,245.0,0,Transient,86.0,0,0
Resort Hotel,1,168,2016,April,16,12,0,2,2,0.0,0,HB,PRT,Groups,TA/TO,0,0,0,A,A,0,Non Refund,245.0,0,Transient,86.0,0,0
Resort Hotel,1,168,2016,April,16,12,0,2,2,0.0,0,HB,PRT,Groups,TA/TO,0,0,0,A,A,0,Non Refund,245.0,0,Transient,86.0,0,0
Resort Hotel,1,168,2016,April,16,12,0,2,2,0.0,0,HB,PRT,Groups,TA/TO,0,0,0,A,A,0,Non Refund,245.0,0,Transient,86.0,0,0
Resort Hotel,1,168,2016,April,16,12,0,2,2,0.0,0,HB,PRT,Groups,TA/TO,0,0,0,A,A,0,Non Refund,245.0,0,Transient,86.0,0,0
Resort Hotel,1,168,2016,April,16,12,0,2,2,0.0,0,HB,PRT,Groups,TA/TO,0,0,0,A,A,0,Non Refund,245.0,0,Transient,86.0,0,0
Resort Hotel,1,168,2016,April,16,12,0,2,2,0.0,0,HB,PRT,Groups,TA/TO,0,0,0,A,A,0,Non Refund,245.0,0,Transient,86.0,0,0
Resort Hotel,1,168,2016,April,16,12,0,2,2,0.0,0,HB,PRT,Groups,TA/TO,0,0,0,A,A,0,Non Refund,245.0,0,Transient,86.0,0,0
Resort Hotel,1,168,2016,April,16,12,0,2,2,0.0,0,HB,PRT,Groups,TA/TO,0,0,0,A,A,0,Non Refund,245.0,0,Transient,86.0,0,0
Resort Hotel,1,168,2016,April,16,12,0,2,2,0.0,0,HB,PRT,Groups,TA/TO,0,0,0,A,A,0,Non Refund,245.0,0,Transient,86.0,0,0
Resort Hotel,1,168,2016,April,16,12,0,2,2,0.0,0,HB,PRT,Groups,TA/TO,0,0,0,A,A,0,Non Refund,245.0,0,Transient,86.0,0,0
Resort Hotel,1,168,2016,April,16,12,0,2,2,0.0,0,HB,PRT,Groups,TA/TO,0,0,0,A,A,0,Non Refund,245.0,0,Transient,86.0,0,0
Resort Hotel,1,168,2016,April,16,12,0,2,2,0.0,0,HB,PRT,Groups,TA/TO,0,0,0,A,A,0,Non Refund,245.0,0,Transient,86.0,0,0
Resort Hotel,1,168,2016,April,16,12,0,2,2,0.0,0,HB,PRT,Groups,TA/TO,0,0,0,A,A,0,Non Refund,245.0,0,Transient,86.0,0,0
Resort Hotel,1,168,2016,April,16,12,0,2,2,0.0,0,HB,PRT,Groups,TA/TO,0,0,0,A,A,0,Non Refund,245.0,0,Transient,86.0,0,0
Resort Hotel,1,168,2016,April,16,12,0,2,2,0.0,0,HB,PRT,Groups,TA/TO,0,0,0,A,A,0,Non Refund,245.0,0,Transient,86.0,0,0
Resort Hotel,1,168,2016,April,16,12,0,2,2,0.0,0,HB,PRT,Groups,TA/TO,0,0,0,A,A,0,Non Refund,245.0,0,Transient,86.0,0,0
Resort Hotel,1,168,2016,April,16,12,0,2,2,0.0,0,HB,PRT,Groups,TA/TO,0,0,0,A,A,0,Non Refund,245.0,0,Transient,86.0,0,0
Resort Hotel,1,168,2016,April,16,12,0,2,2,0.0,0,HB,PRT,Groups,TA/TO,0,0,0,A,A,0,Non Refund,245.0,0,Transient,86.0,0,0
Resort Hotel,1,168,2016,April,16,12,0,2,2,0.0,0,HB,PRT,Groups,TA/TO,0,0,0,A,A,0,Non Refund,245.0,0,Transient,86.0,0,0
Resort Hotel,1,168,2016,April,16,12,0,2,2,0.0,0,HB,PRT,Groups,TA/TO,0,0,0,A,A,0,Non Refund,245.0,0,Transient,86.0,0,0
Resort Hotel,0,192,2016,April,16,12,2,5,2,0.0,0,BB,IRL,Online TA,TA/TO,0,0,0,A,A,0,No Deposit,240.0,0,Transient,52.2,0,0
Resort Hotel,1,197,2016,April,16,12,2,5,2,0.0,0,BB,PRT,Online TA,TA/TO,0,0,0,A,A,0,No Deposit,240.0,0,Transient,52.2,0,2
Resort Hotel,0,229,2016,April,16,12,2,6,2,0.0,0,BB,IRL,Direct,Direct,0,0,0,D,D,1,No Deposit,250.0,0,Transient,62.05,0,0
Resort Hotel,1,78,2016,April,16,12,4,10,2,0.0,0,HB,PRT,Groups,Direct,0,0,0,D,D,0,No Deposit,273.0,0,Transient-Party,80.0,0,0
Resort Hotel,1,78,2016,April,16,12,4,10,2,0.0,0,HB,PRT,Groups,Direct,0,0,0,D,D,0,No Deposit,273.0,0,Transient-Party,80.0,0,0
Resort Hotel,1,27,2016,April,16,14,0,1,2,0.0,0,BB,PRT,Online TA,TA/TO,0,0,0,A,A,0,No Deposit,240.0,0,Transient,65.0,0,0
Resort Hotel,1,30,2016,April,16,14,0,3,2,0.0,0,BB,ARE,Online TA,TA/TO,0,0,0,E,F,0,No Deposit,240.0,0,Transient,91.0,0,1
Resort Hotel,1,21,2016,April,16,14,1,3,2,0.0,0,BB,BRA,Direct,Direct,0,0,0,F,F,2,No Deposit,250.0,0,Transient,101.0,0,0
Resort Hotel,1,9,2016,April,16,15,0,1,2,0.0,0,BB,PRT,Online TA,TA/TO,0,0,0,A,A,0,No Deposit,240.0,0,Transient,65.0,0,0
Resort Hotel,1,10,2016,April,16,15,0,2,2,0.0,0,BB,ESP,Online TA,TA/TO,0,0,0,D,D,2,No Deposit,240.0,0,Transient,75.0,0,0
Resort Hotel,1,164,2016,April,16,15,0,2,2,0.0,0,HB,PRT,Online TA,TA/TO,0,0,0,E,E,0,No Deposit,240.0,0,Transient,118.0,0,2
Resort Hotel,1,15,2016,April,16,15,0,2,2,0.0,0,BB,ESP,Direct,Direct,0,0,0,A,A,0,No Deposit,250.0,0,Transient,65.0,0,0
Resort Hotel,1,164,2016,April,16,15,0,2,2,0.0,0,HB,PRT,Online TA,TA/TO,0,0,0,E,E,0,No Deposit,240.0,0,Transient,118.0,0,2
Resort Hotel,1,164,2016,April,16,15,0,2,2,0.0,0,HB,PRT,Online TA,TA/TO,0,0,0,E,E,0,No Deposit,240.0,0,Transient,118.0,0,2
Resort Hotel,1,164,2016,April,16,15,0,2,2,0.0,0,HB,PRT,Online TA,TA/TO,0,0,0,E,E,0,No Deposit,240.0,0,Transient,118.0,0,2
Resort Hotel,0,183,2016,April,16,16,1,1,2,0.0,0,HB,DEU,Groups,TA/TO,0,0,0,A,A,1,No Deposit,298.0,0,Transient-Party,85.0,0,0
Resort Hotel,0,183,2016,April,16,16,1,1,2,0.0,0,HB,DEU,Groups,TA/TO,0,0,0,A,A,0,No Deposit,298.0,0,Transient-Party,85.0,0,0
Resort Hotel,0,183,2016,April,16,16,1,1,2,0.0,0,HB,DEU,Groups,TA/TO,0,0,0,A,A,1,No Deposit,298.0,0,Transient-Party,42.5,0,0
Resort Hotel,1,183,2016,April,16,16,1,1,2,0.0,0,HB,PRT,Groups,TA/TO,0,0,0,A,A,0,Non Refund,298.0,0,Transient-Party,85.0,0,0
Resort Hotel,0,183,2016,April,16,16,1,1,2,0.0,0,HB,DEU,Groups,TA/TO,0,0,0,A,B,0,No Deposit,298.0,0,Transient-Party,85.0,0,0
Resort Hotel,1,183,2016,April,16,16,1,1,2,0.0,0,HB,PRT,Groups,TA/TO,0,0,0,A,A,0,Non Refund,298.0,0,Transient-Party,85.0,0,0
Resort Hotel,1,183,2016,April,16,16,1,1,2,0.0,0,HB,PRT,Groups,TA/TO,0,0,0,A,A,0,Non Refund,298.0,0,Transient-Party,85.0,0,0
Resort Hotel,0,183,2016,April,16,16,1,1,2,0.0,0,HB,DEU,Groups,TA/TO,0,0,0,A,C,0,No Deposit,298.0,0,Transient-Party,85.0,0,0
Resort Hotel,1,183,2016,April,16,16,1,1,2,0.0,0,HB,PRT,Groups,TA/TO,0,0,0,A,A,0,Non Refund,298.0,0,Transient-Party,85.0,0,0
Resort Hotel,0,183,2016,April,16,16,1,1,2,0.0,0,HB,DEU,Groups,TA/TO,0,0,0,A,A,0,No Deposit,298.0,0,Transient-Party,85.0,0,0
Resort Hotel,0,183,2016,April,16,16,1,1,2,0.0,0,HB,ESP,Groups,TA/TO,0,0,0,A,A,0,No Deposit,298.0,0,Transient-Party,85.0,0,0
Resort Hotel,0,183,2016,April,16,16,1,1,2,0.0,0,HB,DEU,Groups,TA/TO,0,0,0,A,A,0,No Deposit,298.0,0,Transient-Party,85.0,0,0
Resort Hotel,0,183,2016,April,16,16,1,1,2,0.0,0,HB,DEU,Groups,TA/TO,0,0,0,A,C,0,No Deposit,298.0,0,Transient-Party,85.0,0,0
Resort Hotel,1,183,2016,April,16,16,1,1,2,0.0,0,HB,PRT,Groups,TA/TO,0,0,0,A,A,0,Non Refund,298.0,0,Transient-Party,85.0,0,0
Resort Hotel,1,183,2016,April,16,16,1,1,2,0.0,0,HB,PRT,Groups,TA/TO,0,0,0,A,A,0,Non Refund,298.0,0,Transient-Party,85.0,0,0
Resort Hotel,0,183,2016,April,16,16,1,1,2,0.0,0,HB,DEU,Groups,TA/TO,0,0,0,A,C,0,No Deposit,298.0,0,Transient-Party,85.0,0,0
Resort Hotel,0,183,2016,April,16,16,1,1,2,0.0,0,HB,DEU,Groups,TA/TO,0,0,0,A,A,0,No Deposit,298.0,0,Transient-Party,85.0,0,0
Resort Hotel,0,183,2016,April,16,16,1,1,2,0.0,0,HB,DEU,Groups,TA/TO,0,0,0,A,A,0,No Deposit,298.0,0,Transient-Party,85.0,0,0
Resort Hotel,0,183,2016,April,16,16,1,1,2,0.0,0,HB,DEU,Groups,TA/TO,0,0,0,A,A,0,No Deposit,298.0,0,Transient-Party,85.0,0,0
Resort Hotel,1,183,2016,April,16,16,1,1,2,0.0,0,HB,PRT,Groups,TA/TO,0,0,0,A,A,0,Non Refund,298.0,0,Transient-Party,85.0,0,0
Resort Hotel,1,183,2016,April,16,16,1,1,2,0.0,0,HB,PRT,Groups,TA/TO,0,0,0,A,A,0,Non Refund,298.0,0,Transient-Party,85.0,0,0
Resort Hotel,0,183,2016,April,16,16,1,1,2,0.0,0,HB,DEU,Groups,TA/TO,0,0,0,A,A,0,No Deposit,298.0,0,Transient-Party,85.0,0,0
Resort Hotel,1,183,2016,April,16,16,1,1,2,0.0,0,HB,PRT,Groups,TA/TO,0,0,0,A,A,0,Non Refund,298.0,0,Transient-Party,85.0,0,0
Resort Hotel,1,183,2016,April,16,16,1,1,2,0.0,0,HB,PRT,Groups,TA/TO,0,0,0,A,A,0,Non Refund,298.0,0,Transient-Party,85.0,0,0
Resort Hotel,1,183,2016,April,16,16,1,1,2,0.0,0,HB,PRT,Groups,TA/TO,0,0,0,A,A,0,Non Refund,298.0,0,Transient-Party,85.0,0,0
Resort Hotel,0,183,2016,April,16,16,1,1,2,0.0,0,HB,DEU,Groups,TA/TO,0,0,0,A,C,1,Non Refund,298.0,0,Transient-Party,102.5,0,0
Resort Hotel,0,183,2016,April,16,16,1,1,2,0.0,0,HB,DEU,Groups,TA/TO,0,0,0,A,C,1,No Deposit,298.0,0,Transient-Party,85.0,0,0
Resort Hotel,1,183,2016,April,16,16,1,1,2,0.0,0,HB,PRT,Groups,TA/TO,0,0,0,A,A,0,Non Refund,298.0,0,Transient-Party,85.0,0,0
Resort Hotel,0,183,2016,April,16,16,2,2,2,0.0,0,SC,DEU,Groups,TA/TO,0,0,0,A,I,2,No Deposit,298.0,0,Transient-Party,0.0,0,0
Resort Hotel,0,169,2016,April,16,16,2,4,2,0.0,0,HB,FRA,Offline TA/TO,TA/TO,0,0,0,A,A,0,No Deposit,196.0,0,Transient,67.5,0,1
Resort Hotel,1,34,2016,April,16,16,2,5,2,0.0,0,BB,PRT,Online TA,TA/TO,0,0,0,E,E,0,No Deposit,241.0,0,Transient,65.45,0,0
Resort Hotel,1,232,2016,April,16,16,2,5,2,0.0,0,BB,PRT,Online TA,TA/TO,0,0,0,A,A,0,No Deposit,240.0,0,Transient,52.2,0,1
Resort Hotel,0,192,2016,April,16,16,2,5,2,0.0,0,BB,GBR,Offline TA/TO,TA/TO,0,0,0,A,A,1,No Deposit,40.0,0,Transient,37.4,0,0
Resort Hotel,1,51,2016,April,16,16,2,5,2,0.0,0,BB,PRT,Offline TA/TO,TA/TO,0,0,0,D,D,0,No Deposit,314.0,0,Transient,53.28,0,0
Resort Hotel,1,30,2016,April,17,17,1,0,2,0.0,0,BB,PRT,Direct,Direct,0,0,0,A,A,0,No Deposit,250.0,0,Transient,65.0,0,0
Resort Hotel,0,200,2016,April,17,17,2,2,2,0.0,0,BB,PRT,Online TA,TA/TO,0,0,0,A,A,0,No Deposit,240.0,0,Transient,58.2,1,1
Resort Hotel,1,82,2016,April,17,17,2,2,2,0.0,0,BB,PRT,Direct,Direct,0,0,0,D,D,0,No Deposit,250.0,0,Transient,56.89,0,0
Resort Hotel,0,218,2016,April,17,17,2,1,2,0.0,0,BB,GBR,Direct,Direct,0,0,0,F,F,1,No Deposit,250.0,0,Transient,83.0,0,1
Resort Hotel,1,54,2016,April,17,17,2,3,2,0.0,0,BB,PRT,Offline TA/TO,TA/TO,0,0,0,A,C,1,No Deposit,8.0,0,Transient,42.3,0,0
Resort Hotel,1,89,2016,April,17,17,2,5,2,0.0,0,BB,PRT,Online TA,TA/TO,0,0,0,A,A,0,No Deposit,240.0,0,Transient,58.0,0,2
Resort Hotel,1,206,2016,April,17,17,4,5,2,0.0,0,HB,PRT,Groups,Direct,0,0,0,D,D,1,Non Refund,273.0,0,Transient,50.85,0,0
Resort Hotel,0,185,2016,April,17,18,1,1,2,0.0,0,HB,DEU,Groups,TA/TO,0,0,0,A,A,1,No Deposit,298.0,0,Transient-Party,42.5,0,1
Resort Hotel,0,185,2016,April,17,18,1,1,2,0.0,0,HB,DEU,Groups,TA/TO,0,0,0,A,C,0,No Deposit,298.0,0,Transient-Party,85.0,0,0
Resort Hotel,1,185,2016,April,17,18,1,1,2,0.0,0,HB,PRT,Groups,TA/TO,0,0,0,A,A,0,No Deposit,298.0,0,Transient-Party,85.0,0,0
Resort Hotel,0,185,2016,April,17,18,1,1,2,0.0,0,HB,DEU,Groups,TA/TO,0,0,0,A,A,0,No Deposit,298.0,0,Transient-Party,85.0,0,0
Resort Hotel,0,185,2016,April,17,18,1,1,2,0.0,0,HB,DEU,Groups,TA/TO,0,0,0,A,A,0,No Deposit,298.0,0,Transient-Party,85.0,0,0
Resort Hotel,1,185,2016,April,17,18,1,1,2,0.0,0,HB,PRT,Groups,TA/TO,0,0,0,A,A,0,No Deposit,298.0,0,Transient-Party,86.0,0,0
Resort Hotel,1,185,2016,April,17,18,1,1,2,0.0,0,HB,PRT,Groups,TA/TO,0,0,0,A,A,0,No Deposit,298.0,0,Transient-Party,86.0,0,0
Resort Hotel,1,185,2016,April,17,18,1,1,2,0.0,0,HB,PRT,Groups,TA/TO,0,0,0,A,A,0,No Deposit,298.0,0,Transient-Party,86.0,0,0
Resort Hotel,0,185,2016,April,17,18,1,1,2,0.0,0,HB,DEU,Groups,TA/TO,0,0,0,A,A,0,No Deposit,298.0,0,Transient-Party,85.0,0,0
Resort Hotel,0,185,2016,April,17,18,1,1,2,0.0,0,HB,DEU,Groups,TA/TO,0,0,0,A,A,0,No Deposit,298.0,0,Transient-Party,85.0,0,0
Resort Hotel,0,185,2016,April,17,18,1,1,2,0.0,0,HB,DEU,Groups,TA/TO,0,0,0,A,C,0,No Deposit,298.0,0,Transient-Party,87.0,0,0
Resort Hotel,0,185,2016,April,17,18,1,1,2,0.0,0,HB,DEU,Groups,TA/TO,0,0,0,A,C,0,No Deposit,298.0,0,Transient-Party,85.0,0,0
Resort Hotel,0,185,2016,April,17,18,1,1,2,0.0,0,HB,DEU,Groups,TA/TO,0,0,0,A,C,0,No Deposit,298.0,0,Transient-Party,85.0,0,0
Resort Hotel,0,185,2016,April,17,18,1,1,2,0.0,0,SC,DEU,Groups,TA/TO,0,0,0,A,I,2,No Deposit,298.0,0,Transient-Party,0.0,0,0
Resort Hotel,0,185,2016,April,17,18,1,1,2,0.0,0,HB,DEU,Groups,TA/TO,0,0,0,A,A,0,No Deposit,298.0,0,Transient-Party,85.0,0,0
Resort Hotel,0,185,2016,April,17,18,1,1,2,0.0,0,HB,DEU,Groups,TA/TO,0,0,0,A,A,0,No Deposit,298.0,0,Transient-Party,85.0,0,0
Resort Hotel,0,185,2016,April,17,18,1,1,2,0.0,0,HB,DEU,Groups,TA/TO,0,0,0,A,C,0,No Deposit,298.0,0,Transient-Party,87.0,0,0
Resort Hotel,1,185,2016,April,17,18,1,1,2,0.0,0,HB,PRT,Groups,TA/TO,0,0,0,A,A,0,No Deposit,298.0,0,Transient-Party,86.0,0,0
Resort Hotel,1,185,2016,April,17,18,1,1,2,0.0,0,HB,PRT,Groups,TA/TO,0,0,0,A,A,0,No Deposit,298.0,0,Transient-Party,86.0,0,0
Resort Hotel,1,185,2016,April,17,18,1,1,2,0.0,0,HB,PRT,Groups,TA/TO,0,0,0,A,A,0,No Deposit,298.0,0,Transient-Party,86.0,0,0
Resort Hotel,1,185,2016,April,17,18,1,1,2,0.0,0,HB,PRT,Groups,TA/TO,0,0,0,A,A,0,No Deposit,298.0,0,Transient-Party,86.0,0,0
Resort Hotel,0,185,2016,April,17,18,1,1,2,0.0,0,HB,DEU,Groups,TA/TO,0,0,0,A,A,0,No Deposit,298.0,0,Transient-Party,85.0,0,0
Resort Hotel,0,185,2016,April,17,18,1,1,2,0.0,0,HB,DEU,Groups,TA/TO,0,0,0,A,C,0,No Deposit,298.0,0,Transient-Party,85.0,0,0
Resort Hotel,0,185,2016,April,17,18,1,1,2,0.0,0,HB,DEU,Groups,TA/TO,0,0,0,A,A,0,No Deposit,298.0,0,Transient-Party,85.0,0,0
Resort Hotel,0,185,2016,April,17,18,1,1,2,0.0,0,HB,DEU,Groups,TA/TO,0,0,0,A,A,0,No Deposit,298.0,0,Transient-Party,85.0,0,0
Resort Hotel,0,185,2016,April,17,18,1,1,2,0.0,0,HB,DEU,Groups,TA/TO,0,0,0,A,C,0,No Deposit,298.0,0,Transient-Party,87.0,0,0
Resort Hotel,1,185,2016,April,17,18,1,1,2,0.0,0,HB,PRT,Groups,TA/TO,0,0,0,A,A,0,No Deposit,298.0,0,Transient-Party,86.0,0,0
Resort Hotel,1,185,2016,April,17,18,1,1,2,0.0,0,HB,PRT,Groups,TA/TO,0,0,0,A,C,1,No Deposit,298.0,0,Transient-Party,86.0,0,0
Resort Hotel,0,185,2016,April,17,18,1,1,2,0.0,0,HB,DEU,Groups,TA/TO,0,0,0,A,A,0,No Deposit,298.0,0,Transient-Party,85.0,0,0
Resort Hotel,1,185,2016,April,17,18,1,1,2,0.0,0,HB,PRT,Groups,TA/TO,0,0,0,A,A,0,No Deposit,298.0,0,Transient-Party,86.0,0,0
Resort Hotel,1,185,2016,April,17,18,1,1,2,0.0,0,HB,PRT,Groups,TA/TO,0,0,0,A,A,0,No Deposit,298.0,0,Transient-Party,86.0,0,0
Resort Hotel,1,34,2016,April,17,18,1,2,2,0.0,0,BB,PRT,Online TA,TA/TO,0,0,0,E,E,0,No Deposit,242.0,0,Transient,85.0,0,0
Resort Hotel,1,49,2016,April,17,18,1,3,2,0.0,0,BB,PRT,Online TA,TA/TO,0,0,0,D,D,0,No Deposit,240.0,0,Transient,79.0,0,1
Resort Hotel,1,128,2016,April,17,18,1,4,2,0.0,0,BB,PRT,Online TA,TA/TO,0,0,0,A,A,0,No Deposit,240.0,0,Transient,52.2,0,0
Resort Hotel,1,114,2016,April,17,18,1,5,2,0.0,0,BB,PRT,Online TA,TA/TO,0,0,0,A,A,0,No Deposit,240.0,0,Transient,52.2,0,0
Resort Hotel,1,37,2016,April,17,18,2,5,2,0.0,0,BB,PRT,Offline TA/TO,TA/TO,0,0,0,E,E,0,No Deposit,6.0,0,Transient,63.0,0,0
Resort Hotel,0,172,2016,April,17,18,3,5,2,0.0,0,BB,GBR,Offline TA/TO,TA/TO,0,0,0,A,A,0,No Deposit,115.0,0,Transient,41.4,0,0
Resort Hotel,0,172,2016,April,17,18,3,5,2,0.0,0,HB,GBR,Offline TA/TO,TA/TO,0,0,0,A,A,0,No Deposit,147.0,0,Transient-Party,68.42,0,1
Resort Hotel,0,215,2016,April,17,18,3,7,2,0.0,0,BB,IRL,Direct,Direct,0,0,0,D,D,0,No Deposit,250.0,0,Transient-Party,62.05,0,2
Resort Hotel,0,215,2016,April,17,18,3,7,2,0.0,0,BB,IRL,Direct,Direct,0,0,0,D,D,0,No Deposit,250.0,0,Transient-Party,62.05,0,2
Resort Hotel,1,32,2016,April,17,19,0,1,2,0.0,0,BB,PRT,Corporate,Corporate,0,0,0,A,A,0,No Deposit,,0,Transient-Party,59.0,0,0
Resort Hotel,0,162,2016,April,17,19,0,3,2,0.0,0,HB,POL,Offline TA/TO,TA/TO,0,0,0,D,D,0,No Deposit,314.0,0,Transient,78.56,0,0
Resort Hotel,1,92,2016,April,17,19,0,4,2,0.0,0,BB,PRT,Offline TA/TO,TA/TO,0,0,0,D,D,0,No Deposit,6.0,0,Transient,52.2,0,0
Resort Hotel,1,40,2016,April,17,19,0,5,2,0.0,0,BB,IRL,Online TA,TA/TO,0,0,0,E,E,0,No Deposit,240.0,0,Transient,85.0,0,0
Resort Hotel,1,208,2016,April,17,19,2,5,2,0.0,0,HB,PRT,Groups,Direct,0,0,0,E,E,0,Non Refund,273.0,0,Transient,60.3,0,0
Resort Hotel,1,208,2016,April,17,19,2,5,2,0.0,0,HB,PRT,Groups,Direct,0,0,0,D,D,0,Non Refund,273.0,0,Transient,50.85,0,0
Resort Hotel,1,32,2016,April,17,19,2,5,2,0.0,0,HB,PRT,Groups,Direct,0,0,0,D,D,0,No Deposit,273.0,0,Transient-Party,69.36,0,0
Resort Hotel,1,32,2016,April,17,19,2,5,2,0.0,0,HB,PRT,Groups,Direct,0,0,0,D,D,0,No Deposit,273.0,0,Transient-Party,69.36,0,0
Resort Hotel,1,133,2016,April,17,19,2,5,2,0.0,0,BB,PRT,Online TA,TA/TO,0,0,0,A,A,0,No Deposit,240.0,0,Transient,52.2,0,2
Resort Hotel,1,91,2016,April,17,19,0,4,2,0.0,0,BB,PRT,Offline TA/TO,TA/TO,0,0,0,D,D,0,No Deposit,196.0,0,Transient,53.1,0,0
Resort Hotel,1,32,2016,April,17,19,2,5,2,0.0,0,HB,PRT,Groups,Direct,0,0,0,D,D,0,No Deposit,273.0,0,Transient-Party,69.36,0,0
Resort Hotel,1,32,2016,April,17,19,2,5,2,0.0,0,HB,PRT,Groups,Direct,0,0,0,D,D,0,No Deposit,273.0,0,Transient-Party,69.36,0,0
Resort Hotel,1,32,2016,April,17,19,2,5,2,0.0,0,HB,PRT,Groups,Direct,0,0,0,D,D,0,No Deposit,273.0,0,Transient-Party,69.36,0,0
Resort Hotel,1,32,2016,April,17,19,2,5,2,0.0,0,HB,PRT,Groups,Direct,0,0,0,D,D,0,No Deposit,273.0,0,Transient-Party,69.36,0,0
Resort Hotel,1,208,2016,April,17,19,2,5,2,0.0,0,HB,PRT,Groups,Direct,0,0,0,D,D,0,Non Refund,273.0,0,Transient,50.85,0,0
Resort Hotel,1,32,2016,April,17,19,2,5,2,0.0,0,HB,PRT,Groups,Direct,0,0,0,D,D,0,No Deposit,273.0,0,Transient-Party,69.36,0,0
Resort Hotel,1,32,2016,April,17,19,2,5,2,0.0,0,HB,PRT,Groups,Direct,0,0,0,D,D,0,No Deposit,273.0,0,Transient-Party,69.36,0,0
Resort Hotel,1,96,2016,April,17,19,2,5,2,0.0,0,HB,PRT,Groups,Direct,0,0,0,D,D,0,Non Refund,273.0,0,Transient,50.85,0,0
Resort Hotel,1,208,2016,April,17,19,2,5,2,0.0,0,HB,PRT,Groups,Direct,0,0,0,E,E,0,Non Refund,273.0,0,Transient,60.3,0,0
Resort Hotel,1,208,2016,April,17,19,2,5,2,0.0,0,HB,PRT,Groups,Direct,0,0,0,E,E,0,Non Refund,273.0,0,Transient,86.29,0,0
Resort Hotel,1,32,2016,April,17,19,2,5,2,0.0,0,HB,PRT,Groups,Direct,0,0,0,D,D,0,No Deposit,273.0,0,Transient-Party,69.36,0,0
Resort Hotel,1,32,2016,April,17,19,2,5,2,0.0,0,HB,PRT,Groups,Direct,0,0,0,D,D,0,No Deposit,273.0,0,Transient-Party,69.36,0,0
Resort Hotel,1,208,2016,April,17,19,2,5,2,0.0,0,HB,PRT,Groups,Direct,0,0,0,E,E,0,Non Refund,273.0,0,Transient,60.3,0,0
Resort Hotel,1,208,2016,April,17,19,2,5,2,0.0,0,HB,PRT,Groups,Direct,0,0,0,D,D,0,Non Refund,273.0,0,Transient,50.85,0,0
Resort Hotel,1,208,2016,April,17,19,2,5,2,0.0,0,HB,PRT,Groups,Direct,0,0,0,E,E,1,Non Refund,273.0,0,Transient-Party,60.3,0,0
Resort Hotel,1,90,2016,April,17,19,4,10,2,0.0,0,HB,PRT,Online TA,TA/TO,0,0,0,A,A,0,No Deposit,240.0,0,Transient,90.14,0,2
Resort Hotel,1,6,2016,April,17,21,0,1,2,0.0,0,BB,PRT,Direct,Direct,0,0,0,D,D,0,No Deposit,,0,Transient,73.0,0,0
Resort Hotel,1,66,2016,April,17,21,0,2,2,0.0,0,BB,PRT,Online TA,TA/TO,0,0,0,E,E,0,No Deposit,240.0,0,Transient,88.0,0,1
Resort Hotel,1,66,2016,April,17,21,0,2,2,0.0,0,BB,PRT,Online TA,TA/TO,0,0,0,E,E,0,No Deposit,240.0,0,Transient,94.0,0,1
Resort Hotel,0,206,2016,April,17,21,0,3,2,0.0,0,BB,ITA,Online TA,TA/TO,0,0,0,A,A,1,No Deposit,240.0,0,Transient-Party,52.98,1,2
Resort Hotel,0,206,2016,April,17,21,0,3,2,0.0,0,BB,ITA,Online TA,TA/TO,0,0,0,A,A,1,No Deposit,240.0,0,Transient-Party,46.98,0,2
Resort Hotel,1,116,2016,April,17,21,2,3,2,0.0,0,BB,PRT,Online TA,TA/TO,0,0,0,A,A,0,No Deposit,240.0,0,Transient,68.0,0,0
Resort Hotel,0,168,2016,April,17,21,2,5,2,0.0,0,BB,GBR,Offline TA/TO,TA/TO,0,0,0,E,E,0,No Deposit,40.0,0,Transient,58.95,0,0
Resort Hotel,1,93,2016,April,17,21,2,5,2,0.0,0,BB,PRT,Online TA,TA/TO,0,0,0,A,A,0,No Deposit,240.0,0,Transient,88.0,0,1
Resort Hotel,1,57,2016,April,17,22,0,2,2,0.0,0,BB,PRT,Online TA,TA/TO,0,0,0,D,D,0,No Deposit,240.0,0,Transient,95.0,0,0
Resort Hotel,0,191,2016,April,17,22,1,2,2,0.0,0,Undefined,PRT,Offline TA/TO,TA/TO,0,0,0,A,A,1,No Deposit,,0,Transient-Party,85.33,0,0
Resort Hotel,0,191,2016,April,17,22,1,2,2,0.0,0,Undefined,PRT,Offline TA/TO,TA/TO,0,0,0,A,A,1,No Deposit,,0,Transient-Party,85.33,0,0
Resort Hotel,0,191,2016,April,17,22,1,2,2,0.0,0,Undefined,PRT,Offline TA/TO,TA/TO,0,0,0,A,A,1,No Deposit,,0,Transient-Party,85.33,0,0
Resort Hotel,0,191,2016,April,17,22,1,2,2,0.0,0,Undefined,PRT,Offline TA/TO,TA/TO,0,0,0,A,C,1,No Deposit,,0,Transient-Party,85.33,0,0
Resort Hotel,0,191,2016,April,17,22,1,2,2,0.0,0,Undefined,PRT,Offline TA/TO,TA/TO,0,0,0,A,A,1,No Deposit,,0,Transient-Party,85.33,0,0
Resort Hotel,0,191,2016,April,17,22,1,2,2,0.0,0,Undefined,PRT,Offline TA/TO,TA/TO,0,0,0,A,A,1,No Deposit,,0,Transient-Party,85.33,0,0
Resort Hotel,0,191,2016,April,17,22,1,2,2,0.0,0,Undefined,PRT,Offline TA/TO,TA/TO,0,0,0,A,A,2,No Deposit,,0,Transient-Party,85.33,0,1
Resort Hotel,0,191,2016,April,17,22,1,2,2,0.0,0,Undefined,PRT,Offline TA/TO,TA/TO,0,0,0,A,A,1,No Deposit,,0,Transient-Party,85.33,0,1
Resort Hotel,0,191,2016,April,17,22,1,2,2,0.0,0,Undefined,PRT,Offline TA/TO,TA/TO,0,0,0,A,A,1,No Deposit,,0,Transient-Party,85.33,0,1
Resort Hotel,0,191,2016,April,17,22,1,2,2,0.0,0,Undefined,PRT,Offline TA/TO,TA/TO,0,0,0,A,A,1,No Deposit,,0,Transient-Party,85.33,0,1
Resort Hotel,0,191,2016,April,17,22,1,2,2,0.0,0,Undefined,PRT,Offline TA/TO,TA/TO,0,0,0,A,A,1,No Deposit,,0,Transient-Party,85.33,0,0
Resort Hotel,0,191,2016,April,17,22,1,2,2,0.0,0,Undefined,PRT,Offline TA/TO,TA/TO,0,0,0,A,A,1,No Deposit,,0,Transient-Party,85.33,0,0
Resort Hotel,0,191,2016,April,17,22,1,2,2,0.0,0,Undefined,PRT,Offline TA/TO,TA/TO,0,0,0,A,A,1,No Deposit,,0,Transient-Party,85.33,0,0
Resort Hotel,0,191,2016,April,17,22,1,2,2,0.0,0,Undefined,PRT,Offline TA/TO,TA/TO,0,0,0,A,A,1,No Deposit,,0,Transient,85.33,0,0
Resort Hotel,0,191,2016,April,17,22,1,2,2,0.0,0,Undefined,PRT,Offline TA/TO,TA/TO,0,0,0,A,A,1,No Deposit,,0,Transient-Party,85.33,0,1
Resort Hotel,0,191,2016,April,17,22,1,2,2,0.0,0,Undefined,PRT,Offline TA/TO,TA/TO,0,0,0,A,A,1,No Deposit,,0,Transient-Party,85.33,0,0
Resort Hotel,0,191,2016,April,17,22,1,2,2,0.0,0,Undefined,PRT,Offline TA/TO,TA/TO,0,0,0,A,A,1,No Deposit,,0,Transient-Party,85.33,0,0
Resort Hotel,0,191,2016,April,17,22,1,2,2,0.0,0,Undefined,PRT,Offline TA/TO,TA/TO,0,0,0,A,A,1,No Deposit,,0,Transient-Party,85.33,0,0
Resort Hotel,1,191,2016,April,17,22,1,2,2,0.0,0,FB,PRT,Offline TA/TO,TA/TO,0,0,0,A,C,2,No Deposit,,0,Transient-Party,92.0,0,0
Resort Hotel,1,92,2016,April,17,22,1,2,2,0.0,0,BB,PRT,Online TA,TA/TO,0,0,0,A,A,0,No Deposit,240.0,0,Transient,68.0,0,0
Resort Hotel,0,191,2016,April,17,22,1,2,2,0.0,0,Undefined,PRT,Offline TA/TO,TA/TO,0,0,0,A,A,1,No Deposit,,0,Transient-Party,85.33,0,0
Resort Hotel,0,191,2016,April,17,22,1,2,2,0.0,0,Undefined,PRT,Offline TA/TO,TA/TO,0,0,0,A,A,1,No Deposit,,0,Transient-Party,85.33,0,0
Resort Hotel,0,191,2016,April,17,22,1,2,2,0.0,0,Undefined,PRT,Offline TA/TO,TA/TO,0,0,0,A,A,1,No Deposit,,0,Transient-Party,85.33,0,0
Resort Hotel,0,191,2016,April,17,22,1,2,2,0.0,0,Undefined,PRT,Offline TA/TO,TA/TO,0,0,0,A,A,1,No Deposit,,0,Transient,85.33,0,0
Resort Hotel,0,191,2016,April,17,22,1,2,2,0.0,0,Undefined,PRT,Offline TA/TO,TA/TO,0,0,0,A,A,1,No Deposit,,0,Transient-Party,85.33,0,1
Resort Hotel,0,191,2016,April,17,22,1,2,2,0.0,0,Undefined,PRT,Offline TA/TO,TA/TO,0,0,0,A,A,1,No Deposit,,0,Transient-Party,85.33,0,0
Resort Hotel,0,191,2016,April,17,22,1,2,2,0.0,0,Undefined,PRT,Offline TA/TO,TA/TO,0,0,0,A,A,1,No Deposit,,0,Transient-Party,85.33,0,0
Resort Hotel,1,191,2016,April,17,22,1,2,2,0.0,0,FB,PRT,Offline TA/TO,TA/TO,0,0,0,A,A,1,No Deposit,,0,Transient-Party,92.0,0,0
Resort Hotel,1,83,2016,April,17,22,2,5,2,0.0,0,BB,PRT,Groups,TA/TO,0,0,0,A,A,0,Non Refund,71.0,0,Transient,46.0,0,0
Resort Hotel,1,83,2016,April,17,22,2,5,2,0.0,0,BB,PRT,Groups,TA/TO,0,0,0,D,D,0,Non Refund,71.0,0,Transient,58.0,0,0
Resort Hotel,1,83,2016,April,17,22,2,5,2,0.0,0,BB,PRT,Groups,TA/TO,0,0,0,A,A,0,Non Refund,71.0,0,Transient,46.0,0,0
Resort Hotel,1,83,2016,April,17,22,2,5,2,0.0,0,BB,PRT,Groups,TA/TO,0,0,0,D,D,0,Non Refund,71.0,0,Transient,58.0,0,0
Resort Hotel,1,83,2016,April,17,22,2,5,2,0.0,0,BB,PRT,Groups,TA/TO,0,0,0,D,D,0,Non Refund,71.0,0,Transient,58.0,0,0
Resort Hotel,1,83,2016,April,17,22,2,5,2,0.0,0,BB,PRT,Groups,TA/TO,0,0,0,E,E,0,Non Refund,71.0,0,Transient,70.0,0,0
Resort Hotel,1,42,2016,April,17,22,2,5,2,0.0,0,BB,PRT,Online TA,TA/TO,0,0,0,D,D,0,No Deposit,240.0,0,Transient,71.0,0,0
Resort Hotel,1,83,2016,April,17,22,2,5,2,0.0,0,BB,PRT,Groups,TA/TO,0,0,0,D,D,0,Non Refund,71.0,0,Transient,58.0,0,0
Resort Hotel,1,83,2016,April,17,22,2,5,2,0.0,0,BB,PRT,Groups,TA/TO,0,0,0,D,D,0,Non Refund,71.0,0,Transient,58.0,0,0
Resort Hotel,1,83,2016,April,17,22,2,5,2,0.0,0,BB,PRT,Groups,TA/TO,0,0,0,A,A,0,Non Refund,71.0,0,Transient,46.0,0,0
Resort Hotel,1,80,2016,April,17,22,2,5,2,0.0,0,BB,PRT,Groups,TA/TO,0,0,0,A,A,0,Non Refund,71.0,0,Transient,46.0,0,0
Resort Hotel,1,83,2016,April,17,22,2,5,2,0.0,0,BB,PRT,Groups,TA/TO,0,0,0,A,A,0,Non Refund,71.0,0,Transient,46.0,0,0
Resort Hotel,1,83,2016,April,17,22,2,5,2,0.0,0,BB,PRT,Groups,TA/TO,0,0,0,D,D,0,Non Refund,71.0,0,Transient,58.0,0,0
Resort Hotel,1,83,2016,April,17,22,2,5,2,0.0,0,BB,PRT,Groups,TA/TO,0,0,0,D,D,0,Non Refund,71.0,0,Transient,58.0,0,0
Resort Hotel,0,41,2016,April,17,22,2,5,2,0.0,0,FB,PRT,Online TA,TA/TO,0,0,0,E,I,1,No Deposit,,0,Transient,122.0,0,1
Resort Hotel,1,83,2016,April,17,22,2,5,2,0.0,0,BB,PRT,Groups,TA/TO,0,0,0,A,A,0,Non Refund,71.0,0,Transient,46.0,0,0
Resort Hotel,1,83,2016,April,17,22,2,5,2,0.0,0,BB,PRT,Groups,TA/TO,0,0,0,E,E,0,Non Refund,71.0,0,Transient,70.0,0,0
Resort Hotel,1,83,2016,April,17,22,2,5,2,0.0,0,BB,PRT,Groups,TA/TO,0,0,0,A,A,0,Non Refund,71.0,0,Transient,46.0,0,0
Resort Hotel,1,83,2016,April,17,22,2,5,2,0.0,0,BB,PRT,Groups,TA/TO,0,0,0,A,A,0,Non Refund,71.0,0,Transient,46.0,0,0
Resort Hotel,1,83,2016,April,17,22,2,5,2,0.0,0,BB,PRT,Groups,TA/TO,0,0,0,E,E,0,Non Refund,71.0,0,Transient,70.0,0,0
Resort Hotel,1,35,2016,April,17,23,0,1,2,0.0,0,BB,PRT,Online TA,TA/TO,0,0,0,D,D,0,No Deposit,240.0,0,Transient,75.0,0,0
Resort Hotel,0,197,2016,April,17,23,1,1,2,0.0,0,BB,PRT,Direct,Direct,0,0,0,A,A,0,No Deposit,,0,Transient,49.3,0,0
Resort Hotel,1,106,2016,April,17,23,1,1,2,0.0,0,BB,PRT,Online TA,TA/TO,0,0,0,A,A,0,No Deposit,240.0,0,Transient,52.2,0,0
Resort Hotel,1,61,2016,April,17,23,1,1,2,0.0,0,BB,PRT,Online TA,TA/TO,0,0,0,D,D,0,No Deposit,240.0,0,Transient,73.0,0,1
Resort Hotel,1,52,2016,April,17,23,1,1,2,0.0,0,BB,PRT,Online TA,TA/TO,0,0,0,D,D,0,No Deposit,240.0,0,Transient,80.0,0,1
Resort Hotel,1,27,2016,April,17,23,2,1,2,0.0,0,BB,PRT,Online TA,TA/TO,0,0,0,E,E,0,No Deposit,240.0,0,Transient,85.0,0,0
Resort Hotel,1,36,2016,April,17,23,2,1,2,0.0,0,BB,ESP,Online TA,TA/TO,0,0,0,E,E,0,No Deposit,240.0,0,Transient,85.33,0,0
Resort Hotel,1,21,2016,April,17,23,2,3,2,0.0,0,BB,PRT,Online TA,TA/TO,0,0,0,D,D,0,No Deposit,242.0,0,Transient,79.0,0,0
Resort Hotel,1,98,2016,April,17,23,2,3,2,0.0,0,BB,PRT,Online TA,TA/TO,0,0,0,D,D,0,No Deposit,240.0,0,Transient,73.0,0,1
Resort Hotel,1,106,2016,April,17,23,2,2,2,0.0,0,BB,PRT,Online TA,TA/TO,0,0,0,A,A,0,No Deposit,240.0,0,Transient,52.2,0,0
Resort Hotel,1,229,2016,April,17,23,2,4,2,0.0,0,BB,PRT,Offline TA/TO,TA/TO,0,0,0,D,D,0,No Deposit,177.0,0,Transient,52.2,0,1
Resort Hotel,0,218,2016,April,17,23,2,5,2,0.0,0,BB,IRL,Offline TA/TO,TA/TO,0,0,0,A,A,0,No Deposit,156.0,0,Transient,40.76,0,0
Resort Hotel,0,222,2016,April,17,23,2,5,2,0.0,0,BB,IRL,Offline TA/TO,TA/TO,0,0,0,A,A,2,No Deposit,156.0,0,Transient,41.33,0,2
Resort Hotel,1,103,2016,April,17,23,4,6,2,0.0,0,BB,PRT,Online TA,TA/TO,0,0,0,A,A,0,No Deposit,240.0,0,Transient,68.0,0,0
Resort Hotel,1,95,2016,April,17,23,4,10,2,0.0,0,BB,PRT,Groups,TA/TO,0,0,0,A,A,0,No Deposit,95.0,0,Transient-Party,47.0,0,0
Resort Hotel,1,95,2016,April,17,23,4,10,2,0.0,0,BB,PRT,Groups,TA/TO,0,0,0,A,A,0,No Deposit,95.0,0,Transient-Party,8.0,0,0
Resort Hotel,1,95,2016,April,17,23,4,10,2,0.0,0,BB,PRT,Groups,TA/TO,0,0,0,A,A,0,No Deposit,95.0,0,Transient-Party,47.0,0,0
Resort Hotel,1,95,2016,April,17,23,4,10,2,0.0,0,BB,PRT,Groups,TA/TO,0,0,0,A,A,0,No Deposit,95.0,0,Transient-Party,47.0,0,0
Resort Hotel,1,9,2016,April,18,24,1,0,2,0.0,0,BB,PRT,Direct,Direct,0,0,0,D,D,0,No Deposit,250.0,0,Transient,81.0,0,0
Resort Hotel,1,143,2016,April,18,24,2,2,2,0.0,0,FB,PRT,Groups,TA/TO,0,0,0,A,A,0,Non Refund,68.0,0,Transient,84.0,0,0
Resort Hotel,1,143,2016,April,18,24,2,2,2,0.0,0,FB,PRT,Groups,TA/TO,0,0,0,A,A,0,Non Refund,68.0,0,Transient,84.0,0,0
Resort Hotel,1,143,2016,April,18,24,2,2,2,0.0,0,FB,PRT,Groups,TA/TO,0,0,0,A,A,0,Non Refund,68.0,0,Transient,84.0,0,0
Resort Hotel,1,143,2016,April,18,24,2,2,2,0.0,0,FB,PRT,Groups,TA/TO,0,0,0,A,A,0,Non Refund,68.0,0,Transient,84.0,0,0
Resort Hotel,1,143,2016,April,18,24,2,2,2,0.0,0,FB,PRT,Groups,TA/TO,0,0,0,A,A,0,Non Refund,68.0,0,Transient,84.0,0,0
Resort Hotel,1,143,2016,April,18,24,2,2,2,0.0,0,FB,PRT,Groups,TA/TO,0,0,0,A,A,0,Non Refund,68.0,0,Transient,84.0,0,0
Resort Hotel,1,143,2016,April,18,24,2,2,2,0.0,0,FB,PRT,Groups,TA/TO,0,0,0,A,A,0,Non Refund,68.0,0,Transient,84.0,0,0
Resort Hotel,1,143,2016,April,18,24,2,2,2,0.0,0,FB,PRT,Groups,TA/TO,0,0,0,A,A,0,Non Refund,68.0,0,Transient,84.0,0,0
Resort Hotel,1,143,2016,April,18,24,2,2,2,0.0,0,FB,PRT,Groups,TA/TO,0,0,0,A,A,0,Non Refund,68.0,0,Transient,84.0,0,0
Resort Hotel,1,143,2016,April,18,24,2,2,2,0.0,0,FB,PRT,Groups,TA/TO,0,0,0,A,A,0,Non Refund,68.0,0,Transient,84.0,0,0
Resort Hotel,1,143,2016,April,18,24,2,2,2,0.0,0,FB,PRT,Groups,TA/TO,0,0,0,A,A,0,Non Refund,68.0,0,Transient,84.0,0,0
Resort Hotel,1,143,2016,April,18,24,2,2,2,0.0,0,FB,PRT,Groups,TA/TO,0,0,0,A,A,0,Non Refund,68.0,0,Transient,84.0,0,0
Resort Hotel,1,143,2016,April,18,24,2,2,2,0.0,0,FB,PRT,Groups,TA/TO,0,0,0,A,A,0,Non Refund,68.0,0,Transient,84.0,0,0
Resort Hotel,1,143,2016,April,18,24,2,2,2,0.0,0,FB,PRT,Groups,TA/TO,0,0,0,A,A,0,Non Refund,68.0,0,Transient,84.0,0,0
Resort Hotel,1,143,2016,April,18,24,2,2,2,0.0,0,FB,PRT,Groups,TA/TO,0,0,0,A,A,0,Non Refund,68.0,0,Transient,84.0,0,0
Resort Hotel,1,143,2016,April,18,24,2,2,2,0.0,0,FB,PRT,Groups,TA/TO,0,0,0,A,A,0,Non Refund,68.0,0,Transient,84.0,0,0
Resort Hotel,1,143,2016,April,18,24,2,2,2,0.0,0,FB,PRT,Groups,TA/TO,0,0,0,A,A,0,Non Refund,68.0,0,Transient,84.0,0,0
Resort Hotel,1,143,2016,April,18,24,2,2,2,0.0,0,FB,PRT,Groups,TA/TO,0,0,0,A,A,0,Non Refund,68.0,0,Transient,84.0,0,0
Resort Hotel,1,143,2016,April,18,24,2,2,2,0.0,0,FB,PRT,Groups,TA/TO,0,0,0,A,A,0,Non Refund,68.0,0,Transient,84.0,0,0
Resort Hotel,1,143,2016,April,18,24,2,2,2,0.0,0,FB,PRT,Groups,TA/TO,0,0,0,A,A,0,Non Refund,68.0,0,Transient,84.0,0,0
Resort Hotel,1,143,2016,April,18,24,2,2,2,0.0,0,FB,PRT,Groups,TA/TO,0,0,0,A,A,0,Non Refund,68.0,0,Transient,84.0,0,0
Resort Hotel,1,143,2016,April,18,24,2,2,2,0.0,0,FB,PRT,Groups,TA/TO,0,0,0,A,A,0,Non Refund,68.0,0,Transient,84.0,0,0
Resort Hotel,1,143,2016,April,18,24,2,2,2,0.0,0,FB,PRT,Groups,TA/TO,0,0,0,A,A,0,Non Refund,68.0,0,Transient,84.0,0,0
Resort Hotel,1,143,2016,April,18,24,2,2,2,0.0,0,FB,PRT,Groups,TA/TO,0,0,0,A,A,0,Non Refund,68.0,0,Transient,84.0,0,0
Resort Hotel,1,143,2016,April,18,24,2,2,2,0.0,0,FB,PRT,Groups,TA/TO,0,0,0,A,A,0,Non Refund,68.0,0,Transient,84.0,0,0
Resort Hotel,1,89,2016,April,18,24,2,5,2,0.0,0,BB,PRT,Offline TA/TO,TA/TO,0,0,0,D,D,0,No Deposit,95.0,0,Transient,52.2,0,0
Resort Hotel,0,167,2016,April,18,24,2,5,2,0.0,0,BB,GBR,Offline TA/TO,TA/TO,0,0,0,E,E,0,No Deposit,40.0,0,Transient,56.95,0,0
Resort Hotel,1,98,2016,April,18,25,1,0,2,0.0,0,BB,PRT,Online TA,TA/TO,0,0,0,A,A,0,No Deposit,240.0,0,Transient,58.0,0,1
Resort Hotel,1,53,2016,April,18,25,1,2,2,0.0,0,BB,PRT,Online TA,TA/TO,0,0,0,A,A,0,No Deposit,240.0,0,Transient,58.0,0,1
Resort Hotel,1,138,2016,April,18,25,1,2,2,0.0,0,BB,PRT,Groups,TA/TO,0,0,0,E,E,0,Non Refund,,0,Transient,65.0,0,0
Resort Hotel,1,138,2016,April,18,25,1,2,2,0.0,0,BB,PRT,Groups,TA/TO,0,0,0,E,E,0,Non Refund,,0,Transient,65.0,0,0
Resort Hotel,1,138,2016,April,18,25,1,2,2,0.0,0,BB,PRT,Groups,TA/TO,0,0,0,E,E,0,Non Refund,,0,Transient,65.0,0,0
Resort Hotel,1,138,2016,April,18,25,1,2,2,0.0,0,BB,PRT,Groups,TA/TO,0,0,0,E,E,0,Non Refund,,0,Transient,65.0,0,0
Resort Hotel,1,138,2016,April,18,25,1,2,2,0.0,0,BB,PRT,Groups,TA/TO,0,0,0,E,E,0,Non Refund,,0,Transient,65.0,0,0
Resort Hotel,1,138,2016,April,18,25,1,2,2,0.0,0,BB,PRT,Groups,TA/TO,0,0,0,E,E,0,Non Refund,,0,Transient,65.0,0,0
Resort Hotel,1,138,2016,April,18,25,1,2,2,0.0,0,BB,PRT,Groups,TA/TO,0,0,0,E,E,0,Non Refund,,0,Transient,65.0,0,0
Resort Hotel,1,138,2016,April,18,25,1,2,2,0.0,0,BB,PRT,Groups,TA/TO,0,0,0,E,E,0,Non Refund,,0,Transient,65.0,0,0
Resort Hotel,1,138,2016,April,18,25,1,2,2,0.0,0,BB,PRT,Groups,TA/TO,0,0,0,E,E,0,Non Refund,,0,Transient,65.0,0,0
Resort Hotel,1,138,2016,April,18,25,1,2,2,0.0,0,BB,PRT,Groups,TA/TO,0,0,0,E,E,0,Non Refund,,0,Transient,65.0,0,0
Resort Hotel,1,138,2016,April,18,25,1,2,2,0.0,0,BB,PRT,Groups,TA/TO,0,0,0,E,E,0,Non Refund,,0,Transient,65.0,0,0
Resort Hotel,1,138,2016,April,18,25,1,2,2,0.0,0,BB,PRT,Groups,TA/TO,0,0,0,E,E,0,Non Refund,,0,Transient,65.0,0,0
Resort Hotel,1,138,2016,April,18,25,1,2,2,0.0,0,BB,PRT,Groups,TA/TO,0,0,0,E,E,0,Non Refund,,0,Transient,65.0,0,0
Resort Hotel,1,13,2016,April,18,25,1,2,2,0.0,0,BB,PRT,Corporate,Corporate,0,0,0,E,E,0,No Deposit,,0,Transient,85.0,0,0
Resort Hotel,1,138,2016,April,18,25,1,2,2,0.0,0,BB,PRT,Groups,TA/TO,0,0,0,E,E,0,Non Refund,,0,Transient,65.0,0,0
Resort Hotel,1,138,2016,April,18,25,1,2,2,0.0,0,BB,PRT,Groups,TA/TO,0,0,0,E,E,0,Non Refund,,0,Transient,65.0,0,0
Resort Hotel,1,138,2016,April,18,25,1,2,2,0.0,0,BB,PRT,Groups,TA/TO,0,0,0,E,E,0,Non Refund,,0,Transient,65.0,0,0
Resort Hotel,1,138,2016,April,18,25,1,2,2,0.0,0,BB,PRT,Groups,TA/TO,0,0,0,E,E,0,Non Refund,,0,Transient,65.0,0,0
Resort Hotel,1,138,2016,April,18,25,1,2,2,0.0,0,BB,PRT,Groups,TA/TO,0,0,0,E,E,0,Non Refund,,0,Transient,65.0,0,0
Resort Hotel,1,138,2016,April,18,25,1,2,2,0.0,0,BB,PRT,Groups,TA/TO,0,0,0,E,E,0,Non Refund,,0,Transient,65.0,0,0
Resort Hotel,1,138,2016,April,18,25,1,2,2,0.0,0,BB,PRT,Groups,TA/TO,0,0,0,E,E,0,Non Refund,,0,Transient,65.0,0,0
Resort Hotel,1,18,2016,April,18,25,1,3,2,0.0,0,BB,FIN,Online TA,TA/TO,0,0,0,E,E,0,No Deposit,240.0,0,Transient,85.0,0,0
Resort Hotel,1,110,2016,April,18,25,1,3,2,0.0,0,BB,PRT,Online TA,TA/TO,0,0,0,A,A,0,No Deposit,240.0,0,Transient,52.2,0,1
Resort Hotel,1,27,2016,April,18,25,1,3,2,0.0,0,BB,IRL,Online TA,TA/TO,0,0,0,E,E,0,No Deposit,240.0,0,Transient,85.0,0,0
Resort Hotel,1,56,2016,April,18,25,1,3,2,0.0,0,BB,PRT,Offline TA/TO,TA/TO,0,0,0,A,A,0,No Deposit,,0,Transient-Party,47.0,0,1
Resort Hotel,1,13,2016,April,18,25,1,4,2,0.0,0,BB,PRT,Corporate,Corporate,0,0,0,E,E,0,No Deposit,,0,Transient,85.0,0,0
Resort Hotel,1,93,2016,April,18,25,2,5,2,0.0,0,BB,PRT,Online TA,TA/TO,0,0,0,D,D,0,No Deposit,240.0,0,Transient,73.57,0,1
Resort Hotel,1,13,2016,April,18,25,9,24,2,0.0,0,BB,PRT,Corporate,Corporate,0,0,0,D,D,0,No Deposit,,0,Transient,77.0,0,0
Resort Hotel,1,56,2016,April,18,25,1,3,2,0.0,0,BB,PRT,Offline TA/TO,TA/TO,0,0,0,A,A,0,No Deposit,,0,Transient-Party,47.0,0,1
Resort Hotel,1,3,2016,April,18,26,0,1,2,0.0,0,BB,PRT,Online TA,TA/TO,0,0,0,A,A,0,No Deposit,240.0,0,Transient,59.0,0,0
Resort Hotel,0,189,2016,April,18,26,0,2,2,0.0,0,BB,FRA,Groups,TA/TO,0,0,0,A,A,0,No Deposit,248.0,0,Transient,46.0,0,0
Resort Hotel,1,189,2016,April,18,26,0,2,2,0.0,0,BB,PRT,Groups,TA/TO,0,0,0,A,A,0,No Deposit,248.0,0,Transient-Party,46.0,0,0
Resort Hotel,1,189,2016,April,18,26,0,2,2,0.0,0,BB,PRT,Groups,TA/TO,0,0,0,A,A,0,No Deposit,248.0,0,Transient-Party,46.0,0,0
Resort Hotel,1,189,2016,April,18,26,0,2,2,0.0,0,BB,PRT,Groups,TA/TO,0,0,0,A,A,0,No Deposit,248.0,0,Transient-Party,46.0,0,0
Resort Hotel,1,189,2016,April,18,26,0,2,2,0.0,0,BB,PRT,Groups,TA/TO,0,0,0,A,A,0,No Deposit,248.0,0,Transient-Party,46.0,0,0
Resort Hotel,1,189,2016,April,18,26,0,2,2,0.0,0,BB,PRT,Groups,TA/TO,0,0,0,A,A,0,No Deposit,248.0,0,Transient-Party,46.0,0,0
Resort Hotel,1,189,2016,April,18,26,0,2,2,0.0,0,BB,PRT,Groups,TA/TO,0,0,0,A,A,0,No Deposit,248.0,0,Transient-Party,46.0,0,0
Resort Hotel,1,189,2016,April,18,26,0,2,2,0.0,0,BB,PRT,Groups,TA/TO,0,0,0,A,A,0,No Deposit,248.0,0,Transient-Party,46.0,0,0
Resort Hotel,1,189,2016,April,18,26,0,2,2,0.0,0,BB,PRT,Groups,TA/TO,0,0,0,A,A,0,No Deposit,248.0,0,Transient-Party,46.0,0,0
Resort Hotel,0,189,2016,April,18,26,0,2,2,0.0,0,BB,FRA,Groups,TA/TO,0,0,0,A,A,0,No Deposit,248.0,0,Transient-Party,46.0,0,0
Resort Hotel,1,189,2016,April,18,26,0,2,2,0.0,0,BB,PRT,Groups,TA/TO,0,0,0,A,A,0,No Deposit,248.0,0,Transient-Party,46.0,0,0
Resort Hotel,1,189,2016,April,18,26,0,2,2,0.0,0,BB,PRT,Groups,TA/TO,0,0,0,A,A,0,No Deposit,248.0,0,Transient-Party,46.0,0,0
Resort Hotel,1,189,2016,April,18,26,0,2,2,0.0,0,BB,PRT,Groups,TA/TO,0,0,0,A,A,0,No Deposit,248.0,0,Transient-Party,46.0,0,0
Resort Hotel,1,189,2016,April,18,26,0,2,2,0.0,0,BB,PRT,Groups,TA/TO,0,0,0,A,A,0,No Deposit,248.0,0,Transient-Party,46.0,0,0
Resort Hotel,1,189,2016,April,18,26,0,2,2,0.0,0,BB,PRT,Groups,TA/TO,0,0,0,A,A,0,No Deposit,248.0,0,Transient-Party,46.0,0,0
Resort Hotel,1,189,2016,April,18,26,0,2,2,0.0,0,BB,PRT,Groups,TA/TO,0,0,0,A,A,0,No Deposit,248.0,0,Transient-Party,46.0,0,0
Resort Hotel,1,27,2016,April,18,26,0,3,2,0.0,0,BB,BRA,Online TA,TA/TO,0,0,0,D,D,0,No Deposit,240.0,0,Transient,87.0,0,1
Resort Hotel,1,53,2016,April,18,26,0,3,2,0.0,0,BB,ESP,Online TA,TA/TO,0,0,0,D,D,0,No Deposit,240.0,0,Transient,80.0,0,0
Resort Hotel,1,11,2016,April,18,26,0,3,2,0.0,0,HB,PRT,Offline TA/TO,TA/TO,0,0,0,E,E,0,No Deposit,177.0,0,Transient,96.0,0,0
Resort Hotel,1,26,2016,April,18,26,0,4,2,0.0,0,HB,PRT,Offline TA/TO,TA/TO,0,0,0,D,D,0,No Deposit,15.0,0,Transient,78.2,0,0
Resort Hotel,1,53,2016,April,18,26,2,6,2,0.0,0,BB,GBR,Online TA,TA/TO,0,0,0,E,E,0,No Deposit,240.0,0,Transient,95.0,0,0
Resort Hotel,0,179,2016,April,18,26,4,10,2,0.0,0,HB,GBR,Offline TA/TO,TA/TO,0,0,0,E,E,0,No Deposit,40.0,0,Transient,82.95,0,1
Resort Hotel,1,6,2016,April,18,27,0,1,2,0.0,0,BB,PRT,Direct,Direct,0,0,0,D,D,0,No Deposit,250.0,0,Transient-Party,72.0,0,0
Resort Hotel,1,6,2016,April,18,27,0,1,2,0.0,0,BB,PRT,Direct,Direct,0,0,0,D,D,0,No Deposit,250.0,0,Transient-Party,72.0,0,0
Resort Hotel,1,179,2016,April,18,27,0,2,2,0.0,0,BB,PRT,Online TA,TA/TO,0,0,0,A,A,0,No Deposit,240.0,0,Transient,52.2,0,1
Resort Hotel,1,12,2016,April,18,27,0,3,2,0.0,0,HB,PRT,Groups,Direct,0,0,0,A,A,1,No Deposit,385.0,0,Transient-Party,85.33,0,0
Resort Hotel,1,12,2016,April,18,27,0,3,2,0.0,0,HB,PRT,Groups,Direct,0,0,0,A,A,1,No Deposit,385.0,0,Transient-Party,85.33,0,0
Resort Hotel,1,12,2016,April,18,27,0,3,2,0.0,0,Undefined,PRT,Groups,Direct,0,0,0,A,A,1,No Deposit,385.0,0,Transient-Party,72.0,0,0
Resort Hotel,1,12,2016,April,18,27,0,3,2,0.0,0,Undefined,PRT,Groups,Direct,0,0,0,A,A,1,No Deposit,385.0,0,Transient-Party,72.0,0,0
Resort Hotel,1,12,2016,April,18,27,0,3,2,0.0,0,Undefined,PRT,Groups,Direct,0,0,0,A,A,1,No Deposit,385.0,0,Transient-Party,72.0,0,0
Resort Hotel,1,12,2016,April,18,27,0,3,2,0.0,0,Undefined,PRT,Groups,Direct,0,0,0,A,A,1,No Deposit,385.0,0,Transient-Party,72.0,0,0
Resort Hotel,1,91,2016,April,18,27,0,4,2,0.0,0,BB,PRT,Online TA,TA/TO,0,0,0,A,A,0,No Deposit,240.0,0,Transient,68.0,0,1
Resort Hotel,1,209,2016,April,18,27,2,5,2,0.0,0,BB,PRT,Online TA,TA/TO,0,0,0,E,E,0,No Deposit,240.0,0,Transient,79.2,0,1
Resort Hotel,1,97,2016,April,18,27,2,5,2,0.0,0,FB,PRT,Offline TA/TO,TA/TO,0,0,0,A,A,1,No Deposit,26.0,0,Transient,83.7,0,0
Resort Hotel,0,200,2016,April,18,27,1,4,2,0.0,0,BB,GBR,Online TA,TA/TO,0,0,0,E,E,0,No Deposit,240.0,0,Transient,79.2,0,2
Resort Hotel,1,15,2016,April,18,28,0,2,2,0.0,0,BB,PRT,Direct,Direct,0,0,0,A,A,0,No Deposit,250.0,0,Transient,65.0,0,0
Resort Hotel,1,27,2016,April,18,28,0,2,2,0.0,0,BB,PRT,Online TA,TA/TO,0,0,0,A,A,0,No Deposit,240.0,0,Transient,65.0,0,0
Resort Hotel,1,113,2016,April,18,28,0,3,2,0.0,0,BB,PRT,Online TA,TA/TO,0,0,0,E,E,0,No Deposit,240.0,0,Transient,79.2,0,2
Resort Hotel,1,113,2016,April,18,28,0,3,2,0.0,0,BB,PRT,Online TA,TA/TO,0,0,0,E,E,0,No Deposit,240.0,0,Transient,79.2,0,2
Resort Hotel,1,168,2016,April,18,28,1,3,2,0.0,0,BB,PRT,Groups,TA/TO,0,0,0,A,A,0,Non Refund,257.0,0,Transient,80.0,0,0
Resort Hotel,1,168,2016,April,18,28,1,3,2,0.0,0,BB,PRT,Groups,TA/TO,0,0,0,A,A,0,Non Refund,257.0,0,Transient,80.0,0,0
Resort Hotel,1,168,2016,April,18,28,1,3,2,0.0,0,BB,PRT,Groups,TA/TO,0,0,0,A,A,0,Non Refund,257.0,0,Transient,80.0,0,0
Resort Hotel,1,168,2016,April,18,28,1,3,2,0.0,0,BB,PRT,Groups,TA/TO,0,0,0,A,A,0,Non Refund,257.0,0,Transient,80.0,0,0
Resort Hotel,1,168,2016,April,18,28,1,3,2,0.0,0,BB,PRT,Groups,TA/TO,0,0,0,A,A,0,Non Refund,257.0,0,Transient,80.0,0,0
Resort Hotel,1,168,2016,April,18,28,1,3,2,0.0,0,BB,PRT,Groups,TA/TO,0,0,0,A,A,0,Non Refund,257.0,0,Transient,80.0,0,0
Resort Hotel,1,168,2016,April,18,28,1,3,2,0.0,0,BB,PRT,Groups,TA/TO,0,0,0,A,A,0,Non Refund,257.0,0,Transient,80.0,0,0
Resort Hotel,1,168,2016,April,18,28,1,3,2,0.0,0,BB,PRT,Groups,TA/TO,0,0,0,A,A,0,Non Refund,257.0,0,Transient,80.0,0,0
Resort Hotel,1,168,2016,April,18,28,1,3,2,0.0,0,BB,PRT,Groups,TA/TO,0,0,0,A,A,0,Non Refund,257.0,0,Transient,80.0,0,0
Resort Hotel,0,206,2016,April,18,28,1,3,2,0.0,0,BB,GBR,Offline TA/TO,TA/TO,0,0,0,A,A,0,No Deposit,156.0,0,Transient,39.33,0,1
Resort Hotel,1,168,2016,April,18,28,1,3,2,0.0,0,BB,PRT,Groups,TA/TO,0,0,0,A,A,0,Non Refund,257.0,0,Transient,80.0,0,0
Resort Hotel,1,168,2016,April,18,28,1,3,2,0.0,0,BB,PRT,Groups,TA/TO,0,0,0,A,A,0,Non Refund,257.0,0,Transient,80.0,0,0
Resort Hotel,1,168,2016,April,18,28,1,3,2,0.0,0,BB,PRT,Groups,TA/TO,0,0,0,A,A,0,Non Refund,257.0,0,Transient,80.0,0,0
Resort Hotel,1,168,2016,April,18,28,1,3,2,0.0,0,BB,PRT,Groups,TA/TO,0,0,0,A,A,0,Non Refund,257.0,0,Transient,80.0,0,0
Resort Hotel,1,168,2016,April,18,28,1,3,2,0.0,0,BB,PRT,Groups,TA/TO,0,0,0,A,A,0,Non Refund,257.0,0,Transient,80.0,0,0
Resort Hotel,1,168,2016,April,18,28,1,3,2,0.0,0,BB,PRT,Groups,TA/TO,0,0,0,A,A,0,Non Refund,257.0,0,Transient,80.0,0,0
Resort Hotel,1,43,2016,April,18,28,1,3,2,0.0,0,BB,ESP,Online TA,TA/TO,0,0,0,D,D,0,No Deposit,240.0,0,Transient,67.75,0,0
Resort Hotel,1,168,2016,April,18,28,1,3,2,0.0,0,BB,PRT,Groups,TA/TO,0,0,0,A,A,0,Non Refund,257.0,0,Transient,80.0,0,0
Resort Hotel,1,168,2016,April,18,28,1,3,2,0.0,0,BB,PRT,Groups,TA/TO,0,0,0,A,A,0,Non Refund,257.0,0,Transient,80.0,0,0
Resort Hotel,1,168,2016,April,18,28,1,3,2,0.0,0,BB,PRT,Groups,TA/TO,0,0,0,A,A,0,Non Refund,257.0,0,Transient,80.0,0,0
Resort Hotel,1,168,2016,April,18,28,1,3,2,0.0,0,BB,PRT,Groups,TA/TO,0,0,0,A,A,0,Non Refund,257.0,0,Transient,80.0,0,0
Resort Hotel,1,168,2016,April,18,28,1,3,2,0.0,0,BB,PRT,Groups,TA/TO,0,0,0,A,A,0,Non Refund,257.0,0,Transient,80.0,0,0
Resort Hotel,1,168,2016,April,18,28,1,3,2,0.0,0,BB,PRT,Groups,TA/TO,0,0,0,A,A,0,Non Refund,257.0,0,Transient,80.0,0,0
Resort Hotel,1,168,2016,April,18,28,1,3,2,0.0,0,BB,PRT,Groups,TA/TO,0,0,0,A,A,0,Non Refund,257.0,0,Transient,80.0,0,0
Resort Hotel,1,168,2016,April,18,28,1,3,2,0.0,0,BB,PRT,Groups,TA/TO,0,0,0,A,A,0,Non Refund,257.0,0,Transient,80.0,0,0
Resort Hotel,1,168,2016,April,18,28,1,3,2,0.0,0,BB,PRT,Groups,TA/TO,0,0,0,A,A,0,Non Refund,257.0,0,Transient,80.0,0,0
Resort Hotel,1,41,2016,April,18,29,0,1,2,0.0,0,BB,PRT,Online TA,TA/TO,0,0,0,A,A,0,No Deposit,240.0,0,Transient,65.0,0,0
Resort Hotel,1,14,2016,April,18,29,0,1,2,0.0,0,BB,FRA,Online TA,TA/TO,0,0,0,A,A,0,No Deposit,240.0,0,Transient,65.0,0,0
Resort Hotel,1,1,2016,April,18,29,0,2,2,0.0,0,BB,ESP,Online TA,TA/TO,0,0,0,E,E,0,No Deposit,240.0,0,Transient,85.0,0,1
Resort Hotel,1,7,2016,April,18,29,0,2,2,0.0,0,BB,PRT,Corporate,Corporate,0,0,0,E,E,0,No Deposit,,0,Transient,23.0,0,0
Resort Hotel,1,65,2016,April,18,29,0,2,2,0.0,0,BB,PRT,Online TA,TA/TO,0,0,0,D,D,0,No Deposit,240.0,0,Transient,73.0,0,0
Resort Hotel,1,13,2016,April,18,29,0,2,2,0.0,0,BB,BRA,Online TA,TA/TO,0,0,0,D,D,0,No Deposit,240.0,0,Transient,80.0,0,1
Resort Hotel,1,114,2016,April,18,29,0,2,2,0.0,0,BB,PRT,Online TA,TA/TO,0,0,0,A,A,0,No Deposit,240.0,0,Transient,52.2,0,0
Resort Hotel,1,25,2016,April,18,29,1,2,2,0.0,0,BB,ESP,Online TA,TA/TO,0,0,0,D,D,0,No Deposit,240.0,0,Transient,76.67,0,0
Resort Hotel,1,26,2016,April,18,29,1,2,2,0.0,0,BB,ESP,Online TA,TA/TO,0,0,0,E,E,0,No Deposit,240.0,0,Transient,88.33,0,0
Resort Hotel,1,102,2016,April,18,29,1,2,2,0.0,0,BB,PRT,Online TA,TA/TO,0,0,0,G,G,0,No Deposit,240.0,0,Transient,113.0,0,1
Resort Hotel,1,47,2016,April,18,29,1,2,2,0.0,0,BB,ESP,Online TA,TA/TO,0,0,0,D,D,0,No Deposit,240.0,0,Transient,74.33,0,0
Resort Hotel,1,199,2016,April,18,29,0,2,2,0.0,0,BB,PRT,Online TA,TA/TO,0,0,0,A,A,0,No Deposit,240.0,0,Transient,46.98,0,1
Resort Hotel,1,31,2016,April,18,29,1,2,2,0.0,0,HB,ESP,Online TA,TA/TO,0,0,0,D,D,0,No Deposit,240.0,0,Transient,108.67,0,0
Resort Hotel,1,29,2016,April,18,29,1,2,2,0.0,0,BB,ESP,Online TA,TA/TO,0,0,0,D,D,0,No Deposit,240.0,0,Transient,82.67,0,0
Resort Hotel,1,108,2016,April,18,29,2,2,2,0.0,0,HB,PRT,Groups,TA/TO,0,0,0,A,A,0,Non Refund,,0,Transient,84.0,0,0
Resort Hotel,1,108,2016,April,18,29,2,2,2,0.0,0,HB,PRT,Groups,TA/TO,0,0,0,A,A,0,Non Refund,,0,Transient,84.0,0,0
Resort Hotel,1,108,2016,April,18,29,2,2,2,0.0,0,HB,PRT,Groups,TA/TO,0,0,0,A,A,0,Non Refund,,0,Transient,84.0,0,0
Resort Hotel,1,108,2016,April,18,29,2,2,2,0.0,0,HB,PRT,Groups,TA/TO,0,0,0,A,A,0,Non Refund,,0,Transient,84.0,0,0
Resort Hotel,1,52,2016,April,18,29,2,2,2,0.0,0,BB,ESP,Online TA,TA/TO,0,0,0,E,E,0,No Deposit,240.0,0,Transient,95.0,0,0
Resort Hotel,1,108,2016,April,18,29,2,2,2,0.0,0,HB,PRT,Groups,TA/TO,0,0,0,A,A,0,Non Refund,,0,Transient,84.0,0,0
Resort Hotel,1,108,2016,April,18,29,2,2,2,0.0,0,HB,PRT,Groups,TA/TO,0,0,0,A,A,0,Non Refund,,0,Transient,84.0,0,0
Resort Hotel,1,108,2016,April,18,29,2,2,2,0.0,0,HB,PRT,Groups,TA/TO,0,0,0,A,A,0,Non Refund,,0,Transient,84.0,0,0
Resort Hotel,1,147,2016,April,18,29,2,2,2,0.0,0,BB,PRT,Online TA,TA/TO,0,0,0,D,D,0,No Deposit,240.0,0,Transient,65.7,0,1
Resort Hotel,1,108,2016,April,18,29,2,2,2,0.0,0,HB,PRT,Groups,TA/TO,0,0,0,A,A,0,Non Refund,,0,Transient,84.0,0,0
Resort Hotel,1,108,2016,April,18,29,2,2,2,0.0,0,HB,PRT,Groups,TA/TO,0,0,0,A,A,0,Non Refund,,0,Transient,84.0,0,0
Resort Hotel,1,10,2016,April,18,29,2,2,2,0.0,0,HB,CHE,Online TA,TA/TO,0,0,0,D,D,0,No Deposit,240.0,0,Transient,117.0,0,0
Resort Hotel,1,108,2016,April,18,29,2,2,2,0.0,0,HB,PRT,Groups,TA/TO,0,0,0,A,A,0,Non Refund,,0,Transient,84.0,0,0
Resort Hotel,1,147,2016,April,18,29,2,2,2,0.0,0,BB,PRT,Online TA,TA/TO,0,0,0,D,D,0,No Deposit,240.0,0,Transient,65.7,0,0
Resort Hotel,1,108,2016,April,18,29,2,2,2,0.0,0,HB,PRT,Groups,TA/TO,0,0,0,A,A,0,Non Refund,,0,Transient,84.0,0,0
Resort Hotel,1,101,2016,April,18,29,2,5,2,0.0,0,BB,PRT,Groups,TA/TO,0,0,0,A,A,1,No Deposit,95.0,0,Transient-Party,47.0,0,0
Resort Hotel,1,87,2016,April,18,29,2,5,2,0.0,0,BB,PRT,Groups,TA/TO,0,0,0,D,D,0,Non Refund,71.0,0,Transient,58.0,0,0
Resort Hotel,1,101,2016,April,18,29,2,5,2,0.0,0,BB,PRT,Groups,TA/TO,0,0,0,A,A,0,No Deposit,95.0,0,Transient-Party,47.0,0,0
Resort Hotel,1,87,2016,April,18,29,2,5,2,0.0,0,BB,PRT,Groups,TA/TO,0,0,0,A,A,0,Non Refund,71.0,0,Transient,46.0,0,0
Resort Hotel,1,87,2016,April,18,29,2,5,2,0.0,0,BB,PRT,Groups,TA/TO,0,0,0,A,A,0,Non Refund,71.0,0,Transient,46.0,0,0
Resort Hotel,1,87,2016,April,18,29,2,5,2,0.0,0,BB,PRT,Groups,TA/TO,0,0,0,D,D,0,Non Refund,71.0,0,Transient,58.0,0,0
Resort Hotel,1,87,2016,April,18,29,2,5,2,0.0,0,BB,PRT,Groups,TA/TO,0,0,0,D,D,0,Non Refund,71.0,0,Transient,58.0,0,0
Resort Hotel,1,87,2016,April,18,29,2,5,2,0.0,0,BB,PRT,Groups,TA/TO,0,0,0,E,E,0,Non Refund,71.0,0,Transient,70.0,0,0
Resort Hotel,1,101,2016,April,18,29,2,5,2,0.0,0,BB,PRT,Groups,TA/TO,0,0,0,A,A,1,No Deposit,95.0,0,Transient-Party,47.0,0,0
Resort Hotel,1,101,2016,April,18,29,2,5,2,0.0,0,BB,PRT,Groups,TA/TO,0,0,0,A,A,0,No Deposit,95.0,0,Transient-Party,47.0,0,0
Resort Hotel,1,101,2016,April,18,29,2,5,2,0.0,0,HB,PRT,Groups,TA/TO,0,0,0,A,A,4,No Deposit,95.0,0,Transient-Party,60.0,0,0
Resort Hotel,1,87,2016,April,18,29,2,5,2,0.0,0,BB,PRT,Groups,TA/TO,0,0,0,D,D,0,Non Refund,71.0,0,Transient,58.0,0,0
Resort Hotel,1,87,2016,April,18,29,2,5,2,0.0,0,BB,PRT,Groups,TA/TO,0,0,0,D,D,0,Non Refund,71.0,0,Transient,58.0,0,0
Resort Hotel,1,87,2016,April,18,29,2,5,2,0.0,0,BB,PRT,Groups,TA/TO,0,0,0,D,D,0,Non Refund,71.0,0,Transient,58.0,0,0
Resort Hotel,1,87,2016,April,18,29,2,5,2,0.0,0,BB,PRT,Groups,TA/TO,0,0,0,A,A,0,Non Refund,71.0,0,Transient,46.0,0,0
Resort Hotel,1,87,2016,April,18,29,2,5,2,0.0,0,BB,PRT,Groups,TA/TO,0,0,0,A,A,0,Non Refund,71.0,0,Transient,46.0,0,0
Resort Hotel,1,87,2016,April,18,29,2,5,2,0.0,0,BB,PRT,Groups,TA/TO,0,0,0,A,A,0,Non Refund,71.0,0,Transient,46.0,0,0
Resort Hotel,1,87,2016,April,18,29,2,5,2,0.0,0,BB,PRT,Groups,TA/TO,0,0,0,A,A,0,Non Refund,71.0,0,Transient,46.0,0,0
Resort Hotel,1,37,2016,April,18,29,2,5,2,0.0,0,BB,PRT,Groups,TA/TO,0,0,0,A,A,0,Non Refund,71.0,0,Transient,46.0,0,0
Resort Hotel,1,87,2016,April,18,29,2,5,2,0.0,0,BB,PRT,Groups,TA/TO,0,0,0,A,A,0,Non Refund,71.0,0,Transient,46.0,0,0
Resort Hotel,1,87,2016,April,18,29,2,5,2,0.0,0,BB,PRT,Groups,TA/TO,0,0,0,D,D,0,Non Refund,71.0,0,Transient,58.0,0,0
Resort Hotel,1,76,2016,April,18,29,2,6,2,0.0,0,BB,PRT,Direct,Direct,0,0,0,E,E,0,No Deposit,,0,Transient,88.0,0,1
Resort Hotel,1,78,2016,April,18,29,2,7,2,0.0,0,BB,PRT,Groups,TA/TO,0,0,0,A,A,3,No Deposit,95.0,0,Transient-Party,40.0,0,0
Resort Hotel,1,157,2016,April,18,29,4,10,2,0.0,0,BB,PRT,Online TA,TA/TO,0,0,0,A,A,0,No Deposit,240.0,0,Transient,52.2,0,2
Resort Hotel,1,157,2016,April,18,29,4,10,2,0.0,0,BB,PRT,Online TA,TA/TO,0,0,0,E,E,0,No Deposit,240.0,0,Transient,79.2,0,2
Resort Hotel,1,14,2016,April,18,30,0,1,2,0.0,0,BB,ESP,Online TA,TA/TO,0,0,0,D,D,0,No Deposit,240.0,0,Transient,80.0,0,0
Resort Hotel,1,3,2016,April,18,30,0,1,2,0.0,0,BB,PRT,Online TA,TA/TO,0,0,0,E,F,0,No Deposit,240.0,0,Transient,85.0,0,1
Resort Hotel,1,19,2016,April,18,30,0,1,2,0.0,0,BB,PRT,Direct,Direct,0,0,0,D,D,0,No Deposit,,0,Transient,75.0,0,1
Resort Hotel,1,32,2016,April,18,30,0,1,2,0.0,0,BB,PRT,Direct,Direct,0,0,0,E,E,1,No Deposit,250.0,0,Transient,82.5,0,1
Resort Hotel,0,197,2016,April,18,30,1,1,2,0.0,0,HB,DEU,Groups,TA/TO,0,0,0,A,C,0,No Deposit,298.0,0,Transient-Party,85.0,0,0
Resort Hotel,1,39,2016,April,18,30,1,1,2,0.0,0,HB,PRT,Groups,TA/TO,0,0,0,A,A,0,No Deposit,298.0,0,Transient-Party,86.0,0,0
Resort Hotel,1,19,2016,April,18,30,1,1,2,0.0,0,HB,ESP,Online TA,TA/TO,0,0,0,E,E,0,No Deposit,240.0,0,Transient,127.0,0,0
Resort Hotel,1,31,2016,April,18,30,1,1,2,0.0,0,HB,PRT,Groups,TA/TO,0,0,0,A,A,0,No Deposit,298.0,0,Transient-Party,86.0,0,0
Resort Hotel,0,197,2016,April,18,30,1,1,2,0.0,0,HB,DEU,Groups,TA/TO,0,0,0,A,C,0,No Deposit,298.0,0,Transient-Party,85.0,0,0
Resort Hotel,0,197,2016,April,18,30,1,1,2,0.0,0,HB,PRT,Groups,TA/TO,0,0,0,A,A,0,No Deposit,298.0,0,Transient-Party,85.0,0,0
Resort Hotel,1,52,2016,April,18,30,1,1,2,0.0,0,BB,TUN,Online TA,TA/TO,0,0,0,D,D,0,No Deposit,240.0,0,Transient,77.5,0,0
Resort Hotel,0,197,2016,April,18,30,1,1,2,0.0,0,HB,DEU,Groups,TA/TO,0,0,0,A,A,0,No Deposit,298.0,0,Transient-Party,85.0,0,0
Resort Hotel,1,8,2016,April,18,30,1,1,2,0.0,0,BB,PRT,Direct,Direct,0,0,0,D,D,0,No Deposit,250.0,0,Transient,91.0,0,1
Resort Hotel,1,45,2016,April,18,30,1,1,2,0.0,0,HB,PRT,Groups,TA/TO,0,0,0,A,A,0,No Deposit,298.0,0,Transient-Party,86.0,0,0
Resort Hotel,0,197,2016,April,18,30,1,1,2,0.0,0,HB,DEU,Groups,TA/TO,0,0,0,A,A,0,No Deposit,298.0,0,Transient-Party,85.0,0,0
Resort Hotel,1,197,2016,April,18,30,1,1,2,0.0,0,HB,PRT,Groups,TA/TO,0,0,0,A,A,0,No Deposit,298.0,0,Transient-Party,85.0,0,0
Resort Hotel,1,197,2016,April,18,30,1,1,2,0.0,0,HB,PRT,Groups,TA/TO,0,0,0,A,A,0,No Deposit,298.0,0,Transient-Party,85.0,0,0
Resort Hotel,0,197,2016,April,18,30,1,1,2,0.0,0,HB,DEU,Groups,TA/TO,0,0,0,A,A,0,No Deposit,298.0,0,Transient-Party,85.0,0,0
Resort Hotel,1,31,2016,April,18,30,1,1,2,0.0,0,HB,PRT,Groups,TA/TO,0,0,0,A,A,0,No Deposit,298.0,0,Transient-Party,86.0,0,0
Resort Hotel,1,19,2016,April,18,30,1,1,2,0.0,0,HB,ESP,Online TA,TA/TO,0,0,0,E,E,0,No Deposit,240.0,0,Transient,127.0,0,0
Resort Hotel,1,178,2016,April,18,30,1,1,2,0.0,0,BB,PRT,Online TA,TA/TO,0,0,0,A,A,0,No Deposit,241.0,0,Transient,48.06,0,1
Resort Hotel,0,197,2016,April,18,30,1,1,2,0.0,0,HB,DEU,Groups,TA/TO,0,0,0,A,C,0,No Deposit,298.0,0,Transient-Party,85.0,0,0
Resort Hotel,1,22,2016,April,18,30,2,2,2,0.0,0,BB,ESP,Online TA,TA/TO,0,0,0,E,E,0,No Deposit,240.0,0,Transient,100.0,0,0
Resort Hotel,1,187,2016,April,18,30,2,2,2,0.0,0,BB,PRT,Online TA,TA/TO,0,0,0,A,A,0,No Deposit,240.0,0,Transient,52.2,0,0
Resort Hotel,1,187,2016,April,18,30,2,2,2,0.0,0,BB,PRT,Online TA,TA/TO,0,0,0,A,A,1,No Deposit,240.0,0,Transient,52.2,0,0
Resort Hotel,1,32,2016,April,18,30,2,5,2,0.0,0,BB,NLD,Online TA,TA/TO,0,0,0,E,E,0,No Deposit,240.0,0,Transient,93.57,0,0
Resort Hotel,0,171,2016,April,18,30,2,5,2,0.0,0,HB,GBR,Offline TA/TO,TA/TO,0,0,0,A,A,1,No Deposit,40.0,0,Contract,64.83,0,0
Resort Hotel,1,32,2016,April,18,30,2,5,2,0.0,0,BB,NLD,Online TA,TA/TO,0,0,0,E,E,0,No Deposit,240.0,0,Transient,93.57,0,0
Resort Hotel,1,246,2016,April,18,30,2,5,2,0.0,0,BB,PRT,Online TA,TA/TO,0,0,0,A,A,0,No Deposit,240.0,0,Transient,46.98,0,0
Resort Hotel,0,173,2016,April,18,30,2,5,2,0.0,0,BB,IRL,Online TA,TA/TO,0,0,0,A,D,0,No Deposit,240.0,0,Transient,46.98,0,2
Resort Hotel,0,206,2016,April,18,30,2,6,2,0.0,0,BB,NLD,Offline TA/TO,TA/TO,0,0,0,A,A,1,No Deposit,69.0,0,Transient,37.4,0,0
Resort Hotel,0,255,2016,April,18,30,4,8,2,0.0,0,BB,GBR,Offline TA/TO,TA/TO,0,0,0,A,A,0,No Deposit,8.0,0,Transient,42.3,0,0
Resort Hotel,1,171,2016,April,18,30,4,10,2,0.0,0,BB,PRT,Online TA,TA/TO,0,0,0,D,D,0,No Deposit,240.0,0,Transient,65.7,0,2
Resort Hotel,1,171,2016,April,18,30,4,10,2,0.0,0,BB,PRT,Online TA,TA/TO,0,0,0,D,D,0,No Deposit,240.0,0,Transient,65.7,0,2
Resort Hotel,1,14,2016,May,19,1,2,1,2,0.0,0,BB,PRT,Online TA,TA/TO,0,0,0,D,D,0,No Deposit,5.0,0,Transient,72.0,0,0
Resort Hotel,1,76,2016,May,19,1,2,2,2,0.0,0,BB,PRT,Online TA,TA/TO,0,0,0,D,D,0,No Deposit,240.0,0,Transient,73.0,0,1
Resort Hotel,1,32,2016,May,19,1,2,3,2,0.0,0,BB,PRT,Online TA,TA/TO,0,0,0,E,E,0,No Deposit,240.0,0,Transient,95.0,0,0
Resort Hotel,1,232,2016,May,19,1,2,4,2,0.0,0,BB,PRT,Offline TA/TO,TA/TO,0,0,0,E,E,0,No Deposit,314.0,0,Transient,70.4,0,0
Resort Hotel,0,229,2016,May,19,1,2,4,2,0.0,0,BB,GBR,Offline TA/TO,TA/TO,0,0,0,E,E,0,No Deposit,314.0,0,Transient,70.4,0,1
Resort Hotel,1,186,2016,May,19,1,2,5,2,0.0,0,BB,PRT,Online TA,TA/TO,0,0,0,A,A,0,No Deposit,240.0,0,Transient,46.98,0,0
Resort Hotel,1,3,2016,May,19,1,1,0,2,0.0,0,BB,PRT,Offline TA/TO,TA/TO,0,0,0,E,E,0,No Deposit,6.0,0,Transient,70.0,0,0
Resort Hotel,0,199,2016,May,19,2,1,1,2,0.0,0,HB,DEU,Groups,TA/TO,0,0,0,A,A,0,No Deposit,298.0,0,Transient,85.0,0,0
Resort Hotel,0,199,2016,May,19,2,1,1,2,0.0,0,HB,DEU,Groups,TA/TO,0,0,0,A,A,0,No Deposit,298.0,0,Transient-Party,85.0,0,0
Resort Hotel,1,199,2016,May,19,2,1,1,2,0.0,0,HB,PRT,Groups,TA/TO,0,0,0,A,A,0,No Deposit,298.0,0,Transient-Party,85.0,0,0
Resort Hotel,1,199,2016,May,19,2,1,1,2,0.0,0,HB,PRT,Groups,TA/TO,0,0,0,A,A,0,No Deposit,298.0,0,Transient-Party,85.0,0,0
Resort Hotel,0,199,2016,May,19,2,1,1,2,0.0,0,HB,DEU,Groups,TA/TO,0,0,0,A,A,0,No Deposit,298.0,0,Transient-Party,85.0,0,0
Resort Hotel,0,199,2016,May,19,2,1,1,2,0.0,0,HB,DEU,Groups,TA/TO,0,0,0,A,A,0,No Deposit,298.0,0,Transient-Party,85.0,0,0
Resort Hotel,1,199,2016,May,19,2,1,1,2,0.0,0,HB,PRT,Groups,TA/TO,0,0,0,A,A,0,No Deposit,298.0,0,Transient-Party,85.0,0,0
Resort Hotel,1,199,2016,May,19,2,1,1,2,0.0,0,HB,PRT,Groups,TA/TO,0,0,0,A,A,0,No Deposit,298.0,0,Transient-Party,85.0,0,0
Resort Hotel,1,199,2016,May,19,2,1,1,2,0.0,0,HB,PRT,Groups,TA/TO,0,0,0,A,A,0,No Deposit,298.0,0,Transient-Party,85.0,0,0
Resort Hotel,0,199,2016,May,19,2,1,1,2,0.0,0,HB,DEU,Groups,TA/TO,0,0,0,A,A,0,No Deposit,298.0,0,Transient-Party,85.0,0,0
Resort Hotel,0,199,2016,May,19,2,1,1,2,0.0,0,HB,DEU,Groups,TA/TO,0,0,0,A,A,0,No Deposit,298.0,0,Transient-Party,85.0,0,0
Resort Hotel,1,199,2016,May,19,2,1,1,2,0.0,0,HB,PRT,Groups,TA/TO,0,0,0,A,A,0,No Deposit,298.0,0,Transient-Party,85.0,0,0
Resort Hotel,1,199,2016,May,19,2,1,1,2,0.0,0,HB,PRT,Groups,TA/TO,0,0,0,A,A,0,No Deposit,298.0,0,Transient-Party,85.0,0,0
Resort Hotel,1,199,2016,May,19,2,1,1,2,0.0,0,HB,PRT,Groups,TA/TO,0,0,0,A,A,0,No Deposit,298.0,0,Transient-Party,85.0,0,0
Resort Hotel,0,199,2016,May,19,2,1,1,2,0.0,0,HB,DEU,Groups,TA/TO,0,0,0,A,A,0,No Deposit,298.0,0,Transient-Party,85.0,0,0
Resort Hotel,0,199,2016,May,19,2,1,1,2,0.0,0,HB,DEU,Groups,TA/TO,0,0,0,A,A,0,No Deposit,298.0,0,Transient-Party,85.0,0,0
Resort Hotel,0,199,2016,May,19,2,1,1,2,0.0,0,HB,DEU,Groups,TA/TO,0,0,0,A,A,0,No Deposit,298.0,0,Transient-Party,85.0,0,0
Resort Hotel,0,199,2016,May,19,2,1,1,2,0.0,0,HB,DEU,Groups,TA/TO,0,0,0,A,A,0,No Deposit,298.0,0,Transient-Party,85.0,0,0
Resort Hotel,1,199,2016,May,19,2,1,1,2,0.0,0,HB,PRT,Groups,TA/TO,0,0,0,A,A,0,No Deposit,298.0,0,Transient-Party,85.0,0,0
Resort Hotel,0,199,2016,May,19,2,1,1,2,0.0,0,HB,DEU,Groups,TA/TO,0,0,0,A,A,0,No Deposit,298.0,0,Transient-Party,85.0,0,0
Resort Hotel,0,199,2016,May,19,2,1,1,2,0.0,0,HB,DEU,Groups,TA/TO,0,0,0,A,A,0,No Deposit,298.0,0,Transient-Party,85.0,0,0
Resort Hotel,1,199,2016,May,19,2,1,1,2,0.0,0,HB,PRT,Groups,TA/TO,0,0,0,A,A,0,No Deposit,298.0,0,Transient-Party,85.0,0,0
Resort Hotel,1,199,2016,May,19,2,1,1,2,0.0,0,HB,PRT,Groups,TA/TO,0,0,0,A,A,0,No Deposit,298.0,0,Transient-Party,85.0,0,0
Resort Hotel,0,199,2016,May,19,2,1,1,2,0.0,0,HB,DEU,Groups,TA/TO,0,0,0,A,A,0,No Deposit,298.0,0,Transient-Party,85.0,0,0
Resort Hotel,0,199,2016,May,19,2,1,1,2,0.0,0,HB,DEU,Groups,TA/TO,0,0,0,A,A,0,No Deposit,298.0,0,Transient-Party,85.0,0,0
Resort Hotel,1,199,2016,May,19,2,1,1,2,0.0,0,HB,PRT,Groups,TA/TO,0,0,0,A,A,0,No Deposit,298.0,0,Transient-Party,85.0,0,0
Resort Hotel,1,199,2016,May,19,2,1,1,2,0.0,0,HB,PRT,Groups,TA/TO,0,0,0,A,A,0,No Deposit,298.0,0,Transient-Party,85.0,0,0
Resort Hotel,0,199,2016,May,19,2,1,1,2,0.0,0,HB,DEU,Groups,TA/TO,0,0,0,A,A,1,No Deposit,298.0,0,Transient-Party,42.5,0,0
Resort Hotel,0,199,2016,May,19,2,1,1,2,0.0,0,HB,DEU,Groups,TA/TO,0,0,0,A,A,0,No Deposit,298.0,0,Transient-Party,85.0,0,0
Resort Hotel,0,199,2016,May,19,2,1,1,2,0.0,0,HB,DEU,Groups,TA/TO,0,0,0,A,A,0,No Deposit,298.0,0,Transient-Party,85.0,0,0
Resort Hotel,1,199,2016,May,19,2,1,1,2,0.0,0,HB,PRT,Groups,TA/TO,0,0,0,A,A,0,No Deposit,298.0,0,Transient-Party,85.0,0,0
Resort Hotel,1,199,2016,May,19,2,1,1,2,0.0,0,HB,PRT,Groups,TA/TO,0,0,0,A,A,0,No Deposit,298.0,0,Transient-Party,85.0,0,0
Resort Hotel,0,199,2016,May,19,2,1,1,2,0.0,0,HB,DEU,Groups,TA/TO,0,0,0,A,A,0,No Deposit,298.0,0,Transient,85.0,0,0
Resort Hotel,0,199,2016,May,19,2,1,1,2,0.0,0,HB,DEU,Groups,TA/TO,0,0,0,A,A,0,No Deposit,298.0,0,Transient-Party,85.0,0,0
Resort Hotel,0,199,2016,May,19,2,1,1,2,0.0,0,HB,DEU,Groups,TA/TO,0,0,0,A,A,0,No Deposit,298.0,0,Transient,85.0,0,0
Resort Hotel,1,199,2016,May,19,2,1,1,2,0.0,0,HB,PRT,Groups,TA/TO,0,0,0,A,A,0,No Deposit,298.0,0,Transient-Party,85.0,0,0
Resort Hotel,1,6,2016,May,19,2,1,2,2,0.0,0,BB,GBR,Online TA,TA/TO,0,0,0,D,D,0,No Deposit,240.0,0,Transient,90.0,0,0
Resort Hotel,1,45,2016,May,19,2,1,3,2,0.0,0,BB,BEL,Online TA,TA/TO,0,0,0,E,E,0,No Deposit,240.0,0,Transient,95.0,0,0
Resort Hotel,1,5,2016,May,19,2,1,2,2,0.0,0,BB,PRT,Corporate,Corporate,0,0,0,D,D,0,No Deposit,,0,Transient,84.0,0,0
Resort Hotel,0,215,2016,May,19,2,1,3,2,0.0,0,BB,IRL,Online TA,TA/TO,0,0,0,A,A,1,No Deposit,240.0,0,Transient,52.2,0,1
Resort Hotel,0,203,2016,May,19,2,1,5,2,0.0,0,BB,IRL,Online TA,TA/TO,0,0,0,A,A,3,No Deposit,240.0,0,Transient,46.98,0,1
Resort Hotel,1,80,2016,May,19,2,1,5,2,0.0,0,BB,PRT,Online TA,TA/TO,0,0,0,D,D,0,No Deposit,240.0,0,Transient,73.0,0,1
Resort Hotel,1,187,2016,May,19,2,2,5,2,0.0,0,BB,PRT,Online TA,TA/TO,0,0,0,A,A,0,No Deposit,240.0,0,Transient,52.2,0,1
Resort Hotel,1,68,2016,May,19,2,2,5,2,0.0,0,BB,PRT,Offline TA/TO,TA/TO,0,0,0,D,D,0,No Deposit,71.0,0,Transient,58.0,0,1
Resort Hotel,1,127,2016,May,19,2,2,5,2,0.0,0,BB,PRT,Online TA,TA/TO,0,0,0,A,A,0,No Deposit,240.0,0,Transient,52.2,0,1
Resort Hotel,1,187,2016,May,19,2,2,5,2,0.0,0,BB,PRT,Online TA,TA/TO,0,0,0,A,A,0,No Deposit,240.0,0,Transient,52.2,0,1
Resort Hotel,1,187,2016,May,19,2,2,5,2,0.0,0,BB,PRT,Online TA,TA/TO,0,0,0,A,A,0,No Deposit,240.0,0,Transient,52.2,0,1
Resort Hotel,0,201,2016,May,19,2,3,7,2,0.0,0,HB,GBR,Offline TA/TO,TA/TO,0,0,0,A,E,1,No Deposit,40.0,0,Transient,84.96,0,0
Resort Hotel,0,226,2016,May,19,2,3,7,2,0.0,0,BB,GBR,Offline TA/TO,TA/TO,0,0,0,D,D,1,No Deposit,40.0,0,Transient,46.75,0,0
Resort Hotel,0,188,2016,May,19,3,2,5,2,0.0,0,HB,GBR,Offline TA/TO,TA/TO,0,0,0,D,D,0,No Deposit,40.0,0,Transient,74.76,0,1
Resort Hotel,0,288,2016,May,19,3,2,5,2,0.0,0,BB,GBR,Offline TA/TO,TA/TO,0,0,0,E,E,0,No Deposit,40.0,0,Contract,55.83,0,0
Resort Hotel,1,108,2016,May,19,3,2,5,2,0.0,0,BB,PRT,Online TA,TA/TO,0,0,0,A,A,0,No Deposit,240.0,0,Transient,58.0,0,0
Resort Hotel,1,108,2016,May,19,3,2,5,2,0.0,0,BB,PRT,Online TA,TA/TO,0,0,0,E,E,0,No Deposit,240.0,0,Transient,88.0,0,1
Resort Hotel,0,188,2016,May,19,3,2,5,2,0.0,0,HB,GBR,Offline TA/TO,TA/TO,0,0,0,D,D,0,No Deposit,40.0,0,Transient,74.76,0,1
Resort Hotel,0,288,2016,May,19,3,2,5,2,0.0,0,BB,GBR,Offline TA/TO,TA/TO,0,0,0,E,E,0,No Deposit,40.0,0,Contract,56.11,0,0
Resort Hotel,1,74,2016,May,19,3,2,7,2,0.0,0,BB,PRT,Online TA,TA/TO,0,0,0,D,D,0,No Deposit,240.0,0,Transient,73.0,0,0
Resort Hotel,1,49,2016,May,19,3,2,7,2,0.0,0,BB,PRT,Online TA,TA/TO,0,0,0,D,D,0,No Deposit,314.0,0,Transient,52.56,0,1
Resort Hotel,1,101,2016,May,19,3,0,3,2,0.0,0,BB,PRT,Online TA,TA/TO,0,0,0,A,A,0,No Deposit,240.0,0,Transient,58.0,0,0
Resort Hotel,1,12,2016,May,19,4,0,1,2,0.0,0,BB,PRT,Corporate,Corporate,0,0,0,A,A,0,No Deposit,,0,Transient,73.8,0,0
Resort Hotel,0,188,2016,May,19,4,0,4,2,0.0,0,BB,PRT,Online TA,TA/TO,0,0,0,D,D,0,No Deposit,240.0,0,Transient,71.7,1,0
Resort Hotel,1,19,2016,May,19,4,2,4,2,0.0,0,BB,GBR,Online TA,TA/TO,0,0,0,D,D,0,No Deposit,240.0,0,Transient,90.0,0,1
Resort Hotel,1,141,2016,May,19,5,0,2,2,0.0,0,BB,PRT,Online TA,TA/TO,0,0,0,E,E,2,No Deposit,240.0,0,Transient,88.0,0,1
Resort Hotel,1,159,2016,May,19,5,0,3,2,0.0,0,BB,PRT,Online TA,TA/TO,0,0,0,A,A,0,No Deposit,240.0,0,Transient,52.2,0,2
Resort Hotel,1,45,2016,May,19,5,0,3,2,0.0,0,BB,FRA,Online TA,TA/TO,0,0,0,E,E,0,No Deposit,240.0,0,Transient,95.0,0,0
Resort Hotel,0,209,2016,May,19,5,1,3,2,0.0,0,BB,IRL,Online TA,TA/TO,0,0,0,A,A,0,No Deposit,240.0,0,Transient,48.98,0,2
Resort Hotel,1,164,2016,May,19,5,1,3,2,0.0,0,BB,PRT,Online TA,TA/TO,0,0,0,D,D,2,No Deposit,240.0,0,Transient-Party,65.7,0,0
Resort Hotel,0,189,2016,May,19,5,1,3,2,0.0,0,BB,ESP,Online TA,TA/TO,0,0,0,A,A,1,No Deposit,240.0,0,Transient,64.0,1,2
Resort Hotel,0,209,2016,May,19,5,1,3,2,0.0,0,BB,IRL,Online TA,TA/TO,0,0,0,A,A,0,No Deposit,240.0,0,Transient,46.98,0,2
Resort Hotel,1,71,2016,May,19,5,1,3,2,0.0,0,BB,PRT,Online TA,TA/TO,0,0,0,E,E,0,No Deposit,240.0,0,Transient,88.0,0,2
Resort Hotel,0,209,2016,May,19,5,1,3,2,0.0,0,BB,IRL,Online TA,TA/TO,0,0,0,A,A,0,No Deposit,240.0,0,Transient,48.98,0,2
Resort Hotel,0,253,2016,May,19,5,2,5,2,0.0,0,BB,GBR,Offline TA/TO,TA/TO,0,0,0,A,A,0,No Deposit,40.0,0,Contract,37.4,0,0
Resort Hotel,1,154,2016,May,19,5,4,10,2,0.0,0,BB,PRT,Offline TA/TO,TA/TO,0,0,0,D,D,0,No Deposit,175.0,0,Transient,52.56,0,0
Resort Hotel,1,81,2016,May,19,6,1,2,2,0.0,0,BB,PRT,Online TA,TA/TO,0,0,0,A,A,0,No Deposit,242.0,0,Transient,73.0,0,0
Resort Hotel,1,165,2016,May,19,6,1,2,2,0.0,0,BB,PRT,Online TA,TA/TO,0,0,0,D,D,0,No Deposit,240.0,0,Transient-Party,65.7,0,0
Resort Hotel,1,71,2016,May,19,6,2,2,2,0.0,0,BB,PRT,Online TA,TA/TO,0,0,0,D,D,0,No Deposit,242.0,0,Transient,74.75,0,0
Resort Hotel,1,44,2016,May,19,6,2,3,2,0.0,0,BB,USA,Online TA,TA/TO,0,0,0,E,E,0,No Deposit,240.0,0,Transient,95.0,0,0
Resort Hotel,1,19,2016,May,19,6,2,3,2,0.0,0,BB,PRT,Direct,Direct,0,0,0,F,F,2,No Deposit,250.0,0,Transient,118.7,0,0
Resort Hotel,1,66,2016,May,19,6,2,3,2,0.0,0,BB,PRT,Online TA,TA/TO,0,0,0,D,D,0,No Deposit,240.0,0,Transient,74.4,0,1
Resort Hotel,1,36,2016,May,19,6,2,4,2,0.0,0,BB,ESP,Online TA,TA/TO,0,0,0,A,A,0,No Deposit,240.0,0,Transient,65.0,0,0
Resort Hotel,0,354,2016,May,19,6,2,5,2,0.0,0,BB,GBR,Offline TA/TO,TA/TO,0,0,0,A,A,0,No Deposit,40.0,0,Transient,37.56,0,0
Resort Hotel,1,174,2016,May,19,6,2,5,2,0.0,0,BB,PRT,Online TA,TA/TO,0,0,0,D,D,0,No Deposit,240.0,0,Transient,65.7,0,0
Resort Hotel,1,119,2016,May,19,6,2,5,2,0.0,0,BB,PRT,Online TA,TA/TO,0,0,0,D,D,0,No Deposit,240.0,0,Transient,65.7,0,1
Resort Hotel,0,260,2016,May,19,6,2,5,2,0.0,0,BB,IRL,Offline TA/TO,TA/TO,0,0,0,A,A,0,No Deposit,156.0,0,Transient,40.76,0,1
Resort Hotel,1,58,2016,May,19,6,2,5,2,0.0,0,BB,IRL,Online TA,TA/TO,0,0,0,D,D,0,No Deposit,240.0,0,Transient,80.0,0,0
Resort Hotel,0,179,2016,May,19,6,2,6,2,0.0,0,BB,BRA,Online TA,TA/TO,0,0,0,E,E,0,No Deposit,240.0,0,Transient,79.2,0,1
Resort Hotel,1,54,2016,May,19,7,0,1,2,0.0,0,HB,PRT,Online TA,TA/TO,0,0,0,A,A,0,No Deposit,240.0,0,Transient,97.0,0,0
Resort Hotel,1,49,2016,May,19,7,1,1,2,0.0,0,BB,PRT,Online TA,TA/TO,0,0,0,A,A,0,No Deposit,240.0,0,Transient,65.0,0,0
Resort Hotel,1,122,2016,May,19,7,1,1,2,0.0,0,BB,PRT,Online TA,TA/TO,0,0,0,E,E,0,No Deposit,240.0,0,Transient,79.2,0,0
Resort Hotel,1,119,2016,May,19,7,2,2,2,0.0,0,HB,PRT,Online TA,TA/TO,0,0,0,E,E,0,No Deposit,240.0,0,Transient,118.0,0,1
Resort Hotel,1,80,2016,May,19,7,2,1,2,0.0,0,BB,PRT,Online TA,TA/TO,0,0,0,A,A,0,No Deposit,240.0,0,Transient,58.0,0,0
Resort Hotel,1,89,2016,May,19,7,2,5,2,0.0,0,BB,PRT,Online TA,TA/TO,0,0,0,D,D,0,No Deposit,240.0,0,Transient,73.0,0,0
Resort Hotel,0,262,2016,May,19,7,2,5,2,0.0,0,HB,GBR,Offline TA/TO,TA/TO,0,0,0,A,A,1,No Deposit,40.0,0,Contract,65.4,0,0
Resort Hotel,0,232,2016,May,19,7,2,5,2,0.0,0,BB,GBR,Online TA,TA/TO,0,0,0,D,D,0,No Deposit,241.0,0,Transient,50.59,0,1
Resort Hotel,1,16,2016,May,19,7,2,5,2,0.0,0,HB,PRT,Groups,TA/TO,0,0,0,A,A,0,No Deposit,15.0,0,Transient-Party,85.0,0,0
Resort Hotel,1,75,2016,May,19,7,2,5,2,0.0,0,BB,PRT,Online TA,TA/TO,0,0,0,E,E,0,No Deposit,240.0,0,Transient,88.0,0,1
Resort Hotel,0,232,2016,May,19,7,2,5,2,0.0,0,BB,GBR,Online TA,TA/TO,0,0,0,A,A,0,No Deposit,241.0,0,Transient,41.62,0,1
Resort Hotel,1,81,2016,May,19,7,2,5,2,0.0,0,BB,PRT,Offline TA/TO,TA/TO,0,0,0,D,D,0,No Deposit,314.0,0,Transient,52.56,0,0
Resort Hotel,0,236,2016,May,19,7,2,5,2,0.0,0,BB,GBR,Offline TA/TO,TA/TO,0,0,0,D,D,0,No Deposit,40.0,0,Contract,48.75,0,0
Resort Hotel,1,59,2016,May,20,8,2,0,2,0.0,0,BB,PRT,Offline TA/TO,TA/TO,0,0,0,A,A,0,No Deposit,15.0,0,Transient,41.4,0,0
Resort Hotel,1,20,2016,May,20,8,2,0,2,0.0,0,BB,PRT,Direct,Direct,0,0,0,F,F,0,No Deposit,,0,Transient,115.0,0,0
Resort Hotel,1,20,2016,May,20,8,2,0,2,0.0,0,BB,PRT,Direct,Direct,0,0,0,F,F,0,No Deposit,,0,Transient,115.0,0,0
Resort Hotel,1,158,2016,May,20,8,2,2,2,0.0,0,BB,PRT,Direct,Direct,0,0,0,F,F,2,No Deposit,250.0,0,Transient,83.05,0,1
Resort Hotel,1,46,2016,May,20,8,2,3,2,0.0,0,BB,PRT,Online TA,TA/TO,0,0,0,E,E,0,No Deposit,242.0,0,Transient,95.0,0,0
Resort Hotel,1,192,2016,May,20,8,2,5,2,0.0,0,BB,PRT,Offline TA/TO,TA/TO,0,0,0,D,D,0,No Deposit,147.0,0,Transient,53.87,0,0
Resort Hotel,1,92,2016,May,20,8,4,5,2,0.0,0,BB,PRT,Direct,Direct,0,0,0,E,E,0,No Deposit,250.0,0,Transient,74.7,0,0
Resort Hotel,1,230,2016,May,20,8,4,6,2,0.0,0,BB,PRT,Online TA,TA/TO,0,0,0,A,A,0,No Deposit,240.0,0,Transient,46.98,0,1
Resort Hotel,0,256,2016,May,20,8,4,6,2,0.0,0,BB,GBR,Offline TA/TO,TA/TO,0,0,0,E,E,0,No Deposit,2.0,0,Contract,58.95,0,0
Resort Hotel,0,212,2016,May,20,8,4,7,2,0.0,0,HB,GBR,Offline TA/TO,TA/TO,0,0,0,E,E,0,No Deposit,40.0,0,Contract,82.96,0,1
Resort Hotel,1,163,2016,May,20,9,1,0,2,0.0,0,BB,PRT,Online TA,TA/TO,0,0,0,A,A,1,No Deposit,240.0,0,Transient,71.0,0,1
Resort Hotel,1,163,2016,May,20,9,1,0,2,0.0,0,BB,PRT,Online TA,TA/TO,0,0,0,A,A,1,No Deposit,240.0,0,Transient,65.0,0,1
Resort Hotel,1,22,2016,May,20,9,1,2,2,0.0,0,BB,ESP,Online TA,TA/TO,0,0,0,A,A,0,No Deposit,240.0,0,Transient,75.0,0,0
Resort Hotel,1,59,2016,May,20,9,1,2,2,0.0,0,BB,ESP,Online TA,TA/TO,0,0,0,A,A,0,No Deposit,240.0,0,Transient,65.0,0,0
Resort Hotel,0,202,2016,May,20,9,1,5,2,0.0,0,BB,IRL,Offline TA/TO,TA/TO,0,0,0,A,A,0,No Deposit,8.0,0,Transient,39.95,0,0
Resort Hotel,0,235,2016,May,20,9,2,5,2,0.0,0,BB,IRL,Online TA,TA/TO,0,0,0,D,D,0,No Deposit,240.0,0,Transient,65.7,0,2
Resort Hotel,1,87,2016,May,20,9,2,5,2,0.0,0,BB,PRT,Online TA,TA/TO,0,0,0,D,D,0,No Deposit,240.0,0,Transient,73.0,0,0
Resort Hotel,1,122,2016,May,20,9,2,5,2,0.0,0,BB,PRT,Online TA,TA/TO,0,0,0,A,A,0,No Deposit,240.0,0,Transient,64.09,0,0
Resort Hotel,1,234,2016,May,20,9,2,5,2,0.0,0,BB,PRT,Online TA,TA/TO,0,0,0,A,A,0,No Deposit,184.0,0,Transient,88.0,0,0
Resort Hotel,1,254,2016,May,20,9,3,6,2,0.0,0,BB,PRT,Online TA,TA/TO,0,0,0,E,E,0,No Deposit,240.0,0,Transient,79.2,0,2
Resort Hotel,0,203,2016,May,20,10,0,2,2,0.0,0,BB,FRA,Groups,TA/TO,0,0,0,A,A,0,No Deposit,248.0,0,Transient-Party,46.0,0,0
Resort Hotel,0,203,2016,May,20,10,0,2,2,0.0,0,BB,PRT,Groups,TA/TO,0,0,0,A,A,0,No Deposit,248.0,0,Transient-Party,46.0,0,0
Resort Hotel,1,203,2016,May,20,10,0,2,2,0.0,0,BB,PRT,Groups,TA/TO,0,0,0,A,A,0,No Deposit,248.0,0,Transient-Party,46.0,0,0
Resort Hotel,1,203,2016,May,20,10,0,2,2,0.0,0,BB,PRT,Groups,TA/TO,0,0,0,A,A,0,No Deposit,248.0,0,Transient-Party,46.0,0,0
Resort Hotel,1,203,2016,May,20,10,0,2,2,0.0,0,BB,PRT,Groups,TA/TO,0,0,0,A,A,0,No Deposit,248.0,0,Transient-Party,46.0,0,0
Resort Hotel,1,203,2016,May,20,10,0,2,2,0.0,0,BB,PRT,Groups,TA/TO,0,0,0,A,A,0,No Deposit,248.0,0,Transient-Party,46.0,0,0
Resort Hotel,1,203,2016,May,20,10,0,2,2,0.0,0,BB,PRT,Groups,TA/TO,0,0,0,A,A,0,No Deposit,248.0,0,Transient-Party,46.0,0,0
Resort Hotel,1,203,2016,May,20,10,0,2,2,0.0,0,BB,PRT,Groups,TA/TO,0,0,0,A,A,0,No Deposit,248.0,0,Transient-Party,46.0,0,0
Resort Hotel,1,203,2016,May,20,10,0,2,2,0.0,0,BB,PRT,Groups,TA/TO,0,0,0,A,A,0,No Deposit,248.0,0,Transient-Party,46.0,0,0
Resort Hotel,1,203,2016,May,20,10,0,2,2,0.0,0,BB,PRT,Groups,TA/TO,0,0,0,A,A,0,No Deposit,248.0,0,Transient-Party,46.0,0,0
Resort Hotel,1,203,2016,May,20,10,0,2,2,0.0,0,BB,PRT,Groups,TA/TO,0,0,0,A,A,0,No Deposit,248.0,0,Transient-Party,46.0,0,0
Resort Hotel,1,203,2016,May,20,10,0,2,2,0.0,0,BB,PRT,Groups,TA/TO,0,0,0,A,A,0,No Deposit,248.0,0,Transient-Party,46.0,0,0
Resort Hotel,1,203,2016,May,20,10,0,2,2,0.0,0,BB,PRT,Groups,TA/TO,0,0,0,A,A,0,No Deposit,248.0,0,Transient-Party,46.0,0,0
Resort Hotel,0,203,2016,May,20,10,0,2,2,0.0,0,BB,FRA,Groups,TA/TO,0,0,0,A,A,0,No Deposit,248.0,0,Transient-Party,46.0,0,0
Resort Hotel,0,203,2016,May,20,10,0,2,2,0.0,0,BB,FRA,Groups,TA/TO,0,0,0,A,A,0,No Deposit,248.0,0,Transient-Party,46.0,0,0
Resort Hotel,1,203,2016,May,20,10,0,2,2,0.0,0,BB,PRT,Groups,TA/TO,0,0,0,A,A,0,No Deposit,248.0,0,Transient-Party,46.0,0,0
Resort Hotel,1,56,2016,May,20,10,0,4,2,0.0,0,BB,IRL,Online TA,TA/TO,0,0,0,E,E,0,No Deposit,240.0,0,Transient,95.0,0,0
Resort Hotel,1,235,2016,May,20,10,0,5,2,0.0,0,BB,PRT,Online TA,TA/TO,0,0,0,A,A,0,No Deposit,240.0,0,Transient,52.2,0,0
Resort Hotel,0,29,2016,May,20,10,0,5,2,0.0,0,BB,IRL,Online TA,TA/TO,0,0,0,A,A,0,No Deposit,,0,Transient,52.2,0,0
Resort Hotel,1,90,2016,May,20,10,2,6,2,0.0,0,BB,PRT,Offline TA/TO,TA/TO,0,0,0,E,E,0,No Deposit,175.0,0,Transient,70.4,0,0
Resort Hotel,1,48,2016,May,20,11,0,1,2,0.0,0,HB,PRT,Direct,Direct,0,0,0,A,A,0,No Deposit,,0,Transient-Party,95.0,0,0
Resort Hotel,1,59,2016,May,20,11,0,3,2,0.0,0,BB,PRT,Online TA,TA/TO,0,0,0,E,E,0,No Deposit,241.0,0,Transient,73.15,0,0
Resort Hotel,1,189,2016,May,20,11,2,5,2,0.0,0,HB,PRT,Offline TA/TO,TA/TO,0,0,0,D,D,0,No Deposit,314.0,0,Transient,78.56,0,0
Resort Hotel,0,188,2016,May,20,11,2,8,2,0.0,0,HB,DEU,Offline TA/TO,TA/TO,0,0,0,D,D,0,No Deposit,314.0,0,Transient,80.16,0,0
Resort Hotel,1,468,2016,May,20,12,0,2,2,0.0,0,HB,PRT,Groups,TA/TO,0,0,0,A,A,0,No Deposit,249.0,0,Transient-Party,67.0,0,0
Resort Hotel,1,468,2016,May,20,12,0,2,2,0.0,0,HB,PRT,Groups,TA/TO,0,0,0,A,A,0,No Deposit,249.0,0,Transient-Party,67.0,0,0
Resort Hotel,1,468,2016,May,20,12,0,2,2,0.0,0,HB,PRT,Groups,TA/TO,0,0,0,A,A,0,No Deposit,249.0,0,Transient-Party,67.0,0,0
Resort Hotel,1,468,2016,May,20,12,0,2,2,0.0,0,HB,PRT,Groups,TA/TO,0,0,0,A,A,0,No Deposit,249.0,0,Transient-Party,67.0,0,0
Resort Hotel,1,69,2016,May,20,12,0,2,2,0.0,0,HB,PRT,Groups,TA/TO,0,0,0,A,A,3,No Deposit,249.0,0,Transient-Party,67.0,0,0
Resort Hotel,1,468,2016,May,20,12,0,2,2,0.0,0,HB,PRT,Groups,TA/TO,0,0,0,A,A,0,No Deposit,249.0,0,Transient-Party,67.0,0,0
Resort Hotel,1,468,2016,May,20,12,0,2,2,0.0,0,HB,PRT,Groups,TA/TO,0,0,0,A,A,1,No Deposit,249.0,0,Transient-Party,26.0,0,0
Resort Hotel,1,468,2016,May,20,12,0,2,2,0.0,0,HB,PRT,Groups,TA/TO,0,0,0,A,A,0,No Deposit,249.0,0,Transient-Party,67.0,0,0
Resort Hotel,1,468,2016,May,20,12,0,2,2,0.0,0,HB,PRT,Groups,TA/TO,0,0,0,A,A,0,No Deposit,249.0,0,Transient-Party,67.0,0,0
Resort Hotel,1,468,2016,May,20,12,0,2,2,0.0,0,HB,PRT,Groups,TA/TO,0,0,0,A,A,0,No Deposit,249.0,0,Transient-Party,67.0,0,0
Resort Hotel,1,468,2016,May,20,12,0,2,2,0.0,0,HB,PRT,Groups,TA/TO,0,0,0,A,A,1,No Deposit,249.0,0,Transient-Party,67.0,0,0
Resort Hotel,0,236,2016,May,20,12,0,3,2,0.0,0,BB,GBR,Groups,TA/TO,0,0,0,A,A,2,No Deposit,315.0,0,Transient-Party,58.0,0,0
Resort Hotel,0,236,2016,May,20,12,0,3,2,0.0,0,BB,GBR,Groups,TA/TO,0,0,0,A,A,0,No Deposit,315.0,0,Transient-Party,48.0,0,0
Resort Hotel,0,236,2016,May,20,12,0,3,2,0.0,0,BB,GBR,Groups,TA/TO,0,0,0,A,A,0,No Deposit,315.0,0,Transient-Party,50.0,1,0
Resort Hotel,0,236,2016,May,20,12,0,3,2,0.0,0,BB,GBR,Groups,TA/TO,0,0,0,A,A,0,No Deposit,315.0,0,Transient-Party,54.0,1,0
Resort Hotel,0,236,2016,May,20,12,0,3,2,0.0,0,BB,GBR,Groups,TA/TO,0,0,0,A,D,0,No Deposit,315.0,0,Transient-Party,48.0,0,0
Resort Hotel,0,236,2016,May,20,12,0,3,2,0.0,0,BB,GBR,Groups,TA/TO,0,0,0,A,C,0,No Deposit,315.0,0,Transient-Party,48.0,0,0
Resort Hotel,0,236,2016,May,20,12,0,3,2,0.0,0,BB,GBR,Groups,TA/TO,0,0,0,A,D,0,No Deposit,315.0,0,Transient-Party,48.0,0,1
Resort Hotel,0,236,2016,May,20,12,0,3,2,0.0,0,BB,GBR,Groups,TA/TO,0,0,0,A,A,0,No Deposit,315.0,0,Transient-Party,48.0,0,0
Resort Hotel,1,236,2016,May,20,12,1,3,2,0.0,0,BB,PRT,Groups,TA/TO,0,0,0,A,A,0,No Deposit,315.0,0,Transient-Party,48.0,0,0
Resort Hotel,1,236,2016,May,20,12,1,3,2,0.0,0,BB,PRT,Groups,TA/TO,0,0,0,A,A,0,No Deposit,315.0,0,Transient-Party,48.0,0,0
Resort Hotel,1,236,2016,May,20,12,1,3,2,0.0,0,BB,PRT,Groups,TA/TO,0,0,0,A,A,0,No Deposit,315.0,0,Transient-Party,48.0,0,0
Resort Hotel,1,236,2016,May,20,12,1,3,2,0.0,0,BB,PRT,Groups,TA/TO,0,0,0,A,A,0,No Deposit,315.0,0,Transient-Party,48.0,0,0
Resort Hotel,1,236,2016,May,20,12,1,3,2,0.0,0,BB,PRT,Groups,TA/TO,0,0,0,A,A,0,No Deposit,315.0,0,Transient-Party,48.0,0,0
Resort Hotel,1,236,2016,May,20,12,1,3,2,0.0,0,BB,PRT,Groups,TA/TO,0,0,0,A,A,0,No Deposit,315.0,0,Transient-Party,48.0,0,0
Resort Hotel,0,236,2016,May,20,12,1,3,2,0.0,0,SC,GBR,Groups,TA/TO,0,0,0,A,I,0,No Deposit,315.0,0,Transient-Party,0.0,0,0
Resort Hotel,1,236,2016,May,20,12,1,3,2,0.0,0,BB,PRT,Groups,TA/TO,0,0,0,A,A,0,No Deposit,315.0,0,Transient-Party,48.0,0,0
Resort Hotel,1,236,2016,May,20,12,1,3,2,0.0,0,BB,PRT,Groups,TA/TO,0,0,0,A,A,0,No Deposit,315.0,0,Transient-Party,48.0,0,0
Resort Hotel,1,236,2016,May,20,12,1,3,2,0.0,0,BB,PRT,Groups,TA/TO,0,0,0,A,A,0,No Deposit,315.0,0,Transient-Party,48.0,0,0
Resort Hotel,1,236,2016,May,20,12,1,3,2,0.0,0,BB,PRT,Groups,TA/TO,0,0,0,A,A,0,No Deposit,315.0,0,Transient-Party,48.0,0,0
Resort Hotel,1,236,2016,May,20,12,1,3,2,0.0,0,BB,PRT,Groups,TA/TO,0,0,0,A,A,0,No Deposit,315.0,0,Transient-Party,48.0,0,0
Resort Hotel,1,236,2016,May,20,12,1,3,2,0.0,0,BB,PRT,Groups,TA/TO,0,0,0,A,A,0,No Deposit,315.0,0,Transient-Party,48.0,0,0
Resort Hotel,1,236,2016,May,20,12,1,3,2,0.0,0,BB,PRT,Groups,TA/TO,0,0,0,A,A,0,No Deposit,315.0,0,Transient-Party,48.0,0,0
Resort Hotel,1,236,2016,May,20,12,1,3,2,0.0,0,BB,PRT,Groups,TA/TO,0,0,0,A,A,0,No Deposit,315.0,0,Transient-Party,48.0,0,0
Resort Hotel,1,236,2016,May,20,12,1,3,2,0.0,0,BB,PRT,Groups,TA/TO,0,0,0,A,A,0,No Deposit,315.0,0,Transient-Party,48.0,0,0
Resort Hotel,1,236,2016,May,20,12,1,3,2,0.0,0,BB,PRT,Groups,TA/TO,0,0,0,A,A,0,No Deposit,315.0,0,Transient-Party,48.0,0,0
Resort Hotel,1,236,2016,May,20,12,1,3,2,0.0,0,BB,PRT,Groups,TA/TO,0,0,0,A,A,0,No Deposit,315.0,0,Transient-Party,48.0,0,0
Resort Hotel,1,236,2016,May,20,12,1,3,2,0.0,0,BB,PRT,Groups,TA/TO,0,0,0,A,A,0,No Deposit,315.0,0,Transient-Party,48.0,0,0
Resort Hotel,1,236,2016,May,20,12,1,3,2,0.0,0,BB,PRT,Groups,TA/TO,0,0,0,A,A,0,No Deposit,315.0,0,Transient-Party,48.0,0,0
Resort Hotel,1,114,2016,May,20,12,1,3,2,0.0,0,BB,PRT,Online TA,TA/TO,0,0,0,D,D,0,No Deposit,240.0,0,Transient,73.0,0,1
Resort Hotel,1,236,2016,May,20,12,1,3,2,0.0,0,BB,PRT,Groups,TA/TO,0,0,0,A,A,0,No Deposit,315.0,0,Transient-Party,48.0,0,0
Resort Hotel,1,236,2016,May,20,12,1,3,2,0.0,0,BB,PRT,Groups,TA/TO,0,0,0,A,A,0,No Deposit,315.0,0,Transient-Party,48.0,0,0
Resort Hotel,1,236,2016,May,20,12,1,3,2,0.0,0,BB,PRT,Groups,TA/TO,0,0,0,A,A,0,No Deposit,315.0,0,Transient-Party,48.0,0,0
Resort Hotel,1,236,2016,May,20,12,1,3,2,0.0,0,BB,PRT,Groups,TA/TO,0,0,0,A,A,0,No Deposit,315.0,0,Transient-Party,48.0,0,0
Resort Hotel,1,236,2016,May,20,12,1,3,2,0.0,0,BB,PRT,Groups,TA/TO,0,0,0,A,A,0,No Deposit,315.0,0,Transient-Party,48.0,0,0
Resort Hotel,1,236,2016,May,20,12,1,3,2,0.0,0,BB,PRT,Groups,TA/TO,0,0,0,A,A,0,No Deposit,315.0,0,Transient-Party,48.0,0,0
Resort Hotel,1,236,2016,May,20,12,1,3,2,0.0,0,BB,PRT,Groups,TA/TO,0,0,0,A,A,0,No Deposit,315.0,0,Transient-Party,48.0,0,0
Resort Hotel,1,197,2016,May,20,12,2,5,2,0.0,0,BB,PRT,Offline TA/TO,TA/TO,0,0,0,E,E,0,No Deposit,314.0,0,Transient,63.36,0,0
Resort Hotel,0,189,2016,May,20,12,2,5,2,0.0,0,HB,DEU,Online TA,TA/TO,0,0,0,E,E,0,No Deposit,240.0,0,Transient,118.0,1,2
Resort Hotel,0,189,2016,May,20,12,2,5,2,0.0,0,HB,DEU,Online TA,TA/TO,0,0,0,E,E,0,No Deposit,240.0,0,Transient,124.0,0,2
Resort Hotel,0,213,2016,May,20,12,2,8,2,0.0,0,BB,GBR,Offline TA/TO,TA/TO,0,0,0,E,E,0,No Deposit,40.0,0,Transient-Party,58.95,0,2
Resort Hotel,0,213,2016,May,20,12,2,8,2,0.0,0,BB,GBR,Offline TA/TO,TA/TO,0,0,0,E,E,0,No Deposit,40.0,0,Transient-Party,58.95,0,2
Resort Hotel,1,54,2016,May,20,13,0,1,2,0.0,0,BB,USA,Online TA,TA/TO,0,0,0,D,D,0,No Deposit,240.0,0,Transient,86.0,0,0
Resort Hotel,1,9,2016,May,20,13,0,2,2,0.0,0,BB,PRT,Direct,Direct,0,0,0,E,E,0,No Deposit,,0,Transient,119.0,0,2
Resort Hotel,1,119,2016,May,20,13,2,2,2,0.0,0,BB,PRT,Online TA,TA/TO,0,0,0,D,D,0,No Deposit,240.0,0,Transient,73.0,0,2
Resort Hotel,1,119,2016,May,20,13,2,2,2,0.0,0,BB,PRT,Online TA,TA/TO,0,0,0,E,E,0,No Deposit,240.0,0,Transient,88.0,0,2
Resort Hotel,1,198,2016,May,20,13,2,4,2,0.0,0,BB,PRT,Online TA,TA/TO,0,0,0,E,E,0,No Deposit,240.0,0,Transient,79.2,0,1
Resort Hotel,0,195,2016,May,20,13,2,5,2,0.0,0,BB,IRL,Offline TA/TO,TA/TO,0,0,0,A,C,0,No Deposit,314.0,0,Transient,43.19,0,2
Resort Hotel,1,259,2016,May,20,13,2,5,2,0.0,0,BB,PRT,Offline TA/TO,TA/TO,0,0,0,A,A,0,No Deposit,314.0,0,Transient,46.4,0,1
Resort Hotel,0,195,2016,May,20,13,2,5,2,0.0,0,BB,IRL,Offline TA/TO,TA/TO,0,0,0,A,C,0,No Deposit,314.0,0,Transient,43.76,0,2
Resort Hotel,1,259,2016,May,20,13,2,5,2,0.0,0,BB,PRT,Offline TA/TO,TA/TO,0,0,0,A,A,0,No Deposit,314.0,0,Transient,46.4,0,1
Resort Hotel,1,3,2016,May,20,13,4,10,2,0.0,0,BB,PRT,Corporate,Corporate,0,0,0,A,A,0,No Deposit,,0,Transient,85.0,0,0
Resort Hotel,1,35,2016,May,20,14,2,4,2,0.0,0,BB,PRT,Online TA,TA/TO,0,0,0,D,D,0,No Deposit,147.0,0,Transient-Party,53.87,0,0
Resort Hotel,1,113,2016,May,20,14,2,4,2,0.0,0,BB,PRT,Offline TA/TO,TA/TO,0,0,0,D,D,0,No Deposit,175.0,0,Transient,52.56,0,0
Resort Hotel,1,39,2016,May,20,14,2,4,2,0.0,0,BB,PRT,Online TA,TA/TO,0,0,0,D,D,0,No Deposit,147.0,0,Transient,53.87,0,0
Resort Hotel,1,35,2016,May,20,14,2,4,2,0.0,0,BB,PRT,Online TA,TA/TO,0,0,0,D,D,0,No Deposit,147.0,0,Transient-Party,53.87,0,0
Resort Hotel,1,158,2016,May,20,14,2,5,2,0.0,0,BB,PRT,Online TA,TA/TO,0,0,0,D,D,0,No Deposit,240.0,0,Transient,65.7,0,2
Resort Hotel,1,128,2016,May,20,14,2,5,2,0.0,0,BB,PRT,Offline TA/TO,TA/TO,0,0,0,D,D,0,No Deposit,147.0,0,Transient-Party,46.18,0,1
Resort Hotel,1,128,2016,May,20,14,2,5,2,0.0,0,BB,PRT,Offline TA/TO,TA/TO,0,0,0,D,D,0,No Deposit,147.0,0,Transient-Party,46.18,0,1
Resort Hotel,1,128,2016,May,20,14,2,5,2,0.0,0,BB,PRT,Offline TA/TO,TA/TO,0,0,0,D,D,0,No Deposit,147.0,0,Transient,46.18,0,1
Resort Hotel,1,190,2016,May,20,14,2,5,2,0.0,0,BB,PRT,Online TA,TA/TO,0,0,0,E,E,0,No Deposit,240.0,0,Transient,79.2,0,2
Resort Hotel,1,120,2016,May,20,14,2,5,2,0.0,0,BB,PRT,Online TA,TA/TO,0,0,0,D,D,0,No Deposit,240.0,0,Transient,73.0,0,3
Resort Hotel,1,115,2016,May,20,14,2,6,2,0.0,0,BB,PRT,Online TA,TA/TO,0,0,0,D,D,0,No Deposit,240.0,0,Transient,73.0,0,1
Resort Hotel,0,206,2016,May,20,14,4,6,2,0.0,0,BB,GBR,Online TA,TA/TO,0,0,0,E,E,0,No Deposit,241.0,0,Transient,59.93,0,0
Resort Hotel,0,211,2016,May,20,14,1,1,2,0.0,0,HB,DEU,Groups,TA/TO,0,0,0,A,D,0,No Deposit,298.0,0,Transient-Party,85.0,0,0
Resort Hotel,0,211,2016,May,20,14,1,1,2,0.0,0,HB,DEU,Groups,TA/TO,0,0,0,A,E,1,No Deposit,298.0,0,Transient-Party,42.5,0,1
Resort Hotel,1,211,2016,May,20,14,1,1,2,0.0,0,HB,PRT,Groups,TA/TO,0,0,0,A,A,0,No Deposit,298.0,0,Transient-Party,86.0,0,0
Resort Hotel,0,211,2016,May,20,14,1,1,2,0.0,0,HB,DEU,Groups,TA/TO,0,0,0,A,A,0,No Deposit,298.0,0,Transient-Party,85.0,0,1
Resort Hotel,0,211,2016,May,20,14,1,1,2,0.0,0,HB,DEU,Groups,TA/TO,0,0,0,A,A,0,No Deposit,298.0,0,Transient-Party,85.0,0,0
Resort Hotel,1,211,2016,May,20,14,1,1,2,0.0,0,HB,PRT,Groups,TA/TO,0,0,0,A,A,0,No Deposit,298.0,0,Transient-Party,85.0,0,0
Resort Hotel,0,211,2016,May,20,14,1,1,2,0.0,0,HB,DEU,Groups,TA/TO,0,0,0,A,A,0,No Deposit,298.0,0,Transient-Party,85.0,0,0
Resort Hotel,0,211,2016,May,20,14,1,1,2,0.0,0,HB,DEU,Groups,TA/TO,0,0,0,A,A,0,No Deposit,298.0,0,Transient-Party,85.0,0,0
Resort Hotel,0,211,2016,May,20,14,1,1,2,0.0,0,HB,DEU,Groups,TA/TO,0,0,0,A,D,0,No Deposit,298.0,0,Transient-Party,85.0,0,0
Resort Hotel,1,211,2016,May,20,14,1,1,2,0.0,0,HB,PRT,Groups,TA/TO,0,0,0,A,A,0,No Deposit,298.0,0,Transient-Party,85.0,0,0
Resort Hotel,1,211,2016,May,20,14,1,1,2,0.0,0,HB,PRT,Groups,TA/TO,0,0,0,A,A,0,No Deposit,298.0,0,Transient-Party,86.0,0,0
Resort Hotel,0,211,2016,May,20,14,1,1,2,0.0,0,HB,DEU,Groups,TA/TO,0,0,0,A,A,0,No Deposit,298.0,0,Transient-Party,85.0,0,0
Resort Hotel,0,211,2016,May,20,14,1,1,2,0.0,0,HB,DEU,Groups,TA/TO,0,0,0,A,D,0,No Deposit,298.0,0,Transient-Party,85.0,0,0
Resort Hotel,1,211,2016,May,20,14,1,1,2,0.0,0,HB,PRT,Groups,TA/TO,0,0,0,A,A,0,No Deposit,298.0,0,Transient-Party,85.0,0,0
Resort Hotel,1,211,2016,May,20,14,1,1,2,0.0,0,HB,PRT,Groups,TA/TO,0,0,0,A,A,0,No Deposit,298.0,0,Transient-Party,86.0,0,0
Resort Hotel,0,211,2016,May,20,14,1,1,2,0.0,0,HB,DEU,Groups,TA/TO,0,0,0,A,A,0,No Deposit,298.0,0,Transient-Party,85.0,0,0
Resort Hotel,0,211,2016,May,20,14,1,1,2,0.0,0,HB,DEU,Groups,TA/TO,0,0,0,A,D,0,No Deposit,298.0,0,Transient-Party,85.0,0,0
Resort Hotel,0,211,2016,May,20,14,1,1,2,0.0,0,HB,DEU,Groups,TA/TO,0,0,0,A,E,0,No Deposit,298.0,0,Transient-Party,85.0,0,0
Resort Hotel,0,211,2016,May,20,14,1,1,2,0.0,0,HB,DEU,Groups,TA/TO,0,0,0,A,A,0,No Deposit,298.0,0,Transient-Party,85.0,0,0
Resort Hotel,0,211,2016,May,20,14,1,1,2,0.0,0,HB,NLD,Groups,TA/TO,0,0,0,A,A,0,No Deposit,298.0,0,Transient-Party,85.0,0,0
Resort Hotel,0,211,2016,May,20,14,1,1,2,0.0,0,HB,DEU,Groups,TA/TO,0,0,0,A,A,0,No Deposit,298.0,0,Transient-Party,85.0,0,0
Resort Hotel,0,211,2016,May,20,14,1,1,2,0.0,0,HB,DEU,Groups,TA/TO,0,0,0,A,D,2,No Deposit,298.0,0,Transient-Party,85.0,0,0
Resort Hotel,1,211,2016,May,20,14,1,1,2,0.0,0,HB,PRT,Groups,TA/TO,0,0,0,A,A,0,No Deposit,298.0,0,Transient-Party,85.0,0,0
Resort Hotel,0,211,2016,May,20,14,1,1,2,0.0,0,HB,DEU,Groups,TA/TO,0,0,0,A,E,0,No Deposit,298.0,0,Transient-Party,85.0,0,0
Resort Hotel,0,211,2016,May,20,14,1,1,2,0.0,0,HB,DEU,Groups,TA/TO,0,0,0,A,A,0,No Deposit,298.0,0,Transient-Party,85.0,0,0
Resort Hotel,1,211,2016,May,20,14,1,1,2,0.0,0,HB,PRT,Groups,TA/TO,0,0,0,A,A,0,No Deposit,298.0,0,Transient-Party,85.0,0,0
Resort Hotel,1,211,2016,May,20,14,1,1,2,0.0,0,HB,PRT,Groups,TA/TO,0,0,0,A,A,0,No Deposit,298.0,0,Transient-Party,85.0,0,0
Resort Hotel,1,211,2016,May,20,14,1,1,2,0.0,0,HB,PRT,Groups,TA/TO,0,0,0,A,A,0,No Deposit,298.0,0,Transient-Party,85.0,0,0
Resort Hotel,0,211,2016,May,20,14,1,1,2,0.0,0,HB,DEU,Groups,TA/TO,0,0,0,A,D,0,No Deposit,298.0,0,Transient-Party,85.0,0,0
Resort Hotel,0,211,2016,May,20,14,1,1,2,0.0,0,HB,DEU,Groups,TA/TO,0,0,0,A,A,0,No Deposit,298.0,0,Transient-Party,85.0,0,0
Resort Hotel,0,211,2016,May,20,14,1,1,2,0.0,0,HB,DEU,Groups,TA/TO,0,0,0,A,C,0,No Deposit,298.0,0,Transient-Party,85.0,0,0
Resort Hotel,1,211,2016,May,20,14,1,1,2,0.0,0,HB,PRT,Groups,TA/TO,0,0,0,A,A,0,No Deposit,298.0,0,Transient-Party,86.0,0,0
Resort Hotel,0,9,2016,May,21,15,0,0,2,0.0,0,BB,PRT,Groups,Direct,0,0,0,A,A,0,No Deposit,,0,Transient-Party,0.0,0,0
Resort Hotel,1,9,2016,May,21,15,1,0,2,0.0,0,BB,PRT,Groups,Direct,0,0,0,A,A,0,Non Refund,,0,Transient-Party,8.0,0,0
Resort Hotel,1,9,2016,May,21,15,1,0,2,0.0,0,BB,PRT,Groups,TA/TO,0,0,0,A,A,0,No Deposit,315.0,0,Transient-Party,70.0,0,0
Resort Hotel,1,9,2016,May,21,15,1,0,2,0.0,0,BB,PRT,Groups,TA/TO,0,0,0,A,A,0,No Deposit,315.0,0,Transient-Party,70.0,0,0
Resort Hotel,1,9,2016,May,21,15,1,0,2,0.0,0,BB,PRT,Groups,TA/TO,0,0,0,A,A,0,No Deposit,315.0,0,Transient-Party,70.0,0,0
Resort Hotel,1,9,2016,May,21,15,1,0,2,0.0,0,BB,PRT,Groups,TA/TO,0,0,0,A,A,0,No Deposit,315.0,0,Transient-Party,70.0,0,0
Resort Hotel,1,9,2016,May,21,15,1,0,2,0.0,0,BB,PRT,Groups,TA/TO,0,0,0,A,A,0,No Deposit,315.0,0,Transient-Party,70.0,0,0
Resort Hotel,1,9,2016,May,21,15,1,0,2,0.0,0,BB,PRT,Groups,TA/TO,0,0,0,A,A,0,No Deposit,315.0,0,Transient-Party,70.0,0,0
Resort Hotel,1,9,2016,May,21,15,1,0,2,0.0,0,BB,PRT,Groups,TA/TO,0,0,0,A,A,0,No Deposit,315.0,0,Transient-Party,70.0,0,0
Resort Hotel,1,9,2016,May,21,15,1,0,2,0.0,0,BB,PRT,Groups,TA/TO,0,0,0,A,A,0,No Deposit,315.0,0,Transient-Party,70.0,0,0
Resort Hotel,1,9,2016,May,21,15,1,0,2,0.0,0,BB,PRT,Groups,TA/TO,0,0,0,A,A,0,No Deposit,315.0,0,Transient-Party,70.0,0,0
Resort Hotel,1,9,2016,May,21,15,1,0,2,0.0,0,BB,PRT,Groups,TA/TO,0,0,0,A,A,0,No Deposit,315.0,0,Transient-Party,70.0,0,0
Resort Hotel,1,9,2016,May,21,15,1,0,2,0.0,0,BB,PRT,Groups,TA/TO,0,0,0,A,A,0,No Deposit,315.0,0,Transient-Party,70.0,0,0
Resort Hotel,1,9,2016,May,21,15,1,0,2,0.0,0,BB,PRT,Groups,TA/TO,0,0,0,A,A,0,No Deposit,315.0,0,Transient-Party,70.0,0,0
Resort Hotel,1,9,2016,May,21,15,1,0,2,0.0,0,BB,PRT,Groups,TA/TO,0,0,0,A,A,0,No Deposit,315.0,0,Transient-Party,70.0,0,0
Resort Hotel,1,9,2016,May,21,15,1,0,2,0.0,0,BB,PRT,Groups,TA/TO,0,0,0,A,A,0,No Deposit,315.0,0,Transient-Party,70.0,0,0
Resort Hotel,1,9,2016,May,21,15,1,0,2,0.0,0,BB,PRT,Groups,TA/TO,0,0,0,A,A,0,No Deposit,315.0,0,Transient-Party,70.0,0,0
Resort Hotel,1,9,2016,May,21,15,1,0,2,0.0,0,BB,PRT,Groups,TA/TO,0,0,0,A,A,0,No Deposit,315.0,0,Transient-Party,70.0,0,0
Resort Hotel,1,9,2016,May,21,15,1,0,2,0.0,0,BB,PRT,Groups,Direct,0,0,0,A,A,0,Non Refund,,0,Transient-Party,8.0,0,0
Resort Hotel,1,9,2016,May,21,15,1,0,2,0.0,0,BB,PRT,Groups,TA/TO,0,0,0,A,A,0,No Deposit,315.0,0,Transient-Party,70.0,0,0
Resort Hotel,1,9,2016,May,21,15,1,0,2,0.0,0,BB,PRT,Groups,TA/TO,0,0,0,A,A,0,No Deposit,315.0,0,Transient-Party,70.0,0,0
Resort Hotel,1,9,2016,May,21,15,1,0,2,0.0,0,BB,PRT,Groups,TA/TO,0,0,0,A,A,0,No Deposit,315.0,0,Transient-Party,70.0,0,0
Resort Hotel,1,9,2016,May,21,15,1,0,2,0.0,0,BB,PRT,Groups,TA/TO,0,0,0,A,A,0,No Deposit,315.0,0,Transient-Party,70.0,0,0
Resort Hotel,1,9,2016,May,21,15,1,0,2,0.0,0,BB,PRT,Groups,TA/TO,0,0,0,A,A,0,No Deposit,315.0,0,Transient-Party,70.0,0,0
Resort Hotel,1,9,2016,May,21,15,1,0,2,0.0,0,BB,PRT,Groups,TA/TO,0,0,0,A,A,0,No Deposit,315.0,0,Transient-Party,70.0,0,0
Resort Hotel,1,9,2016,May,21,15,1,0,2,0.0,0,BB,PRT,Groups,TA/TO,0,0,0,A,A,0,No Deposit,315.0,0,Transient-Party,70.0,0,0
Resort Hotel,1,9,2016,May,21,15,1,0,2,0.0,0,BB,PRT,Groups,TA/TO,0,0,0,A,A,0,No Deposit,315.0,0,Transient-Party,70.0,0,0
Resort Hotel,1,9,2016,May,21,15,1,0,2,0.0,0,BB,PRT,Groups,TA/TO,0,0,0,A,A,0,No Deposit,315.0,0,Transient-Party,70.0,0,0
Resort Hotel,1,9,2016,May,21,15,1,0,2,0.0,0,BB,PRT,Groups,TA/TO,0,0,0,A,A,0,No Deposit,315.0,0,Transient-Party,70.0,0,0
Resort Hotel,1,9,2016,May,21,15,1,0,2,0.0,0,BB,PRT,Groups,TA/TO,0,0,0,A,A,0,No Deposit,315.0,0,Transient-Party,70.0,0,0
Resort Hotel,1,137,2016,May,21,15,2,0,2,0.0,0,BB,PRT,Online TA,TA/TO,0,0,0,E,E,0,No Deposit,242.0,0,Transient,79.2,0,1
Resort Hotel,1,30,2016,May,21,15,2,1,2,0.0,0,HB,PRT,Online TA,TA/TO,0,0,0,F,F,0,No Deposit,241.0,0,Transient,113.19,0,1
Resort Hotel,0,239,2016,May,21,15,2,5,2,0.0,0,BB,GBR,Offline TA/TO,TA/TO,0,0,0,A,A,0,No Deposit,314.0,0,Transient,46.4,0,0
Resort Hotel,1,117,2016,May,21,15,2,5,2,0.0,0,BB,PRT,Offline TA/TO,TA/TO,0,0,0,D,D,0,No Deposit,243.0,0,Contract,46.75,0,0
Resort Hotel,0,208,2016,May,21,15,4,7,2,0.0,0,BB,IRL,Offline TA/TO,TA/TO,0,0,0,A,C,1,No Deposit,171.0,0,Transient,41.4,0,2
Resort Hotel,1,62,2016,May,21,16,1,0,2,0.0,0,BB,CHE,Online TA,TA/TO,0,0,0,A,A,0,No Deposit,240.0,0,Transient,58.0,0,0
Resort Hotel,1,0,2016,May,21,16,1,0,2,0.0,0,BB,PRT,Direct,Corporate,0,0,0,A,A,0,No Deposit,,0,Transient,63.0,0,0
Resort Hotel,1,65,2016,May,21,16,1,0,2,0.0,0,BB,CHE,Online TA,TA/TO,0,0,0,A,A,0,No Deposit,240.0,0,Transient,58.0,0,0
Resort Hotel,0,213,2016,May,21,16,1,1,2,0.0,0,HB,DEU,Groups,TA/TO,0,0,0,A,A,0,No Deposit,298.0,0,Transient-Party,87.0,0,0
Resort Hotel,0,213,2016,May,21,16,1,1,2,0.0,0,HB,DEU,Groups,TA/TO,0,0,0,A,A,0,No Deposit,298.0,0,Transient-Party,85.0,0,0
Resort Hotel,0,213,2016,May,21,16,1,1,2,0.0,0,HB,DEU,Groups,TA/TO,0,0,0,A,C,0,No Deposit,298.0,0,Transient-Party,85.0,0,0
Resort Hotel,0,213,2016,May,21,16,1,1,2,0.0,0,HB,DEU,Groups,TA/TO,0,0,0,A,A,0,No Deposit,298.0,0,Transient-Party,85.0,0,0
Resort Hotel,0,213,2016,May,21,16,1,1,2,0.0,0,HB,DEU,Groups,TA/TO,0,0,0,A,A,0,No Deposit,298.0,0,Transient-Party,87.0,0,0
Resort Hotel,0,213,2016,May,21,16,1,1,2,0.0,0,HB,DEU,Groups,TA/TO,0,0,0,A,A,0,No Deposit,298.0,0,Transient-Party,85.0,0,0
Resort Hotel,0,213,2016,May,21,16,1,1,2,0.0,0,HB,DEU,Groups,TA/TO,0,0,0,A,A,0,No Deposit,298.0,0,Transient-Party,87.0,0,0
Resort Hotel,0,213,2016,May,21,16,1,1,2,0.0,0,HB,DEU,Groups,TA/TO,0,0,0,A,C,0,No Deposit,298.0,0,Transient-Party,85.0,0,0
Resort Hotel,0,213,2016,May,21,16,1,1,2,0.0,0,HB,DEU,Groups,TA/TO,0,0,0,A,C,0,No Deposit,298.0,0,Transient-Party,85.0,0,0
Resort Hotel,1,213,2016,May,21,16,1,1,2,0.0,0,HB,PRT,Groups,TA/TO,0,0,0,A,A,0,No Deposit,298.0,0,Transient-Party,85.0,0,0
Resort Hotel,1,213,2016,May,21,16,1,1,2,0.0,0,HB,PRT,Groups,TA/TO,0,0,0,A,A,0,No Deposit,298.0,0,Transient-Party,85.0,0,0
Resort Hotel,1,213,2016,May,21,16,1,1,2,0.0,0,HB,PRT,Groups,TA/TO,0,0,0,A,A,0,No Deposit,298.0,0,Transient-Party,85.0,0,0
Resort Hotel,0,213,2016,May,21,16,1,1,2,0.0,0,HB,DEU,Groups,TA/TO,0,0,0,A,I,0,No Deposit,298.0,0,Transient-Party,0.0,0,0
Resort Hotel,0,213,2016,May,21,16,1,1,2,0.0,0,HB,DEU,Groups,TA/TO,0,0,0,A,C,0,No Deposit,298.0,0,Transient-Party,87.0,0,0
Resort Hotel,0,213,2016,May,21,16,1,1,2,0.0,0,HB,DEU,Groups,TA/TO,0,0,0,A,C,0,No Deposit,298.0,0,Transient-Party,85.0,0,0
Resort Hotel,1,213,2016,May,21,16,1,1,2,0.0,0,HB,PRT,Groups,TA/TO,0,0,0,A,A,0,No Deposit,298.0,0,Transient-Party,85.0,0,0
Resort Hotel,1,213,2016,May,21,16,1,1,2,0.0,0,HB,PRT,Groups,TA/TO,0,0,0,A,A,0,No Deposit,298.0,0,Transient-Party,85.0,0,0
Resort Hotel,0,213,2016,May,21,16,1,1,2,0.0,0,HB,DEU,Groups,TA/TO,0,0,0,A,A,0,No Deposit,298.0,0,Transient-Party,85.0,0,0
Resort Hotel,0,213,2016,May,21,16,1,1,2,0.0,0,HB,DEU,Groups,TA/TO,0,0,0,A,A,0,No Deposit,298.0,0,Transient-Party,85.0,0,0
Resort Hotel,0,213,2016,May,21,16,1,1,2,0.0,0,HB,DEU,Groups,TA/TO,0,0,0,A,A,0,No Deposit,298.0,0,Transient-Party,85.0,0,0
Resort Hotel,1,213,2016,May,21,16,1,1,2,0.0,0,HB,PRT,Groups,TA/TO,0,0,0,A,A,0,No Deposit,298.0,0,Transient-Party,85.0,0,0
Resort Hotel,1,213,2016,May,21,16,1,1,2,0.0,0,HB,PRT,Groups,TA/TO,0,0,0,A,A,0,No Deposit,298.0,0,Transient-Party,85.0,0,0
Resort Hotel,0,213,2016,May,21,16,1,1,2,0.0,0,HB,DEU,Groups,TA/TO,0,0,0,A,A,0,No Deposit,298.0,0,Transient-Party,85.0,0,0
Resort Hotel,0,213,2016,May,21,16,1,1,2,0.0,0,HB,DEU,Groups,TA/TO,0,0,0,A,A,0,No Deposit,298.0,0,Transient-Party,85.0,0,0
Resort Hotel,0,213,2016,May,21,16,1,1,2,0.0,0,HB,DEU,Groups,TA/TO,0,0,0,A,A,0,No Deposit,298.0,0,Transient,85.0,0,0
Resort Hotel,0,213,2016,May,21,16,1,1,2,0.0,0,HB,DEU,Groups,TA/TO,0,0,0,A,C,0,No Deposit,298.0,0,Transient-Party,85.0,0,0
Resort Hotel,0,213,2016,May,21,16,1,1,2,0.0,0,HB,DEU,Groups,TA/TO,0,0,0,A,A,0,No Deposit,298.0,0,Transient-Party,85.0,0,0
Resort Hotel,1,213,2016,May,21,16,1,1,2,0.0,0,HB,PRT,Groups,TA/TO,0,0,0,A,A,0,No Deposit,298.0,0,Transient-Party,85.0,0,0
Resort Hotel,1,213,2016,May,21,16,1,1,2,0.0,0,HB,PRT,Groups,TA/TO,0,0,0,A,A,0,No Deposit,298.0,0,Transient-Party,85.0,0,0
Resort Hotel,0,213,2016,May,21,16,1,1,2,0.0,0,HB,DEU,Groups,TA/TO,0,0,0,A,A,0,No Deposit,298.0,0,Transient-Party,85.0,0,0
Resort Hotel,0,213,2016,May,21,16,1,1,2,0.0,0,HB,DEU,Groups,TA/TO,0,0,0,A,A,0,No Deposit,298.0,0,Transient-Party,85.0,0,0
Resort Hotel,0,213,2016,May,21,16,1,1,2,0.0,0,HB,DEU,Groups,TA/TO,0,0,0,A,A,0,No Deposit,298.0,0,Transient-Party,85.0,0,0
Resort Hotel,1,213,2016,May,21,16,1,1,2,0.0,0,HB,PRT,Groups,TA/TO,0,0,0,A,A,0,No Deposit,298.0,0,Transient-Party,85.0,0,0
Resort Hotel,1,213,2016,May,21,16,1,1,2,0.0,0,HB,PRT,Groups,TA/TO,0,0,0,A,A,0,No Deposit,298.0,0,Transient-Party,85.0,0,0
Resort Hotel,0,201,2016,May,21,16,1,5,2,0.0,0,BB,GBR,Offline TA/TO,TA/TO,0,0,0,D,D,0,No Deposit,115.0,0,Transient,52.2,0,2
Resort Hotel,1,95,2016,May,21,16,1,5,2,0.0,0,BB,PRT,Online TA,TA/TO,0,0,0,D,D,0,No Deposit,240.0,0,Transient,73.0,0,1
Resort Hotel,1,39,2016,May,21,16,1,5,2,0.0,0,BB,ESP,Online TA,TA/TO,0,0,0,A,A,0,No Deposit,240.0,0,Transient,75.0,0,0
Resort Hotel,1,95,2016,May,21,16,1,5,2,0.0,0,BB,PRT,Online TA,TA/TO,0,0,0,D,D,0,No Deposit,240.0,0,Transient,79.0,0,0
Resort Hotel,0,201,2016,May,21,16,1,5,2,0.0,0,BB,GBR,Offline TA/TO,TA/TO,0,0,0,D,D,0,No Deposit,115.0,0,Transient,52.2,0,2
Resort Hotel,1,263,2016,May,21,16,2,5,2,0.0,0,BB,PRT,Online TA,TA/TO,0,0,0,A,A,0,No Deposit,240.0,0,Transient,46.98,0,0
Resort Hotel,0,265,2016,May,21,16,3,7,2,0.0,0,BB,GBR,Offline TA/TO,TA/TO,0,0,0,D,D,0,No Deposit,40.0,0,Contract,46.75,0,1
Resort Hotel,1,250,2016,May,21,16,3,7,2,0.0,0,BB,PRT,Online TA,TA/TO,0,0,0,E,E,0,No Deposit,240.0,0,Transient,79.2,0,2
Resort Hotel,1,215,2016,May,21,16,3,7,2,0.0,0,BB,PRT,Online TA,TA/TO,0,0,0,G,G,0,No Deposit,240.0,0,Transient,101.7,0,2
Resort Hotel,0,215,2016,May,21,16,3,7,2,0.0,0,HB,GBR,Offline TA/TO,TA/TO,0,0,0,D,D,0,No Deposit,40.0,0,Transient,74.76,0,0
Resort Hotel,0,265,2016,May,21,16,3,7,2,0.0,0,BB,IRL,Offline TA/TO,TA/TO,0,0,0,D,D,0,No Deposit,40.0,0,Contract,46.75,0,1
Resort Hotel,1,5,2016,May,21,16,3,7,2,0.0,0,BB,PRT,Corporate,Corporate,0,0,0,D,D,0,No Deposit,,0,Transient,85.0,0,0
Resort Hotel,0,201,2016,May,21,16,3,8,2,0.0,0,BB,DEU,Online TA,TA/TO,0,0,0,A,A,0,No Deposit,240.0,0,Transient-Party,46.98,0,2
Resort Hotel,0,189,2016,May,21,16,3,8,2,0.0,0,BB,DEU,Online TA,TA/TO,0,0,0,A,A,0,No Deposit,240.0,0,Transient-Party,48.08,0,1
Resort Hotel,0,201,2016,May,21,16,3,8,2,0.0,0,BB,DEU,Online TA,TA/TO,0,0,0,A,C,0,No Deposit,240.0,0,Transient-Party,46.98,0,2
Resort Hotel,0,201,2016,May,21,16,3,8,2,0.0,0,BB,DEU,Online TA,TA/TO,0,0,0,A,A,0,No Deposit,240.0,0,Transient,46.98,0,2
Resort Hotel,0,201,2016,May,21,16,3,8,2,0.0,0,BB,DEU,Online TA,TA/TO,0,0,0,A,A,0,No Deposit,240.0,0,Transient-Party,46.98,0,2
Resort Hotel,0,196,2016,May,21,16,2,5,2,0.0,0,BB,PRT,Offline TA/TO,TA/TO,0,0,0,A,A,0,No Deposit,36.0,0,Transient,41.75,0,0
Resort Hotel,1,151,2016,May,21,17,0,4,2,0.0,0,BB,PRT,Groups,TA/TO,0,0,0,A,A,0,Non Refund,,0,Transient,46.0,0,0
Resort Hotel,1,151,2016,May,21,17,0,4,2,0.0,0,BB,PRT,Groups,TA/TO,0,0,0,A,A,0,Non Refund,,0,Transient,46.0,0,0
Resort Hotel,1,151,2016,May,21,17,0,4,2,0.0,0,BB,PRT,Groups,TA/TO,0,0,0,A,A,0,Non Refund,,0,Transient,46.0,0,0
Resort Hotel,1,151,2016,May,21,17,0,4,2,0.0,0,BB,PRT,Groups,TA/TO,0,0,0,A,A,0,Non Refund,,0,Transient,46.0,0,0
Resort Hotel,1,151,2016,May,21,17,0,4,2,0.0,0,BB,PRT,Groups,TA/TO,0,0,0,A,A,0,Non Refund,,0,Transient,46.0,0,0
Resort Hotel,1,151,2016,May,21,17,0,4,2,0.0,0,BB,PRT,Groups,TA/TO,0,0,0,A,A,0,Non Refund,,0,Transient,46.0,0,0
Resort Hotel,1,151,2016,May,21,17,0,4,2,0.0,0,BB,PRT,Groups,TA/TO,0,0,0,A,A,0,Non Refund,,0,Transient,46.0,0,0
Resort Hotel,1,151,2016,May,21,17,0,4,2,0.0,0,BB,PRT,Groups,TA/TO,0,0,0,A,A,0,Non Refund,,0,Transient,46.0,0,0
Resort Hotel,1,151,2016,May,21,17,0,4,2,0.0,0,BB,PRT,Groups,TA/TO,0,0,0,A,A,0,Non Refund,,0,Transient,46.0,0,0
Resort Hotel,1,151,2016,May,21,17,0,4,2,0.0,0,BB,PRT,Groups,TA/TO,0,0,0,A,A,0,Non Refund,,0,Transient,46.0,0,0
Resort Hotel,1,40,2016,May,21,17,0,5,2,0.0,0,BB,ESP,Online TA,TA/TO,0,0,0,A,A,0,No Deposit,240.0,0,Transient,75.0,0,0
Resort Hotel,0,253,2016,May,21,17,2,5,2,0.0,0,BB,GBR,Offline TA/TO,TA/TO,0,0,0,A,A,0,No Deposit,314.0,0,Transient,46.4,0,1
Resort Hotel,0,224,2016,May,21,17,2,5,2,0.0,0,BB,GBR,Offline TA/TO,TA/TO,0,0,0,A,A,0,No Deposit,143.0,0,Contract,37.4,0,2
Resort Hotel,0,224,2016,May,21,17,2,5,2,0.0,0,BB,GBR,Offline TA/TO,TA/TO,0,0,0,A,A,0,No Deposit,143.0,0,Contract,37.4,0,2
Resort Hotel,1,132,2016,May,21,17,2,5,2,0.0,0,BB,PRT,Online TA,TA/TO,0,0,0,E,E,0,No Deposit,240.0,0,Transient,79.2,0,1
Resort Hotel,1,143,2016,May,21,17,2,5,2,0.0,0,BB,PRT,Online TA,TA/TO,0,0,0,A,A,1,No Deposit,240.0,0,Transient,52.2,0,2
Resort Hotel,1,199,2016,May,21,17,2,5,2,0.0,0,HB,PRT,Online TA,TA/TO,0,0,0,E,E,0,No Deposit,240.0,0,Transient,118.0,0,1
Resort Hotel,1,132,2016,May,21,17,2,5,2,0.0,0,BB,PRT,Online TA,TA/TO,0,0,0,E,E,0,No Deposit,240.0,0,Transient,79.2,0,1
Resort Hotel,0,139,2016,May,21,17,2,6,2,0.0,0,HB,IRL,Offline TA/TO,TA/TO,0,0,0,E,I,0,No Deposit,143.0,0,Transient,5.25,0,0
Resort Hotel,0,239,2016,May,21,17,2,8,2,0.0,0,BB,GBR,Offline TA/TO,TA/TO,0,0,0,E,E,0,No Deposit,175.0,0,Transient,63.36,0,0
Resort Hotel,1,37,2016,May,21,18,2,4,2,0.0,0,BB,ARG,Online TA,TA/TO,0,0,0,D,D,0,No Deposit,240.0,0,Transient,96.0,0,0
Resort Hotel,0,191,2016,May,21,18,2,5,2,0.0,0,BB,NLD,Online TA,TA/TO,0,0,0,A,A,0,No Deposit,240.0,0,Transient,46.98,0,1
Resort Hotel,1,76,2016,May,21,18,2,5,2,0.0,0,BB,PRT,Online TA,TA/TO,0,0,0,A,A,1,No Deposit,240.0,0,Transient,65.0,0,1
Resort Hotel,1,124,2016,May,21,18,2,5,2,0.0,0,BB,PRT,Online TA,TA/TO,0,0,0,A,A,0,No Deposit,240.0,0,Transient,58.0,0,1
Resort Hotel,1,124,2016,May,21,18,2,5,2,0.0,0,BB,PRT,Online TA,TA/TO,0,0,0,A,A,0,No Deposit,240.0,0,Transient,58.0,0,1
Resort Hotel,1,92,2016,May,21,18,0,2,2,0.0,0,BB,PRT,Direct,Direct,0,0,0,D,D,0,No Deposit,250.0,0,Transient,67.2,0,0
Resort Hotel,1,8,2016,May,21,18,0,2,2,0.0,0,BB,PRT,Direct,Direct,0,0,0,A,A,0,No Deposit,,0,Transient,72.0,0,0
Resort Hotel,1,144,2016,May,21,18,4,9,2,0.0,0,BB,PRT,Online TA,TA/TO,0,0,0,E,E,0,No Deposit,240.0,0,Transient,79.2,0,0
Resort Hotel,1,41,2016,May,21,19,0,1,2,0.0,0,BB,DEU,Online TA,TA/TO,0,0,0,E,E,0,No Deposit,240.0,0,Transient,105.0,0,0
Resort Hotel,1,0,2016,May,21,19,0,1,2,0.0,0,BB,PRT,Direct,Direct,0,0,0,A,B,0,No Deposit,,0,Transient,82.0,0,0
Resort Hotel,0,3,2016,May,21,19,0,2,2,0.0,0,BB,PRT,Complementary,TA/TO,0,0,0,F,G,0,No Deposit,69.0,0,Transient,0.0,0,2
Resort Hotel,1,80,2016,May,21,19,1,3,2,0.0,0,HB,PRT,Online TA,TA/TO,0,0,0,D,D,0,No Deposit,240.0,0,Transient,110.25,0,1
Resort Hotel,1,124,2016,May,21,19,2,3,2,0.0,0,BB,PRT,Online TA,TA/TO,0,0,0,A,A,0,No Deposit,240.0,0,Transient,58.0,0,1
Resort Hotel,0,304,2016,May,21,19,2,5,2,0.0,0,BB,GBR,Offline TA/TO,TA/TO,0,0,0,A,A,0,No Deposit,40.0,0,Contract,39.83,0,0
Resort Hotel,0,304,2016,May,21,19,2,5,2,0.0,0,BB,GBR,Offline TA/TO,TA/TO,0,0,0,A,A,0,No Deposit,40.0,0,Contract,39.83,0,0
Resort Hotel,0,274,2016,May,21,19,2,6,2,0.0,0,BB,IRL,Offline TA/TO,TA/TO,0,0,0,A,A,0,No Deposit,156.0,0,Transient,41.33,0,2
Resort Hotel,1,125,2016,May,21,19,2,7,2,0.0,0,BB,PRT,Online TA,TA/TO,0,0,0,E,E,0,No Deposit,240.0,0,Transient,88.0,0,1
Resort Hotel,0,237,2016,May,21,19,2,8,2,0.0,0,BB,GBR,Offline TA/TO,TA/TO,0,0,0,E,E,0,No Deposit,40.0,0,Contract,58.95,0,0
Resort Hotel,1,101,2016,May,21,19,3,8,2,0.0,0,BB,PRT,Offline TA/TO,TA/TO,0,0,0,E,E,0,No Deposit,96.0,0,Transient-Party,63.0,0,0
Resort Hotel,1,118,2016,May,21,19,3,8,2,0.0,0,BB,PRT,Offline TA/TO,TA/TO,0,0,0,E,E,0,No Deposit,96.0,0,Transient-Party,60.3,0,1
Resort Hotel,1,118,2016,May,21,19,3,8,2,0.0,0,BB,PRT,Offline TA/TO,TA/TO,0,0,0,E,E,0,No Deposit,96.0,0,Transient-Party,60.3,0,1
Resort Hotel,1,101,2016,May,21,19,3,8,2,0.0,0,BB,PRT,Offline TA/TO,TA/TO,0,0,0,E,E,0,No Deposit,96.0,0,Transient-Party,63.0,0,0
Resort Hotel,1,66,2016,May,21,20,0,1,2,0.0,0,BB,ESP,Online TA,TA/TO,0,0,0,D,D,0,No Deposit,240.0,0,Transient,86.0,0,0
Resort Hotel,1,109,2016,May,21,20,0,2,2,0.0,0,BB,PRT,Direct,Direct,0,0,0,E,E,0,No Deposit,250.0,0,Transient,74.7,0,1
Resort Hotel,1,32,2016,May,21,20,0,2,2,0.0,0,BB,ESP,Online TA,TA/TO,0,0,0,E,E,0,No Deposit,240.0,0,Transient,105.0,0,0
Resort Hotel,1,2,2016,May,21,20,0,2,2,0.0,0,BB,CN,Online TA,TA/TO,0,0,0,A,D,0,No Deposit,240.0,0,Transient,89.0,0,0
Resort Hotel,0,193,2016,May,21,20,2,6,2,0.0,0,BB,IRL,Online TA,TA/TO,0,0,0,A,A,1,No Deposit,240.0,0,Transient,50.02,0,1
Resort Hotel,0,217,2016,May,21,20,2,6,2,0.0,0,HB,GBR,Offline TA/TO,TA/TO,0,0,0,E,E,0,No Deposit,40.0,0,Transient,84.96,0,0
Resort Hotel,1,202,2016,May,21,20,3,7,2,0.0,0,BB,PRT,Online TA,TA/TO,0,0,0,E,E,0,No Deposit,240.0,0,Transient,118.0,0,1
Resort Hotel,1,178,2016,May,21,20,4,7,2,0.0,0,BB,PRT,Online TA,TA/TO,0,0,0,A,A,0,No Deposit,240.0,0,Transient,57.11,0,1
Resort Hotel,1,171,2016,May,21,20,4,10,2,0.0,0,BB,PRT,Online TA,TA/TO,0,0,0,E,E,0,No Deposit,240.0,0,Transient,82.03,0,0
Resort Hotel,1,0,2016,May,21,21,0,1,2,0.0,0,BB,PRT,Online TA,TA/TO,0,0,0,A,A,0,No Deposit,240.0,0,Transient,89.0,0,0
Resort Hotel,1,126,2016,May,21,21,0,1,2,0.0,0,BB,PRT,Complementary,Corporate,0,0,0,A,C,2,No Deposit,,0,Transient,0.0,0,0
Resort Hotel,1,1,2016,May,21,21,0,1,2,0.0,0,BB,PRT,Direct,Direct,0,0,0,A,A,0,No Deposit,,0,Transient,89.0,0,0
Resort Hotel,1,126,2016,May,21,21,0,1,2,0.0,0,BB,PRT,Complementary,Corporate,0,0,0,A,C,2,No Deposit,,0,Transient,0.0,0,0
Resort Hotel,1,79,2016,May,21,21,0,1,2,0.0,0,BB,PRT,Online TA,TA/TO,0,0,0,D,D,0,No Deposit,240.0,0,Transient,80.0,0,1
Resort Hotel,1,78,2016,May,21,21,0,1,2,0.0,0,BB,PRT,Online TA,TA/TO,0,0,0,D,D,0,No Deposit,240.0,0,Transient,80.0,0,0
Resort Hotel,1,116,2016,May,21,21,1,1,2,0.0,0,BB,PRT,Offline TA/TO,TA/TO,0,0,0,A,A,0,No Deposit,95.0,0,Transient,41.4,0,0
Resort Hotel,0,210,2016,May,21,21,1,1,2,0.0,0,BB,BEL,Direct,Direct,0,0,0,F,F,0,No Deposit,250.0,0,Transient,89.3,1,0
Resort Hotel,1,82,2016,May,21,21,2,1,2,0.0,0,BB,PRT,Online TA,TA/TO,0,0,0,D,D,0,No Deposit,240.0,0,Transient,75.33,0,1
Resort Hotel,1,117,2016,May,21,21,2,1,2,0.0,0,BB,PRT,Online TA,TA/TO,0,0,0,D,D,0,No Deposit,240.0,0,Transient,103.0,0,1
Resort Hotel,1,123,2016,May,21,21,2,1,2,0.0,0,HB,PRT,Online TA,TA/TO,0,0,0,A,A,2,No Deposit,240.0,0,Transient-Party,88.0,0,2
Resort Hotel,1,123,2016,May,21,21,2,1,2,0.0,0,HB,PRT,Online TA,TA/TO,0,0,0,A,A,2,No Deposit,240.0,0,Transient-Party,88.0,0,2
Resort Hotel,1,82,2016,May,21,21,2,4,2,0.0,0,BB,PRT,Online TA,TA/TO,0,0,0,A,A,0,No Deposit,240.0,0,Transient,62.83,0,1
Resort Hotel,0,192,2016,May,21,21,2,5,2,0.0,0,BB,IRL,Online TA,TA/TO,0,0,0,D,D,0,No Deposit,240.0,0,Transient,65.0,0,2
Resort Hotel,1,256,2016,May,21,21,2,5,2,0.0,0,BB,PRT,Online TA,TA/TO,0,0,0,A,A,0,No Deposit,240.0,0,Transient,52.2,0,1
Resort Hotel,1,262,2016,May,21,21,2,5,2,0.0,0,BB,PRT,Online TA,TA/TO,0,0,0,A,A,0,No Deposit,240.0,0,Transient,46.98,0,2
Resort Hotel,0,220,2016,May,21,21,3,6,2,0.0,0,BB,GBR,Groups,Direct,0,0,0,A,A,1,No Deposit,,0,Transient-Party,66.0,0,0
Resort Hotel,0,248,2016,May,21,21,4,6,2,0.0,0,HB,GBR,Offline TA/TO,TA/TO,0,0,0,D,D,1,No Deposit,40.0,0,Contract,76.76,0,1
Resort Hotel,0,236,2016,May,21,21,4,6,2,0.0,0,HB,GBR,Online TA,TA/TO,0,0,0,G,G,0,No Deposit,241.0,0,Transient,113.57,0,2
Resort Hotel,0,212,2016,May,21,21,2,5,2,0.0,0,HB,GBR,Offline TA/TO,TA/TO,0,0,0,D,D,0,No Deposit,40.0,0,Transient,74.76,0,1
Resort Hotel,1,46,2016,May,22,22,1,0,2,0.0,0,HB,BRA,Online TA,TA/TO,0,0,0,A,A,0,No Deposit,240.0,0,Transient,113.0,0,0
Resort Hotel,1,241,2016,May,22,22,2,2,2,0.0,0,BB,PRT,Online TA,TA/TO,0,0,0,A,A,0,No Deposit,240.0,0,Transient,52.2,0,1
Resort Hotel,1,262,2016,May,22,22,2,3,2,0.0,0,BB,PRT,Online TA,TA/TO,0,0,0,A,A,0,No Deposit,240.0,0,Transient,52.2,0,1
Resort Hotel,0,307,2016,May,22,22,4,6,2,0.0,0,BB,GBR,Offline TA/TO,TA/TO,0,0,0,A,A,0,No Deposit,40.0,0,Contract,50.88,0,0
Resort Hotel,0,221,2016,May,22,22,4,6,2,0.0,0,BB,GBR,Groups,Direct,0,0,0,A,A,2,No Deposit,,0,Transient-Party,72.0,1,0
Resort Hotel,1,34,2016,May,22,23,1,1,2,0.0,0,BB,CHN,Online TA,TA/TO,0,0,0,E,E,0,No Deposit,240.0,0,Transient,105.0,0,1
Resort Hotel,1,73,2016,May,22,23,1,2,2,0.0,0,BB,FRA,Online TA,TA/TO,0,0,0,D,D,0,No Deposit,240.0,0,Transient,80.0,0,0
Resort Hotel,1,98,2016,May,22,23,1,4,2,0.0,0,BB,PRT,Online TA,TA/TO,0,0,0,D,D,0,No Deposit,240.0,0,Transient,73.0,0,0
Resort Hotel,1,101,2016,May,22,23,1,5,2,0.0,0,BB,PRT,Online TA,TA/TO,0,0,0,A,A,0,No Deposit,240.0,0,Transient,58.0,0,0
Resort Hotel,0,233,2016,May,22,23,1,5,2,0.0,0,HB,ESP,Online TA,TA/TO,0,0,0,A,A,0,No Deposit,240.0,0,Transient,85.2,1,1
Resort Hotel,1,32,2016,May,22,23,1,3,2,0.0,0,BB,IRL,Online TA,TA/TO,0,0,0,D,D,0,No Deposit,240.0,0,Transient,90.0,0,0
Resort Hotel,0,222,2016,May,22,23,2,5,2,0.0,0,BB,GBR,Groups,Direct,0,0,0,A,C,2,No Deposit,,0,Transient-Party,66.0,0,0
Resort Hotel,0,257,2016,May,22,23,3,8,2,0.0,0,HB,IRL,Direct,Direct,0,0,0,D,D,0,No Deposit,,0,Transient,107.0,0,0
Resort Hotel,0,206,2016,May,22,23,2,5,2,0.0,0,HB,BEL,Direct,Direct,0,0,0,A,A,0,No Deposit,250.0,0,Transient,79.3,0,2
Resort Hotel,1,200,2016,May,22,23,2,5,2,0.0,0,BB,PRT,Offline TA/TO,TA/TO,0,0,0,E,E,0,No Deposit,314.0,0,Transient,63.36,0,0
Resort Hotel,1,68,2016,May,22,24,0,2,2,0.0,0,BB,ESP,Online TA,TA/TO,0,0,0,A,A,2,No Deposit,240.0,0,Transient,77.0,0,0
Resort Hotel,1,30,2016,May,22,24,0,3,2,0.0,0,BB,ESP,Online TA,TA/TO,0,0,0,A,A,0,No Deposit,240.0,0,Transient,75.0,0,0
Resort Hotel,1,209,2016,May,22,24,0,3,2,0.0,0,BB,PRT,Online TA,TA/TO,0,0,0,A,A,0,No Deposit,240.0,0,Transient,48.72,0,1
Resort Hotel,1,197,2016,May,22,24,0,4,2,0.0,0,BB,PRT,Online TA,TA/TO,0,0,0,D,D,0,No Deposit,240.0,0,Transient,65.7,0,0
Resort Hotel,1,139,2016,May,22,24,0,4,2,0.0,0,HB,PRT,Online TA,TA/TO,0,0,0,E,E,1,No Deposit,240.0,0,Transient,118.0,0,1
Resort Hotel,0,222,2016,May,22,24,0,4,2,0.0,0,BB,PRT,Online TA,TA/TO,0,0,0,A,E,0,No Deposit,240.0,0,Transient,52.98,1,1
Resort Hotel,0,223,2016,May,22,24,0,5,2,0.0,0,BB,GBR,Groups,Direct,0,0,0,A,D,2,No Deposit,,0,Transient-Party,67.6,0,0
Resort Hotel,0,223,2016,May,22,24,1,5,2,0.0,0,BB,GBR,Groups,Direct,0,0,0,A,A,2,No Deposit,,0,Transient-Party,67.67,0,0
Resort Hotel,0,223,2016,May,22,24,1,5,2,0.0,0,BB,GBR,Groups,Direct,0,0,0,A,A,1,No Deposit,,0,Transient-Party,66.0,0,0
Resort Hotel,0,223,2016,May,22,24,1,5,2,0.0,0,BB,GBR,Groups,Direct,0,0,0,A,E,1,No Deposit,,0,Transient-Party,66.0,0,0
Resort Hotel,0,223,2016,May,22,24,1,5,2,0.0,0,BB,GBR,Groups,Direct,0,0,0,A,A,1,No Deposit,,0,Transient-Party,45.0,0,0
Resort Hotel,0,223,2016,May,22,24,1,5,2,0.0,0,BB,GBR,Groups,Direct,0,0,0,A,A,1,No Deposit,,0,Transient-Party,66.0,0,1
Resort Hotel,0,223,2016,May,22,24,1,5,2,0.0,0,BB,GBR,Groups,Direct,0,0,0,A,E,1,No Deposit,,0,Transient-Party,66.0,0,0
Resort Hotel,0,223,2016,May,22,24,1,5,2,0.0,0,BB,GBR,Groups,Direct,0,0,0,A,A,1,No Deposit,,0,Transient-Party,66.0,0,0
Resort Hotel,0,223,2016,May,22,24,1,5,2,0.0,0,BB,GBR,Groups,Direct,0,0,0,A,A,1,No Deposit,,0,Transient-Party,66.0,0,0
Resort Hotel,0,223,2016,May,22,24,1,5,2,0.0,0,BB,GBR,Groups,Direct,0,0,0,A,E,1,No Deposit,,0,Transient-Party,69.0,1,0
Resort Hotel,0,223,2016,May,22,24,1,5,2,0.0,0,BB,GBR,Groups,Direct,0,0,0,A,A,3,No Deposit,,0,Transient-Party,66.0,0,0
Resort Hotel,0,223,2016,May,22,24,1,5,2,0.0,0,BB,GBR,Groups,Direct,0,0,0,A,B,2,No Deposit,,0,Transient-Party,66.0,0,0
Resort Hotel,0,223,2016,May,22,24,2,5,2,0.0,0,BB,GBR,Groups,Direct,0,0,0,A,A,1,Refundable,,0,Transient-Party,70.29,1,0
Resort Hotel,0,223,2016,May,22,24,2,5,2,0.0,0,BB,GBR,Groups,Direct,0,0,0,A,E,2,Refundable,,0,Transient-Party,71.14,1,0
Resort Hotel,0,223,2016,May,22,24,2,6,2,0.0,0,BB,GBR,Groups,Direct,0,0,0,A,A,1,No Deposit,,0,Transient-Party,66.75,1,0
Resort Hotel,0,223,2016,May,22,24,2,6,2,0.0,0,BB,GBR,Groups,Direct,0,0,0,A,A,1,No Deposit,,0,Transient-Party,66.0,0,0
Resort Hotel,0,213,2016,May,22,24,2,6,2,0.0,0,BB,IRL,Offline TA/TO,TA/TO,0,0,0,D,D,0,No Deposit,147.0,0,Transient,53.87,0,2
Resort Hotel,0,223,2016,May,22,24,2,6,2,0.0,0,BB,GBR,Online TA,TA/TO,0,0,0,A,C,0,No Deposit,240.0,0,Transient,52.2,0,1
Resort Hotel,1,213,2016,May,22,24,2,7,2,0.0,0,BB,PRT,Offline TA/TO,TA/TO,0,0,0,D,D,0,No Deposit,147.0,0,Transient,55.68,0,1
Resort Hotel,0,227,2016,May,22,24,2,8,2,0.0,0,HB,IRL,Offline TA/TO,TA/TO,0,0,0,D,D,0,No Deposit,175.0,0,Transient,79.13,0,1
Resort Hotel,0,227,2016,May,22,24,2,8,2,0.0,0,HB,IRL,Offline TA/TO,TA/TO,0,0,0,D,D,0,No Deposit,175.0,0,Transient,79.13,0,1
Resort Hotel,1,69,2016,May,22,25,0,1,2,0.0,0,BB,PRT,Online TA,TA/TO,0,0,0,F,F,0,No Deposit,241.0,0,Transient,80.85,0,0
Resort Hotel,1,100,2016,May,22,25,0,4,2,0.0,0,HB,PRT,Online TA,TA/TO,0,0,0,D,D,0,No Deposit,240.0,0,Transient,105.0,0,3
Resort Hotel,1,100,2016,May,22,25,0,4,2,0.0,0,HB,PRT,Offline TA/TO,TA/TO,0,0,0,D,D,0,No Deposit,314.0,0,Transient,78.56,0,0
Resort Hotel,1,100,2016,May,22,25,0,4,2,0.0,0,HB,PRT,Online TA,TA/TO,0,0,0,D,D,0,No Deposit,240.0,0,Transient,105.0,0,0
Resort Hotel,1,100,2016,May,22,25,0,4,2,0.0,0,HB,PRT,Online TA,TA/TO,0,0,0,D,D,0,No Deposit,240.0,0,Transient,105.0,0,2
Resort Hotel,0,224,2016,May,22,25,0,4,2,0.0,0,BB,FRA,Groups,Direct,0,0,0,A,A,1,No Deposit,,0,Transient-Party,46.0,0,0
Resort Hotel,0,224,2016,May,22,25,0,4,2,0.0,0,BB,ITA,Groups,Direct,0,0,0,A,D,3,No Deposit,,0,Transient-Party,66.0,0,0
Resort Hotel,0,224,2016,May,22,25,0,4,2,0.0,0,BB,GBR,Groups,Direct,0,0,0,A,A,0,No Deposit,,0,Transient-Party,66.0,0,0
Resort Hotel,0,224,2016,May,22,25,1,4,2,0.0,0,BB,GBR,Groups,Direct,0,0,0,A,A,3,No Deposit,,0,Transient-Party,65.0,0,0
Resort Hotel,0,224,2016,May,22,25,1,4,2,0.0,0,BB,GBR,Groups,Direct,0,0,0,A,A,4,No Deposit,,0,Transient-Party,52.0,1,1
Resort Hotel,1,105,2016,May,22,25,1,4,2,0.0,0,HB,PRT,Online TA,TA/TO,0,0,0,E,E,0,No Deposit,240.0,0,Transient,130.4,0,0
Resort Hotel,0,224,2016,May,22,25,1,4,2,0.0,0,BB,GBR,Groups,Direct,0,0,0,A,C,1,No Deposit,,0,Transient-Party,66.0,0,0
Resort Hotel,0,224,2016,May,22,25,1,4,2,0.0,0,BB,GBR,Groups,Direct,0,0,0,A,A,2,No Deposit,,0,Transient-Party,66.0,0,0
Resort Hotel,0,224,2016,May,22,25,1,4,2,0.0,0,BB,GBR,Groups,Direct,0,0,0,A,A,4,No Deposit,,0,Transient-Party,46.0,0,0
Resort Hotel,1,100,2016,May,22,25,1,4,2,0.0,0,HB,PRT,Online TA,TA/TO,0,0,0,D,D,0,No Deposit,240.0,0,Transient,109.4,0,0
Resort Hotel,1,228,2016,May,22,25,1,4,2,0.0,0,BB,PRT,Online TA,TA/TO,0,0,0,A,A,0,No Deposit,240.0,0,Transient,52.2,0,1
Resort Hotel,0,224,2016,May,22,25,1,4,2,0.0,0,BB,GBR,Groups,Direct,0,0,0,A,A,4,No Deposit,,0,Transient-Party,65.0,0,0
Resort Hotel,1,100,2016,May,22,25,0,4,2,0.0,0,HB,PRT,Online TA,TA/TO,0,0,0,D,D,0,No Deposit,240.0,0,Transient,26.0,0,0
Resort Hotel,1,141,2016,May,22,25,2,5,2,0.0,0,BB,PRT,Offline TA/TO,TA/TO,0,0,0,D,D,0,No Deposit,147.0,0,Transient,53.87,0,0
Resort Hotel,0,197,2016,May,22,25,4,10,2,0.0,0,BB,CHE,Online TA,TA/TO,0,0,0,A,A,0,No Deposit,240.0,0,Transient,71.96,1,1
Resort Hotel,1,276,2016,May,22,26,0,1,2,0.0,0,BB,PRT,Online TA,TA/TO,0,0,0,A,A,0,No Deposit,240.0,0,Transient,46.98,0,1
Resort Hotel,0,225,2016,May,22,26,0,3,2,0.0,0,BB,GBR,Groups,Direct,0,0,0,A,F,0,No Deposit,,0,Transient-Party,96.0,0,0
Resort Hotel,0,225,2016,May,22,26,0,3,2,0.0,0,BB,GBR,Groups,Direct,0,0,0,A,A,1,No Deposit,,0,Transient-Party,72.0,1,0
Resort Hotel,1,101,2016,May,22,26,0,3,2,0.0,0,BB,PRT,Online TA,TA/TO,0,0,0,A,A,0,No Deposit,240.0,0,Transient,58.0,0,1
Resort Hotel,1,183,2016,May,22,26,0,3,2,0.0,0,BB,PRT,Online TA,TA/TO,0,0,0,D,D,0,No Deposit,240.0,0,Transient,65.7,0,1
Resort Hotel,0,225,2016,May,22,26,1,3,2,0.0,0,BB,GBR,Groups,Direct,0,0,0,A,D,2,No Deposit,,0,Transient-Party,66.0,0,0
Resort Hotel,0,225,2016,May,22,26,1,3,2,0.0,0,BB,GBR,Groups,Direct,0,0,0,A,C,2,No Deposit,,0,Transient-Party,72.0,1,0
Resort Hotel,0,225,2016,May,22,26,1,3,2,0.0,0,BB,GBR,Groups,Direct,0,0,0,A,C,2,No Deposit,,0,Transient-Party,66.0,0,0
Resort Hotel,0,225,2016,May,22,26,1,3,2,0.0,0,BB,GBR,Groups,Direct,0,0,0,A,D,2,No Deposit,,0,Transient-Party,66.0,0,0
Resort Hotel,0,225,2016,May,22,26,1,3,2,0.0,0,BB,GBR,Groups,Direct,0,0,0,A,C,2,No Deposit,,0,Transient-Party,66.0,0,0
Resort Hotel,0,225,2016,May,22,26,1,3,2,0.0,0,BB,GBR,Groups,Direct,0,0,0,A,C,2,No Deposit,,0,Transient-Party,68.0,0,0
Resort Hotel,0,225,2016,May,22,26,1,3,2,0.0,0,BB,GBR,Groups,Direct,0,0,0,A,E,2,No Deposit,,0,Transient-Party,66.0,1,0
Resort Hotel,0,225,2016,May,22,26,1,3,2,0.0,0,BB,GBR,Groups,Direct,0,0,0,A,D,2,No Deposit,,0,Transient-Party,66.0,0,0
Resort Hotel,0,225,2016,May,22,26,1,3,2,0.0,0,BB,GBR,Groups,Direct,0,0,0,A,E,2,No Deposit,,0,Transient-Party,46.0,0,0
Resort Hotel,0,225,2016,May,22,26,1,3,2,0.0,0,BB,GBR,Groups,Direct,0,0,0,A,D,2,No Deposit,,0,Transient-Party,72.0,1,0
Resort Hotel,0,225,2016,May,22,26,1,3,2,0.0,0,BB,GBR,Groups,Direct,0,0,0,A,D,3,No Deposit,,0,Transient-Party,46.5,0,0
Resort Hotel,0,225,2016,May,22,26,2,3,2,0.0,0,BB,GBR,Groups,Direct,0,0,0,A,A,2,Refundable,,0,Transient-Party,80.0,2,0
Resort Hotel,1,139,2016,May,22,26,2,3,2,0.0,0,BB,PRT,Online TA,TA/TO,0,0,0,D,D,0,No Deposit,240.0,0,Transient,65.7,0,1
Resort Hotel,0,311,2016,May,22,26,2,5,2,0.0,0,HB,GBR,Offline TA/TO,TA/TO,0,0,0,A,C,1,No Deposit,40.0,0,Contract,43.78,0,0
Resort Hotel,1,143,2016,May,22,27,0,2,2,0.0,0,HB,PRT,Direct,Direct,0,0,0,E,E,0,No Deposit,250.0,0,Transient,100.55,0,0
Resort Hotel,1,100,2016,May,22,27,0,2,2,0.0,0,BB,PRT,Online TA,TA/TO,0,0,0,A,A,0,No Deposit,240.0,0,Transient,58.0,0,2
Resort Hotel,1,100,2016,May,22,27,0,2,2,0.0,0,BB,PRT,Online TA,TA/TO,0,0,0,A,A,0,No Deposit,240.0,0,Transient,58.0,0,2
Resort Hotel,1,122,2016,May,22,27,0,1,2,0.0,0,BB,PRT,Online TA,TA/TO,0,0,0,D,D,0,No Deposit,240.0,0,Transient,73.0,0,2
Resort Hotel,1,277,2016,May,22,27,0,1,2,0.0,0,BB,PRT,Online TA,TA/TO,0,0,0,A,A,0,No Deposit,240.0,0,Transient,46.98,0,1
Resort Hotel,1,100,2016,May,22,27,0,2,2,0.0,0,BB,PRT,Online TA,TA/TO,0,0,0,A,A,0,No Deposit,240.0,0,Transient,58.0,0,1
Resort Hotel,1,100,2016,May,22,27,0,2,2,0.0,0,BB,PRT,Online TA,TA/TO,0,0,0,A,A,0,No Deposit,240.0,0,Transient,58.0,0,2
Resort Hotel,1,135,2016,May,22,27,0,2,2,0.0,0,BB,PRT,Direct,Direct,0,0,0,D,D,0,No Deposit,250.0,0,Transient,57.8,0,0
Resort Hotel,1,100,2016,May,22,27,0,2,2,0.0,0,BB,PRT,Online TA,TA/TO,0,0,0,A,A,0,No Deposit,240.0,0,Transient,58.0,0,2
Resort Hotel,1,143,2016,May,22,27,0,2,2,0.0,0,HB,PRT,Direct,Direct,0,0,0,E,E,0,No Deposit,250.0,0,Transient,100.55,0,0
Resort Hotel,1,100,2016,May,22,27,0,2,2,0.0,0,BB,PRT,Online TA,TA/TO,0,0,0,A,A,0,No Deposit,240.0,0,Transient,58.0,0,2
Resort Hotel,0,204,2016,May,22,27,2,5,2,0.0,0,BB,IRL,Online TA,TA/TO,0,0,0,A,A,0,No Deposit,240.0,0,Transient,59.28,0,2
Resort Hotel,0,312,2016,May,22,27,2,5,2,0.0,0,BB,GBR,Offline TA/TO,TA/TO,0,0,0,D,D,0,No Deposit,40.0,0,Contract,62.48,0,1
Resort Hotel,0,204,2016,May,22,27,2,5,2,0.0,0,BB,IRL,Online TA,TA/TO,0,0,0,A,A,0,No Deposit,240.0,0,Transient,57.28,0,2
Resort Hotel,0,204,2016,May,22,27,2,5,2,0.0,0,BB,IRL,Online TA,TA/TO,0,0,0,A,A,1,No Deposit,240.0,0,Transient,57.28,0,2
Resort Hotel,0,312,2016,May,22,27,2,5,2,0.0,0,BB,GBR,Offline TA/TO,TA/TO,0,0,0,D,D,0,No Deposit,40.0,0,Contract,62.48,0,1
Resort Hotel,0,225,2016,May,22,28,1,1,2,0.0,0,HB,DEU,Groups,TA/TO,0,0,0,A,F,1,No Deposit,298.0,0,Transient-Party,42.5,0,0
Resort Hotel,0,225,2016,May,22,28,1,1,2,0.0,0,HB,DEU,Groups,TA/TO,0,0,0,A,E,0,No Deposit,298.0,0,Transient-Party,85.0,0,0
Resort Hotel,1,225,2016,May,22,28,1,1,2,0.0,0,HB,PRT,Groups,TA/TO,0,0,0,A,A,0,No Deposit,298.0,0,Transient-Party,85.0,0,0
Resort Hotel,1,212,2016,May,22,28,1,1,2,0.0,0,FB,PRT,Offline TA/TO,TA/TO,0,0,0,A,A,0,No Deposit,175.0,0,Transient,83.16,0,0
Resort Hotel,0,225,2016,May,22,28,1,1,2,0.0,0,HB,DEU,Groups,TA/TO,0,0,0,A,E,0,No Deposit,298.0,0,Transient-Party,85.0,0,0
Resort Hotel,0,225,2016,May,22,28,1,1,2,0.0,0,HB,DEU,Groups,TA/TO,0,0,0,A,E,0,No Deposit,298.0,0,Transient-Party,85.0,0,0
Resort Hotel,1,225,2016,May,22,28,1,1,2,0.0,0,HB,PRT,Groups,TA/TO,0,0,0,A,A,0,No Deposit,298.0,0,Transient-Party,85.0,0,0
Resort Hotel,0,225,2016,May,22,28,1,1,2,0.0,0,HB,DEU,Groups,TA/TO,0,0,0,A,E,0,No Deposit,298.0,0,Transient,85.0,0,0
Resort Hotel,0,225,2016,May,22,28,1,1,2,0.0,0,HB,DEU,Groups,TA/TO,0,0,0,A,E,0,No Deposit,298.0,0,Transient-Party,85.0,0,0
Resort Hotel,0,225,2016,May,22,28,1,1,2,0.0,0,HB,DEU,Groups,TA/TO,0,0,0,A,E,0,No Deposit,298.0,0,Transient-Party,85.0,0,0
Resort Hotel,0,225,2016,May,22,28,1,1,2,0.0,0,HB,DEU,Groups,TA/TO,0,0,0,A,E,0,No Deposit,298.0,0,Transient-Party,87.0,0,0
Resort Hotel,1,225,2016,May,22,28,1,1,2,0.0,0,HB,PRT,Groups,TA/TO,0,0,0,A,A,0,No Deposit,298.0,0,Transient-Party,85.0,0,0
Resort Hotel,0,213,2016,May,22,28,2,3,2,0.0,0,BB,GBR,Offline TA/TO,TA/TO,0,0,0,A,A,0,No Deposit,314.0,0,Transient,46.93,0,1
Resort Hotel,1,145,2016,May,22,28,2,4,2,0.0,0,BB,PRT,Offline TA/TO,TA/TO,0,0,0,A,A,0,No Deposit,147.0,0,Transient-Party,59.3,0,1
Resort Hotel,1,145,2016,May,22,28,2,4,2,0.0,0,BB,PRT,Offline TA/TO,TA/TO,0,0,0,A,A,0,No Deposit,147.0,0,Transient-Party,59.24,0,1
Resort Hotel,1,145,2016,May,22,28,2,4,2,0.0,0,BB,PRT,Offline TA/TO,TA/TO,0,0,0,A,A,0,No Deposit,147.0,0,Transient-Party,59.3,0,1
Resort Hotel,0,225,2016,May,22,28,1,1,2,0.0,0,HB,DEU,Groups,TA/TO,0,0,0,A,F,0,No Deposit,298.0,0,Transient-Party,85.0,0,0
Resort Hotel,0,225,2016,May,22,28,1,1,2,0.0,0,HB,DEU,Groups,TA/TO,0,0,0,A,D,0,No Deposit,298.0,0,Transient-Party,85.0,0,0
Resort Hotel,0,225,2016,May,22,28,1,1,2,0.0,0,HB,DEU,Groups,TA/TO,0,0,0,A,E,0,No Deposit,298.0,0,Transient-Party,85.0,0,0
Resort Hotel,1,145,2016,May,22,28,2,4,2,0.0,0,BB,PRT,Offline TA/TO,TA/TO,0,0,0,A,A,0,No Deposit,147.0,0,Transient-Party,59.3,0,1
Resort Hotel,1,116,2016,May,22,28,2,5,2,0.0,0,BB,PRT,Offline TA/TO,TA/TO,0,0,0,D,D,0,No Deposit,8.0,0,Transient-Party,55.0,0,1
Resort Hotel,1,144,2016,May,22,28,2,5,2,0.0,0,BB,PRT,Online TA,TA/TO,0,0,0,A,A,0,No Deposit,240.0,0,Transient,66.63,0,1
Resort Hotel,1,108,2016,May,22,28,2,5,2,0.0,0,BB,PRT,Online TA,TA/TO,0,0,0,A,A,0,No Deposit,240.0,0,Transient,76.86,0,1
Resort Hotel,1,144,2016,May,22,28,2,5,2,0.0,0,BB,PRT,Online TA,TA/TO,0,0,0,A,A,0,No Deposit,240.0,0,Transient,66.63,0,1
Resort Hotel,1,116,2016,May,22,28,2,5,2,0.0,0,BB,PRT,Offline TA/TO,TA/TO,0,0,0,D,D,0,No Deposit,8.0,0,Transient-Party,55.0,0,1
Resort Hotel,0,210,2016,May,22,28,2,6,2,0.0,0,HB,GBR,Offline TA/TO,TA/TO,0,0,0,D,D,0,No Deposit,40.0,0,Transient,82.83,0,0
Resort Hotel,1,168,2016,May,22,28,4,10,2,0.0,0,BB,PRT,Online TA,TA/TO,0,0,0,D,D,0,No Deposit,240.0,0,Transient,79.84,0,1
Resort Hotel,1,5,2016,May,23,29,1,0,2,0.0,0,BB,PRT,Online TA,TA/TO,0,0,0,E,F,0,No Deposit,240.0,0,Transient,99.0,0,0
Resort Hotel,1,11,2016,May,23,29,2,2,2,0.0,0,BB,PRT,Online TA,TA/TO,0,0,0,D,D,0,No Deposit,240.0,0,Transient,94.5,0,0
Resort Hotel,1,16,2016,May,23,29,2,2,2,0.0,0,BB,GBR,Online TA,TA/TO,0,0,0,D,D,0,No Deposit,240.0,0,Transient,94.5,0,0
Resort Hotel,0,314,2016,May,23,29,2,5,2,0.0,0,BB,GBR,Offline TA/TO,TA/TO,0,0,0,A,A,3,No Deposit,40.0,0,Contract,52.58,0,0
Resort Hotel,1,139,2016,May,23,29,2,5,2,0.0,0,HB,PRT,Online TA,TA/TO,0,0,0,D,D,0,No Deposit,242.0,0,Transient,105.81,0,0
Resort Hotel,1,107,2016,May,23,29,4,6,2,0.0,0,BB,PRT,Offline TA/TO,TA/TO,0,0,0,E,E,0,No Deposit,314.0,0,Transient,79.2,0,0
Resort Hotel,0,229,2016,May,23,30,0,0,2,0.0,0,BB,PRT,Groups,Direct,0,0,0,A,D,5,No Deposit,,0,Transient-Party,0.0,0,0
Resort Hotel,1,50,2016,May,23,30,1,2,2,0.0,0,BB,PRT,Online TA,TA/TO,0,0,0,A,A,0,No Deposit,240.0,0,Transient,89.67,0,1
Resort Hotel,1,43,2016,May,23,30,1,2,2,0.0,0,BB,GBR,Online TA,TA/TO,0,0,0,A,A,0,No Deposit,240.0,0,Transient,65.0,0,0
Resort Hotel,1,117,2016,May,23,30,1,4,2,0.0,0,BB,PRT,Online TA,TA/TO,0,0,0,A,A,0,No Deposit,240.0,0,Transient,71.2,0,1
Resort Hotel,1,126,2016,May,23,30,1,4,2,0.0,0,HB,PRT,Offline TA/TO,TA/TO,0,0,0,A,A,0,No Deposit,314.0,0,Transient,79.26,0,0
Resort Hotel,0,215,2016,May,23,30,2,5,2,0.0,0,BB,IRL,Online TA,TA/TO,0,0,0,A,A,0,No Deposit,242.0,0,Transient,66.34,0,1
Resort Hotel,1,136,2016,May,23,30,2,5,2,0.0,0,BB,PRT,Online TA,TA/TO,0,0,0,A,A,0,No Deposit,240.0,0,Transient,73.71,0,1
Resort Hotel,1,237,2016,May,23,30,2,5,2,0.0,0,BB,PRT,Online TA,TA/TO,0,0,0,A,A,0,No Deposit,240.0,0,Transient,66.34,0,2
Resort Hotel,0,215,2016,May,23,30,2,5,2,0.0,0,BB,IRL,Online TA,TA/TO,0,0,0,A,A,0,No Deposit,242.0,0,Transient,68.06,0,1
Resort Hotel,1,71,2016,May,23,30,2,5,2,0.0,0,BB,GBR,Online TA,TA/TO,0,0,0,D,D,0,No Deposit,240.0,0,Transient,116.43,0,0
Resort Hotel,0,215,2016,May,23,30,2,5,2,0.0,0,BB,IRL,Online TA,TA/TO,0,0,0,A,A,0,No Deposit,242.0,0,Transient,66.34,0,1
Resort Hotel,1,207,2016,May,23,30,3,10,2,0.0,0,BB,PRT,Online TA,TA/TO,0,0,0,E,E,0,No Deposit,240.0,0,Transient,95.95,0,0
Resort Hotel,1,152,2016,May,23,30,4,10,2,0.0,0,BB,PRT,Offline TA/TO,TA/TO,0,0,0,A,A,0,No Deposit,147.0,0,Transient,56.72,0,0
Resort Hotel,1,76,2016,May,23,31,0,1,2,0.0,0,BB,BRA,Online TA,TA/TO,0,0,0,A,A,0,No Deposit,240.0,0,Transient,77.0,0,0
Resort Hotel,1,63,2016,May,23,31,0,5,2,0.0,0,BB,NLD,Online TA,TA/TO,0,0,0,A,A,0,No Deposit,240.0,0,Transient,105.8,0,1
Resort Hotel,0,290,2016,May,23,31,0,5,2,0.0,0,BB,IRL,Online TA,TA/TO,0,0,0,E,E,0,No Deposit,240.0,0,Transient,95.04,0,3
Resort Hotel,0,235,2016,May,23,31,1,5,2,0.0,0,BB,IRL,Offline TA/TO,TA/TO,0,0,0,E,E,0,No Deposit,156.0,0,Transient-Party,83.0,0,1
Resort Hotel,0,235,2016,May,23,31,1,5,2,0.0,0,BB,IRL,Offline TA/TO,TA/TO,0,0,0,A,A,0,No Deposit,156.0,0,Transient-Party,48.71,0,1
Resort Hotel,1,102,2016,May,23,31,2,5,2,0.0,0,BB,PRT,Online TA,TA/TO,0,0,0,A,A,0,No Deposit,240.0,0,Transient,80.0,0,0
Resort Hotel,1,124,2016,May,23,31,2,5,2,0.0,0,BB,PRT,Offline TA/TO,TA/TO,0,0,0,D,D,0,No Deposit,147.0,0,Transient,67.79,0,1
Resort Hotel,0,241,2016,May,23,31,2,5,2,0.0,0,HB,IRL,Offline TA/TO,TA/TO,0,0,0,A,A,2,No Deposit,314.0,0,Transient,87.49,0,0
Resort Hotel,1,102,2016,May,23,31,2,5,2,0.0,0,BB,PRT,Online TA,TA/TO,0,0,0,A,A,0,No Deposit,240.0,0,Transient,80.0,0,0
Resort Hotel,1,102,2016,May,23,31,2,5,2,0.0,0,BB,PRT,Online TA,TA/TO,0,0,0,A,A,0,No Deposit,240.0,0,Transient,80.0,0,0
Resort Hotel,1,77,2016,May,23,31,2,5,2,0.0,0,BB,IRL,Online TA,TA/TO,0,0,0,D,D,0,No Deposit,240.0,0,Transient,123.71,0,0
Resort Hotel,1,134,2016,May,23,31,2,5,2,0.0,0,BB,PRT,Offline TA/TO,TA/TO,0,0,0,D,D,0,No Deposit,40.0,0,Contract,46.75,0,0
Resort Hotel,0,232,2016,May,23,31,2,5,2,0.0,0,BB,IRL,Offline TA/TO,TA/TO,0,0,0,A,A,0,No Deposit,175.0,0,Transient,57.34,0,0
Resort Hotel,1,90,2016,May,23,31,2,5,2,0.0,0,HB,PRT,Offline TA/TO,TA/TO,0,0,0,D,D,0,No Deposit,143.0,0,Transient,72.9,0,0
Resort Hotel,1,102,2016,May,23,31,2,5,2,0.0,0,BB,PRT,Online TA,TA/TO,0,0,0,A,A,0,No Deposit,240.0,0,Transient,80.0,0,0
Resort Hotel,1,46,2016,May,23,31,2,7,2,0.0,0,BB,CHE,Online TA,TA/TO,0,0,0,A,A,0,No Deposit,240.0,0,Transient,116.11,0,0
Resort Hotel,1,102,2016,May,23,31,2,5,2,0.0,0,BB,PRT,Online TA,TA/TO,0,0,0,A,A,0,No Deposit,240.0,0,Transient,80.0,0,0
Resort Hotel,0,206,2016,May,23,31,2,8,2,0.0,0,BB,GBR,Offline TA/TO,TA/TO,0,0,0,D,D,0,No Deposit,40.0,0,Transient-Party,64.9,0,1
Resort Hotel,0,206,2016,May,23,31,2,8,2,0.0,0,BB,GBR,Offline TA/TO,TA/TO,0,0,0,D,D,0,No Deposit,40.0,0,Transient-Party,64.9,0,1
Resort Hotel,0,266,2016,May,23,31,2,9,2,0.0,0,BB,GBR,Offline TA/TO,TA/TO,0,0,0,E,F,0,No Deposit,40.0,0,Contract,88.5,0,0
Resort Hotel,1,179,2016,June,23,1,0,1,2,0.0,0,BB,PRT,Offline TA/TO,TA/TO,0,0,0,D,D,0,No Deposit,251.0,0,Transient-Party,78.0,0,0
Resort Hotel,1,215,2016,June,23,1,0,3,2,0.0,0,FB,PRT,Groups,TA/TO,0,0,0,A,A,0,Non Refund,96.0,0,Transient,110.0,0,0
Resort Hotel,1,215,2016,June,23,1,0,3,2,0.0,0,FB,PRT,Groups,TA/TO,0,0,0,A,A,0,Non Refund,96.0,0,Transient,110.0,0,0
Resort Hotel,1,215,2016,June,23,1,0,3,2,0.0,0,FB,PRT,Groups,TA/TO,0,0,0,A,A,0,Non Refund,96.0,0,Transient,110.0,0,0
Resort Hotel,1,215,2016,June,23,1,0,3,2,0.0,0,FB,PRT,Groups,TA/TO,0,0,0,A,A,0,Non Refund,96.0,0,Transient,110.0,0,0
Resort Hotel,1,215,2016,June,23,1,0,3,2,0.0,0,FB,PRT,Groups,TA/TO,0,0,0,A,A,0,Non Refund,96.0,0,Transient,110.0,0,0
Resort Hotel,1,118,2016,June,23,1,0,3,2,0.0,0,BB,PRT,Online TA,TA/TO,0,0,0,A,A,0,No Deposit,240.0,0,Transient,90.0,0,0
Resort Hotel,1,30,2016,June,23,1,0,3,2,0.0,0,BB,PRT,Online TA,TA/TO,0,0,0,A,A,0,No Deposit,240.0,0,Transient,99.0,0,0
Resort Hotel,1,215,2016,June,23,1,0,3,2,0.0,0,FB,PRT,Groups,TA/TO,0,0,0,A,A,0,Non Refund,96.0,0,Transient,110.0,0,0
Resort Hotel,1,215,2016,June,23,1,0,3,2,0.0,0,FB,PRT,Groups,TA/TO,0,0,0,A,A,0,Non Refund,96.0,0,Transient,110.0,0,0
Resort Hotel,1,215,2016,June,23,1,0,3,2,0.0,0,FB,PRT,Groups,TA/TO,0,0,0,A,A,0,Non Refund,96.0,0,Transient,110.0,0,0
Resort Hotel,1,215,2016,June,23,1,0,3,2,0.0,0,FB,PRT,Groups,TA/TO,0,0,0,A,A,0,Non Refund,96.0,0,Transient,110.0,0,0
Resort Hotel,1,215,2016,June,23,1,0,3,2,0.0,0,FB,PRT,Groups,TA/TO,0,0,0,A,A,0,Non Refund,96.0,0,Transient,110.0,0,0
Resort Hotel,1,215,2016,June,23,1,0,3,2,0.0,0,FB,PRT,Groups,TA/TO,0,0,0,A,A,0,Non Refund,96.0,0,Transient,110.0,0,0
Resort Hotel,1,215,2016,June,23,1,0,3,2,0.0,0,FB,PRT,Groups,TA/TO,0,0,0,A,A,0,Non Refund,96.0,0,Transient,110.0,0,0
Resort Hotel,1,133,2016,June,23,1,0,4,2,0.0,0,BB,PRT,Online TA,TA/TO,0,0,0,D,D,0,No Deposit,242.0,0,Transient,85.5,0,1
Resort Hotel,0,217,2016,June,23,1,1,4,2,0.0,0,HB,IRL,Direct,Direct,0,0,0,A,A,0,No Deposit,250.0,0,Transient,148.0,0,0
Resort Hotel,0,235,2016,June,23,1,1,4,2,0.0,0,BB,IRL,Offline TA/TO,TA/TO,0,0,0,A,A,0,No Deposit,36.0,0,Transient,64.0,0,0
Resort Hotel,0,208,2016,June,23,1,2,5,2,0.0,0,BB,GBR,Offline TA/TO,TA/TO,0,0,0,D,E,0,No Deposit,40.0,0,Transient,64.9,0,0
Resort Hotel,0,216,2016,June,23,1,2,7,2,0.0,0,BB,IRL,Offline TA/TO,TA/TO,0,0,0,C,C,0,No Deposit,8.0,0,Transient,58.1,0,0
Resort Hotel,1,107,2016,June,23,1,2,7,2,0.0,0,BB,PRT,Online TA,TA/TO,0,0,0,A,A,0,No Deposit,240.0,0,Transient,80.0,0,2
Resort Hotel,1,40,2016,June,23,1,2,6,2,0.0,0,BB,POL,Online TA,TA/TO,0,0,0,A,A,0,No Deposit,240.0,0,Transient,114.0,0,0
Resort Hotel,1,168,2016,June,23,1,2,8,2,0.0,0,BB,PRT,Online TA,TA/TO,0,0,0,A,A,0,No Deposit,240.0,0,Transient,72.0,0,1
Resort Hotel,1,147,2016,June,23,2,0,2,2,0.0,0,BB,PRT,Online TA,TA/TO,0,0,0,A,A,0,No Deposit,240.0,0,Transient,72.0,0,1
Resort Hotel,1,250,2016,June,23,2,1,3,2,0.0,0,BB,PRT,Online TA,TA/TO,0,0,0,A,A,0,No Deposit,240.0,0,Transient,72.0,0,1
Resort Hotel,1,101,2016,June,23,2,2,3,2,0.0,0,BB,PRT,Online TA,TA/TO,0,0,0,E,E,0,No Deposit,240.0,0,Transient,148.0,0,0
Resort Hotel,0,237,2016,June,23,2,4,10,2,0.0,0,HB,GBR,Offline TA/TO,TA/TO,0,0,0,A,C,0,No Deposit,115.0,0,Transient-Party,82.0,0,1
Resort Hotel,1,237,2016,June,23,2,4,10,2,0.0,0,HB,PRT,Offline TA/TO,TA/TO,0,0,0,A,A,0,No Deposit,115.0,0,Transient-Party,81.0,0,1
Resort Hotel,1,91,2016,June,23,3,0,1,2,0.0,0,BB,PRT,Online TA,TA/TO,0,0,0,D,D,1,No Deposit,147.0,0,Transient,70.11,0,1
Resort Hotel,1,54,2016,June,23,3,0,2,2,0.0,0,BB,ESP,Direct,Direct,0,0,0,A,A,0,No Deposit,250.0,0,Transient,119.0,0,0
Resort Hotel,1,182,2016,June,23,3,1,2,2,0.0,0,HB,PRT,Groups,TA/TO,0,0,0,A,A,0,Non Refund,248.0,0,Transient,97.3,0,0
Resort Hotel,1,182,2016,June,23,3,1,2,2,0.0,0,HB,PRT,Groups,TA/TO,0,0,0,A,A,0,Non Refund,248.0,0,Transient,97.3,0,0
Resort Hotel,1,182,2016,June,23,3,1,2,2,0.0,0,HB,PRT,Groups,TA/TO,0,0,0,A,A,0,Non Refund,248.0,0,Transient,97.3,0,0
Resort Hotel,1,182,2016,June,23,3,1,2,2,0.0,0,HB,PRT,Groups,TA/TO,0,0,0,A,A,0,Non Refund,248.0,0,Transient,97.3,0,0
Resort Hotel,1,182,2016,June,23,3,1,2,2,0.0,0,HB,PRT,Groups,TA/TO,0,0,0,A,A,0,Non Refund,248.0,0,Transient,97.3,0,0
Resort Hotel,1,150,2016,June,23,3,1,2,2,0.0,0,BB,PRT,Online TA,TA/TO,0,0,0,E,E,0,No Deposit,240.0,0,Transient,99.0,0,1
Resort Hotel,1,182,2016,June,23,3,1,2,2,0.0,0,HB,ESP,Groups,TA/TO,0,0,0,A,A,0,Non Refund,248.0,0,Transient,97.3,0,0
Resort Hotel,1,182,2016,June,23,3,1,2,2,0.0,0,HB,PRT,Groups,TA/TO,0,0,0,A,A,0,Non Refund,248.0,0,Transient,97.3,0,0
Resort Hotel,1,182,2016,June,23,3,1,2,2,0.0,0,HB,PRT,Groups,TA/TO,0,0,0,A,A,0,Non Refund,248.0,0,Transient,97.3,0,0
Resort Hotel,1,122,2016,June,23,3,2,2,2,0.0,0,BB,PRT,Direct,Direct,0,0,0,A,A,0,No Deposit,250.0,0,Transient,97.5,0,3
Resort Hotel,1,122,2016,June,23,3,2,2,2,0.0,0,BB,PRT,Direct,Direct,0,0,0,A,A,0,No Deposit,250.0,0,Transient,109.5,0,3
Resort Hotel,1,81,2016,June,23,3,2,3,2,0.0,0,BB,IRL,Online TA,TA/TO,0,0,0,A,A,0,No Deposit,240.0,0,Transient,116.0,0,0
Resort Hotel,1,182,2016,June,23,3,1,2,2,0.0,0,HB,PRT,Groups,TA/TO,0,0,0,A,A,0,Non Refund,248.0,0,Transient,97.3,0,0
Resort Hotel,0,270,2016,June,23,3,2,3,2,0.0,0,HB,GBR,Offline TA/TO,TA/TO,0,0,0,A,C,3,No Deposit,40.0,0,Contract,77.85,0,1
Resort Hotel,1,237,2016,June,23,3,2,4,2,0.0,0,HB,PRT,Online TA,TA/TO,0,0,0,D,D,0,No Deposit,240.0,0,Transient,125.0,0,1
Resort Hotel,1,143,2016,June,23,3,2,4,2,0.0,0,HB,PRT,Online TA,TA/TO,0,0,0,A,A,0,No Deposit,240.0,0,Transient,110.0,0,1
Resort Hotel,1,227,2016,June,23,3,2,5,2,0.0,0,BB,PRT,Online TA,TA/TO,0,0,0,A,A,0,No Deposit,240.0,0,Transient,72.0,0,1
Resort Hotel,1,198,2016,June,23,3,2,5,2,0.0,0,BB,PRT,Online TA,TA/TO,0,0,0,E,E,0,No Deposit,240.0,0,Transient,99.0,0,0
Resort Hotel,1,44,2016,June,23,3,2,5,2,0.0,0,BB,GBR,Online TA,TA/TO,0,0,0,A,A,0,No Deposit,240.0,0,Transient,118.71,0,0
Resort Hotel,1,136,2016,June,23,3,2,5,2,0.0,0,BB,PRT,Online TA,TA/TO,0,0,0,A,A,0,No Deposit,240.0,0,Transient,80.0,0,1
Resort Hotel,0,294,2016,June,23,3,2,7,2,0.0,0,BB,IRL,Direct,Direct,0,0,0,A,A,0,No Deposit,,0,Transient,59.0,0,0
Resort Hotel,0,227,2016,June,23,3,3,7,2,0.0,0,HB,GBR,Offline TA/TO,TA/TO,0,0,0,D,D,0,No Deposit,40.0,0,Transient,92.7,0,0
Resort Hotel,0,219,2016,June,23,3,4,10,2,0.0,0,HB,GBR,Offline TA/TO,TA/TO,0,0,0,D,D,2,No Deposit,40.0,0,Transient,90.9,0,2
Resort Hotel,0,270,2016,June,23,3,2,5,2,0.0,0,HB,GBR,Offline TA/TO,TA/TO,0,0,0,A,A,1,No Deposit,40.0,0,Transient,77.84,0,0
Resort Hotel,0,319,2016,June,23,3,4,10,2,0.0,0,HB,GBR,Offline TA/TO,TA/TO,0,0,0,A,A,1,No Deposit,40.0,0,Contract,72.98,0,2
Resort Hotel,1,264,2016,June,23,4,1,1,2,0.0,0,BB,PRT,Online TA,TA/TO,0,0,0,A,A,0,No Deposit,240.0,0,Transient,100.8,0,3
Resort Hotel,1,264,2016,June,23,4,1,1,2,0.0,0,BB,PRT,Online TA,TA/TO,0,0,0,A,A,0,No Deposit,240.0,0,Transient,64.8,0,3
Resort Hotel,1,264,2016,June,23,4,1,1,2,0.0,0,BB,PRT,Online TA,TA/TO,0,0,0,A,A,0,No Deposit,240.0,0,Transient,64.8,0,3
Resort Hotel,1,157,2016,June,23,4,2,4,2,0.0,0,HB,PRT,Direct,Direct,0,0,0,A,A,0,No Deposit,250.0,0,Transient,105.0,0,0
Resort Hotel,1,37,2016,June,23,4,2,5,2,0.0,0,BB,IRL,Online TA,TA/TO,0,0,0,A,A,0,No Deposit,240.0,0,Transient,122.14,0,0
Resort Hotel,1,113,2016,June,23,4,2,5,2,0.0,0,BB,PRT,Online TA,TA/TO,0,0,0,D,D,0,No Deposit,240.0,0,Transient,95.0,0,0
Resort Hotel,1,144,2016,June,23,4,2,5,2,0.0,0,BB,PRT,Online TA,TA/TO,0,0,0,A,A,0,No Deposit,240.0,0,Transient,75.34,0,1
Resort Hotel,1,78,2016,June,23,4,2,5,2,0.0,0,BB,IRL,Online TA,TA/TO,0,0,0,A,A,0,No Deposit,240.0,0,Transient,116.0,0,0
Resort Hotel,1,151,2016,June,23,4,2,5,2,0.0,0,BB,PRT,Online TA,TA/TO,0,0,0,E,E,0,No Deposit,240.0,0,Transient,99.0,0,2
Resort Hotel,1,161,2016,June,23,4,2,6,2,0.0,0,BB,PRT,Online TA,TA/TO,0,0,0,A,A,0,No Deposit,240.0,0,Transient,72.0,0,1
Resort Hotel,0,252,2016,June,23,4,4,6,2,0.0,0,BB,GBR,Offline TA/TO,TA/TO,0,0,0,D,D,0,No Deposit,143.0,0,Transient,64.9,0,3
Resort Hotel,1,290,2016,June,23,4,4,6,2,0.0,0,BB,PRT,Offline TA/TO,TA/TO,0,0,0,A,A,0,No Deposit,40.0,0,Contract,51.85,0,0
Resort Hotel,0,250,2016,June,23,4,4,6,2,0.0,0,HB,GBR,Offline TA/TO,TA/TO,0,0,0,A,A,0,No Deposit,40.0,0,Transient,79.84,0,0
Resort Hotel,1,2,2016,June,24,5,1,0,2,0.0,0,BB,POL,Online TA,TA/TO,0,0,0,A,A,0,No Deposit,,0,Transient,109.0,0,1
Resort Hotel,1,46,2016,June,24,5,2,2,2,0.0,0,BB,NLD,Online TA,TA/TO,0,0,0,A,A,0,No Deposit,240.0,0,Transient,123.0,0,0
Resort Hotel,1,32,2016,June,24,5,2,3,2,0.0,0,BB,ALB,Online TA,TA/TO,0,0,0,A,A,0,No Deposit,240.0,0,Transient,113.0,0,0
Resort Hotel,1,107,2016,June,24,5,2,4,2,0.0,0,BB,PRT,Online TA,TA/TO,0,0,0,A,A,0,No Deposit,240.0,0,Transient,80.0,0,1
Resort Hotel,1,107,2016,June,24,5,2,4,2,0.0,0,BB,PRT,Online TA,TA/TO,0,0,0,A,A,0,No Deposit,240.0,0,Transient,80.0,0,0
Resort Hotel,1,123,2016,June,24,5,2,5,2,0.0,0,BB,PRT,Online TA,TA/TO,0,0,0,D,D,0,No Deposit,240.0,0,Transient,102.43,0,1
Resort Hotel,1,282,2016,June,24,5,2,5,2,0.0,0,HB,PRT,Online TA,TA/TO,0,0,0,E,E,0,No Deposit,240.0,0,Transient,140.0,0,1
Resort Hotel,1,176,2016,June,24,5,3,5,2,0.0,0,BB,PRT,Online TA,TA/TO,0,0,0,D,D,0,No Deposit,240.0,0,Transient,85.5,0,2
Resort Hotel,1,3,2016,June,24,6,1,0,2,0.0,0,BB,PRT,Corporate,Corporate,0,0,0,A,G,0,No Deposit,,0,Transient,65.0,0,0
Resort Hotel,1,3,2016,June,24,6,1,0,2,0.0,0,BB,PRT,Corporate,Corporate,0,0,0,A,G,0,No Deposit,,0,Transient,65.0,0,0
Resort Hotel,1,3,2016,June,24,6,1,0,2,0.0,0,BB,PRT,Corporate,Corporate,0,0,0,A,H,0,No Deposit,,0,Transient,65.0,0,0
Resort Hotel,1,76,2016,June,24,6,1,1,2,0.0,0,BB,ESP,Online TA,TA/TO,0,0,0,A,A,0,No Deposit,240.0,0,Transient,116.0,0,0
Resort Hotel,1,18,2016,June,24,6,1,2,2,0.0,0,BB,ITA,Online TA,TA/TO,0,0,0,A,A,0,No Deposit,240.0,0,Transient,109.0,0,0
Resort Hotel,0,282,2016,June,24,6,1,3,2,0.0,0,BB,CN,Online TA,TA/TO,0,0,0,E,G,0,No Deposit,240.0,0,Transient,99.0,0,1
Resort Hotel,1,40,2016,June,24,6,1,4,2,0.0,0,BB,PRT,Direct,Direct,0,0,0,A,A,0,No Deposit,,0,Transient,116.1,0,0
Resort Hotel,1,195,2016,June,24,6,1,4,2,0.0,0,BB,PRT,Online TA,TA/TO,0,0,0,E,E,0,No Deposit,240.0,0,Transient,99.0,0,1
Resort Hotel,0,251,2016,June,24,6,1,5,2,0.0,0,HB,GBR,Offline TA/TO,TA/TO,0,0,0,D,F,0,No Deposit,147.0,0,Transient,95.73,0,0
Resort Hotel,1,94,2016,June,24,6,1,5,2,0.0,0,HB,POL,Direct,Direct,0,0,0,A,A,2,No Deposit,250.0,0,Transient,129.9,0,0
Resort Hotel,0,322,2016,June,24,6,3,7,2,0.0,0,BB,GBR,Offline TA/TO,TA/TO,0,0,0,A,A,0,No Deposit,40.0,0,Contract,50.88,0,1
Resort Hotel,1,12,2016,June,24,7,0,1,2,0.0,0,BB,PRT,Online TA,TA/TO,0,0,0,A,A,0,No Deposit,240.0,0,Transient,109.0,0,0
Resort Hotel,1,35,2016,June,24,7,0,3,2,0.0,0,BB,DEU,Online TA,TA/TO,0,0,0,A,A,0,No Deposit,240.0,0,Transient,115.67,0,0
Resort Hotel,1,34,2016,June,24,7,0,3,2,0.0,0,BB,DEU,Online TA,TA/TO,0,0,0,A,A,0,No Deposit,240.0,0,Transient,115.67,0,0
Resort Hotel,1,34,2016,June,24,7,0,4,2,0.0,0,BB,BRA,Online TA,TA/TO,0,0,0,A,A,0,No Deposit,240.0,0,Transient,119.0,0,0
Resort Hotel,1,41,2016,June,24,7,0,4,2,0.0,0,BB,BRA,Online TA,TA/TO,0,0,0,A,A,0,No Deposit,240.0,0,Transient,129.0,0,0
Resort Hotel,1,125,2016,June,24,7,2,5,2,0.0,0,BB,PRT,Online TA,TA/TO,0,0,0,A,A,0,No Deposit,240.0,0,Transient,94.86,0,1
Resort Hotel,1,136,2016,June,24,7,2,5,2,0.0,0,BB,PRT,Online TA,TA/TO,0,0,0,A,A,0,No Deposit,240.0,0,Transient,94.86,0,1
Resort Hotel,1,95,2016,June,24,7,2,5,2,0.0,0,BB,IRL,Online TA,TA/TO,0,0,0,A,A,0,No Deposit,240.0,0,Transient,118.86,0,1
Resort Hotel,1,125,2016,June,24,7,2,5,2,0.0,0,BB,PRT,Online TA,TA/TO,0,0,0,D,D,0,No Deposit,240.0,0,Transient,109.86,0,1
Resort Hotel,0,323,2016,June,24,7,2,5,2,0.0,0,BB,GBR,Offline TA/TO,TA/TO,0,0,0,E,E,0,No Deposit,40.0,0,Contract,78.5,0,0
Resort Hotel,1,58,2016,June,24,7,2,8,2,0.0,0,BB,IRL,Online TA,TA/TO,0,0,0,A,A,0,No Deposit,240.0,0,Transient,119.0,0,0
Resort Hotel,0,229,2016,June,24,7,2,9,2,0.0,0,HB,GBR,Offline TA/TO,TA/TO,0,0,0,E,E,2,No Deposit,143.0,0,Transient,102.3,0,0
Resort Hotel,1,151,2016,June,24,7,4,10,2,0.0,0,BB,PRT,Online TA,TA/TO,0,0,0,A,A,0,No Deposit,240.0,0,Transient,85.5,0,1
Resort Hotel,0,215,2016,June,24,7,4,10,2,0.0,0,BB,IRL,Online TA,TA/TO,0,0,0,D,D,0,No Deposit,240.0,0,Transient,87.5,0,0
Resort Hotel,1,24,2016,June,24,8,0,3,2,0.0,0,BB,CHE,Online TA,TA/TO,0,0,0,A,A,0,No Deposit,240.0,0,Transient,122.33,0,0
Resort Hotel,1,21,2016,June,24,8,0,3,2,0.0,0,BB,PRT,Online TA,TA/TO,0,0,0,A,A,0,No Deposit,240.0,0,Transient,122.33,0,0
Resort Hotel,1,160,2016,June,24,8,0,4,2,0.0,0,BB,PRT,Online TA,TA/TO,0,0,0,A,A,0,No Deposit,240.0,0,Transient,110.0,0,1
Resort Hotel,0,291,2016,June,24,8,0,4,2,0.0,0,BB,CN,Online TA,TA/TO,0,0,0,A,A,1,No Deposit,241.0,0,Transient,55.44,0,1
Resort Hotel,1,97,2016,June,24,8,0,4,2,0.0,0,BB,PRT,Online TA,TA/TO,0,0,0,A,A,0,No Deposit,240.0,0,Transient,116.0,0,1
Resort Hotel,1,142,2016,June,24,8,1,4,2,0.0,0,BB,PRT,Online TA,TA/TO,0,0,0,E,E,0,No Deposit,240.0,0,Transient,125.6,0,1
Resort Hotel,1,14,2016,June,24,8,2,4,2,0.0,0,BB,PRT,Online TA,TA/TO,0,0,0,A,A,0,No Deposit,240.0,0,Transient,137.67,0,0
Resort Hotel,1,131,2016,June,24,8,0,4,2,0.0,0,BB,PRT,Online TA,TA/TO,0,0,0,A,A,1,No Deposit,240.0,0,Transient,93.0,0,1
Resort Hotel,1,152,2016,June,24,8,2,5,2,0.0,0,BB,PRT,Online TA,TA/TO,0,0,0,A,A,0,No Deposit,240.0,0,Transient,72.0,0,0
Resort Hotel,0,253,2016,June,24,8,2,8,2,0.0,0,BB,GBR,Offline TA/TO,TA/TO,0,0,0,A,A,2,No Deposit,156.0,0,Transient,56.52,0,2
Resort Hotel,1,59,2016,June,24,9,0,3,2,0.0,0,BB,PRT,Online TA,TA/TO,0,0,0,A,A,0,No Deposit,240.0,0,Transient,119.0,0,0
Resort Hotel,1,286,2016,June,24,9,2,3,2,0.0,0,HB,PRT,Online TA,TA/TO,0,0,0,A,A,0,No Deposit,240.0,0,Transient,110.0,0,2
Resort Hotel,1,143,2016,June,24,9,2,4,2,0.0,0,HB,PRT,Online TA,TA/TO,0,0,0,A,A,0,No Deposit,242.0,0,Transient,120.3,0,1
Resort Hotel,1,15,2016,June,24,9,2,4,2,0.0,0,BB,PRT,Online TA,TA/TO,0,0,0,A,A,0,No Deposit,240.0,0,Transient,129.0,0,0
Resort Hotel,1,15,2016,June,24,9,2,4,2,0.0,0,BB,PRT,Online TA,TA/TO,0,0,0,A,A,0,No Deposit,240.0,0,Transient,141.0,0,0
Resort Hotel,0,141,2016,June,24,9,2,5,2,0.0,0,FB,POL,Offline TA/TO,TA/TO,0,0,0,A,A,0,No Deposit,315.0,0,Transient,105.56,0,0
Resort Hotel,1,57,2016,June,24,10,0,2,2,0.0,0,BB,NLD,Online TA,TA/TO,0,0,0,A,A,0,No Deposit,240.0,0,Transient,141.0,0,0
Resort Hotel,1,162,2016,June,24,10,0,2,2,0.0,0,BB,PRT,Online TA,TA/TO,0,0,0,A,A,0,No Deposit,240.0,0,Transient,72.0,0,1
Resort Hotel,1,151,2016,June,24,10,1,2,2,0.0,0,BB,PRT,Online TA,TA/TO,0,0,0,E,E,0,No Deposit,240.0,0,Transient,99.0,0,0
Resort Hotel,0,269,2016,June,24,10,1,2,2,0.0,0,BB,PRT,Online TA,TA/TO,0,0,0,A,A,1,No Deposit,240.0,0,Transient,64.8,0,2
Resort Hotel,1,142,2016,June,24,10,1,2,2,0.0,0,BB,PRT,Online TA,TA/TO,0,0,0,A,A,0,No Deposit,242.0,0,Transient,95.4,0,1
Resort Hotel,1,17,2016,June,24,10,1,2,2,0.0,0,BB,PRT,Online TA,TA/TO,0,0,0,A,C,0,No Deposit,240.0,0,Transient-Party,129.0,0,0
Resort Hotel,1,17,2016,June,24,10,1,2,2,0.0,0,BB,PRT,Online TA,TA/TO,0,0,0,A,A,0,No Deposit,240.0,0,Transient-Party,129.0,0,0
Resort Hotel,0,266,2016,June,24,10,1,2,2,0.0,0,BB,PRT,Online TA,TA/TO,0,0,0,A,A,0,No Deposit,240.0,0,Transient,72.0,0,1
Resort Hotel,1,116,2016,June,24,10,2,2,2,0.0,0,BB,PRT,Online TA,TA/TO,0,0,0,D,D,0,No Deposit,240.0,0,Transient,108.0,0,1
Resort Hotel,1,155,2016,June,24,10,2,5,2,0.0,0,BB,PRT,Online TA,TA/TO,0,0,0,E,E,0,No Deposit,240.0,0,Transient,99.0,0,1
Resort Hotel,0,255,2016,June,24,10,4,10,2,0.0,0,BB,GBR,Offline TA/TO,TA/TO,0,0,0,A,A,0,No Deposit,40.0,0,Transient,53.85,0,1
Resort Hotel,1,271,2016,June,24,11,1,1,2,0.0,0,BB,PRT,Online TA,TA/TO,0,0,0,A,A,0,No Deposit,240.0,0,Transient,64.8,0,2
Resort Hotel,1,271,2016,June,24,11,1,1,2,0.0,0,BB,PRT,Online TA,TA/TO,0,0,0,A,A,0,No Deposit,240.0,0,Transient,64.8,0,2
Resort Hotel,1,271,2016,June,24,11,1,1,2,0.0,0,BB,PRT,Online TA,TA/TO,0,0,0,A,A,0,No Deposit,240.0,0,Transient,64.8,0,2
Resort Hotel,1,115,2016,June,24,11,2,4,2,0.0,0,BB,PRT,Online TA,TA/TO,0,0,0,E,E,0,No Deposit,240.0,0,Transient,131.67,0,1
Resort Hotel,0,220,2016,June,24,11,2,5,2,0.0,0,HB,IRL,Offline TA/TO,TA/TO,0,0,0,A,A,2,No Deposit,171.0,0,Transient,81.0,0,1
Resort Hotel,1,191,2016,June,24,11,2,5,2,0.0,0,BB,PRT,Offline TA/TO,TA/TO,0,0,0,A,A,0,No Deposit,253.0,0,Transient,54.9,0,0
Resort Hotel,0,241,2016,June,24,11,2,5,2,0.0,0,BB,GBR,Online TA,TA/TO,0,0,0,E,E,0,No Deposit,240.0,0,Transient-Party,99.0,0,2
Resort Hotel,0,220,2016,June,24,11,2,5,2,0.0,0,HB,IRL,Offline TA/TO,TA/TO,0,0,0,A,A,2,No Deposit,171.0,0,Transient,81.0,0,1
Resort Hotel,1,57,2016,June,24,11,2,6,2,0.0,0,BB,GBR,Online TA,TA/TO,0,0,0,A,A,0,No Deposit,240.0,0,Transient,129.0,0,0
Resort Hotel,1,120,2016,June,24,11,4,6,2,0.0,0,BB,PRT,Online TA,TA/TO,0,0,0,A,A,0,No Deposit,240.0,0,Transient,106.0,0,0
Resort Hotel,1,227,2016,June,24,11,4,6,2,0.0,0,BB,PRT,Online TA,TA/TO,0,0,0,A,A,1,No Deposit,240.0,0,Transient,72.0,0,2
Resort Hotel,0,241,2016,June,24,11,2,5,2,0.0,0,BB,GBR,Online TA,TA/TO,0,0,0,E,E,1,No Deposit,240.0,0,Transient-Party,113.0,1,2
Resort Hotel,1,227,2016,June,24,11,4,6,2,0.0,0,BB,PRT,Online TA,TA/TO,0,0,0,A,A,1,No Deposit,240.0,0,Transient,72.0,0,2
Resort Hotel,1,184,2016,June,24,11,4,10,2,0.0,0,HB,PRT,Offline TA/TO,TA/TO,0,0,0,A,A,0,No Deposit,40.0,0,Contract,77.85,0,0
Resort Hotel,1,277,2016,June,25,12,2,2,2,0.0,0,Undefined,PRT,Groups,TA/TO,0,0,0,A,A,0,Non Refund,,0,Transient,110.0,0,0
Resort Hotel,1,277,2016,June,25,12,2,2,2,0.0,0,Undefined,PRT,Groups,TA/TO,0,0,0,A,A,0,Non Refund,,0,Transient,110.0,0,0
Resort Hotel,1,277,2016,June,25,12,2,2,2,0.0,0,Undefined,PRT,Groups,TA/TO,0,0,0,A,A,0,Non Refund,,0,Transient,110.0,0,0
Resort Hotel,1,277,2016,June,25,12,2,2,2,0.0,0,Undefined,PRT,Groups,TA/TO,0,0,0,A,A,0,Non Refund,,0,Transient,110.0,0,0
Resort Hotel,1,277,2016,June,25,12,2,2,2,0.0,0,Undefined,PRT,Groups,TA/TO,0,0,0,A,A,0,Non Refund,,0,Transient,110.0,0,0
Resort Hotel,1,277,2016,June,25,12,2,2,2,0.0,0,Undefined,PRT,Groups,TA/TO,0,0,0,A,A,0,Non Refund,,0,Transient,110.0,0,0
Resort Hotel,1,277,2016,June,25,12,2,2,2,0.0,0,Undefined,PRT,Groups,TA/TO,0,0,0,A,A,0,Non Refund,,0,Transient,110.0,0,0
Resort Hotel,1,277,2016,June,25,12,2,2,2,0.0,0,Undefined,PRT,Groups,TA/TO,0,0,0,A,A,0,Non Refund,,0,Transient,110.0,0,0
Resort Hotel,1,277,2016,June,25,12,2,2,2,0.0,0,Undefined,PRT,Groups,TA/TO,0,0,0,A,A,0,Non Refund,,0,Transient,110.0,0,0
Resort Hotel,1,277,2016,June,25,12,2,2,2,0.0,0,Undefined,PRT,Groups,TA/TO,0,0,0,A,A,0,Non Refund,,0,Transient,110.0,0,0
Resort Hotel,1,277,2016,June,25,12,2,2,2,0.0,0,Undefined,PRT,Groups,TA/TO,0,0,0,A,A,0,Non Refund,,0,Transient,110.0,0,0
Resort Hotel,1,277,2016,June,25,12,2,2,2,0.0,0,Undefined,PRT,Groups,TA/TO,0,0,0,A,A,0,Non Refund,,0,Transient,110.0,0,0
Resort Hotel,1,277,2016,June,25,12,2,2,2,0.0,0,Undefined,PRT,Groups,TA/TO,0,0,0,A,A,0,Non Refund,,0,Transient,110.0,0,0
Resort Hotel,1,277,2016,June,25,12,2,2,2,0.0,0,Undefined,PRT,Groups,TA/TO,0,0,0,A,A,0,Non Refund,,0,Transient,110.0,0,0
Resort Hotel,1,277,2016,June,25,12,2,2,2,0.0,0,Undefined,PRT,Groups,TA/TO,0,0,0,A,A,0,Non Refund,,0,Transient,110.0,0,0
Resort Hotel,1,277,2016,June,25,12,2,2,2,0.0,0,Undefined,PRT,Groups,TA/TO,0,0,0,A,A,0,Non Refund,,0,Transient,110.0,0,0
Resort Hotel,1,55,2016,June,25,12,2,0,2,0.0,0,BB,PRT,Online TA,TA/TO,0,0,0,A,A,0,No Deposit,241.0,0,Transient,129.0,0,0
Resort Hotel,1,277,2016,June,25,12,2,2,2,0.0,0,Undefined,PRT,Groups,TA/TO,0,0,0,A,A,0,Non Refund,,0,Transient,110.0,0,0
Resort Hotel,1,277,2016,June,25,12,2,2,2,0.0,0,Undefined,PRT,Groups,TA/TO,0,0,0,A,A,0,Non Refund,,0,Transient,110.0,0,0
Resort Hotel,1,277,2016,June,25,12,2,2,2,0.0,0,Undefined,PRT,Groups,TA/TO,0,0,0,A,A,0,Non Refund,,0,Transient,110.0,0,0
Resort Hotel,1,277,2016,June,25,12,2,2,2,0.0,0,Undefined,PRT,Groups,TA/TO,0,0,0,A,A,0,Non Refund,,0,Transient,110.0,0,0
Resort Hotel,1,277,2016,June,25,12,2,2,2,0.0,0,Undefined,PRT,Groups,TA/TO,0,0,0,A,A,0,Non Refund,,0,Transient,110.0,0,0
Resort Hotel,1,277,2016,June,25,12,2,2,2,0.0,0,Undefined,PRT,Groups,TA/TO,0,0,0,A,A,0,Non Refund,,0,Transient,110.0,0,0
Resort Hotel,1,277,2016,June,25,12,2,2,2,0.0,0,Undefined,PRT,Groups,TA/TO,0,0,0,A,A,0,Non Refund,,0,Transient,110.0,0,0
Resort Hotel,1,277,2016,June,25,12,2,2,2,0.0,0,Undefined,PRT,Groups,TA/TO,0,0,0,A,A,0,Non Refund,,0,Transient,110.0,0,0
Resort Hotel,1,277,2016,June,25,12,2,2,2,0.0,0,Undefined,PRT,Groups,TA/TO,0,0,0,A,A,0,Non Refund,,0,Transient,110.0,0,0
Resort Hotel,1,277,2016,June,25,12,2,2,2,0.0,0,Undefined,PRT,Groups,TA/TO,0,0,0,A,A,0,Non Refund,,0,Transient,110.0,0,0
Resort Hotel,1,277,2016,June,25,12,2,2,2,0.0,0,Undefined,PRT,Groups,TA/TO,0,0,0,A,A,0,Non Refund,,0,Transient,110.0,0,0
Resort Hotel,1,277,2016,June,25,12,2,2,2,0.0,0,Undefined,PRT,Groups,TA/TO,0,0,0,A,A,0,Non Refund,,0,Transient,110.0,0,0
Resort Hotel,1,199,2016,June,25,12,2,3,2,0.0,0,HB,PRT,Online TA,TA/TO,0,0,0,A,A,0,No Deposit,240.0,0,Transient,110.0,0,1
Resort Hotel,0,328,2016,June,25,12,4,5,2,0.0,0,BB,GBR,Offline TA/TO,TA/TO,0,0,0,D,D,0,No Deposit,40.0,0,Contract,62.48,0,0
Resort Hotel,1,221,2016,June,25,12,3,5,2,0.0,0,BB,PRT,Direct,Direct,0,0,0,G,G,0,No Deposit,250.0,0,Transient,114.75,0,1
Resort Hotel,1,65,2016,June,25,13,1,0,2,0.0,0,BB,RUS,Direct,Direct,0,0,0,A,A,0,No Deposit,250.0,0,Transient,107.1,0,0
Resort Hotel,1,150,2016,June,25,13,1,2,2,0.0,0,BB,PRT,Online TA,TA/TO,0,0,0,D,D,0,No Deposit,240.0,0,Transient,121.0,0,1
Resort Hotel,0,259,2016,June,25,13,1,3,2,0.0,0,HB,RUS,Online TA,TA/TO,0,0,0,A,A,3,No Deposit,240.0,0,Transient,99.0,0,2
Resort Hotel,1,0,2016,June,25,13,1,3,2,0.0,0,BB,PRT,Online TA,TA/TO,0,0,0,E,F,0,No Deposit,240.0,0,Transient,136.0,0,1
Resort Hotel,1,32,2016,June,25,13,1,3,2,0.0,0,BB,PRT,Online TA,TA/TO,0,0,0,A,A,0,No Deposit,240.0,0,Transient,129.0,0,0
Resort Hotel,1,72,2016,June,25,13,1,3,2,0.0,0,BB,GBR,Online TA,TA/TO,0,0,0,A,A,0,No Deposit,240.0,0,Transient,116.0,0,0
Resort Hotel,1,146,2016,June,25,13,1,3,2,0.0,0,HB,PRT,Offline TA/TO,TA/TO,0,0,0,D,D,1,No Deposit,171.0,0,Transient,103.05,0,0
Resort Hotel,1,206,2016,June,25,13,1,4,2,0.0,0,BB,PRT,Online TA,TA/TO,0,0,0,A,A,0,No Deposit,240.0,0,Transient,72.0,0,2
Resort Hotel,1,206,2016,June,25,13,1,4,2,0.0,0,BB,PRT,Online TA,TA/TO,0,0,0,G,G,0,No Deposit,240.0,0,Transient,135.0,0,2
Resort Hotel,1,50,2016,June,25,13,1,4,2,0.0,0,BB,PRT,Online TA,TA/TO,0,0,0,A,A,0,No Deposit,240.0,0,Transient,129.0,0,0
Resort Hotel,1,50,2016,June,25,13,1,4,2,0.0,0,BB,PRT,Online TA,TA/TO,0,0,0,A,A,0,No Deposit,240.0,0,Transient,129.0,0,2
Resort Hotel,1,114,2016,June,25,13,1,5,2,0.0,0,BB,PRT,Online TA,TA/TO,0,0,0,A,A,0,No Deposit,240.0,0,Transient,106.0,0,0
Resort Hotel,1,205,2016,June,25,13,2,5,2,0.0,0,BB,PRT,Online TA,TA/TO,0,0,0,A,A,0,No Deposit,240.0,0,Transient,72.0,0,1
Resort Hotel,0,217,2016,June,25,13,2,5,2,0.0,0,BB,AUS,Online TA,TA/TO,0,0,0,D,D,0,No Deposit,241.0,0,Transient,65.83,0,1
Resort Hotel,1,112,2016,June,25,13,2,5,2,0.0,0,BB,PRT,Offline TA/TO,TA/TO,0,0,0,A,A,0,No Deposit,327.0,0,Transient,57.6,0,0
Resort Hotel,0,217,2016,June,25,13,2,5,2,0.0,0,BB,GBR,Online TA,TA/TO,0,0,0,D,D,0,No Deposit,241.0,0,Transient,67.54,0,1
Resort Hotel,1,223,2016,June,25,13,2,5,2,0.0,0,BB,PRT,Online TA,TA/TO,0,0,0,E,E,0,No Deposit,240.0,0,Transient,99.0,0,2
Resort Hotel,0,145,2016,June,25,13,2,5,2,0.0,0,BB,POL,Offline TA/TO,TA/TO,0,0,0,A,A,1,No Deposit,315.0,0,Transient,51.85,0,2
Resort Hotel,1,223,2016,June,25,13,2,5,2,0.0,0,BB,PRT,Online TA,TA/TO,0,0,0,E,E,0,No Deposit,240.0,0,Transient,99.0,0,2
Resort Hotel,1,166,2016,June,25,13,3,7,2,0.0,0,BB,PRT,Online TA,TA/TO,0,0,0,A,A,0,No Deposit,240.0,0,Transient,72.0,0,0
Resort Hotel,1,104,2016,June,25,14,0,2,2,0.0,0,BB,PRT,Online TA,TA/TO,0,0,0,D,D,0,No Deposit,240.0,0,Transient,121.0,0,1
Resort Hotel,1,248,2016,June,25,14,0,4,2,0.0,0,BB,PRT,Online TA,TA/TO,0,0,0,A,A,0,No Deposit,240.0,0,Transient,72.0,0,0
Resort Hotel,1,110,2016,June,25,14,2,5,2,0.0,0,BB,PRT,Offline TA/TO,TA/TO,0,0,0,E,E,0,No Deposit,171.0,0,Transient,89.1,0,0
Resort Hotel,1,95,2016,June,25,14,2,5,2,0.0,0,BB,PRT,Offline TA/TO,TA/TO,0,0,0,A,A,0,No Deposit,327.0,0,Transient,57.6,0,1
Resort Hotel,1,98,2016,June,25,14,2,5,2,0.0,0,BB,IRL,Direct,Direct,0,0,0,F,F,0,No Deposit,250.0,0,Transient,138.47,0,0
Resort Hotel,1,330,2016,June,25,14,2,8,2,0.0,0,BB,PRT,Offline TA/TO,TA/TO,0,0,0,A,A,0,No Deposit,40.0,0,Contract,48.88,0,0
Resort Hotel,0,225,2016,June,25,14,2,9,2,0.0,0,HB,GBR,Offline TA/TO,TA/TO,0,0,0,D,D,0,No Deposit,40.0,0,Transient,88.9,0,1
Resort Hotel,0,231,2016,June,25,15,0,3,2,0.0,0,BB,IRL,Offline TA/TO,TA/TO,0,0,0,E,E,0,No Deposit,6.0,0,Transient,81.0,0,2
Resort Hotel,0,231,2016,June,25,15,0,3,2,0.0,0,BB,GBR,Offline TA/TO,TA/TO,0,0,0,E,E,0,No Deposit,6.0,0,Transient,81.0,0,2
Resort Hotel,0,268,2016,June,25,15,2,5,2,0.0,0,BB,GBR,Online TA,TA/TO,0,0,0,A,A,1,No Deposit,241.0,0,Transient,57.15,1,1
Resort Hotel,1,274,2016,June,25,15,2,5,2,0.0,0,BB,PRT,Online TA,TA/TO,0,0,0,A,A,0,No Deposit,240.0,0,Transient,64.8,0,1
Resort Hotel,0,250,2016,June,25,15,2,5,2,0.0,0,BB,GBR,Offline TA/TO,TA/TO,0,0,0,A,B,1,No Deposit,314.0,0,Transient,59.31,0,1
Resort Hotel,0,268,2016,June,25,15,2,5,2,0.0,0,BB,GBR,Online TA,TA/TO,0,0,0,A,A,1,No Deposit,241.0,0,Transient,55.44,0,1
Resort Hotel,1,249,2016,June,25,15,2,8,2,0.0,0,BB,PRT,Online TA,TA/TO,0,0,0,A,A,0,No Deposit,240.0,0,Transient,72.0,0,1
Resort Hotel,0,246,2016,June,25,15,2,9,2,0.0,0,HB,GBR,Offline TA/TO,TA/TO,0,0,0,E,E,0,No Deposit,156.0,0,Transient,102.35,0,1
Resort Hotel,1,40,2016,June,25,16,0,3,2,0.0,0,BB,ESP,Online TA,TA/TO,0,0,0,A,A,0,No Deposit,240.0,0,Transient,129.0,0,0
Resort Hotel,1,250,2016,June,25,16,2,4,2,0.0,0,BB,PRT,Online TA,TA/TO,0,0,0,E,E,0,No Deposit,242.0,0,Transient,99.0,0,1
Resort Hotel,0,234,2016,June,25,16,2,5,2,0.0,0,BB,NOR,Direct,Direct,0,0,0,A,A,0,No Deposit,250.0,0,Transient,69.71,0,0
Resort Hotel,1,275,2016,June,25,16,2,5,2,0.0,0,BB,PRT,Online TA,TA/TO,0,0,0,E,E,0,No Deposit,240.0,0,Transient,99.0,0,2
Resort Hotel,1,73,2016,June,25,16,2,5,2,0.0,0,BB,PRT,Direct,Direct,0,0,0,F,F,0,No Deposit,,0,Transient,96.43,0,1
Resort Hotel,1,21,2016,June,25,16,2,5,2,0.0,0,BB,PRT,Direct,Direct,0,0,0,A,A,0,No Deposit,,0,Transient,129.0,0,0
Resort Hotel,0,247,2016,June,25,16,2,5,2,0.0,0,HB,GBR,Offline TA/TO,TA/TO,0,0,0,E,E,0,No Deposit,143.0,0,Transient,98.6,0,0
Resort Hotel,1,37,2016,June,25,17,0,2,2,0.0,0,HB,ESP,Online TA,TA/TO,0,0,0,A,A,0,No Deposit,240.0,0,Transient,161.0,0,0
Resort Hotel,1,37,2016,June,25,17,0,2,2,0.0,0,HB,ESP,Online TA,TA/TO,0,0,0,A,A,0,No Deposit,240.0,0,Transient,161.0,0,0
Resort Hotel,1,43,2016,June,25,17,0,2,2,0.0,0,BB,ESP,Online TA,TA/TO,0,0,0,A,A,0,No Deposit,240.0,0,Transient,129.0,0,0
Resort Hotel,1,61,2016,June,25,17,2,2,2,0.0,0,HB,GBR,Online TA,TA/TO,0,0,0,A,A,0,No Deposit,240.0,0,Transient,161.0,0,0
Resort Hotel,0,221,2016,June,25,17,2,2,2,0.0,0,BB,DEU,Online TA,TA/TO,0,0,0,E,E,0,No Deposit,240.0,0,Transient,113.0,1,1
Resort Hotel,1,60,2016,June,25,17,2,3,2,0.0,0,BB,AUT,Online TA,TA/TO,0,0,0,A,A,0,No Deposit,240.0,0,Transient,129.0,0,0
Resort Hotel,1,155,2016,June,25,17,2,3,2,0.0,0,BB,PRT,Online TA,TA/TO,0,0,0,A,A,0,No Deposit,240.0,0,Transient,99.64,0,2
Resort Hotel,1,174,2016,June,25,17,2,5,2,0.0,0,BB,PRT,Online TA,TA/TO,0,0,0,G,G,0,No Deposit,240.0,0,Transient,135.0,0,2
Resort Hotel,0,273,2016,June,25,17,2,5,2,0.0,0,BB,GBR,Direct,Direct,0,0,0,D,D,0,No Deposit,250.0,0,Transient-Party,77.64,0,1
Resort Hotel,0,300,2016,June,25,17,2,5,2,0.0,0,BB,CN,Online TA,TA/TO,0,0,0,G,G,0,No Deposit,242.0,0,Transient,121.5,0,1
Resort Hotel,0,273,2016,June,25,17,2,5,2,0.0,0,BB,GBR,Direct,Direct,0,0,0,D,D,0,No Deposit,250.0,0,Transient-Party,77.64,0,1
Resort Hotel,1,256,2016,June,25,17,2,7,2,0.0,0,BB,PRT,Online TA,TA/TO,0,0,0,A,A,0,No Deposit,240.0,0,Transient,72.0,0,1
Resort Hotel,0,246,2016,June,25,17,2,7,2,0.0,0,BB,GBR,Online TA,TA/TO,0,0,0,A,A,0,No Deposit,240.0,0,Transient,72.0,0,1
Resort Hotel,0,248,2016,June,25,17,4,10,2,0.0,0,BB,NLD,Offline TA/TO,TA/TO,0,0,0,A,A,1,No Deposit,6.0,0,Transient,59.6,0,0
Resort Hotel,1,23,2016,June,25,18,0,1,2,0.0,0,HB,ESP,Online TA,TA/TO,0,0,0,A,A,0,No Deposit,240.0,0,Transient,161.0,0,0
Resort Hotel,1,67,2016,June,25,18,0,1,2,0.0,0,BB,ESP,Online TA,TA/TO,0,0,0,A,A,0,No Deposit,240.0,0,Transient,141.0,0,0
Resort Hotel,1,10,2016,June,25,18,0,1,2,0.0,0,BB,PRT,Online TA,TA/TO,0,0,0,A,A,0,No Deposit,15.0,0,Transient,103.2,0,0
Resort Hotel,1,23,2016,June,25,18,0,1,2,0.0,0,BB,PRT,Online TA,TA/TO,0,0,0,E,E,0,No Deposit,240.0,0,Transient,159.0,0,0
Resort Hotel,1,12,2016,June,25,18,1,1,2,0.0,0,BB,PRT,Online TA,TA/TO,0,0,0,A,D,0,No Deposit,,0,Transient,128.8,0,0
Resort Hotel,1,81,2016,June,25,18,2,1,2,0.0,0,BB,AUT,Online TA,TA/TO,0,0,0,A,A,0,No Deposit,240.0,0,Transient,116.0,0,0
Resort Hotel,1,117,2016,June,25,18,2,3,2,0.0,0,BB,PRT,Online TA,TA/TO,0,0,0,E,E,0,No Deposit,240.0,0,Transient,136.0,0,1
Resort Hotel,1,250,2016,June,25,18,2,5,2,0.0,0,BB,PRT,Online TA,TA/TO,0,0,0,E,E,0,No Deposit,240.0,0,Transient,99.0,0,2
Resort Hotel,1,301,2016,June,25,18,2,5,2,0.0,0,BB,PRT,Online TA,TA/TO,0,0,0,G,G,0,No Deposit,242.0,0,Transient,121.5,0,1
Resort Hotel,0,250,2016,June,25,18,2,5,2,0.0,0,BB,GBR,Offline TA/TO,TA/TO,0,0,0,E,E,0,No Deposit,2.0,0,Contract,78.5,0,0
Resort Hotel,1,228,2016,June,25,18,2,5,2,0.0,0,HB,PRT,Online TA,TA/TO,0,0,0,A,A,0,No Deposit,240.0,0,Transient,110.0,0,0
Resort Hotel,1,250,2016,June,25,18,2,5,2,0.0,0,BB,PRT,Online TA,TA/TO,0,0,0,E,E,0,No Deposit,240.0,0,Transient,99.0,0,2
Resort Hotel,0,256,2016,June,25,18,2,5,2,0.0,0,HB,GBR,Offline TA/TO,TA/TO,0,0,0,A,A,0,No Deposit,143.0,0,Contract,75.65,0,2
Resort Hotel,1,231,2016,June,25,18,2,5,2,0.0,0,BB,PRT,Offline TA/TO,TA/TO,0,0,0,A,A,0,No Deposit,314.0,0,Transient,57.6,0,0
Resort Hotel,0,241,2016,June,25,18,2,6,2,0.0,0,BB,ROU,Online TA,TA/TO,0,0,0,D,D,0,No Deposit,240.0,0,Transient,85.5,0,1
Resort Hotel,1,291,2016,June,25,18,2,6,2,0.0,0,BB,PRT,Online TA,TA/TO,0,0,0,E,E,0,No Deposit,240.0,0,Transient,99.0,0,2
Resort Hotel,0,241,2016,June,25,18,2,6,2,0.0,0,BB,ROU,Online TA,TA/TO,0,0,0,D,D,0,No Deposit,240.0,0,Transient,85.5,0,1
Resort Hotel,0,249,2016,June,25,18,4,6,2,0.0,0,HB,GBR,Offline TA/TO,TA/TO,0,0,0,D,D,1,No Deposit,143.0,0,Transient,85.0,0,4
Resort Hotel,0,249,2016,June,25,18,4,6,2,0.0,0,HB,GBR,Offline TA/TO,TA/TO,0,0,0,D,D,2,No Deposit,143.0,0,Transient,85.0,0,4
Resort Hotel,1,5,2016,June,26,19,2,1,2,0.0,0,BB,ESP,Online TA,TA/TO,0,0,0,A,A,0,No Deposit,240.0,0,Transient,122.33,0,1
Resort Hotel,1,163,2016,June,26,19,2,5,2,0.0,0,BB,PRT,Online TA,TA/TO,0,0,0,A,A,1,No Deposit,240.0,0,Transient,72.0,0,1
Resort Hotel,1,235,2016,June,26,19,2,5,2,0.0,0,BB,PRT,Online TA,TA/TO,0,0,0,E,E,1,No Deposit,240.0,0,Transient,136.0,0,2
Resort Hotel,1,128,2016,June,26,19,3,5,2,0.0,0,BB,PRT,Online TA,TA/TO,0,0,0,A,A,0,No Deposit,240.0,0,Transient,115.75,0,0
Resort Hotel,1,128,2016,June,26,19,3,5,2,0.0,0,BB,PRT,Online TA,TA/TO,0,0,0,A,A,0,No Deposit,240.0,0,Transient,103.75,0,0
Resort Hotel,1,128,2016,June,26,19,3,5,2,0.0,0,BB,PRT,Online TA,TA/TO,0,0,0,A,A,0,No Deposit,240.0,0,Transient,103.75,0,0
Resort Hotel,1,128,2016,June,26,19,3,5,2,0.0,0,BB,PRT,Online TA,TA/TO,0,0,0,A,A,0,No Deposit,240.0,0,Transient,103.75,0,0
Resort Hotel,1,11,2016,June,26,20,1,0,2,0.0,0,BB,PRT,Direct,Direct,0,0,0,A,A,0,No Deposit,,0,Transient,100.0,0,0
Resort Hotel,0,244,2016,June,26,20,1,0,2,0.0,0,BB,HRV,Online TA,TA/TO,0,0,0,A,A,0,No Deposit,240.0,0,Transient,84.0,1,1
Resort Hotel,1,177,2016,June,26,20,1,5,2,0.0,0,BB,PRT,Online TA,TA/TO,0,0,0,D,D,0,Non Refund,240.0,0,Transient,85.5,0,0
Resort Hotel,1,177,2016,June,26,20,1,5,2,0.0,0,BB,PRT,Online TA,TA/TO,0,0,0,D,D,0,Non Refund,240.0,0,Transient,85.5,0,0
Resort Hotel,1,177,2016,June,26,20,1,5,2,0.0,0,BB,PRT,Online TA,TA/TO,0,0,0,A,A,0,Non Refund,240.0,0,Transient,72.0,0,0
Resort Hotel,1,177,2016,June,26,20,1,5,2,0.0,0,BB,PRT,Online TA,TA/TO,0,0,0,A,A,0,Non Refund,240.0,0,Transient,72.0,0,0
Resort Hotel,1,191,2016,June,26,20,1,5,2,0.0,0,BB,PRT,Online TA,TA/TO,0,0,0,A,A,0,No Deposit,240.0,0,Transient,72.0,0,0
Resort Hotel,1,177,2016,June,26,20,1,5,2,0.0,0,BB,PRT,Online TA,TA/TO,0,0,0,D,D,0,Non Refund,240.0,0,Transient,85.5,0,0
Resort Hotel,1,177,2016,June,26,20,1,5,2,0.0,0,BB,PRT,Online TA,TA/TO,0,0,0,D,D,0,Non Refund,240.0,0,Transient,85.5,0,0
Resort Hotel,1,177,2016,June,26,20,1,5,2,0.0,0,BB,PRT,Online TA,TA/TO,0,0,0,A,A,0,Non Refund,240.0,0,Transient,72.0,0,0
Resort Hotel,1,177,2016,June,26,20,1,5,2,0.0,0,BB,PRT,Online TA,TA/TO,0,0,0,D,D,0,Non Refund,240.0,0,Transient,85.5,0,0
Resort Hotel,1,177,2016,June,26,20,1,5,2,0.0,0,BB,PRT,Online TA,TA/TO,0,0,0,D,D,0,Non Refund,240.0,0,Transient,85.5,0,0
Resort Hotel,1,177,2016,June,26,20,1,5,2,0.0,0,BB,PRT,Online TA,TA/TO,0,0,0,A,A,0,Non Refund,240.0,0,Transient,72.0,0,0
Resort Hotel,1,152,2016,June,26,20,2,5,2,0.0,0,BB,PRT,Offline TA/TO,TA/TO,0,0,0,D,D,0,No Deposit,315.0,0,Transient,62.9,0,0
Resort Hotel,1,152,2016,June,26,20,2,5,2,0.0,0,BB,PRT,Offline TA/TO,TA/TO,0,0,0,D,D,0,No Deposit,315.0,0,Transient,62.9,0,0
Resort Hotel,0,306,2016,June,26,20,2,5,2,0.0,0,HB,GBR,Offline TA/TO,TA/TO,0,0,0,A,A,1,No Deposit,40.0,0,Contract,79.84,0,0
Resort Hotel,1,216,2016,June,26,20,3,5,2,0.0,0,BB,PRT,Online TA,TA/TO,0,0,0,E,E,0,No Deposit,240.0,0,Transient,99.0,0,1
Resort Hotel,0,304,2016,June,26,20,4,10,2,0.0,0,BB,GBR,Offline TA/TO,TA/TO,0,0,0,D,D,0,No Deposit,40.0,0,Contract,68.0,0,1
Resort Hotel,0,294,2016,June,26,21,0,5,2,0.0,0,BB,FIN,Online TA,TA/TO,0,0,0,A,A,0,No Deposit,240.0,0,Transient,64.8,0,1
Resort Hotel,1,293,2016,June,26,21,0,5,2,0.0,0,BB,PRT,Online TA,TA/TO,0,0,0,A,A,0,No Deposit,242.0,0,Transient,72.0,0,0
Resort Hotel,1,293,2016,June,26,21,0,5,2,0.0,0,BB,PRT,Online TA,TA/TO,0,0,0,A,A,0,No Deposit,242.0,0,Transient,72.0,0,1
Resort Hotel,1,293,2016,June,26,21,0,5,2,0.0,0,BB,ESP,Online TA,TA/TO,0,0,0,A,A,0,No Deposit,242.0,0,Transient,72.0,0,0
Resort Hotel,1,293,2016,June,26,21,0,5,2,0.0,0,BB,PRT,Online TA,TA/TO,0,0,0,A,A,0,No Deposit,242.0,0,Transient,72.0,0,0
Resort Hotel,1,293,2016,June,26,21,0,5,2,0.0,0,BB,PRT,Online TA,TA/TO,0,0,0,A,A,0,No Deposit,242.0,0,Transient,72.0,0,0
Resort Hotel,1,294,2016,June,26,21,0,5,2,0.0,0,BB,PRT,Online TA,TA/TO,0,0,0,A,A,0,No Deposit,240.0,0,Transient,64.8,0,1
Resort Hotel,1,309,2016,June,26,21,2,5,2,0.0,0,BB,PRT,Online TA,TA/TO,0,0,0,A,A,0,No Deposit,240.0,0,Transient,72.0,0,1
Resort Hotel,0,227,2016,June,26,21,2,5,2,0.0,0,BB,IRL,Online TA,TA/TO,0,0,0,D,D,0,No Deposit,240.0,0,Transient,85.5,0,1
Resort Hotel,1,155,2016,June,26,21,2,5,2,0.0,0,BB,PRT,Online TA,TA/TO,0,0,0,E,E,0,No Deposit,240.0,0,Transient,136.0,0,1
Resort Hotel,0,272,2016,June,26,21,2,5,2,0.0,0,HB,GBR,Offline TA/TO,TA/TO,0,0,0,E,F,0,No Deposit,143.0,0,Transient,100.3,0,1
Resort Hotel,1,167,2016,June,26,21,2,5,2,0.0,0,BB,PRT,Offline TA/TO,TA/TO,0,0,0,A,A,0,No Deposit,26.0,0,Transient,54.72,0,0
Resort Hotel,1,124,2016,June,26,21,1,5,2,0.0,0,BB,PRT,Online TA,TA/TO,0,0,0,A,A,0,No Deposit,240.0,0,Transient,108.17,0,1
Resort Hotel,1,242,2016,June,26,21,2,5,2,0.0,0,BB,PRT,Offline TA/TO,TA/TO,0,0,0,A,A,0,No Deposit,115.0,0,Transient,57.6,0,0
Resort Hotel,1,127,2016,June,26,21,2,5,2,0.0,0,BB,PRT,Online TA,TA/TO,0,0,0,A,A,0,No Deposit,240.0,0,Transient,106.0,0,1
Resort Hotel,0,235,2016,June,26,21,4,10,2,0.0,0,HB,GBR,Offline TA/TO,TA/TO,0,0,0,D,D,0,No Deposit,40.0,0,Transient,92.36,0,0
Resort Hotel,1,247,2016,June,26,22,0,3,2,0.0,0,HB,PRT,Groups,Direct,0,0,0,A,A,0,No Deposit,,0,Transient-Party,92.0,0,0
Resort Hotel,0,322,2016,June,26,22,0,3,2,0.0,0,HB,POL,Groups,Direct,0,0,0,A,A,0,No Deposit,,75,Transient-Party,92.0,0,0
Resort Hotel,0,322,2016,June,26,22,0,3,2,0.0,0,HB,POL,Groups,Direct,0,0,0,A,F,0,No Deposit,,75,Transient-Party,92.0,0,0
Resort Hotel,0,253,2016,June,26,22,0,3,2,0.0,0,HB,POL,Groups,Direct,0,0,0,A,A,0,No Deposit,,0,Transient-Party,92.0,0,0
Resort Hotel,0,322,2016,June,26,22,0,3,2,0.0,0,HB,POL,Groups,Direct,0,0,0,A,A,0,No Deposit,,75,Transient-Party,92.0,0,0
Resort Hotel,0,322,2016,June,26,22,0,3,2,0.0,0,HB,POL,Groups,Direct,0,0,0,A,E,0,No Deposit,,75,Transient-Party,92.0,0,0
Resort Hotel,0,322,2016,June,26,22,0,3,2,0.0,0,HB,POL,Groups,Direct,0,0,0,A,A,0,No Deposit,,75,Transient-Party,92.0,0,0
Resort Hotel,0,322,2016,June,26,22,0,3,2,0.0,0,HB,POL,Groups,Direct,0,0,0,A,C,1,No Deposit,,75,Transient-Party,92.0,0,0
Resort Hotel,0,322,2016,June,26,22,0,3,2,0.0,0,HB,POL,Groups,Direct,0,0,0,A,A,0,No Deposit,,75,Transient-Party,92.0,0,0
Resort Hotel,0,322,2016,June,26,22,0,3,2,0.0,0,HB,POL,Groups,Direct,0,0,0,A,A,0,No Deposit,,75,Transient-Party,92.0,0,0
Resort Hotel,0,253,2016,June,26,22,0,3,2,0.0,0,HB,POL,Groups,Direct,0,0,0,A,A,0,No Deposit,,0,Transient-Party,92.0,0,0
Resort Hotel,1,29,2016,June,26,22,0,3,2,0.0,0,HB,PRT,Groups,Direct,0,0,0,A,A,0,No Deposit,,0,Transient-Party,92.0,0,0
Resort Hotel,0,322,2016,June,26,22,0,3,2,0.0,0,HB,POL,Groups,Direct,0,0,0,A,C,1,No Deposit,,75,Transient-Party,92.0,0,0
Resort Hotel,0,322,2016,June,26,22,0,3,2,0.0,0,HB,POL,Groups,Direct,0,0,0,A,A,0,No Deposit,,75,Transient-Party,92.0,0,0
Resort Hotel,0,253,2016,June,26,22,0,3,2,0.0,0,HB,POL,Groups,Direct,0,0,0,A,A,0,No Deposit,,0,Transient-Party,92.0,0,0
Resort Hotel,0,253,2016,June,26,22,0,3,2,0.0,0,HB,POL,Groups,Direct,0,0,0,A,D,0,No Deposit,,0,Transient-Party,92.0,0,0
Resort Hotel,0,322,2016,June,26,22,0,3,2,0.0,0,HB,POL,Groups,Direct,0,0,0,A,A,0,No Deposit,,75,Transient-Party,92.0,0,0
Resort Hotel,0,322,2016,June,26,22,0,3,2,0.0,0,HB,POL,Groups,Direct,0,0,0,A,A,0,No Deposit,,75,Transient-Party,92.0,0,0
Resort Hotel,0,322,2016,June,26,22,0,3,2,0.0,0,HB,POL,Groups,Direct,0,0,0,A,A,0,No Deposit,,75,Transient-Party,92.0,0,0
Resort Hotel,1,2,2016,June,26,22,0,3,2,0.0,0,BB,PRT,Direct,Direct,0,0,0,G,G,0,No Deposit,250.0,0,Transient,169.0,0,0
Resort Hotel,0,253,2016,June,26,22,0,3,2,0.0,0,HB,POL,Groups,Direct,0,0,0,A,D,0,No Deposit,,0,Transient-Party,92.0,0,0
Resort Hotel,0,322,2016,June,26,22,0,3,2,0.0,0,HB,POL,Groups,Direct,0,0,0,A,E,0,No Deposit,,75,Transient-Party,92.0,0,0
Resort Hotel,0,322,2016,June,26,22,0,3,2,0.0,0,HB,POL,Groups,Direct,0,0,0,A,A,0,No Deposit,,75,Transient-Party,92.0,0,0
Resort Hotel,0,322,2016,June,26,22,0,3,2,0.0,0,HB,POL,Groups,Direct,0,0,0,A,A,0,No Deposit,,75,Transient-Party,92.0,0,0
Resort Hotel,0,322,2016,June,26,22,0,3,2,0.0,0,HB,POL,Groups,Direct,0,0,0,A,A,0,No Deposit,,75,Transient-Party,92.0,0,0
Resort Hotel,1,0,2016,June,26,22,0,4,2,0.0,0,BB,PRT,Groups,Direct,0,0,0,A,A,1,No Deposit,,0,Transient,8.0,0,0
Resort Hotel,1,3,2016,June,26,22,0,1,2,0.0,0,HB,USA,Online TA,TA/TO,0,0,0,E,E,0,No Deposit,240.0,0,Transient,171.0,0,0
Resort Hotel,1,128,2016,June,26,22,2,5,2,0.0,0,BB,PRT,Online TA,TA/TO,0,0,0,D,D,0,No Deposit,240.0,0,Transient,121.0,0,1
Resort Hotel,1,155,2016,June,26,22,4,10,2,0.0,0,BB,PRT,Offline TA/TO,TA/TO,0,0,0,E,E,0,No Deposit,75.0,0,Contract,76.5,0,0
Resort Hotel,1,225,2016,June,26,23,1,3,2,0.0,0,BB,PRT,Online TA,TA/TO,0,0,0,A,A,0,No Deposit,240.0,0,Transient,72.0,0,2
Resort Hotel,1,225,2016,June,26,23,1,3,2,0.0,0,BB,PRT,Online TA,TA/TO,0,0,0,A,A,0,No Deposit,240.0,0,Transient,72.0,0,2
Resort Hotel,0,286,2016,June,26,23,1,3,2,0.0,0,BB,GBR,Online TA,TA/TO,0,0,0,D,F,1,No Deposit,240.0,0,Transient,85.5,0,2
Resort Hotel,1,131,2016,June,26,23,2,3,2,0.0,0,BB,PRT,Online TA,TA/TO,0,0,0,A,A,0,No Deposit,240.0,0,Transient,106.0,0,0
Resort Hotel,0,286,2016,June,26,23,1,3,2,0.0,0,BB,GBR,Online TA,TA/TO,0,0,0,A,F,1,No Deposit,240.0,0,Transient,73.5,0,2
Resort Hotel,0,262,2016,June,26,23,1,3,2,0.0,0,BB,GBR,Offline TA/TO,TA/TO,0,0,0,A,B,0,No Deposit,156.0,0,Transient,56.72,0,0
Resort Hotel,0,227,2016,June,26,23,3,8,2,0.0,0,HB,POL,Offline TA/TO,TA/TO,0,0,0,D,D,0,No Deposit,315.0,0,Transient,94.0,0,0
Resort Hotel,1,284,2016,June,26,24,2,5,2,0.0,0,BB,PRT,Online TA,TA/TO,0,0,0,E,E,0,No Deposit,240.0,0,Transient,99.0,0,3
Resort Hotel,0,252,2016,June,26,24,2,5,2,0.0,0,BB,GBR,Offline TA/TO,TA/TO,0,0,0,A,C,1,No Deposit,40.0,0,Transient,53.84,0,0
Resort Hotel,0,291,2016,June,26,24,4,10,2,0.0,0,BB,GBR,Offline TA/TO,TA/TO,0,0,0,D,D,0,No Deposit,40.0,0,Contract,70.0,0,1
Resort Hotel,0,232,2016,June,26,24,4,10,2,0.0,0,BB,GBR,Online TA,TA/TO,0,0,0,A,A,0,No Deposit,240.0,0,Transient,76.5,0,2
Resort Hotel,0,310,2016,June,26,24,4,10,2,0.0,0,BB,GBR,Offline TA/TO,TA/TO,0,0,0,E,E,0,No Deposit,40.0,0,Contract,85.3,0,0
Resort Hotel,0,232,2016,June,26,24,4,10,2,0.0,0,BB,GBR,Online TA,TA/TO,0,0,0,D,D,0,No Deposit,240.0,0,Transient,90.0,0,2
Resort Hotel,1,170,2016,June,26,25,0,1,2,0.0,0,BB,PRT,Online TA,TA/TO,0,0,0,A,A,0,No Deposit,240.0,0,Transient,72.0,0,2
Resort Hotel,1,170,2016,June,26,25,0,1,2,0.0,0,BB,PRT,Online TA,TA/TO,0,0,0,A,A,0,No Deposit,240.0,0,Transient,72.0,0,2
Resort Hotel,1,170,2016,June,26,25,0,1,2,0.0,0,BB,PRT,Online TA,TA/TO,0,0,0,A,A,0,No Deposit,240.0,0,Transient,72.0,0,2
Resort Hotel,1,3,2016,June,26,25,0,1,2,0.0,0,BB,PRT,Online TA,TA/TO,0,0,0,A,A,0,No Deposit,240.0,0,Transient,129.0,0,1
Resort Hotel,1,4,2016,June,26,25,1,1,2,0.0,0,BB,PRT,Direct,Direct,0,0,0,F,F,0,No Deposit,250.0,0,Transient,169.0,0,0
Resort Hotel,1,75,2016,June,26,25,2,1,2,0.0,0,BB,PRT,Online TA,TA/TO,0,0,0,A,A,0,No Deposit,240.0,0,Transient,118.0,0,0
Resort Hotel,0,229,2016,June,26,25,2,5,2,0.0,0,BB,IRL,Online TA,TA/TO,0,0,0,E,E,0,No Deposit,240.0,0,Transient,100.29,0,2
Resort Hotel,1,226,2016,June,26,25,2,5,2,0.0,0,BB,PRT,Direct,Direct,0,0,0,G,G,0,No Deposit,250.0,0,Transient,118.15,0,0
Resort Hotel,1,196,2016,June,26,25,3,6,2,0.0,0,BB,PRT,Online TA,TA/TO,0,0,0,D,D,0,No Deposit,240.0,0,Transient,88.5,0,0
Resort Hotel,0,285,2016,June,26,25,4,10,2,0.0,0,BB,NOR,Online TA,TA/TO,0,0,0,G,G,0,No Deposit,240.0,0,Transient,126.64,0,0
Resort Hotel,1,92,2016,June,27,26,2,3,2,0.0,0,BB,ESP,Online TA,TA/TO,0,0,0,A,A,0,No Deposit,240.0,0,Transient,116.0,0,0
Resort Hotel,1,92,2016,June,27,26,2,3,2,0.0,0,BB,ITA,Online TA,TA/TO,0,0,0,A,A,0,No Deposit,240.0,0,Transient,116.0,0,0
Resort Hotel,1,90,2016,June,27,26,2,4,2,0.0,0,BB,PRT,Online TA,TA/TO,0,0,0,A,A,0,No Deposit,240.0,0,Transient,123.33,0,1
Resort Hotel,1,90,2016,June,27,26,2,4,2,0.0,0,BB,PRT,Online TA,TA/TO,0,0,0,A,A,0,No Deposit,240.0,0,Transient,123.33,0,1
Resort Hotel,1,172,2016,June,27,26,2,5,2,0.0,0,BB,PRT,Online TA,TA/TO,0,0,0,A,A,0,No Deposit,240.0,0,Transient,74.57,0,1
Resort Hotel,1,105,2016,June,27,26,2,5,2,0.0,0,BB,NLD,Online TA,TA/TO,0,0,0,D,D,0,No Deposit,240.0,0,Transient,143.57,0,0
Resort Hotel,1,105,2016,June,27,26,2,5,2,0.0,0,BB,NLD,Online TA,TA/TO,0,0,0,D,D,0,No Deposit,240.0,0,Transient,155.57,0,0
Resort Hotel,0,274,2016,June,27,26,4,8,2,0.0,0,BB,GBR,Offline TA/TO,TA/TO,0,0,0,E,E,0,No Deposit,156.0,0,Transient,85.3,0,1
Resort Hotel,1,0,2016,June,27,27,1,0,2,0.0,0,BB,PRT,Direct,Direct,0,0,0,A,A,0,No Deposit,,0,Transient,8.0,0,0
Resort Hotel,1,5,2016,June,27,27,1,0,2,0.0,0,BB,SWE,Online TA,TA/TO,0,0,0,A,A,1,No Deposit,,0,Transient,165.0,0,0
Resort Hotel,1,26,2016,June,27,27,1,1,2,0.0,0,BB,PRT,Online TA,TA/TO,0,0,0,A,A,0,No Deposit,240.0,0,Transient,129.0,0,0
Resort Hotel,1,167,2016,June,27,27,1,5,2,0.0,0,HB,PRT,Online TA,TA/TO,0,0,0,D,D,1,No Deposit,240.0,0,Transient,155.33,0,1
Resort Hotel,1,91,2016,June,27,27,1,5,2,0.0,0,BB,SWE,Online TA,TA/TO,0,0,0,A,A,0,No Deposit,240.0,0,Transient,130.67,0,0
Resort Hotel,1,198,2016,June,27,27,2,5,2,0.0,0,BB,PRT,Online TA,TA/TO,0,0,0,D,D,0,No Deposit,240.0,0,Transient,90.64,0,2
Resort Hotel,0,247,2016,June,27,27,2,5,2,0.0,0,BB,GBR,Offline TA/TO,TA/TO,0,0,0,D,D,0,No Deposit,6.0,0,Transient,73.49,0,0
Resort Hotel,1,174,2016,June,27,27,3,5,2,0.0,0,BB,PRT,Online TA,TA/TO,0,0,0,A,A,0,No Deposit,240.0,0,Transient,76.5,0,1
Resort Hotel,1,174,2016,June,27,27,3,5,2,0.0,0,BB,PRT,Online TA,TA/TO,0,0,0,A,A,0,No Deposit,240.0,0,Transient,76.5,0,1
Resort Hotel,1,184,2016,June,27,27,3,7,2,0.0,0,BB,PRT,Offline TA/TO,TA/TO,0,0,0,A,A,0,No Deposit,36.0,0,Transient,61.92,0,0
Resort Hotel,0,240,2016,June,27,27,3,7,2,0.0,0,HB,GBR,Offline TA/TO,TA/TO,0,0,0,D,D,0,No Deposit,40.0,0,Transient,93.96,0,0
Resort Hotel,1,171,2016,June,27,27,3,9,2,0.0,0,BB,PRT,Online TA,TA/TO,0,0,0,A,A,0,No Deposit,240.0,0,Transient,91.5,0,0
Resort Hotel,1,172,2016,June,27,28,2,5,2,0.0,0,BB,PRT,Online TA,TA/TO,0,0,0,D,D,0,No Deposit,240.0,0,Transient,90.64,0,1
Resort Hotel,0,244,2016,June,27,28,2,5,2,0.0,0,BB,GBR,Offline TA/TO,TA/TO,0,0,0,A,A,0,No Deposit,40.0,0,Transient,57.25,0,0
Resort Hotel,1,246,2016,June,27,28,2,5,2,0.0,0,BB,PRT,Online TA,TA/TO,0,0,0,A,A,0,No Deposit,240.0,0,Transient,77.14,0,1
Resort Hotel,1,174,2016,June,27,28,2,5,2,0.0,0,BB,PRT,Online TA,TA/TO,0,0,0,A,A,0,No Deposit,242.0,0,Transient,77.14,0,0
Resort Hotel,1,106,2016,June,27,28,2,7,2,0.0,0,BB,PRT,Online TA,TA/TO,0,0,0,F,F,0,No Deposit,242.0,0,Transient,185.33,0,0
Resort Hotel,0,241,2016,June,27,28,2,7,2,0.0,0,HB,GBR,Offline TA/TO,TA/TO,0,0,0,D,D,0,No Deposit,2.0,0,Contract,98.0,0,1
Resort Hotel,0,230,2016,June,27,28,2,7,2,0.0,0,HB,GBR,Offline TA/TO,TA/TO,0,0,0,D,D,1,No Deposit,2.0,0,Contract,96.0,0,0
Resort Hotel,0,237,2016,June,27,28,2,8,2,0.0,0,BB,GBR,Online TA,TA/TO,0,0,0,A,A,0,No Deposit,241.0,0,Transient,60.29,0,3
Resort Hotel,0,237,2016,June,27,28,2,8,2,0.0,0,BB,GBR,Online TA,TA/TO,0,0,0,A,A,0,No Deposit,241.0,0,Transient,60.29,0,3
Resort Hotel,0,314,2016,June,27,28,2,8,2,0.0,0,BB,GBR,Offline TA/TO,TA/TO,0,0,0,A,B,0,No Deposit,40.0,0,Contract,59.8,0,0
Resort Hotel,1,208,2016,June,27,28,2,5,2,0.0,0,HB,PRT,Offline TA/TO,TA/TO,0,0,0,A,A,0,No Deposit,143.0,0,Transient,73.95,0,2
Resort Hotel,0,295,2016,June,27,28,4,10,2,0.0,0,BB,GBR,Offline TA/TO,TA/TO,0,0,0,E,E,0,No Deposit,40.0,0,Contract,85.3,0,0
Resort Hotel,1,114,2016,June,27,29,0,3,2,0.0,0,BB,PRT,Online TA,TA/TO,0,0,0,A,A,0,No Deposit,240.0,0,Transient,124.0,0,0
Resort Hotel,1,166,2016,June,27,29,2,7,2,0.0,0,BB,PRT,Online TA,TA/TO,0,0,0,D,D,0,No Deposit,240.0,0,Transient,118.0,0,1
Resort Hotel,0,186,2016,June,27,29,4,10,2,0.0,0,HB,DEU,Offline TA/TO,TA/TO,0,0,0,A,A,0,No Deposit,69.0,0,Transient,80.2,0,2
Resort Hotel,1,168,2016,June,27,29,4,11,2,0.0,0,BB,PRT,Online TA,TA/TO,0,0,0,A,A,0,No Deposit,240.0,0,Transient,105.54,0,0
Resort Hotel,1,2,2016,June,27,30,0,1,2,0.0,0,BB,PRT,Direct,Direct,0,0,0,E,E,0,No Deposit,,0,Transient,159.0,0,0
Resort Hotel,1,20,2016,June,27,30,0,3,2,0.0,0,BB,PRT,Online TA,TA/TO,0,0,0,A,A,0,No Deposit,240.0,0,Transient,129.0,0,0
Resort Hotel,1,159,2016,June,27,30,1,3,2,0.0,0,BB,PRT,Online TA,TA/TO,0,0,0,D,D,0,No Deposit,240.0,0,Transient,130.75,0,1
Resort Hotel,1,32,2016,June,27,30,2,7,2,0.0,0,BB,SWE,Direct,Direct,0,0,0,F,F,2,No Deposit,250.0,0,Transient,208.56,0,0
Resort Hotel,1,164,2016,June,27,30,4,10,2,0.0,0,HB,PRT,Offline TA/TO,TA/TO,0,0,0,A,A,1,No Deposit,243.0,0,Contract,64.85,0,1
Resort Hotel,1,9,2016,July,27,1,0,2,2,0.0,0,BB,PRT,Online TA,TA/TO,0,0,0,F,F,0,No Deposit,242.0,0,Transient,169.0,0,1
Resort Hotel,1,170,2016,July,27,1,2,5,2,0.0,0,BB,PRT,Offline TA/TO,TA/TO,0,0,0,A,A,0,No Deposit,2.0,0,Transient,57.8,0,0
Resort Hotel,1,220,2016,July,27,1,2,6,2,0.0,0,HB,PRT,Online TA,TA/TO,0,0,0,A,A,1,No Deposit,240.0,0,Transient,120.0,0,1
Resort Hotel,0,0,2016,July,27,1,2,7,2,0.0,0,BB,IRL,Online TA,TA/TO,0,0,0,A,A,0,No Deposit,,0,Transient,83.0,0,2
Resort Hotel,1,301,2016,July,27,1,2,7,2,0.0,0,BB,PRT,Online TA,TA/TO,0,0,0,A,A,1,No Deposit,240.0,0,Transient,81.0,0,2
Resort Hotel,1,301,2016,July,27,1,2,7,2,0.0,0,BB,PRT,Online TA,TA/TO,0,0,0,E,E,0,No Deposit,240.0,0,Transient,108.0,0,2
Resort Hotel,0,304,2016,July,27,1,4,10,2,0.0,0,BB,GBR,Offline TA/TO,TA/TO,0,0,0,A,A,1,No Deposit,40.0,0,Contract,59.8,0,1
Resort Hotel,0,305,2016,July,27,1,4,10,2,0.0,0,BB,GBR,Offline TA/TO,TA/TO,0,0,0,A,A,1,No Deposit,40.0,0,Contract,59.8,0,0
Resort Hotel,1,164,2016,July,27,1,4,10,2,0.0,0,HB,PRT,Offline TA/TO,TA/TO,0,0,0,E,E,0,No Deposit,75.0,0,Contract,105.4,0,1
Resort Hotel,0,305,2016,July,27,1,4,10,2,0.0,0,BB,GBR,Offline TA/TO,TA/TO,0,0,0,A,A,1,No Deposit,40.0,0,Contract,59.8,0,0
Resort Hotel,1,170,2016,July,27,2,2,1,2,0.0,0,BB,PRT,Online TA,TA/TO,0,0,0,C,C,0,No Deposit,241.0,0,Transient,103.26,0,2
Resort Hotel,1,73,2016,July,27,2,2,1,2,0.0,0,BB,PRT,Online TA,TA/TO,0,0,0,A,A,0,No Deposit,314.0,0,Transient-Party,36.5,0,0
Resort Hotel,1,189,2016,July,27,2,2,4,2,0.0,0,HB,PRT,Online TA,TA/TO,0,0,0,D,D,0,No Deposit,240.0,0,Transient,135.0,0,0
Resort Hotel,1,179,2016,July,27,2,2,5,2,0.0,0,BB,PRT,Online TA,TA/TO,0,0,0,A,A,0,No Deposit,240.0,0,Transient,81.0,0,1
Resort Hotel,0,273,2016,July,27,2,2,5,2,0.0,0,BB,AUS,Offline TA/TO,TA/TO,0,0,0,A,A,0,No Deposit,314.0,0,Transient-Party,74.0,0,0
Resort Hotel,1,171,2016,July,27,2,2,5,2,0.0,0,BB,PRT,Online TA,TA/TO,0,0,0,D,D,0,No Deposit,240.0,0,Transient,94.5,0,1
Resort Hotel,1,264,2016,July,27,2,2,5,2,0.0,0,BB,PRT,Online TA,TA/TO,0,0,0,D,D,0,No Deposit,240.0,0,Transient,94.5,0,1
Resort Hotel,1,203,2016,July,27,2,2,5,2,0.0,0,BB,PRT,Online TA,TA/TO,0,0,0,A,A,0,No Deposit,240.0,0,Transient,81.0,0,2
Resort Hotel,0,248,2016,July,27,2,2,5,2,0.0,0,HB,GBR,Offline TA/TO,TA/TO,0,0,0,A,C,1,No Deposit,143.0,0,Transient,81.9,0,0
Resort Hotel,1,179,2016,July,27,2,2,5,2,0.0,0,BB,PRT,Online TA,TA/TO,0,0,0,A,A,0,No Deposit,240.0,0,Transient,81.0,0,1
Resort Hotel,0,236,2016,July,27,2,2,5,2,0.0,0,BB,PRT,Online TA,TA/TO,0,0,0,A,A,0,No Deposit,240.0,0,Transient,81.0,0,2
Resort Hotel,1,172,2016,July,27,2,2,6,2,0.0,0,BB,PRT,Online TA,TA/TO,0,0,0,E,E,0,No Deposit,240.0,0,Transient,134.1,0,1
Resort Hotel,1,138,2016,July,27,2,4,6,2,0.0,0,BB,PRT,Online TA,TA/TO,0,0,0,D,D,0,No Deposit,240.0,0,Transient,146.0,0,0
Resort Hotel,0,149,2016,July,27,2,4,6,2,0.0,0,HB,DEU,Offline TA/TO,TA/TO,0,0,0,D,I,0,No Deposit,69.0,0,Transient,1.8,0,1
Resort Hotel,1,138,2016,July,27,2,4,6,2,0.0,0,BB,PRT,Online TA,TA/TO,0,0,0,D,D,0,No Deposit,240.0,0,Transient,146.0,0,0
Resort Hotel,1,138,2016,July,27,2,4,6,2,0.0,0,BB,PRT,Online TA,TA/TO,0,0,0,D,D,0,No Deposit,240.0,0,Transient,134.0,0,0
Resort Hotel,0,243,2016,July,27,2,4,10,2,0.0,0,HB,GBR,Offline TA/TO,TA/TO,0,0,0,A,A,1,No Deposit,143.0,0,Transient,112.2,0,0
Resort Hotel,1,178,2016,July,27,2,4,11,2,0.0,0,BB,PRT,Online TA,TA/TO,0,0,0,A,A,0,No Deposit,240.0,0,Transient,82.8,0,0
Resort Hotel,1,265,2016,July,28,3,2,5,2,0.0,0,BB,PRT,Online TA,TA/TO,0,0,0,A,A,1,No Deposit,240.0,0,Transient,81.0,0,1
Resort Hotel,1,169,2016,July,28,3,2,5,2,0.0,0,HB,PRT,Offline TA/TO,TA/TO,0,0,0,D,E,0,No Deposit,40.0,0,Contract,96.0,0,0
Resort Hotel,1,139,2016,July,28,3,2,5,2,0.0,0,HB,PRT,Online TA,TA/TO,0,0,0,E,E,0,No Deposit,240.0,0,Transient,181.0,0,0
Resort Hotel,1,139,2016,July,28,3,2,5,2,0.0,0,HB,PRT,Online TA,TA/TO,0,0,0,E,E,0,No Deposit,240.0,0,Transient,193.0,0,0
Resort Hotel,1,265,2016,July,28,3,2,5,2,0.0,0,BB,PRT,Online TA,TA/TO,0,0,0,A,A,1,No Deposit,240.0,0,Transient,81.0,0,1
Resort Hotel,1,167,2016,July,28,3,2,5,2,0.0,0,HB,PRT,Offline TA/TO,TA/TO,0,0,0,D,D,0,No Deposit,243.0,0,Contract,79.06,0,1
Resort Hotel,1,314,2016,July,28,3,3,5,2,0.0,0,BB,PRT,Online TA,TA/TO,0,0,0,E,E,1,No Deposit,240.0,0,Transient,108.0,0,1
Resort Hotel,0,349,2016,July,28,3,4,7,2,0.0,0,HB,GBR,Offline TA/TO,TA/TO,0,0,0,E,E,0,No Deposit,40.0,0,Contract,111.3,0,0
Resort Hotel,1,208,2016,July,28,3,4,9,2,0.0,0,HB,PRT,Direct,Direct,0,0,0,D,D,0,No Deposit,250.0,0,Transient,119.25,0,0
Resort Hotel,1,18,2016,July,28,4,1,4,2,0.0,0,BB,ESP,Online TA,TA/TO,0,0,0,A,A,0,No Deposit,240.0,0,Transient,159.0,0,0
Resort Hotel,1,38,2016,July,28,4,1,4,2,0.0,0,HB,PRT,Online TA,TA/TO,0,0,0,F,F,0,No Deposit,241.0,0,Transient,178.64,0,0
Resort Hotel,0,256,2016,July,28,4,1,4,2,0.0,0,BB,PRT,Online TA,TA/TO,0,0,0,A,A,0,No Deposit,240.0,0,Transient,93.0,1,1
Resort Hotel,0,317,2016,July,28,4,1,5,2,0.0,0,BB,ESP,Online TA,TA/TO,0,0,0,A,A,0,No Deposit,240.0,0,Transient,72.9,0,2
Resort Hotel,1,166,2016,July,28,4,2,5,2,0.0,0,BB,PRT,Offline TA/TO,TA/TO,0,0,0,A,A,0,No Deposit,315.0,0,Transient,57.8,0,1
Resort Hotel,1,171,2016,July,28,4,2,5,2,0.0,0,BB,PRT,Offline TA/TO,TA/TO,0,0,0,D,D,0,No Deposit,156.0,0,Transient,75.6,0,0
Resort Hotel,1,166,2016,July,28,4,2,5,2,0.0,0,BB,PRT,Offline TA/TO,TA/TO,0,0,0,A,A,0,No Deposit,315.0,0,Transient,57.8,0,1
Resort Hotel,0,166,2016,July,28,4,3,7,2,0.0,0,HB,POL,Offline TA/TO,TA/TO,0,0,0,A,A,0,No Deposit,315.0,0,Transient,83.8,0,0
Resort Hotel,1,398,2016,July,28,4,3,7,2,0.0,0,HB,PRT,Offline TA/TO,TA/TO,0,0,0,E,E,0,No Deposit,40.0,0,Contract,134.73,0,0
Resort Hotel,0,166,2016,July,28,4,3,7,2,0.0,0,HB,POL,Offline TA/TO,TA/TO,0,0,0,A,A,0,No Deposit,315.0,0,Transient,83.8,0,0
Resort Hotel,1,175,2016,July,28,4,3,7,2,0.0,0,BB,PRT,Offline TA/TO,TA/TO,0,0,0,A,A,0,No Deposit,2.0,0,Contract,57.8,0,0
Resort Hotel,1,261,2016,July,28,4,3,8,2,0.0,0,BB,PRT,Online TA,TA/TO,0,0,0,D,D,0,No Deposit,240.0,0,Transient,94.5,0,2
Resort Hotel,0,198,2016,July,28,4,4,10,2,0.0,0,HB,POL,Offline TA/TO,TA/TO,0,0,0,D,D,0,No Deposit,69.0,0,Transient,128.35,0,1
Resort Hotel,0,255,2016,July,28,4,4,10,2,0.0,0,HB,GBR,Offline TA/TO,TA/TO,0,0,0,D,D,0,No Deposit,314.0,0,Transient,105.2,0,0
Resort Hotel,0,198,2016,July,28,4,4,10,2,0.0,0,HB,POL,Offline TA/TO,TA/TO,0,0,0,D,D,0,No Deposit,69.0,0,Transient,128.35,0,1
Resort Hotel,0,272,2016,July,28,5,2,5,2,0.0,0,HB,GBR,Offline TA/TO,TA/TO,0,0,0,E,E,0,No Deposit,2.0,0,Contract,113.3,0,3
Resort Hotel,1,172,2016,July,28,5,2,5,2,0.0,0,BB,PRT,Offline TA/TO,TA/TO,0,0,0,D,D,0,No Deposit,156.0,0,Transient,75.6,0,0
Resort Hotel,0,272,2016,July,28,5,2,5,2,0.0,0,HB,GBR,Offline TA/TO,TA/TO,0,0,0,E,E,0,No Deposit,2.0,0,Contract,111.3,0,3
Resort Hotel,0,273,2016,July,28,5,2,5,2,0.0,0,HB,GBR,Offline TA/TO,TA/TO,0,0,0,D,D,0,No Deposit,143.0,0,Contract,91.81,0,0
Resort Hotel,0,283,2016,July,28,5,2,8,2,0.0,0,FB,GBR,Offline TA/TO,TA/TO,0,0,0,D,D,0,No Deposit,115.0,0,Transient,117.0,0,0
Resort Hotel,1,180,2016,July,28,6,2,5,2,0.0,0,BB,PRT,Online TA,TA/TO,0,0,0,E,E,0,No Deposit,240.0,0,Transient,108.0,0,1
Resort Hotel,0,317,2016,July,28,6,2,5,2,0.0,0,BB,GBR,Online TA,TA/TO,0,0,0,A,D,1,No Deposit,240.0,0,Transient,101.0,0,3
Resort Hotel,1,179,2016,July,28,6,2,5,2,0.0,0,BB,PRT,Online TA,TA/TO,0,0,0,A,A,0,No Deposit,240.0,0,Transient,107.1,0,1
Resort Hotel,1,24,2016,July,28,7,0,2,2,0.0,0,BB,USA,Online TA,TA/TO,0,0,0,A,A,0,No Deposit,240.0,0,Transient,171.0,0,1
Resort Hotel,1,123,2016,July,28,7,0,3,2,0.0,0,BB,CHE,Online TA,TA/TO,0,0,0,E,E,0,No Deposit,240.0,0,Transient,170.0,0,0
Resort Hotel,0,240,2016,July,28,7,2,3,2,0.0,0,HB,PRT,Online TA,TA/TO,0,0,0,A,A,0,No Deposit,240.0,0,Transient,108.0,0,1
Resort Hotel,1,324,2016,July,28,7,2,3,2,0.0,0,HB,PRT,Online TA,TA/TO,0,0,0,A,A,0,No Deposit,240.0,0,Transient,108.0,0,2
Resort Hotel,1,178,2016,July,28,7,2,5,2,0.0,0,BB,PRT,Direct,Direct,0,0,0,A,A,0,No Deposit,250.0,0,Transient,72.25,0,0
Resort Hotel,1,259,2016,July,28,7,2,5,2,0.0,0,HB,PRT,Offline TA/TO,TA/TO,0,0,0,D,D,0,No Deposit,115.0,0,Transient,99.0,0,0
Resort Hotel,1,18,2016,July,28,8,0,2,2,0.0,0,BB,RUS,Online TA,TA/TO,0,0,0,A,A,0,No Deposit,240.0,0,Transient,159.0,0,0
Resort Hotel,1,10,2016,July,28,8,0,2,2,0.0,0,BB,PRT,Direct,Direct,0,0,0,E,E,0,No Deposit,250.0,0,Transient,199.0,0,1
Resort Hotel,1,24,2016,July,28,8,0,2,2,0.0,0,BB,ESP,Online TA,TA/TO,0,0,0,A,A,0,No Deposit,240.0,0,Transient,159.0,0,0
Resort Hotel,1,144,2016,July,28,8,0,2,2,0.0,0,HB,PRT,Online TA,TA/TO,0,0,0,D,D,0,No Deposit,240.0,0,Transient,166.0,0,0
Resort Hotel,1,14,2016,July,28,8,0,2,2,0.0,0,BB,AUT,Online TA,TA/TO,0,0,0,A,A,2,No Deposit,240.0,0,Transient,181.0,0,0
Resort Hotel,1,22,2016,July,28,8,2,2,2,0.0,0,BB,GBR,Online TA,TA/TO,0,0,0,A,A,0,No Deposit,240.0,0,Transient,159.0,0,0
Resort Hotel,1,40,2016,July,28,8,2,2,2,0.0,0,BB,PRT,Online TA,TA/TO,0,0,0,F,F,0,No Deposit,241.0,0,Transient,154.0,0,0
Resort Hotel,1,135,2016,July,28,8,2,4,2,0.0,0,BB,PRT,Online TA,TA/TO,0,0,0,E,E,0,No Deposit,240.0,0,Transient,178.5,0,1
Resort Hotel,1,309,2016,July,28,8,2,5,2,0.0,0,BB,PRT,Online TA,TA/TO,0,0,0,A,A,0,No Deposit,240.0,0,Transient,81.0,0,2
Resort Hotel,1,241,2016,July,28,8,2,5,2,0.0,0,BB,PRT,Online TA,TA/TO,0,0,0,D,D,0,No Deposit,240.0,0,Transient,94.5,0,1
Resort Hotel,1,147,2016,July,28,8,2,5,2,0.0,0,BB,PRT,Direct,Direct,0,0,0,D,D,0,No Deposit,250.0,0,Transient,146.1,0,0
Resort Hotel,1,113,2016,July,28,8,2,5,2,0.0,0,BB,PRT,Direct,Direct,0,0,0,E,E,0,No Deposit,,0,Transient,190.0,0,1
Resort Hotel,1,191,2016,July,28,8,2,5,2,0.0,0,BB,PRT,Online TA,TA/TO,0,0,0,E,E,0,No Deposit,240.0,0,Transient,108.0,0,1
Resort Hotel,1,241,2016,July,28,8,2,5,2,0.0,0,BB,PRT,Online TA,TA/TO,0,0,0,A,A,0,No Deposit,240.0,0,Transient,72.9,0,1
Resort Hotel,1,142,2016,July,28,8,2,7,2,0.0,0,BB,PRT,Online TA,TA/TO,0,0,0,A,A,0,No Deposit,240.0,0,Transient,121.33,0,1
Resort Hotel,0,254,2016,July,28,8,4,8,2,0.0,0,HB,GBR,Offline TA/TO,TA/TO,0,0,0,E,E,0,No Deposit,314.0,0,Transient,120.8,0,1
Resort Hotel,1,2,2016,July,28,9,0,1,2,0.0,0,BB,PRT,Online TA,TA/TO,0,0,0,D,D,0,No Deposit,314.0,0,Transient,147.2,0,0
Resort Hotel,1,22,2016,July,28,9,2,1,2,0.0,0,BB,USA,Direct,Direct,0,0,0,H,H,0,No Deposit,250.0,0,Transient,224.0,0,0
Resort Hotel,1,11,2016,July,28,9,2,4,2,0.0,0,BB,PRT,Online TA,TA/TO,0,0,0,A,A,0,No Deposit,240.0,0,Transient,169.0,0,0
Resort Hotel,1,180,2016,July,28,9,2,5,2,0.0,0,BB,PRT,Online TA,TA/TO,0,0,0,A,A,0,No Deposit,240.0,0,Transient,81.0,0,0
Resort Hotel,1,291,2016,July,28,9,2,5,2,0.0,0,HB,PRT,Online TA,TA/TO,0,0,0,E,E,0,No Deposit,240.0,0,Transient,150.0,0,1
Resort Hotel,1,180,2016,July,28,9,2,5,2,0.0,0,BB,PRT,Online TA,TA/TO,0,0,0,A,A,0,No Deposit,240.0,0,Transient,81.0,0,0
Resort Hotel,1,185,2016,July,28,9,2,5,2,0.0,0,BB,PRT,Online TA,TA/TO,0,0,0,A,A,0,No Deposit,240.0,0,Transient,81.0,0,1
Resort Hotel,1,227,2016,July,28,9,2,5,2,0.0,0,BB,PRT,Online TA,TA/TO,0,0,0,A,A,0,No Deposit,240.0,0,Transient,81.0,0,1
Resort Hotel,1,180,2016,July,28,9,2,5,2,0.0,0,BB,PRT,Online TA,TA/TO,0,0,0,A,A,0,No Deposit,240.0,0,Transient,81.0,0,0
Resort Hotel,1,120,2016,July,28,9,2,5,2,0.0,0,BB,IRL,Online TA,TA/TO,0,0,0,D,D,0,No Deposit,240.0,0,Transient,160.71,0,1
Resort Hotel,1,127,2016,July,28,9,2,6,2,0.0,0,BB,PRT,Online TA,TA/TO,0,0,0,A,A,0,No Deposit,240.0,0,Transient,159.5,0,1
Resort Hotel,0,290,2016,July,28,9,4,8,2,0.0,0,BB,IRL,Online TA,TA/TO,0,0,0,D,D,0,No Deposit,241.0,0,Transient,93.77,0,1
Resort Hotel,1,262,2016,July,28,9,4,8,2,0.0,0,BB,PRT,Online TA,TA/TO,0,0,0,D,D,0,No Deposit,240.0,0,Transient,92.25,0,2
Resort Hotel,1,262,2016,July,28,9,4,8,2,0.0,0,BB,PRT,Online TA,TA/TO,0,0,0,D,D,0,No Deposit,240.0,0,Transient,107.63,0,2
Resort Hotel,0,303,2016,July,28,9,4,10,2,0.0,0,BB,IRL,Online TA,TA/TO,0,0,0,A,A,0,No Deposit,240.0,0,Transient,85.05,0,2
Resort Hotel,1,207,2016,July,28,9,4,10,2,0.0,0,BB,PRT,Online TA,TA/TO,0,0,0,D,D,0,No Deposit,240.0,0,Transient,110.25,0,0
Resort Hotel,0,356,2016,July,29,10,4,5,2,0.0,0,HB,GBR,Offline TA/TO,TA/TO,0,0,0,E,E,0,No Deposit,40.0,0,Contract,136.73,0,0
Resort Hotel,0,292,2016,July,29,10,1,0,2,0.0,0,BB,ISR,Online TA,TA/TO,0,0,0,A,A,0,No Deposit,240.0,0,Transient,72.9,0,2
Resort Hotel,1,146,2016,July,29,10,1,0,2,0.0,0,BB,PRT,Online TA,TA/TO,0,0,0,A,A,1,No Deposit,240.0,0,Transient,119.0,0,1
Resort Hotel,0,292,2016,July,29,10,1,0,2,0.0,0,BB,ISR,Online TA,TA/TO,0,0,0,A,A,0,No Deposit,240.0,0,Transient,72.9,0,2
Resort Hotel,0,292,2016,July,29,10,1,0,2,0.0,0,BB,ISR,Online TA,TA/TO,0,0,0,A,A,0,No Deposit,240.0,0,Transient,72.9,1,2
Resort Hotel,1,35,2016,July,29,10,2,1,2,0.0,0,BB,BRA,Online TA,TA/TO,0,0,0,A,A,0,No Deposit,240.0,0,Transient,160.0,0,0
Resort Hotel,1,187,2016,July,29,10,2,2,2,0.0,0,BB,PRT,Online TA,TA/TO,0,0,0,E,E,0,No Deposit,240.0,0,Transient,108.0,0,2
Resort Hotel,1,146,2016,July,29,10,2,4,2,0.0,0,BB,PRT,Online TA,TA/TO,0,0,0,A,A,0,No Deposit,240.0,0,Transient,119.0,0,1
Resort Hotel,1,159,2016,July,29,11,1,2,2,0.0,0,BB,PRT,Online TA,TA/TO,0,0,0,D,D,0,No Deposit,240.0,0,Transient,134.0,0,1
Resort Hotel,1,133,2016,July,29,11,1,2,2,0.0,0,BB,PRT,Online TA,TA/TO,0,0,0,F,F,0,No Deposit,241.0,0,Transient,138.6,0,0
Resort Hotel,1,273,2016,July,29,11,1,5,2,0.0,0,BB,PRT,Online TA,TA/TO,0,0,0,A,A,0,No Deposit,240.0,0,Transient,85.5,0,0
Resort Hotel,1,275,2016,July,29,11,1,5,2,0.0,0,BB,PRT,Online TA,TA/TO,0,0,0,A,A,0,No Deposit,240.0,0,Transient,85.5,0,0
Resort Hotel,1,103,2016,July,29,11,2,5,2,0.0,0,BB,PRT,Online TA,TA/TO,0,0,0,A,A,0,No Deposit,240.0,0,Transient,160.0,0,0
Resort Hotel,1,245,2016,July,29,11,2,5,2,0.0,0,BB,PRT,Online TA,TA/TO,0,0,0,E,E,0,No Deposit,240.0,0,Transient,129.0,0,1
Resort Hotel,1,165,2016,July,29,11,3,7,2,0.0,0,BB,PRT,Online TA,TA/TO,0,0,0,E,E,0,No Deposit,240.0,0,Transient,152.0,0,1
Resort Hotel,1,140,2016,July,29,11,3,6,2,0.0,0,BB,PRT,Online TA,TA/TO,0,0,0,A,A,0,No Deposit,240.0,0,Transient,160.56,0,0
Resort Hotel,1,12,2016,July,29,12,0,2,2,0.0,0,BB,ESP,Online TA,TA/TO,0,0,0,D,D,0,No Deposit,240.0,0,Transient,184.0,0,0
Resort Hotel,1,24,2016,July,29,12,0,3,2,0.0,0,BB,CN,Online TA,TA/TO,0,0,0,A,A,0,No Deposit,240.0,0,Transient,159.0,0,0
Resort Hotel,1,134,2016,July,29,12,0,3,2,0.0,0,BB,PRT,Online TA,TA/TO,0,0,0,A,A,2,No Deposit,240.0,0,Transient,140.0,0,2
Resort Hotel,1,141,2016,July,29,12,0,3,2,0.0,0,BB,PRT,Online TA,TA/TO,0,0,0,A,A,1,No Deposit,240.0,0,Transient,131.0,0,0
Resort Hotel,1,24,2016,July,29,12,0,3,2,0.0,0,BB,CN,Online TA,TA/TO,0,0,0,A,A,0,No Deposit,240.0,0,Transient,159.0,0,0
Resort Hotel,1,134,2016,July,29,12,0,3,2,0.0,0,BB,PRT,Online TA,TA/TO,0,0,0,A,A,0,No Deposit,240.0,0,Transient,140.0,0,2
Resort Hotel,1,141,2016,July,29,12,0,3,2,0.0,0,HB,PRT,Online TA,TA/TO,0,0,0,E,E,0,No Deposit,240.0,0,Transient,193.0,0,1
Resort Hotel,0,309,2016,July,29,12,0,4,2,0.0,0,BB,PRT,Online TA,TA/TO,0,0,0,A,E,0,No Deposit,240.0,0,Transient,84.9,1,2
Resort Hotel,1,44,2016,July,29,12,0,5,2,0.0,0,HB,ESP,Online TA,TA/TO,0,0,0,E,E,0,No Deposit,240.0,0,Transient,225.8,0,0
Resort Hotel,1,29,2016,July,29,12,1,5,2,0.0,0,BB,GBR,Online TA,TA/TO,0,0,0,D,D,0,No Deposit,240.0,0,Transient,235.0,0,0
Resort Hotel,1,100,2016,July,29,12,2,5,2,0.0,0,BB,DEU,Online TA,TA/TO,0,0,0,A,A,0,No Deposit,240.0,0,Transient,160.0,0,0
Resort Hotel,1,244,2016,July,29,12,2,5,2,0.0,0,BB,PRT,Online TA,TA/TO,0,0,0,A,A,0,No Deposit,240.0,0,Transient,92.57,0,1
Resort Hotel,1,277,2016,July,29,12,2,5,2,0.0,0,BB,PRT,Online TA,TA/TO,0,0,0,A,A,0,No Deposit,240.0,0,Transient,92.57,0,1
Resort Hotel,1,277,2016,July,29,12,2,5,2,0.0,0,BB,PRT,Online TA,TA/TO,0,0,0,A,A,0,No Deposit,240.0,0,Transient,92.57,0,1
Resort Hotel,1,277,2016,July,29,12,2,5,2,0.0,0,BB,PRT,Online TA,TA/TO,0,0,0,A,A,0,No Deposit,240.0,0,Transient,92.57,0,1
Resort Hotel,1,277,2016,July,29,12,2,5,2,0.0,0,BB,PRT,Online TA,TA/TO,0,0,0,A,A,0,No Deposit,240.0,0,Transient,92.57,0,1
Resort Hotel,1,218,2016,July,29,12,2,5,2,0.0,0,BB,PRT,Offline TA/TO,TA/TO,0,0,0,A,A,0,No Deposit,143.0,0,Transient,57.8,0,2
Resort Hotel,1,244,2016,July,29,12,2,5,2,0.0,0,BB,PRT,Online TA,TA/TO,0,0,0,A,A,0,No Deposit,240.0,0,Transient,92.57,0,1
Resort Hotel,1,277,2016,July,29,12,2,5,2,0.0,0,BB,PRT,Online TA,TA/TO,0,0,0,A,A,0,No Deposit,240.0,0,Transient,92.57,0,1
Resort Hotel,0,298,2016,July,29,12,2,7,2,0.0,0,BB,IRL,Online TA,TA/TO,0,0,0,E,E,0,No Deposit,240.0,0,Transient,127.5,0,1
Resort Hotel,1,100,2016,July,29,13,0,3,2,0.0,0,BB,ESP,Online TA,TA/TO,0,0,0,A,A,0,No Deposit,240.0,0,Transient,160.0,0,0
Resort Hotel,1,90,2016,July,29,13,0,3,2,0.0,0,BB,ESP,Online TA,TA/TO,0,0,0,D,D,0,No Deposit,240.0,0,Transient,175.0,0,0
Resort Hotel,1,88,2016,July,29,13,0,3,2,0.0,0,BB,ESP,Direct,Direct,0,0,0,F,F,0,No Deposit,250.0,0,Transient,204.0,0,0
Resort Hotel,1,26,2016,July,29,13,0,3,2,0.0,0,HB,PRT,Online TA,TA/TO,0,0,0,A,A,2,No Deposit,240.0,0,Transient,169.67,0,1
Resort Hotel,1,23,2016,July,29,13,0,4,2,0.0,0,BB,PRT,Direct,Direct,0,0,0,A,A,0,No Deposit,,0,Transient,161.1,0,0
Resort Hotel,1,82,2016,July,29,13,0,4,2,0.0,0,BB,ESP,Online TA,TA/TO,0,0,0,D,D,0,No Deposit,240.0,0,Transient,176.25,0,0
Resort Hotel,1,23,2016,July,29,13,0,4,2,0.0,0,BB,FIN,Online TA,TA/TO,0,0,0,A,A,0,No Deposit,240.0,0,Transient,164.0,0,0
Resort Hotel,1,80,2016,July,29,13,0,4,2,0.0,0,BB,ESP,Online TA,TA/TO,0,0,0,A,A,0,No Deposit,240.0,0,Transient,160.0,0,0
Resort Hotel,1,74,2016,July,29,13,2,5,2,0.0,0,BB,CZE,Online TA,TA/TO,0,0,0,A,A,0,No Deposit,240.0,0,Transient,160.0,0,0
Resort Hotel,0,259,2016,July,29,13,2,5,2,0.0,0,HB,IRN,Online TA,TA/TO,0,0,0,A,A,1,No Deposit,240.0,0,Transient,123.43,0,2
Resort Hotel,1,217,2016,July,29,14,0,2,2,0.0,0,HB,PRT,Online TA,TA/TO,0,0,0,E,E,0,No Deposit,240.0,0,Transient,150.0,0,1
Resort Hotel,1,35,2016,July,29,14,2,3,2,0.0,0,HB,ESP,Online TA,TA/TO,0,0,0,A,A,4,No Deposit,240.0,0,Transient,203.0,0,0
Resort Hotel,1,50,2016,July,29,14,2,3,2,0.0,0,BB,ESP,Online TA,TA/TO,0,0,0,A,A,0,No Deposit,240.0,0,Transient,160.0,0,0
Resort Hotel,1,74,2016,July,29,14,2,4,2,0.0,0,BB,PRT,Direct,Direct,0,0,0,F,F,0,No Deposit,250.0,0,Transient,215.33,0,1
Resort Hotel,1,279,2016,July,29,14,2,4,2,0.0,0,BB,PRT,Online TA,TA/TO,0,0,0,H,H,0,No Deposit,240.0,0,Transient,184.5,0,0
Resort Hotel,1,297,2016,July,29,14,2,5,2,0.0,0,BB,PRT,Online TA,TA/TO,0,0,0,D,D,1,No Deposit,240.0,0,Transient,117.0,0,1
Resort Hotel,1,72,2016,July,29,14,1,3,2,0.0,0,BB,LUX,Online TA,TA/TO,0,0,0,D,D,0,No Deposit,240.0,0,Transient,177.5,0,0
Resort Hotel,1,331,2016,July,29,14,2,8,2,0.0,0,BB,PRT,Online TA,TA/TO,0,0,0,E,E,0,No Deposit,240.0,0,Transient,135.0,0,2
Resort Hotel,0,311,2016,July,29,14,4,10,2,0.0,0,BB,GBR,Offline TA/TO,TA/TO,0,0,0,E,E,0,No Deposit,314.0,0,Transient,127.71,0,0
Resort Hotel,1,63,2016,July,29,15,0,2,2,0.0,0,BB,PRT,Direct,Direct,0,0,0,D,D,0,No Deposit,250.0,0,Transient,177.5,0,0
Resort Hotel,1,0,2016,July,29,15,0,2,2,0.0,0,BB,PRT,Direct,Direct,0,0,0,G,G,0,No Deposit,,0,Transient,197.1,0,0
Resort Hotel,1,67,2016,July,29,15,0,2,2,0.0,0,BB,IRL,Online TA,TA/TO,0,0,0,A,A,0,No Deposit,240.0,0,Transient,160.0,0,0
Resort Hotel,1,25,2016,July,29,15,0,2,2,0.0,0,BB,FIN,Online TA,TA/TO,0,0,0,A,A,0,No Deposit,240.0,0,Transient,169.0,0,0
Resort Hotel,1,54,2016,July,29,15,0,2,2,0.0,0,BB,ESP,Online TA,TA/TO,0,0,0,A,A,0,No Deposit,240.0,0,Transient,160.0,0,0
Resort Hotel,1,23,2016,July,29,15,0,2,2,0.0,0,HB,ESP,Online TA,TA/TO,0,0,0,A,A,0,No Deposit,240.0,0,Transient,201.0,0,0
Resort Hotel,1,0,2016,July,29,15,0,2,2,0.0,0,BB,PRT,Direct,Direct,0,0,0,D,D,0,No Deposit,,0,Transient,147.6,0,0
Resort Hotel,1,333,2016,July,29,15,1,2,2,0.0,0,BB,PRT,Online TA,TA/TO,0,0,0,D,D,0,No Deposit,240.0,0,Transient,115.5,0,2
Resort Hotel,1,333,2016,July,29,15,1,2,2,0.0,0,BB,PRT,Online TA,TA/TO,0,0,0,D,D,0,No Deposit,240.0,0,Transient,115.5,0,2
Resort Hotel,1,333,2016,July,29,15,1,2,2,0.0,0,BB,PRT,Online TA,TA/TO,0,0,0,D,D,0,No Deposit,240.0,0,Transient,115.5,0,2
Resort Hotel,1,333,2016,July,29,15,1,2,2,0.0,0,BB,PRT,Online TA,TA/TO,0,0,0,D,D,0,No Deposit,240.0,0,Transient,115.5,0,2
Resort Hotel,1,333,2016,July,29,15,1,2,2,0.0,0,BB,PRT,Online TA,TA/TO,0,0,0,D,D,0,No Deposit,240.0,0,Transient,115.5,0,2
Resort Hotel,1,333,2016,July,29,15,1,2,2,0.0,0,BB,PRT,Online TA,TA/TO,0,0,0,D,D,0,No Deposit,240.0,0,Transient,115.5,0,2
Resort Hotel,1,51,2016,July,29,15,2,3,2,0.0,0,BB,PRT,Online TA,TA/TO,0,0,0,A,A,2,No Deposit,240.0,0,Transient,163.8,0,0
Resort Hotel,1,305,2016,July,29,15,2,5,2,0.0,0,HB,PRT,Online TA,TA/TO,0,0,0,A,A,0,No Deposit,240.0,0,Transient,145.71,0,2
Resort Hotel,1,305,2016,July,29,15,2,5,2,0.0,0,HB,PRT,Online TA,TA/TO,0,0,0,A,A,0,No Deposit,240.0,0,Transient,145.71,0,2
Resort Hotel,1,172,2016,July,29,15,2,7,2,0.0,0,BB,PRT,Online TA,TA/TO,0,0,0,D,D,0,No Deposit,240.0,0,Transient,141.56,0,1
Resort Hotel,1,191,2016,July,29,15,4,8,2,0.0,0,BB,PRT,Online TA,TA/TO,0,0,0,E,E,0,No Deposit,240.0,0,Transient,142.88,0,2
Resort Hotel,1,138,2016,July,29,16,1,1,2,0.0,0,BB,PRT,Online TA,TA/TO,0,0,0,E,E,0,No Deposit,240.0,0,Transient,187.0,0,1
Resort Hotel,1,83,2016,July,29,16,1,1,2,0.0,0,HB,PRT,Online TA,TA/TO,0,0,0,D,D,0,No Deposit,240.0,0,Transient,212.0,0,0
Resort Hotel,1,103,2016,July,29,16,2,2,2,0.0,0,BB,ESP,Online TA,TA/TO,0,0,0,D,D,0,No Deposit,240.0,0,Transient,180.0,0,0
Resort Hotel,1,35,2016,July,29,16,2,2,2,0.0,0,BB,GBR,Online TA,TA/TO,0,0,0,A,A,0,No Deposit,240.0,0,Transient,179.0,0,0
Resort Hotel,1,19,2016,July,29,16,2,3,2,0.0,0,BB,LUX,Online TA,TA/TO,0,0,0,D,D,0,No Deposit,240.0,0,Transient,194.0,0,0
Resort Hotel,1,19,2016,July,29,16,2,3,2,0.0,0,BB,LUX,Online TA,TA/TO,0,0,0,E,E,0,No Deposit,240.0,0,Transient,209.0,0,0
Resort Hotel,1,17,2016,July,29,16,2,4,2,0.0,0,BB,PRT,Online TA,TA/TO,0,0,0,D,D,0,No Deposit,240.0,0,Transient,194.0,0,1
Resort Hotel,1,152,2016,July,29,16,2,4,2,0.0,0,BB,PRT,Online TA,TA/TO,0,0,0,A,A,0,No Deposit,240.0,0,Transient,140.0,0,1
Resort Hotel,1,177,2016,July,29,16,2,5,2,0.0,0,Undefined,PRT,Offline TA/TO,TA/TO,0,0,0,A,A,0,No Deposit,196.0,0,Transient,161.4,0,1
Resort Hotel,1,20,2016,July,29,16,2,3,2,0.0,0,BB,LUX,Online TA,TA/TO,0,0,0,D,D,0,No Deposit,240.0,0,Transient,194.0,0,0
Resort Hotel,1,144,2016,July,29,16,2,5,2,0.0,0,BB,PRT,Offline TA/TO,TA/TO,0,0,0,D,D,0,No Deposit,253.0,0,Transient,110.7,0,0
Resort Hotel,1,155,2016,July,29,16,2,5,2,0.0,0,Undefined,PRT,Offline TA/TO,TA/TO,0,0,0,A,A,0,No Deposit,314.0,0,Transient,150.8,0,1
Resort Hotel,1,109,2016,July,29,16,2,5,2,0.0,0,HB,ESP,Online TA,TA/TO,0,0,0,D,D,0,No Deposit,240.0,0,Transient,224.0,0,0
Resort Hotel,1,109,2016,July,29,16,2,5,2,0.0,0,HB,ESP,Online TA,TA/TO,0,0,0,D,D,0,No Deposit,240.0,0,Transient,224.0,0,0
Resort Hotel,1,113,2016,July,29,16,2,5,2,0.0,0,BB,ESP,Online TA,TA/TO,0,0,0,A,A,0,No Deposit,240.0,0,Transient,160.0,0,0
Resort Hotel,1,144,2016,July,29,16,2,5,2,0.0,0,BB,PRT,Offline TA/TO,TA/TO,0,0,0,D,D,0,No Deposit,253.0,0,Transient,110.7,0,1
Resort Hotel,1,144,2016,July,29,16,2,5,2,0.0,0,BB,PRT,Offline TA/TO,TA/TO,0,0,0,E,E,0,No Deposit,253.0,0,Transient,119.7,0,0
Resort Hotel,1,234,2016,July,29,16,2,5,2,0.0,0,BB,PRT,Online TA,TA/TO,0,0,0,A,A,0,No Deposit,240.0,0,Transient,108.0,0,1
Resort Hotel,1,109,2016,July,29,16,2,5,2,0.0,0,HB,ESP,Online TA,TA/TO,0,0,0,D,D,0,No Deposit,240.0,0,Transient,212.0,0,0
Resort Hotel,1,108,2016,July,29,16,2,6,2,0.0,0,HB,ESP,Online TA,TA/TO,0,0,0,E,E,2,No Deposit,240.0,0,Transient,239.0,0,0
Resort Hotel,1,105,2016,July,29,16,2,6,2,0.0,0,HB,ESP,Online TA,TA/TO,0,0,0,E,E,1,No Deposit,240.0,0,Transient,227.0,0,0
Resort Hotel,1,162,2016,July,29,16,4,6,2,0.0,0,BB,PRT,Offline TA/TO,TA/TO,0,0,0,A,A,0,No Deposit,177.0,0,Transient,100.8,0,0
Resort Hotel,1,281,2016,July,29,16,4,6,2,0.0,0,BB,PRT,Offline TA/TO,TA/TO,0,0,0,E,E,0,No Deposit,175.0,0,Transient,115.92,0,0
Resort Hotel,1,164,2016,July,29,16,4,10,2,0.0,0,BB,PRT,Online TA,TA/TO,0,0,0,E,E,0,No Deposit,240.0,0,Transient,165.0,0,2
Resort Hotel,1,165,2016,July,29,16,4,10,2,0.0,0,HB,PRT,Offline TA/TO,TA/TO,0,0,0,A,A,0,No Deposit,40.0,0,Contract,116.1,0,0
Resort Hotel,1,146,2016,July,30,17,1,0,2,0.0,0,BB,PRT,Online TA,TA/TO,0,0,0,H,H,0,No Deposit,240.0,0,Transient,242.0,0,0
Resort Hotel,1,21,2016,July,30,17,2,3,2,0.0,0,BB,SWE,Online TA,TA/TO,0,0,0,A,A,0,No Deposit,240.0,0,Transient,179.0,0,0
Resort Hotel,1,107,2016,July,30,17,2,4,2,0.0,0,HB,PRT,Direct,Direct,0,0,0,E,E,0,No Deposit,250.0,0,Transient,237.0,0,1
Resort Hotel,1,203,2016,July,30,17,2,4,2,0.0,0,HB,PRT,Online TA,TA/TO,0,0,0,D,D,0,No Deposit,240.0,0,Transient,170.0,0,1
Resort Hotel,1,15,2016,July,30,17,2,4,2,0.0,0,Undefined,PRT,Direct,Direct,0,0,0,A,A,0,No Deposit,,0,Transient,233.0,0,1
Resort Hotel,1,136,2016,July,30,17,2,2,2,0.0,0,BB,PRT,Offline TA/TO,TA/TO,0,0,0,D,D,0,No Deposit,96.0,0,Transient,115.2,0,0
Resort Hotel,1,181,2016,July,30,17,2,5,2,0.0,0,HB,PRT,Online TA,TA/TO,0,0,0,A,A,0,No Deposit,240.0,0,Transient,152.86,0,1
Resort Hotel,1,184,2016,July,30,17,4,7,2,0.0,0,BB,PRT,Online TA,TA/TO,0,0,0,A,A,0,No Deposit,240.0,0,Transient,116.18,0,1
Resort Hotel,1,181,2016,July,30,17,4,8,2,0.0,0,BB,PRT,Online TA,TA/TO,0,0,0,A,A,0,No Deposit,240.0,0,Transient,160.0,0,2
Resort Hotel,1,181,2016,July,30,17,4,8,2,0.0,0,BB,PRT,Online TA,TA/TO,0,0,0,A,A,1,No Deposit,240.0,0,Transient,160.0,0,2
Resort Hotel,1,181,2016,July,30,17,4,8,2,0.0,0,BB,PRT,Online TA,TA/TO,0,0,0,A,A,0,No Deposit,240.0,0,Transient,160.0,0,2
Resort Hotel,1,125,2016,July,30,17,4,10,2,0.0,0,BB,PRT,Online TA,TA/TO,0,0,0,A,A,0,No Deposit,240.0,0,Transient,172.71,0,0
Resort Hotel,1,185,2016,July,30,17,2,5,2,0.0,0,BB,PRT,Online TA,TA/TO,0,0,0,D,D,1,No Deposit,240.0,0,Transient,172.86,0,0
Resort Hotel,1,165,2016,July,30,17,4,6,2,0.0,0,BB,PRT,Online TA,TA/TO,0,0,0,E,E,0,No Deposit,240.0,0,Transient,163.0,0,2
Resort Hotel,1,0,2016,July,30,18,1,0,2,0.0,0,BB,PRT,Online TA,TA/TO,0,0,0,A,A,0,No Deposit,240.0,0,Transient,179.0,0,2
Resort Hotel,1,0,2016,July,30,18,1,0,2,0.0,0,BB,PRT,Direct,Direct,0,0,0,A,A,0,No Deposit,,0,Transient,8.0,0,0
Resort Hotel,1,200,2016,July,30,18,1,3,2,0.0,0,BB,PRT,Online TA,TA/TO,0,0,0,A,A,0,No Deposit,240.0,0,Transient,108.0,0,0
Resort Hotel,1,200,2016,July,30,18,1,3,2,0.0,0,BB,PRT,Online TA,TA/TO,0,0,0,A,A,0,No Deposit,240.0,0,Transient,108.0,0,0
Resort Hotel,1,46,2016,July,30,18,1,3,2,0.0,0,BB,GBR,Online TA,TA/TO,0,0,0,E,E,0,No Deposit,240.0,0,Transient,209.0,0,0
Resort Hotel,1,200,2016,July,30,18,1,3,2,0.0,0,BB,PRT,Online TA,TA/TO,0,0,0,A,A,0,No Deposit,240.0,0,Transient,108.0,0,0
Resort Hotel,1,99,2016,July,30,18,1,4,2,0.0,0,BB,ESP,Online TA,TA/TO,0,0,0,D,D,0,No Deposit,240.0,0,Transient,180.0,0,0
Resort Hotel,1,100,2016,July,30,18,1,4,2,0.0,0,BB,ESP,Online TA,TA/TO,0,0,0,E,E,0,No Deposit,240.0,0,Transient,195.0,0,0
Resort Hotel,1,119,2016,July,30,18,1,4,2,0.0,0,BB,PRT,Offline TA/TO,TA/TO,0,0,0,D,D,0,No Deposit,8.0,0,Transient,100.8,0,0
Resort Hotel,1,118,2016,July,30,18,1,5,2,0.0,0,BB,ESP,Online TA,TA/TO,0,0,0,D,D,0,No Deposit,240.0,0,Transient,180.0,0,0
Resort Hotel,1,93,2016,July,30,18,2,5,2,0.0,0,HB,GBR,Online TA,TA/TO,0,0,0,A,A,0,No Deposit,240.0,0,Transient,192.0,0,0
Resort Hotel,0,305,2016,July,30,18,2,5,2,0.0,0,BB,GBR,Offline TA/TO,TA/TO,0,0,0,D,D,0,No Deposit,314.0,0,Transient-Party,118.57,0,1
Resort Hotel,1,14,2016,July,30,18,2,5,2,0.0,0,HB,PRT,Online TA,TA/TO,0,0,0,A,A,1,No Deposit,5.0,0,Transient,169.43,0,0
Resort Hotel,0,305,2016,July,30,18,2,5,2,0.0,0,BB,GBR,Offline TA/TO,TA/TO,0,0,0,D,D,0,No Deposit,314.0,0,Transient-Party,116.57,0,1
Resort Hotel,1,167,2016,July,30,18,2,5,2,0.0,0,BB,PRT,Online TA,TA/TO,0,0,0,D,D,0,No Deposit,240.0,0,Transient,145.71,0,1
Resort Hotel,0,305,2016,July,30,18,2,5,2,0.0,0,BB,GBR,Offline TA/TO,TA/TO,0,0,0,D,D,0,No Deposit,314.0,0,Transient-Party,116.57,0,1
Resort Hotel,1,25,2016,July,30,18,3,5,2,0.0,0,BB,PRT,Direct,Direct,0,0,0,A,A,1,No Deposit,,0,Transient,160.0,0,2
Resort Hotel,1,114,2016,July,30,18,3,5,2,0.0,0,BB,ESP,Online TA,TA/TO,0,0,0,A,A,0,No Deposit,240.0,0,Transient,160.0,0,0
Resort Hotel,1,17,2016,July,30,19,0,3,2,0.0,0,BB,IND,Online TA,TA/TO,0,0,0,A,A,0,No Deposit,240.0,0,Transient,191.0,0,0
Resort Hotel,1,17,2016,July,30,19,0,3,2,0.0,0,BB,IND,Online TA,TA/TO,0,0,0,D,D,0,No Deposit,240.0,0,Transient,194.0,0,0
Resort Hotel,1,17,2016,July,30,19,0,3,2,0.0,0,BB,IND,Online TA,TA/TO,0,0,0,A,A,0,No Deposit,240.0,0,Transient,179.0,0,0
Resort Hotel,1,174,2016,July,30,19,0,4,2,0.0,0,BB,PRT,Online TA,TA/TO,0,0,0,A,A,0,No Deposit,240.0,0,Transient,120.0,0,1
Resort Hotel,1,88,2016,July,30,19,0,5,2,0.0,0,HB,GEO,Online TA,TA/TO,0,0,0,D,D,0,No Deposit,240.0,0,Transient,212.0,0,0
Resort Hotel,1,119,2016,July,30,19,2,5,2,0.0,0,HB,ESP,Online TA,TA/TO,0,0,0,E,E,0,No Deposit,240.0,0,Transient,227.0,0,1
Resort Hotel,0,266,2016,July,30,20,0,2,2,0.0,0,BB,CHE,Online TA,TA/TO,0,0,0,A,A,0,No Deposit,240.0,0,Transient,97.2,0,2
Resort Hotel,0,266,2016,July,30,20,0,2,2,0.0,0,BB,CHE,Online TA,TA/TO,0,0,0,A,A,0,No Deposit,240.0,0,Transient,100.2,1,2
Resort Hotel,1,155,2016,July,30,20,1,4,2,0.0,0,BB,PRT,Offline TA/TO,TA/TO,0,0,0,A,A,0,No Deposit,314.0,0,Transient,100.8,0,0
Resort Hotel,1,29,2016,July,30,20,1,4,2,0.0,0,BB,PRT,Online TA,TA/TO,0,0,0,A,A,0,No Deposit,314.0,0,Transient,143.2,0,0
Resort Hotel,1,28,2016,July,30,20,1,4,2,0.0,0,BB,PRT,Online TA,TA/TO,0,0,0,E,E,0,No Deposit,339.0,0,Transient,167.2,0,0
Resort Hotel,1,28,2016,July,30,20,1,4,2,0.0,0,BB,PRT,Online TA,TA/TO,0,0,0,E,E,0,No Deposit,339.0,0,Transient,167.2,0,0
Resort Hotel,1,119,2016,July,30,20,2,5,2,0.0,0,BB,GBR,Online TA,TA/TO,0,0,0,A,A,0,No Deposit,240.0,0,Transient,160.0,0,0
Resort Hotel,1,2,2016,July,30,21,0,1,2,0.0,0,BB,PRT,Direct,Direct,0,0,0,D,D,0,No Deposit,,0,Transient,124.0,0,1
Resort Hotel,1,55,2016,July,30,21,0,3,2,0.0,0,BB,PRT,Online TA,TA/TO,0,0,0,A,A,0,No Deposit,240.0,0,Transient,179.0,0,1
Resort Hotel,1,55,2016,July,30,21,0,3,2,0.0,0,BB,PRT,Online TA,TA/TO,0,0,0,A,A,0,No Deposit,240.0,0,Transient,179.0,0,1
Resort Hotel,1,114,2016,July,30,21,1,3,2,0.0,0,BB,USA,Online TA,TA/TO,0,0,0,E,E,1,No Deposit,240.0,0,Transient,207.0,0,0
Resort Hotel,1,114,2016,July,30,21,1,3,2,0.0,0,BB,USA,Online TA,TA/TO,0,0,0,E,E,1,No Deposit,240.0,0,Transient,207.0,0,0
Resort Hotel,1,37,2016,July,30,21,2,3,2,0.0,0,BB,GBR,Online TA,TA/TO,0,0,0,D,D,0,No Deposit,240.0,0,Transient,194.0,0,1
Resort Hotel,1,114,2016,July,30,21,2,3,2,0.0,0,BB,USA,Online TA,TA/TO,0,0,0,E,E,1,No Deposit,240.0,0,Transient,207.0,0,0
Resort Hotel,1,114,2016,July,30,21,2,3,2,0.0,0,BB,USA,Online TA,TA/TO,0,0,0,E,E,1,No Deposit,240.0,0,Transient,207.0,0,0
Resort Hotel,0,306,2016,July,30,21,2,5,2,0.0,0,BB,GBR,Offline TA/TO,TA/TO,0,0,0,E,E,0,No Deposit,314.0,0,Transient,137.43,0,0
Resort Hotel,1,113,2016,July,30,21,2,6,2,0.0,0,BB,DEU,Online TA,TA/TO,0,0,0,D,D,0,No Deposit,240.0,0,Transient,180.0,0,0
Resort Hotel,1,10,2016,July,30,22,0,1,2,0.0,0,BB,PRT,Direct,Direct,0,0,0,A,A,0,No Deposit,,0,Transient-Party,126.0,0,0
Resort Hotel,1,23,2016,July,30,22,0,1,2,0.0,0,BB,FRA,Online TA,TA/TO,0,0,0,A,A,0,No Deposit,240.0,0,Transient,179.0,0,0
Resort Hotel,1,23,2016,July,30,22,0,1,2,0.0,0,BB,FRA,Online TA,TA/TO,0,0,0,A,A,0,No Deposit,240.0,0,Transient,179.0,0,0
Resort Hotel,1,10,2016,July,30,22,0,1,2,0.0,0,BB,PRT,Direct,Direct,0,0,0,A,A,0,No Deposit,,0,Transient-Party,126.0,0,0
Resort Hotel,1,59,2016,July,30,22,0,2,2,0.0,0,BB,BRA,Online TA,TA/TO,0,0,0,A,A,0,No Deposit,240.0,0,Transient,160.0,0,0
Resort Hotel,1,99,2016,July,30,22,0,2,2,0.0,0,BB,ESP,Online TA,TA/TO,0,0,0,A,A,1,No Deposit,240.0,0,Transient,160.0,0,0
Resort Hotel,1,34,2016,July,30,22,0,2,2,0.0,0,HB,ESP,Online TA,TA/TO,0,0,0,A,A,0,No Deposit,240.0,0,Transient,211.0,0,0
Resort Hotel,1,59,2016,July,30,22,0,2,2,0.0,0,BB,BRA,Online TA,TA/TO,0,0,0,A,A,0,No Deposit,240.0,0,Transient,160.0,0,0
Resort Hotel,1,127,2016,July,30,22,0,2,2,0.0,0,BB,PRT,Offline TA/TO,TA/TO,0,0,0,E,E,0,No Deposit,8.0,0,Transient,119.0,0,0
Resort Hotel,1,147,2016,July,30,22,0,2,2,0.0,0,BB,PRT,Offline TA/TO,TA/TO,0,0,0,A,A,0,No Deposit,171.0,0,Transient,100.8,0,0
Resort Hotel,1,32,2016,July,30,22,1,2,2,0.0,0,BB,PRT,Online TA,TA/TO,0,0,0,E,E,0,No Deposit,240.0,0,Transient,209.0,0,0
Resort Hotel,1,40,2016,July,30,22,2,4,2,0.0,0,BB,DZA,Online TA,TA/TO,0,0,0,D,D,0,No Deposit,240.0,0,Transient,194.0,0,0
Resort Hotel,1,59,2016,July,30,22,2,5,2,0.0,0,HB,LUX,Online TA,TA/TO,0,0,0,D,D,0,No Deposit,240.0,0,Transient,212.0,0,0
Resort Hotel,1,139,2016,July,30,22,2,5,2,0.0,0,BB,IRL,Online TA,TA/TO,0,0,0,E,E,0,No Deposit,240.0,0,Transient,195.0,0,2
Resort Hotel,1,17,2016,July,30,22,2,6,2,0.0,0,BB,IRL,Online TA,TA/TO,0,0,0,A,A,0,No Deposit,240.0,0,Transient,180.25,0,0
Resort Hotel,1,209,2016,July,30,22,2,7,2,0.0,0,BB,PRT,Online TA,TA/TO,0,0,0,G,G,0,No Deposit,242.0,0,Transient,182.0,0,0
Resort Hotel,1,0,2016,July,30,23,0,1,2,0.0,0,BB,FRA,Direct,Direct,0,0,0,C,C,0,No Deposit,250.0,0,Transient,190.0,0,0
Resort Hotel,1,31,2016,July,30,23,1,1,2,0.0,0,BB,PRT,Online TA,TA/TO,0,0,0,E,E,0,No Deposit,241.0,0,Transient,160.93,0,0
Resort Hotel,1,119,2016,July,30,23,2,3,2,0.0,0,HB,ESP,Online TA,TA/TO,0,0,0,A,A,0,No Deposit,240.0,0,Transient,204.0,0,0
Resort Hotel,1,142,2016,July,30,23,2,4,2,0.0,0,BB,PRT,Offline TA/TO,TA/TO,0,0,0,E,E,0,No Deposit,96.0,0,Transient,126.0,0,0
Resort Hotel,1,110,2016,July,30,23,2,4,2,0.0,0,BB,PRT,Online TA,TA/TO,0,0,0,E,E,0,No Deposit,240.0,0,Transient-Party,195.0,0,0
Resort Hotel,1,74,2016,July,30,23,2,5,2,0.0,0,BB,PRT,Direct,Direct,0,0,0,A,A,0,No Deposit,,0,Transient-Party,160.0,0,2
Resort Hotel,1,59,2016,July,30,23,2,5,2,0.0,0,BB,GBR,Online TA,TA/TO,0,0,0,D,D,0,No Deposit,240.0,0,Transient,180.0,0,0
Resort Hotel,1,271,2016,July,30,23,2,5,2,0.0,0,BB,PRT,Online TA,TA/TO,0,0,0,A,A,0,No Deposit,240.0,0,Transient,126.0,0,1
Resort Hotel,1,149,2016,July,30,23,2,5,2,0.0,0,FB,PRT,Offline TA/TO,TA/TO,0,0,0,D,D,2,No Deposit,96.0,0,Transient,156.6,0,1
Resort Hotel,1,162,2016,July,30,23,2,5,2,0.0,0,BB,PRT,Online TA,TA/TO,0,0,0,A,A,0,No Deposit,240.0,0,Transient,160.0,0,0
Resort Hotel,1,74,2016,July,30,23,2,5,2,0.0,0,BB,PRT,Direct,Direct,0,0,0,A,A,0,No Deposit,,0,Transient-Party,160.0,0,2
Resort Hotel,1,149,2016,July,30,23,2,5,2,0.0,0,FB,PRT,Offline TA/TO,TA/TO,0,0,0,D,D,1,No Deposit,96.0,0,Transient,156.6,0,1
Resort Hotel,1,241,2016,July,30,23,2,5,2,0.0,0,BB,PRT,Online TA,TA/TO,0,0,0,A,A,0,No Deposit,240.0,0,Transient,126.0,0,1
Resort Hotel,1,111,2016,July,30,23,2,5,2,0.0,0,BB,AND,Online TA,TA/TO,0,0,0,D,D,0,No Deposit,240.0,0,Transient,180.0,0,0
Resort Hotel,1,98,2016,July,30,23,2,5,2,0.0,0,HB,GBR,Online TA,TA/TO,0,0,0,D,D,0,No Deposit,240.0,0,Transient,224.43,0,0
Resort Hotel,1,162,2016,July,30,23,2,5,2,0.0,0,BB,PRT,Online TA,TA/TO,0,0,0,G,G,0,No Deposit,240.0,0,Transient,240.0,0,1
Resort Hotel,1,12,2016,July,31,24,1,0,2,0.0,0,BB,PRT,Direct,Direct,0,0,0,A,A,0,No Deposit,,0,Transient-Party,126.0,0,0
Resort Hotel,1,12,2016,July,31,24,1,0,2,0.0,0,BB,PRT,Direct,Direct,0,0,0,A,A,0,No Deposit,,0,Transient-Party,126.0,0,0
Resort Hotel,1,12,2016,July,31,24,1,0,2,0.0,0,BB,PRT,Direct,Direct,0,0,0,A,A,0,No Deposit,,0,Transient-Party,126.0,0,0
Resort Hotel,1,12,2016,July,31,24,1,0,2,0.0,0,BB,PRT,Direct,Direct,0,0,0,A,A,0,No Deposit,,0,Transient-Party,126.0,0,0
Resort Hotel,1,12,2016,July,31,24,1,0,2,0.0,0,BB,PRT,Direct,Direct,0,0,0,A,A,0,No Deposit,,0,Transient-Party,126.0,0,0
Resort Hotel,1,191,2016,July,31,24,2,2,2,0.0,0,BB,PRT,Offline TA/TO,TA/TO,0,0,0,A,A,0,No Deposit,96.0,0,Transient,26.1,0,0
Resort Hotel,1,110,2016,July,31,24,2,2,2,0.0,0,BB,CN,Online TA,TA/TO,0,0,0,A,A,0,No Deposit,240.0,0,Transient,160.0,0,0
Resort Hotel,1,139,2016,July,31,24,2,2,2,0.0,0,BB,PRT,Offline TA/TO,TA/TO,0,0,0,D,D,0,No Deposit,96.0,0,Transient,115.2,0,0
Resort Hotel,0,284,2016,July,31,24,2,3,2,0.0,0,BB,PRT,Online TA,TA/TO,0,0,0,E,E,0,No Deposit,,0,Transient,169.5,1,1
Resort Hotel,1,140,2016,July,31,24,2,3,2,0.0,0,BB,FRA,Online TA,TA/TO,0,0,0,E,E,0,No Deposit,240.0,0,Transient,207.0,0,0
Resort Hotel,1,200,2016,July,31,24,2,4,2,0.0,0,HB,PRT,Online TA,TA/TO,0,0,0,E,E,1,No Deposit,240.0,0,Transient,205.0,0,1
Resort Hotel,1,81,2016,July,31,24,2,4,2,0.0,0,HB,MAR,Online TA,TA/TO,0,0,0,D,D,0,No Deposit,240.0,0,Transient,212.0,0,0
Resort Hotel,1,48,2016,July,31,24,2,5,2,0.0,0,BB,ESP,Online TA,TA/TO,0,0,0,D,D,0,No Deposit,240.0,0,Transient,194.0,0,0
Resort Hotel,1,109,2016,July,31,24,2,5,2,0.0,0,BB,PRT,Online TA,TA/TO,0,0,0,D,D,0,No Deposit,240.0,0,Transient,193.43,0,0
Resort Hotel,1,186,2016,July,31,24,2,5,2,0.0,0,BB,PRT,Online TA,TA/TO,0,0,0,D,D,1,No Deposit,240.0,0,Transient,167.14,0,1
Resort Hotel,0,269,2016,July,31,24,4,6,2,0.0,0,BB,GBR,Offline TA/TO,TA/TO,0,0,0,A,A,0,No Deposit,40.0,0,Transient,92.1,0,0
Resort Hotel,1,42,2016,July,31,25,1,1,2,0.0,0,BB,ESP,Online TA,TA/TO,0,0,0,E,E,0,No Deposit,240.0,0,Transient,209.0,0,0
Resort Hotel,1,154,2016,July,31,25,1,2,2,0.0,0,BB,PRT,Direct,Direct,0,0,0,E,G,0,No Deposit,250.0,0,Transient,170.0,0,0
Resort Hotel,1,24,2016,July,31,25,1,0,2,0.0,0,BB,PRT,Online TA,TA/TO,0,0,0,E,E,0,No Deposit,196.0,0,Transient,209.0,0,0
Resort Hotel,1,72,2016,July,31,25,1,1,2,0.0,0,HB,FRA,Online TA,TA/TO,0,0,0,E,E,0,No Deposit,240.0,0,Transient,227.0,0,0
Resort Hotel,1,42,2016,July,31,25,1,1,2,0.0,0,BB,ESP,Online TA,TA/TO,0,0,0,D,D,0,No Deposit,240.0,0,Transient,194.0,0,0
Resort Hotel,1,42,2016,July,31,25,1,1,2,0.0,0,BB,ESP,Online TA,TA/TO,0,0,0,D,D,0,No Deposit,240.0,0,Transient,194.0,0,0
Resort Hotel,1,48,2016,July,31,25,1,2,2,0.0,0,BB,ESP,Online TA,TA/TO,0,0,0,D,D,0,No Deposit,240.0,0,Transient,194.0,0,0
Resort Hotel,1,115,2016,July,31,25,1,5,2,0.0,0,BB,ESP,Online TA,TA/TO,0,0,0,A,A,0,No Deposit,240.0,0,Transient,161.67,0,0
Resort Hotel,1,145,2016,July,31,25,1,5,2,0.0,0,HB,PRT,Online TA,TA/TO,0,0,0,D,D,0,No Deposit,240.0,0,Transient,195.33,0,0
Resort Hotel,1,154,2016,July,31,25,1,5,2,0.0,0,HB,PRT,Online TA,TA/TO,0,0,0,E,E,1,No Deposit,240.0,0,Transient,222.33,0,1
Resort Hotel,1,115,2016,July,31,25,1,5,2,0.0,0,BB,ESP,Online TA,TA/TO,0,0,0,A,A,0,No Deposit,240.0,0,Transient,173.67,0,0
Resort Hotel,1,118,2016,July,31,25,2,5,2,0.0,0,BB,ESP,Online TA,TA/TO,0,0,0,A,A,0,No Deposit,240.0,0,Transient,162.86,0,3
Resort Hotel,1,118,2016,July,31,25,2,5,2,0.0,0,BB,ESP,Online TA,TA/TO,0,0,0,A,A,0,No Deposit,240.0,0,Transient,174.86,0,3
Resort Hotel,1,5,2016,July,31,25,2,5,2,0.0,0,BB,DZA,Online TA,TA/TO,0,0,0,D,D,0,No Deposit,240.0,0,Transient,209.71,0,1
Resort Hotel,1,0,2016,July,31,25,2,5,2,0.0,0,BB,PRT,Direct,Direct,0,0,0,A,A,0,No Deposit,,0,Group,130.0,0,0
Resort Hotel,1,173,2016,July,31,25,2,5,2,0.0,0,BB,PRT,Offline TA/TO,TA/TO,0,0,0,D,D,0,No Deposit,11.0,0,Transient,115.2,0,0
Resort Hotel,1,221,2016,July,31,25,3,8,2,0.0,0,BB,PRT,Online TA,TA/TO,0,0,0,E,E,0,No Deposit,240.0,0,Transient,157.5,0,1
Resort Hotel,1,183,2016,July,31,26,0,2,2,0.0,0,BB,PRT,Direct,Direct,0,0,0,A,A,0,No Deposit,,0,Transient,114.75,0,0
Resort Hotel,1,115,2016,July,31,26,1,5,2,0.0,0,BB,ESP,Online TA,TA/TO,0,0,0,A,A,1,No Deposit,240.0,0,Transient,175.33,0,3
Resort Hotel,1,40,2016,July,31,26,1,5,2,0.0,0,HB,GBR,Online TA,TA/TO,0,0,0,D,D,0,No Deposit,240.0,0,Transient,226.0,0,0
Resort Hotel,1,27,2016,July,31,26,0,4,2,0.0,0,HB,PRT,Online TA,TA/TO,0,0,0,D,D,0,No Deposit,240.0,0,Transient,226.0,0,0
Resort Hotel,1,40,2016,July,31,26,1,5,2,0.0,0,HB,GBR,Online TA,TA/TO,0,0,0,D,D,0,No Deposit,240.0,0,Transient,226.0,0,0
Resort Hotel,1,115,2016,July,31,26,1,5,2,0.0,0,BB,ESP,Online TA,TA/TO,0,0,0,A,A,1,No Deposit,240.0,0,Transient,163.33,0,3
Resort Hotel,1,69,2016,July,31,26,1,5,2,0.0,0,BB,SWE,Online TA,TA/TO,0,0,0,E,E,0,No Deposit,240.0,0,Transient,201.33,0,0
Resort Hotel,1,115,2016,July,31,27,0,2,2,0.0,0,BB,DEU,Online TA,TA/TO,0,0,0,A,A,0,No Deposit,240.0,0,Transient,172.0,0,0
Resort Hotel,1,22,2016,July,31,27,0,4,2,0.0,0,HB,ESP,Online TA,TA/TO,0,0,0,D,D,0,No Deposit,240.0,0,Transient,226.0,0,1
Resort Hotel,1,107,2016,July,31,27,1,4,2,0.0,0,BB,PRT,Groups,Corporate,0,0,0,A,A,0,No Deposit,307.0,0,Transient-Party,144.0,0,0
Resort Hotel,1,107,2016,July,31,27,1,4,2,0.0,0,BB,PRT,Groups,Corporate,0,0,0,A,A,0,No Deposit,307.0,0,Transient-Party,144.0,0,0
Resort Hotel,0,301,2016,July,31,27,2,5,2,0.0,0,BB,IRL,Online TA,TA/TO,0,0,0,A,A,0,No Deposit,240.0,0,Transient,128.0,0,2
Resort Hotel,1,42,2016,July,31,27,2,5,2,0.0,0,BB,CHE,Online TA,TA/TO,0,0,0,D,D,0,No Deposit,240.0,0,Transient,198.29,0,0
Resort Hotel,0,147,2016,July,31,27,2,6,2,0.0,0,HB,PRT,Direct,Direct,0,0,0,E,E,0,No Deposit,,0,Transient,165.0,1,3
Resort Hotel,1,26,2016,July,31,28,0,2,2,0.0,0,BB,ESP,Online TA,TA/TO,0,0,0,E,E,0,No Deposit,240.0,0,Transient,209.0,0,1
Resort Hotel,1,108,2016,July,31,28,1,3,2,0.0,0,BB,PRT,Groups,Corporate,0,0,0,A,A,0,No Deposit,307.0,0,Transient-Party,144.0,0,0
Resort Hotel,1,108,2016,July,31,28,1,3,2,0.0,0,BB,PRT,Groups,Corporate,0,0,0,A,A,0,No Deposit,307.0,0,Transient-Party,144.0,0,0
Resort Hotel,1,201,2016,July,31,28,2,3,2,0.0,0,BB,PRT,Online TA,TA/TO,0,0,0,A,A,0,No Deposit,240.0,0,Transient,126.0,0,1
Resort Hotel,1,154,2016,July,31,28,2,3,2,0.0,0,BB,PRT,Online TA,TA/TO,0,0,0,D,D,0,No Deposit,240.0,0,Transient,184.0,0,0
Resort Hotel,1,120,2016,July,31,28,2,3,2,0.0,0,HB,PRT,Online TA,TA/TO,0,0,0,D,D,0,No Deposit,240.0,0,Transient,219.8,0,1
Resort Hotel,0,322,2016,July,31,28,2,4,2,0.0,0,BB,GBR,Online TA,TA/TO,0,0,0,A,A,0,No Deposit,240.0,0,Transient,128.0,0,1
Resort Hotel,0,159,2016,July,31,28,3,8,2,0.0,0,BB,POL,Offline TA/TO,TA/TO,0,0,0,E,E,1,No Deposit,315.0,0,Transient,113.05,0,0
Resort Hotel,0,159,2016,July,31,28,3,8,2,0.0,0,BB,POL,Offline TA/TO,TA/TO,0,0,0,E,E,1,No Deposit,315.0,0,Transient,113.05,0,0
Resort Hotel,1,44,2016,July,31,29,0,2,2,0.0,0,HB,ESP,Online TA,TA/TO,0,0,0,A,A,0,No Deposit,240.0,0,Transient,211.0,0,0
Resort Hotel,1,38,2016,July,31,29,0,2,2,0.0,0,BB,PRT,Online TA,TA/TO,0,0,0,A,A,0,No Deposit,240.0,0,Transient,179.0,0,0
Resort Hotel,1,36,2016,July,31,29,0,2,2,0.0,0,BB,ESP,Online TA,TA/TO,0,0,0,E,E,0,No Deposit,240.0,0,Transient,209.0,0,0
Resort Hotel,1,22,2016,July,31,29,0,2,2,0.0,0,BB,USA,Direct,Direct,0,0,0,F,F,2,No Deposit,250.0,0,Transient,209.1,0,0
Resort Hotel,1,43,2016,July,31,29,0,2,2,0.0,0,FB,PRT,Online TA,TA/TO,0,0,0,A,A,0,No Deposit,196.0,0,Transient,189.6,0,0
Resort Hotel,1,124,2016,July,31,29,1,2,2,0.0,0,BB,ESP,Online TA,TA/TO,0,0,0,A,A,0,No Deposit,240.0,0,Transient,178.67,0,0
Resort Hotel,0,324,2016,July,31,29,1,2,2,0.0,0,BB,IRL,Online TA,TA/TO,0,0,0,A,A,0,No Deposit,240.0,0,Transient,128.0,0,1
Resort Hotel,1,59,2016,July,31,29,2,3,2,0.0,0,BB,PRT,Online TA,TA/TO,0,0,0,D,D,0,No Deposit,240.0,0,Transient,200.0,0,0
Resort Hotel,1,307,2016,July,31,29,4,8,2,0.0,0,BB,PRT,Online TA,TA/TO,0,0,0,D,D,1,No Deposit,240.0,0,Transient,144.0,0,2
Resort Hotel,1,46,2016,July,31,30,0,1,2,0.0,0,BB,PRT,Online TA,TA/TO,0,0,0,A,A,0,No Deposit,240.0,0,Transient,179.0,0,0
Resort Hotel,1,46,2016,July,31,30,0,1,2,0.0,0,BB,PRT,Online TA,TA/TO,0,0,0,A,A,0,No Deposit,240.0,0,Transient,179.0,0,0
Resort Hotel,1,46,2016,July,31,30,0,1,2,0.0,0,BB,PRT,Online TA,TA/TO,0,0,0,A,A,0,No Deposit,240.0,0,Transient,179.0,0,0
Resort Hotel,1,121,2016,July,31,30,2,1,2,0.0,0,BB,ESP,Online TA,TA/TO,0,0,0,A,A,0,No Deposit,240.0,0,Transient,188.33,0,0
Resort Hotel,1,151,2016,July,31,30,2,5,2,0.0,0,BB,PRT,Online TA,TA/TO,0,0,0,D,D,0,No Deposit,240.0,0,Transient,180.0,0,2
Resort Hotel,1,187,2016,July,31,30,2,5,2,0.0,0,FB,PRT,Direct,Direct,0,0,0,A,A,0,No Deposit,,0,Transient,173.79,0,0
Resort Hotel,1,35,2016,July,31,30,2,5,2,0.0,0,BB,IRL,Online TA,TA/TO,0,0,0,D,D,0,No Deposit,240.0,0,Transient,210.43,0,0
Resort Hotel,1,14,2016,July,31,30,2,5,2,0.0,0,BB,PRT,Offline TA/TO,TA/TO,0,0,0,C,C,0,No Deposit,181.0,0,Transient,199.2,0,0
Resort Hotel,1,192,2016,July,31,30,2,5,2,0.0,0,HB,PRT,Online TA,TA/TO,0,0,0,E,E,0,No Deposit,240.0,0,Transient,205.0,0,0
Resort Hotel,1,129,2016,July,31,30,2,5,2,0.0,0,BB,GBR,Online TA,TA/TO,0,0,0,A,A,0,No Deposit,240.0,0,Transient,176.43,0,0
Resort Hotel,1,26,2016,July,31,30,2,5,2,0.0,0,BB,PRT,Online TA,TA/TO,0,0,0,A,A,0,No Deposit,240.0,0,Transient,200.43,0,1
Resort Hotel,1,129,2016,July,31,30,2,5,2,0.0,0,BB,GBR,Online TA,TA/TO,0,0,0,A,A,0,No Deposit,240.0,0,Transient,176.43,0,0
Resort Hotel,1,151,2016,July,31,30,2,5,2,0.0,0,BB,PRT,Online TA,TA/TO,0,0,0,A,A,0,No Deposit,240.0,0,Transient,160.0,0,2
Resort Hotel,1,161,2016,July,31,30,4,8,2,0.0,0,BB,PRT,Online TA,TA/TO,0,0,0,A,A,0,No Deposit,240.0,0,Transient,160.0,0,2
Resort Hotel,1,161,2016,July,31,30,4,8,2,0.0,0,BB,PRT,Online TA,TA/TO,0,0,0,A,A,0,No Deposit,240.0,0,Transient,160.0,0,2
Resort Hotel,1,161,2016,July,31,30,4,8,2,0.0,0,BB,PRT,Online TA,TA/TO,0,0,0,A,A,0,No Deposit,240.0,0,Transient,172.0,0,2
Resort Hotel,1,125,2016,July,31,30,4,9,2,0.0,0,BB,FRA,Online TA,TA/TO,0,0,0,A,A,0,No Deposit,240.0,0,Transient,177.62,0,0
Resort Hotel,1,108,2016,July,32,31,1,0,2,0.0,0,BB,CN,Online TA,TA/TO,0,0,0,D,D,1,No Deposit,240.0,0,Transient,209.0,0,0
Resort Hotel,1,67,2016,July,32,31,1,0,2,0.0,0,BB,NOR,Online TA,TA/TO,0,0,0,A,A,0,No Deposit,240.0,0,Transient,179.0,0,0
Resort Hotel,1,9,2016,July,32,31,2,2,2,0.0,0,BB,ESP,Online TA,TA/TO,0,0,0,A,A,0,No Deposit,240.0,0,Transient,209.0,0,0
Resort Hotel,1,186,2016,July,32,31,2,5,2,0.0,0,FB,PRT,Offline TA/TO,TA/TO,0,0,0,E,E,0,No Deposit,6.0,0,Transient,167.4,0,0
Resort Hotel,1,133,2016,July,32,31,2,5,2,0.0,0,BB,ESP,Online TA,TA/TO,0,0,0,D,D,0,No Deposit,240.0,0,Transient,197.71,0,0
Resort Hotel,1,187,2016,July,32,31,2,5,2,0.0,0,Undefined,PRT,Offline TA/TO,TA/TO,0,0,0,A,A,0,No Deposit,314.0,0,Transient,150.8,0,0
Resort Hotel,1,96,2016,July,32,31,2,5,2,0.0,0,HB,PRT,Online TA,TA/TO,0,0,0,D,D,0,No Deposit,240.0,0,Transient,241.0,0,0
Resort Hotel,1,153,2016,July,32,31,3,5,2,0.0,0,BB,PRT,Direct,Direct,0,0,0,E,E,0,No Deposit,250.0,0,Transient,192.5,0,0
Resort Hotel,1,153,2016,July,32,31,3,5,2,0.0,0,BB,PRT,Direct,Direct,0,0,0,E,E,0,No Deposit,250.0,0,Transient,204.5,0,0
Resort Hotel,1,148,2016,August,32,1,1,2,2,0.0,0,BB,ESP,Online TA,TA/TO,0,0,0,A,A,0,No Deposit,240.0,0,Transient,160.0,0,0
Resort Hotel,1,148,2016,August,32,1,1,2,2,0.0,0,BB,ESP,Online TA,TA/TO,0,0,0,A,A,0,No Deposit,240.0,0,Transient,160.0,0,0
Resort Hotel,1,199,2016,August,32,1,1,3,2,0.0,0,HB,PRT,Direct,Direct,0,0,0,A,A,1,No Deposit,250.0,0,Transient,170.0,0,0
Resort Hotel,1,201,2016,August,32,1,1,3,2,0.0,0,HB,PRT,Online TA,TA/TO,0,0,0,D,D,0,No Deposit,242.0,0,Transient,172.8,0,1
Resort Hotel,1,147,2016,August,32,1,1,3,2,0.0,0,BB,PRT,Offline TA/TO,TA/TO,0,0,0,D,D,0,No Deposit,96.0,0,Transient,115.2,0,0
Resort Hotel,1,173,2016,August,32,1,1,4,2,0.0,0,HB,PRT,Online TA,TA/TO,0,0,0,A,A,0,No Deposit,240.0,0,Transient,204.0,0,1
Resort Hotel,1,141,2016,August,32,1,1,4,2,0.0,0,BB,PRT,Online TA,TA/TO,0,0,0,D,D,0,No Deposit,240.0,0,Transient,199.0,0,0
Resort Hotel,1,247,2016,August,32,1,1,5,2,0.0,0,BB,PRT,Online TA,TA/TO,0,0,0,A,A,0,No Deposit,240.0,0,Transient,126.0,0,2
Resort Hotel,1,247,2016,August,32,1,1,5,2,0.0,0,BB,PRT,Online TA,TA/TO,0,0,0,A,A,0,No Deposit,240.0,0,Transient,126.0,0,2
Resort Hotel,0,194,2016,August,32,1,2,5,2,0.0,0,HB,POL,Offline TA/TO,TA/TO,0,0,0,A,A,0,No Deposit,315.0,0,Transient,116.1,0,1
Resort Hotel,1,28,2016,August,32,1,1,4,2,0.0,0,BB,ESP,Online TA,TA/TO,0,0,0,A,A,0,No Deposit,240.0,0,Transient,195.0,0,1
Resort Hotel,1,180,2016,August,32,1,2,5,2,0.0,0,Undefined,PRT,Offline TA/TO,TA/TO,0,0,0,A,A,0,No Deposit,196.0,0,Transient-Party,165.0,0,1
Resort Hotel,1,179,2016,August,32,1,2,5,2,0.0,0,FB,PRT,Offline TA/TO,TA/TO,0,0,0,A,A,0,No Deposit,314.0,0,Transient,146.8,0,2
Resort Hotel,1,243,2016,August,32,1,2,5,2,0.0,0,HB,PRT,Online TA,TA/TO,0,0,0,A,A,0,No Deposit,240.0,0,Transient,170.0,0,2
Resort Hotel,0,194,2016,August,32,1,2,5,2,0.0,0,HB,POL,Offline TA/TO,TA/TO,0,0,0,D,D,0,No Deposit,315.0,0,Transient,130.55,0,0
Resort Hotel,1,177,2016,August,32,1,2,5,2,0.0,0,BB,PRT,Offline TA/TO,TA/TO,0,0,0,A,A,0,No Deposit,8.0,0,Transient,103.5,0,1
Resort Hotel,0,194,2016,August,32,1,2,5,2,0.0,0,HB,POL,Offline TA/TO,TA/TO,0,0,0,D,D,0,No Deposit,315.0,0,Transient,130.55,0,0
Resort Hotel,1,150,2016,August,32,1,2,5,2,0.0,0,BB,PRT,Online TA,TA/TO,0,0,0,A,A,0,No Deposit,240.0,0,Transient,162.86,0,0
Resort Hotel,0,163,2016,August,32,1,2,5,2,0.0,0,HB,POL,Offline TA/TO,TA/TO,0,0,0,E,E,0,No Deposit,315.0,0,Transient,140.76,0,1
Resort Hotel,1,149,2016,August,32,1,3,6,2,0.0,0,BB,ESP,Online TA,TA/TO,0,0,0,A,A,0,No Deposit,240.0,0,Transient,176.44,0,2
Resort Hotel,1,158,2016,August,32,1,3,7,2,0.0,0,HB,PRT,Online TA,TA/TO,0,0,0,D,D,0,No Deposit,240.0,0,Transient,212.0,0,1
Resort Hotel,1,209,2016,August,32,1,4,10,2,0.0,0,BB,PRT,Online TA,TA/TO,0,0,0,A,A,0,No Deposit,240.0,0,Transient,126.0,0,0
Resort Hotel,1,197,2016,August,32,2,0,3,2,0.0,0,BB,PRT,Online TA,TA/TO,0,0,0,F,F,0,No Deposit,242.0,0,Transient,166.5,0,2
Resort Hotel,1,210,2016,August,32,2,0,3,2,0.0,0,BB,PRT,Online TA,TA/TO,0,0,0,A,A,0,No Deposit,240.0,0,Transient,126.0,0,1
Resort Hotel,1,56,2016,August,32,2,0,3,2,0.0,0,BB,MAR,Online TA,TA/TO,0,0,0,A,A,0,No Deposit,240.0,0,Transient,189.0,0,0
Resort Hotel,1,56,2016,August,32,2,0,3,2,0.0,0,BB,MAR,Online TA,TA/TO,0,0,0,A,A,0,No Deposit,240.0,0,Transient,189.0,0,0
Resort Hotel,1,29,2016,August,32,2,0,5,2,0.0,0,BB,ESP,Online TA,TA/TO,0,0,0,A,A,0,No Deposit,240.0,0,Transient,209.0,0,0
Resort Hotel,1,152,2016,August,32,2,0,5,2,0.0,0,BB,PRT,Online TA,TA/TO,0,0,0,A,A,0,No Deposit,240.0,0,Transient,162.0,0,1
Resort Hotel,0,274,2016,August,32,2,0,5,2,0.0,0,BB,IRL,Online TA,TA/TO,0,0,0,A,A,0,No Deposit,240.0,0,Transient,126.0,0,0
Resort Hotel,1,29,2016,August,32,2,0,5,2,0.0,0,BB,ESP,Online TA,TA/TO,0,0,0,A,A,0,No Deposit,240.0,0,Transient,209.0,0,0
Resort Hotel,1,274,2016,August,32,2,0,5,2,0.0,0,BB,PRT,Online TA,TA/TO,0,0,0,A,A,0,No Deposit,240.0,0,Transient,126.0,0,1
Resort Hotel,1,55,2016,August,32,2,0,4,2,0.0,0,BB,TUR,Online TA,TA/TO,0,0,0,A,A,0,No Deposit,240.0,0,Transient,189.0,0,1
Resort Hotel,1,434,2016,August,32,2,2,5,2,0.0,0,HB,PRT,Offline TA/TO,TA/TO,0,0,0,E,E,0,No Deposit,40.0,0,Contract,160.5,0,0
Resort Hotel,1,48,2016,August,32,2,2,9,2,0.0,0,BB,PRT,Online TA,TA/TO,0,0,0,A,A,0,No Deposit,240.0,0,Transient,189.0,0,0
Resort Hotel,1,209,2016,August,32,2,4,10,2,0.0,0,HB,PRT,Online TA,TA/TO,0,0,0,A,A,2,No Deposit,240.0,0,Transient,158.0,0,0
Resort Hotel,1,208,2016,August,32,2,4,12,2,0.0,0,HB,PRT,Offline TA/TO,TA/TO,0,0,0,E,E,0,No Deposit,156.0,0,Transient,141.1,0,0
Resort Hotel,1,58,2016,August,32,3,0,4,2,0.0,0,HB,ESP,Online TA,TA/TO,0,0,0,A,A,0,No Deposit,240.0,0,Transient,221.0,0,0
Resort Hotel,1,58,2016,August,32,3,0,4,2,0.0,0,BB,ESP,Online TA,TA/TO,0,0,0,A,A,0,No Deposit,240.0,0,Transient,189.0,0,0
Resort Hotel,1,15,2016,August,32,3,1,4,2,0.0,0,BB,PRT,Online TA,TA/TO,0,0,0,A,A,0,No Deposit,240.0,0,Transient,219.0,0,1
Resort Hotel,1,143,2016,August,32,3,2,5,2,0.0,0,HB,PRT,Online TA,TA/TO,0,0,0,D,D,0,No Deposit,240.0,0,Transient,231.0,0,0
Resort Hotel,1,143,2016,August,32,3,2,5,2,0.0,0,BB,PRT,Online TA,TA/TO,0,0,0,A,A,0,No Deposit,240.0,0,Transient,211.0,0,0
Resort Hotel,1,267,2016,August,32,3,2,5,2,0.0,0,BB,PRT,Online TA,TA/TO,0,0,0,E,E,1,No Deposit,240.0,0,Transient,157.5,0,1
Resort Hotel,1,162,2016,August,32,3,2,5,2,0.0,0,BB,PRT,Offline TA/TO,TA/TO,0,0,0,A,A,0,No Deposit,15.0,0,Transient,100.8,0,2
Resort Hotel,1,247,2016,August,32,4,0,3,2,0.0,0,BB,PRT,Direct,Direct,0,0,0,A,A,0,No Deposit,250.0,0,Transient,119.0,0,0
Resort Hotel,1,24,2016,August,32,4,0,3,2,0.0,0,BB,PRT,Online TA,TA/TO,0,0,0,A,A,0,No Deposit,240.0,0,Transient,231.0,0,0
Resort Hotel,1,44,2016,August,32,4,1,3,2,0.0,0,HB,CHE,Online TA,TA/TO,0,0,0,A,A,0,No Deposit,240.0,0,Transient,221.0,0,0
Resort Hotel,1,104,2016,August,32,4,1,3,2,0.0,0,BB,ESP,Online TA,TA/TO,0,0,0,A,A,0,No Deposit,240.0,0,Transient,189.0,0,0
Resort Hotel,1,349,2016,August,32,4,2,3,2,0.0,0,BB,PRT,Online TA,TA/TO,0,0,0,A,A,0,No Deposit,240.0,0,Transient,125.4,0,3
Resort Hotel,1,349,2016,August,32,4,2,3,2,0.0,0,BB,PRT,Online TA,TA/TO,0,0,0,A,A,0,No Deposit,240.0,0,Transient,113.4,0,3
Resort Hotel,1,64,2016,August,32,4,2,3,2,0.0,0,BB,IRL,Online TA,TA/TO,0,0,0,D,D,0,No Deposit,240.0,0,Transient,209.0,0,2
Resort Hotel,1,93,2016,August,32,4,2,4,2,0.0,0,HB,ESP,Online TA,TA/TO,0,0,0,D,D,0,No Deposit,240.0,0,Transient,231.0,0,0
Resort Hotel,1,91,2016,August,32,4,2,4,2,0.0,0,HB,PRT,Direct,Direct,0,0,0,F,F,0,No Deposit,250.0,0,Transient,246.0,0,1
Resort Hotel,1,98,2016,August,32,4,2,5,2,0.0,0,BB,ESP,Online TA,TA/TO,0,0,0,A,A,2,No Deposit,240.0,0,Transient,201.0,0,0
Resort Hotel,1,100,2016,August,32,4,2,6,2,0.0,0,HB,CHE,Online TA,TA/TO,0,0,0,D,D,0,No Deposit,240.0,0,Transient,241.0,0,0
Resort Hotel,1,116,2016,August,32,5,0,1,2,0.0,0,BB,CN,Online TA,TA/TO,0,0,0,E,E,0,No Deposit,240.0,0,Transient,236.0,0,0
Resort Hotel,1,96,2016,August,32,5,0,2,2,0.0,0,HB,BRA,Online TA,TA/TO,0,0,0,A,A,0,No Deposit,240.0,0,Transient,233.0,0,0
Resort Hotel,1,96,2016,August,32,5,0,2,2,0.0,0,HB,BRA,Online TA,TA/TO,0,0,0,A,A,0,No Deposit,240.0,0,Transient,221.0,0,0
Resort Hotel,1,105,2016,August,32,5,1,2,2,0.0,0,BB,DEU,Online TA,TA/TO,0,0,0,A,A,1,No Deposit,240.0,0,Transient,189.0,0,0
Resort Hotel,1,151,2016,August,32,5,1,2,2,0.0,0,HB,PRT,Online TA,TA/TO,0,0,0,E,E,0,No Deposit,240.0,0,Transient,245.67,0,1
Resort Hotel,1,47,2016,August,32,5,2,2,2,0.0,0,BB,ESP,Online TA,TA/TO,0,0,0,D,D,0,No Deposit,240.0,0,Transient,209.0,0,0
Resort Hotel,1,210,2016,August,32,5,2,3,2,0.0,0,HB,PRT,Online TA,TA/TO,0,0,0,A,A,1,No Deposit,240.0,0,Transient,170.0,0,1
Resort Hotel,1,162,2016,August,32,5,2,6,2,0.0,0,BB,PRT,Online TA,TA/TO,0,0,0,A,A,0,No Deposit,240.0,0,Transient,160.0,0,1
Resort Hotel,1,149,2016,August,32,5,2,6,2,0.0,0,BB,GBR,Online TA,TA/TO,0,0,0,D,D,1,No Deposit,240.0,0,Transient,188.75,0,0
Resort Hotel,1,149,2016,August,32,5,2,7,2,0.0,0,BB,GBR,Online TA,TA/TO,0,0,0,D,D,1,No Deposit,240.0,0,Transient,188.89,0,0
Resort Hotel,1,105,2016,August,32,5,4,10,2,0.0,0,BB,PRT,Offline TA/TO,TA/TO,0,0,0,D,D,0,No Deposit,244.0,0,Transient,185.0,0,0
Resort Hotel,1,4,2016,August,32,6,1,1,2,0.0,0,BB,PRT,Online TA,TA/TO,0,0,0,A,A,0,No Deposit,240.0,0,Transient,182.0,0,0
Resort Hotel,1,221,2016,August,32,6,2,1,2,0.0,0,BB,PRT,Online TA,TA/TO,0,0,0,A,A,1,No Deposit,240.0,0,Transient,126.0,0,1
Resort Hotel,1,155,2016,August,32,6,2,2,2,0.0,0,BB,MOZ,Online TA,TA/TO,0,0,0,A,A,0,No Deposit,240.0,0,Transient,182.0,0,0
Resort Hotel,1,156,2016,August,32,6,2,2,2,0.0,0,BB,PRT,Online TA,TA/TO,0,0,0,A,A,0,No Deposit,240.0,0,Transient,182.0,0,0
Resort Hotel,1,90,2016,August,32,6,2,2,2,0.0,0,BB,ESP,Online TA,TA/TO,0,0,0,A,A,0,No Deposit,240.0,0,Transient,179.0,0,0
Resort Hotel,1,16,2016,August,32,6,2,3,2,0.0,0,HB,ESP,Online TA,TA/TO,0,0,0,A,A,0,No Deposit,240.0,0,Transient,251.0,0,0
Resort Hotel,1,76,2016,August,32,6,2,4,2,0.0,0,BB,ESP,Online TA,TA/TO,0,0,0,D,D,0,No Deposit,240.0,0,Transient,202.33,0,0
Resort Hotel,1,325,2016,August,32,6,2,5,2,0.0,0,BB,PRT,Online TA,TA/TO,0,0,0,E,E,0,No Deposit,240.0,0,Transient,157.5,0,1
Resort Hotel,1,168,2016,August,32,6,2,6,2,0.0,0,BB,PRT,Online TA,TA/TO,0,0,0,F,F,0,No Deposit,242.0,0,Transient,205.0,0,0
Resort Hotel,1,48,2016,August,32,6,2,5,2,0.0,0,BB,PRT,Online TA,TA/TO,0,0,0,A,A,0,No Deposit,240.0,0,Transient,189.0,0,0
Resort Hotel,1,168,2016,August,32,6,2,6,2,0.0,0,BB,PRT,Online TA,TA/TO,0,0,0,D,D,0,No Deposit,242.0,0,Transient,180.0,0,0
Resort Hotel,1,248,2016,August,32,6,4,6,2,0.0,0,BB,PRT,Online TA,TA/TO,0,0,0,E,E,0,No Deposit,240.0,0,Transient,157.5,0,1
Resort Hotel,1,187,2016,August,32,6,4,10,2,0.0,0,BB,PRT,Offline TA/TO,TA/TO,0,0,0,A,A,0,No Deposit,253.0,0,Transient,95.4,0,1
Resort Hotel,1,125,2016,August,33,7,1,0,2,0.0,0,BB,PRT,Online TA,TA/TO,0,0,0,A,A,0,No Deposit,240.0,0,Transient,189.0,0,0
Resort Hotel,1,1,2016,August,33,7,1,0,2,0.0,0,BB,PRT,Online TA,TA/TO,0,0,0,C,C,0,No Deposit,241.0,0,Transient,165.55,0,0
Resort Hotel,1,1,2016,August,33,7,1,0,2,0.0,0,BB,PRT,Online TA,TA/TO,0,0,0,C,C,0,No Deposit,241.0,0,Transient,165.55,0,0
Resort Hotel,1,44,2016,August,33,7,2,0,2,0.0,0,BB,PRT,Online TA,TA/TO,0,0,0,C,C,0,No Deposit,242.0,0,Transient,230.0,0,0
Resort Hotel,1,290,2016,August,33,7,2,1,2,0.0,0,BB,PRT,Online TA,TA/TO,0,0,0,E,E,0,No Deposit,240.0,0,Transient,157.5,0,2
Resort Hotel,1,98,2016,August,33,7,2,3,2,0.0,0,HB,DEU,Online TA,TA/TO,0,0,0,D,D,0,No Deposit,240.0,0,Transient,241.0,0,0
Resort Hotel,1,91,2016,August,33,7,2,5,2,0.0,0,HB,ESP,Online TA,TA/TO,0,0,0,D,D,4,No Deposit,240.0,0,Transient,236.71,0,0
Resort Hotel,1,208,2016,August,33,7,2,5,2,0.0,0,BB,PRT,Online TA,TA/TO,0,0,0,E,E,0,No Deposit,240.0,0,Transient,157.5,0,2
Resort Hotel,1,139,2016,August,33,7,3,5,2,0.0,0,BB,GBR,Online TA,TA/TO,0,0,0,A,A,0,No Deposit,240.0,0,Transient,191.0,0,0
Resort Hotel,1,139,2016,August,33,7,3,5,2,0.0,0,BB,GBR,Online TA,TA/TO,0,0,0,D,D,0,No Deposit,240.0,0,Transient,211.0,0,0
Resort Hotel,1,139,2016,August,33,7,3,5,2,0.0,0,BB,GBR,Online TA,TA/TO,0,0,0,D,D,0,No Deposit,240.0,0,Transient,211.0,0,0
Resort Hotel,1,139,2016,August,33,7,3,5,2,0.0,0,BB,GBR,Online TA,TA/TO,0,0,0,A,A,0,No Deposit,240.0,0,Transient,191.0,0,0
Resort Hotel,1,257,2016,August,33,8,1,2,2,0.0,0,BB,PRT,Online TA,TA/TO,0,0,0,D,D,0,No Deposit,240.0,0,Transient,156.0,0,1
Resort Hotel,1,245,2016,August,33,8,1,2,2,0.0,0,BB,PRT,Online TA,TA/TO,0,0,0,E,E,0,No Deposit,240.0,0,Transient,157.5,0,1
Resort Hotel,1,290,2016,August,33,8,1,2,2,0.0,0,BB,PRT,Online TA,TA/TO,0,0,0,E,E,0,No Deposit,240.0,0,Transient,157.5,0,1
Resort Hotel,1,22,2016,August,33,8,1,3,2,0.0,0,BB,USA,Online TA,TA/TO,0,0,0,A,A,0,No Deposit,240.0,0,Transient,231.0,0,0
Resort Hotel,1,22,2016,August,33,8,1,3,2,0.0,0,BB,USA,Online TA,TA/TO,0,0,0,A,A,0,No Deposit,240.0,0,Transient,219.0,0,0
Resort Hotel,1,30,2016,August,33,8,1,4,2,0.0,0,HB,PRT,Online TA,TA/TO,0,0,0,D,D,0,No Deposit,240.0,0,Transient,271.0,0,2
Resort Hotel,1,161,2016,August,33,8,1,5,2,0.0,0,HB,PRT,Online TA,TA/TO,0,0,0,D,D,0,No Deposit,240.0,0,Transient,234.0,0,1
Resort Hotel,1,157,2016,August,33,8,1,5,2,0.0,0,BB,PRT,Online TA,TA/TO,0,0,0,A,A,0,No Deposit,240.0,0,Transient,182.0,0,0
Resort Hotel,1,119,2016,August,33,8,3,6,2,0.0,0,BB,GBR,Online TA,TA/TO,0,0,0,D,D,0,No Deposit,240.0,0,Transient,206.78,0,0
Resort Hotel,0,201,2016,August,33,8,3,7,2,0.0,0,HB,POL,Offline TA/TO,TA/TO,0,0,0,A,A,0,No Deposit,315.0,0,Transient,116.1,0,2
Resort Hotel,1,65,2016,August,33,8,3,9,2,0.0,0,BB,ESP,Direct,Direct,0,0,0,C,C,0,No Deposit,250.0,0,Transient,222.5,0,0
Resort Hotel,1,126,2016,August,33,8,3,7,2,0.0,0,HB,ESP,Online TA,TA/TO,0,0,0,A,A,0,No Deposit,240.0,0,Transient,218.0,0,0
Resort Hotel,0,201,2016,August,33,8,3,7,2,0.0,0,HB,POL,Offline TA/TO,TA/TO,0,0,0,A,A,0,No Deposit,315.0,0,Transient,116.1,0,1
Resort Hotel,1,157,2016,August,33,8,4,10,2,0.0,0,HB,PRT,Offline TA/TO,TA/TO,0,0,0,E,E,0,No Deposit,75.0,0,Transient,135.15,0,0
Resort Hotel,1,160,2016,August,33,9,0,1,2,0.0,0,BB,PRT,Online TA,TA/TO,0,0,0,A,A,0,No Deposit,240.0,0,Transient,170.0,0,0
Resort Hotel,1,86,2016,August,33,9,0,3,2,0.0,0,BB,PRT,Online TA,TA/TO,0,0,0,D,D,0,No Deposit,240.0,0,Transient,205.67,0,0
Resort Hotel,1,179,2016,August,33,9,0,4,2,0.0,0,BB,PRT,Online TA,TA/TO,0,0,0,G,G,0,No Deposit,240.0,0,Transient,240.0,0,0
Resort Hotel,1,169,2016,August,33,9,0,4,2,0.0,0,BB,PRT,Online TA,TA/TO,0,0,0,D,D,0,No Deposit,240.0,0,Transient,180.0,0,2
Resort Hotel,1,179,2016,August,33,9,0,4,2,0.0,0,BB,PRT,Online TA,TA/TO,0,0,0,G,G,0,No Deposit,240.0,0,Transient,240.0,0,0
Resort Hotel,1,83,2016,August,33,9,1,5,2,0.0,0,BB,PRT,Online TA,TA/TO,0,0,0,A,A,0,No Deposit,240.0,0,Transient,187.33,0,1
Resort Hotel,1,182,2016,August,33,9,2,5,2,0.0,0,BB,PRT,Online TA,TA/TO,0,0,0,A,A,0,No Deposit,242.0,0,Transient,140.0,0,1
Resort Hotel,1,217,2016,August,33,9,2,5,2,0.0,0,BB,PRT,Online TA,TA/TO,0,0,0,A,A,0,No Deposit,240.0,0,Transient,126.0,0,0
Resort Hotel,1,55,2016,August,33,10,0,1,2,0.0,0,BB,ESP,Online TA,TA/TO,0,0,0,A,A,0,No Deposit,240.0,0,Transient,189.0,0,0
Resort Hotel,1,36,2016,August,33,10,0,1,2,0.0,0,BB,CHE,Online TA,TA/TO,0,0,0,A,A,0,No Deposit,240.0,0,Transient,209.0,0,0
Resort Hotel,1,317,2016,August,33,10,0,2,2,0.0,0,BB,PRT,Online TA,TA/TO,0,0,0,A,A,0,No Deposit,240.0,0,Transient,126.0,0,1
Resort Hotel,1,208,2016,August,33,10,0,3,2,0.0,0,BB,PRT,Offline TA/TO,TA/TO,0,0,0,A,A,0,No Deposit,196.0,0,Transient,103.5,0,0
Resort Hotel,1,155,2016,August,33,10,0,4,2,0.0,0,BB,GBR,Online TA,TA/TO,0,0,0,E,E,0,No Deposit,240.0,0,Transient,240.0,0,0
Resort Hotel,1,13,2016,August,33,10,0,4,2,0.0,0,BB,DEU,Online TA,TA/TO,0,0,0,E,E,0,No Deposit,240.0,0,Transient,261.5,0,0
Resort Hotel,1,155,2016,August,33,10,0,4,2,0.0,0,BB,GBR,Online TA,TA/TO,0,0,0,E,E,0,No Deposit,240.0,0,Transient,240.0,0,0
Resort Hotel,1,42,2016,August,33,10,0,4,2,0.0,0,BB,ESP,Online TA,TA/TO,0,0,0,A,A,0,No Deposit,240.0,0,Transient,199.0,0,1
Resort Hotel,1,155,2016,August,33,10,0,4,2,0.0,0,BB,GBR,Online TA,TA/TO,0,0,0,E,E,0,No Deposit,240.0,0,Transient,240.0,0,0
Resort Hotel,0,278,2016,August,33,10,1,4,2,0.0,0,BB,ITA,Online TA,TA/TO,0,0,0,E,E,0,No Deposit,240.0,0,Transient,159.5,0,1
Resort Hotel,1,153,2016,August,33,10,2,4,2,0.0,0,HB,PRT,Online TA,TA/TO,0,0,0,A,A,1,No Deposit,242.0,0,Transient,202.0,0,0
Resort Hotel,1,205,2016,August,33,10,2,4,2,0.0,0,BB,PRT,Online TA,TA/TO,0,0,0,D,D,0,No Deposit,240.0,0,Transient,160.0,0,1
Resort Hotel,1,153,2016,August,33,10,2,4,2,0.0,0,HB,PRT,Online TA,TA/TO,0,0,0,A,A,1,No Deposit,242.0,0,Transient,214.0,0,0
Resort Hotel,1,146,2016,August,33,10,2,4,2,0.0,0,HB,PRT,Online TA,TA/TO,0,0,0,E,E,0,No Deposit,242.0,0,Transient,246.0,0,0
Resort Hotel,1,149,2016,August,33,10,2,5,2,0.0,0,BB,FRA,Online TA,TA/TO,0,0,0,D,D,0,No Deposit,240.0,0,Transient,199.0,0,0
Resort Hotel,0,314,2016,August,33,10,2,5,2,0.0,0,HB,GBR,Offline TA/TO,TA/TO,0,0,0,D,D,2,No Deposit,40.0,0,Transient,132.56,0,2
Resort Hotel,1,76,2016,August,33,10,4,10,2,0.0,0,BB,GBR,Online TA,TA/TO,0,0,0,D,D,0,No Deposit,240.0,0,Transient,202.57,0,0
Resort Hotel,1,127,2016,August,33,11,0,1,2,0.0,0,BB,PRT,Online TA,TA/TO,0,0,0,A,A,0,No Deposit,240.0,0,Transient,189.0,0,0
Resort Hotel,1,132,2016,August,33,11,0,1,2,0.0,0,BB,GBR,Online TA,TA/TO,0,0,0,E,E,0,No Deposit,240.0,0,Transient,259.0,0,0
Resort Hotel,1,132,2016,August,33,11,0,1,2,0.0,0,BB,GBR,Online TA,TA/TO,0,0,0,E,E,0,No Deposit,240.0,0,Transient,224.0,0,0
Resort Hotel,1,145,2016,August,33,11,0,1,2,0.0,0,BB,PRT,Online TA,TA/TO,0,0,0,A,A,0,No Deposit,240.0,0,Transient,191.0,0,2
Resort Hotel,1,12,2016,August,33,11,0,2,2,0.0,0,BB,PRT,Online TA,TA/TO,0,0,0,A,A,0,No Deposit,240.0,0,Transient,224.0,0,0
Resort Hotel,1,86,2016,August,33,11,0,2,2,0.0,0,BB,FRA,Online TA,TA/TO,0,0,0,D,D,0,No Deposit,240.0,0,Transient,209.0,0,0
Resort Hotel,1,12,2016,August,33,11,0,3,2,0.0,0,BB,ZAF,Online TA,TA/TO,0,0,0,A,A,0,No Deposit,240.0,0,Transient,225.67,0,0
Resort Hotel,1,28,2016,August,33,11,1,3,2,0.0,0,BB,PRT,Online TA,TA/TO,0,0,0,A,A,0,No Deposit,242.0,0,Transient,219.0,0,0
Resort Hotel,1,139,2016,August,33,11,1,3,2,0.0,0,BB,GBR,Online TA,TA/TO,0,0,0,E,E,0,No Deposit,240.0,0,Transient,231.5,0,0
Resort Hotel,1,18,2016,August,33,11,1,3,2,0.0,0,BB,ESP,Online TA,TA/TO,0,0,0,A,A,0,No Deposit,240.0,0,Transient,226.5,0,0
Resort Hotel,1,139,2016,August,33,11,1,3,2,0.0,0,BB,GBR,Online TA,TA/TO,0,0,0,E,E,0,No Deposit,240.0,0,Transient,231.5,0,0
Resort Hotel,1,48,2016,August,33,11,2,3,2,0.0,0,HB,NLD,Online TA,TA/TO,0,0,0,D,D,0,No Deposit,240.0,0,Transient,251.0,0,0
Resort Hotel,1,55,2016,August,33,11,2,3,2,0.0,0,HB,ESP,Online TA,TA/TO,0,0,0,D,D,0,No Deposit,240.0,0,Transient,241.0,0,0
Resort Hotel,1,69,2016,August,33,11,2,4,2,0.0,0,BB,FRA,Online TA,TA/TO,0,0,0,D,D,0,No Deposit,240.0,0,Transient,209.0,0,0
Resort Hotel,1,332,2016,August,33,11,2,5,2,0.0,0,HB,PRT,Online TA,TA/TO,0,0,0,D,D,0,No Deposit,240.0,0,Transient,190.0,0,2
Resort Hotel,1,199,2016,August,33,11,2,5,2,0.0,0,BB,PRT,Offline TA/TO,TA/TO,0,0,0,A,A,0,No Deposit,95.0,0,Transient,100.8,0,0
Resort Hotel,1,239,2016,August,33,11,4,10,2,0.0,0,BB,PRT,Online TA,TA/TO,0,0,0,A,A,0,No Deposit,240.0,0,Transient,126.0,0,2
Resort Hotel,1,13,2016,August,33,12,0,2,2,0.0,0,HB,ESP,Online TA,TA/TO,0,0,0,A,A,0,No Deposit,240.0,0,Transient,256.0,0,0
Resort Hotel,1,51,2016,August,33,12,0,2,2,0.0,0,BB,PRT,Online TA,TA/TO,0,0,0,D,D,0,No Deposit,242.0,0,Transient,209.0,0,1
Resort Hotel,1,13,2016,August,33,12,0,2,2,0.0,0,HB,ESP,Online TA,TA/TO,0,0,0,E,E,0,No Deposit,240.0,0,Transient,291.0,0,0
Resort Hotel,1,68,2016,August,33,12,1,2,2,0.0,0,HB,ESP,Online TA,TA/TO,0,0,0,D,D,0,No Deposit,240.0,0,Transient,241.0,0,0
Resort Hotel,1,121,2016,August,33,12,1,2,2,0.0,0,BB,PRT,Online TA,TA/TO,0,0,0,A,A,0,No Deposit,242.0,0,Transient,189.0,0,0
Resort Hotel,1,118,2016,August,33,12,0,2,2,0.0,0,BB,ESP,Online TA,TA/TO,0,0,0,A,A,0,No Deposit,240.0,0,Transient,201.0,0,0
Resort Hotel,1,129,2016,August,33,12,1,2,2,0.0,0,BB,ESP,Online TA,TA/TO,0,0,0,A,A,0,No Deposit,240.0,0,Transient,189.0,0,0
Resort Hotel,1,23,2016,August,33,12,1,2,2,0.0,0,BB,ESP,Online TA,TA/TO,0,0,0,A,A,0,No Deposit,240.0,0,Transient,219.0,0,1
Resort Hotel,1,21,2016,August,33,12,1,2,2,0.0,0,BB,ESP,Online TA,TA/TO,0,0,0,A,A,0,No Deposit,240.0,0,Transient,225.67,0,1
Resort Hotel,1,57,2016,August,33,12,1,2,2,0.0,0,HB,ESP,Online TA,TA/TO,0,0,0,A,A,0,No Deposit,240.0,0,Transient,221.0,0,0
Resort Hotel,1,23,2016,August,33,12,1,2,2,0.0,0,BB,ESP,Online TA,TA/TO,0,0,0,A,A,0,No Deposit,240.0,0,Transient,219.0,0,1
Resort Hotel,1,19,2016,August,33,12,1,2,2,0.0,0,BB,ESP,Online TA,TA/TO,0,0,0,A,A,0,No Deposit,240.0,0,Transient,225.67,0,0
Resort Hotel,1,138,2016,August,33,12,1,2,2,0.0,0,BB,GBR,Online TA,TA/TO,0,0,0,E,E,0,No Deposit,240.0,0,Transient,214.0,0,0
Resort Hotel,1,92,2016,August,33,12,2,2,2,0.0,0,BB,PRT,Direct,Direct,0,0,0,E,E,0,No Deposit,250.0,0,Transient,251.5,0,0
Resort Hotel,1,51,2016,August,33,12,2,6,2,0.0,0,BB,ESP,Online TA,TA/TO,0,0,0,A,A,0,No Deposit,240.0,0,Transient,189.0,0,0
Resort Hotel,1,116,2016,August,33,12,3,7,2,0.0,0,HB,ROU,Online TA,TA/TO,0,0,0,D,D,0,No Deposit,240.0,0,Transient,234.0,0,0
Resort Hotel,1,343,2016,August,33,12,3,7,2,0.0,0,HB,PRT,Online TA,TA/TO,0,0,0,E,E,1,No Deposit,240.0,0,Transient,205.0,0,0
Resort Hotel,1,291,2016,August,33,12,2,6,2,0.0,0,HB,PRT,Online TA,TA/TO,0,0,0,F,F,0,No Deposit,242.0,0,Transient,195.3,0,1
Resort Hotel,1,10,2016,August,33,13,0,1,2,0.0,0,BB,PRT,Online TA,TA/TO,0,0,0,A,C,0,No Deposit,240.0,0,Transient,209.0,0,0
Resort Hotel,1,69,2016,August,33,13,1,1,2,0.0,0,BB,ESP,Online TA,TA/TO,0,0,0,D,D,0,No Deposit,240.0,0,Transient-Party,209.0,0,2
Resort Hotel,1,53,2016,August,33,13,1,1,2,0.0,0,BB,PRT,Direct,Direct,0,0,0,A,A,0,No Deposit,,0,Transient,189.0,0,1
Resort Hotel,1,69,2016,August,33,13,1,1,2,0.0,0,BB,ESP,Online TA,TA/TO,0,0,0,D,D,0,No Deposit,240.0,0,Transient-Party,209.0,0,2
Resort Hotel,1,113,2016,August,33,13,1,1,2,0.0,0,HB,ESP,Online TA,TA/TO,0,0,0,D,D,0,No Deposit,240.0,0,Transient,241.0,0,0
Resort Hotel,1,91,2016,August,33,13,1,1,2,0.0,0,BB,ESP,Online TA,TA/TO,0,0,0,A,A,0,No Deposit,240.0,0,Transient,189.0,0,0
Resort Hotel,1,113,2016,August,33,13,1,1,2,0.0,0,HB,ESP,Online TA,TA/TO,0,0,0,D,D,0,No Deposit,240.0,0,Transient,241.0,0,0
Resort Hotel,1,140,2016,August,33,13,1,1,2,0.0,0,BB,PRT,Online TA,TA/TO,0,0,0,A,A,1,No Deposit,240.0,0,Transient,191.0,0,0
Resort Hotel,1,121,2016,August,33,13,2,1,2,0.0,0,BB,PRT,Online TA,TA/TO,0,0,0,A,A,0,No Deposit,240.0,0,Transient,197.67,0,0
Resort Hotel,1,345,2016,August,33,13,2,2,2,0.0,0,BB,PRT,Online TA,TA/TO,0,0,0,A,A,0,No Deposit,240.0,0,Transient,113.4,0,0
Resort Hotel,1,360,2016,August,33,13,2,2,2,0.0,0,BB,PRT,Online TA,TA/TO,0,0,0,A,A,0,No Deposit,240.0,0,Transient,113.4,0,2
Resort Hotel,1,348,2016,August,33,13,2,3,2,0.0,0,BB,PRT,Online TA,TA/TO,0,0,0,A,A,0,No Deposit,240.0,0,Transient,113.4,0,2
Resort Hotel,1,166,2016,August,33,13,2,3,2,0.0,0,BB,PRT,Online TA,TA/TO,0,0,0,A,A,0,No Deposit,240.0,0,Transient,170.0,0,2
Resort Hotel,1,19,2016,August,33,13,2,3,2,0.0,0,BB,RUS,Online TA,TA/TO,0,0,0,E,E,0,No Deposit,240.0,0,Transient,258.0,0,0
Resort Hotel,1,61,2016,August,33,13,2,3,2,0.0,0,BB,PRT,Online TA,TA/TO,0,0,0,A,A,0,No Deposit,240.0,0,Transient,140.0,0,0
Resort Hotel,1,61,2016,August,33,13,2,3,2,0.0,0,BB,PRT,Online TA,TA/TO,0,0,0,A,A,0,No Deposit,240.0,0,Transient,140.0,0,0
Resort Hotel,1,166,2016,August,33,13,2,3,2,0.0,0,BB,PRT,Online TA,TA/TO,0,0,0,A,A,0,No Deposit,240.0,0,Transient,170.0,0,2
Resort Hotel,1,10,2016,August,33,13,2,4,2,0.0,0,HB,ESP,Online TA,TA/TO,0,0,0,A,A,0,No Deposit,240.0,0,Transient,247.67,0,0
Resort Hotel,1,162,2016,August,33,13,2,5,2,0.0,0,HB,ITA,Online TA,TA/TO,0,0,0,E,E,0,No Deposit,240.0,0,Transient,235.57,0,0
Resort Hotel,1,110,2016,August,33,13,2,5,2,0.0,0,BB,FRA,Online TA,TA/TO,0,0,0,D,D,0,No Deposit,240.0,0,Transient,201.86,0,0
Resort Hotel,1,82,2016,August,33,13,2,5,2,0.0,0,BB,ESP,Online TA,TA/TO,0,0,0,D,D,0,No Deposit,240.0,0,Transient,201.86,0,0
Resort Hotel,1,82,2016,August,33,13,2,5,2,0.0,0,BB,ESP,Online TA,TA/TO,0,0,0,D,D,0,No Deposit,240.0,0,Transient,201.86,0,0
Resort Hotel,1,169,2016,August,33,13,2,6,2,0.0,0,BB,PRT,Online TA,TA/TO,0,0,0,E,E,0,No Deposit,241.0,0,Transient,154.64,0,0
Resort Hotel,1,141,2016,August,33,13,2,6,2,0.0,0,BB,IRL,Online TA,TA/TO,0,0,0,A,A,0,No Deposit,240.0,0,Transient,179.0,0,0
Resort Hotel,1,169,2016,August,33,13,2,6,2,0.0,0,BB,PRT,Offline TA/TO,TA/TO,0,0,0,D,D,0,No Deposit,314.0,0,Transient,141.6,0,0
Resort Hotel,1,12,2016,August,34,14,1,0,2,0.0,0,BB,PRT,Corporate,Corporate,0,0,0,A,A,0,No Deposit,,0,Transient,197.1,0,0
Resort Hotel,1,60,2016,August,34,14,1,0,2,0.0,0,BB,ESP,Online TA,TA/TO,0,0,0,A,A,0,No Deposit,240.0,0,Transient,189.0,0,0
Resort Hotel,1,3,2016,August,34,14,2,0,2,0.0,0,HB,PRT,Online TA,TA/TO,0,0,0,A,A,0,No Deposit,240.0,0,Transient,241.0,0,0
Resort Hotel,1,49,2016,August,34,14,2,2,2,0.0,0,BB,PRT,Online TA,TA/TO,0,0,0,C,C,0,No Deposit,241.0,0,Transient,230.0,0,0
Resort Hotel,1,123,2016,August,34,14,2,3,2,0.0,0,BB,ESP,Online TA,TA/TO,0,0,0,E,E,0,No Deposit,240.0,0,Transient,216.0,0,2
Resort Hotel,1,54,2016,August,34,14,2,5,2,0.0,0,BB,FRA,Online TA,TA/TO,0,0,0,A,A,0,No Deposit,240.0,0,Transient,189.0,0,0
Resort Hotel,1,95,2016,August,34,14,2,5,2,0.0,0,HB,PRT,Offline TA/TO,TA/TO,0,0,0,D,D,0,No Deposit,96.0,0,Transient,195.86,0,0
Resort Hotel,1,212,2016,August,34,14,4,10,2,0.0,0,BB,PRT,Online TA,TA/TO,0,0,0,A,A,0,No Deposit,240.0,0,Transient,140.0,0,2
Resort Hotel,1,212,2016,August,34,14,4,10,2,0.0,0,BB,PRT,Online TA,TA/TO,0,0,0,D,D,0,No Deposit,240.0,0,Transient,160.0,0,2
Resort Hotel,1,212,2016,August,34,14,4,10,2,0.0,0,BB,PRT,Online TA,TA/TO,0,0,0,A,A,0,No Deposit,240.0,0,Transient,140.0,0,2
Resort Hotel,1,212,2016,August,34,14,4,10,2,0.0,0,BB,PRT,Online TA,TA/TO,0,0,0,A,A,0,No Deposit,240.0,0,Transient,140.0,0,2
Resort Hotel,0,291,2016,August,34,15,1,2,2,0.0,0,BB,GBR,Online TA,TA/TO,0,0,0,A,A,1,No Deposit,240.0,0,Transient,126.0,0,2
Resort Hotel,0,291,2016,August,34,15,1,2,2,0.0,0,BB,GBR,Online TA,TA/TO,0,0,0,A,A,1,No Deposit,240.0,0,Transient,126.0,0,2
Resort Hotel,0,291,2016,August,34,15,1,2,2,0.0,0,BB,GBR,Online TA,TA/TO,0,0,0,A,A,1,No Deposit,240.0,0,Transient,126.0,0,2
Resort Hotel,0,291,2016,August,34,15,1,2,2,0.0,0,BB,GBR,Online TA,TA/TO,0,0,0,A,A,1,No Deposit,240.0,0,Transient,126.0,0,2
Resort Hotel,1,135,2016,August,34,15,1,3,2,0.0,0,HB,ESP,Online TA,TA/TO,0,0,0,A,A,1,No Deposit,240.0,0,Transient,236.5,0,0
Resort Hotel,1,175,2016,August,34,15,1,4,2,0.0,0,BB,PRT,Online TA,TA/TO,0,0,0,A,A,0,No Deposit,240.0,0,Transient,172.0,0,1
Resort Hotel,1,78,2016,August,34,15,1,4,2,0.0,0,BB,PRT,Online TA,TA/TO,0,0,0,C,C,0,No Deposit,242.0,0,Transient,219.0,0,0
Resort Hotel,1,175,2016,August,34,15,1,4,2,0.0,0,BB,PRT,Online TA,TA/TO,0,0,0,A,A,0,No Deposit,240.0,0,Transient,160.0,0,1
Resort Hotel,1,78,2016,August,34,15,1,4,2,0.0,0,BB,PRT,Online TA,TA/TO,0,0,0,C,C,0,No Deposit,242.0,0,Transient,219.0,0,0
Resort Hotel,1,20,2016,August,34,15,1,4,2,0.0,0,BB,ESP,Online TA,TA/TO,0,0,0,E,E,0,No Deposit,240.0,0,Transient,256.0,0,0
Resort Hotel,1,205,2016,August,34,15,1,4,2,0.0,0,BB,PRT,Direct,Direct,0,0,0,F,F,0,No Deposit,250.0,0,Transient,157.25,0,0
Resort Hotel,1,78,2016,August,34,15,1,4,2,0.0,0,BB,PRT,Online TA,TA/TO,0,0,0,C,C,0,No Deposit,242.0,0,Transient,219.0,0,0
Resort Hotel,1,135,2016,August,34,15,1,4,2,0.0,0,HB,ESP,Online TA,TA/TO,0,0,0,A,A,0,No Deposit,240.0,0,Transient,246.0,0,0
Resort Hotel,1,90,2016,August,34,15,1,5,2,0.0,0,HB,ITA,Online TA,TA/TO,0,0,0,D,D,0,No Deposit,240.0,0,Transient,231.0,0,0
Resort Hotel,1,54,2016,August,34,15,1,5,2,0.0,0,HB,ESP,Online TA,TA/TO,0,0,0,A,A,0,No Deposit,240.0,0,Transient,221.0,0,0
Resort Hotel,1,240,2016,August,34,15,2,5,2,0.0,0,BB,PRT,Direct,Direct,0,0,0,A,A,0,No Deposit,250.0,0,Transient,113.05,0,1
Resort Hotel,1,96,2016,August,34,15,2,5,2,0.0,0,HB,PRT,Online TA,TA/TO,0,0,0,A,A,0,No Deposit,240.0,0,Transient,211.0,0,0
Resort Hotel,1,149,2016,August,34,15,2,5,2,0.0,0,HB,PRT,Online TA,TA/TO,0,0,0,A,A,0,No Deposit,240.0,0,Transient,209.71,0,0
Resort Hotel,1,240,2016,August,34,15,2,5,2,0.0,0,BB,PRT,Direct,Direct,0,0,0,A,A,0,No Deposit,250.0,0,Transient,113.05,0,1
Resort Hotel,1,166,2016,August,34,15,2,5,2,0.0,0,BB,PRT,Direct,Direct,0,0,0,E,E,0,No Deposit,250.0,0,Transient,188.14,0,1
Resort Hotel,1,201,2016,August,34,15,2,5,2,0.0,0,BB,PRT,Online TA,TA/TO,0,0,0,A,A,0,No Deposit,240.0,0,Transient,140.0,0,1
Resort Hotel,1,146,2016,August,34,15,2,5,2,0.0,0,HB,PRT,Online TA,TA/TO,0,0,0,A,A,0,No Deposit,240.0,0,Transient,209.71,0,0
Resort Hotel,1,158,2016,August,34,15,2,5,2,0.0,0,BB,PRT,Online TA,TA/TO,0,0,0,A,A,0,No Deposit,240.0,0,Transient,170.0,0,0
Resort Hotel,1,200,2016,August,34,15,2,5,2,0.0,0,HB,PRT,Offline TA/TO,TA/TO,0,0,0,A,A,0,No Deposit,6.0,0,Transient-Party,124.2,0,0
Resort Hotel,1,119,2016,August,34,15,3,6,2,0.0,0,HB,GBR,Online TA,TA/TO,0,0,0,E,E,0,No Deposit,240.0,0,Transient-Party,246.0,0,0
Resort Hotel,1,119,2016,August,34,15,3,6,2,0.0,0,HB,GBR,Online TA,TA/TO,0,0,0,D,D,0,No Deposit,240.0,0,Transient-Party,231.0,0,0
Resort Hotel,1,0,2016,August,34,16,0,1,2,0.0,0,BB,PRT,Direct,Direct,0,0,0,A,A,0,No Deposit,,0,Transient,221.0,0,1
Resort Hotel,1,12,2016,August,34,16,0,2,2,0.0,0,BB,PRT,Online TA,TA/TO,0,0,0,A,A,0,No Deposit,240.0,0,Transient,209.0,0,1
Resort Hotel,1,100,2016,August,34,16,0,2,2,0.0,0,BB,FRA,Online TA,TA/TO,0,0,0,A,A,0,No Deposit,240.0,0,Transient-Party,195.0,0,0
Resort Hotel,1,142,2016,August,34,16,0,3,2,0.0,0,BB,ESP,Online TA,TA/TO,0,0,0,A,A,0,No Deposit,240.0,0,Transient,179.0,0,0
Resort Hotel,1,28,2016,August,34,16,0,3,2,0.0,0,BB,BRA,Online TA,TA/TO,0,0,0,A,A,0,No Deposit,240.0,0,Transient,219.0,0,0
Resort Hotel,1,75,2016,August,34,16,0,3,2,0.0,0,BB,ESP,Online TA,TA/TO,0,0,0,E,E,0,No Deposit,240.0,0,Transient,217.33,0,0
Resort Hotel,1,293,2016,August,34,16,0,3,2,0.0,0,BB,PRT,Online TA,TA/TO,0,0,0,A,A,0,No Deposit,240.0,0,Transient,126.0,0,2
Resort Hotel,1,79,2016,August,34,16,0,3,2,0.0,0,BB,PRT,Online TA,TA/TO,0,0,0,D,D,0,No Deposit,240.0,0,Transient,202.33,0,1
Resort Hotel,1,28,2016,August,34,16,0,3,2,0.0,0,BB,BRA,Online TA,TA/TO,0,0,0,A,A,0,No Deposit,240.0,0,Transient,219.0,0,0
Resort Hotel,1,61,2016,August,34,16,0,4,2,0.0,0,BB,GBR,Online TA,TA/TO,0,0,0,D,D,0,No Deposit,240.0,0,Transient,209.0,0,0
Resort Hotel,1,155,2016,August,34,16,0,4,2,0.0,0,HB,PRT,Online TA,TA/TO,0,0,0,E,E,0,No Deposit,240.0,0,Transient,258.0,0,0
Resort Hotel,1,183,2016,August,34,16,0,4,2,0.0,0,BB,PRT,Offline TA/TO,TA/TO,0,0,0,A,A,2,No Deposit,314.0,0,Transient,115.2,0,0
Resort Hotel,1,168,2016,August,34,16,1,5,2,0.0,0,BB,PRT,Online TA,TA/TO,0,0,0,E,E,0,No Deposit,240.0,0,Transient,212.0,0,0
Resort Hotel,1,55,2016,August,34,16,2,5,2,0.0,0,HB,PRT,Online TA,TA/TO,0,0,0,A,A,0,No Deposit,241.0,0,Transient,168.63,0,0
Resort Hotel,1,245,2016,August,34,16,2,8,2,0.0,0,HB,PRT,Online TA,TA/TO,0,0,0,A,A,0,No Deposit,240.0,0,Transient,170.0,0,1
Resort Hotel,1,195,2016,August,34,16,2,8,2,0.0,0,HB,PRT,Offline TA/TO,TA/TO,0,0,0,A,A,0,No Deposit,261.0,0,Transient,124.2,0,0
Resort Hotel,1,143,2016,August,34,16,4,10,2,0.0,0,BB,ROU,Online TA,TA/TO,0,0,0,A,A,0,No Deposit,240.0,0,Transient,177.79,0,0
Resort Hotel,1,143,2016,August,34,16,4,10,2,0.0,0,BB,ROU,Online TA,TA/TO,0,0,0,A,A,0,No Deposit,240.0,0,Transient,177.79,0,0
Resort Hotel,1,106,2016,August,34,17,0,2,2,0.0,0,BB,IRL,Online TA,TA/TO,0,0,0,D,D,4,No Deposit,240.0,0,Transient,209.0,0,0
Resort Hotel,1,23,2016,August,34,17,0,3,2,0.0,0,BB,ESP,Online TA,TA/TO,0,0,0,A,A,0,No Deposit,240.0,0,Transient,219.0,0,0
Resort Hotel,1,22,2016,August,34,17,0,3,2,0.0,0,BB,RUS,Online TA,TA/TO,0,0,0,D,D,0,No Deposit,240.0,0,Transient,239.0,0,0
Resort Hotel,1,23,2016,August,34,17,0,3,2,0.0,0,BB,ESP,Online TA,TA/TO,0,0,0,A,A,0,No Deposit,240.0,0,Transient,219.0,0,0
Resort Hotel,1,56,2016,August,34,17,0,4,2,0.0,0,BB,GIB,Online TA,TA/TO,0,0,0,A,A,0,No Deposit,240.0,0,Transient,189.0,0,2
Resort Hotel,1,78,2016,August,34,17,1,4,2,0.0,0,HB,ESP,Online TA,TA/TO,0,0,0,D,D,0,No Deposit,240.0,0,Transient,231.0,0,0
Resort Hotel,1,79,2016,August,34,17,1,4,2,0.0,0,BB,ESP,Direct,Direct,0,0,0,D,D,0,No Deposit,250.0,0,Transient,199.0,0,0
Resort Hotel,1,24,2016,August,34,17,1,4,2,0.0,0,BB,ESP,Online TA,TA/TO,0,0,0,A,A,0,No Deposit,240.0,0,Transient,219.0,0,0
Resort Hotel,1,187,2016,August,34,17,1,4,2,0.0,0,HB,PRT,Offline TA/TO,TA/TO,0,0,0,E,E,0,No Deposit,75.0,0,Transient,143.1,0,1
Resort Hotel,1,144,2016,August,34,17,2,4,2,0.0,0,BB,PRT,Online TA,TA/TO,0,0,0,A,A,0,No Deposit,240.0,0,Transient,176.0,0,0
Resort Hotel,1,112,2016,August,34,17,2,4,2,0.0,0,BB,PRT,Online TA,TA/TO,0,0,0,A,A,0,No Deposit,240.0,0,Transient,179.0,0,1
Resort Hotel,1,26,2016,August,34,17,1,4,2,0.0,0,BB,ESP,Online TA,TA/TO,0,0,0,A,A,0,No Deposit,240.0,0,Transient,219.0,0,0
Resort Hotel,1,173,2016,August,34,17,2,8,2,0.0,0,BB,PRT,Online TA,TA/TO,0,0,0,A,A,0,No Deposit,240.0,0,Transient,174.0,0,1
Resort Hotel,1,180,2016,August,34,17,3,9,2,0.0,0,HB,PRT,Offline TA/TO,TA/TO,0,0,0,E,E,0,No Deposit,75.0,0,Transient,143.1,0,0
Resort Hotel,1,73,2016,August,34,17,4,9,2,0.0,0,HB,ESP,Online TA,TA/TO,0,0,0,D,D,0,No Deposit,240.0,0,Transient,227.92,0,0
Resort Hotel,1,3,2016,August,34,18,0,2,2,0.0,0,BB,PRT,Online TA,TA/TO,0,0,0,E,E,0,No Deposit,240.0,0,Transient,214.0,0,1
Resort Hotel,1,77,2016,August,34,18,0,2,2,0.0,0,BB,USA,Online TA,TA/TO,0,0,0,E,E,1,No Deposit,240.0,0,Transient,214.0,0,0
Resort Hotel,1,51,2016,August,34,18,0,2,2,0.0,0,Undefined,ESP,Direct,Direct,0,0,0,A,A,2,No Deposit,250.0,0,Transient,275.0,0,1
Resort Hotel,1,81,2016,August,34,18,0,3,2,0.0,0,BB,PRT,Online TA,TA/TO,0,0,0,A,A,0,No Deposit,240.0,0,Transient,179.0,0,0
Resort Hotel,1,27,2016,August,34,18,0,3,2,0.0,0,BB,PRT,Direct,Direct,0,0,0,A,A,0,No Deposit,250.0,0,Transient,200.1,0,0
Resort Hotel,1,165,2016,August,34,18,0,3,2,0.0,0,HB,DEU,Online TA,TA/TO,0,0,0,E,E,0,No Deposit,240.0,0,Transient,237.0,0,0
Resort Hotel,1,165,2016,August,34,18,0,3,2,0.0,0,HB,DEU,Online TA,TA/TO,0,0,0,D,D,0,No Deposit,240.0,0,Transient,222.0,0,0
Resort Hotel,1,165,2016,August,34,18,0,3,2,0.0,0,HB,DEU,Online TA,TA/TO,0,0,0,D,D,0,No Deposit,240.0,0,Transient,222.0,0,0
Resort Hotel,1,165,2016,August,34,18,0,3,2,0.0,0,HB,DEU,Online TA,TA/TO,0,0,0,D,D,0,No Deposit,240.0,0,Transient,222.0,0,0
Resort Hotel,1,165,2016,August,34,18,0,3,2,0.0,0,HB,DEU,Online TA,TA/TO,0,0,0,E,E,0,No Deposit,240.0,0,Transient,237.0,0,0
Resort Hotel,1,16,2016,August,34,18,0,3,2,0.0,0,BB,RUS,Online TA,TA/TO,0,0,0,E,E,0,No Deposit,240.0,0,Transient,247.33,0,1
Resort Hotel,1,165,2016,August,34,18,0,3,2,0.0,0,HB,DEU,Online TA,TA/TO,0,0,0,E,E,0,No Deposit,240.0,0,Transient,237.0,0,0
Resort Hotel,1,165,2016,August,34,18,0,3,2,0.0,0,HB,DEU,Online TA,TA/TO,0,0,0,D,D,0,No Deposit,240.0,0,Transient,222.0,0,0
Resort Hotel,1,165,2016,August,34,18,0,3,2,0.0,0,HB,DEU,Online TA,TA/TO,0,0,0,D,D,0,No Deposit,240.0,0,Transient,222.0,0,0
Resort Hotel,1,29,2016,August,34,18,2,5,2,0.0,0,BB,PRT,Online TA,TA/TO,0,0,0,E,E,0,No Deposit,240.0,0,Transient,251.86,0,1
Resort Hotel,1,54,2016,August,34,18,2,5,2,0.0,0,BB,ESP,Online TA,TA/TO,0,0,0,E,E,0,No Deposit,240.0,0,Transient,226.14,0,0
Resort Hotel,1,86,2016,August,34,18,2,8,2,0.0,0,BB,ESP,Online TA,TA/TO,0,0,0,E,E,0,No Deposit,240.0,0,Transient,212.0,0,0
Resort Hotel,1,80,2016,August,34,18,4,8,2,0.0,0,BB,ITA,Online TA,TA/TO,0,0,0,E,E,2,No Deposit,240.0,0,Transient,210.67,0,0
Resort Hotel,0,360,2016,August,34,18,4,10,2,0.0,0,BB,GBR,Offline TA/TO,TA/TO,0,0,0,A,A,0,No Deposit,40.0,0,Contract,59.8,0,0
Resort Hotel,1,48,2016,August,34,19,0,2,2,0.0,0,BB,ESP,Online TA,TA/TO,0,0,0,A,A,0,No Deposit,240.0,0,Transient,199.0,0,1
Resort Hotel,1,12,2016,August,34,19,0,2,2,0.0,0,BB,ESP,Online TA,TA/TO,0,0,0,D,D,0,No Deposit,240.0,0,Transient,234.0,0,1
Resort Hotel,0,328,2016,August,34,19,2,2,2,0.0,0,HB,GBR,Offline TA/TO,TA/TO,0,0,0,A,A,1,No Deposit,40.0,0,Contract,120.1,0,0
Resort Hotel,1,13,2016,August,34,19,2,3,2,0.0,0,BB,PRT,Online TA,TA/TO,0,0,0,D,D,0,No Deposit,240.0,0,Transient,227.0,0,1
Resort Hotel,1,174,2016,August,34,19,2,5,2,0.0,0,BB,PRT,Online TA,TA/TO,0,0,0,D,D,2,No Deposit,240.0,0,Transient,180.0,0,1
Resort Hotel,1,104,2016,August,34,19,2,7,2,0.0,0,BB,NLD,Online TA,TA/TO,0,0,0,A,A,0,No Deposit,240.0,0,Transient,188.78,0,0
Resort Hotel,1,166,2016,August,34,19,2,7,2,0.0,0,BB,ITA,Online TA,TA/TO,0,0,0,E,E,0,No Deposit,240.0,0,Transient,203.89,0,0
Resort Hotel,0,288,2016,August,34,19,2,5,2,0.0,0,BB,GBR,Offline TA/TO,TA/TO,0,0,0,D,D,0,No Deposit,36.0,0,Transient,117.19,0,0
Resort Hotel,1,0,2016,August,34,20,0,1,2,0.0,0,BB,ESP,Online TA,TA/TO,0,0,0,A,A,0,No Deposit,240.0,0,Transient,209.0,0,0
Resort Hotel,1,26,2016,August,34,20,1,1,2,0.0,0,HB,ESP,Online TA,TA/TO,0,0,0,E,E,0,No Deposit,240.0,0,Transient,286.0,0,0
Resort Hotel,1,151,2016,August,34,20,1,1,2,0.0,0,BB,PRT,Online TA,TA/TO,0,0,0,D,D,0,No Deposit,242.0,0,Transient,194.5,0,0
Resort Hotel,1,86,2016,August,34,20,2,2,2,0.0,0,HB,GBR,Online TA,TA/TO,0,0,0,D,D,0,No Deposit,240.0,0,Transient,231.0,0,0
Resort Hotel,1,86,2016,August,34,20,2,2,2,0.0,0,HB,GBR,Online TA,TA/TO,0,0,0,D,D,0,No Deposit,240.0,0,Transient,231.0,0,0
Resort Hotel,1,86,2016,August,34,20,2,2,2,0.0,0,HB,GBR,Online TA,TA/TO,0,0,0,D,D,0,No Deposit,240.0,0,Transient,231.0,0,0
Resort Hotel,1,86,2016,August,34,20,2,4,2,0.0,0,BB,PRT,Direct,Direct,0,0,0,D,D,0,No Deposit,,0,Transient,211.0,0,0
Resort Hotel,1,32,2016,August,34,20,2,4,2,0.0,0,BB,IRL,Online TA,TA/TO,0,0,0,D,D,0,No Deposit,240.0,0,Transient,235.67,0,0
Resort Hotel,1,116,2016,August,34,20,2,5,2,0.0,0,BB,FRA,Online TA,TA/TO,0,0,0,D,D,0,No Deposit,240.0,0,Transient,199.0,0,0
Resort Hotel,1,107,2016,August,34,20,2,5,2,0.0,0,BB,IRL,Online TA,TA/TO,0,0,0,E,E,0,No Deposit,240.0,0,Transient,214.0,0,0
Resort Hotel,1,227,2016,August,34,20,2,5,2,0.0,0,BB,PRT,Online TA,TA/TO,0,0,0,A,A,0,No Deposit,240.0,0,Transient,126.0,0,0
Resort Hotel,1,185,2016,August,34,20,2,5,2,0.0,0,HB,PRT,Direct,Direct,0,0,0,A,A,0,No Deposit,250.0,0,Transient,185.0,0,0
Resort Hotel,1,173,2016,August,34,20,2,5,2,0.0,0,BB,PRT,Online TA,TA/TO,0,0,0,A,A,0,No Deposit,240.0,0,Transient,172.0,0,0
Resort Hotel,1,249,2016,August,34,20,4,6,2,0.0,0,BB,PRT,Online TA,TA/TO,0,0,0,D,D,0,No Deposit,240.0,0,Transient,140.4,0,1
Resort Hotel,1,193,2016,August,34,20,4,6,2,0.0,0,BB,PRT,Direct,Direct,0,0,0,A,A,0,No Deposit,250.0,0,Transient,122.4,0,0
Resort Hotel,1,218,2016,August,34,20,4,10,2,0.0,0,BB,PRT,Offline TA/TO,TA/TO,0,0,0,A,A,0,No Deposit,175.0,0,Transient,91.55,0,0
Resort Hotel,1,165,2016,August,35,21,2,0,2,0.0,0,BB,AUS,Online TA,TA/TO,0,0,0,A,A,0,No Deposit,240.0,0,Transient,170.0,0,0
Resort Hotel,1,17,2016,August,35,21,2,2,2,0.0,0,BB,ITA,Online TA,TA/TO,0,0,0,A,A,0,No Deposit,240.0,0,Transient,206.5,0,1
Resort Hotel,1,73,2016,August,35,21,2,3,2,0.0,0,BB,GBR,Online TA,TA/TO,0,0,0,D,D,2,No Deposit,240.0,0,Transient,205.0,0,0
Resort Hotel,1,200,2016,August,35,21,2,4,2,0.0,0,BB,PRT,Online TA,TA/TO,0,0,0,E,E,0,No Deposit,240.0,0,Transient,175.0,0,2
Resort Hotel,1,115,2016,August,35,21,2,5,2,0.0,0,HB,PRT,Online TA,TA/TO,0,0,0,D,D,0,No Deposit,15.0,0,Transient,184.8,0,0
Resort Hotel,1,167,2016,August,35,21,2,5,2,0.0,0,BB,PRT,Online TA,TA/TO,0,0,0,A,A,0,No Deposit,240.0,0,Transient,180.57,0,1
Resort Hotel,1,67,2016,August,35,21,4,6,2,0.0,0,BB,FRA,Direct,Direct,0,0,0,C,C,0,No Deposit,250.0,0,Transient,197.1,0,0
Resort Hotel,0,367,2016,August,35,21,4,10,2,0.0,0,BB,GBR,Offline TA/TO,TA/TO,0,0,0,D,D,0,No Deposit,2.0,0,Transient,70.0,0,1
Resort Hotel,0,367,2016,August,35,21,4,10,2,0.0,0,BB,GBR,Offline TA/TO,TA/TO,0,0,0,A,A,0,No Deposit,2.0,0,Contract,57.8,0,1
Resort Hotel,1,6,2016,August,35,22,1,0,2,0.0,0,BB,CHN,Online TA,TA/TO,0,0,0,A,A,0,No Deposit,240.0,0,Transient,199.0,0,0
Resort Hotel,1,45,2016,August,35,22,1,1,2,0.0,0,BB,ESP,Online TA,TA/TO,0,0,0,A,A,0,No Deposit,240.0,0,Transient,219.0,0,0
Resort Hotel,1,45,2016,August,35,22,1,1,2,0.0,0,BB,ESP,Online TA,TA/TO,0,0,0,A,A,0,No Deposit,240.0,0,Transient,231.0,0,0
Resort Hotel,1,42,2016,August,35,22,1,2,2,0.0,0,BB,POL,Online TA,TA/TO,0,0,0,E,E,0,No Deposit,240.0,0,Transient,249.0,0,0
Resort Hotel,1,12,2016,August,35,22,1,2,2,0.0,0,BB,ESP,Online TA,TA/TO,0,0,0,E,E,0,No Deposit,240.0,0,Transient,229.0,0,1
Resort Hotel,1,259,2016,August,35,22,1,2,2,0.0,0,BB,PRT,Online TA,TA/TO,0,0,0,A,A,0,No Deposit,240.0,0,Transient,126.0,0,1
Resort Hotel,1,18,2016,August,35,22,1,2,2,0.0,0,HB,ESP,Online TA,TA/TO,0,0,0,E,E,0,No Deposit,240.0,0,Transient,271.0,0,0
Resort Hotel,1,77,2016,August,35,22,1,2,2,0.0,0,BB,ESP,Online TA,TA/TO,0,0,0,D,D,2,No Deposit,240.0,0,Transient,202.0,0,0
Resort Hotel,1,14,2016,August,35,22,1,3,2,0.0,0,BB,PRT,Direct,Direct,0,0,0,E,E,0,No Deposit,,0,Transient,198.0,0,0
Resort Hotel,1,77,2016,August,35,22,1,5,2,0.0,0,HB,ESP,Online TA,TA/TO,0,0,0,E,E,0,No Deposit,240.0,0,Transient,241.0,0,0
Resort Hotel,1,60,2016,August,35,22,2,5,2,0.0,0,BB,ESP,Online TA,TA/TO,0,0,0,A,A,0,No Deposit,240.0,0,Transient,187.0,0,0
Resort Hotel,1,50,2016,August,35,22,3,6,2,0.0,0,BB,GBR,Online TA,TA/TO,0,0,0,D,D,0,No Deposit,240.0,0,Transient,200.67,0,1
Resort Hotel,1,80,2016,August,35,22,3,6,2,0.0,0,BB,PRT,Online TA,TA/TO,0,0,0,D,A,0,No Deposit,242.0,0,Transient,194.0,0,1
Resort Hotel,1,353,2016,August,35,22,3,6,2,0.0,0,BB,PRT,Online TA,TA/TO,0,0,0,G,G,0,No Deposit,240.0,0,Transient,192.0,0,0
Resort Hotel,1,210,2016,August,35,22,3,8,2,0.0,0,HB,PRT,Online TA,TA/TO,0,0,0,E,E,0,No Deposit,240.0,0,Transient,192.73,0,2
Resort Hotel,1,67,2016,August,35,23,0,2,2,0.0,0,BB,PRT,Online TA,TA/TO,0,0,0,E,E,0,No Deposit,241.0,0,Transient,168.63,0,0
Resort Hotel,1,80,2016,August,35,23,0,2,2,0.0,0,BB,URY,Online TA,TA/TO,0,0,0,E,E,0,No Deposit,240.0,0,Transient,209.0,0,0
Resort Hotel,1,59,2016,August,35,23,0,3,2,0.0,0,BB,ESP,Online TA,TA/TO,0,0,0,A,A,0,No Deposit,240.0,0,Transient,189.0,0,0
Resort Hotel,1,292,2016,August,35,23,0,4,2,0.0,0,BB,PRT,Online TA,TA/TO,0,0,0,A,A,0,No Deposit,240.0,0,Transient,126.0,0,1
Resort Hotel,1,299,2016,August,35,23,0,4,2,0.0,0,BB,PRT,Online TA,TA/TO,0,0,0,D,D,0,No Deposit,240.0,0,Transient,144.0,0,1
Resort Hotel,0,292,2016,August,35,23,0,4,2,0.0,0,BB,PRT,Online TA,TA/TO,0,0,0,E,E,0,No Deposit,240.0,0,Transient,169.5,1,1
Resort Hotel,1,174,2016,August,35,23,2,5,2,0.0,0,HB,PRT,Online TA,TA/TO,0,0,0,D,D,0,No Deposit,240.0,0,Transient,224.0,0,0
Resort Hotel,1,129,2016,August,35,23,2,7,2,0.0,0,BB,IRL,Online TA,TA/TO,0,0,0,A,A,0,No Deposit,240.0,0,Transient,170.56,0,0
Resort Hotel,1,14,2016,August,35,24,0,3,2,0.0,0,BB,PRT,Online TA,TA/TO,0,0,0,F,F,0,No Deposit,242.0,0,Transient,239.0,0,1
Resort Hotel,0,43,2016,August,35,24,0,3,2,0.0,0,HB,PRT,Direct,Direct,0,0,0,D,F,3,No Deposit,250.0,0,Transient,239.1,1,0
Resort Hotel,1,47,2016,August,35,24,0,4,2,0.0,0,BB,CN,Online TA,TA/TO,0,0,0,D,D,0,No Deposit,240.0,0,Transient,219.0,0,0
Resort Hotel,1,225,2016,August,35,24,0,4,2,0.0,0,BB,PRT,Online TA,TA/TO,0,0,0,A,A,0,No Deposit,240.0,0,Transient,126.0,0,1
Resort Hotel,1,54,2016,August,35,24,0,4,2,0.0,0,BB,IRL,Online TA,TA/TO,0,0,0,D,D,0,No Deposit,240.0,0,Transient,204.0,0,0
Resort Hotel,1,35,2016,August,35,24,0,4,2,0.0,0,BB,PRT,Offline TA/TO,TA/TO,0,0,0,D,D,0,No Deposit,8.0,0,Transient,160.0,0,0
Resort Hotel,1,62,2016,August,35,24,0,4,2,0.0,0,BB,ESP,Online TA,TA/TO,0,0,0,A,A,0,No Deposit,240.0,0,Transient,189.0,0,0
Resort Hotel,1,44,2016,August,35,24,1,4,2,0.0,0,HB,ESP,Online TA,TA/TO,0,0,0,D,D,1,No Deposit,240.0,0,Transient,248.0,0,1
Resort Hotel,1,84,2016,August,35,24,1,4,2,0.0,0,BB,ESP,Online TA,TA/TO,0,0,0,D,D,0,No Deposit,240.0,0,Transient,194.0,0,0
Resort Hotel,1,74,2016,August,35,24,2,5,2,0.0,0,BB,PRT,Online TA,TA/TO,0,0,0,D,D,0,No Deposit,240.0,0,Transient,195.43,0,0
Resort Hotel,1,0,2016,August,35,25,0,1,2,0.0,0,BB,ROU,Online TA,TA/TO,0,0,0,D,D,0,No Deposit,240.0,0,Transient,194.0,0,0
Resort Hotel,1,6,2016,August,35,25,0,1,2,0.0,0,BB,PRT,Direct,Direct,0,0,0,G,G,0,No Deposit,,0,Transient,269.0,0,0
Resort Hotel,1,6,2016,August,35,25,0,1,2,0.0,0,BB,PRT,Direct,Direct,0,0,0,F,F,0,No Deposit,,0,Transient,229.0,0,1
Resort Hotel,1,12,2016,August,35,25,0,2,2,0.0,0,BB,PRT,Online TA,TA/TO,0,0,0,A,A,0,No Deposit,240.0,0,Transient,199.0,0,0
Resort Hotel,1,31,2016,August,35,25,0,2,2,0.0,0,BB,PRT,Direct,Direct,0,0,0,D,D,3,No Deposit,250.0,0,Transient,197.1,0,1
Resort Hotel,1,29,2016,August,35,25,0,3,2,0.0,0,BB,ITA,Online TA,TA/TO,0,0,0,D,D,0,No Deposit,240.0,0,Transient,214.0,0,0
Resort Hotel,1,52,2016,August,35,25,0,2,2,0.0,0,BB,PRT,Online TA,TA/TO,0,0,0,D,D,0,No Deposit,241.0,0,Transient,157.08,0,0
Resort Hotel,1,92,2016,August,35,25,1,3,2,0.0,0,BB,NLD,Online TA,TA/TO,0,0,0,D,D,0,No Deposit,240.0,0,Transient,189.0,0,0
Resort Hotel,1,28,2016,August,35,25,1,3,2,0.0,0,BB,GBR,Online TA,TA/TO,0,0,0,E,E,0,No Deposit,240.0,0,Transient,226.5,0,2
Resort Hotel,1,44,2016,August,35,25,2,5,2,0.0,0,BB,PRT,Online TA,TA/TO,0,0,0,A,A,0,No Deposit,240.0,0,Transient,193.29,0,3
Resort Hotel,1,44,2016,August,35,25,2,5,2,0.0,0,BB,PRT,Online TA,TA/TO,0,0,0,A,A,0,No Deposit,240.0,0,Transient,193.29,0,3
Resort Hotel,1,80,2016,August,35,26,0,1,2,0.0,0,BB,ESP,Online TA,TA/TO,0,0,0,E,E,0,No Deposit,240.0,0,Transient,209.0,0,0
Resort Hotel,1,0,2016,August,35,26,0,1,2,0.0,0,BB,PRT,Direct,Direct,0,0,0,F,F,0,No Deposit,,0,Transient,179.0,0,0
Resort Hotel,1,234,2016,August,35,26,0,2,2,0.0,0,BB,PRT,Direct,Direct,0,0,0,A,A,0,No Deposit,250.0,0,Transient,119.0,0,1
Resort Hotel,1,234,2016,August,35,26,0,2,2,0.0,0,BB,PRT,Direct,Direct,0,0,0,A,A,0,No Deposit,250.0,0,Transient,119.0,0,1
Resort Hotel,1,57,2016,August,35,26,0,2,2,0.0,0,BB,ESP,Online TA,TA/TO,0,0,0,A,A,0,No Deposit,240.0,0,Transient,189.0,0,0
Resort Hotel,1,12,2016,August,35,26,1,2,2,0.0,0,BB,PRT,Direct,Direct,0,0,0,E,E,1,No Deposit,,0,Transient,205.67,0,0
Resort Hotel,1,77,2016,August,35,26,1,2,2,0.0,0,BB,GBR,Online TA,TA/TO,0,0,0,A,A,0,No Deposit,240.0,0,Transient,182.33,0,0
Resort Hotel,1,161,2016,August,35,26,1,2,2,0.0,0,BB,GIB,Online TA,TA/TO,0,0,0,A,A,0,No Deposit,240.0,0,Transient,178.67,0,0
Resort Hotel,1,140,2016,August,35,26,2,2,2,0.0,0,BB,GBR,Online TA,TA/TO,0,0,0,E,E,0,No Deposit,240.0,0,Transient,204.5,0,0
Resort Hotel,1,73,2016,August,35,26,2,2,2,0.0,0,HB,ESP,Online TA,TA/TO,0,0,0,A,A,0,No Deposit,240.0,0,Transient,211.0,0,0
Resort Hotel,1,76,2016,August,35,26,2,4,2,0.0,0,BB,ROU,Online TA,TA/TO,0,0,0,D,D,0,No Deposit,240.0,0,Transient,190.67,0,0
Resort Hotel,1,81,2016,August,35,26,2,5,2,0.0,0,HB,BLR,Online TA,TA/TO,0,0,0,A,A,0,No Deposit,240.0,0,Transient,206.71,0,0
Resort Hotel,1,102,2016,August,35,26,2,6,2,0.0,0,HB,ESP,Online TA,TA/TO,0,0,0,D,D,0,No Deposit,240.0,0,Transient,207.25,0,0
Resort Hotel,0,373,2016,August,35,26,3,7,2,0.0,0,BB,GBR,Offline TA/TO,TA/TO,0,0,0,E,E,0,No Deposit,40.0,0,Contract,85.3,0,0
Resort Hotel,1,81,2016,August,35,26,2,5,2,0.0,0,HB,BLR,Online TA,TA/TO,0,0,0,A,A,0,No Deposit,240.0,0,Transient,206.71,0,0
Resort Hotel,1,185,2016,August,35,26,2,5,2,0.0,0,BB,PRT,Online TA,TA/TO,0,0,0,A,A,2,No Deposit,240.0,0,Transient,166.14,0,1
Resort Hotel,1,73,2016,August,35,27,0,1,2,0.0,0,BB,IRL,Online TA,TA/TO,0,0,0,A,A,0,No Deposit,240.0,0,Transient,189.0,0,0
Resort Hotel,1,41,2016,August,35,27,2,2,2,0.0,0,BB,CHE,Online TA,TA/TO,0,0,0,A,A,0,No Deposit,240.0,0,Transient,189.0,0,0
Resort Hotel,1,32,2016,August,35,27,2,3,2,0.0,0,BB,ESP,Direct,Direct,0,0,0,E,E,0,No Deposit,250.0,0,Transient,209.0,0,1
Resort Hotel,1,219,2016,August,35,27,2,5,2,0.0,0,BB,PRT,Offline TA/TO,TA/TO,0,0,0,A,A,0,No Deposit,175.0,0,Transient-Party,91.55,0,1
Resort Hotel,1,225,2016,August,35,27,2,5,2,0.0,0,BB,PRT,Offline TA/TO,TA/TO,0,0,0,A,A,0,No Deposit,36.0,0,Transient,82.29,0,0
Resort Hotel,1,90,2016,August,35,27,2,5,2,0.0,0,BB,CHE,Online TA,TA/TO,0,0,0,D,D,0,No Deposit,240.0,0,Transient,185.43,0,0
Resort Hotel,1,225,2016,August,35,27,2,5,2,0.0,0,BB,PRT,Online TA,TA/TO,0,0,0,A,A,0,No Deposit,240.0,0,Transient,114.29,0,1
Resort Hotel,1,219,2016,August,35,27,2,5,2,0.0,0,BB,PRT,Offline TA/TO,TA/TO,0,0,0,A,A,0,No Deposit,175.0,0,Transient-Party,91.55,0,1
Resort Hotel,1,206,2016,August,35,27,2,6,2,0.0,0,BB,PRT,Offline TA/TO,TA/TO,0,0,0,A,A,0,No Deposit,196.0,0,Transient-Party,99.63,0,1
Resort Hotel,1,206,2016,August,35,27,2,6,2,0.0,0,BB,PRT,Offline TA/TO,TA/TO,0,0,0,A,A,0,No Deposit,196.0,0,Transient-Party,99.63,0,1
Resort Hotel,1,219,2016,August,35,27,4,6,2,0.0,0,BB,PRT,Online TA,TA/TO,0,0,0,D,D,0,No Deposit,240.0,0,Transient,134.0,0,1
Resort Hotel,0,374,2016,August,35,27,4,10,2,0.0,0,BB,GBR,Offline TA/TO,TA/TO,0,0,0,E,E,0,No Deposit,40.0,0,Contract,85.3,0,0
Resort Hotel,1,226,2016,August,36,28,2,0,2,0.0,0,BB,PRT,Direct,Direct,0,0,0,A,A,0,No Deposit,250.0,0,Transient,102.0,0,1
Resort Hotel,1,26,2016,August,36,28,2,1,2,0.0,0,HB,ESP,Online TA,TA/TO,0,0,0,A,A,0,No Deposit,240.0,0,Transient,221.0,0,1
Resort Hotel,1,8,2016,August,36,28,2,1,2,0.0,0,BB,PRT,Online TA,TA/TO,0,0,0,A,A,0,No Deposit,240.0,0,Transient,171.0,0,0
Resort Hotel,1,139,2016,August,36,28,2,1,2,0.0,0,BB,TUR,Online TA,TA/TO,0,0,0,A,A,0,No Deposit,240.0,0,Transient,160.0,0,0
Resort Hotel,1,21,2016,August,36,28,2,3,2,0.0,0,HB,PRT,Online TA,TA/TO,0,0,0,A,A,0,No Deposit,240.0,0,Transient,213.8,0,1
Resort Hotel,1,23,2016,August,36,28,2,3,2,0.0,0,BB,DEU,Online TA,TA/TO,0,0,0,A,A,0,No Deposit,240.0,0,Transient,181.8,0,1
Resort Hotel,1,48,2016,August,36,28,2,3,2,0.0,0,BB,DEU,Online TA,TA/TO,0,0,0,A,A,0,No Deposit,240.0,0,Transient,189.0,0,0
Resort Hotel,1,123,2016,August,36,28,2,3,2,0.0,0,BB,USA,Online TA,TA/TO,0,0,0,E,E,0,No Deposit,240.0,0,Transient,189.8,0,0
Resort Hotel,1,208,2016,August,36,28,2,5,2,0.0,0,BB,PRT,Online TA,TA/TO,0,0,0,D,E,1,No Deposit,240.0,0,Transient,122.86,0,1
Resort Hotel,1,328,2016,August,36,28,2,5,2,0.0,0,BB,PRT,Online TA,TA/TO,0,0,0,E,E,0,No Deposit,240.0,0,Transient,170.0,0,0
Resort Hotel,1,333,2016,August,36,28,2,5,2,0.0,0,BB,PRT,Online TA,TA/TO,0,0,0,A,A,0,No Deposit,240.0,0,Transient,86.79,0,1
Resort Hotel,1,333,2016,August,36,28,2,5,2,0.0,0,BB,PRT,Online TA,TA/TO,0,0,0,A,A,0,No Deposit,240.0,0,Transient,86.79,0,2
Resort Hotel,1,0,2016,August,36,29,1,0,2,0.0,0,BB,PRT,Direct,Direct,0,0,0,D,D,0,No Deposit,,0,Transient,150.0,0,0
Resort Hotel,1,116,2016,August,36,29,1,3,2,0.0,0,HB,ESP,Online TA,TA/TO,0,0,0,D,D,0,No Deposit,240.0,0,Transient,204.75,0,0
Resort Hotel,1,124,2016,August,36,29,1,3,2,0.0,0,BB,USA,Online TA,TA/TO,0,0,0,E,E,1,No Deposit,240.0,0,Transient,188.5,0,0
Resort Hotel,1,84,2016,August,36,29,1,3,2,0.0,0,BB,ITA,Online TA,TA/TO,0,0,0,A,A,0,No Deposit,240.0,0,Transient,171.5,0,0
Resort Hotel,1,95,2016,August,36,29,1,4,2,0.0,0,BB,ESP,Online TA,TA/TO,0,0,0,A,A,0,No Deposit,240.0,0,Transient,151.0,0,0
Resort Hotel,1,246,2016,August,36,29,1,4,2,0.0,0,BB,PRT,Online TA,TA/TO,0,0,0,A,A,0,No Deposit,240.0,0,Transient,97.2,0,0
Resort Hotel,1,145,2016,August,36,29,1,4,2,0.0,0,BB,ESP,Online TA,TA/TO,0,0,0,A,A,0,No Deposit,240.0,0,Transient,163.6,0,0
Resort Hotel,1,25,2016,August,36,29,1,3,2,0.0,0,BB,PRT,Online TA,TA/TO,0,0,0,A,A,0,No Deposit,240.0,0,Transient,189.0,0,2
Resort Hotel,1,236,2016,August,36,29,1,5,2,0.0,0,BB,PRT,Online TA,TA/TO,0,0,0,A,A,0,No Deposit,240.0,0,Transient,135.0,0,0
Resort Hotel,1,45,2016,August,36,29,2,5,2,0.0,0,BB,PRT,Offline TA/TO,TA/TO,0,0,0,D,D,1,No Deposit,11.0,0,Transient,128.0,0,0
Resort Hotel,0,222,2016,August,36,29,2,5,2,0.0,0,HB,POL,Offline TA/TO,TA/TO,0,0,0,E,E,0,No Deposit,315.0,0,Transient,109.3,0,0
Resort Hotel,1,109,2016,August,36,29,2,5,2,0.0,0,HB,ESP,Online TA,TA/TO,0,0,0,D,D,2,No Deposit,240.0,0,Transient,196.71,0,0
Resort Hotel,1,160,2016,August,36,29,2,5,2,0.0,0,HB,LUX,Online TA,TA/TO,0,0,0,D,D,0,No Deposit,240.0,0,Transient,197.14,0,0
Resort Hotel,1,196,2016,August,36,29,2,5,2,0.0,0,BB,PRT,Offline TA/TO,TA/TO,0,0,0,E,E,0,No Deposit,314.0,0,Transient,121.47,0,1
Resort Hotel,1,294,2016,August,36,29,2,5,2,0.0,0,FB,PRT,Offline TA/TO,TA/TO,0,0,0,A,A,0,No Deposit,315.0,0,Transient,142.1,0,0
Resort Hotel,0,314,2016,August,36,29,3,8,2,0.0,0,BB,GBR,Offline TA/TO,TA/TO,0,0,0,A,A,0,No Deposit,40.0,0,Transient,68.61,0,0
Resort Hotel,0,406,2016,August,36,29,3,9,2,0.0,0,BB,GBR,Offline TA/TO,TA/TO,0,0,0,A,A,1,No Deposit,40.0,0,Contract,55.68,0,1
Resort Hotel,0,406,2016,August,36,29,3,9,2,0.0,0,BB,GBR,Offline TA/TO,TA/TO,0,0,0,E,E,0,No Deposit,40.0,0,Contract,85.88,1,0
Resort Hotel,0,406,2016,August,36,29,3,9,2,0.0,0,BB,GBR,Offline TA/TO,TA/TO,0,0,0,E,E,0,No Deposit,40.0,0,Contract,82.88,0,0
Resort Hotel,1,406,2016,August,36,29,4,10,2,0.0,0,BB,PRT,Offline TA/TO,TA/TO,0,0,0,A,A,0,No Deposit,40.0,0,Contract,88.4,0,1
Resort Hotel,1,406,2016,August,36,29,4,10,2,0.0,0,BB,PRT,Offline TA/TO,TA/TO,0,0,0,A,A,0,No Deposit,40.0,0,Contract,88.4,0,1
Resort Hotel,1,23,2016,August,36,29,3,5,2,0.0,0,BB,MAR,Online TA,TA/TO,0,0,0,A,A,0,No Deposit,240.0,0,Transient,174.38,0,1
Resort Hotel,1,0,2016,August,36,30,0,1,2,0.0,0,BB,FRA,Online TA,TA/TO,0,0,0,A,A,0,No Deposit,240.0,0,Transient,171.0,0,0
Resort Hotel,1,14,2016,August,36,30,0,3,2,0.0,0,HB,ESP,Online TA,TA/TO,0,0,0,E,E,0,No Deposit,240.0,0,Transient,221.0,0,1
Resort Hotel,1,127,2016,August,36,30,0,4,2,0.0,0,BB,ITA,Online TA,TA/TO,0,0,0,A,A,0,No Deposit,240.0,0,Transient,149.5,0,0
Resort Hotel,1,38,2016,August,36,30,0,4,2,0.0,0,HB,PRT,Direct,Direct,0,0,0,E,E,0,No Deposit,250.0,0,Transient,231.8,0,1
Resort Hotel,1,76,2016,August,36,30,0,4,2,0.0,0,BB,ESP,Online TA,TA/TO,0,0,0,E,E,0,No Deposit,240.0,0,Transient,191.5,0,0
Resort Hotel,1,38,2016,August,36,30,0,4,2,0.0,0,HB,PRT,Direct,Direct,0,0,0,E,E,0,No Deposit,250.0,0,Transient,231.8,0,1
Resort Hotel,1,39,2016,August,36,30,0,5,2,0.0,0,HB,,Direct,Direct,0,0,0,A,A,0,No Deposit,,0,Transient,159.0,0,5
Resort Hotel,1,230,2016,August,36,30,2,5,2,0.0,0,HB,PRT,Online TA,TA/TO,0,0,0,E,E,0,No Deposit,242.0,0,Transient,145.8,0,0
Resort Hotel,0,223,2016,August,36,30,2,8,2,0.0,0,SC,GBR,Offline TA/TO,TA/TO,0,0,0,E,I,0,No Deposit,40.0,0,Contract,0.0,0,0
Resort Hotel,0,400,2016,August,36,30,2,8,2,0.0,0,BB,GBR,Offline TA/TO,TA/TO,0,0,0,A,A,0,No Deposit,40.0,0,Contract,57.68,0,0
Resort Hotel,0,340,2016,August,36,30,2,8,2,0.0,0,BB,GBR,Offline TA/TO,TA/TO,0,0,0,A,A,0,No Deposit,40.0,0,Transient,57.8,0,0
Resort Hotel,0,315,2016,August,36,30,4,10,2,0.0,0,HB,RUS,Offline TA/TO,TA/TO,0,0,0,A,A,0,No Deposit,69.0,0,Transient,81.9,0,0
Resort Hotel,1,83,2016,August,36,31,0,4,2,0.0,0,HB,ESP,Online TA,TA/TO,0,0,0,D,D,0,No Deposit,240.0,0,Transient,216.0,0,0
Resort Hotel,1,127,2016,August,36,31,0,4,2,0.0,0,HB,PRT,Online TA,TA/TO,0,0,0,D,E,2,No Deposit,5.0,0,Transient,154.4,0,0
Resort Hotel,1,239,2016,August,36,31,0,4,2,0.0,0,BB,PRT,Direct,Direct,0,0,0,A,A,0,No Deposit,250.0,0,Transient,82.88,0,0
Resort Hotel,1,34,2016,August,36,31,2,5,2,0.0,0,HB,PRT,Direct,Direct,0,0,0,A,C,1,No Deposit,,0,Transient,170.0,0,1
Resort Hotel,1,232,2016,August,36,31,2,6,2,0.0,0,BB,PRT,Online TA,TA/TO,0,0,0,E,E,0,No Deposit,240.0,0,Transient,111.94,0,0
Resort Hotel,1,162,2016,August,36,31,2,7,2,0.0,0,BB,GBR,Online TA,TA/TO,0,0,0,A,A,0,No Deposit,240.0,0,Transient,141.33,0,0
Resort Hotel,0,194,2016,August,36,31,4,10,2,0.0,0,HB,DEU,Offline TA/TO,TA/TO,0,0,0,A,A,1,No Deposit,75.0,0,Transient,86.46,0,0
Resort Hotel,0,327,2016,August,36,31,4,10,2,0.0,0,HB,IRL,Offline TA/TO,TA/TO,0,0,0,D,D,1,No Deposit,,0,Transient,117.48,0,2
Resort Hotel,1,346,2016,September,36,1,0,1,2,0.0,0,BB,PRT,Online TA,TA/TO,0,0,0,A,A,0,No Deposit,240.0,0,Transient,81.0,0,2
Resort Hotel,1,43,2016,September,36,1,0,1,2,0.0,0,BB,PRT,Online TA,TA/TO,0,0,0,A,A,0,No Deposit,240.0,0,Transient,189.0,0,1
Resort Hotel,1,346,2016,September,36,1,0,1,2,0.0,0,BB,PRT,Online TA,TA/TO,0,0,0,A,A,1,No Deposit,240.0,0,Transient,81.0,0,2
Resort Hotel,0,223,2016,September,36,1,2,3,2,0.0,0,HB,PRT,Direct,Direct,0,0,0,A,I,2,No Deposit,250.0,0,Transient,153.0,0,0
Resort Hotel,1,226,2016,September,36,1,2,5,2,0.0,0,BB,PRT,Direct,Direct,0,0,0,G,G,0,No Deposit,250.0,0,Transient,157.0,0,0
Resort Hotel,1,218,2016,September,36,1,2,5,2,0.0,0,BB,PRT,Online TA,TA/TO,0,0,0,D,D,0,No Deposit,240.0,0,Transient,100.0,0,1
Resort Hotel,1,143,2016,September,36,1,2,3,2,0.0,0,BB,GBR,Online TA,TA/TO,0,0,0,A,A,0,No Deposit,240.0,0,Transient,139.0,0,1
Resort Hotel,1,158,2016,September,36,1,2,6,2,0.0,0,BB,PRT,Online TA,TA/TO,0,0,0,A,A,0,No Deposit,240.0,0,Transient,139.0,0,2
Resort Hotel,1,303,2016,September,36,1,3,8,2,0.0,0,BB,PRT,Online TA,TA/TO,0,0,0,A,A,0,No Deposit,240.0,0,Transient,81.0,0,0
Resort Hotel,0,379,2016,September,36,1,3,8,2,0.0,0,BB,GBR,Offline TA/TO,TA/TO,0,0,0,A,A,0,No Deposit,40.0,0,Contract,57.8,0,0
Resort Hotel,1,282,2016,September,36,1,4,8,2,0.0,0,BB,PRT,Online TA,TA/TO,0,0,0,A,A,0,No Deposit,240.0,0,Transient,81.0,0,1
Resort Hotel,0,303,2016,September,36,1,4,10,2,0.0,0,BB,IRL,Offline TA/TO,TA/TO,0,0,0,E,E,0,No Deposit,171.0,0,Transient,90.06,0,0
Resort Hotel,1,223,2016,September,36,1,4,10,2,0.0,0,HB,PRT,Offline TA/TO,TA/TO,0,0,0,D,D,0,No Deposit,243.0,0,Contract,90.1,0,2
Resort Hotel,1,223,2016,September,36,1,4,10,2,0.0,0,HB,PRT,Offline TA/TO,TA/TO,0,0,0,D,D,0,No Deposit,243.0,0,Contract,90.1,0,2
Resort Hotel,1,223,2016,September,36,1,4,10,2,0.0,0,BB,PRT,Offline TA/TO,TA/TO,0,0,0,A,A,0,No Deposit,243.0,0,Contract,57.8,0,0
Resort Hotel,0,399,2016,September,36,1,4,10,2,0.0,0,BB,GBR,Offline TA/TO,TA/TO,0,0,0,A,A,3,No Deposit,40.0,0,Transient,57.54,0,0
Resort Hotel,1,282,2016,September,36,1,4,10,2,0.0,0,BB,PRT,Online TA,TA/TO,0,0,0,A,A,0,No Deposit,240.0,0,Transient,81.0,0,1
Resort Hotel,0,332,2016,September,36,1,4,10,2,0.0,0,BB,GBR,Offline TA/TO,TA/TO,0,0,0,D,D,0,No Deposit,40.0,0,Transient,70.0,0,0
Resort Hotel,1,52,2016,September,36,2,0,1,2,0.0,0,BB,PRT,Online TA,TA/TO,0,0,0,A,A,2,No Deposit,240.0,0,Transient,189.0,0,2
Resort Hotel,1,138,2016,September,36,2,0,2,2,0.0,0,BB,PRT,Online TA,TA/TO,0,0,0,F,F,0,No Deposit,242.0,0,Transient,179.0,0,2
Resort Hotel,1,19,2016,September,36,2,0,2,2,0.0,0,HB,ESP,Direct,Direct,0,0,0,G,G,1,No Deposit,250.0,0,Transient,227.1,0,0
Resort Hotel,1,73,2016,September,36,2,0,1,2,0.0,0,BB,GBR,Online TA,TA/TO,0,0,0,E,E,1,No Deposit,240.0,0,Transient,169.0,0,0
Resort Hotel,1,65,2016,September,36,2,0,2,2,0.0,0,HB,ESP,Online TA,TA/TO,0,0,0,D,D,0,No Deposit,240.0,0,Transient,186.0,0,0
Resort Hotel,1,138,2016,September,36,2,0,2,2,0.0,0,BB,PRT,Online TA,TA/TO,0,0,0,F,F,0,No Deposit,242.0,0,Transient,179.0,0,2
Resort Hotel,1,30,2016,September,36,2,0,2,2,0.0,0,HB,ESP,Online TA,TA/TO,0,0,0,D,D,0,No Deposit,240.0,0,Transient,221.0,0,1
Resort Hotel,1,36,2016,September,36,2,1,2,2,0.0,0,BB,IRL,Online TA,TA/TO,0,0,0,A,A,0,No Deposit,240.0,0,Transient,169.0,0,1
Resort Hotel,1,241,2016,September,36,2,2,5,2,0.0,0,BB,PRT,Online TA,TA/TO,0,0,0,E,E,0,No Deposit,240.0,0,Transient,108.0,0,0
Resort Hotel,1,205,2016,September,36,2,2,5,2,0.0,0,BB,PRT,Online TA,TA/TO,0,0,0,E,E,0,No Deposit,240.0,0,Transient,161.0,0,1
Resort Hotel,1,156,2016,September,36,2,2,5,2,0.0,0,BB,PRT,Offline TA/TO,TA/TO,0,0,0,E,E,0,No Deposit,171.0,0,Transient,98.0,0,0
Resort Hotel,0,316,2016,September,36,2,2,5,2,0.0,0,BB,EST,Offline TA/TO,TA/TO,0,0,0,E,E,0,No Deposit,171.0,0,Transient,88.2,0,0
Resort Hotel,0,265,2016,September,36,2,2,5,2,0.0,0,HB,LTU,Offline TA/TO,TA/TO,0,0,0,A,I,0,No Deposit,171.0,0,Transient,100.0,0,0
Resort Hotel,0,315,2016,September,36,2,2,5,2,0.0,0,BB,GBR,Offline TA/TO,TA/TO,0,0,0,A,A,0,No Deposit,436.0,0,Transient,64.8,0,0
Resort Hotel,1,315,2016,September,36,2,2,5,2,0.0,0,BB,PRT,Offline TA/TO,TA/TO,0,0,0,E,E,0,No Deposit,314.0,0,Transient,86.4,0,0
Resort Hotel,0,346,2016,September,36,2,2,5,2,0.0,0,BB,GBR,Offline TA/TO,TA/TO,0,0,0,A,A,0,No Deposit,40.0,0,Contract,59.8,0,0
Resort Hotel,0,315,2016,September,36,2,2,5,2,0.0,0,BB,GBR,Offline TA/TO,TA/TO,0,0,0,E,E,0,No Deposit,314.0,0,Transient,86.4,0,0
Resort Hotel,0,322,2016,September,36,2,2,5,2,0.0,0,HB,LTU,Offline TA/TO,TA/TO,0,0,0,A,A,0,No Deposit,171.0,0,Transient,90.8,0,0
Resort Hotel,0,265,2016,September,36,2,2,5,2,0.0,0,HB,LTU,Offline TA/TO,TA/TO,0,0,0,A,A,0,No Deposit,171.0,0,Transient,101.43,0,0
Resort Hotel,1,156,2016,September,36,2,2,5,2,0.0,0,BB,PRT,Offline TA/TO,TA/TO,0,0,0,E,E,0,No Deposit,171.0,0,Transient,98.0,0,0
Resort Hotel,1,241,2016,September,36,2,2,5,2,0.0,0,BB,PRT,Online TA,TA/TO,0,0,0,D,D,0,No Deposit,240.0,0,Transient,90.0,0,0
Resort Hotel,0,265,2016,September,36,2,2,5,2,0.0,0,HB,LTU,Offline TA/TO,TA/TO,0,0,0,A,I,0,No Deposit,171.0,0,Transient,100.0,0,0
Resort Hotel,1,241,2016,September,36,2,2,5,2,0.0,0,BB,PRT,Online TA,TA/TO,0,0,0,D,D,0,No Deposit,240.0,0,Transient,90.0,0,0
Resort Hotel,1,315,2016,September,36,2,2,5,2,0.0,0,BB,PRT,Offline TA/TO,TA/TO,0,0,0,A,A,0,No Deposit,115.0,0,Transient,64.8,0,0
Resort Hotel,0,361,2016,September,36,2,2,5,2,0.0,0,BB,GBR,Offline TA/TO,TA/TO,0,0,0,A,A,0,No Deposit,40.0,0,Contract,57.8,0,0
Resort Hotel,1,20,2016,September,36,3,2,2,2,0.0,0,BB,GBR,Direct,Direct,0,0,0,F,F,0,No Deposit,250.0,0,Transient,179.1,0,0
Resort Hotel,1,262,2016,September,36,3,2,2,2,0.0,0,BB,PRT,Online TA,TA/TO,0,0,0,A,A,0,No Deposit,240.0,0,Transient,81.0,0,2
Resort Hotel,1,262,2016,September,36,3,2,2,2,0.0,0,BB,PRT,Online TA,TA/TO,0,0,0,A,A,0,No Deposit,240.0,0,Transient,81.0,0,2
Resort Hotel,0,341,2016,September,36,3,2,5,2,0.0,0,HB,GBR,Offline TA/TO,TA/TO,0,0,0,A,B,2,No Deposit,40.0,0,Contract,87.8,0,1
Resort Hotel,1,235,2016,September,36,3,2,5,2,0.0,0,BB,PRT,Online TA,TA/TO,0,0,0,E,E,0,No Deposit,240.0,0,Transient,108.0,0,1
Resort Hotel,0,304,2016,September,36,3,3,6,2,0.0,0,HB,PRT,Online TA,TA/TO,0,0,0,A,A,0,No Deposit,240.0,0,Transient,120.0,0,1
Resort Hotel,1,83,2016,September,37,4,1,0,2,0.0,0,BB,BEL,Online TA,TA/TO,0,0,0,D,D,0,No Deposit,240.0,0,Transient,154.0,0,0
Resort Hotel,1,170,2016,September,37,4,2,3,2,0.0,0,BB,PRT,Online TA,TA/TO,0,0,0,A,A,0,No Deposit,241.0,0,Transient,101.68,0,0
Resort Hotel,1,170,2016,September,37,4,2,3,2,0.0,0,BB,PRT,Offline TA/TO,TA/TO,0,0,0,A,A,0,No Deposit,181.0,0,Transient,107.2,0,0
Resort Hotel,1,237,2016,September,37,4,2,3,2,0.0,0,HB,PRT,Offline TA/TO,TA/TO,0,0,0,D,D,0,No Deposit,147.0,0,Transient,89.3,0,0
Resort Hotel,1,171,2016,September,37,4,2,5,2,0.0,0,BB,GBR,Online TA,TA/TO,0,0,0,A,A,2,No Deposit,240.0,0,Transient,139.0,0,0
Resort Hotel,1,283,2016,September,37,4,2,5,2,0.0,0,BB,PRT,Offline TA/TO,TA/TO,0,0,0,A,A,0,No Deposit,6.0,0,Transient,64.8,0,0
Resort Hotel,0,373,2016,September,37,4,4,6,2,0.0,0,BB,PRT,Offline TA/TO,TA/TO,0,0,0,D,D,0,No Deposit,,0,Transient,105.02,0,0
Resort Hotel,1,361,2016,September,37,4,4,6,2,0.0,0,HB,PRT,Offline TA/TO,TA/TO,0,0,0,D,D,1,No Deposit,171.0,0,Transient,108.91,0,0
Resort Hotel,1,347,2016,September,37,4,4,6,2,0.0,0,BB,PRT,Offline TA/TO,TA/TO,0,0,0,E,E,0,No Deposit,40.0,0,Contract,83.3,0,1
Resort Hotel,1,223,2016,September,37,5,1,4,2,0.0,0,BB,PRT,Online TA,TA/TO,0,0,0,D,D,0,No Deposit,240.0,0,Transient,100.0,0,1
Resort Hotel,1,183,2016,September,37,5,1,5,2,0.0,0,BB,CN,Online TA,TA/TO,0,0,0,D,D,0,No Deposit,240.0,0,Transient,146.0,0,0
Resort Hotel,1,183,2016,September,37,5,1,5,2,0.0,0,BB,CN,Online TA,TA/TO,0,0,0,D,D,0,No Deposit,240.0,0,Transient,146.0,0,0
Resort Hotel,1,364,2016,September,37,5,3,7,2,0.0,0,FB,PRT,Offline TA/TO,TA/TO,0,0,0,D,E,1,No Deposit,40.0,0,Contract,94.0,0,0
Resort Hotel,1,203,2016,September,37,5,3,7,2,0.0,0,Undefined,PRT,Offline TA/TO,TA/TO,0,0,0,D,D,0,No Deposit,40.0,0,Transient,118.0,0,0
Resort Hotel,0,338,2016,September,37,5,3,7,2,0.0,0,HB,GBR,Offline TA/TO,TA/TO,0,0,0,D,D,0,No Deposit,40.0,0,Contract,96.0,0,0
Resort Hotel,1,235,2016,September,37,5,3,8,2,0.0,0,BB,PRT,Online TA,TA/TO,0,0,0,D,D,0,No Deposit,240.0,0,Transient,90.0,0,1
Resort Hotel,0,301,2016,September,37,5,4,10,2,0.0,0,FB,POL,Offline TA/TO,TA/TO,0,0,0,E,E,1,No Deposit,315.0,0,Transient,130.5,0,0
Resort Hotel,0,301,2016,September,37,5,4,10,2,0.0,0,HB,POL,Offline TA/TO,TA/TO,0,0,0,A,A,0,No Deposit,315.0,0,Transient,77.85,0,0
Resort Hotel,1,168,2016,September,37,6,0,1,2,0.0,0,BB,JEY,Online TA,TA/TO,0,0,0,D,D,1,No Deposit,240.0,0,Transient,166.0,0,1
Resort Hotel,1,217,2016,September,37,6,2,5,2,0.0,0,BB,PRT,Online TA,TA/TO,0,0,0,D,D,0,No Deposit,240.0,0,Transient,100.0,0,1
Resort Hotel,1,144,2016,September,37,6,2,5,2,0.0,0,BB,IRL,Online TA,TA/TO,0,0,0,A,A,0,No Deposit,240.0,0,Transient,139.0,0,0
Resort Hotel,1,242,2016,September,37,6,2,5,2,0.0,0,BB,PRT,Online TA,TA/TO,0,0,0,A,A,0,No Deposit,240.0,0,Transient,81.0,0,1
Resort Hotel,0,354,2016,September,37,6,2,6,2,0.0,0,HB,GBR,Offline TA/TO,TA/TO,0,0,0,E,E,0,No Deposit,,0,Transient,142.55,1,1
Resort Hotel,0,305,2016,September,37,6,2,8,2,0.0,0,BB,GBR,Offline TA/TO,TA/TO,0,0,0,D,D,1,No Deposit,40.0,0,Transient,62.9,0,0
Resort Hotel,1,235,2016,September,37,6,2,10,2,0.0,0,BB,PRT,Online TA,TA/TO,0,0,0,D,D,0,No Deposit,240.0,0,Transient,99.17,0,1
Resort Hotel,1,1,2016,September,37,7,0,3,2,0.0,0,BB,FRA,Online TA,TA/TO,0,0,0,A,A,0,No Deposit,240.0,0,Transient,171.0,0,0
Resort Hotel,0,348,2016,September,37,7,2,5,2,0.0,0,HB,GBR,Offline TA/TO,TA/TO,0,0,0,A,A,2,No Deposit,40.0,0,Transient,87.8,0,0
Resort Hotel,1,29,2016,September,37,7,2,6,2,0.0,0,BB,PRT,Direct,Direct,0,0,0,E,D,0,No Deposit,,0,Transient,159.0,0,2
Resort Hotel,1,314,2016,September,37,7,2,7,2,0.0,0,BB,PRT,Online TA,TA/TO,0,0,0,D,D,0,No Deposit,240.0,0,Transient,90.0,0,1
Resort Hotel,1,208,2016,September,37,7,2,5,2,0.0,0,BB,PRT,Online TA,TA/TO,0,0,0,D,D,0,No Deposit,240.0,0,Transient,134.0,0,1
Resort Hotel,0,385,2016,September,37,7,4,10,2,0.0,0,BB,GBR,Offline TA/TO,TA/TO,0,0,0,E,E,1,No Deposit,40.0,0,Contract,78.36,0,0
Resort Hotel,0,355,2016,September,37,7,4,10,2,0.0,0,HB,GBR,Offline TA/TO,TA/TO,0,0,0,D,D,0,No Deposit,40.0,0,Contract,92.9,0,0
Resort Hotel,1,27,2016,September,37,8,0,2,2,0.0,0,BB,PRT,Direct,Direct,0,0,0,A,A,1,No Deposit,250.0,0,Transient,88.29,0,1
Resort Hotel,1,13,2016,September,37,8,0,3,2,0.0,0,BB,CHE,Direct,Direct,0,0,0,A,A,0,No Deposit,250.0,0,Transient,161.0,0,0
Resort Hotel,1,145,2016,September,37,8,0,3,2,0.0,0,BB,ESP,Online TA,TA/TO,0,0,0,A,A,0,No Deposit,240.0,0,Transient,139.0,0,2
Resort Hotel,1,218,2016,September,37,8,1,3,2,0.0,0,BB,PRT,Online TA,TA/TO,0,0,0,E,E,0,No Deposit,240.0,0,Transient,120.0,0,1
Resort Hotel,1,293,2016,September,37,8,2,3,2,0.0,0,BB,PRT,Online TA,TA/TO,0,0,0,D,D,0,No Deposit,240.0,0,Transient,90.0,0,1
Resort Hotel,1,244,2016,September,37,8,2,4,2,0.0,0,BB,PRT,Online TA,TA/TO,0,0,0,D,D,0,No Deposit,240.0,0,Transient,90.0,0,1
Resort Hotel,0,363,2016,September,37,8,2,5,2,0.0,0,BB,GBR,Online TA,TA/TO,0,0,0,G,G,0,No Deposit,241.0,0,Transient,112.48,1,0
Resort Hotel,1,360,2016,September,37,8,2,6,2,0.0,0,HB,PRT,Online TA,TA/TO,0,0,0,A,A,1,No Deposit,240.0,0,Transient,120.0,0,2
Resort Hotel,1,241,2016,September,37,8,2,8,2,0.0,0,HB,PRT,Online TA,TA/TO,0,0,0,A,A,0,No Deposit,240.0,0,Transient,118.0,0,0
Resort Hotel,0,358,2016,September,37,8,4,10,2,0.0,0,BB,GBR,Offline TA/TO,TA/TO,0,0,0,A,A,0,No Deposit,40.0,0,Contract,53.85,0,1
Resort Hotel,1,311,2016,September,37,8,4,10,2,0.0,0,BB,PRT,Offline TA/TO,TA/TO,0,0,0,A,A,0,No Deposit,171.0,0,Transient,85.11,0,0
Resort Hotel,1,3,2016,September,37,9,0,1,2,0.0,0,BB,PRT,Direct,Direct,0,0,0,A,A,0,No Deposit,,0,Transient,100.0,0,0
Resort Hotel,1,10,2016,September,37,9,0,2,2,0.0,0,HB,PRT,Online TA,TA/TO,0,0,0,A,A,0,No Deposit,240.0,0,Transient,191.0,0,0
Resort Hotel,1,43,2016,September,37,9,0,2,2,0.0,0,BB,ESP,Online TA,TA/TO,0,0,0,A,A,0,No Deposit,240.0,0,Transient,159.0,0,0
Resort Hotel,0,233,2016,September,37,9,0,0,2,0.0,0,HB,PRT,Offline TA/TO,TA/TO,0,0,0,D,I,0,No Deposit,315.0,0,Transient,0.0,0,0
Resort Hotel,1,38,2016,September,37,9,2,4,2,0.0,0,BB,PRT,Online TA,TA/TO,0,0,0,A,A,0,No Deposit,240.0,0,Transient,145.67,0,2
Resort Hotel,0,333,2016,September,37,9,2,5,2,0.0,0,BB,GBR,Offline TA/TO,TA/TO,0,0,0,A,A,0,No Deposit,2.0,0,Contract,51.85,0,0
Resort Hotel,1,163,2016,September,37,9,2,5,2,0.0,0,BB,PRT,Offline TA/TO,TA/TO,0,0,0,E,E,0,No Deposit,171.0,0,Transient,98.0,0,0
Resort Hotel,1,219,2016,September,37,10,0,1,2,0.0,0,BB,PRT,Direct,Direct,0,0,0,E,E,0,No Deposit,250.0,0,Transient,115.0,0,1
Resort Hotel,1,219,2016,September,37,10,0,1,2,0.0,0,BB,PRT,Direct,Direct,0,0,0,E,E,0,No Deposit,250.0,0,Transient,115.0,0,1
Resort Hotel,1,219,2016,September,37,10,0,1,2,0.0,0,BB,PRT,Direct,Direct,0,0,0,E,E,0,No Deposit,250.0,0,Transient,115.0,0,1
Resort Hotel,1,219,2016,September,37,10,0,1,2,0.0,0,BB,PRT,Direct,Direct,0,0,0,E,E,0,No Deposit,250.0,0,Transient,115.0,0,1
Resort Hotel,1,129,2016,September,37,10,2,2,2,0.0,0,HB,PRT,Online TA,TA/TO,0,0,0,A,A,1,No Deposit,314.0,0,Transient,133.2,0,0
Resort Hotel,1,228,2016,September,37,10,2,2,2,0.0,0,BB,PRT,Offline TA/TO,TA/TO,0,0,0,A,A,0,No Deposit,96.0,0,Transient,61.2,0,0
Resort Hotel,1,57,2016,September,37,10,2,3,2,0.0,0,BB,ESP,Online TA,TA/TO,0,0,0,A,A,0,No Deposit,240.0,0,Transient,133.0,0,0
Resort Hotel,1,57,2016,September,37,10,2,3,2,0.0,0,BB,ESP,Online TA,TA/TO,0,0,0,A,A,0,No Deposit,240.0,0,Transient,133.0,0,0
Resort Hotel,0,311,2016,September,37,10,2,5,2,0.0,0,HB,ESP,Offline TA/TO,TA/TO,0,0,0,A,A,1,No Deposit,143.0,0,Transient,73.95,0,0
Resort Hotel,0,338,2016,September,37,10,2,5,2,0.0,0,HB,GBR,Offline TA/TO,TA/TO,0,0,0,A,A,0,No Deposit,143.0,0,Transient,75.95,0,2
Resort Hotel,1,214,2016,September,37,10,2,5,2,0.0,0,BB,PRT,Offline TA/TO,TA/TO,0,0,0,E,E,0,No Deposit,8.0,0,Transient,85.62,0,0
Resort Hotel,1,118,2016,September,37,10,2,5,2,0.0,0,BB,PRT,Online TA,TA/TO,0,0,0,A,A,0,No Deposit,240.0,0,Transient,130.43,0,0
Resort Hotel,0,305,2016,September,37,10,4,6,2,0.0,0,BB,IRL,Offline TA/TO,TA/TO,0,0,0,D,D,0,No Deposit,171.0,0,Transient,74.72,0,0
Resort Hotel,1,247,2016,September,37,10,4,6,2,0.0,0,HB,PRT,Offline TA/TO,TA/TO,0,0,0,D,D,0,No Deposit,143.0,0,Transient,90.1,0,0
Resort Hotel,1,33,2016,September,38,11,1,0,2,0.0,0,BB,PRT,Direct,Direct,0,0,0,E,E,0,No Deposit,250.0,0,Transient,143.1,0,0
Resort Hotel,0,311,2016,September,38,11,1,0,2,0.0,0,BB,GBR,Online TA,TA/TO,0,0,0,E,E,0,No Deposit,242.0,0,Transient,120.0,1,0
Resort Hotel,1,125,2016,September,38,11,2,1,2,0.0,0,BB,PRT,Direct,Direct,0,0,0,F,F,0,No Deposit,250.0,0,Transient,181.0,0,0
Resort Hotel,1,88,2016,September,38,11,2,1,2,0.0,0,BB,CHE,Online TA,TA/TO,0,0,0,E,E,0,No Deposit,240.0,0,Transient,148.4,0,0
Resort Hotel,1,17,2016,September,38,11,2,2,2,0.0,0,BB,ESP,Direct,Direct,0,0,0,F,F,0,No Deposit,250.0,0,Transient,171.0,0,2
Resort Hotel,1,47,2016,September,38,11,2,2,2,0.0,0,BB,ESP,Online TA,TA/TO,0,0,0,D,D,0,No Deposit,240.0,0,Transient,146.78,0,2
Resort Hotel,1,60,2016,September,38,11,2,2,2,0.0,0,BB,BRA,Online TA,TA/TO,0,0,0,A,A,0,No Deposit,240.0,0,Transient,127.75,0,1
Resort Hotel,1,34,2016,September,38,11,2,2,2,0.0,0,BB,AUT,Online TA,TA/TO,0,0,0,A,C,1,No Deposit,240.0,0,Transient,129.0,0,2
Resort Hotel,1,195,2016,September,38,11,2,2,2,0.0,0,BB,PRT,Online TA,TA/TO,0,0,0,A,A,1,No Deposit,240.0,0,Transient,119.0,0,1
Resort Hotel,1,111,2016,September,38,11,2,2,2,0.0,0,BB,ESP,Online TA,TA/TO,0,0,0,A,A,1,No Deposit,240.0,0,Transient,129.0,0,0
Resort Hotel,1,91,2016,September,38,11,2,2,2,0.0,0,BB,ESP,Online TA,TA/TO,0,0,0,A,A,0,No Deposit,240.0,0,Transient,119.0,0,0
Resort Hotel,1,69,2016,September,38,11,2,2,2,0.0,0,BB,PRT,Online TA,TA/TO,0,0,0,A,A,0,No Deposit,241.0,0,Transient,102.25,0,0
Resort Hotel,1,55,2016,September,38,11,2,2,2,0.0,0,BB,PRT,Direct,Direct,0,0,0,A,A,0,No Deposit,,0,Transient,114.9,0,0
Resort Hotel,1,26,2016,September,38,11,2,2,2,0.0,0,BB,ESP,Direct,Direct,0,0,0,F,F,0,No Deposit,250.0,0,Transient,169.0,0,0
Resort Hotel,1,47,2016,September,38,11,2,2,2,0.0,0,BB,ESP,Online TA,TA/TO,0,0,0,D,D,0,No Deposit,240.0,0,Transient,158.78,0,2
Resort Hotel,1,69,2016,September,38,11,2,2,2,0.0,0,BB,ESP,Online TA,TA/TO,0,0,0,D,D,1,No Deposit,240.0,0,Transient,119.65,0,0
Resort Hotel,1,118,2016,September,38,11,2,4,2,0.0,0,BB,DEU,Online TA,TA/TO,0,0,0,A,A,0,No Deposit,240.0,0,Transient,129.0,0,0
Resort Hotel,1,244,2016,September,38,11,2,5,2,0.0,0,BB,PRT,Online TA,TA/TO,0,0,0,D,D,0,No Deposit,240.0,0,Transient,88.71,0,0
Resort Hotel,1,333,2016,September,38,12,1,1,2,0.0,0,BB,PRT,Online TA,TA/TO,0,0,0,G,G,0,No Deposit,242.0,0,Transient,130.5,0,1
Resort Hotel,1,332,2016,September,38,12,1,1,2,0.0,0,BB,PRT,Online TA,TA/TO,0,0,0,F,F,0,No Deposit,242.0,0,Transient,117.0,0,0
Resort Hotel,1,24,2016,September,38,12,1,2,2,0.0,0,HB,ESP,Online TA,TA/TO,0,0,0,A,A,0,No Deposit,240.0,0,Transient,173.0,0,1
Resort Hotel,1,174,2016,September,38,12,2,5,2,0.0,0,BB,PRT,Offline TA/TO,TA/TO,0,0,0,A,A,0,No Deposit,327.0,0,Transient,64.8,0,0
Resort Hotel,1,296,2016,September,38,12,2,5,2,0.0,0,BB,PRT,Offline TA/TO,TA/TO,0,0,0,E,E,0,No Deposit,6.0,0,Transient,85.11,0,0
Resort Hotel,1,175,2016,September,38,12,2,5,2,0.0,0,BB,ROU,Online TA,TA/TO,0,0,0,D,D,0,No Deposit,240.0,0,Transient,148.29,0,0
Resort Hotel,1,271,2016,September,38,12,3,7,2,0.0,0,BB,PRT,Online TA,TA/TO,0,0,0,D,D,0,No Deposit,240.0,0,Transient,87.3,0,1
Resort Hotel,1,272,2016,September,38,12,3,7,2,0.0,0,BB,PRT,Online TA,TA/TO,0,0,0,E,E,0,No Deposit,240.0,0,Transient,102.6,0,1
Resort Hotel,0,390,2016,September,38,12,3,7,2,0.0,0,BB,GBR,Offline TA/TO,TA/TO,0,0,0,A,A,0,No Deposit,40.0,0,Contract,53.85,0,0
Resort Hotel,0,236,2016,September,38,12,2,5,2,0.0,0,BB,POL,Offline TA/TO,TA/TO,0,0,0,E,E,0,No Deposit,315.0,0,Transient,76.5,0,0
Resort Hotel,0,390,2016,September,38,12,4,10,2,0.0,0,BB,GBR,Offline TA/TO,TA/TO,0,0,0,A,A,1,No Deposit,40.0,0,Contract,53.85,0,0
Resort Hotel,1,245,2016,September,38,12,5,10,2,0.0,0,BB,PRT,Online TA,TA/TO,0,0,0,E,E,0,No Deposit,240.0,0,Transient,101.4,0,0
Resort Hotel,1,15,2016,September,38,13,0,2,2,0.0,0,BB,ESP,Online TA,TA/TO,0,0,0,A,A,1,No Deposit,240.0,0,Transient,129.0,0,1
Resort Hotel,1,15,2016,September,38,13,0,2,2,0.0,0,BB,ESP,Online TA,TA/TO,0,0,0,A,A,1,No Deposit,240.0,0,Transient,129.0,0,1
Resort Hotel,1,193,2016,September,38,13,0,3,2,0.0,0,BB,NLD,Online TA,TA/TO,0,0,0,E,E,0,No Deposit,240.0,0,Transient,149.0,0,0
Resort Hotel,1,251,2016,September,38,13,0,5,2,0.0,0,BB,PRT,Online TA,TA/TO,0,0,0,A,A,0,No Deposit,240.0,0,Transient,77.4,0,3
Resort Hotel,0,334,2016,September,38,13,2,5,2,0.0,0,BB,GBR,Groups,Direct,0,0,0,A,A,2,No Deposit,,0,Transient-Party,69.43,0,0
Resort Hotel,1,239,2016,September,38,13,2,6,2,0.0,0,HB,PRT,Offline TA/TO,TA/TO,0,0,0,D,D,0,No Deposit,156.0,0,Transient,98.0,0,1
Resort Hotel,0,356,2016,September,38,13,2,8,2,0.0,0,HB,GBR,Offline TA/TO,TA/TO,0,0,0,D,D,0,No Deposit,40.0,0,Transient,90.9,0,0
Resort Hotel,1,0,2016,September,38,14,0,1,2,0.0,0,BB,PRT,Direct,Direct,0,0,0,F,F,0,No Deposit,,0,Transient,8.0,0,0
Resort Hotel,1,0,2016,September,38,14,0,1,2,0.0,0,BB,PRT,Direct,Direct,0,0,0,E,E,0,No Deposit,,0,Transient,8.0,0,0
Resort Hotel,0,327,2016,September,38,14,0,4,2,0.0,0,BB,IRL,Groups,TA/TO,0,0,0,A,D,1,No Deposit,201.0,0,Transient-Party,59.4,0,0
Resort Hotel,0,327,2016,September,38,14,0,4,2,0.0,0,BB,IRL,Groups,TA/TO,0,0,0,A,C,0,No Deposit,201.0,0,Transient-Party,61.4,0,0
Resort Hotel,0,327,2016,September,38,14,0,4,2,0.0,0,BB,IRL,Groups,TA/TO,0,0,0,A,A,1,No Deposit,201.0,0,Transient-Party,61.4,0,0
Resort Hotel,0,327,2016,September,38,14,0,4,2,0.0,0,BB,IRL,Groups,TA/TO,0,0,0,A,C,0,No Deposit,201.0,0,Transient-Party,61.4,0,0
Resort Hotel,0,327,2016,September,38,14,0,4,2,0.0,0,BB,IRL,Groups,TA/TO,0,0,0,A,D,0,No Deposit,201.0,0,Transient,59.4,0,0
Resort Hotel,0,327,2016,September,38,14,0,4,2,0.0,0,BB,IRL,Groups,TA/TO,0,0,0,A,C,1,No Deposit,201.0,0,Transient-Party,61.4,0,0
Resort Hotel,1,193,2016,September,38,14,1,4,2,0.0,0,BB,POL,Online TA,TA/TO,0,0,0,D,D,2,No Deposit,240.0,0,Transient,134.0,0,1
Resort Hotel,0,229,2016,September,38,14,1,4,2,0.0,0,BB,GBR,Online TA,TA/TO,0,0,0,E,I,0,No Deposit,240.0,0,Transient,114.0,0,1
Resort Hotel,0,335,2016,September,38,14,1,4,2,0.0,0,BB,GBR,Groups,Direct,0,0,0,A,A,2,No Deposit,,0,Transient-Party,76.4,1,0
Resort Hotel,0,335,2016,September,38,14,2,4,2,0.0,0,BB,GBR,Groups,Direct,0,0,0,A,A,1,No Deposit,,0,Transient-Party,71.0,1,0
Resort Hotel,0,335,2016,September,38,14,2,4,2,0.0,0,BB,GBR,Groups,Direct,0,0,0,A,A,2,No Deposit,,0,Transient-Party,68.0,0,0
Resort Hotel,0,335,2016,September,38,14,2,5,2,0.0,0,BB,GBR,Groups,Direct,0,0,0,A,A,1,No Deposit,,0,Transient-Party,78.0,1,0
Resort Hotel,0,327,2016,September,38,14,0,4,2,0.0,0,BB,IRL,Groups,TA/TO,0,0,0,A,D,1,No Deposit,201.0,0,Transient-Party,61.4,0,0
Resort Hotel,0,336,2016,September,38,15,0,3,2,0.0,0,BB,GBR,Groups,Direct,0,0,0,A,A,0,No Deposit,,0,Transient-Party,66.0,0,0
Resort Hotel,0,336,2016,September,38,15,0,3,2,0.0,0,BB,GBR,Groups,Direct,0,0,0,A,E,0,No Deposit,,0,Transient-Party,66.0,0,0
Resort Hotel,1,130,2016,September,38,15,0,3,2,0.0,0,BB,GBR,Online TA,TA/TO,0,0,0,A,A,0,No Deposit,240.0,0,Transient,164.0,0,0
Resort Hotel,0,336,2016,September,38,15,0,3,2,0.0,0,BB,GBR,Groups,Direct,0,0,0,A,E,0,No Deposit,,0,Transient-Party,68.0,0,0
Resort Hotel,0,336,2016,September,38,15,0,3,2,0.0,0,BB,GBR,Groups,Direct,0,0,0,A,A,0,No Deposit,,0,Transient-Party,66.0,0,0
Resort Hotel,0,336,2016,September,38,15,0,3,2,0.0,0,BB,GBR,Groups,Direct,0,0,0,A,E,0,No Deposit,,0,Transient-Party,70.0,0,0
Resort Hotel,0,336,2016,September,38,15,0,3,2,0.0,0,BB,GBR,Groups,Direct,0,0,0,A,D,0,No Deposit,,0,Transient-Party,74.0,0,0
Resort Hotel,0,336,2016,September,38,15,0,3,2,0.0,0,BB,GBR,Groups,Direct,0,0,0,A,E,0,No Deposit,,0,Transient-Party,78.0,1,0
Resort Hotel,0,336,2016,September,38,15,0,3,2,0.0,0,BB,GBR,Groups,Direct,0,0,0,A,A,2,No Deposit,,0,Transient-Party,68.0,0,0
Resort Hotel,1,336,2016,September,38,15,0,3,2,0.0,0,BB,PRT,Groups,Direct,0,0,0,A,A,0,No Deposit,,0,Transient-Party,66.0,0,0
Resort Hotel,0,336,2016,September,38,15,0,3,2,0.0,0,BB,GBR,Groups,Direct,0,0,0,A,E,0,No Deposit,,0,Transient-Party,74.0,0,0
Resort Hotel,0,336,2016,September,38,15,0,3,2,0.0,0,BB,GBR,Groups,Direct,0,0,0,A,E,0,No Deposit,,0,Transient-Party,74.0,1,0
Resort Hotel,0,336,2016,September,38,15,0,3,2,0.0,0,BB,GBR,Groups,Direct,0,0,0,A,A,0,No Deposit,,0,Transient-Party,66.0,0,0
Resort Hotel,0,336,2016,September,38,15,0,3,2,0.0,0,BB,GBR,Groups,Direct,0,0,0,A,E,0,No Deposit,,0,Transient-Party,66.0,0,0
Resort Hotel,0,336,2016,September,38,15,0,3,2,0.0,0,BB,GBR,Groups,Direct,0,0,0,A,A,0,No Deposit,,0,Transient-Party,74.0,0,0
Resort Hotel,1,130,2016,September,38,15,0,3,2,0.0,0,BB,GBR,Online TA,TA/TO,0,0,0,A,A,0,No Deposit,240.0,0,Transient,164.0,0,0
Resort Hotel,0,336,2016,September,38,15,1,3,2,0.0,0,BB,GBR,Groups,Direct,0,0,0,A,A,1,No Deposit,,0,Transient-Party,66.0,0,0
Resort Hotel,0,336,2016,September,38,15,1,3,2,0.0,0,BB,GBR,Groups,Direct,0,0,0,A,A,1,No Deposit,,0,Transient-Party,66.0,0,0
Resort Hotel,0,336,2016,September,38,15,1,3,2,0.0,0,BB,GBR,Groups,Direct,0,0,0,A,A,1,No Deposit,,0,Transient-Party,68.0,0,0
Resort Hotel,0,336,2016,September,38,15,1,3,2,0.0,0,BB,GBR,Groups,Direct,0,0,0,A,A,1,No Deposit,,0,Transient-Party,68.0,0,0
Resort Hotel,0,336,2016,September,38,15,1,3,2,0.0,0,BB,GBR,Groups,Direct,0,0,0,A,A,1,No Deposit,,0,Transient-Party,68.0,0,0
Resort Hotel,0,336,2016,September,38,15,2,3,2,0.0,0,BB,GBR,Groups,Direct,0,0,0,A,A,1,No Deposit,,0,Transient-Party,73.2,0,0
Resort Hotel,0,336,2016,September,38,15,2,3,2,0.0,0,BB,GBR,Groups,Direct,0,0,0,A,A,1,No Deposit,,0,Transient-Party,66.0,0,0
Resort Hotel,0,336,2016,September,38,15,2,3,2,0.0,0,BB,GBR,Groups,Direct,0,0,0,A,A,2,No Deposit,,0,Transient-Party,73.2,0,0
Resort Hotel,0,370,2016,September,38,15,4,10,2,0.0,0,BB,GBR,Offline TA/TO,TA/TO,0,0,0,E,E,0,No Deposit,40.0,0,Contract,78.5,0,3
Resort Hotel,1,261,2016,September,38,16,1,2,2,0.0,0,HB,PRT,Online TA,TA/TO,0,0,0,A,A,0,No Deposit,240.0,0,Transient,110.0,0,2
Resort Hotel,1,246,2016,September,38,16,1,2,2,0.0,0,BB,PRT,Online TA,TA/TO,0,0,0,E,E,0,No Deposit,240.0,0,Transient,99.0,0,1
Resort Hotel,1,261,2016,September,38,16,1,2,2,0.0,0,BB,PRT,Online TA,TA/TO,0,0,0,A,A,0,No Deposit,240.0,0,Transient,110.0,0,2
Resort Hotel,1,261,2016,September,38,16,1,2,2,0.0,0,BB,PRT,Online TA,TA/TO,0,0,0,A,A,1,No Deposit,240.0,0,Transient,72.0,0,2
Resort Hotel,0,363,2016,September,38,16,2,5,2,0.0,0,BB,GBR,Offline TA/TO,TA/TO,0,0,0,D,D,0,No Deposit,40.0,0,Transient,64.9,0,0
Resort Hotel,1,170,2016,September,38,16,2,5,2,0.0,0,BB,PRT,Offline TA/TO,TA/TO,0,0,0,E,E,0,No Deposit,171.0,0,Transient,90.0,0,0
Resort Hotel,0,350,2016,September,38,16,2,5,2,0.0,0,BB,GBR,Offline TA/TO,TA/TO,0,0,0,A,A,0,No Deposit,40.0,0,Transient,53.85,0,0
Resort Hotel,0,338,2016,September,38,16,2,5,2,0.0,0,HB,EST,Offline TA/TO,TA/TO,0,0,0,D,E,1,No Deposit,171.0,0,Transient,96.4,0,0
Resort Hotel,0,394,2016,September,38,16,2,5,2,0.0,0,HB,GBR,Offline TA/TO,TA/TO,0,0,0,D,D,1,No Deposit,40.0,0,Contract,92.9,0,0
Resort Hotel,1,242,2016,September,38,16,2,5,2,0.0,0,BB,PRT,Online TA,TA/TO,0,0,0,A,A,0,No Deposit,240.0,0,Transient,80.0,0,1
Resort Hotel,1,170,2016,September,38,16,2,5,2,0.0,0,BB,PRT,Offline TA/TO,TA/TO,0,0,0,D,D,0,No Deposit,171.0,0,Transient,76.0,0,0
Resort Hotel,1,255,2016,September,38,16,2,5,2,0.0,0,BB,PRT,Offline TA/TO,TA/TO,0,0,0,D,D,0,No Deposit,156.0,0,Transient,64.98,0,1
Resort Hotel,1,347,2016,September,38,16,4,7,2,0.0,0,HB,PRT,Online TA,TA/TO,0,0,0,G,G,0,No Deposit,241.0,0,Transient,221.07,0,0
Resort Hotel,1,7,2016,September,38,17,0,1,2,0.0,0,BB,ESP,Online TA,TA/TO,0,0,0,A,A,0,No Deposit,240.0,0,Transient,155.0,0,0
Resort Hotel,1,245,2016,September,38,17,2,2,2,0.0,0,BB,PRT,Online TA,TA/TO,0,0,0,D,D,0,No Deposit,240.0,0,Transient,95.0,0,2
Resort Hotel,1,245,2016,September,38,17,2,2,2,0.0,0,BB,PRT,Online TA,TA/TO,0,0,0,A,A,0,No Deposit,240.0,0,Transient,80.0,0,2
Resort Hotel,1,167,2016,September,38,17,2,5,2,0.0,0,BB,IRL,Online TA,TA/TO,0,0,0,A,A,0,No Deposit,240.0,0,Transient,106.43,0,0
Resort Hotel,1,33,2016,September,39,18,1,0,2,0.0,0,BB,PRT,Online TA,TA/TO,0,0,0,A,A,0,No Deposit,240.0,0,Transient,80.0,0,1
Resort Hotel,1,49,2016,September,39,18,2,0,2,0.0,0,BB,BRA,Online TA,TA/TO,0,0,0,A,A,0,No Deposit,240.0,0,Transient,80.0,0,1
Resort Hotel,1,29,2016,September,39,18,2,1,2,0.0,0,BB,GBR,Online TA,TA/TO,0,0,0,A,A,0,No Deposit,240.0,0,Transient,80.0,0,2
Resort Hotel,1,244,2016,September,39,18,2,1,2,0.0,0,HB,PRT,Online TA,TA/TO,0,0,0,E,E,1,No Deposit,240.0,0,Transient,140.0,0,1
Resort Hotel,1,55,2016,September,39,18,2,1,2,0.0,0,HB,PRT,Online TA,TA/TO,0,0,0,A,A,0,No Deposit,240.0,0,Transient,112.0,0,0
Resort Hotel,1,206,2016,September,39,18,2,2,2,0.0,0,BB,PRT,Online TA,TA/TO,0,0,0,D,D,0,No Deposit,240.0,0,Transient,104.75,0,1
Resort Hotel,1,53,2016,September,39,18,2,2,2,0.0,0,BB,GBR,Online TA,TA/TO,0,0,0,E,E,0,No Deposit,240.0,0,Transient,111.75,0,0
Resort Hotel,1,248,2016,September,39,18,2,5,2,0.0,0,BB,PRT,Online TA,TA/TO,0,0,0,D,D,0,No Deposit,240.0,0,Transient,85.5,0,1
Resort Hotel,1,128,2016,September,39,18,4,6,2,0.0,0,HB,PRT,Offline TA/TO,TA/TO,0,0,0,E,E,0,No Deposit,177.0,0,Transient,116.0,0,0
Resort Hotel,0,376,2016,September,39,18,4,10,2,0.0,0,BB,GBR,Offline TA/TO,TA/TO,0,0,0,D,D,0,No Deposit,40.0,0,Contract,48.75,0,0
Resort Hotel,0,376,2016,September,39,18,4,10,2,0.0,0,BB,GBR,Offline TA/TO,TA/TO,0,0,0,D,D,0,No Deposit,40.0,0,Contract,46.75,0,0
Resort Hotel,0,376,2016,September,39,18,4,10,2,0.0,0,BB,GBR,Offline TA/TO,TA/TO,0,0,0,D,D,0,No Deposit,40.0,0,Contract,46.75,0,0
Resort Hotel,0,375,2016,September,39,18,4,9,2,0.0,0,BB,GBR,Offline TA/TO,TA/TO,0,0,0,E,E,1,No Deposit,40.0,0,Contract,58.95,0,1
Resort Hotel,1,38,2016,September,39,19,1,1,2,0.0,0,BB,LUX,Online TA,TA/TO,0,0,0,A,A,0,No Deposit,240.0,0,Transient,92.0,0,2
Resort Hotel,1,33,2016,September,39,19,1,1,2,0.0,0,BB,CN,Online TA,TA/TO,0,0,0,A,A,0,No Deposit,240.0,0,Transient,80.0,0,1
Resort Hotel,1,60,2016,September,39,19,1,2,2,0.0,0,BB,TUR,Online TA,TA/TO,0,0,0,E,E,0,No Deposit,240.0,0,Transient,112.33,0,0
Resort Hotel,1,215,2016,September,39,19,1,2,2,0.0,0,HB,PRT,Online TA,TA/TO,0,0,0,A,A,0,No Deposit,240.0,0,Transient,112.0,0,1
Resort Hotel,1,60,2016,September,39,19,1,2,2,0.0,0,HB,TUR,Online TA,TA/TO,0,0,0,E,E,0,No Deposit,240.0,0,Transient,142.2,0,0
Resort Hotel,1,61,2016,September,39,19,1,2,2,0.0,0,BB,TUR,Online TA,TA/TO,0,0,0,E,E,0,No Deposit,240.0,0,Transient,122.33,0,1
Resort Hotel,1,196,2016,September,39,19,1,3,2,0.0,0,BB,PRT,Online TA,TA/TO,0,0,0,E,E,0,No Deposit,240.0,0,Transient,120.0,0,0
Resort Hotel,1,189,2016,September,39,19,1,3,2,0.0,0,BB,PRT,Direct,Direct,0,0,0,A,A,1,No Deposit,250.0,0,Transient,68.35,0,0
Resort Hotel,1,152,2016,September,39,19,1,3,2,0.0,0,BB,GBR,Online TA,TA/TO,0,0,0,A,A,0,No Deposit,240.0,0,Transient,89.0,0,0
Resort Hotel,1,76,2016,September,39,19,1,4,2,0.0,0,BB,HKG,Online TA,TA/TO,0,0,0,D,D,0,No Deposit,240.0,0,Transient,292.4,0,1
Resort Hotel,1,171,2016,September,39,19,1,5,2,0.0,0,BB,ESP,Online TA,TA/TO,0,0,0,A,A,0,No Deposit,240.0,0,Transient,92.33,0,2
Resort Hotel,1,252,2016,September,39,19,1,5,2,0.0,0,BB,PRT,Online TA,TA/TO,0,0,0,A,A,0,No Deposit,240.0,0,Transient,72.0,0,0
Resort Hotel,1,200,2016,September,39,19,1,5,2,0.0,0,BB,PRT,Online TA,TA/TO,0,0,0,A,A,0,No Deposit,240.0,0,Transient,90.0,0,1
Resort Hotel,1,199,2016,September,39,19,1,5,2,0.0,0,HB,PRT,Online TA,TA/TO,0,0,0,E,E,0,No Deposit,240.0,0,Transient,158.0,0,0
Resort Hotel,1,206,2016,September,39,19,1,5,2,0.0,0,BB,PRT,Online TA,TA/TO,0,0,0,A,A,0,No Deposit,240.0,0,Transient,80.0,0,1
Resort Hotel,1,243,2016,September,39,19,2,5,2,0.0,0,BB,PRT,Offline TA/TO,TA/TO,0,0,0,A,C,1,No Deposit,315.0,0,Transient,51.85,0,0
Resort Hotel,1,215,2016,September,39,19,2,5,2,0.0,0,BB,PRT,Online TA,TA/TO,0,0,0,D,D,0,No Deposit,240.0,0,Group,95.0,0,1
Resort Hotel,0,243,2016,September,39,19,2,5,2,0.0,0,BB,POL,Offline TA/TO,TA/TO,0,0,0,A,A,1,No Deposit,315.0,0,Transient,51.85,0,0
Resort Hotel,1,297,2016,September,39,19,2,5,2,0.0,0,HB,PRT,Offline TA/TO,TA/TO,0,0,0,D,D,0,No Deposit,315.0,0,Transient,88.9,0,1
Resort Hotel,1,243,2016,September,39,19,2,5,2,0.0,0,HB,PRT,Offline TA/TO,TA/TO,0,0,0,A,C,1,No Deposit,315.0,0,Transient,77.85,0,0
Resort Hotel,1,46,2016,September,39,19,1,0,2,0.0,0,BB,CYP,Online TA,TA/TO,0,0,0,A,A,0,No Deposit,240.0,0,Transient,92.0,0,0
Resort Hotel,1,42,2016,September,39,19,1,0,2,0.0,0,BB,AUT,Online TA,TA/TO,0,0,0,A,A,0,No Deposit,240.0,0,Transient,80.0,0,1
Resort Hotel,1,244,2016,September,39,20,2,5,2,0.0,0,BB,PRT,Online TA,TA/TO,0,0,0,A,A,0,No Deposit,240.0,0,Transient,80.0,0,1
Resort Hotel,0,328,2016,September,39,20,2,5,2,0.0,0,BB,GBR,Offline TA/TO,TA/TO,0,0,0,A,A,0,No Deposit,143.0,0,Transient,53.85,0,1
Resort Hotel,1,244,2016,September,39,20,2,5,2,0.0,0,BB,PRT,Online TA,TA/TO,0,0,0,A,A,1,No Deposit,240.0,0,Transient,90.0,0,2
Resort Hotel,1,244,2016,September,39,20,2,5,2,0.0,0,BB,PRT,Online TA,TA/TO,0,0,0,A,A,0,No Deposit,240.0,0,Transient,90.0,0,2
Resort Hotel,1,244,2016,September,39,20,2,5,2,0.0,0,BB,PRT,Online TA,TA/TO,0,0,0,A,A,1,No Deposit,240.0,0,Transient,80.0,0,1
Resort Hotel,1,244,2016,September,39,20,2,5,2,0.0,0,BB,PRT,Online TA,TA/TO,0,0,0,A,A,0,No Deposit,240.0,0,Transient,80.0,0,1
Resort Hotel,0,223,2016,September,39,20,2,5,2,0.0,0,BB,GBR,Offline TA/TO,TA/TO,0,0,0,D,D,0,No Deposit,143.0,0,Transient,68.6,0,1
Resort Hotel,1,244,2016,September,39,20,2,5,2,0.0,0,BB,PRT,Online TA,TA/TO,0,0,0,A,A,0,No Deposit,240.0,0,Transient,90.0,0,2
Resort Hotel,0,328,2016,September,39,20,2,5,2,0.0,0,BB,GBR,Offline TA/TO,TA/TO,0,0,0,A,A,0,No Deposit,143.0,0,Transient,51.85,0,1
Resort Hotel,1,244,2016,September,39,20,2,5,2,0.0,0,BB,PRT,Online TA,TA/TO,0,0,0,A,A,0,No Deposit,240.0,0,Transient,80.0,0,1
Resort Hotel,1,244,2016,September,39,20,2,5,2,0.0,0,BB,PRT,Online TA,TA/TO,0,0,0,A,A,0,No Deposit,240.0,0,Transient,90.0,0,2
Resort Hotel,1,244,2016,September,39,20,2,5,2,0.0,0,BB,PRT,Online TA,TA/TO,0,0,0,A,A,0,No Deposit,240.0,0,Transient,90.0,0,2
Resort Hotel,1,244,2016,September,39,20,2,5,2,0.0,0,BB,PRT,Online TA,TA/TO,0,0,0,A,A,0,No Deposit,240.0,0,Transient,80.0,0,1
Resort Hotel,0,328,2016,September,39,20,2,5,2,0.0,0,BB,GBR,Offline TA/TO,TA/TO,0,0,0,A,A,0,No Deposit,143.0,0,Transient,51.85,0,1
Resort Hotel,0,343,2016,September,39,21,0,4,2,0.0,0,HB,BEL,Corporate,Corporate,0,0,0,A,A,0,No Deposit,183.0,0,Transient-Party,92.0,0,0
Resort Hotel,0,343,2016,September,39,21,0,4,2,0.0,0,HB,BEL,Corporate,Corporate,0,0,0,A,A,0,No Deposit,183.0,0,Transient-Party,94.0,0,0
Resort Hotel,1,385,2016,September,39,21,0,4,2,0.0,0,BB,PRT,Groups,Direct,0,0,0,A,A,0,Non Refund,,0,Transient,66.0,0,0
Resort Hotel,1,385,2016,September,39,21,0,4,2,0.0,0,BB,PRT,Groups,Direct,0,0,0,A,A,0,Non Refund,,0,Transient,66.0,0,0
Resort Hotel,1,385,2016,September,39,21,0,4,2,0.0,0,BB,PRT,Groups,Direct,0,0,0,A,A,0,Non Refund,,0,Transient,66.0,0,0
Resort Hotel,0,397,2016,September,39,21,0,4,2,0.0,0,BB,CN,Offline TA/TO,TA/TO,0,0,0,A,A,0,No Deposit,96.0,0,Transient-Party,70.5,0,1
Resort Hotel,0,397,2016,September,39,21,0,4,2,0.0,0,BB,CN,Offline TA/TO,TA/TO,0,0,0,A,A,0,No Deposit,96.0,0,Transient-Party,72.5,0,1
Resort Hotel,1,385,2016,September,39,21,0,4,2,0.0,0,BB,PRT,Groups,Direct,0,0,0,A,A,0,Non Refund,,0,Transient,66.0,0,0
Resort Hotel,1,385,2016,September,39,21,0,4,2,0.0,0,BB,PRT,Groups,Direct,0,0,0,A,A,0,Non Refund,,0,Transient,66.0,0,0
Resort Hotel,1,385,2016,September,39,21,0,4,2,0.0,0,BB,PRT,Groups,Direct,0,0,0,A,A,0,Non Refund,,0,Transient,66.0,0,0
Resort Hotel,0,397,2016,September,39,21,0,4,2,0.0,0,BB,CN,Offline TA/TO,TA/TO,0,0,0,A,A,0,No Deposit,96.0,0,Transient-Party,70.5,0,1
Resort Hotel,1,385,2016,September,39,21,0,4,2,0.0,0,BB,PRT,Groups,Direct,0,0,0,A,A,0,Non Refund,,0,Transient,66.0,0,0
Resort Hotel,1,385,2016,September,39,21,0,4,2,0.0,0,BB,PRT,Groups,Direct,0,0,0,A,A,0,Non Refund,,0,Transient,66.0,0,0
Resort Hotel,0,397,2016,September,39,21,0,4,2,0.0,0,BB,CN,Offline TA/TO,TA/TO,0,0,0,A,A,0,No Deposit,96.0,0,Transient-Party,72.5,0,1
Resort Hotel,0,397,2016,September,39,21,0,4,2,0.0,0,BB,CN,Offline TA/TO,TA/TO,0,0,0,A,A,0,No Deposit,96.0,0,Transient-Party,70.5,0,1
Resort Hotel,0,343,2016,September,39,21,0,4,2,0.0,0,HB,BEL,Corporate,Corporate,0,0,0,A,C,0,No Deposit,183.0,0,Transient-Party,94.0,0,0
Resort Hotel,0,343,2016,September,39,21,0,4,2,0.0,0,HB,BEL,Corporate,Corporate,0,0,0,A,A,0,No Deposit,183.0,0,Transient-Party,92.0,0,0
Resort Hotel,0,343,2016,September,39,21,0,4,2,0.0,0,HB,BEL,Corporate,Corporate,0,0,0,A,A,0,No Deposit,183.0,0,Transient-Party,92.0,0,0
Resort Hotel,0,343,2016,September,39,21,0,4,2,0.0,0,HB,BEL,Corporate,Corporate,0,0,0,A,A,0,No Deposit,183.0,0,Transient-Party,92.0,0,0
Resort Hotel,1,168,2016,September,39,21,2,4,2,0.0,0,BB,EST,Online TA,TA/TO,0,0,0,A,A,0,No Deposit,240.0,0,Transient,95.67,0,0
Resort Hotel,1,202,2016,September,39,21,2,5,2,0.0,0,BB,PRT,Offline TA/TO,TA/TO,0,0,0,D,D,0,No Deposit,171.0,0,Transient,68.4,0,0
Resort Hotel,1,197,2016,September,39,21,2,5,2,0.0,0,BB,PRT,Groups,TA/TO,0,0,0,D,D,0,Non Refund,253.0,0,Transient,66.6,0,0
Resort Hotel,1,197,2016,September,39,21,2,5,2,0.0,0,BB,PRT,Groups,TA/TO,0,0,0,D,D,0,Non Refund,253.0,0,Transient,66.6,0,0
Resort Hotel,1,197,2016,September,39,21,2,5,2,0.0,0,BB,PRT,Groups,TA/TO,0,0,0,D,D,0,Non Refund,253.0,0,Transient,66.6,0,0
Resort Hotel,1,197,2016,September,39,21,2,5,2,0.0,0,BB,PRT,Groups,TA/TO,0,0,0,D,D,0,Non Refund,253.0,0,Transient,66.6,0,0
Resort Hotel,1,197,2016,September,39,21,2,5,2,0.0,0,BB,PRT,Groups,TA/TO,0,0,0,D,D,0,Non Refund,253.0,0,Transient,66.6,0,0
Resort Hotel,1,197,2016,September,39,21,2,5,2,0.0,0,BB,PRT,Groups,TA/TO,0,0,0,D,D,0,Non Refund,253.0,0,Transient,66.6,0,0
Resort Hotel,0,329,2016,September,39,21,4,10,2,0.0,0,HB,PRT,Offline TA/TO,TA/TO,0,0,0,D,D,0,No Deposit,75.0,0,Contract,70.85,0,1
Resort Hotel,0,397,2016,September,39,21,0,4,2,0.0,0,BB,CN,Offline TA/TO,TA/TO,0,0,0,A,A,0,No Deposit,96.0,0,Transient-Party,70.5,0,1
Resort Hotel,0,397,2016,September,39,21,0,4,2,0.0,0,BB,CN,Offline TA/TO,TA/TO,0,0,0,A,A,0,No Deposit,96.0,0,Transient-Party,70.5,0,1
Resort Hotel,0,397,2016,September,39,21,0,4,2,0.0,0,BB,CN,Offline TA/TO,TA/TO,0,0,0,A,A,0,No Deposit,96.0,0,Transient-Party,70.5,0,1
Resort Hotel,1,385,2016,September,39,21,0,4,2,0.0,0,BB,PRT,Groups,Direct,0,0,0,A,A,0,Non Refund,,0,Transient,66.0,0,0
Resort Hotel,1,385,2016,September,39,21,0,4,2,0.0,0,BB,PRT,Groups,Direct,0,0,0,A,A,0,Non Refund,,0,Transient,66.0,0,0
Resort Hotel,1,385,2016,September,39,21,0,4,2,0.0,0,BB,PRT,Groups,Direct,0,0,0,A,A,0,Non Refund,,0,Transient,66.0,0,0
Resort Hotel,1,385,2016,September,39,21,0,4,2,0.0,0,BB,PRT,Groups,Direct,0,0,0,A,A,0,Non Refund,,0,Transient,66.0,0,0
Resort Hotel,1,385,2016,September,39,21,0,4,2,0.0,0,BB,PRT,Groups,Direct,0,0,0,A,A,0,Non Refund,,0,Transient,66.0,0,0
Resort Hotel,1,397,2016,September,39,21,0,4,2,0.0,0,BB,PRT,Offline TA/TO,TA/TO,0,0,0,A,A,0,No Deposit,96.0,0,Transient-Party,64.0,0,0
Resort Hotel,0,397,2016,September,39,21,0,4,2,0.0,0,BB,CN,Offline TA/TO,TA/TO,0,0,0,A,A,0,No Deposit,96.0,0,Transient-Party,72.5,0,1
Resort Hotel,1,385,2016,September,39,21,0,4,2,0.0,0,BB,PRT,Groups,Direct,0,0,0,A,A,0,Non Refund,,0,Transient,66.0,0,0
Resort Hotel,1,385,2016,September,39,21,0,4,2,0.0,0,BB,PRT,Groups,Direct,0,0,0,A,A,0,Non Refund,,0,Transient,66.0,0,0
Resort Hotel,0,343,2016,September,39,21,0,4,2,0.0,0,HB,BEL,Corporate,Corporate,0,0,0,A,C,0,No Deposit,183.0,0,Transient-Party,92.0,0,0
Resort Hotel,0,343,2016,September,39,21,0,4,2,0.0,0,HB,BEL,Corporate,Corporate,0,0,0,A,C,0,No Deposit,183.0,0,Transient-Party,92.0,0,0
Resort Hotel,0,343,2016,September,39,21,0,4,2,0.0,0,HB,BEL,Corporate,Corporate,0,0,0,A,A,0,No Deposit,183.0,0,Transient-Party,92.0,0,0
Resort Hotel,0,343,2016,September,39,21,0,4,2,0.0,0,HB,BEL,Corporate,Corporate,0,0,0,A,A,0,No Deposit,183.0,0,Transient-Party,92.0,0,0
Resort Hotel,0,397,2016,September,39,21,0,4,2,0.0,0,BB,CN,Offline TA/TO,TA/TO,0,0,0,A,A,0,No Deposit,96.0,0,Transient-Party,70.5,0,1
Resort Hotel,0,397,2016,September,39,21,0,4,2,0.0,0,BB,CN,Offline TA/TO,TA/TO,0,0,0,A,A,0,No Deposit,96.0,0,Transient-Party,70.5,0,1
Resort Hotel,1,385,2016,September,39,21,0,4,2,0.0,0,BB,PRT,Groups,Direct,0,0,0,A,A,0,Non Refund,,0,Transient,66.0,0,0
Resort Hotel,1,385,2016,September,39,21,0,4,2,0.0,0,BB,PRT,Groups,Direct,0,0,0,A,A,0,Non Refund,,0,Transient,66.0,0,0
Resort Hotel,1,96,2016,September,39,21,0,4,2,0.0,0,BB,PRT,Offline TA/TO,TA/TO,0,0,0,A,A,0,No Deposit,96.0,0,Transient-Party,64.0,0,0
Resort Hotel,0,343,2016,September,39,21,0,4,2,0.0,0,HB,BEL,Corporate,Corporate,0,0,0,A,C,0,No Deposit,183.0,0,Transient-Party,92.0,0,0
Resort Hotel,0,343,2016,September,39,21,0,4,2,0.0,0,HB,BEL,Corporate,Corporate,0,0,0,A,C,0,No Deposit,183.0,0,Transient-Party,92.0,0,0
Resort Hotel,0,397,2016,September,39,21,0,4,2,0.0,0,BB,CN,Offline TA/TO,TA/TO,0,0,0,A,A,0,No Deposit,96.0,0,Transient-Party,70.5,0,1
Resort Hotel,1,385,2016,September,39,21,0,4,2,0.0,0,BB,PRT,Groups,Direct,0,0,0,A,A,0,Non Refund,,0,Transient,66.0,0,0
Resort Hotel,1,385,2016,September,39,21,0,4,2,0.0,0,BB,PRT,Groups,Direct,0,0,0,A,A,0,Non Refund,,0,Transient,66.0,0,0
Resort Hotel,1,385,2016,September,39,21,0,4,2,0.0,0,BB,PRT,Groups,Direct,0,0,0,A,A,0,Non Refund,,0,Transient,66.0,0,0
Resort Hotel,1,18,2016,September,39,22,0,1,2,0.0,0,BB,DEU,Online TA,TA/TO,0,0,0,D,D,0,No Deposit,240.0,0,Transient,134.0,0,0
Resort Hotel,1,232,2016,September,39,22,0,1,2,0.0,0,BB,PRT,Offline TA/TO,TA/TO,0,0,0,D,D,0,No Deposit,251.0,0,Transient,78.0,0,0
Resort Hotel,1,18,2016,September,39,22,0,1,2,0.0,0,BB,DEU,Online TA,TA/TO,0,0,0,A,A,0,No Deposit,240.0,0,Transient,119.0,0,0
Resort Hotel,1,14,2016,September,39,22,0,1,2,0.0,0,BB,PRT,Offline TA/TO,TA/TO,0,0,0,D,D,0,No Deposit,251.0,0,Transient,78.0,0,0
Resort Hotel,1,18,2016,September,39,22,0,2,2,0.0,0,BB,DEU,Online TA,TA/TO,0,0,0,D,D,0,No Deposit,240.0,0,Transient,134.0,0,0
Resort Hotel,1,22,2016,September,39,22,2,3,2,0.0,0,BB,IRL,Online TA,TA/TO,0,0,0,E,E,0,No Deposit,240.0,0,Transient,146.2,0,1
Resort Hotel,1,174,2016,September,39,22,2,4,2,0.0,0,BB,FRA,Online TA,TA/TO,0,0,0,E,E,0,No Deposit,240.0,0,Transient,125.67,0,2
Resort Hotel,1,191,2016,September,39,22,2,5,2,0.0,0,BB,PRT,Offline TA/TO,TA/TO,0,0,0,E,E,0,No Deposit,315.0,0,Transient,81.0,0,1
Resort Hotel,1,195,2016,September,39,22,2,5,2,0.0,0,BB,PRT,Offline TA/TO,TA/TO,0,0,0,A,C,1,No Deposit,243.0,0,Contract,51.85,0,0
Resort Hotel,1,191,2016,September,39,22,2,5,2,0.0,0,BB,PRT,Offline TA/TO,TA/TO,0,0,0,D,D,0,No Deposit,315.0,0,Transient,66.6,0,0
Resort Hotel,1,13,2016,September,39,22,2,5,2,0.0,0,BB,PRT,Offline TA/TO,TA/TO,0,0,0,E,E,0,No Deposit,315.0,0,Transient,90.0,0,0
Resort Hotel,1,42,2016,September,39,23,0,1,2,0.0,0,BB,IRL,Online TA,TA/TO,0,0,0,A,A,0,No Deposit,240.0,0,Transient,109.0,0,1
Resort Hotel,1,27,2016,September,39,23,0,1,2,0.0,0,BB,GBR,Online TA,TA/TO,0,0,0,E,E,0,No Deposit,240.0,0,Transient,159.0,0,1
Resort Hotel,1,27,2016,September,39,23,0,1,2,0.0,0,BB,GBR,Online TA,TA/TO,0,0,0,E,E,0,No Deposit,240.0,0,Transient,159.0,0,1
Resort Hotel,1,63,2016,September,39,23,0,2,2,0.0,0,BB,ESP,Online TA,TA/TO,0,0,0,E,E,0,No Deposit,240.0,0,Transient,139.0,0,1
Resort Hotel,1,39,2016,September,39,23,0,2,2,0.0,0,BB,ESP,Online TA,TA/TO,0,0,0,E,E,0,No Deposit,240.0,0,Transient,139.0,0,1
Resort Hotel,1,38,2016,September,39,23,0,2,2,0.0,0,BB,ESP,Online TA,TA/TO,0,0,0,E,E,0,No Deposit,240.0,0,Transient,139.0,0,2
Resort Hotel,1,29,2016,September,39,23,1,2,2,0.0,0,HB,PRT,Online TA,TA/TO,0,0,0,E,E,1,No Deposit,5.0,0,Transient,142.53,0,0
Resort Hotel,1,31,2016,September,39,23,1,2,2,0.0,0,BB,ESP,Online TA,TA/TO,0,0,0,E,E,0,No Deposit,240.0,0,Transient,145.67,0,2
Resort Hotel,1,36,2016,September,39,23,2,2,2,0.0,0,BB,PRT,Online TA,TA/TO,0,0,0,E,E,0,No Deposit,240.0,0,Transient,131.75,0,2
Resort Hotel,1,197,2016,September,39,23,1,2,2,0.0,0,BB,ESP,Direct,Direct,0,0,0,D,D,0,No Deposit,250.0,0,Transient,92.1,0,0
Resort Hotel,1,168,2016,September,39,23,2,5,2,0.0,0,BB,IRL,Online TA,TA/TO,0,0,0,D,D,0,No Deposit,240.0,0,Transient-Party,111.14,0,0
Resort Hotel,0,338,2016,September,39,23,2,5,2,0.0,0,HB,EST,Offline TA/TO,TA/TO,0,0,0,A,A,1,No Deposit,171.0,0,Transient,85.6,0,0
Resort Hotel,1,177,2016,September,39,23,2,5,2,0.0,0,BB,PRT,Offline TA/TO,TA/TO,0,0,0,D,D,0,No Deposit,171.0,0,Transient,76.0,0,0
Resort Hotel,1,168,2016,September,39,23,2,5,2,0.0,0,BB,IRL,Online TA,TA/TO,0,0,0,D,D,0,No Deposit,240.0,0,Transient-Party,111.14,0,0
Resort Hotel,1,73,2016,September,39,24,0,1,2,0.0,0,BB,PRT,Online TA,TA/TO,0,0,0,D,D,0,No Deposit,,0,Transient,154.0,0,0
Resort Hotel,1,22,2016,September,39,24,1,1,2,0.0,0,BB,ESP,Online TA,TA/TO,0,0,0,D,D,0,No Deposit,240.0,0,Transient,119.0,0,0
Resort Hotel,1,289,2016,September,39,24,2,1,2,0.0,0,BB,PRT,Groups,TA/TO,0,0,0,A,A,0,No Deposit,96.0,0,Transient-Party,64.0,0,0
Resort Hotel,1,289,2016,September,39,24,2,1,2,0.0,0,BB,PRT,Groups,TA/TO,0,0,0,A,A,0,No Deposit,96.0,0,Transient-Party,64.0,0,0
Resort Hotel,1,289,2016,September,39,24,2,1,2,0.0,0,BB,PRT,Groups,TA/TO,0,0,0,A,A,0,No Deposit,96.0,0,Transient-Party,64.0,0,0
Resort Hotel,1,289,2016,September,39,24,2,1,2,0.0,0,BB,PRT,Groups,TA/TO,0,0,0,A,A,0,No Deposit,96.0,0,Transient-Party,64.0,0,0
Resort Hotel,1,289,2016,September,39,24,2,1,2,0.0,0,BB,PRT,Groups,TA/TO,0,0,0,A,A,0,No Deposit,96.0,0,Transient-Party,64.0,0,0
Resort Hotel,1,289,2016,September,39,24,2,1,2,0.0,0,BB,PRT,Groups,TA/TO,0,0,0,A,A,0,No Deposit,96.0,0,Transient-Party,64.0,0,0
Resort Hotel,1,289,2016,September,39,24,2,1,2,0.0,0,BB,PRT,Groups,TA/TO,0,0,0,A,A,0,No Deposit,96.0,0,Transient-Party,64.0,0,0
Resort Hotel,1,176,2016,September,39,24,2,1,2,0.0,0,BB,URY,Online TA,TA/TO,0,0,0,E,E,2,No Deposit,240.0,0,Transient,122.33,0,0
Resort Hotel,1,289,2016,September,39,24,2,1,2,0.0,0,BB,PRT,Groups,TA/TO,0,0,0,A,A,0,No Deposit,96.0,0,Transient-Party,64.0,0,0
Resort Hotel,1,23,2016,September,39,24,2,2,2,0.0,0,HB,ESP,Online TA,TA/TO,0,0,0,D,D,0,No Deposit,240.0,0,Transient,156.25,0,1
Resort Hotel,1,29,2016,September,40,25,1,0,2,0.0,0,BB,MAR,Online TA,TA/TO,0,0,0,A,A,0,No Deposit,240.0,0,Transient,89.0,0,0
Resort Hotel,1,49,2016,September,40,25,1,0,2,0.0,0,HB,PRT,Online TA,TA/TO,0,0,0,A,A,0,No Deposit,240.0,0,Transient,112.0,0,1
Resort Hotel,1,29,2016,September,40,25,1,0,2,0.0,0,BB,MAR,Online TA,TA/TO,0,0,0,A,A,0,No Deposit,240.0,0,Transient,89.0,0,0
Resort Hotel,1,19,2016,September,40,25,1,0,2,0.0,0,BB,PRT,Online TA,TA/TO,0,0,0,A,A,0,No Deposit,240.0,0,Transient,89.0,0,1
Resort Hotel,1,20,2016,September,40,25,2,2,2,0.0,0,BB,PRT,Direct,Direct,0,0,0,D,D,0,No Deposit,250.0,0,Transient,162.1,0,0
Resort Hotel,1,140,2016,September,40,25,2,5,2,0.0,0,BB,IRL,Online TA,TA/TO,0,0,0,A,A,0,No Deposit,240.0,0,Transient,91.86,0,1
Resort Hotel,1,310,2016,September,40,25,4,10,2,0.0,0,BB,PRT,Offline TA/TO,TA/TO,0,0,0,E,E,0,No Deposit,75.0,0,Contract,76.5,0,0
Resort Hotel,1,20,2016,September,40,26,1,2,2,0.0,0,BB,CN,Online TA,TA/TO,0,0,0,D,D,0,No Deposit,240.0,0,Transient,124.0,0,2
Resort Hotel,0,542,2016,September,40,26,2,5,2,0.0,0,HB,GBR,Groups,TA/TO,0,0,0,A,A,1,No Deposit,253.0,0,Transient-Party,69.71,0,0
Resort Hotel,0,542,2016,September,40,26,2,5,2,0.0,0,HB,GBR,Groups,TA/TO,0,0,0,E,E,0,No Deposit,253.0,0,Transient-Party,87.0,0,3
Resort Hotel,1,347,2016,September,40,26,2,5,2,0.0,0,HB,PRT,Groups,TA/TO,0,0,0,A,C,1,No Deposit,253.0,0,Transient-Party,68.0,0,0
Resort Hotel,0,542,2016,September,40,26,2,5,2,0.0,0,HB,GBR,Groups,TA/TO,0,0,0,E,E,0,No Deposit,253.0,0,Transient-Party,87.0,0,2
Resort Hotel,0,542,2016,September,40,26,2,5,2,0.0,0,HB,GBR,Groups,TA/TO,0,0,0,E,E,0,No Deposit,253.0,0,Transient-Party,89.0,0,3
Resort Hotel,1,168,2016,September,40,26,3,5,2,0.0,0,BB,IRL,Direct,Direct,0,0,0,F,F,0,No Deposit,250.0,0,Transient,108.26,0,0
Resort Hotel,1,339,2016,September,40,26,3,6,2,0.0,0,HB,PRT,Groups,TA/TO,0,0,0,A,A,0,Non Refund,15.0,0,Transient,80.0,0,0
Resort Hotel,1,339,2016,September,40,26,3,6,2,0.0,0,HB,PRT,Groups,TA/TO,0,0,0,A,A,0,Non Refund,15.0,0,Transient,80.0,0,0
Resort Hotel,1,339,2016,September,40,26,3,6,2,0.0,0,HB,PRT,Groups,TA/TO,0,0,0,A,A,0,Non Refund,15.0,0,Transient,80.0,0,0
Resort Hotel,1,339,2016,September,40,26,3,6,2,0.0,0,HB,PRT,Groups,TA/TO,0,0,0,A,A,0,Non Refund,15.0,0,Transient,80.0,0,0
Resort Hotel,1,339,2016,September,40,26,3,6,2,0.0,0,HB,PRT,Groups,TA/TO,0,0,0,A,A,0,Non Refund,15.0,0,Transient,80.0,0,0
Resort Hotel,1,339,2016,September,40,26,3,6,2,0.0,0,HB,PRT,Groups,TA/TO,0,0,0,A,A,0,Non Refund,15.0,0,Transient,80.0,0,0
Resort Hotel,1,339,2016,September,40,26,3,6,2,0.0,0,HB,PRT,Groups,TA/TO,0,0,0,A,A,0,Non Refund,15.0,0,Transient,80.0,0,0
Resort Hotel,1,339,2016,September,40,26,3,6,2,0.0,0,HB,PRT,Groups,TA/TO,0,0,0,A,A,0,Non Refund,15.0,0,Transient,80.0,0,0
Resort Hotel,1,339,2016,September,40,26,3,6,2,0.0,0,HB,PRT,Groups,TA/TO,0,0,0,A,A,0,Non Refund,15.0,0,Transient,80.0,0,0
Resort Hotel,1,339,2016,September,40,26,3,6,2,0.0,0,HB,PRT,Groups,TA/TO,0,0,0,A,A,0,Non Refund,15.0,0,Transient,80.0,0,0
Resort Hotel,1,339,2016,September,40,26,3,6,2,0.0,0,HB,PRT,Groups,TA/TO,0,0,0,A,A,0,Non Refund,15.0,0,Transient,80.0,0,0
Resort Hotel,1,339,2016,September,40,26,3,6,2,0.0,0,HB,PRT,Groups,TA/TO,0,0,0,A,A,0,Non Refund,15.0,0,Transient,80.0,0,0
Resort Hotel,1,339,2016,September,40,26,3,6,2,0.0,0,HB,PRT,Groups,TA/TO,0,0,0,A,A,0,Non Refund,15.0,0,Transient,80.0,0,0
Resort Hotel,1,339,2016,September,40,26,3,6,2,0.0,0,HB,PRT,Groups,TA/TO,0,0,0,A,A,0,Non Refund,15.0,0,Transient,80.0,0,0
Resort Hotel,1,339,2016,September,40,26,3,6,2,0.0,0,HB,PRT,Groups,TA/TO,0,0,0,A,A,0,Non Refund,15.0,0,Transient,80.0,0,0
Resort Hotel,0,333,2016,September,40,26,3,7,2,0.0,0,HB,GBR,Offline TA/TO,TA/TO,0,0,0,A,A,0,No Deposit,40.0,0,Transient,79.42,1,0
Resort Hotel,0,354,2016,September,40,26,2,5,2,0.0,0,HB,GBR,Offline TA/TO,TA/TO,0,0,0,E,E,0,No Deposit,436.0,0,Transient,86.4,0,1
Resort Hotel,0,542,2016,September,40,26,2,5,2,0.0,0,HB,GBR,Groups,TA/TO,0,0,0,A,D,0,No Deposit,253.0,0,Transient-Party,70.0,0,1
Resort Hotel,1,137,2016,September,40,26,2,5,2,0.0,0,BB,GBR,Online TA,TA/TO,0,0,0,D,D,0,No Deposit,240.0,0,Transient,104.0,0,0
Resort Hotel,0,542,2016,September,40,26,2,5,2,0.0,0,HB,GBR,Groups,TA/TO,0,0,0,E,E,0,No Deposit,253.0,0,Transient-Party,89.0,0,2
Resort Hotel,0,542,2016,September,40,26,2,5,2,0.0,0,HB,GBR,Groups,TA/TO,0,0,0,E,E,0,No Deposit,253.0,0,Transient-Party,87.0,0,3
Resort Hotel,0,542,2016,September,40,26,2,5,2,0.0,0,HB,GBR,Groups,TA/TO,0,0,0,A,A,0,No Deposit,253.0,0,Transient-Party,68.0,0,0
Resort Hotel,1,143,2016,September,40,26,3,7,2,0.0,0,HB,PRT,Groups,TA/TO,0,0,0,E,E,0,No Deposit,15.0,0,Transient-Party,81.0,0,0
Resort Hotel,0,333,2016,September,40,26,3,7,2,0.0,0,HB,GBR,Offline TA/TO,TA/TO,0,0,0,A,C,0,No Deposit,40.0,0,Transient,74.62,0,0
Resort Hotel,0,542,2016,September,40,26,3,7,2,0.0,0,SC,USA,Groups,TA/TO,0,0,0,A,I,1,No Deposit,253.0,0,Transient-Party,22.4,0,0
Resort Hotel,1,173,2016,September,40,27,2,5,2,0.0,0,BB,ITA,Online TA,TA/TO,0,0,0,A,A,0,No Deposit,240.0,0,Transient,86.14,0,0
Resort Hotel,1,173,2016,September,40,27,2,5,2,0.0,0,BB,ITA,Online TA,TA/TO,0,0,0,A,A,0,No Deposit,240.0,0,Transient,92.14,0,0
Resort Hotel,0,342,2016,September,40,27,4,10,2,0.0,0,HB,GBR,Offline TA/TO,TA/TO,0,0,0,E,E,0,No Deposit,143.0,0,Transient,110.36,0,1
Resort Hotel,0,342,2016,September,40,27,4,10,2,0.0,0,HB,GBR,Offline TA/TO,TA/TO,0,0,0,E,E,0,No Deposit,143.0,0,Transient,110.36,0,1
Resort Hotel,1,96,2016,September,40,28,0,3,2,0.0,0,BB,PRT,Online TA,TA/TO,0,0,0,D,D,0,No Deposit,240.0,0,Transient,124.0,0,1
Resort Hotel,1,98,2016,September,40,28,0,4,2,0.0,0,BB,PRT,Online TA,TA/TO,0,0,0,D,D,0,No Deposit,240.0,0,Transient,120.25,0,0
Resort Hotel,1,131,2016,September,40,28,0,4,2,0.0,0,BB,DEU,Online TA,TA/TO,0,0,0,A,A,0,No Deposit,240.0,0,Transient,91.5,0,0
Resort Hotel,1,63,2016,September,40,28,0,4,2,0.0,0,BB,PRT,Offline TA/TO,TA/TO,0,0,0,D,D,0,No Deposit,96.0,0,Transient-Party,76.0,0,0
Resort Hotel,1,63,2016,September,40,28,0,4,2,0.0,0,BB,PRT,Offline TA/TO,TA/TO,0,0,0,D,D,0,No Deposit,96.0,0,Transient-Party,76.0,0,0
Resort Hotel,1,63,2016,September,40,28,0,4,2,0.0,0,BB,PRT,Offline TA/TO,TA/TO,0,0,0,D,D,0,No Deposit,96.0,0,Transient-Party,76.0,0,0
Resort Hotel,1,63,2016,September,40,28,0,4,2,0.0,0,BB,PRT,Offline TA/TO,TA/TO,0,0,0,D,D,0,No Deposit,96.0,0,Transient-Party,76.0,0,0
Resort Hotel,1,229,2016,September,40,28,1,4,2,0.0,0,BB,PRT,Online TA,TA/TO,0,0,0,E,E,0,No Deposit,240.0,0,Transient,105.2,0,0
Resort Hotel,1,127,2016,September,40,29,0,1,2,0.0,0,BB,PRT,Offline TA/TO,TA/TO,0,0,0,E,E,0,No Deposit,,0,Transient-Party,116.1,0,0
Resort Hotel,1,161,2016,September,40,29,0,3,2,0.0,0,BB,CN,Online TA,TA/TO,0,0,0,D,D,0,No Deposit,240.0,0,Transient,102.33,0,0
Resort Hotel,1,136,2016,September,40,29,0,3,2,0.0,0,BB,IRL,Online TA,TA/TO,0,0,0,A,A,0,No Deposit,240.0,0,Transient,89.0,0,0
Resort Hotel,1,94,2016,September,40,29,0,3,2,0.0,0,BB,PRT,Online TA,TA/TO,0,0,0,D,D,0,No Deposit,242.0,0,Transient,119.0,0,1
Resort Hotel,1,69,2016,September,40,30,0,1,2,0.0,0,BB,USA,Online TA,TA/TO,0,0,0,E,E,0,No Deposit,240.0,0,Transient,139.0,0,0
Resort Hotel,1,14,2016,September,40,30,0,2,2,0.0,0,BB,BRA,Online TA,TA/TO,0,0,0,E,E,0,No Deposit,240.0,0,Transient,145.0,0,0
Resort Hotel,1,231,2016,September,40,30,1,2,2,0.0,0,BB,PRT,Offline TA/TO,TA/TO,0,0,0,A,A,0,Non Refund,96.0,0,Transient,57.6,0,0
Resort Hotel,1,231,2016,September,40,30,1,2,2,0.0,0,BB,PRT,Offline TA/TO,TA/TO,0,0,0,A,A,0,Non Refund,96.0,0,Transient,57.6,0,0
Resort Hotel,1,231,2016,September,40,30,1,2,2,0.0,0,BB,PRT,Offline TA/TO,TA/TO,0,0,0,A,A,0,Non Refund,96.0,0,Transient,57.6,0,0
Resort Hotel,1,20,2016,September,40,30,1,2,2,0.0,0,BB,PRT,Direct,Direct,0,0,0,F,F,2,No Deposit,250.0,0,Transient,126.9,0,1
Resort Hotel,1,231,2016,September,40,30,1,2,2,0.0,0,BB,PRT,Offline TA/TO,TA/TO,0,0,0,A,A,0,Non Refund,96.0,0,Transient,57.6,0,0
Resort Hotel,1,231,2016,September,40,30,1,2,2,0.0,0,BB,PRT,Offline TA/TO,TA/TO,0,0,0,A,A,0,Non Refund,96.0,0,Transient,57.6,0,0
Resort Hotel,1,231,2016,September,40,30,1,2,2,0.0,0,BB,PRT,Offline TA/TO,TA/TO,0,0,0,A,A,0,Non Refund,96.0,0,Transient,57.6,0,0
Resort Hotel,1,231,2016,September,40,30,1,2,2,0.0,0,BB,PRT,Offline TA/TO,TA/TO,0,0,0,A,A,0,Non Refund,96.0,0,Transient,57.6,0,0
Resort Hotel,1,231,2016,September,40,30,1,2,2,0.0,0,BB,PRT,Offline TA/TO,TA/TO,0,0,0,A,A,0,Non Refund,96.0,0,Transient,57.6,0,0
Resort Hotel,1,231,2016,September,40,30,1,2,2,0.0,0,BB,PRT,Offline TA/TO,TA/TO,0,0,0,A,A,0,Non Refund,96.0,0,Transient,57.6,0,0
Resort Hotel,1,231,2016,September,40,30,1,2,2,0.0,0,BB,PRT,Offline TA/TO,TA/TO,0,0,0,A,A,0,Non Refund,96.0,0,Transient,57.6,0,0
Resort Hotel,1,231,2016,September,40,30,1,2,2,0.0,0,BB,PRT,Offline TA/TO,TA/TO,0,0,0,A,A,0,Non Refund,96.0,0,Transient,57.6,0,0
Resort Hotel,1,231,2016,September,40,30,1,2,2,0.0,0,BB,PRT,Offline TA/TO,TA/TO,0,0,0,A,A,0,Non Refund,96.0,0,Transient,57.6,0,0
Resort Hotel,1,231,2016,September,40,30,1,2,2,0.0,0,BB,PRT,Offline TA/TO,TA/TO,0,0,0,A,A,0,Non Refund,96.0,0,Transient,57.6,0,0
Resort Hotel,1,231,2016,September,40,30,1,2,2,0.0,0,BB,PRT,Offline TA/TO,TA/TO,0,0,0,A,C,1,Non Refund,96.0,0,Transient,57.6,0,0
Resort Hotel,1,48,2016,September,40,30,2,3,2,0.0,0,BB,ESP,Online TA,TA/TO,0,0,0,E,E,0,No Deposit,240.0,0,Transient,107.0,0,0
Resort Hotel,1,24,2016,September,40,30,2,3,2,0.0,0,BB,IRL,Online TA,TA/TO,0,0,0,A,A,0,No Deposit,240.0,0,Transient,101.0,0,1
Resort Hotel,1,174,2016,September,40,30,2,2,2,0.0,0,BB,GBR,Online TA,TA/TO,0,0,0,A,A,0,No Deposit,240.0,0,Transient,76.5,0,0
Resort Hotel,1,101,2016,September,40,30,2,4,2,0.0,0,BB,GBR,Online TA,TA/TO,0,0,0,D,D,0,No Deposit,240.0,0,Transient,116.5,0,0
Resort Hotel,1,184,2016,September,40,30,2,5,2,0.0,0,BB,PRT,Offline TA/TO,TA/TO,0,0,0,E,E,0,No Deposit,171.0,0,Transient,90.0,0,0
Resort Hotel,1,71,2016,September,40,30,2,7,2,0.0,0,BB,DEU,Online TA,TA/TO,0,0,0,D,D,0,No Deposit,240.0,0,Transient,92.89,0,0
Resort Hotel,1,71,2016,September,40,30,2,7,2,0.0,0,BB,DEU,Online TA,TA/TO,0,0,0,D,D,0,No Deposit,240.0,0,Transient,92.89,0,0
Resort Hotel,1,269,2016,September,40,30,4,10,2,0.0,0,BB,PRT,Online TA,TA/TO,0,0,0,A,A,0,No Deposit,240.0,0,Transient,64.64,0,2
Resort Hotel,1,65,2016,October,40,1,1,1,2,0.0,0,BB,CN,Online TA,TA/TO,0,0,0,E,E,0,No Deposit,240.0,0,Transient,99.0,0,1
Resort Hotel,1,65,2016,October,40,1,2,1,2,0.0,0,BB,GBR,Online TA,TA/TO,0,0,0,E,E,0,No Deposit,240.0,0,Transient,99.0,0,1
Resort Hotel,1,157,2016,October,40,1,2,2,2,0.0,0,BB,PRT,Offline TA/TO,TA/TO,0,0,0,D,D,0,Non Refund,96.0,0,Transient,52.0,0,0
Resort Hotel,1,157,2016,October,40,1,2,2,2,0.0,0,BB,PRT,Offline TA/TO,TA/TO,0,0,0,D,D,0,Non Refund,96.0,0,Transient,52.0,0,0
Resort Hotel,1,157,2016,October,40,1,2,2,2,0.0,0,BB,PRT,Offline TA/TO,TA/TO,0,0,0,D,D,0,Non Refund,96.0,0,Transient,52.0,0,0
Resort Hotel,1,157,2016,October,40,1,2,2,2,0.0,0,BB,PRT,Offline TA/TO,TA/TO,0,0,0,D,D,0,Non Refund,96.0,0,Transient,52.0,0,0
Resort Hotel,1,207,2016,October,40,1,2,2,2,0.0,0,BB,ESP,Online TA,TA/TO,0,0,0,D,D,0,No Deposit,240.0,0,Transient,83.0,0,0
Resort Hotel,1,157,2016,October,40,1,2,2,2,0.0,0,BB,PRT,Offline TA/TO,TA/TO,0,0,0,D,D,0,Non Refund,96.0,0,Transient,52.0,0,0
Resort Hotel,1,157,2016,October,40,1,2,2,2,0.0,0,BB,PRT,Offline TA/TO,TA/TO,0,0,0,D,D,0,Non Refund,96.0,0,Transient,52.0,0,0
Resort Hotel,1,157,2016,October,40,1,2,2,2,0.0,0,BB,PRT,Offline TA/TO,TA/TO,0,0,0,D,D,0,Non Refund,96.0,0,Transient,52.0,0,0
Resort Hotel,1,157,2016,October,40,1,2,2,2,0.0,0,BB,PRT,Offline TA/TO,TA/TO,0,0,0,D,D,0,Non Refund,96.0,0,Transient,52.0,0,0
Resort Hotel,1,157,2016,October,40,1,2,2,2,0.0,0,BB,PRT,Offline TA/TO,TA/TO,0,0,0,D,D,0,Non Refund,96.0,0,Transient,52.0,0,0
Resort Hotel,1,157,2016,October,40,1,2,2,2,0.0,0,BB,PRT,Offline TA/TO,TA/TO,0,0,0,D,D,0,Non Refund,96.0,0,Transient,52.0,0,0
Resort Hotel,1,157,2016,October,40,1,2,2,2,0.0,0,BB,PRT,Offline TA/TO,TA/TO,0,0,0,D,D,0,Non Refund,96.0,0,Transient,52.0,0,0
Resort Hotel,1,157,2016,October,40,1,2,2,2,0.0,0,BB,PRT,Offline TA/TO,TA/TO,0,0,0,D,D,0,Non Refund,96.0,0,Transient,52.0,0,0
Resort Hotel,1,157,2016,October,40,1,2,2,2,0.0,0,BB,PRT,Offline TA/TO,TA/TO,0,0,0,D,D,0,Non Refund,96.0,0,Transient,52.0,0,0
Resort Hotel,1,157,2016,October,40,1,2,2,2,0.0,0,BB,PRT,Offline TA/TO,TA/TO,0,0,0,D,D,0,Non Refund,96.0,0,Transient,52.0,0,0
Resort Hotel,1,157,2016,October,40,1,2,2,2,0.0,0,BB,PRT,Offline TA/TO,TA/TO,0,0,0,D,D,0,Non Refund,96.0,0,Transient,52.0,0,0
Resort Hotel,1,157,2016,October,40,1,2,2,2,0.0,0,BB,PRT,Offline TA/TO,TA/TO,0,0,0,D,D,0,Non Refund,96.0,0,Transient,52.0,0,0
Resort Hotel,1,48,2016,October,40,1,2,3,2,0.0,0,BB,ESP,Online TA,TA/TO,0,0,0,E,E,0,No Deposit,240.0,0,Transient,99.0,0,0
Resort Hotel,1,68,2016,October,40,1,2,3,2,0.0,0,BB,PRT,Online TA,TA/TO,0,0,0,D,D,0,No Deposit,242.0,0,Transient,89.0,0,0
Resort Hotel,1,319,2016,October,40,1,2,4,2,0.0,0,HB,PRT,Online TA,TA/TO,0,0,0,A,C,1,No Deposit,242.0,0,Transient,81.0,0,0
Resort Hotel,1,403,2016,October,40,1,6,15,2,0.0,0,BB,PRT,Online TA,TA/TO,0,0,0,A,A,0,No Deposit,242.0,0,Transient,52.2,0,1
Resort Hotel,1,403,2016,October,40,1,6,15,2,0.0,0,BB,PRT,Online TA,TA/TO,0,0,0,A,A,0,No Deposit,242.0,0,Transient,52.2,0,0
Resort Hotel,1,19,2016,October,41,2,2,1,2,0.0,0,BB,NLD,Online TA,TA/TO,0,0,0,E,E,0,No Deposit,240.0,0,Transient,129.0,0,1
Resort Hotel,1,158,2016,October,41,2,2,2,2,0.0,0,BB,PRT,Offline TA/TO,TA/TO,0,0,0,A,A,0,No Deposit,96.0,0,Transient,46.0,0,1
Resort Hotel,1,166,2016,October,41,2,2,2,2,0.0,0,BB,PRT,Offline TA/TO,TA/TO,0,0,0,A,A,0,No Deposit,96.0,0,Transient,46.0,0,0
Resort Hotel,1,142,2016,October,41,3,1,3,2,0.0,0,BB,PRT,Online TA,TA/TO,0,0,0,A,A,0,No Deposit,241.0,0,Transient,53.13,0,0
Resort Hotel,1,141,2016,October,41,3,1,4,2,0.0,0,BB,AUT,Online TA,TA/TO,0,0,0,D,D,0,No Deposit,240.0,0,Transient,79.0,0,0
Resort Hotel,1,160,2016,October,41,3,1,4,2,0.0,0,BB,IRL,Online TA,TA/TO,0,0,0,A,A,0,No Deposit,240.0,0,Transient,69.0,0,0
Resort Hotel,1,86,2016,October,41,3,1,5,2,0.0,0,BB,FRA,Online TA,TA/TO,0,0,0,A,A,0,No Deposit,240.0,0,Transient,109.0,0,1
Resort Hotel,1,113,2016,October,41,3,1,5,2,0.0,0,BB,RUS,Online TA,TA/TO,0,0,0,A,A,0,No Deposit,240.0,0,Transient,109.0,0,0
Resort Hotel,1,181,2016,October,41,3,1,5,2,0.0,0,BB,PRT,Online TA,TA/TO,0,0,0,D,D,0,No Deposit,240.0,0,Transient,79.0,0,1
Resort Hotel,1,235,2016,October,41,3,2,5,2,0.0,0,BB,PRT,Online TA,TA/TO,0,0,0,E,E,0,No Deposit,240.0,0,Transient,98.0,0,0
Resort Hotel,1,182,2016,October,41,3,2,5,2,0.0,0,HB,PRT,Offline TA/TO,TA/TO,0,0,0,D,D,0,No Deposit,26.0,0,Transient,79.8,0,0
Resort Hotel,1,55,2016,October,41,3,3,6,2,0.0,0,BB,DEU,Online TA,TA/TO,0,0,0,D,D,0,No Deposit,240.0,0,Transient,89.0,0,2
Resort Hotel,0,341,2016,October,41,3,3,7,2,0.0,0,BB,GBR,Offline TA/TO,TA/TO,0,0,0,A,A,2,No Deposit,40.0,0,Transient-Party,37.4,0,1
Resort Hotel,1,65,2016,October,41,4,0,1,2,0.0,0,BB,ISR,Online TA,TA/TO,0,0,0,A,A,0,No Deposit,240.0,0,Transient,79.0,0,0
Resort Hotel,1,65,2016,October,41,4,0,1,2,0.0,0,BB,ISR,Online TA,TA/TO,0,0,0,A,A,0,No Deposit,240.0,0,Transient,79.0,0,0
Resort Hotel,1,169,2016,October,41,4,0,5,2,0.0,0,BB,ITA,Online TA,TA/TO,0,0,0,A,A,3,No Deposit,240.0,0,Transient,81.0,0,0
Resort Hotel,1,149,2016,October,41,4,0,5,2,0.0,0,BB,SWE,Online TA,TA/TO,0,0,0,A,A,0,No Deposit,240.0,0,Transient,69.0,0,0
Resort Hotel,1,64,2016,October,41,4,0,5,2,0.0,0,BB,PRT,Online TA,TA/TO,0,0,0,A,A,0,No Deposit,240.0,0,Transient,79.0,0,0
Resort Hotel,1,157,2016,October,41,5,0,3,2,0.0,0,HB,PRT,Online TA,TA/TO,0,0,0,A,A,0,No Deposit,240.0,0,Transient,101.0,0,1
Resort Hotel,1,180,2016,October,41,5,0,4,2,0.0,0,BB,PRT,Online TA,TA/TO,0,0,0,D,D,0,No Deposit,240.0,0,Transient,79.0,0,0
Resort Hotel,1,59,2016,October,41,5,0,4,2,0.0,0,BB,GBR,Online TA,TA/TO,0,0,0,D,D,0,No Deposit,240.0,0,Transient,89.0,0,1
Resort Hotel,1,7,2016,October,41,5,1,4,2,0.0,0,BB,PRT,Groups,Corporate,0,0,0,A,A,0,No Deposit,,0,Transient-Party,50.0,0,0
Resort Hotel,1,7,2016,October,41,5,1,4,2,0.0,0,BB,PRT,Groups,Corporate,0,0,0,A,A,0,No Deposit,,0,Transient-Party,50.0,0,0
Resort Hotel,1,7,2016,October,41,5,1,4,2,0.0,0,BB,PRT,Groups,Corporate,0,0,0,A,A,0,No Deposit,,0,Transient-Party,50.0,0,0
Resort Hotel,1,198,2016,October,41,5,2,5,2,0.0,0,BB,PRT,Offline TA/TO,TA/TO,0,0,0,D,D,0,No Deposit,171.0,0,Transient,65.37,0,0
Resort Hotel,1,198,2016,October,41,5,2,7,2,0.0,0,HB,DEU,Online TA,TA/TO,0,0,0,E,E,0,No Deposit,240.0,0,Transient,107.6,0,0
Resort Hotel,1,198,2016,October,41,5,2,7,2,0.0,0,BB,DEU,Online TA,TA/TO,0,0,0,A,A,0,No Deposit,240.0,0,Transient,62.56,0,0
Resort Hotel,1,261,2016,October,41,6,0,2,2,0.0,0,HB,PRT,Groups,TA/TO,0,0,0,D,D,0,No Deposit,251.0,0,Transient-Party,85.0,0,0
Resort Hotel,0,383,2016,October,41,6,0,2,2,0.0,0,BB,GBR,Groups,TA/TO,0,0,0,A,E,0,No Deposit,315.0,0,Transient-Party,54.0,1,0
Resort Hotel,1,59,2016,October,41,6,0,3,2,0.0,0,BB,DEU,Online TA,TA/TO,0,0,0,A,A,0,No Deposit,240.0,0,Transient,79.0,0,1
Resort Hotel,0,383,2016,October,41,6,0,3,2,0.0,0,BB,GBR,Groups,TA/TO,0,0,0,A,E,0,No Deposit,315.0,0,Transient-Party,48.0,0,0
Resort Hotel,1,59,2016,October,41,6,0,3,2,0.0,0,BB,DEU,Online TA,TA/TO,0,0,0,A,A,0,No Deposit,240.0,0,Transient,79.0,0,1
Resort Hotel,0,383,2016,October,41,6,0,3,2,0.0,0,BB,GBR,Groups,TA/TO,0,0,0,A,E,1,No Deposit,315.0,0,Transient-Party,52.0,1,0
Resort Hotel,0,383,2016,October,41,6,0,3,2,0.0,0,BB,GBR,Groups,TA/TO,0,0,0,A,E,0,No Deposit,315.0,0,Transient-Party,48.0,0,0
Resort Hotel,0,383,2016,October,41,6,0,3,2,0.0,0,BB,GBR,Groups,TA/TO,0,0,0,A,E,0,No Deposit,315.0,0,Transient-Party,48.0,0,0
Resort Hotel,1,59,2016,October,41,6,0,3,2,0.0,0,BB,DEU,Online TA,TA/TO,0,0,0,A,A,0,No Deposit,240.0,0,Transient,79.0,0,1
Resort Hotel,0,383,2016,October,41,6,0,3,2,0.0,0,BB,GBR,Groups,TA/TO,0,0,0,A,C,0,No Deposit,315.0,0,Transient-Party,54.0,1,0
Resort Hotel,0,383,2016,October,41,6,0,3,2,0.0,0,BB,GBR,Groups,TA/TO,0,0,0,A,D,0,No Deposit,315.0,0,Transient-Party,48.0,0,0
Resort Hotel,0,383,2016,October,41,6,0,3,2,0.0,0,BB,GBR,Groups,TA/TO,0,0,0,A,E,0,No Deposit,315.0,0,Transient-Party,48.0,0,0
Resort Hotel,0,383,2016,October,41,6,0,3,2,0.0,0,BB,ROU,Groups,TA/TO,0,0,0,A,E,0,No Deposit,315.0,0,Transient-Party,48.0,0,0
Resort Hotel,1,383,2016,October,41,6,1,3,2,0.0,0,BB,PRT,Groups,TA/TO,0,0,0,A,A,0,No Deposit,315.0,0,Transient-Party,48.0,0,0
Resort Hotel,1,383,2016,October,41,6,1,3,2,0.0,0,BB,PRT,Groups,TA/TO,0,0,0,A,A,0,No Deposit,315.0,0,Transient-Party,48.0,0,0
Resort Hotel,1,383,2016,October,41,6,1,3,2,0.0,0,BB,PRT,Groups,TA/TO,0,0,0,A,A,0,No Deposit,315.0,0,Transient-Party,48.0,0,0
Resort Hotel,1,383,2016,October,41,6,1,3,2,0.0,0,BB,PRT,Groups,TA/TO,0,0,0,A,A,0,No Deposit,315.0,0,Transient-Party,48.0,0,0
Resort Hotel,1,383,2016,October,41,6,1,3,2,0.0,0,BB,PRT,Groups,TA/TO,0,0,0,A,A,0,No Deposit,315.0,0,Transient-Party,48.0,0,0
Resort Hotel,0,383,2016,October,41,6,0,3,2,0.0,0,BB,GBR,Groups,TA/TO,0,0,0,A,E,0,No Deposit,315.0,0,Transient-Party,54.0,1,0
Resort Hotel,1,383,2016,October,41,6,1,3,2,0.0,0,BB,PRT,Groups,TA/TO,0,0,0,A,A,0,No Deposit,315.0,0,Transient-Party,48.0,0,0
Resort Hotel,1,383,2016,October,41,6,1,3,2,0.0,0,BB,PRT,Groups,TA/TO,0,0,0,A,A,0,No Deposit,315.0,0,Transient-Party,48.0,0,0
Resort Hotel,1,383,2016,October,41,6,1,3,2,0.0,0,BB,PRT,Groups,TA/TO,0,0,0,A,A,0,No Deposit,315.0,0,Transient-Party,48.0,0,0
Resort Hotel,1,383,2016,October,41,6,1,3,2,0.0,0,BB,PRT,Groups,TA/TO,0,0,0,A,A,0,No Deposit,315.0,0,Transient-Party,48.0,0,0
Resort Hotel,1,383,2016,October,41,6,1,3,2,0.0,0,BB,PRT,Groups,TA/TO,0,0,0,A,A,0,No Deposit,315.0,0,Transient-Party,48.0,0,0
Resort Hotel,1,383,2016,October,41,6,1,3,2,0.0,0,BB,PRT,Groups,TA/TO,0,0,0,A,A,0,No Deposit,315.0,0,Transient-Party,48.0,0,0
Resort Hotel,1,383,2016,October,41,6,1,3,2,0.0,0,BB,PRT,Groups,TA/TO,0,0,0,A,A,0,No Deposit,315.0,0,Transient-Party,48.0,0,0
Resort Hotel,1,383,2016,October,41,6,1,3,2,0.0,0,BB,PRT,Groups,TA/TO,0,0,0,A,A,0,No Deposit,315.0,0,Transient-Party,48.0,0,0
Resort Hotel,1,383,2016,October,41,6,1,3,2,0.0,0,BB,PRT,Groups,TA/TO,0,0,0,A,A,0,No Deposit,315.0,0,Transient-Party,48.0,0,0
Resort Hotel,1,383,2016,October,41,6,1,3,2,0.0,0,BB,PRT,Groups,TA/TO,0,0,0,A,A,0,No Deposit,315.0,0,Transient-Party,48.0,0,0
Resort Hotel,1,383,2016,October,41,6,1,3,2,0.0,0,BB,PRT,Groups,TA/TO,0,0,0,A,A,0,No Deposit,315.0,0,Transient-Party,48.0,0,0
Resort Hotel,1,383,2016,October,41,6,1,3,2,0.0,0,BB,PRT,Groups,TA/TO,0,0,0,A,A,0,No Deposit,315.0,0,Transient-Party,48.0,0,0
Resort Hotel,1,383,2016,October,41,6,1,3,2,0.0,0,BB,PRT,Groups,TA/TO,0,0,0,A,A,0,No Deposit,315.0,0,Transient-Party,48.0,0,0
Resort Hotel,1,383,2016,October,41,6,1,3,2,0.0,0,BB,PRT,Groups,TA/TO,0,0,0,A,A,0,No Deposit,315.0,0,Transient-Party,48.0,0,0
Resort Hotel,1,383,2016,October,41,6,1,3,2,0.0,0,BB,PRT,Groups,TA/TO,0,0,0,A,A,0,No Deposit,315.0,0,Transient-Party,48.0,0,0
Resort Hotel,1,383,2016,October,41,6,1,3,2,0.0,0,BB,PRT,Groups,TA/TO,0,0,0,A,A,0,No Deposit,315.0,0,Transient-Party,48.0,0,0
Resort Hotel,1,383,2016,October,41,6,1,3,2,0.0,0,BB,PRT,Groups,TA/TO,0,0,0,A,A,0,No Deposit,315.0,0,Transient-Party,48.0,0,0
Resort Hotel,1,383,2016,October,41,6,1,3,2,0.0,0,BB,PRT,Groups,TA/TO,0,0,0,A,A,0,No Deposit,315.0,0,Transient-Party,48.0,0,0
Resort Hotel,1,383,2016,October,41,6,1,3,2,0.0,0,BB,PRT,Groups,TA/TO,0,0,0,A,A,0,No Deposit,315.0,0,Transient-Party,48.0,0,0
Resort Hotel,1,383,2016,October,41,6,1,3,2,0.0,0,BB,PRT,Groups,TA/TO,0,0,0,A,A,0,No Deposit,315.0,0,Transient-Party,48.0,0,0
Resort Hotel,1,239,2016,October,41,6,3,8,2,0.0,0,BB,PRT,Direct,Direct,0,0,0,F,F,0,No Deposit,250.0,0,Transient,88.61,0,0
Resort Hotel,0,384,2016,October,41,7,0,2,2,0.0,0,BB,GBR,Groups,TA/TO,0,0,0,A,C,1,Refundable,315.0,0,Transient-Party,48.0,0,0
Resort Hotel,1,14,2016,October,41,7,0,2,2,0.0,0,BB,PRT,Direct,Direct,0,0,0,D,E,0,No Deposit,,0,Transient,80.4,0,0
Resort Hotel,1,60,2016,October,41,7,1,2,2,0.0,0,BB,IRL,Online TA,TA/TO,0,0,0,A,A,0,No Deposit,240.0,0,Transient,79.0,0,0
Resort Hotel,1,183,2016,October,41,7,1,2,2,0.0,0,BB,PRT,Online TA,TA/TO,0,0,0,A,A,0,No Deposit,5.0,0,Transient,52.27,0,0
Resort Hotel,1,94,2016,October,41,7,2,3,2,0.0,0,BB,PRT,Groups,Corporate,0,0,0,A,A,0,No Deposit,,0,Transient-Party,55.0,0,0
Resort Hotel,0,359,2016,October,41,7,2,7,2,0.0,0,BB,GBR,Groups,Corporate,0,0,0,A,D,1,No Deposit,,0,Transient-Party,67.78,0,1
Resort Hotel,1,385,2016,October,41,8,0,1,2,0.0,0,BB,PRT,Groups,TA/TO,0,0,0,A,A,2,Refundable,315.0,0,Transient-Party,48.0,0,0
Resort Hotel,1,151,2016,October,41,8,1,1,2,0.0,0,BB,BRA,Online TA,TA/TO,0,0,0,A,A,4,No Deposit,240.0,0,Transient,54.5,0,0
Resort Hotel,1,151,2016,October,41,8,1,1,2,0.0,0,BB,BRA,Online TA,TA/TO,0,0,0,A,A,0,No Deposit,240.0,0,Transient,63.5,0,0
Resort Hotel,1,393,2016,October,41,8,2,2,2,0.0,0,HB,PRT,Groups,TA/TO,0,0,0,A,A,0,Non Refund,68.0,0,Transient,72.0,0,0
Resort Hotel,1,393,2016,October,41,8,2,2,2,0.0,0,HB,PRT,Groups,TA/TO,0,0,0,A,A,0,Non Refund,68.0,0,Transient,72.0,0,0
Resort Hotel,1,393,2016,October,41,8,2,2,2,0.0,0,HB,PRT,Groups,TA/TO,0,0,0,A,A,0,Non Refund,68.0,0,Transient,72.0,0,0
Resort Hotel,1,393,2016,October,41,8,2,2,2,0.0,0,HB,PRT,Groups,TA/TO,0,0,0,A,A,0,Non Refund,68.0,0,Transient,72.0,0,0
Resort Hotel,1,393,2016,October,41,8,2,2,2,0.0,0,HB,PRT,Groups,TA/TO,0,0,0,A,A,0,Non Refund,68.0,0,Transient,72.0,0,0
Resort Hotel,1,393,2016,October,41,8,2,2,2,0.0,0,HB,PRT,Groups,TA/TO,0,0,0,A,A,0,Non Refund,68.0,0,Transient,72.0,0,0
Resort Hotel,1,393,2016,October,41,8,2,2,2,0.0,0,HB,PRT,Groups,TA/TO,0,0,0,A,A,0,Non Refund,68.0,0,Transient,72.0,0,0
Resort Hotel,1,393,2016,October,41,8,2,2,2,0.0,0,HB,PRT,Groups,TA/TO,0,0,0,A,A,0,Non Refund,68.0,0,Transient,72.0,0,0
Resort Hotel,1,393,2016,October,41,8,2,2,2,0.0,0,HB,PRT,Groups,TA/TO,0,0,0,A,A,0,Non Refund,68.0,0,Transient,72.0,0,0
Resort Hotel,1,393,2016,October,41,8,2,2,2,0.0,0,HB,PRT,Groups,TA/TO,0,0,0,A,A,0,Non Refund,68.0,0,Transient,72.0,0,0
Resort Hotel,1,393,2016,October,41,8,2,2,2,0.0,0,HB,PRT,Groups,TA/TO,0,0,0,A,A,0,Non Refund,68.0,0,Transient,72.0,0,0
Resort Hotel,1,393,2016,October,41,8,2,2,2,0.0,0,HB,PRT,Groups,TA/TO,0,0,0,A,A,0,Non Refund,68.0,0,Transient,72.0,0,0
Resort Hotel,1,393,2016,October,41,8,2,2,2,0.0,0,HB,PRT,Groups,TA/TO,0,0,0,A,A,0,Non Refund,68.0,0,Transient,72.0,0,0
Resort Hotel,1,393,2016,October,41,8,2,2,2,0.0,0,HB,PRT,Groups,TA/TO,0,0,0,A,A,0,Non Refund,68.0,0,Transient,72.0,0,0
Resort Hotel,1,393,2016,October,41,8,2,2,2,0.0,0,HB,PRT,Groups,TA/TO,0,0,0,A,A,0,Non Refund,68.0,0,Transient,72.0,0,0
Resort Hotel,1,393,2016,October,41,8,2,2,2,0.0,0,HB,PRT,Groups,TA/TO,0,0,0,A,A,0,Non Refund,68.0,0,Transient,72.0,0,0
Resort Hotel,1,393,2016,October,41,8,2,2,2,0.0,0,HB,PRT,Groups,TA/TO,0,0,0,A,A,0,Non Refund,68.0,0,Transient,72.0,0,0
Resort Hotel,1,393,2016,October,41,8,2,2,2,0.0,0,HB,PRT,Groups,TA/TO,0,0,0,A,A,0,Non Refund,68.0,0,Transient,72.0,0,0
Resort Hotel,1,393,2016,October,41,8,2,2,2,0.0,0,HB,PRT,Groups,TA/TO,0,0,0,A,A,0,Non Refund,68.0,0,Transient,72.0,0,0
Resort Hotel,1,19,2016,October,41,8,2,2,2,0.0,0,BB,PRT,Groups,Corporate,0,0,0,A,A,1,No Deposit,,0,Transient-Party,55.0,0,0
Resort Hotel,1,393,2016,October,41,8,2,2,2,0.0,0,HB,PRT,Groups,TA/TO,0,0,0,A,A,0,Non Refund,68.0,0,Transient,72.0,0,0
Resort Hotel,1,393,2016,October,41,8,2,2,2,0.0,0,HB,PRT,Groups,TA/TO,0,0,0,A,A,0,Non Refund,68.0,0,Transient,72.0,0,0
Resort Hotel,1,56,2016,October,41,8,2,2,2,0.0,0,BB,ESP,Online TA,TA/TO,0,0,0,A,A,0,No Deposit,240.0,0,Transient,79.0,0,0
Resort Hotel,1,393,2016,October,41,8,2,2,2,0.0,0,HB,PRT,Groups,TA/TO,0,0,0,A,A,0,Non Refund,68.0,0,Transient,72.0,0,0
Resort Hotel,1,393,2016,October,41,8,2,2,2,0.0,0,HB,PRT,Groups,TA/TO,0,0,0,A,A,0,Non Refund,68.0,0,Transient,72.0,0,0
Resort Hotel,1,393,2016,October,41,8,2,2,2,0.0,0,HB,PRT,Groups,TA/TO,0,0,0,A,A,0,Non Refund,68.0,0,Transient,72.0,0,0
Resort Hotel,1,393,2016,October,41,8,2,2,2,0.0,0,HB,PRT,Groups,TA/TO,0,0,0,A,A,0,Non Refund,68.0,0,Transient,72.0,0,0
Resort Hotel,1,393,2016,October,41,8,2,2,2,0.0,0,HB,PRT,Groups,TA/TO,0,0,0,A,A,0,Non Refund,68.0,0,Transient,72.0,0,0
Resort Hotel,1,393,2016,October,41,8,2,2,2,0.0,0,HB,PRT,Groups,TA/TO,0,0,0,A,A,0,Non Refund,68.0,0,Transient,72.0,0,0
Resort Hotel,1,393,2016,October,41,8,2,2,2,0.0,0,HB,PRT,Groups,TA/TO,0,0,0,A,A,0,Non Refund,68.0,0,Transient,72.0,0,0
Resort Hotel,1,151,2016,October,41,8,1,1,2,0.0,0,BB,BRA,Online TA,TA/TO,0,0,0,A,A,4,No Deposit,240.0,0,Transient,54.5,0,0
Resort Hotel,1,48,2016,October,41,8,2,1,2,0.0,0,HB,POL,Online TA,TA/TO,0,0,0,E,E,0,No Deposit,240.0,0,Transient,139.0,0,2
Resort Hotel,1,315,2016,October,41,8,3,6,2,0.0,0,BB,PRT,Groups,Direct,0,0,0,E,E,0,No Deposit,273.0,0,Transient-Party,64.8,0,0
Resort Hotel,0,360,2016,October,41,8,3,6,2,0.0,0,BB,GBR,Groups,Corporate,0,0,0,A,D,4,No Deposit,,0,Transient-Party,72.0,1,1
Resort Hotel,0,360,2016,October,41,8,4,6,2,0.0,0,BB,GBR,Groups,Corporate,0,0,0,A,F,2,No Deposit,,0,Transient-Party,88.4,1,0
Resort Hotel,0,360,2016,October,41,8,4,6,2,0.0,0,BB,GBR,Groups,Corporate,0,0,0,E,E,2,No Deposit,,0,Transient-Party,91.8,0,0
Resort Hotel,1,368,2016,October,41,8,4,10,2,0.0,0,HB,PRT,Offline TA/TO,TA/TO,0,0,0,A,A,1,No Deposit,143.0,0,Contract,61.2,0,0
Resort Hotel,0,2,2016,October,42,9,1,0,2,0.0,0,BB,GBR,Direct,Direct,0,0,0,F,F,0,No Deposit,,0,Transient,100.0,0,1
Resort Hotel,1,131,2016,October,42,9,2,0,2,0.0,0,BB,PRT,Groups,Corporate,0,0,0,A,A,0,No Deposit,,0,Transient-Party,55.0,0,0
Resort Hotel,1,131,2016,October,42,9,2,0,2,0.0,0,BB,PRT,Groups,Corporate,0,0,0,A,A,0,No Deposit,,0,Transient-Party,55.0,0,0
Resort Hotel,1,131,2016,October,42,9,2,0,2,0.0,0,BB,PRT,Groups,Corporate,0,0,0,A,A,0,No Deposit,,0,Transient-Party,55.0,0,0
Resort Hotel,1,16,2016,October,42,9,2,0,2,0.0,0,BB,PRT,Groups,Corporate,0,0,0,A,A,0,No Deposit,,0,Transient-Party,55.0,0,0
Resort Hotel,1,131,2016,October,42,9,2,0,2,0.0,0,BB,PRT,Groups,Corporate,0,0,0,A,A,0,No Deposit,,0,Transient-Party,55.0,0,0
Resort Hotel,1,131,2016,October,42,9,2,0,2,0.0,0,BB,PRT,Groups,Corporate,0,0,0,A,A,0,No Deposit,,0,Transient-Party,55.0,0,0
Resort Hotel,1,16,2016,October,42,9,2,0,2,0.0,0,BB,PRT,Groups,Corporate,0,0,0,A,A,0,No Deposit,,0,Transient-Party,55.0,0,0
Resort Hotel,1,131,2016,October,42,9,2,0,2,0.0,0,BB,PRT,Groups,Corporate,0,0,0,A,A,0,No Deposit,,0,Transient-Party,55.0,0,0
Resort Hotel,1,16,2016,October,42,9,2,0,2,0.0,0,BB,PRT,Groups,Corporate,0,0,0,A,A,0,No Deposit,,0,Transient-Party,55.0,0,0
Resort Hotel,1,16,2016,October,42,9,2,0,2,0.0,0,BB,PRT,Groups,Corporate,0,0,0,A,A,0,No Deposit,,0,Transient-Party,55.0,0,0
Resort Hotel,1,131,2016,October,42,9,2,0,2,0.0,0,BB,PRT,Groups,Corporate,0,0,0,A,A,0,No Deposit,,0,Transient-Party,55.0,0,0
Resort Hotel,1,131,2016,October,42,9,2,0,2,0.0,0,BB,PRT,Groups,Corporate,0,0,0,A,A,0,No Deposit,,0,Transient-Party,55.0,0,0
Resort Hotel,1,10,2016,October,42,9,2,0,2,0.0,0,BB,PRT,Groups,Corporate,0,0,0,A,A,0,No Deposit,,0,Transient-Party,55.0,0,0
Resort Hotel,1,16,2016,October,42,9,2,0,2,0.0,0,BB,PRT,Groups,Corporate,0,0,0,A,A,0,No Deposit,,0,Transient-Party,55.0,0,0
Resort Hotel,1,131,2016,October,42,9,2,0,2,0.0,0,BB,PRT,Groups,Corporate,0,0,0,A,A,0,No Deposit,,0,Transient-Party,55.0,0,0
Resort Hotel,1,131,2016,October,42,9,2,0,2,0.0,0,BB,PRT,Groups,Corporate,0,0,0,A,A,0,No Deposit,,0,Transient-Party,55.0,0,0
Resort Hotel,1,16,2016,October,42,9,2,0,2,0.0,0,BB,PRT,Groups,Corporate,0,0,0,A,A,0,No Deposit,,0,Transient-Party,55.0,0,0
Resort Hotel,1,131,2016,October,42,9,2,1,2,0.0,0,BB,PRT,Groups,Corporate,0,0,0,A,A,1,No Deposit,,0,Transient-Party,55.0,0,0
Resort Hotel,1,131,2016,October,42,9,2,1,2,0.0,0,BB,PRT,Groups,Corporate,0,0,0,A,A,1,No Deposit,,0,Transient-Party,55.0,0,0
Resort Hotel,1,131,2016,October,42,9,2,1,2,0.0,0,BB,PRT,Groups,Corporate,0,0,0,A,A,1,No Deposit,,0,Transient-Party,55.0,0,0
Resort Hotel,1,131,2016,October,42,9,2,1,2,0.0,0,BB,PRT,Groups,Corporate,0,0,0,A,A,1,No Deposit,,0,Transient-Party,55.0,0,0
Resort Hotel,1,131,2016,October,42,9,2,1,2,0.0,0,BB,PRT,Groups,Corporate,0,0,0,A,A,1,No Deposit,,0,Transient-Party,55.0,0,0
Resort Hotel,1,96,2016,October,42,9,2,1,2,0.0,0,BB,PRT,Groups,Corporate,0,0,0,A,A,0,No Deposit,,0,Transient-Party,55.0,0,0
Resort Hotel,1,131,2016,October,42,9,2,1,2,0.0,0,BB,PRT,Groups,Corporate,0,0,0,A,A,1,No Deposit,,0,Transient-Party,55.0,0,0
Resort Hotel,1,131,2016,October,42,9,2,1,2,0.0,0,BB,PRT,Groups,Corporate,0,0,0,A,A,1,No Deposit,,0,Transient-Party,55.0,0,0
Resort Hotel,1,96,2016,October,42,9,2,1,2,0.0,0,BB,PRT,Groups,Corporate,0,0,0,A,A,0,No Deposit,,0,Transient-Party,55.0,0,0
Resort Hotel,1,30,2016,October,42,9,2,1,2,0.0,0,BB,PRT,Groups,Corporate,0,0,0,A,A,1,No Deposit,,0,Transient-Party,55.0,0,0
Resort Hotel,1,131,2016,October,42,9,2,1,2,0.0,0,BB,PRT,Groups,Corporate,0,0,0,A,A,1,No Deposit,,0,Transient-Party,55.0,0,0
Resort Hotel,1,92,2016,October,42,9,2,2,2,0.0,0,BB,CN,Online TA,TA/TO,0,0,0,D,D,1,No Deposit,240.0,0,Transient,106.5,0,0
Resort Hotel,1,131,2016,October,42,9,2,3,2,0.0,0,BB,PRT,Groups,Corporate,0,0,0,A,A,1,No Deposit,,0,Transient-Party,55.0,0,0
Resort Hotel,1,131,2016,October,42,9,2,3,2,0.0,0,BB,PRT,Groups,Corporate,0,0,0,A,A,1,No Deposit,,0,Transient-Party,55.0,0,0
Resort Hotel,0,337,2016,October,42,9,2,5,2,0.0,0,HB,GBR,Groups,Direct,0,0,0,D,D,0,No Deposit,273.0,101,Transient-Party,66.28,0,0
Resort Hotel,0,337,2016,October,42,9,2,5,2,0.0,0,HB,GBR,Groups,Direct,0,0,0,D,D,0,No Deposit,273.0,101,Transient-Party,67.99,0,2
Resort Hotel,0,337,2016,October,42,9,2,5,2,0.0,0,HB,GBR,Groups,Direct,0,0,0,D,E,0,No Deposit,273.0,101,Transient-Party,66.28,0,0
Resort Hotel,0,337,2016,October,42,9,2,5,2,0.0,0,HB,GBR,Groups,Direct,0,0,0,D,D,0,No Deposit,273.0,101,Transient-Party,66.28,0,0
Resort Hotel,0,337,2016,October,42,9,2,5,2,0.0,0,HB,PRT,Groups,Direct,0,0,0,D,E,0,No Deposit,273.0,101,Transient-Party,67.99,0,0
Resort Hotel,0,337,2016,October,42,9,2,5,2,0.0,0,HB,GBR,Groups,Direct,0,0,0,D,D,0,No Deposit,273.0,101,Transient-Party,67.99,0,0
Resort Hotel,0,337,2016,October,42,9,2,5,2,0.0,0,HB,GBR,Groups,Direct,0,0,0,D,D,0,No Deposit,273.0,101,Transient-Party,66.28,0,0
Resort Hotel,0,337,2016,October,42,9,2,5,2,0.0,0,HB,GBR,Groups,Direct,0,0,0,D,E,0,No Deposit,273.0,101,Transient-Party,66.28,0,0
Resort Hotel,0,337,2016,October,42,9,2,5,2,0.0,0,HB,GBR,Groups,Direct,0,0,0,D,D,0,No Deposit,273.0,101,Transient-Party,67.99,0,0
Resort Hotel,0,337,2016,October,42,9,2,5,2,0.0,0,HB,GBR,Groups,Direct,0,0,0,D,D,0,No Deposit,273.0,101,Transient-Party,67.99,0,0
Resort Hotel,0,337,2016,October,42,9,2,5,2,0.0,0,HB,GBR,Groups,Direct,0,0,0,D,E,0,No Deposit,273.0,101,Transient-Party,67.99,0,0
Resort Hotel,0,337,2016,October,42,9,2,5,2,0.0,0,HB,GBR,Groups,Direct,0,0,0,D,E,0,No Deposit,273.0,101,Transient-Party,67.99,0,0
Resort Hotel,1,337,2016,October,42,9,4,6,2,0.0,0,HB,PRT,Groups,Direct,0,0,0,D,D,0,No Deposit,273.0,101,Transient-Party,72.45,0,0
Resort Hotel,1,316,2016,October,42,9,4,6,2,0.0,0,HB,PRT,Groups,Direct,0,0,0,D,D,0,No Deposit,273.0,0,Transient-Party,72.45,0,0
Resort Hotel,1,236,2016,October,42,9,4,6,2,0.0,0,HB,PRT,Groups,Direct,0,0,0,A,A,0,No Deposit,273.0,0,Transient-Party,63.45,0,0
Resort Hotel,1,12,2016,October,42,10,1,1,2,0.0,0,BB,FRA,Online TA,TA/TO,0,0,0,A,A,0,No Deposit,240.0,0,Transient,60.0,0,0
Resort Hotel,0,362,2016,October,42,10,2,5,2,0.0,0,BB,GBR,Groups,Corporate,0,0,0,A,A,1,No Deposit,,0,Transient-Party,68.0,0,0
Resort Hotel,1,6,2016,October,42,11,0,2,2,0.0,0,BB,ESP,Online TA,TA/TO,0,0,0,E,E,0,No Deposit,240.0,0,Transient,95.0,0,2
Resort Hotel,1,18,2016,October,42,11,0,3,2,0.0,0,BB,PRT,Direct,Direct,0,0,0,D,E,0,No Deposit,,0,Transient,80.4,0,0
Resort Hotel,1,18,2016,October,42,11,0,3,2,0.0,0,HB,PRT,Groups,Corporate,0,0,0,E,E,1,No Deposit,,0,Transient-Party,81.0,0,0
Resort Hotel,0,363,2016,October,42,11,1,5,2,0.0,0,BB,GBR,Groups,Corporate,0,0,0,A,F,3,No Deposit,,0,Transient-Party,66.0,0,0
Resort Hotel,0,339,2016,October,42,11,2,5,2,0.0,0,BB,GBR,Groups,Direct,0,0,0,E,E,0,Refundable,273.0,150,Transient-Party,80.81,0,0
Resort Hotel,0,363,2016,October,42,11,2,5,2,0.0,0,BB,GBR,Groups,Corporate,0,0,0,A,D,1,No Deposit,,0,Transient-Party,66.0,0,0
Resort Hotel,0,339,2016,October,42,11,2,5,2,0.0,0,BB,GBR,Groups,Direct,0,0,0,E,E,0,Refundable,273.0,150,Transient-Party,80.81,0,0
Resort Hotel,0,364,2016,October,42,12,0,4,2,0.0,0,BB,GBR,Groups,Corporate,0,0,0,A,D,0,No Deposit,,0,Transient-Party,66.0,0,0
Resort Hotel,1,364,2016,October,42,12,0,4,2,0.0,0,BB,PRT,Groups,Corporate,0,0,0,A,A,0,No Deposit,,0,Transient-Party,46.0,0,0
Resort Hotel,1,364,2016,October,42,12,0,4,2,0.0,0,BB,PRT,Groups,Corporate,0,0,0,A,A,0,No Deposit,,0,Transient-Party,46.0,0,0
Resort Hotel,0,364,2016,October,42,12,0,4,2,0.0,0,BB,GBR,Groups,Corporate,0,0,0,A,D,0,No Deposit,,0,Transient-Party,66.0,0,0
Resort Hotel,0,364,2016,October,42,12,0,4,2,0.0,0,BB,GBR,Groups,Corporate,0,0,0,A,A,3,No Deposit,,0,Transient-Party,66.0,0,0
Resort Hotel,0,364,2016,October,42,12,0,4,2,0.0,0,BB,GBR,Groups,Corporate,0,0,0,A,A,0,No Deposit,,0,Transient-Party,66.0,0,0
Resort Hotel,0,364,2016,October,42,12,0,4,2,0.0,0,BB,GBR,Groups,Corporate,0,0,0,A,A,2,No Deposit,,0,Transient-Party,66.0,0,0
Resort Hotel,0,364,2016,October,42,12,0,4,2,0.0,0,BB,GBR,Groups,Corporate,0,0,0,A,D,0,No Deposit,,0,Transient-Party,66.0,0,0
Resort Hotel,0,364,2016,October,42,12,0,4,2,0.0,0,BB,GBR,Groups,Corporate,0,0,0,A,H,0,No Deposit,,0,Transient-Party,66.0,0,0
Resort Hotel,1,257,2016,October,42,12,0,4,2,0.0,0,BB,PRT,Online TA,TA/TO,0,0,0,A,A,0,No Deposit,240.0,0,Transient,76.0,0,0
Resort Hotel,0,364,2016,October,42,12,0,4,2,0.0,0,BB,GBR,Groups,Corporate,0,0,0,A,D,0,No Deposit,,0,Transient-Party,66.0,0,0
Resort Hotel,0,364,2016,October,42,12,0,4,2,0.0,0,BB,GBR,Groups,Corporate,0,0,0,A,D,0,No Deposit,,0,Transient-Party,66.0,0,0
Resort Hotel,0,364,2016,October,42,12,0,4,2,0.0,0,BB,GBR,Groups,Corporate,0,0,0,A,D,0,No Deposit,,0,Transient-Party,72.0,1,0
Resort Hotel,0,364,2016,October,42,12,0,4,2,0.0,0,BB,GBR,Groups,Corporate,0,0,0,A,A,2,No Deposit,,0,Transient-Party,66.0,0,0
Resort Hotel,0,364,2016,October,42,12,0,4,2,0.0,0,BB,GBR,Groups,Corporate,0,0,0,A,A,2,No Deposit,,0,Transient-Party,66.0,0,0
Resort Hotel,0,364,2016,October,42,12,1,4,2,0.0,0,BB,GBR,Groups,Corporate,0,0,0,A,G,3,No Deposit,,0,Transient-Party,137.0,1,1
Resort Hotel,0,364,2016,October,42,12,1,4,2,0.0,0,BB,GBR,Groups,Corporate,0,0,0,A,A,2,No Deposit,,0,Transient-Party,68.0,0,0
Resort Hotel,0,364,2016,October,42,12,1,4,2,0.0,0,BB,GBR,Groups,Corporate,0,0,0,A,C,1,No Deposit,,0,Transient-Party,66.0,0,0
Resort Hotel,0,364,2016,October,42,12,1,4,2,0.0,0,BB,GBR,Groups,Corporate,0,0,0,A,A,1,No Deposit,,0,Transient-Party,72.0,0,0
Resort Hotel,0,364,2016,October,42,12,1,4,2,0.0,0,BB,GBR,Groups,Corporate,0,0,0,A,A,3,No Deposit,,0,Transient-Party,66.0,0,0
Resort Hotel,0,364,2016,October,42,12,1,4,2,0.0,0,BB,GBR,Groups,Corporate,0,0,0,A,A,1,No Deposit,,0,Transient-Party,74.0,1,0
Resort Hotel,0,364,2016,October,42,12,1,4,2,0.0,0,BB,GBR,Groups,Corporate,0,0,0,A,A,1,No Deposit,,0,Transient-Party,72.0,1,0
Resort Hotel,0,364,2016,October,42,12,1,4,2,0.0,0,BB,GBR,Groups,Corporate,0,0,0,A,A,3,No Deposit,,0,Transient-Party,66.0,0,0
Resort Hotel,0,364,2016,October,42,12,1,4,2,0.0,0,BB,GBR,Groups,Corporate,0,0,0,A,E,2,No Deposit,,0,Transient-Party,86.0,0,0
Resort Hotel,0,364,2016,October,42,12,1,4,2,0.0,0,BB,GBR,Groups,Corporate,0,0,0,A,A,3,No Deposit,,0,Transient-Party,66.0,0,0
Resort Hotel,0,364,2016,October,42,12,1,4,2,0.0,0,BB,GBR,Groups,Corporate,0,0,0,A,A,1,No Deposit,,0,Transient-Party,66.0,0,0
Resort Hotel,0,364,2016,October,42,12,1,4,2,0.0,0,BB,GBR,Groups,Corporate,0,0,0,A,A,1,No Deposit,,0,Transient-Party,68.0,0,0
Resort Hotel,0,364,2016,October,42,12,1,4,2,0.0,0,BB,GBR,Groups,Corporate,0,0,0,A,E,2,No Deposit,,0,Transient-Party,86.0,0,0
Resort Hotel,0,364,2016,October,42,12,1,4,2,0.0,0,BB,GBR,Groups,Corporate,0,0,0,A,D,1,No Deposit,,0,Transient-Party,66.0,0,0
Resort Hotel,0,364,2016,October,42,12,1,4,2,0.0,0,BB,GBR,Groups,Corporate,0,0,0,A,A,2,No Deposit,,0,Transient-Party,66.0,0,0
Resort Hotel,0,364,2016,October,42,12,1,4,2,0.0,0,BB,GBR,Groups,Corporate,0,0,0,A,A,1,No Deposit,,0,Transient-Party,72.0,1,0
Resort Hotel,0,364,2016,October,42,12,1,4,2,0.0,0,BB,GBR,Groups,Corporate,0,0,0,A,A,3,No Deposit,,0,Transient-Party,66.0,0,0
Resort Hotel,0,364,2016,October,42,12,2,4,2,0.0,0,BB,GBR,Groups,Corporate,0,0,0,A,A,2,No Deposit,,0,Transient-Party,72.0,1,0
Resort Hotel,0,364,2016,October,42,12,2,5,2,0.0,0,BB,GBR,Groups,Corporate,0,0,0,A,A,1,No Deposit,,0,Transient-Party,72.0,1,0
Resort Hotel,0,364,2016,October,42,12,2,4,2,0.0,0,BB,GBR,Groups,Corporate,0,0,0,A,A,2,No Deposit,,0,Transient-Party,66.0,0,0
Resort Hotel,1,149,2016,October,42,13,0,2,2,0.0,0,BB,PRT,Online TA,TA/TO,0,0,0,F,F,0,No Deposit,241.0,0,Transient,246.02,0,1
Resort Hotel,0,365,2016,October,42,13,1,3,2,0.0,0,BB,NLD,Groups,Corporate,0,0,0,A,B,1,No Deposit,,0,Transient-Party,66.0,0,0
Resort Hotel,0,365,2016,October,42,13,1,3,2,0.0,0,BB,NLD,Groups,Corporate,0,0,0,A,H,1,No Deposit,,0,Transient-Party,66.0,0,0
Resort Hotel,0,365,2016,October,42,13,2,3,2,0.0,0,BB,NLD,Groups,Corporate,0,0,0,A,A,1,No Deposit,,0,Transient-Party,72.0,1,0
Resort Hotel,0,365,2016,October,42,13,2,3,2,0.0,0,BB,BEL,Groups,Corporate,0,0,0,A,D,1,No Deposit,,0,Transient-Party,66.0,0,0
Resort Hotel,0,342,2016,October,42,14,2,5,2,0.0,0,BB,GBR,Groups,Direct,0,0,0,E,E,0,No Deposit,273.0,125,Transient-Party,80.81,0,0
Resort Hotel,0,342,2016,October,42,14,2,5,2,0.0,0,BB,GBR,Groups,Direct,0,0,0,E,F,0,No Deposit,273.0,125,Transient-Party,80.81,0,0
Resort Hotel,0,342,2016,October,42,14,2,5,2,0.0,0,BB,GBR,Groups,Direct,0,0,0,E,G,0,No Deposit,273.0,125,Transient-Party,80.81,0,0
Resort Hotel,1,249,2016,October,42,14,2,5,2,0.0,0,HB,PRT,Groups,Direct,0,0,0,A,A,0,No Deposit,273.0,0,Transient-Party,60.36,0,0
Resort Hotel,0,342,2016,October,42,14,2,5,2,0.0,0,BB,GBR,Groups,Direct,0,0,0,E,F,0,No Deposit,273.0,125,Transient-Party,80.81,0,0
Resort Hotel,1,342,2016,October,42,14,2,5,2,0.0,0,HB,PRT,Groups,Direct,0,0,0,E,G,0,No Deposit,273.0,125,Transient-Party,78.81,0,0
Resort Hotel,0,342,2016,October,42,14,2,5,2,0.0,0,BB,GBR,Groups,Direct,0,0,0,E,E,0,No Deposit,273.0,125,Transient-Party,80.81,0,0
Resort Hotel,0,342,2016,October,42,14,2,5,2,0.0,0,BB,GBR,Groups,Direct,0,0,0,D,D,0,No Deposit,273.0,125,Transient-Party,71.36,0,0
Resort Hotel,0,342,2016,October,42,14,2,5,2,0.0,0,BB,GBR,Groups,Direct,0,0,0,E,F,0,No Deposit,273.0,125,Transient-Party,80.81,0,0
Resort Hotel,1,435,2016,October,42,14,2,6,2,0.0,0,HB,PRT,Offline TA/TO,TA/TO,0,0,0,A,A,0,No Deposit,2.0,0,Contract,63.4,0,0
Resort Hotel,0,342,2016,October,42,14,2,5,2,0.0,0,BB,BRA,Groups,Direct,0,0,0,E,E,0,No Deposit,273.0,125,Transient-Party,80.81,0,0
Resort Hotel,1,12,2016,October,42,15,0,1,2,0.0,0,BB,PRT,Complementary,Corporate,0,0,0,A,A,0,No Deposit,,0,Transient,0.0,0,0
Resort Hotel,1,115,2016,October,42,15,0,1,2,0.0,0,BB,PRT,Groups,Direct,0,0,0,A,A,0,No Deposit,273.0,0,Transient-Party,41.85,0,0
Resort Hotel,1,24,2016,October,42,15,0,1,2,0.0,0,BB,ESP,Direct,Direct,0,0,0,G,G,1,No Deposit,250.0,0,Transient,141.0,0,1
Resort Hotel,1,24,2016,October,42,15,0,1,2,0.0,0,BB,ESP,Direct,Direct,0,0,0,G,G,1,No Deposit,250.0,0,Transient,135.0,0,1
Resort Hotel,1,198,2016,October,42,15,2,5,2,0.0,0,BB,AUT,Online TA,TA/TO,0,0,0,D,D,2,No Deposit,240.0,0,Transient-Party,68.0,0,0
Resort Hotel,1,198,2016,October,42,15,2,5,2,0.0,0,BB,AUT,Online TA,TA/TO,0,0,0,D,D,2,No Deposit,240.0,0,Transient-Party,68.0,0,0
Resort Hotel,1,198,2016,October,42,15,2,5,2,0.0,0,BB,AUT,Online TA,TA/TO,0,0,0,D,D,1,No Deposit,240.0,0,Transient-Party,68.0,0,0
Resort Hotel,1,198,2016,October,42,15,2,5,2,0.0,0,BB,AUT,Online TA,TA/TO,0,0,0,D,D,2,No Deposit,240.0,0,Transient-Party,68.0,0,0
Resort Hotel,1,198,2016,October,42,15,2,5,2,0.0,0,BB,AUT,Online TA,TA/TO,0,0,0,D,D,2,No Deposit,240.0,0,Transient-Party,68.0,0,0
Resort Hotel,1,198,2016,October,42,15,2,5,2,0.0,0,BB,AUT,Online TA,TA/TO,0,0,0,A,A,2,No Deposit,240.0,0,Transient-Party,60.83,0,0
Resort Hotel,1,198,2016,October,42,15,2,5,2,0.0,0,BB,AUT,Online TA,TA/TO,0,0,0,D,D,2,No Deposit,240.0,0,Transient-Party,68.0,0,0
Resort Hotel,1,198,2016,October,42,15,2,5,2,0.0,0,BB,AUT,Online TA,TA/TO,0,0,0,D,D,2,No Deposit,240.0,0,Transient-Party,68.0,0,0
Resort Hotel,1,198,2016,October,42,15,2,5,2,0.0,0,BB,AUT,Online TA,TA/TO,0,0,0,D,D,1,No Deposit,240.0,0,Transient-Party,68.0,0,0
Resort Hotel,1,198,2016,October,42,15,2,5,2,0.0,0,BB,AUT,Online TA,TA/TO,0,0,0,A,A,2,No Deposit,240.0,0,Transient-Party,60.83,0,0
Resort Hotel,1,375,2016,October,42,15,4,10,2,0.0,0,HB,PRT,Offline TA/TO,TA/TO,0,0,0,A,A,0,No Deposit,143.0,0,Contract,59.5,0,0
Resort Hotel,1,27,2016,October,43,16,2,0,2,0.0,0,BB,PRT,Online TA,TA/TO,0,0,0,A,A,0,No Deposit,184.0,0,Transient,57.0,0,0
Resort Hotel,1,181,2016,October,43,16,2,1,2,0.0,0,BB,PRT,Groups,TA/TO,0,0,0,A,A,0,Non Refund,11.0,0,Transient,37.0,0,0
Resort Hotel,1,181,2016,October,43,16,2,1,2,0.0,0,BB,PRT,Groups,TA/TO,0,0,0,A,A,0,Non Refund,11.0,0,Transient,37.0,0,0
Resort Hotel,1,181,2016,October,43,16,2,1,2,0.0,0,BB,PRT,Groups,TA/TO,0,0,0,A,A,0,Non Refund,11.0,0,Transient,37.0,0,0
Resort Hotel,1,181,2016,October,43,16,2,1,2,0.0,0,BB,PRT,Groups,TA/TO,0,0,0,A,A,0,Non Refund,11.0,0,Transient,37.0,0,0
Resort Hotel,1,181,2016,October,43,16,2,1,2,0.0,0,BB,PRT,Groups,TA/TO,0,0,0,A,A,0,Non Refund,11.0,0,Transient,37.0,0,0
Resort Hotel,1,181,2016,October,43,16,2,1,2,0.0,0,BB,PRT,Groups,TA/TO,0,0,0,A,A,0,Non Refund,11.0,0,Transient,37.0,0,0
Resort Hotel,1,181,2016,October,43,16,2,1,2,0.0,0,BB,PRT,Groups,TA/TO,0,0,0,A,A,0,Non Refund,11.0,0,Transient,37.0,0,0
Resort Hotel,1,181,2016,October,43,16,2,1,2,0.0,0,BB,PRT,Groups,TA/TO,0,0,0,A,A,0,Non Refund,11.0,0,Transient,37.0,0,0
Resort Hotel,1,181,2016,October,43,16,2,1,2,0.0,0,BB,PRT,Groups,TA/TO,0,0,0,A,A,0,Non Refund,11.0,0,Transient,37.0,0,0
Resort Hotel,1,181,2016,October,43,16,2,1,2,0.0,0,BB,PRT,Groups,TA/TO,0,0,0,A,A,0,Non Refund,11.0,0,Transient,37.0,0,0
Resort Hotel,1,181,2016,October,43,16,2,1,2,0.0,0,BB,PRT,Groups,TA/TO,0,0,0,A,A,0,Non Refund,11.0,0,Transient,37.0,0,0
Resort Hotel,1,181,2016,October,43,16,2,1,2,0.0,0,BB,PRT,Groups,TA/TO,0,0,0,A,A,0,Non Refund,11.0,0,Transient,37.0,0,0
Resort Hotel,1,181,2016,October,43,16,2,1,2,0.0,0,BB,PRT,Groups,TA/TO,0,0,0,A,A,0,Non Refund,11.0,0,Transient,37.0,0,0
Resort Hotel,1,181,2016,October,43,16,2,1,2,0.0,0,BB,PRT,Groups,TA/TO,0,0,0,A,A,0,Non Refund,11.0,0,Transient,37.0,0,0
Resort Hotel,1,181,2016,October,43,16,2,1,2,0.0,0,BB,PRT,Groups,TA/TO,0,0,0,A,A,0,Non Refund,11.0,0,Transient,37.0,0,0
Resort Hotel,1,181,2016,October,43,16,2,1,2,0.0,0,BB,PRT,Groups,TA/TO,0,0,0,A,A,0,Non Refund,11.0,0,Transient,37.0,0,0
Resort Hotel,1,23,2016,October,43,16,2,2,2,0.0,0,HB,PRT,Groups,Corporate,0,0,0,E,E,0,No Deposit,,0,Transient-Party,81.0,0,0
Resort Hotel,1,23,2016,October,43,16,2,2,2,0.0,0,HB,PRT,Groups,Corporate,0,0,0,E,E,0,No Deposit,,0,Transient-Party,81.0,0,0
Resort Hotel,1,14,2016,October,43,16,2,2,2,0.0,0,BB,FRA,Online TA,TA/TO,0,0,0,A,A,0,No Deposit,240.0,0,Transient,60.0,0,1
Resort Hotel,1,19,2016,October,43,16,2,3,2,0.0,0,BB,GBR,Online TA,TA/TO,0,0,0,A,A,0,No Deposit,240.0,0,Transient,60.0,0,1
Resort Hotel,1,30,2016,October,43,16,2,3,2,0.0,0,BB,DEU,Online TA,TA/TO,0,0,0,A,A,0,No Deposit,240.0,0,Transient,65.0,0,1
Resort Hotel,1,47,2016,October,43,16,2,3,2,0.0,0,BB,PRT,Online TA,TA/TO,0,0,0,A,A,0,No Deposit,240.0,0,Transient,75.0,0,1
Resort Hotel,1,31,2016,October,43,16,2,2,2,0.0,0,BB,ESP,Online TA,TA/TO,0,0,0,A,A,0,No Deposit,240.0,0,Transient,60.0,0,2
Resort Hotel,1,247,2016,October,43,16,2,5,2,0.0,0,HB,PRT,Online TA,TA/TO,0,0,0,E,E,1,No Deposit,242.0,0,Transient,120.0,0,0
Resort Hotel,1,244,2016,October,43,16,2,5,2,0.0,0,HB,PRT,Online TA,TA/TO,0,0,0,E,E,0,No Deposit,240.0,0,Transient,120.0,0,1
Resort Hotel,1,247,2016,October,43,16,2,5,2,0.0,0,HB,PRT,Online TA,TA/TO,0,0,0,E,E,1,No Deposit,242.0,0,Transient,120.0,0,2
Resort Hotel,0,382,2016,October,43,16,3,5,2,0.0,0,BB,GBR,Groups,Corporate,0,0,0,A,A,2,No Deposit,,0,Transient-Party,49.0,0,0
Resort Hotel,1,67,2016,October,43,17,1,0,2,0.0,0,BB,BEL,Online TA,TA/TO,0,0,0,D,D,0,No Deposit,240.0,0,Transient,68.0,0,2
Resort Hotel,1,161,2016,October,43,17,1,1,2,0.0,0,BB,BEL,Online TA,TA/TO,0,0,0,D,D,0,No Deposit,240.0,0,Transient,68.0,0,0
Resort Hotel,1,17,2016,October,43,17,1,2,2,0.0,0,BB,GBR,Online TA,TA/TO,0,0,0,A,A,0,No Deposit,240.0,0,Transient,60.0,0,1
Resort Hotel,1,22,2016,October,43,17,1,2,2,0.0,0,BB,GBR,Online TA,TA/TO,0,0,0,A,A,0,No Deposit,240.0,0,Transient,60.0,0,2
Resort Hotel,1,58,2016,October,43,17,1,3,2,0.0,0,BB,GBR,Online TA,TA/TO,0,0,0,A,A,0,No Deposit,240.0,0,Transient,58.0,0,1
Resort Hotel,1,62,2016,October,43,17,1,3,2,0.0,0,HB,GBR,Online TA,TA/TO,0,0,0,D,D,0,No Deposit,240.0,0,Transient,98.0,0,1
Resort Hotel,1,95,2016,October,43,17,1,4,2,0.0,0,BB,POL,Online TA,TA/TO,0,0,0,A,A,0,No Deposit,240.0,0,Transient,58.0,0,1
Resort Hotel,1,224,2016,October,43,17,2,5,2,0.0,0,BB,GBR,Online TA,TA/TO,0,0,0,A,A,0,No Deposit,240.0,0,Transient-Party,62.29,0,0
Resort Hotel,1,180,2016,October,43,17,2,5,2,0.0,0,BB,GBR,Online TA,TA/TO,0,0,0,A,A,0,No Deposit,240.0,0,Transient,57.0,0,0
Resort Hotel,1,224,2016,October,43,17,2,5,2,0.0,0,BB,GBR,Online TA,TA/TO,0,0,0,A,A,0,No Deposit,240.0,0,Transient,62.29,0,0
Resort Hotel,1,224,2016,October,43,17,2,5,2,0.0,0,BB,GBR,Online TA,TA/TO,0,0,0,A,A,0,No Deposit,240.0,0,Transient-Party,62.29,0,0
Resort Hotel,1,224,2016,October,43,17,2,5,2,0.0,0,BB,GBR,Online TA,TA/TO,0,0,0,A,A,0,No Deposit,240.0,0,Transient,62.29,0,0
Resort Hotel,1,109,2016,October,43,17,3,5,2,0.0,0,BB,IRL,Online TA,TA/TO,0,0,0,A,A,0,No Deposit,240.0,0,Transient,58.0,0,0
Resort Hotel,1,71,2016,October,43,18,0,2,2,0.0,0,BB,PRT,Online TA,TA/TO,0,0,0,A,A,0,No Deposit,241.0,0,Transient,44.66,0,1
Resort Hotel,1,71,2016,October,43,18,0,2,2,0.0,0,BB,PRT,Online TA,TA/TO,0,0,0,A,A,0,No Deposit,241.0,0,Transient,44.66,0,1
Resort Hotel,1,71,2016,October,43,18,0,2,2,0.0,0,BB,PRT,Online TA,TA/TO,0,0,0,A,A,0,No Deposit,241.0,0,Transient,44.66,0,1
Resort Hotel,1,71,2016,October,43,18,0,2,2,0.0,0,BB,PRT,Online TA,TA/TO,0,0,0,A,A,0,No Deposit,241.0,0,Transient,44.66,0,1
Resort Hotel,1,18,2016,October,43,18,0,2,2,0.0,0,BB,FRA,Online TA,TA/TO,0,0,0,A,A,0,No Deposit,240.0,0,Transient,72.0,0,3
Resort Hotel,1,71,2016,October,43,18,0,2,2,0.0,0,BB,PRT,Online TA,TA/TO,0,0,0,A,A,0,No Deposit,241.0,0,Transient,44.66,0,1
Resort Hotel,1,41,2016,October,43,18,0,3,2,0.0,0,BB,ESP,Online TA,TA/TO,0,0,0,A,A,0,No Deposit,240.0,0,Transient,63.67,0,1
Resort Hotel,1,22,2016,October,43,18,0,3,2,0.0,0,BB,ESP,Online TA,TA/TO,0,0,0,A,A,0,No Deposit,240.0,0,Transient,60.0,0,1
Resort Hotel,1,386,2016,October,43,18,0,3,2,0.0,0,BB,PRT,Direct,Direct,0,0,0,A,A,0,No Deposit,,0,Transient,50.4,0,2
Resort Hotel,1,116,2016,October,43,18,0,4,2,0.0,0,BB,GBR,Online TA,TA/TO,0,0,0,A,A,0,No Deposit,240.0,0,Transient,58.0,0,0
Resort Hotel,1,63,2016,October,43,18,0,4,2,0.0,0,BB,DEU,Online TA,TA/TO,0,0,0,D,D,0,No Deposit,240.0,0,Transient,74.0,0,2
Resort Hotel,1,386,2016,October,43,18,0,5,2,0.0,0,BB,PRT,Direct,Direct,0,0,0,A,A,1,No Deposit,,0,Transient,50.4,0,2
Resort Hotel,1,127,2016,October,43,19,0,2,2,0.0,0,BB,GBR,Online TA,TA/TO,0,0,0,D,D,0,No Deposit,240.0,0,Transient,68.0,0,1
Resort Hotel,1,127,2016,October,43,19,0,2,2,0.0,0,BB,GBR,Online TA,TA/TO,0,0,0,D,D,0,No Deposit,240.0,0,Transient,68.0,0,1
Resort Hotel,1,15,2016,October,43,19,0,2,2,0.0,0,BB,PRT,Online TA,TA/TO,0,0,0,D,D,0,No Deposit,240.0,0,Transient,85.0,0,1
Resort Hotel,1,23,2016,October,43,19,0,3,2,0.0,0,BB,ZAF,Online TA,TA/TO,0,0,0,A,A,0,No Deposit,240.0,0,Transient,60.0,0,1
Resort Hotel,1,211,2016,October,43,19,0,3,2,0.0,0,BB,GBR,Online TA,TA/TO,0,0,0,D,D,0,No Deposit,240.0,0,Transient,67.8,0,0
Resort Hotel,1,123,2016,October,43,19,0,4,2,0.0,0,BB,ZAF,Online TA,TA/TO,0,0,0,A,D,1,No Deposit,240.0,0,Transient,58.0,0,2
Resort Hotel,0,385,2016,October,43,19,1,4,2,0.0,0,BB,GBR,Groups,Corporate,0,0,0,A,A,1,No Deposit,,0,Transient-Party,55.0,2,0
Resort Hotel,0,385,2016,October,43,19,1,4,2,0.0,0,BB,GBR,Groups,Corporate,0,0,0,A,A,1,No Deposit,,0,Transient-Party,55.0,1,0
Resort Hotel,0,385,2016,October,43,19,1,4,2,0.0,0,BB,GBR,Groups,Corporate,0,0,0,A,A,1,No Deposit,,0,Transient-Party,49.0,0,0
Resort Hotel,1,20,2016,October,43,19,0,3,2,0.0,0,BB,PRT,Online TA,TA/TO,0,0,0,A,A,0,No Deposit,240.0,0,Transient,60.0,0,0
Resort Hotel,0,385,2016,October,43,19,1,4,2,0.0,0,BB,GBR,Groups,Corporate,0,0,0,A,A,1,No Deposit,,0,Transient-Party,51.0,0,0
Resort Hotel,1,123,2016,October,43,19,2,5,2,0.0,0,BB,GBR,Online TA,TA/TO,0,0,0,A,A,0,No Deposit,240.0,0,Transient,58.0,0,1
Resort Hotel,1,99,2016,October,43,20,0,2,2,0.0,0,BB,PRT,Online TA,TA/TO,0,0,0,D,D,0,No Deposit,240.0,0,Transient,68.0,0,0
Resort Hotel,1,386,2016,October,43,20,0,3,2,0.0,0,BB,PRT,Groups,Corporate,0,0,0,A,A,0,No Deposit,,0,Transient-Party,49.0,0,0
Resort Hotel,1,113,2016,October,43,20,0,3,2,0.0,0,BB,IRL,Online TA,TA/TO,0,0,0,A,A,0,No Deposit,240.0,0,Transient,58.0,0,0
Resort Hotel,1,386,2016,October,43,20,1,3,2,0.0,0,BB,PRT,Groups,Corporate,0,0,0,A,A,0,No Deposit,,0,Transient-Party,49.0,0,0
Resort Hotel,1,386,2016,October,43,20,1,3,2,0.0,0,BB,PRT,Groups,Corporate,0,0,0,A,A,0,No Deposit,,0,Transient-Party,49.0,0,0
Resort Hotel,0,386,2016,October,43,20,1,3,2,0.0,0,BB,GBR,Groups,Corporate,0,0,0,A,A,2,No Deposit,,0,Transient-Party,49.0,0,0
Resort Hotel,1,34,2016,October,43,20,1,3,2,0.0,0,BB,PRT,Groups,Corporate,0,0,0,A,A,0,No Deposit,,0,Transient-Party,49.0,0,0
Resort Hotel,0,386,2016,October,43,20,1,3,2,0.0,0,BB,GBR,Groups,Corporate,0,0,0,A,A,2,No Deposit,,0,Transient-Party,49.0,0,0
Resort Hotel,1,386,2016,October,43,20,1,3,2,0.0,0,BB,PRT,Groups,Corporate,0,0,0,A,A,0,No Deposit,,0,Transient-Party,49.0,0,0
Resort Hotel,1,386,2016,October,43,20,1,3,2,0.0,0,BB,PRT,Groups,Corporate,0,0,0,A,A,0,No Deposit,,0,Transient-Party,49.0,0,0
Resort Hotel,1,386,2016,October,43,20,1,3,2,0.0,0,BB,PRT,Groups,Corporate,0,0,0,A,A,0,No Deposit,,0,Transient-Party,49.0,0,0
Resort Hotel,1,386,2016,October,43,20,1,3,2,0.0,0,BB,PRT,Groups,Corporate,0,0,0,A,A,0,No Deposit,,0,Transient-Party,49.0,0,0
Resort Hotel,1,386,2016,October,43,20,1,3,2,0.0,0,BB,PRT,Groups,Corporate,0,0,0,A,A,0,No Deposit,,0,Transient-Party,49.0,0,0
Resort Hotel,0,386,2016,October,43,20,1,3,2,0.0,0,BB,GBR,Groups,Corporate,0,0,0,A,A,2,No Deposit,,0,Transient-Party,49.0,0,0
Resort Hotel,1,386,2016,October,43,20,1,3,2,0.0,0,BB,PRT,Groups,Corporate,0,0,0,A,A,0,No Deposit,,0,Transient-Party,49.0,0,0
Resort Hotel,1,386,2016,October,43,20,1,3,2,0.0,0,BB,PRT,Groups,Corporate,0,0,0,A,A,0,No Deposit,,0,Transient-Party,49.0,0,0
Resort Hotel,1,386,2016,October,43,20,1,3,2,0.0,0,BB,PRT,Groups,Corporate,0,0,0,A,A,0,No Deposit,,0,Transient-Party,49.0,0,0
Resort Hotel,1,386,2016,October,43,20,1,3,2,0.0,0,BB,PRT,Groups,Corporate,0,0,0,A,A,0,No Deposit,,0,Transient-Party,49.0,0,0
Resort Hotel,1,3,2016,October,43,20,2,4,2,0.0,0,BB,PRT,Groups,Corporate,0,0,0,E,E,0,No Deposit,,0,Transient-Party,8.0,0,0
Resort Hotel,1,111,2016,October,43,21,0,1,2,0.0,0,HB,PRT,Online TA,TA/TO,0,0,0,E,E,0,No Deposit,240.0,0,Transient,110.0,0,1
Resort Hotel,1,70,2016,October,43,21,0,1,2,0.0,0,BB,PRT,Offline TA/TO,TA/TO,0,0,0,D,D,0,No Deposit,251.0,0,Transient,59.0,0,0
Resort Hotel,1,24,2016,October,43,21,0,1,2,0.0,0,BB,PRT,Corporate,Corporate,0,0,0,D,D,1,No Deposit,,0,Transient-Party,60.0,0,1
Resort Hotel,0,8,2016,October,43,21,0,2,2,0.0,0,HB,PRT,Direct,Direct,0,0,0,F,F,1,No Deposit,250.0,0,Transient,129.0,0,0
Resort Hotel,1,135,2016,October,43,21,0,2,2,0.0,0,BB,GBR,Online TA,TA/TO,0,0,0,D,D,0,No Deposit,240.0,0,Transient,68.0,0,0
Resort Hotel,1,124,2016,October,43,21,0,2,2,0.0,0,HB,GBR,Online TA,TA/TO,0,0,0,F,F,0,No Deposit,241.0,0,Transient,92.4,0,2
Resort Hotel,1,110,2016,October,43,21,0,2,2,0.0,0,HB,PRT,Online TA,TA/TO,0,0,0,D,D,0,No Deposit,241.0,0,Transient,77.0,0,0
Resort Hotel,1,135,2016,October,43,21,0,2,2,0.0,0,BB,GBR,Online TA,TA/TO,0,0,0,D,D,0,No Deposit,240.0,0,Transient,68.0,0,0
Resort Hotel,1,24,2016,October,43,21,0,2,2,0.0,0,BB,PRT,Online TA,TA/TO,0,0,0,D,D,0,No Deposit,240.0,0,Transient,75.0,0,2
Resort Hotel,1,179,2016,October,43,21,1,2,2,0.0,0,BB,PRT,Online TA,TA/TO,0,0,0,E,E,0,No Deposit,240.0,0,Transient,75.33,0,3
Resort Hotel,1,27,2016,October,43,21,0,1,2,0.0,0,BB,SWE,Online TA,TA/TO,0,0,0,E,E,0,No Deposit,240.0,0,Transient,115.0,0,1
Resort Hotel,1,173,2016,October,43,21,1,2,2,0.0,0,BB,IRL,Online TA,TA/TO,0,0,0,D,D,0,No Deposit,240.0,0,Transient,65.33,0,0
Resort Hotel,1,164,2016,October,43,21,2,2,2,0.0,0,BB,IRL,Online TA,TA/TO,0,0,0,D,D,0,No Deposit,240.0,0,Transient,63.5,0,3
Resort Hotel,1,4,2016,October,43,21,2,3,2,0.0,0,BB,PRT,Groups,Corporate,0,0,0,G,G,0,No Deposit,,0,Transient-Party,8.0,0,0
Resort Hotel,1,4,2016,October,43,21,2,4,2,0.0,0,BB,PRT,Groups,Corporate,0,0,0,G,G,0,No Deposit,,0,Transient-Party,8.0,0,0
Resort Hotel,1,314,2016,October,43,21,2,5,2,0.0,0,FB,PRT,Offline TA/TO,TA/TO,0,0,0,A,A,0,No Deposit,177.0,0,Transient,82.8,0,0
Resort Hotel,1,100,2016,October,43,22,1,1,2,0.0,0,BB,PRT,Complementary,Direct,0,0,0,G,G,0,No Deposit,,0,Transient,0.0,0,0
Resort Hotel,1,124,2016,October,43,22,2,2,2,0.0,0,BB,PRT,Groups,Corporate,0,0,0,E,E,0,No Deposit,,0,Transient-Party,75.0,0,0
Resort Hotel,1,138,2016,October,43,22,2,2,2,0.0,0,BB,SWE,Online TA,TA/TO,0,0,0,D,D,0,No Deposit,240.0,0,Transient,68.0,0,0
Resort Hotel,1,141,2016,October,43,22,2,2,2,0.0,0,BB,SWE,Online TA,TA/TO,0,0,0,E,E,0,No Deposit,240.0,0,Transient,78.0,0,0
Resort Hotel,1,178,2016,October,43,22,2,2,2,0.0,0,BB,SWE,Online TA,TA/TO,0,0,0,E,E,0,No Deposit,240.0,0,Transient,70.75,0,0
Resort Hotel,1,178,2016,October,43,22,2,2,2,0.0,0,BB,SWE,Online TA,TA/TO,0,0,0,E,E,0,No Deposit,240.0,0,Transient,70.75,0,0
Resort Hotel,1,66,2016,October,43,22,2,2,2,0.0,0,BB,PRT,Groups,Corporate,0,0,0,G,G,1,No Deposit,,0,Transient-Party,115.0,0,0
Resort Hotel,1,138,2016,October,43,22,2,2,2,0.0,0,BB,SWE,Online TA,TA/TO,0,0,0,D,D,0,No Deposit,240.0,0,Transient,68.0,0,0
Resort Hotel,1,135,2016,October,43,22,2,2,2,0.0,0,BB,SWE,Online TA,TA/TO,0,0,0,D,D,0,No Deposit,240.0,0,Transient,68.0,0,0
Resort Hotel,1,135,2016,October,43,22,2,2,2,0.0,0,BB,SWE,Online TA,TA/TO,0,0,0,D,D,0,No Deposit,240.0,0,Transient,68.0,0,0
Resort Hotel,1,17,2016,October,43,22,2,2,2,0.0,0,BB,SWE,Online TA,TA/TO,0,0,0,D,D,0,No Deposit,240.0,0,Transient,85.0,0,0
Resort Hotel,1,82,2016,October,43,22,2,2,2,0.0,0,BB,PRT,Groups,Corporate,0,0,0,E,E,1,No Deposit,,0,Transient-Party,75.0,0,0
Resort Hotel,1,135,2016,October,43,22,2,2,2,0.0,0,BB,SWE,Online TA,TA/TO,0,0,0,D,D,0,No Deposit,240.0,0,Transient,68.0,0,0
Resort Hotel,1,141,2016,October,43,22,2,2,2,0.0,0,BB,SWE,Online TA,TA/TO,0,0,0,E,E,0,No Deposit,240.0,0,Transient,78.0,0,0
Resort Hotel,1,178,2016,October,43,22,2,2,2,0.0,0,BB,SWE,Online TA,TA/TO,0,0,0,E,E,0,No Deposit,240.0,0,Transient,70.75,0,0
Resort Hotel,1,17,2016,October,43,22,2,2,2,0.0,0,BB,SWE,Online TA,TA/TO,0,0,0,D,D,0,No Deposit,240.0,0,Transient,85.0,0,0
Resort Hotel,1,135,2016,October,43,22,2,2,2,0.0,0,BB,SWE,Online TA,TA/TO,0,0,0,D,D,0,No Deposit,240.0,0,Transient,68.0,0,0
Resort Hotel,1,141,2016,October,43,22,2,2,2,0.0,0,BB,SWE,Online TA,TA/TO,0,0,0,E,E,0,No Deposit,240.0,0,Transient,78.0,0,0
Resort Hotel,1,124,2016,October,43,22,2,2,2,0.0,0,BB,PRT,Groups,Corporate,0,0,0,E,E,1,No Deposit,,0,Transient-Party,75.0,0,0
Resort Hotel,1,178,2016,October,43,22,2,2,2,0.0,0,BB,SWE,Online TA,TA/TO,0,0,0,E,E,0,No Deposit,240.0,0,Transient,70.75,0,0
Resort Hotel,1,178,2016,October,43,22,2,2,2,0.0,0,BB,SWE,Online TA,TA/TO,0,0,0,E,E,0,No Deposit,240.0,0,Transient,70.75,0,0
Resort Hotel,1,178,2016,October,43,22,2,2,2,0.0,0,BB,SWE,Online TA,TA/TO,0,0,0,E,E,0,No Deposit,240.0,0,Transient,70.75,0,0
Resort Hotel,1,5,2016,October,43,22,2,2,2,0.0,0,BB,PRT,Groups,Corporate,0,0,0,F,F,0,No Deposit,,0,Transient-Party,8.0,0,0
Resort Hotel,1,17,2016,October,43,22,2,2,2,0.0,0,BB,SWE,Online TA,TA/TO,0,0,0,D,D,0,No Deposit,240.0,0,Transient,95.0,0,0
Resort Hotel,1,124,2016,October,43,22,2,2,2,0.0,0,BB,PRT,Groups,Corporate,0,0,0,G,G,0,No Deposit,,0,Transient-Party,115.0,0,0
Resort Hotel,1,135,2016,October,43,22,2,2,2,0.0,0,BB,SWE,Online TA,TA/TO,0,0,0,D,D,0,No Deposit,240.0,0,Transient,68.0,0,0
Resort Hotel,1,138,2016,October,43,22,2,2,2,0.0,0,BB,SWE,Online TA,TA/TO,0,0,0,D,D,0,No Deposit,240.0,0,Transient,68.0,0,0
Resort Hotel,1,138,2016,October,43,22,2,2,2,0.0,0,BB,SWE,Online TA,TA/TO,0,0,0,D,D,0,No Deposit,240.0,0,Transient,68.0,0,0
Resort Hotel,1,178,2016,October,43,22,2,2,2,0.0,0,BB,SWE,Online TA,TA/TO,0,0,0,E,E,0,No Deposit,240.0,0,Transient,70.75,0,0
Resort Hotel,1,178,2016,October,43,22,2,2,2,0.0,0,BB,SWE,Online TA,TA/TO,0,0,0,E,E,0,No Deposit,240.0,0,Transient,70.75,0,0
Resort Hotel,1,124,2016,October,43,22,2,2,2,0.0,0,BB,PRT,Groups,Corporate,0,0,0,E,E,1,No Deposit,,0,Transient-Party,75.0,0,0
Resort Hotel,1,141,2016,October,43,22,2,2,2,0.0,0,BB,SWE,Online TA,TA/TO,0,0,0,E,E,0,No Deposit,240.0,0,Transient,78.0,0,0
Resort Hotel,1,178,2016,October,43,22,2,2,2,0.0,0,BB,SWE,Online TA,TA/TO,0,0,0,E,E,0,No Deposit,240.0,0,Transient,70.75,0,0
Resort Hotel,1,124,2016,October,43,22,2,3,2,0.0,0,BB,PRT,Groups,Corporate,0,0,0,D,D,1,No Deposit,,0,Transient-Party,65.0,0,0
Resort Hotel,1,124,2016,October,43,22,2,3,2,0.0,0,BB,PRT,Groups,Corporate,0,0,0,D,D,1,No Deposit,,0,Transient-Party,65.0,0,0
Resort Hotel,1,124,2016,October,43,22,2,3,2,0.0,0,BB,PRT,Groups,Corporate,0,0,0,D,D,1,No Deposit,,0,Transient-Party,65.0,0,0
Resort Hotel,1,124,2016,October,43,22,2,3,2,0.0,0,BB,PRT,Groups,Corporate,0,0,0,D,D,1,No Deposit,,0,Transient-Party,65.0,0,0
Resort Hotel,1,124,2016,October,43,22,2,3,2,0.0,0,BB,PRT,Groups,Corporate,0,0,0,D,D,1,No Deposit,,0,Transient-Party,65.0,0,0
Resort Hotel,1,124,2016,October,43,22,2,3,2,0.0,0,BB,PRT,Groups,Corporate,0,0,0,D,D,1,No Deposit,,0,Transient-Party,65.0,0,0
Resort Hotel,1,124,2016,October,43,22,2,3,2,0.0,0,BB,PRT,Groups,Corporate,0,0,0,D,D,1,No Deposit,,0,Transient-Party,65.0,0,0
Resort Hotel,1,17,2016,October,43,22,2,2,2,0.0,0,BB,SWE,Online TA,TA/TO,0,0,0,D,D,0,No Deposit,240.0,0,Transient,85.0,0,0
Resort Hotel,1,138,2016,October,43,22,2,2,2,0.0,0,BB,SWE,Online TA,TA/TO,0,0,0,D,D,0,No Deposit,240.0,0,Transient,68.0,0,0
Resort Hotel,1,135,2016,October,43,22,2,2,2,0.0,0,BB,SWE,Online TA,TA/TO,0,0,0,D,D,0,No Deposit,240.0,0,Transient,68.0,0,0
Resort Hotel,1,135,2016,October,43,22,2,2,2,0.0,0,BB,SWE,Online TA,TA/TO,0,0,0,D,D,0,No Deposit,240.0,0,Transient,68.0,0,0
Resort Hotel,1,178,2016,October,43,22,2,2,2,0.0,0,BB,SWE,Online TA,TA/TO,0,0,0,E,E,0,No Deposit,240.0,0,Transient,70.75,0,0
Resort Hotel,1,114,2016,October,43,22,2,4,2,0.0,0,BB,PRT,Online TA,TA/TO,0,0,0,F,F,0,No Deposit,242.0,0,Transient,88.0,0,2
Resort Hotel,1,119,2016,October,43,22,2,5,2,0.0,0,BB,SWE,Online TA,TA/TO,0,0,0,D,D,0,No Deposit,240.0,0,Transient,68.0,0,0
Resort Hotel,1,167,2016,October,43,22,2,5,2,0.0,0,BB,GBR,Online TA,TA/TO,0,0,0,A,A,0,No Deposit,240.0,0,Transient,49.57,0,0
Resort Hotel,1,18,2016,October,44,23,2,1,2,0.0,0,BB,PRT,Offline TA/TO,TA/TO,0,0,0,A,A,0,No Deposit,177.0,0,Transient,46.0,0,0
Resort Hotel,1,39,2016,October,44,23,2,2,2,0.0,0,BB,GBR,Online TA,TA/TO,0,0,0,A,A,0,No Deposit,240.0,0,Transient,60.0,0,1
Resort Hotel,1,59,2016,October,44,23,2,2,2,0.0,0,HB,PRT,Online TA,TA/TO,0,0,0,D,D,0,No Deposit,242.0,0,Transient,120.0,0,2
Resort Hotel,1,203,2016,October,44,23,2,2,2,0.0,0,BB,IRL,Online TA,TA/TO,0,0,0,A,A,0,No Deposit,240.0,0,Transient,48.0,0,0
Resort Hotel,1,151,2016,October,44,23,2,3,2,0.0,0,BB,GBR,Online TA,TA/TO,0,0,0,A,A,0,No Deposit,240.0,0,Transient,48.0,0,0
Resort Hotel,1,89,2016,October,44,23,2,2,2,0.0,0,BB,PRT,Offline TA/TO,TA/TO,0,0,0,A,A,0,No Deposit,171.0,0,Transient,46.0,0,0
Resort Hotel,1,133,2016,October,44,23,2,3,2,0.0,0,BB,GBR,Online TA,TA/TO,0,0,0,A,A,0,No Deposit,240.0,0,Transient,58.0,0,1
Resort Hotel,1,133,2016,October,44,23,2,3,2,0.0,0,BB,GBR,Online TA,TA/TO,0,0,0,A,A,0,No Deposit,240.0,0,Transient,58.0,0,1
Resort Hotel,1,87,2016,October,44,23,2,4,2,0.0,0,HB,DZA,Online TA,TA/TO,0,0,0,D,D,0,No Deposit,240.0,0,Transient,98.0,0,0
Resort Hotel,1,76,2016,October,44,23,2,3,2,0.0,0,BB,ESP,Online TA,TA/TO,0,0,0,A,A,0,No Deposit,240.0,0,Transient,58.0,0,0
Resort Hotel,1,7,2016,October,44,24,1,1,2,0.0,0,BB,PRT,Groups,Corporate,0,0,0,D,D,0,No Deposit,,0,Transient-Party,8.0,0,0
Resort Hotel,1,35,2016,October,44,24,1,1,2,0.0,0,BB,ESP,Online TA,TA/TO,0,0,0,A,A,0,No Deposit,240.0,0,Transient,60.0,0,0
Resort Hotel,1,63,2016,October,44,24,1,1,2,0.0,0,BB,PRT,Online TA,TA/TO,0,0,0,A,A,0,No Deposit,240.0,0,Transient,58.0,0,2
Resort Hotel,1,29,2016,October,44,24,1,1,2,0.0,0,BB,ESP,Online TA,TA/TO,0,0,0,D,D,0,No Deposit,240.0,0,Transient,75.0,0,1
Resort Hotel,1,29,2016,October,44,24,1,1,2,0.0,0,BB,ESP,Online TA,TA/TO,0,0,0,A,A,0,No Deposit,240.0,0,Transient,60.0,0,1
Resort Hotel,1,31,2016,October,44,24,1,2,2,0.0,0,BB,BRA,Online TA,TA/TO,0,0,0,A,A,0,No Deposit,240.0,0,Transient,60.0,0,0
Resort Hotel,1,40,2016,October,44,24,1,2,2,0.0,0,HB,GBR,Online TA,TA/TO,0,0,0,D,D,0,No Deposit,240.0,0,Transient,105.0,0,0
Resort Hotel,1,50,2016,October,44,24,1,2,2,0.0,0,BB,FRA,Online TA,TA/TO,0,0,0,D,D,0,No Deposit,240.0,0,Transient,90.0,0,1
Resort Hotel,1,180,2016,October,44,24,1,3,2,0.0,0,BB,BRA,Online TA,TA/TO,0,0,0,A,A,0,No Deposit,240.0,0,Transient,48.0,0,1
Resort Hotel,1,66,2016,October,44,24,1,3,2,0.0,0,BB,GBR,Online TA,TA/TO,0,0,0,A,A,2,No Deposit,240.0,0,Transient,49.0,0,1
Resort Hotel,1,176,2016,October,44,24,1,3,2,0.0,0,BB,IRL,Online TA,TA/TO,0,0,0,D,D,0,No Deposit,240.0,0,Transient,58.0,0,0
Resort Hotel,1,65,2016,October,44,24,1,3,2,0.0,0,BB,IRL,Online TA,TA/TO,0,0,0,D,D,0,No Deposit,240.0,0,Transient,68.0,0,0
Resort Hotel,1,86,2016,October,44,24,1,5,2,0.0,0,HB,DZA,Online TA,TA/TO,0,0,0,D,D,0,No Deposit,240.0,0,Transient,98.0,0,2
Resort Hotel,1,71,2016,October,44,24,2,5,2,0.0,0,BB,IRL,Direct,Direct,0,0,0,D,D,0,No Deposit,250.0,0,Transient,61.2,0,0
Resort Hotel,1,43,2016,October,44,24,2,5,2,0.0,0,BB,GBR,Direct,Direct,0,0,0,D,D,0,No Deposit,250.0,0,Transient,63.0,0,1
Resort Hotel,1,20,2016,October,44,25,0,4,2,0.0,0,BB,GBR,Online TA,TA/TO,0,0,0,D,D,0,No Deposit,240.0,0,Transient,92.5,0,0
Resort Hotel,1,51,2016,October,44,25,0,5,2,0.0,0,BB,GBR,Online TA,TA/TO,0,0,0,D,D,0,No Deposit,240.0,0,Transient,90.0,0,2
Resort Hotel,1,86,2016,October,44,25,2,7,2,0.0,0,BB,GBR,Online TA,TA/TO,0,0,0,D,D,0,No Deposit,240.0,0,Transient,59.16,0,1
Resort Hotel,1,0,2016,October,44,26,0,2,2,0.0,0,BB,PRT,Direct,Direct,0,0,0,A,A,0,No Deposit,250.0,0,Transient,70.0,0,0
Resort Hotel,1,42,2016,October,44,26,0,3,2,0.0,0,BB,ESP,Online TA,TA/TO,0,0,0,A,A,0,No Deposit,240.0,0,Transient,60.0,0,1
Resort Hotel,1,65,2016,October,44,26,0,4,2,0.0,0,HB,ESP,Online TA,TA/TO,0,0,0,D,D,0,No Deposit,240.0,0,Transient,98.0,0,2
Resort Hotel,1,153,2016,October,44,26,2,5,2,0.0,0,BB,GBR,Online TA,TA/TO,0,0,0,A,A,0,No Deposit,240.0,0,Transient,45.86,0,0
Resort Hotel,1,78,2016,October,44,26,2,5,2,0.0,0,BB,GBR,Online TA,TA/TO,0,0,0,D,D,0,No Deposit,240.0,0,Transient,59.66,0,1
Resort Hotel,1,213,2016,October,44,26,2,5,2,0.0,0,HB,FRA,Online TA,TA/TO,0,0,0,D,D,0,No Deposit,240.0,0,Transient,79.84,0,0
Resort Hotel,1,79,2016,October,44,26,2,5,2,0.0,0,BB,PRT,Online TA,TA/TO,0,0,0,D,D,0,No Deposit,241.0,0,Transient,46.51,0,1
Resort Hotel,1,43,2016,October,44,26,2,5,2,0.0,0,BB,JEY,Online TA,TA/TO,0,0,0,D,D,0,No Deposit,240.0,0,Transient,70.0,0,0
Resort Hotel,1,213,2016,October,44,26,2,5,2,0.0,0,HB,FRA,Online TA,TA/TO,0,0,0,D,D,0,No Deposit,240.0,0,Transient,79.84,0,0
Resort Hotel,1,188,2016,October,44,26,2,6,2,0.0,0,BB,PRT,Offline TA/TO,TA/TO,0,0,0,A,A,0,No Deposit,175.0,0,Transient,37.2,0,0
Resort Hotel,1,79,2016,October,44,26,2,6,2,0.0,0,BB,IRL,Online TA,TA/TO,0,0,0,D,D,0,No Deposit,240.0,0,Transient,58.05,0,3
Resort Hotel,1,54,2016,October,44,26,2,6,2,0.0,0,BB,IRL,Online TA,TA/TO,0,0,0,D,D,0,No Deposit,240.0,0,Transient,74.04,0,0
Resort Hotel,1,188,2016,October,44,26,2,6,2,0.0,0,BB,PRT,Offline TA/TO,TA/TO,0,0,0,A,A,0,No Deposit,175.0,0,Transient,37.2,0,0
Resort Hotel,1,54,2016,October,44,26,2,6,2,0.0,0,BB,IRL,Online TA,TA/TO,0,0,0,D,D,0,No Deposit,240.0,0,Transient,74.04,0,0
Resort Hotel,1,79,2016,October,44,26,2,6,2,0.0,0,BB,IRL,Online TA,TA/TO,0,0,0,D,D,0,No Deposit,240.0,0,Transient,58.05,0,3
Resort Hotel,1,188,2016,October,44,26,2,6,2,0.0,0,BB,PRT,Offline TA/TO,TA/TO,0,0,0,A,A,0,No Deposit,175.0,0,Transient,37.2,0,0
Resort Hotel,1,54,2016,October,44,26,2,6,2,0.0,0,BB,IRL,Online TA,TA/TO,0,0,0,D,D,0,No Deposit,240.0,0,Transient,74.04,0,0
Resort Hotel,1,79,2016,October,44,26,2,6,2,0.0,0,BB,IRL,Online TA,TA/TO,0,0,0,D,D,0,No Deposit,240.0,0,Transient,58.05,0,3
Resort Hotel,1,0,2016,October,44,27,0,2,2,0.0,0,BB,FRA,Online TA,TA/TO,0,0,0,A,A,0,No Deposit,240.0,0,Transient,75.0,0,0
Resort Hotel,1,142,2016,October,44,27,0,3,2,0.0,0,BB,ESP,Online TA,TA/TO,0,0,0,E,E,0,No Deposit,240.0,0,Transient,78.0,0,0
Resort Hotel,1,87,2016,October,44,27,0,3,2,0.0,0,BB,ESP,Online TA,TA/TO,0,0,0,A,A,0,No Deposit,240.0,0,Transient,58.0,0,0
Resort Hotel,1,87,2016,October,44,27,0,3,2,0.0,0,BB,ESP,Online TA,TA/TO,0,0,0,A,A,0,No Deposit,240.0,0,Transient,58.0,0,0
Resort Hotel,1,142,2016,October,44,27,0,3,2,0.0,0,BB,ESP,Online TA,TA/TO,0,0,0,E,E,0,No Deposit,240.0,0,Transient,78.0,0,0
Resort Hotel,1,248,2016,October,44,27,0,3,2,0.0,0,HB,PRT,Online TA,TA/TO,0,0,0,A,A,0,No Deposit,240.0,0,Transient,70.0,0,1
Resort Hotel,1,24,2016,October,44,27,0,3,2,0.0,0,BB,ITA,Online TA,TA/TO,0,0,0,A,A,0,No Deposit,240.0,0,Transient,70.0,0,1
Resort Hotel,1,87,2016,October,44,27,0,3,2,0.0,0,BB,ESP,Online TA,TA/TO,0,0,0,A,A,0,No Deposit,240.0,0,Transient,58.0,0,0
Resort Hotel,1,142,2016,October,44,27,0,3,2,0.0,0,BB,ESP,Online TA,TA/TO,0,0,0,E,E,0,No Deposit,240.0,0,Transient,78.0,0,0
Resort Hotel,1,31,2016,October,44,27,0,3,2,0.0,0,BB,ESP,Online TA,TA/TO,0,0,0,D,D,0,No Deposit,240.0,0,Transient,75.0,0,2
Resort Hotel,1,121,2016,October,44,27,1,3,2,0.0,0,BB,IRL,Online TA,TA/TO,0,0,0,A,A,0,No Deposit,240.0,0,Transient,54.0,0,0
Resort Hotel,1,53,2016,October,44,27,1,3,2,0.0,0,BB,GBR,Online TA,TA/TO,0,0,0,A,A,0,No Deposit,240.0,0,Transient,70.75,0,3
Resort Hotel,1,20,2016,October,44,27,2,3,2,0.0,0,BB,FRA,Online TA,TA/TO,0,0,0,D,D,0,No Deposit,240.0,0,Transient,88.0,0,1
Resort Hotel,1,206,2016,October,44,27,2,5,2,0.0,0,BB,IRL,Online TA,TA/TO,0,0,0,D,D,8,No Deposit,240.0,0,Transient,53.79,0,1
Resort Hotel,1,206,2016,October,44,27,2,5,2,0.0,0,BB,IRL,Online TA,TA/TO,0,0,0,D,D,3,No Deposit,240.0,0,Transient,55.25,0,1
Resort Hotel,1,206,2016,October,44,27,2,5,2,0.0,0,BB,IRL,Online TA,TA/TO,0,0,0,D,D,4,No Deposit,240.0,0,Transient,55.25,0,1
Resort Hotel,1,117,2016,October,44,27,2,5,2,0.0,0,BB,IRL,Online TA,TA/TO,0,0,0,D,D,0,No Deposit,240.0,0,Transient-Party,55.43,0,0
Resort Hotel,1,117,2016,October,44,27,2,5,2,0.0,0,BB,IRL,Online TA,TA/TO,0,0,0,E,E,5,No Deposit,240.0,0,Transient-Party,66.02,0,0
Resort Hotel,1,117,2016,October,44,27,2,5,2,0.0,0,BB,IRL,Online TA,TA/TO,0,0,0,E,E,4,No Deposit,240.0,0,Transient-Party,66.02,0,0
Resort Hotel,1,181,2016,October,44,27,2,5,2,0.0,0,BB,IRL,Online TA,TA/TO,0,0,0,D,D,8,No Deposit,240.0,0,Transient-Party,55.25,0,1
Resort Hotel,1,177,2016,October,44,27,2,5,2,0.0,0,BB,IRL,Online TA,TA/TO,0,0,0,D,D,7,No Deposit,240.0,0,Transient-Party,55.25,0,0
Resort Hotel,1,206,2016,October,44,27,2,5,2,0.0,0,BB,IRL,Online TA,TA/TO,0,0,0,D,D,3,No Deposit,240.0,0,Transient,55.25,0,1
Resort Hotel,1,181,2016,October,44,27,2,5,2,0.0,0,BB,IRL,Online TA,TA/TO,0,0,0,D,D,6,No Deposit,240.0,0,Transient-Party,55.25,0,1
Resort Hotel,1,206,2016,October,44,27,2,5,2,0.0,0,BB,IRL,Online TA,TA/TO,0,0,0,D,D,10,No Deposit,240.0,0,Transient,53.79,0,1
Resort Hotel,1,206,2016,October,44,27,2,5,2,0.0,0,BB,IRL,Online TA,TA/TO,0,0,0,D,D,3,No Deposit,240.0,0,Transient,55.25,0,1
Resort Hotel,1,66,2016,October,44,27,2,5,2,0.0,0,BB,RUS,Online TA,TA/TO,0,0,0,E,E,0,No Deposit,240.0,0,Transient,68.49,0,0
Resort Hotel,1,206,2016,October,44,27,2,5,2,0.0,0,BB,IRL,Online TA,TA/TO,0,0,0,D,D,3,No Deposit,240.0,0,Transient,55.25,0,1
Resort Hotel,1,206,2016,October,44,27,2,5,2,0.0,0,BB,IRL,Online TA,TA/TO,0,0,0,A,A,16,No Deposit,240.0,0,Transient,46.88,0,1
Resort Hotel,1,206,2016,October,44,27,2,5,2,0.0,0,BB,IRL,Online TA,TA/TO,0,0,0,D,D,7,No Deposit,240.0,0,Transient,55.25,0,1
Resort Hotel,1,0,2016,October,44,28,0,1,2,0.0,0,BB,PRT,Online TA,TA/TO,0,0,0,D,D,0,No Deposit,240.0,0,Transient,73.0,0,0
Resort Hotel,1,79,2016,October,44,28,0,1,2,0.0,0,BB,PRT,Complementary,TA/TO,0,0,0,F,F,0,No Deposit,127.0,0,Transient,0.0,0,1
Resort Hotel,1,0,2016,October,44,28,0,1,2,0.0,0,BB,PRT,Online TA,TA/TO,0,0,0,D,D,0,No Deposit,240.0,0,Transient,73.0,0,0
Resort Hotel,1,179,2016,October,44,28,0,1,2,0.0,0,BB,CZE,Online TA,TA/TO,0,0,0,A,C,1,No Deposit,240.0,0,Transient,48.0,0,1
Resort Hotel,1,120,2016,October,44,28,0,1,2,0.0,0,BB,SWE,Online TA,TA/TO,0,0,0,D,D,0,No Deposit,240.0,0,Transient,68.0,0,0
Resort Hotel,1,179,2016,October,44,28,0,1,2,0.0,0,BB,CZE,Online TA,TA/TO,0,0,0,A,C,1,No Deposit,240.0,0,Transient,48.0,0,1
Resort Hotel,0,16,2016,October,44,28,0,2,2,0.0,0,BB,PRT,Direct,Direct,0,0,0,A,A,1,No Deposit,,0,Transient-Party,44.0,1,0
Resort Hotel,1,79,2016,October,44,28,1,2,2,0.0,0,HB,GBR,Online TA,TA/TO,0,0,0,D,D,0,No Deposit,240.0,0,Transient,98.0,0,0
Resort Hotel,1,42,2016,October,44,28,2,2,2,0.0,0,BB,ESP,Online TA,TA/TO,0,0,0,A,C,1,No Deposit,240.0,0,Transient,57.55,0,0
Resort Hotel,1,32,2016,October,44,28,2,2,2,0.0,0,BB,PRT,Offline TA/TO,TA/TO,0,0,0,E,E,0,No Deposit,336.0,0,Transient,70.0,0,0
Resort Hotel,1,129,2016,October,44,28,2,2,2,0.0,0,BB,ESP,Online TA,TA/TO,0,0,0,A,C,1,No Deposit,240.0,0,Transient,48.95,0,2
Resort Hotel,1,69,2016,October,44,28,2,4,2,0.0,0,BB,PRT,Online TA,TA/TO,0,0,0,F,F,0,No Deposit,241.0,0,Transient,59.75,0,2
Resort Hotel,1,178,2016,October,44,28,2,5,2,0.0,0,BB,PRT,Online TA,TA/TO,0,0,0,D,D,0,No Deposit,314.0,0,Transient,42.56,0,0
Resort Hotel,1,131,2016,October,44,28,2,5,2,0.0,0,BB,GBR,Online TA,TA/TO,0,0,0,E,E,0,No Deposit,240.0,0,Transient,63.03,0,0
Resort Hotel,1,255,2016,October,44,28,2,5,2,0.0,0,BB,PRT,Direct,Direct,0,0,0,A,C,1,No Deposit,250.0,0,Transient,41.27,0,0
Resort Hotel,1,131,2016,October,44,28,2,5,2,0.0,0,BB,GBR,Online TA,TA/TO,0,0,0,E,E,0,No Deposit,240.0,0,Transient,63.03,0,0
Resort Hotel,1,131,2016,October,44,28,2,5,2,0.0,0,BB,GBR,Online TA,TA/TO,0,0,0,E,E,0,No Deposit,240.0,0,Transient,63.03,0,0
Resort Hotel,1,131,2016,October,44,28,2,5,2,0.0,0,BB,GBR,Online TA,TA/TO,0,0,0,E,E,0,No Deposit,240.0,0,Transient,63.03,0,0
Resort Hotel,1,178,2016,October,44,28,2,5,2,0.0,0,BB,PRT,Online TA,TA/TO,0,0,0,D,D,0,No Deposit,314.0,0,Transient,42.56,0,0
Resort Hotel,1,208,2016,October,44,28,2,7,2,0.0,0,BB,DEU,Online TA,TA/TO,0,0,0,A,A,0,No Deposit,240.0,0,Transient,43.0,0,0
Resort Hotel,0,18,2016,October,44,29,0,1,2,0.0,0,BB,PRT,Groups,Direct,0,0,0,A,A,1,No Deposit,,0,Transient,44.0,1,0
Resort Hotel,0,12,2016,October,44,29,0,1,2,0.0,0,BB,PRT,Direct,Direct,0,0,0,A,A,0,No Deposit,,0,Transient,44.0,1,0
Resort Hotel,1,50,2016,October,44,29,0,1,2,0.0,0,BB,ESP,Online TA,TA/TO,0,0,0,E,E,0,No Deposit,240.0,0,Transient,88.0,0,1
Resort Hotel,1,16,2016,October,44,29,0,1,2,0.0,0,BB,PRT,Direct,Direct,0,0,0,A,A,0,No Deposit,,0,Transient,38.0,0,1
Resort Hotel,1,18,2016,October,44,29,0,1,2,0.0,0,BB,PRT,Groups,Direct,0,0,0,A,A,0,No Deposit,,0,Transient,0.0,0,0
Resort Hotel,1,67,2016,October,44,29,1,1,2,0.0,0,BB,ESP,Online TA,TA/TO,0,0,0,D,D,0,No Deposit,240.0,0,Transient,76.5,0,3
Resort Hotel,1,39,2016,October,44,29,1,1,2,0.0,0,BB,ESP,Online TA,TA/TO,0,0,0,D,D,0,No Deposit,240.0,0,Transient,74.0,0,0
Resort Hotel,1,40,2016,October,44,29,2,1,2,0.0,0,HB,PRT,Online TA,TA/TO,0,0,0,E,E,0,No Deposit,240.0,0,Transient,114.73,0,1
Resort Hotel,1,39,2016,October,44,29,2,1,2,0.0,0,BB,PRT,Online TA,TA/TO,0,0,0,D,D,0,No Deposit,240.0,0,Transient,71.23,0,0
Resort Hotel,1,40,2016,October,44,29,2,1,2,0.0,0,BB,PRT,Online TA,TA/TO,0,0,0,E,E,0,No Deposit,240.0,0,Transient,85.73,0,1
Resort Hotel,1,112,2016,October,44,29,2,1,2,0.0,0,BB,ESP,Online TA,TA/TO,0,0,0,E,E,0,No Deposit,240.0,0,Transient,65.27,0,1
Resort Hotel,1,46,2016,October,44,29,2,2,2,0.0,0,HB,GBR,Online TA,TA/TO,0,0,0,E,E,0,No Deposit,240.0,0,Transient,112.0,0,2
Resort Hotel,1,58,2016,October,44,29,2,4,2,0.0,0,BB,GBR,Online TA,TA/TO,0,0,0,D,D,0,No Deposit,240.0,0,Transient,61.52,0,1
Resort Hotel,1,49,2016,October,44,29,2,5,2,0.0,0,BB,IRL,Online TA,TA/TO,0,0,0,A,A,0,No Deposit,240.0,0,Transient,48.86,0,1
Resort Hotel,1,126,2016,October,44,29,2,5,2,0.0,0,BB,DEU,Online TA,TA/TO,0,0,0,A,A,0,No Deposit,240.0,0,Transient,41.29,0,0
Resort Hotel,1,201,2016,October,44,29,2,5,2,0.0,0,BB,PRT,Offline TA/TO,TA/TO,0,0,0,D,D,0,No Deposit,156.0,0,Transient,42.29,0,0
Resort Hotel,1,96,2016,October,44,29,2,6,2,0.0,0,BB,IRL,Online TA,TA/TO,0,0,0,D,D,0,No Deposit,240.0,0,Transient,50.1,0,1
Resort Hotel,1,17,2016,October,45,30,1,0,2,0.0,0,BB,PRT,Groups,Direct,0,0,0,A,A,0,No Deposit,,0,Transient-Party,63.0,0,0
Resort Hotel,1,2,2016,October,45,30,1,0,2,0.0,0,BB,PRT,Direct,Direct,0,0,0,A,A,0,No Deposit,,0,Transient,76.0,0,0
Resort Hotel,1,17,2016,October,45,30,1,0,2,0.0,0,BB,PRT,Groups,Direct,0,0,0,A,A,0,No Deposit,,0,Transient-Party,63.0,0,0
Resort Hotel,1,17,2016,October,45,30,1,0,2,0.0,0,BB,PRT,Groups,Direct,0,0,0,A,A,0,No Deposit,,0,Transient-Party,63.0,0,0
Resort Hotel,1,5,2016,October,45,30,2,0,2,0.0,0,BB,PRT,Direct,Direct,0,0,0,A,B,0,No Deposit,,0,Transient,38.0,0,0
Resort Hotel,1,81,2016,October,45,30,2,1,2,0.0,0,BB,BRA,Online TA,TA/TO,0,0,0,A,C,0,No Deposit,240.0,0,Transient,44.53,0,0
Resort Hotel,1,19,2016,October,45,30,2,2,2,0.0,0,HB,PRT,Online TA,TA/TO,0,0,0,A,A,0,No Deposit,15.0,0,Transient,78.0,0,2
Resort Hotel,1,20,2016,October,45,30,2,2,2,0.0,0,BB,PRT,Online TA,TA/TO,0,0,0,E,E,0,No Deposit,241.0,0,Transient,64.1,0,1
Resort Hotel,1,186,2016,October,45,30,2,5,2,0.0,0,BB,GBR,Online TA,TA/TO,0,0,0,D,D,0,No Deposit,240.0,0,Transient,49.17,0,0
Resort Hotel,1,34,2016,October,45,30,2,5,2,0.0,0,BB,IRL,Online TA,TA/TO,0,0,0,A,A,0,No Deposit,240.0,0,Transient,58.57,0,0
Resort Hotel,1,89,2016,October,45,30,4,6,2,0.0,0,HB,ITA,Direct,Direct,0,0,0,F,F,1,No Deposit,250.0,0,Transient,94.8,0,0
Resort Hotel,1,75,2016,October,45,31,1,4,2,0.0,0,HB,ESP,Online TA,TA/TO,0,0,0,E,E,0,No Deposit,240.0,0,Transient,82.8,0,3
Resort Hotel,1,245,2016,October,45,31,1,4,2,0.0,0,BB,PRT,Online TA,TA/TO,0,0,0,A,A,0,No Deposit,240.0,0,Transient,54.0,0,1
Resort Hotel,1,245,2016,October,45,31,1,4,2,0.0,0,BB,PRT,Online TA,TA/TO,0,0,0,A,A,0,No Deposit,240.0,0,Transient,48.0,0,1
Resort Hotel,1,192,2016,October,45,31,2,5,2,0.0,0,BB,PRT,Online TA,TA/TO,0,0,0,A,A,0,No Deposit,196.0,0,Transient,30.86,0,0
Resort Hotel,1,96,2016,October,45,31,2,5,2,0.0,0,BB,GBR,Online TA,TA/TO,0,0,0,D,D,0,No Deposit,240.0,0,Transient,46.8,0,0
Resort Hotel,1,87,2016,October,45,31,2,5,2,0.0,0,BB,PRT,Online TA,TA/TO,0,0,0,D,D,0,No Deposit,175.0,0,Transient,38.03,0,0
Resort Hotel,1,70,2016,October,45,31,2,5,2,0.0,0,BB,IRL,Online TA,TA/TO,0,0,0,A,A,0,No Deposit,240.0,0,Transient-Party,37.8,0,2
Resort Hotel,1,378,2016,November,45,1,0,2,2,0.0,0,BB,PRT,Groups,TA/TO,0,0,0,A,A,0,Non Refund,248.0,0,Transient,46.0,0,0
Resort Hotel,1,378,2016,November,45,1,0,2,2,0.0,0,BB,PRT,Groups,TA/TO,0,0,0,A,A,0,Non Refund,248.0,0,Transient,46.0,0,0
Resort Hotel,1,378,2016,November,45,1,0,2,2,0.0,0,BB,PRT,Groups,TA/TO,0,0,0,A,A,0,Non Refund,248.0,0,Transient,46.0,0,0
Resort Hotel,1,378,2016,November,45,1,0,2,2,0.0,0,BB,PRT,Groups,TA/TO,0,0,0,A,A,0,Non Refund,248.0,0,Transient,46.0,0,0
Resort Hotel,1,22,2016,November,45,1,0,2,2,0.0,0,BB,ESP,Online TA,TA/TO,0,0,0,D,D,0,No Deposit,240.0,0,Transient,63.0,0,2
Resort Hotel,1,378,2016,November,45,1,0,2,2,0.0,0,BB,PRT,Groups,TA/TO,0,0,0,A,C,1,Non Refund,248.0,0,Transient,46.0,0,0
Resort Hotel,1,378,2016,November,45,1,0,2,2,0.0,0,BB,PRT,Groups,TA/TO,0,0,0,A,C,1,Non Refund,248.0,0,Transient,46.0,0,0
Resort Hotel,1,378,2016,November,45,1,0,2,2,0.0,0,BB,PRT,Groups,TA/TO,0,0,0,A,A,0,Non Refund,248.0,0,Transient,46.0,0,0
Resort Hotel,1,378,2016,November,45,1,0,2,2,0.0,0,BB,PRT,Groups,TA/TO,0,0,0,A,A,0,Non Refund,248.0,0,Transient,46.0,0,0
Resort Hotel,1,378,2016,November,45,1,0,2,2,0.0,0,BB,PRT,Groups,TA/TO,0,0,0,A,A,0,Non Refund,248.0,0,Transient,46.0,0,0
Resort Hotel,1,378,2016,November,45,1,0,2,2,0.0,0,BB,PRT,Groups,TA/TO,0,0,0,A,A,0,Non Refund,248.0,0,Transient,46.0,0,0
Resort Hotel,1,378,2016,November,45,1,0,2,2,0.0,0,BB,PRT,Groups,TA/TO,0,0,0,A,A,0,Non Refund,248.0,0,Transient,46.0,0,0
Resort Hotel,1,378,2016,November,45,1,0,2,2,0.0,0,BB,PRT,Groups,TA/TO,0,0,0,A,A,0,Non Refund,248.0,0,Transient,46.0,0,0
Resort Hotel,1,378,2016,November,45,1,0,2,2,0.0,0,BB,PRT,Groups,TA/TO,0,0,0,A,A,0,Non Refund,248.0,0,Transient,46.0,0,0
Resort Hotel,1,378,2016,November,45,1,0,2,2,0.0,0,BB,PRT,Groups,TA/TO,0,0,0,A,C,1,Non Refund,248.0,0,Transient,46.0,0,0
Resort Hotel,1,378,2016,November,45,1,0,2,2,0.0,0,BB,PRT,Groups,TA/TO,0,0,0,A,A,0,Non Refund,248.0,0,Transient,46.0,0,0
Resort Hotel,1,378,2016,November,45,1,0,2,2,0.0,0,BB,PRT,Groups,TA/TO,0,0,0,A,C,1,Non Refund,248.0,0,Transient,46.0,0,0
Resort Hotel,1,378,2016,November,45,1,0,2,2,0.0,0,BB,PRT,Groups,TA/TO,0,0,0,A,A,0,Non Refund,248.0,0,Transient,46.0,0,0
Resort Hotel,1,378,2016,November,45,1,0,2,2,0.0,0,BB,PRT,Groups,TA/TO,0,0,0,A,A,0,Non Refund,248.0,0,Transient,46.0,0,0
Resort Hotel,1,58,2016,November,45,1,2,5,2,0.0,0,BB,DEU,Online TA,TA/TO,0,0,0,A,A,0,No Deposit,240.0,0,Transient,37.8,0,1
Resort Hotel,1,46,2016,November,45,1,2,5,2,0.0,0,BB,GBR,Online TA,TA/TO,0,0,0,A,A,0,No Deposit,240.0,0,Transient,37.8,0,0
Resort Hotel,1,113,2016,November,45,2,0,2,2,0.0,0,BB,CHE,Online TA,TA/TO,0,0,0,A,A,0,No Deposit,240.0,0,Transient,37.8,0,2
Resort Hotel,1,113,2016,November,45,2,0,2,2,0.0,0,BB,CHE,Online TA,TA/TO,0,0,0,A,A,0,No Deposit,240.0,0,Transient,37.8,0,2
Resort Hotel,1,113,2016,November,45,2,0,2,2,0.0,0,BB,CHE,Online TA,TA/TO,0,0,0,A,A,0,No Deposit,240.0,0,Transient,37.8,0,2
Resort Hotel,1,42,2016,November,45,2,0,3,2,0.0,0,BB,GBR,Online TA,TA/TO,0,0,0,E,E,0,No Deposit,240.0,0,Transient,55.8,0,2
Resort Hotel,1,37,2016,November,45,2,1,4,2,0.0,0,BB,IRL,Online TA,TA/TO,0,0,0,A,A,0,No Deposit,240.0,0,Transient,37.8,0,1
Resort Hotel,1,27,2016,November,45,2,2,5,2,0.0,0,BB,DEU,Online TA,TA/TO,0,0,0,A,A,0,No Deposit,240.0,0,Transient,37.8,0,2
Resort Hotel,1,49,2016,November,45,2,2,5,2,0.0,0,BB,PRT,Direct,Direct,0,0,0,D,D,0,No Deposit,,0,Transient,42.1,0,0
Resort Hotel,1,292,2016,November,45,3,0,1,2,0.0,0,BB,PRT,Groups,TA/TO,0,0,0,A,A,0,No Deposit,368.0,0,Transient-Party,38.0,0,0
Resort Hotel,1,292,2016,November,45,3,0,1,2,0.0,0,BB,PRT,Groups,TA/TO,0,0,0,A,A,0,No Deposit,368.0,0,Transient-Party,38.0,0,0
Resort Hotel,1,13,2016,November,45,3,0,1,2,0.0,0,BB,PRT,Groups,TA/TO,0,0,0,A,A,0,No Deposit,368.0,0,Transient-Party,38.0,0,0
Resort Hotel,1,13,2016,November,45,3,0,1,2,0.0,0,BB,PRT,Groups,TA/TO,0,0,0,A,A,0,No Deposit,368.0,0,Transient-Party,38.0,0,0
Resort Hotel,1,292,2016,November,45,3,0,1,2,0.0,0,BB,PRT,Groups,TA/TO,0,0,0,A,A,0,No Deposit,368.0,0,Transient-Party,38.0,0,0
Resort Hotel,1,292,2016,November,45,3,0,1,2,0.0,0,BB,PRT,Groups,TA/TO,0,0,0,A,A,0,No Deposit,368.0,0,Transient-Party,38.0,0,0
Resort Hotel,1,292,2016,November,45,3,0,1,2,0.0,0,BB,PRT,Groups,TA/TO,0,0,0,A,A,0,No Deposit,368.0,0,Transient-Party,38.0,0,0
Resort Hotel,1,292,2016,November,45,3,0,1,2,0.0,0,BB,PRT,Groups,TA/TO,0,0,0,A,A,0,No Deposit,368.0,0,Transient-Party,38.0,0,0
Resort Hotel,1,292,2016,November,45,3,0,1,2,0.0,0,BB,PRT,Groups,TA/TO,0,0,0,A,A,0,No Deposit,368.0,0,Transient-Party,38.0,0,0
Resort Hotel,1,292,2016,November,45,3,0,1,2,0.0,0,BB,PRT,Groups,TA/TO,0,0,0,A,A,0,No Deposit,368.0,0,Transient-Party,38.0,0,0
Resort Hotel,1,13,2016,November,45,3,0,1,2,0.0,0,BB,PRT,Groups,TA/TO,0,0,0,A,A,0,No Deposit,368.0,0,Transient-Party,38.0,0,0
Resort Hotel,1,292,2016,November,45,3,0,1,2,0.0,0,BB,PRT,Groups,TA/TO,0,0,0,A,A,0,No Deposit,368.0,0,Transient-Party,38.0,0,0
Resort Hotel,1,292,2016,November,45,3,0,1,2,0.0,0,BB,PRT,Groups,TA/TO,0,0,0,A,A,0,No Deposit,368.0,0,Transient-Party,38.0,0,0
Resort Hotel,1,292,2016,November,45,3,0,1,2,0.0,0,BB,PRT,Groups,TA/TO,0,0,0,A,A,0,No Deposit,368.0,0,Transient-Party,38.0,0,0
Resort Hotel,1,292,2016,November,45,3,0,1,2,0.0,0,BB,PRT,Groups,TA/TO,0,0,0,A,A,0,No Deposit,368.0,0,Transient-Party,38.0,0,0
Resort Hotel,1,13,2016,November,45,3,0,1,2,0.0,0,BB,PRT,Groups,TA/TO,0,0,0,A,A,0,No Deposit,368.0,0,Transient-Party,38.0,0,0
Resort Hotel,1,44,2016,November,45,3,1,3,2,0.0,0,BB,PRT,Online TA,TA/TO,0,0,0,E,E,0,No Deposit,240.0,0,Transient,55.8,0,1
Resort Hotel,1,70,2016,November,45,3,2,3,2,0.0,0,BB,PRT,Online TA,TA/TO,0,0,0,E,E,0,No Deposit,240.0,0,Transient,55.8,0,3
Resort Hotel,1,192,2016,November,45,3,2,5,2,0.0,0,BB,IRL,Online TA,TA/TO,0,0,0,A,A,2,No Deposit,240.0,0,Transient,37.8,0,0
Resort Hotel,1,66,2016,November,45,3,2,8,2,0.0,0,HB,PRT,Online TA,TA/TO,0,0,0,D,D,0,No Deposit,240.0,0,Transient,73.8,0,2
Resort Hotel,1,0,2016,November,45,4,0,1,2,0.0,0,BB,PRT,Direct,Direct,0,0,0,A,C,0,No Deposit,250.0,0,Transient,70.0,0,0
Resort Hotel,1,57,2016,November,45,4,0,1,2,0.0,0,BB,PRT,Online TA,TA/TO,0,0,0,A,A,0,No Deposit,105.0,0,Transient,37.8,0,0
Resort Hotel,1,64,2016,November,45,4,0,2,2,0.0,0,HB,PRT,Online TA,TA/TO,0,0,0,A,A,0,No Deposit,240.0,0,Transient,64.8,0,1
Resort Hotel,1,46,2016,November,45,4,0,2,2,0.0,0,HB,ESP,Online TA,TA/TO,0,0,0,A,A,0,No Deposit,240.0,0,Transient,64.8,0,1
Resort Hotel,1,22,2016,November,45,4,0,2,2,0.0,0,BB,GBR,Online TA,TA/TO,0,0,0,D,D,0,No Deposit,240.0,0,Transient,86.0,0,2
Resort Hotel,1,46,2016,November,45,4,0,2,2,0.0,0,HB,ESP,Online TA,TA/TO,0,0,0,A,A,0,No Deposit,240.0,0,Transient,64.8,0,1
Resort Hotel,1,26,2016,November,45,4,1,2,2,0.0,0,HB,GBR,Online TA,TA/TO,0,0,0,D,D,0,No Deposit,240.0,0,Transient,84.6,0,0
Resort Hotel,1,24,2016,November,45,4,1,2,2,0.0,0,BB,PRT,Online TA,TA/TO,0,0,0,E,E,0,No Deposit,241.0,0,Transient,54.98,0,0
Resort Hotel,1,84,2016,November,45,5,0,1,2,0.0,0,BB,ESP,Online TA,TA/TO,0,0,0,A,A,0,No Deposit,240.0,0,Transient,54.0,0,0
Resort Hotel,1,201,2016,November,45,5,1,1,2,0.0,0,BB,BRA,Online TA,TA/TO,0,0,0,A,A,0,No Deposit,240.0,0,Transient,37.8,0,0
Resort Hotel,1,42,2016,November,45,5,1,1,2,0.0,0,BB,PRT,Online TA,TA/TO,0,0,0,A,A,0,No Deposit,240.0,0,Transient,37.8,0,2
Resort Hotel,1,46,2016,November,45,5,1,1,2,0.0,0,BB,PRT,Online TA,TA/TO,0,0,0,A,A,0,No Deposit,240.0,0,Transient,37.8,0,2
Resort Hotel,1,23,2016,November,45,5,1,1,2,0.0,0,BB,PRT,Complementary,Direct,0,0,0,A,D,1,No Deposit,,0,Transient,0.0,0,0
Resort Hotel,1,33,2016,November,45,5,1,1,2,0.0,0,BB,PRT,Online TA,TA/TO,0,0,0,D,D,1,No Deposit,240.0,0,Transient,54.0,0,1
Resort Hotel,1,211,2016,November,45,5,2,1,2,0.0,0,BB,PRT,Groups,TA/TO,0,0,0,A,A,0,Non Refund,11.0,0,Transient,30.0,0,0
Resort Hotel,1,211,2016,November,45,5,2,1,2,0.0,0,BB,PRT,Groups,TA/TO,0,0,0,A,A,0,Non Refund,11.0,0,Transient,30.0,0,0
Resort Hotel,1,211,2016,November,45,5,2,1,2,0.0,0,BB,PRT,Groups,TA/TO,0,0,0,A,A,0,Non Refund,11.0,0,Transient,30.0,0,0
Resort Hotel,1,99,2016,November,45,5,2,1,2,0.0,0,BB,FRA,Online TA,TA/TO,0,0,0,E,E,0,No Deposit,240.0,0,Transient,55.8,0,0
Resort Hotel,1,201,2016,November,45,5,2,1,2,0.0,0,BB,PRT,Groups,TA/TO,0,0,0,A,A,0,Non Refund,11.0,0,Transient,30.0,0,0
Resort Hotel,1,201,2016,November,45,5,2,1,2,0.0,0,BB,PRT,Groups,TA/TO,0,0,0,A,A,0,Non Refund,11.0,0,Transient,30.0,0,0
Resort Hotel,1,211,2016,November,45,5,2,1,2,0.0,0,BB,PRT,Groups,TA/TO,0,0,0,A,A,0,Non Refund,11.0,0,Transient,30.0,0,0
Resort Hotel,1,211,2016,November,45,5,2,1,2,0.0,0,BB,PRT,Groups,TA/TO,0,0,0,A,A,0,Non Refund,11.0,0,Transient,30.0,0,0
Resort Hotel,1,99,2016,November,45,5,2,1,2,0.0,0,BB,GBR,Online TA,TA/TO,0,0,0,E,E,0,No Deposit,240.0,0,Transient,55.8,0,1
Resort Hotel,1,211,2016,November,45,5,2,1,2,0.0,0,BB,PRT,Groups,TA/TO,0,0,0,A,A,0,Non Refund,11.0,0,Transient,30.0,0,0
Resort Hotel,1,201,2016,November,45,5,2,1,2,0.0,0,BB,PRT,Groups,TA/TO,0,0,0,A,A,0,Non Refund,11.0,0,Transient,30.0,0,0
Resort Hotel,1,211,2016,November,45,5,2,1,2,0.0,0,BB,PRT,Groups,TA/TO,0,0,0,A,A,0,Non Refund,11.0,0,Transient,30.0,0,0
Resort Hotel,1,211,2016,November,45,5,2,1,2,0.0,0,BB,PRT,Groups,TA/TO,0,0,0,A,A,0,Non Refund,11.0,0,Transient,30.0,0,0
Resort Hotel,1,211,2016,November,45,5,2,1,2,0.0,0,BB,PRT,Groups,TA/TO,0,0,0,A,A,0,Non Refund,11.0,0,Transient,30.0,0,0
Resort Hotel,1,99,2016,November,45,5,2,1,2,0.0,0,BB,FRA,Online TA,TA/TO,0,0,0,E,E,0,No Deposit,240.0,0,Transient,55.8,0,0
Resort Hotel,1,211,2016,November,45,5,2,1,2,0.0,0,BB,PRT,Groups,TA/TO,0,0,0,A,A,0,Non Refund,11.0,0,Transient,30.0,0,0
Resort Hotel,1,201,2016,November,45,5,2,1,2,0.0,0,BB,PRT,Groups,TA/TO,0,0,0,A,A,0,Non Refund,11.0,0,Transient,30.0,0,0
Resort Hotel,1,211,2016,November,45,5,2,1,2,0.0,0,BB,PRT,Groups,TA/TO,0,0,0,A,A,0,Non Refund,11.0,0,Transient,30.0,0,0
Resort Hotel,1,211,2016,November,45,5,2,1,2,0.0,0,BB,PRT,Groups,TA/TO,0,0,0,A,A,0,Non Refund,11.0,0,Transient,30.0,0,0
Resort Hotel,1,44,2016,November,45,5,2,5,2,0.0,0,HB,GBR,Online TA,TA/TO,0,0,0,E,E,0,No Deposit,240.0,0,Transient,82.8,0,1
Resort Hotel,1,75,2016,November,45,5,2,5,2,0.0,0,HB,PRT,Online TA,TA/TO,0,0,0,E,E,0,No Deposit,240.0,0,Transient,82.8,0,1
Resort Hotel,1,44,2016,November,45,5,2,5,2,0.0,0,HB,GBR,Online TA,TA/TO,0,0,0,D,D,0,No Deposit,240.0,0,Transient,73.8,0,0
Resort Hotel,1,47,2016,November,45,5,2,5,2,0.0,0,BB,PRT,Direct,Direct,0,0,0,F,F,0,No Deposit,250.0,0,Transient,88.96,0,0
Resort Hotel,1,13,2016,November,46,6,1,0,2,0.0,0,BB,PRT,Online TA,TA/TO,0,0,0,A,A,0,No Deposit,339.0,0,Transient,43.2,0,0
Resort Hotel,1,13,2016,November,46,6,1,0,2,0.0,0,BB,PRT,Online TA,TA/TO,0,0,0,A,A,0,No Deposit,339.0,0,Transient,43.2,0,0
Resort Hotel,1,36,2016,November,46,6,2,0,2,0.0,0,BB,SWE,Online TA,TA/TO,0,0,0,E,E,0,No Deposit,240.0,0,Transient,55.8,0,2
Resort Hotel,1,33,2016,November,46,6,2,3,2,0.0,0,BB,GBR,Online TA,TA/TO,0,0,0,A,A,0,No Deposit,240.0,0,Transient,37.8,0,1
Resort Hotel,1,67,2016,November,46,6,2,4,2,0.0,0,BB,PRT,Online TA,TA/TO,0,0,0,A,A,0,No Deposit,240.0,0,Transient,37.8,0,1
Resort Hotel,1,224,2016,November,46,6,2,5,2,0.0,0,BB,GBR,Online TA,TA/TO,0,0,0,A,A,0,No Deposit,240.0,0,Transient,35.1,0,0
Resort Hotel,1,98,2016,November,46,6,3,5,2,0.0,0,BB,NLD,Online TA,TA/TO,0,0,0,E,E,0,No Deposit,240.0,0,Transient,55.8,0,1
Resort Hotel,1,44,2016,November,46,6,2,5,2,0.0,0,BB,NLD,Online TA,TA/TO,0,0,0,A,A,0,No Deposit,240.0,0,Transient,37.8,0,2
Resort Hotel,1,28,2016,November,46,7,1,0,2,0.0,0,BB,NLD,Online TA,TA/TO,0,0,0,A,A,0,No Deposit,240.0,0,Transient,42.0,0,1
Resort Hotel,1,157,2016,November,46,7,1,2,2,0.0,0,BB,IRL,Online TA,TA/TO,0,0,0,D,D,0,No Deposit,240.0,0,Transient,55.13,0,2
Resort Hotel,1,25,2016,November,46,7,1,4,2,0.0,0,BB,PRT,Online TA,TA/TO,0,0,0,E,E,0,No Deposit,241.0,0,Transient,40.66,0,1
Resort Hotel,1,21,2016,November,46,7,1,4,2,0.0,0,BB,PRT,Direct,Direct,0,0,0,A,A,0,No Deposit,,0,Transient,33.26,0,0
Resort Hotel,1,32,2016,November,46,7,1,5,2,0.0,0,HB,PRT,Online TA,TA/TO,0,0,0,A,A,0,No Deposit,15.0,0,Transient,51.84,0,0
Resort Hotel,1,194,2016,November,46,7,2,5,2,0.0,0,BB,PRT,Offline TA/TO,TA/TO,0,0,0,A,A,0,No Deposit,26.0,0,Transient,26.93,0,0
Resort Hotel,1,38,2016,November,46,8,0,3,2,0.0,0,BB,GRC,Online TA,TA/TO,0,0,0,D,D,0,No Deposit,240.0,0,Transient,46.8,0,0
Resort Hotel,1,75,2016,November,46,8,0,3,2,0.0,0,BB,FRA,Online TA,TA/TO,0,0,0,A,A,0,No Deposit,240.0,0,Transient,37.8,0,2
Resort Hotel,1,43,2016,November,46,8,0,4,2,0.0,0,BB,LVA,Online TA,TA/TO,0,0,0,D,D,0,No Deposit,240.0,0,Transient-Party,46.8,0,2
Resort Hotel,1,32,2016,November,46,8,1,5,2,0.0,0,BB,PRT,Online TA,TA/TO,0,0,0,A,A,0,No Deposit,241.0,0,Transient,37.8,0,2
Resort Hotel,1,245,2016,November,46,8,2,5,2,0.0,0,HB,FRA,Online TA,TA/TO,0,0,0,D,D,0,No Deposit,240.0,0,Transient,96.0,0,2
Resort Hotel,1,93,2016,November,46,8,4,11,2,0.0,0,HB,DEU,Online TA,TA/TO,0,0,0,D,D,0,No Deposit,240.0,0,Transient,73.8,0,1
Resort Hotel,1,86,2016,November,46,9,2,4,2,0.0,0,BB,DEU,Online TA,TA/TO,0,0,0,A,A,0,No Deposit,240.0,0,Transient,37.8,0,0
Resort Hotel,1,105,2016,November,46,10,0,1,2,0.0,0,BB,ESP,Online TA,TA/TO,0,0,0,E,E,0,No Deposit,240.0,0,Transient,55.8,0,0
Resort Hotel,1,37,2016,November,46,10,0,3,2,0.0,0,HB,GBR,Online TA,TA/TO,0,0,0,A,A,0,No Deposit,240.0,0,Transient,64.8,0,1
Resort Hotel,1,37,2016,November,46,10,0,3,2,0.0,0,BB,GBR,Online TA,TA/TO,0,0,0,A,A,0,No Deposit,240.0,0,Transient,37.8,0,1
Resort Hotel,1,135,2016,November,46,10,2,3,2,0.0,0,BB,GBR,Online TA,TA/TO,0,0,0,A,A,0,No Deposit,240.0,0,Transient,37.8,0,0
Resort Hotel,1,135,2016,November,46,10,2,3,2,0.0,0,BB,GBR,Online TA,TA/TO,0,0,0,A,A,0,No Deposit,240.0,0,Transient,37.8,0,0
Resort Hotel,1,150,2016,November,46,10,2,3,2,0.0,0,BB,PRT,Online TA,TA/TO,0,0,0,A,A,0,No Deposit,314.0,0,Transient,30.24,0,0
Resort Hotel,1,135,2016,November,46,10,2,3,2,0.0,0,BB,GBR,Online TA,TA/TO,0,0,0,A,A,0,No Deposit,240.0,0,Transient,37.8,0,0
Resort Hotel,1,135,2016,November,46,10,2,3,2,0.0,0,BB,GBR,Online TA,TA/TO,0,0,0,A,A,0,No Deposit,240.0,0,Transient,37.8,0,0
Resort Hotel,1,37,2016,November,46,10,1,3,2,0.0,0,BB,GBR,Online TA,TA/TO,0,0,0,A,A,0,No Deposit,240.0,0,Transient,37.8,0,0
Resort Hotel,1,135,2016,November,46,10,2,3,2,0.0,0,BB,GBR,Online TA,TA/TO,0,0,0,A,A,0,No Deposit,240.0,0,Transient,37.8,0,0
Resort Hotel,1,135,2016,November,46,10,2,3,2,0.0,0,BB,GBR,Online TA,TA/TO,0,0,0,A,A,0,No Deposit,240.0,0,Transient,37.8,0,0
Resort Hotel,1,135,2016,November,46,10,2,3,2,0.0,0,BB,GBR,Online TA,TA/TO,0,0,0,A,A,0,No Deposit,240.0,0,Transient,37.8,0,0
Resort Hotel,1,19,2016,November,46,10,2,5,2,0.0,0,Undefined,PRT,Offline TA/TO,TA/TO,0,0,0,A,A,1,No Deposit,464.0,0,Transient,66.0,0,0
Resort Hotel,1,53,2016,November,46,11,0,2,2,0.0,0,BB,ESP,Online TA,TA/TO,0,0,0,D,D,0,No Deposit,240.0,0,Transient,46.8,0,2
Resort Hotel,1,39,2016,November,46,11,0,2,2,0.0,0,HB,ESP,Online TA,TA/TO,0,0,0,D,D,0,No Deposit,240.0,0,Transient,73.8,0,1
Resort Hotel,1,31,2016,November,46,11,1,2,2,0.0,0,BB,ESP,Online TA,TA/TO,0,0,0,D,D,0,No Deposit,240.0,0,Transient,50.4,0,2
Resort Hotel,1,58,2016,November,46,11,2,2,2,0.0,0,BB,CHE,Online TA,TA/TO,0,0,0,A,A,2,No Deposit,240.0,0,Transient,37.8,0,1
Resort Hotel,1,100,2016,November,46,11,2,2,2,0.0,0,BB,ITA,Online TA,TA/TO,0,0,0,A,C,1,No Deposit,240.0,0,Transient,37.8,0,3
Resort Hotel,1,85,2016,November,46,11,2,2,2,0.0,0,BB,PRT,Online TA,TA/TO,0,0,0,A,A,0,No Deposit,240.0,0,Transient,37.8,0,2
Resort Hotel,1,53,2016,November,46,11,2,4,2,0.0,0,HB,PRT,Online TA,TA/TO,0,0,0,A,A,0,No Deposit,241.0,0,Transient,49.9,0,1
Resort Hotel,1,122,2016,November,46,11,2,6,2,0.0,0,BB,GBR,Online TA,TA/TO,0,0,0,A,C,4,No Deposit,240.0,0,Transient,37.8,0,3
Resort Hotel,1,32,2016,November,46,12,0,1,2,0.0,0,BB,ESP,Online TA,TA/TO,0,0,0,D,D,0,No Deposit,240.0,0,Transient,66.0,0,1
Resort Hotel,1,40,2016,November,46,12,0,1,2,0.0,0,HB,ESP,Online TA,TA/TO,0,0,0,A,A,0,No Deposit,240.0,0,Transient,64.8,0,1
Resort Hotel,1,217,2016,November,46,12,0,1,2,0.0,0,BB,COL,Online TA,TA/TO,0,0,0,A,A,0,No Deposit,240.0,0,Transient,39.0,0,1
Resort Hotel,1,51,2016,November,46,12,0,1,2,0.0,0,BB,COL,Online TA,TA/TO,0,0,0,A,A,0,No Deposit,240.0,0,Transient,37.8,0,0
Resort Hotel,1,44,2016,November,46,12,2,1,2,0.0,0,BB,ESP,Online TA,TA/TO,0,0,0,A,A,0,No Deposit,240.0,0,Transient,37.8,0,3
Resort Hotel,1,159,2016,November,46,12,2,1,2,0.0,0,BB,PRT,Online TA,TA/TO,0,0,0,E,E,0,No Deposit,314.0,0,Transient,44.64,0,0
Resort Hotel,1,53,2016,November,46,12,2,2,2,0.0,0,BB,PRT,Online TA,TA/TO,0,0,0,E,E,0,No Deposit,241.0,0,Transient,40.81,0,1
Resort Hotel,1,47,2016,November,46,12,2,2,2,0.0,0,HB,GBR,Online TA,TA/TO,0,0,0,A,A,0,No Deposit,240.0,0,Transient,64.8,0,0
Resort Hotel,1,53,2016,November,46,12,2,2,2,0.0,0,BB,PRT,Online TA,TA/TO,0,0,0,E,E,0,No Deposit,241.0,0,Transient,40.81,0,1
Resort Hotel,1,30,2016,November,46,12,2,2,2,0.0,0,BB,PRT,Online TA,TA/TO,0,0,0,A,A,0,No Deposit,314.0,0,Transient,36.84,0,0
Resort Hotel,1,211,2016,November,46,12,2,3,2,0.0,0,BB,GBR,Online TA,TA/TO,0,0,0,A,A,0,No Deposit,240.0,0,Transient,37.8,0,1
Resort Hotel,1,54,2016,November,46,12,2,3,2,0.0,0,BB,IRL,Online TA,TA/TO,0,0,0,A,A,0,No Deposit,240.0,0,Transient,37.8,0,0
Resort Hotel,1,81,2016,November,46,12,2,4,2,0.0,0,BB,IRL,Online TA,TA/TO,0,0,0,A,A,1,No Deposit,240.0,0,Transient,37.8,0,1
Resort Hotel,1,139,2016,November,46,12,2,5,2,0.0,0,BB,GBR,Online TA,TA/TO,0,0,0,D,D,0,No Deposit,240.0,0,Transient,46.8,0,0
Resort Hotel,1,0,2016,November,47,14,1,0,2,0.0,0,BB,BRA,Online TA,TA/TO,0,0,0,A,A,0,No Deposit,240.0,0,Transient,65.0,0,0
Resort Hotel,1,21,2016,November,47,14,1,3,2,0.0,0,BB,ESP,Online TA,TA/TO,0,0,0,D,D,0,No Deposit,240.0,0,Transient,56.0,0,1
Resort Hotel,1,0,2016,November,47,14,1,3,2,0.0,0,BB,PRT,Corporate,Corporate,0,0,0,A,A,0,No Deposit,,0,Transient,45.0,0,1
Resort Hotel,1,48,2016,November,47,14,3,5,2,0.0,0,BB,GBR,Online TA,TA/TO,0,0,0,E,E,0,No Deposit,240.0,0,Transient,55.8,0,3
Resort Hotel,1,50,2016,November,47,15,0,4,2,0.0,0,BB,GBR,Direct,Direct,0,0,0,D,D,0,No Deposit,250.0,0,Transient,41.18,0,0
Resort Hotel,1,47,2016,November,47,16,0,1,2,0.0,0,BB,FRA,Online TA,TA/TO,0,0,0,A,A,0,No Deposit,240.0,0,Transient,37.8,0,0
Resort Hotel,1,73,2016,November,47,16,0,2,2,0.0,0,BB,ROU,Online TA,TA/TO,0,0,0,E,E,0,No Deposit,240.0,0,Transient,55.8,0,2
Resort Hotel,1,185,2016,November,47,17,0,1,2,0.0,0,BB,BRA,Online TA,TA/TO,0,0,0,E,E,0,No Deposit,240.0,0,Transient,55.8,0,3
Resort Hotel,1,42,2016,November,47,17,0,3,2,0.0,0,BB,ESP,Online TA,TA/TO,0,0,0,D,D,0,No Deposit,240.0,0,Transient,62.0,0,1
Resort Hotel,1,116,2016,November,47,17,0,3,2,0.0,0,BB,IRL,Online TA,TA/TO,0,0,0,A,A,0,No Deposit,240.0,0,Transient,37.8,0,0
Resort Hotel,1,100,2016,November,47,17,1,3,2,0.0,0,BB,PRT,Groups,Direct,0,0,0,A,A,0,No Deposit,,0,Transient-Party,34.0,0,0
Resort Hotel,1,100,2016,November,47,17,1,3,2,0.0,0,BB,PRT,Groups,Direct,0,0,0,A,A,0,No Deposit,,0,Transient-Party,34.0,0,0
Resort Hotel,1,80,2016,November,47,17,1,3,2,0.0,0,BB,IRL,Online TA,TA/TO,0,0,0,A,A,0,No Deposit,240.0,0,Transient,37.8,0,1
Resort Hotel,1,80,2016,November,47,17,1,3,2,0.0,0,BB,PRT,Online TA,TA/TO,0,0,0,A,A,0,No Deposit,242.0,0,Transient,37.8,0,1
Resort Hotel,1,115,2016,November,47,17,1,3,2,0.0,0,BB,PRT,Groups,Direct,0,0,0,A,A,0,No Deposit,,0,Transient-Party,34.0,0,0
Resort Hotel,1,94,2016,November,47,17,1,3,2,0.0,0,BB,GBR,Online TA,TA/TO,0,0,0,A,A,0,No Deposit,240.0,0,Transient,37.8,0,1
Resort Hotel,1,37,2016,November,47,17,2,3,2,0.0,0,BB,FRA,Online TA,TA/TO,0,0,0,E,E,0,No Deposit,240.0,0,Transient,55.8,0,1
Resort Hotel,1,52,2016,November,47,17,2,5,2,0.0,0,BB,SWE,Online TA,TA/TO,0,0,0,E,E,0,No Deposit,240.0,0,Transient,55.8,0,1
Resort Hotel,1,8,2016,November,47,18,0,1,2,0.0,0,BB,PRT,Online TA,TA/TO,0,0,0,A,D,0,No Deposit,240.0,0,Transient,54.0,0,0
Resort Hotel,1,21,2016,November,47,18,0,2,2,0.0,0,BB,PRT,Online TA,TA/TO,0,0,0,E,E,0,No Deposit,240.0,0,Transient,63.0,0,1
Resort Hotel,1,45,2016,November,47,18,0,2,2,0.0,0,BB,ESP,Direct,Direct,0,0,0,A,A,1,No Deposit,250.0,0,Transient,46.96,0,1
Resort Hotel,1,46,2016,November,47,18,0,2,2,0.0,0,BB,PRT,Online TA,TA/TO,0,0,0,A,A,0,No Deposit,240.0,0,Transient,37.8,0,2
Resort Hotel,1,91,2016,November,47,18,0,2,2,0.0,0,BB,ESP,Online TA,TA/TO,0,0,0,A,A,2,No Deposit,240.0,0,Transient,37.8,0,1
Resort Hotel,1,65,2016,November,47,18,0,2,2,0.0,0,BB,PRT,Direct,Direct,0,0,0,A,A,0,No Deposit,250.0,0,Transient,37.0,0,0
Resort Hotel,1,84,2016,November,47,18,0,2,2,0.0,0,BB,PRT,Online TA,TA/TO,0,0,0,A,A,0,No Deposit,240.0,0,Transient,37.8,0,2
Resort Hotel,1,67,2016,November,47,18,1,2,2,0.0,0,Undefined,PRT,Groups,TA/TO,0,0,0,A,A,0,No Deposit,411.0,0,Transient-Party,64.0,0,0
Resort Hotel,0,24,2016,November,47,18,2,5,2,0.0,0,BB,GBR,Offline TA/TO,TA/TO,0,0,0,A,D,2,No Deposit,26.0,0,Transient,42.4,0,3
Resort Hotel,1,44,2016,November,47,19,1,1,2,0.0,0,BB,PRT,Online TA,TA/TO,0,0,0,A,A,0,No Deposit,240.0,0,Transient,37.8,0,0
Resort Hotel,1,44,2016,November,47,19,1,1,2,0.0,0,BB,PRT,Online TA,TA/TO,0,0,0,A,A,0,No Deposit,240.0,0,Transient,37.8,0,0
Resort Hotel,1,110,2016,November,47,19,2,3,2,0.0,0,HB,GBR,Online TA,TA/TO,0,0,0,D,D,0,No Deposit,240.0,0,Transient,73.8,0,0
Resort Hotel,1,20,2016,November,47,19,2,5,2,0.0,0,BB,ESP,Online TA,TA/TO,0,0,0,A,A,0,No Deposit,240.0,0,Transient,48.0,0,0
Resort Hotel,1,40,2016,November,47,19,2,5,2,0.0,0,BB,GBR,Online TA,TA/TO,0,0,0,E,E,0,No Deposit,240.0,0,Transient,55.8,0,1
Resort Hotel,1,5,2016,November,48,20,2,4,2,0.0,0,BB,GBR,Online TA,TA/TO,0,0,0,E,E,0,No Deposit,240.0,0,Transient,65.83,0,3
Resort Hotel,1,159,2016,November,48,21,1,1,2,0.0,0,BB,FRA,Online TA,TA/TO,0,0,0,E,E,0,No Deposit,240.0,0,Transient,55.8,0,0
Resort Hotel,1,64,2016,November,48,21,1,3,2,0.0,0,BB,CZE,Online TA,TA/TO,0,0,0,D,D,0,No Deposit,240.0,0,Transient,46.8,0,0
Resort Hotel,1,163,2016,November,48,21,1,3,2,0.0,0,HB,GBR,Online TA,TA/TO,0,0,0,E,E,0,No Deposit,240.0,0,Transient,84.6,0,2
Resort Hotel,1,40,2016,November,48,21,1,4,2,0.0,0,BB,PRT,Online TA,TA/TO,0,0,0,F,F,0,No Deposit,242.0,0,Transient,59.64,0,1
Resort Hotel,1,159,2016,November,48,21,1,4,2,0.0,0,BB,PRT,Online TA,TA/TO,0,0,0,E,E,0,No Deposit,240.0,0,Transient,55.8,0,1
Resort Hotel,1,56,2016,November,48,21,1,5,2,0.0,0,BB,GBR,Online TA,TA/TO,0,0,0,E,E,0,No Deposit,240.0,0,Transient,55.8,0,1
Resort Hotel,1,32,2016,November,48,22,0,1,2,0.0,0,HB,PRT,Online TA,TA/TO,0,0,0,A,A,0,No Deposit,240.0,0,Transient,78.0,0,1
Resort Hotel,1,44,2016,November,48,22,2,6,2,0.0,0,BB,JEY,Online TA,TA/TO,0,0,0,E,E,0,No Deposit,240.0,0,Transient,55.8,0,1
Resort Hotel,1,7,2016,November,48,23,0,1,2,0.0,0,BB,PRT,Corporate,Corporate,0,0,0,A,D,0,No Deposit,,0,Transient-Party,35.0,0,1
Resort Hotel,1,32,2016,November,48,23,0,1,2,0.0,0,BB,PRT,Online TA,TA/TO,0,0,0,E,E,0,No Deposit,241.0,0,Transient,43.65,0,1
Resort Hotel,1,199,2016,November,48,23,2,5,2,0.0,0,HB,GBR,Online TA,TA/TO,0,0,0,E,E,0,No Deposit,240.0,0,Transient,84.6,0,0
Resort Hotel,1,59,2016,November,48,24,0,3,2,0.0,0,BB,GBR,Online TA,TA/TO,0,0,0,A,A,1,No Deposit,240.0,0,Transient,37.8,0,1
Resort Hotel,1,215,2016,November,48,24,0,3,2,0.0,0,BB,PRT,Online TA,TA/TO,0,0,0,E,E,0,No Deposit,242.0,0,Transient,55.8,0,0
Resort Hotel,1,242,2016,November,48,24,0,3,2,0.0,0,BB,GBR,Online TA,TA/TO,0,0,0,E,E,0,No Deposit,240.0,0,Transient,55.8,0,3
Resort Hotel,1,220,2016,November,48,24,0,3,2,0.0,0,BB,PRT,Online TA,TA/TO,0,0,0,E,E,0,No Deposit,242.0,0,Transient,55.8,0,0
Resort Hotel,1,64,2016,November,48,24,0,3,2,0.0,0,BB,PRT,Online TA,TA/TO,0,0,0,A,A,2,No Deposit,240.0,0,Transient,37.8,0,2
Resort Hotel,1,101,2016,November,48,24,1,3,2,0.0,0,BB,GBR,Online TA,TA/TO,0,0,0,A,A,0,No Deposit,240.0,0,Transient,37.8,0,1
Resort Hotel,1,16,2016,November,48,25,0,1,2,0.0,0,BB,GBR,Online TA,TA/TO,0,0,0,D,D,0,No Deposit,240.0,0,Transient,56.0,0,0
Resort Hotel,1,73,2016,November,48,25,0,2,2,0.0,0,BB,PRT,Online TA,TA/TO,0,0,0,A,A,0,No Deposit,240.0,0,Transient,42.0,0,3
Resort Hotel,1,58,2016,November,48,25,0,2,2,0.0,0,BB,GBR,Online TA,TA/TO,0,0,0,D,D,0,No Deposit,240.0,0,Transient,46.8,0,2
Resort Hotel,1,96,2016,November,48,25,1,2,2,0.0,0,BB,GBR,Online TA,TA/TO,0,0,0,A,A,0,No Deposit,240.0,0,Transient,37.8,0,1
Resort Hotel,1,48,2016,November,48,25,1,2,2,0.0,0,BB,ESP,Online TA,TA/TO,0,0,0,A,A,2,No Deposit,240.0,0,Transient,48.0,0,1
Resort Hotel,1,59,2016,November,48,26,0,1,2,0.0,0,BB,DEU,Online TA,TA/TO,0,0,0,A,A,0,No Deposit,240.0,0,Transient,37.8,0,1
Resort Hotel,1,222,2016,November,48,26,2,1,2,0.0,0,BB,PRT,Groups,TA/TO,0,0,0,A,A,0,Non Refund,11.0,0,Transient,30.0,0,0
Resort Hotel,1,222,2016,November,48,26,2,1,2,0.0,0,BB,PRT,Groups,TA/TO,0,0,0,A,A,0,Non Refund,11.0,0,Transient,30.0,0,0
Resort Hotel,1,232,2016,November,48,26,2,1,2,0.0,0,BB,PRT,Groups,TA/TO,0,0,0,A,A,0,Non Refund,11.0,0,Transient,30.0,0,0
Resort Hotel,1,232,2016,November,48,26,2,1,2,0.0,0,BB,PRT,Groups,TA/TO,0,0,0,A,A,0,Non Refund,11.0,0,Transient,30.0,0,0
Resort Hotel,1,232,2016,November,48,26,2,1,2,0.0,0,BB,PRT,Groups,TA/TO,0,0,0,A,A,0,Non Refund,11.0,0,Transient,30.0,0,0
Resort Hotel,1,222,2016,November,48,26,2,1,2,0.0,0,BB,PRT,Groups,TA/TO,0,0,0,A,A,0,Non Refund,11.0,0,Transient,30.0,0,0
Resort Hotel,1,232,2016,November,48,26,2,1,2,0.0,0,BB,PRT,Groups,TA/TO,0,0,0,A,A,0,Non Refund,11.0,0,Transient,30.0,0,0
Resort Hotel,1,232,2016,November,48,26,2,1,2,0.0,0,BB,PRT,Groups,TA/TO,0,0,0,A,A,0,Non Refund,11.0,0,Transient,30.0,0,0
Resort Hotel,1,232,2016,November,48,26,2,1,2,0.0,0,BB,PRT,Groups,TA/TO,0,0,0,A,A,0,Non Refund,11.0,0,Transient,30.0,0,0
Resort Hotel,1,232,2016,November,48,26,2,1,2,0.0,0,BB,PRT,Groups,TA/TO,0,0,0,A,A,0,Non Refund,11.0,0,Transient,30.0,0,0
Resort Hotel,1,232,2016,November,48,26,2,1,2,0.0,0,BB,PRT,Groups,TA/TO,0,0,0,A,A,0,Non Refund,11.0,0,Transient,30.0,0,0
Resort Hotel,1,222,2016,November,48,26,2,1,2,0.0,0,BB,PRT,Groups,TA/TO,0,0,0,A,A,0,Non Refund,11.0,0,Transient,30.0,0,0
Resort Hotel,1,232,2016,November,48,26,2,1,2,0.0,0,BB,PRT,Groups,TA/TO,0,0,0,A,A,0,Non Refund,11.0,0,Transient,30.0,0,0
Resort Hotel,1,232,2016,November,48,26,2,1,2,0.0,0,BB,PRT,Groups,TA/TO,0,0,0,A,A,0,Non Refund,11.0,0,Transient,30.0,0,0
Resort Hotel,1,232,2016,November,48,26,2,1,2,0.0,0,BB,PRT,Groups,TA/TO,0,0,0,A,A,0,Non Refund,11.0,0,Transient,30.0,0,0
Resort Hotel,1,232,2016,November,48,26,2,1,2,0.0,0,BB,PRT,Groups,TA/TO,0,0,0,A,A,0,Non Refund,11.0,0,Transient,30.0,0,0
Resort Hotel,1,48,2016,November,48,26,2,5,2,0.0,0,BB,BEL,Online TA,TA/TO,0,0,0,A,A,0,No Deposit,240.0,0,Transient,37.8,0,1
Resort Hotel,1,101,2016,November,48,26,2,5,2,0.0,0,BB,BEL,Online TA,TA/TO,0,0,0,A,A,0,No Deposit,240.0,0,Transient,37.8,0,0
Resort Hotel,1,69,2016,November,48,26,2,5,2,0.0,0,BB,PRT,Online TA,TA/TO,0,0,0,A,A,0,No Deposit,314.0,0,Transient,33.6,0,0
Resort Hotel,1,12,2016,November,49,27,1,0,2,0.0,0,BB,PRT,Online TA,TA/TO,0,0,0,F,F,0,No Deposit,241.0,0,Transient,49.75,0,0
Resort Hotel,1,8,2016,November,49,27,2,3,2,0.0,0,BB,ESP,Direct,Direct,0,0,0,F,F,0,No Deposit,250.0,0,Transient,57.55,0,0
Resort Hotel,1,34,2016,November,49,29,0,1,2,0.0,0,BB,GBR,Online TA,TA/TO,0,0,0,D,D,2,No Deposit,240.0,0,Transient,56.0,0,1
Resort Hotel,1,76,2016,November,49,29,0,2,2,0.0,0,BB,PRT,Groups,Corporate,0,0,0,E,E,0,No Deposit,,0,Transient-Party,50.0,0,0
Resort Hotel,1,76,2016,November,49,29,0,2,2,0.0,0,BB,PRT,Corporate,Corporate,0,0,0,E,E,0,No Deposit,481.0,0,Transient,8.0,0,0
Resort Hotel,1,76,2016,November,49,29,0,2,2,0.0,0,BB,PRT,Groups,Corporate,0,0,0,E,E,0,No Deposit,,0,Transient-Party,50.0,0,0
Resort Hotel,1,76,2016,November,49,29,0,2,2,0.0,0,BB,PRT,Groups,Corporate,0,0,0,E,E,0,No Deposit,,0,Transient-Party,50.0,0,0
Resort Hotel,1,76,2016,November,49,29,0,2,2,0.0,0,BB,PRT,Groups,Corporate,0,0,0,E,E,0,No Deposit,,0,Transient-Party,50.0,0,0
Resort Hotel,1,132,2016,November,49,29,1,5,2,0.0,0,BB,PRT,Online TA,TA/TO,0,0,0,D,D,0,No Deposit,241.0,0,Transient,36.04,0,1
Resort Hotel,1,2,2016,November,49,30,0,1,2,0.0,0,BB,PRT,Direct,Direct,0,0,0,A,D,0,No Deposit,,0,Transient,43.0,0,1
Resort Hotel,1,139,2016,November,49,30,0,3,2,0.0,0,BB,LUX,Online TA,TA/TO,0,0,0,A,A,0,No Deposit,240.0,0,Transient,54.0,0,0
Resort Hotel,1,69,2016,November,49,30,2,5,2,0.0,0,BB,PRT,Direct,Direct,0,0,0,D,D,1,No Deposit,250.0,0,Transient,58.4,0,1
Resort Hotel,1,0,2016,November,49,30,0,2,2,0.0,0,BB,PRT,Direct,Direct,0,0,0,A,A,0,No Deposit,,0,Transient,8.0,0,0
Resort Hotel,1,214,2016,November,49,30,0,3,2,0.0,0,BB,LUX,Online TA,TA/TO,0,0,0,A,A,0,No Deposit,240.0,0,Transient,54.0,0,0
Resort Hotel,1,16,2016,December,49,1,0,1,2,0.0,0,BB,ITA,Online TA,TA/TO,0,0,0,A,A,0,No Deposit,240.0,0,Transient,60.0,0,2
Resort Hotel,1,43,2016,December,49,1,0,2,2,0.0,0,BB,PRT,Online TA,TA/TO,0,0,0,D,D,0,No Deposit,240.0,0,Transient,66.0,0,1
Resort Hotel,1,88,2016,December,49,1,0,3,2,0.0,0,BB,PRT,Online TA,TA/TO,0,0,0,A,A,0,No Deposit,240.0,0,Transient,39.9,0,1
Resort Hotel,1,139,2016,December,49,1,1,3,2,0.0,0,BB,USA,Online TA,TA/TO,0,0,0,E,E,0,No Deposit,240.0,0,Transient,55.8,0,0
Resort Hotel,1,135,2016,December,49,1,1,3,2,0.0,0,BB,USA,Online TA,TA/TO,0,0,0,E,E,0,No Deposit,240.0,0,Transient,55.8,0,1
Resort Hotel,1,14,2016,December,49,1,0,3,2,0.0,0,BB,IRL,Online TA,TA/TO,0,0,0,A,A,0,No Deposit,240.0,0,Transient,60.0,0,0
Resort Hotel,1,87,2016,December,49,2,0,2,2,0.0,0,HB,PRT,Online TA,TA/TO,0,0,0,D,D,0,No Deposit,240.0,0,Transient,76.95,0,2
Resort Hotel,1,63,2016,December,49,2,0,2,2,0.0,0,HB,ESP,Direct,Direct,0,0,0,A,C,4,No Deposit,250.0,0,Transient,116.6,0,3
Resort Hotel,1,82,2016,December,49,2,0,2,2,0.0,0,HB,PRT,Online TA,TA/TO,0,0,0,D,D,0,No Deposit,240.0,0,Transient,85.5,0,2
Resort Hotel,1,92,2016,December,49,2,0,2,2,0.0,0,BB,PRT,Online TA,TA/TO,0,0,0,A,A,0,No Deposit,240.0,0,Transient,57.5,0,2
Resort Hotel,1,128,2016,December,49,3,0,1,2,0.0,0,HB,PRT,Groups,Direct,0,0,0,A,A,0,No Deposit,,0,Transient-Party,64.0,0,0
Resort Hotel,1,128,2016,December,49,3,0,1,2,0.0,0,HB,PRT,Groups,Direct,0,0,0,A,A,0,No Deposit,,0,Transient-Party,64.0,0,0
Resort Hotel,1,45,2016,December,49,3,0,1,2,0.0,0,BB,PRT,Online TA,TA/TO,0,0,0,D,D,0,No Deposit,240.0,0,Transient,56.0,0,1
Resort Hotel,1,128,2016,December,49,3,0,1,2,0.0,0,HB,PRT,Groups,Direct,0,0,0,A,A,0,No Deposit,,0,Transient-Party,64.0,0,0
Resort Hotel,1,128,2016,December,49,3,0,1,2,0.0,0,HB,PRT,Groups,Direct,0,0,0,A,A,0,No Deposit,,0,Transient-Party,64.0,0,0
Resort Hotel,1,128,2016,December,49,3,0,1,2,0.0,0,HB,PRT,Groups,Direct,0,0,0,A,A,0,No Deposit,,0,Transient-Party,64.0,0,0
Resort Hotel,1,128,2016,December,49,3,0,1,2,0.0,0,HB,PRT,Groups,Direct,0,0,0,A,A,0,No Deposit,,0,Transient-Party,64.0,0,0
Resort Hotel,1,128,2016,December,49,3,0,1,2,0.0,0,HB,PRT,Groups,Direct,0,0,0,A,A,0,No Deposit,,0,Transient-Party,64.0,0,0
Resort Hotel,1,128,2016,December,49,3,0,1,2,0.0,0,HB,PRT,Groups,Direct,0,0,0,A,A,0,No Deposit,,0,Transient-Party,64.0,0,0
Resort Hotel,1,128,2016,December,49,3,0,1,2,0.0,0,HB,PRT,Groups,Direct,0,0,0,A,A,0,No Deposit,,0,Transient-Party,64.0,0,0
Resort Hotel,1,128,2016,December,49,3,0,1,2,0.0,0,HB,PRT,Groups,Direct,0,0,0,A,A,0,No Deposit,,0,Transient-Party,64.0,0,0
Resort Hotel,1,128,2016,December,49,3,0,1,2,0.0,0,HB,PRT,Groups,Direct,0,0,0,A,C,1,No Deposit,,0,Transient-Party,64.0,0,0
Resort Hotel,1,183,2016,December,49,3,2,1,2,0.0,0,FB,PRT,Groups,TA/TO,0,0,0,A,A,0,Non Refund,38.0,0,Transient,72.0,0,0
Resort Hotel,1,183,2016,December,49,3,2,1,2,0.0,0,FB,PRT,Groups,TA/TO,0,0,0,A,A,0,Non Refund,38.0,0,Transient,72.0,0,0
Resort Hotel,1,183,2016,December,49,3,2,1,2,0.0,0,FB,PRT,Groups,TA/TO,0,0,0,A,A,0,Non Refund,38.0,0,Transient,72.0,0,0
Resort Hotel,1,183,2016,December,49,3,2,1,2,0.0,0,FB,PRT,Groups,TA/TO,0,0,0,A,A,0,Non Refund,38.0,0,Transient,72.0,0,0
Resort Hotel,1,183,2016,December,49,3,2,1,2,0.0,0,FB,PRT,Groups,TA/TO,0,0,0,A,C,1,Non Refund,38.0,0,Transient,72.0,0,0
Resort Hotel,1,183,2016,December,49,3,2,1,2,0.0,0,FB,PRT,Groups,TA/TO,0,0,0,A,A,0,Non Refund,38.0,0,Transient,72.0,0,0
Resort Hotel,1,183,2016,December,49,3,2,1,2,0.0,0,FB,PRT,Groups,TA/TO,0,0,0,A,A,0,Non Refund,38.0,0,Transient,72.0,0,0
Resort Hotel,1,183,2016,December,49,3,2,1,2,0.0,0,FB,PRT,Groups,TA/TO,0,0,0,A,A,0,Non Refund,38.0,0,Transient,72.0,0,0
Resort Hotel,1,183,2016,December,49,3,2,1,2,0.0,0,FB,PRT,Groups,TA/TO,0,0,0,A,C,1,Non Refund,38.0,0,Transient,72.0,0,0
Resort Hotel,1,183,2016,December,49,3,2,1,2,0.0,0,FB,PRT,Groups,TA/TO,0,0,0,A,A,0,Non Refund,38.0,0,Transient,72.0,0,0
Resort Hotel,1,183,2016,December,49,3,2,1,2,0.0,0,FB,PRT,Groups,TA/TO,0,0,0,A,A,0,Non Refund,38.0,0,Transient,72.0,0,0
Resort Hotel,1,183,2016,December,49,3,2,1,2,0.0,0,FB,PRT,Groups,TA/TO,0,0,0,A,A,0,Non Refund,38.0,0,Transient,72.0,0,0
Resort Hotel,1,183,2016,December,49,3,2,1,2,0.0,0,FB,PRT,Groups,TA/TO,0,0,0,A,A,0,Non Refund,38.0,0,Transient,72.0,0,0
Resort Hotel,1,183,2016,December,49,3,2,1,2,0.0,0,FB,PRT,Groups,TA/TO,0,0,0,A,A,0,Non Refund,38.0,0,Transient,72.0,0,0
Resort Hotel,1,183,2016,December,49,3,2,1,2,0.0,0,FB,PRT,Groups,TA/TO,0,0,0,A,A,0,Non Refund,38.0,0,Transient,72.0,0,0
Resort Hotel,1,183,2016,December,49,3,2,1,2,0.0,0,FB,PRT,Groups,TA/TO,0,0,0,A,A,0,Non Refund,38.0,0,Transient,72.0,0,0
Resort Hotel,1,183,2016,December,49,3,2,1,2,0.0,0,FB,PRT,Groups,TA/TO,0,0,0,A,A,0,Non Refund,38.0,0,Transient,72.0,0,0
Resort Hotel,1,183,2016,December,49,3,2,1,2,0.0,0,FB,PRT,Groups,TA/TO,0,0,0,A,C,1,Non Refund,38.0,0,Transient,72.0,0,0
Resort Hotel,1,183,2016,December,49,3,2,1,2,0.0,0,FB,PRT,Groups,TA/TO,0,0,0,A,C,1,Non Refund,38.0,0,Transient,72.0,0,0
Resort Hotel,1,183,2016,December,49,3,2,1,2,0.0,0,FB,PRT,Groups,TA/TO,0,0,0,A,A,0,Non Refund,38.0,0,Transient,72.0,0,0
Resort Hotel,1,183,2016,December,49,3,2,1,2,0.0,0,FB,PRT,Groups,TA/TO,0,0,0,A,A,0,Non Refund,38.0,0,Transient,72.0,0,0
Resort Hotel,1,183,2016,December,49,3,2,1,2,0.0,0,FB,PRT,Groups,TA/TO,0,0,0,A,A,0,Non Refund,38.0,0,Transient,72.0,0,0
Resort Hotel,1,183,2016,December,49,3,2,1,2,0.0,0,FB,PRT,Groups,TA/TO,0,0,0,A,A,0,Non Refund,38.0,0,Transient,72.0,0,0
Resort Hotel,1,183,2016,December,49,3,2,1,2,0.0,0,FB,PRT,Groups,TA/TO,0,0,0,A,A,0,Non Refund,38.0,0,Transient,72.0,0,0
Resort Hotel,1,183,2016,December,49,3,2,1,2,0.0,0,FB,PRT,Groups,TA/TO,0,0,0,A,A,0,Non Refund,38.0,0,Transient,72.0,0,0
Resort Hotel,1,183,2016,December,49,3,2,1,2,0.0,0,FB,PRT,Groups,TA/TO,0,0,0,A,C,1,Non Refund,38.0,0,Transient,72.0,0,0
Resort Hotel,1,183,2016,December,49,3,2,1,2,0.0,0,FB,PRT,Groups,TA/TO,0,0,0,A,C,1,Non Refund,38.0,0,Transient,72.0,0,0
Resort Hotel,1,183,2016,December,49,3,2,1,2,0.0,0,FB,PRT,Groups,TA/TO,0,0,0,A,A,0,Non Refund,38.0,0,Transient,72.0,0,0
Resort Hotel,1,183,2016,December,49,3,2,1,2,0.0,0,FB,PRT,Groups,TA/TO,0,0,0,A,A,0,Non Refund,38.0,0,Transient,72.0,0,0
Resort Hotel,1,183,2016,December,49,3,2,1,2,0.0,0,FB,PRT,Groups,TA/TO,0,0,0,A,C,1,Non Refund,38.0,0,Transient,72.0,0,0
Resort Hotel,1,102,2016,December,50,4,2,2,2,0.0,0,BB,PRT,Offline TA/TO,TA/TO,0,0,0,A,D,0,No Deposit,275.0,0,Transient,30.6,0,0
Resort Hotel,1,14,2016,December,50,5,1,2,2,0.0,0,Undefined,PRT,Groups,TA/TO,0,0,0,A,A,0,No Deposit,134.0,0,Transient-Party,84.0,0,0
Resort Hotel,1,14,2016,December,50,5,1,2,2,0.0,0,Undefined,PRT,Groups,TA/TO,0,0,0,A,A,0,No Deposit,134.0,0,Transient-Party,84.0,0,0
Resort Hotel,1,85,2016,December,50,5,1,2,2,0.0,0,BB,ESP,Online TA,TA/TO,0,0,0,A,A,0,No Deposit,240.0,0,Transient,44.33,0,1
Resort Hotel,1,14,2016,December,50,5,1,2,2,0.0,0,Undefined,PRT,Groups,TA/TO,0,0,0,A,A,0,No Deposit,134.0,0,Transient-Party,84.0,0,0
Resort Hotel,1,14,2016,December,50,5,1,2,2,0.0,0,Undefined,PRT,Groups,TA/TO,0,0,0,A,A,0,No Deposit,134.0,0,Transient-Party,84.0,0,0
Resort Hotel,1,14,2016,December,50,5,1,2,2,0.0,0,Undefined,PRT,Groups,TA/TO,0,0,0,A,A,0,No Deposit,134.0,0,Transient-Party,84.0,0,0
Resort Hotel,1,3,2016,December,50,5,1,2,2,0.0,0,Undefined,PRT,Groups,TA/TO,0,0,0,A,A,0,No Deposit,134.0,0,Transient-Party,42.0,0,0
Resort Hotel,1,67,2016,December,50,5,1,3,2,0.0,0,BB,ESP,Online TA,TA/TO,0,0,0,A,A,0,No Deposit,240.0,0,Transient,39.38,0,1
Resort Hotel,1,239,2016,December,50,5,1,4,2,0.0,0,BB,ITA,Online TA,TA/TO,0,0,0,A,A,0,No Deposit,240.0,0,Transient,48.0,0,0
Resort Hotel,1,95,2016,December,50,5,1,4,2,0.0,0,BB,PRT,Online TA,TA/TO,0,0,0,A,A,0,No Deposit,241.0,0,Transient,39.06,0,0
Resort Hotel,0,1,2016,December,50,6,0,1,2,0.0,0,BB,PRT,Offline TA/TO,TA/TO,0,0,0,A,D,0,No Deposit,6.0,0,Transient,34.0,1,0
Resort Hotel,1,34,2016,December,50,6,0,1,2,0.0,0,BB,ESP,Online TA,TA/TO,0,0,0,E,E,0,No Deposit,240.0,0,Transient,63.0,0,0
Resort Hotel,1,57,2016,December,50,6,0,3,2,0.0,0,BB,ESP,Online TA,TA/TO,0,0,0,A,A,0,No Deposit,240.0,0,Transient,37.8,0,1
Resort Hotel,1,65,2016,December,50,6,0,3,2,0.0,0,BB,ESP,Online TA,TA/TO,0,0,0,E,E,0,No Deposit,240.0,0,Transient,55.8,0,1
Resort Hotel,1,95,2016,December,50,6,0,4,2,0.0,0,BB,ESP,Online TA,TA/TO,0,0,0,A,A,0,No Deposit,240.0,0,Transient,54.0,0,0
Resort Hotel,1,75,2016,December,50,6,0,5,2,0.0,0,BB,USA,Online TA,TA/TO,0,0,0,A,A,0,No Deposit,240.0,0,Transient,37.8,0,0
Resort Hotel,1,57,2016,December,50,7,0,4,2,0.0,0,BB,PRT,Groups,Direct,0,0,0,A,A,0,No Deposit,,0,Transient-Party,33.3,0,0
Resort Hotel,1,82,2016,December,50,7,0,4,2,0.0,0,FB,PRT,Offline TA/TO,TA/TO,0,0,0,E,E,0,No Deposit,6.0,0,Transient,86.4,0,0
Resort Hotel,1,16,2016,December,50,7,0,4,2,0.0,0,FB,PRT,Offline TA/TO,TA/TO,0,0,0,E,E,0,No Deposit,177.0,0,Transient,96.0,0,0
Resort Hotel,1,33,2016,December,50,7,1,4,2,0.0,0,BB,GBR,Online TA,TA/TO,0,0,0,D,D,0,No Deposit,240.0,0,Transient,56.0,0,2
Resort Hotel,1,21,2016,December,50,7,1,4,2,0.0,0,BB,GBR,Online TA,TA/TO,0,0,0,A,A,1,No Deposit,240.0,0,Transient,57.6,0,2
Resort Hotel,1,22,2016,December,50,8,0,3,2,0.0,0,Undefined,PRT,Groups,TA/TO,0,0,0,A,A,0,No Deposit,38.0,0,Transient-Party,80.0,0,0
Resort Hotel,1,22,2016,December,50,8,0,3,2,0.0,0,Undefined,PRT,Groups,TA/TO,0,0,0,A,A,0,No Deposit,38.0,0,Transient-Party,80.0,0,0
Resort Hotel,1,22,2016,December,50,8,0,3,2,0.0,0,Undefined,PRT,Groups,TA/TO,0,0,0,A,A,0,No Deposit,38.0,0,Transient-Party,80.0,0,0
Resort Hotel,1,22,2016,December,50,8,0,3,2,0.0,0,Undefined,PRT,Groups,TA/TO,0,0,0,A,A,0,No Deposit,38.0,0,Transient-Party,80.0,0,0
Resort Hotel,1,22,2016,December,50,8,0,3,2,0.0,0,Undefined,PRT,Groups,TA/TO,0,0,0,A,A,0,No Deposit,38.0,0,Transient-Party,80.0,0,0
Resort Hotel,1,22,2016,December,50,8,0,3,2,0.0,0,Undefined,PRT,Groups,TA/TO,0,0,0,A,A,1,No Deposit,38.0,0,Transient-Party,80.0,0,0
Resort Hotel,1,22,2016,December,50,8,0,3,2,0.0,0,Undefined,PRT,Groups,TA/TO,0,0,0,A,A,0,No Deposit,38.0,0,Transient-Party,80.0,0,0
Resort Hotel,1,22,2016,December,50,8,0,3,2,0.0,0,Undefined,PRT,Groups,TA/TO,0,0,0,A,A,2,No Deposit,38.0,0,Transient-Party,80.0,0,0
Resort Hotel,1,22,2016,December,50,8,0,3,2,0.0,0,Undefined,PRT,Groups,TA/TO,0,0,0,A,A,0,No Deposit,38.0,0,Transient-Party,80.0,0,0
Resort Hotel,1,22,2016,December,50,8,0,3,2,0.0,0,Undefined,PRT,Groups,TA/TO,0,0,0,A,A,0,No Deposit,38.0,0,Transient-Party,80.0,0,0
Resort Hotel,1,22,2016,December,50,8,0,3,2,0.0,0,Undefined,PRT,Groups,TA/TO,0,0,0,A,A,0,No Deposit,38.0,0,Transient-Party,80.0,0,0
Resort Hotel,1,99,2016,December,50,8,0,3,2,0.0,0,BB,ESP,Online TA,TA/TO,0,0,0,A,A,0,No Deposit,240.0,0,Transient,54.0,0,1
Resort Hotel,1,92,2016,December,50,8,0,3,2,0.0,0,BB,ESP,Online TA,TA/TO,0,0,0,A,A,0,No Deposit,240.0,0,Transient,42.0,0,0
Resort Hotel,1,105,2016,December,50,8,1,3,2,0.0,0,BB,GBR,Online TA,TA/TO,0,0,0,A,C,1,No Deposit,240.0,0,Transient,37.8,0,3
Resort Hotel,1,149,2016,December,50,8,1,3,2,0.0,0,BB,IRL,Online TA,TA/TO,0,0,0,A,A,0,No Deposit,240.0,0,Transient,37.8,0,2
Resort Hotel,1,200,2016,December,50,8,2,8,2,0.0,0,BB,NLD,Online TA,TA/TO,0,0,0,D,D,2,No Deposit,240.0,0,Transient,46.8,0,3
Resort Hotel,1,86,2016,December,50,8,4,10,2,0.0,0,BB,PRT,Direct,Direct,0,0,0,E,E,0,No Deposit,,0,Transient,50.2,0,0
Resort Hotel,1,92,2016,December,50,9,0,2,2,0.0,0,BB,PRT,Online TA,TA/TO,0,0,0,A,A,0,No Deposit,240.0,0,Transient,42.0,0,2
Resort Hotel,1,26,2016,December,50,9,2,6,2,0.0,0,BB,PRT,Online TA,TA/TO,0,0,0,G,G,0,No Deposit,241.0,0,Transient,70.07,0,1
Resort Hotel,1,4,2016,December,50,10,0,1,2,0.0,0,BB,PRT,Online TA,TA/TO,0,0,0,A,D,0,No Deposit,240.0,0,Transient,65.0,0,1
Resort Hotel,1,12,2016,December,50,10,0,1,2,0.0,0,BB,GBR,Online TA,TA/TO,0,0,0,D,D,0,No Deposit,240.0,0,Transient,73.0,0,0
Resort Hotel,1,71,2016,December,50,10,0,1,2,0.0,0,BB,GBR,Online TA,TA/TO,0,0,0,A,A,0,No Deposit,240.0,0,Transient,37.8,0,1
Resort Hotel,1,23,2016,December,50,10,1,1,2,0.0,0,BB,ESP,Online TA,TA/TO,0,0,0,D,D,0,No Deposit,240.0,0,Transient,72.0,0,1
Resort Hotel,1,23,2016,December,50,10,1,1,2,0.0,0,BB,GBR,Online TA,TA/TO,0,0,0,D,D,0,No Deposit,240.0,0,Transient,72.0,0,0
Resort Hotel,1,51,2016,December,50,10,1,1,2,0.0,0,HB,ESP,Online TA,TA/TO,0,0,0,A,A,0,No Deposit,240.0,0,Transient,78.0,0,0
Resort Hotel,1,25,2016,December,50,10,2,1,2,0.0,0,BB,GBR,Online TA,TA/TO,0,0,0,A,A,0,No Deposit,240.0,0,Transient,52.0,0,1
Resort Hotel,1,58,2016,December,50,10,2,3,2,0.0,0,BB,GBR,Online TA,TA/TO,0,0,0,D,D,1,No Deposit,240.0,0,Transient,68.0,0,1
Resort Hotel,1,20,2016,December,51,11,1,0,2,0.0,0,BB,PRT,Online TA,TA/TO,0,0,0,E,E,0,No Deposit,240.0,0,Transient,63.0,0,3
Resort Hotel,1,152,2016,December,51,11,2,5,2,0.0,0,BB,GBR,Online TA,TA/TO,0,0,0,E,E,0,No Deposit,240.0,0,Transient,55.8,0,0
Resort Hotel,1,48,2016,December,51,12,1,4,2,0.0,0,HB,PRT,Online TA,TA/TO,0,0,0,A,A,0,No Deposit,240.0,0,Transient,78.0,0,2
Resort Hotel,1,210,2016,December,51,13,8,20,2,0.0,0,BB,PRT,Online TA,TA/TO,0,0,0,E,E,0,No Deposit,314.0,0,Transient,47.57,0,0
Resort Hotel,1,0,2016,December,51,14,0,2,2,0.0,0,BB,PRT,Direct,Direct,0,0,0,A,A,0,No Deposit,250.0,0,Transient,44.0,0,0
Resort Hotel,1,245,2016,December,51,15,0,2,2,0.0,0,BB,BRA,Online TA,TA/TO,0,0,0,A,A,0,No Deposit,240.0,0,Transient,37.8,0,0
Resort Hotel,1,245,2016,December,51,15,0,2,2,0.0,0,BB,BRA,Online TA,TA/TO,0,0,0,A,A,0,No Deposit,240.0,0,Transient,37.8,0,0
Resort Hotel,1,50,2016,December,51,15,1,3,2,0.0,0,BB,GBR,Online TA,TA/TO,0,0,0,A,A,0,No Deposit,240.0,0,Transient,48.0,0,1
Resort Hotel,1,125,2016,December,51,15,2,5,2,0.0,0,HB,ESP,Online TA,TA/TO,0,0,0,E,E,0,No Deposit,240.0,0,Transient,82.8,0,1
Resort Hotel,1,15,2016,December,51,16,0,2,2,0.0,0,BB,PRT,Online TA,TA/TO,0,0,0,A,A,0,No Deposit,241.0,0,Transient,35.12,0,0
Resort Hotel,1,121,2016,December,51,16,2,2,2,0.0,0,HB,ESP,Online TA,TA/TO,0,0,0,D,D,0,No Deposit,240.0,0,Transient,73.8,0,2
Resort Hotel,1,38,2016,December,51,16,1,2,2,0.0,0,BB,GBR,Online TA,TA/TO,0,0,0,D,D,4,No Deposit,240.0,0,Transient,66.0,0,1
Resort Hotel,1,17,2016,December,51,16,1,2,2,0.0,0,BB,IRL,Direct,Direct,0,0,0,E,E,0,No Deposit,250.0,0,Transient,64.0,0,0
Resort Hotel,1,19,2016,December,51,17,0,1,2,0.0,0,HB,ESP,Direct,Direct,0,0,0,F,F,1,No Deposit,250.0,0,Transient-Party,95.0,0,0
Resort Hotel,1,4,2016,December,51,17,0,1,2,0.0,0,BB,PRT,Online TA,TA/TO,0,0,0,E,E,0,No Deposit,240.0,0,Transient,63.0,0,2
Resort Hotel,1,86,2016,December,51,17,0,1,2,0.0,0,HB,PRT,Online TA,TA/TO,0,0,0,A,A,0,No Deposit,240.0,0,Transient,64.8,0,2
Resort Hotel,1,79,2016,December,51,17,2,2,2,0.0,0,BB,DEU,Online TA,TA/TO,0,0,0,A,A,2,No Deposit,240.0,0,Transient,37.8,0,1
Resort Hotel,1,49,2016,December,51,17,2,3,2,0.0,0,HB,GBR,Online TA,TA/TO,0,0,0,E,E,0,No Deposit,240.0,0,Transient,93.0,0,0
Resort Hotel,1,60,2016,December,51,17,2,3,2,0.0,0,BB,GBR,Online TA,TA/TO,0,0,0,A,A,0,No Deposit,240.0,0,Transient,48.0,0,2
Resort Hotel,1,14,2016,December,51,17,3,6,2,0.0,0,HB,ESP,Online TA,TA/TO,0,0,0,A,A,0,No Deposit,240.0,0,Transient,86.22,0,1
Resort Hotel,1,200,2016,December,51,17,6,12,2,0.0,0,BB,PRT,Online TA,TA/TO,0,0,0,A,A,0,No Deposit,314.0,0,Transient,38.67,0,0
Resort Hotel,1,206,2016,December,51,17,6,12,2,0.0,0,BB,PRT,Online TA,TA/TO,0,0,0,A,A,0,No Deposit,314.0,0,Transient,34.8,0,0
Resort Hotel,1,52,2016,December,52,18,2,2,2,0.0,0,BB,IRL,Online TA,TA/TO,0,0,0,D,D,0,No Deposit,240.0,0,Transient,56.0,0,0
Resort Hotel,1,92,2016,December,52,18,2,5,2,0.0,0,HB,DEU,Online TA,TA/TO,0,0,0,E,E,0,No Deposit,240.0,0,Transient,83.06,0,0
Resort Hotel,1,95,2016,December,52,18,3,5,2,0.0,0,BB,GBR,Online TA,TA/TO,0,0,0,A,A,0,No Deposit,240.0,0,Transient,42.0,0,0
Resort Hotel,1,21,2016,December,52,19,1,0,2,0.0,0,BB,CN,Online TA,TA/TO,0,0,0,A,A,0,No Deposit,240.0,0,Transient,48.0,0,1
Resort Hotel,1,30,2016,December,52,19,1,2,2,0.0,0,HB,PRT,Online TA,TA/TO,0,0,0,A,A,1,No Deposit,314.0,0,Transient,64.4,0,0
Resort Hotel,1,85,2016,December,52,19,1,3,2,0.0,0,HB,PRT,Online TA,TA/TO,0,0,0,A,A,0,No Deposit,240.0,0,Transient,64.8,0,0
Resort Hotel,1,308,2016,December,52,19,5,14,2,0.0,0,HB,PRT,Online TA,TA/TO,0,0,0,E,E,0,No Deposit,240.0,0,Transient,116.53,0,1
Resort Hotel,1,19,2016,December,52,20,0,1,2,0.0,0,BB,ITA,Online TA,TA/TO,0,0,0,A,A,0,No Deposit,240.0,0,Transient,48.0,0,0
Resort Hotel,1,172,2016,December,52,20,2,5,2,0.0,0,BB,GBR,Online TA,TA/TO,0,0,0,E,E,0,No Deposit,240.0,0,Transient,55.8,0,1
Resort Hotel,1,208,2016,December,52,20,2,5,2,0.0,0,BB,GBR,Online TA,TA/TO,0,0,0,A,A,0,No Deposit,240.0,0,Transient,37.8,0,0
Resort Hotel,1,250,2016,December,52,20,2,7,2,0.0,0,HB,FRA,Online TA,TA/TO,0,0,0,E,E,0,No Deposit,240.0,0,Transient,88.4,0,0
Resort Hotel,1,250,2016,December,52,20,2,7,2,0.0,0,HB,FRA,Online TA,TA/TO,0,0,0,E,E,0,No Deposit,240.0,0,Transient,88.4,0,0
Resort Hotel,1,250,2016,December,52,20,2,7,2,0.0,0,HB,FRA,Online TA,TA/TO,0,0,0,E,E,0,No Deposit,240.0,0,Transient,88.4,0,0
Resort Hotel,1,250,2016,December,52,20,2,7,2,0.0,0,HB,FRA,Online TA,TA/TO,0,0,0,E,E,0,No Deposit,240.0,0,Transient,88.4,0,0
Resort Hotel,1,250,2016,December,52,20,2,7,2,0.0,0,HB,FRA,Online TA,TA/TO,0,0,0,E,E,0,No Deposit,240.0,0,Transient,88.4,0,0
Resort Hotel,1,226,2016,December,52,21,0,1,2,0.0,0,BB,GBR,Online TA,TA/TO,0,0,0,E,E,0,No Deposit,240.0,0,Transient,55.8,0,1
Resort Hotel,1,247,2016,December,52,21,1,4,2,0.0,0,BB,FRA,Online TA,TA/TO,0,0,0,E,E,0,No Deposit,240.0,0,Transient,55.8,0,0
Resort Hotel,1,84,2016,December,52,21,2,4,2,0.0,0,BB,ESP,Online TA,TA/TO,0,0,0,A,A,0,No Deposit,240.0,0,Transient,37.8,0,2
Resort Hotel,1,75,2016,December,52,21,2,4,2,0.0,0,BB,ESP,Online TA,TA/TO,0,0,0,A,A,0,No Deposit,240.0,0,Transient,37.8,0,1
Resort Hotel,1,251,2016,December,52,21,2,4,2,0.0,0,BB,FRA,Online TA,TA/TO,0,0,0,E,E,1,No Deposit,240.0,0,Transient,55.8,0,0
Resort Hotel,1,126,2016,December,52,21,4,11,2,0.0,0,BB,PRT,Direct,Direct,0,0,0,E,E,0,No Deposit,,0,Transient,50.0,0,0
Resort Hotel,1,130,2016,December,52,22,0,3,2,0.0,0,HB,DEU,Online TA,TA/TO,0,0,0,E,E,0,No Deposit,240.0,0,Transient,82.8,0,0
Resort Hotel,1,252,2016,December,52,22,1,3,2,0.0,0,BB,FRA,Online TA,TA/TO,0,0,0,E,E,1,No Deposit,240.0,0,Transient,55.8,0,0
Resort Hotel,1,252,2016,December,52,22,2,3,2,0.0,0,BB,FRA,Online TA,TA/TO,0,0,0,E,E,1,No Deposit,240.0,0,Transient,55.8,0,0
Resort Hotel,1,248,2016,December,52,22,2,3,2,0.0,0,BB,FRA,Online TA,TA/TO,0,0,0,E,E,0,No Deposit,240.0,0,Transient,55.8,0,0
Resort Hotel,1,252,2016,December,52,22,2,3,2,0.0,0,BB,FRA,Online TA,TA/TO,0,0,0,E,E,1,No Deposit,240.0,0,Transient,55.8,0,0
Resort Hotel,1,252,2016,December,52,22,2,3,2,0.0,0,BB,FRA,Online TA,TA/TO,0,0,0,E,E,1,No Deposit,240.0,0,Transient,55.8,0,0
Resort Hotel,1,248,2016,December,52,22,2,3,2,0.0,0,BB,FRA,Online TA,TA/TO,0,0,0,E,E,0,No Deposit,240.0,0,Transient,55.8,0,1
Resort Hotel,1,227,2016,December,52,22,2,4,2,0.0,0,BB,NLD,Online TA,TA/TO,0,0,0,D,D,0,No Deposit,240.0,0,Transient,46.8,0,0
Resort Hotel,1,128,2016,December,52,22,4,8,2,0.0,0,BB,BEL,Online TA,TA/TO,0,0,0,D,D,0,No Deposit,240.0,0,Transient,57.23,0,1
Resort Hotel,1,181,2016,December,52,22,4,9,2,0.0,0,BB,FRA,Online TA,TA/TO,0,0,0,D,D,2,No Deposit,240.0,0,Transient,56.42,0,0
Resort Hotel,1,99,2016,December,52,23,0,2,2,0.0,0,HB,PRT,Online TA,TA/TO,0,0,0,D,D,0,No Deposit,241.0,0,Transient,57.53,0,1
Resort Hotel,1,53,2016,December,52,23,1,2,2,0.0,0,BB,ESP,Online TA,TA/TO,0,0,0,D,D,1,No Deposit,240.0,0,Transient,64.0,0,0
Resort Hotel,1,59,2016,December,52,23,2,2,2,0.0,0,HB,PRT,Online TA,TA/TO,0,0,0,E,E,0,No Deposit,240.0,0,Transient-Party,103.0,0,1
Resort Hotel,1,59,2016,December,52,23,2,2,2,0.0,0,HB,PRT,Online TA,TA/TO,0,0,0,E,E,0,No Deposit,240.0,0,Transient-Party,103.0,0,1
Resort Hotel,1,73,2016,December,52,23,2,2,2,0.0,0,HB,PRT,Online TA,TA/TO,0,0,0,A,A,2,No Deposit,240.0,0,Transient-Party,81.9,0,1
Resort Hotel,1,57,2016,December,52,23,2,3,2,0.0,0,BB,CHE,Online TA,TA/TO,0,0,0,D,D,0,No Deposit,240.0,0,Transient,56.0,0,4
Resort Hotel,1,57,2016,December,52,23,2,3,2,0.0,0,BB,CHE,Online TA,TA/TO,0,0,0,D,D,0,No Deposit,240.0,0,Transient,56.0,0,4
Resort Hotel,1,88,2016,December,52,23,2,3,2,0.0,0,BB,PRT,Offline TA/TO,TA/TO,0,0,0,A,D,0,No Deposit,6.0,0,Transient,39.6,0,1
Resort Hotel,1,88,2016,December,52,23,2,3,2,0.0,0,BB,PRT,Offline TA/TO,TA/TO,0,0,0,A,D,0,No Deposit,6.0,0,Transient,39.6,0,1
Resort Hotel,1,91,2016,December,52,23,2,4,2,0.0,0,HB,ESP,Online TA,TA/TO,0,0,0,A,A,1,No Deposit,240.0,0,Transient-Party,75.6,0,1
Resort Hotel,1,91,2016,December,52,23,2,4,2,0.0,0,HB,ESP,Online TA,TA/TO,0,0,0,G,G,3,No Deposit,240.0,0,Transient-Party,137.5,0,0
Resort Hotel,1,91,2016,December,52,23,2,4,2,0.0,0,HB,ESP,Online TA,TA/TO,0,0,0,A,A,1,No Deposit,240.0,0,Transient-Party,75.6,0,1
Resort Hotel,1,90,2016,December,52,23,2,5,2,0.0,0,BB,GBR,Online TA,TA/TO,0,0,0,A,A,0,No Deposit,240.0,0,Transient,37.8,0,0
Resort Hotel,1,88,2016,December,52,23,2,5,2,0.0,0,HB,GBR,Online TA,TA/TO,0,0,0,D,D,0,No Deposit,240.0,0,Transient,83.06,0,2
Resort Hotel,1,38,2016,December,52,24,0,1,2,0.0,0,BB,PRT,Online TA,TA/TO,0,0,0,A,A,0,No Deposit,240.0,0,Transient,60.0,0,0
Resort Hotel,1,38,2016,December,52,24,0,1,2,0.0,0,BB,PRT,Online TA,TA/TO,0,0,0,A,A,0,No Deposit,240.0,0,Transient,60.0,0,0
Resort Hotel,1,59,2016,December,52,24,1,1,2,0.0,0,BB,PRT,Online TA,TA/TO,0,0,0,E,E,0,No Deposit,240.0,0,Transient,69.0,0,0
Resort Hotel,1,76,2016,December,52,24,1,1,2,0.0,0,BB,USA,Direct,Direct,0,0,0,G,G,0,No Deposit,250.0,0,Transient,73.8,0,2
Resort Hotel,1,9,2016,December,52,24,1,1,2,0.0,0,BB,PRT,Corporate,Corporate,0,0,0,D,D,0,No Deposit,,0,Transient,45.0,0,1
Resort Hotel,1,73,2016,December,52,24,2,1,2,0.0,0,HB,GBR,Direct,Direct,0,0,0,E,E,1,No Deposit,250.0,0,Transient,104.73,0,0
Resort Hotel,1,168,2016,December,52,24,2,1,2,0.0,0,HB,GBR,Online TA,TA/TO,0,0,0,A,A,0,No Deposit,240.0,0,Transient,77.4,0,2
Resort Hotel,1,79,2016,December,52,24,2,3,2,0.0,0,BB,MAR,Online TA,TA/TO,0,0,0,A,A,0,No Deposit,240.0,0,Transient,37.8,0,1
Resort Hotel,1,79,2016,December,52,24,2,3,2,0.0,0,BB,MAR,Online TA,TA/TO,0,0,0,A,A,0,No Deposit,240.0,0,Transient,37.8,0,1
Resort Hotel,1,79,2016,December,52,24,2,3,2,0.0,0,BB,MAR,Online TA,TA/TO,0,0,0,A,A,0,No Deposit,240.0,0,Transient,37.8,0,1
Resort Hotel,1,4,2016,December,52,24,2,3,2,0.0,0,BB,BRA,Online TA,TA/TO,0,0,0,A,A,0,No Deposit,240.0,0,Transient,65.0,0,1
Resort Hotel,1,196,2016,December,52,24,2,6,2,0.0,0,BB,GBR,Online TA,TA/TO,0,0,0,A,A,6,No Deposit,240.0,0,Transient,46.35,0,0
Resort Hotel,1,247,2016,December,53,25,2,1,2,0.0,0,BB,IRL,Online TA,TA/TO,0,0,0,D,D,0,No Deposit,240.0,0,Transient,46.8,0,2
Resort Hotel,1,161,2016,December,53,26,1,0,2,0.0,0,BB,PRT,Offline TA/TO,TA/TO,0,0,0,D,D,0,No Deposit,8.0,0,Transient,37.8,0,0
Resort Hotel,1,91,2016,December,53,26,1,2,2,0.0,0,BB,ESP,Online TA,TA/TO,0,0,0,A,A,0,No Deposit,240.0,0,Transient,37.8,0,0
Resort Hotel,1,15,2016,December,53,26,1,3,2,0.0,0,BB,PRT,Online TA,TA/TO,0,0,0,A,A,0,No Deposit,240.0,0,Transient,65.0,0,1
Resort Hotel,1,83,2016,December,53,26,1,3,2,0.0,0,BB,PRT,Online TA,TA/TO,0,0,0,E,E,0,No Deposit,242.0,0,Transient,55.8,0,1
Resort Hotel,1,65,2016,December,53,26,1,3,2,0.0,0,BB,ESP,Online TA,TA/TO,0,0,0,A,A,0,No Deposit,240.0,0,Transient,48.0,0,0
Resort Hotel,1,90,2016,December,53,26,1,3,2,0.0,0,BB,ESP,Online TA,TA/TO,0,0,0,A,A,0,No Deposit,240.0,0,Transient,37.8,0,1
Resort Hotel,1,155,2016,December,53,26,1,3,2,0.0,0,BB,GBR,Online TA,TA/TO,0,0,0,A,A,0,No Deposit,240.0,0,Transient,37.8,0,2
Resort Hotel,1,168,2016,December,53,26,1,4,2,0.0,0,HB,FRA,Online TA,TA/TO,0,0,0,E,E,0,No Deposit,240.0,0,Transient,91.44,0,0
Resort Hotel,1,161,2016,December,53,26,1,5,2,0.0,0,BB,ESP,Online TA,TA/TO,0,0,0,A,A,0,No Deposit,240.0,0,Transient,49.2,0,2
Resort Hotel,1,126,2016,December,53,26,2,5,2,0.0,0,BB,PRT,Online TA,TA/TO,0,0,0,D,D,0,No Deposit,314.0,0,Transient-Party,51.22,0,0
Resort Hotel,1,98,2016,December,53,26,2,5,2,0.0,0,BB,GBR,Online TA,TA/TO,0,0,0,D,D,0,No Deposit,240.0,0,Transient,109.03,0,1
Resort Hotel,1,172,2016,December,53,26,2,5,2,0.0,0,BB,DEU,Online TA,TA/TO,0,0,0,A,A,2,No Deposit,240.0,0,Transient,52.46,0,1
Resort Hotel,1,126,2016,December,53,26,2,5,2,0.0,0,BB,PRT,Online TA,TA/TO,0,0,0,D,D,0,No Deposit,314.0,0,Transient-Party,51.22,0,0
Resort Hotel,1,258,2016,December,53,26,2,5,2,0.0,0,HB,PRT,Offline TA/TO,TA/TO,0,0,0,D,D,0,No Deposit,156.0,0,Transient,81.01,0,0
Resort Hotel,1,172,2016,December,53,26,2,5,2,0.0,0,BB,DEU,Online TA,TA/TO,0,0,0,A,A,2,No Deposit,240.0,0,Transient,52.46,0,1
Resort Hotel,1,288,2016,December,53,26,3,6,2,0.0,0,HB,GBR,Online TA,TA/TO,0,0,0,E,E,0,No Deposit,240.0,0,Transient,96.4,0,0
Resort Hotel,1,135,2016,December,53,27,0,2,2,0.0,0,BB,ITA,Online TA,TA/TO,0,0,0,A,A,0,No Deposit,240.0,0,Transient,37.8,0,0
Resort Hotel,1,44,2016,December,53,27,0,3,2,0.0,0,BB,DEU,Online TA,TA/TO,0,0,0,E,E,0,No Deposit,240.0,0,Transient,75.0,0,0
Resort Hotel,1,137,2016,December,53,27,0,3,2,0.0,0,BB,PRT,Online TA,TA/TO,0,0,0,A,A,0,No Deposit,240.0,0,Transient,37.8,0,1
Resort Hotel,1,122,2016,December,53,27,0,4,2,0.0,0,BB,FRA,Online TA,TA/TO,0,0,0,D,D,3,No Deposit,240.0,0,Transient,74.75,0,2
Resort Hotel,1,135,2016,December,53,28,0,1,2,0.0,0,BB,IRL,Online TA,TA/TO,0,0,0,E,E,0,No Deposit,240.0,0,Transient,55.8,0,2
Resort Hotel,1,10,2016,December,53,28,0,2,2,0.0,0,BB,PRT,Direct,Direct,0,0,0,E,E,0,No Deposit,250.0,0,Transient,76.0,0,0
Resort Hotel,1,335,2016,December,53,28,0,4,2,0.0,0,BB,PRT,Online TA,TA/TO,0,0,0,A,A,0,No Deposit,240.0,0,Transient,64.0,0,1
Resort Hotel,1,13,2016,December,53,28,0,2,2,0.0,0,BB,PRT,Online TA,TA/TO,0,0,0,A,A,0,No Deposit,240.0,0,Transient,65.0,0,1
Resort Hotel,1,16,2016,December,53,29,0,3,2,0.0,0,BB,FRA,Online TA,TA/TO,0,0,0,D,D,0,No Deposit,240.0,0,Transient,97.67,0,1
Resort Hotel,1,64,2016,December,53,29,0,3,2,0.0,0,BB,PRT,Direct,Direct,0,0,0,A,A,0,No Deposit,250.0,0,Transient,65.4,0,0
Resort Hotel,1,9,2016,December,53,29,0,3,2,0.0,0,BB,PRT,Direct,Direct,0,0,0,A,A,5,No Deposit,,0,Transient,78.8,0,1
Resort Hotel,1,182,2016,December,53,29,0,3,2,0.0,0,BB,PRT,Direct,Direct,0,0,0,A,A,0,No Deposit,250.0,0,Transient,60.6,0,0
Resort Hotel,1,258,2016,December,53,29,4,8,2,0.0,0,BB,GBR,Online TA,TA/TO,0,0,0,D,D,0,No Deposit,240.0,0,Transient,59.48,0,0
Resort Hotel,1,51,2016,December,53,30,0,1,2,0.0,0,HB,KWT,Online TA,TA/TO,0,0,0,D,D,0,No Deposit,240.0,0,Transient,125.0,0,1
Resort Hotel,1,70,2016,December,53,30,0,2,2,0.0,0,BB,PRT,Online TA,TA/TO,0,0,0,D,D,0,No Deposit,240.0,0,Transient,250.0,0,1
Resort Hotel,1,317,2016,December,53,30,0,2,2,0.0,0,BB,PRT,Offline TA/TO,TA/TO,0,0,0,E,E,0,No Deposit,8.0,0,Transient,72.0,0,0
Resort Hotel,1,70,2016,December,53,30,0,2,2,0.0,0,BB,PRT,Online TA,TA/TO,0,0,0,D,D,0,No Deposit,240.0,0,Transient,250.0,0,1
Resort Hotel,1,187,2016,December,53,30,0,2,2,0.0,0,BB,PRT,Online TA,TA/TO,0,0,0,A,A,0,No Deposit,242.0,0,Transient,72.0,0,0
Resort Hotel,1,21,2016,December,53,30,0,2,2,0.0,0,BB,PRT,Direct,Direct,0,0,0,E,E,0,No Deposit,,0,Transient,110.0,0,1
Resort Hotel,1,17,2016,December,53,30,0,2,2,0.0,0,BB,PRT,Online TA,TA/TO,0,0,0,E,E,0,No Deposit,240.0,0,Transient,120.0,0,1
Resort Hotel,1,315,2016,December,53,30,0,2,2,0.0,0,BB,PRT,Offline TA/TO,TA/TO,0,0,0,A,A,0,No Deposit,8.0,0,Transient,54.0,0,0
Resort Hotel,1,66,2016,December,53,30,0,2,2,0.0,0,BB,PRT,Offline TA/TO,TA/TO,0,0,0,D,D,0,No Deposit,5.0,0,Transient,162.0,0,1
Resort Hotel,1,196,2016,December,53,30,1,2,2,0.0,0,HB,PRT,Groups,TA/TO,0,0,0,A,C,1,No Deposit,,0,Transient-Party,180.0,0,0
Resort Hotel,1,196,2016,December,53,30,1,2,2,0.0,0,HB,PRT,Groups,TA/TO,0,0,0,A,A,0,No Deposit,,0,Transient-Party,114.0,0,0
Resort Hotel,1,11,2016,December,53,30,1,2,2,0.0,0,HB,PRT,Groups,TA/TO,0,0,0,A,A,0,No Deposit,,0,Transient-Party,114.0,0,0
Resort Hotel,1,135,2016,December,53,30,1,2,2,0.0,0,BB,PRT,Online TA,TA/TO,0,0,0,A,A,0,No Deposit,240.0,0,Transient,73.5,0,0
Resort Hotel,1,109,2016,December,53,30,1,2,2,0.0,0,BB,PRT,Online TA,TA/TO,0,0,0,D,D,0,No Deposit,240.0,0,Transient,198.33,0,1
Resort Hotel,1,72,2016,December,53,30,1,2,2,0.0,0,BB,PRT,Complementary,Direct,0,0,0,E,E,0,No Deposit,,0,Transient,0.0,0,1
Resort Hotel,1,196,2016,December,53,30,1,2,2,0.0,0,HB,PRT,Groups,TA/TO,0,0,0,A,A,0,No Deposit,,0,Transient-Party,180.0,0,0
Resort Hotel,1,156,2016,December,53,30,1,2,2,0.0,0,BB,PRT,Direct,Direct,0,0,0,E,E,0,No Deposit,,0,Transient,173.1,0,0
Resort Hotel,1,196,2016,December,53,30,1,2,2,0.0,0,HB,PRT,Groups,TA/TO,0,0,0,A,A,0,No Deposit,,0,Transient-Party,114.0,0,0
Resort Hotel,1,196,2016,December,53,30,1,2,2,0.0,0,HB,PRT,Groups,TA/TO,0,0,0,A,A,0,No Deposit,,0,Transient-Party,180.0,0,0
Resort Hotel,1,72,2016,December,53,30,1,2,2,0.0,0,BB,PRT,Direct,Direct,0,0,0,E,E,0,No Deposit,,0,Transient,159.0,0,0
Resort Hotel,1,135,2016,December,53,30,1,2,2,0.0,0,BB,PRT,Online TA,TA/TO,0,0,0,A,A,0,No Deposit,240.0,0,Transient,73.5,0,0
Resort Hotel,1,196,2016,December,53,30,1,2,2,0.0,0,HB,PRT,Groups,TA/TO,0,0,0,A,A,0,No Deposit,,0,Transient-Party,114.0,0,0
Resort Hotel,1,62,2016,December,53,30,1,2,2,0.0,0,BB,CN,Direct,Direct,0,0,0,A,A,2,No Deposit,250.0,0,Transient,165.33,0,1
Resort Hotel,1,11,2016,December,53,30,1,2,2,0.0,0,HB,PRT,Groups,TA/TO,0,0,0,A,A,0,No Deposit,,0,Transient-Party,114.0,0,0
Resort Hotel,1,20,2016,December,53,30,1,2,2,0.0,0,BB,PRT,Direct,Direct,0,0,0,A,A,0,No Deposit,,0,Transient,8.0,0,0
Resort Hotel,1,196,2016,December,53,30,1,2,2,0.0,0,HB,PRT,Groups,TA/TO,0,0,0,A,C,1,No Deposit,,0,Transient-Party,180.0,0,0
Resort Hotel,1,196,2016,December,53,30,1,2,2,0.0,0,HB,PRT,Groups,TA/TO,0,0,0,A,A,1,No Deposit,,0,Transient-Party,114.0,0,0
Resort Hotel,1,196,2016,December,53,30,1,2,2,0.0,0,HB,PRT,Groups,TA/TO,0,0,0,A,A,0,No Deposit,,0,Transient-Party,180.0,0,0
Resort Hotel,1,99,2016,December,53,30,2,3,2,0.0,0,HB,FRA,Online TA,TA/TO,0,0,0,E,E,0,No Deposit,240.0,0,Transient,165.08,0,0
Resort Hotel,1,42,2016,December,53,31,1,1,2,0.0,0,BB,PRT,Direct,Direct,0,0,0,G,G,0,No Deposit,,0,Transient-Party,275.0,0,0
Resort Hotel,1,284,2016,December,53,31,1,1,2,0.0,0,HB,ESP,Online TA,TA/TO,0,0,0,E,E,0,No Deposit,240.0,0,Transient,229.4,0,2
Resort Hotel,1,42,2016,December,53,31,1,1,2,0.0,0,BB,PRT,Direct,Direct,0,0,0,G,G,0,No Deposit,,0,Transient-Party,275.0,0,0
Resort Hotel,1,78,2016,December,53,31,1,1,2,0.0,0,BB,PRT,Offline TA/TO,TA/TO,0,0,0,D,D,1,No Deposit,181.0,0,Transient,162.0,0,0
Resort Hotel,1,130,2016,December,53,31,2,4,2,0.0,0,BB,IRL,Online TA,TA/TO,0,0,0,E,E,0,No Deposit,240.0,0,Transient,67.95,0,3
Resort Hotel,1,55,2016,December,53,31,2,5,2,0.0,0,HB,GBR,Online TA,TA/TO,0,0,0,A,A,0,No Deposit,240.0,0,Transient,94.29,0,0
Resort Hotel,1,74,2017,January,1,1,1,0,2,0.0,0,BB,PRT,Online TA,TA/TO,0,0,0,A,A,0,No Deposit,5.0,0,Transient,57.6,0,0
Resort Hotel,1,62,2017,January,1,1,2,2,2,0.0,0,BB,AUT,Online TA,TA/TO,0,0,0,A,A,0,No Deposit,240.0,0,Transient,51.5,0,1
Resort Hotel,1,62,2017,January,1,1,2,2,2,0.0,0,BB,AUT,Online TA,TA/TO,0,0,0,A,A,0,No Deposit,240.0,0,Transient,51.5,0,1
Resort Hotel,1,62,2017,January,1,1,2,2,2,0.0,0,BB,AUT,Online TA,TA/TO,0,0,0,A,A,0,No Deposit,240.0,0,Transient,51.5,0,1
Resort Hotel,1,88,2017,January,1,1,2,3,2,0.0,0,BB,ITA,Online TA,TA/TO,0,0,0,A,A,0,No Deposit,240.0,0,Transient,44.64,0,1
Resort Hotel,1,172,2017,January,1,1,2,5,2,0.0,0,BB,BEL,Online TA,TA/TO,0,0,0,A,A,0,No Deposit,240.0,0,Transient,42.69,0,0
Resort Hotel,1,168,2017,January,1,1,2,5,2,0.0,0,BB,GBR,Online TA,TA/TO,0,0,0,A,A,0,No Deposit,240.0,0,Transient,42.69,0,0
Resort Hotel,1,42,2017,January,1,2,1,0,2,0.0,0,BB,PRT,Online TA,TA/TO,0,0,0,A,A,0,No Deposit,242.0,0,Transient,42.0,0,0
Resort Hotel,1,42,2017,January,1,2,1,0,2,0.0,0,BB,PRT,Online TA,TA/TO,0,0,0,A,A,0,No Deposit,242.0,0,Transient,42.0,0,0
Resort Hotel,1,143,2017,January,1,2,1,1,2,0.0,0,BB,BRA,Direct,Direct,0,0,0,A,A,1,No Deposit,250.0,0,Transient,34.02,0,1
Resort Hotel,1,89,2017,January,1,2,1,3,2,0.0,0,BB,GBR,Online TA,TA/TO,0,0,0,D,D,0,No Deposit,240.0,0,Transient,46.8,0,1
Resort Hotel,1,131,2017,January,1,2,1,3,2,0.0,0,BB,IRL,Online TA,TA/TO,0,0,0,E,E,1,No Deposit,240.0,0,Transient,55.8,0,1
Resort Hotel,1,21,2017,January,1,2,1,3,2,0.0,0,BB,BRA,Online TA,TA/TO,0,0,0,A,A,0,No Deposit,240.0,0,Transient,48.0,0,1
Resort Hotel,1,89,2017,January,1,2,1,3,2,0.0,0,BB,GBR,Online TA,TA/TO,0,0,0,E,E,0,No Deposit,240.0,0,Transient,55.8,0,0
Resort Hotel,1,48,2017,January,1,2,1,4,2,0.0,0,BB,PRT,Direct,Direct,0,0,0,A,A,1,No Deposit,250.0,0,Transient,47.8,0,2
Resort Hotel,1,47,2017,January,1,2,1,4,2,0.0,0,HB,PRT,Online TA,TA/TO,0,0,0,A,A,0,No Deposit,240.0,0,Transient,72.0,0,2
Resort Hotel,1,173,2017,January,1,2,1,5,2,0.0,0,BB,PRT,Online TA,TA/TO,0,0,0,G,G,2,No Deposit,242.0,0,Transient,78.3,0,1
Resort Hotel,1,36,2017,January,1,2,3,7,2,0.0,0,BB,GBR,Online TA,TA/TO,0,0,0,A,A,0,No Deposit,240.0,0,Transient,42.0,0,2
Resort Hotel,1,23,2017,January,1,3,0,2,2,0.0,0,HB,ESP,Online TA,TA/TO,0,0,0,D,D,0,No Deposit,240.0,0,Transient,88.0,0,0
Resort Hotel,1,44,2017,January,1,3,2,5,2,0.0,0,BB,LUX,Online TA,TA/TO,0,0,0,A,A,0,No Deposit,240.0,0,Transient,42.0,0,0
Resort Hotel,1,68,2017,January,1,3,2,5,2,0.0,0,BB,CHE,Online TA,TA/TO,0,0,0,A,A,0,No Deposit,242.0,0,Transient,37.8,0,1
Resort Hotel,1,23,2017,January,1,4,0,3,2,0.0,0,BB,GBR,Online TA,TA/TO,0,0,0,A,A,0,No Deposit,240.0,0,Transient,48.0,0,0
Resort Hotel,1,43,2017,January,1,4,1,4,2,0.0,0,BB,BRA,Online TA,TA/TO,0,0,0,A,A,2,No Deposit,240.0,0,Transient,42.0,0,0
Resort Hotel,1,112,2017,January,1,4,2,4,2,0.0,0,BB,PRT,Online TA,TA/TO,0,0,0,D,D,0,No Deposit,240.0,0,Transient,52.0,0,2
Resort Hotel,1,59,2017,January,1,4,2,5,2,0.0,0,BB,GBR,Online TA,TA/TO,0,0,0,A,A,0,No Deposit,240.0,0,Transient,42.0,0,2
Resort Hotel,1,93,2017,January,1,5,0,3,2,0.0,0,HB,PRT,Online TA,TA/TO,0,0,0,A,A,1,No Deposit,339.0,0,Transient,51.84,0,0
Resort Hotel,1,4,2017,January,1,5,0,3,2,0.0,0,BB,ESP,Online TA,TA/TO,0,0,0,A,A,0,No Deposit,240.0,0,Transient,48.0,0,0
Resort Hotel,1,115,2017,January,1,5,2,3,2,0.0,0,HB,GBR,Online TA,TA/TO,0,0,0,E,E,0,No Deposit,240.0,0,Transient,92.0,0,0
Resort Hotel,1,11,2017,January,1,6,0,2,2,0.0,0,HB,PRT,Offline TA/TO,TA/TO,0,0,0,A,A,0,No Deposit,177.0,0,Transient,60.0,0,1
Resort Hotel,1,11,2017,January,1,6,0,2,2,0.0,0,HB,PRT,Offline TA/TO,TA/TO,0,0,0,A,A,0,No Deposit,177.0,0,Transient,60.0,0,1
Resort Hotel,1,32,2017,January,1,6,2,6,2,0.0,0,BB,GBR,Online TA,TA/TO,0,0,0,D,D,0,No Deposit,240.0,0,Transient,53.5,0,0
Resort Hotel,1,27,2017,January,1,6,4,10,2,0.0,0,BB,GBR,Direct,Direct,0,0,0,A,A,0,No Deposit,250.0,0,Transient,38.86,0,0
Resort Hotel,1,15,2017,January,1,7,0,1,2,0.0,0,BB,ESP,Online TA,TA/TO,0,0,0,D,D,0,No Deposit,240.0,0,Transient,78.0,0,0
Resort Hotel,1,42,2017,January,1,7,0,1,2,0.0,0,BB,PRT,Online TA,TA/TO,0,0,0,D,D,0,No Deposit,240.0,0,Transient,62.0,0,0
Resort Hotel,1,86,2017,January,1,7,1,1,2,0.0,0,BB,BRA,Online TA,TA/TO,0,0,0,D,D,0,No Deposit,240.0,0,Transient,56.4,0,2
Resort Hotel,1,23,2017,January,1,7,2,1,2,0.0,0,BB,IRL,Online TA,TA/TO,0,0,0,A,A,0,No Deposit,240.0,0,Transient,48.0,0,1
Resort Hotel,1,36,2017,January,1,7,2,1,2,0.0,0,BB,ESP,Online TA,TA/TO,0,0,0,A,A,0,No Deposit,240.0,0,Transient,44.0,0,0
Resort Hotel,1,66,2017,January,1,7,2,2,2,0.0,0,BB,IRL,Online TA,TA/TO,0,0,0,A,A,0,No Deposit,240.0,0,Transient,42.0,0,1
Resort Hotel,1,140,2017,January,1,7,2,5,2,0.0,0,BB,IRL,Online TA,TA/TO,0,0,0,A,C,1,No Deposit,240.0,0,Transient,37.8,0,2
Resort Hotel,1,113,2017,January,2,8,1,0,2,0.0,0,BB,BRA,Online TA,TA/TO,0,0,0,A,A,0,No Deposit,240.0,0,Transient,42.0,0,0
Resort Hotel,1,113,2017,January,2,8,1,0,2,0.0,0,BB,BRA,Online TA,TA/TO,0,0,0,A,A,0,No Deposit,240.0,0,Transient,42.0,0,0
Resort Hotel,1,102,2017,January,2,8,2,3,2,0.0,0,BB,GBR,Online TA,TA/TO,0,0,0,E,E,0,No Deposit,240.0,0,Transient,55.8,0,2
Resort Hotel,1,52,2017,January,2,8,2,3,2,0.0,0,BB,ESP,Direct,Direct,0,0,0,A,A,0,No Deposit,250.0,0,Transient,67.8,0,0
Resort Hotel,1,85,2017,January,2,8,2,5,2,0.0,0,BB,GBR,Online TA,TA/TO,0,0,0,A,A,0,No Deposit,240.0,0,Transient,42.0,0,2
Resort Hotel,1,125,2017,January,2,9,1,2,2,0.0,0,BB,ESP,Online TA,TA/TO,0,0,0,E,E,0,No Deposit,240.0,0,Transient,55.8,0,2
Resort Hotel,1,161,2017,January,2,9,2,5,2,0.0,0,BB,IRL,Online TA,TA/TO,0,0,0,A,A,0,No Deposit,240.0,0,Transient,37.8,0,0
Resort Hotel,1,154,2017,January,2,9,2,5,2,0.0,0,BB,IRL,Online TA,TA/TO,0,0,0,A,A,0,No Deposit,240.0,0,Transient,37.8,0,0
Resort Hotel,1,154,2017,January,2,9,2,5,2,0.0,0,BB,IRL,Online TA,TA/TO,0,0,0,A,A,0,No Deposit,240.0,0,Transient,37.8,0,0
Resort Hotel,1,0,2017,January,2,10,0,1,2,0.0,0,BB,PRT,Direct,Direct,0,0,0,G,G,0,No Deposit,,0,Transient,0.0,0,0
Resort Hotel,1,322,2017,January,2,10,16,40,2,0.0,0,BB,PRT,Offline TA/TO,TA/TO,0,0,0,A,A,0,No Deposit,8.0,0,Transient,25.5,0,0
Resort Hotel,1,0,2017,January,2,11,0,1,2,0.0,0,BB,ESP,Online TA,TA/TO,0,0,0,A,D,0,No Deposit,240.0,0,Transient,48.0,0,1
Resort Hotel,1,1,2017,January,2,11,0,2,2,0.0,0,BB,PRT,Complementary,TA/TO,0,0,0,A,D,0,No Deposit,15.0,0,Transient,0.0,0,0
Resort Hotel,1,5,2017,January,2,11,0,2,2,0.0,0,HB,CHE,Online TA,TA/TO,0,0,0,A,A,0,No Deposit,240.0,0,Transient,78.0,0,0
Resort Hotel,1,35,2017,January,2,11,0,2,2,0.0,0,BB,FRA,Online TA,TA/TO,0,0,0,E,E,1,No Deposit,240.0,0,Transient,62.0,0,1
Resort Hotel,1,37,2017,January,2,11,0,3,2,0.0,0,BB,CN,Online TA,TA/TO,0,0,0,A,A,0,No Deposit,240.0,0,Transient,42.0,0,1
Resort Hotel,1,58,2017,January,2,11,4,10,2,0.0,0,BB,CN,Online TA,TA/TO,0,0,0,A,A,0,No Deposit,240.0,0,Transient,42.0,0,0
Resort Hotel,1,129,2017,January,2,12,2,3,2,0.0,0,HB,GBR,Direct,Direct,0,0,0,A,A,0,No Deposit,250.0,0,Transient,47.8,0,0
Resort Hotel,1,115,2017,January,2,12,2,6,2,0.0,0,BB,PRT,Online TA,TA/TO,0,0,0,A,A,0,No Deposit,242.0,0,Transient,37.8,0,1
Resort Hotel,1,78,2017,January,2,13,0,2,2,0.0,0,BB,ESP,Direct,Direct,0,0,0,F,F,0,No Deposit,250.0,0,Transient,54.27,0,1
Resort Hotel,1,10,2017,January,2,13,0,2,2,0.0,0,BB,PRT,Direct,Direct,0,0,0,A,A,0,No Deposit,250.0,0,Transient,44.0,0,0
Resort Hotel,1,11,2017,January,2,14,0,1,2,0.0,0,HB,PRT,Online TA,TA/TO,0,0,0,A,A,0,No Deposit,240.0,0,Transient,78.0,0,1
Resort Hotel,1,18,2017,January,2,14,1,1,2,0.0,0,BB,ESP,Online TA,TA/TO,0,0,0,E,E,0,No Deposit,240.0,0,Transient,68.0,0,2
Resort Hotel,1,22,2017,January,2,14,1,1,2,0.0,0,BB,PRT,Online TA,TA/TO,0,0,0,F,F,2,No Deposit,242.0,0,Transient,69.35,0,1
Resort Hotel,1,108,2017,January,2,14,2,1,2,0.0,0,BB,GBR,Online TA,TA/TO,0,0,0,E,E,0,No Deposit,240.0,0,Transient,55.8,0,2
Resort Hotel,1,275,2017,January,2,14,2,1,2,0.0,0,BB,GBR,Online TA,TA/TO,0,0,0,D,D,0,No Deposit,240.0,0,Transient,51.3,0,2
Resort Hotel,1,87,2017,January,2,14,2,1,2,0.0,0,BB,PRT,Online TA,TA/TO,0,0,0,A,A,0,No Deposit,314.0,0,Transient,33.6,0,0
Resort Hotel,1,106,2017,January,2,14,2,1,2,0.0,0,BB,GBR,Online TA,TA/TO,0,0,0,E,E,1,No Deposit,240.0,0,Transient,55.8,0,2
Resort Hotel,1,45,2017,January,2,14,2,5,2,0.0,0,BB,IRL,Online TA,TA/TO,0,0,0,A,A,0,No Deposit,240.0,0,Transient,42.0,0,0
Resort Hotel,1,45,2017,January,2,14,2,5,2,0.0,0,BB,PRT,Online TA,TA/TO,0,0,0,A,A,0,No Deposit,242.0,0,Transient,37.8,0,1
Resort Hotel,1,90,2017,January,2,14,2,1,2,0.0,0,BB,PRT,Online TA,TA/TO,0,0,0,A,A,0,No Deposit,241.0,0,Transient,29.11,0,1
Resort Hotel,1,242,2017,January,2,14,4,10,2,0.0,0,BB,NLD,Online TA,TA/TO,0,0,0,A,A,0,No Deposit,240.0,0,Transient,37.8,0,0
Resort Hotel,1,281,2017,January,3,16,1,1,2,0.0,0,BB,BRA,Online TA,TA/TO,0,0,0,A,A,0,No Deposit,240.0,0,Transient,48.0,0,0
Resort Hotel,1,281,2017,January,3,16,1,1,2,0.0,0,BB,BRA,Online TA,TA/TO,0,0,0,A,A,0,No Deposit,240.0,0,Transient,48.0,0,0
Resort Hotel,1,0,2017,January,3,17,0,1,2,0.0,0,BB,PRT,Direct,Direct,0,0,0,A,A,0,No Deposit,,0,Transient,8.0,0,0
Resort Hotel,1,16,2017,January,3,17,0,1,2,0.0,0,BB,PRT,Online TA,TA/TO,0,0,0,D,D,0,No Deposit,241.0,0,Transient,42.43,0,1
Resort Hotel,1,134,2017,January,3,18,2,4,2,0.0,0,BB,POL,Online TA,TA/TO,0,0,0,H,H,0,No Deposit,240.0,0,Transient-Party,87.0,0,0
Resort Hotel,1,1,2017,January,3,18,3,9,2,0.0,0,BB,PRT,Direct,Direct,0,0,0,A,A,0,No Deposit,,0,Transient,8.0,0,0
Resort Hotel,1,41,2017,January,3,19,0,2,2,0.0,0,HB,PRT,Online TA,TA/TO,0,0,0,A,A,1,No Deposit,468.0,0,Transient,57.6,0,0
Resort Hotel,1,41,2017,January,3,19,0,2,2,0.0,0,HB,PRT,Online TA,TA/TO,0,0,0,A,A,1,No Deposit,468.0,0,Transient,57.6,0,0
Resort Hotel,1,3,2017,January,3,20,0,1,2,0.0,0,BB,PRT,Direct,Direct,0,0,0,E,E,1,No Deposit,250.0,0,Transient,60.0,0,0
Resort Hotel,1,128,2017,January,3,20,0,2,2,0.0,0,BB,ESP,Online TA,TA/TO,0,0,0,A,A,0,No Deposit,240.0,0,Transient,42.0,0,2
Resort Hotel,1,47,2017,January,3,20,0,2,2,0.0,0,BB,ESP,Online TA,TA/TO,0,0,0,A,A,0,No Deposit,240.0,0,Transient,42.0,0,2
Resort Hotel,1,128,2017,January,3,20,0,2,2,0.0,0,BB,ESP,Online TA,TA/TO,0,0,0,A,A,0,No Deposit,240.0,0,Transient,54.0,0,2
Resort Hotel,1,10,2017,January,3,20,0,2,2,0.0,0,BB,PRT,Online TA,TA/TO,0,0,0,A,A,0,No Deposit,240.0,0,Transient,48.0,0,0
Resort Hotel,1,123,2017,January,3,20,0,2,2,0.0,0,BB,ESP,Online TA,TA/TO,0,0,0,A,A,0,No Deposit,240.0,0,Transient,37.8,0,2
Resort Hotel,1,72,2017,January,3,20,1,2,2,0.0,0,BB,GBR,Online TA,TA/TO,0,0,0,D,D,0,No Deposit,240.0,0,Transient,62.0,0,0
Resort Hotel,1,86,2017,January,3,20,2,2,2,0.0,0,BB,BEL,Online TA,TA/TO,0,0,0,A,A,0,No Deposit,240.0,0,Transient,42.0,0,1
Resort Hotel,1,43,2017,January,3,21,2,5,2,0.0,0,BB,DEU,Online TA,TA/TO,0,0,0,D,D,0,No Deposit,240.0,0,Transient,52.0,0,1
Resort Hotel,1,15,2017,January,4,22,2,2,2,0.0,0,BB,DEU,Online TA,TA/TO,0,0,0,D,D,0,No Deposit,240.0,0,Transient,58.0,0,0
Resort Hotel,1,124,2017,January,4,22,2,5,2,0.0,0,BB,GBR,Online TA,TA/TO,0,0,0,A,A,0,No Deposit,240.0,0,Transient,37.8,0,1
Resort Hotel,1,44,2017,January,4,22,2,5,2,0.0,0,BB,FRA,Online TA,TA/TO,0,0,0,A,A,0,No Deposit,240.0,0,Transient,42.0,0,0
Resort Hotel,1,160,2017,January,4,23,1,4,2,0.0,0,BB,AUS,Online TA,TA/TO,0,0,0,E,E,0,No Deposit,240.0,0,Transient,55.8,0,2
Resort Hotel,1,13,2017,January,4,24,0,1,2,0.0,0,HB,PRT,Online TA,TA/TO,0,0,0,D,D,0,No Deposit,240.0,0,Transient,88.0,0,0
Resort Hotel,1,33,2017,January,4,25,0,2,2,0.0,0,BB,PRT,Online TA,TA/TO,0,0,0,D,D,0,No Deposit,240.0,0,Transient,58.0,0,0
Resort Hotel,1,65,2017,January,4,26,2,3,2,0.0,0,HB,BRA,Online TA,TA/TO,0,0,0,A,A,0,No Deposit,240.0,0,Transient,72.0,0,2
Resort Hotel,1,281,2017,January,4,26,2,5,2,0.0,0,BB,CN,Online TA,TA/TO,0,0,0,A,A,0,No Deposit,240.0,0,Transient,37.8,0,0
Resort Hotel,1,24,2017,January,4,27,0,2,2,0.0,0,BB,ESP,Online TA,TA/TO,0,0,0,A,D,0,No Deposit,240.0,0,Transient,48.0,0,1
Resort Hotel,1,30,2017,January,4,27,0,2,2,0.0,0,BB,ESP,Online TA,TA/TO,0,0,0,D,D,0,No Deposit,240.0,0,Transient,78.0,0,0
Resort Hotel,1,27,2017,January,4,27,0,2,2,0.0,0,BB,GBR,Online TA,TA/TO,0,0,0,A,A,1,No Deposit,240.0,0,Transient,48.0,0,1
Resort Hotel,1,24,2017,January,4,27,0,2,2,0.0,0,BB,PRT,Online TA,TA/TO,0,0,0,A,A,0,No Deposit,240.0,0,Transient,48.0,0,1
Resort Hotel,1,27,2017,January,4,27,0,2,2,0.0,0,BB,GBR,Online TA,TA/TO,0,0,0,A,A,1,No Deposit,240.0,0,Transient,48.0,0,1
Resort Hotel,1,124,2017,January,4,27,0,2,2,0.0,0,BB,CN,Online TA,TA/TO,0,0,0,E,E,0,No Deposit,240.0,0,Transient,55.8,0,1
Resort Hotel,1,43,2017,January,4,27,1,2,2,0.0,0,BB,GBR,Online TA,TA/TO,0,0,0,A,A,0,No Deposit,240.0,0,Transient-Party,48.0,0,0
Resort Hotel,1,43,2017,January,4,27,1,2,2,0.0,0,BB,GBR,Online TA,TA/TO,0,0,0,A,A,0,No Deposit,240.0,0,Transient-Party,48.0,0,0
Resort Hotel,1,43,2017,January,4,27,1,2,2,0.0,0,BB,GBR,Online TA,TA/TO,0,0,0,A,A,0,No Deposit,240.0,0,Transient-Party,48.0,0,0
Resort Hotel,1,78,2017,January,4,28,0,1,2,0.0,0,BB,PRT,Online TA,TA/TO,0,0,0,A,A,0,No Deposit,240.0,0,Transient,42.0,0,1
Resort Hotel,1,16,2017,January,4,28,0,1,2,0.0,0,HB,ESP,Online TA,TA/TO,0,0,0,A,A,0,No Deposit,240.0,0,Transient,78.0,0,0
Resort Hotel,1,94,2017,January,4,28,0,1,2,0.0,0,BB,BRA,Online TA,TA/TO,0,0,0,A,A,0,No Deposit,240.0,0,Transient,42.0,0,1
Resort Hotel,1,2,2017,January,4,28,0,1,2,0.0,0,BB,PRT,Online TA,TA/TO,0,0,0,E,E,0,No Deposit,240.0,0,Transient,76.0,0,1
Resort Hotel,1,17,2017,January,4,28,0,1,2,0.0,0,BB,PRT,Groups,Corporate,0,0,0,A,A,0,Non Refund,,0,Transient-Party,36.0,0,0
Resort Hotel,1,9,2017,January,4,28,0,1,2,0.0,0,BB,PRT,Online TA,TA/TO,0,0,0,A,A,0,No Deposit,240.0,0,Transient,48.0,0,0
Resort Hotel,1,94,2017,January,4,28,0,1,2,0.0,0,BB,BRA,Online TA,TA/TO,0,0,0,A,A,0,No Deposit,240.0,0,Transient,42.0,0,1
Resort Hotel,1,33,2017,January,4,28,0,1,2,0.0,0,BB,PRT,Online TA,TA/TO,0,0,0,A,A,0,No Deposit,240.0,0,Transient,48.0,0,1
Resort Hotel,1,18,2017,January,4,28,0,1,2,0.0,0,HB,PRT,Complementary,Direct,0,0,0,G,G,0,No Deposit,,0,Transient,0.0,0,1
Resort Hotel,1,4,2017,January,4,28,0,1,2,0.0,0,BB,PRT,Direct,Direct,0,0,0,D,D,0,No Deposit,,0,Transient,55.0,0,1
Resort Hotel,1,4,2017,January,4,28,0,1,2,0.0,0,BB,PRT,Complementary,Direct,0,0,0,F,F,0,No Deposit,,0,Transient,0.0,0,0
Resort Hotel,1,209,2017,January,4,28,1,1,2,0.0,0,BB,BRA,Online TA,TA/TO,0,0,0,A,A,0,No Deposit,240.0,0,Transient,37.8,0,0
Resort Hotel,1,5,2017,January,4,28,0,1,2,0.0,0,BB,ESP,Online TA,TA/TO,0,0,0,A,D,0,No Deposit,240.0,0,Transient,48.0,0,1
Resort Hotel,1,3,2017,January,4,28,1,1,2,0.0,0,BB,ESP,Online TA,TA/TO,0,0,0,A,A,0,No Deposit,240.0,0,Transient,52.0,0,0
Resort Hotel,1,219,2017,January,4,28,2,2,2,0.0,0,BB,GBR,Direct,Direct,0,0,0,E,E,1,No Deposit,250.0,0,Transient,50.22,0,1
Resort Hotel,1,60,2017,January,4,28,2,5,2,0.0,0,BB,DEU,Direct,Direct,0,0,0,E,E,2,No Deposit,250.0,0,Transient,61.8,0,0
Resort Hotel,1,178,2017,January,4,28,8,20,2,0.0,0,BB,PRT,Online TA,TA/TO,0,0,0,E,E,0,No Deposit,242.0,0,Transient,55.8,0,3
Resort Hotel,1,84,2017,January,5,29,2,5,2,0.0,0,HB,FRA,Online TA,TA/TO,0,0,0,A,A,4,No Deposit,240.0,0,Transient,72.0,0,1
Resort Hotel,1,82,2017,January,5,29,2,5,2,0.0,0,HB,FRA,Online TA,TA/TO,0,0,0,A,A,0,No Deposit,240.0,0,Transient,72.0,0,0
Resort Hotel,1,125,2017,January,5,29,2,5,2,0.0,0,BB,CN,Online TA,TA/TO,0,0,0,A,B,1,No Deposit,240.0,0,Transient,37.8,0,0
Resort Hotel,1,12,2017,January,5,30,1,1,2,0.0,0,BB,DEU,Online TA,TA/TO,0,0,0,A,A,0,No Deposit,240.0,0,Transient,48.0,0,1
Resort Hotel,1,72,2017,January,5,30,1,1,2,0.0,0,BB,PRT,Online TA,TA/TO,0,0,0,E,E,0,No Deposit,241.0,0,Transient,45.36,0,0
Resort Hotel,1,15,2017,January,5,30,1,2,2,0.0,0,HB,FRA,Online TA,TA/TO,0,0,0,A,A,0,No Deposit,240.0,0,Transient,78.0,0,0
Resort Hotel,1,71,2017,January,5,30,1,2,2,0.0,0,BB,FRA,Online TA,TA/TO,0,0,0,D,D,3,No Deposit,240.0,0,Transient,78.0,0,1
Resort Hotel,1,17,2017,January,5,30,1,2,2,0.0,0,HB,FRA,Online TA,TA/TO,0,0,0,A,A,0,No Deposit,240.0,0,Transient,78.0,0,1
Resort Hotel,1,36,2017,January,5,30,1,2,2,0.0,0,BB,FRA,Online TA,TA/TO,0,0,0,A,A,2,No Deposit,240.0,0,Transient,48.0,0,1
Resort Hotel,1,292,2017,January,5,31,0,4,2,0.0,0,BB,GBR,Online TA,TA/TO,0,0,0,E,E,0,No Deposit,240.0,0,Transient,55.8,0,3
Resort Hotel,1,106,2017,January,5,31,0,4,2,0.0,0,HB,PRT,Online TA,TA/TO,0,0,0,A,A,1,No Deposit,314.0,0,Transient,56.24,0,0
Resort Hotel,1,186,2017,January,5,31,2,5,2,0.0,0,BB,GBR,Online TA,TA/TO,0,0,0,A,A,0,No Deposit,240.0,0,Transient,37.8,0,1
Resort Hotel,1,76,2017,February,5,1,0,1,2,0.0,0,BB,DEU,Online TA,TA/TO,0,0,0,A,A,0,No Deposit,240.0,0,Transient,42.0,0,1
Resort Hotel,1,11,2017,February,5,1,0,2,2,0.0,0,BB,ESP,Online TA,TA/TO,0,0,0,A,A,0,No Deposit,240.0,0,Transient,48.0,0,0
Resort Hotel,1,0,2017,February,5,1,2,6,2,0.0,0,BB,IRL,Online TA,TA/TO,0,0,0,D,D,0,No Deposit,240.0,0,Transient,59.0,0,0
Resort Hotel,1,123,2017,February,5,1,4,10,2,0.0,0,BB,CN,Online TA,TA/TO,0,0,0,A,A,0,No Deposit,240.0,0,Transient,37.8,0,0
Resort Hotel,1,85,2017,February,5,1,0,4,2,0.0,0,HB,FRA,Online TA,TA/TO,0,0,0,A,A,1,No Deposit,240.0,0,Transient,72.0,0,1
Resort Hotel,1,0,2017,February,5,2,0,2,2,0.0,0,BB,PRT,Direct,Direct,0,0,0,A,D,0,No Deposit,250.0,0,Transient,55.0,0,0
Resort Hotel,1,2,2017,February,5,2,0,2,2,0.0,0,BB,PRT,Online TA,TA/TO,0,0,0,A,A,0,No Deposit,240.0,0,Transient,48.0,0,0
Resort Hotel,1,169,2017,February,5,2,0,3,2,0.0,0,BB,GBR,Online TA,TA/TO,0,0,0,A,A,0,No Deposit,240.0,0,Transient,37.8,0,2
Resort Hotel,1,169,2017,February,5,2,0,3,2,0.0,0,BB,GBR,Online TA,TA/TO,0,0,0,A,A,0,No Deposit,240.0,0,Transient,37.8,0,3
Resort Hotel,1,21,2017,February,5,3,1,2,2,0.0,0,BB,FRA,Online TA,TA/TO,0,0,0,D,D,0,No Deposit,240.0,0,Transient,78.0,0,0
Resort Hotel,1,31,2017,February,5,3,2,2,2,0.0,0,BB,BRA,Online TA,TA/TO,0,0,0,A,A,0,No Deposit,240.0,0,Transient,43.0,0,0
Resort Hotel,1,98,2017,February,5,3,2,4,2,0.0,0,BB,PRT,Online TA,TA/TO,0,0,0,D,D,6,No Deposit,240.0,0,Transient,67.33,0,3
Resort Hotel,1,166,2017,February,5,3,2,5,2,0.0,0,BB,DEU,Online TA,TA/TO,0,0,0,D,D,2,No Deposit,240.0,0,Transient,51.3,0,0
Resort Hotel,1,28,2017,February,5,3,1,2,2,0.0,0,BB,PRT,Online TA,TA/TO,0,0,0,A,A,0,No Deposit,242.0,0,Transient,48.0,0,0
Resort Hotel,1,0,2017,February,5,4,0,1,2,0.0,0,BB,PRT,Direct,Direct,0,0,0,A,A,0,No Deposit,,0,Transient,48.0,0,2
Resort Hotel,1,1,2017,February,5,4,0,1,2,0.0,0,BB,PRT,Online TA,TA/TO,0,0,0,E,E,0,No Deposit,240.0,0,Transient,68.0,0,1
Resort Hotel,1,1,2017,February,5,4,0,1,2,0.0,0,BB,PRT,Online TA,TA/TO,0,0,0,A,A,0,No Deposit,240.0,0,Transient,48.0,0,0
Resort Hotel,1,0,2017,February,5,4,0,1,2,0.0,0,BB,PRT,Direct,Direct,0,0,0,A,A,0,No Deposit,,0,Transient,48.0,0,2
Resort Hotel,1,29,2017,February,5,4,1,1,2,0.0,0,HB,PRT,Online TA,TA/TO,0,0,0,A,A,0,No Deposit,242.0,0,Transient,74.1,0,2
Resort Hotel,1,83,2017,February,5,4,2,2,2,0.0,0,BB,FRA,Online TA,TA/TO,0,0,0,A,A,0,No Deposit,240.0,0,Transient,37.0,0,0
Resort Hotel,1,111,2017,February,5,4,2,5,2,0.0,0,BB,IRL,Online TA,TA/TO,0,0,0,A,A,0,No Deposit,240.0,0,Transient,42.0,0,0
Resort Hotel,1,54,2017,February,5,4,2,5,2,0.0,0,BB,GBR,Online TA,TA/TO,0,0,0,E,E,0,No Deposit,240.0,0,Transient,68.0,0,1
Resort Hotel,1,85,2017,February,5,4,2,5,2,0.0,0,BB,PRT,Offline TA/TO,TA/TO,0,0,0,A,A,0,No Deposit,336.0,0,Transient,29.0,0,2
Resort Hotel,1,200,2017,February,5,4,2,5,2,0.0,0,HB,PRT,Offline TA/TO,TA/TO,0,0,0,E,E,0,No Deposit,171.0,0,Transient,45.0,0,0
Resort Hotel,1,135,2017,February,5,4,4,7,2,0.0,0,BB,ITA,Online TA,TA/TO,0,0,0,A,A,0,No Deposit,240.0,0,Transient,37.8,0,2
Resort Hotel,1,131,2017,February,5,4,8,20,2,0.0,0,HB,BEL,Online TA,TA/TO,0,0,0,E,E,0,No Deposit,240.0,0,Transient,82.8,0,0
Resort Hotel,1,3,2017,February,6,5,2,0,2,0.0,0,BB,ESP,Online TA,TA/TO,0,0,0,A,A,0,No Deposit,240.0,0,Transient,54.0,0,0
Resort Hotel,1,80,2017,February,6,5,2,0,2,0.0,0,BB,NLD,Online TA,TA/TO,0,0,0,D,D,0,No Deposit,240.0,0,Transient,52.0,0,1
Resort Hotel,1,145,2017,February,6,5,2,3,2,0.0,0,BB,GBR,Online TA,TA/TO,0,0,0,A,A,0,No Deposit,240.0,0,Transient,42.0,0,0
Resort Hotel,1,40,2017,February,6,5,4,7,2,0.0,0,BB,MOZ,Online TA,TA/TO,0,0,0,E,E,0,No Deposit,240.0,0,Transient,68.0,0,1
Resort Hotel,1,102,2017,February,6,6,1,0,2,0.0,0,BB,KOR,Online TA,TA/TO,0,0,0,E,E,1,No Deposit,240.0,0,Transient,62.0,0,2
Resort Hotel,1,102,2017,February,6,6,1,0,2,0.0,0,BB,KOR,Online TA,TA/TO,0,0,0,E,E,1,No Deposit,240.0,0,Transient,62.0,0,2
Resort Hotel,1,95,2017,February,6,6,1,1,2,0.0,0,BB,FRA,Online TA,TA/TO,0,0,0,D,D,1,No Deposit,240.0,0,Transient,62.0,0,0
Resort Hotel,1,35,2017,February,6,6,1,3,2,0.0,0,BB,IRL,Online TA,TA/TO,0,0,0,A,A,1,No Deposit,240.0,0,Transient,48.0,0,0
Resort Hotel,1,170,2017,February,6,6,1,3,2,0.0,0,BB,ROU,Online TA,TA/TO,0,0,0,A,A,0,No Deposit,240.0,0,Transient,37.8,0,2
Resort Hotel,1,170,2017,February,6,6,1,3,2,0.0,0,BB,ROU,Online TA,TA/TO,0,0,0,A,A,0,No Deposit,240.0,0,Transient,37.8,0,2
Resort Hotel,1,125,2017,February,6,6,1,4,2,0.0,0,BB,PRT,Online TA,TA/TO,0,0,0,E,E,0,No Deposit,240.0,0,Transient,55.8,0,1
Resort Hotel,1,307,2017,February,6,6,2,5,2,0.0,0,BB,IRL,Online TA,TA/TO,0,0,0,E,E,0,No Deposit,240.0,0,Transient,68.0,0,2
Resort Hotel,1,298,2017,February,6,6,2,5,2,0.0,0,BB,PRT,Offline TA/TO,TA/TO,0,0,0,D,D,0,No Deposit,26.0,0,Transient,34.11,0,0
Resort Hotel,1,348,2017,February,6,7,0,3,2,0.0,0,BB,PRT,Offline TA/TO,TA/TO,0,0,0,E,E,0,No Deposit,8.0,0,Transient,41.4,0,0
Resort Hotel,1,55,2017,February,6,7,2,5,2,0.0,0,HB,FRA,Online TA,TA/TO,0,0,0,D,D,0,No Deposit,240.0,0,Transient,88.0,0,1
Resort Hotel,1,55,2017,February,6,7,2,5,2,0.0,0,HB,FRA,Online TA,TA/TO,0,0,0,D,D,0,No Deposit,240.0,0,Transient,88.0,0,1
Resort Hotel,1,77,2017,February,6,8,0,3,2,0.0,0,BB,CN,Direct,Direct,0,0,0,A,A,0,No Deposit,250.0,0,Transient,33.26,0,0
Resort Hotel,1,8,2017,February,6,8,0,3,2,0.0,0,BB,PRT,Online TA,TA/TO,0,0,0,A,D,0,No Deposit,240.0,0,Transient,48.0,0,2
Resort Hotel,1,35,2017,February,6,8,0,4,2,0.0,0,BB,IRL,Online TA,TA/TO,0,0,0,D,D,0,No Deposit,240.0,0,Transient,58.0,0,1
Resort Hotel,1,11,2017,February,6,8,1,4,2,0.0,0,BB,CN,Online TA,TA/TO,0,0,0,A,A,0,No Deposit,240.0,0,Transient,48.0,0,0
Resort Hotel,1,135,2017,February,6,8,4,10,2,0.0,0,BB,PRT,Offline TA/TO,TA/TO,0,0,0,E,E,0,No Deposit,96.0,0,Transient,45.0,0,0
Resort Hotel,1,98,2017,February,6,8,6,15,2,0.0,0,BB,PRT,Offline TA/TO,TA/TO,0,0,0,D,D,0,No Deposit,96.0,0,Transient,37.8,0,0
Resort Hotel,1,32,2017,February,6,9,1,3,2,0.0,0,BB,PRT,Online TA,TA/TO,0,0,0,A,A,0,No Deposit,242.0,0,Transient,45.6,0,1
Resort Hotel,1,25,2017,February,6,9,1,3,2,0.0,0,BB,GBR,Online TA,TA/TO,0,0,0,D,D,0,No Deposit,240.0,0,Transient,58.0,0,0
Resort Hotel,1,18,2017,February,6,9,2,7,2,0.0,0,HB,PRT,Online TA,TA/TO,0,0,0,C,C,0,No Deposit,242.0,0,Transient,111.0,0,1
Resort Hotel,1,238,2017,February,6,10,0,2,2,0.0,0,HB,PRT,Groups,TA/TO,0,0,0,A,A,0,Non Refund,155.0,0,Transient,54.0,0,0
Resort Hotel,1,238,2017,February,6,10,0,2,2,0.0,0,HB,PRT,Groups,TA/TO,0,0,0,A,A,0,Non Refund,155.0,0,Transient,54.0,0,0
Resort Hotel,1,238,2017,February,6,10,0,2,2,0.0,0,HB,PRT,Groups,TA/TO,0,0,0,A,A,0,Non Refund,155.0,0,Transient,54.0,0,0
Resort Hotel,1,238,2017,February,6,10,0,2,2,0.0,0,HB,PRT,Groups,TA/TO,0,0,0,A,A,0,Non Refund,155.0,0,Transient,54.0,0,0
Resort Hotel,1,238,2017,February,6,10,0,2,2,0.0,0,HB,PRT,Groups,TA/TO,0,0,0,A,A,0,Non Refund,155.0,0,Transient,54.0,0,0
Resort Hotel,1,238,2017,February,6,10,0,2,2,0.0,0,HB,PRT,Groups,TA/TO,0,0,0,A,A,0,Non Refund,155.0,0,Transient,54.0,0,0
Resort Hotel,1,238,2017,February,6,10,0,2,2,0.0,0,HB,PRT,Groups,TA/TO,0,0,0,A,A,0,Non Refund,155.0,0,Transient,54.0,0,0
Resort Hotel,1,43,2017,February,6,10,0,2,2,0.0,0,BB,ESP,Online TA,TA/TO,0,0,0,A,A,2,No Deposit,240.0,0,Transient,48.0,0,1
Resort Hotel,1,238,2017,February,6,10,0,2,2,0.0,0,HB,PRT,Groups,TA/TO,0,0,0,A,A,0,Non Refund,155.0,0,Transient,54.0,0,0
Resort Hotel,1,238,2017,February,6,10,0,2,2,0.0,0,HB,PRT,Groups,TA/TO,0,0,0,A,A,0,Non Refund,155.0,0,Transient,54.0,0,0
Resort Hotel,1,238,2017,February,6,10,0,2,2,0.0,0,HB,PRT,Groups,TA/TO,0,0,0,A,A,0,Non Refund,155.0,0,Transient,54.0,0,0
Resort Hotel,1,238,2017,February,6,10,0,2,2,0.0,0,HB,PRT,Groups,TA/TO,0,0,0,A,A,0,Non Refund,155.0,0,Transient,54.0,0,0
Resort Hotel,1,238,2017,February,6,10,0,2,2,0.0,0,HB,PRT,Groups,TA/TO,0,0,0,A,A,0,Non Refund,155.0,0,Transient,54.0,0,0
Resort Hotel,1,238,2017,February,6,10,0,2,2,0.0,0,HB,PRT,Groups,TA/TO,0,0,0,A,A,0,Non Refund,155.0,0,Transient,54.0,0,0
Resort Hotel,1,238,2017,February,6,10,0,2,2,0.0,0,HB,PRT,Groups,TA/TO,0,0,0,A,A,0,Non Refund,155.0,0,Transient,54.0,0,0
Resort Hotel,1,238,2017,February,6,10,0,2,2,0.0,0,HB,PRT,Groups,TA/TO,0,0,0,A,A,0,Non Refund,155.0,0,Transient,54.0,0,0
Resort Hotel,1,238,2017,February,6,10,0,2,2,0.0,0,HB,PRT,Groups,TA/TO,0,0,0,A,A,0,Non Refund,155.0,0,Transient,54.0,0,0
Resort Hotel,1,238,2017,February,6,10,0,2,2,0.0,0,HB,PRT,Groups,TA/TO,0,0,0,A,A,0,Non Refund,155.0,0,Transient,54.0,0,0
Resort Hotel,1,7,2017,February,6,10,0,2,2,0.0,0,BB,BRA,Online TA,TA/TO,0,0,0,D,D,0,No Deposit,240.0,0,Transient,56.0,0,0
Resort Hotel,1,238,2017,February,6,10,0,2,2,0.0,0,HB,PRT,Groups,TA/TO,0,0,0,A,A,0,Non Refund,155.0,0,Transient,54.0,0,0
Resort Hotel,1,238,2017,February,6,10,0,2,2,0.0,0,HB,PRT,Groups,TA/TO,0,0,0,A,A,0,Non Refund,155.0,0,Transient,54.0,0,0
Resort Hotel,1,238,2017,February,6,10,0,2,2,0.0,0,HB,PRT,Groups,TA/TO,0,0,0,A,A,0,Non Refund,155.0,0,Transient,54.0,0,0
Resort Hotel,1,238,2017,February,6,10,0,2,2,0.0,0,HB,PRT,Groups,TA/TO,0,0,0,A,A,0,Non Refund,155.0,0,Transient,54.0,0,0
Resort Hotel,1,238,2017,February,6,10,0,2,2,0.0,0,HB,PRT,Groups,TA/TO,0,0,0,A,A,0,Non Refund,155.0,0,Transient,54.0,0,0
Resort Hotel,1,19,2017,February,6,10,0,2,2,0.0,0,BB,ESP,Online TA,TA/TO,0,0,0,A,A,0,No Deposit,240.0,0,Transient,48.0,0,0
Resort Hotel,1,238,2017,February,6,10,0,2,2,0.0,0,HB,PRT,Groups,TA/TO,0,0,0,A,A,0,Non Refund,155.0,0,Transient,54.0,0,0
Resort Hotel,1,238,2017,February,6,10,0,2,2,0.0,0,HB,PRT,Groups,TA/TO,0,0,0,A,A,0,Non Refund,155.0,0,Transient,54.0,0,0
Resort Hotel,1,211,2017,February,6,10,0,2,2,0.0,0,BB,PRT,Online TA,TA/TO,0,0,0,A,A,0,No Deposit,240.0,0,Transient,54.0,0,0
Resort Hotel,1,238,2017,February,6,10,0,2,2,0.0,0,HB,PRT,Groups,TA/TO,0,0,0,A,A,0,Non Refund,155.0,0,Transient,54.0,0,0
Resort Hotel,1,238,2017,February,6,10,0,2,2,0.0,0,HB,PRT,Groups,TA/TO,0,0,0,A,A,0,Non Refund,155.0,0,Transient,54.0,0,0
Resort Hotel,1,238,2017,February,6,10,0,2,2,0.0,0,HB,PRT,Groups,TA/TO,0,0,0,A,A,0,Non Refund,155.0,0,Transient,54.0,0,0
Resort Hotel,1,54,2017,February,6,10,1,2,2,0.0,0,BB,POL,Online TA,TA/TO,0,0,0,A,A,0,No Deposit,240.0,0,Transient,48.0,0,0
Resort Hotel,1,55,2017,February,6,10,1,2,2,0.0,0,BB,GBR,Online TA,TA/TO,0,0,0,D,D,0,No Deposit,240.0,0,Transient,58.0,0,1
Resort Hotel,1,77,2017,February,6,10,1,2,2,0.0,0,BB,CN,Direct,Direct,0,0,0,A,A,0,No Deposit,250.0,0,Transient,36.43,0,0
Resort Hotel,1,54,2017,February,6,10,1,2,2,0.0,0,BB,POL,Online TA,TA/TO,0,0,0,D,D,0,No Deposit,240.0,0,Transient,58.0,0,1
Resort Hotel,1,89,2017,February,6,10,1,2,2,0.0,0,BB,GBR,Online TA,TA/TO,0,0,0,A,C,3,No Deposit,240.0,0,Transient,46.0,0,0
Resort Hotel,1,14,2017,February,6,10,1,2,2,0.0,0,BB,CHE,Online TA,TA/TO,0,0,0,A,A,0,No Deposit,240.0,0,Transient,48.0,0,1
Resort Hotel,1,77,2017,February,6,10,2,2,2,0.0,0,BB,BRA,Online TA,TA/TO,0,0,0,A,A,0,No Deposit,240.0,0,Transient,46.5,0,0
Resort Hotel,1,137,2017,February,6,10,2,3,2,0.0,0,BB,GBR,Online TA,TA/TO,0,0,0,D,D,0,No Deposit,240.0,0,Transient,46.8,0,1
Resort Hotel,1,15,2017,February,6,11,0,1,2,0.0,0,BB,ESP,Online TA,TA/TO,0,0,0,A,A,0,No Deposit,240.0,0,Transient,48.0,0,1
Resort Hotel,1,39,2017,February,6,11,0,1,2,0.0,0,BB,PRT,Online TA,TA/TO,0,0,0,A,A,0,No Deposit,240.0,0,Transient,48.0,0,1
Resort Hotel,1,32,2017,February,6,11,0,1,2,0.0,0,BB,PRT,Online TA,TA/TO,0,0,0,A,A,0,No Deposit,240.0,0,Transient,48.0,0,1
Resort Hotel,1,0,2017,February,6,11,0,1,2,0.0,0,BB,PRT,Direct,Direct,0,0,0,A,A,0,No Deposit,,0,Transient,8.0,0,0
Resort Hotel,1,1,2017,February,6,11,0,1,2,0.0,0,BB,PRT,Online TA,TA/TO,0,0,0,A,A,0,No Deposit,240.0,0,Transient-Party,48.0,0,0
Resort Hotel,1,25,2017,February,6,11,0,1,2,0.0,0,BB,PRT,Online TA,TA/TO,0,0,0,E,E,0,No Deposit,314.0,0,Transient,54.4,0,0
Resort Hotel,1,1,2017,February,6,11,0,1,2,0.0,0,BB,PRT,Online TA,TA/TO,0,0,0,A,A,0,No Deposit,240.0,0,Transient-Party,48.0,0,0
Resort Hotel,1,19,2017,February,6,11,2,1,2,0.0,0,BB,PRT,Online TA,TA/TO,0,0,0,A,A,0,No Deposit,240.0,0,Transient,48.0,0,0
Resort Hotel,1,33,2017,February,6,11,2,2,2,0.0,0,BB,BRA,Online TA,TA/TO,0,0,0,D,D,0,No Deposit,240.0,0,Transient,58.0,0,0
Resort Hotel,1,161,2017,February,6,11,2,2,2,0.0,0,BB,PRT,Online TA,TA/TO,0,0,0,D,D,0,No Deposit,242.0,0,Transient,46.8,0,1
Resort Hotel,1,26,2017,February,6,11,2,3,2,0.0,0,BB,IRL,Online TA,TA/TO,0,0,0,A,A,0,No Deposit,240.0,0,Transient,48.0,0,0
Resort Hotel,1,149,2017,February,6,11,2,5,2,0.0,0,BB,GBR,Online TA,TA/TO,0,0,0,D,D,0,No Deposit,240.0,0,Transient,52.0,0,1
Resort Hotel,1,82,2017,February,6,11,2,5,2,0.0,0,BB,PRT,Offline TA/TO,TA/TO,0,0,0,A,A,0,No Deposit,6.0,0,Transient,42.0,0,1
Resort Hotel,1,239,2017,February,6,11,8,20,2,0.0,0,BB,CN,Online TA,TA/TO,0,0,0,A,A,0,No Deposit,240.0,0,Transient,37.8,0,2
Resort Hotel,1,18,2017,February,7,12,2,0,2,0.0,0,BB,GBR,Online TA,TA/TO,0,0,0,D,D,0,No Deposit,240.0,0,Transient,58.0,0,0
Resort Hotel,1,108,2017,February,7,12,2,1,2,0.0,0,HB,PRT,Direct,Direct,0,0,0,F,F,1,No Deposit,250.0,0,Transient,101.7,0,0
Resort Hotel,1,40,2017,February,7,12,2,3,2,0.0,0,BB,USA,Online TA,TA/TO,0,0,0,A,A,0,No Deposit,240.0,0,Transient,48.0,0,0
Resort Hotel,1,40,2017,February,7,12,2,3,2,0.0,0,BB,USA,Online TA,TA/TO,0,0,0,A,A,0,No Deposit,240.0,0,Transient,48.0,0,0
Resort Hotel,1,12,2017,February,7,12,2,5,2,0.0,0,BB,GBR,Online TA,TA/TO,0,0,0,D,D,0,No Deposit,240.0,0,Transient,66.29,0,1
Resort Hotel,1,206,2017,February,7,12,2,5,2,0.0,0,BB,NLD,Online TA,TA/TO,0,0,0,A,A,0,No Deposit,240.0,0,Transient,37.8,0,2
Resort Hotel,1,134,2017,February,7,12,4,10,2,0.0,0,HB,PRT,Offline TA/TO,TA/TO,0,0,0,E,E,0,No Deposit,,0,Transient,26.0,0,0
Resort Hotel,1,19,2017,February,7,13,1,0,2,0.0,0,BB,PRT,Direct,Direct,0,0,0,D,D,0,No Deposit,250.0,0,Transient,78.0,0,3
Resort Hotel,1,19,2017,February,7,13,1,0,2,0.0,0,BB,PRT,Online TA,TA/TO,0,0,0,A,A,0,No Deposit,240.0,0,Transient,48.0,0,0
Resort Hotel,1,9,2017,February,7,13,1,1,2,0.0,0,BB,ESP,Online TA,TA/TO,0,0,0,A,A,0,No Deposit,240.0,0,Transient,60.0,0,1
Resort Hotel,1,42,2017,February,7,13,1,1,2,0.0,0,BB,PRT,Online TA,TA/TO,0,0,0,A,A,0,No Deposit,240.0,0,Transient,48.0,0,2
Resort Hotel,1,179,2017,February,7,13,1,1,2,0.0,0,HB,PRT,Online TA,TA/TO,0,0,0,A,D,0,No Deposit,240.0,0,Transient,66.6,0,1
Resort Hotel,1,20,2017,February,7,13,1,2,2,0.0,0,BB,PRT,Online TA,TA/TO,0,0,0,A,A,0,No Deposit,242.0,0,Transient,48.0,0,0
Resort Hotel,1,11,2017,February,7,13,1,3,2,0.0,0,BB,PRT,Offline TA/TO,TA/TO,0,0,0,A,A,0,No Deposit,410.0,0,Transient,45.5,0,0
Resort Hotel,1,123,2017,February,7,13,1,5,2,0.0,0,BB,PRT,Online TA,TA/TO,0,0,0,A,A,0,No Deposit,242.0,0,Transient,40.8,0,2
Resort Hotel,1,142,2017,February,7,13,1,5,2,0.0,0,BB,ESP,Online TA,TA/TO,0,0,0,E,E,0,No Deposit,240.0,0,Transient,55.8,0,1
Resort Hotel,1,2,2017,February,7,13,2,5,2,0.0,0,BB,PRT,Offline TA/TO,TA/TO,0,0,0,D,D,0,No Deposit,40.0,0,Transient,50.85,0,0
Resort Hotel,1,47,2017,February,7,14,0,1,2,0.0,0,BB,PRT,Online TA,TA/TO,0,0,0,A,A,0,No Deposit,240.0,0,Transient,48.0,0,1
Resort Hotel,1,38,2017,February,7,14,0,1,2,0.0,0,BB,PRT,Online TA,TA/TO,0,0,0,A,A,0,No Deposit,240.0,0,Transient,48.0,0,2
Resort Hotel,1,33,2017,February,7,14,0,1,2,0.0,0,BB,PRT,Online TA,TA/TO,0,0,0,E,E,0,No Deposit,240.0,0,Transient,68.0,0,2
Resort Hotel,1,17,2017,February,7,14,0,2,2,0.0,0,HB,ESP,Online TA,TA/TO,0,0,0,A,A,0,No Deposit,240.0,0,Transient,80.0,0,0
Resort Hotel,1,19,2017,February,7,14,0,2,2,0.0,0,BB,PRT,Online TA,TA/TO,0,0,0,A,A,0,No Deposit,240.0,0,Transient,60.5,0,3
Resort Hotel,1,14,2017,February,7,14,0,2,2,0.0,0,BB,PRT,Online TA,TA/TO,0,0,0,D,D,0,No Deposit,240.0,0,Transient,88.0,0,0
Resort Hotel,1,31,2017,February,7,14,0,3,2,0.0,0,BB,GBR,Online TA,TA/TO,0,0,0,A,A,0,No Deposit,240.0,0,Transient-Party,48.0,0,2
Resort Hotel,1,30,2017,February,7,14,0,4,2,0.0,0,BB,GBR,Online TA,TA/TO,0,0,0,A,A,0,No Deposit,240.0,0,Transient,48.0,0,2
Resort Hotel,1,55,2017,February,7,14,2,5,2,0.0,0,BB,DEU,Online TA,TA/TO,0,0,0,E,E,0,No Deposit,240.0,0,Transient,68.0,0,3
Resort Hotel,1,92,2017,February,7,15,0,3,2,0.0,0,BB,GBR,Online TA,TA/TO,0,0,0,A,A,0,No Deposit,242.0,0,Transient,39.9,0,1
Resort Hotel,1,92,2017,February,7,15,0,3,2,0.0,0,BB,GBR,Online TA,TA/TO,0,0,0,A,A,0,No Deposit,242.0,0,Transient,39.9,0,1
Resort Hotel,1,91,2017,February,7,15,2,4,2,0.0,0,BB,GBR,Online TA,TA/TO,0,0,0,E,E,2,No Deposit,240.0,0,Transient,62.0,0,3
Resort Hotel,1,24,2017,February,7,16,0,3,2,0.0,0,BB,GBR,Online TA,TA/TO,0,0,0,E,E,0,No Deposit,240.0,0,Transient,68.0,0,1
Resort Hotel,1,24,2017,February,7,16,0,3,2,0.0,0,BB,GBR,Online TA,TA/TO,0,0,0,E,E,0,No Deposit,240.0,0,Transient,68.0,0,1
Resort Hotel,1,30,2017,February,7,16,1,3,2,0.0,0,BB,GBR,Online TA,TA/TO,0,0,0,A,A,0,No Deposit,240.0,0,Transient,48.0,0,0
Resort Hotel,1,29,2017,February,7,16,1,3,2,0.0,0,BB,GBR,Online TA,TA/TO,0,0,0,D,D,0,No Deposit,240.0,0,Transient,78.0,0,0
Resort Hotel,1,56,2017,February,7,16,0,3,2,0.0,0,BB,GBR,Online TA,TA/TO,0,0,0,A,A,0,No Deposit,240.0,0,Transient,48.0,0,1
Resort Hotel,1,34,2017,February,7,16,2,5,2,0.0,0,BB,GBR,Direct,Direct,0,0,0,A,C,1,No Deposit,250.0,0,Transient,39.6,0,0
Resort Hotel,1,342,2017,February,7,16,2,8,2,0.0,0,BB,NLD,Online TA,TA/TO,0,0,0,A,A,0,No Deposit,240.0,0,Transient,60.0,0,0
Resort Hotel,1,0,2017,February,7,17,0,1,2,0.0,0,BB,PRT,Direct,Direct,0,0,0,D,D,0,No Deposit,250.0,0,Transient,78.0,0,1
Resort Hotel,1,30,2017,February,7,17,0,2,2,0.0,0,BB,PRT,Online TA,TA/TO,0,0,0,A,A,0,No Deposit,240.0,0,Transient,48.0,0,0
Resort Hotel,1,36,2017,February,7,17,0,2,2,0.0,0,BB,DEU,Online TA,TA/TO,0,0,0,A,C,1,No Deposit,240.0,0,Transient,48.0,0,1
Resort Hotel,1,15,2017,February,7,17,0,2,2,0.0,0,HB,PRT,Online TA,TA/TO,0,0,0,A,A,0,No Deposit,240.0,0,Transient,92.0,0,0
Resort Hotel,1,71,2017,February,7,17,0,2,2,0.0,0,HB,ESP,Direct,Direct,0,0,0,A,A,0,No Deposit,250.0,0,Transient,48.0,0,2
Resort Hotel,1,33,2017,February,7,17,0,2,2,0.0,0,BB,PRT,Online TA,TA/TO,0,0,0,E,E,0,No Deposit,240.0,0,Transient,68.0,0,0
Resort Hotel,1,16,2017,February,7,17,1,2,2,0.0,0,BB,PRT,Corporate,Corporate,0,0,0,D,D,0,No Deposit,,0,Transient-Party,48.0,0,0
Resort Hotel,1,44,2017,February,7,17,1,2,2,0.0,0,HB,PRT,Online TA,TA/TO,0,0,0,A,A,0,No Deposit,242.0,0,Transient,74.1,0,1
Resort Hotel,1,119,2017,February,7,17,1,2,2,0.0,0,BB,GBR,Online TA,TA/TO,0,0,0,D,D,0,No Deposit,240.0,0,Transient,52.0,0,0
Resort Hotel,1,16,2017,February,7,17,1,2,2,0.0,0,BB,PRT,Corporate,Corporate,0,0,0,D,D,0,No Deposit,,0,Transient-Party,48.0,0,0
Resort Hotel,1,73,2017,February,7,17,1,2,2,0.0,0,BB,PRT,Corporate,Corporate,0,0,0,A,A,0,No Deposit,,0,Transient-Party,40.0,0,0
Resort Hotel,1,93,2017,February,7,17,1,2,2,0.0,0,BB,ESP,Online TA,TA/TO,0,0,0,D,D,0,No Deposit,240.0,0,Transient,62.0,0,0
Resort Hotel,1,93,2017,February,7,17,1,2,2,0.0,0,HB,ESP,Online TA,TA/TO,0,0,0,D,D,0,No Deposit,240.0,0,Transient,82.0,0,1
Resort Hotel,1,73,2017,February,7,17,1,2,2,0.0,0,BB,PRT,Corporate,Corporate,0,0,0,A,A,0,No Deposit,,0,Transient-Party,40.0,0,0
Resort Hotel,1,16,2017,February,7,17,1,2,2,0.0,0,BB,PRT,Corporate,Corporate,0,0,0,A,A,0,No Deposit,,0,Transient-Party,40.0,0,0
Resort Hotel,1,34,2017,February,7,17,2,5,2,0.0,0,BB,GBR,Online TA,TA/TO,0,0,0,D,D,0,No Deposit,240.0,0,Transient,58.0,0,0
Resort Hotel,1,23,2017,February,7,17,0,1,2,0.0,0,BB,PRT,Online TA,TA/TO,0,0,0,A,A,0,No Deposit,240.0,0,Transient,48.0,0,1
Resort Hotel,1,42,2017,February,7,18,0,1,2,0.0,0,BB,PRT,Online TA,TA/TO,0,0,0,D,D,0,No Deposit,240.0,0,Transient,58.0,0,1
Resort Hotel,1,127,2017,February,7,18,0,1,2,0.0,0,HB,PRT,Online TA,TA/TO,0,0,0,D,D,0,No Deposit,240.0,0,Transient,77.4,0,2
Resort Hotel,1,39,2017,February,7,18,0,1,2,0.0,0,BB,PRT,Online TA,TA/TO,0,0,0,A,A,0,No Deposit,240.0,0,Transient,48.0,0,1
Resort Hotel,1,21,2017,February,7,18,0,1,2,0.0,0,BB,PRT,Online TA,TA/TO,0,0,0,A,A,0,No Deposit,240.0,0,Transient,48.0,0,0
Resort Hotel,1,27,2017,February,7,18,0,1,2,0.0,0,BB,PRT,Online TA,TA/TO,0,0,0,A,A,0,No Deposit,240.0,0,Transient,48.0,0,2
Resort Hotel,1,21,2017,February,7,18,0,1,2,0.0,0,BB,ESP,Online TA,TA/TO,0,0,0,A,A,0,No Deposit,240.0,0,Transient,48.0,0,0
Resort Hotel,1,4,2017,February,7,18,0,1,2,0.0,0,BB,PRT,Corporate,Corporate,0,0,0,A,D,0,No Deposit,390.0,0,Transient,40.0,0,0
Resort Hotel,1,186,2017,February,7,18,0,1,2,0.0,0,BB,PRT,Online TA,TA/TO,0,0,0,A,A,0,No Deposit,240.0,0,Transient,37.8,0,2
Resort Hotel,1,42,2017,February,7,18,0,1,2,0.0,0,BB,PRT,Online TA,TA/TO,0,0,0,A,A,0,No Deposit,240.0,0,Transient,48.0,0,2
Resort Hotel,1,74,2017,February,7,18,1,1,2,0.0,0,BB,PRT,Corporate,Corporate,0,0,0,A,A,0,No Deposit,,0,Transient-Party,40.0,0,0
Resort Hotel,1,74,2017,February,7,18,1,1,2,0.0,0,BB,PRT,Corporate,Corporate,0,0,0,A,A,0,No Deposit,,0,Transient-Party,40.0,0,0
Resort Hotel,1,74,2017,February,7,18,1,1,2,0.0,0,BB,PRT,Corporate,Corporate,0,0,0,A,A,0,No Deposit,,0,Transient-Party,40.0,0,0
Resort Hotel,1,74,2017,February,7,18,1,1,2,0.0,0,BB,PRT,Corporate,Corporate,0,0,0,A,A,0,No Deposit,,0,Transient-Party,40.0,0,0
Resort Hotel,1,74,2017,February,7,18,1,1,2,0.0,0,BB,PRT,Corporate,Corporate,0,0,0,A,A,0,No Deposit,,0,Transient-Party,40.0,0,0
Resort Hotel,1,74,2017,February,7,18,1,1,2,0.0,0,BB,PRT,Corporate,Corporate,0,0,0,A,A,0,No Deposit,,0,Transient-Party,40.0,0,0
Resort Hotel,1,74,2017,February,7,18,1,1,2,0.0,0,BB,PRT,Corporate,Corporate,0,0,0,A,A,0,No Deposit,,0,Transient-Party,40.0,0,0
Resort Hotel,1,74,2017,February,7,18,1,1,2,0.0,0,BB,PRT,Corporate,Corporate,0,0,0,A,A,0,No Deposit,,0,Transient-Party,40.0,0,0
Resort Hotel,1,74,2017,February,7,18,1,1,2,0.0,0,BB,PRT,Corporate,Corporate,0,0,0,A,A,0,No Deposit,,0,Transient-Party,40.0,0,0
Resort Hotel,1,74,2017,February,7,18,1,1,2,0.0,0,BB,PRT,Corporate,Corporate,0,0,0,A,A,0,No Deposit,,0,Transient-Party,40.0,0,0
Resort Hotel,1,74,2017,February,7,18,1,1,2,0.0,0,BB,PRT,Corporate,Corporate,0,0,0,A,A,0,No Deposit,,0,Transient-Party,40.0,0,0
Resort Hotel,1,35,2017,February,7,18,2,1,2,0.0,0,BB,CHE,Online TA,TA/TO,0,0,0,A,A,0,No Deposit,240.0,0,Transient,48.0,0,0
Resort Hotel,1,34,2017,February,7,18,2,1,2,0.0,0,BB,CHE,Direct,Direct,0,0,0,D,D,0,No Deposit,250.0,0,Transient,48.6,0,1
Resort Hotel,1,0,2017,February,8,19,1,0,2,0.0,0,BB,GBR,Direct,Direct,0,0,0,E,E,0,No Deposit,250.0,0,Transient-Party,80.0,0,0
Resort Hotel,1,200,2017,February,8,19,1,0,2,0.0,0,BB,PRT,Online TA,TA/TO,0,0,0,A,C,1,No Deposit,240.0,0,Transient,55.8,0,0
Resort Hotel,1,69,2017,February,8,19,2,3,2,0.0,0,BB,ITA,Online TA,TA/TO,0,0,0,A,A,0,No Deposit,240.0,0,Transient,42.0,0,2
Resort Hotel,1,73,2017,February,8,19,2,1,2,0.0,0,BB,USA,Online TA,TA/TO,0,0,0,A,A,0,No Deposit,240.0,0,Transient,42.0,0,0
Resort Hotel,1,13,2017,February,8,19,2,1,2,0.0,0,BB,GBR,Online TA,TA/TO,0,0,0,A,A,0,No Deposit,240.0,0,Transient,52.0,0,0
Resort Hotel,1,79,2017,February,8,19,2,3,2,0.0,0,BB,ITA,Online TA,TA/TO,0,0,0,A,A,0,No Deposit,240.0,0,Transient,42.0,0,0
Resort Hotel,1,79,2017,February,8,19,2,3,2,0.0,0,BB,ITA,Online TA,TA/TO,0,0,0,A,A,0,No Deposit,240.0,0,Transient,42.0,0,0
Resort Hotel,1,69,2017,February,8,19,2,3,2,0.0,0,BB,ITA,Online TA,TA/TO,0,0,0,A,A,0,No Deposit,240.0,0,Transient-Party,42.0,0,2
Resort Hotel,1,79,2017,February,8,19,2,3,2,0.0,0,BB,ITA,Online TA,TA/TO,0,0,0,A,A,0,No Deposit,240.0,0,Transient,37.0,0,0
Resort Hotel,1,79,2017,February,8,19,2,3,2,0.0,0,BB,ITA,Online TA,TA/TO,0,0,0,A,A,0,No Deposit,240.0,0,Transient,37.0,0,0
Resort Hotel,1,79,2017,February,8,19,2,3,2,0.0,0,BB,ITA,Online TA,TA/TO,0,0,0,A,A,0,No Deposit,240.0,0,Transient,42.0,0,0
Resort Hotel,1,28,2017,February,8,19,2,5,2,0.0,0,HB,ITA,Online TA,TA/TO,0,0,0,E,E,0,No Deposit,240.0,0,Transient,100.0,0,1
Resort Hotel,1,140,2017,February,8,19,2,5,2,0.0,0,BB,PRT,Online TA,TA/TO,0,0,0,D,D,0,No Deposit,147.0,0,Transient,37.44,0,1
Resort Hotel,1,284,2017,February,8,19,2,5,2,0.0,0,BB,ITA,Online TA,TA/TO,0,0,0,E,E,0,No Deposit,240.0,0,Transient,55.8,0,1
Resort Hotel,1,5,2017,February,8,20,1,1,2,0.0,0,BB,GBR,Online TA,TA/TO,0,0,0,A,A,0,No Deposit,240.0,0,Transient,48.0,0,0
Resort Hotel,1,28,2017,February,8,20,1,2,2,0.0,0,HB,PRT,Direct,Direct,0,0,0,A,A,2,No Deposit,250.0,0,Transient,84.0,0,1
Resort Hotel,1,25,2017,February,8,20,1,2,2,0.0,0,BB,ESP,Online TA,TA/TO,0,0,0,A,A,0,No Deposit,240.0,0,Transient,48.0,0,3
Resort Hotel,1,6,2017,February,8,20,1,2,2,0.0,0,BB,DEU,Direct,Direct,0,0,0,E,E,0,No Deposit,250.0,0,Transient,68.0,0,1
Resort Hotel,1,137,2017,February,8,20,1,2,2,0.0,0,HB,DEU,Online TA,TA/TO,0,0,0,E,E,0,No Deposit,240.0,0,Transient,82.8,0,1
Resort Hotel,1,14,2017,February,8,20,1,2,2,0.0,0,BB,GBR,Online TA,TA/TO,0,0,0,A,A,0,No Deposit,240.0,0,Transient,48.0,0,0
Resort Hotel,1,2,2017,February,8,20,1,3,2,0.0,0,BB,PRT,Direct,Direct,0,0,0,D,D,0,No Deposit,,0,Transient,53.0,0,1
Resort Hotel,1,20,2017,February,8,21,0,2,2,0.0,0,BB,PRT,Corporate,Corporate,0,0,0,A,D,0,No Deposit,,0,Transient-Party,44.0,0,0
Resort Hotel,1,1,2017,February,8,21,0,5,2,0.0,0,BB,PRT,Groups,Direct,0,0,0,A,A,0,No Deposit,,0,Transient-Party,42.0,0,0
Resort Hotel,1,29,2017,February,8,21,2,6,2,0.0,0,BB,PRT,Online TA,TA/TO,0,0,0,D,D,0,No Deposit,241.0,0,Transient,44.66,0,1
Resort Hotel,1,0,2017,February,8,22,0,1,2,0.0,0,BB,PRT,Direct,Direct,0,0,0,A,A,0,No Deposit,,0,Transient,8.0,0,0
Resort Hotel,1,7,2017,February,8,22,0,1,2,0.0,0,BB,PRT,Direct,Direct,0,0,0,F,F,2,No Deposit,250.0,0,Transient,87.0,0,0
Resort Hotel,1,51,2017,February,8,22,0,2,2,0.0,0,BB,FRA,Online TA,TA/TO,0,0,0,A,A,0,No Deposit,240.0,0,Transient,48.0,0,0
Resort Hotel,1,2,2017,February,8,22,0,3,2,0.0,0,BB,PRT,Groups,Direct,0,0,0,A,A,0,No Deposit,,0,Transient-Party,42.0,0,0
Resort Hotel,1,70,2017,February,8,22,0,4,2,0.0,0,BB,PRT,Corporate,Corporate,0,0,0,A,A,0,No Deposit,,0,Transient-Party,42.0,0,0
Resort Hotel,0,70,2017,February,8,22,0,4,2,0.0,0,BB,GBR,Corporate,Corporate,0,0,0,A,C,2,No Deposit,,0,Transient-Party,42.0,0,0
Resort Hotel,1,70,2017,February,8,22,0,4,2,0.0,0,BB,PRT,Corporate,Corporate,0,0,0,A,A,0,No Deposit,,0,Transient-Party,42.0,0,0
Resort Hotel,1,70,2017,February,8,22,0,4,2,0.0,0,BB,PRT,Corporate,Corporate,0,0,0,A,A,0,No Deposit,,0,Transient-Party,42.0,0,0
Resort Hotel,1,70,2017,February,8,22,0,4,2,0.0,0,BB,PRT,Corporate,Corporate,0,0,0,A,A,0,No Deposit,,0,Transient-Party,42.0,0,0
Resort Hotel,1,70,2017,February,8,22,0,4,2,0.0,0,BB,PRT,Corporate,Corporate,0,0,0,A,A,0,No Deposit,,0,Transient-Party,42.0,0,0
Resort Hotel,1,70,2017,February,8,22,0,4,2,0.0,0,BB,PRT,Corporate,Corporate,0,0,0,A,A,0,No Deposit,,0,Transient-Party,42.0,0,0
Resort Hotel,1,70,2017,February,8,22,0,4,2,0.0,0,BB,PRT,Corporate,Corporate,0,0,0,A,A,0,No Deposit,,0,Transient-Party,42.0,0,0
Resort Hotel,1,70,2017,February,8,22,0,4,2,0.0,0,BB,PRT,Corporate,Corporate,0,0,0,A,A,0,No Deposit,,0,Transient-Party,42.0,0,0
Resort Hotel,1,70,2017,February,8,22,0,4,2,0.0,0,BB,PRT,Corporate,Corporate,0,0,0,A,A,0,No Deposit,,0,Transient-Party,42.0,0,0
Resort Hotel,1,35,2017,February,8,22,1,4,2,0.0,0,BB,IRL,Online TA,TA/TO,0,0,0,A,A,0,No Deposit,240.0,0,Transient,48.0,0,1
Resort Hotel,1,232,2017,February,8,22,7,19,2,0.0,0,BB,ITA,Online TA,TA/TO,0,0,0,E,E,0,No Deposit,240.0,0,Transient,55.8,0,2
Resort Hotel,1,0,2017,February,8,23,0,1,2,0.0,0,BB,PRT,Direct,Direct,0,0,0,A,A,0,No Deposit,,0,Transient,8.0,0,0
Resort Hotel,1,44,2017,February,8,23,0,1,2,0.0,0,BB,PRT,Complementary,Direct,0,0,0,A,A,0,No Deposit,,0,Transient,0.0,0,0
Resort Hotel,1,22,2017,February,8,23,0,2,2,0.0,0,Undefined,PRT,Groups,TA/TO,0,0,0,A,D,0,No Deposit,68.0,0,Transient-Party,46.0,0,0
Resort Hotel,1,22,2017,February,8,23,0,2,2,0.0,0,Undefined,PRT,Groups,TA/TO,0,0,0,A,D,0,No Deposit,68.0,0,Transient-Party,46.0,0,0
Resort Hotel,1,22,2017,February,8,23,0,2,2,0.0,0,Undefined,PRT,Groups,TA/TO,0,0,0,A,C,0,No Deposit,68.0,0,Transient-Party,46.0,0,0
Resort Hotel,1,22,2017,February,8,23,0,2,2,0.0,0,Undefined,PRT,Groups,TA/TO,0,0,0,A,D,0,No Deposit,68.0,0,Transient-Party,46.0,0,0
Resort Hotel,1,22,2017,February,8,23,0,2,2,0.0,0,Undefined,PRT,Groups,TA/TO,0,0,0,A,D,0,No Deposit,68.0,0,Transient-Party,46.0,0,0
Resort Hotel,1,22,2017,February,8,23,0,2,2,0.0,0,Undefined,PRT,Groups,TA/TO,0,0,0,A,D,0,No Deposit,68.0,0,Transient-Party,46.0,0,0
Resort Hotel,1,22,2017,February,8,23,0,2,2,0.0,0,Undefined,PRT,Groups,TA/TO,0,0,0,A,D,0,No Deposit,68.0,0,Transient-Party,46.0,0,0
Resort Hotel,1,22,2017,February,8,23,0,2,2,0.0,0,Undefined,PRT,Groups,TA/TO,0,0,0,A,D,0,No Deposit,68.0,0,Transient-Party,46.0,0,0
Resort Hotel,1,22,2017,February,8,23,0,2,2,0.0,0,Undefined,PRT,Groups,TA/TO,0,0,0,A,D,0,No Deposit,68.0,0,Transient-Party,46.0,0,0
Resort Hotel,1,22,2017,February,8,23,0,2,2,0.0,0,Undefined,PRT,Groups,TA/TO,0,0,0,A,D,0,No Deposit,68.0,0,Transient-Party,46.0,0,0
Resort Hotel,1,22,2017,February,8,23,0,2,2,0.0,0,Undefined,PRT,Groups,TA/TO,0,0,0,A,C,0,No Deposit,68.0,0,Transient-Party,46.0,0,0
Resort Hotel,1,22,2017,February,8,23,0,2,2,0.0,0,Undefined,PRT,Groups,TA/TO,0,0,0,A,D,0,No Deposit,68.0,0,Transient-Party,46.0,0,0
Resort Hotel,1,22,2017,February,8,23,0,2,2,0.0,0,Undefined,PRT,Groups,TA/TO,0,0,0,A,D,0,No Deposit,68.0,0,Transient-Party,46.0,0,0
Resort Hotel,1,120,2017,February,8,23,1,3,2,0.0,0,BB,BRA,Online TA,TA/TO,0,0,0,A,A,0,No Deposit,240.0,0,Transient,42.0,0,0
Resort Hotel,1,23,2017,February,8,24,0,1,2,0.0,0,BB,PRT,Corporate,Corporate,0,0,0,A,A,2,No Deposit,,0,Transient-Party,42.0,0,0
Resort Hotel,1,35,2017,February,8,24,0,2,2,0.0,0,BB,PRT,Online TA,TA/TO,0,0,0,A,A,0,No Deposit,240.0,0,Transient,48.0,0,1
Resort Hotel,1,36,2017,February,8,24,0,2,2,0.0,0,BB,PRT,Online TA,TA/TO,0,0,0,E,F,1,No Deposit,240.0,0,Transient,68.0,0,2
Resort Hotel,1,128,2017,February,8,24,0,2,2,0.0,0,BB,ESP,Online TA,TA/TO,0,0,0,A,F,0,No Deposit,240.0,0,Transient,42.0,0,2
Resort Hotel,1,20,2017,February,8,24,0,2,2,0.0,0,BB,PRT,Online TA,TA/TO,0,0,0,A,A,0,No Deposit,,0,Transient,60.0,0,1
Resort Hotel,1,46,2017,February,8,24,1,2,2,0.0,0,BB,FRA,Direct,Direct,0,0,0,F,F,0,No Deposit,250.0,0,Transient,75.0,0,0
Resort Hotel,1,112,2017,February,8,24,2,2,2,0.0,0,BB,IRL,Online TA,TA/TO,0,0,0,A,A,0,No Deposit,240.0,0,Transient,42.0,0,2
Resort Hotel,1,76,2017,February,8,24,2,2,2,0.0,0,BB,ESP,Online TA,TA/TO,0,0,0,A,A,0,No Deposit,240.0,0,Transient,42.0,0,2
Resort Hotel,1,105,2017,February,8,24,2,2,2,0.0,0,BB,GBR,Online TA,TA/TO,0,0,0,A,A,0,No Deposit,240.0,0,Transient,42.0,0,2
Resort Hotel,1,39,2017,February,8,24,2,2,2,0.0,0,BB,ESP,Online TA,TA/TO,0,0,0,A,A,0,No Deposit,240.0,0,Transient,48.0,0,1
Resort Hotel,1,25,2017,February,8,24,2,2,2,0.0,0,BB,PRT,Offline TA/TO,TA/TO,0,0,0,A,A,0,No Deposit,6.0,0,Transient,34.0,0,0
Resort Hotel,1,29,2017,February,8,24,2,2,2,0.0,0,BB,PRT,Offline TA/TO,TA/TO,0,0,0,A,A,0,No Deposit,177.0,0,Transient,34.0,0,1
Resort Hotel,1,18,2017,February,8,24,2,2,2,0.0,0,HB,ESP,Online TA,TA/TO,0,0,0,D,D,0,No Deposit,240.0,0,Transient,94.0,0,0
Resort Hotel,1,17,2017,February,8,24,2,2,2,0.0,0,HB,ESP,Online TA,TA/TO,0,0,0,A,A,0,No Deposit,240.0,0,Transient,86.0,0,0
Resort Hotel,1,51,2017,February,8,24,2,2,2,0.0,0,HB,NLD,Online TA,TA/TO,0,0,0,E,E,0,No Deposit,240.0,0,Transient,98.0,0,1
Resort Hotel,1,17,2017,February,8,24,2,3,2,0.0,0,BB,PRT,Direct,Direct,0,0,0,D,D,0,No Deposit,,0,Transient,54.72,0,0
Resort Hotel,1,34,2017,February,8,24,2,3,2,0.0,0,BB,PRT,Online TA,TA/TO,0,0,0,A,A,0,No Deposit,240.0,0,Transient,48.0,0,1
Resort Hotel,1,191,2017,February,8,24,2,5,2,0.0,0,BB,PRT,Online TA,TA/TO,0,0,0,E,E,0,No Deposit,314.0,0,Transient,44.64,0,0
Resort Hotel,1,46,2017,February,8,25,0,1,2,0.0,0,BB,ESP,Online TA,TA/TO,0,0,0,E,E,0,No Deposit,240.0,0,Transient,68.0,0,2
Resort Hotel,1,13,2017,February,8,25,0,1,2,0.0,0,BB,PRT,Online TA,TA/TO,0,0,0,E,E,0,No Deposit,240.0,0,Transient,80.0,0,0
Resort Hotel,1,19,2017,February,8,25,1,1,2,0.0,0,BB,ESP,Online TA,TA/TO,0,0,0,D,D,0,No Deposit,240.0,0,Transient,62.0,0,3
Resort Hotel,1,18,2017,February,8,25,1,1,2,0.0,0,BB,ESP,Online TA,TA/TO,0,0,0,E,E,0,No Deposit,240.0,0,Transient,74.0,0,0
Resort Hotel,1,22,2017,February,8,25,1,1,2,0.0,0,BB,ESP,Online TA,TA/TO,0,0,0,A,A,0,No Deposit,240.0,0,Transient,54.0,0,2
Resort Hotel,1,19,2017,February,8,25,1,1,2,0.0,0,BB,ESP,Online TA,TA/TO,0,0,0,D,D,0,No Deposit,240.0,0,Transient,62.0,0,3
Resort Hotel,1,48,2017,February,8,25,1,1,2,0.0,0,HB,ESP,Direct,Direct,0,0,0,A,A,0,No Deposit,250.0,0,Transient,84.0,0,0
Resort Hotel,1,29,2017,February,8,25,1,1,2,0.0,0,BB,PRT,Offline TA/TO,TA/TO,0,0,0,A,A,0,No Deposit,261.0,0,Transient,51.0,0,0
Resort Hotel,1,78,2017,February,8,25,2,1,2,0.0,0,BB,ESP,Online TA,TA/TO,0,0,0,A,A,0,No Deposit,240.0,0,Transient,42.0,0,1
Resort Hotel,1,21,2017,February,8,25,2,1,2,0.0,0,BB,ESP,Online TA,TA/TO,0,0,0,A,A,0,No Deposit,240.0,0,Transient,52.0,0,2
Resort Hotel,1,26,2017,February,8,25,2,1,2,0.0,0,HB,ESP,Online TA,TA/TO,0,0,0,A,A,0,No Deposit,240.0,0,Transient,80.0,0,0
Resort Hotel,1,35,2017,February,8,25,2,1,2,0.0,0,HB,PRT,Offline TA/TO,TA/TO,0,0,0,A,A,0,No Deposit,171.0,0,Transient,60.0,0,0
Resort Hotel,1,18,2017,February,8,25,2,1,2,0.0,0,HB,PRT,Online TA,TA/TO,0,0,0,A,A,0,No Deposit,241.0,0,Transient,64.68,0,0
Resort Hotel,1,54,2017,February,8,25,2,1,2,0.0,0,BB,PRT,Online TA,TA/TO,0,0,0,A,A,0,No Deposit,240.0,0,Transient,48.0,0,1
Resort Hotel,1,82,2017,February,8,25,2,1,2,0.0,0,BB,ESP,Online TA,TA/TO,0,0,0,A,A,0,No Deposit,240.0,0,Transient,42.0,0,2
Resort Hotel,1,75,2017,February,8,25,2,1,2,0.0,0,BB,ESP,Online TA,TA/TO,0,0,0,D,D,0,No Deposit,240.0,0,Transient,52.0,0,1
Resort Hotel,1,26,2017,February,8,25,2,1,2,0.0,0,BB,PRT,Online TA,TA/TO,0,0,0,E,E,0,No Deposit,240.0,0,Transient,72.0,0,0
Resort Hotel,1,82,2017,February,8,25,2,1,2,0.0,0,BB,ESP,Online TA,TA/TO,0,0,0,A,A,0,No Deposit,240.0,0,Transient,42.0,0,2
Resort Hotel,1,38,2017,February,8,25,2,1,2,0.0,0,BB,GBR,Online TA,TA/TO,0,0,0,A,A,0,No Deposit,314.0,0,Transient,38.4,0,0
Resort Hotel,1,35,2017,February,8,25,2,1,2,0.0,0,HB,PRT,Offline TA/TO,TA/TO,0,0,0,A,A,0,No Deposit,171.0,0,Transient,60.0,0,0
Resort Hotel,1,29,2017,February,8,25,2,1,2,0.0,0,HB,PRT,Online TA,TA/TO,0,0,0,A,A,0,No Deposit,240.0,0,Transient,58.67,0,1
Resort Hotel,1,21,2017,February,8,25,2,1,2,0.0,0,BB,PRT,Online TA,TA/TO,0,0,0,D,D,0,No Deposit,240.0,0,Transient-Party,60.0,0,2
Resort Hotel,1,38,2017,February,8,25,2,1,2,0.0,0,HB,PRT,Offline TA/TO,TA/TO,0,0,0,A,A,0,No Deposit,171.0,0,Transient,60.0,0,0
Resort Hotel,1,37,2017,February,8,25,2,2,2,0.0,0,BB,GBR,Direct,Direct,0,0,0,F,F,0,No Deposit,250.0,0,Transient,77.0,0,1
Resort Hotel,1,186,2017,February,8,25,2,2,2,0.0,0,HB,PRT,Online TA,TA/TO,0,0,0,E,E,0,No Deposit,240.0,0,Transient,84.6,0,1
Resort Hotel,1,184,2017,February,9,26,2,1,2,0.0,0,HB,PRT,Online TA,TA/TO,0,0,0,E,E,0,No Deposit,240.0,0,Transient,82.8,0,1
Resort Hotel,1,33,2017,February,9,26,2,1,2,0.0,0,BB,PRT,Online TA,TA/TO,0,0,0,A,A,0,No Deposit,240.0,0,Transient,48.0,0,0
Resort Hotel,1,33,2017,February,9,26,2,1,2,0.0,0,BB,PRT,Online TA,TA/TO,0,0,0,A,A,0,No Deposit,240.0,0,Transient,48.0,0,0
Resort Hotel,1,15,2017,February,9,26,2,4,2,0.0,0,BB,NLD,Direct,Direct,0,0,0,F,F,0,No Deposit,250.0,0,Transient,76.5,0,0
Resort Hotel,1,2,2017,February,9,27,1,0,2,0.0,0,HB,ESP,Online TA,TA/TO,0,0,0,A,A,0,No Deposit,240.0,0,Transient,92.0,0,1
Resort Hotel,1,53,2017,February,9,27,1,1,2,0.0,0,HB,ESP,Direct,Direct,0,0,0,A,A,0,No Deposit,250.0,0,Transient,54.0,0,0
Resort Hotel,1,16,2017,February,9,27,1,2,2,0.0,0,BB,FRA,Online TA,TA/TO,0,0,0,D,D,0,No Deposit,240.0,0,Transient,60.0,0,1
Resort Hotel,1,49,2017,February,9,28,0,2,2,0.0,0,BB,PRT,Groups,TA/TO,0,0,0,A,A,0,Non Refund,332.0,0,Transient,35.0,0,0
Resort Hotel,1,49,2017,February,9,28,0,2,2,0.0,0,BB,PRT,Groups,TA/TO,0,0,0,A,A,0,Non Refund,332.0,0,Transient,35.0,0,0
Resort Hotel,1,49,2017,February,9,28,0,2,2,0.0,0,BB,PRT,Groups,TA/TO,0,0,0,A,A,0,Non Refund,332.0,0,Transient,35.0,0,0
Resort Hotel,1,49,2017,February,9,28,0,2,2,0.0,0,BB,PRT,Groups,TA/TO,0,0,0,A,A,0,Non Refund,332.0,0,Transient,35.0,0,0
Resort Hotel,1,49,2017,February,9,28,0,2,2,0.0,0,BB,PRT,Groups,TA/TO,0,0,0,A,C,1,Non Refund,332.0,0,Transient,35.0,0,0
Resort Hotel,1,49,2017,February,9,28,0,2,2,0.0,0,BB,PRT,Groups,TA/TO,0,0,0,A,C,1,Non Refund,332.0,0,Transient,35.0,0,0
Resort Hotel,1,49,2017,February,9,28,0,2,2,0.0,0,BB,PRT,Groups,TA/TO,0,0,0,A,A,0,Non Refund,332.0,0,Transient,35.0,0,0
Resort Hotel,1,49,2017,February,9,28,0,2,2,0.0,0,BB,PRT,Groups,TA/TO,0,0,0,A,A,0,Non Refund,332.0,0,Transient,35.0,0,0
Resort Hotel,1,49,2017,February,9,28,0,2,2,0.0,0,BB,PRT,Groups,TA/TO,0,0,0,A,A,0,Non Refund,332.0,0,Transient,35.0,0,0
Resort Hotel,1,49,2017,February,9,28,0,2,2,0.0,0,BB,PRT,Groups,TA/TO,0,0,0,A,A,0,Non Refund,332.0,0,Transient,35.0,0,0
Resort Hotel,1,49,2017,February,9,28,0,2,2,0.0,0,BB,PRT,Groups,TA/TO,0,0,0,A,A,0,Non Refund,332.0,0,Transient,35.0,0,0
Resort Hotel,1,49,2017,February,9,28,0,2,2,0.0,0,BB,PRT,Groups,TA/TO,0,0,0,A,C,1,Non Refund,332.0,0,Transient,35.0,0,0
Resort Hotel,1,49,2017,February,9,28,0,2,2,0.0,0,BB,PRT,Groups,TA/TO,0,0,0,A,C,1,Non Refund,332.0,0,Transient,35.0,0,0
Resort Hotel,1,49,2017,February,9,28,0,2,2,0.0,0,BB,PRT,Groups,TA/TO,0,0,0,A,A,0,Non Refund,332.0,0,Transient,35.0,0,0
Resort Hotel,1,49,2017,February,9,28,0,2,2,0.0,0,BB,PRT,Groups,TA/TO,0,0,0,A,A,0,Non Refund,332.0,0,Transient,35.0,0,0
Resort Hotel,1,49,2017,February,9,28,0,2,2,0.0,0,BB,PRT,Groups,TA/TO,0,0,0,A,A,0,Non Refund,332.0,0,Transient,35.0,0,0
Resort Hotel,1,49,2017,February,9,28,0,2,2,0.0,0,BB,PRT,Groups,TA/TO,0,0,0,A,A,0,Non Refund,332.0,0,Transient,35.0,0,0
Resort Hotel,1,49,2017,February,9,28,0,2,2,0.0,0,BB,PRT,Groups,TA/TO,0,0,0,A,C,1,Non Refund,332.0,0,Transient,35.0,0,0
Resort Hotel,1,63,2017,February,9,28,0,2,2,0.0,0,BB,PRT,Groups,TA/TO,0,0,0,A,A,0,Non Refund,332.0,14,Transient,35.0,0,0
Resort Hotel,1,49,2017,February,9,28,0,2,2,0.0,0,BB,PRT,Groups,TA/TO,0,0,0,A,A,0,Non Refund,332.0,0,Transient,35.0,0,0
Resort Hotel,1,49,2017,February,9,28,0,2,2,0.0,0,BB,PRT,Groups,TA/TO,0,0,0,A,A,0,Non Refund,332.0,0,Transient,35.0,0,0
Resort Hotel,1,49,2017,February,9,28,0,2,2,0.0,0,BB,PRT,Groups,TA/TO,0,0,0,A,A,0,Non Refund,332.0,0,Transient,35.0,0,0
Resort Hotel,1,49,2017,February,9,28,0,2,2,0.0,0,BB,PRT,Groups,TA/TO,0,0,0,A,C,1,Non Refund,332.0,0,Transient,35.0,0,0
Resort Hotel,1,49,2017,February,9,28,0,2,2,0.0,0,BB,PRT,Groups,TA/TO,0,0,0,A,A,0,Non Refund,332.0,0,Transient,35.0,0,0
Resort Hotel,1,49,2017,February,9,28,0,2,2,0.0,0,BB,PRT,Groups,TA/TO,0,0,0,A,A,0,Non Refund,332.0,0,Transient,35.0,0,0
Resort Hotel,1,187,2017,February,9,28,0,5,2,0.0,0,BB,IRL,Direct,Direct,0,0,0,E,E,0,No Deposit,250.0,0,Transient,55.8,0,0
Resort Hotel,1,181,2017,March,9,1,6,19,2,0.0,0,HB,PRT,Groups,TA/TO,0,0,0,A,A,0,No Deposit,440.0,0,Transient-Party,58.6,0,0
Resort Hotel,1,181,2017,March,9,1,6,19,2,0.0,0,HB,PRT,Groups,TA/TO,0,0,0,A,A,0,No Deposit,440.0,0,Transient-Party,58.6,0,0
Resort Hotel,1,181,2017,March,9,1,6,19,2,0.0,0,HB,PRT,Groups,TA/TO,0,0,0,A,A,0,No Deposit,440.0,0,Transient-Party,58.6,0,0
Resort Hotel,1,181,2017,March,9,1,6,19,2,0.0,0,HB,PRT,Groups,TA/TO,0,0,0,A,A,0,No Deposit,440.0,0,Transient-Party,58.6,0,0
Resort Hotel,1,181,2017,March,9,1,6,19,2,0.0,0,HB,PRT,Groups,TA/TO,0,0,0,A,A,0,No Deposit,440.0,0,Transient-Party,58.6,0,0
Resort Hotel,1,181,2017,March,9,1,6,19,2,0.0,0,HB,PRT,Groups,TA/TO,0,0,0,A,A,0,No Deposit,440.0,0,Transient-Party,58.6,0,0
Resort Hotel,1,26,2017,March,9,1,6,19,2,0.0,0,HB,PRT,Groups,TA/TO,0,0,0,A,A,0,No Deposit,440.0,0,Transient-Party,62.0,0,0
Resort Hotel,1,50,2017,March,9,1,6,19,2,0.0,0,HB,PRT,Groups,TA/TO,0,0,0,A,A,0,No Deposit,440.0,0,Transient-Party,55.8,0,0
Resort Hotel,1,84,2017,March,9,1,6,19,2,0.0,0,HB,PRT,Groups,TA/TO,0,0,0,A,A,0,No Deposit,440.0,0,Transient-Party,55.8,0,0
Resort Hotel,1,181,2017,March,9,1,6,19,2,0.0,0,HB,PRT,Groups,TA/TO,0,0,0,A,A,0,No Deposit,440.0,0,Transient-Party,58.6,0,0
Resort Hotel,1,181,2017,March,9,1,6,19,2,0.0,0,HB,PRT,Groups,TA/TO,0,0,0,A,A,0,No Deposit,440.0,0,Transient-Party,58.6,0,0
Resort Hotel,1,181,2017,March,9,1,6,19,2,0.0,0,HB,PRT,Groups,TA/TO,0,0,0,A,A,0,No Deposit,440.0,0,Transient-Party,58.6,0,0
Resort Hotel,1,181,2017,March,9,1,6,19,2,0.0,0,HB,PRT,Groups,TA/TO,0,0,0,A,A,0,No Deposit,440.0,0,Transient-Party,58.6,0,0
Resort Hotel,1,84,2017,March,9,1,6,19,2,0.0,0,HB,PRT,Groups,TA/TO,0,0,0,A,A,0,No Deposit,440.0,0,Transient-Party,55.8,0,0
Resort Hotel,1,181,2017,March,9,1,6,19,2,0.0,0,HB,PRT,Groups,TA/TO,0,0,0,A,A,0,No Deposit,440.0,0,Transient-Party,58.6,0,0
Resort Hotel,1,181,2017,March,9,1,6,19,2,0.0,0,HB,PRT,Groups,TA/TO,0,0,0,A,A,0,No Deposit,440.0,0,Transient-Party,58.6,0,0
Resort Hotel,1,181,2017,March,9,1,6,19,2,0.0,0,HB,PRT,Groups,TA/TO,0,0,0,A,A,1,No Deposit,440.0,0,Transient-Party,62.0,0,0
Resort Hotel,1,181,2017,March,9,1,6,19,2,0.0,0,HB,PRT,Groups,TA/TO,0,0,0,A,A,0,No Deposit,440.0,0,Transient-Party,58.6,0,0
Resort Hotel,1,84,2017,March,9,1,6,19,2,0.0,0,HB,PRT,Groups,TA/TO,0,0,0,A,A,0,No Deposit,440.0,0,Transient-Party,55.8,0,0
Resort Hotel,1,181,2017,March,9,1,6,19,2,0.0,0,HB,PRT,Groups,TA/TO,0,0,0,A,A,0,No Deposit,440.0,0,Transient-Party,58.6,0,0
Resort Hotel,1,181,2017,March,9,1,6,19,2,0.0,0,HB,PRT,Groups,TA/TO,0,0,0,A,A,0,No Deposit,440.0,0,Transient-Party,58.6,0,0
Resort Hotel,1,21,2017,March,9,2,0,3,2,0.0,0,HB,BEL,Online TA,TA/TO,0,0,0,E,E,0,No Deposit,240.0,0,Transient,112.0,0,1
Resort Hotel,1,8,2017,March,9,3,1,2,2,0.0,0,BB,PRT,Groups,Corporate,0,0,0,D,D,2,No Deposit,,0,Transient-Party,47.0,0,0
Resort Hotel,1,8,2017,March,9,3,1,2,2,0.0,0,BB,PRT,Groups,Corporate,0,0,0,A,A,5,No Deposit,,0,Transient-Party,37.0,0,0
Resort Hotel,1,8,2017,March,9,3,1,2,2,0.0,0,BB,PRT,Groups,Corporate,0,0,0,D,D,1,No Deposit,,0,Transient-Party,47.0,0,0
Resort Hotel,1,39,2017,March,9,4,1,1,2,0.0,0,BB,PRT,Direct,Direct,0,0,0,E,E,0,No Deposit,250.0,0,Transient,101.3,0,0
Resort Hotel,1,266,2017,March,9,4,1,1,2,0.0,0,BB,PRT,Online TA,TA/TO,0,0,0,A,A,2,No Deposit,314.0,0,Transient,33.6,0,0
Resort Hotel,1,11,2017,March,9,4,2,2,2,0.0,0,BB,IRL,Direct,Direct,0,0,0,E,E,0,No Deposit,250.0,0,Transient,75.0,0,0
Resort Hotel,1,82,2017,March,9,4,2,5,2,0.0,0,BB,GBR,Online TA,TA/TO,0,0,0,D,D,0,No Deposit,240.0,0,Transient,70.0,0,0
Resort Hotel,1,168,2017,March,9,4,2,5,2,0.0,0,BB,GBR,Online TA,TA/TO,0,0,0,D,D,0,No Deposit,240.0,0,Transient,47.54,0,0
Resort Hotel,1,167,2017,March,9,4,2,6,2,0.0,0,BB,GBR,Online TA,TA/TO,0,0,0,D,D,0,No Deposit,240.0,0,Transient,47.45,0,0
Resort Hotel,1,316,2017,March,9,4,6,15,2,0.0,0,BB,CN,Online TA,TA/TO,0,0,0,E,E,1,No Deposit,240.0,0,Transient,55.8,0,0
Resort Hotel,1,9,2017,March,10,5,1,0,2,0.0,0,BB,PRT,Offline TA/TO,TA/TO,0,0,0,A,A,0,No Deposit,6.0,0,Transient,34.0,0,0
Resort Hotel,1,15,2017,March,10,5,2,0,2,0.0,0,BB,PRT,Online TA,TA/TO,0,0,0,A,A,0,No Deposit,240.0,0,Transient,60.0,0,1
Resort Hotel,1,30,2017,March,10,5,2,0,2,0.0,0,BB,PRT,Online TA,TA/TO,0,0,0,A,A,0,No Deposit,240.0,0,Transient,60.0,0,1
Resort Hotel,1,17,2017,March,10,5,2,1,2,0.0,0,BB,ITA,Online TA,TA/TO,0,0,0,D,D,0,No Deposit,240.0,0,Transient,68.0,0,0
Resort Hotel,1,270,2017,March,10,5,2,2,2,0.0,0,HB,PRT,Offline TA/TO,TA/TO,0,0,0,A,A,0,No Deposit,26.0,0,Transient,55.8,0,0
Resort Hotel,1,270,2017,March,10,5,2,2,2,0.0,0,HB,PRT,Offline TA/TO,TA/TO,0,0,0,A,A,0,No Deposit,26.0,0,Transient,55.8,0,0
Resort Hotel,1,312,2017,March,10,5,2,5,2,0.0,0,BB,PRT,Groups,TA/TO,0,0,0,A,A,0,No Deposit,298.0,0,Transient-Party,30.0,0,0
Resort Hotel,1,312,2017,March,10,5,2,5,2,0.0,0,BB,PRT,Groups,TA/TO,0,0,0,A,A,0,No Deposit,298.0,0,Transient-Party,30.0,0,0
Resort Hotel,1,312,2017,March,10,5,2,5,2,0.0,0,BB,PRT,Groups,TA/TO,0,0,0,A,A,0,No Deposit,298.0,0,Transient-Party,30.0,0,0
Resort Hotel,1,312,2017,March,10,5,2,5,2,0.0,0,BB,PRT,Groups,TA/TO,0,0,0,A,A,0,No Deposit,298.0,0,Transient-Party,30.0,0,0
Resort Hotel,1,312,2017,March,10,5,2,5,2,0.0,0,BB,PRT,Groups,TA/TO,0,0,0,A,A,0,No Deposit,298.0,0,Transient-Party,30.0,0,0
Resort Hotel,1,171,2017,March,10,5,2,5,2,0.0,0,BB,PRT,Groups,TA/TO,0,0,0,E,E,0,No Deposit,298.0,0,Transient-Party,45.0,0,0
Resort Hotel,1,35,2017,March,10,5,2,5,2,0.0,0,BB,FRA,Online TA,TA/TO,0,0,0,A,A,0,No Deposit,240.0,0,Transient,60.0,0,0
Resort Hotel,1,312,2017,March,10,5,2,5,2,0.0,0,BB,PRT,Groups,TA/TO,0,0,0,A,A,0,No Deposit,298.0,0,Transient-Party,30.0,0,0
Resort Hotel,1,312,2017,March,10,5,2,5,2,0.0,0,HB,PRT,Groups,TA/TO,0,0,0,A,A,0,No Deposit,298.0,0,Transient-Party,56.0,0,0
Resort Hotel,1,312,2017,March,10,5,2,5,2,0.0,0,BB,PRT,Groups,TA/TO,0,0,0,A,A,0,No Deposit,298.0,0,Transient-Party,30.0,0,0
Resort Hotel,1,312,2017,March,10,5,2,5,2,0.0,0,BB,PRT,Groups,TA/TO,0,0,0,A,A,0,No Deposit,298.0,0,Transient-Party,30.0,0,0
Resort Hotel,1,312,2017,March,10,5,2,5,2,0.0,0,BB,PRT,Groups,TA/TO,0,0,0,A,A,0,No Deposit,298.0,0,Transient-Party,30.0,0,0
Resort Hotel,1,312,2017,March,10,5,2,5,2,0.0,0,BB,PRT,Groups,TA/TO,0,0,0,A,A,0,No Deposit,298.0,0,Transient-Party,30.0,0,0
Resort Hotel,1,312,2017,March,10,5,2,5,2,0.0,0,BB,PRT,Groups,TA/TO,0,0,0,A,A,0,No Deposit,298.0,0,Transient-Party,30.0,0,0
Resort Hotel,1,312,2017,March,10,5,2,5,2,0.0,0,BB,PRT,Groups,TA/TO,0,0,0,A,A,0,No Deposit,298.0,0,Transient-Party,30.0,0,0
Resort Hotel,1,312,2017,March,10,5,2,5,2,0.0,0,BB,PRT,Groups,TA/TO,0,0,0,A,A,0,No Deposit,298.0,0,Transient-Party,30.0,0,0
Resort Hotel,1,6,2017,March,10,6,1,0,2,0.0,0,BB,PRT,Direct,Direct,0,0,0,A,A,0,No Deposit,250.0,0,Transient,55.0,0,0
Resort Hotel,1,5,2017,March,10,6,1,1,2,0.0,0,BB,PRT,Complementary,Direct,0,0,0,A,A,0,No Deposit,,0,Transient,0.0,0,0
Resort Hotel,1,142,2017,March,10,6,1,5,2,0.0,0,BB,PRT,Online TA,TA/TO,0,0,0,A,A,0,No Deposit,241.0,0,Transient,37.8,0,0
Resort Hotel,1,19,2017,March,10,7,0,2,2,0.0,0,BB,PRT,Offline TA/TO,TA/TO,0,0,0,A,A,0,No Deposit,8.0,0,Transient,60.0,0,0
Resort Hotel,1,220,2017,March,10,7,0,3,2,0.0,0,BB,IRL,Online TA,TA/TO,0,0,0,A,A,0,No Deposit,240.0,0,Transient-Party,37.8,0,1
Resort Hotel,1,25,2017,March,10,8,0,3,2,0.0,0,BB,GBR,Online TA,TA/TO,0,0,0,D,D,0,No Deposit,240.0,0,Transient,68.0,0,0
Resort Hotel,1,321,2017,March,10,8,4,10,2,0.0,0,HB,NLD,Online TA,TA/TO,0,0,0,A,A,0,No Deposit,240.0,0,Transient,66.6,0,1
Resort Hotel,1,0,2017,March,10,9,0,1,2,0.0,0,BB,PRT,Direct,Direct,0,0,0,D,D,0,No Deposit,,0,Transient,70.0,0,0
Resort Hotel,1,115,2017,March,10,9,0,3,2,0.0,0,BB,PRT,Online TA,TA/TO,0,0,0,A,A,0,No Deposit,240.0,0,Transient,65.0,0,1
Resort Hotel,1,86,2017,March,10,9,0,3,2,0.0,0,Undefined,PRT,Groups,TA/TO,0,0,0,A,A,0,Non Refund,67.0,0,Transient,46.0,0,0
Resort Hotel,1,86,2017,March,10,9,0,3,2,0.0,0,Undefined,PRT,Groups,TA/TO,0,0,0,A,A,0,Non Refund,67.0,0,Transient,46.0,0,0
Resort Hotel,1,86,2017,March,10,9,0,3,2,0.0,0,Undefined,PRT,Groups,TA/TO,0,0,0,A,A,0,Non Refund,67.0,0,Transient,46.0,0,0
Resort Hotel,1,86,2017,March,10,9,0,3,2,0.0,0,Undefined,PRT,Groups,TA/TO,0,0,0,A,A,0,Non Refund,67.0,0,Transient,46.0,0,0
Resort Hotel,1,115,2017,March,10,9,0,3,2,0.0,0,BB,PRT,Online TA,TA/TO,0,0,0,A,A,0,No Deposit,240.0,0,Transient,65.0,0,1
Resort Hotel,1,115,2017,March,10,9,0,3,2,0.0,0,BB,PRT,Online TA,TA/TO,0,0,0,A,A,0,No Deposit,240.0,0,Transient,65.0,0,1
Resort Hotel,1,86,2017,March,10,9,0,3,2,0.0,0,Undefined,PRT,Groups,TA/TO,0,0,0,A,A,0,Non Refund,67.0,0,Transient,46.0,0,0
Resort Hotel,1,86,2017,March,10,9,0,3,2,0.0,0,Undefined,PRT,Groups,TA/TO,0,0,0,A,A,0,Non Refund,67.0,0,Transient,46.0,0,0
Resort Hotel,1,86,2017,March,10,9,0,3,2,0.0,0,Undefined,PRT,Groups,TA/TO,0,0,0,A,A,0,Non Refund,67.0,0,Transient,46.0,0,0
Resort Hotel,1,17,2017,March,10,9,0,3,2,0.0,0,BB,PRT,Direct,Direct,0,0,0,D,D,0,No Deposit,250.0,0,Transient,56.7,0,0
Resort Hotel,1,86,2017,March,10,9,0,3,2,0.0,0,Undefined,PRT,Groups,TA/TO,0,0,0,A,A,0,Non Refund,67.0,0,Transient,46.0,0,0
Resort Hotel,1,86,2017,March,10,9,0,3,2,0.0,0,Undefined,PRT,Groups,TA/TO,0,0,0,A,A,0,Non Refund,67.0,0,Transient,46.0,0,0
Resort Hotel,1,86,2017,March,10,9,0,3,2,0.0,0,Undefined,PRT,Groups,TA/TO,0,0,0,A,A,0,Non Refund,67.0,0,Transient,46.0,0,0
Resort Hotel,1,86,2017,March,10,9,0,3,2,0.0,0,Undefined,PRT,Groups,TA/TO,0,0,0,A,A,0,Non Refund,67.0,0,Transient,46.0,0,0
Resort Hotel,1,86,2017,March,10,9,0,3,2,0.0,0,Undefined,PRT,Groups,TA/TO,0,0,0,A,A,0,Non Refund,67.0,0,Transient,46.0,0,0
Resort Hotel,1,86,2017,March,10,9,0,3,2,0.0,0,Undefined,PRT,Groups,TA/TO,0,0,0,A,A,0,Non Refund,67.0,0,Transient,46.0,0,0
Resort Hotel,1,86,2017,March,10,9,0,3,2,0.0,0,Undefined,PRT,Groups,TA/TO,0,0,0,A,A,0,Non Refund,67.0,0,Transient,46.0,0,0
Resort Hotel,1,86,2017,March,10,9,0,3,2,0.0,0,Undefined,PRT,Groups,TA/TO,0,0,0,A,A,0,Non Refund,67.0,0,Transient,46.0,0,0
Resort Hotel,1,86,2017,March,10,9,0,3,2,0.0,0,Undefined,PRT,Groups,TA/TO,0,0,0,A,A,0,Non Refund,67.0,0,Transient,46.0,0,0
Resort Hotel,1,115,2017,March,10,9,0,3,2,0.0,0,BB,PRT,Online TA,TA/TO,0,0,0,A,A,0,No Deposit,240.0,0,Transient,65.0,0,1
Resort Hotel,1,115,2017,March,10,9,0,3,2,0.0,0,BB,PRT,Online TA,TA/TO,0,0,0,A,A,0,No Deposit,240.0,0,Transient,65.0,0,1
Resort Hotel,1,26,2017,March,10,9,0,3,2,0.0,0,BB,GBR,Online TA,TA/TO,0,0,0,A,A,0,No Deposit,240.0,0,Transient,60.0,0,1
Resort Hotel,1,100,2017,March,10,9,0,3,2,0.0,0,BB,PRT,Online TA,TA/TO,0,0,0,D,D,0,No Deposit,240.0,0,Transient,75.0,0,1
Resort Hotel,1,146,2017,March,10,9,0,3,2,0.0,0,Undefined,PRT,Groups,TA/TO,0,0,0,A,A,0,Non Refund,67.0,60,Transient,46.0,0,0
Resort Hotel,1,86,2017,March,10,9,0,3,2,0.0,0,Undefined,PRT,Groups,TA/TO,0,0,0,A,A,0,Non Refund,67.0,0,Transient,46.0,0,0
Resort Hotel,1,86,2017,March,10,9,0,3,2,0.0,0,Undefined,PRT,Groups,TA/TO,0,0,0,A,A,0,Non Refund,67.0,0,Transient,46.0,0,0
Resort Hotel,1,86,2017,March,10,9,0,3,2,0.0,0,Undefined,PRT,Groups,TA/TO,0,0,0,A,A,0,Non Refund,67.0,0,Transient,46.0,0,0
Resort Hotel,1,86,2017,March,10,9,0,3,2,0.0,0,Undefined,PRT,Groups,TA/TO,0,0,0,A,A,0,Non Refund,67.0,0,Transient,46.0,0,0
Resort Hotel,1,86,2017,March,10,9,0,3,2,0.0,0,Undefined,PRT,Groups,TA/TO,0,0,0,A,A,0,Non Refund,67.0,0,Transient,46.0,0,0
Resort Hotel,1,86,2017,March,10,9,0,3,2,0.0,0,Undefined,PRT,Groups,TA/TO,0,0,0,A,A,0,Non Refund,67.0,0,Transient,46.0,0,0
Resort Hotel,1,86,2017,March,10,9,0,3,2,0.0,0,Undefined,PRT,Groups,TA/TO,0,0,0,A,A,0,Non Refund,67.0,0,Transient,46.0,0,0
Resort Hotel,1,86,2017,March,10,9,0,3,2,0.0,0,Undefined,PRT,Groups,TA/TO,0,0,0,A,A,0,Non Refund,67.0,0,Transient,46.0,0,0
Resort Hotel,1,86,2017,March,10,9,0,3,2,0.0,0,Undefined,PRT,Groups,TA/TO,0,0,0,A,A,0,Non Refund,67.0,0,Transient,46.0,0,0
Resort Hotel,1,86,2017,March,10,9,0,3,2,0.0,0,Undefined,PRT,Groups,TA/TO,0,0,0,A,A,0,Non Refund,67.0,0,Transient,46.0,0,0
Resort Hotel,1,86,2017,March,10,9,0,3,2,0.0,0,Undefined,PRT,Groups,TA/TO,0,0,0,A,A,0,Non Refund,67.0,0,Transient,46.0,0,0
Resort Hotel,1,142,2017,March,10,9,2,3,2,0.0,0,BB,GBR,Direct,Direct,0,0,0,F,F,0,No Deposit,250.0,0,Transient,60.3,0,0
Resort Hotel,1,142,2017,March,10,9,2,3,2,0.0,0,BB,GBR,Direct,Direct,0,0,0,F,F,0,No Deposit,250.0,0,Transient,66.3,0,0
Resort Hotel,1,142,2017,March,10,9,2,3,2,0.0,0,BB,GBR,Direct,Direct,0,0,0,F,F,0,No Deposit,250.0,0,Transient,60.3,0,0
Resort Hotel,1,125,2017,March,10,9,2,4,2,0.0,0,BB,PRT,Online TA,TA/TO,0,0,0,A,A,0,No Deposit,240.0,0,Transient,42.0,0,2
Resort Hotel,1,64,2017,March,10,9,2,5,2,0.0,0,BB,PRT,Online TA,TA/TO,0,0,0,A,C,1,No Deposit,242.0,0,Transient,60.0,0,1
Resort Hotel,1,18,2017,March,10,10,0,2,2,0.0,0,BB,ESP,Online TA,TA/TO,0,0,0,A,A,0,No Deposit,240.0,0,Transient,60.0,0,1
Resort Hotel,1,14,2017,March,10,10,0,2,2,0.0,0,BB,PRT,Online TA,TA/TO,0,0,0,A,A,0,No Deposit,240.0,0,Transient,60.0,0,2
Resort Hotel,1,16,2017,March,10,10,0,2,2,0.0,0,BB,PRT,Direct,Direct,0,0,0,F,G,0,No Deposit,250.0,0,Transient,80.0,0,0
Resort Hotel,1,32,2017,March,10,10,2,3,2,0.0,0,BB,POL,Direct,Direct,0,0,0,G,G,0,No Deposit,250.0,0,Transient,97.0,0,0
Resort Hotel,1,148,2017,March,10,10,2,5,2,0.0,0,BB,PRT,Online TA,TA/TO,0,0,0,A,C,1,No Deposit,242.0,0,Transient,41.4,0,2
Resort Hotel,1,46,2017,March,10,11,0,1,2,0.0,0,BB,ESP,Online TA,TA/TO,0,0,0,E,E,0,No Deposit,240.0,0,Transient,80.0,0,2
Resort Hotel,1,81,2017,March,10,11,0,1,2,0.0,0,BB,ESP,Online TA,TA/TO,0,0,0,A,C,1,No Deposit,240.0,0,Transient,60.0,0,1
Resort Hotel,1,22,2017,March,10,11,2,2,2,0.0,0,BB,GBR,Online TA,TA/TO,0,0,0,A,A,0,No Deposit,240.0,0,Transient,60.0,0,1
Resort Hotel,1,88,2017,March,10,11,2,5,2,0.0,0,BB,PRT,Groups,TA/TO,0,0,0,A,A,2,No Deposit,177.0,0,Transient-Party,34.0,0,0
Resort Hotel,1,57,2017,March,10,11,2,5,2,0.0,0,HB,PRT,Groups,TA/TO,0,0,0,D,D,0,No Deposit,298.0,0,Transient-Party,64.0,0,0
Resort Hotel,1,9,2017,March,10,11,2,5,2,0.0,0,BB,PRT,Offline TA/TO,TA/TO,0,0,0,D,D,0,No Deposit,6.0,0,Transient,48.0,0,0
Resort Hotel,1,15,2017,March,10,11,2,5,2,0.0,0,BB,PRT,Groups,TA/TO,0,0,0,A,C,0,No Deposit,177.0,0,Transient-Party,34.0,0,0
Resort Hotel,1,339,2017,March,10,11,2,5,2,0.0,0,HB,PRT,Groups,TA/TO,0,0,0,D,D,0,No Deposit,298.0,0,Transient-Party,64.0,0,0
Resort Hotel,1,332,2017,March,10,11,2,5,2,0.0,0,HB,PRT,Groups,TA/TO,0,0,0,D,D,0,No Deposit,298.0,0,Transient-Party,71.0,0,0
Resort Hotel,1,332,2017,March,10,11,2,5,2,0.0,0,HB,PRT,Groups,TA/TO,0,0,0,D,D,0,No Deposit,298.0,0,Transient-Party,71.0,0,0
Resort Hotel,1,88,2017,March,10,11,2,5,2,0.0,0,BB,PRT,Groups,TA/TO,0,0,0,A,A,2,No Deposit,177.0,0,Transient-Party,34.0,0,0
Resort Hotel,1,57,2017,March,10,11,2,5,2,0.0,0,HB,PRT,Groups,TA/TO,0,0,0,D,D,0,No Deposit,298.0,0,Transient-Party,64.0,0,0
Resort Hotel,1,332,2017,March,10,11,2,5,2,0.0,0,HB,PRT,Groups,TA/TO,0,0,0,D,D,0,No Deposit,298.0,0,Transient-Party,71.0,0,0
Resort Hotel,1,339,2017,March,10,11,2,5,2,0.0,0,HB,PRT,Groups,TA/TO,0,0,0,D,D,0,No Deposit,298.0,0,Transient-Party,64.0,0,0
Resort Hotel,1,46,2017,March,10,11,2,5,2,0.0,0,BB,POL,Direct,Direct,0,0,0,F,F,0,No Deposit,250.0,0,Transient,89.0,0,0
Resort Hotel,1,332,2017,March,10,11,2,5,2,0.0,0,HB,PRT,Groups,TA/TO,0,0,0,D,D,0,No Deposit,298.0,0,Transient-Party,71.0,0,0
Resort Hotel,1,57,2017,March,10,11,2,5,2,0.0,0,HB,PRT,Groups,TA/TO,0,0,0,D,D,0,No Deposit,298.0,0,Transient-Party,64.0,0,0
Resort Hotel,1,57,2017,March,10,11,2,5,2,0.0,0,HB,PRT,Groups,TA/TO,0,0,0,D,D,0,No Deposit,298.0,0,Transient-Party,64.0,0,0
Resort Hotel,1,252,2017,March,10,11,4,10,2,0.0,0,BB,PRT,Online TA,TA/TO,0,0,0,E,E,0,No Deposit,242.0,0,Transient,55.8,0,0
Resort Hotel,1,2,2017,March,11,12,1,0,2,0.0,0,BB,PRT,Online TA,TA/TO,0,0,0,A,A,0,No Deposit,240.0,0,Transient,65.0,0,2
Resort Hotel,1,66,2017,March,11,12,2,1,2,0.0,0,BB,ESP,Online TA,TA/TO,0,0,0,D,D,0,No Deposit,240.0,0,Transient,70.0,0,0
Resort Hotel,1,96,2017,March,11,12,4,7,2,0.0,0,BB,PRT,Groups,TA/TO,0,0,0,A,A,0,No Deposit,,0,Transient-Party,8.0,0,0
Resort Hotel,1,96,2017,March,11,12,4,7,2,0.0,0,BB,PRT,Groups,TA/TO,0,0,0,A,A,0,No Deposit,,0,Transient-Party,8.0,0,0
Resort Hotel,1,96,2017,March,11,12,4,7,2,0.0,0,BB,PRT,Groups,TA/TO,0,0,0,A,A,0,No Deposit,,0,Transient-Party,8.0,0,0
Resort Hotel,1,96,2017,March,11,12,4,7,2,0.0,0,BB,PRT,Groups,TA/TO,0,0,0,A,A,0,No Deposit,,0,Transient-Party,8.0,0,0
Resort Hotel,1,133,2017,March,11,13,1,0,2,0.0,0,BB,USA,Online TA,TA/TO,0,0,0,A,A,2,No Deposit,240.0,0,Transient,42.0,0,2
Resort Hotel,1,24,2017,March,11,13,1,0,2,0.0,0,BB,PRT,Groups,TA/TO,0,0,0,A,A,0,No Deposit,66.0,0,Transient-Party,36.0,0,0
Resort Hotel,1,115,2017,March,11,13,1,2,2,0.0,0,HB,FRA,Online TA,TA/TO,0,0,0,D,D,0,No Deposit,240.0,0,Transient,97.33,0,1
Resort Hotel,1,208,2017,March,11,13,1,4,2,0.0,0,BB,GBR,Online TA,TA/TO,0,0,0,A,A,0,No Deposit,240.0,0,Transient,37.8,0,0
Resort Hotel,1,140,2017,March,11,14,0,4,2,0.0,0,BB,ITA,Online TA,TA/TO,0,0,0,A,A,0,No Deposit,240.0,0,Transient-Party,42.0,0,1
Resort Hotel,1,26,2017,March,11,14,0,5,2,0.0,0,HB,PRT,Direct,Direct,0,0,0,E,E,0,No Deposit,,0,Transient-Party,80.0,0,0
Resort Hotel,1,26,2017,March,11,14,0,5,2,0.0,0,HB,PRT,Direct,Direct,0,0,0,E,E,0,No Deposit,,0,Transient-Party,80.0,0,0
Resort Hotel,1,26,2017,March,11,14,0,5,2,0.0,0,HB,PRT,Direct,Direct,0,0,0,E,E,0,No Deposit,,0,Transient-Party,80.0,0,0
Resort Hotel,1,26,2017,March,11,14,0,5,2,0.0,0,HB,PRT,Direct,Direct,0,0,0,E,E,0,No Deposit,,0,Transient-Party,80.0,0,0
Resort Hotel,1,157,2017,March,11,14,0,5,2,0.0,0,BB,HRV,Online TA,TA/TO,0,0,0,A,A,0,No Deposit,240.0,0,Transient,37.8,0,2
Resort Hotel,1,26,2017,March,11,14,0,5,2,0.0,0,HB,PRT,Direct,Direct,0,0,0,E,E,0,No Deposit,,0,Transient-Party,80.0,0,0
Resort Hotel,1,278,2017,March,11,14,2,5,2,0.0,0,HB,PRT,Online TA,TA/TO,0,0,0,D,D,1,No Deposit,314.0,0,Transient,69.04,0,0
Resort Hotel,1,19,2017,March,11,14,2,5,2,0.0,0,HB,FRA,Direct,Direct,0,0,0,F,F,1,No Deposit,250.0,0,Transient,112.0,0,0
Resort Hotel,1,144,2017,March,11,14,4,14,2,0.0,0,HB,PRT,Groups,TA/TO,0,0,0,A,C,1,No Deposit,440.0,0,Transient-Party,62.0,0,0
Resort Hotel,1,194,2017,March,11,14,4,14,2,0.0,0,HB,PRT,Groups,TA/TO,0,0,0,A,A,0,No Deposit,440.0,50,Transient-Party,62.0,0,0
Resort Hotel,1,144,2017,March,11,14,4,14,2,0.0,0,HB,PRT,Groups,TA/TO,0,0,0,A,A,0,No Deposit,440.0,0,Transient-Party,62.0,0,0
Resort Hotel,1,144,2017,March,11,14,4,14,2,0.0,0,HB,PRT,Groups,TA/TO,0,0,0,A,A,0,No Deposit,440.0,0,Transient-Party,62.0,0,0
Resort Hotel,1,144,2017,March,11,14,4,14,2,0.0,0,HB,PRT,Groups,TA/TO,0,0,0,A,C,1,No Deposit,440.0,0,Transient-Party,62.0,0,0
Resort Hotel,1,144,2017,March,11,14,4,14,2,0.0,0,HB,PRT,Groups,TA/TO,0,0,0,A,C,1,No Deposit,440.0,0,Transient-Party,62.0,0,0
Resort Hotel,1,144,2017,March,11,14,4,14,2,0.0,0,HB,PRT,Groups,TA/TO,0,0,0,A,C,1,No Deposit,440.0,0,Transient-Party,62.0,0,0
Resort Hotel,1,144,2017,March,11,14,4,14,2,0.0,0,HB,PRT,Groups,TA/TO,0,0,0,A,C,1,No Deposit,440.0,0,Transient-Party,62.0,0,0
Resort Hotel,1,144,2017,March,11,14,4,14,2,0.0,0,HB,PRT,Groups,TA/TO,0,0,0,A,C,1,No Deposit,440.0,0,Transient-Party,62.0,0,0
Resort Hotel,1,144,2017,March,11,14,4,14,2,0.0,0,HB,PRT,Groups,TA/TO,0,0,0,A,C,1,No Deposit,440.0,0,Transient-Party,62.0,0,0
Resort Hotel,1,144,2017,March,11,14,4,14,2,0.0,0,HB,PRT,Groups,TA/TO,0,0,0,A,C,1,No Deposit,440.0,0,Transient-Party,62.0,0,0
Resort Hotel,1,144,2017,March,11,14,4,14,2,0.0,0,HB,PRT,Groups,TA/TO,0,0,0,A,C,1,No Deposit,440.0,0,Transient-Party,62.0,0,0
Resort Hotel,1,144,2017,March,11,14,4,14,2,0.0,0,HB,PRT,Groups,TA/TO,0,0,0,A,C,1,No Deposit,440.0,0,Transient-Party,62.0,0,0
Resort Hotel,1,144,2017,March,11,14,4,14,2,0.0,0,HB,PRT,Groups,TA/TO,0,0,0,A,C,1,No Deposit,440.0,0,Transient-Party,62.0,0,0
Resort Hotel,1,159,2017,March,11,14,6,15,2,0.0,0,HB,PRT,Offline TA/TO,TA/TO,0,0,0,E,E,0,No Deposit,75.0,0,Transient,68.4,0,1
Resort Hotel,1,285,2017,March,11,15,2,5,2,0.0,0,BB,GBR,Online TA,TA/TO,0,0,0,E,E,0,No Deposit,240.0,0,Transient,55.8,0,0
Resort Hotel,1,211,2017,March,11,15,2,5,2,0.0,0,BB,ITA,Online TA,TA/TO,0,0,0,A,A,0,No Deposit,240.0,0,Transient,37.8,0,0
Resort Hotel,1,24,2017,March,11,15,2,5,2,0.0,0,BB,GBR,Online TA,TA/TO,0,0,0,D,D,0,No Deposit,240.0,0,Transient,68.0,0,0
Resort Hotel,1,210,2017,March,11,15,1,4,2,0.0,0,BB,NLD,Direct,Direct,0,0,0,E,F,1,No Deposit,250.0,0,Transient,47.8,0,2
Resort Hotel,1,232,2017,March,11,16,0,3,2,0.0,0,BB,GBR,Online TA,TA/TO,0,0,0,E,E,0,No Deposit,240.0,0,Transient,55.8,0,1
Resort Hotel,1,148,2017,March,11,16,1,3,2,0.0,0,BB,IRL,Online TA,TA/TO,0,0,0,A,A,0,No Deposit,240.0,0,Transient,42.0,0,1
Resort Hotel,1,10,2017,March,11,16,2,5,2,0.0,0,BB,IRL,Direct,Direct,0,0,0,G,G,0,No Deposit,250.0,0,Transient,142.0,0,0
Resort Hotel,1,139,2017,March,11,16,2,5,2,0.0,0,BB,PRT,Online TA,TA/TO,0,0,0,A,A,0,No Deposit,242.0,0,Transient,37.8,0,1
Resort Hotel,1,24,2017,March,11,17,0,2,2,0.0,0,BB,PRT,Online TA,TA/TO,0,0,0,D,D,0,No Deposit,240.0,0,Transient,68.0,0,1
Resort Hotel,1,50,2017,March,11,17,0,2,2,0.0,0,BB,IRL,Online TA,TA/TO,0,0,0,D,D,0,No Deposit,240.0,0,Transient,70.0,0,0
Resort Hotel,1,27,2017,March,11,17,0,2,2,0.0,0,BB,GBR,Online TA,TA/TO,0,0,0,D,D,0,No Deposit,240.0,0,Transient,68.0,0,0
Resort Hotel,1,134,2017,March,11,17,1,2,2,0.0,0,BB,GBR,Online TA,TA/TO,0,0,0,D,D,0,No Deposit,240.0,0,Transient,52.0,0,0
Resort Hotel,1,30,2017,March,11,18,0,1,2,0.0,0,BB,PRT,Direct,Direct,0,0,0,A,A,0,No Deposit,,0,Transient,60.0,0,0
Resort Hotel,1,14,2017,March,11,18,0,1,2,0.0,0,BB,ESP,Online TA,TA/TO,0,0,0,A,A,0,No Deposit,240.0,0,Transient,65.0,0,2
Resort Hotel,1,26,2017,March,11,18,2,2,2,0.0,0,BB,GBR,Online TA,TA/TO,0,0,0,D,D,0,No Deposit,240.0,0,Transient,68.0,0,0
Resort Hotel,1,68,2017,March,11,18,2,4,2,0.0,0,BB,GBR,Online TA,TA/TO,0,0,0,D,D,0,No Deposit,240.0,0,Transient,70.0,0,0
Resort Hotel,1,201,2017,March,11,18,2,5,2,0.0,0,BB,FRA,Online TA,TA/TO,0,0,0,A,C,0,No Deposit,240.0,0,Transient,37.8,0,2
Resort Hotel,1,115,2017,March,11,18,2,5,2,0.0,0,BB,GBR,Online TA,TA/TO,0,0,0,D,D,0,No Deposit,240.0,0,Transient,61.86,0,1
Resort Hotel,1,201,2017,March,11,18,2,5,2,0.0,0,BB,FRA,Online TA,TA/TO,0,0,0,A,C,0,No Deposit,240.0,0,Transient,37.8,0,2
Resort Hotel,1,201,2017,March,11,18,2,5,2,0.0,0,BB,FRA,Online TA,TA/TO,0,0,0,A,C,0,No Deposit,240.0,0,Transient,37.8,0,2
Resort Hotel,1,205,2017,March,11,18,2,5,2,0.0,0,BB,IRL,Online TA,TA/TO,0,0,0,A,A,0,No Deposit,240.0,0,Transient,37.8,0,1
Resort Hotel,1,74,2017,March,11,18,2,5,2,0.0,0,HB,PRT,Online TA,TA/TO,0,0,0,D,D,1,No Deposit,468.0,0,Transient,80.0,0,0
Resort Hotel,1,309,2017,March,11,18,4,10,2,0.0,0,HB,GBR,Online TA,TA/TO,0,0,0,E,E,0,No Deposit,240.0,0,Transient,84.6,0,0
Resort Hotel,1,283,2017,March,12,19,1,0,2,0.0,0,BB,CN,Direct,Direct,0,0,0,D,D,0,No Deposit,250.0,0,Transient,63.3,0,0
Resort Hotel,1,320,2017,March,12,19,1,0,2,0.0,0,BB,MDV,Online TA,TA/TO,0,0,0,A,A,0,No Deposit,240.0,0,Transient,37.8,0,2
Resort Hotel,1,216,2017,March,12,19,2,2,2,0.0,0,BB,PRT,Online TA,TA/TO,0,0,0,A,A,0,No Deposit,147.0,0,Transient,30.24,0,0
Resort Hotel,1,96,2017,March,12,19,2,5,2,0.0,0,BB,PRT,Groups,TA/TO,0,0,0,A,C,1,No Deposit,177.0,0,Transient-Party,34.0,0,0
Resort Hotel,1,12,2017,March,12,19,2,5,2,0.0,0,BB,PRT,Groups,TA/TO,0,0,0,A,A,0,No Deposit,177.0,0,Transient-Party,34.0,0,0
Resort Hotel,1,6,2017,March,12,20,1,2,2,0.0,0,BB,PRT,Online TA,TA/TO,0,0,0,D,D,0,No Deposit,240.0,0,Transient,75.0,0,3
Resort Hotel,1,61,2017,March,12,22,0,3,2,0.0,0,BB,CN,Online TA,TA/TO,0,0,0,D,D,0,No Deposit,240.0,0,Transient,70.0,0,0
Resort Hotel,1,98,2017,March,12,22,2,7,2,0.0,0,BB,BRA,Online TA,TA/TO,0,0,0,A,A,0,No Deposit,240.0,0,Transient,57.33,0,1
Resort Hotel,1,40,2017,March,12,23,0,2,2,0.0,0,HB,ESP,Online TA,TA/TO,0,0,0,D,D,0,No Deposit,240.0,0,Transient,100.0,0,1
Resort Hotel,1,123,2017,March,12,23,4,10,2,0.0,0,BB,GBR,Online TA,TA/TO,0,0,0,D,D,0,No Deposit,240.0,0,Transient,66.21,0,1
Resort Hotel,1,340,2017,March,12,24,0,2,2,0.0,0,BB,PRT,Groups,TA/TO,0,0,0,A,A,0,Non Refund,11.0,0,Transient,30.0,0,0
Resort Hotel,1,39,2017,March,12,24,0,2,2,0.0,0,BB,ESP,Online TA,TA/TO,0,0,0,E,E,0,No Deposit,240.0,0,Transient,80.0,0,1
Resort Hotel,1,350,2017,March,12,24,0,2,2,0.0,0,BB,PRT,Groups,TA/TO,0,0,0,A,A,0,Non Refund,11.0,0,Transient,30.0,0,0
Resort Hotel,1,350,2017,March,12,24,0,2,2,0.0,0,BB,PRT,Groups,TA/TO,0,0,0,A,A,0,Non Refund,11.0,0,Transient,30.0,0,0
Resort Hotel,1,340,2017,March,12,24,0,2,2,0.0,0,BB,PRT,Groups,TA/TO,0,0,0,A,A,0,Non Refund,11.0,0,Transient,30.0,0,0
Resort Hotel,1,350,2017,March,12,24,0,2,2,0.0,0,BB,PRT,Groups,TA/TO,0,0,0,A,A,0,Non Refund,11.0,0,Transient,30.0,0,0
Resort Hotel,1,350,2017,March,12,24,0,2,2,0.0,0,BB,PRT,Groups,TA/TO,0,0,0,A,A,0,Non Refund,11.0,0,Transient,30.0,0,0
Resort Hotel,1,350,2017,March,12,24,0,2,2,0.0,0,BB,PRT,Groups,TA/TO,0,0,0,A,A,0,Non Refund,11.0,0,Transient,30.0,0,0
Resort Hotel,1,350,2017,March,12,24,0,2,2,0.0,0,BB,PRT,Groups,TA/TO,0,0,0,A,A,0,Non Refund,11.0,0,Transient,30.0,0,0
Resort Hotel,1,350,2017,March,12,24,0,2,2,0.0,0,BB,PRT,Groups,TA/TO,0,0,0,A,A,0,Non Refund,11.0,0,Transient,30.0,0,0
Resort Hotel,1,340,2017,March,12,24,0,2,2,0.0,0,BB,PRT,Groups,TA/TO,0,0,0,A,A,0,Non Refund,11.0,0,Transient,30.0,0,0
Resort Hotel,1,350,2017,March,12,24,0,2,2,0.0,0,BB,PRT,Groups,TA/TO,0,0,0,A,A,0,Non Refund,11.0,0,Transient,30.0,0,0
Resort Hotel,1,340,2017,March,12,24,0,2,2,0.0,0,BB,PRT,Groups,TA/TO,0,0,0,A,A,0,Non Refund,11.0,0,Transient,30.0,0,0
Resort Hotel,1,350,2017,March,12,24,0,2,2,0.0,0,BB,PRT,Groups,TA/TO,0,0,0,A,A,0,Non Refund,11.0,0,Transient,30.0,0,0
Resort Hotel,1,350,2017,March,12,24,0,2,2,0.0,0,BB,PRT,Groups,TA/TO,0,0,0,A,A,0,Non Refund,11.0,0,Transient,30.0,0,0
Resort Hotel,1,350,2017,March,12,24,0,2,2,0.0,0,BB,PRT,Groups,TA/TO,0,0,0,A,A,0,Non Refund,11.0,0,Transient,30.0,0,0
Resort Hotel,1,350,2017,March,12,24,0,2,2,0.0,0,BB,PRT,Groups,TA/TO,0,0,0,A,A,0,Non Refund,11.0,0,Transient,30.0,0,0
Resort Hotel,1,214,2017,March,12,24,3,7,2,0.0,0,HB,PRT,Groups,TA/TO,0,0,0,D,D,0,No Deposit,273.0,0,Transient-Party,28.0,0,0
Resort Hotel,1,214,2017,March,12,24,3,7,2,0.0,0,HB,PRT,Groups,TA/TO,0,0,0,D,D,0,No Deposit,273.0,0,Transient-Party,28.0,0,0
Resort Hotel,1,13,2017,March,12,25,0,1,2,0.0,0,BB,PRT,Online TA,TA/TO,0,0,0,E,E,0,No Deposit,240.0,0,Transient,85.0,0,0
Resort Hotel,1,13,2017,March,12,25,0,1,2,0.0,0,BB,PRT,Online TA,TA/TO,0,0,0,E,E,0,No Deposit,240.0,0,Transient,85.0,0,0
Resort Hotel,1,226,2017,March,12,25,2,2,2,0.0,0,BB,PRT,Online TA,TA/TO,0,0,0,A,A,0,No Deposit,314.0,0,Transient,33.6,0,0
Resort Hotel,1,226,2017,March,12,25,2,2,2,0.0,0,BB,PRT,Online TA,TA/TO,0,0,0,A,A,0,No Deposit,314.0,0,Transient,33.6,0,0
Resort Hotel,1,105,2017,March,12,25,2,4,2,0.0,0,BB,GBR,Online TA,TA/TO,0,0,0,A,A,0,No Deposit,240.0,0,Transient,56.0,0,2
Resort Hotel,1,120,2017,March,12,25,2,4,2,0.0,0,BB,ZAF,Online TA,TA/TO,0,0,0,D,D,0,No Deposit,240.0,0,Transient,55.83,0,0
Resort Hotel,1,273,2017,March,12,25,2,5,2,0.0,0,BB,NLD,Online TA,TA/TO,0,0,0,A,A,0,No Deposit,240.0,0,Transient,37.8,0,0
Resort Hotel,1,273,2017,March,12,25,2,5,2,0.0,0,BB,NLD,Online TA,TA/TO,0,0,0,A,A,0,No Deposit,240.0,0,Transient,37.8,0,0
Resort Hotel,1,273,2017,March,12,25,2,5,2,0.0,0,BB,NLD,Online TA,TA/TO,0,0,0,A,A,0,No Deposit,240.0,0,Transient,37.8,0,0
Resort Hotel,1,11,2017,March,13,26,2,4,2,0.0,0,BB,PRT,Online TA,TA/TO,0,0,0,E,E,1,No Deposit,314.0,0,Transient,44.64,0,0
Resort Hotel,1,182,2017,March,13,26,4,6,2,0.0,0,BB,GBR,Online TA,TA/TO,0,0,0,A,A,0,No Deposit,240.0,0,Transient,44.7,0,2
Resort Hotel,1,103,2017,March,13,27,1,1,2,0.0,0,BB,PRT,Groups,Corporate,0,0,0,D,D,0,Non Refund,495.0,0,Transient,65.0,0,0
Resort Hotel,1,103,2017,March,13,27,1,1,2,0.0,0,BB,PRT,Groups,Corporate,0,0,0,D,D,0,Non Refund,495.0,0,Transient,65.0,0,0
Resort Hotel,1,103,2017,March,13,27,1,1,2,0.0,0,BB,PRT,Groups,Corporate,0,0,0,D,D,0,Non Refund,495.0,0,Transient,65.0,0,0
Resort Hotel,1,103,2017,March,13,27,1,1,2,0.0,0,BB,PRT,Groups,Corporate,0,0,0,E,E,0,Non Refund,495.0,0,Transient,73.0,0,0
Resort Hotel,1,103,2017,March,13,27,1,1,2,0.0,0,BB,PRT,Groups,Corporate,0,0,0,E,E,0,Non Refund,495.0,0,Transient,73.0,0,0
Resort Hotel,1,103,2017,March,13,27,1,1,2,0.0,0,BB,PRT,Groups,Corporate,0,0,0,E,E,0,Non Refund,495.0,0,Transient,73.0,0,0
Resort Hotel,1,103,2017,March,13,27,1,1,2,0.0,0,BB,PRT,Groups,Corporate,0,0,0,D,D,0,Non Refund,495.0,0,Transient,65.0,0,0
Resort Hotel,1,103,2017,March,13,27,1,1,2,0.0,0,BB,PRT,Groups,Corporate,0,0,0,D,D,0,Non Refund,495.0,0,Transient,65.0,0,0
Resort Hotel,1,103,2017,March,13,27,1,1,2,0.0,0,BB,PRT,Groups,Corporate,0,0,0,E,E,0,Non Refund,495.0,0,Transient,73.0,0,0
Resort Hotel,1,103,2017,March,13,27,1,1,2,0.0,0,BB,PRT,Groups,Corporate,0,0,0,E,E,0,Non Refund,495.0,0,Transient,73.0,0,0
Resort Hotel,1,103,2017,March,13,27,1,1,2,0.0,0,BB,PRT,Groups,Corporate,0,0,0,E,E,0,Non Refund,495.0,0,Transient,73.0,0,0
Resort Hotel,1,103,2017,March,13,27,1,1,2,0.0,0,BB,PRT,Groups,Corporate,0,0,0,D,D,0,Non Refund,495.0,0,Transient,65.0,0,0
Resort Hotel,1,103,2017,March,13,27,1,1,2,0.0,0,BB,PRT,Groups,Corporate,0,0,0,D,D,0,Non Refund,495.0,0,Transient,65.0,0,0
Resort Hotel,1,103,2017,March,13,27,1,1,2,0.0,0,BB,PRT,Groups,Corporate,0,0,0,E,E,0,Non Refund,495.0,0,Transient,73.0,0,0
Resort Hotel,1,103,2017,March,13,27,1,1,2,0.0,0,BB,PRT,Groups,Corporate,0,0,0,E,E,0,Non Refund,495.0,0,Transient,73.0,0,0
Resort Hotel,1,103,2017,March,13,27,1,1,2,0.0,0,BB,PRT,Groups,Corporate,0,0,0,E,E,0,Non Refund,495.0,0,Transient,73.0,0,0
Resort Hotel,1,103,2017,March,13,27,1,1,2,0.0,0,BB,PRT,Groups,Corporate,0,0,0,D,D,0,Non Refund,495.0,0,Transient,65.0,0,0
Resort Hotel,1,103,2017,March,13,27,1,1,2,0.0,0,BB,PRT,Groups,Corporate,0,0,0,D,D,0,Non Refund,495.0,0,Transient,65.0,0,0
Resort Hotel,1,103,2017,March,13,27,1,1,2,0.0,0,BB,PRT,Groups,Corporate,0,0,0,D,D,0,Non Refund,495.0,0,Transient,65.0,0,0
Resort Hotel,1,103,2017,March,13,27,1,1,2,0.0,0,BB,PRT,Groups,Corporate,0,0,0,E,E,0,Non Refund,495.0,0,Transient,73.0,0,0
Resort Hotel,1,103,2017,March,13,27,1,1,2,0.0,0,BB,PRT,Groups,Corporate,0,0,0,E,E,0,Non Refund,495.0,0,Transient,73.0,0,0
Resort Hotel,1,103,2017,March,13,27,1,1,2,0.0,0,BB,PRT,Groups,Corporate,0,0,0,D,D,0,Non Refund,495.0,0,Transient,65.0,0,0
Resort Hotel,1,103,2017,March,13,27,1,1,2,0.0,0,BB,PRT,Groups,Corporate,0,0,0,D,D,0,Non Refund,495.0,0,Transient,65.0,0,0
Resort Hotel,1,103,2017,March,13,27,1,1,2,0.0,0,BB,PRT,Groups,Corporate,0,0,0,E,E,0,Non Refund,495.0,0,Transient,73.0,0,0
Resort Hotel,1,103,2017,March,13,27,1,1,2,0.0,0,BB,PRT,Groups,Corporate,0,0,0,E,E,0,Non Refund,495.0,0,Transient,73.0,0,0
Resort Hotel,1,103,2017,March,13,27,1,1,2,0.0,0,BB,PRT,Groups,Corporate,0,0,0,E,E,0,Non Refund,495.0,0,Transient,73.0,0,0
Resort Hotel,1,103,2017,March,13,27,1,1,2,0.0,0,BB,PRT,Groups,Corporate,0,0,0,D,D,0,Non Refund,495.0,0,Transient,65.0,0,0
Resort Hotel,1,103,2017,March,13,27,1,1,2,0.0,0,BB,PRT,Groups,Corporate,0,0,0,D,D,0,Non Refund,495.0,0,Transient,65.0,0,0
Resort Hotel,1,103,2017,March,13,27,1,1,2,0.0,0,BB,PRT,Groups,Corporate,0,0,0,E,E,0,Non Refund,495.0,0,Transient,73.0,0,0
Resort Hotel,1,103,2017,March,13,27,1,1,2,0.0,0,BB,PRT,Groups,Corporate,0,0,0,E,E,0,Non Refund,495.0,0,Transient,73.0,0,0
Resort Hotel,1,103,2017,March,13,27,1,1,2,0.0,0,BB,PRT,Groups,Corporate,0,0,0,D,D,0,Non Refund,495.0,0,Transient,65.0,0,0
Resort Hotel,1,103,2017,March,13,27,1,1,2,0.0,0,BB,PRT,Groups,Corporate,0,0,0,D,D,0,Non Refund,495.0,0,Transient,65.0,0,0
Resort Hotel,1,103,2017,March,13,27,1,1,2,0.0,0,BB,PRT,Groups,Corporate,0,0,0,D,D,0,Non Refund,495.0,0,Transient,65.0,0,0
Resort Hotel,1,103,2017,March,13,27,1,1,2,0.0,0,BB,PRT,Groups,Corporate,0,0,0,E,E,0,Non Refund,495.0,0,Transient,73.0,0,0
Resort Hotel,1,103,2017,March,13,27,1,1,2,0.0,0,BB,PRT,Groups,Corporate,0,0,0,E,E,0,Non Refund,495.0,0,Transient,73.0,0,0
Resort Hotel,1,103,2017,March,13,27,1,1,2,0.0,0,BB,PRT,Groups,Corporate,0,0,0,D,D,0,Non Refund,495.0,0,Transient,65.0,0,0
Resort Hotel,1,103,2017,March,13,27,1,1,2,0.0,0,BB,PRT,Groups,Corporate,0,0,0,D,D,0,Non Refund,495.0,0,Transient,65.0,0,0
Resort Hotel,1,103,2017,March,13,27,1,1,2,0.0,0,BB,PRT,Groups,Corporate,0,0,0,D,D,0,Non Refund,495.0,0,Transient,65.0,0,0
Resort Hotel,1,103,2017,March,13,27,1,1,2,0.0,0,BB,PRT,Groups,Corporate,0,0,0,E,E,0,Non Refund,495.0,0,Transient,73.0,0,0
Resort Hotel,1,103,2017,March,13,27,1,1,2,0.0,0,BB,PRT,Groups,Corporate,0,0,0,E,E,0,Non Refund,495.0,0,Transient,73.0,0,0
Resort Hotel,1,103,2017,March,13,27,1,1,2,0.0,0,BB,PRT,Groups,Corporate,0,0,0,E,E,0,Non Refund,495.0,0,Transient,73.0,0,0
Resort Hotel,1,34,2017,March,13,27,1,3,2,0.0,0,BB,FRA,Online TA,TA/TO,0,0,0,D,D,0,No Deposit,240.0,0,Transient,68.0,0,0
Resort Hotel,1,21,2017,March,13,27,1,5,2,0.0,0,BB,DEU,Online TA,TA/TO,0,0,0,D,D,0,No Deposit,240.0,0,Transient,77.5,0,2
Resort Hotel,1,136,2017,March,13,27,1,5,2,0.0,0,BB,ESP,Online TA,TA/TO,0,0,0,A,A,0,No Deposit,240.0,0,Transient,45.0,0,2
Resort Hotel,1,176,2017,March,13,27,2,5,2,0.0,0,BB,GBR,Online TA,TA/TO,0,0,0,A,A,0,No Deposit,240.0,0,Transient,43.03,0,0
Resort Hotel,1,54,2017,March,13,28,0,2,2,0.0,0,HB,BRA,Online TA,TA/TO,0,0,0,A,A,0,No Deposit,240.0,0,Transient,92.0,0,0
Resort Hotel,1,180,2017,March,13,28,0,4,2,0.0,0,BB,FIN,Online TA,TA/TO,0,0,0,E,E,3,No Deposit,240.0,0,Transient,55.8,0,1
Resort Hotel,1,63,2017,March,13,28,2,5,2,0.0,0,BB,DEU,Online TA,TA/TO,0,0,0,A,A,0,No Deposit,240.0,0,Transient,49.71,0,0
Resort Hotel,1,192,2017,March,13,28,2,5,2,0.0,0,BB,PRT,Online TA,TA/TO,0,0,0,A,A,0,No Deposit,242.0,0,Transient,47.14,0,0
Resort Hotel,1,60,2017,March,13,28,2,5,2,0.0,0,BB,PRT,Offline TA/TO,TA/TO,0,0,0,A,A,0,No Deposit,95.0,0,Transient,37.95,0,0
Resort Hotel,1,40,2017,March,13,28,2,6,2,0.0,0,BB,GBR,Online TA,TA/TO,0,0,0,A,A,0,No Deposit,240.0,0,Transient,65.0,0,0
Resort Hotel,1,118,2017,March,13,29,0,1,2,0.0,0,HB,CHN,Online TA,TA/TO,0,0,0,A,A,2,No Deposit,240.0,0,Transient,78.0,0,0
Resort Hotel,1,0,2017,March,13,29,0,1,2,0.0,0,BB,PRT,Direct,Direct,0,0,0,A,A,0,No Deposit,,0,Transient,8.0,0,0
Resort Hotel,1,72,2017,March,13,29,0,1,2,0.0,0,BB,FRA,Online TA,TA/TO,0,0,0,D,D,0,No Deposit,240.0,0,Transient,78.0,0,0
Resort Hotel,1,25,2017,March,13,29,0,2,2,0.0,0,BB,FRA,Online TA,TA/TO,0,0,0,A,D,0,No Deposit,240.0,0,Transient,65.0,0,2
Resort Hotel,1,113,2017,March,13,29,0,4,2,0.0,0,BB,PRT,Offline TA/TO,TA/TO,0,0,0,A,A,0,No Deposit,6.0,0,Transient,37.5,0,0
Resort Hotel,1,175,2017,March,13,29,0,4,2,0.0,0,BB,PRT,Online TA,TA/TO,0,0,0,A,A,0,No Deposit,240.0,0,Transient,41.85,0,1
Resort Hotel,1,50,2017,March,13,29,2,4,2,0.0,0,BB,NLD,Online TA,TA/TO,0,0,0,A,A,0,No Deposit,240.0,0,Transient,60.0,0,1
Resort Hotel,1,66,2017,March,13,30,0,3,2,0.0,0,BB,POL,Direct,Direct,0,0,0,F,F,0,No Deposit,250.0,0,Transient,80.07,0,0
Resort Hotel,1,47,2017,March,13,30,0,3,2,0.0,0,BB,POL,Online TA,TA/TO,0,0,0,D,D,0,No Deposit,240.0,0,Transient,70.33,0,1
Resort Hotel,1,156,2017,March,13,30,0,3,2,0.0,0,BB,CN,Direct,Direct,0,0,0,D,D,2,No Deposit,250.0,0,Transient,53.7,0,0
Resort Hotel,1,30,2017,March,13,30,1,3,2,0.0,0,BB,FRA,Online TA,TA/TO,0,0,0,A,A,0,No Deposit,240.0,0,Transient,65.0,0,2
Resort Hotel,1,47,2017,March,13,30,2,5,2,0.0,0,BB,NOR,Online TA,TA/TO,0,0,0,A,A,0,No Deposit,240.0,0,Transient,60.0,0,1
Resort Hotel,1,57,2017,March,13,31,0,2,2,0.0,0,BB,ESP,Online TA,TA/TO,0,0,0,A,A,0,No Deposit,240.0,0,Transient,60.0,0,0
Resort Hotel,1,27,2017,March,13,31,0,2,2,0.0,0,BB,ESP,Online TA,TA/TO,0,0,0,A,A,0,No Deposit,240.0,0,Transient,70.0,0,1
Resort Hotel,1,23,2017,March,13,31,0,2,2,0.0,0,BB,GBR,Online TA,TA/TO,0,0,0,A,A,0,No Deposit,240.0,0,Transient,70.0,0,0
Resort Hotel,1,24,2017,March,13,31,0,2,2,0.0,0,BB,ESP,Online TA,TA/TO,0,0,0,A,A,0,No Deposit,240.0,0,Transient,70.0,0,1
Resort Hotel,1,64,2017,March,13,31,1,2,2,0.0,0,BB,GBR,Online TA,TA/TO,0,0,0,A,A,0,No Deposit,240.0,0,Transient,48.0,0,2
Resort Hotel,1,27,2017,March,13,31,2,2,2,0.0,0,BB,GBR,Online TA,TA/TO,0,0,0,A,A,0,No Deposit,240.0,0,Transient,72.5,0,1
Resort Hotel,1,145,2017,March,13,31,2,2,2,0.0,0,BB,GBR,Online TA,TA/TO,0,0,0,D,D,0,No Deposit,240.0,0,Transient,69.25,0,2
Resort Hotel,1,32,2017,March,13,31,2,3,2,0.0,0,HB,GBR,Online TA,TA/TO,0,0,0,D,D,0,No Deposit,240.0,0,Transient,113.6,0,2
Resort Hotel,1,162,2017,March,13,31,2,5,2,0.0,0,BB,GBR,Online TA,TA/TO,0,0,0,D,D,0,No Deposit,240.0,0,Transient,67.43,0,0
Resort Hotel,1,69,2017,March,13,31,2,6,2,0.0,0,BB,POL,Online TA,TA/TO,0,0,0,E,E,0,No Deposit,240.0,0,Transient,86.88,0,1
Resort Hotel,1,63,2017,April,13,1,0,1,2,0.0,0,BB,PRT,Online TA,TA/TO,0,0,0,A,A,0,No Deposit,240.0,0,Transient,48.0,0,1
Resort Hotel,1,35,2017,April,13,1,2,4,2,0.0,0,BB,BEL,Online TA,TA/TO,0,0,0,A,A,0,No Deposit,240.0,0,Transient,70.0,0,1
Resort Hotel,1,48,2017,April,13,1,2,5,2,0.0,0,BB,GBR,Direct,Direct,0,0,0,D,D,0,No Deposit,250.0,0,Transient,70.0,0,0
Resort Hotel,1,177,2017,April,13,1,2,5,2,0.0,0,BB,IRL,Online TA,TA/TO,0,0,0,A,A,0,No Deposit,240.0,0,Transient,71.57,0,0
Resort Hotel,1,174,2017,April,13,1,2,5,2,0.0,0,BB,GBR,Online TA,TA/TO,0,0,0,A,A,0,No Deposit,240.0,0,Transient,56.57,0,2
Resort Hotel,1,57,2017,April,13,1,2,6,2,0.0,0,HB,BEL,Online TA,TA/TO,0,0,0,A,A,0,No Deposit,240.0,0,Transient,93.88,0,1
Resort Hotel,1,82,2017,April,14,2,2,1,2,0.0,0,HB,DEU,Online TA,TA/TO,0,0,0,E,E,0,No Deposit,240.0,0,Transient,108.0,0,0
Resort Hotel,1,117,2017,April,14,2,2,1,2,0.0,0,BB,GBR,Online TA,TA/TO,0,0,0,D,D,0,No Deposit,240.0,0,Transient,63.0,0,1
Resort Hotel,1,38,2017,April,14,2,2,2,2,0.0,0,BB,NLD,Online TA,TA/TO,0,0,0,A,A,0,No Deposit,240.0,0,Transient,70.0,0,0
Resort Hotel,1,84,2017,April,14,2,2,2,2,0.0,0,HB,GBR,Online TA,TA/TO,0,0,0,E,E,0,No Deposit,240.0,0,Transient,114.75,0,2
Resort Hotel,1,38,2017,April,14,2,2,2,2,0.0,0,BB,NLD,Online TA,TA/TO,0,0,0,A,A,0,No Deposit,240.0,0,Transient,70.0,0,0
Resort Hotel,1,255,2017,April,14,3,1,0,2,0.0,0,BB,USA,Online TA,TA/TO,0,0,0,A,A,0,No Deposit,240.0,0,Transient,54.0,0,2
Resort Hotel,1,55,2017,April,14,3,1,3,2,0.0,0,BB,FRA,Online TA,TA/TO,0,0,0,A,A,0,No Deposit,240.0,0,Transient,60.0,0,1
Resort Hotel,1,26,2017,April,14,3,1,3,2,0.0,0,BB,GBR,Online TA,TA/TO,0,0,0,D,D,0,No Deposit,175.0,0,Transient,72.0,0,0
Resort Hotel,1,364,2017,April,14,3,1,3,2,0.0,0,BB,PRT,Online TA,TA/TO,0,0,0,D,D,0,No Deposit,147.0,0,Transient,195.98,0,0
Resort Hotel,1,255,2017,April,14,3,3,7,2,0.0,0,BB,GBR,Online TA,TA/TO,0,0,0,D,D,0,No Deposit,240.0,0,Transient,67.5,0,0
Resort Hotel,1,255,2017,April,14,3,3,7,2,0.0,0,BB,GBR,Online TA,TA/TO,0,0,0,D,D,0,No Deposit,240.0,0,Transient,67.5,0,0
Resort Hotel,1,255,2017,April,14,3,3,7,2,0.0,0,BB,GBR,Online TA,TA/TO,0,0,0,D,D,0,No Deposit,240.0,0,Transient,67.5,0,0
Resort Hotel,1,273,2017,April,14,3,1,5,2,0.0,0,BB,PRT,Online TA,TA/TO,0,0,0,D,D,0,No Deposit,147.0,0,Transient,81.18,0,0
Resort Hotel,1,48,2017,April,14,4,0,1,2,0.0,0,BB,GBR,Online TA,TA/TO,0,0,0,A,A,0,No Deposit,240.0,0,Transient,70.0,0,0
Resort Hotel,1,26,2017,April,14,4,0,4,2,0.0,0,BB,RUS,Online TA,TA/TO,0,0,0,E,E,0,No Deposit,240.0,0,Transient,105.0,0,0
Resort Hotel,1,121,2017,April,14,4,0,4,2,0.0,0,BB,GBR,Online TA,TA/TO,0,0,0,D,D,0,No Deposit,240.0,0,Transient,83.25,0,1
Resort Hotel,1,240,2017,April,14,4,2,5,2,0.0,0,BB,BEL,Online TA,TA/TO,0,0,0,A,A,2,No Deposit,240.0,0,Transient-Party,57.43,0,1
Resort Hotel,1,192,2017,April,14,4,2,5,2,0.0,0,BB,USA,Online TA,TA/TO,0,0,0,D,D,0,No Deposit,240.0,0,Transient,68.57,0,1
Resort Hotel,1,205,2017,April,14,5,0,1,2,0.0,0,BB,GBR,Online TA,TA/TO,0,0,0,E,E,0,No Deposit,240.0,0,Transient,81.0,0,1
Resort Hotel,1,46,2017,April,14,5,0,2,2,0.0,0,BB,ESP,Online TA,TA/TO,0,0,0,A,A,0,No Deposit,240.0,0,Transient,70.0,0,0
Resort Hotel,1,152,2017,April,14,5,0,4,2,0.0,0,BB,PRT,Groups,TA/TO,0,0,0,D,E,1,No Deposit,,0,Transient-Party,60.0,0,0
Resort Hotel,1,226,2017,April,14,5,0,4,2,0.0,0,BB,GBR,Online TA,TA/TO,0,0,0,D,D,0,No Deposit,240.0,0,Transient,67.5,0,0
Resort Hotel,1,59,2017,April,14,5,0,4,2,0.0,0,BB,GBR,Online TA,TA/TO,0,0,0,A,A,0,No Deposit,240.0,0,Transient,63.75,0,0
Resort Hotel,1,52,2017,April,14,5,0,4,2,0.0,0,BB,PRT,Online TA,TA/TO,0,0,0,E,E,0,No Deposit,240.0,0,Transient,93.75,0,0
Resort Hotel,1,57,2017,April,14,5,0,4,2,0.0,0,BB,GBR,Online TA,TA/TO,0,0,0,E,E,0,No Deposit,240.0,0,Transient,93.75,0,1
Resort Hotel,1,152,2017,April,14,5,0,4,2,0.0,0,BB,PRT,Groups,TA/TO,0,0,0,D,E,1,No Deposit,,0,Transient-Party,60.0,0,0
Resort Hotel,1,41,2017,April,14,5,2,5,2,0.0,0,BB,FRA,Online TA,TA/TO,0,0,0,A,A,0,No Deposit,240.0,0,Transient,72.86,0,1
Resort Hotel,1,175,2017,April,14,6,0,3,2,0.0,0,BB,IRL,Online TA,TA/TO,0,0,0,A,A,0,No Deposit,240.0,0,Transient,60.0,0,0
Resort Hotel,1,175,2017,April,14,6,0,3,2,0.0,0,BB,IRL,Online TA,TA/TO,0,0,0,A,A,0,No Deposit,240.0,0,Transient,60.0,0,0
Resort Hotel,1,10,2017,April,14,6,0,3,2,0.0,0,BB,GBR,Direct,Direct,0,0,0,F,F,0,No Deposit,250.0,0,Transient,162.0,0,0
Resort Hotel,1,175,2017,April,14,6,0,3,2,0.0,0,BB,IRL,Online TA,TA/TO,0,0,0,A,A,0,No Deposit,240.0,0,Transient,60.0,0,0
Resort Hotel,1,175,2017,April,14,6,0,3,2,0.0,0,BB,IRL,Online TA,TA/TO,0,0,0,A,A,0,No Deposit,240.0,0,Transient,60.0,0,0
Resort Hotel,1,22,2017,April,14,6,0,3,2,0.0,0,BB,PRT,Online TA,TA/TO,0,0,0,E,E,0,No Deposit,240.0,0,Transient,115.0,0,0
Resort Hotel,1,175,2017,April,14,6,0,3,2,0.0,0,BB,IRL,Online TA,TA/TO,0,0,0,A,A,0,No Deposit,240.0,0,Transient,60.0,0,0
Resort Hotel,1,175,2017,April,14,6,0,3,2,0.0,0,BB,IRL,Online TA,TA/TO,0,0,0,A,A,0,No Deposit,240.0,0,Transient,60.0,0,0
Resort Hotel,1,175,2017,April,14,6,0,3,2,0.0,0,BB,IRL,Online TA,TA/TO,0,0,0,A,C,1,No Deposit,240.0,0,Transient,60.0,0,0
Resort Hotel,1,84,2017,April,14,6,2,5,2,0.0,0,Undefined,ESP,Direct,Direct,0,0,0,G,G,0,No Deposit,250.0,0,Transient,206.5,0,0
Resort Hotel,1,0,2017,April,14,7,0,1,2,0.0,0,BB,PRT,Online TA,TA/TO,0,0,0,E,E,0,No Deposit,240.0,0,Transient,115.0,0,0
Resort Hotel,1,53,2017,April,14,7,2,5,2,0.0,0,HB,FRA,Online TA,TA/TO,0,0,0,E,E,0,No Deposit,240.0,0,Transient,137.71,0,0
Resort Hotel,1,53,2017,April,14,7,2,5,2,0.0,0,HB,FRA,Online TA,TA/TO,0,0,0,E,E,0,No Deposit,240.0,0,Transient,137.71,0,0
Resort Hotel,1,223,2017,April,14,7,2,4,2,0.0,0,HB,FRA,Online TA,TA/TO,0,0,0,D,D,0,No Deposit,240.0,0,Transient,96.0,0,2
Resort Hotel,1,24,2017,April,14,8,0,1,2,0.0,0,HB,PRT,Online TA,TA/TO,0,0,0,E,F,0,No Deposit,240.0,0,Transient,147.0,0,1
Resort Hotel,1,155,2017,April,14,8,0,1,2,0.0,0,BB,PRT,Groups,TA/TO,0,0,0,D,D,3,No Deposit,,0,Transient-Party,60.0,0,0
Resort Hotel,1,45,2017,April,14,8,2,2,2,0.0,0,HB,ESP,Online TA,TA/TO,0,0,0,E,E,1,No Deposit,240.0,0,Transient,137.0,0,1
Resort Hotel,1,45,2017,April,14,8,2,2,2,0.0,0,HB,ESP,Online TA,TA/TO,0,0,0,E,E,1,No Deposit,240.0,0,Transient,137.0,0,1
Resort Hotel,1,58,2017,April,14,8,2,2,2,0.0,0,BB,GBR,Online TA,TA/TO,0,0,0,E,E,0,No Deposit,240.0,0,Transient,105.0,0,1
Resort Hotel,1,32,2017,April,14,8,2,4,2,0.0,0,BB,DEU,Online TA,TA/TO,0,0,0,E,E,0,No Deposit,240.0,0,Transient,110.0,0,0
Resort Hotel,1,313,2017,April,14,8,2,5,2,0.0,0,BB,PRT,Groups,TA/TO,0,0,0,A,A,0,No Deposit,298.0,0,Transient-Party,48.0,0,0
Resort Hotel,1,351,2017,April,14,8,2,5,2,0.0,0,HB,PRT,Groups,TA/TO,0,0,0,D,D,0,No Deposit,298.0,0,Transient-Party,82.0,0,0
Resort Hotel,1,60,2017,April,14,8,2,5,2,0.0,0,HB,PRT,Offline TA/TO,TA/TO,0,0,0,A,A,0,No Deposit,134.0,0,Transient,76.0,0,0
Resort Hotel,1,313,2017,April,14,8,2,5,2,0.0,0,BB,PRT,Groups,TA/TO,0,0,0,A,A,0,No Deposit,298.0,0,Transient-Party,48.0,0,0
Resort Hotel,1,313,2017,April,14,8,2,5,2,0.0,0,BB,PRT,Groups,TA/TO,0,0,0,A,A,0,No Deposit,298.0,0,Transient-Party,48.0,0,0
Resort Hotel,1,351,2017,April,14,8,2,5,2,0.0,0,HB,PRT,Groups,TA/TO,0,0,0,D,D,0,No Deposit,298.0,0,Transient-Party,82.0,0,0
Resort Hotel,1,313,2017,April,14,8,2,5,2,0.0,0,BB,PRT,Groups,TA/TO,0,0,0,A,A,0,No Deposit,298.0,0,Transient-Party,48.0,0,0
Resort Hotel,1,313,2017,April,14,8,2,5,2,0.0,0,BB,PRT,Groups,TA/TO,0,0,0,A,A,0,No Deposit,298.0,0,Transient-Party,48.0,0,0
Resort Hotel,1,351,2017,April,14,8,2,5,2,0.0,0,HB,PRT,Groups,TA/TO,0,0,0,D,D,0,No Deposit,298.0,0,Transient-Party,82.0,0,0
Resort Hotel,1,351,2017,April,14,8,2,5,2,0.0,0,HB,PRT,Groups,TA/TO,0,0,0,D,D,0,No Deposit,298.0,0,Transient-Party,82.0,0,0
Resort Hotel,1,351,2017,April,14,8,2,5,2,0.0,0,HB,PRT,Groups,TA/TO,0,0,0,D,D,0,No Deposit,298.0,0,Transient-Party,82.0,0,0
Resort Hotel,1,351,2017,April,14,8,2,5,2,0.0,0,HB,PRT,Groups,TA/TO,0,0,0,D,D,0,No Deposit,298.0,0,Transient-Party,82.0,0,0
Resort Hotel,1,233,2017,April,14,8,2,6,2,0.0,0,BB,DEU,Online TA,TA/TO,0,0,0,A,A,0,No Deposit,240.0,0,Transient,62.34,0,1
Resort Hotel,1,233,2017,April,14,8,2,6,2,0.0,0,BB,DEU,Online TA,TA/TO,0,0,0,A,A,0,No Deposit,240.0,0,Transient,62.34,0,1
Resort Hotel,1,70,2017,April,14,8,2,5,2,0.0,0,BB,FRA,Online TA,TA/TO,0,0,0,A,A,0,No Deposit,240.0,0,Transient,77.86,0,0
Resort Hotel,1,351,2017,April,14,8,2,5,2,0.0,0,HB,PRT,Groups,TA/TO,0,0,0,D,D,0,No Deposit,298.0,0,Transient-Party,82.0,0,0
Resort Hotel,1,200,2017,April,14,8,4,6,2,0.0,0,BB,DEU,Online TA,TA/TO,0,0,0,D,E,1,No Deposit,240.0,0,Transient,74.46,0,2
Resort Hotel,1,3,2017,April,15,9,1,0,2,0.0,0,BB,PRT,Corporate,Direct,0,0,0,A,F,0,Non Refund,,0,Transient,100.0,0,0
Resort Hotel,1,210,2017,April,15,9,1,0,2,0.0,0,BB,PRT,Online TA,TA/TO,0,0,0,A,A,0,No Deposit,5.0,0,Transient,43.2,0,0
Resort Hotel,1,79,2017,April,15,9,1,0,2,0.0,0,BB,GBR,Direct,Direct,0,0,0,F,F,0,No Deposit,,0,Transient,79.2,0,0
Resort Hotel,1,212,2017,April,15,9,2,0,2,0.0,0,BB,PRT,Online TA,TA/TO,0,0,0,A,A,0,No Deposit,5.0,0,Transient,43.2,0,0
Resort Hotel,1,3,2017,April,15,9,2,1,2,0.0,0,BB,PRT,Corporate,Direct,0,0,0,A,F,0,Non Refund,,0,Transient,100.0,0,0
Resort Hotel,1,68,2017,April,15,9,2,2,2,0.0,0,BB,GBR,Online TA,TA/TO,0,0,0,D,D,0,No Deposit,240.0,0,Transient,90.0,0,0
Resort Hotel,1,124,2017,April,15,9,2,5,2,0.0,0,HB,PRT,Groups,TA/TO,0,0,0,A,A,0,Non Refund,492.0,0,Transient,80.0,0,0
Resort Hotel,1,124,2017,April,15,9,2,5,2,0.0,0,HB,PRT,Groups,TA/TO,0,0,0,A,A,0,Non Refund,492.0,0,Transient,80.0,0,0
Resort Hotel,1,124,2017,April,15,9,2,5,2,0.0,0,HB,PRT,Groups,TA/TO,0,0,0,A,C,1,Non Refund,492.0,0,Transient,80.0,0,0
Resort Hotel,1,124,2017,April,15,9,2,5,2,0.0,0,HB,PRT,Groups,TA/TO,0,0,0,E,E,0,Non Refund,492.0,0,Transient,105.0,0,0
Resort Hotel,1,124,2017,April,15,9,2,5,2,0.0,0,HB,PRT,Groups,TA/TO,0,0,0,A,A,0,Non Refund,492.0,0,Transient,80.0,0,0
Resort Hotel,1,124,2017,April,15,9,2,5,2,0.0,0,HB,PRT,Groups,TA/TO,0,0,0,A,A,0,Non Refund,492.0,0,Transient,80.0,0,0
Resort Hotel,1,124,2017,April,15,9,2,5,2,0.0,0,HB,PRT,Groups,TA/TO,0,0,0,A,A,0,Non Refund,492.0,0,Transient,80.0,0,0
Resort Hotel,1,124,2017,April,15,9,2,5,2,0.0,0,HB,PRT,Groups,TA/TO,0,0,0,A,A,0,Non Refund,492.0,0,Transient,80.0,0,0
Resort Hotel,1,124,2017,April,15,9,2,5,2,0.0,0,HB,PRT,Groups,TA/TO,0,0,0,A,A,0,Non Refund,492.0,0,Transient,80.0,0,0
Resort Hotel,1,124,2017,April,15,9,2,5,2,0.0,0,HB,PRT,Groups,TA/TO,0,0,0,A,C,1,Non Refund,492.0,0,Transient,80.0,0,0
Resort Hotel,1,124,2017,April,15,9,2,5,2,0.0,0,HB,PRT,Groups,TA/TO,0,0,0,A,C,1,Non Refund,492.0,0,Transient,80.0,0,0
Resort Hotel,1,124,2017,April,15,9,2,5,2,0.0,0,HB,PRT,Groups,TA/TO,0,0,0,A,A,0,Non Refund,492.0,0,Transient,80.0,0,0
Resort Hotel,1,124,2017,April,15,9,2,5,2,0.0,0,HB,PRT,Groups,TA/TO,0,0,0,A,A,0,Non Refund,492.0,0,Transient,80.0,0,0
Resort Hotel,1,124,2017,April,15,9,2,5,2,0.0,0,HB,PRT,Groups,TA/TO,0,0,0,A,A,0,Non Refund,492.0,0,Transient,80.0,0,0
Resort Hotel,1,124,2017,April,15,9,2,5,2,0.0,0,HB,PRT,Groups,TA/TO,0,0,0,A,C,1,Non Refund,492.0,0,Transient,80.0,0,0
Resort Hotel,1,146,2017,April,15,9,2,5,2,0.0,0,HB,PRT,Groups,TA/TO,0,0,0,A,A,0,Non Refund,492.0,22,Transient,80.0,0,0
Resort Hotel,1,124,2017,April,15,9,2,5,2,0.0,0,HB,PRT,Groups,TA/TO,0,0,0,A,A,0,Non Refund,492.0,0,Transient,80.0,0,0
Resort Hotel,1,124,2017,April,15,9,2,5,2,0.0,0,HB,PRT,Groups,TA/TO,0,0,0,A,A,0,Non Refund,492.0,0,Transient,80.0,0,0
Resort Hotel,1,124,2017,April,15,9,2,5,2,0.0,0,HB,PRT,Groups,TA/TO,0,0,0,A,A,0,Non Refund,492.0,0,Transient,80.0,0,0
Resort Hotel,1,124,2017,April,15,9,2,5,2,0.0,0,HB,PRT,Groups,TA/TO,0,0,0,A,A,0,Non Refund,492.0,0,Transient,80.0,0,0
Resort Hotel,1,124,2017,April,15,9,2,5,2,0.0,0,HB,PRT,Groups,TA/TO,0,0,0,A,C,1,Non Refund,492.0,0,Transient,80.0,0,0
Resort Hotel,1,124,2017,April,15,9,2,5,2,0.0,0,HB,PRT,Groups,TA/TO,0,0,0,A,C,1,Non Refund,492.0,0,Transient,80.0,0,0
Resort Hotel,1,124,2017,April,15,9,2,5,2,0.0,0,HB,PRT,Groups,TA/TO,0,0,0,A,C,1,Non Refund,492.0,0,Transient,80.0,0,0
Resort Hotel,1,124,2017,April,15,9,2,5,2,0.0,0,HB,PRT,Groups,TA/TO,0,0,0,A,A,0,Non Refund,492.0,0,Transient,80.0,0,0
Resort Hotel,1,124,2017,April,15,9,2,5,2,0.0,0,HB,PRT,Groups,TA/TO,0,0,0,A,A,0,Non Refund,492.0,0,Transient,80.0,0,0
Resort Hotel,1,124,2017,April,15,9,2,5,2,0.0,0,HB,PRT,Groups,TA/TO,0,0,0,A,A,0,Non Refund,492.0,0,Transient,80.0,0,0
Resort Hotel,1,124,2017,April,15,9,2,5,2,0.0,0,HB,PRT,Groups,TA/TO,0,0,0,A,C,1,Non Refund,492.0,0,Transient,80.0,0,0
Resort Hotel,1,30,2017,April,15,9,2,5,2,0.0,0,BB,PRT,Offline TA/TO,TA/TO,0,0,0,D,D,0,No Deposit,11.0,0,Transient,60.0,0,0
Resort Hotel,1,216,2017,April,15,9,4,5,2,0.0,0,BB,GBR,Online TA,TA/TO,0,0,0,E,E,0,No Deposit,240.0,0,Transient,87.9,0,0
Resort Hotel,1,216,2017,April,15,9,4,5,2,0.0,0,BB,GBR,Online TA,TA/TO,0,0,0,E,E,0,No Deposit,240.0,0,Transient,87.9,0,0
Resort Hotel,1,188,2017,April,15,10,1,0,2,0.0,0,BB,PRT,Online TA,TA/TO,0,0,0,A,A,0,No Deposit,5.0,0,Transient,43.2,0,0
Resort Hotel,1,217,2017,April,15,10,1,1,2,0.0,0,HB,PRT,Online TA,TA/TO,0,0,0,A,A,1,No Deposit,314.0,0,Transient,71.2,0,0
Resort Hotel,1,214,2017,April,15,10,1,1,2,0.0,0,BB,PRT,Online TA,TA/TO,0,0,0,A,A,0,No Deposit,5.0,0,Transient,43.2,0,0
Resort Hotel,1,56,2017,April,15,10,1,2,2,0.0,0,BB,GBR,Online TA,TA/TO,0,0,0,A,A,0,No Deposit,240.0,0,Transient,75.0,0,1
Resort Hotel,1,54,2017,April,15,10,1,2,2,0.0,0,BB,GBR,Online TA,TA/TO,0,0,0,D,D,0,No Deposit,240.0,0,Transient,90.0,0,2
Resort Hotel,1,24,2017,April,15,10,1,3,2,0.0,0,BB,GBR,Online TA,TA/TO,0,0,0,E,E,0,No Deposit,240.0,0,Transient,121.25,0,1
Resort Hotel,1,62,2017,April,15,10,1,4,2,0.0,0,BB,ESP,Online TA,TA/TO,0,0,0,A,A,0,No Deposit,240.0,0,Transient,79.0,0,1
Resort Hotel,1,212,2017,April,15,10,3,6,2,0.0,0,BB,RUS,Online TA,TA/TO,0,0,0,D,D,0,No Deposit,240.0,0,Transient,76.9,0,1
Resort Hotel,1,39,2017,April,15,10,1,4,2,0.0,0,BB,ESP,Online TA,TA/TO,0,0,0,E,E,0,No Deposit,240.0,0,Transient,117.0,0,0
Resort Hotel,1,62,2017,April,15,10,1,4,2,0.0,0,BB,ESP,Online TA,TA/TO,0,0,0,D,D,0,No Deposit,240.0,0,Transient,94.0,0,1
Resort Hotel,1,5,2017,April,15,11,0,1,2,0.0,0,BB,PRT,Corporate,Direct,0,0,0,A,F,0,Non Refund,,0,Transient,100.0,0,0
Resort Hotel,1,70,2017,April,15,11,0,4,2,0.0,0,Undefined,ESP,Direct,Direct,0,0,0,A,A,1,No Deposit,250.0,0,Transient,128.8,0,1
Resort Hotel,1,51,2017,April,15,11,0,4,2,0.0,0,BB,ESP,Online TA,TA/TO,0,0,0,A,A,0,No Deposit,240.0,0,Transient,90.0,0,2
Resort Hotel,1,70,2017,April,15,11,0,4,2,0.0,0,BB,ESP,Online TA,TA/TO,0,0,0,A,A,0,No Deposit,240.0,0,Transient,80.0,0,1
Resort Hotel,1,70,2017,April,15,11,0,4,2,0.0,0,Undefined,ESP,Direct,Direct,0,0,0,A,A,1,No Deposit,250.0,0,Transient,128.8,0,1
Resort Hotel,1,70,2017,April,15,11,0,4,2,0.0,0,BB,ESP,Online TA,TA/TO,0,0,0,A,A,0,No Deposit,240.0,0,Transient,80.0,0,1
Resort Hotel,1,62,2017,April,15,11,0,5,2,0.0,0,HB,FRA,Online TA,TA/TO,0,0,0,D,D,0,No Deposit,240.0,0,Transient,128.0,0,0
Resort Hotel,1,76,2017,April,15,11,2,5,2,0.0,0,BB,GBR,Online TA,TA/TO,0,0,0,E,E,0,No Deposit,240.0,0,Transient,105.0,0,0
Resort Hotel,1,25,2017,April,15,11,2,7,2,0.0,0,BB,PRT,Direct,Direct,0,0,0,E,E,1,Refundable,250.0,0,Transient,115.5,0,1
Resort Hotel,1,25,2017,April,15,11,2,7,2,0.0,0,BB,PRT,Direct,Direct,0,0,0,E,E,1,No Deposit,250.0,0,Transient,115.5,0,1
Resort Hotel,1,220,2017,April,15,12,0,1,2,0.0,0,HB,ESP,Online TA,TA/TO,0,0,0,D,D,0,No Deposit,240.0,0,Transient,96.3,0,0
Resort Hotel,1,27,2017,April,15,12,0,2,2,0.0,0,BB,GBR,Online TA,TA/TO,0,0,0,A,A,0,No Deposit,240.0,0,Transient,102.5,0,1
Resort Hotel,1,50,2017,April,15,12,0,2,2,0.0,0,BB,ESP,Online TA,TA/TO,0,0,0,A,A,0,No Deposit,240.0,0,Transient,90.0,0,0
Resort Hotel,1,32,2017,April,15,12,0,2,2,0.0,0,BB,ESP,Online TA,TA/TO,0,0,0,D,D,0,No Deposit,240.0,0,Transient,105.0,0,3
Resort Hotel,1,77,2017,April,15,12,0,3,2,0.0,0,BB,ESP,Online TA,TA/TO,0,0,0,A,A,0,No Deposit,240.0,0,Transient,81.67,0,0
Resort Hotel,1,42,2017,April,15,12,0,4,2,0.0,0,BB,ESP,Online TA,TA/TO,0,0,0,A,A,0,No Deposit,240.0,0,Transient,97.5,0,2
Resort Hotel,1,141,2017,April,15,12,1,4,2,0.0,0,BB,ESP,Online TA,TA/TO,0,0,0,A,A,0,No Deposit,240.0,0,Transient,75.0,0,0
Resort Hotel,1,141,2017,April,15,12,1,4,2,0.0,0,BB,ESP,Online TA,TA/TO,0,0,0,A,A,0,No Deposit,240.0,0,Transient,75.0,0,0
Resort Hotel,1,95,2017,April,15,12,1,4,2,0.0,0,BB,SWE,Online TA,TA/TO,0,0,0,E,E,0,No Deposit,240.0,0,Transient,108.0,0,2
Resort Hotel,1,203,2017,April,15,12,2,5,2,0.0,0,BB,IRL,Online TA,TA/TO,0,0,0,D,D,0,No Deposit,240.0,0,Transient,81.0,0,0
Resort Hotel,1,66,2017,April,15,12,2,4,2,0.0,0,BB,NLD,Online TA,TA/TO,0,0,0,A,A,0,No Deposit,240.0,0,Transient,75.0,0,0
Resort Hotel,1,153,2017,April,15,13,0,2,2,0.0,0,BB,ESP,Online TA,TA/TO,0,0,0,A,A,0,No Deposit,240.0,0,Transient,60.0,0,2
Resort Hotel,1,63,2017,April,15,13,0,2,2,0.0,0,BB,GBR,Online TA,TA/TO,0,0,0,E,E,0,No Deposit,240.0,0,Transient,115.0,0,0
Resort Hotel,1,66,2017,April,15,13,0,3,2,0.0,0,HB,ESP,Online TA,TA/TO,0,0,0,D,D,0,No Deposit,240.0,0,Transient,132.0,0,0
Resort Hotel,1,134,2017,April,15,13,0,3,2,0.0,0,HB,PRT,Offline TA/TO,TA/TO,0,0,0,D,D,1,No Deposit,3.0,0,Transient-Party,95.4,0,1
Resort Hotel,1,73,2017,April,15,13,0,3,2,0.0,0,HB,ESP,Online TA,TA/TO,0,0,0,A,A,0,No Deposit,240.0,0,Transient,117.0,0,0
Resort Hotel,1,23,2017,April,15,13,0,3,2,0.0,0,HB,ESP,Online TA,TA/TO,0,0,0,A,A,0,No Deposit,240.0,0,Transient,152.0,0,1
Resort Hotel,1,66,2017,April,15,13,0,3,2,0.0,0,HB,ESP,Online TA,TA/TO,0,0,0,D,D,0,No Deposit,240.0,0,Transient,132.0,0,0
Resort Hotel,1,246,2017,April,15,13,0,3,2,0.0,0,BB,ESP,Online TA,TA/TO,0,0,0,E,E,0,No Deposit,240.0,0,Transient,101.7,0,1
Resort Hotel,1,134,2017,April,15,13,0,3,2,0.0,0,HB,PRT,Offline TA/TO,TA/TO,0,0,0,D,D,1,No Deposit,3.0,0,Transient-Party,95.4,0,1
Resort Hotel,1,32,2017,April,15,13,0,3,2,0.0,0,BB,ESP,Online TA,TA/TO,0,0,0,D,D,0,No Deposit,240.0,0,Transient,120.0,0,1
Resort Hotel,1,35,2017,April,15,13,0,3,2,0.0,0,HB,ESP,Online TA,TA/TO,0,0,0,E,E,0,No Deposit,240.0,0,Transient,167.0,0,3
Resort Hotel,1,43,2017,April,15,13,0,3,2,0.0,0,BB,ESP,Online TA,TA/TO,0,0,0,A,A,0,No Deposit,240.0,0,Transient,105.0,0,2
Resort Hotel,1,261,2017,April,15,13,0,3,2,0.0,0,BB,ESP,Online TA,TA/TO,0,0,0,A,A,0,No Deposit,240.0,0,Transient,74.25,0,0
Resort Hotel,1,35,2017,April,15,13,1,3,2,0.0,0,HB,PRT,Online TA,TA/TO,0,0,0,E,E,0,No Deposit,240.0,0,Transient,162.0,0,0
Resort Hotel,1,90,2017,April,15,13,1,3,2,0.0,0,BB,IRL,Online TA,TA/TO,0,0,0,E,E,0,No Deposit,240.0,0,Transient,108.75,0,2
Resort Hotel,1,43,2017,April,15,13,1,3,2,0.0,0,BB,GBR,Online TA,TA/TO,0,0,0,D,D,0,No Deposit,240.0,0,Transient,115.0,0,0
Resort Hotel,1,76,2017,April,15,13,1,3,2,0.0,0,BB,GBR,Online TA,TA/TO,0,0,0,A,A,0,No Deposit,240.0,0,Transient,78.75,0,1
Resort Hotel,1,167,2017,April,15,13,2,3,2,0.0,0,BB,CHE,Online TA,TA/TO,0,0,0,E,E,0,No Deposit,240.0,0,Transient,94.5,0,3
Resort Hotel,1,86,2017,April,15,13,2,3,2,0.0,0,HB,PRT,Online TA,TA/TO,0,0,0,D,D,0,No Deposit,241.0,0,Transient,93.94,0,0
Resort Hotel,1,72,2017,April,15,13,2,4,2,0.0,0,BB,GBR,Online TA,TA/TO,0,0,0,A,A,0,No Deposit,240.0,0,Transient,72.5,0,1
Resort Hotel,1,159,2017,April,15,13,2,5,2,0.0,0,BB,GBR,Online TA,TA/TO,0,0,0,A,A,0,No Deposit,240.0,0,Transient,60.0,0,2
Resort Hotel,1,227,2017,April,15,13,2,5,2,0.0,0,BB,GBR,Online TA,TA/TO,0,0,0,A,A,0,No Deposit,240.0,0,Transient,65.04,0,2
Resort Hotel,1,224,2017,April,15,13,2,5,2,0.0,0,BB,GBR,Online TA,TA/TO,0,0,0,A,A,0,No Deposit,240.0,0,Transient,65.04,0,2
Resort Hotel,1,161,2017,April,15,13,2,7,2,0.0,0,BB,NOR,Online TA,TA/TO,0,0,0,D,D,0,No Deposit,240.0,0,Transient,67.5,0,1
Resort Hotel,1,162,2017,April,15,13,2,7,2,0.0,0,BB,NOR,Online TA,TA/TO,0,0,0,E,E,5,No Deposit,240.0,0,Transient-Party,90.0,0,0
Resort Hotel,1,162,2017,April,15,13,2,7,2,0.0,0,BB,NOR,Online TA,TA/TO,0,0,0,E,E,5,No Deposit,240.0,0,Transient-Party,90.0,0,0
Resort Hotel,1,162,2017,April,15,13,2,7,2,0.0,0,BB,NOR,Online TA,TA/TO,0,0,0,E,E,6,No Deposit,240.0,0,Transient-Party,90.0,0,0
Resort Hotel,1,58,2017,April,15,14,0,1,2,0.0,0,BB,PRT,Offline TA/TO,TA/TO,0,0,0,D,D,0,No Deposit,251.0,0,Transient-Party,80.0,0,0
Resort Hotel,1,71,2017,April,15,14,0,1,2,0.0,0,HB,ESP,Online TA,TA/TO,0,0,0,A,A,0,No Deposit,240.0,0,Transient,117.0,0,2
Resort Hotel,1,58,2017,April,15,14,0,1,2,0.0,0,BB,PRT,Offline TA/TO,TA/TO,0,0,0,D,D,0,No Deposit,251.0,0,Transient-Party,80.0,0,0
Resort Hotel,1,43,2017,April,15,14,0,2,2,0.0,0,BB,PRT,Online TA,TA/TO,0,0,0,A,A,0,No Deposit,240.0,0,Transient,105.0,0,1
Resort Hotel,1,43,2017,April,15,14,0,2,2,0.0,0,BB,PRT,Online TA,TA/TO,0,0,0,A,A,0,No Deposit,240.0,0,Transient,105.0,0,1
Resort Hotel,1,43,2017,April,15,14,0,2,2,0.0,0,BB,PRT,Online TA,TA/TO,0,0,0,A,A,0,No Deposit,240.0,0,Transient,105.0,0,1
Resort Hotel,1,80,2017,April,15,14,1,2,2,0.0,0,BB,ESP,Online TA,TA/TO,0,0,0,A,A,0,No Deposit,240.0,0,Transient,76.67,0,0
Resort Hotel,1,186,2017,April,15,14,1,2,2,0.0,0,BB,PRT,Direct,Direct,0,0,0,A,A,0,No Deposit,,0,Transient-Party,76.67,0,1
Resort Hotel,1,172,2017,April,15,14,1,2,2,0.0,0,BB,ESP,Online TA,TA/TO,0,0,0,A,A,0,No Deposit,240.0,0,Transient,76.67,0,1
Resort Hotel,1,98,2017,April,15,14,1,2,2,0.0,0,BB,IRL,Online TA,TA/TO,0,0,0,E,E,0,No Deposit,240.0,0,Transient,106.67,0,0
Resort Hotel,1,72,2017,April,15,14,1,2,2,0.0,0,BB,ESP,Online TA,TA/TO,0,0,0,A,A,0,No Deposit,240.0,0,Transient,76.67,0,0
Resort Hotel,1,60,2017,April,15,14,1,2,2,0.0,0,BB,GBR,Online TA,TA/TO,0,0,0,D,D,0,No Deposit,240.0,0,Transient,91.67,0,1
Resort Hotel,1,55,2017,April,15,14,1,2,2,0.0,0,BB,USA,Online TA,TA/TO,0,0,0,A,A,0,No Deposit,240.0,0,Transient,98.33,0,0
Resort Hotel,1,79,2017,April,15,14,1,2,2,0.0,0,BB,GBR,Online TA,TA/TO,0,0,0,A,A,0,No Deposit,240.0,0,Transient,76.67,0,0
Resort Hotel,1,72,2017,April,15,14,1,2,2,0.0,0,BB,GBR,Online TA,TA/TO,0,0,0,A,A,0,No Deposit,240.0,0,Transient,76.67,0,0
Resort Hotel,1,70,2017,April,15,14,1,2,2,0.0,0,BB,BEL,Online TA,TA/TO,0,0,0,D,D,0,No Deposit,240.0,0,Transient,91.67,0,1
Resort Hotel,1,208,2017,April,15,14,1,2,2,0.0,0,BB,GBR,Online TA,TA/TO,0,0,0,E,E,0,No Deposit,240.0,0,Transient,94.8,0,2
Resort Hotel,1,87,2017,April,15,14,1,2,2,0.0,0,BB,PRT,Online TA,TA/TO,0,0,0,A,A,0,No Deposit,242.0,0,Transient,76.67,0,1
Resort Hotel,1,229,2017,April,15,14,1,2,2,0.0,0,BB,PRT,Online TA,TA/TO,0,0,0,A,A,2,No Deposit,240.0,0,Transient,70.25,0,1
Resort Hotel,1,75,2017,April,15,14,2,2,2,0.0,0,BB,GBR,Online TA,TA/TO,0,0,0,D,D,0,No Deposit,240.0,0,Transient,87.5,0,0
Resort Hotel,1,272,2017,April,15,14,2,2,2,0.0,0,BB,FIN,Online TA,TA/TO,0,0,0,E,E,0,No Deposit,240.0,0,Transient,91.35,0,0
Resort Hotel,1,102,2017,April,15,14,2,3,2,0.0,0,BB,GBR,Online TA,TA/TO,0,0,0,E,E,2,No Deposit,240.0,0,Transient,100.0,0,2
Resort Hotel,1,69,2017,April,15,14,2,3,2,0.0,0,BB,ESP,Online TA,TA/TO,0,0,0,A,A,0,No Deposit,240.0,0,Transient,70.0,0,2
Resort Hotel,1,46,2017,April,15,14,2,3,2,0.0,0,BB,GBR,Online TA,TA/TO,0,0,0,A,A,0,No Deposit,240.0,0,Transient,93.0,0,0
Resort Hotel,1,173,2017,April,15,14,2,4,2,0.0,0,BB,DEU,Online TA,TA/TO,0,0,0,E,E,0,No Deposit,240.0,0,Transient,94.5,0,3
Resort Hotel,1,173,2017,April,15,14,2,4,2,0.0,0,BB,DEU,Online TA,TA/TO,0,0,0,E,E,0,No Deposit,240.0,0,Transient,88.5,0,3
Resort Hotel,1,105,2017,April,15,14,2,5,2,0.0,0,BB,DEU,Online TA,TA/TO,0,0,0,E,E,0,No Deposit,240.0,0,Transient,97.14,0,0
Resort Hotel,1,267,2017,April,15,14,2,5,2,0.0,0,BB,IRL,Online TA,TA/TO,0,0,0,A,A,0,No Deposit,240.0,0,Transient,59.79,0,0
Resort Hotel,1,249,2017,April,15,14,2,5,2,0.0,0,BB,GBR,Online TA,TA/TO,0,0,0,A,A,0,No Deposit,240.0,0,Transient,59.79,0,0
Resort Hotel,1,267,2017,April,15,14,2,5,2,0.0,0,BB,IRL,Online TA,TA/TO,0,0,0,A,A,0,No Deposit,240.0,0,Transient,59.79,0,0
Resort Hotel,1,267,2017,April,15,14,2,5,2,0.0,0,BB,IRL,Online TA,TA/TO,0,0,0,A,A,0,No Deposit,240.0,0,Transient,59.79,0,0
Resort Hotel,1,119,2017,April,15,14,2,7,2,0.0,0,BB,IRL,Online TA,TA/TO,0,0,0,D,D,0,No Deposit,240.0,0,Transient,80.56,0,1
Resort Hotel,1,3,2017,April,15,15,0,1,2,0.0,0,BB,PRT,Direct,Direct,0,0,0,A,D,0,No Deposit,250.0,0,Transient,131.0,0,0
Resort Hotel,1,19,2017,April,15,15,0,1,2,0.0,0,BB,ESP,Online TA,TA/TO,0,0,0,A,A,0,No Deposit,240.0,0,Transient,120.0,0,1
Resort Hotel,1,102,2017,April,15,15,1,1,2,0.0,0,HB,PRT,Online TA,TA/TO,0,0,0,A,A,0,No Deposit,196.0,0,Transient,102.5,0,0
Resort Hotel,1,98,2017,April,15,15,1,1,2,0.0,0,BB,DEU,Online TA,TA/TO,0,0,0,A,A,0,No Deposit,240.0,0,Transient,72.5,0,2
Resort Hotel,1,10,2017,April,15,15,2,2,2,0.0,0,BB,PRT,Offline TA/TO,TA/TO,0,0,0,A,A,0,No Deposit,410.0,0,Transient,63.0,0,0
Resort Hotel,1,210,2017,April,15,15,2,3,2,0.0,0,BB,GBR,Online TA,TA/TO,0,0,0,E,E,0,No Deposit,240.0,0,Transient,85.14,0,0
Resort Hotel,1,98,2017,April,15,15,2,5,2,0.0,0,BB,PRT,Online TA,TA/TO,0,0,0,D,D,0,No Deposit,242.0,0,Transient,75.36,0,1
Resort Hotel,1,239,2017,April,15,15,2,5,2,0.0,0,BB,FRA,Online TA,TA/TO,0,0,0,A,A,0,No Deposit,240.0,0,Transient,56.89,0,1
Resort Hotel,1,93,2017,April,15,15,2,5,2,0.0,0,BB,GBR,Online TA,TA/TO,0,0,0,D,D,0,No Deposit,240.0,0,Transient,78.57,0,0
Resort Hotel,1,239,2017,April,15,15,2,5,2,0.0,0,BB,FRA,Online TA,TA/TO,0,0,0,A,A,0,No Deposit,240.0,0,Transient,56.89,0,1
Resort Hotel,1,125,2017,April,15,15,2,5,2,0.0,0,HB,HUN,Online TA,TA/TO,0,0,0,E,E,0,No Deposit,240.0,0,Transient,123.57,0,1
Resort Hotel,1,24,2017,April,16,16,1,0,2,0.0,0,BB,ESP,Online TA,TA/TO,0,0,0,A,A,0,No Deposit,240.0,0,Transient,85.0,0,0
Resort Hotel,1,184,2017,April,16,16,1,0,2,0.0,0,BB,PRT,Online TA,TA/TO,0,0,0,A,A,0,No Deposit,242.0,0,Transient,54.0,0,1
Resort Hotel,1,72,2017,April,16,16,2,3,2,0.0,0,BB,IRL,Online TA,TA/TO,0,0,0,D,D,0,No Deposit,240.0,0,Transient,75.0,0,1
Resort Hotel,1,116,2017,April,16,16,2,3,2,0.0,0,BB,ESP,Online TA,TA/TO,0,0,0,D,D,1,No Deposit,240.0,0,Transient,75.0,0,1
Resort Hotel,1,158,2017,April,16,16,2,4,2,0.0,0,BB,PRT,Direct,Direct,0,0,0,E,E,0,No Deposit,,0,Transient,70.8,0,1
Resort Hotel,1,179,2017,April,16,16,2,4,2,0.0,0,HB,FRA,Online TA,TA/TO,0,0,0,D,D,1,No Deposit,240.0,0,Transient,96.3,0,2
Resort Hotel,1,154,2017,April,16,16,2,5,2,0.0,0,BB,ESP,Online TA,TA/TO,0,0,0,A,A,0,No Deposit,240.0,0,Transient,60.0,0,1
Resort Hotel,1,131,2017,April,16,16,2,5,2,0.0,0,HB,PRT,Groups,TA/TO,0,0,0,A,C,1,No Deposit,493.0,0,Transient-Party,80.0,0,0
Resort Hotel,1,210,2017,April,16,16,2,5,2,0.0,0,BB,DNK,Online TA,TA/TO,0,0,0,E,E,2,No Deposit,240.0,0,Transient,84.21,0,2
Resort Hotel,1,95,2017,April,16,16,2,5,2,0.0,0,HB,PRT,Offline TA/TO,TA/TO,0,0,0,A,A,0,No Deposit,177.0,0,Transient,68.4,0,0
Resort Hotel,1,221,2017,April,16,16,2,5,2,0.0,0,BB,FRA,Online TA,TA/TO,0,0,0,A,A,0,No Deposit,240.0,0,Transient,60.0,0,2
Resort Hotel,1,131,2017,April,16,16,2,5,2,0.0,0,HB,PRT,Groups,TA/TO,0,0,0,A,A,0,No Deposit,493.0,0,Transient-Party,80.0,0,0
Resort Hotel,1,95,2017,April,16,16,2,5,2,0.0,0,HB,PRT,Offline TA/TO,TA/TO,0,0,0,A,A,0,No Deposit,177.0,0,Transient,68.4,0,0
Resort Hotel,1,131,2017,April,16,16,2,5,2,0.0,0,HB,PRT,Groups,TA/TO,0,0,0,A,C,1,No Deposit,493.0,0,Transient-Party,80.0,0,0
Resort Hotel,1,104,2017,April,16,16,2,5,2,0.0,0,BB,FRA,Online TA,TA/TO,0,0,0,D,D,0,No Deposit,240.0,0,Transient,75.0,0,1
Resort Hotel,1,131,2017,April,16,16,2,5,2,0.0,0,HB,PRT,Groups,TA/TO,0,0,0,A,C,1,No Deposit,493.0,0,Transient-Party,80.0,0,0
Resort Hotel,1,131,2017,April,16,16,2,5,2,0.0,0,HB,PRT,Groups,TA/TO,0,0,0,A,A,0,No Deposit,493.0,0,Transient-Party,80.0,0,0
Resort Hotel,1,144,2017,April,16,16,1,0,2,0.0,0,BB,PRT,Online TA,TA/TO,0,0,0,A,A,0,No Deposit,242.0,0,Transient,54.0,0,0
Resort Hotel,1,133,2017,April,16,16,1,0,2,0.0,0,BB,FRA,Online TA,TA/TO,0,0,0,A,A,0,No Deposit,240.0,0,Transient,60.0,0,0
Resort Hotel,1,184,2017,April,16,16,1,0,2,0.0,0,BB,PRT,Online TA,TA/TO,0,0,0,A,A,0,No Deposit,242.0,0,Transient,54.0,0,1
Resort Hotel,1,65,2017,April,16,17,1,0,2,0.0,0,BB,BRA,Online TA,TA/TO,0,0,0,E,E,0,No Deposit,240.0,0,Transient,90.0,0,1
Resort Hotel,1,68,2017,April,16,17,1,0,2,0.0,0,BB,BRA,Online TA,TA/TO,0,0,0,D,D,0,No Deposit,240.0,0,Transient,75.0,0,0
Resort Hotel,1,92,2017,April,16,17,1,0,2,0.0,0,BB,CHE,Online TA,TA/TO,0,0,0,A,A,0,No Deposit,240.0,0,Transient,60.0,0,0
Resort Hotel,1,92,2017,April,16,17,1,0,2,0.0,0,BB,CHE,Online TA,TA/TO,0,0,0,A,A,0,No Deposit,240.0,0,Transient,60.0,0,0
Resort Hotel,1,39,2017,April,16,17,1,1,2,0.0,0,HB,PRT,Online TA,TA/TO,0,0,0,A,A,0,No Deposit,240.0,0,Transient,117.0,0,0
Resort Hotel,1,126,2017,April,16,17,1,1,2,0.0,0,BB,PRT,Online TA,TA/TO,0,0,0,D,D,0,No Deposit,314.0,0,Transient,54.0,0,1
Resort Hotel,1,126,2017,April,16,17,1,1,2,0.0,0,BB,PRT,Online TA,TA/TO,0,0,0,D,D,0,No Deposit,314.0,0,Transient,54.0,0,1
Resort Hotel,1,39,2017,April,16,17,1,1,2,0.0,0,HB,PRT,Online TA,TA/TO,0,0,0,A,A,0,No Deposit,240.0,0,Transient,117.0,0,0
Resort Hotel,1,126,2017,April,16,17,1,1,2,0.0,0,BB,PRT,Online TA,TA/TO,0,0,0,D,D,0,No Deposit,314.0,0,Transient,54.0,0,1
Resort Hotel,1,168,2017,April,16,17,1,3,2,0.0,0,HB,IRL,Online TA,TA/TO,0,0,0,A,A,0,No Deposit,240.0,0,Transient,81.0,0,2
Resort Hotel,1,95,2017,April,16,17,1,3,2,0.0,0,BB,ESP,Online TA,TA/TO,0,0,0,D,D,0,No Deposit,240.0,0,Transient,75.0,0,0
Resort Hotel,1,85,2017,April,16,17,1,3,2,0.0,0,BB,GBR,Online TA,TA/TO,0,0,0,D,D,0,No Deposit,240.0,0,Transient,75.0,0,0
Resort Hotel,1,80,2017,April,16,17,1,3,2,0.0,0,BB,GBR,Online TA,TA/TO,0,0,0,D,D,0,No Deposit,240.0,0,Transient,75.0,0,0
Resort Hotel,1,95,2017,April,16,17,1,4,2,0.0,0,HB,PRT,Online TA,TA/TO,0,0,0,D,D,0,No Deposit,240.0,0,Transient,105.0,0,1
Resort Hotel,1,64,2017,April,16,17,1,5,2,0.0,0,BB,PRT,Online TA,TA/TO,0,0,0,D,D,0,No Deposit,240.0,0,Transient,75.0,0,0
Resort Hotel,1,287,2017,April,16,17,3,6,2,0.0,0,BB,GBR,Online TA,TA/TO,0,0,0,A,A,1,No Deposit,240.0,0,Transient,72.0,0,0
Resort Hotel,1,38,2017,April,16,18,0,3,2,0.0,0,BB,PRT,Online TA,TA/TO,0,0,0,D,D,0,No Deposit,240.0,0,Transient,100.0,0,2
Resort Hotel,1,206,2017,April,16,18,0,4,2,0.0,0,BB,PRT,Online TA,TA/TO,0,0,0,A,A,0,No Deposit,242.0,0,Transient,54.0,0,1
Resort Hotel,1,72,2017,April,16,18,0,4,2,0.0,0,HB,FRA,Online TA,TA/TO,0,0,0,D,D,0,No Deposit,240.0,0,Transient,107.0,0,1
Resort Hotel,1,76,2017,April,16,18,0,4,2,0.0,0,BB,FRA,Online TA,TA/TO,0,0,0,D,D,0,No Deposit,240.0,0,Transient,75.0,0,1
Resort Hotel,1,88,2017,April,16,18,2,5,2,0.0,0,BB,PRT,Offline TA/TO,TA/TO,0,0,0,E,E,0,No Deposit,96.0,0,Transient,72.0,0,1
Resort Hotel,1,88,2017,April,16,18,2,5,2,0.0,0,BB,PRT,Offline TA/TO,TA/TO,0,0,0,E,E,0,No Deposit,96.0,0,Transient,72.0,0,1
Resort Hotel,1,93,2017,April,16,18,2,5,2,0.0,0,HB,DNK,Online TA,TA/TO,0,0,0,E,E,0,No Deposit,240.0,0,Transient,131.29,0,1
Resort Hotel,1,88,2017,April,16,18,2,5,2,0.0,0,BB,PRT,Offline TA/TO,TA/TO,0,0,0,E,E,0,No Deposit,96.0,0,Transient,72.0,0,1
Resort Hotel,1,88,2017,April,16,18,2,5,2,0.0,0,BB,PRT,Offline TA/TO,TA/TO,0,0,0,E,E,0,No Deposit,96.0,0,Transient,72.0,0,1
Resort Hotel,1,100,2017,April,16,18,2,5,2,0.0,0,BB,GBR,Online TA,TA/TO,0,0,0,E,E,0,No Deposit,240.0,0,Transient,94.29,0,0
Resort Hotel,1,96,2017,April,16,19,0,1,2,0.0,0,BB,ESP,Online TA,TA/TO,0,0,0,E,E,0,No Deposit,240.0,0,Transient,90.0,0,1
Resort Hotel,1,28,2017,April,16,19,0,2,2,0.0,0,BB,USA,Online TA,TA/TO,0,0,0,D,D,0,No Deposit,240.0,0,Transient,100.0,0,1
Resort Hotel,1,174,2017,April,16,19,0,3,2,0.0,0,BB,PRT,Online TA,TA/TO,0,0,0,A,A,0,No Deposit,240.0,0,Transient,54.0,0,1
Resort Hotel,1,213,2017,April,16,19,0,4,2,0.0,0,HB,ESP,Online TA,TA/TO,0,0,0,E,E,0,No Deposit,240.0,0,Transient,109.8,0,2
Resort Hotel,1,26,2017,April,16,20,0,1,2,0.0,0,BB,ESP,Online TA,TA/TO,0,0,0,E,E,0,No Deposit,240.0,0,Transient,115.0,0,1
Resort Hotel,1,72,2017,April,16,20,0,3,2,0.0,0,BB,ESP,Online TA,TA/TO,0,0,0,A,A,0,No Deposit,240.0,0,Transient,60.0,0,1
Resort Hotel,1,216,2017,April,16,20,2,3,2,0.0,0,HB,IRL,Online TA,TA/TO,0,0,0,D,D,0,No Deposit,240.0,0,Transient,96.3,0,0
Resort Hotel,1,105,2017,April,16,20,2,3,2,0.0,0,BB,IRL,Online TA,TA/TO,0,0,0,E,E,0,No Deposit,240.0,0,Transient,96.0,0,1
Resort Hotel,1,105,2017,April,16,20,2,3,2,0.0,0,BB,PRT,Online TA,TA/TO,0,0,0,D,D,0,No Deposit,242.0,0,Transient,77.85,0,1
Resort Hotel,0,8,2017,April,16,21,0,1,2,0.0,0,BB,PRT,Complementary,Direct,0,0,0,A,D,0,No Deposit,,0,Transient,0.0,1,1
Resort Hotel,1,157,2017,April,16,21,0,1,2,0.0,0,BB,FRA,Online TA,TA/TO,0,0,0,A,A,0,No Deposit,240.0,0,Transient,60.0,0,3
Resort Hotel,1,157,2017,April,16,21,0,1,2,0.0,0,BB,FRA,Online TA,TA/TO,0,0,0,A,A,0,No Deposit,240.0,0,Transient,60.0,0,3
Resort Hotel,1,78,2017,April,16,21,2,2,2,0.0,0,HB,GBR,Online TA,TA/TO,0,0,0,A,A,0,No Deposit,240.0,0,Transient,99.5,0,1
Resort Hotel,1,278,2017,April,16,21,2,2,2,0.0,0,BB,FIN,Online TA,TA/TO,0,0,0,E,E,0,No Deposit,240.0,0,Transient,81.0,0,0
Resort Hotel,1,180,2017,April,16,21,2,7,2,0.0,0,BB,IRL,Online TA,TA/TO,0,0,0,A,A,0,No Deposit,240.0,0,Transient,79.67,0,1
Resort Hotel,1,171,2017,April,16,21,2,7,2,0.0,0,BB,IRL,Online TA,TA/TO,0,0,0,A,A,0,No Deposit,240.0,0,Transient,70.0,0,1
Resort Hotel,0,108,2017,April,16,21,4,7,2,0.0,0,BB,PRT,Online TA,Direct,0,0,0,E,E,2,No Deposit,,0,Transient,85.0,0,5
Resort Hotel,1,253,2017,April,16,22,2,1,2,0.0,0,BB,ITA,Online TA,TA/TO,0,0,0,A,A,0,No Deposit,240.0,0,Transient,54.0,0,0
Resort Hotel,1,296,2017,April,16,22,2,1,2,0.0,0,BB,PRT,Online TA,TA/TO,0,0,0,E,E,0,No Deposit,240.0,0,Transient,81.0,0,1
Resort Hotel,1,208,2017,April,16,22,2,5,2,0.0,0,BB,IRL,Direct,Direct,0,0,0,E,E,0,No Deposit,250.0,0,Transient,71.28,0,0
Resort Hotel,1,109,2017,April,16,22,2,5,2,0.0,0,BB,PRT,Offline TA/TO,TA/TO,0,0,0,A,A,0,No Deposit,40.0,0,Contract,40.95,0,0
Resort Hotel,1,23,2017,April,16,22,2,5,2,0.0,0,FB,PRT,Groups,Corporate,0,0,0,D,D,0,No Deposit,,0,Transient-Party,116.0,0,0
Resort Hotel,1,234,2017,April,16,22,2,5,2,0.0,0,FB,PRT,Groups,Corporate,0,0,0,C,C,0,No Deposit,,0,Transient-Party,89.0,0,0
Resort Hotel,1,234,2017,April,16,22,2,5,2,0.0,0,FB,PRT,Groups,Corporate,0,0,0,C,C,0,No Deposit,,0,Transient-Party,89.0,0,0
Resort Hotel,1,234,2017,April,16,22,2,5,2,0.0,0,FB,PRT,Groups,Corporate,0,0,0,C,C,0,No Deposit,,0,Transient-Party,89.0,0,0
Resort Hotel,1,214,2017,April,16,22,2,5,2,0.0,0,BB,PRT,Online TA,TA/TO,0,0,0,D,D,0,No Deposit,241.0,0,Transient,51.97,0,1
Resort Hotel,1,23,2017,April,16,22,2,5,2,0.0,0,FB,PRT,Groups,Corporate,0,0,0,D,D,0,No Deposit,,0,Transient-Party,116.0,0,0
Resort Hotel,1,208,2017,April,16,22,2,5,2,0.0,0,BB,IRL,Direct,Direct,0,0,0,E,E,0,No Deposit,250.0,0,Transient,71.28,0,0
Resort Hotel,1,214,2017,April,16,22,2,5,2,0.0,0,BB,PRT,Online TA,TA/TO,0,0,0,D,D,0,No Deposit,241.0,0,Transient,51.97,0,1
Resort Hotel,1,252,2017,April,16,22,2,5,2,0.0,0,BB,PRT,Groups,TA/TO,0,0,0,A,A,1,No Deposit,273.0,0,Transient-Party,49.0,0,0
Resort Hotel,1,224,2017,April,16,22,2,5,2,0.0,0,BB,NOR,Online TA,TA/TO,0,0,0,A,A,0,No Deposit,240.0,0,Transient,60.0,0,1
Resort Hotel,1,234,2017,April,16,22,2,5,2,0.0,0,FB,PRT,Groups,Corporate,0,0,0,C,C,0,No Deposit,,0,Transient-Party,89.0,0,0
Resort Hotel,1,67,2017,April,16,22,2,5,2,0.0,0,HB,PRT,Offline TA/TO,TA/TO,0,0,0,A,A,0,No Deposit,40.0,0,Contract,68.95,0,0
Resort Hotel,1,23,2017,April,16,22,2,5,2,0.0,0,FB,PRT,Groups,Corporate,0,0,0,D,D,0,No Deposit,,0,Transient-Party,116.0,0,0
Resort Hotel,1,240,2017,April,17,23,2,2,2,0.0,0,BB,PRT,Offline TA/TO,TA/TO,0,0,0,A,A,1,No Deposit,96.0,0,Transient,43.2,0,0
Resort Hotel,1,130,2017,April,17,23,2,5,2,0.0,0,BB,PRT,Groups,TA/TO,0,0,0,D,D,0,No Deposit,273.0,0,Transient-Party,62.0,0,0
Resort Hotel,1,39,2017,April,17,23,2,5,2,0.0,0,BB,PRT,Offline TA/TO,TA/TO,0,0,0,A,A,0,No Deposit,40.0,0,Contract,40.95,0,0
Resort Hotel,1,201,2017,April,17,23,2,5,2,0.0,0,BB,IRL,Online TA,TA/TO,0,0,0,A,C,1,No Deposit,240.0,0,Transient,54.0,0,0
Resort Hotel,1,259,2017,April,17,23,4,7,2,0.0,0,BB,NLD,Online TA,TA/TO,0,0,0,A,A,0,No Deposit,240.0,0,Transient,54.0,0,2
Resort Hotel,1,259,2017,April,17,23,4,7,2,0.0,0,BB,NLD,Online TA,TA/TO,0,0,0,A,A,0,No Deposit,240.0,0,Transient,54.0,0,2
Resort Hotel,1,211,2017,April,17,24,3,6,2,0.0,0,BB,NLD,Online TA,TA/TO,0,0,0,A,A,0,No Deposit,240.0,0,Transient,54.0,0,2
Resort Hotel,1,211,2017,April,17,24,3,6,2,0.0,0,BB,NLD,Online TA,TA/TO,0,0,0,E,E,0,No Deposit,240.0,0,Transient,81.0,0,2
Resort Hotel,1,203,2017,April,17,25,0,2,2,0.0,0,HB,PRT,Groups,TA/TO,0,0,0,A,A,0,No Deposit,,0,Transient-Party,90.0,0,0
Resort Hotel,1,203,2017,April,17,25,0,2,2,0.0,0,HB,PRT,Groups,TA/TO,0,0,0,A,A,0,No Deposit,,0,Transient-Party,90.0,0,0
Resort Hotel,1,203,2017,April,17,25,0,2,2,0.0,0,HB,PRT,Groups,TA/TO,0,0,0,A,A,0,No Deposit,,0,Transient-Party,90.0,0,0
Resort Hotel,1,203,2017,April,17,25,0,2,2,0.0,0,HB,PRT,Groups,TA/TO,0,0,0,A,A,0,No Deposit,,0,Transient-Party,90.0,0,0
Resort Hotel,1,203,2017,April,17,25,0,2,2,0.0,0,HB,PRT,Groups,TA/TO,0,0,0,A,A,0,No Deposit,,0,Transient-Party,90.0,0,0
Resort Hotel,1,203,2017,April,17,25,0,2,2,0.0,0,HB,PRT,Groups,TA/TO,0,0,0,A,A,0,No Deposit,,0,Transient-Party,90.0,0,0
Resort Hotel,1,203,2017,April,17,25,0,2,2,0.0,0,HB,PRT,Groups,TA/TO,0,0,0,A,A,0,No Deposit,,0,Transient-Party,90.0,0,0
Resort Hotel,1,266,2017,April,17,25,0,3,2,0.0,0,BB,FIN,Online TA,TA/TO,0,0,0,E,E,0,No Deposit,240.0,0,Transient,81.0,0,1
Resort Hotel,1,245,2017,April,17,25,0,4,2,0.0,0,BB,LUX,Online TA,TA/TO,0,0,0,A,A,0,No Deposit,240.0,0,Transient,54.0,0,2
Resort Hotel,1,218,2017,April,17,26,1,4,2,0.0,0,BB,GBR,Online TA,TA/TO,0,0,0,E,E,0,No Deposit,240.0,0,Transient,81.0,0,3
Resort Hotel,1,36,2017,April,17,27,0,1,2,0.0,0,BB,GBR,Online TA,TA/TO,0,0,0,A,A,0,No Deposit,240.0,0,Transient,85.0,0,2
Resort Hotel,0,0,2017,April,17,27,0,1,2,0.0,0,BB,PRT,Direct,Direct,0,0,0,A,A,0,No Deposit,,0,Transient,76.0,0,2
Resort Hotel,1,90,2017,April,17,27,0,1,2,0.0,0,BB,PRT,Offline TA/TO,TA/TO,0,0,0,E,E,0,No Deposit,251.0,0,Transient,74.0,0,0
Resort Hotel,1,224,2017,April,17,27,0,3,2,0.0,0,BB,ESP,Online TA,TA/TO,0,0,0,G,G,0,No Deposit,240.0,0,Transient,130.0,0,1
Resort Hotel,1,224,2017,April,17,27,0,3,2,0.0,0,BB,ESP,Online TA,TA/TO,0,0,0,E,E,0,No Deposit,240.0,0,Transient,90.0,0,1
Resort Hotel,1,224,2017,April,17,27,0,3,2,0.0,0,BB,ESP,Online TA,TA/TO,0,0,0,E,E,0,No Deposit,240.0,0,Transient,90.0,0,1
Resort Hotel,1,9,2017,April,17,27,1,3,2,0.0,0,BB,NLD,Online TA,TA/TO,0,0,0,D,D,0,No Deposit,240.0,0,Transient,121.0,0,0
Resort Hotel,1,90,2017,April,17,27,2,3,2,0.0,0,BB,GBR,Direct,Direct,0,0,0,E,E,0,No Deposit,250.0,0,Transient,99.9,0,0
Resort Hotel,1,61,2017,April,17,27,2,5,2,0.0,0,BB,GBR,Online TA,TA/TO,0,0,0,E,E,0,No Deposit,240.0,0,Transient,122.0,0,1
Resort Hotel,1,17,2017,April,17,28,0,2,2,0.0,0,BB,PRT,Online TA,TA/TO,0,0,0,A,A,0,No Deposit,240.0,0,Transient,96.0,0,1
Resort Hotel,1,250,2017,April,17,28,1,2,2,0.0,0,BB,PRT,Online TA,TA/TO,0,0,0,A,A,0,No Deposit,240.0,0,Transient,54.0,0,0
Resort Hotel,1,302,2017,April,17,28,1,2,2,0.0,0,BB,PRT,Online TA,TA/TO,0,0,0,E,E,0,No Deposit,240.0,0,Transient,81.0,0,1
Resort Hotel,1,201,2017,April,17,28,2,2,2,0.0,0,BB,GBR,Online TA,TA/TO,0,0,0,E,E,0,No Deposit,240.0,0,Transient,103.5,0,1
Resort Hotel,1,201,2017,April,17,28,2,2,2,0.0,0,BB,GBR,Online TA,TA/TO,0,0,0,E,E,0,No Deposit,240.0,0,Transient,103.5,0,1
Resort Hotel,1,113,2017,April,17,28,2,2,2,0.0,0,HB,PRT,Online TA,TA/TO,0,0,0,E,E,1,No Deposit,314.0,0,Transient,111.0,0,0
Resort Hotel,1,112,2017,April,17,28,2,2,2,0.0,0,BB,GBR,Online TA,TA/TO,0,0,0,E,E,0,No Deposit,240.0,0,Transient,112.5,0,0
Resort Hotel,1,215,2017,April,17,28,2,2,2,0.0,0,BB,ESP,Online TA,TA/TO,0,0,0,A,A,0,No Deposit,240.0,0,Transient,54.0,0,0
Resort Hotel,1,215,2017,April,17,28,2,2,2,0.0,0,HB,ESP,Online TA,TA/TO,0,0,0,A,A,0,No Deposit,240.0,0,Transient,82.8,0,2
Resort Hotel,1,267,2017,April,17,28,2,3,2,0.0,0,BB,FIN,Online TA,TA/TO,0,0,0,E,E,1,No Deposit,240.0,0,Transient,81.0,0,1
Resort Hotel,1,59,2017,April,17,28,2,3,2,0.0,0,BB,GBR,Online TA,TA/TO,0,0,0,E,E,0,No Deposit,240.0,0,Transient,115.0,0,0
Resort Hotel,1,26,2017,April,17,29,0,1,2,0.0,0,BB,ESP,Online TA,TA/TO,0,0,0,A,A,0,No Deposit,240.0,0,Transient,85.0,0,1
Resort Hotel,1,16,2017,April,17,29,1,1,2,0.0,0,BB,USA,Online TA,TA/TO,0,0,0,D,D,0,No Deposit,240.0,0,Transient,111.0,0,0
Resort Hotel,1,109,2017,April,17,29,1,1,2,0.0,0,BB,PRT,Online TA,TA/TO,0,0,0,A,A,0,No Deposit,240.0,0,Transient,85.0,0,0
Resort Hotel,1,37,2017,April,17,29,1,1,2,0.0,0,HB,PRT,Online TA,TA/TO,0,0,0,E,E,0,No Deposit,240.0,0,Transient,147.0,0,0
Resort Hotel,1,110,2017,April,17,29,1,1,2,0.0,0,BB,PRT,Online TA,TA/TO,0,0,0,A,A,0,No Deposit,240.0,0,Transient,85.0,0,0
Resort Hotel,1,12,2017,April,17,29,1,1,2,0.0,0,BB,ESP,Online TA,TA/TO,0,0,0,D,D,0,No Deposit,240.0,0,Transient,121.0,0,1
Resort Hotel,1,255,2017,April,17,29,1,1,2,0.0,0,BB,ESP,Online TA,TA/TO,0,0,0,E,E,0,No Deposit,240.0,0,Transient,81.0,0,1
Resort Hotel,1,100,2017,April,17,29,2,1,2,0.0,0,HB,PRT,Groups,TA/TO,0,0,0,D,D,0,No Deposit,385.0,0,Transient-Party,85.0,0,0
Resort Hotel,1,100,2017,April,17,29,2,1,2,0.0,0,HB,PRT,Groups,TA/TO,0,0,0,D,D,0,No Deposit,385.0,0,Transient-Party,85.0,0,0
Resort Hotel,1,100,2017,April,17,29,2,1,2,0.0,0,HB,PRT,Groups,TA/TO,0,0,0,D,D,0,No Deposit,385.0,0,Transient-Party,85.0,0,0
Resort Hotel,1,89,2017,April,17,29,2,1,2,0.0,0,BB,IRL,Online TA,TA/TO,0,0,0,A,A,0,No Deposit,240.0,0,Transient,78.33,0,0
Resort Hotel,1,100,2017,April,17,29,2,1,2,0.0,0,HB,PRT,Groups,TA/TO,0,0,0,D,D,0,No Deposit,385.0,0,Transient-Party,85.0,0,0
Resort Hotel,1,100,2017,April,17,29,2,1,2,0.0,0,HB,PRT,Groups,TA/TO,0,0,0,D,D,0,No Deposit,385.0,0,Transient-Party,85.0,0,0
Resort Hotel,1,100,2017,April,17,29,2,1,2,0.0,0,HB,PRT,Groups,TA/TO,0,0,0,D,D,0,No Deposit,385.0,0,Transient-Party,85.0,0,0
Resort Hotel,1,100,2017,April,17,29,2,1,2,0.0,0,HB,PRT,Groups,TA/TO,0,0,0,D,D,0,No Deposit,385.0,0,Transient-Party,85.0,0,0
Resort Hotel,1,100,2017,April,17,29,2,1,2,0.0,0,HB,PRT,Groups,TA/TO,0,0,0,D,D,0,No Deposit,385.0,0,Transient-Party,85.0,0,0
Resort Hotel,1,15,2017,April,17,29,2,1,2,0.0,0,BB,ESP,Online TA,TA/TO,0,0,0,D,D,0,No Deposit,240.0,0,Transient,111.0,0,1
Resort Hotel,1,221,2017,April,17,29,2,1,2,0.0,0,HB,PRT,Groups,TA/TO,0,0,0,D,D,0,No Deposit,385.0,121,Transient-Party,85.0,0,0
Resort Hotel,1,5,2017,April,17,29,2,1,2,0.0,0,HB,PRT,Groups,TA/TO,0,0,0,D,D,0,No Deposit,385.0,0,Transient-Party,26.0,0,0
Resort Hotel,1,100,2017,April,17,29,2,1,2,0.0,0,HB,PRT,Groups,TA/TO,0,0,0,D,D,0,No Deposit,385.0,0,Transient-Party,85.0,0,0
Resort Hotel,1,13,2017,April,17,29,2,2,2,0.0,0,BB,ESP,Online TA,TA/TO,0,0,0,D,D,0,No Deposit,240.0,0,Transient,108.0,0,0
Resort Hotel,1,233,2017,April,17,29,2,4,2,0.0,0,HB,RUS,Online TA,TA/TO,0,0,0,A,A,0,No Deposit,240.0,0,Transient,92.0,0,1
Resort Hotel,1,172,2017,April,17,29,2,5,2,0.0,0,HB,PRT,Online TA,TA/TO,0,0,0,E,E,1,No Deposit,314.0,0,Transient,97.71,0,0
Resort Hotel,1,172,2017,April,17,29,2,5,2,0.0,0,HB,PRT,Online TA,TA/TO,0,0,0,E,E,1,No Deposit,314.0,0,Transient,97.71,0,0
Resort Hotel,1,287,2017,April,17,29,2,5,2,0.0,0,BB,PRT,Online TA,TA/TO,0,0,0,E,E,0,No Deposit,241.0,0,Transient,62.37,0,0
Resort Hotel,1,172,2017,April,17,29,2,5,2,0.0,0,HB,PRT,Online TA,TA/TO,0,0,0,D,D,1,No Deposit,314.0,0,Transient,86.91,0,0
Resort Hotel,1,172,2017,April,17,29,2,5,2,0.0,0,HB,PRT,Online TA,TA/TO,0,0,0,E,E,1,No Deposit,314.0,0,Transient,97.71,0,0
Resort Hotel,1,172,2017,April,17,29,2,5,2,0.0,0,HB,PRT,Online TA,TA/TO,0,0,0,D,D,1,No Deposit,314.0,0,Transient,86.91,0,0
Resort Hotel,1,287,2017,April,17,29,2,5,2,0.0,0,BB,PRT,Online TA,TA/TO,0,0,0,E,E,0,No Deposit,241.0,0,Transient,62.37,0,0
Resort Hotel,1,172,2017,April,17,29,2,5,2,0.0,0,HB,PRT,Online TA,TA/TO,0,0,0,E,E,1,No Deposit,314.0,0,Transient,97.71,0,0
Resort Hotel,1,172,2017,April,17,29,2,5,2,0.0,0,HB,PRT,Online TA,TA/TO,0,0,0,E,E,1,No Deposit,314.0,0,Transient,97.71,0,0
Resort Hotel,1,172,2017,April,17,29,2,5,2,0.0,0,HB,PRT,Online TA,TA/TO,0,0,0,E,E,1,No Deposit,314.0,0,Transient,97.71,0,0
Resort Hotel,1,103,2017,April,17,29,2,5,2,0.0,0,BB,IRL,Online TA,TA/TO,0,0,0,A,A,0,No Deposit,240.0,0,Transient,85.0,0,1
Resort Hotel,1,172,2017,April,17,29,2,5,2,0.0,0,HB,PRT,Online TA,TA/TO,0,0,0,D,D,1,No Deposit,314.0,0,Transient,86.91,0,0
Resort Hotel,1,172,2017,April,17,29,2,5,2,0.0,0,HB,PRT,Online TA,TA/TO,0,0,0,D,D,1,No Deposit,314.0,0,Transient,86.91,0,0
Resort Hotel,1,172,2017,April,17,29,2,5,2,0.0,0,HB,PRT,Online TA,TA/TO,0,0,0,E,E,1,No Deposit,314.0,0,Transient,97.71,0,0
Resort Hotel,1,85,2017,April,17,29,2,5,2,0.0,0,BB,PRT,Offline TA/TO,TA/TO,0,0,0,A,A,0,No Deposit,177.0,0,Transient,48.0,0,0
Resort Hotel,1,172,2017,April,17,29,2,5,2,0.0,0,HB,PRT,Online TA,TA/TO,0,0,0,E,E,1,No Deposit,314.0,0,Transient,97.71,0,0
Resort Hotel,1,172,2017,April,17,29,2,5,2,0.0,0,HB,PRT,Online TA,TA/TO,0,0,0,E,E,1,No Deposit,314.0,0,Transient,97.71,0,0
Resort Hotel,1,172,2017,April,17,29,2,5,2,0.0,0,HB,PRT,Online TA,TA/TO,0,0,0,E,E,1,No Deposit,314.0,0,Transient,97.71,0,0
Resort Hotel,1,172,2017,April,17,29,2,5,2,0.0,0,HB,PRT,Online TA,TA/TO,0,0,0,D,D,1,No Deposit,314.0,0,Transient,86.91,0,0
Resort Hotel,1,38,2017,April,18,30,2,0,2,0.0,0,HB,PRT,Online TA,TA/TO,0,0,0,D,D,0,No Deposit,468.0,0,Transient,105.61,0,0
Resort Hotel,1,25,2017,April,18,30,2,0,2,0.0,0,BB,GBR,Online TA,TA/TO,0,0,0,D,D,0,No Deposit,240.0,0,Transient,102.0,0,1
Resort Hotel,1,25,2017,April,18,30,2,0,2,0.0,0,BB,ESP,Online TA,TA/TO,0,0,0,D,D,0,No Deposit,240.0,0,Transient,102.0,0,1
Resort Hotel,1,87,2017,April,18,30,2,3,2,0.0,0,BB,PRT,Offline TA/TO,TA/TO,0,0,0,A,A,0,No Deposit,6.0,0,Transient,48.0,0,0
Resort Hotel,1,87,2017,April,18,30,2,3,2,0.0,0,BB,,Offline TA/TO,TA/TO,0,0,0,A,A,0,No Deposit,6.0,0,Transient,48.0,0,0
Resort Hotel,1,87,2017,April,18,30,2,3,2,0.0,0,BB,,Offline TA/TO,TA/TO,0,0,0,A,A,0,No Deposit,6.0,0,Transient,48.0,0,0
Resort Hotel,1,87,2017,April,18,30,2,3,2,0.0,0,BB,,Offline TA/TO,TA/TO,0,0,0,A,A,0,No Deposit,6.0,0,Transient,48.0,0,0
Resort Hotel,1,87,2017,April,18,30,2,3,2,0.0,0,BB,,Offline TA/TO,TA/TO,0,0,0,A,A,0,No Deposit,6.0,0,Transient,48.0,0,0
Resort Hotel,1,87,2017,April,18,30,2,3,2,0.0,0,BB,,Offline TA/TO,TA/TO,0,0,0,A,A,0,No Deposit,6.0,0,Transient,48.0,0,0
Resort Hotel,1,43,2017,April,18,30,2,2,2,0.0,0,BB,IRL,Online TA,TA/TO,0,0,0,D,D,0,No Deposit,240.0,0,Transient,100.0,0,0
Resort Hotel,1,221,2017,April,18,30,2,5,2,0.0,0,HB,PRT,Groups,TA/TO,0,0,0,D,D,0,No Deposit,,0,Transient-Party,83.43,0,0
Resort Hotel,1,221,2017,April,18,30,2,5,2,0.0,0,HB,PRT,Groups,TA/TO,0,0,0,A,A,0,No Deposit,,0,Transient-Party,71.43,0,0
Resort Hotel,1,221,2017,April,18,30,2,5,2,0.0,0,HB,PRT,Groups,TA/TO,0,0,0,D,D,0,No Deposit,,0,Transient-Party,82.0,0,0
Resort Hotel,1,221,2017,April,18,30,2,5,2,0.0,0,HB,PRT,Groups,TA/TO,0,0,0,A,A,0,No Deposit,,0,Transient-Party,71.43,0,0
Resort Hotel,1,221,2017,April,18,30,2,5,2,0.0,0,HB,PRT,Groups,TA/TO,0,0,0,D,D,0,No Deposit,,0,Transient-Party,82.0,0,0
Resort Hotel,1,221,2017,April,18,30,2,5,2,0.0,0,HB,PRT,Groups,TA/TO,0,0,0,D,D,0,No Deposit,,0,Transient-Party,82.0,0,0
Resort Hotel,1,221,2017,April,18,30,2,5,2,0.0,0,HB,PRT,Groups,TA/TO,0,0,0,A,A,0,No Deposit,,0,Transient-Party,71.43,0,0
Resort Hotel,1,221,2017,April,18,30,2,5,2,0.0,0,HB,PRT,Groups,TA/TO,0,0,0,D,D,0,No Deposit,,0,Transient-Party,83.43,0,0
Resort Hotel,1,221,2017,April,18,30,2,5,2,0.0,0,HB,PRT,Groups,TA/TO,0,0,0,D,D,0,No Deposit,,0,Transient-Party,83.43,0,0
Resort Hotel,1,221,2017,April,18,30,2,5,2,0.0,0,HB,PRT,Groups,TA/TO,0,0,0,D,D,0,No Deposit,,0,Transient-Party,83.43,0,0
Resort Hotel,1,221,2017,April,18,30,2,5,2,0.0,0,HB,PRT,Groups,TA/TO,0,0,0,D,D,0,No Deposit,,0,Transient-Party,83.43,0,0
Resort Hotel,1,219,2017,April,18,30,2,5,2,0.0,0,BB,PRT,Online TA,TA/TO,0,0,0,G,G,0,No Deposit,242.0,0,Transient,117.0,0,1
Resort Hotel,1,221,2017,April,18,30,2,5,2,0.0,0,HB,PRT,Groups,TA/TO,0,0,0,A,A,0,No Deposit,,0,Transient-Party,71.43,0,0
Resort Hotel,1,221,2017,April,18,30,2,5,2,0.0,0,HB,PRT,Groups,TA/TO,0,0,0,D,D,0,No Deposit,,0,Transient-Party,83.43,0,0
Resort Hotel,1,221,2017,April,18,30,2,5,2,0.0,0,HB,PRT,Groups,TA/TO,0,0,0,D,D,0,No Deposit,,0,Transient-Party,83.43,0,0
Resort Hotel,1,221,2017,April,18,30,2,5,2,0.0,0,HB,PRT,Groups,TA/TO,0,0,0,D,D,0,No Deposit,,0,Transient-Party,82.0,0,0
Resort Hotel,1,188,2017,April,18,30,4,7,2,0.0,0,HB,PRT,Offline TA/TO,TA/TO,0,0,0,D,D,0,No Deposit,40.0,0,Contract,80.85,0,0
Resort Hotel,1,190,2017,April,18,30,4,10,2,0.0,0,HB,PRT,Online TA,TA/TO,0,0,0,D,D,0,No Deposit,242.0,0,Transient,117.0,0,1
Resort Hotel,1,237,2017,May,18,1,1,2,2,0.0,0,BB,GBR,Online TA,TA/TO,0,0,0,A,A,0,No Deposit,240.0,0,Transient,54.0,0,0
Resort Hotel,1,208,2017,May,18,1,1,4,2,0.0,0,BB,GBR,Online TA,TA/TO,0,0,0,E,E,0,No Deposit,240.0,0,Transient,81.0,0,0
Resort Hotel,1,155,2017,May,18,1,1,4,2,0.0,0,HB,GBR,Online TA,TA/TO,0,0,0,A,A,0,No Deposit,240.0,0,Transient,115.0,0,1
Resort Hotel,1,13,2017,May,18,1,1,4,2,0.0,0,BB,ROU,Online TA,TA/TO,0,0,0,D,D,0,No Deposit,240.0,0,Transient,105.0,0,2
Resort Hotel,1,152,2017,May,18,1,1,4,2,0.0,0,BB,FRA,Online TA,TA/TO,0,0,0,A,A,0,No Deposit,240.0,0,Transient,85.0,0,0
Resort Hotel,1,155,2017,May,18,1,1,4,2,0.0,0,HB,GBR,Online TA,TA/TO,0,0,0,E,E,0,No Deposit,240.0,0,Transient,145.0,0,1
Resort Hotel,1,73,2017,May,18,1,3,5,2,0.0,0,BB,GBR,Online TA,TA/TO,0,0,0,E,E,0,No Deposit,240.0,0,Transient,115.0,0,1
Resort Hotel,1,308,2017,May,18,1,3,6,2,0.0,0,HB,ESP,Online TA,TA/TO,0,0,0,A,A,0,No Deposit,240.0,0,Transient,82.8,0,0
Resort Hotel,1,37,2017,May,18,2,0,3,2,0.0,0,HB,PRT,Online TA,TA/TO,0,0,0,D,D,0,No Deposit,240.0,0,Transient,132.0,0,0
Resort Hotel,1,87,2017,May,18,2,0,4,2,0.0,0,BB,GBR,Online TA,TA/TO,0,0,0,E,E,0,No Deposit,240.0,0,Transient,115.0,0,0
Resort Hotel,1,111,2017,May,18,2,0,4,2,0.0,0,BB,IRL,Online TA,TA/TO,0,0,0,E,E,0,No Deposit,240.0,0,Transient,115.0,0,0
Resort Hotel,1,84,2017,May,18,2,2,5,2,0.0,0,HB,IRL,Online TA,TA/TO,0,0,0,E,E,0,No Deposit,240.0,0,Transient,147.0,0,0
Resort Hotel,1,127,2017,May,18,2,2,5,2,0.0,0,BB,IRL,Online TA,TA/TO,0,0,0,A,A,0,No Deposit,240.0,0,Transient,85.0,0,1
Resort Hotel,1,18,2017,May,18,2,2,5,2,0.0,0,HB,PRT,Offline TA/TO,TA/TO,0,0,0,A,A,0,No Deposit,143.0,0,Transient,73.5,0,0
Resort Hotel,1,113,2017,May,18,2,2,7,2,0.0,0,BB,PRT,Direct,Direct,0,0,0,D,D,1,No Deposit,,0,Transient,82.0,0,2
Resort Hotel,1,41,2017,May,18,2,2,5,2,0.0,0,BB,IRL,Online TA,TA/TO,0,0,0,D,D,0,No Deposit,240.0,0,Transient,100.0,0,1
Resort Hotel,1,237,2017,May,18,3,0,1,2,0.0,0,HB,RUS,Online TA,TA/TO,0,0,0,E,E,1,No Deposit,240.0,0,Transient-Party,109.8,0,0
Resort Hotel,1,237,2017,May,18,3,0,1,2,0.0,0,HB,RUS,Online TA,TA/TO,0,0,0,E,E,2,No Deposit,240.0,0,Transient-Party,109.8,0,0
Resort Hotel,1,209,2017,May,18,3,0,1,2,0.0,0,HB,RUS,Online TA,TA/TO,0,0,0,A,A,0,No Deposit,240.0,0,Transient,82.8,0,0
Resort Hotel,1,237,2017,May,18,3,0,1,2,0.0,0,HB,RUS,Online TA,TA/TO,0,0,0,A,A,1,No Deposit,240.0,0,Transient-Party,92.0,0,0
Resort Hotel,1,209,2017,May,18,3,0,1,2,0.0,0,HB,RUS,Online TA,TA/TO,0,0,0,A,A,0,No Deposit,240.0,0,Transient,82.8,0,0
Resort Hotel,1,237,2017,May,18,3,0,1,2,0.0,0,HB,RUS,Online TA,TA/TO,0,0,0,A,A,0,No Deposit,240.0,0,Transient-Party,92.0,0,0
Resort Hotel,1,237,2017,May,18,3,0,1,2,0.0,0,HB,RUS,Online TA,TA/TO,0,0,0,A,A,0,No Deposit,240.0,0,Transient-Party,92.0,0,0
Resort Hotel,1,209,2017,May,18,3,0,1,2,0.0,0,HB,RUS,Online TA,TA/TO,0,0,0,A,A,0,No Deposit,240.0,0,Transient,82.8,0,0
Resort Hotel,1,94,2017,May,18,3,0,2,2,0.0,0,BB,USA,Online TA,TA/TO,0,0,0,E,E,0,No Deposit,240.0,0,Transient,115.0,0,2
Resort Hotel,1,83,2017,May,18,3,0,4,2,0.0,0,HB,DEU,Online TA,TA/TO,0,0,0,E,E,0,No Deposit,240.0,0,Transient,147.0,0,0
Resort Hotel,1,83,2017,May,18,3,0,4,2,0.0,0,HB,DEU,Online TA,TA/TO,0,0,0,E,E,0,No Deposit,240.0,0,Transient,147.0,0,0
Resort Hotel,1,83,2017,May,18,3,0,4,2,0.0,0,HB,DEU,Online TA,TA/TO,0,0,0,E,E,0,No Deposit,240.0,0,Transient,147.0,0,0
Resort Hotel,1,83,2017,May,18,3,0,4,2,0.0,0,HB,DEU,Online TA,TA/TO,0,0,0,E,E,0,No Deposit,240.0,0,Transient,147.0,0,0
Resort Hotel,1,83,2017,May,18,3,0,4,2,0.0,0,HB,DEU,Online TA,TA/TO,0,0,0,E,E,0,No Deposit,240.0,0,Transient,147.0,0,0
Resort Hotel,1,83,2017,May,18,3,0,4,2,0.0,0,HB,DEU,Online TA,TA/TO,0,0,0,E,E,0,No Deposit,240.0,0,Transient,147.0,0,0
Resort Hotel,1,83,2017,May,18,3,0,4,2,0.0,0,HB,DEU,Online TA,TA/TO,0,0,0,E,E,0,No Deposit,240.0,0,Transient,147.0,0,0
Resort Hotel,1,93,2017,May,18,3,0,3,2,0.0,0,HB,FRA,Online TA,TA/TO,0,0,0,E,E,0,No Deposit,240.0,0,Transient,147.0,0,2
Resort Hotel,1,83,2017,May,18,3,0,4,2,0.0,0,HB,DEU,Online TA,TA/TO,0,0,0,E,E,0,No Deposit,240.0,0,Transient,147.0,0,0
Resort Hotel,1,83,2017,May,18,3,0,4,2,0.0,0,HB,DEU,Online TA,TA/TO,0,0,0,E,E,0,No Deposit,240.0,0,Transient,147.0,0,0
Resort Hotel,1,83,2017,May,18,3,0,4,2,0.0,0,HB,DEU,Online TA,TA/TO,0,0,0,E,E,0,No Deposit,240.0,0,Transient,147.0,0,0
Resort Hotel,1,65,2017,May,18,3,3,9,2,0.0,0,Undefined,PRT,Groups,Corporate,0,0,0,A,A,0,Non Refund,,0,Transient,95.0,0,0
Resort Hotel,1,65,2017,May,18,3,3,9,2,0.0,0,Undefined,PRT,Groups,Corporate,0,0,0,A,A,0,Non Refund,,0,Transient,95.0,0,0
Resort Hotel,1,65,2017,May,18,3,3,9,2,0.0,0,Undefined,PRT,Groups,Corporate,0,0,0,A,A,0,Non Refund,,0,Transient,125.0,0,0
Resort Hotel,1,65,2017,May,18,3,3,9,2,0.0,0,Undefined,PRT,Groups,Corporate,0,0,0,A,A,0,Non Refund,,0,Transient,95.0,0,0
Resort Hotel,1,65,2017,May,18,3,3,9,2,0.0,0,Undefined,PRT,Groups,Corporate,0,0,0,A,A,0,Non Refund,,0,Transient,125.0,0,0
Resort Hotel,1,65,2017,May,18,3,3,9,2,0.0,0,Undefined,PRT,Groups,Corporate,0,0,0,A,A,0,Non Refund,,0,Transient,95.0,0,0
Resort Hotel,1,65,2017,May,18,3,3,9,2,0.0,0,Undefined,PRT,Groups,Corporate,0,0,0,A,A,0,Non Refund,,0,Transient,125.0,0,0
Resort Hotel,1,65,2017,May,18,3,3,9,2,0.0,0,Undefined,PRT,Groups,Corporate,0,0,0,A,A,0,Non Refund,,0,Transient,125.0,0,0
Resort Hotel,1,229,2017,May,18,3,2,5,2,0.0,0,BB,IRL,Online TA,TA/TO,0,0,0,A,A,0,No Deposit,240.0,0,Transient,60.0,0,2
Resort Hotel,1,228,2017,May,18,3,2,5,2,0.0,0,BB,GBR,Online TA,TA/TO,0,0,0,A,A,0,No Deposit,242.0,0,Transient,54.0,0,1
Resort Hotel,1,217,2017,May,18,3,2,5,2,0.0,0,BB,IRL,Online TA,TA/TO,0,0,0,A,A,0,No Deposit,240.0,0,Transient,54.86,0,1
Resort Hotel,1,202,2017,May,18,4,0,1,2,0.0,0,HB,PRT,Groups,TA/TO,0,0,0,D,D,0,No Deposit,251.0,0,Transient-Party,90.0,0,0
Resort Hotel,1,202,2017,May,18,4,0,1,2,0.0,0,HB,PRT,Groups,TA/TO,0,0,0,D,D,0,No Deposit,251.0,0,Transient-Party,90.0,0,0
Resort Hotel,1,0,2017,May,18,4,0,1,2,0.0,0,HB,CN,Online TA,TA/TO,0,0,0,E,E,0,No Deposit,240.0,0,Transient,137.0,0,0
Resort Hotel,1,202,2017,May,18,4,0,1,2,0.0,0,HB,PRT,Groups,TA/TO,0,0,0,D,D,0,No Deposit,251.0,0,Transient-Party,90.0,0,0
Resort Hotel,1,202,2017,May,18,4,0,1,2,0.0,0,HB,PRT,Groups,TA/TO,0,0,0,D,D,0,No Deposit,251.0,0,Transient-Party,90.0,0,0
Resort Hotel,1,202,2017,May,18,4,0,1,2,0.0,0,HB,PRT,Groups,TA/TO,0,0,0,D,D,0,No Deposit,251.0,0,Transient-Party,90.0,0,0
Resort Hotel,1,202,2017,May,18,4,0,1,2,0.0,0,HB,PRT,Groups,TA/TO,0,0,0,D,D,0,No Deposit,251.0,0,Transient-Party,90.0,0,0
Resort Hotel,1,108,2017,May,18,4,0,3,2,0.0,0,BB,IRL,Online TA,TA/TO,0,0,0,A,A,0,No Deposit,240.0,0,Transient,85.0,0,0
Resort Hotel,1,51,2017,May,18,4,0,3,2,0.0,0,BB,CN,Online TA,TA/TO,0,0,0,E,E,0,No Deposit,240.0,0,Transient,115.0,0,0
Resort Hotel,1,108,2017,May,18,4,0,3,2,0.0,0,BB,IRL,Online TA,TA/TO,0,0,0,A,A,0,No Deposit,240.0,0,Transient,85.0,0,0
Resort Hotel,1,108,2017,May,18,4,0,3,2,0.0,0,BB,IRL,Online TA,TA/TO,0,0,0,A,A,0,No Deposit,240.0,0,Transient,85.0,0,0
Resort Hotel,1,108,2017,May,18,4,0,3,2,0.0,0,BB,IRL,Online TA,TA/TO,0,0,0,A,A,0,No Deposit,240.0,0,Transient,85.0,0,0
Resort Hotel,1,15,2017,May,18,4,1,3,2,0.0,0,BB,GBR,Online TA,TA/TO,0,0,0,D,D,0,No Deposit,240.0,0,Transient,101.25,0,1
Resort Hotel,1,210,2017,May,18,4,2,5,2,0.0,0,HB,PRT,Offline TA/TO,TA/TO,0,0,0,E,E,0,No Deposit,177.0,0,Transient,90.0,0,1
Resort Hotel,1,223,2017,May,18,4,2,5,2,0.0,0,HB,PRT,Offline TA/TO,TA/TO,0,0,0,A,A,1,No Deposit,177.0,0,Transient,68.4,0,1
Resort Hotel,1,210,2017,May,18,4,2,5,2,0.0,0,HB,PRT,Offline TA/TO,TA/TO,0,0,0,A,A,0,No Deposit,177.0,0,Transient,68.4,0,1
Resort Hotel,1,223,2017,May,18,4,2,5,2,0.0,0,HB,PRT,Offline TA/TO,TA/TO,0,0,0,A,A,1,No Deposit,177.0,0,Transient,68.4,0,1
Resort Hotel,1,223,2017,May,18,4,2,5,2,0.0,0,HB,PRT,Offline TA/TO,TA/TO,0,0,0,A,A,1,No Deposit,177.0,0,Transient,68.4,0,1
Resort Hotel,1,121,2017,May,18,4,2,5,2,0.0,0,HB,IRL,Direct,Direct,0,0,0,D,D,2,No Deposit,250.0,0,Transient,120.0,0,1
Resort Hotel,1,210,2017,May,18,4,2,5,2,0.0,0,HB,PRT,Offline TA/TO,TA/TO,0,0,0,A,A,0,No Deposit,177.0,0,Transient,68.4,0,1
Resort Hotel,1,210,2017,May,18,4,2,5,2,0.0,0,HB,PRT,Offline TA/TO,TA/TO,0,0,0,A,A,0,No Deposit,177.0,0,Transient,68.4,0,1
Resort Hotel,1,253,2017,May,18,4,2,5,2,0.0,0,BB,PRT,Offline TA/TO,TA/TO,0,0,0,D,D,0,No Deposit,243.0,0,Contract,50.85,0,0
Resort Hotel,1,223,2017,May,18,4,2,5,2,0.0,0,HB,PRT,Offline TA/TO,TA/TO,0,0,0,A,A,1,No Deposit,177.0,0,Transient,68.4,0,1
Resort Hotel,1,210,2017,May,18,4,2,5,2,0.0,0,HB,PRT,Offline TA/TO,TA/TO,0,0,0,E,E,0,No Deposit,177.0,0,Transient,90.0,0,1
Resort Hotel,1,227,2017,May,18,4,2,8,2,0.0,0,BB,GBR,Online TA,TA/TO,0,0,0,E,E,0,No Deposit,240.0,0,Transient,81.0,0,0
Resort Hotel,1,194,2017,May,18,4,4,10,2,0.0,0,HB,PRT,Online TA,TA/TO,0,0,0,F,F,0,No Deposit,241.0,0,Transient,139.51,0,0
Resort Hotel,1,19,2017,May,18,5,0,2,2,0.0,0,BB,PRT,Online TA,TA/TO,0,0,0,D,D,0,No Deposit,240.0,0,Transient,105.0,0,1
Resort Hotel,1,37,2017,May,18,5,0,2,2,0.0,0,HB,PRT,Online TA,TA/TO,0,0,0,D,D,0,No Deposit,240.0,0,Transient,136.0,0,1
Resort Hotel,1,214,2017,May,18,5,0,2,2,0.0,0,BB,GBR,Online TA,TA/TO,0,0,0,A,A,0,No Deposit,240.0,0,Transient,54.0,0,0
Resort Hotel,1,214,2017,May,18,5,0,2,2,0.0,0,BB,GBR,Online TA,TA/TO,0,0,0,A,A,0,No Deposit,240.0,0,Transient,54.0,0,0
Resort Hotel,1,14,2017,May,18,5,0,2,2,0.0,0,BB,ESP,Online TA,TA/TO,0,0,0,A,A,0,No Deposit,240.0,0,Transient,90.0,0,1
Resort Hotel,1,214,2017,May,18,5,0,2,2,0.0,0,BB,GBR,Online TA,TA/TO,0,0,0,A,A,0,No Deposit,240.0,0,Transient,54.0,0,0
Resort Hotel,1,214,2017,May,18,5,0,2,2,0.0,0,BB,GBR,Online TA,TA/TO,0,0,0,A,A,0,No Deposit,240.0,0,Transient,54.0,0,0
Resort Hotel,1,29,2017,May,18,5,0,2,2,0.0,0,BB,ESP,Online TA,TA/TO,0,0,0,D,D,0,No Deposit,240.0,0,Transient,104.0,0,1
Resort Hotel,1,5,2017,May,18,5,0,2,2,0.0,0,HB,PRT,Online TA,TA/TO,0,0,0,A,A,0,No Deposit,240.0,0,Transient,112.0,0,1
Resort Hotel,1,214,2017,May,18,5,0,2,2,0.0,0,BB,GBR,Online TA,TA/TO,0,0,0,A,A,0,No Deposit,240.0,0,Transient,54.0,0,0
Resort Hotel,1,214,2017,May,18,5,0,2,2,0.0,0,BB,GBR,Online TA,TA/TO,0,0,0,A,A,0,No Deposit,240.0,0,Transient,54.0,0,0
Resort Hotel,1,214,2017,May,18,5,0,2,2,0.0,0,BB,GBR,Online TA,TA/TO,0,0,0,A,A,0,No Deposit,240.0,0,Transient,54.0,0,0
Resort Hotel,1,49,2017,May,18,5,1,2,2,0.0,0,BB,FRA,Online TA,TA/TO,0,0,0,D,D,0,No Deposit,240.0,0,Transient,100.0,0,1
Resort Hotel,1,89,2017,May,18,5,1,2,2,0.0,0,BB,BRA,Online TA,TA/TO,0,0,0,E,E,0,No Deposit,240.0,0,Transient,115.0,0,0
Resort Hotel,1,44,2017,May,18,5,1,2,2,0.0,0,BB,BRA,Direct,Direct,0,0,0,D,D,0,No Deposit,250.0,0,Transient,107.17,0,2
Resort Hotel,1,54,2017,May,18,5,2,2,2,0.0,0,BB,GBR,Online TA,TA/TO,0,0,0,D,D,0,No Deposit,240.0,0,Transient,100.0,0,1
Resort Hotel,1,6,2017,May,18,5,2,3,2,0.0,0,BB,PRT,Direct,Direct,0,0,0,G,G,2,No Deposit,250.0,0,Transient,195.0,0,0
Resort Hotel,1,106,2017,May,18,5,2,3,2,0.0,0,BB,IRL,Online TA,TA/TO,0,0,0,A,A,0,No Deposit,240.0,0,Transient,85.0,0,1
Resort Hotel,1,226,2017,May,18,5,2,5,2,0.0,0,HB,GBR,Online TA,TA/TO,0,0,0,E,E,0,No Deposit,240.0,0,Transient,109.8,0,0
Resort Hotel,1,226,2017,May,18,5,2,5,2,0.0,0,HB,GBR,Online TA,TA/TO,0,0,0,E,E,0,No Deposit,240.0,0,Transient,109.8,0,0
Resort Hotel,1,233,2017,May,18,5,2,5,2,0.0,0,BB,GBR,Online TA,TA/TO,0,0,0,A,A,0,No Deposit,240.0,0,Transient,60.0,0,2
Resort Hotel,1,233,2017,May,18,5,2,5,2,0.0,0,HB,PRT,Online TA,TA/TO,0,0,0,A,A,0,No Deposit,175.0,0,Transient,66.24,0,0
Resort Hotel,1,93,2017,May,18,5,2,5,2,0.0,0,BB,PRT,Online TA,TA/TO,0,0,0,D,D,0,No Deposit,240.0,0,Transient,100.0,0,2
Resort Hotel,1,295,2017,May,18,5,2,6,2,0.0,0,BB,GBR,Online TA,TA/TO,0,0,0,A,A,0,No Deposit,240.0,0,Transient,54.0,0,1
Resort Hotel,1,330,2017,May,18,5,6,12,2,0.0,0,BB,GBR,Online TA,TA/TO,0,0,0,D,D,0,No Deposit,240.0,0,Transient,75.0,0,0
Resort Hotel,1,116,2017,May,18,6,0,1,2,0.0,0,BB,CHN,Online TA,TA/TO,0,0,0,A,A,0,No Deposit,240.0,0,Transient,85.0,0,1
Resort Hotel,1,116,2017,May,18,6,0,1,2,0.0,0,BB,CHN,Online TA,TA/TO,0,0,0,A,A,0,No Deposit,240.0,0,Transient,85.0,0,2
Resort Hotel,1,115,2017,May,18,6,1,1,2,0.0,0,BB,FRA,Online TA,TA/TO,0,0,0,D,D,0,No Deposit,240.0,0,Transient,100.0,0,1
Resort Hotel,1,227,2017,May,18,6,2,5,2,0.0,0,BB,GBR,Online TA,TA/TO,0,0,0,E,E,0,No Deposit,240.0,0,Transient,81.0,0,0
Resort Hotel,1,227,2017,May,18,6,2,5,2,0.0,0,BB,IRL,Online TA,TA/TO,0,0,0,A,A,0,No Deposit,240.0,0,Transient,54.0,0,2
Resort Hotel,1,152,2017,May,18,6,2,6,2,0.0,0,HB,PRT,Online TA,TA/TO,0,0,0,A,A,0,No Deposit,240.0,0,Transient,115.0,0,1
Resort Hotel,1,49,2017,May,19,7,2,0,2,0.0,0,HB,DEU,Online TA,TA/TO,0,0,0,D,D,0,No Deposit,240.0,0,Transient,132.0,0,0
Resort Hotel,1,136,2017,May,19,7,2,0,2,0.0,0,BB,PRT,Online TA,TA/TO,0,0,0,E,E,0,No Deposit,242.0,0,Transient,115.0,0,1
Resort Hotel,1,136,2017,May,19,7,2,0,2,0.0,0,BB,PRT,Online TA,TA/TO,0,0,0,E,E,0,No Deposit,242.0,0,Transient,115.0,0,1
Resort Hotel,1,17,2017,May,19,7,2,1,2,0.0,0,BB,PRT,Online TA,TA/TO,0,0,0,A,A,0,No Deposit,241.0,0,Transient,68.0,0,1
Resort Hotel,1,319,2017,May,19,7,2,3,2,0.0,0,BB,IRL,Online TA,TA/TO,0,0,0,A,A,0,No Deposit,240.0,0,Transient,54.0,0,0
Resort Hotel,1,123,2017,May,19,7,2,5,2,0.0,0,BB,CHE,Direct,Direct,0,0,0,D,D,0,No Deposit,250.0,0,Transient,90.0,0,1
Resort Hotel,1,257,2017,May,19,7,2,5,2,0.0,0,BB,CHE,Online TA,TA/TO,0,0,0,E,E,3,No Deposit,240.0,0,Transient,90.0,0,1
Resort Hotel,1,70,2017,May,19,7,2,5,2,0.0,0,BB,IRL,Online TA,TA/TO,0,0,0,D,D,0,No Deposit,240.0,0,Transient,100.0,0,1
Resort Hotel,1,82,2017,May,19,8,1,3,2,0.0,0,BB,ROU,Online TA,TA/TO,0,0,0,A,A,0,No Deposit,240.0,0,Transient,85.0,0,0
Resort Hotel,1,104,2017,May,19,8,1,3,2,0.0,0,BB,PRT,Offline TA/TO,TA/TO,0,0,0,A,A,0,No Deposit,410.0,0,Transient,40.95,0,0
Resort Hotel,1,158,2017,May,19,8,1,4,2,0.0,0,BB,FRA,Online TA,TA/TO,0,0,0,A,A,0,No Deposit,240.0,0,Transient,85.0,0,0
Resort Hotel,1,82,2017,May,19,8,1,3,2,0.0,0,BB,ROU,Online TA,TA/TO,0,0,0,A,A,0,No Deposit,240.0,0,Transient,85.0,0,0
Resort Hotel,1,217,2017,May,19,8,2,5,2,0.0,0,HB,PRT,Groups,TA/TO,0,0,0,A,A,2,No Deposit,434.0,61,Transient-Party,80.0,0,0
Resort Hotel,1,183,2017,May,19,8,4,10,2,0.0,0,BB,DEU,Online TA,TA/TO,0,0,0,D,D,0,No Deposit,240.0,0,Transient,96.43,0,2
Resort Hotel,1,15,2017,May,19,9,0,2,2,0.0,0,BB,CN,Online TA,TA/TO,0,0,0,A,A,0,No Deposit,240.0,0,Transient,90.0,0,0
Resort Hotel,1,7,2017,May,19,9,0,2,2,0.0,0,BB,USA,Online TA,TA/TO,0,0,0,A,A,0,No Deposit,240.0,0,Transient,85.0,0,1
Resort Hotel,1,302,2017,May,19,9,0,4,2,0.0,0,HB,PRT,Groups,Direct,0,0,0,A,A,0,No Deposit,,0,Transient-Party,81.0,0,0
Resort Hotel,1,302,2017,May,19,9,0,4,2,0.0,0,HB,PRT,Groups,Direct,0,0,0,A,A,0,No Deposit,,0,Transient-Party,81.0,0,0
Resort Hotel,1,302,2017,May,19,9,0,4,2,0.0,0,HB,PRT,Groups,Direct,0,0,0,A,A,0,No Deposit,,0,Transient-Party,81.0,0,0
Resort Hotel,1,47,2017,May,19,9,0,3,2,0.0,0,BB,CN,Online TA,TA/TO,0,0,0,E,E,0,No Deposit,240.0,0,Transient,115.0,0,1
Resort Hotel,1,302,2017,May,19,9,0,4,2,0.0,0,HB,PRT,Groups,Direct,0,0,0,A,A,0,No Deposit,,0,Transient-Party,81.0,0,0
Resort Hotel,1,257,2017,May,19,9,0,4,2,0.0,0,HB,PRT,Groups,Direct,0,0,0,D,D,0,No Deposit,,0,Transient-Party,91.0,0,0
Resort Hotel,1,302,2017,May,19,9,0,4,2,0.0,0,HB,PRT,Groups,Direct,0,0,0,A,A,0,No Deposit,,0,Transient-Party,81.0,0,0
Resort Hotel,1,302,2017,May,19,9,0,4,2,0.0,0,HB,PRT,Groups,Direct,0,0,0,A,A,0,No Deposit,,0,Transient-Party,81.0,0,0
Resort Hotel,1,302,2017,May,19,9,0,4,2,0.0,0,HB,PRT,Groups,Direct,0,0,0,A,A,0,No Deposit,,0,Transient-Party,81.0,0,0
Resort Hotel,1,302,2017,May,19,9,0,4,2,0.0,0,HB,PRT,Groups,Direct,0,0,0,A,A,0,No Deposit,,0,Transient-Party,81.0,0,0
Resort Hotel,1,302,2017,May,19,9,0,4,2,0.0,0,HB,PRT,Groups,Direct,0,0,0,A,A,0,No Deposit,,0,Transient-Party,81.0,0,0
Resort Hotel,1,302,2017,May,19,9,0,4,2,0.0,0,HB,PRT,Groups,Direct,0,0,0,A,A,0,No Deposit,,0,Transient-Party,81.0,0,0
Resort Hotel,1,231,2017,May,19,9,0,4,2,0.0,0,HB,PRT,Groups,Direct,0,0,0,A,A,0,No Deposit,,0,Transient-Party,81.0,0,0
Resort Hotel,1,302,2017,May,19,9,0,4,2,0.0,0,HB,PRT,Groups,Direct,0,0,0,A,A,0,No Deposit,,0,Transient-Party,81.0,0,0
Resort Hotel,1,302,2017,May,19,9,0,4,2,0.0,0,HB,PRT,Groups,Direct,0,0,0,A,A,0,No Deposit,,0,Transient-Party,81.0,0,0
Resort Hotel,1,302,2017,May,19,9,0,4,2,0.0,0,HB,PRT,Groups,Direct,0,0,0,A,A,0,No Deposit,,0,Transient-Party,81.0,0,0
Resort Hotel,1,302,2017,May,19,9,0,4,2,0.0,0,HB,PRT,Groups,Direct,0,0,0,A,A,0,No Deposit,,0,Transient-Party,81.0,0,0
Resort Hotel,1,296,2017,May,19,10,0,1,2,0.0,0,BB,GBR,Online TA,TA/TO,0,0,0,D,D,0,No Deposit,240.0,0,Transient,67.5,0,2
Resort Hotel,1,303,2017,May,19,10,0,1,2,0.0,0,BB,GBR,Online TA,TA/TO,0,0,0,D,D,2,No Deposit,240.0,0,Transient,67.5,0,2
Resort Hotel,1,14,2017,May,19,10,2,5,2,0.0,0,BB,DEU,Online TA,TA/TO,0,0,0,A,A,0,No Deposit,240.0,0,Transient,96.14,0,0
Resort Hotel,1,130,2017,May,19,10,2,8,2,0.0,0,BB,IRL,Online TA,TA/TO,0,0,0,D,D,0,No Deposit,240.0,0,Transient,100.0,0,2
Resort Hotel,1,130,2017,May,19,10,2,8,2,0.0,0,BB,IRL,Online TA,TA/TO,0,0,0,D,D,0,No Deposit,240.0,0,Transient,100.0,0,2
Resort Hotel,1,288,2017,May,19,10,2,5,2,0.0,0,BB,GBR,Online TA,TA/TO,0,0,0,A,A,0,No Deposit,240.0,0,Transient,72.0,0,1
Resort Hotel,1,0,2017,May,19,11,0,1,2,0.0,0,BB,PRT,Direct,Direct,0,0,0,A,A,0,No Deposit,250.0,0,Transient,80.0,0,0
Resort Hotel,1,29,2017,May,19,11,0,3,2,0.0,0,BB,ESP,Online TA,TA/TO,0,0,0,A,C,1,No Deposit,240.0,0,Transient,89.0,0,1
Resort Hotel,1,77,2017,May,19,11,0,3,2,0.0,0,BB,EST,Online TA,TA/TO,0,0,0,A,A,0,No Deposit,240.0,0,Transient,85.0,0,0
Resort Hotel,1,154,2017,May,19,11,2,3,2,0.0,0,BB,BEL,Online TA,TA/TO,0,0,0,A,A,0,No Deposit,240.0,0,Transient,85.0,0,1
Resort Hotel,1,150,2017,May,19,11,2,3,2,0.0,0,BB,BEL,Online TA,TA/TO,0,0,0,A,A,0,No Deposit,240.0,0,Transient,85.0,0,0
Resort Hotel,1,77,2017,May,19,11,2,3,2,0.0,0,BB,PRT,Online TA,TA/TO,0,0,0,A,A,0,No Deposit,242.0,0,Transient,85.0,0,1
Resort Hotel,1,233,2017,May,19,11,2,3,2,0.0,0,BB,IRL,Online TA,TA/TO,0,0,0,A,A,0,No Deposit,240.0,0,Transient,54.0,0,1
Resort Hotel,1,233,2017,May,19,11,2,3,2,0.0,0,BB,IRL,Online TA,TA/TO,0,0,0,D,D,0,No Deposit,240.0,0,Transient,67.5,0,0
Resort Hotel,1,10,2017,May,19,11,0,3,2,0.0,0,BB,PRT,Online TA,TA/TO,0,0,0,A,A,0,No Deposit,240.0,0,Transient,96.67,0,3
Resort Hotel,1,116,2017,May,19,11,0,3,2,0.0,0,BB,IRL,Online TA,TA/TO,0,0,0,D,D,0,No Deposit,240.0,0,Transient-Party,100.0,0,0
Resort Hotel,1,94,2017,May,19,11,2,6,2,0.0,0,HB,FRA,Direct,Direct,0,0,0,D,D,1,No Deposit,250.0,0,Transient,127.0,0,0
Resort Hotel,1,8,2017,May,19,12,0,1,2,0.0,0,BB,PRT,Online TA,TA/TO,0,0,0,A,A,0,No Deposit,240.0,0,Transient,85.0,0,2
Resort Hotel,1,98,2017,May,19,12,0,2,2,0.0,0,BB,PRT,Online TA,TA/TO,0,0,0,A,A,0,No Deposit,240.0,0,Transient,85.0,0,1
Resort Hotel,1,22,2017,May,19,12,1,2,2,0.0,0,BB,PRT,Online TA,TA/TO,0,0,0,A,A,0,No Deposit,240.0,0,Transient,90.0,0,1
Resort Hotel,1,102,2017,May,19,12,2,3,2,0.0,0,BB,DEU,Online TA,TA/TO,0,0,0,A,A,0,No Deposit,240.0,0,Transient,85.0,0,0
Resort Hotel,1,120,2017,May,19,12,2,5,2,0.0,0,BB,IRL,Online TA,TA/TO,0,0,0,D,D,0,No Deposit,240.0,0,Transient,100.0,0,2
Resort Hotel,1,120,2017,May,19,12,2,5,2,0.0,0,BB,IRL,Online TA,TA/TO,0,0,0,D,D,0,No Deposit,240.0,0,Transient,100.0,0,2
Resort Hotel,1,263,2017,May,19,12,2,7,2,0.0,0,BB,IRL,Online TA,TA/TO,0,0,0,A,A,0,No Deposit,240.0,0,Transient-Party,54.0,0,2
Resort Hotel,1,201,2017,May,19,13,1,1,2,0.0,0,BB,USA,Online TA,TA/TO,0,0,0,A,A,0,No Deposit,240.0,0,Transient,76.5,0,1
Resort Hotel,1,201,2017,May,19,13,1,1,2,0.0,0,BB,USA,Online TA,TA/TO,0,0,0,A,A,0,No Deposit,240.0,0,Transient,76.5,0,1
Resort Hotel,1,95,2017,May,19,13,1,1,2,0.0,0,BB,ESP,Online TA,TA/TO,0,0,0,E,E,0,No Deposit,240.0,0,Transient,115.0,0,1
Resort Hotel,1,201,2017,May,19,13,1,1,2,0.0,0,BB,USA,Online TA,TA/TO,0,0,0,A,A,0,No Deposit,240.0,0,Transient,76.5,0,1
Resort Hotel,1,38,2017,May,19,13,2,2,2,0.0,0,HB,ESP,Online TA,TA/TO,0,0,0,E,E,0,No Deposit,240.0,0,Transient,151.0,0,2
Resort Hotel,1,2,2017,May,19,13,2,2,2,0.0,0,HB,MAR,Online TA,TA/TO,0,0,0,A,E,0,No Deposit,240.0,0,Transient,119.5,0,0
Resort Hotel,1,9,2017,May,19,13,2,1,2,0.0,0,HB,PRT,Direct,Direct,0,0,0,A,A,1,No Deposit,250.0,0,Transient,119.08,0,1
Resort Hotel,1,134,2017,May,19,13,2,3,2,0.0,0,BB,CHE,Online TA,TA/TO,0,0,0,E,E,0,No Deposit,240.0,0,Transient,122.0,0,2
Resort Hotel,1,70,2017,May,19,13,2,2,2,0.0,0,HB,PRT,Online TA,TA/TO,0,0,0,E,E,0,No Deposit,240.0,0,Transient,147.0,0,0
Resort Hotel,1,124,2017,May,19,13,2,4,2,0.0,0,HB,ESP,Online TA,TA/TO,0,0,0,A,A,0,No Deposit,240.0,0,Transient,115.0,0,1
Resort Hotel,1,189,2017,May,19,13,2,5,2,0.0,0,BB,PRT,Offline TA/TO,TA/TO,0,0,0,D,D,0,No Deposit,40.0,0,Contract,50.85,0,0
Resort Hotel,1,261,2017,May,19,13,2,5,2,0.0,0,BB,IRL,Online TA,TA/TO,0,0,0,A,A,0,No Deposit,240.0,0,Transient,54.0,0,0
Resort Hotel,1,89,2017,May,19,13,2,6,2,0.0,0,BB,GBR,Online TA,TA/TO,0,0,0,E,E,0,No Deposit,240.0,0,Transient,115.0,0,2
Resort Hotel,1,89,2017,May,19,13,2,6,2,0.0,0,BB,GBR,Online TA,TA/TO,0,0,0,E,E,0,No Deposit,240.0,0,Transient,115.0,0,2
Resort Hotel,1,217,2017,May,19,13,2,6,2,0.0,0,BB,IRL,Online TA,TA/TO,0,0,0,D,D,2,No Deposit,240.0,0,Transient,90.0,0,0
Resort Hotel,1,337,2017,May,19,13,4,6,2,0.0,0,BB,IRL,Online TA,TA/TO,0,0,0,A,A,0,No Deposit,240.0,0,Transient,54.0,0,0
Resort Hotel,1,338,2017,May,19,13,4,6,2,0.0,0,BB,IRL,Online TA,TA/TO,0,0,0,A,A,0,No Deposit,240.0,0,Transient,60.0,0,0
Resort Hotel,1,10,2017,May,19,13,4,7,2,0.0,0,BB,PRT,Offline TA/TO,TA/TO,0,0,0,D,D,0,No Deposit,243.0,0,Transient,56.5,0,1
Resort Hotel,1,47,2017,May,20,14,1,0,2,0.0,0,BB,PRT,Online TA,TA/TO,0,0,0,A,A,0,No Deposit,240.0,0,Transient,89.0,0,0
Resort Hotel,1,101,2017,May,20,14,1,0,2,0.0,0,BB,PRT,Offline TA/TO,TA/TO,0,0,0,D,D,0,No Deposit,251.0,0,Transient-Party,62.0,0,0
Resort Hotel,1,3,2017,May,20,14,1,0,2,0.0,0,BB,PRT,Corporate,Corporate,0,0,0,A,A,0,No Deposit,,0,Transient,95.0,0,0
Resort Hotel,1,313,2017,May,20,14,2,3,2,0.0,0,BB,PRT,Online TA,TA/TO,0,0,0,A,A,0,No Deposit,240.0,0,Transient,54.0,0,0
Resort Hotel,1,272,2017,May,20,14,2,4,2,0.0,0,HB,PRT,Online TA,TA/TO,0,0,0,A,A,0,No Deposit,240.0,0,Transient,82.8,0,1
Resort Hotel,1,305,2017,May,20,14,2,5,2,0.0,0,HB,IRL,Online TA,TA/TO,0,0,0,E,E,0,No Deposit,240.0,0,Transient,109.8,0,0
Resort Hotel,1,278,2017,May,20,14,2,5,2,0.0,0,BB,GBR,Online TA,TA/TO,0,0,0,D,D,0,No Deposit,240.0,0,Transient,67.5,0,1
Resort Hotel,1,180,2017,May,20,14,2,5,2,0.0,0,BB,GBR,Online TA,TA/TO,0,0,0,A,A,0,No Deposit,240.0,0,Transient,85.0,0,2
Resort Hotel,1,305,2017,May,20,14,2,5,2,0.0,0,HB,IRL,Online TA,TA/TO,0,0,0,E,E,0,No Deposit,240.0,0,Transient,109.8,0,0
Resort Hotel,1,302,2017,May,20,14,2,5,2,0.0,0,HB,IRL,Online TA,TA/TO,0,0,0,E,E,2,No Deposit,240.0,0,Transient,109.8,0,1
Resort Hotel,1,158,2017,May,20,14,4,7,2,0.0,0,BB,PRT,Offline TA/TO,TA/TO,0,0,0,D,D,0,No Deposit,243.0,0,Transient,50.85,0,0
Resort Hotel,1,41,2017,May,20,15,1,1,2,0.0,0,BB,GBR,Online TA,TA/TO,0,0,0,D,D,0,No Deposit,240.0,0,Transient,104.0,0,1
Resort Hotel,1,41,2017,May,20,15,1,1,2,0.0,0,BB,GBR,Online TA,TA/TO,0,0,0,E,E,0,No Deposit,240.0,0,Transient,119.0,0,1
Resort Hotel,1,284,2017,May,20,15,1,1,2,0.0,0,HB,PRT,Online TA,TA/TO,0,0,0,A,A,0,No Deposit,240.0,0,Transient,82.8,0,1
Resort Hotel,1,41,2017,May,20,15,1,1,2,0.0,0,BB,GBR,Online TA,TA/TO,0,0,0,D,D,0,No Deposit,240.0,0,Transient,104.0,0,1
Resort Hotel,1,60,2017,May,20,15,1,5,2,0.0,0,BB,PRT,Online TA,TA/TO,0,0,0,C,C,0,No Deposit,242.0,0,Transient,125.0,0,1
Resort Hotel,1,258,2017,May,20,15,2,5,2,0.0,0,BB,PRT,Online TA,TA/TO,0,0,0,D,D,0,No Deposit,147.0,0,Transient,54.0,0,0
Resort Hotel,1,144,2017,May,20,15,3,6,2,0.0,0,BB,PRT,Offline TA/TO,TA/TO,0,0,0,D,D,0,No Deposit,71.0,0,Transient,8.0,0,0
Resort Hotel,1,201,2017,May,20,15,4,10,2,0.0,0,BB,PRT,Offline TA/TO,TA/TO,0,0,0,D,D,0,No Deposit,40.0,0,Contract,74.03,0,0
Resort Hotel,1,14,2017,May,20,16,0,5,2,0.0,0,BB,PRT,Online TA,TA/TO,0,0,0,C,C,0,No Deposit,242.0,0,Transient,132.0,0,1
Resort Hotel,1,96,2017,May,20,16,2,5,2,0.0,0,HB,PRT,Offline TA/TO,TA/TO,0,0,0,D,D,0,No Deposit,143.0,0,Transient,78.85,0,2
Resort Hotel,1,134,2017,May,20,16,2,5,2,0.0,0,BB,GBR,Online TA,TA/TO,0,0,0,A,A,0,No Deposit,240.0,0,Transient,85.0,0,1
Resort Hotel,1,90,2017,May,20,16,2,5,2,0.0,0,BB,PRT,Online TA,TA/TO,0,0,0,C,C,0,No Deposit,314.0,0,Transient,98.4,0,0
Resort Hotel,1,30,2017,May,20,17,0,3,2,0.0,0,BB,ESP,Online TA,TA/TO,0,0,0,A,A,0,No Deposit,240.0,0,Transient,90.0,0,0
Resort Hotel,1,25,2017,May,20,17,0,3,2,0.0,0,BB,ESP,Online TA,TA/TO,0,0,0,A,A,0,No Deposit,240.0,0,Transient,90.0,0,1
Resort Hotel,1,322,2017,May,20,17,0,4,2,0.0,0,BB,IRL,Online TA,TA/TO,0,0,0,A,A,0,No Deposit,240.0,0,Transient,72.0,0,1
Resort Hotel,1,116,2017,May,20,17,2,5,2,0.0,0,BB,IRL,Online TA,TA/TO,0,0,0,A,A,0,No Deposit,240.0,0,Transient,85.0,0,1
Resort Hotel,1,336,2017,May,20,17,2,5,2,0.0,0,BB,GBR,Online TA,TA/TO,0,0,0,A,A,0,No Deposit,240.0,0,Transient,54.86,0,1
Resort Hotel,1,310,2017,May,20,17,2,5,2,0.0,0,BB,GBR,Online TA,TA/TO,0,0,0,A,A,0,No Deposit,240.0,0,Transient,54.0,0,0
Resort Hotel,1,107,2017,May,20,17,2,5,2,0.0,0,HB,FRA,Online TA,TA/TO,0,0,0,E,E,0,No Deposit,240.0,0,Transient,147.0,0,0
Resort Hotel,1,222,2017,May,20,17,2,5,2,0.0,0,BB,PRT,Offline TA/TO,TA/TO,0,0,0,E,E,0,No Deposit,177.0,0,Transient,64.8,0,0
Resort Hotel,1,107,2017,May,20,17,2,5,2,0.0,0,HB,FRA,Online TA,TA/TO,0,0,0,E,E,0,No Deposit,240.0,0,Transient,147.0,0,0
Resort Hotel,1,152,2017,May,20,18,0,1,2,0.0,0,BB,PRT,Online TA,TA/TO,0,0,0,F,F,2,No Deposit,242.0,0,Transient,125.0,0,1
Resort Hotel,1,178,2017,May,20,18,0,3,2,0.0,0,HB,FRA,Online TA,TA/TO,0,0,0,E,E,0,No Deposit,240.0,0,Transient,145.0,0,0
Resort Hotel,1,21,2017,May,20,18,0,3,2,0.0,0,BB,IRL,Online TA,TA/TO,0,0,0,A,A,0,No Deposit,240.0,0,Transient,99.0,0,1
Resort Hotel,1,178,2017,May,20,18,0,3,2,0.0,0,HB,FRA,Online TA,TA/TO,0,0,0,E,E,0,No Deposit,240.0,0,Transient,145.0,0,0
Resort Hotel,1,333,2017,May,20,18,2,3,2,0.0,0,BB,GBR,Online TA,TA/TO,0,0,0,A,A,0,No Deposit,240.0,0,Transient,54.0,0,0
Resort Hotel,1,124,2017,May,20,18,2,3,2,0.0,0,BB,DEU,Online TA,TA/TO,0,0,0,A,A,0,No Deposit,240.0,0,Transient,85.0,0,1
Resort Hotel,1,165,2017,May,20,18,2,5,2,0.0,0,BB,FRA,Online TA,TA/TO,0,0,0,A,A,0,No Deposit,240.0,0,Transient,85.0,0,0
Resort Hotel,1,262,2017,May,20,18,2,5,2,0.0,0,BB,IRL,Online TA,TA/TO,0,0,0,D,D,0,No Deposit,240.0,0,Transient,67.5,0,0
Resort Hotel,1,266,2017,May,20,18,2,5,2,0.0,0,BB,GBR,Online TA,TA/TO,0,0,0,E,E,0,No Deposit,240.0,0,Transient,81.0,0,1
Resort Hotel,1,15,2017,May,20,19,0,2,2,0.0,0,BB,GBR,Online TA,TA/TO,0,0,0,A,A,0,No Deposit,240.0,0,Transient,102.5,0,0
Resort Hotel,1,33,2017,May,20,19,0,2,2,0.0,0,BB,PRT,Online TA,TA/TO,0,0,0,A,A,0,No Deposit,240.0,0,Transient,90.0,0,1
Resort Hotel,1,207,2017,May,20,19,2,2,2,0.0,0,HB,ESP,Online TA,TA/TO,0,0,0,D,D,2,No Deposit,240.0,0,Transient,117.0,0,1
Resort Hotel,1,207,2017,May,20,19,2,2,2,0.0,0,HB,ESP,Online TA,TA/TO,0,0,0,D,D,2,No Deposit,240.0,0,Transient,117.0,0,1
Resort Hotel,1,112,2017,May,20,19,2,5,2,0.0,0,BB,CHE,Direct,Direct,0,0,0,F,F,0,No Deposit,250.0,0,Transient,112.5,0,0
Resort Hotel,1,299,2017,May,20,19,2,5,2,0.0,0,BB,IRL,Online TA,TA/TO,0,0,0,D,D,0,No Deposit,240.0,0,Transient,67.5,0,0
Resort Hotel,1,300,2017,May,20,19,2,5,2,0.0,0,BB,IRL,Online TA,TA/TO,0,0,0,D,D,0,No Deposit,240.0,0,Transient,67.5,0,0
Resort Hotel,1,205,2017,May,20,19,2,5,2,0.0,0,BB,PRT,Offline TA/TO,TA/TO,0,0,0,D,D,0,No Deposit,40.0,0,Contract,67.32,0,0
Resort Hotel,1,131,2017,May,20,20,0,1,2,0.0,0,BB,PRT,Offline TA/TO,TA/TO,0,0,0,A,C,2,No Deposit,171.0,0,Transient,43.2,0,0
Resort Hotel,1,93,2017,May,20,20,2,2,2,0.0,0,BB,PRT,Online TA,TA/TO,0,0,0,D,D,0,No Deposit,314.0,0,Transient,80.0,0,0
Resort Hotel,1,86,2017,May,20,20,2,2,2,0.0,0,BB,PRT,Offline TA/TO,TA/TO,0,0,0,A,A,0,No Deposit,410.0,0,Transient,45.5,0,0
Resort Hotel,1,263,2017,May,20,20,2,4,2,0.0,0,HB,GBR,Online TA,TA/TO,0,0,0,E,E,0,No Deposit,240.0,0,Transient,114.15,0,2
Resort Hotel,1,15,2017,May,20,20,2,5,2,0.0,0,HB,PRT,Online TA,TA/TO,0,0,0,A,A,0,No Deposit,175.0,0,Transient,105.6,0,0
Resort Hotel,1,471,2017,May,20,20,2,5,2,0.0,0,BB,PRT,Groups,TA/TO,0,0,0,A,A,0,Non Refund,96.0,0,Transient,47.0,0,0
Resort Hotel,1,104,2017,May,20,20,2,5,2,0.0,0,BB,IRL,Direct,Direct,0,0,0,A,A,0,No Deposit,250.0,0,Transient,80.0,0,0
Resort Hotel,1,471,2017,May,20,20,2,5,2,0.0,0,BB,PRT,Groups,TA/TO,0,0,0,A,A,0,Non Refund,96.0,0,Transient,47.0,0,0
Resort Hotel,1,471,2017,May,20,20,2,5,2,0.0,0,BB,PRT,Groups,TA/TO,0,0,0,A,A,0,Non Refund,96.0,0,Transient,47.0,0,0
Resort Hotel,1,226,2017,May,20,20,2,5,2,0.0,0,BB,GBR,Online TA,TA/TO,0,0,0,D,D,0,No Deposit,240.0,0,Transient,76.03,0,1
Resort Hotel,1,471,2017,May,20,20,2,5,2,0.0,0,BB,PRT,Groups,TA/TO,0,0,0,A,A,0,Non Refund,96.0,0,Transient,47.0,0,0
Resort Hotel,1,471,2017,May,20,20,2,5,2,0.0,0,BB,PRT,Groups,TA/TO,0,0,0,A,A,0,Non Refund,96.0,0,Transient,47.0,0,0
Resort Hotel,1,471,2017,May,20,20,2,5,2,0.0,0,BB,PRT,Groups,TA/TO,0,0,0,A,A,0,Non Refund,96.0,0,Transient,47.0,0,0
Resort Hotel,1,60,2017,May,21,21,2,0,2,0.0,0,BB,PRT,Corporate,Corporate,0,0,0,A,A,1,No Deposit,,0,Transient-Party,60.0,0,1
Resort Hotel,1,191,2017,May,21,21,2,3,2,0.0,0,BB,DEU,Online TA,TA/TO,0,0,0,A,C,1,No Deposit,240.0,0,Transient,85.0,0,1
Resort Hotel,1,139,2017,May,21,21,2,3,2,0.0,0,BB,GBR,Online TA,TA/TO,0,0,0,E,E,0,No Deposit,240.0,0,Transient,115.0,0,0
Resort Hotel,1,253,2017,May,21,21,2,4,2,0.0,0,BB,FRA,Online TA,TA/TO,0,0,0,E,E,2,No Deposit,240.0,0,Transient,89.7,0,1
Resort Hotel,1,237,2017,May,21,21,2,4,2,0.0,0,BB,FRA,Online TA,TA/TO,0,0,0,D,D,0,No Deposit,240.0,0,Transient,76.2,0,1
Resort Hotel,1,251,2017,May,21,21,2,4,2,0.0,0,BB,FRA,Direct,Direct,0,0,0,E,E,0,No Deposit,,0,Transient,89.7,0,1
Resort Hotel,1,237,2017,May,21,21,2,4,2,0.0,0,BB,FRA,Online TA,TA/TO,0,0,0,D,D,0,No Deposit,240.0,0,Transient,76.2,0,1
Resort Hotel,1,107,2017,May,21,22,1,2,2,0.0,0,HB,ESP,Online TA,TA/TO,0,0,0,A,A,1,No Deposit,240.0,0,Transient,117.0,0,0
Resort Hotel,1,5,2017,May,21,22,1,3,2,0.0,0,BB,ESP,Online TA,TA/TO,0,0,0,A,A,0,No Deposit,240.0,0,Transient,90.0,0,2
Resort Hotel,1,139,2017,May,21,22,1,3,2,0.0,0,BB,NLD,Online TA,TA/TO,0,0,0,E,E,0,No Deposit,240.0,0,Transient,115.0,0,1
Resort Hotel,1,220,2017,May,21,22,3,7,2,0.0,0,HB,GBR,Direct,Direct,0,0,0,A,A,0,No Deposit,250.0,0,Transient,86.5,0,0
Resort Hotel,1,17,2017,May,21,22,4,10,2,0.0,0,HB,GBR,Online TA,TA/TO,0,0,0,A,A,0,No Deposit,240.0,0,Transient,147.36,0,1
Resort Hotel,1,13,2017,May,21,23,0,1,2,0.0,0,BB,PRT,Online TA,TA/TO,0,0,0,A,A,0,No Deposit,240.0,0,Transient,60.0,0,1
Resort Hotel,1,53,2017,May,21,23,0,1,2,0.0,0,BB,PRT,Online TA,TA/TO,0,0,0,E,E,0,No Deposit,240.0,0,Transient,119.0,0,2
Resort Hotel,1,8,2017,May,21,23,0,2,2,0.0,0,BB,PRT,Complementary,Direct,0,0,0,A,A,0,No Deposit,,0,Transient,0.0,0,0
Resort Hotel,1,8,2017,May,21,23,0,2,2,0.0,0,BB,BRA,Online TA,TA/TO,0,0,0,A,A,0,No Deposit,240.0,0,Transient,54.0,0,1
Resort Hotel,1,92,2017,May,21,23,0,2,2,0.0,0,BB,PRT,Online TA,TA/TO,0,0,0,A,A,0,No Deposit,242.0,0,Transient,85.0,0,1
Resort Hotel,1,8,2017,May,21,23,0,2,2,0.0,0,BB,BRA,Online TA,TA/TO,0,0,0,A,A,0,No Deposit,240.0,0,Transient,54.0,0,1
Resort Hotel,1,8,2017,May,21,23,0,2,2,0.0,0,BB,BRA,Online TA,TA/TO,0,0,0,A,A,0,No Deposit,240.0,0,Transient,45.9,0,1
Resort Hotel,1,280,2017,May,21,23,0,2,2,0.0,0,BB,DEU,Online TA,TA/TO,0,0,0,A,A,2,No Deposit,240.0,0,Transient,54.0,0,1
Resort Hotel,1,160,2017,May,21,23,2,6,2,0.0,0,BB,PRT,Groups,TA/TO,0,0,0,C,C,0,No Deposit,,0,Transient-Party,8.0,0,0
Resort Hotel,1,92,2017,May,21,24,0,1,2,0.0,0,BB,PRT,Online TA,TA/TO,0,0,0,A,A,0,No Deposit,241.0,0,Transient,68.0,0,1
Resort Hotel,1,92,2017,May,21,24,0,1,2,0.0,0,BB,PRT,Online TA,TA/TO,0,0,0,A,A,0,No Deposit,241.0,0,Transient,68.0,0,1
Resort Hotel,1,49,2017,May,21,24,0,4,2,0.0,0,BB,FRA,Online TA,TA/TO,0,0,0,A,A,0,No Deposit,240.0,0,Transient,89.0,0,1
Resort Hotel,1,269,2017,May,21,24,2,4,2,0.0,0,BB,CN,Online TA,TA/TO,0,0,0,D,D,0,No Deposit,240.0,0,Transient,89.25,0,3
Resort Hotel,1,317,2017,May,21,24,2,5,2,0.0,0,BB,IRL,Online TA,TA/TO,0,0,0,A,A,0,No Deposit,240.0,0,Transient,54.0,0,0
Resort Hotel,1,41,2017,May,21,25,0,1,2,0.0,0,HB,POL,Online TA,TA/TO,0,0,0,A,A,0,No Deposit,240.0,0,Transient,121.0,0,1
Resort Hotel,1,462,2017,May,21,25,0,3,2,0.0,0,HB,PRT,Groups,TA/TO,0,0,0,A,A,0,Non Refund,,0,Transient,78.0,0,0
Resort Hotel,1,462,2017,May,21,25,0,3,2,0.0,0,HB,PRT,Groups,TA/TO,0,0,0,A,A,0,Non Refund,,0,Transient,78.0,0,0
Resort Hotel,1,462,2017,May,21,25,0,3,2,0.0,0,HB,PRT,Groups,TA/TO,0,0,0,A,A,0,Non Refund,,0,Transient,78.0,0,0
Resort Hotel,1,203,2017,May,21,25,0,3,2,0.0,0,BB,PRT,Groups,TA/TO,0,0,0,D,D,0,Refundable,,0,Transient-Party,60.0,0,0
Resort Hotel,1,462,2017,May,21,25,0,3,2,0.0,0,HB,PRT,Groups,TA/TO,0,0,0,A,A,0,Non Refund,,0,Transient,78.0,0,0
Resort Hotel,1,462,2017,May,21,25,0,3,2,0.0,0,HB,PRT,Groups,TA/TO,0,0,0,A,A,0,Non Refund,,0,Transient,78.0,0,0
Resort Hotel,1,462,2017,May,21,25,0,3,2,0.0,0,HB,PRT,Groups,TA/TO,0,0,0,A,A,0,Non Refund,,0,Transient,78.0,0,0
Resort Hotel,1,462,2017,May,21,25,0,3,2,0.0,0,HB,PRT,Groups,TA/TO,0,0,0,A,A,0,Non Refund,,0,Transient,78.0,0,0
Resort Hotel,1,462,2017,May,21,25,0,3,2,0.0,0,HB,PRT,Groups,TA/TO,0,0,0,A,A,0,Non Refund,,0,Transient,78.0,0,0
Resort Hotel,1,462,2017,May,21,25,0,3,2,0.0,0,HB,PRT,Groups,TA/TO,0,0,0,A,A,0,Non Refund,,0,Transient,78.0,0,0
Resort Hotel,1,462,2017,May,21,25,0,3,2,0.0,0,HB,PRT,Groups,TA/TO,0,0,0,A,A,0,Non Refund,,0,Transient,78.0,0,0
Resort Hotel,1,462,2017,May,21,25,0,3,2,0.0,0,HB,PRT,Groups,TA/TO,0,0,0,A,A,0,Non Refund,,0,Transient,78.0,0,0
Resort Hotel,1,462,2017,May,21,25,0,3,2,0.0,0,HB,PRT,Groups,TA/TO,0,0,0,A,A,0,Non Refund,,0,Transient,78.0,0,0
Resort Hotel,1,462,2017,May,21,25,0,3,2,0.0,0,HB,PRT,Groups,TA/TO,0,0,0,A,A,0,Non Refund,,0,Transient,78.0,0,0
Resort Hotel,1,462,2017,May,21,25,0,3,2,0.0,0,HB,PRT,Groups,TA/TO,0,0,0,A,A,0,Non Refund,,0,Transient,78.0,0,0
Resort Hotel,1,462,2017,May,21,25,0,3,2,0.0,0,HB,PRT,Groups,TA/TO,0,0,0,A,A,0,Non Refund,,0,Transient,78.0,0,0
Resort Hotel,1,462,2017,May,21,25,0,3,2,0.0,0,HB,PRT,Groups,TA/TO,0,0,0,A,A,0,Non Refund,,0,Transient,78.0,0,0
Resort Hotel,1,462,2017,May,21,25,0,3,2,0.0,0,HB,PRT,Groups,TA/TO,0,0,0,A,A,0,Non Refund,,0,Transient,78.0,0,0
Resort Hotel,1,462,2017,May,21,25,0,3,2,0.0,0,HB,PRT,Groups,TA/TO,0,0,0,A,A,0,Non Refund,,0,Transient,78.0,0,0
Resort Hotel,1,462,2017,May,21,25,0,3,2,0.0,0,HB,PRT,Groups,TA/TO,0,0,0,A,A,0,Non Refund,,0,Transient,78.0,0,0
Resort Hotel,1,462,2017,May,21,25,0,3,2,0.0,0,HB,PRT,Groups,TA/TO,0,0,0,A,A,0,Non Refund,,0,Transient,78.0,0,0
Resort Hotel,1,38,2017,May,21,25,1,3,2,0.0,0,BB,GBR,Direct,Direct,0,0,0,H,H,0,No Deposit,250.0,0,Transient,175.0,0,0
Resort Hotel,1,312,2017,May,21,25,1,3,2,0.0,0,BB,GBR,Online TA,TA/TO,0,0,0,A,A,0,No Deposit,240.0,0,Transient,54.0,0,1
Resort Hotel,1,224,2017,May,21,25,1,3,2,0.0,0,BB,IRL,Online TA,TA/TO,0,0,0,A,A,0,No Deposit,240.0,0,Transient,76.5,0,1
Resort Hotel,1,224,2017,May,21,25,1,3,2,0.0,0,BB,IRL,Online TA,TA/TO,0,0,0,A,A,0,No Deposit,240.0,0,Transient,76.5,0,1
Resort Hotel,1,263,2017,May,21,25,2,3,2,0.0,0,BB,GBR,Online TA,TA/TO,0,0,0,A,A,0,Non Refund,240.0,0,Transient-Party,80.1,0,1
Resort Hotel,1,162,2017,May,21,25,2,5,2,0.0,0,BB,PRT,Groups,TA/TO,0,0,0,C,C,0,Refundable,,0,Transient-Party,8.0,0,0
Resort Hotel,1,352,2017,May,21,25,2,5,2,0.0,0,BB,PRT,Online TA,TA/TO,0,0,0,D,D,0,No Deposit,147.0,0,Transient,61.5,0,0
Resort Hotel,1,352,2017,May,21,25,2,5,2,0.0,0,BB,GBR,Online TA,TA/TO,0,0,0,A,A,0,No Deposit,240.0,0,Transient-Party,60.0,0,2
Resort Hotel,1,222,2017,May,21,25,2,7,2,0.0,0,HB,IRL,Online TA,TA/TO,0,0,0,E,E,0,No Deposit,240.0,0,Transient,133.1,0,1
Resort Hotel,1,14,2017,May,21,26,1,2,2,0.0,0,BB,ESP,Online TA,TA/TO,0,0,0,E,E,0,No Deposit,240.0,0,Transient,150.0,0,1
Resort Hotel,1,251,2017,May,21,26,0,2,2,0.0,0,HB,ESP,Online TA,TA/TO,0,0,0,A,A,0,No Deposit,240.0,0,Transient,121.0,0,0
Resort Hotel,1,297,2017,May,21,26,0,2,2,0.0,0,BB,PRT,Offline TA/TO,TA/TO,0,0,0,A,A,0,No Deposit,8.0,0,Transient,64.8,0,0
Resort Hotel,1,304,2017,May,21,26,2,2,2,0.0,0,BB,GBR,Online TA,TA/TO,0,0,0,A,A,0,No Deposit,240.0,0,Transient,72.0,0,0
Resort Hotel,1,165,2017,May,21,26,2,4,2,0.0,0,HB,POL,Online TA,TA/TO,0,0,0,E,E,0,No Deposit,240.0,0,Transient,145.0,0,1
Resort Hotel,1,231,2017,May,21,26,2,4,2,0.0,0,HB,POL,Online TA,TA/TO,0,0,0,D,D,0,No Deposit,240.0,0,Transient,122.4,0,1
Resort Hotel,1,229,2017,May,21,26,2,4,2,0.0,0,HB,POL,Online TA,TA/TO,0,0,0,D,D,0,No Deposit,240.0,0,Transient,118.8,0,1
Resort Hotel,1,322,2017,May,21,26,2,4,2,0.0,0,BB,RUS,Online TA,TA/TO,0,0,0,A,A,0,No Deposit,240.0,0,Transient,54.0,0,1
Resort Hotel,1,350,2017,May,21,26,2,5,2,0.0,0,BB,GBR,Online TA,TA/TO,0,0,0,E,E,0,No Deposit,240.0,0,Transient,93.29,0,1
Resort Hotel,1,38,2017,May,21,27,1,1,2,0.0,0,BB,ESP,Online TA,TA/TO,0,0,0,E,E,0,No Deposit,240.0,0,Transient,120.0,0,1
Resort Hotel,1,140,2017,May,21,27,2,1,2,0.0,0,BB,GBR,Online TA,TA/TO,0,0,0,A,A,0,No Deposit,240.0,0,Transient,85.0,0,1
Resort Hotel,1,311,2017,May,21,27,2,1,2,0.0,0,BB,PRT,Online TA,TA/TO,0,0,0,A,A,0,No Deposit,314.0,0,Transient,43.2,0,0
Resort Hotel,1,107,2017,May,21,27,2,2,2,0.0,0,BB,PRT,Offline TA/TO,TA/TO,0,0,0,A,A,0,No Deposit,410.0,0,Transient,45.5,0,0
Resort Hotel,1,67,2017,May,21,27,2,2,2,0.0,0,BB,GBR,Online TA,TA/TO,0,0,0,E,E,0,No Deposit,240.0,0,Transient,115.0,0,2
Resort Hotel,1,312,2017,May,21,27,2,5,2,0.0,0,BB,GBR,Online TA,TA/TO,0,0,0,A,A,1,No Deposit,240.0,0,Transient,59.79,0,1
Resort Hotel,1,337,2017,May,21,27,2,5,2,0.0,0,HB,DEU,Online TA,TA/TO,0,0,0,D,D,0,No Deposit,240.0,0,Transient,102.21,0,0
Resort Hotel,1,313,2017,May,21,27,2,5,2,0.0,0,BB,GBR,Direct,Direct,0,0,0,A,A,0,No Deposit,250.0,0,Transient,59.79,0,0
Resort Hotel,1,313,2017,May,21,27,2,5,2,0.0,0,BB,GBR,Direct,Direct,0,0,0,E,E,0,No Deposit,250.0,0,Transient,86.91,0,0
Resort Hotel,1,313,2017,May,21,27,2,5,2,0.0,0,BB,GBR,Direct,Direct,0,0,0,E,E,0,No Deposit,250.0,0,Transient,86.91,0,0
Resort Hotel,1,353,2017,May,21,27,2,5,2,0.0,0,BB,GBR,Online TA,TA/TO,0,0,0,D,D,0,No Deposit,240.0,0,Transient,81.57,0,0
Resort Hotel,1,313,2017,May,21,27,2,5,2,0.0,0,BB,GBR,Direct,Direct,0,0,0,D,D,0,No Deposit,250.0,0,Transient,73.41,0,0
Resort Hotel,1,116,2017,May,21,27,2,5,2,0.0,0,BB,PRT,Online TA,TA/TO,0,0,0,A,A,0,No Deposit,241.0,0,Transient,67.41,0,1
Resort Hotel,1,313,2017,May,21,27,2,5,2,0.0,0,BB,GBR,Online TA,TA/TO,0,0,0,A,A,0,No Deposit,240.0,0,Transient,59.79,0,1
Resort Hotel,1,200,2017,May,21,27,2,5,2,0.0,0,BB,GBR,Online TA,TA/TO,0,0,0,A,A,0,No Deposit,240.0,0,Transient,92.14,0,1
Resort Hotel,1,313,2017,May,21,27,2,5,2,0.0,0,BB,GBR,Online TA,TA/TO,0,0,0,A,A,0,No Deposit,240.0,0,Transient,59.79,0,1
Resort Hotel,1,313,2017,May,21,27,2,5,2,0.0,0,BB,GBR,Direct,Direct,0,0,0,E,E,0,No Deposit,250.0,0,Transient,86.91,0,0
Resort Hotel,1,353,2017,May,21,27,2,5,2,0.0,0,BB,GBR,Online TA,TA/TO,0,0,0,D,D,0,No Deposit,240.0,0,Transient,73.41,0,1
Resort Hotel,1,13,2017,May,22,28,1,0,2,0.0,0,BB,PRT,Offline TA/TO,TA/TO,0,0,0,A,C,0,No Deposit,8.0,0,Transient,48.0,0,0
Resort Hotel,1,77,2017,May,22,28,2,0,2,0.0,0,HB,ESP,Online TA,TA/TO,0,0,0,D,D,0,No Deposit,240.0,0,Transient,132.0,0,2
Resort Hotel,1,198,2017,May,22,28,2,0,2,0.0,0,HB,COL,Online TA,TA/TO,0,0,0,A,A,0,No Deposit,240.0,0,Transient,115.0,0,1
Resort Hotel,1,51,2017,May,22,28,2,1,2,0.0,0,BB,PRT,Online TA,TA/TO,0,0,0,D,D,0,No Deposit,314.0,0,Transient,96.21,0,0
Resort Hotel,1,352,2017,May,22,28,2,1,2,0.0,0,BB,GBR,Online TA,TA/TO,0,0,0,A,A,1,No Deposit,240.0,0,Transient,60.0,0,1
Resort Hotel,1,7,2017,May,22,28,2,1,2,0.0,0,BB,PRT,Online TA,TA/TO,0,0,0,E,E,0,No Deposit,241.0,0,Transient,110.0,0,1
Resort Hotel,1,103,2017,May,22,28,2,2,2,0.0,0,BB,PRT,Offline TA/TO,TA/TO,0,0,0,A,A,0,No Deposit,410.0,0,Transient,45.5,0,1
Resort Hotel,1,80,2017,May,22,28,2,2,2,0.0,0,BB,PRT,Online TA,TA/TO,0,0,0,D,D,0,No Deposit,15.0,0,Transient,80.0,0,0
Resort Hotel,1,63,2017,May,22,28,2,2,2,0.0,0,BB,ROU,Online TA,TA/TO,0,0,0,D,D,0,No Deposit,240.0,0,Transient,100.0,0,1
Resort Hotel,1,63,2017,May,22,28,2,2,2,0.0,0,BB,ROU,Online TA,TA/TO,0,0,0,D,D,0,No Deposit,240.0,0,Transient,100.0,0,1
Resort Hotel,1,12,2017,May,22,28,2,2,2,0.0,0,BB,GBR,Online TA,TA/TO,0,0,0,E,E,0,No Deposit,240.0,0,Transient,145.0,0,4
Resort Hotel,1,11,2017,May,22,28,2,2,2,0.0,0,BB,GBR,Direct,Direct,0,0,0,E,E,2,No Deposit,250.0,0,Transient,146.25,0,4
Resort Hotel,1,107,2017,May,22,28,2,2,2,0.0,0,BB,PRT,Offline TA/TO,TA/TO,0,0,0,A,A,0,No Deposit,410.0,0,Transient,45.5,0,0
Resort Hotel,1,108,2017,May,22,28,2,2,2,0.0,0,BB,PRT,Offline TA/TO,TA/TO,0,0,0,A,A,0,No Deposit,410.0,0,Transient,45.5,0,0
Resort Hotel,1,103,2017,May,22,28,2,2,2,0.0,0,BB,PRT,Offline TA/TO,TA/TO,0,0,0,A,A,0,No Deposit,410.0,0,Transient,45.5,0,1
Resort Hotel,1,102,2017,May,22,28,2,2,2,0.0,0,BB,PRT,Offline TA/TO,TA/TO,0,0,0,A,A,0,No Deposit,410.0,0,Transient,45.5,0,0
Resort Hotel,1,139,2017,May,22,28,2,3,2,0.0,0,BB,PRT,Direct,Direct,0,0,0,A,C,2,No Deposit,250.0,0,Transient,56.0,0,0
Resort Hotel,1,247,2017,May,22,28,2,5,2,0.0,0,BB,GBR,Online TA,TA/TO,0,0,0,A,A,0,No Deposit,240.0,0,Transient,80.1,0,0
Resort Hotel,1,338,2017,May,22,28,2,5,2,0.0,0,HB,FRA,Online TA,TA/TO,0,0,0,E,E,0,No Deposit,240.0,0,Transient,118.67,0,0
Resort Hotel,1,321,2017,May,22,28,2,5,2,0.0,0,BB,BEL,Online TA,TA/TO,0,0,0,E,E,0,No Deposit,240.0,0,Transient,89.87,0,2
Resort Hotel,1,247,2017,May,22,28,2,5,2,0.0,0,BB,GBR,Online TA,TA/TO,0,0,0,A,A,0,No Deposit,240.0,0,Transient,80.1,0,0
Resort Hotel,1,30,2017,May,22,28,3,5,2,0.0,0,BB,PRT,Direct,Direct,0,0,0,D,D,2,No Deposit,250.0,0,Transient,111.44,0,0
Resort Hotel,1,132,2017,May,22,28,4,6,2,0.0,0,HB,BEL,Online TA,TA/TO,0,0,0,E,E,0,No Deposit,240.0,0,Transient,160.0,0,0
Resort Hotel,1,312,2017,May,22,28,4,6,2,0.0,0,HB,PRT,Offline TA/TO,TA/TO,0,0,0,D,D,0,No Deposit,57.0,0,Transient,28.0,0,0
Resort Hotel,1,128,2017,May,22,29,1,2,2,0.0,0,BB,GBR,Online TA,TA/TO,0,0,0,E,E,0,No Deposit,240.0,0,Transient,115.0,0,1
Resort Hotel,1,128,2017,May,22,29,1,2,2,0.0,0,BB,GBR,Online TA,TA/TO,0,0,0,E,E,0,No Deposit,240.0,0,Transient,115.0,0,1
Resort Hotel,1,22,2017,May,22,29,1,3,2,0.0,0,BB,PRT,Online TA,TA/TO,0,0,0,A,B,0,No Deposit,241.0,0,Transient,91.2,0,1
Resort Hotel,1,72,2017,May,22,29,3,6,2,0.0,0,BB,PRT,Online TA,TA/TO,0,0,0,F,F,0,Refundable,242.0,0,Transient,158.33,0,1
Resort Hotel,1,254,2017,May,22,29,3,7,2,0.0,0,BB,PRT,Offline TA/TO,TA/TO,0,0,0,E,E,0,No Deposit,40.0,0,Transient,62.1,0,0
Resort Hotel,1,42,2017,May,22,30,0,2,2,0.0,0,BB,PRT,Online TA,TA/TO,0,0,0,D,D,0,No Deposit,468.0,0,Transient,86.1,0,0
Resort Hotel,1,113,2017,May,22,30,0,2,2,0.0,0,BB,GBR,Online TA,TA/TO,0,0,0,D,D,0,No Deposit,240.0,0,Transient,100.0,0,0
Resort Hotel,1,113,2017,May,22,30,0,2,2,0.0,0,BB,GBR,Online TA,TA/TO,0,0,0,D,D,0,No Deposit,240.0,0,Transient,100.0,0,0
Resort Hotel,1,113,2017,May,22,30,0,2,2,0.0,0,BB,GBR,Online TA,TA/TO,0,0,0,D,D,0,No Deposit,240.0,0,Transient,100.0,0,0
Resort Hotel,1,113,2017,May,22,30,0,2,2,0.0,0,BB,GBR,Online TA,TA/TO,0,0,0,D,D,0,No Deposit,240.0,0,Transient,100.0,0,0
Resort Hotel,1,155,2017,May,22,30,0,3,2,0.0,0,BB,CN,Online TA,TA/TO,0,0,0,E,E,0,No Deposit,240.0,0,Transient,123.33,0,2
Resort Hotel,1,216,2017,May,22,30,0,2,2,0.0,0,BB,PRT,Offline TA/TO,TA/TO,0,0,0,D,D,0,No Deposit,177.0,0,Transient,54.0,0,1
Resort Hotel,1,7,2017,May,22,30,0,3,2,0.0,0,BB,CN,Online TA,TA/TO,0,0,0,E,E,0,No Deposit,240.0,0,Transient,120.0,0,1
Resort Hotel,1,137,2017,May,22,30,0,3,2,0.0,0,BB,GBR,Online TA,TA/TO,0,0,0,D,D,0,No Deposit,240.0,0,Transient-Party,108.33,0,0
Resort Hotel,1,71,2017,May,22,30,0,3,2,0.0,0,BB,GBR,Online TA,TA/TO,0,0,0,E,E,0,No Deposit,240.0,0,Transient,126.67,0,0
Resort Hotel,1,155,2017,May,22,30,0,3,2,0.0,0,BB,CN,Online TA,TA/TO,0,0,0,E,E,0,No Deposit,240.0,0,Transient,123.33,0,2
Resort Hotel,1,7,2017,May,22,30,0,3,2,0.0,0,BB,CN,Online TA,TA/TO,0,0,0,E,E,0,No Deposit,240.0,0,Transient,120.0,0,1
Resort Hotel,1,289,2017,May,22,30,0,3,2,0.0,0,BB,GBR,Online TA,TA/TO,0,0,0,A,A,0,No Deposit,240.0,0,Transient,80.1,0,1
Resort Hotel,1,314,2017,May,22,30,0,3,2,0.0,0,BB,PRT,Online TA,TA/TO,0,0,0,A,A,0,No Deposit,314.0,0,Transient,48.6,0,0
Resort Hotel,1,279,2017,May,22,30,0,4,2,0.0,0,BB,GBR,Online TA,TA/TO,0,0,0,A,A,0,No Deposit,240.0,0,Transient-Party,80.1,0,2
Resort Hotel,1,279,2017,May,22,30,0,4,2,0.0,0,BB,GBR,Online TA,TA/TO,0,0,0,A,A,0,No Deposit,240.0,0,Transient-Party,80.1,0,2
Resort Hotel,1,138,2017,May,22,30,0,5,2,0.0,0,BB,BRA,Online TA,TA/TO,0,0,0,D,D,0,No Deposit,240.0,0,Transient,115.0,0,1
Resort Hotel,1,138,2017,May,22,30,0,5,2,0.0,0,BB,PRT,Online TA,TA/TO,0,0,0,A,A,0,No Deposit,242.0,0,Transient,100.0,0,1
Resort Hotel,1,152,2017,May,22,30,2,7,2,0.0,0,BB,IRL,Online TA,TA/TO,0,0,0,E,E,0,No Deposit,240.0,0,Transient,134.44,0,1
Resort Hotel,1,295,2017,May,22,30,2,8,2,0.0,0,BB,IRL,Online TA,TA/TO,0,0,0,A,A,0,No Deposit,240.0,0,Transient,80.1,0,1
Resort Hotel,1,238,2017,May,22,30,4,10,2,0.0,0,BB,FRA,Online TA,TA/TO,0,0,0,D,D,0,No Deposit,240.0,0,Transient,93.6,0,2
Resort Hotel,1,14,2017,May,22,31,0,2,2,0.0,0,BB,PRT,Online TA,TA/TO,0,0,0,D,D,0,No Deposit,241.0,0,Transient,91.2,0,2
Resort Hotel,1,143,2017,May,22,31,0,4,2,0.0,0,BB,DEU,Online TA,TA/TO,0,0,0,A,A,0,No Deposit,240.0,0,Transient,103.75,0,2
Resort Hotel,1,46,2017,May,22,31,1,4,2,0.0,0,HB,PRT,Online TA,TA/TO,0,0,0,A,A,0,No Deposit,240.0,0,Transient,172.0,0,1
Resort Hotel,1,411,2017,May,22,31,2,4,2,0.0,0,BB,PRT,Groups,TA/TO,0,0,0,A,A,0,Non Refund,,0,Transient,71.1,0,0
Resort Hotel,1,411,2017,May,22,31,2,4,2,0.0,0,BB,PRT,Groups,TA/TO,0,0,0,A,A,0,Non Refund,,0,Transient,71.1,0,0
Resort Hotel,1,411,2017,May,22,31,2,4,2,0.0,0,BB,PRT,Groups,TA/TO,0,0,0,A,A,0,Non Refund,,0,Transient,71.1,0,0
Resort Hotel,1,411,2017,May,22,31,2,4,2,0.0,0,BB,PRT,Groups,TA/TO,0,0,0,A,A,0,Non Refund,,0,Transient,71.1,0,0
Resort Hotel,1,411,2017,May,22,31,2,4,2,0.0,0,BB,PRT,Groups,TA/TO,0,0,0,A,A,0,Non Refund,,0,Transient,71.1,0,0
Resort Hotel,1,411,2017,May,22,31,2,4,2,0.0,0,BB,PRT,Groups,TA/TO,0,0,0,A,A,0,Non Refund,,0,Transient,71.1,0,0
Resort Hotel,1,411,2017,May,22,31,2,4,2,0.0,0,BB,PRT,Groups,TA/TO,0,0,0,A,A,0,Non Refund,,0,Transient,71.1,0,0
Resort Hotel,1,411,2017,May,22,31,2,4,2,0.0,0,BB,PRT,Groups,TA/TO,0,0,0,A,A,0,Non Refund,,0,Transient,71.1,0,0
Resort Hotel,1,411,2017,May,22,31,2,4,2,0.0,0,BB,PRT,Groups,TA/TO,0,0,0,A,A,0,Non Refund,,0,Transient,71.1,0,0
Resort Hotel,1,411,2017,May,22,31,2,4,2,0.0,0,BB,PRT,Groups,TA/TO,0,0,0,A,A,0,Non Refund,,0,Transient,71.1,0,0
Resort Hotel,1,411,2017,May,22,31,2,4,2,0.0,0,BB,PRT,Groups,TA/TO,0,0,0,A,A,0,Non Refund,,0,Transient,71.1,0,0
Resort Hotel,1,411,2017,May,22,31,2,4,2,0.0,0,BB,PRT,Groups,TA/TO,0,0,0,A,A,0,Non Refund,,0,Transient,71.1,0,0
Resort Hotel,1,411,2017,May,22,31,2,4,2,0.0,0,BB,PRT,Groups,TA/TO,0,0,0,A,A,0,Non Refund,,0,Transient,71.1,0,0
Resort Hotel,1,411,2017,May,22,31,2,4,2,0.0,0,BB,PRT,Groups,TA/TO,0,0,0,A,A,0,Non Refund,,0,Transient,71.1,0,0
Resort Hotel,1,411,2017,May,22,31,2,4,2,0.0,0,BB,PRT,Groups,TA/TO,0,0,0,A,A,0,Non Refund,,0,Transient,71.1,0,0
Resort Hotel,1,411,2017,May,22,31,2,4,2,0.0,0,BB,PRT,Groups,TA/TO,0,0,0,A,A,0,Non Refund,,0,Transient,71.1,0,0
Resort Hotel,1,411,2017,May,22,31,2,4,2,0.0,0,BB,PRT,Groups,TA/TO,0,0,0,A,A,0,Non Refund,,0,Transient,71.1,0,0
Resort Hotel,1,411,2017,May,22,31,2,4,2,0.0,0,BB,PRT,Groups,TA/TO,0,0,0,A,A,0,Non Refund,,0,Transient,71.1,0,0
Resort Hotel,1,411,2017,May,22,31,2,4,2,0.0,0,BB,PRT,Groups,TA/TO,0,0,0,A,A,0,Non Refund,,0,Transient,71.1,0,0
Resort Hotel,1,411,2017,May,22,31,2,4,2,0.0,0,BB,PRT,Groups,TA/TO,0,0,0,A,A,0,Non Refund,,0,Transient,71.1,0,0
Resort Hotel,1,411,2017,May,22,31,2,4,2,0.0,0,BB,PRT,Groups,TA/TO,0,0,0,A,A,0,Non Refund,,0,Transient,71.1,0,0
Resort Hotel,1,450,2017,May,22,31,2,4,2,0.0,0,BB,PRT,Groups,TA/TO,0,0,0,A,A,0,Non Refund,,39,Transient,71.1,0,0
Resort Hotel,1,411,2017,May,22,31,2,4,2,0.0,0,BB,PRT,Groups,TA/TO,0,0,0,A,A,0,Non Refund,,0,Transient,71.1,0,0
Resort Hotel,1,411,2017,May,22,31,2,4,2,0.0,0,BB,PRT,Groups,TA/TO,0,0,0,A,A,0,Non Refund,,0,Transient,71.1,0,0
Resort Hotel,1,411,2017,May,22,31,2,4,2,0.0,0,BB,PRT,Groups,TA/TO,0,0,0,A,A,0,Non Refund,,0,Transient,71.1,0,0
Resort Hotel,1,1,2017,June,22,1,0,1,2,0.0,0,BB,PRT,Online TA,TA/TO,0,0,0,A,A,0,No Deposit,240.0,0,Transient,90.0,0,0
Resort Hotel,1,1,2017,June,22,1,0,1,2,0.0,0,BB,PRT,Online TA,TA/TO,0,0,0,A,A,0,No Deposit,240.0,0,Transient,90.0,0,0
Resort Hotel,1,18,2017,June,22,1,0,2,2,0.0,0,BB,ISR,Online TA,TA/TO,0,0,0,A,A,0,No Deposit,240.0,0,Transient,90.0,0,2
Resort Hotel,1,43,2017,June,22,1,0,2,2,0.0,0,HB,POL,Online TA,TA/TO,0,0,0,E,E,0,No Deposit,240.0,0,Transient,152.0,0,1
Resort Hotel,1,13,2017,June,22,1,0,3,2,0.0,0,BB,GBR,Online TA,TA/TO,0,0,0,A,A,0,No Deposit,240.0,0,Transient,100.0,0,1
Resort Hotel,1,19,2017,June,22,1,0,3,2,0.0,0,BB,GBR,Online TA,TA/TO,0,0,0,A,A,0,No Deposit,240.0,0,Transient,100.0,0,1
Resort Hotel,1,255,2017,June,22,1,0,3,2,0.0,0,BB,IRL,Online TA,TA/TO,0,0,0,A,A,0,No Deposit,240.0,0,Transient,80.1,0,2
Resort Hotel,1,309,2017,June,22,1,0,3,2,0.0,0,BB,ITA,Online TA,TA/TO,0,0,0,D,D,0,No Deposit,240.0,0,Transient,88.2,0,1
Resort Hotel,1,17,2017,June,22,1,0,3,2,0.0,0,BB,PRT,Online TA,TA/TO,0,0,0,A,A,0,No Deposit,241.0,0,Transient,76.0,0,1
Resort Hotel,1,123,2017,June,22,1,0,3,2,0.0,0,BB,CN,Online TA,TA/TO,0,0,0,D,D,0,No Deposit,240.0,0,Transient,125.0,0,0
Resort Hotel,1,309,2017,June,22,1,0,3,2,0.0,0,BB,ITA,Online TA,TA/TO,0,0,0,D,D,0,No Deposit,240.0,0,Transient,88.2,0,1
Resort Hotel,1,104,2017,June,22,1,2,3,2,0.0,0,BB,PRT,Direct,Direct,0,0,0,E,E,0,No Deposit,,0,Transient,121.5,0,0
Resort Hotel,1,113,2017,June,22,1,2,4,2,0.0,0,BB,IRL,Online TA,TA/TO,0,0,0,E,E,0,No Deposit,240.0,0,Transient,140.0,0,0
Resort Hotel,1,263,2017,June,22,1,2,5,2,0.0,0,BB,GBR,Online TA,TA/TO,0,0,0,A,A,1,No Deposit,240.0,0,Transient,89.0,0,0
Resort Hotel,1,263,2017,June,22,1,2,5,2,0.0,0,BB,GBR,Online TA,TA/TO,0,0,0,A,A,1,No Deposit,240.0,0,Transient,89.0,0,0
Resort Hotel,1,160,2017,June,22,1,2,8,2,0.0,0,BB,PRT,Offline TA/TO,TA/TO,0,0,0,D,D,0,No Deposit,40.0,0,Contract,68.4,0,0
Resort Hotel,1,344,2017,June,22,1,3,8,2,0.0,0,BB,PRT,Offline TA/TO,TA/TO,0,0,0,D,D,0,No Deposit,243.0,0,Contract,68.4,0,0
Resort Hotel,1,239,2017,June,22,1,4,10,2,0.0,0,BB,FRA,Online TA,TA/TO,0,0,0,D,D,0,No Deposit,240.0,0,Transient,93.6,0,1
Resort Hotel,1,344,2017,June,22,1,4,10,2,0.0,0,BB,PRT,Offline TA/TO,TA/TO,0,0,0,A,A,0,No Deposit,243.0,0,Contract,56.7,0,0
Resort Hotel,1,239,2017,June,22,1,4,10,2,0.0,0,BB,FRA,Online TA,TA/TO,0,0,0,D,D,0,No Deposit,240.0,0,Transient,93.6,0,2
Resort Hotel,1,7,2017,June,22,2,0,1,2,0.0,0,BB,PRT,Online TA,TA/TO,0,0,0,A,A,0,No Deposit,240.0,0,Transient,90.0,0,1
Resort Hotel,1,23,2017,June,22,2,0,2,2,0.0,0,BB,ESP,Online TA,TA/TO,0,0,0,D,D,0,No Deposit,240.0,0,Transient,127.5,0,1
Resort Hotel,1,19,2017,June,22,2,0,2,2,0.0,0,HB,ESP,Online TA,TA/TO,0,0,0,A,A,0,No Deposit,240.0,0,Transient,137.0,0,2
Resort Hotel,1,36,2017,June,22,2,0,2,2,0.0,0,BB,GBR,Online TA,TA/TO,0,0,0,A,A,0,No Deposit,240.0,0,Transient,129.0,0,1
Resort Hotel,1,88,2017,June,22,2,0,2,2,0.0,0,BB,ESP,Online TA,TA/TO,0,0,0,A,A,0,No Deposit,240.0,0,Transient,120.0,0,0
Resort Hotel,1,18,2017,June,22,2,0,2,2,0.0,0,BB,PRT,Online TA,TA/TO,0,0,0,A,A,0,No Deposit,240.0,0,Transient,105.0,0,1
Resort Hotel,1,282,2017,June,22,2,0,2,2,0.0,0,BB,PRT,Online TA,TA/TO,0,0,0,A,A,0,No Deposit,240.0,0,Transient,80.1,0,1
Resort Hotel,1,131,2017,June,22,2,0,2,2,0.0,0,BB,GBR,Online TA,TA/TO,0,0,0,A,A,0,No Deposit,240.0,0,Transient,110.0,0,3
Resort Hotel,1,247,2017,June,22,2,1,2,2,0.0,0,HB,GBR,Online TA,TA/TO,0,0,0,A,A,0,No Deposit,241.0,0,Transient,79.66,0,0
Resort Hotel,1,113,2017,June,22,2,1,2,2,0.0,0,BB,PRT,Online TA,TA/TO,0,0,0,A,A,0,No Deposit,242.0,0,Transient,110.0,0,1
Resort Hotel,1,28,2017,June,22,2,2,2,2,0.0,0,BB,CN,Online TA,TA/TO,0,0,0,D,D,0,No Deposit,240.0,0,Transient,150.0,0,1
Resort Hotel,1,219,2017,June,22,2,2,5,2,0.0,0,BB,PRT,Offline TA/TO,TA/TO,0,0,0,D,D,0,No Deposit,40.0,0,Contract,93.5,0,0
Resort Hotel,1,241,2017,June,22,2,2,5,2,0.0,0,BB,IRL,Online TA,TA/TO,0,0,0,D,D,0,No Deposit,240.0,0,Transient,93.6,0,1
Resort Hotel,1,264,2017,June,22,2,2,5,2,0.0,0,BB,GBR,Online TA,TA/TO,0,0,0,A,A,2,No Deposit,240.0,0,Transient,92.0,0,2
Resort Hotel,1,99,2017,June,22,2,2,5,2,0.0,0,BB,IRL,Direct,Direct,0,0,0,F,F,1,No Deposit,250.0,0,Transient,155.0,0,0
Resort Hotel,1,278,2017,June,22,2,2,6,2,0.0,0,HB,PRT,Online TA,TA/TO,0,0,0,E,E,0,No Deposit,242.0,0,Transient,135.9,0,1
Resort Hotel,1,175,2017,June,22,2,4,10,2,0.0,0,BB,IRL,Online TA,TA/TO,0,0,0,E,E,0,No Deposit,240.0,0,Transient,140.0,0,2
Resort Hotel,1,22,2017,June,22,3,0,1,2,0.0,0,BB,ESP,Online TA,TA/TO,0,0,0,D,D,0,No Deposit,240.0,0,Transient,135.0,0,1
Resort Hotel,1,2,2017,June,22,3,1,1,2,0.0,0,BB,USA,Online TA,TA/TO,0,0,0,A,A,0,No Deposit,240.0,0,Transient,120.0,0,1
Resort Hotel,1,114,2017,June,22,3,2,2,2,0.0,0,BB,PRT,Online TA,TA/TO,0,0,0,F,F,0,No Deposit,242.0,0,Transient,150.0,0,1
Resort Hotel,1,252,2017,June,22,3,2,4,2,0.0,0,BB,GBR,Online TA,TA/TO,0,0,0,D,D,2,No Deposit,240.0,0,Transient,99.9,0,2
Resort Hotel,1,320,2017,June,22,3,2,5,2,0.0,0,BB,IRL,Online TA,TA/TO,0,0,0,A,A,0,No Deposit,240.0,0,Transient-Party,74.25,0,1
Resort Hotel,1,320,2017,June,22,3,2,5,2,0.0,0,BB,IRL,Online TA,TA/TO,0,0,0,A,A,0,No Deposit,240.0,0,Transient,74.25,0,1
Resort Hotel,1,310,2017,June,22,3,2,5,2,0.0,0,BB,GBR,Online TA,TA/TO,0,0,0,D,D,0,No Deposit,240.0,0,Transient-Party,88.2,0,0
Resort Hotel,1,274,2017,June,22,3,2,5,2,0.0,0,BB,IRL,Online TA,TA/TO,0,0,0,D,D,0,No Deposit,240.0,0,Transient,93.6,0,0
Resort Hotel,1,323,2017,June,22,3,2,5,2,0.0,0,BB,PRT,Groups,TA/TO,0,0,0,A,A,0,Non Refund,,0,Transient,72.0,0,0
Resort Hotel,1,323,2017,June,22,3,2,5,2,0.0,0,BB,PRT,Groups,TA/TO,0,0,0,A,A,0,Non Refund,,0,Transient,72.0,0,0
Resort Hotel,1,319,2017,June,22,3,2,5,2,0.0,0,BB,IRL,Online TA,TA/TO,0,0,0,A,A,0,No Deposit,240.0,0,Transient,74.25,0,2
Resort Hotel,1,323,2017,June,22,3,2,5,2,0.0,0,BB,PRT,Groups,TA/TO,0,0,0,A,A,0,Non Refund,,0,Transient,72.0,0,0
Resort Hotel,1,323,2017,June,22,3,2,5,2,0.0,0,BB,PRT,Groups,TA/TO,0,0,0,A,A,0,Non Refund,,0,Transient,72.0,0,0
Resort Hotel,1,323,2017,June,22,3,2,5,2,0.0,0,BB,PRT,Groups,TA/TO,0,0,0,A,A,0,Non Refund,,0,Transient,72.0,0,0
Resort Hotel,1,320,2017,June,22,3,2,5,2,0.0,0,BB,IRL,Online TA,TA/TO,0,0,0,A,A,0,No Deposit,240.0,0,Transient,74.25,0,2
Resort Hotel,1,310,2017,June,22,3,2,5,2,0.0,0,BB,GBR,Online TA,TA/TO,0,0,0,D,D,0,No Deposit,240.0,0,Transient,88.2,0,0
Resort Hotel,1,319,2017,June,22,3,2,5,2,0.0,0,BB,IRL,Online TA,TA/TO,0,0,0,D,D,1,No Deposit,240.0,0,Transient,88.2,0,1
Resort Hotel,1,323,2017,June,22,3,2,5,2,0.0,0,BB,PRT,Groups,TA/TO,0,0,0,A,A,0,Non Refund,,0,Transient,72.0,0,0
Resort Hotel,1,323,2017,June,22,3,2,5,2,0.0,0,BB,PRT,Groups,TA/TO,0,0,0,A,A,0,Non Refund,,0,Transient,72.0,0,0
Resort Hotel,1,323,2017,June,22,3,2,5,2,0.0,0,BB,PRT,Groups,TA/TO,0,0,0,A,A,0,Non Refund,,0,Transient,72.0,0,0
Resort Hotel,1,323,2017,June,22,3,2,5,2,0.0,0,BB,PRT,Groups,TA/TO,0,0,0,A,A,0,Non Refund,,0,Transient,72.0,0,0
Resort Hotel,1,323,2017,June,22,3,2,5,2,0.0,0,BB,PRT,Groups,TA/TO,0,0,0,A,A,0,Non Refund,,0,Transient,72.0,0,0
Resort Hotel,1,323,2017,June,22,3,2,5,2,0.0,0,BB,PRT,Groups,TA/TO,0,0,0,A,A,0,Non Refund,,0,Transient,72.0,0,0
Resort Hotel,1,323,2017,June,22,3,2,5,2,0.0,0,BB,PRT,Groups,TA/TO,0,0,0,A,A,0,Non Refund,,0,Transient,72.0,0,0
Resort Hotel,1,323,2017,June,22,3,2,5,2,0.0,0,BB,PRT,Groups,TA/TO,0,0,0,A,A,0,Non Refund,,0,Transient,72.0,0,0
Resort Hotel,1,319,2017,June,22,3,2,5,2,0.0,0,BB,IRL,Online TA,TA/TO,0,0,0,A,A,0,No Deposit,240.0,0,Transient,74.25,0,1
Resort Hotel,1,320,2017,June,22,3,2,5,2,0.0,0,BB,IRL,Online TA,TA/TO,0,0,0,A,A,0,No Deposit,240.0,0,Transient,74.25,0,1
Resort Hotel,1,320,2017,June,22,3,2,5,2,0.0,0,BB,IRL,Online TA,TA/TO,0,0,0,A,A,0,No Deposit,240.0,0,Transient,74.25,0,2
Resort Hotel,1,320,2017,June,22,3,2,5,2,0.0,0,BB,IRL,Online TA,TA/TO,0,0,0,A,A,0,No Deposit,240.0,0,Transient,74.25,0,2
Resort Hotel,1,323,2017,June,22,3,2,5,2,0.0,0,BB,PRT,Groups,TA/TO,0,0,0,A,A,0,Non Refund,,0,Transient,72.0,0,0
Resort Hotel,1,323,2017,June,22,3,2,5,2,0.0,0,BB,PRT,Groups,TA/TO,0,0,0,A,A,0,Non Refund,,0,Transient,72.0,0,0
Resort Hotel,1,319,2017,June,22,3,2,5,2,0.0,0,BB,IRL,Online TA,TA/TO,0,0,0,A,A,0,No Deposit,240.0,0,Transient,74.25,0,2
Resort Hotel,1,323,2017,June,22,3,2,5,2,0.0,0,BB,PRT,Groups,TA/TO,0,0,0,A,A,0,Non Refund,,0,Transient,72.0,0,0
Resort Hotel,1,323,2017,June,22,3,2,5,2,0.0,0,BB,PRT,Groups,TA/TO,0,0,0,A,A,0,Non Refund,,0,Transient,72.0,0,0
Resort Hotel,1,323,2017,June,22,3,2,5,2,0.0,0,BB,PRT,Groups,TA/TO,0,0,0,A,A,0,Non Refund,,0,Transient,72.0,0,0
Resort Hotel,1,310,2017,June,22,3,2,5,2,0.0,0,BB,GBR,Online TA,TA/TO,0,0,0,D,D,0,No Deposit,240.0,0,Transient-Party,88.2,0,0
Resort Hotel,1,320,2017,June,22,3,2,5,2,0.0,0,BB,IRL,Online TA,TA/TO,0,0,0,A,A,0,No Deposit,240.0,0,Transient,74.25,0,1
Resort Hotel,1,319,2017,June,22,3,2,5,2,0.0,0,BB,IRL,Online TA,TA/TO,0,0,0,A,A,0,No Deposit,240.0,0,Transient,74.25,0,2
Resort Hotel,1,323,2017,June,22,3,2,5,2,0.0,0,BB,PRT,Groups,TA/TO,0,0,0,A,A,0,Non Refund,,0,Transient,72.0,0,0
Resort Hotel,1,323,2017,June,22,3,2,5,2,0.0,0,BB,PRT,Groups,TA/TO,0,0,0,A,A,0,Non Refund,,0,Transient,72.0,0,0
Resort Hotel,1,355,2017,June,22,3,2,5,2,0.0,0,BB,GBR,Online TA,TA/TO,0,0,0,E,E,0,No Deposit,240.0,0,Transient,101.7,0,0
Resort Hotel,1,310,2017,June,22,3,2,5,2,0.0,0,BB,GBR,Online TA,TA/TO,0,0,0,D,D,0,No Deposit,240.0,0,Transient,88.2,0,0
Resort Hotel,1,141,2017,June,22,3,2,6,2,0.0,0,HB,PRT,Online TA,TA/TO,0,0,0,E,E,0,No Deposit,240.0,0,Transient,170.0,0,2
Resort Hotel,1,219,2017,June,22,3,4,6,2,0.0,0,HB,PRT,Offline TA/TO,TA/TO,0,0,0,D,D,0,No Deposit,40.0,0,Contract,98.4,0,0
Resort Hotel,1,69,2017,June,23,4,1,0,2,0.0,0,BB,PRT,Online TA,TA/TO,0,0,0,D,D,0,No Deposit,240.0,0,Transient,144.0,0,1
Resort Hotel,1,69,2017,June,23,4,1,0,2,0.0,0,BB,PRT,Online TA,TA/TO,0,0,0,D,D,0,No Deposit,240.0,0,Transient,144.0,0,1
Resort Hotel,1,87,2017,June,23,4,2,2,2,0.0,0,BB,PRT,Online TA,TA/TO,0,0,0,E,E,0,No Deposit,15.0,0,Transient,120.0,0,0
Resort Hotel,1,67,2017,June,23,4,2,2,2,0.0,0,BB,LVA,Online TA,TA/TO,0,0,0,E,E,0,No Deposit,240.0,0,Transient,170.0,0,1
Resort Hotel,1,83,2017,June,23,4,2,2,2,0.0,0,BB,PRT,Online TA,TA/TO,0,0,0,A,A,0,No Deposit,241.0,0,Transient,96.0,0,1
Resort Hotel,1,102,2017,June,23,4,2,2,2,0.0,0,BB,PRT,Offline TA/TO,TA/TO,0,0,0,A,A,0,No Deposit,410.0,0,Transient,63.0,0,0
Resort Hotel,1,87,2017,June,23,4,2,2,2,0.0,0,BB,PRT,Online TA,TA/TO,0,0,0,E,E,0,No Deposit,15.0,0,Transient,120.0,0,0
Resort Hotel,1,127,2017,June,23,4,2,3,2,0.0,0,BB,IRL,Online TA,TA/TO,0,0,0,E,E,0,No Deposit,240.0,0,Transient,140.0,0,1
Resort Hotel,1,119,2017,June,23,4,2,3,2,0.0,0,BB,GBR,Online TA,TA/TO,0,0,0,C,C,0,No Deposit,240.0,0,Transient,148.0,0,1
Resort Hotel,1,272,2017,June,23,4,2,5,2,0.0,0,BB,POL,Online TA,TA/TO,0,0,0,D,D,0,No Deposit,240.0,0,Transient,98.06,0,3
Resort Hotel,1,25,2017,June,23,4,4,6,2,0.0,0,BB,PRT,Corporate,Corporate,0,0,0,D,D,0,No Deposit,531.0,0,Transient,76.0,0,0
Resort Hotel,1,326,2017,June,23,4,4,6,2,0.0,0,HB,GBR,Online TA,TA/TO,0,0,0,E,E,0,No Deposit,240.0,0,Transient,130.5,0,1
Resort Hotel,1,318,2017,June,23,5,1,1,2,0.0,0,BB,PRT,Online TA,TA/TO,0,0,0,A,A,0,No Deposit,242.0,0,Transient,74.25,0,2
Resort Hotel,1,318,2017,June,23,5,1,1,2,0.0,0,BB,PRT,Online TA,TA/TO,0,0,0,A,A,0,No Deposit,242.0,0,Transient,74.25,0,2
Resort Hotel,1,318,2017,June,23,5,1,1,2,0.0,0,BB,PRT,Online TA,TA/TO,0,0,0,A,A,0,No Deposit,242.0,0,Transient,74.25,0,2
Resort Hotel,1,318,2017,June,23,5,1,1,2,0.0,0,BB,PRT,Online TA,TA/TO,0,0,0,A,A,0,No Deposit,242.0,0,Transient,74.25,0,2
Resort Hotel,1,318,2017,June,23,5,1,1,2,0.0,0,BB,PRT,Online TA,TA/TO,0,0,0,A,A,0,No Deposit,242.0,0,Transient,74.25,0,2
Resort Hotel,1,318,2017,June,23,5,1,1,2,0.0,0,BB,PRT,Online TA,TA/TO,0,0,0,A,A,0,No Deposit,242.0,0,Transient,74.25,0,2
Resort Hotel,1,318,2017,June,23,5,1,1,2,0.0,0,BB,PRT,Online TA,TA/TO,0,0,0,A,A,0,No Deposit,242.0,0,Transient,74.25,0,2
Resort Hotel,1,318,2017,June,23,5,1,1,2,0.0,0,BB,PRT,Online TA,TA/TO,0,0,0,A,A,0,No Deposit,242.0,0,Transient,74.25,0,2
Resort Hotel,1,128,2017,June,23,5,1,3,2,0.0,0,BB,IRL,Online TA,TA/TO,0,0,0,E,E,0,No Deposit,240.0,0,Transient,140.0,0,0
Resort Hotel,1,319,2017,June,23,5,1,3,2,0.0,0,BB,IRL,Online TA,TA/TO,0,0,0,A,A,0,No Deposit,240.0,0,Transient,74.25,0,0
Resort Hotel,1,35,2017,June,23,5,1,5,2,0.0,0,HB,BEL,Online TA,TA/TO,0,0,0,E,E,0,No Deposit,240.0,0,Transient,193.67,0,1
Resort Hotel,1,321,2017,June,23,5,2,5,2,0.0,0,BB,IRL,Online TA,TA/TO,0,0,0,A,A,2,No Deposit,240.0,0,Transient,74.25,0,1
Resort Hotel,1,303,2017,June,23,5,2,5,2,0.0,0,BB,IRL,Online TA,TA/TO,0,0,0,A,A,0,No Deposit,240.0,0,Transient,80.1,0,0
Resort Hotel,1,222,2017,June,23,5,4,10,2,0.0,0,BB,PRT,Offline TA/TO,TA/TO,0,0,0,D,D,0,No Deposit,40.0,0,Contract,102.85,0,0
Resort Hotel,1,149,2017,June,23,6,0,1,2,0.0,0,BB,IRL,Online TA,TA/TO,0,0,0,E,E,0,No Deposit,240.0,0,Transient,140.0,0,0
Resort Hotel,1,4,2017,June,23,6,0,1,2,0.0,0,BB,PRT,Direct,Direct,0,0,0,D,D,0,No Deposit,250.0,0,Transient,151.0,0,0
Resort Hotel,1,149,2017,June,23,6,0,1,2,0.0,0,BB,IRL,Online TA,TA/TO,0,0,0,E,E,0,No Deposit,240.0,0,Transient,140.0,0,0
Resort Hotel,1,91,2017,June,23,6,0,2,2,0.0,0,BB,IRL,Online TA,TA/TO,0,0,0,E,E,0,No Deposit,240.0,0,Transient,150.0,0,1
Resort Hotel,1,91,2017,June,23,6,0,2,2,0.0,0,BB,IRL,Online TA,TA/TO,0,0,0,E,E,0,No Deposit,240.0,0,Transient,150.0,0,1
Resort Hotel,1,120,2017,June,23,6,0,3,2,0.0,0,BB,PRT,Online TA,TA/TO,0,0,0,F,F,0,No Deposit,241.0,0,Transient,115.5,0,0
Resort Hotel,1,132,2017,June,23,6,0,4,2,0.0,0,BB,CHE,Online TA,TA/TO,0,0,0,E,E,0,No Deposit,240.0,0,Transient,140.0,0,1
Resort Hotel,1,329,2017,June,23,6,2,10,2,0.0,0,HB,PRT,Offline TA/TO,TA/TO,0,0,0,E,E,0,No Deposit,57.0,0,Transient,28.0,0,2
Resort Hotel,1,223,2017,June,23,6,6,15,2,0.0,0,BB,PRT,Offline TA/TO,TA/TO,0,0,0,D,D,0,No Deposit,40.0,0,Contract,93.5,0,0
Resort Hotel,1,257,2017,June,23,6,6,15,2,0.0,0,BB,PRT,Online TA,TA/TO,0,0,0,D,D,0,No Deposit,242.0,0,Transient,93.6,0,1
Resort Hotel,1,35,2017,June,23,7,0,1,2,0.0,0,BB,PRT,Offline TA/TO,TA/TO,0,0,0,D,D,0,No Deposit,,0,Transient,126.0,0,0
Resort Hotel,1,18,2017,June,23,7,0,2,2,0.0,0,BB,DEU,Online TA,TA/TO,0,0,0,A,A,0,No Deposit,240.0,0,Transient,118.8,0,0
Resort Hotel,1,340,2017,June,23,7,0,2,2,0.0,0,BB,FIN,Online TA,TA/TO,0,0,0,D,D,0,No Deposit,240.0,0,Transient,88.2,0,2
Resort Hotel,1,2,2017,June,23,7,0,4,2,0.0,0,BB,POL,Online TA,TA/TO,0,0,0,C,C,0,No Deposit,,0,Transient,140.0,0,2
Resort Hotel,1,33,2017,June,23,7,1,4,2,0.0,0,BB,GBR,Online TA,TA/TO,0,0,0,A,A,0,No Deposit,240.0,0,Transient,140.0,0,1
Resort Hotel,1,29,2017,June,23,7,1,4,2,0.0,0,BB,DEU,Online TA,TA/TO,0,0,0,A,A,0,No Deposit,240.0,0,Transient,140.0,0,1
Resort Hotel,1,247,2017,June,23,7,2,5,2,0.0,0,BB,IRL,Direct,Direct,0,0,0,F,F,0,No Deposit,250.0,0,Transient,113.52,0,0
Resort Hotel,1,328,2017,June,23,7,2,9,2,0.0,0,BB,IRL,Online TA,TA/TO,0,0,0,A,A,2,No Deposit,240.0,0,Transient,74.25,0,1
Resort Hotel,1,304,2017,June,23,8,2,3,2,0.0,0,HB,PRT,Groups,TA/TO,0,0,0,A,A,0,Non Refund,298.0,0,Transient,94.0,0,0
Resort Hotel,1,304,2017,June,23,8,2,3,2,0.0,0,HB,PRT,Groups,TA/TO,0,0,0,A,A,0,Non Refund,298.0,0,Transient,66.0,0,0
Resort Hotel,1,304,2017,June,23,8,2,3,2,0.0,0,HB,PRT,Groups,TA/TO,0,0,0,A,A,0,Non Refund,298.0,0,Transient,66.0,0,0
Resort Hotel,1,235,2017,June,23,8,2,3,2,0.0,0,BB,DEU,Online TA,TA/TO,0,0,0,E,E,0,No Deposit,240.0,0,Transient,107.1,0,1
Resort Hotel,1,309,2017,June,23,8,2,3,2,0.0,0,HB,PRT,Groups,TA/TO,0,0,0,A,A,0,Non Refund,298.0,5,Transient,66.0,0,0
Resort Hotel,1,304,2017,June,23,8,2,3,2,0.0,0,HB,PRT,Groups,TA/TO,0,0,0,A,A,1,Non Refund,298.0,0,Transient,94.0,0,0
Resort Hotel,1,304,2017,June,23,8,2,3,2,0.0,0,HB,PRT,Groups,TA/TO,0,0,0,A,A,0,Non Refund,298.0,0,Transient,66.0,0,0
Resort Hotel,1,304,2017,June,23,8,2,3,2,0.0,0,HB,PRT,Groups,TA/TO,0,0,0,A,A,0,Non Refund,298.0,0,Transient,66.0,0,0
Resort Hotel,1,304,2017,June,23,8,2,3,2,0.0,0,HB,PRT,Groups,TA/TO,0,0,0,A,A,1,Non Refund,298.0,0,Transient,94.0,0,0
Resort Hotel,1,304,2017,June,23,8,2,3,2,0.0,0,HB,PRT,Groups,TA/TO,0,0,0,A,A,0,Non Refund,298.0,0,Transient,94.0,0,0
Resort Hotel,1,122,2017,June,23,8,2,3,2,0.0,0,BB,IRL,Online TA,TA/TO,0,0,0,E,E,0,No Deposit,240.0,0,Transient,140.0,0,1
Resort Hotel,1,304,2017,June,23,8,2,3,2,0.0,0,HB,PRT,Groups,TA/TO,0,0,0,A,A,0,Non Refund,298.0,0,Transient,66.0,0,0
Resort Hotel,1,304,2017,June,23,8,2,3,2,0.0,0,HB,PRT,Groups,TA/TO,0,0,0,A,A,0,Non Refund,298.0,0,Transient,94.0,0,0
Resort Hotel,1,304,2017,June,23,8,2,3,2,0.0,0,HB,PRT,Groups,TA/TO,0,0,0,A,A,0,Non Refund,298.0,0,Transient,66.0,0,0
Resort Hotel,1,20,2017,June,23,8,2,4,2,0.0,0,BB,IRL,Online TA,TA/TO,0,0,0,A,A,0,No Deposit,240.0,0,Transient,140.0,0,1
Resort Hotel,1,6,2017,June,23,8,2,5,2,0.0,0,BB,PRT,Direct,Direct,0,0,0,D,D,0,No Deposit,,0,Transient,127.5,0,0
Resort Hotel,1,288,2017,June,23,8,4,10,2,0.0,0,BB,PRT,Offline TA/TO,TA/TO,0,0,0,D,E,1,No Deposit,243.0,0,Transient,78.4,0,0
Resort Hotel,1,307,2017,June,23,8,4,10,2,0.0,0,BB,PRT,Offline TA/TO,TA/TO,0,0,0,A,A,0,No Deposit,243.0,0,Contract,56.7,0,0
Resort Hotel,1,8,2017,June,23,9,0,1,2,0.0,0,BB,PRT,Online TA,TA/TO,0,0,0,A,A,0,No Deposit,240.0,0,Transient,140.0,0,1
Resort Hotel,1,0,2017,June,23,9,0,1,2,0.0,0,BB,PRT,Direct,Direct,0,0,0,A,A,0,No Deposit,,0,Transient,8.0,0,0
Resort Hotel,1,39,2017,June,23,9,0,2,2,0.0,0,BB,ESP,Online TA,TA/TO,0,0,0,A,A,0,No Deposit,240.0,0,Transient,135.0,0,2
Resort Hotel,1,40,2017,June,23,9,0,2,2,0.0,0,HB,ESP,Online TA,TA/TO,0,0,0,A,A,6,No Deposit,240.0,0,Transient,167.0,0,2
Resort Hotel,1,104,2017,June,23,9,2,2,2,0.0,0,BB,PRT,Online TA,TA/TO,0,0,0,E,E,0,No Deposit,240.0,0,Transient,150.0,0,1
Resort Hotel,1,23,2017,June,23,9,2,4,2,0.0,0,BB,PRT,Online TA,TA/TO,0,0,0,A,A,4,No Deposit,242.0,0,Transient,140.0,0,1
Resort Hotel,1,37,2017,June,23,9,2,2,2,0.0,0,BB,GBR,Online TA,TA/TO,0,0,0,A,A,0,No Deposit,240.0,0,Transient,137.5,0,1
Resort Hotel,1,143,2017,June,23,9,2,5,2,0.0,0,BB,PRT,Online TA,TA/TO,0,0,0,D,D,0,No Deposit,242.0,0,Transient,125.0,0,2
Resort Hotel,1,95,2017,June,23,9,2,5,2,0.0,0,BB,PRT,Online TA,TA/TO,0,0,0,F,F,0,No Deposit,241.0,0,Transient,136.0,0,1
Resort Hotel,1,179,2017,June,23,9,2,5,2,0.0,0,BB,PRT,Offline TA/TO,TA/TO,0,0,0,A,A,0,No Deposit,40.0,0,Contract,56.7,0,1
Resort Hotel,1,179,2017,June,23,9,2,5,2,0.0,0,BB,PRT,Offline TA/TO,TA/TO,0,0,0,A,A,0,No Deposit,40.0,0,Contract,56.7,0,1
Resort Hotel,1,150,2017,June,23,9,2,6,2,0.0,0,HB,DEU,Online TA,TA/TO,0,0,0,D,D,0,No Deposit,240.0,0,Transient,155.0,0,1
Resort Hotel,1,66,2017,June,23,9,2,7,2,0.0,0,BB,PRT,Online TA,Direct,0,0,0,A,A,0,No Deposit,,0,Transient,108.0,0,4
Resort Hotel,1,21,2017,June,23,10,2,3,2,0.0,0,BB,PRT,Online TA,TA/TO,0,0,0,D,D,0,No Deposit,240.0,0,Transient,155.0,0,1
Resort Hotel,1,128,2017,June,23,10,2,3,2,0.0,0,HB,ESP,Online TA,TA/TO,0,0,0,D,D,0,No Deposit,240.0,0,Transient,157.0,0,2
Resort Hotel,1,193,2017,June,23,10,2,5,2,0.0,0,BB,GBR,Direct,Direct,0,0,0,D,D,0,No Deposit,250.0,0,Transient,112.5,0,0
Resort Hotel,1,330,2017,June,23,10,2,5,2,0.0,0,BB,ESP,Online TA,TA/TO,0,0,0,A,A,0,No Deposit,240.0,0,Transient,74.25,0,1
Resort Hotel,1,257,2017,June,23,10,2,5,2,0.0,0,BB,PRT,Online TA,TA/TO,0,0,0,A,A,0,No Deposit,240.0,0,Transient,80.1,0,0
Resort Hotel,1,58,2017,June,23,10,2,5,2,0.0,0,HB,PRT,Online TA,TA/TO,0,0,0,A,A,0,No Deposit,240.0,0,Transient,177.71,0,0
Resort Hotel,1,332,2017,June,23,10,2,5,2,0.0,0,BB,ESP,Online TA,TA/TO,0,0,0,A,C,0,No Deposit,240.0,0,Transient,74.25,0,1
Resort Hotel,1,314,2017,June,23,10,2,6,2,0.0,0,BB,GBR,Online TA,TA/TO,0,0,0,E,E,0,No Deposit,240.0,0,Transient,101.7,0,2
Resort Hotel,1,306,2017,June,23,10,4,10,2,0.0,0,BB,IRL,Online TA,TA/TO,0,0,0,E,E,0,No Deposit,240.0,0,Transient-Party,107.1,0,0
Resort Hotel,1,306,2017,June,23,10,4,10,2,0.0,0,BB,IRL,Online TA,TA/TO,0,0,0,E,E,0,No Deposit,240.0,0,Transient-Party,107.1,0,0
Resort Hotel,1,278,2017,June,24,11,1,0,2,0.0,0,BB,SVK,Online TA,TA/TO,0,0,0,D,D,0,No Deposit,240.0,0,Transient,93.6,0,0
Resort Hotel,1,20,2017,June,24,11,1,0,2,0.0,0,BB,PRT,Offline TA/TO,TA/TO,0,0,0,A,C,0,No Deposit,8.0,0,Group,66.0,0,0
Resort Hotel,1,29,2017,June,24,11,2,0,2,0.0,0,BB,PRT,Online TA,TA/TO,0,0,0,E,E,0,No Deposit,241.0,0,Transient,136.0,0,1
Resort Hotel,1,29,2017,June,24,11,2,2,2,0.0,0,BB,GBR,Online TA,TA/TO,0,0,0,E,E,0,No Deposit,240.0,0,Transient,170.0,0,1
Resort Hotel,1,83,2017,June,24,11,2,2,2,0.0,0,BB,PRT,Offline TA/TO,TA/TO,0,0,0,A,A,0,No Deposit,410.0,0,Transient,56.7,0,0
Resort Hotel,1,108,2017,June,24,11,2,2,2,0.0,0,BB,PRT,Offline TA/TO,TA/TO,0,0,0,A,A,0,No Deposit,410.0,0,Transient,63.0,0,0
Resort Hotel,1,27,2017,June,24,11,2,1,2,0.0,0,BB,PRT,Corporate,Corporate,0,0,0,A,A,0,No Deposit,,0,Transient,106.67,0,1
Resort Hotel,1,131,2017,June,24,11,2,2,2,0.0,0,BB,PRT,Offline TA/TO,TA/TO,0,0,0,A,A,0,No Deposit,410.0,0,Transient,56.7,0,0
Resort Hotel,1,184,2017,June,24,11,2,2,2,0.0,0,BB,PRT,Offline TA/TO,TA/TO,0,0,0,A,A,0,No Deposit,410.0,0,Transient,63.0,0,0
Resort Hotel,1,184,2017,June,24,11,2,2,2,0.0,0,BB,PRT,Offline TA/TO,TA/TO,0,0,0,A,A,0,No Deposit,410.0,0,Transient,63.0,0,0
Resort Hotel,1,135,2017,June,24,11,2,2,2,0.0,0,BB,PRT,Offline TA/TO,TA/TO,0,0,0,A,A,0,No Deposit,410.0,0,Transient,56.7,0,0
Resort Hotel,1,125,2017,June,24,11,2,2,2,0.0,0,BB,PRT,Offline TA/TO,TA/TO,0,0,0,A,A,0,No Deposit,410.0,0,Transient,63.0,0,0
Resort Hotel,1,141,2017,June,24,11,2,2,2,0.0,0,HB,PRT,Online TA,TA/TO,0,0,0,A,A,0,No Deposit,240.0,0,Transient,142.0,0,1
Resort Hotel,1,117,2017,June,24,11,2,2,2,0.0,0,BB,PRT,Offline TA/TO,TA/TO,0,0,0,A,A,0,No Deposit,410.0,0,Transient,63.0,0,0
Resort Hotel,1,114,2017,June,24,11,2,4,2,0.0,0,BB,PRT,Online TA,TA/TO,0,0,0,C,C,0,No Deposit,5.0,0,Transient-Party,126.4,0,3
Resort Hotel,1,192,2017,June,24,11,2,5,2,0.0,0,BB,PRT,Online TA,TA/TO,0,0,0,A,A,0,No Deposit,314.0,0,Transient,88.0,0,0
Resort Hotel,1,114,2017,June,24,11,2,4,2,0.0,0,BB,PRT,Online TA,TA/TO,0,0,0,F,F,0,No Deposit,241.0,0,Transient,117.04,0,1
Resort Hotel,1,140,2017,June,24,11,2,4,2,0.0,0,HB,PRT,Online TA,TA/TO,0,0,0,E,E,2,No Deposit,240.0,0,Transient,172.0,0,2
Resort Hotel,1,41,2017,June,24,11,4,7,2,0.0,0,HB,PRT,Offline TA/TO,TA/TO,0,0,0,A,A,0,No Deposit,181.0,0,Transient,157.5,0,0
Resort Hotel,1,319,2017,June,24,12,1,1,2,0.0,0,BB,DEU,Online TA,TA/TO,0,0,0,A,A,0,No Deposit,240.0,0,Transient,74.25,0,0
Resort Hotel,1,70,2017,June,24,12,1,3,2,0.0,0,BB,ESP,Online TA,TA/TO,0,0,0,E,E,0,No Deposit,240.0,0,Transient,170.0,0,0
Resort Hotel,1,237,2017,June,24,12,1,4,2,0.0,0,BB,GBR,Online TA,TA/TO,0,0,0,A,A,0,No Deposit,240.0,0,Transient,80.1,0,2
Resort Hotel,1,230,2017,June,24,12,2,5,2,0.0,0,BB,PRT,Offline TA/TO,TA/TO,0,0,0,E,E,1,No Deposit,11.0,0,Transient,83.7,0,1
Resort Hotel,1,52,2017,June,24,12,2,5,2,0.0,0,HB,GBR,Online TA,TA/TO,0,0,0,A,A,0,No Deposit,240.0,0,Transient,183.43,0,1
Resort Hotel,1,210,2017,June,24,12,2,5,2,0.0,0,FB,PRT,Offline TA/TO,TA/TO,0,0,0,D,D,0,No Deposit,6.0,0,Transient,115.2,0,0
Resort Hotel,1,230,2017,June,24,12,2,5,2,0.0,0,BB,PRT,Offline TA/TO,TA/TO,0,0,0,E,E,1,No Deposit,11.0,0,Transient,83.7,0,1
Resort Hotel,1,271,2017,June,24,12,3,5,2,0.0,0,Undefined,PRT,Offline TA/TO,TA/TO,0,0,0,E,E,0,No Deposit,40.0,0,Transient,137.7,0,1
Resort Hotel,1,298,2017,June,24,12,3,7,2,0.0,0,BB,IRL,Online TA,TA/TO,0,0,0,E,E,0,No Deposit,240.0,0,Transient,107.1,0,0
Resort Hotel,1,230,2017,June,24,12,4,10,2,0.0,0,HB,PRT,Offline TA/TO,TA/TO,0,0,0,D,D,0,No Deposit,315.0,0,Contract,93.6,0,0
Resort Hotel,1,216,2017,June,24,12,4,10,2,0.0,0,HB,PRT,Offline TA/TO,TA/TO,0,0,0,D,D,0,No Deposit,315.0,0,Contract,93.6,0,0
Resort Hotel,1,12,2017,June,24,13,0,3,2,0.0,0,HB,USA,Online TA,TA/TO,0,0,0,E,E,0,No Deposit,240.0,0,Transient,202.0,0,1
Resort Hotel,1,133,2017,June,24,13,0,4,2,0.0,0,BB,PRT,Offline TA/TO,TA/TO,0,0,0,A,A,0,No Deposit,410.0,0,Transient,56.7,0,0
Resort Hotel,1,138,2017,June,24,13,0,4,2,0.0,0,BB,PRT,Offline TA/TO,TA/TO,0,0,0,A,A,0,No Deposit,410.0,0,Transient,56.7,0,0
Resort Hotel,1,140,2017,June,24,13,0,4,2,0.0,0,BB,PRT,Offline TA/TO,TA/TO,0,0,0,A,A,0,No Deposit,410.0,0,Transient,56.7,0,0
Resort Hotel,1,140,2017,June,24,13,0,4,2,0.0,0,BB,PRT,Offline TA/TO,TA/TO,0,0,0,A,A,0,No Deposit,410.0,0,Transient,56.7,0,0
Resort Hotel,1,135,2017,June,24,13,2,5,2,0.0,0,BB,LUX,Online TA,TA/TO,0,0,0,A,A,0,No Deposit,240.0,0,Transient,110.0,0,0
Resort Hotel,1,130,2017,June,24,13,2,5,2,0.0,0,BB,IRL,Online TA,TA/TO,0,0,0,E,E,0,No Deposit,240.0,0,Transient,140.0,0,1
Resort Hotel,1,113,2017,June,24,13,2,5,2,0.0,0,BB,ESP,Online TA,TA/TO,0,0,0,A,A,0,No Deposit,240.0,0,Transient,120.0,0,0
Resort Hotel,1,247,2017,June,24,13,2,5,2,0.0,0,BB,IRL,Online TA,TA/TO,0,0,0,A,A,0,No Deposit,240.0,0,Transient,80.1,0,1
Resort Hotel,1,247,2017,June,24,13,2,5,2,0.0,0,BB,IRL,Online TA,TA/TO,0,0,0,A,A,0,No Deposit,240.0,0,Transient,80.1,0,1
Resort Hotel,1,30,2017,June,24,14,0,2,2,0.0,0,BB,PRT,Online TA,TA/TO,0,0,0,G,G,0,No Deposit,241.0,0,Transient,167.2,0,2
Resort Hotel,1,135,2017,June,24,14,0,2,2,0.0,0,BB,BRA,Online TA,TA/TO,0,0,0,A,A,0,No Deposit,240.0,0,Transient,110.0,0,2
Resort Hotel,1,30,2017,June,24,14,0,2,2,0.0,0,BB,PRT,Online TA,TA/TO,0,0,0,G,G,0,No Deposit,241.0,0,Transient,167.2,0,2
Resort Hotel,1,175,2017,June,24,14,0,3,2,0.0,0,BB,USA,Online TA,TA/TO,0,0,0,E,E,0,No Deposit,240.0,0,Transient,140.0,0,1
Resort Hotel,1,141,2017,June,24,14,0,3,2,0.0,0,HB,ESP,Online TA,TA/TO,0,0,0,E,E,0,No Deposit,240.0,0,Transient,172.0,0,2
Resort Hotel,1,97,2017,June,24,14,0,4,2,0.0,0,BB,PRT,Online TA,TA/TO,0,0,0,A,A,1,No Deposit,240.0,0,Transient,120.0,0,1
Resort Hotel,1,288,2017,June,24,14,0,4,2,0.0,0,BB,GBR,Online TA,TA/TO,0,0,0,A,A,0,No Deposit,240.0,0,Transient,80.1,0,1
Resort Hotel,1,155,2017,June,24,14,0,4,2,0.0,0,HB,ESP,Online TA,TA/TO,0,0,0,A,A,2,No Deposit,240.0,0,Transient,142.0,0,2
Resort Hotel,1,97,2017,June,24,14,0,4,2,0.0,0,BB,PRT,Online TA,TA/TO,0,0,0,A,A,1,No Deposit,240.0,0,Transient,120.0,0,1
Resort Hotel,1,288,2017,June,24,14,0,4,2,0.0,0,BB,GBR,Online TA,TA/TO,0,0,0,A,A,0,No Deposit,240.0,0,Transient,80.1,0,1
Resort Hotel,1,134,2017,June,24,14,0,4,2,0.0,0,BB,PRT,Offline TA/TO,TA/TO,0,0,0,A,A,0,No Deposit,410.0,0,Transient,56.7,0,0
Resort Hotel,1,134,2017,June,24,14,0,4,2,0.0,0,BB,PRT,Offline TA/TO,TA/TO,0,0,0,A,A,0,No Deposit,410.0,0,Transient,56.7,0,0
Resort Hotel,1,120,2017,June,24,14,0,4,2,0.0,0,HB,PRT,Online TA,TA/TO,0,0,0,F,F,0,No Deposit,241.0,0,Transient,133.13,0,0
Resort Hotel,1,146,2017,June,24,14,2,5,2,0.0,0,BB,IRL,Online TA,TA/TO,0,0,0,A,A,0,No Deposit,240.0,0,Transient,110.0,0,0
Resort Hotel,1,86,2017,June,24,14,2,7,2,0.0,0,HB,PRT,Offline TA/TO,TA/TO,0,0,0,A,A,0,No Deposit,275.0,0,Transient,94.0,0,0
Resort Hotel,1,150,2017,June,24,14,2,8,2,0.0,0,BB,BEL,Online TA,TA/TO,0,0,0,A,A,0,No Deposit,240.0,0,Transient,110.0,0,1
Resort Hotel,1,218,2017,June,24,14,4,10,2,0.0,0,HB,PRT,Offline TA/TO,TA/TO,0,0,0,A,A,0,No Deposit,40.0,0,Contract,86.7,0,0
Resort Hotel,1,345,2017,June,24,14,4,10,2,0.0,0,BB,PRT,Offline TA/TO,TA/TO,0,0,0,E,E,0,No Deposit,2.0,0,Transient,8.0,0,1
Resort Hotel,1,219,2017,June,24,15,0,3,2,0.0,0,HB,PRT,Offline TA/TO,TA/TO,0,0,0,A,A,0,No Deposit,177.0,0,Transient,84.6,0,1
Resort Hotel,1,219,2017,June,24,15,0,3,2,0.0,0,HB,PRT,Offline TA/TO,TA/TO,0,0,0,A,A,0,No Deposit,177.0,0,Transient,84.6,0,1
Resort Hotel,1,219,2017,June,24,15,0,3,2,0.0,0,HB,PRT,Offline TA/TO,TA/TO,0,0,0,A,A,0,No Deposit,177.0,0,Transient,84.6,0,1
Resort Hotel,1,219,2017,June,24,15,0,3,2,0.0,0,HB,PRT,Offline TA/TO,TA/TO,0,0,0,A,A,0,No Deposit,177.0,0,Transient,84.6,0,1
Resort Hotel,1,130,2017,June,24,15,0,3,2,0.0,0,BB,PRT,Online TA,TA/TO,0,0,0,A,A,0,No Deposit,240.0,0,Transient,110.0,0,1
Resort Hotel,1,131,2017,June,24,15,0,3,2,0.0,0,BB,PRT,Online TA,TA/TO,0,0,0,A,A,0,No Deposit,240.0,0,Transient,110.0,0,0
Resort Hotel,1,103,2017,June,24,15,0,3,2,0.0,0,BB,ESP,Online TA,TA/TO,0,0,0,E,E,0,No Deposit,240.0,0,Transient,150.0,0,0
Resort Hotel,1,54,2017,June,24,15,0,3,2,0.0,0,HB,PRT,Online TA,TA/TO,0,0,0,A,A,0,No Deposit,240.0,0,Transient,192.0,0,1
Resort Hotel,1,132,2017,June,24,15,0,3,2,0.0,0,BB,PRT,Online TA,TA/TO,0,0,0,A,A,0,No Deposit,240.0,0,Transient,110.0,0,1
Resort Hotel,1,219,2017,June,24,15,0,3,2,0.0,0,HB,PRT,Offline TA/TO,TA/TO,0,0,0,A,A,0,No Deposit,177.0,0,Transient,84.6,0,1
Resort Hotel,1,219,2017,June,24,15,0,3,2,0.0,0,HB,PRT,Offline TA/TO,TA/TO,0,0,0,A,A,0,No Deposit,177.0,0,Transient,84.6,0,1
Resort Hotel,1,219,2017,June,24,15,0,3,2,0.0,0,HB,PRT,Offline TA/TO,TA/TO,0,0,0,A,A,0,No Deposit,177.0,0,Transient,84.6,0,1
Resort Hotel,1,219,2017,June,24,15,0,3,2,0.0,0,HB,PRT,Offline TA/TO,TA/TO,0,0,0,A,A,0,No Deposit,177.0,0,Transient,84.6,0,1
Resort Hotel,1,219,2017,June,24,15,0,3,2,0.0,0,HB,PRT,Offline TA/TO,TA/TO,0,0,0,A,A,0,No Deposit,177.0,0,Transient,84.6,0,1
Resort Hotel,1,151,2017,June,24,15,0,3,2,0.0,0,BB,PRT,Online TA,TA/TO,0,0,0,E,E,0,No Deposit,240.0,0,Transient,140.0,0,1
Resort Hotel,1,219,2017,June,24,15,0,3,2,0.0,0,HB,PRT,Offline TA/TO,TA/TO,0,0,0,A,A,0,No Deposit,177.0,0,Transient,84.6,0,1
Resort Hotel,1,223,2017,June,24,15,2,5,2,0.0,0,HB,PRT,Offline TA/TO,TA/TO,0,0,0,A,A,0,No Deposit,315.0,0,Contract,81.9,0,0
Resort Hotel,1,223,2017,June,24,15,2,7,2,0.0,0,HB,DEU,Online TA,TA/TO,0,0,0,E,E,0,No Deposit,240.0,0,Transient,170.0,0,0
Resort Hotel,1,249,2017,June,24,15,2,7,2,0.0,0,HB,IRL,Online TA,TA/TO,0,0,0,A,A,1,No Deposit,240.0,0,Transient,108.9,0,2
Resort Hotel,1,223,2017,June,24,15,2,7,2,0.0,0,HB,DEU,Online TA,TA/TO,0,0,0,E,E,0,No Deposit,240.0,0,Transient,170.0,0,0
Resort Hotel,1,295,2017,June,24,15,4,10,2,0.0,0,BB,PRT,Offline TA/TO,TA/TO,0,0,0,A,A,0,No Deposit,243.0,0,Contract,56.7,0,0
Resort Hotel,1,0,2017,June,24,16,0,2,2,0.0,0,BB,GBR,Direct,Direct,0,0,0,A,D,0,No Deposit,250.0,0,Transient,135.0,0,0
Resort Hotel,1,253,2017,June,24,16,0,2,2,0.0,0,BB,GBR,Online TA,TA/TO,0,0,0,A,A,0,No Deposit,240.0,0,Transient,80.1,0,1
Resort Hotel,1,269,2017,June,24,16,0,2,2,0.0,0,BB,GBR,Online TA,TA/TO,0,0,0,E,E,3,No Deposit,240.0,0,Transient,107.1,0,2
Resort Hotel,1,158,2017,June,24,16,0,2,2,0.0,0,BB,ESP,Online TA,TA/TO,0,0,0,D,D,0,No Deposit,240.0,0,Transient,125.0,0,0
Resort Hotel,1,343,2017,June,24,16,1,2,2,0.0,0,BB,PRT,Offline TA/TO,TA/TO,0,0,0,D,D,0,No Deposit,8.0,0,Transient,70.2,0,0
Resort Hotel,1,30,2017,June,24,16,1,2,2,0.0,0,BB,PRT,Direct,Direct,0,0,0,A,A,0,No Deposit,,0,Transient,0.0,0,0
Resort Hotel,1,30,2017,June,24,16,1,2,2,0.0,0,BB,PRT,Direct,Direct,0,0,0,A,A,0,No Deposit,,0,Transient,0.0,0,0
Resort Hotel,1,30,2017,June,24,16,1,2,2,0.0,0,BB,PRT,Direct,Direct,0,0,0,A,A,0,No Deposit,,0,Transient,0.0,0,0
Resort Hotel,1,255,2017,June,24,16,2,5,2,0.0,0,BB,GBR,Online TA,TA/TO,0,0,0,E,E,0,No Deposit,240.0,0,Transient,107.1,0,1
Resort Hotel,1,254,2017,June,24,16,2,5,2,0.0,0,BB,GBR,Online TA,TA/TO,0,0,0,A,A,0,No Deposit,240.0,0,Transient,80.1,0,1
Resort Hotel,1,254,2017,June,24,16,2,5,2,0.0,0,BB,GBR,Online TA,TA/TO,0,0,0,A,A,0,No Deposit,240.0,0,Transient,80.1,0,1
Resort Hotel,1,250,2017,June,24,16,2,5,2,0.0,0,BB,GBR,Online TA,TA/TO,0,0,0,A,A,0,No Deposit,240.0,0,Transient,80.1,0,1
Resort Hotel,1,247,2017,June,24,16,2,5,2,0.0,0,BB,IRL,Direct,Direct,0,0,0,A,A,0,No Deposit,250.0,0,Transient,72.09,0,1
Resort Hotel,1,248,2017,June,24,16,2,5,2,0.0,0,BB,IRL,Online TA,TA/TO,0,0,0,A,A,0,No Deposit,240.0,0,Transient,80.1,0,0
Resort Hotel,1,107,2017,June,24,16,2,6,2,0.0,0,HB,PRT,Direct,Direct,0,0,0,C,C,1,No Deposit,250.0,0,Transient,185.0,0,0
Resort Hotel,1,308,2017,June,24,16,3,7,2,0.0,0,BB,IRL,Online TA,TA/TO,0,0,0,A,A,0,No Deposit,240.0,0,Transient,80.1,0,1
Resort Hotel,1,310,2017,June,24,16,3,7,2,0.0,0,BB,IRL,Online TA,TA/TO,0,0,0,A,A,0,No Deposit,240.0,0,Transient,80.1,0,0
Resort Hotel,1,308,2017,June,24,16,3,7,2,0.0,0,BB,IRL,Online TA,TA/TO,0,0,0,A,A,0,No Deposit,240.0,0,Transient,80.1,0,1
Resort Hotel,1,310,2017,June,24,16,3,7,2,0.0,0,BB,IRL,Online TA,TA/TO,0,0,0,A,A,0,No Deposit,240.0,0,Transient,80.1,0,0
Resort Hotel,1,94,2017,June,24,17,0,1,2,0.0,0,HB,GBR,Direct,Direct,0,0,0,A,A,1,No Deposit,250.0,0,Transient,135.5,0,0
Resort Hotel,1,368,2017,June,24,17,0,1,2,0.0,0,BB,PRT,Online TA,TA/TO,0,0,0,A,A,0,No Deposit,240.0,0,Transient,200.0,0,1
Resort Hotel,1,368,2017,June,24,17,0,1,2,0.0,0,BB,PRT,Online TA,TA/TO,0,0,0,A,A,0,No Deposit,240.0,0,Transient,200.0,0,1
Resort Hotel,1,5,2017,June,24,17,0,1,2,0.0,0,BB,ESP,Online TA,TA/TO,0,0,0,A,B,0,No Deposit,348.0,0,Transient,158.0,0,0
Resort Hotel,1,139,2017,June,24,17,1,1,2,0.0,0,BB,CHE,Online TA,TA/TO,0,0,0,E,E,0,No Deposit,240.0,0,Transient,140.0,0,1
Resort Hotel,1,145,2017,June,24,17,2,3,2,0.0,0,BB,PRT,Online TA,TA/TO,0,0,0,E,E,0,No Deposit,314.0,0,Transient,100.8,0,0
Resort Hotel,1,215,2017,June,24,17,2,5,2,0.0,0,BB,CHE,Online TA,TA/TO,0,0,0,E,E,0,No Deposit,240.0,0,Transient,140.0,0,2
Resort Hotel,1,250,2017,June,24,17,2,5,2,0.0,0,BB,IRL,Online TA,TA/TO,0,0,0,A,A,0,No Deposit,240.0,0,Transient,80.1,0,2
Resort Hotel,1,141,2017,June,24,17,2,5,2,0.0,0,HB,PRT,Online TA,TA/TO,0,0,0,A,A,1,No Deposit,314.0,0,Transient,104.66,0,0
Resort Hotel,1,307,2017,June,24,17,2,5,2,0.0,0,BB,GBR,Online TA,TA/TO,0,0,0,D,D,0,No Deposit,240.0,0,Transient,93.6,0,2
Resort Hotel,1,321,2017,June,24,17,2,6,2,0.0,0,HB,POL,Online TA,TA/TO,0,0,0,E,E,0,No Deposit,240.0,0,Transient,130.5,0,1
Resort Hotel,1,251,2017,June,24,17,3,6,2,0.0,0,HB,DEU,Online TA,TA/TO,0,0,0,A,A,0,No Deposit,240.0,0,Transient,108.9,0,1
Resort Hotel,1,277,2017,June,24,17,4,6,2,0.0,0,HB,PRT,Offline TA/TO,TA/TO,0,0,0,D,D,0,No Deposit,40.0,0,Contract,98.4,0,0
Resort Hotel,1,250,2017,June,24,17,4,6,2,0.0,0,BB,PRT,Offline TA/TO,TA/TO,0,0,0,A,A,0,No Deposit,143.0,0,Transient,56.7,0,0
Resort Hotel,1,326,2017,June,24,17,4,10,2,0.0,0,HB,PRT,Offline TA/TO,TA/TO,0,0,0,A,A,1,No Deposit,40.0,0,Transient,86.7,0,0
Resort Hotel,1,326,2017,June,24,17,4,10,2,0.0,0,HB,PRT,Offline TA/TO,TA/TO,0,0,0,A,A,1,No Deposit,40.0,0,Transient,86.7,0,0
Resort Hotel,1,28,2017,June,25,18,1,0,2,0.0,0,BB,PRT,Online TA,TA/TO,0,0,0,D,D,0,No Deposit,241.0,0,Transient,102.6,0,1
Resort Hotel,1,11,2017,June,25,18,1,0,2,0.0,0,BB,GBR,Online TA,TA/TO,0,0,0,D,D,0,No Deposit,240.0,0,Transient,155.0,0,1
Resort Hotel,1,28,2017,June,25,18,1,0,2,0.0,0,BB,PRT,Online TA,TA/TO,0,0,0,F,F,0,No Deposit,241.0,0,Transient,136.0,0,1
Resort Hotel,1,147,2017,June,25,18,2,1,2,0.0,0,BB,GBR,Online TA,TA/TO,0,0,0,E,E,0,No Deposit,240.0,0,Transient,140.0,0,1
Resort Hotel,1,131,2017,June,25,18,2,2,2,0.0,0,BB,PRT,Offline TA/TO,TA/TO,0,0,0,A,A,0,No Deposit,410.0,0,Transient,63.0,0,0
Resort Hotel,1,131,2017,June,25,18,2,2,2,0.0,0,BB,PRT,Offline TA/TO,TA/TO,0,0,0,A,A,0,No Deposit,410.0,0,Transient,63.0,0,0
Resort Hotel,1,115,2017,June,25,18,2,2,2,0.0,0,BB,PRT,Offline TA/TO,TA/TO,0,0,0,A,A,0,No Deposit,410.0,0,Transient,63.0,0,0
Resort Hotel,1,143,2017,June,25,18,2,2,2,0.0,0,BB,PRT,Offline TA/TO,TA/TO,0,0,0,A,A,0,No Deposit,410.0,0,Transient,56.7,0,0
Resort Hotel,1,116,2017,June,25,18,2,2,2,0.0,0,BB,PRT,Offline TA/TO,TA/TO,0,0,0,A,A,0,No Deposit,410.0,0,Transient,63.0,0,0
Resort Hotel,1,26,2017,June,25,18,2,3,2,0.0,0,BB,CN,Online TA,TA/TO,0,0,0,A,A,0,No Deposit,240.0,0,Transient,136.0,0,1
Resort Hotel,1,135,2017,June,25,18,2,3,2,0.0,0,BB,PRT,Online TA,TA/TO,0,0,0,A,A,0,No Deposit,240.0,0,Transient,112.0,0,1
Resort Hotel,1,45,2017,June,25,18,2,4,2,0.0,0,HB,IRL,Online TA,TA/TO,0,0,0,D,D,0,No Deposit,240.0,0,Transient,203.67,0,0
Resort Hotel,1,217,2017,June,25,18,2,4,2,0.0,0,HB,CHE,Online TA,TA/TO,0,0,0,E,E,0,No Deposit,240.0,0,Transient,170.0,0,2
Resort Hotel,1,129,2017,June,25,18,2,5,2,0.0,0,HB,PRT,Offline TA/TO,TA/TO,0,0,0,A,A,0,No Deposit,483.0,0,Transient,63.0,0,0
Resort Hotel,1,244,2017,June,25,18,2,5,2,0.0,0,BB,PRT,Offline TA/TO,TA/TO,0,0,0,A,A,0,No Deposit,40.0,0,Contract,56.7,0,0
Resort Hotel,1,312,2017,June,25,18,2,5,2,0.0,0,BB,IRL,Online TA,TA/TO,0,0,0,A,A,0,No Deposit,240.0,0,Transient,80.1,0,1
Resort Hotel,1,101,2017,June,25,18,2,5,2,0.0,0,HB,POL,Online TA,TA/TO,0,0,0,D,D,2,No Deposit,240.0,0,Transient,167.0,0,1
Resort Hotel,1,193,2017,June,25,18,2,5,2,0.0,0,BB,PRT,Offline TA/TO,TA/TO,0,0,0,D,D,0,No Deposit,243.0,0,Transient,68.4,0,0
Resort Hotel,1,263,2017,June,25,18,2,5,2,0.0,0,HB,PRT,Offline TA/TO,TA/TO,0,0,0,D,D,0,No Deposit,243.0,0,Contract,96.4,0,0
Resort Hotel,1,282,2017,June,25,18,2,5,2,0.0,0,BB,PRT,Online TA,TA/TO,0,0,0,A,A,0,No Deposit,240.0,0,Transient,89.0,0,0
Resort Hotel,1,160,2017,June,25,18,4,5,2,0.0,0,HB,FRA,Direct,Direct,0,0,0,F,F,1,No Deposit,250.0,0,Transient,165.0,0,0
Resort Hotel,1,269,2017,June,25,18,4,6,2,0.0,0,BB,ESP,Online TA,TA/TO,0,0,0,A,A,0,No Deposit,240.0,0,Transient,80.1,0,0
Resort Hotel,1,340,2017,June,25,18,4,10,2,0.0,0,BB,PRT,Offline TA/TO,TA/TO,0,0,0,A,A,0,No Deposit,243.0,0,Contract,56.7,0,0
Resort Hotel,1,39,2017,June,25,19,1,1,2,0.0,0,BB,RUS,Online TA,TA/TO,0,0,0,A,A,0,No Deposit,240.0,0,Transient,160.0,0,2
Resort Hotel,1,108,2017,June,25,19,1,2,2,0.0,0,BB,PRT,Online TA,TA/TO,0,0,0,D,D,0,No Deposit,240.0,0,Transient,135.0,0,1
Resort Hotel,1,298,2017,June,25,19,1,2,2,0.0,0,HB,URY,Online TA,TA/TO,0,0,0,D,D,0,No Deposit,240.0,0,Transient,122.4,0,2
Resort Hotel,1,101,2017,June,25,19,1,3,2,0.0,0,BB,ESP,Online TA,TA/TO,0,0,0,D,D,0,No Deposit,240.0,0,Transient,135.0,0,0
Resort Hotel,1,135,2017,June,25,19,1,4,2,0.0,0,BB,PRT,Online TA,TA/TO,0,0,0,A,A,0,No Deposit,240.0,0,Transient,114.0,0,2
Resort Hotel,1,148,2017,June,25,19,1,5,2,0.0,0,BB,CHE,Online TA,TA/TO,0,0,0,A,A,0,No Deposit,240.0,0,Transient,110.0,0,0
Resort Hotel,1,294,2017,June,25,19,2,5,2,0.0,0,Undefined,PRT,Offline TA/TO,TA/TO,0,0,0,D,D,0,No Deposit,40.0,0,Contract,122.4,0,0
Resort Hotel,1,210,2017,June,25,19,2,5,2,0.0,0,BB,PRT,Offline TA/TO,TA/TO,0,0,0,D,D,0,No Deposit,11.0,0,Transient,70.2,0,0
Resort Hotel,1,237,2017,June,25,19,2,5,2,0.0,0,HB,PRT,Offline TA/TO,TA/TO,0,0,0,E,E,0,No Deposit,315.0,0,Contract,108.9,0,0
Resort Hotel,1,34,2017,June,25,19,1,5,2,0.0,0,BB,PRT,Online TA,TA/TO,0,0,0,A,A,0,No Deposit,240.0,0,Transient,143.33,0,2
Resort Hotel,1,330,2017,June,25,19,3,7,2,0.0,0,BB,GBR,Online TA,TA/TO,0,0,0,A,A,0,No Deposit,240.0,0,Transient,74.25,0,0
Resort Hotel,1,330,2017,June,25,19,3,8,2,0.0,0,BB,GBR,Online TA,TA/TO,0,0,0,A,A,0,No Deposit,240.0,0,Transient,74.25,0,0
Resort Hotel,1,313,2017,June,25,19,4,10,2,0.0,0,BB,PRT,Offline TA/TO,TA/TO,0,0,0,A,A,0,No Deposit,243.0,0,Contract,56.7,0,2
Resort Hotel,1,15,2017,June,25,20,0,1,2,0.0,0,BB,PRT,Direct,Direct,0,0,0,A,A,0,No Deposit,250.0,0,Transient,135.0,0,0
Resort Hotel,1,126,2017,June,25,20,0,4,2,0.0,0,BB,PRT,Offline TA/TO,TA/TO,0,0,0,A,A,0,No Deposit,410.0,0,Transient,63.0,0,0
Resort Hotel,1,321,2017,June,25,20,0,5,2,0.0,0,HB,GBR,Online TA,TA/TO,0,0,0,A,A,0,No Deposit,240.0,0,Transient,103.05,0,1
Resort Hotel,1,258,2017,June,25,20,0,5,2,0.0,0,BB,PRT,Online TA,TA/TO,0,0,0,A,A,0,No Deposit,240.0,0,Transient,80.1,0,2
Resort Hotel,1,326,2017,June,25,20,2,5,2,0.0,0,BB,PRT,Online TA,TA/TO,0,0,0,A,A,0,No Deposit,314.0,0,Transient,59.4,0,0
Resort Hotel,1,320,2017,June,25,20,2,8,2,0.0,0,HB,SWE,Online TA,TA/TO,0,0,0,E,E,0,No Deposit,240.0,0,Transient,135.9,0,1
Resort Hotel,1,153,2017,June,25,21,0,4,2,0.0,0,BB,IRL,Online TA,TA/TO,0,0,0,A,A,0,No Deposit,240.0,0,Transient,110.0,0,0
Resort Hotel,1,43,2017,June,25,21,0,4,2,0.0,0,BB,PRT,Corporate,Corporate,0,0,0,D,D,0,No Deposit,531.0,0,Transient,76.0,0,0
Resort Hotel,1,17,2017,June,25,21,0,3,2,0.0,0,BB,ISR,Online TA,TA/TO,0,0,0,D,D,0,No Deposit,240.0,0,Transient,155.0,0,1
Resort Hotel,1,18,2017,June,25,21,1,4,2,0.0,0,BB,IDN,Direct,Direct,0,0,0,G,G,0,No Deposit,250.0,0,Transient,222.0,0,2
Resort Hotel,1,18,2017,June,25,21,1,4,2,0.0,0,BB,IDN,Direct,Direct,0,0,0,G,G,0,No Deposit,250.0,0,Transient,222.0,0,2
Resort Hotel,1,329,2017,June,25,21,2,7,2,0.0,0,BB,IRL,Online TA,TA/TO,0,0,0,A,C,1,No Deposit,240.0,0,Transient,74.25,0,1
Resort Hotel,1,324,2017,June,25,21,2,7,2,0.0,0,BB,IRL,Online TA,TA/TO,0,0,0,A,A,0,No Deposit,240.0,0,Transient,74.25,0,0
Resort Hotel,1,336,2017,June,25,21,4,10,2,0.0,0,BB,IRL,Online TA,TA/TO,0,0,0,D,D,0,No Deposit,240.0,0,Transient,178.46,0,1
Resort Hotel,1,129,2017,June,25,22,0,1,2,0.0,0,BB,IRL,Online TA,TA/TO,0,0,0,D,D,0,No Deposit,240.0,0,Transient,135.0,0,1
Resort Hotel,1,28,2017,June,25,22,0,2,2,0.0,0,BB,PRT,Online TA,TA/TO,0,0,0,A,A,0,No Deposit,241.0,0,Transient,106.4,0,1
Resort Hotel,1,107,2017,June,25,22,0,2,2,0.0,0,BB,RUS,Online TA,TA/TO,0,0,0,A,A,0,No Deposit,240.0,0,Transient,120.0,0,2
Resort Hotel,1,150,2017,June,25,22,0,3,2,0.0,0,HB,PRT,Online TA,TA/TO,0,0,0,A,A,0,No Deposit,240.0,0,Transient,142.0,0,2
Resort Hotel,1,105,2017,June,25,22,0,3,2,0.0,0,BB,PRT,Online TA,TA/TO,0,0,0,A,A,0,No Deposit,242.0,0,Transient,120.0,0,1
Resort Hotel,1,44,2017,June,25,22,1,3,2,0.0,0,BB,PRT,Corporate,Corporate,0,0,0,E,E,0,No Deposit,531.0,0,Transient,93.0,0,0
Resort Hotel,1,22,2017,June,25,22,1,3,2,0.0,0,BB,GBR,Online TA,TA/TO,0,0,0,D,D,0,No Deposit,240.0,0,Transient,155.0,0,2
Resort Hotel,1,244,2017,June,25,22,1,3,2,0.0,0,HB,USA,Online TA,TA/TO,0,0,0,A,A,0,No Deposit,240.0,0,Transient,127.8,0,2
Resort Hotel,1,244,2017,June,25,22,1,3,2,0.0,0,HB,USA,Online TA,TA/TO,0,0,0,A,A,0,No Deposit,240.0,0,Transient,127.8,0,2
Resort Hotel,1,332,2017,June,25,22,1,3,2,0.0,0,BB,GBR,Online TA,TA/TO,0,0,0,D,D,0,No Deposit,240.0,0,Transient,88.2,0,0
Resort Hotel,1,279,2017,June,25,22,2,4,2,0.0,0,BB,PRT,Online TA,TA/TO,0,0,0,A,A,0,No Deposit,240.0,0,Transient,80.1,0,1
Resort Hotel,1,240,2017,June,25,22,2,5,2,0.0,0,HB,PRT,Offline TA/TO,TA/TO,0,0,0,A,A,0,No Deposit,315.0,0,Contract,81.9,0,1
Resort Hotel,1,336,2017,June,25,22,2,5,2,0.0,0,BB,GBR,Online TA,TA/TO,0,0,0,D,D,0,No Deposit,240.0,0,Transient,88.2,0,1
Resort Hotel,1,10,2017,June,25,23,0,2,2,0.0,0,BB,PRT,Online TA,TA/TO,0,0,0,A,A,0,No Deposit,240.0,0,Transient,140.0,0,2
Resort Hotel,1,95,2017,June,25,23,0,2,2,0.0,0,HB,ESP,Online TA,TA/TO,0,0,0,E,E,0,No Deposit,240.0,0,Transient,182.0,0,1
Resort Hotel,1,37,2017,June,25,23,0,2,2,0.0,0,BB,ESP,Online TA,TA/TO,0,0,0,A,A,0,No Deposit,240.0,0,Transient,150.0,0,1
Resort Hotel,1,28,2017,June,25,23,1,2,2,0.0,0,BB,ESP,Online TA,TA/TO,0,0,0,E,E,0,No Deposit,240.0,0,Transient,170.0,0,2
Resort Hotel,1,11,2017,June,25,23,1,2,2,0.0,0,BB,GBR,Online TA,TA/TO,0,0,0,E,E,0,No Deposit,240.0,0,Transient,170.0,0,0
Resort Hotel,1,45,2017,June,25,23,2,5,2,0.0,0,BB,PRT,Corporate,Corporate,0,0,0,E,E,0,No Deposit,531.0,0,Transient,93.0,0,0
Resort Hotel,1,280,2017,June,25,23,3,7,2,0.0,0,BB,IRL,Online TA,TA/TO,0,0,0,A,A,0,No Deposit,240.0,0,Transient,82.76,0,0
Resort Hotel,1,42,2017,June,25,24,0,1,2,0.0,0,BB,PRT,Online TA,TA/TO,0,0,0,A,A,0,No Deposit,240.0,0,Transient,160.0,0,0
Resort Hotel,1,326,2017,June,25,24,2,2,2,0.0,0,BB,GBR,Online TA,TA/TO,0,0,0,D,D,0,No Deposit,240.0,0,Transient,88.2,0,1
Resort Hotel,1,129,2017,June,25,24,2,2,2,0.0,0,BB,PRT,Online TA,TA/TO,0,0,0,A,A,0,No Deposit,240.0,0,Transient,120.0,0,1
Resort Hotel,1,326,2017,June,25,24,2,2,2,0.0,0,BB,GBR,Online TA,TA/TO,0,0,0,A,A,0,No Deposit,240.0,0,Transient,74.25,0,1
Resort Hotel,1,259,2017,June,25,24,2,3,2,0.0,0,BB,CN,Direct,Direct,0,0,0,F,F,0,No Deposit,250.0,0,Transient,116.1,0,0
Resort Hotel,1,80,2017,June,25,24,2,3,2,0.0,0,BB,PRT,Offline TA/TO,TA/TO,0,0,0,D,D,0,No Deposit,40.0,0,Contract,68.4,0,0
Resort Hotel,1,331,2017,June,25,24,2,5,2,0.0,0,BB,PRT,Online TA,TA/TO,0,0,0,A,A,0,No Deposit,314.0,0,Transient,59.4,0,1
Resort Hotel,1,317,2017,June,25,24,2,5,2,0.0,0,BB,PRT,Online TA,TA/TO,0,0,0,D,D,0,No Deposit,241.0,0,Transient,68.47,0,1
Resort Hotel,1,325,2017,June,25,24,2,5,2,0.0,0,BB,GBR,Online TA,TA/TO,0,0,0,E,E,0,No Deposit,240.0,0,Transient,107.1,0,0
Resort Hotel,1,305,2017,June,25,24,2,5,2,0.0,0,BB,PRT,Online TA,TA/TO,0,0,0,A,A,0,No Deposit,240.0,0,Transient,80.1,0,2
Resort Hotel,1,86,2017,June,25,24,2,5,2,0.0,0,BB,PRT,Online TA,TA/TO,0,0,0,A,A,0,No Deposit,240.0,0,Transient,140.0,0,0
Resort Hotel,1,331,2017,June,25,24,2,5,2,0.0,0,BB,PRT,Online TA,TA/TO,0,0,0,A,A,0,No Deposit,314.0,0,Transient,59.4,0,1
Resort Hotel,1,274,2017,June,25,24,2,5,2,0.0,0,BB,PRT,Online TA,TA/TO,0,0,0,A,A,0,No Deposit,240.0,0,Transient,80.1,0,1
Resort Hotel,1,273,2017,June,25,24,2,5,2,0.0,0,BB,PRT,Online TA,TA/TO,0,0,0,A,A,0,No Deposit,240.0,0,Transient,80.1,0,1
Resort Hotel,1,288,2017,June,25,24,2,5,2,0.0,0,HB,ESP,Online TA,TA/TO,0,0,0,F,F,2,No Deposit,240.0,0,Transient,156.0,0,1
Resort Hotel,1,176,2017,June,25,24,2,5,2,0.0,0,HB,PRT,Online TA,TA/TO,0,0,0,F,F,0,No Deposit,241.0,0,Transient,131.67,0,1
Resort Hotel,1,273,2017,June,25,24,2,6,2,0.0,0,BB,FRA,Online TA,TA/TO,0,0,0,A,A,0,No Deposit,242.0,0,Transient,81.76,0,1
Resort Hotel,1,275,2017,June,25,24,2,6,2,0.0,0,BB,PRT,Online TA,TA/TO,0,0,0,A,A,0,No Deposit,240.0,0,Transient,81.76,0,0
Resort Hotel,1,241,2017,June,25,24,4,6,2,0.0,0,BB,PRT,Offline TA/TO,TA/TO,0,0,0,D,D,0,No Deposit,40.0,0,Contract,105.66,0,0
Resort Hotel,1,253,2017,June,25,24,4,6,2,0.0,0,BB,IRL,Online TA,TA/TO,0,0,0,A,A,0,No Deposit,240.0,0,Transient,84.42,0,2
Resort Hotel,1,296,2017,June,25,24,4,7,2,0.0,0,BB,SVN,Online TA,TA/TO,0,0,0,A,A,0,No Deposit,240.0,0,Transient,84.93,0,1
Resort Hotel,1,243,2017,June,25,24,4,10,2,0.0,0,HB,ITA,Online TA,TA/TO,0,0,0,A,A,0,No Deposit,240.0,0,Transient,126.0,0,0
Resort Hotel,1,27,2017,June,26,25,2,0,2,0.0,0,BB,PRT,Direct,Direct,0,0,0,A,A,0,No Deposit,,0,Transient,135.0,0,0
Resort Hotel,1,27,2017,June,26,25,2,0,2,0.0,0,BB,PRT,Direct,Direct,0,0,0,A,A,0,No Deposit,,0,Transient,135.0,0,0
Resort Hotel,1,103,2017,June,26,25,2,1,2,0.0,0,BB,USA,Direct,Direct,0,0,0,G,G,2,No Deposit,250.0,0,Transient,209.0,0,1
Resort Hotel,1,128,2017,June,26,25,2,2,2,0.0,0,BB,PRT,Offline TA/TO,TA/TO,0,0,0,A,A,0,No Deposit,410.0,0,Transient,63.0,0,0
Resort Hotel,1,47,2017,June,26,25,2,3,2,0.0,0,BB,PRT,Corporate,Corporate,0,0,0,D,D,0,No Deposit,531.0,0,Transient,76.0,0,0
Resort Hotel,1,253,2017,June,26,25,2,3,2,0.0,0,BB,PRT,Online TA,TA/TO,0,0,0,A,A,0,No Deposit,240.0,0,Transient,80.1,0,1
Resort Hotel,1,238,2017,June,26,25,2,3,2,0.0,0,BB,NOR,Online TA,TA/TO,0,0,0,A,A,0,No Deposit,240.0,0,Transient,99.0,0,1
Resort Hotel,1,47,2017,June,26,25,2,5,2,0.0,0,BB,PRT,Corporate,Corporate,0,0,0,E,E,0,No Deposit,531.0,0,Transient,93.0,0,0
Resort Hotel,1,97,2017,June,26,25,2,2,2,0.0,0,BB,PRT,Offline TA/TO,TA/TO,0,0,0,A,A,0,No Deposit,410.0,0,Transient,56.7,0,0
Resort Hotel,1,47,2017,June,26,25,2,5,2,0.0,0,BB,PRT,Corporate,Corporate,0,0,0,D,D,0,No Deposit,531.0,0,Transient,76.0,0,0
Resort Hotel,1,263,2017,June,26,25,2,5,2,0.0,0,BB,GBR,Online TA,TA/TO,0,0,0,A,A,0,No Deposit,240.0,0,Transient,82.0,0,2
Resort Hotel,1,330,2017,June,26,25,2,5,2,0.0,0,HB,GBR,Online TA,TA/TO,0,0,0,A,C,1,No Deposit,240.0,0,Transient,105.78,0,1
Resort Hotel,1,47,2017,June,26,25,2,5,2,0.0,0,BB,PRT,Corporate,Corporate,0,0,0,D,D,0,No Deposit,531.0,0,Transient,76.0,0,0
Resort Hotel,1,251,2017,June,26,25,2,5,2,0.0,0,BB,PRT,Offline TA/TO,TA/TO,0,0,0,A,A,0,No Deposit,177.0,0,Transient,59.4,0,0
Resort Hotel,1,159,2017,June,26,25,2,5,2,0.0,0,HB,PRT,Direct,Direct,0,0,0,F,F,2,No Deposit,,0,Transient-Party,167.0,0,0
Resort Hotel,1,311,2017,June,26,25,2,5,2,0.0,0,BB,IRL,Online TA,TA/TO,0,0,0,E,E,0,No Deposit,240.0,0,Transient,109.03,0,1
Resort Hotel,1,47,2017,June,26,25,2,5,2,0.0,0,BB,PRT,Corporate,Corporate,0,0,0,E,E,0,No Deposit,531.0,0,Transient,93.0,0,0
Resort Hotel,1,47,2017,June,26,25,4,6,2,0.0,0,BB,PRT,Corporate,Corporate,0,0,0,E,E,0,No Deposit,531.0,0,Transient,93.0,0,0
Resort Hotel,1,270,2017,June,26,25,4,10,2,0.0,0,HB,PRT,Offline TA/TO,TA/TO,0,0,0,A,A,0,No Deposit,143.0,0,Transient,84.7,0,1
Resort Hotel,1,98,2017,June,26,26,1,0,2,0.0,0,HB,RUS,Online TA,TA/TO,0,0,0,A,A,0,No Deposit,240.0,0,Transient,152.0,0,1
Resort Hotel,1,50,2017,June,26,26,1,1,2,0.0,0,BB,LBN,Online TA,TA/TO,0,0,0,A,A,0,No Deposit,240.0,0,Transient,176.0,0,1
Resort Hotel,1,50,2017,June,26,26,1,1,2,0.0,0,BB,LBN,Online TA,TA/TO,0,0,0,A,A,0,No Deposit,240.0,0,Transient,176.0,0,1
Resort Hotel,1,312,2017,June,26,26,1,2,2,0.0,0,BB,IRL,Online TA,TA/TO,0,0,0,A,A,0,No Deposit,240.0,0,Transient,80.1,0,1
Resort Hotel,1,169,2017,June,26,26,1,2,2,0.0,0,BB,FRA,Online TA,TA/TO,0,0,0,A,A,0,No Deposit,240.0,0,Transient,110.0,0,2
Resort Hotel,1,48,2017,June,26,26,1,3,2,0.0,0,BB,PRT,Corporate,Corporate,0,0,0,D,D,0,No Deposit,531.0,0,Transient,76.0,0,0
Resort Hotel,1,116,2017,June,26,26,1,3,2,0.0,0,BB,USA,Online TA,TA/TO,0,0,0,A,A,0,No Deposit,240.0,0,Transient,120.0,0,0
Resort Hotel,1,106,2017,June,26,26,1,3,2,0.0,0,BB,BRA,Online TA,TA/TO,0,0,0,A,A,2,No Deposit,240.0,0,Transient,120.0,0,1
Resort Hotel,1,48,2017,June,26,26,1,4,2,0.0,0,BB,PRT,Corporate,Corporate,0,0,0,D,D,0,No Deposit,531.0,0,Transient,76.0,0,0
Resort Hotel,1,178,2017,June,26,26,1,4,2,0.0,0,HB,GBR,Online TA,TA/TO,0,0,0,F,F,0,No Deposit,241.0,0,Transient,131.67,0,0
Resort Hotel,1,313,2017,June,26,26,1,4,2,0.0,0,HB,PRT,Offline TA/TO,TA/TO,0,0,0,A,A,0,Refundable,40.0,0,Contract,84.7,0,1
Resort Hotel,1,165,2017,June,26,26,1,5,2,0.0,0,HB,POL,Online TA,TA/TO,0,0,0,A,A,0,No Deposit,240.0,0,Transient,140.0,0,2
Resort Hotel,1,165,2017,June,26,26,2,5,2,0.0,0,HB,PRT,Online TA,TA/TO,0,0,0,A,A,0,No Deposit,240.0,0,Transient,140.0,0,0
Resort Hotel,1,262,2017,June,26,26,2,5,2,0.0,0,HB,IRL,Online TA,TA/TO,0,0,0,A,A,0,No Deposit,240.0,0,Transient,113.01,0,0
Resort Hotel,1,319,2017,June,26,26,2,5,2,0.0,0,BB,PRT,Online TA,TA/TO,0,0,0,D,D,0,No Deposit,241.0,0,Transient,71.29,0,1
Resort Hotel,1,48,2017,June,26,26,2,5,2,0.0,0,HB,PRT,Offline TA/TO,TA/TO,0,0,0,E,F,0,No Deposit,531.0,0,Transient,162.57,0,2
Resort Hotel,1,274,2017,June,26,26,2,5,2,0.0,0,BB,FRA,Online TA,TA/TO,0,0,0,D,D,0,No Deposit,240.0,0,Transient,97.46,0,1
Resort Hotel,1,127,2017,June,26,26,2,5,2,0.0,0,BB,PRT,Online TA,TA/TO,0,0,0,A,A,0,No Deposit,240.0,0,Transient,125.71,0,1
Resort Hotel,1,336,2017,June,26,26,3,7,2,0.0,0,BB,GBR,Online TA,TA/TO,0,0,0,A,A,0,No Deposit,240.0,0,Transient,105.13,0,1
Resort Hotel,1,48,2017,June,26,26,3,7,2,0.0,0,BB,PRT,Corporate,Corporate,0,0,0,D,D,0,No Deposit,531.0,0,Transient,76.0,0,0
Resort Hotel,1,188,2017,June,26,26,4,10,2,0.0,0,BB,GBR,Online TA,TA/TO,0,0,0,A,A,0,No Deposit,240.0,0,Transient,110.0,0,0
Resort Hotel,1,130,2017,June,26,27,0,3,2,0.0,0,HB,ESP,Online TA,TA/TO,0,0,0,A,A,0,No Deposit,240.0,0,Transient,152.0,0,1
Resort Hotel,1,104,2017,June,26,27,0,5,2,0.0,0,BB,PRT,Direct,Direct,0,0,0,A,A,0,No Deposit,,0,Transient,121.0,0,1
Resort Hotel,1,167,2017,June,26,27,1,5,2,0.0,0,BB,FRA,Online TA,TA/TO,0,0,0,A,A,0,No Deposit,240.0,0,Transient,110.0,0,1
Resort Hotel,1,145,2017,June,26,27,0,1,2,0.0,0,BB,PRT,Offline TA/TO,TA/TO,0,0,0,D,D,0,No Deposit,251.0,0,Transient,80.0,0,0
Resort Hotel,1,179,2017,June,26,27,2,5,2,0.0,0,BB,GBR,Online TA,TA/TO,0,0,0,A,A,0,No Deposit,240.0,0,Transient,110.0,0,1
Resort Hotel,1,309,2017,June,26,27,2,5,2,0.0,0,HB,PRT,Online TA,TA/TO,0,0,0,A,A,1,No Deposit,147.0,0,Transient,91.67,0,0
Resort Hotel,1,218,2017,June,26,27,2,8,2,0.0,0,HB,GBR,Online TA,TA/TO,0,0,0,A,A,0,No Deposit,240.0,0,Transient,140.0,0,0
Resort Hotel,1,122,2017,June,26,28,0,1,2,0.0,0,BB,ITA,Online TA,TA/TO,0,0,0,E,E,0,No Deposit,240.0,0,Transient,150.0,0,0
Resort Hotel,1,0,2017,June,26,28,0,2,2,0.0,0,BB,PRT,Direct,Direct,0,0,0,F,F,0,No Deposit,,0,Transient,93.0,0,2
Resort Hotel,1,267,2017,June,26,28,0,4,2,0.0,0,HB,POL,Online TA,TA/TO,0,0,0,A,A,0,No Deposit,240.0,0,Transient-Party,112.22,0,0
Resort Hotel,1,139,2017,June,26,28,1,4,2,0.0,0,HB,PRT,Online TA,TA/TO,0,0,0,A,A,1,No Deposit,314.0,0,Transient,111.6,0,0
Resort Hotel,1,160,2017,June,26,28,1,4,2,0.0,0,HB,PRT,Online TA,TA/TO,0,0,0,A,A,0,No Deposit,175.0,0,Transient,102.24,0,0
Resort Hotel,1,50,2017,June,26,28,2,5,2,0.0,0,BB,PRT,Corporate,Corporate,0,0,0,D,D,0,No Deposit,531.0,0,Transient,76.0,0,0
Resort Hotel,1,219,2017,June,26,28,2,6,2,0.0,0,HB,GBR,Online TA,TA/TO,0,0,0,A,A,1,No Deposit,240.0,0,Transient,140.0,0,1
Resort Hotel,1,339,2017,June,26,28,2,7,2,0.0,0,BB,IRL,Online TA,TA/TO,0,0,0,A,A,0,No Deposit,240.0,0,Transient,87.0,0,1
Resort Hotel,1,114,2017,June,26,29,0,2,2,0.0,0,BB,PHL,Online TA,TA/TO,0,0,0,A,A,2,No Deposit,240.0,0,Transient,120.0,0,1
Resort Hotel,1,333,2017,June,26,29,0,2,2,0.0,0,HB,GBR,Online TA,TA/TO,0,0,0,E,E,0,No Deposit,240.0,0,Transient,130.5,0,2
Resort Hotel,1,213,2017,June,26,29,0,3,2,0.0,0,BB,PRT,Online TA,TA/TO,0,0,0,A,A,2,No Deposit,241.0,0,Transient,76.24,0,1
Resort Hotel,1,201,2017,June,26,29,1,3,2,0.0,0,BB,GBR,Online TA,TA/TO,0,0,0,A,A,2,No Deposit,240.0,0,Transient,110.0,0,1
Resort Hotel,1,201,2017,June,26,29,1,3,2,0.0,0,BB,GBR,Online TA,TA/TO,0,0,0,A,A,2,No Deposit,240.0,0,Transient,110.0,0,1
Resort Hotel,1,137,2017,June,26,29,2,4,2,0.0,0,BB,FRA,Online TA,TA/TO,0,0,0,A,A,0,No Deposit,240.0,0,Transient,120.0,0,0
Resort Hotel,1,51,2017,June,26,29,2,5,2,0.0,0,BB,PRT,Corporate,Corporate,0,0,0,D,D,0,No Deposit,531.0,0,Transient,76.0,0,0
Resort Hotel,1,263,2017,June,26,29,2,3,2,0.0,0,BB,GBR,Online TA,TA/TO,0,0,0,E,E,0,No Deposit,240.0,0,Transient,115.74,0,0
Resort Hotel,1,263,2017,June,26,29,2,3,2,0.0,0,BB,GBR,Online TA,TA/TO,0,0,0,E,E,0,No Deposit,240.0,0,Transient,115.74,0,0
Resort Hotel,1,248,2017,June,26,30,0,1,2,0.0,0,BB,PRT,Offline TA/TO,TA/TO,0,0,0,D,D,1,No Deposit,,0,Transient-Party,101.25,0,1
Resort Hotel,1,21,2017,June,26,30,0,1,2,0.0,0,BB,PRT,Offline TA/TO,TA/TO,0,0,0,D,D,0,No Deposit,251.0,0,Transient,136.0,0,0
Resort Hotel,1,106,2017,June,26,30,0,2,2,0.0,0,BB,FRA,Online TA,TA/TO,0,0,0,D,D,0,No Deposit,240.0,0,Transient,150.0,0,1
Resort Hotel,1,17,2017,June,26,30,0,2,2,0.0,0,BB,PRT,Online TA,TA/TO,0,0,0,A,A,0,No Deposit,240.0,0,Transient,150.0,0,2
Resort Hotel,1,0,2017,June,26,30,0,2,2,0.0,0,BB,PRT,Online TA,TA/TO,0,0,0,A,F,0,No Deposit,240.0,0,Transient,144.0,0,0
Resort Hotel,1,60,2017,June,26,30,0,2,2,0.0,0,HB,POL,Online TA,TA/TO,0,0,0,E,E,0,No Deposit,240.0,0,Transient,211.0,0,1
Resort Hotel,1,151,2017,June,26,30,1,2,2,0.0,0,BB,IRL,Online TA,TA/TO,0,0,0,A,A,0,No Deposit,240.0,0,Transient,120.0,0,0
Resort Hotel,1,109,2017,June,26,30,1,2,2,0.0,0,BB,IRL,Online TA,TA/TO,0,0,0,A,A,0,No Deposit,240.0,0,Transient,140.0,0,1
Resort Hotel,1,175,2017,June,26,30,1,2,2,0.0,0,BB,GBR,Online TA,TA/TO,0,0,0,A,A,0,No Deposit,240.0,0,Transient,110.0,0,2
Resort Hotel,1,51,2017,June,26,30,2,2,2,0.0,0,BB,PRT,Corporate,Corporate,0,0,0,E,E,0,No Deposit,531.0,0,Transient,93.0,0,0
Resort Hotel,1,51,2017,June,26,30,2,2,2,0.0,0,BB,PRT,Corporate,Corporate,0,0,0,D,D,0,No Deposit,531.0,0,Transient,76.0,0,0
Resort Hotel,1,51,2017,June,26,30,2,2,2,0.0,0,BB,PRT,Corporate,Corporate,0,0,0,D,D,0,No Deposit,531.0,0,Transient,76.0,0,0
Resort Hotel,1,264,2017,June,26,30,2,3,2,0.0,0,BB,GBR,Online TA,TA/TO,0,0,0,E,E,0,No Deposit,240.0,0,Transient,118.62,0,0
Resort Hotel,1,264,2017,June,26,30,2,3,2,0.0,0,BB,GBR,Online TA,TA/TO,0,0,0,E,E,0,No Deposit,240.0,0,Transient,118.62,0,0
Resort Hotel,1,215,2017,June,26,30,2,4,2,0.0,0,BB,IRL,Online TA,TA/TO,0,0,0,A,A,0,No Deposit,240.0,0,Transient,110.0,0,0
Resort Hotel,1,353,2017,June,26,30,2,5,2,0.0,0,HB,PRT,Offline TA/TO,TA/TO,0,0,0,D,D,0,No Deposit,40.0,0,Contract,110.74,0,0
Resort Hotel,1,204,2017,June,26,30,2,5,2,0.0,0,BB,BEL,Online TA,TA/TO,0,0,0,E,E,0,No Deposit,240.0,0,Transient,140.0,0,1
Resort Hotel,1,51,2017,June,26,30,3,7,2,0.0,0,BB,PRT,Corporate,Corporate,0,0,0,E,E,0,No Deposit,531.0,0,Transient,93.0,0,0
Resort Hotel,1,130,2017,July,26,1,2,1,2,0.0,0,BB,PRT,Offline TA/TO,TA/TO,0,0,0,D,D,0,No Deposit,181.0,0,Transient-Party,120.0,0,1
Resort Hotel,1,303,2017,July,26,1,2,1,2,0.0,0,BB,SWE,Online TA,TA/TO,0,0,0,A,A,0,No Deposit,240.0,0,Transient,93.38,0,2
Resort Hotel,1,303,2017,July,26,1,2,1,2,0.0,0,BB,SWE,Online TA,TA/TO,0,0,0,A,A,0,No Deposit,240.0,0,Transient,93.38,0,2
Resort Hotel,1,130,2017,July,26,1,2,1,2,0.0,0,BB,PRT,Offline TA/TO,TA/TO,0,0,0,D,D,0,No Deposit,181.0,0,Transient-Party,120.0,0,1
Resort Hotel,1,130,2017,July,26,1,2,1,2,0.0,0,BB,PRT,Offline TA/TO,TA/TO,0,0,0,D,D,0,No Deposit,181.0,0,Transient-Party,120.0,0,1
Resort Hotel,1,110,2017,July,26,1,2,2,2,0.0,0,BB,CN,Online TA,TA/TO,0,0,0,D,D,0,No Deposit,240.0,0,Transient,165.0,0,1
Resort Hotel,1,110,2017,July,26,1,2,2,2,0.0,0,BB,CN,Online TA,TA/TO,0,0,0,D,D,0,No Deposit,240.0,0,Transient,165.0,0,1
Resort Hotel,1,145,2017,July,26,1,2,3,2,0.0,0,HB,PRT,Direct,Direct,0,0,0,E,E,1,No Deposit,250.0,0,Transient,162.5,0,1
Resort Hotel,1,198,2017,July,26,1,2,4,2,0.0,0,BB,ESP,Online TA,TA/TO,0,0,0,E,E,0,No Deposit,240.0,0,Transient,140.0,0,3
Resort Hotel,1,197,2017,July,26,1,2,4,2,0.0,0,HB,PRT,Online TA,TA/TO,0,0,0,E,E,1,No Deposit,314.0,0,Transient,127.8,0,2
Resort Hotel,1,305,2017,July,26,1,2,4,2,0.0,0,BB,AUS,Online TA,TA/TO,0,0,0,H,H,0,No Deposit,240.0,0,Transient,179.0,0,1
Resort Hotel,1,334,2017,July,26,1,2,5,2,0.0,0,BB,IRL,Online TA,TA/TO,0,0,0,D,D,0,No Deposit,240.0,0,Transient-Party,107.1,0,1
Resort Hotel,1,209,2017,July,26,1,2,5,2,0.0,0,BB,ESP,Online TA,TA/TO,0,0,0,A,A,0,No Deposit,240.0,0,Transient,110.0,0,2
Resort Hotel,1,334,2017,July,26,1,2,5,2,0.0,0,BB,IRL,Online TA,TA/TO,0,0,0,D,D,0,No Deposit,240.0,0,Transient-Party,107.1,0,0
Resort Hotel,1,243,2017,July,26,1,2,6,2,0.0,0,HB,PRT,Online TA,TA/TO,0,0,0,A,A,0,No Deposit,242.0,0,Transient,126.0,0,1
Resort Hotel,1,303,2017,July,26,1,3,6,2,0.0,0,BB,IRL,Online TA,TA/TO,0,0,0,D,D,0,No Deposit,240.0,0,Transient,108.1,0,3
Resort Hotel,1,184,2017,July,26,1,4,6,2,0.0,0,BB,PRT,Online TA,TA/TO,0,0,0,A,A,0,No Deposit,240.0,0,Transient,126.0,0,1
Resort Hotel,1,52,2017,July,26,1,4,6,2,0.0,0,BB,PRT,Corporate,Corporate,0,0,0,D,D,0,No Deposit,531.0,0,Transient,92.0,0,0
Resort Hotel,1,141,2017,July,26,1,4,7,2,0.0,0,BB,BRA,Online TA,TA/TO,0,0,0,D,D,0,No Deposit,240.0,0,Transient,136.82,0,1
Resort Hotel,1,325,2017,July,26,1,4,7,2,0.0,0,HB,RUS,Online TA,TA/TO,0,0,0,A,A,1,No Deposit,240.0,0,Transient,130.36,0,1
Resort Hotel,1,306,2017,July,26,1,4,10,2,0.0,0,HB,ITA,Online TA,TA/TO,0,0,0,A,A,0,No Deposit,240.0,0,Transient,138.25,0,2
Resort Hotel,1,248,2017,July,26,1,4,10,2,0.0,0,BB,PRT,Offline TA/TO,TA/TO,0,0,0,D,D,0,No Deposit,40.0,0,Contract,112.2,0,0
Resort Hotel,1,110,2017,July,27,2,2,0,2,0.0,0,BB,COL,Online TA,TA/TO,0,0,0,E,E,1,No Deposit,240.0,0,Transient,200.0,0,1
Resort Hotel,1,109,2017,July,27,2,2,1,2,0.0,0,BB,PRT,Direct,Direct,0,0,0,F,F,1,No Deposit,,0,Transient,171.0,0,1
Resort Hotel,1,146,2017,July,27,2,2,2,2,0.0,0,BB,PRT,Offline TA/TO,TA/TO,0,0,0,A,A,0,No Deposit,410.0,0,Transient,78.0,0,0
Resort Hotel,1,159,2017,July,27,2,2,2,2,0.0,0,BB,PRT,Offline TA/TO,TA/TO,0,0,0,A,A,0,No Deposit,410.0,0,Transient,70.2,0,0
Resort Hotel,1,143,2017,July,27,2,2,3,2,0.0,0,BB,ESP,Online TA,TA/TO,0,0,0,D,D,0,No Deposit,240.0,0,Transient,135.0,0,1
Resort Hotel,1,219,2017,July,27,2,2,5,2,0.0,0,HB,GBR,Online TA,TA/TO,0,0,0,A,A,0,No Deposit,242.0,0,Transient,126.0,0,1
Resort Hotel,1,268,2017,July,27,2,2,5,2,0.0,0,BB,GBR,Online TA,TA/TO,0,0,0,E,E,2,No Deposit,240.0,0,Transient,122.53,0,0
Resort Hotel,1,259,2017,July,27,2,2,5,2,0.0,0,HB,PRT,Online TA,TA/TO,0,0,0,E,E,0,No Deposit,241.0,0,Transient,151.33,0,0
Resort Hotel,1,320,2017,July,27,2,4,7,2,0.0,0,HB,RUS,Online TA,TA/TO,0,0,0,D,D,1,No Deposit,240.0,0,Transient,150.22,0,1
Resort Hotel,1,179,2017,July,27,2,4,8,2,0.0,0,BB,LTU,Direct,Direct,0,0,0,A,A,0,No Deposit,250.0,0,Transient,111.0,0,0
Resort Hotel,1,53,2017,July,27,2,4,8,2,0.0,0,BB,PRT,Corporate,Corporate,0,0,0,D,D,0,No Deposit,531.0,0,Transient,92.0,0,0
Resort Hotel,1,53,2017,July,27,2,4,10,2,0.0,0,HB,PRT,Corporate,Corporate,0,0,0,D,D,0,No Deposit,531.0,0,Transient,120.0,0,1
Resort Hotel,1,133,2017,July,27,3,1,1,2,0.0,0,BB,USA,Online TA,TA/TO,0,0,0,A,A,0,No Deposit,240.0,0,Transient,140.0,0,1
Resort Hotel,1,159,2017,July,27,3,1,3,2,0.0,0,HB,PRT,Online TA,TA/TO,0,0,0,A,A,0,No Deposit,240.0,0,Transient,152.0,0,0
Resort Hotel,1,103,2017,July,27,3,1,3,2,0.0,0,BB,ESP,Online TA,TA/TO,0,0,0,A,A,0,No Deposit,240.0,0,Transient,150.0,0,2
Resort Hotel,1,144,2017,July,27,3,1,3,2,0.0,0,BB,PRT,Offline TA/TO,TA/TO,0,0,0,A,A,0,No Deposit,410.0,0,Transient,78.0,0,0
Resort Hotel,1,178,2017,July,27,3,1,5,2,0.0,0,HB,PRT,Online TA,TA/TO,0,0,0,D,D,0,No Deposit,240.0,0,Transient,155.83,0,0
Resort Hotel,1,157,2017,July,27,3,2,5,2,0.0,0,BB,PRT,Online TA,TA/TO,0,0,0,C,C,0,No Deposit,196.0,0,Transient,158.57,0,0
Resort Hotel,1,171,2017,July,27,3,2,5,2,0.0,0,HB,IRL,Online TA,TA/TO,0,0,0,A,A,2,No Deposit,240.0,0,Transient,140.0,0,1
Resort Hotel,1,190,2017,July,27,3,2,5,2,0.0,0,HB,PRT,Online TA,TA/TO,0,0,0,A,A,1,No Deposit,314.0,0,Transient,106.2,0,0
Resort Hotel,1,262,2017,July,27,3,2,5,2,0.0,0,HB,CN,Online TA,TA/TO,0,0,0,D,D,0,No Deposit,240.0,0,Transient,138.09,0,2
Resort Hotel,1,280,2017,July,27,3,2,5,2,0.0,0,HB,PRT,Offline TA/TO,TA/TO,0,0,0,D,D,0,No Deposit,40.0,0,Contract,112.8,0,0
Resort Hotel,1,54,2017,July,27,3,2,5,2,0.0,0,BB,PRT,Corporate,Corporate,0,0,0,D,D,0,No Deposit,531.0,0,Transient,92.0,0,0
Resort Hotel,1,251,2017,July,27,3,2,5,2,0.0,0,HB,PRT,Offline TA/TO,TA/TO,0,0,0,A,A,0,No Deposit,315.0,0,Contract,95.4,0,0
Resort Hotel,1,262,2017,July,27,3,2,5,2,0.0,0,HB,CN,Online TA,TA/TO,0,0,0,D,D,0,No Deposit,240.0,0,Transient,138.09,0,2
Resort Hotel,1,177,2017,July,27,3,2,5,2,0.0,0,BB,IRL,Direct,Direct,0,0,0,F,F,0,No Deposit,250.0,0,Transient-Party,137.57,0,0
Resort Hotel,1,280,2017,July,27,3,2,5,2,0.0,0,HB,PRT,Offline TA/TO,TA/TO,0,0,0,D,D,0,No Deposit,40.0,0,Contract,112.8,0,0
Resort Hotel,1,47,2017,July,27,3,3,6,2,0.0,0,BB,NLD,Online TA,TA/TO,0,0,0,A,A,0,No Deposit,240.0,0,Transient,180.67,0,2
Resort Hotel,1,6,2017,July,27,4,0,1,2,0.0,0,BB,PRT,Complementary,TA/TO,0,0,0,A,A,0,No Deposit,8.0,0,Transient,0.0,0,2
Resort Hotel,1,320,2017,July,27,4,0,3,2,0.0,0,BB,FRA,Online TA,TA/TO,0,0,0,A,A,0,No Deposit,240.0,0,Transient,93.38,0,0
Resort Hotel,1,237,2017,July,27,4,2,5,2,0.0,0,HB,ESP,Online TA,TA/TO,0,0,0,D,D,0,No Deposit,240.0,0,Transient,163.43,0,1
Resort Hotel,1,55,2017,July,27,4,2,5,2,0.0,0,BB,PRT,Corporate,Corporate,0,0,0,D,D,0,No Deposit,531.0,0,Transient,92.0,0,0
Resort Hotel,1,271,2017,July,27,4,2,5,2,0.0,0,BB,HUN,Online TA,TA/TO,0,0,0,A,A,0,No Deposit,240.0,0,Transient,99.81,0,2
Resort Hotel,1,271,2017,July,27,4,2,5,2,0.0,0,BB,HUN,Online TA,TA/TO,0,0,0,A,A,0,No Deposit,240.0,0,Transient,99.81,0,2
Resort Hotel,1,217,2017,July,27,4,2,5,2,0.0,0,HB,ESP,Online TA,TA/TO,0,0,0,D,D,0,No Deposit,240.0,0,Transient,162.86,0,1
Resort Hotel,1,269,2017,July,27,4,2,6,2,0.0,0,BB,PRT,Online TA,TA/TO,0,0,0,A,A,1,No Deposit,241.0,0,Transient,105.47,0,0
Resort Hotel,1,270,2017,July,27,4,2,6,2,0.0,0,BB,ROU,Online TA,TA/TO,0,0,0,A,A,0,No Deposit,240.0,0,Transient,105.47,0,2
Resort Hotel,1,55,2017,July,27,4,2,8,2,0.0,0,BB,PRT,Corporate,Corporate,0,0,0,E,E,0,No Deposit,531.0,0,Transient,113.0,0,0
Resort Hotel,1,55,2017,July,27,4,2,8,2,0.0,0,BB,PRT,Corporate,Corporate,0,0,0,D,D,0,No Deposit,531.0,0,Transient,92.0,0,0
Resort Hotel,1,55,2017,July,27,4,2,8,2,0.0,0,BB,PRT,Corporate,Corporate,0,0,0,D,D,0,No Deposit,531.0,0,Transient,92.0,0,0
Resort Hotel,1,345,2017,July,27,5,0,3,2,0.0,0,BB,SWE,Online TA,TA/TO,0,0,0,D,D,0,No Deposit,240.0,0,Transient,107.1,0,2
Resort Hotel,1,164,2017,July,27,5,0,4,2,0.0,0,HB,ESP,Online TA,TA/TO,0,0,0,A,A,0,No Deposit,240.0,0,Transient,142.0,0,0
Resort Hotel,1,14,2017,July,27,5,1,4,2,0.0,0,BB,PRT,Online TA,TA/TO,0,0,0,A,A,0,No Deposit,241.0,0,Transient,128.0,0,0
Resort Hotel,1,14,2017,July,27,5,1,4,2,0.0,0,BB,PRT,Online TA,TA/TO,0,0,0,D,D,0,No Deposit,314.0,0,Transient,145.14,0,0
Resort Hotel,1,334,2017,July,27,5,1,4,2,0.0,0,HB,PRT,Direct,Direct,0,0,0,A,A,1,No Deposit,250.0,0,Transient-Party,123.38,0,0
Resort Hotel,1,352,2017,July,27,5,2,5,2,0.0,0,BB,IRL,Online TA,TA/TO,0,0,0,D,D,0,No Deposit,240.0,0,Transient,193.5,0,0
Resort Hotel,1,251,2017,July,27,5,2,5,2,0.0,0,BB,GBR,Online TA,TA/TO,0,0,0,A,A,0,No Deposit,240.0,0,Transient,110.25,0,2
Resort Hotel,1,158,2017,July,27,5,2,5,2,0.0,0,Undefined,ESP,Direct,Direct,0,0,0,A,A,1,No Deposit,250.0,0,Transient,179.71,0,0
Resort Hotel,1,183,2017,July,27,5,2,8,2,0.0,0,BB,GBR,Online TA,TA/TO,0,0,0,D,D,1,No Deposit,240.0,0,Transient,148.5,0,1
Resort Hotel,1,168,2017,July,27,5,2,8,2,0.0,0,BB,GBR,Online TA,TA/TO,0,0,0,E,E,1,No Deposit,240.0,0,Transient,165.6,0,0
Resort Hotel,1,168,2017,July,27,6,0,3,2,0.0,0,BB,ESP,Online TA,TA/TO,0,0,0,E,E,0,No Deposit,240.0,0,Transient,142.67,0,2
Resort Hotel,1,57,2017,July,27,6,1,3,2,0.0,0,BB,PRT,Corporate,Corporate,0,0,0,E,E,0,No Deposit,531.0,0,Transient,113.0,0,0
Resort Hotel,1,86,2017,July,27,6,1,3,2,0.0,0,BB,ESP,Online TA,TA/TO,0,0,0,D,D,0,No Deposit,240.0,0,Transient,187.5,0,1
Resort Hotel,1,210,2017,July,27,6,2,3,2,0.0,0,HB,CN,Online TA,TA/TO,0,0,0,D,D,0,No Deposit,240.0,0,Transient,166.0,0,1
Resort Hotel,1,210,2017,July,27,6,2,3,2,0.0,0,BB,CN,Online TA,TA/TO,0,0,0,D,D,0,No Deposit,240.0,0,Transient,136.0,0,0
Resort Hotel,1,210,2017,July,27,6,2,3,2,0.0,0,BB,CN,Online TA,TA/TO,0,0,0,D,D,0,No Deposit,240.0,0,Transient,136.0,0,0
Resort Hotel,1,210,2017,July,27,6,2,3,2,0.0,0,HB,CN,Online TA,TA/TO,0,0,0,D,D,0,No Deposit,240.0,0,Transient,166.0,0,1
Resort Hotel,1,339,2017,July,27,6,4,10,2,0.0,0,BB,CN,Online TA,TA/TO,0,0,0,A,A,0,No Deposit,240.0,0,Transient,125.52,0,0
Resort Hotel,1,335,2017,July,27,6,4,10,2,0.0,0,HB,PRT,Offline TA/TO,TA/TO,0,0,0,D,D,0,No Deposit,243.0,0,Contract,108.0,0,1
Resort Hotel,1,288,2017,July,27,7,0,2,2,0.0,0,BB,CN,Online TA,TA/TO,0,0,0,E,E,0,No Deposit,240.0,0,Transient,133.2,0,0
Resort Hotel,1,11,2017,July,27,7,2,2,2,0.0,0,BB,DEU,Direct,Direct,0,0,0,D,D,0,No Deposit,250.0,0,Transient,173.75,0,1
Resort Hotel,1,58,2017,July,27,7,2,2,2,0.0,0,BB,PRT,Corporate,Corporate,0,0,0,D,D,0,No Deposit,531.0,0,Transient,92.0,0,0
Resort Hotel,1,58,2017,July,27,7,2,2,2,0.0,0,BB,PRT,Corporate,Corporate,0,0,0,D,D,0,No Deposit,531.0,0,Transient,92.0,0,0
Resort Hotel,1,179,2017,July,27,7,2,3,2,0.0,0,HB,ESP,Online TA,TA/TO,0,0,0,A,A,0,No Deposit,240.0,0,Transient,170.0,0,1
Resort Hotel,1,184,2017,July,27,7,2,3,2,0.0,0,HB,DEU,Online TA,TA/TO,0,0,0,A,A,0,No Deposit,240.0,0,Transient,156.0,0,1
Resort Hotel,1,58,2017,July,27,7,2,5,2,0.0,0,BB,PRT,Corporate,Corporate,0,0,0,D,D,0,No Deposit,531.0,0,Transient,92.0,0,0
Resort Hotel,1,227,2017,July,27,7,2,5,2,0.0,0,BB,RUS,Online TA,TA/TO,0,0,0,A,A,0,No Deposit,240.0,0,Transient,132.86,0,0
Resort Hotel,1,227,2017,July,27,7,2,5,2,0.0,0,BB,RUS,Online TA,TA/TO,0,0,0,A,A,0,No Deposit,240.0,0,Transient,132.86,0,0
Resort Hotel,1,313,2017,July,27,7,2,5,2,0.0,0,BB,PRT,Online TA,TA/TO,0,0,0,A,A,0,No Deposit,242.0,0,Transient,119.08,0,2
Resort Hotel,1,58,2017,July,27,7,3,7,2,0.0,0,BB,PRT,Corporate,Corporate,0,0,0,D,D,0,No Deposit,531.0,0,Transient,92.0,0,0
Resort Hotel,1,19,2017,July,27,8,0,1,2,0.0,0,BB,PRT,Online TA,TA/TO,0,0,0,D,D,0,No Deposit,240.0,0,Transient,180.0,0,2
Resort Hotel,1,9,2017,July,27,8,1,1,2,0.0,0,BB,PRT,Online TA,TA/TO,0,0,0,A,A,0,No Deposit,240.0,0,Transient,160.0,0,1
Resort Hotel,1,135,2017,July,27,8,2,3,2,0.0,0,BB,RUS,Online TA,TA/TO,0,0,0,D,D,0,No Deposit,240.0,0,Transient,160.0,0,1
Resort Hotel,1,135,2017,July,27,8,2,3,2,0.0,0,BB,RUS,Direct,Direct,0,0,0,D,D,0,No Deposit,250.0,0,Transient,155.0,0,0
Resort Hotel,1,264,2017,July,27,8,2,5,2,0.0,0,BB,ESP,Online TA,TA/TO,0,0,0,D,D,0,No Deposit,240.0,0,Transient,144.0,0,2
Resort Hotel,1,150,2017,July,27,8,2,5,2,0.0,0,HB,PRT,Direct,Direct,0,0,0,A,A,1,No Deposit,250.0,0,Transient,152.71,0,0
Resort Hotel,1,59,2017,July,27,8,2,5,2,0.0,0,BB,PRT,Corporate,Corporate,0,0,0,D,D,0,No Deposit,531.0,0,Transient,92.0,0,0
Resort Hotel,1,192,2017,July,27,8,4,6,2,0.0,0,HB,PRT,Offline TA/TO,TA/TO,0,0,0,E,E,0,No Deposit,143.0,0,Transient,129.7,0,0
Resort Hotel,1,154,2017,July,27,8,4,7,2,0.0,0,BB,GBR,Online TA,TA/TO,0,0,0,E,E,0,No Deposit,240.0,0,Transient,176.18,0,1
Resort Hotel,1,154,2017,July,28,9,2,0,2,0.0,0,BB,GBR,Online TA,TA/TO,0,0,0,D,D,0,No Deposit,240.0,0,Transient,140.0,0,0
Resort Hotel,1,157,2017,July,28,9,2,4,2,0.0,0,BB,PRT,Online TA,TA/TO,0,0,0,A,A,0,No Deposit,240.0,0,Transient,126.67,0,1
Resort Hotel,1,216,2017,July,28,9,2,5,2,0.0,0,BB,IRL,Online TA,TA/TO,0,0,0,D,D,0,No Deposit,240.0,0,Transient,164.29,0,0
Resort Hotel,1,60,2017,July,28,9,2,5,2,0.0,0,BB,PRT,Corporate,Corporate,0,0,0,D,D,0,No Deposit,531.0,0,Transient,92.0,0,2
Resort Hotel,1,60,2017,July,28,9,2,5,2,0.0,0,HB,PRT,Corporate,Corporate,0,0,0,D,D,0,No Deposit,531.0,0,Transient,120.0,0,0
Resort Hotel,1,190,2017,July,28,9,4,8,2,0.0,0,BB,PRT,Online TA,TA/TO,0,0,0,A,A,0,No Deposit,240.0,0,Transient,146.98,0,1
Resort Hotel,1,4,2017,July,28,10,1,0,2,0.0,0,BB,PRT,Online TA,TA/TO,0,0,0,D,D,0,No Deposit,240.0,0,Transient,125.0,0,1
Resort Hotel,1,10,2017,July,28,10,1,1,2,0.0,0,BB,PRT,Direct,Direct,0,0,0,A,A,0,No Deposit,,0,Transient-Party,145.0,0,0
Resort Hotel,1,10,2017,July,28,10,1,1,2,0.0,0,BB,PRT,Direct,Direct,0,0,0,A,C,0,No Deposit,,0,Transient-Party,145.0,0,0
Resort Hotel,1,112,2017,July,28,10,1,2,2,0.0,0,HB,LVA,Online TA,TA/TO,0,0,0,D,D,0,No Deposit,240.0,0,Transient,212.0,0,1
Resort Hotel,1,117,2017,July,28,10,1,2,2,0.0,0,HB,ESP,Online TA,TA/TO,0,0,0,D,D,0,No Deposit,240.0,0,Transient,212.0,0,2
Resort Hotel,1,149,2017,July,28,10,1,2,2,0.0,0,HB,ESP,Online TA,TA/TO,0,0,0,A,A,0,No Deposit,240.0,0,Transient,152.0,0,1
Resort Hotel,1,9,2017,July,28,10,1,2,2,0.0,0,BB,PRT,Direct,Direct,0,0,0,D,D,0,No Deposit,250.0,0,Transient,175.0,0,0
Resort Hotel,1,125,2017,July,28,10,1,3,2,0.0,0,BB,PRT,Direct,Direct,0,0,0,D,D,0,No Deposit,,0,Transient,148.5,0,0
Resort Hotel,1,156,2017,July,28,10,1,3,2,0.0,0,BB,IRL,Online TA,TA/TO,0,0,0,A,A,0,No Deposit,240.0,0,Transient,120.0,0,1
Resort Hotel,1,76,2017,July,28,10,1,4,2,0.0,0,HB,ESP,Online TA,TA/TO,0,0,0,D,D,0,No Deposit,240.0,0,Transient,222.0,0,1
Resort Hotel,1,76,2017,July,28,10,1,4,2,0.0,0,HB,ESP,Online TA,TA/TO,0,0,0,D,D,0,No Deposit,240.0,0,Transient,222.0,0,1
Resort Hotel,1,289,2017,July,28,10,1,4,2,0.0,0,BB,EST,Online TA,TA/TO,0,0,0,A,A,0,No Deposit,240.0,0,Transient,138.38,0,0
Resort Hotel,1,163,2017,July,28,10,1,5,2,0.0,0,HB,ESP,Online TA,TA/TO,0,0,0,A,A,0,No Deposit,240.0,0,Transient,182.0,0,0
Resort Hotel,1,140,2017,July,28,10,1,5,2,0.0,0,BB,ESP,Online TA,TA/TO,0,0,0,E,E,0,No Deposit,240.0,0,Transient,183.83,0,1
Resort Hotel,1,114,2017,July,28,10,2,5,2,0.0,0,HB,CHE,Online TA,TA/TO,0,0,0,E,E,0,No Deposit,240.0,0,Transient,232.0,0,2
Resort Hotel,1,48,2017,July,28,10,2,5,2,0.0,0,HB,PRT,Online TA,TA/TO,0,0,0,A,A,0,No Deposit,175.0,0,Transient,169.6,0,0
Resort Hotel,1,153,2017,July,28,10,2,5,2,0.0,0,BB,IRL,Online TA,TA/TO,0,0,0,A,A,0,No Deposit,240.0,0,Transient,137.14,0,1
Resort Hotel,1,153,2017,July,28,10,2,5,2,0.0,0,HB,PRT,Offline TA/TO,TA/TO,0,0,0,A,A,0,No Deposit,315.0,0,Contract,130.05,0,0
Resort Hotel,1,5,2017,July,28,11,0,1,2,0.0,0,BB,PRT,Online TA,TA/TO,0,0,0,D,D,0,No Deposit,240.0,0,Transient,125.0,0,1
Resort Hotel,1,95,2017,July,28,11,0,3,2,0.0,0,BB,HKG,Online TA,TA/TO,0,0,0,E,E,0,No Deposit,240.0,0,Transient,199.0,0,1
Resort Hotel,1,47,2017,July,28,11,0,3,2,0.0,0,BB,PRT,Online TA,TA/TO,0,0,0,A,A,0,No Deposit,240.0,0,Transient,170.0,0,0
Resort Hotel,1,47,2017,July,28,11,0,3,2,0.0,0,BB,PRT,Online TA,TA/TO,0,0,0,A,A,0,No Deposit,240.0,0,Transient,170.0,0,0
Resort Hotel,1,47,2017,July,28,11,0,3,2,0.0,0,BB,PRT,Online TA,TA/TO,0,0,0,E,E,0,No Deposit,240.0,0,Transient,210.0,0,0
Resort Hotel,1,48,2017,July,28,11,0,3,2,0.0,0,HB,PRT,Online TA,TA/TO,0,0,0,A,A,0,No Deposit,240.0,0,Transient,180.67,0,0
Resort Hotel,1,47,2017,July,28,11,0,3,2,0.0,0,HB,PRT,Online TA,TA/TO,0,0,0,A,A,0,No Deposit,240.0,0,Transient,202.0,0,0
Resort Hotel,1,73,2017,July,28,11,0,4,2,0.0,0,BB,ESP,Online TA,TA/TO,0,0,0,E,E,0,No Deposit,240.0,0,Transient,210.0,0,1
Resort Hotel,1,151,2017,July,28,11,0,4,2,0.0,0,BB,PRT,Offline TA/TO,TA/TO,0,0,0,A,A,0,No Deposit,410.0,0,Transient,116.5,0,0
Resort Hotel,1,24,2017,July,28,11,0,4,2,0.0,0,BB,RUS,Online TA,TA/TO,0,0,0,D,D,0,No Deposit,240.0,0,Transient,180.0,0,1
Resort Hotel,1,23,2017,July,28,11,0,5,2,0.0,0,FB,ESP,Direct,Direct,0,0,0,E,E,1,No Deposit,250.0,0,Transient,275.0,0,1
Resort Hotel,1,110,2017,July,28,11,0,5,2,0.0,0,BB,ISR,Online TA,TA/TO,0,0,0,G,G,0,No Deposit,240.0,0,Transient,260.0,0,1
Resort Hotel,1,62,2017,July,28,11,1,5,2,0.0,0,BB,PRT,Corporate,Corporate,0,0,0,E,E,0,No Deposit,531.0,0,Transient,146.0,0,0
Resort Hotel,1,62,2017,July,28,11,2,5,2,0.0,0,HB,PRT,Corporate,Corporate,0,0,0,D,D,0,No Deposit,531.0,0,Transient,163.0,0,0
Resort Hotel,1,234,2017,July,28,11,2,6,2,0.0,0,HB,GBR,Online TA,TA/TO,0,0,0,E,E,0,No Deposit,240.0,0,Transient,218.0,0,2
Resort Hotel,1,346,2017,July,28,11,4,10,2,0.0,0,BB,NOR,Online TA,TA/TO,0,0,0,E,E,0,No Deposit,240.0,0,Transient,165.6,0,0
Resort Hotel,1,32,2017,July,28,12,0,2,2,0.0,0,BB,CN,Online TA,TA/TO,0,0,0,D,D,0,No Deposit,240.0,0,Transient,180.0,0,1
Resort Hotel,1,21,2017,July,28,12,0,2,2,0.0,0,BB,PRT,Online TA,TA/TO,0,0,0,A,A,0,No Deposit,241.0,0,Transient,160.0,0,1
Resort Hotel,1,20,2017,July,28,12,0,3,2,0.0,0,BB,ESP,Online TA,TA/TO,0,0,0,E,E,0,No Deposit,240.0,0,Transient,200.0,0,2
Resort Hotel,1,16,2017,July,28,12,0,3,2,0.0,0,BB,PRT,Direct,Direct,0,0,0,E,E,1,No Deposit,,1,Transient,192.38,0,1
Resort Hotel,1,72,2017,July,28,12,0,3,2,0.0,0,BB,ESP,Online TA,TA/TO,0,0,0,E,E,2,No Deposit,240.0,0,Transient,210.0,0,0
Resort Hotel,1,89,2017,July,28,12,0,3,2,0.0,0,BB,GBR,Online TA,TA/TO,0,0,0,D,D,0,No Deposit,240.0,0,Transient,190.0,0,2
Resort Hotel,1,20,2017,July,28,12,0,3,2,0.0,0,BB,ESP,Online TA,TA/TO,0,0,0,E,E,0,No Deposit,240.0,0,Transient,200.0,0,2
Resort Hotel,1,27,2017,July,28,12,0,4,2,0.0,0,HB,ESP,Online TA,TA/TO,0,0,0,D,D,0,No Deposit,240.0,0,Transient,219.5,0,2
Resort Hotel,1,38,2017,July,28,12,0,4,2,0.0,0,BB,ROU,Online TA,TA/TO,0,0,0,E,E,0,No Deposit,240.0,0,Transient,207.5,0,1
Resort Hotel,1,29,2017,July,28,12,0,4,2,0.0,0,BB,PRT,Online TA,TA/TO,0,0,0,D,D,0,No Deposit,240.0,0,Transient,168.75,0,2
Resort Hotel,1,77,2017,July,28,12,0,4,2,0.0,0,BB,CN,Online TA,TA/TO,0,0,0,D,D,0,No Deposit,240.0,0,Transient,198.75,0,0
Resort Hotel,1,51,2017,July,28,12,1,4,2,0.0,0,BB,GBR,Online TA,TA/TO,0,0,0,A,A,0,No Deposit,240.0,0,Transient,184.0,0,1
Resort Hotel,1,128,2017,July,28,12,2,5,2,0.0,0,BB,IRL,Online TA,TA/TO,0,0,0,A,A,0,No Deposit,240.0,0,Transient,164.29,0,1
Resort Hotel,1,0,2017,July,28,13,0,1,2,0.0,0,BB,ESP,Online TA,TA/TO,0,0,0,A,A,0,No Deposit,240.0,0,Transient,105.0,0,2
Resort Hotel,1,27,2017,July,28,13,2,3,2,0.0,0,BB,AUT,Online TA,TA/TO,0,0,0,A,A,0,No Deposit,240.0,0,Transient,178.0,0,0
Resort Hotel,1,145,2017,July,28,13,2,3,2,0.0,0,BB,GBR,Online TA,TA/TO,0,0,0,E,E,0,No Deposit,240.0,0,Transient,199.0,0,1
Resort Hotel,1,145,2017,July,28,13,2,3,2,0.0,0,BB,GBR,Online TA,TA/TO,0,0,0,E,E,0,No Deposit,240.0,0,Transient,199.0,0,1
Resort Hotel,1,74,2017,July,28,13,2,5,2,0.0,0,Undefined,PRT,Online TA,TA/TO,0,0,0,D,D,1,No Deposit,314.0,0,Transient,230.3,0,0
Resort Hotel,1,201,2017,July,28,13,2,5,2,0.0,0,BB,RUS,Online TA,TA/TO,0,0,0,A,A,0,No Deposit,240.0,0,Transient,150.0,0,1
Resort Hotel,1,154,2017,July,28,13,2,7,2,0.0,0,BB,PRT,Direct,Direct,0,0,0,E,E,1,No Deposit,,0,Transient,203.0,0,1
Resort Hotel,1,281,2017,July,28,13,2,7,2,0.0,0,BB,IRL,Online TA,TA/TO,0,0,0,A,A,0,No Deposit,240.0,0,Transient,138.38,0,1
Resort Hotel,1,161,2017,July,28,13,4,10,2,0.0,0,BB,PRT,Online TA,TA/TO,0,0,0,A,A,0,No Deposit,314.0,0,Transient,113.14,0,0
Resort Hotel,1,31,2017,July,28,14,0,2,2,0.0,0,BB,FRA,Online TA,TA/TO,0,0,0,E,E,0,No Deposit,240.0,0,Transient,215.0,0,1
Resort Hotel,1,36,2017,July,28,14,1,2,2,0.0,0,BB,PRT,Online TA,TA/TO,0,0,0,A,A,0,Refundable,242.0,0,Transient,180.0,0,1
Resort Hotel,1,95,2017,July,28,14,1,2,2,0.0,0,BB,GBR,Online TA,TA/TO,0,0,0,E,E,0,No Deposit,240.0,0,Transient,219.0,0,1
Resort Hotel,1,35,2017,July,28,14,0,2,2,0.0,0,BB,PRT,Online TA,TA/TO,0,0,0,A,A,0,No Deposit,240.0,0,Transient,175.0,0,1
Resort Hotel,1,35,2017,July,28,14,1,2,2,0.0,0,BB,GBR,Online TA,TA/TO,0,0,0,A,A,0,No Deposit,240.0,0,Transient,180.0,0,1
Resort Hotel,1,169,2017,July,28,14,2,5,2,0.0,0,BB,BRA,Online TA,TA/TO,0,0,0,A,A,0,No Deposit,240.0,0,Transient,151.43,0,1
Resort Hotel,1,21,2017,July,28,14,2,5,2,0.0,0,HB,ESP,Online TA,TA/TO,0,0,0,A,A,0,No Deposit,240.0,0,Transient,217.71,0,1
Resort Hotel,1,169,2017,July,28,14,2,5,2,0.0,0,BB,BRA,Online TA,TA/TO,0,0,0,A,A,0,No Deposit,240.0,0,Transient,151.43,0,1
Resort Hotel,1,123,2017,July,28,14,2,5,2,0.0,0,HB,PRT,Offline TA/TO,TA/TO,0,0,0,A,A,0,No Deposit,171.0,0,Transient,151.0,0,0
Resort Hotel,1,70,2017,July,28,14,2,5,2,0.0,0,BB,GBR,Online TA,TA/TO,0,0,0,E,E,0,No Deposit,240.0,0,Transient,240.0,0,0
Resort Hotel,1,0,2017,July,28,15,0,1,2,0.0,0,BB,PRT,Direct,Direct,0,0,0,A,A,0,No Deposit,250.0,0,Transient,155.0,0,1
Resort Hotel,1,24,2017,July,28,15,1,1,2,0.0,0,BB,AUS,Online TA,TA/TO,0,0,0,A,A,0,No Deposit,240.0,0,Transient,171.0,0,2
Resort Hotel,1,59,2017,July,28,15,1,1,2,0.0,0,BB,PRT,Direct,Direct,0,0,0,D,D,2,No Deposit,250.0,0,Transient,214.0,0,1
Resort Hotel,1,0,2017,July,28,15,2,1,2,0.0,0,BB,PRT,Online TA,TA/TO,0,0,0,D,D,0,No Deposit,242.0,0,Transient,168.0,0,1
Resort Hotel,1,55,2017,July,28,15,2,2,2,0.0,0,BB,PRT,Direct,Direct,0,0,0,F,F,2,No Deposit,250.0,0,Transient,252.0,0,1
Resort Hotel,1,55,2017,July,28,15,2,2,2,0.0,0,BB,PRT,Direct,Direct,0,0,0,F,F,2,No Deposit,250.0,0,Transient,252.0,0,0
Resort Hotel,1,253,2017,July,28,15,2,3,2,0.0,0,BB,GBR,Online TA,TA/TO,0,0,0,E,E,5,No Deposit,240.0,0,Transient,188.0,0,0
Resort Hotel,1,122,2017,July,28,15,2,4,2,0.0,0,HB,ESP,Online TA,TA/TO,0,0,0,E,E,0,No Deposit,240.0,0,Transient,232.0,0,2
Resort Hotel,1,126,2017,July,28,15,2,5,2,0.0,0,HB,PRT,Online TA,TA/TO,0,0,0,A,A,0,No Deposit,240.0,0,Transient,192.0,0,2
Resort Hotel,1,109,2017,July,28,15,2,5,2,0.0,0,BB,FRA,Online TA,TA/TO,0,0,0,E,E,0,No Deposit,240.0,0,Transient,229.0,0,1
Resort Hotel,1,125,2017,July,28,15,2,5,2,0.0,0,BB,IRL,Online TA,TA/TO,0,0,0,A,A,0,No Deposit,240.0,0,Transient,160.0,0,0
Resort Hotel,1,125,2017,July,28,15,2,5,2,0.0,0,BB,IRL,Online TA,TA/TO,0,0,0,D,D,0,No Deposit,240.0,0,Transient,180.0,0,0
Resort Hotel,1,126,2017,July,28,15,2,5,2,0.0,0,HB,PRT,Online TA,TA/TO,0,0,0,A,A,0,No Deposit,240.0,0,Transient,192.0,0,1
Resort Hotel,1,109,2017,July,28,15,2,5,2,0.0,0,BB,FRA,Online TA,TA/TO,0,0,0,E,E,0,No Deposit,240.0,0,Transient,229.0,0,1
Resort Hotel,1,123,2017,July,28,15,2,4,2,0.0,0,HB,ESP,Online TA,TA/TO,0,0,0,D,D,0,No Deposit,240.0,0,Transient,212.0,0,1
Resort Hotel,1,126,2017,July,28,15,2,5,2,0.0,0,HB,PRT,Online TA,TA/TO,0,0,0,A,A,0,No Deposit,240.0,0,Transient,192.0,0,1
Resort Hotel,1,126,2017,July,28,15,2,5,2,0.0,0,HB,PRT,Online TA,TA/TO,0,0,0,A,A,0,No Deposit,240.0,0,Transient,192.0,0,2
Resort Hotel,1,125,2017,July,28,15,2,5,2,0.0,0,BB,IRL,Online TA,TA/TO,0,0,0,A,A,0,No Deposit,240.0,0,Transient,160.0,0,0
Resort Hotel,1,167,2017,July,28,15,2,5,2,0.0,0,BB,GBR,Online TA,TA/TO,0,0,0,A,A,0,No Deposit,240.0,0,Transient,152.86,0,0
Resort Hotel,1,113,2017,July,28,15,3,6,2,0.0,0,BB,PRT,Online TA,TA/TO,0,0,0,D,D,0,No Deposit,240.0,0,Transient,184.44,0,1
Resort Hotel,1,354,2017,July,28,15,4,6,2,0.0,0,HB,GBR,Online TA,TA/TO,0,0,0,E,E,0,No Deposit,240.0,0,Transient,194.4,0,2
Resort Hotel,1,192,2017,July,28,15,4,7,2,0.0,0,BB,ROU,Online TA,TA/TO,0,0,0,E,E,0,No Deposit,240.0,0,Transient,190.18,0,1
Resort Hotel,1,25,2017,July,29,16,2,1,2,0.0,0,BB,GBR,Online TA,TA/TO,0,0,0,D,D,0,No Deposit,240.0,0,Transient,210.0,0,2
Resort Hotel,1,213,2017,July,29,16,2,2,2,0.0,0,BB,PRT,Offline TA/TO,TA/TO,0,0,0,A,A,0,No Deposit,410.0,0,Transient,104.85,0,1
Resort Hotel,1,145,2017,July,29,16,2,2,2,0.0,0,BB,CN,Online TA,TA/TO,0,0,0,E,E,4,No Deposit,240.0,0,Transient,213.0,0,1
Resort Hotel,1,213,2017,July,29,16,2,2,2,0.0,0,BB,PRT,Offline TA/TO,TA/TO,0,0,0,A,A,0,No Deposit,410.0,0,Transient,104.85,0,1
Resort Hotel,1,333,2017,July,29,16,2,4,2,0.0,0,BB,ESP,Online TA,TA/TO,0,0,0,D,D,0,No Deposit,240.0,0,Transient,152.1,0,4
Resort Hotel,1,128,2017,July,29,16,2,4,2,0.0,0,HB,FRA,Online TA,TA/TO,0,0,0,A,A,0,No Deposit,240.0,0,Transient,192.0,0,0
Resort Hotel,1,175,2017,July,29,16,2,5,2,0.0,0,BB,CHE,Direct,Direct,0,0,0,F,F,0,No Deposit,250.0,0,Transient,181.54,0,1
Resort Hotel,1,188,2017,July,29,16,2,5,2,0.0,0,BB,CHE,Online TA,TA/TO,0,0,0,D,D,0,No Deposit,240.0,0,Transient,171.71,0,0
Resort Hotel,1,181,2017,July,29,16,2,5,2,0.0,0,BB,CHE,Online TA,TA/TO,0,0,0,D,D,0,No Deposit,240.0,0,Transient,171.71,0,2
Resort Hotel,1,188,2017,July,29,16,2,5,2,0.0,0,BB,CHE,Direct,Direct,0,0,0,D,D,0,No Deposit,250.0,0,Transient,154.54,0,0
Resort Hotel,1,170,2017,July,29,16,2,5,2,0.0,0,FB,PRT,Online TA,TA/TO,0,0,0,A,A,1,No Deposit,196.0,0,Transient,154.29,0,0
Resort Hotel,1,188,2017,July,29,16,2,5,2,0.0,0,BB,CHE,Online TA,TA/TO,0,0,0,E,E,0,No Deposit,240.0,0,Transient,203.71,0,0
Resort Hotel,1,158,2017,July,29,16,4,6,2,0.0,0,BB,PRT,Online TA,TA/TO,0,0,0,A,A,0,No Deposit,314.0,0,Transient,115.2,0,0
Resort Hotel,1,21,2017,July,29,17,1,3,2,0.0,0,BB,MAR,Online TA,TA/TO,0,0,0,E,E,0,No Deposit,240.0,0,Transient,230.0,0,1
Resort Hotel,1,103,2017,July,29,17,1,3,2,0.0,0,BB,PRT,Online TA,TA/TO,0,0,0,E,E,0,No Deposit,242.0,0,Transient,229.0,0,1
Resort Hotel,1,209,2017,July,29,17,1,4,2,0.0,0,BB,GBR,Online TA,TA/TO,0,0,0,A,A,3,No Deposit,240.0,0,Transient,151.5,0,1
Resort Hotel,1,64,2017,July,29,17,1,4,2,0.0,0,BB,PRT,Online TA,TA/TO,0,0,0,F,F,0,No Deposit,241.0,0,Transient,201.4,0,1
Resort Hotel,1,252,2017,July,29,17,1,5,2,0.0,0,BB,NOR,Online TA,TA/TO,0,0,0,E,E,0,No Deposit,240.0,0,Transient,192.0,0,0
Resort Hotel,1,182,2017,July,29,17,1,5,2,0.0,0,HB,PRT,Online TA,TA/TO,0,0,0,A,A,0,No Deposit,240.0,0,Transient,181.88,0,1
Resort Hotel,1,323,2017,July,29,17,1,5,2,0.0,0,HB,ESP,Online TA,TA/TO,0,0,0,A,A,0,No Deposit,240.0,0,Transient,167.18,0,1
Resort Hotel,1,2,2017,July,29,17,1,5,2,0.0,0,HB,ESP,Online TA,TA/TO,0,0,0,A,A,1,No Deposit,240.0,0,Transient,209.5,0,0
Resort Hotel,1,140,2017,July,29,17,2,5,2,0.0,0,HB,ESP,Online TA,TA/TO,0,0,0,A,A,0,No Deposit,240.0,0,Transient,207.0,0,1
Resort Hotel,1,390,2017,July,29,17,2,5,2,0.0,0,BB,PRT,Offline TA/TO,TA/TO,0,0,0,A,A,0,No Deposit,243.0,0,Contract,104.85,0,0
Resort Hotel,1,141,2017,July,29,17,2,5,2,0.0,0,HB,ESP,Online TA,TA/TO,0,0,0,A,A,0,No Deposit,240.0,0,Transient,207.0,0,1
Resort Hotel,1,332,2017,July,29,17,3,5,2,0.0,0,HB,ESP,Online TA,TA/TO,0,0,0,D,D,2,No Deposit,240.0,0,Transient,219.5,0,0
Resort Hotel,1,211,2017,July,29,17,3,6,2,0.0,0,BB,GBR,Online TA,TA/TO,0,0,0,A,A,0,No Deposit,240.0,0,Transient,152.5,0,1
Resort Hotel,1,159,2017,July,29,17,3,6,2,0.0,0,HB,BRA,Online TA,TA/TO,0,0,0,A,A,0,No Deposit,240.0,0,Transient,192.0,0,0
Resort Hotel,1,55,2017,July,29,17,3,8,2,0.0,0,BB,RUS,Direct,Direct,0,0,0,F,F,0,No Deposit,250.0,0,Transient,260.0,0,0
Resort Hotel,1,268,2017,July,29,17,4,10,2,0.0,0,HB,PRT,Online TA,TA/TO,0,0,0,D,D,0,No Deposit,242.0,0,Transient,183.59,0,1
Resort Hotel,1,240,2017,July,29,17,5,11,2,0.0,0,HB,CHE,Online TA,TA/TO,0,0,0,A,A,0,No Deposit,240.0,0,Transient,183.05,0,0
Resort Hotel,1,236,2017,July,29,17,5,11,2,0.0,0,HB,PRT,Online TA,TA/TO,0,0,0,D,D,0,No Deposit,242.0,0,Transient,182.92,0,0
Resort Hotel,1,253,2017,July,29,17,3,10,2,0.0,0,HB,FRA,Online TA,TA/TO,0,0,0,D,D,0,No Deposit,240.0,0,Transient,186.74,0,2
Resort Hotel,1,0,2017,July,29,18,0,1,2,0.0,0,BB,PRT,Direct,Direct,0,0,0,D,D,0,No Deposit,250.0,0,Transient,174.0,0,1
Resort Hotel,1,7,2017,July,29,18,0,1,2,0.0,0,BB,PRT,Direct,Direct,0,0,0,G,G,0,No Deposit,250.0,0,Transient,255.0,0,0
Resort Hotel,1,163,2017,July,29,18,0,1,2,0.0,0,HB,CN,Online TA,TA/TO,0,0,0,D,D,0,No Deposit,240.0,0,Transient,226.0,0,1
Resort Hotel,1,163,2017,July,29,18,0,1,2,0.0,0,HB,CN,Online TA,TA/TO,0,0,0,A,A,0,No Deposit,240.0,0,Transient,192.0,0,1
Resort Hotel,1,227,2017,July,29,18,0,3,2,0.0,0,BB,CHE,Online TA,TA/TO,0,0,0,A,A,0,No Deposit,240.0,0,Transient,151.25,0,3
Resort Hotel,1,227,2017,July,29,18,0,3,2,0.0,0,BB,CHE,Online TA,TA/TO,0,0,0,A,A,0,No Deposit,240.0,0,Transient,151.25,0,3
Resort Hotel,1,78,2017,July,29,18,0,5,2,0.0,0,BB,PRT,Offline TA/TO,TA/TO,0,0,0,A,A,0,No Deposit,40.0,0,Contract,116.5,0,0
Resort Hotel,1,165,2017,July,29,18,0,5,2,0.0,0,HB,ESP,Online TA,TA/TO,0,0,0,A,A,0,No Deposit,240.0,0,Transient,192.0,0,0
Resort Hotel,1,39,2017,July,29,18,0,5,2,0.0,0,BB,PRT,Offline TA/TO,TA/TO,0,0,0,A,A,0,No Deposit,40.0,0,Contract,116.5,0,0
Resort Hotel,1,158,2017,July,29,18,1,5,2,0.0,0,BB,PRT,Direct,Direct,0,0,0,A,A,0,No Deposit,,0,Transient,156.0,0,0
Resort Hotel,1,67,2017,July,29,18,1,5,2,0.0,0,BB,GBR,Online TA,TA/TO,0,0,0,D,D,0,No Deposit,240.0,0,Transient,225.0,0,1
Resort Hotel,1,128,2017,July,29,18,2,5,2,0.0,0,BB,LUX,Online TA,TA/TO,0,0,0,D,D,0,No Deposit,240.0,0,Transient,188.57,0,1
Resort Hotel,1,299,2017,July,29,18,2,10,2,0.0,0,HB,DEU,Online TA,TA/TO,0,0,0,E,E,0,No Deposit,240.0,0,Transient,201.6,0,2
Resort Hotel,1,211,2017,July,29,19,0,3,2,0.0,0,BB,GBR,Online TA,TA/TO,0,0,0,A,A,6,No Deposit,240.0,0,Transient,152.5,0,1
Resort Hotel,1,197,2017,July,29,19,0,3,2,0.0,0,BB,GBR,Online TA,TA/TO,0,0,0,A,A,2,No Deposit,240.0,0,Transient,152.5,0,0
Resort Hotel,1,143,2017,July,29,19,0,4,2,0.0,0,BB,PRT,Online TA,TA/TO,0,0,0,A,A,0,No Deposit,240.0,0,Transient,175.0,0,0
Resort Hotel,1,327,2017,July,29,19,1,4,2,0.0,0,BB,GBR,Online TA,TA/TO,0,0,0,A,A,0,No Deposit,240.0,0,Transient,138.38,0,0
Resort Hotel,1,247,2017,July,29,19,1,4,2,0.0,0,BB,PRT,Online TA,TA/TO,0,0,0,A,A,0,No Deposit,242.0,0,Transient,137.7,0,1
Resort Hotel,1,187,2017,July,29,19,2,6,2,0.0,0,HB,RUS,Online TA,TA/TO,0,0,0,A,A,0,No Deposit,240.0,0,Transient,183.28,0,1
Resort Hotel,1,187,2017,July,29,19,2,7,2,0.0,0,HB,RUS,Online TA,TA/TO,0,0,0,A,A,2,No Deposit,240.0,0,Transient,183.33,0,0
Resort Hotel,1,20,2017,July,29,19,2,9,2,0.0,0,HB,ESP,Online TA,TA/TO,0,0,0,A,A,0,No Deposit,240.0,0,Transient,232.91,0,1
Resort Hotel,1,2,2017,July,29,20,0,2,2,0.0,0,BB,PRT,Online TA,TA/TO,0,0,0,D,F,0,No Deposit,241.0,0,Transient,139.2,0,1
Resort Hotel,1,144,2017,July,29,20,0,3,2,0.0,0,BB,PRT,Online TA,TA/TO,0,0,0,A,A,0,No Deposit,240.0,0,Transient,175.0,0,0
Resort Hotel,1,171,2017,July,29,20,1,3,2,0.0,0,BB,PRT,Online TA,TA/TO,0,0,0,A,A,0,No Deposit,5.0,0,Transient,156.0,0,0
Resort Hotel,1,21,2017,July,29,20,1,3,2,0.0,0,HB,POL,Online TA,TA/TO,0,0,0,D,D,0,No Deposit,240.0,0,Transient,249.5,0,0
Resort Hotel,1,160,2017,July,29,20,1,3,2,0.0,0,BB,PRT,Online TA,TA/TO,0,0,0,A,A,0,No Deposit,314.0,0,Transient,115.2,0,1
Resort Hotel,1,64,2017,July,29,20,1,3,2,0.0,0,BB,PRT,Corporate,Corporate,0,0,0,D,D,0,No Deposit,531.0,0,Transient,135.0,0,0
Resort Hotel,1,168,2017,July,29,20,2,3,2,0.0,0,HB,PRT,Online TA,TA/TO,0,0,0,A,A,1,No Deposit,314.0,0,Transient,142.2,0,0
Resort Hotel,1,193,2017,July,29,20,2,3,2,0.0,0,BB,PRT,Online TA,TA/TO,0,0,0,A,A,0,No Deposit,240.0,0,Transient,153.75,0,0
Resort Hotel,1,328,2017,July,29,20,2,6,2,0.0,0,HB,DEU,Online TA,TA/TO,0,0,0,E,E,0,No Deposit,240.0,0,Transient,201.6,0,1
Resort Hotel,1,2,2017,July,29,21,0,1,2,0.0,0,BB,PRT,Direct,Direct,0,0,0,D,D,0,No Deposit,,0,Transient,147.9,0,0
Resort Hotel,1,2,2017,July,29,21,0,1,2,0.0,0,BB,PRT,Direct,Direct,0,0,0,D,D,0,No Deposit,,0,Transient,147.9,0,0
Resort Hotel,1,2,2017,July,29,21,0,1,2,0.0,0,BB,PRT,Direct,Direct,0,0,0,D,D,0,No Deposit,,0,Transient,147.9,0,0
Resort Hotel,1,19,2017,July,29,21,0,2,2,0.0,0,BB,ESP,Online TA,TA/TO,0,0,0,D,D,0,No Deposit,240.0,0,Transient,217.5,0,2
Resort Hotel,1,147,2017,July,29,21,1,2,2,0.0,0,BB,SYC,Online TA,TA/TO,0,0,0,A,A,0,No Deposit,240.0,0,Transient,175.0,0,1
Resort Hotel,1,101,2017,July,29,21,2,5,2,0.0,0,BB,GBR,Online TA,TA/TO,0,0,0,E,E,0,No Deposit,240.0,0,Transient,245.0,0,1
Resort Hotel,1,73,2017,July,29,21,2,5,2,0.0,0,HB,PRT,Online TA,TA/TO,0,0,0,A,A,0,No Deposit,242.0,0,Transient,237.0,0,1
Resort Hotel,1,268,2017,July,29,21,2,5,2,0.0,0,HB,PRT,Online TA,TA/TO,0,0,0,A,A,0,No Deposit,240.0,0,Transient,165.38,0,0
Resort Hotel,1,109,2017,July,29,21,3,7,2,0.0,0,BB,PRT,Online TA,TA/TO,0,0,0,E,E,1,No Deposit,240.0,0,Transient,229.0,0,1
Resort Hotel,1,108,2017,July,29,21,3,7,2,0.0,0,BB,PRT,Online TA,TA/TO,0,0,0,E,E,0,No Deposit,242.0,0,Transient,229.0,0,1
Resort Hotel,1,200,2017,July,29,21,4,11,2,0.0,0,BB,PRT,Online TA,TA/TO,0,0,0,A,A,0,No Deposit,240.0,0,Transient,172.2,0,1
Resort Hotel,1,192,2017,July,29,22,2,1,2,0.0,0,BB,ESP,Online TA,TA/TO,0,0,0,A,A,0,No Deposit,240.0,0,Transient,153.75,0,1
Resort Hotel,1,372,2017,July,29,22,2,2,2,0.0,0,BB,CHE,Online TA,TA/TO,0,0,0,A,A,0,No Deposit,240.0,0,Transient,180.0,0,0
Resort Hotel,1,194,2017,July,29,22,2,4,2,0.0,0,HB,ESP,Online TA,TA/TO,0,0,0,A,A,0,No Deposit,240.0,0,Transient,183.75,0,2
Resort Hotel,1,82,2017,July,29,22,2,4,2,0.0,0,HB,PRT,Online TA,TA/TO,0,0,0,D,D,2,No Deposit,240.0,0,Transient,257.0,0,0
Resort Hotel,1,180,2017,July,29,22,2,5,2,0.0,0,HB,PRT,Direct,Direct,0,0,0,E,E,1,No Deposit,250.0,0,Transient,187.52,0,0
Resort Hotel,1,312,2017,July,29,22,2,5,2,0.0,0,BB,GBR,Online TA,TA/TO,0,0,0,E,E,0,No Deposit,240.0,0,Transient,192.0,0,3
Resort Hotel,1,151,2017,July,29,22,2,5,2,0.0,0,HB,PRT,Offline TA/TO,TA/TO,0,0,0,A,A,0,No Deposit,177.0,0,Transient,151.0,0,0
Resort Hotel,1,159,2017,July,29,22,2,5,2,0.0,0,HB,ESP,Online TA,TA/TO,0,0,0,A,A,0,No Deposit,240.0,0,Transient,192.0,0,0
Resort Hotel,1,159,2017,July,29,22,2,5,2,0.0,0,HB,ESP,Online TA,TA/TO,0,0,0,D,D,0,No Deposit,240.0,0,Transient,212.0,0,0
Resort Hotel,1,122,2017,July,29,22,2,5,2,0.0,0,BB,GBR,Online TA,TA/TO,0,0,0,E,E,0,No Deposit,240.0,0,Transient,220.0,0,1
Resort Hotel,1,312,2017,July,29,22,2,5,2,0.0,0,BB,GBR,Online TA,TA/TO,0,0,0,E,E,0,No Deposit,240.0,0,Transient,192.0,0,3
Resort Hotel,1,180,2017,July,29,22,2,5,2,0.0,0,HB,PRT,Direct,Direct,0,0,0,E,E,1,No Deposit,250.0,0,Transient,187.52,0,0
Resort Hotel,1,151,2017,July,29,22,2,5,2,0.0,0,HB,PRT,Offline TA/TO,TA/TO,0,0,0,A,A,0,No Deposit,177.0,0,Transient,151.0,0,0
Resort Hotel,1,159,2017,July,29,22,2,5,2,0.0,0,HB,ESP,Online TA,TA/TO,0,0,0,D,D,0,No Deposit,240.0,0,Transient,212.0,0,0
Resort Hotel,1,270,2017,July,29,22,2,5,2,0.0,0,BB,PRT,Online TA,TA/TO,0,0,0,A,A,0,No Deposit,240.0,0,Transient,138.38,0,1
Resort Hotel,1,159,2017,July,29,22,2,5,2,0.0,0,HB,ESP,Online TA,TA/TO,0,0,0,A,A,0,No Deposit,240.0,0,Transient,192.0,0,0
Resort Hotel,1,159,2017,July,29,22,2,5,2,0.0,0,HB,ESP,Online TA,TA/TO,0,0,0,D,D,0,No Deposit,240.0,0,Transient,212.0,0,0
Resort Hotel,1,151,2017,July,29,22,2,5,2,0.0,0,HB,PRT,Offline TA/TO,TA/TO,0,0,0,A,A,0,No Deposit,177.0,0,Transient,151.0,0,0
Resort Hotel,1,312,2017,July,29,22,2,5,2,0.0,0,BB,GBR,Online TA,TA/TO,0,0,0,E,E,0,No Deposit,240.0,0,Transient,192.0,0,3
Resort Hotel,1,66,2017,July,29,22,2,6,2,0.0,0,BB,PRT,Corporate,Corporate,0,0,0,D,D,0,No Deposit,531.0,0,Transient,135.0,0,0
Resort Hotel,1,84,2017,July,29,22,2,6,2,0.0,0,BB,CHE,Online TA,TA/TO,0,0,0,D,D,2,No Deposit,240.0,0,Transient,225.0,0,1
Resort Hotel,1,174,2017,July,29,22,3,6,2,0.0,0,BB,SWE,Online TA,TA/TO,0,0,0,A,A,0,No Deposit,240.0,0,Transient,160.0,0,0
Resort Hotel,1,174,2017,July,29,22,3,6,2,0.0,0,BB,SWE,Online TA,TA/TO,0,0,0,A,A,0,No Deposit,240.0,0,Transient,160.0,0,0
Resort Hotel,1,163,2017,July,29,22,4,10,2,0.0,0,BB,PRT,Online TA,TA/TO,0,0,0,D,D,0,No Deposit,240.0,0,Transient,180.0,0,2
Resort Hotel,1,40,2017,July,30,23,2,3,2,0.0,0,BB,ESP,Direct,Direct,0,0,0,D,D,0,No Deposit,250.0,0,Transient,234.0,0,0
Resort Hotel,1,170,2017,July,30,23,2,3,2,0.0,0,BB,CHE,Online TA,TA/TO,0,0,0,D,D,0,No Deposit,240.0,0,Transient,180.0,0,1
Resort Hotel,1,67,2017,July,30,23,2,5,2,0.0,0,HB,PRT,Corporate,Corporate,0,0,0,E,E,0,No Deposit,531.0,0,Transient,174.0,0,0
Resort Hotel,1,195,2017,July,30,23,2,5,2,0.0,0,BB,IRL,Online TA,TA/TO,0,0,0,A,A,0,No Deposit,240.0,0,Transient,153.75,0,0
Resort Hotel,1,175,2017,July,30,23,2,5,2,0.0,0,BB,GBR,Online TA,TA/TO,0,0,0,E,E,0,No Deposit,240.0,0,Transient,198.0,0,0
Resort Hotel,1,192,2017,July,30,23,2,5,2,0.0,0,BB,GBR,Direct,Direct,0,0,0,A,A,0,No Deposit,250.0,0,Transient,154.54,0,0
Resort Hotel,1,175,2017,July,30,23,2,5,2,0.0,0,BB,GBR,Online TA,TA/TO,0,0,0,E,E,0,No Deposit,240.0,0,Transient,198.0,0,0
Resort Hotel,1,84,2017,July,30,23,3,5,2,0.0,0,BB,ESP,Online TA,TA/TO,0,0,0,E,E,0,No Deposit,240.0,0,Transient,245.0,0,1
Resort Hotel,1,70,2017,July,30,23,2,5,2,0.0,0,HB,ESP,Online TA,TA/TO,0,0,0,E,E,0,No Deposit,240.0,0,Transient,277.0,0,1
Resort Hotel,1,84,2017,July,30,23,3,5,2,0.0,0,HB,ESP,Online TA,TA/TO,0,0,0,E,E,0,No Deposit,240.0,0,Transient,277.0,0,0
Resort Hotel,1,251,2017,July,30,23,3,5,2,0.0,0,BB,GBR,Online TA,TA/TO,0,0,0,D,D,0,No Deposit,240.0,0,Transient,174.0,0,1
Resort Hotel,1,1,2017,July,30,24,1,0,2,0.0,0,BB,PRT,Direct,Direct,0,0,0,D,D,0,No Deposit,,0,Transient,140.0,0,0
Resort Hotel,1,27,2017,July,30,24,1,0,2,0.0,0,BB,PRT,Online TA,TA/TO,0,0,0,D,D,0,No Deposit,196.0,0,Transient,225.0,0,0
Resort Hotel,1,153,2017,July,30,24,1,2,2,0.0,0,BB,BRA,Online TA,TA/TO,0,0,0,E,E,0,No Deposit,240.0,0,Transient-Party,213.0,0,0
Resort Hotel,1,134,2017,July,30,24,1,3,2,0.0,0,BB,GIB,Online TA,TA/TO,0,0,0,D,D,0,No Deposit,240.0,0,Transient,200.0,0,1
Resort Hotel,1,158,2017,July,30,24,1,3,2,0.0,0,BB,ESP,Online TA,TA/TO,0,0,0,A,A,0,No Deposit,240.0,0,Transient,175.0,0,0
Resort Hotel,1,181,2017,July,30,24,1,4,2,0.0,0,HB,ESP,Online TA,TA/TO,0,0,0,D,D,0,No Deposit,240.0,0,Transient,206.0,0,0
Resort Hotel,1,24,2017,July,30,24,1,4,2,0.0,0,BB,PRT,Direct,Direct,0,0,0,E,E,0,No Deposit,250.0,0,Transient,228.0,0,0
Resort Hotel,1,85,2017,July,30,24,1,4,2,0.0,0,HB,PRT,Online TA,TA/TO,0,0,0,A,A,0,No Deposit,240.0,0,Transient,237.0,0,0
Resort Hotel,1,88,2017,July,30,24,1,4,2,0.0,0,HB,PRT,Online TA,TA/TO,0,0,0,A,A,0,No Deposit,240.0,0,Transient,237.0,0,1
Resort Hotel,1,181,2017,July,30,24,1,4,2,0.0,0,HB,ESP,Online TA,TA/TO,0,0,0,E,E,0,No Deposit,240.0,0,Transient,224.0,0,0
Resort Hotel,1,181,2017,July,30,24,1,4,2,0.0,0,HB,ESP,Online TA,TA/TO,0,0,0,E,E,0,No Deposit,240.0,0,Transient,224.0,0,0
Resort Hotel,1,132,2017,July,30,24,1,5,2,0.0,0,HB,GBR,Online TA,TA/TO,0,0,0,D,D,0,No Deposit,240.0,0,Transient,232.0,0,2
Resort Hotel,1,187,2017,July,30,24,1,5,2,0.0,0,BB,CHE,Online TA,TA/TO,0,0,0,A,A,0,No Deposit,240.0,0,Transient,153.75,0,0
Resort Hotel,1,132,2017,July,30,24,1,5,2,0.0,0,HB,GBR,Online TA,TA/TO,0,0,0,D,D,0,No Deposit,240.0,0,Transient,232.0,0,1
Resort Hotel,1,89,2017,July,30,24,2,5,2,0.0,0,BB,FRA,Online TA,TA/TO,0,0,0,E,E,0,No Deposit,240.0,0,Transient,245.0,0,1
Resort Hotel,1,189,2017,July,30,24,2,5,2,0.0,0,HB,CHE,Online TA,TA/TO,0,0,0,A,A,0,No Deposit,240.0,0,Transient,183.75,0,0
Resort Hotel,1,189,2017,July,30,24,2,5,2,0.0,0,HB,CHE,Online TA,TA/TO,0,0,0,A,A,0,No Deposit,240.0,0,Transient,183.75,0,0
Resort Hotel,1,272,2017,July,30,24,2,5,2,0.0,0,HB,PRT,Offline TA/TO,TA/TO,0,0,0,E,E,0,No Deposit,315.0,0,Contract,156.6,0,0
Resort Hotel,1,196,2017,July,30,24,3,5,2,0.0,0,BB,IRL,Online TA,TA/TO,0,0,0,A,A,0,No Deposit,240.0,0,Transient,153.75,0,1
Resort Hotel,1,193,2017,July,30,24,3,5,2,0.0,0,HB,GBR,Online TA,TA/TO,0,0,0,A,A,0,No Deposit,240.0,0,Transient,183.75,0,1
Resort Hotel,1,184,2017,July,30,24,3,7,2,0.0,0,BB,GBR,Online TA,TA/TO,0,0,0,D,D,0,No Deposit,240.0,0,Transient,174.0,0,0
Resort Hotel,1,73,2017,July,30,24,3,9,2,0.0,0,BB,RUS,Online TA,TA/TO,0,0,0,A,A,0,No Deposit,240.0,0,Transient,213.33,0,1
Resort Hotel,1,154,2017,July,30,25,0,3,2,0.0,0,BB,BRA,Online TA,TA/TO,0,0,0,E,E,2,No Deposit,240.0,0,Transient-Party,215.33,0,0
Resort Hotel,1,169,2017,July,30,25,0,3,2,0.0,0,BB,ESP,Online TA,TA/TO,0,0,0,A,A,0,No Deposit,240.0,0,Transient,160.0,0,1
Resort Hotel,1,117,2017,July,30,25,0,4,2,0.0,0,HB,PRT,Direct,Direct,0,0,0,A,A,3,No Deposit,250.0,0,Transient,190.23,0,0
Resort Hotel,1,197,2017,July,30,25,2,6,2,0.0,0,BB,IRL,Online TA,TA/TO,0,0,0,A,A,0,No Deposit,240.0,0,Transient,153.75,0,0
Resort Hotel,1,120,2017,July,30,26,0,2,2,0.0,0,BB,ESP,Online TA,TA/TO,0,0,0,D,D,0,No Deposit,240.0,0,Transient,209.0,0,1
Resort Hotel,1,36,2017,July,30,26,0,3,2,0.0,0,BB,ESP,Online TA,TA/TO,0,0,0,A,A,0,No Deposit,240.0,0,Transient,205.0,0,0
Resort Hotel,1,173,2017,July,30,26,0,3,2,0.0,0,BB,PRT,Online TA,TA/TO,0,0,0,A,A,0,No Deposit,314.0,0,Transient,115.2,0,0
Resort Hotel,1,165,2017,July,30,26,0,3,2,0.0,0,BB,NLD,Online TA,TA/TO,0,0,0,A,A,0,No Deposit,240.0,0,Transient,160.0,0,1
Resort Hotel,1,35,2017,July,30,26,0,4,2,0.0,0,BB,NLD,Online TA,TA/TO,0,0,0,A,A,0,No Deposit,240.0,0,Transient,205.0,0,1
Resort Hotel,1,141,2017,July,30,26,0,4,2,0.0,0,BB,PRT,Online TA,TA/TO,0,0,0,A,A,0,No Deposit,242.0,0,Transient,180.0,0,0
Resort Hotel,1,335,2017,July,30,26,1,4,2,0.0,0,BB,GBR,Online TA,TA/TO,0,0,0,E,E,0,No Deposit,240.0,0,Transient,172.8,0,2
Resort Hotel,1,25,2017,July,30,26,2,4,2,0.0,0,BB,GBR,Online TA,TA/TO,0,0,0,E,E,0,No Deposit,240.0,0,Transient,245.0,0,1
Resort Hotel,1,42,2017,July,30,26,2,5,2,0.0,0,BB,PRT,Direct,Direct,0,0,0,D,D,0,No Deposit,,0,Transient,220.0,0,2
Resort Hotel,1,93,2017,July,30,26,2,5,2,0.0,0,BB,PRT,Online TA,TA/TO,0,0,0,F,F,2,No Deposit,241.0,0,Transient,206.12,0,1
Resort Hotel,1,20,2017,July,30,26,2,5,2,0.0,0,BB,SWE,Online TA,TA/TO,0,0,0,E,E,0,No Deposit,240.0,0,Transient,245.0,0,2
Resort Hotel,1,42,2017,July,30,26,2,5,2,0.0,0,BB,PRT,Direct,Direct,0,0,0,D,D,0,No Deposit,,0,Transient,220.0,0,2
Resort Hotel,1,203,2017,July,30,26,2,9,2,0.0,0,BB,DEU,Online TA,TA/TO,0,0,0,A,A,0,No Deposit,240.0,0,Transient,156.34,0,1
Resort Hotel,1,203,2017,July,30,26,2,9,2,0.0,0,BB,DEU,Online TA,TA/TO,0,0,0,A,A,0,No Deposit,240.0,0,Transient,156.34,0,1
Resort Hotel,1,193,2017,July,30,27,0,1,2,0.0,0,BB,GBR,Online TA,TA/TO,0,0,0,A,A,0,No Deposit,240.0,0,Transient,153.75,0,1
Resort Hotel,1,381,2017,July,30,27,0,1,2,0.0,0,BB,CHE,Online TA,TA/TO,0,0,0,A,A,0,No Deposit,240.0,0,Transient,180.0,0,1
Resort Hotel,1,196,2017,July,30,27,1,3,2,0.0,0,BB,PRT,Online TA,TA/TO,0,0,0,A,A,0,No Deposit,240.0,0,Transient,153.75,0,0
Resort Hotel,1,165,2017,July,30,27,2,3,2,0.0,0,BB,PRT,Online TA,TA/TO,0,0,0,A,A,0,No Deposit,242.0,0,Transient,160.0,0,1
Resort Hotel,1,71,2017,July,30,27,2,5,2,0.0,0,BB,PRT,Corporate,Corporate,0,0,0,E,E,0,No Deposit,531.0,0,Transient,146.0,0,0
Resort Hotel,1,279,2017,July,30,27,2,5,2,0.0,0,HB,PRT,Offline TA/TO,TA/TO,0,0,0,D,D,0,No Deposit,40.0,0,Contract,151.5,0,0
Resort Hotel,1,199,2017,July,30,27,2,4,2,0.0,0,HB,PRT,Online TA,TA/TO,0,0,0,A,A,0,No Deposit,242.0,0,Transient,183.75,0,2
Resort Hotel,1,198,2017,July,30,27,2,5,2,0.0,0,HB,GBR,Online TA,TA/TO,0,0,0,E,E,0,No Deposit,240.0,0,Transient,222.0,0,2
Resort Hotel,1,59,2017,July,30,27,2,5,2,0.0,0,BB,IRL,Online TA,TA/TO,0,0,0,A,A,0,No Deposit,240.0,0,Transient,212.14,0,2
Resort Hotel,1,71,2017,July,30,27,2,5,2,0.0,0,BB,PRT,Corporate,Corporate,0,0,0,E,E,0,No Deposit,531.0,0,Transient,146.0,0,0
Resort Hotel,1,198,2017,July,30,27,2,5,2,0.0,0,HB,GBR,Online TA,TA/TO,0,0,0,E,E,0,No Deposit,240.0,0,Transient,222.0,0,2
Resort Hotel,1,300,2017,July,30,27,2,7,2,0.0,0,BB,PRT,Online TA,TA/TO,0,0,0,D,D,0,No Deposit,147.0,0,Transient,125.28,0,0
Resort Hotel,1,18,2017,July,30,28,0,2,2,0.0,0,BB,CHN,Online TA,TA/TO,0,0,0,A,A,0,No Deposit,240.0,0,Transient,184.5,0,1
Resort Hotel,1,33,2017,July,30,28,0,2,2,0.0,0,HB,ESP,Online TA,TA/TO,0,0,0,D,D,2,No Deposit,240.0,0,Transient,257.0,0,1
Resort Hotel,1,19,2017,July,30,28,0,2,2,0.0,0,BB,AGO,Online TA,TA/TO,0,0,0,A,A,0,No Deposit,240.0,0,Transient,184.5,0,2
Resort Hotel,1,50,2017,July,30,28,1,2,2,0.0,0,BB,GBR,Online TA,TA/TO,0,0,0,A,A,0,No Deposit,240.0,0,Transient,205.0,0,0
Resort Hotel,1,0,2017,July,30,28,0,1,2,0.0,0,BB,PRT,Direct,Direct,0,0,0,A,A,0,No Deposit,,0,Transient,0.0,0,0
Resort Hotel,1,16,2017,July,30,28,0,2,2,0.0,0,BB,PRT,Direct,Direct,0,0,0,E,E,0,No Deposit,250.0,0,Transient,279.5,0,0
Resort Hotel,1,18,2017,July,30,28,0,2,2,0.0,0,BB,CHN,Online TA,TA/TO,0,0,0,E,E,0,No Deposit,240.0,0,Transient,245.0,0,1
Resort Hotel,1,17,2017,July,30,28,0,2,2,0.0,0,BB,ESP,Online TA,TA/TO,0,0,0,A,A,0,No Deposit,240.0,0,Transient,205.0,0,1
Resort Hotel,1,4,2017,July,30,28,0,2,2,0.0,0,BB,USA,Online TA,TA/TO,0,0,0,A,A,0,No Deposit,240.0,0,Transient,192.5,0,2
Resort Hotel,1,25,2017,July,30,28,2,2,2,0.0,0,BB,IRL,Online TA,TA/TO,0,0,0,A,A,0,No Deposit,240.0,0,Transient,205.0,0,1
Resort Hotel,1,261,2017,July,30,28,2,2,2,0.0,0,BB,CN,Online TA,TA/TO,0,0,0,A,A,0,No Deposit,240.0,0,Transient,153.75,0,1
Resort Hotel,1,69,2017,July,30,28,2,3,2,0.0,0,HB,ESP,Direct,Direct,0,0,0,D,D,1,No Deposit,250.0,0,Transient,257.0,0,0
Resort Hotel,1,69,2017,July,30,28,2,3,2,0.0,0,HB,PRT,Online TA,TA/TO,0,0,0,A,A,0,No Deposit,241.0,0,Transient,193.6,0,1
Resort Hotel,1,129,2017,July,30,28,2,5,2,0.0,0,HB,GBR,Online TA,TA/TO,0,0,0,E,E,0,No Deposit,240.0,0,Transient,252.0,0,1
Resort Hotel,1,292,2017,July,30,28,2,5,2,0.0,0,BB,PRT,Online TA,TA/TO,0,0,0,A,A,0,No Deposit,240.0,0,Transient,138.38,0,1
Resort Hotel,1,205,2017,July,30,28,2,5,2,0.0,0,BB,IRL,Online TA,TA/TO,0,0,0,E,E,0,No Deposit,240.0,0,Transient,192.0,0,2
Resort Hotel,1,128,2017,July,30,28,2,7,2,0.0,0,BB,ESP,Online TA,TA/TO,0,0,0,E,E,0,No Deposit,240.0,0,Transient,224.44,0,1
Resort Hotel,1,60,2017,July,30,29,0,1,2,0.0,0,BB,ESP,Online TA,TA/TO,0,0,0,A,A,0,No Deposit,240.0,0,Transient,205.0,0,1
Resort Hotel,1,43,2017,July,30,29,1,1,2,0.0,0,BB,PRT,Online TA,TA/TO,0,0,0,A,A,0,No Deposit,240.0,0,Transient,205.0,0,1
Resort Hotel,1,42,2017,July,30,29,2,1,2,0.0,0,BB,PRT,Direct,Direct,0,0,0,D,D,0,No Deposit,250.0,0,Transient,220.0,0,0
Resort Hotel,1,67,2017,July,30,29,2,1,2,0.0,0,BB,ISR,Online TA,TA/TO,0,0,0,D,D,0,No Deposit,240.0,0,Transient,225.0,0,1
Resort Hotel,1,172,2017,July,30,29,2,4,2,0.0,0,BB,CN,Online TA,TA/TO,0,0,0,E,E,0,No Deposit,240.0,0,Transient,198.0,0,1
Resort Hotel,1,147,2017,July,30,29,2,4,2,0.0,0,BB,CN,Online TA,TA/TO,0,0,0,E,E,0,No Deposit,240.0,0,Transient,220.0,0,0
Resort Hotel,1,335,2017,July,30,29,2,5,2,0.0,0,HB,CHE,Online TA,TA/TO,0,0,0,A,A,0,No Deposit,240.0,0,Transient,167.18,0,2
Resort Hotel,1,358,2017,July,30,29,2,5,2,0.0,0,BB,IRL,Online TA,TA/TO,0,0,0,E,E,0,No Deposit,240.0,0,Transient,165.6,0,0
Resort Hotel,1,231,2017,July,30,29,2,5,2,0.0,0,BB,ITA,Online TA,TA/TO,0,0,0,A,A,0,No Deposit,240.0,0,Transient,155.79,0,2
Resort Hotel,1,335,2017,July,30,29,2,5,2,0.0,0,HB,CHE,Online TA,TA/TO,0,0,0,A,A,0,No Deposit,240.0,0,Transient,167.18,0,2
Resort Hotel,1,247,2017,July,30,29,2,5,2,0.0,0,BB,PRT,Online TA,TA/TO,0,0,0,A,A,0,No Deposit,240.0,0,Transient,153.75,0,0
Resort Hotel,1,56,2017,July,30,29,2,5,2,0.0,0,BB,MAR,Online TA,TA/TO,0,0,0,D,D,0,No Deposit,240.0,0,Transient,225.0,0,2
Resort Hotel,1,137,2017,July,30,29,2,5,2,0.0,0,BB,PRT,Online TA,TA/TO,0,0,0,E,E,0,No Deposit,241.0,0,Transient,178.29,0,1
Resort Hotel,1,247,2017,July,30,29,2,5,2,0.0,0,BB,PRT,Online TA,TA/TO,0,0,0,A,A,0,No Deposit,240.0,0,Transient,153.75,0,0
Resort Hotel,1,60,2017,July,30,29,2,5,2,0.0,0,BB,ESP,Online TA,TA/TO,0,0,0,A,A,0,No Deposit,240.0,0,Transient,219.29,0,1
Resort Hotel,1,343,2017,July,30,29,4,6,2,0.0,0,HB,CHE,Online TA,TA/TO,0,0,0,A,A,0,No Deposit,240.0,0,Transient,171.34,0,2
Resort Hotel,1,158,2017,July,31,30,2,2,2,0.0,0,BB,PRT,Offline TA/TO,TA/TO,0,0,0,A,A,0,No Deposit,410.0,0,Transient,116.5,0,1
Resort Hotel,1,56,2017,July,31,30,2,3,2,0.0,0,HB,ESP,Online TA,TA/TO,0,0,0,D,D,0,No Deposit,240.0,0,Transient,257.0,0,2
Resort Hotel,1,39,2017,July,31,30,2,3,2,0.0,0,BB,ESP,Online TA,TA/TO,0,0,0,A,A,0,No Deposit,240.0,0,Transient,205.0,0,1
Resort Hotel,1,63,2017,July,31,30,2,3,2,0.0,0,HB,ESP,Online TA,TA/TO,0,0,0,A,A,0,No Deposit,240.0,0,Transient,252.0,0,2
Resort Hotel,1,124,2017,July,31,30,2,3,2,0.0,0,BB,CN,Direct,Direct,0,0,0,E,E,0,No Deposit,250.0,0,Transient,201.6,0,0
Resort Hotel,1,255,2017,July,31,30,2,4,2,0.0,0,BB,CHE,Direct,Direct,0,0,0,F,F,0,No Deposit,250.0,0,Transient,183.6,0,0
Resort Hotel,1,224,2017,July,31,30,2,4,2,0.0,0,BB,HUN,Direct,Direct,0,0,0,F,F,0,No Deposit,250.0,0,Transient,197.7,0,0
Resort Hotel,1,359,2017,July,31,30,2,5,2,0.0,0,BB,PRT,Online TA,TA/TO,0,0,0,E,E,0,No Deposit,240.0,0,Transient,165.6,0,0
Resort Hotel,1,109,2017,July,31,30,2,5,2,0.0,0,HB,MAR,Online TA,TA/TO,0,0,0,E,E,0,No Deposit,240.0,0,Transient,294.86,0,1
Resort Hotel,1,309,2017,July,31,30,2,5,2,0.0,0,BB,DEU,Online TA,TA/TO,0,0,0,E,E,0,No Deposit,240.0,0,Transient,172.8,0,0
Resort Hotel,1,18,2017,July,31,30,3,5,2,0.0,0,BB,PRT,Corporate,Corporate,0,0,0,E,E,0,No Deposit,531.0,0,Transient,152.1,0,2
Resort Hotel,1,18,2017,July,31,30,3,5,2,0.0,0,BB,PRT,Corporate,Corporate,0,0,0,E,E,0,No Deposit,531.0,0,Transient,152.1,0,2
Resort Hotel,1,228,2017,July,31,30,4,8,2,0.0,0,HB,PRT,Online TA,TA/TO,0,0,0,D,D,0,No Deposit,240.0,0,Transient,212.17,0,1
Resort Hotel,1,0,2017,July,31,31,1,0,2,0.0,0,BB,PRT,Online TA,TA/TO,0,0,0,A,A,0,No Deposit,240.0,0,Transient,160.0,0,2
Resort Hotel,1,2,2017,July,31,31,1,1,2,0.0,0,BB,RUS,Online TA,TA/TO,0,0,0,E,E,0,No Deposit,240.0,0,Transient,250.0,0,1
Resort Hotel,1,2,2017,July,31,31,1,1,2,0.0,0,BB,RUS,Online TA,TA/TO,0,0,0,D,D,0,No Deposit,240.0,0,Transient,230.0,0,1
Resort Hotel,1,125,2017,July,31,31,1,3,2,0.0,0,BB,MAR,Online TA,TA/TO,0,0,0,E,E,0,No Deposit,240.0,0,Transient,229.0,0,2
Resort Hotel,1,20,2017,July,31,31,1,4,2,0.0,0,BB,ESP,Online TA,TA/TO,0,0,0,A,A,0,No Deposit,240.0,0,Transient,205.0,0,2
Resort Hotel,1,75,2017,July,31,31,1,4,2,0.0,0,HB,ESP,Online TA,TA/TO,0,0,0,A,A,0,No Deposit,240.0,0,Transient,257.0,0,0
Resort Hotel,1,172,2017,July,31,31,1,4,2,0.0,0,HB,BEL,Online TA,TA/TO,0,0,0,D,D,0,No Deposit,240.0,0,Transient,212.0,0,0
Resort Hotel,1,211,2017,July,31,31,1,4,2,0.0,0,BB,CHE,Online TA,TA/TO,0,0,0,A,A,0,No Deposit,240.0,0,Transient,170.6,0,3
Resort Hotel,1,134,2017,July,31,31,1,4,2,0.0,0,BB,PRT,Online TA,TA/TO,0,0,0,E,E,0,No Deposit,240.0,0,Transient,224.0,0,1
Resort Hotel,1,172,2017,July,31,31,1,4,2,0.0,0,BB,BEL,Online TA,TA/TO,0,0,0,E,E,0,No Deposit,240.0,0,Transient,198.0,0,0
Resort Hotel,1,164,2017,July,31,31,1,4,2,0.0,0,BB,CHE,Online TA,TA/TO,0,0,0,E,E,0,No Deposit,240.0,0,Transient,218.0,0,0
Resort Hotel,1,181,2017,July,31,31,1,4,2,0.0,0,BB,PRT,Online TA,TA/TO,0,0,0,D,D,2,No Deposit,240.0,0,Transient,194.0,0,1
Resort Hotel,1,357,2017,July,31,31,1,5,2,0.0,0,BB,FRA,Online TA,TA/TO,0,0,0,A,A,0,No Deposit,240.0,0,Transient,138.38,0,3
Resort Hotel,1,329,2017,July,31,31,1,5,2,0.0,0,BB,CHE,Online TA,TA/TO,0,0,0,A,A,0,No Deposit,240.0,0,Transient,138.38,0,0
Resort Hotel,1,23,2017,July,31,31,1,5,2,0.0,0,BB,PRT,Online TA,TA/TO,0,0,0,D,D,0,No Deposit,241.0,0,Transient,229.17,0,1
Resort Hotel,1,254,2017,July,31,31,2,5,2,0.0,0,BB,ESP,Online TA,TA/TO,0,0,0,E,E,0,No Deposit,240.0,0,Transient,192.0,0,0
Resort Hotel,1,130,2017,July,31,31,2,5,2,0.0,0,BB,IRL,Online TA,TA/TO,0,0,0,E,E,0,No Deposit,240.0,0,Transient,228.57,0,2
Resort Hotel,1,189,2017,July,31,31,2,5,2,0.0,0,BB,FRA,Direct,Direct,0,0,0,A,A,1,No Deposit,250.0,0,Transient,129.48,0,1
Resort Hotel,1,172,2017,July,31,31,3,9,2,0.0,0,BB,PRT,Online TA,TA/TO,0,0,0,D,D,0,No Deposit,314.0,0,Transient,138.0,0,0
Resort Hotel,1,122,2017,August,31,1,0,1,2,0.0,0,BB,BRA,Online TA,TA/TO,0,0,0,D,D,0,No Deposit,240.0,0,Transient,209.0,0,0
Resort Hotel,1,78,2017,August,31,1,0,3,2,0.0,0,BB,MAR,Online TA,TA/TO,0,0,0,A,A,0,No Deposit,240.0,0,Transient,230.0,0,1
Resort Hotel,1,69,2017,August,31,1,0,4,2,0.0,0,BB,PRT,Online TA,TA/TO,0,0,0,A,A,0,No Deposit,242.0,0,Transient,230.0,0,1
Resort Hotel,1,198,2017,August,31,1,0,4,2,0.0,0,BB,DEU,Online TA,TA/TO,0,0,0,A,A,0,No Deposit,240.0,0,Transient,157.31,0,0
Resort Hotel,1,98,2017,August,31,1,0,4,2,0.0,0,BB,AND,Online TA,TA/TO,0,0,0,A,A,0,No Deposit,240.0,0,Transient,230.0,0,1
Resort Hotel,1,159,2017,August,31,1,0,4,2,0.0,0,BB,CHE,Online TA,TA/TO,0,0,0,E,E,0,No Deposit,240.0,0,Transient,218.0,0,1
Resort Hotel,1,298,2017,August,31,1,0,5,2,0.0,0,HB,LUX,Online TA,TA/TO,0,0,0,A,A,0,No Deposit,240.0,0,Transient,167.18,0,2
Resort Hotel,1,334,2017,August,31,1,0,5,2,0.0,0,BB,PRT,Online TA,TA/TO,0,0,0,D,D,0,No Deposit,240.0,0,Transient,156.6,0,0
Resort Hotel,1,334,2017,August,31,1,1,5,2,0.0,0,BB,PRT,Online TA,TA/TO,0,0,0,D,D,0,No Deposit,240.0,0,Transient,156.6,0,0
Resort Hotel,1,195,2017,August,31,1,1,5,2,0.0,0,HB,ESP,Online TA,TA/TO,0,0,0,E,E,0,No Deposit,240.0,0,Transient,231.0,0,0
Resort Hotel,1,181,2017,August,31,1,1,5,2,0.0,0,BB,ESP,Online TA,TA/TO,0,0,0,A,A,0,No Deposit,240.0,0,Transient,166.67,0,1
Resort Hotel,1,242,2017,August,31,1,2,5,2,0.0,0,BB,ESP,Online TA,TA/TO,0,0,0,A,A,0,No Deposit,240.0,0,Transient,153.75,0,0
Resort Hotel,1,27,2017,August,31,1,2,5,2,0.0,0,BB,GBR,Online TA,TA/TO,0,0,0,A,A,0,No Deposit,240.0,0,Transient,215.71,0,1
Resort Hotel,1,176,2017,August,31,1,2,5,2,0.0,0,BB,PRT,Offline TA/TO,TA/TO,0,0,0,A,A,0,No Deposit,26.0,0,Transient,134.86,0,0
Resort Hotel,1,328,2017,August,31,1,2,9,2,0.0,0,BB,CHE,Online TA,TA/TO,0,0,0,D,D,0,No Deposit,240.0,0,Transient,156.6,0,0
Resort Hotel,1,203,2017,August,31,1,4,10,2,0.0,0,BB,PRT,Offline TA/TO,TA/TO,0,0,0,D,D,0,No Deposit,436.0,0,Transient,126.9,0,0
Resort Hotel,1,358,2017,August,31,1,4,10,2,0.0,0,HB,PRT,Online TA,TA/TO,0,0,0,A,A,0,No Deposit,240.0,0,Transient,190.96,0,2
Resort Hotel,1,352,2017,August,31,1,4,10,2,0.0,0,HB,PRT,Online TA,TA/TO,0,0,0,A,A,0,No Deposit,240.0,0,Transient,190.96,0,1
Resort Hotel,1,231,2017,August,31,2,2,4,2,0.0,0,BB,ESP,Online TA,TA/TO,0,0,0,G,G,0,No Deposit,240.0,0,Transient,253.33,0,1
Resort Hotel,1,248,2017,August,31,2,2,5,2,0.0,0,FB,PRT,Direct,Direct,0,0,0,A,A,1,No Deposit,250.0,0,Transient,179.77,0,0
Resort Hotel,1,187,2017,August,31,2,2,8,2,0.0,0,FB,PRT,Offline TA/TO,TA/TO,0,0,0,D,D,0,No Deposit,261.0,0,Transient,193.1,0,0
Resort Hotel,1,188,2017,August,31,2,2,8,2,0.0,0,BB,PRT,Online TA,TA/TO,0,0,0,D,D,0,No Deposit,240.0,0,Transient,188.0,0,1
Resort Hotel,1,213,2017,August,31,2,2,8,2,0.0,0,BB,GBR,Online TA,TA/TO,0,0,0,A,A,0,No Deposit,240.0,0,Transient,165.15,0,2
Resort Hotel,1,187,2017,August,31,2,4,10,2,0.0,0,BB,FRA,Online TA,TA/TO,0,0,0,A,A,0,No Deposit,240.0,0,Transient,168.57,0,0
Resort Hotel,1,101,2017,August,31,3,0,2,2,0.0,0,BB,PRT,Direct,Direct,0,0,0,A,A,0,No Deposit,250.0,0,Transient,213.75,0,0
Resort Hotel,1,15,2017,August,31,3,0,2,2,0.0,0,BB,ESP,Online TA,TA/TO,0,0,0,D,D,0,Refundable,240.0,0,Transient,229.0,0,1
Resort Hotel,1,28,2017,August,31,3,0,2,2,0.0,0,BB,PHL,Online TA,TA/TO,0,0,0,A,A,3,No Deposit,240.0,0,Transient,205.0,0,1
Resort Hotel,1,28,2017,August,31,3,0,2,2,0.0,0,BB,PHL,Online TA,TA/TO,0,0,0,A,A,3,No Deposit,240.0,0,Transient,205.0,0,1
Resort Hotel,1,28,2017,August,31,3,0,2,2,0.0,0,BB,PHL,Online TA,TA/TO,0,0,0,D,D,0,No Deposit,240.0,0,Transient,225.0,0,0
Resort Hotel,1,28,2017,August,31,3,0,2,2,0.0,0,BB,PHL,Online TA,TA/TO,0,0,0,A,A,3,No Deposit,240.0,0,Transient,205.0,0,1
Resort Hotel,1,28,2017,August,31,3,0,2,2,0.0,0,BB,PHL,Online TA,TA/TO,0,0,0,A,A,3,No Deposit,240.0,0,Transient,205.0,0,1
Resort Hotel,1,28,2017,August,31,3,0,2,2,0.0,0,BB,PHL,Online TA,TA/TO,0,0,0,A,A,3,No Deposit,240.0,0,Transient,205.0,0,1
Resort Hotel,1,101,2017,August,31,3,0,2,2,0.0,0,BB,PRT,Direct,Direct,0,0,0,A,A,0,No Deposit,250.0,0,Transient,213.75,0,0
Resort Hotel,1,28,2017,August,31,3,0,2,2,0.0,0,BB,PHL,Online TA,TA/TO,0,0,0,A,A,3,No Deposit,240.0,0,Transient,205.0,0,1
Resort Hotel,1,195,2017,August,31,3,0,3,2,0.0,0,BB,ESP,Online TA,TA/TO,0,0,0,D,D,0,No Deposit,240.0,0,Transient,183.33,0,1
Resort Hotel,1,17,2017,August,31,3,0,3,2,0.0,0,BB,ESP,Online TA,TA/TO,0,0,0,A,A,0,No Deposit,240.0,0,Transient,215.67,0,3
Resort Hotel,1,43,2017,August,31,3,0,3,2,0.0,0,BB,ESP,Online TA,TA/TO,0,0,0,A,A,0,No Deposit,240.0,0,Transient,213.33,0,1
Resort Hotel,1,246,2017,August,31,3,2,4,2,0.0,0,BB,FRA,Online TA,TA/TO,0,0,0,A,A,0,No Deposit,240.0,0,Transient,153.75,0,0
Resort Hotel,1,246,2017,August,31,3,2,4,2,0.0,0,BB,FRA,Online TA,TA/TO,0,0,0,A,A,0,No Deposit,240.0,0,Transient,153.75,0,0
Resort Hotel,1,246,2017,August,31,3,2,4,2,0.0,0,BB,FRA,Online TA,TA/TO,0,0,0,A,A,0,No Deposit,240.0,0,Transient,153.75,0,0
Resort Hotel,1,273,2017,August,31,3,2,5,2,0.0,0,BB,GBR,Online TA,TA/TO,0,0,0,E,E,0,No Deposit,240.0,0,Transient,172.8,0,0
Resort Hotel,1,296,2017,August,31,3,2,5,2,0.0,0,HB,NOR,Online TA,TA/TO,0,0,0,A,A,0,No Deposit,240.0,0,Transient,167.18,0,2
Resort Hotel,1,104,2017,August,31,3,2,6,2,0.0,0,BB,ESP,Online TA,TA/TO,0,0,0,A,A,0,No Deposit,240.0,0,Transient,230.0,0,2
Resort Hotel,1,178,2017,August,31,3,2,8,2,0.0,0,Undefined,PRT,Offline TA/TO,TA/TO,0,0,0,D,D,0,No Deposit,40.0,0,Transient,175.5,0,0
Resort Hotel,1,83,2017,August,31,3,3,8,2,0.0,0,BB,PRT,Online TA,TA/TO,0,0,0,D,D,0,No Deposit,240.0,0,Transient,250.0,0,1
Resort Hotel,1,83,2017,August,31,3,3,8,2,0.0,0,BB,PRT,Online TA,TA/TO,0,0,0,E,E,0,No Deposit,240.0,0,Transient,270.0,0,1
Resort Hotel,1,29,2017,August,31,4,0,1,2,0.0,0,BB,PHL,Online TA,TA/TO,0,0,0,A,F,0,No Deposit,240.0,0,Transient,205.0,0,2
Resort Hotel,1,304,2017,August,31,4,0,2,2,0.0,0,HB,GBR,Online TA,TA/TO,0,0,0,A,A,0,No Deposit,240.0,0,Transient,167.18,0,1
Resort Hotel,1,304,2017,August,31,4,0,2,2,0.0,0,HB,GBR,Online TA,TA/TO,0,0,0,A,A,0,No Deposit,240.0,0,Transient,167.18,0,2
Resort Hotel,1,28,2017,August,31,4,0,2,2,0.0,0,HB,MOZ,Online TA,TA/TO,0,0,0,D,D,0,No Deposit,240.0,0,Transient,269.5,0,1
Resort Hotel,1,42,2017,August,31,4,0,2,2,0.0,0,BB,PRT,Direct,Direct,0,0,0,A,A,1,No Deposit,250.0,0,Transient,212.5,0,0
Resort Hotel,1,42,2017,August,31,4,0,2,2,0.0,0,BB,PRT,Direct,Direct,0,0,0,A,A,0,No Deposit,250.0,0,Transient,212.5,0,0
Resort Hotel,1,113,2017,August,31,4,0,2,2,0.0,0,BB,IRL,Online TA,TA/TO,0,0,0,A,A,0,No Deposit,240.0,0,Transient,230.0,0,1
Resort Hotel,1,304,2017,August,31,4,0,2,2,0.0,0,HB,ESP,Online TA,TA/TO,0,0,0,D,D,0,No Deposit,240.0,0,Transient,185.4,0,2
Resort Hotel,1,353,2017,August,31,4,1,2,2,0.0,0,BB,FRA,Online TA,TA/TO,0,0,0,A,A,0,No Deposit,240.0,0,Transient,138.38,0,1
Resort Hotel,1,24,2017,August,31,4,1,2,2,0.0,0,BB,PRT,Online TA,TA/TO,0,0,0,D,D,0,No Deposit,15.0,0,Transient,193.33,0,1
Resort Hotel,1,40,2017,August,31,4,2,2,2,0.0,0,BB,IRL,Online TA,TA/TO,0,0,0,A,A,0,No Deposit,240.0,0,Transient,223.75,0,1
Resort Hotel,1,304,2017,August,31,4,2,2,2,0.0,0,HB,ESP,Online TA,TA/TO,0,0,0,D,D,2,No Deposit,240.0,0,Transient,185.4,0,2
Resort Hotel,1,178,2017,August,31,4,2,5,2,0.0,0,BB,ESP,Direct,Direct,0,0,0,E,E,0,No Deposit,250.0,0,Transient,203.13,0,2
Resort Hotel,1,91,2017,August,31,4,2,3,2,0.0,0,BB,PRT,Online TA,TA/TO,0,0,0,A,A,0,No Deposit,241.0,0,Transient,184.0,0,0
Resort Hotel,1,319,2017,August,31,4,2,5,2,0.0,0,BB,ESP,Online TA,TA/TO,0,0,0,A,A,0,No Deposit,240.0,0,Transient,144.97,0,1
Resort Hotel,1,95,2017,August,31,4,2,5,2,0.0,0,BB,ITA,Online TA,TA/TO,0,0,0,A,A,0,No Deposit,240.0,0,Transient,230.0,0,1
Resort Hotel,1,302,2017,August,31,4,2,7,2,0.0,0,BB,CN,Online TA,TA/TO,0,0,0,E,E,0,No Deposit,240.0,0,Transient,172.8,0,2
Resort Hotel,1,302,2017,August,31,4,2,7,2,0.0,0,BB,CN,Online TA,TA/TO,0,0,0,E,E,0,No Deposit,240.0,0,Transient,172.8,0,2
Resort Hotel,1,144,2017,August,31,4,3,7,2,0.0,0,HB,TUR,Online TA,TA/TO,0,0,0,D,D,0,No Deposit,240.0,0,Transient,252.0,0,1
Resort Hotel,1,163,2017,August,31,5,0,1,2,0.0,0,BB,PRT,Online TA,TA/TO,0,0,0,D,D,0,No Deposit,240.0,0,Transient,200.0,0,1
Resort Hotel,1,16,2017,August,31,5,1,1,2,0.0,0,BB,ESP,Online TA,TA/TO,0,0,0,A,A,0,No Deposit,240.0,0,Transient,214.0,0,1
Resort Hotel,1,180,2017,August,31,5,1,1,2,0.0,0,BB,BRA,Online TA,TA/TO,0,0,0,D,D,2,No Deposit,240.0,0,Transient,200.0,0,1
Resort Hotel,1,11,2017,August,31,5,1,1,2,0.0,0,BB,PRT,Online TA,TA/TO,0,0,0,A,A,0,No Deposit,240.0,0,Transient,214.0,0,1
Resort Hotel,1,20,2017,August,31,5,1,1,2,0.0,0,BB,PRT,Online TA,TA/TO,0,0,0,A,A,0,No Deposit,241.0,0,Transient,160.2,0,1
Resort Hotel,1,16,2017,August,31,5,1,1,2,0.0,0,BB,ESP,Online TA,TA/TO,0,0,0,A,A,0,No Deposit,240.0,0,Transient,214.0,0,1
Resort Hotel,1,3,2017,August,31,5,2,1,2,0.0,0,BB,ESP,Online TA,TA/TO,0,0,0,D,D,0,No Deposit,240.0,0,Transient,230.0,0,1
Resort Hotel,1,25,2017,August,31,5,2,3,2,0.0,0,BB,PRT,Online TA,TA/TO,0,0,0,D,D,0,No Deposit,241.0,0,Transient,250.0,0,0
Resort Hotel,1,238,2017,August,31,5,2,4,2,0.0,0,BB,FRA,Online TA,TA/TO,0,0,0,A,A,1,No Deposit,240.0,0,Transient,168.0,0,1
Resort Hotel,1,328,2017,August,31,5,2,4,2,0.0,0,BB,PRT,Online TA,TA/TO,0,0,0,A,A,0,No Deposit,240.0,0,Transient,153.75,0,0
Resort Hotel,1,38,2017,August,31,5,2,5,2,0.0,0,BB,ESP,Online TA,TA/TO,0,0,0,A,A,0,No Deposit,240.0,0,Transient,230.0,0,2
Resort Hotel,1,210,2017,August,31,5,2,5,2,0.0,0,HB,ESP,Online TA,TA/TO,0,0,0,A,A,0,No Deposit,240.0,0,Transient,198.0,0,2
Resort Hotel,1,98,2017,August,31,5,2,5,2,0.0,0,HB,ESP,Online TA,TA/TO,0,0,0,A,A,0,No Deposit,240.0,0,Transient,262.0,0,0
Resort Hotel,1,31,2017,August,31,5,2,6,2,0.0,0,BB,ESP,Online TA,TA/TO,0,0,0,A,A,0,No Deposit,240.0,0,Transient,230.0,0,1
Resort Hotel,1,45,2017,August,31,5,4,6,2,0.0,0,BB,ESP,Online TA,TA/TO,0,0,0,A,A,0,No Deposit,240.0,0,Transient,230.0,0,0
Resort Hotel,1,208,2017,August,31,5,4,7,2,0.0,0,BB,GBR,Online TA,TA/TO,0,0,0,E,E,0,No Deposit,240.0,0,Transient,206.0,0,2
Resort Hotel,1,208,2017,August,31,5,4,7,2,0.0,0,BB,GBR,Online TA,TA/TO,0,0,0,E,E,0,No Deposit,240.0,0,Transient,206.0,0,2
Resort Hotel,1,143,2017,August,32,6,2,1,2,0.0,0,BB,MAR,Online TA,TA/TO,0,0,0,D,D,1,No Deposit,240.0,0,Transient,220.0,0,0
Resort Hotel,1,209,2017,August,32,6,2,2,2,0.0,0,BB,ROU,Online TA,TA/TO,0,0,0,D,D,0,No Deposit,240.0,0,Transient,188.0,0,0
Resort Hotel,1,128,2017,August,32,6,2,3,2,0.0,0,BB,GEO,Online TA,TA/TO,0,0,0,D,D,0,No Deposit,240.0,0,Transient,239.0,0,1
Resort Hotel,1,145,2017,August,32,6,2,3,2,0.0,0,HB,FRA,Online TA,TA/TO,0,0,0,D,D,0,No Deposit,240.0,0,Transient,252.0,0,2
Resort Hotel,1,123,2017,August,32,6,2,3,2,0.0,0,BB,GEO,Online TA,TA/TO,0,0,0,D,D,0,No Deposit,240.0,0,Transient,239.0,0,0
Resort Hotel,1,126,2017,August,32,6,2,3,2,0.0,0,BB,GEO,Online TA,TA/TO,0,0,0,D,D,0,No Deposit,240.0,0,Transient,239.0,0,0
Resort Hotel,1,128,2017,August,32,6,2,3,2,0.0,0,BB,GEO,Online TA,TA/TO,0,0,0,D,D,0,No Deposit,240.0,0,Transient,239.0,0,1
Resort Hotel,1,142,2017,August,32,6,2,3,2,0.0,0,BB,CHE,Online TA,TA/TO,0,0,0,D,D,0,No Deposit,240.0,0,Transient,220.0,0,0
Resort Hotel,1,126,2017,August,32,6,2,3,2,0.0,0,BB,PRT,Online TA,TA/TO,0,0,0,D,D,0,No Deposit,242.0,0,Transient,239.0,0,1
Resort Hotel,1,172,2017,August,32,6,2,2,2,0.0,0,BB,PRT,Offline TA/TO,TA/TO,0,0,0,A,A,0,No Deposit,410.0,0,Transient,116.5,0,0
Resort Hotel,1,31,2017,August,32,6,2,3,2,0.0,0,HB,PRT,Online TA,TA/TO,0,0,0,D,D,0,No Deposit,241.0,0,Transient,225.6,0,1
Resort Hotel,1,126,2017,August,32,6,2,3,2,0.0,0,BB,GEO,Online TA,TA/TO,0,0,0,E,E,1,No Deposit,240.0,0,Transient,259.0,0,0
Resort Hotel,1,177,2017,August,32,6,2,2,2,0.0,0,BB,PRT,Offline TA/TO,TA/TO,0,0,0,A,A,0,No Deposit,410.0,0,Transient,116.5,0,0
Resort Hotel,1,343,2017,August,32,6,2,4,2,0.0,0,BB,LUX,Online TA,TA/TO,0,0,0,E,E,0,No Deposit,240.0,0,Transient,207.3,0,2
Resort Hotel,1,190,2017,August,32,6,2,4,2,0.0,0,HB,MAR,Online TA,TA/TO,0,0,0,A,A,0,No Deposit,240.0,0,Transient,202.0,0,0
Resort Hotel,1,178,2017,August,32,6,2,5,2,0.0,0,BB,PRT,Online TA,TA/TO,0,0,0,D,D,0,No Deposit,240.0,0,Transient,200.0,0,2
Resort Hotel,1,178,2017,August,32,6,2,5,2,0.0,0,BB,PRT,Online TA,TA/TO,0,0,0,E,E,0,No Deposit,240.0,0,Transient,218.0,0,2
Resort Hotel,1,177,2017,August,32,6,2,5,2,0.0,0,BB,PRT,Online TA,TA/TO,0,0,0,E,E,0,No Deposit,314.0,0,Transient,156.96,0,0
Resort Hotel,1,185,2017,August,32,6,2,5,2,0.0,0,Undefined,PRT,Offline TA/TO,TA/TO,0,0,0,A,A,0,No Deposit,181.0,0,Transient,194.0,0,0
Resort Hotel,1,177,2017,August,32,6,2,5,2,0.0,0,BB,PRT,Online TA,TA/TO,0,0,0,E,E,0,No Deposit,314.0,0,Transient,156.96,0,0
Resort Hotel,1,194,2017,August,32,6,3,5,2,0.0,0,FB,PRT,Online TA,TA/TO,0,0,0,D,D,0,No Deposit,175.0,0,Transient,178.56,0,0
Resort Hotel,1,96,2017,August,32,6,4,5,2,0.0,0,BB,CHE,Online TA,TA/TO,0,0,0,A,A,0,No Deposit,240.0,0,Transient,230.0,0,0
Resort Hotel,1,310,2017,August,32,6,4,5,2,0.0,0,HB,PRT,Online TA,TA/TO,0,0,0,D,D,0,No Deposit,240.0,0,Transient,206.0,0,0
Resort Hotel,1,153,2017,August,32,7,1,2,2,0.0,0,BB,MAR,Online TA,TA/TO,0,0,0,E,E,0,No Deposit,240.0,0,Transient,240.0,0,0
Resort Hotel,1,139,2017,August,32,7,1,2,2,0.0,0,BB,MAR,Online TA,TA/TO,0,0,0,E,E,0,No Deposit,240.0,0,Transient,240.0,0,1
Resort Hotel,1,184,2017,August,32,7,1,2,2,0.0,0,BB,PRT,Online TA,TA/TO,0,0,0,D,D,0,No Deposit,240.0,0,Transient,200.0,0,0
Resort Hotel,1,153,2017,August,32,7,1,2,2,0.0,0,BB,MAR,Online TA,TA/TO,0,0,0,D,D,0,No Deposit,240.0,0,Transient,220.0,0,1
Resort Hotel,1,152,2017,August,32,7,1,2,2,0.0,0,BB,MAR,Online TA,TA/TO,0,0,0,D,D,0,No Deposit,240.0,0,Transient,220.0,0,1
Resort Hotel,1,88,2017,August,32,7,1,3,2,0.0,0,HB,ESP,Online TA,TA/TO,0,0,0,A,A,0,No Deposit,240.0,0,Transient,262.0,0,0
Resort Hotel,1,152,2017,August,32,7,1,2,2,0.0,0,BB,MAR,Direct,Direct,0,0,0,F,F,0,No Deposit,250.0,0,Transient,248.33,0,0
Resort Hotel,1,216,2017,August,32,7,1,4,2,0.0,0,HB,ITA,Online TA,TA/TO,0,0,0,A,A,0,No Deposit,240.0,0,Transient,198.0,0,0
Resort Hotel,1,216,2017,August,32,7,1,4,2,0.0,0,HB,ITA,Direct,Direct,0,0,0,A,A,1,No Deposit,250.0,0,Transient,181.2,0,0
Resort Hotel,1,311,2017,August,32,7,1,3,2,0.0,0,HB,CHE,Online TA,TA/TO,0,0,0,E,E,0,No Deposit,240.0,0,Transient,201.6,0,0
Resort Hotel,1,187,2017,August,32,7,1,5,2,0.0,0,HB,ESP,Online TA,TA/TO,0,0,0,A,A,0,No Deposit,240.0,0,Transient,212.0,0,1
Resort Hotel,1,213,2017,August,32,7,1,5,2,0.0,0,BB,CHE,Direct,Direct,0,0,0,E,E,2,No Deposit,250.0,0,Transient,197.4,0,1
Resort Hotel,1,228,2017,August,32,7,1,5,2,0.0,0,BB,CHE,Online TA,TA/TO,0,0,0,E,E,0,No Deposit,240.0,0,Transient,206.0,0,0
Resort Hotel,1,141,2017,August,32,7,1,5,2,0.0,0,BB,ESP,Online TA,TA/TO,0,0,0,D,D,0,No Deposit,240.0,0,Transient,220.0,0,1
Resort Hotel,1,141,2017,August,32,7,1,5,2,0.0,0,HB,ESP,Online TA,TA/TO,0,0,0,D,D,0,No Deposit,240.0,0,Transient,252.0,0,1
Resort Hotel,1,103,2017,August,32,7,2,5,2,0.0,0,BB,FRA,Online TA,TA/TO,0,0,0,A,A,0,No Deposit,240.0,0,Transient,230.0,0,1
Resort Hotel,1,196,2017,August,32,7,2,5,2,0.0,0,BB,ESP,Online TA,TA/TO,0,0,0,A,A,0,No Deposit,240.0,0,Transient,168.0,0,1
Resort Hotel,1,204,2017,August,32,7,2,5,2,0.0,0,HB,FRA,Online TA,TA/TO,0,0,0,A,A,0,No Deposit,240.0,0,Transient,198.0,0,1
Resort Hotel,1,257,2017,August,32,7,2,5,2,0.0,0,BB,PRT,Online TA,TA/TO,0,0,0,A,A,0,No Deposit,240.0,0,Transient-Party,153.75,0,3
Resort Hotel,1,193,2017,August,32,7,2,5,2,0.0,0,HB,ESP,Online TA,TA/TO,0,0,0,A,A,0,No Deposit,240.0,0,Transient,202.0,0,1
Resort Hotel,1,200,2017,August,32,7,2,5,2,0.0,0,HB,ESP,Online TA,TA/TO,0,0,0,A,A,0,No Deposit,240.0,0,Transient,200.0,0,0
Resort Hotel,1,192,2017,August,32,7,2,5,2,0.0,0,HB,PRT,Online TA,TA/TO,0,0,0,A,A,1,No Deposit,5.0,0,Transient,164.0,0,0
Resort Hotel,1,200,2017,August,32,7,2,5,2,0.0,0,HB,ESP,Online TA,TA/TO,0,0,0,A,A,0,No Deposit,240.0,0,Transient,200.0,0,0
Resort Hotel,1,105,2017,August,32,7,3,5,2,0.0,0,HB,ESP,Online TA,TA/TO,0,0,0,A,A,0,No Deposit,240.0,0,Transient,262.0,0,1
Resort Hotel,1,188,2017,August,32,7,2,5,2,0.0,0,HB,PRT,Online TA,TA/TO,0,0,0,A,A,1,No Deposit,5.0,0,Transient,172.0,0,0
Resort Hotel,1,165,2017,August,32,7,3,7,2,0.0,0,HB,PRT,Offline TA/TO,TA/TO,0,0,0,D,D,0,No Deposit,40.0,0,Contract,151.5,0,0
Resort Hotel,1,153,2017,August,32,8,0,1,2,0.0,0,BB,USA,Online TA,TA/TO,0,0,0,D,D,0,No Deposit,240.0,0,Transient,220.0,0,1
Resort Hotel,1,196,2017,August,32,8,0,3,2,0.0,0,BB,CHE,Online TA,TA/TO,0,0,0,A,A,0,No Deposit,240.0,0,Transient,168.0,0,1
Resort Hotel,1,225,2017,August,32,8,0,4,2,0.0,0,BB,FRA,Online TA,TA/TO,0,0,0,E,E,0,No Deposit,240.0,0,Transient,206.0,0,2
Resort Hotel,1,193,2017,August,32,8,0,4,2,0.0,0,BB,PRT,Online TA,TA/TO,0,0,0,D,D,0,No Deposit,240.0,0,Transient,190.0,0,1
Resort Hotel,1,34,2017,August,32,8,1,5,2,0.0,0,HB,PRT,Online TA,TA/TO,0,0,0,F,F,0,No Deposit,241.0,0,Transient,231.84,0,2
Resort Hotel,1,199,2017,August,32,8,1,5,2,0.0,0,BB,GBR,Online TA,TA/TO,0,0,0,A,A,0,No Deposit,240.0,0,Transient,168.0,0,1
Resort Hotel,1,339,2017,August,32,8,2,6,2,0.0,0,HB,ESP,Online TA,TA/TO,0,0,0,D,D,0,No Deposit,240.0,0,Transient,185.4,0,1
Resort Hotel,1,32,2017,August,32,9,0,2,2,0.0,0,BB,PRT,Online TA,TA/TO,0,0,0,A,A,0,No Deposit,240.0,0,Transient,230.0,0,0
Resort Hotel,1,129,2017,August,32,9,0,3,2,0.0,0,BB,PRT,Online TA,TA/TO,0,0,0,E,E,0,No Deposit,240.0,0,Transient,259.0,0,1
Resort Hotel,1,184,2017,August,32,9,1,4,2,0.0,0,HB,GBR,Offline TA/TO,TA/TO,0,0,0,A,A,0,No Deposit,40.0,0,Contract,134.85,0,0
Resort Hotel,1,239,2017,August,32,9,1,4,2,0.0,0,BB,CN,Direct,Direct,0,0,0,F,F,0,No Deposit,250.0,0,Transient,196.2,0,0
Resort Hotel,1,198,2017,August,32,9,2,4,2,0.0,0,BB,NOR,Online TA,TA/TO,0,0,0,G,G,1,No Deposit,240.0,0,Transient,258.0,0,0
Resort Hotel,1,28,2017,August,32,9,2,8,2,0.0,0,HB,PRT,Offline TA/TO,TA/TO,0,0,0,D,D,0,No Deposit,40.0,0,Contract,149.5,0,1
Resort Hotel,1,0,2017,August,32,10,0,1,2,0.0,0,BB,PRT,Direct,Direct,0,0,0,A,A,0,No Deposit,,0,Transient,8.0,0,0
Resort Hotel,1,95,2017,August,32,10,2,4,2,0.0,0,BB,DEU,Online TA,TA/TO,0,0,0,A,A,0,No Deposit,240.0,0,Transient,230.0,0,0
Resort Hotel,1,29,2017,August,32,10,2,4,2,0.0,0,BB,PRT,Offline TA/TO,TA/TO,0,0,0,E,E,0,No Deposit,40.0,0,Group,146.0,0,1
Resort Hotel,1,94,2017,August,32,10,2,4,2,0.0,0,BB,DEU,Online TA,TA/TO,0,0,0,A,A,0,No Deposit,240.0,0,Transient,230.0,0,1
Resort Hotel,1,95,2017,August,32,10,2,4,2,0.0,0,BB,PRT,Online TA,TA/TO,0,0,0,A,A,0,No Deposit,242.0,0,Transient,230.0,0,1
Resort Hotel,1,45,2017,August,32,10,1,3,2,0.0,0,BB,ROU,Online TA,TA/TO,0,0,0,E,E,0,No Deposit,240.0,0,Transient,270.0,0,1
Resort Hotel,1,172,2017,August,32,10,2,5,2,0.0,0,HB,ESP,Online TA,TA/TO,0,0,0,E,E,0,No Deposit,240.0,0,Transient,250.0,0,2
Resort Hotel,1,47,2017,August,32,11,2,2,2,0.0,0,BB,FRA,Online TA,TA/TO,0,0,0,A,A,0,No Deposit,240.0,0,Transient,230.0,0,1
Resort Hotel,1,11,2017,August,32,11,2,2,2,0.0,0,HB,PRT,Online TA,TA/TO,0,0,0,A,A,0,No Deposit,240.0,0,Transient,252.0,0,1
Resort Hotel,1,106,2017,August,32,11,2,2,2,0.0,0,BB,DEU,Online TA,TA/TO,0,0,0,D,D,0,No Deposit,240.0,0,Transient,250.0,0,1
Resort Hotel,1,262,2017,August,32,11,2,2,2,0.0,0,BB,PRT,Online TA,TA/TO,0,0,0,A,A,0,No Deposit,240.0,0,Transient,153.75,0,0
Resort Hotel,1,98,2017,August,32,11,2,5,2,0.0,0,HB,PRT,Online TA,TA/TO,0,0,0,A,A,0,No Deposit,240.0,0,Transient,262.0,0,2
Resort Hotel,1,210,2017,August,32,11,3,7,2,0.0,0,BB,IRL,Online TA,TA/TO,0,0,0,E,E,2,No Deposit,240.0,0,Transient,199.0,0,1
Resort Hotel,1,88,2017,August,32,11,0,2,2,0.0,0,BB,PRT,Online TA,TA/TO,0,0,0,A,A,0,No Deposit,240.0,0,Transient,230.0,0,1
Resort Hotel,1,311,2017,August,32,11,0,2,2,0.0,0,HB,GBR,Online TA,TA/TO,0,0,0,A,A,2,No Deposit,240.0,0,Transient,167.18,0,1
Resort Hotel,1,11,2017,August,32,11,0,2,2,0.0,0,BB,ESP,Online TA,TA/TO,0,0,0,A,A,0,No Deposit,240.0,0,Transient,210.0,0,1
Resort Hotel,1,306,2017,August,32,11,1,2,2,0.0,0,HB,ESP,Online TA,TA/TO,0,0,0,D,D,1,No Deposit,240.0,0,Transient,185.4,0,1
Resort Hotel,1,327,2017,August,32,12,2,1,2,0.0,0,BB,ESP,Online TA,TA/TO,0,0,0,A,A,0,No Deposit,240.0,0,Transient,153.75,0,1
Resort Hotel,1,201,2017,August,32,12,2,1,2,0.0,0,FB,PRT,Offline TA/TO,TA/TO,0,0,0,A,A,0,No Deposit,6.0,0,Transient,155.7,0,0
Resort Hotel,1,307,2017,August,32,12,2,1,2,0.0,0,BB,ESP,Online TA,TA/TO,0,0,0,A,A,0,No Deposit,240.0,0,Transient,138.38,0,1
Resort Hotel,1,132,2017,August,32,12,2,1,2,0.0,0,BB,PRT,Online TA,TA/TO,0,0,0,D,D,0,No Deposit,240.0,0,Transient,232.33,0,1
Resort Hotel,1,36,2017,August,32,12,2,4,2,0.0,0,BB,ITA,Online TA,TA/TO,0,0,0,A,A,0,No Deposit,240.0,0,Transient,230.0,0,1
Resort Hotel,1,46,2017,August,32,12,2,5,2,0.0,0,HB,PRT,Online TA,TA/TO,0,0,0,A,A,0,No Deposit,196.0,0,Transient,262.0,0,0
Resort Hotel,1,46,2017,August,32,12,2,5,2,0.0,0,BB,PRT,Offline TA/TO,TA/TO,0,0,0,A,A,0,No Deposit,261.0,0,Transient,212.0,0,0
Resort Hotel,1,144,2017,August,32,12,2,5,2,0.0,0,HB,PRT,Direct,Direct,0,0,0,D,D,1,No Deposit,250.0,0,Transient,225.5,0,1
Resort Hotel,1,341,2017,August,32,12,4,6,2,0.0,0,BB,GBR,Online TA,TA/TO,0,0,0,A,A,0,No Deposit,240.0,0,Transient,138.38,0,2
Resort Hotel,1,341,2017,August,32,12,4,6,2,0.0,0,BB,GBR,Online TA,TA/TO,0,0,0,A,A,0,No Deposit,240.0,0,Transient,138.38,0,2
Resort Hotel,1,187,2017,August,32,12,4,7,2,0.0,0,HB,PRT,Offline TA/TO,TA/TO,0,0,0,A,A,0,No Deposit,8.0,0,Transient,151.0,0,0
Resort Hotel,1,187,2017,August,32,12,4,7,2,0.0,0,HB,PRT,Offline TA/TO,TA/TO,0,0,0,A,A,0,No Deposit,8.0,0,Transient,151.0,0,0
Resort Hotel,1,273,2017,August,32,12,4,10,2,0.0,0,BB,ITA,Online TA,TA/TO,0,0,0,E,E,0,No Deposit,240.0,0,Transient,179.66,0,2
Resort Hotel,1,193,2017,August,32,12,4,10,2,0.0,0,BB,PRT,Offline TA/TO,TA/TO,0,0,0,A,A,0,No Deposit,6.0,0,Transient,110.7,0,0
Resort Hotel,1,0,2017,August,33,13,1,0,2,0.0,0,BB,PRT,Online TA,TA/TO,0,0,0,E,E,0,No Deposit,240.0,0,Transient,207.0,0,0
Resort Hotel,1,176,2017,August,33,13,2,0,2,0.0,0,HB,PRT,Online TA,TA/TO,0,0,0,D,D,0,No Deposit,240.0,0,Transient,232.0,0,1
Resort Hotel,1,176,2017,August,33,13,2,0,2,0.0,0,HB,PRT,Online TA,TA/TO,0,0,0,D,D,0,No Deposit,240.0,0,Transient,232.0,0,1
Resort Hotel,1,183,2017,August,33,13,2,1,2,0.0,0,BB,ESP,Online TA,TA/TO,0,0,0,D,D,0,No Deposit,240.0,0,Transient,193.33,0,0
Resort Hotel,1,95,2017,August,33,13,2,1,2,0.0,0,BB,ITA,Online TA,TA/TO,0,0,0,A,A,0,No Deposit,240.0,0,Transient,230.0,0,1
Resort Hotel,1,183,2017,August,33,13,2,1,2,0.0,0,HB,ESP,Online TA,TA/TO,0,0,0,D,D,0,No Deposit,240.0,0,Transient,225.33,0,0
Resort Hotel,1,227,2017,August,33,13,2,2,2,0.0,0,BB,ESP,Online TA,TA/TO,0,0,0,A,A,0,No Deposit,240.0,0,Transient,164.44,0,1
Resort Hotel,1,130,2017,August,33,13,2,3,2,0.0,0,HB,HUN,Online TA,TA/TO,0,0,0,D,D,0,No Deposit,240.0,0,Transient,261.0,0,1
Resort Hotel,1,220,2017,August,33,13,2,3,2,0.0,0,BB,PRT,Online TA,TA/TO,0,0,0,A,A,0,No Deposit,240.0,0,Transient,162.3,0,1
Resort Hotel,1,52,2017,August,33,13,2,4,2,0.0,0,BB,ESP,Online TA,TA/TO,0,0,0,A,A,0,No Deposit,240.0,0,Transient,230.0,0,2
Resort Hotel,1,285,2017,August,33,13,2,5,2,0.0,0,BB,DEU,Online TA,TA/TO,0,0,0,A,A,0,No Deposit,240.0,0,Transient,138.38,0,1
Resort Hotel,1,166,2017,August,33,13,2,5,2,0.0,0,HB,PRT,Offline TA/TO,TA/TO,0,0,0,D,D,0,No Deposit,11.0,0,Transient,141.0,0,0
Resort Hotel,1,300,2017,August,33,13,2,5,2,0.0,0,BB,PRT,Online TA,TA/TO,0,0,0,G,G,0,No Deposit,241.0,0,Transient,219.6,0,0
Resort Hotel,1,285,2017,August,33,13,2,5,2,0.0,0,BB,DEU,Online TA,TA/TO,0,0,0,A,A,0,No Deposit,240.0,0,Transient,138.38,0,1
Resort Hotel,1,102,2017,August,33,13,3,5,2,0.0,0,BB,PRT,Online TA,TA/TO,0,0,0,A,A,0,No Deposit,196.0,0,Transient,230.0,0,0
Resort Hotel,1,291,2017,August,33,13,4,6,2,0.0,0,BB,PRT,Offline TA/TO,TA/TO,0,0,0,D,D,0,No Deposit,40.0,0,Contract,117.3,0,1
Resort Hotel,1,228,2017,August,33,13,4,9,2,0.0,0,HB,RUS,Online TA,TA/TO,0,0,0,D,D,1,No Deposit,240.0,0,Transient,207.23,0,2
Resort Hotel,1,0,2017,August,33,14,1,0,2,0.0,0,BB,PRT,Direct,Direct,0,0,0,A,A,0,No Deposit,250.0,0,Transient,225.0,0,0
Resort Hotel,1,0,2017,August,33,14,1,0,2,0.0,0,BB,MAR,Online TA,TA/TO,0,0,0,A,A,0,No Deposit,240.0,0,Transient,230.0,0,0
Resort Hotel,1,0,2017,August,33,14,1,0,2,0.0,0,BB,PRT,Online TA,TA/TO,0,0,0,D,D,0,No Deposit,240.0,0,Transient,264.0,0,0
Resort Hotel,1,89,2017,August,33,14,1,2,2,0.0,0,BB,PRT,Online TA,TA/TO,0,0,0,A,A,0,No Deposit,240.0,0,Transient,230.0,0,0
Resort Hotel,1,188,2017,August,33,14,1,2,2,0.0,0,BB,USA,Online TA,TA/TO,0,0,0,E,E,0,No Deposit,240.0,0,Transient,204.67,0,1
Resort Hotel,1,216,2017,August,33,14,1,3,2,0.0,0,BB,FRA,Online TA,TA/TO,0,0,0,D,D,0,No Deposit,240.0,0,Transient,181.0,0,1
Resort Hotel,1,175,2017,August,33,14,1,3,2,0.0,0,BB,ITA,Online TA,TA/TO,0,0,0,D,D,2,No Deposit,240.0,0,Transient,200.0,0,1
Resort Hotel,1,14,2017,August,33,14,1,3,2,0.0,0,BB,ESP,Online TA,TA/TO,0,0,0,A,A,0,No Deposit,240.0,0,Transient,215.0,0,2
Resort Hotel,1,216,2017,August,33,14,1,3,2,0.0,0,BB,FRA,Online TA,TA/TO,0,0,0,D,D,0,No Deposit,240.0,0,Transient,181.0,0,1
Resort Hotel,1,175,2017,August,33,14,1,3,2,0.0,0,BB,PRT,Direct,Direct,0,0,0,F,F,3,No Deposit,250.0,0,Transient,274.5,0,0
Resort Hotel,1,175,2017,August,33,14,1,3,2,0.0,0,BB,ITA,Online TA,TA/TO,0,0,0,D,D,2,No Deposit,240.0,0,Transient,200.0,0,1
Resort Hotel,1,183,2017,August,33,14,1,3,2,0.0,0,BB,PRT,Online TA,TA/TO,0,0,0,D,D,0,No Deposit,240.0,0,Transient,185.0,0,0
Resort Hotel,1,99,2017,August,33,14,1,4,2,0.0,0,HB,ESP,Online TA,TA/TO,0,0,0,A,A,0,No Deposit,240.0,0,Transient,262.0,0,0
Resort Hotel,1,342,2017,August,33,14,1,4,2,0.0,0,HB,PRT,Online TA,TA/TO,0,0,0,D,D,0,No Deposit,240.0,0,Transient,185.4,0,2
Resort Hotel,1,13,2017,August,33,14,2,5,2,0.0,0,BB,PRT,Corporate,Corporate,0,0,0,D,D,0,No Deposit,,0,Transient,159.0,0,0
Resort Hotel,1,33,2017,August,33,14,2,5,2,0.0,0,HB,LUX,Online TA,TA/TO,0,0,0,A,A,0,No Deposit,240.0,0,Transient,262.0,0,1
Resort Hotel,1,182,2017,August,33,14,2,5,2,0.0,0,BB,FRA,Direct,Direct,0,0,0,D,D,0,No Deposit,250.0,0,Transient,209.86,0,0
Resort Hotel,1,16,2017,August,33,15,0,1,2,0.0,0,BB,ESP,Online TA,TA/TO,0,0,0,A,A,3,No Deposit,240.0,0,Transient,209.0,0,1
Resort Hotel,1,16,2017,August,33,15,0,1,2,0.0,0,BB,ESP,Online TA,TA/TO,0,0,0,A,A,3,No Deposit,240.0,0,Transient,209.0,0,1
Resort Hotel,1,1,2017,August,33,15,0,1,2,0.0,0,BB,GBR,Online TA,TA/TO,0,0,0,D,D,0,No Deposit,240.0,0,Transient,149.0,0,0
Resort Hotel,1,7,2017,August,33,15,0,1,2,0.0,0,BB,ESP,Online TA,TA/TO,0,0,0,A,A,0,No Deposit,240.0,0,Transient,190.0,0,1
Resort Hotel,1,6,2017,August,33,15,0,1,2,0.0,0,BB,ESP,Online TA,TA/TO,0,0,0,A,A,0,No Deposit,,0,Transient,190.0,0,1
Resort Hotel,1,194,2017,August,33,15,0,5,2,0.0,0,BB,HUN,Online TA,TA/TO,0,0,0,A,A,0,No Deposit,240.0,0,Transient,160.0,0,1
Resort Hotel,1,126,2017,August,33,15,1,5,2,0.0,0,BB,RUS,Online TA,TA/TO,0,0,0,A,A,0,No Deposit,240.0,0,Transient,230.0,0,1
Resort Hotel,1,39,2017,August,33,15,1,5,2,0.0,0,BB,PRT,Online TA,TA/TO,0,0,0,A,A,0,No Deposit,240.0,0,Transient,230.0,0,1
Resort Hotel,1,126,2017,August,33,15,1,5,2,0.0,0,BB,RUS,Online TA,TA/TO,0,0,0,A,A,0,No Deposit,240.0,0,Transient,230.0,0,1
Resort Hotel,1,24,2017,August,33,15,2,5,2,0.0,0,BB,PRT,Online TA,TA/TO,0,0,0,A,A,0,No Deposit,240.0,0,Transient,224.0,0,1
Resort Hotel,1,198,2017,August,33,15,2,5,2,0.0,0,HB,CHE,Online TA,TA/TO,0,0,0,E,E,0,No Deposit,240.0,0,Transient,231.43,0,2
Resort Hotel,1,97,2017,August,33,15,2,6,2,0.0,0,BB,ESP,Online TA,TA/TO,0,0,0,E,E,0,No Deposit,240.0,0,Transient,270.0,0,0
Resort Hotel,1,203,2017,August,33,15,3,10,2,0.0,0,BB,CN,Online TA,TA/TO,0,0,0,A,A,0,No Deposit,240.0,0,Transient,154.85,0,1
Resort Hotel,1,371,2017,August,33,15,2,8,2,0.0,0,BB,PRT,Offline TA/TO,TA/TO,0,0,0,A,A,0,No Deposit,40.0,0,Contract,104.85,0,0
Resort Hotel,1,49,2017,August,33,16,0,1,2,0.0,0,BB,ESP,Online TA,TA/TO,0,0,0,A,A,0,No Deposit,240.0,0,Transient-Party,230.0,0,2
Resort Hotel,1,49,2017,August,33,16,0,1,2,0.0,0,BB,ESP,Online TA,TA/TO,0,0,0,A,A,0,No Deposit,240.0,0,Transient-Party,230.0,0,2
Resort Hotel,1,36,2017,August,33,16,0,2,2,0.0,0,BB,PRT,Online TA,TA/TO,0,0,0,A,A,0,No Deposit,241.0,0,Transient,184.0,0,1
Resort Hotel,1,36,2017,August,33,16,0,2,2,0.0,0,BB,PRT,Online TA,TA/TO,0,0,0,F,F,0,No Deposit,241.0,0,Transient,208.8,0,1
Resort Hotel,1,61,2017,August,33,16,0,4,2,0.0,0,BB,PRT,Online TA,TA/TO,0,0,0,A,A,0,No Deposit,314.0,0,Group,188.6,0,0
Resort Hotel,1,66,2017,August,33,16,0,4,2,0.0,0,BB,PRT,Online TA,TA/TO,0,0,0,A,A,0,No Deposit,240.0,0,Transient,230.0,0,2
Resort Hotel,1,142,2017,August,33,16,1,4,2,0.0,0,BB,PRT,Online TA,TA/TO,0,0,0,D,D,0,No Deposit,240.0,0,Transient,229.0,0,2
Resort Hotel,1,36,2017,August,33,16,2,4,2,0.0,0,BB,ESP,Online TA,TA/TO,0,0,0,A,A,0,No Deposit,240.0,0,Transient,230.0,0,0
Resort Hotel,1,37,2017,August,33,16,2,4,2,0.0,0,BB,ESP,Online TA,TA/TO,0,0,0,A,A,0,No Deposit,240.0,0,Transient,230.0,0,1
Resort Hotel,1,133,2017,August,33,16,2,5,2,0.0,0,BB,CN,Direct,Direct,0,0,0,F,F,0,No Deposit,250.0,0,Transient,264.0,0,2
Resort Hotel,1,0,2017,August,33,17,0,1,2,0.0,0,BB,PRT,Direct,Direct,0,0,0,A,A,0,No Deposit,,0,Transient,200.0,0,0
Resort Hotel,1,82,2017,August,33,17,0,1,2,0.0,0,BB,PRT,Online TA,TA/TO,0,0,0,A,A,0,No Deposit,526.0,0,Transient,184.0,0,0
Resort Hotel,1,0,2017,August,33,17,0,1,2,0.0,0,BB,PRT,Direct,Direct,0,0,0,F,F,0,No Deposit,,0,Transient,200.0,0,0
Resort Hotel,1,129,2017,August,33,17,0,2,2,0.0,0,HB,PRT,Online TA,TA/TO,0,0,0,A,A,0,No Deposit,240.0,0,Transient,262.0,0,1
Resort Hotel,1,77,2017,August,33,17,0,2,2,0.0,0,BB,PRT,Online TA,TA/TO,0,0,0,A,A,0,No Deposit,241.0,0,Transient,184.0,0,1
Resort Hotel,1,40,2017,August,33,17,1,3,2,0.0,0,HB,PRT,Online TA,TA/TO,0,0,0,F,F,0,No Deposit,242.0,0,Transient,289.8,0,1
Resort Hotel,1,187,2017,August,33,17,1,3,2,0.0,0,HB,AUT,Online TA,TA/TO,0,0,0,D,D,0,No Deposit,240.0,0,Transient,212.0,0,0
Resort Hotel,1,149,2017,August,33,17,1,3,2,0.0,0,BB,ISR,Online TA,TA/TO,0,0,0,E,E,0,No Deposit,240.0,0,Transient,240.0,0,2
Resort Hotel,1,40,2017,August,33,17,1,3,2,0.0,0,HB,PRT,Online TA,TA/TO,0,0,0,F,F,0,No Deposit,242.0,0,Transient,289.8,0,1
Resort Hotel,1,212,2017,August,33,17,1,3,2,0.0,0,BB,ESP,Online TA,TA/TO,0,0,0,A,A,0,No Deposit,240.0,0,Transient-Party,153.75,0,0
Resort Hotel,1,247,2017,August,33,17,1,3,2,0.0,0,HB,PRT,Offline TA/TO,TA/TO,0,0,0,A,A,0,No Deposit,315.0,0,Contract,130.05,0,0
Resort Hotel,1,12,2017,August,33,17,1,3,2,0.0,0,HB,PRT,Online TA,TA/TO,0,0,0,A,A,0,No Deposit,240.0,0,Transient,247.0,0,1
Resort Hotel,1,212,2017,August,33,17,1,3,2,0.0,0,BB,ESP,Online TA,TA/TO,0,0,0,A,A,0,No Deposit,240.0,0,Transient-Party,153.75,0,0
Resort Hotel,1,209,2017,August,33,17,2,4,2,0.0,0,HB,ESP,Online TA,TA/TO,0,0,0,A,A,0,No Deposit,240.0,0,Transient,185.75,0,0
Resort Hotel,1,168,2017,August,33,17,2,4,2,0.0,0,BB,PRT,Online TA,TA/TO,0,0,0,D,D,0,No Deposit,314.0,0,Transient,176.0,0,1
Resort Hotel,1,168,2017,August,33,17,2,4,2,0.0,0,BB,PRT,Online TA,TA/TO,0,0,0,D,D,0,No Deposit,314.0,0,Transient,176.0,0,1
Resort Hotel,1,161,2017,August,33,17,2,4,2,0.0,0,HB,PRT,Online TA,TA/TO,0,0,0,E,E,0,No Deposit,468.0,0,Transient,217.6,0,0
Resort Hotel,1,245,2017,August,33,17,2,4,2,0.0,0,HB,ESP,Online TA,TA/TO,0,0,0,E,E,2,No Deposit,240.0,0,Transient,222.0,0,2
Resort Hotel,1,161,2017,August,33,17,2,4,2,0.0,0,HB,PRT,Online TA,TA/TO,0,0,0,E,E,0,No Deposit,468.0,0,Transient,217.6,0,0
Resort Hotel,1,245,2017,August,33,17,2,4,2,0.0,0,HB,ESP,Online TA,TA/TO,0,0,0,E,E,2,No Deposit,240.0,0,Transient,222.0,0,2
Resort Hotel,1,154,2017,August,33,17,2,5,2,0.0,0,BB,PRT,Online TA,TA/TO,0,0,0,E,E,0,No Deposit,240.0,0,Transient,238.57,0,2
Resort Hotel,1,84,2017,August,33,17,2,5,2,0.0,0,BB,ESP,Online TA,TA/TO,0,0,0,E,E,0,No Deposit,240.0,0,Transient,270.0,0,2
Resort Hotel,1,172,2017,August,33,17,2,5,2,0.0,0,BB,ESP,Online TA,TA/TO,0,0,0,D,D,0,No Deposit,240.0,0,Transient,200.0,0,2
Resort Hotel,1,213,2017,August,33,17,2,5,2,0.0,0,HB,PRT,Online TA,TA/TO,0,0,0,A,A,0,No Deposit,175.0,0,Transient,132.3,0,0
Resort Hotel,1,151,2017,August,33,17,2,6,2,0.0,0,BB,ESP,Online TA,TA/TO,0,0,0,D,D,0,No Deposit,240.0,0,Transient,217.5,0,1
Resort Hotel,1,65,2017,August,33,17,2,6,2,0.0,0,BB,ITA,Online TA,TA/TO,0,0,0,E,E,1,No Deposit,240.0,0,Transient,270.0,0,1
Resort Hotel,1,168,2017,August,33,17,2,6,2,0.0,0,BB,ESP,Online TA,TA/TO,0,0,0,D,D,0,No Deposit,240.0,0,Transient,217.5,0,1
Resort Hotel,1,168,2017,August,33,17,2,6,2,0.0,0,BB,ESP,Online TA,TA/TO,0,0,0,E,E,1,No Deposit,240.0,0,Transient,237.5,0,2
Resort Hotel,1,44,2017,August,33,18,0,1,2,0.0,0,BB,PRT,Online TA,TA/TO,0,0,0,A,A,0,No Deposit,,0,Transient,213.0,0,1
Resort Hotel,1,158,2017,August,33,18,0,2,2,0.0,0,BB,GBR,Online TA,TA/TO,0,0,0,A,A,1,No Deposit,240.0,0,Transient,230.0,0,1
Resort Hotel,1,49,2017,August,33,18,0,2,2,0.0,0,BB,PRT,Online TA,TA/TO,0,0,0,A,A,0,No Deposit,240.0,0,Transient,230.0,0,0
Resort Hotel,1,117,2017,August,33,18,0,2,2,0.0,0,HB,ESP,Online TA,TA/TO,0,0,0,D,D,0,No Deposit,240.0,0,Transient,282.0,0,1
Resort Hotel,1,19,2017,August,33,18,0,2,2,0.0,0,HB,ESP,Online TA,TA/TO,0,0,0,A,A,0,No Deposit,240.0,0,Transient,262.0,0,0
Resort Hotel,1,124,2017,August,33,18,0,2,2,0.0,0,BB,GBR,Online TA,TA/TO,0,0,0,D,D,0,No Deposit,240.0,0,Transient,220.0,0,1
Resort Hotel,1,88,2017,August,33,18,0,2,2,0.0,0,BB,FRA,Online TA,TA/TO,0,0,0,E,E,0,No Deposit,240.0,0,Transient,270.0,0,1
Resort Hotel,1,144,2017,August,33,18,0,2,2,0.0,0,BB,FRA,Online TA,TA/TO,0,0,0,E,E,0,No Deposit,240.0,0,Transient,249.0,0,2
Resort Hotel,1,76,2017,August,33,18,2,3,2,0.0,0,BB,USA,Direct,Direct,0,0,0,E,E,0,No Deposit,250.0,0,Transient,265.0,0,1
Resort Hotel,1,44,2017,August,33,18,2,3,2,0.0,0,HB,PRT,Online TA,TA/TO,0,0,0,F,F,0,No Deposit,241.0,0,Transient,257.6,0,1
Resort Hotel,1,39,2017,August,33,18,2,3,2,0.0,0,HB,PRT,Online TA,TA/TO,0,0,0,F,F,0,No Deposit,241.0,0,Transient,257.6,0,1
Resort Hotel,1,64,2017,August,33,18,2,3,2,0.0,0,BB,ESP,Online TA,TA/TO,0,0,0,D,D,0,No Deposit,240.0,0,Transient,250.0,0,1
Resort Hotel,1,187,2017,August,33,18,2,4,2,0.0,0,BB,PRT,Online TA,TA/TO,0,0,0,D,D,0,No Deposit,240.0,0,Transient,180.0,0,2
Resort Hotel,1,8,2017,August,33,18,2,5,2,0.0,0,BB,PRT,Offline TA/TO,TA/TO,0,0,0,E,E,0,No Deposit,40.0,0,Transient,146.0,0,0
Resort Hotel,1,173,2017,August,33,18,2,5,2,0.0,0,BB,ITA,Online TA,TA/TO,0,0,0,D,D,0,No Deposit,240.0,0,Transient,200.0,0,1
Resort Hotel,1,108,2017,August,33,18,2,7,2,0.0,0,BB,ESP,Online TA,TA/TO,0,0,0,A,A,0,No Deposit,240.0,0,Transient,227.22,0,1
Resort Hotel,1,177,2017,August,33,18,2,7,2,0.0,0,BB,RUS,Online TA,TA/TO,0,0,0,D,D,2,No Deposit,240.0,0,Transient,200.0,0,0
Resort Hotel,1,259,2017,August,33,19,0,1,2,0.0,0,BB,PRT,Online TA,TA/TO,0,0,0,A,A,0,No Deposit,240.0,0,Transient,153.75,0,1
Resort Hotel,1,2,2017,August,33,19,0,1,2,0.0,0,BB,PRT,Direct,Direct,0,0,0,E,E,0,No Deposit,,0,Transient,234.0,0,0
Resort Hotel,1,234,2017,August,33,19,1,1,2,0.0,0,BB,PRT,Direct,Direct,0,0,0,E,E,0,No Deposit,250.0,0,Transient,181.8,0,2
Resort Hotel,1,195,2017,August,33,19,2,2,2,0.0,0,BB,ITA,Online TA,TA/TO,0,0,0,E,E,0,No Deposit,240.0,0,Transient,212.0,0,0
Resort Hotel,1,160,2017,August,33,19,2,3,2,0.0,0,BB,USA,Online TA,TA/TO,0,0,0,E,E,0,No Deposit,240.0,0,Transient,238.0,0,0
Resort Hotel,1,173,2017,August,33,19,2,3,2,0.0,0,HB,ITA,Online TA,TA/TO,0,0,0,E,E,0,No Deposit,240.0,0,Transient,250.0,0,0
Resort Hotel,1,177,2017,August,33,19,2,4,2,0.0,0,BB,FRA,Online TA,TA/TO,0,0,0,E,E,0,No Deposit,240.0,0,Transient,218.0,0,0
Resort Hotel,1,113,2017,August,33,19,2,4,2,0.0,0,HB,PRT,Online TA,TA/TO,0,0,0,A,A,0,No Deposit,,0,Transient,214.84,0,0
Resort Hotel,1,199,2017,August,33,19,2,3,2,0.0,0,BB,PRT,Online TA,TA/TO,0,0,0,A,A,0,No Deposit,241.0,0,Transient,123.2,0,0
Resort Hotel,1,160,2017,August,33,19,2,3,2,0.0,0,BB,USA,Online TA,TA/TO,0,0,0,E,E,0,No Deposit,240.0,0,Transient,238.0,0,0
Resort Hotel,1,306,2017,August,33,19,2,4,2,0.0,0,BB,FRA,Online TA,TA/TO,0,0,0,D,D,0,No Deposit,240.0,0,Transient,156.6,0,1
Resort Hotel,1,211,2017,August,33,19,2,5,2,0.0,0,BB,PRT,Online TA,TA/TO,0,0,0,A,A,0,No Deposit,240.0,0,Transient,203.75,0,1
Resort Hotel,1,125,2017,August,33,19,2,5,2,0.0,0,BB,PRT,Online TA,TA/TO,0,0,0,A,A,0,No Deposit,240.0,0,Transient,230.0,0,1
Resort Hotel,1,211,2017,August,33,19,2,5,2,0.0,0,HB,PRT,Online TA,TA/TO,0,0,0,A,A,0,No Deposit,175.0,0,Transient,133.74,0,0
Resort Hotel,1,129,2017,August,33,19,2,5,2,0.0,0,HB,PRT,Offline TA/TO,TA/TO,0,0,0,A,A,0,No Deposit,181.0,0,Transient-Party,205.6,0,0
Resort Hotel,1,146,2017,August,33,19,2,5,2,0.0,0,BB,CHE,Online TA,TA/TO,0,0,0,E,E,0,No Deposit,240.0,0,Transient-Party,235.71,0,0
Resort Hotel,1,216,2017,August,33,19,2,5,2,0.0,0,HB,PRT,Online TA,TA/TO,0,0,0,D,D,0,No Deposit,240.0,0,Transient,204.0,0,0
Resort Hotel,1,122,2017,August,33,19,2,5,2,0.0,0,FB,PRT,Offline TA/TO,TA/TO,0,0,0,A,A,0,No Deposit,181.0,0,Transient-Party,230.0,0,0
Resort Hotel,1,5,2017,August,34,20,1,0,2,0.0,0,BB,PRT,Online TA,Direct,0,0,0,D,D,0,No Deposit,,0,Transient,194.0,0,1
Resort Hotel,1,118,2017,August,34,20,2,1,2,0.0,0,BB,AUS,Online TA,TA/TO,0,0,0,E,E,0,No Deposit,240.0,0,Transient,270.0,0,1
Resort Hotel,1,210,2017,August,34,20,2,1,2,0.0,0,BB,ESP,Online TA,TA/TO,0,0,0,A,A,0,No Deposit,240.0,0,Transient,153.75,0,2
Resort Hotel,1,337,2017,August,34,20,2,1,2,0.0,0,HB,ESP,Online TA,TA/TO,0,0,0,A,A,0,No Deposit,240.0,0,Transient,185.75,0,0
Resort Hotel,1,64,2017,August,34,20,2,2,2,0.0,0,BB,GBR,Online TA,TA/TO,0,0,0,D,D,0,No Deposit,240.0,0,Transient,250.0,0,1
Resort Hotel,1,178,2017,August,34,20,2,2,2,0.0,0,BB,PRT,Offline TA/TO,TA/TO,0,0,0,A,A,0,No Deposit,410.0,0,Transient,116.5,0,0
Resort Hotel,1,161,2017,August,34,20,2,3,2,0.0,0,HB,ITA,Online TA,TA/TO,0,0,0,E,E,0,No Deposit,240.0,0,Transient,268.0,0,0
Resort Hotel,1,161,2017,August,34,20,2,3,2,0.0,0,BB,ITA,Online TA,TA/TO,0,0,0,E,E,0,No Deposit,240.0,0,Transient,236.0,0,1
Resort Hotel,1,315,2017,August,34,20,2,3,2,0.0,0,BB,GBR,Online TA,TA/TO,0,0,0,A,A,2,No Deposit,240.0,0,Transient,138.38,0,1
Resort Hotel,1,173,2017,August,34,20,2,4,2,0.0,0,HB,ITA,Online TA,TA/TO,0,0,0,E,E,2,No Deposit,240.0,0,Transient,254.0,0,1
Resort Hotel,1,190,2017,August,34,20,2,4,2,0.0,0,HB,PRT,Online TA,TA/TO,0,0,0,E,E,0,No Deposit,240.0,0,Transient,230.0,0,0
Resort Hotel,1,210,2017,August,34,20,2,4,2,0.0,0,BB,PRT,Direct,Direct,0,0,0,D,D,0,No Deposit,250.0,0,Transient,140.94,0,1
Resort Hotel,1,277,2017,August,34,20,2,5,2,0.0,0,HB,PRT,Online TA,TA/TO,0,0,0,A,A,0,No Deposit,242.0,0,Transient,165.37,0,1
Resort Hotel,1,143,2017,August,34,20,2,5,2,0.0,0,BB,PRT,Online TA,TA/TO,0,0,0,D,D,0,No Deposit,241.0,0,Transient,174.04,0,1
Resort Hotel,1,60,2017,August,34,20,4,7,2,0.0,0,BB,AGO,Online TA,TA/TO,0,0,0,E,E,0,No Deposit,240.0,0,Transient,255.45,0,3
Resort Hotel,1,60,2017,August,34,20,4,7,2,0.0,0,BB,AGO,Online TA,TA/TO,0,0,0,E,E,0,No Deposit,240.0,0,Transient,255.45,0,3
Resort Hotel,1,106,2017,August,34,20,4,9,2,0.0,0,BB,CHE,Online TA,TA/TO,0,0,0,D,D,0,No Deposit,240.0,0,Transient,234.62,0,1
Resort Hotel,1,195,2017,August,34,20,4,9,2,0.0,0,BB,CHE,Online TA,TA/TO,0,0,0,D,D,1,No Deposit,240.0,0,Transient,180.0,0,0
Resort Hotel,1,83,2017,August,34,20,6,13,2,0.0,0,BB,PRT,Online TA,TA/TO,0,0,0,A,A,0,No Deposit,241.0,0,Transient,204.74,0,1
Resort Hotel,1,25,2017,August,34,21,1,2,2,0.0,0,BB,CN,Online TA,TA/TO,0,0,0,E,E,0,No Deposit,240.0,0,Transient,270.0,0,1
Resort Hotel,1,193,2017,August,34,21,1,2,2,0.0,0,HB,PRT,Offline TA/TO,TA/TO,0,0,0,A,A,0,No Deposit,315.0,0,Contract,130.05,0,0
Resort Hotel,1,197,2017,August,34,21,1,2,2,0.0,0,BB,FRA,Online TA,TA/TO,0,0,0,A,A,0,No Deposit,240.0,0,Transient,160.0,0,0
Resort Hotel,1,38,2017,August,34,21,1,3,2,0.0,0,HB,PRT,Online TA,TA/TO,0,0,0,A,A,0,No Deposit,241.0,0,Transient,199.12,0,1
Resort Hotel,1,34,2017,August,34,21,1,3,2,0.0,0,BB,PRT,Online TA,TA/TO,0,0,0,E,E,0,No Deposit,240.0,0,Transient,270.0,0,3
Resort Hotel,1,206,2017,August,34,21,1,3,2,0.0,0,BB,GBR,Online TA,TA/TO,0,0,0,A,A,0,No Deposit,240.0,0,Transient,160.0,0,0
Resort Hotel,1,189,2017,August,34,21,1,4,2,0.0,0,BB,ESP,Online TA,TA/TO,0,0,0,A,A,0,No Deposit,240.0,0,Transient,160.0,0,1
Resort Hotel,1,12,2017,August,34,21,1,4,2,0.0,0,HB,PRT,Online TA,TA/TO,0,0,0,A,A,0,No Deposit,240.0,0,Transient,242.0,0,0
Resort Hotel,1,238,2017,August,34,21,1,5,2,0.0,0,BB,PRT,Online TA,TA/TO,0,0,0,A,A,0,No Deposit,240.0,0,Transient,153.75,0,1
Resort Hotel,1,29,2017,August,34,21,1,5,2,0.0,0,BB,IRL,Online TA,TA/TO,0,0,0,A,A,0,No Deposit,240.0,0,Transient,230.0,0,1
Resort Hotel,1,233,2017,August,34,21,1,5,2,0.0,0,BB,IRL,Online TA,TA/TO,0,0,0,A,A,0,No Deposit,240.0,0,Transient,153.75,0,2
Resort Hotel,1,144,2017,August,34,21,2,5,2,0.0,0,HB,FRA,Online TA,TA/TO,0,0,0,E,E,0,No Deposit,240.0,0,Transient,278.14,0,1
Resort Hotel,1,204,2017,August,34,21,2,5,2,0.0,0,HB,ESP,Online TA,TA/TO,0,0,0,A,A,0,No Deposit,240.0,0,Transient,191.14,0,0
Resort Hotel,1,3,2017,August,34,22,0,1,2,0.0,0,BB,PRT,Online TA,TA/TO,0,0,0,D,E,0,No Deposit,306.0,0,Transient,125.46,0,0
Resort Hotel,1,49,2017,August,34,22,0,2,2,0.0,0,BB,ESP,Online TA,TA/TO,0,0,0,A,A,0,No Deposit,240.0,0,Transient,230.0,0,2
Resort Hotel,1,157,2017,August,34,22,0,4,2,0.0,0,BB,GBR,Direct,Direct,0,0,0,F,F,0,No Deposit,250.0,0,Transient,237.5,0,0
Resort Hotel,1,58,2017,August,34,23,0,4,2,0.0,0,HB,PRT,Online TA,TA/TO,0,0,0,D,D,0,No Deposit,177.0,0,Transient,225.6,0,0
Resort Hotel,1,43,2017,August,34,23,0,4,2,0.0,0,BB,ESP,Online TA,TA/TO,0,0,0,E,E,0,No Deposit,240.0,0,Transient,270.0,0,1
Resort Hotel,1,212,2017,August,34,23,0,4,2,0.0,0,BB,ESP,Online TA,TA/TO,0,0,0,E,E,0,No Deposit,240.0,0,Transient,192.0,0,0
Resort Hotel,1,24,2017,August,34,23,2,4,2,0.0,0,BB,AGO,Online TA,TA/TO,0,0,0,A,A,0,No Deposit,240.0,0,Transient,216.67,0,1
Resort Hotel,1,209,2017,August,34,23,2,4,2,0.0,0,BB,PRT,Online TA,TA/TO,0,0,0,A,A,1,No Deposit,240.0,0,Transient,158.0,0,1
Resort Hotel,1,223,2017,August,34,23,2,5,2,0.0,0,HB,RUS,Online TA,TA/TO,0,0,0,E,E,0,No Deposit,240.0,0,Transient,222.0,0,2
Resort Hotel,1,156,2017,August,34,23,2,5,2,0.0,0,BB,IRL,Online TA,TA/TO,0,0,0,E,E,0,No Deposit,240.0,0,Transient,225.71,0,1
Resort Hotel,1,156,2017,August,34,23,2,5,2,0.0,0,BB,IRL,Online TA,TA/TO,0,0,0,D,D,0,No Deposit,240.0,0,Transient,205.71,0,1
Resort Hotel,1,223,2017,August,34,23,2,5,2,0.0,0,HB,RUS,Online TA,TA/TO,0,0,0,D,D,2,No Deposit,240.0,0,Transient,204.0,0,2
Resort Hotel,1,95,2017,August,34,23,2,5,2,0.0,0,BB,DEU,Online TA,TA/TO,0,0,0,D,D,0,No Deposit,240.0,0,Transient,238.57,0,1
Resort Hotel,1,77,2017,August,34,24,0,3,2,0.0,0,BB,PRT,Offline TA/TO,TA/TO,0,0,0,A,A,0,Non Refund,,0,Transient,198.0,0,0
Resort Hotel,1,77,2017,August,34,24,0,3,2,0.0,0,BB,PRT,Offline TA/TO,TA/TO,0,0,0,A,A,0,Non Refund,,0,Transient,198.0,0,0
Resort Hotel,1,77,2017,August,34,24,0,3,2,0.0,0,BB,PRT,Offline TA/TO,TA/TO,0,0,0,A,A,0,Non Refund,,0,Transient,198.0,0,0
Resort Hotel,1,77,2017,August,34,24,0,3,2,0.0,0,BB,PRT,Offline TA/TO,TA/TO,0,0,0,A,A,0,Non Refund,,0,Transient,198.0,0,0
Resort Hotel,1,77,2017,August,34,24,0,3,2,0.0,0,BB,PRT,Offline TA/TO,TA/TO,0,0,0,A,A,0,Non Refund,,0,Transient,198.0,0,0
Resort Hotel,1,111,2017,August,34,24,0,3,2,0.0,0,BB,ESP,Online TA,TA/TO,0,0,0,A,A,0,No Deposit,240.0,0,Transient,230.0,0,1
Resort Hotel,1,77,2017,August,34,24,0,3,2,0.0,0,BB,PRT,Offline TA/TO,TA/TO,0,0,0,A,A,0,Non Refund,,0,Transient,198.0,0,0
Resort Hotel,1,77,2017,August,34,24,0,3,2,0.0,0,BB,PRT,Offline TA/TO,TA/TO,0,0,0,A,A,0,Non Refund,,0,Transient,198.0,0,0
Resort Hotel,1,77,2017,August,34,24,0,3,2,0.0,0,BB,PRT,Offline TA/TO,TA/TO,0,0,0,A,A,0,Non Refund,,0,Transient,198.0,0,0
Resort Hotel,1,60,2017,August,34,24,1,3,2,0.0,0,HB,ESP,Online TA,TA/TO,0,0,0,A,A,0,No Deposit,240.0,0,Transient,252.0,0,0
Resort Hotel,1,44,2017,August,34,24,1,3,2,0.0,0,BB,GBR,Online TA,TA/TO,0,0,0,D,D,0,No Deposit,240.0,0,Transient,240.0,0,1
Resort Hotel,1,338,2017,August,34,24,1,3,2,0.0,0,HB,ESP,Online TA,TA/TO,0,0,0,A,A,0,No Deposit,240.0,0,Transient,181.11,0,1
Resort Hotel,1,197,2017,August,34,24,1,3,2,0.0,0,BB,IRL,Online TA,TA/TO,0,0,0,E,E,0,No Deposit,240.0,0,Transient,198.0,0,1
Resort Hotel,1,77,2017,August,34,24,0,3,2,0.0,0,BB,PRT,Offline TA/TO,TA/TO,0,0,0,A,A,0,Non Refund,,0,Transient,198.0,0,0
Resort Hotel,1,77,2017,August,34,24,0,3,2,0.0,0,BB,PRT,Offline TA/TO,TA/TO,0,0,0,A,A,0,Non Refund,,0,Transient,198.0,0,0
Resort Hotel,1,20,2017,August,34,24,1,3,2,0.0,0,BB,GBR,Online TA,TA/TO,0,0,0,E,E,0,No Deposit,240.0,0,Transient,255.0,0,1
Resort Hotel,1,71,2017,August,34,24,1,3,2,0.0,0,BB,ESP,Online TA,TA/TO,0,0,0,A,A,0,No Deposit,240.0,0,Transient,220.0,0,0
Resort Hotel,1,338,2017,August,34,24,1,3,2,0.0,0,HB,ESP,Online TA,TA/TO,0,0,0,E,E,0,No Deposit,240.0,0,Transient,201.6,0,1
Resort Hotel,1,144,2017,August,34,24,2,4,2,0.0,0,BB,CHE,Online TA,TA/TO,0,0,0,A,A,0,No Deposit,240.0,0,Transient,199.0,0,0
Resort Hotel,1,237,2017,August,34,24,2,4,2,0.0,0,BB,GBR,Online TA,TA/TO,0,0,0,A,A,0,No Deposit,240.0,0,Transient,153.75,0,1
Resort Hotel,1,58,2017,August,34,24,2,5,2,0.0,0,HB,PRT,Online TA,TA/TO,0,0,0,A,A,0,No Deposit,240.0,0,Transient,239.14,0,0
Resort Hotel,1,60,2017,August,34,25,0,1,2,0.0,0,BB,ESP,Online TA,TA/TO,0,0,0,A,A,0,No Deposit,240.0,0,Transient,207.0,0,1
Resort Hotel,1,26,2017,August,34,25,1,2,2,0.0,0,BB,ESP,Online TA,TA/TO,0,0,0,A,A,0,No Deposit,240.0,0,Transient,216.67,0,1
Resort Hotel,1,31,2017,August,34,25,2,2,2,0.0,0,BB,GIB,Online TA,TA/TO,0,0,0,E,E,1,No Deposit,240.0,0,Transient,250.0,0,2
Resort Hotel,1,150,2017,August,34,25,2,3,2,0.0,0,HB,ESP,Online TA,TA/TO,0,0,0,A,A,0,No Deposit,240.0,0,Transient,229.0,0,1
Resort Hotel,1,253,2017,August,34,25,2,4,2,0.0,0,BB,ESP,Online TA,TA/TO,0,0,0,A,A,0,No Deposit,240.0,0,Transient,153.75,0,1
Resort Hotel,1,253,2017,August,34,25,2,4,2,0.0,0,BB,ESP,Online TA,TA/TO,0,0,0,A,A,0,No Deposit,240.0,0,Transient,153.75,0,2
Resort Hotel,1,110,2017,August,34,25,2,3,2,0.0,0,BB,IRL,Online TA,TA/TO,0,0,0,A,A,0,No Deposit,240.0,0,Transient,214.0,0,0
Resort Hotel,1,253,2017,August,34,25,2,4,2,0.0,0,BB,ESP,Online TA,TA/TO,0,0,0,A,A,0,No Deposit,240.0,0,Transient,153.75,0,1
Resort Hotel,1,0,2017,August,34,26,0,1,2,0.0,0,BB,PRT,Direct,Direct,0,0,0,G,G,0,No Deposit,,0,Transient,235.0,0,0
Resort Hotel,1,17,2017,August,34,26,1,1,2,0.0,0,BB,USA,Online TA,TA/TO,0,0,0,D,D,0,No Deposit,240.0,0,Transient,240.0,0,2
Resort Hotel,1,45,2017,August,34,26,2,1,2,0.0,0,BB,CHL,Online TA,TA/TO,0,0,0,E,E,0,No Deposit,240.0,0,Transient,243.33,0,1
Resort Hotel,1,204,2017,August,34,26,2,1,2,0.0,0,HB,PRT,Online TA,TA/TO,0,0,0,A,A,1,No Deposit,314.0,0,Transient,140.4,0,0
Resort Hotel,1,191,2017,August,34,26,2,2,2,0.0,0,FB,PRT,Offline TA/TO,TA/TO,0,0,0,A,A,0,No Deposit,6.0,0,Transient,173.0,0,0
Resort Hotel,1,80,2017,August,34,26,2,2,2,0.0,0,BB,PRT,Offline TA/TO,TA/TO,0,0,0,D,D,0,No Deposit,40.0,0,Contract,135.0,0,1
Resort Hotel,1,80,2017,August,34,26,2,2,2,0.0,0,BB,PRT,Offline TA/TO,TA/TO,0,0,0,D,D,0,No Deposit,40.0,0,Contract,135.0,0,1
Resort Hotel,1,25,2017,August,34,26,2,3,2,0.0,0,BB,PRT,Online TA,TA/TO,0,0,0,E,E,0,No Deposit,242.0,0,Transient,242.0,0,2
Resort Hotel,1,17,2017,August,34,26,2,4,2,0.0,0,HB,PRT,Direct,Direct,0,0,0,C,C,1,No Deposit,250.0,0,Transient,262.38,0,0
Resort Hotel,1,184,2017,August,34,26,2,5,2,0.0,0,FB,PRT,Offline TA/TO,TA/TO,0,0,0,A,A,0,No Deposit,8.0,0,Transient,173.0,0,0
Resort Hotel,1,90,2017,August,34,26,2,5,2,0.0,0,BB,GBR,Online TA,TA/TO,0,0,0,A,A,1,No Deposit,240.0,0,Transient,201.43,0,1
Resort Hotel,1,17,2017,August,34,26,2,5,2,0.0,0,BB,IRL,Online TA,TA/TO,0,0,0,A,A,1,No Deposit,240.0,0,Transient,194.29,0,1
Resort Hotel,1,40,2017,August,34,26,2,5,2,0.0,0,HB,ESP,Direct,Direct,0,0,0,F,F,0,No Deposit,250.0,0,Transient,293.86,0,0
Resort Hotel,1,191,2017,August,34,26,2,6,2,0.0,0,HB,PRT,Online TA,TA/TO,0,0,0,A,A,0,No Deposit,240.0,0,Transient,202.0,0,1
Resort Hotel,1,181,2017,August,34,26,4,10,2,0.0,0,BB,RUS,Online TA,TA/TO,0,0,0,E,E,0,No Deposit,240.0,0,Transient,205.14,0,0
Resort Hotel,1,73,2017,August,35,27,1,0,2,0.0,0,BB,PRT,Online TA,TA/TO,0,0,0,A,A,0,No Deposit,240.0,0,Transient,190.0,0,0
Resort Hotel,1,220,2017,August,35,27,1,0,2,0.0,0,BB,PRT,Offline TA/TO,TA/TO,0,0,0,D,D,1,No Deposit,251.0,0,Transient-Party,128.7,0,0
Resort Hotel,1,50,2017,August,35,27,2,0,2,0.0,0,HB,PRT,Online TA,TA/TO,0,0,0,D,D,0,No Deposit,240.0,0,Transient,242.0,0,0
Resort Hotel,1,344,2017,August,35,27,2,1,2,0.0,0,HB,ESP,Online TA,TA/TO,0,0,0,A,A,0,No Deposit,240.0,0,Transient,185.75,0,0
Resort Hotel,1,140,2017,August,35,27,2,1,2,0.0,0,BB,BEL,Online TA,TA/TO,0,0,0,E,E,0,No Deposit,240.0,0,Transient,229.0,0,1
Resort Hotel,1,61,2017,August,35,27,2,2,2,0.0,0,HB,ESP,Online TA,TA/TO,0,0,0,A,A,0,No Deposit,240.0,0,Transient,222.0,0,2
Resort Hotel,1,99,2017,August,35,27,2,4,2,0.0,0,BB,ESP,Online TA,TA/TO,0,0,0,E,E,0,No Deposit,240.0,0,Transient,236.67,0,1
Resort Hotel,1,20,2017,August,35,27,2,5,2,0.0,0,HB,PRT,Offline TA/TO,TA/TO,0,0,0,E,E,0,No Deposit,11.0,0,Transient,182.0,0,1
Resort Hotel,1,216,2017,August,35,27,2,5,2,0.0,0,BB,PRT,Online TA,TA/TO,0,0,0,A,A,0,No Deposit,175.0,0,Transient,110.7,0,0
Resort Hotel,1,20,2017,August,35,27,2,5,2,0.0,0,HB,PRT,Offline TA/TO,TA/TO,0,0,0,E,E,0,No Deposit,11.0,0,Transient,182.0,0,1
Resort Hotel,1,327,2017,August,35,27,2,5,2,0.0,0,HB,DEU,Online TA,TA/TO,0,0,0,A,A,0,No Deposit,240.0,0,Transient,167.18,0,1
Resort Hotel,1,305,2017,August,35,27,4,6,2,0.0,0,BB,PRT,Offline TA/TO,TA/TO,0,0,0,E,E,0,No Deposit,40.0,0,Transient,131.4,0,2
Resort Hotel,1,56,2017,August,35,28,1,1,2,0.0,0,BB,PRT,Online TA,TA/TO,0,0,0,A,A,0,No Deposit,5.0,0,Transient,152.0,0,0
Resort Hotel,1,98,2017,August,35,28,1,1,2,0.0,0,BB,ESP,Online TA,TA/TO,0,0,0,A,A,2,No Deposit,240.0,0,Transient,190.0,0,1
Resort Hotel,1,48,2017,August,35,28,1,1,2,0.0,0,BB,BRA,Online TA,TA/TO,0,0,0,E,E,0,No Deposit,240.0,0,Transient,230.0,0,0
Resort Hotel,1,56,2017,August,35,28,1,1,2,0.0,0,BB,PRT,Online TA,TA/TO,0,0,0,A,A,0,No Deposit,5.0,0,Transient,152.0,0,0
Resort Hotel,1,98,2017,August,35,28,1,1,2,0.0,0,BB,ESP,Online TA,TA/TO,0,0,0,A,A,2,No Deposit,240.0,0,Transient,190.0,0,1
Resort Hotel,1,98,2017,August,35,28,1,1,2,0.0,0,BB,ESP,Online TA,TA/TO,0,0,0,A,A,2,No Deposit,240.0,0,Transient,190.0,0,1
Resort Hotel,1,56,2017,August,35,28,1,1,2,0.0,0,BB,PRT,Online TA,TA/TO,0,0,0,A,A,0,No Deposit,5.0,0,Transient,152.0,0,0
Resort Hotel,1,53,2017,August,35,28,1,2,2,0.0,0,BB,ESP,Online TA,TA/TO,0,0,0,A,A,0,No Deposit,240.0,0,Transient,190.0,0,2
Resort Hotel,1,63,2017,August,35,28,1,2,2,0.0,0,HB,GIB,Online TA,TA/TO,0,0,0,A,A,0,No Deposit,240.0,0,Transient,236.0,0,2
Resort Hotel,1,152,2017,August,35,28,1,3,2,0.0,0,BB,PRT,Offline TA/TO,TA/TO,0,0,0,D,D,0,No Deposit,95.0,0,Transient,141.0,0,0
Resort Hotel,1,61,2017,August,35,28,1,3,2,0.0,0,BB,ESP,Online TA,TA/TO,0,0,0,A,A,0,No Deposit,240.0,0,Transient,190.0,0,0
Resort Hotel,1,35,2017,August,35,28,1,3,2,0.0,0,BB,ESP,Online TA,TA/TO,0,0,0,E,E,0,No Deposit,240.0,0,Transient,230.0,0,1
Resort Hotel,1,14,2017,August,35,28,1,3,2,0.0,0,HB,ESP,Online TA,TA/TO,0,0,0,A,A,0,No Deposit,240.0,0,Transient,218.25,0,1
Resort Hotel,1,73,2017,August,35,28,1,4,2,0.0,0,BB,ESP,Online TA,TA/TO,0,0,0,D,D,0,No Deposit,240.0,0,Transient,206.0,0,2
Resort Hotel,1,175,2017,August,35,28,1,4,2,0.0,0,BB,ESP,Online TA,TA/TO,0,0,0,E,E,0,No Deposit,240.0,0,Transient,230.0,0,2
Resort Hotel,1,73,2017,August,35,28,1,4,2,0.0,0,BB,ESP,Online TA,TA/TO,0,0,0,D,D,0,No Deposit,240.0,0,Transient,206.0,0,2
Resort Hotel,1,65,2017,August,35,28,1,4,2,0.0,0,BB,PRT,Online TA,TA/TO,0,0,0,A,A,0,No Deposit,240.0,0,Transient,186.0,0,0
Resort Hotel,1,222,2017,August,35,28,1,4,2,0.0,0,HB,GBR,Online TA,TA/TO,0,0,0,D,D,0,No Deposit,240.0,0,Transient,206.0,0,1
Resort Hotel,1,175,2017,August,35,28,1,4,2,0.0,0,BB,ESP,Online TA,TA/TO,0,0,0,E,E,0,Refundable,240.0,0,Transient,230.0,0,2
Resort Hotel,1,80,2017,August,35,28,1,5,2,0.0,0,HB,PRT,Online TA,TA/TO,0,0,0,A,A,0,No Deposit,240.0,0,Transient,215.33,0,1
Resort Hotel,1,54,2017,August,35,28,1,5,2,0.0,0,HB,FRA,Online TA,TA/TO,0,0,0,A,A,0,No Deposit,240.0,0,Transient,215.33,0,1
Resort Hotel,1,80,2017,August,35,28,1,5,2,0.0,0,HB,PRT,Online TA,TA/TO,0,0,0,A,A,0,No Deposit,240.0,0,Transient,215.33,0,1
Resort Hotel,1,59,2017,August,35,28,2,5,2,0.0,0,BB,IRL,Online TA,TA/TO,0,0,0,D,D,0,No Deposit,240.0,0,Transient,201.43,0,2
Resort Hotel,1,77,2017,August,35,28,2,5,2,0.0,0,HB,PRT,Offline TA/TO,TA/TO,0,0,0,D,D,0,No Deposit,69.0,0,Transient,163.0,0,0
Resort Hotel,1,59,2017,August,35,28,3,5,2,0.0,0,BB,ESP,Online TA,TA/TO,0,0,0,A,A,0,No Deposit,240.0,0,Transient,180.0,0,0
Resort Hotel,1,237,2017,August,35,28,3,7,2,0.0,0,HB,PRT,Online TA,TA/TO,0,0,0,A,A,0,No Deposit,240.0,0,Transient,180.38,0,0
Resort Hotel,1,18,2017,August,35,28,3,8,2,0.0,0,BB,PRT,Offline TA/TO,TA/TO,0,0,0,E,E,0,No Deposit,40.0,0,Group,140.0,0,0
Resort Hotel,1,205,2017,August,35,29,0,2,2,0.0,0,BB,ESP,Online TA,TA/TO,0,0,0,D,D,3,No Deposit,240.0,0,Transient,210.0,0,3
Resort Hotel,1,29,2017,August,35,29,0,3,2,0.0,0,BB,PRT,Direct,Direct,0,0,0,A,A,0,No Deposit,250.0,0,Transient,194.0,0,0
Resort Hotel,1,32,2017,August,35,29,0,3,2,0.0,0,BB,GBR,Online TA,TA/TO,0,0,0,E,E,0,No Deposit,240.0,0,Transient,225.0,0,1
Resort Hotel,1,35,2017,August,35,29,0,3,2,0.0,0,BB,PRT,Direct,Direct,0,0,0,A,C,1,No Deposit,250.0,0,Transient,185.0,0,1
Resort Hotel,1,29,2017,August,35,29,0,3,2,0.0,0,BB,PRT,Direct,Direct,0,0,0,A,A,0,No Deposit,250.0,0,Transient,180.0,0,0
Resort Hotel,1,75,2017,August,35,29,0,3,2,0.0,0,BB,GIB,Online TA,TA/TO,0,0,0,D,D,0,No Deposit,240.0,0,Transient,210.0,0,1
Resort Hotel,1,114,2017,August,35,29,0,4,2,0.0,0,BB,ESP,Online TA,TA/TO,0,0,0,A,A,0,No Deposit,240.0,0,Transient,190.0,0,1
Resort Hotel,1,19,2017,August,35,29,2,5,2,0.0,0,HB,PRT,Offline TA/TO,TA/TO,0,0,0,D,D,0,No Deposit,40.0,0,Group,163.0,0,0
Resort Hotel,1,160,2017,August,35,29,2,6,2,0.0,0,BB,CHE,Online TA,TA/TO,0,0,0,E,E,0,No Deposit,240.0,0,Transient,212.5,0,0
Resort Hotel,1,148,2017,August,35,29,2,5,2,0.0,0,BB,PRT,Offline TA/TO,TA/TO,0,0,0,D,D,0,No Deposit,40.0,0,Contract,135.0,0,0
Resort Hotel,1,73,2017,August,35,30,0,2,2,0.0,0,BB,BHR,Online TA,TA/TO,0,0,0,A,A,4,No Deposit,240.0,0,Transient,190.0,0,1
Resort Hotel,1,98,2017,August,35,30,0,3,2,0.0,0,BB,BRA,Online TA,TA/TO,0,0,0,D,D,0,No Deposit,240.0,0,Transient,210.0,0,1
Resort Hotel,1,54,2017,August,35,30,0,3,2,0.0,0,BB,PRT,Offline TA/TO,TA/TO,0,0,0,D,D,0,No Deposit,177.0,0,Group,141.0,0,1
Resort Hotel,1,50,2017,August,35,30,0,3,2,0.0,0,BB,PRT,Offline TA/TO,TA/TO,0,0,0,D,D,0,No Deposit,177.0,0,Group,141.0,0,0
Resort Hotel,1,98,2017,August,35,30,0,3,2,0.0,0,BB,BRA,Online TA,TA/TO,0,0,0,D,D,0,No Deposit,240.0,0,Transient,210.0,0,1
Resort Hotel,1,51,2017,August,35,30,0,4,2,0.0,0,BB,ESP,Online TA,TA/TO,0,0,0,A,A,0,No Deposit,240.0,0,Transient,180.0,0,1
Resort Hotel,1,60,2017,August,35,30,1,4,2,0.0,0,BB,ESP,Online TA,TA/TO,0,0,0,A,A,0,No Deposit,240.0,0,Transient,178.0,0,0
Resort Hotel,1,207,2017,August,35,30,2,4,2,0.0,0,BB,IRL,Online TA,TA/TO,0,0,0,A,A,0,No Deposit,240.0,0,Transient,152.33,0,1
Resort Hotel,1,62,2017,August,35,30,2,5,2,0.0,0,BB,IRL,Online TA,TA/TO,0,0,0,A,A,0,No Deposit,240.0,0,Transient,175.71,0,0
Resort Hotel,1,45,2017,August,35,31,0,1,2,0.0,0,BB,PRT,Direct,Direct,0,0,0,A,A,0,No Deposit,250.0,0,Transient,185.0,0,0
Resort Hotel,1,24,2017,August,35,31,0,1,2,0.0,0,HB,PRT,Direct,Direct,0,0,0,A,A,0,No Deposit,,0,Transient-Party,202.0,0,4
Resort Hotel,1,17,2017,August,35,31,0,3,2,0.0,0,HB,ESP,Online TA,TA/TO,0,0,0,A,A,0,No Deposit,240.0,0,Transient,207.0,0,2
Resort Hotel,1,17,2017,August,35,31,0,3,2,0.0,0,HB,ESP,Online TA,TA/TO,0,0,0,A,A,0,No Deposit,240.0,0,Transient,207.0,0,2
Resort Hotel,1,70,2017,August,35,31,0,3,2,0.0,0,BB,ESP,Online TA,TA/TO,0,0,0,D,D,0,No Deposit,240.0,0,Transient,196.67,0,1
Resort Hotel,1,112,2017,August,35,31,0,3,2,0.0,0,BB,CN,Online TA,TA/TO,0,0,0,E,E,0,No Deposit,240.0,0,Transient,230.0,0,0
Resort Hotel,1,45,2017,August,35,31,2,3,2,0.0,0,BB,GBR,Online TA,TA/TO,0,0,0,A,A,0,No Deposit,240.0,0,Transient,174.0,0,1
Resort Hotel,1,184,2017,August,35,31,2,5,2,0.0,0,BB,AUT,Online TA,TA/TO,0,0,0,E,E,0,No Deposit,240.0,0,Transient,200.86,0,1
Resort Hotel,1,29,2017,August,35,31,2,5,2,0.0,0,BB,DEU,Online TA,TA/TO,0,0,0,A,A,0,No Deposit,240.0,0,Transient,175.0,0,0
Resort Hotel,0,66,2015,September,39,26,4,6,2,0.0,0,HB,,Direct,Direct,0,0,0,E,E,1,No Deposit,,0,Transient,115.0,1,2
Resort Hotel,1,71,2016,July,29,14,3,8,2,0.0,0,HB,,Direct,Direct,0,1,1,E,E,1,No Deposit,,0,Transient,126.6,0,1
Resort Hotel,0,8,2016,September,40,27,0,2,2,0.0,0,BB,PRT,Corporate,Corporate,0,1,3,A,A,0,No Deposit,,0,Transient,65.0,0,0
Resort Hotel,0,118,2015,July,27,1,4,10,2,0.0,0,BB,,Direct,Direct,0,0,0,E,E,3,No Deposit,,0,Transient,80.0,1,1
Resort Hotel,0,32,2015,September,37,6,2,4,2,0.0,0,BB,PRT,Direct,Direct,0,0,1,D,D,1,No Deposit,,0,Transient,129.5,1,2
Resort Hotel,0,137,2016,September,37,4,2,3,2,0.0,0,BB,PRT,Direct,Direct,0,0,2,E,E,3,No Deposit,,0,Transient,171.0,1,3
Resort Hotel,0,105,2015,December,53,29,0,3,2,0.0,0,HB,,Direct,Direct,0,0,1,E,E,0,No Deposit,,0,Transient,70.15,0,2
Resort Hotel,0,105,2015,December,53,29,0,3,2,0.0,0,HB,PRT,Direct,Direct,0,0,1,E,E,0,No Deposit,,0,Transient,169.48,1,2
Resort Hotel,0,52,2016,March,13,25,1,2,2,0.0,0,BB,,Direct,Direct,0,0,3,E,E,0,No Deposit,250.0,0,Transient,93.67,1,2
Resort Hotel,0,81,2016,December,53,31,1,1,2,0.0,0,BB,,Direct,Direct,0,0,4,E,E,0,No Deposit,,0,Transient,217.5,1,2
Resort Hotel,0,89,2017,April,15,15,1,1,2,0.0,0,BB,PRT,Direct,Direct,0,0,5,E,E,0,No Deposit,,0,Transient,90.0,1,2
Resort Hotel,0,78,2015,August,31,1,1,1,2,0.0,0,BB,PRT,Direct,Direct,0,0,0,F,F,1,No Deposit,,0,Transient,150.0,1,2
Resort Hotel,0,110,2016,August,32,2,3,10,2,0.0,0,BB,PRT,Direct,Direct,0,0,1,E,F,1,No Deposit,,0,Transient,196.0,1,3
Resort Hotel,0,134,2017,August,31,1,2,10,2,0.0,0,BB,PRT,Direct,Direct,0,0,2,F,F,0,No Deposit,250.0,0,Transient,223.5,1,4
Resort Hotel,0,9,2015,August,35,24,1,3,2,0.0,0,HB,PRT,Direct,Direct,0,0,0,G,G,2,No Deposit,,0,Transient,205.0,0,0
Resort Hotel,1,92,2016,July,29,16,4,6,2,0.0,0,HB,PRT,Direct,Direct,0,1,1,E,E,0,No Deposit,,0,Transient,195.0,0,0
Resort Hotel,0,7,2016,October,41,3,1,1,2,0.0,0,BB,,Corporate,Corporate,0,0,0,A,D,0,No Deposit,,0,Transient,50.0,0,0
Resort Hotel,0,3,2017,January,5,29,2,0,2,0.0,0,BB,PRT,Corporate,Corporate,0,1,6,A,A,4,No Deposit,,0,Transient,5.0,0,0
Resort Hotel,0,0,2016,January,4,18,1,0,2,0.0,0,BB,,Direct,Direct,0,0,0,A,D,0,No Deposit,,0,Transient,44.0,0,0
Resort Hotel,0,0,2017,January,3,16,1,0,2,0.0,0,BB,,Direct,Direct,0,0,1,A,F,0,No Deposit,250.0,0,Transient,56.0,0,1
Resort Hotel,0,2,2015,July,30,21,0,2,2,0.0,0,BB,,Direct,Direct,0,0,1,G,G,0,No Deposit,,0,Transient,50.0,1,0
Resort Hotel,0,0,2016,November,47,18,0,2,2,0.0,0,BB,,Direct,Direct,0,0,4,D,G,0,No Deposit,,0,Transient,60.0,1,3
Resort Hotel,0,2,2016,April,15,6,0,1,2,0.0,0,BB,PRT,Direct,Direct,0,0,3,A,D,0,No Deposit,,0,Transient,56.4,1,0
Resort Hotel,0,39,2016,July,29,12,0,1,2,0.0,0,BB,PRT,Offline TA/TO,Direct,0,0,4,A,C,1,No Deposit,126.0,0,Transient,132.0,1,0
Resort Hotel,0,2,2016,June,23,1,0,1,2,0.0,0,BB,PRT,Corporate,Corporate,0,1,6,A,C,0,No Deposit,,0,Transient,71.0,1,2
Resort Hotel,0,0,2017,March,11,14,0,1,2,0.0,0,BB,PRT,Corporate,Corporate,0,1,11,A,G,1,No Deposit,,0,Transient,55.0,1,2
Resort Hotel,0,5,2017,June,25,19,1,1,2,0.0,0,BB,PRT,Direct,Direct,0,0,0,A,A,0,No Deposit,,0,Transient,139.0,1,2
Resort Hotel,0,0,2017,January,4,23,1,1,2,0.0,0,BB,PRT,Direct,Direct,0,0,0,E,E,0,No Deposit,,0,Transient,60.0,0,0
Resort Hotel,0,16,2016,September,37,9,2,4,2,0.0,0,BB,PRT,Direct,Direct,0,0,0,F,F,0,No Deposit,250.0,0,Transient,152.1,0,0
Resort Hotel,0,236,2017,June,25,23,4,10,2,0.0,0,BB,PRT,Online TA,TA/TO,0,0,0,E,E,0,No Deposit,240.0,0,Transient,138.0,1,2
Resort Hotel,0,134,2017,April,15,13,0,3,2,0.0,0,HB,PRT,Offline TA/TO,TA/TO,0,0,0,D,D,1,No Deposit,3.0,0,Transient-Party,82.8,0,2
Resort Hotel,0,151,2015,July,31,31,2,7,2,0.0,0,BB,,Direct,Direct,0,0,0,G,F,0,No Deposit,,0,Transient,171.2,1,0
Resort Hotel,0,89,2015,August,35,29,2,2,2,0.0,0,BB,PRT,Direct,Direct,0,0,1,G,G,1,No Deposit,,0,Transient,161.0,1,0
Resort Hotel,0,136,2016,July,31,29,2,7,2,0.0,0,BB,PRT,Direct,Direct,0,0,2,E,E,0,No Deposit,,0,Transient,188.0,1,2
Resort Hotel,0,172,2016,September,36,3,2,2,2,0.0,0,BB,PRT,Direct,Direct,0,0,3,G,G,0,No Deposit,,0,Transient,179.0,1,1
Resort Hotel,0,157,2017,July,30,28,2,7,2,0.0,0,BB,PRT,Direct,Direct,0,0,4,E,E,0,No Deposit,,0,Transient,209.4,1,4
Resort Hotel,0,245,2015,September,36,3,4,12,2,0.0,0,BB,GBR,Direct,Direct,0,0,1,E,E,0,No Deposit,,0,Transient,70.0,0,0
Resort Hotel,0,12,2017,July,26,1,1,1,2,0.0,0,BB,PRT,Direct,Direct,0,0,0,A,A,0,No Deposit,250.0,0,Transient,169.0,1,1
Resort Hotel,1,0,2015,October,43,24,0,1,2,0.0,0,BB,,Corporate,Corporate,0,1,2,A,A,0,No Deposit,,0,Transient,53.0,0,2
Resort Hotel,0,4,2015,October,44,30,0,2,2,0.0,0,BB,,Corporate,Corporate,0,2,2,A,E,1,No Deposit,,0,Transient,40.0,1,2
Resort Hotel,0,5,2017,April,17,26,0,1,2,0.0,0,BB,PRT,Corporate,Corporate,0,2,11,A,E,1,No Deposit,,0,Transient,63.5,1,2
Resort Hotel,0,2,2016,June,25,13,2,5,2,0.0,0,BB,PRT,Direct,Direct,0,0,0,E,E,1,No Deposit,,0,Transient,122.86,0,1
Resort Hotel,0,0,2017,April,16,21,0,1,2,0.0,0,BB,PRT,Direct,Direct,0,0,0,A,A,1,No Deposit,,0,Transient,70.0,0,0
Resort Hotel,0,69,2015,December,53,30,0,4,2,0.0,0,BB,PRT,Direct,Direct,0,0,1,E,E,0,No Deposit,,0,Transient,136.0,1,2
Resort Hotel,0,87,2016,April,17,22,2,3,2,0.0,0,BB,PRT,Direct,Direct,0,0,2,E,E,1,No Deposit,250.0,0,Transient,80.8,1,2
Resort Hotel,0,0,2017,August,35,29,0,3,2,0.0,0,BB,PRT,Direct,Direct,0,0,0,E,E,3,No Deposit,,0,Transient,184.67,0,0
Resort Hotel,0,0,2016,September,39,24,1,1,2,0.0,0,BB,PRT,Direct,Direct,0,0,0,G,G,1,No Deposit,,0,Transient,167.5,0,0
Resort Hotel,0,0,2015,August,31,1,0,1,2,0.0,0,BB,,Direct,Direct,0,0,1,G,G,0,No Deposit,,0,Transient,200.0,1,1
Resort Hotel,0,1,2015,October,40,3,0,1,2,0.0,0,BB,,Direct,Direct,0,0,3,G,H,0,No Deposit,,0,Transient,99.0,1,2
Resort Hotel,0,0,2016,January,4,23,0,1,2,0.0,0,BB,,Direct,Direct,0,0,4,A,E,0,No Deposit,,0,Transient,58.0,1,2
Resort Hotel,0,1,2015,December,51,15,0,1,2,0.0,0,BB,,Corporate,Corporate,0,0,8,D,E,0,No Deposit,,0,Transient,35.0,0,1
Resort Hotel,0,1,2015,December,52,22,0,1,2,0.0,0,BB,,Corporate,Corporate,0,0,9,D,D,0,No Deposit,,0,Transient,50.0,0,2
Resort Hotel,0,0,2015,July,27,4,0,1,2,0.0,0,BB,PRT,Direct,Direct,0,0,0,D,D,0,No Deposit,,0,Transient,131.4,0,0
Resort Hotel,0,7,2016,October,45,31,1,2,2,0.0,0,HB,,Online TA,TA/TO,0,0,1,E,I,1,No Deposit,241.0,0,Transient,78.42,1,1
Resort Hotel,0,64,2016,November,45,3,2,5,2,0.0,0,HB,,Online TA,TA/TO,0,0,1,D,D,1,No Deposit,240.0,0,Transient,79.8,1,3
Resort Hotel,0,1,2017,January,5,31,0,1,2,0.0,0,BB,PRT,Online TA,TA/TO,0,0,0,A,D,0,No Deposit,240.0,0,Transient,48.0,0,0
Resort Hotel,0,0,2016,December,51,14,0,1,2,0.0,0,BB,PRT,Corporate,Corporate,0,0,0,A,D,0,No Deposit,16.0,0,Transient,39.0,0,0
Resort Hotel,0,0,2017,January,2,9,1,0,2,0.0,0,BB,PRT,Corporate,Corporate,0,0,1,A,A,1,No Deposit,16.0,0,Transient,40.0,0,0
Resort Hotel,0,0,2017,July,28,11,0,1,2,0.0,0,BB,PRT,Corporate,Corporate,0,0,2,A,D,1,No Deposit,,0,Transient,228.0,0,0
Resort Hotel,0,151,2017,April,14,4,0,5,2,0.0,0,BB,GBR,Groups,TA/TO,0,0,0,A,F,3,No Deposit,,0,Transient-Party,48.0,0,2
Resort Hotel,0,87,2017,April,15,13,1,3,2,0.0,0,HB,,Online TA,TA/TO,0,0,0,E,F,0,No Deposit,240.0,0,Transient,145.75,1,2
Resort Hotel,0,20,2016,June,25,12,2,0,2,0.0,0,HB,,Online TA,TA/TO,0,0,0,A,A,0,No Deposit,240.0,0,Transient,161.0,0,0
Resort Hotel,0,267,2016,July,27,2,2,5,2,0.0,0,HB,,Offline TA/TO,TA/TO,0,0,0,A,A,0,No Deposit,15.0,0,Transient,90.8,0,0
Resort Hotel,0,168,2017,July,26,1,2,2,2,0.0,0,HB,PRT,Offline TA/TO,TA/TO,0,0,1,D,E,0,No Deposit,177.0,0,Transient,111.6,0,2
Resort Hotel,0,109,2015,August,33,9,2,5,2,0.0,0,HB,,Offline TA/TO,TA/TO,0,0,0,D,D,0,No Deposit,105.0,0,Transient,172.38,0,0
Resort Hotel,0,52,2015,August,36,31,3,7,2,0.0,0,BB,,Direct,Direct,0,0,0,D,D,1,No Deposit,,0,Transient,113.0,0,0
Resort Hotel,0,67,2016,August,35,27,4,7,2,0.0,0,HB,PRT,Direct,Direct,0,0,1,F,F,4,No Deposit,,0,Transient,214.92,0,1
Resort Hotel,0,11,2016,July,29,10,5,10,2,0.0,0,BB,,Direct,Direct,0,0,0,A,I,2,No Deposit,,0,Transient,4.0,0,0
Resort Hotel,0,1,2016,January,1,1,0,2,2,0.0,0,BB,,Direct,Direct,0,0,0,A,D,0,No Deposit,,0,Transient,67.0,0,0
Resort Hotel,0,15,2015,November,48,27,1,2,2,0.0,0,BB,PRT,Online TA,TA/TO,0,0,0,A,A,0,No Deposit,240.0,0,Transient,43.2,0,0
Resort Hotel,0,6,2016,November,49,27,2,1,2,0.0,0,BB,PRT,Online TA,TA/TO,0,0,1,A,D,0,No Deposit,240.0,0,Transient,48.0,0,2
Resort Hotel,0,1,2017,February,5,4,1,1,2,0.0,0,BB,PRT,Direct,TA/TO,0,0,2,A,A,0,No Deposit,,0,Transient,48.0,0,3
Resort Hotel,0,6,2016,October,43,21,0,1,2,0.0,0,BB,PRT,Direct,Direct,0,0,0,A,A,0,No Deposit,,0,Transient,70.0,0,1
Resort Hotel,0,165,2016,August,33,13,2,6,2,0.0,0,BB,,Offline TA/TO,TA/TO,0,0,0,E,E,0,No Deposit,181.0,0,Transient,138.0,1,0
Resort Hotel,0,163,2017,August,32,12,2,5,2,0.0,0,BB,PRT,Offline TA/TO,TA/TO,0,0,1,D,D,0,No Deposit,181.0,0,Transient,172.0,1,2
Resort Hotel,0,91,2015,July,28,10,0,2,2,0.0,0,BB,,Online TA,TA/TO,0,0,0,E,E,0,No Deposit,240.0,0,Transient,107.0,1,2
Resort Hotel,0,119,2015,August,32,7,0,2,2,0.0,0,BB,,Online TA,TA/TO,0,0,1,E,E,0,No Deposit,240.0,0,Transient,164.0,1,2
Resort Hotel,0,137,2016,July,29,15,0,2,2,0.0,0,BB,,Online TA,TA/TO,0,0,2,E,E,0,No Deposit,,0,Transient,184.5,1,2
Resort Hotel,0,158,2016,August,32,5,0,2,2,0.0,0,BB,,Online TA,TA/TO,0,0,3,E,E,0,No Deposit,,0,Transient,212.0,1,2
Resort Hotel,0,124,2017,July,29,21,0,2,2,0.0,0,BB,PRT,Online TA,TA/TO,0,0,4,E,F,1,No Deposit,240.0,0,Transient,224.0,1,3
Resort Hotel,0,122,2017,August,31,4,0,2,2,0.0,0,BB,PRT,Online TA,TA/TO,0,0,5,D,D,0,No Deposit,240.0,0,Transient-Party,253.0,1,4
Resort Hotel,0,152,2017,August,33,18,0,2,2,0.0,0,BB,PRT,Online TA,TA/TO,0,0,6,E,F,0,No Deposit,240.0,0,Transient,254.0,1,4
Resort Hotel,0,65,2015,September,37,6,2,5,2,0.0,0,BB,,Online TA,TA/TO,0,0,0,A,A,0,No Deposit,240.0,0,Transient,131.0,1,1
Resort Hotel,0,167,2016,September,37,10,2,5,2,0.0,0,BB,,Online TA,TA/TO,0,0,1,A,C,0,No Deposit,240.0,0,Transient,148.14,1,1
Resort Hotel,0,237,2016,September,38,15,4,10,2,0.0,0,BB,GBR,Offline TA/TO,TA/TO,0,0,0,A,D,0,No Deposit,243.0,0,Contract,53.85,0,2
Resort Hotel,0,29,2016,September,38,12,1,3,2,0.0,0,BB,,Online TA,TA/TO,0,0,0,G,G,1,No Deposit,240.0,0,Transient,208.0,1,1
Resort Hotel,0,1,2016,September,40,26,1,2,2,0.0,0,BB,PRT,Direct,Direct,0,0,0,G,G,2,No Deposit,,0,Transient,146.0,1,1
Resort Hotel,0,8,2016,September,39,23,1,2,2,0.0,0,BB,,Offline TA/TO,TA/TO,0,0,0,D,D,0,No Deposit,446.0,0,Transient,103.5,0,0
Resort Hotel,0,127,2016,April,18,25,3,5,2,0.0,0,BB,IRL,Direct,Direct,0,0,1,E,E,2,No Deposit,,0,Transient,61.0,0,1
Resort Hotel,0,7,2016,September,40,29,0,1,2,0.0,0,BB,PRT,Direct,Corporate,0,0,1,A,A,2,No Deposit,,0,Transient,65.0,0,0
Resort Hotel,0,64,2016,December,53,28,2,6,2,0.0,0,BB,,Direct,Direct,0,0,0,E,E,2,No Deposit,,0,Transient,39.5,0,1
Resort Hotel,1,249,2016,December,52,20,2,5,2,0.0,0,BB,,Direct,Direct,0,1,0,E,E,1,No Deposit,,0,Transient,42.0,0,2
Resort Hotel,0,0,2017,April,15,11,0,1,2,0.0,0,BB,PRT,Direct,Direct,0,0,2,A,E,0,No Deposit,,0,Transient,86.5,0,0
Resort Hotel,0,5,2016,February,10,29,1,1,2,0.0,0,BB,,Direct,Direct,0,0,0,A,D,0,No Deposit,,0,Transient,45.0,0,1
Resort Hotel,0,25,2017,February,6,5,2,1,2,0.0,0,BB,,Direct,Direct,0,0,1,A,D,4,No Deposit,250.0,0,Transient,44.0,0,2
Resort Hotel,0,0,2016,February,6,6,1,1,2,0.0,0,BB,,Online TA,TA/TO,0,0,0,A,C,0,No Deposit,240.0,0,Transient,58.0,0,0
Resort Hotel,0,1,2017,January,3,21,0,1,2,0.0,0,BB,,Direct,Direct,0,0,0,E,E,0,No Deposit,,0,Transient,65.0,1,1
Resort Hotel,0,112,2017,March,9,2,2,5,2,0.0,0,HB,GBR,Direct,Direct,0,0,1,D,F,0,No Deposit,,0,Transient,73.0,0,1
Resort Hotel,0,0,2016,March,12,15,0,1,2,0.0,0,BB,,Direct,Direct,0,0,0,A,A,1,No Deposit,,0,Transient,40.0,0,0
Resort Hotel,0,8,2016,April,18,29,0,2,2,0.0,0,BB,PRT,Corporate,Corporate,0,0,2,E,E,0,No Deposit,,0,Transient,23.0,0,0
Resort Hotel,0,2,2016,July,31,30,2,1,2,0.0,0,BB,PRT,Direct,Corporate,0,0,3,D,F,0,No Deposit,,0,Transient,182.6,0,0
Resort Hotel,0,20,2016,September,40,30,0,2,2,0.0,0,BB,PRT,Direct,Corporate,0,0,4,F,F,1,No Deposit,,0,Transient,129.3,1,0
Resort Hotel,0,35,2017,April,17,27,0,2,2,0.0,0,BB,PRT,Direct,Corporate,0,0,6,F,F,0,No Deposit,,0,Transient,124.0,1,0
Resort Hotel,0,0,2017,January,1,7,1,1,2,0.0,0,BB,PRT,Direct,Direct,0,0,0,E,E,3,No Deposit,,0,Transient,64.0,1,0
Resort Hotel,0,134,2017,April,15,13,0,3,2,0.0,0,HB,PRT,Offline TA/TO,TA/TO,0,0,0,D,D,3,No Deposit,3.0,0,Transient-Party,136.2,0,1
Resort Hotel,0,104,2016,July,30,17,4,10,2,0.0,0,BB,PRT,Direct,Direct,0,0,1,E,E,0,No Deposit,,0,Transient,188.14,1,1
Resort Hotel,0,103,2017,July,29,16,4,10,2,0.0,0,BB,PRT,Direct,Direct,0,0,2,E,E,0,No Deposit,,0,Transient,205.03,1,1
Resort Hotel,0,1,2017,March,10,7,0,1,2,0.0,0,BB,PRT,Direct,Corporate,0,0,8,A,A,0,No Deposit,,0,Transient,60.0,0,0
Resort Hotel,1,21,2016,December,53,30,1,2,2,0.0,0,BB,,Direct,Direct,0,1,0,A,A,0,No Deposit,,0,Transient,150.0,0,0
Resort Hotel,0,80,2017,June,23,9,2,2,2,0.0,0,FB,PRT,Direct,Direct,0,1,0,F,F,1,No Deposit,250.0,0,Transient,195.0,0,0
Resort Hotel,0,2,2016,December,49,2,0,1,2,0.0,0,BB,PRT,Offline TA/TO,TA/TO,0,0,0,A,E,0,No Deposit,330.0,0,Transient,34.0,0,1
Resort Hotel,0,167,2015,August,33,11,3,10,2,0.0,0,BB,,Online TA,TA/TO,0,0,0,A,A,0,No Deposit,240.0,0,Transient,134.0,0,2
Resort Hotel,0,164,2016,August,33,11,4,9,2,0.0,0,BB,PRT,Online TA,TA/TO,0,0,1,A,A,0,No Deposit,240.0,0,Transient,178.15,1,2
Resort Hotel,0,172,2017,August,32,10,4,9,2,0.0,0,BB,PRT,Online TA,TA/TO,0,0,2,D,D,0,No Deposit,240.0,0,Transient,212.31,0,4
Resort Hotel,0,234,2016,September,37,5,3,7,2,0.0,0,BB,GBR,Offline TA/TO,TA/TO,0,0,0,D,D,0,No Deposit,40.0,0,Contract,68.0,0,2
Resort Hotel,0,454,2016,August,36,29,3,8,2,0.0,0,BB,GBR,Offline TA/TO,TA/TO,0,0,0,D,D,1,No Deposit,40.0,0,Contract,69.58,0,1
Resort Hotel,0,61,2015,October,41,6,1,5,2,0.0,0,BB,,Direct,Direct,0,0,1,E,F,2,No Deposit,,0,Transient,62.5,1,1
Resort Hotel,0,83,2016,April,15,3,2,4,2,0.0,0,BB,,Direct,Direct,0,0,2,A,E,0,No Deposit,,0,Transient,55.3,1,1
Resort Hotel,0,66,2016,October,42,9,2,3,2,0.0,0,BB,,Direct,Direct,0,0,3,E,E,0,No Deposit,,0,Transient,66.0,1,3
Resort Hotel,1,160,2017,April,14,2,2,3,2,0.0,0,BB,,Direct,Direct,0,1,4,E,E,0,No Deposit,,0,Transient,70.8,0,3
Resort Hotel,0,5,2016,March,14,29,0,1,2,0.0,0,BB,PRT,Online TA,TA/TO,0,0,3,A,A,0,No Deposit,240.0,0,Transient,48.0,0,1
Resort Hotel,0,32,2015,July,27,3,2,4,2,0.0,0,BB,PRT,Direct,Direct,0,0,0,F,F,0,No Deposit,,0,Transient,129.0,1,0
Resort Hotel,0,118,2016,July,28,8,2,5,2,0.0,0,BB,PRT,Direct,Direct,0,0,1,F,E,0,No Deposit,250.0,0,Transient,187.5,1,1
Resort Hotel,0,120,2017,July,26,1,2,6,2,0.0,0,BB,PRT,Direct,Direct,0,0,2,D,D,1,No Deposit,250.0,0,Transient,144.0,1,1
Resort Hotel,0,1,2015,November,47,19,0,1,2,0.0,0,BB,PRT,Direct,Direct,0,0,0,A,A,0,No Deposit,241.0,0,Transient,35.11,0,0
Resort Hotel,0,1,2017,March,9,2,0,1,2,0.0,0,BB,,Direct,Direct,0,0,1,D,D,0,No Deposit,,0,Transient,8.0,0,0
Resort Hotel,0,76,2015,November,47,20,0,2,2,0.0,0,HB,PRT,Online TA,TA/TO,0,0,1,A,D,0,No Deposit,240.0,0,Transient,26.0,0,1
Resort Hotel,0,150,2017,February,8,24,0,2,2,0.0,0,HB,PRT,Online TA,TA/TO,0,0,2,A,A,2,No Deposit,240.0,0,Transient,64.8,0,1
Resort Hotel,0,1,2016,February,8,18,0,1,2,0.0,0,BB,PRT,Direct,Direct,0,0,2,A,D,0,No Deposit,,0,Transient,40.0,0,0
Resort Hotel,0,224,2015,August,33,14,2,3,2,0.0,0,BB,,Online TA,TA/TO,0,0,0,A,A,0,No Deposit,240.0,0,Transient,134.0,0,0
Resort Hotel,0,197,2016,August,33,12,2,3,2,0.0,0,BB,,Online TA,TA/TO,0,0,1,D,D,0,No Deposit,240.0,0,Transient,172.0,1,2
Resort Hotel,0,151,2015,August,32,4,2,8,2,0.0,0,HB,,Direct,Direct,0,0,0,A,A,2,No Deposit,,0,Transient,147.0,0,1
Resort Hotel,0,88,2016,July,31,25,2,5,2,0.0,0,HB,,Direct,Direct,0,0,1,A,A,1,No Deposit,,0,Transient,157.0,0,1
Resort Hotel,0,1,2016,September,39,23,2,2,2,0.0,0,HB,PRT,Direct,Direct,0,0,2,F,F,2,No Deposit,250.0,0,Transient,169.5,0,0
Resort Hotel,0,29,2016,March,11,9,1,4,2,0.0,0,BB,PRT,Direct,Direct,0,0,1,D,D,0,No Deposit,250.0,0,Transient,61.0,1,1
Resort Hotel,0,13,2016,December,50,5,1,0,2,0.0,0,BB,PRT,Direct,Corporate,0,1,8,E,E,1,No Deposit,,0,Transient,60.0,1,1
Resort Hotel,1,30,2017,June,24,11,1,0,2,0.0,0,BB,PRT,Corporate,Corporate,0,2,14,A,A,2,No Deposit,,0,Transient,80.0,0,1
Resort Hotel,0,44,2015,September,37,11,1,2,2,0.0,0,HB,PRT,Direct,Direct,0,0,0,E,F,1,No Deposit,,0,Transient,192.0,1,1
Resort Hotel,0,72,2016,September,38,16,1,2,2,0.0,0,HB,PRT,Direct,Direct,0,0,1,G,G,1,No Deposit,250.0,0,Transient,203.4,1,1
Resort Hotel,0,4,2015,September,38,15,0,4,2,0.0,0,BB,PRT,Direct,Direct,0,0,2,A,A,0,No Deposit,250.0,0,Transient,87.5,0,0
Resort Hotel,0,2,2016,June,24,9,0,1,2,0.0,0,BB,PRT,Direct,Direct,0,0,3,A,A,0,No Deposit,,0,Transient,107.1,0,0
Resort Hotel,0,5,2016,June,25,12,2,5,2,0.0,0,BB,PRT,Direct,Direct,0,0,4,F,A,0,No Deposit,,0,Transient,130.34,0,0
Resort Hotel,0,2,2016,October,41,2,2,1,2,0.0,0,BB,PRT,Direct,Direct,0,0,5,A,A,0,No Deposit,250.0,0,Transient,81.0,0,1
Resort Hotel,0,3,2017,June,22,1,1,3,2,0.0,0,BB,PRT,Direct,Direct,0,0,6,A,A,0,No Deposit,250.0,0,Transient,97.85,0,1
Resort Hotel,0,2,2015,September,38,18,0,1,2,0.0,0,BB,,Corporate,Corporate,0,1,3,A,A,1,No Deposit,,0,Transient,80.0,0,0
Resort Hotel,0,8,2016,October,42,10,1,1,2,0.0,0,BB,,Online TA,TA/TO,0,0,1,A,A,0,No Deposit,240.0,0,Transient,60.0,0,2
Resort Hotel,0,0,2015,November,48,24,0,1,2,0.0,0,BB,,Corporate,Corporate,0,0,1,A,D,0,No Deposit,,0,Transient,40.0,0,0
Resort Hotel,0,4,2016,October,44,28,0,2,2,0.0,0,BB,,Direct,Direct,0,0,0,A,A,0,No Deposit,,0,Transient,38.0,0,0
Resort Hotel,0,10,2015,October,44,29,1,3,2,0.0,0,BB,,Direct,Direct,0,0,0,A,A,1,No Deposit,,0,Transient,42.0,1,0
Resort Hotel,0,5,2016,October,44,27,2,3,2,0.0,0,BB,,Direct,Direct,0,0,1,A,A,0,No Deposit,,0,Transient,44.0,1,0
Resort Hotel,0,16,2016,March,14,29,0,4,2,0.0,0,BB,,Online TA,TA/TO,0,0,0,D,D,0,No Deposit,240.0,0,Transient,67.0,0,2
Resort Hotel,0,12,2016,October,44,29,0,1,2,0.0,0,BB,,Direct,Direct,0,0,0,A,A,0,No Deposit,,0,Transient,44.0,0,0
Resort Hotel,0,1,2017,January,3,21,0,1,2,0.0,0,BB,,Online TA,TA/TO,0,0,0,A,D,0,No Deposit,240.0,0,Transient,48.0,0,1
Resort Hotel,0,20,2016,March,14,28,1,0,2,0.0,0,BB,PRT,Online TA,TA/TO,0,0,0,A,D,0,No Deposit,240.0,0,Transient,48.0,0,1
Resort Hotel,1,1,2016,July,30,23,0,1,2,0.0,0,BB,,Direct,Direct,0,0,0,A,C,1,No Deposit,,0,Transient,154.0,0,0
Resort Hotel,1,15,2017,January,2,12,0,3,2,0.0,0,BB,,Direct,Direct,0,2,0,E,E,0,No Deposit,,0,Transient,57.6,0,3
Resort Hotel,0,9,2016,September,39,20,0,1,2,0.0,0,BB,,Online TA,TA/TO,0,0,0,A,C,0,No Deposit,240.0,0,Transient,115.0,1,1
Resort Hotel,0,5,2017,March,9,4,0,1,2,0.0,0,BB,,Online TA,TA/TO,0,0,1,A,A,0,No Deposit,240.0,0,Transient,60.0,1,1
Resort Hotel,0,23,2017,March,11,16,0,3,2,0.0,0,BB,,Online TA,TA/TO,0,0,0,D,D,0,No Deposit,240.0,0,Transient-Party,68.0,0,2
Resort Hotel,0,3,2015,November,47,16,1,1,2,0.0,0,BB,,Direct,Direct,0,0,0,D,E,0,No Deposit,,0,Transient,56.0,1,0
Resort Hotel,0,0,2017,January,4,23,1,1,2,0.0,0,BB,,Online TA,TA/TO,0,0,0,A,A,0,No Deposit,242.0,0,Transient,45.6,0,1
Resort Hotel,0,3,2015,September,36,3,0,3,2,0.0,0,BB,ITA,Corporate,Direct,0,0,0,A,C,0,No Deposit,,0,Transient-Party,98.0,0,0
Resort Hotel,0,0,2016,February,7,8,1,0,2,0.0,0,BB,,Direct,Direct,0,0,0,E,E,0,No Deposit,,0,Transient,65.0,0,0
Resort Hotel,0,45,2017,February,8,25,2,1,2,0.0,0,BB,PRT,Online TA,TA/TO,0,0,0,E,E,1,No Deposit,240.0,0,Transient,75.0,1,3
Resort Hotel,0,0,2016,March,10,2,0,1,2,0.0,0,BB,,Direct,Direct,0,0,0,A,D,0,No Deposit,,0,Transient,40.0,0,0
Resort Hotel,0,39,2017,January,2,14,2,1,2,0.0,0,BB,PRT,Direct,Direct,0,0,0,A,E,0,No Deposit,,0,Transient,35.0,0,0
Resort Hotel,0,1,2016,April,18,24,1,0,2,0.0,0,BB,,Corporate,Corporate,0,0,3,A,A,0,No Deposit,,0,Transient,71.0,1,0
Resort Hotel,0,22,2016,May,21,17,0,1,2,0.0,0,BB,,Direct,Direct,0,0,4,D,D,0,No Deposit,,0,Transient,87.0,1,0
Resort Hotel,1,83,2016,July,30,17,1,0,2,0.0,0,BB,,Direct,Direct,0,1,5,A,A,0,No Deposit,,0,Transient,156.0,0,0
Resort Hotel,0,9,2017,January,4,27,0,1,2,0.0,0,BB,,Corporate,Direct,0,1,5,A,D,1,No Deposit,,0,Transient,47.0,1,0
Resort Hotel,0,1,2016,June,27,30,0,1,2,0.0,0,BB,,Direct,Direct,0,0,0,A,E,0,No Deposit,,0,Transient,79.0,1,0
Resort Hotel,0,244,2017,June,25,20,4,10,2,0.0,0,BB,GBR,Offline TA/TO,TA/TO,0,0,0,D,D,0,No Deposit,40.0,0,Contract,82.8,0,2
Resort Hotel,0,166,2015,July,29,12,2,4,2,0.0,0,BB,PRT,Offline TA/TO,TA/TO,0,0,0,D,D,0,No Deposit,6.0,0,Transient,110.7,0,1
Resort Hotel,0,43,2017,June,23,10,2,4,2,0.0,0,BB,PRT,Direct,Direct,0,0,0,C,A,2,No Deposit,,0,Transient,140.7,1,2
Resort Hotel,1,0,2015,July,29,17,0,1,2,0.0,0,BB,PRT,Direct,Direct,0,1,2,L,L,0,No Deposit,,0,Transient,8.0,0,0
Resort Hotel,0,2,2017,January,5,29,1,0,2,0.0,0,BB,PRT,Online TA,TA/TO,0,2,2,A,D,0,No Deposit,240.0,0,Transient-Party,43.0,0,1
Resort Hotel,0,49,2017,July,30,23,2,1,2,0.0,0,BB,PRT,Direct,Direct,0,0,0,A,A,0,No Deposit,250.0,0,Transient-Party,214.0,1,0
Resort Hotel,0,117,2016,July,30,18,2,5,2,0.0,0,HB,,Online TA,TA/TO,0,0,0,E,E,0,No Deposit,240.0,0,Transient,241.0,1,2
Resort Hotel,0,238,2017,July,29,17,2,5,2,0.0,0,FB,PRT,Offline TA/TO,TA/TO,0,0,1,E,E,0,No Deposit,6.0,0,Transient,185.6,1,2
Resort Hotel,0,137,2017,July,27,8,2,5,2,0.0,0,HB,PRT,Direct,Direct,0,0,0,D,D,1,No Deposit,250.0,0,Transient,189.0,0,1
Resort Hotel,0,4,2017,May,21,22,1,2,2,0.0,0,BB,PRT,Online TA,TA/TO,0,0,0,E,E,0,No Deposit,240.0,0,Transient,110.0,0,0
Resort Hotel,0,3,2015,July,29,17,1,2,2,0.0,0,BB,,Direct,Direct,0,0,0,A,C,0,No Deposit,,0,Transient,127.3,0,1
Resort Hotel,0,10,2016,October,44,29,0,1,2,0.0,0,BB,PRT,Direct,Direct,0,0,0,A,A,0,Non Refund,,0,Transient-Party,38.0,0,0
Resort Hotel,0,110,2015,August,32,8,2,5,2,0.0,0,BB,PRT,Offline TA/TO,TA/TO,0,0,0,A,A,0,No Deposit,15.0,0,Transient,107.0,0,1
Resort Hotel,0,297,2017,August,32,6,4,5,2,0.0,0,HB,PRT,Direct,Direct,0,0,0,D,D,1,No Deposit,,0,Transient,170.95,0,0
Resort Hotel,0,1,2017,February,6,11,0,1,2,0.0,0,BB,,Online TA,TA/TO,0,0,0,A,A,0,No Deposit,240.0,0,Transient-Party,55.0,1,0
Resort Hotel,0,187,2017,July,27,3,2,5,2,0.0,0,HB,PRT,Online TA,TA/TO,0,0,0,A,A,0,No Deposit,240.0,0,Transient,140.0,0,1
Resort Hotel,0,175,2016,September,36,3,2,6,2,0.0,0,BB,,Direct,Direct,0,0,0,E,E,0,No Deposit,,0,Transient,159.5,0,0
Resort Hotel,0,58,2016,September,37,10,2,5,2,0.0,0,BB,PRT,Direct,Direct,0,0,0,D,E,0,No Deposit,,0,Transient,130.0,1,1
Resort Hotel,0,176,2016,October,41,5,0,4,2,0.0,0,BB,PRT,Direct,Direct,0,0,0,D,D,1,No Deposit,250.0,0,Transient,71.1,1,1
Resort Hotel,0,0,2017,July,30,28,0,2,2,0.0,0,BB,PRT,Online TA,TA/TO,0,0,0,A,A,0,No Deposit,240.0,0,Transient,192.5,0,1
Resort Hotel,0,260,2017,June,24,15,4,10,2,0.0,0,BB,GBR,Offline TA/TO,TA/TO,0,0,0,D,D,0,No Deposit,243.0,0,Contract,68.4,0,1
Resort Hotel,0,204,2016,September,38,17,6,15,2,0.0,0,HB,BEL,Direct,Direct,0,0,0,D,D,0,No Deposit,,0,Transient,102.86,0,1
Resort Hotel,0,0,2016,October,41,3,1,1,2,0.0,0,BB,,Direct,Direct,0,0,0,A,A,0,No Deposit,,0,Transient-Party,96.0,1,0
Resort Hotel,0,8,2015,October,42,11,2,5,2,0.0,0,BB,FRA,Direct,Direct,0,0,0,F,F,0,No Deposit,,0,Transient,91.0,1,1
Resort Hotel,0,0,2017,February,6,11,0,0,2,0.0,0,BB,PRT,Direct,Direct,0,0,0,A,D,1,No Deposit,,0,Transient,0.0,0,0
Resort Hotel,0,0,2017,February,7,14,0,2,2,0.0,0,BB,PRT,Direct,Direct,0,0,1,A,A,0,No Deposit,,0,Transient,60.0,0,0
Resort Hotel,0,6,2017,March,13,26,1,0,2,0.0,0,BB,PRT,Direct,Direct,0,0,0,A,A,0,No Deposit,250.0,0,Transient,70.0,0,1
Resort Hotel,0,0,2016,March,12,17,0,1,2,0.0,0,BB,,Direct,Direct,0,0,0,A,A,0,No Deposit,,0,Transient,45.0,0,1
Resort Hotel,0,14,2016,December,50,5,1,3,2,0.0,0,SC,CYP,Corporate,Corporate,0,0,1,A,I,3,No Deposit,,0,Transient,0.0,0,0
Resort Hotel,0,0,2016,March,12,14,1,0,2,0.0,0,BB,,Direct,Direct,0,0,0,A,D,0,No Deposit,,0,Transient,45.0,0,0
Resort Hotel,0,11,2016,March,12,16,0,3,2,0.0,0,BB,PRT,Online TA,TA/TO,0,0,0,D,I,0,No Deposit,240.0,0,Transient,58.0,0,1
Resort Hotel,0,13,2016,March,12,19,2,2,2,0.0,0,BB,PRT,Online TA,TA/TO,0,0,0,D,D,0,No Deposit,240.0,0,Transient,58.0,0,0
Resort Hotel,0,2,2016,December,49,2,0,1,2,0.0,0,BB,,Offline TA/TO,TA/TO,0,0,0,A,E,0,No Deposit,330.0,0,Transient,34.0,0,1
Resort Hotel,0,23,2017,June,23,9,2,2,2,0.0,0,BB,PRT,Online TA,TA/TO,0,0,0,A,A,0,No Deposit,240.0,0,Transient,140.0,0,1
Resort Hotel,0,1,2016,February,6,3,0,1,2,0.0,0,BB,,Online TA,TA/TO,0,0,3,A,D,0,No Deposit,240.0,0,Transient,48.0,0,1
Resort Hotel,0,0,2016,February,8,17,0,1,2,0.0,0,BB,PRT,Direct,Direct,0,0,0,A,A,0,No Deposit,,0,Transient,40.0,0,0
Resort Hotel,0,0,2016,October,45,31,1,0,2,0.0,0,BB,,Direct,Direct,0,0,0,E,E,0,No Deposit,,0,Transient,76.5,0,2
Resort Hotel,0,13,2017,January,3,21,0,1,2,0.0,0,BB,,Online TA,Direct,0,0,1,A,A,0,No Deposit,240.0,0,Transient,48.0,0,2
Resort Hotel,0,12,2017,April,14,8,0,1,2,0.0,0,BB,PRT,Online TA,TA/TO,0,0,2,A,A,0,No Deposit,242.0,0,Transient,85.0,0,3
Resort Hotel,0,3,2017,April,15,9,1,0,2,0.0,0,BB,PRT,Direct,TA/TO,0,0,2,A,A,0,No Deposit,250.0,0,Group,85.0,0,3
Resort Hotel,0,22,2015,October,44,27,0,2,2,0.0,0,BB,FIN,Complementary,Direct,0,0,0,A,E,1,No Deposit,,0,Transient,0.0,0,2
Resort Hotel,1,14,2016,October,44,25,0,3,2,0.0,0,BB,FIN,Complementary,Direct,0,1,1,A,E,0,No Deposit,,0,Transient,0.0,0,2
Resort Hotel,0,0,2017,January,2,13,0,2,2,0.0,0,BB,,Direct,Direct,0,0,0,G,G,0,No Deposit,,0,Transient,84.0,0,0
Resort Hotel,0,2,2015,October,40,2,0,1,2,0.0,0,BB,,Corporate,Corporate,0,0,0,A,F,2,No Deposit,,0,Transient,82.0,1,1
Resort Hotel,0,0,2016,March,11,10,0,1,2,0.0,0,BB,PRT,Corporate,Corporate,0,0,3,A,E,0,No Deposit,,0,Transient,40.0,1,1
Resort Hotel,0,1,2016,January,3,12,0,2,2,0.0,0,BB,,Direct,Direct,0,0,1,A,A,0,No Deposit,,0,Transient,43.0,0,0
Resort Hotel,0,1,2017,April,15,13,0,1,2,0.0,0,BB,,Direct,TA/TO,0,0,0,A,E,0,No Deposit,,0,Transient,161.0,0,1
Resort Hotel,0,0,2015,December,49,3,0,1,2,0.0,0,BB,,Direct,Direct,0,0,0,E,E,0,No Deposit,,0,Transient,58.0,0,0
Resort Hotel,0,0,2016,January,4,20,0,1,2,0.0,0,BB,,Direct,Direct,0,0,1,E,E,0,No Deposit,,0,Transient,61.0,0,1
Resort Hotel,0,0,2016,February,7,11,0,1,2,0.0,0,BB,,Direct,Direct,0,0,2,A,E,0,No Deposit,,0,Transient,55.0,0,1
Resort Hotel,0,0,2016,February,9,25,0,1,2,0.0,0,BB,,Direct,Direct,0,0,3,A,A,0,No Deposit,,0,Transient,45.0,0,1
Resort Hotel,0,0,2016,March,14,30,0,2,2,0.0,0,BB,,Direct,Direct,0,0,4,F,F,0,No Deposit,,0,Transient,82.35,0,1
Resort Hotel,0,1,2017,February,6,10,0,2,2,0.0,0,BB,,Online TA,TA/TO,0,0,0,A,A,0,No Deposit,240.0,0,Transient,48.0,0,1
Resort Hotel,0,29,2015,October,43,22,1,3,2,0.0,0,BB,,Direct,Direct,0,0,0,D,D,2,No Deposit,,0,Transient-Party,56.0,0,1
Resort Hotel,0,4,2016,March,12,18,0,1,2,0.0,0,BB,PRT,Direct,Direct,0,0,1,A,D,0,No Deposit,,0,Transient,45.0,0,1
Resort Hotel,0,0,2015,December,52,21,1,0,2,0.0,0,BB,,Direct,Direct,0,0,0,E,E,0,No Deposit,,0,Transient,69.0,1,0
Resort Hotel,0,14,2015,September,38,17,0,2,2,0.0,0,BB,PRT,Direct,Direct,0,0,0,A,H,1,No Deposit,,0,Transient,80.1,0,0
Resort Hotel,0,2,2015,December,51,17,0,2,2,0.0,0,BB,,Direct,Direct,0,0,1,A,D,0,No Deposit,,0,Transient,43.0,0,1
Resort Hotel,0,27,2016,September,37,8,0,2,2,0.0,0,BB,,Direct,Direct,0,0,2,A,A,1,No Deposit,250.0,0,Transient,88.29,0,1
Resort Hotel,0,10,2016,December,51,17,1,1,2,0.0,0,BB,PRT,Direct,Direct,0,0,0,A,E,0,No Deposit,,0,Transient,64.0,0,2
Resort Hotel,0,81,2016,December,53,31,1,1,2,0.0,0,BB,PRT,Direct,Direct,0,0,0,D,D,0,No Deposit,,0,Transient,202.5,0,1
Resort Hotel,0,69,2016,March,13,24,1,3,2,0.0,0,HB,PRT,Offline TA/TO,TA/TO,0,0,0,D,D,0,No Deposit,314.0,0,Transient,49.22,0,1
Resort Hotel,0,8,2016,November,47,19,0,1,2,0.0,0,BB,,Online TA,TA/TO,0,0,0,A,E,0,No Deposit,241.0,0,Transient,47.55,0,2
Resort Hotel,0,1,2016,December,51,11,1,0,2,0.0,0,BB,,Online TA,TA/TO,0,0,1,A,D,0,No Deposit,240.0,0,Group,48.0,0,2
Resort Hotel,0,0,2017,February,5,4,0,1,2,0.0,0,BB,,Direct,TA/TO,0,0,2,A,D,0,No Deposit,,0,Transient,48.0,0,2
Resort Hotel,0,1,2017,February,7,18,0,1,2,0.0,0,BB,,Direct,TA/TO,0,0,3,D,D,0,No Deposit,,0,Transient,61.2,0,2
Resort Hotel,0,2,2017,March,9,4,0,1,2,0.0,0,BB,,Direct,TA/TO,0,0,4,D,D,0,No Deposit,250.0,0,Transient,68.0,0,2
Resort Hotel,0,0,2017,February,6,8,0,1,2,0.0,0,BB,,Direct,Direct,0,0,0,F,F,0,No Deposit,,0,Transient,73.0,0,0
Resort Hotel,0,95,2016,May,21,21,2,4,2,0.0,0,BB,PRT,Direct,Direct,0,0,0,D,D,0,No Deposit,250.0,0,Transient,70.0,1,0
Resort Hotel,0,0,2016,March,12,18,0,1,2,0.0,0,BB,PRT,Direct,Direct,0,0,1,A,F,1,No Deposit,,0,Transient,88.0,0,0
Resort Hotel,0,43,2017,May,18,4,0,1,2,0.0,0,BB,PRT,Corporate,Corporate,0,0,0,A,I,2,No Deposit,,0,Transient-Party,67.0,1,1
Resort Hotel,0,1,2015,September,39,25,0,1,2,0.0,0,BB,,Online TA,TA/TO,0,0,0,A,A,0,No Deposit,240.0,0,Transient,106.2,0,1
Resort Hotel,0,10,2016,February,7,9,0,2,2,0.0,0,BB,,Offline TA/TO,TA/TO,0,0,0,A,D,0,No Deposit,339.0,0,Transient,29.0,0,0
Resort Hotel,0,8,2016,February,7,11,0,1,2,0.0,0,BB,,Offline TA/TO,TA/TO,0,0,0,A,D,0,No Deposit,196.0,0,Transient,30.0,0,1
Resort Hotel,0,74,2017,July,28,9,2,4,2,0.0,0,BB,PRT,Direct,Direct,0,0,0,F,F,1,No Deposit,,0,Transient,225.0,0,2
Resort Hotel,1,49,2015,September,38,19,1,1,2,0.0,0,BB,,Direct,Direct,0,0,0,E,F,0,No Deposit,,0,Transient,99.0,0,0
Resort Hotel,0,50,2016,October,41,2,2,2,2,0.0,0,HB,,Online TA,TA/TO,0,0,0,D,D,0,No Deposit,240.0,0,Transient,119.0,0,1
Resort Hotel,0,166,2016,June,24,10,2,6,2,0.0,0,BB,,Online TA,TA/TO,0,0,0,A,A,0,No Deposit,240.0,0,Transient,72.0,0,1
Resort Hotel,0,1,2016,May,21,20,1,2,2,0.0,0,HB,,Direct,Direct,0,0,1,A,D,1,No Deposit,,0,Transient,110.0,0,2
Resort Hotel,0,327,2016,September,38,12,2,5,2,0.0,0,BB,GBR,Offline TA/TO,TA/TO,0,0,0,D,D,0,No Deposit,436.0,0,Transient,68.4,0,1
Resort Hotel,1,172,2017,June,24,14,2,5,2,0.0,0,BB,GBR,Direct,TA/TO,0,1,1,E,E,0,No Deposit,,0,Transient,113.4,0,1
Resort Hotel,0,133,2017,July,27,3,3,5,2,0.0,0,BB,PRT,Direct,Direct,0,0,0,D,D,0,No Deposit,250.0,0,Transient,151.88,1,0
Resort Hotel,0,8,2016,January,6,31,2,0,2,0.0,0,BB,,Direct,Direct,0,0,0,A,D,0,No Deposit,250.0,0,Transient,50.0,1,0
Resort Hotel,0,14,2015,July,28,6,1,4,2,0.0,0,BB,,Offline TA/TO,TA/TO,0,0,0,A,C,0,No Deposit,175.0,0,Transient,58.95,0,0
Resort Hotel,0,22,2015,July,28,9,0,3,2,0.0,0,HB,PRT,Direct,Direct,0,0,0,E,E,1,No Deposit,,0,Transient-Party,134.67,0,3
Resort Hotel,0,39,2016,August,36,30,0,2,2,0.0,0,HB,PRT,Direct,Direct,0,0,2,E,E,1,No Deposit,,0,Transient,191.0,1,3
Resort Hotel,0,19,2016,July,31,28,1,3,2,0.0,0,Undefined,PRT,Direct,Direct,0,0,0,F,F,0,No Deposit,,0,Transient,288.1,0,3
Resort Hotel,0,139,2017,July,27,2,2,3,2,0.0,0,HB,PRT,Online TA,TA/TO,0,0,0,D,D,0,No Deposit,240.0,0,Transient,175.4,1,1
Resort Hotel,0,37,2017,August,32,12,0,1,2,0.0,0,BB,PRT,Direct,Direct,0,0,0,C,C,0,No Deposit,250.0,0,Transient,275.25,1,1
Resort Hotel,0,1,2016,November,48,25,2,3,2,0.0,0,HB,,Online TA,TA/TO,0,0,0,A,A,1,No Deposit,314.0,0,Transient,66.4,0,0
Resort Hotel,0,3,2017,January,4,27,2,2,2,0.0,0,HB,,Direct,TA/TO,0,0,1,A,E,1,No Deposit,250.0,0,Transient,77.0,0,0
Resort Hotel,0,2,2017,May,19,11,0,3,2,0.0,0,HB,PRT,Direct,TA/TO,0,0,2,E,E,1,No Deposit,250.0,0,Transient,153.67,0,0
Resort Hotel,0,51,2015,July,30,20,1,4,2,0.0,0,HB,PRT,Corporate,Corporate,0,0,0,A,A,0,No Deposit,,0,Transient,152.0,0,0
Resort Hotel,0,0,2017,April,17,24,1,0,2,0.0,0,BB,PRT,Corporate,Corporate,0,0,0,A,A,0,No Deposit,,0,Transient,72.0,1,0
Resort Hotel,0,105,2017,August,32,11,2,5,2,0.0,0,BB,PRT,Direct,Direct,0,0,0,A,A,0,No Deposit,,0,Transient,239.0,1,1
Resort Hotel,0,25,2015,July,30,24,2,6,2,0.0,0,BB,PRT,Direct,TA/TO,0,0,0,D,D,0,No Deposit,240.0,0,Transient,154.0,0,2
Resort Hotel,0,4,2016,December,50,10,0,1,2,0.0,0,BB,,Direct,Direct,0,0,0,A,D,0,No Deposit,250.0,0,Transient,61.0,0,0
Resort Hotel,0,155,2017,August,32,11,2,2,2,0.0,0,HB,PRT,Direct,Direct,0,0,0,D,D,1,No Deposit,250.0,0,Transient-Party,225.5,0,1
Resort Hotel,0,159,2015,August,33,10,3,10,2,0.0,0,BB,,Direct,Direct,0,0,0,E,E,0,No Deposit,,0,Transient-Party,147.6,0,1
Resort Hotel,0,181,2016,August,33,7,4,8,2,0.0,0,HB,PRT,Direct,Direct,0,0,1,E,E,0,No Deposit,,0,Transient-Party,232.0,1,2
Resort Hotel,0,250,2017,August,32,6,4,10,2,0.0,0,BB,PRT,Direct,Direct,0,0,2,E,E,0,No Deposit,,0,Transient,201.43,1,4
Resort Hotel,1,21,2016,July,31,27,1,4,2,0.0,0,HB,,Direct,Direct,0,1,0,A,A,0,No Deposit,,0,Transient,209.0,0,0
Resort Hotel,0,212,2016,August,35,21,4,10,2,0.0,0,BB,GBR,Offline TA/TO,TA/TO,0,0,0,D,D,0,No Deposit,243.0,0,Contract,69.86,0,0
Resort Hotel,0,3,2016,March,12,15,0,5,2,0.0,0,BB,,Online TA,TA/TO,0,0,0,D,D,0,No Deposit,240.0,0,Transient,60.0,0,1
Resort Hotel,0,184,2016,September,36,3,4,6,2,0.0,0,BB,,Direct,Direct,0,0,0,F,F,1,No Deposit,250.0,0,Transient,166.0,1,1
Resort Hotel,0,169,2015,September,36,1,2,8,2,0.0,0,HB,PRT,Direct,Direct,0,0,0,D,D,1,No Deposit,,0,Transient,126.0,1,0
Resort Hotel,0,348,2016,September,37,10,4,10,2,0.0,0,BB,GBR,Offline TA/TO,TA/TO,0,0,0,D,D,0,No Deposit,2.0,0,Contract,64.9,0,0
Resort Hotel,0,6,2015,November,48,24,0,2,2,0.0,0,BB,PRT,Offline TA/TO,TA/TO,0,0,0,E,E,0,No Deposit,8.0,0,Transient,45.0,0,0
Resort Hotel,0,0,2016,February,6,4,0,1,2,0.0,0,BB,PRT,Offline TA/TO,TA/TO,0,0,1,D,D,0,No Deposit,314.0,0,Transient,46.4,0,0
Resort Hotel,1,152,2015,July,27,2,4,10,2,0.0,0,BB,PRT,Offline TA/TO,TA/TO,0,1,0,D,D,0,No Deposit,243.0,0,Contract,67.58,0,0
Resort Hotel,0,250,2016,September,38,17,2,5,2,0.0,0,BB,IRL,Offline TA/TO,TA/TO,0,0,0,D,E,0,No Deposit,314.0,0,Transient,70.4,0,3
Resort Hotel,0,151,2016,September,38,11,2,1,2,0.0,0,BB,CHE,Direct,Direct,0,0,0,E,E,1,No Deposit,250.0,0,Transient,160.4,1,1
Resort Hotel,0,17,2017,April,15,12,0,1,2,0.0,0,BB,ESP,Online TA,TA/TO,0,0,0,D,D,0,No Deposit,240.0,0,Transient,100.0,0,1
Resort Hotel,0,48,2016,September,39,21,0,3,2,0.0,0,BB,,Direct,Direct,0,0,0,G,G,0,No Deposit,,0,Transient,152.1,0,0
Resort Hotel,0,266,2015,September,39,24,2,4,2,0.0,0,BB,IRL,Offline TA/TO,TA/TO,0,0,0,A,C,1,No Deposit,201.0,0,Transient-Party,36.0,0,0
Resort Hotel,0,266,2015,September,39,24,2,4,2,0.0,0,BB,IRL,Offline TA/TO,TA/TO,0,0,0,A,C,0,No Deposit,201.0,0,Transient-Party,45.45,0,0
Resort Hotel,0,152,2015,September,37,6,7,15,2,0.0,0,HB,DEU,Direct,Direct,0,0,0,D,D,0,No Deposit,,0,Transient,81.82,0,0
Resort Hotel,0,228,2016,September,37,5,6,15,2,0.0,0,HB,DEU,Direct,Direct,0,0,1,D,D,0,No Deposit,,0,Transient,88.0,0,1
Resort Hotel,0,9,2015,October,44,28,0,2,2,0.0,0,BB,,Direct,Direct,0,0,0,D,D,0,No Deposit,250.0,0,Transient,56.0,0,0
Resort Hotel,0,2,2016,December,51,16,0,2,2,0.0,0,BB,,Online TA,TA/TO,0,0,0,A,D,0,No Deposit,240.0,0,Transient,48.0,0,0
Resort Hotel,0,185,2015,July,28,6,2,5,2,0.0,0,BB,PRT,Direct,Direct,0,0,0,E,E,0,No Deposit,,0,Transient,110.0,0,0
Resort Hotel,0,0,2016,January,2,6,0,1,2,0.0,0,BB,PRT,Offline TA/TO,TA/TO,0,0,0,A,A,0,No Deposit,5.0,0,Transient,30.0,0,0
Resort Hotel,0,255,2016,September,38,17,8,20,2,0.0,0,BB,DEU,Online TA,TA/TO,0,0,0,A,B,0,No Deposit,242.0,0,Transient,68.15,0,2
Resort Hotel,0,10,2016,October,44,29,1,1,2,0.0,0,BB,,Direct,Direct,0,0,0,A,A,0,No Deposit,,0,Transient,38.0,0,2
Resort Hotel,0,154,2015,October,44,30,1,2,2,0.0,0,BB,PRT,Groups,Direct,0,0,0,A,A,0,No Deposit,,0,Transient,36.0,0,0
Resort Hotel,0,17,2016,October,44,28,2,2,2,0.0,0,BB,PRT,Groups,Direct,0,0,1,A,A,1,No Deposit,,0,Transient,38.0,0,0
Resort Hotel,1,399,2015,December,52,22,0,1,2,0.0,0,BB,PRT,Online TA,TA/TO,0,1,0,A,A,0,No Deposit,240.0,0,Transient,36.0,0,0
Resort Hotel,1,202,2015,July,30,22,2,5,2,0.0,0,BB,PRT,Offline TA/TO,TA/TO,1,1,0,A,A,0,No Deposit,156.0,0,Contract,90.95,0,0
Resort Hotel,1,259,2015,September,38,17,0,3,2,0.0,0,BB,GBR,Groups,Corporate,0,1,0,A,A,0,Non Refund,,0,Transient,40.05,0,0
Resort Hotel,1,259,2015,September,38,17,0,3,2,0.0,0,BB,GBR,Groups,Corporate,0,1,0,A,A,0,Non Refund,,0,Transient,40.05,0,0
Resort Hotel,1,259,2015,September,38,17,0,3,2,0.0,0,BB,GBR,Groups,Corporate,0,1,0,A,A,0,Non Refund,,0,Transient,40.05,0,0
Resort Hotel,1,259,2015,September,38,17,0,3,2,0.0,0,BB,GBR,Groups,Corporate,0,1,0,A,A,0,Non Refund,,0,Transient,40.05,0,0
Resort Hotel,1,259,2015,September,38,17,0,3,2,0.0,0,BB,GBR,Groups,Corporate,0,1,0,A,A,0,Non Refund,,0,Transient,40.05,0,0
Resort Hotel,1,259,2015,September,38,17,0,3,2,0.0,0,BB,GBR,Groups,Corporate,0,1,0,A,A,0,Non Refund,,0,Transient,40.05,0,0
Resort Hotel,1,259,2015,September,38,17,0,3,2,0.0,0,BB,GBR,Groups,Corporate,0,1,0,A,A,0,Non Refund,,0,Transient,40.05,0,0
Resort Hotel,1,259,2015,September,38,17,0,3,2,0.0,0,BB,GBR,Groups,Corporate,0,1,0,A,A,0,Non Refund,,0,Transient,40.05,0,0
Resort Hotel,1,259,2015,September,38,17,0,3,2,0.0,0,BB,GBR,Groups,Corporate,0,1,0,A,A,0,Non Refund,,0,Transient,40.05,0,0
Resort Hotel,1,259,2015,September,38,17,0,3,2,0.0,0,BB,GBR,Groups,Corporate,0,1,0,A,A,0,Non Refund,,0,Transient,40.05,0,0
Resort Hotel,1,259,2015,September,38,17,0,3,2,0.0,0,BB,GBR,Groups,Corporate,0,1,0,A,A,0,Non Refund,,0,Transient,40.05,0,0
Resort Hotel,1,259,2015,September,38,17,0,3,2,0.0,0,BB,GBR,Groups,Corporate,0,1,0,A,A,0,Non Refund,,0,Transient,40.05,0,0
Resort Hotel,1,259,2015,September,38,17,0,3,2,0.0,0,BB,GBR,Groups,Corporate,0,1,0,A,A,0,Non Refund,,0,Transient,40.05,0,0
Resort Hotel,1,259,2015,September,38,17,0,3,2,0.0,0,BB,GBR,Groups,Corporate,0,1,0,A,A,0,Non Refund,,0,Transient,40.05,0,0
Resort Hotel,1,259,2015,September,38,17,0,3,2,0.0,0,BB,GBR,Groups,Corporate,0,1,0,A,A,0,Non Refund,,0,Transient,40.05,0,0
Resort Hotel,1,259,2015,September,38,17,0,3,2,0.0,0,BB,GBR,Groups,Corporate,0,1,0,A,A,0,Non Refund,,0,Transient,40.05,0,0
Resort Hotel,1,259,2015,September,38,17,0,3,2,0.0,0,BB,GBR,Groups,Corporate,0,1,0,A,A,0,Non Refund,,0,Transient,40.05,0,0
Resort Hotel,1,259,2015,September,38,17,0,3,2,0.0,0,BB,GBR,Groups,Corporate,0,1,0,A,A,0,Non Refund,,0,Transient,40.05,0,0
Resort Hotel,1,259,2015,September,38,17,0,3,2,0.0,0,BB,GBR,Groups,Corporate,0,1,0,A,A,0,Non Refund,,0,Transient,40.05,0,0
Resort Hotel,1,259,2015,September,38,17,0,3,2,0.0,0,BB,GBR,Groups,Corporate,0,1,0,A,A,0,Non Refund,,0,Transient,40.05,0,0
Resort Hotel,1,259,2015,September,38,17,0,3,2,0.0,0,BB,GBR,Groups,Corporate,0,1,0,A,A,0,Non Refund,,0,Transient,40.05,0,0
Resort Hotel,1,259,2015,September,38,17,0,3,2,0.0,0,BB,GBR,Groups,Corporate,0,1,0,A,A,0,Non Refund,,0,Transient,40.05,0,0
Resort Hotel,1,259,2015,September,38,17,0,3,2,0.0,0,BB,GBR,Groups,Corporate,0,1,0,A,A,0,Non Refund,,0,Transient,40.05,0,0
Resort Hotel,1,259,2015,September,38,17,0,3,2,0.0,0,BB,GBR,Groups,Corporate,0,1,0,A,A,0,Non Refund,,0,Transient,40.05,0,0
Resort Hotel,1,259,2015,September,38,17,0,3,2,0.0,0,BB,GBR,Groups,Corporate,0,1,0,A,A,0,Non Refund,,0,Transient,40.05,0,0
Resort Hotel,1,259,2015,September,38,17,0,3,2,0.0,0,BB,GBR,Groups,Corporate,0,1,0,A,A,0,Non Refund,,0,Transient,40.05,0,0
Resort Hotel,1,259,2015,September,38,17,0,3,2,0.0,0,BB,GBR,Groups,Corporate,0,1,0,A,A,0,Non Refund,,0,Transient,40.05,0,0
Resort Hotel,1,259,2015,September,38,17,0,3,2,0.0,0,BB,GBR,Groups,Corporate,0,1,0,A,A,0,Non Refund,,0,Transient,40.05,0,0
Resort Hotel,1,259,2015,September,38,17,0,3,2,0.0,0,BB,GBR,Groups,Corporate,0,1,0,A,A,0,Non Refund,,0,Transient,40.05,0,0
Resort Hotel,1,259,2015,September,38,17,0,3,2,0.0,0,BB,GBR,Groups,Corporate,0,1,0,A,A,0,Non Refund,,0,Transient,40.05,0,0
Resort Hotel,1,259,2015,September,38,17,0,3,2,0.0,0,BB,GBR,Groups,Corporate,0,1,0,A,A,0,Non Refund,,0,Transient,40.05,0,0
Resort Hotel,1,259,2015,September,38,17,0,3,2,0.0,0,BB,GBR,Groups,Corporate,0,1,0,A,A,0,Non Refund,,0,Transient,40.05,0,0
Resort Hotel,1,259,2015,September,38,17,0,3,2,0.0,0,BB,GBR,Groups,Corporate,0,1,0,A,A,0,Non Refund,,0,Transient,40.05,0,0
Resort Hotel,1,259,2015,September,38,17,0,3,2,0.0,0,BB,GBR,Groups,Corporate,0,1,0,A,A,0,Non Refund,,0,Transient,40.05,0,0
Resort Hotel,1,259,2015,September,38,17,0,3,2,0.0,0,BB,GBR,Groups,Corporate,0,1,0,A,A,0,Non Refund,,0,Transient,40.05,0,0
Resort Hotel,1,259,2015,September,38,17,0,3,2,0.0,0,BB,GBR,Groups,Corporate,0,1,0,A,A,0,Non Refund,,0,Transient,40.05,0,0
Resort Hotel,1,259,2015,September,38,17,0,3,2,0.0,0,BB,GBR,Groups,Corporate,0,1,0,A,A,0,Non Refund,,0,Transient,40.05,0,0
Resort Hotel,1,259,2015,September,38,17,0,3,2,0.0,0,BB,GBR,Groups,Corporate,0,1,0,A,A,0,Non Refund,,0,Transient,40.05,0,0
Resort Hotel,1,259,2015,September,38,17,0,3,2,0.0,0,BB,GBR,Groups,Corporate,0,1,0,A,A,0,Non Refund,,0,Transient,40.05,0,0
Resort Hotel,1,259,2015,September,38,17,0,3,2,0.0,0,BB,GBR,Groups,Corporate,0,1,0,A,A,0,Non Refund,,0,Transient,40.05,0,0
Resort Hotel,1,259,2015,September,38,17,0,3,2,0.0,0,BB,GBR,Groups,Corporate,0,1,0,A,A,0,Non Refund,,0,Transient,40.05,0,0
Resort Hotel,1,259,2015,September,38,17,0,3,2,0.0,0,BB,GBR,Groups,Corporate,0,1,0,A,A,0,Non Refund,,0,Transient,40.05,0,0
Resort Hotel,1,259,2015,September,38,17,0,3,2,0.0,0,BB,GBR,Groups,Corporate,0,1,0,A,A,0,Non Refund,,0,Transient,40.05,0,0
Resort Hotel,1,259,2015,September,38,17,0,3,2,0.0,0,BB,GBR,Groups,Corporate,0,1,0,A,A,0,Non Refund,,0,Transient,40.05,0,0
Resort Hotel,1,259,2015,September,38,17,0,3,2,0.0,0,BB,GBR,Groups,Corporate,0,1,0,A,A,0,Non Refund,,0,Transient,40.05,0,0
Resort Hotel,1,259,2015,September,38,17,0,3,2,0.0,0,BB,GBR,Groups,Corporate,0,1,0,A,A,0,Non Refund,,0,Transient,40.05,0,0
Resort Hotel,1,259,2015,September,38,17,0,3,2,0.0,0,BB,GBR,Groups,Corporate,0,1,0,A,A,0,Non Refund,,0,Transient,40.05,0,0
Resort Hotel,1,259,2015,September,38,17,0,3,2,0.0,0,BB,GBR,Groups,Corporate,0,1,0,A,A,0,Non Refund,,0,Transient,40.05,0,0
Resort Hotel,1,259,2015,September,38,17,0,3,2,0.0,0,BB,GBR,Groups,Corporate,0,1,0,A,A,0,Non Refund,,0,Transient,40.05,0,0
Resort Hotel,1,259,2015,September,38,17,0,3,2,0.0,0,BB,GBR,Groups,Corporate,0,1,0,A,A,0,Non Refund,,0,Transient,40.05,0,0
Resort Hotel,1,256,2015,September,38,15,8,20,2,0.0,0,BB,PRT,Online TA,TA/TO,0,1,0,A,A,1,No Deposit,240.0,0,Transient,59.91,0,0
Resort Hotel,1,261,2015,September,39,20,2,4,2,0.0,0,BB,PRT,Direct,Direct,0,1,0,A,A,0,No Deposit,,0,Transient,74.0,0,0
Resort Hotel,1,195,2015,August,32,4,0,5,2,0.0,0,HB,PRT,Direct,Direct,0,2,0,E,E,0,No Deposit,,0,Transient,186.0,0,2
Resort Hotel,1,195,2015,August,32,4,0,5,2,0.0,0,HB,PRT,Direct,Direct,0,2,0,E,E,0,No Deposit,,0,Transient,186.0,0,2
Resort Hotel,1,187,2015,August,32,4,0,5,2,0.0,0,HB,PRT,Online TA,TA/TO,1,1,0,E,E,0,No Deposit,240.0,0,Transient,66.0,0,2
Resort Hotel,1,275,2015,October,41,4,2,0,2,0.0,0,HB,PRT,Offline TA/TO,TA/TO,0,1,0,A,A,0,Non Refund,208.0,0,Transient,50.0,0,0
Resort Hotel,1,275,2015,October,41,4,2,0,2,0.0,0,HB,PRT,Offline TA/TO,TA/TO,0,26,0,A,A,0,Non Refund,208.0,0,Transient,50.0,0,0
Resort Hotel,1,275,2015,October,41,4,2,0,2,0.0,0,HB,PRT,Offline TA/TO,TA/TO,0,26,0,A,A,0,Non Refund,208.0,0,Transient,50.0,0,0
Resort Hotel,1,275,2015,October,41,4,2,0,2,0.0,0,HB,PRT,Offline TA/TO,TA/TO,0,26,0,A,A,0,Non Refund,208.0,0,Transient,50.0,0,0
Resort Hotel,1,275,2015,October,41,4,2,0,2,0.0,0,HB,PRT,Offline TA/TO,TA/TO,0,26,0,A,A,0,Non Refund,208.0,0,Transient,50.0,0,0
Resort Hotel,1,275,2015,October,41,4,2,0,2,0.0,0,HB,PRT,Offline TA/TO,TA/TO,0,26,0,A,A,0,Non Refund,208.0,0,Transient,50.0,0,0
Resort Hotel,1,275,2015,October,41,4,2,0,2,0.0,0,HB,PRT,Offline TA/TO,TA/TO,0,26,0,A,A,0,Non Refund,208.0,0,Transient,50.0,0,0
Resort Hotel,1,275,2015,October,41,4,2,0,2,0.0,0,HB,PRT,Offline TA/TO,TA/TO,0,26,0,A,A,0,Non Refund,208.0,0,Transient,50.0,0,0
Resort Hotel,1,275,2015,October,41,4,2,0,2,0.0,0,HB,PRT,Offline TA/TO,TA/TO,0,26,0,A,A,0,Non Refund,208.0,0,Transient,50.0,0,0
Resort Hotel,1,275,2015,October,41,4,2,0,2,0.0,0,HB,PRT,Offline TA/TO,TA/TO,0,26,0,A,A,0,Non Refund,208.0,0,Transient,50.0,0,0
Resort Hotel,1,275,2015,October,41,4,2,0,2,0.0,0,HB,PRT,Offline TA/TO,TA/TO,0,26,0,A,A,0,Non Refund,208.0,0,Transient,50.0,0,0
Resort Hotel,1,275,2015,October,41,4,2,0,2,0.0,0,HB,PRT,Offline TA/TO,TA/TO,0,26,0,A,A,0,Non Refund,208.0,0,Transient,50.0,0,0
Resort Hotel,1,275,2015,October,41,4,2,0,2,0.0,0,HB,PRT,Offline TA/TO,TA/TO,0,26,0,A,A,0,Non Refund,208.0,0,Transient,50.0,0,0
Resort Hotel,1,275,2015,October,41,4,2,0,2,0.0,0,HB,PRT,Offline TA/TO,TA/TO,0,26,0,A,A,0,Non Refund,208.0,0,Transient,50.0,0,0
Resort Hotel,1,275,2015,October,41,4,2,0,2,0.0,0,HB,PRT,Offline TA/TO,TA/TO,0,26,0,A,A,0,Non Refund,208.0,0,Transient,50.0,0,0
Resort Hotel,1,275,2015,October,41,4,2,0,2,0.0,0,HB,PRT,Offline TA/TO,TA/TO,0,26,0,A,A,0,Non Refund,208.0,0,Transient,50.0,0,0
Resort Hotel,1,275,2015,October,41,4,2,0,2,0.0,0,HB,PRT,Offline TA/TO,TA/TO,0,26,0,A,A,0,Non Refund,208.0,0,Transient,50.0,0,0
Resort Hotel,1,275,2015,October,41,4,2,0,2,0.0,0,HB,PRT,Offline TA/TO,TA/TO,0,26,0,A,A,0,Non Refund,208.0,0,Transient,50.0,0,0
Resort Hotel,1,275,2015,October,41,4,2,0,2,0.0,0,HB,PRT,Offline TA/TO,TA/TO,0,26,0,A,A,0,Non Refund,208.0,0,Transient,50.0,0,0
Resort Hotel,1,275,2015,October,41,4,2,0,2,0.0,0,HB,PRT,Offline TA/TO,TA/TO,0,26,0,A,A,0,Non Refund,208.0,0,Transient,50.0,0,0
Resort Hotel,1,275,2015,October,41,4,2,0,2,0.0,0,HB,PRT,Offline TA/TO,TA/TO,0,26,0,A,A,0,Non Refund,208.0,0,Transient,50.0,0,0
Resort Hotel,1,275,2015,October,41,4,2,0,2,0.0,0,HB,PRT,Offline TA/TO,TA/TO,0,26,0,A,A,0,Non Refund,208.0,0,Transient,50.0,0,0
Resort Hotel,1,275,2015,October,41,4,2,0,2,0.0,0,HB,PRT,Offline TA/TO,TA/TO,0,26,0,A,A,0,Non Refund,208.0,0,Transient,50.0,0,0
Resort Hotel,1,275,2015,October,41,4,2,0,2,0.0,0,HB,PRT,Offline TA/TO,TA/TO,0,26,0,A,A,0,Non Refund,208.0,0,Transient,50.0,0,0
Resort Hotel,1,275,2015,October,41,4,2,0,2,0.0,0,HB,PRT,Offline TA/TO,TA/TO,0,26,0,A,A,0,Non Refund,208.0,0,Transient,50.0,0,0
Resort Hotel,1,275,2015,October,41,4,2,0,2,0.0,0,HB,PRT,Offline TA/TO,TA/TO,0,26,0,A,A,0,Non Refund,208.0,0,Transient,50.0,0,0
Resort Hotel,1,275,2015,October,41,4,2,0,2,0.0,0,HB,PRT,Offline TA/TO,TA/TO,0,26,0,A,A,0,Non Refund,208.0,0,Transient,50.0,0,0
Resort Hotel,1,236,2015,July,29,12,2,4,2,0.0,0,HB,PRT,Online TA,TA/TO,0,1,0,A,A,0,No Deposit,240.0,0,Transient,129.33,0,0
Resort Hotel,1,179,2015,July,31,29,2,6,2,0.0,0,HB,PRT,Online TA,TA/TO,0,1,0,A,A,0,No Deposit,240.0,0,Transient,164.0,0,1
Resort Hotel,1,267,2015,August,33,12,0,2,2,0.0,0,HB,PRT,Online TA,TA/TO,0,1,0,E,E,0,No Deposit,240.0,0,Transient,196.0,0,0
Resort Hotel,1,210,2015,August,35,25,0,5,2,0.0,0,BB,PRT,Online TA,TA/TO,0,1,0,A,A,0,No Deposit,240.0,0,Transient,134.0,0,1
Resort Hotel,1,211,2015,August,35,27,0,3,2,0.0,0,BB,PRT,Online TA,TA/TO,0,1,0,A,A,0,No Deposit,240.0,0,Transient,134.0,0,0
Resort Hotel,1,181,2015,August,32,6,2,5,2,0.0,0,HB,PRT,Online TA,TA/TO,0,1,0,A,A,0,No Deposit,240.0,0,Transient,164.0,0,1
Resort Hotel,1,200,2015,August,35,24,1,5,2,0.0,0,BB,PRT,Online TA,TA/TO,0,1,0,E,E,0,No Deposit,240.0,0,Transient,166.0,0,1
Resort Hotel,1,182,2015,July,27,4,2,6,2,0.0,0,HB,PRT,Online TA,TA/TO,0,2,0,A,A,0,No Deposit,240.0,0,Transient,112.0,0,1
Resort Hotel,1,202,2015,September,36,1,2,8,2,0.0,0,BB,PRT,Offline TA/TO,TA/TO,1,1,0,A,A,0,No Deposit,156.0,0,Contract,55.68,0,1
Resort Hotel,1,180,2015,August,33,9,4,9,2,0.0,0,BB,PRT,Online TA,TA/TO,0,1,0,A,A,0,No Deposit,240.0,0,Transient,134.0,0,0
Resort Hotel,1,184,2015,August,32,8,2,5,2,0.0,0,HB,PRT,Offline TA/TO,TA/TO,0,1,0,A,A,0,No Deposit,171.0,0,Transient,119.7,0,1
Resort Hotel,1,209,2015,September,36,2,2,5,2,0.0,0,BB,PRT,Offline TA/TO,TA/TO,0,1,0,A,A,0,No Deposit,5.0,0,Transient,58.95,0,0
Resort Hotel,1,213,2015,September,38,17,0,2,2,0.0,0,HB,PRT,Online TA,TA/TO,0,1,0,A,A,0,No Deposit,240.0,0,Transient,93.6,0,1
Resort Hotel,1,173,2015,August,34,16,2,5,2,0.0,0,BB,PRT,Direct,Direct,1,1,0,D,D,0,No Deposit,250.0,0,Transient,130.9,0,0
Resort Hotel,1,179,2015,August,33,11,3,10,2,0.0,0,BB,PRT,Online TA,TA/TO,0,1,0,A,A,0,No Deposit,240.0,0,Transient,134.0,0,0
Resort Hotel,1,135,2015,July,28,5,2,5,2,0.0,0,HB,PRT,Offline TA/TO,TA/TO,0,1,0,A,A,0,No Deposit,149.0,0,Transient,82.35,0,0
Resort Hotel,1,137,2015,July,29,13,2,5,2,0.0,0,BB,PRT,Direct,Direct,1,1,0,A,A,0,No Deposit,250.0,0,Transient,8.0,0,0
Resort Hotel,1,222,2015,September,38,15,1,5,2,0.0,0,FB,PRT,Groups,Corporate,0,1,0,A,A,0,Non Refund,252.0,0,Transient,49.95,0,0
Resort Hotel,1,222,2015,September,38,15,1,5,2,0.0,0,FB,PRT,Groups,Corporate,0,25,0,A,A,0,Non Refund,252.0,0,Transient,49.95,0,0
Resort Hotel,1,222,2015,September,38,15,1,5,2,0.0,0,FB,PRT,Groups,Corporate,0,25,0,A,A,0,Non Refund,252.0,0,Transient,49.95,0,0
Resort Hotel,1,222,2015,September,38,15,1,5,2,0.0,0,FB,PRT,Groups,Corporate,0,25,0,A,A,0,Non Refund,252.0,0,Transient,49.95,0,0
Resort Hotel,1,222,2015,September,38,15,1,5,2,0.0,0,FB,PRT,Groups,Corporate,0,25,0,A,A,0,Non Refund,252.0,0,Transient,49.95,0,0
Resort Hotel,1,222,2015,September,38,15,1,5,2,0.0,0,FB,PRT,Groups,Corporate,0,25,0,A,A,0,Non Refund,252.0,0,Transient,49.95,0,0
Resort Hotel,1,222,2015,September,38,15,1,5,2,0.0,0,FB,PRT,Groups,Corporate,0,25,0,A,A,0,Non Refund,252.0,0,Transient,49.95,0,0
Resort Hotel,1,222,2015,September,38,15,1,5,2,0.0,0,FB,PRT,Groups,Corporate,0,25,0,A,A,0,Non Refund,252.0,0,Transient,49.95,0,0
Resort Hotel,1,222,2015,September,38,15,1,5,2,0.0,0,FB,PRT,Groups,Corporate,0,25,0,A,A,0,Non Refund,252.0,0,Transient,49.95,0,0
Resort Hotel,1,222,2015,September,38,15,1,5,2,0.0,0,FB,PRT,Groups,Corporate,0,25,0,A,A,0,Non Refund,252.0,0,Transient,49.95,0,0
Resort Hotel,1,222,2015,September,38,15,1,5,2,0.0,0,FB,PRT,Groups,Corporate,0,25,0,A,A,0,Non Refund,252.0,0,Transient,38.0,0,0
Resort Hotel,1,222,2015,September,38,15,1,5,2,0.0,0,FB,PRT,Groups,Corporate,0,25,0,A,A,0,Non Refund,252.0,0,Transient,49.95,0,0
Resort Hotel,1,222,2015,September,38,15,1,5,2,0.0,0,FB,PRT,Groups,Corporate,0,25,0,A,A,0,Non Refund,252.0,0,Transient,49.95,0,0
Resort Hotel,1,222,2015,September,38,15,1,5,2,0.0,0,FB,PRT,Groups,Corporate,0,25,0,A,A,0,Non Refund,252.0,0,Transient,49.95,0,0
Resort Hotel,1,222,2015,September,38,15,1,5,2,0.0,0,FB,PRT,Groups,Corporate,0,25,0,A,A,0,Non Refund,252.0,0,Transient,49.95,0,0
Resort Hotel,1,222,2015,September,38,15,1,5,2,0.0,0,FB,PRT,Groups,Corporate,0,25,0,A,A,0,Non Refund,252.0,0,Transient,49.95,0,0
Resort Hotel,1,222,2015,September,38,15,1,5,2,0.0,0,FB,PRT,Groups,Corporate,0,25,0,A,A,0,Non Refund,252.0,0,Transient,49.95,0,0
Resort Hotel,1,222,2015,September,38,15,1,5,2,0.0,0,FB,PRT,Groups,Corporate,0,25,0,A,A,0,Non Refund,252.0,0,Transient,49.95,0,0
Resort Hotel,1,222,2015,September,38,15,1,5,2,0.0,0,FB,PRT,Groups,Corporate,0,25,0,A,A,0,Non Refund,252.0,0,Transient,49.95,0,0
Resort Hotel,1,222,2015,September,38,15,1,5,2,0.0,0,FB,PRT,Groups,Corporate,0,25,0,A,A,0,Non Refund,252.0,0,Transient,49.95,0,0
Resort Hotel,1,222,2015,September,38,15,1,5,2,0.0,0,FB,PRT,Groups,Corporate,0,25,0,A,A,0,Non Refund,252.0,0,Transient,49.95,0,0
Resort Hotel,1,222,2015,September,38,15,1,5,2,0.0,0,FB,PRT,Groups,Corporate,0,25,0,A,A,0,Non Refund,252.0,0,Transient,49.95,0,0
Resort Hotel,1,222,2015,September,38,15,1,5,2,0.0,0,FB,PRT,Groups,Corporate,0,25,0,A,A,0,Non Refund,252.0,0,Transient,49.95,0,0
Resort Hotel,1,222,2015,September,38,15,1,5,2,0.0,0,FB,PRT,Groups,Corporate,0,25,0,A,A,0,Non Refund,252.0,0,Transient,49.95,0,0
Resort Hotel,1,222,2015,September,38,15,1,5,2,0.0,0,FB,PRT,Groups,Corporate,0,25,0,A,A,0,Non Refund,252.0,0,Transient,49.95,0,0
Resort Hotel,1,222,2015,September,38,15,1,5,2,0.0,0,FB,PRT,Groups,Corporate,0,25,0,A,A,0,Non Refund,252.0,0,Transient,49.95,0,0
Resort Hotel,1,207,2015,September,39,26,1,1,2,0.0,0,HB,PRT,Offline TA/TO,TA/TO,1,1,0,A,A,0,No Deposit,208.0,0,Transient,34.0,0,0
Resort Hotel,1,207,2015,September,39,26,1,1,2,0.0,0,HB,PRT,Offline TA/TO,TA/TO,1,1,0,A,A,0,No Deposit,208.0,0,Transient,34.0,0,0
Resort Hotel,1,207,2015,September,39,26,1,1,2,0.0,0,HB,PRT,Offline TA/TO,TA/TO,1,1,0,A,A,0,No Deposit,208.0,0,Transient,34.0,0,0
Resort Hotel,1,207,2015,September,39,26,1,1,2,0.0,0,HB,PRT,Offline TA/TO,TA/TO,1,1,0,A,A,0,No Deposit,208.0,0,Transient,34.0,0,0
Resort Hotel,1,207,2015,September,39,26,1,1,2,0.0,0,HB,PRT,Offline TA/TO,TA/TO,1,1,0,A,A,0,No Deposit,208.0,0,Transient,34.0,0,0
Resort Hotel,1,207,2015,September,39,26,1,1,2,0.0,0,HB,PRT,Offline TA/TO,TA/TO,1,1,0,A,A,0,No Deposit,208.0,0,Transient,34.0,0,0
Resort Hotel,1,207,2015,September,39,26,1,1,2,0.0,0,HB,PRT,Offline TA/TO,TA/TO,1,1,0,A,A,0,No Deposit,208.0,0,Transient,34.0,0,0
Resort Hotel,1,207,2015,September,39,26,1,1,2,0.0,0,HB,PRT,Offline TA/TO,TA/TO,1,1,0,A,A,0,No Deposit,208.0,0,Transient,34.0,0,0
Resort Hotel,1,207,2015,September,39,26,1,1,2,0.0,0,HB,PRT,Offline TA/TO,TA/TO,1,1,0,A,A,0,No Deposit,208.0,0,Transient,34.0,0,0
Resort Hotel,1,207,2015,September,39,26,1,1,2,0.0,0,HB,PRT,Offline TA/TO,TA/TO,1,1,0,A,A,0,No Deposit,208.0,0,Transient,34.0,0,0
Resort Hotel,1,129,2015,July,27,4,4,6,2,0.0,0,BB,PRT,Online TA,TA/TO,0,1,0,D,D,0,No Deposit,240.0,0,Transient,141.0,0,1
Resort Hotel,1,128,2015,July,28,5,2,5,2,0.0,0,BB,PRT,Offline TA/TO,TA/TO,0,1,0,A,A,0,No Deposit,149.0,0,Transient,58.95,0,0
Resort Hotel,1,268,2015,November,47,19,0,3,2,0.0,0,BB,PRT,Online TA,TA/TO,0,1,0,A,A,0,No Deposit,240.0,0,Transient,36.0,0,2
Resort Hotel,1,127,2015,July,28,8,2,4,2,0.0,0,FB,PRT,Offline TA/TO,TA/TO,0,1,0,D,D,0,No Deposit,5.0,0,Transient,118.35,0,0
Resort Hotel,1,289,2015,November,48,26,0,1,2,0.0,0,BB,PRT,Online TA,TA/TO,0,1,0,A,A,0,No Deposit,240.0,0,Transient,36.0,0,0
Resort Hotel,1,140,2015,July,28,6,2,5,2,0.0,0,HB,PRT,Online TA,TA/TO,0,1,0,A,A,0,No Deposit,240.0,0,Transient,112.0,0,1
Resort Hotel,1,141,2015,July,27,4,2,5,2,0.0,0,BB,PRT,Online TA,TA/TO,0,1,0,A,A,0,No Deposit,240.0,0,Transient,123.0,0,1
Resort Hotel,1,122,2015,July,27,2,1,3,2,0.0,0,BB,PRT,Online TA,TA/TO,0,1,0,A,A,0,No Deposit,240.0,0,Transient,110.7,0,1
Resort Hotel,1,187,2015,August,32,4,0,5,2,0.0,0,BB,PRT,Online TA,TA/TO,0,1,0,A,A,0,No Deposit,240.0,0,Transient,134.0,0,1
Resort Hotel,1,191,2015,July,28,11,2,5,2,0.0,0,HB,PRT,Online TA,TA/TO,0,1,0,A,A,0,No Deposit,240.0,0,Transient,126.86,0,1
Resort Hotel,1,131,2015,July,27,4,2,5,2,0.0,0,BB,PRT,Online TA,TA/TO,0,1,0,A,A,0,No Deposit,240.0,0,Transient,123.0,0,1
Resort Hotel,1,231,2015,July,28,7,2,6,2,0.0,0,BB,PRT,Online TA,TA/TO,0,1,0,A,A,0,No Deposit,240.0,0,Transient,110.7,0,0
Resort Hotel,1,139,2015,July,29,13,4,10,2,0.0,0,BB,PRT,Offline TA/TO,TA/TO,0,1,0,D,D,1,No Deposit,143.0,0,Contract,67.58,0,1
Resort Hotel,1,139,2015,July,29,13,4,10,2,0.0,0,BB,PRT,Offline TA/TO,TA/TO,0,1,0,D,D,1,No Deposit,143.0,0,Contract,67.58,0,1
Resort Hotel,1,187,2015,July,28,7,2,5,2,0.0,0,BB,PRT,Offline TA/TO,TA/TO,0,1,0,D,D,0,No Deposit,2.0,0,Transient,71.55,0,0
Resort Hotel,1,265,2015,September,39,24,1,3,2,0.0,0,HB,BEL,Groups,Corporate,0,1,0,A,A,0,Non Refund,183.0,0,Transient,89.2,0,0
Resort Hotel,1,265,2015,September,39,24,1,3,2,0.0,0,HB,BEL,Groups,Corporate,0,14,0,A,A,0,Non Refund,183.0,0,Transient,89.2,0,0
Resort Hotel,1,265,2015,September,39,24,1,3,2,0.0,0,HB,BEL,Groups,Corporate,0,14,0,A,A,0,Non Refund,183.0,0,Transient,89.2,0,0
Resort Hotel,1,265,2015,September,39,24,1,3,2,0.0,0,HB,BEL,Groups,Corporate,0,14,0,A,A,0,Non Refund,183.0,0,Transient,89.2,0,0
Resort Hotel,1,265,2015,September,39,24,1,3,2,0.0,0,HB,BEL,Groups,Corporate,0,14,0,A,A,0,Non Refund,183.0,0,Transient,89.2,0,0
Resort Hotel,1,265,2015,September,39,24,1,3,2,0.0,0,HB,BEL,Groups,Corporate,0,14,0,A,A,0,Non Refund,183.0,0,Transient,89.2,0,0
Resort Hotel,1,265,2015,September,39,24,1,3,2,0.0,0,HB,BEL,Groups,Corporate,0,14,0,A,A,0,Non Refund,183.0,0,Transient,89.2,0,0
Resort Hotel,1,265,2015,September,39,24,1,3,2,0.0,0,HB,BEL,Groups,Corporate,0,14,0,A,A,0,Non Refund,183.0,0,Transient,89.2,0,0
Resort Hotel,1,265,2015,September,39,24,1,3,2,0.0,0,HB,BEL,Groups,Corporate,0,14,0,A,A,0,Non Refund,183.0,0,Transient,89.2,0,0
Resort Hotel,1,265,2015,September,39,24,1,3,2,0.0,0,HB,BEL,Groups,Corporate,0,14,0,A,A,0,Non Refund,183.0,0,Transient,89.2,0,0
Resort Hotel,1,265,2015,September,39,24,1,3,2,0.0,0,HB,BEL,Groups,Corporate,0,14,0,A,A,0,Non Refund,183.0,0,Transient,89.2,0,0
Resort Hotel,1,265,2015,September,39,24,1,3,2,0.0,0,HB,BEL,Groups,Corporate,0,14,0,A,A,0,Non Refund,183.0,0,Transient,89.2,0,0
Resort Hotel,1,265,2015,September,39,24,1,3,2,0.0,0,HB,BEL,Groups,Corporate,0,14,0,A,A,0,Non Refund,183.0,0,Transient,89.2,0,0
Resort Hotel,1,265,2015,September,39,24,1,3,2,0.0,0,HB,BEL,Groups,Corporate,0,14,0,A,A,0,Non Refund,183.0,0,Transient,89.2,0,0
Resort Hotel,1,265,2015,September,39,24,1,3,2,0.0,0,HB,BEL,Groups,Corporate,0,14,0,A,A,0,Non Refund,183.0,0,Transient,89.2,0,0
Resort Hotel,1,93,2015,July,28,5,2,5,2,0.0,0,BB,PRT,Offline TA/TO,TA/TO,1,1,0,A,A,0,No Deposit,243.0,0,Contract,55.68,0,0
Resort Hotel,1,180,2015,July,30,21,2,6,2,0.0,0,BB,PRT,Online TA,TA/TO,0,1,0,A,A,0,No Deposit,240.0,0,Transient,120.6,0,1
Resort Hotel,1,237,2015,August,35,27,2,6,2,0.0,0,BB,PRT,Online TA,TA/TO,0,3,0,A,A,0,No Deposit,240.0,0,Transient,103.05,0,1
Resort Hotel,1,237,2015,August,35,27,2,6,2,0.0,0,BB,PRT,Online TA,TA/TO,0,3,0,A,A,0,No Deposit,240.0,0,Transient,88.98,0,1
Resort Hotel,1,237,2015,August,35,27,2,6,2,0.0,0,BB,PRT,Online TA,TA/TO,0,3,0,A,A,0,No Deposit,240.0,0,Transient,103.05,0,1
Resort Hotel,1,152,2015,August,31,1,4,10,2,0.0,0,HB,PRT,Offline TA/TO,TA/TO,0,1,0,A,A,0,No Deposit,149.0,0,Transient,119.7,0,0
Resort Hotel,0,134,2017,April,15,13,0,3,2,0.0,0,HB,PRT,Offline TA/TO,TA/TO,1,0,4,D,D,1,No Deposit,3.0,0,Group,79.2,0,1
Resort Hotel,0,12,2016,April,16,15,0,2,2,0.0,0,BB,ESP,Online TA,TA/TO,1,0,1,D,E,0,No Deposit,240.0,0,Transient,75.0,0,1
Resort Hotel,0,72,2016,March,13,25,1,2,2,0.0,0,BB,PRT,Direct,Direct,1,0,1,D,D,0,No Deposit,250.0,0,Transient,132.0,1,1
Resort Hotel,0,107,2016,August,35,24,2,4,2,0.0,0,BB,,Direct,Direct,1,0,2,F,F,0,No Deposit,,0,Transient,227.86,1,0
Resort Hotel,0,22,2017,August,34,25,2,2,2,0.0,0,BB,PRT,Direct,Direct,1,0,5,A,A,1,No Deposit,,0,Transient,200.0,1,3
Resort Hotel,1,37,2016,March,13,24,1,3,2,0.0,0,BB,PRT,Direct,Direct,1,2,1,A,A,0,No Deposit,,0,Transient,73.75,0,2
Resort Hotel,1,228,2015,September,37,12,2,5,2,0.0,0,BB,PRT,Online TA,TA/TO,0,1,0,A,A,0,No Deposit,240.0,0,Transient,78.57,0,1
Resort Hotel,1,146,2015,July,31,26,2,3,2,0.0,0,BB,PRT,Online TA,TA/TO,0,1,0,A,E,1,No Deposit,240.0,0,Transient,164.0,0,1
Resort Hotel,1,177,2015,August,33,15,2,5,2,0.0,0,HB,PRT,Offline TA/TO,TA/TO,0,1,0,A,A,0,No Deposit,6.0,0,Transient-Party,119.7,0,0
Resort Hotel,1,270,2015,November,47,16,1,3,2,0.0,0,HB,PRT,Online TA,TA/TO,0,1,0,A,E,1,No Deposit,240.0,0,Transient-Party,59.4,0,1
Resort Hotel,1,216,2015,August,32,8,2,3,2,0.0,0,BB,PRT,Online TA,TA/TO,0,1,0,E,E,1,No Deposit,240.0,0,Transient,166.0,0,1
Resort Hotel,1,256,2015,August,31,1,4,6,2,0.0,0,BB,PRT,Online TA,TA/TO,0,1,0,E,E,0,No Deposit,240.0,0,Transient-Party,166.0,0,1
Resort Hotel,1,256,2015,August,31,1,4,6,2,0.0,0,BB,PRT,Online TA,TA/TO,0,1,0,A,A,0,No Deposit,240.0,0,Transient-Party,120.6,0,1
Resort Hotel,0,75,2016,April,15,9,2,5,2,0.0,0,BB,PRT,Online TA,TA/TO,1,0,1,E,E,0,No Deposit,240.0,0,Transient,94.0,1,1
Resort Hotel,1,150,2015,July,28,10,2,2,2,0.0,0,BB,PRT,Online TA,TA/TO,0,1,0,A,A,0,No Deposit,240.0,0,Transient,123.0,0,1
Resort Hotel,0,15,2016,February,9,26,0,1,2,0.0,0,BB,PRT,Corporate,Corporate,1,1,3,A,E,2,No Deposit,,0,Transient,45.0,0,1
Resort Hotel,1,169,2015,August,31,1,3,6,2,0.0,0,BB,PRT,Direct,Direct,0,1,0,A,A,1,No Deposit,250.0,0,Transient,125.9,0,1
Resort Hotel,0,0,2015,November,47,18,0,1,2,0.0,0,BB,PRT,Direct,Direct,1,0,1,A,D,0,No Deposit,,0,Transient,43.0,0,0
Resort Hotel,0,0,2017,February,7,17,0,1,2,0.0,0,BB,PRT,Direct,Direct,1,0,2,A,A,0,No Deposit,,0,Transient,54.0,0,0
Resort Hotel,0,195,2017,March,10,5,4,6,2,0.0,0,BB,GBR,Groups,Direct,1,0,2,A,H,2,No Deposit,273.0,0,Transient-Party,-6.38,0,0
Resort Hotel,0,252,2017,April,16,22,2,6,2,0.0,0,HB,GBR,Complementary,TA/TO,1,0,3,A,H,4,No Deposit,273.0,0,Transient-Party,0.0,0,1
Resort Hotel,1,166,2015,July,29,15,0,2,2,0.0,0,FB,PRT,Groups,TA/TO,0,1,0,A,A,0,Non Refund,,0,Transient,121.5,0,0
Resort Hotel,1,166,2015,July,29,15,0,2,2,0.0,0,FB,PRT,Groups,TA/TO,0,24,0,A,A,0,Non Refund,,0,Transient,121.5,0,0
Resort Hotel,1,166,2015,July,29,15,0,2,2,0.0,0,FB,PRT,Groups,TA/TO,0,24,0,A,A,0,Non Refund,,0,Transient,121.5,0,0
Resort Hotel,1,166,2015,July,29,15,0,2,2,0.0,0,FB,PRT,Groups,TA/TO,0,24,0,A,A,0,Non Refund,,0,Transient,121.5,0,0
Resort Hotel,1,166,2015,July,29,15,0,2,2,0.0,0,FB,PRT,Groups,TA/TO,0,24,0,A,A,0,Non Refund,,0,Transient,121.5,0,0
Resort Hotel,1,166,2015,July,29,15,0,2,2,0.0,0,FB,PRT,Groups,TA/TO,0,24,0,A,A,0,Non Refund,,0,Transient,121.5,0,0
Resort Hotel,1,166,2015,July,29,15,0,2,2,0.0,0,FB,PRT,Groups,TA/TO,0,24,0,A,A,0,Non Refund,,0,Transient,121.5,0,0
Resort Hotel,1,166,2015,July,29,15,0,2,2,0.0,0,FB,PRT,Groups,TA/TO,0,24,0,A,A,0,Non Refund,,0,Transient,121.5,0,0
Resort Hotel,1,166,2015,July,29,15,0,2,2,0.0,0,FB,PRT,Groups,TA/TO,0,24,0,A,A,0,Non Refund,,0,Transient,121.5,0,0
Resort Hotel,1,166,2015,July,29,15,0,2,2,0.0,0,FB,PRT,Groups,TA/TO,0,24,0,A,A,0,Non Refund,,0,Transient,121.5,0,0
Resort Hotel,1,166,2015,July,29,15,0,2,2,0.0,0,FB,PRT,Groups,TA/TO,0,24,0,A,A,0,Non Refund,,0,Transient,121.5,0,0
Resort Hotel,1,166,2015,July,29,15,0,2,2,0.0,0,FB,PRT,Groups,TA/TO,0,24,0,A,A,0,Non Refund,,0,Transient,121.5,0,0
Resort Hotel,1,166,2015,July,29,15,0,2,2,0.0,0,FB,PRT,Groups,TA/TO,0,24,0,A,A,0,Non Refund,,0,Transient,121.5,0,0
Resort Hotel,1,166,2015,July,29,15,0,2,2,0.0,0,FB,PRT,Groups,TA/TO,0,24,0,A,A,0,Non Refund,,0,Transient,121.5,0,0
Resort Hotel,1,166,2015,July,29,15,0,2,2,0.0,0,FB,PRT,Groups,TA/TO,0,24,0,A,A,0,Non Refund,,0,Transient,121.5,0,0
Resort Hotel,1,166,2015,July,29,15,0,2,2,0.0,0,FB,PRT,Groups,TA/TO,0,24,0,A,A,0,Non Refund,,0,Transient,121.5,0,0
Resort Hotel,1,166,2015,July,29,15,0,2,2,0.0,0,FB,PRT,Groups,TA/TO,0,24,0,A,A,0,Non Refund,,0,Transient,121.5,0,0
Resort Hotel,1,166,2015,July,29,15,0,2,2,0.0,0,FB,PRT,Groups,TA/TO,0,24,0,A,A,0,Non Refund,,0,Transient,121.5,0,0
Resort Hotel,1,166,2015,July,29,15,0,2,2,0.0,0,FB,PRT,Groups,TA/TO,0,24,0,A,A,0,Non Refund,,0,Transient,121.5,0,0
Resort Hotel,1,166,2015,July,29,15,0,2,2,0.0,0,FB,PRT,Groups,TA/TO,0,24,0,A,A,0,Non Refund,,0,Transient,121.5,0,0
Resort Hotel,1,166,2015,July,29,15,0,2,2,0.0,0,FB,PRT,Groups,TA/TO,0,24,0,A,A,0,Non Refund,,0,Transient,121.5,0,0
Resort Hotel,1,166,2015,July,29,15,0,2,2,0.0,0,FB,PRT,Groups,TA/TO,0,24,0,A,A,0,Non Refund,,0,Transient,121.5,0,0
Resort Hotel,1,166,2015,July,29,15,0,2,2,0.0,0,FB,PRT,Groups,TA/TO,0,24,0,A,A,0,Non Refund,,0,Transient,121.5,0,0
Resort Hotel,1,166,2015,July,29,15,0,2,2,0.0,0,FB,PRT,Groups,TA/TO,0,24,0,A,A,0,Non Refund,,0,Transient,121.5,0,0
Resort Hotel,1,166,2015,July,29,15,0,2,2,0.0,0,FB,PRT,Groups,TA/TO,0,24,0,A,A,0,Non Refund,,0,Transient,121.5,0,0
Resort Hotel,1,244,2015,September,36,3,0,3,2,0.0,0,BB,PRT,Offline TA/TO,TA/TO,0,1,0,A,A,0,Non Refund,,0,Transient,36.0,0,0
Resort Hotel,1,244,2015,September,36,3,0,3,2,0.0,0,BB,PRT,Offline TA/TO,TA/TO,0,19,0,A,A,0,Non Refund,,0,Transient,36.0,0,0
Resort Hotel,1,244,2015,September,36,3,0,3,2,0.0,0,BB,PRT,Offline TA/TO,TA/TO,0,19,0,A,A,0,Non Refund,,0,Transient,36.0,0,0
Resort Hotel,1,244,2015,September,36,3,0,3,2,0.0,0,BB,PRT,Offline TA/TO,TA/TO,0,19,0,A,A,0,Non Refund,,0,Transient,36.0,0,0
Resort Hotel,1,244,2015,September,36,3,0,3,2,0.0,0,BB,PRT,Offline TA/TO,TA/TO,0,19,0,A,A,0,Non Refund,,0,Transient,36.0,0,0
Resort Hotel,1,244,2015,September,36,3,0,3,2,0.0,0,BB,PRT,Offline TA/TO,TA/TO,0,19,0,A,A,0,Non Refund,,0,Transient,36.0,0,0
Resort Hotel,1,244,2015,September,36,3,0,3,2,0.0,0,BB,PRT,Offline TA/TO,TA/TO,0,19,0,A,A,0,Non Refund,,0,Transient,36.0,0,0
Resort Hotel,1,244,2015,September,36,3,0,3,2,0.0,0,BB,PRT,Offline TA/TO,TA/TO,0,19,0,A,A,0,Non Refund,,0,Transient,36.0,0,0
Resort Hotel,1,244,2015,September,36,3,0,3,2,0.0,0,BB,PRT,Offline TA/TO,TA/TO,0,19,0,A,A,0,Non Refund,,0,Transient,36.0,0,0
Resort Hotel,1,244,2015,September,36,3,0,3,2,0.0,0,BB,PRT,Offline TA/TO,TA/TO,0,19,0,A,A,0,Non Refund,,0,Transient,36.0,0,0
Resort Hotel,1,244,2015,September,36,3,0,3,2,0.0,0,BB,PRT,Offline TA/TO,TA/TO,0,19,0,A,A,0,Non Refund,,0,Transient,36.0,0,0
Resort Hotel,1,244,2015,September,36,3,0,3,2,0.0,0,BB,PRT,Offline TA/TO,TA/TO,0,19,0,A,A,0,Non Refund,,0,Transient,36.0,0,0
Resort Hotel,1,244,2015,September,36,3,0,3,2,0.0,0,BB,PRT,Offline TA/TO,TA/TO,0,19,0,A,A,0,Non Refund,,0,Transient,36.0,0,0
Resort Hotel,1,244,2015,September,36,3,0,3,2,0.0,0,BB,PRT,Offline TA/TO,TA/TO,0,19,0,A,A,0,Non Refund,,0,Transient,36.0,0,0
Resort Hotel,1,244,2015,September,36,3,0,3,2,0.0,0,BB,PRT,Offline TA/TO,TA/TO,0,19,0,A,A,0,Non Refund,,0,Transient,36.0,0,0
Resort Hotel,1,244,2015,September,36,3,0,3,2,0.0,0,BB,PRT,Offline TA/TO,TA/TO,0,19,0,A,A,0,Non Refund,,0,Transient,36.0,0,0
Resort Hotel,1,244,2015,September,36,3,0,3,2,0.0,0,BB,PRT,Offline TA/TO,TA/TO,0,19,0,A,A,0,Non Refund,,0,Transient,36.0,0,0
Resort Hotel,1,244,2015,September,36,3,0,3,2,0.0,0,BB,PRT,Offline TA/TO,TA/TO,0,19,0,A,A,0,Non Refund,,0,Transient,36.0,0,0
Resort Hotel,1,244,2015,September,36,3,0,3,2,0.0,0,BB,PRT,Offline TA/TO,TA/TO,0,19,0,A,A,0,Non Refund,,0,Transient,36.0,0,0
Resort Hotel,1,244,2015,September,36,3,0,3,2,0.0,0,BB,PRT,Offline TA/TO,TA/TO,0,19,0,A,A,0,Non Refund,,0,Transient,36.0,0,0
Resort Hotel,1,203,2015,September,36,1,0,2,2,0.0,0,BB,PRT,Offline TA/TO,TA/TO,0,1,0,A,A,0,No Deposit,241.0,0,Transient,61.65,0,1
Resort Hotel,1,212,2015,August,31,1,2,6,2,0.0,0,BB,PRT,Online TA,TA/TO,0,1,0,D,D,0,No Deposit,240.0,0,Transient,184.0,0,1
Resort Hotel,0,2,2017,January,5,29,2,3,2,0.0,0,BB,PRT,Online TA,TA/TO,1,0,1,A,A,0,No Deposit,240.0,0,Transient,48.0,0,0
Resort Hotel,1,299,2015,September,38,13,4,5,2,0.0,0,BB,PRT,Offline TA/TO,TA/TO,0,1,0,D,D,0,No Deposit,115.0,0,Transient,71.55,0,1
Resort Hotel,0,191,2016,April,17,22,1,2,2,0.0,0,Undefined,PRT,Offline TA/TO,Direct,1,0,1,A,A,1,No Deposit,,0,Transient-Party,85.33,0,0
Resort Hotel,0,96,2015,December,53,29,0,5,2,0.0,0,HB,PRT,Direct,Direct,1,0,1,A,D,0,No Deposit,,0,Transient,120.02,0,1
Resort Hotel,0,61,2016,December,53,29,0,3,2,0.0,0,HB,PRT,Direct,Direct,1,0,2,D,D,1,No Deposit,,0,Transient,171.33,1,1
Resort Hotel,0,49,2016,December,53,30,0,2,2,0.0,0,BB,PRT,Direct,TA/TO,1,0,2,D,D,0,No Deposit,,0,Transient,225.0,0,1
Resort Hotel,1,179,2015,August,32,3,1,4,2,0.0,0,HB,PRT,Online TA,TA/TO,0,1,0,E,F,0,No Deposit,240.0,0,Transient,211.0,0,0
Resort Hotel,1,200,2015,September,37,7,1,4,2,0.0,0,BB,PRT,Online TA,TA/TO,0,3,0,A,A,0,No Deposit,240.0,0,Transient-Party,73.8,0,2
Resort Hotel,1,200,2015,September,37,7,1,4,2,0.0,0,BB,PRT,Online TA,TA/TO,0,3,0,A,A,0,No Deposit,240.0,0,Transient-Party,73.8,0,2
Resort Hotel,0,81,2016,May,19,3,2,7,2,0.0,0,BB,IRL,Offline TA/TO,TA/TO,1,0,1,D,D,1,No Deposit,314.0,0,Transient,52.56,0,0
Resort Hotel,1,155,2015,July,29,18,2,6,2,0.0,0,HB,PRT,Offline TA/TO,TA/TO,0,1,0,A,A,0,No Deposit,142.0,0,Contract,121.7,0,0
Resort Hotel,0,221,2017,April,18,30,2,5,2,0.0,0,HB,GBR,Groups,TA/TO,1,0,1,A,A,0,No Deposit,,0,Transient-Party,71.43,0,0
Resort Hotel,1,250,2015,July,31,26,2,1,2,0.0,0,BB,PRT,Online TA,TA/TO,0,1,0,E,E,1,No Deposit,240.0,0,Transient,178.0,0,0
Resort Hotel,0,0,2017,May,18,2,0,2,2,0.0,0,BB,ITA,Direct,Direct,1,0,1,A,D,0,No Deposit,,0,Transient,85.0,0,1
Resort Hotel,0,0,2017,May,19,11,0,1,2,0.0,0,BB,PRT,Direct,Direct,1,0,1,A,C,0,No Deposit,,0,Transient,80.0,1,1
Resort Hotel,1,198,2015,August,34,22,2,5,2,0.0,0,HB,PRT,Online TA,TA/TO,0,2,0,A,A,0,No Deposit,240.0,0,Transient-Party,147.6,0,2
Resort Hotel,1,198,2015,August,34,22,2,5,2,0.0,0,HB,PRT,Online TA,TA/TO,0,2,0,A,A,0,No Deposit,240.0,0,Transient-Party,147.6,0,2
Resort Hotel,1,135,2015,July,28,8,1,4,2,0.0,0,BB,PRT,Online TA,TA/TO,0,1,0,A,A,0,No Deposit,240.0,0,Transient,123.0,0,0
Resort Hotel,1,252,2015,September,37,10,2,5,2,0.0,0,BB,PRT,Online TA,TA/TO,0,1,0,A,A,0,No Deposit,240.0,0,Transient,80.86,0,1
Resort Hotel,1,183,2015,August,32,8,2,5,2,0.0,0,HB,PRT,Offline TA/TO,TA/TO,0,1,0,A,A,0,No Deposit,149.0,0,Transient,119.7,0,2
Resort Hotel,1,277,2015,October,41,6,2,5,2,0.0,0,HB,GBR,Groups,Direct,0,2,0,E,E,0,No Deposit,273.0,0,Transient-Party,79.2,0,0
Resort Hotel,1,277,2015,October,41,6,2,5,2,0.0,0,HB,GBR,Groups,Direct,0,2,0,E,E,0,No Deposit,273.0,0,Transient-Party,79.2,0,0
Resort Hotel,1,152,2015,July,29,18,2,6,2,0.0,0,HB,PRT,Offline TA/TO,TA/TO,0,1,0,A,A,1,No Deposit,142.0,0,Contract,126.1,0,1
Resort Hotel,1,144,2015,August,31,1,2,5,2,0.0,0,BB,PRT,Offline TA/TO,TA/TO,0,1,0,A,D,0,No Deposit,6.0,0,Transient,90.95,0,1
Resort Hotel,0,1,2017,March,10,9,0,1,2,0.0,0,BB,PRT,Online TA,Direct,1,0,4,A,D,0,No Deposit,240.0,0,Transient,65.0,0,2
Resort Hotel,1,167,2015,July,28,7,0,2,2,0.0,0,BB,PRT,Online TA,TA/TO,0,1,0,A,A,0,No Deposit,240.0,0,Transient,110.7,0,1
Resort Hotel,1,214,2015,October,40,3,1,1,2,0.0,0,HB,PRT,Offline TA/TO,TA/TO,0,1,0,A,A,0,No Deposit,208.0,0,Transient,34.0,0,0
Resort Hotel,1,214,2015,October,40,3,1,1,2,0.0,0,HB,PRT,Offline TA/TO,TA/TO,0,1,0,A,A,0,No Deposit,208.0,0,Transient,34.0,0,0
Resort Hotel,1,214,2015,October,40,3,1,1,2,0.0,0,HB,PRT,Offline TA/TO,TA/TO,0,1,0,A,A,0,No Deposit,208.0,0,Transient,34.0,0,0
Resort Hotel,1,214,2015,October,40,3,1,1,2,0.0,0,HB,PRT,Offline TA/TO,TA/TO,0,1,0,A,A,0,No Deposit,208.0,0,Transient,34.0,0,0
Resort Hotel,1,214,2015,October,40,3,1,1,2,0.0,0,HB,PRT,Offline TA/TO,TA/TO,0,1,0,A,A,0,No Deposit,208.0,0,Transient,34.0,0,0
Resort Hotel,1,214,2015,October,40,3,1,1,2,0.0,0,HB,PRT,Offline TA/TO,TA/TO,0,1,0,A,A,0,No Deposit,208.0,0,Transient,34.0,0,0
Resort Hotel,1,214,2015,October,40,3,1,1,2,0.0,0,HB,PRT,Offline TA/TO,TA/TO,0,1,0,A,A,0,No Deposit,208.0,0,Transient,34.0,0,0
Resort Hotel,1,214,2015,October,40,3,1,1,2,0.0,0,HB,PRT,Offline TA/TO,TA/TO,0,1,0,A,A,0,No Deposit,208.0,0,Transient,34.0,0,0
Resort Hotel,1,214,2015,October,40,3,1,1,2,0.0,0,HB,PRT,Offline TA/TO,TA/TO,0,1,0,A,A,0,No Deposit,208.0,0,Transient,34.0,0,0
Resort Hotel,1,214,2015,October,40,3,1,1,2,0.0,0,HB,PRT,Offline TA/TO,TA/TO,0,1,0,A,A,0,No Deposit,208.0,0,Transient,34.0,0,0
Resort Hotel,1,214,2015,October,40,3,1,1,2,0.0,0,HB,PRT,Offline TA/TO,TA/TO,0,1,0,A,A,0,No Deposit,208.0,0,Transient,34.0,0,0
Resort Hotel,1,214,2015,October,40,3,1,1,2,0.0,0,HB,PRT,Offline TA/TO,TA/TO,0,1,0,A,A,0,No Deposit,208.0,0,Transient,34.0,0,0
Resort Hotel,1,214,2015,October,40,3,1,1,2,0.0,0,HB,PRT,Offline TA/TO,TA/TO,0,1,0,A,A,0,No Deposit,208.0,0,Transient,34.0,0,0
Resort Hotel,1,214,2015,October,40,3,1,1,2,0.0,0,HB,PRT,Offline TA/TO,TA/TO,0,1,0,A,A,0,No Deposit,208.0,0,Transient,34.0,0,0
Resort Hotel,1,214,2015,October,40,3,1,1,2,0.0,0,HB,PRT,Offline TA/TO,TA/TO,0,1,0,A,A,0,No Deposit,208.0,0,Transient,34.0,0,0
Resort Hotel,1,214,2015,October,40,3,1,1,2,0.0,0,HB,PRT,Offline TA/TO,TA/TO,0,1,0,A,A,0,No Deposit,208.0,0,Transient,34.0,0,0
Resort Hotel,1,214,2015,October,40,3,1,1,2,0.0,0,HB,PRT,Offline TA/TO,TA/TO,0,1,0,A,A,0,No Deposit,208.0,0,Transient,34.0,0,0
Resort Hotel,1,214,2015,October,40,3,1,1,2,0.0,0,HB,PRT,Offline TA/TO,TA/TO,0,1,0,A,A,0,No Deposit,208.0,0,Transient,34.0,0,0
Resort Hotel,1,214,2015,October,40,3,1,1,2,0.0,0,HB,PRT,Offline TA/TO,TA/TO,0,1,0,A,A,0,No Deposit,208.0,0,Transient,34.0,0,0
Resort Hotel,1,214,2015,October,40,3,1,1,2,0.0,0,HB,PRT,Offline TA/TO,TA/TO,0,1,0,A,A,0,No Deposit,208.0,0,Transient,34.0,0,0
Resort Hotel,1,214,2015,October,40,3,1,1,2,0.0,0,HB,PRT,Offline TA/TO,TA/TO,0,1,0,A,A,0,No Deposit,208.0,0,Transient,34.0,0,0
Resort Hotel,1,214,2015,October,40,3,1,1,2,0.0,0,HB,PRT,Offline TA/TO,TA/TO,0,1,0,A,A,0,No Deposit,208.0,0,Transient,34.0,0,0
Resort Hotel,1,214,2015,October,40,3,1,1,2,0.0,0,HB,PRT,Offline TA/TO,TA/TO,0,1,0,A,A,0,No Deposit,208.0,0,Transient,34.0,0,0
Resort Hotel,1,214,2015,October,40,3,1,1,2,0.0,0,HB,PRT,Offline TA/TO,TA/TO,0,1,0,A,A,0,No Deposit,208.0,0,Transient,34.0,0,0
Resort Hotel,1,214,2015,October,40,3,1,1,2,0.0,0,HB,PRT,Offline TA/TO,TA/TO,0,1,0,A,A,0,No Deposit,208.0,0,Transient,34.0,0,0
Resort Hotel,0,39,2015,July,28,7,2,8,2,0.0,0,HB,PRT,Direct,Direct,0,0,1,E,E,1,No Deposit,,0,Transient,107.1,1,2
Resort Hotel,0,1,2015,August,33,14,0,1,2,0.0,0,BB,PRT,Direct,Direct,1,0,2,E,E,0,No Deposit,,0,Transient,140.0,1,2
Resort Hotel,0,29,2015,August,33,15,4,8,2,0.0,0,HB,PRT,Direct,Direct,1,0,2,E,E,5,No Deposit,,0,Transient,140.0,1,2
Resort Hotel,0,11,2016,February,6,5,2,2,2,0.0,0,HB,PRT,Direct,Direct,1,0,4,E,E,1,No Deposit,250.0,0,Transient,93.0,1,4
Resort Hotel,0,23,2016,March,13,24,1,3,2,0.0,0,HB,PRT,Direct,Direct,1,1,5,E,E,0,No Deposit,,0,Transient,98.5,1,4
Resort Hotel,0,5,2016,June,23,1,0,3,2,0.0,0,HB,PRT,Direct,Direct,1,1,6,E,E,0,No Deposit,,0,Transient,115.0,1,4
Resort Hotel,1,127,2016,July,28,7,2,8,2,0.0,0,HB,PRT,Direct,Direct,1,1,7,E,E,0,No Deposit,250.0,0,Transient,112.5,0,4
Resort Hotel,0,128,2016,July,28,7,3,8,2,0.0,0,HB,PRT,Direct,Direct,1,1,7,E,E,1,No Deposit,,0,Transient,112.5,1,4
Resort Hotel,0,157,2016,August,33,12,4,9,2,0.0,0,HB,PRT,Direct,Direct,1,1,8,E,E,2,No Deposit,,0,Transient,147.0,1,4
Resort Hotel,0,3,2016,November,45,3,0,3,2,0.0,0,HB,PRT,Direct,Direct,1,1,9,E,E,0,No Deposit,,0,Transient,95.0,1,4
Resort Hotel,0,46,2017,February,8,24,2,2,2,0.0,0,HB,PRT,Direct,Direct,1,1,10,E,E,1,No Deposit,,0,Transient,91.35,1,4
Resort Hotel,0,29,2017,April,15,13,0,3,2,0.0,0,HB,PRT,Direct,Direct,1,1,11,E,E,1,No Deposit,,8,Transient,126.5,1,4
Resort Hotel,0,108,2017,July,28,9,4,10,2,0.0,0,HB,PRT,Direct,Direct,1,1,12,E,E,1,No Deposit,,0,Transient,143.5,1,4
Resort Hotel,0,142,2017,August,32,12,4,6,2,0.0,0,HB,PRT,Direct,Direct,1,1,13,E,E,0,No Deposit,,0,Transient,184.0,1,4
Resort Hotel,1,114,2015,July,31,26,4,10,2,0.0,0,BB,PRT,Offline TA/TO,TA/TO,0,1,0,A,A,0,No Deposit,243.0,0,Contract,88.4,0,1
Resort Hotel,1,242,2015,August,36,31,1,5,2,0.0,0,BB,PRT,Online TA,TA/TO,0,1,0,A,A,0,No Deposit,240.0,0,Transient,90.67,0,1
Resort Hotel,1,235,2015,July,28,11,2,2,2,0.0,0,HB,PRT,Online TA,TA/TO,0,1,0,D,D,0,No Deposit,240.0,0,Transient,129.0,0,1
Resort Hotel,1,235,2015,July,28,11,2,2,2,0.0,0,HB,PRT,Online TA,TA/TO,0,2,0,D,D,0,No Deposit,240.0,0,Transient,40.0,0,1
Resort Hotel,1,235,2015,July,28,11,2,3,2,0.0,0,HB,PRT,Online TA,TA/TO,0,2,0,A,A,0,No Deposit,240.0,0,Transient,40.0,0,0
Resort Hotel,0,32,2017,April,15,14,1,2,2,0.0,0,Undefined,PRT,Direct,Direct,1,2,1,C,C,0,No Deposit,,0,Transient,204.33,0,1
Resort Hotel,1,217,2015,August,35,28,3,7,2,0.0,0,BB,PRT,Offline TA/TO,TA/TO,0,1,0,A,A,0,No Deposit,40.0,0,Contract,88.4,0,0
Resort Hotel,1,178,2015,August,33,10,1,4,2,0.0,0,BB,PRT,Offline TA/TO,TA/TO,0,1,0,E,E,0,No Deposit,5.0,0,Transient,119.25,0,0
Resort Hotel,0,0,2015,December,51,18,0,1,2,0.0,0,BB,PRT,Offline TA/TO,TA/TO,1,0,1,A,A,0,No Deposit,127.0,0,Transient,30.5,0,1
Resort Hotel,1,158,2015,July,28,11,2,3,2,0.0,0,HB,PRT,Direct,Direct,0,2,0,A,A,0,No Deposit,250.0,0,Transient-Party,99.7,0,1
Resort Hotel,1,235,2015,July,28,11,2,3,2,0.0,0,HB,PRT,Online TA,TA/TO,0,2,0,A,A,0,No Deposit,240.0,0,Transient,112.0,0,1
Resort Hotel,1,244,2015,September,36,2,2,5,2,0.0,0,BB,IRL,Groups,TA/TO,0,24,0,A,A,0,No Deposit,96.0,0,Transient-Party,8.0,0,0
Resort Hotel,1,244,2015,September,36,2,2,5,2,0.0,0,BB,IRL,Groups,TA/TO,0,24,0,A,A,0,No Deposit,96.0,0,Transient-Party,8.0,0,0
Resort Hotel,1,244,2015,September,36,2,2,5,2,0.0,0,BB,IRL,Groups,TA/TO,0,24,0,A,A,0,No Deposit,96.0,0,Transient-Party,8.0,0,0
Resort Hotel,1,244,2015,September,36,2,2,5,2,0.0,0,BB,IRL,Groups,TA/TO,0,24,0,A,A,0,No Deposit,96.0,0,Transient-Party,8.0,0,0
Resort Hotel,1,244,2015,September,36,2,2,5,2,0.0,0,BB,IRL,Groups,TA/TO,0,24,0,A,A,0,No Deposit,96.0,0,Transient-Party,8.0,0,0
Resort Hotel,1,244,2015,September,36,2,2,5,2,0.0,0,BB,IRL,Groups,TA/TO,0,24,0,A,A,0,No Deposit,96.0,0,Transient-Party,8.0,0,0
Resort Hotel,1,244,2015,September,36,2,2,5,2,0.0,0,BB,IRL,Groups,TA/TO,0,24,0,A,A,0,No Deposit,96.0,0,Transient-Party,8.0,0,0
Resort Hotel,1,244,2015,September,36,2,2,5,2,0.0,0,BB,IRL,Groups,TA/TO,0,24,0,A,A,0,No Deposit,96.0,0,Transient-Party,8.0,0,0
Resort Hotel,1,244,2015,September,36,2,2,5,2,0.0,0,BB,IRL,Groups,TA/TO,0,24,0,A,A,0,No Deposit,96.0,0,Transient-Party,8.0,0,0
Resort Hotel,1,244,2015,September,36,2,2,5,2,0.0,0,BB,IRL,Groups,TA/TO,0,24,0,A,A,0,No Deposit,96.0,0,Transient-Party,8.0,0,0
Resort Hotel,1,244,2015,September,36,2,2,5,2,0.0,0,BB,IRL,Groups,TA/TO,0,24,0,A,A,0,No Deposit,96.0,0,Transient-Party,8.0,0,0
Resort Hotel,1,244,2015,September,36,2,2,5,2,0.0,0,BB,IRL,Groups,TA/TO,0,24,0,A,A,0,No Deposit,96.0,0,Transient-Party,8.0,0,0
Resort Hotel,1,244,2015,September,36,2,2,5,2,0.0,0,BB,IRL,Groups,TA/TO,0,24,0,A,A,0,No Deposit,96.0,0,Transient-Party,8.0,0,0
Resort Hotel,1,244,2015,September,36,2,2,5,2,0.0,0,BB,IRL,Groups,TA/TO,0,24,0,A,A,0,No Deposit,96.0,0,Transient-Party,8.0,0,0
Resort Hotel,1,244,2015,September,36,2,2,5,2,0.0,0,BB,IRL,Groups,TA/TO,0,24,0,A,A,0,No Deposit,96.0,0,Transient-Party,8.0,0,0
Resort Hotel,1,244,2015,September,36,2,2,5,2,0.0,0,BB,IRL,Groups,TA/TO,0,24,0,A,A,0,No Deposit,96.0,0,Transient-Party,8.0,0,0
Resort Hotel,1,244,2015,September,36,2,2,5,2,0.0,0,BB,IRL,Groups,TA/TO,0,24,0,A,A,0,No Deposit,96.0,0,Transient-Party,8.0,0,0
Resort Hotel,1,244,2015,September,36,2,2,5,2,0.0,0,BB,IRL,Groups,TA/TO,0,24,0,A,A,0,No Deposit,96.0,0,Transient-Party,8.0,0,0
Resort Hotel,1,244,2015,September,36,2,2,5,2,0.0,0,BB,IRL,Groups,TA/TO,0,24,0,A,A,0,No Deposit,96.0,0,Transient-Party,8.0,0,0
Resort Hotel,1,244,2015,September,36,2,2,5,2,0.0,0,BB,IRL,Groups,TA/TO,0,24,0,A,A,0,No Deposit,96.0,0,Transient-Party,8.0,0,0
Resort Hotel,1,244,2015,September,36,2,2,5,2,0.0,0,BB,IRL,Groups,TA/TO,0,24,0,A,A,0,No Deposit,96.0,0,Transient-Party,8.0,0,0
Resort Hotel,1,244,2015,September,36,2,2,5,2,0.0,0,BB,IRL,Groups,TA/TO,0,24,0,A,A,0,No Deposit,96.0,0,Transient-Party,8.0,0,0
Resort Hotel,1,244,2015,September,36,2,2,5,2,0.0,0,BB,IRL,Groups,TA/TO,0,24,0,A,A,0,No Deposit,96.0,0,Transient-Party,8.0,0,0
Resort Hotel,1,244,2015,September,36,2,2,5,2,0.0,0,BB,IRL,Groups,TA/TO,0,24,0,A,A,0,No Deposit,96.0,0,Transient-Party,8.0,0,0
Resort Hotel,1,246,2015,September,36,5,2,5,2,0.0,0,BB,,Offline TA/TO,TA/TO,0,1,0,A,A,0,No Deposit,96.0,0,Transient-Party,58.95,0,0
Resort Hotel,1,246,2015,September,36,5,2,5,2,0.0,0,BB,,Offline TA/TO,TA/TO,0,1,0,A,A,0,No Deposit,96.0,0,Transient-Party,58.95,0,0
Resort Hotel,1,246,2015,September,36,5,2,5,2,0.0,0,BB,,Offline TA/TO,TA/TO,0,1,0,A,A,0,No Deposit,96.0,0,Transient-Party,58.95,0,0
Resort Hotel,1,246,2015,September,36,5,2,5,2,0.0,0,BB,,Offline TA/TO,TA/TO,0,1,0,A,A,0,No Deposit,96.0,0,Transient-Party,58.95,0,0
Resort Hotel,1,246,2015,September,36,5,2,5,2,0.0,0,BB,,Offline TA/TO,TA/TO,0,1,0,A,A,0,No Deposit,96.0,0,Transient-Party,58.95,0,0
Resort Hotel,1,246,2015,September,36,5,2,5,2,0.0,0,BB,,Offline TA/TO,TA/TO,0,1,0,A,A,0,No Deposit,96.0,0,Transient-Party,58.95,0,0
Resort Hotel,1,246,2015,September,36,5,2,5,2,0.0,0,BB,,Offline TA/TO,TA/TO,0,1,0,A,A,0,No Deposit,96.0,0,Transient-Party,58.95,0,0
Resort Hotel,1,246,2015,September,36,5,2,5,2,0.0,0,BB,,Offline TA/TO,TA/TO,0,1,0,A,A,0,No Deposit,96.0,0,Transient-Party,58.95,0,0
Resort Hotel,1,246,2015,September,36,5,2,5,2,0.0,0,BB,,Offline TA/TO,TA/TO,0,1,0,A,A,0,No Deposit,96.0,0,Transient-Party,58.95,0,0
Resort Hotel,1,253,2015,September,37,12,2,5,2,0.0,0,BB,PRT,Offline TA/TO,TA/TO,0,1,0,A,A,0,Non Refund,96.0,0,Transient,58.95,0,0
Resort Hotel,1,253,2015,September,37,12,2,5,2,0.0,0,BB,PRT,Offline TA/TO,TA/TO,0,1,0,A,A,0,Non Refund,96.0,0,Transient,58.95,0,0
Resort Hotel,1,253,2015,September,37,12,2,5,2,0.0,0,BB,PRT,Offline TA/TO,TA/TO,0,1,0,A,A,0,Non Refund,96.0,0,Transient,58.95,0,0
Resort Hotel,1,253,2015,September,37,12,2,5,2,0.0,0,BB,PRT,Offline TA/TO,TA/TO,0,1,0,A,A,0,Non Refund,96.0,0,Transient,58.95,0,0
Resort Hotel,1,253,2015,September,37,12,2,5,2,0.0,0,BB,PRT,Offline TA/TO,TA/TO,0,1,0,A,A,0,Non Refund,96.0,0,Transient,58.95,0,0
Resort Hotel,1,253,2015,September,37,12,2,5,2,0.0,0,BB,PRT,Offline TA/TO,TA/TO,0,1,0,A,A,0,Non Refund,96.0,0,Transient,58.95,0,0
Resort Hotel,1,253,2015,September,37,12,2,5,2,0.0,0,BB,PRT,Offline TA/TO,TA/TO,0,1,0,A,A,0,Non Refund,96.0,0,Transient,58.95,0,0
Resort Hotel,1,253,2015,September,37,12,2,5,2,0.0,0,BB,PRT,Offline TA/TO,TA/TO,0,1,0,A,A,0,Non Refund,96.0,0,Transient,58.95,0,0
Resort Hotel,1,253,2015,September,37,12,2,5,2,0.0,0,BB,PRT,Offline TA/TO,TA/TO,0,1,0,A,A,0,Non Refund,96.0,0,Transient,58.95,0,0
Resort Hotel,1,253,2015,September,37,12,2,5,2,0.0,0,BB,PRT,Offline TA/TO,TA/TO,0,1,0,A,A,0,Non Refund,96.0,0,Transient,58.95,0,0
Resort Hotel,1,253,2015,September,37,12,2,5,2,0.0,0,BB,PRT,Offline TA/TO,TA/TO,0,1,0,A,A,0,Non Refund,96.0,0,Transient,58.95,0,0
Resort Hotel,1,253,2015,September,37,12,2,5,2,0.0,0,BB,PRT,Offline TA/TO,TA/TO,0,1,0,A,A,0,Non Refund,96.0,0,Transient,58.95,0,0
Resort Hotel,1,253,2015,September,37,12,2,5,2,0.0,0,BB,PRT,Offline TA/TO,TA/TO,0,1,0,A,A,0,Non Refund,96.0,0,Transient,58.95,0,0
Resort Hotel,1,260,2015,September,38,19,2,5,2,0.0,0,BB,PRT,Offline TA/TO,TA/TO,0,1,0,A,A,0,Non Refund,96.0,0,Transient,54.99,0,0
Resort Hotel,1,260,2015,September,38,19,2,5,2,0.0,0,BB,PRT,Offline TA/TO,TA/TO,0,1,0,A,A,0,Non Refund,96.0,0,Transient,54.99,0,0
Resort Hotel,1,260,2015,September,38,19,2,5,2,0.0,0,BB,PRT,Offline TA/TO,TA/TO,0,1,0,A,A,0,Non Refund,96.0,0,Transient,54.99,0,0
Resort Hotel,1,260,2015,September,38,19,2,5,2,0.0,0,BB,PRT,Offline TA/TO,TA/TO,0,1,0,A,A,0,Non Refund,96.0,0,Transient,54.99,0,0
Resort Hotel,1,260,2015,September,38,19,2,5,2,0.0,0,BB,PRT,Offline TA/TO,TA/TO,0,1,0,A,A,0,Non Refund,96.0,0,Transient,54.99,0,0
Resort Hotel,1,260,2015,September,38,19,2,5,2,0.0,0,BB,PRT,Offline TA/TO,TA/TO,0,1,0,A,A,0,Non Refund,96.0,0,Transient,54.99,0,0
Resort Hotel,1,260,2015,September,38,19,2,5,2,0.0,0,BB,PRT,Offline TA/TO,TA/TO,0,1,0,A,A,0,Non Refund,96.0,0,Transient,54.99,0,0
Resort Hotel,1,267,2015,September,39,26,2,5,2,0.0,0,BB,PRT,Offline TA/TO,TA/TO,0,1,0,A,A,0,Non Refund,96.0,0,Transient,54.99,0,0
Resort Hotel,1,267,2015,September,39,26,2,5,2,0.0,0,BB,PRT,Offline TA/TO,TA/TO,0,1,0,A,A,0,Non Refund,96.0,0,Transient,54.99,0,0
Resort Hotel,1,267,2015,September,39,26,2,5,2,0.0,0,BB,PRT,Offline TA/TO,TA/TO,0,1,0,A,A,0,Non Refund,96.0,0,Transient,54.99,0,0
Resort Hotel,1,267,2015,September,39,26,2,5,2,0.0,0,BB,PRT,Offline TA/TO,TA/TO,0,1,0,A,A,0,Non Refund,96.0,0,Transient,54.99,0,0
Resort Hotel,1,267,2015,September,39,26,2,5,2,0.0,0,BB,PRT,Offline TA/TO,TA/TO,0,1,0,A,A,0,Non Refund,96.0,0,Transient,54.99,0,0
Resort Hotel,1,267,2015,September,39,26,2,5,2,0.0,0,BB,PRT,Offline TA/TO,TA/TO,0,1,0,A,A,0,Non Refund,96.0,0,Transient,54.99,0,0
Resort Hotel,1,267,2015,September,39,26,2,5,2,0.0,0,BB,PRT,Offline TA/TO,TA/TO,0,1,0,A,A,0,Non Refund,96.0,0,Transient,54.99,0,0
Resort Hotel,1,267,2015,September,39,26,2,5,2,0.0,0,BB,PRT,Offline TA/TO,TA/TO,0,1,0,A,A,0,Non Refund,96.0,0,Transient,54.99,0,0
Resort Hotel,1,267,2015,September,39,26,2,5,2,0.0,0,BB,PRT,Offline TA/TO,TA/TO,0,1,0,A,A,0,Non Refund,96.0,0,Transient,54.99,0,0
Resort Hotel,1,267,2015,September,39,26,2,5,2,0.0,0,BB,PRT,Offline TA/TO,TA/TO,0,1,0,A,A,0,Non Refund,96.0,0,Transient,54.99,0,0
Resort Hotel,1,267,2015,September,39,26,2,5,2,0.0,0,BB,PRT,Offline TA/TO,TA/TO,0,1,0,A,A,0,Non Refund,96.0,0,Transient,54.99,0,0
Resort Hotel,1,267,2015,September,39,26,2,5,2,0.0,0,BB,PRT,Offline TA/TO,TA/TO,0,1,0,A,A,0,Non Refund,96.0,0,Transient,54.99,0,0
Resort Hotel,1,267,2015,September,39,26,2,5,2,0.0,0,BB,PRT,Offline TA/TO,TA/TO,0,1,0,A,A,0,Non Refund,96.0,0,Transient,54.99,0,0
Resort Hotel,1,274,2015,October,40,3,2,5,2,0.0,0,BB,PRT,Groups,TA/TO,0,1,0,A,A,0,Non Refund,96.0,0,Transient,36.05,0,0
Resort Hotel,1,274,2015,October,40,3,2,5,2,0.0,0,BB,PRT,Groups,TA/TO,0,1,0,A,A,0,Non Refund,96.0,0,Transient,36.05,0,0
Resort Hotel,1,274,2015,October,40,3,2,5,2,0.0,0,BB,PRT,Groups,TA/TO,0,1,0,A,A,0,Non Refund,96.0,0,Transient,36.05,0,0
Resort Hotel,1,274,2015,October,40,3,2,5,2,0.0,0,BB,PRT,Groups,TA/TO,0,1,0,A,A,0,Non Refund,96.0,0,Transient,36.05,0,0
Resort Hotel,1,274,2015,October,40,3,2,5,2,0.0,0,BB,PRT,Groups,TA/TO,0,1,0,A,A,0,Non Refund,96.0,0,Transient,36.05,0,0
Resort Hotel,1,274,2015,October,40,3,2,5,2,0.0,0,BB,PRT,Groups,TA/TO,0,1,0,A,A,0,Non Refund,96.0,0,Transient,36.05,0,0
Resort Hotel,1,274,2015,October,40,3,2,5,2,0.0,0,BB,PRT,Groups,TA/TO,0,1,0,A,A,0,Non Refund,96.0,0,Transient,36.05,0,0
Resort Hotel,0,241,2017,May,21,22,3,7,2,0.0,0,BB,GBR,Offline TA/TO,TA/TO,1,0,1,D,D,1,No Deposit,243.0,0,Contract,71.2,0,3
Resort Hotel,1,196,2015,July,29,16,0,3,2,0.0,0,HB,PRT,Online TA,TA/TO,0,1,0,A,A,0,No Deposit,240.0,0,Transient,164.0,0,0
Resort Hotel,1,160,2015,August,32,3,1,3,2,0.0,0,BB,PRT,Direct,Direct,0,1,0,F,F,0,No Deposit,250.0,0,Transient,164.15,0,1
Resort Hotel,1,186,2015,July,28,7,4,10,2,0.0,0,BB,PRT,Offline TA/TO,TA/TO,0,1,0,E,E,0,No Deposit,143.0,0,Contract,82.88,0,0
Resort Hotel,0,99,2016,June,23,1,4,10,2,0.0,0,BB,PRT,Direct,Direct,1,0,1,E,E,0,No Deposit,,0,Transient,119.76,1,2
Resort Hotel,0,178,2017,June,23,9,4,11,2,0.0,0,BB,PRT,Direct,Direct,1,0,2,E,E,0,No Deposit,,0,Transient,134.0,1,3
Resort Hotel,1,152,2015,July,30,21,2,6,2,0.0,0,BB,PRT,Online TA,TA/TO,0,1,0,E,E,1,No Deposit,240.0,0,Transient,166.0,0,1
Resort Hotel,0,321,2017,June,25,22,4,10,2,0.0,0,BB,GBR,Offline TA/TO,TA/TO,1,0,1,D,D,0,No Deposit,243.0,0,Group,84.8,0,1
Resort Hotel,0,1,2017,May,20,16,0,3,2,0.0,0,BB,PRT,Direct,Direct,1,0,1,A,C,0,No Deposit,,0,Transient,90.25,0,2
Resort Hotel,1,207,2015,September,39,26,1,1,2,0.0,0,HB,PRT,Offline TA/TO,TA/TO,0,1,0,A,A,0,No Deposit,208.0,0,Transient,34.0,0,0
Resort Hotel,1,207,2015,September,39,26,1,1,2,0.0,0,HB,PRT,Offline TA/TO,TA/TO,0,1,0,A,A,0,No Deposit,208.0,0,Transient,34.0,0,0
Resort Hotel,1,207,2015,September,39,26,1,1,2,0.0,0,HB,PRT,Offline TA/TO,TA/TO,0,1,0,A,A,0,No Deposit,208.0,0,Transient,34.0,0,0
Resort Hotel,1,207,2015,September,39,26,1,1,2,0.0,0,HB,PRT,Offline TA/TO,TA/TO,0,1,0,A,A,0,No Deposit,208.0,0,Transient,34.0,0,0
Resort Hotel,1,207,2015,September,39,26,1,1,2,0.0,0,HB,PRT,Offline TA/TO,TA/TO,0,1,0,A,A,0,No Deposit,208.0,0,Transient,34.0,0,0
Resort Hotel,1,207,2015,September,39,26,1,1,2,0.0,0,HB,PRT,Offline TA/TO,TA/TO,0,1,0,A,A,0,No Deposit,208.0,0,Transient,34.0,0,0
Resort Hotel,1,207,2015,September,39,26,1,1,2,0.0,0,HB,PRT,Offline TA/TO,TA/TO,0,1,0,A,A,0,No Deposit,208.0,0,Transient,34.0,0,0
Resort Hotel,1,207,2015,September,39,26,1,1,2,0.0,0,HB,PRT,Offline TA/TO,TA/TO,0,1,0,A,A,0,No Deposit,208.0,0,Transient,34.0,0,0
Resort Hotel,1,207,2015,September,39,26,1,1,2,0.0,0,HB,PRT,Offline TA/TO,TA/TO,0,1,0,A,A,0,No Deposit,208.0,0,Transient,34.0,0,0
Resort Hotel,0,4,2016,February,8,20,0,1,2,0.0,0,BB,PRT,Direct,Direct,1,0,2,E,F,1,No Deposit,,0,Transient,71.0,1,0
Resort Hotel,1,22,2016,May,22,26,0,3,2,0.0,0,BB,PRT,Corporate,Corporate,1,1,5,A,A,0,No Deposit,,0,Transient,59.0,0,1
Resort Hotel,0,2,2017,August,31,3,0,2,2,0.0,0,BB,PRT,Corporate,Corporate,1,1,7,D,D,0,No Deposit,,0,Transient,0.0,1,2
Resort Hotel,1,144,2015,July,27,3,0,2,2,0.0,0,BB,PRT,Online TA,TA/TO,0,1,0,A,A,0,No Deposit,240.0,0,Transient,123.0,0,1
Resort Hotel,0,150,2015,July,27,2,2,4,2,0.0,0,BB,IRL,Offline TA/TO,TA/TO,0,0,0,A,A,0,No Deposit,156.0,0,Contract,55.68,0,0
Resort Hotel,0,0,2017,January,1,6,1,2,2,0.0,0,BB,PRT,Direct,Direct,1,0,2,A,A,0,No Deposit,,0,Transient-Party,51.0,1,1
Resort Hotel,0,0,2017,January,3,21,2,1,2,0.0,0,BB,PRT,Direct,Direct,1,0,3,A,A,2,No Deposit,,0,Transient-Party,49.67,0,2
Resort Hotel,0,0,2017,January,4,28,0,1,2,0.0,0,BB,PRT,Direct,Direct,1,0,5,A,D,0,No Deposit,,0,Transient,53.0,1,1
Resort Hotel,0,1,2017,February,9,26,2,0,2,0.0,0,BB,PRT,Direct,Direct,1,0,6,A,D,3,No Deposit,,0,Transient,63.5,1,2
Resort Hotel,0,325,2017,June,25,24,2,5,2,0.0,0,BB,IRL,Online TA,TA/TO,1,0,1,A,A,0,No Deposit,147.0,0,Transient,73.92,0,3
Resort Hotel,0,131,2017,June,23,6,0,5,2,0.0,0,HB,PRT,Online TA,TA/TO,1,0,1,D,D,0,No Deposit,242.0,0,Transient,171.0,1,2
Resort Hotel,0,112,2015,December,53,30,0,3,2,0.0,0,Undefined,PRT,Groups,Direct,1,0,1,G,G,0,No Deposit,,0,Transient-Party,0.0,0,0
Resort Hotel,0,31,2016,December,53,30,0,2,2,0.0,0,HB,PRT,Complementary,Direct,1,0,2,E,E,3,No Deposit,,0,Transient-Party,0.0,0,3
Resort Hotel,0,183,2015,July,27,4,0,1,2,0.0,0,BB,PRT,Offline TA/TO,TA/TO,0,0,0,A,A,0,No Deposit,142.0,0,Contract,55.68,0,0
Resort Hotel,0,181,2015,July,27,1,0,4,2,0.0,0,BB,PRT,Online TA,TA/TO,0,0,0,D,E,0,No Deposit,240.0,0,Transient,153.0,0,1
Resort Hotel,0,126,2015,July,27,1,0,4,2,0.0,0,BB,IRL,Offline TA/TO,TA/TO,0,0,0,A,A,0,No Deposit,253.0,0,Transient,62.5,0,0
Resort Hotel,0,135,2015,July,27,4,1,1,2,0.0,0,BB,PRT,Direct,Direct,0,0,0,E,G,0,No Deposit,250.0,0,Transient,154.0,1,0
Resort Hotel,1,197,2015,September,36,1,1,5,2,0.0,0,BB,PRT,Online TA,TA/TO,0,1,0,A,A,0,No Deposit,240.0,0,Transient,123.0,0,1
Resort Hotel,0,134,2015,July,28,7,1,5,2,0.0,0,BB,IRL,Offline TA/TO,TA/TO,0,0,0,D,D,1,No Deposit,115.0,0,Contract,71.55,0,0
Resort Hotel,1,279,2015,October,41,8,2,5,2,0.0,0,HB,IRL,Groups,TA/TO,0,1,0,A,A,0,No Deposit,142.0,0,Transient-Party,63.4,0,0
Resort Hotel,1,279,2015,October,41,8,2,5,2,0.0,0,HB,IRL,Groups,TA/TO,0,1,0,A,A,0,No Deposit,142.0,0,Transient-Party,63.4,0,0
Resort Hotel,1,279,2015,October,41,8,2,5,2,0.0,0,HB,IRL,Groups,TA/TO,0,1,0,A,A,0,No Deposit,142.0,0,Transient-Party,63.4,0,0
Resort Hotel,1,279,2015,October,41,8,2,5,2,0.0,0,HB,IRL,Groups,TA/TO,0,1,0,A,A,0,No Deposit,142.0,0,Transient-Party,63.4,0,0
Resort Hotel,1,279,2015,October,41,8,2,5,2,0.0,0,HB,IRL,Groups,TA/TO,0,1,0,A,A,0,No Deposit,142.0,0,Transient-Party,63.4,0,0
Resort Hotel,1,279,2015,October,41,8,2,5,2,0.0,0,HB,IRL,Groups,TA/TO,0,1,0,A,A,0,No Deposit,142.0,0,Transient-Party,63.4,0,0
Resort Hotel,1,279,2015,October,41,8,2,5,2,0.0,0,HB,IRL,Groups,TA/TO,0,1,0,A,A,0,No Deposit,142.0,0,Transient-Party,63.4,0,0
Resort Hotel,1,279,2015,October,41,8,2,5,2,0.0,0,HB,IRL,Groups,TA/TO,0,1,0,A,A,0,No Deposit,142.0,0,Transient-Party,63.4,0,0
Resort Hotel,1,279,2015,October,41,8,2,5,2,0.0,0,HB,IRL,Groups,TA/TO,0,1,0,A,A,0,No Deposit,142.0,0,Transient-Party,63.4,0,0
Resort Hotel,1,279,2015,October,41,8,2,5,2,0.0,0,HB,IRL,Groups,TA/TO,0,1,0,A,A,0,No Deposit,142.0,0,Transient-Party,63.4,0,0
Resort Hotel,1,279,2015,October,41,8,2,5,2,0.0,0,HB,IRL,Groups,TA/TO,0,1,0,A,A,0,No Deposit,142.0,0,Transient-Party,63.4,0,0
Resort Hotel,1,279,2015,October,41,8,2,5,2,0.0,0,HB,IRL,Groups,TA/TO,0,1,0,A,A,0,No Deposit,142.0,0,Transient-Party,63.4,0,0
Resort Hotel,1,279,2015,October,41,8,2,5,2,0.0,0,HB,IRL,Groups,TA/TO,0,1,0,A,A,0,No Deposit,142.0,0,Transient-Party,63.4,0,0
Resort Hotel,1,279,2015,October,41,8,2,5,2,0.0,0,HB,IRL,Groups,TA/TO,0,1,0,A,A,0,No Deposit,142.0,0,Transient-Party,63.4,0,0
Resort Hotel,1,279,2015,October,41,8,2,5,2,0.0,0,HB,IRL,Groups,TA/TO,0,1,0,A,A,0,No Deposit,142.0,0,Transient-Party,63.4,0,0
Resort Hotel,1,279,2015,October,41,8,2,5,2,0.0,0,HB,IRL,Groups,TA/TO,0,1,0,A,A,0,No Deposit,142.0,0,Transient-Party,63.4,0,0
Resort Hotel,1,279,2015,October,41,8,2,5,2,0.0,0,HB,IRL,Groups,TA/TO,0,1,0,A,A,0,No Deposit,142.0,0,Transient-Party,63.4,0,0
Resort Hotel,1,279,2015,October,41,8,2,5,2,0.0,0,HB,IRL,Groups,TA/TO,0,1,0,A,A,0,No Deposit,142.0,0,Transient-Party,63.4,0,0
Resort Hotel,1,279,2015,October,41,8,2,5,2,0.0,0,HB,IRL,Groups,TA/TO,0,1,0,A,A,0,No Deposit,142.0,0,Transient-Party,63.4,0,0
Resort Hotel,1,279,2015,October,41,8,2,5,2,0.0,0,HB,IRL,Groups,TA/TO,0,1,0,A,A,0,No Deposit,142.0,0,Transient-Party,63.4,0,0
Resort Hotel,1,279,2015,October,41,8,2,5,2,0.0,0,HB,IRL,Groups,TA/TO,0,1,0,A,A,0,No Deposit,142.0,0,Transient-Party,63.4,0,0
Resort Hotel,1,279,2015,October,41,8,2,5,2,0.0,0,HB,IRL,Groups,TA/TO,0,1,0,A,A,0,No Deposit,142.0,0,Transient-Party,63.4,0,0
Resort Hotel,1,279,2015,October,41,8,2,5,2,0.0,0,HB,IRL,Groups,TA/TO,0,1,0,A,A,0,No Deposit,142.0,0,Transient-Party,63.4,0,0
Resort Hotel,1,279,2015,October,41,8,2,5,2,0.0,0,HB,IRL,Groups,TA/TO,0,1,0,A,A,0,No Deposit,142.0,0,Transient-Party,63.4,0,0
Resort Hotel,1,279,2015,October,41,8,2,5,2,0.0,0,HB,IRL,Groups,TA/TO,0,1,0,A,A,0,No Deposit,142.0,0,Transient-Party,63.4,0,0
Resort Hotel,0,145,2015,July,27,1,2,5,2,0.0,0,HB,GBR,Offline TA/TO,TA/TO,0,0,0,A,A,0,No Deposit,115.0,0,Contract,82.35,0,0
Resort Hotel,0,127,2015,July,27,2,2,4,2,0.0,0,BB,GBR,Offline TA/TO,TA/TO,0,0,0,A,A,0,No Deposit,243.0,0,Contract,55.68,0,1
Resort Hotel,0,149,2015,July,27,1,2,5,2,0.0,0,BB,IRL,Offline TA/TO,TA/TO,0,0,0,A,A,0,No Deposit,156.0,0,Contract,55.68,0,0
Resort Hotel,0,139,2015,July,28,5,2,1,2,0.0,0,BB,BRA,Online TA,TA/TO,0,0,0,A,C,0,No Deposit,240.0,0,Transient,122.7,1,1
Resort Hotel,1,239,2015,September,38,19,1,1,2,0.0,0,HB,PRT,Offline TA/TO,TA/TO,0,3,0,A,A,0,No Deposit,248.0,0,Transient-Party,34.0,0,0
Resort Hotel,1,239,2015,September,38,19,1,1,2,0.0,0,HB,PRT,Offline TA/TO,TA/TO,0,3,0,A,A,0,No Deposit,248.0,0,Transient-Party,34.0,0,0
Resort Hotel,1,239,2015,September,38,19,1,1,2,0.0,0,HB,PRT,Offline TA/TO,TA/TO,0,3,0,A,A,0,No Deposit,248.0,0,Transient-Party,34.0,0,0
Resort Hotel,1,246,2015,September,36,5,2,5,2,0.0,0,BB,,Offline TA/TO,TA/TO,0,1,0,A,A,0,No Deposit,96.0,0,Transient-Party,58.95,0,0
Resort Hotel,1,246,2015,September,36,5,2,5,2,0.0,0,BB,,Offline TA/TO,TA/TO,0,1,0,A,A,0,No Deposit,96.0,0,Transient-Party,58.95,0,0
Resort Hotel,1,246,2015,September,36,5,2,5,2,0.0,0,BB,,Offline TA/TO,TA/TO,0,1,0,A,A,0,No Deposit,96.0,0,Transient-Party,58.95,0,0
Resort Hotel,1,260,2015,September,38,19,2,5,2,0.0,0,BB,PRT,Offline TA/TO,TA/TO,0,1,0,A,A,0,Non Refund,96.0,0,Transient,54.99,0,0
Resort Hotel,1,260,2015,September,38,19,2,5,2,0.0,0,BB,PRT,Offline TA/TO,TA/TO,0,1,0,A,A,0,Non Refund,96.0,0,Transient,54.99,0,0
Resort Hotel,1,260,2015,September,38,19,2,5,2,0.0,0,BB,PRT,Offline TA/TO,TA/TO,0,1,0,A,A,0,Non Refund,96.0,0,Transient,54.99,0,0
Resort Hotel,1,260,2015,September,38,19,2,5,2,0.0,0,BB,PRT,Offline TA/TO,TA/TO,0,1,0,A,A,0,Non Refund,96.0,0,Transient,54.99,0,0
Resort Hotel,1,260,2015,September,38,19,2,5,2,0.0,0,BB,PRT,Offline TA/TO,TA/TO,0,1,0,A,A,0,Non Refund,96.0,0,Transient,54.99,0,0
Resort Hotel,1,260,2015,September,38,19,2,5,2,0.0,0,BB,PRT,Offline TA/TO,TA/TO,0,1,0,A,A,0,Non Refund,96.0,0,Transient,54.99,0,0
Resort Hotel,0,145,2015,July,27,4,2,3,2,0.0,0,BB,PRT,Online TA,TA/TO,0,0,0,A,A,0,No Deposit,240.0,0,Transient,123.0,1,1
Resort Hotel,0,183,2015,July,28,6,1,2,2,0.0,0,HB,PRT,Online TA,TA/TO,0,0,0,A,A,0,No Deposit,240.0,0,Transient-Party,100.8,0,2
Resort Hotel,0,226,2015,July,27,2,2,5,2,0.0,0,BB,IRL,Offline TA/TO,TA/TO,0,0,0,E,E,0,No Deposit,156.0,0,Contract,87.75,0,0
Resort Hotel,0,128,2015,July,28,5,2,2,2,0.0,0,HB,PRT,Direct,Direct,0,0,0,A,A,0,No Deposit,,0,Transient,108.9,1,0
Resort Hotel,0,147,2015,July,28,7,0,2,2,0.0,0,BB,CN,Direct,Direct,0,0,0,A,A,0,No Deposit,134.0,0,Transient,58.95,0,0
Resort Hotel,0,121,2015,July,27,3,2,5,2,0.0,0,BB,BRA,Offline TA/TO,TA/TO,0,0,0,A,A,0,No Deposit,115.0,0,Contract,58.95,0,1
Resort Hotel,0,121,2015,July,27,3,2,5,2,0.0,0,BB,ITA,Offline TA/TO,TA/TO,0,0,0,A,A,0,No Deposit,115.0,0,Contract,88.95,0,1
Resort Hotel,0,2,2016,July,29,15,0,2,2,0.0,0,BB,PRT,Corporate,Corporate,1,0,1,A,A,0,No Deposit,,0,Transient,138.0,0,0
Resort Hotel,0,183,2015,July,27,4,2,4,2,0.0,0,BB,PRT,Offline TA/TO,TA/TO,0,0,0,A,A,0,No Deposit,142.0,0,Contract,55.68,0,0
Resort Hotel,0,230,2015,July,28,6,1,3,2,0.0,0,BB,PRT,Online TA,TA/TO,0,0,0,A,C,0,No Deposit,240.0,0,Transient,123.0,0,2
Resort Hotel,0,186,2015,July,28,7,0,3,2,0.0,0,BB,NLD,Online TA,TA/TO,0,0,0,A,A,0,No Deposit,240.0,0,Transient,123.0,0,1
Resort Hotel,0,103,2015,July,28,5,2,3,2,0.0,0,HB,PRT,Direct,Direct,0,0,0,A,A,0,No Deposit,,0,Transient,99.7,0,1
Resort Hotel,0,186,2015,July,28,7,0,4,2,0.0,0,BB,CN,Online TA,TA/TO,0,0,0,E,E,0,No Deposit,240.0,0,Transient,154.0,0,1
Resort Hotel,0,186,2015,July,28,7,0,4,2,0.0,0,BB,CN,Online TA,TA/TO,0,0,0,A,A,0,No Deposit,240.0,0,Transient,123.0,0,2
Resort Hotel,0,158,2015,July,27,4,2,5,2,0.0,0,BB,GBR,Online TA,TA/TO,0,0,0,E,E,0,No Deposit,240.0,0,Transient,154.0,0,0
Resort Hotel,0,183,2015,July,28,5,2,4,2,0.0,0,HB,GBR,Offline TA/TO,TA/TO,0,0,0,A,A,0,No Deposit,156.0,0,Contract,77.78,0,0
Resort Hotel,0,149,2015,July,27,4,2,5,2,0.0,0,HB,PRT,Online TA,TA/TO,0,0,0,A,A,1,No Deposit,240.0,0,Transient,112.0,0,1
Resort Hotel,0,127,2015,July,27,4,2,5,2,0.0,0,HB,PRT,Direct,Direct,0,0,0,A,A,0,No Deposit,,0,Transient,96.9,0,0
Resort Hotel,0,137,2015,July,28,7,0,4,2,0.0,0,BB,PRT,Online TA,TA/TO,0,0,0,A,A,2,No Deposit,240.0,0,Transient,110.7,0,1
Resort Hotel,1,164,2015,July,28,11,2,5,2,0.0,0,BB,PRT,Direct,Direct,0,0,0,E,H,0,No Deposit,,0,Transient,115.0,0,0
Resort Hotel,0,58,2015,July,27,4,2,6,2,0.0,0,HB,PRT,Direct,Direct,0,0,0,D,D,0,No Deposit,,0,Transient,112.5,0,4
Resort Hotel,0,143,2015,July,28,9,0,3,2,0.0,0,HB,ESP,Online TA,TA/TO,0,0,0,A,A,0,No Deposit,240.0,0,Transient,100.8,1,0
Resort Hotel,0,123,2015,July,28,5,2,5,2,0.0,0,BB,PRT,Offline TA/TO,TA/TO,0,0,0,A,A,0,No Deposit,196.0,0,Transient,58.95,0,1
Resort Hotel,0,184,2015,July,28,5,2,5,2,0.0,0,BB,IRL,Offline TA/TO,TA/TO,0,0,0,A,A,0,No Deposit,156.0,0,Contract,55.68,0,0
Resort Hotel,0,130,2015,July,28,5,2,5,2,0.0,0,HB,PRT,Offline TA/TO,TA/TO,0,0,0,A,A,0,No Deposit,196.0,0,Transient,82.35,1,0
Resort Hotel,0,130,2015,July,27,4,2,6,2,0.0,0,HB,PRT,Offline TA/TO,TA/TO,0,0,0,D,D,0,No Deposit,196.0,0,Transient,96.95,1,1
Resort Hotel,0,134,2015,July,28,8,0,4,2,0.0,0,BB,PRT,Direct,Direct,0,0,0,D,D,0,No Deposit,250.0,0,Transient,84.15,0,0
Resort Hotel,0,129,2015,July,28,9,1,3,2,0.0,0,BB,IRL,Offline TA/TO,TA/TO,0,0,0,A,A,0,No Deposit,156.0,0,Contract,55.68,0,0
Resort Hotel,0,143,2015,July,28,9,1,3,2,0.0,0,BB,GBR,Offline TA/TO,TA/TO,0,0,0,A,A,0,No Deposit,26.0,0,Contract,58.23,0,1
Resort Hotel,0,143,2015,July,28,9,1,3,2,0.0,0,BB,GBR,Offline TA/TO,TA/TO,0,0,0,A,A,0,No Deposit,26.0,0,Contract,58.23,0,1
Resort Hotel,0,135,2015,July,28,8,1,4,2,0.0,0,BB,IRL,Offline TA/TO,TA/TO,0,0,0,A,A,0,No Deposit,156.0,0,Contract,55.68,0,0
Resort Hotel,0,159,2015,July,28,6,2,5,2,0.0,0,BB,PRT,Offline TA/TO,TA/TO,0,0,0,D,D,0,No Deposit,6.0,0,Transient,71.55,0,0
Resort Hotel,0,1,2015,July,29,12,1,0,2,0.0,0,BB,DEU,Online TA,TA/TO,0,0,0,A,A,0,No Deposit,240.0,0,Transient,88.2,1,1
Resort Hotel,0,6,2015,July,29,12,1,0,2,0.0,0,BB,PRT,Direct,Direct,0,0,0,A,A,0,No Deposit,,0,Transient,123.0,0,2
Resort Hotel,0,30,2015,July,28,6,2,5,2,0.0,0,HB,PRT,Online TA,TA/TO,0,0,0,E,E,0,No Deposit,240.0,0,Transient,155.0,0,0
Resort Hotel,0,158,2015,July,28,6,2,5,2,0.0,0,BB,ESP,Online TA,TA/TO,0,0,0,A,A,0,No Deposit,240.0,0,Transient,110.7,0,1
Resort Hotel,0,185,2015,July,28,6,2,5,2,0.0,0,BB,PRT,Direct,Direct,0,0,0,E,E,0,No Deposit,,0,Transient,110.0,0,0
Resort Hotel,0,142,2015,July,27,2,3,8,2,0.0,0,HB,DEU,Offline TA/TO,TA/TO,0,0,0,D,D,0,No Deposit,69.0,0,Contract,89.68,0,0
Resort Hotel,0,157,2015,July,27,4,4,6,2,0.0,0,BB,IRL,Offline TA/TO,TA/TO,0,0,0,A,A,0,No Deposit,156.0,0,Contract,55.68,0,0
Resort Hotel,0,118,2015,July,28,7,2,5,2,0.0,0,BB,ESP,Offline TA/TO,TA/TO,0,0,0,A,D,0,No Deposit,6.0,0,Transient,55.68,0,1
Resort Hotel,0,2,2015,July,29,13,1,0,2,0.0,0,BB,PRT,Online TA,TA/TO,0,0,0,A,A,0,No Deposit,240.0,0,Transient,117.9,0,1
Resort Hotel,1,65,2015,July,29,15,2,5,2,0.0,0,HB,PRT,Direct,Direct,0,0,0,E,E,0,No Deposit,,0,Transient,107.57,0,0
Resort Hotel,0,187,2015,July,28,8,2,5,2,0.0,0,HB,POL,Offline TA/TO,TA/TO,0,0,0,D,D,2,No Deposit,69.0,0,Contract,89.68,1,0
Resort Hotel,0,162,2015,July,28,7,2,7,2,0.0,0,BB,NOR,Offline TA/TO,TA/TO,0,0,0,D,D,0,No Deposit,142.0,0,Contract,110.7,0,1
Resort Hotel,0,162,2015,July,28,7,2,7,2,0.0,0,BB,NOR,Offline TA/TO,TA/TO,0,0,0,D,D,0,No Deposit,142.0,0,Contract,110.7,0,1
Resort Hotel,0,189,2015,July,28,9,2,5,2,0.0,0,BB,PRT,Online TA,TA/TO,0,0,0,D,D,1,No Deposit,240.0,0,Transient,99.0,1,0
Resort Hotel,0,189,2015,July,28,9,2,5,2,0.0,0,BB,GBR,Direct,Direct,0,0,0,A,A,0,No Deposit,5.0,0,Transient,96.3,0,0
Resort Hotel,0,155,2015,July,28,5,4,7,2,0.0,0,BB,GBR,Offline TA/TO,TA/TO,0,0,0,A,A,0,No Deposit,243.0,0,Contract,88.4,0,0
Resort Hotel,0,152,2015,July,27,2,4,10,2,0.0,0,BB,GBR,Offline TA/TO,TA/TO,0,0,0,A,A,0,No Deposit,243.0,0,Contract,88.4,0,0
Resort Hotel,0,59,2015,July,29,14,0,2,2,0.0,0,BB,AUT,Online TA,TA/TO,0,0,0,A,F,0,No Deposit,241.0,0,Transient,75.46,0,2
Resort Hotel,0,127,2015,July,27,2,4,10,2,0.0,0,BB,GBR,Offline TA/TO,TA/TO,0,0,0,D,D,0,No Deposit,243.0,0,Contract,104.55,0,1
Resort Hotel,0,115,2015,July,28,5,4,7,2,0.0,0,HB,CHE,Offline TA/TO,TA/TO,0,0,0,A,A,0,No Deposit,69.0,0,Contract,113.05,0,0
Resort Hotel,0,0,2015,July,29,15,0,1,2,0.0,0,BB,PRT,Direct,Direct,0,0,0,E,E,0,No Deposit,,0,Transient,154.0,1,0
Resort Hotel,0,2,2015,July,29,15,0,1,2,0.0,0,BB,ESP,Online TA,TA/TO,0,0,0,A,F,0,No Deposit,240.0,0,Transient,131.0,0,1
Resort Hotel,0,129,2015,July,28,10,2,4,2,0.0,0,FB,ESP,Offline TA/TO,TA/TO,0,0,0,D,D,0,No Deposit,5.0,0,Transient,157.5,1,0
Resort Hotel,0,134,2015,July,28,9,2,5,2,0.0,0,BB,GBR,Offline TA/TO,TA/TO,0,0,0,A,A,0,No Deposit,243.0,0,Contract,88.4,0,2
Resort Hotel,0,158,2015,July,28,11,2,3,2,0.0,0,HB,PRT,Direct,Direct,0,0,0,A,A,0,No Deposit,250.0,0,Transient-Party,99.7,0,1
Resort Hotel,0,129,2015,July,28,10,2,5,2,0.0,0,BB,GBR,Offline TA/TO,TA/TO,0,0,0,D,D,0,No Deposit,40.0,0,Contract,110.7,0,0
Resort Hotel,0,151,2015,July,28,10,2,5,2,0.0,0,BB,GBR,Offline TA/TO,TA/TO,0,0,0,D,D,0,No Deposit,40.0,0,Contract,104.55,0,0
Resort Hotel,0,237,2015,July,29,13,1,3,2,0.0,0,HB,GBR,Offline TA/TO,TA/TO,0,0,0,D,D,0,No Deposit,40.0,0,Contract,128.35,0,0
Resort Hotel,0,237,2015,July,29,13,1,3,2,0.0,0,BB,PRT,Online TA,TA/TO,0,0,0,G,G,0,No Deposit,240.0,0,Transient,169.0,0,1
Resort Hotel,0,185,2015,July,28,8,2,7,2,0.0,0,BB,IRL,Offline TA/TO,TA/TO,0,0,0,A,A,0,No Deposit,142.0,0,Contract,90.95,0,0
Resort Hotel,0,108,2015,July,28,11,2,4,2,0.0,0,HB,PRT,Online TA,TA/TO,0,0,0,E,E,0,No Deposit,240.0,0,Transient,196.0,0,1
Resort Hotel,0,62,2015,July,29,15,0,2,2,0.0,0,BB,GBR,Online TA,TA/TO,0,0,0,A,E,0,No Deposit,240.0,0,Transient,106.5,0,1
Resort Hotel,0,185,2015,July,28,6,3,8,2,0.0,0,BB,NLD,Offline TA/TO,TA/TO,0,0,0,A,A,0,No Deposit,128.0,0,Contract,90.95,0,0
Resort Hotel,0,237,2015,July,29,13,1,3,2,0.0,0,BB,PRT,Online TA,TA/TO,0,0,0,A,A,0,No Deposit,240.0,0,Transient,85.5,0,1
Resort Hotel,0,5,2015,July,29,15,0,2,2,0.0,0,BB,BRA,Online TA,TA/TO,0,0,0,A,A,0,No Deposit,240.0,0,Transient,119.25,1,1
Resort Hotel,0,0,2015,July,29,17,0,1,2,0.0,0,BB,PRT,Online TA,TA/TO,1,0,0,A,A,2,No Deposit,240.0,0,Group,112.5,0,0
Resort Hotel,0,184,2015,July,28,7,2,9,2,0.0,0,HB,GBR,Offline TA/TO,TA/TO,0,0,0,A,A,0,No Deposit,143.0,0,Contract,110.5,0,0
Resort Hotel,0,0,2015,July,29,17,0,1,2,0.0,0,BB,ESP,Direct,Direct,0,0,0,F,F,0,No Deposit,,0,Transient,179.0,0,0
Resort Hotel,0,0,2015,July,29,17,0,1,2,0.0,0,BB,NZL,Direct,Direct,0,0,0,D,D,0,No Deposit,,0,Transient,154.0,0,0
Resort Hotel,0,16,2015,July,29,15,0,3,2,0.0,0,BB,PRT,Direct,Direct,0,0,0,A,A,1,No Deposit,,0,Transient,106.5,0,0
Resort Hotel,0,0,2015,July,29,16,0,2,2,0.0,0,BB,PRT,Direct,Direct,0,0,0,A,E,0,No Deposit,,0,Transient,124.5,0,2
Resort Hotel,0,0,2015,July,29,16,0,2,2,0.0,0,BB,PRT,Direct,Direct,0,0,0,A,E,0,No Deposit,,0,Transient,124.5,0,2
Resort Hotel,0,94,2015,July,29,16,0,2,2,0.0,0,BB,HUN,Online TA,TA/TO,0,0,0,A,D,0,No Deposit,240.0,0,Transient,115.5,1,1
Resort Hotel,0,188,2015,July,28,11,2,5,2,0.0,0,HB,GBR,Offline TA/TO,TA/TO,0,0,0,D,D,0,No Deposit,40.0,0,Contract,106.15,0,0
Resort Hotel,0,137,2015,July,28,11,2,5,2,0.0,0,BB,PRT,Direct,Direct,0,0,0,D,D,0,No Deposit,250.0,0,Transient,130.9,1,0
Resort Hotel,0,29,2015,July,29,17,0,1,2,0.0,0,BB,PRT,Offline TA/TO,TA/TO,0,0,0,E,E,0,No Deposit,5.0,0,Transient,131.2,0,0
Resort Hotel,0,184,2015,July,27,4,4,11,2,0.0,0,BB,IRL,Offline TA/TO,TA/TO,0,0,0,A,A,0,No Deposit,156.0,0,Contract,90.95,0,0
Resort Hotel,0,93,2015,July,28,5,4,10,2,0.0,0,BB,GBR,Offline TA/TO,TA/TO,0,0,0,A,A,0,No Deposit,243.0,0,Contract,88.4,0,1
Resort Hotel,0,162,2015,July,29,12,2,5,2,0.0,0,HB,GBR,Offline TA/TO,TA/TO,0,0,0,A,A,0,No Deposit,243.0,0,Contract,110.5,0,0
Resort Hotel,0,98,2015,July,29,16,0,3,2,0.0,0,HB,PRT,Online TA,TA/TO,0,0,0,A,A,0,No Deposit,240.0,0,Transient,159.0,1,2
Resort Hotel,0,172,2015,July,29,12,2,5,2,0.0,0,HB,PRT,Offline TA/TO,TA/TO,0,0,0,A,A,0,No Deposit,6.0,0,Transient,119.7,0,0
Resort Hotel,0,2,2015,July,29,16,0,3,2,0.0,0,BB,PRT,Online TA,TA/TO,0,0,0,D,D,0,No Deposit,240.0,0,Transient,147.67,1,0
Resort Hotel,0,6,2015,July,29,16,0,3,2,0.0,0,BB,ESP,Online TA,TA/TO,0,0,0,A,A,0,No Deposit,241.0,0,Transient,102.65,1,1
Resort Hotel,0,10,2015,July,29,16,0,3,2,0.0,0,BB,PRT,Direct,Direct,0,0,0,A,A,0,No Deposit,250.0,0,Transient,134.0,1,0
Resort Hotel,0,3,2015,July,29,17,0,2,2,0.0,0,BB,ESP,Online TA,TA/TO,0,0,0,A,C,0,No Deposit,240.0,0,Transient,125.5,0,1
Resort Hotel,0,125,2015,July,28,5,4,10,2,0.0,0,HB,DEU,Offline TA/TO,TA/TO,0,0,0,A,A,1,No Deposit,69.0,0,Contract,113.05,0,0
Resort Hotel,0,41,2015,July,30,19,1,0,2,0.0,0,BB,ESP,Offline TA/TO,TA/TO,0,0,0,A,A,0,No Deposit,175.0,0,Transient,92.0,0,0
Resort Hotel,0,25,2015,July,29,17,1,2,2,0.0,0,HB,ESP,Direct,Direct,0,0,0,A,D,0,No Deposit,250.0,0,Transient,145.0,0,0
Resort Hotel,0,131,2015,July,29,13,2,5,2,0.0,0,HB,GBR,Offline TA/TO,TA/TO,0,0,0,A,A,0,No Deposit,156.0,0,Contract,113.05,0,1
Resort Hotel,0,0,2015,July,30,19,1,0,2,0.0,0,BB,PRT,Direct,Direct,0,0,0,A,D,0,No Deposit,,0,Transient,98.0,0,0
Resort Hotel,0,17,2015,July,29,16,1,3,2,0.0,0,BB,ESP,Online TA,TA/TO,0,0,0,D,D,0,No Deposit,240.0,0,Transient,139.75,1,1
Resort Hotel,0,0,2015,July,30,19,1,0,2,0.0,0,BB,GBR,Online TA,TA/TO,0,0,0,A,A,0,No Deposit,241.0,0,Group,103.18,0,0
Resort Hotel,0,130,2015,July,28,10,3,7,2,0.0,0,HB,GBR,Offline TA/TO,TA/TO,0,0,0,D,D,0,No Deposit,40.0,0,Contract,134.1,0,0
Resort Hotel,0,0,2015,July,30,20,1,0,2,0.0,0,BB,BEL,Direct,Direct,0,0,0,G,G,0,No Deposit,,0,Transient,153.0,0,0
Resort Hotel,0,189,2015,July,28,11,4,6,2,0.0,0,HB,PRT,Direct,Direct,0,0,0,E,E,1,No Deposit,,0,Transient,160.0,0,1
Resort Hotel,0,6,2015,July,30,20,1,0,2,0.0,0,BB,PRT,Direct,Direct,0,0,0,E,G,0,No Deposit,,0,Transient,176.0,1,0
Resort Hotel,0,133,2015,July,29,13,3,5,2,0.0,0,BB,FIN,Offline TA/TO,TA/TO,0,0,0,E,E,0,No Deposit,156.0,0,Contract,112.63,0,0
Resort Hotel,0,29,2015,July,29,18,2,1,2,0.0,0,BB,ESP,Online TA,TA/TO,0,0,0,A,D,0,No Deposit,240.0,0,Transient,120.6,1,0
Resort Hotel,0,29,2015,July,29,18,2,1,2,0.0,0,BB,ESP,Online TA,TA/TO,0,0,0,A,D,0,No Deposit,240.0,0,Transient,120.6,0,0
Resort Hotel,0,0,2015,July,29,16,2,3,2,0.0,0,BB,ISR,Online TA,TA/TO,0,0,0,F,E,0,No Deposit,241.0,0,Transient,126.28,0,0
Resort Hotel,0,133,2015,July,29,13,3,5,2,0.0,0,BB,FIN,Offline TA/TO,TA/TO,0,0,0,E,E,0,No Deposit,156.0,0,Contract,142.63,0,1
Resort Hotel,0,59,2015,July,29,16,2,3,2,0.0,0,HB,ESP,Online TA,TA/TO,0,0,0,A,A,0,No Deposit,240.0,0,Transient,147.0,0,0
Resort Hotel,0,35,2015,July,29,16,2,4,2,0.0,0,HB,ROU,Online TA,TA/TO,0,0,0,D,D,0,No Deposit,241.0,0,Transient,109.3,0,1
Resort Hotel,0,35,2015,July,29,16,2,4,2,0.0,0,HB,ROU,Online TA,TA/TO,0,0,0,D,D,0,No Deposit,241.0,0,Transient,109.3,0,2
Resort Hotel,0,241,2015,July,29,17,2,3,2,0.0,0,BB,GBR,Offline TA/TO,TA/TO,0,0,0,E,E,0,No Deposit,40.0,0,Contract,112.63,0,0
Resort Hotel,0,86,2015,July,28,8,4,10,2,0.0,0,BB,PRT,Offline TA/TO,TA/TO,0,0,0,D,D,0,No Deposit,5.0,0,Transient,83.79,1,0
Resort Hotel,0,194,2015,July,29,14,2,7,2,0.0,0,BB,IRL,Online TA,TA/TO,0,0,0,E,E,0,No Deposit,240.0,0,Transient,156.22,0,1
Resort Hotel,0,90,2015,July,29,16,2,5,2,0.0,0,BB,GBR,Offline TA/TO,TA/TO,0,0,0,A,A,1,No Deposit,243.0,0,Contract,93.6,0,1
Resort Hotel,0,50,2015,July,30,22,2,6,2,0.0,0,HB,PRT,Offline TA/TO,TA/TO,0,0,0,A,A,1,No Deposit,196.0,0,Transient,135.0,0,0
Resort Hotel,0,104,2015,July,29,16,2,5,2,0.0,0,BB,GBR,Offline TA/TO,TA/TO,0,0,0,A,A,0,No Deposit,243.0,0,Contract,88.4,0,0
Resort Hotel,0,90,2015,July,29,16,2,5,2,0.0,0,BB,GBR,Offline TA/TO,TA/TO,0,0,0,A,A,1,No Deposit,243.0,0,Contract,93.6,0,1
Resort Hotel,0,48,2015,July,30,20,1,2,2,0.0,0,HB,ESP,Offline TA/TO,TA/TO,0,0,0,A,A,1,No Deposit,142.0,0,Transient,118.0,0,0
Resort Hotel,0,22,2015,July,29,16,2,5,2,0.0,0,BB,PRT,Direct,Direct,0,0,0,F,F,0,No Deposit,250.0,0,Transient,160.0,0,0
Resort Hotel,0,39,2015,July,30,20,1,2,2,0.0,0,BB,USA,Online TA,TA/TO,0,0,0,D,D,1,No Deposit,241.0,0,Transient,103.95,0,1
Resort Hotel,0,157,2015,July,30,20,1,2,2,0.0,0,BB,ESP,Offline TA/TO,TA/TO,0,0,0,A,A,0,No Deposit,142.0,0,Contract,97.1,1,0
Resort Hotel,0,201,2015,July,30,24,2,4,2,0.0,0,BB,GBR,Offline TA/TO,TA/TO,0,0,0,A,A,0,No Deposit,156.0,0,Contract,90.95,0,1
Resort Hotel,0,93,2015,July,29,18,2,4,2,0.0,0,BB,CHE,Online TA,TA/TO,0,0,0,E,E,0,No Deposit,240.0,0,Transient,145.0,0,0
Resort Hotel,0,126,2015,July,29,16,2,6,2,0.0,0,BB,PRT,Offline TA/TO,TA/TO,0,0,0,A,A,0,No Deposit,242.0,0,Transient,154.8,1,1
Resort Hotel,0,44,2015,July,30,20,1,3,2,0.0,0,HB,CN,Online TA,TA/TO,0,0,0,E,E,0,No Deposit,241.0,0,Transient,115.85,0,0
Resort Hotel,0,40,2015,July,30,21,0,3,2,0.0,0,BB,SWE,Online TA,TA/TO,0,0,0,F,F,0,No Deposit,241.0,0,Transient,123.2,0,1
Resort Hotel,0,28,2015,July,30,21,0,3,2,0.0,0,BB,ESP,Online TA,TA/TO,0,0,0,A,E,1,No Deposit,240.0,0,Transient,134.0,0,1
Resort Hotel,0,42,2015,July,30,20,1,3,2,0.0,0,BB,CHE,Online TA,TA/TO,0,0,0,E,E,0,No Deposit,240.0,0,Transient,145.0,1,0
Resort Hotel,0,64,2015,July,30,21,0,3,2,0.0,0,HB,ESP,Online TA,TA/TO,0,0,0,E,E,0,No Deposit,240.0,0,Transient,177.0,0,0
Resort Hotel,0,1,2015,July,30,21,0,3,2,0.0,0,HB,ESP,Online TA,TA/TO,0,0,0,E,E,0,No Deposit,240.0,0,Transient,177.0,0,0
Resort Hotel,0,190,2015,July,28,10,4,10,2,0.0,0,BB,IRL,Offline TA/TO,TA/TO,0,0,0,E,E,0,No Deposit,156.0,0,Contract,112.63,0,0
Resort Hotel,0,3,2015,July,30,23,0,1,2,0.0,0,BB,PRT,Online TA,TA/TO,0,0,0,D,E,0,No Deposit,240.0,0,Transient,154.0,0,2
Resort Hotel,0,151,2015,July,29,14,2,8,2,0.0,0,BB,BRA,Offline TA/TO,TA/TO,0,0,0,D,D,0,No Deposit,156.0,0,Contract,104.55,0,0
Resort Hotel,0,37,2015,July,30,19,2,3,2,0.0,0,HB,PRT,Direct,Direct,0,0,0,D,D,0,No Deposit,250.0,0,Transient,146.95,0,2
Resort Hotel,0,37,2015,July,30,19,2,3,2,0.0,0,HB,PRT,Direct,Direct,0,0,0,D,D,0,No Deposit,250.0,0,Transient,146.95,0,2
Resort Hotel,0,178,2015,July,30,19,2,3,2,0.0,0,BB,PRT,Offline TA/TO,TA/TO,0,0,0,A,E,1,No Deposit,5.0,0,Transient,96.3,0,2
Resort Hotel,0,37,2015,July,30,19,2,3,2,0.0,0,HB,PRT,Direct,Direct,0,0,0,D,D,0,No Deposit,250.0,0,Transient,146.95,0,2
Resort Hotel,0,37,2015,July,30,19,2,3,2,0.0,0,HB,PRT,Direct,Direct,0,0,0,D,D,0,No Deposit,250.0,0,Transient,146.95,0,2
Resort Hotel,0,68,2015,July,30,20,1,3,2,0.0,0,BB,NLD,Online TA,TA/TO,0,0,0,D,D,0,No Deposit,240.0,0,Transient,135.0,0,2
Resort Hotel,0,0,2015,July,30,23,0,1,2,0.0,0,BB,PRT,Direct,Direct,0,0,0,A,A,0,No Deposit,,0,Transient,134.0,0,0
Resort Hotel,0,65,2015,July,29,15,2,7,2,0.0,0,FB,PRT,Offline TA/TO,TA/TO,0,0,0,A,A,0,No Deposit,175.0,0,Transient,142.48,0,0
Resort Hotel,0,27,2015,July,29,16,2,6,2,0.0,0,BB,GBR,Direct,Direct,0,0,0,A,E,2,No Deposit,250.0,0,Transient,134.5,0,1
Resort Hotel,0,0,2015,July,30,23,0,1,2,0.0,0,BB,CN,Direct,Direct,0,0,0,A,A,0,No Deposit,,0,Transient,134.0,0,0
Resort Hotel,0,106,2015,July,30,21,0,3,2,0.0,0,BB,CN,Offline TA/TO,TA/TO,0,0,0,A,F,0,No Deposit,241.0,0,Transient,88.55,0,1
Resort Hotel,0,43,2015,July,30,24,2,5,2,0.0,0,HB,GBR,Offline TA/TO,TA/TO,0,0,0,E,E,1,No Deposit,177.0,0,Transient,158.5,0,0
Resort Hotel,0,1,2015,July,29,18,2,5,2,0.0,0,BB,ITA,Online TA,TA/TO,0,0,0,E,F,0,No Deposit,240.0,0,Transient,191.0,0,1
Resort Hotel,0,56,2015,July,30,21,0,4,2,0.0,0,HB,ITA,Online TA,TA/TO,0,0,0,A,E,1,No Deposit,240.0,0,Transient,132.3,0,0
Resort Hotel,0,55,2015,July,30,20,1,4,2,0.0,0,HB,PRT,Online TA,TA/TO,0,0,0,E,F,1,No Deposit,240.0,0,Transient,177.0,0,1
Resort Hotel,0,70,2015,July,30,22,0,3,2,0.0,0,HB,ESP,Online TA,TA/TO,0,0,0,D,D,0,No Deposit,240.0,0,Transient,167.0,1,1
Resort Hotel,0,96,2015,July,30,19,2,4,2,0.0,0,HB,PRT,Offline TA/TO,TA/TO,0,0,0,A,A,0,No Deposit,5.0,0,Transient,119.7,0,2
Resort Hotel,0,96,2015,July,29,18,2,5,2,0.0,0,BB,PRT,Offline TA/TO,TA/TO,0,0,0,A,A,0,No Deposit,5.0,0,Transient,96.3,0,0
Resort Hotel,0,44,2015,July,29,18,2,5,2,0.0,0,BB,PRT,Online TA,TA/TO,0,0,0,A,C,0,No Deposit,240.0,0,Transient,115.0,0,0
Resort Hotel,0,51,2015,July,30,22,0,3,2,0.0,0,BB,BRA,Online TA,TA/TO,0,0,0,A,A,0,No Deposit,240.0,0,Transient,103.5,0,1
Resort Hotel,0,51,2015,July,30,22,0,3,2,0.0,0,BB,BRA,Online TA,TA/TO,0,0,0,D,E,0,No Deposit,240.0,0,Transient,135.0,1,1
Resort Hotel,0,94,2015,July,30,19,2,4,2,0.0,0,HB,PRT,Direct,Direct,0,0,0,A,A,0,No Deposit,250.0,0,Transient,145.0,0,1
Resort Hotel,0,10,2015,July,30,20,1,4,2,0.0,0,BB,PRT,Direct,Direct,0,0,0,E,E,0,No Deposit,,0,Transient,164.0,1,0
Resort Hotel,0,63,2015,July,30,20,1,4,2,0.0,0,BB,PRT,Online TA,TA/TO,0,0,0,A,A,0,No Deposit,242.0,0,Transient,115.0,0,1
Resort Hotel,0,153,2015,July,30,19,2,5,2,0.0,0,BB,IRL,Offline TA/TO,TA/TO,0,0,0,A,A,0,No Deposit,142.0,0,Contract,97.1,0,1
Resort Hotel,0,22,2015,July,30,24,0,2,2,0.0,0,BB,ESP,Online TA,TA/TO,0,0,0,A,D,0,No Deposit,240.0,0,Transient,165.0,1,2
Resort Hotel,0,39,2015,July,30,22,0,4,2,0.0,0,BB,FIN,Offline TA/TO,TA/TO,0,0,0,A,A,0,No Deposit,156.0,0,Contract,101.65,0,2
Resort Hotel,0,10,2015,July,30,24,0,2,2,0.0,0,HB,PRT,Direct,Direct,0,0,0,A,E,1,No Deposit,250.0,0,Transient,164.0,0,0
Resort Hotel,0,57,2015,July,29,18,2,6,2,0.0,0,HB,ESP,Offline TA/TO,TA/TO,0,0,0,A,A,0,No Deposit,196.0,0,Transient-Party,135.0,0,1
Resort Hotel,0,57,2015,July,29,18,2,6,2,0.0,0,HB,PRT,Offline TA/TO,TA/TO,0,0,0,A,A,0,No Deposit,196.0,0,Transient-Party,135.0,0,1
Resort Hotel,0,8,2015,July,30,24,0,2,2,0.0,0,BB,ESP,Online TA,TA/TO,0,0,0,E,E,0,No Deposit,240.0,0,Transient,164.0,1,1
Resort Hotel,0,38,2015,July,30,24,0,2,2,0.0,0,FB,ESP,Offline TA/TO,TA/TO,0,0,0,A,A,0,No Deposit,196.0,0,Transient,157.0,0,0
Resort Hotel,0,51,2015,July,30,22,0,4,2,0.0,0,HB,ESP,Online TA,TA/TO,0,0,0,A,A,0,No Deposit,147.0,0,Transient,101.68,0,0
Resort Hotel,0,33,2015,July,30,23,0,3,2,0.0,0,HB,ESP,Online TA,TA/TO,0,0,0,D,E,0,No Deposit,240.0,0,Transient-Party,184.0,0,1
Resort Hotel,0,98,2015,July,30,20,1,5,2,0.0,0,BB,PRT,Online TA,TA/TO,0,0,0,A,A,1,No Deposit,240.0,0,Transient,118.17,0,0
Resort Hotel,0,98,2015,July,30,20,1,5,2,0.0,0,BB,PRT,Online TA,TA/TO,0,0,0,A,A,1,No Deposit,240.0,0,Transient,118.17,0,0
Resort Hotel,0,33,2015,July,30,23,0,3,2,0.0,0,HB,ESP,Online TA,TA/TO,0,0,0,E,G,0,No Deposit,240.0,0,Transient-Party,194.0,0,1
Resort Hotel,0,11,2015,July,30,24,0,2,2,0.0,0,BB,PRT,Direct,Direct,0,0,0,D,E,0,No Deposit,,0,Transient,150.0,0,1
Resort Hotel,0,11,2015,July,30,24,0,2,2,0.0,0,BB,PRT,Direct,Direct,0,0,0,D,E,0,No Deposit,,0,Transient,150.0,0,1
Resort Hotel,0,11,2015,July,30,24,0,2,2,0.0,0,BB,PRT,Direct,Direct,0,0,0,D,E,0,No Deposit,,0,Transient,150.0,0,1
Resort Hotel,0,1,2015,July,30,25,0,1,2,0.0,0,BB,PRT,Online TA,TA/TO,0,0,0,E,E,0,No Deposit,240.0,0,Transient,179.0,0,2
Resort Hotel,0,82,2015,August,34,17,1,1,2,0.0,0,BB,PRT,Online TA,TA/TO,0,0,1,D,D,0,No Deposit,240.0,0,Transient-Party,154.0,0,1
Resort Hotel,0,55,2015,July,30,20,2,5,2,0.0,0,HB,PRT,Direct,Direct,0,0,0,A,A,0,No Deposit,,0,Transient,142.86,1,0
Resort Hotel,0,49,2015,July,30,23,1,3,2,0.0,0,BB,GBR,Offline TA/TO,TA/TO,0,0,0,A,A,0,No Deposit,142.0,0,Transient,92.0,0,0
Resort Hotel,0,52,2015,July,30,20,2,5,2,0.0,0,HB,PRT,Online TA,TA/TO,0,0,0,A,D,0,No Deposit,240.0,0,Transient,152.43,0,0
Resort Hotel,0,62,2015,July,30,20,2,5,2,0.0,0,HB,ESP,Online TA,TA/TO,0,0,0,D,D,1,No Deposit,240.0,0,Transient,167.0,0,0
Resort Hotel,0,108,2015,July,29,17,3,7,2,0.0,0,HB,PRT,Online TA,TA/TO,0,0,0,D,D,0,No Deposit,240.0,0,Transient,182.8,1,2
Resort Hotel,1,209,2015,August,31,1,2,5,2,0.0,0,BB,PRT,Online TA,TA/TO,0,1,0,A,A,0,No Deposit,240.0,0,Transient,120.6,0,1
Resort Hotel,0,67,2015,July,30,20,2,5,2,0.0,0,BB,ESP,Direct,Direct,0,0,0,A,A,0,No Deposit,250.0,0,Transient,120.43,1,1
Resort Hotel,0,30,2015,July,30,22,1,4,2,0.0,0,HB,ESP,Online TA,TA/TO,0,0,0,A,A,0,No Deposit,240.0,0,Transient,164.0,1,0
Resort Hotel,0,42,2015,July,30,20,2,5,2,0.0,0,HB,PRT,Offline TA/TO,TA/TO,0,0,0,A,D,0,No Deposit,175.0,0,Transient,122.34,0,1
Resort Hotel,0,42,2015,July,30,20,2,5,2,0.0,0,HB,PRT,Offline TA/TO,TA/TO,0,0,0,A,A,0,No Deposit,175.0,0,Transient,122.34,1,1
Resort Hotel,0,14,2015,July,30,24,1,2,2,0.0,0,HB,ESP,Online TA,TA/TO,0,0,0,A,D,0,No Deposit,240.0,0,Transient,195.0,1,2
Resort Hotel,0,50,2015,July,30,22,1,4,2,0.0,0,HB,PRT,Online TA,TA/TO,0,0,0,A,A,1,No Deposit,240.0,0,Transient,166.6,1,0
Resort Hotel,0,7,2015,July,30,23,1,3,2,0.0,0,BB,PRT,Online TA,TA/TO,0,0,0,A,A,0,No Deposit,240.0,0,Transient,153.0,0,2
Resort Hotel,0,59,2015,July,30,20,2,5,2,0.0,0,BB,PRT,Direct,Direct,0,0,0,A,A,0,No Deposit,,0,Transient,120.43,0,0
Resort Hotel,0,130,2017,July,29,18,1,5,2,0.0,0,BB,PRT,Direct,Direct,1,0,1,A,A,2,No Deposit,250.0,0,Transient,156.5,1,0
Resort Hotel,0,66,2015,July,30,23,1,3,2,0.0,0,BB,PRT,Online TA,TA/TO,0,0,0,A,A,0,No Deposit,240.0,0,Transient,124.5,0,1
Resort Hotel,0,160,2015,July,30,21,2,5,2,0.0,0,HB,GBR,Offline TA/TO,TA/TO,0,0,0,A,A,0,No Deposit,2.0,0,Contract,110.5,0,1
Resort Hotel,0,160,2015,July,30,21,2,5,2,0.0,0,HB,GBR,Offline TA/TO,TA/TO,0,0,0,A,A,0,No Deposit,2.0,0,Contract,110.5,0,1
Resort Hotel,0,26,2015,July,30,20,3,5,2,0.0,0,HB,ESP,Direct,TA/TO,0,0,0,E,E,0,No Deposit,240.0,0,Transient,194.0,0,0
Resort Hotel,0,42,2015,July,30,20,3,5,2,0.0,0,BB,ESP,Offline TA/TO,TA/TO,0,0,0,A,A,0,No Deposit,175.0,0,Transient,97.7,0,0
Resort Hotel,0,50,2015,July,30,21,2,5,2,0.0,0,HB,ESP,Online TA,TA/TO,0,0,0,A,A,0,No Deposit,147.0,0,Transient,101.68,0,0
Resort Hotel,0,46,2015,July,30,21,2,5,2,0.0,0,HB,GBR,Online TA,TA/TO,0,0,0,D,D,0,No Deposit,241.0,0,Transient,114.63,0,1
Resort Hotel,0,153,2015,July,30,21,2,5,2,0.0,0,BB,GBR,Offline TA/TO,TA/TO,0,0,0,A,A,0,No Deposit,241.0,0,Transient,103.95,0,2
Resort Hotel,0,50,2015,July,30,21,2,6,2,0.0,0,BB,NLD,Online TA,TA/TO,0,0,0,D,D,0,No Deposit,241.0,0,Transient,98.75,0,2
Resort Hotel,0,48,2015,July,31,26,2,1,2,0.0,0,BB,CN,Online TA,TA/TO,0,0,0,A,D,0,No Deposit,240.0,0,Transient-Party,127.0,1,3
Resort Hotel,0,48,2015,July,31,26,2,1,2,0.0,0,BB,CN,Online TA,TA/TO,0,0,0,A,D,0,No Deposit,240.0,0,Transient-Party,115.0,0,3
Resort Hotel,1,171,2015,August,32,3,1,5,2,0.0,0,BB,PRT,Online TA,TA/TO,0,1,0,A,A,0,No Deposit,240.0,0,Transient,134.0,0,1
Resort Hotel,0,41,2015,July,30,22,2,5,2,0.0,0,HB,ESP,Online TA,TA/TO,0,0,0,D,D,0,No Deposit,241.0,0,Transient,118.19,0,0
Resort Hotel,1,243,2015,September,36,4,0,2,2,0.0,0,BB,PRT,Online TA,TA/TO,0,1,0,A,A,0,No Deposit,240.0,0,Transient-Party,110.7,0,1
Resort Hotel,1,243,2015,September,36,4,0,2,2,0.0,0,BB,PRT,Online TA,TA/TO,0,1,0,A,A,0,No Deposit,240.0,0,Transient-Party,110.7,0,1
Resort Hotel,1,243,2015,September,36,4,0,2,2,0.0,0,BB,PRT,Online TA,TA/TO,0,1,0,A,A,0,No Deposit,240.0,0,Transient-Party,110.7,0,1
Resort Hotel,1,243,2015,September,36,4,0,2,2,0.0,0,BB,PRT,Online TA,TA/TO,0,1,0,A,A,0,No Deposit,240.0,0,Transient-Party,110.7,0,1
Resort Hotel,1,243,2015,September,36,4,0,2,2,0.0,0,BB,PRT,Online TA,TA/TO,0,1,0,A,A,0,No Deposit,240.0,0,Transient-Party,110.7,0,1
Resort Hotel,1,243,2015,September,36,4,0,2,2,0.0,0,BB,PRT,Online TA,TA/TO,0,1,0,D,D,0,No Deposit,240.0,0,Transient-Party,99.0,0,1
Resort Hotel,1,243,2015,September,36,4,0,2,2,0.0,0,BB,PRT,Online TA,TA/TO,0,1,0,D,D,0,No Deposit,240.0,0,Transient-Party,99.0,0,1
Resort Hotel,0,44,2015,July,30,19,4,6,2,0.0,0,BB,IRL,Offline TA/TO,TA/TO,0,0,0,A,A,0,No Deposit,142.0,0,Transient,92.0,0,0
Resort Hotel,0,73,2015,July,30,25,2,2,2,0.0,0,BB,ROU,Online TA,TA/TO,0,0,0,E,E,0,No Deposit,240.0,0,Transient,145.0,0,2
Resort Hotel,0,35,2015,July,29,16,4,9,2,0.0,0,BB,PRT,Online TA,TA/TO,0,0,0,D,D,1,No Deposit,240.0,0,Transient,145.23,1,0
Resort Hotel,1,153,2015,August,32,2,4,6,2,0.0,0,HB,PRT,Offline TA/TO,TA/TO,0,1,0,D,D,0,No Deposit,6.0,0,Transient,134.1,0,0
Resort Hotel,0,142,2015,July,29,16,4,10,2,0.0,0,BB,GBR,Offline TA/TO,TA/TO,0,0,0,A,A,0,No Deposit,243.0,0,Contract,88.4,0,1
Resort Hotel,0,142,2015,July,29,16,4,10,2,0.0,0,BB,GBR,Offline TA/TO,TA/TO,0,0,0,A,A,0,No Deposit,243.0,0,Contract,88.4,0,1
Resort Hotel,0,68,2015,July,30,23,2,5,2,0.0,0,BB,NOR,Direct,Direct,0,0,0,F,F,0,No Deposit,250.0,0,Transient,160.0,0,0
Resort Hotel,0,24,2015,July,30,23,2,5,2,0.0,0,BB,SWE,Online TA,TA/TO,0,0,0,F,F,0,No Deposit,242.0,0,Transient,179.0,0,1
Resort Hotel,0,296,2015,July,30,20,3,7,2,0.0,0,HB,GBR,Offline TA/TO,TA/TO,0,0,0,A,A,0,No Deposit,40.0,0,Contract,110.5,0,1
Resort Hotel,0,296,2015,July,30,20,3,7,2,0.0,0,HB,GBR,Offline TA/TO,TA/TO,0,0,0,A,A,0,No Deposit,40.0,0,Contract,110.5,0,1
Resort Hotel,0,71,2015,July,31,28,0,2,2,0.0,0,BB,ESP,Online TA,TA/TO,0,0,0,A,A,0,No Deposit,240.0,0,Transient,120.6,0,0
Resort Hotel,0,13,2015,July,31,29,0,1,2,0.0,0,BB,PRT,Direct,Direct,0,0,0,D,E,0,No Deposit,250.0,0,Transient,185.0,1,1
Resort Hotel,0,40,2015,July,30,25,2,3,2,0.0,0,BB,ESP,Online TA,TA/TO,0,0,0,A,D,0,No Deposit,240.0,0,Transient,134.0,0,0
Resort Hotel,0,9,2015,July,30,23,2,5,2,0.0,0,BB,PRT,Direct,Direct,0,0,0,C,C,5,No Deposit,,0,Transient,125.0,0,0
Resort Hotel,1,239,2015,August,35,29,4,10,2,0.0,0,HB,PRT,Offline TA/TO,TA/TO,0,1,0,A,A,0,No Deposit,143.0,0,Contract,110.5,0,2
Resort Hotel,0,93,2015,July,30,25,2,3,2,0.0,0,BB,PRT,Online TA,TA/TO,0,0,0,G,G,0,No Deposit,240.0,0,Transient,214.0,0,0
Resort Hotel,0,26,2015,July,31,27,1,2,2,0.0,0,BB,PRT,Online TA,TA/TO,0,0,0,A,E,0,No Deposit,240.0,0,Transient-Party,165.0,1,0
Resort Hotel,0,26,2015,July,31,27,1,2,2,0.0,0,BB,PRT,Online TA,TA/TO,0,0,0,D,F,0,No Deposit,240.0,0,Transient-Party,185.0,1,0
Resort Hotel,0,26,2015,July,31,27,1,2,2,0.0,0,BB,PRT,Online TA,TA/TO,0,0,0,D,F,0,No Deposit,240.0,0,Transient-Party,173.0,0,0
Resort Hotel,0,72,2015,July,31,26,2,2,2,0.0,0,BB,PRT,Online TA,TA/TO,0,0,0,E,E,0,No Deposit,240.0,0,Transient,157.0,1,1
Resort Hotel,0,61,2015,July,30,25,2,3,2,0.0,0,BB,PRT,Online TA,TA/TO,0,0,0,D,D,1,No Deposit,240.0,0,Transient,135.0,0,0
Resort Hotel,0,56,2015,July,30,20,3,7,2,0.0,0,BB,GBR,Offline TA/TO,TA/TO,0,0,0,D,D,0,No Deposit,36.0,0,Transient,112.5,0,0
Resort Hotel,0,35,2015,July,29,16,4,10,2,0.0,0,BB,PRT,Offline TA/TO,TA/TO,0,0,0,D,D,0,No Deposit,175.0,0,Transient,114.51,0,1
Resort Hotel,1,468,2016,May,20,12,0,2,2,0.0,0,HB,PRT,Groups,TA/TO,0,1,0,A,A,0,No Deposit,249.0,0,Transient-Party,67.0,0,0
Resort Hotel,1,468,2016,May,20,12,0,2,2,0.0,0,HB,PRT,Groups,TA/TO,0,1,0,A,A,0,No Deposit,249.0,0,Transient-Party,67.0,0,0
Resort Hotel,1,468,2016,May,20,12,0,2,2,0.0,0,HB,PRT,Groups,TA/TO,0,1,0,A,A,0,No Deposit,249.0,0,Transient-Party,67.0,0,0
Resort Hotel,1,468,2016,May,20,12,0,2,2,0.0,0,HB,PRT,Groups,TA/TO,0,1,0,A,A,0,No Deposit,249.0,0,Transient-Party,67.0,0,0
Resort Hotel,1,468,2016,May,20,12,0,2,2,0.0,0,HB,PRT,Groups,TA/TO,0,1,0,A,A,0,No Deposit,249.0,0,Transient-Party,67.0,0,0
Resort Hotel,1,468,2016,May,20,12,0,2,2,0.0,0,HB,PRT,Groups,TA/TO,0,1,0,A,A,0,No Deposit,249.0,0,Transient-Party,67.0,0,0
Resort Hotel,1,468,2016,May,20,12,0,2,2,0.0,0,HB,PRT,Groups,TA/TO,0,1,0,A,A,0,No Deposit,249.0,0,Transient-Party,67.0,0,0
Resort Hotel,1,468,2016,May,20,12,0,2,2,0.0,0,HB,PRT,Groups,TA/TO,0,1,0,A,A,0,No Deposit,249.0,0,Transient-Party,67.0,0,0
Resort Hotel,1,468,2016,May,20,12,0,2,2,0.0,0,HB,PRT,Groups,TA/TO,0,1,0,A,A,0,No Deposit,249.0,0,Transient-Party,67.0,0,0
Resort Hotel,1,468,2016,May,20,12,0,2,2,0.0,0,HB,PRT,Groups,TA/TO,0,1,0,A,A,0,No Deposit,249.0,0,Transient-Party,67.0,0,0
Resort Hotel,1,468,2016,May,20,12,0,2,2,0.0,0,HB,PRT,Groups,TA/TO,0,1,0,A,A,0,No Deposit,249.0,0,Transient-Party,67.0,0,0
Resort Hotel,1,468,2016,May,20,12,0,2,2,0.0,0,HB,PRT,Groups,TA/TO,0,1,0,A,A,0,No Deposit,249.0,0,Transient-Party,67.0,0,0
Resort Hotel,1,468,2016,May,20,12,0,2,2,0.0,0,HB,PRT,Groups,TA/TO,0,1,0,A,A,0,No Deposit,249.0,0,Transient-Party,67.0,0,0
Resort Hotel,1,468,2016,May,20,12,0,2,2,0.0,0,HB,PRT,Groups,TA/TO,0,1,0,A,A,0,No Deposit,249.0,0,Transient-Party,67.0,0,0
Resort Hotel,1,468,2016,May,20,12,0,2,2,0.0,0,HB,PRT,Groups,TA/TO,0,1,0,A,A,0,No Deposit,249.0,0,Transient-Party,67.0,0,0
Resort Hotel,1,468,2016,May,20,12,0,2,2,0.0,0,HB,PRT,Groups,TA/TO,0,1,0,A,A,0,No Deposit,249.0,0,Transient-Party,67.0,0,0
Resort Hotel,1,468,2016,May,20,12,0,2,2,0.0,0,HB,PRT,Groups,TA/TO,0,1,0,A,A,0,No Deposit,249.0,0,Transient-Party,67.0,0,0
Resort Hotel,1,468,2016,May,20,12,0,2,2,0.0,0,HB,PRT,Groups,TA/TO,0,1,0,A,A,0,No Deposit,249.0,0,Transient-Party,67.0,0,0
Resort Hotel,0,143,2015,July,31,30,2,3,2,0.0,0,BB,ESP,Offline TA/TO,TA/TO,0,0,0,A,D,1,No Deposit,6.0,0,Transient-Party,96.3,1,2
Resort Hotel,0,50,2015,July,30,23,2,6,2,0.0,0,BB,BEL,Online TA,TA/TO,0,0,0,A,A,0,No Deposit,240.0,0,Transient,149.25,1,0
Resort Hotel,0,47,2015,July,30,25,2,4,2,0.0,0,BB,ESP,Direct,Direct,0,0,0,A,B,0,No Deposit,250.0,0,Transient,115.0,0,1
Resort Hotel,0,20,2015,July,31,30,0,1,2,0.0,0,BB,GBR,Online TA,TA/TO,0,0,0,A,H,0,No Deposit,240.0,0,Transient,137.7,1,2
Resort Hotel,0,72,2015,July,31,29,0,2,2,0.0,0,BB,ISR,Online TA,TA/TO,0,0,0,A,D,0,No Deposit,240.0,0,Transient,134.0,0,2
Resort Hotel,0,72,2015,July,31,29,0,2,2,0.0,0,BB,ISR,Online TA,TA/TO,0,0,0,A,D,0,No Deposit,240.0,0,Transient,134.0,0,2
Resort Hotel,0,78,2015,July,31,26,2,3,2,0.0,0,BB,PRT,Online TA,TA/TO,0,0,0,A,A,0,No Deposit,240.0,0,Transient-Party,134.0,0,2
Resort Hotel,0,36,2015,July,30,24,2,5,2,0.0,0,BB,PRT,Online TA,TA/TO,0,0,0,E,E,0,No Deposit,240.0,0,Transient,175.43,1,0
Resort Hotel,0,152,2015,July,31,26,2,3,2,0.0,0,BB,IRL,Offline TA/TO,TA/TO,0,0,0,A,A,0,No Deposit,5.0,0,Transient-Party,96.3,0,2
Resort Hotel,0,102,2015,July,30,25,2,4,2,0.0,0,BB,PRT,Offline TA/TO,TA/TO,0,0,0,D,D,0,No Deposit,5.0,0,Transient,110.7,1,0
Resort Hotel,0,48,2015,July,31,27,1,3,2,0.0,0,BB,IRL,Offline TA/TO,TA/TO,0,0,0,D,D,0,No Deposit,8.0,0,Transient,108.0,0,0
Resort Hotel,0,72,2015,July,31,27,1,3,2,0.0,0,BB,PRT,Online TA,TA/TO,0,0,0,D,D,0,No Deposit,240.0,0,Transient,135.0,0,2
Resort Hotel,0,27,2015,July,31,27,1,3,2,0.0,0,BB,CHE,Online TA,TA/TO,0,0,0,A,D,0,No Deposit,240.0,0,Transient,153.0,0,0
Resort Hotel,0,254,2015,July,30,24,2,5,2,0.0,0,BB,IRL,Offline TA/TO,TA/TO,0,0,0,A,A,0,No Deposit,142.0,0,Contract,96.3,0,1
Resort Hotel,0,0,2015,July,31,28,0,3,2,0.0,0,BB,ESP,Direct,Direct,0,0,0,A,C,0,No Deposit,250.0,0,Transient,134.0,0,0
Resort Hotel,0,152,2015,July,31,26,2,3,2,0.0,0,BB,IRL,Offline TA/TO,TA/TO,0,0,0,A,A,0,No Deposit,5.0,0,Transient-Party,96.3,0,2
Resort Hotel,0,53,2015,July,31,27,1,3,2,0.0,0,BB,NLD,Online TA,TA/TO,0,0,0,E,F,0,No Deposit,240.0,0,Transient,145.0,0,0
Resort Hotel,0,48,2015,July,31,26,2,3,2,0.0,0,BB,PRT,Online TA,TA/TO,0,0,0,A,A,0,No Deposit,240.0,0,Transient,115.0,0,0
Resort Hotel,1,245,2015,September,39,25,0,1,2,0.0,0,HB,PRT,Groups,TA/TO,0,1,0,A,A,0,Non Refund,248.0,0,Transient,80.0,0,0
Resort Hotel,1,245,2015,September,39,25,0,1,2,0.0,0,HB,PRT,Groups,TA/TO,0,1,0,A,A,0,Non Refund,248.0,0,Transient,80.0,0,0
Resort Hotel,1,245,2015,September,39,25,0,1,2,0.0,0,HB,PRT,Groups,TA/TO,0,1,0,A,A,0,Non Refund,248.0,0,Transient,80.0,0,0
Resort Hotel,1,245,2015,September,39,25,0,1,2,0.0,0,HB,PRT,Groups,TA/TO,0,1,0,A,A,0,Non Refund,248.0,0,Transient,80.0,0,0
Resort Hotel,1,245,2015,September,39,25,0,1,2,0.0,0,HB,PRT,Groups,TA/TO,0,1,0,A,A,0,Non Refund,248.0,0,Transient,80.0,0,0
Resort Hotel,1,245,2015,September,39,25,0,1,2,0.0,0,HB,PRT,Groups,TA/TO,0,1,0,A,A,0,Non Refund,248.0,0,Transient,80.0,0,0
Resort Hotel,1,245,2015,September,39,25,0,1,2,0.0,0,HB,PRT,Groups,TA/TO,0,1,0,A,A,0,Non Refund,248.0,0,Transient,80.0,0,0
Resort Hotel,1,245,2015,September,39,25,0,1,2,0.0,0,HB,PRT,Groups,TA/TO,0,1,0,A,A,0,Non Refund,248.0,0,Transient,80.0,0,0
Resort Hotel,1,245,2015,September,39,25,0,1,2,0.0,0,HB,PRT,Groups,TA/TO,0,1,0,A,A,0,Non Refund,248.0,0,Transient,80.0,0,0
Resort Hotel,1,245,2015,September,39,25,0,1,2,0.0,0,HB,PRT,Groups,TA/TO,0,1,0,A,A,0,Non Refund,248.0,0,Transient,80.0,0,0
Resort Hotel,1,245,2015,September,39,25,0,1,2,0.0,0,HB,PRT,Groups,TA/TO,0,1,0,A,A,0,Non Refund,248.0,0,Transient,80.0,0,0
Resort Hotel,1,245,2015,September,39,25,0,1,2,0.0,0,HB,PRT,Groups,TA/TO,0,1,0,A,A,0,Non Refund,248.0,0,Transient,80.0,0,0
Resort Hotel,1,245,2015,September,39,25,0,1,2,0.0,0,HB,PRT,Groups,TA/TO,0,1,0,A,A,0,Non Refund,248.0,0,Transient,80.0,0,0
Resort Hotel,1,245,2015,September,39,25,0,1,2,0.0,0,HB,PRT,Groups,TA/TO,0,1,0,A,A,0,Non Refund,248.0,0,Transient,80.0,0,0
Resort Hotel,1,245,2015,September,39,25,0,1,2,0.0,0,HB,PRT,Groups,TA/TO,0,1,0,A,A,0,Non Refund,248.0,0,Transient,80.0,0,0
Resort Hotel,1,245,2015,September,39,25,0,1,2,0.0,0,HB,PRT,Groups,TA/TO,0,1,0,A,A,0,Non Refund,248.0,0,Transient,80.0,0,0
Resort Hotel,1,245,2015,September,39,25,0,1,2,0.0,0,HB,PRT,Groups,TA/TO,0,1,0,A,A,0,Non Refund,248.0,0,Transient,80.0,0,0
Resort Hotel,1,245,2015,September,39,25,0,1,2,0.0,0,HB,PRT,Groups,TA/TO,0,1,0,A,A,0,Non Refund,248.0,0,Transient,80.0,0,0
Resort Hotel,1,245,2015,September,39,25,0,1,2,0.0,0,HB,PRT,Groups,TA/TO,0,1,0,A,A,0,Non Refund,248.0,0,Transient,80.0,0,0
Resort Hotel,1,245,2015,September,39,25,0,1,2,0.0,0,HB,PRT,Groups,TA/TO,0,1,0,A,A,0,Non Refund,248.0,0,Transient,80.0,0,0
Resort Hotel,1,245,2015,September,39,25,0,1,2,0.0,0,HB,PRT,Groups,TA/TO,0,1,0,A,A,0,Non Refund,248.0,0,Transient,80.0,0,0
Resort Hotel,1,245,2015,September,39,25,0,1,2,0.0,0,HB,PRT,Groups,TA/TO,0,1,0,A,A,0,Non Refund,248.0,0,Transient,80.0,0,0
Resort Hotel,1,245,2015,September,39,25,0,1,2,0.0,0,HB,PRT,Groups,TA/TO,0,1,0,A,A,0,Non Refund,248.0,0,Transient,80.0,0,0
Resort Hotel,1,245,2015,September,39,25,0,1,2,0.0,0,HB,PRT,Groups,TA/TO,0,1,0,A,A,0,Non Refund,248.0,0,Transient,80.0,0,0
Resort Hotel,1,245,2015,September,39,25,0,1,2,0.0,0,HB,PRT,Groups,TA/TO,0,1,0,A,A,0,Non Refund,248.0,0,Transient,80.0,0,0
Resort Hotel,1,245,2015,September,39,25,0,1,2,0.0,0,HB,PRT,Groups,TA/TO,0,1,0,A,A,0,Non Refund,248.0,0,Transient,80.0,0,0
Resort Hotel,1,245,2015,September,39,25,0,1,2,0.0,0,HB,PRT,Groups,TA/TO,0,1,0,A,A,0,Non Refund,248.0,0,Transient,80.0,0,0
Resort Hotel,0,32,2015,July,31,27,1,4,2,0.0,0,BB,IRL,Direct,Direct,0,0,0,D,D,0,No Deposit,250.0,0,Transient,135.0,0,2
Resort Hotel,0,45,2015,July,30,23,2,7,2,0.0,0,BB,PRT,Direct,Direct,0,0,0,A,A,0,No Deposit,,0,Transient,117.22,1,0
Resort Hotel,0,49,2015,July,31,27,1,4,2,0.0,0,BB,PRT,Online TA,TA/TO,0,0,0,A,D,0,No Deposit,240.0,0,Transient,127.0,1,1
Resort Hotel,0,67,2015,July,31,31,0,1,2,0.0,0,BB,PRT,Online TA,TA/TO,0,0,0,A,D,0,No Deposit,241.0,0,Transient,88.55,0,1
Resort Hotel,0,67,2015,July,31,31,0,1,2,0.0,0,BB,PRT,Online TA,TA/TO,0,0,0,A,D,0,No Deposit,241.0,0,Transient,88.55,1,1
Resort Hotel,0,53,2015,July,31,27,1,4,2,0.0,0,BB,PRT,Online TA,TA/TO,0,0,0,D,D,1,No Deposit,240.0,0,Transient,154.6,1,0
Resort Hotel,0,11,2015,July,30,24,2,6,2,0.0,0,HB,PRT,Direct,Direct,0,0,0,E,E,0,No Deposit,250.0,0,Transient,194.0,0,0
Resort Hotel,0,0,2015,July,31,31,0,1,2,0.0,0,BB,FRA,Direct,Direct,0,0,0,D,D,0,No Deposit,,0,Transient,153.0,0,0
Resort Hotel,0,3,2015,July,31,30,0,2,2,0.0,0,BB,CHN,Online TA,TA/TO,0,0,0,A,A,0,No Deposit,240.0,0,Transient,153.0,0,3
Resort Hotel,0,34,2015,July,31,26,2,4,2,0.0,0,BB,PRT,Online TA,TA/TO,0,0,0,A,A,0,No Deposit,240.0,0,Transient,146.0,0,0
Resort Hotel,0,55,2015,July,31,28,0,4,2,0.0,0,HB,PRT,Offline TA/TO,TA/TO,0,0,0,A,A,1,No Deposit,142.0,0,Contract,118.0,1,0
Resort Hotel,0,42,2015,July,31,27,1,4,2,0.0,0,HB,ESP,Offline TA/TO,TA/TO,0,0,0,A,A,0,No Deposit,134.0,0,Transient,133.0,0,0
Resort Hotel,0,48,2015,July,31,26,2,4,2,0.0,0,HB,PRT,Online TA,TA/TO,0,0,0,D,D,0,No Deposit,242.0,0,Transient,158.1,0,0
Resort Hotel,0,33,2015,July,31,26,2,4,2,0.0,0,BB,PRT,Offline TA/TO,TA/TO,0,0,0,E,E,0,No Deposit,5.0,0,Transient,131.2,0,1
Resort Hotel,0,23,2015,July,31,26,2,4,2,0.0,0,BB,PRT,Offline TA/TO,TA/TO,0,0,0,E,E,0,No Deposit,5.0,0,Transient,131.2,0,1
Resort Hotel,0,156,2015,August,31,1,2,6,2,0.0,0,BB,PRT,Online TA,TA/TO,0,0,0,A,A,1,No Deposit,240.0,0,Transient,134.0,0,1
Resort Hotel,0,29,2015,July,30,25,2,5,2,0.0,0,BB,ESP,Direct,Direct,0,0,0,D,D,0,No Deposit,250.0,0,Transient,135.0,0,0
Resort Hotel,0,39,2015,July,30,25,2,5,2,0.0,0,BB,PRT,Offline TA/TO,TA/TO,0,0,0,A,A,0,No Deposit,196.0,0,Transient,107.0,0,0
Resort Hotel,0,3,2015,July,31,30,0,2,2,0.0,0,BB,CHN,Online TA,TA/TO,0,0,0,G,G,0,No Deposit,240.0,0,Transient,195.0,1,3
Resort Hotel,0,53,2015,July,30,22,2,8,2,0.0,0,FB,PRT,Offline TA/TO,TA/TO,0,0,0,D,D,2,No Deposit,15.0,0,Transient,111.2,0,0
Resort Hotel,1,244,2015,September,36,2,2,5,2,0.0,0,BB,IRL,Groups,TA/TO,0,1,0,A,A,0,No Deposit,96.0,0,Transient-Party,8.0,0,0
Resort Hotel,1,244,2015,September,36,2,2,5,2,0.0,0,BB,IRL,Groups,TA/TO,0,1,0,A,A,0,No Deposit,96.0,0,Transient-Party,8.0,0,0
Resort Hotel,1,244,2015,September,36,2,2,5,2,0.0,0,BB,IRL,Groups,TA/TO,0,1,0,A,A,0,No Deposit,96.0,0,Transient-Party,8.0,0,0
Resort Hotel,1,244,2015,September,36,2,2,5,2,0.0,0,BB,IRL,Groups,TA/TO,0,1,0,A,A,0,No Deposit,96.0,0,Transient-Party,8.0,0,0
Resort Hotel,1,244,2015,September,36,2,2,5,2,0.0,0,BB,IRL,Groups,TA/TO,0,1,0,A,A,0,No Deposit,96.0,0,Transient-Party,8.0,0,0
Resort Hotel,1,244,2015,September,36,2,2,5,2,0.0,0,BB,IRL,Groups,TA/TO,0,1,0,A,A,0,No Deposit,96.0,0,Transient-Party,8.0,0,0
Resort Hotel,1,244,2015,September,36,2,2,5,2,0.0,0,BB,IRL,Groups,TA/TO,0,1,0,A,A,0,No Deposit,96.0,0,Transient-Party,8.0,0,0
Resort Hotel,1,244,2015,September,36,2,2,5,2,0.0,0,BB,IRL,Groups,TA/TO,0,1,0,A,A,0,No Deposit,96.0,0,Transient-Party,8.0,0,0
Resort Hotel,1,244,2015,September,36,2,2,5,2,0.0,0,BB,IRL,Groups,TA/TO,0,1,0,A,A,0,No Deposit,96.0,0,Transient-Party,8.0,0,0
Resort Hotel,1,244,2015,September,36,2,2,5,2,0.0,0,BB,IRL,Groups,TA/TO,0,1,0,A,A,0,No Deposit,96.0,0,Transient-Party,8.0,0,0
Resort Hotel,1,244,2015,September,36,2,2,5,2,0.0,0,BB,IRL,Groups,TA/TO,0,1,0,A,A,0,No Deposit,96.0,0,Transient-Party,8.0,0,0
Resort Hotel,1,244,2015,September,36,2,2,5,2,0.0,0,BB,IRL,Groups,TA/TO,0,1,0,A,A,0,No Deposit,96.0,0,Transient-Party,8.0,0,0
Resort Hotel,1,244,2015,September,36,2,2,5,2,0.0,0,BB,IRL,Groups,TA/TO,0,1,0,A,A,0,No Deposit,96.0,0,Transient-Party,8.0,0,0
Resort Hotel,1,244,2015,September,36,2,2,5,2,0.0,0,BB,IRL,Groups,TA/TO,0,1,0,A,A,0,No Deposit,96.0,0,Transient-Party,8.0,0,0
Resort Hotel,1,172,2015,August,32,4,1,5,2,0.0,0,BB,PRT,Direct,Direct,0,0,0,A,A,0,No Deposit,250.0,0,Transient,125.9,0,1
Resort Hotel,0,25,2015,July,31,26,2,5,2,0.0,0,BB,ESP,Online TA,TA/TO,0,0,0,E,E,1,No Deposit,240.0,0,Transient,183.0,1,2
Resort Hotel,0,39,2015,July,31,26,2,5,2,0.0,0,HB,ESP,Offline TA/TO,TA/TO,0,0,0,A,A,0,No Deposit,196.0,0,Transient,133.0,0,1
Resort Hotel,0,31,2015,July,31,31,0,2,2,0.0,0,BB,ESP,Offline TA/TO,TA/TO,0,0,0,A,A,0,No Deposit,196.0,0,Transient,107.0,0,0
Resort Hotel,0,39,2015,July,31,26,2,5,2,0.0,0,HB,ESP,Offline TA/TO,TA/TO,0,0,0,A,A,0,No Deposit,196.0,0,Transient,133.0,0,1
Resort Hotel,0,31,2015,July,31,31,0,2,2,0.0,0,BB,ESP,Offline TA/TO,TA/TO,0,0,0,A,A,0,No Deposit,196.0,0,Transient,107.0,1,0
Resort Hotel,0,15,2015,July,31,31,0,2,2,0.0,0,BB,CHN,Online TA,TA/TO,0,0,0,D,D,0,No Deposit,240.0,0,Transient,173.0,0,2
Resort Hotel,0,56,2015,July,30,25,2,6,2,0.0,0,BB,CHE,Offline TA/TO,TA/TO,0,0,0,D,D,0,No Deposit,36.0,0,Transient,102.45,0,0
Resort Hotel,0,49,2015,July,31,27,1,5,2,0.0,0,BB,PRT,Online TA,TA/TO,0,0,0,A,A,0,No Deposit,240.0,0,Transient,118.17,0,0
Resort Hotel,0,167,2015,July,31,27,1,5,2,0.0,0,BB,PRT,Online TA,TA/TO,0,0,0,A,D,0,No Deposit,240.0,0,Transient,120.6,1,1
Resort Hotel,0,15,2015,July,31,31,0,2,2,0.0,0,BB,CHN,Online TA,TA/TO,0,0,0,D,D,0,No Deposit,240.0,0,Transient,173.0,1,2
Resort Hotel,0,14,2015,July,31,30,0,3,2,0.0,0,HB,ESP,Online TA,TA/TO,0,0,0,A,E,0,No Deposit,240.0,0,Transient,189.67,0,1
Resort Hotel,0,32,2015,July,31,27,1,5,2,0.0,0,HB,PRT,Direct,Direct,0,0,0,A,A,1,No Deposit,250.0,0,Transient,147.0,0,0
Resort Hotel,0,46,2015,July,31,27,1,5,2,0.0,0,HB,PRT,Offline TA/TO,TA/TO,0,0,0,A,A,0,No Deposit,134.0,0,Transient,133.0,0,0
Resort Hotel,0,32,2015,July,31,31,0,2,2,0.0,0,BB,PRT,Online TA,TA/TO,0,0,0,A,A,0,No Deposit,240.0,0,Transient,120.6,0,0
Resort Hotel,0,32,2015,July,30,24,2,7,2,0.0,0,BB,MAR,Online TA,TA/TO,0,0,0,A,A,0,No Deposit,240.0,0,Transient,128.2,0,1
Resort Hotel,0,33,2015,July,31,26,2,5,2,0.0,0,BB,PRT,Offline TA/TO,TA/TO,0,0,0,A,A,0,No Deposit,134.0,0,Transient,107.0,0,1
Resort Hotel,0,33,2015,July,31,26,2,5,2,0.0,0,BB,PRT,Offline TA/TO,TA/TO,0,0,0,A,A,0,No Deposit,134.0,0,Transient,107.0,0,1
Resort Hotel,0,31,2015,July,31,30,0,3,2,0.0,0,BB,HRV,Online TA,TA/TO,0,0,0,A,F,0,No Deposit,240.0,0,Transient,134.0,0,1
Resort Hotel,0,0,2015,August,31,1,0,1,2,0.0,0,BB,PRT,Online TA,TA/TO,0,0,0,A,A,0,No Deposit,241.0,0,Transient,132.44,1,1
Resort Hotel,0,25,2015,July,31,31,0,2,2,0.0,0,BB,ESP,Direct,Direct,0,0,0,B,B,1,No Deposit,250.0,0,Transient,134.0,0,0
Resort Hotel,0,157,2015,August,32,2,2,5,2,0.0,0,HB,PRT,Offline TA/TO,TA/TO,0,0,0,A,A,2,No Deposit,196.0,0,Transient-Party,119.7,0,2
Resort Hotel,0,38,2015,July,31,30,1,3,2,0.0,0,BB,IRL,Online TA,TA/TO,0,0,0,A,E,0,No Deposit,240.0,0,Transient,120.6,0,0
Resort Hotel,0,82,2015,July,31,30,1,3,2,0.0,0,BB,IRL,Online TA,TA/TO,0,0,0,A,A,0,No Deposit,147.0,0,Transient,81.67,0,1
Resort Hotel,0,39,2015,July,31,26,3,5,2,0.0,0,HB,PRT,Offline TA/TO,TA/TO,0,0,0,A,A,0,No Deposit,96.0,0,Transient-Party,135.0,0,1
Resort Hotel,0,53,2015,July,31,27,2,5,2,0.0,0,HB,ESP,Online TA,TA/TO,0,0,0,D,D,1,No Deposit,242.0,0,Transient,146.56,0,1
Resort Hotel,0,122,2015,July,31,30,1,3,2,0.0,0,BB,PRT,Online TA,TA/TO,0,0,0,A,E,0,No Deposit,240.0,0,Transient,144.6,1,0
Resort Hotel,0,1,2015,August,31,1,1,1,2,0.0,0,BB,BEL,Online TA,TA/TO,0,0,0,A,D,0,No Deposit,240.0,0,Transient,162.5,0,1
Resort Hotel,0,31,2015,July,31,31,1,2,2,0.0,0,BB,ESP,Online TA,TA/TO,0,0,0,A,A,1,No Deposit,240.0,0,Transient,140.33,0,1
Resort Hotel,0,11,2015,July,31,31,1,2,2,0.0,0,BB,PRT,Online TA,TA/TO,0,0,0,F,F,0,No Deposit,241.0,0,Transient,142.71,0,0
Resort Hotel,0,44,2015,August,31,1,1,1,2,0.0,0,BB,ESP,Online TA,TA/TO,0,0,0,D,D,0,No Deposit,240.0,0,Transient,154.0,0,0
Resort Hotel,1,261,2015,October,42,16,2,6,2,0.0,0,HB,PRT,Offline TA/TO,TA/TO,0,1,0,D,D,0,No Deposit,6.0,0,Transient,72.0,0,0
Resort Hotel,0,118,2015,July,31,30,1,3,2,0.0,0,BB,GBR,Offline TA/TO,TA/TO,0,0,0,D,D,0,No Deposit,26.0,0,Contract,109.65,0,0
Resort Hotel,0,64,2015,August,31,1,1,1,2,0.0,0,BB,PRT,Online TA,TA/TO,0,0,0,D,D,0,No Deposit,240.0,0,Transient,154.0,0,0
Resort Hotel,0,49,2015,July,31,27,2,5,2,0.0,0,BB,IRL,Online TA,TA/TO,0,0,0,A,A,0,No Deposit,241.0,0,Transient,98.02,0,1
Resort Hotel,0,22,2015,August,31,1,1,1,2,0.0,0,BB,PRT,Direct,Direct,0,0,0,A,A,0,No Deposit,250.0,0,Transient,134.0,0,0
Resort Hotel,0,11,2015,July,31,31,1,2,2,0.0,0,BB,ESP,Online TA,TA/TO,0,0,0,E,E,0,No Deposit,241.0,0,Transient,140.91,0,0
Resort Hotel,0,48,2015,July,31,31,1,2,2,0.0,0,BB,IRL,Offline TA/TO,TA/TO,0,0,0,A,A,0,No Deposit,156.0,0,Contract,101.65,0,1
Resort Hotel,0,58,2015,July,31,31,1,2,2,0.0,0,BB,GBR,Online TA,TA/TO,0,0,0,D,D,0,No Deposit,241.0,0,Transient,129.0,0,0
Resort Hotel,0,255,2015,July,31,31,1,2,2,0.0,0,BB,IRL,Offline TA/TO,TA/TO,0,0,0,A,A,0,No Deposit,156.0,0,Contract,96.3,0,0
Resort Hotel,0,209,2015,July,31,30,1,3,2,0.0,0,BB,BRA,Offline TA/TO,TA/TO,0,0,0,A,A,0,No Deposit,156.0,0,Contract,90.95,0,0
Resort Hotel,0,210,2015,July,31,31,1,2,2,0.0,0,BB,IRL,Offline TA/TO,TA/TO,0,0,0,E,F,1,No Deposit,175.0,0,Transient,119.25,0,0
Resort Hotel,0,25,2015,August,32,3,1,0,2,0.0,0,BB,PRT,Offline TA/TO,TA/TO,0,0,0,E,F,0,No Deposit,,0,Transient,207.0,0,0
Resort Hotel,0,24,2015,July,31,31,1,2,2,0.0,0,BB,LUX,Direct,Direct,0,0,0,F,F,0,No Deposit,,0,Transient,179.0,1,1
Resort Hotel,0,128,2015,July,30,24,4,7,2,0.0,0,HB,FRA,Direct,Direct,0,0,0,A,A,0,No Deposit,250.0,0,Transient,152.71,0,1
Resort Hotel,0,156,2015,July,31,31,2,2,2,0.0,0,BB,IRL,Offline TA/TO,TA/TO,0,0,0,A,A,0,No Deposit,127.0,0,Transient,100.8,0,0
Resort Hotel,0,119,2015,July,31,28,2,5,2,0.0,0,HB,GBR,Offline TA/TO,TA/TO,0,0,0,E,E,1,No Deposit,143.0,0,Contract,134.73,0,2
Resort Hotel,0,49,2015,July,31,27,3,5,2,0.0,0,HB,CN,Online TA,TA/TO,0,0,0,A,A,0,No Deposit,242.0,0,Transient,179.88,0,1
Resort Hotel,0,143,2015,July,31,30,2,3,2,0.0,0,BB,ESP,Offline TA/TO,TA/TO,0,0,0,A,D,0,No Deposit,6.0,0,Transient-Party,90.95,0,1
Resort Hotel,0,143,2015,July,31,30,2,3,2,0.0,0,BB,ESP,Offline TA/TO,TA/TO,0,0,0,A,D,0,No Deposit,6.0,0,Transient-Party,90.95,0,1
Resort Hotel,0,2,2015,August,32,2,2,0,2,0.0,0,BB,PRT,Online TA,TA/TO,0,0,0,A,A,0,No Deposit,240.0,0,Transient,146.25,0,1
Resort Hotel,0,8,2015,July,31,31,2,2,2,0.0,0,BB,CHE,Online TA,TA/TO,0,0,0,A,A,0,No Deposit,240.0,0,Transient,181.5,0,2
Resort Hotel,0,0,2015,August,32,3,1,0,2,0.0,0,BB,PRT,Online TA,TA/TO,0,0,0,A,C,0,No Deposit,241.0,0,Transient,132.44,0,0
Resort Hotel,0,0,2015,August,32,2,2,0,2,0.0,0,BB,ESP,Online TA,TA/TO,0,0,0,D,D,0,No Deposit,240.0,0,Transient,192.0,0,0
Resort Hotel,0,177,2015,July,31,27,3,5,2,0.0,0,BB,IRL,Offline TA/TO,TA/TO,0,0,0,E,E,0,No Deposit,156.0,0,Contract,112.63,0,0
Resort Hotel,1,218,2015,August,32,7,2,2,2,0.0,0,BB,PRT,Online TA,TA/TO,0,1,0,A,A,0,No Deposit,240.0,0,Transient,134.0,0,1
Resort Hotel,0,88,2015,July,31,29,2,5,2,0.0,0,BB,IRL,Offline TA/TO,TA/TO,0,0,0,E,E,0,No Deposit,95.0,0,Transient,132.5,0,1
Resort Hotel,0,123,2015,August,32,2,2,1,2,0.0,0,BB,PRT,Online TA,TA/TO,0,0,0,D,D,0,No Deposit,240.0,0,Transient,138.6,0,2
Resort Hotel,0,123,2015,July,31,31,2,3,2,0.0,0,BB,NLD,Offline TA/TO,TA/TO,0,0,0,A,A,0,No Deposit,156.0,0,Contract,90.95,0,0
Resort Hotel,0,158,2015,August,32,4,0,1,2,0.0,0,BB,GBR,Direct,Direct,0,0,0,A,A,0,No Deposit,,0,Transient,112.0,0,0
Resort Hotel,0,79,2015,August,31,1,2,2,2,0.0,0,HB,PRT,Offline TA/TO,TA/TO,0,0,0,D,D,0,No Deposit,177.0,0,Transient,149.0,0,0
Resort Hotel,0,0,2015,August,32,4,0,1,2,0.0,0,BB,PRT,Direct,Direct,0,0,0,L,B,0,No Deposit,,0,Transient,172.0,0,0
Resort Hotel,0,79,2015,July,31,29,2,5,2,0.0,0,HB,ESP,Online TA,TA/TO,0,0,0,A,A,0,No Deposit,147.0,0,Transient-Party,112.36,0,1
Resort Hotel,0,79,2015,July,31,29,2,5,2,0.0,0,HB,ESP,Online TA,TA/TO,0,0,0,A,A,0,No Deposit,147.0,0,Transient-Party,112.36,1,1
Resort Hotel,0,0,2015,August,32,3,1,1,2,0.0,0,HB,PRT,Online TA,TA/TO,0,0,0,D,D,1,No Deposit,240.0,0,Transient,241.0,0,0
Resort Hotel,0,91,2015,July,31,29,2,5,2,0.0,0,BB,PRT,Offline TA/TO,TA/TO,0,0,0,A,A,0,No Deposit,8.0,0,Contract,107.0,0,0
Resort Hotel,0,48,2015,July,31,26,4,6,2,0.0,0,BB,ITA,Online TA,TA/TO,0,0,0,E,E,0,No Deposit,240.0,0,Transient,156.4,0,0
Resort Hotel,0,264,2017,August,32,7,1,5,2,0.0,0,BB,ITA,Online TA,TA/TO,1,0,1,E,E,1,No Deposit,240.0,0,Transient,204.0,1,2
Resort Hotel,0,69,2015,July,31,28,2,6,2,0.0,0,BB,CN,Offline TA/TO,TA/TO,0,0,0,D,D,0,No Deposit,96.0,0,Transient,123.0,0,0
Resort Hotel,0,146,2015,July,31,30,2,5,2,0.0,0,BB,IRL,Direct,Direct,0,0,0,A,A,0,No Deposit,,0,Transient,113.9,0,1
Resort Hotel,0,73,2015,July,31,30,2,5,2,0.0,0,BB,GBR,Offline TA/TO,TA/TO,0,0,0,A,A,0,No Deposit,243.0,0,Contract,104.0,0,1
Resort Hotel,0,73,2015,July,31,30,2,5,2,0.0,0,BB,GBR,Offline TA/TO,TA/TO,0,0,0,A,A,0,No Deposit,243.0,0,Contract,104.0,0,1
Resort Hotel,0,155,2015,July,31,30,2,5,2,0.0,0,HB,GBR,Offline TA/TO,TA/TO,0,0,0,A,A,0,No Deposit,243.0,0,Contract,110.5,0,1
Resort Hotel,0,155,2015,July,31,30,2,5,2,0.0,0,HB,GBR,Offline TA/TO,TA/TO,0,0,0,A,A,0,No Deposit,243.0,0,Contract,110.5,0,1
Resort Hotel,0,2,2015,August,32,5,0,1,2,0.0,0,BB,PRT,Corporate,Corporate,0,0,0,E,E,0,No Deposit,110.0,0,Transient,211.0,0,0
Resort Hotel,0,210,2015,July,31,31,2,4,2,0.0,0,BB,IRL,Offline TA/TO,TA/TO,0,0,0,A,A,0,No Deposit,156.0,0,Contract,90.95,0,1
Resort Hotel,0,202,2015,July,30,23,4,10,2,0.0,0,HB,BEL,Online TA,TA/TO,0,0,0,A,A,4,No Deposit,240.0,0,Transient,164.0,0,2
Resort Hotel,0,1,2015,August,32,5,0,1,2,0.0,0,BB,PRT,Online TA,TA/TO,0,0,0,A,D,0,No Deposit,240.0,0,Transient,154.8,0,1
Resort Hotel,0,0,2015,August,32,5,0,1,2,0.0,0,BB,PRT,Online TA,TA/TO,0,0,0,D,D,0,No Deposit,240.0,0,Transient,172.0,0,0
Resort Hotel,0,154,2015,July,31,28,2,8,2,0.0,0,BB,IRL,Offline TA/TO,TA/TO,0,0,0,A,A,0,No Deposit,156.0,0,Contract,90.95,0,0
Resort Hotel,0,6,2015,August,32,4,0,3,2,0.0,0,BB,GBR,Online TA,TA/TO,0,0,0,A,A,0,No Deposit,240.0,0,Transient,191.0,0,3
Resort Hotel,0,155,2015,July,31,28,2,8,2,0.0,0,HB,GBR,Offline TA/TO,TA/TO,0,0,0,D,D,0,No Deposit,40.0,0,Contract,126.65,0,0
Resort Hotel,0,5,2015,August,32,5,0,2,2,0.0,0,BB,PRT,Direct,Direct,0,0,0,A,B,0,No Deposit,,0,Transient,20.0,1,0
Resort Hotel,0,0,2015,August,32,4,0,3,2,0.0,0,BB,PRT,Direct,Direct,0,0,0,C,C,0,No Deposit,,0,Transient,217.0,0,0
Resort Hotel,0,55,2015,August,32,3,1,3,2,0.0,0,BB,PRT,Direct,Direct,0,0,0,F,F,0,No Deposit,250.0,0,Transient,210.0,0,0
Resort Hotel,0,0,2015,August,32,6,0,1,2,0.0,0,BB,PRT,Direct,Direct,0,0,0,A,A,0,No Deposit,,0,Transient,191.0,0,0
Resort Hotel,0,210,2015,August,32,2,2,3,2,0.0,0,BB,PRT,Online TA,TA/TO,0,0,0,A,A,0,No Deposit,240.0,0,Transient,134.0,0,0
Resort Hotel,1,219,2015,August,32,8,2,5,2,0.0,0,BB,PRT,Online TA,TA/TO,0,1,0,E,E,0,No Deposit,240.0,0,Transient,166.0,0,2
Resort Hotel,0,67,2015,July,31,31,2,5,2,0.0,0,BB,GBR,Online TA,TA/TO,0,0,0,D,D,0,No Deposit,147.0,0,Transient,209.17,0,1
Resort Hotel,0,67,2015,July,31,31,2,5,2,0.0,0,BB,GBR,Online TA,TA/TO,0,0,0,D,D,0,No Deposit,147.0,0,Transient,209.17,0,1
Resort Hotel,0,82,2015,August,32,2,2,3,2,0.0,0,HB,ESP,Online TA,TA/TO,0,0,0,D,D,0,No Deposit,240.0,0,Transient,209.4,1,2
Resort Hotel,0,103,2015,August,31,1,2,4,2,0.0,0,BB,PRT,Direct,Direct,0,0,0,F,F,1,No Deposit,250.0,0,Transient,179.0,1,0
Resort Hotel,0,142,2015,July,31,29,2,7,2,0.0,0,BB,IRL,Offline TA/TO,TA/TO,0,0,0,A,A,0,No Deposit,156.0,0,Contract,96.3,0,1
Resort Hotel,0,5,2015,August,32,3,1,3,2,0.0,0,BB,PRT,Online TA,TA/TO,0,0,0,A,D,0,No Deposit,240.0,0,Transient,191.0,0,3
Resort Hotel,0,66,2015,August,32,3,1,3,2,0.0,0,BB,PRT,Direct,Direct,0,0,0,D,F,0,No Deposit,,0,Transient,168.25,0,0
Resort Hotel,0,93,2015,August,32,2,2,3,2,0.0,0,BB,PRT,Online TA,TA/TO,0,0,0,A,A,0,No Deposit,240.0,0,Transient,134.0,0,3
Resort Hotel,0,73,2015,July,31,30,2,7,2,0.0,0,BB,IRL,Offline TA/TO,TA/TO,0,0,0,D,D,0,No Deposit,95.0,0,Transient,123.0,0,0
Resort Hotel,0,177,2015,July,31,29,2,8,2,0.0,0,HB,PRT,Offline TA/TO,TA/TO,0,0,0,A,A,0,No Deposit,142.0,0,Contract,125.1,0,0
Resort Hotel,0,160,2015,August,32,3,1,4,2,0.0,0,BB,PRT,Direct,Direct,0,0,0,A,A,0,No Deposit,,0,Transient,119.9,1,2
Resort Hotel,0,160,2015,August,32,3,1,4,2,0.0,0,BB,PRT,Direct,Direct,0,0,0,A,A,0,No Deposit,,0,Transient,113.9,0,2
Resort Hotel,0,258,2015,August,32,3,1,4,2,0.0,0,BB,PRT,Online TA,TA/TO,0,0,0,A,A,0,No Deposit,240.0,0,Transient,134.0,0,0
Resort Hotel,0,112,2015,August,32,3,1,4,2,0.0,0,HB,PRT,Online TA,TA/TO,0,0,0,E,E,0,No Deposit,240.0,0,Transient,196.0,0,0
Resort Hotel,0,0,2015,August,32,7,0,1,2,0.0,0,BB,PRT,Online TA,TA/TO,0,0,0,D,F,0,No Deposit,240.0,0,Transient,153.0,0,2
Resort Hotel,0,107,2015,August,32,5,0,3,2,0.0,0,HB,FRA,Offline TA/TO,TA/TO,0,0,0,A,A,0,No Deposit,242.0,0,Transient,166.0,0,1
Resort Hotel,0,157,2015,August,31,1,2,5,2,0.0,0,BB,PRT,Online TA,TA/TO,0,0,0,A,A,0,No Deposit,240.0,0,Transient,134.0,0,1
Resort Hotel,0,10,2015,August,31,1,2,5,2,0.0,0,HB,PRT,Direct,Direct,0,0,0,D,D,1,No Deposit,,0,Transient,219.9,0,0
Resort Hotel,0,82,2015,August,31,1,2,5,2,0.0,0,BB,PRT,Online TA,TA/TO,0,0,0,D,D,0,No Deposit,240.0,0,Transient,162.14,0,1
Resort Hotel,0,70,2015,August,31,1,2,5,2,0.0,0,BB,PRT,Direct,Direct,0,0,0,E,E,1,No Deposit,250.0,0,Transient,187.14,0,0
Resort Hotel,0,51,2015,July,31,29,2,8,2,0.0,0,BB,NLD,Online TA,TA/TO,0,0,0,E,E,0,No Deposit,240.0,0,Transient,167.8,1,0
Resort Hotel,0,124,2015,August,31,1,2,5,2,0.0,0,BB,PRT,Online TA,TA/TO,0,0,0,A,A,0,No Deposit,240.0,0,Transient,120.6,0,2
Resort Hotel,0,86,2015,August,32,5,0,3,2,0.0,0,BB,PRT,Online TA,TA/TO,0,0,0,A,A,0,No Deposit,240.0,0,Transient,140.33,0,0
Resort Hotel,0,32,2015,August,31,1,2,6,2,0.0,0,BB,ESP,Online TA,TA/TO,0,0,0,A,A,0,No Deposit,240.0,0,Transient,176.75,0,0
Resort Hotel,0,156,2015,August,32,2,2,5,2,0.0,0,BB,GBR,Offline TA/TO,TA/TO,0,0,0,E,E,0,No Deposit,156.0,0,Transient,112.63,0,0
Resort Hotel,0,75,2015,August,32,3,1,5,2,0.0,0,BB,ESP,Offline TA/TO,TA/TO,0,0,0,D,D,0,No Deposit,149.0,0,Transient,123.0,0,2
Resort Hotel,0,143,2015,August,32,2,2,5,2,0.0,0,HB,PRT,Offline TA/TO,TA/TO,0,0,0,A,A,0,No Deposit,134.0,0,Transient,131.13,1,1
Resort Hotel,0,4,2015,August,32,4,0,5,2,0.0,0,BB,PRT,Online TA,TA/TO,0,0,0,D,D,0,No Deposit,240.0,0,Transient,211.0,0,3
Resort Hotel,0,167,2015,August,32,2,2,5,2,0.0,0,HB,PRT,Online TA,TA/TO,0,0,0,A,A,0,No Deposit,240.0,0,Transient,164.0,1,1
Resort Hotel,0,194,2015,August,32,3,1,5,2,0.0,0,HB,PRT,Online TA,TA/TO,0,0,0,E,E,2,No Deposit,240.0,0,Transient,196.0,0,2
Resort Hotel,0,67,2015,August,31,1,2,6,2,0.0,0,HB,PRT,Online TA,TA/TO,0,0,0,D,D,2,No Deposit,240.0,0,Transient,193.13,0,1
Resort Hotel,0,55,2015,August,32,2,2,5,2,0.0,0,HB,ESP,Online TA,TA/TO,0,0,0,F,F,0,No Deposit,241.0,0,Transient,148.75,0,4
Resort Hotel,0,41,2015,August,32,5,0,4,2,0.0,0,HB,PRT,Online TA,TA/TO,0,0,0,A,A,0,No Deposit,240.0,0,Transient,202.0,0,0
Resort Hotel,0,157,2015,August,32,2,2,5,2,0.0,0,HB,PRT,Offline TA/TO,TA/TO,0,0,0,A,A,0,No Deposit,196.0,0,Transient-Party,119.7,0,1
Resort Hotel,0,1,2015,August,32,8,0,1,2,0.0,0,BB,FRA,Online TA,TA/TO,0,0,0,A,A,0,No Deposit,240.0,0,Transient,191.0,1,2
Resort Hotel,0,78,2015,August,32,2,2,5,2,0.0,0,BB,GBR,Offline TA/TO,TA/TO,0,0,0,A,A,0,No Deposit,171.0,0,Transient,101.65,0,0
Resort Hotel,0,6,2015,August,32,3,1,5,2,0.0,0,HB,PRT,Online TA,TA/TO,0,0,0,A,C,0,No Deposit,240.0,0,Transient,221.0,0,3
Resort Hotel,0,71,2015,August,31,1,2,6,2,0.0,0,BB,PRT,Offline TA/TO,TA/TO,0,0,0,D,D,1,No Deposit,196.0,0,Transient,0.0,0,0
Resort Hotel,0,0,2015,August,34,20,0,0,2,0.0,0,BB,PRT,Offline TA/TO,TA/TO,1,0,1,D,A,0,No Deposit,196.0,0,Transient,0.0,0,0
Resort Hotel,0,129,2015,August,32,6,0,3,2,0.0,0,BB,PRT,Direct,Direct,0,0,0,D,E,0,No Deposit,,0,Transient-Party,118.5,0,1
Resort Hotel,0,2,2015,August,32,8,0,1,2,0.0,0,BB,PRT,Online TA,TA/TO,0,0,0,A,C,0,No Deposit,240.0,0,Transient,189.9,0,3
Resort Hotel,0,177,2015,August,31,1,2,6,2,0.0,0,BB,GBR,Online TA,TA/TO,0,0,0,E,E,0,No Deposit,240.0,0,Transient,166.0,0,1
Resort Hotel,0,53,2015,August,32,3,1,5,2,0.0,0,HB,ESP,Offline TA/TO,TA/TO,0,0,0,C,C,3,No Deposit,177.0,0,Transient,180.0,1,3
Resort Hotel,0,53,2015,August,32,3,1,5,2,0.0,0,HB,ESP,Offline TA/TO,TA/TO,0,0,0,C,C,3,No Deposit,177.0,0,Transient,180.0,0,3
Resort Hotel,0,53,2015,August,32,3,1,5,2,0.0,0,HB,ESP,Offline TA/TO,TA/TO,0,0,0,C,C,3,No Deposit,177.0,0,Transient,180.0,1,3
Resort Hotel,0,51,2015,August,32,3,1,5,2,0.0,0,BB,ESP,Online TA,TA/TO,0,0,0,D,E,0,No Deposit,240.0,0,Transient,173.0,0,0
Resort Hotel,0,0,2015,August,32,8,0,1,2,0.0,0,BB,ESP,Direct,Direct,0,0,0,F,F,0,No Deposit,,0,Transient,190.0,0,0
Resort Hotel,0,129,2015,August,32,6,0,3,2,0.0,0,BB,PRT,Direct,Direct,0,0,0,E,F,0,No Deposit,,0,Transient-Party,126.0,0,1
Resort Hotel,0,195,2015,August,32,4,0,5,2,0.0,0,HB,PRT,Online TA,TA/TO,0,0,0,E,E,0,No Deposit,240.0,0,Transient,222.0,1,2
Resort Hotel,1,92,2015,December,53,30,0,3,2,0.0,0,BB,PRT,Online TA,TA/TO,1,0,1,E,E,0,No Deposit,240.0,0,Transient,98.1,0,2
Resort Hotel,0,67,2015,August,31,1,2,6,2,0.0,0,HB,PRT,Online TA,TA/TO,0,0,0,D,D,2,No Deposit,240.0,0,Transient,193.13,0,1
Resort Hotel,0,55,2015,August,32,2,2,5,2,0.0,0,HB,ESP,Online TA,TA/TO,0,0,0,F,F,0,No Deposit,241.0,0,Transient,148.75,0,4
Resort Hotel,0,61,2015,August,32,8,0,1,2,0.0,0,BB,ESP,Online TA,TA/TO,0,0,0,E,E,0,No Deposit,240.0,0,Transient,183.0,0,0
Resort Hotel,0,0,2015,August,33,10,1,2,2,0.0,0,BB,ESP,Online TA,TA/TO,1,0,1,E,E,0,No Deposit,,0,Transient,0.0,0,0
Resort Hotel,0,310,2015,August,32,7,1,2,2,0.0,0,BB,GBR,Direct,TA/TO,0,0,0,A,D,0,No Deposit,240.0,0,Transient,134.0,0,0
Resort Hotel,0,129,2015,August,31,1,3,6,2,0.0,0,BB,PRT,Direct,Direct,0,0,0,A,A,0,No Deposit,250.0,0,Transient,125.9,1,1
Resort Hotel,0,460,2015,August,32,3,2,5,2,0.0,0,HB,GBR,Offline TA/TO,TA/TO,0,0,0,E,E,0,No Deposit,40.0,0,Contract,134.73,0,0
Resort Hotel,0,17,2015,August,32,7,1,2,2,0.0,0,HB,ESP,Online TA,TA/TO,0,0,0,A,C,0,No Deposit,242.0,0,Transient,223.0,0,0
Resort Hotel,0,23,2015,August,32,3,2,5,2,0.0,0,BB,ESP,Online TA,TA/TO,0,0,0,A,A,0,No Deposit,240.0,0,Transient,211.0,0,2
Resort Hotel,0,213,2015,August,32,3,2,5,2,0.0,0,BB,IRL,Offline TA/TO,TA/TO,0,0,0,A,A,0,No Deposit,175.0,0,Transient,96.3,0,1
Resort Hotel,0,82,2015,August,32,3,2,5,2,0.0,0,HB,PRT,Online TA,TA/TO,0,0,0,A,A,0,No Deposit,147.0,0,Transient-Party,119.49,0,2
Resort Hotel,0,96,2015,August,32,3,2,5,2,0.0,0,HB,CHE,Online TA,TA/TO,0,0,0,D,D,0,No Deposit,240.0,0,Transient,186.0,0,0
Resort Hotel,0,131,2015,August,32,3,2,5,2,0.0,0,HB,PRT,Offline TA/TO,TA/TO,0,0,0,A,A,0,No Deposit,134.0,0,Transient,119.7,0,1
Resort Hotel,0,69,2015,August,33,9,1,0,2,0.0,0,BB,USA,Online TA,TA/TO,0,0,0,A,E,0,No Deposit,242.0,0,Transient,134.0,0,0
Resort Hotel,0,74,2015,August,33,9,1,0,2,0.0,0,BB,USA,Direct,Direct,0,0,0,A,E,0,No Deposit,250.0,0,Transient,134.0,0,0
Resort Hotel,0,130,2015,August,31,1,3,6,2,0.0,0,HB,PRT,Online TA,TA/TO,0,0,0,D,D,0,No Deposit,240.0,0,Transient,170.6,0,0
Resort Hotel,0,74,2015,August,33,9,1,0,2,0.0,0,BB,PRT,Online TA,TA/TO,0,0,0,A,C,0,No Deposit,242.0,0,Transient,134.0,1,0
Resort Hotel,0,74,2015,August,33,9,1,0,2,0.0,0,BB,PRT,Online TA,TA/TO,0,0,0,A,C,0,No Deposit,242.0,0,Transient,134.0,0,0
Resort Hotel,0,4,2015,August,33,9,1,0,2,0.0,0,BB,PRT,Online TA,TA/TO,0,0,0,D,D,0,No Deposit,240.0,0,Transient,154.0,0,1
Resort Hotel,0,0,2015,August,33,9,1,0,2,0.0,0,BB,ESP,Direct,Direct,0,0,0,F,F,0,No Deposit,,0,Transient,126.0,0,0
Resort Hotel,0,179,2015,August,32,3,2,5,2,0.0,0,BB,ESP,Online TA,TA/TO,0,0,0,A,A,0,No Deposit,240.0,0,Transient,120.6,0,1
Resort Hotel,0,103,2015,August,32,6,1,3,2,0.0,0,BB,PRT,Online TA,TA/TO,0,0,0,A,A,0,No Deposit,241.0,0,Transient,103.18,1,1
Resort Hotel,0,17,2015,August,32,6,1,3,2,0.0,0,BB,IRL,Online TA,TA/TO,0,0,0,D,D,2,No Deposit,240.0,0,Transient,213.0,0,2
Resort Hotel,0,82,2015,August,32,3,2,5,2,0.0,0,HB,PRT,Online TA,TA/TO,0,0,0,A,A,2,No Deposit,147.0,0,Transient-Party,119.49,0,2
Resort Hotel,0,146,2015,August,32,3,2,5,2,0.0,0,BB,NLD,Offline TA/TO,TA/TO,0,0,0,A,A,0,No Deposit,71.0,0,Contract,96.3,0,2
Resort Hotel,0,112,2015,August,32,3,2,5,2,0.0,0,FB,PRT,Offline TA/TO,TA/TO,0,0,0,A,A,0,No Deposit,5.0,0,Transient,142.3,0,0
Resort Hotel,0,217,2015,August,32,7,1,2,2,0.0,0,BB,GBR,Online TA,TA/TO,0,0,0,A,E,0,No Deposit,240.0,0,Transient,134.0,0,0
Resort Hotel,0,227,2017,May,18,5,1,2,2,0.0,0,BB,GBR,Online TA,TA/TO,1,0,1,A,A,0,No Deposit,240.0,0,Transient,56.0,0,3
Resort Hotel,0,111,2015,August,32,4,2,5,2,0.0,0,BB,GBR,Offline TA/TO,TA/TO,0,0,0,A,A,0,No Deposit,40.0,0,Contract,93.6,0,0
Resort Hotel,0,83,2015,August,32,7,2,2,2,0.0,0,BB,ESP,Offline TA/TO,TA/TO,0,0,0,A,A,0,No Deposit,175.0,0,Transient-Party,119.2,1,2
Resort Hotel,0,135,2015,August,32,6,2,3,2,0.0,0,BB,GBR,Offline TA/TO,TA/TO,0,0,0,D,D,0,No Deposit,156.0,0,Contract,104.55,0,0
Resort Hotel,0,81,2015,August,32,3,3,5,2,0.0,0,HB,PRT,Offline TA/TO,TA/TO,0,0,0,E,E,0,No Deposit,261.0,0,Transient,149.0,0,1
Resort Hotel,0,107,2015,August,32,7,2,2,2,0.0,0,BB,PRT,Online TA,TA/TO,0,0,0,A,D,0,No Deposit,240.0,0,Transient,146.0,0,1
Resort Hotel,0,5,2015,August,33,9,2,0,2,0.0,0,BB,PRT,Online TA,TA/TO,0,0,0,E,E,0,No Deposit,240.0,0,Transient,192.5,0,1
Resort Hotel,0,155,2015,August,31,1,4,6,2,0.0,0,HB,PRT,Online TA,TA/TO,0,0,0,F,G,2,No Deposit,240.0,0,Transient,201.8,2,1
Resort Hotel,0,120,2015,August,32,4,2,5,2,0.0,0,BB,FRA,Offline TA/TO,TA/TO,0,0,0,A,D,0,No Deposit,6.0,0,Transient-Party,90.95,0,1
Resort Hotel,0,120,2015,August,32,4,2,5,2,0.0,0,BB,FRA,Offline TA/TO,TA/TO,0,0,0,A,D,0,No Deposit,6.0,0,Transient-Party,90.95,0,1
Resort Hotel,0,0,2015,August,33,10,1,0,2,0.0,0,BB,ROU,Online TA,TA/TO,0,0,0,A,C,0,No Deposit,240.0,0,Transient,154.8,0,2
Resort Hotel,0,61,2015,August,33,9,2,0,2,0.0,0,BB,ESP,Online TA,TA/TO,0,0,0,A,A,0,No Deposit,240.0,0,Transient,134.0,0,0
Resort Hotel,0,67,2015,August,31,1,4,6,2,0.0,0,HB,PRT,Online TA,TA/TO,0,0,0,D,D,1,No Deposit,240.0,0,Transient,191.7,0,1
Resort Hotel,0,67,2015,August,31,1,4,6,2,0.0,0,HB,PRT,Online TA,TA/TO,0,0,0,D,D,1,No Deposit,240.0,0,Transient,208.2,0,1
Resort Hotel,0,153,2015,August,32,3,3,6,2,0.0,0,BB,GBR,Offline TA/TO,TA/TO,0,0,0,A,A,0,No Deposit,40.0,0,Contract,93.6,0,1
Resort Hotel,0,153,2015,August,32,3,3,6,2,0.0,0,BB,GBR,Offline TA/TO,TA/TO,0,0,0,A,A,0,No Deposit,40.0,0,Contract,93.6,0,1
Resort Hotel,0,25,2015,August,32,8,2,2,2,0.0,0,BB,POL,Offline TA/TO,TA/TO,0,0,0,A,A,0,No Deposit,142.0,0,Contract,180.8,0,0
Resort Hotel,0,153,2015,August,32,5,2,5,2,0.0,0,BB,ROU,Direct,Direct,0,0,0,A,A,1,No Deposit,250.0,0,Transient,134.0,0,1
Resort Hotel,0,40,2015,August,33,9,2,1,2,0.0,0,BB,ESP,Online TA,TA/TO,0,0,0,A,A,0,No Deposit,240.0,0,Transient,172.0,1,2
Resort Hotel,0,40,2015,August,33,9,2,1,2,0.0,0,BB,ESP,Online TA,TA/TO,0,0,0,A,A,0,No Deposit,240.0,0,Transient,172.0,0,0
Resort Hotel,0,6,2015,August,32,6,2,4,2,0.0,0,HB,PRT,Online TA,TA/TO,0,0,0,A,A,0,No Deposit,240.0,0,Transient,217.83,0,3
Resort Hotel,0,158,2016,August,32,6,2,4,2,0.0,0,HB,PRT,Direct,Direct,1,0,1,E,E,0,No Deposit,,0,Transient,204.0,1,0
Resort Hotel,0,151,2015,August,32,2,4,6,2,0.0,0,HB,PRT,Offline TA/TO,TA/TO,0,0,0,D,D,0,No Deposit,196.0,0,Transient,134.1,1,1
Resort Hotel,0,148,2015,August,32,5,2,5,2,0.0,0,BB,ESP,Offline TA/TO,TA/TO,0,0,0,A,D,0,No Deposit,6.0,0,Transient,90.95,0,1
Resort Hotel,0,39,2015,August,32,7,2,3,2,0.0,0,BB,PRT,Online TA,TA/TO,0,0,0,A,B,0,No Deposit,240.0,0,Transient,179.6,0,1
Resort Hotel,0,0,2015,August,33,10,1,1,2,0.0,0,BB,PRT,Online TA,TA/TO,0,0,0,E,F,0,No Deposit,240.0,0,Transient,211.0,0,1
Resort Hotel,1,274,2015,October,40,3,2,5,2,0.0,0,BB,PRT,Groups,TA/TO,0,1,0,A,A,0,Non Refund,96.0,0,Transient,36.05,0,0
Resort Hotel,1,274,2015,October,40,3,2,5,2,0.0,0,BB,PRT,Groups,TA/TO,0,1,0,A,A,0,Non Refund,96.0,0,Transient,36.05,0,0
Resort Hotel,1,274,2015,October,40,3,2,5,2,0.0,0,BB,PRT,Groups,TA/TO,0,1,0,A,A,0,Non Refund,96.0,0,Transient,36.05,0,0
Resort Hotel,1,274,2015,October,40,3,2,5,2,0.0,0,BB,PRT,Groups,TA/TO,0,1,0,A,A,0,Non Refund,96.0,0,Transient,36.05,0,0
Resort Hotel,1,274,2015,October,40,3,2,5,2,0.0,0,BB,PRT,Groups,TA/TO,0,1,0,A,A,0,Non Refund,96.0,0,Transient,36.05,0,0
Resort Hotel,1,274,2015,October,40,3,2,5,2,0.0,0,BB,PRT,Groups,TA/TO,0,1,0,A,A,0,Non Refund,96.0,0,Transient,36.05,0,0
Resort Hotel,0,41,2015,August,33,9,2,1,2,0.0,0,HB,PRT,Online TA,TA/TO,0,0,0,A,A,0,No Deposit,241.0,0,Transient,190.5,0,1
Resort Hotel,1,222,2015,September,38,14,1,1,2,0.0,0,HB,ESP,Groups,TA/TO,0,1,0,A,A,0,No Deposit,68.0,0,Transient-Party,80.0,0,0
Resort Hotel,1,222,2015,September,38,14,1,1,2,0.0,0,HB,ESP,Groups,TA/TO,0,1,0,A,A,0,No Deposit,68.0,0,Transient-Party,80.0,0,0
Resort Hotel,1,222,2015,September,38,14,1,1,2,0.0,0,HB,ESP,Groups,TA/TO,0,1,0,A,A,0,No Deposit,68.0,0,Transient-Party,80.0,0,0
Resort Hotel,0,174,2015,August,32,4,2,7,2,0.0,0,BB,IRL,Direct,Direct,0,0,0,E,E,0,No Deposit,,0,Transient,141.1,0,0
Resort Hotel,0,164,2015,July,31,30,4,10,2,0.0,0,BB,GBR,Offline TA/TO,TA/TO,0,0,0,E,E,0,No Deposit,143.0,0,Contract,112.63,0,1
Resort Hotel,0,107,2015,August,33,10,1,2,2,0.0,0,BB,PRT,Direct,Direct,0,0,0,A,A,0,No Deposit,,0,Transient-Party,134.0,0,1
Resort Hotel,0,107,2015,August,33,10,1,2,2,0.0,0,BB,PRT,Direct,Direct,0,0,0,A,A,0,No Deposit,,0,Transient-Party,134.0,0,1
Resort Hotel,0,70,2015,August,33,10,1,2,2,0.0,0,BB,FRA,Direct,Direct,0,0,0,D,F,1,No Deposit,250.0,0,Transient,166.0,1,0
Resort Hotel,0,212,2015,August,31,1,4,8,2,0.0,0,HB,PRT,Online TA,TA/TO,0,0,0,A,A,1,No Deposit,240.0,0,Transient-Party,164.0,0,1
Resort Hotel,0,212,2015,August,31,1,4,8,2,0.0,0,HB,CHE,Online TA,TA/TO,0,0,0,A,A,1,No Deposit,240.0,0,Transient-Party,164.0,0,1
Resort Hotel,0,41,2015,August,33,10,1,2,2,0.0,0,BB,ESP,Online TA,TA/TO,0,0,0,E,F,0,No Deposit,240.0,0,Transient,202.0,0,1
Resort Hotel,0,34,2015,August,33,9,2,2,2,0.0,0,HB,ESP,Online TA,TA/TO,0,0,0,A,A,0,No Deposit,240.0,0,Transient,221.0,0,2
Resort Hotel,0,109,2015,August,32,2,4,7,2,0.0,0,BB,ESP,Online TA,TA/TO,0,0,0,A,A,0,No Deposit,240.0,0,Transient,134.0,1,2
Resort Hotel,0,33,2015,August,33,12,0,1,2,0.0,0,BB,PRT,Groups,Corporate,0,0,0,A,D,0,No Deposit,,0,Transient,191.0,0,0
Resort Hotel,0,35,2015,August,33,10,1,2,2,0.0,0,BB,DNK,Online TA,TA/TO,0,0,0,F,F,0,No Deposit,241.0,0,Transient,167.09,0,1
Resort Hotel,0,114,2015,August,32,8,2,3,2,0.0,0,BB,PRT,Online TA,TA/TO,0,0,0,E,E,0,No Deposit,240.0,0,Transient,164.0,0,0
Resort Hotel,0,0,2015,August,33,12,0,1,2,0.0,0,BB,PRT,Online TA,TA/TO,0,0,0,A,A,0,No Deposit,,0,Transient,192.0,0,1
Resort Hotel,0,0,2015,August,33,11,0,2,2,0.0,0,BB,ESP,Online TA,TA/TO,0,0,0,A,D,0,No Deposit,240.0,0,Transient,191.0,0,1
Resort Hotel,0,56,2015,August,32,7,2,4,2,0.0,0,HB,GBR,Online TA,TA/TO,0,0,0,D,D,0,No Deposit,241.0,0,Transient,134.17,0,1
Resort Hotel,0,190,2015,August,32,4,2,8,2,0.0,0,BB,GBR,Offline TA/TO,TA/TO,0,0,0,D,D,0,No Deposit,115.0,0,Contract,110.7,0,1
Resort Hotel,0,190,2015,August,32,4,2,8,2,0.0,0,BB,GBR,Offline TA/TO,TA/TO,0,0,0,D,D,0,No Deposit,115.0,0,Contract,110.7,0,1
Resort Hotel,0,190,2015,August,32,4,2,8,2,0.0,0,BB,GBR,Offline TA/TO,TA/TO,0,0,0,D,D,0,No Deposit,115.0,0,Contract,110.7,0,1
Resort Hotel,0,85,2015,August,32,7,2,5,2,0.0,0,HB,ESP,Online TA,TA/TO,0,0,0,A,A,0,No Deposit,147.0,0,Transient,114.14,0,2
Resort Hotel,0,85,2015,August,32,7,2,5,2,0.0,0,HB,ESP,Online TA,TA/TO,0,0,0,A,A,0,No Deposit,147.0,0,Transient,114.14,0,2
Resort Hotel,0,153,2015,August,33,9,2,3,2,0.0,0,HB,PRT,Online TA,TA/TO,0,0,0,A,E,1,No Deposit,240.0,0,Transient,236.0,1,1
Resort Hotel,0,65,2015,August,32,8,2,4,2,0.0,0,HB,ESP,Direct,Direct,0,0,0,F,F,0,No Deposit,250.0,0,Transient,209.0,0,1
Resort Hotel,0,5,2015,August,33,10,1,3,2,0.0,0,BB,PRT,Online TA,TA/TO,0,0,0,D,E,1,No Deposit,240.0,0,Transient,211.0,0,3
Resort Hotel,0,49,2015,August,33,10,1,3,2,0.0,0,BB,ESP,Online TA,TA/TO,0,0,0,D,E,0,No Deposit,240.0,0,Transient,173.0,0,0
Resort Hotel,0,21,2015,August,33,10,1,3,2,0.0,0,HB,ESP,Online TA,TA/TO,0,0,0,D,D,0,No Deposit,240.0,0,Transient,241.0,0,1
Resort Hotel,0,67,2015,August,32,8,2,4,2,0.0,0,HB,ESP,Direct,Direct,0,0,0,A,A,0,No Deposit,250.0,0,Transient,167.17,0,1
Resort Hotel,0,0,2015,August,33,13,0,1,2,0.0,0,BB,GBR,Online TA,TA/TO,0,0,0,G,G,0,No Deposit,240.0,0,Transient,252.0,1,2
Resort Hotel,0,29,2015,August,32,8,2,4,2,0.0,0,BB,PRT,Online TA,TA/TO,0,0,0,A,A,0,No Deposit,240.0,0,Transient,186.9,0,1
Resort Hotel,0,72,2015,August,33,10,1,3,2,0.0,0,BB,GBR,Offline TA/TO,TA/TO,0,0,0,E,E,0,No Deposit,26.0,0,Transient,132.05,0,0
Resort Hotel,0,69,2015,August,33,10,1,3,2,0.0,0,BB,PRT,Online TA,TA/TO,0,0,0,A,A,0,No Deposit,240.0,0,Transient,134.0,0,0
Resort Hotel,0,51,2015,August,32,7,2,5,2,0.0,0,HB,PRT,Online TA,TA/TO,0,0,0,A,A,0,No Deposit,240.0,0,Transient,166.5,0,1
Resort Hotel,0,1,2015,August,33,12,0,2,2,0.0,0,BB,AUT,Corporate,Corporate,0,0,0,F,F,0,No Deposit,,0,Transient,132.0,0,2
Resort Hotel,0,175,2015,July,31,31,4,10,2,0.0,0,BB,NLD,Offline TA/TO,TA/TO,0,0,0,D,D,0,No Deposit,128.0,0,Contract,104.55,0,1
Resort Hotel,0,98,2015,August,32,8,2,5,2,0.0,0,BB,IRL,Offline TA/TO,TA/TO,0,0,0,D,D,0,No Deposit,175.0,0,Transient,123.0,0,0
Resort Hotel,0,269,2015,August,32,8,2,5,2,0.0,0,BB,PRT,Direct,Direct,0,0,0,E,E,0,No Deposit,,0,Transient,166.0,1,1
Resort Hotel,0,37,2015,August,33,9,2,4,2,0.0,0,BB,FRA,Online TA,TA/TO,0,0,0,A,A,0,No Deposit,240.0,0,Transient,171.9,0,2
Resort Hotel,0,33,2015,August,32,8,2,5,2,0.0,0,HB,ESP,Online TA,TA/TO,0,0,0,D,D,1,No Deposit,242.0,0,Transient,243.0,0,0
Resort Hotel,0,34,2015,August,33,9,2,4,2,0.0,0,HB,ESP,Online TA,TA/TO,0,0,0,D,D,1,No Deposit,240.0,0,Transient,253.0,1,2
Resort Hotel,0,88,2015,August,32,7,2,6,2,0.0,0,BB,PRT,Direct,Direct,0,0,0,A,A,0,No Deposit,,0,Transient,117.0,1,1
Resort Hotel,0,88,2015,August,32,7,2,6,2,0.0,0,BB,PRT,Direct,Direct,0,0,0,A,A,0,No Deposit,,0,Transient,117.0,0,1
Resort Hotel,0,41,2015,August,33,9,2,4,2,0.0,0,HB,ESP,Online TA,TA/TO,0,0,0,E,E,0,No Deposit,240.0,0,Transient,232.0,1,0
Resort Hotel,0,40,2015,August,33,10,1,4,2,0.0,0,BB,ESP,Online TA,TA/TO,0,0,0,D,D,0,No Deposit,240.0,0,Transient,192.0,0,1
Resort Hotel,0,64,2015,August,33,11,0,4,2,0.0,0,HB,PRT,Offline TA/TO,TA/TO,0,0,0,A,D,0,No Deposit,134.0,0,Transient,133.0,0,1
Resort Hotel,0,49,2015,August,33,10,1,4,2,0.0,0,HB,PRT,Online TA,TA/TO,0,0,0,E,E,0,No Deposit,240.0,0,Transient,213.0,0,0
Resort Hotel,0,14,2015,August,35,28,0,2,2,0.0,0,HB,PRT,Online TA,TA/TO,0,0,1,E,F,0,No Deposit,,0,Transient,194.0,1,0
Resort Hotel,0,58,2015,August,33,12,0,3,2,0.0,0,HB,FRA,Online TA,TA/TO,0,0,0,F,F,1,No Deposit,242.0,0,Transient,242.67,1,0
Resort Hotel,0,38,2015,August,32,4,2,9,2,0.0,0,BB,ROU,Online TA,TA/TO,0,0,0,A,A,0,No Deposit,241.0,0,Transient,125.82,0,1
Resort Hotel,0,0,2015,August,33,9,2,4,2,0.0,0,BB,PRT,Direct,Direct,0,0,0,A,A,2,No Deposit,,0,Transient,129.0,0,0
Resort Hotel,0,0,2015,August,33,13,0,2,2,0.0,0,BB,IRL,Online TA,TA/TO,0,0,0,D,G,0,No Deposit,240.0,0,Transient,192.0,0,0
Resort Hotel,0,89,2015,August,33,10,1,4,2,0.0,0,BB,PRT,Online TA,TA/TO,0,0,0,D,F,0,No Deposit,240.0,0,Transient,154.0,0,2
Resort Hotel,0,40,2015,August,33,10,1,4,2,0.0,0,BB,ARG,Online TA,TA/TO,0,0,0,E,E,0,No Deposit,240.0,0,Transient,202.0,0,1
Resort Hotel,0,0,2015,August,33,9,2,4,2,0.0,0,BB,PRT,Online TA,TA/TO,0,0,0,A,C,0,No Deposit,240.0,0,Transient,134.0,0,0
Resort Hotel,0,89,2015,August,33,11,0,5,2,0.0,0,BB,ESP,Direct,Direct,0,0,0,E,E,0,No Deposit,250.0,0,Transient,176.0,1,0
Resort Hotel,0,173,2015,August,32,2,4,10,2,0.0,0,BB,FRA,Online TA,TA/TO,0,0,0,A,A,0,No Deposit,240.0,0,Transient-Party,132.6,0,1
Resort Hotel,0,173,2015,August,32,2,4,10,2,0.0,0,BB,FRA,Online TA,TA/TO,0,0,0,A,A,0,No Deposit,240.0,0,Transient-Party,120.6,0,1
Resort Hotel,0,176,2015,August,32,8,2,6,2,0.0,0,BB,PRT,Offline TA/TO,TA/TO,0,0,0,E,E,0,No Deposit,6.0,0,Transient,119.25,0,0
Resort Hotel,0,61,2015,August,33,9,2,5,2,0.0,0,FB,PRT,Offline TA/TO,TA/TO,0,0,0,A,A,0,No Deposit,149.0,0,Transient,173.0,1,1
Resort Hotel,0,191,2015,August,33,15,0,1,2,0.0,0,HB,PRT,Online TA,TA/TO,0,0,0,A,H,0,No Deposit,240.0,0,Transient,152.6,0,0
Resort Hotel,0,8,2015,August,33,15,2,4,2,0.0,0,BB,IRL,Online TA,TA/TO,0,0,0,C,C,2,No Deposit,241.0,0,Transient,83.7,0,1
Resort Hotel,0,3,2015,August,33,13,0,3,2,0.0,0,BB,IRL,Online TA,TA/TO,0,0,0,F,F,0,No Deposit,242.0,0,Transient,212.4,0,1
Resort Hotel,0,48,2015,August,33,10,1,5,2,0.0,0,HB,ESP,Online TA,TA/TO,0,0,0,A,A,0,No Deposit,240.0,0,Transient,183.0,0,0
Resort Hotel,0,69,2015,August,33,10,1,5,2,0.0,0,HB,ESP,Offline TA/TO,TA/TO,0,0,0,A,A,0,No Deposit,196.0,0,Transient,135.0,0,1
Resort Hotel,0,48,2015,August,33,10,1,5,2,0.0,0,HB,ESP,Offline TA/TO,TA/TO,0,0,0,D,D,0,No Deposit,149.0,0,Transient,149.0,0,1
Resort Hotel,0,86,2015,August,33,12,0,4,2,0.0,0,HB,ESP,Offline TA/TO,TA/TO,0,0,0,A,A,0,No Deposit,134.0,0,Transient,133.0,0,1
Resort Hotel,0,76,2015,August,32,5,2,9,2,0.0,0,BB,DEU,Offline TA/TO,TA/TO,0,0,0,D,D,0,No Deposit,142.0,0,Transient,124.58,0,0
Resort Hotel,0,38,2015,August,33,13,0,3,2,0.0,0,BB,ESP,Online TA,TA/TO,0,0,0,A,F,0,No Deposit,240.0,0,Transient,171.9,0,1
Resort Hotel,0,48,2015,August,33,14,0,2,2,0.0,0,BB,PRT,Direct,Direct,0,0,0,A,A,0,No Deposit,,0,Transient,120.0,1,1
Resort Hotel,0,151,2015,August,32,7,2,7,2,0.0,0,HB,PRT,Offline TA/TO,TA/TO,0,0,0,A,A,0,No Deposit,134.0,0,Transient,119.7,0,0
Resort Hotel,0,1,2015,August,33,13,0,3,2,0.0,0,BB,BRA,Online TA,TA/TO,0,0,0,D,E,0,No Deposit,240.0,0,Transient,211.0,0,1
Resort Hotel,0,62,2015,August,33,9,2,5,2,0.0,0,BB,ESP,Online TA,TA/TO,0,0,0,D,D,0,No Deposit,240.0,0,Transient,173.0,0,1
Resort Hotel,0,9,2015,August,33,13,0,3,2,0.0,0,BB,PRT,Direct,Direct,0,0,0,A,A,0,No Deposit,,0,Transient,178.33,0,0
Resort Hotel,0,72,2015,August,33,9,2,5,2,0.0,0,HB,PRT,Offline TA/TO,TA/TO,0,0,0,A,A,0,No Deposit,149.0,0,Transient,133.0,1,1
Resort Hotel,0,8,2015,August,33,13,0,3,2,0.0,0,HB,PRT,Online TA,TA/TO,0,0,0,D,D,0,No Deposit,240.0,0,Transient,241.0,0,3
Resort Hotel,0,72,2015,August,33,9,2,5,2,0.0,0,HB,PRT,Offline TA/TO,TA/TO,0,0,0,A,A,0,No Deposit,149.0,0,Transient,133.0,0,2
Resort Hotel,0,72,2015,August,33,9,2,5,2,0.0,0,HB,PRT,Offline TA/TO,TA/TO,0,0,0,A,A,0,No Deposit,149.0,0,Transient,133.0,1,2
Resort Hotel,0,68,2015,August,33,12,0,4,2,0.0,0,HB,PRT,Offline TA/TO,TA/TO,0,0,0,A,A,0,No Deposit,134.0,0,Transient,133.0,0,0
Resort Hotel,0,181,2015,August,33,10,2,5,2,0.0,0,BB,GBR,Offline TA/TO,TA/TO,0,0,0,D,D,0,No Deposit,115.0,0,Contract,110.7,0,1
Resort Hotel,0,101,2015,August,33,10,2,5,2,0.0,0,HB,PRT,Direct,Direct,0,0,0,D,D,0,No Deposit,250.0,0,Transient,184.0,0,0
Resort Hotel,0,220,2015,August,33,10,2,5,2,0.0,0,BB,GBR,Offline TA/TO,TA/TO,0,0,0,E,E,0,No Deposit,40.0,0,Contract,112.63,0,0
Resort Hotel,0,0,2015,August,33,13,1,3,2,0.0,0,BB,FRA,Direct,Direct,0,0,0,E,E,0,No Deposit,,0,Transient,197.25,0,0
Resort Hotel,0,45,2015,August,33,15,1,1,2,0.0,0,BB,ESP,Online TA,TA/TO,0,0,0,E,G,0,No Deposit,240.0,0,Transient,202.0,0,1
Resort Hotel,0,3,2015,August,34,16,1,0,2,0.0,0,BB,GBR,Online TA,TA/TO,0,0,0,A,C,0,No Deposit,241.0,0,Transient,103.18,0,1
Resort Hotel,0,21,2015,August,33,10,2,5,2,0.0,0,HB,PRT,Online TA,TA/TO,0,0,0,D,D,0,No Deposit,240.0,0,Transient,241.0,0,1
Resort Hotel,0,26,2015,August,33,15,1,1,2,0.0,0,BB,CN,Online TA,TA/TO,0,0,0,D,C,0,No Deposit,241.0,0,Transient,162.47,0,0
Resort Hotel,0,2,2015,August,34,16,1,0,2,0.0,0,BB,ESP,Online TA,TA/TO,0,0,0,D,E,0,No Deposit,241.0,0,Transient,118.58,0,0
Resort Hotel,0,222,2015,August,33,12,1,4,2,0.0,0,HB,FRA,Online TA,TA/TO,0,0,0,A,A,0,No Deposit,240.0,0,Transient,164.0,0,1
Resort Hotel,0,3,2015,August,32,7,3,7,2,0.0,0,BB,PRT,Direct,Direct,0,0,0,D,D,0,No Deposit,,0,Transient,211.0,0,3
Resort Hotel,0,115,2015,August,33,10,2,5,2,0.0,0,BB,PRT,Direct,Direct,0,0,0,F,F,0,No Deposit,250.0,0,Transient,191.0,0,0
Resort Hotel,1,236,2015,August,35,28,2,3,2,0.0,0,BB,PRT,Online TA,TA/TO,0,1,0,A,A,0,No Deposit,240.0,0,Transient,123.6,0,1
Resort Hotel,0,1,2015,August,33,13,1,3,2,0.0,0,BB,AUS,Offline TA/TO,TA/TO,0,0,0,A,A,0,No Deposit,142.0,0,Transient,141.4,0,0
Resort Hotel,0,32,2015,August,34,16,1,0,2,0.0,0,BB,GBR,Online TA,TA/TO,0,0,0,A,A,0,No Deposit,240.0,0,Transient,153.0,0,1
Resort Hotel,0,196,2015,August,33,11,2,5,2,0.0,0,BB,NLD,Offline TA/TO,TA/TO,0,0,0,A,A,0,No Deposit,142.0,0,Contract,96.3,0,1
Resort Hotel,0,196,2015,August,33,11,2,5,2,0.0,0,BB,NLD,Offline TA/TO,TA/TO,0,0,0,A,A,0,No Deposit,142.0,0,Contract,96.3,0,0
Resort Hotel,0,7,2015,August,33,14,2,2,2,0.0,0,BB,KAZ,Online TA,TA/TO,0,0,0,C,C,0,No Deposit,241.0,0,Transient,163.05,0,1
Resort Hotel,0,81,2015,August,33,11,2,5,2,0.0,0,BB,GBR,Online TA,TA/TO,0,0,0,A,D,1,No Deposit,241.0,0,Transient,118.02,0,1
Resort Hotel,0,81,2015,August,33,11,2,5,2,0.0,0,BB,GBR,Online TA,TA/TO,0,0,0,A,D,1,No Deposit,241.0,0,Transient,118.02,0,1
Resort Hotel,0,71,2015,August,33,11,2,5,2,0.0,0,BB,ESP,Online TA,TA/TO,0,0,0,A,A,0,No Deposit,147.0,0,Transient,87.9,0,2
Resort Hotel,0,20,2015,August,34,16,2,0,2,0.0,0,BB,ESP,Online TA,TA/TO,0,0,0,D,E,0,No Deposit,240.0,0,Transient,201.5,0,2
Resort Hotel,0,68,2015,August,33,10,3,5,2,0.0,0,HB,ESP,Offline TA/TO,TA/TO,0,0,0,A,A,0,No Deposit,196.0,0,Transient,133.0,0,1
Resort Hotel,0,3,2015,August,33,15,2,1,2,0.0,0,BB,NOR,Online TA,TA/TO,0,0,0,D,D,0,No Deposit,240.0,0,Transient,153.0,0,0
Resort Hotel,0,0,2015,August,34,17,1,0,2,0.0,0,BB,ESP,Online TA,TA/TO,0,0,0,A,C,0,No Deposit,240.0,0,Transient,153.0,0,0
Resort Hotel,0,74,2015,August,33,15,2,1,2,0.0,0,HB,ESP,Online TA,TA/TO,0,0,0,D,D,0,No Deposit,147.0,0,Transient,127.26,0,1
Resort Hotel,0,30,2015,August,33,15,2,1,2,0.0,0,BB,ITA,Corporate,Corporate,0,0,0,E,F,0,No Deposit,,0,Transient,154.8,0,1
Resort Hotel,0,0,2015,August,34,17,1,0,2,0.0,0,BB,PRT,Online TA,TA/TO,0,0,0,A,C,0,No Deposit,240.0,0,Transient,153.0,0,2
Resort Hotel,0,168,2015,August,33,11,2,5,2,0.0,0,BB,GBR,Offline TA/TO,TA/TO,0,0,0,D,D,0,No Deposit,2.0,0,Contract,104.55,0,0
Resort Hotel,0,79,2015,August,33,14,2,2,2,0.0,0,HB,PRT,Offline TA/TO,TA/TO,0,0,0,D,D,0,No Deposit,15.0,0,Transient,149.0,0,0
Resort Hotel,0,127,2015,August,32,5,4,10,2,0.0,0,BB,IRL,Offline TA/TO,TA/TO,0,0,0,E,E,0,No Deposit,95.0,0,Transient,119.25,0,0
Resort Hotel,0,95,2015,August,33,15,2,2,2,0.0,0,HB,ESP,Online TA,TA/TO,0,0,0,A,C,1,No Deposit,240.0,0,Transient,166.0,0,1
Resort Hotel,0,195,2015,August,33,10,3,6,2,0.0,0,HB,PRT,Online TA,TA/TO,0,0,0,E,E,0,No Deposit,240.0,0,Transient,196.0,0,2
Resort Hotel,0,151,2017,August,32,6,2,5,2,0.0,0,HB,PRT,Direct,TA/TO,1,0,1,D,D,1,No Deposit,250.0,0,Transient,236.93,0,2
Resort Hotel,0,187,2015,August,33,12,2,5,2,0.0,0,HB,GBR,Offline TA/TO,TA/TO,0,0,0,A,A,0,No Deposit,26.0,0,Contract,117.3,0,0
Resort Hotel,0,118,2015,August,33,10,3,6,2,0.0,0,BB,PRT,Offline TA/TO,TA/TO,0,0,0,D,D,0,No Deposit,5.0,0,Transient,122.7,1,1
Resort Hotel,0,64,2015,August,33,15,2,2,2,0.0,0,BB,PRT,Offline TA/TO,TA/TO,0,0,0,A,C,0,No Deposit,8.0,0,Contract,107.0,0,0
Resort Hotel,0,59,2015,August,33,14,2,3,2,0.0,0,BB,PRT,Online TA,TA/TO,0,0,0,D,F,0,No Deposit,240.0,0,Transient,173.0,0,0
Resort Hotel,0,82,2015,August,34,17,1,1,2,0.0,0,BB,PRT,Online TA,TA/TO,0,0,0,D,D,0,No Deposit,240.0,0,Transient-Party,154.0,0,1
Resort Hotel,0,144,2015,August,33,15,2,5,2,0.0,0,BB,SWE,Offline TA/TO,TA/TO,0,0,0,E,F,1,No Deposit,156.0,0,Contract,119.25,1,2
Resort Hotel,0,169,2015,August,33,13,2,5,2,0.0,0,BB,GBR,Offline TA/TO,TA/TO,0,0,0,D,D,0,No Deposit,243.0,0,Contract,104.55,0,2
Resort Hotel,0,132,2015,August,33,13,2,5,2,0.0,0,BB,GBR,Offline TA/TO,TA/TO,0,0,0,D,D,0,No Deposit,243.0,0,Contract,110.7,0,0
Resort Hotel,0,8,2015,August,34,16,2,2,2,0.0,0,HB,GBR,Online TA,TA/TO,0,0,0,A,A,0,No Deposit,241.0,0,Transient,153.42,0,1
Resort Hotel,0,79,2015,August,33,13,2,5,2,0.0,0,BB,ESP,Offline TA/TO,TA/TO,0,0,0,A,A,0,No Deposit,134.0,0,Transient,107.0,0,0
Resort Hotel,0,63,2015,August,34,17,1,2,2,0.0,0,BB,ESP,Online TA,TA/TO,0,0,0,D,E,1,No Deposit,240.0,0,Transient,173.0,0,0
Resort Hotel,1,243,2015,September,36,4,0,2,2,0.0,0,BB,PRT,Online TA,TA/TO,0,1,0,D,D,0,No Deposit,240.0,0,Transient-Party,99.0,0,1
Resort Hotel,0,13,2015,August,34,17,1,2,2,0.0,0,HB,PRT,Online TA,TA/TO,0,0,0,A,E,0,No Deposit,240.0,0,Transient,202.0,0,2
Resort Hotel,0,77,2015,August,33,15,2,3,2,0.0,0,HB,PRT,Offline TA/TO,TA/TO,0,0,0,A,A,0,No Deposit,96.0,0,Transient-Party,135.0,0,0
Resort Hotel,0,139,2015,August,33,10,3,7,2,0.0,0,BB,PRT,Online TA,TA/TO,0,0,0,A,A,1,No Deposit,240.0,0,Transient,120.6,0,1
Resort Hotel,0,167,2015,August,34,16,2,2,2,0.0,0,FB,ESP,Offline TA/TO,TA/TO,0,0,0,A,A,0,No Deposit,156.0,0,Contract,143.1,0,0
Resort Hotel,0,66,2015,August,34,16,2,2,2,0.0,0,BB,PRT,Direct,Direct,0,0,0,A,E,1,No Deposit,250.0,0,Transient,134.0,0,0
Resort Hotel,0,10,2015,August,34,16,2,2,2,0.0,0,BB,ESP,Online TA,TA/TO,0,0,0,A,A,0,No Deposit,240.0,0,Transient,167.25,0,2
Resort Hotel,0,84,2015,August,33,14,2,4,2,0.0,0,HB,PRT,Online TA,TA/TO,0,0,0,E,E,1,No Deposit,240.0,0,Transient,196.0,0,0
Resort Hotel,0,94,2015,August,33,15,2,3,2,0.0,0,BB,PRT,Online TA,TA/TO,0,0,0,G,G,0,No Deposit,240.0,0,Transient,233.0,0,0
Resort Hotel,0,8,2015,August,33,13,2,5,2,0.0,0,HB,PRT,Direct,Direct,0,0,0,A,A,0,No Deposit,250.0,0,Transient,199.29,0,2
Resort Hotel,0,1,2015,August,34,19,0,1,2,0.0,0,BB,PRT,Online TA,TA/TO,0,0,0,A,A,0,No Deposit,240.0,0,Transient,153.0,0,0
Resort Hotel,0,0,2015,August,34,19,0,1,2,0.0,0,BB,PRT,Direct,Direct,0,0,0,D,E,0,No Deposit,250.0,0,Transient,153.0,0,0
Resort Hotel,0,124,2015,August,34,17,1,2,2,0.0,0,BB,PRT,Online TA,TA/TO,0,0,0,A,B,0,No Deposit,240.0,0,Transient,120.6,0,0
Resort Hotel,0,71,2015,August,33,12,2,6,2,0.0,0,HB,USA,Direct,Direct,0,0,0,D,D,0,No Deposit,,0,Transient,198.0,1,0
Resort Hotel,0,49,2016,August,36,29,2,5,2,0.0,0,HB,USA,Direct,Direct,1,0,1,D,D,1,No Deposit,250.0,0,Transient,218.6,1,0
Resort Hotel,0,2,2015,August,34,19,0,1,2,0.0,0,BB,ESP,Online TA,TA/TO,0,0,0,A,E,0,No Deposit,240.0,0,Transient,137.7,1,1
Resort Hotel,0,82,2015,August,34,17,1,3,2,0.0,0,BB,PRT,Online TA,TA/TO,0,0,0,A,A,0,No Deposit,240.0,0,Transient,134.0,0,0
Resort Hotel,0,190,2015,August,33,14,2,5,2,0.0,0,BB,IRL,Online TA,TA/TO,0,0,0,A,A,0,No Deposit,240.0,0,Transient,120.6,0,0
Resort Hotel,0,70,2015,August,34,17,1,3,2,0.0,0,BB,ESP,Online TA,TA/TO,0,0,0,A,A,0,No Deposit,147.0,0,Transient,87.91,0,1
Resort Hotel,0,175,2015,August,34,17,1,3,2,0.0,0,BB,PRT,Online TA,TA/TO,0,0,0,A,A,0,No Deposit,240.0,0,Transient,134.0,0,1
Resort Hotel,0,70,2015,August,34,17,1,3,2,0.0,0,HB,PRT,Online TA,TA/TO,0,0,0,D,D,0,No Deposit,240.0,0,Transient,198.0,1,0
Resort Hotel,0,75,2015,August,33,12,2,7,2,0.0,0,HB,ESP,Offline TA/TO,TA/TO,0,0,0,A,A,0,No Deposit,149.0,0,Transient,133.0,1,1
Resort Hotel,0,84,2015,August,33,13,2,6,2,0.0,0,BB,PRT,Offline TA/TO,TA/TO,0,0,0,A,A,0,No Deposit,134.0,0,Transient,107.0,0,0
Resort Hotel,0,100,2015,August,34,17,1,3,2,0.0,0,BB,PRT,Offline TA/TO,TA/TO,0,0,0,A,A,0,No Deposit,177.0,0,Transient,107.0,0,0
Resort Hotel,0,8,2015,August,34,16,2,3,2,0.0,0,HB,PRT,Online TA,TA/TO,0,0,0,A,A,0,No Deposit,240.0,0,Transient,198.2,0,1
Resort Hotel,0,6,2015,August,33,14,2,5,2,0.0,0,BB,IRL,Online TA,TA/TO,0,0,0,D,D,0,No Deposit,240.0,0,Transient,194.71,0,2
Resort Hotel,1,292,2015,October,43,21,0,2,2,0.0,0,HB,PRT,Offline TA/TO,TA/TO,0,1,0,A,A,0,No Deposit,208.0,0,Transient-Party,36.5,0,0
Resort Hotel,1,292,2015,October,43,21,0,2,2,0.0,0,HB,PRT,Offline TA/TO,TA/TO,0,1,0,A,A,0,No Deposit,208.0,0,Transient-Party,36.5,0,0
Resort Hotel,1,292,2015,October,43,21,0,2,2,0.0,0,HB,PRT,Offline TA/TO,TA/TO,0,1,0,A,A,0,No Deposit,208.0,0,Transient-Party,36.5,0,0
Resort Hotel,0,77,2015,August,33,15,2,5,2,0.0,0,HB,PRT,Offline TA/TO,TA/TO,0,0,0,E,E,0,No Deposit,181.0,0,Transient-Party,157.2,0,1
Resort Hotel,0,77,2015,August,33,15,2,5,2,0.0,0,HB,PRT,Offline TA/TO,TA/TO,0,0,0,E,E,0,No Deposit,181.0,0,Transient-Party,157.2,1,1
Resort Hotel,0,73,2015,August,32,8,4,10,2,0.0,0,HB,PRT,Online TA,TA/TO,0,0,0,D,D,0,No Deposit,147.0,0,Transient,127.26,0,0
Resort Hotel,0,76,2015,August,34,16,2,4,2,0.0,0,BB,PRT,Offline TA/TO,TA/TO,0,0,0,A,A,0,No Deposit,142.0,0,Transient,119.2,0,0
Resort Hotel,0,318,2015,August,33,15,2,5,2,0.0,0,BB,PRT,Direct,TA/TO,0,0,0,A,A,0,No Deposit,240.0,0,Transient,134.0,0,1
Resort Hotel,0,210,2016,August,33,11,2,4,2,0.0,0,BB,PRT,Direct,Direct,1,0,1,A,A,0,No Deposit,250.0,0,Transient,119.0,0,0
Resort Hotel,0,68,2015,August,34,16,2,4,2,0.0,0,HB,ESP,Online TA,TA/TO,0,0,0,E,E,0,No Deposit,240.0,0,Transient,208.0,1,0
Resort Hotel,0,32,2015,August,34,16,2,4,2,0.0,0,HB,PRT,Direct,Direct,0,0,0,D,E,1,No Deposit,,0,Transient,218.83,0,0
Resort Hotel,0,86,2015,August,34,16,2,4,2,0.0,0,HB,PRT,Direct,Direct,0,0,0,D,D,0,No Deposit,,0,Transient,168.0,0,2
Resort Hotel,0,86,2015,August,34,16,2,4,2,0.0,0,HB,PRT,Direct,Direct,0,0,0,D,D,1,No Deposit,,0,Transient,180.0,1,2
Resort Hotel,0,100,2015,August,34,17,1,4,2,0.0,0,HB,PRT,Direct,Direct,0,0,0,A,A,0,No Deposit,,0,Transient,149.2,0,0
Resort Hotel,0,117,2015,August,34,20,0,2,2,0.0,0,BB,GBR,Online TA,TA/TO,0,0,0,A,E,0,No Deposit,240.0,0,Transient,120.6,0,2
Resort Hotel,0,117,2015,August,34,20,0,2,2,0.0,0,BB,PRT,Online TA,TA/TO,0,0,0,A,A,0,No Deposit,240.0,0,Transient,120.6,0,2
Resort Hotel,0,171,2015,August,34,17,1,4,2,0.0,0,BB,PRT,Direct,Direct,0,0,0,F,F,0,No Deposit,250.0,0,Transient,164.15,1,2
Resort Hotel,0,81,2015,August,33,15,2,5,2,0.0,0,BB,BRA,Offline TA/TO,TA/TO,0,0,0,D,D,0,No Deposit,40.0,0,Contract,123.0,0,0
Resort Hotel,0,81,2015,August,33,15,2,5,2,0.0,0,BB,GBR,Offline TA/TO,TA/TO,0,0,0,D,D,0,No Deposit,40.0,0,Contract,123.0,0,0
Resort Hotel,0,10,2015,August,34,17,1,4,2,0.0,0,HB,ESP,Offline TA/TO,TA/TO,0,0,0,C,C,0,No Deposit,142.0,0,Contract,191.6,0,0
Resort Hotel,0,90,2015,August,34,16,2,4,2,0.0,0,BB,ESP,Offline TA/TO,TA/TO,0,0,0,A,A,0,No Deposit,15.0,0,Transient-Party,107.0,0,1
Resort Hotel,0,90,2015,August,34,16,2,4,2,0.0,0,BB,ESP,Offline TA/TO,TA/TO,0,0,0,A,A,0,No Deposit,15.0,0,Transient-Party,107.0,0,1
Resort Hotel,0,83,2015,August,34,17,1,4,2,0.0,0,BB,ESP,Online TA,TA/TO,0,0,0,A,A,0,No Deposit,240.0,0,Transient,134.0,0,1
Resort Hotel,0,108,2015,August,32,8,4,10,2,0.0,0,BB,GBR,Offline TA/TO,TA/TO,0,0,0,A,A,0,No Deposit,143.0,0,Contract,93.6,0,1
Resort Hotel,0,58,2015,August,34,16,2,4,2,0.0,0,BB,PRT,Online TA,TA/TO,0,0,0,E,E,0,No Deposit,240.0,0,Transient,183.0,0,0
Resort Hotel,1,232,2015,August,34,22,2,5,2,0.0,0,HB,PRT,Offline TA/TO,TA/TO,0,0,0,E,E,0,No Deposit,142.0,0,Contract,148.05,0,0
Resort Hotel,0,87,2015,August,34,16,2,5,2,0.0,0,BB,GBR,Offline TA/TO,TA/TO,0,0,0,E,E,0,No Deposit,40.0,0,Contract,132.5,0,0
Resort Hotel,0,96,2015,August,34,17,1,5,2,0.0,0,BB,LUX,Online TA,TA/TO,0,0,0,A,A,0,No Deposit,240.0,0,Transient-Party,146.0,1,3
Resort Hotel,0,144,2015,August,34,16,2,5,2,0.0,0,BB,PRT,Offline TA/TO,TA/TO,0,0,0,A,A,0,No Deposit,149.0,0,Transient,96.3,0,0
Resort Hotel,0,106,2015,August,34,16,2,5,2,0.0,0,HB,PRT,Online TA,TA/TO,0,0,0,A,A,0,No Deposit,240.0,0,Transient,166.0,0,1
Resort Hotel,0,15,2015,August,34,20,0,3,2,0.0,0,BB,PRT,Direct,Direct,0,0,0,F,F,0,No Deposit,,0,Transient,217.0,0,1
Resort Hotel,0,120,2015,August,34,20,0,3,2,0.0,0,BB,ESP,Online TA,TA/TO,0,0,0,E,E,0,No Deposit,240.0,0,Transient,164.0,0,1
Resort Hotel,0,120,2015,August,34,20,0,3,2,0.0,0,BB,ESP,Online TA,TA/TO,0,0,0,E,E,0,No Deposit,240.0,0,Transient,164.0,0,1
Resort Hotel,0,13,2015,August,34,18,0,5,2,0.0,0,BB,PRT,Online TA,TA/TO,0,0,0,D,D,0,No Deposit,240.0,0,Transient,195.8,0,1
Resort Hotel,0,78,2015,August,34,16,2,5,2,0.0,0,BB,PRT,Online TA,TA/TO,0,0,0,D,D,0,No Deposit,,0,Transient,158.3,1,1
Resort Hotel,0,115,2015,August,34,16,2,5,2,0.0,0,HB,ESP,Online TA,TA/TO,0,0,0,E,F,1,No Deposit,240.0,0,Transient,196.0,0,1
Resort Hotel,0,84,2015,August,33,13,2,8,2,0.0,0,BB,PRT,Direct,Direct,0,0,0,A,A,0,No Deposit,,0,Transient,120.6,0,1
Resort Hotel,0,81,2015,August,34,16,2,5,2,0.0,0,BB,PRT,Direct,Direct,0,0,0,D,D,0,No Deposit,,0,Transient,166.0,1,1
Resort Hotel,0,13,2015,August,34,18,0,5,2,0.0,0,BB,ESP,Direct,Direct,0,0,0,F,F,0,No Deposit,250.0,0,Transient,229.0,0,0
Resort Hotel,0,11,2015,August,34,19,0,4,2,0.0,0,BB,ESP,Online TA,TA/TO,0,0,0,D,D,0,No Deposit,240.0,0,Transient,196.75,0,1
Resort Hotel,0,71,2015,August,34,18,0,5,2,0.0,0,BB,ESP,Online TA,TA/TO,0,0,0,E,E,0,No Deposit,240.0,0,Transient,164.0,0,0
Resort Hotel,0,12,2015,August,34,16,2,5,2,0.0,0,BB,PRT,Offline TA/TO,TA/TO,0,0,0,A,A,1,No Deposit,181.0,0,Transient,154.8,1,0
Resort Hotel,0,54,2015,August,34,18,0,5,2,0.0,0,HB,ESP,Online TA,TA/TO,0,0,0,A,A,0,No Deposit,241.0,0,Transient,151.23,0,1
Resort Hotel,0,102,2015,August,34,21,0,2,2,0.0,0,BB,GBR,Online TA,TA/TO,0,0,0,A,A,0,No Deposit,240.0,0,Transient,134.0,0,2
Resort Hotel,0,50,2015,August,34,20,0,3,2,0.0,0,BB,IRL,Online TA,TA/TO,0,0,0,D,E,0,No Deposit,240.0,0,Transient,173.0,0,3
Resort Hotel,0,61,2015,August,34,19,0,4,2,0.0,0,BB,ESP,Online TA,TA/TO,0,0,0,D,D,0,No Deposit,240.0,0,Transient,168.25,0,0
Resort Hotel,0,1,2015,August,34,22,0,1,2,0.0,0,BB,PRT,Online TA,TA/TO,0,0,0,D,G,0,No Deposit,240.0,0,Transient,204.0,1,0
Resort Hotel,0,147,2015,August,34,20,0,3,2,0.0,0,BB,IRL,Online TA,TA/TO,0,0,0,D,E,1,No Deposit,240.0,0,Transient,138.6,0,1
Resort Hotel,0,171,2015,August,33,15,3,6,2,0.0,0,FB,PRT,Direct,Direct,0,0,0,D,D,0,No Deposit,250.0,0,Transient,210.0,0,1
Resort Hotel,0,125,2015,August,34,17,2,5,2,0.0,0,FB,PRT,Direct,Direct,0,0,0,E,E,0,No Deposit,,0,Transient,213.4,1,1
Resort Hotel,0,63,2015,August,34,20,1,3,2,0.0,0,BB,ESP,Online TA,TA/TO,0,0,0,D,D,0,No Deposit,240.0,0,Transient-Party,163.5,0,2
Resort Hotel,0,63,2015,August,34,20,1,3,2,0.0,0,BB,ESP,Online TA,TA/TO,0,0,0,D,D,0,No Deposit,240.0,0,Transient-Party,163.5,0,2
Resort Hotel,0,78,2015,August,33,11,3,10,2,0.0,0,BB,FRA,Online TA,TA/TO,0,0,0,A,A,0,No Deposit,242.0,0,Transient,134.0,1,1
Resort Hotel,0,87,2015,August,34,17,2,5,2,0.0,0,HB,PRT,Offline TA/TO,TA/TO,0,0,0,A,A,0,No Deposit,196.0,0,Transient,132.87,0,0
Resort Hotel,0,74,2015,August,34,18,1,5,2,0.0,0,BB,PRT,Offline TA/TO,TA/TO,0,0,0,A,A,0,No Deposit,134.0,0,Transient,107.0,0,0
Resort Hotel,0,91,2015,August,34,17,2,5,2,0.0,0,HB,ESP,Online TA,TA/TO,0,0,0,A,A,1,No Deposit,240.0,0,Transient,166.0,0,1
Resort Hotel,0,77,2015,August,34,17,2,5,2,0.0,0,BB,PRT,Online TA,TA/TO,0,0,0,D,E,0,No Deposit,240.0,0,Transient,154.0,0,0
Resort Hotel,0,125,2015,August,34,19,1,4,2,0.0,0,BB,PRT,Online TA,TA/TO,0,0,0,A,D,0,No Deposit,240.0,0,Transient,134.0,1,0
Resort Hotel,0,107,2015,August,33,15,3,6,2,0.0,0,BB,ESP,Direct,Direct,0,0,0,E,F,1,No Deposit,,0,Transient,164.0,0,1
Resort Hotel,0,45,2015,August,34,21,1,2,2,0.0,0,HB,PRT,Direct,Direct,0,0,0,A,A,0,No Deposit,,0,Transient-Party,153.0,0,1
Resort Hotel,0,35,2015,August,34,21,1,2,2,0.0,0,FB,PRT,Direct,Direct,0,0,0,F,F,2,No Deposit,250.0,0,Transient,274.0,1,0
Resort Hotel,0,0,2015,August,35,23,1,0,2,0.0,0,BB,FRA,Direct,Direct,0,0,0,A,D,0,No Deposit,,0,Transient,153.0,0,0
Resort Hotel,0,59,2015,August,34,17,2,5,2,0.0,0,BB,IRL,Online TA,TA/TO,0,0,0,E,E,0,No Deposit,240.0,0,Transient,177.57,0,0
Resort Hotel,0,80,2015,August,34,17,2,5,2,0.0,0,HB,PRT,Offline TA/TO,TA/TO,0,0,0,A,A,0,No Deposit,149.0,0,Transient,133.0,0,0
Resort Hotel,0,70,2015,August,34,17,3,5,2,0.0,0,BB,USA,Online TA,TA/TO,0,0,0,E,D,0,No Deposit,241.0,0,Transient,119.97,0,1
Resort Hotel,0,12,2015,August,34,20,2,3,2,0.0,0,HB,ESP,Direct,Direct,0,0,0,A,A,0,No Deposit,250.0,0,Transient,202.0,0,0
Resort Hotel,0,75,2015,August,34,22,2,1,2,0.0,0,BB,USA,Offline TA/TO,TA/TO,0,0,0,D,E,0,No Deposit,36.0,0,Transient,118.13,0,0
Resort Hotel,0,159,2015,August,34,17,3,5,2,0.0,0,BB,PRT,Online TA,TA/TO,0,0,0,G,G,0,No Deposit,,0,Transient,139.0,0,1
Resort Hotel,0,0,2015,August,35,24,1,0,2,0.0,0,BB,PRT,Direct,Direct,0,0,0,A,A,0,No Deposit,,0,Transient,153.0,0,0
Resort Hotel,0,0,2015,August,35,24,1,0,2,0.0,0,BB,PRT,Direct,Direct,0,0,0,E,E,0,No Deposit,,0,Transient,173.0,0,0
Resort Hotel,0,66,2015,August,34,20,2,3,2,0.0,0,BB,ESP,Online TA,TA/TO,0,0,0,D,D,0,No Deposit,240.0,0,Transient,161.6,0,0
Resort Hotel,0,0,2015,August,35,24,1,0,2,0.0,0,BB,PRT,Online TA,TA/TO,0,0,0,A,A,0,No Deposit,240.0,0,Transient,137.7,0,0
Resort Hotel,0,58,2015,August,34,20,2,4,2,0.0,0,HB,BEL,Online TA,TA/TO,0,0,0,A,A,1,No Deposit,240.0,0,Transient,153.3,0,1
Resort Hotel,0,58,2015,August,34,20,2,4,2,0.0,0,HB,BEL,Online TA,TA/TO,0,0,0,A,A,1,No Deposit,240.0,0,Transient,153.3,0,1
Resort Hotel,0,83,2015,August,34,17,3,6,2,0.0,0,HB,PRT,Direct,Direct,0,0,0,A,A,0,No Deposit,,0,Transient-Party,150.6,0,1
Resort Hotel,1,226,2015,September,39,23,0,1,2,0.0,0,BB,PRT,Offline TA/TO,TA/TO,0,1,0,A,A,0,No Deposit,251.0,0,Transient,55.8,0,0
Resort Hotel,0,74,2015,August,34,17,3,6,2,0.0,0,BB,PRT,Offline TA/TO,TA/TO,0,0,0,A,A,0,No Deposit,196.0,0,Transient,107.0,0,0
Resort Hotel,0,1,2015,August,35,25,0,1,2,0.0,0,BB,GBR,Online TA,TA/TO,0,0,0,D,D,0,No Deposit,240.0,0,Transient,153.0,1,0
Resort Hotel,0,59,2015,August,34,20,2,4,2,0.0,0,HB,ESP,Offline TA/TO,TA/TO,0,0,0,A,A,0,No Deposit,156.0,0,Transient,133.0,0,0
Resort Hotel,0,0,2015,August,35,24,1,1,2,0.0,0,BB,FRA,Direct,Direct,0,0,0,A,A,0,No Deposit,,0,Transient,106.0,0,0
Resort Hotel,0,107,2015,August,33,14,4,8,2,0.0,0,HB,PRT,Online TA,TA/TO,0,0,0,E,E,1,No Deposit,240.0,0,Transient,196.0,0,2
Resort Hotel,0,83,2015,August,35,26,1,4,2,0.0,0,SC,CN,Online TA,TA/TO,0,0,0,E,I,5,No Deposit,242.0,0,Transient,0.0,0,0
Resort Hotel,0,11,2015,August,34,21,2,4,2,0.0,0,BB,CHE,Online TA,TA/TO,0,0,0,A,A,0,No Deposit,242.0,0,Transient,175.17,0,1
Resort Hotel,0,22,2015,August,35,23,2,2,2,0.0,0,BB,PRT,Online TA,TA/TO,0,0,0,A,B,0,No Deposit,240.0,0,Transient,171.08,1,1
Resort Hotel,0,21,2015,August,35,24,1,2,2,0.0,0,BB,CHE,Online TA,TA/TO,0,0,0,A,A,0,No Deposit,240.0,0,Transient,172.0,0,2
Resort Hotel,0,5,2015,August,35,26,0,1,2,0.0,0,BB,NOR,Corporate,Corporate,0,0,0,D,E,0,No Deposit,,0,Transient,153.0,1,0
Resort Hotel,0,62,2015,August,35,25,0,2,2,0.0,0,BB,PRT,Online TA,TA/TO,0,0,0,A,H,0,No Deposit,240.0,0,Transient,132.6,1,1
Resort Hotel,0,15,2015,August,35,23,2,2,2,0.0,0,BB,PRT,Online TA,TA/TO,0,0,0,D,E,0,No Deposit,240.0,0,Transient,192.0,0,0
Resort Hotel,0,21,2015,August,35,26,0,1,2,0.0,0,BB,ITA,Online TA,TA/TO,0,0,0,A,A,0,No Deposit,240.0,0,Transient,172.0,0,2
Resort Hotel,0,0,2015,August,35,24,1,2,2,0.0,0,BB,PRT,Direct,Direct,0,0,0,E,D,1,No Deposit,,0,Transient,153.0,0,0
Resort Hotel,0,45,2015,August,34,21,2,5,2,0.0,0,HB,PRT,Direct,Direct,0,0,0,A,A,1,No Deposit,,0,Transient-Party,153.0,0,1
Resort Hotel,0,69,2015,August,35,23,2,3,2,0.0,0,BB,FRA,Online TA,TA/TO,0,0,0,A,A,0,No Deposit,240.0,0,Transient,120.6,0,1
Resort Hotel,0,31,2015,August,35,23,2,3,2,0.0,0,BB,PRT,Online TA,TA/TO,0,0,0,E,E,0,No Deposit,240.0,0,Transient,239.0,0,2
Resort Hotel,0,39,2015,August,35,24,1,3,2,0.0,0,BB,ESP,Online TA,TA/TO,0,0,0,A,A,0,No Deposit,240.0,0,Transient,172.0,0,1
Resort Hotel,0,100,2015,August,34,17,3,8,2,0.0,0,BB,ESP,Online TA,TA/TO,0,0,0,A,A,0,No Deposit,147.0,0,Transient,87.9,0,1
Resort Hotel,0,62,2015,August,35,23,2,3,2,0.0,0,BB,ESP,Online TA,TA/TO,0,0,0,A,A,0,No Deposit,240.0,0,Transient,134.0,1,1
Resort Hotel,0,97,2015,August,35,26,0,2,2,0.0,0,BB,FRA,Online TA,TA/TO,0,0,0,A,A,0,No Deposit,240.0,0,Transient,120.6,0,0
Resort Hotel,0,37,2015,August,35,23,2,3,2,0.0,0,BB,USA,Online TA,TA/TO,0,0,0,A,D,0,No Deposit,241.0,0,Transient,132.44,0,2
Resort Hotel,0,10,2015,August,35,24,1,3,2,0.0,0,BB,IRL,Offline TA/TO,TA/TO,0,0,0,D,D,0,No Deposit,142.0,0,Contract,168.8,0,0
Resort Hotel,0,49,2015,August,34,22,2,4,2,0.0,0,BB,IRL,Direct,Direct,0,0,0,D,D,0,No Deposit,250.0,0,Transient,169.83,0,1
Resort Hotel,0,38,2015,August,34,21,2,5,2,0.0,0,BB,PRT,Direct,Direct,0,0,0,F,F,1,No Deposit,,0,Transient,225.28,0,0
Resort Hotel,0,49,2015,August,35,25,0,3,2,0.0,0,HB,PRT,Offline TA/TO,TA/TO,0,0,0,E,F,1,No Deposit,142.0,0,Transient,177.47,0,1
Resort Hotel,0,193,2015,August,35,23,2,3,2,0.0,0,BB,USA,Offline TA/TO,TA/TO,0,0,0,A,A,0,No Deposit,241.0,0,Transient,103.95,0,1
Resort Hotel,1,289,2015,September,36,3,0,3,2,0.0,0,BB,PRT,Online TA,TA/TO,0,1,0,A,A,0,No Deposit,240.0,0,Transient,110.7,0,0
Resort Hotel,1,288,2015,September,36,2,0,4,2,0.0,0,BB,PRT,Online TA,TA/TO,0,1,0,A,A,1,No Deposit,240.0,0,Transient-Party,110.7,0,0
Resort Hotel,1,288,2015,September,36,2,0,4,2,0.0,0,BB,PRT,Online TA,TA/TO,0,1,0,A,A,1,No Deposit,240.0,0,Transient-Party,110.7,0,0
Resort Hotel,1,288,2015,September,36,2,0,4,2,0.0,0,BB,PRT,Online TA,TA/TO,0,1,0,A,A,1,No Deposit,240.0,0,Transient-Party,110.7,0,0
Resort Hotel,1,288,2015,September,36,2,0,4,2,0.0,0,BB,PRT,Online TA,TA/TO,0,1,0,A,A,1,No Deposit,240.0,0,Transient-Party,110.7,0,0
Resort Hotel,0,239,2015,August,35,28,4,10,2,0.0,0,BB,PRT,Online TA,TA/TO,0,0,0,D,D,1,No Deposit,240.0,0,Transient,114.71,0,1
Resort Hotel,0,60,2015,August,34,22,2,5,2,0.0,0,BB,CHE,Offline TA/TO,TA/TO,0,0,0,A,A,0,No Deposit,156.0,0,Transient,101.65,0,0
Resort Hotel,0,59,2015,August,34,22,2,5,2,0.0,0,HB,PRT,Offline TA/TO,TA/TO,0,0,0,A,A,0,No Deposit,196.0,0,Transient,143.29,1,0
Resort Hotel,0,60,2015,August,34,22,2,5,2,0.0,0,HB,PRT,Online TA,TA/TO,0,0,0,A,A,0,No Deposit,240.0,0,Transient,164.0,0,0
Resort Hotel,0,258,2017,July,26,1,2,6,2,0.0,0,HB,PRT,Online TA,TA/TO,1,0,1,A,A,2,No Deposit,240.0,0,Transient,131.55,1,2
Resort Hotel,0,46,2015,August,34,22,2,5,2,0.0,0,HB,PRT,Offline TA/TO,TA/TO,0,0,0,D,D,0,No Deposit,261.0,0,Transient,149.0,0,2
Resort Hotel,0,26,2015,August,34,22,2,5,2,0.0,0,BB,PRT,Online TA,TA/TO,0,0,0,E,E,0,No Deposit,240.0,0,Transient,215.0,1,0
Resort Hotel,0,4,2015,August,34,22,2,5,2,0.0,0,HB,PRT,Offline TA/TO,TA/TO,0,0,0,A,D,0,No Deposit,196.0,0,Transient,135.0,0,0
Resort Hotel,0,36,2015,August,34,22,2,5,2,0.0,0,HB,PRT,Offline TA/TO,TA/TO,0,0,0,D,E,1,No Deposit,142.0,0,Contract,175.26,0,0
Resort Hotel,0,77,2015,August,33,15,4,10,2,0.0,0,HB,PRT,Direct,Direct,0,0,0,D,D,0,No Deposit,,0,Transient,180.0,0,0
Resort Hotel,0,15,2015,August,34,22,2,5,2,0.0,0,HB,PRT,Direct,Direct,0,0,0,F,G,1,No Deposit,,0,Transient,258.43,1,0
Resort Hotel,0,152,2015,August,34,22,2,5,2,0.0,0,BB,PRT,Online TA,TA/TO,0,0,0,A,A,0,No Deposit,240.0,0,Transient,120.6,0,1
Resort Hotel,0,82,2015,August,33,15,4,10,2,0.0,0,BB,ITA,Offline TA/TO,TA/TO,0,0,0,D,D,1,No Deposit,36.0,0,Transient,122.88,1,0
Resort Hotel,0,42,2015,August,34,22,2,5,2,0.0,0,BB,ESP,Online TA,TA/TO,0,0,0,A,A,0,No Deposit,240.0,0,Transient,158.9,1,2
Resort Hotel,0,52,2015,August,35,23,2,4,2,0.0,0,BB,ITA,Online TA,TA/TO,0,0,0,A,A,0,No Deposit,240.0,0,Transient,159.33,0,1
Resort Hotel,0,146,2015,August,35,27,2,5,2,0.0,0,BB,GBR,Offline TA/TO,TA/TO,0,0,0,A,A,1,No Deposit,243.0,0,Contract,58.95,0,0
Resort Hotel,0,55,2015,August,35,24,1,4,2,0.0,0,BB,PRT,Online TA,TA/TO,0,0,0,A,A,0,No Deposit,240.0,0,Transient,145.4,1,1
Resort Hotel,0,0,2015,August,35,28,0,1,2,0.0,0,BB,USA,Offline TA/TO,TA/TO,0,0,0,A,D,0,No Deposit,,0,Transient,153.0,0,1
Resort Hotel,0,84,2015,August,35,25,0,4,2,0.0,0,BB,PRT,Online TA,TA/TO,0,0,0,D,E,1,No Deposit,240.0,0,Transient,154.0,0,1
Resort Hotel,0,205,2015,August,33,15,4,10,2,0.0,0,HB,DEU,Offline TA/TO,TA/TO,0,0,0,D,D,0,No Deposit,69.0,0,Contract,123.74,0,0
Resort Hotel,1,244,2015,September,36,2,2,5,2,0.0,0,BB,IRL,Groups,TA/TO,0,1,0,A,A,0,No Deposit,96.0,0,Transient-Party,60.0,0,0
Resort Hotel,0,48,2015,August,35,23,2,5,2,0.0,0,HB,ROU,Online TA,TA/TO,0,0,0,A,A,0,No Deposit,240.0,0,Transient,185.71,0,2
Resort Hotel,0,62,2015,August,34,20,2,8,2,0.0,0,BB,ESP,Offline TA/TO,TA/TO,0,0,0,A,A,0,No Deposit,243.0,0,Transient,104.0,0,0
Resort Hotel,0,31,2015,August,35,27,0,3,2,0.0,0,BB,ESP,Online TA,TA/TO,0,0,0,D,H,0,No Deposit,240.0,0,Transient,185.0,1,2
Resort Hotel,0,172,2015,August,34,16,4,10,2,0.0,0,BB,PRT,Offline TA/TO,TA/TO,0,0,0,A,A,0,No Deposit,243.0,0,Contract,88.4,0,0
Resort Hotel,0,37,2015,August,35,26,0,4,2,0.0,0,HB,ESP,Online TA,TA/TO,0,0,0,D,D,0,No Deposit,240.0,0,Transient,193.5,0,0
Resort Hotel,0,29,2015,August,34,20,2,8,2,0.0,0,HB,PRT,Direct,Direct,0,0,0,D,D,1,No Deposit,,0,Transient,229.6,1,0
Resort Hotel,0,22,2015,August,35,23,2,5,2,0.0,0,BB,IRL,Online TA,TA/TO,0,0,0,D,D,0,No Deposit,240.0,0,Transient,186.57,0,2
Resort Hotel,0,77,2015,August,35,24,1,5,2,0.0,0,BB,ESP,Online TA,TA/TO,0,0,0,D,D,0,No Deposit,240.0,0,Transient,150.83,0,2
Resort Hotel,0,77,2015,August,35,24,1,5,2,0.0,0,BB,ESP,Online TA,TA/TO,0,0,0,D,D,0,No Deposit,240.0,0,Transient,150.83,0,2
Resort Hotel,0,88,2015,August,35,23,2,5,2,0.0,0,HB,PRT,Direct,Direct,0,0,0,E,F,1,No Deposit,,0,Transient,170.5,0,3
Resort Hotel,0,58,2015,August,35,24,1,5,2,0.0,0,HB,PRT,Online TA,TA/TO,0,0,0,A,A,1,No Deposit,240.0,0,Transient,170.33,1,0
Resort Hotel,0,45,2015,August,35,25,0,5,2,0.0,0,BB,ESP,Offline TA/TO,TA/TO,0,0,0,A,A,0,No Deposit,8.0,0,Contract,103.28,0,2
Resort Hotel,0,45,2015,August,35,25,0,5,2,0.0,0,BB,ESP,Offline TA/TO,TA/TO,0,0,0,A,A,0,No Deposit,8.0,0,Contract,103.28,0,1
Resort Hotel,0,198,2015,August,35,27,0,3,2,0.0,0,BB,IRL,Online TA,TA/TO,0,0,0,E,F,0,No Deposit,240.0,0,Transient,166.0,0,2
Resort Hotel,0,198,2015,August,35,27,0,3,2,0.0,0,BB,IRL,Offline TA/TO,TA/TO,0,0,0,A,A,0,No Deposit,156.0,0,Contract,96.3,0,0
Resort Hotel,0,0,2015,August,35,29,0,1,2,0.0,0,BB,PRT,Online TA,TA/TO,0,0,0,E,E,0,No Deposit,240.0,0,Transient,164.0,0,1
Resort Hotel,0,212,2015,August,35,26,0,4,2,0.0,0,BB,IRL,Offline TA/TO,TA/TO,0,0,0,A,A,0,No Deposit,156.0,0,Contract,90.95,0,2
Resort Hotel,0,86,2015,August,34,16,4,10,2,0.0,0,BB,CHE,Offline TA/TO,TA/TO,0,0,0,D,D,0,No Deposit,36.0,0,Transient,110.88,0,0
Resort Hotel,0,86,2015,August,34,16,4,10,2,0.0,0,BB,CHE,Offline TA/TO,TA/TO,0,0,0,D,D,0,No Deposit,36.0,0,Transient,110.88,0,0
Resort Hotel,0,56,2015,August,35,25,0,5,2,0.0,0,BB,ESP,Online TA,TA/TO,0,0,0,A,A,0,No Deposit,242.0,0,Transient,137.8,1,1
Resort Hotel,0,12,2015,August,35,24,1,5,2,0.0,0,BB,MAR,Online TA,TA/TO,0,0,0,D,D,0,No Deposit,240.0,0,Transient,198.33,0,2
Resort Hotel,0,204,2015,August,35,25,0,5,2,0.0,0,BB,GBR,Offline TA/TO,TA/TO,0,0,0,A,A,0,No Deposit,156.0,0,Contract,90.95,0,0
Resort Hotel,0,0,2015,August,35,25,0,5,2,0.0,0,HB,PRT,Direct,Direct,0,0,0,A,E,0,No Deposit,250.0,0,Transient,183.0,0,0
Resort Hotel,0,201,2015,August,35,25,0,5,2,0.0,0,BB,GBR,Online TA,TA/TO,0,0,0,A,A,0,No Deposit,240.0,0,Transient,120.6,0,1
Resort Hotel,0,196,2015,August,35,26,0,4,2,0.0,0,BB,IRL,Online TA,TA/TO,0,0,0,A,A,0,No Deposit,240.0,0,Transient,120.6,0,1
Resort Hotel,0,128,2015,August,35,24,1,5,2,0.0,0,HB,ESP,Offline TA/TO,TA/TO,0,0,0,A,A,0,No Deposit,134.0,0,Transient,133.0,0,0
Resort Hotel,0,42,2015,August,35,26,0,4,2,0.0,0,HB,PRT,Online TA,TA/TO,0,0,0,A,A,0,No Deposit,241.0,0,Transient,135.14,0,0
Resort Hotel,0,37,2015,August,35,26,0,4,2,0.0,0,BB,ESP,Online TA,TA/TO,0,0,0,A,A,0,No Deposit,240.0,0,Transient,153.0,0,2
Resort Hotel,0,37,2015,August,35,26,0,4,2,0.0,0,BB,ESP,Online TA,TA/TO,0,0,0,D,D,0,No Deposit,240.0,0,Transient,163.5,0,2
Resort Hotel,0,204,2015,August,35,26,0,4,2,0.0,0,BB,IRL,Direct,Direct,0,0,0,A,A,0,No Deposit,250.0,0,Transient,134.0,0,0
Resort Hotel,0,37,2015,August,35,27,1,3,2,0.0,0,BB,GBR,Online TA,TA/TO,0,0,0,A,A,0,No Deposit,241.0,0,Transient,104.97,0,1
Resort Hotel,0,0,2015,August,36,30,1,0,2,0.0,0,BB,PRT,Direct,Direct,0,0,0,A,A,0,No Deposit,,0,Transient,120.6,0,0
Resort Hotel,0,52,2015,August,35,25,1,5,2,0.0,0,BB,PRT,Online TA,TA/TO,0,0,0,E,F,0,No Deposit,240.0,0,Transient,176.67,0,1
Resort Hotel,0,63,2015,August,35,24,2,5,2,0.0,0,HB,PRT,Offline TA/TO,TA/TO,0,0,0,A,A,0,No Deposit,15.0,0,Transient,133.0,0,0
Resort Hotel,0,199,2015,August,35,24,2,5,2,0.0,0,HB,IRL,Offline TA/TO,TA/TO,0,0,0,E,E,1,No Deposit,175.0,0,Transient-Party,142.65,0,1
Resort Hotel,0,48,2015,August,35,27,1,3,2,0.0,0,BB,ESP,Offline TA/TO,TA/TO,0,0,0,A,A,0,No Deposit,196.0,0,Transient,107.0,1,0
Resort Hotel,1,243,2015,September,36,4,0,2,2,0.0,0,BB,PRT,Online TA,TA/TO,0,1,0,D,D,0,No Deposit,240.0,0,Transient,99.0,0,1
Resort Hotel,0,124,2015,August,34,17,4,10,2,0.0,0,BB,NLD,Offline TA/TO,TA/TO,0,0,0,D,D,0,No Deposit,128.0,0,Contract,110.7,0,1
Resort Hotel,0,199,2015,August,35,24,2,5,2,0.0,0,HB,IRL,Offline TA/TO,TA/TO,0,0,0,E,E,1,No Deposit,175.0,0,Transient-Party,142.65,0,1
Resort Hotel,0,0,2015,August,35,29,1,1,2,0.0,0,BB,ITA,Online TA,TA/TO,0,0,0,A,E,0,No Deposit,240.0,0,Transient,120.6,0,1
Resort Hotel,0,1,2015,August,36,31,1,0,2,0.0,0,BB,ITA,Online TA,TA/TO,0,0,0,A,A,1,No Deposit,,0,Group,134.0,0,1
Resort Hotel,0,0,2015,August,36,30,1,0,2,0.0,0,BB,PRT,Online TA,TA/TO,0,0,0,A,A,0,No Deposit,240.0,0,Group,120.6,0,0
Resort Hotel,1,190,2015,September,37,10,2,8,2,0.0,0,BB,GBR,Offline TA/TO,TA/TO,0,1,0,A,A,0,No Deposit,134.0,0,Transient,58.95,0,0
Resort Hotel,0,89,2015,August,34,22,4,6,2,0.0,0,BB,RUS,Offline TA/TO,TA/TO,0,0,0,A,A,0,No Deposit,36.0,0,Transient,104.16,0,1
Resort Hotel,0,89,2015,August,34,22,4,6,2,0.0,0,BB,RUS,Offline TA/TO,TA/TO,0,0,0,A,A,0,No Deposit,36.0,0,Transient,104.16,0,1
Resort Hotel,0,107,2015,August,35,28,2,2,2,0.0,0,BB,LUX,Online TA,TA/TO,0,0,0,E,E,0,No Deposit,240.0,0,Transient,184.5,0,1
Resort Hotel,0,61,2015,August,35,29,2,1,2,0.0,0,BB,GBR,Online TA,TA/TO,0,0,0,A,D,0,No Deposit,240.0,0,Transient,115.0,0,1
Resort Hotel,0,61,2015,August,35,29,2,1,2,0.0,0,BB,GBR,Online TA,TA/TO,0,0,0,A,D,0,No Deposit,240.0,0,Transient,127.0,1,1
Resort Hotel,0,13,2015,August,35,25,2,5,2,0.0,0,HB,ESP,Online TA,TA/TO,0,0,0,D,D,1,No Deposit,240.0,0,Transient,208.43,0,1
Resort Hotel,0,0,2015,August,36,30,2,0,2,0.0,0,BB,PRT,Direct,Direct,0,0,0,A,A,1,No Deposit,,0,Transient,123.0,1,0
Resort Hotel,0,236,2015,August,35,25,2,5,2,0.0,0,HB,GBR,Offline TA/TO,TA/TO,0,0,0,E,E,0,No Deposit,156.0,0,Contract,104.98,0,2
Resort Hotel,0,23,2015,August,36,30,2,0,2,0.0,0,BB,FRA,Online TA,TA/TO,0,0,0,A,A,0,No Deposit,240.0,0,Transient,103.5,1,1
Resort Hotel,0,27,2015,August,36,30,2,0,2,0.0,0,BB,PRT,Online TA,TA/TO,0,0,0,A,A,0,No Deposit,240.0,0,Transient,98.0,0,2
Resort Hotel,0,25,2015,August,35,28,2,2,2,0.0,0,BB,ESP,Online TA,TA/TO,0,0,0,A,A,0,No Deposit,240.0,0,Transient,116.0,0,0
Resort Hotel,0,1,2015,August,36,30,2,0,2,0.0,0,HB,PRT,Online TA,TA/TO,0,0,0,A,A,0,No Deposit,240.0,0,Transient,147.6,0,3
Resort Hotel,0,0,2016,October,45,30,1,0,2,0.0,0,BB,PRT,Direct,TA/TO,1,0,0,A,A,0,No Deposit,,0,Transient,70.0,0,3
Resort Hotel,0,0,2016,October,45,31,1,0,2,0.0,0,BB,PRT,Direct,Direct,1,0,0,D,D,0,No Deposit,,0,Transient,78.0,0,0
Resort Hotel,0,25,2015,August,35,29,2,1,2,0.0,0,BB,PRT,Online TA,TA/TO,0,0,0,D,E,1,No Deposit,,0,Transient,154.0,0,2
Resort Hotel,0,107,2015,August,35,28,2,2,2,0.0,0,BB,CHE,Online TA,TA/TO,0,0,0,E,E,0,No Deposit,240.0,0,Transient,169.5,0,1
Resort Hotel,0,62,2015,August,35,25,2,5,2,0.0,0,HB,GBR,Offline TA/TO,TA/TO,0,0,0,E,E,0,No Deposit,40.0,0,Contract,123.5,0,0
Resort Hotel,0,24,2015,August,35,25,2,5,2,0.0,0,BB,PRT,Online TA,TA/TO,0,0,0,E,E,0,No Deposit,240.0,0,Transient,172.71,0,3
Resort Hotel,0,194,2015,September,36,2,2,7,2,0.0,0,BB,GBR,Offline TA/TO,TA/TO,0,0,0,A,A,0,No Deposit,171.0,0,Transient,58.95,0,0
Resort Hotel,0,29,2015,August,35,28,2,3,2,0.0,0,BB,GBR,Offline TA/TO,TA/TO,0,0,0,D,D,0,No Deposit,156.0,0,Contract,75.53,1,0
Resort Hotel,0,97,2015,August,35,27,2,4,2,0.0,0,BB,PRT,Direct,Direct,0,0,0,A,A,0,No Deposit,250.0,0,Transient,121.67,1,0
Resort Hotel,0,32,2017,April,15,14,1,2,2,0.0,0,BB,PRT,Direct,Direct,1,0,1,D,D,0,No Deposit,250.0,0,Transient-Party,104.5,1,2
Resort Hotel,0,39,2015,August,35,26,2,5,2,0.0,0,HB,ESP,Offline TA/TO,TA/TO,0,0,0,A,A,0,No Deposit,142.0,0,Contract,133.43,0,0
Resort Hotel,0,13,2015,August,36,30,2,1,2,0.0,0,BB,USA,Offline TA/TO,TA/TO,0,0,0,F,G,0,No Deposit,36.0,0,Transient,120.79,1,0
Resort Hotel,0,29,2015,August,35,29,2,2,2,0.0,0,HB,POL,Online TA,TA/TO,0,0,0,E,E,1,No Deposit,240.0,0,Transient,165.75,1,2
Resort Hotel,0,29,2015,August,35,29,2,2,2,0.0,0,HB,POL,Online TA,TA/TO,0,0,0,E,E,0,No Deposit,240.0,0,Transient,165.75,0,2
Resort Hotel,0,1,2015,August,35,29,2,2,2,0.0,0,HB,PRT,Direct,Direct,0,0,0,A,D,1,No Deposit,,0,Transient-Party,142.5,0,1
Resort Hotel,0,1,2015,August,35,29,2,2,2,0.0,0,BB,ESP,Direct,Direct,0,0,0,C,C,0,No Deposit,250.0,0,Transient,143.25,1,0
Resort Hotel,0,211,2015,August,35,26,2,5,2,0.0,0,BB,IRL,Online TA,TA/TO,0,0,0,A,A,0,No Deposit,240.0,0,Transient,126.57,0,1
Resort Hotel,0,90,2015,August,36,30,2,1,2,0.0,0,BB,PRT,Online TA,TA/TO,0,0,0,E,E,1,No Deposit,240.0,0,Transient,132.33,0,1
Resort Hotel,0,35,2015,August,35,29,2,2,2,0.0,0,BB,ROU,Online TA,TA/TO,0,0,0,A,D,0,No Deposit,240.0,0,Transient,96.3,0,2
Resort Hotel,0,67,2015,August,35,23,4,6,2,0.0,0,HB,PRT,Direct,Direct,0,0,0,A,A,0,No Deposit,,0,Transient,137.65,0,1
Resort Hotel,0,236,2015,August,35,28,2,3,2,0.0,0,BB,PRT,Online TA,TA/TO,0,0,0,A,A,0,No Deposit,240.0,0,Transient,123.6,0,1
Resort Hotel,0,67,2015,August,35,23,4,6,2,0.0,0,HB,PRT,Direct,Direct,0,0,0,A,A,0,No Deposit,,0,Transient,137.65,0,1
Resort Hotel,1,200,2015,September,37,7,3,7,2,0.0,0,BB,PRT,Offline TA/TO,TA/TO,0,1,0,A,A,0,No Deposit,156.0,0,Contract,55.68,0,1
Resort Hotel,1,247,2015,October,41,9,1,2,2,0.0,0,FB,ESP,Groups,TA/TO,0,1,0,A,A,0,Non Refund,68.0,0,Transient,81.0,0,0
Resort Hotel,1,247,2015,October,41,9,1,2,2,0.0,0,FB,ESP,Groups,TA/TO,0,1,0,A,A,0,Non Refund,68.0,0,Transient,81.0,0,0
Resort Hotel,1,247,2015,October,41,9,1,2,2,0.0,0,FB,ESP,Groups,TA/TO,0,1,0,A,A,0,Non Refund,68.0,0,Transient,81.0,0,0
Resort Hotel,1,247,2015,October,41,9,1,2,2,0.0,0,FB,ESP,Groups,TA/TO,0,1,0,A,A,0,Non Refund,68.0,0,Transient,81.0,0,0
Resort Hotel,1,247,2015,October,41,9,1,2,2,0.0,0,FB,ESP,Groups,TA/TO,0,1,0,A,A,0,Non Refund,68.0,0,Transient,81.0,0,0
Resort Hotel,1,247,2015,October,41,9,1,2,2,0.0,0,FB,ESP,Groups,TA/TO,0,1,0,A,A,0,Non Refund,68.0,0,Transient,81.0,0,0
Resort Hotel,1,247,2015,October,41,9,1,2,2,0.0,0,FB,ESP,Groups,TA/TO,0,1,0,A,A,0,Non Refund,68.0,0,Transient,81.0,0,0
Resort Hotel,1,247,2015,October,41,9,1,2,2,0.0,0,FB,ESP,Groups,TA/TO,0,1,0,A,A,0,Non Refund,68.0,0,Transient,81.0,0,0
Resort Hotel,1,247,2015,October,41,9,1,2,2,0.0,0,FB,ESP,Groups,TA/TO,0,1,0,A,A,0,Non Refund,68.0,0,Transient,81.0,0,0
Resort Hotel,1,247,2015,October,41,9,1,2,2,0.0,0,FB,ESP,Groups,TA/TO,0,1,0,A,A,0,Non Refund,68.0,0,Transient,81.0,0,0
Resort Hotel,1,247,2015,October,41,9,1,2,2,0.0,0,FB,ESP,Groups,TA/TO,0,1,0,A,A,0,Non Refund,68.0,0,Transient,81.0,0,0
Resort Hotel,1,247,2015,October,41,9,1,2,2,0.0,0,FB,ESP,Groups,TA/TO,0,1,0,A,A,0,Non Refund,68.0,0,Transient,81.0,0,0
Resort Hotel,1,247,2015,October,41,9,1,2,2,0.0,0,FB,ESP,Groups,TA/TO,0,1,0,A,A,0,Non Refund,68.0,0,Transient,81.0,0,0
Resort Hotel,1,247,2015,October,41,9,1,2,2,0.0,0,FB,ESP,Groups,TA/TO,0,1,0,A,A,0,Non Refund,68.0,0,Transient,81.0,0,0
Resort Hotel,1,247,2015,October,41,9,1,2,2,0.0,0,FB,ESP,Groups,TA/TO,0,1,0,A,A,0,Non Refund,68.0,0,Transient,81.0,0,0
Resort Hotel,1,247,2015,October,41,9,1,2,2,0.0,0,FB,ESP,Groups,TA/TO,0,1,0,A,A,0,Non Refund,68.0,0,Transient,81.0,0,0
Resort Hotel,1,247,2015,October,41,9,1,2,2,0.0,0,FB,ESP,Groups,TA/TO,0,1,0,A,A,0,Non Refund,68.0,0,Transient,81.0,0,0
Resort Hotel,1,247,2015,October,41,9,1,2,2,0.0,0,FB,ESP,Groups,TA/TO,0,1,0,A,A,0,Non Refund,68.0,0,Transient,81.0,0,0
Resort Hotel,1,247,2015,October,41,9,1,2,2,0.0,0,FB,ESP,Groups,TA/TO,0,1,0,A,A,0,Non Refund,68.0,0,Transient,81.0,0,0
Resort Hotel,1,247,2015,October,41,9,1,2,2,0.0,0,FB,ESP,Groups,TA/TO,0,1,0,A,A,0,Non Refund,68.0,0,Transient,81.0,0,0
Resort Hotel,1,247,2015,October,41,9,1,2,2,0.0,0,FB,ESP,Groups,TA/TO,0,1,0,A,A,0,Non Refund,68.0,0,Transient,81.0,0,0
Resort Hotel,1,247,2015,October,41,9,1,2,2,0.0,0,FB,ESP,Groups,TA/TO,0,1,0,A,A,0,Non Refund,68.0,0,Transient,81.0,0,0
Resort Hotel,1,247,2015,October,41,9,1,2,2,0.0,0,FB,ESP,Groups,TA/TO,0,1,0,A,A,0,Non Refund,68.0,0,Transient,81.0,0,0
Resort Hotel,1,247,2015,October,41,9,1,2,2,0.0,0,FB,ESP,Groups,TA/TO,0,1,0,A,A,0,Non Refund,68.0,0,Transient,81.0,0,0
Resort Hotel,1,247,2015,October,41,9,1,2,2,0.0,0,FB,ESP,Groups,TA/TO,0,1,0,A,A,0,Non Refund,68.0,0,Transient,81.0,0,0
Resort Hotel,0,57,2015,August,35,27,2,5,2,0.0,0,BB,IRL,Offline TA/TO,TA/TO,0,0,0,A,A,0,No Deposit,171.0,0,Transient,90.38,0,0
Resort Hotel,0,110,2017,June,24,15,2,7,2,0.0,0,BB,IRL,Online TA,TA/TO,1,0,1,C,C,1,No Deposit,240.0,0,Transient,160.0,0,0
Resort Hotel,0,26,2015,August,35,29,2,3,2,0.0,0,BB,GBR,Offline TA/TO,TA/TO,0,0,0,A,A,0,No Deposit,156.0,0,Contract,85.88,0,0
Resort Hotel,0,44,2015,August,35,27,2,5,2,0.0,0,BB,IRL,Offline TA/TO,TA/TO,0,0,0,E,E,0,No Deposit,156.0,0,Contract,92.63,0,0
Resort Hotel,0,31,2015,August,35,29,2,3,2,0.0,0,BB,IRL,Online TA,TA/TO,0,0,0,A,D,0,No Deposit,240.0,0,Transient,105.2,0,1
Resort Hotel,0,177,2015,August,34,20,4,10,2,0.0,0,BB,GBR,Offline TA/TO,TA/TO,0,0,0,A,A,0,No Deposit,243.0,0,Contract,55.68,0,0
Resort Hotel,0,139,2015,August,34,20,4,10,2,0.0,0,BB,GBR,Offline TA/TO,TA/TO,0,0,0,A,A,0,No Deposit,243.0,0,Contract,55.68,0,2
Resort Hotel,0,139,2015,August,34,20,4,10,2,0.0,0,BB,GBR,Offline TA/TO,TA/TO,0,0,0,A,A,0,No Deposit,243.0,0,Contract,55.68,0,2
Resort Hotel,0,101,2015,August,35,27,2,5,2,0.0,0,BB,GBR,Offline TA/TO,TA/TO,0,0,0,A,A,0,No Deposit,40.0,0,Contract,65.5,0,0
Resort Hotel,0,78,2015,August,35,25,2,7,2,0.0,0,HB,PRT,Offline TA/TO,TA/TO,0,0,0,D,D,0,No Deposit,196.0,0,Transient,105.5,0,1
Resort Hotel,0,65,2015,August,35,29,2,3,2,0.0,0,BB,PRT,Direct,Direct,0,0,0,A,D,0,No Deposit,,0,Transient,93.4,0,0
Resort Hotel,0,26,2015,September,36,1,0,2,2,0.0,0,BB,FRA,Online TA,TA/TO,0,0,0,D,D,0,No Deposit,240.0,0,Transient,146.0,0,2
Resort Hotel,0,94,2015,August,35,29,2,3,2,0.0,0,HB,PRT,Direct,Direct,0,0,0,A,A,1,No Deposit,,0,Transient,123.12,0,1
Resort Hotel,0,19,2015,September,36,1,0,2,2,0.0,0,HB,ESP,Direct,Direct,0,0,0,E,F,0,No Deposit,,0,Transient,176.0,1,3
Resort Hotel,0,38,2015,August,35,27,2,5,2,0.0,0,BB,IRL,Direct,Direct,0,0,0,D,D,0,No Deposit,250.0,0,Transient,145.0,0,1
Resort Hotel,0,40,2015,August,35,29,2,3,2,0.0,0,HB,ITA,Direct,Direct,0,0,0,A,D,0,No Deposit,250.0,0,Transient,142.0,0,1
Resort Hotel,0,23,2015,August,35,29,2,3,2,0.0,0,HB,IRL,Offline TA/TO,TA/TO,0,0,0,A,D,0,No Deposit,171.0,0,Transient,110.58,0,0
Resort Hotel,0,196,2015,September,36,3,0,3,2,0.0,0,HB,PRT,Offline TA/TO,TA/TO,0,0,0,A,D,0,No Deposit,156.0,0,Contract,77.78,0,0
Resort Hotel,0,31,2015,September,37,6,1,0,2,0.0,0,HB,PRT,Offline TA/TO,TA/TO,0,0,1,D,D,1,No Deposit,175.0,0,Transient,116.4,0,0
Resort Hotel,0,70,2015,August,36,31,1,2,2,0.0,0,BB,PRT,Online TA,TA/TO,0,0,0,A,A,0,No Deposit,240.0,0,Transient,98.33,1,0
Resort Hotel,0,17,2015,August,36,30,2,2,2,0.0,0,BB,POL,Online TA,TA/TO,0,0,0,E,F,0,No Deposit,240.0,0,Transient,150.5,0,3
Resort Hotel,0,134,2015,August,35,29,2,3,2,0.0,0,BB,PRT,Online TA,TA/TO,0,0,0,E,E,0,No Deposit,240.0,0,Transient,140.0,0,2
Resort Hotel,0,18,2015,August,35,29,2,3,2,0.0,0,FB,PRT,Offline TA/TO,TA/TO,0,0,0,A,C,0,No Deposit,196.0,0,Transient,143.4,0,1
Resort Hotel,0,41,2015,September,36,1,0,2,2,0.0,0,BB,ESP,Offline TA/TO,TA/TO,0,0,0,A,A,0,No Deposit,171.0,0,Transient,65.5,0,0
Resort Hotel,0,51,2015,August,35,27,2,5,2,0.0,0,FB,PRT,Offline TA/TO,TA/TO,0,0,0,D,D,0,No Deposit,15.0,0,Transient,160.57,1,2
Resort Hotel,1,216,2015,October,41,5,2,5,2,0.0,0,BB,PRT,Offline TA/TO,TA/TO,0,1,0,E,E,0,No Deposit,171.0,0,Transient,57.6,0,0
Resort Hotel,0,57,2015,August,35,29,2,4,2,0.0,0,BB,IRL,Offline TA/TO,TA/TO,0,0,0,D,D,0,No Deposit,171.0,0,Transient,101.25,0,0
Resort Hotel,0,34,2015,August,36,31,1,3,2,0.0,0,BB,BRA,Online TA,TA/TO,0,0,0,E,F,0,No Deposit,242.0,0,Transient,124.25,0,1
Resort Hotel,0,55,2015,August,36,30,2,3,2,0.0,0,BB,ESP,Online TA,TA/TO,0,0,0,A,A,0,No Deposit,240.0,0,Transient,119.0,0,1
Resort Hotel,0,29,2015,August,35,29,2,4,2,0.0,0,BB,GBR,Offline TA/TO,TA/TO,0,0,0,D,D,0,No Deposit,142.0,0,Contract,97.2,0,0
Resort Hotel,0,61,2015,August,34,18,4,13,2,0.0,0,BB,ARG,Offline TA/TO,TA/TO,0,0,0,E,E,0,No Deposit,66.0,0,Transient,102.0,0,0
Resort Hotel,0,219,2015,September,36,3,0,1,2,0.0,0,BB,NLD,Online TA,TA/TO,0,0,0,A,D,0,No Deposit,240.0,0,Transient,110.7,0,2
Resort Hotel,0,220,2015,September,36,4,0,2,2,0.0,0,BB,NLD,Online TA,TA/TO,0,0,0,D,D,0,No Deposit,240.0,0,Group,141.0,0,2
Resort Hotel,0,36,2015,September,36,2,0,2,2,0.0,0,BB,PRT,Online TA,TA/TO,0,0,0,E,E,0,No Deposit,240.0,0,Transient,123.0,1,0
Resort Hotel,0,210,2015,August,35,26,2,7,2,0.0,0,BB,IRL,Offline TA/TO,TA/TO,0,0,0,E,E,0,No Deposit,175.0,0,Transient,87.75,0,0
Resort Hotel,0,305,2017,August,34,26,4,7,2,0.0,0,BB,IRL,Online TA,TA/TO,1,0,0,D,D,0,No Deposit,240.0,0,Transient,158.6,0,3
Resort Hotel,0,218,2015,September,36,2,0,2,2,0.0,0,BB,IRL,Online TA,TA/TO,0,0,0,A,D,0,No Deposit,240.0,0,Transient,123.0,0,1
Resort Hotel,0,104,2017,June,26,26,1,5,2,0.0,0,BB,PRT,Online TA,TA/TO,1,0,0,E,F,0,No Deposit,240.0,0,Transient,140.0,1,1
Resort Hotel,0,27,2015,August,36,30,2,3,2,0.0,0,HB,PRT,Offline TA/TO,TA/TO,0,0,0,E,E,0,No Deposit,134.0,0,Transient,123.5,1,0
Resort Hotel,0,74,2015,August,35,26,2,7,2,0.0,0,BB,GBR,Online TA,TA/TO,0,0,0,D,D,0,No Deposit,240.0,0,Transient,134.0,0,0
Resort Hotel,0,23,2015,August,35,28,2,5,2,0.0,0,BB,IRL,Online TA,TA/TO,0,0,0,A,A,0,No Deposit,240.0,0,Transient,122.43,0,1
Resort Hotel,0,10,2015,August,36,30,2,3,2,0.0,0,BB,PRT,Direct,Direct,0,0,0,D,D,0,No Deposit,250.0,0,Transient,121.8,0,0
Resort Hotel,0,33,2015,August,35,29,2,4,2,0.0,0,BB,PRT,Online TA,TA/TO,0,0,0,E,E,0,No Deposit,240.0,0,Transient,131.5,1,2
Resort Hotel,0,33,2015,August,36,31,1,3,2,0.0,0,BB,PRT,Direct,Direct,0,0,0,G,G,0,No Deposit,,0,Transient,167.25,1,0
Resort Hotel,0,52,2015,August,35,29,2,5,2,0.0,0,BB,GBR,Offline TA/TO,TA/TO,0,0,0,A,A,0,No Deposit,142.0,0,Transient,98.29,0,0
Resort Hotel,0,185,2015,August,35,29,2,5,2,0.0,0,HB,FRA,Offline TA/TO,TA/TO,0,0,0,A,A,0,No Deposit,29.0,0,Transient,82.35,0,0
Resort Hotel,0,101,2015,August,35,29,2,5,2,0.0,0,BB,PRT,Direct,Direct,0,0,0,E,E,2,No Deposit,250.0,0,Transient,135.14,0,1
Resort Hotel,0,36,2015,August,34,22,4,10,2,0.0,0,HB,FRA,Online TA,TA/TO,0,0,0,F,E,0,No Deposit,241.0,0,Transient,187.33,0,1
Resort Hotel,0,68,2015,August,36,30,2,4,2,0.0,0,BB,PRT,Direct,Direct,0,0,0,D,D,0,No Deposit,250.0,0,Transient,115.0,1,1
Resort Hotel,0,68,2015,August,36,30,2,4,2,0.0,0,BB,PRT,Direct,Direct,0,0,0,D,D,0,No Deposit,250.0,0,Transient,115.0,0,1
Resort Hotel,0,232,2015,August,34,22,4,10,2,0.0,0,BB,IRL,Offline TA/TO,TA/TO,0,0,0,D,D,0,No Deposit,156.0,0,Contract,67.58,0,1
Resort Hotel,0,55,2015,September,36,1,0,4,2,0.0,0,BB,ESP,Online TA,TA/TO,0,0,0,A,A,0,No Deposit,240.0,0,Transient,103.05,1,1
Resort Hotel,0,71,2015,August,36,30,2,4,2,0.0,0,HB,PRT,Direct,Direct,0,0,0,E,E,0,No Deposit,250.0,0,Transient,157.67,1,0
Resort Hotel,0,199,2015,September,36,3,0,3,2,0.0,0,BB,AUT,Online TA,TA/TO,0,0,0,D,D,0,No Deposit,240.0,0,Transient-Party,141.0,1,2
Resort Hotel,0,199,2015,September,36,3,0,3,2,0.0,0,BB,AUT,Online TA,TA/TO,0,0,0,D,D,0,No Deposit,240.0,0,Transient-Party,141.0,0,2
Resort Hotel,0,154,2015,September,36,3,0,3,2,0.0,0,BB,ITA,Corporate,Direct,0,0,0,A,A,0,No Deposit,,0,Transient-Party,88.2,0,0
Resort Hotel,0,289,2015,September,36,3,0,3,2,0.0,0,BB,IRL,Online TA,TA/TO,0,0,0,A,A,0,No Deposit,240.0,0,Transient-Party,123.0,0,0
Resort Hotel,0,205,2015,September,36,4,0,2,2,0.0,0,BB,PRT,Direct,Direct,0,0,0,A,C,1,No Deposit,,0,Transient-Party,74.5,0,1
Resort Hotel,0,154,2015,September,36,3,0,3,2,0.0,0,BB,ESP,Corporate,Direct,0,0,0,A,A,0,No Deposit,,0,Transient-Party,88.2,0,0
Resort Hotel,0,208,2015,September,36,1,0,5,2,0.0,0,BB,LUX,Offline TA/TO,TA/TO,0,0,0,A,A,0,No Deposit,5.0,0,Transient,58.95,1,0
Resort Hotel,0,25,2015,September,36,4,0,2,2,0.0,0,BB,PRT,Online TA,TA/TO,0,0,0,D,D,0,No Deposit,240.0,0,Transient,146.0,0,1
Resort Hotel,0,70,2015,August,36,31,1,5,2,0.0,0,BB,PRT,Online TA,TA/TO,0,0,0,E,E,0,No Deposit,240.0,0,Transient,124.0,0,0
Resort Hotel,0,29,2015,September,36,5,0,1,2,0.0,0,BB,PRT,Online TA,TA/TO,0,0,0,D,H,0,No Deposit,240.0,0,Transient,146.0,0,1
Resort Hotel,0,59,2015,August,36,30,2,5,2,0.0,0,BB,PRT,Online TA,TA/TO,0,0,0,D,D,0,No Deposit,240.0,0,Transient,138.86,0,1
Resort Hotel,0,199,2015,September,36,3,0,3,2,0.0,0,BB,DEU,Online TA,TA/TO,0,0,0,D,D,0,No Deposit,240.0,0,Transient-Party,141.0,0,2
Resort Hotel,0,67,2015,September,36,5,0,1,2,0.0,0,BB,PRT,Online TA,TA/TO,0,0,0,D,D,0,No Deposit,240.0,0,Transient,113.0,1,1
Resort Hotel,0,0,2015,September,36,5,0,1,2,0.0,0,BB,FRA,Direct,Direct,0,0,0,A,G,0,No Deposit,,0,Transient,172.0,1,0
Resort Hotel,1,222,2015,September,37,6,4,6,2,0.0,0,BB,PRT,Online TA,TA/TO,0,0,0,A,A,0,No Deposit,240.0,0,Transient,110.7,0,1
Resort Hotel,0,297,2015,September,36,3,1,3,2,0.0,0,BB,IRL,Direct,TA/TO,0,0,0,A,A,0,No Deposit,240.0,0,Transient-Party,123.0,0,2
Resort Hotel,0,297,2015,September,36,3,1,3,2,0.0,0,BB,IRL,Direct,TA/TO,0,0,0,A,A,0,No Deposit,240.0,0,Transient-Party,123.0,0,2
Resort Hotel,0,189,2015,August,36,31,2,5,2,0.0,0,HB,GBR,Offline TA/TO,TA/TO,0,0,0,E,E,0,No Deposit,40.0,0,Transient,104.98,0,0
Resort Hotel,0,288,2015,September,36,2,1,4,2,0.0,0,BB,CZE,Online TA,TA/TO,0,0,0,D,D,2,No Deposit,240.0,0,Transient-Party,141.0,0,0
Resort Hotel,0,288,2015,September,36,2,1,4,2,0.0,0,BB,PRT,Online TA,TA/TO,0,0,0,A,A,2,No Deposit,240.0,0,Transient-Party,110.7,0,0
Resort Hotel,0,288,2015,September,36,2,1,4,2,0.0,0,BB,CZE,Online TA,TA/TO,0,0,0,A,A,2,No Deposit,240.0,0,Transient-Party,110.7,0,0
Resort Hotel,0,288,2015,September,36,2,1,4,2,0.0,0,BB,CZE,Online TA,TA/TO,0,0,0,D,D,2,No Deposit,240.0,0,Transient-Party,141.0,0,0
Resort Hotel,0,288,2015,September,36,2,1,4,2,0.0,0,BB,CZE,Online TA,TA/TO,0,0,0,A,A,2,No Deposit,240.0,0,Transient-Party,110.7,0,0
Resort Hotel,0,136,2015,August,35,29,3,6,2,0.0,0,BB,PRT,Direct,Direct,0,0,0,G,G,1,No Deposit,,0,Transient,171.06,0,2
Resort Hotel,0,289,2015,September,36,3,1,3,2,0.0,0,BB,PRT,Online TA,TA/TO,0,0,0,A,A,3,No Deposit,240.0,0,Transient-Party,110.7,0,0
Resort Hotel,0,288,2015,September,36,2,1,4,2,0.0,0,BB,CZE,Online TA,TA/TO,0,0,0,A,A,2,No Deposit,240.0,0,Transient-Party,110.7,0,0
Resort Hotel,0,288,2015,September,36,2,1,4,2,0.0,0,BB,BEL,Online TA,TA/TO,0,0,0,A,A,2,No Deposit,240.0,0,Transient-Party,110.7,0,0
Resort Hotel,0,0,2015,September,37,6,1,0,2,0.0,0,BB,DEU,Online TA,TA/TO,0,0,0,A,C,1,No Deposit,,0,Transient,0.0,0,2
Resort Hotel,0,0,2015,September,37,6,1,0,2,0.0,0,BB,ESP,Direct,Direct,0,0,0,A,C,0,No Deposit,,0,Transient,131.0,1,0
Resort Hotel,1,250,2015,September,37,9,2,5,2,0.0,0,BB,PRT,Online TA,TA/TO,0,1,0,A,A,0,No Deposit,240.0,0,Transient,123.0,0,0
Resort Hotel,0,99,2015,September,36,1,2,5,2,0.0,0,BB,FRA,Online TA,TA/TO,0,0,0,E,E,0,No Deposit,240.0,0,Transient,120.71,0,0
Resort Hotel,0,199,2015,August,35,28,4,7,2,0.0,0,BB,GBR,Offline TA/TO,TA/TO,0,0,0,E,E,0,No Deposit,115.0,0,Contract,87.75,0,1
Resort Hotel,0,242,2015,September,36,1,2,5,2,0.0,0,BB,GBR,Online TA,TA/TO,0,0,0,E,E,0,No Deposit,240.0,0,Transient-Party,160.0,1,2
Resort Hotel,0,242,2015,September,36,1,2,5,2,0.0,0,BB,GBR,Online TA,TA/TO,0,0,0,E,E,0,No Deposit,240.0,0,Transient-Party,154.0,0,2
Resort Hotel,0,225,2015,September,36,3,2,3,2,0.0,0,HB,PRT,Online TA,TA/TO,0,0,0,E,E,1,No Deposit,240.0,0,Transient,152.0,0,2
Resort Hotel,1,240,2015,November,45,6,2,6,2,0.0,0,HB,PRT,Online TA,TA/TO,0,1,0,A,A,0,No Deposit,240.0,0,Transient,59.4,0,1
Resort Hotel,1,240,2015,November,45,6,2,6,2,0.0,0,HB,PRT,Online TA,TA/TO,0,1,0,A,A,0,No Deposit,240.0,0,Transient,59.4,0,1
Resort Hotel,1,240,2015,November,45,6,2,6,2,0.0,0,HB,PRT,Online TA,TA/TO,0,1,0,A,A,0,No Deposit,240.0,0,Transient,59.4,0,1
Resort Hotel,1,240,2015,November,45,6,2,6,2,0.0,0,HB,PRT,Online TA,TA/TO,0,1,0,A,A,0,No Deposit,240.0,0,Transient,59.4,0,1
Resort Hotel,1,240,2015,November,45,6,2,6,2,0.0,0,HB,PRT,Online TA,TA/TO,0,1,0,A,A,0,No Deposit,240.0,0,Transient,59.4,0,1
Resort Hotel,0,218,2015,September,36,1,2,5,2,0.0,0,BB,PRT,Offline TA/TO,TA/TO,0,0,0,A,A,0,No Deposit,6.0,0,Transient,58.95,0,1
Resort Hotel,0,218,2015,September,36,1,2,5,2,0.0,0,BB,PRT,Offline TA/TO,TA/TO,0,0,0,A,A,0,No Deposit,6.0,0,Transient,58.95,0,1
Resort Hotel,0,202,2015,September,36,1,2,5,2,0.0,0,HB,IRL,Offline TA/TO,TA/TO,0,0,0,A,A,0,No Deposit,156.0,0,Contract,77.78,0,1
Resort Hotel,0,205,2015,September,36,3,2,3,2,0.0,0,BB,IRL,Offline TA/TO,TA/TO,0,0,0,A,A,0,No Deposit,142.0,0,Contract,58.95,0,1
Resort Hotel,0,167,2015,September,36,1,2,5,2,0.0,0,BB,PRT,Direct,Direct,0,0,0,A,A,0,No Deposit,,0,Transient,73.8,0,0
Resort Hotel,0,244,2015,September,36,2,2,5,2,0.0,0,BB,IRL,Groups,TA/TO,0,0,0,A,A,0,No Deposit,96.0,0,Transient-Party,57.0,0,0
Resort Hotel,0,215,2015,August,36,31,3,6,2,0.0,0,BB,GBR,Offline TA/TO,TA/TO,0,0,0,D,D,0,No Deposit,156.0,0,Contract,67.58,0,1
Resort Hotel,0,244,2015,September,36,2,2,5,2,0.0,0,BB,IRL,Groups,TA/TO,0,0,0,A,A,0,No Deposit,96.0,0,Transient-Party,57.0,0,0
Resort Hotel,0,244,2015,September,36,2,2,5,2,0.0,0,BB,IRL,Groups,TA/TO,0,0,0,A,A,0,No Deposit,96.0,0,Transient-Party,57.0,0,0
Resort Hotel,0,244,2015,September,36,2,2,5,2,0.0,0,BB,IRL,Groups,TA/TO,0,0,0,A,A,0,No Deposit,96.0,0,Transient-Party,57.0,0,0
Resort Hotel,0,0,2015,September,37,7,1,1,2,0.0,0,BB,PRT,Direct,Direct,0,0,0,A,C,0,No Deposit,,0,Transient,131.0,1,0
Resort Hotel,0,208,2015,September,36,1,2,6,2,0.0,0,BB,PRT,Online TA,TA/TO,0,0,0,A,A,0,No Deposit,240.0,0,Transient,123.0,0,1
Resort Hotel,0,160,2017,July,28,9,4,5,2,0.0,0,BB,PRT,Online TA,TA/TO,1,0,1,A,A,0,No Deposit,240.0,0,Transient,146.67,1,1
Resort Hotel,0,243,2015,September,36,2,2,5,2,0.0,0,HB,DEU,Offline TA/TO,TA/TO,0,0,0,A,A,0,No Deposit,69.0,0,Contract,77.78,0,0
Resort Hotel,0,244,2015,September,36,2,2,5,2,0.0,0,BB,IRL,Groups,TA/TO,0,0,0,A,A,0,No Deposit,96.0,0,Transient-Party,57.0,0,0
Resort Hotel,0,244,2015,September,36,2,2,5,2,0.0,0,BB,IRL,Groups,TA/TO,0,0,0,A,A,0,No Deposit,96.0,0,Transient-Party,57.0,0,0
Resort Hotel,0,244,2015,September,36,2,2,5,2,0.0,0,BB,IRL,Groups,TA/TO,0,0,0,A,A,0,No Deposit,96.0,0,Transient-Party,57.0,0,0
Resort Hotel,0,183,2015,September,36,1,2,6,2,0.0,0,BB,PRT,Online TA,TA/TO,0,0,0,A,A,0,No Deposit,240.0,0,Transient,123.0,0,1
Resort Hotel,0,66,2015,August,35,29,4,7,2,0.0,0,HB,PRT,Direct,Direct,0,0,0,A,A,0,No Deposit,,0,Transient,129.58,0,0
Resort Hotel,0,183,2015,September,36,1,2,6,2,0.0,0,BB,PRT,Online TA,TA/TO,0,0,0,A,A,0,No Deposit,240.0,0,Transient,123.0,0,1
Resort Hotel,0,244,2015,September,36,2,2,5,2,0.0,0,BB,IRL,Groups,TA/TO,0,0,0,A,A,0,No Deposit,96.0,0,Transient-Party,57.0,0,0
Resort Hotel,0,244,2015,September,36,2,2,5,2,0.0,0,BB,IRL,Groups,TA/TO,0,0,0,A,A,0,No Deposit,96.0,0,Transient-Party,57.0,0,0
Resort Hotel,0,244,2015,September,36,2,2,5,2,0.0,0,BB,IRL,Groups,TA/TO,0,0,0,A,A,0,No Deposit,96.0,0,Transient,57.0,0,0
Resort Hotel,0,47,2016,September,36,3,2,5,2,0.0,0,BB,PRT,Direct,TA/TO,1,0,1,F,F,0,No Deposit,,0,Transient,186.6,1,0
Resort Hotel,0,23,2017,June,24,15,0,3,2,0.0,0,BB,PRT,Direct,TA/TO,1,0,2,D,D,0,No Deposit,,0,Transient,162.0,1,1
Resort Hotel,0,14,2015,September,37,7,1,1,2,0.0,0,BB,PRT,Online TA,TA/TO,0,0,0,F,F,0,No Deposit,241.0,0,Transient,157.82,1,1
Resort Hotel,0,158,2015,September,37,8,0,1,2,0.0,0,BB,DEU,Offline TA/TO,TA/TO,0,0,0,A,A,1,No Deposit,251.0,0,Transient,68.5,0,0
Resort Hotel,0,29,2015,September,36,4,2,3,2,0.0,0,BB,PRT,Direct,Direct,0,0,0,D,D,0,No Deposit,,0,Transient,123.0,1,0
Resort Hotel,0,52,2016,April,17,22,2,2,2,0.0,0,BB,PRT,Direct,Direct,1,0,1,G,G,0,No Deposit,,0,Transient,124.25,1,1
Resort Hotel,0,206,2015,September,36,5,2,3,2,0.0,0,BB,IRL,Offline TA/TO,TA/TO,0,0,0,A,A,0,No Deposit,171.0,0,Transient,58.95,0,0
Resort Hotel,0,199,2015,September,37,6,2,2,2,0.0,0,BB,CN,Offline TA/TO,TA/TO,0,0,0,D,D,0,No Deposit,96.0,0,Transient,71.55,0,2
Resort Hotel,0,286,2015,August,36,31,3,7,2,0.0,0,BB,GBR,Offline TA/TO,TA/TO,0,0,0,A,A,0,No Deposit,40.0,0,Contract,55.68,0,0
Resort Hotel,0,266,2016,June,25,13,3,7,2,0.0,0,BB,GBR,Offline TA/TO,TA/TO,1,0,1,A,A,1,No Deposit,40.0,0,Contract,53.85,0,0
Resort Hotel,0,199,2015,September,37,6,2,2,2,0.0,0,BB,CN,Offline TA/TO,TA/TO,0,0,0,D,D,0,No Deposit,96.0,0,Transient,71.55,0,1
Resort Hotel,0,153,2015,September,36,3,2,5,2,0.0,0,BB,GBR,Offline TA/TO,TA/TO,0,0,0,D,E,0,No Deposit,243.0,0,Contract,77.58,0,0
Resort Hotel,0,34,2015,August,35,27,4,10,2,0.0,0,HB,BEL,Direct,Direct,0,0,0,D,D,1,No Deposit,,0,Transient,150.86,0,2
Resort Hotel,0,25,2015,September,37,7,1,2,2,0.0,0,BB,ARG,Offline TA/TO,TA/TO,0,0,0,A,C,0,No Deposit,142.0,0,Transient,104.8,0,1
Resort Hotel,0,89,2015,September,37,8,0,2,2,0.0,0,BB,USA,Online TA,TA/TO,0,0,0,D,E,0,No Deposit,240.0,0,Transient,97.0,0,1
Resort Hotel,0,242,2015,September,36,1,2,7,2,0.0,0,BB,PRT,Offline TA/TO,TA/TO,0,0,0,A,A,0,No Deposit,142.0,0,Contract,58.95,0,0
Resort Hotel,0,242,2015,September,36,1,2,7,2,0.0,0,BB,IRL,Offline TA/TO,TA/TO,0,0,0,A,A,0,No Deposit,142.0,0,Contract,58.95,0,0
Resort Hotel,0,1,2015,September,37,7,1,2,2,0.0,0,BB,AUT,Direct,Direct,0,0,0,A,A,0,No Deposit,,0,Transient,131.0,0,0
Resort Hotel,0,194,2015,September,36,1,2,8,2,0.0,0,BB,IRL,Offline TA/TO,TA/TO,0,0,0,D,D,0,No Deposit,142.0,0,Contract,71.55,0,0
Resort Hotel,0,216,2015,August,36,30,4,8,2,0.0,0,BB,GBR,Offline TA/TO,TA/TO,0,0,0,D,D,0,No Deposit,40.0,0,Contract,67.58,0,1
Resort Hotel,0,352,2015,August,36,31,3,8,2,0.0,0,BB,GBR,Offline TA/TO,TA/TO,0,0,0,D,D,1,No Deposit,40.0,0,Contract,67.58,0,0
Resort Hotel,0,35,2015,September,37,7,1,3,2,0.0,0,HB,PRT,Online TA,TA/TO,0,0,0,E,E,0,No Deposit,240.0,0,Transient,198.0,0,3
Resort Hotel,0,27,2015,September,37,7,1,3,2,0.0,0,BB,PRT,Direct,Direct,0,0,0,A,C,0,No Deposit,250.0,0,Transient,122.75,0,0
Resort Hotel,0,160,2015,September,37,7,1,3,2,0.0,0,BB,PRT,Online TA,TA/TO,0,0,0,D,D,0,No Deposit,240.0,0,Transient,106.5,1,1
Resort Hotel,0,117,2015,September,37,7,1,3,2,0.0,0,HB,PRT,Online TA,TA/TO,0,0,0,A,A,0,No Deposit,240.0,0,Transient,122.0,0,3
Resort Hotel,0,37,2015,September,37,7,1,3,2,0.0,0,HB,ESP,Online TA,TA/TO,0,0,0,E,F,0,No Deposit,240.0,0,Transient,186.0,1,2
Resort Hotel,0,10,2016,January,4,21,1,3,2,0.0,0,BB,IRL,Online TA,TA/TO,1,0,1,A,G,0,No Deposit,8.0,0,Transient,59.1,1,1
Resort Hotel,0,218,2015,September,36,1,2,8,2,0.0,0,HB,GBR,Offline TA/TO,TA/TO,0,0,0,A,A,0,No Deposit,26.0,0,Contract,80.33,0,0
Resort Hotel,0,48,2015,September,37,6,2,3,2,0.0,0,BB,BRA,Direct,Direct,0,0,0,D,D,0,No Deposit,,0,Transient,113.0,1,0
Resort Hotel,1,258,2015,September,38,17,0,2,2,0.0,0,HB,PRT,Groups,TA/TO,0,1,0,A,A,0,No Deposit,245.0,0,Transient-Party,87.0,0,0
Resort Hotel,1,221,2015,October,41,10,1,1,2,0.0,0,HB,PRT,Offline TA/TO,TA/TO,0,1,0,A,A,0,No Deposit,208.0,0,Transient,34.0,0,0
Resort Hotel,1,221,2015,October,41,10,1,1,2,0.0,0,HB,PRT,Offline TA/TO,TA/TO,0,1,0,A,A,0,No Deposit,208.0,0,Transient,34.0,0,0
Resort Hotel,1,221,2015,October,41,10,1,1,2,0.0,0,HB,PRT,Offline TA/TO,TA/TO,0,1,0,A,A,0,No Deposit,208.0,0,Transient,34.0,0,0
Resort Hotel,1,221,2015,October,41,10,1,1,2,0.0,0,HB,PRT,Offline TA/TO,TA/TO,0,1,0,A,A,0,No Deposit,208.0,0,Transient,34.0,0,0
Resort Hotel,1,221,2015,October,41,10,1,1,2,0.0,0,HB,PRT,Offline TA/TO,TA/TO,0,1,0,A,A,0,No Deposit,208.0,0,Transient,34.0,0,0
Resort Hotel,1,221,2015,October,41,10,1,1,2,0.0,0,HB,PRT,Offline TA/TO,TA/TO,0,1,0,A,A,0,No Deposit,208.0,0,Transient,34.0,0,0
Resort Hotel,1,221,2015,October,41,10,1,1,2,0.0,0,HB,PRT,Offline TA/TO,TA/TO,0,1,0,A,A,0,No Deposit,208.0,0,Transient,34.0,0,0
Resort Hotel,0,246,2015,September,36,5,2,5,2,0.0,0,BB,SWE,Offline TA/TO,TA/TO,0,0,0,A,A,0,No Deposit,96.0,0,Transient-Party,58.95,0,1
Resort Hotel,0,239,2015,August,35,29,4,10,2,0.0,0,HB,GBR,Offline TA/TO,TA/TO,0,0,0,A,A,0,No Deposit,143.0,0,Contract,77.78,0,1
Resort Hotel,0,32,2015,September,37,6,2,4,2,0.0,0,BB,IRL,Online TA,TA/TO,0,0,0,A,A,0,No Deposit,241.0,0,Transient,100.87,0,1
Resort Hotel,0,1,2015,September,37,11,0,1,2,0.0,0,BB,PRT,Direct,Direct,0,0,0,A,C,0,No Deposit,,0,Transient,131.0,0,0
Resort Hotel,0,52,2015,September,37,6,2,4,2,0.0,0,BB,ESP,Offline TA/TO,TA/TO,0,0,0,E,F,1,No Deposit,149.0,0,Transient,97.5,0,0
Resort Hotel,0,32,2015,September,37,7,1,4,2,0.0,0,HB,PRT,Online TA,TA/TO,0,0,0,E,E,1,No Deposit,240.0,0,Transient,179.4,0,2
Resort Hotel,0,22,2016,August,34,20,2,5,2,0.0,0,FB,PRT,Direct,Direct,1,0,1,D,D,0,No Deposit,,0,Transient-Party,259.0,0,2
Resort Hotel,0,5,2015,September,37,7,1,4,2,0.0,0,HB,ESP,Online TA,TA/TO,0,0,0,A,A,0,No Deposit,240.0,0,Transient,161.0,0,0
Resort Hotel,0,32,2015,September,37,9,0,3,2,0.0,0,BB,ESP,Online TA,TA/TO,0,0,0,A,A,0,No Deposit,240.0,0,Transient,120.0,1,0
Resort Hotel,0,94,2015,September,37,10,0,2,2,0.0,0,BB,PRT,Online TA,TA/TO,0,0,0,A,A,0,No Deposit,240.0,0,Transient,90.0,0,0
Resort Hotel,0,52,2015,September,37,8,0,4,2,0.0,0,BB,PRT,Offline TA/TO,TA/TO,0,0,0,D,D,0,No Deposit,8.0,0,Contract,79.5,0,1
Resort Hotel,0,37,2015,September,37,9,0,3,2,0.0,0,BB,ESP,Offline TA/TO,TA/TO,0,0,0,E,E,0,No Deposit,8.0,0,Contract,97.5,0,0
Resort Hotel,0,194,2015,September,37,7,1,4,2,0.0,0,BB,ESP,Direct,Direct,0,0,0,E,F,1,No Deposit,,0,Transient-Party,96.3,0,2
Resort Hotel,0,31,2015,September,37,6,2,4,2,0.0,0,HB,ESP,Online TA,TA/TO,0,0,0,A,A,0,No Deposit,240.0,0,Transient,155.5,0,2
Resort Hotel,0,205,2015,September,36,3,2,8,2,0.0,0,HB,DEU,Offline TA/TO,TA/TO,0,0,0,A,A,0,No Deposit,171.0,0,Transient,82.35,0,0
Resort Hotel,0,178,2015,September,37,12,0,1,2,0.0,0,BB,SWE,Offline TA/TO,TA/TO,0,0,0,A,A,0,No Deposit,251.0,0,Transient,61.65,0,0
Resort Hotel,0,178,2015,September,37,12,0,1,2,0.0,0,BB,SWE,Offline TA/TO,TA/TO,0,0,0,A,C,0,No Deposit,251.0,0,Transient,61.65,0,0
Resort Hotel,0,178,2015,September,37,12,0,1,2,0.0,0,BB,SWE,Offline TA/TO,TA/TO,0,0,0,A,A,0,No Deposit,251.0,0,Transient,61.65,0,0
Resort Hotel,0,2,2015,September,37,10,0,3,2,0.0,0,BB,PRT,Direct,Direct,0,0,0,A,C,0,No Deposit,,0,Transient,131.0,0,0
Resort Hotel,0,51,2015,August,36,31,3,10,2,0.0,0,BB,PRT,Direct,Direct,0,0,0,F,F,0,No Deposit,250.0,0,Transient,135.31,0,0
Resort Hotel,0,36,2015,September,37,10,0,3,2,0.0,0,BB,ESP,Online TA,TA/TO,0,0,0,A,C,0,No Deposit,240.0,0,Transient,120.0,1,1
Resort Hotel,0,128,2015,September,37,6,2,5,2,0.0,0,BB,IRL,Offline TA/TO,TA/TO,0,0,0,E,E,0,No Deposit,95.0,0,Transient,97.5,0,0
Resort Hotel,0,69,2015,September,37,10,0,3,2,0.0,0,BB,ESP,Offline TA/TO,TA/TO,0,0,0,E,E,0,No Deposit,8.0,0,Transient,97.5,1,0
Resort Hotel,0,178,2015,September,37,12,0,1,2,0.0,0,BB,SWE,Offline TA/TO,TA/TO,0,0,0,A,F,0,No Deposit,251.0,0,Transient,61.65,0,0
Resort Hotel,0,117,2015,September,37,6,2,5,2,0.0,0,HB,PRT,Offline TA/TO,TA/TO,0,0,0,A,A,0,No Deposit,152.0,0,Transient,91.5,0,0
Resort Hotel,0,53,2015,September,37,8,1,5,2,0.0,0,BB,FRA,Direct,Direct,0,0,0,E,E,1,No Deposit,250.0,0,Transient,123.0,0,1
Resort Hotel,0,246,2015,September,37,7,2,5,2,0.0,0,BB,GBR,Offline TA/TO,TA/TO,0,0,0,A,A,0,No Deposit,147.0,0,Transient,60.51,0,0
Resort Hotel,0,1,2015,September,37,11,1,2,2,0.0,0,BB,GBR,Online TA,TA/TO,0,0,0,A,D,0,No Deposit,241.0,0,Transient,92.4,0,0
Resort Hotel,0,167,2015,September,37,7,2,5,2,0.0,0,HB,NLD,Offline TA/TO,TA/TO,0,0,0,E,E,0,No Deposit,71.0,0,Transient,111.15,0,0
Resort Hotel,0,65,2015,September,37,7,2,5,2,0.0,0,HB,ESP,Online TA,TA/TO,0,0,0,E,E,0,No Deposit,240.0,0,Transient,186.0,1,2
Resort Hotel,0,113,2015,September,37,10,1,3,2,0.0,0,BB,PRT,Online TA,TA/TO,0,0,0,F,G,0,No Deposit,241.0,0,Transient,94.37,0,2
Resort Hotel,0,113,2015,September,37,10,1,3,2,0.0,0,BB,PRT,Online TA,TA/TO,0,0,0,F,G,0,No Deposit,241.0,0,Transient,94.37,0,2
Resort Hotel,0,111,2015,September,37,10,1,3,2,0.0,0,BB,PRT,Offline TA/TO,TA/TO,0,0,0,F,F,0,No Deposit,301.0,0,Transient,109.65,0,0
Resort Hotel,0,113,2015,September,37,10,1,3,2,0.0,0,BB,PRT,Online TA,TA/TO,0,0,0,F,G,0,No Deposit,241.0,0,Transient,94.37,0,2
Resort Hotel,0,334,2015,September,37,7,2,5,2,0.0,0,HB,ESP,Direct,TA/TO,0,0,0,A,A,0,No Deposit,240.0,0,Transient,112.0,0,1
Resort Hotel,0,333,2015,September,37,7,2,5,2,0.0,0,HB,ESP,Direct,TA/TO,0,0,0,D,D,0,No Deposit,240.0,0,Transient,129.0,0,1
Resort Hotel,0,0,2015,September,37,11,1,2,2,0.0,0,BB,PRT,Online TA,TA/TO,0,0,0,A,C,0,No Deposit,241.0,0,Transient,106.06,0,0
Resort Hotel,0,16,2015,September,37,9,1,4,2,0.0,0,HB,NLD,Online TA,TA/TO,0,0,0,A,A,0,No Deposit,241.0,0,Transient,112.88,0,1
Resort Hotel,0,25,2015,September,37,11,1,2,2,0.0,0,HB,NLD,Online TA,TA/TO,0,0,0,A,A,0,No Deposit,242.0,0,Transient,135.67,0,1
Resort Hotel,0,199,2015,September,37,11,1,2,2,0.0,0,BB,GBR,Online TA,TA/TO,0,0,0,E,E,0,No Deposit,240.0,0,Transient,154.0,0,1
Resort Hotel,0,199,2015,September,37,11,1,2,2,0.0,0,BB,GBR,Online TA,TA/TO,0,0,0,E,E,0,No Deposit,240.0,0,Transient,154.0,0,1
Resort Hotel,0,199,2015,September,37,11,1,2,2,0.0,0,BB,GBR,Online TA,TA/TO,0,0,0,E,E,0,No Deposit,240.0,0,Transient,154.0,0,1
Resort Hotel,0,187,2015,September,37,8,1,5,2,0.0,0,BB,PRT,Direct,Direct,0,0,0,A,A,0,No Deposit,,0,Transient,69.7,1,0
Resort Hotel,0,252,2015,September,37,10,1,3,2,0.0,0,BB,IRL,Offline TA/TO,TA/TO,0,0,0,A,A,0,No Deposit,156.0,0,Contract,55.68,0,2
Resort Hotel,0,194,2015,September,37,7,2,5,2,0.0,0,SC,PRT,Direct,Direct,0,0,0,E,I,2,No Deposit,,0,Transient-Party,8.43,0,2
Resort Hotel,0,26,2015,September,36,1,4,10,2,0.0,0,BB,PRT,Direct,Direct,0,0,0,A,A,1,No Deposit,,0,Transient,113.0,1,1
Resort Hotel,0,146,2015,September,37,8,2,5,2,0.0,0,BB,IRL,Offline TA/TO,TA/TO,0,0,0,A,A,0,No Deposit,142.0,0,Contract,60.61,0,0
Resort Hotel,0,180,2015,September,36,1,4,10,2,0.0,0,BB,FRA,Offline TA/TO,TA/TO,0,0,0,D,D,0,No Deposit,242.0,0,Transient,131.4,0,1
Resort Hotel,0,214,2015,September,37,7,3,5,2,0.0,0,BB,GBR,Offline TA/TO,TA/TO,0,0,0,A,A,0,No Deposit,156.0,0,Contract,55.68,0,0
Resort Hotel,0,204,2015,September,37,8,2,5,2,0.0,0,BB,IRL,Offline TA/TO,TA/TO,0,0,0,A,A,0,No Deposit,156.0,0,Contract,55.68,0,0
Resort Hotel,0,222,2015,September,38,14,1,0,2,0.0,0,BB,DEU,Offline TA/TO,TA/TO,0,0,0,A,G,0,No Deposit,251.0,0,Transient,61.65,0,0
Resort Hotel,0,60,2015,September,37,8,2,5,2,0.0,0,BB,IRL,Online TA,TA/TO,0,0,0,D,E,0,No Deposit,240.0,0,Transient,146.0,0,1
Resort Hotel,0,180,2015,September,36,5,4,6,2,0.0,0,BB,GBR,Offline TA/TO,TA/TO,0,0,0,D,D,0,No Deposit,40.0,0,Contract,71.55,0,0
Resort Hotel,0,254,2015,September,37,12,2,2,2,0.0,0,BB,CN,Groups,TA/TO,0,0,0,A,D,1,No Deposit,15.0,0,Transient-Party,36.0,0,0
Resort Hotel,0,254,2015,September,37,12,2,2,2,0.0,0,BB,CN,Groups,TA/TO,0,0,0,A,A,1,No Deposit,15.0,0,Transient-Party,36.0,0,0
Resort Hotel,0,254,2015,September,37,12,2,2,2,0.0,0,BB,CN,Groups,TA/TO,0,0,0,A,A,1,No Deposit,15.0,0,Transient-Party,36.0,0,0
Resort Hotel,0,254,2015,September,37,12,2,2,2,0.0,0,BB,DEU,Groups,TA/TO,0,0,0,A,A,1,No Deposit,15.0,0,Transient-Party,36.0,0,0
Resort Hotel,0,254,2015,September,37,12,2,2,2,0.0,0,BB,CN,Groups,TA/TO,0,0,0,A,A,1,No Deposit,15.0,0,Transient-Party,36.0,0,0
Resort Hotel,0,254,2015,September,37,12,2,2,2,0.0,0,BB,CN,Groups,TA/TO,0,0,0,A,C,3,No Deposit,15.0,0,Transient-Party,36.0,0,0
Resort Hotel,0,254,2015,September,37,12,2,2,2,0.0,0,BB,CN,Groups,TA/TO,0,0,0,E,E,1,No Deposit,15.0,0,Transient-Party,89.96,0,0
Resort Hotel,0,254,2015,September,37,12,2,2,2,0.0,0,BB,CN,Groups,TA/TO,0,0,0,A,A,1,No Deposit,15.0,0,Transient-Party,36.0,0,0
Resort Hotel,0,254,2015,September,37,12,2,2,2,0.0,0,BB,CN,Groups,TA/TO,0,0,0,A,A,0,No Deposit,15.0,0,Transient-Party,0.0,0,0
Resort Hotel,0,254,2015,September,37,12,2,2,2,0.0,0,BB,CN,Groups,TA/TO,0,0,0,A,A,0,No Deposit,15.0,0,Transient-Party,36.0,0,0
Resort Hotel,0,254,2015,September,37,12,2,2,2,0.0,0,BB,CN,Groups,TA/TO,0,0,0,A,A,0,No Deposit,15.0,0,Transient-Party,36.0,0,0
Resort Hotel,0,254,2015,September,37,12,2,2,2,0.0,0,BB,CN,Groups,TA/TO,0,0,0,A,A,0,No Deposit,15.0,0,Transient-Party,36.0,0,0
Resort Hotel,0,254,2015,September,37,12,2,2,2,0.0,0,BB,CN,Groups,TA/TO,0,0,0,A,A,0,No Deposit,15.0,0,Transient-Party,36.0,0,0
Resort Hotel,0,254,2015,September,37,12,2,2,2,0.0,0,BB,CN,Groups,TA/TO,0,0,0,A,A,0,No Deposit,15.0,0,Transient-Party,36.0,0,0
Resort Hotel,0,254,2015,September,37,12,2,2,2,0.0,0,BB,CN,Groups,TA/TO,0,0,0,A,A,0,No Deposit,15.0,0,Transient-Party,36.0,0,0
Resort Hotel,0,254,2015,September,37,12,2,2,2,0.0,0,BB,FRA,Groups,TA/TO,0,0,0,A,A,0,No Deposit,15.0,0,Transient-Party,36.0,0,0
Resort Hotel,0,254,2015,September,37,12,2,2,2,0.0,0,BB,CN,Groups,TA/TO,0,0,0,A,C,0,No Deposit,15.0,0,Transient-Party,36.0,0,0
Resort Hotel,0,254,2015,September,37,12,2,2,2,0.0,0,BB,CN,Groups,TA/TO,0,0,0,A,C,0,No Deposit,15.0,0,Transient-Party,36.0,0,0
Resort Hotel,0,254,2015,September,37,12,2,2,2,0.0,0,BB,CN,Groups,TA/TO,0,0,0,A,C,0,No Deposit,15.0,0,Transient-Party,36.0,0,0
Resort Hotel,0,254,2015,September,37,12,2,2,2,0.0,0,BB,CN,Groups,TA/TO,0,0,0,A,C,0,No Deposit,15.0,0,Transient-Party,36.0,0,0
Resort Hotel,0,254,2015,September,37,12,2,2,2,0.0,0,BB,CN,Groups,TA/TO,0,0,0,A,A,0,No Deposit,15.0,0,Transient-Party,36.0,0,0
Resort Hotel,0,99,2015,September,37,9,2,5,2,0.0,0,BB,GBR,Offline TA/TO,TA/TO,0,0,0,E,F,0,No Deposit,156.0,0,Transient,92.63,0,4
Resort Hotel,0,118,2015,September,37,9,2,5,2,0.0,0,BB,GBR,Offline TA/TO,TA/TO,0,0,0,A,A,0,No Deposit,115.0,0,Contract,59.0,0,1
Resort Hotel,0,222,2015,September,38,14,1,1,2,0.0,0,HB,FRA,Groups,TA/TO,0,0,0,A,E,0,No Deposit,68.0,0,Transient-Party,80.0,0,0
Resort Hotel,0,222,2015,September,38,14,1,1,2,0.0,0,HB,ESP,Groups,TA/TO,0,0,0,A,F,0,No Deposit,68.0,0,Transient-Party,80.0,0,0
Resort Hotel,0,222,2015,September,38,14,1,1,2,0.0,0,HB,FRA,Groups,TA/TO,0,0,0,A,D,0,No Deposit,68.0,0,Transient-Party,80.0,0,0
Resort Hotel,0,222,2015,September,38,14,1,1,2,0.0,0,HB,FRA,Groups,TA/TO,0,0,0,A,D,0,No Deposit,68.0,0,Transient-Party,80.0,0,0
Resort Hotel,0,222,2015,September,38,14,1,1,2,0.0,0,HB,ESP,Groups,TA/TO,0,0,0,A,F,0,No Deposit,68.0,0,Transient-Party,80.0,0,0
Resort Hotel,0,222,2015,September,38,14,1,1,2,0.0,0,HB,ESP,Groups,TA/TO,0,0,0,A,A,0,No Deposit,68.0,0,Transient-Party,80.0,0,0
Resort Hotel,0,222,2015,September,38,14,1,1,2,0.0,0,HB,FRA,Groups,TA/TO,0,0,0,A,H,0,No Deposit,68.0,0,Transient-Party,80.0,0,0
Resort Hotel,0,222,2015,September,38,14,1,1,2,0.0,0,HB,ESP,Groups,TA/TO,0,0,0,A,E,0,No Deposit,68.0,0,Transient-Party,80.0,0,0
Resort Hotel,0,222,2015,September,38,14,1,1,2,0.0,0,HB,FRA,Groups,TA/TO,0,0,0,A,F,0,No Deposit,68.0,0,Transient-Party,80.0,0,0
Resort Hotel,0,222,2015,September,38,14,1,1,2,0.0,0,HB,FRA,Groups,TA/TO,0,0,0,A,E,0,No Deposit,68.0,0,Transient-Party,80.0,0,0
Resort Hotel,0,222,2015,September,38,14,1,1,2,0.0,0,HB,FRA,Groups,TA/TO,0,0,0,A,G,0,No Deposit,68.0,0,Transient-Party,80.0,0,0
Resort Hotel,0,222,2015,September,38,14,1,1,2,0.0,0,HB,FRA,Groups,TA/TO,0,0,0,A,A,0,No Deposit,68.0,0,Transient-Party,80.0,0,1
Resort Hotel,0,222,2015,September,38,14,1,1,2,0.0,0,HB,FRA,Groups,TA/TO,0,0,0,A,F,0,No Deposit,68.0,0,Transient-Party,80.0,0,0
Resort Hotel,0,222,2015,September,38,14,1,1,2,0.0,0,HB,ESP,Groups,TA/TO,0,0,0,A,A,0,No Deposit,68.0,0,Transient-Party,80.0,0,0
Resort Hotel,0,222,2015,September,38,14,1,1,2,0.0,0,HB,FRA,Groups,TA/TO,0,0,0,A,A,0,No Deposit,68.0,0,Transient-Party,80.0,0,0
Resort Hotel,0,222,2015,September,38,14,1,1,2,0.0,0,HB,ESP,Groups,TA/TO,0,0,0,A,F,0,No Deposit,68.0,0,Transient-Party,80.0,0,0
Resort Hotel,0,222,2015,September,38,14,1,1,2,0.0,0,HB,FRA,Groups,TA/TO,0,0,0,A,E,0,No Deposit,68.0,0,Transient,80.0,0,0
Resort Hotel,0,222,2015,September,38,14,1,1,2,0.0,0,HB,ESP,Groups,TA/TO,0,0,0,A,E,0,No Deposit,68.0,0,Transient,80.0,0,0
Resort Hotel,0,222,2015,September,38,14,1,1,2,0.0,0,HB,ESP,Groups,TA/TO,0,0,0,A,D,0,No Deposit,68.0,0,Transient,80.0,0,0
Resort Hotel,0,222,2015,September,38,14,1,1,2,0.0,0,HB,ESP,Groups,TA/TO,0,0,0,A,D,0,No Deposit,68.0,0,Transient,80.0,0,0
Resort Hotel,0,222,2015,September,38,14,1,1,2,0.0,0,HB,ESP,Groups,TA/TO,0,0,0,A,A,0,No Deposit,68.0,0,Transient,80.0,0,0
Resort Hotel,0,41,2015,September,38,15,0,1,2,0.0,0,BB,ROU,Online TA,TA/TO,0,0,0,A,A,2,No Deposit,240.0,0,Transient,89.0,0,2
Resort Hotel,0,55,2015,September,38,14,1,1,2,0.0,0,BB,IRL,Direct,Direct,0,0,0,A,G,0,No Deposit,,0,Transient,98.0,0,1
Resort Hotel,0,57,2015,September,38,16,2,8,2,0.0,0,BB,IRL,Direct,TA/TO,0,0,0,A,A,0,No Deposit,240.0,0,Transient,84.5,0,1
Resort Hotel,0,200,2015,September,37,7,3,7,2,0.0,0,BB,IRL,Offline TA/TO,TA/TO,0,0,0,A,A,0,No Deposit,156.0,0,Contract,50.15,0,1
Resort Hotel,0,89,2015,September,37,6,4,7,2,0.0,0,BB,PRT,Online TA,TA/TO,0,0,0,D,D,0,No Deposit,240.0,0,Transient,99.18,0,0
Resort Hotel,0,252,2015,September,37,10,2,5,2,0.0,0,BB,GBR,Offline TA/TO,TA/TO,0,0,0,D,D,0,No Deposit,40.0,0,Contract,62.48,0,1
Resort Hotel,0,217,2015,September,37,7,3,7,2,0.0,0,BB,GBR,Offline TA/TO,TA/TO,0,0,0,D,D,0,No Deposit,40.0,0,Contract,62.48,0,0
Resort Hotel,0,0,2016,January,4,20,0,1,2,0.0,0,BB,PRT,Online TA,TA/TO,1,0,3,D,D,0,No Deposit,240.0,0,Transient,48.0,0,1
Resort Hotel,0,0,2016,February,8,16,0,1,2,0.0,0,BB,PRT,Online TA,TA/TO,1,0,4,A,D,0,No Deposit,240.0,0,Transient,43.0,0,1
Resort Hotel,0,3,2016,May,21,20,1,2,2,0.0,0,BB,PRT,Online TA,TA/TO,1,0,6,A,A,0,No Deposit,240.0,0,Transient,89.0,0,2
Resort Hotel,0,1,2015,September,38,16,0,1,2,0.0,0,BB,PRT,Online TA,TA/TO,0,0,0,A,A,0,No Deposit,240.0,0,Transient,66.6,0,0
Resort Hotel,0,0,2016,March,10,2,0,1,2,0.0,0,BB,PRT,Online TA,TA/TO,1,0,1,A,A,1,No Deposit,240.0,0,Transient,48.0,0,0
Resort Hotel,0,0,2015,September,38,16,0,1,2,0.0,0,BB,PRT,Direct,Direct,0,0,0,A,A,0,No Deposit,,0,Transient,83.0,0,1
Resort Hotel,0,71,2015,September,37,6,4,7,2,0.0,0,HB,ESP,Online TA,TA/TO,0,0,0,E,E,0,No Deposit,240.0,0,Transient,150.82,1,1
Resort Hotel,0,0,2015,September,38,16,0,1,2,0.0,0,BB,BRA,Direct,Direct,0,0,0,G,G,0,No Deposit,,0,Transient,114.0,0,0
Resort Hotel,0,2,2015,September,38,16,0,1,2,0.0,0,BB,FRA,Online TA,TA/TO,0,0,0,E,E,0,No Deposit,240.0,0,Transient,99.0,0,2
Resort Hotel,0,0,2015,September,38,16,0,1,2,0.0,0,BB,AUS,Online TA,TA/TO,0,0,0,A,C,0,No Deposit,241.0,0,Transient,56.98,0,2
Resort Hotel,0,116,2015,September,37,12,2,3,2,0.0,0,BB,GBR,Online TA,TA/TO,0,0,0,A,B,0,No Deposit,147.0,0,Transient,54.84,0,0
Resort Hotel,0,6,2015,September,38,16,0,1,2,0.0,0,BB,PRT,Online TA,TA/TO,0,0,0,A,A,0,No Deposit,240.0,0,Transient,74.0,0,1
Resort Hotel,0,137,2015,September,37,7,3,7,2,0.0,0,HB,GBR,Offline TA/TO,TA/TO,0,0,0,D,D,0,No Deposit,2.0,0,Transient,89.55,0,0
Resort Hotel,0,205,2015,September,36,5,4,8,2,0.0,0,BB,IRL,Offline TA/TO,TA/TO,0,0,0,D,D,0,No Deposit,156.0,0,Contract,62.48,0,1
Resort Hotel,0,95,2015,September,37,7,3,7,2,0.0,0,HB,GBR,Offline TA/TO,TA/TO,0,0,0,D,D,0,No Deposit,142.0,0,Transient,110.64,0,0
Resort Hotel,0,226,2015,September,36,4,4,10,2,0.0,0,BB,NLD,Offline TA/TO,TA/TO,0,0,0,D,D,0,No Deposit,71.0,0,Contract,62.48,0,0
Resort Hotel,0,252,2015,September,37,11,2,5,2,0.0,0,BB,IRL,Offline TA/TO,TA/TO,0,0,0,A,A,0,No Deposit,8.0,0,Contract,53.1,0,1
Resort Hotel,0,246,2015,September,36,4,4,10,2,0.0,0,BB,GBR,Offline TA/TO,TA/TO,0,0,0,A,A,0,No Deposit,2.0,0,Contract,48.88,0,0
Resort Hotel,0,301,2015,September,37,6,4,8,2,0.0,0,HB,GBR,Offline TA/TO,TA/TO,0,0,0,E,E,0,No Deposit,40.0,0,Contract,107.82,0,2
Resort Hotel,0,97,2015,September,37,11,2,5,2,0.0,0,BB,GBR,Offline TA/TO,TA/TO,0,0,0,A,A,0,No Deposit,40.0,0,Transient,63.21,0,0
Resort Hotel,0,16,2015,September,38,16,0,2,2,0.0,0,BB,ESP,Online TA,TA/TO,0,0,0,A,A,0,No Deposit,240.0,0,Transient,89.0,1,1
Resort Hotel,0,211,2015,September,36,4,4,10,2,0.0,0,HB,DEU,Offline TA/TO,TA/TO,0,0,0,E,E,0,No Deposit,69.0,0,Contract,98.6,1,0
Resort Hotel,0,203,2015,September,37,11,2,5,2,0.0,0,BB,GBR,Offline TA/TO,TA/TO,0,0,0,D,D,0,No Deposit,156.0,0,Contract,62.48,0,0
Resort Hotel,0,0,2015,September,38,16,0,2,2,0.0,0,BB,ITA,Online TA,TA/TO,0,0,0,G,G,0,No Deposit,240.0,0,Transient,129.0,1,1
Resort Hotel,0,6,2015,September,38,16,0,2,2,0.0,0,BB,PRT,Direct,Direct,0,0,0,F,F,0,No Deposit,250.0,0,Transient,116.5,1,0
Resort Hotel,0,64,2015,September,38,17,0,1,2,0.0,0,BB,PRT,Online TA,TA/TO,0,0,0,A,G,0,No Deposit,240.0,0,Transient,66.6,0,2
Resort Hotel,0,152,2015,September,37,9,2,7,2,0.0,0,BB,IRL,Online TA,TA/TO,0,0,0,A,A,0,No Deposit,240.0,0,Transient,66.6,0,1
Resort Hotel,0,119,2015,September,37,12,2,4,2,0.0,0,HB,DEU,Online TA,TA/TO,0,0,0,A,D,0,No Deposit,240.0,0,Transient,102.6,0,1
Resort Hotel,0,13,2015,September,38,16,0,2,2,0.0,0,HB,IRL,Online TA,TA/TO,0,0,0,F,F,0,No Deposit,241.0,0,Transient,99.45,0,1
Resort Hotel,0,64,2016,January,4,21,0,3,2,0.0,0,BB,IRL,Online TA,TA/TO,1,0,1,A,E,3,No Deposit,250.0,0,Transient,68.0,0,2
Resort Hotel,0,169,2015,September,37,12,2,5,2,0.0,0,HB,GBR,Offline TA/TO,TA/TO,0,0,0,A,A,1,No Deposit,143.0,0,Contract,70.98,0,2
Resort Hotel,0,93,2015,September,37,9,2,8,2,0.0,0,BB,GBR,Offline TA/TO,TA/TO,0,0,0,E,E,0,No Deposit,95.0,0,Transient,90.0,0,0
Resort Hotel,0,101,2015,September,37,12,2,5,2,0.0,0,BB,GBR,Offline TA/TO,TA/TO,0,0,0,D,D,0,No Deposit,26.0,0,Contract,73.15,0,1
Resort Hotel,0,30,2015,September,38,17,0,2,2,0.0,0,BB,HUN,Online TA,TA/TO,0,0,0,E,E,0,No Deposit,240.0,0,Transient,114.0,0,2
Resort Hotel,0,4,2015,September,38,14,1,4,2,0.0,0,BB,ESP,Offline TA/TO,TA/TO,0,0,0,C,C,0,No Deposit,142.0,0,Transient,102.24,1,0
Resort Hotel,0,2,2015,September,38,16,0,3,2,0.0,0,BB,PRT,Online TA,TA/TO,0,0,0,D,A,1,No Deposit,240.0,0,Transient,89.0,0,2
Resort Hotel,0,254,2015,September,38,13,2,4,2,0.0,0,BB,PRT,Offline TA/TO,TA/TO,0,0,0,D,D,1,No Deposit,156.0,0,Contract,66.15,0,0
Resort Hotel,0,258,2015,September,38,17,0,2,2,0.0,0,HB,FRA,Groups,TA/TO,0,0,0,A,A,1,No Deposit,245.0,0,Transient-Party,78.3,0,1
Resort Hotel,0,258,2015,September,38,17,0,2,2,0.0,0,HB,FRA,Groups,TA/TO,0,0,0,A,C,1,No Deposit,245.0,0,Transient-Party,78.3,0,1
Resort Hotel,0,17,2015,September,38,13,2,4,2,0.0,0,BB,PRT,Direct,Direct,0,0,0,A,D,0,No Deposit,250.0,0,Transient,98.0,0,0
Resort Hotel,0,258,2015,September,38,17,0,2,2,0.0,0,HB,FRA,Groups,TA/TO,0,0,0,A,C,1,No Deposit,245.0,0,Transient-Party,78.3,0,1
Resort Hotel,0,152,2015,September,37,12,2,5,2,0.0,0,BB,GBR,Offline TA/TO,TA/TO,0,0,0,D,D,0,No Deposit,142.0,0,Transient,68.35,0,0
Resort Hotel,0,35,2015,September,38,18,0,1,2,0.0,0,BB,ITA,Online TA,TA/TO,0,0,0,E,G,1,No Deposit,240.0,0,Transient,114.0,0,2
Resort Hotel,0,258,2015,September,38,17,0,2,2,0.0,0,HB,FRA,Groups,TA/TO,0,0,0,A,C,1,No Deposit,245.0,0,Transient-Party,78.3,0,1
Resort Hotel,0,258,2015,September,38,17,0,2,2,0.0,0,HB,PRT,Groups,TA/TO,0,0,0,A,A,1,No Deposit,245.0,0,Transient-Party,78.3,0,1
Resort Hotel,0,258,2015,September,38,17,0,2,2,0.0,0,HB,FRA,Groups,TA/TO,0,0,0,A,C,1,No Deposit,245.0,0,Transient-Party,78.3,0,1
Resort Hotel,0,258,2015,September,38,17,0,2,2,0.0,0,HB,FRA,Groups,TA/TO,0,0,0,A,C,1,No Deposit,245.0,0,Transient-Party,78.3,0,1
Resort Hotel,0,258,2015,September,38,17,0,2,2,0.0,0,HB,FRA,Groups,TA/TO,0,0,0,A,C,1,No Deposit,245.0,0,Transient-Party,78.3,0,1
Resort Hotel,0,208,2015,September,37,12,2,5,2,0.0,0,HB,GBR,Offline TA/TO,TA/TO,0,0,0,D,D,0,No Deposit,143.0,0,Contract,84.58,0,1
Resort Hotel,0,93,2015,September,38,16,0,3,2,0.0,0,BB,THA,Online TA,TA/TO,0,0,0,E,F,0,No Deposit,240.0,0,Transient,99.0,0,1
Resort Hotel,0,93,2015,September,38,16,0,3,2,0.0,0,BB,FRA,Online TA,TA/TO,0,0,0,D,D,0,No Deposit,240.0,0,Transient,89.0,0,1
Resort Hotel,0,76,2015,September,38,13,2,4,2,0.0,0,BB,GBR,Online TA,TA/TO,0,0,0,F,F,0,No Deposit,241.0,0,Transient,93.17,0,3
Resort Hotel,0,258,2015,September,38,17,0,2,2,0.0,0,HB,FRA,Groups,TA/TO,0,0,0,A,C,1,No Deposit,245.0,0,Transient-Party,78.3,0,1
Resort Hotel,0,193,2015,September,37,11,2,7,2,0.0,0,HB,DEU,Offline TA/TO,TA/TO,0,0,0,D,D,0,No Deposit,69.0,0,Contract,84.58,0,0
Resort Hotel,0,355,2015,September,37,12,2,6,2,0.0,0,BB,PRT,Direct,Direct,0,0,0,A,E,0,No Deposit,,0,Transient,112.5,0,0
Resort Hotel,0,206,2015,September,38,13,2,5,2,0.0,0,HB,GBR,Offline TA/TO,TA/TO,0,0,0,A,A,0,No Deposit,40.0,0,Contract,72.68,0,0
Resort Hotel,0,146,2015,September,37,10,2,8,2,0.0,0,BB,GBR,Offline TA/TO,TA/TO,0,0,0,A,A,0,No Deposit,243.0,0,Contract,51.75,0,0
Resort Hotel,0,92,2015,September,38,13,2,5,2,0.0,0,BB,IRL,Online TA,TA/TO,0,0,0,E,F,0,No Deposit,240.0,0,Transient,99.0,0,2
Resort Hotel,0,120,2015,September,38,15,0,5,2,0.0,0,BB,PRT,Direct,Direct,0,0,0,E,E,0,No Deposit,250.0,0,Transient,112.6,1,1
Resort Hotel,0,257,2015,September,38,15,0,5,2,0.0,0,BB,IRL,Offline TA/TO,TA/TO,0,0,0,A,A,0,No Deposit,142.0,0,Contract,50.15,0,0
Resort Hotel,0,252,2015,September,38,13,2,5,2,0.0,0,BB,IRL,Offline TA/TO,TA/TO,0,0,0,D,D,0,No Deposit,175.0,0,Transient,66.15,0,0
Resort Hotel,0,120,2015,September,38,16,0,4,2,0.0,0,BB,PRT,Online TA,TA/TO,0,0,0,A,A,0,No Deposit,240.0,0,Transient,83.0,0,0
Resort Hotel,0,295,2015,September,37,9,2,9,2,0.0,0,BB,IRL,Online TA,TA/TO,0,0,0,A,A,0,No Deposit,240.0,0,Transient,79.09,0,1
Resort Hotel,0,146,2015,September,37,10,2,8,2,0.0,0,BB,GBR,Offline TA/TO,TA/TO,0,0,0,D,D,0,No Deposit,243.0,0,Contract,66.15,0,0
Resort Hotel,0,258,2015,September,38,17,1,3,2,0.0,0,BB,IRL,Offline TA/TO,TA/TO,0,0,0,A,A,0,No Deposit,156.0,0,Contract,50.15,0,2
Resort Hotel,0,258,2015,September,38,17,1,3,2,0.0,0,BB,IRL,Offline TA/TO,TA/TO,0,0,0,A,A,0,No Deposit,156.0,0,Contract,52.15,0,2
Resort Hotel,0,293,2015,September,37,7,4,10,2,0.0,0,BB,GBR,Offline TA/TO,TA/TO,0,0,0,A,A,0,No Deposit,40.0,0,Contract,48.88,0,0
Resort Hotel,0,239,2015,September,38,19,1,1,2,0.0,0,HB,FRA,Offline TA/TO,TA/TO,0,0,0,A,C,0,No Deposit,248.0,0,Transient-Party,80.0,0,0
Resort Hotel,0,239,2015,September,38,19,1,1,2,0.0,0,HB,FRA,Offline TA/TO,TA/TO,0,0,0,A,C,0,No Deposit,248.0,0,Transient-Party,80.0,0,0
Resort Hotel,0,239,2015,September,38,19,1,1,2,0.0,0,HB,FRA,Offline TA/TO,TA/TO,0,0,0,A,C,0,No Deposit,248.0,0,Transient-Party,80.0,0,0
Resort Hotel,0,239,2015,September,38,19,1,1,2,0.0,0,HB,FRA,Offline TA/TO,TA/TO,0,0,0,A,C,0,No Deposit,248.0,0,Transient-Party,80.0,0,0
Resort Hotel,0,239,2015,September,38,19,1,1,2,0.0,0,HB,FRA,Offline TA/TO,TA/TO,0,0,0,A,E,0,No Deposit,248.0,0,Transient-Party,80.0,0,0
Resort Hotel,0,239,2015,September,38,19,1,1,2,0.0,0,HB,FRA,Offline TA/TO,TA/TO,0,0,0,A,C,0,No Deposit,248.0,0,Transient-Party,80.0,0,0
Resort Hotel,0,239,2015,September,38,19,1,1,2,0.0,0,HB,FRA,Offline TA/TO,TA/TO,0,0,0,A,A,0,No Deposit,248.0,0,Transient-Party,80.0,0,0
Resort Hotel,0,239,2015,September,38,19,1,1,2,0.0,0,HB,FRA,Offline TA/TO,TA/TO,0,0,0,A,C,0,No Deposit,248.0,0,Transient-Party,80.0,0,0
Resort Hotel,0,239,2015,September,38,19,1,1,2,0.0,0,HB,FRA,Offline TA/TO,TA/TO,0,0,0,A,C,0,No Deposit,248.0,0,Transient-Party,80.0,0,0
Resort Hotel,0,239,2015,September,38,19,1,1,2,0.0,0,HB,FRA,Offline TA/TO,TA/TO,0,0,0,A,A,0,No Deposit,248.0,0,Transient-Party,80.0,0,0
Resort Hotel,0,239,2015,September,38,19,1,1,2,0.0,0,HB,FRA,Offline TA/TO,TA/TO,0,0,0,A,G,0,No Deposit,248.0,0,Transient-Party,80.0,0,0
Resort Hotel,0,239,2015,September,38,19,1,1,2,0.0,0,HB,FRA,Offline TA/TO,TA/TO,0,0,0,A,A,0,No Deposit,248.0,0,Transient-Party,80.0,0,0
Resort Hotel,0,239,2015,September,38,19,1,1,2,0.0,0,HB,FRA,Offline TA/TO,TA/TO,0,0,0,A,H,0,No Deposit,248.0,0,Transient-Party,80.0,0,0
Resort Hotel,0,239,2015,September,38,19,1,1,2,0.0,0,HB,FRA,Offline TA/TO,TA/TO,0,0,0,A,A,0,No Deposit,248.0,0,Transient-Party,80.0,0,0
Resort Hotel,0,239,2015,September,38,19,1,1,2,0.0,0,HB,FRA,Offline TA/TO,TA/TO,0,0,0,A,C,0,No Deposit,248.0,0,Transient-Party,80.0,0,0
Resort Hotel,0,239,2015,September,38,19,1,1,2,0.0,0,HB,FRA,Offline TA/TO,TA/TO,0,0,0,A,C,0,No Deposit,248.0,0,Transient-Party,80.0,0,0
Resort Hotel,0,239,2015,September,38,19,1,1,2,0.0,0,HB,FRA,Offline TA/TO,TA/TO,0,0,0,A,A,0,No Deposit,248.0,0,Transient-Party,80.0,0,0
Resort Hotel,0,239,2015,September,38,19,1,1,2,0.0,0,HB,FRA,Offline TA/TO,TA/TO,0,0,0,A,A,0,No Deposit,248.0,0,Transient-Party,80.0,0,0
Resort Hotel,0,239,2015,September,38,19,1,1,2,0.0,0,HB,FRA,Offline TA/TO,TA/TO,0,0,0,A,A,0,No Deposit,248.0,0,Transient-Party,80.0,0,0
Resort Hotel,0,88,2015,September,38,16,1,4,2,0.0,0,HB,ITA,Online TA,TA/TO,0,0,0,D,D,0,No Deposit,241.0,0,Transient,93.17,0,1
Resort Hotel,0,88,2015,September,38,16,1,4,2,0.0,0,HB,ITA,Online TA,TA/TO,0,0,0,A,A,0,No Deposit,241.0,0,Transient,81.62,0,1
Resort Hotel,0,172,2015,September,38,14,2,5,2,0.0,0,HB,USA,Offline TA/TO,TA/TO,0,0,0,A,A,0,No Deposit,69.0,0,Contract,72.25,0,1
Resort Hotel,0,179,2015,September,39,21,3,6,2,0.0,0,BB,USA,Offline TA/TO,TA/TO,0,0,0,A,A,0,No Deposit,69.0,0,Contract,60.15,0,0
Resort Hotel,0,36,2015,September,38,16,1,4,2,0.0,0,BB,ESP,Direct,Direct,0,0,0,F,F,0,No Deposit,250.0,0,Transient,103.0,1,0
Resort Hotel,0,31,2015,September,38,17,1,3,2,0.0,0,BB,PRT,Online TA,TA/TO,0,0,0,C,C,0,No Deposit,242.0,0,Transient,102.6,1,1
Resort Hotel,0,239,2015,September,38,19,1,1,2,0.0,0,HB,FRA,Offline TA/TO,TA/TO,0,0,0,A,F,0,No Deposit,248.0,0,Transient-Party,80.0,0,0
Resort Hotel,0,107,2015,September,38,13,4,5,2,0.0,0,BB,IRL,Online TA,TA/TO,0,0,0,A,A,0,No Deposit,240.0,0,Transient,76.67,0,0
Resort Hotel,0,85,2015,September,38,15,2,5,2,0.0,0,BB,GBR,Online TA,TA/TO,0,0,0,E,E,0,No Deposit,241.0,0,Transient,78.87,0,1
Resort Hotel,0,301,2015,September,37,12,4,6,2,0.0,0,HB,GBR,Offline TA/TO,TA/TO,0,0,0,E,E,0,No Deposit,40.0,0,Contract,98.6,0,0
Resort Hotel,0,172,2015,September,37,12,4,6,2,0.0,0,BB,GBR,Offline TA/TO,TA/TO,0,0,0,E,E,0,No Deposit,156.0,0,Contract,84.0,0,0
Resort Hotel,0,79,2015,September,38,18,2,2,2,0.0,0,HB,ESP,Online TA,TA/TO,0,0,0,E,E,2,No Deposit,240.0,0,Transient,140.25,0,1
Resort Hotel,0,138,2015,September,38,17,2,3,2,0.0,0,BB,GBR,Online TA,TA/TO,0,0,0,A,A,0,No Deposit,240.0,0,Transient,83.6,1,2
Resort Hotel,0,208,2015,September,39,21,1,0,2,0.0,0,HB,ESP,Direct,Direct,0,0,0,A,G,0,No Deposit,250.0,0,Transient,92.9,1,0
Resort Hotel,0,148,2015,September,37,8,4,10,2,0.0,0,HB,PRT,Offline TA/TO,TA/TO,0,0,0,A,A,0,No Deposit,5.0,0,Transient,52.14,1,0
Resort Hotel,0,39,2015,September,39,20,2,0,2,0.0,0,BB,DNK,Online TA,TA/TO,0,0,0,C,H,0,No Deposit,241.0,0,Transient,87.78,1,1
Resort Hotel,0,203,2015,September,38,15,2,5,2,0.0,0,BB,GBR,Offline TA/TO,TA/TO,0,0,0,A,A,0,No Deposit,156.0,0,Contract,50.15,0,1
Resort Hotel,0,257,2015,September,38,15,2,6,2,0.0,0,BB,GBR,Offline TA/TO,TA/TO,0,0,0,D,D,0,No Deposit,156.0,0,Contract,62.48,0,1
Resort Hotel,0,78,2015,September,38,19,2,2,2,0.0,0,BB,CN,Online TA,TA/TO,0,0,0,A,A,0,No Deposit,240.0,0,Transient,92.1,1,0
Resort Hotel,0,92,2015,September,38,18,2,3,2,0.0,0,BB,ESP,Online TA,TA/TO,0,0,0,E,E,0,No Deposit,240.0,0,Transient,111.0,1,1
Resort Hotel,0,92,2015,September,38,18,2,3,2,0.0,0,BB,ESP,Online TA,TA/TO,0,0,0,E,E,0,No Deposit,240.0,0,Transient,99.0,0,1
Resort Hotel,0,85,2015,September,38,16,2,5,2,0.0,0,HB,PRT,Offline TA/TO,TA/TO,0,0,0,E,E,0,No Deposit,142.0,0,Transient,105.2,1,0
Resort Hotel,0,185,2015,September,39,21,1,1,2,0.0,0,HB,FRA,Groups,TA/TO,0,0,0,A,C,0,No Deposit,208.0,0,Transient-Party,90.0,0,0
Resort Hotel,0,185,2015,September,39,21,1,1,2,0.0,0,HB,PRT,Groups,TA/TO,0,0,0,A,C,0,No Deposit,208.0,0,Transient-Party,90.0,0,0
Resort Hotel,0,185,2015,September,39,21,1,1,2,0.0,0,HB,FRA,Groups,TA/TO,0,0,0,A,C,0,No Deposit,208.0,0,Transient-Party,90.0,0,0
Resort Hotel,0,33,2015,September,39,21,1,1,2,0.0,0,HB,FRA,Groups,TA/TO,0,0,0,A,A,0,No Deposit,208.0,0,Transient-Party,90.0,0,0
Resort Hotel,0,28,2015,September,38,16,2,5,2,0.0,0,HB,PRT,Offline TA/TO,TA/TO,0,0,0,E,E,0,No Deposit,142.0,0,Contract,117.2,0,1
Resort Hotel,0,185,2015,September,39,21,1,1,2,0.0,0,HB,FRA,Groups,TA/TO,0,0,0,A,B,0,No Deposit,208.0,0,Transient-Party,90.0,0,0
Resort Hotel,0,185,2015,September,39,21,1,1,2,0.0,0,HB,FRA,Groups,TA/TO,0,0,0,A,A,0,No Deposit,208.0,0,Transient-Party,90.0,0,0
Resort Hotel,0,185,2015,September,39,21,1,1,2,0.0,0,HB,FRA,Groups,TA/TO,0,0,0,A,C,0,No Deposit,208.0,0,Transient-Party,90.0,0,0
Resort Hotel,0,185,2015,September,39,21,1,1,2,0.0,0,HB,FRA,Groups,TA/TO,0,0,0,A,A,0,No Deposit,208.0,0,Transient-Party,90.0,0,1
Resort Hotel,0,185,2015,September,39,21,1,1,2,0.0,0,HB,FRA,Groups,TA/TO,0,0,0,A,C,0,No Deposit,208.0,0,Transient-Party,90.0,0,0
Resort Hotel,0,185,2015,September,39,21,1,1,2,0.0,0,HB,FRA,Groups,TA/TO,0,0,0,A,A,0,No Deposit,208.0,0,Transient-Party,90.0,0,0
Resort Hotel,0,1,2015,September,39,22,0,1,2,0.0,0,BB,PRT,Online TA,TA/TO,0,0,0,A,H,0,No Deposit,240.0,0,Transient,106.2,0,1
Resort Hotel,0,185,2015,September,39,21,1,1,2,0.0,0,HB,FRA,Groups,TA/TO,0,0,0,A,C,0,No Deposit,208.0,0,Transient-Party,90.0,0,0
Resort Hotel,0,185,2015,September,39,21,1,1,2,0.0,0,HB,FRA,Groups,TA/TO,0,0,0,A,A,0,No Deposit,208.0,0,Transient-Party,90.0,0,0
Resort Hotel,0,185,2015,September,39,21,1,1,2,0.0,0,HB,FRA,Groups,TA/TO,0,0,0,A,C,0,No Deposit,208.0,0,Transient-Party,90.0,0,0
Resort Hotel,0,185,2015,September,39,21,1,1,2,0.0,0,HB,FRA,Groups,TA/TO,0,0,0,A,C,0,No Deposit,208.0,0,Transient-Party,90.0,0,0
Resort Hotel,0,185,2015,September,39,21,1,1,2,0.0,0,HB,PRT,Groups,TA/TO,0,0,0,A,C,0,No Deposit,208.0,0,Transient-Party,90.0,0,0
Resort Hotel,0,185,2015,September,39,21,1,1,2,0.0,0,HB,FRA,Groups,TA/TO,0,0,0,A,C,0,No Deposit,208.0,0,Transient-Party,90.0,0,0
Resort Hotel,0,138,2015,September,38,16,2,5,2,0.0,0,BB,CN,Offline TA/TO,TA/TO,0,0,0,D,D,0,No Deposit,96.0,0,Transient,66.15,1,0
Resort Hotel,0,70,2015,September,38,19,2,2,2,0.0,0,BB,FRA,Online TA,TA/TO,0,0,0,E,E,0,No Deposit,240.0,0,Transient,121.5,1,1
Resort Hotel,0,85,2015,September,38,16,2,5,2,0.0,0,BB,IRL,Online TA,TA/TO,0,0,0,A,A,0,No Deposit,241.0,0,Transient,56.98,0,1
Resort Hotel,0,258,2015,September,38,17,2,5,2,0.0,0,HB,GBR,Offline TA/TO,TA/TO,0,0,0,D,D,0,No Deposit,40.0,0,Contract,86.28,0,0
Resort Hotel,0,163,2015,September,38,13,4,7,2,0.0,0,BB,GBR,Offline TA/TO,TA/TO,0,0,0,D,D,0,No Deposit,243.0,0,Contract,62.48,0,0
Resort Hotel,0,160,2015,September,37,10,4,10,2,0.0,0,BB,GBR,Offline TA/TO,TA/TO,0,0,0,D,D,0,No Deposit,243.0,0,Contract,62.48,0,0
Resort Hotel,0,167,2015,September,38,17,2,5,2,0.0,0,BB,GBR,Offline TA/TO,TA/TO,0,0,0,A,F,1,No Deposit,243.0,0,Contract,78.88,0,0
Resort Hotel,0,0,2015,September,39,21,1,2,2,0.0,0,BB,ITA,Direct,Direct,0,0,0,A,F,3,No Deposit,,0,Transient,129.0,1,0
Resort Hotel,0,305,2015,September,38,13,4,7,2,0.0,0,BB,IRL,Offline TA/TO,TA/TO,0,0,0,A,C,0,No Deposit,142.0,0,Contract,53.1,0,3
Resort Hotel,0,0,2015,September,39,23,0,1,2,0.0,0,BB,CHE,Direct,Direct,0,0,0,A,C,0,No Deposit,,0,Transient,98.0,1,0
Resort Hotel,0,115,2015,September,38,19,2,3,2,0.0,0,BB,RUS,Offline TA/TO,TA/TO,0,0,0,D,D,0,No Deposit,244.0,0,Transient,77.0,0,0
Resort Hotel,0,21,2015,September,39,23,0,1,2,0.0,0,HB,PRT,Corporate,Corporate,0,0,0,A,C,1,No Deposit,,0,Transient-Party,108.65,0,0
Resort Hotel,0,21,2015,September,39,23,0,1,2,0.0,0,HB,DEU,Corporate,Corporate,0,0,0,A,C,2,No Deposit,,0,Transient-Party,108.65,0,0
Resort Hotel,0,77,2015,September,38,17,2,6,2,0.0,0,BB,POL,Offline TA/TO,TA/TO,0,0,0,E,E,0,No Deposit,69.0,0,Contract,91.25,0,1
Resort Hotel,0,66,2015,September,38,19,2,4,2,0.0,0,BB,PRT,Online TA,TA/TO,0,0,0,G,G,4,No Deposit,240.0,0,Transient,155.33,1,1
Resort Hotel,0,253,2015,September,37,11,4,10,2,0.0,0,HB,LTU,Offline TA/TO,TA/TO,0,0,0,D,D,0,No Deposit,152.0,0,Transient,89.55,0,0
Resort Hotel,0,95,2015,September,38,18,2,5,2,0.0,0,HB,LTU,Offline TA/TO,TA/TO,0,0,0,D,D,0,No Deposit,171.0,0,Transient,101.5,0,0
Resort Hotel,0,168,2015,September,38,18,2,5,2,0.0,0,HB,GBR,Offline TA/TO,TA/TO,0,0,0,D,D,0,No Deposit,40.0,0,Contract,95.57,0,0
Resort Hotel,0,197,2015,September,38,15,2,8,2,0.0,0,BB,GBR,Offline TA/TO,TA/TO,0,0,0,D,D,0,No Deposit,40.0,0,Contract,66.15,0,0
Resort Hotel,0,211,2015,September,38,18,2,5,2,0.0,0,BB,GBR,Offline TA/TO,TA/TO,0,0,0,D,D,0,No Deposit,40.0,0,Contract,63.91,0,0
Resort Hotel,0,77,2015,September,38,18,2,5,2,0.0,0,BB,IRL,Online TA,TA/TO,0,0,0,A,A,0,No Deposit,240.0,0,Transient,86.86,0,1
Resort Hotel,0,93,2015,September,38,18,2,5,2,0.0,0,BB,GBR,Offline TA/TO,TA/TO,0,0,0,D,D,0,No Deposit,142.0,0,Transient,72.63,0,2
Resort Hotel,0,262,2015,September,39,21,1,3,2,0.0,0,HB,BEL,Groups,Corporate,0,0,0,A,A,0,No Deposit,183.0,0,Transient-Party,89.2,0,0
Resort Hotel,0,262,2015,September,39,21,1,3,2,0.0,0,HB,BEL,Groups,Corporate,0,0,0,A,A,0,No Deposit,183.0,0,Transient-Party,91.2,0,1
Resort Hotel,0,262,2015,September,39,21,1,3,2,0.0,0,HB,BEL,Groups,Corporate,0,0,0,A,A,0,No Deposit,183.0,0,Transient-Party,91.2,0,0
Resort Hotel,0,1,2015,September,39,22,0,3,2,0.0,0,BB,PRT,Direct,Direct,0,0,0,E,E,0,No Deposit,,0,Transient,129.0,1,0
Resort Hotel,0,343,2016,September,39,21,0,4,2,0.0,0,HB,PRT,Corporate,Corporate,1,0,1,A,E,2,No Deposit,183.0,0,Transient-Party,61.5,0,0
Resort Hotel,0,262,2015,September,39,21,1,3,2,0.0,0,HB,BEL,Groups,Corporate,0,0,0,A,A,0,No Deposit,183.0,0,Transient-Party,89.2,0,0
Resort Hotel,0,262,2015,September,39,21,1,3,2,0.0,0,HB,BEL,Groups,Corporate,0,0,0,A,A,0,No Deposit,183.0,0,Transient-Party,89.2,0,0
Resort Hotel,0,262,2015,September,39,21,1,3,2,0.0,0,HB,BEL,Groups,Corporate,0,0,0,A,A,0,No Deposit,183.0,0,Transient-Party,89.2,0,0
Resort Hotel,0,262,2015,September,39,21,1,3,2,0.0,0,HB,BEL,Groups,Corporate,0,0,0,A,A,0,No Deposit,183.0,0,Transient-Party,89.2,0,0
Resort Hotel,0,262,2015,September,39,21,1,3,2,0.0,0,HB,BEL,Groups,Corporate,0,0,0,A,A,0,No Deposit,183.0,0,Transient-Party,89.2,0,0
Resort Hotel,0,262,2015,September,39,21,1,3,2,0.0,0,HB,BEL,Groups,Corporate,0,0,0,A,A,0,No Deposit,183.0,0,Transient-Party,89.2,0,0
Resort Hotel,0,262,2015,September,39,21,1,3,2,0.0,0,HB,BEL,Groups,Corporate,0,0,0,A,A,0,No Deposit,183.0,0,Transient-Party,91.2,0,0
Resort Hotel,0,262,2015,September,39,21,1,3,2,0.0,0,HB,BEL,Groups,Corporate,0,0,0,A,A,0,No Deposit,183.0,0,Transient-Party,89.2,0,0
Resort Hotel,0,99,2015,September,38,18,2,5,2,0.0,0,HB,ESP,Online TA,TA/TO,0,0,0,D,D,1,No Deposit,240.0,0,Transient,121.0,0,0
Resort Hotel,0,262,2015,September,39,21,1,3,2,0.0,0,HB,BEL,Groups,Corporate,0,0,0,A,A,0,No Deposit,183.0,0,Transient,89.2,0,0
Resort Hotel,0,111,2015,September,38,13,4,8,2,0.0,0,BB,PRT,Online TA,TA/TO,0,0,0,A,A,0,No Deposit,240.0,0,Transient,68.4,1,0
Resort Hotel,0,66,2015,September,39,25,0,2,2,0.0,0,BB,PRT,Online TA,TA/TO,0,0,0,A,A,0,No Deposit,240.0,0,Group,80.1,1,2
Resort Hotel,0,43,2015,September,39,23,0,2,2,0.0,0,BB,CN,Online TA,TA/TO,0,0,0,A,D,0,No Deposit,240.0,0,Transient,91.0,0,2
Resort Hotel,0,47,2015,September,39,22,0,3,2,0.0,0,BB,IRL,Offline TA/TO,TA/TO,0,0,0,E,E,0,No Deposit,156.0,0,Contract,85.5,0,0
Resort Hotel,0,87,2015,September,38,19,2,5,2,0.0,0,HB,GBR,Offline TA/TO,TA/TO,0,0,0,D,D,0,No Deposit,143.0,0,Contract,99.5,0,1
Resort Hotel,0,201,2015,September,38,19,2,5,2,0.0,0,HB,GBR,Offline TA/TO,TA/TO,0,0,0,D,D,0,No Deposit,2.0,0,Transient,100.93,0,0
Resort Hotel,0,224,2015,September,37,12,4,10,2,0.0,0,HB,GBR,Offline TA/TO,TA/TO,0,0,0,D,D,0,No Deposit,40.0,0,Contract,86.28,0,0
Resort Hotel,0,81,2015,September,39,22,0,4,2,0.0,0,BB,USA,Online TA,TA/TO,0,0,0,A,A,0,No Deposit,242.0,0,Transient,97.0,1,1
Resort Hotel,0,241,2015,September,39,20,2,4,2,0.0,0,BB,PRT,Direct,Corporate,0,0,0,A,H,0,No Deposit,,0,Transient,74.0,0,0
Resort Hotel,0,83,2015,December,52,23,0,3,2,0.0,0,BB,PRT,Online TA,TA/TO,1,0,1,E,E,0,No Deposit,240.0,0,Transient,87.07,0,2
Resort Hotel,0,0,2015,September,39,23,0,3,2,0.0,0,BB,NLD,Direct,Direct,0,0,0,F,F,0,No Deposit,,0,Transient,172.33,1,0
Resort Hotel,0,65,2015,September,38,19,2,5,2,0.0,0,BB,ESP,Direct,Direct,0,0,0,A,A,0,No Deposit,250.0,0,Transient,90.43,1,0
Resort Hotel,0,115,2015,September,38,19,2,5,2,0.0,0,BB,SWE,Online TA,TA/TO,0,0,0,A,A,0,No Deposit,241.0,0,Transient,58.41,0,1
Resort Hotel,1,277,2015,October,41,6,2,5,2,0.0,0,HB,GBR,Groups,Direct,0,1,0,D,D,0,No Deposit,273.0,0,Transient-Party,67.31,0,0
Resort Hotel,1,212,2015,September,39,26,0,1,2,0.0,0,BB,FRA,Online TA,TA/TO,0,0,0,A,D,0,No Deposit,240.0,0,Transient-Party,74.7,0,2
Resort Hotel,0,125,2015,September,39,20,2,5,2,0.0,0,BB,GBR,Offline TA/TO,TA/TO,0,0,0,D,D,0,No Deposit,243.0,0,Contract,74.93,0,0
Resort Hotel,0,78,2015,September,38,17,2,8,2,0.0,0,HB,GBR,Offline TA/TO,TA/TO,0,0,0,D,D,0,No Deposit,115.0,0,Transient,100.9,0,1
Resort Hotel,0,167,2015,September,38,17,2,8,2,0.0,0,BB,GBR,Offline TA/TO,TA/TO,0,0,0,D,D,0,No Deposit,243.0,0,Contract,62.48,0,2
Resort Hotel,0,167,2015,September,38,17,2,8,2,0.0,0,BB,GBR,Offline TA/TO,TA/TO,0,0,0,A,A,0,No Deposit,243.0,0,Contract,48.88,0,2
Resort Hotel,0,170,2015,September,39,20,2,5,2,0.0,0,HB,GBR,Offline TA/TO,TA/TO,0,0,0,A,A,0,No Deposit,243.0,0,Contract,72.41,0,2
Resort Hotel,0,170,2015,September,39,20,2,5,2,0.0,0,HB,GBR,Offline TA/TO,TA/TO,0,0,0,A,A,0,No Deposit,243.0,0,Contract,72.41,0,2
Resort Hotel,0,170,2015,September,39,20,2,5,2,0.0,0,HB,GBR,Offline TA/TO,TA/TO,0,0,0,A,A,0,No Deposit,243.0,0,Contract,72.41,0,2
Resort Hotel,0,212,2015,September,39,26,0,1,2,0.0,0,BB,PRT,Online TA,TA/TO,0,0,0,A,D,0,No Deposit,240.0,0,Transient,74.7,0,2
Resort Hotel,0,115,2015,September,39,25,2,5,2,0.0,0,BB,LVA,Offline TA/TO,TA/TO,0,0,0,D,D,1,No Deposit,171.0,0,Transient,55.43,0,1
Resort Hotel,0,170,2015,September,39,20,2,5,2,0.0,0,HB,GBR,Offline TA/TO,TA/TO,0,0,0,A,A,0,No Deposit,243.0,0,Contract,70.98,0,2
Resort Hotel,0,77,2015,September,39,24,0,3,2,0.0,0,BB,PRT,Online TA,TA/TO,0,0,0,A,H,0,No Deposit,240.0,0,Transient,80.1,0,1
Resort Hotel,0,11,2015,September,39,26,0,1,2,0.0,0,BB,ESP,Direct,Direct,0,0,0,F,G,0,No Deposit,250.0,0,Transient,114.0,0,2
Resort Hotel,0,33,2015,September,38,19,2,6,2,0.0,0,BB,GBR,Online TA,TA/TO,0,0,0,D,D,0,No Deposit,240.0,0,Transient,105.5,0,1
Resort Hotel,0,212,2015,September,39,26,0,1,2,0.0,0,BB,PRT,Online TA,TA/TO,0,0,0,A,D,0,No Deposit,240.0,0,Transient-Party,74.7,0,2
Resort Hotel,0,166,2015,September,37,7,6,15,2,0.0,0,HB,POL,Offline TA/TO,TA/TO,0,0,0,E,E,1,No Deposit,69.0,0,Contract,98.6,0,0
Resort Hotel,0,207,2015,September,39,26,1,1,2,0.0,0,HB,FRA,Offline TA/TO,TA/TO,0,0,0,A,A,0,No Deposit,208.0,0,Transient,74.0,0,1
Resort Hotel,0,207,2015,September,39,26,1,1,2,0.0,0,HB,FRA,Offline TA/TO,TA/TO,0,0,0,A,A,1,No Deposit,208.0,0,Transient,74.0,0,0
Resort Hotel,0,207,2015,September,39,26,1,1,2,0.0,0,HB,FRA,Offline TA/TO,TA/TO,0,0,0,A,C,0,No Deposit,208.0,0,Transient-Party,74.0,0,0
Resort Hotel,0,207,2015,September,39,26,1,1,2,0.0,0,HB,FRA,Offline TA/TO,TA/TO,0,0,0,A,A,0,No Deposit,208.0,0,Transient-Party,74.0,0,1
Resort Hotel,0,207,2015,September,39,26,1,1,2,0.0,0,HB,FRA,Offline TA/TO,TA/TO,0,0,0,A,A,0,No Deposit,208.0,0,Transient-Party,74.0,0,0
Resort Hotel,0,207,2015,September,39,26,1,1,2,0.0,0,HB,FRA,Offline TA/TO,TA/TO,0,0,0,A,A,0,No Deposit,208.0,0,Transient-Party,74.0,0,0
Resort Hotel,0,207,2015,September,39,26,1,1,2,0.0,0,HB,FRA,Offline TA/TO,TA/TO,0,0,0,A,D,0,No Deposit,208.0,0,Transient-Party,74.0,0,0
Resort Hotel,0,207,2015,September,39,26,1,1,2,0.0,0,HB,FRA,Offline TA/TO,TA/TO,0,0,0,A,A,0,No Deposit,208.0,0,Transient-Party,74.0,0,0
Resort Hotel,0,207,2015,September,39,26,1,1,2,0.0,0,HB,FRA,Offline TA/TO,TA/TO,0,0,0,A,D,1,No Deposit,208.0,0,Transient-Party,74.0,0,1
Resort Hotel,0,207,2015,September,39,26,1,1,2,0.0,0,HB,FRA,Offline TA/TO,TA/TO,0,0,0,A,A,0,No Deposit,208.0,0,Transient,74.0,0,0
Resort Hotel,0,257,2015,September,38,18,3,7,2,0.0,0,HB,LVA,Offline TA/TO,TA/TO,0,0,0,E,E,0,No Deposit,40.0,0,Contract,102.1,0,1
Resort Hotel,0,32,2015,September,39,20,3,5,2,0.0,0,BB,DEU,Online TA,TA/TO,0,0,0,D,D,0,No Deposit,240.0,0,Transient,165.0,1,2
Resort Hotel,0,0,2015,September,39,25,1,2,2,0.0,0,BB,FRA,Online TA,TA/TO,0,0,0,A,A,0,No Deposit,240.0,0,Transient,86.1,1,1
Resort Hotel,0,0,2015,September,40,28,1,1,2,0.0,0,BB,FRA,Online TA,TA/TO,1,0,0,A,A,0,No Deposit,240.0,0,Group,86.1,1,1
Resort Hotel,0,0,2015,September,40,28,0,0,2,0.0,0,BB,FRA,Online TA,TA/TO,1,0,0,A,C,0,No Deposit,240.0,0,Transient,0.0,0,2
Resort Hotel,0,65,2015,September,39,23,1,4,2,0.0,0,SC,GBR,Online TA,TA/TO,0,0,0,D,I,0,No Deposit,147.0,0,Transient,0.0,0,0
Resort Hotel,0,1,2015,September,39,26,1,1,2,0.0,0,BB,IRL,Online TA,TA/TO,0,0,0,A,H,0,No Deposit,240.0,0,Transient,97.0,1,1
Resort Hotel,0,73,2015,September,40,28,1,1,2,0.0,0,BB,IRL,Online TA,TA/TO,0,0,0,D,E,0,No Deposit,242.0,0,Transient,76.0,0,1
Resort Hotel,0,43,2015,December,53,29,0,1,2,0.0,0,BB,IRL,Online TA,TA/TO,1,0,2,E,E,0,No Deposit,115.0,0,Group,71.1,0,1
Resort Hotel,0,9,2016,April,16,13,0,1,2,0.0,0,BB,IRL,Online TA,TA/TO,1,0,3,D,E,1,No Deposit,240.0,0,Transient,83.0,1,1
Resort Hotel,0,0,2016,April,16,14,0,1,2,0.0,0,BB,PRT,Direct,Direct,1,0,3,A,F,0,No Deposit,,0,Transient,95.0,1,0
Resort Hotel,0,185,2015,September,38,19,4,6,2,0.0,0,BB,GBR,Offline TA/TO,TA/TO,0,0,0,A,A,0,No Deposit,156.0,0,Contract,51.75,0,0
Resort Hotel,0,68,2015,September,39,24,2,3,2,0.0,0,BB,CN,Online TA,TA/TO,0,0,0,A,D,0,No Deposit,241.0,0,Transient,69.91,1,1
Resort Hotel,0,2,2015,September,39,25,2,2,2,0.0,0,HB,ESP,Direct,Direct,0,0,0,F,F,0,No Deposit,250.0,0,Transient,163.0,0,1
Resort Hotel,0,75,2015,September,39,22,2,5,2,0.0,0,BB,IRL,Online TA,TA/TO,0,0,0,A,A,0,No Deposit,240.0,0,Transient,90.71,1,2
Resort Hotel,0,75,2015,September,39,22,2,5,2,0.0,0,BB,GBR,Online TA,TA/TO,0,0,0,A,A,0,No Deposit,240.0,0,Transient,86.14,0,2
Resort Hotel,0,0,2015,September,40,28,1,0,2,0.0,0,BB,FRA,Direct,Direct,0,0,0,A,C,0,No Deposit,250.0,0,Transient,80.0,1,0
Resort Hotel,0,0,2015,September,40,28,1,0,2,0.0,0,BB,CHE,Direct,Direct,0,0,0,A,E,1,No Deposit,,0,Transient,94.0,1,0
Resort Hotel,0,29,2015,September,39,25,2,2,2,0.0,0,BB,IRL,Direct,Direct,0,0,0,G,G,0,No Deposit,,0,Transient,129.0,0,2
Resort Hotel,0,13,2015,September,40,28,1,0,2,0.0,0,BB,ITA,Online TA,TA/TO,0,0,0,E,E,0,No Deposit,241.0,0,Transient,82.23,1,0
Resort Hotel,0,13,2015,September,40,28,1,0,2,0.0,0,BB,ITA,Online TA,TA/TO,0,0,0,A,B,0,No Deposit,241.0,0,Transient,56.98,0,1
Resort Hotel,0,130,2015,September,39,23,2,5,2,0.0,0,BB,IRL,Offline TA/TO,TA/TO,0,0,0,A,A,0,No Deposit,171.0,0,Transient,60.43,0,0
Resort Hotel,0,82,2015,September,39,23,2,5,2,0.0,0,BB,GBR,Offline TA/TO,TA/TO,0,0,0,E,E,0,No Deposit,142.0,0,Transient,89.2,0,0
Resort Hotel,0,309,2015,September,39,23,2,5,2,0.0,0,BB,CHE,Online TA,TA/TO,0,0,0,A,A,0,No Deposit,240.0,0,Transient,83.0,0,2
Resort Hotel,0,225,2015,September,39,23,2,5,2,0.0,0,BB,IRL,Offline TA/TO,TA/TO,0,0,0,A,A,0,No Deposit,156.0,0,Contract,50.15,0,0
Resort Hotel,0,222,2015,September,39,20,4,6,2,0.0,0,BB,GBR,Offline TA/TO,TA/TO,0,0,0,A,A,0,No Deposit,2.0,0,Contract,50.48,0,1
Resort Hotel,0,222,2015,September,39,20,4,6,2,0.0,0,BB,GBR,Offline TA/TO,TA/TO,0,0,0,A,A,0,No Deposit,2.0,0,Contract,48.88,0,1
Resort Hotel,0,2,2015,September,40,27,2,1,2,0.0,0,BB,ESP,Direct,Direct,0,0,0,A,C,0,No Deposit,250.0,0,Transient,95.0,1,0
Resort Hotel,0,93,2015,September,39,23,2,5,2,0.0,0,BB,GBR,Offline TA/TO,TA/TO,0,0,0,D,D,0,No Deposit,2.0,0,Contract,74.93,0,0
Resort Hotel,0,160,2015,September,39,23,2,5,2,0.0,0,HB,DEU,Offline TA/TO,TA/TO,0,0,0,A,A,0,No Deposit,275.0,0,Transient-Party,77.93,0,0
Resort Hotel,0,159,2015,September,39,23,2,5,2,0.0,0,HB,DEU,Offline TA/TO,TA/TO,0,0,0,A,A,0,No Deposit,275.0,0,Transient-Party,77.93,0,0
Resort Hotel,0,42,2015,September,39,23,2,5,2,0.0,0,BB,ITA,Direct,Direct,0,0,0,A,C,0,No Deposit,250.0,0,Transient,89.0,0,0
Resort Hotel,0,123,2015,September,39,26,2,2,2,0.0,0,BB,ITA,Online TA,TA/TO,0,0,0,A,A,0,No Deposit,240.0,0,Transient,72.6,1,2
Resort Hotel,0,70,2015,September,39,23,2,5,2,0.0,0,BB,ITA,Online TA,TA/TO,0,0,0,A,A,0,No Deposit,240.0,0,Transient,82.57,0,1
Resort Hotel,0,266,2015,September,39,24,2,4,2,0.0,0,BB,IRL,Offline TA/TO,TA/TO,0,0,0,A,C,0,No Deposit,201.0,0,Transient-Party,37.67,0,0
Resort Hotel,0,3,2015,September,40,29,0,1,2,0.0,0,BB,IRL,Direct,Direct,0,0,0,A,A,0,No Deposit,250.0,0,Transient,74.0,0,0
Resort Hotel,0,46,2015,September,40,30,2,6,2,0.0,0,BB,IRL,Direct,Direct,0,0,0,A,A,1,No Deposit,171.0,0,Transient,43.78,0,0
Resort Hotel,0,34,2015,September,39,22,2,6,2,0.0,0,HB,CHE,Offline TA/TO,TA/TO,0,0,0,E,E,0,No Deposit,142.0,0,Contract,117.2,0,1
Resort Hotel,0,236,2015,September,39,24,2,5,2,0.0,0,BB,IRL,Offline TA/TO,TA/TO,0,0,0,E,E,0,No Deposit,175.0,0,Transient,57.6,0,0
Resort Hotel,0,174,2015,September,39,24,2,5,2,0.0,0,BB,GBR,Offline TA/TO,TA/TO,0,0,0,A,A,0,No Deposit,243.0,0,Contract,37.56,0,0
Resort Hotel,0,174,2015,September,39,24,2,5,2,0.0,0,BB,GBR,Offline TA/TO,TA/TO,0,0,0,A,A,0,No Deposit,243.0,0,Contract,36.13,0,1
Resort Hotel,0,174,2015,September,39,24,2,5,2,0.0,0,BB,GBR,Offline TA/TO,TA/TO,0,0,0,A,C,0,No Deposit,243.0,0,Contract,37.56,0,1
Resort Hotel,0,0,2015,September,39,24,2,5,2,0.0,0,HB,GBR,Offline TA/TO,TA/TO,0,0,0,D,D,0,No Deposit,243.0,0,Transient,81.43,0,0
Resort Hotel,0,167,2015,September,38,17,4,10,2,0.0,0,BB,GBR,Offline TA/TO,TA/TO,0,0,0,D,D,0,No Deposit,243.0,0,Contract,45.9,0,0
Resort Hotel,0,237,2016,September,38,15,4,10,2,0.0,0,BB,GBR,Offline TA/TO,TA/TO,1,0,1,D,D,0,No Deposit,243.0,0,Contract,62.9,0,1
Resort Hotel,0,167,2015,September,38,17,4,10,2,0.0,0,HB,GBR,Offline TA/TO,TA/TO,0,0,0,D,D,0,No Deposit,243.0,0,Contract,68.0,0,3
Resort Hotel,0,167,2015,September,38,17,4,10,2,0.0,0,HB,OMN,Offline TA/TO,TA/TO,0,0,0,D,D,0,No Deposit,243.0,0,Contract,68.0,0,3
Resort Hotel,0,225,2015,September,39,23,2,6,2,0.0,0,BB,IRL,Offline TA/TO,TA/TO,0,0,0,A,A,0,No Deposit,156.0,0,Contract,37.83,0,0
Resort Hotel,0,227,2015,September,38,17,4,10,2,0.0,0,BB,GBR,Offline TA/TO,TA/TO,0,0,0,A,A,0,No Deposit,2.0,0,Contract,36.13,0,0
Resort Hotel,0,167,2015,September,38,17,4,10,2,0.0,0,BB,GBR,Offline TA/TO,TA/TO,0,0,0,D,D,0,No Deposit,243.0,0,Contract,45.9,0,0
Resort Hotel,0,153,2015,September,38,17,4,10,2,0.0,0,HB,GBR,Offline TA/TO,TA/TO,0,0,0,A,A,1,No Deposit,243.0,0,Contract,61.65,0,0
Resort Hotel,0,167,2015,September,38,17,4,10,2,0.0,0,BB,GBR,Offline TA/TO,TA/TO,0,0,0,D,F,1,No Deposit,243.0,0,Contract,65.9,0,0
Resort Hotel,0,167,2015,September,38,17,4,10,2,0.0,0,HB,GBR,Offline TA/TO,TA/TO,0,0,0,A,A,0,No Deposit,243.0,0,Contract,61.65,0,0
Resort Hotel,0,246,2015,September,39,25,2,4,2,0.0,0,BB,NOR,Offline TA/TO,TA/TO,0,0,0,D,D,0,No Deposit,96.0,0,Transient-Party,43.74,0,1
Resort Hotel,0,52,2015,September,39,26,2,3,2,0.0,0,BB,NLD,Online TA,TA/TO,0,0,0,A,A,0,No Deposit,240.0,0,Transient,69.3,1,1
Resort Hotel,0,219,2015,September,39,23,2,6,2,0.0,0,BB,IRL,Offline TA/TO,TA/TO,0,0,0,A,D,1,No Deposit,156.0,0,Contract,37.83,0,2
Resort Hotel,0,130,2015,September,40,29,0,2,2,0.0,0,BB,FRA,Online TA,TA/TO,0,0,0,E,G,0,No Deposit,240.0,0,Transient,99.0,1,0
Resort Hotel,0,224,2015,September,39,23,2,6,2,0.0,0,BB,IRL,Offline TA/TO,TA/TO,0,0,0,A,C,0,No Deposit,156.0,0,Contract,51.7,0,3
Resort Hotel,0,174,2015,September,39,24,2,5,2,0.0,0,HB,GBR,Offline TA/TO,TA/TO,0,0,0,A,A,0,No Deposit,243.0,0,Contract,58.23,0,0
Resort Hotel,0,167,2015,September,38,17,4,10,2,0.0,0,HB,GBR,Offline TA/TO,TA/TO,0,0,0,D,D,0,No Deposit,243.0,0,Contract,68.0,0,0
Resort Hotel,0,260,2015,September,38,18,4,10,2,0.0,0,HB,EST,Offline TA/TO,TA/TO,0,0,0,A,A,0,No Deposit,152.0,0,Transient,64.35,0,1
Resort Hotel,0,115,2015,September,39,25,2,5,2,0.0,0,BB,LVA,Offline TA/TO,TA/TO,0,0,0,D,D,0,No Deposit,171.0,0,Transient,58.0,1,0
Resort Hotel,0,58,2015,September,39,25,2,5,2,0.0,0,HB,LTU,Offline TA/TO,TA/TO,0,0,0,D,D,0,No Deposit,171.0,0,Transient,80.0,0,0
Resort Hotel,0,67,2015,September,40,28,1,3,2,0.0,0,BB,GBR,Online TA,TA/TO,0,0,0,D,D,0,No Deposit,241.0,0,Transient,55.44,0,1
Resort Hotel,0,0,2015,October,40,1,0,1,2,0.0,0,BB,FRA,Direct,Direct,0,0,0,F,F,0,No Deposit,,0,Transient,120.0,1,0
Resort Hotel,0,60,2015,September,40,29,0,3,2,0.0,0,BB,CHE,Online TA,TA/TO,0,0,0,A,H,0,No Deposit,242.0,0,Transient,62.0,1,1
Resort Hotel,1,289,2015,November,47,20,1,2,2,0.0,0,FB,PRT,Groups,TA/TO,0,1,0,A,A,0,No Deposit,134.0,0,Transient-Party,69.0,0,0
Resort Hotel,1,289,2015,November,47,20,1,2,2,0.0,0,FB,PRT,Groups,TA/TO,0,1,0,A,A,0,No Deposit,134.0,0,Transient-Party,69.0,0,0
Resort Hotel,1,289,2015,November,47,20,1,2,2,0.0,0,FB,PRT,Groups,TA/TO,0,1,0,A,A,0,No Deposit,134.0,0,Transient-Party,69.0,0,0
Resort Hotel,1,289,2015,November,47,20,1,2,2,0.0,0,FB,PRT,Groups,TA/TO,0,1,0,A,A,0,No Deposit,134.0,0,Transient-Party,69.0,0,0
Resort Hotel,1,289,2015,November,47,20,1,2,2,0.0,0,FB,PRT,Groups,TA/TO,0,1,0,A,A,0,No Deposit,134.0,0,Transient-Party,69.0,0,0
Resort Hotel,1,289,2015,November,47,20,1,2,2,0.0,0,FB,PRT,Groups,TA/TO,0,1,0,A,A,0,No Deposit,134.0,0,Transient-Party,69.0,0,0
Resort Hotel,1,289,2015,November,47,20,1,2,2,0.0,0,FB,PRT,Groups,TA/TO,0,1,0,A,A,0,No Deposit,134.0,0,Transient-Party,69.0,0,0
Resort Hotel,0,0,2015,October,40,1,0,1,2,0.0,0,BB,LUX,Online TA,TA/TO,0,0,0,A,G,3,No Deposit,,0,Transient-Party,120.0,1,2
Resort Hotel,0,67,2015,September,40,28,1,3,2,0.0,0,BB,GBR,Online TA,TA/TO,0,0,0,F,F,0,No Deposit,241.0,0,Transient,70.84,0,1
Resort Hotel,1,277,2015,October,41,5,4,10,2,0.0,0,HB,GBR,Groups,Direct,0,1,0,E,E,0,Non Refund,273.0,0,Transient,88.0,0,0
Resort Hotel,1,277,2015,October,41,5,4,10,2,0.0,0,HB,GBR,Groups,Direct,0,1,0,E,E,0,Non Refund,273.0,0,Transient,88.0,0,0
Resort Hotel,1,277,2015,October,41,5,4,10,2,0.0,0,HB,GBR,Groups,Direct,0,1,0,D,D,0,Non Refund,273.0,0,Transient,78.5,0,0
Resort Hotel,1,277,2015,October,41,5,4,10,2,0.0,0,HB,GBR,Groups,Direct,0,1,0,D,D,0,Non Refund,273.0,0,Transient,78.5,0,0
Resort Hotel,1,277,2015,October,41,5,4,10,2,0.0,0,HB,GBR,Groups,Direct,0,1,0,D,D,0,Non Refund,273.0,0,Transient,78.5,0,0
Resort Hotel,1,277,2015,October,41,5,4,10,2,0.0,0,HB,GBR,Groups,Direct,0,1,0,D,D,0,Non Refund,273.0,0,Transient,78.5,0,0
Resort Hotel,1,277,2015,October,41,5,4,10,2,0.0,0,HB,GBR,Groups,Direct,0,1,0,D,D,0,Non Refund,273.0,0,Transient,78.5,0,0
Resort Hotel,1,277,2015,October,41,5,4,10,2,0.0,0,HB,GBR,Groups,Direct,0,1,0,D,D,0,Non Refund,273.0,0,Transient,78.5,0,0
Resort Hotel,1,277,2015,October,41,5,4,10,2,0.0,0,HB,GBR,Groups,Direct,0,1,0,D,D,0,Non Refund,273.0,0,Transient,78.5,0,0
Resort Hotel,1,277,2015,October,41,5,4,10,2,0.0,0,HB,GBR,Groups,Direct,0,1,0,D,D,0,Non Refund,273.0,0,Transient,78.5,0,0
Resort Hotel,1,277,2015,October,41,5,4,10,2,0.0,0,HB,GBR,Groups,Direct,0,1,0,D,D,0,Non Refund,273.0,0,Transient,78.5,0,0
Resort Hotel,1,277,2015,October,41,5,4,10,2,0.0,0,HB,GBR,Groups,Direct,0,1,0,D,D,0,Non Refund,273.0,0,Transient,78.5,0,0
Resort Hotel,1,277,2015,October,41,5,4,10,2,0.0,0,HB,GBR,Groups,Direct,0,1,0,D,D,0,Non Refund,273.0,0,Transient,78.5,0,0
Resort Hotel,0,52,2015,September,39,26,2,5,2,0.0,0,BB,GBR,Online TA,TA/TO,0,0,0,A,A,0,No Deposit,242.0,0,Transient,72.43,0,1
Resort Hotel,0,272,2015,September,40,30,0,3,2,0.0,0,HB,FRA,Offline TA/TO,TA/TO,0,0,0,A,A,2,No Deposit,256.0,0,Transient-Party,73.0,0,0
Resort Hotel,0,272,2015,September,40,30,0,3,2,0.0,0,HB,FRA,Offline TA/TO,TA/TO,0,0,0,A,C,0,No Deposit,256.0,0,Transient-Party,73.0,0,0
Resort Hotel,0,272,2015,September,40,30,0,3,2,0.0,0,HB,FRA,Offline TA/TO,TA/TO,0,0,0,A,C,0,No Deposit,256.0,0,Transient-Party,73.0,0,0
Resort Hotel,0,272,2015,September,40,30,0,3,2,0.0,0,HB,FRA,Offline TA/TO,TA/TO,0,0,0,A,C,0,No Deposit,256.0,0,Transient-Party,73.0,0,0
Resort Hotel,0,272,2015,September,40,30,0,3,2,0.0,0,HB,FRA,Offline TA/TO,TA/TO,0,0,0,A,C,0,No Deposit,256.0,0,Transient-Party,73.0,0,0
Resort Hotel,0,272,2015,September,40,30,0,3,2,0.0,0,HB,FRA,Offline TA/TO,TA/TO,0,0,0,A,C,0,No Deposit,256.0,0,Transient-Party,73.0,0,0
Resort Hotel,0,272,2015,September,40,30,0,3,2,0.0,0,HB,FRA,Offline TA/TO,TA/TO,0,0,0,A,C,0,No Deposit,256.0,0,Transient-Party,73.0,0,0
Resort Hotel,0,0,2015,October,40,2,0,1,2,0.0,0,BB,CHE,Direct,Direct,0,0,0,G,G,0,No Deposit,,0,Transient,120.0,1,0
Resort Hotel,0,272,2015,September,40,30,0,3,2,0.0,0,HB,FRA,Offline TA/TO,TA/TO,0,0,0,A,C,0,No Deposit,256.0,0,Transient,73.0,0,0
Resort Hotel,0,42,2015,September,40,28,1,4,2,0.0,0,BB,PRT,Direct,Direct,0,0,0,A,A,0,No Deposit,250.0,0,Transient,75.8,0,0
Resort Hotel,0,64,2015,September,40,29,0,4,2,0.0,0,BB,CN,Online TA,TA/TO,0,0,0,E,E,1,No Deposit,240.0,0,Transient,92.35,0,2
Resort Hotel,0,64,2015,September,40,29,0,4,2,0.0,0,BB,CN,Online TA,TA/TO,0,0,0,E,G,1,No Deposit,240.0,0,Transient,91.35,0,2
Resort Hotel,0,169,2015,September,38,19,4,10,2,0.0,0,BB,IRL,Offline TA/TO,TA/TO,0,0,0,A,A,0,No Deposit,175.0,0,Transient,44.5,0,0
Resort Hotel,0,78,2015,September,39,26,2,5,2,0.0,0,BB,PRT,Online TA,TA/TO,0,0,0,A,A,0,No Deposit,240.0,0,Transient,74.43,1,1
Resort Hotel,0,56,2015,September,40,30,0,3,2,0.0,0,BB,LTU,Online TA,TA/TO,0,0,0,A,A,0,No Deposit,240.0,0,Transient,67.8,1,2
Resort Hotel,0,54,2015,September,40,28,1,4,2,0.0,0,HB,GBR,Offline TA/TO,TA/TO,0,0,0,D,E,0,No Deposit,142.0,0,Contract,89.84,0,0
Resort Hotel,0,51,2015,October,40,1,0,2,2,0.0,0,BB,ITA,Online TA,TA/TO,0,0,0,E,E,0,No Deposit,240.0,0,Transient,74.4,1,1
Resort Hotel,0,89,2015,September,40,27,2,4,2,0.0,0,BB,CN,Offline TA/TO,TA/TO,0,0,0,D,D,0,No Deposit,96.0,0,Transient,68.0,1,0
Resort Hotel,0,0,2015,October,40,3,0,0,2,0.0,0,BB,ESP,Direct,Direct,1,0,0,A,C,0,No Deposit,,0,Transient,0.0,1,0
Resort Hotel,0,170,2015,September,39,20,4,10,2,0.0,0,HB,GBR,Offline TA/TO,TA/TO,0,0,0,D,D,0,No Deposit,243.0,0,Contract,68.0,0,0
Resort Hotel,0,51,2015,September,40,27,2,5,2,0.0,0,BB,GBR,Offline TA/TO,TA/TO,0,0,0,D,D,0,No Deposit,243.0,0,Contract,54.0,0,1
Resort Hotel,0,138,2015,September,39,24,2,8,2,0.0,0,BB,GBR,Offline TA/TO,TA/TO,0,0,0,D,D,0,No Deposit,243.0,0,Contract,55.6,0,0
Resort Hotel,0,174,2015,September,39,24,2,8,2,0.0,0,BB,GBR,Offline TA/TO,TA/TO,0,0,0,A,A,0,No Deposit,243.0,0,Contract,37.73,0,0
Resort Hotel,0,89,2015,September,40,27,2,5,2,0.0,0,BB,ESP,Online TA,TA/TO,0,0,0,A,A,0,No Deposit,240.0,0,Transient,59.66,0,0
Resort Hotel,0,89,2015,September,39,20,4,10,2,0.0,0,HB,GBR,Offline TA/TO,TA/TO,0,0,0,E,E,0,No Deposit,40.0,0,Contract,110.43,0,0
Resort Hotel,0,0,2015,October,40,3,0,1,2,0.0,0,BB,PRT,Online TA,TA/TO,0,0,0,A,C,0,No Deposit,240.0,0,Transient,90.0,1,0
Resort Hotel,0,58,2015,September,40,28,1,5,2,0.0,0,BB,HUN,Online TA,TA/TO,0,0,0,E,E,0,No Deposit,241.0,0,Transient,67.38,0,1
Resort Hotel,0,55,2015,September,40,30,0,4,2,0.0,0,BB,IRL,Direct,Direct,0,0,0,D,E,0,No Deposit,250.0,0,Transient,68.8,0,0
Resort Hotel,0,16,2015,October,40,3,0,1,2,0.0,0,BB,PRT,Online TA,TA/TO,0,0,0,E,G,0,No Deposit,240.0,0,Transient,137.0,0,2
Resort Hotel,0,172,2015,September,40,28,2,5,2,0.0,0,BB,FRA,Offline TA/TO,TA/TO,0,0,0,A,D,0,No Deposit,6.0,0,Transient,41.84,0,0
Resort Hotel,0,269,2015,September,40,27,3,5,2,0.0,0,BB,GBR,Offline TA/TO,TA/TO,0,0,0,E,E,0,No Deposit,26.0,0,Contract,56.95,0,0
Resort Hotel,0,10,2015,September,40,28,2,5,2,0.0,0,HB,GBR,Offline TA/TO,TA/TO,0,0,0,A,A,0,No Deposit,40.0,0,Contract,65.12,0,0
Resort Hotel,0,74,2015,September,39,25,3,7,2,0.0,0,BB,FRA,Online TA,TA/TO,0,0,0,E,E,0,No Deposit,240.0,0,Transient,98.8,1,1
Resort Hotel,0,0,2015,October,41,4,1,0,2,0.0,0,BB,PRT,Direct,Direct,0,0,0,C,C,0,No Deposit,,0,Transient,76.0,0,0
Resort Hotel,0,51,2015,October,40,1,1,3,2,0.0,0,BB,FRA,Online TA,TA/TO,0,0,0,A,D,0,No Deposit,240.0,0,Transient,56.0,0,3
Resort Hotel,0,78,2015,September,39,25,3,7,2,0.0,0,HB,ESP,Offline TA/TO,TA/TO,0,0,0,D,D,0,No Deposit,134.0,0,Transient,82.0,0,0
Resort Hotel,0,0,2015,October,41,4,1,0,2,0.0,0,BB,PRT,Online TA,TA/TO,0,0,0,D,D,0,No Deposit,240.0,0,Transient-Party,66.0,0,0
Resort Hotel,0,0,2015,October,41,4,1,0,2,0.0,0,HB,DEU,Online TA,TA/TO,0,0,0,A,C,0,No Deposit,240.0,0,Transient,86.0,1,0
Resort Hotel,0,44,2015,October,40,1,1,3,2,0.0,0,BB,FIN,Online TA,TA/TO,0,0,0,A,F,0,No Deposit,240.0,0,Transient,66.3,1,2
Resort Hotel,0,49,2015,September,40,29,1,5,2,0.0,0,HB,ESP,Online TA,TA/TO,0,0,0,D,G,0,No Deposit,242.0,0,Transient,105.67,0,1
Resort Hotel,0,53,2015,September,40,27,3,5,2,0.0,0,BB,GBR,Online TA,TA/TO,0,0,0,D,D,0,No Deposit,240.0,0,Transient,74.2,0,1
Resort Hotel,0,0,2015,October,41,4,1,0,2,0.0,0,BB,PRT,Online TA,TA/TO,0,0,0,D,D,0,No Deposit,240.0,0,Transient-Party,66.0,0,0
Resort Hotel,0,1,2015,October,41,4,1,0,2,0.0,0,BB,FRA,Direct,Direct,0,0,0,F,F,0,No Deposit,,0,Transient,82.0,1,1
Resort Hotel,0,97,2015,September,40,28,2,5,2,0.0,0,BB,GBR,Online TA,TA/TO,0,0,0,D,D,0,No Deposit,147.0,0,Transient,63.79,0,2
Resort Hotel,0,202,2015,September,40,29,2,5,2,0.0,0,BB,GBR,Direct,Direct,0,0,0,E,G,0,No Deposit,250.0,0,Transient,104.67,0,1
Resort Hotel,0,230,2015,September,40,29,2,5,2,0.0,0,BB,IRL,Online TA,TA/TO,0,0,0,E,F,0,No Deposit,240.0,0,Transient,90.86,0,1
Resort Hotel,0,40,2015,September,40,29,2,5,2,0.0,0,HB,FRA,Offline TA/TO,TA/TO,0,0,0,A,A,0,No Deposit,142.0,0,Contract,90.63,1,0
Resort Hotel,0,64,2015,September,40,29,2,5,2,0.0,0,BB,GBR,Offline TA/TO,TA/TO,0,0,0,A,B,0,No Deposit,2.0,0,Contract,42.5,0,0
Resort Hotel,0,35,2015,September,40,29,2,5,2,0.0,0,HB,GBR,Offline TA/TO,TA/TO,0,0,0,A,A,0,No Deposit,40.0,0,Contract,63.29,0,0
Resort Hotel,0,106,2015,September,39,26,4,6,2,0.0,0,BB,GBR,Offline TA/TO,TA/TO,0,0,0,D,D,0,No Deposit,40.0,0,Transient,65.35,0,0
Resort Hotel,0,54,2015,September,40,30,2,4,2,0.0,0,BB,PRT,Online TA,TA/TO,0,0,0,A,A,0,No Deposit,240.0,0,Transient,65.0,1,1
Resort Hotel,0,249,2015,October,41,4,2,0,2,0.0,0,BB,FIN,Online TA,TA/TO,0,0,0,A,C,0,No Deposit,240.0,0,Transient,56.4,1,0
Resort Hotel,0,1,2015,October,41,4,2,0,2,0.0,0,BB,GBR,Online TA,TA/TO,0,0,0,E,E,0,No Deposit,240.0,0,Transient,76.0,0,0
Resort Hotel,0,0,2015,October,41,5,1,0,2,0.0,0,BB,PRT,Direct,Direct,0,0,0,D,D,0,No Deposit,,0,Transient,56.0,0,0
Resort Hotel,0,0,2015,October,41,4,2,0,2,0.0,0,BB,GBR,Direct,Direct,0,0,0,F,F,1,No Deposit,,0,Transient,76.0,1,0
Resort Hotel,0,0,2015,October,41,5,1,0,2,0.0,0,BB,POL,Online TA,TA/TO,0,0,0,A,G,0,No Deposit,,0,Transient,67.0,0,0
Resort Hotel,0,1,2015,October,41,6,0,5,2,0.0,0,BB,POL,Online TA,TA/TO,0,0,0,A,C,0,No Deposit,240.0,0,Transient,67.0,0,0
Resort Hotel,0,86,2015,September,39,23,4,10,2,0.0,0,HB,GBR,Offline TA/TO,TA/TO,0,0,0,E,E,0,No Deposit,175.0,0,Transient,98.74,0,0
Resort Hotel,0,90,2015,September,39,23,4,10,2,0.0,0,BB,GBR,Offline TA/TO,TA/TO,0,0,0,D,D,0,No Deposit,2.0,0,Contract,54.0,0,0
Resort Hotel,0,25,2015,October,41,5,1,1,2,0.0,0,BB,DEU,Offline TA/TO,TA/TO,0,0,0,A,D,0,No Deposit,8.0,0,Transient,44.5,0,0
Resort Hotel,0,27,2015,October,41,7,2,7,2,0.0,0,BB,DEU,Offline TA/TO,TA/TO,0,0,0,A,A,0,No Deposit,250.0,0,Group,67.0,0,1
Resort Hotel,0,50,2015,September,40,27,4,6,2,0.0,0,HB,IRL,Offline TA/TO,TA/TO,0,0,0,D,D,0,No Deposit,175.0,0,Transient,86.16,0,0
Resort Hotel,0,214,2015,October,40,2,2,3,2,0.0,0,BB,ESP,Offline TA/TO,TA/TO,0,0,0,A,F,0,No Deposit,258.0,0,Transient,41.4,0,0
Resort Hotel,0,270,2015,September,40,28,3,7,2,0.0,0,BB,IRL,Direct,Direct,0,0,0,A,A,0,No Deposit,95.0,0,Transient,52.0,0,0
Resort Hotel,0,84,2015,October,40,1,2,5,2,0.0,0,HB,GBR,Offline TA/TO,TA/TO,0,0,0,D,D,0,No Deposit,243.0,0,Contract,80.0,0,0
Resort Hotel,0,50,2015,October,40,1,2,5,2,0.0,0,HB,GBR,Offline TA/TO,TA/TO,0,0,0,A,A,0,No Deposit,243.0,0,Transient,61.65,0,2
Resort Hotel,0,50,2015,October,40,1,2,5,2,0.0,0,HB,GBR,Offline TA/TO,TA/TO,0,0,0,A,A,0,No Deposit,243.0,0,Transient,63.08,0,2
Resort Hotel,0,45,2015,October,40,1,2,5,2,0.0,0,BB,ITA,Online TA,TA/TO,0,0,0,A,A,0,No Deposit,242.0,0,Transient,56.0,0,1
Resort Hotel,0,55,2015,October,40,1,2,5,2,0.0,0,BB,GBR,Offline TA/TO,TA/TO,0,0,0,A,A,1,No Deposit,243.0,0,Contract,39.68,0,2
Resort Hotel,0,77,2015,September,40,28,3,7,2,0.0,0,HB,GBR,Offline TA/TO,TA/TO,0,0,0,A,A,0,No Deposit,40.0,0,Contract,72.1,0,0
Resort Hotel,0,112,2015,September,40,28,3,7,2,0.0,0,HB,POL,Direct,Direct,0,0,0,E,E,1,No Deposit,250.0,0,Transient,111.8,0,0
Resort Hotel,0,34,2015,September,40,28,3,7,2,0.0,0,BB,GBR,Offline TA/TO,TA/TO,0,0,0,A,A,0,No Deposit,40.0,0,Contract,39.95,0,0
Resort Hotel,0,315,2015,September,40,29,2,7,2,0.0,0,HB,GBR,Offline TA/TO,TA/TO,0,0,0,D,D,0,No Deposit,40.0,0,Contract,71.26,0,0
Resort Hotel,0,80,2015,September,40,27,4,7,2,0.0,0,HB,GBR,Offline TA/TO,TA/TO,0,0,0,A,D,1,No Deposit,243.0,0,Contract,85.14,0,0
Resort Hotel,0,80,2015,September,40,27,4,7,2,0.0,0,BB,GBR,Offline TA/TO,TA/TO,0,0,0,D,D,0,No Deposit,243.0,0,Contract,55.64,0,1
Resort Hotel,0,83,2015,October,41,6,0,2,2,0.0,0,BB,BRA,Online TA,TA/TO,0,0,0,A,A,0,No Deposit,240.0,0,Transient,56.0,0,2
Resort Hotel,0,0,2015,October,41,5,1,2,2,0.0,0,BB,ARG,Online TA,TA/TO,0,0,0,A,F,2,No Deposit,240.0,0,Transient,65.0,1,1
Resort Hotel,0,53,2015,October,41,4,2,2,2,0.0,0,BB,PRT,Direct,Direct,0,0,0,D,F,0,No Deposit,250.0,0,Transient,65.4,1,2
Resort Hotel,0,273,2015,October,41,4,2,2,2,0.0,0,BB,GBR,Offline TA/TO,TA/TO,0,0,0,D,D,0,No Deposit,314.0,0,Contract,48.6,0,0
Resort Hotel,0,69,2015,October,40,1,2,5,2,0.0,0,HB,GBR,Offline TA/TO,TA/TO,0,0,0,D,D,1,No Deposit,243.0,0,Transient,73.43,0,2
Resort Hotel,0,1,2015,October,41,6,0,2,2,0.0,0,BB,ESP,Direct,Direct,0,0,0,F,F,0,No Deposit,250.0,0,Transient,93.0,1,0
Resort Hotel,0,50,2015,October,40,1,2,5,2,0.0,0,BB,GBR,Offline TA/TO,TA/TO,0,0,0,D,D,0,No Deposit,243.0,0,Transient,50.03,0,0
Resort Hotel,0,20,2015,October,40,2,2,5,2,0.0,0,BB,LVA,Offline TA/TO,TA/TO,0,0,0,A,A,0,No Deposit,171.0,0,Transient-Party,44.5,0,1
Resort Hotel,0,35,2015,September,40,28,3,8,2,0.0,0,HB,GBR,Offline TA/TO,TA/TO,0,0,0,A,A,0,No Deposit,40.0,0,Contract,61.7,0,0
Resort Hotel,0,82,2015,September,40,29,2,8,2,0.0,0,BB,GBR,Offline TA/TO,TA/TO,0,0,0,A,A,0,No Deposit,40.0,0,Contract,42.5,0,1
Resort Hotel,0,67,2015,October,41,4,2,3,2,0.0,0,BB,IRL,Online TA,TA/TO,0,0,0,A,A,0,No Deposit,240.0,0,Transient,52.4,0,1
Resort Hotel,0,53,2015,September,40,29,2,8,2,0.0,0,HB,GBR,Offline TA/TO,TA/TO,0,0,0,D,D,0,No Deposit,40.0,0,Contract,68.0,0,0
Resort Hotel,0,216,2015,September,40,30,2,7,2,0.0,0,HB,FRA,Offline TA/TO,TA/TO,0,0,0,E,E,0,No Deposit,105.0,0,Transient,145.02,1,0
Resort Hotel,0,64,2015,September,40,29,2,8,2,0.0,0,HB,GBR,Offline TA/TO,TA/TO,0,0,0,E,E,0,No Deposit,40.0,0,Contract,79.8,0,0
Resort Hotel,0,246,2015,October,41,8,0,1,2,0.0,0,BB,DEU,Offline TA/TO,TA/TO,0,0,0,A,G,0,No Deposit,251.0,0,Transient-Party,41.4,0,0
Resort Hotel,0,239,2015,October,40,2,2,5,2,0.0,0,BB,GBR,Offline TA/TO,TA/TO,0,0,0,A,A,0,No Deposit,40.0,0,Contract,36.13,0,0
Resort Hotel,0,246,2015,October,41,8,0,1,2,0.0,0,BB,DEU,Offline TA/TO,TA/TO,0,0,0,A,G,0,No Deposit,251.0,0,Transient-Party,41.4,0,0
Resort Hotel,0,0,2015,October,41,5,1,3,2,0.0,0,FB,PRT,Corporate,Corporate,0,0,0,A,D,0,No Deposit,,0,Transient-Party,109.0,0,0
Resort Hotel,0,0,2015,October,41,5,1,3,2,0.0,0,FB,PRT,Corporate,Corporate,0,0,0,A,D,0,No Deposit,,0,Transient-Party,109.0,0,0
Resort Hotel,0,246,2015,October,41,8,0,1,2,0.0,0,BB,DEU,Offline TA/TO,TA/TO,0,0,0,A,D,0,No Deposit,251.0,0,Transient-Party,41.4,0,0
Resort Hotel,0,0,2015,October,41,5,1,3,2,0.0,0,FB,PRT,Corporate,Corporate,0,0,0,A,A,0,No Deposit,,0,Transient-Party,109.0,0,0
Resort Hotel,0,13,2015,October,41,7,0,2,2,0.0,0,FB,PRT,Complementary,Direct,0,0,0,F,F,0,No Deposit,,0,Transient,0.0,1,2
Resort Hotel,0,0,2015,October,41,5,1,3,2,0.0,0,FB,PRT,Corporate,Corporate,0,0,0,A,H,0,No Deposit,,0,Transient-Party,109.0,0,0
Resort Hotel,0,19,2015,October,41,5,1,3,2,0.0,0,BB,IRL,Offline TA/TO,TA/TO,0,0,0,A,C,0,No Deposit,156.0,0,Transient,42.28,0,0
Resort Hotel,0,62,2015,October,41,4,2,3,2,0.0,0,BB,IRL,Online TA,TA/TO,0,0,0,A,C,0,No Deposit,240.0,0,Transient,50.4,0,1
Resort Hotel,0,47,2015,October,41,5,1,3,2,0.0,0,BB,CN,Offline TA/TO,TA/TO,0,0,0,A,E,0,No Deposit,15.0,0,Transient,46.5,0,0
Resort Hotel,0,0,2015,October,41,5,1,3,2,0.0,0,FB,PRT,Corporate,Corporate,0,0,0,A,D,1,No Deposit,,0,Transient-Party,109.0,0,0
Resort Hotel,0,239,2015,September,40,29,2,8,2,0.0,0,BB,GBR,Offline TA/TO,TA/TO,0,0,0,A,A,0,No Deposit,26.0,0,Contract,40.7,0,0
Resort Hotel,0,69,2015,October,41,4,2,3,2,0.0,0,BB,IRL,Online TA,TA/TO,0,0,0,A,C,0,No Deposit,240.0,0,Transient,50.4,0,1
Resort Hotel,0,224,2015,October,40,2,2,5,2,0.0,0,BB,GBR,Offline TA/TO,TA/TO,0,0,0,D,D,0,No Deposit,40.0,0,Contract,45.9,0,0
Resort Hotel,0,207,2015,September,40,29,2,9,2,0.0,0,BB,GBR,Offline TA/TO,TA/TO,0,0,0,A,E,1,No Deposit,40.0,0,Contract,59.89,0,1
Resort Hotel,0,88,2015,October,41,5,1,4,2,0.0,0,BB,CN,Complementary,TA/TO,0,0,0,A,C,1,No Deposit,96.0,0,Transient,6.0,1,0
Resort Hotel,0,253,2015,October,40,3,2,5,2,0.0,0,BB,GBR,Offline TA/TO,TA/TO,0,0,0,E,E,0,No Deposit,40.0,0,Contract,54.4,0,0
Resort Hotel,0,53,2015,October,40,3,2,5,2,0.0,0,BB,GBR,Offline TA/TO,TA/TO,0,0,0,D,E,0,No Deposit,40.0,0,Contract,47.33,0,0
Resort Hotel,0,4,2015,October,41,7,0,3,2,0.0,0,BB,DEU,Direct,Direct,0,0,0,A,A,1,No Deposit,250.0,0,Transient,67.0,0,0
Resort Hotel,0,7,2015,October,41,7,0,3,2,0.0,0,HB,ESP,Offline TA/TO,TA/TO,0,0,0,A,A,0,No Deposit,196.0,0,Transient,70.5,0,1
Resort Hotel,0,0,2015,October,41,9,0,1,2,0.0,0,BB,PRT,Online TA,TA/TO,0,0,0,A,E,0,No Deposit,240.0,0,Transient,67.0,0,0
Resort Hotel,0,12,2015,October,40,3,2,5,2,0.0,0,HB,GBR,Online TA,TA/TO,0,0,0,A,A,1,No Deposit,240.0,0,Transient,116.71,0,1
Resort Hotel,0,59,2015,October,40,3,2,5,2,0.0,0,BB,GBR,Offline TA/TO,TA/TO,0,0,0,E,E,0,No Deposit,8.0,0,Contract,67.14,1,0
Resort Hotel,0,55,2015,October,41,5,1,4,2,0.0,0,BB,GBR,Offline TA/TO,TA/TO,0,0,0,D,E,1,No Deposit,314.0,0,Contract,52.8,0,0
Resort Hotel,0,53,2015,October,41,5,1,4,2,0.0,0,BB,BRA,Online TA,TA/TO,0,0,0,F,F,0,No Deposit,241.0,0,Transient,59.6,0,2
Resort Hotel,0,11,2015,October,41,10,0,1,2,0.0,0,BB,PRT,Corporate,Corporate,0,0,0,A,E,4,No Deposit,281.0,0,Contract,45.0,0,0
Resort Hotel,0,59,2015,October,41,8,0,3,2,0.0,0,BB,PRT,Corporate,Corporate,0,0,0,A,A,0,No Deposit,281.0,50,Contract,45.0,0,0
Resort Hotel,0,532,2015,October,40,2,2,7,2,0.0,0,BB,GBR,Offline TA/TO,TA/TO,0,0,0,D,D,0,No Deposit,40.0,0,Contract,47.46,0,0
Resort Hotel,0,7,2015,October,41,9,0,2,2,0.0,0,BB,PRT,Corporate,Corporate,0,0,0,A,C,0,No Deposit,,0,Contract,50.0,0,1
Resort Hotel,0,24,2015,October,41,10,0,1,2,0.0,0,BB,ESP,Online TA,TA/TO,0,0,0,A,F,0,No Deposit,240.0,0,Transient,73.0,1,2
Resort Hotel,0,99,2015,October,41,10,0,1,2,0.0,0,HB,ESP,Online TA,TA/TO,0,0,0,A,F,0,No Deposit,240.0,0,Transient,86.0,0,1
Resort Hotel,0,1,2015,October,41,5,1,5,2,0.0,0,HB,ESP,Online TA,TA/TO,0,0,0,A,A,0,No Deposit,241.0,0,Group,74.82,0,1
Resort Hotel,0,236,2015,October,41,4,2,5,2,0.0,0,BB,IRL,Offline TA/TO,TA/TO,0,0,0,D,D,0,No Deposit,5.0,0,Transient,50.03,0,1
Resort Hotel,0,5,2015,October,41,10,0,1,2,0.0,0,BB,PRT,Online TA,TA/TO,0,0,0,A,H,0,No Deposit,240.0,0,Transient,67.0,0,2
Resort Hotel,0,59,2015,October,41,8,0,3,2,0.0,0,BB,PRT,Corporate,Corporate,0,0,0,A,A,0,No Deposit,281.0,50,Contract,45.0,0,0
Resort Hotel,0,44,2015,October,41,8,0,3,2,0.0,0,BB,PRT,Corporate,Corporate,0,0,0,A,A,1,No Deposit,,0,Contract,50.0,0,0
Resort Hotel,0,33,2015,October,41,8,0,3,2,0.0,0,BB,PRT,Corporate,Corporate,0,0,0,A,A,2,No Deposit,,0,Transient,56.0,1,0
Resort Hotel,0,221,2015,October,41,10,1,1,2,0.0,0,HB,FRA,Offline TA/TO,TA/TO,0,0,0,A,A,0,No Deposit,208.0,0,Transient-Party,74.0,0,1
Resort Hotel,0,39,2015,October,40,2,3,7,2,0.0,0,HB,GBR,Offline TA/TO,TA/TO,0,0,0,D,D,0,No Deposit,40.0,0,Contract,71.3,0,0
Resort Hotel,0,221,2015,October,41,10,1,1,2,0.0,0,HB,FRA,Offline TA/TO,TA/TO,0,0,0,A,C,0,No Deposit,208.0,0,Transient-Party,74.0,0,1
Resort Hotel,0,221,2015,October,41,10,1,1,2,0.0,0,HB,FRA,Offline TA/TO,TA/TO,0,0,0,A,A,0,No Deposit,208.0,0,Transient-Party,74.0,0,1
Resort Hotel,0,221,2015,October,41,10,1,1,2,0.0,0,HB,FRA,Offline TA/TO,TA/TO,0,0,0,A,A,0,No Deposit,208.0,0,Transient-Party,74.0,0,1
Resort Hotel,0,221,2015,October,41,10,1,1,2,0.0,0,HB,FRA,Offline TA/TO,TA/TO,0,0,0,A,C,0,No Deposit,208.0,0,Transient-Party,74.0,0,1
Resort Hotel,0,221,2015,October,41,10,1,1,2,0.0,0,HB,FRA,Offline TA/TO,TA/TO,0,0,0,A,C,0,No Deposit,208.0,0,Transient-Party,74.0,0,1
Resort Hotel,0,221,2015,October,41,10,1,1,2,0.0,0,HB,FRA,Offline TA/TO,TA/TO,0,0,0,A,C,0,No Deposit,208.0,0,Transient-Party,74.0,0,1
Resort Hotel,0,221,2015,October,41,10,1,1,2,0.0,0,HB,FRA,Offline TA/TO,TA/TO,0,0,0,A,C,0,No Deposit,208.0,0,Transient-Party,74.0,0,1
Resort Hotel,0,221,2015,October,41,10,1,1,2,0.0,0,HB,FRA,Offline TA/TO,TA/TO,0,0,0,A,C,0,No Deposit,208.0,0,Transient-Party,74.0,0,1
Resort Hotel,0,221,2015,October,41,10,1,1,2,0.0,0,HB,FRA,Offline TA/TO,TA/TO,0,0,0,A,C,0,No Deposit,208.0,0,Transient-Party,74.0,0,1
Resort Hotel,0,221,2015,October,41,10,1,1,2,0.0,0,HB,FRA,Offline TA/TO,TA/TO,0,0,0,A,A,0,No Deposit,208.0,0,Transient-Party,74.0,0,1
Resort Hotel,0,221,2015,October,41,10,1,1,2,0.0,0,HB,FRA,Offline TA/TO,TA/TO,0,0,0,A,A,0,No Deposit,208.0,0,Transient-Party,74.0,0,1
Resort Hotel,0,221,2015,October,41,10,1,1,2,0.0,0,HB,PRT,Offline TA/TO,TA/TO,0,0,0,A,A,0,No Deposit,208.0,0,Transient-Party,74.0,0,1
Resort Hotel,0,221,2015,October,41,10,1,1,2,0.0,0,HB,FRA,Offline TA/TO,TA/TO,0,0,0,A,A,0,No Deposit,208.0,0,Transient-Party,74.0,0,1
Resort Hotel,0,221,2015,October,41,10,1,1,2,0.0,0,HB,FRA,Offline TA/TO,TA/TO,0,0,0,A,A,0,No Deposit,208.0,0,Transient-Party,74.0,0,1
Resort Hotel,0,1,2015,October,42,11,1,0,2,0.0,0,BB,PRT,Online TA,TA/TO,0,0,0,E,E,0,No Deposit,240.0,0,Transient,76.0,0,1
Resort Hotel,0,2,2015,October,42,11,1,0,2,0.0,0,BB,ESP,Online TA,TA/TO,0,0,0,A,A,0,No Deposit,240.0,0,Transient,50.4,0,1
Resort Hotel,0,3,2015,October,42,11,1,0,2,0.0,0,HB,ESP,Online TA,TA/TO,0,0,0,E,E,0,No Deposit,241.0,0,Transient,83.16,0,1
Resort Hotel,0,35,2015,October,41,6,1,5,2,0.0,0,BB,PRT,Offline TA/TO,TA/TO,0,0,0,A,B,0,No Deposit,171.0,0,Transient,52.5,1,0
Resort Hotel,0,0,2015,October,42,11,1,0,2,0.0,0,BB,ESP,Online TA,TA/TO,0,0,0,D,D,0,No Deposit,240.0,0,Transient,66.0,0,0
Resort Hotel,0,19,2015,October,41,10,1,1,2,0.0,0,BB,FIN,Online TA,TA/TO,0,0,0,A,F,0,No Deposit,240.0,0,Transient,66.3,0,0
Resort Hotel,0,49,2015,October,41,7,1,4,2,0.0,0,BB,IRL,Online TA,TA/TO,0,0,0,A,A,0,No Deposit,240.0,0,Transient,64.8,0,2
Resort Hotel,0,12,2015,October,41,10,1,1,2,0.0,0,BB,ESP,Online TA,TA/TO,0,0,0,A,A,0,No Deposit,242.0,0,Transient,61.5,0,1
Resort Hotel,0,9,2015,October,41,8,1,3,2,0.0,0,BB,ESP,Online TA,TA/TO,0,0,0,D,D,0,No Deposit,240.0,0,Transient,80.25,1,0
Resort Hotel,0,5,2015,October,41,10,1,1,2,0.0,0,BB,ESP,Online TA,TA/TO,0,0,0,A,G,0,No Deposit,240.0,0,Transient,61.5,0,2
Resort Hotel,1,283,2015,October,42,12,2,5,2,0.0,0,HB,GBR,Groups,Direct,0,0,0,E,E,0,No Deposit,273.0,0,Transient-Party,75.86,0,0
Resort Hotel,0,0,2015,October,42,11,1,0,2,0.0,0,BB,FRA,Direct,Direct,0,0,0,A,A,0,No Deposit,,0,Transient,62.0,1,0
Resort Hotel,0,16,2015,October,41,10,1,1,2,0.0,0,BB,ESP,Online TA,TA/TO,0,0,0,A,D,0,No Deposit,240.0,0,Transient,61.5,0,1
Resort Hotel,0,2,2015,October,42,11,1,0,2,0.0,0,BB,ESP,Online TA,TA/TO,0,0,0,A,A,0,No Deposit,240.0,0,Transient,50.4,0,1
Resort Hotel,0,1,2015,October,42,11,1,0,2,0.0,0,BB,PRT,Direct,Direct,0,0,0,A,A,0,No Deposit,,0,Transient,50.4,0,0
Resort Hotel,0,1,2015,October,42,11,1,0,2,0.0,0,HB,ESP,Online TA,TA/TO,0,0,0,E,E,1,No Deposit,240.0,0,Transient,106.0,0,1
Resort Hotel,0,0,2015,October,42,12,1,0,2,0.0,0,HB,ESP,Online TA,TA/TO,1,0,0,F,F,0,No Deposit,,0,Transient,106.0,0,1
Resort Hotel,1,287,2015,October,42,15,1,3,2,0.0,0,BB,GBR,Groups,Corporate,0,1,0,A,I,1,No Deposit,,0,Transient-Party,44.5,0,0
Resort Hotel,0,277,2015,October,41,6,2,5,2,0.0,0,HB,GBR,Groups,Direct,0,0,0,E,E,0,No Deposit,273.0,0,Transient-Party,77.29,0,0
Resort Hotel,0,277,2015,October,41,6,2,5,2,0.0,0,HB,GBR,Groups,Direct,0,0,0,D,E,0,No Deposit,273.0,0,Transient-Party,68.74,0,0
Resort Hotel,0,277,2015,October,41,6,2,5,2,0.0,0,HB,GBR,Groups,Direct,0,0,0,D,E,0,No Deposit,273.0,0,Transient-Party,68.74,0,0
Resort Hotel,0,277,2015,October,41,6,2,5,2,0.0,0,HB,GBR,Groups,Direct,0,0,0,D,E,0,No Deposit,273.0,0,Transient-Party,68.74,0,0
Resort Hotel,0,123,2015,October,41,6,2,5,2,0.0,0,BB,GBR,Online TA,TA/TO,0,0,0,D,D,0,No Deposit,147.0,0,Transient,43.3,0,1
Resort Hotel,0,277,2015,October,41,6,2,5,2,0.0,0,HB,GBR,Groups,Direct,0,0,0,D,E,0,No Deposit,273.0,0,Transient-Party,68.74,0,0
Resort Hotel,0,277,2015,October,41,6,2,5,2,0.0,0,HB,GBR,Groups,Direct,0,0,0,D,E,0,No Deposit,273.0,0,Transient-Party,68.74,0,0
Resort Hotel,0,277,2015,October,41,6,2,5,2,0.0,0,HB,GBR,Groups,Direct,0,0,0,D,D,0,No Deposit,273.0,0,Transient-Party,68.74,0,0
Resort Hotel,0,277,2015,October,41,6,2,5,2,0.0,0,HB,GBR,Groups,Direct,0,0,0,D,E,0,No Deposit,273.0,0,Transient-Party,68.74,0,0
Resort Hotel,0,277,2015,October,41,6,2,5,2,0.0,0,HB,GBR,Groups,Direct,0,0,0,D,D,0,No Deposit,273.0,0,Transient-Party,68.74,0,0
Resort Hotel,0,153,2015,September,40,29,4,10,2,0.0,0,HB,GBR,Offline TA/TO,TA/TO,0,0,0,D,D,1,No Deposit,40.0,0,Contract,80.54,0,0
Resort Hotel,0,8,2015,October,41,7,2,4,2,0.0,0,BB,PRT,Corporate,Corporate,0,0,0,A,A,2,No Deposit,281.0,0,Contract,45.0,0,0
Resort Hotel,0,44,2015,October,40,3,4,6,2,0.0,0,HB,GBR,Offline TA/TO,TA/TO,0,0,0,A,A,0,No Deposit,314.0,0,Contract,77.84,0,0
Resort Hotel,0,2,2015,October,42,12,1,0,2,0.0,0,BB,FRA,Online TA,TA/TO,0,0,0,E,E,0,No Deposit,240.0,0,Transient,76.0,0,1
Resort Hotel,0,120,2015,October,41,6,2,5,2,0.0,0,BB,NOR,Online TA,TA/TO,0,0,0,E,E,1,No Deposit,240.0,0,Transient,76.0,0,0
Resort Hotel,0,152,2015,October,42,12,1,0,2,0.0,0,BB,COL,Online TA,TA/TO,0,0,0,E,F,0,No Deposit,240.0,0,Transient,76.0,0,2
Resort Hotel,0,44,2015,October,40,1,4,8,2,0.0,0,BB,FRA,Online TA,TA/TO,0,0,0,A,E,0,No Deposit,240.0,0,Transient,78.5,0,1
Resort Hotel,0,277,2015,October,41,6,2,5,2,0.0,0,HB,GBR,Groups,Direct,0,0,0,D,D,2,No Deposit,273.0,0,Transient-Party,67.31,0,0
Resort Hotel,0,123,2015,October,41,6,2,5,2,0.0,0,BB,GBR,Online TA,TA/TO,0,0,0,D,D,0,No Deposit,147.0,0,Transient,43.3,0,1
Resort Hotel,0,201,2016,May,21,16,1,5,2,0.0,0,BB,GBR,Offline TA/TO,TA/TO,1,0,0,D,D,3,No Deposit,115.0,0,Transient,52.2,0,2
Resort Hotel,0,285,2015,October,42,13,0,0,2,0.0,0,BB,GBR,Groups,Corporate,0,0,0,A,I,1,No Deposit,,0,Transient-Party,0.0,0,0
Resort Hotel,0,285,2015,October,42,14,0,0,2,0.0,0,HB,GBR,Groups,Direct,0,0,0,E,E,1,No Deposit,273.0,0,Transient-Party,0.0,0,0
Resort Hotel,0,287,2015,October,42,15,0,0,2,0.0,0,BB,GBR,Groups,Corporate,0,0,1,A,I,2,No Deposit,,0,Transient-Party,0.0,0,0
Resort Hotel,0,6,2015,October,42,11,2,1,2,0.0,0,BB,GBR,Offline TA/TO,TA/TO,0,0,0,D,D,0,No Deposit,36.0,0,Transient,52.8,0,0
Resort Hotel,0,0,2015,October,42,13,0,1,2,0.0,0,BB,PRT,Corporate,Corporate,0,0,0,A,A,0,No Deposit,,0,Transient,53.0,0,0
Resort Hotel,0,193,2015,October,42,13,0,1,2,0.0,0,BB,DEU,Offline TA/TO,TA/TO,0,0,0,A,A,0,No Deposit,251.0,0,Transient,46.0,0,0
Resort Hotel,0,14,2015,October,42,13,0,1,2,0.0,0,BB,ESP,Online TA,TA/TO,0,0,0,A,D,0,No Deposit,240.0,0,Transient,62.0,1,0
Resort Hotel,0,16,2015,October,42,14,0,1,2,0.0,0,BB,ESP,Online TA,TA/TO,0,0,0,A,D,0,No Deposit,240.0,0,Transient,56.0,1,1
Resort Hotel,0,0,2015,October,42,13,0,1,2,0.0,0,BB,PRT,Direct,Direct,0,0,0,A,A,0,No Deposit,,0,Transient,56.0,0,0
Resort Hotel,0,204,2015,October,41,7,2,5,2,0.0,0,BB,GBR,Offline TA/TO,TA/TO,0,0,0,D,D,0,No Deposit,26.0,0,Contract,55.46,1,0
Resort Hotel,0,6,2015,October,42,12,1,1,2,0.0,0,HB,DEU,Online TA,TA/TO,0,0,0,E,E,0,No Deposit,242.0,0,Transient,108.0,0,0
Resort Hotel,0,1,2015,October,42,13,0,1,2,0.0,0,BB,DOM,Online TA,TA/TO,0,0,0,D,D,1,No Deposit,240.0,0,Transient,66.0,0,1
Resort Hotel,0,286,2015,October,42,14,2,4,2,0.0,0,BB,GBR,Groups,Corporate,0,0,0,A,D,2,No Deposit,,0,Transient-Party,44.5,0,0
Resort Hotel,0,1,2015,October,42,13,0,1,2,0.0,0,BB,USA,Online TA,TA/TO,0,0,0,D,D,1,No Deposit,240.0,0,Transient,66.0,0,1
Resort Hotel,0,8,2015,October,42,11,2,1,2,0.0,0,HB,ITA,Online TA,TA/TO,0,0,0,E,E,0,No Deposit,240.0,0,Transient,106.0,0,1
Resort Hotel,0,5,2015,October,42,13,0,1,2,0.0,0,BB,PRT,Direct,Direct,0,0,0,D,D,0,No Deposit,250.0,0,Transient,66.0,0,2
Resort Hotel,0,10,2015,October,42,11,2,2,2,0.0,0,BB,GBR,Offline TA/TO,TA/TO,0,0,0,A,A,1,No Deposit,40.0,0,Transient,38.12,0,0
Resort Hotel,0,22,2015,October,41,8,2,5,2,0.0,0,BB,GBR,Offline TA/TO,TA/TO,0,0,0,A,A,0,No Deposit,40.0,0,Contract,36.12,0,0
Resort Hotel,0,49,2015,October,41,5,3,7,2,0.0,0,BB,GBR,Offline TA/TO,TA/TO,0,0,0,E,E,0,No Deposit,40.0,0,Contract,56.4,0,1
Resort Hotel,0,1,2015,October,42,13,0,2,2,0.0,0,BB,PRT,Online TA,TA/TO,0,0,0,A,A,0,No Deposit,240.0,0,Transient,56.4,1,1
Resort Hotel,0,0,2015,October,42,14,0,1,2,0.0,0,BB,NLD,Online TA,TA/TO,0,0,0,E,E,0,No Deposit,240.0,0,Transient,66.0,0,2
Resort Hotel,0,287,2015,October,42,15,1,3,2,0.0,0,BB,NLD,Online TA,TA/TO,0,0,0,A,E,3,No Deposit,,0,Transient-Party,44.5,0,2
Resort Hotel,0,167,2015,October,42,13,0,2,2,0.0,0,BB,GBR,Online TA,TA/TO,0,0,0,A,D,0,No Deposit,240.0,0,Transient,56.0,0,2
Resort Hotel,0,287,2015,October,42,15,0,3,2,0.0,0,BB,GBR,Online TA,TA/TO,0,0,0,A,D,1,No Deposit,,0,Transient-Party,44.5,0,2
Resort Hotel,0,172,2015,October,43,18,1,0,2,0.0,0,BB,GBR,Online TA,TA/TO,0,0,1,A,D,0,No Deposit,240.0,0,Transient,56.0,0,2
Resort Hotel,0,12,2015,October,42,12,1,2,2,0.0,0,BB,ITA,Online TA,TA/TO,0,0,0,D,D,0,No Deposit,240.0,0,Transient,72.0,1,1
Resort Hotel,0,5,2015,October,41,10,2,3,2,0.0,0,BB,ESP,Online TA,TA/TO,0,0,0,D,D,0,No Deposit,240.0,0,Transient,74.2,0,0
Resort Hotel,0,0,2015,October,42,12,1,2,2,0.0,0,BB,PRT,Direct,Direct,0,0,0,D,D,0,No Deposit,,0,Transient,72.0,1,0
Resort Hotel,0,5,2015,October,42,11,2,2,2,0.0,0,BB,NLD,Online TA,TA/TO,0,0,0,A,A,0,No Deposit,,0,Transient,50.4,0,1
Resort Hotel,0,0,2015,October,42,12,1,2,2,0.0,0,BB,PRT,Direct,Direct,0,0,0,A,E,0,No Deposit,,0,Transient,76.67,1,1
Resort Hotel,0,286,2015,October,42,14,0,1,2,0.0,0,BB,GBR,Groups,Corporate,0,0,0,A,A,1,No Deposit,,0,Transient-Party,44.5,0,0
Resort Hotel,0,286,2015,October,42,14,0,1,2,0.0,0,BB,GBR,Groups,Corporate,0,0,0,A,A,1,No Deposit,,0,Transient-Party,44.5,0,0
Resort Hotel,0,287,2015,October,42,15,0,0,2,0.0,0,BB,GBR,Groups,Corporate,0,0,0,A,I,2,No Deposit,,0,Transient-Party,0.0,0,0
Resort Hotel,0,20,2015,October,42,11,2,2,2,0.0,0,BB,DEU,Online TA,TA/TO,0,0,0,A,A,0,No Deposit,241.0,0,Transient,43.12,0,1
Resort Hotel,0,167,2015,October,40,1,4,10,2,0.0,0,BB,GBR,Offline TA/TO,TA/TO,0,0,0,D,D,0,No Deposit,243.0,0,Contract,50.03,0,0
Resort Hotel,0,4,2015,October,42,13,0,2,2,0.0,0,BB,GBR,Direct,Direct,0,0,0,F,F,0,No Deposit,250.0,0,Transient,76.0,0,2
Resort Hotel,0,0,2015,October,42,12,1,2,2,0.0,0,BB,GBR,Direct,Direct,0,0,0,A,A,0,No Deposit,,0,Transient,62.0,1,1
Resort Hotel,0,287,2015,October,42,15,1,3,2,0.0,0,BB,GBR,Direct,Direct,0,0,0,A,A,2,No Deposit,,0,Transient-Party,46.5,1,1
Resort Hotel,0,67,2015,October,42,11,2,2,2,0.0,0,BB,IRL,Online TA,TA/TO,0,0,0,D,D,0,No Deposit,240.0,0,Transient,61.4,0,1
Resort Hotel,0,141,2015,October,42,11,2,3,2,0.0,0,BB,IRL,Offline TA/TO,TA/TO,0,0,0,E,E,0,No Deposit,314.0,0,Contract,62.8,0,0
Resort Hotel,0,141,2015,October,42,11,2,3,2,0.0,0,BB,IRL,Offline TA/TO,TA/TO,0,0,0,E,E,0,No Deposit,314.0,0,Contract,62.8,0,0
Resort Hotel,0,7,2015,October,42,12,1,3,2,0.0,0,FB,PRT,Corporate,Corporate,0,0,0,A,A,1,Non Refund,,0,Transient-Party,109.0,0,0
Resort Hotel,0,7,2015,October,42,12,1,3,2,0.0,0,FB,PRT,Corporate,Corporate,0,0,0,A,A,0,Non Refund,,0,Transient-Party,109.0,0,0
Resort Hotel,0,7,2015,October,42,12,1,3,2,0.0,0,FB,PRT,Corporate,Corporate,0,0,0,A,A,0,Non Refund,,0,Transient-Party,109.0,0,0
Resort Hotel,0,53,2015,October,42,13,0,3,2,0.0,0,BB,ESP,Offline TA/TO,TA/TO,0,0,0,D,D,1,No Deposit,314.0,0,Contract,58.8,1,0
Resort Hotel,0,7,2015,October,42,12,1,3,2,0.0,0,FB,PRT,Corporate,Corporate,0,0,0,A,A,0,Non Refund,,0,Transient-Party,109.0,0,0
Resort Hotel,0,7,2015,October,42,12,1,3,2,0.0,0,FB,PRT,Corporate,Corporate,0,0,0,A,A,0,Non Refund,,0,Transient-Party,109.0,0,0
Resort Hotel,0,7,2015,October,42,12,1,4,2,0.0,0,BB,ESP,Online TA,TA/TO,0,0,0,A,A,0,No Deposit,240.0,0,Transient,60.4,0,2
Resort Hotel,0,8,2015,October,42,15,0,2,2,0.0,0,BB,PRT,Online TA,TA/TO,0,0,0,D,F,0,No Deposit,240.0,0,Transient,83.0,1,0
Resort Hotel,0,127,2015,October,42,11,2,5,2,0.0,0,BB,IRL,Online TA,TA/TO,0,0,0,D,D,0,No Deposit,241.0,0,Transient,62.04,0,1
Resort Hotel,0,287,2015,October,42,15,0,3,2,0.0,0,BB,GBR,Groups,Corporate,0,0,0,A,E,1,No Deposit,,0,Transient-Party,44.5,0,0
Resort Hotel,0,287,2015,October,42,15,0,3,2,0.0,0,BB,BEL,Groups,Corporate,0,0,0,A,A,1,No Deposit,,0,Transient-Party,44.5,0,0
Resort Hotel,0,287,2015,October,42,15,0,3,2,0.0,0,BB,GBR,Groups,Corporate,0,0,0,A,F,1,No Deposit,,0,Transient-Party,44.5,0,0
Resort Hotel,0,287,2015,October,42,15,0,3,2,0.0,0,BB,GBR,Groups,Corporate,0,0,0,A,F,1,No Deposit,,0,Transient-Party,44.5,0,0
Resort Hotel,0,3,2015,October,43,18,1,0,2,0.0,0,BB,GBR,Groups,Corporate,0,0,0,A,F,0,No Deposit,,0,Transient,76.0,0,0
Resort Hotel,0,174,2015,October,41,8,2,8,2,0.0,0,BB,GBR,Offline TA/TO,TA/TO,0,0,0,D,F,1,No Deposit,243.0,0,Contract,70.6,0,0
Resort Hotel,0,287,2015,October,42,15,0,3,2,0.0,0,BB,GBR,Groups,Corporate,0,0,0,A,E,1,No Deposit,,0,Transient-Party,44.5,0,0
Resort Hotel,0,287,2015,October,42,15,0,3,2,0.0,0,BB,GBR,Groups,Corporate,0,0,0,A,D,0,No Deposit,,0,Transient-Party,50.5,1,0
Resort Hotel,0,287,2015,October,42,15,0,3,2,0.0,0,BB,GBR,Groups,Corporate,0,0,0,A,E,1,No Deposit,,0,Transient-Party,46.5,1,0
Resort Hotel,0,287,2015,October,42,15,0,3,2,0.0,0,BB,GBR,Groups,Corporate,0,0,0,A,E,1,No Deposit,,0,Transient-Party,44.5,0,0
Resort Hotel,0,7,2015,October,42,15,0,3,2,0.0,0,BB,PRT,Groups,Corporate,0,0,0,A,A,2,No Deposit,,0,Transient-Party,44.5,0,0
Resort Hotel,0,5,2015,October,41,10,2,6,2,0.0,0,BB,NLD,Offline TA/TO,TA/TO,0,0,0,A,A,0,No Deposit,36.0,0,Transient,42.0,0,0
Resort Hotel,0,287,2015,October,42,15,0,3,2,0.0,0,BB,BEL,Groups,Corporate,0,0,0,A,E,1,No Deposit,,0,Transient-Party,44.5,0,0
Resort Hotel,0,287,2015,October,42,15,0,3,2,0.0,0,BB,GBR,Groups,Corporate,0,0,0,A,E,1,No Deposit,,0,Transient-Party,44.5,0,0
Resort Hotel,0,130,2015,October,42,16,0,2,2,0.0,0,BB,USA,Online TA,TA/TO,0,0,0,F,E,0,No Deposit,241.0,0,Transient,92.4,0,0
Resort Hotel,0,287,2015,October,42,15,0,3,2,0.0,0,BB,NLD,Groups,Corporate,0,0,0,A,E,1,No Deposit,,0,Transient-Party,44.5,0,0
Resort Hotel,0,275,2015,October,41,4,4,10,2,0.0,0,BB,IRL,Offline TA/TO,TA/TO,0,0,0,D,D,0,No Deposit,314.0,0,Contract,47.33,0,0
Resort Hotel,0,287,2015,October,42,15,0,3,2,0.0,0,BB,BEL,Groups,Corporate,0,0,0,A,G,1,No Deposit,,0,Transient-Party,44.5,0,0
Resort Hotel,0,73,2015,October,43,18,2,3,2,0.0,0,BB,BEL,Groups,TA/TO,0,0,0,E,E,0,No Deposit,240.0,0,Transient,65.0,0,3
Resort Hotel,0,7,2015,October,42,15,0,3,2,0.0,0,BB,BEL,Groups,Corporate,0,0,0,A,E,1,No Deposit,,0,Transient-Party,44.5,0,0
Resort Hotel,0,73,2015,October,43,18,2,3,2,0.0,0,BB,BEL,Groups,TA/TO,0,0,0,E,E,0,No Deposit,240.0,0,Transient,65.0,0,3
Resort Hotel,0,287,2015,October,42,15,0,3,2,0.0,0,BB,GBR,Groups,Corporate,0,0,0,A,E,1,No Deposit,,0,Transient-Party,44.5,0,0
Resort Hotel,0,3,2015,October,43,18,1,0,2,0.0,0,BB,GBR,Groups,Corporate,0,0,0,A,E,0,No Deposit,,0,Transient,76.0,0,0
Resort Hotel,0,287,2015,October,42,15,0,3,2,0.0,0,BB,GBR,Groups,Corporate,0,0,0,A,E,1,No Deposit,,0,Transient-Party,44.5,0,0
Resort Hotel,0,59,2015,October,43,18,1,0,2,0.0,0,BB,GBR,Groups,TA/TO,0,0,0,A,E,0,No Deposit,240.0,0,Transient,56.0,0,1
Resort Hotel,0,287,2015,October,42,15,0,3,2,0.0,0,BB,GBR,Groups,Corporate,0,0,0,A,A,1,No Deposit,,0,Transient-Party,44.5,0,0
Resort Hotel,0,287,2015,October,42,15,0,3,2,0.0,0,BB,GBR,Groups,Corporate,0,0,0,A,E,1,No Deposit,,0,Transient-Party,44.5,0,0
Resort Hotel,0,58,2015,October,43,18,2,2,2,0.0,0,BB,GBR,Groups,TA/TO,0,0,0,A,E,0,No Deposit,240.0,0,Transient,56.0,0,2
Resort Hotel,0,287,2015,October,42,15,1,3,2,0.0,0,BB,ITA,Groups,Corporate,0,0,0,A,D,1,No Deposit,,0,Transient-Party,44.5,0,0
Resort Hotel,0,287,2015,October,42,15,1,3,2,0.0,0,BB,GBR,Groups,Corporate,0,0,0,A,A,2,No Deposit,,0,Transient-Party,49.0,1,0
Resort Hotel,0,287,2015,October,42,15,1,3,2,0.0,0,BB,GBR,Groups,Corporate,0,0,0,A,D,0,No Deposit,,0,Transient-Party,52.5,1,0
Resort Hotel,0,287,2015,October,42,15,1,3,2,0.0,0,BB,BEL,Groups,Corporate,0,0,0,A,A,3,No Deposit,,0,Transient-Party,50.5,1,0
Resort Hotel,0,287,2015,October,42,15,1,3,2,0.0,0,BB,GBR,Groups,Corporate,0,0,0,A,A,0,No Deposit,,0,Transient-Party,46.5,0,0
Resort Hotel,0,286,2015,October,42,14,1,4,2,0.0,0,BB,GBR,Groups,Corporate,0,0,0,A,A,1,No Deposit,,0,Transient-Party,46.5,0,0
Resort Hotel,0,287,2015,October,42,15,1,3,2,0.0,0,BB,GBR,Groups,Corporate,0,0,0,A,A,0,No Deposit,,0,Transient-Party,46.5,0,0
Resort Hotel,0,287,2015,October,42,15,1,3,2,0.0,0,BB,GBR,Groups,Corporate,0,0,0,A,A,0,No Deposit,,0,Transient-Party,44.5,0,0
Resort Hotel,0,287,2015,October,42,15,1,3,2,0.0,0,BB,GBR,Groups,Corporate,0,0,0,A,D,1,No Deposit,,0,Transient-Party,52.5,1,0
Resort Hotel,0,287,2015,October,42,15,1,3,2,0.0,0,BB,GBR,Groups,Corporate,0,0,0,A,A,0,No Deposit,,0,Transient-Party,44.5,0,0
Resort Hotel,0,287,2015,October,42,15,1,3,2,0.0,0,BB,GBR,Groups,Corporate,0,0,0,A,D,1,No Deposit,,0,Transient-Party,44.5,0,0
Resort Hotel,0,287,2015,October,42,15,1,3,2,0.0,0,BB,GBR,Groups,Corporate,0,0,0,A,A,0,No Deposit,,0,Transient-Party,44.5,0,0
Resort Hotel,0,287,2015,October,42,15,1,3,2,0.0,0,BB,GBR,Groups,Corporate,0,0,0,A,D,1,No Deposit,,0,Transient-Party,44.5,0,0
Resort Hotel,0,287,2015,October,42,15,1,3,2,0.0,0,BB,GBR,Groups,Corporate,0,0,0,A,D,1,No Deposit,,0,Transient-Party,44.5,0,0
Resort Hotel,0,283,2015,October,42,12,2,5,2,0.0,0,BB,GBR,Groups,Direct,0,0,0,D,D,0,No Deposit,273.0,0,Transient-Party,69.02,0,0
Resort Hotel,0,287,2015,October,42,15,1,3,2,0.0,0,BB,GBR,Groups,Corporate,0,0,0,A,A,0,No Deposit,,0,Transient-Party,44.5,0,0
Resort Hotel,0,287,2015,October,42,15,1,3,2,0.0,0,BB,GBR,Groups,Corporate,0,0,0,A,D,0,No Deposit,,0,Transient-Party,44.5,0,0
Resort Hotel,0,287,2015,October,42,15,1,3,2,0.0,0,BB,GBR,Groups,Corporate,0,0,0,A,E,2,No Deposit,,0,Transient-Party,44.5,0,0
Resort Hotel,0,287,2015,October,42,15,1,3,2,0.0,0,BB,GBR,Groups,Corporate,0,0,0,A,D,1,No Deposit,,0,Transient-Party,44.5,0,0
Resort Hotel,0,287,2015,October,42,15,1,3,2,0.0,0,BB,GBR,Groups,Corporate,0,0,0,A,A,0,No Deposit,,0,Transient-Party,44.5,0,0
Resort Hotel,0,286,2015,October,42,14,1,4,2,0.0,0,BB,GBR,Groups,Corporate,0,0,0,A,A,1,No Deposit,,0,Transient-Party,44.5,0,0
Resort Hotel,0,287,2015,October,42,15,1,3,2,0.0,0,BB,GBR,Groups,Corporate,0,0,0,A,A,0,No Deposit,,0,Transient-Party,44.5,0,0
Resort Hotel,0,0,2015,October,43,18,1,0,2,0.0,0,BB,PRT,Online TA,TA/TO,0,0,0,A,A,0,No Deposit,240.0,0,Transient,67.0,0,0
Resort Hotel,0,287,2015,October,42,15,1,3,2,0.0,0,BB,GBR,Groups,Corporate,0,0,0,A,A,0,No Deposit,,0,Transient-Party,40.75,0,0
Resort Hotel,0,287,2015,October,42,15,1,3,2,0.0,0,BB,GBR,Groups,Corporate,0,0,0,A,A,0,No Deposit,,0,Transient-Party,44.5,0,0
Resort Hotel,0,287,2015,October,42,15,1,3,2,0.0,0,BB,GBR,Groups,Corporate,0,0,0,A,A,0,No Deposit,,0,Transient-Party,46.5,0,0
Resort Hotel,0,287,2015,October,42,15,1,3,2,0.0,0,BB,GBR,Groups,Corporate,0,0,0,A,A,0,No Deposit,,0,Transient-Party,46.5,0,0
Resort Hotel,0,287,2015,October,42,15,1,3,2,0.0,0,BB,GBR,Groups,Corporate,0,0,0,A,A,0,No Deposit,,0,Transient-Party,44.5,0,0
Resort Hotel,0,287,2015,October,42,15,1,3,2,0.0,0,BB,GBR,Groups,Corporate,0,0,0,A,A,0,No Deposit,,0,Transient-Party,52.5,1,0
Resort Hotel,0,287,2015,October,42,15,1,3,2,0.0,0,BB,GBR,Groups,Corporate,0,0,0,A,D,1,No Deposit,,0,Transient-Party,46.5,0,0
Resort Hotel,0,287,2015,October,42,15,1,3,2,0.0,0,BB,GBR,Groups,Corporate,0,0,0,A,C,0,No Deposit,,0,Transient-Party,46.5,0,0
Resort Hotel,0,287,2015,October,42,15,1,3,2,0.0,0,BB,GBR,Groups,Corporate,0,0,0,A,D,1,No Deposit,,0,Transient-Party,50.5,1,0
Resort Hotel,0,283,2015,October,42,12,2,5,2,0.0,0,BB,GBR,Groups,Direct,0,0,0,D,D,0,No Deposit,273.0,0,Transient-Party,70.16,0,0
Resort Hotel,0,283,2015,October,42,12,2,5,2,0.0,0,BB,IRL,Groups,Direct,0,0,0,D,D,0,No Deposit,273.0,0,Transient-Party,68.74,0,0
Resort Hotel,0,283,2015,October,42,12,2,5,2,0.0,0,BB,GBR,Groups,Direct,0,0,0,E,E,0,No Deposit,273.0,0,Transient-Party,77.29,0,0
Resort Hotel,0,283,2015,October,42,12,2,5,2,0.0,0,BB,GBR,Groups,Direct,0,0,0,E,E,0,No Deposit,273.0,0,Transient-Party,77.57,0,0
Resort Hotel,0,283,2015,October,42,12,2,5,2,0.0,0,BB,GBR,Groups,Direct,0,0,0,D,D,0,No Deposit,273.0,0,Transient-Party,67.31,0,0
Resort Hotel,0,0,2015,October,43,18,1,0,2,0.0,0,BB,GBR,Groups,Corporate,0,0,0,A,F,0,No Deposit,,0,Transient,58.0,0,0
Resort Hotel,0,2,2015,October,42,17,1,1,2,0.0,0,BB,PRT,Online TA,TA/TO,0,0,0,D,D,0,No Deposit,,0,Transient,87.5,1,1
Resort Hotel,0,287,2015,October,42,15,1,3,2,0.0,0,BB,GBR,Groups,Corporate,0,0,0,A,D,1,No Deposit,,0,Transient-Party,44.5,0,0
Resort Hotel,0,0,2015,October,42,17,1,1,2,0.0,0,BB,PRT,Direct,Direct,0,0,0,D,D,0,No Deposit,,0,Transient,73.0,1,0
Resort Hotel,0,1,2016,July,29,16,1,1,2,0.0,0,BB,PRT,Direct,Direct,1,0,1,A,A,0,No Deposit,,0,Transient,142.0,1,0
Resort Hotel,0,283,2015,October,42,12,2,5,2,0.0,0,BB,GBR,Groups,Direct,0,0,0,D,D,0,No Deposit,273.0,0,Transient-Party,67.31,0,0
Resort Hotel,0,283,2015,October,42,12,2,5,2,0.0,0,BB,GBR,Groups,Direct,0,0,0,D,D,0,No Deposit,273.0,0,Transient-Party,67.31,0,0
Resort Hotel,0,283,2015,October,42,12,2,5,2,0.0,0,BB,GBR,Groups,Direct,0,0,0,D,D,1,No Deposit,273.0,0,Transient-Party,67.31,0,0
Resort Hotel,0,283,2015,October,42,12,2,5,2,0.0,0,BB,GBR,Groups,Direct,0,0,0,D,D,1,No Deposit,273.0,0,Transient-Party,68.74,0,0
Resort Hotel,0,283,2015,October,42,12,2,5,2,0.0,0,BB,GBR,Groups,Direct,0,0,0,D,D,0,No Deposit,273.0,0,Transient-Party,69.02,0,0
Resort Hotel,0,283,2015,October,42,12,2,5,2,0.0,0,BB,GBR,Groups,Direct,0,0,0,D,D,0,No Deposit,273.0,0,Transient-Party,67.31,0,0
Resort Hotel,0,73,2015,October,42,17,1,1,2,0.0,0,BB,PRT,Online TA,TA/TO,0,0,0,E,G,0,No Deposit,240.0,0,Transient,70.5,0,2
Resort Hotel,0,52,2016,December,50,8,0,3,2,0.0,0,BB,PRT,Direct,TA/TO,1,0,1,D,D,1,No Deposit,250.0,0,Transient,62.2,0,2
Resort Hotel,0,9,2015,October,42,14,1,4,2,0.0,0,BB,PRT,Online TA,TA/TO,0,0,0,A,A,0,No Deposit,241.0,0,Transient,48.2,0,1
Resort Hotel,0,153,2015,October,42,14,1,4,2,0.0,0,BB,GBR,Offline TA/TO,TA/TO,0,0,0,E,E,0,No Deposit,8.0,0,Contract,57.6,0,1
Resort Hotel,0,0,2015,October,43,18,1,0,2,0.0,0,BB,PRT,Direct,Direct,0,0,0,E,E,0,No Deposit,,0,Transient,76.0,0,0
Resort Hotel,0,6,2015,October,42,13,1,5,2,0.0,0,BB,NLD,Online TA,TA/TO,0,0,0,D,D,1,No Deposit,240.0,0,Transient,73.33,1,3
Resort Hotel,0,287,2015,October,42,15,1,3,2,0.0,0,BB,GBR,Groups,Corporate,0,0,0,A,D,0,No Deposit,,0,Transient-Party,44.5,0,0
Resort Hotel,0,285,2015,October,42,13,1,5,2,0.0,0,BB,GBR,Groups,Corporate,0,0,0,A,G,1,No Deposit,,0,Transient-Party,43.08,1,0
Resort Hotel,0,168,2016,March,14,30,2,4,2,0.0,0,BB,GBR,Groups,Corporate,0,0,1,A,I,4,No Deposit,,0,Transient-Party,0.0,0,0
Resort Hotel,0,7,2017,March,9,2,1,3,2,0.0,0,BB,NLD,Groups,Corporate,1,0,2,D,F,2,No Deposit,,0,Transient-Party,47.0,0,0
Resort Hotel,0,287,2015,October,42,15,1,3,2,0.0,0,BB,GBR,Groups,Corporate,0,0,0,A,A,0,No Deposit,,0,Transient-Party,44.5,0,0
Resort Hotel,0,287,2015,October,42,15,1,3,2,0.0,0,BB,GBR,Groups,Corporate,0,0,0,A,A,0,No Deposit,,0,Transient-Party,44.5,0,0
Resort Hotel,0,287,2015,October,42,15,1,3,2,0.0,0,BB,GBR,Groups,Corporate,0,0,0,A,D,2,No Deposit,,0,Transient-Party,52.0,1,0
Resort Hotel,0,287,2015,October,42,15,2,3,2,0.0,0,BB,BEL,Groups,Corporate,0,0,0,A,D,2,No Deposit,,0,Transient-Party,56.0,0,0
Resort Hotel,0,236,2015,October,42,13,2,5,2,0.0,0,BB,GBR,Offline TA/TO,TA/TO,0,0,0,E,E,0,No Deposit,95.0,0,Transient,57.6,0,0
Resort Hotel,0,287,2015,October,42,15,2,3,2,0.0,0,BB,GBR,Groups,Corporate,0,0,0,A,C,1,No Deposit,,0,Transient-Party,44.5,0,0
Resort Hotel,0,286,2015,October,42,14,2,4,2,0.0,0,BB,GBR,Groups,Corporate,0,0,0,A,A,2,No Deposit,,0,Transient-Party,8.0,0,0
Resort Hotel,0,286,2015,October,42,14,2,4,2,0.0,0,BB,GBR,Groups,Corporate,0,0,0,A,A,1,No Deposit,,0,Transient-Party,46.17,0,0
Resort Hotel,0,286,2015,October,42,14,2,4,2,0.0,0,BB,GBR,Groups,Corporate,0,0,0,A,E,1,No Deposit,,0,Transient-Party,44.5,0,2
Resort Hotel,0,287,2015,October,42,15,2,3,2,0.0,0,BB,GBR,Groups,Corporate,0,0,0,A,D,1,No Deposit,,0,Transient-Party,50.5,1,0
Resort Hotel,0,286,2015,October,42,14,2,4,2,0.0,0,BB,GBR,Groups,Corporate,0,0,0,C,C,1,No Deposit,,0,Transient-Party,9.67,0,0
Resort Hotel,0,286,2015,October,42,14,2,4,2,0.0,0,BB,GBR,Groups,Corporate,0,0,0,A,E,1,No Deposit,,0,Transient-Party,44.5,0,2
Resort Hotel,0,278,2015,October,41,6,4,10,2,0.0,0,BB,GBR,Offline TA/TO,TA/TO,0,0,0,D,D,0,No Deposit,40.0,0,Contract,45.9,0,1
Resort Hotel,0,285,2015,October,42,13,2,6,2,0.0,0,BB,GBR,Offline TA/TO,TA/TO,0,0,0,A,A,0,No Deposit,26.0,0,Contract,39.1,0,0
Resort Hotel,0,76,2015,October,42,13,2,6,2,0.0,0,BB,GBR,Online TA,TA/TO,0,0,0,E,E,0,No Deposit,240.0,0,Transient,71.23,0,2
Resort Hotel,0,92,2015,October,42,14,2,5,2,0.0,0,BB,GBR,Online TA,TA/TO,0,0,0,D,D,0,No Deposit,240.0,0,Transient,74.91,0,1
Resort Hotel,0,93,2015,October,42,14,2,5,2,0.0,0,BB,GBR,Direct,Direct,0,0,0,A,A,0,No Deposit,,0,Transient,56.0,0,0
Resort Hotel,0,211,2015,October,42,14,2,5,2,0.0,0,BB,GBR,Direct,Direct,0,0,0,A,D,0,No Deposit,,0,Transient,57.43,0,0
Resort Hotel,0,85,2015,October,42,14,2,5,2,0.0,0,BB,IRL,Online TA,TA/TO,0,0,0,E,E,0,No Deposit,240.0,0,Transient,70.2,0,2
Resort Hotel,0,0,2015,October,42,14,2,5,2,0.0,0,BB,GBR,Groups,Corporate,0,0,0,A,A,0,No Deposit,,0,Transient,0.0,0,0
Resort Hotel,0,286,2015,October,42,14,2,5,2,0.0,0,BB,GBR,Groups,Corporate,0,0,0,A,G,1,No Deposit,,0,Transient-Party,44.5,0,0
Resort Hotel,0,286,2015,October,42,14,2,5,2,0.0,0,BB,GBR,Groups,Corporate,0,0,0,A,G,2,No Deposit,,0,Transient-Party,41.29,0,0
Resort Hotel,0,286,2015,October,42,14,2,5,2,0.0,0,BB,GBR,Groups,Corporate,0,0,0,A,C,1,No Deposit,,0,Transient-Party,45.93,0,0
Resort Hotel,0,6,2015,October,42,13,2,6,2,0.0,0,BB,MAR,Online TA,TA/TO,0,0,0,D,D,0,No Deposit,240.0,0,Transient,76.13,1,0
Resort Hotel,0,7,2015,October,43,19,1,1,2,0.0,0,BB,PRT,Offline TA/TO,TA/TO,0,0,0,A,D,0,No Deposit,8.0,0,Transient-Party,37.0,0,0
Resort Hotel,0,285,2015,October,42,13,2,6,2,0.0,0,BB,GBR,Groups,Corporate,0,0,0,A,A,1,No Deposit,,0,Transient-Party,44.5,0,0
Resort Hotel,0,7,2015,October,43,19,1,1,2,0.0,0,BB,PRT,Offline TA/TO,TA/TO,0,0,0,A,D,0,No Deposit,8.0,0,Transient-Party,37.0,0,0
Resort Hotel,0,139,2015,October,41,7,4,10,2,0.0,0,HB,DEU,Offline TA/TO,TA/TO,0,0,0,D,D,5,No Deposit,314.0,0,Transient,80.23,0,0
Resort Hotel,0,0,2015,October,43,20,0,1,2,0.0,0,BB,GBR,Online TA,TA/TO,0,0,0,D,D,0,No Deposit,240.0,0,Transient,56.0,0,1
Resort Hotel,0,286,2015,October,42,14,2,5,2,0.0,0,BB,GBR,Groups,Corporate,0,0,0,A,H,1,No Deposit,,0,Transient,44.5,0,0
Resort Hotel,0,4,2015,October,43,20,0,1,2,0.0,0,BB,PRT,Online TA,TA/TO,0,0,0,A,D,0,No Deposit,240.0,0,Transient,56.4,1,1
Resort Hotel,0,11,2015,October,42,14,2,5,2,0.0,0,HB,BEL,Online TA,TA/TO,0,0,0,E,E,0,No Deposit,240.0,0,Transient,116.71,1,3
Resort Hotel,0,0,2015,October,43,18,2,1,2,0.0,0,HB,ESP,Direct,Direct,0,0,0,A,D,0,No Deposit,,0,Transient,99.0,0,0
Resort Hotel,0,287,2015,October,42,15,2,4,2,0.0,0,BB,GBR,Groups,Corporate,0,0,0,A,D,1,No Deposit,,0,Transient,44.5,0,0
Resort Hotel,0,287,2015,October,42,15,2,4,2,0.0,0,BB,PRT,Groups,Corporate,0,0,0,A,D,1,No Deposit,,0,Transient,44.5,0,0
Resort Hotel,0,157,2015,October,43,18,2,2,2,0.0,0,BB,PRT,Online TA,TA/TO,0,0,0,D,D,0,No Deposit,240.0,0,Transient,66.0,0,1
Resort Hotel,0,4,2015,December,49,1,0,2,2,0.0,0,BB,PRT,Corporate,Corporate,1,0,1,A,D,1,No Deposit,,0,Transient,38.0,0,0
Resort Hotel,0,1,2015,October,43,21,0,1,2,0.0,0,BB,SWE,Online TA,TA/TO,0,0,0,E,E,0,No Deposit,240.0,0,Transient,66.0,1,0
Resort Hotel,0,35,2015,October,43,19,1,2,2,0.0,0,BB,LTU,Online TA,TA/TO,0,0,0,D,D,0,No Deposit,240.0,0,Transient,56.0,0,1
Resort Hotel,0,16,2015,October,43,21,0,1,2,0.0,0,HB,PRT,Online TA,TA/TO,0,0,0,A,A,0,No Deposit,240.0,0,Transient,86.0,0,1
Resort Hotel,0,287,2015,October,42,15,2,5,2,0.0,0,BB,GBR,Groups,Corporate,0,0,0,A,D,1,No Deposit,,0,Transient,44.5,0,0
Resort Hotel,0,5,2015,October,43,20,0,2,2,0.0,0,BB,ESP,Offline TA/TO,TA/TO,0,0,0,A,D,0,No Deposit,134.0,0,Transient,44.5,0,0
Resort Hotel,0,0,2015,October,43,21,0,1,2,0.0,0,BB,PRT,Online TA,TA/TO,0,0,0,D,E,0,No Deposit,240.0,0,Transient,56.0,1,1
Resort Hotel,0,101,2015,October,43,19,1,2,2,0.0,0,HB,GBR,Online TA,TA/TO,0,0,0,A,A,1,No Deposit,240.0,0,Transient,67.5,0,2
Resort Hotel,0,215,2015,October,42,12,3,7,2,0.0,0,BB,GBR,Offline TA/TO,TA/TO,0,0,0,E,E,0,No Deposit,95.0,0,Transient,57.6,0,0
Resort Hotel,0,215,2015,October,42,12,3,7,2,0.0,0,BB,GBR,Offline TA/TO,TA/TO,0,0,0,E,E,0,No Deposit,95.0,0,Transient,59.2,0,0
Resort Hotel,0,287,2015,October,42,15,2,6,2,0.0,0,BB,BEL,Groups,Corporate,0,0,0,A,A,2,No Deposit,,0,Transient-Party,44.5,0,0
Resort Hotel,0,292,2015,October,43,21,0,2,2,0.0,0,HB,FRA,Offline TA/TO,TA/TO,0,0,0,A,D,0,No Deposit,208.0,0,Transient-Party,70.0,0,0
Resort Hotel,0,292,2015,October,43,21,0,2,2,0.0,0,HB,FRA,Offline TA/TO,TA/TO,0,0,0,A,D,1,No Deposit,208.0,0,Transient-Party,70.0,0,0
Resort Hotel,0,292,2015,October,43,21,0,2,2,0.0,0,HB,FRA,Offline TA/TO,TA/TO,0,0,0,A,C,1,No Deposit,208.0,0,Transient-Party,70.0,0,0
Resort Hotel,0,292,2015,October,43,21,0,2,2,0.0,0,HB,FRA,Offline TA/TO,TA/TO,0,0,0,A,D,0,No Deposit,208.0,0,Transient-Party,70.0,0,0
Resort Hotel,0,292,2015,October,43,21,0,2,2,0.0,0,HB,FRA,Offline TA/TO,TA/TO,0,0,0,A,C,0,No Deposit,208.0,0,Transient-Party,70.0,0,0
Resort Hotel,0,292,2015,October,43,21,0,2,2,0.0,0,HB,FRA,Offline TA/TO,TA/TO,0,0,0,A,C,1,No Deposit,208.0,0,Transient-Party,70.0,0,0
Resort Hotel,0,292,2015,October,43,21,0,2,2,0.0,0,HB,FRA,Offline TA/TO,TA/TO,0,0,0,A,D,3,No Deposit,208.0,0,Transient-Party,70.0,0,0
Resort Hotel,0,292,2015,October,43,21,0,2,2,0.0,0,HB,FRA,Offline TA/TO,TA/TO,0,0,0,A,C,1,No Deposit,208.0,0,Transient-Party,70.0,0,0
Resort Hotel,0,292,2015,October,43,21,0,2,2,0.0,0,HB,FRA,Offline TA/TO,TA/TO,0,0,0,A,C,1,No Deposit,208.0,0,Transient-Party,70.0,0,0
Resort Hotel,0,292,2015,October,43,21,0,2,2,0.0,0,HB,FRA,Offline TA/TO,TA/TO,0,0,0,A,D,1,No Deposit,208.0,0,Transient-Party,70.0,0,0
Resort Hotel,0,292,2015,October,43,21,0,2,2,0.0,0,HB,FRA,Offline TA/TO,TA/TO,0,0,0,A,D,1,No Deposit,208.0,0,Transient-Party,70.0,0,0
Resort Hotel,0,292,2015,October,43,21,0,2,2,0.0,0,HB,FRA,Offline TA/TO,TA/TO,0,0,0,A,D,1,No Deposit,208.0,0,Transient-Party,70.0,0,0
Resort Hotel,0,292,2015,October,43,21,0,2,2,0.0,0,HB,FRA,Offline TA/TO,TA/TO,0,0,0,A,D,1,No Deposit,208.0,0,Transient-Party,70.0,0,0
Resort Hotel,0,292,2015,October,43,21,0,2,2,0.0,0,HB,FRA,Offline TA/TO,TA/TO,0,0,0,A,D,3,No Deposit,208.0,0,Transient-Party,70.0,0,0
Resort Hotel,0,292,2015,October,43,21,0,2,2,0.0,0,HB,FRA,Offline TA/TO,TA/TO,0,0,0,A,D,1,No Deposit,208.0,0,Transient-Party,70.0,0,0
Resort Hotel,0,10,2015,October,43,20,0,3,2,0.0,0,HB,ESP,Online TA,TA/TO,0,0,0,E,G,0,No Deposit,240.0,0,Transient,112.0,1,1
Resort Hotel,0,8,2015,October,43,18,2,3,2,0.0,0,HB,PRT,Online TA,TA/TO,0,0,0,A,E,1,No Deposit,240.0,0,Transient,77.4,0,1
Resort Hotel,0,28,2015,October,43,19,1,3,2,0.0,0,BB,PRT,Online TA,TA/TO,0,0,0,E,E,1,No Deposit,,0,Transient,43.0,1,2
Resort Hotel,0,75,2015,October,43,19,1,3,2,0.0,0,BB,GBR,Online TA,TA/TO,0,0,0,A,A,0,No Deposit,240.0,0,Transient,46.0,0,2
Resort Hotel,0,36,2015,October,43,18,2,3,2,0.0,0,BB,IRL,Offline TA/TO,TA/TO,0,0,0,D,D,0,No Deposit,36.0,0,Transient,38.04,0,0
Resort Hotel,0,32,2015,October,42,16,2,5,2,0.0,0,BB,GBR,Online TA,TA/TO,0,0,0,D,D,0,No Deposit,147.0,0,Transient,58.93,0,1
Resort Hotel,0,287,2015,October,42,15,2,6,2,0.0,0,BB,BEL,Groups,Corporate,0,0,0,A,A,2,No Deposit,,0,Transient-Party,44.5,0,0
Resort Hotel,0,24,2015,October,43,18,2,3,2,0.0,0,BB,GBR,Online TA,TA/TO,0,0,0,G,G,0,No Deposit,241.0,0,Transient,75.08,0,1
Resort Hotel,0,33,2015,October,42,17,2,5,2,0.0,0,BB,GBR,Online TA,TA/TO,0,0,0,E,E,0,No Deposit,241.0,0,Transient,71.39,0,1
Resort Hotel,0,47,2015,October,43,19,1,4,2,0.0,0,HB,ESP,Groups,Direct,0,0,0,A,A,0,No Deposit,,47,Transient-Party,76.8,0,0
Resort Hotel,0,1,2015,October,43,23,0,1,2,0.0,0,BB,PRT,Online TA,TA/TO,0,0,0,D,D,0,No Deposit,240.0,0,Transient,83.0,1,1
Resort Hotel,0,0,2015,October,43,20,0,4,2,0.0,0,BB,IRL,Direct,Direct,0,0,0,D,D,1,No Deposit,,0,Transient,56.0,0,0
Resort Hotel,0,25,2015,October,43,23,0,1,2,0.0,0,BB,PRT,Online TA,TA/TO,0,0,0,D,D,0,No Deposit,240.0,0,Transient,56.0,0,2
Resort Hotel,0,91,2015,October,43,19,1,4,2,0.0,0,BB,GBR,Online TA,TA/TO,0,0,0,E,E,1,No Deposit,240.0,0,Transient,67.0,0,2
Resort Hotel,0,29,2015,October,43,18,2,5,2,0.0,0,BB,GBR,Offline TA/TO,TA/TO,0,0,0,A,D,0,No Deposit,40.0,0,Transient,35.6,0,0
Resort Hotel,0,7,2015,October,43,24,0,1,2,0.0,0,BB,PRT,Online TA,TA/TO,0,0,0,A,A,0,No Deposit,240.0,0,Transient,67.0,0,2
Resort Hotel,0,86,2015,October,43,18,2,5,2,0.0,0,BB,GBR,Offline TA/TO,TA/TO,0,0,0,D,D,0,No Deposit,243.0,0,Transient,50.03,0,0
Resort Hotel,0,0,2015,October,43,24,0,1,2,0.0,0,BB,PRT,Direct,Direct,0,0,0,A,A,0,No Deposit,,0,Transient,58.0,0,0
Resort Hotel,0,0,2015,October,43,24,0,1,2,0.0,0,BB,PRT,Direct,Direct,0,0,0,A,A,0,No Deposit,,0,Transient,58.0,0,0
Resort Hotel,0,121,2015,October,43,18,2,5,2,0.0,0,BB,GBR,Offline TA/TO,TA/TO,0,0,0,A,A,0,No Deposit,243.0,0,Transient,43.93,0,0
Resort Hotel,0,0,2015,October,43,24,0,1,2,0.0,0,BB,PRI,Direct,Direct,0,0,0,A,A,0,No Deposit,,0,Transient,58.0,0,0
Resort Hotel,0,0,2015,October,43,24,0,1,2,0.0,0,BB,PRT,Direct,Direct,0,0,0,A,A,0,No Deposit,,0,Transient,58.0,0,0
Resort Hotel,0,62,2015,October,43,18,2,5,2,0.0,0,BB,GBR,Offline TA/TO,TA/TO,0,0,0,A,A,0,No Deposit,26.0,0,Transient,46.5,0,1
Resort Hotel,0,55,2015,October,43,21,0,4,2,0.0,0,HB,MYS,Online TA,TA/TO,0,0,0,F,F,0,No Deposit,241.0,0,Transient,76.84,0,2
Resort Hotel,0,62,2015,October,43,18,2,5,2,0.0,0,BB,GBR,Offline TA/TO,TA/TO,0,0,0,A,A,0,No Deposit,26.0,0,Transient,44.18,0,1
Resort Hotel,0,25,2015,October,43,23,0,2,2,0.0,0,BB,PRT,Online TA,TA/TO,0,0,0,D,D,0,No Deposit,240.0,0,Transient,56.0,0,1
Resort Hotel,0,44,2015,October,43,21,0,4,2,0.0,0,HB,GBR,Offline TA/TO,TA/TO,0,0,0,A,C,0,No Deposit,115.0,0,Contract,70.5,0,0
Resort Hotel,0,10,2015,October,43,23,0,2,2,0.0,0,HB,PRT,Direct,Direct,0,0,0,E,E,0,No Deposit,,0,Transient,107.0,1,1
Resort Hotel,0,7,2017,March,10,10,0,2,2,0.0,0,BB,PRT,Direct,Direct,1,0,0,D,D,0,No Deposit,250.0,0,Transient,77.0,1,1
Resort Hotel,0,89,2015,October,43,19,1,5,2,0.0,0,BB,PRT,Offline TA/TO,TA/TO,0,0,0,F,F,0,No Deposit,36.0,0,Transient,66.0,1,0
Resort Hotel,0,29,2015,October,43,23,0,2,2,0.0,0,BB,PRT,Direct,Direct,0,0,0,A,D,0,No Deposit,,0,Transient-Party,62.0,1,1
Resort Hotel,0,44,2015,October,43,19,2,5,2,0.0,0,HB,GBR,Offline TA/TO,TA/TO,0,0,0,A,A,0,No Deposit,26.0,0,Transient,70.5,0,1
Resort Hotel,0,51,2015,October,43,22,1,3,2,0.0,0,BB,GBR,Online TA,TA/TO,0,0,0,A,D,0,No Deposit,240.0,0,Transient,55.0,1,1
Resort Hotel,0,51,2015,October,43,22,1,3,2,0.0,0,BB,GBR,Online TA,TA/TO,0,0,0,A,D,0,No Deposit,240.0,0,Transient,47.0,0,1
Resort Hotel,0,51,2015,October,43,22,1,3,2,0.0,0,BB,GBR,Online TA,TA/TO,0,0,0,A,D,0,No Deposit,240.0,0,Transient,47.0,0,1
Resort Hotel,0,52,2015,October,43,19,2,5,2,0.0,0,HB,GBR,Offline TA/TO,TA/TO,0,0,0,A,C,0,No Deposit,177.0,0,Transient,64.88,0,0
Resort Hotel,0,0,2015,October,43,24,1,1,2,0.0,0,BB,ESP,Online TA,TA/TO,0,0,0,A,A,3,No Deposit,240.0,0,Transient,64.0,1,0
Resort Hotel,0,38,2015,October,43,22,1,3,2,0.0,0,BB,PRT,Direct,Direct,0,0,0,D,F,0,No Deposit,,0,Transient,62.0,1,0
Resort Hotel,0,107,2015,October,43,19,2,5,2,0.0,0,HB,GBR,Online TA,TA/TO,0,0,0,A,A,1,No Deposit,240.0,0,Transient,76.43,0,3
Resort Hotel,0,105,2015,October,43,19,2,5,2,0.0,0,HB,GBR,Online TA,TA/TO,0,0,0,A,A,1,No Deposit,147.0,0,Transient,63.14,0,1
Resort Hotel,0,0,2015,October,44,25,1,0,2,0.0,0,BB,GBR,Online TA,TA/TO,0,0,0,A,A,0,No Deposit,240.0,0,Transient,48.0,0,0
Resort Hotel,0,77,2015,October,43,19,2,5,2,0.0,0,BB,GBR,Offline TA/TO,TA/TO,0,0,0,A,A,0,No Deposit,314.0,0,Contract,36.0,0,0
Resort Hotel,0,108,2015,October,43,20,2,5,2,0.0,0,BB,GBR,Offline TA/TO,TA/TO,0,0,0,A,A,0,No Deposit,314.0,0,Contract,36.0,0,1
Resort Hotel,0,84,2015,October,43,21,2,4,2,0.0,0,BB,IRL,Online TA,TA/TO,0,0,0,E,E,0,No Deposit,240.0,0,Transient,66.67,0,2
Resort Hotel,0,36,2015,October,43,20,2,5,2,0.0,0,BB,GBR,Online TA,TA/TO,0,0,0,A,A,0,No Deposit,147.0,0,Transient,41.33,0,1
Resort Hotel,0,4,2016,November,48,21,1,1,2,0.0,0,BB,PRT,Offline TA/TO,TA/TO,1,0,5,A,D,0,No Deposit,8.0,0,Transient,30.0,0,0
Resort Hotel,0,1,2016,July,29,12,0,1,2,0.0,0,BB,PRT,Direct,Direct,1,0,7,A,E,0,No Deposit,,0,Transient,143.0,0,1
Resort Hotel,0,0,2015,October,44,26,1,0,2,0.0,0,BB,PRT,Online TA,TA/TO,0,0,0,A,A,1,No Deposit,240.0,0,Transient-Party,48.0,0,1
Resort Hotel,0,188,2015,October,43,20,2,5,2,0.0,0,BB,GBR,Offline TA/TO,TA/TO,0,0,0,E,E,0,No Deposit,143.0,0,Contract,57.6,0,0
Resort Hotel,0,0,2015,October,44,27,0,0,2,0.0,0,BB,PRT,Direct,Direct,1,0,0,A,D,0,No Deposit,,0,Transient,0.0,0,0
Resort Hotel,0,48,2015,October,43,21,2,5,2,0.0,0,HB,FRA,Online TA,TA/TO,0,0,0,A,D,0,No Deposit,240.0,0,Transient,86.0,0,3
Resort Hotel,0,40,2015,October,43,20,2,6,2,0.0,0,BB,PRT,Offline TA/TO,TA/TO,0,0,0,A,A,0,No Deposit,2.0,0,Contract,42.5,0,0
Resort Hotel,0,122,2015,October,43,18,4,6,2,0.0,0,BB,POL,Online TA,TA/TO,0,0,0,A,A,0,No Deposit,240.0,0,Transient,45.0,0,0
Resort Hotel,0,21,2015,October,44,26,1,1,2,0.0,0,HB,FRA,Online TA,TA/TO,0,0,0,A,A,1,No Deposit,240.0,0,Transient,77.4,0,2
Resort Hotel,0,0,2015,December,52,21,1,0,2,0.0,0,BB,PRT,Direct,Direct,1,0,2,D,D,0,No Deposit,,0,Transient,46.0,0,1
Resort Hotel,0,0,2016,January,4,20,0,1,2,0.0,0,BB,PRT,Direct,Direct,1,0,3,A,D,0,No Deposit,,0,Transient,39.0,0,1
Resort Hotel,0,0,2016,March,10,3,0,1,2,0.0,0,BB,PRT,Direct,Direct,1,0,5,A,D,0,No Deposit,,0,Transient,40.0,0,1
Resort Hotel,0,43,2015,October,43,24,2,2,2,0.0,0,BB,IRL,Offline TA/TO,TA/TO,0,0,0,D,D,0,No Deposit,36.0,0,Transient,38.04,0,0
Resort Hotel,0,0,2015,October,44,26,1,1,2,0.0,0,HB,ESP,Offline TA/TO,TA/TO,0,0,0,A,A,0,No Deposit,147.0,0,Transient,65.6,0,0
Resort Hotel,0,101,2015,October,43,22,2,5,2,0.0,0,BB,IRL,Offline TA/TO,TA/TO,0,0,0,A,D,0,No Deposit,175.0,0,Transient,36.86,0,0
Resort Hotel,0,21,2015,October,43,22,2,5,2,0.0,0,BB,GBR,Offline TA/TO,TA/TO,0,0,0,A,A,0,No Deposit,243.0,0,Transient,42.5,0,1
Resort Hotel,0,45,2015,October,43,22,2,5,2,0.0,0,BB,GBR,Offline TA/TO,TA/TO,0,0,0,A,A,0,No Deposit,243.0,0,Contract,43.93,0,1
Resort Hotel,0,121,2015,October,43,18,4,7,2,0.0,0,BB,GBR,Offline TA/TO,TA/TO,0,0,0,A,A,0,No Deposit,243.0,0,Transient,44.14,0,2
Resort Hotel,0,9,2015,October,43,24,2,3,2,0.0,0,BB,PRT,Direct,Direct,0,0,0,A,A,1,No Deposit,,0,Transient,78.2,0,0
Resort Hotel,0,21,2015,October,43,22,2,5,2,0.0,0,BB,GBR,Offline TA/TO,TA/TO,0,0,0,D,D,0,No Deposit,243.0,0,Transient,54.0,0,2
Resort Hotel,1,289,2015,November,47,20,1,2,2,0.0,0,FB,PRT,Groups,TA/TO,0,1,0,A,A,0,No Deposit,134.0,0,Transient-Party,69.0,0,0
Resort Hotel,1,289,2015,November,47,20,1,2,2,0.0,0,FB,PRT,Groups,TA/TO,0,1,0,A,A,0,No Deposit,134.0,0,Transient-Party,69.0,0,0
Resort Hotel,0,61,2015,October,44,29,0,1,2,0.0,0,BB,CHE,Offline TA/TO,TA/TO,0,0,0,A,A,0,No Deposit,251.0,0,Transient,46.0,0,1
Resort Hotel,0,7,2015,October,44,28,0,2,2,0.0,0,BB,ESP,Offline TA/TO,TA/TO,0,0,0,D,D,0,No Deposit,314.0,0,Transient,58.8,1,1
Resort Hotel,0,0,2015,October,44,26,1,3,2,0.0,0,BB,FRA,Direct,Direct,0,0,0,A,A,1,No Deposit,250.0,0,Transient,48.0,0,2
Resort Hotel,0,5,2015,October,44,27,0,3,2,0.0,0,BB,PRT,Offline TA/TO,TA/TO,0,0,0,A,A,0,No Deposit,175.0,0,Transient-Party,38.4,0,0
Resort Hotel,0,129,2015,October,44,25,2,4,2,0.0,0,BB,FRA,Online TA,TA/TO,0,0,0,A,A,2,No Deposit,240.0,0,Transient,45.0,0,2
Resort Hotel,0,5,2015,October,44,25,2,4,2,0.0,0,BB,ESP,Online TA,TA/TO,0,0,0,D,D,0,No Deposit,240.0,0,Transient,56.48,0,1
Resort Hotel,0,79,2015,October,44,29,0,2,2,0.0,0,BB,IRL,Online TA,TA/TO,0,0,0,A,A,0,No Deposit,240.0,0,Transient,46.5,1,1
Resort Hotel,0,79,2015,October,44,29,0,2,2,0.0,0,BB,IRL,Online TA,TA/TO,0,0,0,A,A,0,No Deposit,240.0,0,Transient,40.5,0,1
Resort Hotel,0,8,2015,October,44,30,0,1,2,0.0,0,BB,PRT,Online TA,TA/TO,0,0,0,A,A,0,No Deposit,240.0,0,Transient-Party,48.0,0,2
Resort Hotel,0,8,2015,October,44,30,0,1,2,0.0,0,BB,PRT,Online TA,TA/TO,0,0,0,A,A,0,No Deposit,240.0,0,Transient-Party,48.0,0,2
Resort Hotel,0,1,2015,October,44,30,0,1,2,0.0,0,BB,PRT,Online TA,TA/TO,0,0,0,A,A,0,No Deposit,240.0,0,Transient,43.2,0,1
Resort Hotel,0,103,2015,October,43,24,2,5,2,0.0,0,HB,GBR,Online TA,TA/TO,0,0,0,E,E,1,No Deposit,241.0,0,Transient,76.12,0,0
Resort Hotel,0,88,2015,October,44,25,2,5,2,0.0,0,BB,GBR,Offline TA/TO,TA/TO,0,0,0,D,D,1,No Deposit,243.0,0,Contract,50.03,0,2
Resort Hotel,0,0,2015,October,44,30,0,1,2,0.0,0,BB,GBR,Online TA,TA/TO,0,0,0,A,A,0,No Deposit,241.0,0,Transient,37.73,0,1
Resort Hotel,0,115,2015,October,44,25,2,4,2,0.0,0,BB,IRL,Offline TA/TO,TA/TO,0,0,0,A,A,0,No Deposit,8.0,0,Contract,37.67,0,2
Resort Hotel,0,130,2015,October,43,24,2,5,2,0.0,0,HB,GBR,Offline TA/TO,TA/TO,0,0,0,A,F,3,No Deposit,2.0,0,Contract,87.64,0,1
Resort Hotel,0,0,2015,October,44,28,0,3,2,0.0,0,BB,PRT,Direct,Direct,0,0,0,D,D,2,No Deposit,,0,Transient,48.0,0,0
Resort Hotel,1,155,2015,October,44,31,1,1,2,0.0,0,BB,PRT,Groups,Direct,0,0,0,A,A,0,No Deposit,,0,Transient,36.0,0,0
Resort Hotel,0,9,2016,October,44,29,2,1,2,0.0,0,BB,PRT,Groups,Direct,1,1,0,A,A,2,No Deposit,,0,Transient,42.0,1,0
Resort Hotel,0,101,2015,October,43,18,4,10,2,0.0,0,BB,GBR,Offline TA/TO,TA/TO,0,0,0,A,E,0,No Deposit,243.0,0,Contract,62.5,0,0
Resort Hotel,0,20,2015,October,44,27,0,5,2,0.0,0,BB,GBR,Offline TA/TO,TA/TO,0,0,0,A,A,0,No Deposit,175.0,0,Transient,50.8,1,0
Resort Hotel,0,48,2015,October,44,25,2,5,2,0.0,0,BB,GBR,Offline TA/TO,TA/TO,0,0,0,A,A,0,No Deposit,243.0,0,Contract,42.5,0,1
Resort Hotel,0,48,2015,October,44,25,2,5,2,0.0,0,BB,GBR,Offline TA/TO,TA/TO,0,0,0,A,A,0,No Deposit,243.0,0,Contract,42.5,0,1
Resort Hotel,0,159,2015,October,44,25,2,5,2,0.0,0,BB,GBR,Offline TA/TO,TA/TO,0,0,0,A,A,0,No Deposit,243.0,0,Contract,43.93,0,1
Resort Hotel,0,111,2015,October,43,18,4,10,2,0.0,0,HB,GBR,Offline TA/TO,TA/TO,0,0,0,A,D,1,No Deposit,40.0,0,Transient,81.79,0,0
Resort Hotel,0,153,2015,October,44,29,0,3,2,0.0,0,BB,PRT,Groups,Direct,0,0,0,A,A,0,No Deposit,,0,Transient,36.0,0,0
Resort Hotel,0,153,2015,October,44,29,0,3,2,0.0,0,BB,PRT,Groups,Direct,0,0,0,A,A,0,No Deposit,,0,Transient,42.0,1,0
Resort Hotel,0,155,2015,October,44,31,0,1,2,0.0,0,BB,PRT,Groups,Direct,0,0,0,A,A,0,No Deposit,,0,Transient,36.0,0,0
Resort Hotel,0,2,2015,October,44,31,0,1,2,0.0,0,BB,CHE,Groups,Direct,0,0,0,A,D,0,No Deposit,,0,Transient,42.0,0,0
Resort Hotel,0,0,2016,October,44,29,0,1,2,0.0,0,BB,PRT,Direct,Direct,1,0,1,A,H,0,No Deposit,,0,Transient,38.0,0,0
Resort Hotel,0,155,2015,October,44,31,0,1,2,0.0,0,BB,PRT,Groups,Direct,0,0,0,A,A,0,No Deposit,,0,Transient,36.0,1,0
Resort Hotel,0,155,2015,October,44,31,0,1,2,0.0,0,BB,PRT,Groups,Direct,0,0,0,A,D,0,No Deposit,,0,Transient,36.0,0,0
Resort Hotel,0,2,2015,October,44,30,0,2,2,0.0,0,HB,ESP,Online TA,TA/TO,0,0,0,D,D,1,No Deposit,240.0,0,Transient,88.0,0,1
Resort Hotel,0,4,2015,October,44,30,0,2,2,0.0,0,BB,PRT,Direct,Direct,0,0,0,A,A,0,No Deposit,,0,Transient,42.0,1,0
Resort Hotel,0,4,2015,October,44,31,0,1,2,0.0,0,BB,PRT,Groups,Direct,0,0,0,A,A,0,No Deposit,,0,Transient,42.0,1,0
Resort Hotel,0,74,2015,October,44,25,2,5,2,0.0,0,BB,GBR,Offline TA/TO,TA/TO,0,0,0,A,A,0,No Deposit,243.0,0,Transient,39.68,0,0
Resort Hotel,0,1,2015,October,44,31,0,1,2,0.0,0,BB,PRT,Online TA,TA/TO,0,0,0,A,D,0,No Deposit,240.0,0,Transient,49.0,0,2
Resort Hotel,0,2,2016,February,8,14,1,0,2,0.0,0,BB,PRT,Online TA,TA/TO,1,0,1,A,D,0,No Deposit,,0,Transient,55.0,0,2
Resort Hotel,0,17,2015,October,44,29,1,3,2,0.0,0,BB,NLD,Online TA,TA/TO,0,0,0,E,E,0,No Deposit,240.0,0,Transient,72.75,0,1
Resort Hotel,0,58,2016,September,40,25,2,4,2,0.0,0,BB,NLD,Direct,Direct,1,0,1,E,E,0,No Deposit,,0,Transient,110.0,0,2
Resort Hotel,0,11,2015,October,44,30,1,2,2,0.0,0,BB,ESP,Offline TA/TO,TA/TO,0,0,0,E,E,0,No Deposit,177.0,0,Transient-Party,56.0,1,1
Resort Hotel,0,0,2015,November,45,1,1,0,2,0.0,0,BB,ESP,Online TA,TA/TO,0,0,0,A,D,0,No Deposit,240.0,0,Transient,50.1,1,0
Resort Hotel,0,0,2015,November,45,1,1,0,2,0.0,0,FB,ESP,Offline TA/TO,TA/TO,0,0,0,E,E,0,No Deposit,6.0,0,Group,81.9,0,0
Resort Hotel,0,3,2015,October,44,30,1,2,2,0.0,0,BB,PRT,Groups,Direct,0,0,0,A,A,0,No Deposit,,0,Transient,36.0,0,0
Resort Hotel,0,6,2015,November,45,1,1,0,2,0.0,0,BB,PRT,Online TA,TA/TO,0,0,0,A,D,0,No Deposit,240.0,0,Transient,58.0,0,2
Resort Hotel,0,5,2015,October,44,27,1,5,2,0.0,0,BB,NLD,Online TA,TA/TO,0,0,0,A,A,0,No Deposit,241.0,0,Transient,39.99,0,1
Resort Hotel,0,74,2015,October,44,30,2,2,2,0.0,0,BB,GBR,Online TA,TA/TO,0,0,0,E,E,0,No Deposit,241.0,0,Transient,47.74,0,1
Resort Hotel,0,0,2015,November,45,1,2,0,2,0.0,0,BB,NLD,Direct,Direct,0,0,0,A,D,0,No Deposit,,0,Transient,48.0,0,0
Resort Hotel,0,6,2015,November,45,1,2,1,2,0.0,0,BB,NLD,Online TA,TA/TO,0,0,0,D,D,1,No Deposit,240.0,0,Transient,58.0,0,2
Resort Hotel,0,0,2015,November,45,2,1,1,2,0.0,0,BB,PRT,Direct,Direct,0,0,0,A,D,1,No Deposit,,0,Transient,51.0,1,0
Resort Hotel,0,11,2016,March,10,4,0,2,2,0.0,0,BB,PRT,Offline TA/TO,TA/TO,1,0,3,A,A,0,No Deposit,,0,Transient,35.0,0,1
Resort Hotel,0,113,2015,October,44,31,2,3,2,0.0,0,BB,SWE,Direct,Direct,0,0,0,D,D,0,No Deposit,250.0,0,Transient,42.28,0,0
Resort Hotel,0,1,2015,November,45,4,0,1,2,0.0,0,BB,PRT,Offline TA/TO,TA/TO,0,0,0,A,A,0,No Deposit,6.0,0,Transient,25.0,1,0
Resort Hotel,0,28,2015,November,45,4,0,1,2,0.0,0,BB,DEU,Offline TA/TO,TA/TO,0,0,0,D,D,0,No Deposit,251.0,0,Transient,36.0,0,0
Resort Hotel,0,9,2015,November,45,2,1,2,2,0.0,0,BB,PRT,Online TA,TA/TO,0,0,0,A,D,0,No Deposit,240.0,0,Transient,48.0,0,0
Resort Hotel,0,21,2017,April,16,17,1,1,2,0.0,0,HB,PRT,Online TA,TA/TO,1,0,1,A,A,0,No Deposit,240.0,0,Transient,117.0,0,1
Resort Hotel,0,1,2015,November,45,3,0,2,2,0.0,0,BB,PRT,Direct,Direct,0,0,0,D,D,0,No Deposit,,0,Transient,48.0,0,0
Resort Hotel,0,53,2015,November,45,1,2,2,2,0.0,0,HB,BEL,Online TA,TA/TO,0,0,0,D,D,0,No Deposit,242.0,0,Transient,70.2,0,2
Resort Hotel,0,121,2015,November,45,1,2,3,2,0.0,0,BB,PRT,Online TA,TA/TO,0,0,0,D,D,0,No Deposit,240.0,0,Transient,46.0,0,1
Resort Hotel,0,0,2015,November,45,5,0,1,2,0.0,0,BB,PRT,Direct,Direct,0,0,0,A,A,1,No Deposit,,0,Transient,48.0,1,0
Resort Hotel,0,27,2015,November,45,3,0,3,2,0.0,0,HB,BEL,Online TA,TA/TO,0,0,0,A,A,0,No Deposit,240.0,0,Transient,65.7,0,2
Resort Hotel,0,14,2015,November,45,3,0,3,2,0.0,0,HB,BEL,Online TA,TA/TO,0,0,0,A,D,1,No Deposit,240.0,0,Transient,78.0,0,1
Resort Hotel,0,29,2015,November,45,1,2,4,2,0.0,0,BB,IRL,Offline TA/TO,TA/TO,0,0,0,D,D,0,No Deposit,156.0,0,Transient,33.3,0,1
Resort Hotel,0,99,2015,October,44,29,2,7,2,0.0,0,BB,BEL,Direct,Direct,0,0,0,A,A,0,No Deposit,250.0,0,Transient,42.6,1,1
Resort Hotel,0,0,2015,November,45,6,0,1,2,0.0,0,BB,ESP,Direct,Direct,0,0,0,D,D,0,No Deposit,,0,Transient,56.0,0,0
Resort Hotel,0,29,2015,November,45,7,2,6,2,0.0,0,BB,ESP,Online TA,TA/TO,0,0,0,D,D,3,No Deposit,,0,Transient,85.25,1,0
Resort Hotel,0,11,2015,November,45,2,1,4,2,0.0,0,BB,AUT,Corporate,Corporate,0,0,0,A,A,1,No Deposit,185.0,0,Transient-Party,43.2,0,0
Resort Hotel,0,59,2015,November,45,1,2,4,2,0.0,0,BB,FRA,Online TA,TA/TO,0,0,0,A,A,0,No Deposit,240.0,0,Transient,42.0,1,1
Resort Hotel,0,15,2015,November,45,1,2,4,2,0.0,0,HB,FRA,Online TA,TA/TO,0,0,0,A,A,1,No Deposit,240.0,0,Transient,84.0,1,1
Resort Hotel,0,45,2015,October,44,31,2,5,2,0.0,0,BB,SWE,Online TA,TA/TO,0,0,0,D,D,0,No Deposit,240.0,0,Transient,67.71,0,1
Resort Hotel,0,7,2015,November,45,6,0,1,2,0.0,0,BB,PRT,Online TA,TA/TO,0,0,0,A,D,0,No Deposit,240.0,0,Transient,49.0,0,0
Resort Hotel,0,20,2015,November,45,4,0,3,2,0.0,0,BB,NOR,Direct,Direct,0,0,0,D,D,1,No Deposit,250.0,0,Transient,48.0,0,1
Resort Hotel,0,16,2016,November,45,2,0,3,2,0.0,0,BB,NOR,Direct,Direct,1,0,1,D,D,1,No Deposit,250.0,0,Transient,55.08,0,3
Resort Hotel,0,1,2015,November,45,5,0,2,2,0.0,0,BB,GBR,Direct,Direct,0,0,0,D,D,1,No Deposit,250.0,0,Transient,48.0,0,1
Resort Hotel,0,19,2015,November,45,2,1,4,2,0.0,0,BB,PRT,Online TA,TA/TO,0,0,0,A,D,0,No Deposit,240.0,0,Transient,49.2,1,1
Resort Hotel,0,13,2015,November,45,1,2,5,2,0.0,0,HB,GBR,Offline TA/TO,TA/TO,0,0,0,D,D,0,No Deposit,6.0,0,Transient,58.13,0,0
Resort Hotel,0,1,2015,November,45,7,0,1,2,0.0,0,BB,ESP,Online TA,TA/TO,0,0,0,A,D,0,No Deposit,240.0,0,Transient,64.0,1,2
Resort Hotel,0,4,2015,November,45,6,0,2,2,0.0,0,HB,PRT,Online TA,TA/TO,0,0,0,A,D,2,No Deposit,240.0,0,Transient,83.5,0,1
Resort Hotel,0,34,2015,November,45,1,2,5,2,0.0,0,BB,PRT,Offline TA/TO,TA/TO,0,0,0,D,D,0,No Deposit,156.0,0,Transient,31.63,0,2
Resort Hotel,0,1,2015,November,45,5,0,3,2,0.0,0,BB,ESP,Online TA,TA/TO,0,0,0,D,D,0,No Deposit,240.0,0,Transient,70.0,1,2
Resort Hotel,0,1,2015,November,45,6,0,2,2,0.0,0,HB,ESP,Offline TA/TO,TA/TO,0,0,0,A,A,1,No Deposit,314.0,0,Transient,68.7,0,0
Resort Hotel,0,269,2015,November,45,7,0,1,2,0.0,0,HB,GBR,Offline TA/TO,TA/TO,0,0,0,A,D,0,No Deposit,171.0,0,Transient,49.5,0,0
Resort Hotel,0,69,2016,November,47,19,0,1,2,0.0,0,HB,GBR,Online TA,TA/TO,1,0,0,D,D,0,No Deposit,241.0,0,Transient,56.83,0,1
Resort Hotel,0,1,2015,November,45,7,0,1,2,0.0,0,BB,ESP,Online TA,TA/TO,0,0,0,A,D,0,No Deposit,240.0,0,Transient,58.0,0,1
Resort Hotel,0,23,2015,November,45,2,1,5,2,0.0,0,BB,PRT,Corporate,Corporate,0,0,0,A,A,2,No Deposit,324.0,0,Transient,86.4,0,0
Resort Hotel,0,39,2015,November,45,1,2,5,2,0.0,0,BB,IRL,Offline TA/TO,TA/TO,0,0,0,D,D,0,No Deposit,171.0,0,Transient,29.06,0,0
Resort Hotel,0,4,2015,November,45,6,0,2,2,0.0,0,BB,PRT,Direct,Direct,0,0,0,A,D,0,No Deposit,,0,Transient,68.5,0,1
Resort Hotel,0,94,2015,November,45,1,2,5,2,0.0,0,BB,IRL,Offline TA/TO,TA/TO,0,0,0,A,A,0,No Deposit,171.0,0,Transient,26.23,0,1
Resort Hotel,0,170,2015,November,45,2,1,5,2,0.0,0,BB,GBR,Offline TA/TO,TA/TO,0,0,0,A,D,0,No Deposit,314.0,0,Contract,25.92,0,0
Resort Hotel,0,2,2015,November,45,7,0,1,2,0.0,0,BB,PRT,Offline TA/TO,TA/TO,0,0,0,A,A,1,No Deposit,330.0,0,Transient,27.0,0,0
Resort Hotel,0,0,2015,November,45,7,0,1,2,0.0,0,BB,PRT,Online TA,TA/TO,0,0,0,D,D,0,No Deposit,240.0,0,Transient,46.4,0,1
Resort Hotel,0,20,2015,November,45,2,2,5,2,0.0,0,BB,POL,Offline TA/TO,TA/TO,0,0,0,A,D,0,No Deposit,69.0,0,Transient,29.0,0,0
Resort Hotel,0,20,2015,November,45,2,2,5,2,0.0,0,BB,POL,Offline TA/TO,TA/TO,0,0,0,A,D,1,No Deposit,69.0,0,Transient,26.1,0,0
Resort Hotel,0,305,2015,November,45,5,1,3,2,0.0,0,BB,GBR,Online TA,TA/TO,0,0,0,E,E,0,No Deposit,240.0,0,Transient,55.0,0,1
Resort Hotel,0,0,2015,November,45,5,1,3,2,0.0,0,BB,PRT,Direct,Direct,0,0,0,D,D,0,No Deposit,,0,Transient,56.0,0,0
Resort Hotel,0,22,2015,November,45,5,1,3,2,0.0,0,BB,GBR,Offline TA/TO,TA/TO,0,0,0,E,E,0,No Deposit,26.0,0,Transient,39.33,0,0
Resort Hotel,0,13,2015,November,45,1,3,5,2,0.0,0,BB,DEU,Offline TA/TO,TA/TO,0,0,0,A,A,0,No Deposit,6.0,0,Transient,26.1,0,0
Resort Hotel,0,0,2015,November,46,8,1,0,2,0.0,0,BB,ESP,Online TA,TA/TO,0,0,0,A,D,0,No Deposit,240.0,0,Transient,58.0,1,0
Resort Hotel,0,0,2015,November,46,8,1,0,2,0.0,0,BB,ESP,Online TA,TA/TO,0,0,0,A,D,0,No Deposit,240.0,0,Transient,58.0,1,0
Resort Hotel,0,11,2015,November,45,2,2,5,2,0.0,0,BB,POL,Offline TA/TO,TA/TO,0,0,0,D,D,0,No Deposit,69.0,0,Transient,30.6,0,0
Resort Hotel,0,31,2015,November,45,2,2,5,2,0.0,0,BB,PRT,Corporate,Corporate,0,0,0,A,A,5,No Deposit,185.0,0,Transient-Party,43.2,0,0
Resort Hotel,0,4,2015,November,45,7,2,1,2,0.0,0,HB,ESP,Online TA,TA/TO,0,0,0,A,D,0,No Deposit,240.0,0,Transient,88.0,0,3
Resort Hotel,1,289,2015,November,47,20,1,2,2,0.0,0,FB,PRT,Groups,TA/TO,0,1,0,A,A,0,No Deposit,134.0,0,Transient-Party,69.0,0,0
Resort Hotel,1,289,2015,November,47,20,1,2,2,0.0,0,FB,PRT,Groups,TA/TO,0,1,0,A,A,0,No Deposit,134.0,0,Transient-Party,69.0,0,0
Resort Hotel,1,289,2015,November,47,20,1,2,2,0.0,0,FB,PRT,Groups,TA/TO,0,1,0,A,A,0,No Deposit,134.0,0,Transient-Party,69.0,0,0
Resort Hotel,1,289,2015,November,47,20,1,2,2,0.0,0,FB,PRT,Groups,TA/TO,0,1,0,A,A,0,No Deposit,134.0,0,Transient-Party,69.0,0,0
Resort Hotel,0,1,2015,November,46,8,2,1,2,0.0,0,BB,CN,Online TA,TA/TO,0,0,0,D,D,1,No Deposit,240.0,0,Transient,52.4,1,0
Resort Hotel,0,0,2015,November,46,10,0,1,2,0.0,0,BB,FRA,Direct,Direct,0,0,0,F,F,0,No Deposit,,0,Transient,68.0,1,0
Resort Hotel,0,32,2015,November,46,10,0,1,2,0.0,0,BB,PRT,Online TA,TA/TO,0,0,0,A,D,0,No Deposit,240.0,0,Transient,58.0,1,1
Resort Hotel,0,0,2015,November,46,10,0,1,2,0.0,0,BB,PRT,Online TA,TA/TO,0,0,0,E,F,0,No Deposit,240.0,0,Transient,68.0,0,1
Resort Hotel,0,3,2015,November,46,8,2,2,2,0.0,0,BB,NLD,Online TA,TA/TO,0,0,0,A,D,0,No Deposit,240.0,0,Transient,64.0,1,1
Resort Hotel,0,1,2015,November,46,11,0,1,2,0.0,0,BB,PRT,Online TA,TA/TO,0,0,0,D,D,0,No Deposit,240.0,0,Transient,58.0,0,1
Resort Hotel,0,34,2015,November,45,2,3,7,2,0.0,0,HB,LTU,Offline TA/TO,TA/TO,0,0,0,D,D,1,No Deposit,115.0,0,Transient,56.7,0,0
Resort Hotel,0,1,2015,November,45,6,2,5,2,0.0,0,BB,GBR,Online TA,TA/TO,0,0,0,D,D,0,No Deposit,241.0,0,Transient,41.48,0,0
Resort Hotel,0,21,2015,November,46,12,0,2,2,0.0,0,BB,PRT,Corporate,Corporate,0,0,0,A,B,1,No Deposit,324.0,0,Transient-Party,48.0,0,0
Resort Hotel,0,5,2015,November,46,11,0,3,2,0.0,0,BB,NLD,Online TA,TA/TO,0,0,0,D,D,0,No Deposit,240.0,0,Transient,65.73,1,1
Resort Hotel,0,109,2015,November,46,13,0,1,2,0.0,0,BB,PRT,Direct,Direct,0,0,0,F,F,0,No Deposit,,0,Transient,80.8,1,2
Resort Hotel,0,109,2015,November,46,13,0,1,2,0.0,0,BB,USA,Direct,Direct,0,0,0,F,F,1,No Deposit,,0,Transient,74.8,0,2
Resort Hotel,0,26,2015,November,45,7,2,6,2,0.0,0,BB,ESP,Direct,Direct,0,0,0,D,D,2,No Deposit,250.0,0,Transient,56.0,0,1
Resort Hotel,0,39,2015,November,46,10,0,5,2,0.0,0,BB,PRT,Corporate,Corporate,0,0,0,A,D,2,No Deposit,185.0,0,Transient-Party,43.2,0,0
Resort Hotel,0,89,2015,November,46,9,1,5,2,0.0,0,BB,GBR,Offline TA/TO,TA/TO,0,0,0,E,G,0,No Deposit,314.0,0,Contract,62.16,1,1
Resort Hotel,0,3,2015,November,46,10,0,5,2,0.0,0,BB,CHL,Direct,Direct,0,0,0,D,D,0,No Deposit,250.0,0,Transient,71.2,1,0
Resort Hotel,0,15,2015,November,46,13,0,2,2,0.0,0,BB,PRT,Corporate,Corporate,0,0,0,E,E,0,No Deposit,185.0,0,Transient-Party,52.2,0,0
Resort Hotel,0,16,2015,November,46,14,0,1,2,0.0,0,BB,PRT,Online TA,TA/TO,0,0,0,D,D,0,No Deposit,240.0,0,Transient,78.0,0,1
Resort Hotel,0,30,2015,November,46,9,1,5,2,0.0,0,BB,FRA,Corporate,Corporate,0,0,0,A,A,4,No Deposit,334.0,0,Transient-Party,48.0,0,0
Resort Hotel,0,37,2015,November,46,8,2,5,2,0.0,0,BB,PRT,Corporate,Corporate,0,0,0,E,E,1,No Deposit,185.0,0,Transient-Party,52.2,0,0
Resort Hotel,0,27,2015,November,45,6,2,7,2,0.0,0,BB,MEX,Corporate,Corporate,0,0,0,A,A,1,No Deposit,334.0,0,Transient-Party,49.11,0,0
Resort Hotel,0,54,2015,November,45,7,2,6,2,0.0,0,BB,HUN,Online TA,TA/TO,0,0,0,E,E,0,No Deposit,240.0,0,Transient-Party,90.0,1,3
Resort Hotel,0,54,2015,November,45,7,2,6,2,0.0,0,BB,HUN,Online TA,TA/TO,0,0,0,E,E,0,No Deposit,240.0,0,Transient-Party,78.0,0,3
Resort Hotel,0,24,2015,November,45,3,2,10,2,0.0,0,BB,ITA,Corporate,Corporate,0,0,0,A,A,1,No Deposit,326.0,0,Transient-Party,49.5,1,0
Resort Hotel,0,65,2015,November,46,8,2,5,2,0.0,0,BB,BRA,Online TA,TA/TO,0,0,0,A,D,0,No Deposit,240.0,0,Transient,58.0,0,1
Resort Hotel,0,65,2015,November,46,8,2,5,2,0.0,0,BB,BRA,Online TA,TA/TO,0,0,0,A,D,0,No Deposit,240.0,0,Transient,58.0,0,1
Resort Hotel,0,30,2015,November,45,1,4,10,2,0.0,0,BB,PRT,Corporate,Corporate,0,0,0,A,A,2,No Deposit,185.0,0,Transient-Party,49.2,0,0
Resort Hotel,0,26,2015,November,45,7,2,6,2,0.0,0,BB,ESP,Direct,Direct,0,0,0,D,D,2,No Deposit,250.0,0,Transient,56.0,0,1
Resort Hotel,0,37,2015,November,45,7,2,6,2,0.0,0,BB,RUS,Online TA,TA/TO,0,0,0,A,D,0,No Deposit,240.0,0,Transient,52.2,0,1
Resort Hotel,0,37,2015,November,45,7,2,6,2,0.0,0,BB,RUS,Online TA,TA/TO,0,0,0,A,D,0,No Deposit,240.0,0,Transient,60.2,1,1
Resort Hotel,0,36,2015,November,45,7,2,6,2,0.0,0,BB,AUT,Corporate,Corporate,0,0,0,A,A,1,No Deposit,185.0,0,Transient-Party,43.2,0,0
Resort Hotel,0,31,2015,November,45,2,3,10,2,0.0,0,BB,AUT,Corporate,Corporate,0,0,0,A,A,4,No Deposit,185.0,0,Transient-Party,43.2,0,0
Resort Hotel,0,31,2015,November,45,2,3,10,2,0.0,0,BB,PRT,Corporate,Corporate,0,0,0,A,A,4,No Deposit,185.0,0,Transient-Party,43.2,0,0
Resort Hotel,0,179,2015,November,46,8,2,5,2,0.0,0,BB,GBR,Online TA,TA/TO,0,0,0,A,D,0,No Deposit,241.0,0,Transient,26.33,0,0
Resort Hotel,0,163,2015,November,45,7,2,6,2,0.0,0,BB,PRT,Online TA,TA/TO,0,0,0,A,D,0,No Deposit,240.0,0,Transient,36.0,0,1
Resort Hotel,0,8,2015,November,46,13,0,2,2,0.0,0,BB,PRT,Online TA,TA/TO,0,0,0,D,D,0,No Deposit,240.0,0,Transient,78.0,0,0
Resort Hotel,0,0,2015,November,46,14,0,1,2,0.0,0,BB,PRT,Direct,Direct,0,0,0,D,D,0,No Deposit,,0,Transient,63.0,0,0
Resort Hotel,0,36,2015,November,45,7,2,6,2,0.0,0,BB,GBR,Corporate,Corporate,0,0,0,E,E,1,No Deposit,185.0,0,Transient-Party,53.45,0,0
Resort Hotel,0,27,2015,November,46,10,0,5,2,0.0,0,BB,DEU,Online TA,TA/TO,0,0,0,D,D,0,No Deposit,240.0,0,Transient,76.0,1,1
Resort Hotel,0,41,2015,November,46,12,0,3,2,0.0,0,BB,AUT,Corporate,Corporate,0,0,0,A,D,3,No Deposit,185.0,0,Transient-Party,49.2,1,0
Resort Hotel,0,12,2015,November,45,7,2,6,2,0.0,0,BB,AUT,Online TA,TA/TO,0,0,0,A,D,0,No Deposit,241.0,0,Transient,50.66,1,0
Resort Hotel,0,54,2015,November,45,7,2,6,2,0.0,0,BB,GRC,Online TA,TA/TO,0,0,0,D,D,0,No Deposit,240.0,0,Transient-Party,76.0,1,3
Resort Hotel,0,163,2015,November,45,7,2,6,2,0.0,0,BB,PRT,Online TA,TA/TO,0,0,0,A,D,0,No Deposit,240.0,0,Transient,36.0,0,1
Resort Hotel,1,1,2016,February,9,22,1,0,2,0.0,0,BB,PRT,Online TA,TA/TO,1,0,0,A,D,0,No Deposit,,0,Transient,45.0,0,1
Resort Hotel,0,19,2015,November,46,14,0,1,2,0.0,0,BB,CZE,Corporate,Corporate,0,0,0,A,A,0,Non Refund,328.0,0,Transient-Party,48.0,0,0
Resort Hotel,0,25,2015,November,45,4,3,9,2,0.0,0,BB,CZE,Corporate,Corporate,0,0,0,A,A,2,No Deposit,328.0,0,Transient-Party,48.0,0,0
Resort Hotel,0,12,2015,November,45,3,3,10,2,0.0,0,BB,USA,Corporate,Corporate,0,0,0,A,A,0,No Deposit,328.0,0,Transient-Party,48.0,0,0
Resort Hotel,0,1,2017,January,1,2,1,2,2,0.0,0,BB,GBR,Direct,Direct,1,0,5,A,A,1,No Deposit,,0,Group,44.0,0,1
Resort Hotel,0,24,2015,November,45,3,3,10,2,0.0,0,BB,FRA,Corporate,Corporate,0,0,0,A,A,2,No Deposit,334.0,0,Transient-Party,48.0,0,0
Resort Hotel,0,0,2015,November,47,15,1,0,2,0.0,0,BB,PRT,Complementary,Direct,0,0,0,F,F,0,No Deposit,,0,Transient,68.0,0,1
Resort Hotel,0,19,2015,November,47,16,1,1,2,0.0,0,BB,PRT,Complementary,Direct,0,0,0,F,F,1,No Deposit,,0,Transient,30.0,0,1
Resort Hotel,0,0,2015,November,47,15,1,0,2,0.0,0,BB,CHE,Direct,Direct,0,0,0,A,D,0,No Deposit,,0,Transient,59.0,1,0
Resort Hotel,0,0,2015,November,47,15,1,0,2,0.0,0,BB,CHE,Direct,Direct,0,0,0,D,D,0,No Deposit,,0,Transient,59.0,1,0
Resort Hotel,0,0,2015,November,47,16,1,0,2,0.0,0,BB,PRT,Direct,Direct,0,0,0,D,D,0,No Deposit,,0,Transient,53.0,0,0
Resort Hotel,0,0,2015,November,47,16,1,0,2,0.0,0,BB,PRT,Online TA,TA/TO,0,0,0,A,A,0,No Deposit,240.0,0,Transient,40.0,0,0
Resort Hotel,0,2,2015,November,47,16,1,0,2,0.0,0,BB,PRT,Online TA,TA/TO,0,0,0,A,A,0,No Deposit,240.0,0,Transient,43.2,0,1
Resort Hotel,0,12,2015,November,47,15,2,0,2,0.0,0,BB,PRT,Complementary,Direct,0,0,0,A,A,0,No Deposit,,0,Transient,0.0,0,0
Resort Hotel,0,3,2015,November,47,15,2,0,2,0.0,0,BB,ESP,Offline TA/TO,TA/TO,0,0,0,D,D,0,No Deposit,6.0,0,Transient,8.0,0,1
Resort Hotel,0,31,2015,November,45,2,5,10,2,0.0,0,BB,AUS,Corporate,Corporate,0,0,0,E,E,5,No Deposit,185.0,0,Transient-Party,52.2,0,0
Resort Hotel,0,0,2016,March,11,11,0,1,2,0.0,0,BB,PRT,Online TA,TA/TO,1,0,2,A,F,0,No Deposit,240.0,0,Transient,70.0,0,0
Resort Hotel,1,105,2016,February,9,27,1,1,2,0.0,0,BB,PRT,Online TA,TA/TO,0,1,0,D,D,0,No Deposit,240.0,0,Transient,46.4,0,0
Resort Hotel,0,82,2016,February,7,7,2,0,2,0.0,0,Undefined,PRT,Groups,TA/TO,1,0,0,A,A,0,No Deposit,67.0,0,Transient-Party,72.0,0,0
Resort Hotel,0,82,2016,February,7,7,2,0,2,0.0,0,Undefined,PRT,Groups,TA/TO,1,0,0,A,A,0,No Deposit,67.0,0,Transient-Party,72.0,0,0
Resort Hotel,0,82,2016,February,7,7,2,0,2,0.0,0,Undefined,PRT,Groups,TA/TO,1,0,0,A,A,0,No Deposit,67.0,0,Transient-Party,72.0,0,0
Resort Hotel,0,82,2016,February,7,7,2,0,2,0.0,0,Undefined,PRT,Groups,TA/TO,1,0,0,A,A,0,No Deposit,67.0,0,Transient-Party,72.0,0,0
Resort Hotel,0,82,2016,February,7,7,2,0,2,0.0,0,Undefined,PRT,Groups,TA/TO,1,0,0,A,A,0,No Deposit,67.0,0,Transient-Party,72.0,0,0
Resort Hotel,0,82,2016,February,7,7,2,0,2,0.0,0,Undefined,PRT,Groups,TA/TO,1,0,0,A,A,0,No Deposit,67.0,0,Transient-Party,72.0,0,0
Resort Hotel,0,82,2016,February,7,7,2,0,2,0.0,0,Undefined,PRT,Groups,TA/TO,1,0,0,A,A,0,No Deposit,67.0,0,Transient-Party,72.0,0,0
Resort Hotel,0,82,2016,February,7,7,2,0,2,0.0,0,Undefined,PRT,Groups,TA/TO,1,0,0,A,A,0,No Deposit,67.0,0,Transient-Party,72.0,0,0
Resort Hotel,0,82,2016,February,7,7,2,0,2,0.0,0,Undefined,PRT,Groups,TA/TO,1,0,0,A,A,0,No Deposit,67.0,0,Transient-Party,72.0,0,0
Resort Hotel,0,82,2016,February,7,7,2,0,2,0.0,0,Undefined,PRT,Groups,TA/TO,1,0,0,A,A,0,No Deposit,67.0,0,Transient-Party,72.0,0,0
Resort Hotel,0,82,2016,February,7,7,2,0,2,0.0,0,Undefined,PRT,Groups,TA/TO,1,0,0,A,A,0,No Deposit,67.0,0,Transient-Party,72.0,0,1
Resort Hotel,1,82,2016,February,7,7,2,0,2,0.0,0,Undefined,PRT,Groups,TA/TO,1,1,0,A,A,0,No Deposit,67.0,0,Transient-Party,66.0,0,0
Resort Hotel,1,82,2016,February,7,7,2,0,2,0.0,0,Undefined,PRT,Groups,TA/TO,1,1,0,A,A,0,No Deposit,67.0,0,Transient-Party,66.0,0,0
Resort Hotel,1,82,2016,February,7,7,2,0,2,0.0,0,Undefined,PRT,Groups,TA/TO,1,1,0,A,A,0,No Deposit,67.0,0,Transient-Party,66.0,0,0
Resort Hotel,1,82,2016,February,7,7,2,0,2,0.0,0,Undefined,PRT,Groups,TA/TO,1,1,0,A,A,0,No Deposit,67.0,0,Transient-Party,66.0,0,0
Resort Hotel,1,82,2016,February,7,7,2,0,2,0.0,0,Undefined,PRT,Groups,TA/TO,1,1,0,A,A,0,No Deposit,67.0,0,Transient-Party,66.0,0,0
Resort Hotel,1,82,2016,February,7,7,2,0,2,0.0,0,Undefined,PRT,Groups,TA/TO,1,1,0,A,A,0,No Deposit,67.0,0,Transient-Party,66.0,0,0
Resort Hotel,1,82,2016,February,7,7,2,0,2,0.0,0,Undefined,PRT,Groups,TA/TO,1,1,0,A,A,0,No Deposit,67.0,0,Transient-Party,66.0,0,0
Resort Hotel,1,82,2016,February,7,7,2,0,2,0.0,0,Undefined,PRT,Groups,TA/TO,1,1,0,A,A,0,No Deposit,67.0,0,Transient-Party,66.0,0,0
Resort Hotel,1,82,2016,February,7,7,2,0,2,0.0,0,Undefined,PRT,Groups,TA/TO,1,1,0,A,A,0,No Deposit,67.0,0,Transient-Party,66.0,0,0
Resort Hotel,1,82,2016,February,7,7,2,0,2,0.0,0,Undefined,PRT,Groups,TA/TO,1,1,0,A,A,0,No Deposit,67.0,0,Transient-Party,66.0,0,0
Resort Hotel,1,82,2016,February,7,7,2,0,2,0.0,0,Undefined,PRT,Groups,TA/TO,1,1,0,A,A,0,No Deposit,67.0,0,Transient-Party,66.0,0,0
Resort Hotel,1,82,2016,February,7,7,2,0,2,0.0,0,Undefined,PRT,Groups,TA/TO,1,1,0,A,A,0,No Deposit,67.0,0,Transient-Party,66.0,0,0
Resort Hotel,1,82,2016,February,7,7,2,0,2,0.0,0,BB,PRT,Groups,TA/TO,1,1,0,A,A,0,No Deposit,67.0,0,Transient-Party,86.0,0,0
Resort Hotel,1,82,2016,February,7,7,2,0,2,0.0,0,BB,PRT,Groups,TA/TO,1,1,0,A,A,0,No Deposit,67.0,0,Transient-Party,86.0,0,0
Resort Hotel,1,82,2016,February,7,7,2,0,2,0.0,0,BB,PRT,Groups,TA/TO,1,1,0,A,A,0,No Deposit,67.0,0,Transient-Party,86.0,0,0
Resort Hotel,1,82,2016,February,7,7,2,0,2,0.0,0,BB,PRT,Groups,TA/TO,1,1,0,A,A,0,No Deposit,67.0,0,Transient-Party,86.0,0,0
Resort Hotel,1,82,2016,February,7,7,2,0,2,0.0,0,BB,PRT,Groups,TA/TO,1,1,0,A,A,0,No Deposit,67.0,0,Transient-Party,86.0,0,0
Resort Hotel,1,82,2016,February,7,7,2,0,2,0.0,0,BB,PRT,Groups,TA/TO,1,1,0,A,A,0,No Deposit,67.0,0,Transient-Party,86.0,0,0
Resort Hotel,1,82,2016,February,7,7,2,0,2,0.0,0,BB,PRT,Groups,TA/TO,1,1,0,A,A,0,No Deposit,67.0,0,Transient-Party,86.0,0,0
Resort Hotel,1,82,2016,February,7,7,2,0,2,0.0,0,BB,PRT,Groups,TA/TO,1,1,0,A,A,0,No Deposit,67.0,0,Transient-Party,86.0,0,0
Resort Hotel,1,82,2016,February,7,7,2,0,2,0.0,0,BB,PRT,Groups,TA/TO,1,1,0,A,A,0,No Deposit,67.0,0,Transient-Party,86.0,0,0
Resort Hotel,1,82,2016,February,7,7,2,0,2,0.0,0,BB,PRT,Groups,TA/TO,1,1,0,A,A,0,No Deposit,67.0,0,Transient-Party,86.0,0,0
Resort Hotel,1,82,2016,February,7,7,2,0,2,0.0,0,BB,PRT,Groups,TA/TO,1,1,0,A,A,0,No Deposit,67.0,0,Transient-Party,86.0,0,0
Resort Hotel,1,82,2016,February,7,7,2,0,2,0.0,0,BB,PRT,Groups,TA/TO,1,1,0,A,A,0,No Deposit,67.0,0,Transient-Party,86.0,0,0
Resort Hotel,1,82,2016,February,7,7,2,0,2,0.0,0,BB,PRT,Groups,TA/TO,1,1,0,A,A,0,No Deposit,67.0,0,Transient-Party,86.0,0,0
Resort Hotel,1,82,2016,February,7,7,2,0,2,0.0,0,BB,PRT,Groups,TA/TO,1,1,0,A,A,0,No Deposit,67.0,0,Transient-Party,86.0,0,0
Resort Hotel,1,82,2016,February,7,7,2,0,2,0.0,0,BB,PRT,Groups,TA/TO,1,1,0,A,A,0,No Deposit,67.0,0,Transient-Party,86.0,0,0
Resort Hotel,1,82,2016,February,7,7,2,0,2,0.0,0,BB,PRT,Groups,TA/TO,1,1,0,A,A,0,No Deposit,67.0,0,Transient-Party,86.0,0,0
Resort Hotel,1,82,2016,February,7,7,2,0,2,0.0,0,BB,PRT,Groups,TA/TO,1,1,0,A,A,0,No Deposit,67.0,0,Transient-Party,86.0,0,0
Resort Hotel,1,215,2016,June,26,19,4,7,2,0.0,0,BB,PRT,Offline TA/TO,TA/TO,1,1,0,D,D,0,No Deposit,40.0,0,Contract,62.9,0,0
Resort Hotel,0,6,2015,November,47,16,1,1,2,0.0,0,BB,GBR,Complementary,TA/TO,0,0,0,F,F,1,No Deposit,40.0,0,Transient,0.0,0,1
Resort Hotel,0,1,2015,November,47,17,0,1,2,0.0,0,BB,FRA,Direct,Direct,0,0,0,D,D,0,No Deposit,,0,Transient,53.0,0,1
Resort Hotel,0,78,2015,November,47,15,2,1,2,0.0,0,BB,IRL,Offline TA/TO,TA/TO,0,0,0,A,A,0,No Deposit,171.0,0,Transient,24.94,0,0
Resort Hotel,0,1,2015,November,47,17,0,1,2,0.0,0,BB,NLD,Online TA,TA/TO,0,0,0,D,D,0,No Deposit,240.0,0,Transient,46.4,0,0
Resort Hotel,0,5,2015,November,47,17,0,1,2,0.0,0,BB,PRT,Online TA,TA/TO,0,0,0,D,D,0,No Deposit,240.0,0,Transient,58.0,0,1
Resort Hotel,0,2,2015,November,47,15,2,1,2,0.0,0,BB,PRT,Corporate,Corporate,0,0,0,A,D,1,No Deposit,,0,Transient,43.0,0,0
Resort Hotel,0,10,2015,November,47,16,1,1,2,0.0,0,BB,GBR,Offline TA/TO,TA/TO,0,0,0,A,A,0,No Deposit,115.0,0,Transient,28.1,0,0
Resort Hotel,0,1,2015,November,47,21,0,1,2,0.0,0,BB,GBR,Offline TA/TO,TA/TO,1,0,1,A,A,0,No Deposit,127.0,0,Transient,30.5,0,0
Resort Hotel,0,1,2015,November,47,17,0,1,2,0.0,0,BB,PRT,Online TA,TA/TO,0,0,0,A,A,0,No Deposit,240.0,0,Transient,48.0,0,1
Resort Hotel,0,12,2015,November,47,16,1,1,2,0.0,0,BB,PRT,Online TA,TA/TO,0,0,0,E,E,0,No Deposit,240.0,0,Transient,74.0,1,1
Resort Hotel,0,2,2017,June,26,27,0,2,2,0.0,0,BB,PRT,Direct,TA/TO,1,0,1,A,A,0,No Deposit,250.0,0,Transient,149.0,1,1
Resort Hotel,0,11,2015,November,47,16,1,2,2,0.0,0,BB,DEU,Offline TA/TO,TA/TO,0,0,0,A,A,0,No Deposit,5.0,0,Transient,32.0,0,0
Resort Hotel,0,5,2015,November,47,17,0,2,2,0.0,0,BB,PRT,Offline TA/TO,TA/TO,0,0,0,A,A,0,No Deposit,8.0,0,Transient-Party,50.0,1,0
Resort Hotel,0,2,2015,November,47,18,0,1,2,0.0,0,BB,PRT,Corporate,Corporate,0,0,0,A,A,0,No Deposit,,0,Transient,38.0,0,0
Resort Hotel,0,0,2015,November,47,17,0,2,2,0.0,0,BB,PRT,Offline TA/TO,TA/TO,0,0,0,A,A,0,No Deposit,8.0,0,Transient-Party,50.0,0,0
Resort Hotel,0,3,2015,November,47,17,0,2,2,0.0,0,BB,PRT,Corporate,Corporate,0,0,0,E,E,0,No Deposit,,0,Transient,61.0,0,0
Resort Hotel,0,4,2016,March,12,15,0,2,2,0.0,0,BB,PRT,Corporate,Corporate,1,0,1,A,D,0,No Deposit,,0,Transient,45.0,0,1
Resort Hotel,0,2,2016,December,51,11,2,0,2,0.0,0,BB,PRT,Online TA,Corporate,1,0,2,A,A,0,No Deposit,240.0,0,Transient,48.0,0,1
Resort Hotel,0,0,2016,December,51,13,0,1,2,0.0,0,BB,PRT,Online TA,Corporate,1,0,2,A,A,0,No Deposit,,0,Transient,44.0,0,1
Resort Hotel,0,1,2015,November,47,17,0,2,2,0.0,0,BB,PRT,Online TA,TA/TO,0,0,0,A,F,0,No Deposit,240.0,0,Transient,68.0,0,2
Resort Hotel,0,2,2016,January,2,9,1,1,2,0.0,0,BB,PRT,Online TA,TA/TO,1,0,1,A,D,0,No Deposit,240.0,0,Transient,48.0,0,2
Resort Hotel,0,0,2015,November,47,18,0,1,2,0.0,0,BB,POL,Online TA,TA/TO,0,0,0,D,E,0,No Deposit,240.0,0,Transient,46.4,1,2
Resort Hotel,1,289,2015,November,47,20,1,2,2,0.0,0,HB,PRT,Groups,TA/TO,0,1,0,A,A,0,No Deposit,134.0,0,Transient-Party,57.0,0,0
Resort Hotel,0,1,2015,November,47,18,0,2,2,0.0,0,BB,PRT,Online TA,TA/TO,0,0,0,A,E,0,No Deposit,184.0,0,Transient,43.2,0,0
Resort Hotel,0,0,2015,November,47,19,0,1,2,0.0,0,BB,PRT,Direct,Direct,0,0,0,A,A,0,No Deposit,,0,Transient,43.0,0,0
Resort Hotel,0,0,2015,November,47,19,0,1,2,0.0,0,BB,PRT,Online TA,TA/TO,0,0,0,A,D,0,No Deposit,240.0,0,Transient,43.2,0,1
Resort Hotel,0,0,2015,November,48,25,0,1,2,0.0,0,BB,PRT,Direct,Direct,1,0,1,A,A,0,No Deposit,,0,Transient,38.0,0,0
Resort Hotel,0,2,2015,November,47,18,0,2,2,0.0,0,BB,ESP,Online TA,TA/TO,0,0,0,A,D,0,No Deposit,240.0,0,Transient,48.0,0,1
Resort Hotel,0,5,2015,November,47,17,0,3,2,0.0,0,BB,PRT,Corporate,Corporate,0,0,0,A,A,0,No Deposit,,0,Transient,38.0,0,0
Resort Hotel,0,0,2015,November,48,25,0,1,2,0.0,0,BB,PRT,Direct,Direct,1,0,1,A,A,0,No Deposit,,0,Transient,38.0,0,0
Resort Hotel,0,0,2015,November,47,18,0,2,2,0.0,0,BB,PRT,Offline TA/TO,TA/TO,0,0,0,A,D,3,No Deposit,127.0,0,Transient,61.0,0,1
Resort Hotel,0,0,2015,November,47,19,0,1,2,0.0,0,BB,BRA,Direct,Direct,0,0,0,A,A,0,No Deposit,,0,Transient,43.0,1,0
Resort Hotel,0,2,2015,November,47,19,0,1,2,0.0,0,BB,PRT,Online TA,TA/TO,0,0,0,D,D,0,No Deposit,240.0,0,Transient,46.4,0,1
Resort Hotel,0,2,2015,November,47,18,0,3,2,0.0,0,BB,GBR,Direct,Direct,0,0,0,A,A,2,No Deposit,250.0,0,Transient,49.0,1,0
Resort Hotel,0,20,2015,November,47,18,0,3,2,0.0,0,BB,PRT,Direct,Direct,0,0,0,D,D,1,No Deposit,250.0,0,Transient,56.0,0,1
Resort Hotel,0,20,2015,November,47,18,0,3,2,0.0,0,BB,ESP,Direct,Direct,0,0,0,D,D,0,No Deposit,250.0,0,Transient,56.0,0,1
Resort Hotel,0,1,2015,November,47,20,0,1,2,0.0,0,BB,BEL,Online TA,TA/TO,0,0,0,D,D,0,No Deposit,240.0,0,Transient,46.4,0,0
Resort Hotel,0,6,2015,November,47,16,1,4,2,0.0,0,BB,FRA,Offline TA/TO,TA/TO,0,0,0,A,D,0,No Deposit,6.0,0,Transient,26.0,0,0
Resort Hotel,0,12,2015,November,47,17,0,4,2,0.0,0,HB,GBR,Offline TA/TO,TA/TO,0,0,0,E,E,0,No Deposit,115.0,0,Transient,65.9,0,0
Resort Hotel,0,4,2015,November,47,20,0,1,2,0.0,0,BB,PRT,Online TA,TA/TO,0,0,0,A,D,0,No Deposit,240.0,0,Transient,48.0,1,1
Resort Hotel,0,1,2015,November,47,16,1,4,2,0.0,0,BB,SWE,Direct,Direct,0,0,0,F,F,0,No Deposit,,0,Transient,68.0,0,0
Resort Hotel,0,0,2015,November,47,19,0,2,2,0.0,0,HB,NGA,Direct,Direct,0,0,0,F,F,0,No Deposit,250.0,0,Transient,98.0,0,0
Resort Hotel,0,7,2015,November,47,20,0,1,2,0.0,0,BB,PRT,Online TA,TA/TO,0,0,0,D,D,0,No Deposit,240.0,0,Transient,46.4,0,1
Resort Hotel,0,0,2015,November,47,20,0,1,2,0.0,0,BB,BLR,Offline TA/TO,TA/TO,0,0,0,A,A,0,No Deposit,127.0,0,Transient,30.5,0,0
Resort Hotel,0,69,2015,November,47,17,0,4,2,0.0,0,BB,PRT,Online TA,TA/TO,0,0,0,A,A,0,No Deposit,240.0,0,Transient,29.16,0,0
Resort Hotel,1,7,2015,November,47,21,0,1,2,0.0,0,BB,PRT,Corporate,Corporate,0,0,0,A,A,1,No Deposit,,0,Transient-Party,0.0,0,1
Resort Hotel,0,21,2015,November,47,16,1,5,2,0.0,0,BB,FIN,Offline TA/TO,TA/TO,0,0,0,D,D,0,No Deposit,36.0,0,Transient,35.46,0,0
Resort Hotel,0,21,2015,November,47,16,1,5,2,0.0,0,BB,FIN,Offline TA/TO,TA/TO,0,0,0,A,A,0,No Deposit,36.0,0,Transient,29.34,0,0
Resort Hotel,0,7,2015,November,47,21,0,1,2,0.0,0,BB,PRT,Corporate,Corporate,0,0,0,A,B,0,No Deposit,,0,Transient-Party,32.0,0,0
Resort Hotel,0,7,2015,November,47,21,0,1,2,0.0,0,BB,PRT,Corporate,Corporate,0,0,0,A,E,0,No Deposit,,0,Transient-Party,32.0,0,0
Resort Hotel,0,7,2015,November,47,21,0,1,2,0.0,0,BB,PRT,Corporate,Corporate,0,0,0,A,E,0,No Deposit,,0,Transient-Party,32.0,0,0
Resort Hotel,0,1,2015,November,47,21,0,1,2,0.0,0,BB,PRT,Corporate,Corporate,0,0,0,A,A,1,No Deposit,,0,Transient-Party,0.0,0,0
Resort Hotel,0,43,2015,November,47,19,0,3,2,0.0,0,BB,IRL,Offline TA/TO,TA/TO,0,0,0,D,D,0,No Deposit,36.0,0,Transient,32.83,0,0
Resort Hotel,0,4,2015,November,47,20,0,2,2,0.0,0,BB,FIN,Online TA,TA/TO,0,0,0,D,D,0,No Deposit,240.0,0,Transient,64.0,1,1
Resort Hotel,0,9,2015,November,47,21,0,1,2,0.0,0,BB,PRT,Complementary,Direct,0,0,0,F,F,0,No Deposit,,0,Transient,0.0,0,1
Resort Hotel,0,2,2017,April,16,22,0,1,2,0.0,0,BB,PRT,Direct,Direct,1,0,1,E,G,0,No Deposit,,0,Transient,0.0,1,1
Resort Hotel,0,4,2015,November,47,20,0,2,2,0.0,0,BB,FIN,Online TA,TA/TO,0,0,0,D,D,0,No Deposit,240.0,0,Transient,58.0,0,1
Resort Hotel,0,1,2015,November,47,21,0,1,2,0.0,0,HB,PRT,Offline TA/TO,TA/TO,0,0,0,A,F,0,No Deposit,339.0,0,Transient,55.0,0,0
Resort Hotel,0,6,2015,November,47,15,2,5,2,0.0,0,HB,ESP,Offline TA/TO,TA/TO,0,0,0,D,D,0,No Deposit,6.0,0,Transient,69.0,1,0
Resort Hotel,0,53,2015,November,47,20,0,2,2,0.0,0,BB,PRT,Online TA,TA/TO,0,0,0,A,D,0,No Deposit,240.0,0,Transient,36.45,0,1
Resort Hotel,0,18,2015,November,47,16,1,5,2,0.0,0,BB,VEN,Online TA,TA/TO,0,0,0,A,A,0,No Deposit,240.0,0,Transient,64.0,1,2
Resort Hotel,0,1,2015,November,48,22,1,0,2,0.0,0,BB,VEN,Online TA,TA/TO,0,0,0,D,A,0,No Deposit,240.0,0,Transient,46.4,0,2
Resort Hotel,0,4,2015,November,47,20,0,2,2,0.0,0,HB,ESP,Direct,Direct,0,0,0,F,F,1,No Deposit,250.0,0,Transient,98.0,0,1
Resort Hotel,0,4,2015,November,47,20,0,2,2,0.0,0,HB,ESP,Direct,Direct,0,0,0,F,F,1,No Deposit,250.0,0,Transient,98.0,0,1
Resort Hotel,0,5,2015,November,47,21,0,1,2,0.0,0,BB,ESP,Online TA,TA/TO,0,0,0,D,F,0,No Deposit,240.0,0,Transient,58.0,0,1
Resort Hotel,0,5,2015,November,47,21,0,1,2,0.0,0,BB,PRT,Online TA,TA/TO,0,0,0,D,F,0,No Deposit,240.0,0,Transient,58.0,0,1
Resort Hotel,0,7,2015,November,47,20,0,2,2,0.0,0,BB,PRT,Online TA,TA/TO,0,0,0,A,D,0,No Deposit,240.0,0,Transient,43.2,0,1
Resort Hotel,0,44,2015,November,47,21,0,1,2,0.0,0,HB,PRT,Online TA,TA/TO,0,0,0,A,E,1,No Deposit,240.0,0,Transient,73.5,1,2
Resort Hotel,0,0,2015,November,47,20,0,2,2,0.0,0,BB,ESP,Offline TA/TO,TA/TO,0,0,0,A,D,0,No Deposit,339.0,0,Transient,29.0,0,0
Resort Hotel,0,4,2015,November,47,21,0,1,2,0.0,0,BB,PRT,Online TA,TA/TO,0,0,0,D,F,0,No Deposit,240.0,0,Transient,64.0,1,1
Resort Hotel,0,4,2016,February,9,26,0,1,2,0.0,0,BB,PRT,Online TA,TA/TO,1,0,1,A,A,0,No Deposit,240.0,0,Transient,54.0,1,1
Resort Hotel,0,0,2016,May,19,1,1,0,2,0.0,0,BB,PRT,Direct,TA/TO,1,0,2,F,F,0,No Deposit,,0,Transient,115.0,1,1
Resort Hotel,0,0,2017,July,27,2,1,0,2,0.0,0,BB,PRT,Direct,TA/TO,1,0,3,A,A,0,No Deposit,,0,Transient,127.0,1,2
Resort Hotel,0,26,2015,November,47,21,0,1,2,0.0,0,BB,PRT,Online TA,TA/TO,0,0,0,A,G,0,No Deposit,240.0,0,Transient,54.0,1,1
Resort Hotel,0,4,2015,November,47,21,0,1,2,0.0,0,BB,PRT,Direct,Direct,0,0,0,F,G,0,No Deposit,,0,Transient,68.0,0,0
Resort Hotel,0,32,2015,November,47,20,0,2,2,0.0,0,FB,PRT,Offline TA/TO,TA/TO,0,0,0,A,D,0,No Deposit,6.0,0,Transient,67.5,0,0
Resort Hotel,0,32,2015,November,47,20,0,2,2,0.0,0,FB,PRT,Offline TA/TO,TA/TO,0,0,0,A,D,0,No Deposit,6.0,0,Transient,67.5,0,0
Resort Hotel,0,10,2015,November,47,16,1,5,2,0.0,0,HB,IRL,Offline TA/TO,TA/TO,0,0,0,E,E,0,No Deposit,177.0,0,Transient,31.4,0,0
Resort Hotel,0,184,2015,November,47,19,1,3,2,0.0,0,BB,GBR,Offline TA/TO,TA/TO,0,0,0,A,A,0,No Deposit,171.0,0,Transient,26.1,0,0
Resort Hotel,0,119,2015,November,47,16,2,5,2,0.0,0,BB,GBR,Offline TA/TO,TA/TO,0,0,0,D,D,0,No Deposit,2.0,0,Contract,33.3,0,1
Resort Hotel,0,3,2015,November,47,19,1,3,2,0.0,0,BB,ESP,Online TA,TA/TO,0,0,0,A,D,2,No Deposit,240.0,0,Transient,48.0,0,1
Resort Hotel,0,5,2015,November,47,21,1,1,2,0.0,0,BB,FRA,Online TA,TA/TO,0,0,0,D,D,0,No Deposit,240.0,0,Transient,58.0,0,1
Resort Hotel,0,289,2015,November,47,20,1,2,2,0.0,0,HB,GIB,Groups,TA/TO,0,0,0,A,A,0,No Deposit,134.0,0,Transient-Party,57.0,0,0
Resort Hotel,0,289,2015,November,47,20,1,2,2,0.0,0,HB,GBR,Groups,TA/TO,0,0,0,A,A,0,No Deposit,134.0,0,Transient-Party,59.0,0,0
Resort Hotel,0,289,2015,November,47,20,1,2,2,0.0,0,HB,GBR,Groups,TA/TO,0,0,0,A,A,0,No Deposit,134.0,0,Transient-Party,57.0,0,0
Resort Hotel,0,289,2015,November,47,20,1,2,2,0.0,0,HB,GBR,Groups,TA/TO,0,0,0,A,A,0,No Deposit,134.0,0,Transient-Party,57.0,0,0
Resort Hotel,0,289,2015,November,47,20,1,2,2,0.0,0,HB,GBR,Groups,TA/TO,0,0,0,A,A,0,No Deposit,134.0,0,Transient-Party,57.0,0,0
Resort Hotel,0,3,2015,November,47,19,1,3,2,0.0,0,BB,GBR,Offline TA/TO,TA/TO,0,0,0,A,D,0,No Deposit,6.0,0,Transient,32.0,1,0
Resort Hotel,0,289,2015,November,47,20,1,2,2,0.0,0,HB,GBR,Groups,TA/TO,0,0,0,A,A,0,No Deposit,134.0,0,Transient-Party,57.0,0,0
Resort Hotel,0,289,2015,November,47,20,1,2,2,0.0,0,HB,GIB,Groups,TA/TO,0,0,0,A,A,0,No Deposit,134.0,0,Transient-Party,57.0,0,0
Resort Hotel,0,289,2015,November,47,20,1,2,2,0.0,0,HB,GIB,Groups,TA/TO,0,0,0,A,A,0,No Deposit,134.0,0,Transient-Party,57.0,0,0
Resort Hotel,0,289,2015,November,47,20,1,2,2,0.0,0,HB,GIB,Groups,TA/TO,0,0,0,A,A,0,No Deposit,134.0,0,Transient-Party,57.0,0,0
Resort Hotel,0,66,2015,November,47,19,1,3,2,0.0,0,BB,IRL,Online TA,TA/TO,0,0,0,A,D,1,No Deposit,240.0,0,Transient,32.4,0,4
Resort Hotel,0,29,2015,November,47,19,1,3,2,0.0,0,BB,IRL,Offline TA/TO,TA/TO,0,0,0,A,A,0,No Deposit,115.0,0,Transient,26.1,0,0
Resort Hotel,1,43,2015,December,53,30,0,3,2,0.0,0,BB,PRT,Online TA,TA/TO,0,1,0,E,E,0,No Deposit,240.0,0,Transient,119.0,0,2
Resort Hotel,1,43,2015,December,53,30,0,3,2,0.0,0,BB,PRT,Online TA,TA/TO,0,1,0,E,E,0,No Deposit,240.0,0,Transient,119.0,0,2
Resort Hotel,1,43,2015,December,53,30,0,3,2,0.0,0,BB,PRT,Online TA,TA/TO,0,1,0,E,E,0,No Deposit,240.0,0,Transient,119.0,0,2
Resort Hotel,0,66,2015,November,47,19,1,3,2,0.0,0,BB,IRL,Online TA,TA/TO,0,0,0,A,D,0,No Deposit,240.0,0,Transient,32.4,0,3
Resort Hotel,0,1,2015,November,48,24,0,0,2,0.0,0,BB,PRT,Online TA,TA/TO,1,0,0,D,D,0,No Deposit,240.0,0,Transient,0.0,0,1
Resort Hotel,0,105,2015,November,47,18,2,4,2,0.0,0,Undefined,ESP,Offline TA/TO,TA/TO,0,0,0,A,A,0,No Deposit,313.0,65,Transient-Party,69.0,0,0
Resort Hotel,0,105,2015,November,47,18,2,4,2,0.0,0,Undefined,ESP,Offline TA/TO,TA/TO,0,0,0,A,A,0,No Deposit,313.0,65,Transient-Party,69.0,0,0
Resort Hotel,0,105,2015,November,47,18,2,4,2,0.0,0,Undefined,ESP,Offline TA/TO,TA/TO,0,0,0,A,A,0,No Deposit,313.0,65,Transient-Party,69.0,0,0
Resort Hotel,0,105,2015,November,47,18,2,4,2,0.0,0,Undefined,ESP,Offline TA/TO,TA/TO,0,0,0,A,A,0,No Deposit,313.0,65,Transient-Party,69.0,0,0
Resort Hotel,0,105,2015,November,47,18,2,4,2,0.0,0,Undefined,ESP,Offline TA/TO,TA/TO,0,0,0,A,A,0,No Deposit,313.0,65,Transient-Party,69.0,0,0
Resort Hotel,0,105,2015,November,47,18,2,4,2,0.0,0,Undefined,ESP,Offline TA/TO,TA/TO,0,0,0,A,A,0,No Deposit,313.0,65,Transient-Party,69.0,0,0
Resort Hotel,0,105,2015,November,47,18,2,4,2,0.0,0,Undefined,ESP,Offline TA/TO,TA/TO,0,0,0,A,A,0,No Deposit,313.0,65,Transient-Party,69.0,0,0
Resort Hotel,0,78,2015,November,47,17,2,5,2,0.0,0,HB,GBR,Offline TA/TO,TA/TO,0,0,0,D,D,1,No Deposit,156.0,0,Transient,57.04,0,1
Resort Hotel,0,90,2015,November,47,16,3,5,2,0.0,0,BB,LUX,Online TA,TA/TO,0,0,0,E,E,0,No Deposit,241.0,0,Transient,36.86,0,2
Resort Hotel,0,11,2015,November,48,22,2,0,2,0.0,0,BB,PRT,Offline TA/TO,TA/TO,0,0,0,A,A,0,No Deposit,336.0,0,Transient,29.0,0,0
Resort Hotel,0,0,2015,November,48,23,1,0,2,0.0,0,BB,PRT,Online TA,TA/TO,0,0,0,D,D,0,No Deposit,240.0,0,Transient,38.4,0,0
Resort Hotel,0,25,2015,November,47,17,2,5,2,0.0,0,BB,GBR,Offline TA/TO,TA/TO,0,0,0,A,A,0,No Deposit,26.0,0,Transient,25.65,0,0
Resort Hotel,0,2,2015,November,47,21,2,1,2,0.0,0,HB,PRT,Direct,Direct,0,0,0,D,D,0,No Deposit,250.0,0,Transient,89.0,1,1
Resort Hotel,0,25,2016,February,9,23,0,1,2,0.0,0,HB,PRT,Direct,Direct,1,0,1,A,A,0,No Deposit,,0,Transient,85.0,1,1
Resort Hotel,0,0,2016,February,9,25,0,3,2,0.0,0,HB,PRT,Direct,Direct,1,0,2,A,A,1,No Deposit,,0,Transient,32.0,1,1
Resort Hotel,0,1,2016,December,51,17,0,1,2,0.0,0,HB,PRT,Direct,Direct,1,0,3,E,E,1,No Deposit,250.0,0,Transient,101.0,1,1
Resort Hotel,0,44,2015,November,48,22,2,0,2,0.0,0,BB,FRA,Online TA,TA/TO,0,0,0,A,A,0,No Deposit,240.0,0,Transient,36.45,0,0
Resort Hotel,0,0,2015,November,48,23,1,0,2,0.0,0,BB,PRT,Direct,Direct,0,0,0,A,E,0,No Deposit,,0,Transient,58.0,1,0
Resort Hotel,0,0,2015,November,48,23,1,0,2,0.0,0,BB,PRT,Direct,Direct,0,0,0,E,E,0,No Deposit,,0,Transient,58.0,0,0
Resort Hotel,0,105,2015,November,47,18,2,4,2,0.0,0,Undefined,ESP,Offline TA/TO,TA/TO,0,0,0,A,A,1,No Deposit,313.0,65,Transient-Party,69.0,0,0
Resort Hotel,0,11,2015,November,47,21,2,1,2,0.0,0,BB,FRA,Offline TA/TO,TA/TO,0,0,0,A,D,0,No Deposit,6.0,0,Transient,26.0,0,0
Resort Hotel,1,187,2016,May,22,24,0,2,2,0.0,0,HB,PRT,Online TA,TA/TO,0,1,0,A,A,0,No Deposit,240.0,0,Transient,79.2,0,1
Resort Hotel,1,187,2016,May,22,24,0,2,2,0.0,0,HB,PRT,Online TA,TA/TO,0,1,0,A,A,0,No Deposit,240.0,0,Transient,79.2,0,1
Resort Hotel,1,287,2016,August,35,25,2,3,2,0.0,0,BB,PRT,Groups,TA/TO,0,1,0,D,D,0,Non Refund,,0,Transient,128.0,0,0
Resort Hotel,1,287,2016,August,35,25,2,3,2,0.0,0,BB,PRT,Groups,TA/TO,0,1,0,D,D,0,Non Refund,,0,Transient,128.0,0,0
Resort Hotel,1,287,2016,August,35,25,2,3,2,0.0,0,BB,PRT,Groups,TA/TO,0,1,0,D,D,0,Non Refund,,0,Transient,128.0,0,0
Resort Hotel,1,287,2016,August,35,25,2,3,2,0.0,0,BB,PRT,Groups,TA/TO,0,1,0,D,D,0,Non Refund,,0,Transient,128.0,0,0
Resort Hotel,1,287,2016,August,35,25,2,3,2,0.0,0,BB,PRT,Groups,TA/TO,0,1,0,D,D,0,Non Refund,,0,Transient,128.0,0,0
Resort Hotel,1,287,2016,August,35,25,2,3,2,0.0,0,BB,PRT,Groups,TA/TO,0,1,0,D,D,0,Non Refund,,0,Transient,128.0,0,0
Resort Hotel,1,108,2016,March,10,1,0,1,2,0.0,0,BB,PRT,Online TA,TA/TO,0,1,0,D,D,0,No Deposit,240.0,0,Transient,46.4,0,2
Resort Hotel,1,108,2016,March,10,1,0,1,2,0.0,0,BB,PRT,Online TA,TA/TO,0,1,0,D,D,0,No Deposit,240.0,0,Transient,46.4,0,2
Resort Hotel,1,212,2016,June,25,16,2,3,2,0.0,0,HB,PRT,Online TA,TA/TO,0,1,0,D,D,0,No Deposit,242.0,0,Transient,126.3,0,0
Resort Hotel,0,1,2015,November,48,24,0,1,2,0.0,0,BB,PRT,Online TA,TA/TO,0,0,0,A,A,0,No Deposit,240.0,0,Transient,48.0,0,2
Resort Hotel,0,1,2015,November,48,24,0,1,2,0.0,0,BB,UKR,Online TA,TA/TO,0,0,0,A,A,0,No Deposit,240.0,0,Transient,48.0,0,2
Resort Hotel,0,1,2015,November,48,24,0,1,2,0.0,0,BB,PRT,Online TA,TA/TO,0,0,0,A,A,0,No Deposit,240.0,0,Transient,48.0,1,2
Resort Hotel,0,112,2015,November,46,12,4,9,2,0.0,0,HB,FRA,Offline TA/TO,TA/TO,0,0,0,D,D,1,No Deposit,314.0,0,Contract,66.42,0,1
Resort Hotel,0,3,2015,November,48,23,1,1,2,0.0,0,BB,PRT,Online TA,TA/TO,0,0,0,A,D,0,No Deposit,240.0,0,Transient,48.0,0,1
Resort Hotel,0,21,2015,November,48,24,0,1,2,0.0,0,BB,ESP,Offline TA/TO,TA/TO,0,0,0,A,A,0,No Deposit,314.0,0,Transient,38.4,0,2
Resort Hotel,0,0,2015,November,48,24,0,1,2,0.0,0,BB,PRT,Direct,Direct,0,0,0,A,A,0,No Deposit,,0,Transient,43.0,0,0
Resort Hotel,0,0,2016,February,9,25,0,0,2,0.0,0,BB,PRT,Direct,Direct,1,0,1,A,D,0,No Deposit,,0,Transient,0.0,0,0
Resort Hotel,0,21,2015,November,48,24,0,1,2,0.0,0,BB,ESP,Offline TA/TO,TA/TO,0,0,0,A,A,0,No Deposit,314.0,0,Transient,38.4,1,2
Resort Hotel,0,6,2015,November,48,23,1,1,2,0.0,0,BB,PRT,Complementary,Corporate,0,0,0,A,D,0,No Deposit,,0,Transient,0.0,0,0
Resort Hotel,0,5,2015,November,48,22,2,1,2,0.0,0,BB,FRA,Online TA,TA/TO,0,0,0,A,D,0,No Deposit,240.0,0,Transient,45.2,0,1
Resort Hotel,1,19,2015,December,49,5,2,1,2,0.0,0,BB,PRT,Online TA,TA/TO,0,1,0,D,D,0,No Deposit,240.0,0,Transient,54.4,0,0
Resort Hotel,0,1,2016,February,8,16,0,0,2,0.0,0,BB,PRT,Direct,Direct,1,0,0,A,D,0,No Deposit,,0,Transient,0.0,1,0
Resort Hotel,0,27,2015,November,47,20,2,3,2,0.0,0,BB,GBR,Online TA,TA/TO,0,0,0,A,A,3,No Deposit,241.0,0,Transient,33.26,0,0
Resort Hotel,0,21,2015,November,48,24,0,1,2,0.0,0,BB,ESP,Offline TA/TO,TA/TO,0,0,0,A,A,0,No Deposit,314.0,0,Transient,38.4,1,2
Resort Hotel,0,0,2015,November,48,24,0,1,2,0.0,0,BB,PRT,Direct,Direct,0,0,0,A,A,0,No Deposit,,0,Transient,43.0,1,0
Resort Hotel,0,158,2015,November,47,20,2,4,2,0.0,0,BB,GBR,Online TA,TA/TO,0,0,0,E,E,0,No Deposit,240.0,0,Transient,50.4,0,0
Resort Hotel,0,0,2015,November,48,25,0,1,2,0.0,0,BB,PRT,Online TA,TA/TO,0,0,0,D,D,0,No Deposit,240.0,0,Transient,46.4,0,0
Resort Hotel,0,2,2015,November,48,23,1,2,2,0.0,0,BB,ESP,Offline TA/TO,TA/TO,0,0,0,A,A,0,No Deposit,171.0,0,Transient,29.0,0,0
Resort Hotel,0,4,2015,November,48,25,0,1,2,0.0,0,BB,PRT,Online TA,TA/TO,0,0,0,A,A,0,No Deposit,240.0,0,Transient,48.0,0,1
Resort Hotel,0,14,2017,May,22,28,2,5,2,0.0,0,BB,GBR,Direct,TA/TO,1,0,0,F,F,0,No Deposit,250.0,0,Transient,163.43,1,1
Resort Hotel,1,273,2016,August,35,24,2,5,2,0.0,0,HB,PRT,Offline TA/TO,TA/TO,0,1,0,A,A,0,No Deposit,314.0,0,Transient,94.63,0,0
Resort Hotel,0,26,2015,November,47,21,2,3,2,0.0,0,BB,GBR,Online TA,TA/TO,0,0,0,A,A,1,No Deposit,240.0,0,Transient,50.0,0,1
Resort Hotel,0,0,2015,November,48,24,0,2,2,0.0,0,BB,PRT,Complementary,Direct,0,0,0,A,E,0,No Deposit,,0,Transient,0.0,0,0
Resort Hotel,1,15,2015,November,48,27,0,2,2,0.0,0,BB,PRT,Corporate,Direct,0,1,0,D,D,0,No Deposit,,0,Transient-Party,60.0,0,0
Resort Hotel,1,15,2015,November,48,27,0,2,2,0.0,0,BB,PRT,Corporate,Direct,0,1,0,D,D,0,No Deposit,,0,Transient-Party,60.0,0,0
Resort Hotel,1,15,2015,November,48,27,0,2,2,0.0,0,BB,PRT,Corporate,Direct,0,1,0,D,D,0,No Deposit,,0,Transient-Party,60.0,0,0
Resort Hotel,1,15,2015,November,48,27,0,2,2,0.0,0,BB,PRT,Corporate,Direct,0,1,0,D,D,0,No Deposit,,0,Transient-Party,60.0,0,0
Resort Hotel,1,15,2015,November,48,27,0,2,2,0.0,0,BB,PRT,Corporate,Direct,0,1,0,D,D,0,No Deposit,,0,Transient-Party,60.0,0,0
Resort Hotel,0,47,2015,November,48,24,0,2,2,0.0,0,BB,IRL,Online TA,TA/TO,0,0,0,D,D,0,No Deposit,240.0,0,Transient,41.4,0,1
Resort Hotel,0,0,2015,November,48,26,0,0,2,0.0,0,BB,PRT,Online TA,TA/TO,1,0,0,A,D,0,No Deposit,240.0,0,Transient,0.0,0,1
Resort Hotel,0,40,2015,November,48,24,0,3,2,0.0,0,BB,ESP,Online TA,TA/TO,0,0,0,D,D,0,No Deposit,242.0,0,Transient,41.4,0,2
Resort Hotel,0,2,2015,November,46,14,4,9,2,0.0,0,HB,CZE,Direct,Direct,0,0,0,D,D,1,No Deposit,250.0,0,Transient,82.69,0,1
Resort Hotel,0,1,2015,November,48,26,0,1,2,0.0,0,BB,NLD,Online TA,TA/TO,0,0,0,E,E,0,No Deposit,240.0,0,Transient,68.0,1,0
Resort Hotel,0,0,2015,November,48,25,0,2,2,0.0,0,BB,UKR,Direct,Direct,0,0,0,A,A,1,No Deposit,,0,Transient,43.0,0,0
Resort Hotel,0,1,2015,November,48,26,0,1,2,0.0,0,BB,PRT,Direct,Direct,0,0,0,A,A,0,No Deposit,,0,Transient,38.0,1,0
Resort Hotel,0,55,2015,November,48,26,0,1,2,0.0,0,BB,PRT,Online TA,TA/TO,0,0,0,A,D,0,No Deposit,240.0,0,Group,36.45,0,2
Resort Hotel,0,11,2016,January,2,7,0,1,2,0.0,0,BB,PRT,Online TA,TA/TO,1,0,1,A,D,0,No Deposit,240.0,0,Transient,48.0,0,2
Resort Hotel,0,27,2016,March,11,10,0,1,2,0.0,0,BB,PRT,Online TA,TA/TO,1,0,3,A,A,0,No Deposit,240.0,0,Transient,48.0,0,2
Resort Hotel,1,17,2015,December,50,11,0,2,2,0.0,0,BB,PRT,Offline TA/TO,TA/TO,0,1,0,D,D,0,No Deposit,15.0,0,Transient,37.0,0,1
Resort Hotel,0,15,2015,November,48,25,0,2,2,0.0,0,BB,CN,Online TA,TA/TO,0,0,0,E,E,0,No Deposit,241.0,0,Transient,47.12,0,0
Resort Hotel,0,5,2015,November,48,22,2,3,2,0.0,0,BB,GBR,Offline TA/TO,TA/TO,0,0,0,D,E,0,No Deposit,115.0,0,Transient,41.3,0,0
Resort Hotel,1,11,2015,December,49,5,2,1,2,0.0,0,FB,PRT,Offline TA/TO,TA/TO,0,1,0,A,A,0,No Deposit,,0,Transient-Party,64.0,0,0
Resort Hotel,1,11,2015,December,49,5,2,1,2,0.0,0,FB,PRT,Offline TA/TO,TA/TO,0,1,0,A,A,0,No Deposit,,0,Transient-Party,64.0,0,0
Resort Hotel,1,11,2015,December,50,7,1,0,2,0.0,0,BB,PRT,Online TA,TA/TO,0,1,0,D,D,0,No Deposit,240.0,0,Transient,68.0,0,1
Resort Hotel,0,7,2015,November,48,27,0,0,2,0.0,0,BB,PRT,Offline TA/TO,TA/TO,0,0,0,A,A,0,No Deposit,8.0,0,Transient,0.0,0,0
Resort Hotel,0,5,2015,November,48,28,2,1,2,0.0,0,HB,GBR,Offline TA/TO,TA/TO,0,0,0,A,A,0,No Deposit,6.0,0,Transient,55.0,0,0
Resort Hotel,0,32,2015,December,53,27,1,0,2,0.0,0,BB,ESP,Offline TA/TO,TA/TO,0,0,0,A,D,1,No Deposit,6.0,0,Transient,32.0,1,0
Resort Hotel,0,0,2016,April,16,16,1,1,2,0.0,0,BB,PRT,Direct,Direct,1,0,1,A,E,0,No Deposit,,0,Transient,61.0,0,0
Resort Hotel,0,3,2015,November,48,27,0,1,2,0.0,0,BB,PRT,Offline TA/TO,TA/TO,0,0,0,A,A,0,No Deposit,177.0,0,Transient,35.0,1,1
Resort Hotel,0,0,2015,November,48,27,0,1,2,0.0,0,BB,GBR,Direct,Direct,0,0,0,A,A,0,No Deposit,,0,Transient,43.0,0,0
Resort Hotel,0,1,2015,November,48,27,0,1,2,0.0,0,BB,PRT,Online TA,TA/TO,0,0,0,A,D,0,No Deposit,240.0,0,Transient,48.0,0,1
Resort Hotel,0,10,2015,November,48,23,1,4,2,0.0,0,HB,PRT,Offline TA/TO,TA/TO,0,0,0,A,A,0,No Deposit,196.0,0,Transient,58.0,0,0
Resort Hotel,0,0,2015,November,48,27,0,1,2,0.0,0,BB,PRT,Direct,Direct,0,0,0,E,E,0,No Deposit,,0,Transient,58.0,1,0
Resort Hotel,0,1,2015,November,48,27,0,1,2,0.0,0,BB,PRT,Online TA,TA/TO,0,0,0,A,D,0,No Deposit,240.0,0,Transient,48.0,0,1
Resort Hotel,0,4,2015,November,48,27,0,1,2,0.0,0,BB,PRT,Offline TA/TO,TA/TO,0,0,0,A,A,0,No Deposit,196.0,0,Transient,30.0,0,0
Resort Hotel,0,15,2015,November,47,21,2,5,2,0.0,0,HB,ARM,Offline TA/TO,TA/TO,0,0,0,D,D,0,No Deposit,6.0,0,Transient,49.4,0,0
Resort Hotel,0,0,2015,November,48,27,0,1,2,0.0,0,BB,FRA,Online TA,TA/TO,0,0,0,A,A,0,No Deposit,240.0,0,Transient,48.0,0,0
Resort Hotel,0,0,2015,November,48,27,0,1,2,0.0,0,BB,BRA,Offline TA/TO,TA/TO,0,0,0,A,A,0,No Deposit,127.0,0,Transient,30.5,1,1
Resort Hotel,0,1,2015,November,48,24,0,4,2,0.0,0,HB,GBR,Offline TA/TO,TA/TO,0,0,0,A,A,0,No Deposit,115.0,0,Transient,49.5,0,0
Resort Hotel,0,11,2015,November,48,23,1,4,2,0.0,0,HB,ESP,Offline TA/TO,TA/TO,0,0,0,A,A,0,No Deposit,6.0,0,Transient,55.0,0,1
Resort Hotel,0,2,2015,November,48,27,0,1,2,0.0,0,BB,PRT,Offline TA/TO,TA/TO,0,0,0,A,A,0,No Deposit,330.0,0,Transient-Party,29.0,0,1
Resort Hotel,0,2,2015,November,48,27,0,1,2,0.0,0,BB,PRT,Offline TA/TO,TA/TO,0,0,0,A,A,0,No Deposit,330.0,0,Transient-Party,29.0,0,0
Resort Hotel,0,1,2017,February,5,3,0,1,2,0.0,0,BB,PRT,Offline TA/TO,TA/TO,1,0,1,A,A,0,No Deposit,330.0,0,Group,34.0,0,1
Resort Hotel,1,1,2015,November,48,28,0,1,2,0.0,0,BB,PRT,Offline TA/TO,TA/TO,0,0,0,A,D,0,No Deposit,6.0,0,Transient,26.0,0,0
Resort Hotel,0,0,2015,November,48,26,0,3,2,0.0,0,BB,GBR,Offline TA/TO,TA/TO,0,0,0,A,A,0,No Deposit,314.0,0,Transient,30.0,0,0
Resort Hotel,0,2,2015,November,48,28,0,1,2,0.0,0,BB,PRT,Online TA,TA/TO,0,0,0,A,D,0,No Deposit,240.0,0,Transient,48.0,0,0
Resort Hotel,0,2,2015,November,48,28,0,1,2,0.0,0,BB,PRT,Corporate,Direct,0,0,0,D,D,0,No Deposit,,0,Transient-Party,81.0,1,1
Resort Hotel,0,2,2015,November,48,28,0,1,2,0.0,0,BB,PRT,Direct,Direct,0,0,0,E,E,0,No Deposit,,0,Transient,58.0,0,1
Resort Hotel,0,15,2015,November,48,27,0,2,2,0.0,0,HB,PRT,Corporate,Direct,0,0,0,D,D,0,No Deposit,,0,Transient-Party,66.0,1,0
Resort Hotel,0,10,2015,November,48,28,0,1,2,0.0,0,BB,PRT,Offline TA/TO,TA/TO,0,0,0,A,A,0,No Deposit,8.0,0,Transient-Party,29.0,1,1
Resort Hotel,0,2,2017,February,7,18,1,1,2,0.0,0,BB,PRT,Offline TA/TO,TA/TO,1,0,1,D,D,0,No Deposit,8.0,0,Transient,49.0,1,1
Resort Hotel,0,15,2015,November,48,27,0,2,2,0.0,0,HB,PRT,Corporate,Direct,0,0,0,D,D,0,No Deposit,,0,Transient-Party,66.0,1,0
Resort Hotel,0,17,2016,October,45,30,1,0,2,0.0,0,BB,PRT,Groups,Direct,1,0,1,A,A,0,No Deposit,,0,Transient,66.0,1,0
Resort Hotel,0,3,2015,November,48,22,2,5,2,0.0,0,BB,IRL,Online TA,TA/TO,0,0,0,D,D,1,No Deposit,242.0,0,Transient,49.3,0,1
Resort Hotel,0,15,2015,November,48,27,0,2,2,0.0,0,HB,PRT,Corporate,Direct,0,0,0,D,D,0,No Deposit,,0,Transient-Party,66.0,1,0
Resort Hotel,0,17,2016,October,45,30,1,0,2,0.0,0,BB,PRT,Groups,Direct,1,0,1,A,A,0,No Deposit,,0,Transient-Party,66.0,1,0
Resort Hotel,0,15,2015,November,48,27,0,2,2,0.0,0,HB,PRT,Corporate,Direct,0,0,0,D,D,0,No Deposit,,0,Transient-Party,66.0,1,0
Resort Hotel,0,15,2015,November,48,27,0,2,2,0.0,0,HB,PRT,Corporate,Direct,0,0,0,D,D,0,No Deposit,,0,Transient-Party,66.0,1,0
Resort Hotel,0,2,2015,November,48,28,0,1,2,0.0,0,BB,ESP,Online TA,TA/TO,0,0,0,A,A,0,No Deposit,240.0,0,Transient,48.0,0,1
Resort Hotel,0,1,2015,November,48,27,0,2,2,0.0,0,BB,CHE,Online TA,TA/TO,0,0,0,D,D,0,No Deposit,240.0,0,Transient,46.4,0,1
Resort Hotel,0,3,2015,November,48,28,0,1,2,0.0,0,BB,ESP,Offline TA/TO,TA/TO,0,0,0,A,A,0,No Deposit,177.0,0,Transient,29.0,0,1
Resort Hotel,0,3,2015,November,48,28,0,1,2,0.0,0,BB,ESP,Offline TA/TO,TA/TO,0,0,0,A,A,0,No Deposit,177.0,0,Transient,29.0,0,1
Resort Hotel,0,3,2015,November,48,28,0,1,2,0.0,0,BB,ESP,Offline TA/TO,TA/TO,0,0,0,A,A,0,No Deposit,196.0,0,Transient,30.0,0,0
Resort Hotel,0,4,2017,January,3,21,0,1,2,0.0,0,BB,ESP,Offline TA/TO,TA/TO,1,0,1,A,A,0,No Deposit,6.0,0,Transient,34.0,0,0
Resort Hotel,0,11,2015,November,48,27,0,2,2,0.0,0,BB,PRT,Online TA,TA/TO,0,0,0,D,D,0,No Deposit,240.0,0,Transient,46.4,0,2
Resort Hotel,0,11,2015,November,48,27,0,2,2,0.0,0,BB,PRT,Online TA,TA/TO,0,0,0,D,D,0,No Deposit,240.0,0,Transient,46.4,0,2
Resort Hotel,0,1,2017,March,9,3,0,1,2,0.0,0,BB,PRT,Online TA,TA/TO,1,0,1,A,D,0,No Deposit,240.0,0,Transient,65.0,0,2
Resort Hotel,0,11,2015,November,48,27,0,2,2,0.0,0,BB,PRT,Online TA,TA/TO,0,0,0,D,D,0,No Deposit,240.0,0,Transient,46.4,0,2
Resort Hotel,0,2,2015,November,48,28,0,1,2,0.0,0,BB,PRT,Direct,Direct,0,0,0,H,H,0,No Deposit,250.0,0,Transient,99.0,1,0
Resort Hotel,0,4,2015,November,48,28,0,1,2,0.0,0,BB,PRT,Direct,Direct,0,0,0,A,A,0,No Deposit,,0,Transient,34.19,0,0
Resort Hotel,0,10,2016,March,12,19,1,1,2,0.0,0,BB,PRT,Direct,Direct,1,0,0,A,A,0,No Deposit,,0,Transient,31.5,0,0
Resort Hotel,0,0,2015,November,48,26,0,3,2,0.0,0,BB,PRT,Direct,Direct,0,0,0,A,D,1,No Deposit,,0,Transient,43.0,0,0
Resort Hotel,0,2,2015,November,48,27,0,2,2,0.0,0,BB,PRT,Offline TA/TO,TA/TO,0,0,0,A,D,0,No Deposit,6.0,0,Transient,26.0,1,0
Resort Hotel,0,11,2015,November,48,27,0,2,2,0.0,0,BB,PRT,Online TA,TA/TO,0,0,0,A,A,0,No Deposit,240.0,0,Transient,43.2,0,1
Resort Hotel,0,9,2015,November,48,27,0,2,2,0.0,0,BB,PRT,Complementary,Direct,0,0,0,A,D,0,No Deposit,,0,Transient,0.0,0,1
Resort Hotel,0,9,2015,November,48,27,0,2,2,0.0,0,BB,PRT,Complementary,Direct,0,0,0,A,D,0,No Deposit,,0,Transient,0.0,0,1
Resort Hotel,0,0,2015,November,48,28,0,1,2,0.0,0,BB,GBR,Online TA,TA/TO,0,0,0,D,D,0,No Deposit,240.0,0,Transient,46.4,0,1
Resort Hotel,0,1,2015,November,48,28,0,1,2,0.0,0,BB,PRT,Direct,Direct,0,0,0,A,A,0,No Deposit,,0,Transient,38.7,0,0
Resort Hotel,0,116,2015,November,46,8,6,15,2,0.0,0,HB,DEU,Offline TA/TO,TA/TO,0,0,0,A,D,1,No Deposit,177.0,0,Transient,48.4,0,1
Resort Hotel,0,0,2015,November,48,28,0,1,2,0.0,0,BB,PRT,Direct,Direct,0,0,0,D,D,0,No Deposit,,0,Transient,48.0,0,0
Resort Hotel,0,1,2015,December,51,18,0,1,2,0.0,0,BB,PRT,Direct,Direct,1,0,1,D,D,0,No Deposit,,0,Transient,43.0,0,0
Resort Hotel,1,1,2016,January,5,30,0,1,2,0.0,0,BB,PRT,Direct,Direct,1,0,2,D,D,0,No Deposit,,0,Transient,53.0,0,0
Resort Hotel,0,0,2016,November,46,12,0,1,2,0.0,0,BB,PRT,Direct,Direct,1,1,2,A,D,0,No Deposit,,0,Transient,70.0,0,0
Resort Hotel,0,1,2015,November,48,28,0,1,2,0.0,0,BB,PRT,Online TA,TA/TO,0,0,0,A,A,0,No Deposit,240.0,0,Transient,48.0,0,0
Resort Hotel,0,0,2015,November,48,27,0,2,2,0.0,0,BB,PRT,Direct,Direct,0,0,0,A,A,1,No Deposit,,0,Transient,43.0,0,0
Resort Hotel,0,0,2015,December,52,22,0,1,2,0.0,0,BB,PRT,Direct,Direct,1,0,1,D,D,1,No Deposit,,0,Transient,43.0,0,0
Resort Hotel,0,0,2016,March,10,4,0,1,2,0.0,0,BB,PRT,Direct,Direct,1,0,2,D,D,0,No Deposit,,0,Transient,55.0,0,0
Resort Hotel,0,0,2017,February,5,3,0,2,2,0.0,0,BB,PRT,Direct,Direct,1,0,3,A,A,0,No Deposit,,0,Transient,48.0,0,0
Resort Hotel,0,0,2017,February,6,10,0,2,2,0.0,0,BB,PRT,Direct,Direct,1,0,4,A,A,0,No Deposit,,0,Transient,48.0,0,0
Resort Hotel,0,27,2015,November,48,25,0,4,2,0.0,0,BB,PRT,Offline TA/TO,TA/TO,0,0,0,D,D,0,No Deposit,115.0,0,Transient,33.3,0,0
Resort Hotel,0,4,2015,November,48,27,0,2,2,0.0,0,BB,PRT,Online TA,TA/TO,0,0,0,A,A,0,No Deposit,240.0,0,Transient,54.0,1,2
Resort Hotel,0,2,2015,November,48,28,0,1,2,0.0,0,BB,ESP,Offline TA/TO,TA/TO,0,0,0,A,D,0,No Deposit,6.0,0,Transient,26.0,0,0
Resort Hotel,0,5,2015,November,48,28,0,1,2,0.0,0,BB,PRT,Offline TA/TO,TA/TO,0,0,0,A,A,0,No Deposit,171.0,0,Transient,29.0,0,0
Resort Hotel,0,5,2015,November,48,28,0,1,2,0.0,0,BB,ESP,Offline TA/TO,TA/TO,0,0,0,A,A,0,No Deposit,171.0,0,Transient,29.0,0,0
Resort Hotel,0,1,2015,November,48,28,0,1,2,0.0,0,BB,ESP,Offline TA/TO,TA/TO,0,0,0,A,D,0,No Deposit,6.0,0,Transient,26.0,0,0
Resort Hotel,0,1,2015,November,48,28,0,1,2,0.0,0,BB,ESP,Direct,Direct,0,0,0,A,D,0,No Deposit,250.0,0,Transient,43.0,0,0
Resort Hotel,0,4,2015,November,48,27,0,2,2,0.0,0,BB,PRT,Online TA,TA/TO,0,0,0,A,A,0,No Deposit,240.0,0,Transient,48.0,0,2
Resort Hotel,0,1,2015,November,48,28,0,1,2,0.0,0,BB,PRT,Corporate,Corporate,0,0,0,A,D,0,No Deposit,,0,Transient,46.2,1,1
Resort Hotel,0,8,2015,November,48,26,1,3,2,0.0,0,BB,PRT,Online TA,TA/TO,0,0,0,D,D,0,No Deposit,240.0,0,Transient,54.4,1,1
Resort Hotel,0,25,2015,November,48,27,1,2,2,0.0,0,BB,GBR,Offline TA/TO,TA/TO,0,0,0,A,A,0,No Deposit,115.0,0,Transient,26.1,0,0
Resort Hotel,0,3,2015,November,47,16,4,10,2,0.0,0,HB,GBR,Offline TA/TO,TA/TO,0,0,0,A,D,0,No Deposit,2.0,0,Transient,65.0,0,1
Resort Hotel,0,35,2015,November,47,16,4,10,2,0.0,0,BB,IRL,Offline TA/TO,TA/TO,0,0,0,E,E,0,No Deposit,156.0,0,Transient,39.91,0,2
Resort Hotel,0,12,2015,November,48,28,1,1,2,0.0,0,BB,ESP,Online TA,TA/TO,0,0,0,E,E,0,No Deposit,240.0,0,Transient,61.2,0,1
Resort Hotel,1,27,2015,December,52,25,2,3,2,0.0,0,BB,PRT,Online TA,TA/TO,0,1,0,D,D,0,No Deposit,240.0,0,Transient,52.0,0,2
Resort Hotel,0,62,2015,November,48,23,2,5,2,0.0,0,BB,DEU,Online TA,TA/TO,0,0,0,A,A,0,No Deposit,240.0,0,Transient,40.5,0,0
Resort Hotel,1,8,2015,December,49,5,2,1,2,0.0,0,HB,PRT,Groups,TA/TO,0,1,0,A,A,0,No Deposit,38.0,0,Transient-Party,68.0,0,0
Resort Hotel,1,8,2015,December,49,5,2,1,2,0.0,0,HB,PRT,Groups,TA/TO,0,1,0,A,A,0,No Deposit,38.0,0,Transient-Party,68.0,0,0
Resort Hotel,1,8,2015,December,49,5,2,1,2,0.0,0,HB,PRT,Groups,TA/TO,0,1,0,A,A,0,No Deposit,38.0,0,Transient-Party,68.0,0,0
Resort Hotel,1,8,2015,December,49,5,2,1,2,0.0,0,HB,PRT,Groups,TA/TO,0,1,0,A,A,0,No Deposit,38.0,0,Transient-Party,68.0,0,0
Resort Hotel,1,8,2015,December,49,5,2,1,2,0.0,0,HB,PRT,Groups,TA/TO,0,1,0,A,A,0,No Deposit,38.0,0,Transient-Party,68.0,0,0
Resort Hotel,1,8,2015,December,49,5,2,1,2,0.0,0,HB,PRT,Groups,TA/TO,0,1,0,A,A,0,No Deposit,38.0,0,Transient-Party,68.0,0,0
Resort Hotel,1,8,2015,December,49,5,2,1,2,0.0,0,HB,PRT,Groups,TA/TO,0,1,0,A,A,0,No Deposit,38.0,0,Transient-Party,68.0,0,0
Resort Hotel,1,8,2015,December,49,5,2,1,2,0.0,0,HB,PRT,Groups,TA/TO,0,1,0,A,A,0,No Deposit,38.0,0,Transient-Party,68.0,0,0
Resort Hotel,0,0,2015,November,48,28,1,1,2,0.0,0,BB,ESP,Direct,Direct,0,0,0,A,E,0,No Deposit,,0,Transient,66.0,1,0
Resort Hotel,1,220,2016,July,28,4,1,2,2,0.0,0,BB,PRT,Direct,Direct,0,1,0,A,A,0,No Deposit,250.0,0,Transient,88.5,0,0
Resort Hotel,1,268,2016,August,34,18,0,3,2,0.0,0,BB,PRT,Direct,Direct,0,1,0,A,A,0,No Deposit,250.0,0,Transient,131.0,0,1
Resort Hotel,0,0,2015,November,49,30,0,0,2,0.0,0,BB,PRT,Offline TA/TO,TA/TO,1,0,0,A,D,0,No Deposit,6.0,0,Transient,0.0,0,0
Resort Hotel,0,11,2015,November,48,27,2,2,2,0.0,0,HB,ESP,Offline TA/TO,TA/TO,0,0,0,A,D,1,No Deposit,6.0,0,Transient,55.4,1,0
Resort Hotel,1,6,2015,December,50,6,2,0,2,0.0,0,BB,PRT,Online TA,TA/TO,0,1,0,D,D,0,No Deposit,240.0,0,Transient,54.4,0,0
Resort Hotel,0,0,2015,November,48,26,2,3,2,0.0,0,BB,NLD,Direct,Direct,0,0,0,A,A,0,No Deposit,,0,Transient,43.0,0,0
Resort Hotel,0,14,2015,November,48,28,2,1,2,0.0,0,BB,CHE,Online TA,TA/TO,0,0,0,A,D,0,No Deposit,240.0,0,Transient,43.2,0,0
Resort Hotel,0,0,2015,November,49,30,1,0,2,0.0,0,BB,PRT,Direct,Direct,0,0,0,A,D,0,No Deposit,,0,Transient,48.0,0,0
Resort Hotel,0,0,2015,November,49,30,1,0,2,0.0,0,BB,PRT,Online TA,TA/TO,0,0,0,D,D,0,No Deposit,240.0,0,Transient,48.0,0,2
Resort Hotel,0,25,2015,November,48,24,2,5,2,0.0,0,HB,GBR,Offline TA/TO,TA/TO,0,0,0,D,D,0,No Deposit,115.0,0,Transient-Party,55.32,0,1
Resort Hotel,1,184,2016,May,22,23,1,3,2,0.0,0,BB,PRT,Online TA,TA/TO,0,1,0,E,E,0,No Deposit,240.0,0,Transient,114.25,0,0
Resort Hotel,1,168,2016,May,21,17,2,5,2,0.0,0,HB,PRT,Online TA,TA/TO,1,1,0,E,E,0,No Deposit,240.0,0,Transient,118.0,0,0
Resort Hotel,0,0,2015,November,49,30,1,1,2,0.0,0,BB,PRT,Online TA,TA/TO,0,0,0,D,D,1,No Deposit,240.0,0,Transient,48.0,0,0
Resort Hotel,0,69,2015,November,49,29,2,1,2,0.0,0,BB,DEU,Online TA,TA/TO,0,0,0,A,A,0,No Deposit,240.0,0,Transient,36.45,0,3
Resort Hotel,0,15,2015,November,49,29,2,1,2,0.0,0,BB,GBR,Online TA,TA/TO,0,0,0,D,D,0,No Deposit,240.0,0,Transient,48.4,0,1
Resort Hotel,0,34,2015,November,49,30,1,1,2,0.0,0,BB,ESP,Online TA,TA/TO,0,0,0,A,A,0,No Deposit,240.0,0,Transient,54.0,1,1
Resort Hotel,0,0,2015,December,49,1,0,1,2,0.0,0,BB,PRT,Direct,Direct,0,0,0,A,E,0,No Deposit,,0,Transient,64.0,1,0
Resort Hotel,0,5,2015,December,49,1,0,1,2,0.0,0,BB,PRT,Online TA,TA/TO,0,0,0,A,D,2,No Deposit,240.0,0,Transient-Party,48.0,0,2
Resort Hotel,0,2,2015,November,49,29,2,1,2,0.0,0,BB,PRT,Online TA,TA/TO,0,0,0,D,D,0,No Deposit,240.0,0,Transient,52.4,1,1
Resort Hotel,0,1,2015,December,49,1,0,1,2,0.0,0,BB,PRT,Direct,Direct,0,0,0,E,E,0,No Deposit,,0,Transient,58.0,1,0
Resort Hotel,1,159,2016,May,20,8,2,2,2,0.0,0,BB,PRT,Online TA,TA/TO,0,1,0,F,F,0,No Deposit,242.0,0,Transient,88.2,0,0
Resort Hotel,1,11,2015,December,49,5,2,1,2,0.0,0,HB,PRT,Offline TA/TO,TA/TO,0,1,0,A,A,0,No Deposit,,0,Transient-Party,68.0,0,0
Resort Hotel,1,11,2015,December,49,5,2,1,2,0.0,0,HB,PRT,Offline TA/TO,TA/TO,0,1,0,A,A,0,No Deposit,,0,Transient-Party,68.0,0,0
Resort Hotel,1,11,2015,December,49,5,2,1,2,0.0,0,HB,PRT,Offline TA/TO,TA/TO,0,1,0,A,A,0,No Deposit,,0,Transient-Party,68.0,0,0
Resort Hotel,1,11,2015,December,49,5,2,1,2,0.0,0,HB,PRT,Offline TA/TO,TA/TO,0,1,0,A,A,0,No Deposit,,0,Transient-Party,68.0,0,0
Resort Hotel,1,11,2015,December,49,5,2,1,2,0.0,0,HB,PRT,Offline TA/TO,TA/TO,0,1,0,A,A,0,No Deposit,,0,Transient-Party,68.0,0,0
Resort Hotel,1,11,2015,December,49,5,2,1,2,0.0,0,HB,PRT,Offline TA/TO,TA/TO,0,1,0,A,A,0,No Deposit,,0,Transient-Party,68.0,0,0
Resort Hotel,1,11,2015,December,49,5,2,1,2,0.0,0,HB,PRT,Offline TA/TO,TA/TO,0,1,0,A,A,0,No Deposit,,0,Transient-Party,68.0,0,0
Resort Hotel,1,159,2016,May,19,5,0,3,2,0.0,0,BB,PRT,Online TA,TA/TO,0,1,0,A,A,0,No Deposit,240.0,0,Transient,52.2,0,2
Resort Hotel,0,1,2015,December,49,2,0,1,2,0.0,0,BB,PRT,Online TA,TA/TO,0,0,0,D,D,0,No Deposit,240.0,0,Transient,48.0,0,0
Resort Hotel,0,0,2015,December,49,2,0,1,2,0.0,0,BB,PRT,Online TA,TA/TO,0,0,0,D,D,0,No Deposit,240.0,0,Transient,48.0,0,1
Resort Hotel,0,1,2015,November,48,26,2,5,2,0.0,0,BB,GBR,Online TA,TA/TO,0,0,0,D,D,0,No Deposit,240.0,0,Transient,46.4,0,0
Resort Hotel,1,25,2015,December,52,26,1,1,2,0.0,0,BB,PRT,Offline TA/TO,TA/TO,0,1,0,E,E,1,No Deposit,339.0,0,Group,45.0,0,1
Resort Hotel,1,25,2015,December,52,26,1,1,2,0.0,0,BB,PRT,Offline TA/TO,TA/TO,0,1,0,E,E,1,No Deposit,339.0,0,Transient,45.0,0,1
Resort Hotel,0,7,2015,December,49,2,0,1,2,0.0,0,BB,ESP,Offline TA/TO,TA/TO,0,0,0,D,D,0,No Deposit,6.0,0,Transient-Party,8.0,0,1
Resort Hotel,0,0,2016,January,2,7,0,1,2,0.0,0,BB,PRT,Direct,Direct,1,0,1,A,F,0,No Deposit,110.0,0,Transient,38.0,0,0
Resort Hotel,0,0,2016,January,3,13,0,2,2,0.0,0,BB,PRT,Direct,Direct,1,0,2,A,F,1,No Deposit,,0,Transient,38.0,0,0
Resort Hotel,0,9,2015,November,49,30,1,2,2,0.0,0,BB,GBR,Online TA,TA/TO,0,0,0,D,D,0,No Deposit,240.0,0,Transient,46.4,0,1
Resort Hotel,0,0,2015,December,49,1,0,2,2,0.0,0,BB,ESP,Online TA,TA/TO,0,0,0,D,D,0,No Deposit,240.0,0,Transient,48.0,0,1
Resort Hotel,0,0,2015,December,49,2,0,1,2,0.0,0,BB,PRT,Direct,Direct,0,0,0,A,A,0,No Deposit,,0,Transient,43.0,0,1
Resort Hotel,0,0,2015,November,49,30,1,2,2,0.0,0,HB,PRT,Direct,Direct,0,0,0,E,E,0,No Deposit,250.0,0,Transient,88.0,0,0
Resort Hotel,0,7,2015,December,49,2,0,1,2,0.0,0,BB,ESP,Offline TA/TO,TA/TO,0,0,0,D,D,0,No Deposit,6.0,0,Transient-Party,8.0,0,1
Resort Hotel,0,0,2015,December,49,1,0,2,2,0.0,0,BB,PRT,Online TA,TA/TO,0,0,0,A,A,0,No Deposit,240.0,0,Transient,48.0,0,0
Resort Hotel,0,2,2016,February,8,19,0,2,2,0.0,0,BB,PRT,Online TA,TA/TO,1,0,1,A,D,0,No Deposit,240.0,0,Transient,8.0,0,1
Resort Hotel,0,1,2016,March,12,15,0,3,2,0.0,0,BB,PRT,Online TA,TA/TO,1,0,2,A,D,0,No Deposit,240.0,0,Transient,48.0,0,1
Resort Hotel,0,1,2017,January,1,2,1,2,2,0.0,0,BB,PRT,Online TA,TA/TO,1,0,3,A,A,0,No Deposit,240.0,0,Transient,48.0,0,1
Resort Hotel,0,4,2016,January,2,8,0,2,2,0.0,0,BB,PRT,Online TA,TA/TO,1,0,0,A,D,0,No Deposit,240.0,0,Transient,48.0,0,1
Resort Hotel,0,0,2015,December,49,2,0,1,2,0.0,0,BB,PRT,Direct,Direct,0,0,0,A,D,1,No Deposit,,0,Transient,38.0,0,0
Resort Hotel,1,5,2015,December,50,6,2,0,2,0.0,0,HB,PRT,Online TA,TA/TO,0,1,0,E,E,1,No Deposit,240.0,0,Transient,110.0,0,0
Resort Hotel,0,0,2015,December,49,3,0,1,2,0.0,0,BB,PRT,Online TA,TA/TO,0,0,0,D,E,0,No Deposit,240.0,0,Transient,48.0,0,1
Resort Hotel,0,0,2015,December,49,3,0,1,2,0.0,0,BB,PRT,Direct,Direct,0,0,0,A,D,0,No Deposit,,0,Transient,43.0,0,1
Resort Hotel,0,16,2015,December,49,2,0,2,2,0.0,0,BB,ESP,Online TA,TA/TO,0,0,0,D,D,0,No Deposit,240.0,0,Transient,52.4,1,1
Resort Hotel,0,13,2015,December,49,2,0,2,2,0.0,0,BB,PRT,Complementary,Direct,0,0,0,A,D,0,No Deposit,,0,Transient,0.0,0,0
Resort Hotel,0,17,2015,December,49,3,0,1,2,0.0,0,BB,PRT,Online TA,TA/TO,0,0,0,E,E,0,No Deposit,240.0,0,Transient,61.2,0,1
Resort Hotel,0,16,2016,February,6,4,0,3,2,0.0,0,BB,PRT,Online TA,TA/TO,1,0,1,A,D,0,No Deposit,240.0,0,Transient,14.0,1,1
Resort Hotel,1,196,2016,June,25,14,2,7,2,0.0,0,BB,PRT,Online TA,TA/TO,0,1,0,E,E,0,No Deposit,240.0,0,Transient,99.0,0,2
Resort Hotel,0,9,2015,December,49,3,0,2,2,0.0,0,BB,GBR,Offline TA/TO,TA/TO,0,0,0,E,E,0,No Deposit,8.0,0,Transient,45.0,0,0
Resort Hotel,0,2,2015,December,49,3,0,2,2,0.0,0,BB,PRT,Direct,Direct,0,0,0,A,A,0,No Deposit,,0,Transient,34.0,0,0
Resort Hotel,0,0,2016,January,3,11,1,3,2,0.0,0,BB,PRT,Direct,Direct,1,0,2,A,A,1,No Deposit,,0,Transient,43.0,0,1
Resort Hotel,0,1,2015,December,49,1,0,4,2,0.0,0,BB,ESP,Offline TA/TO,TA/TO,0,0,0,A,D,0,No Deposit,6.0,0,Transient,28.0,1,0
Resort Hotel,0,95,2015,November,48,28,2,5,2,0.0,0,BB,GBR,Online TA,TA/TO,0,0,0,A,D,0,No Deposit,240.0,0,Transient,32.4,0,2
Resort Hotel,0,0,2015,December,49,4,0,1,2,0.0,0,BB,ESP,Direct,Direct,0,0,0,D,D,0,No Deposit,,0,Transient,51.0,1,1
Resort Hotel,0,0,2015,December,49,4,0,1,2,0.0,0,BB,ESP,Direct,Direct,0,0,0,D,D,0,No Deposit,,0,Transient,51.0,0,1
Resort Hotel,0,6,2015,December,49,4,0,1,2,0.0,0,BB,ESP,Online TA,TA/TO,0,0,0,D,D,0,No Deposit,240.0,0,Transient,46.4,0,1
Resort Hotel,0,21,2015,December,49,4,0,1,2,0.0,0,BB,PRT,Online TA,TA/TO,0,0,0,A,D,0,No Deposit,240.0,0,Transient,48.0,1,0
Resort Hotel,0,2,2015,November,48,28,2,5,2,0.0,0,HB,GBR,Direct,Direct,0,0,0,E,E,1,No Deposit,250.0,0,Transient,88.0,0,0
Resort Hotel,0,8,2015,November,45,7,8,20,2,0.0,0,Undefined,FRA,Offline TA/TO,TA/TO,0,0,0,D,D,0,No Deposit,332.0,0,Transient,65.0,0,0
Resort Hotel,1,15,2015,December,49,5,0,1,2,0.0,0,BB,PRT,Direct,Direct,0,0,0,D,E,0,No Deposit,,0,Transient,43.0,0,1
Resort Hotel,0,0,2015,December,49,5,0,1,2,0.0,0,BB,ESP,Direct,Direct,0,0,0,E,E,0,No Deposit,,0,Transient,61.0,0,0
Resort Hotel,0,5,2015,December,49,5,0,1,2,0.0,0,BB,FRA,Online TA,TA/TO,0,0,0,D,D,0,No Deposit,240.0,0,Transient,60.4,1,1
Resort Hotel,0,9,2015,December,49,4,0,2,2,0.0,0,BB,ESP,Offline TA/TO,TA/TO,0,0,0,A,D,0,No Deposit,6.0,0,Transient,26.0,0,0
Resort Hotel,0,125,2015,November,48,22,4,10,2,0.0,0,HB,GBR,Online TA,TA/TO,0,0,0,E,E,0,No Deposit,241.0,0,Transient,62.69,0,1
Resort Hotel,0,3,2015,December,49,3,0,3,2,0.0,0,BB,PRT,Online TA,TA/TO,0,0,0,D,D,0,No Deposit,240.0,0,Transient,43.73,0,1
Resort Hotel,0,2,2015,December,49,2,0,4,2,0.0,0,BB,PRT,Direct,Direct,0,0,0,E,E,0,No Deposit,,0,Transient,54.0,1,0
Resort Hotel,0,2,2016,March,11,12,2,5,2,0.0,0,BB,PRT,Direct,Direct,1,0,1,E,E,1,No Deposit,250.0,0,Transient,71.81,1,0
Resort Hotel,0,3,2016,May,20,14,0,1,2,0.0,0,BB,PRT,Direct,Direct,1,0,2,F,F,0,No Deposit,250.0,0,Transient,119.0,1,0
Resort Hotel,0,90,2015,December,49,4,0,2,2,0.0,0,HB,PRT,Online TA,TA/TO,0,0,0,A,D,0,No Deposit,240.0,0,Transient,59.4,0,1
Resort Hotel,0,226,2017,May,19,12,0,2,2,0.0,0,HB,PRT,Online TA,TA/TO,1,0,1,A,A,0,No Deposit,240.0,0,Transient,82.8,0,1
Resort Hotel,1,254,2017,June,23,9,0,2,2,0.0,0,HB,PRT,Online TA,TA/TO,1,1,2,A,A,0,No Deposit,240.0,0,Transient,108.9,0,1
Resort Hotel,0,16,2015,December,49,3,0,3,2,0.0,0,BB,PRT,Online TA,TA/TO,0,0,0,D,D,0,No Deposit,240.0,0,Transient,46.4,0,1
Resort Hotel,0,11,2015,December,49,5,0,1,2,0.0,0,BB,PRT,Direct,Direct,0,0,0,E,F,0,No Deposit,,0,Transient,64.0,1,0
Resort Hotel,0,16,2015,December,49,3,0,3,2,0.0,0,BB,PRT,Online TA,TA/TO,0,0,0,D,D,0,No Deposit,240.0,0,Transient,46.4,0,1
Resort Hotel,0,7,2015,December,49,3,0,3,2,0.0,0,BB,ESP,Online TA,TA/TO,0,0,0,D,D,0,No Deposit,240.0,0,Transient,49.07,1,1
Resort Hotel,0,4,2015,December,49,5,0,1,2,0.0,0,BB,PRT,Online TA,TA/TO,0,0,0,D,D,0,No Deposit,240.0,0,Transient,68.0,0,1
Resort Hotel,0,4,2015,December,49,5,0,1,2,0.0,0,BB,PRT,Offline TA/TO,TA/TO,0,0,0,A,D,0,No Deposit,330.0,0,Transient,29.0,0,1
Resort Hotel,0,1,2015,December,49,5,0,1,2,0.0,0,BB,ESP,Offline TA/TO,TA/TO,0,0,0,D,D,0,No Deposit,5.0,0,Transient-Party,37.0,0,0
Resort Hotel,0,1,2015,December,49,5,0,1,2,0.0,0,BB,ESP,Offline TA/TO,TA/TO,0,0,0,D,D,0,No Deposit,5.0,0,Transient-Party,37.0,0,0
Resort Hotel,0,0,2015,December,49,5,0,1,2,0.0,0,BB,GBR,Direct,Direct,0,0,0,E,E,0,No Deposit,,0,Transient,68.0,1,0
Resort Hotel,0,16,2015,December,49,5,0,1,2,0.0,0,BB,PRT,Direct,Direct,0,0,0,F,F,2,No Deposit,,0,Transient,68.0,1,0
Resort Hotel,0,68,2015,November,48,22,5,10,2,0.0,0,HB,GBR,Offline TA/TO,TA/TO,0,0,0,A,E,0,No Deposit,156.0,0,Transient,50.19,0,1
Resort Hotel,0,0,2015,December,49,4,1,2,2,0.0,0,BB,ESP,Online TA,TA/TO,0,0,0,D,D,0,No Deposit,240.0,0,Transient,49.07,0,3
Resort Hotel,0,22,2015,December,49,4,1,2,2,0.0,0,BB,ESP,Offline TA/TO,TA/TO,0,0,0,A,D,0,No Deposit,6.0,0,Transient,26.0,0,0
Resort Hotel,0,15,2015,December,49,4,1,2,2,0.0,0,BB,ESP,Online TA,TA/TO,0,0,0,D,D,0,No Deposit,240.0,0,Transient-Party,64.67,0,2
Resort Hotel,0,15,2015,December,49,4,1,2,2,0.0,0,BB,ESP,Online TA,TA/TO,0,0,0,D,D,0,No Deposit,240.0,0,Transient-Party,64.67,0,2
Resort Hotel,0,0,2015,December,50,6,1,0,2,0.0,0,BB,ESP,Direct,Direct,0,0,0,E,E,0,No Deposit,,0,Transient,68.0,0,0
Resort Hotel,0,0,2015,December,50,6,1,0,2,0.0,0,BB,ESP,Online TA,TA/TO,0,0,0,D,E,0,No Deposit,240.0,0,Transient,68.0,0,1
Resort Hotel,0,50,2015,December,49,5,1,1,2,0.0,0,BB,ESP,Online TA,TA/TO,0,0,0,A,D,0,No Deposit,240.0,0,Transient,49.2,1,1
Resort Hotel,0,17,2015,December,50,6,1,0,2,0.0,0,BB,ESP,Offline TA/TO,TA/TO,0,0,0,A,D,0,No Deposit,6.0,0,Transient,26.0,0,0
Resort Hotel,0,1,2015,December,49,5,1,1,2,0.0,0,HB,ESP,Direct,Direct,0,0,0,A,D,0,No Deposit,250.0,0,Transient,83.0,0,1
Resort Hotel,0,0,2015,December,50,6,1,0,2,0.0,0,BB,PRT,Direct,Direct,0,0,0,E,E,0,No Deposit,,0,Transient,68.0,0,0
Resort Hotel,0,3,2015,December,50,6,1,0,2,0.0,0,BB,ESP,Offline TA/TO,TA/TO,0,0,0,D,D,0,No Deposit,196.0,0,Transient,38.0,0,1
Resort Hotel,0,64,2015,December,50,6,1,0,2,0.0,0,BB,IND,Online TA,TA/TO,0,0,0,A,D,0,No Deposit,240.0,0,Transient,36.45,0,0
Resort Hotel,1,28,2015,December,51,18,0,2,2,0.0,0,BB,PRT,Online TA,TA/TO,0,1,0,D,D,1,No Deposit,240.0,0,Transient,52.4,0,1
Resort Hotel,0,46,2015,December,49,5,1,1,2,0.0,0,BB,PRT,Direct,Direct,0,0,0,D,D,0,No Deposit,250.0,0,Transient,46.0,0,1
Resort Hotel,0,3,2015,December,49,4,1,2,2,0.0,0,BB,ESP,Direct,Direct,0,0,0,A,A,0,No Deposit,250.0,0,Transient,45.6,0,1
Resort Hotel,1,73,2016,January,5,29,0,2,2,0.0,0,BB,PRT,Online TA,TA/TO,0,1,0,D,D,0,No Deposit,240.0,0,Transient,44.8,0,1
Resort Hotel,0,0,2015,December,49,3,1,3,2,0.0,0,BB,DEU,Online TA,TA/TO,0,0,0,D,D,0,No Deposit,240.0,0,Transient,46.4,0,1
Resort Hotel,0,1,2015,December,49,5,1,1,2,0.0,0,BB,ESP,Direct,Direct,0,0,0,F,F,2,No Deposit,250.0,0,Transient,78.0,0,1
Resort Hotel,1,26,2016,January,1,2,0,1,2,0.0,0,BB,PRT,Online TA,TA/TO,1,1,0,E,E,0,No Deposit,240.0,0,Transient,75.0,0,3
Resort Hotel,1,26,2016,January,1,2,0,1,2,0.0,0,BB,PRT,Online TA,TA/TO,1,1,0,D,D,0,No Deposit,240.0,0,Transient,65.0,0,2
Resort Hotel,1,87,2016,February,7,12,2,5,2,0.0,0,BB,PRT,Online TA,TA/TO,0,1,0,D,D,0,No Deposit,240.0,0,Transient,46.4,0,1
Resort Hotel,1,177,2016,May,23,29,2,5,2,0.0,0,BB,PRT,Online TA,TA/TO,0,1,0,D,D,0,No Deposit,240.0,0,Transient,77.01,0,1
Resort Hotel,1,49,2016,January,2,5,0,5,2,0.0,0,HB,PRT,Online TA,TA/TO,0,2,0,D,D,0,No Deposit,240.0,0,Transient,86.0,0,2
Resort Hotel,1,49,2016,January,2,5,0,5,2,0.0,0,BB,PRT,Online TA,TA/TO,0,2,0,G,G,0,No Deposit,240.0,0,Transient,86.0,0,2
Resort Hotel,0,1,2015,December,50,8,0,0,2,0.0,0,BB,PRT,Direct,Direct,1,0,0,A,E,0,No Deposit,,0,Transient,0.0,1,0
Resort Hotel,0,0,2016,January,1,1,0,1,2,0.0,0,BB,PRT,Direct,Direct,1,0,1,A,D,0,No Deposit,,0,Transient,50.0,1,0
Resort Hotel,0,0,2016,January,3,12,0,1,2,0.0,0,BB,PRT,Direct,Direct,1,0,2,A,A,0,No Deposit,,0,Transient,43.0,1,0
Resort Hotel,0,0,2016,January,3,14,0,1,2,0.0,0,BB,PRT,Direct,Direct,1,0,3,A,D,0,No Deposit,,0,Transient,44.0,1,0
Resort Hotel,0,1,2016,January,5,26,0,0,2,0.0,0,BB,PRT,Direct,Direct,1,0,4,A,D,0,No Deposit,,0,Transient,0.0,1,0
Resort Hotel,0,0,2016,February,6,2,0,1,2,0.0,0,BB,PRT,Direct,Direct,1,0,5,A,D,0,No Deposit,,0,Transient,45.0,1,0
Resort Hotel,0,0,2016,February,7,10,0,1,2,0.0,0,BB,PRT,Direct,Direct,1,0,6,A,D,0,No Deposit,,0,Transient,48.0,1,1
Resort Hotel,0,3,2015,December,49,5,2,1,2,0.0,0,HB,ESP,Groups,TA/TO,0,0,0,A,A,0,No Deposit,38.0,0,Transient-Party,68.0,0,0
Resort Hotel,0,120,2015,December,49,4,2,2,2,0.0,0,BB,ESP,Online TA,TA/TO,0,0,0,A,E,0,No Deposit,240.0,0,Transient,32.4,0,1
Resort Hotel,0,3,2015,December,50,7,1,0,2,0.0,0,BB,ESP,Direct,Direct,0,0,0,A,D,0,No Deposit,250.0,0,Transient,53.0,0,0
Resort Hotel,0,0,2015,December,49,5,2,1,2,0.0,0,BB,ESP,Offline TA/TO,TA/TO,0,0,0,A,A,0,No Deposit,348.0,0,Transient-Party,51.67,0,0
Resort Hotel,0,3,2015,December,49,5,2,1,2,0.0,0,BB,ESP,Offline TA/TO,TA/TO,0,0,0,A,A,1,No Deposit,348.0,0,Transient-Party,57.67,1,0
Resort Hotel,0,11,2015,December,49,5,2,1,2,0.0,0,Undefined,ESP,Groups,TA/TO,0,0,0,A,A,0,No Deposit,350.0,0,Transient-Party,68.0,0,0
Resort Hotel,0,11,2015,December,49,5,2,1,2,0.0,0,Undefined,ESP,Groups,TA/TO,0,0,0,A,D,0,No Deposit,350.0,0,Transient-Party,68.0,0,0
Resort Hotel,0,11,2015,December,49,5,2,1,2,0.0,0,Undefined,ESP,Groups,TA/TO,0,0,0,A,A,0,No Deposit,350.0,0,Transient-Party,68.0,0,0
Resort Hotel,0,11,2015,December,49,5,2,1,2,0.0,0,Undefined,ESP,Groups,TA/TO,0,0,0,A,A,0,No Deposit,350.0,0,Transient-Party,68.0,0,0
Resort Hotel,0,11,2015,December,49,5,2,1,2,0.0,0,Undefined,ESP,Groups,TA/TO,0,0,0,A,A,0,No Deposit,350.0,0,Transient-Party,68.0,0,0
Resort Hotel,0,11,2015,December,49,5,2,1,2,0.0,0,Undefined,ESP,Groups,TA/TO,0,0,0,A,A,0,No Deposit,350.0,0,Transient-Party,68.0,0,0
Resort Hotel,0,1,2015,December,49,4,2,2,2,0.0,0,BB,ESP,Direct,Direct,0,0,0,A,E,0,No Deposit,,0,Transient,48.0,0,1
Resort Hotel,0,11,2015,December,49,5,2,1,2,0.0,0,Undefined,ESP,Groups,TA/TO,0,0,0,A,A,0,No Deposit,350.0,0,Transient-Party,68.0,0,0
Resort Hotel,0,11,2015,December,49,5,2,1,2,0.0,0,Undefined,ESP,Groups,TA/TO,0,0,0,A,A,0,No Deposit,350.0,0,Transient-Party,68.0,0,0
Resort Hotel,0,11,2015,December,49,5,2,1,2,0.0,0,Undefined,ESP,Groups,TA/TO,0,0,0,A,A,0,No Deposit,350.0,0,Transient-Party,68.0,0,0
Resort Hotel,0,11,2015,December,49,5,2,1,2,0.0,0,Undefined,ESP,Groups,TA/TO,0,0,0,A,A,0,No Deposit,350.0,0,Transient-Party,68.0,0,0
Resort Hotel,0,11,2015,December,49,5,2,1,2,0.0,0,Undefined,ESP,Groups,TA/TO,0,0,0,A,A,0,No Deposit,350.0,0,Transient-Party,68.0,0,0
Resort Hotel,0,11,2015,December,49,5,2,1,2,0.0,0,Undefined,ESP,Groups,TA/TO,0,0,0,A,A,0,No Deposit,350.0,0,Transient-Party,68.0,0,0
Resort Hotel,0,11,2015,December,49,5,2,1,2,0.0,0,Undefined,ESP,Groups,TA/TO,0,0,0,A,A,0,No Deposit,350.0,0,Transient-Party,68.0,0,0
Resort Hotel,0,11,2015,December,49,5,2,1,2,0.0,0,Undefined,ESP,Groups,TA/TO,0,0,0,A,A,0,No Deposit,350.0,0,Transient-Party,68.0,0,0
Resort Hotel,0,11,2015,December,49,5,2,1,2,0.0,0,Undefined,ESP,Groups,TA/TO,0,0,0,A,A,0,No Deposit,350.0,0,Transient-Party,68.0,0,0
Resort Hotel,0,11,2015,December,49,5,2,1,2,0.0,0,Undefined,ESP,Groups,TA/TO,0,0,0,A,A,0,No Deposit,350.0,0,Transient-Party,68.0,0,0
Resort Hotel,0,11,2015,December,49,5,2,1,2,0.0,0,Undefined,ESP,Groups,TA/TO,0,0,0,A,A,0,No Deposit,350.0,0,Transient-Party,68.0,0,0
Resort Hotel,0,11,2015,December,49,5,2,1,2,0.0,0,Undefined,ESP,Groups,TA/TO,0,0,0,A,A,0,No Deposit,350.0,0,Transient-Party,68.0,0,0
Resort Hotel,0,5,2015,December,49,5,2,1,2,0.0,0,HB,ESP,Direct,Direct,0,0,0,F,F,0,No Deposit,250.0,0,Transient,108.0,0,0
Resort Hotel,0,1,2015,December,49,5,2,1,2,0.0,0,BB,ESP,Offline TA/TO,TA/TO,0,0,0,A,A,0,No Deposit,5.0,0,Transient,30.0,0,0
Resort Hotel,0,11,2015,December,49,5,2,1,2,0.0,0,Undefined,ESP,Groups,TA/TO,0,0,0,A,A,0,No Deposit,350.0,0,Transient-Party,68.0,0,0
Resort Hotel,0,20,2015,December,50,6,2,0,2,0.0,0,HB,ESP,Online TA,TA/TO,0,0,0,A,D,0,No Deposit,240.0,0,Transient,79.2,0,2
Resort Hotel,0,20,2015,December,50,6,2,0,2,0.0,0,HB,ESP,Online TA,TA/TO,0,0,0,A,D,0,No Deposit,240.0,0,Transient,79.2,0,2
Resort Hotel,0,26,2015,December,49,5,2,1,2,0.0,0,BB,ESP,Online TA,TA/TO,0,0,0,A,D,0,No Deposit,240.0,0,Transient,58.0,0,0
Resort Hotel,0,2,2015,December,49,5,2,1,2,0.0,0,BB,ESP,Online TA,TA/TO,0,0,0,A,D,0,No Deposit,240.0,0,Transient,48.0,0,1
Resort Hotel,0,10,2015,December,50,7,1,0,2,0.0,0,BB,PRT,Online TA,TA/TO,0,0,0,D,D,0,No Deposit,240.0,0,Transient,54.4,0,2
Resort Hotel,0,12,2015,December,49,5,2,1,2,0.0,0,BB,ESP,Offline TA/TO,TA/TO,0,0,0,A,E,1,No Deposit,6.0,0,Transient,26.0,0,1
Resort Hotel,0,0,2015,December,49,5,2,1,2,0.0,0,BB,ESP,Online TA,TA/TO,0,0,0,A,E,0,No Deposit,240.0,0,Transient,56.0,1,0
Resort Hotel,0,0,2015,December,50,7,1,0,2,0.0,0,BB,PRT,Offline TA/TO,TA/TO,0,0,0,A,A,0,No Deposit,314.0,0,Transient-Party,38.4,0,0
Resort Hotel,0,0,2015,December,50,7,1,0,2,0.0,0,BB,PRT,Offline TA/TO,TA/TO,0,0,0,A,A,0,No Deposit,314.0,0,Transient-Party,38.4,0,0
Resort Hotel,0,47,2015,December,49,5,2,1,2,0.0,0,HB,ESP,Offline TA/TO,TA/TO,0,0,0,A,A,2,No Deposit,314.0,0,Transient,60.56,0,1
Resort Hotel,0,12,2015,December,49,5,2,1,2,0.0,0,HB,ESP,Offline TA/TO,TA/TO,0,0,0,A,E,0,No Deposit,6.0,0,Transient-Party,49.4,0,1
Resort Hotel,0,12,2015,December,49,5,2,1,2,0.0,0,HB,ESP,Offline TA/TO,TA/TO,0,0,0,A,E,0,No Deposit,6.0,0,Transient-Party,49.4,0,1
Resort Hotel,0,94,2015,December,50,6,2,0,2,0.0,0,BB,ESP,Online TA,TA/TO,0,0,0,A,D,0,No Deposit,240.0,0,Transient,29.16,0,1
Resort Hotel,0,2,2015,December,49,5,2,1,2,0.0,0,HB,PRT,Online TA,TA/TO,0,0,0,A,D,1,No Deposit,240.0,0,Transient,78.0,0,1
Resort Hotel,0,0,2015,December,50,6,2,0,2,0.0,0,BB,PRT,Direct,Direct,0,0,0,G,G,0,No Deposit,,0,Transient,100.0,0,0
Resort Hotel,0,7,2015,December,50,7,1,0,2,0.0,0,HB,ESP,Offline TA/TO,TA/TO,0,0,0,A,D,0,No Deposit,6.0,0,Transient,49.4,0,0
Resort Hotel,0,18,2015,December,50,7,1,0,2,0.0,0,HB,ESP,Direct,Direct,0,0,0,D,D,0,No Deposit,250.0,0,Transient,93.0,0,1
Resort Hotel,0,5,2015,December,49,5,2,1,2,0.0,0,BB,PRT,Online TA,TA/TO,0,0,0,D,D,0,No Deposit,240.0,0,Transient,54.4,0,0
Resort Hotel,0,113,2015,December,49,4,2,2,2,0.0,0,BB,ESP,Online TA,TA/TO,0,0,0,A,E,0,No Deposit,240.0,0,Transient,32.4,0,2
Resort Hotel,0,11,2015,December,50,6,2,0,2,0.0,0,BB,ESP,Offline TA/TO,TA/TO,0,0,0,D,D,0,No Deposit,5.0,0,Transient,37.0,0,0
Resort Hotel,0,11,2015,December,50,6,2,0,2,0.0,0,BB,ESP,Online TA,TA/TO,0,0,0,D,D,0,No Deposit,240.0,0,Transient,83.0,0,1
Resort Hotel,0,1,2015,December,49,5,2,1,2,0.0,0,BB,ESP,Offline TA/TO,TA/TO,0,0,0,A,A,0,No Deposit,175.0,0,Transient,38.4,0,0
Resort Hotel,0,12,2015,December,49,5,2,1,2,0.0,0,BB,ESP,Online TA,TA/TO,0,0,0,D,E,0,No Deposit,240.0,0,Transient,54.4,0,1
Resort Hotel,0,19,2015,December,49,5,2,1,2,0.0,0,BB,ESP,Offline TA/TO,TA/TO,0,0,0,A,D,0,No Deposit,6.0,0,Transient,26.0,0,0
Resort Hotel,0,0,2015,December,50,7,1,0,2,0.0,0,BB,JPN,Online TA,TA/TO,0,0,0,G,G,0,No Deposit,241.0,0,Transient,75.46,1,2
Resort Hotel,0,0,2015,December,50,8,0,1,2,0.0,0,BB,JPN,Online TA,TA/TO,1,0,0,G,G,0,No Deposit,241.0,0,Transient,71.69,1,2
Resort Hotel,0,1,2015,December,49,5,2,1,2,0.0,0,BB,ESP,Online TA,TA/TO,0,0,0,A,D,0,No Deposit,240.0,0,Transient,48.0,0,1
Resort Hotel,0,23,2015,December,49,5,2,1,2,0.0,0,BB,ESP,Offline TA/TO,TA/TO,0,0,0,A,D,0,No Deposit,6.0,0,Transient,32.0,1,0
Resort Hotel,0,11,2015,December,50,7,1,0,2,0.0,0,BB,ESP,Offline TA/TO,TA/TO,0,0,0,A,D,0,No Deposit,6.0,0,Transient,32.0,1,0
Resort Hotel,0,0,2015,December,49,5,2,1,2,0.0,0,BB,PRT,Direct,Direct,0,0,0,A,A,1,No Deposit,,0,Transient,48.0,0,0
Resort Hotel,0,11,2015,December,49,5,2,1,2,0.0,0,Undefined,ESP,Groups,TA/TO,0,0,0,A,A,0,No Deposit,350.0,0,Transient-Party,68.0,0,0
Resort Hotel,0,11,2015,December,49,5,2,1,2,0.0,0,Undefined,ESP,Groups,TA/TO,0,0,0,A,A,0,No Deposit,350.0,0,Transient-Party,68.0,0,0
Resort Hotel,0,2,2015,December,50,6,2,0,2,0.0,0,HB,ESP,Online TA,TA/TO,0,0,0,D,D,0,No Deposit,240.0,0,Transient,92.4,1,1
Resort Hotel,0,1,2015,December,49,4,2,2,2,0.0,0,BB,ESP,Direct,Direct,0,0,0,A,E,0,No Deposit,,0,Transient,48.0,0,1
Resort Hotel,1,14,2015,December,51,19,2,1,2,0.0,0,BB,PRT,Direct,Direct,0,1,0,D,D,0,No Deposit,,0,Transient,52.0,0,1
Resort Hotel,1,229,2016,July,30,20,2,4,2,0.0,0,BB,PRT,Online TA,TA/TO,0,1,0,A,A,0,No Deposit,240.0,0,Transient,117.0,0,1
Resort Hotel,0,0,2015,December,50,6,2,1,2,0.0,0,BB,CHE,Direct,Direct,0,0,0,E,E,1,No Deposit,,0,Transient,68.0,0,0
Resort Hotel,0,3,2015,December,49,5,2,2,2,0.0,0,BB,GBR,Online TA,TA/TO,0,0,0,A,D,0,No Deposit,240.0,0,Transient,54.0,1,1
Resort Hotel,0,1,2015,December,50,8,0,1,2,0.0,0,BB,PRT,Online TA,TA/TO,0,0,0,D,D,0,No Deposit,240.0,0,Transient,48.0,0,1
Resort Hotel,0,0,2015,December,50,8,0,1,2,0.0,0,BB,PRT,Direct,Direct,0,0,0,D,D,0,No Deposit,,0,Transient,48.0,0,0
Resort Hotel,0,27,2015,December,50,6,2,1,2,0.0,0,BB,ITA,Online TA,TA/TO,0,0,0,A,D,0,No Deposit,240.0,0,Transient,54.67,0,1
Resort Hotel,0,9,2015,December,50,7,1,1,2,0.0,0,BB,PRT,Direct,Direct,0,0,0,A,D,0,No Deposit,,0,Transient,38.7,0,0
Resort Hotel,0,24,2015,December,50,6,2,1,2,0.0,0,BB,IRL,Online TA,TA/TO,0,0,0,A,D,0,No Deposit,240.0,0,Transient,62.67,1,0
Resort Hotel,0,25,2015,November,49,30,3,7,2,0.0,0,BB,GBR,Direct,Direct,0,0,0,D,D,0,No Deposit,250.0,0,Transient,48.0,0,2
Resort Hotel,0,17,2015,December,49,3,2,5,2,0.0,0,HB,GBR,Online TA,TA/TO,0,0,0,A,A,0,No Deposit,240.0,0,Transient,82.29,0,1
Resort Hotel,0,0,2015,December,50,9,0,1,2,0.0,0,BB,PRT,Direct,Direct,0,0,0,A,A,0,No Deposit,,0,Transient,43.0,0,0
Resort Hotel,0,0,2016,February,9,22,1,1,2,0.0,0,BB,PRT,Direct,Direct,1,0,1,A,D,0,No Deposit,,0,Transient,45.0,0,0
Resort Hotel,0,8,2015,December,50,8,0,2,2,0.0,0,BB,SWE,Online TA,TA/TO,0,0,0,D,D,0,No Deposit,240.0,0,Transient,38.4,0,1
Resort Hotel,0,0,2015,December,50,9,0,1,2,0.0,0,BB,BEL,Direct,Direct,0,0,0,D,D,0,No Deposit,,0,Transient,43.0,0,0
Resort Hotel,0,27,2015,December,50,7,1,2,2,0.0,0,BB,FRA,Online TA,TA/TO,0,0,0,A,D,1,No Deposit,240.0,0,Transient,46.2,0,1
Resort Hotel,0,0,2015,December,50,9,0,1,2,0.0,0,BB,PRT,Direct,Direct,0,0,0,D,D,0,No Deposit,,0,Transient,40.0,0,0
Resort Hotel,0,0,2015,December,50,9,0,1,2,0.0,0,BB,PRT,Corporate,Corporate,0,0,0,A,D,0,No Deposit,,0,Transient,43.0,1,1
Resort Hotel,0,12,2015,November,49,30,3,7,2,0.0,0,BB,AUT,Online TA,TA/TO,0,0,0,D,D,0,No Deposit,240.0,0,Transient,47.2,0,0
Resort Hotel,0,1,2015,December,50,9,0,1,2,0.0,0,BB,PRT,Direct,Direct,0,0,0,A,D,0,No Deposit,250.0,0,Transient,43.0,0,0
Resort Hotel,1,25,2016,January,1,2,2,3,2,0.0,0,BB,PRT,Online TA,TA/TO,0,1,0,A,A,0,No Deposit,240.0,0,Transient,46.24,0,1
Resort Hotel,1,26,2016,January,1,2,2,5,2,0.0,0,HB,PRT,Online TA,TA/TO,0,1,0,E,E,0,No Deposit,240.0,0,Transient,97.29,0,1
Resort Hotel,1,237,2016,August,32,1,1,4,2,0.0,0,BB,PRT,Online TA,TA/TO,0,1,0,A,A,0,No Deposit,240.0,0,Transient,126.0,0,0
Resort Hotel,1,26,2015,December,51,19,0,1,2,0.0,0,BB,PRT,Direct,Direct,0,1,0,D,D,0,No Deposit,,0,Transient,48.0,0,0
Resort Hotel,1,92,2016,February,9,26,1,2,2,0.0,0,Undefined,PRT,Groups,TA/TO,0,1,0,A,A,0,Non Refund,134.0,0,Transient,79.0,0,0
Resort Hotel,1,92,2016,February,9,26,1,2,2,0.0,0,Undefined,PRT,Groups,TA/TO,0,1,0,A,A,0,Non Refund,134.0,0,Transient,79.0,0,0
Resort Hotel,1,92,2016,February,9,26,1,2,2,0.0,0,Undefined,PRT,Groups,TA/TO,0,1,0,A,A,0,Non Refund,134.0,0,Transient,79.0,0,0
Resort Hotel,1,92,2016,February,9,26,1,2,2,0.0,0,Undefined,PRT,Groups,TA/TO,0,1,0,A,A,0,Non Refund,134.0,0,Transient,79.0,0,0
Resort Hotel,1,92,2016,February,9,26,1,2,2,0.0,0,Undefined,PRT,Groups,TA/TO,0,1,0,A,A,0,Non Refund,134.0,0,Transient,79.0,0,0
Resort Hotel,1,92,2016,February,9,26,1,2,2,0.0,0,Undefined,PRT,Groups,TA/TO,0,1,0,A,A,0,Non Refund,134.0,0,Transient,79.0,0,0
Resort Hotel,1,92,2016,February,9,26,1,2,2,0.0,0,Undefined,PRT,Groups,TA/TO,0,1,0,A,A,0,Non Refund,134.0,0,Transient,79.0,0,0
Resort Hotel,1,92,2016,February,9,26,1,2,2,0.0,0,Undefined,PRT,Groups,TA/TO,0,1,0,A,A,0,Non Refund,134.0,0,Transient,79.0,0,0
Resort Hotel,1,92,2016,February,9,26,1,2,2,0.0,0,Undefined,PRT,Groups,TA/TO,0,1,0,A,A,0,Non Refund,134.0,0,Transient,79.0,0,0
Resort Hotel,1,92,2016,February,9,26,1,2,2,0.0,0,Undefined,PRT,Groups,TA/TO,0,1,0,A,A,0,Non Refund,134.0,0,Transient,79.0,0,0
Resort Hotel,1,92,2016,February,9,26,1,2,2,0.0,0,Undefined,PRT,Groups,TA/TO,0,1,0,A,A,0,Non Refund,134.0,0,Transient,79.0,0,0
Resort Hotel,1,92,2016,February,9,26,1,2,2,0.0,0,Undefined,PRT,Groups,TA/TO,0,1,0,A,A,0,Non Refund,134.0,0,Transient,79.0,0,0
Resort Hotel,1,92,2016,February,9,26,1,2,2,0.0,0,Undefined,PRT,Groups,TA/TO,0,1,0,A,A,0,Non Refund,134.0,0,Transient,79.0,0,0
Resort Hotel,1,92,2016,February,9,26,1,2,2,0.0,0,Undefined,PRT,Groups,TA/TO,0,1,0,A,A,0,Non Refund,134.0,0,Transient,79.0,0,0
Resort Hotel,1,92,2016,February,9,26,1,2,2,0.0,0,Undefined,PRT,Groups,TA/TO,0,1,0,A,A,0,Non Refund,134.0,0,Transient,79.0,0,0
Resort Hotel,1,92,2016,February,9,26,1,2,2,0.0,0,Undefined,PRT,Groups,TA/TO,0,1,0,A,A,0,Non Refund,134.0,0,Transient,79.0,0,0
Resort Hotel,1,92,2016,February,9,26,1,2,2,0.0,0,Undefined,PRT,Groups,TA/TO,0,1,0,A,A,0,Non Refund,134.0,0,Transient,79.0,0,0
Resort Hotel,1,92,2016,February,9,26,1,2,2,0.0,0,Undefined,PRT,Groups,TA/TO,0,1,0,A,A,0,Non Refund,134.0,0,Transient,79.0,0,0
Resort Hotel,1,92,2016,February,9,26,1,2,2,0.0,0,Undefined,PRT,Groups,TA/TO,0,1,0,A,A,0,Non Refund,134.0,0,Transient,79.0,0,0
Resort Hotel,1,92,2016,February,9,26,1,2,2,0.0,0,Undefined,PRT,Groups,TA/TO,0,1,0,A,A,0,Non Refund,134.0,0,Transient,79.0,0,0
Resort Hotel,1,92,2016,February,9,26,1,2,2,0.0,0,Undefined,PRT,Groups,TA/TO,0,1,0,A,A,0,Non Refund,134.0,0,Transient,79.0,0,0
Resort Hotel,1,92,2016,February,9,26,1,2,2,0.0,0,Undefined,PRT,Groups,TA/TO,0,1,0,A,A,0,Non Refund,134.0,0,Transient,79.0,0,0
Resort Hotel,1,92,2016,February,9,26,1,2,2,0.0,0,Undefined,PRT,Groups,TA/TO,0,1,0,A,A,0,Non Refund,134.0,0,Transient,79.0,0,0
Resort Hotel,1,92,2016,February,9,26,1,2,2,0.0,0,Undefined,PRT,Groups,TA/TO,0,1,0,A,A,0,Non Refund,134.0,0,Transient,79.0,0,0
Resort Hotel,1,92,2016,February,9,26,1,2,2,0.0,0,Undefined,PRT,Groups,TA/TO,0,1,0,A,A,0,Non Refund,134.0,0,Transient,79.0,0,0
Resort Hotel,1,92,2016,February,9,26,1,2,2,0.0,0,Undefined,PRT,Groups,TA/TO,0,1,0,A,A,0,Non Refund,134.0,0,Transient,79.0,0,0
Resort Hotel,1,92,2016,February,9,26,1,2,2,0.0,0,Undefined,PRT,Groups,TA/TO,0,1,0,A,A,0,Non Refund,134.0,0,Transient,79.0,0,0
Resort Hotel,1,92,2016,February,9,26,1,2,2,0.0,0,Undefined,PRT,Groups,TA/TO,0,1,0,A,A,0,Non Refund,134.0,0,Transient,79.0,0,0
Resort Hotel,1,92,2016,February,9,26,1,2,2,0.0,0,Undefined,PRT,Groups,TA/TO,0,1,0,A,A,0,Non Refund,134.0,0,Transient,79.0,0,0
Resort Hotel,1,92,2016,February,9,26,1,2,2,0.0,0,Undefined,PRT,Groups,TA/TO,0,1,0,A,A,0,Non Refund,134.0,0,Transient,79.0,0,0
Resort Hotel,1,92,2016,February,9,26,1,2,2,0.0,0,Undefined,PRT,Groups,TA/TO,0,1,0,A,A,0,Non Refund,134.0,0,Transient,79.0,0,0
Resort Hotel,1,92,2016,February,9,26,1,2,2,0.0,0,Undefined,PRT,Groups,TA/TO,0,1,0,A,A,0,Non Refund,134.0,0,Transient,79.0,0,0
Resort Hotel,1,92,2016,February,9,26,1,2,2,0.0,0,Undefined,PRT,Groups,TA/TO,0,1,0,A,A,0,Non Refund,134.0,0,Transient,79.0,0,0
Resort Hotel,1,92,2016,February,9,26,1,2,2,0.0,0,Undefined,PRT,Groups,TA/TO,0,1,0,A,A,0,Non Refund,134.0,0,Transient,79.0,0,0
Resort Hotel,1,92,2016,February,9,26,1,2,2,0.0,0,Undefined,PRT,Groups,TA/TO,0,1,0,A,A,0,Non Refund,134.0,0,Transient,79.0,0,0
Resort Hotel,1,92,2016,February,9,26,1,2,2,0.0,0,Undefined,PRT,Groups,TA/TO,0,1,0,A,A,0,Non Refund,134.0,0,Transient,79.0,0,0
Resort Hotel,1,92,2016,February,9,26,1,2,2,0.0,0,Undefined,PRT,Groups,TA/TO,0,1,0,A,A,0,Non Refund,134.0,0,Transient,79.0,0,0
Resort Hotel,1,92,2016,February,9,26,1,2,2,0.0,0,Undefined,PRT,Groups,TA/TO,0,1,0,A,A,0,Non Refund,134.0,0,Transient,79.0,0,0
Resort Hotel,1,92,2016,February,9,26,1,2,2,0.0,0,Undefined,PRT,Groups,TA/TO,0,1,0,A,A,0,Non Refund,134.0,0,Transient,79.0,0,0
Resort Hotel,1,92,2016,February,9,26,1,2,2,0.0,0,Undefined,PRT,Groups,TA/TO,0,1,0,A,A,0,Non Refund,134.0,0,Transient,79.0,0,0
Resort Hotel,1,92,2016,February,9,26,1,2,2,0.0,0,Undefined,PRT,Groups,TA/TO,0,1,0,A,A,0,Non Refund,134.0,0,Transient,79.0,0,0
Resort Hotel,1,92,2016,February,9,26,1,2,2,0.0,0,Undefined,PRT,Groups,TA/TO,0,1,0,A,A,0,Non Refund,134.0,0,Transient,79.0,0,0
Resort Hotel,1,92,2016,February,9,26,1,2,2,0.0,0,Undefined,PRT,Groups,TA/TO,0,1,0,A,A,0,Non Refund,134.0,0,Transient,79.0,0,0
Resort Hotel,1,92,2016,February,9,26,1,2,2,0.0,0,Undefined,PRT,Groups,TA/TO,0,1,0,A,A,0,Non Refund,134.0,0,Transient,79.0,0,0
Resort Hotel,1,92,2016,February,9,26,1,2,2,0.0,0,Undefined,PRT,Groups,TA/TO,0,1,0,A,A,0,Non Refund,134.0,0,Transient,79.0,0,0
Resort Hotel,1,92,2016,February,9,26,1,2,2,0.0,0,Undefined,PRT,Groups,TA/TO,0,1,0,A,A,0,Non Refund,134.0,0,Transient,79.0,0,0
Resort Hotel,1,92,2016,February,9,26,1,2,2,0.0,0,Undefined,PRT,Groups,TA/TO,0,1,0,A,A,0,Non Refund,134.0,0,Transient,79.0,0,0
Resort Hotel,1,92,2016,February,9,26,1,2,2,0.0,0,Undefined,PRT,Groups,TA/TO,0,1,0,A,A,0,Non Refund,134.0,0,Transient,79.0,0,0
Resort Hotel,1,92,2016,February,9,26,1,2,2,0.0,0,Undefined,PRT,Groups,TA/TO,0,1,0,A,A,0,Non Refund,134.0,0,Transient,79.0,0,0
Resort Hotel,1,92,2016,February,9,26,1,2,2,0.0,0,Undefined,PRT,Groups,TA/TO,0,1,0,A,A,0,Non Refund,134.0,0,Transient,79.0,0,0
Resort Hotel,1,92,2016,February,9,26,1,2,2,0.0,0,Undefined,PRT,Groups,TA/TO,0,1,0,A,A,0,Non Refund,134.0,0,Transient,79.0,0,0
Resort Hotel,1,92,2016,February,9,26,1,2,2,0.0,0,Undefined,PRT,Groups,TA/TO,0,1,0,A,A,0,Non Refund,134.0,0,Transient,79.0,0,0
Resort Hotel,1,92,2016,February,9,26,1,2,2,0.0,0,Undefined,PRT,Groups,TA/TO,0,1,0,A,A,0,Non Refund,134.0,0,Transient,79.0,0,0
Resort Hotel,1,92,2016,February,9,26,1,2,2,0.0,0,Undefined,PRT,Groups,TA/TO,0,1,0,A,A,0,Non Refund,134.0,0,Transient,79.0,0,0
Resort Hotel,1,92,2016,February,9,26,1,2,2,0.0,0,Undefined,PRT,Groups,TA/TO,0,1,0,A,A,0,Non Refund,134.0,0,Transient,79.0,0,0
Resort Hotel,0,4,2015,December,50,11,0,2,2,0.0,0,BB,RUS,Online TA,TA/TO,0,0,0,A,D,0,No Deposit,240.0,0,Transient,48.0,0,0
Resort Hotel,0,9,2016,May,19,6,1,2,2,0.0,0,BB,PRT,Corporate,Corporate,1,0,2,E,F,0,No Deposit,,0,Transient,50.0,1,1
Resort Hotel,0,2,2015,December,50,9,0,2,2,0.0,0,BB,PRT,Online TA,TA/TO,0,0,0,A,D,0,No Deposit,240.0,0,Transient,48.0,0,1
Resort Hotel,0,0,2016,April,16,11,1,0,2,0.0,0,BB,PRT,Direct,Corporate,1,0,2,A,A,0,No Deposit,,0,Transient,59.4,0,1
Resort Hotel,1,86,2016,February,7,12,0,2,2,0.0,0,HB,PRT,Groups,TA/TO,0,1,0,A,A,0,Non Refund,,0,Transient,50.0,0,0
Resort Hotel,1,86,2016,February,7,12,0,2,2,0.0,0,HB,PRT,Groups,TA/TO,0,1,0,A,A,0,Non Refund,,0,Transient,50.0,0,0
Resort Hotel,0,1,2015,December,50,9,0,2,2,0.0,0,BB,PRT,Direct,Direct,0,0,0,E,E,0,No Deposit,,0,Transient,69.0,1,0
Resort Hotel,0,1,2015,December,50,10,0,1,2,0.0,0,BB,PRT,Online TA,TA/TO,0,0,0,D,D,0,No Deposit,240.0,0,Transient,48.0,0,1
Resort Hotel,1,147,2016,April,18,29,2,2,2,0.0,0,BB,PRT,Online TA,TA/TO,0,1,0,E,E,0,No Deposit,240.0,0,Transient,79.2,0,0
Resort Hotel,1,13,2015,December,52,24,0,1,2,0.0,0,HB,PRT,Online TA,TA/TO,1,1,0,E,E,1,No Deposit,240.0,0,Transient,105.0,0,0
Resort Hotel,1,3,2015,December,50,11,0,2,2,0.0,0,BB,PRT,Complementary,Direct,0,0,0,A,D,0,No Deposit,,0,Transient,0.0,0,0
Resort Hotel,0,7,2015,December,50,10,0,2,2,0.0,0,BB,LTU,Online TA,TA/TO,0,0,0,D,D,0,No Deposit,240.0,0,Transient,38.4,0,1
Resort Hotel,0,6,2015,December,50,9,0,3,2,0.0,0,BB,ESP,Online TA,TA/TO,0,0,0,A,D,0,No Deposit,240.0,0,Transient,48.0,0,0
Resort Hotel,0,5,2015,December,50,6,2,4,2,0.0,0,HB,ESP,Offline TA/TO,TA/TO,0,0,0,E,E,0,No Deposit,171.0,0,Transient,71.0,0,0
Resort Hotel,0,23,2015,December,50,11,0,1,2,0.0,0,BB,ESP,Online TA,TA/TO,0,0,0,A,D,0,No Deposit,240.0,0,Transient,48.0,0,2
Resort Hotel,0,11,2015,December,50,7,1,4,2,0.0,0,BB,ESP,Offline TA/TO,TA/TO,0,0,0,A,D,0,No Deposit,6.0,0,Transient,26.0,0,0
Resort Hotel,0,3,2015,December,50,11,0,1,2,0.0,0,BB,BRA,Online TA,TA/TO,0,0,0,D,D,0,No Deposit,240.0,0,Transient,48.0,0,0
Resort Hotel,0,17,2015,December,50,6,2,4,2,0.0,0,BB,GBR,Offline TA/TO,TA/TO,0,0,0,A,D,0,No Deposit,6.0,0,Transient,26.0,0,0
Resort Hotel,0,0,2015,December,50,9,0,3,2,0.0,0,BB,ESP,Direct,Direct,0,0,0,A,A,2,No Deposit,,0,Transient,43.0,0,0
Resort Hotel,0,0,2016,January,2,6,0,3,2,0.0,0,BB,PRT,Direct,Direct,1,0,1,A,D,0,No Deposit,314.0,0,Transient,29.0,0,0
Resort Hotel,0,0,2015,December,50,9,0,3,2,0.0,0,BB,ESP,Direct,Direct,0,0,0,A,A,2,No Deposit,,0,Transient,43.0,0,0
Resort Hotel,0,0,2015,December,50,9,0,3,2,0.0,0,BB,FIN,Online TA,TA/TO,0,0,0,A,D,0,No Deposit,242.0,0,Transient,58.2,1,0
Resort Hotel,0,17,2015,December,49,5,2,5,2,0.0,0,HB,GBR,Offline TA/TO,TA/TO,0,0,0,E,E,0,No Deposit,171.0,0,Transient,72.86,0,0
Resort Hotel,1,28,2016,January,2,5,0,1,2,0.0,0,BB,PRT,Online TA,TA/TO,0,1,0,D,D,0,No Deposit,240.0,0,Transient,56.0,0,0
Resort Hotel,1,49,2016,January,2,4,1,4,2,0.0,0,BB,PRT,Online TA,TA/TO,0,1,0,E,E,0,No Deposit,240.0,0,Transient,59.4,0,3
Resort Hotel,1,12,2015,December,52,23,0,3,2,0.0,0,BB,PRT,Online TA,TA/TO,0,1,0,E,E,0,No Deposit,240.0,0,Transient,75.0,0,1
Resort Hotel,0,1,2015,December,50,12,0,1,2,0.0,0,BB,PRT,Online TA,TA/TO,0,0,0,D,D,1,No Deposit,240.0,0,Transient,54.0,1,1
Resort Hotel,0,1,2015,December,50,12,0,1,2,0.0,0,BB,PRT,Online TA,TA/TO,0,0,0,D,D,0,No Deposit,240.0,0,Transient,48.0,0,1
Resort Hotel,0,0,2015,December,50,11,0,2,2,0.0,0,BB,FRA,Direct,Direct,0,0,0,D,D,1,No Deposit,,0,Transient,46.0,0,0
Resort Hotel,0,11,2015,December,50,9,0,4,2,0.0,0,BB,ESP,Online TA,TA/TO,0,0,0,D,D,0,No Deposit,240.0,0,Transient,46.4,0,1
Resort Hotel,0,26,2015,December,50,12,0,1,2,0.0,0,HB,NLD,Online TA,TA/TO,0,0,0,E,E,0,No Deposit,240.0,0,Transient,104.0,1,2
Resort Hotel,0,1,2015,December,50,12,0,1,2,0.0,0,HB,PRT,Direct,Direct,0,0,0,A,D,0,No Deposit,,0,Transient,79.0,1,1
Resort Hotel,0,1,2015,December,50,12,0,1,2,0.0,0,BB,ESP,Online TA,TA/TO,0,0,0,E,E,0,No Deposit,240.0,0,Transient,58.0,0,2
Resort Hotel,0,26,2015,December,50,10,0,3,2,0.0,0,BB,GBR,Offline TA/TO,TA/TO,0,0,0,A,A,0,No Deposit,115.0,0,Transient,26.1,0,0
Resort Hotel,0,4,2015,December,50,11,0,2,2,0.0,0,BB,PRT,Complementary,Direct,0,0,0,A,D,0,No Deposit,,0,Transient,0.0,0,0
Resort Hotel,0,16,2015,December,50,11,0,2,2,0.0,0,BB,GBR,Online TA,TA/TO,0,0,0,D,D,0,No Deposit,240.0,0,Transient,52.4,1,1
Resort Hotel,0,3,2015,December,50,10,0,3,2,0.0,0,BB,PRT,Offline TA/TO,TA/TO,0,0,0,A,A,0,No Deposit,6.0,0,Transient,29.0,0,0
Resort Hotel,0,17,2015,December,50,12,0,1,2,0.0,0,HB,PRT,Direct,Direct,0,0,0,A,D,0,No Deposit,,0,Transient,69.0,0,0
Resort Hotel,0,2,2015,December,50,12,0,1,2,0.0,0,BB,PRT,Online TA,TA/TO,0,0,0,D,D,0,No Deposit,240.0,0,Transient,48.0,0,1
Resort Hotel,0,4,2015,December,50,12,0,1,2,0.0,0,BB,PRT,Online TA,TA/TO,0,0,0,D,D,0,No Deposit,240.0,0,Transient,48.0,0,0
Resort Hotel,0,14,2015,December,50,11,0,2,2,0.0,0,BB,PRT,Offline TA/TO,TA/TO,0,0,0,A,D,0,No Deposit,127.0,0,Transient,30.5,0,0
Resort Hotel,0,4,2015,December,50,12,0,1,2,0.0,0,BB,PRT,Direct,Direct,0,0,0,A,D,0,No Deposit,,0,Transient,43.0,0,0
Resort Hotel,0,4,2015,December,50,11,0,2,2,0.0,0,BB,PRT,Online TA,TA/TO,0,0,0,D,D,0,No Deposit,240.0,0,Transient,47.0,0,0
Resort Hotel,0,63,2016,November,47,18,0,2,2,0.0,0,BB,PRT,Direct,TA/TO,1,0,1,A,A,1,No Deposit,250.0,0,Transient,37.0,0,0
Resort Hotel,0,3,2015,December,50,12,0,1,2,0.0,0,BB,PRT,Offline TA/TO,TA/TO,0,0,0,A,D,0,No Deposit,330.0,0,Transient-Party,29.0,0,1
Resort Hotel,0,3,2015,December,50,12,0,1,2,0.0,0,BB,PRT,Offline TA/TO,TA/TO,0,0,0,A,D,0,No Deposit,330.0,0,Transient-Party,29.0,0,1
Resort Hotel,0,1,2015,December,50,12,0,1,2,0.0,0,HB,PRT,Direct,Direct,0,0,0,A,D,0,No Deposit,,0,Transient,79.0,1,1
Resort Hotel,0,36,2015,December,50,12,0,1,2,0.0,0,BB,PRT,Online TA,TA/TO,0,0,0,A,D,0,No Deposit,240.0,0,Transient,48.0,0,1
Resort Hotel,0,9,2015,December,50,12,0,1,2,0.0,0,BB,PRT,Online TA,TA/TO,0,0,0,D,D,0,No Deposit,240.0,0,Transient,44.4,1,2
Resort Hotel,0,5,2015,December,50,10,1,3,2,0.0,0,BB,GBR,Offline TA/TO,TA/TO,0,0,0,E,E,0,No Deposit,156.0,0,Transient,42.75,0,0
Resort Hotel,0,23,2015,December,50,9,1,4,2,0.0,0,HB,ESP,Offline TA/TO,TA/TO,0,0,0,A,D,0,No Deposit,6.0,0,Transient,49.4,0,0
Resort Hotel,0,0,2015,December,51,13,1,0,2,0.0,0,BB,PRT,Direct,Direct,0,0,0,A,E,0,No Deposit,,0,Transient,43.0,0,1
Resort Hotel,0,14,2015,December,50,11,1,2,2,0.0,0,HB,ESP,Offline TA/TO,TA/TO,0,0,0,A,D,0,No Deposit,6.0,0,Transient,55.4,1,0
Resort Hotel,0,12,2015,December,51,13,1,0,2,0.0,0,BB,IRL,Online TA,TA/TO,0,0,0,D,D,0,No Deposit,240.0,0,Transient,48.0,0,1
Resort Hotel,1,30,2015,December,53,27,2,0,2,0.0,0,BB,PRT,Online TA,TA/TO,0,1,0,D,D,0,No Deposit,240.0,0,Transient,52.0,0,0
Resort Hotel,0,1,2015,December,50,11,1,2,2,0.0,0,BB,PRT,Online TA,TA/TO,0,0,0,E,E,0,No Deposit,240.0,0,Transient,48.4,0,1
Resort Hotel,1,11,2015,December,52,23,0,4,2,0.0,0,BB,PRT,Online TA,TA/TO,0,1,0,D,D,0,No Deposit,240.0,0,Transient,58.0,0,2
Resort Hotel,1,11,2015,December,52,23,0,4,2,0.0,0,BB,PRT,Online TA,TA/TO,0,1,0,D,D,0,No Deposit,240.0,0,Transient,52.0,0,2
Resort Hotel,0,128,2015,December,50,12,2,1,2,0.0,0,BB,GBR,Offline TA/TO,TA/TO,0,0,0,A,A,0,No Deposit,314.0,0,Transient,25.92,0,0
Resort Hotel,0,0,2015,December,51,14,1,0,2,0.0,0,BB,PRT,Offline TA/TO,TA/TO,0,0,0,A,A,0,No Deposit,314.0,0,Transient,26.0,1,0
Resort Hotel,0,23,2015,December,51,13,2,0,2,0.0,0,BB,GBR,Offline TA/TO,TA/TO,0,0,0,D,D,0,No Deposit,171.0,0,Transient,37.0,0,0
Resort Hotel,1,17,2015,December,53,27,2,2,2,0.0,0,BB,PRT,Online TA,TA/TO,0,1,0,A,A,1,No Deposit,240.0,0,Transient,61.0,0,1
Resort Hotel,0,2,2015,December,51,15,0,1,2,0.0,0,BB,ESP,Online TA,TA/TO,0,0,0,A,D,1,No Deposit,240.0,0,Transient,48.0,0,1
Resort Hotel,1,30,2016,January,1,1,2,2,2,0.0,0,BB,PRT,Online TA,TA/TO,0,1,0,D,D,0,No Deposit,240.0,0,Transient,66.5,0,0
Resort Hotel,0,17,2015,December,50,12,2,2,2,0.0,0,BB,ITA,Online TA,TA/TO,0,0,0,A,D,0,No Deposit,240.0,0,Transient,54.0,1,1
Resort Hotel,1,19,2015,December,53,30,0,4,2,0.0,0,BB,PRT,Online TA,TA/TO,0,1,0,D,D,0,No Deposit,240.0,0,Transient,99.0,0,0
Resort Hotel,0,0,2016,March,14,30,0,1,2,0.0,0,BB,PRT,Corporate,Corporate,1,0,3,A,A,0,No Deposit,,0,Transient,50.0,0,0
Resort Hotel,0,5,2016,June,26,20,1,0,2,0.0,0,BB,PRT,Corporate,Corporate,1,0,4,A,C,0,No Deposit,,0,Transient,65.0,0,0
Resort Hotel,0,4,2015,December,51,14,1,1,2,0.0,0,BB,PRT,Corporate,Corporate,0,0,0,A,D,0,No Deposit,,0,Transient,49.0,1,0
Resort Hotel,1,12,2015,December,52,26,1,1,2,0.0,0,HB,PRT,Offline TA/TO,TA/TO,0,1,0,D,D,0,No Deposit,196.0,0,Transient,66.0,0,1
Resort Hotel,1,12,2015,December,52,26,1,1,2,0.0,0,HB,PRT,Offline TA/TO,TA/TO,0,1,0,D,D,0,No Deposit,196.0,0,Transient,66.0,0,1
Resort Hotel,1,12,2015,December,52,26,0,1,2,0.0,0,Undefined,PRT,Offline TA/TO,TA/TO,0,1,0,D,D,0,No Deposit,196.0,0,Transient,88.0,0,1
Resort Hotel,1,12,2015,December,52,26,0,1,2,0.0,0,Undefined,PRT,Offline TA/TO,TA/TO,0,1,0,D,D,0,No Deposit,196.0,0,Transient,88.0,0,1
Resort Hotel,0,25,2015,December,51,14,1,1,2,0.0,0,BB,PRT,Online TA,TA/TO,0,0,0,A,D,1,No Deposit,240.0,0,Transient,49.2,1,0
Resort Hotel,0,19,2015,December,51,14,1,1,2,0.0,0,BB,GBR,Offline TA/TO,TA/TO,0,0,0,E,E,0,No Deposit,314.0,0,Transient,54.4,0,2
Resort Hotel,0,19,2015,December,51,14,1,1,2,0.0,0,BB,BRA,Offline TA/TO,TA/TO,0,0,0,E,E,0,No Deposit,314.0,0,Transient,54.4,0,2
Resort Hotel,0,16,2015,December,51,14,1,1,2,0.0,0,BB,GBR,Offline TA/TO,TA/TO,0,0,0,A,A,0,No Deposit,36.0,0,Transient,31.2,0,0
Resort Hotel,1,29,2015,December,53,27,2,2,2,0.0,0,BB,PRT,Online TA,TA/TO,0,1,0,A,A,0,No Deposit,240.0,0,Transient,55.0,0,1
Resort Hotel,0,4,2015,December,51,15,0,1,2,0.0,0,BB,ITA,Online TA,TA/TO,0,0,0,A,D,0,No Deposit,240.0,0,Transient,48.0,0,1
Resort Hotel,1,44,2016,January,1,2,1,1,2,0.0,0,BB,PRT,Online TA,TA/TO,0,1,0,E,E,0,No Deposit,240.0,0,Transient,122.5,0,1
Resort Hotel,1,196,2016,June,27,29,2,7,2,0.0,0,BB,PRT,Online TA,TA/TO,0,1,0,E,E,0,No Deposit,240.0,0,Transient,106.0,0,2
Resort Hotel,1,196,2016,June,27,29,2,7,2,0.0,0,BB,PRT,Online TA,TA/TO,0,1,0,E,E,0,No Deposit,240.0,0,Transient,106.0,0,2
Resort Hotel,0,0,2015,December,51,16,0,1,2,0.0,0,BB,PRT,Direct,Direct,0,0,0,A,D,0,No Deposit,,0,Transient,46.0,1,0
Resort Hotel,0,11,2015,December,51,13,2,2,2,0.0,0,BB,NLD,Online TA,TA/TO,0,0,0,D,D,0,No Deposit,240.0,0,Transient,38.4,0,1
Resort Hotel,0,3,2015,December,51,17,0,1,2,0.0,0,BB,PRT,Online TA,TA/TO,0,0,0,D,D,0,No Deposit,240.0,0,Transient,54.0,1,1
Resort Hotel,0,0,2016,March,11,11,0,2,2,0.0,0,BB,PRT,Direct,Direct,1,0,1,D,F,0,No Deposit,,0,Transient,71.0,1,1
Resort Hotel,0,0,2015,December,51,17,0,1,2,0.0,0,BB,ESP,Direct,Direct,0,0,0,D,D,0,No Deposit,,0,Transient,46.0,1,0
Resort Hotel,0,2,2015,December,51,14,1,3,2,0.0,0,BB,GBR,Offline TA/TO,TA/TO,0,0,0,A,A,0,No Deposit,314.0,0,Transient,30.0,0,1
Resort Hotel,0,2,2015,December,51,16,0,3,2,0.0,0,HB,PRT,Offline TA/TO,TA/TO,0,0,0,A,A,0,No Deposit,171.0,0,Transient,61.0,1,0
Resort Hotel,0,1,2015,December,51,18,0,1,2,0.0,0,BB,GBR,Offline TA/TO,TA/TO,0,0,0,A,D,0,No Deposit,175.0,0,Group,30.0,0,0
Resort Hotel,0,33,2015,December,50,12,2,5,2,0.0,0,HB,FRA,Offline TA/TO,TA/TO,0,0,0,A,D,1,No Deposit,6.0,0,Transient,49.4,0,0
Resort Hotel,0,105,2015,December,51,14,1,4,2,0.0,0,BB,GBR,Online TA,TA/TO,0,0,0,D,D,0,No Deposit,241.0,0,Transient,31.88,0,1
Resort Hotel,0,1,2015,December,51,18,0,1,2,0.0,0,BB,FRA,Online TA,TA/TO,0,0,0,D,D,0,No Deposit,240.0,0,Transient,48.0,0,2
Resort Hotel,0,20,2015,December,51,17,0,2,2,0.0,0,BB,ESP,Direct,Direct,0,0,0,D,D,0,No Deposit,,0,Transient,58.0,0,0
Resort Hotel,0,17,2015,December,51,15,0,4,2,0.0,0,HB,GBR,Offline TA/TO,TA/TO,0,0,0,A,A,1,No Deposit,314.0,0,Transient,56.0,0,1
Resort Hotel,0,0,2015,December,51,18,0,1,2,0.0,0,BB,ESP,Online TA,TA/TO,0,0,0,A,A,0,No Deposit,241.0,0,Group,35.11,0,0
Resort Hotel,0,11,2015,December,51,18,0,1,2,0.0,0,BB,PRT,Online TA,TA/TO,0,0,0,A,D,0,No Deposit,240.0,0,Transient,48.0,0,1
Resort Hotel,0,3,2015,December,51,19,1,1,2,0.0,0,BB,ESP,Direct,Direct,0,0,0,E,E,1,No Deposit,,0,Transient,69.0,1,0
Resort Hotel,0,3,2015,December,51,19,0,1,2,0.0,0,BB,PRT,Online TA,TA/TO,0,0,0,A,E,0,No Deposit,240.0,0,Transient,48.0,0,2
Resort Hotel,0,2,2015,December,51,17,0,3,2,0.0,0,BB,TUR,Online TA,TA/TO,0,0,0,A,D,0,No Deposit,240.0,0,Transient,54.0,1,0
Resort Hotel,0,4,2015,December,51,19,0,1,2,0.0,0,HB,PRT,Online TA,TA/TO,0,0,0,E,E,0,No Deposit,240.0,0,Transient,98.0,0,2
Resort Hotel,0,0,2015,December,51,19,0,1,2,0.0,0,BB,PRT,Online TA,TA/TO,0,0,0,D,D,0,No Deposit,240.0,0,Transient,48.0,0,1
Resort Hotel,0,5,2015,December,51,19,0,1,2,0.0,0,BB,PRT,Corporate,Corporate,0,0,0,A,D,0,No Deposit,,0,Transient-Party,43.0,0,1
Resort Hotel,0,0,2015,December,51,19,0,1,2,0.0,0,BB,PRT,Online TA,TA/TO,0,0,0,D,G,0,No Deposit,241.0,0,Transient,72.43,0,0
Resort Hotel,0,39,2015,December,51,13,2,5,2,0.0,0,BB,GBR,Offline TA/TO,TA/TO,0,0,0,A,A,0,No Deposit,115.0,0,Transient,27.53,0,0
Resort Hotel,0,11,2015,December,51,18,0,2,2,0.0,0,BB,ESP,Direct,Direct,0,0,0,D,D,0,No Deposit,250.0,0,Transient,46.0,0,1
Resort Hotel,0,5,2015,December,51,19,0,1,2,0.0,0,BB,PRT,Corporate,Corporate,0,0,0,A,D,0,No Deposit,,0,Transient-Party,43.0,0,1
Resort Hotel,0,3,2016,December,51,17,0,1,2,0.0,0,BB,PRT,Direct,Corporate,1,0,1,A,A,0,No Deposit,,0,Transient-Party,39.0,0,1
Resort Hotel,0,5,2015,December,51,19,0,1,2,0.0,0,BB,PRT,Corporate,Corporate,0,0,0,A,D,0,No Deposit,,0,Transient-Party,43.0,0,1
Resort Hotel,0,3,2016,December,51,17,0,1,2,0.0,0,BB,PRT,Direct,Corporate,1,0,0,A,A,0,No Deposit,,0,Transient-Party,39.0,0,1
Resort Hotel,0,0,2015,December,51,19,0,1,2,0.0,0,BB,PRT,Online TA,TA/TO,0,0,0,A,D,0,No Deposit,240.0,0,Transient,48.0,0,0
Resort Hotel,0,5,2015,December,51,19,0,1,2,0.0,0,BB,PRT,Corporate,Corporate,0,0,0,A,D,0,No Deposit,,0,Transient-Party,43.0,0,1
Resort Hotel,0,5,2015,December,51,19,0,1,2,0.0,0,BB,PRT,Corporate,Corporate,0,0,0,A,D,0,No Deposit,,0,Transient-Party,43.0,0,1
Resort Hotel,0,0,2015,December,51,19,0,1,2,0.0,0,BB,NLD,Direct,Direct,0,0,0,D,D,0,No Deposit,,0,Transient,43.0,0,0
Resort Hotel,0,0,2015,December,51,19,0,1,2,0.0,0,BB,PRT,Direct,Direct,0,0,0,A,D,0,No Deposit,,0,Transient,43.0,0,0
Resort Hotel,0,17,2015,December,51,19,0,1,2,0.0,0,BB,BRA,Online TA,TA/TO,0,0,0,A,D,0,No Deposit,240.0,0,Transient,48.0,0,1
Resort Hotel,0,45,2015,December,51,14,1,5,2,0.0,0,HB,ESP,Offline TA/TO,TA/TO,0,0,0,E,E,0,No Deposit,115.0,0,Transient,63.9,0,1
Resort Hotel,0,13,2015,December,51,13,2,5,2,0.0,0,BB,IRL,Offline TA/TO,TA/TO,0,0,0,A,E,0,No Deposit,8.0,0,Transient,49.0,0,0
Resort Hotel,0,12,2015,December,51,14,2,5,2,0.0,0,BB,NLD,Online TA,TA/TO,0,0,0,D,G,0,No Deposit,240.0,0,Transient,43.26,0,1
Resort Hotel,0,24,2015,December,51,18,1,2,2,0.0,0,BB,DEU,Offline TA/TO,TA/TO,0,0,0,A,D,0,No Deposit,6.0,0,Transient,26.0,0,0
Resort Hotel,0,0,2015,December,51,17,1,3,2,0.0,0,BB,NLD,Online TA,TA/TO,0,0,0,E,E,0,No Deposit,240.0,0,Transient,46.4,0,0
Resort Hotel,0,0,2015,December,52,20,1,0,2,0.0,0,BB,PRT,Online TA,TA/TO,0,0,0,D,D,0,No Deposit,240.0,0,Transient,48.0,0,0
Resort Hotel,0,0,2015,December,51,19,1,1,2,0.0,0,BB,BRA,Online TA,TA/TO,0,0,0,A,A,0,No Deposit,241.0,0,Transient,35.11,0,1
Resort Hotel,0,203,2015,December,51,14,2,5,2,0.0,0,BB,GBR,Offline TA/TO,TA/TO,0,0,0,A,D,0,No Deposit,314.0,0,Contract,26.1,0,1
Resort Hotel,0,210,2015,December,52,21,2,5,2,0.0,0,HB,GBR,Offline TA/TO,TA/TO,0,0,0,E,E,0,No Deposit,314.0,0,Contract,75.07,0,1
Resort Hotel,0,2,2015,December,51,17,1,3,2,0.0,0,BB,ESP,Online TA,TA/TO,0,0,0,A,D,0,No Deposit,240.0,0,Transient,54.0,1,1
Resort Hotel,0,202,2015,December,51,14,2,5,2,0.0,0,BB,GBR,Offline TA/TO,TA/TO,0,0,0,D,D,0,No Deposit,314.0,0,Transient,30.6,0,2
Resort Hotel,0,35,2015,December,52,21,2,5,2,0.0,0,HB,GBR,Offline TA/TO,TA/TO,0,0,0,D,D,0,No Deposit,115.0,0,Transient,65.27,0,2
Resort Hotel,0,10,2015,December,52,20,1,0,2,0.0,0,BB,GBR,Direct,Direct,0,0,0,F,F,3,No Deposit,250.0,0,Transient,76.4,0,1
Resort Hotel,0,0,2015,December,52,20,1,0,2,0.0,0,BB,ESP,Online TA,TA/TO,0,0,0,D,D,0,No Deposit,240.0,0,Transient,48.0,0,0
Resort Hotel,0,19,2015,December,52,21,1,2,2,0.0,0,BB,FRA,Online TA,TA/TO,0,0,0,A,D,2,No Deposit,240.0,0,Transient,56.33,1,0
Resort Hotel,0,8,2015,December,51,17,2,3,2,0.0,0,BB,GBR,Offline TA/TO,TA/TO,0,0,0,E,F,0,No Deposit,171.0,0,Transient,57.0,0,0
Resort Hotel,0,75,2015,December,51,15,2,5,2,0.0,0,HB,GBR,Offline TA/TO,TA/TO,0,0,0,E,E,0,No Deposit,115.0,0,Transient,65.33,0,0
Resort Hotel,0,22,2015,December,52,22,0,0,2,0.0,0,BB,PRT,Online TA,TA/TO,0,0,0,A,D,0,No Deposit,240.0,0,Transient,0.0,0,1
Resort Hotel,0,46,2015,December,52,20,2,0,2,0.0,0,BB,ESP,Offline TA/TO,TA/TO,0,0,0,A,D,1,No Deposit,6.0,0,Transient-Party,26.0,0,0
Resort Hotel,0,0,2015,December,52,21,1,0,2,0.0,0,BB,PRT,Direct,Direct,0,0,0,A,A,0,No Deposit,,0,Transient,49.0,1,0
Resort Hotel,0,2,2015,December,52,21,1,0,2,0.0,0,BB,PRT,Online TA,TA/TO,0,0,0,A,D,0,No Deposit,240.0,0,Transient,48.0,0,0
Resort Hotel,0,121,2015,December,51,19,2,1,2,0.0,0,BB,PRT,Online TA,TA/TO,0,0,0,A,D,2,No Deposit,240.0,0,Transient,29.16,0,2
Resort Hotel,0,128,2016,December,51,17,2,2,2,0.0,0,BB,PRT,Online TA,TA/TO,1,0,1,A,A,0,No Deposit,240.0,0,Transient,37.8,0,3
Resort Hotel,0,19,2015,December,51,16,2,4,2,0.0,0,HB,GBR,Offline TA/TO,TA/TO,0,0,0,A,A,0,No Deposit,314.0,0,Transient,56.0,0,0
Resort Hotel,0,1,2015,December,52,21,1,0,2,0.0,0,BB,PRT,Online TA,TA/TO,0,0,0,A,D,0,No Deposit,240.0,0,Transient,48.0,0,1
Resort Hotel,0,10,2015,December,51,19,2,1,2,0.0,0,BB,PRT,Offline TA/TO,TA/TO,0,0,0,A,A,0,No Deposit,171.0,0,Transient,29.0,0,0
Resort Hotel,0,7,2015,December,52,22,0,1,2,0.0,0,BB,PRT,Online TA,TA/TO,0,0,0,A,E,0,No Deposit,240.0,0,Transient,48.0,0,1
Resort Hotel,0,1,2015,December,52,22,0,1,2,0.0,0,BB,PRT,Direct,Direct,0,0,0,D,F,0,No Deposit,,0,Transient,46.0,1,0
Resort Hotel,0,34,2015,December,52,22,0,1,2,0.0,0,BB,PRT,Online TA,TA/TO,0,0,0,D,D,0,No Deposit,240.0,0,Transient,46.4,0,2
Resort Hotel,0,34,2015,December,52,22,0,1,2,0.0,0,BB,BRA,Online TA,TA/TO,0,0,0,D,D,0,No Deposit,240.0,0,Transient,46.4,0,2
Resort Hotel,0,22,2015,December,52,22,0,1,2,0.0,0,BB,MAR,Online TA,TA/TO,0,0,0,A,D,0,No Deposit,240.0,0,Transient,46.4,0,0
Resort Hotel,0,4,2015,December,52,21,1,1,2,0.0,0,BB,ESP,Direct,Direct,0,0,0,D,E,0,No Deposit,,0,Transient,58.0,0,2
Resort Hotel,1,11,2015,December,52,23,0,0,2,0.0,0,BB,PRT,Online TA,TA/TO,0,0,0,A,A,0,No Deposit,241.0,0,Transient,0.0,0,1
Resort Hotel,0,0,2015,December,52,24,0,0,2,0.0,0,BB,PRT,Online TA,TA/TO,1,0,0,A,I,0,No Deposit,241.0,0,Transient,0.0,0,1
Resort Hotel,0,8,2015,December,52,22,0,2,2,0.0,0,BB,PRT,Offline TA/TO,TA/TO,0,0,0,A,A,0,No Deposit,171.0,0,Transient,29.0,0,0
Resort Hotel,0,13,2015,December,52,22,0,2,2,0.0,0,BB,CHN,Online TA,TA/TO,0,0,0,E,E,0,No Deposit,240.0,0,Transient,57.2,0,1
Resort Hotel,0,3,2015,December,52,24,0,1,2,0.0,0,BB,PRT,Direct,Direct,0,0,0,A,A,0,No Deposit,,0,Transient,90.0,0,0
Resort Hotel,0,13,2015,December,52,22,0,3,2,0.0,0,HB,ESP,Offline TA/TO,TA/TO,0,0,0,D,D,0,No Deposit,156.0,0,Transient,59.85,0,0
Resort Hotel,0,10,2015,December,52,24,0,1,2,0.0,0,BB,PRT,Direct,Direct,0,0,0,D,D,0,No Deposit,250.0,0,Transient,64.0,1,0
Resort Hotel,0,1,2015,December,52,24,0,1,2,0.0,0,BB,RUS,Online TA,TA/TO,0,0,0,A,D,0,No Deposit,240.0,0,Transient,95.0,0,2
Resort Hotel,0,15,2015,December,52,24,0,1,2,0.0,0,BB,CHN,Direct,Direct,0,0,0,A,D,0,No Deposit,,0,Transient,43.0,0,0
Resort Hotel,0,20,2015,December,52,24,0,1,2,0.0,0,BB,PRT,Direct,Direct,0,0,0,F,F,0,No Deposit,,0,Transient,55.0,0,1
Resort Hotel,0,20,2015,December,52,24,0,1,2,0.0,0,BB,PRT,Direct,Direct,0,0,0,F,F,0,No Deposit,,0,Transient,55.0,0,1
Resort Hotel,0,17,2015,December,52,22,0,4,2,0.0,0,HB,GBR,Offline TA/TO,TA/TO,0,0,0,D,D,0,No Deposit,95.0,0,Transient,80.0,0,1
Resort Hotel,0,0,2015,December,52,25,0,1,2,0.0,0,BB,FRA,Direct,Direct,0,0,0,F,F,0,No Deposit,,0,Transient,65.0,0,0
Resort Hotel,0,1,2015,December,52,25,0,1,2,0.0,0,BB,PRT,Online TA,TA/TO,0,0,0,D,E,0,No Deposit,240.0,0,Transient,65.0,1,1
Resort Hotel,0,297,2016,December,52,23,1,2,2,0.0,0,HB,PRT,Direct,Direct,1,0,0,E,E,2,No Deposit,,0,Transient-Party,60.87,0,3
Resort Hotel,0,139,2015,December,52,22,0,4,2,0.0,0,BB,FRA,Online TA,TA/TO,0,0,0,A,D,0,No Deposit,240.0,0,Transient,44.16,0,1
Resort Hotel,0,27,2015,December,52,24,0,2,2,0.0,0,BB,BRA,Offline TA/TO,TA/TO,0,0,0,A,E,0,No Deposit,6.0,0,Transient,50.0,0,0
Resort Hotel,0,3,2015,December,52,25,0,1,2,0.0,0,BB,PRT,Online TA,TA/TO,0,0,0,A,D,0,No Deposit,240.0,0,Transient,125.0,0,1
Resort Hotel,0,50,2015,December,51,19,2,5,2,0.0,0,HB,GBR,Offline TA/TO,TA/TO,0,0,0,D,D,0,No Deposit,156.0,0,Transient,57.04,0,0
Resort Hotel,0,12,2015,December,52,24,0,2,2,0.0,0,BB,PRT,Direct,Direct,0,0,0,D,D,0,No Deposit,,0,Transient,75.0,0,0
Resort Hotel,0,93,2015,December,51,19,2,5,2,0.0,0,BB,GBR,Online TA,TA/TO,0,0,0,A,A,1,No Deposit,240.0,0,Transient,40.5,0,1
Resort Hotel,0,0,2015,December,52,25,0,1,2,0.0,0,BB,DEU,Online TA,TA/TO,0,0,0,A,A,0,No Deposit,240.0,0,Transient,55.0,0,1
Resort Hotel,0,40,2015,December,51,19,2,5,2,0.0,0,HB,FRA,Offline TA/TO,TA/TO,0,0,0,A,D,0,No Deposit,6.0,0,Transient-Party,49.4,0,0
Resort Hotel,0,4,2015,December,52,24,0,2,2,0.0,0,BB,ESP,Online TA,TA/TO,0,0,0,A,A,3,No Deposit,240.0,0,Transient,55.0,0,1
Resort Hotel,0,138,2015,December,52,21,1,5,2,0.0,0,BB,DZA,Online TA,TA/TO,0,0,0,A,D,0,No Deposit,240.0,0,Transient,35.16,1,2
Resort Hotel,0,0,2015,December,52,26,0,1,2,0.0,0,BB,PRT,Direct,Direct,0,0,0,A,A,0,No Deposit,,0,Transient,50.0,0,0
Resort Hotel,0,7,2015,December,52,24,0,3,2,0.0,0,BB,LKA,Offline TA/TO,TA/TO,0,0,0,D,D,0,No Deposit,115.0,0,Transient,33.3,0,0
Resort Hotel,0,3,2015,December,52,23,0,4,2,0.0,0,BB,PRT,Online TA,TA/TO,0,0,0,F,F,0,No Deposit,240.0,0,Transient,78.0,1,0
Resort Hotel,0,0,2015,December,52,26,0,1,2,0.0,0,BB,FRA,Online TA,TA/TO,0,0,0,A,E,0,No Deposit,240.0,0,Transient,61.0,1,0
Resort Hotel,0,0,2015,December,52,26,0,1,2,0.0,0,BB,ESP,Direct,Direct,0,0,0,A,E,0,No Deposit,,0,Transient,65.0,0,0
Resort Hotel,0,29,2015,December,52,24,0,3,2,0.0,0,BB,GBR,Direct,Direct,0,0,0,E,E,0,No Deposit,250.0,0,Transient,91.0,1,0
Resort Hotel,0,20,2015,December,52,23,0,4,2,0.0,0,BB,ESP,Direct,Direct,0,0,0,D,D,0,No Deposit,250.0,0,Transient,64.0,0,1
Resort Hotel,0,20,2015,December,52,23,0,4,2,0.0,0,BB,ESP,Direct,Direct,0,0,0,D,D,0,No Deposit,250.0,0,Transient,58.0,0,1
Resort Hotel,0,111,2015,December,52,20,2,5,2,0.0,0,BB,IRL,Online TA,TA/TO,0,0,0,A,D,0,No Deposit,240.0,0,Transient,32.4,0,3
Resort Hotel,0,14,2015,December,52,26,0,1,2,0.0,0,BB,PRT,Direct,Direct,0,0,0,E,E,0,No Deposit,,0,Transient,65.0,0,2
Resort Hotel,0,29,2015,December,52,26,0,1,2,0.0,0,BB,PRT,Offline TA/TO,TA/TO,0,0,0,D,D,0,No Deposit,171.0,0,Transient,37.0,0,0
Resort Hotel,0,0,2015,December,52,26,0,1,2,0.0,0,BB,PRT,Online TA,TA/TO,0,0,0,A,D,0,No Deposit,240.0,0,Transient,65.0,0,0
Resort Hotel,0,24,2015,December,52,26,0,1,2,0.0,0,BB,PRT,Online TA,TA/TO,0,0,0,A,A,0,No Deposit,240.0,0,Transient,65.0,0,0
Resort Hotel,0,30,2015,December,52,23,0,4,2,0.0,0,BB,BEL,Online TA,TA/TO,0,0,0,D,D,0,No Deposit,240.0,0,Transient,98.5,1,2
Resort Hotel,0,30,2015,December,52,23,0,4,2,0.0,0,BB,PRT,Online TA,TA/TO,0,0,0,D,D,0,No Deposit,240.0,0,Transient,92.5,0,2
Resort Hotel,0,29,2015,December,52,24,0,3,2,0.0,0,BB,PRT,Online TA,TA/TO,0,0,0,A,D,0,No Deposit,240.0,0,Transient,55.0,0,1
Resort Hotel,0,2,2015,December,52,26,0,1,2,0.0,0,BB,ESP,Online TA,TA/TO,0,0,0,A,D,0,No Deposit,240.0,0,Transient,55.0,0,2
Resort Hotel,0,24,2015,December,52,24,0,3,2,0.0,0,BB,PRT,Direct,Direct,0,0,0,D,D,0,No Deposit,,0,Transient,46.0,0,0
Resort Hotel,0,1,2016,November,47,17,2,7,2,0.0,0,BB,PRT,Direct,Direct,1,0,2,A,E,1,No Deposit,,0,Transient,59.33,0,0
Resort Hotel,0,0,2016,December,50,8,0,3,2,0.0,0,BB,PRT,Direct,Direct,1,0,3,E,E,2,No Deposit,,0,Transient,62.2,0,0
Resort Hotel,0,7,2017,January,4,26,2,8,2,0.0,0,BB,PRT,Direct,Direct,1,0,4,E,E,2,No Deposit,,0,Transient,58.0,0,3
Resort Hotel,0,3,2015,December,52,25,0,2,2,0.0,0,BB,PRT,Direct,Direct,0,0,0,A,A,0,No Deposit,250.0,0,Transient,50.0,0,1
Resort Hotel,0,13,2015,December,52,23,0,4,2,0.0,0,BB,FRA,Online TA,TA/TO,0,0,0,D,E,0,No Deposit,240.0,0,Transient,79.5,0,1
Resort Hotel,0,18,2015,December,52,26,0,1,2,0.0,0,HB,PRT,Direct,Direct,0,0,0,A,D,0,No Deposit,250.0,0,Transient,80.0,0,0
Resort Hotel,0,1,2015,December,52,24,0,3,2,0.0,0,BB,AUS,Offline TA/TO,TA/TO,0,0,0,A,A,0,No Deposit,36.0,0,Transient,44.0,0,0
Resort Hotel,0,14,2015,December,52,24,0,3,2,0.0,0,BB,PRT,Online TA,TA/TO,0,0,0,A,E,0,No Deposit,240.0,0,Transient,98.33,0,1
Resort Hotel,0,23,2015,December,51,16,3,9,2,0.0,0,BB,DEU,Online TA,TA/TO,0,0,0,D,D,0,No Deposit,240.0,0,Transient,53.9,0,1
Resort Hotel,0,14,2015,December,52,21,2,5,2,0.0,0,BB,PRT,Online TA,TA/TO,0,0,0,A,D,0,No Deposit,240.0,0,Transient,63.0,0,0
Resort Hotel,0,14,2015,December,52,21,2,5,2,0.0,0,BB,PRT,Online TA,TA/TO,0,0,0,A,D,0,No Deposit,240.0,0,Transient,69.0,1,0
Resort Hotel,0,2,2015,December,52,24,1,3,2,0.0,0,BB,PRT,Online TA,TA/TO,0,0,0,H,H,2,No Deposit,240.0,0,Transient,121.0,1,0
Resort Hotel,0,8,2015,December,52,26,1,1,2,0.0,0,BB,ESP,Offline TA/TO,TA/TO,0,0,0,A,A,0,No Deposit,339.0,0,Transient,29.0,0,0
Resort Hotel,0,0,2015,December,52,26,1,1,2,0.0,0,BB,FRA,Online TA,TA/TO,0,0,0,D,D,0,No Deposit,240.0,0,Transient,71.0,1,0
Resort Hotel,0,47,2015,December,52,23,1,4,2,0.0,0,BB,GBR,Online TA,TA/TO,0,0,0,E,E,0,No Deposit,240.0,0,Transient,88.0,1,0
Resort Hotel,0,0,2015,December,52,26,1,1,2,0.0,0,BB,PRT,Direct,Direct,0,0,0,A,A,1,No Deposit,,0,Transient,50.0,0,0
Resort Hotel,0,0,2015,December,53,27,1,0,2,0.0,0,BB,DEU,Direct,Direct,0,0,0,F,F,0,No Deposit,,0,Transient,75.0,0,0
Resort Hotel,0,26,2015,December,53,27,1,0,2,0.0,0,BB,PRT,Online TA,TA/TO,0,0,0,A,D,0,No Deposit,240.0,0,Transient,61.0,0,1
Resort Hotel,0,29,2015,December,52,25,1,2,2,0.0,0,BB,GBR,Offline TA/TO,TA/TO,0,0,0,D,D,0,No Deposit,8.0,0,Transient-Party,37.0,0,1
Resort Hotel,0,29,2015,December,52,25,1,2,2,0.0,0,BB,CHN,Offline TA/TO,TA/TO,0,0,0,D,D,0,No Deposit,8.0,0,Transient-Party,37.0,0,1
Resort Hotel,0,0,2015,December,53,27,1,0,2,0.0,0,BB,USA,Direct,Direct,0,0,0,E,E,0,No Deposit,,0,Transient,71.0,1,0
Resort Hotel,0,37,2015,December,53,27,1,0,2,0.0,0,BB,ESP,Online TA,TA/TO,0,0,0,D,D,0,No Deposit,240.0,0,Transient,52.0,0,1
Resort Hotel,0,0,2015,December,52,25,1,2,2,0.0,0,BB,PRT,Online TA,TA/TO,0,0,0,A,A,0,No Deposit,241.0,0,Transient,42.35,0,0
Resort Hotel,0,0,2015,December,53,28,0,0,2,0.0,0,BB,PRT,Direct,Direct,1,0,0,F,F,0,No Deposit,,0,Transient,0.0,0,0
Resort Hotel,0,14,2015,December,52,26,1,1,2,0.0,0,BB,PRT,Complementary,Direct,0,0,0,A,E,0,No Deposit,,0,Transient,0.0,0,1
Resort Hotel,0,132,2015,December,52,21,2,5,2,0.0,0,BB,GBR,Offline TA/TO,TA/TO,0,0,0,A,D,1,No Deposit,171.0,0,Transient,37.53,0,0
Resort Hotel,0,47,2015,December,52,23,1,4,2,0.0,0,BB,IRL,Offline TA/TO,TA/TO,0,0,0,A,A,0,No Deposit,8.0,0,Transient,49.0,1,1
Resort Hotel,0,26,2015,December,53,27,1,0,2,0.0,0,BB,PRT,Online TA,TA/TO,0,0,0,A,D,0,No Deposit,240.0,0,Transient,55.0,0,1
Resort Hotel,0,131,2015,December,52,21,2,5,2,0.0,0,BB,DEU,Online TA,TA/TO,0,0,0,E,E,0,No Deposit,240.0,0,Transient,50.4,0,0
Resort Hotel,0,153,2015,December,53,27,1,0,2,0.0,0,BB,DEU,Online TA,TA/TO,0,0,0,E,E,0,No Deposit,240.0,0,Transient,50.4,0,1
Resort Hotel,0,4,2015,December,53,27,1,0,2,0.0,0,BB,PRT,Offline TA/TO,TA/TO,0,0,0,A,A,0,No Deposit,330.0,0,Transient-Party,29.0,0,1
Resort Hotel,0,3,2015,December,53,28,0,0,2,0.0,0,BB,PRT,Online TA,TA/TO,0,0,0,A,A,0,No Deposit,240.0,0,Transient,0.0,0,1
Resort Hotel,0,24,2015,December,53,28,0,0,2,0.0,0,HB,PRT,Offline TA/TO,TA/TO,0,0,0,A,A,0,No Deposit,171.0,0,Transient-Party,0.0,0,1
Resort Hotel,0,29,2015,December,52,22,2,5,2,0.0,0,BB,BEL,Online TA,TA/TO,0,0,0,D,D,0,No Deposit,240.0,0,Transient-Party,51.2,0,1
Resort Hotel,0,3,2015,December,52,22,2,5,2,0.0,0,HB,IRL,Offline TA/TO,TA/TO,0,0,0,A,A,0,No Deposit,175.0,0,Transient,53.71,0,0
Resort Hotel,0,50,2015,December,52,26,2,1,2,0.0,0,HB,FRA,Offline TA/TO,TA/TO,0,0,0,D,D,0,No Deposit,6.0,0,Transient,49.4,0,0
Resort Hotel,0,131,2015,December,52,22,2,5,2,0.0,0,HB,IRL,Offline TA/TO,TA/TO,0,0,0,A,A,0,No Deposit,314.0,0,Transient-Party,64.14,0,1
Resort Hotel,0,29,2015,December,52,22,2,5,2,0.0,0,BB,ITA,Online TA,TA/TO,0,0,0,D,D,0,No Deposit,240.0,0,Transient-Party,58.63,1,1
Resort Hotel,0,131,2015,December,52,22,2,5,2,0.0,0,HB,IRL,Offline TA/TO,TA/TO,0,0,0,A,D,0,No Deposit,314.0,0,Transient-Party,75.57,0,1
Resort Hotel,0,131,2015,December,52,22,2,5,2,0.0,0,HB,IRL,Offline TA/TO,TA/TO,0,0,0,A,A,0,No Deposit,314.0,0,Transient-Party,64.14,0,1
Resort Hotel,0,8,2015,December,52,22,2,5,2,0.0,0,BB,LTU,Direct,Direct,0,0,0,D,D,4,No Deposit,250.0,0,Transient,79.43,0,0
Resort Hotel,0,19,2015,December,52,22,2,5,2,0.0,0,HB,IRL,Offline TA/TO,TA/TO,0,0,0,A,A,0,No Deposit,314.0,0,Transient-Party,64.14,0,0
Resort Hotel,0,58,2015,December,52,23,2,4,2,0.0,0,BB,USA,Direct,Direct,0,0,0,E,E,1,No Deposit,250.0,0,Transient,58.0,0,1
Resort Hotel,0,131,2015,December,52,22,2,5,2,0.0,0,HB,IRL,Offline TA/TO,TA/TO,0,0,0,A,B,0,No Deposit,314.0,0,Transient-Party,65.57,0,1
Resort Hotel,0,24,2015,December,53,27,2,0,2,0.0,0,BB,CHE,Online TA,TA/TO,0,0,0,D,D,1,No Deposit,240.0,0,Transient,52.0,0,1
Resort Hotel,0,24,2015,December,53,27,2,0,2,0.0,0,BB,CHE,Online TA,TA/TO,0,0,0,D,D,1,No Deposit,240.0,0,Transient,52.0,0,1
Resort Hotel,0,146,2015,December,52,22,2,5,2,0.0,0,BB,ESP,Online TA,TA/TO,0,0,0,A,A,1,No Deposit,240.0,0,Transient,38.11,0,2
Resort Hotel,0,36,2015,December,53,27,2,0,2,0.0,0,HB,ESP,Offline TA/TO,TA/TO,0,0,0,A,D,1,No Deposit,6.0,0,Transient,55.4,1,0
Resort Hotel,0,36,2015,December,53,27,2,0,2,0.0,0,HB,ESP,Offline TA/TO,TA/TO,0,0,0,A,D,0,No Deposit,6.0,0,Transient,49.4,0,0
Resort Hotel,0,25,2015,December,52,25,2,2,2,0.0,0,BB,NLD,Online TA,TA/TO,0,0,0,A,D,0,No Deposit,240.0,0,Transient,52.0,0,2
Resort Hotel,0,138,2015,December,52,26,2,1,2,0.0,0,BB,PRT,Online TA,TA/TO,0,0,0,A,A,0,No Deposit,240.0,0,Transient,39.93,0,1
Resort Hotel,0,0,2015,December,53,28,1,0,2,0.0,0,BB,PRT,Direct,Direct,0,0,0,A,D,0,No Deposit,,0,Transient,50.0,0,1
Resort Hotel,0,0,2015,December,53,27,2,0,2,0.0,0,BB,PRT,Direct,Direct,0,0,0,A,A,0,No Deposit,250.0,0,Group,50.0,0,0
Resort Hotel,0,14,2015,December,53,28,1,0,2,0.0,0,BB,ESP,Offline TA/TO,TA/TO,0,0,0,A,D,0,No Deposit,339.0,0,Transient,35.0,1,1
Resort Hotel,0,0,2015,December,53,28,1,0,2,0.0,0,BB,USA,Direct,Direct,0,0,0,A,F,0,No Deposit,,0,Transient,75.0,0,0
Resort Hotel,0,0,2015,December,53,28,1,0,2,0.0,0,BB,PRT,Direct,Direct,0,0,0,F,F,0,No Deposit,250.0,0,Transient,111.0,1,2
Resort Hotel,0,69,2015,December,53,27,2,0,2,0.0,0,BB,FRA,Direct,Direct,0,0,0,A,A,0,No Deposit,250.0,0,Transient,36.0,0,1
Resort Hotel,0,0,2015,December,53,28,1,0,2,0.0,0,BB,GBR,Direct,Direct,0,0,0,A,G,0,No Deposit,,0,Transient,95.0,0,0
Resort Hotel,0,0,2016,March,12,16,0,1,2,0.0,0,BB,CHN,Online TA,TA/TO,1,0,1,D,D,0,No Deposit,240.0,0,Transient,58.0,0,0
Resort Hotel,0,1,2015,December,53,27,2,0,2,0.0,0,BB,PRT,Online TA,TA/TO,0,0,0,E,E,0,No Deposit,240.0,0,Transient,60.0,0,2
Resort Hotel,0,105,2015,December,51,15,4,10,2,0.0,0,HB,GBR,Online TA,TA/TO,0,0,0,D,D,0,No Deposit,241.0,0,Transient,55.48,0,1
Resort Hotel,0,24,2015,December,52,26,2,1,2,0.0,0,HB,ESP,Online TA,TA/TO,0,0,0,A,A,0,No Deposit,348.0,0,Transient,54.33,0,1
Resort Hotel,0,29,2015,December,52,23,2,5,2,0.0,0,BB,USA,Offline TA/TO,TA/TO,0,0,0,D,D,0,No Deposit,96.0,0,Transient,71.0,0,1
Resort Hotel,0,1,2015,December,53,28,1,1,2,0.0,0,BB,ITA,Online TA,TA/TO,0,0,0,D,D,0,No Deposit,240.0,0,Transient,52.0,0,2
Resort Hotel,0,32,2015,December,53,29,0,1,2,0.0,0,BB,PRT,Offline TA/TO,TA/TO,0,0,0,A,D,0,No Deposit,5.0,0,Transient,53.2,1,0
Resort Hotel,0,118,2015,December,52,23,2,5,2,0.0,0,BB,PRT,Offline TA/TO,TA/TO,0,0,0,A,A,0,No Deposit,314.0,0,Contract,25.92,0,2
Resort Hotel,0,35,2015,December,52,24,2,4,2,0.0,0,HB,GBR,Online TA,TA/TO,0,0,0,D,D,0,No Deposit,241.0,0,Transient,65.16,0,2
Resort Hotel,0,1,2015,December,53,29,0,1,2,0.0,0,BB,POL,Online TA,TA/TO,0,0,0,D,D,0,No Deposit,240.0,0,Transient,65.0,0,1
Resort Hotel,0,7,2015,December,52,26,2,2,2,0.0,0,BB,DEU,Online TA,TA/TO,0,0,0,A,A,0,No Deposit,240.0,0,Transient,55.0,0,1
Resort Hotel,0,4,2015,December,53,27,2,1,2,0.0,0,BB,FRA,Direct,Direct,0,0,0,E,F,1,No Deposit,250.0,0,Transient,81.0,1,2
Resort Hotel,0,0,2015,December,53,28,1,1,2,0.0,0,BB,ITA,Online TA,TA/TO,0,0,0,D,D,1,No Deposit,240.0,0,Transient,52.0,0,1
Resort Hotel,0,36,2015,December,52,20,4,6,2,0.0,0,HB,DEU,Offline TA/TO,TA/TO,0,0,0,E,E,0,No Deposit,314.0,0,Transient,91.92,0,0
Resort Hotel,0,0,2015,December,53,29,0,1,2,0.0,0,HB,GBR,Online TA,TA/TO,0,0,0,A,D,0,No Deposit,240.0,0,Transient,85.0,0,1
Resort Hotel,0,1,2015,December,53,29,0,1,2,0.0,0,BB,PRT,Online TA,TA/TO,0,0,0,A,D,1,No Deposit,240.0,0,Transient,65.0,0,1
Resort Hotel,0,0,2015,December,53,28,1,1,2,0.0,0,BB,SWE,Online TA,TA/TO,0,0,0,E,E,0,No Deposit,240.0,0,Transient,81.0,1,2
Resort Hotel,0,5,2015,December,53,28,1,1,2,0.0,0,BB,PRT,Direct,Direct,0,0,0,D,D,0,No Deposit,,0,Transient,58.0,0,1
Resort Hotel,0,0,2015,December,53,29,0,1,2,0.0,0,BB,PRT,Direct,Direct,0,0,0,E,E,0,No Deposit,,0,Transient,65.0,0,0
Resort Hotel,0,0,2016,November,48,25,0,2,2,0.0,0,BB,PRT,Online TA,Direct,1,0,1,E,E,0,No Deposit,240.0,0,Transient,63.0,0,0
Resort Hotel,0,22,2015,December,52,26,2,3,2,0.0,0,BB,GBR,Offline TA/TO,TA/TO,0,0,0,A,A,0,No Deposit,314.0,0,Transient,46.0,0,0
Resort Hotel,0,178,2015,December,53,27,2,2,2,0.0,0,BB,IRL,Offline TA/TO,TA/TO,0,0,0,D,D,1,No Deposit,171.0,0,Transient,54.41,0,0
Resort Hotel,0,16,2015,December,52,23,2,6,2,0.0,0,BB,GBR,Offline TA/TO,TA/TO,0,0,0,D,D,0,No Deposit,171.0,0,Transient,72.5,0,0
Resort Hotel,0,33,2015,December,53,28,1,2,2,0.0,0,BB,GBR,Online TA,TA/TO,0,0,0,D,D,0,No Deposit,241.0,0,Transient,43.38,0,1
Resort Hotel,0,30,2015,December,53,30,0,1,2,0.0,0,BB,ESP,Direct,Direct,0,0,0,A,D,0,No Deposit,,0,Transient,50.0,0,0
Resort Hotel,0,93,2015,December,53,30,0,1,2,0.0,0,BB,IRL,Direct,Direct,0,0,0,E,F,0,No Deposit,,0,Transient,102.6,0,0
Resort Hotel,0,23,2015,December,53,30,0,1,2,0.0,0,BB,PRT,Direct,Direct,0,0,0,D,D,0,No Deposit,250.0,0,Transient,58.0,0,1
Resort Hotel,0,28,2015,December,53,28,1,2,2,0.0,0,BB,GBR,Online TA,TA/TO,0,0,0,A,A,0,No Deposit,240.0,0,Transient,61.0,1,1
Resort Hotel,0,17,2015,December,53,27,2,2,2,0.0,0,BB,ITA,Online TA,TA/TO,0,0,0,A,D,0,No Deposit,240.0,0,Transient,55.0,0,2
Resort Hotel,0,17,2015,December,53,27,2,2,2,0.0,0,BB,ITA,Online TA,TA/TO,0,0,0,A,D,0,No Deposit,240.0,0,Transient,55.0,0,2
Resort Hotel,0,17,2015,December,53,27,2,2,2,0.0,0,BB,ITA,Online TA,TA/TO,0,0,0,A,D,0,No Deposit,240.0,0,Transient,55.0,0,2
Resort Hotel,0,7,2015,December,53,29,0,2,2,0.0,0,BB,PRT,Direct,Direct,0,0,0,A,F,0,No Deposit,,0,Transient,31.0,1,1
Resort Hotel,0,3,2015,December,53,31,0,3,2,0.0,0,BB,PRT,Direct,Direct,0,0,0,F,F,0,No Deposit,242.0,0,Transient,110.2,1,1
Resort Hotel,0,0,2016,May,19,7,0,1,2,0.0,0,BB,PRT,Corporate,Corporate,1,0,2,D,D,0,No Deposit,,0,Transient,90.6,1,1
Resort Hotel,0,0,2015,December,53,29,0,2,2,0.0,0,HB,ESP,Online TA,TA/TO,0,0,0,F,F,1,No Deposit,241.0,0,Transient,105.11,0,1
Resort Hotel,0,6,2015,December,53,27,2,2,2,0.0,0,HB,PRT,Direct,Direct,0,0,0,A,A,0,No Deposit,,0,Transient,106.0,0,0
Resort Hotel,0,113,2015,December,53,29,0,3,2,0.0,0,BB,BEL,Online TA,TA/TO,0,0,0,A,A,0,No Deposit,240.0,0,Transient,59.73,1,1
Resort Hotel,0,11,2015,December,53,29,0,3,2,0.0,0,BB,PRT,Complementary,Direct,0,0,0,F,F,0,No Deposit,,0,Transient,2.0,1,0
Resort Hotel,0,0,2015,December,53,31,0,1,2,0.0,0,BB,BEL,Direct,Direct,0,0,0,F,F,0,No Deposit,,0,Transient,284.0,0,0
Resort Hotel,0,0,2015,December,53,31,0,1,2,0.0,0,BB,PRT,Direct,Direct,0,0,0,A,D,0,No Deposit,,0,Transient,124.0,1,0
Resort Hotel,0,82,2015,December,53,29,0,3,2,0.0,0,HB,PRT,Offline TA/TO,TA/TO,0,0,0,A,D,0,No Deposit,5.0,0,Transient,126.01,1,0
Resort Hotel,0,74,2015,December,53,29,0,3,2,0.0,0,HB,PRT,Direct,Direct,0,0,0,A,D,0,No Deposit,,0,Transient,145.67,1,0
Resort Hotel,0,88,2015,December,53,29,0,3,2,0.0,0,HB,PRT,Direct,Direct,0,0,0,A,D,0,No Deposit,,0,Transient,164.67,1,0
Resort Hotel,0,304,2015,December,53,31,0,2,2,0.0,0,HB,GBR,Offline TA/TO,TA/TO,0,0,0,D,D,0,No Deposit,171.0,0,Transient,89.55,0,0
Resort Hotel,0,47,2015,December,53,30,0,3,2,0.0,0,BB,PRT,Offline TA/TO,TA/TO,0,0,0,D,D,0,No Deposit,3.0,0,Transient,139.48,0,0
Resort Hotel,0,10,2017,May,20,20,2,3,2,0.0,0,BB,PRT,Offline TA/TO,TA/TO,1,0,1,A,A,0,No Deposit,3.0,0,Transient,61.6,0,1
Resort Hotel,0,36,2015,December,53,30,0,3,2,0.0,0,BB,PRT,Direct,Direct,0,0,0,D,D,0,No Deposit,,0,Transient,188.33,1,0
Resort Hotel,0,42,2015,December,53,30,0,3,2,0.0,0,BB,PRT,Direct,Direct,0,0,0,E,F,0,No Deposit,,0,Transient,198.33,1,0
Resort Hotel,0,37,2015,December,53,30,0,3,2,0.0,0,BB,PRT,Direct,Direct,0,0,0,D,D,0,No Deposit,,0,Transient,182.33,0,0
Resort Hotel,0,64,2015,December,53,30,0,3,2,0.0,0,BB,PRT,Offline TA/TO,TA/TO,0,0,0,D,D,0,No Deposit,5.0,0,Transient,135.28,1,0
Resort Hotel,0,70,2015,December,53,30,0,3,2,0.0,0,BB,PRT,Direct,Direct,0,0,0,E,E,3,No Deposit,,0,Transient,169.48,1,1
Resort Hotel,0,42,2015,December,53,30,0,3,2,0.0,0,BB,PRT,Direct,Direct,0,0,0,E,F,0,No Deposit,,0,Transient,192.33,0,0
Resort Hotel,0,37,2015,December,53,30,0,3,2,0.0,0,BB,PRT,Direct,Direct,0,0,0,D,D,0,No Deposit,,0,Transient,188.33,1,0
Resort Hotel,0,90,2015,December,53,30,0,3,2,0.0,0,HB,PRT,Direct,Direct,0,0,0,A,D,1,No Deposit,,0,Transient,158.67,0,0
Resort Hotel,0,152,2015,December,52,26,2,5,2,0.0,0,BB,GBR,Online TA,TA/TO,0,0,0,D,D,0,No Deposit,147.0,0,Transient,48.98,0,0
Resort Hotel,0,201,2017,April,16,21,2,5,2,0.0,0,BB,GBR,Online TA,TA/TO,1,0,1,F,F,0,No Deposit,241.0,0,Transient,71.3,0,1
Resort Hotel,0,42,2015,December,53,30,0,3,2,0.0,0,BB,PRT,Direct,Direct,0,0,0,E,F,0,No Deposit,,0,Transient,198.33,1,0
Resort Hotel,0,61,2015,December,53,30,0,3,2,0.0,0,BB,PRT,Direct,Direct,0,0,0,A,D,0,No Deposit,,0,Transient,150.0,0,0
Resort Hotel,0,14,2015,December,53,29,0,4,2,0.0,0,BB,PRT,Direct,Direct,0,0,0,A,A,0,No Deposit,,0,Transient,135.0,1,2
Resort Hotel,0,14,2015,December,53,29,0,4,2,0.0,0,BB,PRT,Direct,Direct,0,0,0,A,A,0,No Deposit,,0,Transient,129.0,0,1
Resort Hotel,0,14,2015,December,53,30,0,3,2,0.0,0,BB,PRT,Direct,Direct,0,0,0,A,E,0,No Deposit,,0,Transient,166.67,0,1
Resort Hotel,0,77,2015,December,53,29,0,4,2,0.0,0,BB,PRT,Direct,Direct,0,0,0,E,E,0,No Deposit,,0,Transient,142.0,1,0
Resort Hotel,0,13,2015,December,53,30,0,3,2,0.0,0,BB,PRT,Direct,Direct,0,0,0,E,E,0,No Deposit,,0,Transient,198.33,1,0
Resort Hotel,0,112,2015,December,53,30,0,3,2,0.0,0,Undefined,PRT,Groups,Direct,0,0,0,A,A,0,No Deposit,,0,Transient-Party,224.67,0,0
Resort Hotel,0,112,2015,December,53,30,0,3,2,0.0,0,Undefined,PRT,Groups,Direct,0,0,0,A,A,0,No Deposit,,0,Transient-Party,224.67,0,0
Resort Hotel,0,112,2015,December,53,30,0,3,2,0.0,0,Undefined,PRT,Groups,Direct,0,0,0,A,A,0,No Deposit,,0,Transient-Party,224.67,0,0
Resort Hotel,0,112,2015,December,53,30,0,3,2,0.0,0,Undefined,PRT,Groups,Direct,0,0,0,A,A,0,No Deposit,,0,Transient-Party,224.67,0,0
Resort Hotel,0,112,2015,December,53,30,0,3,2,0.0,0,Undefined,PRT,Groups,Direct,0,0,0,D,D,0,No Deposit,,0,Transient-Party,237.33,0,0
Resort Hotel,0,112,2015,December,53,30,0,3,2,0.0,0,Undefined,PRT,Groups,Direct,0,0,0,D,D,0,No Deposit,,0,Transient-Party,237.33,0,0
Resort Hotel,0,112,2015,December,53,30,0,3,2,0.0,0,Undefined,PRT,Groups,Direct,0,0,0,D,D,0,No Deposit,,0,Transient-Party,237.33,0,0
Resort Hotel,0,112,2015,December,53,30,0,3,2,0.0,0,Undefined,PRT,Groups,Direct,0,0,0,D,D,0,No Deposit,,0,Transient-Party,237.33,0,0
Resort Hotel,0,6,2017,February,7,12,2,0,2,0.0,0,BB,PRT,Online TA,Direct,1,0,1,E,E,1,No Deposit,240.0,0,Transient,74.0,0,1
Resort Hotel,0,112,2015,December,53,30,0,3,2,0.0,0,Undefined,PRT,Groups,Direct,0,0,0,D,D,0,No Deposit,,0,Transient-Party,237.33,0,0
Resort Hotel,0,112,2015,December,53,30,0,3,2,0.0,0,Undefined,PRT,Groups,Direct,0,0,0,A,A,0,No Deposit,,0,Transient-Party,224.67,0,0
Resort Hotel,0,112,2015,December,53,30,0,3,2,0.0,0,Undefined,PRT,Groups,Direct,0,0,0,A,A,0,No Deposit,,0,Transient-Party,224.67,0,0
Resort Hotel,0,112,2015,December,53,30,0,3,2,0.0,0,Undefined,PRT,Groups,Direct,0,0,0,A,A,0,No Deposit,,0,Transient-Party,224.67,0,0
Resort Hotel,0,112,2015,December,53,30,0,3,2,0.0,0,Undefined,PRT,Groups,Direct,0,0,0,A,A,0,No Deposit,,0,Transient-Party,224.67,0,0
Resort Hotel,0,112,2015,December,53,30,0,3,2,0.0,0,Undefined,PRT,Groups,Direct,0,0,0,E,E,0,No Deposit,,0,Transient-Party,245.33,0,0
Resort Hotel,0,112,2015,December,53,30,0,3,2,0.0,0,Undefined,PRT,Groups,Direct,0,0,0,E,E,0,No Deposit,,0,Transient-Party,245.33,0,0
Resort Hotel,0,112,2015,December,53,30,0,3,2,0.0,0,Undefined,PRT,Groups,Direct,0,0,0,E,E,0,No Deposit,,0,Transient-Party,245.33,0,0
Resort Hotel,0,112,2015,December,53,30,0,3,2,0.0,0,Undefined,PRT,Groups,Direct,0,0,0,E,E,0,No Deposit,,0,Transient-Party,245.33,0,0
Resort Hotel,0,112,2015,December,53,30,0,3,2,0.0,0,Undefined,PRT,Groups,Direct,0,0,0,A,A,0,No Deposit,,0,Transient-Party,224.67,0,0
Resort Hotel,0,112,2015,December,53,30,0,3,2,0.0,0,Undefined,PRT,Groups,Direct,0,0,0,A,A,1,No Deposit,,0,Transient-Party,224.67,0,0
Resort Hotel,0,112,2015,December,53,30,0,3,2,0.0,0,Undefined,PRT,Groups,Direct,0,0,0,D,D,0,No Deposit,,0,Transient-Party,237.33,0,0
Resort Hotel,0,112,2015,December,53,30,0,3,2,0.0,0,Undefined,PRT,Groups,Direct,0,0,0,A,A,0,No Deposit,,0,Transient-Party,224.67,0,0
Resort Hotel,0,112,2015,December,53,30,0,3,2,0.0,0,Undefined,PRT,Groups,Direct,0,0,0,A,A,0,No Deposit,,0,Transient-Party,224.67,0,0
Resort Hotel,0,112,2015,December,53,30,0,3,2,0.0,0,Undefined,PRT,Groups,Direct,0,0,0,A,A,0,No Deposit,,0,Transient-Party,224.67,0,0
Resort Hotel,0,112,2015,December,53,30,0,3,2,0.0,0,Undefined,PRT,Groups,Direct,0,0,0,A,A,0,No Deposit,,0,Transient-Party,224.67,0,0
Resort Hotel,0,112,2015,December,53,30,0,3,2,0.0,0,Undefined,PRT,Groups,Direct,0,0,0,A,A,0,No Deposit,,0,Transient-Party,224.67,0,0
Resort Hotel,0,105,2016,December,52,23,3,7,2,0.0,0,HB,PRT,Direct,TA/TO,1,0,0,E,E,0,No Deposit,,0,Transient,128.7,1,1
Resort Hotel,0,2,2016,January,1,2,0,1,2,0.0,0,BB,PRT,Online TA,TA/TO,0,0,0,A,D,0,No Deposit,240.0,0,Transient,48.0,0,1
Resort Hotel,0,44,2015,December,53,31,0,3,2,0.0,0,BB,PRT,Offline TA/TO,TA/TO,0,0,0,E,F,0,No Deposit,181.0,0,Transient,163.48,1,0
Resort Hotel,0,12,2016,October,40,1,2,3,2,0.0,0,BB,PRT,Offline TA/TO,TA/TO,1,0,1,E,E,1,No Deposit,181.0,1,Transient,108.4,1,0
Resort Hotel,0,116,2017,June,22,3,2,5,2,0.0,0,BB,PRT,Offline TA/TO,TA/TO,1,0,2,E,E,0,No Deposit,181.0,0,Transient,123.0,1,2
Resort Hotel,0,8,2016,January,1,2,0,1,2,0.0,0,BB,PRT,Online TA,TA/TO,0,0,0,D,D,0,No Deposit,240.0,0,Transient,62.0,1,2
Resort Hotel,0,13,2017,January,2,14,0,1,2,0.0,0,BB,PRT,Online TA,TA/TO,1,0,1,A,D,0,No Deposit,240.0,0,Transient,55.0,1,4
Resort Hotel,0,17,2017,February,9,26,1,0,2,0.0,0,BB,PRT,Online TA,TA/TO,1,0,2,A,A,0,No Deposit,240.0,0,Transient,48.0,1,4
Resort Hotel,0,3,2016,January,1,2,0,1,2,0.0,0,BB,ESP,Online TA,TA/TO,0,0,0,D,D,0,No Deposit,240.0,0,Transient,56.0,0,1
Resort Hotel,0,3,2016,January,1,2,0,1,2,0.0,0,BB,ESP,Online TA,TA/TO,0,0,0,D,D,0,No Deposit,240.0,0,Transient,56.0,0,1
Resort Hotel,0,20,2016,January,1,1,0,2,2,0.0,0,BB,ITA,Direct,Direct,0,0,0,A,A,0,No Deposit,250.0,0,Transient,57.0,0,1
Resort Hotel,0,41,2015,December,53,31,0,3,2,0.0,0,BB,PRT,Offline TA/TO,TA/TO,0,0,0,D,D,0,No Deposit,5.0,0,Transient,145.87,0,1
Resort Hotel,0,53,2015,December,53,27,2,5,2,0.0,0,BB,CHE,Offline TA/TO,TA/TO,0,0,0,D,D,0,No Deposit,6.0,0,Transient,65.43,0,0
Resort Hotel,0,41,2015,December,53,31,0,3,2,0.0,0,BB,PRT,Offline TA/TO,TA/TO,0,0,0,D,D,0,No Deposit,5.0,0,Transient,145.87,0,1
Resort Hotel,0,49,2015,December,53,31,0,3,2,0.0,0,BB,PRT,Offline TA/TO,TA/TO,0,0,0,D,D,0,No Deposit,5.0,0,Transient,151.87,1,1
Resort Hotel,0,41,2015,December,53,31,0,3,2,0.0,0,BB,PRT,Offline TA/TO,TA/TO,0,0,0,D,D,0,No Deposit,5.0,0,Transient,145.87,0,1
Resort Hotel,0,59,2015,December,52,26,2,6,2,0.0,0,BB,DEU,Online TA,TA/TO,0,0,0,D,F,1,No Deposit,240.0,0,Transient,71.18,1,1
Resort Hotel,0,7,2016,January,1,2,0,1,2,0.0,0,BB,PRT,Online TA,TA/TO,0,0,0,D,D,0,No Deposit,240.0,0,Transient,56.0,0,1
Resort Hotel,0,11,2016,December,53,27,0,1,2,0.0,0,HB,PRT,Online TA,Direct,1,0,0,D,D,0,No Deposit,240.0,0,Group,109.0,1,3
Resort Hotel,0,16,2016,January,1,2,0,1,2,0.0,0,BB,PRT,Online TA,TA/TO,0,0,0,D,D,0,No Deposit,240.0,0,Transient,62.0,1,2
Resort Hotel,0,2,2015,December,53,31,0,3,2,0.0,0,BB,PRT,Online TA,TA/TO,0,0,0,E,E,0,No Deposit,240.0,0,Transient,110.67,0,0
Resort Hotel,0,5,2016,January,1,2,0,1,2,0.0,0,BB,ESP,Online TA,TA/TO,0,0,0,D,D,0,No Deposit,240.0,0,Transient,56.0,0,1
Resort Hotel,0,5,2016,January,1,2,0,1,2,0.0,0,BB,ESP,Online TA,TA/TO,0,0,0,D,D,0,No Deposit,240.0,0,Transient,56.0,0,1
Resort Hotel,0,48,2015,December,53,31,0,3,2,0.0,0,Undefined,PRT,Direct,Direct,0,0,0,D,D,1,No Deposit,250.0,0,Transient,153.67,0,1
Resort Hotel,0,120,2015,December,53,31,0,3,2,0.0,0,Undefined,PRT,Direct,Direct,0,0,0,D,D,5,No Deposit,250.0,0,Transient,127.27,1,1
Resort Hotel,0,0,2016,January,1,2,0,1,2,0.0,0,BB,PRT,Direct,Direct,0,0,0,F,F,0,No Deposit,,0,Transient,68.0,0,0
Resort Hotel,0,1,2016,January,1,2,0,1,2,0.0,0,BB,CUB,Online TA,TA/TO,0,0,0,A,D,1,No Deposit,240.0,0,Transient,48.0,0,2
Resort Hotel,0,1,2016,January,1,2,0,1,2,0.0,0,BB,PRT,Online TA,TA/TO,0,0,0,A,D,1,No Deposit,240.0,0,Transient,48.0,0,2
Resort Hotel,0,42,2015,December,53,30,0,4,2,0.0,0,BB,PRT,Direct,Direct,0,0,0,D,D,0,No Deposit,,0,Transient,150.0,0,0
Resort Hotel,0,3,2016,January,1,2,0,1,2,0.0,0,BB,PRT,Offline TA/TO,TA/TO,0,0,0,A,A,0,No Deposit,330.0,0,Transient,46.0,0,0
Resort Hotel,0,3,2016,January,1,2,0,1,2,0.0,0,BB,PRT,Offline TA/TO,TA/TO,0,0,0,A,A,0,No Deposit,330.0,0,Transient,46.0,0,1
Resort Hotel,0,26,2016,January,1,2,0,1,2,0.0,0,BB,PRT,Direct,Direct,0,0,0,E,E,2,No Deposit,250.0,0,Transient,65.0,0,1
Resort Hotel,0,11,2016,December,53,27,0,1,2,0.0,0,HB,PRT,Online TA,Direct,1,0,1,D,D,0,No Deposit,240.0,0,Group,103.0,0,2
Resort Hotel,0,53,2015,December,53,27,2,5,2,0.0,0,BB,CHE,Offline TA/TO,TA/TO,0,0,0,D,D,0,No Deposit,6.0,0,Transient,65.43,0,0
Resort Hotel,0,2,2016,January,1,2,0,1,2,0.0,0,BB,PRT,Online TA,TA/TO,0,0,0,E,F,0,No Deposit,240.0,0,Transient,66.0,0,1
Resort Hotel,0,2,2015,December,53,31,0,3,2,0.0,0,BB,USA,Online TA,TA/TO,0,0,0,A,A,0,No Deposit,241.0,0,Transient,72.93,0,0
Resort Hotel,0,90,2015,December,53,27,2,5,2,0.0,0,BB,IRL,Offline TA/TO,TA/TO,0,0,0,A,A,0,No Deposit,6.0,0,Transient,41.53,0,0
Resort Hotel,0,100,2015,December,52,23,3,9,2,0.0,0,BB,IRL,Online TA,TA/TO,0,0,0,G,G,0,No Deposit,240.0,0,Transient,108.26,1,1
Resort Hotel,0,9,2016,January,2,4,0,0,2,0.0,0,BB,PRT,Offline TA/TO,TA/TO,0,0,0,A,A,0,No Deposit,314.0,0,Transient,0.0,0,0
Resort Hotel,0,8,2015,December,53,29,1,5,2,0.0,0,BB,PRT,Direct,Direct,0,0,0,A,F,2,No Deposit,,0,Transient,104.33,0,0
Resort Hotel,0,70,2016,December,53,28,0,4,2,0.0,0,BB,PRT,Complementary,Direct,1,0,1,E,E,1,No Deposit,,0,Transient,0.0,0,2
Resort Hotel,0,0,2016,January,1,2,1,1,2,0.0,0,HB,FRA,Direct,Direct,0,0,0,A,F,1,No Deposit,,0,Transient,68.0,0,0
Resort Hotel,0,83,2016,January,2,3,1,0,2,0.0,0,BB,ESP,Direct,Direct,0,0,0,F,F,0,No Deposit,250.0,0,Transient,56.1,0,0
Resort Hotel,0,0,2016,January,2,4,0,0,2,0.0,0,BB,PRT,Online TA,TA/TO,1,0,0,D,A,0,No Deposit,240.0,0,Transient,0.0,0,1
Resort Hotel,0,2,2015,December,53,31,1,3,2,0.0,0,BB,PRT,Online TA,TA/TO,0,0,0,E,E,0,No Deposit,240.0,0,Transient,101.0,0,2
Resort Hotel,0,1,2016,January,2,3,1,0,2,0.0,0,BB,PRT,Online TA,TA/TO,0,0,0,A,D,1,No Deposit,240.0,0,Transient,54.0,1,2
Resort Hotel,0,1,2016,January,2,3,1,0,2,0.0,0,BB,PRT,Online TA,TA/TO,0,0,0,A,D,0,No Deposit,240.0,0,Transient,48.0,0,1
Resort Hotel,0,1,2016,January,1,2,1,1,2,0.0,0,BB,ESP,Online TA,TA/TO,0,0,0,A,D,0,No Deposit,240.0,0,Group,48.0,0,0
Resort Hotel,0,0,2016,January,2,3,1,0,2,0.0,0,BB,ESP,Direct,Direct,0,0,0,A,A,0,No Deposit,250.0,0,Group,43.0,0,0
Resort Hotel,0,1,2016,January,1,2,1,1,2,0.0,0,BB,NLD,Online TA,TA/TO,0,0,0,A,A,0,No Deposit,242.0,0,Group,48.0,0,1
Resort Hotel,0,100,2015,December,52,23,3,9,2,0.0,0,BB,NLD,Online TA,TA/TO,0,0,0,G,G,0,No Deposit,241.0,0,Transient,84.37,1,1
Resort Hotel,0,8,2016,January,2,3,1,0,2,0.0,0,BB,FRA,Online TA,TA/TO,0,0,0,A,D,0,No Deposit,240.0,0,Transient,48.0,0,1
Resort Hotel,0,0,2016,January,2,3,1,0,2,0.0,0,BB,PRT,Online TA,TA/TO,0,0,0,A,D,0,No Deposit,240.0,0,Transient,48.0,0,1
Resort Hotel,0,17,2016,January,1,2,2,1,2,0.0,0,BB,USA,Online TA,TA/TO,0,0,0,E,E,1,No Deposit,240.0,0,Transient,57.2,0,1
Resort Hotel,1,23,2016,January,2,4,0,0,2,0.0,0,BB,PRT,Offline TA/TO,TA/TO,0,0,0,D,D,0,No Deposit,314.0,0,Transient,0.0,0,0
Resort Hotel,0,148,2016,January,1,2,2,1,2,0.0,0,HB,PRT,Online TA,TA/TO,0,0,0,E,E,0,No Deposit,240.0,0,Transient,100.33,0,3
Resort Hotel,0,0,2016,January,2,5,0,0,2,0.0,0,BB,PRT,Offline TA/TO,TA/TO,1,0,0,D,A,0,No Deposit,314.0,0,Transient,0.0,0,0
Resort Hotel,0,148,2016,January,1,2,2,1,2,0.0,0,HB,PRT,Online TA,TA/TO,0,0,0,E,E,0,No Deposit,240.0,0,Transient,100.33,1,3
Resort Hotel,0,21,2016,January,2,5,0,0,2,0.0,0,BB,PRT,Direct,Direct,0,0,0,F,F,0,No Deposit,250.0,0,Transient,0.0,0,1
Resort Hotel,0,148,2016,January,1,2,2,1,2,0.0,0,HB,ITA,Online TA,TA/TO,0,0,0,E,E,0,No Deposit,240.0,0,Transient,100.33,0,3
Resort Hotel,0,148,2016,January,1,2,2,1,2,0.0,0,HB,ESP,Online TA,TA/TO,0,0,0,E,E,0,No Deposit,240.0,0,Transient,106.33,1,3
Resort Hotel,0,138,2016,January,1,2,2,1,2,0.0,0,HB,ITA,Online TA,TA/TO,0,0,0,E,E,0,No Deposit,240.0,0,Transient,100.33,0,2
Resort Hotel,0,2,2016,January,1,1,2,2,2,0.0,0,BB,PRT,Online TA,TA/TO,0,0,0,D,D,0,No Deposit,240.0,0,Transient,64.25,0,2
Resort Hotel,0,5,2016,January,2,4,1,0,2,0.0,0,BB,NLD,Online TA,TA/TO,0,0,0,A,D,0,No Deposit,240.0,0,Transient,48.0,0,0
Resort Hotel,0,23,2016,January,1,2,2,1,2,0.0,0,BB,SWE,Online TA,TA/TO,0,0,0,A,A,0,No Deposit,240.0,0,Transient,50.33,1,0
Resort Hotel,0,0,2016,January,2,4,1,0,2,0.0,0,BB,PRT,Direct,Direct,0,0,0,D,D,0,No Deposit,,0,Transient,51.0,0,0
Resort Hotel,0,23,2016,January,1,2,2,1,2,0.0,0,BB,ESP,Online TA,TA/TO,0,0,0,A,A,0,No Deposit,240.0,0,Transient,50.33,0,1
Resort Hotel,0,7,2016,January,1,2,2,1,2,0.0,0,HB,ESP,Online TA,TA/TO,0,0,0,D,D,1,No Deposit,240.0,0,Transient,94.0,1,1
Resort Hotel,0,0,2016,January,2,4,1,0,2,0.0,0,BB,DEU,Online TA,TA/TO,0,0,0,A,A,0,No Deposit,240.0,0,Transient,54.0,1,0
Resort Hotel,0,28,2016,January,1,2,2,1,2,0.0,0,BB,ESP,Online TA,TA/TO,0,0,0,A,A,0,No Deposit,240.0,0,Transient,56.33,1,1
Resort Hotel,0,14,2016,January,2,3,2,0,2,0.0,0,BB,PRT,Direct,Direct,0,0,0,A,D,0,No Deposit,250.0,0,Transient,43.0,0,1
Resort Hotel,0,0,2016,January,2,3,2,0,2,0.0,0,BB,COL,Online TA,TA/TO,0,0,0,D,D,0,No Deposit,240.0,0,Group,50.8,1,0
Resort Hotel,0,0,2016,January,1,2,2,1,2,0.0,0,BB,ESP,Online TA,TA/TO,0,0,0,E,F,0,No Deposit,242.0,0,Transient,66.2,1,0
Resort Hotel,0,4,2016,January,1,2,2,1,2,0.0,0,BB,PRT,Direct,Direct,0,0,0,A,A,0,No Deposit,250.0,0,Transient,45.33,0,2
Resort Hotel,0,0,2016,January,2,4,1,0,2,0.0,0,BB,PRT,Direct,Direct,0,0,0,A,D,0,No Deposit,250.0,0,Transient,43.0,0,2
Resort Hotel,0,3,2016,January,2,3,2,1,2,0.0,0,BB,ESP,Online TA,TA/TO,0,0,0,A,D,1,No Deposit,240.0,0,Transient,48.0,0,1
Resort Hotel,0,3,2016,January,2,3,2,1,2,0.0,0,BB,ZAF,Online TA,TA/TO,0,0,0,A,D,1,No Deposit,240.0,0,Transient,48.0,0,1
Resort Hotel,0,38,2016,January,2,3,2,1,2,0.0,0,BB,ESP,Offline TA/TO,TA/TO,0,0,0,A,D,0,No Deposit,6.0,0,Transient,26.0,0,0
Resort Hotel,0,38,2015,December,53,31,2,4,2,0.0,0,BB,FRA,Online TA,TA/TO,0,0,0,D,F,0,No Deposit,240.0,0,Transient,86.83,0,1
Resort Hotel,0,1,2016,January,2,4,1,1,2,0.0,0,BB,MAR,Online TA,TA/TO,0,0,0,A,A,0,No Deposit,306.0,0,Group,32.3,0,1
Resort Hotel,0,38,2016,January,2,5,0,1,2,0.0,0,BB,ITA,Online TA,TA/TO,0,0,0,A,D,0,No Deposit,240.0,0,Transient,48.0,0,0
Resort Hotel,0,0,2016,January,2,6,0,4,2,0.0,0,BB,ITA,Online TA,TA/TO,1,0,0,D,D,0,No Deposit,,0,Transient,44.8,0,0
Resort Hotel,0,16,2016,January,2,3,2,1,2,0.0,0,BB,ESP,Online TA,TA/TO,0,0,0,E,E,1,No Deposit,240.0,0,Transient,52.8,0,2
Resort Hotel,0,24,2016,January,2,3,2,1,2,0.0,0,BB,DEU,Offline TA/TO,TA/TO,0,0,0,A,A,0,No Deposit,175.0,0,Transient,30.0,0,0
Resort Hotel,0,46,2016,January,1,2,2,2,2,0.0,0,BB,UKR,Online TA,TA/TO,0,0,0,E,E,0,No Deposit,240.0,0,Transient,77.45,1,1
Resort Hotel,0,157,2016,January,2,4,1,1,2,0.0,0,BB,BRA,Online TA,TA/TO,0,0,0,A,D,0,No Deposit,240.0,0,Transient,32.4,0,2
Resort Hotel,0,5,2016,January,1,2,2,2,2,0.0,0,BB,BRA,Direct,Direct,0,0,0,E,E,0,No Deposit,,0,Transient,73.25,0,0
Resort Hotel,0,1,2016,January,2,6,0,1,2,0.0,0,BB,GBR,Online TA,TA/TO,0,0,0,E,E,0,No Deposit,241.0,0,Transient,40.65,0,0
Resort Hotel,0,0,2016,January,2,6,0,1,2,0.0,0,BB,FRA,Direct,Direct,0,0,0,A,E,0,No Deposit,,0,Transient,61.0,0,0
Resort Hotel,0,0,2016,January,2,6,0,1,2,0.0,0,BB,PRT,Direct,Direct,0,0,0,A,D,0,No Deposit,,0,Transient,43.0,0,0
Resort Hotel,0,3,2016,January,2,5,0,2,2,0.0,0,BB,ESP,Online TA,TA/TO,0,0,0,A,D,0,No Deposit,240.0,0,Transient,48.0,0,0
Resort Hotel,0,38,2016,January,2,3,2,2,2,0.0,0,BB,DEU,Offline TA/TO,TA/TO,0,0,0,A,D,0,No Deposit,6.0,0,Transient,28.0,0,0
Resort Hotel,0,25,2016,January,2,6,0,1,2,0.0,0,BB,ESP,Online TA,TA/TO,0,0,0,A,A,0,No Deposit,240.0,0,Transient,48.0,0,0
Resort Hotel,0,0,2016,January,2,6,0,1,2,0.0,0,BB,PRT,Direct,Direct,0,0,0,A,A,1,No Deposit,,0,Transient,43.0,1,0
Resort Hotel,0,12,2016,January,2,7,2,5,2,0.0,0,BB,IRL,Online TA,TA/TO,0,0,0,A,A,1,No Deposit,240.0,0,Transient,48.0,0,2
Resort Hotel,0,5,2016,January,2,4,1,3,2,0.0,0,HB,PRT,Groups,Corporate,0,0,0,A,A,0,No Deposit,,0,Transient-Party,68.0,0,0
Resort Hotel,0,55,2016,January,2,4,1,3,2,0.0,0,BB,ESP,Offline TA/TO,TA/TO,0,0,0,A,D,0,No Deposit,6.0,0,Transient,26.0,0,0
Resort Hotel,0,37,2016,January,2,3,2,3,2,0.0,0,BB,ESP,Offline TA/TO,TA/TO,0,0,0,A,D,0,No Deposit,6.0,0,Transient,26.0,0,0
Resort Hotel,0,5,2016,January,2,4,1,3,2,0.0,0,HB,PRT,Groups,Corporate,0,0,0,A,A,0,No Deposit,,0,Transient-Party,68.0,0,0
Resort Hotel,0,5,2016,January,2,4,1,3,2,0.0,0,HB,PRT,Groups,Corporate,0,0,0,A,A,2,No Deposit,,0,Transient-Party,68.0,0,0
Resort Hotel,0,5,2016,January,2,4,1,3,2,0.0,0,HB,PRT,Groups,Corporate,0,0,0,A,A,0,No Deposit,,0,Transient-Party,68.0,0,0
Resort Hotel,0,5,2016,January,2,4,1,3,2,0.0,0,HB,PRT,Groups,Corporate,0,0,0,A,A,1,No Deposit,,0,Transient-Party,68.0,0,0
Resort Hotel,0,5,2016,January,2,4,1,3,2,0.0,0,HB,PRT,Groups,Corporate,0,0,0,A,A,0,No Deposit,,0,Transient-Party,68.0,0,0
Resort Hotel,0,5,2016,January,2,4,1,3,2,0.0,0,HB,PRT,Groups,Corporate,0,0,0,A,A,0,No Deposit,,0,Transient-Party,68.0,1,0
Resort Hotel,0,0,2016,January,2,8,0,1,2,0.0,0,HB,PRT,Groups,Corporate,1,0,0,A,A,0,No Deposit,,0,Transient-Party,43.0,1,0
Resort Hotel,0,39,2016,January,1,2,2,4,2,0.0,0,BB,CMR,Online TA,TA/TO,0,0,0,A,A,0,No Deposit,240.0,0,Transient,50.83,0,2
Resort Hotel,0,0,2016,January,2,7,0,1,2,0.0,0,BB,ITA,Online TA,TA/TO,0,0,0,A,D,0,No Deposit,240.0,0,Transient,48.0,0,2
Resort Hotel,0,5,2016,January,2,4,1,3,2,0.0,0,HB,PRT,Groups,Corporate,0,0,0,A,A,0,No Deposit,,0,Transient-Party,68.0,0,0
Resort Hotel,0,1,2016,January,2,7,0,1,2,0.0,0,BB,PRT,Offline TA/TO,TA/TO,0,0,0,A,D,0,No Deposit,339.0,0,Transient,29.0,1,0
Resort Hotel,0,0,2016,January,2,7,0,1,2,0.0,0,BB,PRT,Direct,Direct,0,0,0,E,E,0,No Deposit,,0,Transient,61.0,0,0
Resort Hotel,0,0,2016,February,7,13,0,1,2,0.0,0,BB,PRT,Direct,Direct,1,0,1,A,A,1,No Deposit,,0,Transient,65.0,0,0
Resort Hotel,0,5,2016,January,2,4,1,3,2,0.0,0,HB,PRT,Groups,Corporate,0,0,0,A,A,0,No Deposit,,0,Transient-Party,68.0,0,0
Resort Hotel,0,0,2016,January,2,7,0,1,2,0.0,0,BB,ESP,Online TA,TA/TO,0,0,0,A,D,0,No Deposit,240.0,0,Transient,48.0,1,2
Resort Hotel,0,0,2016,January,2,7,0,1,2,0.0,0,BB,ESP,Online TA,TA/TO,0,0,0,A,D,0,No Deposit,240.0,0,Transient,48.0,0,1
Resort Hotel,0,5,2016,January,2,4,1,3,2,0.0,0,HB,PRT,Groups,Corporate,0,0,0,A,A,0,No Deposit,,0,Transient-Party,118.0,0,0
Resort Hotel,0,27,2016,January,2,3,2,3,2,0.0,0,BB,GBR,Offline TA/TO,TA/TO,0,0,0,A,A,0,No Deposit,314.0,0,Transient,26.1,0,0
Resort Hotel,0,7,2016,January,2,4,1,4,2,0.0,0,BB,GBR,Online TA,TA/TO,0,0,0,E,E,0,No Deposit,240.0,0,Transient,66.0,0,1
Resort Hotel,0,2,2016,January,2,4,1,4,2,0.0,0,BB,ITA,Online TA,TA/TO,0,0,0,E,F,1,No Deposit,240.0,0,Transient,56.4,1,1
Resort Hotel,0,38,2016,January,1,1,2,6,2,0.0,0,BB,GBR,Online TA,TA/TO,0,0,0,D,D,1,No Deposit,240.0,0,Transient,56.0,0,0
Resort Hotel,0,10,2016,January,2,4,1,4,2,0.0,0,HB,DEU,Online TA,TA/TO,0,0,0,G,G,1,No Deposit,240.0,0,Transient,117.0,1,0
Resort Hotel,0,0,2016,January,2,8,0,1,2,0.0,0,BB,USA,Offline TA/TO,TA/TO,0,0,0,A,A,0,No Deposit,36.0,0,Transient,31.2,0,0
Resort Hotel,0,37,2016,January,2,7,0,2,2,0.0,0,BB,ESP,Offline TA/TO,TA/TO,0,0,0,A,D,0,No Deposit,6.0,0,Transient,26.0,0,0
Resort Hotel,0,9,2016,January,2,7,0,2,2,0.0,0,BB,PRT,Online TA,TA/TO,0,0,0,A,D,0,No Deposit,240.0,0,Transient,48.0,0,1
Resort Hotel,0,10,2016,January,2,7,0,2,2,0.0,0,BB,PRT,Online TA,TA/TO,0,0,0,D,D,1,No Deposit,240.0,0,Transient,44.8,0,2
Resort Hotel,0,0,2016,January,2,8,0,1,2,0.0,0,BB,ESP,Direct,Direct,0,0,0,A,A,0,No Deposit,,0,Transient,43.0,0,0
Resort Hotel,0,61,2016,January,2,5,0,4,2,0.0,0,BB,IRL,Offline TA/TO,TA/TO,0,0,0,E,E,0,No Deposit,177.0,0,Transient,45.0,0,1
Resort Hotel,0,0,2016,January,2,9,0,1,2,0.0,0,BB,PRT,Direct,Direct,1,0,0,E,E,1,No Deposit,,0,Transient,35.0,0,0
Resort Hotel,0,11,2016,January,2,6,0,4,2,0.0,0,HB,FRA,Direct,Direct,0,0,0,F,F,0,No Deposit,250.0,0,Transient,102.0,1,0
Resort Hotel,0,38,2017,January,1,3,2,8,2,0.0,0,HB,FRA,Direct,Direct,1,0,1,F,F,1,No Deposit,250.0,0,Transient,89.06,1,0
Resort Hotel,0,10,2016,January,2,5,0,5,2,0.0,0,BB,POL,Online TA,TA/TO,0,0,0,D,D,0,No Deposit,240.0,0,Transient,44.8,0,1
Resort Hotel,0,8,2016,January,2,8,0,2,2,0.0,0,BB,CN,Online TA,TA/TO,0,0,0,A,D,0,No Deposit,240.0,0,Transient,54.0,1,1
Resort Hotel,0,8,2016,January,2,8,0,2,2,0.0,0,BB,MAR,Online TA,TA/TO,0,0,0,A,D,0,No Deposit,240.0,0,Transient,48.0,0,1
Resort Hotel,0,20,2016,January,2,8,0,2,2,0.0,0,BB,ESP,Offline TA/TO,TA/TO,0,0,0,A,A,0,No Deposit,258.0,0,Transient,35.25,0,0
Resort Hotel,0,0,2016,January,2,9,0,1,2,0.0,0,BB,GBR,Online TA,TA/TO,0,0,0,G,G,0,No Deposit,241.0,0,Transient,58.52,1,2
Resort Hotel,0,129,2016,January,2,5,0,5,2,0.0,0,BB,MYS,Offline TA/TO,TA/TO,0,0,0,E,E,0,No Deposit,314.0,0,Transient,40.32,0,1
Resort Hotel,0,1,2016,January,2,9,0,1,2,0.0,0,BB,PRT,Online TA,TA/TO,0,0,0,E,E,0,No Deposit,240.0,0,Transient,66.0,0,2
Resort Hotel,0,1,2016,January,2,9,0,1,2,0.0,0,BB,PRT,Online TA,TA/TO,0,0,0,E,E,0,No Deposit,240.0,0,Transient,66.0,0,2
Resort Hotel,0,5,2016,January,2,9,0,1,2,0.0,0,BB,PRT,Direct,Direct,0,0,0,A,D,0,No Deposit,,0,Transient,54.0,1,3
Resort Hotel,0,12,2016,January,2,7,0,3,2,0.0,0,HB,ESP,Online TA,TA/TO,0,0,0,D,D,0,No Deposit,240.0,0,Transient,86.0,0,0
Resort Hotel,0,19,2016,January,2,3,2,5,2,0.0,0,HB,ESP,Online TA,TA/TO,0,0,0,D,D,0,No Deposit,242.0,0,Transient,82.5,1,1
Resort Hotel,0,4,2016,January,2,8,0,2,2,0.0,0,BB,ESP,Direct,Direct,0,0,0,A,D,0,No Deposit,250.0,0,Transient,43.0,0,0
Resort Hotel,0,1,2016,January,2,9,0,1,2,0.0,0,BB,ESP,Online TA,TA/TO,0,0,0,A,D,0,No Deposit,240.0,0,Transient,48.0,0,0
Resort Hotel,0,64,2016,January,2,9,0,1,2,0.0,0,BB,BRA,Online TA,TA/TO,0,0,0,D,D,0,No Deposit,240.0,0,Transient,46.4,0,1
Resort Hotel,0,5,2016,January,2,9,0,1,2,0.0,0,BB,ESP,Online TA,TA/TO,0,0,0,A,D,0,No Deposit,240.0,0,Transient,48.0,0,2
Resort Hotel,0,31,2016,January,3,10,0,0,2,0.0,0,BB,GBR,Online TA,TA/TO,0,0,0,A,A,0,No Deposit,240.0,0,Transient,0.0,0,1
Resort Hotel,0,0,2016,January,2,9,1,1,2,0.0,0,BB,CHE,Direct,Direct,0,0,0,E,E,1,No Deposit,,0,Transient,61.0,0,0
Resort Hotel,0,0,2016,January,2,9,1,1,2,0.0,0,BB,LTU,Offline TA/TO,TA/TO,0,0,0,A,A,0,No Deposit,314.0,0,Transient,35.0,1,1
Resort Hotel,0,0,2016,January,2,4,2,5,2,0.0,0,BB,USA,Direct,Direct,0,0,0,A,D,5,No Deposit,,0,Transient,48.0,0,0
Resort Hotel,0,0,2016,January,3,10,1,0,2,0.0,0,BB,PRT,Direct,Direct,0,0,0,D,D,0,No Deposit,,0,Transient,51.0,0,0
Resort Hotel,0,47,2016,January,2,7,1,3,2,0.0,0,BB,IRL,Offline TA/TO,TA/TO,0,0,0,A,D,0,No Deposit,6.0,0,Transient,26.0,0,0
Resort Hotel,0,20,2016,January,2,4,2,5,2,0.0,0,BB,FRA,Online TA,TA/TO,0,0,0,E,E,0,No Deposit,240.0,0,Transient,52.8,0,2
Resort Hotel,0,20,2016,January,2,4,2,5,2,0.0,0,BB,FRA,Online TA,TA/TO,0,0,0,E,E,0,No Deposit,240.0,0,Transient,58.8,1,2
Resort Hotel,0,23,2016,January,2,7,1,3,2,0.0,0,BB,FRA,Online TA,TA/TO,0,0,0,E,E,1,No Deposit,240.0,0,Transient,68.0,1,0
Resort Hotel,0,11,2016,January,2,8,1,2,2,0.0,0,BB,USA,Online TA,TA/TO,0,0,0,E,E,0,No Deposit,241.0,0,Transient,69.2,1,1
Resort Hotel,0,3,2016,January,2,9,1,1,2,0.0,0,BB,GBR,Offline TA/TO,TA/TO,0,0,0,A,D,0,No Deposit,147.0,0,Transient,29.01,0,0
Resort Hotel,0,3,2016,January,2,8,1,2,2,0.0,0,BB,USA,Online TA,TA/TO,0,0,0,E,E,0,No Deposit,240.0,0,Transient,52.8,0,0
Resort Hotel,0,0,2016,January,2,8,1,2,2,0.0,0,BB,PRT,Direct,Direct,0,0,0,A,A,1,No Deposit,,0,Transient,43.0,0,0
Resort Hotel,0,0,2016,January,4,20,0,2,2,0.0,0,BB,PRT,Direct,Direct,1,0,1,A,D,0,No Deposit,,0,Transient,45.0,0,1
Resort Hotel,0,4,2016,January,3,10,1,0,2,0.0,0,BB,PRT,Online TA,TA/TO,0,0,0,A,D,0,No Deposit,240.0,0,Transient,48.0,0,1
Resort Hotel,0,0,2016,January,2,3,3,5,2,0.0,0,BB,DEU,Direct,Direct,0,0,0,F,F,2,No Deposit,,0,Transient,62.25,0,0
Resort Hotel,0,13,2016,January,2,7,1,3,2,0.0,0,BB,IRN,Offline TA/TO,TA/TO,0,0,0,D,D,0,No Deposit,115.0,0,Transient,33.3,0,0
Resort Hotel,0,0,2016,January,2,9,1,1,2,0.0,0,BB,GBR,Offline TA/TO,TA/TO,0,0,0,D,D,1,No Deposit,314.0,0,Transient,30.0,0,0
Resort Hotel,0,0,2016,January,3,11,1,0,2,0.0,0,BB,ESP,Direct,Direct,0,0,0,A,D,0,No Deposit,,0,Transient,43.0,0,0
Resort Hotel,0,2,2016,January,3,10,2,0,2,0.0,0,BB,ESP,Online TA,TA/TO,0,0,0,D,D,0,No Deposit,240.0,0,Transient,44.8,0,1
Resort Hotel,0,0,2016,January,3,10,2,0,2,0.0,0,BB,FRA,Direct,Direct,0,0,0,E,E,1,No Deposit,,0,Transient,67.0,1,0
Resort Hotel,0,0,2016,January,3,11,1,0,2,0.0,0,BB,PRT,Direct,Direct,0,0,0,E,F,0,No Deposit,,0,Transient,51.0,0,0
Resort Hotel,0,0,2016,January,3,12,0,1,2,0.0,0,BB,PRT,Direct,Direct,1,0,0,A,E,0,No Deposit,,0,Transient,51.0,0,0
Resort Hotel,0,3,2016,January,2,9,2,1,2,0.0,0,BB,PRT,Corporate,Corporate,0,0,0,A,D,0,No Deposit,,0,Transient,43.0,0,2
Resort Hotel,0,4,2016,January,3,10,2,0,2,0.0,0,BB,PRT,Direct,Direct,0,0,0,A,D,0,No Deposit,250.0,0,Transient,31.65,0,2
Resort Hotel,0,5,2016,January,2,9,2,2,2,0.0,0,BB,FIN,Online TA,TA/TO,0,0,0,A,A,0,No Deposit,242.0,0,Transient,50.0,0,1
Resort Hotel,0,2,2016,January,2,8,2,3,2,0.0,0,BB,PRT,Direct,Direct,0,0,0,A,A,0,No Deposit,,0,Transient,43.0,0,0
Resort Hotel,0,1,2016,January,3,12,0,1,2,0.0,0,BB,PRT,Direct,Direct,0,0,0,A,D,0,No Deposit,,0,Transient,48.0,0,1
Resort Hotel,0,0,2016,January,2,7,2,4,2,0.0,0,BB,USA,Offline TA/TO,TA/TO,0,0,0,A,A,4,No Deposit,36.0,0,Transient,38.0,0,0
Resort Hotel,0,1,2016,January,3,12,0,1,2,0.0,0,BB,THA,Online TA,TA/TO,0,0,0,A,D,0,No Deposit,240.0,0,Transient,48.0,0,1
Resort Hotel,0,0,2016,January,3,12,0,1,2,0.0,0,BB,ESP,Online TA,TA/TO,0,0,0,E,E,1,No Deposit,240.0,0,Transient,66.0,0,2
Resort Hotel,0,0,2016,January,3,12,0,1,2,0.0,0,BB,PRT,Direct,Direct,0,0,0,A,D,0,No Deposit,,0,Transient,43.0,0,0
Resort Hotel,0,0,2016,January,3,11,1,1,2,0.0,0,BB,PRT,Direct,Direct,0,0,0,A,D,1,No Deposit,,0,Transient,49.0,1,0
Resort Hotel,0,0,2016,January,3,12,0,1,2,0.0,0,HB,ESP,Online TA,TA/TO,0,0,0,D,D,1,No Deposit,240.0,0,Transient,86.0,0,0
Resort Hotel,0,6,2016,January,3,10,2,1,2,0.0,0,BB,PRT,Online TA,TA/TO,0,0,0,A,D,1,No Deposit,240.0,0,Transient,43.0,0,0
Resort Hotel,0,54,2016,January,2,9,2,2,2,0.0,0,HB,GBR,Offline TA/TO,TA/TO,0,0,0,A,D,3,No Deposit,6.0,0,Transient,49.4,0,0
Resort Hotel,0,0,2016,January,3,13,0,1,2,0.0,0,BB,ESP,Direct,Direct,0,0,0,D,D,0,No Deposit,,0,Transient-Party,38.0,0,0
Resort Hotel,0,24,2015,December,51,17,8,20,2,0.0,0,BB,PRT,Online TA,TA/TO,0,0,0,E,E,0,No Deposit,241.0,0,Transient,56.17,0,0
Resort Hotel,0,0,2016,January,3,13,0,1,2,0.0,0,BB,PRT,Online TA,TA/TO,0,0,0,A,D,0,No Deposit,240.0,0,Transient,48.0,0,0
Resort Hotel,0,0,2016,January,5,27,0,1,2,0.0,0,BB,PRT,Online TA,TA/TO,1,0,1,D,D,0,No Deposit,,0,Transient,39.0,0,1
Resort Hotel,0,37,2016,January,2,4,3,7,2,0.0,0,BB,POL,Offline TA/TO,TA/TO,0,0,0,A,A,0,No Deposit,6.0,0,Transient,29.0,0,0
Resort Hotel,0,1,2016,January,3,12,0,3,2,0.0,0,BB,GBR,Online TA,TA/TO,0,0,0,A,D,2,No Deposit,240.0,0,Transient,54.0,0,1
Resort Hotel,0,5,2016,January,3,13,0,2,2,0.0,0,BB,PRT,Direct,Direct,0,0,0,A,D,0,No Deposit,250.0,0,Transient,49.0,1,0
Resort Hotel,0,6,2017,February,8,23,0,2,2,0.0,0,BB,PRT,Direct,Direct,1,0,1,D,D,0,No Deposit,250.0,0,Transient,75.0,1,0
Resort Hotel,0,0,2016,January,3,11,1,3,2,0.0,0,BB,ESP,Online TA,TA/TO,0,0,0,A,A,0,No Deposit,240.0,0,Transient,48.0,0,0
Resort Hotel,0,9,2016,January,3,14,0,1,2,0.0,0,BB,PRT,Corporate,Corporate,0,0,0,A,D,0,No Deposit,,0,Transient,43.0,0,1
Resort Hotel,0,0,2016,January,3,14,0,1,2,0.0,0,BB,PRT,Online TA,TA/TO,0,0,0,A,D,0,No Deposit,184.0,0,Transient,46.5,0,0
Resort Hotel,0,3,2016,January,3,14,0,1,2,0.0,0,BB,FRA,Online TA,TA/TO,0,0,0,A,D,0,No Deposit,240.0,0,Transient,48.0,0,2
Resort Hotel,0,3,2016,January,3,14,0,1,2,0.0,0,BB,FRA,Online TA,TA/TO,0,0,0,A,D,0,No Deposit,240.0,0,Transient,48.0,0,2
Resort Hotel,0,2,2016,January,3,11,1,3,2,0.0,0,BB,PRT,Offline TA/TO,TA/TO,0,0,0,A,A,2,No Deposit,314.0,0,Transient-Party,29.0,0,1
Resort Hotel,0,2,2016,January,3,11,1,3,2,0.0,0,BB,PRT,Offline TA/TO,TA/TO,0,0,0,A,A,0,No Deposit,314.0,0,Transient-Party,29.0,0,1
Resort Hotel,0,54,2016,January,3,13,0,2,2,0.0,0,BB,ESP,Offline TA/TO,TA/TO,0,0,0,A,D,0,No Deposit,6.0,0,Transient,26.0,0,0
Resort Hotel,0,0,2016,January,3,14,0,1,2,0.0,0,BB,PRT,Online TA,TA/TO,0,0,0,A,D,0,No Deposit,240.0,0,Transient,49.0,0,0
Resort Hotel,0,124,2016,January,2,9,2,5,2,0.0,0,HB,GBR,Offline TA/TO,TA/TO,0,0,0,A,A,0,No Deposit,156.0,0,Transient,48.19,0,1
Resort Hotel,0,1,2016,January,3,15,0,1,2,0.0,0,BB,PRT,Online TA,TA/TO,0,0,0,A,D,0,No Deposit,240.0,0,Transient,54.0,1,2
Resort Hotel,0,14,2016,January,3,12,0,4,2,0.0,0,HB,FIN,Online TA,TA/TO,0,0,0,D,D,0,No Deposit,242.0,0,Transient,74.8,0,1
Resort Hotel,0,1,2016,January,3,15,0,1,2,0.0,0,BB,PRT,Offline TA/TO,TA/TO,0,0,0,A,D,0,No Deposit,6.0,0,Transient,29.0,0,0
Resort Hotel,0,1,2016,January,3,13,0,3,2,0.0,0,BB,FIN,Online TA,TA/TO,0,0,0,D,D,0,No Deposit,240.0,0,Transient,44.8,0,2
Resort Hotel,0,0,2016,January,3,15,0,1,2,0.0,0,BB,PRT,Online TA,TA/TO,0,0,0,A,D,0,No Deposit,,0,Transient,44.0,0,1
Resort Hotel,0,1,2017,January,1,2,1,0,2,0.0,0,BB,PRT,Online TA,TA/TO,1,0,1,D,D,0,No Deposit,240.0,0,Transient,58.0,1,2
Resort Hotel,0,30,2016,January,2,9,2,5,2,0.0,0,BB,PRT,Direct,Direct,0,0,0,A,A,0,No Deposit,250.0,0,Transient,36.0,0,0
Resort Hotel,0,3,2016,January,3,15,0,1,2,0.0,0,BB,PRT,Online TA,TA/TO,0,0,0,A,D,0,No Deposit,240.0,0,Transient,48.0,0,1
Resort Hotel,0,66,2016,April,15,8,0,1,2,0.0,0,BB,PRT,Online TA,TA/TO,1,0,1,A,D,0,No Deposit,240.0,0,Transient,58.0,0,1
Resort Hotel,0,6,2016,January,3,10,2,4,2,0.0,0,BB,FRA,Online TA,TA/TO,0,0,0,E,E,0,No Deposit,240.0,0,Transient,52.8,0,1
Resort Hotel,0,8,2016,January,3,15,0,1,2,0.0,0,BB,PRT,Online TA,TA/TO,0,0,0,A,D,0,No Deposit,240.0,0,Transient,54.0,1,1
Resort Hotel,0,2,2016,January,3,15,0,1,2,0.0,0,BB,PRT,Online TA,TA/TO,0,0,0,E,E,0,No Deposit,240.0,0,Transient,66.0,0,2
Resort Hotel,0,0,2016,January,3,15,0,1,2,0.0,0,BB,GBR,Direct,Direct,0,0,0,D,D,0,No Deposit,,0,Transient,49.0,0,0
Resort Hotel,0,0,2016,March,11,8,0,3,2,0.0,0,BB,PRT,Direct,Direct,1,0,6,A,D,3,No Deposit,,0,Transient,35.0,0,0
Resort Hotel,0,3,2017,February,8,20,1,2,2,0.0,0,BB,PRT,Corporate,Corporate,1,0,14,A,C,1,No Deposit,,0,Transient-Party,38.33,0,2
Resort Hotel,0,53,2016,January,2,9,2,5,2,0.0,0,BB,GBR,Offline TA/TO,TA/TO,0,0,0,A,I,1,No Deposit,6.0,0,Transient,26.0,0,0
Resort Hotel,0,60,2016,January,3,16,2,5,2,0.0,0,BB,GBR,Offline TA/TO,TA/TO,0,0,0,A,E,1,No Deposit,6.0,0,Transient,26.0,0,0
Resort Hotel,0,42,2016,January,1,2,4,10,2,0.0,0,BB,GBR,Offline TA/TO,TA/TO,0,0,0,A,E,0,No Deposit,2.0,0,Transient,28.1,0,0
Resort Hotel,0,12,2016,January,3,11,1,4,2,0.0,0,BB,PRT,Online TA,TA/TO,0,0,0,E,E,0,No Deposit,240.0,0,Transient,58.8,1,1
Resort Hotel,0,0,2016,January,3,11,1,4,2,0.0,0,BB,GBR,Online TA,TA/TO,0,0,0,A,A,0,No Deposit,240.0,0,Transient,48.0,0,1
Resort Hotel,0,9,2016,January,3,13,0,4,2,0.0,0,BB,ESP,Online TA,TA/TO,0,0,0,D,D,0,No Deposit,240.0,0,Transient,44.8,0,1
Resort Hotel,0,43,2016,January,3,14,0,3,2,0.0,0,BB,GBR,Offline TA/TO,TA/TO,0,0,0,A,A,0,No Deposit,314.0,0,Transient,29.0,0,0
Resort Hotel,0,2,2016,January,3,15,0,2,2,0.0,0,BB,PRT,Complementary,Direct,0,0,0,E,F,0,No Deposit,,0,Transient,0.0,1,1
Resort Hotel,0,1,2016,November,45,4,0,1,2,0.0,0,BB,PRT,Direct,Direct,1,0,1,D,I,0,No Deposit,,0,Transient,70.0,0,2
Resort Hotel,0,10,2016,January,3,15,0,2,2,0.0,0,BB,PRT,Online TA,TA/TO,0,0,0,D,D,0,No Deposit,240.0,0,Transient,44.8,0,1
Resort Hotel,0,20,2016,January,3,15,0,2,2,0.0,0,BB,ESP,Online TA,TA/TO,0,0,0,A,A,0,No Deposit,348.0,0,Transient,114.0,0,0
Resort Hotel,0,15,2016,January,3,14,0,3,2,0.0,0,HB,ESP,Online TA,TA/TO,0,0,0,E,G,1,No Deposit,240.0,0,Transient,114.33,1,3
Resort Hotel,0,5,2016,January,3,16,0,1,2,0.0,0,HB,PRT,Online TA,TA/TO,0,0,0,A,D,0,No Deposit,240.0,0,Transient,78.0,1,2
Resort Hotel,0,5,2016,January,3,10,2,5,2,0.0,0,BB,DEU,Online TA,TA/TO,0,0,0,D,D,0,No Deposit,240.0,0,Transient,52.23,1,1
Resort Hotel,0,19,2016,January,3,16,0,1,2,0.0,0,BB,GBR,Offline TA/TO,TA/TO,0,0,0,D,D,0,No Deposit,251.0,0,Transient,37.0,0,0
Resort Hotel,0,6,2017,March,11,12,1,0,2,0.0,0,BB,PRT,Online TA,TA/TO,1,0,1,D,D,0,No Deposit,240.0,0,Transient,75.0,0,2
Resort Hotel,0,2,2016,January,3,15,0,2,2,0.0,0,BB,PRT,Direct,Direct,0,0,0,E,E,0,No Deposit,,0,Transient,61.0,0,0
Resort Hotel,0,16,2016,January,3,16,0,1,2,0.0,0,BB,POL,Online TA,TA/TO,0,0,0,D,E,0,No Deposit,240.0,0,Transient,62.0,1,2
Resort Hotel,0,8,2016,January,3,15,0,2,2,0.0,0,HB,ESP,Offline TA/TO,TA/TO,0,0,0,A,A,0,No Deposit,177.0,0,Transient,55.0,0,0
Resort Hotel,0,3,2016,January,3,16,0,1,2,0.0,0,BB,PRT,Direct,Direct,0,0,0,A,D,0,No Deposit,,0,Transient,43.0,0,0
Resort Hotel,0,7,2016,January,3,14,0,3,2,0.0,0,BB,BEL,Online TA,TA/TO,0,0,0,E,E,0,No Deposit,240.0,0,Transient,67.5,1,1
Resort Hotel,0,3,2016,January,3,15,0,2,2,0.0,0,HB,ESP,Direct,Direct,0,0,0,D,D,1,No Deposit,250.0,0,Transient,119.0,0,0
Resort Hotel,0,34,2016,January,3,15,0,2,2,0.0,0,FB,PRT,Offline TA/TO,TA/TO,0,0,0,A,A,0,No Deposit,6.0,0,Transient,75.0,0,0
Resort Hotel,0,12,2016,January,3,16,0,1,2,0.0,0,BB,ESP,Online TA,TA/TO,0,0,0,A,D,0,No Deposit,240.0,0,Transient,48.0,0,2
Resort Hotel,0,12,2016,January,3,16,0,1,2,0.0,0,BB,ESP,Online TA,TA/TO,0,0,0,A,D,1,No Deposit,240.0,0,Transient,48.0,0,2
Resort Hotel,0,11,2016,January,3,15,0,2,2,0.0,0,BB,PRT,Complementary,Direct,0,0,0,A,D,0,No Deposit,,0,Transient,0.0,0,0
Resort Hotel,0,2,2016,January,3,10,2,5,2,0.0,0,BB,ESP,Online TA,TA/TO,0,0,0,A,A,0,No Deposit,240.0,0,Transient,49.43,0,1
Resort Hotel,0,0,2016,January,3,15,0,2,2,0.0,0,HB,ESP,Online TA,TA/TO,0,0,0,A,D,1,No Deposit,240.0,0,Transient,80.0,0,0
Resort Hotel,0,4,2016,January,3,15,0,2,2,0.0,0,HB,BRA,Direct,Direct,0,0,0,A,A,2,No Deposit,250.0,0,Transient,73.0,0,1
Resort Hotel,0,5,2016,January,3,16,0,1,2,0.0,0,BB,PRT,Direct,Direct,0,0,0,F,F,0,No Deposit,250.0,0,Transient,61.0,0,0
Resort Hotel,0,1,2016,January,3,16,0,1,2,0.0,0,BB,PRT,Direct,Direct,0,0,0,A,D,0,No Deposit,,0,Transient,43.0,0,1
Resort Hotel,0,5,2016,January,3,16,0,1,2,0.0,0,BB,PRT,Direct,Direct,0,0,0,A,D,0,No Deposit,,0,Transient,43.0,0,1
Resort Hotel,0,7,2016,January,3,15,0,2,2,0.0,0,BB,DEU,Offline TA/TO,TA/TO,0,0,0,A,A,0,No Deposit,314.0,0,Transient,29.0,0,1
Resort Hotel,0,0,2016,January,3,15,0,2,2,0.0,0,BB,PRT,Online TA,TA/TO,0,0,0,E,E,0,No Deposit,240.0,0,Transient,59.0,0,1
Resort Hotel,0,5,2016,January,3,16,0,1,2,0.0,0,BB,PRT,Direct,Direct,0,0,0,A,E,0,No Deposit,,0,Transient,43.0,0,1
Resort Hotel,0,37,2016,January,3,13,0,4,2,0.0,0,BB,GBR,Offline TA/TO,TA/TO,0,0,0,A,A,0,No Deposit,314.0,0,Transient,26.1,0,1
Resort Hotel,0,1,2016,January,3,16,0,1,2,0.0,0,BB,PRT,Direct,Direct,0,0,0,A,E,0,No Deposit,,0,Transient,41.0,1,1
Resort Hotel,0,0,2016,January,3,15,0,2,2,0.0,0,BB,CHN,Direct,Direct,0,0,0,A,D,1,No Deposit,,0,Transient,44.0,0,0
Resort Hotel,0,0,2016,January,3,16,0,1,2,0.0,0,BB,CHN,Direct,Direct,0,0,0,A,D,0,No Deposit,,0,Transient,44.0,0,0
Resort Hotel,0,1,2016,January,3,16,0,1,2,0.0,0,BB,PRT,Online TA,TA/TO,0,0,0,A,D,0,No Deposit,240.0,0,Transient,49.0,0,0
Resort Hotel,0,0,2016,January,3,15,0,2,2,0.0,0,BB,ESP,Direct,Direct,0,0,0,E,E,1,No Deposit,,0,Transient,67.0,1,0
Resort Hotel,0,3,2016,January,3,16,0,1,2,0.0,0,BB,PRT,Online TA,TA/TO,0,0,0,A,D,0,No Deposit,240.0,0,Transient,48.0,0,1
Resort Hotel,0,38,2016,January,2,8,3,7,2,0.0,0,BB,GBR,Online TA,TA/TO,0,0,0,A,A,0,No Deposit,240.0,0,Transient,48.0,0,1
Resort Hotel,0,0,2016,January,4,17,1,0,2,0.0,0,BB,CHN,Direct,Direct,0,0,0,A,D,0,No Deposit,,0,Transient,43.0,0,0
Resort Hotel,0,39,2016,January,3,15,1,2,2,0.0,0,BB,IRL,Online TA,TA/TO,0,0,0,A,D,0,No Deposit,240.0,0,Transient,48.0,0,1
Resort Hotel,0,0,2016,January,4,18,0,0,2,0.0,0,BB,PRT,Online TA,TA/TO,1,0,0,E,I,0,No Deposit,240.0,0,Transient,0.0,0,1
Resort Hotel,0,0,2016,January,4,17,1,0,2,0.0,0,BB,PRT,Direct,Direct,0,0,0,E,E,0,No Deposit,,0,Transient,61.0,0,0
Resort Hotel,0,0,2016,January,3,16,1,1,2,0.0,0,BB,PRT,Offline TA/TO,TA/TO,0,0,0,A,A,0,No Deposit,6.0,0,Transient,29.0,0,0
Resort Hotel,0,4,2016,January,4,17,1,0,2,0.0,0,FB,PRT,Direct,Direct,0,0,0,A,D,0,No Deposit,,0,Transient,82.0,0,0
Resort Hotel,0,4,2016,January,4,17,1,0,2,0.0,0,FB,PRT,Direct,Direct,0,0,0,A,D,0,No Deposit,,0,Transient,82.0,0,0
Resort Hotel,0,18,2016,February,7,12,0,2,2,0.0,0,BB,GBR,Online TA,TA/TO,1,0,0,G,G,0,No Deposit,,0,Transient,0.0,0,1
Resort Hotel,0,9,2016,January,4,17,1,0,2,0.0,0,BB,GBR,Online TA,TA/TO,0,0,0,G,G,0,No Deposit,240.0,0,Transient,76.0,0,1
Resort Hotel,0,5,2016,January,3,16,2,1,2,0.0,0,BB,IRL,Online TA,TA/TO,0,0,0,D,D,0,No Deposit,240.0,0,Transient,44.8,0,1
Resort Hotel,0,9,2016,January,3,14,2,3,2,0.0,0,BB,GBR,Offline TA/TO,TA/TO,0,0,0,A,A,0,No Deposit,314.0,0,Transient,29.0,0,0
Resort Hotel,0,1,2016,May,20,12,0,0,2,0.0,0,BB,PRT,Corporate,Corporate,1,0,2,A,E,1,No Deposit,,0,Transient,0.0,0,0
Resort Hotel,0,1,2016,January,4,17,2,0,2,0.0,0,BB,ESP,Online TA,TA/TO,0,0,0,A,D,0,No Deposit,240.0,0,Transient,54.0,1,2
Resort Hotel,0,4,2016,January,4,18,1,0,2,0.0,0,BB,ESP,Online TA,TA/TO,0,0,0,A,D,0,No Deposit,240.0,0,Transient,48.0,0,2
Resort Hotel,0,20,2016,January,2,5,4,10,2,0.0,0,HB,GBR,Offline TA/TO,TA/TO,0,0,0,D,D,0,No Deposit,196.0,0,Transient,64.0,0,2
Resort Hotel,0,0,2016,January,4,18,1,0,2,0.0,0,BB,PRT,Offline TA/TO,TA/TO,0,0,0,A,D,0,No Deposit,314.0,0,Transient,29.0,0,0
Resort Hotel,0,0,2016,January,4,18,1,0,2,0.0,0,BB,PRT,Offline TA/TO,TA/TO,0,0,0,A,D,1,No Deposit,330.0,0,Transient-Party,43.0,0,0
Resort Hotel,0,2,2016,December,51,16,0,1,2,0.0,0,BB,PRT,Offline TA/TO,TA/TO,1,0,1,A,D,0,No Deposit,330.0,0,Group,34.0,0,1
Resort Hotel,0,0,2016,January,4,18,1,0,2,0.0,0,BB,PRT,Offline TA/TO,TA/TO,0,0,0,A,D,0,No Deposit,330.0,0,Transient-Party,43.0,0,0
Resort Hotel,0,10,2016,January,4,19,0,0,2,0.0,0,BB,PRT,Online TA,TA/TO,0,0,0,E,I,0,No Deposit,240.0,0,Transient,0.0,0,1
Resort Hotel,0,3,2016,January,4,19,0,1,2,0.0,0,BB,PRT,Offline TA/TO,TA/TO,0,0,0,A,D,0,No Deposit,177.0,0,Transient,29.0,1,0
Resort Hotel,0,0,2016,January,4,19,0,1,2,0.0,0,BB,PRT,Direct,Direct,0,0,0,A,E,0,No Deposit,,0,Transient,51.0,1,0
Resort Hotel,0,0,2016,January,4,19,0,1,2,0.0,0,BB,PRT,Direct,Direct,0,0,0,A,D,0,No Deposit,,0,Transient,45.0,0,1
Resort Hotel,0,0,2016,January,4,19,0,1,2,0.0,0,BB,PRT,Online TA,TA/TO,0,0,0,E,E,0,No Deposit,240.0,0,Transient,58.0,1,0
Resort Hotel,0,1,2016,January,4,19,0,1,2,0.0,0,BB,PRT,Corporate,Corporate,0,0,0,E,E,0,No Deposit,,0,Transient,61.0,0,0
Resort Hotel,0,16,2016,January,3,13,2,5,2,0.0,0,BB,PRT,Online TA,TA/TO,0,0,0,A,A,0,No Deposit,240.0,0,Transient,48.0,0,1
Resort Hotel,0,21,2016,January,3,16,2,2,2,0.0,0,BB,IRL,Direct,Direct,0,0,0,E,E,0,No Deposit,250.0,0,Transient,58.0,0,0
Resort Hotel,0,23,2016,January,4,18,1,1,2,0.0,0,HB,GBR,Online TA,TA/TO,0,0,0,A,D,1,No Deposit,240.0,0,Transient,78.0,0,1
Resort Hotel,0,23,2016,January,4,18,1,1,2,0.0,0,HB,GBR,Online TA,TA/TO,0,0,0,A,D,1,No Deposit,240.0,0,Transient,78.0,0,1
Resort Hotel,0,0,2016,January,4,19,0,1,2,0.0,0,BB,PRT,Online TA,TA/TO,0,0,0,A,D,0,No Deposit,240.0,0,Transient,48.0,0,2
Resort Hotel,0,4,2016,January,4,19,0,1,2,0.0,0,BB,ESP,Online TA,TA/TO,0,0,0,A,D,0,No Deposit,240.0,0,Transient,48.0,0,1
Resort Hotel,0,6,2016,January,4,20,0,1,2,0.0,0,BB,ESP,Online TA,TA/TO,0,0,0,A,D,0,No Deposit,240.0,0,Transient,48.0,0,1
Resort Hotel,0,0,2016,January,4,19,0,1,2,0.0,0,BB,AUT,Direct,Direct,0,0,0,A,D,0,No Deposit,,0,Transient,45.0,0,0
Resort Hotel,0,1,2016,January,4,18,1,1,2,0.0,0,BB,ESP,Online TA,TA/TO,0,0,0,A,D,0,No Deposit,240.0,0,Transient,48.0,0,1
Resort Hotel,0,5,2016,January,3,16,2,2,2,0.0,0,BB,PRT,Direct,Direct,0,0,0,F,F,0,No Deposit,250.0,0,Transient,67.0,1,0
Resort Hotel,0,16,2017,January,2,12,2,3,2,0.0,0,BB,PRT,Direct,Direct,1,0,1,F,F,0,No Deposit,250.0,0,Transient-Party,75.0,1,2
Resort Hotel,0,33,2017,March,13,31,0,2,2,0.0,0,BB,PRT,Direct,Direct,1,0,2,G,G,2,No Deposit,250.0,0,Group,133.0,1,2
Resort Hotel,0,11,2016,January,3,11,3,7,2,0.0,0,BB,FIN,Online TA,TA/TO,0,0,0,A,A,0,No Deposit,241.0,0,Transient,38.96,0,1
Resort Hotel,0,55,2016,January,3,14,2,5,2,0.0,0,HB,IRL,Offline TA/TO,TA/TO,0,0,0,A,D,0,No Deposit,6.0,0,Transient,55.4,1,0
Resort Hotel,0,2,2016,January,4,20,0,1,2,0.0,0,BB,PRT,Online TA,TA/TO,0,0,0,A,D,0,No Deposit,240.0,0,Transient,48.0,1,0
Resort Hotel,0,1,2016,January,4,19,0,2,2,0.0,0,BB,FIN,Online TA,TA/TO,0,0,0,A,D,0,No Deposit,240.0,0,Transient,56.0,1,1
Resort Hotel,0,35,2016,January,4,19,0,2,2,0.0,0,BB,ITA,Offline TA/TO,TA/TO,0,0,0,A,D,0,No Deposit,314.0,0,Transient-Party,29.0,0,1
Resort Hotel,0,0,2016,January,4,18,1,2,2,0.0,0,BB,PRT,Online TA,TA/TO,0,0,0,A,D,0,No Deposit,240.0,0,Transient,48.0,0,0
Resort Hotel,0,0,2016,January,4,20,0,1,2,0.0,0,HB,ITA,Online TA,TA/TO,0,0,0,D,D,0,No Deposit,240.0,0,Transient,78.0,1,1
Resort Hotel,0,55,2016,January,4,19,0,2,2,0.0,0,BB,NLD,Online TA,TA/TO,0,0,0,D,D,0,No Deposit,240.0,0,Transient,50.8,1,1
Resort Hotel,0,1,2016,January,4,19,0,3,2,0.0,0,BB,PRT,Online TA,TA/TO,0,0,0,E,E,0,No Deposit,241.0,0,Transient,43.2,0,1
Resort Hotel,0,61,2016,January,4,19,0,3,2,0.0,0,BB,ITA,Online TA,TA/TO,0,0,0,E,E,1,No Deposit,240.0,0,Transient,65.4,1,1
Resort Hotel,0,14,2016,January,4,21,0,1,2,0.0,0,BB,FRA,Online TA,TA/TO,0,0,0,E,E,0,No Deposit,240.0,0,Transient,59.4,0,1
Resort Hotel,0,4,2016,January,4,20,0,2,2,0.0,0,BB,NOR,Offline TA/TO,TA/TO,0,0,0,A,A,0,No Deposit,314.0,0,Transient,35.0,1,1
Resort Hotel,0,1,2016,January,4,17,2,3,2,0.0,0,BB,IRL,Offline TA/TO,TA/TO,0,0,0,A,A,0,No Deposit,314.0,0,Transient,29.0,0,0
Resort Hotel,0,0,2016,January,4,21,0,1,2,0.0,0,BB,FRA,Direct,Direct,0,0,0,E,E,0,No Deposit,,0,Transient,61.0,0,0
Resort Hotel,0,3,2016,January,4,18,1,4,2,0.0,0,BB,GBR,Offline TA/TO,TA/TO,0,0,0,A,A,0,No Deposit,314.0,0,Transient,29.0,0,0
Resort Hotel,0,32,2016,January,4,20,0,3,2,0.0,0,BB,GBR,Offline TA/TO,TA/TO,0,0,0,D,D,0,No Deposit,314.0,0,Transient,37.0,0,1
Resort Hotel,0,6,2016,November,48,26,0,1,2,0.0,0,BB,PRT,Direct,Direct,1,0,1,A,D,0,No Deposit,250.0,0,Group,49.0,1,1
Resort Hotel,0,0,2016,January,4,22,0,1,2,0.0,0,BB,FRA,Direct,Direct,0,0,0,A,A,0,No Deposit,,0,Transient,45.0,0,0
Resort Hotel,0,6,2016,January,4,19,0,4,2,0.0,0,BB,GBR,Online TA,TA/TO,0,0,0,A,E,0,No Deposit,240.0,0,Transient,60.8,1,0
Resort Hotel,0,18,2016,January,4,22,0,1,2,0.0,0,HB,GBR,Online TA,TA/TO,0,0,0,D,D,1,No Deposit,242.0,0,Transient,88.0,0,1
Resort Hotel,0,4,2016,January,4,17,2,4,2,0.0,0,HB,PRT,Offline TA/TO,TA/TO,0,0,0,D,D,1,No Deposit,314.0,0,Transient,69.0,1,1
Resort Hotel,0,0,2016,January,4,22,0,1,2,0.0,0,BB,PRT,Direct,Direct,0,0,0,A,A,0,No Deposit,,0,Transient,45.0,0,0
Resort Hotel,0,27,2016,January,3,13,2,8,2,0.0,0,HB,SWE,Offline TA/TO,TA/TO,0,0,0,A,D,0,No Deposit,115.0,0,Transient,49.5,0,0
Resort Hotel,0,0,2016,January,4,22,0,1,2,0.0,0,BB,ESP,Offline TA/TO,TA/TO,0,0,0,A,D,0,No Deposit,127.0,0,Transient,30.5,0,0
Resort Hotel,0,11,2016,January,4,22,0,1,2,0.0,0,BB,PRT,Direct,Direct,0,0,0,G,G,0,No Deposit,,0,Transient,71.0,0,1
Resort Hotel,0,1,2016,January,4,22,0,1,2,0.0,0,BB,PRT,Offline TA/TO,TA/TO,0,0,0,A,D,0,No Deposit,330.0,0,Transient-Party,43.0,0,0
Resort Hotel,0,7,2016,January,4,21,0,2,2,0.0,0,BB,PRT,Offline TA/TO,TA/TO,0,0,0,A,D,0,No Deposit,8.0,0,Transient,29.0,0,0
Resort Hotel,0,0,2016,January,4,23,0,1,2,0.0,0,BB,PRT,Offline TA/TO,TA/TO,0,0,0,A,A,0,No Deposit,314.0,0,Group,29.0,0,0
Resort Hotel,0,7,2016,January,4,23,0,1,2,0.0,0,BB,PRT,Direct,Direct,0,0,0,A,D,0,No Deposit,,0,Transient,40.0,0,0
Resort Hotel,0,2,2016,January,4,23,0,1,2,0.0,0,BB,PRT,Online TA,TA/TO,0,0,0,A,A,0,No Deposit,240.0,0,Transient,48.0,0,2
Resort Hotel,0,0,2016,January,4,23,0,1,2,0.0,0,BB,PRT,Direct,Direct,0,0,0,A,A,0,No Deposit,,0,Transient,51.0,1,0
Resort Hotel,0,2,2016,January,4,23,0,1,2,0.0,0,BB,PRT,Online TA,TA/TO,0,0,0,A,A,0,No Deposit,240.0,0,Transient,48.0,0,2
Resort Hotel,0,41,2016,January,4,22,0,2,2,0.0,0,BB,GBR,Direct,Direct,0,0,0,A,D,0,No Deposit,250.0,0,Transient,54.0,1,2
Resort Hotel,0,12,2016,January,4,20,0,4,2,0.0,0,BB,IRL,Offline TA/TO,TA/TO,0,0,0,A,D,0,No Deposit,115.0,0,Transient,26.1,0,0
Resort Hotel,0,0,2016,January,4,23,0,1,2,0.0,0,BB,PRT,Direct,Direct,0,0,0,A,D,0,No Deposit,,0,Transient,39.0,0,0
Resort Hotel,0,3,2016,January,4,23,0,1,2,0.0,0,BB,POL,Online TA,TA/TO,0,0,0,A,D,0,No Deposit,240.0,0,Transient,48.0,0,1
Resort Hotel,0,10,2016,January,4,22,0,2,2,0.0,0,BB,PRT,Direct,Direct,0,0,0,E,E,0,No Deposit,,0,Transient,52.8,0,0
Resort Hotel,0,4,2016,January,4,23,0,1,2,0.0,0,BB,PRT,Direct,Direct,0,0,0,D,D,0,No Deposit,,0,Transient,51.0,0,0
Resort Hotel,0,0,2016,January,4,23,0,1,2,0.0,0,BB,PRT,Online TA,TA/TO,0,0,0,A,D,0,No Deposit,240.0,0,Transient,48.0,0,0
Resort Hotel,0,0,2016,January,4,22,0,2,2,0.0,0,BB,PRT,Online TA,TA/TO,0,0,0,A,D,0,No Deposit,240.0,0,Transient,48.0,0,1
Resort Hotel,0,0,2016,January,4,22,0,2,2,0.0,0,BB,ESP,Offline TA/TO,TA/TO,0,0,0,A,D,0,No Deposit,314.0,0,Transient,29.0,0,0
Resort Hotel,0,2,2016,January,4,23,0,1,2,0.0,0,BB,ESP,Offline TA/TO,TA/TO,0,0,0,A,A,0,No Deposit,314.0,0,Transient-Party,29.0,0,1
Resort Hotel,0,0,2016,January,4,23,0,1,2,0.0,0,BB,FRA,Direct,Direct,0,0,0,A,A,0,No Deposit,,0,Transient,45.0,0,0
Resort Hotel,0,2,2016,January,4,23,0,1,2,0.0,0,BB,ESP,Offline TA/TO,TA/TO,0,0,0,A,A,0,No Deposit,314.0,0,Transient-Party,29.0,0,1
Resort Hotel,0,0,2016,January,4,23,0,1,2,0.0,0,BB,FIN,Direct,Direct,0,0,0,A,G,0,No Deposit,,0,Transient,71.0,0,1
Resort Hotel,0,0,2016,January,4,22,0,2,2,0.0,0,BB,ESP,Online TA,TA/TO,0,0,0,A,D,0,No Deposit,240.0,0,Transient,54.0,1,1
Resort Hotel,0,17,2016,January,4,22,0,2,2,0.0,0,BB,PRT,Online TA,TA/TO,0,0,0,D,D,0,No Deposit,240.0,0,Transient,44.8,0,1
Resort Hotel,0,19,2016,January,4,23,0,1,2,0.0,0,BB,PRT,Online TA,TA/TO,0,0,0,A,D,1,No Deposit,240.0,0,Transient,48.0,0,0
Resort Hotel,0,0,2016,January,4,23,0,1,2,0.0,0,BB,PRT,Offline TA/TO,TA/TO,0,0,0,A,D,0,No Deposit,314.0,0,Transient,29.0,0,0
Resort Hotel,0,1,2016,January,4,22,0,2,2,0.0,0,BB,USA,Direct,Direct,0,0,0,A,D,0,No Deposit,250.0,0,Transient,45.0,0,0
Resort Hotel,0,11,2016,January,4,23,0,1,2,0.0,0,BB,PRT,Online TA,TA/TO,0,0,0,A,D,0,No Deposit,240.0,0,Transient,48.0,0,0
Resort Hotel,0,0,2016,January,4,23,0,1,2,0.0,0,BB,PRT,Direct,Direct,0,0,0,D,D,0,No Deposit,,0,Transient,45.0,0,0
Resort Hotel,0,2,2016,February,7,7,2,0,2,0.0,0,BB,PRT,Direct,Direct,1,0,1,A,D,1,No Deposit,,0,Transient,55.0,0,0
Resort Hotel,0,0,2017,May,19,10,0,1,2,0.0,0,BB,PRT,Direct,Direct,1,0,2,A,D,0,No Deposit,,0,Transient,80.0,0,0
Resort Hotel,0,1,2016,January,4,22,0,2,2,0.0,0,BB,PRT,Direct,Direct,0,0,0,A,D,0,No Deposit,,0,Transient,48.0,0,1
Resort Hotel,0,1,2016,January,4,23,0,1,2,0.0,0,BB,PRT,Direct,Direct,0,0,0,A,D,0,No Deposit,,0,Transient,56.0,0,1
Resort Hotel,0,0,2016,January,4,22,0,2,2,0.0,0,BB,FIN,Online TA,TA/TO,0,0,0,A,E,0,No Deposit,240.0,0,Transient,48.0,0,0
Resort Hotel,0,1,2016,January,4,23,0,1,2,0.0,0,BB,ESP,Direct,Direct,0,0,0,D,D,0,No Deposit,250.0,0,Transient,51.0,0,0
Resort Hotel,0,1,2016,January,4,23,0,1,2,0.0,0,BB,PRT,Direct,Direct,0,0,0,F,F,0,No Deposit,,0,Transient,61.0,0,1
Resort Hotel,0,0,2016,January,4,23,0,1,2,0.0,0,BB,PRT,Direct,Direct,0,0,0,A,A,0,No Deposit,,0,Transient,45.0,0,0
Resort Hotel,0,2,2016,January,4,23,0,1,2,0.0,0,BB,UKR,Online TA,TA/TO,0,0,0,A,A,0,No Deposit,240.0,0,Transient,48.0,0,2
Resort Hotel,0,3,2016,January,5,24,1,0,2,0.0,0,BB,PRT,Offline TA/TO,TA/TO,0,0,0,A,E,0,No Deposit,314.0,0,Transient,29.0,1,0
Resort Hotel,0,0,2016,January,5,25,0,0,2,0.0,0,HB,PRT,Online TA,TA/TO,1,0,0,E,I,0,No Deposit,240.0,0,Transient,0.0,0,1
Resort Hotel,0,10,2016,January,4,21,1,3,2,0.0,0,BB,IRL,Offline TA/TO,TA/TO,0,0,0,A,A,0,No Deposit,115.0,0,Transient,26.1,0,0
Resort Hotel,0,26,2016,January,4,21,1,3,2,0.0,0,BB,IRL,Online TA,TA/TO,0,0,0,A,D,0,No Deposit,240.0,0,Transient,48.0,0,0
Resort Hotel,0,3,2016,January,4,23,1,1,2,0.0,0,BB,ESP,Online TA,TA/TO,0,0,0,A,D,0,No Deposit,240.0,0,Transient,48.0,0,1
Resort Hotel,0,153,2016,January,4,20,1,4,2,0.0,0,BB,CN,Online TA,TA/TO,0,0,0,E,E,2,No Deposit,241.0,0,Transient,38.81,0,1
Resort Hotel,0,2,2016,January,5,25,1,1,2,0.0,0,BB,CN,Online TA,TA/TO,0,0,0,E,E,0,No Deposit,,0,Transient,51.0,0,1
Resort Hotel,0,5,2016,January,4,21,1,3,2,0.0,0,BB,GBR,Offline TA/TO,TA/TO,0,0,0,E,E,0,No Deposit,8.0,0,Transient,45.0,0,0
Resort Hotel,0,3,2016,January,4,23,1,1,2,0.0,0,BB,CHE,Direct,Direct,0,0,0,F,F,0,No Deposit,250.0,0,Transient,61.0,1,0
Resort Hotel,0,65,2016,January,4,23,2,1,2,0.0,0,BB,BEL,Online TA,TA/TO,0,0,0,E,E,0,No Deposit,240.0,0,Transient,59.4,0,1
Resort Hotel,0,0,2016,January,5,25,1,0,2,0.0,0,BB,PRT,Direct,Direct,0,0,0,A,D,0,No Deposit,,0,Transient,39.0,0,0
Resort Hotel,0,0,2016,January,5,24,2,0,2,0.0,0,BB,GRC,Direct,Direct,0,0,0,A,D,0,No Deposit,,0,Transient,48.0,0,0
Resort Hotel,0,11,2016,January,5,26,0,0,2,0.0,0,BB,PRT,Online TA,TA/TO,0,0,0,A,I,0,No Deposit,240.0,0,Transient-Party,0.0,0,2
Resort Hotel,0,11,2016,January,5,26,0,0,2,0.0,0,BB,PRT,Online TA,TA/TO,0,0,0,A,I,0,No Deposit,240.0,0,Transient-Party,0.0,0,2
Resort Hotel,0,6,2016,January,5,24,2,0,2,0.0,0,BB,ESP,Online TA,TA/TO,0,0,0,A,D,0,No Deposit,240.0,0,Transient,48.0,0,0
Resort Hotel,0,1,2016,January,4,21,2,3,2,0.0,0,HB,PRT,Direct,Direct,0,0,0,A,A,0,No Deposit,,0,Transient,63.6,0,0
Resort Hotel,0,2,2016,January,5,25,1,0,2,0.0,0,BB,PRT,Direct,Direct,0,0,0,A,D,0,No Deposit,,0,Transient,48.0,0,1
Resort Hotel,0,1,2016,January,5,24,2,0,2,0.0,0,BB,PRT,Direct,Direct,0,0,0,A,D,1,No Deposit,,0,Transient,45.0,0,0
Resort Hotel,0,0,2016,March,11,7,1,0,2,0.0,0,BB,PRT,Direct,Direct,1,0,1,A,A,0,No Deposit,,0,Transient,40.0,0,0
Resort Hotel,0,1,2016,January,5,26,0,1,2,0.0,0,BB,ESP,Offline TA/TO,TA/TO,0,0,0,A,A,0,No Deposit,177.0,0,Transient,29.0,0,0
Resort Hotel,0,2,2016,January,4,20,2,5,2,0.0,0,BB,IRL,Offline TA/TO,TA/TO,0,0,0,A,E,0,No Deposit,314.0,0,Transient,36.14,0,1
Resort Hotel,0,1,2016,January,5,26,0,1,2,0.0,0,BB,ESP,Direct,Direct,0,0,0,E,E,0,No Deposit,,0,Transient,58.0,1,1
Resort Hotel,0,30,2016,January,4,18,3,7,2,0.0,0,HB,GBR,Offline TA/TO,TA/TO,0,0,0,E,F,1,No Deposit,314.0,0,Transient,81.0,0,1
Resort Hotel,0,31,2016,January,5,26,0,2,2,0.0,0,HB,ESP,Offline TA/TO,TA/TO,0,0,0,A,D,0,No Deposit,314.0,0,Transient,61.0,1,0
Resort Hotel,0,0,2016,April,15,6,0,2,2,0.0,0,BB,PRT,Online TA,TA/TO,1,0,1,D,D,2,No Deposit,240.0,0,Transient,75.0,0,0
Resort Hotel,0,0,2016,November,46,8,0,3,2,0.0,0,BB,PRT,Direct,Direct,1,0,2,A,A,0,No Deposit,,0,Transient,47.0,0,0
Resort Hotel,0,0,2016,December,50,6,0,1,2,0.0,0,BB,PRT,Direct,Direct,1,0,3,A,D,2,No Deposit,,0,Transient,61.0,0,0
Resort Hotel,0,17,2016,January,4,21,2,5,2,0.0,0,BB,ITA,Online TA,TA/TO,0,0,0,E,E,0,No Deposit,240.0,0,Transient,52.8,0,1
Resort Hotel,0,0,2016,January,5,27,0,1,2,0.0,0,BB,PRT,Direct,Direct,0,0,0,D,D,0,No Deposit,,0,Transient,45.0,0,0
Resort Hotel,0,1,2016,January,5,27,0,1,2,0.0,0,BB,PRT,Online TA,TA/TO,0,0,0,D,D,0,No Deposit,240.0,0,Transient,56.0,1,1
Resort Hotel,0,1,2016,March,10,3,0,1,2,0.0,0,BB,PRT,Online TA,TA/TO,1,0,1,A,F,0,No Deposit,240.0,0,Transient,48.0,0,1
Resort Hotel,0,1,2017,May,20,15,1,0,2,0.0,0,BB,PRT,Online TA,TA/TO,1,0,4,A,D,0,No Deposit,240.0,0,Transient,54.0,0,1
Resort Hotel,0,16,2016,January,5,27,0,2,2,0.0,0,BB,ESP,Online TA,TA/TO,0,0,0,A,D,0,No Deposit,240.0,0,Transient,54.0,1,1
Resort Hotel,0,16,2016,January,5,27,0,2,2,0.0,0,BB,ESP,Online TA,TA/TO,0,0,0,A,D,0,No Deposit,240.0,0,Transient,48.0,0,1
Resort Hotel,0,15,2016,January,5,28,0,1,2,0.0,0,BB,IRL,Direct,Direct,0,0,0,A,D,1,No Deposit,,0,Transient,43.0,1,0
Resort Hotel,0,0,2016,January,5,28,0,1,2,0.0,0,BB,PRT,Online TA,TA/TO,0,0,0,E,E,0,No Deposit,240.0,0,Transient,58.0,0,2
Resort Hotel,0,0,2016,January,5,27,0,2,2,0.0,0,BB,BRA,Online TA,TA/TO,0,0,0,F,F,0,No Deposit,241.0,0,Transient,41.89,0,1
Resort Hotel,0,159,2016,January,5,25,1,3,2,0.0,0,BB,GBR,Online TA,TA/TO,0,0,0,E,E,0,No Deposit,241.0,0,Transient,38.86,0,1
Resort Hotel,0,2,2016,January,5,28,0,1,2,0.0,0,BB,PRT,Online TA,TA/TO,0,0,0,A,D,0,No Deposit,240.0,0,Transient,48.0,0,1
Resort Hotel,0,19,2016,January,5,25,1,3,2,0.0,0,BB,PRT,Online TA,TA/TO,0,0,0,A,D,0,No Deposit,240.0,0,Transient,48.0,0,0
Resort Hotel,0,0,2017,July,30,24,1,0,2,0.0,0,BB,PRT,Direct,TA/TO,1,0,2,A,F,0,No Deposit,,0,Transient,170.0,0,2
Resort Hotel,0,0,2016,January,5,27,0,2,2,0.0,0,BB,BEL,Online TA,TA/TO,0,0,0,A,D,0,No Deposit,240.0,0,Transient,48.0,0,1
Resort Hotel,0,18,2016,January,5,29,0,0,2,0.0,0,BB,PRT,Online TA,TA/TO,0,0,0,A,I,0,No Deposit,240.0,0,Transient-Party,0.0,0,0
Resort Hotel,0,32,2016,January,5,27,0,2,2,0.0,0,BB,CHN,Online TA,TA/TO,0,0,0,E,E,1,No Deposit,240.0,0,Transient,52.8,0,1
Resort Hotel,0,10,2016,January,5,26,0,3,2,0.0,0,BB,GBR,Offline TA/TO,TA/TO,0,0,0,A,A,0,No Deposit,115.0,0,Transient,26.1,0,0
Resort Hotel,0,4,2016,January,5,29,2,2,2,0.0,0,BB,IRL,Offline TA/TO,TA/TO,0,0,0,A,A,0,No Deposit,8.0,0,Transient,25.0,0,0
Resort Hotel,0,106,2016,January,4,23,2,5,2,0.0,0,BB,FRA,Online TA,TA/TO,0,0,0,D,D,0,No Deposit,240.0,0,Transient,41.4,0,1
Resort Hotel,0,106,2016,January,4,23,2,5,2,0.0,0,BB,FRA,Online TA,TA/TO,0,0,0,D,D,0,No Deposit,240.0,0,Transient,41.4,0,1
Resort Hotel,0,0,2016,January,5,29,0,1,2,0.0,0,BB,PRT,Direct,Direct,0,0,0,A,F,0,No Deposit,,0,Transient,58.0,0,0
Resort Hotel,0,0,2016,January,5,29,0,1,2,0.0,0,BB,PRT,Direct,Direct,0,0,0,E,E,0,No Deposit,,0,Transient,45.0,0,0
Resort Hotel,0,0,2016,March,12,18,0,1,2,0.0,0,BB,,Direct,Direct,1,0,1,E,D,0,No Deposit,,0,Transient,68.0,0,0
Resort Hotel,0,0,2016,January,5,28,0,2,2,0.0,0,BB,PRT,Online TA,TA/TO,0,0,0,E,E,0,No Deposit,240.0,0,Transient,52.8,0,0
Resort Hotel,0,16,2017,January,4,27,0,2,2,0.0,0,BB,PRT,Online TA,TA/TO,1,0,1,E,E,0,No Deposit,240.0,0,Transient,68.0,0,1
Resort Hotel,0,9,2016,January,5,29,0,1,2,0.0,0,BB,PRT,Online TA,TA/TO,0,0,0,A,D,0,No Deposit,240.0,0,Transient,48.0,0,1
Resort Hotel,0,33,2016,January,5,28,0,2,2,0.0,0,BB,IRL,Online TA,TA/TO,0,0,0,D,D,0,No Deposit,240.0,0,Transient,44.8,0,1
Resort Hotel,0,6,2016,January,5,29,0,1,2,0.0,0,BB,PRT,Direct,Direct,0,0,0,D,D,0,No Deposit,,0,Transient,51.0,0,0
Resort Hotel,0,3,2016,January,5,29,0,1,2,0.0,0,BB,PRT,Direct,Direct,0,0,0,A,D,0,No Deposit,,0,Transient,45.0,0,0
Resort Hotel,0,1,2016,January,5,29,0,1,2,0.0,0,BB,PRT,Direct,Direct,0,0,0,A,D,0,No Deposit,,0,Transient,45.0,1,1
Resort Hotel,0,17,2016,January,4,23,2,5,2,0.0,0,BB,GBR,Online TA,TA/TO,0,0,0,D,D,0,No Deposit,241.0,0,Transient,32.77,0,1
Resort Hotel,0,14,2016,January,4,23,2,5,2,0.0,0,BB,AUS,Direct,Direct,0,0,0,H,H,0,No Deposit,250.0,0,Transient,81.0,0,0
Resort Hotel,0,3,2016,January,5,24,2,5,2,0.0,0,HB,GBR,Offline TA/TO,TA/TO,0,0,0,E,E,0,No Deposit,2.0,0,Contract,58.0,0,0
Resort Hotel,0,3,2016,January,5,29,0,2,2,0.0,0,BB,GBR,Online TA,TA/TO,0,0,0,F,F,1,No Deposit,241.0,0,Transient,41.89,0,1
Resort Hotel,0,5,2016,January,5,28,0,3,2,0.0,0,BB,POL,Direct,Direct,0,0,0,F,F,0,No Deposit,250.0,0,Transient,61.0,0,0
Resort Hotel,0,3,2016,January,5,30,0,1,2,0.0,0,BB,PRT,Direct,Direct,0,0,0,D,D,0,No Deposit,,0,Transient,50.0,0,1
Resort Hotel,0,26,2016,January,5,30,0,1,2,0.0,0,BB,PRT,Online TA,TA/TO,0,0,0,A,D,0,No Deposit,240.0,0,Transient,48.0,0,1
Resort Hotel,0,5,2016,January,5,30,0,1,2,0.0,0,BB,PRT,Offline TA/TO,TA/TO,0,0,0,A,D,0,No Deposit,15.0,0,Transient,29.0,0,1
Resort Hotel,0,1,2016,January,5,30,0,1,2,0.0,0,BB,PRT,Online TA,TA/TO,0,0,0,A,D,0,No Deposit,240.0,0,Transient,54.0,1,1
Resort Hotel,0,1,2016,January,5,30,0,1,2,0.0,0,HB,PRT,Direct,Direct,0,0,0,A,D,0,No Deposit,,0,Transient,66.0,0,0
Resort Hotel,0,21,2016,January,5,29,0,2,2,0.0,0,Undefined,ESP,Direct,Direct,0,0,0,G,G,1,No Deposit,250.0,0,Transient,135.0,0,0
Resort Hotel,0,0,2016,January,5,30,0,1,2,0.0,0,BB,PRT,Online TA,TA/TO,0,0,0,A,D,0,No Deposit,240.0,0,Transient,48.0,0,0
Resort Hotel,0,4,2016,January,5,29,0,2,2,0.0,0,BB,PRT,Online TA,TA/TO,0,0,0,A,E,0,No Deposit,240.0,0,Transient,62.0,1,0
Resort Hotel,0,59,2016,January,5,29,0,2,2,0.0,0,HB,PRT,Online TA,TA/TO,0,0,0,D,E,0,No Deposit,240.0,0,Transient,86.0,0,1
Resort Hotel,0,129,2016,June,23,3,0,2,2,0.0,0,HB,PRT,Online TA,TA/TO,0,0,1,A,A,0,No Deposit,240.0,0,Transient,110.0,0,1
Resort Hotel,0,123,2016,November,48,25,0,2,2,0.0,0,HB,PRT,Online TA,TA/TO,1,0,2,A,D,0,No Deposit,240.0,0,Transient,64.8,0,1
Resort Hotel,0,129,2017,February,5,3,0,2,2,0.0,0,HB,PRT,Online TA,TA/TO,1,0,3,A,D,0,No Deposit,240.0,0,Transient,64.8,0,2
Resort Hotel,0,0,2016,January,5,30,0,1,2,0.0,0,BB,PRT,Online TA,TA/TO,0,0,0,E,E,1,No Deposit,241.0,0,Transient,44.66,0,0
Resort Hotel,0,0,2016,January,5,30,0,1,2,0.0,0,BB,PRT,Direct,Direct,0,0,0,A,D,0,No Deposit,,0,Transient,45.0,0,0
Resort Hotel,0,0,2017,June,24,15,0,2,2,0.0,0,BB,PRT,Direct,Direct,1,0,1,A,A,0,No Deposit,,0,Transient,135.0,1,0
Resort Hotel,0,14,2016,January,5,30,0,1,2,0.0,0,BB,PRT,Online TA,TA/TO,0,0,0,A,D,0,No Deposit,240.0,0,Transient,48.0,0,1
Resort Hotel,0,1,2016,January,5,29,0,2,2,0.0,0,BB,PRT,Direct,Direct,0,0,0,E,E,0,No Deposit,,0,Transient,76.0,0,1
Resort Hotel,0,2,2016,January,5,29,0,2,2,0.0,0,BB,PRT,Offline TA/TO,TA/TO,0,0,0,E,E,0,No Deposit,6.0,0,Transient,45.0,0,0
Resort Hotel,0,17,2016,January,5,29,0,2,2,0.0,0,BB,PRT,Offline TA/TO,TA/TO,0,0,0,A,A,0,No Deposit,196.0,0,Transient,30.0,0,0
Resort Hotel,0,23,2016,January,5,29,0,2,2,0.0,0,BB,PRT,Direct,Direct,0,0,0,A,D,0,No Deposit,,0,Transient,43.0,0,1
Resort Hotel,0,0,2016,January,5,30,0,1,2,0.0,0,BB,PRT,Direct,Direct,0,0,0,E,E,0,No Deposit,250.0,0,Transient,58.0,0,0
Resort Hotel,0,10,2016,January,5,29,0,2,2,0.0,0,BB,ESP,Online TA,TA/TO,0,0,0,A,F,0,No Deposit,184.0,0,Transient,74.0,1,0
Resort Hotel,0,0,2016,January,5,30,0,1,2,0.0,0,BB,BRA,Direct,Direct,0,0,0,E,E,0,No Deposit,,0,Transient,58.0,1,0
Resort Hotel,0,0,2016,January,5,29,0,2,2,0.0,0,BB,PRT,Direct,Direct,0,0,0,A,A,0,No Deposit,,0,Transient,45.0,0,0
Resort Hotel,0,1,2016,January,5,29,0,2,2,0.0,0,BB,IND,Direct,Direct,0,0,0,E,E,0,No Deposit,,0,Transient,58.0,0,0
Resort Hotel,0,1,2016,February,6,1,1,0,2,0.0,0,BB,PRT,Online TA,TA/TO,0,0,0,A,D,0,No Deposit,240.0,0,Transient,48.0,0,0
Resort Hotel,0,66,2016,January,6,31,1,0,2,0.0,0,BB,PRT,Online TA,TA/TO,0,0,0,E,E,0,No Deposit,240.0,0,Transient,59.4,0,1
Resort Hotel,0,20,2016,January,5,29,1,2,2,0.0,0,BB,IRL,Online TA,TA/TO,0,0,0,D,D,0,No Deposit,240.0,0,Transient,50.8,1,1
Resort Hotel,0,66,2016,January,5,29,1,2,2,0.0,0,BB,GBR,Offline TA/TO,TA/TO,0,0,0,A,A,0,No Deposit,314.0,0,Transient,29.0,0,0
Resort Hotel,0,6,2016,January,6,31,1,0,2,0.0,0,BB,PRT,Online TA,TA/TO,0,0,0,D,D,0,No Deposit,240.0,0,Transient,56.0,1,1
Resort Hotel,0,22,2016,January,5,30,1,1,2,0.0,0,BB,GBR,Offline TA/TO,TA/TO,0,0,0,D,D,0,No Deposit,115.0,0,Transient,33.3,0,0
Resort Hotel,0,1,2016,January,6,31,1,0,2,0.0,0,BB,PRT,Online TA,TA/TO,0,0,0,A,D,0,No Deposit,240.0,0,Transient,58.0,0,1
Resort Hotel,0,1,2017,January,3,19,2,4,2,0.0,0,BB,POL,Direct,Direct,1,0,1,F,F,0,No Deposit,250.0,0,Transient,70.0,0,2
Resort Hotel,0,13,2016,January,5,28,1,3,2,0.0,0,BB,NLD,Direct,Direct,0,0,0,G,G,0,No Deposit,250.0,0,Transient,71.0,0,0
Resort Hotel,0,4,2016,February,6,2,0,1,2,0.0,0,BB,PRT,Corporate,Corporate,0,0,0,A,D,0,No Deposit,,0,Transient,45.0,0,0
Resort Hotel,0,65,2016,January,5,28,2,3,2,0.0,0,HB,GBR,Online TA,TA/TO,0,0,0,A,A,0,No Deposit,240.0,0,Transient,78.0,0,1
Resort Hotel,0,117,2016,January,5,28,2,3,2,0.0,0,BB,IRL,Offline TA/TO,TA/TO,0,0,0,D,D,0,No Deposit,156.0,0,Transient,31.63,0,0
Resort Hotel,0,1,2016,January,6,31,2,0,2,0.0,0,BB,FRA,Online TA,TA/TO,0,0,0,A,D,2,No Deposit,240.0,0,Transient,58.0,0,1
Resort Hotel,0,16,2016,January,5,30,2,1,2,0.0,0,BB,GBR,Online TA,TA/TO,0,0,0,G,G,0,No Deposit,241.0,0,Transient,49.74,0,1
Resort Hotel,0,13,2016,January,6,31,2,0,2,0.0,0,BB,PRT,Online TA,TA/TO,0,0,0,A,D,0,No Deposit,240.0,0,Transient,48.0,0,1
Resort Hotel,0,0,2016,February,6,1,1,0,2,0.0,0,BB,PRT,Direct,Direct,0,0,0,A,D,0,No Deposit,,0,Transient,45.0,0,0
Resort Hotel,0,0,2016,February,6,2,0,1,2,0.0,0,BB,PRT,Offline TA/TO,TA/TO,0,0,0,A,D,0,No Deposit,127.0,0,Transient,30.5,0,0
Resort Hotel,0,0,2016,March,10,3,0,1,2,0.0,0,BB,PRT,Offline TA/TO,TA/TO,1,0,1,A,D,0,No Deposit,15.0,0,Transient,29.0,0,0
Resort Hotel,0,0,2016,December,51,15,0,1,2,0.0,0,BB,PRT,Online TA,TA/TO,1,0,2,A,A,0,No Deposit,15.0,0,Group,38.4,0,0
Resort Hotel,0,92,2016,January,5,28,2,4,2,0.0,0,BB,GBR,Online TA,TA/TO,0,0,0,E,E,2,No Deposit,240.0,0,Transient,61.2,0,0
Resort Hotel,0,26,2016,January,5,30,2,2,2,0.0,0,HB,ESP,Offline TA/TO,TA/TO,0,0,0,A,A,1,No Deposit,196.0,0,Transient,58.0,0,0
Resort Hotel,0,0,2016,February,6,2,0,1,2,0.0,0,BB,PRT,Direct,Direct,0,0,0,F,F,0,No Deposit,,0,Transient,58.0,0,0
Resort Hotel,0,0,2016,February,6,2,0,1,2,0.0,0,BB,PRT,Direct,Direct,0,0,0,F,F,1,No Deposit,,0,Transient,58.0,0,0
Resort Hotel,0,81,2016,January,5,30,2,2,2,0.0,0,HB,ITA,Offline TA/TO,TA/TO,0,0,0,A,D,0,No Deposit,6.0,0,Transient,49.4,0,0
Resort Hotel,0,30,2016,January,5,29,2,4,2,0.0,0,BB,FRA,Online TA,TA/TO,0,0,0,E,E,0,No Deposit,240.0,0,Transient,53.6,0,1
Resort Hotel,0,0,2016,February,6,3,0,2,2,0.0,0,BB,PRT,Direct,Direct,0,0,0,A,A,1,No Deposit,,0,Transient,45.0,0,0
Resort Hotel,0,0,2016,February,7,9,0,3,2,0.0,0,BB,PRT,Corporate,Corporate,1,0,1,A,A,0,No Deposit,,0,Transient,39.0,0,0
Resort Hotel,0,0,2016,February,6,2,0,2,2,0.0,0,BB,PRT,Direct,Direct,0,0,0,F,F,1,No Deposit,,0,Transient,58.0,0,0
Resort Hotel,0,0,2016,February,6,2,0,2,2,0.0,0,BB,CN,Direct,Direct,0,0,0,D,D,1,No Deposit,,0,Transient,53.0,0,0
Resort Hotel,0,7,2016,February,6,3,0,1,2,0.0,0,BB,PRT,Online TA,TA/TO,0,0,0,A,D,0,No Deposit,240.0,0,Transient,48.0,0,1
Resort Hotel,0,21,2016,February,6,4,0,3,2,0.0,0,BB,GBR,Direct,Direct,0,0,0,A,A,0,No Deposit,242.0,0,Transient,54.0,1,2
Resort Hotel,0,10,2016,February,9,25,1,3,2,0.0,0,BB,GBR,Direct,Direct,1,0,0,D,D,0,No Deposit,242.0,0,Transient-Party,64.0,0,1
Resort Hotel,0,15,2016,February,6,5,0,2,2,0.0,0,BB,PRT,Online TA,TA/TO,0,0,0,A,D,0,No Deposit,240.0,0,Transient,53.0,0,1
Resort Hotel,0,11,2016,February,6,1,1,3,2,0.0,0,BB,PRT,Corporate,Corporate,0,0,0,A,D,0,No Deposit,94.0,0,Transient,32.0,0,0
Resort Hotel,0,0,2016,February,6,4,0,1,2,0.0,0,BB,NLD,Direct,Direct,0,0,0,A,E,0,No Deposit,,0,Transient,55.0,0,0
Resort Hotel,0,0,2016,February,6,4,0,1,2,0.0,0,BB,PRT,Offline TA/TO,TA/TO,0,0,0,A,A,1,No Deposit,127.0,0,Transient,30.5,1,0
Resort Hotel,0,0,2016,February,6,4,0,1,2,0.0,0,BB,PRT,Direct,Direct,0,0,0,A,A,0,No Deposit,,0,Transient,45.0,0,0
Resort Hotel,0,1,2016,February,6,2,0,3,2,0.0,0,BB,SWE,Online TA,TA/TO,0,0,0,E,E,0,No Deposit,240.0,0,Transient,68.0,0,2
Resort Hotel,0,1,2016,February,6,2,0,3,2,0.0,0,BB,SWE,Online TA,TA/TO,0,0,0,E,E,0,No Deposit,240.0,0,Transient,68.0,0,2
Resort Hotel,0,5,2016,February,6,3,0,2,2,0.0,0,BB,GBR,Direct,TA/TO,0,0,0,E,E,1,No Deposit,,0,Transient,61.2,0,0
Resort Hotel,0,9,2016,February,6,5,0,2,2,0.0,0,BB,PRT,Online TA,TA/TO,0,0,0,A,D,1,No Deposit,240.0,0,Transient,58.0,0,1
Resort Hotel,0,2,2016,February,6,5,0,2,2,0.0,0,BB,ESP,Direct,Direct,0,0,0,D,D,1,No Deposit,250.0,0,Transient,60.0,1,0
Resort Hotel,0,9,2016,January,6,31,2,4,2,0.0,0,BB,GBR,Online TA,TA/TO,0,0,0,A,A,0,No Deposit,241.0,0,Transient,35.11,0,1
Resort Hotel,0,70,2016,February,6,2,0,4,2,0.0,0,BB,FRA,Online TA,TA/TO,0,0,0,E,E,0,No Deposit,240.0,0,Transient,67.2,1,1
Resort Hotel,0,0,2016,February,6,5,0,1,2,0.0,0,BB,PRT,Offline TA/TO,TA/TO,0,0,0,A,A,1,No Deposit,330.0,0,Transient-Party,43.0,0,0
Resort Hotel,0,1,2017,March,10,10,0,1,2,0.0,0,BB,PRT,Offline TA/TO,TA/TO,1,0,1,A,A,0,No Deposit,,0,Group,34.0,0,1
Resort Hotel,0,0,2016,February,6,5,0,1,2,0.0,0,BB,PRT,Direct,Direct,0,0,0,E,D,0,No Deposit,,0,Transient,58.0,1,2
Resort Hotel,0,20,2016,February,6,5,0,1,2,0.0,0,BB,PRT,Online TA,TA/TO,0,0,0,A,D,0,No Deposit,240.0,0,Transient,48.0,0,2
Resort Hotel,0,20,2016,February,6,5,0,1,2,0.0,0,BB,PRT,Online TA,TA/TO,0,0,0,A,D,0,No Deposit,240.0,0,Transient,54.0,1,2
Resort Hotel,0,0,2016,February,6,5,0,1,2,0.0,0,BB,PRT,Offline TA/TO,TA/TO,0,0,0,A,A,1,No Deposit,330.0,0,Transient-Party,43.0,0,0
Resort Hotel,0,2,2016,February,6,5,0,1,2,0.0,0,BB,CHN,Online TA,TA/TO,0,0,0,A,A,0,No Deposit,240.0,0,Transient,58.0,0,0
Resort Hotel,0,5,2016,January,6,31,2,4,2,0.0,0,BB,GBR,Offline TA/TO,TA/TO,0,0,0,D,F,0,No Deposit,2.0,0,Transient,50.67,0,0
Resort Hotel,0,1,2016,February,6,5,0,1,2,0.0,0,BB,PRT,Online TA,TA/TO,0,0,0,A,A,0,No Deposit,240.0,0,Transient,58.0,0,0
Resort Hotel,0,0,2016,February,6,2,0,4,2,0.0,0,BB,GBR,Offline TA/TO,TA/TO,0,0,0,E,E,0,No Deposit,314.0,0,Transient,54.4,0,0
Resort Hotel,0,13,2016,February,6,5,0,2,2,0.0,0,BB,PRT,Online TA,TA/TO,0,0,0,A,D,1,No Deposit,240.0,0,Transient,59.0,1,1
Resort Hotel,0,15,2016,February,6,4,0,3,2,0.0,0,BB,GBR,Offline TA/TO,TA/TO,0,0,0,A,D,0,No Deposit,314.0,0,Transient,35.47,0,1
Resort Hotel,0,25,2016,February,6,5,0,2,2,0.0,0,BB,PRT,Offline TA/TO,TA/TO,0,0,0,A,D,0,No Deposit,6.0,0,Transient,29.0,0,0
Resort Hotel,0,4,2016,February,6,5,0,2,2,0.0,0,BB,PRT,Online TA,TA/TO,0,0,0,G,G,0,No Deposit,240.0,0,Transient,98.0,0,2
Resort Hotel,0,4,2016,February,6,5,0,2,2,0.0,0,BB,PRT,Online TA,TA/TO,0,0,0,G,G,0,No Deposit,240.0,0,Transient,98.0,0,2
Resort Hotel,0,0,2016,February,6,6,0,1,2,0.0,0,BB,ITA,Online TA,TA/TO,0,0,0,A,A,0,No Deposit,240.0,0,Transient,58.0,0,0
Resort Hotel,0,12,2016,February,6,6,0,1,2,0.0,0,BB,ESP,Online TA,TA/TO,0,0,0,A,E,0,No Deposit,240.0,0,Transient,68.0,0,1
Resort Hotel,0,9,2016,February,6,6,0,1,2,0.0,0,BB,PRT,Direct,Direct,0,0,0,A,A,0,No Deposit,250.0,0,Transient,59.0,0,0
Resort Hotel,0,4,2016,February,6,6,0,1,2,0.0,0,BB,NLD,Online TA,TA/TO,0,0,0,D,E,0,No Deposit,240.0,0,Transient,58.0,1,0
Resort Hotel,0,4,2016,February,6,6,0,1,2,0.0,0,BB,NLD,Online TA,TA/TO,0,0,0,A,A,0,No Deposit,240.0,0,Transient,48.0,0,1
Resort Hotel,0,0,2016,February,6,6,0,1,2,0.0,0,BB,PRT,Direct,Direct,0,0,0,A,C,0,No Deposit,,0,Transient,55.0,0,0
Resort Hotel,0,14,2016,February,6,5,0,2,2,0.0,0,BB,ESP,Offline TA/TO,TA/TO,0,0,0,A,D,1,No Deposit,177.0,0,Contract,35.0,1,0
Resort Hotel,0,3,2016,February,6,6,0,1,2,0.0,0,BB,PRT,Online TA,TA/TO,0,0,0,A,A,0,No Deposit,240.0,0,Transient,48.0,0,2
Resort Hotel,0,2,2016,February,6,5,0,2,2,0.0,0,BB,ESP,Online TA,TA/TO,0,0,0,A,A,0,No Deposit,240.0,0,Transient,48.0,0,2
Resort Hotel,0,1,2016,February,6,4,0,3,2,0.0,0,BB,PRT,Direct,Direct,0,0,0,E,E,0,No Deposit,250.0,0,Transient,64.0,1,2
Resort Hotel,0,2,2016,February,6,6,0,1,2,0.0,0,BB,PRT,Direct,Direct,0,0,0,E,F,0,No Deposit,,0,Transient-Party,58.0,0,0
Resort Hotel,0,2,2016,February,6,6,0,1,2,0.0,0,BB,PRT,Direct,Direct,0,0,0,E,F,0,No Deposit,,0,Transient-Party,58.0,0,0
Resort Hotel,0,4,2016,February,6,6,0,1,2,0.0,0,BB,ESP,Direct,Direct,0,0,0,D,D,0,No Deposit,250.0,0,Transient,59.0,1,1
Resort Hotel,0,0,2016,February,6,6,0,1,2,0.0,0,BB,FRA,Direct,Direct,0,0,0,A,A,0,No Deposit,,0,Transient,55.0,0,0
Resort Hotel,0,3,2016,February,6,5,0,2,2,0.0,0,BB,ESP,Online TA,TA/TO,0,0,0,A,D,0,No Deposit,240.0,0,Transient,48.0,0,1
Resort Hotel,0,16,2016,February,6,5,0,2,2,0.0,0,BB,ESP,Online TA,TA/TO,0,0,0,A,D,0,No Deposit,240.0,0,Transient,58.0,0,1
Resort Hotel,0,14,2016,February,6,1,1,5,2,0.0,0,HB,PRT,Direct,Direct,0,0,0,A,A,0,No Deposit,250.0,0,Transient,74.67,0,0
Resort Hotel,0,16,2016,February,6,5,0,2,2,0.0,0,BB,ESP,Online TA,TA/TO,0,0,0,A,C,0,No Deposit,240.0,0,Transient-Party,53.0,0,2
Resort Hotel,0,3,2016,February,6,6,0,1,2,0.0,0,BB,PRT,Direct,Direct,0,0,0,A,E,0,No Deposit,,0,Transient,35.0,0,1
Resort Hotel,0,13,2016,February,6,5,0,2,2,0.0,0,BB,PRT,Online TA,TA/TO,0,0,0,A,D,1,No Deposit,240.0,0,Transient,58.0,0,0
Resort Hotel,0,2,2016,February,6,6,0,1,2,0.0,0,BB,GBR,Online TA,TA/TO,0,0,0,F,F,0,No Deposit,241.0,0,Transient,54.21,0,1
Resort Hotel,0,4,2016,February,6,6,0,1,2,0.0,0,BB,PRT,Online TA,TA/TO,0,0,0,A,A,0,No Deposit,240.0,0,Transient,64.0,1,1
Resort Hotel,0,2,2016,February,6,6,0,1,2,0.0,0,BB,GBR,Online TA,TA/TO,0,0,0,F,F,0,No Deposit,241.0,0,Transient,54.21,0,0
Resort Hotel,0,21,2016,February,6,4,0,3,2,0.0,0,HB,GBR,Online TA,TA/TO,0,0,0,A,A,1,No Deposit,242.0,0,Transient,48.0,0,2
Resort Hotel,0,10,2016,February,9,25,1,3,2,0.0,0,BB,GBR,Online TA,TA/TO,1,0,1,A,A,0,No Deposit,242.0,0,Group,48.0,0,2
Resort Hotel,0,4,2016,February,6,5,0,2,2,0.0,0,BB,PRT,Direct,Direct,0,0,0,A,D,0,No Deposit,,0,Transient,58.0,0,0
Resort Hotel,0,2,2016,February,6,5,0,2,2,0.0,0,BB,PRT,Direct,Direct,0,0,0,A,E,0,No Deposit,,0,Transient,35.0,0,1
Resort Hotel,0,9,2017,March,10,10,0,2,2,0.0,0,BB,PRT,Direct,Direct,1,0,1,D,D,0,No Deposit,,0,Transient,60.0,0,1
Resort Hotel,0,21,2016,February,6,5,0,2,2,0.0,0,BB,PRT,Direct,Direct,0,0,0,A,A,1,No Deposit,,0,Transient,35.0,0,1
Resort Hotel,0,21,2016,February,6,5,0,2,2,0.0,0,BB,PRT,Direct,Direct,0,0,0,A,E,2,No Deposit,,0,Transient,35.0,0,1
Resort Hotel,0,1,2016,February,6,6,0,1,2,0.0,0,BB,PRT,Online TA,TA/TO,0,0,0,A,A,0,No Deposit,240.0,0,Transient,48.0,0,1
Resort Hotel,0,0,2016,February,6,5,0,2,2,0.0,0,BB,PRT,Direct,Direct,0,0,0,D,A,0,No Deposit,,0,Transient,49.5,0,0
Resort Hotel,0,3,2016,February,6,6,0,1,2,0.0,0,BB,PRT,Direct,Direct,0,0,0,E,E,0,No Deposit,,0,Transient,40.0,0,1
Resort Hotel,0,21,2016,February,6,4,0,3,2,0.0,0,BB,GBR,Online TA,TA/TO,0,0,0,E,E,0,No Deposit,242.0,0,Transient-Party,56.1,0,1
Resort Hotel,0,10,2016,February,9,25,1,3,2,0.0,0,BB,GBR,Online TA,TA/TO,1,0,1,D,D,0,No Deposit,242.0,0,Group,58.0,0,1
Resort Hotel,0,22,2016,February,6,6,1,1,2,0.0,0,BB,PRT,Direct,Direct,0,0,0,A,D,1,No Deposit,,0,Transient,35.0,0,1
Resort Hotel,0,192,2016,February,7,7,1,0,2,0.0,0,BB,DEU,Online TA,TA/TO,0,0,0,A,A,1,No Deposit,240.0,0,Transient,29.16,0,1
Resort Hotel,0,0,2016,February,6,3,1,4,2,0.0,0,BB,USA,Online TA,TA/TO,0,0,0,A,A,2,No Deposit,240.0,0,Transient,39.0,0,2
Resort Hotel,0,21,2016,February,6,4,1,3,2,0.0,0,BB,GBR,Online TA,TA/TO,0,0,0,A,A,0,No Deposit,242.0,0,Transient-Party,54.0,1,2
Resort Hotel,0,21,2016,February,6,4,1,3,2,0.0,0,BB,GBR,Online TA,TA/TO,0,0,0,A,A,0,No Deposit,242.0,0,Transient,48.0,0,2
Resort Hotel,0,10,2016,February,9,25,1,3,2,0.0,0,BB,GBR,Online TA,TA/TO,1,0,0,D,D,0,No Deposit,242.0,0,Group,58.0,0,2
Resort Hotel,0,20,2016,February,6,5,1,2,2,0.0,0,BB,PRT,Online TA,TA/TO,0,0,0,A,D,0,No Deposit,240.0,0,Transient,54.67,0,1
Resort Hotel,0,15,2016,February,6,6,1,1,2,0.0,0,BB,PRT,Offline TA/TO,TA/TO,0,0,0,A,A,0,No Deposit,177.0,0,Contract,29.0,0,0
Resort Hotel,0,53,2016,February,6,6,1,1,2,0.0,0,BB,PRT,Online TA,TA/TO,0,0,0,A,A,0,No Deposit,240.0,0,Transient,54.0,1,1
Resort Hotel,0,0,2016,February,6,5,1,2,2,0.0,0,BB,PRT,Direct,Direct,0,0,0,E,E,0,No Deposit,,0,Transient,64.33,0,0
Resort Hotel,0,1,2016,February,7,7,1,0,2,0.0,0,BB,PRT,Offline TA/TO,TA/TO,0,0,0,A,D,0,No Deposit,6.0,0,Group,29.0,0,0
Resort Hotel,0,1,2016,February,6,6,1,1,2,0.0,0,BB,PRT,Direct,Direct,0,0,0,A,A,0,No Deposit,,0,Transient,45.0,0,0
Resort Hotel,0,4,2016,February,6,6,1,1,2,0.0,0,BB,PRT,Direct,Direct,0,0,0,E,F,0,No Deposit,,0,Transient,58.0,0,1
Resort Hotel,0,4,2016,February,6,5,1,2,2,0.0,0,BB,GBR,Online TA,TA/TO,0,0,0,A,D,0,No Deposit,240.0,0,Transient,64.0,1,0
Resort Hotel,0,4,2016,February,7,7,1,0,2,0.0,0,BB,PRT,Direct,Direct,0,0,0,A,D,1,No Deposit,,0,Transient,45.0,0,1
Resort Hotel,0,3,2016,February,6,6,1,1,2,0.0,0,BB,PRT,Direct,Direct,0,0,0,E,F,0,No Deposit,,0,Transient,58.0,0,2
Resort Hotel,0,19,2016,February,6,6,1,1,2,0.0,0,BB,PRT,Online TA,TA/TO,0,0,0,A,A,0,No Deposit,240.0,0,Transient,68.0,0,1
Resort Hotel,0,5,2016,February,6,6,1,1,2,0.0,0,BB,PRT,Online TA,TA/TO,0,0,0,E,E,1,No Deposit,240.0,0,Transient,74.0,0,1
Resort Hotel,0,0,2016,February,7,7,1,0,2,0.0,0,BB,PRT,Direct,Direct,0,0,0,A,E,1,No Deposit,,0,Transient,56.1,0,0
Resort Hotel,0,21,2016,February,6,4,1,3,2,0.0,0,BB,GBR,Online TA,TA/TO,0,0,0,A,A,0,No Deposit,242.0,0,Transient-Party,48.0,0,2
Resort Hotel,0,21,2016,February,6,4,1,3,2,0.0,0,BB,GBR,Online TA,TA/TO,0,0,0,A,A,0,No Deposit,242.0,0,Transient-Party,48.0,0,2
Resort Hotel,0,10,2016,February,9,25,1,3,2,0.0,0,BB,GBR,Online TA,TA/TO,1,0,1,D,D,0,No Deposit,242.0,0,Group,58.0,0,2
Resort Hotel,0,38,2016,February,6,2,2,5,2,0.0,0,BB,IRL,Online TA,TA/TO,0,0,0,D,D,0,No Deposit,240.0,0,Transient,47.83,0,1
Resort Hotel,0,72,2016,February,6,6,2,1,2,0.0,0,Undefined,PRT,Groups,Direct,0,0,0,D,D,0,No Deposit,,0,Transient-Party,73.33,0,0
Resort Hotel,0,28,2016,February,6,3,2,4,2,0.0,0,BB,FRA,Online TA,TA/TO,0,0,0,D,D,1,No Deposit,240.0,0,Transient,59.0,1,1
Resort Hotel,0,72,2016,February,6,6,2,1,2,0.0,0,Undefined,PRT,Groups,Direct,0,0,0,D,D,0,No Deposit,,0,Transient-Party,73.33,0,0
Resort Hotel,0,52,2016,February,6,6,2,1,2,0.0,0,BB,PRT,Online TA,TA/TO,0,0,0,A,A,1,No Deposit,240.0,0,Transient,48.0,0,1
Resort Hotel,0,0,2016,February,7,8,1,0,2,0.0,0,BB,ESP,Online TA,TA/TO,0,0,0,A,E,0,No Deposit,,0,Transient,43.0,0,0
Resort Hotel,0,72,2016,February,6,6,2,1,2,0.0,0,Undefined,PRT,Groups,Direct,0,0,0,D,E,0,No Deposit,,0,Transient-Party,73.33,0,0
Resort Hotel,0,72,2016,February,6,6,2,1,2,0.0,0,Undefined,PRT,Groups,Direct,0,0,0,D,D,0,No Deposit,,0,Transient-Party,73.33,0,0
Resort Hotel,0,72,2016,February,6,6,2,1,2,0.0,0,Undefined,PRT,Groups,Direct,0,0,0,D,D,0,No Deposit,,0,Transient-Party,73.33,0,0
Resort Hotel,0,72,2016,February,6,6,2,1,2,0.0,0,Undefined,PRT,Groups,Direct,0,0,0,D,D,0,No Deposit,,0,Transient-Party,73.33,0,0
Resort Hotel,0,72,2016,February,6,6,2,1,2,0.0,0,Undefined,PRT,Groups,Direct,0,0,0,D,D,0,No Deposit,,0,Transient-Party,73.33,0,0
Resort Hotel,0,72,2016,February,6,6,2,1,2,0.0,0,Undefined,PRT,Groups,Direct,0,0,0,D,D,0,No Deposit,,0,Transient-Party,73.33,0,0
Resort Hotel,0,72,2016,February,6,6,2,1,2,0.0,0,Undefined,PRT,Groups,Direct,0,0,0,D,D,0,No Deposit,,0,Transient-Party,73.33,0,0
Resort Hotel,0,7,2016,January,5,28,4,8,2,0.0,0,BB,DEU,Offline TA/TO,TA/TO,0,0,0,A,A,0,No Deposit,115.0,0,Transient,28.1,0,0
Resort Hotel,0,0,2016,February,7,8,1,0,2,0.0,0,BB,PRT,Direct,Direct,0,0,0,E,E,0,No Deposit,,0,Transient,65.0,0,0
Resort Hotel,0,72,2016,February,6,6,2,1,2,0.0,0,Undefined,PRT,Groups,Direct,0,0,0,D,D,0,No Deposit,,0,Transient-Party,76.33,1,0
Resort Hotel,0,6,2016,February,6,5,2,2,2,0.0,0,BB,PRT,Direct,Direct,0,0,0,A,D,0,No Deposit,250.0,0,Transient,45.0,0,0
Resort Hotel,0,72,2016,February,6,6,2,1,2,0.0,0,Undefined,PRT,Groups,Direct,0,0,0,D,D,0,No Deposit,,0,Transient-Party,73.33,0,0
Resort Hotel,0,29,2016,February,6,6,2,1,2,0.0,0,HB,PRT,Offline TA/TO,TA/TO,0,0,0,D,D,0,No Deposit,156.0,0,Transient-Party,63.0,0,0
Resort Hotel,0,29,2016,February,6,6,2,1,2,0.0,0,HB,PRT,Offline TA/TO,TA/TO,0,0,0,E,E,0,No Deposit,156.0,0,Transient-Party,77.0,1,0
Resort Hotel,0,72,2016,February,6,6,2,1,2,0.0,0,Undefined,PRT,Groups,Direct,0,0,0,D,D,0,No Deposit,,0,Transient-Party,73.33,0,1
Resort Hotel,0,1,2016,February,6,4,2,3,2,0.0,0,BB,PRT,Online TA,TA/TO,0,0,0,A,D,0,No Deposit,240.0,0,Transient,48.0,0,1
Resort Hotel,0,0,2016,February,6,5,2,2,2,0.0,0,BB,FRA,Direct,Direct,0,0,0,A,A,0,No Deposit,,0,Transient,45.0,0,0
Resort Hotel,0,2,2016,February,6,5,2,2,2,0.0,0,BB,ESP,Online TA,TA/TO,0,0,0,D,D,0,No Deposit,240.0,0,Transient,64.0,1,2
Resort Hotel,0,0,2016,February,7,8,1,0,2,0.0,0,BB,,Direct,Direct,0,0,0,E,E,0,No Deposit,,0,Transient,65.0,0,0
Resort Hotel,0,1,2017,February,9,26,2,0,2,0.0,0,BB,PRT,Direct,Direct,1,0,1,A,D,1,No Deposit,,0,Transient,60.0,0,2
Resort Hotel,0,0,2017,January,1,6,1,2,2,0.0,0,BB,PRT,Direct,Direct,1,0,0,A,A,0,No Deposit,,0,Transient-Party,44.0,0,1
Resort Hotel,0,0,2016,February,7,8,1,0,2,0.0,0,BB,ESP,Direct,Direct,0,0,0,A,A,2,No Deposit,,0,Transient,55.0,0,0
Resort Hotel,0,0,2016,February,7,9,0,3,2,0.0,0,BB,ESP,Direct,Direct,1,0,0,A,A,0,No Deposit,6.0,0,Transient,29.0,0,0
Resort Hotel,0,0,2016,February,7,8,1,0,2,0.0,0,BB,ESP,Direct,Direct,0,0,0,A,A,1,No Deposit,,0,Transient,61.0,1,0
Resort Hotel,0,0,2016,February,7,9,0,3,2,0.0,0,BB,ESP,Direct,Direct,1,0,0,A,A,0,No Deposit,6.0,0,Transient,35.0,1,0
Resort Hotel,0,1,2016,February,6,6,2,1,2,0.0,0,BB,PRT,Online TA,TA/TO,0,0,0,D,D,0,No Deposit,240.0,0,Transient,52.4,1,1
Resort Hotel,0,1,2016,February,6,6,2,1,2,0.0,0,BB,PRT,Direct,Direct,0,0,0,A,A,0,No Deposit,250.0,0,Transient,45.0,0,1
Resort Hotel,0,10,2016,February,7,8,1,0,2,0.0,0,BB,GBR,Online TA,TA/TO,0,0,0,A,D,0,No Deposit,240.0,0,Transient,48.0,0,2
Resort Hotel,0,5,2016,February,6,6,2,1,2,0.0,0,HB,PRT,Direct,Direct,0,0,0,A,D,2,No Deposit,,0,Transient,61.0,0,0
Resort Hotel,0,1,2016,February,7,8,1,0,2,0.0,0,BB,PRT,Direct,Direct,0,0,0,A,D,0,No Deposit,,0,Transient,58.0,0,1
Resort Hotel,0,24,2016,February,7,7,2,0,2,0.0,0,BB,PRT,Online TA,TA/TO,0,0,0,A,D,0,No Deposit,240.0,0,Transient,64.0,1,1
Resort Hotel,0,20,2016,February,6,5,2,2,2,0.0,0,BB,PRT,Direct,Direct,0,0,0,A,A,0,No Deposit,,0,Transient,35.0,0,1
Resort Hotel,0,26,2016,February,7,9,1,5,2,0.0,0,SC,PRT,Direct,Direct,0,0,0,A,I,5,No Deposit,,0,Transient-Party,0.0,0,1
Resort Hotel,0,2,2016,February,7,7,2,0,2,0.0,0,HB,ESP,Offline TA/TO,TA/TO,0,0,0,D,D,0,No Deposit,177.0,0,Transient,63.0,0,0
Resort Hotel,0,1,2016,February,6,6,2,1,2,0.0,0,BB,PRT,Direct,Direct,0,0,0,A,A,0,No Deposit,250.0,0,Transient,51.0,1,1
Resort Hotel,0,21,2016,February,6,5,2,2,2,0.0,0,BB,PRT,Direct,Direct,0,0,0,A,A,0,No Deposit,,0,Transient,35.0,0,1
Resort Hotel,0,26,2016,February,7,9,0,3,2,0.0,0,BB,PRT,Direct,Direct,0,0,0,A,A,0,No Deposit,,0,Transient-Party,35.0,0,1
Resort Hotel,0,0,2016,February,7,7,2,0,2,0.0,0,BB,PRT,Direct,Direct,0,0,0,A,A,0,No Deposit,,0,Transient,39.0,0,0
Resort Hotel,0,21,2016,February,6,6,2,1,2,0.0,0,BB,PRT,Direct,Direct,0,0,0,A,A,2,No Deposit,,0,Transient,35.0,0,1
Resort Hotel,0,26,2016,February,7,9,0,3,2,0.0,0,BB,PRT,Direct,Direct,0,0,0,A,A,0,No Deposit,,0,Transient-Party,35.0,0,1
Resort Hotel,0,0,2016,February,6,6,2,2,2,0.0,0,HB,GBR,Offline TA/TO,TA/TO,0,0,0,A,A,0,No Deposit,156.0,0,Transient,48.19,0,0
Resort Hotel,0,128,2017,February,6,5,2,5,2,0.0,0,HB,GBR,Online TA,TA/TO,1,0,1,D,D,0,No Deposit,240.0,0,Group,73.8,0,1
Resort Hotel,0,2,2016,February,6,5,2,3,2,0.0,0,BB,GBR,Online TA,TA/TO,0,0,0,A,A,0,No Deposit,240.0,0,Transient,58.0,0,1
Resort Hotel,0,16,2016,January,6,31,4,6,2,0.0,0,HB,NLD,Direct,Direct,0,0,0,A,A,1,No Deposit,250.0,0,Transient,74.5,0,1
Resort Hotel,0,2,2016,February,6,5,2,3,2,0.0,0,BB,GBR,Online TA,TA/TO,0,0,0,A,A,0,No Deposit,240.0,0,Transient,58.0,0,1
Resort Hotel,0,6,2016,February,6,5,2,3,2,0.0,0,BB,PRT,Online TA,TA/TO,0,0,0,E,E,0,No Deposit,240.0,0,Transient,74.0,1,0
Resort Hotel,0,2,2017,April,14,7,0,2,2,0.0,0,BB,PRT,Direct,TA/TO,1,0,0,E,E,0,No Deposit,250.0,0,Transient-Party,111.5,1,1
Resort Hotel,0,3,2016,February,7,7,2,1,2,0.0,0,BB,PRT,Offline TA/TO,TA/TO,0,0,0,A,A,0,No Deposit,177.0,0,Transient,29.0,0,1
Resort Hotel,0,0,2016,February,7,9,0,1,2,0.0,0,BB,GBR,Online TA,TA/TO,0,0,0,H,H,0,No Deposit,240.0,0,Transient-Party,113.0,1,2
Resort Hotel,0,0,2016,February,7,10,0,3,2,0.0,0,BB,GBR,Direct,TA/TO,1,0,0,H,G,2,No Deposit,,0,Transient-Party,100.0,0,2
Resort Hotel,0,69,2016,February,7,8,1,1,2,0.0,0,BB,ESP,Offline TA/TO,TA/TO,0,0,0,A,D,0,No Deposit,6.0,0,Transient,26.0,0,0
Resort Hotel,0,0,2016,February,7,9,0,1,2,0.0,0,BB,GBR,Online TA,TA/TO,0,0,0,A,D,0,No Deposit,240.0,0,Transient-Party,58.0,0,2
Resort Hotel,0,0,2016,February,7,10,0,3,2,0.0,0,BB,GBR,Online TA,TA/TO,1,0,0,A,D,3,No Deposit,,0,Transient-Party,55.0,1,0
Resort Hotel,0,0,2016,February,7,9,0,1,2,0.0,0,BB,FRA,Online TA,TA/TO,0,0,0,E,E,0,No Deposit,240.0,0,Transient,78.0,0,1
Resort Hotel,0,2,2016,February,6,3,2,5,2,0.0,0,BB,IRL,Offline TA/TO,TA/TO,0,0,0,A,D,0,No Deposit,96.0,0,Transient,29.0,0,0
Resort Hotel,0,0,2016,February,7,10,0,1,2,0.0,0,BB,IRL,Offline TA/TO,TA/TO,1,0,0,A,A,0,No Deposit,96.0,0,Transient,29.0,0,0
Resort Hotel,0,23,2016,February,6,6,2,2,2,0.0,0,BB,PRT,Offline TA/TO,TA/TO,0,0,0,A,A,0,No Deposit,6.0,0,Transient,29.0,0,0
Resort Hotel,0,17,2016,February,6,4,2,4,2,0.0,0,BB,DEU,Offline TA/TO,TA/TO,0,0,0,A,A,0,No Deposit,177.0,0,Transient,29.0,0,0
Resort Hotel,0,70,2016,February,6,3,2,5,2,0.0,0,BB,DEU,Offline TA/TO,TA/TO,0,0,0,A,G,0,No Deposit,6.0,0,Transient,51.71,0,0
Resort Hotel,0,0,2016,February,7,9,0,1,2,0.0,0,BB,GBR,Online TA,TA/TO,0,0,0,A,D,0,No Deposit,240.0,0,Transient-Party,58.0,0,2
Resort Hotel,0,119,2016,January,5,27,4,10,2,0.0,0,BB,CN,Offline TA/TO,TA/TO,0,0,0,E,E,0,No Deposit,96.0,0,Transient,42.5,0,0
Resort Hotel,0,7,2016,February,7,10,0,0,2,0.0,0,BB,PRT,Online TA,TA/TO,0,0,0,A,A,0,No Deposit,240.0,0,Transient,0.0,0,1
Resort Hotel,0,0,2016,February,7,7,2,1,2,0.0,0,BB,PRT,Direct,Direct,0,0,0,E,F,0,No Deposit,,0,Transient,65.0,0,2
Resort Hotel,0,22,2016,February,6,5,2,3,2,0.0,0,HB,ESP,Offline TA/TO,TA/TO,0,0,0,A,A,0,No Deposit,171.0,0,Transient,55.0,0,0
Resort Hotel,0,1,2016,February,7,7,2,1,2,0.0,0,BB,BEL,Offline TA/TO,TA/TO,0,0,0,A,A,0,No Deposit,177.0,0,Transient,29.0,0,0
Resort Hotel,0,5,2016,February,7,10,0,1,2,0.0,0,BB,PRT,Direct,Direct,0,0,0,A,D,0,No Deposit,250.0,0,Transient,51.0,1,0
Resort Hotel,0,7,2016,February,9,26,0,2,2,0.0,0,BB,PRT,Direct,Direct,1,0,0,D,D,1,No Deposit,250.0,0,Transient,61.0,1,1
Resort Hotel,0,5,2016,April,15,6,0,2,2,0.0,0,BB,PRT,Online TA,TA/TO,1,0,1,A,D,0,No Deposit,240.0,0,Transient,71.0,1,1
Resort Hotel,0,3,2016,April,16,11,1,0,2,0.0,0,BB,ESP,Online TA,TA/TO,1,0,1,A,A,0,No Deposit,240.0,0,Transient,65.0,1,1
Resort Hotel,0,23,2016,February,6,6,2,3,2,0.0,0,Undefined,PRT,Direct,Direct,0,0,0,E,E,0,No Deposit,,0,Transient,98.8,1,1
Resort Hotel,0,35,2016,October,44,26,1,4,2,0.0,0,Undefined,PRT,Direct,Direct,1,0,1,E,E,0,No Deposit,,0,Transient,126.74,1,2
Resort Hotel,0,57,2016,December,53,28,1,4,2,0.0,0,Undefined,PRT,Direct,Direct,1,0,2,D,D,1,No Deposit,,0,Transient,154.32,1,2
Resort Hotel,0,0,2016,February,7,10,0,1,2,0.0,0,BB,DEU,Direct,Direct,0,0,0,A,E,0,No Deposit,,0,Transient,75.0,0,0
Resort Hotel,0,0,2016,February,7,10,0,1,2,0.0,0,BB,FRA,Direct,Direct,0,0,0,A,D,0,No Deposit,,0,Transient,55.0,0,0
Resort Hotel,0,0,2016,February,7,10,0,1,2,0.0,0,BB,PRT,Online TA,TA/TO,0,0,0,A,D,0,No Deposit,240.0,0,Transient,58.0,0,0
Resort Hotel,0,57,2016,February,7,7,2,2,2,0.0,0,BB,GBR,Online TA,TA/TO,0,0,0,E,E,0,No Deposit,240.0,0,Transient,54.4,1,1
Resort Hotel,0,20,2016,February,6,4,2,5,2,0.0,0,BB,GBR,Offline TA/TO,TA/TO,0,0,0,A,A,0,No Deposit,2.0,0,Contract,30.43,0,0
Resort Hotel,0,27,2016,February,7,7,2,2,2,0.0,0,BB,GBR,Online TA,TA/TO,0,0,0,D,D,0,No Deposit,240.0,0,Transient,45.6,0,1
Resort Hotel,0,4,2016,February,7,7,2,3,2,0.0,0,BB,PRT,Online TA,TA/TO,0,0,0,A,D,0,No Deposit,240.0,0,Transient,48.0,0,1
Resort Hotel,0,3,2016,February,7,11,0,1,2,0.0,0,BB,PRT,Offline TA/TO,TA/TO,0,0,0,A,D,1,No Deposit,15.0,0,Transient,29.0,0,0
Resort Hotel,0,1,2016,February,7,10,0,2,2,0.0,0,BB,PRT,Direct,Direct,0,0,0,D,D,0,No Deposit,,0,Transient,75.0,0,0
Resort Hotel,0,22,2016,February,6,2,2,8,2,0.0,0,BB,IRL,Online TA,TA/TO,0,0,0,E,E,0,No Deposit,241.0,0,Transient,43.2,0,1
Resort Hotel,0,52,2016,February,6,6,2,4,2,0.0,0,HB,PRT,Direct,Direct,0,0,0,A,A,1,No Deposit,,0,Transient,62.17,0,0
Resort Hotel,0,50,2016,February,6,6,2,4,2,0.0,0,HB,PRT,Direct,Direct,0,0,0,A,A,0,No Deposit,,0,Transient,68.17,1,0
Resort Hotel,0,84,2016,February,7,11,0,1,2,0.0,0,BB,ESP,Online TA,TA/TO,0,0,0,A,D,0,No Deposit,240.0,0,Transient,49.2,0,1
Resort Hotel,0,2,2016,February,7,7,2,3,2,0.0,0,HB,GBR,Offline TA/TO,TA/TO,0,0,0,E,E,0,No Deposit,2.0,0,Contract,71.0,0,0
Resort Hotel,0,0,2016,February,7,11,0,1,2,0.0,0,BB,FRA,Direct,Direct,0,0,0,A,D,0,No Deposit,,0,Transient,55.0,0,0
Resort Hotel,0,8,2016,February,7,12,0,2,2,0.0,0,BB,FRA,Direct,Direct,0,0,0,A,D,1,No Deposit,250.0,0,Transient,45.0,0,0
Resort Hotel,0,22,2016,February,6,5,2,6,2,0.0,0,BB,ESP,Offline TA/TO,TA/TO,0,0,0,A,A,0,No Deposit,8.0,0,Transient,27.35,0,0
Resort Hotel,0,2,2016,February,7,11,0,2,2,0.0,0,BB,PRT,Direct,Direct,0,0,0,A,D,1,No Deposit,250.0,0,Transient,55.0,1,0
Resort Hotel,0,32,2016,February,7,12,0,1,2,0.0,0,HB,PRT,Complementary,Direct,0,0,0,A,D,1,No Deposit,,0,Transient,56.0,1,0
Resort Hotel,0,2,2016,February,7,11,0,2,2,0.0,0,BB,ESP,Direct,Direct,0,0,0,G,G,1,No Deposit,250.0,0,Transient,106.0,1,2
Resort Hotel,0,0,2016,February,7,11,0,2,2,0.0,0,BB,GBR,Direct,Direct,0,0,0,A,A,0,No Deposit,,0,Transient-Party,55.0,0,0
Resort Hotel,0,19,2016,January,5,30,4,10,2,0.0,0,BB,FRA,Online TA,TA/TO,0,0,0,E,E,0,No Deposit,241.0,0,Transient,41.04,0,1
Resort Hotel,0,9,2016,February,6,6,2,5,2,0.0,0,BB,GBR,Offline TA/TO,TA/TO,0,0,0,E,E,0,No Deposit,156.0,0,Transient,45.0,0,0
Resort Hotel,0,0,2016,February,7,12,0,1,2,0.0,0,BB,USA,Online TA,TA/TO,0,0,0,A,E,0,No Deposit,240.0,0,Transient,58.0,0,0
Resort Hotel,0,8,2016,February,7,12,0,1,2,0.0,0,BB,PRT,Direct,Direct,0,0,0,D,D,0,No Deposit,,0,Transient,53.0,0,0
Resort Hotel,0,0,2016,February,7,12,0,1,2,0.0,0,BB,PRT,Direct,Direct,0,0,0,A,A,0,No Deposit,,0,Transient-Party,50.0,0,0
Resort Hotel,0,26,2016,February,6,6,2,5,2,0.0,0,BB,GBR,Offline TA/TO,TA/TO,0,0,0,D,D,0,No Deposit,8.0,0,Transient,34.73,0,0
Resort Hotel,0,2,2016,February,7,11,0,2,2,0.0,0,BB,ESP,Direct,Direct,0,0,0,G,G,1,No Deposit,250.0,0,Transient,106.0,1,2
Resort Hotel,0,2,2016,February,7,7,2,4,2,0.0,0,BB,GBR,Offline TA/TO,TA/TO,0,0,0,A,A,0,No Deposit,115.0,0,Transient,26.1,0,0
Resort Hotel,0,17,2016,February,6,6,2,5,2,0.0,0,BB,DEU,Online TA,TA/TO,0,0,0,E,E,0,No Deposit,240.0,0,Transient,84.0,1,1
Resort Hotel,0,33,2016,February,7,11,0,2,2,0.0,0,BB,ESP,Online TA,TA/TO,0,0,0,A,D,1,No Deposit,240.0,0,Transient,48.0,0,1
Resort Hotel,0,1,2016,February,7,12,0,1,2,0.0,0,BB,PRT,Online TA,TA/TO,0,0,0,A,E,0,No Deposit,240.0,0,Transient,105.0,0,1
Resort Hotel,0,26,2016,February,6,6,2,5,2,0.0,0,BB,DEU,Online TA,TA/TO,0,0,0,E,E,0,No Deposit,240.0,0,Transient,53.71,0,2
Resort Hotel,0,0,2016,February,7,12,0,1,2,0.0,0,BB,PRT,Direct,Direct,0,0,0,A,E,0,No Deposit,,0,Transient,75.0,0,0
Resort Hotel,0,8,2016,February,7,13,1,1,2,0.0,0,BB,ESP,Direct,Direct,0,0,0,A,A,2,No Deposit,250.0,0,Transient,31.16,0,0
Resort Hotel,0,4,2016,February,7,13,0,1,2,0.0,0,BB,PRT,Online TA,TA/TO,0,0,0,A,A,0,No Deposit,240.0,0,Transient,58.0,0,2
Resort Hotel,0,1,2016,February,7,12,0,2,2,0.0,0,Undefined,ESP,Groups,TA/TO,0,0,0,A,A,0,No Deposit,134.0,0,Transient-Party,70.0,0,0
Resort Hotel,0,16,2016,February,7,11,0,3,2,0.0,0,BB,GBR,Offline TA/TO,TA/TO,0,0,0,D,D,0,No Deposit,156.0,0,Transient,37.0,0,0
Resort Hotel,0,144,2016,January,4,17,8,20,2,0.0,0,BB,GBR,Offline TA/TO,TA/TO,0,0,0,A,A,0,No Deposit,156.0,0,Transient,24.8,0,0
Resort Hotel,0,23,2016,February,7,12,0,2,2,0.0,0,BB,ESP,Offline TA/TO,TA/TO,0,0,0,A,D,0,No Deposit,177.0,0,Contract,29.0,0,0
Resort Hotel,0,11,2016,February,7,12,0,2,2,0.0,0,BB,PRT,Online TA,TA/TO,0,0,0,E,F,0,No Deposit,240.0,0,Transient,74.0,1,2
Resort Hotel,0,4,2016,February,7,13,0,1,2,0.0,0,BB,PRT,Online TA,TA/TO,0,0,0,A,E,0,No Deposit,240.0,0,Transient,68.0,0,1
Resort Hotel,0,9,2016,February,7,13,0,1,2,0.0,0,BB,PRT,Direct,Direct,0,0,0,D,D,0,No Deposit,250.0,0,Transient,67.5,0,1
Resort Hotel,0,1,2016,February,7,13,0,1,2,0.0,0,BB,PRT,Online TA,TA/TO,0,0,0,A,A,0,No Deposit,240.0,0,Transient,65.0,0,0
Resort Hotel,0,0,2016,February,7,12,0,2,2,0.0,0,BB,ESP,Online TA,TA/TO,0,0,0,A,A,0,No Deposit,241.0,0,Transient,47.36,0,1
Resort Hotel,0,32,2016,February,7,13,0,1,2,0.0,0,BB,PRT,Direct,Direct,0,0,0,F,F,1,No Deposit,,0,Transient,70.2,0,0
Resort Hotel,0,7,2016,February,7,12,0,2,2,0.0,0,BB,GBR,Offline TA/TO,TA/TO,0,0,0,D,D,0,No Deposit,6.0,0,Transient,37.0,0,0
Resort Hotel,0,7,2016,February,7,12,0,2,2,0.0,0,HB,ESP,Offline TA/TO,TA/TO,0,0,0,D,D,0,No Deposit,6.0,0,Transient,63.0,0,0
Resort Hotel,0,7,2016,February,7,12,0,2,2,0.0,0,HB,ESP,Offline TA/TO,TA/TO,0,0,0,D,D,0,No Deposit,6.0,0,Transient,63.0,0,0
Resort Hotel,0,9,2016,February,7,13,0,1,2,0.0,0,BB,PRT,Complementary,Direct,0,0,0,A,E,0,No Deposit,,0,Transient,0.0,0,0
Resort Hotel,0,9,2016,February,7,12,0,2,2,0.0,0,BB,PRT,Offline TA/TO,TA/TO,0,0,0,A,D,0,No Deposit,6.0,0,Transient,29.0,0,0
Resort Hotel,0,18,2016,February,7,12,0,2,2,0.0,0,BB,PRT,Offline TA/TO,TA/TO,0,0,0,A,D,0,No Deposit,6.0,0,Transient,29.0,0,0
Resort Hotel,0,12,2016,February,7,13,0,1,2,0.0,0,BB,PRT,Online TA,TA/TO,0,0,0,A,A,0,No Deposit,240.0,0,Transient,58.0,0,0
Resort Hotel,0,12,2016,February,7,13,0,1,2,0.0,0,BB,PRT,Online TA,TA/TO,0,0,0,A,A,0,No Deposit,240.0,0,Transient,58.0,0,0
Resort Hotel,0,0,2016,February,7,13,0,1,2,0.0,0,HB,ESP,Online TA,TA/TO,0,0,0,E,E,0,No Deposit,240.0,0,Transient,117.0,0,1
Resort Hotel,0,7,2016,February,7,12,0,2,2,0.0,0,BB,PRT,Offline TA/TO,TA/TO,0,0,0,A,A,0,No Deposit,177.0,0,Transient,35.0,1,0
Resort Hotel,0,27,2016,February,7,12,0,2,2,0.0,0,BB,PRT,Direct,Direct,0,0,0,A,D,0,No Deposit,,0,Transient,53.0,0,1
Resort Hotel,0,24,2016,February,7,12,0,2,2,0.0,0,BB,PRT,Direct,Direct,0,0,0,A,D,0,No Deposit,,0,Transient,59.0,1,0
Resort Hotel,0,7,2016,February,7,12,0,2,2,0.0,0,BB,ESP,Offline TA/TO,TA/TO,0,0,0,A,D,0,No Deposit,6.0,0,Transient,29.0,0,0
Resort Hotel,0,10,2016,February,7,12,0,2,2,0.0,0,BB,PRT,Offline TA/TO,TA/TO,0,0,0,D,D,0,No Deposit,15.0,0,Transient,43.0,1,0
Resort Hotel,0,9,2016,September,37,8,0,3,2,0.0,0,BB,PRT,Direct,Direct,1,0,1,H,H,0,No Deposit,250.0,0,Transient,213.6,1,0
Resort Hotel,0,3,2016,February,7,12,0,2,2,0.0,0,BB,PRT,Direct,Direct,0,0,0,E,F,0,No Deposit,250.0,0,Transient,81.0,1,0
Resort Hotel,0,13,2016,February,7,12,0,2,2,0.0,0,FB,PRT,Offline TA/TO,TA/TO,0,0,0,A,D,0,No Deposit,177.0,0,Transient,75.0,0,1
Resort Hotel,0,7,2016,February,7,12,0,2,2,0.0,0,BB,PRT,Direct,Direct,0,0,0,E,E,0,No Deposit,,0,Transient,64.0,1,2
Resort Hotel,0,18,2016,February,7,13,0,1,2,0.0,0,BB,ESP,Offline TA/TO,TA/TO,0,0,0,A,A,0,No Deposit,177.0,0,Transient,29.0,0,0
Resort Hotel,0,12,2016,February,7,13,0,1,2,0.0,0,BB,PRT,Online TA,TA/TO,0,0,0,D,D,0,No Deposit,240.0,0,Transient,58.0,0,2
Resort Hotel,0,4,2016,February,7,13,0,1,2,0.0,0,BB,PRT,Direct,Direct,0,0,0,A,C,0,No Deposit,250.0,0,Transient,55.0,0,1
Resort Hotel,0,0,2016,February,7,8,1,5,2,0.0,0,BB,SWE,Online TA,TA/TO,0,0,0,A,A,0,No Deposit,241.0,0,Group,46.66,0,0
Resort Hotel,0,2,2016,February,7,13,0,1,2,0.0,0,BB,PRT,Direct,Direct,0,0,0,A,D,0,No Deposit,,0,Transient,75.0,0,0
Resort Hotel,0,31,2016,February,7,13,0,1,2,0.0,0,BB,PRT,Online TA,TA/TO,0,0,0,E,F,0,No Deposit,240.0,0,Transient,61.2,0,2
Resort Hotel,0,4,2016,February,7,13,0,1,2,0.0,0,BB,ESP,Online TA,TA/TO,0,0,0,E,E,0,No Deposit,240.0,0,Transient,78.0,0,2
Resort Hotel,0,3,2016,February,7,12,0,2,2,0.0,0,BB,ESP,Online TA,TA/TO,0,0,0,E,E,0,No Deposit,240.0,0,Transient,78.0,0,1
Resort Hotel,0,14,2016,February,7,12,0,2,2,0.0,0,FB,ESP,Direct,Direct,0,0,0,F,F,0,No Deposit,250.0,0,Transient,124.0,1,0
Resort Hotel,0,10,2016,February,7,13,0,1,2,0.0,0,BB,PRT,Online TA,TA/TO,0,0,0,D,D,0,No Deposit,240.0,0,Transient,67.5,0,0
Resort Hotel,0,2,2016,February,7,13,0,1,2,0.0,0,BB,PRT,Online TA,TA/TO,0,0,0,E,E,0,No Deposit,240.0,0,Transient,85.0,0,0
Resort Hotel,0,0,2016,February,7,13,0,1,2,0.0,0,BB,PRT,Online TA,TA/TO,0,0,0,E,E,0,No Deposit,240.0,0,Transient,85.0,0,1
Resort Hotel,0,3,2016,February,7,13,0,1,2,0.0,0,BB,PRT,Offline TA/TO,TA/TO,0,0,0,A,A,0,No Deposit,15.0,0,Transient,29.0,0,0
Resort Hotel,0,0,2016,February,7,9,0,5,2,0.0,0,BB,DEU,Direct,Direct,0,0,0,A,A,3,No Deposit,,0,Transient,50.0,0,0
Resort Hotel,0,1,2016,February,7,11,0,3,2,0.0,0,BB,PRT,Online TA,TA/TO,0,0,0,A,D,0,No Deposit,240.0,0,Transient,70.0,0,2
Resort Hotel,0,4,2016,February,7,13,0,1,2,0.0,0,BB,PRT,Offline TA/TO,TA/TO,0,0,0,A,A,0,No Deposit,6.0,0,Transient,29.0,0,0
Resort Hotel,0,61,2016,February,6,4,2,8,2,0.0,0,BB,GBR,Offline TA/TO,TA/TO,0,0,0,E,E,0,No Deposit,115.0,0,Transient,42.5,0,0
Resort Hotel,0,19,2016,February,7,13,0,1,2,0.0,0,BB,PRT,Direct,Direct,0,0,0,E,E,0,No Deposit,250.0,0,Transient,106.5,0,1
Resort Hotel,0,2,2016,February,7,12,0,2,2,0.0,0,HB,PRT,Direct,Direct,0,0,0,D,D,0,No Deposit,250.0,0,Transient,95.0,0,0
Resort Hotel,0,9,2016,February,7,13,0,1,2,0.0,0,BB,PRT,Offline TA/TO,TA/TO,0,0,0,A,A,0,No Deposit,177.0,0,Transient,29.0,0,0
Resort Hotel,0,31,2016,February,7,12,0,2,2,0.0,0,BB,PRT,Direct,Direct,0,0,0,A,D,0,No Deposit,,0,Transient,48.0,0,1
Resort Hotel,0,2,2016,February,7,12,0,2,2,0.0,0,HB,PRT,Direct,Direct,0,0,0,D,D,0,No Deposit,250.0,0,Transient,95.0,0,0
Resort Hotel,0,3,2016,September,36,2,0,2,2,0.0,0,BB,PRT,Direct,Direct,1,0,1,A,C,0,No Deposit,250.0,0,Transient,161.0,1,2
Resort Hotel,0,2,2016,February,7,12,0,2,2,0.0,0,HB,PRT,Direct,Direct,0,0,0,D,D,0,No Deposit,250.0,0,Transient,95.0,0,0
Resort Hotel,0,28,2016,February,7,12,0,2,2,0.0,0,BB,PRT,Online TA,TA/TO,0,0,0,A,D,0,No Deposit,240.0,0,Transient,58.0,0,1
Resort Hotel,0,3,2016,February,7,13,0,1,2,0.0,0,BB,PRT,Direct,Direct,0,0,0,D,D,0,No Deposit,250.0,0,Transient,78.0,0,0
Resort Hotel,0,8,2016,February,7,13,0,1,2,0.0,0,HB,PRT,Direct,Direct,0,0,0,A,A,0,No Deposit,,0,Transient,75.0,0,0
Resort Hotel,0,16,2016,February,7,12,0,2,2,0.0,0,BB,ESP,Direct,Direct,0,0,0,D,D,0,No Deposit,,0,Transient,67.5,0,3
Resort Hotel,0,16,2016,February,7,12,0,2,2,0.0,0,BB,ESP,Direct,Direct,0,0,0,D,D,0,No Deposit,,0,Transient,67.5,0,3
Resort Hotel,0,40,2016,February,7,13,0,1,2,0.0,0,BB,PRT,Online TA,TA/TO,0,0,0,A,D,0,No Deposit,240.0,0,Transient,54.0,1,1
Resort Hotel,0,10,2016,February,7,12,0,2,2,0.0,0,BB,PRT,Online TA,TA/TO,0,0,0,A,D,0,No Deposit,240.0,0,Transient,64.0,1,1
Resort Hotel,0,17,2016,February,7,12,0,2,2,0.0,0,BB,PRT,Direct,Direct,0,0,0,D,D,0,No Deposit,,0,Transient,67.5,0,0
Resort Hotel,0,2,2016,February,7,13,0,1,2,0.0,0,BB,PRT,Online TA,TA/TO,0,0,0,A,D,0,No Deposit,240.0,0,Transient,65.0,0,1
Resort Hotel,0,1,2016,February,7,13,0,1,2,0.0,0,BB,ESP,Online TA,TA/TO,0,0,0,A,E,0,No Deposit,240.0,0,Transient,65.0,0,2
Resort Hotel,0,0,2016,February,7,13,0,1,2,0.0,0,BB,PRT,Online TA,TA/TO,0,0,0,A,A,0,No Deposit,240.0,0,Transient,77.0,0,1
Resort Hotel,0,39,2016,February,7,13,0,1,2,0.0,0,BB,ESP,Online TA,TA/TO,0,0,0,A,A,0,No Deposit,240.0,0,Transient,58.0,0,0
Resort Hotel,0,39,2016,February,7,13,0,1,2,0.0,0,BB,ESP,Online TA,TA/TO,0,0,0,A,A,0,No Deposit,240.0,0,Transient,58.0,0,0
Resort Hotel,0,1,2016,February,7,13,0,1,2,0.0,0,BB,PRT,Direct,Direct,0,0,0,A,A,2,No Deposit,,0,Transient,75.0,0,0
Resort Hotel,0,39,2016,February,7,13,0,1,2,0.0,0,BB,ESP,Online TA,TA/TO,0,0,0,A,A,0,No Deposit,240.0,0,Transient,58.0,1,0
Resort Hotel,0,4,2016,February,7,13,0,1,2,0.0,0,BB,PRT,Online TA,TA/TO,0,0,0,A,D,0,No Deposit,240.0,0,Transient,58.0,0,2
Resort Hotel,0,1,2016,February,7,13,0,1,2,0.0,0,BB,PRT,Direct,Direct,0,0,0,A,E,0,No Deposit,,0,Transient,75.0,0,0
Resort Hotel,0,0,2016,February,7,12,0,2,2,0.0,0,BB,PRT,Direct,Direct,0,0,0,A,A,0,No Deposit,,0,Transient,58.5,0,0
Resort Hotel,0,25,2016,February,7,13,0,1,2,0.0,0,HB,PRT,Direct,Direct,0,0,0,E,E,0,No Deposit,250.0,0,Transient,98.0,0,0
Resort Hotel,0,23,2016,January,6,31,4,10,2,0.0,0,BB,IRL,Online TA,TA/TO,0,0,0,D,D,0,No Deposit,240.0,0,Transient,45.37,0,3
Resort Hotel,0,10,2016,February,7,13,0,1,2,0.0,0,HB,ESP,Offline TA/TO,TA/TO,0,0,0,A,A,0,No Deposit,177.0,0,Transient,55.0,0,0
Resort Hotel,0,0,2016,February,7,13,0,1,2,0.0,0,BB,PRT,Direct,Direct,0,0,0,A,A,0,No Deposit,,0,Transient,75.0,0,1
Resort Hotel,0,16,2016,February,7,13,0,1,2,0.0,0,BB,PRT,Direct,Direct,0,0,0,D,D,0,No Deposit,,0,Transient,67.5,0,0
Resort Hotel,0,8,2016,February,7,13,0,1,2,0.0,0,BB,PRT,Direct,Direct,0,0,0,D,D,0,No Deposit,250.0,0,Transient,75.0,0,0
Resort Hotel,0,0,2016,February,7,12,0,2,2,0.0,0,HB,PRT,Direct,Direct,0,0,0,D,E,1,No Deposit,250.0,0,Transient,97.5,0,0
Resort Hotel,0,1,2016,February,7,12,0,2,2,0.0,0,BB,ESP,Offline TA/TO,TA/TO,0,0,0,A,A,0,No Deposit,177.0,0,Transient,35.0,1,1
Resort Hotel,0,43,2016,February,7,11,1,3,2,0.0,0,BB,PRT,Online TA,TA/TO,0,0,0,D,D,0,No Deposit,240.0,0,Transient,46.4,0,0
Resort Hotel,0,23,2016,February,7,11,1,3,2,0.0,0,BB,GBR,Offline TA/TO,TA/TO,0,0,0,E,F,0,No Deposit,115.0,0,Transient,40.5,0,0
Resort Hotel,0,10,2016,February,7,12,1,2,2,0.0,0,HB,PRT,Offline TA/TO,TA/TO,0,0,0,A,A,0,No Deposit,6.0,0,Transient,61.0,1,0
Resort Hotel,0,18,2016,February,8,14,1,0,2,0.0,0,BB,DEU,Online TA,TA/TO,0,0,0,E,E,0,No Deposit,240.0,0,Transient,78.0,0,2
Resort Hotel,0,0,2016,February,8,14,1,0,2,0.0,0,BB,BIH,Direct,Direct,0,0,0,A,D,0,No Deposit,,0,Transient,50.0,0,0
Resort Hotel,0,11,2016,February,7,12,1,2,2,0.0,0,BB,CN,Online TA,TA/TO,0,0,0,E,E,0,No Deposit,240.0,0,Transient,68.0,0,1
Resort Hotel,0,23,2016,February,7,12,1,2,2,0.0,0,HB,PRT,Online TA,TA/TO,0,0,0,A,D,0,No Deposit,240.0,0,Transient,88.0,0,1
Resort Hotel,0,29,2016,February,7,11,1,3,2,0.0,0,BB,GBR,Online TA,TA/TO,0,0,0,E,E,0,No Deposit,241.0,0,Transient,40.65,0,2
Resort Hotel,0,5,2016,February,8,14,1,0,2,0.0,0,BB,PRT,Direct,Direct,0,0,0,D,D,0,No Deposit,250.0,0,Transient,75.0,0,0
Resort Hotel,0,61,2016,February,7,11,1,3,2,0.0,0,BB,GBR,Offline TA/TO,TA/TO,0,0,0,D,D,0,No Deposit,115.0,0,Transient,33.3,0,0
Resort Hotel,0,1,2016,February,7,13,1,1,2,0.0,0,BB,GBR,Online TA,TA/TO,0,0,0,A,E,0,No Deposit,240.0,0,Transient,66.0,0,0
Resort Hotel,0,2,2016,February,7,13,1,1,2,0.0,0,BB,PRT,Online TA,TA/TO,0,0,0,A,C,0,No Deposit,240.0,0,Transient,61.5,0,0
Resort Hotel,0,1,2016,February,7,13,1,1,2,0.0,0,BB,PRT,Offline TA/TO,TA/TO,0,0,0,A,A,0,No Deposit,15.0,0,Transient,60.0,0,0
Resort Hotel,0,16,2016,February,6,1,4,10,2,0.0,0,BB,IRL,Offline TA/TO,TA/TO,0,0,0,A,A,0,No Deposit,115.0,0,Transient,26.1,0,1
Resort Hotel,0,32,2016,February,7,8,2,5,2,0.0,0,BB,GBR,Offline TA/TO,TA/TO,0,0,0,D,D,0,No Deposit,115.0,0,Transient,33.3,0,0
Resort Hotel,0,87,2016,February,7,9,1,5,2,0.0,0,HB,MUS,Online TA,TA/TO,0,0,0,E,E,0,No Deposit,240.0,0,Transient,98.0,0,2
Resort Hotel,0,3,2016,February,7,13,1,1,2,0.0,0,BB,ESP,Offline TA/TO,TA/TO,0,0,0,A,A,0,No Deposit,177.0,0,Transient,32.0,1,1
Resort Hotel,0,0,2016,February,8,14,1,0,2,0.0,0,BB,PRT,Direct,Direct,0,0,0,A,A,0,No Deposit,,0,Transient,55.0,0,0
Resort Hotel,0,4,2016,February,7,13,1,1,2,0.0,0,BB,ESP,Direct,Direct,0,0,0,G,G,0,No Deposit,250.0,0,Transient,106.0,1,2
Resort Hotel,0,4,2016,February,7,13,1,1,2,0.0,0,HB,PRT,Offline TA/TO,TA/TO,0,0,0,A,A,0,No Deposit,6.0,0,Transient,61.0,1,0
Resort Hotel,0,3,2016,February,7,13,1,1,2,0.0,0,FB,ESP,Offline TA/TO,TA/TO,0,0,0,A,A,0,No Deposit,6.0,0,Transient,75.0,0,1
Resort Hotel,0,3,2016,February,7,13,1,1,2,0.0,0,FB,ESP,Offline TA/TO,TA/TO,0,0,0,A,A,0,No Deposit,6.0,0,Transient,75.0,0,1
Resort Hotel,0,3,2016,February,8,14,1,0,2,0.0,0,HB,PRT,Online TA,TA/TO,0,0,0,E,E,0,No Deposit,240.0,0,Transient,110.0,0,1
Resort Hotel,0,13,2016,February,8,14,1,0,2,0.0,0,BB,PRT,Online TA,TA/TO,0,0,0,A,D,0,No Deposit,240.0,0,Transient,58.0,0,2
Resort Hotel,0,3,2016,February,7,13,1,1,2,0.0,0,HB,ESP,Online TA,TA/TO,0,0,0,F,F,0,No Deposit,241.0,0,Transient,73.92,0,1
Resort Hotel,0,40,2016,February,8,14,1,0,2,0.0,0,BB,PRT,Online TA,TA/TO,0,0,0,D,D,0,No Deposit,240.0,0,Transient,108.0,0,1
Resort Hotel,0,37,2016,February,7,10,1,4,2,0.0,0,BB,GBR,Offline TA/TO,TA/TO,0,0,0,D,E,1,No Deposit,171.0,0,Transient,37.0,0,0
Resort Hotel,0,16,2016,February,8,14,1,0,2,0.0,0,BB,PRT,Direct,Direct,0,0,0,D,D,0,No Deposit,250.0,0,Transient,117.5,0,0
Resort Hotel,0,3,2016,February,8,14,1,0,2,0.0,0,HB,PRT,Direct,Direct,0,0,0,A,D,1,No Deposit,250.0,0,Transient,125.0,0,0
Resort Hotel,0,18,2016,February,8,14,1,0,2,0.0,0,BB,DEU,Online TA,TA/TO,0,0,0,E,E,0,No Deposit,240.0,0,Transient,78.0,0,2
Resort Hotel,0,3,2016,February,7,13,1,1,2,0.0,0,BB,PRT,Offline TA/TO,TA/TO,0,0,0,A,A,0,No Deposit,6.0,0,Transient,29.0,0,0
Resort Hotel,0,30,2016,February,7,13,1,1,2,0.0,0,HB,PRT,Online TA,TA/TO,0,0,0,A,D,1,No Deposit,240.0,0,Transient,78.0,0,2
Resort Hotel,0,123,2017,February,7,12,2,2,2,0.0,0,HB,PRT,Online TA,TA/TO,1,0,1,D,D,0,No Deposit,240.0,0,Transient,76.5,0,3
Resort Hotel,0,4,2016,February,8,14,1,0,2,0.0,0,BB,PRT,Offline TA/TO,TA/TO,0,0,0,D,D,0,No Deposit,5.0,0,Transient,60.0,0,0
Resort Hotel,0,5,2016,February,8,14,1,0,2,0.0,0,BB,PRT,Online TA,TA/TO,0,0,0,A,D,0,No Deposit,240.0,0,Transient,58.0,0,1
Resort Hotel,0,0,2016,February,8,15,1,0,2,0.0,0,BB,ESP,Direct,Direct,0,0,0,A,D,0,No Deposit,,0,Transient,45.0,0,0
Resort Hotel,0,0,2016,February,8,15,1,0,2,0.0,0,BB,SWE,Online TA,TA/TO,0,0,0,A,D,0,No Deposit,240.0,0,Transient,54.0,1,0
Resort Hotel,0,9,2016,February,7,13,2,1,2,0.0,0,BB,GBR,Online TA,TA/TO,0,0,0,A,A,0,No Deposit,240.0,0,Transient,48.0,0,1
Resort Hotel,0,26,2016,February,7,9,2,5,2,0.0,0,BB,NLD,Offline TA/TO,TA/TO,0,0,0,A,A,0,No Deposit,8.0,0,Transient,26.1,0,0
Resort Hotel,0,1,2016,February,8,14,2,0,2,0.0,0,BB,PRT,Direct,Direct,0,0,0,A,D,0,No Deposit,,0,Transient,50.0,0,0
Resort Hotel,0,5,2016,February,8,14,2,0,2,0.0,0,BB,ESP,Online TA,TA/TO,0,0,0,A,D,0,No Deposit,240.0,0,Transient,65.0,0,1
Resort Hotel,0,50,2016,February,8,14,2,0,2,0.0,0,BB,DEU,Direct,Direct,0,0,0,D,D,0,No Deposit,250.0,0,Transient,58.0,0,0
Resort Hotel,0,2,2016,February,8,15,1,0,2,0.0,0,BB,ESP,Offline TA/TO,TA/TO,0,0,0,A,D,0,No Deposit,339.0,0,Transient,29.0,0,0
Resort Hotel,0,0,2016,February,8,15,1,0,2,0.0,0,BB,PRT,Online TA,TA/TO,0,0,0,A,D,0,No Deposit,240.0,0,Transient,48.0,0,1
Resort Hotel,0,83,2016,February,7,9,2,5,2,0.0,0,BB,GBR,Offline TA/TO,TA/TO,0,0,0,A,D,0,No Deposit,6.0,0,Transient,26.0,0,0
Resort Hotel,0,20,2016,February,8,14,2,1,2,0.0,0,BB,GBR,Offline TA/TO,TA/TO,0,0,0,D,D,0,No Deposit,171.0,0,Transient,38.33,0,0
Resort Hotel,0,0,2016,March,10,1,0,1,2,0.0,0,BB,PRT,Direct,TA/TO,1,0,1,A,A,0,No Deposit,240.0,0,Transient,48.0,0,0
Resort Hotel,0,0,2016,November,49,29,0,1,2,0.0,0,BB,PRT,Online TA,Direct,1,0,2,A,D,0,No Deposit,240.0,0,Transient,48.0,0,0
Resort Hotel,0,0,2016,December,51,13,0,1,2,0.0,0,BB,PRT,Online TA,Direct,1,0,3,A,D,0,No Deposit,240.0,0,Transient,48.0,0,0
Resort Hotel,0,10,2016,February,8,16,0,1,2,0.0,0,BB,FRA,Direct,Direct,0,0,0,A,D,0,No Deposit,250.0,0,Transient,51.0,1,0
Resort Hotel,0,0,2016,February,8,16,0,1,2,0.0,0,BB,PRT,Direct,Direct,0,0,0,A,A,1,No Deposit,,0,Transient,45.0,0,0
Resort Hotel,0,0,2016,February,8,15,1,1,2,0.0,0,BB,PRT,Online TA,TA/TO,0,0,0,A,D,0,No Deposit,242.0,0,Transient,49.0,0,1
Resort Hotel,0,0,2016,February,8,15,1,1,2,0.0,0,BB,IRL,Online TA,TA/TO,0,0,0,A,D,0,No Deposit,240.0,0,Transient,54.0,1,0
Resort Hotel,0,0,2016,February,7,13,2,2,2,0.0,0,BB,CHN,Direct,Direct,0,0,0,F,F,3,No Deposit,,0,Transient,88.5,0,0
Resort Hotel,0,15,2016,February,7,12,2,3,2,0.0,0,BB,NOR,Offline TA/TO,TA/TO,0,0,0,E,E,0,No Deposit,156.0,0,Transient,45.0,0,0
Resort Hotel,0,1,2016,February,8,16,0,1,2,0.0,0,BB,PRT,Offline TA/TO,TA/TO,0,0,0,A,A,0,No Deposit,330.0,0,Transient-Party,45.0,0,0
Resort Hotel,0,1,2016,February,8,16,0,1,2,0.0,0,BB,PRT,Offline TA/TO,TA/TO,0,0,0,A,A,0,No Deposit,330.0,0,Transient-Party,45.0,0,0
Resort Hotel,0,2,2017,March,11,18,0,1,2,0.0,0,BB,PRT,Offline TA/TO,TA/TO,1,0,1,A,A,0,No Deposit,330.0,0,Transient-Party,34.0,0,1
Resort Hotel,0,4,2016,February,8,16,0,1,2,0.0,0,BB,PRT,Corporate,Corporate,0,0,0,A,A,0,No Deposit,,0,Transient-Party,45.0,0,0
Resort Hotel,0,13,2016,February,8,15,1,2,2,0.0,0,BB,AUT,Direct,Direct,0,0,0,A,D,0,No Deposit,250.0,0,Transient,45.0,0,0
Resort Hotel,0,1,2016,February,8,17,0,1,2,0.0,0,BB,PRT,Offline TA/TO,TA/TO,0,0,0,A,D,0,No Deposit,8.0,0,Transient,25.0,0,0
Resort Hotel,0,40,2016,February,8,17,0,1,2,0.0,0,BB,GBR,Corporate,Corporate,0,0,0,E,E,0,No Deposit,,0,Transient,61.0,0,0
Resort Hotel,0,31,2016,February,8,14,2,2,2,0.0,0,BB,GBR,Online TA,TA/TO,0,0,0,E,E,0,No Deposit,240.0,0,Transient,53.2,0,2
Resort Hotel,0,0,2016,February,8,17,0,1,2,0.0,0,BB,PRT,Direct,Direct,0,0,0,A,A,0,No Deposit,,0,Transient,45.0,0,0
Resort Hotel,0,39,2016,February,7,12,2,4,2,0.0,0,BB,FIN,Online TA,TA/TO,0,0,0,D,D,0,No Deposit,240.0,0,Transient,46.4,0,1
Resort Hotel,0,0,2016,February,8,17,0,1,2,0.0,0,BB,GBR,Direct,Direct,0,0,0,D,D,0,No Deposit,250.0,0,Transient,55.0,0,0
Resort Hotel,0,0,2016,April,16,13,0,1,2,0.0,0,BB,ESP,Direct,TA/TO,1,0,1,A,G,0,No Deposit,,0,Transient,55.0,0,1
Resort Hotel,0,19,2016,February,8,14,2,2,2,0.0,0,BB,ESP,Online TA,TA/TO,0,0,0,E,E,0,No Deposit,240.0,0,Transient,75.0,0,3
Resort Hotel,0,0,2016,February,8,17,0,1,2,0.0,0,BB,DEU,Direct,Direct,0,0,0,A,A,2,No Deposit,,0,Transient,43.0,0,0
Resort Hotel,0,12,2016,February,8,15,1,2,2,0.0,0,BB,GBR,Online TA,TA/TO,0,0,0,E,E,0,No Deposit,240.0,0,Transient,68.0,0,0
Resort Hotel,0,28,2016,February,8,15,1,2,2,0.0,0,BB,ESP,Online TA,TA/TO,0,0,0,A,D,0,No Deposit,240.0,0,Transient,48.0,0,1
Resort Hotel,0,0,2016,February,8,17,0,1,2,0.0,0,BB,PRT,Direct,Direct,0,0,0,A,F,0,No Deposit,,0,Transient,75.0,1,0
Resort Hotel,0,28,2016,February,7,10,2,6,2,0.0,0,HB,FRA,Offline TA/TO,TA/TO,0,0,0,A,A,0,No Deposit,171.0,0,Transient,55.0,0,0
Resort Hotel,0,28,2016,February,7,10,2,6,2,0.0,0,HB,NLD,Offline TA/TO,TA/TO,0,0,0,A,A,0,No Deposit,171.0,0,Transient,55.0,0,1
Resort Hotel,0,6,2016,February,8,15,1,2,2,0.0,0,BB,ESP,Online TA,TA/TO,0,0,0,A,D,0,No Deposit,240.0,0,Transient,50.0,1,0
Resort Hotel,0,0,2016,February,8,17,0,1,2,0.0,0,FB,PRT,Offline TA/TO,TA/TO,0,0,0,A,A,0,No Deposit,95.0,0,Transient,75.0,0,0
Resort Hotel,0,10,2016,February,8,15,1,2,2,0.0,0,BB,FIN,Offline TA/TO,TA/TO,0,0,0,A,A,0,No Deposit,95.0,0,Transient,35.0,1,0
Resort Hotel,0,0,2016,February,8,16,0,2,2,0.0,0,BB,CHN,Direct,Direct,0,0,0,E,E,1,No Deposit,,0,Transient,68.0,0,0
Resort Hotel,0,3,2016,February,8,14,2,2,2,0.0,0,BB,PRT,Direct,Direct,0,0,0,A,D,0,No Deposit,,0,Transient,0.0,1,0
Resort Hotel,0,1,2016,February,8,17,0,1,2,0.0,0,BB,PRT,Direct,Direct,0,0,0,D,D,1,No Deposit,,0,Transient,50.0,0,1
Resort Hotel,0,0,2016,March,11,9,0,3,2,0.0,0,BB,PRT,Direct,Direct,1,0,1,D,E,1,No Deposit,,0,Transient,69.0,1,1
Resort Hotel,0,7,2016,February,8,18,0,1,2,0.0,0,BB,PRT,Online TA,TA/TO,0,0,0,A,D,0,No Deposit,240.0,0,Transient,66.0,1,0
Resort Hotel,0,0,2016,February,8,18,0,1,2,0.0,0,BB,PRT,Direct,Direct,0,0,0,E,E,0,No Deposit,,0,Transient,65.0,0,0
Resort Hotel,0,0,2016,February,8,17,0,2,2,0.0,0,BB,PRT,Direct,Direct,0,0,0,A,A,2,No Deposit,,0,Transient,51.0,1,0
Resort Hotel,0,0,2017,February,6,8,0,1,2,0.0,0,BB,PRT,Direct,Direct,1,0,0,D,D,0,No Deposit,,0,Transient,56.0,1,0
Resort Hotel,0,0,2016,February,8,17,0,2,2,0.0,0,BB,FRA,Direct,Direct,0,0,0,A,A,1,No Deposit,,0,Transient,45.0,0,0
Resort Hotel,0,0,2016,February,8,16,0,3,2,0.0,0,HB,FRA,Direct,Direct,0,0,0,E,E,2,No Deposit,,0,Transient,101.0,1,0
Resort Hotel,0,71,2016,February,8,16,0,3,2,0.0,0,HB,ESP,Online TA,TA/TO,0,0,0,D,D,0,No Deposit,240.0,0,Transient,88.0,0,1
Resort Hotel,0,0,2016,March,10,3,0,1,2,0.0,0,BB,PRT,Online TA,TA/TO,1,0,1,A,D,0,No Deposit,240.0,0,Transient,43.0,0,3
Resort Hotel,0,0,2016,February,8,16,0,3,2,0.0,0,BB,BEL,Direct,Direct,0,0,0,A,D,1,No Deposit,,0,Transient,45.0,0,0
Resort Hotel,0,39,2016,February,7,12,2,5,2,0.0,0,HB,GBR,Offline TA/TO,TA/TO,0,0,0,D,D,0,No Deposit,115.0,0,Transient,58.7,0,0
Resort Hotel,0,29,2016,February,7,13,2,5,2,0.0,0,HB,GBR,Online TA,TA/TO,0,0,0,E,E,1,No Deposit,241.0,0,Transient,66.38,0,1
Resort Hotel,0,11,2016,February,7,13,2,5,2,0.0,0,BB,FRA,Online TA,TA/TO,0,0,0,A,A,0,No Deposit,240.0,0,Transient,48.0,0,2
Resort Hotel,0,42,2016,February,8,16,0,4,2,0.0,0,BB,GBR,Offline TA/TO,TA/TO,0,0,0,A,A,0,No Deposit,115.0,0,Transient,28.1,0,0
Resort Hotel,0,1,2016,February,8,19,0,1,2,0.0,0,BB,ITA,Online TA,TA/TO,0,0,0,A,D,0,No Deposit,240.0,0,Transient,48.0,1,0
Resort Hotel,0,35,2016,February,8,18,0,2,2,0.0,0,BB,GBR,Online TA,TA/TO,0,0,0,E,E,0,No Deposit,242.0,0,Transient,66.0,0,1
Resort Hotel,0,14,2016,February,7,13,2,5,2,0.0,0,BB,FRA,Direct,Direct,0,0,0,E,E,1,No Deposit,250.0,0,Transient,64.0,1,2
Resort Hotel,0,30,2016,February,8,17,0,3,2,0.0,0,BB,OMN,Online TA,TA/TO,0,0,0,A,D,0,No Deposit,240.0,0,Transient,48.0,0,1
Resort Hotel,0,6,2016,February,8,17,0,3,2,0.0,0,BB,PRT,Online TA,TA/TO,0,0,0,A,D,0,No Deposit,240.0,0,Transient,54.0,1,0
Resort Hotel,0,24,2016,February,8,14,2,4,2,0.0,0,BB,GBR,Offline TA/TO,TA/TO,0,0,0,E,E,0,No Deposit,314.0,0,Transient,55.73,0,1
Resort Hotel,0,7,2016,February,8,17,0,3,2,0.0,0,BB,DEU,Online TA,TA/TO,0,0,0,A,D,0,No Deposit,240.0,0,Transient-Party,48.0,0,1
Resort Hotel,0,42,2016,February,8,16,0,4,2,0.0,0,BB,GBR,Offline TA/TO,TA/TO,0,0,0,E,E,0,No Deposit,156.0,0,Transient,45.0,0,0
Resort Hotel,0,24,2016,February,6,6,4,10,2,0.0,0,Undefined,FRA,Offline TA/TO,TA/TO,0,0,0,E,E,1,No Deposit,363.0,0,Transient,79.0,0,0
Resort Hotel,0,0,2016,February,8,19,0,1,2,0.0,0,BB,PRT,Direct,Direct,0,0,0,F,F,0,No Deposit,,0,Transient,75.0,1,1
Resort Hotel,0,4,2016,February,8,16,0,4,2,0.0,0,BB,PRT,Corporate,Corporate,0,0,0,A,A,0,No Deposit,,0,Transient-Party,45.0,0,0
Resort Hotel,0,4,2016,February,8,16,0,4,2,0.0,0,BB,PRT,Corporate,Corporate,0,0,0,A,A,0,No Deposit,,0,Transient-Party,45.0,0,0
Resort Hotel,0,0,2016,February,8,19,0,1,2,0.0,0,BB,PRT,Direct,Direct,0,0,0,D,D,0,No Deposit,,0,Transient,55.0,1,0
Resort Hotel,0,29,2016,February,8,14,2,5,2,0.0,0,BB,GBR,Online TA,TA/TO,0,0,0,E,E,0,No Deposit,241.0,0,Transient,42.11,0,1
Resort Hotel,0,0,2016,February,8,14,2,5,2,0.0,0,BB,DEU,Offline TA/TO,TA/TO,0,0,0,D,D,0,No Deposit,6.0,0,Transient,37.86,1,0
Resort Hotel,0,9,2016,February,8,20,0,1,2,0.0,0,BB,PRT,Online TA,TA/TO,0,0,0,A,A,0,No Deposit,240.0,0,Transient,60.0,0,2
Resort Hotel,0,0,2016,February,8,18,0,3,2,0.0,0,BB,PRT,Direct,Direct,0,0,0,E,E,0,No Deposit,,0,Transient,65.0,0,0
Resort Hotel,0,1,2016,February,8,20,0,1,2,0.0,0,BB,PRT,Online TA,TA/TO,0,0,0,A,D,0,No Deposit,240.0,0,Transient,60.0,0,0
Resort Hotel,0,2,2016,February,8,19,0,2,2,0.0,0,HB,ESP,Offline TA/TO,TA/TO,0,0,0,A,A,0,No Deposit,196.0,0,Transient,56.0,0,0
Resort Hotel,0,1,2016,February,8,19,0,2,2,0.0,0,BB,PRT,Direct,Direct,0,0,0,D,D,0,No Deposit,,0,Transient,61.0,1,0
Resort Hotel,0,2,2016,February,8,20,0,1,2,0.0,0,BB,ESP,Online TA,TA/TO,0,0,0,A,D,0,No Deposit,240.0,0,Transient,66.0,1,1
Resort Hotel,0,20,2016,February,8,18,0,3,2,0.0,0,BB,ESP,Online TA,TA/TO,0,0,0,A,D,0,No Deposit,240.0,0,Transient,54.0,1,1
Resort Hotel,0,14,2016,February,8,19,0,2,2,0.0,0,BB,PRT,Direct,Direct,0,0,0,D,D,0,No Deposit,250.0,0,Transient,55.0,0,1
Resort Hotel,0,4,2016,February,8,19,0,2,2,0.0,0,BB,PRT,Online TA,TA/TO,0,0,0,G,G,0,No Deposit,240.0,0,Transient,93.0,0,0
Resort Hotel,0,2,2016,February,8,20,0,1,2,0.0,0,BB,ESP,Online TA,TA/TO,0,0,0,A,D,0,No Deposit,240.0,0,Transient,66.0,1,1
Resort Hotel,0,2,2016,February,8,20,0,1,2,0.0,0,BB,ESP,Online TA,TA/TO,0,0,0,A,D,0,No Deposit,240.0,0,Transient,66.0,1,1
Resort Hotel,0,3,2016,February,8,20,0,1,2,0.0,0,BB,PRT,Online TA,TA/TO,0,0,0,A,D,0,No Deposit,240.0,0,Transient,48.0,0,0
Resort Hotel,0,0,2016,February,8,20,0,1,2,0.0,0,BB,PRT,Direct,Direct,0,0,0,D,D,0,No Deposit,,0,Transient,51.0,1,0
Resort Hotel,0,26,2016,February,8,17,0,4,2,0.0,0,BB,FRA,Online TA,TA/TO,0,0,0,A,D,0,No Deposit,240.0,0,Transient,54.0,1,1
Resort Hotel,0,25,2016,February,8,15,1,5,2,0.0,0,HB,FRA,Online TA,TA/TO,0,0,0,E,E,0,No Deposit,242.0,0,Transient,78.4,0,1
Resort Hotel,0,1,2016,February,8,20,0,1,2,0.0,0,BB,PRT,Online TA,TA/TO,0,0,0,D,D,0,No Deposit,240.0,0,Transient,58.0,0,1
Resort Hotel,0,1,2016,February,8,20,0,1,2,0.0,0,BB,PRT,Online TA,TA/TO,0,0,0,A,D,0,No Deposit,240.0,0,Transient,48.0,0,0
Resort Hotel,0,5,2016,February,8,20,0,1,2,0.0,0,BB,PRT,Direct,Direct,0,0,0,E,E,0,No Deposit,,0,Transient,65.0,0,0
Resort Hotel,0,8,2016,February,8,20,0,1,2,0.0,0,BB,PRT,Online TA,TA/TO,0,0,0,D,D,0,No Deposit,240.0,0,Transient,58.0,0,2
Resort Hotel,0,1,2016,February,8,20,0,1,2,0.0,0,BB,ESP,Direct,Direct,0,0,0,A,D,0,No Deposit,250.0,0,Transient,60.0,0,0
Resort Hotel,0,3,2016,February,8,19,0,2,2,0.0,0,BB,PRT,Direct,Direct,0,0,0,A,D,0,No Deposit,250.0,0,Transient,45.0,0,0
Resort Hotel,0,3,2016,February,8,19,0,2,2,0.0,0,BB,PRT,Direct,Direct,0,0,0,A,D,0,No Deposit,250.0,0,Transient,45.0,0,0
Resort Hotel,0,0,2016,February,8,20,0,1,2,0.0,0,BB,SWE,Direct,Direct,0,0,0,A,E,0,No Deposit,,0,Transient,65.0,0,0
Resort Hotel,0,0,2016,February,8,20,0,1,2,0.0,0,BB,PRT,Direct,Direct,0,0,0,A,D,0,No Deposit,,0,Transient,45.0,0,0
Resort Hotel,0,0,2016,February,8,20,0,1,2,0.0,0,BB,ESP,Online TA,TA/TO,0,0,0,A,D,0,No Deposit,240.0,0,Transient,48.0,0,0
Resort Hotel,0,2,2016,February,8,19,0,2,2,0.0,0,BB,PRT,Online TA,TA/TO,0,0,0,A,D,0,No Deposit,240.0,0,Transient,48.0,0,0
Resort Hotel,0,35,2016,February,8,17,0,4,2,0.0,0,BB,CHE,Offline TA/TO,TA/TO,0,0,0,D,D,0,No Deposit,36.0,0,Transient,43.76,0,0
Resort Hotel,0,0,2016,February,8,20,0,1,2,0.0,0,BB,ESP,Direct,Direct,0,0,0,D,D,0,No Deposit,,0,Transient,51.0,1,0
Resort Hotel,0,0,2016,February,8,20,0,1,2,0.0,0,BB,USA,Direct,Direct,0,0,0,D,D,0,No Deposit,,0,Transient,46.0,1,0
Resort Hotel,0,31,2016,February,8,18,0,3,2,0.0,0,BB,ESP,Online TA,TA/TO,0,0,0,D,D,0,No Deposit,240.0,0,Transient,56.0,0,1
Resort Hotel,0,0,2016,February,8,16,0,5,2,0.0,0,BB,PRT,Direct,Direct,0,0,0,A,A,2,No Deposit,,0,Transient,46.2,1,0
Resort Hotel,0,37,2016,February,8,17,1,4,2,0.0,0,HB,GBR,Offline TA/TO,TA/TO,0,0,0,D,D,0,No Deposit,115.0,0,Transient,56.7,0,0
Resort Hotel,0,26,2016,February,8,17,1,4,2,0.0,0,BB,GBR,Online TA,TA/TO,0,0,0,A,A,0,No Deposit,240.0,0,Transient,48.0,0,1
Resort Hotel,0,0,2016,February,9,21,1,0,2,0.0,0,BB,PRT,Direct,Direct,0,0,0,D,D,0,No Deposit,,0,Transient,55.0,0,0
Resort Hotel,0,0,2016,February,9,22,0,0,2,0.0,0,BB,PRT,Online TA,TA/TO,1,0,0,E,I,0,No Deposit,241.0,0,Transient,0.0,0,1
Resort Hotel,0,2,2016,February,9,21,1,0,2,0.0,0,BB,PRT,Corporate,Corporate,0,0,0,A,D,3,No Deposit,,0,Transient,41.0,1,0
Resort Hotel,0,0,2016,February,8,20,1,1,2,0.0,0,HB,ESP,Online TA,TA/TO,0,0,0,D,D,1,No Deposit,240.0,0,Transient,90.0,0,1
Resort Hotel,0,42,2016,February,8,15,2,5,2,0.0,0,HB,ESP,Offline TA/TO,TA/TO,0,0,0,E,E,0,No Deposit,177.0,0,Transient,37.4,1,1
Resort Hotel,0,0,2016,February,8,16,2,5,2,0.0,0,BB,GBR,Online TA,TA/TO,0,0,0,A,A,0,No Deposit,240.0,0,Transient,45.5,0,0
Resort Hotel,0,0,2016,February,8,16,2,5,2,0.0,0,BB,GBR,Online TA,TA/TO,0,0,0,A,A,0,No Deposit,240.0,0,Transient,45.5,0,0
Resort Hotel,0,8,2016,February,8,19,2,2,2,0.0,0,BB,GBR,Offline TA/TO,TA/TO,0,0,0,E,E,0,No Deposit,95.0,0,Transient,46.5,0,0
Resort Hotel,0,29,2016,February,8,20,2,1,2,0.0,0,BB,ESP,Online TA,TA/TO,0,0,0,D,D,0,No Deposit,240.0,0,Transient,56.0,0,2
Resort Hotel,0,3,2016,February,8,20,2,1,2,0.0,0,BB,PRT,Online TA,TA/TO,0,0,0,A,D,1,No Deposit,240.0,0,Transient,48.0,0,0
Resort Hotel,0,29,2016,February,9,21,2,0,2,0.0,0,BB,PRT,Online TA,TA/TO,0,0,0,A,D,0,No Deposit,240.0,0,Transient,48.0,0,1
Resort Hotel,0,2,2016,February,9,24,0,0,2,0.0,0,BB,PRT,Online TA,TA/TO,0,0,0,A,D,0,No Deposit,240.0,0,Transient,0.0,0,1
Resort Hotel,0,9,2016,February,8,17,2,5,2,0.0,0,BB,DEU,Offline TA/TO,TA/TO,0,0,0,A,A,0,No Deposit,8.0,0,Transient,26.1,0,0
Resort Hotel,0,0,2016,February,9,23,0,1,2,0.0,0,BB,PRT,Direct,Direct,0,0,0,A,D,0,No Deposit,,0,Transient,40.0,0,0
Resort Hotel,0,16,2016,February,8,14,4,6,2,0.0,0,HB,DEU,Offline TA/TO,TA/TO,0,0,0,A,A,0,No Deposit,314.0,0,Transient,57.64,0,0
Resort Hotel,0,24,2016,February,9,22,1,1,2,0.0,0,BB,USA,Online TA,TA/TO,0,0,0,A,A,0,No Deposit,241.0,0,Transient,36.96,0,2
Resort Hotel,0,24,2016,February,9,22,1,1,2,0.0,0,BB,USA,Online TA,TA/TO,0,0,0,A,A,0,No Deposit,241.0,0,Transient,36.96,0,2
Resort Hotel,0,7,2016,February,9,23,0,1,2,0.0,0,BB,PRT,Direct,Direct,0,0,0,A,D,0,No Deposit,,0,Transient,60.0,0,0
Resort Hotel,0,13,2016,February,9,22,1,1,2,0.0,0,HB,PRT,Online TA,TA/TO,0,0,0,A,D,1,No Deposit,240.0,0,Transient,90.0,0,1
Resort Hotel,0,27,2016,February,7,7,6,11,2,0.0,0,HB,BRA,Online TA,TA/TO,0,0,0,D,D,2,No Deposit,241.0,0,Transient,61.6,0,1
Resort Hotel,0,4,2016,February,9,22,1,1,2,0.0,0,BB,FRA,Online TA,TA/TO,0,0,0,A,D,0,No Deposit,240.0,0,Transient,48.0,0,1
Resort Hotel,0,4,2016,February,9,22,1,1,2,0.0,0,BB,FRA,Online TA,TA/TO,0,0,0,A,D,0,No Deposit,240.0,0,Transient,48.0,0,1
Resort Hotel,0,0,2016,February,9,22,1,1,2,0.0,0,BB,PRT,Direct,Direct,0,0,0,A,D,0,No Deposit,,0,Transient,51.0,1,1
Resort Hotel,0,2,2016,March,14,29,0,3,2,0.0,0,BB,PRT,Online TA,TA/TO,1,0,1,E,E,0,No Deposit,240.0,0,Transient,83.0,1,1
Resort Hotel,0,0,2016,February,9,24,0,1,2,0.0,0,BB,FRA,Direct,Direct,1,0,0,E,E,1,No Deposit,,0,Transient,65.0,0,0
Resort Hotel,0,13,2016,February,9,21,2,1,2,0.0,0,BB,PRT,Offline TA/TO,TA/TO,0,0,0,A,A,0,No Deposit,8.0,0,Transient,29.0,0,0
Resort Hotel,0,36,2016,February,8,20,2,3,2,0.0,0,BB,IRL,Online TA,TA/TO,0,0,0,D,D,0,No Deposit,240.0,0,Transient,56.0,0,2
Resort Hotel,0,20,2016,February,9,22,1,2,2,0.0,0,BB,IRL,Offline TA/TO,TA/TO,0,0,0,A,D,0,No Deposit,115.0,0,Transient,36.1,0,0
Resort Hotel,0,29,2016,February,8,18,2,5,2,0.0,0,BB,GBR,Offline TA/TO,TA/TO,0,0,0,A,D,1,No Deposit,95.0,0,Transient,30.43,0,1
Resort Hotel,0,28,2016,February,8,20,2,3,2,0.0,0,BB,GBR,Offline TA/TO,TA/TO,0,0,0,E,E,0,No Deposit,115.0,0,Transient,40.5,0,0
Resort Hotel,0,0,2016,February,9,22,1,2,2,0.0,0,BB,ESP,Online TA,TA/TO,0,0,0,A,D,0,No Deposit,240.0,0,Transient,48.0,0,0
Resort Hotel,0,6,2016,February,9,24,0,1,2,0.0,0,BB,FIN,Online TA,TA/TO,0,0,0,A,D,0,No Deposit,240.0,0,Transient,54.0,1,1
Resort Hotel,0,0,2016,February,8,20,2,3,2,0.0,0,BB,CN,Online TA,TA/TO,0,0,0,A,A,0,No Deposit,240.0,0,Transient,48.0,0,1
Resort Hotel,0,14,2016,February,9,22,1,2,2,0.0,0,BB,GBR,Offline TA/TO,TA/TO,0,0,0,A,A,0,No Deposit,115.0,0,Transient,26.1,0,0
Resort Hotel,0,0,2016,February,9,22,1,2,2,0.0,0,BB,ESP,Online TA,TA/TO,0,0,0,A,D,0,No Deposit,240.0,0,Transient-Party,60.0,0,2
Resort Hotel,0,0,2016,February,9,22,1,2,2,0.0,0,BB,ESP,Online TA,TA/TO,0,0,0,A,D,0,No Deposit,240.0,0,Transient-Party,60.0,0,2
Resort Hotel,0,0,2016,February,9,24,0,1,2,0.0,0,BB,GBR,Online TA,TA/TO,0,0,0,A,D,0,No Deposit,241.0,0,Transient,36.96,0,1
Resort Hotel,0,10,2016,February,9,25,1,3,2,0.0,0,BB,GBR,Online TA,TA/TO,0,0,0,D,D,0,No Deposit,242.0,0,Group,58.0,0,1
Resort Hotel,0,0,2016,February,9,24,0,1,2,0.0,0,BB,GBR,Online TA,TA/TO,0,0,0,A,D,0,No Deposit,241.0,0,Transient,36.96,0,1
Resort Hotel,0,0,2016,February,9,24,0,1,2,0.0,0,BB,GBR,Online TA,TA/TO,0,0,0,A,D,0,No Deposit,241.0,0,Transient,36.96,0,1
Resort Hotel,0,10,2016,February,9,25,1,3,2,0.0,0,BB,GBR,Online TA,TA/TO,0,0,0,D,D,0,No Deposit,242.0,0,Group,58.0,0,1
Resort Hotel,0,0,2016,February,9,24,0,1,2,0.0,0,BB,PRT,Online TA,TA/TO,0,0,0,A,I,0,No Deposit,241.0,0,Transient,36.96,1,1
Resort Hotel,0,6,2016,February,9,21,2,2,2,0.0,0,BB,GBR,Offline TA/TO,TA/TO,0,0,0,E,E,0,No Deposit,171.0,0,Transient,47.0,0,0
Resort Hotel,0,0,2016,February,9,24,0,1,2,0.0,0,BB,PRT,Direct,Direct,0,0,0,A,D,0,No Deposit,,0,Transient,45.0,0,0
Resort Hotel,0,14,2016,February,9,22,1,2,2,0.0,0,BB,GBR,Offline TA/TO,TA/TO,0,0,0,A,A,0,No Deposit,115.0,0,Transient,26.1,0,0
Resort Hotel,0,14,2016,February,9,22,1,2,2,0.0,0,BB,GBR,Offline TA/TO,TA/TO,0,0,0,A,A,0,No Deposit,115.0,0,Transient,28.1,0,0
Resort Hotel,0,14,2016,February,9,22,1,2,2,0.0,0,BB,GBR,Offline TA/TO,TA/TO,0,0,0,A,A,0,No Deposit,115.0,0,Transient,26.1,0,0
Resort Hotel,0,3,2016,February,9,25,0,0,2,0.0,0,BB,PRT,Online TA,TA/TO,0,0,0,A,I,0,No Deposit,240.0,0,Transient,0.0,0,2
Resort Hotel,0,0,2016,February,9,25,0,1,2,0.0,0,BB,PRT,Online TA,TA/TO,0,0,0,A,D,0,No Deposit,240.0,0,Transient,48.0,1,0
Resort Hotel,0,0,2016,February,9,22,1,3,2,0.0,0,BB,PRT,Direct,Direct,0,0,0,A,A,0,No Deposit,,0,Transient,46.5,1,0
Resort Hotel,0,19,2016,February,9,21,2,3,2,0.0,0,BB,NLD,Online TA,TA/TO,0,0,0,A,A,0,No Deposit,240.0,0,Transient,64.0,1,0
Resort Hotel,0,2,2016,February,9,25,0,1,2,0.0,0,BB,PRT,Corporate,Corporate,0,0,0,A,D,1,No Deposit,,0,Transient,45.0,0,0
Resort Hotel,0,32,2016,February,9,21,2,3,2,0.0,0,BB,GBR,Offline TA/TO,TA/TO,0,0,0,E,E,0,No Deposit,115.0,0,Transient,40.5,0,0
Resort Hotel,0,0,2016,February,9,25,0,1,2,0.0,0,BB,PRT,Offline TA/TO,TA/TO,0,0,0,A,D,0,No Deposit,127.0,0,Transient,34.4,0,0
Resort Hotel,0,0,2016,February,9,25,0,1,2,0.0,0,BB,ESP,Direct,Direct,0,0,0,A,D,0,No Deposit,,0,Transient,45.0,0,0
Resort Hotel,0,2,2016,February,9,25,0,1,2,0.0,0,BB,PRT,Online TA,TA/TO,0,0,0,A,D,0,No Deposit,241.0,0,Transient,36.96,0,1
Resort Hotel,0,8,2016,February,8,18,2,6,2,0.0,0,HB,FRA,Online TA,TA/TO,0,0,0,A,F,0,No Deposit,241.0,0,Transient,75.26,1,2
Resort Hotel,0,13,2016,February,9,26,0,1,2,0.0,0,BB,PRT,Corporate,Corporate,0,0,0,A,D,0,No Deposit,,0,Transient,35.0,0,1
Resort Hotel,0,0,2016,February,9,25,0,1,2,0.0,0,BB,PRT,Direct,Direct,0,0,0,E,E,0,No Deposit,,0,Transient,65.0,0,0
Resort Hotel,0,0,2016,February,9,24,0,3,2,0.0,0,HB,PRT,Direct,Direct,0,0,0,E,F,0,No Deposit,250.0,0,Transient,98.67,1,2
Resort Hotel,0,0,2016,February,9,26,0,1,2,0.0,0,BB,CHE,Direct,Direct,0,0,0,E,A,0,No Deposit,,0,Transient,50.0,0,0
Resort Hotel,0,47,2016,February,8,20,2,5,2,0.0,0,FB,DEU,Offline TA/TO,TA/TO,0,0,0,E,E,0,No Deposit,95.0,0,Transient,91.0,0,0
Resort Hotel,0,1,2016,February,9,24,0,3,2,0.0,0,BB,ESP,Offline TA/TO,TA/TO,0,0,0,A,A,0,No Deposit,6.0,0,Transient,29.0,0,0
Resort Hotel,0,33,2016,February,9,27,0,0,2,0.0,0,BB,PRT,Offline TA/TO,TA/TO,0,0,0,A,I,0,No Deposit,177.0,0,Transient,0.0,0,2
Resort Hotel,0,4,2016,February,9,26,0,1,2,0.0,0,BB,PRT,Offline TA/TO,TA/TO,0,0,0,A,A,0,No Deposit,6.0,0,Transient,29.0,0,1
Resort Hotel,0,12,2016,February,9,21,2,4,2,0.0,0,BB,FRA,Online TA,TA/TO,0,0,0,D,D,0,No Deposit,240.0,0,Transient,64.0,1,1
Resort Hotel,0,11,2016,February,9,26,0,1,2,0.0,0,BB,PRT,Offline TA/TO,TA/TO,0,0,0,A,A,0,No Deposit,5.0,0,Transient,60.0,0,0
Resort Hotel,0,40,2016,February,8,20,2,5,2,0.0,0,BB,GBR,Offline TA/TO,TA/TO,0,0,0,E,E,0,No Deposit,115.0,0,Transient,40.79,0,0
Resort Hotel,0,0,2016,February,9,26,0,1,2,0.0,0,BB,DEU,Online TA,TA/TO,0,0,0,A,D,0,No Deposit,240.0,0,Transient,48.0,0,1
Resort Hotel,0,2,2016,February,9,26,0,1,2,0.0,0,BB,PRT,Online TA,TA/TO,0,0,0,A,D,0,No Deposit,240.0,0,Transient,48.0,0,1
Resort Hotel,0,3,2016,February,9,26,0,1,2,0.0,0,BB,PRT,Offline TA/TO,TA/TO,0,0,0,A,D,0,No Deposit,330.0,0,Transient-Party,45.0,0,0
Resort Hotel,0,4,2016,February,9,24,0,4,2,0.0,0,BB,GBR,Offline TA/TO,TA/TO,0,0,0,A,A,0,No Deposit,115.0,0,Transient,28.1,0,0
Resort Hotel,0,10,2016,February,9,25,1,3,2,0.0,0,BB,PRT,Online TA,TA/TO,0,0,0,A,A,1,No Deposit,242.0,0,Transient-Party,48.0,0,1
Resort Hotel,0,73,2016,February,7,7,6,15,2,0.0,0,HB,GBR,Offline TA/TO,TA/TO,0,0,0,A,F,0,No Deposit,2.0,0,Contract,65.0,0,0
Resort Hotel,0,10,2016,February,9,25,0,3,2,0.0,0,BB,PRT,Online TA,TA/TO,0,0,0,D,D,0,No Deposit,242.0,0,Transient-Party,58.0,0,1
Resort Hotel,0,0,2016,February,9,27,0,1,2,0.0,0,BB,PRT,Direct,Direct,0,0,0,A,A,0,No Deposit,,0,Transient,45.0,0,0
Resort Hotel,0,18,2016,February,9,27,0,1,2,0.0,0,BB,PRT,Online TA,TA/TO,0,0,0,A,F,0,No Deposit,240.0,0,Transient,60.0,0,0
Resort Hotel,0,1,2016,February,9,26,0,2,2,0.0,0,BB,GBR,Offline TA/TO,TA/TO,0,0,0,A,A,0,No Deposit,171.0,0,Transient,30.0,0,0
Resort Hotel,0,4,2016,February,9,26,0,2,2,0.0,0,BB,PRT,Online TA,TA/TO,0,0,0,A,D,0,No Deposit,240.0,0,Transient,48.0,0,1
Resort Hotel,0,1,2016,February,9,27,0,1,2,0.0,0,BB,PRT,Direct,Direct,0,0,0,F,F,0,No Deposit,,0,Transient,50.0,0,1
Resort Hotel,0,30,2016,February,9,26,0,2,2,0.0,0,BB,CHN,Online TA,TA/TO,0,0,0,A,D,0,No Deposit,240.0,0,Transient,48.0,0,2
Resort Hotel,0,1,2016,February,9,27,0,1,2,0.0,0,BB,PRT,Direct,Direct,0,0,0,F,F,0,No Deposit,,0,Transient,50.0,0,1
Resort Hotel,0,7,2016,February,9,26,0,2,2,0.0,0,BB,NLD,Online TA,TA/TO,0,0,0,G,G,0,No Deposit,240.0,0,Transient,101.0,1,0
Resort Hotel,0,9,2016,February,9,27,0,1,2,0.0,0,BB,PRT,Online TA,TA/TO,0,0,0,E,E,0,No Deposit,240.0,0,Transient,68.0,0,1
Resort Hotel,0,48,2016,February,9,23,0,5,2,0.0,0,BB,GBR,Offline TA/TO,TA/TO,0,0,0,A,A,0,No Deposit,314.0,0,Transient,30.0,0,0
Resort Hotel,0,3,2016,February,9,27,0,1,2,0.0,0,HB,PRT,Online TA,TA/TO,0,0,0,D,D,0,No Deposit,240.0,0,Transient,95.0,0,2
Resort Hotel,0,3,2016,February,9,27,0,1,2,0.0,0,HB,ESP,Online TA,TA/TO,0,0,0,D,D,0,No Deposit,240.0,0,Transient,95.0,0,2
Resort Hotel,0,0,2016,March,10,4,0,1,2,0.0,0,BB,FIN,Online TA,TA/TO,1,0,1,D,D,0,No Deposit,240.0,0,Transient,58.0,0,0
Resort Hotel,0,23,2016,February,9,26,0,2,2,0.0,0,BB,PRT,Online TA,TA/TO,0,0,0,A,D,0,No Deposit,240.0,0,Transient,58.0,0,1
Resort Hotel,0,10,2016,February,9,25,0,3,2,0.0,0,BB,PRT,Online TA,TA/TO,0,0,0,A,A,0,No Deposit,242.0,0,Transient-Party,48.0,1,1
Resort Hotel,0,10,2016,February,9,25,0,3,2,0.0,0,BB,PRT,Online TA,TA/TO,0,0,0,A,A,0,No Deposit,242.0,0,Transient-Party,48.0,0,1
Resort Hotel,0,19,2016,February,9,27,0,1,2,0.0,0,BB,PRT,Complementary,TA/TO,0,0,0,A,F,0,No Deposit,5.0,0,Transient,0.0,0,0
Resort Hotel,0,3,2016,February,9,26,0,2,2,0.0,0,BB,PRT,Direct,Direct,0,0,0,F,F,1,No Deposit,250.0,0,Transient,90.0,0,1
Resort Hotel,0,6,2016,February,9,26,0,2,2,0.0,0,BB,PRT,Direct,Direct,0,0,0,D,D,0,No Deposit,,0,Transient-Party,55.0,0,1
Resort Hotel,0,4,2016,February,9,21,2,5,2,0.0,0,BB,FRA,Offline TA/TO,TA/TO,0,0,0,A,A,0,No Deposit,171.0,0,Transient,27.56,0,1
Resort Hotel,0,43,2016,February,9,24,1,4,2,0.0,0,BB,NLD,Online TA,TA/TO,0,0,0,D,E,0,No Deposit,240.0,0,Transient,50.8,1,1
Resort Hotel,0,10,2016,February,9,25,1,3,2,0.0,0,BB,GBR,Online TA,TA/TO,0,0,0,D,D,0,No Deposit,242.0,0,Transient-Party,58.0,0,1
Resort Hotel,0,28,2016,February,9,22,2,5,2,0.0,0,HB,NLD,Online TA,TA/TO,0,0,0,E,E,0,No Deposit,240.0,0,Transient,96.0,0,1
Resort Hotel,0,38,2016,February,9,21,3,5,2,0.0,0,BB,NLD,Online TA,TA/TO,0,0,0,E,E,0,No Deposit,240.0,0,Transient,58.8,1,1
Resort Hotel,0,1,2016,February,9,27,1,1,2,0.0,0,FB,ESP,Groups,TA/TO,0,0,0,A,A,0,No Deposit,38.0,0,Transient-Party,64.0,0,0
Resort Hotel,0,5,2016,February,7,8,6,15,2,0.0,0,Undefined,FRA,Offline TA/TO,TA/TO,0,0,0,A,E,1,No Deposit,363.0,0,Transient,75.81,1,0
Resort Hotel,0,11,2016,February,9,26,1,2,2,0.0,0,FB,ESP,Offline TA/TO,TA/TO,0,0,0,A,A,0,No Deposit,6.0,0,Transient,75.0,0,0
Resort Hotel,0,6,2016,February,9,21,3,5,2,0.0,0,BB,IRL,Offline TA/TO,TA/TO,0,0,0,E,E,0,No Deposit,156.0,0,Transient,48.75,1,0
Resort Hotel,0,18,2016,February,9,27,1,1,2,0.0,0,HB,PRT,Online TA,TA/TO,0,0,0,A,C,0,No Deposit,240.0,0,Transient,80.0,0,0
Resort Hotel,0,3,2016,February,9,27,1,1,2,0.0,0,BB,PRT,Offline TA/TO,TA/TO,0,0,0,A,A,0,No Deposit,171.0,0,Transient,30.0,0,1
Resort Hotel,0,3,2016,February,9,27,1,1,2,0.0,0,BB,PRT,Offline TA/TO,TA/TO,0,0,0,A,A,0,No Deposit,171.0,0,Transient,30.0,0,1
Resort Hotel,0,3,2016,February,9,27,1,1,2,0.0,0,BB,ESP,Offline TA/TO,TA/TO,0,0,0,D,D,0,No Deposit,171.0,0,Transient,37.0,0,1
Resort Hotel,0,40,2016,February,9,27,1,1,2,0.0,0,BB,GBR,Offline TA/TO,TA/TO,0,0,0,A,A,0,No Deposit,314.0,0,Transient,32.0,0,0
Resort Hotel,0,30,2016,February,9,26,1,2,2,0.0,0,BB,ESP,Online TA,TA/TO,0,0,0,A,D,0,No Deposit,240.0,0,Transient,48.0,0,1
Resort Hotel,0,0,2016,February,9,27,1,1,2,0.0,0,BB,PRT,Online TA,TA/TO,0,0,0,A,A,1,No Deposit,348.0,0,Transient,46.4,0,0
Resort Hotel,0,5,2016,February,9,27,1,1,2,0.0,0,HB,PRT,Offline TA/TO,TA/TO,0,0,0,A,A,0,No Deposit,171.0,0,Transient,55.0,0,0
Resort Hotel,0,1,2016,February,10,28,1,0,2,0.0,0,BB,ESP,Online TA,TA/TO,0,0,0,E,E,0,No Deposit,240.0,0,Transient,73.0,0,0
Resort Hotel,0,11,2016,February,9,26,1,2,2,0.0,0,BB,PRT,Online TA,TA/TO,0,0,0,A,D,0,No Deposit,240.0,0,Transient,60.0,0,2
Resort Hotel,0,5,2016,February,9,27,1,1,2,0.0,0,BB,PRT,Online TA,TA/TO,0,0,0,A,F,0,No Deposit,240.0,0,Transient,53.0,0,1
Resort Hotel,0,2,2016,February,9,26,1,2,2,0.0,0,HB,ESP,Online TA,TA/TO,0,0,0,E,E,0,No Deposit,240.0,0,Transient,109.33,1,1
Resort Hotel,0,4,2016,February,9,27,1,1,2,0.0,0,BB,PRT,Complementary,Direct,0,0,0,A,E,0,No Deposit,,0,Transient,0.0,0,0
Resort Hotel,0,14,2016,February,9,26,1,2,2,0.0,0,HB,ESP,Offline TA/TO,TA/TO,0,0,0,A,A,0,No Deposit,177.0,0,Transient,55.0,0,2
Resort Hotel,0,4,2016,February,9,27,1,1,2,0.0,0,BB,PRT,Online TA,TA/TO,0,0,0,D,D,0,No Deposit,240.0,0,Transient,63.0,0,1
Resort Hotel,0,18,2016,February,9,27,1,1,2,0.0,0,BB,ESP,Online TA,TA/TO,0,0,0,A,E,0,No Deposit,240.0,0,Transient,60.0,0,0
Resort Hotel,0,2,2016,February,9,27,1,1,2,0.0,0,BB,PRT,Direct,Direct,0,0,0,D,F,0,No Deposit,,0,Transient,60.0,0,0
Resort Hotel,0,45,2016,February,10,28,1,0,2,0.0,0,HB,PRT,Offline TA/TO,TA/TO,0,0,0,A,A,0,No Deposit,314.0,0,Transient,56.0,0,1
Resort Hotel,0,45,2016,February,10,28,1,0,2,0.0,0,HB,PRT,Offline TA/TO,TA/TO,0,0,0,A,A,0,No Deposit,314.0,0,Transient,56.0,0,1
Resort Hotel,0,24,2016,February,9,26,1,2,2,0.0,0,BB,PRT,Online TA,TA/TO,0,0,0,A,D,0,No Deposit,240.0,0,Transient,48.0,0,1
Resort Hotel,0,1,2016,February,9,26,1,2,2,0.0,0,BB,ESP,Offline TA/TO,TA/TO,0,0,0,A,A,0,No Deposit,8.0,0,Transient,29.0,0,0
Resort Hotel,0,16,2016,February,9,27,1,1,2,0.0,0,BB,ESP,Online TA,TA/TO,0,0,0,A,D,0,No Deposit,240.0,0,Transient,48.0,0,1
Resort Hotel,0,12,2016,February,9,27,1,1,2,0.0,0,BB,ESP,Online TA,TA/TO,0,0,0,A,A,0,No Deposit,240.0,0,Transient,48.0,0,1
Resort Hotel,0,17,2016,February,9,26,1,2,2,0.0,0,BB,PRT,Online TA,TA/TO,0,0,0,A,D,0,No Deposit,240.0,0,Transient-Party,60.0,0,0
Resort Hotel,0,30,2016,February,9,26,1,2,2,0.0,0,BB,ESP,Online TA,TA/TO,0,0,0,A,D,0,No Deposit,240.0,0,Transient-Party,48.0,0,3
Resort Hotel,0,4,2016,February,9,26,1,2,2,0.0,0,FB,ESP,Offline TA/TO,TA/TO,0,0,0,A,A,0,No Deposit,177.0,0,Transient,75.0,0,1
Resort Hotel,0,15,2016,February,9,27,1,1,2,0.0,0,BB,PRT,Online TA,TA/TO,0,0,0,A,D,0,No Deposit,240.0,0,Transient,54.0,1,1
Resort Hotel,0,53,2016,February,9,26,1,2,2,0.0,0,BB,PRT,Offline TA/TO,TA/TO,0,0,0,A,A,0,No Deposit,196.0,0,Transient,30.0,0,0
Resort Hotel,0,89,2016,February,9,25,1,3,2,0.0,0,BB,GBR,Online TA,TA/TO,0,0,0,D,D,0,No Deposit,240.0,0,Transient,46.4,0,1
Resort Hotel,0,16,2016,February,9,27,1,1,2,0.0,0,BB,ESP,Online TA,TA/TO,0,0,0,A,E,0,No Deposit,240.0,0,Transient,48.0,0,0
Resort Hotel,0,17,2016,February,9,26,1,2,2,0.0,0,HB,ESP,Offline TA/TO,TA/TO,0,0,0,A,A,1,No Deposit,196.0,0,Transient-Party,44.5,0,0
Resort Hotel,0,38,2016,February,10,28,1,0,2,0.0,0,BB,ESP,Online TA,TA/TO,0,0,0,A,D,0,No Deposit,240.0,0,Transient,54.0,1,0
Resort Hotel,0,16,2016,February,9,27,1,1,2,0.0,0,HB,BRA,Direct,Direct,0,0,0,D,D,1,No Deposit,250.0,0,Transient,85.0,0,0
Resort Hotel,0,17,2016,February,9,26,1,2,2,0.0,0,HB,ESP,Offline TA/TO,TA/TO,0,0,0,A,A,0,No Deposit,196.0,0,Transient-Party,56.0,0,0
Resort Hotel,0,17,2016,February,9,26,1,2,2,0.0,0,HB,ESP,Offline TA/TO,TA/TO,0,0,0,A,A,0,No Deposit,196.0,0,Transient,56.0,0,0
Resort Hotel,0,12,2016,February,9,27,1,1,2,0.0,0,BB,ESP,Online TA,TA/TO,0,0,0,A,D,0,No Deposit,240.0,0,Transient,48.0,0,2
Resort Hotel,0,4,2016,February,9,26,1,2,2,0.0,0,BB,PRT,Online TA,TA/TO,0,0,0,A,D,0,No Deposit,240.0,0,Transient,51.33,0,2
Resort Hotel,0,3,2016,February,9,27,1,1,2,0.0,0,HB,PRT,Offline TA/TO,TA/TO,0,0,0,A,E,0,No Deposit,171.0,0,Transient,55.0,0,0
Resort Hotel,0,24,2016,February,9,26,1,2,2,0.0,0,BB,PRT,Online TA,TA/TO,0,0,0,A,D,0,No Deposit,240.0,0,Transient,54.0,1,2
Resort Hotel,0,24,2016,February,9,26,1,2,2,0.0,0,BB,ESP,Online TA,TA/TO,0,0,0,A,D,0,No Deposit,240.0,0,Transient,48.0,0,2
Resort Hotel,0,5,2016,February,9,27,1,1,2,0.0,0,BB,ESP,Online TA,TA/TO,0,0,0,A,E,0,No Deposit,240.0,0,Transient,65.0,0,1
Resort Hotel,0,7,2016,February,9,26,1,2,2,0.0,0,BB,ESP,Online TA,TA/TO,0,0,0,E,E,0,No Deposit,240.0,0,Transient,68.0,0,1
Resort Hotel,0,53,2016,February,9,26,1,2,2,0.0,0,BB,ESP,Offline TA/TO,TA/TO,0,0,0,A,A,0,No Deposit,196.0,0,Transient,30.0,0,0
Resort Hotel,0,8,2016,February,9,27,1,1,2,0.0,0,HB,PRT,Online TA,TA/TO,0,0,0,D,D,0,No Deposit,241.0,0,Transient,55.44,0,1
Resort Hotel,0,8,2016,February,9,27,1,1,2,0.0,0,HB,PRT,Online TA,TA/TO,0,0,0,D,D,0,No Deposit,241.0,0,Transient,55.44,0,1
Resort Hotel,0,42,2016,February,9,26,1,2,2,0.0,0,BB,IRL,Online TA,TA/TO,0,0,0,A,D,0,No Deposit,240.0,0,Transient,48.0,0,1
Resort Hotel,0,102,2016,February,9,27,1,1,2,0.0,0,BB,PRT,Offline TA/TO,TA/TO,0,0,0,D,D,0,No Deposit,15.0,0,Transient,37.0,0,1
Resort Hotel,0,91,2016,February,9,25,2,3,2,0.0,0,BB,IRL,Online TA,TA/TO,0,0,0,D,D,0,No Deposit,240.0,0,Transient,46.4,0,2
Resort Hotel,0,38,2016,February,9,27,2,1,2,0.0,0,HB,FRA,Online TA,TA/TO,0,0,0,G,G,1,No Deposit,241.0,0,Transient,76.47,1,2
Resort Hotel,0,3,2016,February,10,28,2,0,2,0.0,0,BB,PRT,Offline TA/TO,TA/TO,0,0,0,A,D,0,No Deposit,171.0,0,Transient,30.0,0,0
Resort Hotel,0,5,2017,January,1,4,0,3,2,0.0,0,BB,PRT,Direct,TA/TO,1,0,1,A,D,0,No Deposit,250.0,0,Transient,44.0,0,0
Resort Hotel,0,12,2016,February,9,27,2,1,2,0.0,0,BB,PRT,Offline TA/TO,TA/TO,0,0,0,D,D,0,No Deposit,26.0,0,Transient,36.1,0,1
Resort Hotel,0,29,2016,February,9,26,2,2,2,0.0,0,BB,PRT,Offline TA/TO,TA/TO,0,0,0,A,A,0,No Deposit,6.0,0,Transient,29.0,0,1
Resort Hotel,0,3,2016,February,9,26,2,2,2,0.0,0,HB,ESP,Offline TA/TO,TA/TO,0,0,0,E,E,0,No Deposit,156.0,0,Transient,68.75,0,0
Resort Hotel,0,58,2016,February,9,26,2,3,2,0.0,0,BB,AUS,Online TA,TA/TO,0,0,0,E,E,0,No Deposit,242.0,0,Transient,57.8,0,0
Resort Hotel,0,0,2016,March,10,1,0,1,2,0.0,0,BB,ESP,Direct,Direct,0,0,0,A,D,0,No Deposit,,0,Transient,8.0,0,0
Resort Hotel,0,22,2016,February,9,24,2,5,2,0.0,0,BB,FRA,Online TA,TA/TO,0,0,0,D,D,0,No Deposit,240.0,0,Transient,63.14,1,1
Resort Hotel,0,83,2016,February,10,28,2,1,2,0.0,0,BB,PRT,Online TA,TA/TO,0,0,0,E,E,0,No Deposit,240.0,0,Transient,62.53,0,1
Resort Hotel,0,1,2016,March,10,1,0,1,2,0.0,0,BB,PRT,Online TA,TA/TO,0,0,0,A,D,0,No Deposit,240.0,0,Transient,48.0,0,0
Resort Hotel,0,38,2016,February,9,25,2,4,2,0.0,0,BB,PRT,Offline TA/TO,TA/TO,0,0,0,A,A,0,No Deposit,15.0,0,Transient-Party,35.0,1,1
Resort Hotel,0,38,2016,February,9,25,2,4,2,0.0,0,BB,PRT,Offline TA/TO,TA/TO,0,0,0,A,A,0,No Deposit,15.0,0,Transient-Party,29.0,0,1
Resort Hotel,0,14,2016,February,8,17,4,10,2,0.0,0,BB,PRT,Online TA,TA/TO,0,0,0,A,D,5,No Deposit,240.0,0,Transient,48.0,0,1
Resort Hotel,0,19,2016,February,9,24,2,5,2,0.0,0,BB,RUS,Offline TA/TO,TA/TO,0,0,0,A,A,0,No Deposit,314.0,0,Transient,34.57,0,0
Resort Hotel,0,88,2016,February,9,24,2,5,2,0.0,0,BB,DEU,Offline TA/TO,TA/TO,0,0,0,A,D,0,No Deposit,6.0,0,Transient,27.43,0,0
Resort Hotel,0,22,2016,February,6,4,8,20,2,0.0,0,Undefined,FRA,Offline TA/TO,TA/TO,0,0,0,A,E,1,No Deposit,363.0,0,Transient,72.21,0,0
Resort Hotel,0,28,2016,March,10,1,0,2,2,0.0,0,BB,PRT,Online TA,TA/TO,0,0,0,A,D,0,No Deposit,240.0,0,Transient,48.0,0,1
Resort Hotel,0,20,2016,February,9,25,2,5,2,0.0,0,HB,GBR,Offline TA/TO,TA/TO,0,0,0,D,D,0,No Deposit,115.0,0,Transient,56.7,0,0
Resort Hotel,0,42,2016,February,9,25,2,5,2,0.0,0,HB,GBR,Offline TA/TO,TA/TO,0,0,0,A,A,0,No Deposit,2.0,0,Contract,31.0,0,0
Resort Hotel,0,0,2016,March,10,1,0,2,2,0.0,0,BB,GBR,Online TA,TA/TO,0,0,0,A,D,0,No Deposit,240.0,0,Transient,54.0,1,0
Resort Hotel,0,7,2016,February,10,29,1,2,2,0.0,0,BB,NLD,Online TA,TA/TO,0,0,0,D,D,2,No Deposit,240.0,0,Transient,66.0,1,0
Resort Hotel,0,11,2016,February,10,28,2,2,2,0.0,0,BB,GBR,Offline TA/TO,TA/TO,0,0,0,A,A,0,No Deposit,26.0,0,Transient,29.0,0,0
Resort Hotel,0,19,2016,February,10,29,1,2,2,0.0,0,BB,ESP,Online TA,TA/TO,0,0,0,A,D,0,No Deposit,240.0,0,Transient,60.0,1,0
Resort Hotel,0,14,2016,February,10,29,1,2,2,0.0,0,BB,PRT,Offline TA/TO,TA/TO,0,0,0,D,D,0,No Deposit,8.0,0,Transient,43.0,1,0
Resort Hotel,0,38,2016,February,9,25,2,5,2,0.0,0,FB,GBR,Offline TA/TO,TA/TO,0,0,0,A,A,0,No Deposit,115.0,0,Transient,69.21,0,0
Resort Hotel,0,5,2016,March,10,2,0,1,2,0.0,0,BB,GBR,Corporate,Corporate,0,0,0,E,E,0,No Deposit,360.0,0,Transient,65.0,0,0
Resort Hotel,0,0,2016,March,10,2,0,1,2,0.0,0,BB,PRT,Direct,Direct,0,0,0,A,A,1,No Deposit,,0,Transient,45.0,0,0
Resort Hotel,0,3,2016,February,10,29,1,2,2,0.0,0,Undefined,PRT,Offline TA/TO,TA/TO,0,0,0,A,A,2,No Deposit,196.0,0,Transient,55.0,0,0
Resort Hotel,0,0,2016,March,10,2,0,1,2,0.0,0,BB,PRT,Online TA,TA/TO,0,0,0,A,A,1,No Deposit,240.0,0,Transient,48.0,0,0
Resort Hotel,0,0,2016,March,10,1,0,2,2,0.0,0,BB,BRA,Direct,Direct,0,0,0,F,F,1,No Deposit,,0,Transient,65.0,1,0
Resort Hotel,0,2,2016,March,10,2,0,1,2,0.0,0,BB,PRT,Online TA,Direct,0,0,0,D,D,0,No Deposit,,0,Transient,58.0,0,0
Resort Hotel,0,10,2016,February,10,29,1,2,2,0.0,0,HB,PRT,Online TA,TA/TO,0,0,0,E,F,0,No Deposit,241.0,0,Transient,63.6,0,1
Resort Hotel,0,0,2016,March,10,2,0,1,2,0.0,0,BB,PRT,Offline TA/TO,TA/TO,0,0,0,A,A,0,No Deposit,6.0,0,Transient,29.0,0,0
Resort Hotel,0,26,2016,February,10,29,1,2,2,0.0,0,BB,CHL,Online TA,TA/TO,0,0,0,A,D,0,No Deposit,240.0,0,Transient,53.33,0,1
Resort Hotel,0,1,2016,February,8,18,4,10,2,0.0,0,BB,IRL,Offline TA/TO,TA/TO,0,0,0,A,A,0,No Deposit,8.0,0,Transient,26.1,0,0
Resort Hotel,0,26,2016,February,10,28,2,2,2,0.0,0,BB,GBR,Online TA,TA/TO,0,0,0,G,G,0,No Deposit,240.0,0,Transient,86.0,0,1
Resort Hotel,0,2,2016,March,10,1,0,2,2,0.0,0,BB,FIN,Direct,Direct,0,0,0,E,E,0,No Deposit,,0,Transient,65.0,0,0
Resort Hotel,0,0,2016,March,10,2,0,2,2,0.0,0,BB,PRT,Direct,Direct,0,0,0,A,D,1,No Deposit,,0,Transient,46.0,1,0
Resort Hotel,0,0,2016,March,10,2,0,2,2,0.0,0,BB,ITA,Direct,Direct,0,0,0,F,F,3,No Deposit,,0,Transient,65.0,0,0
Resort Hotel,0,0,2016,September,38,11,2,0,2,0.0,0,BB,ITA,Direct,Direct,1,0,1,A,A,0,No Deposit,,0,Transient,145.0,0,0
Resort Hotel,0,17,2016,March,10,3,0,1,2,0.0,0,HB,PRT,Online TA,TA/TO,0,0,0,A,D,1,No Deposit,240.0,0,Transient,80.0,0,0
Resort Hotel,0,42,2016,February,8,15,5,13,2,0.0,0,BB,GBR,Offline TA/TO,TA/TO,0,0,0,D,E,0,No Deposit,95.0,0,Transient,46.44,0,1
Resort Hotel,0,53,2016,February,10,28,2,3,2,0.0,0,BB,PRT,Online TA,TA/TO,0,0,0,G,G,0,No Deposit,240.0,0,Transient,82.0,0,0
Resort Hotel,0,100,2016,February,9,26,2,5,2,0.0,0,BB,PRT,Offline TA/TO,TA/TO,0,0,0,A,D,0,No Deposit,6.0,0,Transient,26.0,0,0
Resort Hotel,0,14,2016,March,10,2,0,2,2,0.0,0,BB,PRT,Online TA,TA/TO,0,0,0,E,E,1,No Deposit,240.0,0,Transient,68.0,0,0
Resort Hotel,0,1,2016,February,10,29,1,3,2,0.0,0,BB,NLD,Online TA,TA/TO,0,0,0,A,D,0,No Deposit,240.0,0,Transient,66.0,1,0
Resort Hotel,0,1,2016,March,10,2,0,2,2,0.0,0,BB,PRT,Online TA,TA/TO,0,0,0,A,D,0,No Deposit,240.0,0,Transient,48.0,0,0
Resort Hotel,0,1,2016,November,48,26,2,2,2,0.0,0,BB,PRT,Online TA,TA/TO,1,0,1,A,D,0,No Deposit,240.0,0,Transient,48.0,0,0
Resort Hotel,0,56,2016,February,10,29,1,3,2,0.0,0,BB,GBR,Offline TA/TO,TA/TO,0,0,0,A,D,0,No Deposit,8.0,0,Transient,29.0,0,1
Resort Hotel,0,10,2016,February,10,29,1,3,2,0.0,0,BB,IRL,Offline TA/TO,TA/TO,0,0,0,A,A,0,No Deposit,95.0,0,Transient,29.0,0,0
Resort Hotel,0,0,2016,March,10,4,0,0,2,0.0,0,HB,PRT,Offline TA/TO,TA/TO,1,0,0,A,I,0,No Deposit,171.0,0,Transient,0.0,0,0
Resort Hotel,0,36,2016,March,10,3,0,1,2,0.0,0,BB,GBR,Offline TA/TO,TA/TO,0,0,0,A,D,0,No Deposit,6.0,0,Transient,26.0,0,1
Resort Hotel,0,10,2016,March,10,1,0,3,2,0.0,0,BB,GBR,Offline TA/TO,TA/TO,0,0,0,A,A,0,No Deposit,95.0,0,Transient,31.0,0,0
Resort Hotel,0,13,2016,March,10,3,0,1,2,0.0,0,BB,DEU,Online TA,TA/TO,0,0,0,A,I,0,No Deposit,240.0,0,Transient,48.0,0,0
Resort Hotel,0,11,2016,March,10,4,0,1,2,0.0,0,BB,DEU,Online TA,TA/TO,0,0,0,A,D,0,No Deposit,240.0,0,Transient,48.0,0,0
Resort Hotel,0,8,2016,February,9,27,2,5,2,0.0,0,BB,IRL,Direct,Direct,0,0,0,E,E,0,No Deposit,250.0,0,Transient,65.0,0,0
Resort Hotel,0,18,2016,February,9,27,2,5,2,0.0,0,BB,PRT,Direct,Direct,0,0,0,D,D,0,No Deposit,250.0,0,Transient,57.0,0,1
Resort Hotel,0,5,2016,February,9,27,2,5,2,0.0,0,BB,GBR,Offline TA/TO,TA/TO,0,0,0,A,A,0,No Deposit,8.0,0,Transient,26.1,0,0
Resort Hotel,0,1,2016,March,10,4,0,1,2,0.0,0,BB,PRT,Online TA,TA/TO,0,0,0,A,D,0,No Deposit,240.0,0,Transient,48.0,0,1
Resort Hotel,0,29,2016,February,9,27,2,5,2,0.0,0,BB,GBR,Offline TA/TO,TA/TO,0,0,0,A,A,0,No Deposit,115.0,0,Transient,26.1,0,0
Resort Hotel,0,1,2016,March,10,4,0,1,2,0.0,0,BB,PRT,Online TA,TA/TO,0,0,0,A,D,0,No Deposit,240.0,0,Transient,48.0,0,1
Resort Hotel,0,3,2016,February,9,23,2,9,2,0.0,0,HB,IRL,Offline TA/TO,TA/TO,0,0,0,A,A,0,No Deposit,171.0,0,Transient,55.0,0,0
Resort Hotel,0,88,2016,March,10,4,0,1,2,0.0,0,BB,PRT,Offline TA/TO,TA/TO,0,0,0,D,D,0,No Deposit,251.0,0,Transient,36.0,0,0
Resort Hotel,0,8,2016,March,10,1,0,4,2,0.0,0,BB,NOR,Online TA,TA/TO,0,0,0,A,D,0,No Deposit,240.0,0,Transient,48.0,0,0
Resort Hotel,0,1,2016,March,10,1,0,4,2,0.0,0,BB,CN,Online TA,TA/TO,0,0,0,D,D,0,No Deposit,241.0,0,Transient,44.66,0,1
Resort Hotel,0,24,2016,March,10,4,0,1,2,0.0,0,BB,PRT,Online TA,TA/TO,0,0,0,A,D,0,No Deposit,240.0,0,Transient,48.0,1,1
Resort Hotel,0,24,2016,March,10,4,0,1,2,0.0,0,BB,PRT,Online TA,TA/TO,0,0,0,A,D,0,No Deposit,240.0,0,Transient,48.0,0,1
Resort Hotel,0,0,2016,March,10,4,0,1,2,0.0,0,BB,PRT,Direct,Direct,0,0,0,F,F,0,No Deposit,,0,Transient,75.0,0,0
Resort Hotel,0,3,2016,March,10,4,0,1,2,0.0,0,BB,PRT,Offline TA/TO,TA/TO,0,0,0,A,A,0,No Deposit,330.0,0,Transient-Party,45.0,0,0
Resort Hotel,0,32,2016,March,10,1,0,5,2,0.0,0,BB,AUT,Online TA,TA/TO,0,0,0,D,D,0,No Deposit,240.0,0,Transient,56.0,0,1
Resort Hotel,0,45,2016,March,10,1,0,5,2,0.0,0,HB,DEU,Groups,Direct,0,0,0,E,G,1,No Deposit,,0,Transient,106.0,0,1
Resort Hotel,0,18,2016,March,10,4,0,2,2,0.0,0,BB,ESP,Online TA,TA/TO,0,0,0,A,D,1,No Deposit,240.0,0,Transient,48.0,0,2
Resort Hotel,0,26,2016,March,10,1,0,5,2,0.0,0,HB,GBR,Offline TA/TO,TA/TO,0,0,0,E,F,0,No Deposit,314.0,0,Transient,60.4,1,0
Resort Hotel,0,7,2016,March,10,3,0,3,2,0.0,0,BB,PRT,Offline TA/TO,TA/TO,0,0,0,E,E,0,No Deposit,6.0,0,Transient,45.0,1,1
Resort Hotel,0,60,2016,March,10,5,0,1,2,0.0,0,BB,CN,Offline TA/TO,TA/TO,0,0,0,D,D,0,No Deposit,251.0,0,Transient,37.0,0,0
Resort Hotel,0,1,2016,March,10,4,0,2,2,0.0,0,BB,PRT,Online TA,TA/TO,0,0,0,E,E,0,No Deposit,240.0,0,Transient,74.0,1,0
Resort Hotel,0,0,2016,March,10,3,0,3,2,0.0,0,BB,PRT,Online TA,TA/TO,0,0,0,D,D,0,No Deposit,240.0,0,Transient,58.0,0,2
Resort Hotel,0,3,2016,March,10,4,0,2,2,0.0,0,BB,PRT,Online TA,TA/TO,0,0,0,A,D,0,No Deposit,240.0,0,Transient,48.0,1,1
Resort Hotel,0,14,2016,March,10,5,0,1,2,0.0,0,BB,PRT,Direct,Direct,0,0,0,A,D,0,No Deposit,,0,Transient,75.0,0,2
Resort Hotel,0,61,2016,March,10,1,0,5,2,0.0,0,HB,GBR,Offline TA/TO,TA/TO,0,0,0,D,D,2,No Deposit,95.0,0,Transient,63.0,0,0
Resort Hotel,0,8,2016,March,10,3,0,3,2,0.0,0,BB,PRT,Online TA,TA/TO,0,0,0,A,D,0,No Deposit,240.0,0,Transient,48.0,0,1
Resort Hotel,0,1,2016,March,10,5,0,1,2,0.0,0,BB,PRT,Offline TA/TO,TA/TO,0,0,0,A,A,0,No Deposit,6.0,0,Transient,29.0,0,0
Resort Hotel,0,7,2016,March,10,4,0,2,2,0.0,0,BB,PRT,Offline TA/TO,TA/TO,0,0,0,A,A,0,No Deposit,8.0,0,Transient,35.0,1,0
Resort Hotel,0,1,2016,March,10,4,0,2,2,0.0,0,BB,PRT,Online TA,TA/TO,0,0,0,E,F,0,No Deposit,240.0,0,Transient,68.0,0,2
Resort Hotel,0,4,2016,March,10,5,0,1,2,0.0,0,BB,PRT,Direct,Direct,0,0,0,F,G,0,No Deposit,,0,Transient,81.0,1,1
Resort Hotel,0,1,2016,March,10,4,0,2,2,0.0,0,BB,PRT,Online TA,TA/TO,0,0,0,E,F,0,No Deposit,240.0,0,Transient,68.0,1,1
Resort Hotel,0,1,2016,March,10,4,0,2,2,0.0,0,BB,PRT,Online TA,TA/TO,0,0,0,E,F,0,No Deposit,240.0,0,Transient,74.0,1,1
Resort Hotel,0,3,2016,March,10,4,0,2,2,0.0,0,BB,PRT,Corporate,Corporate,0,0,0,A,A,1,No Deposit,135.0,0,Transient,35.0,1,0
Resort Hotel,0,0,2016,March,10,5,0,1,2,0.0,0,BB,PRT,Offline TA/TO,TA/TO,0,0,0,A,A,0,No Deposit,177.0,0,Transient,29.0,0,0
Resort Hotel,0,10,2016,March,10,5,0,1,2,0.0,0,BB,ESP,Offline TA/TO,TA/TO,0,0,0,A,A,0,No Deposit,6.0,0,Transient,29.0,0,0
Resort Hotel,0,3,2016,March,10,4,0,2,2,0.0,0,HB,PRT,Offline TA/TO,TA/TO,0,0,0,A,A,0,No Deposit,196.0,0,Transient,56.0,0,0
Resort Hotel,0,46,2016,March,10,4,0,2,2,0.0,0,BB,PRT,Online TA,TA/TO,0,0,0,A,D,0,No Deposit,240.0,0,Transient,48.0,0,2
Resort Hotel,0,53,2016,February,9,26,2,7,2,0.0,0,BB,GBR,Offline TA/TO,TA/TO,0,0,0,A,A,0,No Deposit,115.0,0,Transient,26.1,0,1
Resort Hotel,0,5,2016,March,10,5,0,1,2,0.0,0,BB,PRT,Online TA,TA/TO,0,0,0,E,F,0,No Deposit,240.0,0,Transient,68.0,0,3
Resort Hotel,0,5,2016,March,10,5,0,1,2,0.0,0,BB,PRT,Online TA,TA/TO,0,0,0,E,F,0,No Deposit,240.0,0,Transient,68.0,0,3
Resort Hotel,0,53,2016,February,9,26,2,7,2,0.0,0,BB,IRL,Offline TA/TO,TA/TO,0,0,0,A,A,0,No Deposit,115.0,0,Transient,26.1,0,1
Resort Hotel,0,23,2016,March,10,4,0,2,2,0.0,0,BB,PRT,Direct,Direct,0,0,0,A,D,0,No Deposit,,0,Transient,60.0,0,0
Resort Hotel,0,44,2016,February,10,28,2,5,2,0.0,0,BB,PRT,Offline TA/TO,TA/TO,0,0,0,E,E,0,No Deposit,115.0,0,Transient,42.5,0,0
Resort Hotel,0,4,2016,March,10,5,0,1,2,0.0,0,BB,PRT,Direct,Direct,0,0,0,A,D,2,No Deposit,250.0,0,Transient,50.0,0,0
Resort Hotel,0,2,2016,March,10,5,0,1,2,0.0,0,BB,ESP,Online TA,TA/TO,0,0,0,E,F,0,No Deposit,240.0,0,Transient,68.0,0,0
Resort Hotel,0,5,2016,March,10,1,0,5,2,0.0,0,HB,AUT,Groups,Direct,0,0,0,E,E,0,No Deposit,,0,Transient-Party,81.0,0,0
Resort Hotel,0,4,2016,March,10,5,0,1,2,0.0,0,BB,PRT,Online TA,TA/TO,0,0,0,A,D,0,No Deposit,240.0,0,Transient,48.0,0,1
Resort Hotel,0,27,2017,May,18,1,1,2,2,0.0,0,BB,PRT,Direct,TA/TO,1,0,1,D,D,0,No Deposit,250.0,0,Transient,99.0,0,2
Resort Hotel,0,2,2016,March,10,3,0,3,2,0.0,0,BB,PRT,Online TA,TA/TO,0,0,0,D,D,0,No Deposit,240.0,0,Transient,64.0,1,1
Resort Hotel,0,16,2016,March,10,4,0,2,2,0.0,0,BB,PRT,Online TA,TA/TO,0,0,0,A,D,0,No Deposit,240.0,0,Transient,48.0,0,1
Resort Hotel,0,14,2016,March,10,5,0,1,2,0.0,0,HB,ESP,Online TA,TA/TO,0,0,0,A,A,0,No Deposit,240.0,0,Transient,86.0,1,1
Resort Hotel,0,45,2016,February,10,28,2,5,2,0.0,0,BB,PRT,Online TA,TA/TO,0,0,0,F,F,0,No Deposit,241.0,0,Transient,55.35,0,2
Resort Hotel,0,17,2016,March,10,5,0,1,2,0.0,0,BB,PRT,Offline TA/TO,TA/TO,0,0,0,A,A,0,No Deposit,8.0,0,Transient,29.0,0,1
Resort Hotel,0,17,2016,March,10,5,0,1,2,0.0,0,BB,PRT,Offline TA/TO,TA/TO,0,0,0,A,A,0,No Deposit,8.0,0,Transient,29.0,0,1
Resort Hotel,0,50,2016,March,10,4,0,2,2,0.0,0,BB,PRT,Direct,Direct,0,0,0,A,D,1,No Deposit,,0,Transient,56.0,0,1
Resort Hotel,0,2,2016,March,10,5,0,1,2,0.0,0,BB,PRT,Online TA,TA/TO,0,0,0,D,D,0,No Deposit,240.0,0,Transient,58.0,0,2
Resort Hotel,0,1,2016,March,10,5,0,1,2,0.0,0,BB,PRT,Direct,Direct,0,0,0,D,D,0,No Deposit,250.0,0,Transient,55.0,0,0
Resort Hotel,0,31,2016,March,10,4,0,2,2,0.0,0,BB,PRT,Offline TA/TO,TA/TO,0,0,0,A,D,0,No Deposit,196.0,0,Transient,60.0,0,0
Resort Hotel,0,8,2016,March,10,4,0,2,2,0.0,0,BB,PRT,Direct,Direct,0,0,0,D,D,0,No Deposit,250.0,0,Transient,61.0,1,0
Resort Hotel,0,0,2016,March,10,4,0,2,2,0.0,0,BB,PRT,Offline TA/TO,TA/TO,0,0,0,A,D,0,No Deposit,196.0,0,Transient,60.0,0,0
Resort Hotel,0,1,2016,March,10,4,0,2,2,0.0,0,BB,PRT,Direct,Direct,0,0,0,A,A,0,No Deposit,,0,Transient,60.0,0,1
Resort Hotel,0,10,2016,March,10,4,0,2,2,0.0,0,BB,ESP,Online TA,TA/TO,0,0,0,A,D,1,No Deposit,240.0,0,Transient,54.0,1,2
Resort Hotel,0,10,2016,March,10,4,0,2,2,0.0,0,BB,ESP,Online TA,TA/TO,0,0,0,A,D,1,No Deposit,240.0,0,Transient,48.0,0,2
Resort Hotel,0,4,2016,February,10,28,2,5,2,0.0,0,BB,NLD,Offline TA/TO,TA/TO,0,0,0,A,A,0,No Deposit,8.0,0,Transient,26.1,0,0
Resort Hotel,0,1,2016,March,10,5,0,1,2,0.0,0,BB,GBR,Direct,Direct,0,0,0,D,D,0,No Deposit,,0,Transient,55.0,0,0
Resort Hotel,0,3,2016,March,10,4,0,2,2,0.0,0,HB,PRT,Offline TA/TO,TA/TO,0,0,0,A,A,0,No Deposit,196.0,0,Transient,56.0,0,0
Resort Hotel,0,7,2016,February,10,29,1,5,2,0.0,0,BB,PRT,Direct,Direct,0,0,0,H,H,0,No Deposit,250.0,0,Transient,100.0,0,0
Resort Hotel,0,10,2017,February,9,26,2,4,2,0.0,0,BB,PRT,Direct,Direct,1,0,2,F,F,0,No Deposit,250.0,0,Transient,72.83,0,2
Resort Hotel,0,33,2016,March,10,1,0,5,2,0.0,0,HB,DEU,Groups,Direct,0,0,0,E,E,0,No Deposit,,0,Transient-Party,81.0,0,1
Resort Hotel,0,0,2016,March,10,5,0,1,2,0.0,0,BB,PRT,Direct,Direct,0,0,0,G,G,0,No Deposit,,0,Transient,100.0,0,0
Resort Hotel,0,22,2016,March,10,4,1,2,2,0.0,0,BB,DNK,Online TA,TA/TO,0,0,0,A,A,2,No Deposit,240.0,0,Transient,48.0,0,1
Resort Hotel,0,22,2016,March,10,4,1,2,2,0.0,0,BB,PRT,Online TA,TA/TO,0,0,0,A,A,1,No Deposit,240.0,0,Transient,48.0,0,1
Resort Hotel,0,22,2016,March,10,4,1,2,2,0.0,0,BB,DNK,Online TA,TA/TO,0,0,0,A,A,1,No Deposit,240.0,0,Transient,48.0,0,1
Resort Hotel,0,22,2016,March,10,4,1,2,2,0.0,0,BB,PRT,Online TA,TA/TO,0,0,0,A,A,1,No Deposit,240.0,0,Transient,54.0,1,1
Resort Hotel,0,45,2016,March,10,5,1,1,2,0.0,0,BB,PRT,Offline TA/TO,TA/TO,0,0,0,A,A,0,No Deposit,196.0,0,Transient-Party,36.0,1,1
Resort Hotel,0,1,2016,March,10,3,1,3,2,0.0,0,HB,PRT,Direct,Direct,0,0,0,A,A,0,No Deposit,250.0,0,Transient,70.5,0,0
Resort Hotel,0,23,2016,March,10,4,1,2,2,0.0,0,BB,GBR,Online TA,TA/TO,0,0,0,A,A,0,No Deposit,240.0,0,Transient,48.0,0,0
Resort Hotel,0,3,2016,March,11,7,1,0,2,0.0,0,HB,PRT,Direct,Direct,0,0,0,F,F,0,No Deposit,250.0,0,Group,105.0,0,1
Resort Hotel,0,42,2016,March,10,4,1,2,2,0.0,0,BB,PRT,Online TA,TA/TO,0,0,0,E,E,1,No Deposit,240.0,0,Transient,66.0,0,2
Resort Hotel,0,0,2016,March,11,6,1,0,2,0.0,0,BB,PRT,Direct,Direct,0,0,0,F,F,0,No Deposit,,0,Transient,75.0,0,0
Resort Hotel,0,3,2016,March,10,5,1,1,2,0.0,0,BB,PRT,Online TA,TA/TO,0,0,0,D,D,0,No Deposit,240.0,0,Transient,58.0,0,0
Resort Hotel,0,45,2016,March,10,1,1,5,2,0.0,0,HB,DEU,Groups,Direct,0,0,0,E,E,1,No Deposit,,0,Transient-Party,81.0,0,0
Resort Hotel,0,27,2016,February,9,23,4,10,2,0.0,0,HB,GBR,Offline TA/TO,TA/TO,0,0,0,D,D,0,No Deposit,95.0,0,Transient,63.0,0,1
Resort Hotel,0,11,2016,March,10,1,2,5,2,0.0,0,BB,IRL,Offline TA/TO,TA/TO,0,0,0,D,D,0,No Deposit,156.0,0,Transient,36.86,0,3
Resort Hotel,0,2,2016,March,11,6,2,0,2,0.0,0,BB,PRT,Offline TA/TO,TA/TO,0,0,0,A,A,0,No Deposit,336.0,0,Transient,29.0,0,0
Resort Hotel,0,12,2016,March,11,7,1,0,2,0.0,0,BB,PRT,Offline TA/TO,TA/TO,0,0,0,A,D,0,No Deposit,339.0,0,Transient,35.0,1,0
Resort Hotel,0,8,2017,January,3,17,0,2,2,0.0,0,BB,PRT,Online TA,TA/TO,1,0,2,D,D,0,No Deposit,468.0,0,Group,46.4,1,0
Resort Hotel,0,15,2016,March,10,4,2,2,2,0.0,0,BB,ESP,Online TA,TA/TO,0,0,0,A,A,0,No Deposit,240.0,0,Transient,54.0,1,1
Resort Hotel,0,106,2016,March,10,2,2,4,2,0.0,0,BB,GBR,Online TA,TA/TO,0,0,0,D,D,0,No Deposit,240.0,0,Transient,46.4,0,2
Resort Hotel,0,104,2016,March,10,3,2,3,2,0.0,0,BB,GBR,Offline TA/TO,TA/TO,0,0,0,A,D,0,No Deposit,6.0,0,Transient,27.6,0,0
Resort Hotel,0,41,2016,March,10,1,2,6,2,0.0,0,HB,ITA,Groups,Direct,0,0,0,A,A,0,No Deposit,,0,Transient-Party,65.0,0,1
Resort Hotel,0,19,2017,March,10,7,0,4,2,0.0,0,HB,ITA,Direct,Direct,1,0,1,D,D,2,No Deposit,,0,Transient-Party,75.0,0,1
Resort Hotel,0,26,2017,March,11,14,0,5,2,0.0,0,HB,ITA,Direct,Direct,1,0,2,E,E,0,No Deposit,,0,Transient-Party,80.0,0,1
Resort Hotel,0,16,2017,March,12,19,2,2,2,0.0,0,HB,ITA,Direct,Direct,1,0,2,E,E,2,No Deposit,,0,Transient-Party,80.0,0,1
Resort Hotel,0,9,2016,March,10,3,2,4,2,0.0,0,BB,PRT,Offline TA/TO,TA/TO,0,0,0,A,F,0,No Deposit,96.0,0,Transient,46.1,0,0
Resort Hotel,0,17,2016,March,11,6,2,1,2,0.0,0,BB,IRL,Offline TA/TO,TA/TO,0,0,0,A,A,0,No Deposit,36.0,0,Transient,34.56,0,0
Resort Hotel,0,34,2016,March,10,2,2,5,2,0.0,0,BB,GBR,Offline TA/TO,TA/TO,0,0,0,A,A,0,No Deposit,115.0,0,Transient,26.1,0,0
Resort Hotel,0,49,2016,March,10,5,2,2,2,0.0,0,HB,PRT,Groups,Direct,0,0,0,E,E,0,No Deposit,,0,Transient-Party,81.0,0,0
Resort Hotel,0,49,2016,March,10,5,2,2,2,0.0,0,HB,CHE,Groups,Direct,0,0,0,E,E,0,No Deposit,,0,Transient-Party,81.0,0,0
Resort Hotel,0,4,2016,March,11,6,2,1,2,0.0,0,BB,DEU,Online TA,TA/TO,0,0,0,A,A,0,No Deposit,240.0,0,Transient,54.0,1,1
Resort Hotel,0,1,2016,March,11,8,0,1,2,0.0,0,BB,PRT,Direct,Direct,0,0,0,A,D,0,No Deposit,,0,Transient,45.0,0,1
Resort Hotel,0,0,2016,March,11,9,0,1,2,0.0,0,BB,PRT,Direct,Direct,1,0,0,A,E,0,No Deposit,,0,Transient,55.0,0,1
Resort Hotel,0,0,2017,March,13,30,0,1,2,0.0,0,BB,PRT,Direct,Direct,1,0,2,A,E,0,No Deposit,,0,Transient,63.0,0,1
Resort Hotel,0,95,2016,March,10,2,2,5,2,0.0,0,BB,DEU,Online TA,TA/TO,0,0,0,D,D,0,No Deposit,241.0,0,Transient,42.43,0,1
Resort Hotel,0,3,2016,March,10,4,2,3,2,0.0,0,BB,ESP,Online TA,TA/TO,0,0,0,D,D,2,No Deposit,240.0,0,Transient,58.0,0,1
Resort Hotel,0,126,2016,March,10,2,2,5,2,0.0,0,BB,NOR,Online TA,TA/TO,0,0,0,E,E,0,No Deposit,240.0,0,Transient,62.63,0,1
Resort Hotel,0,25,2016,March,11,6,2,1,2,0.0,0,BB,PRT,Online TA,TA/TO,0,0,0,A,A,0,No Deposit,240.0,0,Transient,48.0,0,1
Resort Hotel,0,0,2017,June,25,22,0,1,2,0.0,0,BB,PRT,Complementary,Direct,1,0,1,G,G,0,No Deposit,,0,Transient,0.0,0,2
Resort Hotel,0,0,2016,March,11,8,0,1,2,0.0,0,BB,PRT,Offline TA/TO,TA/TO,0,0,0,A,A,0,No Deposit,175.0,0,Transient,34.4,0,0
Resort Hotel,0,0,2016,March,11,8,0,1,2,0.0,0,BB,PRT,Offline TA/TO,TA/TO,0,0,0,A,A,0,No Deposit,175.0,0,Transient,34.4,1,0
Resort Hotel,0,3,2016,March,10,4,2,3,2,0.0,0,BB,ESP,Offline TA/TO,TA/TO,0,0,0,A,A,0,No Deposit,177.0,0,Transient,35.0,1,0
Resort Hotel,0,133,2017,March,11,14,0,5,2,0.0,0,HB,DEU,Direct,Direct,1,0,1,E,I,0,No Deposit,,107,Transient-Party,80.0,0,1
Resort Hotel,0,41,2016,March,10,1,2,6,2,0.0,0,HB,AUT,Groups,Direct,0,0,0,E,E,0,No Deposit,,0,Transient-Party,0.0,0,2
Resort Hotel,0,6,2016,March,10,3,2,4,2,0.0,0,HB,ESP,Offline TA/TO,TA/TO,0,0,0,A,A,0,No Deposit,115.0,0,Transient,49.5,0,0
Resort Hotel,0,43,2016,March,11,8,0,1,2,0.0,0,BB,PRT,Online TA,TA/TO,0,0,0,A,D,1,No Deposit,240.0,0,Transient,60.0,0,1
Resort Hotel,0,7,2016,March,10,2,2,5,2,0.0,0,BB,DEU,Offline TA/TO,TA/TO,0,0,0,E,E,0,No Deposit,143.0,0,Contract,39.6,0,0
Resort Hotel,0,31,2016,March,11,7,1,1,2,0.0,0,BB,GBR,Offline TA/TO,TA/TO,0,0,0,A,A,0,No Deposit,95.0,0,Transient,25.0,0,0
Resort Hotel,0,0,2016,March,11,8,0,1,2,0.0,0,BB,DEU,Direct,Direct,0,0,0,D,D,0,No Deposit,,0,Transient,55.0,0,0
Resort Hotel,0,49,2016,March,10,5,2,2,2,0.0,0,HB,PRT,Groups,Direct,0,0,0,E,E,0,No Deposit,,0,Transient,83.0,0,0
Resort Hotel,0,0,2016,March,11,7,1,1,2,0.0,0,BB,ESP,Offline TA/TO,TA/TO,0,0,0,A,A,0,No Deposit,6.0,0,Transient,29.0,0,1
Resort Hotel,0,0,2016,March,11,7,1,1,2,0.0,0,BB,ESP,Offline TA/TO,TA/TO,0,0,0,A,A,0,No Deposit,6.0,0,Transient,29.0,0,1
Resort Hotel,0,20,2016,February,10,28,4,7,2,0.0,0,BB,GBR,Offline TA/TO,TA/TO,0,0,0,E,E,0,No Deposit,2.0,0,Transient,47.0,0,1
Resort Hotel,0,31,2016,March,10,4,2,4,2,0.0,0,BB,ESP,Online TA,TA/TO,0,0,0,A,A,0,No Deposit,240.0,0,Transient,56.0,0,2
Resort Hotel,0,0,2016,March,11,9,0,1,2,0.0,0,BB,DEU,Direct,Direct,0,0,0,A,F,0,No Deposit,,0,Transient,85.0,0,0
Resort Hotel,0,23,2016,March,11,6,2,2,2,0.0,0,BB,FRA,Direct,Direct,0,0,0,A,A,0,No Deposit,250.0,0,Transient,50.0,1,2
Resort Hotel,0,43,2016,February,9,25,4,10,2,0.0,0,BB,CN,Online TA,TA/TO,0,0,0,E,E,0,No Deposit,241.0,0,Transient,44.04,1,1
Resort Hotel,0,19,2016,March,11,6,2,2,2,0.0,0,BB,GBR,Online TA,TA/TO,0,0,0,A,D,1,No Deposit,241.0,0,Transient,36.61,0,2
Resort Hotel,0,37,2016,March,11,11,2,4,2,0.0,0,BB,POL,Online TA,TA/TO,0,0,0,A,A,0,No Deposit,240.0,0,Transient,48.0,0,2
Resort Hotel,0,108,2016,March,10,4,2,5,2,0.0,0,BB,GBR,Offline TA/TO,TA/TO,0,0,0,A,A,0,No Deposit,115.0,0,Transient,26.1,0,0
Resort Hotel,0,16,2016,March,11,9,0,2,2,0.0,0,BB,NLD,Online TA,TA/TO,0,0,0,A,A,0,No Deposit,240.0,0,Transient,48.0,0,1
Resort Hotel,0,3,2016,March,11,9,0,2,2,0.0,0,BB,PRT,Direct,Direct,0,0,0,D,D,0,No Deposit,250.0,0,Transient,55.0,0,0
Resort Hotel,0,36,2016,March,10,4,2,5,2,0.0,0,BB,GBR,Offline TA/TO,TA/TO,0,0,0,D,D,0,No Deposit,115.0,0,Transient,34.73,0,0
Resort Hotel,0,109,2016,March,11,7,1,3,2,0.0,0,BB,GBR,Offline TA/TO,TA/TO,0,0,0,A,D,0,No Deposit,6.0,0,Transient,27.5,0,1
Resort Hotel,0,0,2016,March,11,10,0,1,2,0.0,0,BB,FRA,Direct,Direct,0,0,0,A,A,0,No Deposit,,0,Transient,55.0,1,0
Resort Hotel,0,25,2016,March,11,9,0,2,2,0.0,0,BB,PRT,Direct,Direct,0,0,0,A,D,1,No Deposit,,0,Transient,45.0,0,0
Resort Hotel,0,5,2016,March,11,9,0,2,2,0.0,0,BB,FIN,Online TA,TA/TO,0,0,0,A,A,1,No Deposit,240.0,0,Transient-Party,48.0,0,0
Resort Hotel,0,13,2016,March,11,9,0,2,2,0.0,0,HB,GBR,Groups,TA/TO,0,0,0,A,D,1,No Deposit,115.0,0,Transient-Party,86.55,0,0
Resort Hotel,0,45,2016,March,11,7,1,4,2,0.0,0,BB,IRL,Offline TA/TO,TA/TO,0,0,0,D,D,0,No Deposit,171.0,0,Transient,35.15,0,0
Resort Hotel,0,4,2016,March,10,5,2,5,2,0.0,0,BB,FRA,Offline TA/TO,TA/TO,0,0,0,D,D,0,No Deposit,171.0,0,Transient,37.0,0,0
Resort Hotel,0,0,2016,March,11,12,0,0,2,0.0,0,HB,GBR,Groups,TA/TO,1,0,0,A,D,0,No Deposit,115.0,0,Transient-Party,0.0,0,0
Resort Hotel,0,13,2016,March,11,9,0,3,2,0.0,0,HB,IRL,Groups,TA/TO,0,0,0,A,D,1,No Deposit,115.0,0,Transient-Party,86.55,0,0
Resort Hotel,0,81,2016,March,11,9,0,3,2,0.0,0,HB,GBR,Groups,TA/TO,0,0,0,A,D,1,No Deposit,115.0,0,Transient-Party,86.55,0,0
Resort Hotel,0,13,2016,March,11,9,0,3,2,0.0,0,HB,DEU,Groups,TA/TO,0,0,0,A,D,1,No Deposit,115.0,0,Transient-Party,86.55,0,0
Resort Hotel,0,13,2016,March,11,9,0,3,2,0.0,0,HB,GBR,Groups,TA/TO,0,0,0,A,D,1,No Deposit,115.0,0,Transient-Party,86.55,0,0
Resort Hotel,0,34,2016,March,11,7,1,4,2,0.0,0,BB,GBR,Online TA,TA/TO,0,0,0,A,A,0,No Deposit,240.0,0,Transient,56.0,0,0
Resort Hotel,0,81,2016,March,11,9,0,3,2,0.0,0,HB,GBR,Groups,TA/TO,0,0,0,A,D,1,No Deposit,115.0,0,Transient-Party,86.55,0,0
Resort Hotel,0,81,2016,March,11,9,0,3,2,0.0,0,HB,GBR,Groups,TA/TO,0,0,0,A,D,1,No Deposit,115.0,0,Transient-Party,86.55,0,0
Resort Hotel,0,81,2016,March,11,9,0,3,2,0.0,0,HB,GBR,Groups,TA/TO,0,0,0,E,G,0,No Deposit,115.0,0,Transient-Party,93.0,0,0
Resort Hotel,0,13,2016,March,11,9,0,3,2,0.0,0,HB,GBR,Groups,TA/TO,0,0,0,A,D,1,No Deposit,115.0,0,Transient-Party,86.55,0,0
Resort Hotel,0,28,2016,March,11,7,1,4,2,0.0,0,HB,ESP,Direct,Direct,0,0,0,A,A,0,No Deposit,250.0,0,Transient,75.0,0,0
Resort Hotel,0,0,2016,March,11,11,0,1,2,0.0,0,BB,PRT,Direct,Direct,0,0,0,A,A,0,No Deposit,,0,Transient,55.0,0,0
Resort Hotel,0,2,2016,March,11,9,0,3,2,0.0,0,BB,ESP,Online TA,TA/TO,0,0,0,E,E,0,No Deposit,240.0,0,Transient,77.33,1,1
Resort Hotel,0,14,2016,March,11,7,1,4,2,0.0,0,BB,ESP,Direct,Direct,0,0,0,A,A,1,No Deposit,250.0,0,Transient,45.0,0,1
Resort Hotel,0,46,2016,March,11,11,0,1,2,0.0,0,BB,PRT,Offline TA/TO,TA/TO,0,0,0,A,D,3,No Deposit,375.0,0,Transient-Party,29.0,0,0
Resort Hotel,0,24,2016,March,10,5,2,5,2,0.0,0,BB,GBR,Offline TA/TO,TA/TO,0,0,0,D,D,0,No Deposit,115.0,0,Transient,33.3,0,0
Resort Hotel,0,17,2016,March,11,10,0,2,2,0.0,0,BB,THA,Direct,Direct,0,0,0,E,E,1,No Deposit,250.0,0,Transient,71.0,1,0
Resort Hotel,0,17,2016,March,10,5,2,5,2,0.0,0,BB,PRT,Online TA,TA/TO,0,0,0,D,D,0,No Deposit,241.0,0,Transient,35.65,0,1
Resort Hotel,0,63,2016,March,10,5,2,5,2,0.0,0,BB,GBR,Offline TA/TO,TA/TO,0,0,0,A,A,0,No Deposit,6.0,0,Transient,29.0,0,0
Resort Hotel,0,0,2016,March,11,10,0,2,2,0.0,0,BB,PRT,Direct,Direct,0,0,0,A,A,1,No Deposit,,0,Transient,55.0,0,0
Resort Hotel,0,44,2016,February,9,27,4,10,2,0.0,0,BB,NLD,Direct,Direct,0,0,0,D,F,1,No Deposit,,0,Transient,68.14,0,0
Resort Hotel,0,0,2016,March,11,11,0,1,2,0.0,0,BB,PRT,Direct,Direct,0,0,0,A,A,0,No Deposit,,0,Transient,55.0,0,0
Resort Hotel,0,13,2016,March,11,6,2,5,2,0.0,0,BB,PRT,Online TA,TA/TO,0,0,0,E,E,0,No Deposit,241.0,0,Transient,49.74,0,1
Resort Hotel,0,53,2016,March,11,6,2,5,2,0.0,0,BB,DEU,Online TA,TA/TO,0,0,0,F,F,0,No Deposit,241.0,0,Transient,54.71,0,1
Resort Hotel,0,13,2016,March,11,6,2,5,2,0.0,0,BB,NLD,Online TA,TA/TO,0,0,0,D,D,0,No Deposit,241.0,0,Transient,44.66,0,1
Resort Hotel,0,57,2016,March,10,3,2,8,2,0.0,0,BB,GBR,Offline TA/TO,TA/TO,0,0,0,D,D,0,No Deposit,2.0,0,Contract,39.0,0,0
Resort Hotel,0,1,2016,March,11,12,0,1,2,0.0,0,BB,ESP,Offline TA/TO,TA/TO,0,0,0,C,D,0,No Deposit,8.0,0,Transient,14.0,1,0
Resort Hotel,0,23,2016,March,11,9,0,4,2,0.0,0,BB,DEU,Online TA,TA/TO,0,0,0,D,D,0,No Deposit,240.0,0,Transient,58.0,0,0
Resort Hotel,0,30,2016,March,11,7,1,5,2,0.0,0,Undefined,ESP,Groups,TA/TO,0,0,0,A,A,0,No Deposit,38.0,0,Transient-Party,65.4,0,0
Resort Hotel,0,30,2016,March,11,7,1,5,2,0.0,0,Undefined,ESP,Groups,TA/TO,0,0,0,A,A,0,No Deposit,38.0,0,Transient-Party,65.4,0,0
Resort Hotel,0,3,2016,March,11,7,1,5,2,0.0,0,Undefined,ESP,Groups,TA/TO,0,0,0,A,A,0,No Deposit,38.0,0,Transient-Party,65.4,0,0
Resort Hotel,0,30,2016,March,11,7,1,5,2,0.0,0,Undefined,ESP,Groups,TA/TO,0,0,0,A,A,0,No Deposit,38.0,0,Transient-Party,65.4,0,0
Resort Hotel,0,30,2016,March,11,7,1,5,2,0.0,0,Undefined,PRT,Groups,TA/TO,0,0,0,A,A,0,No Deposit,38.0,0,Transient-Party,65.4,0,0
Resort Hotel,0,30,2016,March,11,7,1,5,2,0.0,0,Undefined,ESP,Groups,TA/TO,0,0,0,A,A,0,No Deposit,38.0,0,Transient-Party,65.4,0,0
Resort Hotel,0,30,2016,March,11,7,1,5,2,0.0,0,Undefined,ESP,Groups,TA/TO,0,0,0,A,A,0,No Deposit,38.0,0,Transient-Party,65.4,0,0
Resort Hotel,0,30,2016,March,11,7,1,5,2,0.0,0,Undefined,ESP,Groups,TA/TO,0,0,0,A,A,0,No Deposit,38.0,0,Transient-Party,65.4,0,0
Resort Hotel,0,30,2016,March,11,7,1,5,2,0.0,0,Undefined,ESP,Groups,TA/TO,0,0,0,A,A,0,No Deposit,38.0,0,Transient-Party,65.4,0,0
Resort Hotel,0,30,2016,March,11,7,1,5,2,0.0,0,Undefined,ESP,Groups,TA/TO,0,0,0,A,A,0,No Deposit,38.0,0,Transient-Party,65.4,0,0
Resort Hotel,0,30,2016,March,11,7,1,5,2,0.0,0,Undefined,ESP,Groups,TA/TO,0,0,0,A,A,0,No Deposit,38.0,0,Transient-Party,65.4,0,0
Resort Hotel,0,30,2016,March,11,7,1,5,2,0.0,0,Undefined,PRT,Groups,TA/TO,0,0,0,A,A,0,No Deposit,38.0,0,Transient-Party,65.4,0,0
Resort Hotel,0,30,2016,March,11,7,1,5,2,0.0,0,Undefined,ESP,Groups,TA/TO,0,0,0,A,A,0,No Deposit,38.0,0,Transient-Party,65.4,0,0
Resort Hotel,0,30,2016,March,11,7,1,5,2,0.0,0,Undefined,ESP,Groups,TA/TO,0,0,0,A,A,0,No Deposit,38.0,0,Transient-Party,65.4,0,0
Resort Hotel,0,30,2016,March,11,7,1,5,2,0.0,0,Undefined,ESP,Groups,TA/TO,0,0,0,A,A,0,No Deposit,38.0,0,Transient-Party,65.4,0,0
Resort Hotel,0,30,2016,March,11,7,1,5,2,0.0,0,Undefined,ESP,Groups,TA/TO,0,0,0,A,A,0,No Deposit,38.0,0,Transient-Party,65.4,0,0
Resort Hotel,0,30,2016,March,11,7,1,5,2,0.0,0,Undefined,ESP,Groups,TA/TO,0,0,0,A,A,0,No Deposit,38.0,0,Transient-Party,65.4,0,0
Resort Hotel,0,1,2016,March,11,12,0,1,2,0.0,0,BB,ESP,Online TA,TA/TO,0,0,0,A,B,0,No Deposit,240.0,0,Transient,58.0,0,0
Resort Hotel,0,23,2016,March,11,12,0,1,2,0.0,0,BB,ESP,Online TA,TA/TO,0,0,0,A,D,0,No Deposit,240.0,0,Transient,48.0,0,0
Resort Hotel,0,20,2016,March,11,9,0,4,2,0.0,0,BB,BGR,Offline TA/TO,TA/TO,0,0,0,D,D,0,No Deposit,95.0,0,Transient,38.5,0,0
Resort Hotel,0,54,2016,March,11,12,0,1,2,0.0,0,BB,ESP,Online TA,TA/TO,0,0,0,A,A,0,No Deposit,240.0,0,Transient,48.0,0,0
Resort Hotel,0,23,2016,March,11,12,0,1,2,0.0,0,BB,ESP,Online TA,TA/TO,0,0,0,A,D,0,No Deposit,240.0,0,Transient,48.0,0,0
Resort Hotel,0,2,2016,March,11,11,0,2,2,0.0,0,BB,PRT,Online TA,TA/TO,0,0,0,D,E,0,No Deposit,240.0,0,Transient-Party,74.0,1,0
Resort Hotel,0,44,2016,March,11,12,0,1,2,0.0,0,BB,ESP,Online TA,TA/TO,0,0,0,A,A,0,No Deposit,240.0,0,Transient,48.0,0,2
Resort Hotel,0,52,2016,March,11,10,0,3,2,0.0,0,BB,NLD,Online TA,TA/TO,0,0,0,D,D,0,No Deposit,240.0,0,Transient,56.0,0,0
Resort Hotel,0,6,2016,March,11,11,0,2,2,0.0,0,BB,ESP,Direct,Direct,0,0,0,D,E,0,No Deposit,250.0,0,Transient,65.0,0,0
Resort Hotel,0,1,2016,March,11,12,0,1,2,0.0,0,BB,PRT,Online TA,TA/TO,0,0,0,A,E,0,No Deposit,240.0,0,Transient,78.0,0,0
Resort Hotel,0,1,2016,March,11,12,0,1,2,0.0,0,BB,PRT,Offline TA/TO,TA/TO,0,0,0,D,G,0,No Deposit,6.0,0,Transient,37.0,0,2
Resort Hotel,0,1,2016,March,11,12,0,1,2,0.0,0,BB,PRT,Online TA,TA/TO,0,0,0,A,E,0,No Deposit,240.0,0,Transient,84.0,1,0
Resort Hotel,0,1,2016,March,11,12,0,1,2,0.0,0,BB,PRT,Online TA,TA/TO,0,0,0,E,F,0,No Deposit,240.0,0,Transient,84.0,1,0
Resort Hotel,0,5,2016,March,11,12,0,1,2,0.0,0,BB,PRT,Direct,Direct,0,0,0,A,D,0,No Deposit,,0,Transient,65.0,0,0
Resort Hotel,0,44,2016,March,11,12,0,1,2,0.0,0,BB,ESP,Online TA,TA/TO,0,0,0,A,A,0,No Deposit,240.0,0,Transient,48.0,0,2
Resort Hotel,0,23,2016,March,11,12,0,1,2,0.0,0,BB,ESP,Online TA,TA/TO,0,0,0,A,D,0,No Deposit,240.0,0,Transient,48.0,0,3
Resort Hotel,0,23,2016,March,11,12,0,1,2,0.0,0,BB,ESP,Online TA,TA/TO,0,0,0,A,D,0,No Deposit,240.0,0,Transient,48.0,0,3
Resort Hotel,0,30,2016,March,11,11,0,2,2,0.0,0,BB,ESP,Offline TA/TO,TA/TO,0,0,0,A,D,6,No Deposit,375.0,0,Transient-Party,29.0,0,0
Resort Hotel,0,30,2016,March,11,11,0,2,2,0.0,0,HB,PRT,Offline TA/TO,TA/TO,0,0,0,D,D,0,No Deposit,196.0,0,Transient,66.0,0,0
Resort Hotel,0,0,2016,March,11,12,0,1,2,0.0,0,BB,PRT,Online TA,TA/TO,0,0,0,A,A,0,No Deposit,240.0,0,Transient,58.0,1,0
Resort Hotel,0,1,2016,March,11,12,0,1,2,0.0,0,BB,PRT,Offline TA/TO,TA/TO,0,0,0,A,A,0,No Deposit,6.0,0,Transient,29.0,0,0
Resort Hotel,0,10,2016,March,11,11,0,2,2,0.0,0,BB,PRT,Online TA,TA/TO,0,0,0,D,E,0,No Deposit,240.0,0,Transient,58.0,0,1
Resort Hotel,0,187,2016,March,11,6,2,5,2,0.0,0,BB,IRL,Offline TA/TO,TA/TO,0,0,0,A,E,0,No Deposit,171.0,0,Transient,41.09,0,0
Resort Hotel,0,2,2016,March,11,12,0,1,2,0.0,0,BB,PRT,Direct,Direct,0,0,0,F,F,0,No Deposit,250.0,0,Transient,85.0,0,0
Resort Hotel,0,4,2016,April,18,30,0,1,2,0.0,0,BB,PRT,Direct,Direct,1,0,1,D,D,0,No Deposit,,0,Transient,80.0,0,2
Resort Hotel,0,2,2016,March,11,12,0,1,2,0.0,0,BB,PRT,Online TA,TA/TO,0,0,0,A,D,0,No Deposit,240.0,0,Transient-Party,58.0,0,0
Resort Hotel,0,2,2016,March,11,12,0,1,2,0.0,0,BB,PRT,Online TA,TA/TO,0,0,0,A,D,0,No Deposit,240.0,0,Transient-Party,58.0,0,0
Resort Hotel,0,1,2016,March,11,11,0,2,2,0.0,0,BB,PRT,Offline TA/TO,TA/TO,0,0,0,A,D,1,No Deposit,375.0,0,Transient-Party,30.0,0,1
Resort Hotel,0,2,2016,March,11,12,0,1,2,0.0,0,FB,ESP,Offline TA/TO,TA/TO,0,0,0,D,D,0,No Deposit,6.0,0,Transient,83.0,0,0
Resort Hotel,0,21,2016,March,11,12,0,1,2,0.0,0,BB,PRT,Direct,Direct,0,0,0,A,A,0,No Deposit,,0,Transient,56.0,0,1
Resort Hotel,0,0,2016,March,11,11,0,2,2,0.0,0,BB,PRT,Direct,Direct,0,0,0,A,D,2,No Deposit,,0,Transient,0.0,0,0
Resort Hotel,0,8,2016,March,11,11,0,2,2,0.0,0,BB,PRT,Offline TA/TO,TA/TO,0,0,0,D,D,0,No Deposit,171.0,0,Transient,43.0,1,1
Resort Hotel,0,1,2016,March,11,12,0,1,2,0.0,0,BB,PRT,Online TA,TA/TO,0,0,0,A,D,0,No Deposit,240.0,0,Transient,64.0,1,0
Resort Hotel,0,3,2016,March,11,12,0,1,2,0.0,0,BB,PRT,Offline TA/TO,TA/TO,0,0,0,A,A,0,No Deposit,330.0,0,Transient-Party,55.0,0,0
Resort Hotel,0,31,2016,March,11,8,0,5,2,0.0,0,BB,ESP,Offline TA/TO,TA/TO,0,0,0,A,A,0,No Deposit,339.0,0,Transient,29.0,0,0
Resort Hotel,0,7,2016,March,11,11,0,2,2,0.0,0,BB,BRA,Direct,Direct,0,0,0,F,F,0,No Deposit,250.0,0,Transient,75.0,0,0
Resort Hotel,0,52,2016,March,11,6,3,5,2,0.0,0,BB,GBR,Offline TA/TO,TA/TO,0,0,0,A,A,0,No Deposit,8.0,0,Transient,28.1,0,0
Resort Hotel,0,97,2016,March,10,4,3,7,2,0.0,0,BB,PRT,Offline TA/TO,TA/TO,0,0,0,A,D,0,No Deposit,6.0,0,Transient,26.0,0,1
Resort Hotel,0,97,2016,March,10,4,3,7,2,0.0,0,BB,BEL,Offline TA/TO,TA/TO,0,0,0,A,D,0,No Deposit,6.0,0,Transient,26.0,0,1
Resort Hotel,0,38,2016,March,11,11,1,2,2,0.0,0,BB,GBR,Offline TA/TO,TA/TO,0,0,0,E,E,0,No Deposit,171.0,0,Transient,45.0,0,0
Resort Hotel,0,30,2016,March,11,7,2,5,2,0.0,0,SC,ESP,Groups,TA/TO,0,0,0,A,I,0,No Deposit,38.0,0,Transient-Party,33.71,0,0
Resort Hotel,0,0,2016,March,12,13,1,0,2,0.0,0,BB,ESP,Online TA,TA/TO,0,0,0,A,D,0,No Deposit,240.0,0,Transient,48.0,0,1
Resort Hotel,0,46,2016,March,12,13,1,0,2,0.0,0,HB,PRT,Corporate,Corporate,0,0,0,E,E,0,No Deposit,,0,Transient,59.0,1,0
Resort Hotel,0,4,2016,March,12,13,1,0,2,0.0,0,BB,PRT,Online TA,TA/TO,0,0,0,E,E,0,No Deposit,240.0,0,Transient,68.0,0,1
Resort Hotel,0,26,2016,March,12,14,0,0,2,0.0,0,BB,PRT,Offline TA/TO,TA/TO,0,0,0,C,C,0,No Deposit,8.0,0,Transient,0.0,0,0
Resort Hotel,0,2,2016,March,11,8,1,5,2,0.0,0,BB,FIN,Online TA,TA/TO,0,0,0,D,D,0,No Deposit,240.0,0,Transient,61.33,0,0
Resort Hotel,0,41,2016,February,9,23,6,15,2,0.0,0,Undefined,FRA,Offline TA/TO,TA/TO,0,0,0,E,E,1,No Deposit,363.0,0,Transient,79.0,0,0
Resort Hotel,0,101,2016,March,11,8,2,5,2,0.0,0,HB,BEL,Offline TA/TO,TA/TO,0,0,0,A,D,0,No Deposit,6.0,0,Transient,49.4,0,0
Resort Hotel,0,27,2016,March,11,8,2,5,2,0.0,0,BB,POL,Direct,Direct,0,0,0,A,A,0,No Deposit,250.0,0,Transient,45.0,0,0
Resort Hotel,0,24,2016,March,11,12,2,1,2,0.0,0,BB,PRT,Online TA,TA/TO,0,0,0,A,A,0,No Deposit,240.0,0,Transient,48.0,0,1
Resort Hotel,0,16,2016,March,11,11,2,2,2,0.0,0,HB,ESP,Online TA,TA/TO,0,0,0,F,F,0,No Deposit,241.0,0,Transient,84.7,0,1
Resort Hotel,0,10,2016,March,11,11,2,2,2,0.0,0,BB,POL,Online TA,TA/TO,0,0,0,E,F,2,No Deposit,240.0,0,Transient,67.5,0,1
Resort Hotel,0,0,2016,March,12,14,1,0,2,0.0,0,BB,PRT,Online TA,TA/TO,0,0,0,A,A,0,No Deposit,15.0,0,Transient,38.4,0,0
Resort Hotel,0,3,2016,March,11,12,2,1,2,0.0,0,BB,ESP,Offline TA/TO,TA/TO,0,0,0,C,C,0,No Deposit,8.0,0,Transient,8.0,0,0
Resort Hotel,0,112,2016,March,11,10,2,3,2,0.0,0,BB,GBR,Offline TA/TO,TA/TO,0,0,0,E,E,0,No Deposit,171.0,0,Transient,47.0,0,1
Resort Hotel,0,114,2016,March,11,10,2,3,2,0.0,0,BB,GBR,Offline TA/TO,TA/TO,0,0,0,E,E,0,No Deposit,115.0,0,Transient,42.5,0,3
Resort Hotel,0,40,2016,March,11,9,2,4,2,0.0,0,BB,FRA,Online TA,TA/TO,0,0,0,A,A,0,No Deposit,240.0,0,Transient,48.0,0,2
Resort Hotel,0,40,2016,March,11,9,2,4,2,0.0,0,BB,FRA,Online TA,TA/TO,0,0,0,A,A,0,No Deposit,240.0,0,Transient,48.0,0,2
Resort Hotel,0,13,2016,March,12,14,1,0,2,0.0,0,BB,PRT,Direct,Direct,0,0,0,A,A,3,No Deposit,,0,Transient,45.0,0,0
Resort Hotel,0,56,2016,March,11,10,2,3,2,0.0,0,BB,DEU,Online TA,TA/TO,0,0,0,E,E,2,No Deposit,240.0,0,Transient,66.0,0,1
Resort Hotel,0,63,2016,March,11,8,2,5,2,0.0,0,BB,GBR,Offline TA/TO,TA/TO,0,0,0,D,D,0,No Deposit,115.0,0,Transient,34.73,0,0
Resort Hotel,0,3,2016,March,12,14,1,0,2,0.0,0,BB,PRT,Online TA,TA/TO,0,0,0,A,D,0,No Deposit,240.0,0,Transient,48.0,1,1
Resort Hotel,0,5,2016,March,12,14,1,0,2,0.0,0,BB,GBR,Online TA,TA/TO,0,0,0,D,D,0,No Deposit,241.0,0,Transient,44.66,0,1
Resort Hotel,0,8,2016,March,12,13,2,0,2,0.0,0,HB,ESP,Offline TA/TO,TA/TO,0,0,0,E,E,0,No Deposit,175.0,0,Transient,80.0,0,0
Resort Hotel,0,1,2016,March,12,15,0,0,2,0.0,0,BB,PRT,Direct,Direct,0,0,0,F,F,0,No Deposit,,0,Transient,0.0,0,0
Resort Hotel,0,1,2016,March,12,15,0,1,2,0.0,0,BB,FRA,Online TA,TA/TO,0,0,0,A,D,2,No Deposit,240.0,0,Transient,48.0,0,0
Resort Hotel,0,34,2016,March,11,8,2,5,2,0.0,0,FB,GBR,Offline TA/TO,TA/TO,0,0,0,E,E,0,No Deposit,115.0,0,Transient,83.33,0,1
Resort Hotel,0,0,2016,March,11,10,2,4,2,0.0,0,BB,CN,Offline TA/TO,TA/TO,0,0,0,A,A,0,No Deposit,96.0,0,Transient,29.0,0,0
Resort Hotel,0,71,2016,March,12,15,0,1,2,0.0,0,BB,CHE,Offline TA/TO,TA/TO,0,0,0,D,D,0,No Deposit,251.0,0,Transient,58.0,0,0
Resort Hotel,0,9,2016,March,11,11,2,3,2,0.0,0,HB,PRT,Direct,Direct,0,0,0,D,D,0,No Deposit,250.0,0,Transient,83.2,0,0
Resort Hotel,0,0,2016,March,12,15,0,1,2,0.0,0,BB,CHN,Online TA,TA/TO,0,0,0,D,D,0,No Deposit,240.0,0,Transient,58.0,0,0
Resort Hotel,0,101,2016,March,12,14,1,1,2,0.0,0,BB,PRT,Online TA,TA/TO,0,0,0,E,E,0,No Deposit,240.0,0,Transient,61.2,0,0
Resort Hotel,0,20,2016,March,11,10,2,4,2,0.0,0,HB,GBR,Online TA,TA/TO,0,0,0,E,E,1,No Deposit,240.0,0,Transient,102.0,0,2
Resort Hotel,0,3,2016,March,12,13,2,1,2,0.0,0,BB,GBR,Offline TA/TO,TA/TO,0,0,0,D,F,0,No Deposit,8.0,0,Transient,57.0,0,0
Resort Hotel,0,102,2016,March,11,9,2,5,2,0.0,0,BB,GBR,Offline TA/TO,TA/TO,0,0,0,E,E,0,No Deposit,115.0,0,Transient,40.5,0,0
Resort Hotel,0,102,2016,March,11,9,2,5,2,0.0,0,BB,GBR,Offline TA/TO,TA/TO,0,0,0,E,E,0,No Deposit,115.0,0,Transient,41.93,0,0
Resort Hotel,0,7,2016,March,12,16,0,0,2,0.0,0,BB,PRT,Online TA,TA/TO,0,0,0,D,I,0,No Deposit,240.0,0,Transient,0.0,0,0
Resort Hotel,0,36,2016,March,11,10,2,5,2,0.0,0,BB,POL,Online TA,TA/TO,0,0,0,A,A,0,No Deposit,240.0,0,Transient,59.14,2,2
Resort Hotel,0,29,2016,March,11,10,2,5,2,0.0,0,HB,GBR,Online TA,TA/TO,0,0,0,F,F,0,No Deposit,241.0,0,Transient,73.92,0,0
Resort Hotel,0,1,2016,April,18,29,0,2,2,0.0,0,BB,PRT,Corporate,Corporate,1,0,1,D,D,0,No Deposit,,0,Transient,72.5,0,0
Resort Hotel,0,56,2016,March,12,16,0,1,2,0.0,0,BB,AUT,Offline TA/TO,TA/TO,0,0,0,D,D,0,No Deposit,251.0,0,Transient,37.0,0,0
Resort Hotel,0,1,2016,March,12,16,0,1,2,0.0,0,BB,PRT,Online TA,TA/TO,0,0,0,A,D,0,No Deposit,240.0,0,Transient,48.0,0,0
Resort Hotel,0,25,2016,March,11,8,2,7,2,0.0,0,BB,NLD,Online TA,TA/TO,0,0,0,F,F,0,No Deposit,242.0,0,Transient,68.4,1,1
Resort Hotel,0,18,2016,March,12,15,0,2,2,0.0,0,BB,FIN,Online TA,TA/TO,0,0,0,A,D,0,No Deposit,240.0,0,Transient,54.0,1,1
Resort Hotel,0,56,2016,March,12,17,0,0,2,0.0,0,BB,PRT,Online TA,TA/TO,0,0,0,A,A,0,No Deposit,240.0,0,Transient,0.0,0,1
Resort Hotel,0,47,2016,March,10,3,4,10,2,0.0,0,BB,IRL,Offline TA/TO,TA/TO,0,0,0,A,A,0,No Deposit,8.0,0,Transient,26.1,0,0
Resort Hotel,0,0,2016,March,12,14,1,2,2,0.0,0,BB,PRT,Direct,Direct,0,0,0,F,F,1,No Deposit,,0,Transient,71.0,1,0
Resort Hotel,0,52,2016,March,12,15,0,2,2,0.0,0,BB,PRT,Online TA,TA/TO,0,0,0,A,D,0,No Deposit,240.0,0,Transient,54.0,1,1
Resort Hotel,0,18,2016,March,11,12,2,3,2,0.0,0,HB,ESP,Online TA,TA/TO,0,0,0,D,D,0,No Deposit,240.0,0,Transient,90.0,0,2
Resort Hotel,0,54,2016,March,12,16,0,1,2,0.0,0,BB,BRA,Online TA,TA/TO,0,0,0,E,E,0,No Deposit,240.0,0,Transient,72.0,1,1
Resort Hotel,0,8,2016,March,11,12,2,3,2,0.0,0,BB,GBR,Offline TA/TO,TA/TO,0,0,0,A,A,0,No Deposit,171.0,0,Transient,28.5,0,0
Resort Hotel,0,99,2016,March,11,10,2,5,2,0.0,0,BB,GBR,Offline TA/TO,TA/TO,0,0,0,D,D,0,No Deposit,156.0,0,Transient,35.15,0,0
Resort Hotel,0,51,2016,March,11,12,2,3,2,0.0,0,BB,PRT,Direct,Direct,0,0,0,F,F,0,No Deposit,250.0,0,Transient,86.0,1,0
Resort Hotel,0,115,2016,March,11,12,2,3,2,0.0,0,BB,BEL,Offline TA/TO,TA/TO,0,0,0,A,D,0,No Deposit,6.0,0,Transient,26.0,0,0
Resort Hotel,0,36,2016,March,11,10,2,5,2,0.0,0,BB,POL,Online TA,TA/TO,0,0,0,A,A,0,No Deposit,240.0,0,Transient,48.0,0,2
Resort Hotel,0,10,2016,March,10,4,4,10,2,0.0,0,BB,CN,Offline TA/TO,TA/TO,0,0,0,E,E,0,No Deposit,96.0,0,Transient,42.36,0,0
Resort Hotel,0,65,2016,March,12,18,1,2,2,0.0,0,BB,GBR,Offline TA/TO,TA/TO,0,0,0,A,C,0,No Deposit,8.0,0,Transient-Party,29.0,0,1
Resort Hotel,0,65,2016,March,12,18,1,2,2,0.0,0,BB,GBR,Offline TA/TO,TA/TO,0,0,0,A,C,0,No Deposit,8.0,0,Transient-Party,29.0,0,1
Resort Hotel,0,10,2016,March,12,15,0,3,2,0.0,0,BB,GBR,Offline TA/TO,TA/TO,0,0,0,D,D,0,No Deposit,115.0,0,Transient,33.3,0,0
Resort Hotel,0,36,2016,March,11,10,2,6,2,0.0,0,BB,POL,Online TA,TA/TO,0,0,0,A,A,0,No Deposit,240.0,0,Transient,48.0,0,0
Resort Hotel,0,13,2017,January,2,12,0,2,2,0.0,0,BB,PRT,Direct,Corporate,1,0,3,A,D,0,No Deposit,,0,Transient,40.0,0,0
Resort Hotel,0,51,2016,March,12,17,0,1,2,0.0,0,BB,CHN,Groups,TA/TO,0,0,0,A,D,0,No Deposit,66.0,0,Transient-Party,30.0,0,0
Resort Hotel,0,0,2016,March,12,17,0,1,2,0.0,0,BB,PRT,Direct,Direct,0,0,0,A,A,1,No Deposit,,0,Transient,45.0,0,0
Resort Hotel,0,51,2016,March,12,17,0,1,2,0.0,0,BB,PRT,Groups,TA/TO,0,0,0,A,D,0,No Deposit,66.0,0,Transient-Party,30.0,0,0
Resort Hotel,0,51,2016,March,12,17,0,1,2,0.0,0,BB,CHN,Groups,TA/TO,0,0,0,A,D,0,No Deposit,66.0,0,Transient-Party,30.0,0,0
Resort Hotel,0,51,2016,March,12,17,0,1,2,0.0,0,BB,PRT,Groups,TA/TO,0,0,0,A,D,1,No Deposit,66.0,0,Transient-Party,26.0,0,0
Resort Hotel,0,51,2016,March,12,17,0,1,2,0.0,0,BB,CHN,Groups,TA/TO,0,0,0,A,D,0,No Deposit,66.0,0,Transient-Party,30.0,0,0
Resort Hotel,0,51,2016,March,12,17,0,1,2,0.0,0,BB,CHN,Groups,TA/TO,0,0,0,A,D,0,No Deposit,66.0,0,Transient-Party,30.0,0,0
Resort Hotel,0,51,2016,March,12,17,0,1,2,0.0,0,BB,PRT,Groups,TA/TO,0,0,0,A,D,0,No Deposit,66.0,0,Transient-Party,30.0,0,0
Resort Hotel,0,51,2016,March,12,17,0,1,2,0.0,0,BB,CHN,Groups,TA/TO,0,0,0,A,D,0,No Deposit,66.0,0,Transient-Party,30.0,0,0
Resort Hotel,0,51,2016,March,12,17,0,1,2,0.0,0,BB,CHN,Groups,TA/TO,0,0,0,A,D,0,No Deposit,66.0,0,Transient-Party,30.0,0,0
Resort Hotel,0,51,2016,March,12,17,0,1,2,0.0,0,BB,CHN,Groups,TA/TO,0,0,0,A,D,0,No Deposit,66.0,0,Transient-Party,30.0,0,0
Resort Hotel,0,51,2016,March,12,17,0,1,2,0.0,0,BB,PRT,Groups,TA/TO,0,0,0,A,D,0,No Deposit,66.0,0,Transient-Party,30.0,0,0
Resort Hotel,0,0,2016,March,12,14,1,3,2,0.0,0,BB,CN,Direct,Direct,0,0,0,A,A,1,No Deposit,,0,Transient,45.0,0,0
Resort Hotel,0,0,2016,March,12,14,1,3,2,0.0,0,BB,PRT,Direct,Direct,0,0,0,A,A,1,No Deposit,,0,Transient,49.5,1,0
Resort Hotel,0,0,2016,March,12,15,0,3,2,0.0,0,HB,PRT,Direct,Direct,0,0,0,F,F,3,No Deposit,,0,Transient,75.0,1,0
Resort Hotel,0,61,2016,March,12,14,1,3,2,0.0,0,BB,IRL,Offline TA/TO,TA/TO,0,0,0,D,D,0,No Deposit,156.0,0,Transient,35.15,0,1
Resort Hotel,0,53,2016,March,11,11,2,5,2,0.0,0,BB,PRT,Online TA,TA/TO,0,0,0,D,D,0,No Deposit,240.0,0,Transient,62.0,1,0
Resort Hotel,0,1,2016,March,12,15,0,3,2,0.0,0,BB,GBR,Online TA,TA/TO,0,0,0,A,A,0,No Deposit,242.0,0,Transient,48.0,0,0
Resort Hotel,0,4,2016,March,12,14,1,3,2,0.0,0,BB,LUX,Online TA,TA/TO,0,0,0,A,D,0,No Deposit,240.0,0,Transient,48.0,0,0
Resort Hotel,0,106,2016,March,11,11,2,5,2,0.0,0,BB,GBR,Online TA,TA/TO,0,0,0,D,D,0,No Deposit,241.0,0,Transient,42.43,0,0
Resort Hotel,0,0,2016,March,12,17,0,1,2,0.0,0,BB,PRT,Direct,Direct,0,0,0,A,A,0,No Deposit,,0,Transient,45.0,0,0
Resort Hotel,0,0,2016,March,12,16,0,2,2,0.0,0,BB,ESP,Direct,Direct,0,0,0,A,A,0,No Deposit,,0,Transient,45.0,0,0
Resort Hotel,0,50,2016,March,10,4,4,10,2,0.0,0,HB,GBR,Offline TA/TO,TA/TO,0,0,0,A,A,0,No Deposit,171.0,0,Transient,54.25,0,0
Resort Hotel,0,4,2016,March,11,12,2,5,2,0.0,0,HB,GBR,Offline TA/TO,TA/TO,0,0,0,E,E,0,No Deposit,2.0,0,Contract,47.0,0,0
Resort Hotel,0,4,2016,March,11,12,2,5,2,0.0,0,BB,PRT,Offline TA/TO,TA/TO,0,0,0,C,D,0,No Deposit,2.0,0,Contract,22.0,0,0
Resort Hotel,0,43,2016,March,11,12,2,5,2,0.0,0,BB,AUT,Offline TA/TO,TA/TO,0,0,0,E,E,0,No Deposit,69.0,0,Transient,40.83,1,0
Resort Hotel,0,12,2016,March,12,14,1,4,2,0.0,0,HB,ESP,Offline TA/TO,TA/TO,0,0,0,A,A,0,No Deposit,177.0,0,Transient,61.0,1,0
Resort Hotel,0,3,2016,March,12,14,1,4,2,0.0,0,BB,FIN,Online TA,TA/TO,0,0,0,E,E,0,No Deposit,,0,Transient,68.0,0,0
Resort Hotel,0,57,2016,March,11,12,2,5,2,0.0,0,BB,NOR,Offline TA/TO,TA/TO,0,0,0,A,C,0,No Deposit,8.0,0,Transient,26.1,0,0
Resort Hotel,0,8,2016,March,11,12,2,5,2,0.0,0,BB,GBR,Offline TA/TO,TA/TO,0,0,0,A,F,0,No Deposit,115.0,0,Transient,47.53,0,0
Resort Hotel,0,9,2016,March,12,18,0,1,2,0.0,0,BB,ESP,Online TA,TA/TO,0,0,0,A,D,0,No Deposit,240.0,0,Transient,66.0,1,1
Resort Hotel,0,0,2016,March,12,17,0,2,2,0.0,0,BB,FRA,Direct,Direct,0,0,0,A,A,1,No Deposit,,0,Transient,45.0,0,0
Resort Hotel,0,38,2016,March,11,12,2,5,2,0.0,0,HB,GBR,Offline TA/TO,TA/TO,0,0,0,A,A,0,No Deposit,115.0,0,Transient,49.5,0,0
Resort Hotel,0,5,2016,March,12,16,0,3,2,0.0,0,BB,PRT,Online TA,TA/TO,0,0,0,A,D,0,No Deposit,240.0,0,Transient,48.0,0,0
Resort Hotel,0,34,2016,March,12,13,2,5,2,0.0,0,HB,GBR,Offline TA/TO,TA/TO,0,0,0,A,A,1,No Deposit,2.0,0,Contract,55.0,0,0
Resort Hotel,0,154,2016,March,11,12,2,6,2,0.0,0,FB,PRT,Offline TA/TO,TA/TO,0,0,0,A,A,1,No Deposit,156.0,0,Transient,35.45,0,1
Resort Hotel,0,71,2016,March,12,17,0,3,2,0.0,0,BB,GBR,Online TA,TA/TO,0,0,0,E,E,0,No Deposit,240.0,0,Transient,61.4,0,2
Resort Hotel,0,71,2016,March,12,17,0,3,2,0.0,0,BB,GBR,Online TA,TA/TO,0,0,0,E,E,0,No Deposit,240.0,0,Transient,61.4,0,2
Resort Hotel,0,71,2016,March,12,17,0,3,2,0.0,0,BB,GBR,Online TA,TA/TO,0,0,0,E,E,0,No Deposit,240.0,0,Transient,61.4,0,2
Resort Hotel,0,71,2016,March,12,17,0,3,2,0.0,0,BB,GBR,Online TA,TA/TO,0,0,0,E,E,0,No Deposit,240.0,0,Transient,59.4,0,2
Resort Hotel,0,2,2016,March,12,19,0,1,2,0.0,0,BB,PRT,Offline TA/TO,TA/TO,0,0,0,D,D,0,No Deposit,330.0,0,Transient-Party,65.0,0,0
Resort Hotel,0,2,2016,March,12,19,0,1,2,0.0,0,BB,PRT,Offline TA/TO,TA/TO,0,0,0,D,D,0,No Deposit,330.0,0,Transient-Party,65.0,0,0
Resort Hotel,0,52,2016,March,12,14,1,5,2,0.0,0,BB,FIN,Online TA,TA/TO,0,0,0,E,E,0,No Deposit,241.0,0,Transient,50.51,1,1
Resort Hotel,0,0,2016,March,12,18,0,2,2,0.0,0,BB,ESP,Online TA,TA/TO,0,0,0,A,A,0,No Deposit,240.0,0,Transient,65.0,0,1
Resort Hotel,0,2,2016,March,12,18,0,2,2,0.0,0,HB,ESP,Offline TA/TO,TA/TO,0,0,0,A,A,0,No Deposit,6.0,0,Transient,55.0,0,0
Resort Hotel,0,4,2016,March,12,19,0,1,2,0.0,0,BB,ESP,Offline TA/TO,TA/TO,0,0,0,A,D,0,No Deposit,336.0,0,Transient,29.0,0,0
Resort Hotel,0,49,2016,March,12,15,0,5,2,0.0,0,HB,DEU,Offline TA/TO,TA/TO,0,0,0,A,A,0,No Deposit,171.0,0,Transient,38.0,0,0
Resort Hotel,0,49,2016,March,12,15,0,5,2,0.0,0,HB,PRT,Offline TA/TO,TA/TO,0,0,0,D,D,0,No Deposit,171.0,0,Transient,50.0,0,0
Resort Hotel,0,49,2016,March,12,15,0,5,2,0.0,0,HB,DEU,Offline TA/TO,TA/TO,0,0,0,A,A,0,No Deposit,171.0,0,Transient,75.8,1,0
Resort Hotel,0,49,2016,March,12,15,0,5,2,0.0,0,HB,DEU,Offline TA/TO,TA/TO,0,0,0,A,A,0,No Deposit,171.0,0,Transient,38.0,0,0
Resort Hotel,0,14,2016,March,12,18,0,2,2,0.0,0,BB,ESP,Offline TA/TO,TA/TO,0,0,0,E,E,0,No Deposit,6.0,0,Transient,45.0,0,0
Resort Hotel,0,15,2016,March,12,18,0,2,2,0.0,0,BB,PRT,Direct,Direct,0,0,0,A,A,0,No Deposit,250.0,0,Transient,45.0,0,0
Resort Hotel,0,26,2016,March,12,19,0,1,2,0.0,0,BB,PRT,Online TA,TA/TO,0,0,0,A,E,0,No Deposit,240.0,0,Transient,48.0,0,1
Resort Hotel,0,270,2016,March,12,13,2,5,2,0.0,0,BB,PRT,Online TA,TA/TO,0,0,0,A,A,0,No Deposit,241.0,0,Transient,23.7,0,3
Resort Hotel,0,2,2016,March,12,18,0,2,2,0.0,0,BB,PRT,Offline TA/TO,TA/TO,0,0,0,A,A,0,No Deposit,6.0,0,Transient,29.0,0,0
Resort Hotel,0,14,2016,March,12,19,0,1,2,0.0,0,BB,PRT,Online TA,TA/TO,0,0,0,A,D,0,No Deposit,240.0,0,Transient,48.0,0,0
Resort Hotel,0,123,2016,March,12,19,0,1,2,0.0,0,BB,ESP,Online TA,TA/TO,0,0,0,G,G,0,No Deposit,240.0,0,Transient,98.0,1,1
Resort Hotel,0,123,2016,March,12,19,0,1,2,0.0,0,BB,ESP,Online TA,TA/TO,0,0,0,G,G,0,No Deposit,240.0,0,Transient,98.0,0,1
Resort Hotel,0,15,2016,March,12,19,0,1,2,0.0,0,BB,PRT,Offline TA/TO,TA/TO,0,0,0,D,D,1,No Deposit,196.0,0,Transient,38.0,0,0
Resort Hotel,0,38,2016,March,12,17,0,3,2,0.0,0,BB,GBR,Offline TA/TO,TA/TO,0,0,0,A,A,0,No Deposit,8.0,0,Transient,35.0,1,0
Resort Hotel,0,35,2016,March,12,18,0,2,2,0.0,0,BB,GBR,Online TA,TA/TO,0,0,0,A,D,0,No Deposit,240.0,0,Transient,48.0,0,2
Resort Hotel,0,0,2016,March,12,19,0,1,2,0.0,0,BB,BRA,Direct,Direct,0,0,0,A,A,0,No Deposit,,0,Transient,58.0,0,0
Resort Hotel,0,34,2016,March,12,17,0,3,2,0.0,0,BB,GBR,Online TA,TA/TO,0,0,0,A,D,0,No Deposit,240.0,0,Transient,48.0,0,3
Resort Hotel,0,270,2016,March,12,13,2,5,2,0.0,0,BB,GBR,Online TA,TA/TO,0,0,0,A,A,0,No Deposit,240.0,0,Transient,32.4,0,0
Resort Hotel,0,201,2016,March,12,13,2,5,2,0.0,0,BB,GBR,Online TA,TA/TO,0,0,0,A,A,0,No Deposit,241.0,0,Transient,23.7,0,1
Resort Hotel,0,18,2016,March,12,19,0,1,2,0.0,0,BB,PRT,Online TA,TA/TO,0,0,0,A,A,0,No Deposit,240.0,0,Transient,60.0,0,0
Resort Hotel,0,0,2016,March,12,18,0,2,2,0.0,0,BB,DEU,Online TA,TA/TO,0,0,0,A,A,0,No Deposit,240.0,0,Transient,58.0,0,0
Resort Hotel,0,2,2016,March,12,19,0,1,2,0.0,0,BB,ESP,Offline TA/TO,TA/TO,0,0,0,A,A,0,No Deposit,177.0,0,Transient,29.0,0,1
Resort Hotel,0,0,2016,November,48,23,0,1,2,0.0,0,BB,ESP,Offline TA/TO,TA/TO,1,0,1,A,D,0,No Deposit,6.0,0,Transient,34.0,0,1
Resort Hotel,0,2,2016,March,12,19,0,1,2,0.0,0,BB,ESP,Online TA,TA/TO,0,0,0,A,D,0,No Deposit,240.0,0,Transient,58.0,0,0
Resort Hotel,0,1,2016,March,12,17,0,3,2,0.0,0,BB,DEU,Direct,Direct,0,0,0,E,F,0,No Deposit,,0,Transient,65.0,0,1
Resort Hotel,0,0,2016,March,13,20,1,0,2,0.0,0,BB,DEU,Direct,Direct,1,0,0,D,D,2,No Deposit,,0,Transient,68.0,0,1
Resort Hotel,0,16,2016,March,12,18,0,2,2,0.0,0,BB,PRT,Offline TA/TO,TA/TO,0,0,0,A,A,0,No Deposit,196.0,0,Transient,30.0,0,0
Resort Hotel,0,3,2016,March,12,19,0,1,2,0.0,0,BB,GBR,Online TA,TA/TO,0,0,0,A,D,0,No Deposit,240.0,0,Transient,58.0,0,1
Resort Hotel,0,8,2016,March,12,18,0,2,2,0.0,0,HB,PRT,Offline TA/TO,TA/TO,0,0,0,A,A,0,No Deposit,6.0,0,Transient,55.0,0,0
Resort Hotel,0,126,2016,March,12,14,1,5,2,0.0,0,BB,FRA,Online TA,TA/TO,0,0,0,A,A,0,No Deposit,240.0,0,Transient,54.0,1,1
Resort Hotel,0,5,2016,March,12,19,0,1,2,0.0,0,BB,PRT,Offline TA/TO,TA/TO,0,0,0,A,A,0,No Deposit,8.0,0,Transient,29.0,0,0
Resort Hotel,0,14,2016,March,12,19,0,1,2,0.0,0,BB,PRT,Offline TA/TO,TA/TO,0,0,0,A,A,0,No Deposit,177.0,0,Transient,29.0,0,2
Resort Hotel,0,30,2016,March,12,16,0,4,2,0.0,0,BB,IRL,Online TA,TA/TO,0,0,0,E,E,0,No Deposit,240.0,0,Transient,74.0,1,1
Resort Hotel,0,25,2016,March,13,21,1,2,2,0.0,0,BB,PRT,Offline TA/TO,TA/TO,0,0,0,D,D,0,No Deposit,115.0,0,Transient,52.2,0,0
Resort Hotel,0,25,2016,March,13,21,1,2,2,0.0,0,BB,IND,Offline TA/TO,TA/TO,0,0,0,D,D,0,No Deposit,115.0,0,Transient,52.2,0,1
Resort Hotel,0,40,2016,March,12,17,1,3,2,0.0,0,BB,GBR,Offline TA/TO,TA/TO,0,0,0,A,C,0,No Deposit,115.0,0,Transient-Party,26.1,0,1
Resort Hotel,0,8,2016,March,11,9,3,9,2,0.0,0,BB,NLD,Online TA,TA/TO,0,0,0,E,E,0,No Deposit,241.0,0,Transient,51.59,0,1
Resort Hotel,0,39,2016,March,12,14,2,5,2,0.0,0,BB,ESP,Online TA,TA/TO,0,0,0,E,E,0,No Deposit,240.0,0,Transient,72.0,1,0
Resort Hotel,0,1,2016,March,13,20,1,0,2,0.0,0,BB,ESP,Online TA,TA/TO,0,0,0,A,A,0,No Deposit,240.0,0,Transient,64.0,1,1
Resort Hotel,0,7,2016,March,13,20,1,0,2,0.0,0,BB,ESP,Online TA,TA/TO,0,0,0,A,A,1,No Deposit,240.0,0,Transient,48.0,0,1
Resort Hotel,0,27,2016,March,12,17,1,3,2,0.0,0,BB,GBR,Online TA,TA/TO,0,0,0,F,F,0,No Deposit,241.0,0,Transient,48.05,0,1
Resort Hotel,0,22,2017,January,1,4,0,4,2,0.0,0,BB,GBR,Offline TA/TO,TA/TO,1,0,0,A,C,0,No Deposit,171.0,0,Transient,34.0,0,2
Resort Hotel,0,6,2016,March,12,18,1,2,2,0.0,0,BB,GBR,Offline TA/TO,TA/TO,0,0,0,D,D,0,No Deposit,26.0,0,Transient,36.1,0,0
Resort Hotel,0,69,2016,March,12,18,1,2,2,0.0,0,BB,GBR,Online TA,TA/TO,0,0,0,A,A,0,No Deposit,240.0,0,Transient,56.0,0,1
Resort Hotel,0,6,2016,March,12,17,1,3,2,0.0,0,BB,GBR,Offline TA/TO,TA/TO,0,0,0,A,F,0,No Deposit,177.0,0,Transient,51.0,0,0
Resort Hotel,0,0,2016,March,13,21,0,0,2,0.0,0,BB,ESP,Online TA,TA/TO,1,0,0,A,I,0,No Deposit,240.0,0,Transient,0.0,0,0
Resort Hotel,0,76,2016,March,13,21,0,0,2,0.0,0,BB,PRT,Online TA,TA/TO,0,0,0,E,I,0,No Deposit,240.0,0,Transient,0.0,0,1
Resort Hotel,0,4,2016,March,12,19,1,1,2,0.0,0,BB,PRT,Corporate,Corporate,0,0,0,A,A,0,No Deposit,,0,Transient,35.0,0,0
Resort Hotel,0,119,2016,March,12,15,2,5,2,0.0,0,BB,GBR,Offline TA/TO,TA/TO,0,0,0,A,A,0,No Deposit,115.0,0,Transient,26.1,0,0
Resort Hotel,0,6,2016,March,12,17,2,3,2,0.0,0,BB,GBR,Offline TA/TO,TA/TO,0,0,0,D,D,0,No Deposit,115.0,0,Transient,33.3,0,0
Resort Hotel,0,5,2016,March,12,15,2,5,2,0.0,0,BB,GBR,Offline TA/TO,TA/TO,0,0,0,E,E,0,No Deposit,95.0,0,Transient,45.0,0,1
Resort Hotel,0,22,2016,March,12,19,2,1,2,0.0,0,BB,IRL,Offline TA/TO,TA/TO,0,0,0,A,A,0,No Deposit,115.0,0,Transient,26.1,0,0
Resort Hotel,0,50,2016,March,12,17,2,3,2,0.0,0,BB,GBR,Online TA,TA/TO,0,0,0,A,A,0,No Deposit,240.0,0,Transient,56.0,0,1
Resort Hotel,0,4,2016,March,12,16,2,4,2,0.0,0,BB,BRA,Online TA,TA/TO,0,0,0,D,D,1,No Deposit,240.0,0,Transient,59.67,0,1
Resort Hotel,0,11,2016,March,11,12,4,6,2,0.0,0,BB,GBR,Offline TA/TO,TA/TO,0,0,0,A,A,0,No Deposit,115.0,0,Transient,27.9,0,0
Resort Hotel,0,101,2016,March,12,15,2,5,2,0.0,0,BB,GBR,Offline TA/TO,TA/TO,0,0,0,D,D,0,No Deposit,8.0,0,Transient,37.0,0,0
Resort Hotel,0,12,2016,March,12,19,2,1,2,0.0,0,HB,PRT,Offline TA/TO,TA/TO,0,0,0,A,A,0,No Deposit,26.0,0,Transient,53.2,0,0
Resort Hotel,0,10,2016,March,12,15,2,5,2,0.0,0,HB,IRL,Offline TA/TO,TA/TO,0,0,0,D,D,0,No Deposit,115.0,0,Transient,60.13,0,0
Resort Hotel,0,14,2016,March,12,19,2,1,2,0.0,0,BB,ESP,Online TA,TA/TO,0,0,0,D,D,0,No Deposit,240.0,0,Transient,58.0,0,2
Resort Hotel,0,16,2016,March,13,21,1,0,2,0.0,0,BB,ITA,Online TA,TA/TO,0,0,0,A,A,0,No Deposit,240.0,0,Transient-Party,48.0,0,2
Resort Hotel,0,8,2016,March,12,15,2,5,2,0.0,0,BB,GBR,Offline TA/TO,TA/TO,0,0,0,A,A,0,No Deposit,95.0,0,Transient,29.0,0,0
Resort Hotel,0,16,2016,March,13,21,1,0,2,0.0,0,BB,ITA,Online TA,TA/TO,0,0,0,A,A,0,No Deposit,240.0,0,Transient-Party,54.0,0,1
Resort Hotel,0,2,2016,March,13,21,1,0,2,0.0,0,BB,PRT,Offline TA/TO,TA/TO,0,0,0,A,B,0,No Deposit,6.0,0,Transient,29.0,0,0
Resort Hotel,0,7,2016,March,13,21,1,0,2,0.0,0,BB,PRT,Offline TA/TO,TA/TO,0,0,0,A,A,0,No Deposit,177.0,0,Transient,29.0,0,1
Resort Hotel,0,37,2016,March,12,18,2,2,2,0.0,0,BB,ESP,Online TA,TA/TO,0,0,0,D,D,1,No Deposit,240.0,0,Transient,58.0,0,2
Resort Hotel,0,20,2016,March,11,9,4,9,2,0.0,0,BB,FIN,Online TA,TA/TO,0,0,0,E,E,2,No Deposit,240.0,0,Transient,69.85,0,0
Resort Hotel,0,10,2016,March,13,21,1,0,2,0.0,0,BB,FRA,Online TA,TA/TO,0,0,0,A,C,0,No Deposit,240.0,0,Transient,66.0,1,1
Resort Hotel,0,15,2016,March,13,21,1,0,2,0.0,0,BB,ESP,Online TA,TA/TO,0,0,0,E,E,0,No Deposit,240.0,0,Transient,62.0,1,1
Resort Hotel,0,11,2016,March,12,19,2,1,2,0.0,0,BB,ESP,Offline TA/TO,TA/TO,0,0,0,E,E,0,No Deposit,6.0,0,Transient,51.0,1,0
Resort Hotel,0,6,2016,March,13,21,1,0,2,0.0,0,BB,ESP,Offline TA/TO,TA/TO,0,0,0,A,A,0,No Deposit,177.0,0,Transient,26.1,0,0
Resort Hotel,0,10,2016,March,12,19,2,1,2,0.0,0,BB,GBR,Online TA,TA/TO,0,0,0,E,E,2,No Deposit,240.0,0,Transient,71.33,0,1
Resort Hotel,0,7,2016,March,13,21,1,0,2,0.0,0,BB,COL,Offline TA/TO,TA/TO,0,0,0,A,A,0,No Deposit,177.0,0,Transient,26.1,0,0
Resort Hotel,0,5,2016,March,13,21,1,0,2,0.0,0,BB,PRT,Offline TA/TO,TA/TO,0,0,0,A,C,1,No Deposit,336.0,0,Transient,29.0,0,1
Resort Hotel,0,17,2016,March,12,19,2,1,2,0.0,0,HB,PRT,Offline TA/TO,TA/TO,0,0,0,A,A,0,No Deposit,6.0,0,Transient,55.0,0,0
Resort Hotel,0,16,2016,March,12,17,2,3,2,0.0,0,HB,LTU,Offline TA/TO,TA/TO,0,0,0,E,F,0,No Deposit,115.0,0,Transient,63.9,0,0
Resort Hotel,0,5,2016,March,13,20,2,0,2,0.0,0,BB,PRT,Direct,Direct,0,0,0,D,D,0,No Deposit,,0,Transient,61.0,1,1
Resort Hotel,0,8,2016,March,12,19,2,1,2,0.0,0,BB,PRT,Online TA,TA/TO,0,0,0,E,F,0,No Deposit,240.0,0,Transient,71.33,0,0
Resort Hotel,0,27,2016,March,12,18,2,2,2,0.0,0,BB,GBR,Offline TA/TO,TA/TO,0,0,0,D,D,0,No Deposit,171.0,0,Transient,37.0,0,0
Resort Hotel,0,2,2016,March,13,21,1,0,2,0.0,0,BB,PRT,Online TA,TA/TO,0,0,0,A,A,0,No Deposit,240.0,0,Transient,58.0,0,0
Resort Hotel,0,76,2016,March,11,12,4,6,2,0.0,0,HB,FRA,Online TA,TA/TO,0,0,0,A,A,0,No Deposit,240.0,0,Transient,78.0,0,1
Resort Hotel,0,37,2016,March,12,18,2,2,2,0.0,0,BB,ESP,Online TA,TA/TO,0,0,0,D,D,1,No Deposit,240.0,0,Transient,64.0,1,2
Resort Hotel,0,56,2016,March,12,16,2,5,2,0.0,0,BB,CN,Online TA,TA/TO,0,0,0,A,A,0,No Deposit,240.0,0,Transient,49.43,0,1
Resort Hotel,0,0,2016,March,12,16,2,5,2,0.0,0,HB,DEU,Offline TA/TO,TA/TO,0,0,0,A,E,0,No Deposit,171.0,0,Transient,55.0,0,0
Resort Hotel,0,22,2016,March,12,16,2,5,2,0.0,0,BB,DEU,Offline TA/TO,TA/TO,0,0,0,D,D,0,No Deposit,69.0,0,Transient,30.6,0,0
Resort Hotel,0,24,2016,March,12,15,2,6,2,0.0,0,BB,GBR,Offline TA/TO,TA/TO,0,0,0,A,A,0,No Deposit,36.0,0,Transient,34.56,0,0
Resort Hotel,0,18,2016,March,12,18,2,3,2,0.0,0,HB,ESP,Online TA,TA/TO,0,0,0,A,D,0,No Deposit,240.0,0,Transient,80.0,0,1
Resort Hotel,0,67,2016,March,13,20,2,1,2,0.0,0,BB,PRT,Direct,Direct,0,0,0,D,D,0,No Deposit,250.0,0,Transient,51.0,0,0
Resort Hotel,0,0,2016,March,13,22,0,1,2,0.0,0,BB,PRT,Direct,Direct,0,0,0,A,D,0,No Deposit,,0,Transient,58.0,1,1
Resort Hotel,0,18,2016,March,12,19,2,2,2,0.0,0,BB,ESP,Offline TA/TO,TA/TO,0,0,0,A,A,0,No Deposit,327.0,0,Transient,29.0,0,1
Resort Hotel,0,28,2016,March,12,19,2,2,2,0.0,0,BB,ESP,Online TA,TA/TO,0,0,0,E,E,0,No Deposit,240.0,0,Transient,74.0,1,0
Resort Hotel,0,12,2016,March,12,18,2,3,2,0.0,0,BB,ESP,Online TA,TA/TO,0,0,0,D,D,0,No Deposit,240.0,0,Transient,64.0,1,1
Resort Hotel,0,15,2016,March,12,19,2,2,2,0.0,0,BB,ITA,Online TA,TA/TO,0,0,0,E,F,1,No Deposit,240.0,0,Transient-Party,68.0,0,0
Resort Hotel,0,0,2016,March,13,21,1,1,2,0.0,0,BB,PRT,Direct,Direct,0,0,0,D,D,0,No Deposit,,0,Transient,68.0,0,0
Resort Hotel,0,37,2016,March,12,16,2,5,2,0.0,0,BB,DEU,Offline TA/TO,TA/TO,0,0,0,A,A,0,No Deposit,8.0,0,Transient,26.1,0,0
Resort Hotel,0,9,2016,March,13,20,2,1,2,0.0,0,BB,ESP,Online TA,TA/TO,0,0,0,A,A,2,No Deposit,240.0,0,Transient,78.0,0,1
Resort Hotel,0,28,2016,March,13,21,1,1,2,0.0,0,BB,ESP,Direct,Direct,0,0,0,D,E,1,No Deposit,250.0,0,Transient,55.0,0,1
Resort Hotel,0,28,2016,March,13,21,1,1,2,0.0,0,BB,ESP,Direct,Direct,0,0,0,D,G,2,No Deposit,250.0,0,Transient,55.0,0,1
Resort Hotel,0,4,2016,March,13,20,2,1,2,0.0,0,BB,PRT,Online TA,TA/TO,0,0,0,E,E,0,No Deposit,240.0,0,Transient,74.0,1,1
Resort Hotel,0,2,2016,March,13,20,2,1,2,0.0,0,BB,ESP,Online TA,TA/TO,0,0,0,A,A,0,No Deposit,240.0,0,Transient,88.0,1,0
Resort Hotel,0,12,2016,March,12,19,2,2,2,0.0,0,BB,ESP,Online TA,TA/TO,0,0,0,D,D,0,No Deposit,240.0,0,Transient,58.0,0,1
Resort Hotel,0,25,2016,March,12,19,2,2,2,0.0,0,BB,ESP,Offline TA/TO,TA/TO,0,0,0,D,D,0,No Deposit,115.0,0,Transient,33.3,0,0
Resort Hotel,0,26,2016,March,12,19,2,2,2,0.0,0,BB,ESP,Online TA,TA/TO,0,0,0,A,D,0,No Deposit,240.0,0,Transient,60.0,0,1
Resort Hotel,0,4,2016,March,13,20,2,1,2,0.0,0,BB,USA,Offline TA/TO,TA/TO,0,0,0,D,D,0,No Deposit,8.0,0,Transient,43.0,1,0
Resort Hotel,0,61,2016,March,12,19,2,2,2,0.0,0,BB,ESP,Online TA,TA/TO,0,0,0,A,A,0,No Deposit,240.0,0,Transient,48.0,0,2
Resort Hotel,0,61,2016,March,12,19,2,2,2,0.0,0,BB,PRT,Online TA,TA/TO,0,0,0,A,A,0,No Deposit,240.0,0,Transient,48.0,0,2
Resort Hotel,0,1,2016,March,13,22,0,1,2,0.0,0,BB,GBR,Direct,Direct,0,0,0,A,D,0,No Deposit,,0,Transient,58.0,0,0
Resort Hotel,0,17,2016,March,13,21,1,1,2,0.0,0,BB,ESP,Online TA,TA/TO,0,0,0,A,A,2,No Deposit,240.0,0,Transient,48.0,0,1
Resort Hotel,0,63,2016,March,13,21,1,1,2,0.0,0,BB,FIN,Online TA,TA/TO,0,0,0,A,C,0,No Deposit,242.0,0,Transient,84.0,0,1
Resort Hotel,0,8,2016,March,13,22,0,1,2,0.0,0,BB,PRT,Online TA,TA/TO,0,0,0,E,E,0,No Deposit,240.0,0,Transient,68.0,0,1
Resort Hotel,0,14,2016,March,13,21,1,1,2,0.0,0,BB,ESP,Online TA,TA/TO,0,0,0,E,E,0,No Deposit,240.0,0,Transient,74.0,1,1
Resort Hotel,0,4,2016,March,13,21,1,1,2,0.0,0,BB,ESP,Offline TA/TO,TA/TO,0,0,0,A,A,0,No Deposit,6.0,0,Transient,29.0,0,2
Resort Hotel,0,7,2016,March,12,19,2,2,2,0.0,0,BB,ESP,Online TA,TA/TO,0,0,0,D,D,0,No Deposit,240.0,0,Transient-Party,60.5,0,0
Resort Hotel,0,7,2016,March,12,19,2,2,2,0.0,0,BB,ESP,Online TA,TA/TO,0,0,0,D,D,0,No Deposit,240.0,0,Transient-Party,60.5,0,0
Resort Hotel,0,72,2016,March,12,16,2,5,2,0.0,0,BB,GBR,Offline TA/TO,TA/TO,0,0,0,D,D,0,No Deposit,115.0,0,Transient,33.3,0,0
Resort Hotel,0,111,2016,March,12,14,3,6,2,0.0,0,BB,GBR,Online TA,TA/TO,0,0,0,E,E,0,No Deposit,240.0,0,Transient,61.2,0,1
Resort Hotel,0,1,2016,March,13,24,0,0,2,0.0,0,BB,PRT,Direct,Direct,0,0,0,A,A,0,No Deposit,,0,Transient,0.0,0,0
Resort Hotel,0,17,2016,March,13,20,2,2,2,0.0,0,BB,PRT,Offline TA/TO,TA/TO,0,0,0,D,D,0,No Deposit,171.0,0,Transient,37.15,0,0
Resort Hotel,0,39,2016,March,13,20,2,2,2,0.0,0,BB,PRT,Offline TA/TO,TA/TO,0,0,0,A,A,0,No Deposit,36.0,0,Transient,34.56,0,0
Resort Hotel,0,44,2016,March,12,17,2,5,2,0.0,0,HB,GBR,Offline TA/TO,TA/TO,0,0,0,E,E,0,No Deposit,2.0,0,Contract,72.43,0,1
Resort Hotel,0,64,2016,March,12,15,2,7,2,0.0,0,BB,GBR,Offline TA/TO,TA/TO,0,0,0,E,E,0,No Deposit,115.0,0,Transient,63.0,0,0
Resort Hotel,0,12,2016,March,12,19,2,3,2,0.0,0,BB,GBR,Offline TA/TO,TA/TO,0,0,0,A,A,0,No Deposit,115.0,0,Transient,41.4,0,0
Resort Hotel,0,19,2016,March,13,20,2,2,2,0.0,0,BB,PRT,Online TA,TA/TO,0,0,0,A,A,0,No Deposit,240.0,0,Transient,66.0,1,1
Resort Hotel,0,9,2016,March,13,20,2,3,2,0.0,0,BB,GBR,Online TA,TA/TO,0,0,0,A,A,1,No Deposit,240.0,0,Transient,55.4,0,1
Resort Hotel,0,52,2016,March,12,17,2,5,2,0.0,0,BB,SWE,Online TA,TA/TO,0,0,0,E,E,0,No Deposit,241.0,0,Transient,42.28,0,1
Resort Hotel,0,10,2016,March,12,18,2,4,2,0.0,0,BB,ESP,Online TA,TA/TO,0,0,0,A,A,0,No Deposit,240.0,0,Transient,49.0,1,0
Resort Hotel,0,17,2016,March,13,22,0,2,2,0.0,0,BB,RUS,Online TA,TA/TO,0,0,0,D,D,0,No Deposit,240.0,0,Transient,58.0,0,1
Resort Hotel,0,12,2016,March,11,12,4,8,2,0.0,0,FB,GBR,Offline TA/TO,TA/TO,0,0,0,A,A,0,No Deposit,115.0,0,Transient,82.8,0,0
Resort Hotel,0,20,2016,March,13,20,2,2,2,0.0,0,BB,PRT,Online TA,TA/TO,0,0,0,A,A,0,No Deposit,240.0,0,Transient,60.0,0,1
Resort Hotel,0,22,2017,April,14,6,0,3,2,0.0,0,BB,PRT,Direct,TA/TO,1,0,1,E,E,0,No Deposit,250.0,0,Transient,120.0,0,2
Resort Hotel,0,20,2016,March,13,20,2,2,2,0.0,0,BB,PRT,Online TA,TA/TO,0,0,0,A,A,0,No Deposit,240.0,0,Transient,60.0,0,1
Resort Hotel,0,6,2016,March,13,21,1,2,2,0.0,0,BB,FRA,Offline TA/TO,TA/TO,0,0,0,A,A,0,No Deposit,6.0,0,Transient,46.0,0,0
Resort Hotel,0,121,2016,March,13,20,2,2,2,0.0,0,BB,DNK,Offline TA/TO,TA/TO,0,0,0,A,D,0,No Deposit,6.0,0,Transient,26.0,0,0
Resort Hotel,0,6,2016,March,13,21,1,2,2,0.0,0,BB,FRA,Offline TA/TO,TA/TO,0,0,0,A,A,0,No Deposit,6.0,0,Transient,46.0,0,0
Resort Hotel,0,0,2016,March,13,23,0,1,2,0.0,0,BB,PRT,Online TA,TA/TO,0,0,0,E,E,0,No Deposit,240.0,0,Transient,78.0,0,0
Resort Hotel,0,13,2016,March,13,24,0,0,2,0.0,0,BB,PRT,Online TA,TA/TO,0,0,0,D,D,1,No Deposit,242.0,0,Transient,0.0,0,1
Resort Hotel,0,31,2016,March,12,19,2,3,2,0.0,0,BB,ESP,Direct,Direct,0,0,0,E,E,2,No Deposit,250.0,0,Transient,65.0,0,1
Resort Hotel,0,31,2016,March,12,19,2,3,2,0.0,0,BB,ESP,Direct,Direct,0,0,0,F,F,0,No Deposit,250.0,0,Transient,81.0,1,0
Resort Hotel,0,35,2016,March,13,23,0,3,2,0.0,0,BB,ESP,Direct,Direct,0,0,0,D,D,1,No Deposit,250.0,0,Transient,86.33,1,0
Resort Hotel,0,21,2016,March,13,21,1,2,2,0.0,0,BB,ESP,Online TA,TA/TO,0,0,0,A,A,0,No Deposit,241.0,0,Transient,36.96,0,1
Resort Hotel,0,4,2016,March,13,21,1,2,2,0.0,0,HB,ESP,Online TA,TA/TO,0,0,0,A,A,0,No Deposit,240.0,0,Transient,80.0,0,0
Resort Hotel,0,5,2016,March,13,22,0,2,2,0.0,0,BB,PRT,Online TA,TA/TO,0,0,0,A,C,0,No Deposit,240.0,0,Transient,54.0,0,1
Resort Hotel,0,21,2016,March,13,21,1,2,2,0.0,0,BB,ESP,Online TA,TA/TO,0,0,0,A,A,0,No Deposit,240.0,0,Transient,48.0,0,3
Resort Hotel,0,23,2016,March,12,17,2,5,2,0.0,0,BB,GBR,Offline TA/TO,TA/TO,0,0,0,A,A,0,No Deposit,6.0,0,Transient,48.0,0,1
Resort Hotel,0,0,2016,March,13,22,0,2,2,0.0,0,BB,ESP,Online TA,TA/TO,0,0,0,A,C,1,No Deposit,240.0,0,Transient,67.0,0,0
Resort Hotel,0,15,2016,March,13,22,0,2,2,0.0,0,BB,ESP,Offline TA/TO,TA/TO,0,0,0,A,A,0,No Deposit,196.0,0,Transient,30.0,0,1
Resort Hotel,0,30,2016,March,13,23,0,1,2,0.0,0,BB,PRT,Online TA,TA/TO,0,0,0,A,A,0,No Deposit,240.0,0,Transient,60.0,0,0
Resort Hotel,0,45,2016,March,13,22,0,2,2,0.0,0,BB,CIV,Direct,Direct,0,0,0,D,I,3,No Deposit,250.0,0,Transient,45.0,0,1
Resort Hotel,0,41,2016,March,13,24,0,2,2,0.0,0,BB,CIV,Direct,Direct,0,0,0,D,D,0,No Deposit,250.0,0,Group,72.0,0,1
Resort Hotel,0,16,2016,March,13,21,1,2,2,0.0,0,BB,NLD,Online TA,TA/TO,0,0,0,D,D,2,No Deposit,240.0,0,Transient,64.0,1,1
Resort Hotel,0,14,2016,March,12,19,2,3,2,0.0,0,Undefined,ESP,Offline TA/TO,TA/TO,0,0,0,E,E,0,No Deposit,196.0,0,Transient,74.0,0,0
Resort Hotel,0,14,2016,March,12,19,2,3,2,0.0,0,Undefined,ESP,Offline TA/TO,TA/TO,0,0,0,A,A,1,No Deposit,196.0,0,Transient,58.0,0,0
Resort Hotel,0,5,2016,March,13,22,0,2,2,0.0,0,BB,ESP,Online TA,TA/TO,0,0,0,A,A,0,No Deposit,240.0,0,Transient,48.0,0,1
Resort Hotel,0,21,2016,March,13,22,0,2,2,0.0,0,BB,PRT,Online TA,TA/TO,0,0,0,A,A,0,No Deposit,240.0,0,Transient,54.0,0,0
Resort Hotel,0,18,2016,March,13,22,0,2,2,0.0,0,BB,ESP,Online TA,TA/TO,0,0,0,A,A,0,No Deposit,240.0,0,Transient,54.0,0,0
Resort Hotel,0,18,2016,March,13,23,0,1,2,0.0,0,BB,FRA,Online TA,TA/TO,0,0,0,A,C,0,No Deposit,241.0,0,Transient,36.96,0,0
Resort Hotel,0,24,2016,March,12,17,2,5,2,0.0,0,BB,GBR,Offline TA/TO,TA/TO,0,0,0,D,D,0,No Deposit,8.0,0,Transient,52.2,0,0
Resort Hotel,0,8,2016,March,13,21,1,2,2,0.0,0,BB,PRT,Online TA,TA/TO,0,0,0,E,E,0,No Deposit,240.0,0,Transient,74.0,0,1
Resort Hotel,0,12,2016,March,13,23,0,1,2,0.0,0,BB,SRB,Online TA,TA/TO,0,0,0,D,D,0,No Deposit,240.0,0,Transient,64.0,1,0
Resort Hotel,0,20,2016,March,13,21,1,2,2,0.0,0,BB,ESP,Offline TA/TO,TA/TO,0,0,0,A,A,0,No Deposit,6.0,0,Transient,29.0,0,1
Resort Hotel,0,23,2016,March,12,19,2,3,2,0.0,0,HB,ESP,Offline TA/TO,TA/TO,0,0,0,A,A,0,No Deposit,196.0,0,Transient,58.0,0,1
Resort Hotel,0,13,2016,March,13,21,1,2,2,0.0,0,BB,PRT,Direct,Direct,0,0,0,A,A,0,No Deposit,250.0,0,Transient-Party,45.0,0,0
Resort Hotel,0,13,2016,March,13,21,1,2,2,0.0,0,BB,ESP,Direct,Direct,0,0,0,A,A,0,No Deposit,250.0,0,Transient-Party,46.33,0,0
Resort Hotel,0,42,2016,March,12,19,2,3,2,0.0,0,BB,PRT,Offline TA/TO,TA/TO,0,0,0,A,A,0,No Deposit,8.0,0,Transient,29.0,0,0
Resort Hotel,0,3,2016,March,13,21,1,2,2,0.0,0,BB,GBR,Offline TA/TO,TA/TO,0,0,0,A,A,0,No Deposit,8.0,0,Transient,46.0,0,0
Resort Hotel,0,0,2016,March,13,24,0,1,2,0.0,0,BB,GBR,Direct,TA/TO,1,0,0,A,A,0,No Deposit,,0,Group,85.0,0,0
Resort Hotel,0,1,2016,March,13,23,0,1,2,0.0,0,BB,PRT,Online TA,TA/TO,0,0,0,A,A,1,No Deposit,240.0,0,Transient,53.0,1,1
Resort Hotel,0,63,2016,March,13,21,1,3,2,0.0,0,BB,PRT,Online TA,TA/TO,0,0,0,D,D,0,No Deposit,240.0,0,Transient,66.75,1,1
Resort Hotel,0,38,2016,March,13,21,1,3,2,0.0,0,BB,ESP,Online TA,TA/TO,0,0,0,F,F,0,No Deposit,241.0,0,Transient,48.14,0,1
Resort Hotel,0,6,2016,March,13,23,0,2,2,0.0,0,BB,ESP,Online TA,TA/TO,0,0,0,A,D,0,No Deposit,240.0,0,Transient,66.5,1,1
Resort Hotel,0,17,2016,March,12,19,2,4,2,0.0,0,BB,ESP,Online TA,TA/TO,0,0,0,D,D,0,No Deposit,241.0,0,Transient,55.41,1,2
Resort Hotel,0,64,2016,March,13,23,0,2,2,0.0,0,BB,FIN,Online TA,TA/TO,0,0,0,G,G,0,No Deposit,240.0,0,Transient,106.5,1,0
Resort Hotel,0,0,2016,March,13,23,0,2,2,0.0,0,BB,FRA,Direct,Direct,0,0,0,D,D,0,No Deposit,,0,Transient,86.5,0,0
Resort Hotel,0,37,2016,March,13,20,2,3,2,0.0,0,BB,PRT,Online TA,TA/TO,0,0,0,E,E,0,No Deposit,240.0,0,Transient,77.4,1,1
Resort Hotel,0,0,2016,March,13,24,0,1,2,0.0,0,BB,PRT,Direct,Direct,0,0,0,D,D,0,No Deposit,250.0,0,Transient,111.0,1,0
Resort Hotel,0,0,2017,March,10,7,0,3,2,0.0,0,BB,PRT,Direct,Direct,1,0,1,A,A,0,No Deposit,250.0,0,Group,67.0,1,0
Resort Hotel,0,26,2016,March,13,20,2,3,2,0.0,0,BB,GBR,Online TA,TA/TO,0,0,0,E,E,0,No Deposit,241.0,0,Transient,52.23,0,2
Resort Hotel,0,26,2016,March,13,20,2,3,2,0.0,0,BB,GBR,Online TA,TA/TO,0,0,0,E,E,0,No Deposit,241.0,0,Transient,52.23,0,1
Resort Hotel,0,126,2016,March,13,23,0,2,2,0.0,0,BB,ESP,Online TA,TA/TO,0,0,0,A,D,0,No Deposit,240.0,0,Transient,58.0,1,2
Resort Hotel,0,35,2016,March,13,21,1,3,2,0.0,0,BB,GBR,Online TA,TA/TO,0,0,0,F,F,0,No Deposit,241.0,0,Transient,50.13,0,1
Resort Hotel,0,126,2016,March,13,23,0,2,2,0.0,0,BB,ESP,Online TA,TA/TO,0,0,0,A,D,1,No Deposit,240.0,0,Transient,52.0,0,2
Resort Hotel,0,2,2016,March,13,23,0,2,2,0.0,0,BB,PRT,Direct,Direct,0,0,0,E,E,0,No Deposit,250.0,0,Transient,96.5,0,0
Resort Hotel,0,3,2016,March,13,23,0,2,2,0.0,0,HB,ESP,Online TA,TA/TO,0,0,0,E,E,0,No Deposit,240.0,0,Transient,185.5,1,2
Resort Hotel,0,0,2016,March,13,24,0,1,2,0.0,0,BB,PRT,Direct,Direct,0,0,0,D,D,0,No Deposit,,0,Transient,105.0,0,0
Resort Hotel,0,0,2016,March,13,24,0,1,2,0.0,0,BB,ESP,Direct,Direct,0,0,0,E,E,0,No Deposit,,0,Transient,121.0,1,0
Resort Hotel,0,42,2016,March,13,25,0,1,2,0.0,0,BB,PRT,Online TA,TA/TO,0,0,0,D,I,1,No Deposit,241.0,0,Transient,57.75,0,0
Resort Hotel,0,45,2016,February,9,27,8,20,2,0.0,0,Undefined,FRA,Offline TA/TO,TA/TO,0,0,0,E,E,2,No Deposit,363.0,0,Transient,79.0,0,0
Resort Hotel,0,73,2016,March,13,22,0,4,2,0.0,0,BB,IRL,Online TA,TA/TO,0,0,0,D,D,0,No Deposit,240.0,0,Transient,66.0,0,1
Resort Hotel,0,35,2016,March,13,22,0,4,2,0.0,0,BB,FIN,Direct,Direct,0,0,0,F,F,0,No Deposit,250.0,0,Transient,95.5,1,0
Resort Hotel,0,36,2016,March,13,22,0,4,2,0.0,0,BB,GBR,Online TA,TA/TO,0,0,0,D,D,0,No Deposit,240.0,0,Transient,66.5,0,1
Resort Hotel,0,128,2016,March,13,23,0,3,2,0.0,0,BB,ESP,Offline TA/TO,TA/TO,0,0,0,A,D,0,No Deposit,6.0,0,Transient,26.0,0,0
Resort Hotel,0,67,2016,March,12,18,2,6,2,0.0,0,HB,ESP,Online TA,TA/TO,0,0,0,E,E,0,No Deposit,242.0,0,Transient,94.73,1,1
Resort Hotel,0,121,2016,March,13,24,0,2,2,0.0,0,BB,FRA,Online TA,TA/TO,0,0,0,E,E,0,No Deposit,240.0,0,Transient,77.4,0,1
Resort Hotel,0,36,2016,March,13,22,0,4,2,0.0,0,HB,ESP,Online TA,TA/TO,0,0,0,D,D,0,No Deposit,240.0,0,Transient,104.5,1,1
Resort Hotel,0,69,2016,March,13,20,2,4,2,0.0,0,BB,GBR,Online TA,TA/TO,0,0,0,E,E,0,No Deposit,241.0,0,Transient,45.33,0,1
Resort Hotel,0,65,2016,March,12,19,2,5,2,0.0,0,HB,GBR,Online TA,TA/TO,0,0,0,F,F,0,No Deposit,241.0,0,Transient,82.15,0,2
Resort Hotel,0,36,2016,March,13,23,0,3,2,0.0,0,HB,ESP,Online TA,TA/TO,0,0,0,D,D,0,No Deposit,240.0,0,Transient,107.33,1,1
Resort Hotel,0,9,2016,March,13,22,0,4,2,0.0,0,HB,PRT,Online TA,TA/TO,0,0,0,E,E,0,No Deposit,242.0,0,Transient,118.5,0,1
Resort Hotel,0,26,2016,March,12,17,2,7,2,0.0,0,BB,IRL,Online TA,TA/TO,0,0,0,E,E,0,No Deposit,240.0,0,Transient,72.89,0,1
Resort Hotel,0,12,2016,March,13,26,1,1,2,0.0,0,BB,IRL,Online TA,TA/TO,0,0,0,D,E,0,No Deposit,240.0,0,Transient,72.0,0,1
Resort Hotel,0,167,2016,March,13,20,2,5,2,0.0,0,HB,DEU,Offline TA/TO,TA/TO,0,0,0,A,A,0,No Deposit,171.0,0,Transient,55.5,1,0
Resort Hotel,0,33,2016,March,13,26,0,1,2,0.0,0,HB,PRT,Online TA,TA/TO,0,0,0,E,E,0,No Deposit,240.0,0,Transient,133.0,1,1
Resort Hotel,0,136,2016,March,13,24,0,3,2,0.0,0,BB,ESP,Online TA,TA/TO,0,0,0,A,A,0,No Deposit,240.0,0,Transient-Party,56.0,0,2
Resort Hotel,0,68,2016,March,13,24,0,3,2,0.0,0,HB,ESP,Online TA,TA/TO,0,0,0,E,E,1,No Deposit,240.0,0,Transient,120.0,0,2
Resort Hotel,0,57,2016,March,13,26,0,1,2,0.0,0,BB,CHE,Offline TA/TO,TA/TO,0,0,0,D,D,0,No Deposit,251.0,0,Transient,58.0,0,0
Resort Hotel,0,62,2016,March,12,18,2,7,2,0.0,0,HB,ESP,Offline TA/TO,TA/TO,0,0,0,A,A,1,No Deposit,171.0,0,Transient,78.0,1,0
Resort Hotel,0,125,2016,March,13,20,2,5,2,0.0,0,BB,DEU,Direct,Direct,0,0,0,E,F,1,No Deposit,,0,Transient,76.0,1,3
Resort Hotel,0,166,2017,April,15,10,3,10,2,0.0,0,BB,DEU,Direct,Direct,1,0,1,E,E,0,No Deposit,,0,Transient,62.1,0,4
Resort Hotel,0,39,2016,March,13,25,0,2,2,0.0,0,HB,PRT,Online TA,TA/TO,0,0,0,E,E,1,No Deposit,240.0,0,Transient,123.0,1,1
Resort Hotel,0,53,2016,March,13,26,0,1,2,0.0,0,BB,ESP,Online TA,TA/TO,0,0,0,E,E,0,No Deposit,240.0,0,Transient,90.0,0,1
Resort Hotel,0,2,2016,March,13,24,0,3,2,0.0,0,BB,ESP,Online TA,TA/TO,0,0,0,A,D,1,No Deposit,240.0,0,Transient,101.67,0,1
Resort Hotel,0,43,2016,March,13,24,0,3,2,0.0,0,HB,ESP,Online TA,TA/TO,0,0,0,E,E,0,No Deposit,240.0,0,Transient,123.0,1,1
Resort Hotel,0,9,2016,March,13,25,0,2,2,0.0,0,HB,ESP,Online TA,TA/TO,0,0,0,F,F,0,No Deposit,242.0,0,Transient,153.0,1,1
Resort Hotel,0,101,2016,March,13,25,0,2,2,0.0,0,BB,ESP,Online TA,TA/TO,0,0,0,A,A,0,No Deposit,348.0,0,Transient,53.0,0,0
Resort Hotel,0,38,2016,March,13,25,0,2,2,0.0,0,BB,PRT,Direct,Direct,0,0,0,D,D,0,No Deposit,250.0,0,Transient,72.0,0,0
Resort Hotel,0,72,2016,June,25,17,2,4,2,0.0,0,BB,PRT,Direct,Direct,1,0,1,A,A,2,No Deposit,250.0,0,Transient,119.0,0,0
Resort Hotel,0,94,2017,April,15,14,0,2,2,0.0,0,BB,PRT,Direct,Direct,1,0,2,E,G,0,No Deposit,250.0,0,Transient,103.5,0,0
Resort Hotel,0,75,2016,March,13,24,0,3,2,0.0,0,BB,PRT,Online TA,TA/TO,0,0,0,E,E,0,No Deposit,240.0,0,Transient,79.2,0,1
Resort Hotel,0,71,2016,March,12,17,2,8,2,0.0,0,BB,IRL,Offline TA/TO,TA/TO,0,0,0,A,A,0,No Deposit,314.0,0,Transient,40.32,0,0
Resort Hotel,0,5,2016,March,13,24,0,3,2,0.0,0,BB,DOM,Online TA,TA/TO,0,0,0,A,D,0,No Deposit,240.0,0,Transient,95.0,0,1
Resort Hotel,0,9,2016,March,13,24,0,3,2,0.0,0,HB,ESP,Online TA,TA/TO,0,0,0,D,D,0,No Deposit,240.0,0,Transient,133.0,1,1
Resort Hotel,0,19,2016,August,35,23,1,5,2,0.0,0,HB,ESP,Direct,TA/TO,1,0,1,C,C,3,No Deposit,,0,Transient,245.2,1,1
Resort Hotel,0,20,2016,September,38,16,1,2,2,0.0,0,HB,ESP,Direct,Direct,1,0,2,F,F,0,No Deposit,,0,Transient,199.0,1,1
Resort Hotel,0,11,2016,March,13,23,0,4,2,0.0,0,BB,ESP,Online TA,TA/TO,0,0,0,D,D,0,No Deposit,240.0,0,Transient,85.75,0,1
Resort Hotel,0,3,2016,March,13,24,0,3,2,0.0,0,BB,ESP,Online TA,TA/TO,0,0,0,A,D,0,No Deposit,240.0,0,Transient-Party,107.67,1,0
Resort Hotel,0,40,2016,March,13,23,0,4,2,0.0,0,BB,ESP,Online TA,TA/TO,0,0,0,D,D,1,No Deposit,240.0,0,Transient,70.75,0,0
Resort Hotel,0,40,2016,March,13,23,0,4,2,0.0,0,BB,ESP,Online TA,TA/TO,0,0,0,D,D,0,No Deposit,240.0,0,Transient,76.75,0,0
Resort Hotel,0,31,2016,March,13,26,0,1,2,0.0,0,BB,PRT,Direct,Direct,0,0,0,D,D,0,No Deposit,250.0,0,Transient,98.0,0,0
Resort Hotel,0,21,2016,March,13,24,0,3,2,0.0,0,BB,ESP,Direct,Direct,0,0,0,F,F,1,No Deposit,,0,Transient,85.0,0,0
Resort Hotel,0,3,2016,March,13,22,0,5,2,0.0,0,BB,ESP,Online TA,TA/TO,0,0,0,A,A,0,No Deposit,240.0,0,Transient,86.2,1,0
Resort Hotel,0,24,2016,March,13,25,0,2,2,0.0,0,HB,PRT,Direct,Direct,0,0,0,F,F,0,No Deposit,250.0,0,Transient,142.0,0,1
Resort Hotel,0,24,2016,March,13,25,0,2,2,0.0,0,HB,PRT,Direct,Direct,0,0,0,F,F,0,No Deposit,250.0,0,Transient,150.0,0,1
Resort Hotel,0,68,2016,March,12,19,2,6,2,0.0,0,HB,ESP,Online TA,TA/TO,0,0,0,D,D,0,No Deposit,242.0,0,Transient,88.73,1,0
Resort Hotel,0,9,2016,March,13,25,0,2,2,0.0,0,BB,POL,Online TA,TA/TO,0,0,0,E,E,0,No Deposit,240.0,0,Transient,105.0,0,2
Resort Hotel,0,10,2016,March,14,27,1,0,2,0.0,0,BB,POL,Online TA,TA/TO,0,0,0,E,E,0,No Deposit,240.0,0,Transient,68.0,0,2
Resort Hotel,0,4,2016,March,13,26,0,1,2,0.0,0,BB,ESP,Online TA,TA/TO,0,0,0,E,G,0,No Deposit,240.0,0,Transient,121.0,1,1
Resort Hotel,0,36,2016,March,13,25,0,2,2,0.0,0,HB,ESP,Online TA,TA/TO,0,0,0,D,D,1,No Deposit,240.0,0,Transient,107.0,0,2
Resort Hotel,0,70,2016,March,13,23,0,4,2,0.0,0,HB,ESP,Direct,Direct,0,0,0,D,D,0,No Deposit,250.0,0,Transient,94.5,0,0
Resort Hotel,0,11,2016,March,13,23,0,4,2,0.0,0,BB,ESP,Online TA,TA/TO,0,0,0,D,D,0,No Deposit,240.0,0,Transient,85.75,0,0
Resort Hotel,0,76,2016,March,14,27,1,0,2,0.0,0,BB,GBR,Offline TA/TO,TA/TO,0,0,0,A,A,0,No Deposit,8.0,0,Transient,29.0,0,0
Resort Hotel,0,82,2016,March,14,28,1,3,2,0.0,0,BB,GBR,Offline TA/TO,TA/TO,0,0,0,A,A,0,No Deposit,8.0,0,Transient,44.0,0,0
Resort Hotel,0,79,2016,March,13,25,1,2,2,0.0,0,BB,GBR,Online TA,TA/TO,0,0,0,E,E,0,No Deposit,240.0,0,Transient,80.6,1,1
Resort Hotel,0,51,2016,March,13,24,1,3,2,0.0,0,BB,PRT,Direct,Direct,0,0,0,D,D,0,No Deposit,250.0,0,Transient,75.0,1,1
Resort Hotel,0,4,2016,March,13,25,1,2,2,0.0,0,BB,PRT,Online TA,TA/TO,0,0,0,A,C,0,No Deposit,240.0,0,Transient,92.0,0,1
Resort Hotel,0,289,2016,March,14,27,1,0,2,0.0,0,BB,DEU,Online TA,TA/TO,0,0,0,A,A,0,No Deposit,240.0,0,Transient,45.36,0,0
Resort Hotel,0,0,2016,March,14,27,1,0,2,0.0,0,BB,PRT,Online TA,TA/TO,0,0,0,A,A,0,No Deposit,240.0,0,Transient,48.0,0,1
Resort Hotel,0,72,2016,March,13,25,1,2,2,0.0,0,BB,PRT,Direct,Direct,0,0,0,D,D,0,No Deposit,250.0,0,Transient,126.0,0,1
Resort Hotel,0,1,2016,March,14,27,1,0,2,0.0,0,BB,PRT,Online TA,TA/TO,0,0,0,A,D,0,No Deposit,240.0,0,Transient,48.0,0,0
Resort Hotel,0,1,2017,February,6,11,0,1,2,0.0,0,BB,PRT,Online TA,TA/TO,1,0,1,A,A,0,No Deposit,240.0,0,Transient,48.0,0,1
Resort Hotel,0,68,2016,March,13,24,1,3,2,0.0,0,BB,GBR,Online TA,TA/TO,0,0,0,A,A,1,No Deposit,242.0,0,Transient,61.8,1,1
Resort Hotel,0,6,2016,March,13,24,1,3,2,0.0,0,BB,PRT,Online TA,TA/TO,0,0,0,D,D,0,No Deposit,242.0,0,Transient,58.0,0,0
Resort Hotel,0,0,2016,March,13,24,1,3,2,0.0,0,BB,ESP,Online TA,TA/TO,0,0,0,D,D,1,No Deposit,242.0,0,Transient,60.0,1,1
Resort Hotel,0,12,2016,March,13,26,1,1,2,0.0,0,BB,PRT,Online TA,TA/TO,0,0,0,A,A,0,No Deposit,240.0,0,Transient,80.0,1,0
Resort Hotel,0,1,2016,March,14,27,1,0,2,0.0,0,BB,ESP,Direct,Direct,0,0,0,A,D,0,No Deposit,,0,Transient,54.0,1,0
Resort Hotel,0,3,2016,March,13,25,1,2,2,0.0,0,BB,PRT,Online TA,TA/TO,0,0,0,A,A,0,No Deposit,240.0,0,Transient,81.0,0,0
Resort Hotel,0,3,2016,March,13,26,1,1,2,0.0,0,BB,PRT,Online TA,TA/TO,0,0,0,D,D,0,No Deposit,240.0,0,Transient,91.5,0,0
Resort Hotel,0,40,2016,March,13,23,1,4,2,0.0,0,BB,ESP,Online TA,TA/TO,0,0,0,E,E,0,No Deposit,241.0,0,Transient,60.21,0,1
Resort Hotel,0,0,2016,March,14,27,1,0,2,0.0,0,HB,NLD,Direct,Direct,0,0,0,E,E,1,No Deposit,,0,Transient,84.0,0,0
Resort Hotel,0,19,2016,March,14,27,1,0,2,0.0,0,HB,ESP,Online TA,TA/TO,0,0,0,A,A,0,No Deposit,240.0,0,Transient,80.0,0,0
Resort Hotel,0,3,2016,March,13,25,1,2,2,0.0,0,BB,PRT,Online TA,TA/TO,0,0,0,A,B,1,No Deposit,240.0,0,Transient,86.0,0,1
Resort Hotel,0,1,2016,March,14,27,1,0,2,0.0,0,BB,PRT,Online TA,TA/TO,0,0,0,A,A,0,No Deposit,314.0,0,Transient,38.4,0,0
Resort Hotel,0,1,2016,March,14,27,1,0,2,0.0,0,BB,PRT,Online TA,TA/TO,0,0,0,E,E,0,No Deposit,240.0,0,Transient,68.0,0,1
Resort Hotel,0,30,2016,March,13,26,1,1,2,0.0,0,BB,PRT,Direct,Direct,0,0,0,D,D,0,No Deposit,250.0,0,Transient,73.5,0,0
Resort Hotel,0,0,2016,March,14,27,1,0,2,0.0,0,BB,PRT,Direct,Direct,0,0,0,A,A,0,No Deposit,,0,Transient,48.0,0,0
Resort Hotel,0,6,2016,March,14,28,1,0,2,0.0,0,BB,PRT,Online TA,TA/TO,0,0,0,A,A,1,No Deposit,240.0,0,Transient,48.0,0,1
Resort Hotel,0,4,2016,March,13,26,1,1,2,0.0,0,BB,PRT,Online TA,TA/TO,0,0,0,A,A,0,No Deposit,240.0,0,Transient,77.5,1,0
Resort Hotel,0,28,2016,March,13,21,2,5,2,0.0,0,HB,PRT,Direct,Direct,0,0,0,D,E,0,No Deposit,,0,Transient,95.14,0,0
Resort Hotel,0,31,2016,March,13,25,1,2,2,0.0,0,BB,PRT,Online TA,TA/TO,0,0,0,D,D,0,No Deposit,241.0,0,Transient,55.6,0,2
Resort Hotel,0,31,2016,March,13,25,1,2,2,0.0,0,BB,PRT,Online TA,TA/TO,0,0,0,D,D,0,No Deposit,241.0,0,Transient,61.6,1,2
Resort Hotel,0,37,2016,March,13,24,1,3,2,0.0,0,BB,GBR,Online TA,TA/TO,0,0,0,E,E,0,No Deposit,241.0,0,Transient,59.07,0,2
Resort Hotel,0,8,2016,March,13,25,1,2,2,0.0,0,BB,PRT,Online TA,TA/TO,0,0,0,D,D,0,No Deposit,240.0,0,Transient,82.67,0,1
Resort Hotel,0,70,2016,March,13,21,3,5,2,0.0,0,BB,GBR,Online TA,TA/TO,0,0,0,A,A,1,No Deposit,241.0,0,Transient,39.3,0,1
Resort Hotel,0,12,2016,March,14,27,2,0,2,0.0,0,BB,DEU,Online TA,TA/TO,0,0,0,D,D,0,No Deposit,240.0,0,Transient,55.0,1,1
Resort Hotel,0,10,2016,March,13,25,2,2,2,0.0,0,HB,ROU,Online TA,TA/TO,0,0,0,D,D,0,No Deposit,240.0,0,Transient-Party,110.0,1,1
Resort Hotel,0,14,2016,March,13,25,2,2,2,0.0,0,BB,PRT,Online TA,TA/TO,0,0,0,E,E,0,No Deposit,240.0,0,Transient,94.5,0,0
Resort Hotel,0,1,2016,March,14,28,1,0,2,0.0,0,BB,PRT,Online TA,TA/TO,0,0,0,A,D,0,No Deposit,240.0,0,Transient,48.0,0,1
Resort Hotel,0,10,2016,March,13,25,2,2,2,0.0,0,HB,ROU,Online TA,TA/TO,0,0,0,D,D,0,No Deposit,240.0,0,Transient-Party,110.0,1,1
Resort Hotel,0,34,2016,March,13,24,2,3,2,0.0,0,BB,ESP,Online TA,TA/TO,0,0,0,D,D,0,No Deposit,240.0,0,Transient,74.2,1,0
Resort Hotel,0,20,2016,March,14,27,2,0,2,0.0,0,HB,PRT,Online TA,TA/TO,0,0,0,A,A,0,No Deposit,240.0,0,Transient,80.0,0,1
Resort Hotel,0,16,2016,March,14,27,2,0,2,0.0,0,BB,ESP,Online TA,TA/TO,0,0,0,A,A,0,No Deposit,240.0,0,Transient,48.0,0,1
Resort Hotel,0,73,2016,March,14,29,0,0,2,0.0,0,HB,PRT,Online TA,TA/TO,0,0,0,A,A,0,No Deposit,241.0,0,Transient,0.0,0,2
Resort Hotel,0,43,2016,March,13,26,2,1,2,0.0,0,BB,ITA,Online TA,TA/TO,0,0,0,E,E,0,No Deposit,240.0,0,Transient,79.67,1,2
Resort Hotel,0,3,2016,March,13,26,2,1,2,0.0,0,BB,PRT,Direct,Direct,0,0,0,G,G,0,No Deposit,250.0,0,Transient,123.33,1,0
Resort Hotel,0,0,2016,March,14,28,1,0,2,0.0,0,BB,ITA,Online TA,TA/TO,0,0,0,A,D,0,No Deposit,240.0,0,Transient,54.0,0,0
Resort Hotel,0,31,2016,March,13,24,2,3,2,0.0,0,BB,PRT,Online TA,TA/TO,0,0,0,E,E,0,No Deposit,240.0,0,Transient,78.2,0,1
Resort Hotel,0,89,2016,March,13,25,2,2,2,0.0,0,BB,FRA,Online TA,TA/TO,0,0,0,E,E,0,No Deposit,240.0,0,Transient,75.3,1,1
Resort Hotel,0,1,2016,March,14,28,1,0,2,0.0,0,BB,SWE,Online TA,TA/TO,0,0,0,A,A,0,No Deposit,306.0,0,Transient,30.67,0,0
Resort Hotel,0,13,2016,March,14,27,2,0,2,0.0,0,BB,ESP,Online TA,TA/TO,0,0,0,A,A,0,No Deposit,240.0,0,Transient,57.0,1,0
Resort Hotel,0,13,2016,March,14,27,2,0,2,0.0,0,BB,ESP,Online TA,TA/TO,0,0,0,A,A,0,No Deposit,240.0,0,Transient,57.0,1,0
Resort Hotel,0,2,2016,March,14,27,2,0,2,0.0,0,BB,PRT,Direct,Direct,0,0,0,A,A,0,No Deposit,250.0,0,Transient,43.2,0,1
Resort Hotel,0,0,2016,March,14,27,2,0,2,0.0,0,BB,GBR,Direct,Direct,0,0,0,A,A,0,No Deposit,,0,Transient-Party,43.0,0,0
Resort Hotel,0,22,2016,March,13,26,2,1,2,0.0,0,HB,PRT,Direct,Direct,0,0,0,E,E,1,No Deposit,,0,Transient,126.0,1,0
Resort Hotel,0,42,2016,April,16,15,1,2,2,0.0,0,HB,PRT,Direct,Direct,0,0,0,E,E,0,No Deposit,,0,Transient,127.0,1,0
Resort Hotel,0,10,2016,June,25,18,1,1,2,0.0,0,BB,PRT,Direct,Direct,1,0,1,F,E,1,No Deposit,,0,Transient,152.1,1,3
Resort Hotel,0,87,2016,July,30,22,2,5,2,0.0,0,HB,PRT,Direct,Direct,1,0,2,D,D,4,No Deposit,,0,Transient,170.29,1,4
Resort Hotel,0,257,2016,December,53,31,2,1,2,0.0,0,BB,PRT,Direct,Direct,1,0,3,E,E,2,No Deposit,,0,Transient,177.41,1,4
Resort Hotel,0,74,2016,March,14,29,8,20,2,0.0,0,BB,GBR,Direct,Direct,0,0,0,A,A,2,No Deposit,250.0,0,Transient,50.91,0,0
Resort Hotel,0,74,2016,March,13,22,2,6,2,0.0,0,BB,IRL,Online TA,TA/TO,0,0,0,D,D,0,No Deposit,240.0,0,Transient,62.38,0,1
Resort Hotel,0,70,2016,March,13,26,2,2,2,0.0,0,BB,GBR,Offline TA/TO,TA/TO,0,0,0,E,E,0,No Deposit,8.0,0,Transient,45.0,0,0
Resort Hotel,0,74,2016,March,13,22,2,6,2,0.0,0,BB,IRL,Online TA,TA/TO,0,0,0,D,D,0,No Deposit,240.0,0,Transient,62.38,0,1
Resort Hotel,0,0,2016,March,14,29,0,1,2,0.0,0,BB,PRT,Direct,Direct,0,0,0,A,A,0,No Deposit,,0,Transient,48.0,0,0
Resort Hotel,0,13,2016,March,13,25,2,3,2,0.0,0,BB,PRT,Online TA,TA/TO,0,0,0,D,E,0,No Deposit,242.0,0,Transient,78.8,0,1
Resort Hotel,0,5,2016,March,14,28,1,1,2,0.0,0,BB,ESP,Offline TA/TO,TA/TO,0,0,0,D,D,0,No Deposit,8.0,0,Transient,37.0,0,0
Resort Hotel,0,40,2016,March,14,28,1,1,2,0.0,0,BB,FRA,Online TA,TA/TO,0,0,0,A,D,0,No Deposit,240.0,0,Transient,54.0,1,1
Resort Hotel,0,0,2016,March,14,29,0,1,2,0.0,0,BB,ESP,Online TA,TA/TO,0,0,0,A,A,0,No Deposit,240.0,0,Transient,60.0,0,0
Resort Hotel,0,0,2016,March,14,30,0,1,2,0.0,0,BB,PRT,Direct,Direct,1,0,0,A,A,0,No Deposit,,0,Transient,48.0,0,0
Resort Hotel,0,0,2016,March,14,29,0,1,2,0.0,0,BB,PRT,Online TA,TA/TO,0,0,0,A,A,0,No Deposit,241.0,0,Transient,35.11,0,0
Resort Hotel,0,0,2016,March,14,29,0,1,2,0.0,0,BB,PRT,Direct,Direct,0,0,0,A,D,0,No Deposit,,0,Transient,48.0,0,0
Resort Hotel,0,4,2016,March,14,27,2,1,2,0.0,0,BB,PRT,Online TA,TA/TO,0,0,0,A,A,0,No Deposit,240.0,0,Transient,48.0,0,1
Resort Hotel,0,0,2016,March,14,29,0,1,2,0.0,0,BB,DEU,Online TA,TA/TO,0,0,0,A,A,0,No Deposit,240.0,0,Transient,48.0,0,0
Resort Hotel,0,196,2016,March,13,21,3,6,2,0.0,0,BB,DEU,Offline TA/TO,TA/TO,0,0,0,A,A,0,No Deposit,171.0,0,Transient,28.1,0,0
Resort Hotel,0,55,2016,March,14,28,1,1,2,0.0,0,BB,GBR,Direct,Direct,0,0,0,A,D,0,No Deposit,250.0,0,Transient,53.2,0,0
Resort Hotel,0,4,2016,March,14,28,1,1,2,0.0,0,BB,PRT,Online TA,TA/TO,0,0,0,A,A,0,No Deposit,240.0,0,Transient,48.0,0,0
Resort Hotel,0,0,2016,March,14,27,2,1,2,0.0,0,BB,PRT,Online TA,TA/TO,0,0,0,E,E,0,No Deposit,240.0,0,Transient,74.0,2,1
Resort Hotel,0,2,2016,March,14,28,1,1,2,0.0,0,BB,PRT,Direct,Direct,0,0,0,A,A,0,No Deposit,,0,Transient,48.0,0,0
Resort Hotel,0,77,2016,March,13,23,2,5,2,0.0,0,HB,DEU,Online TA,TA/TO,0,0,0,D,D,0,No Deposit,242.0,0,Transient,83.61,0,1
Resort Hotel,0,7,2016,March,14,29,0,1,2,0.0,0,BB,DEU,Online TA,TA/TO,0,0,0,A,D,0,No Deposit,241.0,0,Transient,36.96,0,1
Resort Hotel,0,23,2016,March,14,29,0,1,2,0.0,0,BB,ESP,Direct,Direct,0,0,0,D,D,0,No Deposit,250.0,0,Transient,55.0,1,0
Resort Hotel,0,25,2016,March,14,28,1,1,2,0.0,0,BB,PRT,Online TA,TA/TO,0,0,0,A,D,0,No Deposit,240.0,0,Transient,60.0,0,1
Resort Hotel,0,0,2016,March,14,29,0,1,2,0.0,0,BB,PRT,Online TA,TA/TO,0,0,0,A,A,0,No Deposit,240.0,0,Transient,48.0,0,0
Resort Hotel,0,2,2016,March,14,28,1,1,2,0.0,0,BB,ESP,Online TA,TA/TO,0,0,0,A,A,0,No Deposit,240.0,0,Transient,48.0,0,1
Resort Hotel,0,0,2016,March,14,29,0,1,2,0.0,0,BB,ESP,Online TA,TA/TO,0,0,0,A,A,0,No Deposit,240.0,0,Transient-Party,48.0,0,0
Resort Hotel,0,0,2016,March,14,29,0,1,2,0.0,0,BB,ESP,Online TA,TA/TO,0,0,0,A,A,0,No Deposit,240.0,0,Transient-Party,48.0,0,0
Resort Hotel,0,15,2016,March,14,27,2,2,2,0.0,0,BB,IRL,Direct,Direct,0,0,0,E,E,0,No Deposit,250.0,0,Transient,66.5,0,0
Resort Hotel,0,6,2016,March,14,30,0,1,2,0.0,0,BB,PRT,Corporate,Corporate,0,0,0,A,A,0,No Deposit,,0,Transient-Party,50.0,0,0
Resort Hotel,0,6,2016,March,14,30,0,1,2,0.0,0,BB,PRT,Corporate,Corporate,0,0,0,A,E,0,No Deposit,,0,Transient-Party,50.0,0,0
Resort Hotel,0,6,2016,March,14,30,0,1,2,0.0,0,BB,PRT,Corporate,Corporate,0,0,0,A,F,0,No Deposit,,0,Transient-Party,50.0,0,0
Resort Hotel,0,6,2016,March,14,30,0,1,2,0.0,0,BB,PRT,Corporate,Corporate,0,0,0,A,A,0,No Deposit,,0,Transient-Party,50.0,0,0
Resort Hotel,0,6,2016,March,14,30,0,1,2,0.0,0,BB,PRT,Corporate,Corporate,0,0,0,A,E,0,No Deposit,,0,Transient-Party,50.0,0,0
Resort Hotel,0,6,2016,March,14,30,0,1,2,0.0,0,BB,PRT,Corporate,Corporate,0,0,0,A,E,0,No Deposit,,0,Transient,50.0,0,0
Resort Hotel,0,16,2016,March,14,30,0,1,2,0.0,0,BB,PRT,Online TA,TA/TO,0,0,0,A,D,0,No Deposit,240.0,0,Transient,39.0,0,1
Resort Hotel,0,3,2016,March,14,29,0,2,2,0.0,0,BB,PRT,Direct,Direct,0,0,0,D,D,0,No Deposit,,0,Transient,58.0,0,0
Resort Hotel,0,8,2016,March,14,30,0,1,2,0.0,0,BB,PRT,Online TA,TA/TO,0,0,0,A,D,0,No Deposit,240.0,0,Transient,48.0,0,0
Resort Hotel,0,1,2016,March,14,30,0,1,2,0.0,0,BB,ESP,Online TA,TA/TO,0,0,0,A,A,0,No Deposit,240.0,0,Transient,48.0,0,1
Resort Hotel,0,77,2016,March,13,24,2,5,2,0.0,0,BB,IRL,Online TA,TA/TO,0,0,0,E,E,0,No Deposit,240.0,0,Transient,75.89,1,1
Resort Hotel,0,7,2016,March,14,28,1,2,2,0.0,0,BB,PRT,Online TA,TA/TO,0,0,0,E,E,0,No Deposit,240.0,0,Transient,74.0,1,0
Resort Hotel,0,15,2016,March,14,28,1,2,2,0.0,0,BB,PRT,Online TA,TA/TO,0,0,0,A,A,0,No Deposit,240.0,0,Transient,39.0,0,1
Resort Hotel,0,1,2016,March,14,28,1,2,2,0.0,0,BB,BEL,Online TA,TA/TO,0,0,0,E,E,0,No Deposit,240.0,0,Transient,74.0,1,1
Resort Hotel,0,13,2016,March,14,29,0,2,2,0.0,0,BB,PRT,Online TA,TA/TO,0,0,0,A,D,0,No Deposit,184.0,0,Transient,35.1,0,0
Resort Hotel,0,4,2016,March,14,28,1,2,2,0.0,0,BB,POL,Online TA,TA/TO,0,0,0,A,A,0,No Deposit,240.0,0,Transient,54.0,1,1
Resort Hotel,0,13,2016,March,14,27,2,2,2,0.0,0,HB,GBR,Online TA,TA/TO,0,0,0,A,A,1,No Deposit,314.0,0,Transient,57.2,0,0
Resort Hotel,0,1,2016,March,14,30,0,1,2,0.0,0,BB,FRA,Online TA,TA/TO,0,0,0,A,A,0,No Deposit,240.0,0,Transient,48.0,0,1
Resort Hotel,0,39,2016,March,14,27,2,2,2,0.0,0,BB,GBR,Offline TA/TO,TA/TO,0,0,0,A,A,0,No Deposit,26.0,0,Transient,28.5,0,0
Resort Hotel,0,8,2016,March,13,26,2,3,2,0.0,0,BB,IRL,Direct,Direct,0,0,0,F,F,0,No Deposit,250.0,0,Transient,82.4,0,0
Resort Hotel,0,1,2016,March,14,30,0,1,2,0.0,0,BB,DEU,Online TA,TA/TO,0,0,0,E,E,0,No Deposit,240.0,0,Transient,68.0,0,0
Resort Hotel,0,8,2016,March,14,29,0,2,2,0.0,0,BB,PRT,Offline TA/TO,TA/TO,0,0,0,A,A,0,No Deposit,8.0,0,Transient,29.0,0,0
Resort Hotel,0,0,2016,March,14,29,0,2,2,0.0,0,BB,IRL,Online TA,TA/TO,0,0,0,A,A,0,No Deposit,240.0,0,Transient-Party,54.0,1,0
Resort Hotel,0,126,2016,March,13,22,2,7,2,0.0,0,BB,GBR,Online TA,TA/TO,0,0,0,A,A,0,No Deposit,240.0,0,Transient,45.6,0,1
Resort Hotel,0,3,2016,March,14,28,1,2,2,0.0,0,BB,PRT,Online TA,TA/TO,0,0,0,E,E,0,No Deposit,240.0,0,Transient,74.0,1,1
Resort Hotel,0,1,2016,March,14,29,0,2,2,0.0,0,BB,JOR,Online TA,TA/TO,0,0,0,A,D,0,No Deposit,240.0,0,Transient,48.0,0,0
Resort Hotel,0,1,2016,March,14,30,0,1,2,0.0,0,BB,PRT,Direct,Direct,0,0,0,A,D,0,No Deposit,250.0,0,Transient,48.0,0,0
Resort Hotel,0,40,2016,March,14,27,2,2,2,0.0,0,HB,PRT,Offline TA/TO,TA/TO,0,0,0,A,A,1,No Deposit,26.0,0,Transient,52.25,0,0
Resort Hotel,0,0,2016,March,14,29,0,2,2,0.0,0,BB,SYR,Online TA,TA/TO,0,0,0,A,A,0,No Deposit,240.0,0,Transient-Party,54.0,0,0
Resort Hotel,0,31,2016,March,12,18,4,10,2,0.0,0,BB,CN,Offline TA/TO,TA/TO,0,0,0,D,D,0,No Deposit,96.0,0,Transient,52.2,0,0
Resort Hotel,0,67,2016,April,14,1,1,2,2,0.0,0,BB,GBR,Direct,Direct,0,0,0,D,E,0,No Deposit,250.0,0,Transient,60.92,0,2
Resort Hotel,0,34,2016,March,14,27,2,3,2,0.0,0,BB,IRL,Online TA,TA/TO,0,0,0,E,E,0,No Deposit,241.0,0,Transient,52.36,0,1
Resort Hotel,0,60,2016,March,14,28,1,3,2,0.0,0,BB,PRT,Online TA,TA/TO,0,0,0,D,D,0,No Deposit,240.0,0,Transient,56.0,0,1
Resort Hotel,0,30,2016,March,14,30,0,2,2,0.0,0,BB,ESP,Direct,Direct,0,0,0,D,D,0,No Deposit,250.0,0,Transient,52.65,0,2
Resort Hotel,0,6,2016,March,14,28,1,3,2,0.0,0,HB,USA,Online TA,TA/TO,0,0,0,E,E,1,No Deposit,196.0,0,Transient,97.5,1,0
Resort Hotel,0,81,2016,March,14,29,0,3,2,0.0,0,BB,NLD,Online TA,TA/TO,0,0,0,E,E,0,No Deposit,240.0,0,Transient,59.4,0,1
Resort Hotel,0,96,2016,March,13,24,2,6,2,0.0,0,BB,AUS,Online TA,TA/TO,0,0,0,E,E,0,No Deposit,241.0,0,Transient,47.56,0,2
Resort Hotel,0,41,2016,March,14,28,1,3,2,0.0,0,BB,BEL,Direct,Direct,0,0,0,D,D,0,No Deposit,250.0,0,Transient,56.5,0,0
Resort Hotel,0,18,2016,March,14,31,0,1,2,0.0,0,BB,PRT,Online TA,TA/TO,0,0,0,D,E,0,No Deposit,240.0,0,Transient,85.0,0,0
Resort Hotel,0,2,2016,April,14,1,0,0,2,0.0,0,BB,GBR,Direct,Direct,0,0,0,A,A,0,No Deposit,,0,Transient-Party,0.0,0,0
Resort Hotel,0,69,2016,March,13,25,2,5,2,0.0,0,BB,GBR,Online TA,TA/TO,0,0,0,F,F,0,No Deposit,241.0,0,Transient,65.32,0,0
Resort Hotel,0,47,2016,March,13,26,2,5,2,0.0,0,BB,FIN,Offline TA/TO,TA/TO,0,0,0,F,F,0,No Deposit,36.0,0,Transient,58.93,0,0
Resort Hotel,0,101,2016,March,14,29,0,4,2,0.0,0,BB,GBR,Online TA,TA/TO,0,0,0,A,D,0,No Deposit,240.0,0,Transient,50.6,0,1
Resort Hotel,0,129,2016,March,13,25,2,6,2,0.0,0,BB,ESP,Online TA,TA/TO,0,0,0,A,A,0,No Deposit,240.0,0,Transient,50.17,0,2
Resort Hotel,0,56,2016,March,14,29,0,4,2,0.0,0,BB,PRT,Online TA,TA/TO,0,0,0,A,A,0,No Deposit,240.0,0,Transient,58.0,1,1
Resort Hotel,0,108,2016,April,14,1,0,1,2,0.0,0,BB,AUS,Offline TA/TO,TA/TO,0,0,0,A,A,0,No Deposit,177.0,0,Transient,47.4,1,1
Resort Hotel,0,108,2016,April,14,1,0,1,2,0.0,0,BB,AUS,Offline TA/TO,TA/TO,0,0,0,A,A,0,No Deposit,177.0,0,Transient,41.4,0,1
Resort Hotel,0,0,2016,April,14,1,0,1,2,0.0,0,BB,FIN,Direct,Direct,0,0,0,A,A,0,No Deposit,,0,Transient,72.0,1,0
Resort Hotel,0,3,2016,April,14,1,0,1,2,0.0,0,BB,PRT,Corporate,Corporate,0,0,0,A,D,0,No Deposit,,0,Transient,50.0,0,0
Resort Hotel,0,28,2016,March,14,28,1,4,2,0.0,0,BB,PRT,Online TA,TA/TO,0,0,0,G,G,0,No Deposit,240.0,0,Transient,106.8,1,0
Resort Hotel,0,2,2016,April,14,1,0,1,2,0.0,0,BB,PRT,Direct,Direct,0,0,0,E,E,0,No Deposit,250.0,0,Transient-Party,101.0,1,0
Resort Hotel,0,2,2016,April,14,1,0,1,2,0.0,0,BB,PRT,Direct,Direct,0,0,0,E,E,0,No Deposit,250.0,0,Transient-Party,95.0,0,0
Resort Hotel,0,32,2016,March,14,30,0,4,2,0.0,0,BB,PRT,Corporate,Corporate,0,0,0,A,D,0,No Deposit,367.0,0,Transient,21.0,0,1
Resort Hotel,0,169,2016,March,14,31,0,3,2,0.0,0,BB,POL,Groups,Direct,0,0,0,A,A,0,Refundable,,0,Transient-Party,66.0,0,0
Resort Hotel,0,169,2016,March,14,31,0,3,2,0.0,0,BB,GBR,Groups,Direct,0,0,0,A,A,1,Refundable,,0,Transient-Party,66.0,0,0
Resort Hotel,0,0,2016,April,14,2,0,1,2,0.0,0,BB,PRT,Direct,Direct,0,0,0,D,G,0,No Deposit,,0,Transient,91.0,1,1
Resort Hotel,0,0,2016,April,14,2,0,1,2,0.0,0,BB,PRT,Direct,Direct,0,0,0,D,G,0,No Deposit,,0,Transient,85.0,0,1
Resort Hotel,0,1,2016,April,14,2,0,1,2,0.0,0,BB,PRT,Online TA,TA/TO,0,0,0,D,D,0,No Deposit,241.0,0,Transient,68.18,1,0
Resort Hotel,0,1,2016,April,14,1,0,2,2,0.0,0,BB,PRT,Online TA,TA/TO,0,0,0,E,E,0,No Deposit,242.0,0,Transient,101.0,1,1
Resort Hotel,0,40,2016,March,14,29,0,5,2,0.0,0,BB,PRT,Direct,Direct,0,0,0,D,D,0,No Deposit,,0,Transient,56.58,1,2
Resort Hotel,0,169,2016,March,14,31,0,3,2,0.0,0,BB,BEL,Groups,Direct,0,0,0,A,A,1,Refundable,,0,Transient-Party,66.0,0,0
Resort Hotel,0,80,2016,April,15,3,1,0,2,0.0,0,BB,BEL,Online TA,TA/TO,0,0,0,A,A,0,No Deposit,240.0,0,Transient,52.2,0,1
Resort Hotel,0,24,2016,March,14,27,2,5,2,0.0,0,BB,PRT,Offline TA/TO,TA/TO,0,0,0,D,D,0,No Deposit,75.0,0,Transient,51.5,0,0
Resort Hotel,0,57,2016,March,14,31,0,3,2,0.0,0,BB,IRL,Direct,Direct,0,0,0,D,E,0,No Deposit,250.0,0,Transient,57.9,0,0
Resort Hotel,0,77,2016,March,14,31,0,3,2,0.0,0,BB,GBR,Online TA,TA/TO,0,0,0,A,D,0,No Deposit,240.0,0,Transient,52.27,0,3
Resort Hotel,0,77,2016,March,14,31,0,3,2,0.0,0,BB,GBR,Online TA,TA/TO,0,0,0,A,D,0,No Deposit,240.0,0,Transient,52.27,0,3
Resort Hotel,0,77,2016,March,14,31,0,3,2,0.0,0,BB,GBR,Online TA,TA/TO,0,0,0,A,D,0,No Deposit,240.0,0,Transient,52.27,0,3
Resort Hotel,0,201,2016,March,14,29,0,5,2,0.0,0,BB,PRT,Offline TA/TO,TA/TO,0,0,0,A,A,0,No Deposit,115.0,0,Transient,43.4,0,0
Resort Hotel,0,169,2016,March,14,31,1,3,2,0.0,0,BB,GBR,Groups,Direct,0,0,0,A,A,0,Refundable,,0,Transient-Party,66.0,0,0
Resort Hotel,0,169,2016,March,14,31,1,3,2,0.0,0,BB,GBR,Groups,Direct,0,0,0,A,A,0,Refundable,,0,Transient-Party,66.0,0,0
Resort Hotel,0,169,2016,March,14,31,1,3,2,0.0,0,BB,GBR,Groups,Direct,0,0,0,A,E,2,Refundable,,0,Transient-Party,66.0,0,0
Resort Hotel,0,169,2016,March,14,31,1,3,2,0.0,0,BB,GBR,Groups,Direct,0,0,0,A,A,1,Refundable,,0,Transient-Party,66.0,0,0
Resort Hotel,0,169,2016,March,14,31,1,3,2,0.0,0,BB,GBR,Groups,Direct,0,0,0,A,A,0,Refundable,,0,Transient-Party,66.0,0,0
Resort Hotel,0,169,2016,March,14,31,1,3,2,0.0,0,BB,GBR,Groups,Direct,0,0,0,A,A,2,Refundable,,0,Transient-Party,66.0,0,0
Resort Hotel,0,129,2016,March,14,28,2,5,2,0.0,0,BB,BEL,Direct,Direct,0,0,0,A,A,1,No Deposit,,0,Transient,66.84,1,0
Resort Hotel,0,168,2016,March,14,30,1,4,2,0.0,0,BB,GBR,Groups,Direct,0,0,0,A,A,1,No Deposit,,0,Transient-Party,66.0,0,0
Resort Hotel,0,66,2016,March,14,28,2,5,2,0.0,0,HB,BRA,Online TA,TA/TO,0,0,0,D,D,0,No Deposit,241.0,0,Transient,73.22,1,1
Resort Hotel,0,169,2016,March,14,31,1,3,2,0.0,0,BB,ITA,Groups,Direct,0,0,0,A,A,0,Refundable,,0,Transient-Party,66.0,0,0
Resort Hotel,0,169,2016,March,14,31,1,3,2,0.0,0,BB,NLD,Groups,Direct,0,0,0,A,A,0,Refundable,,0,Transient-Party,78.0,2,0
Resort Hotel,0,169,2016,March,14,31,1,3,2,0.0,0,BB,NLD,Groups,Direct,0,0,0,A,A,0,Refundable,,0,Transient-Party,66.0,0,0
Resort Hotel,0,169,2016,March,14,31,1,3,2,0.0,0,BB,PRT,Groups,Direct,0,0,0,A,A,0,Refundable,,0,Transient-Party,66.0,0,0
Resort Hotel,0,169,2016,March,14,31,1,3,2,0.0,0,BB,GBR,Groups,Direct,0,0,0,A,D,2,Refundable,,0,Transient-Party,67.5,0,0
Resort Hotel,0,148,2016,March,14,30,1,4,2,0.0,0,BB,GBR,Online TA,TA/TO,0,0,0,A,D,0,No Deposit,240.0,0,Transient,51.4,0,1
Resort Hotel,0,148,2016,March,14,30,1,4,2,0.0,0,BB,GBR,Online TA,TA/TO,0,0,0,A,D,0,No Deposit,240.0,0,Transient,51.4,0,1
Resort Hotel,0,28,2016,April,14,1,1,2,2,0.0,0,BB,PRT,Online TA,TA/TO,0,0,0,E,E,0,No Deposit,240.0,0,Transient,111.0,1,0
Resort Hotel,0,77,2017,March,13,31,1,2,2,0.0,0,BB,PRT,Direct,TA/TO,1,0,1,E,F,1,No Deposit,250.0,0,Transient,83.47,1,0
Resort Hotel,0,85,2016,March,14,31,1,3,2,0.0,0,BB,BEL,Online TA,TA/TO,0,0,0,A,E,0,No Deposit,240.0,0,Transient,52.25,0,0
Resort Hotel,0,0,2016,April,14,2,1,1,2,0.0,0,BB,GBR,Online TA,TA/TO,0,0,0,E,E,1,No Deposit,240.0,0,Transient,101.0,1,0
Resort Hotel,0,169,2016,March,14,31,1,3,2,0.0,0,BB,GBR,Groups,Direct,0,0,0,A,E,0,Refundable,,0,Transient-Party,66.0,0,0
Resort Hotel,0,169,2016,March,14,31,1,3,2,0.0,0,BB,BEL,Groups,Direct,0,0,0,A,A,0,Refundable,,0,Transient-Party,66.0,0,0
Resort Hotel,0,7,2017,March,9,2,1,3,2,0.0,0,BB,BEL,Groups,Corporate,1,0,0,A,A,2,No Deposit,,0,Transient-Party,44.0,1,0
Resort Hotel,0,41,2016,April,15,4,0,0,2,0.0,0,HB,PRT,Offline TA/TO,TA/TO,0,0,0,A,I,2,No Deposit,314.0,0,Transient,0.0,0,0
Resort Hotel,0,64,2016,April,14,2,2,1,2,0.0,0,BB,DEU,Direct,Direct,0,0,0,A,D,0,No Deposit,250.0,0,Transient,57.33,0,0
Resort Hotel,0,0,2016,April,15,4,1,0,2,0.0,0,BB,PRT,Direct,Direct,0,0,0,A,A,1,No Deposit,,0,Transient,56.0,0,1
Resort Hotel,0,0,2016,April,15,3,2,0,2,0.0,0,BB,BEL,Online TA,TA/TO,0,0,0,D,D,0,No Deposit,240.0,0,Transient-Party,80.0,0,0
Resort Hotel,0,39,2016,March,14,29,2,5,2,0.0,0,BB,GBR,Online TA,TA/TO,0,0,0,D,D,0,No Deposit,241.0,0,Transient,44.46,0,1
Resort Hotel,0,0,2016,April,15,4,1,0,2,0.0,0,BB,PRT,Direct,Direct,0,0,0,A,A,0,No Deposit,,0,Transient,56.0,0,0
Resort Hotel,0,0,2016,April,15,4,1,0,2,0.0,0,BB,ESP,Online TA,TA/TO,0,0,0,A,A,0,No Deposit,240.0,0,Transient,65.0,0,1
Resort Hotel,0,71,2016,March,14,31,2,3,2,0.0,0,BB,PRT,Online TA,TA/TO,0,0,0,A,E,2,No Deposit,241.0,0,Transient,46.96,1,0
Resort Hotel,0,1,2016,April,15,4,1,0,2,0.0,0,BB,BEL,Online TA,TA/TO,0,0,0,A,D,0,No Deposit,240.0,0,Transient,83.0,1,0
Resort Hotel,0,28,2016,April,15,5,0,0,2,0.0,0,HB,PRT,Offline TA/TO,TA/TO,0,0,0,A,C,1,No Deposit,115.0,0,Transient,0.0,0,0
Resort Hotel,0,8,2016,April,15,6,1,4,2,0.0,0,BB,IRL,Online TA,TA/TO,0,0,0,A,D,0,No Deposit,240.0,0,Transient,65.0,0,1
Resort Hotel,0,43,2016,March,13,23,4,10,2,0.0,0,BB,CN,Offline TA/TO,TA/TO,0,0,0,D,D,0,No Deposit,96.0,0,Transient,55.64,0,0
Resort Hotel,0,79,2016,April,14,2,2,2,2,0.0,0,BB,GBR,Offline TA/TO,TA/TO,0,0,0,D,D,0,No Deposit,171.0,0,Transient,52.2,0,0
Resort Hotel,0,2,2016,April,15,4,1,1,2,0.0,0,BB,USA,Online TA,TA/TO,0,0,0,E,E,0,No Deposit,240.0,0,Transient,87.0,0,1
Resort Hotel,0,1,2016,April,15,6,0,2,2,0.0,0,BB,USA,Direct,TA/TO,0,0,0,E,E,0,No Deposit,,0,Transient,85.0,0,1
Resort Hotel,0,168,2016,March,14,30,2,5,2,0.0,0,BB,GBR,Groups,Direct,0,0,0,A,A,1,No Deposit,,0,Transient,66.0,0,0
Resort Hotel,0,3,2016,April,15,5,0,1,2,0.0,0,BB,PRT,Direct,Direct,0,0,0,A,E,0,No Deposit,,0,Transient,53.0,1,0
Resort Hotel,0,1,2016,April,15,4,1,1,2,0.0,0,BB,ESP,Online TA,TA/TO,0,0,0,E,E,0,No Deposit,240.0,0,Transient,85.0,0,1
Resort Hotel,0,61,2016,April,15,4,1,1,2,0.0,0,BB,ESP,Online TA,TA/TO,0,0,0,A,D,0,No Deposit,240.0,0,Transient,68.0,0,1
Resort Hotel,0,27,2016,April,15,5,0,1,2,0.0,0,BB,ESP,Direct,Direct,0,0,0,E,E,1,No Deposit,250.0,0,Transient,81.0,0,1
Resort Hotel,0,27,2016,April,15,5,0,1,2,0.0,0,BB,ESP,Direct,Direct,0,0,0,E,E,1,No Deposit,250.0,0,Transient,87.0,1,1
Resort Hotel,0,0,2016,April,15,4,1,1,2,0.0,0,BB,PRT,Direct,Direct,0,0,0,E,E,0,No Deposit,,0,Transient,85.0,0,0
Resort Hotel,0,0,2016,April,15,4,1,1,2,0.0,0,BB,EST,Direct,Direct,0,0,0,F,F,0,No Deposit,,0,Transient,101.0,1,0
Resort Hotel,0,20,2016,April,15,4,1,1,2,0.0,0,BB,PRT,Direct,Direct,0,0,0,D,D,1,No Deposit,250.0,0,Transient,89.0,0,0
Resort Hotel,0,1,2016,April,15,5,0,1,2,0.0,0,BB,PRT,Offline TA/TO,TA/TO,0,0,0,D,D,2,No Deposit,330.0,0,Transient,67.5,0,0
Resort Hotel,0,43,2016,April,15,3,2,1,2,0.0,0,BB,PRT,Direct,Direct,0,0,0,D,D,2,No Deposit,250.0,0,Transient,95.53,0,0
Resort Hotel,0,1,2016,April,15,5,0,1,2,0.0,0,BB,PRT,Offline TA/TO,TA/TO,0,0,0,D,D,0,No Deposit,330.0,0,Transient,67.5,0,0
Resort Hotel,0,109,2016,April,14,2,2,3,2,0.0,0,BB,BEL,Online TA,TA/TO,0,0,0,A,A,0,No Deposit,240.0,0,Transient,51.84,0,2
Resort Hotel,0,109,2016,April,14,2,2,3,2,0.0,0,BB,BEL,Online TA,TA/TO,0,0,0,A,A,0,No Deposit,240.0,0,Transient,51.84,0,2
Resort Hotel,0,22,2016,April,15,3,2,2,2,0.0,0,BB,NLD,Online TA,TA/TO,0,0,0,D,D,0,No Deposit,240.0,0,Transient-Party,75.75,0,0
Resort Hotel,0,33,2016,April,14,2,2,3,2,0.0,0,BB,PRT,Online TA,TA/TO,0,0,0,E,E,0,No Deposit,241.0,0,Transient,69.92,0,1
Resort Hotel,0,21,2016,April,15,6,0,1,2,0.0,0,BB,AUT,Offline TA/TO,TA/TO,0,0,0,D,D,0,No Deposit,251.0,0,Transient,59.0,0,0
Resort Hotel,0,1,2016,April,15,5,0,2,2,0.0,0,BB,PRT,Direct,Direct,0,0,0,D,D,0,No Deposit,250.0,0,Transient,87.0,1,0
Resort Hotel,0,75,2016,April,14,2,2,3,2,0.0,0,BB,GBR,Online TA,TA/TO,0,0,0,A,A,0,No Deposit,241.0,0,Transient,39.91,0,1
Resort Hotel,0,27,2016,April,15,5,0,2,2,0.0,0,BB,BRA,Direct,Direct,0,0,0,D,D,0,No Deposit,250.0,0,Transient,75.0,0,0
Resort Hotel,0,0,2016,April,15,4,1,2,2,0.0,0,BB,PRT,Direct,Direct,0,0,0,F,F,2,No Deposit,,0,Transient,101.0,1,0
Resort Hotel,0,81,2016,April,15,3,2,3,2,0.0,0,BB,PRT,Online TA,TA/TO,0,0,0,A,A,0,No Deposit,240.0,0,Transient,52.2,0,1
Resort Hotel,0,0,2016,April,15,6,0,2,2,0.0,0,BB,PRT,Direct,Direct,0,0,0,A,A,1,No Deposit,,0,Transient,80.0,1,0
Resort Hotel,0,60,2016,April,15,3,2,3,2,0.0,0,BB,ESP,Online TA,TA/TO,0,0,0,A,D,0,No Deposit,240.0,0,Transient,58.0,1,2
Resort Hotel,0,8,2016,April,15,3,2,3,2,0.0,0,BB,GBR,Online TA,TA/TO,0,0,0,G,G,1,No Deposit,240.0,0,Transient,131.0,1,0
Resort Hotel,0,72,2016,April,15,3,2,3,2,0.0,0,HB,GBR,Offline TA/TO,TA/TO,0,0,0,A,E,1,No Deposit,314.0,0,Transient,104.0,0,0
Resort Hotel,0,88,2016,April,15,3,2,3,2,0.0,0,BB,PRT,Online TA,TA/TO,0,0,0,A,D,0,No Deposit,240.0,0,Transient,54.5,0,1
Resort Hotel,0,88,2016,April,15,3,2,3,2,0.0,0,BB,GBR,Online TA,TA/TO,0,0,0,A,D,0,No Deposit,240.0,0,Transient,52.5,0,1
Resort Hotel,0,76,2016,April,15,3,2,3,2,0.0,0,BB,IRL,Direct,Direct,0,0,0,F,F,0,No Deposit,250.0,0,Transient,83.3,0,1
Resort Hotel,0,90,2016,April,15,5,0,3,2,0.0,0,BB,CN,Online TA,TA/TO,0,0,0,E,E,0,No Deposit,240.0,0,Transient,81.2,0,1
Resort Hotel,0,31,2016,April,14,2,2,4,2,0.0,0,BB,GBR,Online TA,TA/TO,0,0,0,E,E,0,No Deposit,241.0,0,Transient,71.56,0,1
Resort Hotel,0,48,2016,April,15,4,1,3,2,0.0,0,FB,GBR,Offline TA/TO,TA/TO,0,0,0,A,C,1,No Deposit,26.0,0,Transient,79.05,0,0
Resort Hotel,0,0,2016,April,15,7,0,1,2,0.0,0,BB,FRA,Direct,Direct,0,0,0,A,A,0,No Deposit,,0,Transient,65.0,0,0
Resort Hotel,0,1,2016,April,15,7,0,1,2,0.0,0,BB,ESP,Online TA,TA/TO,0,0,0,A,D,0,No Deposit,240.0,0,Transient,65.0,0,1
Resort Hotel,0,2,2016,April,15,3,2,3,2,0.0,0,BB,ESP,Online TA,TA/TO,0,0,0,D,D,0,No Deposit,240.0,0,Transient,77.0,0,2
Resort Hotel,0,77,2016,March,14,30,2,8,2,0.0,0,BB,FIN,Online TA,TA/TO,0,0,0,D,D,0,No Deposit,240.0,0,Transient,63.4,0,1
Resort Hotel,0,48,2016,April,15,4,1,4,2,0.0,0,FB,GBR,Offline TA/TO,TA/TO,0,0,0,D,D,0,No Deposit,26.0,0,Transient,89.25,0,0
Resort Hotel,0,3,2016,April,15,8,0,1,2,0.0,0,BB,PRT,Groups,TA/TO,0,0,0,A,C,0,No Deposit,146.0,0,Transient-Party,54.0,0,0
Resort Hotel,0,15,2016,April,15,5,0,4,2,0.0,0,BB,ITA,Online TA,TA/TO,0,0,0,E,G,0,No Deposit,240.0,0,Transient,101.75,1,1
Resort Hotel,0,3,2016,April,15,8,0,1,2,0.0,0,BB,PRT,Groups,TA/TO,0,0,0,A,C,0,No Deposit,146.0,0,Transient-Party,54.0,0,0
Resort Hotel,0,3,2016,April,15,8,0,1,2,0.0,0,BB,PRT,Groups,TA/TO,0,0,0,A,C,0,No Deposit,146.0,0,Transient-Party,54.0,0,0
Resort Hotel,0,3,2016,April,15,8,0,1,2,0.0,0,BB,PRT,Groups,TA/TO,0,0,0,A,C,0,No Deposit,146.0,0,Transient-Party,60.0,1,0
Resort Hotel,0,3,2016,April,15,8,0,1,2,0.0,0,BB,PRT,Groups,TA/TO,0,0,0,A,C,0,No Deposit,146.0,0,Transient-Party,54.0,0,0
Resort Hotel,0,2,2016,April,15,8,0,1,2,0.0,0,BB,PRT,Groups,TA/TO,0,0,0,A,A,4,No Deposit,146.0,0,Transient-Party,54.0,0,0
Resort Hotel,0,3,2016,April,15,8,0,1,2,0.0,0,BB,PRT,Groups,TA/TO,0,0,0,A,C,0,No Deposit,146.0,0,Transient,54.0,0,0
Resort Hotel,0,1,2016,April,15,6,0,3,2,0.0,0,BB,GBR,Online TA,TA/TO,0,0,0,D,D,0,No Deposit,241.0,0,Transient,54.86,0,0
Resort Hotel,0,0,2016,April,15,7,0,2,2,0.0,0,BB,PRT,Direct,Direct,0,0,0,A,A,1,No Deposit,,0,Transient,71.0,1,0
Resort Hotel,0,2,2016,April,15,3,2,4,2,0.0,0,BB,FRA,Direct,Direct,0,0,0,D,D,1,No Deposit,250.0,0,Transient,86.67,0,1
Resort Hotel,0,1,2016,April,15,8,0,1,2,0.0,0,BB,FRA,Online TA,TA/TO,0,0,0,A,D,0,No Deposit,240.0,0,Transient,71.0,1,0
Resort Hotel,0,17,2016,April,15,7,0,2,2,0.0,0,BB,GBR,Offline TA/TO,TA/TO,0,0,0,D,D,0,No Deposit,8.0,0,Transient,53.1,0,0
Resort Hotel,0,4,2016,April,15,8,0,1,2,0.0,0,BB,PRT,Offline TA/TO,TA/TO,0,0,0,A,A,0,No Deposit,6.0,0,Transient,46.0,0,1
Resort Hotel,0,25,2016,April,15,4,1,4,2,0.0,0,HB,PRT,Direct,Direct,0,0,0,A,A,3,No Deposit,250.0,0,Transient,82.74,0,0
Resort Hotel,0,180,2016,November,46,7,1,4,2,0.0,0,FB,PRT,Offline TA/TO,Direct,1,0,1,A,A,0,No Deposit,6.0,0,Transient,72.0,0,0
Resort Hotel,0,27,2016,April,15,6,0,3,2,0.0,0,BB,GBR,Online TA,TA/TO,0,0,0,D,D,0,No Deposit,240.0,0,Transient,72.67,0,1
Resort Hotel,0,17,2016,April,15,7,0,2,2,0.0,0,BB,GBR,Offline TA/TO,TA/TO,0,0,0,D,D,0,No Deposit,8.0,0,Transient,53.1,0,0
Resort Hotel,0,45,2016,April,15,8,0,1,2,0.0,0,BB,PRT,Online TA,TA/TO,0,0,0,A,D,1,No Deposit,240.0,0,Transient-Party,65.0,0,2
Resort Hotel,0,45,2016,April,15,8,0,1,2,0.0,0,BB,PRT,Online TA,TA/TO,0,0,0,A,D,1,No Deposit,240.0,0,Transient-Party,65.0,0,2
Resort Hotel,0,8,2016,April,15,7,0,2,2,0.0,0,BB,DEU,Online TA,TA/TO,0,0,0,A,D,0,No Deposit,240.0,0,Transient,71.0,1,0
Resort Hotel,0,6,2016,April,15,5,0,4,2,0.0,0,BB,PRT,Online TA,TA/TO,0,0,0,A,D,0,No Deposit,240.0,0,Transient,65.0,0,1
Resort Hotel,0,24,2016,April,15,4,1,4,2,0.0,0,HB,PRT,Online TA,TA/TO,0,0,0,D,D,0,No Deposit,240.0,0,Transient,105.6,0,2
Resort Hotel,0,71,2016,April,14,2,2,5,2,0.0,0,FB,GBR,Offline TA/TO,TA/TO,0,0,0,D,D,0,No Deposit,26.0,0,Transient,89.25,0,0
Resort Hotel,0,32,2016,April,14,2,2,5,2,0.0,0,BB,DEU,Online TA,TA/TO,0,0,0,D,D,0,No Deposit,240.0,0,Transient,75.0,0,1
Resort Hotel,0,80,2016,April,15,7,0,3,2,0.0,0,Undefined,ESP,Groups,TA/TO,0,0,0,A,A,0,No Deposit,67.0,0,Transient-Party,68.0,0,0
Resort Hotel,0,80,2016,April,15,7,0,3,2,0.0,0,Undefined,ESP,Groups,TA/TO,0,0,0,A,A,0,No Deposit,67.0,0,Transient-Party,68.0,0,0
Resort Hotel,0,80,2016,April,15,7,0,3,2,0.0,0,Undefined,ESP,Groups,TA/TO,0,0,0,A,A,0,No Deposit,67.0,0,Transient-Party,68.0,0,0
Resort Hotel,0,80,2016,April,15,7,0,3,2,0.0,0,Undefined,ESP,Groups,TA/TO,0,0,0,A,A,0,No Deposit,67.0,0,Transient-Party,68.0,0,0
Resort Hotel,0,80,2016,April,15,7,0,3,2,0.0,0,Undefined,ESP,Groups,TA/TO,0,0,0,A,A,0,No Deposit,67.0,0,Transient-Party,68.0,0,0
Resort Hotel,0,80,2016,April,15,7,0,3,2,0.0,0,Undefined,ESP,Groups,TA/TO,0,0,0,A,A,0,No Deposit,67.0,0,Transient-Party,68.0,0,0
Resort Hotel,0,80,2016,April,15,7,0,3,2,0.0,0,Undefined,ESP,Groups,TA/TO,0,0,0,A,A,0,No Deposit,67.0,0,Transient-Party,68.0,0,0
Resort Hotel,0,80,2016,April,15,7,0,3,2,0.0,0,Undefined,ESP,Groups,TA/TO,0,0,0,A,A,0,No Deposit,67.0,0,Transient-Party,68.0,0,0
Resort Hotel,0,80,2016,April,15,7,0,3,2,0.0,0,Undefined,ESP,Groups,TA/TO,0,0,0,A,A,0,No Deposit,67.0,0,Transient-Party,68.0,0,0
Resort Hotel,0,80,2016,April,15,7,0,3,2,0.0,0,Undefined,ESP,Groups,TA/TO,0,0,0,A,A,0,No Deposit,67.0,0,Transient-Party,68.0,0,0
Resort Hotel,0,80,2016,April,15,7,0,3,2,0.0,0,Undefined,ESP,Groups,TA/TO,0,0,0,A,A,0,No Deposit,67.0,0,Transient-Party,68.0,0,0
Resort Hotel,0,80,2016,April,15,7,0,3,2,0.0,0,Undefined,ESP,Groups,TA/TO,0,0,0,A,A,0,No Deposit,67.0,0,Transient-Party,68.0,0,0
Resort Hotel,0,80,2016,April,15,7,0,3,2,0.0,0,Undefined,ESP,Groups,TA/TO,0,0,0,A,A,0,No Deposit,67.0,0,Transient-Party,68.0,0,0
Resort Hotel,0,80,2016,April,15,7,0,3,2,0.0,0,Undefined,ESP,Groups,TA/TO,0,0,0,A,A,0,No Deposit,67.0,0,Transient-Party,68.0,0,0
Resort Hotel,0,80,2016,April,15,7,0,3,2,0.0,0,Undefined,ESP,Groups,TA/TO,0,0,0,A,A,0,No Deposit,67.0,0,Transient-Party,68.0,0,0
Resort Hotel,0,80,2016,April,15,7,0,3,2,0.0,0,Undefined,ESP,Groups,TA/TO,0,0,0,A,A,0,No Deposit,67.0,0,Transient-Party,68.0,0,0
Resort Hotel,0,80,2016,April,15,7,0,3,2,0.0,0,Undefined,ESP,Groups,TA/TO,0,0,0,A,A,0,No Deposit,67.0,0,Transient-Party,68.0,0,0
Resort Hotel,0,80,2016,April,15,7,0,3,2,0.0,0,Undefined,ESP,Groups,TA/TO,0,0,0,A,A,0,No Deposit,67.0,0,Transient-Party,68.0,0,0
Resort Hotel,0,80,2016,April,15,7,0,3,2,0.0,0,Undefined,ESP,Groups,TA/TO,0,0,0,A,A,0,No Deposit,67.0,0,Transient-Party,68.0,0,0
Resort Hotel,0,80,2016,April,15,7,0,3,2,0.0,0,Undefined,ESP,Groups,TA/TO,0,0,0,A,A,0,No Deposit,67.0,0,Transient-Party,68.0,0,0
Resort Hotel,0,80,2016,April,15,7,0,3,2,0.0,0,Undefined,ESP,Groups,TA/TO,0,0,0,A,A,0,No Deposit,67.0,0,Transient-Party,68.0,0,0
Resort Hotel,0,80,2016,April,15,7,0,3,2,0.0,0,Undefined,ESP,Groups,TA/TO,0,0,0,A,A,0,No Deposit,67.0,0,Transient-Party,68.0,0,0
Resort Hotel,0,80,2016,April,15,7,0,3,2,0.0,0,Undefined,ESP,Groups,TA/TO,0,0,0,A,A,0,No Deposit,67.0,0,Transient-Party,68.0,0,0
Resort Hotel,0,80,2016,April,15,7,0,3,2,0.0,0,Undefined,ESP,Groups,TA/TO,0,0,0,A,A,0,No Deposit,67.0,0,Transient-Party,68.0,0,0
Resort Hotel,0,80,2016,April,15,7,0,3,2,0.0,0,Undefined,ESP,Groups,TA/TO,0,0,0,A,A,0,No Deposit,67.0,0,Transient-Party,68.0,0,0
Resort Hotel,0,80,2016,April,15,7,0,3,2,0.0,0,Undefined,ESP,Groups,TA/TO,0,0,0,A,A,0,No Deposit,67.0,0,Transient-Party,68.0,0,0
Resort Hotel,0,80,2016,April,15,7,0,3,2,0.0,0,Undefined,ESP,Groups,TA/TO,0,0,0,A,A,0,No Deposit,67.0,0,Transient-Party,68.0,0,0
Resort Hotel,0,76,2016,April,15,3,2,5,2,0.0,0,BB,GBR,Online TA,TA/TO,0,0,0,E,E,0,No Deposit,241.0,0,Transient,59.93,0,1
Resort Hotel,0,22,2016,April,15,7,0,3,2,0.0,0,BB,GBR,Online TA,TA/TO,0,0,0,F,F,0,No Deposit,241.0,0,Transient,73.15,0,1
Resort Hotel,0,9,2016,April,15,6,0,4,2,0.0,0,FB,GBR,Offline TA/TO,TA/TO,0,0,0,A,A,0,No Deposit,26.0,0,Transient,78.66,0,0
Resort Hotel,0,44,2016,April,15,6,0,4,2,0.0,0,HB,PRT,Direct,Direct,0,0,0,A,D,0,No Deposit,250.0,0,Transient-Party,83.0,0,2
Resort Hotel,0,44,2016,April,15,6,0,4,2,0.0,0,HB,PRT,Direct,Direct,0,0,0,A,D,0,No Deposit,250.0,0,Transient,83.0,0,1
Resort Hotel,0,8,2016,April,15,8,0,2,2,0.0,0,BB,GBR,Online TA,TA/TO,0,0,0,A,D,2,No Deposit,240.0,0,Transient,65.0,0,0
Resort Hotel,0,16,2016,April,15,8,0,2,2,0.0,0,BB,PRT,Online TA,TA/TO,0,0,0,E,E,0,No Deposit,240.0,0,Transient,85.0,0,1
Resort Hotel,0,10,2016,April,15,9,0,1,2,0.0,0,BB,PRT,Direct,Direct,0,0,0,D,D,0,No Deposit,250.0,0,Transient,75.0,1,0
Resort Hotel,0,5,2016,April,15,9,0,1,2,0.0,0,BB,IRL,Offline TA/TO,TA/TO,0,0,0,A,D,0,No Deposit,6.0,0,Transient,48.0,0,0
Resort Hotel,0,39,2016,April,15,9,0,1,2,0.0,0,BB,PRT,Online TA,TA/TO,0,0,0,A,D,0,No Deposit,240.0,0,Transient,70.0,0,1
Resort Hotel,0,14,2016,April,15,7,0,3,2,0.0,0,BB,PRT,Offline TA/TO,TA/TO,0,0,0,A,A,0,No Deposit,96.0,0,Transient,47.4,1,1
Resort Hotel,0,10,2016,April,15,7,0,3,2,0.0,0,BB,ESP,Online TA,TA/TO,0,0,0,A,D,1,No Deposit,240.0,0,Transient-Party,71.0,1,1
Resort Hotel,0,1,2016,April,15,9,0,1,2,0.0,0,BB,PRT,Complementary,Direct,0,0,0,F,F,0,No Deposit,,0,Transient,0.0,0,1
Resort Hotel,0,1,2016,April,15,9,0,1,2,0.0,0,BB,PRT,Direct,Direct,0,0,0,D,D,0,No Deposit,,0,Transient,75.0,0,2
Resort Hotel,0,24,2016,April,15,6,0,4,2,0.0,0,BB,PRT,Direct,Direct,0,0,0,D,D,1,No Deposit,250.0,0,Transient,59.18,1,0
Resort Hotel,0,49,2016,April,14,1,2,7,2,0.0,0,BB,IRL,Direct,Direct,0,0,0,E,E,0,No Deposit,,0,Transient-Party,71.0,0,1
Resort Hotel,0,50,2016,April,14,2,2,6,2,0.0,0,BB,GBR,Direct,Direct,0,0,0,E,E,0,No Deposit,,0,Transient-Party,77.0,1,1
Resort Hotel,0,15,2016,April,15,7,0,3,2,0.0,0,BB,BEL,Online TA,TA/TO,0,0,0,E,E,0,No Deposit,240.0,0,Transient,85.0,0,0
Resort Hotel,0,35,2016,April,15,8,0,2,2,0.0,0,BB,PRT,Direct,Direct,0,0,0,A,E,0,No Deposit,250.0,0,Transient,54.0,0,0
Resort Hotel,0,26,2016,April,15,8,0,2,2,0.0,0,HB,PRT,Direct,Direct,0,0,0,D,D,1,No Deposit,250.0,0,Transient,93.0,0,1
Resort Hotel,0,143,2016,December,53,30,1,2,2,0.0,0,BB,PRT,Direct,Direct,1,0,1,A,A,0,No Deposit,,0,Group,150.0,0,1
Resort Hotel,0,27,2016,April,15,6,0,4,2,0.0,0,BB,FRA,Online TA,TA/TO,0,0,0,D,D,1,No Deposit,240.0,0,Transient,84.0,1,1
Resort Hotel,0,52,2016,April,15,4,1,5,2,0.0,0,BB,IRL,Direct,Direct,0,0,0,E,E,0,No Deposit,,0,Transient-Party,71.0,0,1
Resort Hotel,0,0,2016,April,16,10,0,0,2,0.0,0,HB,PRT,Online TA,TA/TO,1,0,0,A,A,0,No Deposit,240.0,0,Transient,0.0,0,0
Resort Hotel,0,27,2016,April,16,11,1,2,2,0.0,0,BB,IRL,Direct,Direct,0,0,0,E,E,1,No Deposit,250.0,0,Transient,72.0,0,1
Resort Hotel,0,32,2016,April,15,8,1,2,2,0.0,0,BB,GBR,Offline TA/TO,TA/TO,0,0,0,A,E,0,No Deposit,95.0,0,Transient,57.4,0,2
Resort Hotel,0,24,2016,April,15,6,1,4,2,0.0,0,BB,GBR,Online TA,TA/TO,0,0,0,E,E,0,No Deposit,240.0,0,Transient,81.6,0,0
Resort Hotel,0,49,2016,April,15,8,1,2,2,0.0,0,BB,GBR,Online TA,TA/TO,0,0,0,A,A,0,No Deposit,241.0,0,Transient,46.66,0,1
Resort Hotel,0,81,2016,April,15,5,1,5,2,0.0,0,BB,FIN,Direct,Direct,0,0,0,F,F,2,No Deposit,250.0,0,Transient,83.3,0,1
Resort Hotel,0,80,2016,April,15,7,1,3,2,0.0,0,SC,ESP,Groups,TA/TO,0,0,0,A,I,0,No Deposit,67.0,0,Transient-Party,51.0,0,0
Resort Hotel,0,0,2016,April,16,10,1,0,2,0.0,0,BB,PRT,Direct,Direct,0,0,0,F,F,0,No Deposit,,0,Transient,101.0,1,0
Resort Hotel,0,36,2016,March,14,31,3,8,2,0.0,0,BB,FRA,Online TA,TA/TO,0,0,0,D,G,1,No Deposit,240.0,0,Transient,101.27,1,1
Resort Hotel,0,3,2016,April,16,11,1,0,2,0.0,0,BB,FRA,Direct,TA/TO,0,0,0,A,G,0,No Deposit,,0,Transient,103.0,1,1
Resort Hotel,0,19,2016,April,15,8,1,2,2,0.0,0,BB,GBR,Online TA,TA/TO,0,0,0,A,D,0,No Deposit,240.0,0,Transient,73.0,1,1
Resort Hotel,0,52,2016,April,15,7,1,3,2,0.0,0,BB,PRT,Direct,Direct,0,0,0,E,E,0,No Deposit,250.0,0,Transient,74.7,0,0
Resort Hotel,0,19,2016,April,15,7,1,3,2,0.0,0,BB,USA,Direct,Direct,0,0,0,F,F,0,No Deposit,250.0,0,Transient,101.0,1,0
Resort Hotel,0,65,2016,April,15,8,1,2,2,0.0,0,BB,IRL,Offline TA/TO,TA/TO,0,0,0,A,E,0,No Deposit,171.0,0,Transient,61.4,0,0
Resort Hotel,0,1,2016,April,15,8,1,2,2,0.0,0,BB,GBR,Online TA,TA/TO,0,0,0,D,D,0,No Deposit,314.0,0,Transient,60.0,0,0
Resort Hotel,0,33,2016,April,16,11,0,0,2,0.0,0,BB,PRT,Offline TA/TO,TA/TO,0,0,0,E,I,0,No Deposit,171.0,0,Transient,0.0,0,0
Resort Hotel,0,55,2016,April,15,7,1,3,2,0.0,0,BB,GBR,Offline TA/TO,TA/TO,0,0,0,A,A,0,No Deposit,171.0,0,Transient,41.4,0,0
Resort Hotel,0,9,2016,April,15,9,1,1,2,0.0,0,HB,PRT,Direct,Direct,0,0,0,E,E,2,No Deposit,250.0,0,Transient,135.5,1,0
Resort Hotel,0,0,2016,April,16,10,1,0,2,0.0,0,BB,CN,Direct,Direct,0,0,0,A,A,0,No Deposit,,0,Transient,71.0,1,0
Resort Hotel,0,0,2016,April,15,7,1,3,2,0.0,0,BB,GBR,Direct,Direct,0,0,0,E,E,0,No Deposit,,0,Transient,85.0,0,0
Resort Hotel,0,13,2016,April,15,4,2,5,2,0.0,0,BB,GBR,Offline TA/TO,TA/TO,0,0,0,A,A,0,No Deposit,171.0,0,Transient,41.4,0,0
Resort Hotel,0,0,2016,April,16,10,1,0,2,0.0,0,BB,CHE,Online TA,TA/TO,0,0,0,E,E,0,No Deposit,240.0,0,Transient,103.0,1,0
Resort Hotel,0,77,2016,April,16,12,2,7,2,0.0,0,HB,FRA,Offline TA/TO,TA/TO,0,0,0,D,D,0,No Deposit,314.0,0,Transient,78.56,0,0
Resort Hotel,0,26,2016,April,15,5,2,5,2,0.0,0,BB,GBR,Online TA,TA/TO,0,0,0,A,A,0,No Deposit,240.0,0,Transient,64.0,0,0
Resort Hotel,0,155,2016,April,15,6,2,4,2,0.0,0,BB,GBR,Online TA,TA/TO,0,0,0,A,A,0,No Deposit,240.0,0,Transient,54.2,0,1
Resort Hotel,0,5,2016,April,15,7,2,3,2,0.0,0,HB,ESP,Online TA,TA/TO,0,0,0,E,E,0,No Deposit,240.0,0,Transient,117.0,0,0
Resort Hotel,0,45,2016,April,15,8,2,2,2,0.0,0,BB,CHE,Offline TA/TO,TA/TO,0,0,0,E,E,0,No Deposit,314.0,0,Transient,69.0,1,1
Resort Hotel,0,31,2016,April,15,8,2,2,2,0.0,0,BB,IRL,Offline TA/TO,TA/TO,0,0,0,D,D,0,No Deposit,91.0,0,Transient-Party,53.1,0,0
Resort Hotel,0,0,2016,April,15,8,2,2,2,0.0,0,BB,PRT,Direct,Direct,0,0,0,A,D,0,No Deposit,,0,Transient,76.0,0,0
Resort Hotel,0,31,2016,April,15,8,2,2,2,0.0,0,BB,IRL,Offline TA/TO,TA/TO,0,0,0,D,D,1,No Deposit,91.0,0,Transient-Party,55.1,0,1
Resort Hotel,0,29,2016,April,15,5,2,5,2,0.0,0,BB,GBR,Offline TA/TO,TA/TO,0,0,0,D,D,0,No Deposit,26.0,0,Transient,51.59,0,0
Resort Hotel,0,0,2016,April,15,9,2,1,2,0.0,0,HB,ARG,Direct,Direct,0,0,0,D,E,0,No Deposit,,0,Transient,107.0,1,0
Resort Hotel,0,18,2016,April,16,10,2,0,2,0.0,0,BB,FRA,Online TA,TA/TO,0,0,0,E,E,1,No Deposit,240.0,0,Transient,85.0,0,1
Resort Hotel,0,28,2016,April,16,11,1,0,2,0.0,0,BB,BEL,Online TA,TA/TO,0,0,0,A,A,0,No Deposit,240.0,0,Transient,65.0,0,1
Resort Hotel,0,57,2016,April,15,5,2,5,2,0.0,0,BB,IRL,Offline TA/TO,TA/TO,0,0,0,A,C,0,No Deposit,314.0,0,Transient,43.47,0,0
Resort Hotel,0,83,2016,April,15,6,2,5,2,0.0,0,BB,NLD,Online TA,TA/TO,0,0,0,A,A,0,No Deposit,240.0,0,Transient,52.2,0,1
Resort Hotel,0,0,2016,April,16,12,0,1,2,0.0,0,BB,PRT,Direct,Direct,0,0,0,A,E,0,No Deposit,,0,Transient,85.0,0,0
Resort Hotel,0,2,2016,April,16,11,1,1,2,0.0,0,BB,ESP,Direct,Direct,0,0,0,A,A,4,No Deposit,250.0,0,Transient,67.5,0,0
Resort Hotel,0,1,2016,April,15,6,2,5,2,0.0,0,BB,PRT,Online TA,TA/TO,0,0,0,A,A,0,No Deposit,240.0,0,Transient,65.0,0,1
Resort Hotel,0,89,2016,April,16,12,0,1,2,0.0,0,BB,CHE,Offline TA/TO,TA/TO,0,0,0,D,E,0,No Deposit,251.0,0,Transient-Party,59.0,0,1
Resort Hotel,0,89,2016,April,16,12,0,1,2,0.0,0,BB,CHE,Offline TA/TO,TA/TO,0,0,0,D,E,0,No Deposit,251.0,0,Transient-Party,59.0,0,1
Resort Hotel,0,1,2016,April,16,11,1,1,2,0.0,0,BB,PRT,Online TA,TA/TO,0,0,0,A,A,0,No Deposit,314.0,0,Transient,52.0,0,0
Resort Hotel,0,38,2016,April,15,9,2,2,2,0.0,0,BB,GBR,Offline TA/TO,TA/TO,0,0,0,A,D,0,No Deposit,26.0,0,Transient,39.33,0,0
Resort Hotel,0,57,2016,April,15,7,2,4,2,0.0,0,BB,GBR,Offline TA/TO,TA/TO,0,0,0,A,A,0,No Deposit,26.0,0,Transient,39.1,0,0
Resort Hotel,0,12,2016,April,15,9,2,2,2,0.0,0,HB,GBR,Offline TA/TO,TA/TO,0,0,0,A,B,0,No Deposit,26.0,0,Transient,61.56,0,0
Resort Hotel,0,49,2016,April,15,6,2,5,2,0.0,0,BB,FRA,Offline TA/TO,TA/TO,0,0,0,E,E,0,No Deposit,177.0,0,Transient,63.0,0,0
Resort Hotel,0,1,2016,April,16,12,0,1,2,0.0,0,BB,PRT,Offline TA/TO,TA/TO,0,0,0,A,A,0,No Deposit,330.0,0,Transient,67.5,0,0
Resort Hotel,0,1,2016,April,16,12,0,1,2,0.0,0,BB,PRT,Offline TA/TO,TA/TO,0,0,0,A,A,0,No Deposit,330.0,0,Transient,67.5,0,0
Resort Hotel,0,36,2016,April,15,7,2,5,2,0.0,0,BB,PRT,Online TA,TA/TO,0,0,0,E,G,0,No Deposit,241.0,0,Transient,81.51,0,2
Resort Hotel,0,3,2016,April,15,7,2,5,2,0.0,0,BB,GBR,Offline TA/TO,TA/TO,0,0,0,E,F,1,No Deposit,40.0,0,Contract,71.73,0,1
Resort Hotel,0,99,2016,April,16,13,0,1,2,0.0,0,BB,DEU,Offline TA/TO,TA/TO,0,0,0,D,F,0,No Deposit,251.0,0,Transient,59.0,0,0
Resort Hotel,0,73,2016,April,15,7,2,5,2,0.0,0,BB,FIN,Online TA,TA/TO,0,0,0,E,E,0,No Deposit,240.0,0,Transient,88.0,0,1
Resort Hotel,0,42,2016,April,15,5,2,7,2,0.0,0,HB,DEU,Offline TA/TO,TA/TO,0,0,0,A,C,0,No Deposit,75.0,0,Transient,64.78,0,0
Resort Hotel,0,0,2016,April,16,14,0,0,2,0.0,0,BB,FRA,Online TA,TA/TO,1,0,0,D,I,0,No Deposit,240.0,0,Transient,0.0,1,1
Resort Hotel,0,22,2016,April,15,7,2,5,2,0.0,0,HB,GBR,Offline TA/TO,TA/TO,0,0,0,D,D,0,No Deposit,26.0,0,Transient,73.25,0,0
Resort Hotel,0,4,2016,April,15,9,2,3,2,0.0,0,BB,IRL,Online TA,TA/TO,0,0,0,A,D,0,No Deposit,240.0,0,Transient,67.0,0,1
Resort Hotel,0,14,2016,April,16,11,1,2,2,0.0,0,BB,GBR,Online TA,TA/TO,0,0,0,F,F,0,No Deposit,241.0,0,Transient,73.15,0,1
Resort Hotel,0,17,2016,April,16,12,0,2,2,0.0,0,HB,FRA,Online TA,TA/TO,0,0,0,D,D,0,No Deposit,240.0,0,Transient,107.0,0,1
Resort Hotel,0,0,2016,April,16,14,0,1,2,0.0,0,BB,FRA,Direct,TA/TO,1,0,0,A,A,0,No Deposit,,0,Transient,75.0,0,1
Resort Hotel,0,178,2016,April,15,7,2,5,2,0.0,0,BB,GBR,Offline TA/TO,TA/TO,0,0,0,D,D,0,No Deposit,40.0,0,Contract,48.76,0,0
Resort Hotel,0,0,2016,April,16,12,0,2,2,0.0,0,BB,PRT,Corporate,Corporate,0,0,0,A,E,0,No Deposit,,0,Transient,59.0,0,0
Resort Hotel,0,1,2016,April,16,14,0,1,2,0.0,0,BB,PRT,Corporate,Corporate,0,0,0,A,E,0,No Deposit,,0,Transient,67.5,0,0
Resort Hotel,0,88,2016,April,15,8,2,5,2,0.0,0,BB,GBR,Offline TA/TO,TA/TO,0,0,0,A,A,0,No Deposit,115.0,0,Transient,42.83,0,0
Resort Hotel,0,95,2016,April,15,9,2,4,2,0.0,0,BB,FRA,Online TA,TA/TO,0,0,0,A,A,0,No Deposit,242.0,0,Transient,52.2,0,1
Resort Hotel,0,30,2016,April,16,13,0,2,2,0.0,0,BB,BEL,Direct,Direct,0,0,0,A,E,0,No Deposit,,0,Transient,63.0,0,0
Resort Hotel,0,34,2016,April,16,11,1,3,2,0.0,0,FB,PRT,Offline TA/TO,TA/TO,0,0,0,A,A,0,No Deposit,26.0,0,Transient,81.16,0,0
Resort Hotel,0,194,2016,April,15,6,2,7,2,0.0,0,BB,GBR,Direct,Direct,0,0,0,E,E,0,No Deposit,,0,Transient,46.0,0,0
Resort Hotel,0,167,2017,April,15,11,2,7,2,0.0,0,BB,GBR,Direct,Direct,1,0,0,E,E,0,No Deposit,,0,Transient,80.8,0,2
Resort Hotel,0,6,2016,April,15,7,2,6,2,0.0,0,BB,GBR,Online TA,TA/TO,0,0,0,D,D,0,No Deposit,240.0,0,Transient-Party,75.0,0,0
Resort Hotel,0,6,2016,April,15,7,2,6,2,0.0,0,BB,GBR,Online TA,TA/TO,0,0,0,A,A,0,No Deposit,240.0,0,Transient-Party,65.0,0,0
Resort Hotel,0,27,2016,April,16,10,2,3,2,0.0,0,BB,GBR,Offline TA/TO,TA/TO,0,0,0,E,E,0,No Deposit,40.0,0,Contract,60.3,0,0
Resort Hotel,0,64,2016,April,15,8,2,5,2,0.0,0,BB,FIN,Offline TA/TO,TA/TO,0,0,0,A,A,0,No Deposit,314.0,0,Transient,41.76,0,0
Resort Hotel,0,65,2016,April,15,8,2,5,2,0.0,0,BB,FIN,Online TA,TA/TO,0,0,0,E,E,0,No Deposit,240.0,0,Transient,88.0,0,1
Resort Hotel,0,43,2016,April,16,12,0,3,2,0.0,0,BB,BRA,Online TA,TA/TO,0,0,0,D,D,0,No Deposit,241.0,0,Transient,56.21,0,1
Resort Hotel,0,57,2016,April,16,13,0,2,2,0.0,0,BB,ITA,Online TA,TA/TO,0,0,0,A,E,0,No Deposit,240.0,0,Transient,64.0,1,0
Resort Hotel,0,104,2016,April,15,8,2,5,2,0.0,0,BB,GBR,Offline TA/TO,TA/TO,0,0,0,A,A,1,No Deposit,156.0,0,Transient,41.4,0,1
Resort Hotel,0,43,2016,April,16,12,0,3,2,0.0,0,BB,BRA,Online TA,TA/TO,0,0,0,D,D,0,No Deposit,241.0,0,Transient,56.21,0,1
Resort Hotel,0,57,2016,April,16,13,0,2,2,0.0,0,BB,ITA,Online TA,TA/TO,0,0,0,A,E,0,No Deposit,240.0,0,Transient,58.0,0,1
Resort Hotel,0,27,2016,April,15,8,2,5,2,0.0,0,HB,DEU,Offline TA/TO,TA/TO,0,0,0,A,A,0,No Deposit,177.0,0,Transient,64.8,0,0
Resort Hotel,0,1,2016,December,52,22,0,1,2,0.0,0,BB,PRT,Corporate,Corporate,1,0,3,A,A,2,No Deposit,,0,Transient,30.0,0,0
Resort Hotel,0,3,2016,April,16,14,0,1,2,0.0,0,HB,PRT,Direct,Direct,0,0,0,E,E,1,No Deposit,250.0,0,Transient-Party,125.0,0,0
Resort Hotel,0,28,2016,April,16,13,0,2,2,0.0,0,BB,IND,Direct,Direct,0,0,0,A,A,0,No Deposit,250.0,0,Transient,60.0,0,0
Resort Hotel,0,37,2016,April,16,13,0,2,2,0.0,0,BB,BEL,Offline TA/TO,TA/TO,0,0,0,A,A,1,No Deposit,6.0,0,Transient,41.4,0,0
Resort Hotel,0,34,2016,April,16,11,1,3,2,0.0,0,BB,NLD,Offline TA/TO,TA/TO,0,0,0,E,E,0,No Deposit,128.0,0,Transient,60.3,0,0
Resort Hotel,0,58,2016,April,16,15,0,2,2,0.0,0,BB,ESP,Complementary,Direct,0,0,0,A,C,1,No Deposit,,0,Transient,0.0,0,1
Resort Hotel,0,45,2016,April,16,14,0,1,2,0.0,0,BB,DEU,Online TA,TA/TO,0,0,0,A,A,0,No Deposit,240.0,0,Transient,64.0,0,1
Resort Hotel,0,4,2016,April,15,8,2,5,2,0.0,0,BB,DEU,Offline TA/TO,TA/TO,0,0,0,A,A,0,No Deposit,177.0,0,Transient,46.0,0,0
Resort Hotel,0,194,2016,April,15,6,2,7,2,0.0,0,BB,GBR,Direct,Direct,0,0,0,E,E,0,No Deposit,,0,Transient,44.0,0,0
Resort Hotel,0,112,2016,April,15,9,2,5,2,0.0,0,BB,GBR,Offline TA/TO,TA/TO,0,0,0,A,A,0,No Deposit,156.0,0,Transient,42.83,0,0
Resort Hotel,0,5,2016,April,15,9,2,5,2,0.0,0,Undefined,GBR,Offline TA/TO,TA/TO,0,0,0,D,D,0,No Deposit,40.0,0,Contract,99.5,0,0
Resort Hotel,0,18,2016,April,16,13,0,3,2,0.0,0,HB,ESP,Offline TA/TO,TA/TO,0,0,0,A,A,0,No Deposit,6.0,0,Transient,64.8,0,0
Resort Hotel,0,1,2016,April,16,15,0,1,2,0.0,0,BB,PRT,Online TA,TA/TO,0,0,0,A,A,0,No Deposit,240.0,0,Transient,75.0,0,1
Resort Hotel,0,4,2016,April,16,15,0,1,2,0.0,0,BB,PRT,Online TA,TA/TO,0,0,0,E,E,0,No Deposit,240.0,0,Transient,95.0,0,2
Resort Hotel,0,1,2016,April,16,16,0,1,2,0.0,0,BB,PRT,Direct,TA/TO,0,0,0,E,E,0,No Deposit,,0,Transient,95.0,0,2
Resort Hotel,0,0,2016,April,16,15,0,1,2,0.0,0,BB,PRT,Direct,Direct,0,0,0,A,A,0,No Deposit,,0,Transient,67.5,0,0
Resort Hotel,0,4,2016,April,16,15,0,1,2,0.0,0,BB,PRT,Offline TA/TO,TA/TO,0,0,0,A,A,0,No Deposit,171.0,0,Transient,46.0,0,0
Resort Hotel,0,115,2016,April,15,9,2,5,2,0.0,0,BB,GBR,Offline TA/TO,TA/TO,0,0,0,A,A,0,No Deposit,26.0,0,Transient,41.04,0,0
Resort Hotel,0,117,2016,April,16,12,0,4,2,0.0,0,BB,SWE,Online TA,TA/TO,0,0,0,F,F,1,No Deposit,242.0,0,Transient,102.5,1,1
Resort Hotel,0,45,2016,April,16,14,0,2,2,0.0,0,BB,ESP,Online TA,TA/TO,0,0,0,A,A,0,No Deposit,240.0,0,Transient,64.0,1,1
Resort Hotel,0,205,2016,April,16,13,0,3,2,0.0,0,BB,FIN,Direct,Direct,0,0,0,E,G,1,No Deposit,250.0,0,Transient,141.0,1,0
Resort Hotel,0,121,2016,April,15,9,2,5,2,0.0,0,HB,GBR,Offline TA/TO,TA/TO,0,0,0,E,E,0,No Deposit,156.0,0,Transient,83.25,0,0
Resort Hotel,0,20,2016,April,16,12,0,4,2,0.0,0,BB,GBR,Offline TA/TO,TA/TO,0,0,0,A,A,0,No Deposit,177.0,0,Transient,43.4,0,1
Resort Hotel,0,72,2016,April,15,9,2,5,2,0.0,0,BB,IRL,Offline TA/TO,TA/TO,0,0,0,A,C,0,No Deposit,96.0,0,Transient-Party,41.4,0,0
Resort Hotel,0,5,2016,April,16,13,0,3,2,0.0,0,BB,FRA,Online TA,TA/TO,0,0,0,F,F,0,No Deposit,242.0,0,Transient,95.0,0,1
Resort Hotel,0,20,2016,April,16,10,2,4,2,0.0,0,HB,PRT,Online TA,TA/TO,0,0,0,D,D,0,No Deposit,240.0,0,Transient-Party,113.0,1,2
Resort Hotel,0,36,2016,April,15,9,2,5,2,0.0,0,BB,IRL,Offline TA/TO,TA/TO,0,0,0,A,D,0,No Deposit,6.0,0,Transient,43.4,0,0
Resort Hotel,0,27,2016,April,15,4,3,9,2,0.0,0,BB,GBR,Offline TA/TO,TA/TO,0,0,0,A,A,0,No Deposit,95.0,0,Transient,41.4,0,0
Resort Hotel,0,83,2016,April,16,13,0,3,2,0.0,0,BB,FRA,Online TA,TA/TO,0,0,0,A,F,1,No Deposit,240.0,0,Transient,84.0,1,0
Resort Hotel,0,54,2016,April,15,9,2,5,2,0.0,0,BB,GBR,Offline TA/TO,TA/TO,0,0,0,D,D,0,No Deposit,95.0,0,Transient,52.2,0,0
Resort Hotel,0,30,2016,April,16,15,0,1,2,0.0,0,BB,GBR,Online TA,TA/TO,0,0,0,E,E,0,No Deposit,241.0,0,Transient,65.45,0,0
Resort Hotel,0,72,2016,April,15,9,2,5,2,0.0,0,BB,IRL,Offline TA/TO,TA/TO,0,0,0,A,C,0,No Deposit,96.0,0,Transient-Party,42.83,0,0
Resort Hotel,0,33,2016,April,15,9,2,5,2,0.0,0,BB,IRL,Offline TA/TO,TA/TO,0,0,0,A,A,1,No Deposit,171.0,0,Transient,36.53,0,0
Resort Hotel,0,228,2017,May,19,13,2,5,2,0.0,0,BB,IRL,Direct,TA/TO,1,0,1,A,A,1,No Deposit,250.0,0,Transient,52.8,0,0
Resort Hotel,0,9,2016,April,15,9,2,5,2,0.0,0,BB,IRL,Offline TA/TO,TA/TO,0,0,0,A,D,0,No Deposit,171.0,0,Transient,41.4,0,0
Resort Hotel,0,72,2016,April,15,9,2,5,2,0.0,0,BB,IRL,Offline TA/TO,TA/TO,0,0,0,A,A,1,No Deposit,96.0,0,Transient-Party,41.4,0,0
Resort Hotel,0,72,2016,April,15,9,2,5,2,0.0,0,BB,IRL,Offline TA/TO,TA/TO,0,0,0,A,C,0,No Deposit,96.0,0,Transient-Party,43.4,0,0
Resort Hotel,0,72,2016,April,15,9,2,5,2,0.0,0,BB,IRL,Offline TA/TO,TA/TO,0,0,0,A,C,0,No Deposit,96.0,0,Transient-Party,41.4,0,0
Resort Hotel,0,72,2016,April,15,9,2,5,2,0.0,0,BB,IRL,Offline TA/TO,TA/TO,0,0,0,A,C,0,No Deposit,96.0,0,Transient-Party,41.4,0,0
Resort Hotel,0,72,2016,April,15,9,2,5,2,0.0,0,BB,IRL,Offline TA/TO,TA/TO,0,0,0,A,A,0,No Deposit,96.0,0,Transient-Party,41.4,0,0
Resort Hotel,0,72,2016,April,15,9,2,5,2,0.0,0,BB,IRL,Offline TA/TO,TA/TO,0,0,0,A,A,1,No Deposit,96.0,0,Transient-Party,41.4,0,0
Resort Hotel,0,90,2016,April,16,10,2,5,2,0.0,0,BB,DEU,Online TA,TA/TO,0,0,0,A,A,0,No Deposit,240.0,0,Transient,52.2,0,0
Resort Hotel,0,87,2016,April,16,10,2,5,2,0.0,0,HB,GBR,Groups,Direct,0,0,0,E,E,2,No Deposit,273.0,0,Transient-Party,80.81,0,0
Resort Hotel,0,52,2016,April,16,10,2,5,2,0.0,0,HB,DEU,Offline TA/TO,TA/TO,0,0,0,A,A,0,No Deposit,177.0,0,Transient,64.8,0,0
Resort Hotel,0,275,2016,April,16,10,2,5,2,0.0,0,HB,GBR,Groups,Direct,0,0,0,D,D,0,No Deposit,273.0,0,Transient-Party,72.45,0,0
Resort Hotel,0,54,2016,April,16,11,1,5,2,0.0,0,BB,GBR,Offline TA/TO,TA/TO,0,0,0,D,D,0,No Deposit,314.0,0,Transient,54.56,0,0
Resort Hotel,0,61,2016,April,16,13,0,4,2,0.0,0,BB,GBR,Online TA,TA/TO,0,0,0,D,D,0,No Deposit,241.0,0,Transient,59.65,0,2
Resort Hotel,0,78,2016,April,16,12,0,5,2,0.0,0,BB,GBR,Online TA,TA/TO,0,0,0,A,A,0,No Deposit,241.0,0,Transient,42.43,0,2
Resort Hotel,0,68,2016,April,16,12,0,5,2,0.0,0,BB,GBR,Online TA,TA/TO,0,0,0,A,A,0,No Deposit,241.0,0,Transient,42.43,0,1
Resort Hotel,0,78,2016,April,16,12,0,5,2,0.0,0,BB,PRT,Online TA,TA/TO,0,0,0,A,A,0,No Deposit,241.0,0,Transient,42.43,0,2
Resort Hotel,0,277,2015,October,41,6,2,5,2,0.0,0,HB,GBR,Groups,Direct,0,0,0,D,E,1,No Deposit,273.0,0,Transient-Party,68.74,0,0
Resort Hotel,0,87,2016,April,16,10,2,5,2,0.0,0,HB,GBR,Groups,Direct,0,0,1,D,D,0,No Deposit,273.0,0,Transient-Party,36.22,0,0
Resort Hotel,0,30,2016,April,17,17,4,5,2,0.0,0,HB,GBR,Groups,Direct,0,0,1,D,D,1,Non Refund,273.0,0,Transient-Party,70.05,0,0
Resort Hotel,0,249,2016,October,42,14,2,5,2,0.0,0,BB,GBR,Groups,Direct,0,0,3,A,E,0,No Deposit,273.0,0,Transient-Party,60.36,0,0
Resort Hotel,0,284,2017,March,12,21,2,5,2,0.0,0,BB,GBR,Groups,Direct,1,0,4,D,D,0,No Deposit,273.0,43,Transient-Party,45.51,0,0
Resort Hotel,0,140,2017,April,16,22,2,5,2,0.0,0,BB,GBR,Groups,TA/TO,1,0,5,A,A,1,No Deposit,273.0,0,Group,0.0,0,1
Resort Hotel,0,129,2016,April,16,16,0,1,2,0.0,0,BB,ESP,Direct,Direct,0,0,0,A,D,0,No Deposit,,0,Transient,55.3,1,0
Resort Hotel,0,12,2016,April,16,13,0,4,2,0.0,0,BB,PRT,Direct,Direct,0,0,0,D,E,0,No Deposit,250.0,0,Transient,75.0,0,0
Resort Hotel,0,16,2016,April,16,16,0,1,2,0.0,0,HB,ESP,Online TA,TA/TO,0,0,0,A,A,1,No Deposit,314.0,0,Transient,84.0,0,0
Resort Hotel,0,24,2016,April,16,13,0,4,2,0.0,0,BB,ESP,Online TA,TA/TO,0,0,0,A,A,0,No Deposit,240.0,0,Transient,71.0,1,1
Resort Hotel,0,1,2016,April,16,14,0,3,2,0.0,0,BB,PRT,Online TA,TA/TO,0,0,0,E,F,0,No Deposit,240.0,0,Transient,101.0,1,1
Resort Hotel,0,3,2016,April,16,16,0,1,2,0.0,0,BB,ESP,Online TA,TA/TO,0,0,0,E,E,0,No Deposit,240.0,0,Transient,95.0,0,1
Resort Hotel,0,13,2016,April,16,16,0,1,2,0.0,0,BB,PRT,Online TA,TA/TO,0,0,0,D,D,0,No Deposit,240.0,0,Transient,75.0,0,1
Resort Hotel,0,37,2016,April,16,16,0,1,2,0.0,0,BB,PRT,Online TA,TA/TO,0,0,0,D,D,0,No Deposit,240.0,0,Transient,75.0,0,1
Resort Hotel,0,7,2016,April,16,14,0,3,2,0.0,0,BB,ESP,Online TA,TA/TO,0,0,0,E,E,0,No Deposit,240.0,0,Transient,91.0,1,1
Resort Hotel,0,66,2016,April,15,9,2,6,2,0.0,0,BB,ROU,Online TA,TA/TO,0,0,0,D,D,0,No Deposit,240.0,0,Transient,73.0,0,1
Resort Hotel,0,18,2016,April,16,15,0,2,2,0.0,0,BB,ESP,Online TA,TA/TO,0,0,0,A,A,0,No Deposit,241.0,0,Transient,56.05,1,1
Resort Hotel,0,23,2016,April,16,15,0,2,2,0.0,0,BB,PRT,Online TA,TA/TO,0,0,0,D,E,0,No Deposit,240.0,0,Transient,75.0,0,1
Resort Hotel,0,153,2016,April,16,14,0,3,2,0.0,0,BB,PRT,Online TA,TA/TO,0,0,0,A,D,0,No Deposit,240.0,0,Transient-Party,52.2,0,2
Resort Hotel,0,7,2016,April,16,11,1,5,2,0.0,0,BB,PRT,Offline TA/TO,TA/TO,0,0,0,E,E,0,No Deposit,171.0,0,Transient,70.0,0,0
Resort Hotel,0,12,2016,April,16,14,1,3,2,0.0,0,BB,GBR,Online TA,TA/TO,0,0,0,D,D,0,No Deposit,241.0,0,Transient,54.86,0,1
Resort Hotel,0,11,2016,April,16,14,1,3,2,0.0,0,BB,PRT,Online TA,TA/TO,0,0,0,D,D,0,No Deposit,241.0,0,Transient,54.86,0,0
Resort Hotel,0,51,2016,April,16,15,1,2,2,0.0,0,FB,GBR,Offline TA/TO,TA/TO,0,0,0,E,E,1,No Deposit,314.0,0,Transient,109.36,0,0
Resort Hotel,0,59,2016,April,16,11,2,5,2,0.0,0,BB,GBR,Online TA,TA/TO,0,0,0,D,D,0,No Deposit,241.0,0,Transient,53.4,0,2
Resort Hotel,0,10,2016,April,16,15,1,2,2,0.0,0,BB,PRT,Online TA,TA/TO,0,0,0,A,A,0,No Deposit,240.0,0,Transient,71.0,1,2
Resort Hotel,0,3,2016,April,16,16,1,1,2,0.0,0,BB,PRT,Direct,Direct,0,0,0,F,F,1,No Deposit,250.0,0,Transient,95.0,0,0
Resort Hotel,0,1,2016,April,17,17,1,0,2,0.0,0,BB,PRT,Online TA,TA/TO,0,0,0,A,D,0,No Deposit,240.0,0,Transient,65.0,0,0
Resort Hotel,0,21,2016,April,16,13,1,4,2,0.0,0,BB,NLD,Offline TA/TO,TA/TO,0,0,0,D,D,0,No Deposit,6.0,0,Transient,53.8,0,0
Resort Hotel,0,24,2016,April,16,14,1,3,2,0.0,0,BB,CHN,Online TA,TA/TO,0,0,0,E,E,0,No Deposit,240.0,0,Transient,85.0,0,2
Resort Hotel,0,74,2016,April,16,12,1,5,2,0.0,0,BB,SWE,Online TA,TA/TO,0,0,0,D,D,0,No Deposit,240.0,0,Transient,73.0,0,1
Resort Hotel,0,0,2016,April,17,17,1,0,2,0.0,0,BB,FRA,Direct,Direct,0,0,0,E,E,0,No Deposit,,0,Transient,91.0,1,0
Resort Hotel,0,0,2016,April,17,17,1,0,2,0.0,0,BB,PRT,Direct,Direct,0,0,0,E,E,0,No Deposit,,0,Transient,85.0,0,0
Resort Hotel,0,12,2016,April,16,11,2,5,2,0.0,0,HB,PRT,Offline TA/TO,TA/TO,0,0,0,D,D,0,No Deposit,177.0,0,Transient,75.6,0,0
Resort Hotel,0,34,2016,April,16,15,1,2,2,0.0,0,BB,GBR,Offline TA/TO,TA/TO,0,0,0,D,E,0,No Deposit,156.0,0,Transient,60.0,0,0
Resort Hotel,0,24,2016,April,16,13,1,4,2,0.0,0,BB,OMN,Online TA,TA/TO,0,0,0,E,E,0,No Deposit,314.0,0,Transient,66.2,0,2
Resort Hotel,0,53,2016,April,16,15,1,2,2,0.0,0,BB,BEL,Online TA,TA/TO,0,0,0,D,E,0,No Deposit,241.0,0,Transient,59.4,1,1
Resort Hotel,0,91,2016,April,16,11,2,5,2,0.0,0,HB,GBR,Offline TA/TO,TA/TO,0,0,0,A,A,0,No Deposit,115.0,0,Transient,64.8,0,1
Resort Hotel,0,12,2016,April,16,12,1,5,2,0.0,0,BB,MAR,Online TA,TA/TO,0,0,0,A,A,0,No Deposit,240.0,0,Transient,65.33,1,1
Resort Hotel,0,88,2016,April,16,12,2,5,2,0.0,0,HB,IRL,Offline TA/TO,TA/TO,0,0,0,A,A,0,No Deposit,171.0,0,Transient,66.23,0,0
Resort Hotel,0,9,2016,April,16,15,2,2,2,0.0,0,BB,GBR,Online TA,TA/TO,0,0,0,E,E,0,No Deposit,241.0,0,Transient,62.18,0,1
Resort Hotel,0,1,2016,April,17,18,1,0,2,0.0,0,BB,PRT,Online TA,TA/TO,0,0,0,D,D,0,No Deposit,240.0,0,Transient-Party,80.0,0,1
Resort Hotel,0,1,2016,April,17,18,1,0,2,0.0,0,BB,CHN,Online TA,TA/TO,0,0,0,D,D,0,No Deposit,240.0,0,Transient-Party,80.0,0,1
Resort Hotel,0,46,2016,April,17,17,2,0,2,0.0,0,BB,GBR,Online TA,TA/TO,0,0,0,D,D,0,No Deposit,240.0,0,Transient,73.0,0,0
Resort Hotel,0,82,2016,April,16,13,2,4,2,0.0,0,HB,GBR,Direct,Direct,0,0,0,A,A,0,No Deposit,250.0,0,Transient,79.3,0,0
Resort Hotel,0,8,2016,April,16,14,2,3,2,0.0,0,BB,IRL,Online TA,TA/TO,0,0,0,A,A,0,No Deposit,240.0,0,Transient,65.0,0,0
Resort Hotel,0,18,2016,April,16,13,2,4,2,0.0,0,HB,GBR,Offline TA/TO,TA/TO,0,0,0,A,A,0,No Deposit,6.0,0,Transient,64.8,0,0
Resort Hotel,0,4,2016,April,17,18,1,0,2,0.0,0,BB,PRT,Direct,Direct,0,0,0,D,D,0,No Deposit,,0,Transient,65.0,0,0
Resort Hotel,0,4,2017,February,9,27,1,0,2,0.0,0,BB,PRT,Direct,Corporate,1,0,6,A,D,0,No Deposit,,0,Transient,54.0,0,1
Resort Hotel,0,86,2016,April,16,13,2,5,2,0.0,0,HB,FRA,Online TA,TA/TO,0,0,0,A,A,0,No Deposit,240.0,0,Transient,94.0,1,1
Resort Hotel,0,31,2016,April,17,18,1,1,2,0.0,0,BB,GBR,Groups,Corporate,0,0,0,E,E,0,No Deposit,,0,Transient,91.0,0,0
Resort Hotel,0,0,2016,April,17,20,0,2,2,0.0,0,BB,GBR,Direct,Corporate,1,0,0,E,E,0,No Deposit,,0,Transient,91.0,1,0
Resort Hotel,0,31,2016,April,17,18,1,1,2,0.0,0,BB,FRA,Groups,Corporate,0,0,0,E,E,0,No Deposit,,0,Transient,91.0,1,0
Resort Hotel,0,31,2016,April,17,18,1,1,2,0.0,0,BB,PRT,Groups,Corporate,0,0,0,D,D,0,No Deposit,,0,Transient-Party,75.0,0,0
Resort Hotel,0,31,2016,April,17,18,1,1,2,0.0,0,BB,GBR,Groups,Corporate,0,0,0,E,E,0,No Deposit,,0,Transient,85.0,1,0
Resort Hotel,0,31,2016,April,17,18,1,1,2,0.0,0,BB,GBR,Groups,Corporate,0,0,0,D,D,0,No Deposit,,0,Transient-Party,75.0,0,0
Resort Hotel,0,31,2016,April,17,18,1,1,2,0.0,0,BB,AUS,Groups,Corporate,0,0,0,E,E,0,No Deposit,,0,Transient-Party,85.0,0,0
Resort Hotel,0,31,2016,April,17,18,1,1,2,0.0,0,BB,GBR,Groups,Corporate,0,0,0,D,D,0,No Deposit,,0,Transient,75.0,0,0
Resort Hotel,0,32,2016,April,17,19,0,1,2,0.0,0,BB,PRT,Corporate,Corporate,0,0,0,A,G,0,No Deposit,,0,Transient-Party,59.0,0,1
Resort Hotel,0,32,2016,April,17,19,0,1,2,0.0,0,BB,PRT,Corporate,Corporate,0,0,0,A,G,0,No Deposit,,0,Transient-Party,59.0,0,1
Resort Hotel,0,32,2016,April,17,19,0,1,2,0.0,0,BB,PRT,Corporate,Corporate,0,0,0,A,G,0,No Deposit,,0,Transient-Party,59.0,0,1
Resort Hotel,0,32,2016,April,17,19,0,1,2,0.0,0,BB,PRT,Corporate,Corporate,0,0,0,A,F,0,No Deposit,,0,Transient-Party,59.0,0,1
Resort Hotel,0,32,2016,April,17,19,0,1,2,0.0,0,BB,PRT,Corporate,Corporate,0,0,0,A,G,0,No Deposit,,0,Transient-Party,59.0,0,1
Resort Hotel,0,1,2016,April,17,19,0,1,2,0.0,0,BB,CN,Offline TA/TO,TA/TO,0,0,0,E,E,0,No Deposit,171.0,0,Transient,70.0,0,0
Resort Hotel,0,32,2016,April,17,19,0,1,2,0.0,0,BB,PRT,Corporate,Corporate,0,0,0,A,F,0,No Deposit,,0,Transient,59.0,0,1
Resort Hotel,0,31,2016,April,17,18,1,1,2,0.0,0,BB,GBR,Groups,Corporate,0,0,0,D,D,0,No Deposit,,0,Transient-Party,81.0,1,0
Resort Hotel,0,0,2016,April,17,19,0,1,2,0.0,0,BB,IRL,Online TA,TA/TO,0,0,0,A,G,0,No Deposit,240.0,0,Transient,77.0,0,0
Resort Hotel,0,24,2016,April,17,17,2,1,2,0.0,0,BB,FRA,Online TA,TA/TO,0,0,0,D,D,0,No Deposit,240.0,0,Transient,81.0,1,1
Resort Hotel,0,55,2016,April,16,14,2,4,2,0.0,0,BB,PRT,Offline TA/TO,TA/TO,0,0,0,A,E,1,No Deposit,177.0,0,Transient,61.4,0,1
Resort Hotel,0,31,2016,April,17,18,1,1,2,0.0,0,BB,RUS,Groups,Corporate,0,0,0,E,E,0,No Deposit,,0,Transient-Party,91.0,0,0
Resort Hotel,0,31,2016,April,17,18,1,1,2,0.0,0,BB,GBR,Groups,Corporate,0,0,0,D,D,0,No Deposit,,0,Transient-Party,75.0,0,0
Resort Hotel,0,31,2016,April,17,18,1,1,2,0.0,0,BB,GBR,Groups,Corporate,0,0,0,D,D,0,No Deposit,,0,Transient-Party,75.0,0,0
Resort Hotel,0,89,2016,April,15,9,4,8,2,0.0,0,BB,CHE,Online TA,TA/TO,0,0,0,A,A,0,No Deposit,240.0,0,Transient,68.0,0,1
Resort Hotel,0,91,2016,April,16,14,2,5,2,0.0,0,HB,PRT,Offline TA/TO,TA/TO,0,0,0,E,E,0,No Deposit,40.0,0,Contract,84.95,0,0
Resort Hotel,0,29,2016,April,16,14,2,5,2,0.0,0,HB,PRT,Offline TA/TO,TA/TO,0,0,0,D,D,0,No Deposit,40.0,0,Contract,77.5,0,0
Resort Hotel,0,9,2016,April,17,20,0,1,2,0.0,0,BB,PRT,Online TA,TA/TO,0,0,0,A,A,1,No Deposit,240.0,0,Transient,77.0,1,0
Resort Hotel,0,0,2016,April,17,18,1,2,2,0.0,0,BB,ARG,Direct,Direct,0,0,0,E,E,0,No Deposit,,0,Transient,77.0,1,0
Resort Hotel,0,80,2016,April,16,14,2,5,2,0.0,0,BB,PRT,Offline TA/TO,TA/TO,0,0,0,D,D,0,No Deposit,40.0,0,Contract,48.75,0,0
Resort Hotel,0,35,2016,April,17,20,0,1,2,0.0,0,BB,DEU,Offline TA/TO,TA/TO,0,0,0,D,D,0,No Deposit,251.0,0,Transient,59.0,0,0
Resort Hotel,0,91,2016,April,17,20,0,1,2,0.0,0,BB,DEU,Offline TA/TO,TA/TO,0,0,0,D,D,0,No Deposit,251.0,0,Transient-Party,59.0,0,1
Resort Hotel,0,91,2016,April,17,20,0,1,2,0.0,0,BB,DEU,Offline TA/TO,TA/TO,0,0,0,D,D,0,No Deposit,251.0,0,Transient-Party,59.0,0,1
Resort Hotel,0,86,2016,April,17,20,0,1,2,0.0,0,BB,DEU,Offline TA/TO,TA/TO,0,0,0,D,D,0,No Deposit,251.0,0,Transient-Party,59.0,0,1
Resort Hotel,0,86,2016,April,17,20,0,1,2,0.0,0,BB,DEU,Offline TA/TO,TA/TO,0,0,0,D,D,0,No Deposit,251.0,0,Transient-Party,59.0,0,1
Resort Hotel,0,137,2016,April,17,19,0,2,2,0.0,0,BB,ESP,Online TA,TA/TO,0,0,0,A,A,0,No Deposit,240.0,0,Transient,52.5,0,1
Resort Hotel,0,93,2016,April,16,16,2,3,2,0.0,0,HB,HRV,Direct,Direct,0,0,0,A,D,2,No Deposit,250.0,0,Transient,79.3,0,1
Resort Hotel,0,86,2016,April,16,11,3,7,2,0.0,0,BB,GBR,Offline TA/TO,TA/TO,0,0,0,D,D,0,No Deposit,171.0,0,Transient,54.2,0,0
Resort Hotel,0,55,2016,April,17,17,2,2,2,0.0,0,BB,IRL,Online TA,TA/TO,0,0,0,A,A,0,No Deposit,242.0,0,Transient,58.0,0,1
Resort Hotel,0,82,2016,April,16,16,2,3,2,0.0,0,BB,GBR,Offline TA/TO,TA/TO,0,0,0,A,E,1,No Deposit,314.0,0,Transient-Party,51.76,0,1
Resort Hotel,0,82,2016,April,16,16,2,3,2,0.0,0,BB,GBR,Offline TA/TO,TA/TO,0,0,0,A,E,1,No Deposit,314.0,0,Transient-Party,51.76,0,1
Resort Hotel,0,0,2016,April,17,20,0,1,2,0.0,0,BB,PRT,Online TA,TA/TO,0,0,0,A,A,0,No Deposit,240.0,0,Transient,74.0,0,0
Resort Hotel,0,93,2016,April,17,22,1,2,2,0.0,0,BB,PRT,Online TA,TA/TO,0,0,0,A,A,0,No Deposit,240.0,0,Transient,58.0,0,1
Resort Hotel,0,46,2016,April,16,15,2,5,2,0.0,0,BB,BEL,Direct,Direct,0,0,0,D,D,1,No Deposit,250.0,0,Transient,68.0,0,0
Resort Hotel,0,114,2016,April,16,10,4,8,2,0.0,0,BB,PRT,Direct,Direct,0,0,0,A,A,0,No Deposit,250.0,0,Transient,48.18,0,0
Resort Hotel,0,88,2016,April,16,15,2,5,2,0.0,0,BB,FIN,Offline TA/TO,TA/TO,0,0,0,D,F,0,No Deposit,314.0,0,Transient,69.7,0,1
Resort Hotel,0,88,2016,April,16,15,2,5,2,0.0,0,BB,FIN,Offline TA/TO,TA/TO,0,0,0,D,F,0,No Deposit,314.0,0,Transient,69.7,1,1
Resort Hotel,0,28,2016,April,17,18,1,3,2,0.0,0,HB,PRT,Offline TA/TO,TA/TO,0,0,0,D,D,0,No Deposit,95.0,0,Transient,86.0,0,0
Resort Hotel,0,0,2016,April,17,21,0,1,2,0.0,0,BB,PRT,Direct,Direct,0,0,0,A,A,0,No Deposit,,0,Transient,74.0,0,0
Resort Hotel,0,0,2016,April,17,21,0,1,2,0.0,0,BB,DEU,Online TA,TA/TO,0,0,0,A,A,0,No Deposit,240.0,0,Transient,74.0,1,1
Resort Hotel,0,0,2016,April,17,21,0,1,2,0.0,0,BB,ESP,Online TA,TA/TO,0,0,0,A,A,0,No Deposit,240.0,0,Transient,74.0,0,0
Resort Hotel,0,4,2016,April,17,20,0,2,2,0.0,0,BB,FRA,Direct,Direct,0,0,0,D,D,1,No Deposit,,0,Transient,79.0,1,0
Resort Hotel,0,64,2016,April,17,22,0,1,2,0.0,0,BB,FRA,Online TA,TA/TO,0,0,0,D,D,1,No Deposit,240.0,0,Transient,79.0,1,0
Resort Hotel,0,56,2016,April,16,15,2,5,2,0.0,0,HB,NLD,Offline TA/TO,TA/TO,0,0,0,E,E,0,No Deposit,71.0,0,Contract,59.5,0,0
Resort Hotel,0,89,2016,April,16,16,2,4,2,0.0,0,Undefined,ROU,Offline TA/TO,TA/TO,0,0,0,A,A,0,No Deposit,314.0,0,Transient,71.76,0,0
Resort Hotel,0,162,2016,April,17,19,0,3,2,0.0,0,HB,POL,Offline TA/TO,TA/TO,0,0,0,D,D,0,No Deposit,314.0,0,Transient,78.56,1,0
Resort Hotel,0,54,2016,April,17,17,2,3,2,0.0,0,BB,IRL,Offline TA/TO,TA/TO,0,0,0,A,A,1,No Deposit,8.0,0,Transient,44.3,0,0
Resort Hotel,0,54,2016,April,16,16,2,4,2,0.0,0,BB,GBR,Offline TA/TO,TA/TO,0,0,0,E,E,1,No Deposit,314.0,0,Transient,63.36,0,0
Resort Hotel,0,18,2016,April,15,9,4,9,2,0.0,0,BB,DEU,Offline TA/TO,TA/TO,0,0,0,D,D,0,No Deposit,95.0,0,Transient,52.2,0,0
Resort Hotel,0,55,2016,April,17,17,2,3,2,0.0,0,BB,IRL,Offline TA/TO,TA/TO,0,0,0,A,A,0,No Deposit,177.0,0,Transient,43.4,0,0
Resort Hotel,0,39,2016,April,17,18,1,4,2,0.0,0,BB,GBR,Online TA,TA/TO,0,0,0,D,F,0,No Deposit,314.0,0,Transient,82.0,0,0
Resort Hotel,0,128,2016,April,17,20,0,3,2,0.0,0,HB,FRA,Offline TA/TO,TA/TO,0,0,0,E,E,0,No Deposit,248.0,0,Transient-Party,114.0,1,1
Resort Hotel,0,128,2016,April,17,20,0,3,2,0.0,0,HB,FRA,Offline TA/TO,TA/TO,0,0,0,E,E,0,No Deposit,248.0,0,Transient-Party,108.0,0,1
Resort Hotel,0,94,2016,April,15,9,4,10,2,0.0,0,HB,GBR,Offline TA/TO,TA/TO,0,0,0,E,E,0,No Deposit,40.0,0,Contract,86.95,0,1
Resort Hotel,0,96,2016,April,16,16,2,5,2,0.0,0,BB,FIN,Online TA,TA/TO,0,0,0,A,A,0,No Deposit,242.0,0,Transient,52.2,0,0
Resort Hotel,0,33,2016,April,17,18,1,4,2,0.0,0,BB,CN,Online TA,TA/TO,0,0,0,D,E,0,No Deposit,241.0,0,Transient,63.75,0,0
Resort Hotel,0,51,2016,April,17,20,0,3,2,0.0,0,BB,ROU,Online TA,TA/TO,0,0,0,D,D,0,No Deposit,240.0,0,Transient,75.33,0,1
Resort Hotel,0,53,2016,April,16,13,2,8,2,0.0,0,BB,PRT,Offline TA/TO,TA/TO,0,0,0,D,D,0,No Deposit,314.0,0,Transient,52.56,0,0
Resort Hotel,0,0,2016,April,17,22,0,1,2,0.0,0,BB,PRT,Direct,Direct,0,0,0,D,D,0,No Deposit,,0,Transient,80.0,0,0
Resort Hotel,0,155,2016,April,17,17,2,4,2,0.0,0,BB,FIN,Online TA,TA/TO,0,0,0,D,D,2,No Deposit,241.0,0,Transient,50.59,0,0
Resort Hotel,0,140,2016,April,16,16,2,5,2,0.0,0,BB,IRL,Online TA,TA/TO,0,0,0,A,A,0,No Deposit,240.0,0,Transient,59.91,1,1
Resort Hotel,0,43,2016,April,17,17,2,4,2,0.0,0,HB,IND,Online TA,TA/TO,0,0,0,E,E,0,No Deposit,241.0,0,Transient,97.79,0,1
Resort Hotel,0,40,2016,April,17,19,0,4,2,0.0,0,BB,IRL,Offline TA/TO,TA/TO,0,0,0,D,E,0,No Deposit,8.0,0,Transient,60.06,0,0
Resort Hotel,0,31,2016,April,16,16,2,5,2,0.0,0,BB,GBR,Offline TA/TO,TA/TO,0,0,0,A,A,0,No Deposit,6.0,0,Transient,41.4,0,0
Resort Hotel,0,1,2016,April,17,21,0,2,2,0.0,0,BB,ESP,Online TA,TA/TO,0,0,0,D,D,0,No Deposit,240.0,0,Transient,90.5,1,1
Resort Hotel,0,1,2016,April,17,22,0,1,2,0.0,0,BB,PRT,Online TA,TA/TO,0,0,0,E,E,0,No Deposit,5.0,0,Transient,68.0,0,0
Resort Hotel,0,0,2016,April,17,22,0,1,2,0.0,0,BB,PRT,Direct,Direct,0,0,0,A,D,0,No Deposit,,0,Transient,80.0,0,0
Resort Hotel,0,12,2016,April,17,19,0,4,2,0.0,0,BB,POL,Online TA,TA/TO,0,0,0,D,D,0,No Deposit,240.0,0,Transient,75.0,0,0
Resort Hotel,0,37,2016,April,17,19,0,4,2,0.0,0,BB,GBR,Direct,Direct,0,0,0,F,F,0,No Deposit,250.0,0,Transient,83.0,0,0
Resort Hotel,0,139,2016,April,16,13,2,8,2,0.0,0,HB,ESP,Online TA,TA/TO,0,0,0,A,A,1,No Deposit,240.0,0,Transient,88.0,0,0
Resort Hotel,0,0,2016,April,17,22,0,1,2,0.0,0,BB,GBR,Online TA,TA/TO,0,0,0,D,D,0,No Deposit,240.0,0,Transient,80.0,0,1
Resort Hotel,0,31,2016,April,17,18,1,4,2,0.0,0,BB,ROU,Online TA,TA/TO,0,0,0,D,D,0,No Deposit,240.0,0,Transient,75.0,0,1
Resort Hotel,0,42,2016,April,17,21,0,2,2,0.0,0,BB,DEU,Online TA,TA/TO,0,0,0,E,E,0,No Deposit,241.0,0,Transient,71.45,1,1
Resort Hotel,0,0,2016,April,17,22,0,1,2,0.0,0,BB,ESP,Direct,Direct,0,0,0,A,F,0,No Deposit,,0,Transient,95.0,0,0
Resort Hotel,0,70,2016,April,17,22,0,2,2,0.0,0,BB,GBR,Direct,Direct,0,0,0,D,D,1,No Deposit,250.0,0,Transient,61.2,0,0
Resort Hotel,0,36,2016,April,17,18,1,5,2,0.0,0,BB,IRL,Direct,Direct,0,0,0,E,E,0,No Deposit,250.0,0,Transient,74.0,0,1
Resort Hotel,0,78,2017,April,17,23,2,3,2,0.0,0,BB,IRL,Direct,Direct,1,0,1,F,F,0,No Deposit,250.0,0,Transient,112.0,0,1
Resort Hotel,0,78,2016,April,16,14,2,8,2,0.0,0,HB,PRT,Offline TA/TO,TA/TO,0,0,0,A,A,0,No Deposit,40.0,0,Contract,65.4,0,0
Resort Hotel,0,43,2016,April,17,21,0,3,2,0.0,0,BB,MEX,Online TA,TA/TO,0,0,0,E,E,0,No Deposit,241.0,0,Transient,69.49,0,1
Resort Hotel,0,132,2016,April,17,17,2,5,2,0.0,0,HB,GBR,Offline TA/TO,TA/TO,0,0,0,E,E,0,No Deposit,40.0,0,Contract,86.95,0,0
Resort Hotel,0,2,2016,April,17,22,0,2,2,0.0,0,HB,PRT,Online TA,TA/TO,0,0,0,D,D,0,No Deposit,240.0,0,Transient,123.0,1,1
Resort Hotel,0,3,2016,April,17,22,0,2,2,0.0,0,BB,FRA,Direct,Direct,0,0,0,F,F,2,No Deposit,250.0,0,Transient-Party,138.0,0,0
Resort Hotel,0,0,2016,April,17,22,0,2,2,0.0,0,BB,PRT,Direct,Direct,0,0,0,D,D,0,No Deposit,,0,Transient,85.0,0,0
Resort Hotel,0,152,2016,April,17,20,0,4,2,0.0,0,BB,IRL,Groups,Direct,0,0,0,A,C,1,No Deposit,,0,Transient,49.0,0,1
Resort Hotel,0,152,2016,April,17,20,0,4,2,0.0,0,BB,IRL,Groups,Direct,0,0,0,A,C,0,No Deposit,,0,Transient-Party,50.5,0,1
Resort Hotel,0,14,2016,April,17,22,0,2,2,0.0,0,BB,GBR,Online TA,TA/TO,0,0,0,D,D,0,No Deposit,240.0,0,Transient-Party,80.0,0,1
Resort Hotel,0,14,2016,April,17,22,0,2,2,0.0,0,BB,GBR,Online TA,TA/TO,0,0,0,D,D,0,No Deposit,240.0,0,Transient-Party,80.0,0,1
Resort Hotel,0,1,2016,April,17,23,0,1,2,0.0,0,BB,NOR,Online TA,TA/TO,0,0,0,A,B,0,No Deposit,240.0,0,Transient,93.0,1,0
Resort Hotel,0,34,2016,April,17,20,0,4,2,0.0,0,BB,CN,Online TA,TA/TO,0,0,0,G,G,0,No Deposit,241.0,0,Transient,102.25,1,2
Resort Hotel,0,2,2016,April,17,22,0,2,2,0.0,0,BB,LVA,Online TA,TA/TO,0,0,0,D,D,0,No Deposit,240.0,0,Transient,85.0,0,0
Resort Hotel,0,152,2016,April,17,20,0,4,2,0.0,0,BB,IRL,Groups,Direct,0,0,0,A,C,0,No Deposit,,0,Transient-Party,51.0,0,1
Resort Hotel,0,152,2016,April,17,20,0,4,2,0.0,0,BB,IRL,Groups,Direct,0,0,0,A,C,0,No Deposit,,0,Transient-Party,49.0,0,1
Resort Hotel,0,1,2016,April,17,23,0,1,2,0.0,0,BB,ESP,Online TA,TA/TO,0,0,0,A,D,0,No Deposit,240.0,0,Transient,87.0,0,0
Resort Hotel,0,152,2016,April,17,20,0,4,2,0.0,0,BB,IRL,Groups,Direct,0,0,0,A,C,0,No Deposit,,0,Transient-Party,49.0,0,1
Resort Hotel,0,152,2016,April,17,20,0,4,2,0.0,0,BB,IRL,Groups,Direct,0,0,0,A,C,1,No Deposit,,0,Transient-Party,49.0,0,1
Resort Hotel,0,3,2016,April,17,23,0,1,2,0.0,0,BB,PRT,Offline TA/TO,TA/TO,0,0,0,A,A,0,No Deposit,330.0,0,Transient-Party,68.85,0,0
Resort Hotel,0,3,2016,April,17,23,0,1,2,0.0,0,BB,PRT,Offline TA/TO,TA/TO,0,0,0,A,A,0,No Deposit,330.0,0,Transient-Party,68.85,0,0
Resort Hotel,0,2,2016,April,17,22,0,2,2,0.0,0,BB,PRT,Direct,Direct,0,0,0,D,D,0,No Deposit,250.0,0,Transient,91.0,1,0
Resort Hotel,0,0,2016,April,18,24,1,0,2,0.0,0,BB,PRT,Direct,Direct,1,0,0,C,C,0,No Deposit,,0,Group,85.0,1,0
Resort Hotel,0,79,2016,April,17,22,1,2,2,0.0,0,BB,USA,Direct,Direct,0,0,0,G,G,0,No Deposit,250.0,0,Transient,117.0,0,0
Resort Hotel,0,79,2016,April,17,22,1,2,2,0.0,0,BB,USA,Direct,Direct,0,0,0,F,F,0,No Deposit,250.0,0,Transient,102.0,1,0
Resort Hotel,0,80,2016,April,17,18,2,5,2,0.0,0,HB,IRL,Offline TA/TO,TA/TO,0,0,0,D,D,0,No Deposit,171.0,0,Transient,78.2,0,1
Resort Hotel,0,106,2016,April,18,24,1,0,2,0.0,0,BB,ISR,Online TA,TA/TO,0,0,0,A,A,1,No Deposit,240.0,0,Transient,52.2,0,2
Resort Hotel,0,109,2016,April,17,23,1,1,2,0.0,0,BB,FRA,Direct,Direct,0,0,0,D,D,0,No Deposit,250.0,0,Transient,62.05,0,0
Resort Hotel,0,92,2016,April,17,22,1,2,2,0.0,0,HB,PRT,Offline TA/TO,TA/TO,0,0,0,A,C,1,No Deposit,6.0,0,Transient,65.6,0,1
Resort Hotel,0,39,2016,April,18,24,1,0,2,0.0,0,BB,PRT,Online TA,TA/TO,0,0,0,A,A,0,No Deposit,240.0,0,Transient,65.0,1,1
Resort Hotel,0,10,2016,April,17,23,1,1,2,0.0,0,BB,ESP,Online TA,TA/TO,0,0,0,E,E,0,No Deposit,240.0,0,Transient,95.0,1,1
Resort Hotel,0,8,2016,April,17,22,1,2,2,0.0,0,BB,PRT,Online TA,TA/TO,0,0,0,D,D,0,No Deposit,240.0,0,Transient,86.67,0,1
Resort Hotel,0,105,2016,April,17,22,1,2,2,0.0,0,BB,PRT,Online TA,TA/TO,0,0,0,A,A,0,No Deposit,240.0,0,Transient,52.2,0,1
Resort Hotel,0,40,2016,April,17,22,1,2,2,0.0,0,BB,PRT,Online TA,TA/TO,0,0,0,E,E,0,No Deposit,240.0,0,Transient,91.0,1,0
Resort Hotel,0,70,2016,April,17,20,1,4,2,0.0,0,BB,DEU,Online TA,TA/TO,0,0,0,D,D,0,No Deposit,240.0,0,Transient,73.0,0,1
Resort Hotel,0,21,2016,April,17,23,1,1,2,0.0,0,HB,PRT,Direct,Direct,0,0,0,F,F,0,No Deposit,250.0,0,Transient,130.5,1,0
Resort Hotel,0,35,2016,April,17,23,1,1,2,0.0,0,BB,PRT,Direct,Direct,0,0,0,E,E,1,No Deposit,250.0,0,Transient,97.0,1,1
Resort Hotel,0,44,2016,April,17,23,1,1,2,0.0,0,BB,PRT,Direct,Direct,0,0,0,E,E,0,No Deposit,250.0,0,Transient,80.0,0,0
Resort Hotel,0,42,2016,April,17,23,1,1,2,0.0,0,BB,PRT,Direct,Direct,0,0,0,E,E,0,No Deposit,250.0,0,Transient,78.0,1,0
Resort Hotel,0,183,2016,July,31,24,2,4,2,0.0,0,BB,PRT,Direct,Direct,0,0,1,F,F,1,No Deposit,250.0,0,Transient,153.0,0,0
Resort Hotel,0,182,2017,July,30,23,2,4,2,0.0,0,BB,PRT,Direct,Direct,1,0,2,D,D,0,No Deposit,250.0,0,Transient,140.94,0,1
Resort Hotel,0,37,2016,April,17,22,1,2,2,0.0,0,BB,PRT,Online TA,TA/TO,0,0,0,E,E,0,No Deposit,240.0,0,Transient,85.0,0,1
Resort Hotel,0,92,2016,April,17,21,1,3,2,0.0,0,BB,GBR,Direct,Direct,0,0,0,E,E,0,No Deposit,250.0,0,Transient,74.8,0,0
Resort Hotel,0,23,2016,April,17,23,1,1,2,0.0,0,BB,PRT,Online TA,TA/TO,0,0,0,D,D,0,No Deposit,240.0,0,Transient,81.0,1,1
Resort Hotel,0,21,2016,April,17,22,1,2,2,0.0,0,BB,GBR,Online TA,TA/TO,0,0,0,F,F,0,No Deposit,241.0,0,Transient,74.37,0,1
Resort Hotel,0,19,2016,April,17,21,1,3,2,0.0,0,BB,PRT,Online TA,TA/TO,0,0,0,D,D,0,No Deposit,240.0,0,Transient,86.0,1,1
Resort Hotel,0,27,2016,April,17,22,1,2,2,0.0,0,BB,PRT,Online TA,TA/TO,0,0,0,E,E,0,No Deposit,240.0,0,Transient,85.0,0,1
Resort Hotel,0,0,2016,April,18,24,1,0,2,0.0,0,BB,PRT,Direct,Direct,0,0,0,C,C,0,No Deposit,,0,Transient,116.0,1,0
Resort Hotel,0,49,2016,April,17,23,1,1,2,0.0,0,BB,PRT,Online TA,TA/TO,0,0,0,D,D,0,No Deposit,240.0,0,Transient,80.0,0,2
Resort Hotel,0,39,2016,April,17,22,1,2,2,0.0,0,BB,PRT,Online TA,TA/TO,0,0,0,E,E,0,No Deposit,240.0,0,Transient,85.0,0,1
Resort Hotel,0,39,2016,April,17,22,1,2,2,0.0,0,BB,PRT,Online TA,TA/TO,0,0,0,E,E,0,No Deposit,240.0,0,Transient,85.0,0,1
Resort Hotel,0,1,2016,April,18,24,1,0,2,0.0,0,BB,FRA,Direct,Direct,0,0,0,A,B,0,No Deposit,,0,Transient,96.5,1,0
Resort Hotel,0,2,2016,April,18,25,1,2,2,0.0,0,BB,FRA,Direct,Direct,0,0,0,E,E,0,No Deposit,,0,Transient,87.0,1,0
Resort Hotel,0,1,2017,May,18,1,1,2,2,0.0,0,BB,FRA,Direct,Direct,1,0,2,F,F,0,No Deposit,,0,Transient,127.0,1,0
Resort Hotel,0,85,2016,April,17,21,1,3,2,0.0,0,BB,FRA,Online TA,TA/TO,0,0,0,D,D,0,No Deposit,240.0,0,Transient,76.0,0,2
Resort Hotel,0,85,2016,April,17,21,1,3,2,0.0,0,BB,FRA,Online TA,TA/TO,0,0,0,D,D,0,No Deposit,240.0,0,Transient,76.0,0,2
Resort Hotel,0,85,2016,April,17,21,1,3,2,0.0,0,BB,FRA,Online TA,TA/TO,0,0,0,D,D,0,No Deposit,240.0,0,Transient,76.0,0,2
Resort Hotel,0,4,2016,April,17,23,1,1,2,0.0,0,BB,PRT,Online TA,TA/TO,0,0,0,E,E,0,No Deposit,240.0,0,Transient,95.0,0,1
Resort Hotel,0,28,2016,April,18,24,1,0,2,0.0,0,BB,PRT,Online TA,TA/TO,0,0,0,A,A,0,No Deposit,240.0,0,Transient,65.0,0,1
Resort Hotel,0,14,2016,April,17,23,1,1,2,0.0,0,BB,PRT,Direct,Direct,0,0,0,F,F,0,No Deposit,250.0,0,Transient,105.0,0,0
Resort Hotel,0,9,2016,April,17,23,1,1,2,0.0,0,BB,PRT,Direct,Direct,0,0,0,F,F,0,No Deposit,,0,Transient-Party,100.5,1,1
Resort Hotel,0,9,2016,April,17,23,1,1,2,0.0,0,BB,PRT,Direct,Direct,0,0,0,F,F,0,No Deposit,,0,Transient-Party,100.5,1,1
Resort Hotel,0,13,2016,April,18,25,2,5,2,0.0,0,BB,NLD,Corporate,Corporate,0,0,0,D,D,0,No Deposit,,0,Transient,85.0,1,0
Resort Hotel,0,98,2016,April,17,20,2,4,2,0.0,0,BB,GBR,Online TA,TA/TO,0,0,0,A,F,0,No Deposit,242.0,0,Transient,82.2,0,1
Resort Hotel,0,32,2016,April,17,19,2,5,2,0.0,0,HB,GBR,Groups,Direct,0,0,0,E,E,0,No Deposit,273.0,0,Transient-Party,82.24,0,0
Resort Hotel,0,32,2016,April,17,19,2,5,2,0.0,0,HB,GBR,Groups,Direct,0,0,0,E,E,0,No Deposit,273.0,0,Transient-Party,80.81,0,0
Resort Hotel,0,32,2016,April,17,19,2,5,2,0.0,0,HB,GBR,Groups,Direct,0,0,0,E,E,0,No Deposit,273.0,0,Transient-Party,80.81,0,0
Resort Hotel,0,32,2016,April,17,19,2,5,2,0.0,0,HB,GBR,Groups,Direct,0,0,0,D,D,0,No Deposit,273.0,0,Transient-Party,38.22,0,0
Resort Hotel,0,32,2016,April,17,19,2,5,2,0.0,0,HB,GBR,Groups,Direct,0,0,0,D,D,0,No Deposit,273.0,0,Transient-Party,69.36,0,0
Resort Hotel,0,32,2016,April,17,19,2,5,2,0.0,0,HB,GBR,Groups,Direct,0,0,0,D,D,0,No Deposit,273.0,0,Transient-Party,69.36,0,0
Resort Hotel,0,32,2016,April,17,19,2,5,2,0.0,0,HB,GBR,Groups,Direct,0,0,0,E,E,0,No Deposit,273.0,0,Transient-Party,80.81,0,0
Resort Hotel,0,32,2016,April,17,19,2,5,2,0.0,0,HB,GBR,Groups,Direct,0,0,0,D,D,0,No Deposit,273.0,0,Transient-Party,69.36,0,0
Resort Hotel,0,39,2016,April,18,24,2,0,2,0.0,0,BB,NLD,Online TA,TA/TO,0,0,0,A,A,1,No Deposit,240.0,0,Transient,68.5,1,1
Resort Hotel,0,0,2016,April,18,26,0,0,2,0.0,0,HB,PRT,Offline TA/TO,TA/TO,1,0,0,E,I,0,No Deposit,177.0,0,Transient,0.0,0,0
Resort Hotel,0,160,2016,April,17,18,3,5,2,0.0,0,HB,GBR,Offline TA/TO,TA/TO,0,0,0,A,A,1,No Deposit,115.0,0,Transient,66.8,0,1
Resort Hotel,0,41,2016,April,17,23,2,1,2,0.0,0,BB,PRT,Online TA,TA/TO,0,0,0,D,D,0,No Deposit,240.0,0,Transient,74.67,1,1
Resort Hotel,0,15,2016,April,17,23,2,1,2,0.0,0,BB,BRA,Online TA,TA/TO,0,0,0,E,E,1,No Deposit,240.0,0,Transient,93.67,0,1
Resort Hotel,0,172,2016,April,17,18,3,5,2,0.0,0,HB,GBR,Offline TA/TO,TA/TO,0,0,0,A,A,0,No Deposit,147.0,0,Transient-Party,66.42,0,1
Resort Hotel,0,90,2016,April,17,19,2,5,2,0.0,0,HB,GBR,Offline TA/TO,TA/TO,0,0,0,A,A,0,No Deposit,26.0,0,Transient,62.05,0,0
Resort Hotel,0,172,2016,April,17,18,3,5,2,0.0,0,HB,GBR,Offline TA/TO,TA/TO,0,0,0,A,A,1,No Deposit,115.0,0,Transient,64.8,0,1
Resort Hotel,0,172,2016,April,17,18,3,5,2,0.0,0,HB,GBR,Offline TA/TO,TA/TO,0,0,0,A,A,0,No Deposit,147.0,0,Transient-Party,66.42,0,1
Resort Hotel,0,172,2016,April,17,18,3,5,2,0.0,0,HB,GBR,Offline TA/TO,TA/TO,0,0,0,A,A,0,No Deposit,115.0,0,Transient,64.8,0,1
Resort Hotel,0,172,2016,April,17,18,3,5,2,0.0,0,HB,GBR,Offline TA/TO,TA/TO,0,0,0,A,A,0,No Deposit,147.0,0,Transient-Party,68.42,0,1
Resort Hotel,0,190,2016,April,17,19,2,5,2,0.0,0,HB,GBR,Offline TA/TO,TA/TO,0,0,0,D,D,0,No Deposit,115.0,0,Transient,75.6,0,0
Resort Hotel,0,172,2016,April,17,18,3,5,2,0.0,0,HB,GBR,Offline TA/TO,TA/TO,0,0,0,A,A,0,No Deposit,115.0,0,Transient,66.8,0,1
Resort Hotel,0,42,2016,April,17,18,3,5,2,0.0,0,HB,PRT,Online TA,TA/TO,0,0,0,D,D,0,No Deposit,241.0,0,Transient,90.49,0,0
Resort Hotel,0,172,2016,April,17,18,3,5,2,0.0,0,HB,IRL,Offline TA/TO,TA/TO,0,0,0,D,D,0,No Deposit,115.0,0,Transient,75.6,0,0
Resort Hotel,0,33,2016,April,17,23,2,1,2,0.0,0,BB,PRT,Direct,Direct,0,0,0,D,D,0,No Deposit,250.0,0,Transient,75.0,0,0
Resort Hotel,0,0,2016,April,18,25,1,0,2,0.0,0,BB,DEU,Online TA,TA/TO,0,0,0,A,A,0,No Deposit,240.0,0,Transient,59.0,0,0
Resort Hotel,0,1,2016,April,16,16,4,6,2,0.0,0,BB,IRL,Online TA,TA/TO,0,0,0,D,D,0,No Deposit,240.0,0,Transient,85.0,0,1
Resort Hotel,0,99,2016,April,17,19,2,5,2,0.0,0,BB,GBR,Online TA,TA/TO,0,0,0,A,A,0,No Deposit,241.0,0,Transient,42.19,0,1
Resort Hotel,0,1,2016,April,18,25,1,0,2,0.0,0,BB,IRL,Direct,Direct,0,0,0,D,D,0,No Deposit,,0,Transient,80.0,1,1
Resort Hotel,0,172,2016,April,17,18,3,5,2,0.0,0,HB,GBR,Offline TA/TO,TA/TO,0,0,0,A,A,0,No Deposit,147.0,0,Transient-Party,66.42,0,1
Resort Hotel,0,172,2016,April,17,18,3,5,2,0.0,0,HB,GBR,Offline TA/TO,TA/TO,0,0,0,A,I,0,No Deposit,147.0,0,Transient-Party,66.42,0,1
Resort Hotel,0,123,2016,April,18,24,2,0,2,0.0,0,SC,PRT,Direct,Direct,0,0,0,D,I,0,No Deposit,,0,Transient,0.0,1,0
Resort Hotel,0,38,2016,April,17,20,2,5,2,0.0,0,BB,FRA,Online TA,TA/TO,0,0,0,E,E,0,No Deposit,240.0,0,Transient,83.0,0,1
Resort Hotel,0,0,2016,April,18,26,0,1,2,0.0,0,BB,PRT,Online TA,TA/TO,0,0,0,A,A,0,No Deposit,240.0,0,Transient,59.0,0,0
Resort Hotel,0,0,2016,October,44,28,0,1,2,0.0,0,BB,PRT,Online TA,TA/TO,1,0,1,D,D,0,No Deposit,240.0,0,Transient,73.0,0,0
Resort Hotel,0,0,2017,January,1,4,0,0,2,0.0,0,BB,PRT,Direct,TA/TO,1,0,2,A,D,1,No Deposit,,0,Transient,0.0,0,0
Resort Hotel,0,6,2016,April,18,25,1,1,2,0.0,0,BB,ESP,Online TA,TA/TO,0,0,0,A,A,0,No Deposit,240.0,0,Transient,77.0,0,1
Resort Hotel,0,0,2016,April,18,26,0,1,2,0.0,0,BB,GBR,Online TA,TA/TO,0,0,0,D,D,0,No Deposit,240.0,0,Transient,74.0,1,1
Resort Hotel,0,7,2016,April,18,25,1,1,2,0.0,0,BB,ESP,Online TA,TA/TO,0,0,0,A,A,0,No Deposit,240.0,0,Transient,65.0,0,1
Resort Hotel,0,6,2016,April,18,26,0,1,2,0.0,0,BB,ESP,Direct,Direct,0,0,0,A,D,0,No Deposit,,0,Transient,77.0,0,1
Resort Hotel,0,100,2016,April,17,22,2,3,2,0.0,0,BB,GBR,Offline TA/TO,TA/TO,0,0,0,D,D,0,No Deposit,26.0,0,Transient,49.59,0,0
Resort Hotel,0,37,2016,April,17,23,2,2,2,0.0,0,BB,PRT,Direct,Direct,0,0,0,D,D,0,No Deposit,250.0,0,Transient,61.5,0,1
Resort Hotel,0,9,2016,April,18,25,1,1,2,0.0,0,BB,USA,Online TA,TA/TO,0,0,0,A,A,0,No Deposit,241.0,0,Transient,50.05,0,1
Resort Hotel,0,2,2016,April,18,25,1,1,2,0.0,0,BB,ESP,Online TA,TA/TO,0,0,0,A,A,0,No Deposit,240.0,0,Transient,65.0,0,1
Resort Hotel,0,3,2016,April,18,25,1,1,2,0.0,0,BB,PRT,Direct,Direct,0,0,0,A,A,1,No Deposit,250.0,0,Transient,81.0,1,1
Resort Hotel,0,47,2016,April,18,26,0,1,2,0.0,0,BB,PRT,Complementary,Direct,0,0,0,F,F,1,No Deposit,,0,Transient,0.0,1,1
Resort Hotel,0,82,2016,April,18,28,2,4,2,0.0,0,BB,GBR,Offline TA/TO,TA/TO,0,0,0,A,A,0,No Deposit,8.0,0,Transient,43.97,0,1
Resort Hotel,0,73,2016,April,18,29,0,0,2,0.0,0,BB,PRT,Online TA,TA/TO,0,0,0,A,C,6,No Deposit,241.0,0,Transient,0.0,0,1
Resort Hotel,0,30,2016,April,17,19,2,7,2,0.0,0,BB,NLD,Online TA,TA/TO,0,0,0,D,D,0,No Deposit,240.0,0,Transient,75.0,0,0
Resort Hotel,0,113,2016,April,18,26,0,2,2,0.0,0,BB,USA,Online TA,TA/TO,0,0,0,G,G,0,No Deposit,241.0,0,Transient,78.31,0,1
Resort Hotel,0,109,2016,April,18,24,2,2,2,0.0,0,BB,FRA,Online TA,TA/TO,0,0,0,A,C,1,No Deposit,240.0,0,Transient,52.2,1,1
Resort Hotel,0,109,2016,April,18,24,2,2,2,0.0,0,BB,FRA,Online TA,TA/TO,0,0,0,A,C,1,No Deposit,240.0,0,Transient,52.2,0,1
Resort Hotel,0,35,2016,April,17,21,2,5,2,0.0,0,BB,GBR,Offline TA/TO,TA/TO,0,0,0,A,A,1,No Deposit,6.0,0,Transient,41.4,0,0
Resort Hotel,0,1,2016,April,18,24,2,2,2,0.0,0,BB,GBR,Online TA,TA/TO,0,0,0,A,A,0,No Deposit,240.0,0,Transient,64.5,0,0
Resort Hotel,0,89,2016,April,16,16,4,8,2,0.0,0,HB,DEU,Offline TA/TO,TA/TO,0,0,0,A,A,0,No Deposit,69.0,0,Transient,59.5,0,0
Resort Hotel,0,1,2016,April,18,26,0,2,2,0.0,0,BB,EST,Online TA,TA/TO,0,0,0,A,D,0,No Deposit,240.0,0,Transient,68.0,1,1
Resort Hotel,0,1,2016,April,18,28,0,1,2,0.0,0,BB,EST,Direct,TA/TO,0,0,0,D,D,0,No Deposit,,0,Transient,71.0,1,1
Resort Hotel,0,19,2016,April,18,26,0,2,2,0.0,0,BB,ESP,Online TA,TA/TO,0,0,0,A,D,0,No Deposit,240.0,0,Transient,65.0,0,1
Resort Hotel,0,22,2016,April,18,27,0,1,2,0.0,0,BB,ESP,Online TA,TA/TO,0,0,0,A,D,0,No Deposit,240.0,0,Transient,83.0,1,0
Resort Hotel,0,2,2016,April,18,26,0,2,2,0.0,0,BB,PRT,Online TA,TA/TO,0,0,0,A,D,0,No Deposit,240.0,0,Transient-Party,77.0,1,0
Resort Hotel,0,2,2016,April,18,26,0,2,2,0.0,0,BB,PRT,Online TA,TA/TO,0,0,0,A,D,0,No Deposit,240.0,0,Transient-Party,74.0,0,0
Resort Hotel,0,2,2016,April,18,25,1,2,2,0.0,0,HB,PRT,Direct,Direct,0,0,0,E,E,1,No Deposit,250.0,0,Transient,106.5,0,0
Resort Hotel,0,71,2016,April,17,23,2,3,2,0.0,0,BB,IRL,Direct,Direct,0,0,0,D,D,0,No Deposit,250.0,0,Transient,61.2,0,3
Resort Hotel,0,0,2016,April,18,27,0,1,2,0.0,0,BB,ESP,Online TA,Direct,0,0,0,A,A,2,No Deposit,,0,Transient,65.0,0,1
Resort Hotel,0,0,2016,April,18,27,0,1,2,0.0,0,BB,PRT,Online TA,TA/TO,0,0,0,A,A,0,No Deposit,240.0,0,Transient,65.0,1,0
Resort Hotel,0,100,2016,April,18,24,2,2,2,0.0,0,BB,GBR,Online TA,TA/TO,0,0,0,D,D,0,No Deposit,240.0,0,Transient,73.0,0,1
Resort Hotel,0,1,2016,April,18,26,0,2,2,0.0,0,HB,ITA,Online TA,TA/TO,0,0,0,E,E,0,No Deposit,240.0,0,Transient,114.0,1,1
Resort Hotel,0,63,2016,April,18,25,1,2,2,0.0,0,BB,IRL,Online TA,TA/TO,0,0,0,D,D,0,No Deposit,240.0,0,Transient,79.0,1,1
Resort Hotel,0,6,2016,April,18,27,0,1,2,0.0,0,BB,PRT,Direct,Direct,0,0,0,D,D,0,No Deposit,250.0,0,Transient-Party,72.0,0,0
Resort Hotel,0,10,2017,February,5,3,0,1,2,0.0,0,BB,PRT,Direct,Direct,1,0,1,A,D,0,No Deposit,,0,Group,40.5,0,1
Resort Hotel,0,32,2016,April,18,25,1,2,2,0.0,0,BB,FRA,Online TA,TA/TO,0,0,0,A,A,0,No Deposit,240.0,0,Transient,65.0,0,1
Resort Hotel,0,2,2016,April,18,28,0,1,2,0.0,0,BB,FRA,Direct,TA/TO,0,0,0,A,A,0,No Deposit,,0,Transient,65.0,0,1
Resort Hotel,0,25,2016,April,18,26,0,2,2,0.0,0,BB,PRT,Direct,Direct,0,0,0,F,F,2,No Deposit,250.0,0,Transient,85.5,0,0
Resort Hotel,0,22,2016,April,17,18,3,7,2,0.0,0,BB,PRT,Online TA,TA/TO,0,0,0,F,F,0,No Deposit,241.0,0,Transient,73.15,0,1
Resort Hotel,0,41,2016,April,17,23,2,3,2,0.0,0,BB,GBR,Direct,Direct,0,0,0,D,D,3,No Deposit,250.0,0,Transient,59.22,0,1
Resort Hotel,0,15,2016,April,18,24,2,2,2,0.0,0,BB,GBR,Direct,Direct,0,0,0,E,E,0,No Deposit,250.0,0,Transient,78.75,0,0
Resort Hotel,0,101,2016,April,18,29,2,5,2,0.0,0,BB,NLD,Groups,TA/TO,0,0,0,A,I,9,No Deposit,95.0,0,Transient-Party,47.0,0,0
Resort Hotel,0,104,2016,April,17,20,2,6,2,0.0,0,BB,GBR,Offline TA/TO,TA/TO,0,0,0,A,E,1,No Deposit,6.0,0,Transient,50.15,0,0
Resort Hotel,0,6,2016,April,18,25,1,2,2,0.0,0,BB,FRA,Online TA,TA/TO,0,0,0,A,A,0,No Deposit,240.0,0,Transient,65.0,0,1
Resort Hotel,0,86,2016,April,16,14,4,10,2,0.0,0,HB,GBR,Offline TA/TO,TA/TO,0,0,0,E,E,0,No Deposit,40.0,0,Contract,86.95,0,1
Resort Hotel,0,104,2016,April,18,28,2,6,2,0.0,0,BB,GBR,Online TA,TA/TO,0,0,0,E,E,1,No Deposit,242.0,0,Transient,80.45,0,1
Resort Hotel,0,72,2016,April,18,29,2,2,2,0.0,0,BB,GBR,Online TA,TA/TO,0,0,0,D,F,0,No Deposit,240.0,0,Transient,101.25,0,0
Resort Hotel,0,95,2016,April,18,26,0,3,2,0.0,0,BB,GBR,Offline TA/TO,TA/TO,0,0,0,A,A,0,No Deposit,26.0,0,Transient,39.95,0,0
Resort Hotel,0,3,2016,April,17,17,4,8,2,0.0,0,BB,IRL,Direct,Direct,0,0,0,G,G,0,No Deposit,250.0,0,Transient,126.67,0,1
Resort Hotel,0,72,2016,April,18,24,2,3,2,0.0,0,BB,IRL,Direct,Direct,0,0,0,D,D,0,No Deposit,250.0,0,Transient,61.2,0,0
Resort Hotel,0,72,2016,April,18,24,2,3,2,0.0,0,BB,IRL,Direct,Direct,0,0,0,D,D,0,No Deposit,250.0,0,Transient,61.2,0,0
Resort Hotel,0,72,2016,April,18,24,2,3,2,0.0,0,BB,IRL,Direct,Direct,0,0,0,D,D,0,No Deposit,250.0,0,Transient,61.2,0,0
Resort Hotel,0,46,2016,April,18,24,2,3,2,0.0,0,BB,IRL,Direct,Direct,0,0,0,D,D,0,No Deposit,250.0,0,Transient,57.96,0,0
Resort Hotel,0,72,2016,April,18,24,2,3,2,0.0,0,BB,IRL,Direct,Direct,0,0,0,E,E,0,No Deposit,250.0,0,Transient,74.7,0,0
Resort Hotel,0,83,2016,April,18,26,0,3,2,0.0,0,HB,GBR,Offline TA/TO,TA/TO,0,0,0,D,D,0,No Deposit,171.0,0,Transient,75.6,0,1
Resort Hotel,0,15,2016,April,18,28,0,1,2,0.0,0,BB,BEL,Direct,Direct,0,0,0,E,E,1,No Deposit,250.0,0,Transient,85.0,0,0
Resort Hotel,0,101,2016,April,17,23,2,4,2,0.0,0,BB,GBR,Offline TA/TO,TA/TO,0,0,0,E,E,0,No Deposit,171.0,0,Transient,64.67,0,0
Resort Hotel,0,179,2016,April,18,27,0,2,2,0.0,0,BB,USA,Online TA,TA/TO,0,0,0,A,D,0,No Deposit,240.0,0,Transient,52.2,0,1
Resort Hotel,0,179,2016,April,18,27,0,2,2,0.0,0,BB,USA,Online TA,TA/TO,0,0,0,A,D,0,No Deposit,240.0,0,Transient,58.2,1,1
Resort Hotel,0,88,2016,April,17,23,2,5,2,0.0,0,BB,DNK,Offline TA/TO,TA/TO,0,0,0,D,D,1,No Deposit,253.0,0,Transient,49.5,0,0
Resort Hotel,0,0,2016,April,18,27,0,2,2,0.0,0,BB,GBR,Online TA,Direct,0,0,0,D,D,1,No Deposit,,0,Transient,76.0,1,1
Resort Hotel,0,42,2016,April,18,28,0,1,2,0.0,0,BB,POL,Online TA,TA/TO,0,0,0,A,A,0,No Deposit,240.0,0,Transient,48.0,0,1
Resort Hotel,0,44,2016,April,18,27,0,2,2,0.0,0,BB,FRA,Online TA,TA/TO,0,0,0,E,E,0,No Deposit,240.0,0,Transient,78.0,0,0
Resort Hotel,0,20,2017,April,17,26,0,2,2,0.0,0,BB,FRA,Online TA,TA/TO,1,0,1,E,E,0,No Deposit,240.0,0,Transient,115.0,0,1
Resort Hotel,0,1,2016,April,18,28,0,1,2,0.0,0,BB,PRT,Direct,Direct,0,0,0,D,D,0,No Deposit,250.0,0,Transient,86.0,1,0
Resort Hotel,0,1,2016,April,18,26,0,3,2,0.0,0,BB,NLD,Online TA,TA/TO,0,0,0,A,A,0,No Deposit,240.0,0,Transient,69.0,1,1
Resort Hotel,0,56,2016,April,18,25,1,3,2,0.0,0,BB,GBR,Offline TA/TO,TA/TO,0,0,0,A,A,0,No Deposit,156.0,0,Transient-Party,47.4,1,0
Resort Hotel,0,56,2016,April,18,25,1,3,2,0.0,0,BB,GBR,Offline TA/TO,TA/TO,0,0,0,A,A,0,No Deposit,156.0,0,Transient-Party,39.1,0,0
Resort Hotel,0,35,2016,April,18,25,1,3,2,0.0,0,HB,PRT,Offline TA/TO,TA/TO,0,0,0,D,D,0,No Deposit,26.0,0,Transient,71.82,0,0
Resort Hotel,0,5,2016,April,18,25,1,3,2,0.0,0,BB,PRT,Online TA,TA/TO,0,0,0,E,E,0,No Deposit,240.0,0,Transient,85.0,0,0
Resort Hotel,0,0,2016,April,18,28,0,1,2,0.0,0,BB,PRT,Direct,Direct,0,0,0,A,D,0,No Deposit,,0,Transient,50.4,0,0
Resort Hotel,0,7,2016,April,18,29,0,1,2,0.0,0,BB,FRA,Online TA,TA/TO,0,0,0,F,F,0,No Deposit,241.0,0,Transient,73.15,1,1
Resort Hotel,0,85,2016,April,18,28,0,1,2,0.0,0,BB,BEL,Online TA,TA/TO,0,0,0,A,A,0,No Deposit,240.0,0,Transient,68.0,0,0
Resort Hotel,0,92,2016,April,18,29,2,6,2,0.0,0,BB,BEL,Online TA,TA/TO,0,0,0,A,A,0,No Deposit,240.0,0,Transient,68.0,0,1
Resort Hotel,0,1,2016,April,18,29,0,0,2,0.0,0,FB,PRT,Offline TA/TO,TA/TO,0,0,0,A,I,1,No Deposit,26.0,0,Transient,0.0,0,0
Resort Hotel,0,10,2016,April,18,25,1,4,2,0.0,0,FB,ESP,Offline TA/TO,TA/TO,0,0,0,D,D,0,No Deposit,95.0,0,Transient,104.0,0,2
Resort Hotel,0,64,2016,April,18,27,0,3,2,0.0,0,Undefined,PRT,Groups,Direct,0,0,0,A,A,0,No Deposit,385.0,52,Transient-Party,85.33,0,0
Resort Hotel,0,31,2016,April,16,16,4,10,2,0.0,0,BB,GBR,Offline TA/TO,TA/TO,0,0,0,E,E,0,No Deposit,6.0,0,Transient,65.0,0,0
Resort Hotel,0,12,2016,April,18,27,0,3,2,0.0,0,Undefined,PRT,Groups,Direct,0,0,0,A,A,1,No Deposit,385.0,0,Transient-Party,85.33,0,0
Resort Hotel,0,12,2016,April,18,27,0,3,2,0.0,0,Undefined,PRT,Groups,Direct,0,0,0,A,A,1,No Deposit,385.0,0,Transient-Party,85.33,0,0
Resort Hotel,0,12,2016,April,18,27,0,3,2,0.0,0,Undefined,PRT,Groups,Direct,0,0,0,A,A,1,No Deposit,385.0,0,Transient-Party,85.33,0,0
Resort Hotel,0,12,2016,April,18,27,0,3,2,0.0,0,Undefined,PRT,Groups,Direct,0,0,0,A,A,1,No Deposit,385.0,0,Transient-Party,85.33,0,0
Resort Hotel,0,12,2016,April,18,27,0,3,2,0.0,0,Undefined,PRT,Groups,Direct,0,0,0,A,A,1,No Deposit,385.0,0,Transient-Party,85.33,0,0
Resort Hotel,0,12,2016,April,18,27,0,3,2,0.0,0,Undefined,PRT,Groups,Direct,0,0,0,A,A,1,No Deposit,385.0,0,Transient-Party,85.33,0,0
Resort Hotel,0,12,2016,April,18,27,0,3,2,0.0,0,Undefined,PRT,Groups,Direct,0,0,0,A,A,1,No Deposit,385.0,0,Transient-Party,85.33,0,0
Resort Hotel,0,12,2016,April,18,27,0,3,2,0.0,0,Undefined,PRT,Groups,Direct,0,0,0,A,A,1,No Deposit,385.0,0,Transient-Party,85.33,0,0
Resort Hotel,0,12,2016,April,18,27,0,3,2,0.0,0,Undefined,PRT,Groups,Direct,0,0,0,A,A,1,No Deposit,385.0,0,Transient-Party,85.33,0,0
Resort Hotel,0,100,2016,April,17,23,2,5,2,0.0,0,BB,GBR,Offline TA/TO,TA/TO,0,0,0,A,A,0,No Deposit,40.0,0,Contract,37.4,0,1
Resort Hotel,0,12,2016,April,18,27,0,3,2,0.0,0,Undefined,PRT,Groups,Direct,0,0,0,A,A,1,No Deposit,385.0,0,Transient-Party,85.33,0,0
Resort Hotel,0,12,2016,April,18,27,0,3,2,0.0,0,Undefined,PRT,Groups,Direct,0,0,0,A,A,1,No Deposit,385.0,0,Transient-Party,85.33,0,0
Resort Hotel,0,12,2016,April,18,27,0,3,2,0.0,0,Undefined,PRT,Groups,Direct,0,0,0,A,A,1,No Deposit,385.0,0,Transient-Party,85.33,0,0
Resort Hotel,0,12,2016,April,18,27,0,3,2,0.0,0,Undefined,PRT,Groups,Direct,0,0,0,A,A,1,No Deposit,385.0,0,Transient-Party,85.33,0,0
Resort Hotel,0,12,2016,April,18,27,0,3,2,0.0,0,Undefined,PRT,Groups,Direct,0,0,0,A,A,1,No Deposit,385.0,0,Transient-Party,85.33,0,0
Resort Hotel,0,12,2016,April,18,27,0,3,2,0.0,0,Undefined,PRT,Groups,Direct,0,0,0,A,A,1,No Deposit,385.0,0,Transient-Party,85.33,0,0
Resort Hotel,0,12,2016,April,18,27,0,3,2,0.0,0,Undefined,PRT,Groups,Direct,0,0,0,A,A,1,No Deposit,385.0,0,Transient-Party,85.33,0,0
Resort Hotel,0,12,2016,April,18,27,0,3,2,0.0,0,Undefined,PRT,Groups,Direct,0,0,0,A,A,1,No Deposit,385.0,0,Transient-Party,85.33,0,0
Resort Hotel,0,12,2016,April,18,27,0,3,2,0.0,0,Undefined,PRT,Groups,Direct,0,0,0,A,A,1,No Deposit,385.0,0,Transient-Party,85.33,0,0
Resort Hotel,0,12,2016,April,18,27,0,3,2,0.0,0,Undefined,PRT,Groups,Direct,0,0,0,A,A,1,No Deposit,385.0,0,Transient-Party,85.33,0,0
Resort Hotel,0,12,2016,April,18,27,0,3,2,0.0,0,Undefined,PRT,Groups,Direct,0,0,0,A,A,1,No Deposit,385.0,0,Transient-Party,85.33,0,0
Resort Hotel,0,1,2016,April,18,29,0,1,2,0.0,0,BB,ESP,Online TA,TA/TO,0,0,0,A,D,0,No Deposit,240.0,0,Transient,65.0,1,0
Resort Hotel,0,12,2016,April,18,27,0,3,2,0.0,0,Undefined,PRT,Groups,Direct,0,0,0,A,F,1,No Deposit,385.0,0,Transient,85.33,0,0
Resort Hotel,0,132,2017,May,18,2,0,4,2,0.0,0,HB,PRT,Direct,Direct,1,0,0,D,D,1,No Deposit,,0,Transient,85.0,0,1
Resort Hotel,0,53,2016,April,18,27,0,3,2,0.0,0,HB,FRA,Online TA,TA/TO,0,0,0,E,E,0,No Deposit,240.0,0,Transient,133.0,1,0
Resort Hotel,0,0,2016,April,18,29,0,1,2,0.0,0,BB,PRT,Online TA,TA/TO,0,0,0,A,A,0,No Deposit,240.0,0,Transient,65.0,0,1
Resort Hotel,0,26,2016,April,17,23,2,5,2,0.0,0,HB,ESP,Direct,Direct,0,0,0,E,E,4,No Deposit,250.0,0,Transient-Party,115.0,0,2
Resort Hotel,0,26,2016,April,17,23,2,5,2,0.0,0,HB,ESP,Direct,Direct,0,0,0,E,E,4,No Deposit,250.0,0,Transient-Party,121.0,1,3
Resort Hotel,0,111,2016,April,18,28,0,2,2,0.0,0,BB,DEU,Online TA,TA/TO,0,0,0,A,C,0,No Deposit,240.0,0,Transient,52.2,0,1
Resort Hotel,0,111,2016,April,18,28,0,2,2,0.0,0,BB,DEU,Online TA,TA/TO,0,0,0,A,C,0,No Deposit,240.0,0,Transient,58.2,1,1
Resort Hotel,0,5,2016,April,18,27,0,3,2,0.0,0,BB,PRT,Direct,Direct,0,0,0,D,D,0,No Deposit,,0,Transient,86.0,1,0
Resort Hotel,0,84,2016,April,18,26,0,4,2,0.0,0,BB,PRT,Online TA,TA/TO,0,0,0,A,A,0,No Deposit,240.0,0,Transient,68.0,0,1
Resort Hotel,0,12,2016,April,18,28,0,2,2,0.0,0,BB,GBR,Online TA,TA/TO,0,0,0,D,I,0,No Deposit,240.0,0,Transient,80.0,0,0
Resort Hotel,0,2,2016,April,18,30,0,1,2,0.0,0,BB,GBR,Direct,TA/TO,0,0,0,D,D,0,No Deposit,,0,Transient,80.0,0,0
Resort Hotel,0,5,2016,April,18,29,0,1,2,0.0,0,BB,PRT,Complementary,Direct,0,0,0,D,D,0,No Deposit,,0,Transient,0.0,1,3
Resort Hotel,0,74,2016,April,18,26,0,4,2,0.0,0,BB,DEU,Online TA,TA/TO,0,0,0,D,D,0,No Deposit,240.0,0,Transient,73.0,0,0
Resort Hotel,0,44,2016,April,17,23,2,5,2,0.0,0,BB,PRT,Direct,Direct,0,0,0,D,D,0,No Deposit,250.0,0,Transient,64.5,1,0
Resort Hotel,0,5,2016,April,18,29,0,1,2,0.0,0,BB,POL,Online TA,TA/TO,0,0,0,E,F,0,No Deposit,240.0,0,Transient,85.0,1,0
Resort Hotel,0,2,2016,April,18,26,0,4,2,0.0,0,BB,DEU,Online TA,TA/TO,0,0,0,D,D,0,No Deposit,240.0,0,Transient,84.5,1,1
Resort Hotel,0,70,2016,April,18,25,1,4,2,0.0,0,BB,ESP,Online TA,TA/TO,0,0,0,E,E,0,No Deposit,240.0,0,Transient,88.0,0,1
Resort Hotel,0,39,2016,April,18,27,0,3,2,0.0,0,BB,FRA,Online TA,TA/TO,0,0,0,E,E,0,No Deposit,240.0,0,Transient,97.0,1,0
Resort Hotel,0,69,2016,April,18,26,0,4,2,0.0,0,BB,GBR,Offline TA/TO,TA/TO,0,0,0,A,A,0,No Deposit,26.0,0,Transient,39.95,0,0
Resort Hotel,0,99,2016,April,17,23,2,5,2,0.0,0,BB,GBR,Online TA,TA/TO,0,0,0,E,E,0,No Deposit,240.0,0,Transient,79.2,0,2
Resort Hotel,0,101,2016,April,17,23,2,5,2,0.0,0,HB,IRL,Offline TA/TO,TA/TO,0,0,0,A,A,1,No Deposit,177.0,0,Transient,35.63,0,1
Resort Hotel,0,43,2016,April,18,26,0,4,2,0.0,0,BB,PRT,Online TA,TA/TO,0,0,0,E,E,0,No Deposit,240.0,0,Transient,78.0,0,1
Resort Hotel,0,20,2016,April,18,26,0,4,2,0.0,0,HB,PRT,Online TA,TA/TO,0,0,0,A,D,0,No Deposit,240.0,0,Transient,97.0,0,1
Resort Hotel,0,100,2016,April,17,23,2,5,2,0.0,0,BB,GBR,Offline TA/TO,TA/TO,0,0,0,A,A,0,No Deposit,40.0,0,Contract,39.4,0,1
Resort Hotel,0,6,2016,April,18,29,0,1,2,0.0,0,BB,ESP,Online TA,TA/TO,0,0,0,D,D,0,No Deposit,240.0,0,Transient,80.0,1,0
Resort Hotel,0,14,2016,April,18,28,0,3,2,0.0,0,BB,FRA,Online TA,TA/TO,0,0,0,D,D,0,No Deposit,240.0,0,Transient,80.0,0,1
Resort Hotel,0,160,2016,April,18,28,0,3,2,0.0,0,BB,DEU,Online TA,TA/TO,0,0,0,E,E,0,No Deposit,240.0,0,Transient,85.2,1,1
Resort Hotel,0,0,2016,April,18,30,0,1,2,0.0,0,BB,PRT,Direct,Direct,0,0,0,F,F,0,No Deposit,250.0,0,Transient-Party,95.0,0,0
Resort Hotel,0,0,2016,April,18,30,0,1,2,0.0,0,BB,PRT,Direct,Direct,0,0,0,F,F,0,No Deposit,250.0,0,Transient-Party,101.0,1,0
Resort Hotel,0,14,2016,April,18,30,0,1,2,0.0,0,BB,ESP,Online TA,TA/TO,0,0,0,E,E,0,No Deposit,240.0,0,Transient,85.0,0,1
Resort Hotel,0,20,2016,April,18,28,0,3,2,0.0,0,BB,GBR,Online TA,TA/TO,0,0,0,F,F,0,No Deposit,241.0,0,Transient,75.15,0,0
Resort Hotel,0,18,2016,October,43,16,2,4,2,0.0,0,BB,GBR,Online TA,TA/TO,1,0,0,F,F,0,No Deposit,241.0,0,Transient,79.0,0,2
Resort Hotel,0,13,2016,April,18,29,0,2,2,0.0,0,BB,BRA,Online TA,TA/TO,0,0,0,E,E,0,No Deposit,240.0,0,Transient,93.0,1,1
Resort Hotel,0,18,2016,April,18,29,0,2,2,0.0,0,HB,ESP,Online TA,TA/TO,0,0,0,D,D,0,No Deposit,240.0,0,Transient,107.0,0,0
Resort Hotel,0,7,2016,April,18,30,0,1,2,0.0,0,BB,ESP,Offline TA/TO,TA/TO,0,0,0,A,D,0,No Deposit,6.0,0,Transient,46.0,1,0
Resort Hotel,0,7,2016,April,18,30,0,1,2,0.0,0,BB,ESP,Offline TA/TO,TA/TO,0,0,0,A,D,0,No Deposit,6.0,0,Transient,46.0,0,0
Resort Hotel,0,6,2016,April,18,29,0,2,2,0.0,0,BB,PRT,Online TA,TA/TO,0,0,0,D,D,0,No Deposit,240.0,0,Transient,86.0,1,0
Resort Hotel,0,44,2016,April,18,29,0,2,2,0.0,0,BB,PRT,Online TA,TA/TO,0,0,0,E,E,0,No Deposit,240.0,0,Transient,82.5,1,0
Resort Hotel,0,4,2016,April,18,30,0,1,2,0.0,0,BB,PRT,Direct,Direct,0,0,0,F,F,0,No Deposit,,0,Transient,95.0,1,1
Resort Hotel,0,0,2016,April,18,30,0,1,2,0.0,0,BB,USA,Online TA,TA/TO,0,0,0,E,E,0,No Deposit,240.0,0,Transient,85.0,0,0
Resort Hotel,0,2,2016,April,18,30,0,1,2,0.0,0,BB,PRT,Direct,Direct,0,0,0,F,F,0,No Deposit,,0,Transient,115.0,0,2
Resort Hotel,0,1,2016,May,19,2,1,0,2,0.0,0,HB,PRT,Online TA,TA/TO,0,0,0,D,D,0,No Deposit,240.0,0,Transient,90.0,0,0
Resort Hotel,0,197,2016,April,18,30,1,1,2,0.0,0,HB,DEU,Groups,TA/TO,0,0,0,A,C,0,No Deposit,298.0,0,Transient-Party,85.0,0,0
Resort Hotel,0,197,2016,April,18,30,1,1,2,0.0,0,HB,DEU,Groups,TA/TO,0,0,0,A,C,0,No Deposit,298.0,0,Transient-Party,85.0,0,0
Resort Hotel,0,197,2016,April,18,30,1,1,2,0.0,0,HB,DEU,Groups,TA/TO,0,0,0,A,A,0,No Deposit,298.0,0,Transient-Party,85.0,0,0
Resort Hotel,0,197,2016,April,18,30,1,1,2,0.0,0,HB,DEU,Groups,TA/TO,0,0,0,A,A,0,No Deposit,298.0,0,Transient-Party,85.0,0,0
Resort Hotel,0,197,2016,April,18,30,1,1,2,0.0,0,HB,DEU,Groups,TA/TO,0,0,0,A,A,0,No Deposit,298.0,0,Transient-Party,85.0,0,0
Resort Hotel,0,197,2016,April,18,30,1,1,2,0.0,0,HB,DEU,Groups,TA/TO,0,0,0,A,A,0,No Deposit,298.0,0,Transient-Party,85.0,0,0
Resort Hotel,0,197,2016,April,18,30,1,1,2,0.0,0,HB,DEU,Groups,TA/TO,0,0,0,A,A,0,No Deposit,298.0,0,Transient-Party,85.0,0,0
Resort Hotel,0,197,2016,April,18,30,1,1,2,0.0,0,HB,DEU,Groups,TA/TO,0,0,0,A,A,0,No Deposit,298.0,0,Transient-Party,85.0,0,0
Resort Hotel,0,197,2016,April,18,30,1,1,2,0.0,0,HB,AUT,Groups,TA/TO,0,0,0,A,A,0,No Deposit,298.0,0,Transient-Party,85.0,0,0
Resort Hotel,0,197,2016,April,18,30,1,1,2,0.0,0,HB,DEU,Groups,TA/TO,0,0,0,A,A,0,No Deposit,298.0,0,Transient-Party,85.0,0,0
Resort Hotel,0,197,2016,April,18,30,1,1,2,0.0,0,HB,DEU,Groups,TA/TO,0,0,0,A,D,0,No Deposit,298.0,0,Transient-Party,85.0,0,0
Resort Hotel,0,197,2016,April,18,30,1,1,2,0.0,0,HB,DEU,Groups,TA/TO,0,0,0,A,D,0,No Deposit,298.0,0,Transient-Party,85.0,0,0
Resort Hotel,0,197,2016,April,18,30,1,1,2,0.0,0,HB,DEU,Groups,TA/TO,0,0,0,A,A,0,No Deposit,298.0,0,Transient-Party,85.0,0,0
Resort Hotel,0,197,2016,April,18,30,1,1,2,0.0,0,HB,DEU,Groups,TA/TO,0,0,0,A,D,0,No Deposit,298.0,0,Transient-Party,85.0,0,0
Resort Hotel,0,197,2016,April,18,30,1,1,2,0.0,0,HB,DEU,Groups,TA/TO,0,0,0,A,D,0,No Deposit,298.0,0,Transient-Party,85.0,0,0
Resort Hotel,0,8,2016,April,18,30,1,1,2,0.0,0,BB,PRT,Direct,Direct,0,0,0,D,D,0,No Deposit,250.0,0,Transient,91.0,1,1
Resort Hotel,0,8,2016,November,45,2,0,2,2,0.0,0,BB,PRT,Direct,Direct,1,0,1,D,E,0,No Deposit,250.0,0,Transient,69.0,1,1
Resort Hotel,0,3,2016,April,18,29,1,2,2,0.0,0,BB,PRT,Direct,Direct,0,0,0,A,C,0,No Deposit,,0,Transient-Party,91.67,1,0
Resort Hotel,0,18,2016,April,18,29,1,2,2,0.0,0,BB,ESP,Online TA,TA/TO,0,0,0,D,D,0,No Deposit,240.0,0,Transient,80.0,0,1
Resort Hotel,0,13,2016,April,18,29,1,2,2,0.0,0,BB,ESP,Online TA,TA/TO,0,0,0,D,D,0,No Deposit,240.0,0,Transient,83.33,0,1
Resort Hotel,1,29,2016,April,18,30,0,0,2,0.0,0,BB,ESP,Online TA,TA/TO,0,0,0,D,D,0,No Deposit,240.0,0,Transient,0.0,0,1
Resort Hotel,0,0,2016,May,19,2,0,0,2,0.0,0,BB,ESP,Online TA,TA/TO,1,0,0,D,I,0,No Deposit,240.0,0,Transient,0.0,0,1
Resort Hotel,0,0,2016,May,19,2,0,0,2,0.0,0,BB,PRT,Online TA,TA/TO,1,0,0,D,I,0,No Deposit,240.0,0,Transient,0.0,0,0
Resort Hotel,0,4,2016,April,18,30,1,1,2,0.0,0,BB,ESP,Offline TA/TO,TA/TO,0,0,0,D,D,0,No Deposit,6.0,0,Transient,64.0,1,3
Resort Hotel,0,4,2016,April,18,30,1,1,2,0.0,0,BB,ESP,Offline TA/TO,TA/TO,0,0,0,D,D,0,No Deposit,6.0,0,Transient,58.0,1,3
Resort Hotel,0,5,2016,April,18,30,1,1,2,0.0,0,HB,ESP,Online TA,TA/TO,0,0,0,D,D,0,No Deposit,240.0,0,Transient,117.0,0,1
Resort Hotel,0,22,2016,April,18,30,1,1,2,0.0,0,BB,ESP,Online TA,TA/TO,0,0,0,E,E,0,No Deposit,240.0,0,Transient,95.0,0,1
Resort Hotel,0,73,2016,April,18,29,1,2,2,0.0,0,HB,ESP,Online TA,TA/TO,0,0,0,A,A,1,No Deposit,241.0,0,Transient,69.3,0,1
Resort Hotel,0,1,2016,April,18,30,1,1,2,0.0,0,BB,ESP,Direct,Direct,0,0,0,F,F,1,No Deposit,250.0,0,Transient,105.0,1,0
Resort Hotel,0,3,2016,April,18,30,1,1,2,0.0,0,BB,ESP,Offline TA/TO,TA/TO,0,0,0,D,D,0,No Deposit,6.0,0,Transient,70.0,2,0
Resort Hotel,0,43,2016,April,18,30,1,1,2,0.0,0,BB,ESP,Online TA,TA/TO,0,0,0,E,E,0,No Deposit,240.0,0,Transient-Party,96.0,1,1
Resort Hotel,0,0,2016,May,19,1,1,0,2,0.0,0,BB,USA,Online TA,TA/TO,0,0,0,F,F,0,No Deposit,,0,Transient,115.0,0,1
Resort Hotel,0,62,2016,May,19,1,1,0,2,0.0,0,BB,FRA,Online TA,TA/TO,0,0,0,D,D,0,No Deposit,242.0,0,Transient,86.0,1,1
Resort Hotel,0,30,2016,April,18,30,1,1,2,0.0,0,HB,ESP,Online TA,TA/TO,0,0,0,D,D,0,No Deposit,240.0,0,Transient,109.5,0,1
Resort Hotel,0,6,2016,April,18,30,1,1,2,0.0,0,BB,ESP,Online TA,TA/TO,0,0,0,E,E,0,No Deposit,240.0,0,Transient,95.0,0,2
Resort Hotel,0,43,2016,April,18,30,1,1,2,0.0,0,BB,ESP,Online TA,TA/TO,0,0,0,E,E,0,No Deposit,240.0,0,Transient-Party,90.0,0,1
Resort Hotel,0,91,2016,April,18,26,2,5,2,0.0,0,BB,IRL,Offline TA/TO,TA/TO,0,0,0,A,A,0,No Deposit,171.0,0,Transient,41.4,0,0
Resort Hotel,0,11,2016,April,18,30,2,1,2,0.0,0,BB,NLD,Online TA,TA/TO,0,0,0,E,E,0,No Deposit,240.0,0,Transient,104.33,1,1
Resort Hotel,0,86,2016,April,18,29,2,2,2,0.0,0,BB,IRL,Offline TA/TO,TA/TO,0,0,0,D,D,0,No Deposit,314.0,0,Transient,52.56,0,0
Resort Hotel,0,43,2016,April,18,24,4,5,2,0.0,0,BB,IRL,Online TA,TA/TO,0,0,0,F,F,0,No Deposit,241.0,0,Transient,76.61,0,1
Resort Hotel,0,23,2016,April,18,30,2,1,2,0.0,0,BB,PHL,Online TA,TA/TO,0,0,0,E,E,0,No Deposit,240.0,0,Transient,98.33,0,2
Resort Hotel,0,0,2016,May,19,2,1,0,2,0.0,0,BB,PRT,Direct,Direct,0,0,0,A,A,0,No Deposit,,0,Transient,79.0,0,0
Resort Hotel,0,0,2016,May,19,2,1,0,2,0.0,0,BB,BRA,Direct,Direct,0,0,0,A,B,0,No Deposit,,0,Transient,79.0,1,0
Resort Hotel,0,0,2016,May,19,2,1,0,2,0.0,0,BB,CHE,Direct,Direct,0,0,0,A,A,0,No Deposit,,0,Transient,79.0,0,0
Resort Hotel,0,0,2016,May,19,2,1,0,2,0.0,0,BB,NLD,Online TA,TA/TO,0,0,0,A,D,0,No Deposit,240.0,0,Transient,79.0,0,0
Resort Hotel,0,0,2016,May,19,3,0,0,2,0.0,0,BB,PRT,Offline TA/TO,TA/TO,1,0,0,E,I,0,No Deposit,6.0,0,Transient,0.0,0,0
Resort Hotel,0,5,2016,May,19,1,2,0,2,0.0,0,BB,ESP,Offline TA/TO,TA/TO,0,0,0,D,D,0,No Deposit,175.0,0,Transient,72.0,0,0
Resort Hotel,0,0,2016,May,19,2,1,0,2,0.0,0,BB,PRT,Direct,Direct,0,0,0,A,D,0,No Deposit,,0,Transient,39.5,0,1
Resort Hotel,0,5,2016,May,19,1,2,0,2,0.0,0,BB,ROU,Online TA,TA/TO,0,0,0,E,E,0,No Deposit,240.0,0,Transient,105.0,0,1
Resort Hotel,0,2,2016,May,19,3,0,1,2,0.0,0,BB,ROU,Online TA,TA/TO,0,0,0,A,D,0,No Deposit,240.0,0,Transient,87.0,0,1
Resort Hotel,0,112,2016,May,19,3,0,0,2,0.0,0,BB,PRT,Online TA,TA/TO,0,0,0,A,I,0,No Deposit,240.0,0,Transient,0.0,0,1
Resort Hotel,0,26,2016,April,18,29,2,2,2,0.0,0,BB,IRL,Online TA,TA/TO,0,0,0,E,E,0,No Deposit,240.0,0,Transient,90.0,0,0
Resort Hotel,0,113,2016,April,18,28,2,3,2,0.0,0,BB,IRL,Offline TA/TO,TA/TO,0,0,0,A,A,0,No Deposit,177.0,0,Transient,43.4,0,0
Resort Hotel,0,13,2016,May,19,1,2,0,2,0.0,0,BB,USA,Online TA,TA/TO,0,0,0,D,D,0,No Deposit,5.0,0,Transient,72.0,0,0
Resort Hotel,0,97,2016,April,18,27,2,5,2,0.0,0,HB,FRA,Offline TA/TO,TA/TO,0,0,0,A,C,0,No Deposit,177.0,0,Contract,66.8,0,1
Resort Hotel,0,0,2016,April,18,26,2,6,2,0.0,0,BB,NLD,Online TA,TA/TO,0,0,0,A,A,0,No Deposit,240.0,0,Transient,52.2,0,0
Resort Hotel,0,11,2016,May,19,2,1,1,2,0.0,0,BB,DEU,Groups,TA/TO,0,0,0,A,A,0,No Deposit,298.0,0,Transient-Party,85.0,0,0
Resort Hotel,0,101,2016,April,18,29,2,3,2,0.0,0,HB,BEL,Groups,TA/TO,0,0,0,A,A,13,No Deposit,95.0,0,Transient-Party,75.0,0,1
Resort Hotel,0,0,2016,May,19,3,0,1,2,0.0,0,BB,PRT,Direct,Direct,0,0,0,A,A,0,No Deposit,,0,Transient,79.0,0,0
Resort Hotel,0,0,2016,May,22,25,0,1,2,0.0,0,BB,PRT,Direct,Direct,1,0,1,A,A,0,No Deposit,,0,Transient,129.0,0,0
Resort Hotel,0,3,2016,April,18,30,2,2,2,0.0,0,BB,ROU,Online TA,TA/TO,0,0,0,G,G,1,No Deposit,240.0,0,Transient,138.5,1,0
Resort Hotel,0,0,2016,May,19,3,0,1,2,0.0,0,BB,ESP,Online TA,TA/TO,0,0,0,D,D,0,No Deposit,314.0,0,Transient-Party,75.2,1,0
Resort Hotel,0,33,2016,July,29,11,1,1,2,0.0,0,BB,PRI,Corporate,Corporate,1,0,4,A,A,1,No Deposit,,0,Transient,84.0,0,0
Resort Hotel,0,70,2016,August,34,17,0,2,2,0.0,0,BB,PRI,Corporate,Corporate,1,0,5,A,A,1,No Deposit,,0,Transient,125.0,0,0
Resort Hotel,0,33,2017,August,34,23,0,2,2,0.0,0,BB,PRT,Corporate,Corporate,1,0,9,A,A,0,No Deposit,,0,Transient,145.0,0,0
Resort Hotel,0,143,2016,April,18,26,2,6,2,0.0,0,HB,ROU,Online TA,TA/TO,0,0,0,A,A,0,No Deposit,242.0,0,Transient,81.0,0,1
Resort Hotel,0,9,2016,May,19,2,1,1,2,0.0,0,BB,PRT,Online TA,TA/TO,0,0,0,D,D,0,No Deposit,240.0,0,Transient,96.0,1,0
Resort Hotel,0,78,2016,April,18,30,2,2,2,0.0,0,BB,POL,Online TA,TA/TO,0,0,0,D,D,0,No Deposit,240.0,0,Transient,79.0,1,1
Resort Hotel,0,94,2016,April,18,29,2,3,2,0.0,0,BB,GBR,Direct,Direct,0,0,0,E,E,0,No Deposit,,0,Transient,85.0,0,0
Resort Hotel,0,145,2017,July,29,16,2,5,2,0.0,0,BB,GBR,Direct,Direct,1,0,0,E,E,0,No Deposit,,0,Transient,145.6,0,2
Resort Hotel,0,104,2016,April,18,29,2,3,2,0.0,0,BB,GBR,Offline TA/TO,TA/TO,0,0,0,D,D,0,No Deposit,314.0,0,Transient,54.56,0,0
Resort Hotel,0,152,2016,May,19,2,1,2,2,0.0,0,BB,ARG,Offline TA/TO,TA/TO,0,0,0,A,A,0,No Deposit,336.0,0,Transient,47.4,1,1
Resort Hotel,0,152,2016,May,19,2,1,2,2,0.0,0,BB,ARG,Offline TA/TO,TA/TO,0,0,0,A,A,0,No Deposit,336.0,0,Transient,41.4,0,1
Resort Hotel,0,140,2016,April,18,28,2,5,2,0.0,0,HB,GBR,Direct,Direct,0,0,0,G,G,0,No Deposit,250.0,0,Transient,143.0,0,0
Resort Hotel,0,113,2016,April,18,28,2,5,2,0.0,0,HB,GBR,Offline TA/TO,TA/TO,0,0,0,E,E,0,No Deposit,40.0,0,Contract,86.38,0,0
Resort Hotel,0,12,2016,May,19,4,0,1,2,0.0,0,BB,FRA,Corporate,Corporate,0,0,0,D,D,1,No Deposit,,0,Transient,78.18,0,0
Resort Hotel,0,29,2016,May,19,2,1,2,2,0.0,0,BB,ITA,Online TA,TA/TO,0,0,0,E,E,0,No Deposit,240.0,0,Transient,95.0,0,1
Resort Hotel,0,1,2016,May,19,4,0,1,2,0.0,0,BB,NOR,Online TA,TA/TO,0,0,0,A,A,0,No Deposit,240.0,0,Transient,79.0,1,1
Resort Hotel,0,1,2016,May,19,4,0,1,2,0.0,0,BB,NOR,Online TA,TA/TO,0,0,0,A,A,0,No Deposit,240.0,0,Transient,79.0,0,1
Resort Hotel,0,147,2016,May,19,4,0,1,2,0.0,0,BB,DEU,Offline TA/TO,TA/TO,0,0,0,D,D,0,No Deposit,251.0,0,Transient,59.0,0,0
Resort Hotel,0,13,2016,May,19,2,1,2,2,0.0,0,BB,GBR,Online TA,TA/TO,0,0,0,D,D,0,No Deposit,240.0,0,Transient,96.0,1,0
Resort Hotel,0,7,2016,May,19,4,0,1,2,0.0,0,BB,GBR,Corporate,Corporate,0,0,0,D,D,0,No Deposit,,0,Transient,90.0,0,0
Resort Hotel,0,6,2016,May,19,2,1,2,2,0.0,0,BB,GBR,Online TA,TA/TO,0,0,0,E,E,0,No Deposit,240.0,0,Transient,113.0,1,0
Resort Hotel,0,0,2016,May,19,4,0,1,2,0.0,0,BB,SWE,Online TA,TA/TO,0,0,0,A,A,0,No Deposit,241.0,0,Transient,60.83,0,0
Resort Hotel,0,117,2016,May,19,1,2,2,2,0.0,0,BB,IRL,Direct,Direct,0,0,0,A,D,0,No Deposit,250.0,0,Transient,47.05,0,0
Resort Hotel,0,35,2016,May,19,2,1,2,2,0.0,0,BB,ITA,Online TA,TA/TO,0,0,0,F,F,1,No Deposit,242.0,0,Transient,105.0,0,0
Resort Hotel,0,0,2016,May,19,4,0,1,2,0.0,0,BB,BRA,Direct,Direct,0,0,0,D,D,0,No Deposit,,0,Transient,79.0,1,0
Resort Hotel,0,7,2016,May,19,4,0,1,2,0.0,0,BB,JPN,Corporate,Corporate,0,0,0,D,D,0,No Deposit,,0,Transient,80.0,0,0
Resort Hotel,0,12,2016,May,19,4,0,1,2,0.0,0,BB,FRA,Corporate,Corporate,0,0,0,A,A,0,No Deposit,,0,Transient,68.74,0,0
Resort Hotel,0,6,2016,May,19,4,0,1,2,0.0,0,BB,PRT,Direct,Direct,0,0,0,A,A,2,No Deposit,,0,Transient,75.0,0,0
Resort Hotel,0,147,2016,May,19,5,2,5,2,0.0,0,BB,PRT,Online TA,TA/TO,0,0,0,A,A,0,No Deposit,240.0,0,Transient,52.2,0,1
Resort Hotel,0,35,2016,May,19,2,1,2,2,0.0,0,BB,PRT,Online TA,TA/TO,0,0,0,F,F,1,No Deposit,242.0,0,Transient,105.0,0,0
Resort Hotel,0,13,2016,June,26,20,1,0,2,0.0,0,BB,PRT,Online TA,TA/TO,1,0,1,A,A,0,No Deposit,240.0,0,Transient-Party,99.0,0,1
Resort Hotel,0,294,2016,June,26,21,0,5,2,0.0,0,BB,PRT,Online TA,TA/TO,0,0,1,A,A,0,No Deposit,240.0,0,Transient,64.8,0,1
Resort Hotel,0,35,2016,May,19,2,1,2,2,0.0,0,BB,ESP,Online TA,TA/TO,0,0,0,F,F,1,No Deposit,242.0,0,Transient,105.0,0,0
Resort Hotel,0,12,2016,May,19,4,0,1,2,0.0,0,BB,FRA,Corporate,Corporate,0,0,0,A,A,0,No Deposit,,0,Transient,63.0,1,0
Resort Hotel,0,105,2016,May,19,5,0,0,2,0.0,0,BB,PRT,Offline TA/TO,TA/TO,0,0,0,D,I,0,No Deposit,147.0,0,Transient,0.0,0,1
Resort Hotel,0,137,2016,May,19,1,2,2,2,0.0,0,HB,GBR,Offline TA/TO,TA/TO,0,0,0,D,E,1,No Deposit,26.0,0,Transient,81.82,0,1
Resort Hotel,0,2,2016,May,19,4,0,1,2,0.0,0,BB,GBR,Online TA,TA/TO,0,0,0,A,E,1,No Deposit,240.0,0,Transient,159.0,1,1
Resort Hotel,0,78,2016,April,18,29,2,5,2,0.0,0,BB,NLD,Groups,TA/TO,0,0,0,A,A,4,No Deposit,95.0,0,Transient-Party,47.0,0,0
Resort Hotel,0,101,2016,April,18,29,2,5,2,0.0,0,HB,NLD,Groups,TA/TO,0,0,0,A,A,12,No Deposit,95.0,0,Transient-Party,75.0,0,0
Resort Hotel,0,143,2016,April,18,29,2,5,2,0.0,0,BB,IRL,Online TA,TA/TO,0,0,0,A,A,0,No Deposit,240.0,0,Transient,52.2,0,3
Resort Hotel,0,35,2016,May,19,2,1,3,2,0.0,0,BB,RUS,Online TA,TA/TO,0,0,0,F,F,0,No Deposit,242.0,0,Transient,111.0,1,0
Resort Hotel,0,10,2016,May,19,3,0,3,2,0.0,0,BB,DEU,Online TA,TA/TO,0,0,0,E,E,0,No Deposit,240.0,0,Transient,105.0,0,0
Resort Hotel,0,74,2016,May,19,4,0,2,2,0.0,0,BB,THA,Online TA,TA/TO,0,0,0,D,D,0,No Deposit,240.0,0,Transient,79.0,1,2
Resort Hotel,0,1,2016,April,18,30,2,4,2,0.0,0,BB,PRT,Online TA,TA/TO,0,0,0,E,E,0,No Deposit,240.0,0,Transient,107.67,1,2
Resort Hotel,0,29,2016,May,19,3,0,3,2,0.0,0,BB,ARG,Direct,Direct,0,0,0,F,F,2,No Deposit,,0,Transient,115.0,0,0
Resort Hotel,0,98,2016,April,18,30,2,4,2,0.0,0,HB,ESP,Online TA,TA/TO,0,0,0,A,D,0,No Deposit,240.0,0,Transient,99.0,1,2
Resort Hotel,0,16,2016,April,18,29,2,5,2,0.0,0,BB,NLD,Offline TA/TO,TA/TO,0,0,0,A,C,0,No Deposit,71.0,0,Transient-Party,41.4,0,0
Resort Hotel,0,1,2016,May,19,5,0,1,2,0.0,0,BB,PRT,Online TA,TA/TO,0,0,0,A,A,0,No Deposit,240.0,0,Transient,97.0,1,0
Resort Hotel,0,105,2016,May,19,6,0,0,2,0.0,0,BB,PRT,Offline TA/TO,TA/TO,0,0,0,D,I,0,No Deposit,243.0,0,Contract,0.0,0,0
Resort Hotel,0,91,2016,May,19,4,0,2,2,0.0,0,BB,FRA,Online TA,TA/TO,0,0,0,A,A,0,No Deposit,240.0,0,Transient,68.0,0,2
Resort Hotel,0,35,2016,May,19,2,1,3,2,0.0,0,BB,ITA,Online TA,TA/TO,0,0,0,F,F,0,No Deposit,242.0,0,Transient,105.0,0,0
Resort Hotel,0,35,2016,May,19,2,1,3,2,0.0,0,BB,ITA,Online TA,TA/TO,0,0,0,F,F,0,No Deposit,242.0,0,Transient,105.0,0,0
Resort Hotel,0,13,2016,June,26,20,1,0,2,0.0,0,BB,ITA,Online TA,TA/TO,1,0,0,A,A,0,No Deposit,240.0,0,Group,99.0,0,1
Resort Hotel,0,294,2016,June,26,21,0,5,2,0.0,0,BB,ITA,Online TA,TA/TO,0,0,0,A,A,0,No Deposit,240.0,0,Transient,64.8,0,1
Resort Hotel,0,102,2016,April,18,29,2,5,2,0.0,0,BB,POL,Online TA,TA/TO,0,0,0,D,D,0,No Deposit,240.0,0,Transient,73.0,0,2
Resort Hotel,0,103,2016,May,19,1,2,3,2,0.0,0,BB,NLD,Groups,TA/TO,0,0,0,A,A,7,No Deposit,95.0,0,Transient-Party,47.0,0,0
Resort Hotel,0,101,2016,April,18,29,2,5,2,0.0,0,BB,NLD,Groups,TA/TO,0,0,0,A,A,4,No Deposit,95.0,0,Transient-Party,47.0,0,0
Resort Hotel,0,16,2016,April,18,29,2,5,2,0.0,0,HB,BEL,Offline TA/TO,TA/TO,0,0,0,A,A,0,No Deposit,71.0,0,Transient-Party,65.1,0,0
Resort Hotel,0,79,2016,April,18,29,2,5,2,0.0,0,BB,IRL,Online TA,TA/TO,0,0,0,D,D,0,No Deposit,240.0,0,Transient,74.43,0,0
Resort Hotel,0,16,2016,April,18,29,2,5,2,0.0,0,HB,POL,Offline TA/TO,TA/TO,0,0,0,A,A,0,No Deposit,71.0,0,Transient-Party,65.1,0,0
Resort Hotel,0,16,2016,April,18,29,2,5,2,0.0,0,BB,NLD,Offline TA/TO,TA/TO,0,0,0,A,A,0,No Deposit,71.0,0,Transient-Party,41.4,0,0
Resort Hotel,0,16,2016,April,18,29,2,5,2,0.0,0,BB,NLD,Offline TA/TO,TA/TO,0,0,0,A,C,0,No Deposit,71.0,0,Transient-Party,41.4,0,0
Resort Hotel,0,102,2016,April,18,30,2,4,2,0.0,0,BB,GBR,Online TA,TA/TO,0,0,0,A,A,0,No Deposit,241.0,0,Transient,45.66,0,1
Resort Hotel,0,99,2016,April,18,27,2,7,2,0.0,0,HB,NLD,Groups,TA/TO,0,0,0,A,I,9,No Deposit,95.0,0,Transient-Party,71.89,0,0
Resort Hotel,0,101,2016,April,18,29,2,5,2,0.0,0,BB,NLD,Groups,TA/TO,0,0,0,A,A,6,No Deposit,95.0,0,Transient-Party,47.0,0,0
Resort Hotel,0,0,2016,May,19,6,0,1,2,0.0,0,BB,NLD,Direct,TA/TO,1,0,0,A,A,0,No Deposit,,0,Group,79.0,0,0
Resort Hotel,0,212,2016,May,19,4,0,2,2,0.0,0,BB,GBR,Offline TA/TO,TA/TO,0,0,0,A,A,0,No Deposit,6.0,0,Transient,41.4,0,0
Resort Hotel,0,40,2016,April,18,30,2,5,2,0.0,0,BB,FRA,Online TA,TA/TO,0,0,0,E,E,0,No Deposit,240.0,0,Transient,93.57,1,1
Resort Hotel,0,76,2016,May,19,3,0,4,2,0.0,0,BB,IRL,Offline TA/TO,TA/TO,0,0,0,D,D,0,No Deposit,36.0,0,Transient,58.55,1,0
Resort Hotel,0,106,2016,April,18,30,2,5,2,0.0,0,BB,GBR,Offline TA/TO,TA/TO,0,0,0,A,A,0,No Deposit,171.0,0,Transient,43.4,0,0
Resort Hotel,0,87,2016,April,18,30,2,5,2,0.0,0,HB,DNK,Offline TA/TO,TA/TO,0,0,0,D,D,0,No Deposit,253.0,0,Transient,72.9,0,1
Resort Hotel,0,101,2016,April,18,30,2,5,2,0.0,0,BB,SWE,Offline TA/TO,TA/TO,0,0,0,D,D,0,No Deposit,253.0,0,Transient,51.5,0,0
Resort Hotel,0,103,2016,April,18,30,2,5,2,0.0,0,BB,GBR,Offline TA/TO,TA/TO,0,0,0,A,A,0,No Deposit,40.0,0,Contract,39.4,0,0
Resort Hotel,0,94,2016,April,18,30,2,5,2,0.0,0,BB,SWE,Offline TA/TO,TA/TO,0,0,0,D,D,0,No Deposit,253.0,0,Transient,49.5,0,0
Resort Hotel,0,98,2016,May,19,2,1,4,2,0.0,0,BB,GBR,Offline TA/TO,TA/TO,0,0,0,D,D,0,No Deposit,40.0,0,Contract,48.75,0,1
Resort Hotel,0,99,2016,April,18,30,2,5,2,0.0,0,BB,GBR,Offline TA/TO,TA/TO,0,0,0,E,E,0,No Deposit,40.0,0,Contract,58.38,0,0
Resort Hotel,0,25,2016,May,19,4,0,3,2,0.0,0,BB,CHE,Online TA,TA/TO,0,0,0,E,E,0,No Deposit,240.0,0,Transient,111.0,1,0
Resort Hotel,0,0,2016,May,19,6,0,1,2,0.0,0,BB,PRT,Direct,Direct,0,0,0,A,A,0,No Deposit,,0,Transient,70.0,0,0
Resort Hotel,0,140,2016,May,19,6,0,1,2,0.0,0,BB,DEU,Offline TA/TO,TA/TO,0,0,0,D,D,0,No Deposit,,0,Transient,59.0,0,0
Resort Hotel,0,32,2016,May,19,6,0,1,2,0.0,0,BB,FRA,Online TA,TA/TO,0,0,0,D,F,0,No Deposit,240.0,0,Transient-Party,90.0,0,1
Resort Hotel,0,32,2016,May,19,6,0,1,2,0.0,0,BB,FRA,Online TA,TA/TO,0,0,0,D,F,0,No Deposit,240.0,0,Transient-Party,102.0,1,1
Resort Hotel,0,101,2016,April,18,29,2,6,2,0.0,0,BB,NLD,Groups,TA/TO,0,0,0,A,A,6,No Deposit,95.0,0,Transient-Party,47.0,0,0
Resort Hotel,0,101,2016,April,18,29,2,6,2,0.0,0,BB,BEL,Groups,TA/TO,0,0,0,A,A,4,No Deposit,95.0,0,Transient-Party,48.75,0,0
Resort Hotel,0,107,2016,April,18,30,2,5,2,0.0,0,BB,SWE,Offline TA/TO,TA/TO,0,0,0,E,E,0,No Deposit,253.0,0,Transient,60.3,0,0
Resort Hotel,0,107,2016,April,18,30,2,5,2,0.0,0,BB,SWE,Offline TA/TO,TA/TO,0,0,0,E,E,0,No Deposit,253.0,0,Transient,60.3,0,0
Resort Hotel,0,3,2016,May,19,6,0,1,2,0.0,0,BB,PRT,Online TA,TA/TO,0,0,0,A,E,0,No Deposit,240.0,0,Transient,79.0,1,1
Resort Hotel,0,75,2016,April,18,28,2,7,2,0.0,0,BB,NLD,Online TA,TA/TO,0,0,0,D,D,1,No Deposit,240.0,0,Transient,73.0,0,0
Resort Hotel,0,115,2016,April,18,30,2,5,2,0.0,0,BB,GBR,Online TA,TA/TO,0,0,0,D,D,0,No Deposit,242.0,0,Transient,67.13,0,0
Resort Hotel,0,108,2016,April,18,30,2,5,2,0.0,0,BB,SWE,Offline TA/TO,TA/TO,0,0,0,D,D,0,No Deposit,253.0,0,Transient,50.93,0,0
Resort Hotel,0,0,2016,May,19,6,0,1,2,0.0,0,BB,FRA,Online TA,TA/TO,0,0,0,A,A,0,No Deposit,240.0,0,Transient,91.0,0,0
Resort Hotel,0,117,2016,May,19,2,1,4,2,0.0,0,BB,IRL,Online TA,TA/TO,0,0,0,A,C,0,No Deposit,242.0,0,Transient,52.2,0,1
Resort Hotel,0,75,2016,May,19,2,1,4,2,0.0,0,BB,IRL,Direct,Direct,0,0,0,E,E,0,No Deposit,,0,Transient,75.0,0,1
Resort Hotel,0,99,2016,May,19,3,0,4,2,0.0,0,BB,IRL,Online TA,TA/TO,0,0,0,A,A,0,No Deposit,240.0,0,Transient,58.0,0,1
Resort Hotel,0,33,2016,May,19,2,1,4,2,0.0,0,HB,PRT,Online TA,TA/TO,0,0,0,E,E,0,No Deposit,240.0,0,Transient,127.0,0,0
Resort Hotel,0,0,2016,May,19,7,0,1,2,0.0,0,BB,PRT,Direct,Direct,0,0,0,D,D,0,No Deposit,,0,Transient,84.6,0,0
Resort Hotel,0,97,2016,May,19,1,2,5,2,0.0,0,BB,GBR,Online TA,TA/TO,0,0,0,F,F,0,No Deposit,241.0,0,Transient,76.89,0,1
Resort Hotel,0,109,2016,May,19,1,2,5,2,0.0,0,BB,GBR,Offline TA/TO,TA/TO,0,0,0,A,D,2,No Deposit,26.0,0,Transient,39.95,0,0
Resort Hotel,0,4,2016,May,19,7,0,1,2,0.0,0,BB,PRT,Offline TA/TO,TA/TO,0,0,0,A,A,0,No Deposit,330.0,0,Transient,68.0,0,0
Resort Hotel,0,4,2016,May,19,7,0,1,2,0.0,0,BB,PRT,Offline TA/TO,TA/TO,0,0,0,A,A,0,No Deposit,330.0,0,Transient,68.0,0,0
Resort Hotel,0,159,2016,May,19,5,0,3,2,0.0,0,BB,PRT,Online TA,TA/TO,0,0,0,A,A,0,No Deposit,240.0,0,Transient,52.2,0,2
Resort Hotel,0,115,2017,March,10,9,0,3,2,0.0,0,BB,PRT,Direct,TA/TO,1,0,0,A,A,0,No Deposit,,0,Transient,65.0,0,2
Resort Hotel,0,159,2016,May,19,5,0,3,2,0.0,0,BB,PRT,Online TA,TA/TO,0,0,0,A,A,0,No Deposit,240.0,0,Transient,52.2,0,2
Resort Hotel,0,115,2017,March,10,9,0,3,2,0.0,0,BB,PRT,Direct,TA/TO,1,0,1,A,A,0,No Deposit,,0,Transient,65.0,0,2
Resort Hotel,0,159,2016,May,19,5,0,3,2,0.0,0,BB,PRT,Online TA,TA/TO,0,0,0,A,A,0,No Deposit,240.0,0,Transient,52.2,0,2
Resort Hotel,0,151,2016,May,19,1,2,5,2,0.0,0,BB,FIN,Offline TA/TO,TA/TO,0,0,0,E,E,0,No Deposit,6.0,0,Transient,63.0,0,1
Resort Hotel,0,1,2016,May,19,6,0,2,2,0.0,0,BB,PRT,Online TA,TA/TO,0,0,0,E,E,0,No Deposit,240.0,0,Transient,109.0,0,1
Resort Hotel,0,11,2016,June,24,10,0,2,2,0.0,0,BB,PRT,Offline TA/TO,TA/TO,1,0,1,H,H,0,No Deposit,261.0,0,Transient-Party,176.9,0,1
Resort Hotel,0,2,2017,March,10,11,0,1,2,0.0,0,BB,PRT,Online TA,TA/TO,1,0,2,E,E,0,No Deposit,240.0,0,Group,95.0,0,1
Resort Hotel,0,2,2017,March,10,11,0,1,2,0.0,0,BB,PRT,Online TA,TA/TO,1,0,2,E,E,0,No Deposit,240.0,0,Transient-Party,97.0,1,2
Resort Hotel,0,108,2016,May,19,1,2,5,2,0.0,0,BB,IRL,Online TA,TA/TO,0,0,0,A,D,0,No Deposit,240.0,0,Transient,52.2,0,1
Resort Hotel,0,102,2016,May,19,6,0,2,2,0.0,0,BB,FRA,Online TA,TA/TO,0,0,0,E,F,0,No Deposit,240.0,0,Transient,94.0,1,2
Resort Hotel,0,102,2016,May,19,6,0,2,2,0.0,0,BB,FRA,Online TA,TA/TO,0,0,0,E,F,0,No Deposit,240.0,0,Transient,88.0,0,2
Resort Hotel,0,104,2016,April,18,28,2,8,2,0.0,0,BB,IRL,Offline TA/TO,TA/TO,0,0,0,A,A,0,No Deposit,177.0,0,Transient,43.0,0,0
Resort Hotel,0,93,2016,May,19,5,0,3,2,0.0,0,BB,PRT,Online TA,TA/TO,0,0,0,A,A,0,No Deposit,240.0,0,Transient,58.0,0,1
Resort Hotel,0,93,2016,May,19,5,0,3,2,0.0,0,BB,PRT,Online TA,TA/TO,0,0,0,A,A,0,No Deposit,240.0,0,Transient,58.0,0,1
Resort Hotel,0,40,2016,May,19,7,0,1,2,0.0,0,BB,PRT,Direct,Direct,0,0,0,E,E,0,No Deposit,,0,Transient,85.0,0,1
Resort Hotel,0,15,2016,May,19,7,0,1,2,0.0,0,BB,PRT,Direct,Direct,0,0,0,D,E,0,No Deposit,,0,Transient,90.0,1,0
Resort Hotel,0,30,2016,May,20,8,2,1,2,0.0,0,BB,PRT,Online TA,TA/TO,0,0,0,A,E,0,No Deposit,240.0,0,Transient,93.0,1,0
Resort Hotel,0,21,2016,May,19,7,0,1,2,0.0,0,BB,ESP,Online TA,TA/TO,0,0,0,E,E,0,No Deposit,240.0,0,Transient,105.0,0,1
Resort Hotel,0,113,2016,May,19,5,0,3,2,0.0,0,BB,IRL,Offline TA/TO,TA/TO,0,0,0,A,A,0,No Deposit,175.0,0,Transient,41.76,0,0
Resort Hotel,0,113,2016,May,19,5,0,3,2,0.0,0,BB,IRL,Offline TA/TO,TA/TO,0,0,0,A,A,0,No Deposit,175.0,0,Transient,41.76,0,0
Resort Hotel,0,104,2016,May,19,1,2,5,2,0.0,0,HB,GBR,Offline TA/TO,TA/TO,0,0,0,E,E,0,No Deposit,40.0,0,Contract,84.95,0,0
Resort Hotel,0,159,2016,May,19,5,0,3,2,0.0,0,BB,PRT,Online TA,TA/TO,0,0,0,A,A,0,No Deposit,240.0,0,Transient,52.2,1,2
Resort Hotel,0,10,2017,February,5,3,0,1,2,0.0,0,BB,PRT,Direct,TA/TO,1,0,1,A,D,0,No Deposit,,0,Transient,40.5,0,2
Resort Hotel,0,115,2017,March,10,9,0,3,2,0.0,0,BB,PRT,Direct,TA/TO,1,0,2,A,A,0,No Deposit,,0,Transient,65.0,0,2
Resort Hotel,0,78,2016,April,18,28,2,8,2,0.0,0,HB,GBR,Offline TA/TO,TA/TO,0,0,0,E,E,0,No Deposit,171.0,0,Transient,88.4,0,2
Resort Hotel,0,32,2016,May,19,7,0,1,2,0.0,0,BB,PRT,Direct,Direct,0,0,0,D,I,0,No Deposit,250.0,0,Transient,87.0,1,0
Resort Hotel,0,113,2016,May,19,7,0,1,2,0.0,0,BB,FRA,Online TA,TA/TO,0,0,0,A,A,0,No Deposit,240.0,0,Transient,64.0,1,1
Resort Hotel,0,100,2016,April,18,28,3,8,2,0.0,0,BB,NLD,Groups,TA/TO,0,0,0,A,A,6,No Deposit,95.0,0,Transient-Party,47.0,0,0
Resort Hotel,0,100,2016,April,18,28,3,8,2,0.0,0,BB,NLD,Groups,TA/TO,0,0,0,A,A,6,No Deposit,95.0,0,Transient-Party,47.0,0,0
Resort Hotel,0,38,2016,May,19,6,1,2,2,0.0,0,BB,GBR,Online TA,TA/TO,0,0,0,A,A,0,No Deposit,240.0,0,Transient-Party,65.0,0,1
Resort Hotel,0,38,2016,May,19,6,1,2,2,0.0,0,BB,GBR,Online TA,TA/TO,0,0,0,A,A,0,No Deposit,240.0,0,Transient-Party,65.0,0,1
Resort Hotel,0,38,2016,May,19,6,1,2,2,0.0,0,BB,GBR,Online TA,TA/TO,0,0,0,A,A,0,No Deposit,240.0,0,Transient-Party,65.0,0,1
Resort Hotel,0,110,2016,May,19,2,2,5,2,0.0,0,BB,IRL,Offline TA/TO,TA/TO,0,0,0,A,C,0,No Deposit,40.0,0,Contract,37.4,0,0
Resort Hotel,0,103,2016,May,19,2,2,5,2,0.0,0,BB,POL,Offline TA/TO,TA/TO,0,0,0,D,D,0,No Deposit,315.0,0,Transient,46.75,0,0
Resort Hotel,0,103,2016,May,19,2,2,5,2,0.0,0,BB,POL,Offline TA/TO,TA/TO,0,0,0,D,D,0,No Deposit,315.0,0,Transient,46.75,0,0
Resort Hotel,0,136,2016,May,19,2,2,5,2,0.0,0,BB,PRT,Online TA,Direct,0,0,0,A,C,0,No Deposit,,0,Transient,52.2,0,1
Resort Hotel,0,81,2016,May,20,8,1,0,2,0.0,0,BB,DEU,Offline TA/TO,TA/TO,0,0,0,D,G,0,No Deposit,251.0,0,Transient,59.0,0,1
Resort Hotel,0,109,2016,May,19,2,2,5,2,0.0,0,BB,NLD,Offline TA/TO,TA/TO,0,0,0,D,D,0,No Deposit,71.0,0,Transient,58.0,0,1
Resort Hotel,0,27,2016,May,19,6,1,2,2,0.0,0,BB,PRT,Online TA,TA/TO,0,0,0,E,E,0,No Deposit,240.0,0,Transient,105.0,1,1
Resort Hotel,0,59,2016,May,20,9,0,0,2,0.0,0,BB,PRT,Offline TA/TO,TA/TO,0,0,0,A,I,0,No Deposit,393.0,0,Transient-Party,0.0,0,1
Resort Hotel,0,89,2016,May,19,1,3,5,2,0.0,0,BB,IRL,Offline TA/TO,TA/TO,0,0,0,A,D,0,No Deposit,8.0,0,Transient,42.3,0,0
Resort Hotel,0,101,2016,April,18,29,3,7,2,0.0,0,BB,NLD,Groups,TA/TO,0,0,0,A,A,6,No Deposit,95.0,0,Transient-Party,47.0,0,0
Resort Hotel,0,112,2016,May,19,6,1,2,2,0.0,0,BB,IRL,Offline TA/TO,TA/TO,0,0,0,D,E,0,No Deposit,171.0,0,Transient,54.2,0,0
Resort Hotel,0,103,2016,May,19,1,3,5,2,0.0,0,BB,NLD,Groups,TA/TO,0,0,0,A,D,6,No Deposit,95.0,0,Transient-Party,47.0,0,0
Resort Hotel,0,28,2016,May,19,5,1,3,2,0.0,0,BB,PRT,Online TA,TA/TO,0,0,0,E,E,0,No Deposit,240.0,0,Transient,105.0,0,1
Resort Hotel,0,164,2016,May,19,5,1,3,2,0.0,0,BB,GBR,Online TA,TA/TO,0,0,0,D,D,2,No Deposit,240.0,0,Transient-Party,65.7,0,1
Resort Hotel,0,118,2016,May,19,2,2,5,2,0.0,0,HB,GBR,Offline TA/TO,TA/TO,0,0,0,A,F,0,No Deposit,95.0,0,Transient,69.4,0,0
Resort Hotel,0,99,2016,April,18,27,3,9,2,0.0,0,BB,BEL,Groups,TA/TO,0,0,0,A,I,9,No Deposit,95.0,0,Transient-Party,0.0,0,0
Resort Hotel,0,30,2016,May,20,8,2,0,2,0.0,0,BB,PRT,Corporate,Corporate,0,0,0,A,D,1,No Deposit,,0,Transient,50.0,1,0
Resort Hotel,0,146,2016,May,19,6,2,2,2,0.0,0,BB,PRT,Online TA,TA/TO,0,0,0,A,A,0,No Deposit,240.0,0,Transient-Party,60.2,1,2
Resort Hotel,0,146,2016,May,19,6,2,2,2,0.0,0,BB,PRT,Online TA,TA/TO,0,0,0,A,A,0,No Deposit,240.0,0,Transient-Party,54.2,0,2
Resort Hotel,0,45,2016,May,20,8,2,0,2,0.0,0,BB,PRT,Offline TA/TO,TA/TO,0,0,0,A,A,1,No Deposit,393.0,0,Transient-Party,64.6,1,1
Resort Hotel,0,58,2016,May,20,8,2,0,2,0.0,0,BB,PRT,Offline TA/TO,TA/TO,0,0,0,A,A,0,No Deposit,393.0,0,Transient-Party,54.6,1,1
Resort Hotel,0,103,2016,April,18,26,4,10,2,0.0,0,BB,IRL,Offline TA/TO,TA/TO,0,0,0,E,E,0,No Deposit,314.0,0,Transient,72.4,0,0
Resort Hotel,0,61,2016,October,41,3,3,8,2,0.0,0,BB,IRL,Direct,Direct,1,0,1,D,D,0,No Deposit,,0,Transient,10.0,0,0
Resort Hotel,0,58,2016,May,20,8,2,0,2,0.0,0,BB,PRT,Offline TA/TO,TA/TO,0,0,0,A,A,0,No Deposit,393.0,0,Transient-Party,48.6,0,1
Resort Hotel,0,38,2016,May,20,8,2,0,2,0.0,0,BB,PRT,Online TA,TA/TO,0,0,0,A,F,0,No Deposit,240.0,0,Transient,71.0,1,1
Resort Hotel,0,176,2016,May,20,8,2,0,2,0.0,0,BB,ARG,Online TA,TA/TO,0,0,0,A,F,0,No Deposit,240.0,0,Transient,52.2,0,1
Resort Hotel,0,37,2016,May,20,8,2,0,2,0.0,0,BB,PRT,Offline TA/TO,TA/TO,0,0,0,A,A,1,No Deposit,168.0,0,Transient,46.0,0,1
Resort Hotel,0,5,2016,May,20,8,2,0,2,0.0,0,BB,PRT,Offline TA/TO,TA/TO,0,0,0,A,E,0,No Deposit,393.0,0,Transient-Party,54.6,1,1
Resort Hotel,0,46,2016,May,20,9,1,0,2,0.0,0,BB,PRT,Direct,Direct,0,0,0,A,D,1,No Deposit,250.0,0,Transient,71.0,1,1
Resort Hotel,0,19,2016,May,19,7,2,1,2,0.0,0,BB,GBR,Offline TA/TO,TA/TO,0,0,0,A,A,0,No Deposit,8.0,0,Transient,47.0,0,0
Resort Hotel,0,164,2016,May,19,5,2,3,2,0.0,0,BB,GBR,Online TA,TA/TO,0,0,0,A,A,2,No Deposit,240.0,0,Transient-Party,52.2,0,1
Resort Hotel,0,67,2016,April,18,26,4,10,2,0.0,0,BB,IRL,Online TA,TA/TO,0,0,0,D,D,1,No Deposit,240.0,0,Transient,75.0,0,2
Resort Hotel,0,4,2016,May,19,7,2,1,2,0.0,0,BB,PRT,Online TA,TA/TO,0,0,0,D,D,0,No Deposit,240.0,0,Transient,94.0,0,1
Resort Hotel,0,163,2016,May,19,5,2,3,2,0.0,0,BB,GBR,Online TA,TA/TO,0,0,0,A,A,2,No Deposit,240.0,0,Transient-Party,52.2,0,1
Resort Hotel,0,27,2016,May,19,6,2,2,2,0.0,0,BB,PRT,Online TA,TA/TO,0,0,0,E,E,0,No Deposit,240.0,0,Transient,111.0,1,1
Resort Hotel,0,98,2016,May,19,4,2,4,2,0.0,0,BB,IND,Online TA,TA/TO,0,0,0,A,A,0,No Deposit,241.0,0,Transient,43.43,1,1
Resort Hotel,0,5,2016,May,20,8,2,0,2,0.0,0,BB,PRT,Offline TA/TO,TA/TO,0,0,0,A,E,0,No Deposit,393.0,0,Transient-Party,48.6,0,2
Resort Hotel,0,12,2016,May,19,7,2,1,2,0.0,0,BB,PRT,Offline TA/TO,TA/TO,0,0,0,A,A,0,No Deposit,6.0,0,Transient,46.0,0,0
Resort Hotel,0,36,2016,May,19,7,2,1,2,0.0,0,BB,PRT,Online TA,TA/TO,0,0,0,A,C,2,No Deposit,240.0,0,Transient,65.0,0,1
Resort Hotel,0,18,2016,May,20,8,2,0,2,0.0,0,BB,PRT,Corporate,Corporate,0,0,0,A,F,1,No Deposit,,0,Transient-Party,60.0,0,0
Resort Hotel,0,15,2016,May,19,7,2,1,2,0.0,0,BB,PRT,Offline TA/TO,TA/TO,0,0,0,A,D,0,No Deposit,15.0,0,Transient,52.0,1,1
Resort Hotel,0,92,2016,May,19,4,2,5,2,0.0,0,BB,BEL,Online TA,TA/TO,0,0,0,A,A,0,No Deposit,240.0,0,Transient,68.0,0,0
Resort Hotel,0,108,2016,May,19,2,3,6,2,0.0,0,BB,GBR,Offline TA/TO,TA/TO,0,0,0,A,C,0,No Deposit,115.0,0,Transient,44.07,1,0
Resort Hotel,0,0,2016,May,20,10,0,1,2,0.0,0,BB,ESP,Direct,Direct,0,0,0,A,C,0,No Deposit,,0,Transient,79.0,1,0
Resort Hotel,0,22,2016,May,20,9,1,1,2,0.0,0,BB,PRT,Online TA,TA/TO,0,0,0,A,A,0,No Deposit,240.0,0,Transient-Party,72.0,1,1
Resort Hotel,0,28,2016,May,20,10,0,1,2,0.0,0,BB,CHE,Offline TA/TO,TA/TO,0,0,0,D,D,0,No Deposit,251.0,0,Transient,59.0,0,0
Resort Hotel,0,1,2016,May,20,10,0,1,2,0.0,0,BB,PRT,Online TA,TA/TO,0,0,0,D,D,2,No Deposit,240.0,0,Transient-Party,94.0,0,1
Resort Hotel,0,1,2016,May,20,10,0,1,2,0.0,0,BB,SGP,Online TA,TA/TO,0,0,0,E,E,0,No Deposit,240.0,0,Transient-Party,109.0,0,1
Resort Hotel,0,108,2016,May,19,2,3,6,2,0.0,0,HB,GBR,Online TA,TA/TO,0,0,0,A,C,1,No Deposit,240.0,0,Transient,94.0,1,1
Resort Hotel,0,104,2016,May,19,4,2,5,2,0.0,0,BB,ARM,Offline TA/TO,TA/TO,0,0,0,D,D,0,No Deposit,147.0,0,Transient,55.3,0,0
Resort Hotel,0,3,2016,May,20,8,2,1,2,0.0,0,BB,PRT,Online TA,TA/TO,0,0,0,A,C,0,No Deposit,240.0,0,Transient,79.0,0,1
Resort Hotel,0,6,2016,May,20,11,0,0,2,0.0,0,BB,PRT,Corporate,Corporate,0,0,0,E,I,0,No Deposit,,0,Transient,0.0,0,0
Resort Hotel,0,97,2016,May,20,10,0,1,2,0.0,0,BB,DEU,Offline TA/TO,TA/TO,0,0,0,D,D,0,No Deposit,251.0,0,Transient,59.0,0,0
Resort Hotel,0,0,2016,May,20,9,1,1,2,0.0,0,BB,GBR,Direct,Direct,0,0,0,D,D,0,No Deposit,250.0,0,Transient,94.0,0,1
Resort Hotel,0,21,2016,May,20,9,1,1,2,0.0,0,HB,ESP,Online TA,TA/TO,0,0,0,E,F,0,No Deposit,240.0,0,Transient,137.0,0,2
Resort Hotel,0,31,2016,May,20,10,0,1,2,0.0,0,BB,ESP,Online TA,TA/TO,0,0,0,A,A,0,No Deposit,240.0,0,Transient,75.0,0,1
Resort Hotel,0,37,2016,May,19,7,2,2,2,0.0,0,BB,ESP,Online TA,TA/TO,0,0,0,E,E,0,No Deposit,240.0,0,Transient,95.0,0,1
Resort Hotel,0,121,2016,May,19,4,2,5,2,0.0,0,BB,GBR,Offline TA/TO,TA/TO,0,0,0,D,D,0,No Deposit,95.0,0,Transient,52.2,0,2
Resort Hotel,0,84,2016,April,18,27,4,10,2,0.0,0,HB,DEU,Offline TA/TO,TA/TO,0,0,0,D,D,0,No Deposit,75.0,0,Contract,68.85,0,0
Resort Hotel,0,113,2016,May,20,11,2,7,2,0.0,0,HB,POL,Offline TA/TO,TA/TO,0,0,0,D,D,1,No Deposit,75.0,0,Contract,68.85,0,0
Resort Hotel,0,26,2016,May,19,7,2,3,2,0.0,0,BB,NLD,Online TA,TA/TO,0,0,0,E,E,0,No Deposit,240.0,0,Transient,105.0,1,1
Resort Hotel,0,108,2016,May,19,5,2,5,2,0.0,0,HB,ROU,Online TA,TA/TO,0,0,0,A,A,0,No Deposit,241.0,0,Transient,62.37,0,1
Resort Hotel,0,73,2016,September,40,26,3,7,2,0.0,0,BB,IRL,Direct,Direct,1,0,0,D,D,0,No Deposit,,0,Transient,82.0,0,3
Resort Hotel,0,140,2017,May,18,2,2,7,2,0.0,0,BB,IRL,Direct,Direct,1,0,1,D,D,1,No Deposit,,0,Transient,84.0,0,3
Resort Hotel,0,46,2016,May,20,8,2,2,2,0.0,0,BB,IRL,Offline TA/TO,TA/TO,0,0,0,D,E,0,No Deposit,95.0,0,Transient,54.2,0,1
Resort Hotel,0,56,2016,May,19,5,2,5,2,0.0,0,HB,GBR,Offline TA/TO,TA/TO,0,0,0,D,D,0,No Deposit,243.0,0,Contract,74.18,0,0
Resort Hotel,0,56,2016,May,19,5,2,5,2,0.0,0,BB,GBR,Offline TA/TO,TA/TO,0,0,0,D,E,0,No Deposit,243.0,0,Contract,46.75,0,0
Resort Hotel,0,107,2016,May,19,5,2,5,2,0.0,0,BB,GBR,Offline TA/TO,TA/TO,0,0,0,D,D,0,No Deposit,243.0,0,Contract,46.75,0,1
Resort Hotel,0,26,2016,May,20,10,0,2,2,0.0,0,BB,BDI,Groups,TA/TO,0,0,0,A,C,0,No Deposit,248.0,0,Transient-Party,46.0,0,0
Resort Hotel,0,107,2016,May,19,5,2,5,2,0.0,0,BB,GBR,Offline TA/TO,TA/TO,0,0,0,D,D,0,No Deposit,243.0,0,Contract,46.75,0,1
Resort Hotel,0,40,2016,May,20,9,1,2,2,0.0,0,BB,IRL,Online TA,TA/TO,0,0,0,A,A,0,No Deposit,240.0,0,Transient,65.0,0,2
Resort Hotel,0,107,2016,May,19,5,2,5,2,0.0,0,BB,GBR,Offline TA/TO,TA/TO,0,0,0,D,D,0,No Deposit,243.0,0,Contract,48.18,0,0
Resort Hotel,0,56,2016,May,19,5,2,5,2,0.0,0,BB,GBR,Offline TA/TO,TA/TO,0,0,0,A,A,0,No Deposit,243.0,0,Contract,37.4,0,0
Resort Hotel,0,56,2016,May,19,5,2,5,2,0.0,0,BB,GBR,Offline TA/TO,TA/TO,0,0,0,A,A,0,No Deposit,243.0,0,Contract,37.4,0,0
Resort Hotel,0,103,2016,May,19,1,4,7,2,0.0,0,BB,GBR,Offline TA/TO,TA/TO,0,0,0,A,D,0,No Deposit,243.0,0,Contract,39.04,0,0
Resort Hotel,0,39,2016,May,20,8,2,2,2,0.0,0,BB,GBR,Offline TA/TO,TA/TO,0,0,0,A,A,0,No Deposit,40.0,0,Contract,41.6,0,0
Resort Hotel,0,67,2016,May,19,6,2,4,2,0.0,0,BB,USA,Online TA,TA/TO,0,0,0,D,D,0,No Deposit,240.0,0,Transient,75.83,0,1
Resort Hotel,0,84,2016,April,17,21,6,15,2,0.0,0,HB,GBR,Offline TA/TO,TA/TO,0,0,0,D,D,0,No Deposit,40.0,0,Contract,74.18,0,0
Resort Hotel,0,115,2016,May,19,5,2,5,2,0.0,0,BB,GBR,Offline TA/TO,TA/TO,0,0,0,E,E,0,No Deposit,143.0,0,Transient,58.95,0,0
Resort Hotel,0,52,2016,May,19,1,4,7,2,0.0,0,BB,GBR,Offline TA/TO,TA/TO,0,0,0,A,D,0,No Deposit,243.0,0,Transient,46.0,0,0
Resort Hotel,0,48,2016,May,20,11,0,1,2,0.0,0,HB,FRA,Direct,Direct,0,0,0,A,A,0,No Deposit,,0,Transient-Party,95.0,1,0
Resort Hotel,0,48,2016,May,20,11,0,1,2,0.0,0,HB,FRA,Direct,Direct,0,0,0,A,C,0,No Deposit,,0,Transient-Party,95.0,1,0
Resort Hotel,0,59,2016,May,20,8,2,2,2,0.0,0,HB,GBR,Offline TA/TO,TA/TO,0,0,0,D,F,0,No Deposit,243.0,0,Contract,72.75,0,0
Resort Hotel,0,48,2016,May,20,11,0,1,2,0.0,0,HB,FRA,Direct,Direct,0,0,0,A,A,0,No Deposit,,0,Transient-Party,95.0,1,0
Resort Hotel,0,1,2016,May,20,11,0,1,2,0.0,0,BB,PRT,Direct,Direct,0,0,0,A,E,0,No Deposit,,0,Transient,72.0,0,0
Resort Hotel,0,17,2016,May,20,9,1,2,2,0.0,0,BB,ESP,Offline TA/TO,TA/TO,0,0,0,A,A,0,No Deposit,6.0,0,Transient,46.0,0,0
Resort Hotel,0,48,2016,May,20,11,0,1,2,0.0,0,HB,FRA,Direct,Direct,0,0,0,A,A,0,No Deposit,,0,Transient-Party,95.0,1,0
Resort Hotel,0,107,2016,May,19,5,2,5,2,0.0,0,BB,GBR,Offline TA/TO,TA/TO,0,0,0,A,A,0,No Deposit,243.0,0,Contract,37.4,0,0
Resort Hotel,0,52,2016,May,19,1,4,7,2,0.0,0,BB,GBR,Offline TA/TO,TA/TO,0,0,0,A,D,0,No Deposit,243.0,0,Contract,37.4,0,0
Resort Hotel,0,48,2016,May,20,11,0,1,2,0.0,0,HB,FRA,Direct,Direct,0,0,0,A,A,0,No Deposit,,0,Transient-Party,95.0,1,0
Resort Hotel,0,107,2016,May,19,5,2,5,2,0.0,0,BB,GBR,Offline TA/TO,TA/TO,0,0,0,D,D,0,No Deposit,243.0,0,Contract,48.18,0,0
Resort Hotel,0,48,2016,May,20,11,0,1,2,0.0,0,HB,FRA,Direct,Direct,0,0,0,A,A,0,No Deposit,,0,Transient-Party,95.0,1,0
Resort Hotel,0,43,2016,May,20,11,0,1,2,0.0,0,HB,FRA,Direct,Direct,0,0,0,A,C,0,No Deposit,,0,Transient-Party,95.0,1,0
Resort Hotel,0,48,2016,May,20,11,0,1,2,0.0,0,HB,PRT,Direct,Direct,0,0,0,A,A,0,No Deposit,,0,Transient-Party,95.0,1,0
Resort Hotel,0,48,2016,May,20,11,0,1,2,0.0,0,HB,FRA,Direct,Direct,0,0,0,A,A,0,No Deposit,,0,Transient,95.0,1,0
Resort Hotel,0,31,2016,May,20,8,2,2,2,0.0,0,HB,OMN,Offline TA/TO,TA/TO,0,0,0,A,A,0,No Deposit,40.0,0,Contract,72.0,0,0
Resort Hotel,0,8,2016,May,20,8,2,2,2,0.0,0,HB,GBR,Offline TA/TO,TA/TO,0,0,0,A,A,0,No Deposit,243.0,0,Transient,72.0,0,0
Resort Hotel,0,54,2016,May,20,9,1,2,2,0.0,0,BB,ESP,Offline TA/TO,TA/TO,0,0,0,A,C,0,No Deposit,95.0,0,Transient,41.4,0,1
Resort Hotel,0,56,2016,May,19,5,2,5,2,0.0,0,HB,GBR,Offline TA/TO,TA/TO,0,0,0,D,E,0,No Deposit,243.0,0,Contract,72.75,0,0
Resort Hotel,0,72,2016,May,20,11,0,1,2,0.0,0,BB,DEU,Offline TA/TO,TA/TO,0,0,0,D,D,0,No Deposit,251.0,0,Transient,59.0,0,0
Resort Hotel,0,38,2016,May,19,4,2,6,2,0.0,0,HB,CHE,Direct,Direct,0,0,0,G,G,1,No Deposit,250.0,0,Transient,155.0,0,0
Resort Hotel,0,8,2016,May,20,10,0,2,2,0.0,0,BB,PRT,Direct,Direct,0,0,0,A,E,0,No Deposit,,0,Transient,39.5,0,1
Resort Hotel,0,7,2016,May,20,11,0,1,2,0.0,0,BB,GBR,Direct,Direct,0,0,0,A,C,1,No Deposit,,0,Transient-Party,70.0,1,1
Resort Hotel,0,236,2016,May,20,12,0,3,2,0.0,0,BB,GBR,Groups,Direct,0,0,0,A,C,0,No Deposit,315.0,0,Transient-Party,48.0,0,1
Resort Hotel,0,11,2016,May,21,15,1,0,2,0.0,0,BB,GBR,Direct,Direct,0,0,1,A,C,0,Refundable,,0,Transient-Party,70.0,0,1
Resort Hotel,0,41,2016,May,20,11,0,1,2,0.0,0,BB,GBR,Online TA,TA/TO,0,0,0,A,E,0,No Deposit,240.0,0,Transient,71.0,1,0
Resort Hotel,0,236,2016,May,20,12,0,3,2,0.0,0,BB,GBR,Groups,TA/TO,0,0,0,A,A,0,No Deposit,315.0,0,Transient-Party,48.0,0,0
Resort Hotel,0,0,2016,May,20,11,0,1,2,0.0,0,BB,PRT,Online TA,TA/TO,0,0,0,E,E,0,No Deposit,240.0,0,Transient,109.0,0,0
Resort Hotel,0,89,2016,May,19,5,2,5,2,0.0,0,BB,GBR,Offline TA/TO,TA/TO,0,0,0,A,A,0,No Deposit,314.0,0,Transient,43.76,0,0
Resort Hotel,0,7,2016,May,20,11,0,1,2,0.0,0,BB,GBR,Direct,Direct,0,0,0,A,C,0,No Deposit,,0,Transient-Party,70.0,0,0
Resort Hotel,0,236,2016,May,20,12,0,3,2,0.0,0,BB,GBR,Groups,Direct,0,0,0,A,C,0,No Deposit,315.0,0,Transient-Party,48.0,0,0
Resort Hotel,0,11,2016,May,21,15,2,0,2,0.0,0,BB,GBR,Direct,Direct,0,0,1,A,C,0,No Deposit,,0,Transient-Party,70.0,0,0
Resort Hotel,0,7,2016,October,41,5,0,4,2,0.0,0,BB,GBR,Groups,Corporate,1,0,3,A,A,1,No Deposit,,0,Transient-Party,50.0,0,0
Resort Hotel,0,70,2017,February,8,22,0,4,2,0.0,0,BB,GBR,Corporate,Direct,1,0,4,A,D,0,No Deposit,,0,Transient-Party,42.0,0,0
Resort Hotel,0,1,2017,April,17,27,0,2,2,0.0,0,BB,GBR,Corporate,Direct,1,0,5,A,A,0,No Deposit,,0,Transient,85.0,0,1
Resort Hotel,0,39,2016,May,20,10,0,2,2,0.0,0,BB,BRA,Online TA,TA/TO,0,0,0,E,E,1,No Deposit,240.0,0,Transient-Party,95.0,0,1
Resort Hotel,0,97,2016,May,19,2,3,8,2,0.0,0,BB,GBR,Online TA,TA/TO,0,0,0,A,C,0,No Deposit,240.0,0,Transient,62.73,0,1
Resort Hotel,0,48,2016,May,20,8,2,3,2,0.0,0,BB,GBR,Online TA,TA/TO,0,0,0,E,E,0,No Deposit,241.0,0,Transient,69.49,0,1
Resort Hotel,0,92,2016,May,20,8,2,3,2,0.0,0,BB,GBR,Offline TA/TO,TA/TO,0,0,0,E,E,0,No Deposit,314.0,0,Transient,63.36,0,0
Resort Hotel,0,40,2016,May,20,9,1,3,2,0.0,0,HB,PRT,Direct,Direct,0,0,0,E,E,1,No Deposit,250.0,0,Transient,125.0,0,0
Resort Hotel,0,119,2016,May,20,12,0,1,2,0.0,0,BB,CHE,Offline TA/TO,TA/TO,0,0,0,D,G,0,No Deposit,251.0,0,Transient,59.0,0,1
Resort Hotel,0,4,2016,May,20,8,2,3,2,0.0,0,HB,FRA,Online TA,TA/TO,0,0,0,E,F,1,No Deposit,240.0,0,Transient,124.0,0,0
Resort Hotel,0,115,2016,May,20,13,0,0,2,0.0,0,BB,PRT,Offline TA/TO,TA/TO,0,0,0,D,D,1,No Deposit,243.0,0,Contract,0.0,0,0
Resort Hotel,0,117,2016,May,20,9,1,3,2,0.0,0,HB,FRA,Online TA,TA/TO,0,0,0,A,C,1,No Deposit,240.0,0,Transient,91.75,0,1
Resort Hotel,0,87,2016,May,20,9,1,3,2,0.0,0,BB,CN,Online TA,TA/TO,0,0,0,A,A,0,No Deposit,241.0,0,Transient,44.66,0,2
Resort Hotel,0,87,2016,May,20,9,1,3,2,0.0,0,BB,CN,Online TA,TA/TO,0,0,0,A,A,0,No Deposit,241.0,0,Transient,46.16,0,1
Resort Hotel,0,115,2016,May,20,9,1,3,2,0.0,0,BB,PRT,Online TA,TA/TO,0,0,0,D,D,0,No Deposit,240.0,0,Transient,65.7,0,2
Resort Hotel,0,110,2016,May,19,7,2,4,2,0.0,0,BB,IRL,Direct,Direct,0,0,0,D,D,0,No Deposit,250.0,0,Transient,57.8,0,0
Resort Hotel,0,66,2016,May,19,7,2,5,2,0.0,0,BB,IRL,Offline TA/TO,TA/TO,0,0,0,A,B,0,No Deposit,171.0,0,Transient,41.4,0,1
Resort Hotel,0,24,2016,May,19,7,2,5,2,0.0,0,HB,AUT,Groups,TA/TO,0,0,0,A,A,0,No Deposit,15.0,0,Transient-Party,85.0,0,0
Resort Hotel,0,24,2016,May,19,7,2,5,2,0.0,0,HB,PRT,Groups,TA/TO,0,0,0,A,A,0,No Deposit,15.0,0,Transient-Party,85.0,0,0
Resort Hotel,0,24,2016,May,19,7,2,5,2,0.0,0,HB,AUT,Groups,TA/TO,0,0,0,A,A,0,No Deposit,15.0,0,Transient-Party,85.0,0,0
Resort Hotel,0,24,2016,May,19,7,2,5,2,0.0,0,HB,PRT,Groups,TA/TO,0,0,0,A,A,0,No Deposit,15.0,0,Transient-Party,85.0,0,0
Resort Hotel,0,24,2016,May,19,7,2,5,2,0.0,0,HB,AUT,Groups,TA/TO,0,0,0,A,A,0,No Deposit,15.0,0,Transient-Party,85.0,0,0
Resort Hotel,0,24,2016,May,19,7,2,5,2,0.0,0,HB,PRT,Groups,TA/TO,0,0,0,A,A,0,No Deposit,15.0,0,Transient-Party,85.0,0,0
Resort Hotel,0,24,2016,May,19,7,2,5,2,0.0,0,HB,PRT,Groups,TA/TO,0,0,0,A,A,0,No Deposit,15.0,0,Transient-Party,85.0,0,0
Resort Hotel,0,24,2016,May,19,7,2,5,2,0.0,0,HB,AUT,Groups,TA/TO,0,0,0,A,A,0,No Deposit,15.0,0,Transient-Party,85.0,0,0
Resort Hotel,0,24,2016,May,19,7,2,5,2,0.0,0,HB,PRT,Groups,TA/TO,0,0,0,A,A,0,No Deposit,15.0,0,Transient-Party,85.0,0,0
Resort Hotel,0,24,2016,May,19,7,2,5,2,0.0,0,HB,DEU,Groups,TA/TO,0,0,0,A,A,0,No Deposit,15.0,0,Transient-Party,85.0,0,0
Resort Hotel,0,24,2016,May,19,7,2,5,2,0.0,0,HB,AUT,Groups,TA/TO,0,0,0,A,A,0,No Deposit,15.0,0,Transient-Party,85.0,0,0
Resort Hotel,0,24,2016,May,19,7,2,5,2,0.0,0,HB,AUT,Groups,TA/TO,0,0,0,A,A,0,No Deposit,15.0,0,Transient-Party,85.0,0,0
Resort Hotel,0,24,2016,May,19,7,2,5,2,0.0,0,HB,DEU,Groups,TA/TO,0,0,0,A,A,0,No Deposit,15.0,0,Transient-Party,85.0,0,0
Resort Hotel,0,59,2016,May,20,8,2,4,2,0.0,0,BB,IRL,Online TA,TA/TO,0,0,0,D,D,0,No Deposit,240.0,0,Transient,80.0,0,1
Resort Hotel,0,468,2016,May,20,12,0,2,2,0.0,0,HB,FRA,Groups,TA/TO,0,0,0,A,D,0,No Deposit,249.0,0,Transient,69.0,0,0
Resort Hotel,0,468,2016,May,20,12,0,2,2,0.0,0,HB,PRT,Groups,TA/TO,0,0,0,A,E,0,No Deposit,249.0,0,Transient-Party,67.0,0,0
Resort Hotel,0,468,2016,May,20,12,0,2,2,0.0,0,HB,PRT,Groups,TA/TO,0,0,0,A,D,0,No Deposit,249.0,0,Transient-Party,67.0,0,0
Resort Hotel,0,468,2016,May,20,12,0,2,2,0.0,0,HB,FRA,Groups,TA/TO,0,0,0,A,F,0,No Deposit,249.0,0,Transient-Party,67.0,0,0
Resort Hotel,0,468,2016,May,20,12,0,2,2,0.0,0,HB,PRT,Groups,TA/TO,0,0,0,A,E,0,No Deposit,249.0,0,Transient-Party,67.0,0,0
Resort Hotel,0,468,2016,May,20,12,0,2,2,0.0,0,HB,PRT,Groups,TA/TO,0,0,0,A,E,0,No Deposit,249.0,0,Transient-Party,67.0,0,0
Resort Hotel,0,468,2016,May,20,12,0,2,2,0.0,0,HB,PRT,Groups,TA/TO,0,0,0,A,E,0,No Deposit,249.0,0,Transient-Party,67.0,0,0
Resort Hotel,0,468,2016,May,20,12,0,2,2,0.0,0,HB,PRT,Groups,TA/TO,0,0,0,A,E,0,No Deposit,249.0,0,Transient-Party,67.0,0,0
Resort Hotel,0,468,2016,May,20,12,0,2,2,0.0,0,HB,FRA,Groups,TA/TO,0,0,0,A,F,0,No Deposit,249.0,0,Transient-Party,67.0,0,1
Resort Hotel,0,468,2016,May,20,12,0,2,2,0.0,0,HB,FRA,Groups,TA/TO,0,0,0,A,F,0,No Deposit,249.0,0,Transient-Party,67.0,0,1
Resort Hotel,0,468,2016,May,20,12,0,2,2,0.0,0,HB,PRT,Groups,TA/TO,0,0,0,A,E,0,No Deposit,249.0,0,Transient-Party,67.0,0,1
Resort Hotel,0,52,2016,May,20,12,0,2,2,0.0,0,BB,PRT,Corporate,Corporate,0,0,0,A,F,0,No Deposit,,0,Transient,50.0,0,1
Resort Hotel,0,468,2016,May,20,12,0,2,2,0.0,0,HB,FRA,Groups,TA/TO,0,0,0,A,D,0,No Deposit,249.0,0,Transient-Party,67.0,0,0
Resort Hotel,0,4,2016,May,20,9,1,4,2,0.0,0,BB,POL,Corporate,Corporate,0,0,0,E,E,0,No Deposit,,0,Transient,85.0,0,0
Resort Hotel,0,468,2016,May,20,12,0,2,2,0.0,0,HB,PRT,Groups,TA/TO,0,0,0,A,D,0,No Deposit,249.0,0,Transient-Party,67.0,0,0
Resort Hotel,0,468,2016,May,20,12,0,2,2,0.0,0,HB,PRT,Groups,TA/TO,0,0,0,A,E,0,No Deposit,249.0,0,Transient-Party,67.0,0,1
Resort Hotel,0,468,2016,May,20,12,0,2,2,0.0,0,HB,FRA,Groups,TA/TO,0,0,0,A,D,0,No Deposit,249.0,0,Transient-Party,67.0,0,0
Resort Hotel,0,468,2016,May,20,12,0,2,2,0.0,0,HB,PRT,Groups,TA/TO,0,0,0,A,D,0,No Deposit,249.0,0,Transient-Party,67.0,0,0
Resort Hotel,0,123,2016,May,20,13,0,1,2,0.0,0,BB,NLD,Online TA,TA/TO,0,0,0,D,H,0,No Deposit,240.0,0,Transient,71.7,1,1
Resort Hotel,0,53,2016,May,19,7,2,5,2,0.0,0,BB,GBR,Online TA,TA/TO,0,0,0,D,D,0,No Deposit,314.0,0,Transient,54.56,0,0
Resort Hotel,0,468,2016,May,20,12,0,2,2,0.0,0,HB,FRA,Groups,TA/TO,0,0,0,A,D,0,No Deposit,249.0,0,Transient-Party,69.0,0,0
Resort Hotel,0,163,2016,May,19,5,2,7,2,0.0,0,BB,GBR,Online TA,TA/TO,0,0,0,E,E,0,No Deposit,240.0,0,Transient-Party,82.31,1,1
Resort Hotel,0,57,2016,May,19,5,2,7,2,0.0,0,BB,IRL,Online TA,TA/TO,0,0,0,D,D,0,No Deposit,240.0,0,Transient,81.33,0,0
Resort Hotel,0,52,2016,May,20,12,0,2,2,0.0,0,BB,PRT,Corporate,Corporate,0,0,0,A,F,0,No Deposit,,0,Transient,50.0,0,1
Resort Hotel,0,4,2016,May,19,7,2,5,2,0.0,0,SC,AUT,Groups,TA/TO,0,0,0,A,I,0,No Deposit,15.0,0,Transient-Party,0.0,0,0
Resort Hotel,0,59,2016,May,20,8,2,5,2,0.0,0,BB,IRL,Direct,Direct,0,0,0,G,G,0,No Deposit,250.0,0,Transient-Party,126.0,1,0
Resort Hotel,0,0,2016,May,20,13,0,2,2,0.0,0,BB,FRA,Direct,Direct,0,0,0,A,C,0,No Deposit,,0,Transient,85.0,1,0
Resort Hotel,0,236,2016,May,20,12,0,3,2,0.0,0,BB,GBR,Groups,TA/TO,0,0,0,A,A,2,No Deposit,315.0,0,Transient-Party,43.33,1,0
Resort Hotel,0,120,2016,May,20,11,0,4,2,0.0,0,BB,IRL,Online TA,TA/TO,0,0,0,D,D,0,No Deposit,240.0,0,Transient,71.7,1,1
Resort Hotel,0,236,2016,May,20,12,0,3,2,0.0,0,BB,GBR,Groups,TA/TO,0,0,0,A,I,0,No Deposit,315.0,0,Transient-Party,54.0,1,0
Resort Hotel,0,9,2016,May,21,15,1,0,2,0.0,0,BB,GBR,Groups,TA/TO,0,0,0,A,A,0,Refundable,,0,Transient-Party,70.0,1,0
Resort Hotel,0,207,2016,May,20,8,2,5,2,0.0,0,BB,GBR,Online TA,TA/TO,0,0,0,E,E,0,No Deposit,240.0,0,Transient,81.2,0,2
Resort Hotel,0,102,2016,May,20,8,2,5,2,0.0,0,BB,IRL,Offline TA/TO,TA/TO,0,0,0,D,D,0,No Deposit,36.0,0,Transient,58.4,0,0
Resort Hotel,0,101,2016,May,20,14,0,1,2,0.0,0,BB,FRA,Online TA,TA/TO,0,0,0,E,F,0,No Deposit,240.0,0,Transient,94.0,1,1
Resort Hotel,0,236,2016,May,20,12,0,3,2,0.0,0,BB,PRT,Groups,TA/TO,0,0,0,A,D,0,No Deposit,315.0,0,Transient-Party,54.0,1,0
Resort Hotel,0,9,2016,May,21,15,1,0,2,0.0,0,BB,PRT,Groups,TA/TO,0,0,0,A,D,0,Refundable,,0,Transient-Party,76.0,1,0
Resort Hotel,0,4,2016,May,20,14,0,1,2,0.0,0,BB,PRT,Online TA,TA/TO,0,0,0,E,F,0,No Deposit,240.0,0,Transient,115.0,1,1
Resort Hotel,0,9,2016,May,20,11,0,4,2,0.0,0,BB,CN,Direct,Direct,0,0,0,F,F,1,No Deposit,,0,Transient,124.33,1,1
Resort Hotel,0,112,2016,May,19,6,2,7,2,0.0,0,BB,IRL,Direct,Direct,0,0,0,D,D,0,No Deposit,250.0,0,Transient,57.8,0,0
Resort Hotel,0,236,2016,May,20,12,0,3,2,0.0,0,BB,GBR,Groups,TA/TO,0,0,0,A,A,0,No Deposit,315.0,0,Transient-Party,48.0,0,0
Resort Hotel,0,11,2016,May,21,15,1,0,2,0.0,0,BB,GBR,Direct,TA/TO,0,0,0,A,A,1,No Deposit,,0,Group,70.0,0,0
Resort Hotel,0,0,2016,May,20,14,0,1,2,0.0,0,BB,PRT,Direct,Direct,0,0,0,F,F,1,No Deposit,,0,Transient,119.0,1,1
Resort Hotel,0,13,2016,May,20,8,2,5,2,0.0,0,BB,IRL,Online TA,TA/TO,0,0,0,D,E,0,No Deposit,147.0,0,Transient,55.87,0,0
Resort Hotel,0,236,2016,May,20,12,0,3,2,0.0,0,BB,GBR,Groups,TA/TO,0,0,0,A,A,0,No Deposit,315.0,0,Transient-Party,48.0,0,0
Resort Hotel,0,11,2016,May,21,15,1,0,2,0.0,0,BB,GBR,Direct,TA/TO,0,0,0,A,A,1,No Deposit,,0,Group,70.0,0,0
Resort Hotel,0,77,2016,May,20,10,0,5,2,0.0,0,HB,USA,Online TA,TA/TO,0,0,0,F,F,0,No Deposit,241.0,0,Transient,34.0,1,1
Resort Hotel,0,79,2016,May,20,13,0,2,2,0.0,0,BB,PRT,Online TA,TA/TO,0,0,0,D,E,0,No Deposit,240.0,0,Transient,73.0,0,1
Resort Hotel,0,0,2016,May,20,13,0,2,2,0.0,0,BB,PRT,Online TA,TA/TO,0,0,0,E,E,0,No Deposit,240.0,0,Transient,109.0,0,0
Resort Hotel,0,1,2017,January,2,14,0,1,2,0.0,0,BB,PRT,Online TA,TA/TO,1,0,1,A,A,0,No Deposit,240.0,0,Transient,48.0,0,1
Resort Hotel,0,113,2016,May,19,7,2,6,2,0.0,0,BB,IRL,Direct,Direct,0,0,0,D,D,1,No Deposit,250.0,0,Transient,57.8,0,0
Resort Hotel,0,9,2016,May,21,15,1,0,2,0.0,0,BB,GBR,Groups,TA/TO,0,0,0,A,I,0,No Deposit,,0,Transient-Party,70.0,0,0
Resort Hotel,0,9,2016,May,21,15,1,0,2,0.0,0,BB,GBR,Groups,TA/TO,0,0,0,A,A,0,Refundable,,0,Transient-Party,70.0,0,0
Resort Hotel,0,236,2016,May,20,12,0,3,2,0.0,0,BB,GBR,Groups,TA/TO,0,0,0,A,C,0,No Deposit,315.0,0,Transient-Party,48.0,0,0
Resort Hotel,0,9,2016,May,21,15,1,0,2,0.0,0,BB,GBR,Groups,TA/TO,0,0,0,A,C,0,Refundable,,0,Transient-Party,70.0,0,0
Resort Hotel,0,236,2016,May,20,12,0,3,2,0.0,0,BB,GBR,Groups,TA/TO,0,0,0,A,A,0,No Deposit,315.0,0,Transient-Party,48.0,0,0
Resort Hotel,0,9,2016,May,21,15,1,0,2,0.0,0,BB,GBR,Groups,TA/TO,0,0,0,A,A,0,Refundable,,0,Transient-Party,70.0,0,0
Resort Hotel,0,236,2016,May,20,12,0,3,2,0.0,0,BB,GBR,Groups,TA/TO,0,0,0,A,A,0,No Deposit,315.0,0,Transient-Party,48.0,0,0
Resort Hotel,0,9,2016,May,21,15,1,0,2,0.0,0,BB,GBR,Groups,TA/TO,0,0,0,A,A,0,Refundable,,0,Transient-Party,70.0,0,0
Resort Hotel,0,9,2016,May,21,15,1,0,2,0.0,0,BB,GBR,Groups,TA/TO,0,0,0,A,A,0,Refundable,,0,Transient-Party,72.0,0,0
Resort Hotel,0,236,2016,May,20,12,0,3,2,0.0,0,BB,GBR,Groups,TA/TO,0,0,0,A,A,0,No Deposit,315.0,0,Transient-Party,48.0,0,0
Resort Hotel,0,9,2016,May,21,15,1,0,2,0.0,0,BB,GBR,Groups,TA/TO,0,0,0,A,A,0,Refundable,,0,Transient-Party,70.0,0,0
Resort Hotel,0,110,2016,May,20,8,2,5,2,0.0,0,BB,IRL,Online TA,TA/TO,0,0,0,D,E,0,No Deposit,241.0,0,Transient,50.06,0,1
Resort Hotel,0,81,2016,May,20,13,0,2,2,0.0,0,BB,GBR,Online TA,TA/TO,0,0,0,D,E,0,No Deposit,240.0,0,Transient,73.0,0,1
Resort Hotel,0,9,2016,May,21,15,1,0,2,0.0,0,BB,GBR,Groups,TA/TO,0,0,0,A,A,0,Refundable,,0,Group,70.0,0,0
Resort Hotel,0,236,2016,May,20,12,0,3,2,0.0,0,BB,GBR,Groups,TA/TO,0,0,0,A,A,0,No Deposit,315.0,0,Transient-Party,48.0,0,0
Resort Hotel,0,9,2016,May,21,15,1,0,2,0.0,0,BB,GBR,Groups,TA/TO,0,0,0,A,A,0,Refundable,,0,Group,70.0,0,0
Resort Hotel,0,236,2016,May,20,12,0,3,2,0.0,0,BB,GBR,Groups,TA/TO,0,0,0,A,A,0,No Deposit,315.0,0,Transient-Party,48.0,0,0
Resort Hotel,0,9,2016,May,21,15,1,0,2,0.0,0,BB,GBR,Groups,TA/TO,0,0,0,A,A,0,Refundable,,0,Transient-Party,70.0,0,0
Resort Hotel,0,109,2016,May,19,6,2,7,2,0.0,0,BB,CN,Online TA,TA/TO,0,0,0,D,D,0,No Deposit,241.0,0,Transient,50.06,0,1
Resort Hotel,0,236,2016,May,20,12,0,3,2,0.0,0,BB,GBR,Groups,TA/TO,0,0,0,A,A,0,No Deposit,315.0,0,Transient-Party,48.0,0,0
Resort Hotel,0,9,2016,May,21,15,1,0,2,0.0,0,BB,GBR,Groups,TA/TO,0,0,0,A,A,0,Refundable,,0,Group,70.0,0,0
Resort Hotel,0,0,2016,May,20,14,0,1,2,0.0,0,BB,ESP,Direct,Direct,0,0,0,A,A,0,No Deposit,,0,Transient,85.0,0,0
Resort Hotel,0,236,2016,May,20,12,0,3,2,0.0,0,BB,GBR,Groups,TA/TO,0,0,0,A,A,0,No Deposit,315.0,0,Transient-Party,48.0,0,0
Resort Hotel,0,9,2016,May,21,15,1,0,2,0.0,0,BB,GBR,Groups,TA/TO,0,0,0,A,A,0,Refundable,,0,Transient-Party,70.0,0,0
Resort Hotel,0,236,2016,May,20,12,0,3,2,0.0,0,BB,GBR,Groups,TA/TO,0,0,0,A,A,0,No Deposit,315.0,0,Transient-Party,48.0,0,0
Resort Hotel,0,9,2016,May,21,15,1,0,2,0.0,0,BB,GBR,Groups,TA/TO,0,0,0,A,A,0,Refundable,,0,Transient-Party,70.0,0,0
Resort Hotel,0,236,2016,May,20,12,0,3,2,0.0,0,BB,GBR,Groups,TA/TO,0,0,0,A,A,0,No Deposit,315.0,0,Transient-Party,48.0,0,0
Resort Hotel,0,9,2016,May,21,15,1,0,2,0.0,0,BB,GBR,Groups,TA/TO,0,0,0,A,A,0,Refundable,,0,Group,76.0,1,0
Resort Hotel,0,236,2016,May,20,12,0,3,2,0.0,0,BB,POL,Groups,TA/TO,0,0,0,A,A,0,No Deposit,315.0,0,Transient-Party,54.0,1,0
Resort Hotel,0,11,2016,May,21,15,2,0,2,0.0,0,BB,POL,Direct,TA/TO,0,0,0,A,A,0,No Deposit,,0,Transient,76.0,1,0
Resort Hotel,0,9,2016,May,21,15,1,0,2,0.0,0,BB,GBR,Groups,TA/TO,0,0,0,A,A,0,Refundable,,0,Group,70.0,0,0
Resort Hotel,0,236,2016,May,20,12,0,3,2,0.0,0,BB,GBR,Groups,TA/TO,0,0,0,A,A,0,No Deposit,315.0,0,Transient-Party,48.0,0,0
Resort Hotel,0,9,2016,May,21,15,1,0,2,0.0,0,BB,GBR,Groups,TA/TO,0,0,0,A,A,0,Refundable,,0,Transient-Party,70.0,0,0
Resort Hotel,0,9,2016,May,21,15,1,0,2,0.0,0,BB,GBR,Groups,TA/TO,0,0,0,A,A,0,Refundable,,0,Group,70.0,1,0
Resort Hotel,0,117,2016,May,19,5,2,8,2,0.0,0,BB,IRL,Online TA,TA/TO,0,0,0,A,A,0,No Deposit,240.0,0,Transient,60.44,0,0
Resort Hotel,0,59,2016,May,20,8,2,5,2,0.0,0,BB,IRL,Direct,Direct,0,0,0,G,G,0,No Deposit,250.0,0,Transient-Party,120.0,0,0
Resort Hotel,0,0,2016,May,20,13,0,2,2,0.0,0,BB,ESP,Direct,Direct,0,0,0,A,A,0,No Deposit,,0,Transient,85.0,1,0
Resort Hotel,0,103,2016,May,19,1,4,10,2,0.0,0,BB,GBR,Offline TA/TO,TA/TO,0,0,0,A,C,2,No Deposit,243.0,0,Contract,38.83,0,0
Resort Hotel,0,236,2016,May,20,12,0,3,2,0.0,0,BB,GBR,Groups,TA/TO,0,0,0,A,D,0,No Deposit,315.0,0,Transient-Party,48.0,0,0
Resort Hotel,0,0,2016,May,21,15,1,0,2,0.0,0,BB,GBR,Direct,TA/TO,1,0,0,A,D,0,Refundable,405.0,0,Group,70.0,0,0
Resort Hotel,0,236,2016,May,20,12,0,3,2,0.0,0,BB,GBR,Groups,TA/TO,0,0,0,A,D,0,No Deposit,315.0,0,Transient-Party,54.0,1,0
Resort Hotel,0,0,2016,May,21,15,1,0,2,0.0,0,BB,GBR,Direct,TA/TO,1,0,0,A,D,0,Refundable,405.0,0,Group,70.0,1,0
Resort Hotel,0,87,2016,May,20,9,2,5,2,0.0,0,BB,GBR,Online TA,TA/TO,0,0,0,D,D,0,No Deposit,240.0,0,Transient,73.0,0,0
Resort Hotel,0,186,2016,May,20,9,2,5,2,0.0,0,BB,IRL,Online TA,TA/TO,0,0,0,A,A,1,No Deposit,240.0,0,Transient,52.2,0,1
Resort Hotel,0,235,2016,May,20,9,2,5,2,0.0,0,BB,IRL,Online TA,TA/TO,0,0,0,D,D,0,No Deposit,240.0,0,Transient,65.7,0,2
Resort Hotel,0,90,2016,May,19,2,4,10,2,0.0,0,BB,PRT,Offline TA/TO,TA/TO,0,0,0,E,E,0,No Deposit,8.0,0,Transient,65.07,0,0
Resort Hotel,0,111,2016,May,21,15,1,0,2,0.0,0,BB,CHE,Offline TA/TO,TA/TO,0,0,0,D,D,0,No Deposit,251.0,0,Transient,59.0,0,1
Resort Hotel,0,383,2016,October,41,6,0,3,2,0.0,0,BB,GBR,Groups,Direct,0,0,2,A,A,0,No Deposit,315.0,0,Transient-Party,48.0,0,0
Resort Hotel,0,141,2016,May,21,15,1,0,2,0.0,0,BB,AUS,Offline TA/TO,TA/TO,0,0,0,D,E,0,No Deposit,314.0,0,Transient,52.56,1,0
Resort Hotel,0,1,2016,May,20,14,1,1,2,0.0,0,BB,ITA,Online TA,TA/TO,0,0,0,E,E,0,No Deposit,240.0,0,Transient,115.0,1,0
Resort Hotel,0,0,2016,May,21,15,1,0,2,0.0,0,HB,ESP,Direct,Direct,0,0,0,A,A,0,No Deposit,250.0,0,Transient,135.0,1,0
Resort Hotel,0,6,2016,May,21,15,1,0,2,0.0,0,BB,GBR,Online TA,TA/TO,0,0,0,D,I,2,No Deposit,240.0,0,Transient,96.0,0,1
Resort Hotel,0,7,2016,May,21,16,3,8,2,0.0,0,BB,GBR,Online TA,TA/TO,0,0,0,D,D,0,No Deposit,,0,Transient,96.0,0,1
Resort Hotel,0,26,2016,May,19,7,3,6,2,0.0,0,SC,PRT,Groups,TA/TO,0,0,0,A,I,1,No Deposit,15.0,2,Transient-Party,0.0,0,0
Resort Hotel,0,1,2016,May,21,17,0,2,2,0.0,0,BB,PRT,Corporate,Corporate,0,0,0,A,A,1,No Deposit,,0,Transient-Party,63.0,0,0
Resort Hotel,0,1,2016,May,21,17,0,2,2,0.0,0,BB,PRT,Corporate,Corporate,0,0,0,A,A,1,No Deposit,,0,Transient-Party,63.0,0,0
Resort Hotel,0,75,2016,May,20,10,2,5,2,0.0,0,HB,BEL,Direct,Direct,0,0,0,E,E,0,No Deposit,250.0,0,Transient,114.3,1,0
Resort Hotel,0,90,2016,May,20,10,2,5,2,0.0,0,BB,BEL,Direct,Direct,0,0,0,D,D,0,No Deposit,250.0,0,Transient,68.0,0,0
Resort Hotel,0,175,2016,May,20,10,2,5,2,0.0,0,BB,IRL,Offline TA/TO,TA/TO,0,0,0,D,D,0,No Deposit,175.0,0,Transient,54.56,0,0
Resort Hotel,0,106,2016,May,20,10,2,5,2,0.0,0,BB,IRL,Offline TA/TO,TA/TO,0,0,0,D,D,0,No Deposit,314.0,0,Transient,52.56,0,1
Resort Hotel,0,6,2016,May,20,14,2,1,2,0.0,0,BB,DEU,Online TA,TA/TO,0,0,0,E,E,0,No Deposit,240.0,0,Transient,109.0,0,1
Resort Hotel,0,140,2016,May,20,14,2,1,2,0.0,0,BB,BRA,Online TA,TA/TO,0,0,0,E,F,0,No Deposit,241.0,0,Transient,66.98,1,1
Resort Hotel,0,175,2016,May,20,10,2,5,2,0.0,0,BB,GBR,Offline TA/TO,TA/TO,0,0,0,D,D,0,No Deposit,314.0,0,Transient,52.56,0,1
Resort Hotel,0,47,2016,May,21,16,1,0,2,0.0,0,BB,ROU,Online TA,TA/TO,0,0,0,A,A,0,No Deposit,240.0,0,Transient,58.0,0,0
Resort Hotel,0,61,2016,May,20,13,2,2,2,0.0,0,BB,ESP,Online TA,TA/TO,0,0,0,D,D,0,No Deposit,240.0,0,Transient,78.25,0,1
Resort Hotel,0,116,2016,May,20,13,2,2,2,0.0,0,BB,GBR,Online TA,TA/TO,0,0,0,E,E,0,No Deposit,240.0,0,Transient,90.0,0,3
Resort Hotel,0,1,2016,May,20,14,2,1,2,0.0,0,BB,DEU,Online TA,TA/TO,0,0,0,A,B,0,No Deposit,306.0,0,Transient,53.82,1,0
Resort Hotel,0,6,2016,May,21,17,0,0,2,0.0,0,BB,PRT,Corporate,Corporate,0,0,0,D,I,0,No Deposit,,0,Transient,0.0,0,2
Resort Hotel,0,3,2016,May,21,16,1,0,2,0.0,0,BB,PRT,Corporate,Corporate,0,0,0,A,A,1,No Deposit,,0,Transient,50.0,0,0
Resort Hotel,0,116,2016,May,20,13,2,2,2,0.0,0,BB,GBR,Online TA,TA/TO,0,0,0,D,D,0,No Deposit,240.0,0,Transient,75.0,0,2
Resort Hotel,0,105,2016,May,20,13,2,3,2,0.0,0,BB,IRL,Online TA,TA/TO,0,0,0,D,D,0,No Deposit,240.0,0,Transient,75.0,0,1
Resort Hotel,0,113,2016,May,19,7,4,7,2,0.0,0,HB,GBR,Offline TA/TO,TA/TO,0,0,0,D,D,0,No Deposit,147.0,0,Transient,78.94,0,1
Resort Hotel,0,119,2016,May,20,11,2,5,2,0.0,0,BB,IRL,Offline TA/TO,TA/TO,0,0,0,E,E,0,No Deposit,175.0,0,Transient,64.79,0,0
Resort Hotel,0,4,2016,May,20,14,2,2,2,0.0,0,BB,GBR,Corporate,Corporate,0,0,0,D,D,1,No Deposit,,0,Transient,85.5,0,2
Resort Hotel,0,160,2016,May,21,17,0,1,2,0.0,0,BB,DEU,Offline TA/TO,TA/TO,0,0,0,D,F,0,No Deposit,251.0,0,Transient,59.0,0,1
Resort Hotel,0,11,2016,May,21,16,1,1,2,0.0,0,BB,PRT,Direct,Direct,0,0,0,A,A,0,No Deposit,,0,Transient,50.0,0,1
Resort Hotel,0,55,2016,May,21,17,0,1,2,0.0,0,BB,CHE,Offline TA/TO,TA/TO,0,0,0,D,F,0,No Deposit,251.0,0,Transient,59.0,0,0
Resort Hotel,0,140,2016,May,20,14,2,2,2,0.0,0,HB,AUT,Online TA,TA/TO,0,0,0,E,E,0,No Deposit,240.0,0,Transient,118.0,0,1
Resort Hotel,0,18,2016,May,21,18,0,0,2,0.0,0,BB,PRT,Online TA,TA/TO,0,0,0,A,I,0,No Deposit,240.0,0,Transient,0.0,0,0
Resort Hotel,0,90,2016,May,20,10,2,6,2,0.0,0,BB,IRL,Offline TA/TO,TA/TO,0,0,0,E,E,0,No Deposit,175.0,0,Transient,70.4,0,0
Resort Hotel,0,0,2016,May,21,16,1,1,2,0.0,0,BB,FRA,Online TA,TA/TO,0,0,0,E,E,1,No Deposit,242.0,0,Transient,79.2,0,1
Resort Hotel,0,138,2016,May,21,16,1,1,2,0.0,0,BB,PRT,Online TA,TA/TO,0,0,0,E,E,1,No Deposit,242.0,0,Transient,79.2,0,1
Resort Hotel,0,142,2016,May,20,8,4,6,2,0.0,0,BB,NLD,Online TA,TA/TO,0,0,0,D,D,0,No Deposit,240.0,0,Transient,65.7,0,1
Resort Hotel,0,90,2016,May,21,18,0,0,2,0.0,0,BB,PRT,Offline TA/TO,TA/TO,0,0,0,D,I,0,No Deposit,314.0,0,Transient,0.0,0,0
Resort Hotel,0,91,2016,May,20,9,3,7,2,0.0,0,HB,GBR,Offline TA/TO,TA/TO,0,0,0,E,E,1,No Deposit,314.0,0,Transient,91.36,0,0
Resort Hotel,0,40,2016,May,21,17,0,2,2,0.0,0,BB,FRA,Groups,TA/TO,0,0,0,A,D,0,No Deposit,248.0,0,Transient-Party,46.0,0,0
Resort Hotel,0,40,2016,May,21,17,0,2,2,0.0,0,BB,FRA,Groups,TA/TO,0,0,0,A,D,0,No Deposit,248.0,0,Transient-Party,46.0,0,0
Resort Hotel,0,40,2016,May,21,17,0,2,2,0.0,0,BB,FRA,Groups,TA/TO,0,0,0,A,D,0,No Deposit,248.0,0,Transient-Party,46.0,0,0
Resort Hotel,0,40,2016,May,21,17,0,2,2,0.0,0,BB,PRT,Groups,TA/TO,0,0,0,A,D,0,No Deposit,248.0,0,Transient-Party,46.0,0,0
Resort Hotel,0,40,2016,May,21,17,0,2,2,0.0,0,BB,FRA,Groups,TA/TO,0,0,0,A,D,0,No Deposit,248.0,0,Transient-Party,46.0,0,0
Resort Hotel,0,40,2016,May,21,17,0,2,2,0.0,0,BB,FRA,Groups,TA/TO,0,0,0,A,D,0,No Deposit,248.0,0,Transient-Party,46.0,0,0
Resort Hotel,0,40,2016,May,21,17,0,2,2,0.0,0,BB,FRA,Groups,TA/TO,0,0,0,A,B,0,No Deposit,248.0,0,Transient-Party,46.0,0,0
Resort Hotel,0,84,2016,May,20,12,2,5,2,0.0,0,HB,GBR,Offline TA/TO,TA/TO,0,0,0,D,D,0,No Deposit,243.0,0,Contract,72.75,0,0
Resort Hotel,0,114,2016,May,20,12,2,5,2,0.0,0,BB,GBR,Offline TA/TO,TA/TO,0,0,0,D,F,1,No Deposit,243.0,0,Contract,73.75,0,0
Resort Hotel,0,107,2016,May,19,5,4,10,2,0.0,0,BB,GBR,Offline TA/TO,TA/TO,0,0,0,A,A,0,No Deposit,243.0,0,Contract,38.83,0,0
Resort Hotel,0,107,2016,May,19,5,4,10,2,0.0,0,HB,GBR,Offline TA/TO,TA/TO,0,0,0,D,D,0,No Deposit,243.0,0,Contract,74.18,0,2
Resort Hotel,0,114,2016,May,20,12,2,5,2,0.0,0,BB,GBR,Offline TA/TO,TA/TO,0,0,0,A,F,1,No Deposit,243.0,0,Contract,62.4,0,0
Resort Hotel,0,110,2016,May,20,8,4,7,2,0.0,0,HB,GBR,Offline TA/TO,TA/TO,0,0,0,D,D,0,No Deposit,243.0,0,Contract,72.75,0,0
Resort Hotel,0,121,2016,May,19,7,4,8,2,0.0,0,BB,GBR,Online TA,TA/TO,0,0,0,D,D,0,No Deposit,241.0,0,Transient,48.06,0,1
Resort Hotel,0,107,2016,May,19,5,4,10,2,0.0,0,HB,GBR,Offline TA/TO,TA/TO,0,0,0,D,D,0,No Deposit,243.0,0,Contract,72.75,0,2
Resort Hotel,0,61,2016,May,21,16,1,2,2,0.0,0,BB,PRT,Direct,Direct,0,0,0,A,A,1,No Deposit,,0,Transient,50.0,0,1
Resort Hotel,0,64,2016,May,21,19,0,3,2,0.0,0,BB,PRT,Direct,Direct,0,0,0,A,C,1,No Deposit,,0,Transient,50.0,0,1
Resort Hotel,0,107,2016,May,19,5,4,10,2,0.0,0,HB,GBR,Offline TA/TO,TA/TO,0,0,0,D,D,0,No Deposit,243.0,0,Contract,72.75,0,2
Resort Hotel,0,21,2016,May,21,17,0,2,2,0.0,0,BB,PRT,Direct,Direct,0,0,0,A,D,0,No Deposit,,0,Transient,50.0,0,1
Resort Hotel,0,145,2016,May,20,9,3,7,2,0.0,0,BB,GBR,Online TA,TA/TO,0,0,0,A,A,0,No Deposit,240.0,0,Transient,54.2,0,2
Resort Hotel,0,108,2016,May,20,14,2,3,2,0.0,0,HB,ESP,Direct,Direct,0,0,0,D,D,1,No Deposit,250.0,0,Transient,97.2,1,1
Resort Hotel,0,1,2016,May,21,16,1,2,2,0.0,0,BB,PRT,Online TA,TA/TO,0,0,0,E,E,0,No Deposit,240.0,0,Transient,115.0,1,1
Resort Hotel,0,0,2016,May,21,19,0,0,2,0.0,0,BB,CN,Online TA,TA/TO,1,0,0,A,I,0,No Deposit,240.0,0,Transient,0.0,0,0
Resort Hotel,0,3,2016,May,21,16,1,3,2,0.0,0,BB,GBR,Online TA,TA/TO,0,0,0,F,F,0,No Deposit,241.0,0,Transient,87.05,0,0
Resort Hotel,0,99,2016,May,20,11,2,7,2,0.0,0,BB,IRL,Online TA,TA/TO,0,0,0,D,D,0,No Deposit,240.0,0,Transient,73.0,0,1
Resort Hotel,0,21,2016,May,21,16,1,3,2,0.0,0,BB,GBR,Online TA,TA/TO,0,0,0,E,E,0,No Deposit,240.0,0,Transient,111.0,1,1
Resort Hotel,0,44,2016,May,21,18,0,2,2,0.0,0,BB,ESP,Online TA,TA/TO,0,0,0,A,A,0,No Deposit,240.0,0,Transient,81.0,1,1
Resort Hotel,0,36,2016,May,21,16,1,3,2,0.0,0,BB,ESP,Online TA,TA/TO,0,0,0,A,A,1,No Deposit,240.0,0,Transient,75.0,0,1
Resort Hotel,0,0,2016,May,21,19,0,1,2,0.0,0,BB,CHE,Offline TA/TO,TA/TO,0,0,0,A,D,0,No Deposit,95.0,0,Transient,46.0,0,1
Resort Hotel,0,0,2016,May,21,19,0,1,2,0.0,0,BB,FRA,Direct,Direct,0,0,0,A,G,0,No Deposit,,0,Transient,119.0,0,0
Resort Hotel,0,0,2016,May,21,19,0,1,2,0.0,0,BB,FRA,Direct,Direct,0,0,0,A,B,0,No Deposit,,0,Transient,89.0,1,0
Resort Hotel,0,112,2016,May,21,17,0,3,2,0.0,0,BB,BRA,Online TA,TA/TO,0,0,0,E,E,0,No Deposit,240.0,0,Transient,94.0,1,1
Resort Hotel,0,2,2016,May,21,19,0,1,2,0.0,0,BB,PRT,Offline TA/TO,TA/TO,0,0,0,A,A,0,No Deposit,10.0,0,Transient,72.0,0,0
Resort Hotel,0,5,2016,May,21,19,0,1,2,0.0,0,BB,IRL,Direct,Direct,0,0,0,F,F,1,No Deposit,250.0,0,Transient,119.0,0,0
Resort Hotel,0,81,2016,May,21,17,0,3,2,0.0,0,BB,PRT,Direct,Direct,0,0,0,A,F,0,No Deposit,,0,Transient,62.0,1,0
Resort Hotel,0,123,2016,May,21,15,2,3,2,0.0,0,BB,GBR,Online TA,TA/TO,0,0,0,E,E,0,No Deposit,240.0,0,Transient,85.2,1,2
Resort Hotel,0,35,2016,May,20,14,2,4,2,0.0,0,BB,GBR,Online TA,TA/TO,0,0,0,D,D,0,No Deposit,147.0,0,Transient-Party,53.87,0,0
Resort Hotel,0,7,2016,May,21,15,2,3,2,0.0,0,HB,PRT,Online TA,TA/TO,0,0,0,D,D,0,No Deposit,240.0,0,Transient,126.0,0,1
Resort Hotel,0,204,2016,May,20,12,2,6,2,0.0,0,BB,IRL,Online TA,TA/TO,0,0,0,G,G,0,No Deposit,240.0,0,Transient,101.7,0,0
Resort Hotel,0,76,2016,May,20,12,2,6,2,0.0,0,BB,IRL,Online TA,TA/TO,0,0,0,D,D,0,No Deposit,240.0,0,Transient,78.25,0,2
Resort Hotel,0,25,2016,May,21,16,1,3,2,0.0,0,BB,PRT,Direct,Direct,0,0,0,G,G,1,No Deposit,,0,Transient,135.0,0,2
Resort Hotel,0,96,2016,May,20,14,2,5,2,0.0,0,BB,NLD,Offline TA/TO,TA/TO,0,0,0,D,D,0,No Deposit,314.0,0,Transient,55.0,0,0
Resort Hotel,0,46,2016,May,21,20,0,1,2,0.0,0,BB,CN,Online TA,TA/TO,0,0,0,E,E,0,No Deposit,241.0,0,Transient,73.15,1,1
Resort Hotel,0,48,2016,May,21,20,0,1,2,0.0,0,BB,ITA,Online TA,TA/TO,0,0,0,A,D,1,No Deposit,240.0,0,Transient,83.0,1,0
Resort Hotel,0,31,2016,May,21,20,0,1,2,0.0,0,BB,AUT,Offline TA/TO,TA/TO,0,0,0,D,D,0,No Deposit,,0,Transient,59.0,0,0
Resort Hotel,0,23,2016,May,21,19,0,2,2,0.0,0,BB,PRT,Online TA,TA/TO,0,0,0,A,C,0,No Deposit,240.0,0,Transient,93.0,1,0
Resort Hotel,0,2,2016,May,21,19,0,2,2,0.0,0,BB,CN,Online TA,TA/TO,0,0,0,A,A,0,No Deposit,240.0,0,Transient,95.0,1,1
Resort Hotel,0,3,2016,May,21,19,0,2,2,0.0,0,BB,ESP,Online TA,TA/TO,0,0,0,A,A,0,No Deposit,314.0,0,Transient,69.2,1,0
Resort Hotel,0,4,2016,May,21,18,0,3,2,0.0,0,BB,NLD,Online TA,TA/TO,0,0,0,E,F,1,No Deposit,240.0,0,Transient,119.0,0,0
Resort Hotel,0,25,2016,May,21,15,2,4,2,0.0,0,BB,IRL,Direct,Direct,0,0,0,F,F,0,No Deposit,,0,Transient-Party,117.0,0,2
Resort Hotel,0,33,2016,May,21,15,2,4,2,0.0,0,BB,IRL,Online TA,TA/TO,0,0,0,D,D,0,No Deposit,240.0,0,Transient-Party,90.0,0,1
Resort Hotel,0,33,2016,May,21,15,2,4,2,0.0,0,BB,IRL,Online TA,TA/TO,0,0,0,D,D,0,No Deposit,240.0,0,Transient-Party,91.67,0,1
Resort Hotel,0,6,2016,May,21,19,0,2,2,0.0,0,BB,ESP,Online TA,TA/TO,0,0,0,D,D,0,No Deposit,240.0,0,Transient,94.0,0,1
Resort Hotel,0,0,2016,May,21,17,0,4,2,0.0,0,BB,PRT,Online TA,TA/TO,0,0,0,A,A,0,No Deposit,240.0,0,Transient,101.0,0,0
Resort Hotel,0,173,2016,May,20,14,2,5,2,0.0,0,BB,SWE,Online TA,TA/TO,0,0,0,A,A,0,No Deposit,241.0,0,Transient,43.16,0,1
Resort Hotel,0,129,2016,May,20,14,2,5,2,0.0,0,BB,IRL,Offline TA/TO,TA/TO,0,0,0,E,E,0,No Deposit,8.0,0,Transient,63.36,0,0
Resort Hotel,0,173,2016,May,20,14,2,5,2,0.0,0,BB,SWE,Online TA,TA/TO,0,0,0,A,A,0,No Deposit,241.0,0,Transient,43.16,0,1
Resort Hotel,0,173,2016,May,20,14,2,5,2,0.0,0,BB,PRT,Online TA,TA/TO,0,0,0,A,A,0,No Deposit,241.0,0,Transient,43.16,0,1
Resort Hotel,0,2,2016,May,21,21,0,1,2,0.0,0,BB,ESP,Online TA,TA/TO,0,0,0,A,B,0,No Deposit,240.0,0,Transient,95.0,1,1
Resort Hotel,0,2,2016,May,21,21,0,1,2,0.0,0,BB,ESP,Online TA,TA/TO,0,0,0,A,A,0,No Deposit,240.0,0,Transient,89.0,0,1
Resort Hotel,0,86,2016,May,21,18,0,4,2,0.0,0,HB,DEU,Offline TA/TO,TA/TO,0,0,0,D,E,0,No Deposit,75.0,0,Transient,72.9,0,0
Resort Hotel,0,110,2016,May,20,8,4,10,2,0.0,0,BB,GBR,Offline TA/TO,TA/TO,0,0,0,D,D,0,No Deposit,243.0,0,Contract,48.61,0,0
Resort Hotel,0,117,2016,May,21,15,2,5,2,0.0,0,BB,GBR,Offline TA/TO,TA/TO,0,0,0,A,A,0,No Deposit,243.0,0,Contract,37.4,0,0
Resort Hotel,0,83,2016,May,21,15,2,5,2,0.0,0,BB,GBR,Direct,Direct,0,0,0,E,E,0,No Deposit,,0,Transient,76.43,0,0
Resort Hotel,0,99,2016,May,21,15,2,5,2,0.0,0,BB,GBR,Offline TA/TO,TA/TO,0,0,0,D,D,0,No Deposit,8.0,0,Transient,52.56,0,0
Resort Hotel,0,60,2016,May,21,15,2,5,2,0.0,0,BB,GBR,Offline TA/TO,TA/TO,0,0,0,D,D,0,No Deposit,8.0,0,Transient,53.99,0,0
Resort Hotel,0,20,2016,May,21,19,0,3,2,0.0,0,HB,ESP,Online TA,TA/TO,0,0,0,A,A,0,No Deposit,240.0,0,Transient,107.0,0,1
Resort Hotel,0,117,2016,May,21,15,2,5,2,0.0,0,BB,GBR,Offline TA/TO,TA/TO,0,0,0,A,A,0,No Deposit,243.0,0,Contract,37.4,0,0
Resort Hotel,0,73,2016,May,21,16,1,5,2,0.0,0,BB,PRT,Direct,Direct,0,0,0,A,A,0,No Deposit,,0,Transient,127.3,0,0
Resort Hotel,0,114,2016,May,21,20,0,2,2,0.0,0,BB,PRT,Offline TA/TO,TA/TO,0,0,0,A,A,0,No Deposit,95.0,0,Transient,41.4,0,0
Resort Hotel,0,3,2016,May,21,20,0,2,2,0.0,0,BB,ESP,Online TA,TA/TO,0,0,0,A,F,0,No Deposit,240.0,0,Transient,95.0,1,0
Resort Hotel,0,3,2016,May,21,20,0,2,2,0.0,0,BB,ESP,Online TA,TA/TO,0,0,0,A,F,0,No Deposit,240.0,0,Transient,89.0,0,0
Resort Hotel,0,5,2016,May,21,21,0,1,2,0.0,0,BB,ESP,Online TA,TA/TO,0,0,0,A,A,0,No Deposit,196.0,0,Transient,79.0,1,0
Resort Hotel,0,1,2016,May,21,20,0,2,2,0.0,0,BB,ESP,Online TA,TA/TO,0,0,0,A,A,0,No Deposit,240.0,0,Transient,89.0,0,1
Resort Hotel,0,122,2016,May,21,17,2,5,2,0.0,0,HB,DEU,Offline TA/TO,TA/TO,0,0,0,D,D,2,No Deposit,314.0,0,Transient,83.13,1,0
Resort Hotel,0,11,2016,May,21,19,0,3,2,0.0,0,BB,ESP,Online TA,TA/TO,0,0,0,A,A,0,No Deposit,240.0,0,Transient,85.0,1,1
Resort Hotel,0,178,2016,May,21,20,0,2,2,0.0,0,HB,PRT,Online TA,TA/TO,0,0,0,D,D,0,No Deposit,240.0,0,Transient,103.0,0,1
Resort Hotel,0,4,2016,May,21,20,0,2,2,0.0,0,BB,PRT,Online TA,TA/TO,0,0,0,A,F,0,No Deposit,240.0,0,Transient,115.0,1,0
Resort Hotel,0,5,2016,May,21,21,0,1,2,0.0,0,BB,PRT,Online TA,TA/TO,0,0,0,A,D,0,No Deposit,240.0,0,Transient,85.0,1,1
Resort Hotel,0,17,2016,May,21,19,0,3,2,0.0,0,BB,GBR,Direct,Direct,0,0,0,A,I,0,No Deposit,,0,Transient,110.0,0,0
Resort Hotel,0,62,2016,May,22,22,2,2,2,0.0,0,BB,GBR,Offline TA/TO,Direct,0,0,0,A,A,0,No Deposit,115.0,0,Transient,45.1,0,0
Resort Hotel,0,73,2016,May,21,19,1,3,2,0.0,0,BB,GBR,Online TA,TA/TO,0,0,0,E,E,0,No Deposit,314.0,0,Transient,75.9,0,1
Resort Hotel,0,189,2016,May,21,16,2,5,2,0.0,0,HB,POL,Offline TA/TO,TA/TO,0,0,0,E,E,1,No Deposit,315.0,0,Transient-Party,82.95,0,1
Resort Hotel,0,1,2016,May,22,22,1,0,2,0.0,0,BB,ESP,Online TA,TA/TO,0,0,0,A,A,0,No Deposit,240.0,0,Transient,89.0,1,1
Resort Hotel,0,165,2016,May,22,22,1,0,2,0.0,0,BB,CHE,Offline TA/TO,TA/TO,0,0,0,D,F,0,No Deposit,251.0,0,Transient,59.0,0,1
Resort Hotel,0,83,2016,May,21,18,1,4,2,0.0,0,BB,GBR,Online TA,TA/TO,0,0,0,E,F,1,No Deposit,240.0,0,Transient,95.6,1,1
Resort Hotel,0,17,2016,May,20,13,3,7,2,0.0,0,HB,DEU,Direct,Direct,0,0,0,A,E,0,No Deposit,,0,Transient,106.0,1,0
Resort Hotel,0,132,2016,May,21,17,1,5,2,0.0,0,BB,DEU,Online TA,TA/TO,0,0,0,D,D,0,No Deposit,240.0,0,Transient,71.7,1,1
Resort Hotel,0,36,2016,May,21,18,1,4,2,0.0,0,BB,ITA,Online TA,TA/TO,0,0,0,A,A,2,No Deposit,240.0,0,Transient,89.0,1,1
Resort Hotel,0,193,2016,May,21,16,2,5,2,0.0,0,BB,GBR,Offline TA/TO,TA/TO,0,0,0,E,E,0,No Deposit,115.0,0,Transient,63.0,0,1
Resort Hotel,0,68,2016,May,21,20,1,2,2,0.0,0,BB,USA,Online TA,TA/TO,0,0,0,A,A,1,No Deposit,240.0,0,Transient,56.0,0,0
Resort Hotel,0,128,2016,May,20,14,3,6,2,0.0,0,BB,POL,Online TA,TA/TO,0,0,0,D,D,0,No Deposit,240.0,0,Transient,65.7,0,3
Resort Hotel,0,0,2016,May,22,22,1,0,2,0.0,0,BB,FRA,Online TA,TA/TO,0,0,0,A,D,0,No Deposit,240.0,0,Transient,89.0,0,0
Resort Hotel,0,74,2016,May,20,14,3,6,2,0.0,0,BB,POL,Direct,Direct,0,0,0,E,E,0,No Deposit,,0,Transient,70.0,0,0
Resort Hotel,0,76,2016,May,21,18,1,4,2,0.0,0,HB,FRA,Online TA,TA/TO,0,0,0,G,G,2,No Deposit,240.0,0,Transient,179.0,1,0
Resort Hotel,0,129,2016,May,22,23,0,0,2,0.0,0,BB,PRT,Online TA,TA/TO,0,0,0,A,I,0,No Deposit,240.0,0,Transient,0.0,0,2
Resort Hotel,0,126,2016,May,21,17,2,5,2,0.0,0,BB,IRL,Online TA,TA/TO,0,0,0,A,A,0,No Deposit,240.0,0,Transient,54.2,0,2
Resort Hotel,0,119,2016,May,20,14,4,6,2,0.0,0,BB,IRL,Online TA,TA/TO,0,0,0,A,A,0,No Deposit,240.0,0,Transient,64.0,0,0
Resort Hotel,0,173,2016,May,21,19,2,3,2,0.0,0,BB,IRL,Online TA,TA/TO,0,0,0,A,A,0,No Deposit,240.0,0,Transient,52.2,0,1
Resort Hotel,0,143,2016,May,21,17,2,5,2,0.0,0,HB,GBR,Offline TA/TO,TA/TO,0,0,0,A,A,0,No Deposit,143.0,0,Transient,67.4,0,0
Resort Hotel,0,125,2016,May,21,17,2,5,2,0.0,0,BB,IRL,Offline TA/TO,TA/TO,0,0,0,A,A,0,No Deposit,175.0,0,Transient,41.76,0,0
Resort Hotel,0,129,2016,May,21,21,2,1,2,0.0,0,BB,GBR,Offline TA/TO,TA/TO,0,0,0,A,A,0,No Deposit,177.0,0,Transient,41.4,0,0
Resort Hotel,0,129,2016,May,21,21,2,1,2,0.0,0,BB,GBR,Offline TA/TO,TA/TO,0,0,0,A,A,1,No Deposit,177.0,0,Transient,41.4,0,0
Resort Hotel,0,92,2016,May,21,17,2,5,2,0.0,0,BB,POL,Online TA,TA/TO,0,0,0,A,A,0,No Deposit,240.0,0,Transient,58.0,0,1
Resort Hotel,0,38,2016,May,21,17,2,5,2,0.0,0,BB,GBR,Online TA,TA/TO,0,0,0,G,G,7,No Deposit,240.0,0,Transient,135.0,0,1
Resort Hotel,0,2,2016,May,22,23,1,0,2,0.0,0,BB,POL,Corporate,Corporate,0,0,0,D,D,0,No Deposit,110.0,0,Transient-Party,85.0,0,2
Resort Hotel,0,217,2016,May,21,17,2,5,2,0.0,0,BB,GBR,Offline TA/TO,TA/TO,0,0,0,E,E,0,No Deposit,40.0,0,Transient,56.96,0,0
Resort Hotel,0,47,2016,May,21,21,2,1,2,0.0,0,BB,FRA,Online TA,TA/TO,0,0,0,E,E,0,No Deposit,240.0,0,Transient-Party,106.33,1,1
Resort Hotel,0,47,2016,May,21,21,2,1,2,0.0,0,BB,FRA,Online TA,TA/TO,0,0,0,E,E,0,No Deposit,240.0,0,Transient-Party,105.0,0,1
Resort Hotel,0,86,2016,May,22,22,2,0,2,0.0,0,BB,PRT,Direct,Direct,0,0,0,F,F,1,No Deposit,,0,Transient,96.0,1,1
Resort Hotel,0,101,2016,May,21,17,2,5,2,0.0,0,BB,IRL,Offline TA/TO,TA/TO,0,0,0,D,D,0,No Deposit,314.0,0,Transient,52.56,0,0
Resort Hotel,0,2,2016,May,22,23,1,0,2,0.0,0,BB,GBR,Corporate,Corporate,0,0,0,D,D,0,No Deposit,110.0,0,Transient-Party,85.0,0,3
Resort Hotel,0,2,2016,May,22,23,1,0,2,0.0,0,BB,GBR,Corporate,Corporate,0,0,0,D,D,0,No Deposit,110.0,0,Transient-Party,85.0,0,3
Resort Hotel,0,5,2016,May,21,21,2,1,2,0.0,0,BB,PRT,Direct,Direct,0,0,0,A,A,0,No Deposit,250.0,0,Transient,95.0,1,1
Resort Hotel,0,80,2016,May,21,19,2,3,2,0.0,0,BB,NLD,Online TA,TA/TO,0,0,0,A,C,0,No Deposit,240.0,0,Transient,68.2,1,1
Resort Hotel,0,133,2016,May,21,17,2,5,2,0.0,0,BB,GBR,Offline TA/TO,TA/TO,0,0,0,E,E,0,No Deposit,175.0,0,Transient,65.36,0,0
Resort Hotel,0,18,2016,May,21,20,2,2,2,0.0,0,BB,GBR,Offline TA/TO,TA/TO,0,0,0,A,A,0,No Deposit,8.0,0,Transient,47.0,0,0
Resort Hotel,0,0,2016,May,22,22,2,0,2,0.0,0,BB,ITA,Online TA,TA/TO,0,0,0,A,A,0,No Deposit,240.0,0,Transient,89.0,0,1
Resort Hotel,0,68,2016,May,21,18,2,4,2,0.0,0,BB,GBR,Online TA,TA/TO,0,0,0,E,E,2,No Deposit,314.0,0,Transient,74.4,1,0
Resort Hotel,0,119,2016,May,21,18,2,5,2,0.0,0,BB,IRL,Offline TA/TO,TA/TO,0,0,0,A,A,0,No Deposit,36.0,0,Transient,41.75,0,0
Resort Hotel,0,129,2016,May,22,22,2,1,2,0.0,0,BB,USA,Online TA,TA/TO,0,0,0,D,E,0,No Deposit,240.0,0,Transient,65.7,0,2
Resort Hotel,0,106,2016,May,21,18,2,5,2,0.0,0,BB,GBR,Offline TA/TO,TA/TO,0,0,0,A,C,0,No Deposit,95.0,0,Transient,41.4,0,0
Resort Hotel,0,165,2016,May,21,17,2,6,2,0.0,0,BB,GBR,Online TA,TA/TO,0,0,0,A,A,1,No Deposit,240.0,0,Transient,52.2,0,2
Resort Hotel,0,17,2016,May,22,22,2,1,2,0.0,0,BB,IRL,Online TA,TA/TO,0,0,0,D,F,0,No Deposit,240.0,0,Transient,96.0,0,1
Resort Hotel,0,133,2016,May,21,18,2,5,2,0.0,0,BB,GBR,Online TA,TA/TO,0,0,0,A,A,0,No Deposit,240.0,0,Transient,52.2,0,1
Resort Hotel,0,32,2016,May,21,18,2,5,2,0.0,0,BB,CHE,Direct,Direct,0,0,0,F,F,0,No Deposit,250.0,0,Transient,121.0,1,1
Resort Hotel,0,27,2016,May,22,24,0,1,2,0.0,0,BB,PRT,Complementary,Direct,0,0,0,A,G,0,No Deposit,,0,Transient,0.0,1,0
Resort Hotel,0,127,2016,May,22,24,0,1,2,0.0,0,BB,FRA,Online TA,TA/TO,0,0,0,D,G,0,No Deposit,242.0,0,Transient,71.7,1,1
Resort Hotel,0,148,2016,May,22,24,0,1,2,0.0,0,BB,DEU,Offline TA/TO,TA/TO,0,0,0,D,F,0,No Deposit,251.0,0,Transient,59.0,0,0
Resort Hotel,0,132,2016,May,21,18,2,5,2,0.0,0,BB,DEU,Online TA,TA/TO,0,0,0,D,D,0,No Deposit,240.0,0,Transient,71.7,1,1
Resort Hotel,0,77,2016,May,21,18,2,5,2,0.0,0,BB,IRL,Direct,Direct,0,0,0,D,D,0,No Deposit,250.0,0,Transient,66.51,0,0
Resort Hotel,0,40,2016,May,22,23,1,1,2,0.0,0,BB,USA,Online TA,TA/TO,0,0,0,E,F,1,No Deposit,240.0,0,Transient,111.0,1,2
Resort Hotel,0,129,2016,May,22,22,2,1,2,0.0,0,BB,USA,Online TA,TA/TO,0,0,0,D,E,0,No Deposit,240.0,0,Transient,71.7,1,2
Resort Hotel,0,127,2016,May,22,24,0,1,2,0.0,0,BB,GBR,Direct,Direct,0,0,0,A,H,0,No Deposit,250.0,0,Transient,45.05,0,0
Resort Hotel,0,69,2016,May,22,24,0,1,2,0.0,0,BB,CN,Online TA,TA/TO,0,0,0,E,E,0,No Deposit,242.0,0,Transient,95.0,1,0
Resort Hotel,0,64,2016,May,22,23,1,1,2,0.0,0,BB,PRT,Online TA,TA/TO,0,0,0,D,E,0,No Deposit,240.0,0,Transient,80.0,0,1
Resort Hotel,0,132,2016,May,21,16,3,6,2,0.0,0,HB,MYS,Offline TA/TO,TA/TO,0,0,0,A,A,0,No Deposit,177.0,0,Transient,66.8,0,0
Resort Hotel,0,66,2016,May,21,18,2,5,2,0.0,0,BB,GBR,Online TA,TA/TO,0,0,0,E,E,0,No Deposit,241.0,0,Transient,70.92,0,0
Resort Hotel,0,133,2016,May,21,20,2,3,2,0.0,0,BB,PRT,Online TA,TA/TO,0,0,0,A,A,1,No Deposit,240.0,0,Transient,58.2,1,1
Resort Hotel,0,24,2016,May,22,22,2,1,2,0.0,0,BB,PRT,Online TA,TA/TO,0,0,0,D,F,0,No Deposit,240.0,0,Transient,90.0,0,2
Resort Hotel,0,3,2016,May,22,22,2,1,2,0.0,0,BB,PRT,Online TA,TA/TO,0,0,0,A,C,0,No Deposit,240.0,0,Transient,89.0,0,1
Resort Hotel,0,84,2016,May,21,18,2,5,2,0.0,0,BB,BEL,Online TA,TA/TO,0,0,0,A,A,0,No Deposit,240.0,0,Transient,63.0,0,1
Resort Hotel,0,104,2016,May,21,17,2,7,2,0.0,0,BB,IRL,Direct,Direct,0,0,0,D,D,0,No Deposit,250.0,0,Transient,61.2,0,0
Resort Hotel,0,143,2016,May,21,17,2,7,2,0.0,0,BB,IRL,Online TA,TA/TO,0,0,0,A,A,0,No Deposit,240.0,0,Transient,52.2,0,0
Resort Hotel,0,101,2016,May,21,21,2,3,2,0.0,0,BB,IRL,Online TA,TA/TO,0,0,0,A,C,0,No Deposit,242.0,0,Transient,58.0,0,1
Resort Hotel,0,154,2016,May,21,17,2,7,2,0.0,0,BB,BEL,Online TA,TA/TO,0,0,0,A,A,0,No Deposit,240.0,0,Transient,58.2,1,1
Resort Hotel,0,154,2016,May,21,17,2,7,2,0.0,0,BB,BEL,Online TA,TA/TO,0,0,0,A,A,0,No Deposit,240.0,0,Transient,52.2,0,1
Resort Hotel,0,121,2016,May,21,19,2,5,2,0.0,0,HB,GBR,Offline TA/TO,TA/TO,0,0,0,A,A,0,No Deposit,243.0,0,Contract,63.4,0,0
Resort Hotel,0,114,2016,May,20,12,4,10,2,0.0,0,HB,GBR,Offline TA/TO,TA/TO,0,0,0,D,D,0,No Deposit,243.0,0,Contract,72.75,0,0
Resort Hotel,0,70,2016,May,21,19,2,5,2,0.0,0,HB,GBR,Offline TA/TO,TA/TO,0,0,0,A,A,0,No Deposit,243.0,0,Contract,63.4,0,0
Resort Hotel,0,118,2016,May,21,19,2,5,2,0.0,0,BB,GBR,Offline TA/TO,TA/TO,0,0,0,A,A,0,No Deposit,243.0,0,Contract,37.4,0,0
Resort Hotel,0,121,2016,May,21,19,2,5,2,0.0,0,BB,GBR,Offline TA/TO,TA/TO,0,0,0,D,D,0,No Deposit,243.0,0,Contract,48.18,0,0
Resort Hotel,0,127,2016,May,21,19,2,5,2,0.0,0,BB,GBR,Offline TA/TO,TA/TO,0,0,0,D,D,0,No Deposit,40.0,0,Contract,48.75,0,0
Resort Hotel,0,79,2016,May,21,21,2,3,2,0.0,0,BB,GBR,Online TA,TA/TO,0,0,0,D,D,0,No Deposit,240.0,0,Transient,80.0,0,0
Resort Hotel,0,88,2016,May,22,24,0,2,2,0.0,0,BB,AUS,Online TA,TA/TO,0,0,0,A,G,0,No Deposit,240.0,0,Transient,70.0,0,0
Resort Hotel,0,70,2016,May,21,19,2,5,2,0.0,0,HB,GBR,Offline TA/TO,TA/TO,0,0,0,D,D,0,No Deposit,243.0,0,Contract,74.75,0,1
Resort Hotel,0,121,2016,May,21,19,2,5,2,0.0,0,BB,GBR,Offline TA/TO,TA/TO,0,0,0,A,A,0,No Deposit,243.0,0,Contract,37.4,0,0
Resort Hotel,0,80,2016,May,21,19,2,5,2,0.0,0,BB,GBR,Offline TA/TO,TA/TO,0,0,0,D,D,0,No Deposit,5.0,0,Transient,56.72,0,0
Resort Hotel,0,121,2016,May,21,19,2,5,2,0.0,0,BB,GBR,Offline TA/TO,TA/TO,0,0,0,A,A,0,No Deposit,243.0,0,Contract,39.4,0,0
Resort Hotel,0,114,2016,May,20,12,4,10,2,0.0,0,BB,GBR,Offline TA/TO,TA/TO,0,0,0,A,A,0,No Deposit,243.0,0,Contract,38.83,0,0
Resort Hotel,0,124,2016,May,21,16,3,7,2,0.0,0,HB,DEU,Offline TA/TO,TA/TO,0,0,0,E,E,0,No Deposit,75.0,0,Contract,81.05,0,0
Resort Hotel,0,106,2016,May,21,19,2,5,2,0.0,0,BB,GBR,Offline TA/TO,TA/TO,0,0,0,D,D,0,No Deposit,40.0,0,Contract,46.75,0,1
Resort Hotel,0,69,2016,May,22,25,0,1,2,0.0,0,BB,CN,Online TA,TA/TO,0,0,0,F,F,0,No Deposit,241.0,0,Transient,80.85,1,0
Resort Hotel,0,100,2016,May,22,25,0,1,2,0.0,0,BB,CHE,Offline TA/TO,TA/TO,0,0,0,D,F,0,No Deposit,251.0,0,Transient,59.0,0,0
Resort Hotel,0,70,2016,May,21,19,2,5,2,0.0,0,BB,IRL,Offline TA/TO,TA/TO,0,0,0,D,D,0,No Deposit,243.0,0,Contract,48.75,0,0
Resort Hotel,0,97,2016,May,22,22,2,2,2,0.0,0,BB,CN,Online TA,TA/TO,0,0,0,A,A,0,No Deposit,240.0,0,Transient,66.0,1,1
Resort Hotel,0,142,2016,May,22,25,0,1,2,0.0,0,BB,DEU,Offline TA/TO,TA/TO,0,0,0,D,E,0,No Deposit,251.0,0,Transient,59.0,0,0
Resort Hotel,0,70,2016,May,21,19,2,5,2,0.0,0,HB,GBR,Offline TA/TO,TA/TO,0,0,0,A,A,0,No Deposit,243.0,0,Contract,37.4,0,0
Resort Hotel,0,70,2016,May,21,19,2,5,2,0.0,0,BB,GBR,Offline TA/TO,TA/TO,0,0,0,A,A,0,No Deposit,243.0,0,Contract,39.4,0,0
Resort Hotel,0,97,2016,May,22,22,2,2,2,0.0,0,BB,CN,Online TA,TA/TO,0,0,0,A,A,0,No Deposit,240.0,0,Transient,60.0,0,1
Resort Hotel,0,70,2016,May,21,19,2,5,2,0.0,0,BB,GBR,Offline TA/TO,TA/TO,0,0,0,A,F,1,No Deposit,243.0,0,Contract,69.4,0,0
Resort Hotel,0,113,2016,May,22,25,0,1,2,0.0,0,BB,PRT,Offline TA/TO,TA/TO,0,0,0,D,E,0,No Deposit,251.0,0,Transient,59.0,0,0
Resort Hotel,0,132,2016,May,21,17,2,7,2,0.0,0,BB,IRL,Online TA,TA/TO,0,0,0,A,A,0,No Deposit,240.0,0,Transient,58.2,0,0
Resort Hotel,0,141,2016,May,22,25,0,1,2,0.0,0,BB,NOR,Offline TA/TO,TA/TO,0,0,0,D,E,0,No Deposit,251.0,0,Transient-Party,59.0,0,1
Resort Hotel,0,70,2016,May,21,19,2,5,2,0.0,0,BB,GBR,Offline TA/TO,TA/TO,0,0,0,D,D,0,No Deposit,243.0,0,Transient,55.0,0,0
Resort Hotel,0,141,2016,May,22,25,0,1,2,0.0,0,BB,NOR,Offline TA/TO,TA/TO,0,0,0,D,E,0,No Deposit,251.0,0,Transient-Party,59.0,0,1
Resort Hotel,0,74,2016,May,22,23,1,2,2,0.0,0,BB,ESP,Offline TA/TO,TA/TO,0,0,0,D,E,0,No Deposit,15.0,0,Transient,58.2,1,1
Resort Hotel,0,36,2016,May,22,23,1,2,2,0.0,0,BB,FRA,Online TA,TA/TO,0,0,0,A,C,0,No Deposit,240.0,0,Transient-Party,75.0,1,1
Resort Hotel,0,36,2016,May,22,23,1,2,2,0.0,0,BB,CHE,Online TA,TA/TO,0,0,0,A,C,0,No Deposit,240.0,0,Transient-Party,75.0,0,1
Resort Hotel,0,117,2016,May,21,21,2,3,2,0.0,0,BB,NLD,Online TA,TA/TO,0,0,0,D,D,0,No Deposit,240.0,0,Transient,73.0,0,3
Resort Hotel,0,97,2016,May,22,24,0,2,2,0.0,0,BB,PRT,Online TA,TA/TO,0,0,0,A,H,0,No Deposit,240.0,0,Transient,64.0,1,0
Resort Hotel,0,49,2016,May,22,25,0,1,2,0.0,0,BB,USA,Offline TA/TO,TA/TO,0,0,0,F,F,0,No Deposit,360.0,0,Transient-Party,105.0,0,1
Resort Hotel,0,53,2016,May,22,22,2,2,2,0.0,0,BB,BEL,Online TA,TA/TO,0,0,0,A,A,0,No Deposit,240.0,0,Transient,71.0,1,1
Resort Hotel,0,173,2016,May,21,19,2,5,2,0.0,0,HB,DEU,Offline TA/TO,TA/TO,0,0,0,D,D,0,No Deposit,6.0,0,Transient,75.6,0,0
Resort Hotel,0,113,2016,May,21,18,2,6,2,0.0,0,BB,IRL,Offline TA/TO,TA/TO,0,0,0,A,C,0,No Deposit,171.0,0,Transient,41.4,0,0
Resort Hotel,0,49,2016,May,22,25,0,1,2,0.0,0,BB,USA,Offline TA/TO,TA/TO,0,0,0,F,F,0,No Deposit,360.0,0,Transient-Party,105.0,0,1
Resort Hotel,0,120,2016,May,22,22,2,2,2,0.0,0,BB,GBR,Offline TA/TO,TA/TO,0,0,0,E,E,0,No Deposit,26.0,0,Transient,66.8,0,1
Resort Hotel,0,117,2016,May,21,15,4,7,2,0.0,0,BB,GBR,Offline TA/TO,TA/TO,0,0,0,A,A,1,No Deposit,243.0,0,Contract,39.4,0,0
Resort Hotel,0,112,2016,May,21,19,2,5,2,0.0,0,BB,GBR,Offline TA/TO,TA/TO,0,0,0,A,A,0,No Deposit,40.0,0,Contract,39.4,0,1
Resort Hotel,0,117,2016,May,21,15,4,7,2,0.0,0,HB,GBR,Offline TA/TO,TA/TO,0,0,0,D,D,1,No Deposit,243.0,0,Contract,74.39,0,0
Resort Hotel,0,114,2016,May,20,12,4,10,2,0.0,0,BB,GBR,Offline TA/TO,TA/TO,0,0,0,D,I,0,No Deposit,243.0,0,Contract,48.75,0,1
Resort Hotel,0,1,2016,May,22,26,1,3,2,0.0,0,BB,GBR,Direct,TA/TO,0,0,0,D,D,1,No Deposit,,0,Transient,99.0,0,1
Resort Hotel,0,251,2017,May,19,8,4,10,2,0.0,0,BB,GBR,Offline TA/TO,TA/TO,1,0,2,D,D,0,No Deposit,243.0,0,Contract,52.85,0,2
Resort Hotel,0,120,2016,May,22,22,2,2,2,0.0,0,BB,GBR,Offline TA/TO,TA/TO,0,0,0,E,E,0,No Deposit,26.0,0,Transient,66.8,0,0
Resort Hotel,0,48,2016,May,22,22,2,2,2,0.0,0,BB,ESP,Online TA,TA/TO,0,0,0,A,A,0,No Deposit,240.0,0,Transient,65.0,0,1
Resort Hotel,0,45,2016,May,21,21,2,4,2,0.0,0,BB,NLD,Online TA,TA/TO,0,0,0,A,A,0,No Deposit,240.0,0,Transient,75.0,0,1
Resort Hotel,0,37,2016,May,21,18,2,7,2,0.0,0,BB,IRL,Online TA,TA/TO,0,0,0,D,D,0,No Deposit,240.0,0,Transient,92.0,0,1
Resort Hotel,0,93,2016,May,21,18,2,7,2,0.0,0,BB,IRL,Online TA,TA/TO,0,0,0,E,E,1,No Deposit,240.0,0,Transient,90.0,0,3
Resort Hotel,0,52,2016,May,22,22,2,3,2,0.0,0,BB,CN,Online TA,TA/TO,0,0,0,F,F,0,No Deposit,241.0,0,Transient,85.16,0,1
Resort Hotel,0,126,2016,May,22,25,0,2,2,0.0,0,BB,ISR,Online TA,TA/TO,0,0,0,E,F,0,No Deposit,241.0,0,Transient,66.98,1,1
Resort Hotel,0,57,2016,May,22,26,0,1,2,0.0,0,BB,DEU,Offline TA/TO,TA/TO,0,0,0,D,E,0,No Deposit,251.0,0,Transient,95.0,0,0
Resort Hotel,0,89,2016,May,21,18,2,7,2,0.0,0,HB,GBR,Direct,Direct,0,0,0,E,E,0,No Deposit,,0,Transient,106.7,0,1
Resort Hotel,0,14,2016,May,22,22,2,3,2,0.0,0,BB,DEU,Online TA,TA/TO,0,0,0,A,A,0,No Deposit,240.0,0,Transient,79.0,0,1
Resort Hotel,0,25,2016,May,22,25,0,2,2,0.0,0,BB,CN,Online TA,TA/TO,0,0,0,A,A,1,No Deposit,242.0,0,Transient,91.0,1,1
Resort Hotel,0,90,2016,May,22,22,2,3,2,0.0,0,BB,ESP,Direct,Direct,0,0,0,D,D,0,No Deposit,250.0,0,Transient,68.0,0,0
Resort Hotel,0,65,2016,May,21,20,2,5,2,0.0,0,HB,NLD,Offline TA/TO,TA/TO,0,0,0,D,D,0,No Deposit,128.0,0,Transient,77.5,0,0
Resort Hotel,0,0,2016,May,22,26,0,1,2,0.0,0,BB,ESP,Online TA,Direct,0,0,0,A,A,0,No Deposit,,0,Transient,119.0,0,1
Resort Hotel,0,64,2016,May,22,25,0,2,2,0.0,0,BB,PRT,Online TA,TA/TO,0,0,0,D,E,0,No Deposit,240.0,0,Transient-Party,87.5,0,1
Resort Hotel,0,124,2016,May,21,21,2,5,2,0.0,0,BB,IRL,Offline TA/TO,TA/TO,0,0,0,D,D,0,No Deposit,175.0,0,Transient,54.56,0,0
Resort Hotel,0,126,2016,May,21,21,2,5,2,0.0,0,BB,IRL,Online TA,TA/TO,0,0,0,E,E,0,No Deposit,240.0,0,Transient,90.0,0,2
Resort Hotel,0,147,2016,May,21,21,2,5,2,0.0,0,BB,GBR,Online TA,TA/TO,0,0,0,E,E,0,No Deposit,240.0,0,Transient,81.2,0,2
Resort Hotel,0,136,2016,May,21,21,2,5,2,0.0,0,BB,GBR,Offline TA/TO,TA/TO,0,0,0,D,D,0,No Deposit,314.0,0,Transient,52.56,0,0
Resort Hotel,0,94,2016,May,21,21,2,5,2,0.0,0,BB,PRT,Online TA,TA/TO,0,0,0,D,D,0,No Deposit,240.0,0,Transient,73.0,0,1
Resort Hotel,0,125,2016,May,22,22,2,4,2,0.0,0,BB,NLD,Online TA,TA/TO,0,0,0,A,A,0,No Deposit,241.0,0,Transient,43.66,0,1
Resort Hotel,0,128,2016,May,21,21,2,5,2,0.0,0,BB,IRL,Online TA,TA/TO,0,0,0,D,D,0,No Deposit,241.0,0,Transient,52.59,0,1
Resort Hotel,0,183,2016,May,22,26,0,2,2,0.0,0,HB,ARG,Online TA,TA/TO,0,0,0,D,E,0,No Deposit,241.0,0,Transient,75.75,1,1
Resort Hotel,0,83,2016,May,22,24,0,4,2,0.0,0,BB,GBR,Online TA,TA/TO,0,0,0,F,F,0,No Deposit,241.0,0,Transient,83.93,0,1
Resort Hotel,0,123,2016,May,22,23,1,4,2,0.0,0,BB,IRL,Offline TA/TO,TA/TO,0,0,0,D,D,0,No Deposit,175.0,0,Transient,52.56,0,0
Resort Hotel,0,125,2016,May,22,22,2,5,2,0.0,0,BB,GBR,Offline TA/TO,TA/TO,0,0,0,D,D,0,No Deposit,243.0,0,Contract,48.75,0,0
Resort Hotel,0,176,2016,May,22,22,2,5,2,0.0,0,BB,GBR,Online TA,TA/TO,0,0,0,D,D,0,No Deposit,241.0,0,Transient,48.06,0,1
Resort Hotel,0,126,2016,May,21,21,2,6,2,0.0,0,BB,GBR,Online TA,TA/TO,0,0,0,D,D,0,No Deposit,241.0,0,Transient,50.06,0,1
Resort Hotel,0,152,2016,May,22,26,0,3,2,0.0,0,BB,PRT,Online TA,TA/TO,0,0,0,D,D,0,No Deposit,240.0,0,Transient,65.7,0,0
Resort Hotel,0,72,2016,May,22,22,2,5,2,0.0,0,BB,GBR,Offline TA/TO,TA/TO,0,0,0,D,D,0,No Deposit,243.0,0,Contract,48.75,0,0
Resort Hotel,0,94,2016,May,22,22,2,5,2,0.0,0,BB,GBR,Offline TA/TO,TA/TO,0,0,0,D,E,1,No Deposit,243.0,0,Contract,58.75,0,0
Resort Hotel,0,44,2016,May,22,27,0,2,2,0.0,0,BB,PRT,Direct,Direct,0,0,0,D,D,0,No Deposit,250.0,0,Transient,90.0,0,0
Resort Hotel,0,71,2016,May,22,25,0,4,2,0.0,0,BB,PRT,Online TA,TA/TO,0,0,0,D,D,2,No Deposit,314.0,0,Transient,54.06,1,0
Resort Hotel,0,7,2016,May,22,27,0,2,2,0.0,0,BB,PRT,Direct,Direct,0,0,0,A,A,1,No Deposit,,0,Transient,60.0,0,1
Resort Hotel,1,6,2016,May,23,29,0,0,2,0.0,0,BB,PRT,Direct,Direct,0,0,0,C,I,0,No Deposit,250.0,0,Transient,0.0,0,0
Resort Hotel,0,0,2016,May,22,28,0,1,2,0.0,0,BB,DEU,Direct,Direct,0,0,0,G,G,1,No Deposit,,0,Transient,185.0,0,0
Resort Hotel,0,133,2016,May,22,26,0,3,2,0.0,0,FB,PRT,Direct,Direct,0,0,0,F,F,0,No Deposit,,0,Transient,139.0,1,0
Resort Hotel,0,257,2016,May,22,22,2,5,2,0.0,0,BB,GBR,Offline TA/TO,TA/TO,0,0,0,A,A,0,No Deposit,314.0,0,Transient,46.4,0,1
Resort Hotel,0,109,2016,May,22,22,2,5,2,0.0,0,BB,IRL,Online TA,TA/TO,0,0,0,A,A,0,No Deposit,241.0,0,Transient,47.13,0,1
Resort Hotel,0,122,2016,May,22,22,2,5,2,0.0,0,BB,GBR,Offline TA/TO,TA/TO,0,0,0,D,D,0,No Deposit,8.0,0,Transient,54.2,0,1
Resort Hotel,0,3,2016,May,22,28,0,1,2,0.0,0,BB,PRT,Direct,Direct,0,0,0,F,F,0,No Deposit,250.0,0,Transient,195.0,1,2
Resort Hotel,0,10,2016,May,23,30,1,1,2,0.0,0,BB,GBR,Online TA,TA/TO,0,0,0,D,D,0,No Deposit,240.0,0,Transient,80.0,0,1
Resort Hotel,0,87,2016,May,21,19,3,8,2,0.0,0,FB,CN,Offline TA/TO,TA/TO,0,0,0,E,E,3,No Deposit,96.0,0,Transient,135.49,0,0
Resort Hotel,0,87,2016,May,21,19,3,8,2,0.0,0,FB,CN,Offline TA/TO,TA/TO,0,0,0,E,E,1,No Deposit,96.0,0,Transient-Party,134.4,0,0
Resort Hotel,0,223,2016,May,22,24,1,5,2,0.0,0,BB,GBR,Groups,Direct,0,0,0,A,A,4,No Deposit,,0,Transient-Party,52.0,2,0
Resort Hotel,0,100,2016,May,22,25,1,4,2,0.0,0,BB,GBR,Online TA,TA/TO,0,0,0,D,E,0,No Deposit,240.0,0,Transient,77.4,0,1
Resort Hotel,0,172,2016,May,23,29,1,0,2,0.0,0,BB,DEU,Offline TA/TO,TA/TO,0,0,0,D,H,0,No Deposit,251.0,0,Transient,59.0,0,0
Resort Hotel,0,0,2016,May,23,29,1,0,2,0.0,0,BB,CN,Offline TA/TO,TA/TO,0,0,0,A,A,0,No Deposit,96.0,0,Group,46.0,0,0
Resort Hotel,0,0,2016,May,23,29,1,0,2,0.0,0,BB,CN,Offline TA/TO,TA/TO,0,0,0,A,A,0,No Deposit,96.0,0,Group,46.0,0,0
Resort Hotel,0,0,2016,May,22,28,1,1,2,0.0,0,BB,FRA,Direct,Direct,0,0,0,A,A,1,No Deposit,,0,Transient,122.0,1,0
Resort Hotel,0,6,2016,May,23,29,1,0,2,0.0,0,BB,IND,Online TA,TA/TO,0,0,0,D,E,0,No Deposit,240.0,0,Transient,94.0,0,0
Resort Hotel,0,3,2016,May,23,29,1,0,2,0.0,0,BB,MEX,Online TA,TA/TO,0,0,0,A,A,0,No Deposit,240.0,0,Transient,85.0,1,0
Resort Hotel,0,139,2016,May,22,23,2,5,2,0.0,0,BB,IRL,Offline TA/TO,TA/TO,0,0,0,F,F,0,No Deposit,36.0,0,Transient,63.5,0,0
Resort Hotel,0,126,2016,May,22,23,2,5,2,0.0,0,BB,GBR,Offline TA/TO,TA/TO,0,0,0,D,D,0,No Deposit,243.0,0,Contract,48.75,0,1
Resort Hotel,0,4,2016,May,23,29,1,0,2,0.0,0,BB,GBR,Online TA,TA/TO,0,0,0,A,A,0,No Deposit,240.0,0,Transient,69.0,0,1
Resort Hotel,0,39,2016,May,22,28,1,1,2,0.0,0,BB,USA,Online TA,TA/TO,0,0,0,F,F,0,No Deposit,242.0,0,Transient,121.0,0,1
Resort Hotel,0,42,2016,May,23,30,2,5,2,0.0,0,BB,GBR,Direct,Direct,0,0,0,G,G,1,No Deposit,250.0,0,Transient,150.43,1,0
Resort Hotel,0,250,2016,May,22,23,2,5,2,0.0,0,BB,IRL,Direct,Direct,0,0,0,D,D,0,No Deposit,250.0,0,Transient,59.73,0,0
Resort Hotel,0,131,2016,May,23,31,2,8,2,0.0,0,BB,NLD,Offline TA/TO,TA/TO,0,0,0,D,D,0,No Deposit,71.0,0,Transient,76.0,0,0
Resort Hotel,0,0,2016,May,23,30,1,0,2,0.0,0,BB,PRT,Direct,Direct,0,0,0,A,A,0,No Deposit,,0,Transient,60.0,0,0
Resort Hotel,0,0,2016,July,32,31,1,0,2,0.0,0,BB,PRT,Direct,Direct,1,0,1,A,C,0,No Deposit,,0,Transient,155.0,1,0
Resort Hotel,0,132,2016,May,22,26,2,3,2,0.0,0,BB,ESP,Direct,Direct,0,0,0,D,D,0,No Deposit,250.0,0,Transient,57.8,0,1
Resort Hotel,0,136,2016,May,23,29,2,0,2,0.0,0,BB,USA,Direct,Direct,0,0,0,D,D,0,No Deposit,250.0,0,Transient,68.0,1,0
Resort Hotel,0,6,2016,May,23,30,1,0,2,0.0,0,BB,PRT,Online TA,TA/TO,0,0,0,A,C,0,No Deposit,240.0,0,Transient,69.0,0,1
Resort Hotel,0,1,2016,May,23,30,1,0,2,0.0,0,BB,PRT,Direct,Direct,0,0,0,A,A,0,No Deposit,,0,Transient,79.0,0,0
Resort Hotel,0,0,2016,May,23,30,1,0,2,0.0,0,BB,PRT,Direct,Direct,0,0,0,A,A,0,No Deposit,,0,Transient,69.0,0,0
Resort Hotel,0,131,2016,May,22,24,2,5,2,0.0,0,BB,PRT,Direct,Direct,0,0,0,E,E,0,No Deposit,250.0,0,Transient,83.0,0,0
Resort Hotel,0,57,2016,May,23,31,0,1,2,0.0,0,BB,DEU,Offline TA/TO,TA/TO,0,0,0,D,E,0,No Deposit,251.0,0,Transient,78.0,0,0
Resort Hotel,0,101,2016,May,22,27,2,3,2,0.0,0,BB,BRA,Online TA,TA/TO,0,0,0,A,A,0,No Deposit,241.0,0,Transient,62.82,1,1
Resort Hotel,0,7,2016,May,23,29,2,1,2,0.0,0,HB,PRT,Online TA,TA/TO,0,0,0,A,A,0,No Deposit,242.0,0,Transient,101.67,0,1
Resort Hotel,0,68,2016,May,23,30,1,1,2,0.0,0,HB,FRA,Online TA,TA/TO,0,0,0,A,A,0,No Deposit,240.0,0,Transient,97.0,1,1
Resort Hotel,0,65,2016,May,23,30,1,1,2,0.0,0,BB,USA,Online TA,TA/TO,0,0,0,E,E,0,No Deposit,240.0,0,Transient,95.0,0,0
Resort Hotel,0,1,2016,May,23,31,0,1,2,0.0,0,BB,PRT,Online TA,TA/TO,0,0,0,A,C,0,No Deposit,240.0,0,Transient,79.0,0,0
Resort Hotel,0,135,2016,May,23,29,2,1,2,0.0,0,HB,DEU,Offline TA/TO,TA/TO,0,0,0,D,D,0,No Deposit,314.0,0,Transient,78.56,0,1
Resort Hotel,0,13,2016,May,23,31,0,1,2,0.0,0,BB,ESP,Direct,Direct,0,0,0,F,F,0,No Deposit,250.0,0,Transient,105.0,0,0
Resort Hotel,0,0,2016,May,23,31,0,1,2,0.0,0,BB,GBR,Online TA,TA/TO,0,0,0,A,D,0,No Deposit,306.0,0,Transient,47.23,0,0
Resort Hotel,0,7,2016,May,23,30,1,1,2,0.0,0,BB,PRT,Complementary,Direct,0,0,0,A,D,0,No Deposit,,0,Transient,0.0,0,0
Resort Hotel,0,13,2016,May,22,25,2,5,2,0.0,0,BB,IRL,Online TA,TA/TO,0,0,0,D,D,0,No Deposit,147.0,0,Transient,55.87,0,0
Resort Hotel,1,131,2016,October,43,18,0,4,2,0.0,0,BB,IRL,Online TA,TA/TO,1,1,1,A,A,0,No Deposit,240.0,0,Transient,58.0,0,0
Resort Hotel,0,0,2016,May,23,31,0,1,2,0.0,0,BB,PRT,Direct,Direct,0,0,0,E,E,0,No Deposit,,0,Transient,109.0,0,0
Resort Hotel,0,133,2016,May,22,26,2,5,2,0.0,0,BB,IRL,Offline TA/TO,TA/TO,0,0,0,D,D,0,No Deposit,5.0,0,Transient,68.4,0,1
Resort Hotel,0,133,2016,May,22,26,2,5,2,0.0,0,BB,IRL,Offline TA/TO,TA/TO,0,0,0,D,D,0,No Deposit,5.0,0,Transient,68.4,0,1
Resort Hotel,0,100,2016,May,22,26,2,5,2,0.0,0,BB,IRL,Offline TA/TO,TA/TO,0,0,0,D,D,0,No Deposit,314.0,0,Transient,61.61,0,0
Resort Hotel,0,121,2016,May,21,19,4,10,2,0.0,0,HB,GBR,Offline TA/TO,TA/TO,0,0,0,D,D,0,No Deposit,243.0,0,Contract,90.9,0,0
Resort Hotel,0,0,2016,May,23,30,1,2,2,0.0,0,BB,ARG,Online TA,TA/TO,0,0,0,D,E,0,No Deposit,240.0,0,Transient,101.0,1,0
Resort Hotel,0,179,2016,June,23,1,0,1,2,0.0,0,BB,DEU,Offline TA/TO,TA/TO,0,0,0,D,F,0,No Deposit,251.0,0,Transient-Party,78.0,0,0
Resort Hotel,0,179,2016,June,23,1,0,1,2,0.0,0,BB,DEU,Offline TA/TO,TA/TO,0,0,0,D,F,0,No Deposit,251.0,0,Transient-Party,78.0,0,0
Resort Hotel,0,179,2016,June,23,1,0,1,2,0.0,0,BB,DEU,Offline TA/TO,TA/TO,0,0,0,D,F,0,No Deposit,251.0,0,Transient-Party,78.0,0,0
Resort Hotel,0,45,2016,May,23,30,1,2,2,0.0,0,BB,PRT,Online TA,TA/TO,0,0,0,A,A,1,No Deposit,240.0,0,Transient,65.0,0,1
Resort Hotel,0,125,2016,June,23,1,0,1,2,0.0,0,BB,FRA,Offline TA/TO,TA/TO,0,0,0,A,A,0,No Deposit,8.0,0,Transient,57.6,1,0
Resort Hotel,0,125,2016,June,23,1,0,1,2,0.0,0,BB,FRA,Offline TA/TO,TA/TO,0,0,0,A,A,0,No Deposit,8.0,0,Transient,57.6,0,0
Resort Hotel,0,127,2016,May,22,25,2,6,2,0.0,0,BB,IRL,Online TA,TA/TO,0,0,0,D,D,0,No Deposit,241.0,0,Transient,52.5,0,2
Resort Hotel,0,1,2016,May,23,31,0,2,2,0.0,0,HB,ESP,Online TA,TA/TO,0,0,0,A,C,1,No Deposit,339.0,0,Transient,89.2,0,0
Resort Hotel,0,11,2016,May,23,30,1,2,2,0.0,0,BB,DEU,Online TA,TA/TO,0,0,0,A,A,0,No Deposit,240.0,0,Transient,89.67,1,1
Resort Hotel,0,132,2016,May,22,26,2,5,2,0.0,0,BB,GBR,Direct,Direct,0,0,0,D,D,0,No Deposit,250.0,0,Transient,73.14,0,0
Resort Hotel,0,4,2016,May,23,30,1,2,2,0.0,0,BB,PRT,Online TA,TA/TO,0,0,0,A,A,0,No Deposit,314.0,0,Transient,63.2,0,0
Resort Hotel,0,193,2016,May,22,25,2,6,2,0.0,0,BB,IRL,Online TA,TA/TO,0,0,0,A,A,0,No Deposit,240.0,0,Transient,55.28,0,2
Resort Hotel,0,163,2016,May,23,29,2,2,2,0.0,0,BB,GBR,Online TA,TA/TO,0,0,0,E,F,0,No Deposit,240.0,0,Transient,84.15,0,1
Resort Hotel,0,136,2016,May,22,26,2,5,2,0.0,0,BB,FRA,Online TA,TA/TO,0,0,0,D,D,1,No Deposit,240.0,0,Transient,74.53,1,1
Resort Hotel,0,136,2016,May,22,26,2,5,2,0.0,0,BB,FRA,Online TA,TA/TO,0,0,0,D,D,1,No Deposit,240.0,0,Transient,68.53,0,1
Resort Hotel,0,21,2016,May,23,30,1,2,2,0.0,0,BB,DEU,Online TA,TA/TO,0,0,0,D,D,0,No Deposit,240.0,0,Transient,100.67,1,1
Resort Hotel,0,4,2016,May,23,29,2,2,2,0.0,0,BB,PRT,Online TA,TA/TO,0,0,0,A,A,0,No Deposit,240.0,0,Transient,79.0,0,0
Resort Hotel,0,15,2017,June,25,18,2,0,2,0.0,0,BB,PRT,Online TA,TA/TO,1,0,1,A,A,0,No Deposit,240.0,0,Transient,140.0,0,1
Resort Hotel,0,97,2016,June,23,1,0,1,2,0.0,0,BB,DEU,Offline TA/TO,TA/TO,0,0,0,D,G,0,No Deposit,251.0,0,Transient,78.0,0,0
Resort Hotel,0,0,2016,May,23,30,1,2,2,0.0,0,HB,PRT,Online TA,TA/TO,0,0,0,A,A,1,No Deposit,339.0,0,Transient,89.2,0,0
Resort Hotel,0,125,2016,May,22,22,4,7,2,0.0,0,HB,GBR,Offline TA/TO,TA/TO,0,0,0,D,D,0,No Deposit,243.0,0,Contract,77.9,0,0
Resort Hotel,0,141,2016,May,22,26,2,5,2,0.0,0,BB,IRL,Offline TA/TO,TA/TO,0,0,0,D,D,0,No Deposit,8.0,0,Transient,56.82,0,0
Resort Hotel,0,191,2016,May,22,23,3,7,2,0.0,0,BB,IRL,Offline TA/TO,TA/TO,0,0,0,E,E,0,No Deposit,314.0,0,Transient,64.94,0,1
Resort Hotel,0,0,2016,June,23,2,0,0,2,0.0,0,BB,PRT,Direct,Direct,1,0,0,A,C,0,No Deposit,,0,Transient,0.0,0,0
Resort Hotel,0,142,2016,May,22,27,2,5,2,0.0,0,HB,FRA,Offline TA/TO,TA/TO,0,0,0,D,D,1,No Deposit,314.0,0,Transient-Party,83.94,0,1
Resort Hotel,0,142,2016,May,22,27,2,5,2,0.0,0,HB,FRA,Offline TA/TO,TA/TO,0,0,0,D,D,0,No Deposit,314.0,0,Transient-Party,83.09,0,1
Resort Hotel,0,147,2016,June,23,1,0,2,2,0.0,0,BB,GBR,Online TA,TA/TO,0,0,0,D,E,0,No Deposit,241.0,0,Transient,77.83,1,0
Resort Hotel,0,62,2016,June,23,2,0,1,2,0.0,0,BB,PRT,Online TA,TA/TO,0,0,0,A,A,0,No Deposit,240.0,0,Transient-Party,128.0,0,0
Resort Hotel,0,36,2016,May,23,30,1,3,2,0.0,0,BB,GBR,Online TA,TA/TO,0,0,0,G,G,1,No Deposit,240.0,0,Transient,145.0,0,0
Resort Hotel,0,62,2016,June,23,2,0,1,2,0.0,0,BB,PRT,Online TA,TA/TO,0,0,0,A,A,0,No Deposit,240.0,0,Transient-Party,128.0,0,1
Resort Hotel,0,111,2016,June,23,2,0,1,2,0.0,0,BB,CHE,Offline TA/TO,TA/TO,0,0,0,D,E,0,No Deposit,251.0,0,Transient,78.0,0,0
Resort Hotel,0,176,2016,June,23,2,0,1,2,0.0,0,BB,DEU,Offline TA/TO,TA/TO,0,0,0,D,E,0,No Deposit,251.0,0,Transient,78.0,0,0
Resort Hotel,0,252,2016,June,23,1,0,2,2,0.0,0,BB,URY,Online TA,TA/TO,0,0,0,A,A,1,No Deposit,240.0,0,Transient,92.0,1,2
Resort Hotel,0,1,2016,June,23,2,0,1,2,0.0,0,BB,PRT,Direct,Direct,0,0,0,A,B,2,No Deposit,,0,Transient,109.0,0,0
Resort Hotel,0,37,2016,June,23,2,0,1,2,0.0,0,BB,DEU,Offline TA/TO,TA/TO,0,0,0,D,E,0,No Deposit,251.0,0,Transient,78.0,0,0
Resort Hotel,0,104,2016,May,23,30,1,3,2,0.0,0,HB,PRT,Online TA,TA/TO,0,0,0,A,A,0,No Deposit,240.0,0,Transient,112.0,0,1
Resort Hotel,0,25,2016,May,23,30,1,3,2,0.0,0,BB,PRT,Online TA,TA/TO,0,0,0,A,A,0,No Deposit,240.0,0,Transient,86.5,0,1
Resort Hotel,0,42,2016,May,23,30,1,3,2,0.0,0,BB,PRT,Online TA,TA/TO,0,0,0,A,A,0,No Deposit,240.0,0,Transient,91.0,1,2
Resort Hotel,0,11,2017,May,21,27,2,1,2,0.0,0,BB,PRT,Direct,TA/TO,1,0,1,A,A,0,No Deposit,250.0,0,Transient,102.0,1,2
Resort Hotel,0,165,2016,May,22,28,2,4,2,0.0,0,BB,IRL,Online TA,TA/TO,0,0,0,A,A,1,No Deposit,240.0,0,Transient,63.3,0,1
Resort Hotel,0,79,2016,May,23,30,1,3,2,0.0,0,BB,ESP,Online TA,TA/TO,0,0,0,A,A,0,No Deposit,240.0,0,Transient,99.5,1,1
Resort Hotel,0,112,2016,June,23,1,0,2,2,0.0,0,HB,DEU,Offline TA/TO,TA/TO,0,0,0,A,A,2,No Deposit,171.0,0,Transient,83.0,0,0
Resort Hotel,0,118,2016,May,23,31,0,4,2,0.0,0,BB,GBR,Offline TA/TO,TA/TO,0,0,0,A,A,0,No Deposit,26.0,0,Transient,56.1,0,0
Resort Hotel,0,137,2016,May,23,29,2,4,2,0.0,0,BB,IRL,Offline TA/TO,TA/TO,0,0,0,D,D,0,No Deposit,175.0,0,Transient,62.48,0,1
Resort Hotel,0,146,2016,May,23,31,0,4,2,0.0,0,HB,FRA,Online TA,TA/TO,0,0,0,E,E,1,No Deposit,240.0,0,Transient,134.5,0,1
Resort Hotel,0,0,2016,June,23,3,0,1,2,0.0,0,BB,PRT,Direct,Direct,0,0,0,A,A,0,No Deposit,,0,Transient,109.0,0,0
Resort Hotel,0,40,2016,May,23,30,1,4,2,0.0,0,BB,IRL,Online TA,TA/TO,0,0,0,A,A,0,No Deposit,240.0,0,Transient,89.0,0,1
Resort Hotel,0,8,2016,May,23,31,0,4,2,0.0,0,BB,BRA,Online TA,TA/TO,0,0,0,A,A,0,No Deposit,240.0,0,Transient,125.0,1,0
Resort Hotel,0,4,2016,June,23,4,0,1,2,0.0,0,BB,BRA,Online TA,TA/TO,0,0,0,A,A,0,No Deposit,,0,Transient,81.0,1,0
Resort Hotel,0,137,2016,May,23,30,1,4,2,0.0,0,HB,FRA,Online TA,TA/TO,0,0,0,D,D,0,No Deposit,242.0,0,Transient,106.38,0,2
Resort Hotel,0,2,2016,June,23,4,0,1,2,0.0,0,BB,USA,Direct,Direct,0,0,0,D,D,0,No Deposit,250.0,0,Group,124.0,0,0
Resort Hotel,0,63,2016,May,23,30,1,4,2,0.0,0,BB,FRA,Online TA,TA/TO,0,0,0,A,C,0,No Deposit,240.0,0,Transient,95.6,0,1
Resort Hotel,0,105,2016,May,23,30,1,4,2,0.0,0,BB,FRA,Online TA,TA/TO,0,0,0,A,A,1,No Deposit,240.0,0,Transient,84.2,0,1
Resort Hotel,0,134,2016,May,23,31,0,4,2,0.0,0,BB,CHE,Online TA,TA/TO,0,0,0,D,D,0,No Deposit,240.0,0,Transient,95.5,1,1
Resort Hotel,0,101,2016,May,23,30,1,4,2,0.0,0,BB,IRL,Offline TA/TO,TA/TO,0,0,0,A,A,0,No Deposit,314.0,0,Transient,59.6,0,0
Resort Hotel,0,124,2016,May,22,28,2,5,2,0.0,0,BB,IRL,Offline TA/TO,TA/TO,0,0,0,D,D,0,No Deposit,8.0,0,Transient,68.4,0,0
Resort Hotel,0,143,2016,May,22,28,2,5,2,0.0,0,BB,IRL,Online TA,TA/TO,0,0,0,D,D,0,No Deposit,240.0,0,Transient,76.19,0,1
Resort Hotel,0,133,2016,May,23,30,1,4,2,0.0,0,BB,CHE,Online TA,TA/TO,0,0,0,E,E,0,No Deposit,240.0,0,Transient,101.2,0,0
Resort Hotel,0,150,2016,June,23,4,2,5,2,0.0,0,BB,IRL,Online TA,TA/TO,0,0,0,A,A,0,No Deposit,240.0,0,Transient-Party,73.71,0,2
Resort Hotel,0,133,2016,June,23,2,0,3,2,0.0,0,BB,IRL,Online TA,TA/TO,0,0,0,A,A,0,No Deposit,240.0,0,Transient,90.0,0,0
Resort Hotel,0,34,2016,June,23,2,0,3,2,0.0,0,BB,USA,Direct,Direct,0,0,0,F,F,0,No Deposit,250.0,0,Transient,168.33,1,0
Resort Hotel,0,34,2016,June,23,2,0,3,2,0.0,0,BB,USA,Direct,Direct,0,0,0,F,F,0,No Deposit,250.0,0,Transient,157.0,0,0
Resort Hotel,0,117,2016,May,23,29,2,5,2,0.0,0,BB,IRL,Offline TA/TO,TA/TO,0,0,0,D,D,0,No Deposit,8.0,0,Transient,63.61,0,0
Resort Hotel,0,143,2016,June,23,2,0,3,2,0.0,0,BB,IRL,Online TA,TA/TO,0,0,0,A,A,0,No Deposit,240.0,0,Transient,72.0,0,0
Resort Hotel,0,115,2016,May,23,29,2,5,2,0.0,0,BB,IRL,Offline TA/TO,TA/TO,0,0,0,D,D,0,No Deposit,8.0,0,Transient,70.2,0,1
Resort Hotel,0,128,2016,June,23,3,0,2,2,0.0,0,BB,CHE,Online TA,TA/TO,0,0,0,D,D,0,No Deposit,240.0,0,Transient,107.0,1,1
Resort Hotel,0,0,2016,June,23,4,0,1,2,0.0,0,BB,FRA,Online TA,TA/TO,0,0,0,A,A,0,No Deposit,240.0,0,Transient,133.0,1,1
Resort Hotel,0,132,2016,May,23,29,2,5,2,0.0,0,BB,GBR,Offline TA/TO,TA/TO,0,0,0,D,D,0,No Deposit,243.0,0,Contract,62.9,0,1
Resort Hotel,0,174,2016,May,23,29,2,5,2,0.0,0,BB,IRL,Online TA,TA/TO,0,0,0,D,D,0,No Deposit,240.0,0,Transient,77.01,0,2
Resort Hotel,0,108,2016,June,23,3,0,2,2,0.0,0,BB,ESP,Direct,Direct,0,0,0,F,F,2,No Deposit,,0,Transient,115.5,1,1
Resort Hotel,0,156,2016,May,23,30,1,5,2,0.0,0,BB,SGP,Online TA,TA/TO,0,0,0,A,A,0,No Deposit,241.0,0,Transient,50.36,0,1
Resort Hotel,0,130,2016,June,23,3,0,2,2,0.0,0,BB,IRL,Online TA,TA/TO,0,0,0,E,E,0,No Deposit,240.0,0,Transient,122.0,0,2
Resort Hotel,0,14,2016,June,23,1,0,4,2,0.0,0,BB,POL,Online TA,TA/TO,0,0,0,A,A,0,No Deposit,240.0,0,Transient,109.0,0,1
Resort Hotel,0,156,2016,May,23,30,1,5,2,0.0,0,BB,GBR,Online TA,TA/TO,0,0,0,A,A,0,No Deposit,241.0,0,Transient,52.36,0,1
Resort Hotel,0,0,2016,June,23,3,0,2,2,0.0,0,BB,AUT,Online TA,TA/TO,0,0,0,D,D,0,No Deposit,240.0,0,Transient,136.0,1,1
Resort Hotel,0,128,2016,June,23,1,0,4,2,0.0,0,BB,IRL,Direct,Direct,0,0,0,D,E,0,No Deposit,250.0,0,Transient,76.5,0,0
Resort Hotel,0,258,2016,May,23,30,1,5,2,0.0,0,BB,IRL,Direct,Direct,0,0,0,A,A,0,No Deposit,250.0,0,Transient,56.29,0,0
Resort Hotel,0,28,2016,May,23,29,2,5,2,0.0,0,HB,IRL,Direct,Direct,0,0,0,F,F,1,No Deposit,250.0,0,Transient,148.07,0,0
Resort Hotel,0,45,2016,May,23,30,1,5,2,0.0,0,BB,GBR,Online TA,TA/TO,0,0,0,A,F,1,No Deposit,240.0,0,Transient,115.0,1,2
Resort Hotel,0,30,2016,May,23,30,1,5,2,0.0,0,BB,PRT,Online TA,TA/TO,0,0,0,A,A,0,No Deposit,240.0,0,Transient,93.67,1,1
Resort Hotel,0,111,2016,June,23,2,0,3,2,0.0,0,BB,IRL,Online TA,TA/TO,0,0,0,A,C,0,No Deposit,240.0,0,Transient,80.0,0,1
Resort Hotel,0,88,2016,May,23,30,2,5,2,0.0,0,BB,IRL,Offline TA/TO,TA/TO,0,0,0,A,C,1,No Deposit,171.0,0,Transient,59.6,0,0
Resort Hotel,0,143,2016,June,23,2,1,3,2,0.0,0,BB,IRL,Online TA,TA/TO,0,0,0,A,A,0,No Deposit,240.0,0,Transient,72.0,0,1
Resort Hotel,0,195,2016,June,23,2,1,3,2,0.0,0,BB,IRL,Online TA,TA/TO,0,0,0,A,A,0,No Deposit,240.0,0,Transient,72.0,0,1
Resort Hotel,0,149,2016,May,22,27,3,7,2,0.0,0,BB,GBR,Offline TA/TO,TA/TO,0,0,0,E,E,0,No Deposit,314.0,0,Transient,73.28,0,2
Resort Hotel,0,73,2016,May,23,31,1,5,2,0.0,0,BB,ITA,Online TA,TA/TO,0,0,0,D,D,5,No Deposit,240.0,0,Transient,136.5,1,0
Resort Hotel,0,93,2016,June,23,2,1,3,2,0.0,0,BB,IRL,Online TA,TA/TO,0,0,0,A,A,0,No Deposit,240.0,0,Transient,108.0,0,1
Resort Hotel,0,150,2016,June,23,4,1,1,2,0.0,0,BB,IRL,Online TA,TA/TO,0,0,0,D,D,0,No Deposit,240.0,0,Transient,85.5,0,2
Resort Hotel,0,8,2016,June,23,4,1,1,2,0.0,0,BB,PRT,Direct,Direct,0,0,0,A,C,0,No Deposit,,0,Transient,109.0,0,0
Resort Hotel,0,119,2016,June,23,3,1,2,2,0.0,0,BB,DEU,Online TA,TA/TO,0,0,0,E,F,0,No Deposit,240.0,0,Transient,116.0,1,0
Resort Hotel,0,42,2016,June,23,4,1,1,2,0.0,0,BB,CHE,Online TA,TA/TO,0,0,0,A,A,0,No Deposit,240.0,0,Transient,117.0,1,0
Resort Hotel,0,108,2016,June,23,2,1,3,2,0.0,0,BB,IRL,Online TA,TA/TO,0,0,0,A,C,0,No Deposit,240.0,0,Transient,89.0,0,1
Resort Hotel,0,76,2016,May,23,30,2,5,2,0.0,0,BB,ROU,Online TA,TA/TO,0,0,0,F,F,0,No Deposit,241.0,0,Transient,109.45,1,1
Resort Hotel,0,197,2016,June,23,1,1,4,2,0.0,0,BB,IRL,Online TA,TA/TO,0,0,0,A,C,1,No Deposit,240.0,0,Transient,72.0,0,1
Resort Hotel,0,16,2016,June,23,4,1,1,2,0.0,0,BB,BRA,Online TA,TA/TO,0,0,0,A,C,0,No Deposit,240.0,0,Transient,121.0,1,1
Resort Hotel,0,189,2016,June,23,1,1,4,2,0.0,0,BB,IRL,Offline TA/TO,TA/TO,0,0,0,A,A,0,No Deposit,36.0,0,Transient,51.84,0,0
Resort Hotel,0,126,2016,May,22,23,4,10,2,0.0,0,BB,GBR,Offline TA/TO,TA/TO,0,0,0,A,A,0,No Deposit,243.0,0,Contract,53.85,0,2
Resort Hotel,0,143,2016,June,24,6,0,0,2,0.0,0,BB,PRT,Online TA,TA/TO,0,0,0,A,B,0,No Deposit,240.0,0,Transient,0.0,0,1
Resort Hotel,0,0,2016,June,24,6,0,0,2,0.0,0,BB,PRT,Direct,Direct,1,0,0,A,I,0,No Deposit,250.0,0,Transient,0.0,0,3
Resort Hotel,0,132,2016,May,23,29,4,5,2,0.0,0,HB,DEU,Online TA,TA/TO,0,0,0,E,E,1,No Deposit,240.0,0,Transient,132.67,0,2
Resort Hotel,0,138,2016,May,23,31,2,5,2,0.0,0,HB,GBR,Offline TA/TO,TA/TO,0,0,0,A,A,0,No Deposit,40.0,0,Contract,81.85,0,0
Resort Hotel,0,146,2016,May,23,31,2,5,2,0.0,0,BB,IRL,Online TA,TA/TO,0,0,0,A,A,0,No Deposit,240.0,0,Transient,69.17,0,1
Resort Hotel,0,107,2016,June,23,1,2,4,2,0.0,0,BB,IRL,Online TA,TA/TO,0,0,0,A,A,0,No Deposit,240.0,0,Transient,82.0,0,2
Resort Hotel,0,141,2016,May,23,31,2,5,2,0.0,0,BB,IRL,Online TA,TA/TO,0,0,0,A,A,1,No Deposit,242.0,0,Transient-Party,71.17,0,1
Resort Hotel,0,123,2016,May,23,31,2,5,2,0.0,0,BB,IRL,Offline TA/TO,TA/TO,0,0,0,D,D,0,No Deposit,171.0,0,Transient,68.4,0,0
Resort Hotel,0,141,2016,May,23,31,2,5,2,0.0,0,HB,GBR,Offline TA/TO,TA/TO,0,0,0,D,E,1,No Deposit,143.0,0,Transient,86.7,0,2
Resort Hotel,0,141,2016,May,23,31,2,5,2,0.0,0,FB,GBR,Offline TA/TO,TA/TO,0,0,0,D,E,3,No Deposit,143.0,0,Transient,107.1,0,2
Resort Hotel,0,107,2016,June,23,1,2,4,2,0.0,0,BB,PRT,Direct,Direct,0,0,0,D,E,3,No Deposit,,0,Transient-Party,77.75,0,0
Resort Hotel,0,35,2016,May,23,31,2,5,2,0.0,0,BB,IRL,Online TA,TA/TO,0,0,0,D,D,0,No Deposit,147.0,0,Transient,67.79,0,0
Resort Hotel,0,102,2016,May,22,28,4,6,2,0.0,0,BB,POL,Online TA,TA/TO,0,0,0,A,A,0,No Deposit,241.0,0,Transient,59.91,0,1
Resort Hotel,0,100,2016,June,23,1,2,4,2,0.0,0,BB,IRL,Direct,Direct,0,0,0,E,E,0,No Deposit,250.0,0,Transient,117.9,0,0
Resort Hotel,0,137,2016,May,23,31,2,5,2,0.0,0,BB,IRL,Online TA,TA/TO,0,0,0,A,A,0,No Deposit,240.0,0,Transient,76.86,0,2
Resort Hotel,0,128,2016,May,22,25,4,10,2,0.0,0,HB,DEU,Offline TA/TO,TA/TO,0,0,0,E,E,0,No Deposit,171.0,0,Transient,106.4,0,0
Resort Hotel,0,75,2016,May,23,29,4,6,2,0.0,0,BB,IRL,Online TA,TA/TO,0,0,0,E,E,0,No Deposit,314.0,0,Transient,90.0,0,1
Resort Hotel,0,240,2017,June,23,4,4,6,2,0.0,0,BB,IRL,Online TA,TA/TO,1,0,0,E,E,0,No Deposit,175.0,0,Transient,87.68,0,0
Resort Hotel,0,133,2016,June,24,6,1,1,2,0.0,0,BB,IRL,Direct,Direct,0,0,0,A,C,0,No Deposit,250.0,0,Transient,63.75,0,0
Resort Hotel,0,129,2016,June,24,5,2,1,2,0.0,0,BB,PRT,Online TA,TA/TO,0,0,0,A,A,0,No Deposit,241.0,0,Transient,73.6,1,2
Resort Hotel,0,129,2016,June,24,5,2,1,2,0.0,0,BB,USA,Online TA,TA/TO,0,0,0,A,A,0,No Deposit,241.0,0,Transient,61.6,0,2
Resort Hotel,0,137,2016,June,23,1,2,5,2,0.0,0,BB,GBR,Offline TA/TO,TA/TO,0,0,0,A,A,1,No Deposit,6.0,0,Transient,59.31,0,0
Resort Hotel,0,38,2016,June,23,3,2,3,2,0.0,0,BB,BRA,Online TA,TA/TO,0,0,0,A,A,0,No Deposit,240.0,0,Transient-Party,116.6,0,1
Resort Hotel,0,38,2016,June,23,3,2,3,2,0.0,0,BB,BRA,Online TA,TA/TO,0,0,0,A,A,0,No Deposit,240.0,0,Transient-Party,126.6,1,1
Resort Hotel,0,116,2016,May,23,30,3,6,2,0.0,0,HB,DEU,Offline TA/TO,TA/TO,0,0,0,D,D,0,No Deposit,69.0,0,Transient,90.0,0,0
Resort Hotel,0,16,2016,June,23,3,2,3,2,0.0,0,BB,IRL,Online TA,TA/TO,0,0,0,A,A,0,No Deposit,240.0,0,Transient,111.0,0,1
Resort Hotel,0,131,2016,June,23,1,2,5,2,0.0,0,BB,IRL,Offline TA/TO,TA/TO,0,0,0,A,A,1,No Deposit,175.0,0,Transient,57.6,0,0
Resort Hotel,0,11,2016,June,24,7,0,1,2,0.0,0,BB,PRT,Online TA,TA/TO,0,0,0,A,B,0,No Deposit,240.0,0,Transient,109.0,1,1
Resort Hotel,0,117,2016,May,23,30,3,6,2,0.0,0,BB,GBR,Offline TA/TO,TA/TO,0,0,0,D,E,1,No Deposit,115.0,0,Transient,68.4,0,1
Resort Hotel,0,36,2016,June,23,4,2,2,2,0.0,0,SC,PRT,Direct,Direct,0,0,0,F,I,2,No Deposit,,0,Transient,0.0,1,0
Resort Hotel,0,105,2016,June,23,2,2,5,2,0.0,0,HB,GBR,Offline TA/TO,TA/TO,0,0,0,A,A,0,No Deposit,243.0,0,Contract,77.85,0,0
Resort Hotel,0,105,2016,June,23,2,2,5,2,0.0,0,BB,GBR,Offline TA/TO,TA/TO,0,0,0,D,D,0,No Deposit,243.0,0,Contract,64.9,0,0
Resort Hotel,0,38,2016,June,23,4,2,3,2,0.0,0,BB,IRL,Online TA,TA/TO,0,0,0,A,A,0,No Deposit,240.0,0,Transient,121.4,0,1
Resort Hotel,0,104,2016,June,23,2,2,5,2,0.0,0,HB,GBR,Offline TA/TO,TA/TO,0,0,0,D,D,0,No Deposit,243.0,0,Contract,90.9,0,1
Resort Hotel,0,136,2016,May,23,30,3,7,2,0.0,0,BB,GBR,Online TA,TA/TO,0,0,0,D,D,0,No Deposit,241.0,0,Transient,64.78,0,1
Resort Hotel,0,125,2016,June,23,2,2,5,2,0.0,0,BB,GBR,Offline TA/TO,TA/TO,0,0,0,D,D,0,No Deposit,40.0,0,Contract,62.9,0,0
Resort Hotel,0,111,2016,May,23,30,3,7,2,0.0,0,BB,IRL,Offline TA/TO,TA/TO,0,0,0,A,A,0,No Deposit,40.0,0,Contract,51.85,0,0
Resort Hotel,0,187,2016,June,23,2,2,5,2,0.0,0,BB,IRL,Online TA,TA/TO,0,0,0,A,A,0,No Deposit,240.0,0,Transient,72.0,0,1
Resort Hotel,0,86,2016,June,23,2,2,5,2,0.0,0,HB,GBR,Offline TA/TO,TA/TO,0,0,0,D,D,0,No Deposit,243.0,0,Contract,90.9,0,0
Resort Hotel,0,104,2016,June,23,2,2,5,2,0.0,0,HB,GBR,Offline TA/TO,TA/TO,0,0,0,D,D,0,No Deposit,243.0,0,Contract,90.9,0,1
Resort Hotel,0,97,2016,October,44,23,2,5,2,0.0,0,HB,GBR,Offline TA/TO,TA/TO,1,0,1,D,D,0,No Deposit,40.0,0,Group,85.0,0,1
Resort Hotel,0,21,2016,June,24,5,2,2,2,0.0,0,BB,PRT,Online TA,TA/TO,0,0,0,A,C,0,No Deposit,240.0,0,Transient,121.0,1,1
Resort Hotel,0,118,2016,June,24,8,0,1,2,0.0,0,BB,CHE,Offline TA/TO,TA/TO,0,0,0,D,E,0,No Deposit,251.0,0,Transient,78.0,0,0
Resort Hotel,0,71,2016,June,24,6,1,2,2,0.0,0,BB,GBR,Online TA,TA/TO,0,0,0,A,A,0,No Deposit,240.0,0,Transient,128.0,1,1
Resort Hotel,0,86,2016,June,23,2,2,5,2,0.0,0,HB,GBR,Offline TA/TO,TA/TO,0,0,0,D,D,0,No Deposit,243.0,0,Contract,88.9,0,0
Resort Hotel,0,86,2016,June,23,2,2,5,2,0.0,0,HB,GBR,Offline TA/TO,TA/TO,0,0,0,D,D,1,No Deposit,243.0,0,Contract,90.9,0,0
Resort Hotel,0,0,2016,June,23,4,2,3,2,0.0,0,BB,USA,Online TA,TA/TO,0,0,0,F,G,1,No Deposit,242.0,0,Transient,120.0,0,0
Resort Hotel,0,118,2016,June,24,8,0,1,2,0.0,0,BB,DEU,Offline TA/TO,TA/TO,0,0,0,D,E,0,No Deposit,251.0,0,Transient,78.0,0,0
Resort Hotel,0,143,2016,June,23,2,2,5,2,0.0,0,HB,GBR,Offline TA/TO,TA/TO,0,0,0,A,A,0,No Deposit,26.0,0,Transient,70.98,0,0
Resort Hotel,0,108,2016,June,24,6,1,2,2,0.0,0,BB,CN,Online TA,TA/TO,0,0,0,A,A,0,No Deposit,241.0,0,Transient,61.6,0,1
Resort Hotel,0,53,2016,June,24,7,0,2,2,0.0,0,BB,CHN,Online TA,TA/TO,0,0,0,A,A,0,No Deposit,240.0,0,Transient,129.0,0,1
Resort Hotel,0,123,2016,June,23,4,2,3,2,0.0,0,BB,GBR,Offline TA/TO,TA/TO,0,0,0,A,A,0,No Deposit,314.0,0,Transient,57.6,0,0
Resort Hotel,0,133,2016,June,23,2,2,5,2,0.0,0,BB,IRL,Online TA,TA/TO,0,0,0,A,C,0,No Deposit,241.0,0,Transient,55.44,0,2
Resort Hotel,0,135,2016,June,23,2,2,5,2,0.0,0,BB,IRL,Offline TA/TO,TA/TO,0,0,0,A,A,0,No Deposit,171.0,0,Transient,59.31,0,0
Resort Hotel,0,26,2016,May,23,31,2,7,2,0.0,0,BB,IRL,Online TA,TA/TO,0,0,0,G,G,1,No Deposit,240.0,0,Transient,162.33,0,0
Resort Hotel,0,240,2016,June,23,2,2,5,2,0.0,0,HB,GBR,Offline TA/TO,TA/TO,0,0,0,A,A,2,No Deposit,143.0,0,Contract,77.65,0,0
Resort Hotel,0,113,2016,June,23,2,2,5,2,0.0,0,BB,IRL,Offline TA/TO,TA/TO,0,0,0,A,A,0,No Deposit,8.0,0,Transient,59.31,0,0
Resort Hotel,0,9,2016,June,24,5,2,2,2,0.0,0,HB,PRT,Direct,Direct,0,0,0,A,C,0,No Deposit,,0,Transient,142.0,1,0
Resort Hotel,0,119,2016,June,23,1,2,7,2,0.0,0,BB,POL,Online TA,TA/TO,0,0,0,D,D,0,No Deposit,240.0,0,Transient,95.0,0,1
Resort Hotel,0,10,2016,June,24,6,1,3,2,0.0,0,BB,IRL,Online TA,TA/TO,0,0,0,A,C,0,No Deposit,240.0,0,Transient,114.0,0,0
Resort Hotel,0,129,2016,June,24,6,1,3,2,0.0,0,BB,CN,Direct,Direct,0,0,0,E,F,0,No Deposit,250.0,0,Transient,105.0,0,2
Resort Hotel,0,139,2016,June,24,5,2,3,2,0.0,0,HB,GBR,Offline TA/TO,TA/TO,0,0,0,D,D,0,No Deposit,40.0,0,Contract,94.9,0,0
Resort Hotel,0,21,2016,June,23,4,2,4,2,0.0,0,HB,GBR,Direct,Direct,0,0,0,A,A,0,No Deposit,250.0,0,Transient,122.33,0,1
Resort Hotel,0,146,2016,June,23,1,2,7,2,0.0,0,HB,ROU,Online TA,TA/TO,0,0,0,A,A,0,No Deposit,242.0,0,Transient,100.8,0,1
Resort Hotel,0,142,2016,June,23,4,2,4,2,0.0,0,BB,FRA,Online TA,TA/TO,0,0,0,E,E,0,No Deposit,240.0,0,Transient,99.0,0,2
Resort Hotel,0,170,2016,June,23,3,2,5,2,0.0,0,BB,LTU,Direct,Direct,0,0,0,E,E,0,No Deposit,250.0,0,Transient,93.5,1,2
Resort Hotel,0,8,2016,June,24,8,0,2,2,0.0,0,BB,PRT,Corporate,Corporate,0,0,0,A,B,0,No Deposit,,0,Transient,66.0,0,0
Resort Hotel,0,122,2016,June,23,3,2,5,2,0.0,0,BB,DEU,Offline TA/TO,TA/TO,0,0,0,E,E,0,No Deposit,171.0,0,Transient,83.0,0,0
Resort Hotel,0,155,2016,June,24,9,4,10,2,0.0,0,BB,GBR,Offline TA/TO,TA/TO,0,0,0,D,D,1,No Deposit,40.0,0,Contract,64.76,0,1
Resort Hotel,0,1,2016,June,24,9,0,1,2,0.0,0,BB,ARG,Online TA,TA/TO,0,0,0,A,A,0,No Deposit,240.0,0,Transient-Party,131.0,0,0
Resort Hotel,0,147,2016,June,24,6,1,3,2,0.0,0,HB,PRT,Offline TA/TO,TA/TO,0,0,0,A,A,0,No Deposit,196.0,0,Transient,84.6,0,0
Resort Hotel,0,27,2016,June,24,6,1,3,2,0.0,0,BB,IRL,Online TA,TA/TO,0,0,0,A,A,0,No Deposit,240.0,0,Transient,114.0,0,2
Resort Hotel,0,142,2016,June,23,3,2,5,2,0.0,0,BB,FRA,Online TA,TA/TO,0,0,0,E,E,0,No Deposit,240.0,0,Transient,99.0,0,0
Resort Hotel,0,107,2016,June,24,5,2,3,2,0.0,0,HB,BRA,Online TA,TA/TO,0,0,0,E,E,1,No Deposit,240.0,0,Transient,156.0,1,1
Resort Hotel,0,1,2016,June,24,9,0,1,2,0.0,0,BB,ARG,Online TA,TA/TO,0,0,0,A,A,0,No Deposit,240.0,0,Transient-Party,119.0,0,0
Resort Hotel,0,59,2016,June,24,8,0,2,2,0.0,0,BB,BRA,Online TA,TA/TO,0,0,0,A,A,2,No Deposit,240.0,0,Transient-Party,110.0,0,0
Resort Hotel,0,80,2016,June,24,5,2,3,2,0.0,0,BB,GBR,Online TA,TA/TO,0,0,0,A,A,0,No Deposit,240.0,0,Transient,118.4,1,0
Resort Hotel,0,160,2016,June,23,3,2,5,2,0.0,0,BB,GBR,Offline TA/TO,TA/TO,0,0,0,E,E,0,No Deposit,40.0,0,Contract,76.5,0,0
Resort Hotel,0,132,2016,June,24,7,0,4,2,0.0,0,BB,SWE,Online TA,TA/TO,0,0,0,A,A,0,No Deposit,240.0,0,Transient,86.5,0,1
Resort Hotel,0,146,2016,June,23,1,2,8,2,0.0,0,BB,PRT,Online TA,TA/TO,0,0,0,A,A,0,No Deposit,240.0,0,Transient,72.0,0,1
Resort Hotel,0,24,2016,June,24,7,0,4,2,0.0,0,BB,IRL,Online TA,TA/TO,0,0,0,A,A,0,No Deposit,240.0,0,Transient,131.0,0,1
Resort Hotel,0,131,2016,June,23,4,2,5,2,0.0,0,HB,GBR,Offline TA/TO,TA/TO,0,0,0,D,D,1,No Deposit,143.0,0,Transient,88.7,0,0
Resort Hotel,0,197,2016,June,23,1,2,8,2,0.0,0,Undefined,GBR,Offline TA/TO,TA/TO,0,0,0,D,D,1,No Deposit,40.0,0,Transient,114.9,0,0
Resort Hotel,0,23,2016,June,23,4,2,5,2,0.0,0,BB,GBR,Online TA,TA/TO,0,0,0,A,A,2,No Deposit,240.0,0,Transient,126.71,0,2
Resort Hotel,0,197,2016,June,23,1,2,8,2,0.0,0,Undefined,GBR,Offline TA/TO,TA/TO,0,0,0,D,D,1,No Deposit,40.0,0,Transient,114.9,0,0
Resort Hotel,0,0,2016,June,24,7,0,4,2,0.0,0,BB,GBR,Online TA,TA/TO,0,0,0,E,E,0,No Deposit,240.0,0,Transient,106.85,0,0
Resort Hotel,0,1,2016,June,24,10,0,1,2,0.0,0,BB,PRT,Direct,Direct,0,0,0,A,G,0,No Deposit,,0,Transient,120.0,1,0
Resort Hotel,0,14,2016,June,24,9,0,2,2,0.0,0,BB,KWT,Online TA,TA/TO,0,0,0,C,C,0,No Deposit,242.0,0,Transient,173.0,1,1
Resort Hotel,0,27,2016,June,24,9,0,2,2,0.0,0,BB,FRA,Online TA,TA/TO,0,0,0,A,C,0,No Deposit,240.0,0,Transient,141.0,1,1
Resort Hotel,0,7,2016,June,27,30,0,2,2,0.0,0,BB,FRA,Online TA,TA/TO,1,0,1,D,D,0,No Deposit,240.0,0,Transient,144.0,0,1
Resort Hotel,0,140,2016,June,23,2,2,7,2,0.0,0,BB,GBR,Offline TA/TO,TA/TO,0,0,0,E,E,0,No Deposit,40.0,0,Contract,76.5,0,0
Resort Hotel,0,150,2016,June,24,6,1,4,2,0.0,0,BB,PRT,Online TA,TA/TO,0,0,0,A,A,0,No Deposit,240.0,0,Transient,90.68,1,0
Resort Hotel,0,134,2016,June,23,4,2,5,2,0.0,0,BB,GBR,Offline TA/TO,TA/TO,0,0,0,D,D,0,No Deposit,40.0,0,Contract,64.9,0,0
Resort Hotel,0,117,2016,June,24,6,1,4,2,0.0,0,BB,POL,Direct,Direct,0,0,0,A,A,0,No Deposit,250.0,0,Transient,72.18,0,1
Resort Hotel,0,150,2016,June,23,4,2,5,2,0.0,0,BB,IRL,Online TA,TA/TO,0,0,0,A,A,0,No Deposit,240.0,0,Transient-Party,73.71,0,2
Resort Hotel,0,5,2016,June,24,9,0,2,2,0.0,0,BB,GBR,Online TA,TA/TO,0,0,0,C,C,0,No Deposit,241.0,0,Transient,139.05,1,1
Resort Hotel,0,26,2016,June,24,6,1,4,2,0.0,0,BB,ESP,Online TA,TA/TO,0,0,0,A,A,0,No Deposit,240.0,0,Transient,117.0,1,0
Resort Hotel,0,193,2016,June,24,5,2,4,2,0.0,0,HB,GBR,Offline TA/TO,TA/TO,0,0,0,E,E,0,No Deposit,171.0,0,Transient,110.4,1,0
Resort Hotel,0,15,2016,June,24,6,1,4,2,0.0,0,HB,PRT,Online TA,TA/TO,0,0,0,A,A,0,No Deposit,240.0,0,Transient,149.0,0,1
Resort Hotel,0,15,2016,June,24,6,1,4,2,0.0,0,HB,PRT,Online TA,TA/TO,0,0,0,A,A,0,No Deposit,240.0,0,Transient,149.0,0,1
Resort Hotel,0,29,2016,June,23,4,2,5,2,0.0,0,HB,ESP,Online TA,TA/TO,0,0,0,A,A,1,No Deposit,5.0,0,Transient,129.77,1,0
Resort Hotel,0,122,2016,June,23,4,2,5,2,0.0,0,BB,GBR,Offline TA/TO,TA/TO,0,0,0,A,A,0,No Deposit,143.0,0,Contract,54.9,0,2
Resort Hotel,0,139,2016,May,23,31,2,9,2,0.0,0,BB,IRL,Offline TA/TO,TA/TO,0,0,0,A,A,0,No Deposit,6.0,0,Transient,57.6,0,2
Resort Hotel,0,15,2016,June,24,8,0,3,2,0.0,0,BB,DEU,Online TA,TA/TO,0,0,0,A,C,0,No Deposit,240.0,0,Transient,122.33,0,1
Resort Hotel,0,122,2016,June,23,4,2,5,2,0.0,0,BB,SWE,Offline TA/TO,TA/TO,0,0,0,A,A,0,No Deposit,253.0,0,Transient,56.9,0,1
Resort Hotel,0,185,2016,June,23,4,2,5,2,0.0,0,BB,SWE,Online TA,TA/TO,0,0,0,G,G,0,No Deposit,242.0,0,Transient,121.5,0,1
Resort Hotel,0,3,2016,June,24,10,0,1,2,0.0,0,BB,GBR,Online TA,TA/TO,0,0,0,E,E,0,No Deposit,240.0,0,Transient,171.0,1,1
Resort Hotel,0,143,2016,June,23,4,2,5,2,0.0,0,HB,GBR,Offline TA/TO,TA/TO,0,0,0,E,E,2,No Deposit,143.0,0,Transient,98.6,0,3
Resort Hotel,0,143,2016,June,23,4,2,5,2,0.0,0,HB,GBR,Offline TA/TO,TA/TO,0,0,0,E,E,2,No Deposit,143.0,0,Transient,98.6,0,3
Resort Hotel,0,35,2016,June,24,7,0,4,2,0.0,0,HB,PRT,Online TA,TA/TO,0,0,0,A,A,0,No Deposit,240.0,0,Transient,151.0,0,1
Resort Hotel,0,133,2016,June,24,6,1,4,2,0.0,0,BB,GBR,Offline TA/TO,TA/TO,0,0,0,D,F,0,No Deposit,40.0,0,Contract,64.9,0,0
Resort Hotel,0,44,2016,June,24,7,0,4,2,0.0,0,BB,CN,Direct,Direct,0,0,0,A,A,0,No Deposit,250.0,0,Transient-Party,143.0,0,0
Resort Hotel,0,44,2016,June,24,7,0,4,2,0.0,0,BB,GBR,Direct,Direct,0,0,0,A,A,0,No Deposit,250.0,0,Transient-Party,130.5,1,0
Resort Hotel,0,118,2016,May,23,31,2,9,2,0.0,0,BB,GBR,Offline TA/TO,TA/TO,0,0,0,D,D,0,No Deposit,143.0,0,Contract,68.6,0,1
Resort Hotel,0,96,2016,June,24,8,0,4,2,0.0,0,BB,FRA,Online TA,TA/TO,0,0,0,A,A,0,No Deposit,240.0,0,Transient,116.0,0,1
Resort Hotel,0,108,2016,June,24,5,2,5,2,0.0,0,BB,GBR,Offline TA/TO,TA/TO,0,0,0,D,D,0,No Deposit,243.0,0,Contract,62.9,0,0
Resort Hotel,0,108,2016,June,24,5,2,5,2,0.0,0,BB,GBR,Offline TA/TO,TA/TO,0,0,0,D,D,0,No Deposit,243.0,0,Contract,64.9,0,0
Resort Hotel,0,159,2016,June,24,5,2,5,2,0.0,0,HB,GBR,Offline TA/TO,TA/TO,0,0,0,A,A,0,No Deposit,40.0,0,Contract,81.85,0,0
Resort Hotel,0,130,2016,June,24,5,2,5,2,0.0,0,HB,GBR,Offline TA/TO,TA/TO,0,0,0,A,A,0,No Deposit,40.0,0,Contract,79.85,0,0
Resort Hotel,0,134,2016,June,23,3,2,7,2,0.0,0,BB,GBR,Offline TA/TO,TA/TO,0,0,0,D,D,0,No Deposit,40.0,0,Contract,64.9,0,1
Resort Hotel,0,12,2017,February,5,3,0,2,2,0.0,0,BB,PRT,Online TA,TA/TO,1,0,1,E,E,0,No Deposit,240.0,0,Group,75.0,1,0
Resort Hotel,0,143,2016,June,24,5,2,5,2,0.0,0,BB,GBR,Online TA,TA/TO,0,0,0,E,E,0,No Deposit,240.0,0,Transient,107.69,0,3
Resort Hotel,0,124,2016,June,23,1,2,9,2,0.0,0,BB,GBR,Offline TA/TO,TA/TO,0,0,0,D,D,0,No Deposit,40.0,0,Contract,64.9,0,0
Resort Hotel,0,108,2016,June,24,5,2,5,2,0.0,0,BB,GBR,Offline TA/TO,TA/TO,0,0,0,D,D,0,No Deposit,243.0,0,Contract,64.9,0,0
Resort Hotel,0,108,2016,June,24,5,2,5,2,0.0,0,HB,GBR,Offline TA/TO,TA/TO,0,0,0,A,A,0,No Deposit,243.0,0,Contract,79.85,0,2
Resort Hotel,0,139,2016,June,24,5,2,5,2,0.0,0,BB,GBR,Offline TA/TO,TA/TO,0,0,0,A,A,0,No Deposit,40.0,0,Contract,51.85,0,0
Resort Hotel,0,139,2016,June,24,5,2,5,2,0.0,0,HB,GBR,Offline TA/TO,TA/TO,0,0,0,D,D,0,No Deposit,243.0,0,Contract,90.9,0,1
Resort Hotel,0,94,2016,June,24,5,2,5,2,0.0,0,BB,GBR,Offline TA/TO,TA/TO,0,0,0,D,D,0,No Deposit,243.0,0,Contract,74.9,1,1
Resort Hotel,0,105,2016,June,23,2,2,8,2,0.0,0,BB,GBR,Offline TA/TO,TA/TO,0,0,0,D,D,0,No Deposit,243.0,0,Contract,64.9,0,0
Resort Hotel,0,110,2016,June,24,7,0,5,2,0.0,0,BB,IRL,Offline TA/TO,TA/TO,0,0,0,A,A,0,No Deposit,177.0,0,Transient,59.6,0,0
Resort Hotel,0,115,2016,June,25,12,2,0,2,0.0,0,BB,IRL,Online TA,TA/TO,0,0,0,A,A,0,No Deposit,241.0,0,Transient,81.62,0,2
Resort Hotel,0,126,2016,May,23,30,3,10,2,0.0,0,HB,DEU,Offline TA/TO,TA/TO,0,0,0,E,E,0,No Deposit,75.0,0,Transient,98.6,0,0
Resort Hotel,0,14,2016,June,24,8,0,4,2,0.0,0,BB,PRT,Online TA,TA/TO,0,0,0,A,A,0,No Deposit,240.0,0,Transient,124.0,0,1
Resort Hotel,0,125,2016,May,23,29,4,10,2,0.0,0,BB,IRL,Offline TA/TO,TA/TO,0,0,0,D,D,0,No Deposit,8.0,0,Transient,67.0,0,1
Resort Hotel,0,231,2016,June,24,9,0,3,2,0.0,0,BB,CN,Online TA,TA/TO,0,0,0,E,E,1,No Deposit,242.0,0,Transient,113.1,1,1
Resort Hotel,0,9,2016,June,24,10,0,2,2,0.0,0,BB,PRT,Online TA,TA/TO,0,0,0,A,B,0,No Deposit,240.0,0,Transient,141.0,1,1
Resort Hotel,0,1,2016,June,24,11,0,1,2,0.0,0,BB,ESP,Direct,Direct,0,0,0,A,A,2,No Deposit,,0,Transient,120.0,1,0
Resort Hotel,0,155,2016,June,24,10,0,2,2,0.0,0,BB,PRT,Online TA,TA/TO,0,0,0,A,A,0,No Deposit,240.0,0,Transient,72.0,0,0
Resort Hotel,0,155,2016,June,24,10,0,2,2,0.0,0,BB,PRT,Online TA,TA/TO,0,0,0,A,A,0,No Deposit,240.0,0,Transient,84.0,1,0
Resort Hotel,0,90,2016,June,24,7,0,5,2,0.0,0,BB,PRT,Online TA,TA/TO,0,0,0,D,G,0,No Deposit,240.0,0,Transient,131.0,0,1
Resort Hotel,0,107,2016,June,23,3,2,7,2,0.0,0,BB,PRT,Online TA,TA/TO,0,0,0,A,A,2,No Deposit,241.0,0,Transient,58.52,0,1
Resort Hotel,0,88,2016,June,23,2,2,8,2,0.0,0,BB,IRL,Online TA,TA/TO,0,0,0,D,D,0,No Deposit,240.0,0,Transient,133.0,0,1
Resort Hotel,0,159,2016,June,24,5,2,5,2,0.0,0,HB,GBR,Offline TA/TO,TA/TO,0,0,0,A,A,0,No Deposit,40.0,0,Contract,81.85,0,1
Resort Hotel,0,134,2016,June,24,9,0,3,2,0.0,0,BB,CHE,Online TA,TA/TO,0,0,0,A,A,0,No Deposit,240.0,0,Transient,109.33,1,1
Resort Hotel,0,0,2016,June,24,10,0,2,2,0.0,0,BB,PRT,Online TA,TA/TO,0,0,0,A,C,0,No Deposit,240.0,0,Transient,129.0,0,0
Resort Hotel,0,46,2016,May,23,30,4,10,2,0.0,0,BB,IRL,Online TA,TA/TO,0,0,0,A,A,0,No Deposit,147.0,0,Transient,57.72,0,0
Resort Hotel,0,109,2016,June,24,6,2,5,2,0.0,0,BB,GBR,Offline TA/TO,TA/TO,0,0,0,D,E,0,No Deposit,243.0,0,Contract,64.9,0,0
Resort Hotel,0,0,2016,June,25,12,1,0,2,0.0,0,BB,DEU,Direct,Direct,0,0,0,A,A,0,No Deposit,,0,Transient,131.0,1,0
Resort Hotel,0,132,2016,June,24,6,2,5,2,0.0,0,BB,GBR,Direct,Direct,0,0,0,E,F,1,No Deposit,250.0,0,Transient,98.72,0,1
Resort Hotel,0,117,2016,June,25,13,1,3,2,0.0,0,BB,SWE,Online TA,TA/TO,0,0,0,E,F,3,No Deposit,240.0,0,Transient,136.0,0,1
Resort Hotel,0,6,2016,June,25,17,0,2,2,0.0,0,BB,SWE,Online TA,TA/TO,0,0,0,F,F,0,No Deposit,,0,Transient,143.1,0,1
Resort Hotel,0,96,2016,June,25,12,2,5,2,0.0,0,BB,GBR,Offline TA/TO,TA/TO,0,0,0,A,A,1,No Deposit,243.0,0,Contract,51.85,0,0
Resort Hotel,0,104,2016,June,25,12,1,0,2,0.0,0,BB,PRT,Offline TA/TO,TA/TO,0,0,0,D,D,0,No Deposit,251.0,0,Transient-Party,78.0,0,1
Resort Hotel,0,136,2016,June,25,12,1,0,2,0.0,0,BB,DEU,Offline TA/TO,TA/TO,0,0,0,D,D,0,No Deposit,251.0,0,Transient,78.0,0,0
Resort Hotel,0,96,2016,June,24,6,2,5,2,0.0,0,FB,PRT,Offline TA/TO,TA/TO,0,0,0,E,G,2,No Deposit,171.0,0,Transient,135.1,0,1
Resort Hotel,0,17,2016,June,24,11,1,1,2,0.0,0,BB,GIB,Online TA,TA/TO,0,0,0,A,A,0,No Deposit,240.0,0,Transient-Party,141.0,1,0
Resort Hotel,0,104,2016,June,25,12,1,0,2,0.0,0,BB,DEU,Offline TA/TO,TA/TO,0,0,0,D,D,0,No Deposit,251.0,0,Transient-Party,78.0,0,1
Resort Hotel,0,15,2016,June,24,10,1,2,2,0.0,0,BB,IRL,Online TA,TA/TO,0,0,0,A,A,0,No Deposit,314.0,0,Transient,105.2,0,0
Resort Hotel,0,136,2016,June,24,9,1,3,2,0.0,0,BB,IRL,Online TA,TA/TO,0,0,0,G,G,0,No Deposit,240.0,0,Transient,154.5,0,1
Resort Hotel,0,258,2016,June,25,12,1,0,2,0.0,0,BB,EST,Online TA,TA/TO,0,0,0,A,C,0,No Deposit,240.0,0,Transient,64.8,1,2
Resort Hotel,0,158,2016,June,25,13,0,0,2,0.0,0,BB,PRT,Online TA,TA/TO,0,0,0,A,I,0,No Deposit,240.0,0,Transient,0.0,0,0
Resort Hotel,0,17,2016,June,24,11,1,1,2,0.0,0,BB,GIB,Online TA,TA/TO,0,0,0,A,A,0,No Deposit,240.0,0,Transient-Party,141.0,0,0
Resort Hotel,0,98,2016,May,23,30,4,10,2,0.0,0,BB,NLD,Online TA,TA/TO,0,0,0,E,E,0,No Deposit,241.0,0,Transient,98.76,0,2
Resort Hotel,0,97,2016,May,23,30,4,10,2,0.0,0,BB,IRL,Direct,Direct,0,0,0,E,E,0,No Deposit,,0,Transient,96.9,0,2
Resort Hotel,0,116,2016,June,24,10,1,2,2,0.0,0,BB,PRT,Online TA,TA/TO,0,0,0,A,C,5,No Deposit,240.0,0,Transient,88.67,0,2
Resort Hotel,0,125,2016,June,24,7,2,5,2,0.0,0,BB,IRL,Direct,Direct,0,0,0,D,E,0,No Deposit,250.0,0,Transient,94.37,0,0
Resort Hotel,0,125,2016,June,24,7,2,5,2,0.0,0,BB,IRL,Direct,Direct,0,0,0,D,E,0,No Deposit,250.0,0,Transient,94.37,0,0
Resort Hotel,0,0,2016,June,25,12,2,0,2,0.0,0,BB,ESP,Online TA,TA/TO,0,0,0,A,A,0,No Deposit,240.0,0,Transient,126.0,1,1
Resort Hotel,0,178,2016,May,23,31,4,10,2,0.0,0,BB,IRL,Online TA,TA/TO,0,0,0,E,E,0,No Deposit,241.0,0,Transient,77.14,0,1
Resort Hotel,0,8,2016,June,25,14,0,0,2,0.0,0,BB,ESP,Online TA,TA/TO,0,0,0,A,I,0,No Deposit,240.0,0,Transient,0.0,0,0
Resort Hotel,0,170,2016,June,25,14,0,0,2,0.0,0,BB,PRT,Online TA,TA/TO,0,0,0,D,I,0,No Deposit,240.0,0,Transient,0.0,0,1
Resort Hotel,0,0,2016,June,25,13,1,0,2,0.0,0,BB,USA,Direct,Direct,0,0,0,F,F,0,No Deposit,,0,Transient,159.0,1,0
Resort Hotel,0,103,2016,June,24,11,2,2,2,0.0,0,BB,FRA,Online TA,TA/TO,0,0,0,E,F,1,No Deposit,240.0,0,Transient,148.0,1,2
Resort Hotel,0,107,2016,June,24,8,2,5,2,0.0,0,BB,BEL,Online TA,TA/TO,0,0,0,A,C,0,No Deposit,240.0,0,Transient,106.0,0,1
Resort Hotel,0,155,2016,June,24,8,2,5,2,0.0,0,BB,NLD,Online TA,TA/TO,0,0,0,D,E,0,No Deposit,240.0,0,Transient,87.5,0,0
Resort Hotel,0,150,2016,June,24,5,4,6,2,0.0,0,HB,GBR,Offline TA/TO,TA/TO,0,0,0,D,D,0,No Deposit,40.0,0,Transient,92.9,0,0
Resort Hotel,0,107,2016,June,23,1,4,10,2,0.0,0,BB,GBR,Online TA,TA/TO,0,0,0,E,F,1,No Deposit,240.0,0,Transient,137.57,0,2
Resort Hotel,0,108,2016,June,24,11,2,2,2,0.0,0,BB,GBR,Online TA,TA/TO,0,0,0,A,A,0,No Deposit,240.0,0,Transient,147.25,0,1
Resort Hotel,0,139,2016,June,24,9,2,4,2,0.0,0,HB,ESP,Offline TA/TO,TA/TO,0,0,0,A,A,0,No Deposit,339.0,0,Transient,90.0,0,1
Resort Hotel,0,159,2016,June,25,13,1,1,2,0.0,0,BB,CHE,Online TA,TA/TO,0,0,0,A,A,0,No Deposit,240.0,0,Transient,84.0,1,1
Resort Hotel,0,112,2016,June,24,8,2,5,2,0.0,0,HB,DEU,Offline TA/TO,TA/TO,0,0,0,D,E,0,No Deposit,314.0,0,Transient,104.14,0,1
Resort Hotel,0,61,2016,June,25,13,1,1,2,0.0,0,BB,DEU,Direct,Direct,0,0,0,A,C,0,No Deposit,250.0,0,Transient,116.1,0,1
Resort Hotel,0,124,2016,June,24,6,3,6,2,0.0,0,HB,DEU,Offline TA/TO,TA/TO,0,0,0,D,E,0,No Deposit,163.0,0,Contract,85.0,0,0
Resort Hotel,0,0,2016,June,25,13,1,1,2,0.0,0,BB,PRT,Direct,Direct,0,0,0,A,A,0,No Deposit,,0,Transient,121.0,1,0
Resort Hotel,0,134,2016,June,23,1,4,10,2,0.0,0,BB,GBR,Direct,Direct,0,0,0,D,D,0,No Deposit,250.0,0,Transient,84.39,0,0
Resort Hotel,0,131,2016,June,25,13,1,1,2,0.0,0,BB,NOR,Online TA,TA/TO,0,0,0,A,A,0,No Deposit,241.0,0,Transient,93.62,1,1
Resort Hotel,0,107,2016,June,23,1,4,10,2,0.0,0,BB,PRT,Direct,Direct,0,0,0,C,C,2,No Deposit,,0,Transient-Party,104.06,1,0
Resort Hotel,0,114,2016,June,24,9,2,4,2,0.0,0,BB,DNK,Online TA,TA/TO,0,0,0,E,G,0,No Deposit,241.0,0,Transient,108.71,1,1
Resort Hotel,0,2,2016,June,25,14,0,1,2,0.0,0,BB,URY,Online TA,TA/TO,0,0,0,A,A,0,No Deposit,240.0,0,Transient,121.0,1,1
Resort Hotel,0,134,2016,June,23,1,4,10,2,0.0,0,BB,GBR,Direct,Direct,0,0,0,D,D,0,No Deposit,250.0,0,Transient,84.39,0,0
Resort Hotel,0,74,2016,June,25,13,1,1,2,0.0,0,BB,USA,Online TA,TA/TO,0,0,0,G,G,2,No Deposit,241.0,0,Transient,149.52,1,1
Resort Hotel,0,107,2016,June,23,1,4,10,2,0.0,0,BB,PRT,Direct,Direct,0,0,0,D,E,2,No Deposit,,0,Transient-Party,90.08,1,0
Resort Hotel,0,134,2016,June,23,1,4,10,2,0.0,0,BB,GBR,Direct,Direct,0,0,0,D,D,1,No Deposit,250.0,0,Transient,76.5,0,0
Resort Hotel,0,11,2016,June,25,12,2,1,2,0.0,0,BB,AUT,Online TA,TA/TO,0,0,0,A,A,0,No Deposit,240.0,0,Transient,129.0,0,1
Resort Hotel,0,0,2016,June,25,15,0,0,2,0.0,0,HB,PRT,Offline TA/TO,TA/TO,1,0,0,A,I,0,No Deposit,40.0,0,Contract,0.0,0,0
Resort Hotel,0,0,2016,June,25,15,0,1,2,0.0,0,BB,LBN,Direct,TA/TO,1,0,0,G,G,1,No Deposit,,0,Transient,169.0,0,0
Resort Hotel,0,0,2016,June,25,16,0,1,2,0.0,0,BB,PRT,Direct,Direct,1,0,1,F,F,0,No Deposit,,0,Transient,169.0,0,0
Resort Hotel,0,56,2016,June,25,13,1,1,2,0.0,0,BB,USA,Online TA,TA/TO,0,0,0,A,A,1,No Deposit,242.0,0,Transient,129.0,0,1
Resort Hotel,0,136,2016,June,24,9,2,5,2,0.0,0,BB,IRL,Offline TA/TO,TA/TO,0,0,0,E,E,0,No Deposit,8.0,0,Transient,79.2,0,0
Resort Hotel,0,136,2016,June,24,9,2,5,2,0.0,0,BB,IRL,Offline TA/TO,TA/TO,0,0,0,D,D,0,No Deposit,8.0,0,Transient,68.4,0,0
Resort Hotel,0,83,2016,June,23,2,4,10,2,0.0,0,BB,GBR,Offline TA/TO,TA/TO,0,0,0,A,A,0,No Deposit,243.0,0,Contract,53.85,0,1
Resort Hotel,0,90,2016,June,24,9,2,5,2,0.0,0,BB,GBR,Offline TA/TO,TA/TO,0,0,0,D,D,0,No Deposit,243.0,0,Contract,62.9,0,0
Resort Hotel,0,90,2016,June,24,9,2,5,2,0.0,0,BB,GBR,Offline TA/TO,TA/TO,0,0,0,D,D,0,No Deposit,243.0,0,Contract,62.9,0,0
Resort Hotel,0,239,2016,June,24,7,2,7,2,0.0,0,HB,GBR,Offline TA/TO,TA/TO,0,0,0,E,E,1,No Deposit,40.0,0,Transient,106.5,0,0
Resort Hotel,0,157,2016,June,25,12,2,2,2,0.0,0,BB,GBR,Offline TA/TO,TA/TO,0,0,0,A,A,0,No Deposit,40.0,0,Transient,53.85,0,0
Resort Hotel,0,83,2016,June,23,2,4,10,2,0.0,0,HB,GBR,Offline TA/TO,TA/TO,0,0,0,A,A,0,No Deposit,243.0,0,Contract,77.85,0,1
Resort Hotel,0,41,2016,June,25,14,0,2,2,0.0,0,BB,PRT,Complementary,Direct,0,0,0,E,E,0,No Deposit,,0,Transient,0.0,0,0
Resort Hotel,0,120,2016,June,24,9,2,5,2,0.0,0,HB,FRA,Offline TA/TO,TA/TO,0,0,0,E,E,1,No Deposit,5.0,0,Transient,135.83,0,0
Resort Hotel,0,83,2016,June,23,2,4,10,2,0.0,0,BB,GBR,Offline TA/TO,TA/TO,0,0,0,D,D,0,No Deposit,243.0,0,Contract,62.9,0,0
Resort Hotel,0,73,2016,June,25,15,0,1,2,0.0,0,BB,FRA,Online TA,TA/TO,0,0,0,A,C,2,No Deposit,240.0,0,Transient,116.0,0,0
Resort Hotel,0,139,2016,June,24,5,4,7,2,0.0,0,HB,NLD,Offline TA/TO,TA/TO,0,0,0,D,D,0,No Deposit,171.0,0,Transient,93.8,0,0
Resort Hotel,0,54,2016,June,25,14,0,2,2,0.0,0,BB,IRL,Online TA,TA/TO,0,0,0,A,A,0,No Deposit,240.0,0,Transient,129.0,0,1
Resort Hotel,0,3,2016,June,25,12,2,2,2,0.0,0,BB,GBR,Online TA,TA/TO,0,0,0,F,F,0,No Deposit,241.0,0,Transient,124.82,1,0
Resort Hotel,0,140,2016,June,24,9,2,5,2,0.0,0,HB,GBR,Online TA,TA/TO,0,0,0,A,A,0,No Deposit,241.0,0,Transient,93.06,0,1
Resort Hotel,0,164,2016,June,25,12,2,2,2,0.0,0,BB,CN,Offline TA/TO,TA/TO,0,0,0,A,A,0,No Deposit,96.0,0,Transient,59.4,0,0
Resort Hotel,0,62,2016,June,25,12,2,2,2,0.0,0,BB,PRT,Offline TA/TO,TA/TO,0,0,0,A,A,0,No Deposit,5.0,0,Transient,57.6,0,2
Resort Hotel,0,142,2016,June,24,5,4,7,2,0.0,0,Undefined,PRT,Direct,Direct,0,0,0,D,D,0,No Deposit,250.0,0,Transient,121.25,0,0
Resort Hotel,0,164,2017,June,24,17,4,8,2,0.0,0,Undefined,PRT,Direct,Direct,1,0,1,C,C,2,No Deposit,250.0,0,Transient,183.88,0,0
Resort Hotel,0,154,2016,June,24,11,2,4,2,0.0,0,BB,GBR,Offline TA/TO,TA/TO,0,0,0,D,E,1,No Deposit,8.0,0,Transient,70.4,0,1
Resort Hotel,0,177,2016,June,24,10,2,5,2,0.0,0,HB,IRL,Online TA,TA/TO,0,0,0,E,E,0,No Deposit,240.0,0,Transient,142.0,0,2
Resort Hotel,0,177,2016,June,24,10,2,5,2,0.0,0,HB,IRL,Online TA,TA/TO,0,0,0,E,E,0,No Deposit,240.0,0,Transient,140.0,0,2
Resort Hotel,0,151,2016,June,24,10,2,5,2,0.0,0,BB,IRL,Direct,Direct,0,0,0,D,D,0,No Deposit,250.0,0,Transient,78.5,0,0
Resort Hotel,0,174,2016,June,23,3,4,10,2,0.0,0,BB,GBR,Offline TA/TO,TA/TO,0,0,0,D,D,0,No Deposit,40.0,0,Contract,62.9,0,3
Resort Hotel,0,174,2016,June,23,3,4,10,2,0.0,0,BB,IRL,Offline TA/TO,TA/TO,0,0,0,D,D,0,No Deposit,40.0,0,Contract,64.9,0,3
Resort Hotel,0,366,2016,June,24,6,3,8,2,0.0,0,BB,GBR,Offline TA/TO,TA/TO,0,0,0,E,E,1,No Deposit,40.0,0,Contract,78.5,0,0
Resort Hotel,0,0,2016,June,25,16,0,1,2,0.0,0,BB,PRT,Direct,Direct,0,0,0,A,A,1,No Deposit,,0,Transient,99.0,1,0
Resort Hotel,0,0,2016,June,25,17,0,0,2,0.0,0,BB,PRT,Offline TA/TO,TA/TO,1,0,0,A,I,0,No Deposit,177.0,0,Group,0.0,0,0
Resort Hotel,0,42,2016,June,25,12,2,3,2,0.0,0,BB,BEL,Online TA,TA/TO,0,0,0,A,A,0,No Deposit,240.0,0,Transient,129.0,0,0
Resort Hotel,0,0,2016,June,25,16,0,1,2,0.0,0,BB,NLD,Direct,Direct,0,0,0,F,F,0,No Deposit,,0,Transient,139.0,0,0
Resort Hotel,0,26,2016,June,25,12,2,3,2,0.0,0,BB,ESP,Online TA,TA/TO,0,0,0,A,A,0,No Deposit,240.0,0,Transient,129.0,1,0
Resort Hotel,0,177,2016,June,24,11,2,4,2,0.0,0,HB,PRT,Direct,Direct,0,0,0,A,A,1,No Deposit,,0,Transient,93.0,0,2
Resort Hotel,0,177,2016,June,24,11,2,4,2,0.0,0,HB,PRT,Direct,Direct,0,0,0,A,A,1,No Deposit,,0,Transient,93.0,0,2
Resort Hotel,0,0,2016,June,25,17,0,0,2,0.0,0,BB,PRT,Direct,Direct,1,0,0,A,A,1,No Deposit,,0,Transient,0.0,0,0
Resort Hotel,0,177,2016,June,24,11,2,4,2,0.0,0,HB,PRT,Direct,Direct,0,0,0,A,A,1,No Deposit,,0,Transient,93.0,0,1
Resort Hotel,0,52,2016,June,25,12,2,4,2,0.0,0,HB,PRT,Online TA,TA/TO,0,0,0,A,A,1,No Deposit,5.0,0,Transient,130.87,1,1
Resort Hotel,0,179,2016,June,24,11,2,5,2,0.0,0,HB,GBR,Offline TA/TO,TA/TO,0,0,0,E,E,1,No Deposit,314.0,0,Transient,109.2,0,2
Resort Hotel,0,126,2016,June,24,8,2,8,2,0.0,0,BB,GBR,Online TA,TA/TO,0,0,0,D,D,0,No Deposit,240.0,0,Transient,115.8,0,0
Resort Hotel,0,152,2016,June,24,11,2,5,2,0.0,0,BB,GBR,Offline TA/TO,TA/TO,0,0,0,D,D,1,No Deposit,40.0,0,Contract,64.9,0,1
Resort Hotel,0,152,2016,June,24,11,2,5,2,0.0,0,BB,GBR,Offline TA/TO,TA/TO,0,0,0,D,D,1,No Deposit,40.0,0,Contract,62.9,0,0
Resort Hotel,0,182,2016,June,24,11,2,5,2,0.0,0,BB,DNK,Offline TA/TO,TA/TO,0,0,0,A,A,0,No Deposit,253.0,0,Transient,54.9,0,0
Resort Hotel,0,145,2016,June,24,11,2,5,2,0.0,0,HB,GBR,Offline TA/TO,TA/TO,0,0,0,D,D,0,No Deposit,171.0,0,Transient,93.8,0,0
Resort Hotel,0,177,2016,June,25,12,2,4,2,0.0,0,BB,GBR,Direct,Direct,0,0,0,E,E,0,No Deposit,250.0,0,Transient,105.0,1,0
Resort Hotel,0,51,2016,June,25,14,0,4,2,0.0,0,BB,GBR,Online TA,TA/TO,0,0,0,A,A,0,No Deposit,240.0,0,Transient,129.0,0,1
Resort Hotel,0,297,2016,June,24,11,2,5,2,0.0,0,HB,GBR,Offline TA/TO,TA/TO,0,0,0,D,D,0,No Deposit,40.0,0,Contract,92.9,0,1
Resort Hotel,0,158,2016,June,25,12,2,4,2,0.0,0,HB,DEU,Online TA,TA/TO,0,0,0,A,A,1,No Deposit,240.0,0,Transient,163.0,0,2
Resort Hotel,0,158,2016,June,25,12,2,4,2,0.0,0,HB,PRT,Online TA,TA/TO,0,0,0,A,A,1,No Deposit,240.0,0,Transient,161.0,0,2
Resort Hotel,0,297,2016,June,24,11,2,5,2,0.0,0,HB,GBR,Offline TA/TO,TA/TO,0,0,0,D,D,0,No Deposit,40.0,0,Contract,92.9,0,1
Resort Hotel,0,155,2016,June,25,17,0,1,2,0.0,0,BB,CHE,Offline TA/TO,TA/TO,0,0,0,D,D,0,No Deposit,251.0,0,Transient,78.0,0,2
Resort Hotel,0,63,2016,June,25,12,2,4,2,0.0,0,BB,PRT,Online TA,TA/TO,0,0,0,A,A,0,No Deposit,240.0,0,Transient,119.0,0,1
Resort Hotel,0,168,2016,June,24,11,2,5,2,0.0,0,BB,GBR,Offline TA/TO,TA/TO,0,0,0,D,D,3,No Deposit,40.0,0,Contract,64.9,0,2
Resort Hotel,0,215,2016,June,24,11,2,5,2,0.0,0,BB,GBR,Online TA,TA/TO,0,0,0,E,G,0,No Deposit,240.0,0,Transient,99.0,0,2
Resort Hotel,0,168,2016,June,24,11,2,5,2,0.0,0,BB,GBR,Offline TA/TO,TA/TO,0,0,0,D,D,1,No Deposit,40.0,0,Contract,64.9,0,2
Resort Hotel,0,168,2016,June,24,11,2,5,2,0.0,0,BB,GBR,Offline TA/TO,TA/TO,0,0,0,D,D,1,No Deposit,40.0,0,Contract,64.9,0,2
Resort Hotel,0,149,2016,June,23,4,4,10,2,0.0,0,BB,GBR,Offline TA/TO,TA/TO,0,0,0,D,D,0,No Deposit,143.0,0,Transient,62.9,0,0
Resort Hotel,0,157,2016,June,24,11,2,5,2,0.0,0,BB,GBR,Offline TA/TO,TA/TO,0,0,0,A,A,1,No Deposit,143.0,0,Transient,51.85,0,0
Resort Hotel,0,85,2016,June,25,18,0,0,2,0.0,0,BB,FRA,Online TA,TA/TO,0,0,0,A,A,0,No Deposit,240.0,0,Transient,0.0,0,0
Resort Hotel,0,85,2016,June,25,18,0,0,2,0.0,0,BB,FRA,Online TA,TA/TO,0,0,0,A,A,0,No Deposit,240.0,0,Transient,0.0,0,0
Resort Hotel,0,85,2016,June,25,18,0,0,2,0.0,0,BB,FRA,Online TA,TA/TO,0,0,0,A,A,0,No Deposit,240.0,0,Transient,0.0,0,0
Resort Hotel,0,123,2016,June,24,5,4,10,2,0.0,0,HB,DEU,Offline TA/TO,TA/TO,0,0,0,D,D,0,No Deposit,75.0,0,Contract,87.0,0,0
Resort Hotel,0,96,2016,June,25,12,2,5,2,0.0,0,HB,GBR,Offline TA/TO,TA/TO,0,0,0,A,A,1,No Deposit,243.0,0,Contract,77.85,0,0
Resort Hotel,0,142,2016,June,23,4,4,11,2,0.0,0,BB,GBR,Offline TA/TO,TA/TO,0,0,0,D,D,0,No Deposit,8.0,0,Transient,68.4,0,0
Resort Hotel,0,86,2016,June,24,5,4,10,2,0.0,0,BB,GBR,Offline TA/TO,TA/TO,0,0,0,A,A,1,No Deposit,243.0,0,Contract,51.85,0,1
Resort Hotel,0,90,2016,June,24,9,2,8,2,0.0,0,BB,GBR,Offline TA/TO,TA/TO,0,0,0,D,D,0,No Deposit,243.0,0,Contract,64.9,0,0
Resort Hotel,0,90,2016,June,24,9,2,8,2,0.0,0,HB,GBR,Offline TA/TO,TA/TO,0,0,0,D,D,0,No Deposit,243.0,0,Contract,88.9,0,1
Resort Hotel,0,10,2016,June,25,17,0,2,2,0.0,0,HB,ESP,Offline TA/TO,TA/TO,0,0,0,E,E,0,No Deposit,414.0,0,Transient-Party,185.0,1,1
Resort Hotel,0,10,2016,June,25,17,0,2,2,0.0,0,HB,ESP,Offline TA/TO,TA/TO,0,0,0,E,E,0,No Deposit,414.0,0,Transient-Party,173.0,0,1
Resort Hotel,0,4,2016,June,25,17,0,2,2,0.0,0,HB,ESP,Online TA,TA/TO,0,0,0,E,F,0,No Deposit,240.0,0,Transient,193.0,1,2
Resort Hotel,0,3,2016,June,25,18,0,1,2,0.0,0,BB,PRT,Online TA,TA/TO,0,0,0,A,A,0,No Deposit,240.0,0,Transient,129.0,1,1
Resort Hotel,0,4,2016,June,25,18,0,1,2,0.0,0,BB,ESP,Online TA,TA/TO,0,0,0,A,A,0,No Deposit,,0,Transient,141.0,0,0
Resort Hotel,0,98,2016,June,25,17,0,2,2,0.0,0,BB,IRL,Offline TA/TO,TA/TO,0,0,0,A,C,0,No Deposit,6.0,0,Transient,71.6,1,0
Resort Hotel,0,0,2016,June,25,18,0,1,2,0.0,0,BB,AGO,Direct,Direct,0,0,0,A,A,1,No Deposit,,0,Transient,112.5,0,0
Resort Hotel,0,7,2016,June,25,18,0,1,2,0.0,0,BB,CN,Direct,Direct,0,0,0,E,E,0,No Deposit,250.0,0,Transient-Party,143.1,0,1
Resort Hotel,0,3,2016,June,25,17,0,2,2,0.0,0,BB,ESP,Online TA,TA/TO,0,0,0,A,A,0,No Deposit,240.0,0,Transient,143.0,1,1
Resort Hotel,0,47,2016,June,25,16,0,3,2,0.0,0,BB,ITA,Online TA,TA/TO,0,0,0,A,C,0,No Deposit,240.0,0,Transient,129.0,0,0
Resort Hotel,0,30,2016,June,25,15,0,4,2,0.0,0,BB,CHE,Online TA,TA/TO,0,0,0,A,A,0,No Deposit,240.0,0,Transient,129.0,0,1
Resort Hotel,0,160,2016,June,25,13,2,5,2,0.0,0,HB,USA,Direct,Direct,0,0,0,D,D,1,No Deposit,250.0,0,Transient,118.5,0,2
Resort Hotel,0,36,2016,June,25,12,3,5,2,0.0,0,BB,IRL,Direct,Direct,0,0,0,C,C,0,No Deposit,,0,Transient,149.6,0,0
Resort Hotel,0,169,2017,June,25,20,2,6,2,0.0,0,BB,IRL,Direct,Direct,1,0,1,C,C,0,No Deposit,,0,Transient,128.05,0,1
Resort Hotel,0,103,2016,June,24,6,4,10,2,0.0,0,BB,GBR,Offline TA/TO,TA/TO,0,0,0,E,F,0,No Deposit,171.0,0,Transient,91.1,0,0
Resort Hotel,0,76,2016,June,25,13,2,5,2,0.0,0,BB,GBR,Offline TA/TO,TA/TO,0,0,0,D,D,0,No Deposit,243.0,0,Contract,64.9,0,0
Resort Hotel,0,50,2016,June,25,18,1,1,2,0.0,0,BB,POL,Offline TA/TO,TA/TO,0,0,0,D,D,0,No Deposit,251.0,0,Transient-Party,78.0,0,0
Resort Hotel,0,209,2016,June,25,13,2,5,2,0.0,0,BB,GBR,Online TA,TA/TO,0,0,0,A,A,0,No Deposit,240.0,0,Transient,72.0,0,1
Resort Hotel,0,0,2016,June,26,20,0,0,2,0.0,0,BB,PRT,Online TA,TA/TO,1,0,0,A,I,0,No Deposit,15.0,0,Transient,0.0,0,0
Resort Hotel,0,50,2016,June,25,18,1,1,2,0.0,0,BB,POL,Offline TA/TO,TA/TO,0,0,0,D,D,0,No Deposit,251.0,0,Transient-Party,78.0,0,0
Resort Hotel,0,20,2016,June,26,20,0,0,2,0.0,0,BB,IRL,Online TA,TA/TO,0,0,0,A,C,0,No Deposit,240.0,0,Transient,0.0,0,0
Resort Hotel,0,50,2016,June,25,18,1,1,2,0.0,0,BB,POL,Offline TA/TO,TA/TO,0,0,0,D,D,0,No Deposit,251.0,0,Transient-Party,78.0,0,0
Resort Hotel,0,152,2016,June,25,13,2,5,2,0.0,0,BB,GBR,Online TA,TA/TO,0,0,0,D,D,0,No Deposit,240.0,0,Transient,87.5,0,1
Resort Hotel,0,16,2016,June,25,16,1,3,2,0.0,0,BB,GBR,Online TA,TA/TO,0,0,0,A,C,0,No Deposit,241.0,0,Transient,96.36,0,1
Resort Hotel,0,69,2016,June,25,15,1,4,2,0.0,0,BB,ESP,Online TA,TA/TO,0,0,0,A,A,0,No Deposit,240.0,0,Transient,132.6,1,1
Resort Hotel,0,11,2016,June,26,19,1,0,2,0.0,0,BB,PRT,Online TA,TA/TO,0,0,0,A,C,2,No Deposit,240.0,0,Transient,129.0,0,1
Resort Hotel,0,186,2016,June,24,6,4,10,2,0.0,0,BB,BEL,Online TA,TA/TO,0,0,0,A,A,1,No Deposit,240.0,0,Transient,72.0,0,1
Resort Hotel,0,0,2016,June,25,18,1,1,2,0.0,0,BB,CN,Direct,Direct,0,0,0,E,E,0,No Deposit,250.0,0,Transient,173.0,1,0
Resort Hotel,0,108,2016,June,24,6,4,10,2,0.0,0,HB,PRT,Direct,Direct,0,0,0,D,D,0,No Deposit,,0,Transient,138.0,1,0
Resort Hotel,0,128,2017,June,22,1,4,10,2,0.0,0,HB,PRT,Direct,Direct,1,0,1,E,E,1,No Deposit,250.0,0,Transient,156.83,1,0
Resort Hotel,0,140,2016,June,24,6,4,10,2,0.0,0,BB,GBR,Offline TA/TO,TA/TO,0,0,0,D,D,1,No Deposit,243.0,0,Contract,64.9,0,0
Resort Hotel,0,5,2016,June,26,20,1,2,2,0.0,0,BB,USA,Direct,Direct,0,0,0,F,F,1,No Deposit,250.0,0,Transient,184.33,1,2
Resort Hotel,0,216,2016,June,24,7,4,10,2,0.0,0,BB,GBR,Offline TA/TO,TA/TO,0,0,0,A,A,0,No Deposit,40.0,0,Transient,51.84,0,0
Resort Hotel,0,152,2016,June,25,14,2,5,2,0.0,0,BB,PRT,Direct,Direct,0,0,0,D,E,0,No Deposit,250.0,0,Transient,100.6,0,1
Resort Hotel,0,171,2016,June,24,7,4,10,2,0.0,0,HB,GBR,Offline TA/TO,TA/TO,0,0,0,D,D,0,No Deposit,2.0,0,Contract,92.9,1,1
Resort Hotel,0,161,2016,June,25,15,2,4,2,0.0,0,BB,USA,Online TA,TA/TO,0,0,0,E,E,0,No Deposit,240.0,0,Transient,116.5,1,3
Resort Hotel,0,213,2016,June,25,14,2,5,2,0.0,0,BB,GBR,Offline TA/TO,TA/TO,0,0,0,A,A,0,No Deposit,40.0,0,Contract,51.85,0,0
Resort Hotel,0,2,2016,June,26,19,2,0,2,0.0,0,BB,BEL,Online TA,TA/TO,0,0,0,A,A,0,No Deposit,240.0,0,Transient,141.0,1,1
Resort Hotel,0,160,2016,June,25,14,2,5,2,0.0,0,BB,GBR,Online TA,TA/TO,0,0,0,F,F,0,No Deposit,242.0,0,Transient,108.0,0,1
Resort Hotel,0,150,2016,June,25,18,2,1,2,0.0,0,HB,SWE,Online TA,TA/TO,0,0,0,A,A,0,No Deposit,241.0,0,Transient,107.63,1,1
Resort Hotel,0,92,2016,June,26,19,2,0,2,0.0,0,BB,FRA,Online TA,TA/TO,0,0,0,E,F,0,No Deposit,240.0,0,Transient,158.0,1,2
Resort Hotel,0,73,2016,June,25,12,4,5,2,0.0,0,BB,IRL,Online TA,TA/TO,0,0,0,A,A,0,No Deposit,240.0,0,Transient,116.0,0,0
Resort Hotel,0,13,2016,June,26,20,1,0,2,0.0,0,BB,PRT,Offline TA/TO,TA/TO,0,0,0,A,A,1,No Deposit,126.0,0,Transient,97.0,1,0
Resort Hotel,0,99,2016,June,25,16,2,3,2,0.0,0,BB,PRT,Online TA,TA/TO,0,0,0,D,D,0,No Deposit,240.0,0,Transient,133.0,0,1
Resort Hotel,0,13,2016,June,26,20,1,0,2,0.0,0,BB,SWE,Online TA,TA/TO,0,0,0,A,I,0,No Deposit,240.0,0,Transient-Party,111.0,0,1
Resort Hotel,0,294,2016,June,26,21,0,5,2,0.0,0,BB,SWE,Online TA,TA/TO,0,0,0,A,A,0,No Deposit,240.0,0,Transient,76.8,0,1
Resort Hotel,0,13,2016,June,26,20,1,0,2,0.0,0,BB,SWE,Online TA,TA/TO,0,0,0,A,A,0,No Deposit,240.0,0,Transient-Party,99.0,0,1
Resort Hotel,0,294,2016,June,26,21,0,5,2,0.0,0,BB,SWE,Online TA,TA/TO,0,0,0,A,A,0,No Deposit,240.0,0,Transient,64.8,0,1
Resort Hotel,0,5,2016,June,26,20,1,0,2,0.0,0,BB,PRT,Direct,Direct,0,0,0,A,D,0,No Deposit,,0,Transient,100.0,1,0
Resort Hotel,0,5,2016,June,26,19,2,0,2,0.0,0,BB,PRT,Corporate,Corporate,0,0,0,A,A,0,No Deposit,,0,Transient,75.0,0,0
Resort Hotel,0,59,2017,April,14,8,2,4,2,0.0,0,BB,PRT,Corporate,Corporate,1,0,1,A,A,3,No Deposit,,0,Transient,50.0,0,1
Resort Hotel,0,67,2016,June,26,19,2,0,2,0.0,0,BB,ARG,Online TA,TA/TO,0,0,0,A,A,0,No Deposit,240.0,0,Transient-Party,129.0,0,0
Resort Hotel,0,67,2016,June,26,19,2,0,2,0.0,0,BB,ARG,Online TA,TA/TO,0,0,0,A,A,0,No Deposit,240.0,0,Transient-Party,141.0,1,0
Resort Hotel,0,147,2016,June,25,14,2,5,2,0.0,0,HB,GBR,Offline TA/TO,TA/TO,0,0,0,D,E,0,No Deposit,171.0,0,Transient,93.8,0,0
Resort Hotel,0,13,2016,June,26,20,1,0,2,0.0,0,BB,ITA,Online TA,TA/TO,0,0,0,A,C,0,No Deposit,240.0,0,Transient-Party,99.0,0,1
Resort Hotel,0,294,2016,June,26,21,0,5,2,0.0,0,BB,ITA,Online TA,TA/TO,0,0,0,A,C,0,No Deposit,240.0,0,Transient,64.8,0,1
Resort Hotel,0,13,2016,June,26,20,1,0,2,0.0,0,BB,ESP,Online TA,TA/TO,0,0,0,A,C,0,No Deposit,240.0,0,Transient-Party,99.0,0,1
Resort Hotel,0,294,2016,June,26,21,0,5,2,0.0,0,BB,ESP,Online TA,TA/TO,0,0,0,A,C,0,No Deposit,240.0,0,Transient,64.8,0,1
Resort Hotel,0,13,2016,June,26,20,1,0,2,0.0,0,BB,DNK,Online TA,TA/TO,0,0,0,A,C,0,No Deposit,240.0,0,Transient-Party,99.0,0,1
Resort Hotel,0,294,2016,June,26,21,0,5,2,0.0,0,BB,DNK,Online TA,TA/TO,0,0,0,A,C,0,No Deposit,240.0,0,Transient,64.8,0,1
Resort Hotel,0,160,2016,June,25,14,2,5,2,0.0,0,BB,GBR,Offline TA/TO,TA/TO,0,0,0,D,C,0,No Deposit,314.0,0,Transient,73.1,0,0
Resort Hotel,0,57,2016,June,25,17,2,2,2,0.0,0,BB,USA,Direct,Direct,0,0,0,A,A,1,No Deposit,250.0,0,Transient,98.75,0,1
Resort Hotel,0,162,2016,June,25,14,2,5,2,0.0,0,BB,GBR,Online TA,TA/TO,0,0,0,A,A,0,No Deposit,241.0,0,Transient,55.44,0,1
Resort Hotel,0,61,2016,June,25,18,2,1,2,0.0,0,BB,GBR,Online TA,TA/TO,0,0,0,A,A,0,No Deposit,240.0,0,Transient,153.0,1,0
Resort Hotel,0,68,2016,June,25,17,2,2,2,0.0,0,BB,ESP,Online TA,TA/TO,0,0,0,A,A,0,No Deposit,240.0,0,Transient,119.0,0,2
Resort Hotel,0,66,2016,June,24,11,4,6,2,0.0,0,BB,BRA,Online TA,TA/TO,0,0,0,A,A,0,No Deposit,240.0,0,Transient,143.0,1,1
Resort Hotel,0,154,2016,June,25,15,2,5,2,0.0,0,BB,IRL,Direct,Direct,0,0,0,D,E,1,No Deposit,,0,Transient,113.6,0,2
Resort Hotel,0,162,2016,June,25,15,2,5,2,0.0,0,Undefined,GBR,Direct,Direct,0,0,0,F,F,1,No Deposit,250.0,0,Transient,183.86,0,0
Resort Hotel,0,127,2016,June,24,10,4,8,2,0.0,0,HB,IRL,Offline TA/TO,TA/TO,0,0,0,E,E,0,No Deposit,314.0,0,Transient,136.8,0,1
Resort Hotel,0,163,2016,June,25,16,2,4,2,0.0,0,HB,PRT,Direct,Direct,0,0,0,A,A,0,No Deposit,250.0,0,Transient,93.75,0,0
Resort Hotel,0,67,2016,June,25,15,2,5,2,0.0,0,BB,GBR,Online TA,TA/TO,0,0,0,A,A,0,No Deposit,240.0,0,Transient,119.0,0,1
Resort Hotel,0,116,2016,June,25,13,3,6,2,0.0,0,BB,GBR,Offline TA/TO,TA/TO,0,0,0,D,D,0,No Deposit,314.0,0,Transient,89.12,0,1
Resort Hotel,0,116,2016,June,25,13,3,6,2,0.0,0,BB,GBR,Offline TA/TO,TA/TO,0,0,0,D,D,0,No Deposit,314.0,0,Transient,87.12,0,1
Resort Hotel,0,114,2016,June,25,12,4,6,2,0.0,0,BB,CN,Offline TA/TO,TA/TO,0,0,0,E,E,0,No Deposit,314.0,0,Transient,97.92,0,1
Resort Hotel,0,105,2016,June,25,16,2,4,2,0.0,0,Undefined,PRT,Direct,Direct,0,0,0,E,E,1,No Deposit,250.0,0,Transient,181.9,0,0
Resort Hotel,0,96,2016,June,25,16,2,4,2,0.0,0,Undefined,PRT,Direct,Direct,0,0,0,E,E,2,No Deposit,250.0,0,Transient,193.9,1,0
Resort Hotel,0,107,2016,June,25,15,2,5,2,0.0,0,BB,IRL,Online TA,TA/TO,0,0,0,A,A,0,No Deposit,240.0,0,Transient,107.71,0,2
Resort Hotel,0,45,2016,June,26,20,1,1,2,0.0,0,BB,PRT,Online TA,TA/TO,0,0,0,F,F,0,No Deposit,241.0,0,Transient,130.13,0,0
Resort Hotel,0,92,2016,June,25,17,2,3,2,0.0,0,BB,GBR,Online TA,TA/TO,0,0,0,A,A,0,No Deposit,240.0,0,Transient,118.0,0,1
Resort Hotel,0,162,2016,June,25,15,2,5,2,0.0,0,HB,GBR,Offline TA/TO,TA/TO,0,0,0,D,D,0,No Deposit,115.0,0,Transient,93.8,0,0
Resort Hotel,0,265,2016,June,25,15,2,5,2,0.0,0,BB,GBR,Offline TA/TO,TA/TO,0,0,0,D,D,0,No Deposit,156.0,0,Transient,68.4,0,2
Resort Hotel,0,107,2016,June,25,16,2,5,2,0.0,0,BB,IRL,Online TA,TA/TO,0,0,0,E,F,0,No Deposit,240.0,0,Transient,138.0,0,1
Resort Hotel,0,245,2016,June,24,9,4,10,2,0.0,0,BB,GBR,Offline TA/TO,TA/TO,0,0,0,D,D,0,No Deposit,143.0,0,Transient,64.9,0,0
Resort Hotel,0,293,2017,June,23,8,4,10,2,0.0,0,BB,GBR,Offline TA/TO,TA/TO,1,0,1,D,D,0,No Deposit,143.0,0,Transient,70.26,0,2
Resort Hotel,0,247,2016,June,25,16,2,5,2,0.0,0,HB,GBR,Offline TA/TO,TA/TO,0,0,0,E,E,0,No Deposit,143.0,0,Transient,98.6,0,0
Resort Hotel,0,96,2016,June,25,12,4,7,2,0.0,0,HB,GBR,Offline TA/TO,TA/TO,0,0,0,A,A,0,No Deposit,243.0,0,Contract,79.85,0,0
Resort Hotel,0,93,2016,June,24,9,4,10,2,0.0,0,BB,GBR,Offline TA/TO,TA/TO,0,0,0,A,A,0,No Deposit,243.0,0,Contract,51.85,0,0
Resort Hotel,0,90,2016,June,24,9,4,10,2,0.0,0,BB,GBR,Offline TA/TO,TA/TO,0,0,0,D,D,0,No Deposit,243.0,0,Contract,62.9,0,1
Resort Hotel,0,97,2016,June,25,16,2,5,2,0.0,0,BB,GBR,Offline TA/TO,TA/TO,0,0,0,D,D,0,No Deposit,243.0,0,Contract,64.9,0,0
Resort Hotel,0,90,2016,June,24,9,4,10,2,0.0,0,HB,GBR,Offline TA/TO,TA/TO,0,0,0,A,A,0,No Deposit,243.0,0,Contract,79.85,0,0
Resort Hotel,0,162,2016,June,25,16,2,5,2,0.0,0,BB,IRL,Offline TA/TO,TA/TO,0,0,0,D,D,0,No Deposit,95.0,0,Transient,70.4,0,0
Resort Hotel,0,155,2016,June,24,9,4,10,2,0.0,0,BB,GBR,Offline TA/TO,TA/TO,0,0,0,D,D,0,No Deposit,40.0,0,Contract,64.76,0,1
Resort Hotel,0,98,2016,June,25,16,2,5,2,0.0,0,BB,GBR,Offline TA/TO,TA/TO,0,0,0,A,A,0,No Deposit,243.0,0,Contract,53.85,0,0
Resort Hotel,0,96,2016,June,25,12,4,7,2,0.0,0,BB,GBR,Offline TA/TO,TA/TO,0,0,0,A,F,1,No Deposit,243.0,0,Contract,83.85,0,0
Resort Hotel,0,100,2016,June,25,16,2,5,2,0.0,0,BB,GBR,Offline TA/TO,TA/TO,0,0,0,D,D,0,No Deposit,243.0,0,Contract,64.9,0,0
Resort Hotel,0,168,2016,June,25,16,2,5,2,0.0,0,BB,IRL,Offline TA/TO,TA/TO,0,0,0,D,D,0,No Deposit,6.0,0,Transient,70.4,0,0
Resort Hotel,0,1,2016,June,26,22,0,1,2,0.0,0,BB,PRT,Online TA,TA/TO,0,0,0,A,E,0,No Deposit,240.0,0,Transient,121.0,0,0
Resort Hotel,0,117,2016,June,25,13,3,7,2,0.0,0,BB,IRL,Online TA,TA/TO,0,0,0,E,E,0,No Deposit,240.0,0,Transient,137.8,0,1
Resort Hotel,0,0,2016,June,26,22,0,1,2,0.0,0,BB,USA,Direct,Direct,0,0,0,E,E,0,No Deposit,250.0,0,Transient,139.0,1,0
Resort Hotel,0,103,2016,June,25,12,4,7,2,0.0,0,HB,URY,Online TA,TA/TO,0,0,0,E,E,0,No Deposit,240.0,0,Transient,180.0,1,1
Resort Hotel,0,116,2016,June,25,17,2,4,2,0.0,0,BB,PRT,Online TA,TA/TO,0,0,0,A,A,0,No Deposit,240.0,0,Transient,118.0,1,2
Resort Hotel,0,17,2016,June,26,19,2,2,2,0.0,0,BB,GBR,Online TA,TA/TO,0,0,0,F,F,0,No Deposit,241.0,0,Transient,123.62,0,1
Resort Hotel,0,161,2016,June,25,17,2,4,2,0.0,0,BB,ROU,Online TA,TA/TO,0,0,0,A,A,0,No Deposit,240.0,0,Transient,72.0,0,2
Resort Hotel,0,146,2016,June,25,13,3,8,2,0.0,0,BB,IRL,Offline TA/TO,TA/TO,0,0,0,E,E,0,No Deposit,8.0,0,Transient,81.02,0,0
Resort Hotel,0,170,2016,June,25,17,2,5,2,0.0,0,BB,NLD,Offline TA/TO,TA/TO,0,0,0,A,C,1,No Deposit,128.0,0,Transient,61.0,0,1
Resort Hotel,0,161,2016,June,25,17,2,5,2,0.0,0,BB,IRL,Direct,Direct,0,0,0,D,D,0,No Deposit,250.0,0,Transient,78.5,0,0
Resort Hotel,0,164,2016,June,25,17,2,5,2,0.0,0,BB,IRL,Direct,Direct,0,0,0,E,E,0,No Deposit,250.0,0,Transient,94.89,0,2
Resort Hotel,0,194,2016,June,25,12,4,8,2,0.0,0,BB,IRL,Online TA,TA/TO,0,0,0,E,E,1,No Deposit,240.0,0,Transient,101.0,0,1
Resort Hotel,0,206,2016,June,25,18,2,4,2,0.0,0,BB,GBR,Online TA,TA/TO,0,0,0,D,D,0,No Deposit,240.0,0,Transient,87.5,0,0
Resort Hotel,0,151,2016,June,25,14,2,8,2,0.0,0,BB,IRL,Offline TA/TO,TA/TO,0,0,0,D,I,1,No Deposit,8.0,0,Transient,70.4,0,0
Resort Hotel,0,156,2016,June,24,11,4,10,2,0.0,0,HB,GBR,Offline TA/TO,TA/TO,0,0,0,D,D,1,No Deposit,143.0,0,Transient,88.7,0,0
Resort Hotel,0,249,2016,June,24,11,4,10,2,0.0,0,BB,GBR,Offline TA/TO,TA/TO,0,0,0,D,D,0,No Deposit,143.0,0,Contract,64.9,0,1
Resort Hotel,0,155,2016,June,25,18,2,5,2,0.0,0,HB,PRT,Offline TA/TO,TA/TO,0,0,0,A,A,0,No Deposit,15.0,0,Transient,83.6,0,0
Resort Hotel,0,190,2016,June,25,17,2,6,2,0.0,0,HB,PRT,Online TA,TA/TO,0,0,0,A,C,1,No Deposit,105.0,0,Transient,117.76,1,1
Resort Hotel,0,268,2017,July,29,21,2,6,2,0.0,0,HB,PRT,Online TA,TA/TO,1,0,1,A,A,2,No Deposit,240.0,0,Transient,167.68,0,2
Resort Hotel,0,237,2016,June,26,21,0,4,2,0.0,0,BB,BEL,Online TA,TA/TO,0,0,0,A,A,0,No Deposit,240.0,0,Transient,64.8,0,1
Resort Hotel,0,180,2016,June,26,23,0,2,2,0.0,0,BB,FRA,Online TA,TA/TO,0,0,0,E,F,0,No Deposit,240.0,0,Transient,112.0,1,1
Resort Hotel,0,271,2016,June,25,18,2,5,2,0.0,0,BB,GBR,Offline TA/TO,TA/TO,0,0,0,E,E,0,No Deposit,40.0,0,Transient,78.5,0,0
Resort Hotel,0,192,2016,June,24,11,4,10,2,0.0,0,BB,GBR,Offline TA/TO,TA/TO,0,0,0,A,A,1,No Deposit,40.0,0,Contract,51.85,0,0
Resort Hotel,0,124,2016,June,25,18,2,5,2,0.0,0,BB,PRT,Offline TA/TO,TA/TO,0,0,0,A,A,0,No Deposit,15.0,0,Transient,57.6,0,0
Resort Hotel,0,0,2016,June,26,24,0,1,2,0.0,0,BB,ESP,Direct,Direct,0,0,0,F,F,0,No Deposit,,0,Transient,161.0,1,0
Resort Hotel,0,202,2016,June,25,17,2,6,2,0.0,0,BB,PRT,Online TA,TA/TO,0,0,0,A,A,0,No Deposit,240.0,0,Transient,72.0,0,1
Resort Hotel,0,154,2016,June,25,18,2,5,2,0.0,0,BB,IRL,Offline TA/TO,TA/TO,0,0,0,D,D,0,No Deposit,8.0,0,Transient,68.4,0,0
Resort Hotel,0,322,2016,June,26,22,0,3,2,0.0,0,HB,POL,Groups,Direct,0,0,0,A,A,0,No Deposit,,75,Transient-Party,92.0,0,0
Resort Hotel,0,187,2016,June,26,19,2,5,2,0.0,0,BB,DEU,Offline TA/TO,TA/TO,0,0,0,A,A,0,No Deposit,314.0,0,Transient,69.6,1,0
Resort Hotel,0,192,2016,June,26,21,0,5,2,0.0,0,BB,PRT,Direct,Direct,0,0,0,A,A,0,No Deposit,,0,Transient,68.0,0,0
Resort Hotel,0,236,2016,June,26,19,2,5,2,0.0,0,FB,PRT,Offline TA/TO,TA/TO,0,0,0,E,E,1,No Deposit,333.0,0,Transient,146.1,1,0
Resort Hotel,0,211,2017,June,25,22,2,7,2,0.0,0,Undefined,PRT,Direct,TA/TO,1,0,1,E,E,0,No Deposit,,0,Group,151.56,1,0
Resort Hotel,0,7,2016,June,26,24,0,2,2,0.0,0,BB,PRT,Offline TA/TO,TA/TO,0,0,0,D,D,0,No Deposit,1.0,0,Transient,152.16,1,0
Resort Hotel,0,100,2016,June,26,19,2,5,2,0.0,0,HB,GBR,Offline TA/TO,TA/TO,0,0,0,D,E,0,No Deposit,243.0,0,Contract,90.9,0,0
Resort Hotel,0,188,2016,June,26,20,1,5,2,0.0,0,BB,PRT,Online TA,TA/TO,0,0,0,A,A,0,No Deposit,240.0,0,Transient,84.0,1,0
Resort Hotel,0,157,2016,June,26,19,2,5,2,0.0,0,BB,IRL,Offline TA/TO,TA/TO,0,0,0,D,E,0,No Deposit,8.0,0,Transient,70.4,0,0
Resort Hotel,0,157,2016,June,26,19,2,5,2,0.0,0,BB,IRL,Offline TA/TO,TA/TO,0,0,0,D,D,0,No Deposit,8.0,0,Transient,70.4,0,0
Resort Hotel,0,3,2016,June,26,25,0,1,2,0.0,0,BB,USA,Online TA,TA/TO,0,0,0,A,C,0,No Deposit,306.0,0,Transient,98.4,1,0
Resort Hotel,0,0,2016,June,26,20,1,5,2,0.0,0,BB,PRT,Online TA,TA/TO,0,0,0,A,A,0,No Deposit,240.0,0,Transient,72.0,0,1
Resort Hotel,0,3,2016,June,26,25,0,1,2,0.0,0,BB,PRT,Online TA,TA/TO,0,0,0,A,A,0,No Deposit,240.0,0,Transient-Party,141.0,1,0
Resort Hotel,0,3,2016,June,26,25,0,1,2,0.0,0,BB,PRT,Online TA,TA/TO,0,0,0,A,A,0,No Deposit,240.0,0,Transient-Party,129.0,0,0
Resort Hotel,0,9,2016,June,26,25,0,1,2,0.0,0,HB,ESP,Online TA,TA/TO,0,0,0,A,A,0,No Deposit,240.0,0,Transient-Party,161.0,0,1
Resort Hotel,0,9,2016,June,26,25,0,1,2,0.0,0,HB,ESP,Online TA,TA/TO,0,0,0,A,A,0,No Deposit,240.0,0,Transient-Party,161.0,0,1
Resort Hotel,0,12,2016,June,26,25,0,1,2,0.0,0,BB,ESP,Online TA,TA/TO,0,0,0,A,A,0,No Deposit,240.0,0,Transient,129.0,1,1
Resort Hotel,0,203,2016,June,26,24,0,2,2,0.0,0,BB,ESP,Online TA,TA/TO,0,0,0,A,D,0,No Deposit,240.0,0,Transient-Party,72.0,0,1
Resort Hotel,0,203,2016,June,26,24,0,2,2,0.0,0,BB,ESP,Online TA,TA/TO,0,0,0,A,A,0,No Deposit,240.0,0,Transient-Party,84.0,1,0
Resort Hotel,0,170,2016,June,27,26,2,1,2,0.0,0,BB,CN,Online TA,TA/TO,0,0,0,A,A,3,No Deposit,240.0,0,Transient,84.0,1,0
Resort Hotel,0,8,2016,June,26,25,0,1,2,0.0,0,BB,PRT,Online TA,TA/TO,0,0,0,A,A,0,No Deposit,240.0,0,Transient,129.0,0,2
Resort Hotel,0,165,2016,June,26,21,0,5,2,0.0,0,BB,SWE,Online TA,TA/TO,0,0,0,A,A,2,No Deposit,240.0,0,Transient,84.0,1,0
Resort Hotel,0,181,2016,June,25,17,3,7,2,0.0,0,BB,BEL,Offline TA/TO,TA/TO,0,0,0,D,D,0,No Deposit,128.0,0,Transient,66.6,0,0
Resort Hotel,0,25,2016,June,26,25,1,1,2,0.0,0,BB,USA,Online TA,TA/TO,0,0,0,F,F,0,No Deposit,241.0,0,Transient,130.13,0,1
Resort Hotel,0,131,2016,June,26,20,2,5,2,0.0,0,BB,GBR,Offline TA/TO,TA/TO,0,0,0,E,E,0,No Deposit,8.0,0,Transient,81.2,0,0
Resort Hotel,0,225,2016,June,26,23,1,3,2,0.0,0,BB,IRL,Online TA,TA/TO,0,0,0,A,A,0,No Deposit,240.0,0,Transient-Party,72.0,0,2
Resort Hotel,0,22,2016,June,26,25,1,1,2,0.0,0,BB,FRA,Online TA,TA/TO,0,0,0,G,F,0,No Deposit,241.0,0,Transient,145.53,0,1
Resort Hotel,0,35,2016,June,27,26,1,0,2,0.0,0,HB,ESP,Direct,Direct,0,0,0,A,A,1,No Deposit,250.0,0,Transient,159.0,1,0
Resort Hotel,0,0,2016,June,26,25,1,1,2,0.0,0,BB,ESP,Direct,Direct,0,0,0,A,A,0,No Deposit,,0,Transient,141.0,1,0
Resort Hotel,0,225,2016,June,26,23,1,3,2,0.0,0,BB,GBR,Online TA,TA/TO,0,0,0,A,F,0,No Deposit,240.0,0,Transient-Party,72.0,0,2
Resort Hotel,0,167,2016,June,26,21,1,5,2,0.0,0,BB,SWE,Online TA,TA/TO,0,0,0,A,A,0,No Deposit,240.0,0,Transient,82.0,1,0
Resort Hotel,0,214,2016,June,26,20,2,5,2,0.0,0,BB,ROU,Offline TA/TO,TA/TO,0,0,0,D,D,0,No Deposit,11.0,0,Transient,68.4,0,0
Resort Hotel,0,214,2016,June,26,20,2,5,2,0.0,0,BB,ROU,Offline TA/TO,TA/TO,0,0,0,D,D,0,No Deposit,11.0,0,Transient,68.4,0,1
Resort Hotel,0,5,2016,June,26,25,1,1,2,0.0,0,BB,PRT,Direct,Direct,0,0,0,F,F,0,No Deposit,250.0,0,Transient,181.0,1,0
Resort Hotel,0,41,2016,June,27,26,1,0,2,0.0,0,BB,IRL,Online TA,TA/TO,0,0,0,A,A,0,No Deposit,240.0,0,Transient,129.0,0,1
Resort Hotel,0,101,2016,June,26,20,2,5,2,0.0,0,BB,GBR,Offline TA/TO,TA/TO,0,0,0,A,A,1,No Deposit,243.0,0,Transient,61.0,0,0
Resort Hotel,0,162,2016,June,27,28,2,5,2,0.0,0,BB,IRL,Offline TA/TO,TA/TO,0,0,0,A,A,1,No Deposit,175.0,0,Transient,81.0,0,0
Resort Hotel,0,124,2016,June,26,21,2,5,2,0.0,0,BB,IRL,Online TA,TA/TO,0,0,0,D,D,0,No Deposit,240.0,0,Transient,122.86,0,2
Resort Hotel,0,162,2016,June,26,23,2,3,2,0.0,0,BB,NOR,Online TA,TA/TO,0,0,0,F,F,0,No Deposit,242.0,0,Transient,133.4,0,1
Resort Hotel,0,161,2016,June,26,22,2,4,2,0.0,0,HB,FRA,Online TA,TA/TO,0,0,0,E,E,1,No Deposit,240.0,0,Transient,178.0,1,2
Resort Hotel,0,24,2016,June,26,25,2,1,2,0.0,0,BB,GBR,Online TA,TA/TO,0,0,0,A,A,0,No Deposit,241.0,0,Transient,95.69,0,1
Resort Hotel,0,22,2016,June,27,28,0,2,2,0.0,0,BB,GBR,Online TA,TA/TO,0,0,0,A,A,0,No Deposit,241.0,0,Transient,8.0,0,0
Resort Hotel,0,13,2016,June,26,25,2,1,2,0.0,0,BB,PRT,Online TA,TA/TO,0,0,0,A,A,0,No Deposit,240.0,0,Transient,141.0,1,0
Resort Hotel,0,27,2016,June,26,25,2,1,2,0.0,0,BB,GBR,Online TA,TA/TO,0,0,0,A,A,0,No Deposit,240.0,0,Transient,129.0,0,1
Resort Hotel,0,21,2016,June,26,25,2,1,2,0.0,0,BB,PRT,Online TA,TA/TO,0,0,0,A,A,1,No Deposit,240.0,0,Transient,120.0,0,1
Resort Hotel,0,11,2016,June,26,25,2,1,2,0.0,0,BB,PRT,Online TA,TA/TO,0,0,0,A,A,0,No Deposit,240.0,0,Transient,129.0,0,1
Resort Hotel,0,1,2016,June,26,25,2,1,2,0.0,0,BB,PRT,Direct,Direct,0,0,0,A,A,0,No Deposit,,0,Transient,129.0,0,1
Resort Hotel,0,48,2016,June,27,26,2,0,2,0.0,0,BB,PRT,Online TA,TA/TO,0,0,0,A,A,0,No Deposit,240.0,0,Transient-Party,120.0,0,0
Resort Hotel,0,188,2016,June,26,21,2,5,2,0.0,0,HB,GBR,Offline TA/TO,TA/TO,0,0,0,A,A,0,No Deposit,26.0,0,Transient,76.95,0,0
Resort Hotel,0,0,2016,June,27,27,1,0,2,0.0,0,BB,SWE,Online TA,TA/TO,0,0,0,F,F,0,No Deposit,241.0,0,Transient,130.13,1,0
Resort Hotel,0,7,2016,June,26,25,2,1,2,0.0,0,BB,ESP,Online TA,TA/TO,0,0,0,A,A,0,No Deposit,240.0,0,Transient,129.0,1,1
Resort Hotel,0,25,2016,June,26,25,2,1,2,0.0,0,BB,KOR,Online TA,TA/TO,0,0,0,A,A,2,No Deposit,240.0,0,Transient,153.0,1,0
Resort Hotel,0,173,2016,June,26,21,2,5,2,0.0,0,BB,GBR,Online TA,TA/TO,0,0,0,D,E,0,No Deposit,241.0,0,Transient,64.24,0,2
Resort Hotel,0,208,2016,June,26,21,2,5,2,0.0,0,BB,IRL,Online TA,TA/TO,0,0,0,D,D,0,No Deposit,240.0,0,Transient,85.5,0,1
Resort Hotel,0,170,2016,June,27,29,2,4,2,0.0,0,FB,GBR,Offline TA/TO,TA/TO,0,0,0,A,A,0,No Deposit,26.0,0,Transient,108.2,0,0
Resort Hotel,0,167,2016,June,26,22,2,5,2,0.0,0,BB,PRT,Offline TA/TO,TA/TO,0,0,0,D,D,0,No Deposit,314.0,0,Transient,68.4,0,1
Resort Hotel,0,130,2016,June,26,21,2,6,2,0.0,0,BB,NLD,Online TA,TA/TO,0,0,0,D,D,0,No Deposit,240.0,0,Transient,133.0,1,1
Resort Hotel,0,175,2016,June,26,22,2,5,2,0.0,0,HB,GBR,Offline TA/TO,TA/TO,0,0,0,A,A,0,No Deposit,26.0,0,Transient,78.95,0,0
Resort Hotel,0,136,2016,June,26,19,4,6,2,0.0,0,BB,DEU,Offline TA/TO,TA/TO,0,0,0,D,D,0,No Deposit,69.0,0,Transient,68.6,0,0
Resort Hotel,0,33,2016,June,27,27,1,1,2,0.0,0,BB,LTU,Online TA,TA/TO,0,0,0,A,A,1,No Deposit,242.0,0,Transient,131.0,0,0
Resort Hotel,0,166,2016,June,27,28,1,5,2,0.0,0,BB,ROU,Offline TA/TO,TA/TO,0,0,0,D,D,2,No Deposit,8.0,0,Transient,87.6,1,0
Resort Hotel,0,165,2016,June,26,19,4,6,2,0.0,0,HB,GBR,Offline TA/TO,TA/TO,0,0,0,A,A,0,No Deposit,40.0,0,Contract,77.85,0,0
Resort Hotel,0,208,2016,June,25,15,4,10,2,0.0,0,BB,RUS,Online TA,TA/TO,0,0,0,D,D,0,No Deposit,240.0,0,Transient,85.5,0,1
Resort Hotel,0,168,2016,June,26,22,2,5,2,0.0,0,BB,GBR,Online TA,TA/TO,0,0,0,D,D,0,No Deposit,240.0,0,Transient,85.5,0,1
Resort Hotel,0,3,2016,June,26,25,2,2,2,0.0,0,BB,PRT,Online TA,TA/TO,0,0,0,A,A,0,No Deposit,241.0,0,Transient,106.36,1,1
Resort Hotel,0,167,2016,June,26,19,4,6,2,0.0,0,BB,DEU,Offline TA/TO,TA/TO,0,0,0,D,D,0,No Deposit,6.0,0,Transient,70.4,0,0
Resort Hotel,0,0,2016,June,27,29,0,0,2,0.0,0,BB,PRT,Direct,Direct,1,0,0,A,I,0,No Deposit,,0,Transient,0.0,0,0
Resort Hotel,0,203,2016,June,26,23,2,5,2,0.0,0,BB,GBR,Offline TA/TO,TA/TO,0,0,0,A,A,0,No Deposit,143.0,0,Transient,51.85,0,2
Resort Hotel,0,104,2016,June,26,23,2,5,2,0.0,0,HB,GBR,Offline TA/TO,TA/TO,0,0,0,A,A,1,No Deposit,243.0,0,Contract,83.85,0,0
Resort Hotel,0,157,2016,June,26,23,2,5,2,0.0,0,BB,GBR,Offline TA/TO,TA/TO,0,0,0,A,D,0,No Deposit,243.0,0,Contract,51.85,0,1
Resort Hotel,0,160,2016,June,25,16,4,10,2,0.0,0,HB,IRL,Offline TA/TO,TA/TO,0,0,0,D,D,0,No Deposit,6.0,0,Transient,93.8,0,0
Resort Hotel,0,157,2016,June,26,23,2,5,2,0.0,0,BB,GBR,Offline TA/TO,TA/TO,0,0,0,A,A,1,No Deposit,243.0,0,Contract,53.85,0,1
Resort Hotel,0,157,2016,June,26,23,2,5,2,0.0,0,BB,GBR,Offline TA/TO,TA/TO,0,0,0,A,A,1,No Deposit,243.0,0,Contract,53.85,0,1
Resort Hotel,0,157,2016,June,26,23,2,5,2,0.0,0,BB,GBR,Offline TA/TO,TA/TO,0,0,0,A,A,1,No Deposit,243.0,0,Contract,53.85,0,1
Resort Hotel,0,157,2016,June,26,23,2,5,2,0.0,0,BB,GBR,Offline TA/TO,TA/TO,0,0,0,A,A,1,No Deposit,243.0,0,Contract,53.85,0,1
Resort Hotel,0,157,2016,June,26,23,2,5,2,0.0,0,BB,GBR,Offline TA/TO,TA/TO,0,0,0,D,E,1,No Deposit,243.0,0,Contract,64.9,0,1
Resort Hotel,0,157,2016,June,26,23,2,5,2,0.0,0,BB,GBR,Offline TA/TO,TA/TO,0,0,0,D,E,1,No Deposit,243.0,0,Contract,64.9,0,1
Resort Hotel,0,157,2016,June,26,23,2,5,2,0.0,0,BB,GBR,Offline TA/TO,TA/TO,0,0,0,D,D,1,No Deposit,243.0,0,Contract,64.9,0,1
Resort Hotel,0,157,2016,June,26,23,2,5,2,0.0,0,BB,GBR,Offline TA/TO,TA/TO,0,0,0,A,A,1,No Deposit,243.0,0,Contract,51.85,0,1
Resort Hotel,0,157,2016,June,26,23,2,5,2,0.0,0,BB,GBR,Offline TA/TO,TA/TO,0,0,0,D,A,0,No Deposit,243.0,0,Contract,64.9,0,1
Resort Hotel,0,157,2016,June,26,23,2,5,2,0.0,0,BB,GBR,Offline TA/TO,TA/TO,0,0,0,D,D,1,No Deposit,243.0,0,Contract,62.9,0,1
Resort Hotel,0,157,2016,June,26,23,2,5,2,0.0,0,BB,GBR,Offline TA/TO,TA/TO,0,0,0,A,E,1,No Deposit,243.0,0,Contract,53.85,0,1
Resort Hotel,0,332,2016,June,25,16,4,10,2,0.0,0,HB,GBR,Offline TA/TO,TA/TO,0,0,0,E,E,0,No Deposit,40.0,0,Contract,106.5,0,0
Resort Hotel,0,225,2016,June,26,23,2,5,2,0.0,0,HB,GBR,Offline TA/TO,TA/TO,0,0,0,A,A,1,No Deposit,40.0,0,Transient,79.84,0,0
Resort Hotel,0,164,2016,June,25,16,4,10,2,0.0,0,BB,GBR,Offline TA/TO,TA/TO,0,0,0,A,A,0,No Deposit,40.0,0,Contract,53.85,0,0
Resort Hotel,0,159,2016,June,27,26,2,2,2,0.0,0,BB,GBR,Direct,Direct,0,0,0,A,A,0,No Deposit,250.0,0,Transient,99.85,1,0
Resort Hotel,0,215,2016,June,26,19,4,7,2,0.0,0,BB,GBR,Offline TA/TO,TA/TO,0,0,0,D,D,0,No Deposit,40.0,0,Transient,64.9,0,0
Resort Hotel,0,170,2016,June,26,24,2,4,2,0.0,0,HB,PRT,Offline TA/TO,TA/TO,0,0,0,D,E,0,No Deposit,156.0,0,Transient-Party,91.8,0,0
Resort Hotel,0,170,2016,June,26,24,2,4,2,0.0,0,HB,PRT,Offline TA/TO,TA/TO,0,0,0,D,E,0,No Deposit,156.0,0,Transient-Party,91.8,0,1
Resort Hotel,0,222,2016,June,26,23,2,5,2,0.0,0,BB,GBR,Offline TA/TO,TA/TO,0,0,0,A,A,0,No Deposit,314.0,0,Transient,57.6,0,1
Resort Hotel,0,209,2016,June,26,23,2,5,2,0.0,0,FB,POL,Offline TA/TO,TA/TO,0,0,0,D,E,0,No Deposit,315.0,0,Transient,116.9,0,0
Resort Hotel,0,222,2016,June,26,23,2,5,2,0.0,0,BB,GBR,Offline TA/TO,TA/TO,0,0,0,A,A,0,No Deposit,314.0,0,Transient,59.6,0,1
Resort Hotel,0,164,2016,June,27,26,2,2,2,0.0,0,BB,GBR,Offline TA/TO,TA/TO,0,0,0,D,D,0,No Deposit,171.0,0,Transient-Party,68.4,0,1
Resort Hotel,0,164,2016,June,27,26,2,2,2,0.0,0,BB,GBR,Offline TA/TO,TA/TO,0,0,0,D,D,0,No Deposit,171.0,0,Transient-Party,68.4,0,1
Resort Hotel,0,0,2016,June,27,27,1,2,2,0.0,0,BB,ESP,Direct,Direct,0,0,0,A,A,1,No Deposit,,0,Transient,140.0,1,0
Resort Hotel,0,255,2016,June,26,20,3,8,2,0.0,0,BB,GBR,Offline TA/TO,TA/TO,0,0,0,E,E,1,No Deposit,156.0,0,Transient,76.95,0,0
Resort Hotel,0,2,2016,June,26,25,2,4,2,0.0,0,BB,GBR,Online TA,TA/TO,0,0,0,A,A,0,No Deposit,240.0,0,Transient,131.0,0,1
Resort Hotel,0,194,2016,June,25,14,4,13,2,0.0,0,BB,GBR,Direct,Direct,0,0,0,E,E,0,No Deposit,,0,Transient,93.0,0,2
Resort Hotel,0,277,2016,September,37,5,5,10,2,0.0,0,BB,GBR,Direct,Direct,0,0,1,E,E,0,No Deposit,,0,Transient,95.0,0,2
Resort Hotel,0,272,2016,June,26,21,2,8,2,0.0,0,BB,GBR,Offline TA/TO,TA/TO,0,0,0,E,E,0,No Deposit,40.0,0,Transient,85.3,0,0
Resort Hotel,0,117,2016,June,26,25,2,4,2,0.0,0,BB,POL,Online TA,TA/TO,0,0,0,D,D,0,No Deposit,240.0,0,Transient,121.0,0,1
Resort Hotel,0,182,2016,June,26,25,2,4,2,0.0,0,BB,ESP,Offline TA/TO,TA/TO,0,0,0,A,A,2,No Deposit,6.0,0,Transient,76.8,1,0
Resort Hotel,0,104,2016,June,27,29,0,2,2,0.0,0,BB,GBR,Online TA,TA/TO,0,0,0,A,A,1,No Deposit,240.0,0,Transient,140.0,0,1
Resort Hotel,0,167,2016,June,26,19,4,8,2,0.0,0,BB,GBR,Offline TA/TO,TA/TO,0,0,0,D,D,0,No Deposit,156.0,0,Transient,66.98,0,1
Resort Hotel,0,11,2016,June,27,27,1,3,2,0.0,0,BB,PRT,Direct,Direct,0,0,0,G,G,0,No Deposit,250.0,0,Transient,189.0,0,1
Resort Hotel,0,0,2016,June,27,30,0,1,2,0.0,0,BB,PRT,Direct,Direct,0,0,0,E,E,0,No Deposit,250.0,0,Transient,149.0,0,0
Resort Hotel,0,191,2016,June,27,28,0,3,2,0.0,0,BB,FRA,Online TA,TA/TO,0,0,0,E,F,0,No Deposit,240.0,0,Transient,111.0,1,1
Resort Hotel,0,9,2016,June,26,25,2,5,2,0.0,0,BB,GBR,Online TA,TA/TO,0,0,0,A,A,0,No Deposit,240.0,0,Transient,131.0,0,1
Resort Hotel,0,163,2016,June,25,18,4,10,2,0.0,0,BB,GBR,Offline TA/TO,TA/TO,0,0,0,A,A,0,No Deposit,143.0,0,Transient,59.8,0,1
Resort Hotel,0,163,2016,June,25,18,4,10,2,0.0,0,BB,GBR,Offline TA/TO,TA/TO,0,0,0,A,A,0,No Deposit,143.0,0,Transient,59.8,0,0
Resort Hotel,0,174,2016,June,26,21,2,9,2,0.0,0,BB,GBR,Offline TA/TO,TA/TO,0,0,0,D,D,1,No Deposit,143.0,0,Transient,70.0,0,1
Resort Hotel,0,164,2016,June,25,18,4,10,2,0.0,0,HB,GBR,Offline TA/TO,TA/TO,0,0,0,A,A,0,No Deposit,2.0,0,Contract,59.8,0,0
Resort Hotel,0,3,2016,June,27,30,0,2,2,0.0,0,BB,ESP,Online TA,TA/TO,0,0,0,D,D,0,No Deposit,240.0,0,Transient,156.0,1,1
Resort Hotel,0,4,2016,July,27,1,0,1,2,0.0,0,BB,ESP,Online TA,TA/TO,0,0,0,D,D,0,No Deposit,240.0,0,Transient,151.0,1,1
Resort Hotel,0,233,2016,June,26,25,2,5,2,0.0,0,BB,GBR,Online TA,TA/TO,0,0,0,E,E,0,No Deposit,240.0,0,Transient,100.29,0,2
Resort Hotel,0,233,2016,June,26,25,2,5,2,0.0,0,BB,GBR,Online TA,TA/TO,0,0,0,E,E,0,No Deposit,240.0,0,Transient,114.29,1,2
Resort Hotel,0,3,2016,June,25,18,4,10,2,0.0,0,HB,GBR,Offline TA/TO,TA/TO,0,0,0,A,C,0,No Deposit,40.0,0,Contract,94.0,0,0
Resort Hotel,0,248,2016,June,25,18,4,10,2,0.0,0,HB,GBR,Offline TA/TO,TA/TO,0,0,0,A,A,3,No Deposit,143.0,0,Transient,81.9,0,1
Resort Hotel,0,166,2016,June,26,25,2,5,2,0.0,0,BB,PRT,Offline TA/TO,TA/TO,0,0,0,D,E,1,No Deposit,156.0,0,Transient,86.17,0,2
Resort Hotel,0,189,2016,June,27,26,2,4,2,0.0,0,BB,PRT,Direct,Direct,0,0,0,F,F,0,No Deposit,250.0,0,Transient,117.29,1,0
Resort Hotel,0,204,2016,June,26,25,2,5,2,0.0,0,BB,PRT,Online TA,TA/TO,0,0,0,A,A,0,No Deposit,241.0,0,Transient,68.43,1,0
Resort Hotel,0,98,2016,June,27,26,2,4,2,0.0,0,BB,PRT,Online TA,TA/TO,0,0,0,A,A,0,No Deposit,240.0,0,Transient-Party,123.33,0,0
Resort Hotel,0,198,2016,June,25,18,4,10,2,0.0,0,HB,DEU,Offline TA/TO,TA/TO,0,0,0,A,A,0,No Deposit,171.0,0,Transient,81.51,0,0
Resort Hotel,0,171,2016,June,26,25,2,5,2,0.0,0,HB,NLD,Direct,Direct,0,0,0,F,F,0,No Deposit,250.0,0,Transient,158.43,1,1
Resort Hotel,0,156,2016,June,25,18,4,10,2,0.0,0,BB,NOR,Offline TA/TO,TA/TO,0,0,0,D,D,0,No Deposit,253.0,0,Transient,74.0,0,0
Resort Hotel,0,97,2016,June,26,25,2,5,2,0.0,0,BB,IRL,Online TA,TA/TO,0,0,0,A,A,0,No Deposit,240.0,0,Transient,122.29,0,1
Resort Hotel,0,171,2016,June,26,25,2,5,2,0.0,0,BB,GBR,Offline TA/TO,TA/TO,0,0,0,D,D,2,No Deposit,143.0,0,Transient,70.0,0,0
Resort Hotel,0,128,2016,June,26,22,2,8,2,0.0,0,BB,GBR,Online TA,TA/TO,0,0,0,A,A,0,No Deposit,240.0,0,Transient,109.1,0,1
Resort Hotel,1,123,2016,July,27,1,0,0,2,0.0,0,BB,PRT,Online TA,TA/TO,0,0,0,A,A,0,No Deposit,240.0,0,Transient,0.0,0,1
Resort Hotel,0,160,2016,June,27,26,2,5,2,0.0,0,BB,GBR,Offline TA/TO,TA/TO,0,0,0,A,A,0,No Deposit,243.0,0,Contract,59.8,0,1
Resort Hotel,0,172,2016,June,27,28,0,5,2,0.0,0,BB,GBR,Online TA,TA/TO,0,0,0,A,A,0,No Deposit,240.0,0,Transient,75.6,0,2
Resort Hotel,0,172,2016,June,27,28,0,5,2,0.0,0,BB,GBR,Online TA,TA/TO,0,0,0,A,A,0,No Deposit,240.0,0,Transient,75.6,0,2
Resort Hotel,0,160,2016,June,27,26,2,5,2,0.0,0,HB,GBR,Offline TA/TO,TA/TO,0,0,0,A,A,0,No Deposit,243.0,0,Contract,70.86,0,2
Resort Hotel,0,160,2016,June,27,26,2,5,2,0.0,0,HB,GBR,Offline TA/TO,TA/TO,0,0,0,A,A,0,No Deposit,243.0,0,Contract,70.86,0,2
Resort Hotel,0,60,2016,June,27,30,0,3,2,0.0,0,BB,BRA,Online TA,TA/TO,0,0,0,A,A,0,No Deposit,240.0,0,Transient,158.33,1,0
Resort Hotel,0,301,2016,June,26,20,3,10,2,0.0,0,BB,GBR,Online TA,TA/TO,0,0,0,D,D,0,No Deposit,147.0,0,Transient,71.25,0,0
Resort Hotel,0,160,2016,June,27,26,2,5,2,0.0,0,BB,GBR,Offline TA/TO,TA/TO,0,0,0,A,A,0,No Deposit,314.0,0,Transient,80.99,0,0
Resort Hotel,0,100,2016,June,26,19,4,10,2,0.0,0,HB,GBR,Offline TA/TO,TA/TO,0,0,0,D,D,0,No Deposit,243.0,0,Contract,90.1,0,1
Resort Hotel,0,60,2016,June,27,30,0,3,2,0.0,0,BB,BRA,Online TA,TA/TO,0,0,0,A,A,0,No Deposit,240.0,0,Transient,146.33,0,0
Resort Hotel,0,60,2016,June,27,30,0,3,2,0.0,0,BB,BRA,Online TA,TA/TO,0,0,0,A,A,0,No Deposit,240.0,0,Transient,146.33,0,0
Resort Hotel,0,60,2016,June,27,30,0,3,2,0.0,0,BB,BRA,Online TA,TA/TO,0,0,0,G,G,0,No Deposit,240.0,0,Transient,218.33,1,0
Resort Hotel,0,104,2016,June,26,23,2,8,2,0.0,0,BB,GBR,Offline TA/TO,TA/TO,0,0,0,D,D,0,No Deposit,243.0,0,Contract,70.0,0,0
Resort Hotel,0,167,2016,June,27,26,2,5,2,0.0,0,BB,IRL,Online TA,TA/TO,0,0,0,A,A,0,No Deposit,240.0,0,Transient-Party,87.71,1,0
Resort Hotel,0,167,2016,June,27,26,2,5,2,0.0,0,BB,IRL,Online TA,TA/TO,0,0,0,A,A,0,No Deposit,240.0,0,Transient-Party,74.57,0,0
Resort Hotel,0,197,2016,June,27,26,2,5,2,0.0,0,BB,IRL,Offline TA/TO,TA/TO,0,0,0,E,E,0,No Deposit,171.0,0,Transient,89.91,0,0
Resort Hotel,0,167,2016,June,27,26,2,5,2,0.0,0,BB,IRL,Online TA,TA/TO,0,0,0,A,C,0,No Deposit,240.0,0,Transient-Party,74.57,0,0
Resort Hotel,0,167,2016,June,27,26,2,5,2,0.0,0,BB,IRL,Online TA,TA/TO,0,0,0,A,A,0,No Deposit,240.0,0,Transient-Party,76.57,0,0
Resort Hotel,0,10,2016,July,27,2,0,1,2,0.0,0,BB,ESP,Online TA,TA/TO,0,0,0,E,F,1,No Deposit,240.0,0,Transient,159.0,0,1
Resort Hotel,0,156,2016,July,27,2,0,1,2,0.0,0,BB,HUN,Online TA,TA/TO,0,0,0,H,H,0,No Deposit,240.0,0,Transient,184.0,1,0
Resort Hotel,0,170,2016,July,27,2,0,1,2,0.0,0,BB,BRA,Online TA,TA/TO,0,0,0,A,E,0,No Deposit,242.0,0,Transient,107.1,0,2
Resort Hotel,0,170,2016,July,27,2,0,1,2,0.0,0,BB,BRA,Online TA,TA/TO,0,0,0,A,E,0,No Deposit,242.0,0,Transient,119.1,1,2
Resort Hotel,0,294,2016,June,26,25,2,6,2,0.0,0,BB,PRT,Online TA,TA/TO,0,0,0,A,A,1,No Deposit,240.0,0,Transient,74.25,0,2
Resort Hotel,0,169,2016,June,26,24,2,7,2,0.0,0,BB,GBR,Online TA,TA/TO,0,0,0,D,F,1,No Deposit,241.0,0,Transient,89.0,0,1
Resort Hotel,0,9,2016,June,27,29,0,4,2,0.0,0,BB,ESP,Online TA,TA/TO,0,0,0,A,A,0,No Deposit,240.0,0,Transient,129.0,0,1
Resort Hotel,0,170,2016,July,27,2,0,1,2,0.0,0,BB,USA,Online TA,TA/TO,0,0,0,A,E,0,No Deposit,242.0,0,Transient,107.1,0,2
Resort Hotel,0,170,2016,July,27,2,0,1,2,0.0,0,BB,USA,Online TA,TA/TO,0,0,0,A,F,0,No Deposit,242.0,0,Transient,119.1,1,2
Resort Hotel,0,8,2016,July,27,1,0,2,2,0.0,0,BB,ESP,Online TA,TA/TO,0,0,0,E,E,0,No Deposit,240.0,0,Transient-Party,171.0,1,0
Resort Hotel,0,8,2016,July,27,1,0,2,2,0.0,0,BB,ESP,Online TA,TA/TO,0,0,0,E,E,0,No Deposit,240.0,0,Transient-Party,159.0,0,0
Resort Hotel,0,71,2016,June,27,30,1,3,2,0.0,0,BB,GBR,Online TA,TA/TO,0,0,0,F,E,0,No Deposit,241.0,0,Transient,140.14,0,2
Resort Hotel,0,181,2016,June,26,24,3,7,2,0.0,0,BB,IRL,Offline TA/TO,TA/TO,0,0,0,D,D,0,No Deposit,6.0,0,Transient,75.8,0,0
Resort Hotel,0,167,2016,June,26,20,4,10,2,0.0,0,BB,BEL,Offline TA/TO,TA/TO,0,0,0,D,D,0,No Deposit,128.0,0,Transient,68.0,0,1
Resort Hotel,0,50,2016,June,27,30,1,3,2,0.0,0,BB,GBR,Online TA,TA/TO,0,0,0,A,A,0,No Deposit,240.0,0,Transient,152.25,0,1
Resort Hotel,0,18,2016,July,27,1,1,2,2,0.0,0,BB,DEU,Online TA,TA/TO,0,0,0,A,A,0,No Deposit,240.0,0,Transient,129.0,0,1
Resort Hotel,0,0,2016,July,28,3,1,0,2,0.0,0,BB,USA,Online TA,TA/TO,0,0,0,A,A,0,No Deposit,306.0,0,Transient,95.64,1,0
Resort Hotel,0,144,2016,June,26,25,3,6,2,0.0,0,BB,PRT,Offline TA/TO,TA/TO,0,0,0,E,E,0,No Deposit,8.0,0,Transient,95.6,1,0
Resort Hotel,0,136,2016,July,27,1,1,2,2,0.0,0,BB,ESP,Direct,Direct,0,0,0,D,D,1,No Deposit,250.0,0,Transient,128.1,0,1
Resort Hotel,0,39,2016,June,27,30,1,3,2,0.0,0,BB,IND,Online TA,TA/TO,0,0,0,A,C,0,No Deposit,240.0,0,Transient,154.25,0,1
Resort Hotel,0,2,2016,July,28,3,1,0,2,0.0,0,BB,PRT,Direct,Direct,0,0,0,A,A,0,No Deposit,250.0,0,Transient,98.1,0,0
Resort Hotel,0,131,2016,July,28,3,1,0,2,0.0,0,BB,BRA,Online TA,TA/TO,0,0,0,A,A,0,No Deposit,240.0,0,Transient,131.0,0,1
Resort Hotel,0,139,2016,June,27,29,1,4,2,0.0,0,HB,ESP,Direct,Direct,0,0,0,D,D,0,No Deposit,250.0,0,Transient,153.42,1,0
Resort Hotel,0,18,2016,June,27,30,1,3,2,0.0,0,HB,ESP,Direct,Direct,0,0,0,F,F,1,No Deposit,250.0,0,Transient,194.1,1,1
Resort Hotel,0,229,2016,June,27,27,2,5,2,0.0,0,HB,GBR,Offline TA/TO,TA/TO,0,0,0,E,F,0,No Deposit,115.0,0,Transient,90.2,0,0
Resort Hotel,0,25,2016,July,28,3,1,0,2,0.0,0,BB,USA,Online TA,TA/TO,0,0,0,A,A,0,No Deposit,240.0,0,Transient,131.0,1,1
Resort Hotel,0,304,2016,June,26,20,4,10,2,0.0,0,BB,GBR,Offline TA/TO,TA/TO,0,0,0,E,E,0,No Deposit,40.0,0,Contract,85.3,0,0
Resort Hotel,0,226,2016,June,27,30,1,3,2,0.0,0,BB,PRT,Online TA,TA/TO,0,0,0,A,A,0,No Deposit,240.0,0,Transient,70.88,0,2
Resort Hotel,0,0,2016,July,28,3,1,0,2,0.0,0,BB,FRA,Online TA,TA/TO,0,0,0,A,A,0,No Deposit,240.0,0,Transient,109.0,0,2
Resort Hotel,0,206,2016,June,26,25,3,6,2,0.0,0,HB,FRA,Offline TA/TO,TA/TO,0,0,0,A,A,1,No Deposit,177.0,0,Transient-Party,88.2,0,1
Resort Hotel,0,206,2016,June,26,25,3,6,2,0.0,0,HB,FRA,Offline TA/TO,TA/TO,0,0,0,A,A,1,No Deposit,177.0,0,Transient-Party,88.2,0,1
Resort Hotel,0,218,2016,June,27,28,2,5,2,0.0,0,BB,IRL,Online TA,TA/TO,0,0,0,D,D,0,No Deposit,240.0,0,Transient,90.64,0,1
Resort Hotel,0,202,2016,July,27,1,2,2,2,0.0,0,BB,AUS,Offline TA/TO,TA/TO,0,0,0,A,E,0,No Deposit,314.0,0,Transient,84.8,0,0
Resort Hotel,0,188,2016,June,26,21,4,10,2,0.0,0,BB,NOR,Online TA,TA/TO,0,0,0,A,C,0,No Deposit,242.0,0,Transient,74.57,0,1
Resort Hotel,0,207,2016,June,27,26,4,5,2,0.0,0,BB,GBR,Offline TA/TO,TA/TO,0,0,0,A,A,0,No Deposit,40.0,0,Contract,59.8,0,1
Resort Hotel,0,207,2016,June,27,26,4,5,2,0.0,0,BB,GBR,Offline TA/TO,TA/TO,0,0,0,A,A,0,No Deposit,40.0,0,Contract,59.8,0,1
Resort Hotel,0,207,2016,June,27,26,4,5,2,0.0,0,BB,GBR,Offline TA/TO,TA/TO,0,0,0,A,A,0,No Deposit,40.0,0,Contract,59.8,0,1
Resort Hotel,0,9,2016,July,28,4,1,0,2,0.0,0,BB,GBR,Online TA,TA/TO,0,0,0,E,F,0,No Deposit,240.0,0,Transient-Party,189.0,0,0
Resort Hotel,0,9,2016,July,28,4,1,0,2,0.0,0,BB,GBR,Online TA,TA/TO,0,0,0,A,A,0,No Deposit,240.0,0,Transient-Party,159.0,0,0
Resort Hotel,0,169,2016,June,26,21,4,10,2,0.0,0,BB,IRL,Offline TA/TO,TA/TO,0,0,0,E,E,0,No Deposit,314.0,0,Transient,83.26,0,2
Resort Hotel,0,9,2016,July,28,4,1,0,2,0.0,0,BB,GBR,Online TA,TA/TO,0,0,0,E,F,0,No Deposit,240.0,0,Transient-Party,189.0,0,0
Resort Hotel,0,9,2016,July,28,4,1,0,2,0.0,0,BB,GBR,Online TA,TA/TO,0,0,0,A,A,0,No Deposit,240.0,0,Transient-Party,171.0,0,0
Resort Hotel,0,131,2016,June,26,25,4,6,2,0.0,0,BB,GBR,Online TA,TA/TO,0,0,0,D,D,0,No Deposit,240.0,0,Transient,138.2,1,1
Resort Hotel,0,6,2016,June,27,30,2,3,2,0.0,0,BB,FRA,Online TA,TA/TO,0,0,0,A,C,0,No Deposit,240.0,0,Transient,143.0,1,2
Resort Hotel,0,73,2016,July,27,2,2,1,2,0.0,0,HB,PRT,Online TA,TA/TO,0,0,0,A,E,2,No Deposit,314.0,0,Transient-Party,104.8,1,0
Resort Hotel,0,16,2016,June,27,30,2,3,2,0.0,0,BB,SWE,Direct,Direct,0,0,0,F,F,0,No Deposit,250.0,0,Transient,169.5,0,0
Resort Hotel,0,158,2016,June,27,28,2,5,2,0.0,0,BB,CHE,Direct,Direct,0,0,0,E,F,0,No Deposit,,0,Transient,131.5,1,1
Resort Hotel,0,174,2016,June,27,30,2,3,2,0.0,0,BB,NLD,Online TA,TA/TO,0,0,0,E,E,0,No Deposit,240.0,0,Transient,106.2,0,1
Resort Hotel,0,12,2016,June,27,28,2,5,2,0.0,0,BB,CHE,Online TA,TA/TO,0,0,0,A,A,0,No Deposit,240.0,0,Transient,133.29,0,1
Resort Hotel,0,0,2016,July,28,4,1,0,2,0.0,0,BB,PRT,Direct,Direct,0,0,0,E,E,0,No Deposit,,0,Transient,141.0,1,0
Resort Hotel,0,168,2016,June,26,21,4,10,2,0.0,0,BB,BEL,Online TA,TA/TO,0,0,0,E,E,0,No Deposit,240.0,0,Transient,106.71,0,1
Resort Hotel,0,224,2016,June,27,28,2,6,2,0.0,0,BB,CHE,Online TA,TA/TO,0,0,0,A,A,0,No Deposit,240.0,0,Transient,80.63,0,2
Resort Hotel,0,167,2016,June,27,29,2,5,2,0.0,0,BB,IRL,Offline TA/TO,TA/TO,0,0,0,D,D,0,No Deposit,171.0,0,Transient,77.6,0,0
Resort Hotel,0,258,2016,June,27,29,2,5,2,0.0,0,BB,GBR,Offline TA/TO,TA/TO,0,0,0,D,D,0,No Deposit,40.0,0,Transient,68.54,0,2
Resort Hotel,0,170,2017,May,21,22,1,4,2,0.0,0,BB,GBR,Offline TA/TO,TA/TO,1,0,1,D,D,2,No Deposit,40.0,0,Contract,52.85,0,2
Resort Hotel,0,168,2016,June,26,22,4,10,2,0.0,0,BB,GBR,Online TA,TA/TO,0,0,0,E,E,0,No Deposit,240.0,0,Transient,106.57,0,1
Resort Hotel,0,0,2016,July,28,5,0,1,2,0.0,0,BB,ESP,Online TA,TA/TO,0,0,0,A,A,0,No Deposit,240.0,0,Transient,129.0,0,0
Resort Hotel,0,169,2016,June,26,22,4,10,2,0.0,0,BB,PRT,Offline TA/TO,TA/TO,0,0,0,E,E,0,No Deposit,163.0,0,Transient,85.3,0,0
Resort Hotel,0,164,2016,June,27,30,2,4,2,0.0,0,HB,GBR,Offline TA/TO,TA/TO,0,0,0,E,E,1,No Deposit,314.0,0,Transient,131.72,0,0
Resort Hotel,0,162,2016,June,27,29,2,5,2,0.0,0,BB,IRL,Offline TA/TO,TA/TO,0,0,0,D,D,0,No Deposit,171.0,0,Transient,77.6,0,0
Resort Hotel,0,209,2016,June,26,22,4,10,2,0.0,0,BB,IRL,Offline TA/TO,TA/TO,0,0,0,D,D,0,No Deposit,171.0,0,Transient,72.97,0,0
Resort Hotel,0,29,2016,July,28,5,0,1,2,0.0,0,BB,USA,Online TA,TA/TO,0,0,0,C,C,0,No Deposit,241.0,0,Transient,150.92,0,1
Resort Hotel,0,17,2016,July,27,2,2,2,2,0.0,0,BB,ESP,Online TA,TA/TO,0,0,0,A,E,0,No Deposit,240.0,0,Transient,145.5,1,1
Resort Hotel,0,135,2016,June,27,26,4,6,2,0.0,0,BB,DEU,Offline TA/TO,TA/TO,0,0,0,D,D,0,No Deposit,75.0,0,Transient,78.8,1,0
Resort Hotel,0,0,2016,July,28,5,0,1,2,0.0,0,BB,PRT,Online TA,TA/TO,0,0,0,A,A,0,No Deposit,240.0,0,Transient,129.0,1,1
Resort Hotel,0,217,2016,June,26,22,4,10,2,0.0,0,BB,PRT,Online TA,TA/TO,0,0,0,D,D,0,No Deposit,240.0,0,Transient,90.71,0,2
Resort Hotel,0,335,2017,June,25,21,4,10,2,0.0,0,BB,PRT,Direct,TA/TO,1,0,1,D,D,0,No Deposit,,0,Transient,92.0,0,2
Resort Hotel,0,0,2016,July,28,5,0,1,2,0.0,0,BB,PRT,Online TA,TA/TO,0,0,0,F,F,0,No Deposit,241.0,0,Transient,122.43,1,1
Resort Hotel,0,172,2016,June,27,27,3,7,2,0.0,0,BB,GBR,Offline TA/TO,TA/TO,0,0,0,D,D,0,No Deposit,2.0,0,Contract,68.0,0,0
Resort Hotel,0,173,2016,June,27,27,3,7,2,0.0,0,BB,GBR,Offline TA/TO,TA/TO,0,0,0,A,A,0,No Deposit,26.0,0,Transient,60.82,0,1
Resort Hotel,0,173,2016,June,27,27,3,7,2,0.0,0,BB,GBR,Offline TA/TO,TA/TO,0,0,0,A,A,0,No Deposit,26.0,0,Transient,60.82,0,0
Resort Hotel,0,160,2016,June,27,26,4,7,2,0.0,0,BB,GBR,Offline TA/TO,TA/TO,0,0,0,D,D,0,No Deposit,243.0,0,Contract,70.0,0,0
Resort Hotel,0,166,2016,June,27,27,3,7,2,0.0,0,BB,GBR,Offline TA/TO,TA/TO,0,0,0,E,E,0,No Deposit,6.0,0,Transient,90.2,0,1
Resort Hotel,0,133,2016,June,27,30,2,5,2,0.0,0,HB,GBR,Offline TA/TO,TA/TO,0,0,0,D,D,0,No Deposit,243.0,0,Contract,90.1,0,1
Resort Hotel,0,17,2016,July,28,4,1,2,2,0.0,0,BB,PRT,Direct,Direct,0,0,0,F,F,0,No Deposit,250.0,0,Transient,179.1,0,0
Resort Hotel,0,111,2016,June,27,30,2,5,2,0.0,0,BB,PRT,Offline TA/TO,TA/TO,0,0,0,A,A,0,No Deposit,327.0,0,Transient,64.8,0,1
Resort Hotel,0,9,2016,July,28,6,0,1,2,0.0,0,BB,ITA,Online TA,TA/TO,0,0,0,A,D,0,No Deposit,240.0,0,Transient,159.0,1,1
Resort Hotel,0,230,2016,June,27,28,2,7,2,0.0,0,BB,GBR,Online TA,TA/TO,0,0,0,A,A,0,No Deposit,240.0,0,Transient,80.0,0,1
Resort Hotel,0,177,2016,June,26,23,4,10,2,0.0,0,BB,GBR,Offline TA/TO,TA/TO,0,0,0,D,D,0,No Deposit,40.0,0,Contract,82.0,1,0
Resort Hotel,0,177,2016,June,26,23,4,10,2,0.0,0,BB,GBR,Offline TA/TO,TA/TO,0,0,0,D,D,0,No Deposit,40.0,0,Contract,68.0,0,0
Resort Hotel,0,164,2016,June,27,30,2,5,2,0.0,0,HB,GBR,Offline TA/TO,TA/TO,0,0,0,A,A,0,No Deposit,243.0,0,Contract,70.86,0,1
Resort Hotel,0,61,2016,July,28,5,0,2,2,0.0,0,BB,USA,Direct,Direct,0,0,0,F,F,1,No Deposit,,0,Transient,192.0,1,1
Resort Hotel,0,130,2016,June,26,24,4,10,2,0.0,0,BB,PRT,Online TA,TA/TO,0,0,0,D,D,0,No Deposit,240.0,0,Transient,139.5,1,1
Resort Hotel,0,0,2016,July,28,7,0,1,2,0.0,0,BB,PRT,Direct,Direct,0,0,0,A,A,0,No Deposit,,0,Transient,171.0,1,0
Resort Hotel,0,60,2016,July,28,8,1,2,2,0.0,0,BB,PRT,Direct,Direct,0,0,0,E,E,2,No Deposit,,0,Transient,209.1,1,0
Resort Hotel,0,47,2017,August,32,12,0,1,2,0.0,0,BB,PRT,Online TA,Direct,1,0,2,A,A,0,No Deposit,,0,Transient,230.0,0,1
Resort Hotel,0,181,2016,July,28,4,1,3,2,0.0,0,Undefined,ESP,Direct,Direct,0,0,0,F,F,1,No Deposit,250.0,0,Transient,182.25,1,0
Resort Hotel,0,5,2016,July,28,7,0,1,2,0.0,0,BB,GBR,Direct,Direct,0,0,0,D,D,0,No Deposit,250.0,0,Transient,168.6,1,1
Resort Hotel,0,181,2016,July,28,4,1,3,2,0.0,0,BB,DNK,Online TA,TA/TO,0,0,0,E,E,0,No Deposit,240.0,0,Transient,108.0,0,1
Resort Hotel,0,10,2016,July,28,5,0,3,2,0.0,0,BB,BEL,Online TA,TA/TO,0,0,0,A,A,0,No Deposit,240.0,0,Transient,159.0,0,1
Resort Hotel,0,205,2016,June,27,26,4,8,2,0.0,0,BB,GBR,Offline TA/TO,TA/TO,0,0,0,E,I,0,No Deposit,196.0,0,Transient,90.03,0,0
Resort Hotel,0,9,2016,July,28,5,0,3,2,0.0,0,HB,ESP,Online TA,TA/TO,0,0,0,A,A,0,No Deposit,241.0,0,Transient,159.07,1,1
Resort Hotel,0,171,2016,July,27,2,2,5,2,0.0,0,HB,GBR,Online TA,TA/TO,0,0,0,D,D,0,No Deposit,241.0,0,Transient,94.94,0,3
Resort Hotel,0,180,2016,June,27,28,2,9,2,0.0,0,BB,GBR,Offline TA/TO,TA/TO,0,0,0,A,A,0,No Deposit,143.0,0,Transient,57.8,0,0
Resort Hotel,0,89,2016,July,28,3,2,4,2,0.0,0,BB,PRT,Offline TA/TO,TA/TO,0,0,0,A,A,0,No Deposit,3.0,0,Transient-Party,74.8,1,1
Resort Hotel,0,89,2016,July,28,3,2,4,2,0.0,0,BB,PRT,Offline TA/TO,TA/TO,0,0,0,A,A,0,No Deposit,3.0,0,Transient-Party,64.8,0,1
Resort Hotel,0,293,2016,July,28,5,0,4,2,0.0,0,HB,FRA,Online TA,TA/TO,0,0,0,D,D,0,No Deposit,242.0,0,Transient,135.3,1,1
Resort Hotel,0,0,2016,July,28,8,0,1,2,0.0,0,BB,DNK,Online TA,TA/TO,0,0,0,E,E,0,No Deposit,240.0,0,Transient,159.0,1,1
Resort Hotel,0,28,2016,July,28,6,0,3,2,0.0,0,BB,ESP,Online TA,TA/TO,0,0,0,E,E,0,No Deposit,240.0,0,Transient,201.0,1,0
Resort Hotel,0,22,2016,July,28,6,0,3,2,0.0,0,BB,CHL,Online TA,TA/TO,0,0,0,A,A,0,No Deposit,240.0,0,Transient-Party,171.0,1,1
Resort Hotel,0,22,2016,July,28,6,0,3,2,0.0,0,BB,CHL,Online TA,TA/TO,0,0,0,A,A,0,No Deposit,240.0,0,Transient-Party,159.0,0,1
Resort Hotel,0,10,2016,July,28,3,2,4,2,0.0,0,HB,ESP,Online TA,TA/TO,0,0,0,A,A,0,No Deposit,240.0,0,Transient,196.33,1,1
Resort Hotel,0,143,2016,July,27,2,2,5,2,0.0,0,BB,AUT,Offline TA/TO,TA/TO,0,0,0,D,D,0,No Deposit,177.0,0,Transient,75.6,0,0
Resort Hotel,0,45,2016,July,28,6,0,3,2,0.0,0,BB,SWE,Online TA,TA/TO,0,0,0,E,E,0,No Deposit,240.0,0,Transient,204.0,1,1
Resort Hotel,0,14,2016,July,28,7,0,2,2,0.0,0,BB,USA,Online TA,TA/TO,0,0,0,A,A,0,No Deposit,241.0,0,Transient,134.43,1,1
Resort Hotel,0,0,2016,July,28,8,0,1,2,0.0,0,BB,ARG,Direct,Direct,0,0,0,A,A,0,No Deposit,,0,Transient,125.0,0,0
Resort Hotel,0,0,2016,July,28,8,0,1,2,0.0,0,BB,ARG,Direct,Direct,0,0,0,A,A,0,No Deposit,,0,Transient,137.0,1,0
Resort Hotel,0,208,2016,July,27,2,2,5,2,0.0,0,HB,GBR,Offline TA/TO,TA/TO,0,0,0,A,A,1,No Deposit,143.0,0,Transient,79.9,0,0
Resort Hotel,0,228,2016,July,27,2,2,5,2,0.0,0,BB,GBR,Offline TA/TO,TA/TO,0,0,0,A,A,0,No Deposit,143.0,0,Transient,57.8,0,0
Resort Hotel,0,6,2016,July,28,5,0,4,2,0.0,0,BB,CN,Offline TA/TO,TA/TO,0,0,0,D,D,0,No Deposit,96.0,0,Transient,86.0,0,0
Resort Hotel,0,12,2016,July,28,5,0,5,2,0.0,0,BB,IRL,Direct,Direct,0,0,0,A,A,0,No Deposit,250.0,0,Transient,146.7,0,1
Resort Hotel,0,129,2016,June,27,26,4,10,2,0.0,0,BB,GBR,Offline TA/TO,TA/TO,0,0,0,D,D,0,No Deposit,243.0,0,Contract,68.0,0,1
Resort Hotel,0,311,2016,June,27,26,4,10,2,0.0,0,BB,GBR,Offline TA/TO,TA/TO,0,0,0,D,D,0,No Deposit,2.0,0,Contract,70.0,0,0
Resort Hotel,0,164,2016,June,27,30,2,8,2,0.0,0,BB,GBR,Offline TA/TO,TA/TO,0,0,0,A,A,0,No Deposit,243.0,0,Contract,62.2,1,1
Resort Hotel,0,167,2016,June,27,30,2,8,2,0.0,0,BB,GBR,Offline TA/TO,TA/TO,0,0,0,D,D,1,No Deposit,2.0,0,Contract,68.0,0,0
Resort Hotel,0,2,2016,July,28,8,0,2,2,0.0,0,BB,ESP,Online TA,TA/TO,0,0,0,A,A,0,No Deposit,240.0,0,Transient,181.0,1,0
Resort Hotel,0,114,2016,July,28,3,2,5,2,0.0,0,HB,GBR,Offline TA/TO,TA/TO,0,0,0,D,E,0,No Deposit,243.0,0,Contract,92.1,0,0
Resort Hotel,0,120,2016,July,28,5,0,5,2,0.0,0,BB,PRT,Direct,Direct,0,0,0,E,E,0,No Deposit,,0,Transient,160.5,1,0
Resort Hotel,0,160,2016,June,27,26,4,10,2,0.0,0,BB,GBR,Offline TA/TO,TA/TO,0,0,0,D,D,0,No Deposit,243.0,0,Contract,70.0,0,0
Resort Hotel,0,164,2016,June,27,30,2,8,2,0.0,0,BB,GBR,Offline TA/TO,TA/TO,0,0,0,A,A,0,No Deposit,243.0,0,Contract,57.8,0,0
Resort Hotel,0,30,2016,July,28,6,0,4,2,0.0,0,BB,PRT,Online TA,TA/TO,0,0,0,E,E,0,No Deposit,241.0,0,Transient,146.3,0,0
Resort Hotel,0,5,2016,July,28,7,0,3,2,0.0,0,HB,PRT,Direct,Direct,0,0,0,D,D,1,No Deposit,250.0,0,Transient,204.6,1,0
Resort Hotel,0,2,2016,July,28,9,0,1,2,0.0,0,BB,POL,Online TA,TA/TO,0,0,0,E,E,0,No Deposit,240.0,0,Transient,211.0,1,1
Resort Hotel,0,166,2016,June,27,30,2,8,2,0.0,0,HB,GBR,Offline TA/TO,TA/TO,0,0,0,A,A,0,No Deposit,115.0,0,Transient,90.2,0,0
Resort Hotel,0,2,2016,July,28,9,0,1,2,0.0,0,BB,PRT,Online TA,TA/TO,0,0,0,D,D,0,No Deposit,240.0,0,Transient-Party,184.0,0,0
Resort Hotel,0,164,2016,July,27,1,2,7,2,0.0,0,BB,GBR,Offline TA/TO,TA/TO,0,0,0,A,E,1,No Deposit,40.0,0,Contract,77.8,0,1
Resort Hotel,0,2,2016,July,28,7,0,3,2,0.0,0,BB,PRT,Online TA,TA/TO,0,0,0,A,A,0,No Deposit,240.0,0,Transient,177.67,1,1
Resort Hotel,0,143,2016,June,27,26,4,10,2,0.0,0,HB,DEU,Offline TA/TO,TA/TO,0,0,0,D,D,0,No Deposit,69.0,0,Transient,95.4,0,0
Resort Hotel,0,164,2016,July,27,1,2,7,2,0.0,0,BB,GBR,Offline TA/TO,TA/TO,0,0,0,A,E,1,No Deposit,40.0,0,Contract,57.8,0,1
Resort Hotel,0,2,2016,July,28,9,0,1,2,0.0,0,BB,PRT,Online TA,TA/TO,0,0,0,D,D,0,No Deposit,240.0,0,Transient-Party,184.0,1,0
Resort Hotel,0,21,2016,July,28,8,0,2,2,0.0,0,BB,VNM,Online TA,TA/TO,0,0,0,A,A,0,No Deposit,240.0,0,Transient,159.0,0,1
Resort Hotel,0,0,2016,July,28,7,0,3,2,0.0,0,BB,CN,Online TA,TA/TO,0,0,0,D,D,0,No Deposit,241.0,0,Transient,132.16,0,0
Resort Hotel,0,319,2016,July,28,4,2,5,2,0.0,0,BB,GBR,Offline TA/TO,TA/TO,0,0,0,A,A,0,No Deposit,2.0,0,Contract,59.51,0,0
Resort Hotel,0,220,2016,July,28,4,2,5,2,0.0,0,FB,POL,Offline TA/TO,TA/TO,0,0,0,E,E,1,No Deposit,315.0,0,Transient,135.3,0,0
Resort Hotel,0,10,2016,July,28,8,1,2,2,0.0,0,BB,PRT,Online TA,TA/TO,0,0,0,A,A,0,No Deposit,240.0,0,Transient,181.0,1,1
Resort Hotel,0,11,2016,July,28,5,1,5,2,0.0,0,HB,ESP,Online TA,TA/TO,0,0,0,A,A,0,No Deposit,240.0,0,Transient,196.0,0,0
Resort Hotel,0,230,2016,July,28,4,2,5,2,0.0,0,BB,POL,Online TA,TA/TO,0,0,0,A,H,0,No Deposit,240.0,0,Transient,101.47,0,1
Resort Hotel,0,180,2016,July,28,3,3,5,2,0.0,0,BB,PRT,Direct,Direct,0,0,0,D,D,1,No Deposit,250.0,0,Transient,97.0,1,1
Resort Hotel,0,180,2016,July,28,3,3,5,2,0.0,0,BB,PRT,Direct,Direct,0,0,0,D,D,1,No Deposit,250.0,0,Transient,85.0,0,0
Resort Hotel,0,15,2016,July,28,8,1,2,2,0.0,0,HB,ESP,Online TA,TA/TO,0,0,0,A,B,0,No Deposit,241.0,0,Transient,147.07,0,1
Resort Hotel,0,308,2016,July,28,4,2,5,2,0.0,0,HB,PRT,Online TA,TA/TO,0,0,0,A,A,1,No Deposit,,0,Transient,108.0,0,0
Resort Hotel,0,14,2016,July,28,6,1,4,2,0.0,0,BB,CN,Online TA,TA/TO,0,0,0,F,F,0,No Deposit,241.0,0,Transient,167.23,1,1
Resort Hotel,0,13,2016,July,28,7,1,3,2,0.0,0,BB,BEL,Online TA,TA/TO,0,0,0,E,E,0,No Deposit,240.0,0,Transient,208.5,1,1
Resort Hotel,0,171,2016,July,28,4,2,5,2,0.0,0,BB,IRL,Offline TA/TO,TA/TO,0,0,0,E,E,0,No Deposit,8.0,0,Transient-Party,88.11,0,1
Resort Hotel,0,171,2016,July,28,4,2,5,2,0.0,0,BB,IRL,Offline TA/TO,TA/TO,0,0,0,E,E,0,No Deposit,8.0,0,Transient-Party,86.4,0,1
Resort Hotel,0,166,2016,July,28,9,1,1,2,0.0,0,HB,DEU,Online TA,TA/TO,0,0,0,D,E,0,No Deposit,240.0,0,Transient,164.0,0,2
Resort Hotel,0,166,2016,July,28,4,2,5,2,0.0,0,HB,POL,Offline TA/TO,TA/TO,0,0,0,D,D,0,No Deposit,315.0,0,Transient,94.0,0,1
Resort Hotel,0,223,2016,July,28,4,2,5,2,0.0,0,BB,ROU,Online TA,TA/TO,0,0,0,A,A,0,No Deposit,240.0,0,Transient,82.71,0,2
Resort Hotel,0,173,2016,July,27,2,4,6,2,0.0,0,HB,GBR,Offline TA/TO,TA/TO,0,0,0,A,A,1,No Deposit,143.0,0,Transient,79.9,0,2
Resort Hotel,0,166,2016,July,27,2,4,6,2,0.0,0,HB,GBR,Offline TA/TO,TA/TO,0,0,0,A,C,2,No Deposit,143.0,0,Contract,81.9,0,0
Resort Hotel,0,182,2016,July,28,5,2,5,2,0.0,0,BB,GBR,Direct,Direct,0,0,0,E,E,1,No Deposit,250.0,0,Transient,99.46,0,2
Resort Hotel,0,182,2016,July,28,5,2,5,2,0.0,0,BB,GBR,Direct,Direct,0,0,0,E,E,1,No Deposit,250.0,0,Transient,97.75,0,1
Resort Hotel,0,181,2016,July,28,5,2,5,2,0.0,0,BB,GBR,Offline TA/TO,TA/TO,0,0,0,D,E,0,No Deposit,2.0,0,Contract,70.0,0,0
Resort Hotel,0,165,2016,July,27,2,4,6,2,0.0,0,BB,GBR,Offline TA/TO,TA/TO,0,0,0,A,A,0,No Deposit,143.0,0,Contract,59.8,0,0
Resort Hotel,0,32,2016,July,28,7,2,3,2,0.0,0,BB,PRT,Direct,Direct,0,0,0,F,F,2,No Deposit,250.0,0,Transient,212.0,1,0
Resort Hotel,0,182,2016,July,28,5,2,5,2,0.0,0,BB,GBR,Direct,Direct,0,0,0,E,E,1,No Deposit,250.0,0,Transient,97.75,0,1
Resort Hotel,0,168,2016,July,28,5,2,5,2,0.0,0,BB,GBR,Offline TA/TO,TA/TO,0,0,0,D,D,0,No Deposit,196.0,0,Transient,77.4,0,0
Resort Hotel,0,4,2016,July,29,11,1,0,2,0.0,0,BB,PRT,Corporate,Direct,0,0,0,A,D,0,No Deposit,,0,Transient,73.0,0,0
Resort Hotel,0,173,2016,July,27,2,4,6,2,0.0,0,HB,GBR,Offline TA/TO,TA/TO,0,0,0,A,A,1,No Deposit,40.0,0,Contract,87.8,0,1
Resort Hotel,0,2,2016,July,29,11,1,0,2,0.0,0,BB,MAR,Online TA,TA/TO,0,0,0,D,D,0,No Deposit,240.0,0,Transient,144.0,0,1
Resort Hotel,0,6,2016,July,28,8,2,2,2,0.0,0,BB,BRA,Direct,Direct,0,0,0,E,E,5,No Deposit,250.0,0,Transient,191.1,1,1
Resort Hotel,0,12,2016,July,28,6,2,5,2,0.0,0,BB,IRL,Online TA,TA/TO,0,0,0,F,F,0,No Deposit,241.0,0,Transient,150.79,0,1
Resort Hotel,0,317,2016,July,28,6,2,5,2,0.0,0,BB,GBR,Online TA,TA/TO,0,0,0,A,D,1,No Deposit,240.0,0,Transient,102.71,0,3
Resort Hotel,0,183,2016,July,28,6,2,5,2,0.0,0,HB,GBR,Offline TA/TO,TA/TO,0,0,0,D,D,0,No Deposit,40.0,0,Contract,98.0,0,0
Resort Hotel,0,177,2016,July,28,6,2,5,2,0.0,0,BB,GBR,Direct,Direct,0,0,0,E,E,1,No Deposit,250.0,0,Transient,104.6,0,1
Resort Hotel,0,161,2016,July,28,5,2,6,2,0.0,0,HB,ESP,Offline TA/TO,TA/TO,0,0,0,A,A,0,No Deposit,339.0,0,Transient,111.75,1,0
Resort Hotel,0,66,2016,July,28,4,3,6,2,0.0,0,HB,PRT,Offline TA/TO,TA/TO,0,0,0,A,A,1,No Deposit,177.0,0,Transient,100.0,0,0
Resort Hotel,0,165,2016,July,28,4,3,6,2,0.0,0,FB,BEL,Offline TA/TO,TA/TO,0,0,0,D,E,0,No Deposit,71.0,0,Transient,110.0,0,0
Resort Hotel,0,2,2016,July,29,14,0,1,2,0.0,0,BB,PRT,Direct,Direct,0,0,0,E,E,0,No Deposit,,0,Transient,150.0,0,1
Resort Hotel,0,171,2016,July,28,7,2,5,2,0.0,0,BB,GBR,Offline TA/TO,TA/TO,0,0,0,D,D,0,No Deposit,143.0,0,Contract,68.0,0,0
Resort Hotel,0,167,2016,July,28,3,4,7,2,0.0,0,BB,GBR,Offline TA/TO,TA/TO,0,0,0,A,A,0,No Deposit,40.0,0,Contract,59.8,0,0
Resort Hotel,0,210,2016,June,27,30,4,10,2,0.0,0,BB,NOR,Online TA,TA/TO,0,0,0,A,A,0,No Deposit,241.0,0,Transient,61.88,0,1
Resort Hotel,0,171,2016,July,28,7,2,5,2,0.0,0,BB,GBR,Offline TA/TO,TA/TO,0,0,0,D,F,2,No Deposit,243.0,0,Contract,108.0,0,0
Resort Hotel,0,164,2016,June,27,30,4,10,2,0.0,0,BB,GBR,Offline TA/TO,TA/TO,0,0,0,D,D,0,No Deposit,243.0,0,Contract,70.0,0,1
Resort Hotel,0,180,2016,July,28,4,3,7,2,0.0,0,HB,GBR,Offline TA/TO,TA/TO,0,0,0,A,A,0,No Deposit,40.0,0,Contract,87.8,0,0
Resort Hotel,0,164,2016,June,27,30,4,10,2,0.0,0,BB,GBR,Offline TA/TO,TA/TO,0,0,0,D,D,0,No Deposit,243.0,0,Contract,70.0,0,1
Resort Hotel,0,245,2017,June,25,22,4,10,2,0.0,0,BB,GBR,Offline TA/TO,TA/TO,1,0,0,D,D,0,No Deposit,243.0,0,Contract,84.8,0,1
Resort Hotel,0,171,2016,July,28,7,2,5,2,0.0,0,HB,GBR,Offline TA/TO,TA/TO,0,0,0,A,A,0,No Deposit,243.0,0,Contract,70.86,0,0
Resort Hotel,0,164,2016,June,27,30,4,10,2,0.0,0,BB,GBR,Offline TA/TO,TA/TO,0,0,0,A,A,0,No Deposit,243.0,0,Contract,59.8,0,0
Resort Hotel,0,171,2016,July,28,7,2,5,2,0.0,0,HB,POL,Offline TA/TO,TA/TO,0,0,0,A,A,0,No Deposit,243.0,0,Contract,68.86,0,0
Resort Hotel,0,89,2016,July,29,14,0,0,2,0.0,0,BB,ESP,Direct,Direct,0,0,0,F,F,0,No Deposit,250.0,0,Transient,0.0,0,0
Resort Hotel,0,6,2016,July,29,13,0,1,2,0.0,0,BB,PRT,Corporate,Corporate,0,0,0,A,C,0,No Deposit,,0,Transient,73.0,0,1
Resort Hotel,0,0,2017,January,4,24,0,2,2,0.0,0,BB,PRT,Corporate,Corporate,1,0,5,A,D,0,No Deposit,,0,Transient,40.0,0,1
Resort Hotel,0,12,2016,July,28,7,2,5,2,0.0,0,BB,GBR,Online TA,TA/TO,0,0,0,F,F,0,No Deposit,242.0,0,Transient,209.57,0,1
Resort Hotel,0,164,2016,June,27,30,4,10,2,0.0,0,HB,GBR,Offline TA/TO,TA/TO,0,0,0,A,A,0,No Deposit,243.0,0,Contract,68.86,0,0
Resort Hotel,0,0,2016,July,29,12,0,2,2,0.0,0,BB,PRT,Direct,Direct,0,0,0,C,C,0,No Deposit,,0,Transient,165.0,0,0
Resort Hotel,0,12,2016,July,29,11,1,2,2,0.0,0,BB,ESP,Online TA,TA/TO,0,0,0,A,A,0,No Deposit,240.0,0,Transient,181.0,1,0
Resort Hotel,0,204,2016,July,28,9,2,3,2,0.0,0,BB,DEU,Online TA,TA/TO,0,0,0,A,C,1,No Deposit,240.0,0,Transient,94.6,0,0
Resort Hotel,0,9,2016,July,28,8,2,4,2,0.0,0,BB,PRT,Direct,Direct,0,0,0,A,A,0,No Deposit,,0,Transient,169.0,0,0
Resort Hotel,0,154,2016,July,29,11,1,2,2,0.0,0,BB,LUX,Offline TA/TO,TA/TO,0,0,0,A,B,0,No Deposit,327.0,0,Transient,64.8,0,0
Resort Hotel,0,164,2016,June,27,30,4,10,2,0.0,0,BB,GBR,Offline TA/TO,TA/TO,0,0,0,D,D,0,No Deposit,243.0,0,Contract,70.0,0,2
Resort Hotel,0,351,2017,June,26,29,4,10,2,0.0,0,BB,GBR,Offline TA/TO,TA/TO,0,0,1,D,D,0,No Deposit,243.0,0,Group,123.5,0,3
Resort Hotel,0,2,2016,July,29,12,0,2,2,0.0,0,BB,PRT,Direct,Direct,0,0,0,E,E,1,No Deposit,,0,Transient,171.0,1,1
Resort Hotel,0,0,2017,March,11,17,0,2,2,0.0,0,BB,PRT,Direct,Direct,1,0,1,F,F,0,No Deposit,,0,Transient,107.0,1,1
Resort Hotel,0,2,2017,June,26,28,0,2,2,0.0,0,BB,PRT,Direct,Direct,1,0,2,E,E,0,No Deposit,,0,Transient,179.0,1,1
Resort Hotel,0,137,2016,July,28,9,2,3,2,0.0,0,BB,SWE,Online TA,TA/TO,0,0,0,A,A,0,No Deposit,240.0,0,Transient,119.0,0,1
Resort Hotel,0,113,2016,July,28,7,2,5,2,0.0,0,BB,BEL,Online TA,TA/TO,0,0,0,D,D,2,No Deposit,240.0,0,Transient,183.86,1,1
Resort Hotel,0,0,2016,July,29,13,0,1,2,0.0,0,BB,USA,Direct,Direct,0,0,0,D,D,0,No Deposit,,0,Transient,161.0,0,0
Resort Hotel,0,2,2016,July,29,14,0,1,2,0.0,0,BB,USA,Direct,Direct,0,0,0,A,A,0,No Deposit,250.0,0,Transient,161.0,0,0
Resort Hotel,0,1,2016,July,29,13,0,1,2,0.0,0,BB,SWE,Online TA,TA/TO,0,0,0,D,D,0,No Deposit,240.0,0,Transient,144.0,0,0
Resort Hotel,0,179,2016,July,28,4,3,7,2,0.0,0,FB,GBR,Offline TA/TO,TA/TO,0,0,0,A,A,0,No Deposit,26.0,0,Transient,100.89,0,0
Resort Hotel,0,212,2016,July,29,11,1,2,2,0.0,0,BB,GBR,Online TA,TA/TO,0,0,0,E,F,1,No Deposit,240.0,0,Transient,108.0,0,1
Resort Hotel,0,30,2016,July,29,12,0,2,2,0.0,0,BB,FRA,Online TA,TA/TO,0,0,0,E,E,0,No Deposit,240.0,0,Transient,189.0,0,1
Resort Hotel,0,220,2016,July,28,4,3,7,2,0.0,0,BB,POL,Offline TA/TO,TA/TO,0,0,0,D,D,0,No Deposit,315.0,0,Transient,70.0,0,0
Resort Hotel,0,122,2016,July,29,15,2,4,2,0.0,0,HB,POL,Offline TA/TO,TA/TO,0,0,0,E,E,0,No Deposit,315.0,0,Transient,113.05,0,0
Resort Hotel,0,122,2016,July,29,15,2,4,2,0.0,0,HB,POL,Offline TA/TO,TA/TO,0,0,0,D,D,0,No Deposit,315.0,0,Transient,110.7,0,0
Resort Hotel,0,180,2016,July,28,4,3,8,2,0.0,0,BB,GBR,Offline TA/TO,TA/TO,0,0,0,D,D,0,No Deposit,40.0,0,Contract,70.0,0,0
Resort Hotel,0,180,2016,July,28,4,3,8,2,0.0,0,BB,GBR,Offline TA/TO,TA/TO,0,0,0,D,D,0,No Deposit,40.0,0,Contract,70.0,0,0
Resort Hotel,0,182,2016,July,28,6,2,7,2,0.0,0,BB,GBR,Offline TA/TO,TA/TO,0,0,0,D,D,0,No Deposit,40.0,0,Contract,70.0,0,0
Resort Hotel,0,258,2016,July,28,4,3,8,2,0.0,0,BB,DNK,Online TA,TA/TO,0,0,0,G,G,0,No Deposit,242.0,0,Transient,130.5,0,0
Resort Hotel,0,147,2016,July,28,8,2,5,2,0.0,0,HB,PRT,Direct,Direct,0,0,0,D,D,1,No Deposit,250.0,0,Transient,146.1,0,0
Resort Hotel,0,23,2016,July,29,15,0,0,2,0.0,0,HB,ESP,Online TA,TA/TO,0,0,0,A,A,0,No Deposit,240.0,0,Transient,0.0,0,1
Resort Hotel,0,178,2016,July,29,11,1,3,2,0.0,0,BB,PRT,Direct,Direct,0,0,0,A,A,0,No Deposit,250.0,0,Transient,102.9,1,0
Resort Hotel,0,154,2016,July,29,11,1,3,2,0.0,0,BB,PRT,Offline TA/TO,TA/TO,0,0,0,E,E,0,No Deposit,8.0,0,Transient,98.4,1,0
Resort Hotel,0,191,2016,July,28,8,2,5,2,0.0,0,BB,NLD,Offline TA/TO,TA/TO,0,0,0,D,D,0,No Deposit,171.0,0,Transient,86.0,0,1
Resort Hotel,0,36,2016,July,29,11,1,3,2,0.0,0,BB,GBR,Online TA,TA/TO,0,0,0,F,F,0,No Deposit,241.0,0,Transient,154.0,0,1
Resort Hotel,0,178,2016,July,28,9,2,4,2,0.0,0,BB,PRT,Online TA,TA/TO,0,0,0,D,D,0,No Deposit,240.0,0,Transient,106.5,1,1
Resort Hotel,0,148,2017,July,27,8,2,4,2,0.0,0,BB,PRT,Online TA,TA/TO,1,0,1,D,D,2,No Deposit,240.0,0,Transient,154.0,1,1
Resort Hotel,0,9,2016,July,29,13,0,2,2,0.0,0,BB,DEU,Complementary,TA/TO,0,0,0,A,A,0,No Deposit,75.0,0,Transient,0.0,0,3
Resort Hotel,0,164,2016,July,27,1,4,10,2,0.0,0,HB,DEU,Offline TA/TO,TA/TO,0,0,0,E,E,0,No Deposit,75.0,0,Contract,105.4,0,0
Resort Hotel,0,162,2016,July,28,8,2,5,2,0.0,0,BB,IRL,Offline TA/TO,TA/TO,0,0,0,E,E,0,No Deposit,8.0,0,Transient,88.4,0,0
Resort Hotel,0,125,2016,July,28,8,2,5,2,0.0,0,BB,ROU,Online TA,TA/TO,0,0,0,D,D,0,No Deposit,240.0,0,Transient,157.86,0,2
Resort Hotel,0,59,2016,July,29,13,0,2,2,0.0,0,BB,PRT,Online TA,TA/TO,0,0,0,E,E,0,No Deposit,240.0,0,Transient,202.0,1,0
Resort Hotel,0,143,2016,July,28,8,2,5,2,0.0,0,HB,FRA,Offline TA/TO,TA/TO,0,0,0,D,D,0,No Deposit,29.0,0,Transient,112.0,0,0
Resort Hotel,0,38,2016,July,29,12,0,3,2,0.0,0,BB,USA,Direct,Direct,0,0,0,F,F,0,No Deposit,250.0,0,Transient,212.0,1,1
Resort Hotel,0,0,2016,July,29,14,0,1,2,0.0,0,BB,PRT,Direct,Direct,0,0,0,A,A,0,No Deposit,,0,Transient,149.0,0,0
Resort Hotel,0,0,2016,July,29,15,0,2,2,0.0,0,BB,PRT,Direct,Direct,1,0,0,A,D,0,No Deposit,,0,Transient,176.0,0,0
Resort Hotel,0,20,2016,July,28,9,2,5,2,0.0,0,BB,GBR,Online TA,TA/TO,0,0,0,A,A,0,No Deposit,240.0,0,Transient,161.0,0,1
Resort Hotel,0,177,2016,July,28,6,2,8,2,0.0,0,Undefined,GBR,Offline TA/TO,TA/TO,0,0,0,D,D,0,No Deposit,40.0,0,Contract,120.0,0,1
Resort Hotel,0,187,2016,July,28,9,2,5,2,0.0,0,BB,CN,Online TA,TA/TO,0,0,0,A,A,0,No Deposit,240.0,0,Transient,83.0,0,2
Resort Hotel,0,187,2016,July,28,9,2,5,2,0.0,0,BB,CN,Online TA,TA/TO,0,0,0,A,A,0,No Deposit,240.0,0,Transient,95.0,1,2
Resort Hotel,0,187,2016,July,28,9,2,5,2,0.0,0,BB,CN,Online TA,TA/TO,0,0,0,A,A,0,No Deposit,240.0,0,Transient,83.0,1,2
Resort Hotel,0,187,2016,July,28,9,2,5,2,0.0,0,BB,CN,Online TA,TA/TO,0,0,0,A,A,0,No Deposit,240.0,0,Transient,95.0,1,2
Resort Hotel,0,187,2016,July,28,9,2,5,2,0.0,0,BB,CN,Online TA,TA/TO,0,0,0,A,A,0,No Deposit,240.0,0,Transient,83.0,0,2
Resort Hotel,0,129,2016,July,29,10,2,4,2,0.0,0,BB,PRT,Online TA,TA/TO,0,0,0,A,A,0,No Deposit,240.0,0,Transient,158.67,1,3
Resort Hotel,0,179,2016,July,29,11,1,4,2,0.0,0,FB,PRT,Offline TA/TO,TA/TO,0,0,0,A,A,0,No Deposit,6.0,0,Transient-Party,91.4,0,1
Resort Hotel,0,132,2016,July,29,10,2,4,2,0.0,0,BB,PRT,Online TA,TA/TO,0,0,0,E,E,0,No Deposit,240.0,0,Transient,172.0,0,1
Resort Hotel,0,201,2016,July,28,9,2,5,2,0.0,0,BB,PRT,Offline TA/TO,TA/TO,0,0,0,A,A,0,No Deposit,95.0,0,Transient,64.8,0,0
Resort Hotel,0,23,2016,July,29,10,2,4,2,0.0,0,BB,ESP,Online TA,TA/TO,0,0,0,A,A,0,No Deposit,240.0,0,Transient,171.0,1,1
Resort Hotel,0,0,2016,July,29,15,0,1,2,0.0,0,BB,USA,Online TA,TA/TO,0,0,0,A,A,0,No Deposit,240.0,0,Transient,151.0,0,0
Resort Hotel,0,25,2016,July,29,15,0,1,2,0.0,0,BB,USA,Direct,Direct,0,0,0,A,A,0,No Deposit,250.0,0,Transient,155.1,1,0
Resort Hotel,0,169,2016,July,27,2,4,10,2,0.0,0,HB,GBR,Offline TA/TO,TA/TO,0,0,0,A,A,0,No Deposit,40.0,0,Contract,120.1,0,0
Resort Hotel,0,184,2016,July,28,9,2,5,2,0.0,0,BB,CHE,Online TA,TA/TO,0,0,0,D,D,1,No Deposit,242.0,0,Transient,106.5,1,1
Resort Hotel,0,147,2016,July,29,11,1,4,2,0.0,0,BB,FIN,Online TA,TA/TO,0,0,0,E,E,0,No Deposit,240.0,0,Transient,149.0,0,1
Resort Hotel,0,100,2016,July,29,15,0,1,2,0.0,0,BB,NLD,Online TA,TA/TO,0,0,0,E,F,3,No Deposit,240.0,0,Transient-Party,208.0,1,2
Resort Hotel,0,171,2016,July,27,2,4,10,2,0.0,0,BB,NOR,Offline TA/TO,TA/TO,0,0,0,E,E,0,No Deposit,253.0,0,Transient,119.7,0,0
Resort Hotel,0,169,2016,July,27,2,4,10,2,0.0,0,BB,GBR,Offline TA/TO,TA/TO,0,0,0,D,D,0,No Deposit,40.0,0,Contract,104.55,0,0
Resort Hotel,0,171,2016,July,27,2,4,10,2,0.0,0,BB,GBR,Offline TA/TO,TA/TO,0,0,0,A,A,0,No Deposit,40.0,0,Transient,90.1,0,0
Resort Hotel,0,1,2016,July,29,15,0,1,2,0.0,0,BB,COL,Online TA,TA/TO,0,0,0,D,D,0,No Deposit,240.0,0,Transient,164.0,1,1
Resort Hotel,0,129,2016,July,29,10,2,4,2,0.0,0,BB,PRT,Online TA,TA/TO,0,0,0,A,A,0,No Deposit,240.0,0,Transient,146.67,0,2
Resort Hotel,0,176,2016,July,28,9,2,5,2,0.0,0,HB,PRT,Offline TA/TO,TA/TO,0,0,0,A,A,0,No Deposit,177.0,0,Transient,136.2,1,0
Resort Hotel,0,1,2016,July,29,14,0,2,2,0.0,0,BB,FRA,Direct,Direct,0,0,0,A,A,1,No Deposit,250.0,0,Transient,171.0,1,1
Resort Hotel,0,285,2016,July,27,2,4,10,2,0.0,0,BB,GBR,Offline TA/TO,TA/TO,0,0,0,A,A,0,No Deposit,314.0,0,Transient,73.86,0,0
Resort Hotel,0,171,2016,July,28,7,2,8,2,0.0,0,BB,GBR,Offline TA/TO,TA/TO,0,0,0,D,D,0,No Deposit,243.0,0,Contract,106.55,0,0
Resort Hotel,0,10,2016,July,29,13,0,4,2,0.0,0,BB,NLD,Online TA,TA/TO,0,0,0,A,A,0,No Deposit,240.0,0,Transient,171.5,0,1
Resort Hotel,0,174,2016,July,29,10,2,5,2,0.0,0,BB,GBR,Offline TA/TO,TA/TO,0,0,0,D,D,0,No Deposit,243.0,0,Contract,106.55,0,0
Resort Hotel,0,44,2016,July,29,14,0,3,2,0.0,0,BB,ESP,Online TA,TA/TO,0,0,0,D,D,0,No Deposit,240.0,0,Transient,181.33,0,2
Resort Hotel,0,6,2016,July,29,14,0,3,2,0.0,0,HB,ESP,Online TA,TA/TO,0,0,0,A,A,0,No Deposit,240.0,0,Transient,217.0,0,2
Resort Hotel,0,18,2016,July,29,15,0,2,2,0.0,0,BB,ESP,Online TA,TA/TO,0,0,0,A,A,0,No Deposit,240.0,0,Transient-Party,186.0,1,1
Resort Hotel,0,18,2016,July,29,15,0,2,2,0.0,0,BB,ESP,Online TA,TA/TO,0,0,0,A,A,0,No Deposit,240.0,0,Transient-Party,174.0,0,1
Resort Hotel,0,0,2016,July,29,14,0,3,2,0.0,0,BB,ITA,Online TA,TA/TO,0,0,0,F,F,0,No Deposit,241.0,0,Transient,158.86,0,0
Resort Hotel,0,2,2016,July,29,15,0,2,2,0.0,0,BB,ESP,Online TA,TA/TO,0,0,0,D,D,0,No Deposit,240.0,0,Transient,176.0,0,1
Resort Hotel,0,23,2016,July,29,15,0,2,2,0.0,0,BB,IRL,Online TA,TA/TO,0,0,0,A,A,0,No Deposit,,0,Transient,160.0,0,1
Resort Hotel,0,165,2016,July,28,3,4,10,2,0.0,0,BB,GBR,Offline TA/TO,TA/TO,0,0,0,D,D,0,No Deposit,143.0,0,Transient,104.55,0,2
Resort Hotel,0,165,2016,July,28,3,4,10,2,0.0,0,BB,GBR,Offline TA/TO,TA/TO,0,0,0,D,D,0,No Deposit,143.0,0,Transient,104.55,0,2
Resort Hotel,0,1,2016,July,29,15,0,2,2,0.0,0,BB,PRT,Online TA,TA/TO,0,0,0,D,D,0,No Deposit,240.0,0,Transient,176.0,0,0
Resort Hotel,0,177,2016,July,28,9,2,6,2,0.0,0,FB,PRT,Offline TA/TO,TA/TO,0,0,0,A,A,0,No Deposit,177.0,0,Transient-Party,142.2,0,1
Resort Hotel,0,122,2016,July,28,8,2,7,2,0.0,0,BB,PRT,Online TA,TA/TO,0,0,0,D,D,0,No Deposit,240.0,0,Transient,162.22,0,1
Resort Hotel,0,1,2016,July,29,16,0,1,2,0.0,0,BB,ESP,Direct,Direct,0,0,0,A,A,0,No Deposit,,0,Transient,145.0,1,0
Resort Hotel,0,1,2016,July,29,16,0,1,2,0.0,0,BB,ESP,Online TA,TA/TO,0,0,0,A,A,0,No Deposit,240.0,0,Transient,149.0,1,0
Resort Hotel,0,12,2016,July,29,16,0,1,2,0.0,0,BB,ESP,Online TA,TA/TO,0,0,0,A,A,2,No Deposit,348.0,0,Transient,152.8,1,0
Resort Hotel,0,1,2016,July,29,16,0,1,2,0.0,0,BB,PRT,Online TA,TA/TO,0,0,0,A,A,0,No Deposit,240.0,0,Transient,166.5,1,2
Resort Hotel,0,0,2016,July,29,16,0,1,2,0.0,0,BB,PRT,Direct,Direct,0,0,0,A,B,0,No Deposit,,0,Transient,157.0,1,0
Resort Hotel,0,68,2016,July,29,15,0,2,2,0.0,0,BB,ESP,Online TA,TA/TO,0,0,0,A,A,0,No Deposit,240.0,0,Transient,172.0,0,1
Resort Hotel,0,2,2016,July,29,15,0,2,2,0.0,0,BB,PRT,Online TA,TA/TO,0,0,0,D,D,0,No Deposit,15.0,0,Transient,143.2,0,0
Resort Hotel,0,143,2016,July,29,10,2,5,2,0.0,0,BB,GBR,Offline TA/TO,TA/TO,0,0,0,D,D,0,No Deposit,243.0,0,Contract,106.26,0,0
Resort Hotel,0,0,2016,July,29,15,0,2,2,0.0,0,BB,PRT,Direct,Direct,0,0,0,G,G,0,No Deposit,250.0,0,Transient,219.0,0,0
Resort Hotel,0,1,2016,July,30,18,0,0,2,0.0,0,BB,PRT,Online TA,TA/TO,0,0,0,D,D,0,No Deposit,240.0,0,Transient,0.0,0,0
Resort Hotel,0,182,2016,July,29,11,2,5,2,0.0,0,BB,IRL,Offline TA/TO,TA/TO,0,0,0,E,E,0,No Deposit,8.0,0,Transient,95.86,0,0
Resort Hotel,0,217,2016,July,29,12,1,5,2,0.0,0,BB,FRA,Online TA,TA/TO,0,0,0,A,E,0,No Deposit,240.0,0,Transient,90.0,0,1
Resort Hotel,0,114,2016,July,28,8,3,7,2,0.0,0,BB,FRA,Online TA,TA/TO,0,0,0,D,D,0,No Deposit,240.0,0,Transient,176.0,0,1
Resort Hotel,0,137,2016,July,29,15,1,2,2,0.0,0,BB,GBR,Online TA,TA/TO,0,0,0,A,A,0,No Deposit,240.0,0,Transient,164.0,1,0
Resort Hotel,0,122,2016,July,28,9,3,6,2,0.0,0,BB,PRT,Direct,Direct,0,0,0,F,F,0,No Deposit,250.0,0,Transient,174.0,1,3
Resort Hotel,0,227,2016,July,29,10,3,5,2,0.0,0,BB,CN,Offline TA/TO,TA/TO,0,0,0,E,E,0,No Deposit,96.0,0,Transient,131.6,0,1
Resort Hotel,0,12,2016,July,29,11,2,5,2,0.0,0,BB,IRL,Online TA,TA/TO,0,0,0,D,C,0,No Deposit,240.0,0,Transient,206.36,0,0
Resort Hotel,0,227,2016,July,29,10,3,5,2,0.0,0,BB,CN,Offline TA/TO,TA/TO,0,0,0,E,E,0,No Deposit,96.0,0,Transient,131.6,0,1
Resort Hotel,0,227,2016,July,29,10,3,5,2,0.0,0,BB,PRT,Offline TA/TO,TA/TO,0,0,0,E,E,0,No Deposit,96.0,0,Transient,131.6,0,1
Resort Hotel,0,19,2016,July,29,14,1,3,2,0.0,0,BB,GBR,Online TA,TA/TO,0,0,0,D,D,0,No Deposit,240.0,0,Transient,191.0,0,1
Resort Hotel,0,2,2016,July,29,15,1,2,2,0.0,0,HB,PRT,Online TA,TA/TO,0,0,0,D,D,0,No Deposit,240.0,0,Transient,194.0,0,1
Resort Hotel,0,1,2016,July,29,16,1,1,2,0.0,0,BB,PRT,Online TA,TA/TO,0,0,0,A,C,0,No Deposit,240.0,0,Transient,156.0,1,0
Resort Hotel,0,4,2016,July,29,13,1,4,2,0.0,0,BB,PRT,Online TA,TA/TO,0,0,0,A,A,0,No Deposit,240.0,0,Transient,165.8,0,1
Resort Hotel,0,126,2016,July,28,8,3,7,2,0.0,0,BB,BEL,Online TA,TA/TO,0,0,0,A,A,0,No Deposit,240.0,0,Transient,149.2,0,1
Resort Hotel,0,2,2016,July,29,15,1,2,2,0.0,0,BB,MAR,Direct,Direct,0,0,0,D,D,0,No Deposit,250.0,0,Transient,176.0,1,1
Resort Hotel,0,0,2016,July,29,16,1,1,2,0.0,0,BB,PRT,Direct,Direct,0,0,0,D,D,0,No Deposit,,0,Transient,156.0,1,0
Resort Hotel,0,0,2016,July,30,17,1,0,2,0.0,0,BB,GBR,Direct,Direct,0,0,0,A,A,0,No Deposit,,0,Transient,115.0,0,0
Resort Hotel,0,134,2016,July,29,14,1,3,2,0.0,0,BB,GBR,Offline TA/TO,TA/TO,0,0,0,E,F,0,No Deposit,156.0,0,Transient,125.25,0,2
Resort Hotel,0,0,2016,July,30,17,1,0,2,0.0,0,BB,GBR,Direct,Direct,0,0,0,A,A,0,No Deposit,,0,Transient,115.0,0,0
Resort Hotel,0,33,2016,July,29,16,1,1,2,0.0,0,HB,PRT,Direct,Direct,0,0,0,E,E,0,No Deposit,,0,Transient,239.0,1,2
Resort Hotel,0,65,2016,July,30,18,1,5,2,0.0,0,BB,PRT,Online TA,Direct,0,0,0,E,E,2,No Deposit,240.0,0,Transient,217.67,1,2
Resort Hotel,0,168,2016,July,28,4,4,10,2,0.0,0,BB,GBR,Offline TA/TO,TA/TO,0,0,0,A,A,0,No Deposit,243.0,0,Contract,90.1,0,1
Resort Hotel,0,168,2016,July,28,4,4,10,2,0.0,0,BB,GBR,Offline TA/TO,TA/TO,0,0,0,A,A,0,No Deposit,243.0,0,Contract,91.96,0,1
Resort Hotel,0,20,2016,July,29,11,2,5,2,0.0,0,BB,EST,Online TA,TA/TO,0,0,0,A,A,0,No Deposit,240.0,0,Transient,164.71,0,1
Resort Hotel,0,180,2016,July,28,9,4,6,2,0.0,0,BB,GBR,Online TA,TA/TO,0,0,0,D,D,0,No Deposit,240.0,0,Transient,124.22,0,1
Resort Hotel,0,188,2016,July,28,5,4,10,2,0.0,0,BB,GBR,Offline TA/TO,TA/TO,0,0,0,A,A,1,No Deposit,143.0,0,Transient,90.1,0,0
Resort Hotel,0,180,2016,July,28,9,4,6,2,0.0,0,HB,GBR,Offline TA/TO,TA/TO,0,0,0,A,A,0,No Deposit,143.0,0,Transient,112.2,0,0
Resort Hotel,0,287,2016,July,29,12,2,5,2,0.0,0,BB,NOR,Offline TA/TO,TA/TO,0,0,0,D,D,0,No Deposit,8.0,0,Transient,81.6,0,1
Resort Hotel,0,287,2016,July,29,12,2,5,2,0.0,0,BB,NOR,Offline TA/TO,TA/TO,0,0,0,D,D,0,No Deposit,8.0,0,Transient,81.6,0,1
Resort Hotel,0,14,2016,July,29,15,2,2,2,0.0,0,BB,NLD,Online TA,TA/TO,0,0,0,A,A,0,No Deposit,241.0,0,Transient,135.91,0,1
Resort Hotel,0,173,2016,July,29,11,3,5,2,0.0,0,HB,IRL,Offline TA/TO,TA/TO,0,0,0,A,A,1,No Deposit,175.0,0,Transient,116.5,0,0
Resort Hotel,0,16,2016,July,29,16,2,1,2,0.0,0,BB,ESP,Online TA,TA/TO,0,0,0,A,A,0,No Deposit,339.0,0,Transient,157.2,1,0
Resort Hotel,0,209,2016,July,29,12,2,5,2,0.0,0,BB,GBR,Offline TA/TO,TA/TO,0,0,0,A,A,0,No Deposit,26.0,0,Transient,76.22,0,0
Resort Hotel,0,153,2016,July,29,12,2,5,2,0.0,0,BB,GBR,Offline TA/TO,TA/TO,0,0,0,A,A,0,No Deposit,175.0,0,Transient,104.4,0,0
Resort Hotel,0,1,2016,July,29,16,2,1,2,0.0,0,BB,ITA,Online TA,TA/TO,0,0,0,A,A,0,No Deposit,240.0,0,Transient,145.67,0,0
Resort Hotel,0,17,2016,July,29,13,2,4,2,0.0,0,HB,PRT,Direct,Direct,0,0,0,D,E,3,No Deposit,250.0,0,Transient,231.0,1,0
Resort Hotel,0,0,2016,July,29,14,2,3,2,0.0,0,BB,ESP,Direct,Direct,0,0,0,F,A,0,No Deposit,,0,Transient,182.6,0,0
Resort Hotel,0,12,2016,July,29,15,2,2,2,0.0,0,BB,IRL,Online TA,TA/TO,0,0,0,D,D,1,No Deposit,240.0,0,Transient,193.5,0,1
Resort Hotel,0,22,2016,July,30,18,1,0,2,0.0,0,BB,ESP,Online TA,TA/TO,0,0,0,A,A,0,No Deposit,240.0,0,Transient,191.0,0,1
Resort Hotel,0,85,2016,July,29,12,2,5,2,0.0,0,BB,LTU,Online TA,TA/TO,0,0,0,A,A,0,No Deposit,240.0,0,Transient,162.0,0,1
Resort Hotel,0,165,2016,June,26,21,8,20,2,0.0,0,HB,IRL,Offline TA/TO,TA/TO,0,0,0,A,C,0,No Deposit,177.0,0,Transient,124.2,0,0
Resort Hotel,0,238,2016,July,29,12,2,5,2,0.0,0,BB,GBR,Offline TA/TO,TA/TO,0,0,0,A,A,0,No Deposit,314.0,0,Transient,74.06,0,1
Resort Hotel,0,238,2016,July,29,12,2,5,2,0.0,0,BB,GBR,Offline TA/TO,TA/TO,0,0,0,A,A,0,No Deposit,314.0,0,Transient,75.77,0,1
Resort Hotel,0,238,2016,July,29,12,2,5,2,0.0,0,BB,GBR,Offline TA/TO,TA/TO,0,0,0,A,A,0,No Deposit,314.0,0,Transient,74.06,0,1
Resort Hotel,0,169,2016,July,28,5,4,10,2,0.0,0,HB,GBR,Offline TA/TO,TA/TO,0,0,0,A,A,1,No Deposit,143.0,0,Contract,114.2,0,1
Resort Hotel,0,274,2017,July,26,1,4,10,2,0.0,0,HB,GBR,Offline TA/TO,TA/TO,1,0,1,D,D,0,No Deposit,40.0,0,Contract,151.5,0,1
Resort Hotel,0,60,2016,July,29,15,2,2,2,0.0,0,BB,ESP,Online TA,TA/TO,0,0,0,A,A,0,No Deposit,240.0,0,Transient-Party,160.0,0,1
Resort Hotel,0,60,2016,July,29,15,2,2,2,0.0,0,BB,ESP,Online TA,TA/TO,0,0,0,A,A,0,No Deposit,240.0,0,Transient-Party,174.0,0,1
Resort Hotel,0,25,2016,July,29,16,2,1,2,0.0,0,BB,PRT,Online TA,TA/TO,0,0,0,A,A,0,No Deposit,240.0,0,Transient,191.0,1,2
Resort Hotel,0,155,2016,July,29,10,4,5,2,0.0,0,BB,IRL,Direct,Direct,0,0,0,A,A,1,No Deposit,250.0,0,Transient,102.9,0,2
Resort Hotel,0,161,2016,July,29,13,2,5,2,0.0,0,HB,GBR,Offline TA/TO,TA/TO,0,0,0,E,E,0,No Deposit,314.0,0,Transient,137.75,0,1
Resort Hotel,0,14,2016,July,30,18,1,1,2,0.0,0,BB,USA,Online TA,TA/TO,0,0,0,D,G,0,No Deposit,36.0,0,Transient,167.21,0,0
Resort Hotel,0,15,2016,July,29,15,2,3,2,0.0,0,BB,DEU,Direct,Direct,0,0,0,A,A,0,No Deposit,250.0,0,Transient,177.0,0,0
Resort Hotel,0,34,2016,July,30,18,1,1,2,0.0,0,BB,NLD,Online TA,TA/TO,0,0,0,A,A,0,No Deposit,240.0,0,Transient,191.0,1,1
Resort Hotel,0,1,2016,July,30,18,1,1,2,0.0,0,BB,FRA,Online TA,TA/TO,0,0,0,A,A,0,No Deposit,240.0,0,Transient,149.0,0,1
Resort Hotel,0,7,2016,July,29,15,2,3,2,0.0,0,BB,IRL,Online TA,TA/TO,0,0,0,A,A,0,No Deposit,240.0,0,Transient,175.0,0,1
Resort Hotel,0,158,2016,July,29,11,3,6,2,0.0,0,BB,DEU,Offline TA/TO,TA/TO,0,0,0,D,D,0,No Deposit,69.0,0,Transient,112.7,0,1
Resort Hotel,0,80,2016,July,29,16,2,2,2,0.0,0,BB,CN,Online TA,TA/TO,0,0,0,A,A,0,No Deposit,240.0,0,Transient-Party,186.0,0,1
Resort Hotel,0,80,2016,July,29,16,2,2,2,0.0,0,BB,CN,Online TA,TA/TO,0,0,0,A,A,0,No Deposit,240.0,0,Transient-Party,172.0,0,1
Resort Hotel,0,55,2016,July,30,21,0,3,2,0.0,0,BB,GBR,Online TA,TA/TO,0,0,0,A,A,0,No Deposit,240.0,0,Transient,172.0,0,1
Resort Hotel,0,24,2016,July,30,21,0,0,2,0.0,0,BB,GBR,Online TA,TA/TO,0,0,0,A,A,0,No Deposit,,0,Transient,0.0,0,0
Resort Hotel,0,55,2016,July,30,21,0,3,2,0.0,0,BB,GBR,Online TA,TA/TO,0,0,0,A,A,0,No Deposit,240.0,0,Transient,172.0,0,1
Resort Hotel,0,24,2016,July,30,21,0,0,2,0.0,0,BB,GBR,Online TA,TA/TO,0,0,0,A,A,0,No Deposit,,0,Transient,0.0,0,0
Resort Hotel,0,24,2016,July,30,21,0,0,2,0.0,0,BB,GBR,Online TA,TA/TO,0,0,0,A,A,0,No Deposit,,0,Transient,0.0,0,0
Resort Hotel,0,55,2016,July,30,21,0,3,2,0.0,0,BB,GBR,Online TA,TA/TO,0,0,0,A,A,0,No Deposit,240.0,0,Transient,172.0,0,1
Resort Hotel,0,186,2016,July,29,10,4,7,2,0.0,0,HB,GBR,Offline TA/TO,TA/TO,0,0,0,D,D,1,No Deposit,143.0,0,Transient,128.65,0,0
Resort Hotel,0,175,2016,July,28,7,4,10,2,0.0,0,BB,NOR,Offline TA/TO,TA/TO,0,0,0,A,A,0,No Deposit,314.0,0,Transient,103.2,0,1
Resort Hotel,0,137,2016,July,29,10,4,7,2,0.0,0,BB,GBR,Online TA,TA/TO,0,0,0,D,D,0,No Deposit,240.0,0,Transient,157.27,0,1
Resort Hotel,0,179,2016,July,29,10,4,7,2,0.0,0,BB,GBR,Offline TA/TO,TA/TO,0,0,0,D,D,0,No Deposit,40.0,0,Transient-Party,104.55,0,3
Resort Hotel,0,171,2017,July,28,9,4,5,2,0.0,0,BB,GBR,Offline TA/TO,TA/TO,1,0,1,A,A,0,No Deposit,40.0,0,Contract,106.85,0,3
Resort Hotel,0,179,2016,July,29,10,4,7,2,0.0,0,BB,GBR,Offline TA/TO,TA/TO,0,0,0,D,D,0,No Deposit,40.0,0,Transient-Party,106.55,0,3
Resort Hotel,0,171,2017,July,28,9,4,5,2,0.0,0,BB,GBR,Offline TA/TO,TA/TO,1,0,1,A,A,0,No Deposit,40.0,11,Contract,104.85,0,3
Resort Hotel,0,26,2016,July,29,12,2,7,2,0.0,0,HB,GBR,Direct,Direct,0,0,0,F,F,0,No Deposit,,0,Transient,219.1,0,0
Resort Hotel,0,49,2016,July,30,17,2,2,2,0.0,0,BB,ESP,Online TA,TA/TO,0,0,0,A,A,0,No Deposit,240.0,0,Transient,193.0,1,1
Resort Hotel,0,49,2016,July,29,15,2,4,2,0.0,0,BB,IRL,Direct,Direct,0,0,0,F,F,1,No Deposit,250.0,0,Transient,206.17,0,0
Resort Hotel,0,158,2016,July,29,10,4,7,2,0.0,0,BB,ESP,Online TA,TA/TO,0,0,0,D,D,0,No Deposit,240.0,0,Transient,136.73,0,1
Resort Hotel,0,26,2016,July,29,16,2,3,2,0.0,0,BB,ESP,Online TA,TA/TO,0,0,0,A,A,0,No Deposit,240.0,0,Transient,179.0,1,1
Resort Hotel,0,227,2016,July,29,12,2,7,2,0.0,0,BB,CHE,Offline TA/TO,TA/TO,0,0,0,A,A,0,No Deposit,314.0,0,Transient,76.8,0,2
Resort Hotel,0,29,2016,July,30,19,0,2,2,0.0,0,BB,NLD,Online TA,TA/TO,0,0,0,A,A,0,No Deposit,240.0,0,Transient,179.0,0,1
Resort Hotel,0,12,2016,July,30,18,1,2,2,0.0,0,BB,BRA,Online TA,TA/TO,0,0,0,D,D,0,No Deposit,240.0,0,Transient,203.33,0,1
Resort Hotel,0,6,2016,July,30,17,2,2,2,0.0,0,BB,CN,Offline TA/TO,TA/TO,0,0,0,D,D,0,No Deposit,96.0,0,Transient,117.2,0,0
Resort Hotel,0,134,2016,July,29,14,2,5,2,0.0,0,HB,CHE,Offline TA/TO,TA/TO,0,0,0,E,E,0,No Deposit,69.0,0,Contract,144.9,0,0
Resort Hotel,0,0,2016,July,30,20,0,1,2,0.0,0,BB,PRT,Direct,Direct,0,0,0,G,G,0,No Deposit,250.0,0,Transient,189.0,0,0
Resort Hotel,0,34,2016,July,29,16,2,3,2,0.0,0,BB,ESP,Online TA,TA/TO,0,0,0,A,A,0,No Deposit,240.0,0,Transient,203.0,1,0
Resort Hotel,0,152,2016,July,30,17,2,2,2,0.0,0,BB,PRT,Offline TA/TO,TA/TO,0,0,0,A,A,0,No Deposit,96.0,0,Transient,102.8,0,0
Resort Hotel,0,0,2016,July,30,21,0,0,2,0.0,0,BB,PRT,Online TA,TA/TO,1,0,0,D,I,0,No Deposit,240.0,0,Transient,0.0,0,0
Resort Hotel,0,17,2016,July,30,22,2,2,2,0.0,0,BB,IRL,Online TA,TA/TO,0,0,0,A,A,0,No Deposit,240.0,0,Transient,183.5,0,1
Resort Hotel,0,163,2016,July,29,10,4,8,2,0.0,0,BB,IRL,Offline TA/TO,TA/TO,0,0,0,D,D,0,No Deposit,147.0,0,Transient,103.11,0,0
Resort Hotel,0,92,2016,July,30,18,1,3,2,0.0,0,BB,PRT,Direct,Direct,0,0,0,D,D,0,No Deposit,250.0,0,Transient,192.0,1,0
Resort Hotel,0,38,2016,July,30,21,0,1,2,0.0,0,BB,IRL,Online TA,TA/TO,0,0,0,A,A,0,No Deposit,240.0,0,Transient,179.0,1,1
Resort Hotel,0,0,2016,July,30,21,0,1,2,0.0,0,BB,ESP,Direct,Direct,0,0,0,D,D,0,No Deposit,,0,Transient,139.0,0,0
Resort Hotel,0,1,2016,July,30,22,0,1,2,0.0,0,BB,ESP,Direct,Direct,0,0,0,F,F,0,No Deposit,,0,Transient,149.0,0,0
Resort Hotel,0,154,2016,July,30,18,1,3,2,0.0,0,BB,BEL,Online TA,TA/TO,0,0,0,D,D,0,No Deposit,240.0,0,Transient,160.0,0,0
Resort Hotel,0,176,2016,July,29,15,2,5,2,0.0,0,HB,IRL,Offline TA/TO,TA/TO,0,0,0,E,E,0,No Deposit,171.0,0,Transient,151.4,0,0
Resort Hotel,0,132,2016,July,30,18,1,3,2,0.0,0,BB,PRT,Online TA,TA/TO,0,0,0,A,A,1,No Deposit,196.0,0,Transient-Party,144.0,0,0
Resort Hotel,0,2,2016,July,30,18,1,3,2,0.0,0,BB,PRT,Online TA,TA/TO,0,0,0,A,A,0,No Deposit,240.0,0,Transient,176.0,0,0
Resort Hotel,0,0,2016,July,30,21,0,1,2,0.0,0,BB,CHN,Online TA,TA/TO,0,0,0,D,D,0,No Deposit,240.0,0,Transient,149.0,0,1
Resort Hotel,0,0,2016,November,48,25,0,1,2,0.0,0,BB,PRT,Online TA,TA/TO,1,0,1,A,D,0,No Deposit,240.0,0,Transient,54.0,1,1
Resort Hotel,0,160,2016,July,30,18,1,3,2,0.0,0,BB,PRT,Offline TA/TO,TA/TO,0,0,0,A,A,0,No Deposit,96.0,0,Transient,102.8,0,0
Resort Hotel,0,160,2016,July,30,18,1,3,2,0.0,0,BB,CN,Offline TA/TO,TA/TO,0,0,0,A,A,0,No Deposit,96.0,0,Transient,102.8,0,0
Resort Hotel,0,186,2016,July,29,10,4,8,2,0.0,0,BB,GBR,Offline TA/TO,TA/TO,0,0,0,D,D,0,No Deposit,2.0,0,Contract,106.55,0,0
Resort Hotel,0,0,2016,July,30,21,0,1,2,0.0,0,BB,DEU,Online TA,TA/TO,0,0,0,D,D,0,No Deposit,240.0,0,Transient,149.0,0,0
Resort Hotel,0,0,2016,July,30,21,0,1,2,0.0,0,BB,FRA,Online TA,TA/TO,0,0,0,D,D,0,No Deposit,240.0,0,Transient,149.0,0,0
Resort Hotel,0,81,2016,July,29,15,2,5,2,0.0,0,BB,GBR,Online TA,TA/TO,0,0,0,E,E,0,No Deposit,240.0,0,Transient,194.29,0,2
Resort Hotel,0,97,2016,July,30,21,0,1,2,0.0,0,BB,USA,Online TA,TA/TO,0,0,0,E,E,6,No Deposit,240.0,0,Transient,230.0,0,2
Resort Hotel,0,94,2016,July,30,20,0,2,2,0.0,0,BB,USA,Online TA,TA/TO,0,0,0,A,A,1,No Deposit,240.0,0,Transient,160.0,0,1
Resort Hotel,0,68,2016,July,30,18,1,3,2,0.0,0,HB,PRT,Direct,Direct,0,0,0,C,C,0,No Deposit,,0,Transient,232.0,1,0
Resort Hotel,0,173,2016,July,29,12,2,9,2,0.0,0,BB,GBR,Offline TA/TO,TA/TO,0,0,0,A,A,0,No Deposit,143.0,0,Transient,90.1,0,1
Resort Hotel,0,175,2016,July,28,9,4,10,2,0.0,0,HB,GBR,Offline TA/TO,TA/TO,0,0,0,A,A,1,No Deposit,143.0,0,Transient,112.2,0,1
Resort Hotel,0,122,2016,July,30,20,0,3,2,0.0,0,BB,PRT,Online TA,TA/TO,0,0,0,A,A,0,No Deposit,240.0,0,Transient,160.0,0,1
Resort Hotel,0,91,2016,July,29,13,2,8,2,0.0,0,BB,ITA,Online TA,TA/TO,0,0,0,D,D,0,No Deposit,240.0,0,Transient,181.0,0,2
Resort Hotel,0,1,2016,July,30,22,0,1,2,0.0,0,BB,CHE,Online TA,TA/TO,0,0,0,A,A,0,No Deposit,240.0,0,Transient,131.0,0,0
Resort Hotel,0,15,2016,July,30,17,2,4,2,0.0,0,Undefined,PRT,Direct,Direct,0,0,0,A,A,0,No Deposit,,0,Transient,243.0,1,1
Resort Hotel,0,18,2016,July,30,18,1,4,2,0.0,0,BB,PRT,Online TA,TA/TO,0,0,0,A,A,0,No Deposit,240.0,0,Transient-Party,191.0,0,0
Resort Hotel,0,18,2016,July,30,18,1,4,2,0.0,0,BB,PRT,Online TA,TA/TO,0,0,0,A,A,0,No Deposit,240.0,0,Transient-Party,191.0,0,0
Resort Hotel,0,115,2016,July,30,19,0,4,2,0.0,0,BB,ESP,Online TA,TA/TO,0,0,0,A,A,0,No Deposit,240.0,0,Transient,172.0,0,1
Resort Hotel,0,194,2016,July,30,17,2,4,2,0.0,0,HB,PRT,Direct,Direct,0,0,0,E,E,0,No Deposit,250.0,0,Transient,174.92,0,1
Resort Hotel,0,166,2016,July,29,16,2,5,2,0.0,0,BB,SWE,Offline TA/TO,TA/TO,0,0,0,D,D,0,No Deposit,253.0,0,Transient,112.7,0,1
Resort Hotel,0,166,2016,July,29,16,2,5,2,0.0,0,BB,SWE,Offline TA/TO,TA/TO,0,0,0,D,D,0,No Deposit,253.0,0,Transient,110.7,0,1
Resort Hotel,0,163,2016,July,29,16,2,5,2,0.0,0,BB,GBR,Offline TA/TO,TA/TO,0,0,0,D,D,0,No Deposit,40.0,0,Contract,104.55,0,0
Resort Hotel,0,15,2016,July,30,18,1,4,2,0.0,0,BB,ESP,Online TA,TA/TO,0,0,0,D,C,0,No Deposit,5.0,0,Transient,167.2,1,0
Resort Hotel,0,1,2016,July,30,22,0,1,2,0.0,0,BB,CN,Online TA,TA/TO,0,0,0,E,E,0,No Deposit,240.0,0,Transient,149.0,0,1
Resort Hotel,0,36,2016,July,30,19,0,4,2,0.0,0,BB,ITA,Direct,Direct,0,0,0,C,C,0,No Deposit,,0,Transient,205.5,0,0
Resort Hotel,0,0,2016,July,30,18,1,4,2,0.0,0,BB,PRT,Offline TA/TO,TA/TO,0,0,0,D,D,1,No Deposit,8.0,0,Transient,102.8,0,0
Resort Hotel,0,163,2016,July,29,14,2,7,2,0.0,0,HB,GBR,Offline TA/TO,TA/TO,0,0,0,E,E,0,No Deposit,40.0,0,Contract,141.05,0,0
Resort Hotel,0,0,2016,December,51,16,0,1,2,0.0,0,BB,PRT,Direct,Direct,1,0,1,E,E,0,No Deposit,,0,Transient,50.0,0,2
Resort Hotel,1,1,2017,July,28,11,0,1,2,0.0,0,BB,PRT,Corporate,Corporate,1,2,2,E,E,0,No Deposit,,0,Transient,119.7,0,3
Resort Hotel,0,20,2016,July,30,20,0,3,2,0.0,0,BB,PRT,Online TA,TA/TO,0,0,0,D,D,0,No Deposit,240.0,0,Transient,194.0,0,0
Resort Hotel,0,0,2016,July,30,22,0,1,2,0.0,0,BB,PRT,Direct,Direct,0,0,0,A,A,0,No Deposit,,0,Transient,166.0,0,0
Resort Hotel,0,21,2016,July,30,17,2,4,2,0.0,0,BB,GBR,Online TA,TA/TO,0,0,0,D,D,0,No Deposit,240.0,0,Transient,204.0,0,0
Resort Hotel,0,144,2016,July,29,16,2,5,2,0.0,0,HB,SWE,Offline TA/TO,TA/TO,0,0,0,E,E,0,No Deposit,253.0,0,Transient,145.1,0,0
Resort Hotel,0,140,2016,July,30,19,0,4,2,0.0,0,HB,PRT,Offline TA/TO,TA/TO,0,0,0,A,A,0,No Deposit,175.0,0,Transient,150.0,1,1
Resort Hotel,0,200,2016,July,29,16,2,5,2,0.0,0,BB,PRT,Online TA,TA/TO,0,0,0,A,A,0,No Deposit,240.0,0,Transient,108.0,0,1
Resort Hotel,0,86,2016,July,30,18,1,4,2,0.0,0,BB,IRL,Online TA,TA/TO,0,0,0,D,D,0,No Deposit,240.0,0,Transient,182.0,0,0
Resort Hotel,0,1,2016,July,29,16,2,5,2,0.0,0,BB,PRT,Online TA,TA/TO,0,0,0,A,A,0,No Deposit,240.0,0,Transient,160.43,0,0
Resort Hotel,0,143,2016,July,29,16,2,5,2,0.0,0,BB,IRL,Online TA,TA/TO,0,0,0,A,A,0,No Deposit,240.0,0,Transient,142.0,0,1
Resort Hotel,0,234,2016,September,37,9,1,2,2,0.0,0,BB,GBR,Offline TA/TO,TA/TO,0,0,0,A,A,0,No Deposit,,0,Transient-Party,77.03,0,1
Resort Hotel,0,234,2016,September,37,9,1,2,2,0.0,0,BB,GBR,Offline TA/TO,TA/TO,0,0,0,A,A,1,No Deposit,,0,Transient-Party,75.03,0,1
Resort Hotel,0,2,2016,July,30,22,0,1,2,0.0,0,BB,FRA,Online TA,TA/TO,0,0,0,A,A,0,No Deposit,240.0,0,Transient,143.0,0,1
Resort Hotel,0,51,2016,July,30,17,2,5,2,0.0,0,HB,PRT,Offline TA/TO,TA/TO,0,0,0,D,D,0,No Deposit,261.0,0,Transient,138.6,0,0
Resort Hotel,0,193,2017,July,29,16,2,5,2,0.0,0,HB,PRT,Offline TA/TO,TA/TO,1,0,1,A,A,0,No Deposit,6.0,0,Transient,135.9,0,1
Resort Hotel,0,70,2016,July,30,19,0,5,2,0.0,0,BB,ESP,Online TA,TA/TO,0,0,0,A,A,2,No Deposit,240.0,0,Transient,170.2,0,1
Resort Hotel,0,201,2016,July,30,17,2,5,2,0.0,0,BB,IRL,Direct,Direct,0,0,0,A,A,0,No Deposit,,0,Transient,112.57,0,1
Resort Hotel,0,133,2016,July,29,14,2,8,2,0.0,0,BB,GBR,Offline TA/TO,TA/TO,0,0,0,D,D,0,No Deposit,243.0,0,Contract,106.55,0,0
Resort Hotel,0,72,2016,July,30,17,2,5,2,0.0,0,BB,ESP,Online TA,TA/TO,0,0,0,A,A,0,No Deposit,240.0,0,Transient,160.0,0,2
Resort Hotel,0,159,2016,July,30,18,1,5,2,0.0,0,HB,ESP,Online TA,TA/TO,0,0,0,D,D,0,No Deposit,240.0,0,Transient,224.0,1,1
Resort Hotel,0,236,2016,July,30,17,2,5,2,0.0,0,BB,IRL,Online TA,TA/TO,0,0,0,D,D,0,No Deposit,240.0,0,Transient,128.57,0,2
Resort Hotel,0,131,2016,July,30,17,2,5,2,0.0,0,HB,GBR,Offline TA/TO,TA/TO,0,0,0,D,D,0,No Deposit,243.0,0,Contract,130.55,0,0
Resort Hotel,0,181,2016,July,29,10,4,10,2,0.0,0,HB,IRL,Offline TA/TO,TA/TO,0,0,0,E,E,0,No Deposit,95.0,0,Transient,136.8,0,0
Resort Hotel,0,85,2016,July,30,17,2,5,2,0.0,0,BB,ESP,Online TA,TA/TO,0,0,0,E,E,0,No Deposit,240.0,0,Transient,207.0,0,1
Resort Hotel,0,184,2016,July,30,20,0,4,2,0.0,0,BB,PRT,Online TA,TA/TO,0,0,0,A,A,0,No Deposit,240.0,0,Transient,139.0,0,1
Resort Hotel,0,13,2016,July,30,17,2,5,2,0.0,0,HB,BEL,Online TA,TA/TO,0,0,0,A,A,0,No Deposit,240.0,0,Transient,210.71,0,1
Resort Hotel,0,3,2016,July,30,21,0,3,2,0.0,0,BB,GBR,Online TA,TA/TO,0,0,0,A,A,0,No Deposit,314.0,0,Transient,151.2,0,0
Resort Hotel,0,169,2016,July,30,21,0,3,2,0.0,0,BB,BRA,Online TA,Direct,0,0,0,E,E,0,No Deposit,,0,Transient,173.67,1,2
Resort Hotel,0,156,2016,July,30,20,0,4,2,0.0,0,BB,CN,Offline TA/TO,TA/TO,0,0,0,A,A,0,No Deposit,96.0,0,Transient-Party,102.8,0,0
Resort Hotel,0,145,2016,July,30,18,1,5,2,0.0,0,BB,PRT,Direct,Direct,0,0,0,A,A,0,No Deposit,,0,Transient,110.79,0,0
Resort Hotel,0,156,2016,July,30,20,0,4,2,0.0,0,BB,CN,Offline TA/TO,TA/TO,0,0,0,A,A,0,No Deposit,96.0,0,Transient-Party,102.8,0,1
Resort Hotel,0,61,2016,July,30,17,2,5,2,0.0,0,BB,PRT,Online TA,TA/TO,0,0,0,A,A,0,No Deposit,240.0,0,Transient,160.0,1,1
Resort Hotel,0,19,2016,July,30,21,0,3,2,0.0,0,BB,ESP,Online TA,TA/TO,0,0,0,A,A,0,No Deposit,240.0,0,Transient,194.33,1,1
Resort Hotel,0,107,2016,July,30,21,0,3,2,0.0,0,BB,PRT,Online TA,TA/TO,0,0,0,E,E,1,No Deposit,240.0,0,Transient,219.0,1,2
Resort Hotel,0,139,2016,July,29,14,2,8,2,0.0,0,BB,GBR,Offline TA/TO,TA/TO,0,0,0,D,D,0,No Deposit,40.0,0,Contract,104.55,0,0
Resort Hotel,0,7,2016,July,30,22,0,2,2,0.0,0,BB,PRT,Online TA,TA/TO,0,0,0,A,D,1,No Deposit,240.0,0,Transient,194.0,0,2
Resort Hotel,0,11,2016,July,30,23,0,1,2,0.0,0,BB,PRT,Direct,Direct,0,0,0,A,C,0,No Deposit,,0,Transient-Party,138.0,0,0
Resort Hotel,0,76,2016,July,29,16,2,6,2,0.0,0,HB,ESP,Online TA,TA/TO,0,0,0,D,D,0,No Deposit,240.0,0,Transient,224.0,0,1
Resort Hotel,0,4,2016,July,30,20,0,4,2,0.0,0,BB,MAR,Online TA,TA/TO,0,0,0,A,A,0,No Deposit,240.0,0,Transient,198.5,0,1
Resort Hotel,0,179,2016,July,30,17,2,5,2,0.0,0,BB,PRT,Online TA,TA/TO,0,0,0,D,D,1,No Deposit,240.0,0,Transient,142.86,0,1
Resort Hotel,0,147,2016,July,30,22,0,2,2,0.0,0,BB,ESP,Offline TA/TO,TA/TO,0,0,0,D,D,0,No Deposit,6.0,0,Transient,127.2,1,1
Resort Hotel,0,144,2016,July,30,18,2,5,2,0.0,0,BB,AUT,Online TA,TA/TO,0,0,0,A,A,0,No Deposit,241.0,0,Transient,102.41,1,1
Resort Hotel,0,125,2016,July,30,18,2,5,2,0.0,0,HB,POL,Offline TA/TO,TA/TO,0,0,0,D,D,0,No Deposit,315.0,0,Transient,106.55,0,0
Resort Hotel,0,22,2016,July,30,22,1,2,2,0.0,0,BB,SVN,Online TA,TA/TO,0,0,0,A,A,0,No Deposit,339.0,0,Transient,157.87,0,0
Resort Hotel,0,166,2016,July,30,18,2,5,2,0.0,0,HB,ROU,Offline TA/TO,TA/TO,0,0,0,D,D,0,No Deposit,11.0,0,Transient,154.0,0,0
Resort Hotel,0,166,2016,July,30,18,2,5,2,0.0,0,HB,ROU,Offline TA/TO,TA/TO,0,0,0,D,D,0,No Deposit,11.0,0,Transient,154.0,0,0
Resort Hotel,0,176,2016,July,30,19,1,5,2,0.0,0,HB,DEU,Online TA,TA/TO,0,0,0,E,E,0,No Deposit,240.0,0,Transient,193.67,1,2
Resort Hotel,0,28,2016,July,30,20,1,4,2,0.0,0,BB,ESP,Online TA,TA/TO,0,0,0,E,E,0,No Deposit,339.0,0,Transient,179.2,0,0
Resort Hotel,0,126,2016,July,30,23,1,1,2,0.0,0,BB,ESP,Online TA,TA/TO,0,0,0,A,D,1,No Deposit,240.0,0,Transient,184.0,1,1
Resort Hotel,0,61,2016,July,30,22,1,2,2,0.0,0,BB,FRA,Online TA,TA/TO,0,0,0,A,A,0,No Deposit,240.0,0,Transient-Party,160.0,0,0
Resort Hotel,0,18,2016,July,30,18,2,5,2,0.0,0,HB,PRT,Offline TA/TO,TA/TO,0,0,0,E,E,0,No Deposit,181.0,0,Transient,180.34,1,0
Resort Hotel,0,61,2016,July,30,22,1,2,2,0.0,0,BB,FRA,Online TA,TA/TO,0,0,0,A,A,0,No Deposit,240.0,0,Transient-Party,172.0,1,0
Resort Hotel,0,119,2016,July,30,20,1,4,2,0.0,0,BB,PRT,Online TA,Direct,0,0,0,D,D,0,No Deposit,,0,Transient,180.0,0,1
Resort Hotel,0,29,2016,July,30,23,1,1,2,0.0,0,BB,PRT,Offline TA/TO,TA/TO,0,0,0,E,D,0,No Deposit,196.0,0,Transient,194.5,0,0
Resort Hotel,0,185,2016,July,29,15,3,7,2,0.0,0,BB,IRL,Online TA,TA/TO,0,0,0,A,A,2,No Deposit,240.0,0,Transient,138.01,0,2
Resort Hotel,0,157,2016,July,30,22,1,2,2,0.0,0,BB,FRA,Offline TA/TO,TA/TO,0,0,0,E,E,0,No Deposit,8.0,0,Transient,121.0,0,0
Resort Hotel,0,15,2016,July,30,20,1,4,2,0.0,0,BB,GBR,Online TA,TA/TO,0,0,0,A,A,0,No Deposit,314.0,0,Transient,144.8,0,1
Resort Hotel,0,157,2016,July,30,22,1,2,2,0.0,0,BB,CN,Offline TA/TO,TA/TO,0,0,0,D,D,0,No Deposit,8.0,0,Transient,122.4,0,0
Resort Hotel,0,242,2016,September,39,18,4,10,2,0.0,0,HB,GBR,Offline TA/TO,TA/TO,0,0,0,D,D,0,No Deposit,,0,Transient,110.8,0,0
Resort Hotel,0,182,2016,July,30,20,1,4,2,0.0,0,BB,ESP,Online TA,TA/TO,0,0,0,D,D,0,No Deposit,240.0,0,Transient,160.0,1,1
Resort Hotel,0,230,2016,July,29,11,4,10,2,0.0,0,BB,IRL,Online TA,TA/TO,0,0,0,E,E,0,No Deposit,240.0,0,Transient,130.82,0,2
Resort Hotel,0,5,2016,July,30,21,1,3,2,0.0,0,BB,GBR,Online TA,TA/TO,0,0,0,A,A,0,No Deposit,240.0,0,Transient,207.5,0,1
Resort Hotel,0,28,2016,July,30,20,1,4,2,0.0,0,BB,PRT,Direct,Direct,0,0,0,E,E,2,No Deposit,,0,Transient,188.1,0,0
Resort Hotel,0,171,2016,July,30,18,2,5,2,0.0,0,HB,ROU,Offline TA/TO,TA/TO,0,0,0,A,A,0,No Deposit,11.0,0,Transient,126.8,0,0
Resort Hotel,0,87,2016,July,30,19,1,5,2,0.0,0,BB,GBR,Online TA,TA/TO,0,0,0,D,D,0,No Deposit,241.0,0,Transient,138.6,0,1
Resort Hotel,0,104,2016,October,44,27,2,5,2,0.0,0,BB,IRL,Offline TA/TO,TA/TO,0,0,0,A,A,1,No Deposit,,0,Transient,51.29,0,0
Resort Hotel,0,144,2016,July,31,29,1,2,2,0.0,0,BB,GBR,Offline TA/TO,TA/TO,0,0,0,D,D,0,No Deposit,,0,Transient,138.25,0,1
Resort Hotel,0,114,2016,July,31,25,1,2,2,0.0,0,BB,PRT,Direct,Direct,0,0,0,D,D,1,No Deposit,250.0,0,Transient,10.0,0,0
Resort Hotel,0,183,2017,July,30,24,1,3,2,0.0,0,BB,PRT,Direct,Direct,1,0,0,D,D,0,No Deposit,250.0,0,Group,142.94,0,1
Resort Hotel,0,165,2016,October,43,22,2,5,2,0.0,0,BB,GBR,Offline TA/TO,TA/TO,0,0,0,D,D,0,No Deposit,,0,Transient,57.0,0,0
Resort Hotel,0,158,2016,July,30,19,2,5,2,0.0,0,HB,ROU,Online TA,TA/TO,0,0,0,E,E,0,No Deposit,240.0,0,Transient,209.0,0,2
Resort Hotel,0,83,2016,July,30,21,2,3,2,0.0,0,BB,BEL,Online TA,TA/TO,0,0,0,D,D,0,No Deposit,240.0,0,Transient,192.0,0,1
Resort Hotel,0,48,2016,July,31,24,2,0,2,0.0,0,HB,ESP,Online TA,TA/TO,0,0,0,E,E,0,No Deposit,240.0,0,Transient,253.0,1,1
Resort Hotel,0,48,2016,July,31,24,2,0,2,0.0,0,HB,ESP,Online TA,TA/TO,0,0,0,E,E,0,No Deposit,240.0,0,Transient,241.0,0,1
Resort Hotel,0,74,2016,July,30,23,2,1,2,0.0,0,BB,ESP,Online TA,TA/TO,0,0,0,A,A,0,No Deposit,240.0,0,Transient,172.0,0,1
Resort Hotel,0,71,2016,July,30,22,2,2,2,0.0,0,BB,IRL,Online TA,TA/TO,0,0,0,A,A,0,No Deposit,240.0,0,Transient,160.0,0,1
Resort Hotel,0,161,2016,July,30,19,2,5,2,0.0,0,BB,GBR,Offline TA/TO,TA/TO,0,0,0,A,A,0,No Deposit,26.0,0,Transient,97.76,0,0
Resort Hotel,0,3,2016,July,30,23,2,1,2,0.0,0,BB,ESP,Online TA,TA/TO,0,0,0,A,A,0,No Deposit,240.0,0,Transient,189.0,0,2
Resort Hotel,0,176,2016,July,29,12,4,10,2,0.0,0,BB,CHE,Offline TA/TO,TA/TO,0,0,0,D,D,0,No Deposit,36.0,0,Transient,104.81,1,0
Resort Hotel,0,45,2016,July,31,24,2,0,2,0.0,0,BB,PRT,Online TA,TA/TO,0,0,0,E,E,0,No Deposit,240.0,0,Transient-Party,223.0,1,1
Resort Hotel,0,96,2016,July,30,17,4,5,2,0.0,0,Undefined,PRT,Direct,Direct,0,0,0,F,F,1,No Deposit,250.0,0,Transient,281.0,1,0
Resort Hotel,0,103,2016,July,30,19,2,5,2,0.0,0,HB,ESP,Direct,Direct,0,0,0,F,F,1,No Deposit,250.0,0,Transient,216.5,0,1
Resort Hotel,0,45,2016,July,31,24,2,0,2,0.0,0,BB,BRA,Online TA,TA/TO,0,0,0,E,E,1,No Deposit,240.0,0,Transient-Party,209.0,0,1
Resort Hotel,0,151,2016,July,30,19,2,5,2,0.0,0,HB,PRT,Offline TA/TO,TA/TO,0,0,0,A,A,4,No Deposit,181.0,0,Transient,152.2,0,0
Resort Hotel,0,158,2016,July,29,16,4,6,2,0.0,0,BB,IRL,Offline TA/TO,TA/TO,0,0,0,D,D,0,No Deposit,177.0,0,Transient,117.2,0,0
Resort Hotel,0,161,2016,July,30,20,2,4,2,0.0,0,HB,GBR,Offline TA/TO,TA/TO,0,0,0,A,A,0,No Deposit,2.0,0,Transient,121.77,0,1
Resort Hotel,0,127,2016,July,30,20,2,5,2,0.0,0,BB,PRT,Online TA,TA/TO,0,0,0,A,A,2,No Deposit,240.0,0,Transient,162.0,0,1
Resort Hotel,0,66,2016,July,31,24,2,1,2,0.0,0,BB,IRL,Direct,Direct,0,0,0,D,D,0,No Deposit,250.0,0,Transient,164.0,0,0
Resort Hotel,0,119,2016,July,30,22,2,3,2,0.0,0,BB,GBR,Online TA,TA/TO,0,0,0,A,A,0,No Deposit,241.0,0,Transient,123.2,0,1
Resort Hotel,0,84,2016,July,30,17,4,6,2,0.0,0,HB,GBR,Direct,Direct,0,0,0,F,F,1,No Deposit,250.0,0,Transient,235.0,0,0
Resort Hotel,0,18,2016,July,31,24,2,1,2,0.0,0,BB,ESP,Online TA,TA/TO,0,0,0,D,D,0,No Deposit,240.0,0,Transient,206.0,1,1
Resort Hotel,0,177,2016,July,30,20,2,5,2,0.0,0,HB,GBR,Offline TA/TO,TA/TO,0,0,0,A,A,0,No Deposit,26.0,0,Transient,119.85,0,0
Resort Hotel,0,345,2017,July,29,21,4,8,2,0.0,0,HB,GBR,Online TA,TA/TO,1,0,0,E,E,2,No Deposit,240.0,0,Transient,196.7,0,4
Resort Hotel,0,1,2016,July,31,25,1,1,2,0.0,0,BB,ESP,Online TA,TA/TO,0,0,0,E,E,0,No Deposit,240.0,0,Transient,231.0,1,2
Resort Hotel,0,106,2016,July,30,21,2,4,2,0.0,0,HB,ESP,Online TA,TA/TO,0,0,0,D,D,0,No Deposit,240.0,0,Transient,226.0,1,0
Resort Hotel,0,165,2016,July,30,20,2,5,2,0.0,0,BB,PRT,Offline TA/TO,TA/TO,0,0,0,A,A,0,No Deposit,95.0,0,Transient,100.8,0,0
Resort Hotel,0,1,2016,July,31,26,0,1,2,0.0,0,BB,PRT,Online TA,TA/TO,0,0,0,D,E,0,No Deposit,240.0,0,Transient,176.0,0,2
Resort Hotel,0,85,2016,July,30,18,3,6,2,0.0,0,BB,AUT,Online TA,TA/TO,0,0,0,A,A,2,No Deposit,240.0,0,Transient,165.56,0,2
Resort Hotel,0,119,2016,July,30,20,2,5,2,0.0,0,BB,GBR,Online TA,TA/TO,0,0,0,A,A,2,No Deposit,241.0,0,Transient,158.2,0,0
Resort Hotel,0,246,2016,July,30,20,2,5,2,0.0,0,BB,IRL,Offline TA/TO,TA/TO,0,0,0,A,A,0,No Deposit,175.0,0,Transient,94.63,0,0
Resort Hotel,0,98,2016,July,31,24,2,1,2,0.0,0,BB,DEU,Online TA,TA/TO,0,0,0,A,A,0,No Deposit,240.0,0,Transient,172.0,1,1
Resort Hotel,0,67,2016,July,31,26,0,1,2,0.0,0,BB,FRA,Online TA,TA/TO,0,0,0,E,E,0,No Deposit,240.0,0,Transient,195.0,0,0
Resort Hotel,0,18,2016,July,30,17,4,6,2,0.0,0,BB,GBR,Online TA,TA/TO,0,0,0,E,E,0,No Deposit,240.0,0,Transient,212.0,0,1
Resort Hotel,0,117,2016,July,30,21,2,5,2,0.0,0,HB,FRA,Online TA,TA/TO,0,0,0,F,F,0,No Deposit,241.0,0,Transient,194.49,0,1
Resort Hotel,0,53,2016,July,30,23,2,3,2,0.0,0,BB,CN,Offline TA/TO,TA/TO,0,0,0,E,E,1,No Deposit,96.0,0,Transient,128.0,0,0
Resort Hotel,0,192,2016,July,30,21,2,5,2,0.0,0,HB,GBR,Offline TA/TO,TA/TO,0,0,0,A,A,1,No Deposit,143.0,0,Transient,112.2,0,0
Resort Hotel,0,154,2016,July,30,21,2,5,2,0.0,0,BB,GBR,Offline TA/TO,TA/TO,0,0,0,A,A,0,No Deposit,243.0,0,Contract,92.1,0,0
Resort Hotel,0,155,2016,July,30,21,2,5,2,0.0,0,BB,IRL,Offline TA/TO,TA/TO,0,0,0,D,D,0,No Deposit,40.0,0,Contract,106.55,0,0
Resort Hotel,0,113,2016,July,30,23,2,3,2,0.0,0,BB,ITA,Online TA,TA/TO,0,0,0,A,A,0,No Deposit,240.0,0,Transient,172.0,1,1
Resort Hotel,0,19,2016,July,30,23,2,3,2,0.0,0,BB,PRT,Online TA,TA/TO,0,0,0,A,A,0,No Deposit,241.0,0,Transient,151.37,0,1
Resort Hotel,0,26,2016,July,30,23,2,3,2,0.0,0,BB,PRT,Direct,Direct,0,0,0,D,D,1,No Deposit,,0,Transient,140.0,1,0
Resort Hotel,0,158,2016,July,30,19,2,7,2,0.0,0,BB,CHE,Online TA,TA/TO,0,0,0,A,A,0,No Deposit,240.0,0,Transient,160.0,0,1
Resort Hotel,0,142,2016,July,31,24,2,2,2,0.0,0,BB,CN,Offline TA/TO,TA/TO,0,0,0,D,D,0,No Deposit,96.0,0,Transient,117.2,0,0
Resort Hotel,0,20,2016,July,31,24,2,2,2,0.0,0,BB,IRL,Online TA,TA/TO,0,0,0,D,D,0,No Deposit,241.0,0,Transient,149.38,0,2
Resort Hotel,0,61,2016,July,31,26,0,2,2,0.0,0,BB,USA,Online TA,TA/TO,0,0,0,F,F,0,No Deposit,241.0,0,Transient,157.85,0,1
Resort Hotel,0,152,2016,July,31,24,2,2,2,0.0,0,BB,PRT,Offline TA/TO,TA/TO,0,0,0,A,A,0,No Deposit,96.0,0,Transient,102.8,0,0
Resort Hotel,0,177,2016,July,31,24,2,2,2,0.0,0,BB,CN,Offline TA/TO,TA/TO,0,0,0,A,B,0,No Deposit,96.0,0,Transient,103.5,0,0
Resort Hotel,0,0,2016,July,31,26,0,2,2,0.0,0,BB,CN,Direct,Direct,0,0,0,G,G,0,No Deposit,250.0,0,Transient,249.0,0,0
Resort Hotel,0,169,2016,July,30,21,2,5,2,0.0,0,BB,PLW,Online TA,TA/TO,0,0,0,A,A,0,No Deposit,240.0,0,Transient,136.29,0,2
Resort Hotel,0,0,2016,July,31,25,1,2,2,0.0,0,HB,PRT,Online TA,TA/TO,0,0,0,A,A,0,No Deposit,240.0,0,Transient,214.33,0,1
Resort Hotel,0,197,2016,July,30,22,2,5,2,0.0,0,HB,GBR,Offline TA/TO,TA/TO,0,0,0,E,E,0,No Deposit,40.0,0,Contract,143.05,0,0
Resort Hotel,0,83,2016,July,30,19,2,8,2,0.0,0,HB,GBR,Direct,Direct,0,0,0,F,F,2,No Deposit,,0,Transient,210.42,0,0
Resort Hotel,0,10,2016,July,31,25,1,3,2,0.0,0,BB,CHE,Online TA,TA/TO,0,0,0,A,D,0,No Deposit,240.0,0,Transient,209.0,0,0
Resort Hotel,0,76,2016,July,31,24,2,3,2,0.0,0,HB,ESP,Direct,Direct,0,0,0,D,D,1,No Deposit,250.0,0,Transient,192.0,0,0
Resort Hotel,0,1,2016,July,31,28,0,1,2,0.0,0,BB,ESP,Online TA,TA/TO,0,0,0,A,A,0,No Deposit,240.0,0,Transient-Party,179.0,0,0
Resort Hotel,0,1,2016,July,31,28,0,1,2,0.0,0,BB,ESP,Online TA,TA/TO,0,0,0,A,A,0,No Deposit,240.0,0,Transient-Party,179.0,0,0
Resort Hotel,0,140,2016,July,31,26,0,3,2,0.0,0,BB,PRT,Offline TA/TO,TA/TO,0,0,0,D,D,0,No Deposit,6.0,0,Transient,115.2,0,0
Resort Hotel,0,140,2016,July,31,26,0,3,2,0.0,0,BB,PRT,Offline TA/TO,TA/TO,0,0,0,D,D,0,No Deposit,6.0,0,Transient,115.2,0,0
Resort Hotel,0,23,2016,July,31,25,1,3,2,0.0,0,HB,ESP,Online TA,TA/TO,0,0,0,C,C,0,No Deposit,241.0,0,Transient,202.51,0,0
Resort Hotel,0,1,2016,July,31,28,0,1,2,0.0,0,BB,PRT,Offline TA/TO,TA/TO,0,0,0,D,D,0,No Deposit,431.0,0,Transient,156.4,0,0
Resort Hotel,0,22,2016,July,31,27,0,2,2,0.0,0,BB,PRT,Online TA,TA/TO,0,0,0,A,A,0,No Deposit,240.0,0,Transient,179.0,0,1
Resort Hotel,0,195,2016,July,30,22,2,5,2,0.0,0,BB,FRA,Online TA,TA/TO,0,0,0,A,A,0,No Deposit,240.0,0,Transient,134.86,1,1
Resort Hotel,0,43,2016,July,30,23,2,4,2,0.0,0,BB,ESP,Online TA,TA/TO,0,0,0,D,D,0,No Deposit,240.0,0,Transient,194.0,0,1
Resort Hotel,0,110,2016,July,30,23,2,4,2,0.0,0,BB,PRT,Online TA,TA/TO,0,0,0,E,E,1,No Deposit,240.0,0,Transient-Party,242.0,0,1
Resort Hotel,0,196,2016,July,30,19,2,9,2,0.0,0,HB,PRT,Online TA,TA/TO,0,0,0,D,D,0,No Deposit,240.0,0,Transient,194.73,1,1
Resort Hotel,0,164,2016,July,29,16,4,10,2,0.0,0,BB,CHE,Direct,Direct,0,0,0,F,F,0,No Deposit,250.0,0,Transient,153.0,0,0
Resort Hotel,0,149,2016,July,30,23,2,5,2,0.0,0,FB,PRT,Offline TA/TO,TA/TO,0,0,0,D,D,4,No Deposit,96.0,0,Transient,156.6,0,1
Resort Hotel,0,222,2016,July,30,23,2,5,2,0.0,0,HB,PRT,Direct,Direct,0,0,0,E,E,1,No Deposit,,0,Transient,182.75,0,2
Resort Hotel,0,26,2016,July,31,25,1,4,2,0.0,0,BB,ESP,Online TA,TA/TO,0,0,0,D,D,0,No Deposit,240.0,0,Transient,206.0,1,1
Resort Hotel,0,132,2016,July,30,23,2,5,2,0.0,0,BB,ITA,Direct,Direct,0,0,0,A,A,0,No Deposit,250.0,0,Transient,151.5,0,0
Resort Hotel,0,37,2016,July,31,27,0,3,2,0.0,0,BB,ESP,Direct,Direct,0,0,0,F,G,0,No Deposit,250.0,0,Transient,231.0,1,0
Resort Hotel,0,23,2016,July,31,29,0,1,2,0.0,0,BB,ESP,Online TA,TA/TO,0,0,0,A,C,4,No Deposit,240.0,0,Transient,179.0,0,1
Resort Hotel,0,150,2016,July,30,23,2,5,2,0.0,0,HB,ESP,Direct,Direct,0,0,0,A,A,1,No Deposit,250.0,0,Transient,161.5,0,1
Resort Hotel,0,172,2016,July,31,24,2,4,2,0.0,0,HB,ESP,Offline TA/TO,TA/TO,0,0,0,A,A,1,No Deposit,314.0,0,Transient-Party,126.8,1,2
Resort Hotel,0,172,2016,July,31,24,2,4,2,0.0,0,HB,ESP,Offline TA/TO,TA/TO,0,0,0,A,A,1,No Deposit,314.0,0,Transient-Party,126.8,0,2
Resort Hotel,0,172,2016,July,31,24,2,4,2,0.0,0,HB,ESP,Offline TA/TO,TA/TO,0,0,0,A,A,1,No Deposit,314.0,0,Transient-Party,138.8,1,2
Resort Hotel,0,172,2016,July,31,24,2,4,2,0.0,0,HB,ESP,Offline TA/TO,TA/TO,0,0,0,A,A,1,No Deposit,314.0,0,Transient-Party,126.8,0,2
Resort Hotel,0,172,2016,July,31,24,2,4,2,0.0,0,HB,ESP,Offline TA/TO,TA/TO,0,0,0,A,A,1,No Deposit,314.0,0,Transient-Party,126.8,0,2
Resort Hotel,0,242,2016,July,29,16,4,10,2,0.0,0,BB,DEU,Online TA,TA/TO,0,0,0,G,G,1,No Deposit,240.0,0,Transient,200.0,0,2
Resort Hotel,0,242,2016,July,29,16,4,10,2,0.0,0,BB,DEU,Online TA,TA/TO,0,0,0,D,D,0,No Deposit,240.0,0,Transient,135.0,0,2
Resort Hotel,0,151,2016,July,29,16,4,10,2,0.0,0,BB,NOR,Online TA,TA/TO,0,0,0,A,A,0,No Deposit,241.0,0,Transient,114.41,0,1
Resort Hotel,0,199,2016,July,31,25,1,4,2,0.0,0,BB,PRT,Direct,Direct,0,0,0,E,E,2,No Deposit,,0,Transient-Party,144.5,0,1
Resort Hotel,0,38,2016,July,31,24,2,4,2,0.0,0,BB,GBR,Online TA,TA/TO,0,0,0,D,D,0,No Deposit,240.0,0,Transient,194.0,0,1
Resort Hotel,0,149,2016,July,30,23,2,5,2,0.0,0,BB,NOR,Offline TA/TO,TA/TO,0,0,0,E,E,0,No Deposit,253.0,0,Transient,121.7,0,0
Resort Hotel,0,79,2016,July,31,27,0,3,2,0.0,0,BB,DEU,Direct,Direct,0,0,0,F,F,0,No Deposit,250.0,0,Transient,219.0,1,0
Resort Hotel,0,83,2016,July,31,26,0,4,2,0.0,0,Undefined,PRT,Online TA,TA/TO,0,0,0,D,D,1,No Deposit,240.0,0,Transient,220.5,1,1
Resort Hotel,0,178,2016,July,31,25,1,4,2,0.0,0,BB,PRT,Direct,Direct,0,0,0,A,A,0,No Deposit,,0,Transient,135.0,0,2
Resort Hotel,0,231,2016,July,29,16,4,10,2,0.0,0,BB,GBR,Direct,Direct,0,0,0,D,D,0,No Deposit,250.0,0,Transient,129.5,0,1
Resort Hotel,0,77,2016,July,31,25,1,4,2,0.0,0,HB,PRT,Online TA,TA/TO,0,0,0,D,D,0,No Deposit,241.0,0,Transient,175.24,1,0
Resort Hotel,0,164,2016,July,30,22,2,6,2,0.0,0,BB,GBR,Online TA,TA/TO,0,0,0,E,E,0,No Deposit,241.0,0,Transient,128.18,0,1
Resort Hotel,0,178,2016,July,31,25,1,4,2,0.0,0,BB,PRT,Direct,Direct,0,0,0,A,A,0,No Deposit,,0,Transient,136.6,0,2
Resort Hotel,0,92,2016,July,31,26,0,4,2,0.0,0,BB,USA,Online TA,TA/TO,0,0,0,D,D,0,No Deposit,240.0,0,Transient,213.75,0,1
Resort Hotel,0,1,2016,July,31,30,0,1,2,0.0,0,BB,USA,Direct,TA/TO,0,0,0,D,D,0,No Deposit,,0,Transient,221.0,0,1
Resort Hotel,0,38,2016,July,31,28,0,2,2,0.0,0,BB,USA,Online TA,TA/TO,0,0,0,D,D,0,No Deposit,240.0,0,Transient,194.0,0,1
Resort Hotel,0,1,2016,July,31,30,0,1,2,0.0,0,BB,USA,Direct,TA/TO,0,0,0,D,D,0,No Deposit,,0,Transient,194.0,0,1
Resort Hotel,0,0,2016,July,32,31,2,2,2,0.0,0,BB,USA,Direct,TA/TO,1,0,1,F,F,0,No Deposit,,0,Transient,237.75,0,1
Resort Hotel,0,319,2016,July,30,22,2,6,2,0.0,0,BB,IRL,Offline TA/TO,TA/TO,0,0,0,A,I,1,No Deposit,,0,Transient,116.9,0,1
Resort Hotel,0,250,2016,July,31,30,0,1,2,0.0,0,BB,IRL,Direct,TA/TO,0,0,0,A,A,0,No Deposit,,0,Transient,121.0,0,1
Resort Hotel,0,167,2016,July,31,24,2,5,2,0.0,0,BB,GBR,Offline TA/TO,TA/TO,0,0,0,A,A,0,No Deposit,40.0,0,Contract,92.1,0,0
Resort Hotel,0,37,2016,July,31,30,0,1,2,0.0,0,BB,PRT,Online TA,TA/TO,0,0,0,A,A,1,No Deposit,240.0,0,Transient-Party,179.0,0,0
Resort Hotel,0,8,2016,July,31,29,0,2,2,0.0,0,BB,GBR,Online TA,TA/TO,0,0,0,D,D,0,No Deposit,240.0,0,Transient,214.0,0,1
Resort Hotel,0,184,2016,July,31,24,2,5,2,0.0,0,BB,GBR,Offline TA/TO,TA/TO,0,0,0,A,A,0,No Deposit,243.0,0,Contract,90.1,0,1
Resort Hotel,0,0,2016,July,31,28,0,3,2,0.0,0,BB,GBR,Online TA,TA/TO,0,0,0,A,A,0,No Deposit,240.0,0,Transient,193.67,0,0
Resort Hotel,0,17,2016,July,31,24,2,5,2,0.0,0,BB,PRT,Online TA,TA/TO,0,0,0,A,A,0,No Deposit,240.0,0,Transient,209.0,0,1
Resort Hotel,0,156,2016,July,31,24,2,5,2,0.0,0,HB,PRT,Offline TA/TO,TA/TO,0,0,0,A,A,0,No Deposit,243.0,0,Contract,118.1,0,0
Resort Hotel,0,178,2016,July,31,25,1,5,2,0.0,0,HB,PRT,Direct,Direct,0,0,0,D,D,0,No Deposit,,0,Transient,181.5,1,0
Resort Hotel,0,0,2016,July,31,30,0,1,2,0.0,0,BB,PRT,Direct,Direct,0,0,0,A,A,0,No Deposit,,0,Transient,169.0,0,0
Resort Hotel,0,124,2016,July,31,26,0,5,2,0.0,0,BB,PRT,Direct,Direct,0,0,0,A,A,2,No Deposit,250.0,0,Transient,162.0,0,0
Resort Hotel,0,24,2016,July,31,29,0,2,2,0.0,0,BB,PRT,Online TA,TA/TO,0,0,0,A,A,0,No Deposit,240.0,0,Transient,191.0,1,1
Resort Hotel,0,32,2016,July,31,27,0,4,2,0.0,0,BB,PRT,Online TA,TA/TO,0,0,0,D,F,0,No Deposit,240.0,0,Transient,208.5,0,0
Resort Hotel,0,1,2016,July,31,30,0,1,2,0.0,0,BB,GBR,Online TA,TA/TO,0,0,0,D,D,0,No Deposit,240.0,0,Transient,191.1,1,1
Resort Hotel,0,43,2016,July,31,29,0,2,2,0.0,0,BB,ESP,Online TA,TA/TO,0,0,0,A,A,0,No Deposit,196.0,0,Transient,155.2,0,0
Resort Hotel,0,8,2016,July,31,28,0,3,2,0.0,0,BB,PRT,Direct,Direct,0,0,0,D,D,0,No Deposit,250.0,0,Transient,216.0,1,0
Resort Hotel,0,6,2016,July,31,28,0,3,2,0.0,0,BB,CN,Online TA,TA/TO,0,0,0,A,A,0,No Deposit,240.0,0,Transient,199.0,0,1
Resort Hotel,0,24,2016,July,31,30,0,1,2,0.0,0,BB,AUS,Online TA,TA/TO,0,0,0,A,A,0,No Deposit,240.0,0,Transient,179.0,0,0
Resort Hotel,0,25,2016,July,31,29,0,2,2,0.0,0,BB,ESP,Online TA,TA/TO,0,0,0,A,A,0,No Deposit,240.0,0,Transient,202.0,1,0
Resort Hotel,0,12,2016,July,31,30,0,1,2,0.0,0,BB,PRT,Online TA,TA/TO,0,0,0,A,A,0,No Deposit,240.0,0,Transient,221.0,1,1
Resort Hotel,0,143,2016,July,31,25,1,5,2,0.0,0,BB,FRA,Offline TA/TO,TA/TO,0,0,0,D,D,0,No Deposit,8.0,0,Transient,127.2,1,0
Resort Hotel,0,1,2016,July,31,30,0,1,2,0.0,0,BB,PRT,Direct,Direct,0,0,0,A,A,0,No Deposit,250.0,0,Transient,201.0,1,0
Resort Hotel,0,24,2016,July,31,30,0,1,2,0.0,0,BB,AUS,Online TA,TA/TO,0,0,0,A,A,0,No Deposit,240.0,0,Transient,191.0,0,0
Resort Hotel,0,24,2016,July,31,30,0,1,2,0.0,0,BB,PRT,Online TA,TA/TO,0,0,0,A,A,0,No Deposit,240.0,0,Transient,191.0,0,0
Resort Hotel,0,7,2016,July,31,29,0,2,2,0.0,0,BB,USA,Direct,Direct,0,0,0,F,F,0,No Deposit,250.0,0,Transient,221.1,1,0
Resort Hotel,0,0,2016,July,31,30,0,1,2,0.0,0,BB,PRT,Online TA,TA/TO,0,0,0,D,D,1,No Deposit,240.0,0,Transient,199.0,0,0
Resort Hotel,0,181,2016,July,31,27,0,4,2,0.0,0,BB,ESP,Online TA,TA/TO,0,0,0,A,A,0,No Deposit,240.0,0,Transient,152.0,0,1
Resort Hotel,0,3,2016,July,31,30,0,1,2,0.0,0,BB,CN,Online TA,TA/TO,0,0,0,E,E,1,No Deposit,240.0,0,Transient,241.0,1,1
Resort Hotel,0,37,2016,July,31,30,0,1,2,0.0,0,BB,NLD,Online TA,TA/TO,0,0,0,A,A,0,No Deposit,240.0,0,Transient-Party,179.0,0,0
Resort Hotel,0,27,2016,July,31,28,1,3,2,0.0,0,BB,CN,Online TA,TA/TO,0,0,0,A,A,0,No Deposit,241.0,0,Transient,151.76,0,1
Resort Hotel,0,4,2016,July,31,26,1,5,2,0.0,0,BB,IRL,Online TA,TA/TO,0,0,0,A,A,0,No Deposit,240.0,0,Transient,196.0,0,1
Resort Hotel,0,32,2016,July,31,29,1,2,2,0.0,0,BB,ARE,Online TA,TA/TO,0,0,0,E,E,0,No Deposit,240.0,0,Transient,226.33,1,0
Resort Hotel,0,0,2016,July,31,26,1,5,2,0.0,0,BB,USA,Direct,Direct,0,0,0,A,A,0,No Deposit,,0,Transient,180.0,0,0
Resort Hotel,0,4,2016,July,31,25,2,5,2,0.0,0,BB,BEL,Online TA,TA/TO,0,0,0,D,D,0,No Deposit,240.0,0,Transient,209.71,0,1
Resort Hotel,0,10,2016,August,32,1,0,0,2,0.0,0,BB,PRT,Online TA,TA/TO,0,0,0,A,I,0,No Deposit,241.0,0,Transient,0.0,0,0
Resort Hotel,0,65,2016,July,31,29,1,2,2,0.0,0,BB,FIN,Online TA,TA/TO,0,0,0,D,D,0,No Deposit,242.0,0,Transient,192.67,0,1
Resort Hotel,0,65,2016,July,31,29,1,2,2,0.0,0,BB,FIN,Online TA,TA/TO,0,0,0,D,D,0,No Deposit,242.0,0,Transient,192.67,0,1
Resort Hotel,0,65,2016,July,31,29,1,2,2,0.0,0,BB,FIN,Online TA,TA/TO,0,0,0,D,D,0,No Deposit,242.0,0,Transient,192.67,0,1
Resort Hotel,0,32,2016,July,31,25,2,5,2,0.0,0,BB,ESP,Online TA,TA/TO,0,0,0,E,E,2,No Deposit,240.0,0,Transient,209.0,0,1
Resort Hotel,0,6,2016,July,31,27,1,4,2,0.0,0,BB,GBR,Online TA,TA/TO,0,0,0,A,A,0,No Deposit,240.0,0,Transient-Party,195.0,0,0
Resort Hotel,0,65,2016,July,31,29,1,2,2,0.0,0,BB,FIN,Online TA,TA/TO,0,0,0,D,D,0,No Deposit,242.0,0,Transient,193.33,0,1
Resort Hotel,0,65,2016,July,31,29,1,2,2,0.0,0,BB,FIN,Online TA,TA/TO,0,0,0,D,D,0,No Deposit,242.0,0,Transient,192.67,0,1
Resort Hotel,0,65,2016,July,31,29,1,2,2,0.0,0,BB,FIN,Online TA,TA/TO,0,0,0,D,D,0,No Deposit,242.0,0,Transient,192.67,0,1
Resort Hotel,0,55,2016,July,32,31,1,0,2,0.0,0,BB,NOR,Online TA,TA/TO,0,0,0,A,A,0,No Deposit,240.0,0,Transient,191.0,1,1
Resort Hotel,0,6,2016,July,31,27,1,4,2,0.0,0,BB,ARE,Online TA,TA/TO,0,0,0,A,A,0,No Deposit,240.0,0,Transient-Party,207.0,0,0
Resort Hotel,0,5,2016,July,31,26,1,5,2,0.0,0,HB,PRT,Online TA,TA/TO,0,0,0,A,A,0,No Deposit,240.0,0,Transient,237.67,1,1
Resort Hotel,0,225,2016,July,30,22,3,7,2,0.0,0,BB,IRL,Offline TA/TO,TA/TO,0,0,0,D,D,0,No Deposit,5.0,0,Transient,115.76,0,0
Resort Hotel,0,143,2016,July,31,24,3,5,2,0.0,0,HB,PRT,Offline TA/TO,TA/TO,0,0,0,A,A,0,No Deposit,171.0,0,Transient,124.2,0,0
Resort Hotel,0,26,2016,July,31,30,1,1,2,0.0,0,BB,SGP,Online TA,TA/TO,0,0,0,A,D,0,No Deposit,240.0,0,Transient,192.0,0,1
Resort Hotel,0,185,2016,July,31,25,2,5,2,0.0,0,BB,PRT,Offline TA/TO,TA/TO,0,0,0,A,A,0,No Deposit,243.0,0,Contract,90.1,0,0
Resort Hotel,0,41,2016,July,31,30,1,1,2,0.0,0,BB,SWE,Online TA,TA/TO,0,0,0,A,A,1,No Deposit,240.0,0,Transient,179.0,0,1
Resort Hotel,0,19,2016,July,31,28,1,3,2,0.0,0,Undefined,,Direct,Direct,0,0,0,F,F,0,No Deposit,,0,Transient,288.1,0,3
Resort Hotel,0,17,2016,July,31,28,1,3,2,0.0,0,BB,PRT,Online TA,TA/TO,0,0,0,D,D,0,No Deposit,240.0,0,Transient,236.0,0,1
Resort Hotel,0,4,2016,July,31,30,1,1,2,0.0,0,HB,ESP,Online TA,TA/TO,0,0,0,A,C,0,No Deposit,240.0,0,Transient-Party,219.0,0,1
Resort Hotel,0,68,2016,July,31,25,2,5,2,0.0,0,HB,ROU,Online TA,TA/TO,0,0,0,D,D,2,No Deposit,240.0,0,Transient,217.43,0,0
Resort Hotel,0,188,2016,July,31,25,2,5,2,0.0,0,BB,ROU,Offline TA/TO,TA/TO,0,0,0,D,D,0,No Deposit,11.0,0,Transient,115.2,0,1
Resort Hotel,0,4,2016,July,31,30,1,1,2,0.0,0,HB,GBR,Online TA,TA/TO,0,0,0,A,C,0,No Deposit,240.0,0,Transient-Party,231.0,0,1
Resort Hotel,0,12,2016,July,32,31,1,0,2,0.0,0,BB,ESP,Online TA,TA/TO,0,0,0,A,D,0,No Deposit,240.0,0,Transient,201.0,0,1
Resort Hotel,0,17,2016,August,32,1,0,0,2,0.0,0,BB,QAT,Online TA,TA/TO,0,0,0,A,I,0,No Deposit,240.0,0,Transient,0.0,0,0
Resort Hotel,0,181,2016,July,31,27,2,4,2,0.0,0,BB,GBR,Online TA,TA/TO,0,0,0,A,A,0,No Deposit,242.0,0,Transient,140.0,0,1
Resort Hotel,0,179,2016,July,31,26,2,5,2,0.0,0,HB,GBR,Offline TA/TO,TA/TO,0,0,0,A,A,1,No Deposit,143.0,0,Contract,114.2,0,1
Resort Hotel,0,160,2016,July,31,28,2,3,2,0.0,0,BB,CN,Offline TA/TO,TA/TO,0,0,0,D,D,0,No Deposit,96.0,0,Transient,129.2,0,1
Resort Hotel,0,0,2016,August,32,1,1,0,2,0.0,0,BB,USA,Online TA,TA/TO,0,0,0,A,A,0,No Deposit,306.0,0,Transient,102.49,1,0
Resort Hotel,0,83,2016,July,31,25,3,5,2,0.0,0,BB,ITA,Groups,Corporate,0,0,0,A,A,0,No Deposit,307.0,0,Transient-Party,144.0,1,0
Resort Hotel,0,183,2016,July,30,19,4,10,2,0.0,0,BB,IRL,Offline TA/TO,TA/TO,0,0,0,A,A,0,No Deposit,171.0,0,Transient,102.66,0,0
Resort Hotel,0,328,2017,July,30,26,4,10,2,0.0,0,BB,IRL,Direct,TA/TO,1,0,0,A,A,1,No Deposit,,0,Group,126.66,0,1
Resort Hotel,0,193,2016,July,30,23,4,6,2,0.0,0,BB,PRT,Online TA,TA/TO,0,0,0,A,A,0,No Deposit,240.0,0,Transient,128.0,0,2
Resort Hotel,0,192,2016,July,31,26,2,5,2,0.0,0,BB,IRL,Direct,Direct,0,0,0,D,D,0,No Deposit,250.0,0,Transient,132.36,0,0
Resort Hotel,0,143,2016,July,30,21,4,8,2,0.0,0,BB,CHE,Online TA,TA/TO,0,0,0,D,D,0,No Deposit,240.0,0,Transient-Party,165.0,0,2
Resort Hotel,0,143,2016,July,30,21,4,8,2,0.0,0,BB,CHE,Online TA,TA/TO,0,0,0,A,A,0,No Deposit,240.0,0,Transient-Party,145.0,0,2
Resort Hotel,0,0,2016,July,31,30,2,1,2,0.0,0,BB,RUS,Online TA,TA/TO,0,0,0,A,D,0,No Deposit,240.0,0,Transient,182.33,0,0
Resort Hotel,0,83,2016,July,31,25,3,5,2,0.0,0,BB,ITA,Groups,Corporate,0,0,0,A,A,0,No Deposit,307.0,0,Transient-Party,153.0,1,0
Resort Hotel,0,83,2016,July,31,25,3,5,2,0.0,0,BB,ITA,Groups,Corporate,0,0,0,A,A,0,No Deposit,307.0,0,Transient-Party,144.0,0,0
Resort Hotel,0,113,2016,July,31,26,2,5,2,0.0,0,BB,USA,Direct,Direct,0,0,0,E,E,0,No Deposit,250.0,0,Transient,193.8,0,2
Resort Hotel,0,113,2016,July,31,26,2,5,2,0.0,0,BB,USA,Direct,Direct,0,0,0,E,E,0,No Deposit,250.0,0,Transient,181.8,0,2
Resort Hotel,0,0,2016,August,32,1,1,0,2,0.0,0,BB,ESP,Direct,Direct,0,0,0,F,F,0,No Deposit,,0,Transient,141.0,1,0
Resort Hotel,0,193,2016,July,30,23,4,6,2,0.0,0,BB,PRT,Online TA,TA/TO,0,0,0,A,A,0,No Deposit,240.0,0,Transient,126.0,0,2
Resort Hotel,0,83,2016,July,31,25,3,5,2,0.0,0,BB,PRT,Groups,Corporate,0,0,0,A,A,0,No Deposit,307.0,0,Transient-Party,144.0,0,0
Resort Hotel,0,60,2017,April,16,17,3,5,2,0.0,0,BB,ITA,Groups,Corporate,1,0,1,A,A,0,No Deposit,,0,Transient-Party,90.0,0,1
Resort Hotel,0,1,2016,July,31,30,2,2,2,0.0,0,HB,DEU,Online TA,TA/TO,0,0,0,A,A,0,No Deposit,240.0,0,Transient,229.0,0,0
Resort Hotel,0,174,2016,July,31,27,2,5,2,0.0,0,BB,PRT,Offline TA/TO,TA/TO,0,0,0,A,A,0,No Deposit,314.0,0,Transient,100.8,0,0
Resort Hotel,0,25,2016,July,31,30,2,2,2,0.0,0,BB,ESP,Online TA,TA/TO,0,0,0,D,D,2,No Deposit,240.0,0,Transient,240.5,1,1
Resort Hotel,0,188,2016,July,31,27,2,5,2,0.0,0,BB,GBR,Offline TA/TO,TA/TO,0,0,0,E,E,0,No Deposit,40.0,0,Contract,115.05,0,1
Resort Hotel,0,188,2016,July,31,27,2,5,2,0.0,0,BB,PRT,Offline TA/TO,TA/TO,0,0,0,E,E,0,No Deposit,40.0,0,Contract,113.05,0,1
Resort Hotel,0,103,2016,July,32,31,2,1,2,0.0,0,BB,ESP,Online TA,TA/TO,0,0,0,D,D,1,No Deposit,240.0,0,Transient-Party,209.0,0,1
Resort Hotel,0,103,2016,July,32,31,2,1,2,0.0,0,BB,ESP,Online TA,TA/TO,0,0,0,D,D,1,No Deposit,240.0,0,Transient-Party,221.0,0,1
Resort Hotel,0,58,2016,July,31,30,2,2,2,0.0,0,BB,CN,Online TA,TA/TO,0,0,0,D,D,0,No Deposit,240.0,0,Transient,215.5,0,2
Resort Hotel,0,12,2016,August,32,2,0,1,2,0.0,0,BB,PRT,Direct,Direct,0,0,0,A,A,0,No Deposit,,0,Transient,209.0,0,0
Resort Hotel,0,23,2016,July,31,27,2,5,2,0.0,0,BB,HUN,Online TA,TA/TO,0,0,0,A,A,0,No Deposit,240.0,0,Transient,187.57,0,1
Resort Hotel,0,145,2016,July,31,24,4,6,2,0.0,0,BB,GBR,Offline TA/TO,TA/TO,0,0,0,A,A,0,No Deposit,171.0,0,Transient,102.6,0,0
Resort Hotel,0,147,2016,July,31,27,2,5,2,0.0,0,BB,GBR,Offline TA/TO,TA/TO,0,0,0,A,A,0,No Deposit,171.0,0,Transient,102.51,0,0
Resort Hotel,0,145,2016,July,31,25,3,6,2,0.0,0,BB,NLD,Offline TA/TO,TA/TO,0,0,0,E,E,0,No Deposit,128.0,0,Transient,121.7,0,0
Resort Hotel,0,175,2016,July,31,25,3,6,2,0.0,0,BB,NLD,Offline TA/TO,TA/TO,0,0,0,D,D,0,No Deposit,71.0,0,Transient,128.0,0,0
Resort Hotel,0,301,2016,July,31,27,2,5,2,0.0,0,BB,IRL,Online TA,TA/TO,0,0,0,A,A,0,No Deposit,240.0,0,Transient,128.0,0,2
Resort Hotel,0,126,2016,July,31,27,2,5,2,0.0,0,BB,ESP,Online TA,TA/TO,0,0,0,D,D,0,No Deposit,240.0,0,Transient,200.29,0,0
Resort Hotel,0,191,2016,July,30,23,4,7,2,0.0,0,BB,IRL,Online TA,TA/TO,0,0,0,A,A,0,No Deposit,240.0,0,Transient,126.0,0,1
Resort Hotel,0,1,2016,August,32,2,0,1,2,0.0,0,BB,PRT,Direct,Direct,0,0,0,D,D,2,No Deposit,250.0,0,Transient,241.0,0,0
Resort Hotel,0,1,2016,August,32,3,0,1,2,0.0,0,BB,PRT,Direct,Direct,0,0,0,D,D,0,No Deposit,,0,Group,241.0,0,0
Resort Hotel,0,23,2016,July,31,28,2,4,2,0.0,0,BB,ITA,Online TA,TA/TO,0,0,0,A,A,0,No Deposit,240.0,0,Transient,203.0,1,0
Resort Hotel,0,1,2016,August,32,3,0,0,2,0.0,0,BB,ESP,Direct,Direct,0,0,0,A,E,0,No Deposit,250.0,0,Transient,0.0,0,1
Resort Hotel,0,220,2016,July,31,25,3,7,2,0.0,0,BB,PRT,Online TA,TA/TO,0,0,0,E,E,0,No Deposit,242.0,0,Transient,171.5,1,1
Resort Hotel,0,161,2016,July,31,25,3,7,2,0.0,0,BB,ESP,Offline TA/TO,TA/TO,0,0,0,D,D,1,No Deposit,430.0,0,Transient,120.38,0,0
Resort Hotel,0,154,2016,July,30,21,4,10,2,0.0,0,BB,GBR,Offline TA/TO,TA/TO,0,0,0,A,A,0,No Deposit,243.0,0,Transient,108.0,0,0
Resort Hotel,0,161,2016,July,31,28,2,5,2,0.0,0,BB,GBR,Offline TA/TO,TA/TO,0,0,0,D,D,0,No Deposit,243.0,0,Transient,125.0,0,1
Resort Hotel,0,161,2016,July,31,28,2,5,2,0.0,0,BB,GBR,Offline TA/TO,TA/TO,0,0,0,A,A,0,No Deposit,243.0,0,Contract,90.1,0,1
Resort Hotel,0,1,2016,August,32,3,0,1,2,0.0,0,BB,AUS,Direct,Direct,0,0,0,D,D,0,No Deposit,,0,Transient,189.0,0,0
Resort Hotel,0,1,2016,August,32,3,0,1,2,0.0,0,BB,PRT,Direct,Direct,0,0,0,E,E,0,No Deposit,250.0,0,Transient,151.0,0,1
Resort Hotel,0,179,2016,July,32,31,2,2,2,0.0,0,BB,CN,Offline TA/TO,TA/TO,0,0,0,A,A,0,No Deposit,96.0,0,Transient-Party,103.5,0,1
Resort Hotel,0,179,2016,July,32,31,2,2,2,0.0,0,BB,CN,Offline TA/TO,TA/TO,0,0,0,A,A,0,No Deposit,96.0,0,Transient-Party,105.5,0,1
Resort Hotel,0,171,2016,July,32,31,2,2,2,0.0,0,BB,CN,Offline TA/TO,TA/TO,0,0,0,A,A,1,No Deposit,96.0,0,Transient,111.8,0,0
Resort Hotel,0,173,2016,July,31,25,3,7,2,0.0,0,BB,CHE,Offline TA/TO,TA/TO,0,0,0,D,D,0,No Deposit,36.0,0,Transient,117.2,0,1
Resort Hotel,0,173,2016,July,31,25,3,7,2,0.0,0,BB,CHE,Offline TA/TO,TA/TO,0,0,0,A,A,0,No Deposit,36.0,0,Transient,100.8,0,1
Resort Hotel,0,136,2016,July,31,30,2,3,2,0.0,0,BB,CN,Online TA,TA/TO,0,0,0,A,C,0,No Deposit,240.0,0,Transient,187.4,1,2
Resort Hotel,0,53,2016,July,31,30,2,3,2,0.0,0,BB,GBR,Online TA,TA/TO,0,0,0,F,G,0,No Deposit,241.0,0,Transient,175.56,0,1
Resort Hotel,0,126,2016,August,32,1,1,2,2,0.0,0,BB,CHE,Online TA,TA/TO,0,0,0,D,D,0,No Deposit,240.0,0,Transient,211.0,1,1
Resort Hotel,0,9,2016,August,32,2,0,2,2,0.0,0,HB,ESP,Online TA,TA/TO,0,0,0,A,A,0,No Deposit,240.0,0,Transient,251.0,0,0
Resort Hotel,0,159,2016,July,32,31,2,2,2,0.0,0,BB,CN,Offline TA/TO,TA/TO,0,0,0,A,A,0,No Deposit,96.0,0,Transient,102.8,0,0
Resort Hotel,0,51,2016,August,32,3,0,1,2,0.0,0,BB,PRT,Online TA,TA/TO,0,0,0,A,H,0,No Deposit,240.0,0,Transient,201.0,0,0
Resort Hotel,0,163,2016,July,32,31,2,2,2,0.0,0,BB,CN,Offline TA/TO,TA/TO,0,0,0,A,A,0,No Deposit,96.0,0,Transient,102.8,0,0
Resort Hotel,0,163,2016,July,32,31,2,2,2,0.0,0,BB,CN,Offline TA/TO,TA/TO,0,0,0,A,A,0,No Deposit,96.0,0,Transient,100.8,0,1
Resort Hotel,0,185,2016,July,32,31,2,2,2,0.0,0,BB,CN,Offline TA/TO,TA/TO,0,0,0,A,A,0,No Deposit,96.0,0,Transient,105.5,0,0
Resort Hotel,0,163,2016,July,32,31,2,2,2,0.0,0,BB,CN,Offline TA/TO,TA/TO,0,0,0,A,A,0,No Deposit,96.0,0,Transient,100.8,0,1
Resort Hotel,0,167,2016,July,32,31,2,2,2,0.0,0,BB,PRT,Offline TA/TO,TA/TO,0,0,0,A,A,1,Non Refund,96.0,0,Transient-Party,100.8,0,1
Resort Hotel,0,187,2016,July,32,31,2,2,2,0.0,0,BB,PRT,Offline TA/TO,TA/TO,0,0,0,A,A,0,No Deposit,96.0,0,Transient-Party,95.4,0,1
Resort Hotel,0,187,2016,July,32,31,2,2,2,0.0,0,BB,CN,Offline TA/TO,TA/TO,0,0,0,A,A,0,No Deposit,96.0,0,Transient-Party,95.4,0,1
Resort Hotel,0,1,2016,August,32,3,0,1,2,0.0,0,BB,ESP,Online TA,TA/TO,0,0,0,E,E,0,No Deposit,240.0,0,Transient,149.0,0,1
Resort Hotel,0,8,2016,August,32,1,1,2,2,0.0,0,HB,ESP,Online TA,TA/TO,0,0,0,A,A,0,No Deposit,240.0,0,Transient,251.0,0,1
Resort Hotel,0,1,2016,August,32,3,0,1,2,0.0,0,BB,PRT,Online TA,TA/TO,0,0,0,E,E,0,No Deposit,240.0,0,Transient,199.0,0,1
Resort Hotel,0,0,2016,August,32,2,0,2,2,0.0,0,BB,AUS,Online TA,TA/TO,0,0,0,A,A,1,No Deposit,240.0,0,Transient,219.0,0,0
Resort Hotel,0,54,2016,July,32,31,2,3,2,0.0,0,BB,GBR,Online TA,TA/TO,0,0,0,F,F,0,No Deposit,241.0,0,Transient,168.98,0,1
Resort Hotel,0,52,2016,July,31,29,2,5,2,0.0,0,BB,ROU,Online TA,TA/TO,0,0,0,D,D,0,No Deposit,240.0,0,Transient,216.57,1,0
Resort Hotel,0,56,2016,August,32,2,0,3,2,0.0,0,BB,ESP,Direct,Direct,0,0,0,A,A,2,No Deposit,250.0,0,Transient,199.0,0,2
Resort Hotel,0,166,2016,August,32,1,1,3,2,0.0,0,BB,FRA,Offline TA/TO,TA/TO,0,0,0,E,F,0,No Deposit,8.0,0,Transient,140.0,0,0
Resort Hotel,0,218,2016,July,32,31,2,3,2,0.0,0,BB,CHE,Offline TA/TO,TA/TO,0,0,0,D,D,1,No Deposit,36.0,0,Transient,117.19,0,0
Resort Hotel,0,96,2016,August,32,1,1,3,2,0.0,0,HB,PRT,Online TA,TA/TO,0,0,0,D,D,0,No Deposit,240.0,0,Transient,241.0,0,0
Resort Hotel,0,191,2016,July,32,31,2,3,2,0.0,0,BB,PRT,Direct,Direct,0,0,0,E,E,1,No Deposit,,0,Transient,150.35,0,2
Resort Hotel,0,34,2016,August,32,2,0,3,2,0.0,0,BB,CHE,Online TA,TA/TO,0,0,0,A,A,0,No Deposit,241.0,0,Transient,165.23,0,0
Resort Hotel,0,170,2016,July,32,31,2,3,2,0.0,0,HB,PRT,Offline TA/TO,TA/TO,0,0,0,A,A,3,No Deposit,96.0,0,Transient,138.8,0,2
Resort Hotel,0,1,2016,August,32,3,0,2,2,0.0,0,BB,IRL,Direct,Direct,0,0,0,A,C,2,No Deposit,,0,Transient,201.0,0,0
Resort Hotel,0,147,2016,July,32,31,2,3,2,0.0,0,BB,PRT,Direct,Direct,0,0,0,D,D,0,No Deposit,250.0,0,Transient,171.5,1,0
Resort Hotel,0,151,2016,August,32,1,1,3,2,0.0,0,BB,CN,Offline TA/TO,TA/TO,0,0,0,D,D,0,No Deposit,96.0,0,Transient,115.2,0,1
Resort Hotel,0,151,2016,August,32,1,1,3,2,0.0,0,BB,CN,Offline TA/TO,TA/TO,0,0,0,D,D,0,No Deposit,96.0,0,Transient,117.2,0,1
Resort Hotel,0,151,2016,August,32,1,1,3,2,0.0,0,BB,CN,Offline TA/TO,TA/TO,0,0,0,D,D,0,No Deposit,96.0,0,Transient,115.2,0,0
Resort Hotel,0,1,2016,August,32,3,0,2,2,0.0,0,BB,ESP,Online TA,TA/TO,0,0,0,A,A,0,No Deposit,196.0,0,Transient,211.0,0,0
Resort Hotel,0,112,2016,August,32,1,1,3,2,0.0,0,BB,PRT,Online TA,TA/TO,0,0,0,D,D,0,No Deposit,240.0,0,Transient,221.0,0,1
Resort Hotel,0,121,2016,July,31,29,2,6,2,0.0,0,BB,ITA,Online TA,TA/TO,0,0,0,E,E,0,No Deposit,240.0,0,Transient,221.38,0,1
Resort Hotel,0,161,2016,July,31,30,2,5,2,0.0,0,Undefined,PRT,Offline TA/TO,TA/TO,0,0,0,A,A,0,No Deposit,181.0,0,Transient,150.8,1,0
Resort Hotel,0,180,2016,August,32,1,1,4,2,0.0,0,HB,PRT,Online TA,TA/TO,0,0,0,A,A,1,No Deposit,241.0,0,Transient,138.6,0,2
Resort Hotel,0,180,2016,August,32,1,1,4,2,0.0,0,HB,PRT,Online TA,TA/TO,0,0,0,A,A,1,No Deposit,241.0,0,Transient,138.6,0,2
Resort Hotel,0,136,2016,August,32,4,0,2,2,0.0,0,HB,GBR,Online TA,TA/TO,0,0,0,A,D,0,No Deposit,240.0,0,Transient,223.0,0,1
Resort Hotel,0,180,2016,July,31,27,2,8,2,0.0,0,BB,IRL,Offline TA/TO,TA/TO,0,0,0,D,D,0,No Deposit,115.0,0,Transient,115.2,0,1
Resort Hotel,0,187,2016,July,31,30,2,5,2,0.0,0,FB,PRT,Direct,Direct,0,0,0,A,A,1,No Deposit,250.0,0,Transient,173.79,0,0
Resort Hotel,0,152,2016,August,32,1,1,4,2,0.0,0,BB,PRT,Online TA,TA/TO,0,0,0,A,A,0,No Deposit,240.0,0,Transient,172.0,0,2
Resort Hotel,0,12,2016,August,32,2,0,4,2,0.0,0,BB,IRL,Online TA,TA/TO,0,0,0,A,A,0,No Deposit,240.0,0,Transient,221.0,0,1
Resort Hotel,0,153,2016,July,32,31,2,4,2,0.0,0,BB,PRT,Direct,Direct,0,0,0,A,A,0,No Deposit,250.0,0,Transient-Party,139.5,0,1
Resort Hotel,0,93,2016,August,32,2,0,4,2,0.0,0,BB,PRT,Online TA,TA/TO,0,0,0,A,A,0,No Deposit,240.0,0,Transient-Party,189.0,0,0
Resort Hotel,0,93,2016,August,32,2,0,4,2,0.0,0,BB,PRT,Online TA,TA/TO,0,0,0,A,A,0,No Deposit,240.0,0,Transient-Party,189.0,0,0
Resort Hotel,0,181,2016,July,30,22,4,11,2,0.0,0,BB,IRL,Online TA,TA/TO,0,0,0,D,D,0,No Deposit,240.0,0,Transient,160.53,0,0
Resort Hotel,0,158,2016,July,31,30,2,5,2,0.0,0,HB,NOR,Offline TA/TO,TA/TO,0,0,0,E,E,0,No Deposit,253.0,0,Transient,143.1,0,0
Resort Hotel,0,57,2016,August,32,4,0,2,2,0.0,0,BB,GBR,Online TA,TA/TO,0,0,0,A,A,0,No Deposit,241.0,0,Transient,157.53,0,1
Resort Hotel,0,196,2016,August,32,1,1,5,2,0.0,0,BB,DEU,Offline TA/TO,TA/TO,0,0,0,A,A,0,No Deposit,69.0,0,Transient,90.1,0,0
Resort Hotel,0,6,2016,August,32,3,0,4,2,0.0,0,HB,ESP,Online TA,TA/TO,0,0,0,D,D,0,No Deposit,240.0,0,Transient,273.5,0,0
Resort Hotel,0,191,2016,July,31,30,2,6,2,0.0,0,BB,LUX,Direct,Direct,0,0,0,D,D,0,No Deposit,250.0,0,Transient,146.94,1,0
Resort Hotel,0,214,2017,August,32,10,2,5,2,0.0,0,BB,LUX,Direct,Direct,1,0,1,D,D,0,No Deposit,250.0,0,Group,179.4,1,1
Resort Hotel,0,1,2016,August,32,5,0,2,2,0.0,0,BB,ESP,Online TA,TA/TO,0,0,0,F,F,0,No Deposit,241.0,0,Transient,196.42,0,1
Resort Hotel,0,117,2016,August,32,1,1,5,2,0.0,0,HB,ITA,Online TA,TA/TO,0,0,0,D,D,0,No Deposit,240.0,0,Transient,253.0,1,1
Resort Hotel,0,0,2016,August,33,7,0,0,2,0.0,0,BB,PRT,Direct,Direct,1,0,0,A,A,0,No Deposit,,0,Transient,0.0,0,0
Resort Hotel,0,15,2016,August,32,2,0,5,2,0.0,0,BB,ESP,Online TA,TA/TO,0,0,0,A,A,0,No Deposit,240.0,0,Transient,219.0,0,1
Resort Hotel,0,34,2016,July,32,31,2,5,2,0.0,0,HB,PRT,Online TA,TA/TO,0,0,0,D,D,0,No Deposit,,0,Transient,253.0,1,1
Resort Hotel,0,16,2016,August,32,5,0,2,2,0.0,0,HB,NLD,Online TA,TA/TO,0,0,0,A,D,1,No Deposit,240.0,0,Transient-Party,251.0,0,0
Resort Hotel,0,152,2016,August,32,2,0,5,2,0.0,0,BB,PRT,Online TA,TA/TO,0,0,0,A,A,0,No Deposit,240.0,0,Transient,174.0,0,2
Resort Hotel,0,152,2016,August,32,2,0,5,2,0.0,0,BB,PRT,Online TA,TA/TO,0,0,0,A,A,0,No Deposit,240.0,0,Transient,162.0,0,2
Resort Hotel,0,37,2016,August,32,5,0,2,2,0.0,0,HB,ESP,Online TA,TA/TO,0,0,0,D,D,0,No Deposit,240.0,0,Transient,246.0,0,2
Resort Hotel,0,0,2016,August,32,5,0,2,2,0.0,0,BB,PRT,Online TA,TA/TO,0,0,0,A,A,0,No Deposit,240.0,0,Transient,219.0,0,1
Resort Hotel,0,60,2016,August,32,4,0,3,2,0.0,0,BB,PRT,Online TA,TA/TO,0,0,0,D,D,0,No Deposit,240.0,0,Transient,221.0,0,2
Resort Hotel,0,2,2016,August,33,7,1,0,2,0.0,0,BB,PRT,Direct,TA/TO,0,0,0,A,A,0,No Deposit,,0,Transient,167.0,0,2
Resort Hotel,0,114,2016,August,32,6,0,1,2,0.0,0,BB,PRT,Online TA,TA/TO,0,0,0,A,A,0,No Deposit,240.0,0,Transient,189.0,0,1
Resort Hotel,0,4,2016,August,32,4,0,3,2,0.0,0,BB,PRT,Online TA,TA/TO,0,0,0,A,A,0,No Deposit,240.0,0,Transient-Party,232.33,0,0
Resort Hotel,0,15,2016,August,32,4,0,3,2,0.0,0,BB,PRT,Online TA,TA/TO,0,0,0,A,A,0,No Deposit,241.0,0,Transient,168.63,0,1
Resort Hotel,0,4,2016,August,32,4,0,3,2,0.0,0,BB,PRT,Online TA,TA/TO,0,0,0,A,A,0,No Deposit,240.0,0,Transient-Party,268.33,0,0
Resort Hotel,0,4,2016,August,32,6,0,1,2,0.0,0,BB,PRT,Online TA,TA/TO,0,0,0,A,A,0,No Deposit,240.0,0,Transient,231.0,0,1
Resort Hotel,0,203,2016,August,32,1,2,5,2,0.0,0,BB,IRL,Online TA,TA/TO,0,0,0,A,A,0,No Deposit,240.0,0,Transient,127.71,0,1
Resort Hotel,0,9,2016,August,32,5,1,2,2,0.0,0,BB,GBR,Online TA,TA/TO,0,0,0,A,A,0,No Deposit,240.0,0,Transient,215.67,0,0
Resort Hotel,0,315,2016,July,31,25,4,10,2,0.0,0,BB,GBR,Offline TA/TO,TA/TO,0,0,0,E,E,2,No Deposit,40.0,0,Contract,113.05,0,1
Resort Hotel,0,180,2016,August,32,1,2,5,2,0.0,0,BB,PRT,Online TA,TA/TO,0,0,0,E,E,2,No Deposit,240.0,0,Transient,187.0,0,1
Resort Hotel,0,25,2016,August,33,7,1,0,2,0.0,0,BB,DEU,Offline TA/TO,TA/TO,0,0,0,D,F,1,No Deposit,251.0,0,Transient,131.0,0,0
Resort Hotel,0,192,2016,July,31,29,3,7,2,0.0,0,HB,DEU,Offline TA/TO,TA/TO,0,0,0,A,A,0,No Deposit,69.0,0,Transient,114.2,0,0
Resort Hotel,0,100,2016,August,32,6,1,1,2,0.0,0,BB,ESP,Online TA,TA/TO,0,0,0,A,A,0,No Deposit,240.0,0,Transient,201.0,1,0
Resort Hotel,0,18,2016,August,32,3,1,4,2,0.0,0,BB,GBR,Online TA,TA/TO,0,0,0,A,A,0,No Deposit,314.0,0,Transient,175.2,0,0
Resort Hotel,0,111,2016,August,32,1,2,5,2,0.0,0,BB,PRT,Direct,Direct,0,0,0,A,A,0,No Deposit,,0,Transient,221.0,1,1
Resort Hotel,0,187,2017,August,31,1,2,5,2,0.0,0,BB,PRT,Direct,Direct,1,0,1,D,D,0,No Deposit,,0,Transient,175.23,1,1
Resort Hotel,0,1,2016,August,33,7,1,0,2,0.0,0,BB,IRL,Direct,Direct,0,0,0,A,A,0,No Deposit,,0,Transient,169.0,0,0
Resort Hotel,0,214,2016,August,32,1,2,5,2,0.0,0,BB,PRT,Online TA,TA/TO,0,0,0,A,A,0,No Deposit,240.0,0,Transient,138.0,0,1
Resort Hotel,0,76,2016,August,32,6,1,1,2,0.0,0,BB,PRT,Online TA,TA/TO,0,0,0,A,A,0,No Deposit,240.0,0,Transient,203.0,1,0
Resort Hotel,0,0,2016,August,32,6,1,1,2,0.0,0,BB,FRA,Online TA,TA/TO,0,0,0,A,A,0,No Deposit,240.0,0,Transient,212.05,0,1
Resort Hotel,0,104,2016,August,32,3,1,4,2,0.0,0,HB,ESP,Direct,Direct,0,0,0,D,D,0,No Deposit,250.0,0,Transient,249.0,0,1
Resort Hotel,0,200,2016,July,31,29,3,7,2,0.0,0,BB,NLD,Online TA,TA/TO,0,0,0,D,D,0,No Deposit,240.0,0,Transient,146.0,0,1
Resort Hotel,0,7,2016,August,32,5,1,2,2,0.0,0,HB,PRT,Online TA,TA/TO,0,0,0,A,A,0,No Deposit,240.0,0,Transient,251.0,0,1
Resort Hotel,0,3,2016,August,33,7,1,0,2,0.0,0,BB,ESP,Online TA,TA/TO,0,0,0,A,A,0,No Deposit,240.0,0,Transient,177.0,0,1
Resort Hotel,0,12,2016,August,32,4,1,3,2,0.0,0,BB,ESP,Online TA,TA/TO,0,0,0,A,A,0,No Deposit,240.0,0,Transient,236.0,0,0
Resort Hotel,0,145,2016,August,32,1,2,5,2,0.0,0,HB,PRT,Online TA,TA/TO,0,0,0,D,D,0,No Deposit,240.0,0,Transient,214.86,0,1
Resort Hotel,0,90,2016,August,32,6,1,1,2,0.0,0,BB,ESP,Online TA,TA/TO,0,0,0,A,A,0,No Deposit,240.0,0,Transient,179.0,0,0
Resort Hotel,0,90,2016,August,32,6,1,1,2,0.0,0,BB,ESP,Online TA,TA/TO,0,0,0,A,A,0,No Deposit,240.0,0,Transient,191.0,0,1
Resort Hotel,0,180,2016,August,32,1,2,5,2,0.0,0,FB,ROU,Offline TA/TO,TA/TO,0,0,0,D,D,0,No Deposit,11.0,0,Transient,174.0,0,0
Resort Hotel,0,1,2016,August,32,6,1,1,2,0.0,0,BB,ARG,Online TA,TA/TO,0,0,0,A,A,0,No Deposit,240.0,0,Transient,200.05,0,1
Resort Hotel,0,177,2016,August,32,1,2,5,2,0.0,0,Undefined,PRT,Offline TA/TO,TA/TO,0,0,0,A,A,1,No Deposit,314.0,0,Transient,150.8,0,2
Resort Hotel,0,180,2016,August,32,1,2,5,2,0.0,0,HB,ROU,Offline TA/TO,TA/TO,0,0,0,D,D,0,No Deposit,11.0,0,Transient,154.0,0,0
Resort Hotel,0,174,2016,August,32,1,2,5,2,0.0,0,Undefined,PRT,Offline TA/TO,TA/TO,0,0,0,A,A,1,No Deposit,196.0,0,Transient-Party,177.5,0,2
Resort Hotel,0,0,2016,August,33,7,1,0,2,0.0,0,BB,PRT,Direct,Direct,0,0,0,A,A,0,No Deposit,,0,Transient,134.1,0,0
Resort Hotel,0,3,2016,August,33,7,1,0,2,0.0,0,BB,PRT,Online TA,TA/TO,0,0,0,A,A,0,No Deposit,240.0,0,Transient,165.0,0,1
Resort Hotel,0,97,2016,August,32,1,2,5,2,0.0,0,BB,FRA,Online TA,TA/TO,0,0,0,D,D,0,No Deposit,240.0,0,Transient,223.0,1,2
Resort Hotel,0,200,2016,August,32,2,2,5,2,0.0,0,BB,GBR,Offline TA/TO,TA/TO,0,0,0,E,E,0,No Deposit,8.0,0,Transient,128.0,0,0
Resort Hotel,0,1,2016,August,32,5,2,2,2,0.0,0,BB,RUS,Direct,Direct,0,0,0,F,F,0,No Deposit,250.0,0,Transient,230.0,0,0
Resort Hotel,0,207,2016,July,32,31,4,5,2,0.0,0,BB,GBR,Offline TA/TO,TA/TO,0,0,0,A,A,0,No Deposit,40.0,0,Contract,92.1,0,0
Resort Hotel,0,5,2016,August,33,8,1,0,2,0.0,0,BB,CHE,Direct,Direct,0,0,0,E,E,0,No Deposit,250.0,0,Transient,210.6,0,0
Resort Hotel,0,70,2016,August,32,4,2,3,2,0.0,0,HB,ESP,Online TA,TA/TO,0,0,0,D,D,0,No Deposit,240.0,0,Transient,245.0,0,1
Resort Hotel,0,180,2016,July,32,31,4,5,2,0.0,0,BB,PRT,Offline TA/TO,TA/TO,0,0,0,A,A,0,No Deposit,314.0,0,Transient,112.8,0,0
Resort Hotel,0,56,2016,August,32,5,2,2,2,0.0,0,BB,FRA,Online TA,TA/TO,0,0,0,D,D,0,No Deposit,240.0,0,Transient,209.0,0,1
Resort Hotel,0,51,2016,August,32,5,2,2,2,0.0,0,BB,BRA,Online TA,TA/TO,0,0,0,A,A,0,No Deposit,240.0,0,Transient,202.5,0,1
Resort Hotel,0,56,2016,August,32,5,2,2,2,0.0,0,BB,MAR,Online TA,TA/TO,0,0,0,D,D,0,No Deposit,240.0,0,Transient,223.0,1,1
Resort Hotel,0,133,2016,August,32,5,2,2,2,0.0,0,BB,PRT,Direct,Direct,0,0,0,A,A,0,No Deposit,250.0,0,Transient,203.0,1,0
Resort Hotel,0,5,2016,August,33,7,2,0,2,0.0,0,BB,PRT,Online TA,TA/TO,0,0,0,D,D,0,No Deposit,240.0,0,Transient,209.75,0,1
Resort Hotel,0,12,2016,August,35,25,0,2,2,0.0,0,BB,PRT,Online TA,TA/TO,1,0,1,A,C,0,No Deposit,240.0,0,Transient,211.0,0,1
Resort Hotel,0,182,2017,August,33,13,2,1,2,0.0,0,BB,PRT,Online TA,TA/TO,1,0,2,D,D,0,No Deposit,240.0,0,Transient,207.33,0,1
Resort Hotel,0,0,2016,August,33,8,1,0,2,0.0,0,BB,PRT,Direct,Direct,0,0,0,H,H,0,No Deposit,,0,Transient,271.0,0,0
Resort Hotel,0,154,2016,August,32,2,2,5,2,0.0,0,BB,IRL,Direct,Direct,0,0,0,F,F,1,No Deposit,250.0,0,Transient,183.0,0,0
Resort Hotel,0,113,2016,August,32,4,2,3,2,0.0,0,BB,PRT,Online TA,TA/TO,0,0,0,A,A,0,No Deposit,240.0,0,Transient,201.0,1,1
Resort Hotel,0,4,2016,August,32,6,2,1,2,0.0,0,BB,GBR,Online TA,TA/TO,0,0,0,G,G,0,No Deposit,241.0,0,Transient,203.11,0,1
Resort Hotel,0,3,2016,August,33,8,1,0,2,0.0,0,BB,PRT,Online TA,TA/TO,0,0,0,E,E,0,No Deposit,240.0,0,Transient,236.0,0,1
Resort Hotel,0,14,2016,August,32,4,2,3,2,0.0,0,HB,ESP,Online TA,TA/TO,0,0,0,A,A,0,No Deposit,240.0,0,Transient,262.6,1,1
Resort Hotel,0,141,2016,August,32,3,2,5,2,0.0,0,BB,NLD,Online TA,TA/TO,0,0,0,A,A,0,No Deposit,242.0,0,Transient,126.0,0,0
Resort Hotel,0,141,2016,August,32,3,2,5,2,0.0,0,BB,PRT,Online TA,TA/TO,0,0,0,A,A,0,No Deposit,242.0,0,Transient,128.0,0,2
Resort Hotel,0,180,2016,August,32,4,2,4,2,0.0,0,BB,CN,Offline TA/TO,TA/TO,0,0,0,E,E,0,No Deposit,96.0,0,Transient-Party,126.0,0,1
Resort Hotel,0,180,2016,August,32,4,2,4,2,0.0,0,BB,CN,Offline TA/TO,TA/TO,0,0,0,E,E,0,No Deposit,96.0,0,Transient-Party,126.0,0,1
Resort Hotel,0,180,2016,August,32,4,2,4,2,0.0,0,BB,CN,Offline TA/TO,TA/TO,0,0,0,E,E,0,No Deposit,96.0,0,Transient-Party,126.0,0,0
Resort Hotel,0,152,2016,August,32,3,2,5,2,0.0,0,HB,ROU,Offline TA/TO,TA/TO,0,0,0,D,D,0,No Deposit,75.0,0,Transient,134.1,0,1
Resort Hotel,0,108,2016,August,32,3,2,5,2,0.0,0,BB,PRT,Online TA,TA/TO,0,0,0,D,D,0,No Deposit,240.0,0,Transient,209.0,0,1
Resort Hotel,0,83,2016,August,32,4,2,4,2,0.0,0,BB,ESP,Direct,Direct,0,0,0,F,E,0,No Deposit,250.0,0,Transient,216.0,1,3
Resort Hotel,0,45,2016,August,33,8,1,1,2,0.0,0,BB,ESP,Online TA,TA/TO,0,0,0,C,B,0,No Deposit,241.0,0,Transient,173.25,0,0
Resort Hotel,0,47,2016,August,33,10,2,6,2,0.0,0,BB,ESP,Online TA,TA/TO,0,0,0,F,E,0,No Deposit,241.0,0,Transient,185.96,0,1
Resort Hotel,0,207,2016,August,32,1,3,6,2,0.0,0,BB,IRL,Online TA,TA/TO,0,0,0,D,D,0,No Deposit,240.0,0,Transient,146.0,0,2
Resort Hotel,0,107,2016,August,32,6,2,2,2,0.0,0,BB,ESP,Online TA,TA/TO,0,0,0,A,A,0,No Deposit,240.0,0,Transient,192.0,1,1
Resort Hotel,0,207,2016,August,32,1,3,6,2,0.0,0,BB,IRL,Online TA,TA/TO,0,0,0,D,D,0,No Deposit,240.0,0,Transient,144.0,0,2
Resort Hotel,0,179,2016,August,33,9,0,1,2,0.0,0,BB,PRT,Direct,Direct,0,0,0,F,G,2,No Deposit,250.0,0,Transient,288.0,1,0
Resort Hotel,0,151,2016,August,32,1,3,6,2,0.0,0,HB,GBR,Online TA,TA/TO,0,0,0,D,D,0,No Deposit,241.0,0,Transient,166.66,0,1
Resort Hotel,0,187,2016,August,33,8,1,1,2,0.0,0,BB,CN,Direct,TA/TO,0,0,0,A,D,0,No Deposit,,0,Transient,140.0,0,2
Resort Hotel,0,161,2016,August,32,3,2,5,2,0.0,0,BB,PRT,Offline TA/TO,TA/TO,0,0,0,A,A,0,No Deposit,420.0,0,Transient,125.5,0,2
Resort Hotel,0,132,2016,August,32,3,2,5,2,0.0,0,HB,PRT,Direct,Direct,0,0,0,D,D,1,No Deposit,250.0,0,Transient-Party,229.0,0,0
Resort Hotel,0,194,2016,July,31,30,4,7,2,0.0,0,BB,IRL,Direct,Direct,0,0,0,F,F,0,No Deposit,250.0,0,Transient,156.48,0,0
Resort Hotel,0,9,2016,August,33,7,2,1,2,0.0,0,BB,BRA,Online TA,TA/TO,0,0,0,A,A,0,No Deposit,240.0,0,Transient,227.0,0,1
Resort Hotel,0,132,2016,August,32,3,2,5,2,0.0,0,HB,PRT,Direct,Direct,0,0,0,D,I,1,No Deposit,250.0,0,Transient-Party,229.0,0,0
Resort Hotel,0,138,2016,August,33,10,0,0,2,0.0,0,BB,GBR,Online TA,TA/TO,0,0,0,E,I,0,No Deposit,240.0,0,Transient,0.0,0,1
Resort Hotel,0,204,2016,August,32,5,2,4,2,0.0,0,BB,CHE,Online TA,TA/TO,0,0,0,E,F,0,No Deposit,242.0,0,Transient,159.5,0,2
Resort Hotel,0,204,2016,August,32,5,2,4,2,0.0,0,BB,CHE,Online TA,TA/TO,0,0,0,E,F,0,No Deposit,242.0,0,Transient,159.5,0,2
Resort Hotel,0,204,2016,August,32,5,2,4,2,0.0,0,BB,CHE,Online TA,TA/TO,0,0,0,E,F,0,No Deposit,242.0,0,Transient,159.5,0,2
Resort Hotel,0,188,2016,July,31,28,4,10,2,0.0,0,HB,GBR,Offline TA/TO,TA/TO,0,0,0,A,A,0,No Deposit,243.0,0,Contract,116.1,0,0
Resort Hotel,0,159,2016,August,32,2,2,7,2,0.0,0,Undefined,PRT,Offline TA/TO,TA/TO,0,0,0,D,D,0,No Deposit,314.0,0,Transient,191.6,0,0
Resort Hotel,0,34,2016,August,32,6,2,3,2,0.0,0,BB,PRT,Online TA,TA/TO,0,0,0,A,A,2,No Deposit,240.0,0,Transient,211.0,1,1
Resort Hotel,0,195,2016,August,32,4,2,5,2,0.0,0,HB,GBR,Offline TA/TO,TA/TO,0,0,0,A,A,0,No Deposit,243.0,0,Contract,116.1,0,0
Resort Hotel,0,195,2016,August,32,4,2,5,2,0.0,0,HB,GBR,Offline TA/TO,TA/TO,0,0,0,A,A,0,No Deposit,243.0,0,Contract,116.1,0,0
Resort Hotel,0,8,2016,August,33,10,0,1,2,0.0,0,BB,PRT,Online TA,TA/TO,0,0,0,E,E,0,No Deposit,240.0,0,Transient,244.0,0,1
Resort Hotel,0,233,2016,August,32,1,3,7,2,0.0,0,HB,LTU,Online TA,TA/TO,0,0,0,A,A,1,No Deposit,240.0,0,Transient,156.0,0,1
Resort Hotel,0,151,2016,August,32,6,2,3,2,0.0,0,BB,CHE,Online TA,TA/TO,0,0,0,F,E,0,No Deposit,241.0,0,Transient,159.27,0,2
Resort Hotel,0,50,2016,August,32,5,2,4,2,0.0,0,HB,FRA,Offline TA/TO,TA/TO,0,0,0,C,C,1,No Deposit,426.0,0,Transient-Party,231.17,0,0
Resort Hotel,0,50,2016,August,32,5,2,4,2,0.0,0,HB,FRA,Offline TA/TO,TA/TO,0,0,0,C,C,1,No Deposit,426.0,0,Transient-Party,241.5,0,0
Resort Hotel,0,8,2016,August,33,10,0,1,2,0.0,0,BB,PRT,Direct,Direct,0,0,0,D,E,0,No Deposit,250.0,0,Transient,219.0,0,0
Resort Hotel,0,50,2016,August,32,5,2,4,2,0.0,0,HB,FRA,Offline TA/TO,TA/TO,0,0,0,C,C,1,No Deposit,426.0,0,Transient-Party,243.5,0,0
Resort Hotel,0,34,2016,August,33,7,2,2,2,0.0,0,BB,IRL,Online TA,TA/TO,0,0,0,A,A,0,No Deposit,240.0,0,Transient,221.0,0,0
Resort Hotel,0,145,2016,August,33,8,1,2,2,0.0,0,BB,PRT,Online TA,TA/TO,0,0,0,A,A,0,No Deposit,241.0,0,Transient,137.83,0,0
Resort Hotel,0,136,2016,August,33,7,2,2,2,0.0,0,BB,PRT,Online TA,TA/TO,0,0,0,D,D,0,No Deposit,241.0,0,Transient,165.23,0,1
Resort Hotel,0,83,2016,August,32,1,3,7,2,0.0,0,BB,FRA,Direct,Direct,0,0,0,E,E,1,No Deposit,250.0,0,Transient,202.0,0,2
Resort Hotel,0,83,2016,August,32,1,3,7,2,0.0,0,BB,FRA,Direct,Direct,0,0,0,E,E,0,No Deposit,250.0,0,Transient,216.0,0,2
Resort Hotel,0,151,2016,August,33,8,1,2,2,0.0,0,BB,USA,Online TA,TA/TO,0,0,0,G,G,0,No Deposit,241.0,0,Transient,204.5,0,0
Resort Hotel,0,194,2016,August,33,7,2,2,2,0.0,0,BB,PRT,Offline TA/TO,TA/TO,0,0,0,A,A,0,No Deposit,96.0,0,Transient,97.4,0,1
Resort Hotel,0,194,2016,August,33,7,2,2,2,0.0,0,BB,PRT,Offline TA/TO,TA/TO,0,0,0,A,A,0,No Deposit,96.0,0,Transient,97.4,0,1
Resort Hotel,0,52,2016,August,33,7,2,2,2,0.0,0,BB,ESP,Online TA,TA/TO,0,0,0,A,A,0,No Deposit,240.0,0,Transient,195.0,0,1
Resort Hotel,0,151,2016,August,33,8,1,2,2,0.0,0,BB,USA,Online TA,TA/TO,0,0,0,A,A,0,No Deposit,241.0,0,Transient,132.9,0,2
Resort Hotel,0,230,2016,July,31,29,4,10,2,0.0,0,BB,BEL,Online TA,TA/TO,0,0,0,A,A,0,No Deposit,242.0,0,Transient,126.0,0,1
Resort Hotel,0,200,2016,August,32,2,2,8,2,0.0,0,BB,GBR,Offline TA/TO,TA/TO,0,0,0,E,D,0,No Deposit,8.0,0,Transient,126.0,0,0
Resort Hotel,0,136,2016,August,33,7,2,3,2,0.0,0,BB,PRT,Direct,Direct,0,0,0,A,A,0,No Deposit,,0,Transient,193.0,0,0
Resort Hotel,0,17,2016,August,33,8,1,3,2,0.0,0,HB,CN,Online TA,TA/TO,0,0,0,A,A,0,No Deposit,240.0,0,Transient-Party,256.0,0,2
Resort Hotel,0,17,2016,August,33,8,1,3,2,0.0,0,HB,CN,Online TA,TA/TO,0,0,0,A,A,0,No Deposit,240.0,0,Transient-Party,268.0,0,2
Resort Hotel,0,7,2016,August,33,11,0,1,2,0.0,0,BB,ITA,Online TA,TA/TO,0,0,0,A,A,0,No Deposit,240.0,0,Transient,231.0,1,0
Resort Hotel,0,172,2016,August,32,6,2,4,2,0.0,0,BB,ESP,Online TA,TA/TO,0,0,0,A,A,0,No Deposit,240.0,0,Transient,174.0,0,1
Resort Hotel,0,206,2016,July,31,29,4,10,2,0.0,0,BB,FRA,Online TA,TA/TO,0,0,0,A,A,0,No Deposit,240.0,0,Transient,138.0,1,1
Resort Hotel,0,0,2016,August,33,11,0,1,2,0.0,0,BB,PRT,Direct,Direct,0,0,0,E,E,0,No Deposit,,0,Transient,229.0,0,0
Resort Hotel,0,14,2016,August,33,10,0,2,2,0.0,0,BB,TUR,Online TA,TA/TO,0,0,0,A,D,0,No Deposit,240.0,0,Transient,231.0,0,0
Resort Hotel,0,37,2016,August,33,8,1,3,2,0.0,0,BB,IRL,Online TA,TA/TO,0,0,0,D,D,0,No Deposit,240.0,0,Transient,216.0,0,1
Resort Hotel,0,17,2016,August,33,8,1,3,2,0.0,0,BB,ESP,Online TA,TA/TO,0,0,0,A,A,0,No Deposit,240.0,0,Transient,224.0,0,0
Resort Hotel,0,5,2016,August,33,11,0,1,2,0.0,0,BB,IRL,Direct,Direct,0,0,0,A,D,0,No Deposit,250.0,0,Transient,189.0,0,0
Resort Hotel,0,13,2016,August,33,9,0,3,2,0.0,0,HB,ESP,Online TA,TA/TO,0,0,0,A,D,0,No Deposit,240.0,0,Transient,261.0,0,0
Resort Hotel,0,2,2016,August,33,9,0,3,2,0.0,0,BB,PRT,Online TA,TA/TO,0,0,0,A,F,0,No Deposit,240.0,0,Transient,197.67,0,0
Resort Hotel,0,35,2016,August,33,8,1,3,2,0.0,0,BB,PRT,Online TA,TA/TO,0,0,0,D,D,0,No Deposit,240.0,0,Transient,243.0,1,1
Resort Hotel,0,107,2016,August,33,9,0,3,2,0.0,0,BB,PRT,Online TA,TA/TO,0,0,0,D,D,0,No Deposit,240.0,0,Transient-Party,211.0,0,0
Resort Hotel,0,107,2016,August,33,9,0,3,2,0.0,0,BB,PRT,Online TA,TA/TO,0,0,0,D,D,0,No Deposit,240.0,0,Transient-Party,221.0,0,2
Resort Hotel,0,0,2016,August,33,11,0,1,2,0.0,0,BB,PRT,Direct,Direct,0,0,0,D,D,0,No Deposit,,0,Transient,219.0,0,0
Resort Hotel,0,13,2016,August,33,8,1,3,2,0.0,0,BB,ESP,Online TA,TA/TO,0,0,0,A,A,0,No Deposit,240.0,0,Transient,224.0,0,0
Resort Hotel,0,8,2016,August,33,10,0,2,2,0.0,0,BB,ESP,Online TA,TA/TO,0,0,0,E,E,0,No Deposit,240.0,0,Transient,261.0,0,1
Resort Hotel,0,9,2016,August,33,11,0,1,2,0.0,0,BB,ESP,Online TA,TA/TO,0,0,0,A,A,0,No Deposit,240.0,0,Transient,219.0,0,1
Resort Hotel,0,193,2016,August,32,6,2,4,2,0.0,0,BB,GBR,Online TA,TA/TO,0,0,0,D,D,0,No Deposit,240.0,0,Transient,172.0,1,1
Resort Hotel,0,0,2016,August,33,11,0,1,2,0.0,0,BB,IRL,Online TA,TA/TO,0,0,0,E,E,0,No Deposit,240.0,0,Transient,244.0,0,1
Resort Hotel,0,66,2016,August,32,5,2,5,2,0.0,0,BB,ESP,Online TA,TA/TO,0,0,0,D,D,0,No Deposit,240.0,0,Transient,221.0,1,1
Resort Hotel,0,91,2016,August,33,8,1,4,2,0.0,0,HB,PRT,Direct,Direct,0,0,0,A,A,0,No Deposit,250.0,0,Transient,215.0,0,1
Resort Hotel,0,91,2016,August,33,8,1,4,2,0.0,0,HB,PRT,Direct,Direct,0,0,0,A,A,0,No Deposit,250.0,0,Transient,215.0,0,1
Resort Hotel,0,38,2016,August,33,12,0,1,2,0.0,0,BB,AUS,Online TA,TA/TO,0,0,0,D,D,0,No Deposit,314.0,0,Transient,195.2,1,0
Resort Hotel,0,44,2016,August,33,10,0,3,2,0.0,0,BB,MAR,Online TA,TA/TO,0,0,0,A,A,0,No Deposit,240.0,0,Transient,201.0,0,1
Resort Hotel,0,26,2016,August,33,11,0,2,2,0.0,0,BB,ESP,Online TA,TA/TO,0,0,0,A,A,3,No Deposit,240.0,0,Transient,233.0,1,1
Resort Hotel,0,166,2016,August,33,8,1,4,2,0.0,0,BB,PRT,Offline TA/TO,TA/TO,0,0,0,A,A,0,No Deposit,314.0,0,Transient,127.2,0,0
Resort Hotel,0,21,2016,August,33,11,0,2,2,0.0,0,HB,ESP,Online TA,TA/TO,0,0,0,E,F,0,No Deposit,240.0,0,Transient,296.0,0,0
Resort Hotel,0,135,2016,August,33,9,0,4,2,0.0,0,BB,IRL,Online TA,TA/TO,0,0,0,A,A,0,No Deposit,241.0,0,Transient,137.83,0,2
Resort Hotel,0,136,2016,August,33,7,2,4,2,0.0,0,BB,PRT,Online TA,TA/TO,0,0,0,A,A,0,No Deposit,240.0,0,Transient,181.0,0,1
Resort Hotel,0,17,2016,August,32,6,2,5,2,0.0,0,BB,PRT,Online TA,TA/TO,0,0,0,A,A,3,No Deposit,240.0,0,Transient,251.07,0,2
Resort Hotel,0,89,2016,August,32,6,2,5,2,0.0,0,HB,URY,Online TA,TA/TO,0,0,0,D,D,0,No Deposit,240.0,0,Transient,235.29,0,1
Resort Hotel,0,16,2016,August,33,10,0,3,2,0.0,0,BB,PRT,Direct,Direct,0,0,0,D,D,0,No Deposit,,0,Transient,227.1,1,0
Resort Hotel,0,85,2016,August,32,6,2,5,2,0.0,0,BB,PRT,Online TA,TA/TO,0,0,0,D,D,0,No Deposit,240.0,0,Transient,213.57,0,1
Resort Hotel,0,30,2016,August,32,3,2,8,2,0.0,0,BB,PRT,Online TA,TA/TO,0,0,0,A,A,0,No Deposit,240.0,0,Transient,221.0,1,1
Resort Hotel,0,138,2016,August,33,7,2,4,2,0.0,0,HB,ESP,Online TA,TA/TO,0,0,0,D,D,0,No Deposit,240.0,0,Transient,244.67,1,0
Resort Hotel,0,241,2016,August,33,7,2,4,2,0.0,0,BB,CHE,Online TA,TA/TO,0,0,0,E,E,1,No Deposit,240.0,0,Transient,157.5,0,1
Resort Hotel,0,2,2016,August,33,11,0,2,2,0.0,0,BB,ESP,Online TA,TA/TO,0,0,0,E,E,0,No Deposit,240.0,0,Transient,189.0,0,1
Resort Hotel,0,36,2016,August,33,10,0,3,2,0.0,0,BB,SWE,Online TA,TA/TO,0,0,0,D,D,0,No Deposit,240.0,0,Transient,229.0,0,1
Resort Hotel,0,22,2016,August,33,7,2,4,2,0.0,0,BB,ESP,Online TA,TA/TO,0,0,0,A,A,1,No Deposit,240.0,0,Transient,219.0,0,1
Resort Hotel,0,205,2016,August,32,6,2,5,2,0.0,0,BB,GBR,Online TA,TA/TO,0,0,0,E,E,0,No Deposit,241.0,0,Transient,117.21,0,1
Resort Hotel,0,119,2016,August,32,6,2,5,2,0.0,0,HB,PRT,Offline TA/TO,TA/TO,0,0,0,D,D,0,No Deposit,5.0,0,Transient,155.71,0,0
Resort Hotel,0,37,2016,August,33,11,0,2,2,0.0,0,BB,ESP,Online TA,TA/TO,0,0,0,E,E,0,No Deposit,240.0,0,Transient,256.0,0,1
Resort Hotel,0,106,2016,August,33,8,1,4,2,0.0,0,BB,TUR,Online TA,TA/TO,0,0,0,D,D,0,No Deposit,240.0,0,Transient,209.0,0,1
Resort Hotel,0,194,2016,July,31,30,4,10,2,0.0,0,BB,GBR,Offline TA/TO,TA/TO,0,0,0,D,D,0,No Deposit,2.0,0,Contract,106.55,0,0
Resort Hotel,0,184,2016,July,32,31,4,10,2,0.0,0,BB,GBR,Offline TA/TO,TA/TO,0,0,0,E,E,0,No Deposit,40.0,0,Contract,115.05,0,0
Resort Hotel,0,42,2016,August,33,10,0,4,2,0.0,0,BB,ESP,Online TA,TA/TO,0,0,0,E,E,0,No Deposit,240.0,0,Transient,243.0,0,1
Resort Hotel,0,17,2016,August,33,11,0,3,2,0.0,0,BB,ITA,Online TA,TA/TO,0,0,0,E,E,0,No Deposit,240.0,0,Transient,272.67,0,1
Resort Hotel,0,45,2016,August,33,11,0,3,2,0.0,0,BB,FRA,Online TA,TA/TO,0,0,0,A,A,0,No Deposit,240.0,0,Transient,213.0,0,1
Resort Hotel,0,194,2016,August,33,7,2,5,2,0.0,0,BB,GBR,Offline TA/TO,TA/TO,0,0,0,D,D,0,No Deposit,26.0,0,Transient,113.35,0,0
Resort Hotel,0,164,2016,August,32,6,2,6,2,0.0,0,BB,FRA,Offline TA/TO,TA/TO,0,0,0,D,D,0,No Deposit,314.0,0,Transient-Party,131.6,0,0
Resort Hotel,0,157,2016,August,33,8,1,5,2,0.0,0,BB,FRA,Online TA,TA/TO,0,0,0,A,A,0,No Deposit,240.0,0,Transient,184.0,0,0
Resort Hotel,0,131,2016,August,33,8,1,5,2,0.0,0,HB,PRT,Online TA,TA/TO,0,0,0,A,A,0,No Deposit,240.0,0,Transient,211.0,0,2
Resort Hotel,0,112,2016,August,33,8,1,5,2,0.0,0,BB,PRT,Online TA,TA/TO,0,0,0,A,A,0,No Deposit,240.0,0,Transient-Party,189.0,0,1
Resort Hotel,0,112,2016,August,33,8,1,5,2,0.0,0,BB,PRT,Online TA,TA/TO,0,0,0,A,A,0,No Deposit,240.0,0,Transient-Party,199.0,0,1
Resort Hotel,0,164,2016,August,32,6,2,6,2,0.0,0,BB,FRA,Offline TA/TO,TA/TO,0,0,0,D,D,0,No Deposit,314.0,0,Transient-Party,131.1,0,0
Resort Hotel,0,56,2016,August,33,9,0,5,2,0.0,0,HB,ESP,Online TA,TA/TO,0,0,0,D,D,0,No Deposit,240.0,0,Transient,253.0,1,1
Resort Hotel,0,213,2016,August,33,8,1,5,2,0.0,0,BB,PRT,Online TA,TA/TO,0,0,0,A,A,0,No Deposit,240.0,0,Transient,126.0,0,2
Resort Hotel,0,10,2016,August,33,11,0,3,2,0.0,0,BB,ESP,Online TA,TA/TO,0,0,0,A,A,0,No Deposit,240.0,0,Transient-Party,249.67,0,0
Resort Hotel,0,39,2016,August,33,12,0,2,2,0.0,0,HB,GBR,Online TA,TA/TO,0,0,0,D,E,0,No Deposit,240.0,0,Transient,263.0,0,1
Resort Hotel,0,6,2016,August,33,13,0,1,2,0.0,0,BB,ESP,Online TA,TA/TO,0,0,0,A,D,0,No Deposit,240.0,0,Transient,209.0,0,2
Resort Hotel,0,1,2016,August,33,13,0,1,2,0.0,0,BB,ITA,Online TA,TA/TO,0,0,0,D,D,0,No Deposit,240.0,0,Transient,241.0,1,0
Resort Hotel,0,107,2016,August,33,8,1,5,2,0.0,0,HB,PRT,Online TA,TA/TO,0,0,0,A,A,0,No Deposit,240.0,0,Transient,221.0,0,0
Resort Hotel,0,42,2016,August,32,1,3,10,2,0.0,0,BB,PRT,Online TA,TA/TO,0,0,0,A,A,0,No Deposit,,0,Transient,198.23,0,1
Resort Hotel,0,184,2016,August,32,4,2,8,2,0.0,0,BB,IRL,Online TA,TA/TO,0,0,0,D,D,0,No Deposit,240.0,0,Transient,162.0,0,2
Resort Hotel,0,172,2016,August,34,15,3,6,2,0.0,0,BB,GBR,Offline TA/TO,TA/TO,0,0,0,A,A,0,No Deposit,314.0,0,Transient,117.2,0,0
Resort Hotel,0,2,2016,August,33,12,1,2,2,0.0,0,BB,CHE,Online TA,TA/TO,0,0,0,E,E,0,No Deposit,240.0,0,Transient,239.67,0,1
Resort Hotel,0,1,2016,August,34,14,1,0,2,0.0,0,BB,PRT,Direct,Direct,0,0,0,A,A,0,No Deposit,,0,Transient,211.0,0,1
Resort Hotel,0,122,2016,August,32,4,3,8,2,0.0,0,HB,ESP,Online TA,TA/TO,0,0,0,A,A,0,No Deposit,240.0,0,Transient-Party,221.0,0,0
Resort Hotel,0,51,2016,August,33,9,1,5,2,0.0,0,BB,ESP,Online TA,TA/TO,0,0,0,D,D,0,No Deposit,240.0,0,Transient,221.0,1,1
Resort Hotel,0,122,2016,August,32,4,3,8,2,0.0,0,HB,ESP,Online TA,TA/TO,0,0,0,A,A,0,No Deposit,240.0,0,Transient-Party,221.0,0,1
Resort Hotel,0,207,2016,August,33,12,1,2,2,0.0,0,BB,PRT,Online TA,TA/TO,0,0,0,A,D,0,No Deposit,240.0,0,Transient,152.0,1,0
Resort Hotel,0,17,2016,August,34,14,1,0,2,0.0,0,BB,DEU,Offline TA/TO,TA/TO,0,0,0,E,E,0,No Deposit,251.0,0,Transient,215.0,0,1
Resort Hotel,0,160,2016,August,33,8,2,5,2,0.0,0,HB,PRT,Offline TA/TO,TA/TO,0,0,0,D,D,2,No Deposit,314.0,0,Transient,164.8,0,0
Resort Hotel,0,97,2016,August,33,12,1,2,2,0.0,0,BB,PRT,Direct,Direct,0,0,0,A,A,1,No Deposit,,0,Transient,198.5,1,1
Resort Hotel,0,11,2016,August,33,13,1,1,2,0.0,0,BB,ESP,Online TA,TA/TO,0,0,0,D,D,0,No Deposit,240.0,0,Transient,239.0,0,0
Resort Hotel,0,25,2016,August,33,12,1,2,2,0.0,0,HB,ESP,Online TA,TA/TO,0,0,0,A,A,0,No Deposit,240.0,0,Transient,263.0,0,1
Resort Hotel,0,208,2016,August,33,8,2,5,2,0.0,0,BB,PRT,Online TA,TA/TO,0,0,0,A,A,0,No Deposit,240.0,0,Transient,126.0,0,1
Resort Hotel,0,194,2016,August,32,6,3,6,2,0.0,0,HB,PRT,Online TA,TA/TO,0,0,0,D,D,0,No Deposit,240.0,0,Transient,190.0,0,0
Resort Hotel,0,87,2016,August,33,12,1,2,2,0.0,0,BB,PRT,Direct,Direct,0,0,0,A,A,0,No Deposit,,0,Transient,189.0,0,1
Resort Hotel,0,12,2016,August,33,13,1,1,2,0.0,0,BB,ESP,Online TA,TA/TO,0,0,0,E,E,0,No Deposit,240.0,0,Transient,270.0,0,1
Resort Hotel,0,10,2016,August,33,10,1,4,2,0.0,0,BB,ESP,Online TA,TA/TO,0,0,0,A,A,0,No Deposit,240.0,0,Transient,251.0,1,0
Resort Hotel,0,17,2016,August,33,9,1,5,2,0.0,0,BB,FRA,Online TA,TA/TO,0,0,0,A,A,0,No Deposit,240.0,0,Transient,227.67,0,1
Resort Hotel,0,102,2016,August,33,12,1,2,2,0.0,0,BB,ESP,Online TA,TA/TO,0,0,0,A,D,0,No Deposit,240.0,0,Transient,189.0,0,1
Resort Hotel,0,131,2016,August,33,8,2,5,2,0.0,0,HB,PRT,Direct,Direct,0,0,0,A,A,2,No Deposit,,0,Transient-Party,206.1,0,1
Resort Hotel,0,131,2016,August,33,8,2,5,2,0.0,0,HB,PRT,Direct,Direct,0,0,0,D,D,1,No Deposit,,0,Transient-Party,180.1,0,1
Resort Hotel,0,92,2016,August,33,9,1,5,2,0.0,0,BB,PRT,Online TA,TA/TO,0,0,0,D,D,0,No Deposit,240.0,0,Transient,207.33,0,1
Resort Hotel,0,147,2016,August,33,10,1,4,2,0.0,0,HB,NLD,Offline TA/TO,TA/TO,0,0,0,D,D,0,No Deposit,128.0,0,Transient,138.7,0,1
Resort Hotel,0,214,2016,August,33,9,1,5,2,0.0,0,HB,PRT,Online TA,TA/TO,0,0,0,A,A,2,No Deposit,,0,Transient,160.0,0,1
Resort Hotel,0,86,2016,August,33,12,1,2,2,0.0,0,BB,PRT,Online TA,TA/TO,0,0,0,E,E,0,No Deposit,240.0,0,Transient,236.0,1,1
Resort Hotel,0,71,2016,August,33,12,1,2,2,0.0,0,BB,ESP,Online TA,TA/TO,0,0,0,A,A,0,No Deposit,240.0,0,Transient,189.0,0,0
Resort Hotel,0,2,2016,August,34,14,1,0,2,0.0,0,BB,AUS,Online TA,TA/TO,0,0,0,A,A,0,No Deposit,240.0,0,Transient,209.0,0,1
Resort Hotel,0,8,2016,August,33,13,1,1,2,0.0,0,HB,ESP,Online TA,TA/TO,0,0,0,E,F,0,No Deposit,240.0,0,Transient,286.0,0,1
Resort Hotel,0,110,2016,August,33,8,2,5,2,0.0,0,BB,PRT,Online TA,TA/TO,0,0,0,A,A,0,No Deposit,240.0,0,Transient,199.29,0,1
Resort Hotel,0,110,2016,August,33,8,2,5,2,0.0,0,BB,PRT,Online TA,TA/TO,0,0,0,A,A,0,No Deposit,240.0,0,Transient,199.29,0,1
Resort Hotel,0,65,2016,August,33,12,1,2,2,0.0,0,HB,PRT,Online TA,TA/TO,0,0,0,D,C,0,No Deposit,240.0,0,Transient,278.5,0,1
Resort Hotel,0,117,2016,August,33,12,1,2,2,0.0,0,HB,ESP,Online TA,TA/TO,0,0,0,D,D,0,No Deposit,240.0,0,Transient,253.0,1,1
Resort Hotel,0,42,2016,August,33,11,1,3,2,0.0,0,BB,PRT,Online TA,TA/TO,0,0,0,C,C,0,No Deposit,196.0,0,Transient-Party,235.0,0,0
Resort Hotel,0,42,2016,August,33,11,1,3,2,0.0,0,BB,PRT,Online TA,TA/TO,0,0,0,C,B,0,No Deposit,196.0,0,Transient-Party,235.0,0,0
Resort Hotel,0,96,2016,August,34,15,0,0,2,0.0,0,BB,PRT,Online TA,TA/TO,0,0,0,A,I,0,No Deposit,240.0,0,Transient,0.0,0,2
Resort Hotel,0,199,2016,August,33,9,2,5,2,0.0,0,HB,GBR,Offline TA/TO,TA/TO,0,0,0,E,E,0,No Deposit,40.0,0,Contract,142.76,0,0
Resort Hotel,0,122,2016,August,33,13,2,1,2,0.0,0,BB,GBR,Online TA,TA/TO,0,0,0,A,A,2,No Deposit,241.0,0,Transient,145.53,0,1
Resort Hotel,0,83,2016,August,33,10,2,4,2,0.0,0,BB,FRA,Direct,Direct,0,0,0,D,D,0,No Deposit,250.0,0,Transient-Party,186.6,0,0
Resort Hotel,0,203,2016,August,34,15,1,0,2,0.0,0,BB,PRT,Offline TA/TO,TA/TO,0,0,0,D,I,0,No Deposit,36.0,0,Transient,139.99,0,0
Resort Hotel,0,204,2016,August,34,16,1,5,2,0.0,0,BB,PRT,Offline TA/TO,TA/TO,0,0,0,D,D,0,No Deposit,36.0,0,Transient,139.99,0,0
Resort Hotel,0,131,2016,August,33,8,3,5,2,0.0,0,SC,PRT,Online TA,TA/TO,0,0,0,A,I,1,No Deposit,240.0,0,Transient,10.5,0,2
Resort Hotel,0,83,2017,August,32,7,1,5,2,0.0,0,BB,ITA,Online TA,TA/TO,1,0,0,A,A,0,No Deposit,240.0,0,Transient,230.0,0,2
Resort Hotel,0,3,2016,August,33,11,2,3,2,0.0,0,BB,ESP,Direct,Direct,0,0,0,F,F,0,No Deposit,,0,Transient,236.0,0,1
Resort Hotel,0,43,2016,August,33,12,2,2,2,0.0,0,BB,ESP,Online TA,TA/TO,0,0,0,A,A,0,No Deposit,241.0,0,Transient,153.23,0,1
Resort Hotel,0,63,2016,August,34,14,2,0,2,0.0,0,BB,ITA,Online TA,TA/TO,0,0,0,A,A,0,No Deposit,240.0,0,Transient,191.0,0,1
Resort Hotel,0,203,2016,August,32,5,4,7,2,0.0,0,BB,ITA,Online TA,TA/TO,0,0,0,D,D,0,No Deposit,240.0,0,Transient,172.0,0,1
Resort Hotel,0,75,2016,August,33,13,2,1,2,0.0,0,BB,CHE,Online TA,TA/TO,0,0,0,D,D,0,No Deposit,240.0,0,Transient,221.0,0,1
Resort Hotel,0,17,2016,August,33,12,2,2,2,0.0,0,HB,FRA,Online TA,TA/TO,0,0,0,A,A,3,No Deposit,240.0,0,Transient,270.5,0,1
Resort Hotel,0,24,2016,August,34,14,2,0,2,0.0,0,BB,IRL,Online TA,TA/TO,0,0,0,A,A,0,No Deposit,240.0,0,Transient,219.0,0,1
Resort Hotel,0,175,2016,August,33,8,3,5,2,0.0,0,BB,IRL,Online TA,TA/TO,0,0,0,E,E,0,No Deposit,241.0,0,Transient,153.39,0,2
Resort Hotel,0,218,2016,August,33,13,2,1,2,0.0,0,BB,ITA,Online TA,TA/TO,0,0,0,A,A,0,No Deposit,240.0,0,Transient,126.0,0,2
Resort Hotel,0,246,2016,August,32,2,4,10,2,0.0,0,HB,GBR,Offline TA/TO,TA/TO,0,0,0,D,D,0,No Deposit,40.0,0,Contract,134.55,0,0
Resort Hotel,0,161,2016,August,33,9,2,5,2,0.0,0,BB,CHE,Online TA,TA/TO,0,0,0,A,A,1,No Deposit,240.0,0,Transient,182.0,0,1
Resort Hotel,0,16,2016,August,33,13,2,1,2,0.0,0,HB,ESP,Online TA,TA/TO,0,0,0,D,D,0,No Deposit,240.0,0,Transient,293.0,0,1
Resort Hotel,0,16,2016,August,33,13,2,1,2,0.0,0,HB,ESP,Online TA,TA/TO,0,0,0,A,A,0,No Deposit,240.0,0,Transient,261.0,0,1
Resort Hotel,0,45,2016,August,34,14,2,0,2,0.0,0,HB,ESP,Online TA,TA/TO,0,0,0,A,A,0,No Deposit,240.0,0,Transient,243.0,0,1
Resort Hotel,0,2,2016,August,34,14,2,0,2,0.0,0,HB,PRT,Direct,Direct,0,0,0,A,A,0,No Deposit,,0,Transient,253.0,0,1
Resort Hotel,0,1,2016,August,34,16,0,1,2,0.0,0,BB,PRT,Direct,Direct,0,0,0,D,D,0,No Deposit,,0,Transient,219.0,0,1
Resort Hotel,0,1,2016,August,34,15,1,0,2,0.0,0,HB,PRT,Online TA,TA/TO,0,0,0,A,A,0,No Deposit,240.0,0,Transient,253.0,1,1
Resort Hotel,0,11,2016,August,34,15,1,0,2,0.0,0,BB,PRT,Online TA,TA/TO,0,0,0,D,D,0,No Deposit,240.0,0,Transient,261.0,1,0
Resort Hotel,0,147,2016,August,33,8,3,5,2,0.0,0,BB,SWE,Online TA,TA/TO,0,0,0,D,D,0,No Deposit,240.0,0,Transient,201.0,0,0
Resort Hotel,0,20,2016,August,33,13,2,1,2,0.0,0,HB,ESP,Online TA,TA/TO,0,0,0,A,A,0,No Deposit,240.0,0,Transient,257.67,0,2
Resort Hotel,0,201,2016,August,33,13,2,1,2,0.0,0,BB,PRT,Offline TA/TO,TA/TO,0,0,0,D,D,0,No Deposit,430.0,0,Transient,123.0,0,0
Resort Hotel,0,21,2016,August,33,10,2,5,2,0.0,0,BB,PRT,Direct,Direct,0,0,0,F,F,0,No Deposit,250.0,0,Transient,228.6,0,0
Resort Hotel,0,145,2016,August,33,13,2,2,2,0.0,0,BB,ITA,Direct,Direct,0,0,0,A,A,0,No Deposit,,0,Transient-Party,156.6,0,0
Resort Hotel,0,116,2016,August,33,11,2,4,2,0.0,0,HB,ITA,Direct,Direct,0,0,0,D,D,1,No Deposit,250.0,0,Transient,235.67,0,1
Resort Hotel,0,93,2016,August,34,14,2,1,2,0.0,0,BB,CHE,Online TA,TA/TO,0,0,0,D,E,0,No Deposit,240.0,0,Transient,216.33,0,1
Resort Hotel,0,24,2016,August,33,12,2,3,2,0.0,0,BB,GBR,Online TA,TA/TO,0,0,0,A,A,0,No Deposit,240.0,0,Transient,219.0,0,1
Resort Hotel,0,197,2016,August,33,10,2,5,2,0.0,0,HB,ITA,Online TA,TA/TO,0,0,0,A,A,0,No Deposit,240.0,0,Transient,182.0,0,1
Resort Hotel,0,4,2016,August,34,14,2,1,2,0.0,0,HB,PRT,Online TA,TA/TO,0,0,0,D,E,0,No Deposit,15.0,0,Transient,208.8,0,0
Resort Hotel,0,207,2016,August,33,10,2,5,2,0.0,0,BB,DEU,Online TA,TA/TO,0,0,0,D,D,0,No Deposit,241.0,0,Transient,105.34,0,1
Resort Hotel,0,6,2016,August,34,16,0,1,2,0.0,0,BB,FRA,Direct,Direct,0,0,0,D,D,0,No Deposit,250.0,0,Transient,251.0,1,1
Resort Hotel,0,214,2016,August,33,10,2,5,2,0.0,0,BB,PRT,Online TA,TA/TO,0,0,0,A,A,0,No Deposit,240.0,0,Transient,126.0,0,1
Resort Hotel,0,185,2016,August,33,13,2,2,2,0.0,0,BB,ITA,Offline TA/TO,TA/TO,0,0,0,A,A,0,No Deposit,175.0,0,Transient-Party,114.0,0,0
Resort Hotel,0,1,2016,August,34,16,0,1,2,0.0,0,BB,ISR,Online TA,TA/TO,0,0,0,A,C,0,No Deposit,240.0,0,Transient,209.0,0,1
Resort Hotel,0,189,2016,August,33,10,2,5,2,0.0,0,BB,PRT,Direct,Direct,0,0,0,A,A,0,No Deposit,250.0,0,Transient,140.0,1,0
Resort Hotel,0,211,2016,August,32,4,4,10,2,0.0,0,HB,PRT,Online TA,TA/TO,0,0,0,A,A,0,No Deposit,240.0,0,Transient,172.0,0,1
Resort Hotel,0,190,2016,August,33,11,2,5,2,0.0,0,BB,PRT,Offline TA/TO,TA/TO,0,0,0,D,D,0,No Deposit,143.0,0,Contract,110.7,0,1
Resort Hotel,0,204,2016,August,32,2,4,12,2,0.0,0,HB,FRA,Offline TA/TO,TA/TO,0,0,0,E,E,0,No Deposit,196.0,0,Transient,151.3,0,0
Resort Hotel,0,259,2016,August,33,11,2,5,2,0.0,0,HB,GBR,Offline TA/TO,TA/TO,0,0,0,A,A,2,No Deposit,143.0,0,Transient,112.2,0,1
Resort Hotel,0,190,2016,August,33,11,2,5,2,0.0,0,BB,GBR,Offline TA/TO,TA/TO,0,0,0,E,E,0,No Deposit,40.0,0,Contract,115.05,0,0
Resort Hotel,0,12,2016,August,34,16,0,2,2,0.0,0,BB,USA,Online TA,TA/TO,0,0,0,A,A,0,No Deposit,240.0,0,Transient,221.0,0,0
Resort Hotel,0,4,2016,August,34,16,0,2,2,0.0,0,BB,PRT,Offline TA/TO,TA/TO,0,0,0,F,F,0,No Deposit,36.0,0,Transient,145.2,0,1
Resort Hotel,0,118,2016,August,34,15,1,2,2,0.0,0,BB,DEU,Online TA,TA/TO,0,0,0,A,A,0,No Deposit,241.0,0,Transient,151.83,0,1
Resort Hotel,0,15,2016,August,34,17,0,1,2,0.0,0,BB,PRT,Direct,Direct,0,0,0,D,D,0,No Deposit,250.0,0,Transient,219.0,0,0
Resort Hotel,0,251,2016,August,33,9,2,7,2,0.0,0,HB,GBR,Offline TA/TO,TA/TO,0,0,0,E,E,0,No Deposit,115.0,0,Transient-Party,195.98,0,1
Resort Hotel,0,251,2016,August,33,9,2,7,2,0.0,0,HB,GBR,Offline TA/TO,TA/TO,0,0,0,E,E,0,No Deposit,115.0,0,Transient-Party,197.97,0,1
Resort Hotel,0,205,2016,August,33,13,2,3,2,0.0,0,HB,PRT,Direct,Direct,0,0,0,E,E,1,No Deposit,250.0,0,Transient,190.75,1,0
Resort Hotel,0,136,2016,August,33,11,2,5,2,0.0,0,BB,PRT,Direct,Direct,0,0,0,A,A,0,No Deposit,250.0,0,Transient,191.0,1,0
Resort Hotel,0,175,2017,August,32,10,2,6,2,0.0,0,BB,PRT,Direct,Direct,1,0,1,D,D,0,No Deposit,250.0,0,Transient,189.5,1,3
Resort Hotel,0,5,2016,August,33,13,2,3,2,0.0,0,BB,ESP,Online TA,TA/TO,0,0,0,A,A,0,No Deposit,240.0,0,Transient,230.6,0,3
Resort Hotel,0,1,2016,August,34,17,0,1,2,0.0,0,BB,PRT,Direct,Direct,0,0,0,D,D,0,No Deposit,250.0,0,Transient,221.0,0,1
Resort Hotel,0,115,2016,August,33,11,2,5,2,0.0,0,BB,PRT,Direct,Direct,0,0,0,A,A,0,No Deposit,,0,Transient,196.71,1,1
Resort Hotel,0,154,2016,August,34,16,0,2,2,0.0,0,BB,FRA,Online TA,TA/TO,0,0,0,A,A,2,No Deposit,240.0,0,Transient,197.8,0,1
Resort Hotel,0,16,2016,August,33,12,2,4,2,0.0,0,BB,ITA,Online TA,TA/TO,0,0,0,A,A,1,No Deposit,240.0,0,Transient,231.0,0,1
Resort Hotel,0,154,2016,August,34,16,0,2,2,0.0,0,BB,PRT,Online TA,TA/TO,0,0,0,A,A,2,No Deposit,240.0,0,Transient,209.8,1,1
Resort Hotel,0,154,2016,August,34,16,0,2,2,0.0,0,BB,PRT,Online TA,TA/TO,0,0,0,A,A,2,No Deposit,240.0,0,Transient,209.8,1,1
Resort Hotel,0,17,2016,August,34,15,1,2,2,0.0,0,BB,NLD,Online TA,TA/TO,0,0,0,D,D,0,No Deposit,240.0,0,Transient,242.33,0,1
Resort Hotel,0,154,2016,August,34,16,0,2,2,0.0,0,BB,PRT,Online TA,TA/TO,0,0,0,A,A,3,No Deposit,240.0,0,Transient-Party,232.8,0,1
Resort Hotel,0,154,2016,August,34,16,0,2,2,0.0,0,BB,PRT,Online TA,TA/TO,0,0,0,A,A,2,No Deposit,240.0,0,Transient,209.8,1,1
Resort Hotel,0,174,2016,August,33,8,3,7,2,0.0,0,BB,DEU,Direct,Direct,0,0,0,A,A,0,No Deposit,250.0,0,Transient,153.5,1,0
Resort Hotel,0,4,2016,August,34,18,0,1,2,0.0,0,BB,ESP,Online TA,TA/TO,0,0,0,E,E,1,No Deposit,240.0,0,Transient,20.0,1,1
Resort Hotel,0,169,2016,August,32,5,4,10,2,0.0,0,BB,NLD,Offline TA/TO,TA/TO,0,0,0,E,E,0,No Deposit,71.0,0,Transient,142.0,0,0
Resort Hotel,0,251,2016,August,33,9,2,8,2,0.0,0,HB,PRT,Offline TA/TO,TA/TO,0,0,0,E,E,1,No Deposit,40.0,0,Contract,141.05,0,0
Resort Hotel,0,89,2016,August,34,14,2,3,2,0.0,0,HB,ESP,Online TA,TA/TO,0,0,0,D,D,0,No Deposit,240.0,0,Transient,233.0,0,0
Resort Hotel,0,89,2016,August,34,14,2,3,2,0.0,0,HB,ESP,Online TA,TA/TO,0,0,0,D,D,0,No Deposit,240.0,0,Transient,245.0,0,0
Resort Hotel,0,1,2016,August,34,18,0,1,2,0.0,0,BB,AUS,Online TA,TA/TO,0,0,0,A,A,0,No Deposit,240.0,0,Transient,179.0,0,0
Resort Hotel,0,2,2016,August,34,17,0,2,2,0.0,0,BB,ESP,Online TA,TA/TO,0,0,0,A,A,0,No Deposit,240.0,0,Transient,206.0,0,1
Resort Hotel,0,140,2016,August,34,16,0,3,2,0.0,0,BB,FRA,Online TA,TA/TO,0,0,0,A,B,0,No Deposit,240.0,0,Transient,179.0,0,2
Resort Hotel,0,1,2016,August,34,18,0,1,2,0.0,0,BB,ESP,Online TA,TA/TO,0,0,0,A,A,0,No Deposit,240.0,0,Transient-Party,191.0,1,3
Resort Hotel,0,20,2016,August,34,16,0,3,2,0.0,0,BB,ITA,Online TA,TA/TO,0,0,0,E,F,0,No Deposit,240.0,0,Transient,254.0,0,2
Resort Hotel,0,1,2016,August,34,18,0,1,2,0.0,0,BB,ESP,Online TA,TA/TO,0,0,0,A,A,0,No Deposit,240.0,0,Transient-Party,179.0,0,3
Resort Hotel,0,1,2016,August,34,18,0,1,2,0.0,0,BB,ESP,Online TA,TA/TO,0,0,0,A,A,0,No Deposit,240.0,0,Transient,179.0,0,0
Resort Hotel,0,187,2016,August,34,15,1,3,2,0.0,0,HB,PRT,Online TA,TA/TO,0,0,0,D,D,1,No Deposit,240.0,0,Transient,224.0,1,2
Resort Hotel,0,0,2016,August,34,18,0,1,2,0.0,0,BB,ESP,Online TA,TA/TO,0,0,0,A,A,1,No Deposit,240.0,0,Transient,209.0,0,1
Resort Hotel,0,0,2016,August,34,18,0,1,2,0.0,0,BB,ESP,Online TA,TA/TO,0,0,0,A,A,0,No Deposit,240.0,0,Transient,179.0,0,1
Resort Hotel,0,11,2016,August,34,14,2,3,2,0.0,0,BB,GBR,Online TA,TA/TO,0,0,0,A,A,0,No Deposit,241.0,0,Transient,158.73,0,1
Resort Hotel,0,4,2016,August,34,18,0,1,2,0.0,0,BB,ESP,Online TA,TA/TO,0,0,0,A,A,0,No Deposit,240.0,0,Transient,175.0,0,1
Resort Hotel,0,187,2016,August,34,15,1,3,2,0.0,0,HB,PRT,Online TA,TA/TO,0,0,0,D,D,1,No Deposit,240.0,0,Transient,212.0,0,2
Resort Hotel,0,205,2016,August,32,6,4,10,2,0.0,0,BB,CHE,Offline TA/TO,TA/TO,0,0,0,E,E,1,No Deposit,314.0,0,Transient,126.0,0,0
Resort Hotel,0,212,2016,August,33,13,2,5,2,0.0,0,BB,DNK,Offline TA/TO,TA/TO,0,0,0,D,D,1,No Deposit,253.0,0,Transient,112.7,0,1
Resort Hotel,0,201,2016,August,34,15,1,4,2,0.0,0,HB,AUT,Offline TA/TO,TA/TO,0,0,0,E,E,0,No Deposit,171.0,0,Transient,149.4,0,0
Resort Hotel,0,212,2016,August,33,13,2,5,2,0.0,0,BB,DNK,Offline TA/TO,TA/TO,0,0,0,A,A,1,No Deposit,253.0,0,Transient,97.4,0,1
Resort Hotel,0,154,2016,August,34,16,0,4,2,0.0,0,BB,CN,Online TA,TA/TO,0,0,0,A,A,0,No Deposit,314.0,0,Transient,116.7,0,0
Resort Hotel,0,164,2016,August,33,12,2,6,2,0.0,0,Undefined,ESP,Offline TA/TO,TA/TO,0,0,0,D,D,3,No Deposit,314.0,0,Transient-Party,197.9,0,1
Resort Hotel,0,164,2016,August,33,12,2,6,2,0.0,0,Undefined,ESP,Offline TA/TO,TA/TO,0,0,0,D,D,2,No Deposit,314.0,0,Transient-Party,185.9,0,1
Resort Hotel,0,111,2016,August,34,15,1,4,2,0.0,0,BB,PRT,Online TA,TA/TO,0,0,0,E,F,0,No Deposit,240.0,0,Transient,214.0,0,1
Resort Hotel,0,14,2016,August,34,15,1,4,2,0.0,0,HB,ESP,Online TA,TA/TO,0,0,0,A,A,0,No Deposit,240.0,0,Transient,265.0,0,2
Resort Hotel,0,7,2016,August,34,19,0,1,2,0.0,0,BB,CHN,Online TA,TA/TO,0,0,0,A,C,0,No Deposit,339.0,0,Transient-Party,140.0,0,0
Resort Hotel,0,7,2016,August,34,19,0,1,2,0.0,0,BB,CHN,Online TA,TA/TO,0,0,0,A,A,0,No Deposit,339.0,0,Transient-Party,140.0,0,0
Resort Hotel,0,1,2016,August,34,18,0,2,2,0.0,0,BB,BRA,Online TA,TA/TO,0,0,0,E,E,0,No Deposit,240.0,0,Transient,214.0,0,1
Resort Hotel,0,28,2016,August,34,15,1,4,2,0.0,0,BB,PRT,Online TA,TA/TO,0,0,0,A,A,0,No Deposit,240.0,0,Transient,231.0,0,1
Resort Hotel,0,7,2016,August,33,13,2,5,2,0.0,0,BB,PRT,Online TA,TA/TO,0,0,0,A,A,0,No Deposit,240.0,0,Transient,214.71,0,1
Resort Hotel,0,99,2016,August,32,6,4,10,2,0.0,0,HB,RUS,Online TA,TA/TO,0,0,0,D,D,0,No Deposit,5.0,0,Transient,190.34,0,0
Resort Hotel,0,14,2016,August,34,17,0,3,2,0.0,0,BB,ESP,Online TA,TA/TO,0,0,0,D,E,0,No Deposit,240.0,0,Transient,241.0,0,3
Resort Hotel,0,7,2016,August,34,19,0,1,2,0.0,0,BB,CHN,Online TA,TA/TO,0,0,0,A,C,0,No Deposit,339.0,0,Transient-Party,140.0,0,0
Resort Hotel,0,7,2016,August,34,19,0,1,2,0.0,0,BB,CHN,Online TA,TA/TO,0,0,0,A,A,0,No Deposit,339.0,0,Transient-Party,140.0,0,0
Resort Hotel,0,1,2016,August,34,19,0,1,2,0.0,0,BB,ESP,Direct,Direct,0,0,0,A,F,0,No Deposit,250.0,0,Transient,169.0,0,0
Resort Hotel,0,24,2016,August,34,17,0,3,2,0.0,0,BB,ESP,Direct,Direct,0,0,0,A,A,0,No Deposit,250.0,0,Transient,200.1,0,2
Resort Hotel,0,179,2016,August,33,12,2,6,2,0.0,0,BB,ITA,Online TA,TA/TO,0,0,0,A,A,0,No Deposit,240.0,0,Transient,174.0,0,1
Resort Hotel,0,162,2016,August,33,13,2,5,2,0.0,0,BB,IRL,Direct,Direct,0,0,0,F,F,0,No Deposit,250.0,0,Transient,191.0,0,1
Resort Hotel,0,4,2016,August,34,18,0,2,2,0.0,0,BB,ESP,Online TA,TA/TO,0,0,0,D,D,0,No Deposit,240.0,0,Transient,179.0,0,2
Resort Hotel,0,64,2016,August,33,13,2,5,2,0.0,0,HB,PRT,Online TA,TA/TO,0,0,0,D,D,0,No Deposit,240.0,0,Transient,241.0,0,0
Resort Hotel,0,28,2016,August,34,14,2,4,2,0.0,0,HB,GBR,Online TA,TA/TO,0,0,0,D,D,0,No Deposit,240.0,0,Transient,273.0,0,0
Resort Hotel,0,106,2016,August,34,14,2,4,2,0.0,0,BB,LTU,Online TA,TA/TO,0,0,0,E,E,0,No Deposit,240.0,0,Transient,217.67,0,1
Resort Hotel,0,6,2016,August,34,18,0,2,2,0.0,0,BB,PRT,Online TA,TA/TO,0,0,0,A,A,0,No Deposit,240.0,0,Transient,175.0,0,2
Resort Hotel,0,1,2016,August,34,19,0,1,2,0.0,0,BB,BRA,Online TA,TA/TO,0,0,0,D,D,0,No Deposit,240.0,0,Transient,199.0,1,1
Resort Hotel,0,0,2016,August,34,18,0,2,2,0.0,0,BB,ITA,Online TA,TA/TO,0,0,0,A,A,0,No Deposit,240.0,0,Transient,221.0,0,1
Resort Hotel,0,6,2016,August,34,18,0,2,2,0.0,0,BB,PRT,Online TA,TA/TO,0,0,0,A,A,0,No Deposit,242.0,0,Transient,189.0,0,1
Resort Hotel,0,2,2016,August,34,19,0,1,2,0.0,0,BB,PRT,Online TA,TA/TO,0,0,0,D,D,0,No Deposit,339.0,0,Transient,159.2,0,2
Resort Hotel,0,180,2016,August,34,16,0,4,2,0.0,0,BB,IRL,Online TA,TA/TO,0,0,0,A,A,2,No Deposit,240.0,0,Transient,160.0,0,1
Resort Hotel,1,17,2016,August,34,20,0,1,2,0.0,0,BB,AGO,Online TA,TA/TO,0,0,0,A,I,1,No Deposit,240.0,0,Transient,209.0,0,1
Resort Hotel,0,178,2016,August,34,14,2,5,2,0.0,0,HB,GBR,Offline TA/TO,TA/TO,0,0,0,D,D,0,No Deposit,243.0,0,Contract,130.55,0,0
Resort Hotel,0,15,2016,August,34,18,0,3,2,0.0,0,BB,BRA,Online TA,TA/TO,0,0,0,A,A,0,No Deposit,241.0,0,Transient,165.5,0,1
Resort Hotel,0,11,2016,August,34,19,0,2,2,0.0,0,BB,ESP,Online TA,TA/TO,0,0,0,D,D,0,No Deposit,5.0,0,Transient,187.2,0,0
Resort Hotel,0,205,2016,August,34,14,2,5,2,0.0,0,BB,GBR,Offline TA/TO,TA/TO,0,0,0,A,A,0,No Deposit,243.0,0,Contract,90.1,0,0
Resort Hotel,0,52,2016,August,34,14,2,5,2,0.0,0,HB,PRT,Direct,Direct,0,0,0,A,A,2,No Deposit,250.0,0,Transient,212.1,1,1
Resort Hotel,0,3,2016,August,34,19,0,2,2,0.0,0,BB,ESP,Online TA,TA/TO,0,0,0,A,A,0,No Deposit,240.0,0,Transient,206.0,0,1
Resort Hotel,0,178,2016,August,34,14,2,5,2,0.0,0,Undefined,PRT,Offline TA/TO,TA/TO,0,0,0,A,A,0,No Deposit,314.0,0,Transient,165.2,0,0
Resort Hotel,0,89,2016,August,34,15,1,5,2,0.0,0,HB,ESP,Online TA,TA/TO,0,0,0,D,D,0,No Deposit,240.0,0,Transient,243.0,1,2
Resort Hotel,0,32,2016,August,34,15,1,5,2,0.0,0,BB,PRT,Direct,Direct,0,0,0,A,A,2,No Deposit,250.0,0,Transient,199.1,0,0
Resort Hotel,1,186,2017,April,15,14,1,2,2,0.0,0,BB,PRT,Direct,Direct,1,1,1,A,A,0,No Deposit,,0,Transient-Party,76.67,0,3
Resort Hotel,0,220,2016,August,34,15,1,5,2,0.0,0,HB,ITA,Online TA,TA/TO,0,0,0,D,D,2,No Deposit,240.0,0,Transient,190.0,0,1
Resort Hotel,0,91,2016,August,34,15,1,5,2,0.0,0,BB,PRT,Online TA,TA/TO,0,0,0,A,A,1,No Deposit,240.0,0,Transient-Party,203.0,0,1
Resort Hotel,0,194,2016,August,34,15,1,5,2,0.0,0,HB,PRT,Offline TA/TO,TA/TO,0,0,0,A,A,0,No Deposit,6.0,0,Transient,126.9,0,0
Resort Hotel,0,124,2016,August,34,17,0,4,2,0.0,0,BB,ESP,Online TA,TA/TO,0,0,0,A,A,1,No Deposit,240.0,0,Transient,191.0,0,1
Resort Hotel,0,18,2016,August,34,20,0,1,2,0.0,0,HB,PRT,Direct,Direct,0,0,0,D,F,0,No Deposit,250.0,0,Transient,248.1,0,1
Resort Hotel,0,1,2016,August,35,21,1,0,2,0.0,0,BB,PRT,Direct,Direct,0,0,0,A,A,1,No Deposit,250.0,0,Transient,200.0,0,1
Resort Hotel,0,11,2016,August,34,19,0,2,2,0.0,0,BB,PRT,Online TA,TA/TO,0,0,0,D,D,0,No Deposit,240.0,0,Transient,234.0,0,2
Resort Hotel,0,26,2016,August,34,20,0,1,2,0.0,0,BB,FRA,Direct,Direct,0,0,0,F,F,0,No Deposit,250.0,0,Transient,254.0,0,0
Resort Hotel,0,27,2016,August,35,21,2,4,2,0.0,0,BB,FRA,Direct,Direct,0,0,0,E,F,1,No Deposit,250.0,0,Group,246.5,0,1
Resort Hotel,0,17,2016,August,34,18,0,3,2,0.0,0,BB,ESP,Offline TA/TO,TA/TO,0,0,0,A,A,0,No Deposit,175.0,0,Transient,175.2,0,1
Resort Hotel,0,134,2016,August,34,18,0,3,2,0.0,0,BB,CN,Online TA,TA/TO,0,0,0,A,A,0,No Deposit,240.0,0,Transient,179.0,0,1
Resort Hotel,0,98,2016,August,34,15,1,5,2,0.0,0,BB,PRT,Direct,Direct,0,0,0,F,F,0,No Deposit,250.0,0,Transient,238.0,1,0
Resort Hotel,0,97,2016,August,34,17,0,4,2,0.0,0,HB,ESP,Online TA,TA/TO,0,0,0,A,A,0,No Deposit,240.0,0,Transient,211.0,0,1
Resort Hotel,0,12,2016,August,34,17,0,4,2,0.0,0,HB,PRT,Online TA,TA/TO,0,0,0,A,A,0,No Deposit,240.0,0,Transient,243.5,0,1
Resort Hotel,0,19,2016,August,34,15,1,5,2,0.0,0,BB,PRT,Online TA,TA/TO,0,0,0,A,A,0,No Deposit,240.0,0,Transient,232.67,0,1
Resort Hotel,0,36,2017,August,33,16,2,8,2,0.0,0,BB,PRT,Direct,TA/TO,1,0,1,F,F,0,No Deposit,,0,Transient,285.0,0,2
Resort Hotel,0,223,2016,August,34,16,0,5,2,0.0,0,HB,ESP,Offline TA/TO,TA/TO,0,0,0,C,C,0,No Deposit,314.0,0,Transient,167.6,0,0
Resort Hotel,0,68,2016,August,35,22,3,6,2,0.0,0,BB,ITA,Direct,Direct,0,0,0,D,D,2,No Deposit,250.0,0,Transient,191.32,1,0
Resort Hotel,0,208,2016,August,32,1,6,15,2,0.0,0,BB,GBR,Offline TA/TO,TA/TO,0,0,0,E,E,2,No Deposit,171.0,0,Transient,126.0,0,0
Resort Hotel,0,209,2016,August,34,15,2,5,2,0.0,0,HB,GBR,Offline TA/TO,TA/TO,0,0,0,A,A,0,No Deposit,40.0,0,Contract,118.1,0,0
Resort Hotel,0,154,2016,August,34,15,2,5,2,0.0,0,HB,PRT,Direct,Direct,0,0,0,A,A,1,No Deposit,250.0,0,Transient,185.44,0,0
Resort Hotel,0,255,2016,August,34,19,1,2,2,0.0,0,BB,PRT,Offline TA/TO,TA/TO,0,0,0,A,A,0,No Deposit,15.0,0,Transient,100.8,0,0
Resort Hotel,0,91,2016,August,34,15,2,5,2,0.0,0,BB,PRT,Online TA,TA/TO,0,0,0,A,A,0,No Deposit,240.0,0,Transient-Party,191.0,0,1
Resort Hotel,0,91,2016,August,34,15,2,5,2,0.0,0,BB,PRT,Online TA,TA/TO,0,0,0,D,D,0,No Deposit,240.0,0,Transient-Party,199.0,0,1
Resort Hotel,0,126,2016,August,34,15,2,5,2,0.0,0,BB,PRT,Online TA,TA/TO,0,0,0,D,D,0,No Deposit,240.0,0,Transient-Party,199.0,0,1
Resort Hotel,0,126,2016,August,34,15,2,5,2,0.0,0,BB,PRT,Online TA,TA/TO,0,0,0,D,D,0,No Deposit,240.0,0,Transient-Party,211.0,1,1
Resort Hotel,0,210,2016,August,34,15,2,5,2,0.0,0,HB,PRT,Offline TA/TO,TA/TO,0,0,0,E,E,0,No Deposit,196.0,0,Transient,168.8,1,0
Resort Hotel,0,205,2017,August,33,19,2,6,2,0.0,0,HB,PRT,Offline TA/TO,TA/TO,1,0,1,D,D,0,No Deposit,6.0,0,Group,152.1,1,0
Resort Hotel,0,50,2016,August,34,20,1,1,2,0.0,0,BB,ESP,Online TA,TA/TO,0,0,0,A,B,0,No Deposit,240.0,0,Transient,206.0,0,1
Resort Hotel,0,99,2016,August,34,19,1,2,2,0.0,0,BB,NZL,Offline TA/TO,TA/TO,0,0,0,A,A,0,No Deposit,8.0,0,Transient,146.33,0,1
Resort Hotel,0,129,2016,August,34,19,1,2,2,0.0,0,FB,PRT,Online TA,TA/TO,0,0,0,A,A,0,No Deposit,196.0,0,Transient,249.0,1,2
Resort Hotel,0,12,2016,August,34,17,1,4,2,0.0,0,BB,ESP,Online TA,TA/TO,0,0,0,A,A,0,No Deposit,240.0,0,Transient,209.0,0,2
Resort Hotel,0,88,2016,August,34,18,1,3,2,0.0,0,BB,ESP,Online TA,TA/TO,0,0,0,A,A,0,No Deposit,240.0,0,Transient,193.0,1,2
Resort Hotel,0,82,2016,August,34,17,1,4,2,0.0,0,BB,ESP,Online TA,TA/TO,0,0,0,D,D,0,No Deposit,240.0,0,Transient,199.0,0,1
Resort Hotel,0,79,2016,August,34,17,1,4,2,0.0,0,BB,ESP,Direct,Direct,0,0,0,F,F,0,No Deposit,250.0,0,Transient-Party,235.6,1,0
Resort Hotel,0,49,2016,August,34,15,2,5,2,0.0,0,BB,PRT,Online TA,TA/TO,0,0,0,A,A,0,No Deposit,,0,Transient,140.0,0,1
Resort Hotel,0,208,2016,August,33,8,4,10,2,0.0,0,HB,DEU,Offline TA/TO,TA/TO,0,0,0,E,E,0,No Deposit,75.0,0,Contract,139.72,0,0
Resort Hotel,0,56,2016,August,34,20,1,1,2,0.0,0,HB,DZA,Online TA,TA/TO,0,0,0,E,E,1,No Deposit,240.0,0,Transient,261.0,0,2
Resort Hotel,0,56,2016,August,34,17,1,4,2,0.0,0,BB,GBR,Direct,Direct,0,0,0,A,A,0,No Deposit,250.0,0,Transient-Party,203.0,1,0
Resort Hotel,0,103,2016,August,34,19,1,2,2,0.0,0,HB,GBR,Online TA,TA/TO,0,0,0,E,E,0,No Deposit,241.0,0,Transient,189.42,0,1
Resort Hotel,0,103,2016,August,34,19,1,2,2,0.0,0,HB,GBR,Online TA,TA/TO,0,0,0,E,E,0,No Deposit,241.0,0,Transient,189.42,0,1
Resort Hotel,0,0,2016,August,34,19,1,2,2,0.0,0,BB,PRT,Online TA,TA/TO,0,0,0,A,A,0,No Deposit,240.0,0,Transient,217.67,0,2
Resort Hotel,0,48,2016,August,34,20,1,1,2,0.0,0,BB,ESP,Online TA,TA/TO,0,0,0,A,A,0,No Deposit,240.0,0,Transient,206.0,0,1
Resort Hotel,0,65,2016,August,34,17,1,4,2,0.0,0,BB,GBR,Online TA,TA/TO,0,0,0,F,F,0,No Deposit,241.0,0,Transient,171.17,0,1
Resort Hotel,0,221,2016,August,33,13,3,6,2,0.0,0,BB,NLD,Offline TA/TO,TA/TO,0,0,0,A,A,0,No Deposit,71.0,0,Contract,95.2,0,0
Resort Hotel,0,167,2016,August,34,18,1,3,2,0.0,0,HB,PRT,Online TA,TA/TO,0,0,0,D,D,0,No Deposit,314.0,0,Transient,157.2,0,0
Resort Hotel,0,200,2017,August,33,14,1,4,2,0.0,0,HB,PRT,Online TA,TA/TO,1,0,0,E,E,1,No Deposit,314.0,0,Transient,184.64,0,0
Resort Hotel,0,58,2016,August,34,16,1,5,2,0.0,0,BB,ESP,Online TA,TA/TO,0,0,0,G,G,1,No Deposit,240.0,0,Transient,269.0,0,1
Resort Hotel,0,23,2016,August,34,20,1,1,2,0.0,0,BB,PRT,Online TA,TA/TO,0,0,0,A,D,0,No Deposit,240.0,0,Transient,231.0,0,2
Resort Hotel,0,49,2016,August,34,19,1,2,2,0.0,0,BB,ARG,Online TA,TA/TO,0,0,0,A,A,0,No Deposit,240.0,0,Transient,195.67,0,1
Resort Hotel,0,199,2016,August,33,8,4,10,2,0.0,0,BB,GBR,Offline TA/TO,TA/TO,0,0,0,A,A,0,No Deposit,243.0,0,Contract,90.1,0,0
Resort Hotel,0,12,2016,August,35,21,1,0,2,0.0,0,BB,DZA,Direct,Direct,0,0,0,H,H,0,No Deposit,,0,Transient-Party,274.0,0,2
Resort Hotel,0,13,2016,August,35,22,1,3,2,0.0,0,BB,DZA,Direct,Direct,0,0,0,A,A,0,No Deposit,,0,Transient-Party,188.0,0,2
Resort Hotel,0,80,2016,August,34,17,1,4,2,0.0,0,BB,RUS,Online TA,TA/TO,0,0,0,D,D,0,No Deposit,240.0,0,Transient,199.0,0,2
Resort Hotel,0,0,2016,August,35,22,0,0,2,0.0,0,HB,ESP,Online TA,TA/TO,1,0,0,D,I,0,No Deposit,240.0,0,Transient,0.0,0,1
Resort Hotel,0,75,2016,August,34,20,2,1,2,0.0,0,BB,FRA,Direct,Direct,0,0,0,E,E,0,No Deposit,,0,Transient,203.0,0,1
Resort Hotel,0,75,2016,August,34,20,2,1,2,0.0,0,BB,FRA,Direct,Direct,0,0,0,E,E,0,No Deposit,,0,Transient,191.0,0,1
Resort Hotel,0,133,2016,August,34,16,2,5,2,0.0,0,BB,PRT,Direct,Direct,0,0,0,D,D,2,No Deposit,250.0,0,Transient,211.0,1,2
Resort Hotel,0,104,2016,August,35,23,0,0,2,0.0,0,BB,FRA,Online TA,TA/TO,0,0,0,A,I,0,No Deposit,240.0,0,Transient,0.0,0,0
Resort Hotel,0,0,2016,August,35,22,1,0,2,0.0,0,BB,PRT,Direct,Direct,0,0,0,A,A,0,No Deposit,,0,Transient,179.0,0,1
Resort Hotel,0,0,2016,August,35,22,1,0,2,0.0,0,BB,PRT,Direct,Direct,0,0,0,A,A,0,No Deposit,,0,Transient,179.0,0,1
Resort Hotel,0,53,2016,August,34,16,2,5,2,0.0,0,HB,ESP,Offline TA/TO,TA/TO,0,0,0,A,A,0,No Deposit,196.0,0,Transient,141.0,0,0
Resort Hotel,0,4,2016,August,34,20,2,1,2,0.0,0,BB,PRT,Direct,Direct,0,0,0,F,F,0,No Deposit,250.0,0,Transient,224.1,1,0
Resort Hotel,0,7,2016,August,35,23,0,2,2,0.0,0,BB,PRT,Direct,Direct,0,0,0,G,G,0,No Deposit,250.0,0,Group,254.1,1,0
Resort Hotel,0,78,2016,August,34,15,3,5,2,0.0,0,BB,FRA,Online TA,TA/TO,0,0,0,D,D,2,No Deposit,240.0,0,Transient,200.88,0,1
Resort Hotel,0,10,2016,August,34,20,2,1,2,0.0,0,BB,PRT,Online TA,TA/TO,0,0,0,D,D,0,No Deposit,241.0,0,Transient,169.91,0,1
Resort Hotel,0,148,2016,August,34,14,4,5,2,0.0,0,HB,ESP,Online TA,TA/TO,0,0,0,A,A,0,No Deposit,240.0,0,Transient,209.0,0,1
Resort Hotel,0,125,2016,August,34,15,3,5,2,0.0,0,BB,GBR,Online TA,TA/TO,0,0,0,E,E,0,No Deposit,240.0,0,Transient,214.0,0,1
Resort Hotel,0,101,2016,August,34,18,2,3,2,0.0,0,BB,GBR,Online TA,TA/TO,0,0,0,E,E,0,No Deposit,314.0,0,Transient,171.2,0,0
Resort Hotel,0,144,2016,August,34,16,2,6,2,0.0,0,HB,ESP,Direct,Direct,0,0,0,E,E,2,No Deposit,250.0,0,Transient,254.62,1,1
Resort Hotel,0,52,2016,August,34,17,2,5,2,0.0,0,BB,CHE,Online TA,TA/TO,0,0,0,D,D,0,No Deposit,240.0,0,Transient,213.86,0,1
Resort Hotel,0,89,2016,August,34,15,3,6,2,0.0,0,HB,RUS,Direct,Direct,0,0,0,F,F,1,No Deposit,250.0,0,Transient,236.93,0,1
Resort Hotel,0,0,2016,August,35,23,0,1,2,0.0,0,BB,USA,Online TA,TA/TO,0,0,0,A,A,0,No Deposit,306.0,0,Transient,167.09,0,0
Resort Hotel,0,188,2016,August,34,18,2,4,2,0.0,0,BB,PRT,Offline TA/TO,TA/TO,0,0,0,A,A,0,No Deposit,15.0,0,Transient,100.8,0,1
Resort Hotel,0,1,2016,August,35,22,1,1,2,0.0,0,BB,PRT,Direct,Direct,0,0,0,A,A,0,No Deposit,,0,Transient,201.0,0,0
Resort Hotel,0,115,2016,August,34,15,3,6,2,0.0,0,HB,GBR,Direct,Direct,0,0,0,F,F,1,No Deposit,250.0,0,Transient,231.6,0,0
Resort Hotel,0,63,2016,August,34,17,2,5,2,0.0,0,BB,GBR,Online TA,TA/TO,0,0,0,D,D,0,No Deposit,240.0,0,Transient,209.29,0,2
Resort Hotel,0,8,2016,August,35,22,1,1,2,0.0,0,HB,ESP,Online TA,TA/TO,0,0,0,D,D,0,No Deposit,240.0,0,Transient,258.0,0,1
Resort Hotel,0,2,2016,August,35,23,0,1,2,0.0,0,BB,GBR,Online TA,TA/TO,0,0,0,A,A,0,No Deposit,240.0,0,Transient,199.0,0,1
Resort Hotel,0,4,2016,August,35,25,0,0,2,0.0,0,BB,CHE,Direct,Direct,0,0,0,D,D,2,No Deposit,250.0,0,Transient,0.0,0,1
Resort Hotel,0,6,2016,August,35,25,2,4,2,0.0,0,BB,MAR,Online TA,TA/TO,0,0,0,A,A,0,No Deposit,240.0,0,Transient,181.0,0,2
Resort Hotel,0,169,2016,August,34,18,2,5,2,0.0,0,HB,PRT,Offline TA/TO,TA/TO,0,0,0,A,A,0,No Deposit,171.0,0,Transient,135.63,1,1
Resort Hotel,0,209,2016,August,34,15,3,7,2,0.0,0,BB,IRL,Online TA,TA/TO,0,0,0,A,A,0,No Deposit,241.0,0,Transient,99.02,0,2
Resort Hotel,0,0,2016,August,35,24,0,1,2,0.0,0,BB,PRT,Direct,Direct,0,0,0,E,E,0,No Deposit,,0,Transient,197.1,0,0
Resort Hotel,0,333,2017,August,34,24,1,3,2,0.0,0,HB,PRT,Online TA,Direct,1,0,1,E,E,2,No Deposit,240.0,0,Transient,201.6,0,3
Resort Hotel,0,98,2016,August,34,14,4,7,2,0.0,0,BB,ESP,Online TA,TA/TO,0,0,0,D,D,0,No Deposit,240.0,0,Transient,211.91,0,1
Resort Hotel,0,66,2016,August,35,23,0,2,2,0.0,0,BB,BRA,Online TA,TA/TO,0,0,0,F,E,0,No Deposit,241.0,0,Transient,176.33,0,2
Resort Hotel,0,67,2016,August,35,23,0,2,2,0.0,0,BB,PRT,Online TA,TA/TO,0,0,0,E,E,0,No Deposit,241.0,0,Transient,168.63,0,1
Resort Hotel,0,0,2016,August,35,24,0,1,2,0.0,0,BB,FRA,Direct,Direct,0,0,0,C,C,1,No Deposit,,0,Transient,202.5,0,0
Resort Hotel,0,1,2016,August,35,23,0,2,2,0.0,0,HB,ESP,Online TA,TA/TO,0,0,0,A,B,0,No Deposit,240.0,0,Transient,231.0,0,0
Resort Hotel,0,9,2016,August,35,24,0,1,2,0.0,0,BB,PRT,Online TA,TA/TO,0,0,0,E,E,0,No Deposit,240.0,0,Transient,229.0,0,1
Resort Hotel,0,104,2016,August,33,13,4,8,2,0.0,0,BB,FRA,Online TA,TA/TO,0,0,0,D,D,0,No Deposit,241.0,0,Transient,148.79,0,1
Resort Hotel,0,40,2016,August,35,22,1,2,2,0.0,0,BB,PRT,Online TA,TA/TO,0,0,0,D,D,0,No Deposit,240.0,0,Transient,234.0,0,1
Resort Hotel,0,342,2017,August,34,20,2,3,2,0.0,0,HB,PRT,Online TA,TA/TO,1,0,1,D,D,0,No Deposit,240.0,0,Transient,185.4,0,2
Resort Hotel,0,0,2016,August,35,22,1,2,2,0.0,0,BB,PRT,Direct,Direct,0,0,0,A,A,0,No Deposit,,0,Transient,183.0,1,0
Resort Hotel,0,17,2016,August,35,23,0,2,2,0.0,0,BB,ESP,Online TA,TA/TO,0,0,0,A,A,0,No Deposit,240.0,0,Transient,209.0,0,0
Resort Hotel,0,237,2016,August,34,19,2,5,2,0.0,0,BB,LUX,Online TA,TA/TO,0,0,0,A,A,0,No Deposit,240.0,0,Transient,127.71,0,1
Resort Hotel,0,191,2016,August,34,17,2,7,2,0.0,0,BB,IRL,Offline TA/TO,TA/TO,0,0,0,D,D,0,No Deposit,95.0,0,Transient,125.55,0,0
Resort Hotel,0,210,2016,August,33,12,4,10,2,0.0,0,BB,GBR,Offline TA/TO,TA/TO,0,0,0,D,D,0,No Deposit,2.0,0,Contract,106.55,0,5
Resort Hotel,0,14,2016,August,35,22,1,3,2,0.0,0,BB,FRA,Direct,Direct,0,0,0,E,E,0,No Deposit,250.0,0,Transient,198.0,0,0
Resort Hotel,0,60,2016,August,34,20,2,4,2,0.0,0,HB,ESP,Online TA,TA/TO,0,0,0,D,D,0,No Deposit,240.0,0,Transient-Party,237.67,0,1
Resort Hotel,0,60,2016,August,34,20,2,4,2,0.0,0,HB,ESP,Online TA,TA/TO,0,0,0,E,E,0,No Deposit,240.0,0,Transient-Party,252.67,0,1
Resort Hotel,0,99,2016,August,34,18,2,6,2,0.0,0,Undefined,ESP,Online TA,TA/TO,0,0,0,A,A,1,No Deposit,314.0,0,Transient,205.2,1,0
Resort Hotel,0,22,2016,August,35,23,0,3,2,0.0,0,BB,ESP,Online TA,TA/TO,0,0,0,A,A,0,No Deposit,240.0,0,Transient,227.0,0,2
Resort Hotel,0,4,2016,August,35,24,0,2,2,0.0,0,HB,ESP,Online TA,TA/TO,0,0,0,D,C,0,No Deposit,240.0,0,Transient,258.0,1,0
Resort Hotel,0,195,2016,August,35,23,0,3,2,0.0,0,BB,PRT,Direct,Direct,0,0,0,A,A,0,No Deposit,,0,Transient-Party,151.5,1,1
Resort Hotel,0,208,2016,August,35,21,2,3,2,0.0,0,Undefined,PRT,Offline TA/TO,TA/TO,0,0,0,A,A,0,No Deposit,314.0,0,Transient,150.8,0,2
Resort Hotel,0,0,2016,August,35,25,0,1,2,0.0,0,BB,PRT,Direct,Direct,0,0,0,F,G,0,No Deposit,250.0,0,Transient,229.0,1,0
Resort Hotel,0,47,2016,August,35,22,1,3,2,0.0,0,BB,ESP,Online TA,TA/TO,0,0,0,D,D,0,No Deposit,241.0,0,Transient,169.08,0,1
Resort Hotel,0,92,2016,August,35,22,1,3,2,0.0,0,BB,ESP,Online TA,TA/TO,0,0,0,A,A,0,No Deposit,240.0,0,Transient,181.0,0,3
Resort Hotel,0,208,2016,August,35,21,2,3,2,0.0,0,Undefined,PRT,Offline TA/TO,TA/TO,0,0,0,A,A,0,No Deposit,314.0,0,Transient,164.8,1,2
Resort Hotel,0,148,2016,August,34,20,2,4,2,0.0,0,BB,PRT,Direct,Direct,0,0,0,D,D,1,No Deposit,250.0,0,Transient,160.6,0,0
Resort Hotel,0,183,2016,August,34,19,2,5,2,0.0,0,BB,GBR,Offline TA/TO,TA/TO,0,0,0,A,A,0,No Deposit,40.0,0,Contract,92.1,0,1
Resort Hotel,0,87,2016,August,35,21,2,3,2,0.0,0,BB,PRT,Online TA,TA/TO,0,0,0,A,A,0,No Deposit,240.0,0,Transient,191.0,0,1
Resort Hotel,0,145,2016,August,34,16,2,8,2,0.0,0,HB,PRT,Offline TA/TO,TA/TO,0,0,0,A,A,0,No Deposit,3.0,0,Transient,124.2,0,0
Resort Hotel,0,214,2016,August,34,16,2,8,2,0.0,0,HB,ITA,Online TA,TA/TO,0,0,0,E,E,1,No Deposit,240.0,0,Transient,206.2,0,2
Resort Hotel,0,204,2016,August,33,12,4,10,2,0.0,0,BB,GBR,Offline TA/TO,TA/TO,0,0,0,A,A,0,No Deposit,2.0,0,Contract,90.1,0,1
Resort Hotel,0,204,2016,August,33,12,4,10,2,0.0,0,BB,IRL,Offline TA/TO,TA/TO,0,0,0,A,A,0,No Deposit,2.0,0,Contract,90.1,0,1
Resort Hotel,0,204,2016,August,33,12,4,10,2,0.0,0,BB,GBR,Offline TA/TO,TA/TO,0,0,0,D,D,0,No Deposit,2.0,0,Contract,106.55,0,0
Resort Hotel,0,204,2016,August,33,12,4,10,2,0.0,0,BB,GBR,Offline TA/TO,TA/TO,0,0,0,A,A,0,No Deposit,2.0,0,Contract,91.96,0,1
Resort Hotel,0,204,2016,August,33,12,4,10,2,0.0,0,BB,GBR,Offline TA/TO,TA/TO,0,0,0,A,A,0,No Deposit,2.0,0,Contract,90.1,0,1
Resort Hotel,0,14,2016,August,35,22,1,3,2,0.0,0,HB,PRT,Direct,Direct,0,0,0,F,F,1,No Deposit,250.0,0,Transient,245.1,0,0
Resort Hotel,0,79,2016,August,35,22,1,3,2,0.0,0,BB,FRA,Online TA,TA/TO,0,0,0,E,F,0,No Deposit,240.0,0,Transient,209.0,0,2
Resort Hotel,0,0,2016,August,35,25,0,1,2,0.0,0,BB,ITA,Direct,Direct,0,0,0,D,D,0,No Deposit,,0,Transient,194.0,1,0
Resort Hotel,0,79,2016,August,35,22,1,3,2,0.0,0,BB,FRA,Online TA,TA/TO,0,0,0,E,E,0,No Deposit,240.0,0,Transient,209.0,0,2
Resort Hotel,0,108,2016,August,34,20,2,5,2,0.0,0,FB,PRT,Online TA,TA/TO,0,0,0,A,A,0,No Deposit,196.0,0,Transient,249.0,0,0
Resort Hotel,0,69,2016,August,35,25,0,2,2,0.0,0,BB,USA,Online TA,TA/TO,0,0,0,A,A,0,No Deposit,241.0,0,Transient,145.53,0,1
Resort Hotel,0,76,2016,August,35,21,2,4,2,0.0,0,BB,PRT,Online TA,TA/TO,0,0,0,E,E,0,No Deposit,240.0,0,Transient,209.83,0,2
Resort Hotel,0,206,2016,August,34,20,2,5,2,0.0,0,BB,IRL,Offline TA/TO,TA/TO,0,0,0,A,A,0,No Deposit,314.0,0,Transient,102.8,0,2
Resort Hotel,0,20,2016,August,35,26,0,1,2,0.0,0,BB,FRA,Online TA,TA/TO,0,0,0,A,A,0,No Deposit,339.0,0,Transient,151.2,0,0
Resort Hotel,0,88,2016,August,34,18,2,7,2,0.0,0,HB,ESP,Online TA,TA/TO,0,0,0,D,D,0,No Deposit,240.0,0,Transient,231.0,0,1
Resort Hotel,0,0,2016,August,35,26,0,1,2,0.0,0,BB,PRT,Direct,Direct,0,0,0,G,G,1,No Deposit,,0,Transient,221.0,0,0
Resort Hotel,0,22,2016,August,34,20,2,5,2,0.0,0,FB,PRT,Direct,Direct,0,0,0,D,D,0,No Deposit,,0,Transient-Party,247.0,0,1
Resort Hotel,0,87,2016,August,34,20,2,5,2,0.0,0,HB,PRT,Offline TA/TO,TA/TO,0,0,0,D,D,1,No Deposit,3.0,0,Transient,154.0,0,0
Resort Hotel,0,215,2016,August,33,13,4,10,2,0.0,0,BB,GBR,Offline TA/TO,TA/TO,0,0,0,E,E,0,No Deposit,2.0,0,Contract,115.05,0,0
Resort Hotel,0,85,2016,August,34,20,2,5,2,0.0,0,HB,PRT,Online TA,TA/TO,0,0,0,D,D,1,No Deposit,339.0,0,Transient,193.77,0,0
Resort Hotel,0,0,2016,August,35,26,0,1,2,0.0,0,BB,PRT,Direct,Direct,0,0,0,E,E,0,No Deposit,,0,Transient,169.0,0,0
Resort Hotel,0,0,2016,August,35,25,0,2,2,0.0,0,BB,PRT,Direct,Direct,0,0,0,A,F,0,No Deposit,,0,Transient,241.0,0,0
Resort Hotel,0,198,2016,August,34,20,2,5,2,0.0,0,BB,PRT,Offline TA/TO,TA/TO,0,0,0,A,A,0,No Deposit,6.0,0,Transient,102.8,0,0
Resort Hotel,0,45,2016,August,35,22,1,4,2,0.0,0,HB,ESP,Direct,Direct,0,0,0,D,D,1,No Deposit,250.0,0,Transient,270.0,1,0
Resort Hotel,0,54,2016,August,35,24,0,3,2,0.0,0,BB,PRT,Online TA,TA/TO,0,0,0,A,A,0,No Deposit,240.0,0,Transient,189.0,0,0
Resort Hotel,0,0,2016,August,35,26,0,1,2,0.0,0,BB,CHN,Online TA,TA/TO,0,0,0,D,D,0,No Deposit,240.0,0,Transient,194.0,0,0
Resort Hotel,0,82,2016,August,34,20,2,5,2,0.0,0,HB,PRT,Direct,Direct,0,0,0,E,E,0,No Deposit,250.0,0,Transient,234.6,1,0
Resort Hotel,0,193,2016,August,34,20,2,5,2,0.0,0,HB,PRT,Offline TA/TO,TA/TO,0,0,0,A,A,0,No Deposit,196.0,0,Transient-Party,153.29,0,0
Resort Hotel,0,238,2016,August,34,20,2,5,2,0.0,0,HB,PRT,Offline TA/TO,TA/TO,0,0,0,A,A,1,No Deposit,6.0,0,Transient,121.4,0,0
Resort Hotel,0,238,2016,August,34,20,2,5,2,0.0,0,HB,PRT,Offline TA/TO,TA/TO,0,0,0,A,A,0,No Deposit,6.0,0,Transient,124.2,0,1
Resort Hotel,0,98,2016,August,35,21,2,4,2,0.0,0,HB,PRT,Online TA,TA/TO,0,0,0,D,D,1,No Deposit,5.0,0,Transient,197.2,1,0
Resort Hotel,0,171,2016,August,35,21,2,5,2,0.0,0,BB,GBR,Offline TA/TO,TA/TO,0,0,0,D,D,0,No Deposit,243.0,0,Contract,104.55,0,0
Resort Hotel,0,42,2016,August,35,23,0,5,2,0.0,0,HB,GBR,Offline TA/TO,TA/TO,0,0,0,D,D,1,No Deposit,40.0,0,Transient,151.0,0,0
Resort Hotel,0,212,2016,August,35,24,0,4,2,0.0,0,BB,ESP,Direct,Direct,0,0,0,A,A,1,No Deposit,,0,Transient,119.0,0,2
Resort Hotel,0,212,2016,August,35,24,0,4,2,0.0,0,BB,ESP,Direct,Direct,0,0,0,A,A,1,No Deposit,,0,Transient,119.0,0,2
Resort Hotel,0,195,2016,August,35,21,2,5,2,0.0,0,HB,DEU,Offline TA/TO,TA/TO,0,0,0,A,A,0,No Deposit,75.0,0,Contract,132.8,0,0
Resort Hotel,0,44,2016,August,35,27,0,1,2,0.0,0,BB,LTU,Online TA,TA/TO,0,0,0,E,G,0,No Deposit,240.0,0,Transient,231.0,0,1
Resort Hotel,0,57,2016,August,35,25,0,3,2,0.0,0,BB,ESP,Online TA,TA/TO,0,0,0,A,B,0,No Deposit,240.0,0,Transient,201.0,0,0
Resort Hotel,0,155,2016,August,35,22,1,5,2,0.0,0,BB,ESP,Online TA,TA/TO,0,0,0,A,A,0,No Deposit,240.0,0,Transient,170.0,0,2
Resort Hotel,0,2,2016,August,35,27,0,1,2,0.0,0,BB,BRA,Direct,Direct,0,0,0,D,D,1,No Deposit,250.0,0,Transient,204.0,0,1
Resort Hotel,0,185,2016,August,35,21,2,5,2,0.0,0,HB,GBR,Offline TA/TO,TA/TO,0,0,0,A,A,0,No Deposit,243.0,0,Contract,116.1,0,0
Resort Hotel,0,72,2016,August,35,22,1,5,2,0.0,0,HB,PRT,Direct,Direct,0,0,0,E,E,1,No Deposit,250.0,0,Transient,227.1,0,0
Resort Hotel,0,124,2016,August,34,16,2,10,2,0.0,0,BB,ROU,Online TA,TA/TO,0,0,0,D,D,0,No Deposit,36.0,0,Transient,145.11,0,0
Resort Hotel,0,124,2016,August,34,16,2,10,2,0.0,0,BB,ROU,Online TA,TA/TO,0,0,0,D,D,0,No Deposit,36.0,0,Transient,143.28,0,0
Resort Hotel,0,14,2016,August,35,26,0,2,2,0.0,0,BB,GBR,Online TA,TA/TO,0,0,0,A,D,0,No Deposit,240.0,0,Transient-Party,201.0,0,1
Resort Hotel,0,14,2016,August,35,26,0,2,2,0.0,0,BB,GBR,Online TA,TA/TO,0,0,0,A,D,0,No Deposit,240.0,0,Transient-Party,199.0,0,1
Resort Hotel,0,86,2016,August,35,24,0,4,2,0.0,0,BB,CN,Direct,Direct,0,0,0,G,G,0,No Deposit,250.0,0,Transient,259.0,0,1
Resort Hotel,0,6,2016,August,35,25,0,3,2,0.0,0,BB,BRA,Direct,Direct,0,0,0,A,A,0,No Deposit,,0,Transient,200.1,0,1
Resort Hotel,0,240,2016,August,35,22,1,5,2,0.0,0,BB,CHE,Online TA,TA/TO,0,0,0,A,A,0,No Deposit,240.0,0,Transient,138.0,1,1
Resort Hotel,0,205,2016,August,34,14,4,10,2,0.0,0,BB,GBR,Offline TA/TO,TA/TO,0,0,0,D,D,0,No Deposit,243.0,0,Contract,104.55,0,3
Resort Hotel,0,4,2016,August,35,26,0,2,2,0.0,0,BB,ESP,Online TA,TA/TO,0,0,0,A,A,0,No Deposit,240.0,0,Transient,216.0,1,1
Resort Hotel,0,104,2016,August,35,23,0,5,2,0.0,0,BB,PRT,Online TA,TA/TO,0,0,0,A,A,0,No Deposit,241.0,0,Transient,146.75,1,1
Resort Hotel,0,18,2016,August,35,26,0,2,2,0.0,0,BB,USA,Online TA,TA/TO,0,0,0,D,D,1,No Deposit,241.0,0,Transient,153.37,1,1
Resort Hotel,0,7,2016,August,35,26,0,2,2,0.0,0,BB,ESP,Online TA,TA/TO,0,0,0,A,A,0,No Deposit,240.0,0,Transient-Party,223.0,1,1
Resort Hotel,0,7,2016,August,35,26,0,2,2,0.0,0,BB,ESP,Online TA,TA/TO,0,0,0,A,A,0,No Deposit,240.0,0,Transient-Party,199.0,0,1
Resort Hotel,0,64,2016,August,35,23,1,5,2,0.0,0,HB,PRT,Online TA,TA/TO,0,0,0,D,D,0,No Deposit,240.0,0,Transient,243.67,0,2
Resort Hotel,0,14,2016,August,35,25,1,3,2,0.0,0,BB,GBR,Online TA,TA/TO,0,0,0,C,C,0,No Deposit,241.0,0,Transient,170.43,0,1
Resort Hotel,0,82,2016,August,35,22,2,5,2,0.0,0,BB,ESP,Online TA,TA/TO,0,0,0,A,A,0,No Deposit,240.0,0,Transient,190.43,0,0
Resort Hotel,0,82,2016,August,35,22,2,5,2,0.0,0,BB,ESP,Online TA,TA/TO,0,0,0,A,A,0,No Deposit,240.0,0,Transient,179.0,0,0
Resort Hotel,0,6,2016,August,36,28,1,0,2,0.0,0,BB,FRA,Online TA,TA/TO,0,0,0,A,A,0,No Deposit,240.0,0,Transient-Party,159.0,0,2
Resort Hotel,0,15,2016,August,35,27,1,1,2,0.0,0,BB,USA,Online TA,TA/TO,0,0,0,D,D,0,No Deposit,241.0,0,Transient,171.47,1,1
Resort Hotel,0,39,2016,August,35,25,1,3,2,0.0,0,HB,ESP,Online TA,TA/TO,0,0,0,E,E,0,No Deposit,240.0,0,Transient,270.5,1,1
Resort Hotel,0,21,2016,August,36,29,1,2,2,0.0,0,BB,PRT,Direct,TA/TO,0,0,0,A,A,0,No Deposit,250.0,0,Transient,153.0,0,3
Resort Hotel,0,27,2016,August,35,22,2,5,2,0.0,0,BB,FRA,Online TA,TA/TO,0,0,0,E,E,0,No Deposit,240.0,0,Transient,236.14,0,1
Resort Hotel,0,2,2016,August,35,27,1,1,2,0.0,0,HB,PRT,Direct,Direct,0,0,0,D,D,0,No Deposit,250.0,0,Transient,231.0,1,0
Resort Hotel,0,39,2016,August,35,21,3,5,2,0.0,0,HB,IRL,Online TA,TA/TO,0,0,0,E,E,0,No Deposit,240.0,0,Transient,270.38,0,2
Resort Hotel,0,214,2016,August,34,19,3,7,2,0.0,0,BB,IRL,Online TA,TA/TO,0,0,0,A,A,1,No Deposit,240.0,0,Transient,138.0,0,1
Resort Hotel,0,220,2016,August,35,22,2,5,2,0.0,0,BB,ROU,Online TA,TA/TO,0,0,0,E,E,0,No Deposit,241.0,0,Transient,119.29,0,1
Resort Hotel,0,44,2016,August,35,25,1,3,2,0.0,0,BB,PRT,Online TA,TA/TO,0,0,0,A,A,0,No Deposit,240.0,0,Transient,196.5,0,1
Resort Hotel,0,1,2016,August,35,27,1,1,2,0.0,0,BB,EGY,Online TA,TA/TO,0,0,0,A,A,0,No Deposit,306.0,0,Transient,122.89,0,0
Resort Hotel,0,18,2016,August,35,26,1,2,2,0.0,0,BB,GBR,Online TA,TA/TO,0,0,0,D,D,0,No Deposit,240.0,0,Transient,201.0,0,1
Resort Hotel,0,22,2016,August,35,27,1,1,2,0.0,0,BB,FRA,Online TA,TA/TO,0,0,0,D,D,0,No Deposit,240.0,0,Transient,216.0,0,1
Resort Hotel,0,36,2016,August,35,22,2,5,2,0.0,0,HB,ESP,Direct,Direct,0,0,0,D,D,1,No Deposit,250.0,0,Transient,251.14,0,1
Resort Hotel,0,11,2016,August,35,26,1,2,2,0.0,0,BB,ESP,Online TA,TA/TO,0,0,0,D,D,0,No Deposit,240.0,0,Transient-Party,219.67,1,2
Resort Hotel,0,11,2016,August,35,26,1,2,2,0.0,0,BB,ESP,Online TA,TA/TO,0,0,0,D,D,0,No Deposit,240.0,0,Transient-Party,207.67,0,2
Resort Hotel,0,15,2016,August,35,22,2,5,2,0.0,0,BB,PRT,Direct,Direct,0,0,0,F,F,0,No Deposit,250.0,0,Transient,239.43,1,0
Resort Hotel,0,26,2016,August,35,22,2,5,2,0.0,0,BB,IRL,Online TA,TA/TO,0,0,0,E,E,0,No Deposit,240.0,0,Transient,238.14,0,3
Resort Hotel,0,0,2016,August,36,29,1,0,2,0.0,0,BB,PRT,Direct,Direct,1,0,0,A,B,1,No Deposit,,0,Transient,171.0,1,0
Resort Hotel,0,22,2016,August,35,25,2,3,2,0.0,0,BB,GBR,Offline TA/TO,TA/TO,0,0,0,D,D,0,No Deposit,40.0,0,Transient,125.0,0,0
Resort Hotel,0,8,2016,August,35,26,2,2,2,0.0,0,HB,GBR,Online TA,TA/TO,0,0,0,D,D,1,No Deposit,241.0,0,Transient,141.91,0,1
Resort Hotel,0,39,2016,August,35,24,2,4,2,0.0,0,HB,DEU,Online TA,TA/TO,0,0,0,D,D,0,No Deposit,240.0,0,Transient,246.0,0,2
Resort Hotel,0,226,2016,August,36,28,2,0,2,0.0,0,BB,PRT,Direct,Direct,0,0,0,A,A,0,No Deposit,250.0,0,Transient,114.0,1,1
Resort Hotel,0,272,2016,August,35,25,2,3,2,0.0,0,BB,GBR,Offline TA/TO,TA/TO,0,0,0,E,E,0,No Deposit,201.0,0,Transient,129.6,0,0
Resort Hotel,0,272,2016,August,35,25,2,3,2,0.0,0,BB,GBR,Offline TA/TO,TA/TO,0,0,0,E,E,0,No Deposit,201.0,0,Transient,129.6,0,0
Resort Hotel,0,272,2016,August,35,25,2,3,2,0.0,0,BB,GBR,Offline TA/TO,TA/TO,0,0,0,E,E,0,No Deposit,201.0,0,Transient-Party,129.6,0,0
Resort Hotel,0,272,2016,August,35,25,2,3,2,0.0,0,BB,GBR,Offline TA/TO,TA/TO,0,0,0,E,E,0,No Deposit,201.0,0,Transient-Party,131.6,0,0
Resort Hotel,0,272,2016,August,35,25,2,3,2,0.0,0,BB,GBR,Offline TA/TO,TA/TO,0,0,0,E,E,0,No Deposit,201.0,0,Transient-Party,131.6,0,0
Resort Hotel,0,272,2016,August,35,25,2,3,2,0.0,0,BB,GBR,Offline TA/TO,TA/TO,0,0,0,E,E,0,No Deposit,201.0,0,Transient,129.6,0,0
Resort Hotel,0,50,2016,August,35,27,2,1,2,0.0,0,BB,ESP,Direct,Direct,0,0,0,E,E,0,No Deposit,250.0,0,Transient,209.1,1,0
Resort Hotel,0,41,2016,August,35,27,2,1,2,0.0,0,BB,CHE,Online TA,TA/TO,0,0,0,F,F,0,No Deposit,242.0,0,Transient,241.0,0,1
Resort Hotel,0,116,2016,August,35,27,2,1,2,0.0,0,BB,ESP,Online TA,TA/TO,0,0,0,A,A,0,No Deposit,240.0,0,Transient,171.0,0,2
Resort Hotel,0,0,2016,August,36,29,1,0,2,0.0,0,BB,PRT,Online TA,TA/TO,0,0,0,A,A,0,No Deposit,306.0,0,Transient,118.08,0,0
Resort Hotel,0,205,2016,August,35,26,2,2,2,0.0,0,BB,DEU,Offline TA/TO,TA/TO,0,0,0,E,E,0,No Deposit,75.0,0,Contract,113.05,0,0
Resort Hotel,0,23,2016,August,35,23,2,5,2,0.0,0,BB,ESP,Direct,Direct,0,0,0,F,F,0,No Deposit,250.0,0,Transient,243.86,1,0
Resort Hotel,0,69,2016,August,35,24,2,5,2,0.0,0,BB,IRL,Online TA,TA/TO,0,0,0,D,E,0,No Deposit,240.0,0,Transient,195.43,0,2
Resort Hotel,0,3,2016,August,35,24,2,5,2,0.0,0,BB,GBR,Online TA,TA/TO,0,0,0,D,D,0,No Deposit,240.0,0,Transient,198.86,0,5
Resort Hotel,0,36,2016,August,35,24,2,5,2,0.0,0,BB,GBR,Offline TA/TO,TA/TO,0,0,0,D,D,0,No Deposit,40.0,0,Transient,123.0,0,0
Resort Hotel,0,98,2016,August,35,26,2,3,2,0.0,0,BB,GBR,Online TA,TA/TO,0,0,0,E,E,0,No Deposit,240.0,0,Transient,199.6,0,1
Resort Hotel,0,166,2016,August,35,27,2,2,2,0.0,0,BB,GBR,Offline TA/TO,TA/TO,0,0,0,A,A,0,No Deposit,171.0,0,Transient-Party,100.8,0,0
Resort Hotel,0,38,2016,August,35,27,2,2,2,0.0,0,BB,BRA,Online TA,TA/TO,0,0,0,E,E,0,No Deposit,241.0,0,Transient,168.63,0,1
Resort Hotel,0,14,2016,August,36,30,0,1,2,0.0,0,BB,BEL,Online TA,TA/TO,0,0,0,A,B,0,No Deposit,240.0,0,Transient,180.0,0,2
Resort Hotel,0,63,2016,August,36,30,0,1,2,0.0,0,BB,CHN,Offline TA/TO,TA/TO,0,0,0,A,D,0,No Deposit,327.0,0,Transient-Party,112.0,0,2
Resort Hotel,0,63,2016,August,36,30,0,1,2,0.0,0,BB,CHN,Offline TA/TO,TA/TO,0,0,0,A,E,0,No Deposit,327.0,0,Transient-Party,112.0,0,2
Resort Hotel,0,63,2016,August,36,30,0,1,2,0.0,0,BB,CHN,Offline TA/TO,TA/TO,0,0,0,A,C,0,No Deposit,327.0,0,Transient-Party,112.0,0,2
Resort Hotel,0,63,2016,August,36,30,0,1,2,0.0,0,BB,CHN,Offline TA/TO,TA/TO,0,0,0,A,E,0,No Deposit,327.0,0,Transient-Party,112.0,0,2
Resort Hotel,0,7,2016,August,36,29,1,1,2,0.0,0,BB,ESP,Direct,Direct,0,0,0,A,A,1,No Deposit,250.0,0,Transient,163.0,1,0
Resort Hotel,0,207,2016,August,35,26,2,3,2,0.0,0,BB,PRT,Direct,Direct,0,0,0,A,A,0,No Deposit,,0,Transient,115.2,0,0
Resort Hotel,0,272,2016,August,35,24,2,5,2,0.0,0,HB,PRT,Offline TA/TO,TA/TO,0,0,0,D,D,0,No Deposit,171.0,0,Transient,140.31,0,1
Resort Hotel,0,17,2016,August,36,28,2,1,2,0.0,0,HB,ESP,Direct,Direct,0,0,0,A,A,0,No Deposit,250.0,0,Transient,222.0,1,1
Resort Hotel,0,32,2016,August,36,28,2,1,2,0.0,0,BB,NLD,Online TA,TA/TO,0,0,0,D,D,0,No Deposit,240.0,0,Transient,216.0,0,2
Resort Hotel,0,31,2016,August,36,29,1,1,2,0.0,0,BB,ESP,Direct,Direct,0,0,0,D,D,0,No Deposit,250.0,0,Transient,186.6,0,1
Resort Hotel,0,5,2016,August,36,29,1,1,2,0.0,0,BB,PRT,Online TA,TA/TO,0,0,0,A,D,1,No Deposit,15.0,0,Transient,139.2,1,1
Resort Hotel,0,2,2016,August,35,26,2,3,2,0.0,0,BB,PRT,Direct,Direct,0,0,0,A,A,0,No Deposit,250.0,0,Transient,167.0,0,0
Resort Hotel,0,0,2016,August,36,30,0,1,2,0.0,0,BB,PRT,Direct,Direct,0,0,0,E,E,0,No Deposit,250.0,0,Transient,181.0,0,0
Resort Hotel,0,43,2016,August,35,27,2,2,2,0.0,0,BB,IRL,Online TA,TA/TO,0,0,0,D,D,0,No Deposit,240.0,0,Transient,205.5,0,2
Resort Hotel,0,216,2016,August,35,25,2,5,2,0.0,0,HB,GBR,Offline TA/TO,TA/TO,0,0,0,D,D,0,No Deposit,243.0,0,Contract,92.1,0,0
Resort Hotel,0,189,2016,August,35,25,2,5,2,0.0,0,BB,IRL,Offline TA/TO,TA/TO,0,0,0,A,D,0,No Deposit,243.0,0,Contract,79.8,0,0
Resort Hotel,0,209,2016,August,35,22,3,7,2,0.0,0,BB,GBR,Online TA,TA/TO,0,0,0,E,E,0,No Deposit,242.0,0,Transient,152.3,0,1
Resort Hotel,0,205,2016,August,35,26,2,4,2,0.0,0,BB,GBR,Offline TA/TO,TA/TO,0,0,0,A,A,0,No Deposit,40.0,0,Contract,59.8,0,1
Resort Hotel,0,189,2016,August,35,25,2,5,2,0.0,0,BB,GBR,Offline TA/TO,TA/TO,0,0,0,A,A,0,No Deposit,243.0,0,Contract,57.8,0,0
Resort Hotel,0,5,2016,August,36,28,2,2,2,0.0,0,BB,PRT,Direct,Direct,0,0,0,A,A,0,No Deposit,,0,Transient,161.0,0,0
Resort Hotel,0,43,2016,August,36,28,2,2,2,0.0,0,BB,ESP,Online TA,TA/TO,0,0,0,D,D,0,No Deposit,240.0,0,Transient,216.0,1,1
Resort Hotel,0,0,2016,August,36,31,0,1,2,0.0,0,BB,FRA,Direct,Direct,0,0,0,E,E,0,No Deposit,,0,Transient,139.0,0,1
Resort Hotel,0,101,2016,August,36,31,0,1,2,0.0,0,BB,PRT,Online TA,TA/TO,0,0,0,A,A,0,No Deposit,240.0,0,Transient,171.0,1,1
Resort Hotel,0,23,2016,August,36,29,1,2,2,0.0,0,HB,DEU,Online TA,TA/TO,0,0,0,A,C,0,No Deposit,240.0,0,Transient,212.0,0,1
Resort Hotel,0,205,2016,August,35,26,2,4,2,0.0,0,BB,GBR,Offline TA/TO,TA/TO,0,0,0,A,A,0,No Deposit,40.0,0,Contract,57.8,0,1
Resort Hotel,0,57,2016,August,36,30,0,2,2,0.0,0,BB,NOR,Direct,Direct,0,0,0,A,A,0,No Deposit,,0,Transient,102.0,1,1
Resort Hotel,0,195,2016,August,36,28,2,2,2,0.0,0,BB,CN,Offline TA/TO,TA/TO,0,0,0,A,A,1,Non Refund,96.0,0,Transient-Party,66.3,0,0
Resort Hotel,0,22,2016,August,36,28,2,2,2,0.0,0,HB,CHE,Online TA,TA/TO,0,0,0,A,A,0,No Deposit,240.0,0,Transient,224.0,1,0
Resort Hotel,0,3,2016,August,35,22,3,7,2,0.0,0,BB,PRT,Online TA,TA/TO,0,0,0,A,A,0,No Deposit,339.0,0,Transient,146.4,0,0
Resort Hotel,0,0,2016,August,36,31,0,1,2,0.0,0,BB,PRT,Direct,Direct,0,0,0,A,E,0,No Deposit,,0,Transient,139.0,0,0
Resort Hotel,0,0,2016,August,36,31,0,1,2,0.0,0,BB,PRT,Direct,Direct,0,0,0,A,E,0,No Deposit,,0,Transient,139.0,0,0
Resort Hotel,0,16,2016,August,36,28,2,2,2,0.0,0,HB,PRT,Online TA,TA/TO,0,0,0,A,A,0,No Deposit,196.0,0,Transient,169.6,0,0
Resort Hotel,0,24,2016,August,35,25,2,5,2,0.0,0,BB,GBR,Offline TA/TO,TA/TO,0,0,0,D,D,0,No Deposit,40.0,0,Transient,82.0,0,0
Resort Hotel,0,39,2016,August,36,30,0,2,2,0.0,0,HB,PRT,Direct,Direct,0,0,0,D,D,1,No Deposit,,0,Transient,169.0,0,3
Resort Hotel,0,0,2016,August,36,31,0,1,2,0.0,0,BB,CN,Direct,Direct,0,0,0,D,D,0,No Deposit,,0,Transient,124.0,0,0
Resort Hotel,0,77,2016,August,35,26,2,5,2,0.0,0,BB,IRL,Online TA,TA/TO,0,0,0,A,A,0,No Deposit,240.0,0,Transient,176.43,0,2
Resort Hotel,0,11,2016,August,35,26,2,5,2,0.0,0,BB,GBR,Online TA,TA/TO,0,0,0,A,A,0,No Deposit,314.0,0,Transient,147.94,0,0
Resort Hotel,0,1,2016,August,35,27,2,4,2,0.0,0,BB,AUT,Online TA,TA/TO,0,0,0,A,A,0,No Deposit,240.0,0,Transient,169.0,0,1
Resort Hotel,0,225,2016,August,35,23,2,8,2,0.0,0,BB,GBR,Offline TA/TO,TA/TO,0,0,0,E,E,0,No Deposit,40.0,0,Contract,85.3,0,0
Resort Hotel,0,214,2016,August,35,26,2,5,2,0.0,0,Undefined,ESP,Offline TA/TO,TA/TO,0,0,0,A,A,0,No Deposit,314.0,0,Transient,137.43,0,0
Resort Hotel,0,22,2016,August,35,26,2,5,2,0.0,0,BB,POL,Offline TA/TO,TA/TO,0,0,0,D,D,0,No Deposit,69.0,0,Transient,82.0,0,0
Resort Hotel,0,221,2016,August,35,26,2,5,2,0.0,0,BB,GBR,Offline TA/TO,TA/TO,0,0,0,A,A,1,No Deposit,314.0,0,Transient,87.43,0,0
Resort Hotel,0,12,2016,August,35,26,2,5,2,0.0,0,HB,GBR,Online TA,TA/TO,0,0,0,A,A,1,No Deposit,314.0,0,Transient,173.94,0,0
Resort Hotel,0,89,2016,August,36,29,1,3,2,0.0,0,BB,CN,Online TA,TA/TO,0,0,0,A,A,0,No Deposit,242.0,0,Transient,183.5,0,1
Resort Hotel,0,0,2016,August,36,31,0,2,2,0.0,0,BB,PRT,Direct,Direct,0,0,0,A,D,0,No Deposit,,0,Transient,144.0,0,0
Resort Hotel,0,0,2016,August,36,31,0,2,2,0.0,0,BB,PRT,Direct,Direct,0,0,0,A,C,0,No Deposit,,0,Transient,136.0,0,0
Resort Hotel,0,52,2016,August,35,27,2,4,2,0.0,0,HB,PRT,Online TA,TA/TO,0,0,0,A,A,0,No Deposit,240.0,0,Transient,212.67,0,1
Resort Hotel,0,4,2016,August,36,28,2,3,2,0.0,0,BB,PRT,Direct,Direct,0,0,0,A,A,0,No Deposit,250.0,0,Transient-Party,161.0,1,0
Resort Hotel,0,4,2016,August,36,28,2,3,2,0.0,0,BB,PRT,Direct,Direct,0,0,0,A,A,0,No Deposit,250.0,0,Transient-Party,149.0,0,0
Resort Hotel,0,6,2016,August,36,28,2,3,2,0.0,0,HB,PRT,Offline TA/TO,TA/TO,0,0,0,A,A,0,No Deposit,438.0,0,Transient-Party,163.0,0,0
Resort Hotel,0,6,2016,August,36,28,2,3,2,0.0,0,HB,PRT,Offline TA/TO,TA/TO,0,0,0,A,A,0,No Deposit,438.0,0,Transient-Party,175.0,1,1
Resort Hotel,0,141,2016,August,36,29,1,3,2,0.0,0,BB,IRL,Online TA,TA/TO,0,0,0,A,A,0,No Deposit,147.0,0,Transient,128.9,0,0
Resort Hotel,0,23,2016,August,35,26,2,5,2,0.0,0,BB,NLD,Online TA,TA/TO,0,0,0,D,D,0,No Deposit,242.0,0,Transient,185.6,0,1
Resort Hotel,0,0,2016,September,36,2,0,1,2,0.0,0,BB,NLD,Direct,TA/TO,1,0,0,C,C,0,No Deposit,,0,Group,177.0,0,1
Resort Hotel,0,95,2016,August,36,30,0,3,2,0.0,0,BB,USA,Direct,Direct,0,0,0,F,F,1,No Deposit,250.0,0,Transient,195.67,0,0
Resort Hotel,0,219,2016,August,36,29,1,3,2,0.0,0,BB,USA,Offline TA/TO,TA/TO,0,0,0,A,A,0,No Deposit,314.0,0,Transient,93.0,1,0
Resort Hotel,0,219,2016,August,36,29,1,3,2,0.0,0,BB,USA,Offline TA/TO,TA/TO,0,0,0,A,A,0,No Deposit,314.0,0,Transient,81.0,0,0
Resort Hotel,0,219,2016,August,36,29,1,3,2,0.0,0,BB,USA,Offline TA/TO,TA/TO,0,0,0,A,A,0,No Deposit,177.0,0,Transient,64.8,0,1
Resort Hotel,0,6,2016,August,36,29,1,3,2,0.0,0,HB,PRT,Direct,Direct,0,0,0,A,A,0,No Deposit,250.0,0,Transient,164.1,0,0
Resort Hotel,0,20,2016,August,36,28,2,3,2,0.0,0,BB,DEU,Online TA,TA/TO,0,0,0,A,A,0,No Deposit,240.0,0,Transient,175.8,0,1
Resort Hotel,0,7,2016,August,36,29,1,3,2,0.0,0,HB,PRT,Direct,Direct,0,0,0,A,A,1,No Deposit,250.0,0,Transient,176.1,1,1
Resort Hotel,0,0,2016,August,36,29,1,3,2,0.0,0,BB,PRT,Direct,Direct,0,0,0,A,C,0,No Deposit,,0,Transient,170.25,0,0
Resort Hotel,0,209,2016,August,36,29,1,3,2,0.0,0,BB,PRT,Offline TA/TO,TA/TO,0,0,0,A,A,0,No Deposit,314.0,0,Transient,93.0,1,0
Resort Hotel,0,18,2016,August,35,27,2,4,2,0.0,0,HB,PRT,Online TA,TA/TO,0,0,0,C,C,1,No Deposit,314.0,0,Transient,212.53,1,0
Resort Hotel,0,69,2016,August,36,29,1,3,2,0.0,0,HB,PRT,Online TA,TA/TO,0,0,0,A,C,1,No Deposit,240.0,0,Transient,200.0,0,1
Resort Hotel,0,101,2016,August,36,30,0,3,2,0.0,0,BB,CN,Direct,Direct,0,0,0,F,F,0,No Deposit,250.0,0,Transient,197.67,0,0
Resort Hotel,0,130,2016,August,34,20,4,10,2,0.0,0,BB,IRL,Direct,Direct,0,0,0,D,D,0,No Deposit,,0,Transient,189.86,0,0
Resort Hotel,0,226,2016,August,35,27,2,5,2,0.0,0,BB,NLD,Online TA,TA/TO,0,0,0,G,G,0,No Deposit,240.0,0,Transient,213.43,1,0
Resort Hotel,0,159,2016,August,35,27,2,5,2,0.0,0,BB,IRL,Offline TA/TO,TA/TO,0,0,0,D,D,0,No Deposit,115.0,0,Transient,77.6,0,2
Resort Hotel,0,157,2016,August,35,27,2,5,2,0.0,0,BB,GBR,Offline TA/TO,TA/TO,0,0,0,E,E,0,No Deposit,143.0,0,Contract,89.91,0,1
Resort Hotel,0,212,2016,August,35,27,2,5,2,0.0,0,HB,GBR,Offline TA/TO,TA/TO,0,0,0,D,D,0,No Deposit,40.0,0,Contract,94.0,0,0
Resort Hotel,0,185,2016,August,35,27,2,5,2,0.0,0,BB,GBR,Offline TA/TO,TA/TO,0,0,0,E,E,0,No Deposit,143.0,0,Contract,90.2,0,2
Resort Hotel,0,185,2016,August,35,27,2,5,2,0.0,0,BB,PRT,Offline TA/TO,TA/TO,0,0,0,E,E,0,No Deposit,143.0,0,Contract,88.2,0,2
Resort Hotel,0,50,2016,August,36,28,2,4,2,0.0,0,BB,BRA,Online TA,TA/TO,0,0,0,D,D,0,No Deposit,240.0,0,Transient,216.0,1,1
Resort Hotel,0,61,2016,August,35,27,2,5,2,0.0,0,BB,FRA,Online TA,TA/TO,0,0,0,A,A,0,No Deposit,240.0,0,Transient,186.71,1,2
Resort Hotel,0,33,2016,August,35,27,2,5,2,0.0,0,HB,PRT,Online TA,TA/TO,0,0,0,C,C,1,No Deposit,314.0,0,Transient,218.0,0,0
Resort Hotel,0,99,2016,August,36,30,0,4,2,0.0,0,BB,PRT,Online TA,TA/TO,0,0,0,A,A,0,No Deposit,240.0,0,Transient,162.5,0,2
Resort Hotel,0,99,2016,August,36,30,0,4,2,0.0,0,BB,PRT,Online TA,TA/TO,0,0,0,A,A,0,No Deposit,240.0,0,Transient,151.0,0,2
Resort Hotel,0,33,2016,August,36,28,2,4,2,0.0,0,BB,CHE,Direct,Direct,0,0,0,C,C,0,No Deposit,250.0,0,Transient,220.33,0,0
Resort Hotel,0,107,2016,August,36,28,2,4,2,0.0,0,HB,PRT,Online TA,TA/TO,0,0,0,D,D,0,No Deposit,240.0,0,Transient-Party,202.67,0,1
Resort Hotel,0,51,2016,August,35,21,4,9,2,0.0,0,BB,ESP,Offline TA/TO,TA/TO,0,0,0,F,F,1,No Deposit,433.0,0,Transient,193.6,0,0
Resort Hotel,0,68,2016,September,36,2,0,1,2,0.0,0,BB,PRT,Direct,Direct,0,0,0,E,F,1,No Deposit,250.0,0,Transient,265.0,0,0
Resort Hotel,0,106,2016,August,35,27,2,5,2,0.0,0,BB,PRT,Direct,Direct,0,0,0,F,F,0,No Deposit,250.0,0,Transient,177.17,0,0
Resort Hotel,0,39,2016,August,36,30,0,4,2,0.0,0,HB,PRT,Direct,Direct,0,0,0,E,E,3,No Deposit,,0,Transient,181.0,1,3
Resort Hotel,0,183,2016,August,34,20,4,10,2,0.0,0,BB,IRL,Offline TA/TO,TA/TO,0,0,0,D,D,0,No Deposit,8.0,0,Transient,107.29,0,0
Resort Hotel,0,155,2016,August,35,27,2,5,2,0.0,0,HB,PRT,Online TA,TA/TO,0,0,0,A,A,4,No Deposit,15.0,0,Transient,149.94,0,0
Resort Hotel,0,103,2016,August,36,30,0,4,2,0.0,0,HB,ESP,Online TA,TA/TO,0,0,0,D,D,0,No Deposit,240.0,0,Transient,198.5,0,3
Resort Hotel,0,55,2016,August,34,18,4,12,2,0.0,0,BB,NOR,Direct,Direct,0,0,0,F,E,0,No Deposit,250.0,0,Transient,203.29,0,1
Resort Hotel,0,8,2016,September,36,1,0,2,2,0.0,0,BB,ESP,Direct,Direct,0,0,0,A,C,0,No Deposit,250.0,0,Transient,161.0,0,0
Resort Hotel,0,161,2016,August,35,27,2,5,2,0.0,0,BB,IRL,Offline TA/TO,TA/TO,0,0,0,D,D,0,No Deposit,8.0,0,Transient,95.66,0,0
Resort Hotel,0,1,2016,August,36,28,2,4,2,0.0,0,BB,PRT,Direct,Direct,0,0,0,A,A,0,No Deposit,250.0,0,Transient,161.0,0,0
Resort Hotel,0,2,2016,August,36,31,0,3,2,0.0,0,BB,PRT,Online TA,TA/TO,0,0,0,A,B,0,No Deposit,240.0,0,Transient,150.0,1,1
Resort Hotel,0,1,2016,September,36,2,0,1,2,0.0,0,BB,USA,Online TA,TA/TO,0,0,0,A,A,0,No Deposit,240.0,0,Transient,161.0,1,1
Resort Hotel,0,6,2016,September,36,1,0,2,2,0.0,0,BB,CN,Online TA,TA/TO,0,0,0,A,E,0,No Deposit,240.0,0,Transient,159.0,0,2
Resort Hotel,0,160,2016,August,35,27,2,5,2,0.0,0,BB,IRL,Online TA,TA/TO,0,0,0,A,A,0,No Deposit,314.0,0,Transient,113.91,0,0
Resort Hotel,0,132,2016,August,36,29,1,5,2,0.0,0,HB,ESP,Online TA,TA/TO,0,0,0,A,C,0,No Deposit,242.0,0,Transient,193.5,0,1
Resort Hotel,0,0,2016,September,36,3,0,1,2,0.0,0,BB,ESP,Direct,Direct,0,0,0,E,E,0,No Deposit,,0,Transient,181.0,1,0
Resort Hotel,0,212,2016,August,35,21,4,10,2,0.0,0,BB,GBR,Offline TA/TO,TA/TO,0,0,0,A,A,0,No Deposit,243.0,0,Contract,57.8,0,1
Resort Hotel,0,212,2016,August,35,21,4,10,2,0.0,0,BB,GBR,Offline TA/TO,TA/TO,0,0,0,A,A,0,No Deposit,243.0,0,Contract,57.8,0,1
Resort Hotel,0,27,2016,September,36,1,0,3,2,0.0,0,BB,FRA,Online TA,TA/TO,0,0,0,A,A,0,No Deposit,240.0,0,Transient,191.0,0,1
Resort Hotel,0,1,2016,September,36,3,0,1,2,0.0,0,BB,USA,Direct,Direct,0,0,0,D,D,0,No Deposit,250.0,0,Transient,154.0,0,1
Resort Hotel,0,16,2016,September,36,2,0,2,2,0.0,0,BB,USA,Direct,Direct,0,0,0,G,G,0,No Deposit,250.0,0,Transient,209.1,1,1
Resort Hotel,0,171,2016,September,36,1,0,3,2,0.0,0,BB,PRT,Direct,Direct,0,0,0,A,A,0,No Deposit,,0,Transient,132.6,0,0
Resort Hotel,0,171,2016,September,36,1,0,3,2,0.0,0,BB,PRT,Direct,Direct,0,0,0,A,A,0,No Deposit,,0,Transient,132.6,1,0
Resort Hotel,0,49,2016,September,36,1,0,3,2,0.0,0,BB,ESP,Online TA,TA/TO,0,0,0,A,A,0,No Deposit,240.0,0,Transient,189.33,0,1
Resort Hotel,0,55,2016,August,36,28,2,5,2,0.0,0,HB,PRT,Online TA,TA/TO,0,0,0,D,D,0,No Deposit,240.0,0,Transient,226.57,0,1
Resort Hotel,0,84,2016,August,36,28,2,5,2,0.0,0,HB,PRT,Online TA,TA/TO,0,0,0,D,D,1,No Deposit,240.0,0,Transient-Party,213.14,0,0
Resort Hotel,0,36,2016,September,36,1,0,3,2,0.0,0,BB,ITA,Online TA,TA/TO,0,0,0,A,A,1,No Deposit,240.0,0,Transient,189.0,0,0
Resort Hotel,0,1,2016,September,36,3,0,1,2,0.0,0,BB,USA,Online TA,TA/TO,0,0,0,D,D,0,No Deposit,240.0,0,Transient,164.0,0,0
Resort Hotel,0,6,2016,September,36,2,0,2,2,0.0,0,HB,PRT,Online TA,TA/TO,0,0,0,A,A,0,No Deposit,241.0,0,Transient,159.07,1,2
Resort Hotel,0,0,2016,September,36,3,0,1,2,0.0,0,BB,PRT,Online TA,TA/TO,0,0,0,D,D,0,No Deposit,240.0,0,Transient,176.0,1,1
Resort Hotel,0,154,2016,August,36,29,1,5,2,0.0,0,BB,ESP,Online TA,TA/TO,0,0,0,A,A,0,No Deposit,240.0,0,Transient,161.5,1,3
Resort Hotel,1,357,2017,August,35,30,0,4,2,0.0,0,BB,ESP,Online TA,TA/TO,1,1,1,A,A,6,No Deposit,240.0,0,Transient,142.22,0,2
Resort Hotel,0,2,2016,September,36,2,0,2,2,0.0,0,HB,PRT,Direct,Direct,0,0,0,D,D,1,No Deposit,250.0,0,Transient,189.6,1,0
Resort Hotel,0,0,2016,September,36,3,0,1,2,0.0,0,BB,PRT,Direct,Direct,0,0,0,A,F,0,No Deposit,,0,Transient,179.0,0,0
Resort Hotel,0,228,2016,August,36,29,2,5,2,0.0,0,BB,PRT,Offline TA/TO,TA/TO,0,0,0,D,D,0,No Deposit,71.0,0,Transient,86.0,0,1
Resort Hotel,0,24,2016,September,36,1,1,3,2,0.0,0,BB,NGA,Online TA,TA/TO,0,0,0,F,E,0,No Deposit,241.0,0,Transient,164.78,0,2
Resort Hotel,0,221,2016,August,35,22,4,10,2,0.0,0,HB,GBR,Offline TA/TO,TA/TO,0,0,0,A,A,0,No Deposit,40.0,0,Contract,89.2,0,0
Resort Hotel,0,190,2016,September,36,1,1,3,2,0.0,0,BB,PRT,Offline TA/TO,TA/TO,0,0,0,A,A,0,No Deposit,314.0,0,Transient,87.68,0,0
Resort Hotel,0,50,2016,August,36,31,1,4,2,0.0,0,BB,USA,Direct,Direct,0,0,0,G,G,0,No Deposit,250.0,0,Transient,239.0,0,0
Resort Hotel,0,167,2016,August,36,29,2,5,2,0.0,0,BB,GBR,Online TA,TA/TO,0,0,0,E,E,0,No Deposit,314.0,0,Transient,123.47,0,0
Resort Hotel,0,177,2016,August,36,30,1,5,2,0.0,0,BB,FRA,Online TA,TA/TO,0,0,0,A,A,0,No Deposit,242.0,0,Transient,142.67,0,1
Resort Hotel,0,228,2016,August,36,29,2,5,2,0.0,0,BB,IRL,Offline TA/TO,TA/TO,0,0,0,D,D,0,No Deposit,175.0,0,Transient,86.4,0,0
Resort Hotel,0,158,2016,August,36,31,1,4,2,0.0,0,BB,ESP,Online TA,TA/TO,0,0,0,A,A,2,No Deposit,240.0,0,Transient,169.2,1,1
Resort Hotel,0,14,2016,August,36,31,1,4,2,0.0,0,BB,PRT,Direct,Direct,0,0,0,E,E,3,No Deposit,,0,Transient,197.0,1,2
Resort Hotel,0,5,2016,September,36,1,1,3,2,0.0,0,BB,PRT,Online TA,TA/TO,0,0,0,A,A,0,No Deposit,240.0,0,Transient,159.0,0,0
Resort Hotel,0,176,2016,August,35,27,3,6,2,0.0,0,HB,PRT,Direct,Direct,0,0,0,A,A,1,No Deposit,250.0,0,Transient,153.1,0,0
Resort Hotel,0,176,2016,August,35,27,3,6,2,0.0,0,HB,PRT,Direct,Direct,0,0,0,A,A,1,No Deposit,250.0,0,Transient,153.1,0,0
Resort Hotel,0,21,2016,September,36,3,1,1,2,0.0,0,BB,PRT,Online TA,TA/TO,0,0,0,D,D,0,No Deposit,240.0,0,Transient,174.0,0,1
Resort Hotel,0,27,2016,September,36,2,1,2,2,0.0,0,BB,PRT,Direct,Direct,0,0,0,D,D,1,No Deposit,250.0,0,Transient,155.0,0,1
Resort Hotel,0,256,2016,August,36,31,1,4,2,0.0,0,HB,ROU,Offline TA/TO,TA/TO,0,0,0,A,A,2,No Deposit,69.0,0,Transient,91.9,1,0
Resort Hotel,0,61,2016,September,36,3,1,1,2,0.0,0,BB,USA,Online TA,TA/TO,0,0,0,E,G,0,No Deposit,242.0,0,Transient,181.0,0,1
Resort Hotel,0,211,2016,September,36,1,1,3,2,0.0,0,BB,NLD,Online TA,TA/TO,0,0,0,D,D,0,No Deposit,240.0,0,Transient,100.0,0,2
Resort Hotel,0,211,2016,September,36,1,1,3,2,0.0,0,BB,NLD,Online TA,TA/TO,0,0,0,D,E,0,No Deposit,240.0,0,Transient,100.0,0,2
Resort Hotel,0,211,2016,September,36,1,1,3,2,0.0,0,BB,NLD,Online TA,TA/TO,0,0,0,D,E,0,No Deposit,240.0,0,Transient,102.0,0,2
Resort Hotel,0,4,2016,September,36,3,1,1,2,0.0,0,BB,PRT,Direct,Direct,0,0,0,A,D,0,No Deposit,,0,Transient,118.0,0,0
Resort Hotel,0,185,2016,August,36,29,2,5,2,0.0,0,HB,ROU,Offline TA/TO,TA/TO,0,0,0,D,D,0,No Deposit,11.0,0,Transient,103.31,0,1
Resort Hotel,0,207,2016,August,36,29,2,5,2,0.0,0,BB,ROU,Offline TA/TO,TA/TO,0,0,0,D,D,1,No Deposit,11.0,0,Transient,75.6,0,0
Resort Hotel,0,170,2016,September,36,3,1,1,2,0.0,0,BB,DEU,Online TA,TA/TO,0,0,0,D,D,0,No Deposit,240.0,0,Transient,154.0,0,0
Resort Hotel,0,189,2016,August,36,29,2,5,2,0.0,0,BB,IRL,Online TA,TA/TO,0,0,0,E,F,0,No Deposit,240.0,0,Transient,168.71,0,1
Resort Hotel,0,229,2016,September,36,3,1,1,2,0.0,0,HB,PRT,Direct,Direct,0,0,0,D,D,4,No Deposit,,0,Transient-Party,115.0,0,1
Resort Hotel,0,0,2016,September,37,4,1,0,2,0.0,0,BB,PRT,Direct,Direct,0,0,0,C,C,0,No Deposit,,0,Transient,177.0,0,0
Resort Hotel,0,1,2016,September,36,3,1,1,2,0.0,0,BB,PRT,Direct,Direct,0,0,0,D,D,0,No Deposit,,0,Transient,183.5,0,2
Resort Hotel,0,276,2016,August,36,29,2,5,2,0.0,0,HB,ROU,Offline TA/TO,TA/TO,0,0,0,E,E,1,No Deposit,11.0,0,Transient,114.2,0,0
Resort Hotel,0,220,2016,September,36,1,1,3,2,0.0,0,BB,PRT,Online TA,TA/TO,0,0,0,A,A,2,No Deposit,240.0,0,Transient,102.0,1,1
Resort Hotel,0,1,2016,September,37,6,0,0,2,0.0,0,BB,PRT,Direct,Direct,0,0,0,A,A,1,No Deposit,,0,Transient,0.0,0,0
Resort Hotel,0,210,2016,September,36,1,2,3,2,0.0,0,BB,ROU,Online TA,TA/TO,0,0,0,D,D,0,No Deposit,240.0,0,Transient-Party,100.0,1,1
Resort Hotel,0,210,2016,September,36,1,2,3,2,0.0,0,BB,ROU,Online TA,TA/TO,0,0,0,E,E,0,No Deposit,240.0,0,Transient-Party,132.0,0,1
Resort Hotel,0,230,2016,September,36,1,2,3,2,0.0,0,BB,AUS,Direct,Direct,0,0,0,E,E,0,No Deposit,250.0,0,Transient,97.75,0,2
Resort Hotel,0,222,2016,August,36,28,4,5,2,0.0,0,BB,IRL,Online TA,TA/TO,0,0,0,E,E,0,No Deposit,241.0,0,Transient,95.94,0,1
Resort Hotel,0,0,2016,September,37,5,1,0,2,0.0,0,BB,ESP,Direct,Direct,0,0,0,D,E,0,No Deposit,,0,Transient,166.0,1,0
Resort Hotel,0,195,2016,August,36,31,2,4,2,0.0,0,HB,ESP,Direct,Direct,0,0,0,F,F,0,No Deposit,250.0,0,Transient,187.5,1,0
Resort Hotel,0,0,2016,September,36,1,2,3,2,0.0,0,HB,PRT,Direct,Direct,0,0,0,A,A,0,No Deposit,250.0,0,Transient,153.0,0,0
Resort Hotel,0,15,2016,September,37,4,2,0,2,0.0,0,BB,ESP,Online TA,TA/TO,0,0,0,A,G,0,No Deposit,240.0,0,Transient,171.0,1,1
Resort Hotel,0,228,2016,September,36,2,2,2,2,0.0,0,BB,USA,Direct,Direct,0,0,0,E,F,0,No Deposit,250.0,0,Transient,111.75,1,0
Resort Hotel,0,52,2016,September,36,3,2,1,2,0.0,0,BB,PRT,Online TA,TA/TO,0,0,0,E,E,4,No Deposit,240.0,0,Transient,189.0,0,1
Resort Hotel,0,1,2016,September,37,5,1,0,2,0.0,0,BB,PRT,Direct,Direct,0,0,0,E,E,0,No Deposit,,0,Transient,181.0,1,2
Resort Hotel,0,1,2016,September,37,6,0,1,2,0.0,0,BB,PRT,Direct,Direct,0,0,0,A,A,0,No Deposit,,0,Transient,161.0,1,2
Resort Hotel,0,5,2016,September,36,3,2,2,2,0.0,0,BB,IRL,Direct,Direct,0,0,0,F,F,0,No Deposit,250.0,0,Transient,170.1,0,0
Resort Hotel,0,226,2016,August,36,31,2,5,2,0.0,0,BB,IRL,Online TA,TA/TO,0,0,0,D,D,0,No Deposit,241.0,0,Transient,78.23,0,1
Resort Hotel,0,218,2016,August,36,28,4,6,2,0.0,0,BB,GBR,Offline TA/TO,TA/TO,0,0,0,D,D,0,No Deposit,40.0,0,Contract,68.0,0,1
Resort Hotel,0,95,2017,May,18,6,2,5,2,0.0,0,BB,GBR,Offline TA/TO,TA/TO,1,0,1,D,D,0,No Deposit,40.0,0,Contract,50.85,0,1
Resort Hotel,0,214,2016,August,35,27,4,7,2,0.0,0,HB,DEU,Offline TA/TO,TA/TO,0,0,0,E,E,0,No Deposit,69.0,0,Transient,107.22,0,0
Resort Hotel,0,34,2016,August,36,31,2,5,2,0.0,0,HB,PRT,Direct,Direct,0,0,0,A,A,1,No Deposit,,0,Transient,170.0,1,3
Resort Hotel,0,218,2016,August,36,31,2,5,2,0.0,0,BB,GBR,Offline TA/TO,TA/TO,0,0,0,D,D,0,No Deposit,36.0,0,Transient,90.0,0,0
Resort Hotel,0,227,2016,September,36,1,2,4,2,0.0,0,HB,PRT,Direct,Direct,0,0,0,D,D,2,No Deposit,,0,Transient-Party,115.0,0,1
Resort Hotel,0,180,2016,September,37,4,2,2,2,0.0,0,BB,CN,Offline TA/TO,TA/TO,0,0,0,D,D,0,No Deposit,96.0,0,Transient,77.6,0,2
Resort Hotel,0,180,2016,September,37,4,2,2,2,0.0,0,BB,CN,Offline TA/TO,TA/TO,0,0,0,D,D,0,No Deposit,96.0,0,Transient,77.6,0,2
Resort Hotel,0,151,2016,September,37,4,2,2,2,0.0,0,BB,CN,Online TA,TA/TO,0,0,0,A,A,0,No Deposit,240.0,0,Transient,139.5,0,1
Resort Hotel,0,2,2016,September,37,7,0,1,2,0.0,0,BB,GBR,Corporate,Corporate,0,0,0,A,A,1,No Deposit,,0,Transient,122.0,0,0
Resort Hotel,0,20,2016,September,37,4,2,2,2,0.0,0,BB,PRT,Direct,Direct,0,0,0,C,C,0,No Deposit,250.0,0,Transient,187.5,1,1
Resort Hotel,0,186,2016,September,36,2,2,4,2,0.0,0,HB,PRT,Direct,Direct,0,0,0,E,E,0,No Deposit,250.0,0,Transient,159.6,0,0
Resort Hotel,0,227,2016,September,36,1,2,5,2,0.0,0,HB,PRT,Direct,Direct,0,0,0,A,A,0,No Deposit,,0,Transient-Party,117.0,1,1
Resort Hotel,0,16,2016,September,37,4,2,2,2,0.0,0,HB,PRT,Direct,Direct,0,0,0,A,A,1,No Deposit,250.0,0,Transient-Party,189.1,0,2
Resort Hotel,0,16,2016,September,37,4,2,2,2,0.0,0,HB,PRT,Direct,Direct,0,0,0,A,A,1,No Deposit,250.0,0,Transient-Party,173.1,1,2
Resort Hotel,0,279,2016,September,36,1,2,5,2,0.0,0,HB,POL,Offline TA/TO,TA/TO,0,0,0,D,D,1,No Deposit,315.0,0,Transient,95.71,0,0
Resort Hotel,0,0,2016,September,37,8,0,0,2,0.0,0,BB,PRT,Offline TA/TO,TA/TO,1,0,0,E,I,0,No Deposit,6.0,0,Transient,0.0,0,0
Resort Hotel,0,279,2016,September,36,1,2,5,2,0.0,0,HB,POL,Offline TA/TO,TA/TO,0,0,0,D,D,0,No Deposit,315.0,0,Transient,95.71,0,0
Resort Hotel,0,211,2016,September,36,1,2,5,2,0.0,0,BB,ESP,Direct,Direct,0,0,0,F,F,0,No Deposit,,0,Transient,129.0,0,1
Resort Hotel,0,223,2016,September,37,5,1,2,2,0.0,0,HB,FRA,Online TA,TA/TO,0,0,0,D,D,0,No Deposit,240.0,0,Transient,130.0,0,2
Resort Hotel,0,210,2016,August,36,30,2,7,2,0.0,0,BB,GBR,Online TA,TA/TO,0,0,0,A,A,0,No Deposit,241.0,0,Transient,72.72,0,1
Resort Hotel,0,3,2016,September,36,2,2,5,2,0.0,0,HB,EST,Offline TA/TO,TA/TO,0,0,0,A,A,0,No Deposit,171.0,0,Transient,100.0,0,0
Resort Hotel,0,262,2016,September,36,2,2,5,2,0.0,0,BB,EST,Offline TA/TO,TA/TO,0,0,0,D,D,0,No Deposit,171.0,0,Transient,75.6,0,0
Resort Hotel,0,232,2016,September,36,2,2,5,2,0.0,0,HB,EST,Offline TA/TO,TA/TO,0,0,0,A,A,0,No Deposit,171.0,0,Transient,90.8,0,0
Resort Hotel,0,266,2016,September,36,2,2,5,2,0.0,0,BB,LTU,Offline TA/TO,TA/TO,0,0,0,A,A,0,No Deposit,171.0,0,Transient,65.66,0,0
Resort Hotel,0,160,2016,September,37,8,0,1,2,0.0,0,BB,DEU,Offline TA/TO,TA/TO,0,0,0,D,E,0,No Deposit,251.0,0,Transient,99.0,0,1
Resort Hotel,0,248,2016,August,36,30,2,8,2,0.0,0,BB,GBR,Offline TA/TO,TA/TO,0,0,0,D,D,0,No Deposit,40.0,0,Contract,70.0,0,0
Resort Hotel,0,264,2016,September,37,4,2,3,2,0.0,0,BB,FRA,Online TA,TA/TO,0,0,0,A,C,0,No Deposit,348.0,0,Transient,29.0,0,0
Resort Hotel,0,241,2016,September,36,2,2,5,2,0.0,0,BB,IRL,Offline TA/TO,TA/TO,0,0,0,A,A,0,No Deposit,171.0,0,Transient,66.8,0,0
Resort Hotel,0,0,2016,September,37,8,0,1,2,0.0,0,BB,PRT,Direct,Direct,0,0,0,A,A,1,No Deposit,,0,Transient,169.0,1,0
Resort Hotel,0,19,2016,September,37,7,0,2,2,0.0,0,HB,PRT,Direct,Direct,0,0,0,F,F,0,No Deposit,250.0,0,Transient,221.1,1,0
Resort Hotel,0,11,2016,September,37,5,1,3,2,0.0,0,BB,PRT,Online TA,TA/TO,0,0,0,A,A,0,No Deposit,240.0,0,Transient,171.0,1,1
Resort Hotel,0,177,2016,September,36,2,2,5,2,0.0,0,BB,GBR,Online TA,TA/TO,0,0,0,A,A,0,No Deposit,240.0,0,Transient,131.0,0,3
Resort Hotel,0,3,2016,September,37,5,1,3,2,0.0,0,BB,PRT,Online TA,TA/TO,0,0,0,A,C,0,No Deposit,240.0,0,Transient,168.5,1,1
Resort Hotel,0,150,2016,September,37,4,2,3,2,0.0,0,BB,CN,Online TA,TA/TO,0,0,0,A,A,0,No Deposit,240.0,0,Transient,148.6,1,2
Resort Hotel,0,6,2016,September,37,5,1,3,2,0.0,0,HB,PRT,Direct,Direct,0,0,0,E,E,0,No Deposit,,0,Transient,209.0,0,0
Resort Hotel,0,259,2016,September,36,2,2,6,2,0.0,0,HB,CHE,Direct,Direct,0,0,0,E,E,0,No Deposit,250.0,0,Transient,146.75,0,0
Resort Hotel,0,229,2016,September,36,3,2,5,2,0.0,0,HB,IRL,Offline TA/TO,TA/TO,0,0,0,A,C,1,No Deposit,143.0,0,Contract,79.9,0,0
Resort Hotel,0,247,2016,September,36,3,2,5,2,0.0,0,BB,IRL,Online TA,TA/TO,0,0,0,A,A,0,No Deposit,240.0,0,Transient,81.0,0,1
Resort Hotel,0,231,2016,August,35,27,4,10,2,0.0,0,BB,IRL,Online TA,TA/TO,0,0,0,A,A,0,No Deposit,240.0,0,Transient,93.93,0,0
Resort Hotel,0,232,2016,September,36,3,2,5,2,0.0,0,HB,GBR,Offline TA/TO,TA/TO,0,0,0,A,A,1,No Deposit,143.0,0,Contract,79.9,0,0
Resort Hotel,0,232,2016,September,36,3,2,5,2,0.0,0,BB,IRL,Offline TA/TO,TA/TO,0,0,0,A,A,0,No Deposit,175.0,0,Transient,66.23,0,0
Resort Hotel,0,226,2016,September,36,3,2,5,2,0.0,0,HB,DNK,Offline TA/TO,TA/TO,0,0,0,E,E,0,No Deposit,253.0,0,Transient,113.6,0,1
Resort Hotel,0,250,2016,September,37,5,1,4,2,0.0,0,HB,PRT,Online TA,TA/TO,0,0,0,A,A,1,No Deposit,240.0,0,Transient,132.0,1,1
Resort Hotel,0,3,2016,September,37,9,0,1,2,0.0,0,BB,PRT,Direct,Direct,0,0,0,D,D,0,No Deposit,250.0,0,Transient,159.6,1,0
Resort Hotel,0,0,2016,September,37,9,0,1,2,0.0,0,BB,PRT,Direct,Direct,0,0,0,E,E,0,No Deposit,,0,Transient,175.0,0,0
Resort Hotel,0,0,2016,November,46,10,0,2,2,0.0,0,BB,PRT,Direct,Direct,1,0,1,D,D,1,No Deposit,,0,Transient,78.0,0,0
Resort Hotel,0,4,2017,August,35,29,0,4,2,0.0,0,BB,PRT,Online TA,Direct,1,0,2,A,A,0,No Deposit,240.0,0,Transient,196.5,1,2
Resort Hotel,0,222,2016,August,35,27,4,10,2,0.0,0,BB,IRL,Offline TA/TO,TA/TO,0,0,0,A,A,0,No Deposit,175.0,0,Transient,75.54,0,1
Resort Hotel,0,0,2016,September,37,9,0,1,2,0.0,0,HB,FRA,Direct,Direct,0,0,0,D,D,1,No Deposit,,0,Transient,216.0,0,0
Resort Hotel,0,6,2016,September,37,8,0,2,2,0.0,0,BB,PRT,Online TA,TA/TO,0,0,0,A,C,0,No Deposit,240.0,0,Transient,171.0,1,1
Resort Hotel,0,8,2016,September,37,10,0,1,2,0.0,0,BB,PRT,Direct,TA/TO,0,0,0,A,C,0,No Deposit,,0,Transient,171.0,1,1
Resort Hotel,0,252,2016,September,36,3,2,5,2,0.0,0,BB,FRA,Online TA,TA/TO,0,0,0,D,D,0,No Deposit,240.0,0,Transient,102.0,1,2
Resort Hotel,0,222,2016,August,35,27,4,10,2,0.0,0,HB,PRT,Offline TA/TO,TA/TO,0,0,0,D,D,1,No Deposit,69.0,0,Transient,92.1,0,0
Resort Hotel,0,247,2016,September,36,3,2,5,2,0.0,0,BB,IRL,Online TA,TA/TO,0,0,0,A,A,0,No Deposit,240.0,0,Transient,82.71,0,1
Resort Hotel,0,7,2016,September,37,5,1,4,2,0.0,0,BB,PRT,Direct,Direct,0,0,0,E,E,0,No Deposit,250.0,0,Transient,163.1,1,1
Resort Hotel,0,24,2016,December,53,30,1,2,2,0.0,0,BB,PRT,Direct,Direct,1,0,0,G,G,0,No Deposit,,0,Transient,216.0,0,1
Resort Hotel,0,171,2016,September,37,5,1,4,2,0.0,0,BB,PRT,Online TA,TA/TO,0,0,0,D,E,0,No Deposit,240.0,0,Transient,156.0,0,1
Resort Hotel,0,171,2016,September,37,5,1,4,2,0.0,0,BB,PRT,Online TA,TA/TO,0,0,0,D,E,0,No Deposit,240.0,0,Transient,168.0,1,1
Resort Hotel,0,225,2016,September,36,3,2,5,2,0.0,0,Undefined,GBR,Offline TA/TO,TA/TO,0,0,0,A,A,0,No Deposit,40.0,0,Contract,109.51,0,0
Resort Hotel,0,406,2016,August,36,29,3,9,2,0.0,0,BB,GBR,Offline TA/TO,TA/TO,0,0,0,A,A,1,No Deposit,40.0,0,Contract,57.68,0,1
Resort Hotel,0,234,2016,August,35,27,4,10,2,0.0,0,BB,GBR,Offline TA/TO,TA/TO,0,0,0,D,D,0,No Deposit,40.0,0,Contract,68.0,0,0
Resort Hotel,0,0,2016,September,37,9,0,1,2,0.0,0,BB,PRT,Direct,Direct,0,0,0,A,A,0,No Deposit,,0,Transient,145.0,0,0
Resort Hotel,0,240,2016,September,36,3,2,5,2,0.0,0,BB,GBR,Offline TA/TO,TA/TO,0,0,0,A,C,0,No Deposit,143.0,0,Transient,59.8,0,0
Resort Hotel,0,252,2016,August,35,25,4,13,2,0.0,0,BB,GBR,Offline TA/TO,TA/TO,0,0,0,D,D,0,No Deposit,40.0,0,Contract,70.0,0,2
Resort Hotel,0,229,2016,September,36,1,2,8,2,0.0,0,BB,GBR,Offline TA/TO,TA/TO,0,0,0,D,D,0,No Deposit,40.0,0,Contract,68.0,0,1
Resort Hotel,0,226,2016,September,37,4,2,5,2,0.0,0,HB,GBR,Offline TA/TO,TA/TO,0,0,0,D,D,0,No Deposit,40.0,0,Contract,96.0,0,0
Resort Hotel,0,226,2016,September,37,4,2,5,2,0.0,0,HB,GBR,Offline TA/TO,TA/TO,0,0,0,D,D,1,No Deposit,243.0,0,Contract,92.1,0,1
Resort Hotel,0,136,2016,September,37,10,0,1,2,0.0,0,BB,CHE,Offline TA/TO,TA/TO,0,0,0,E,E,0,No Deposit,251.0,0,Transient-Party,98.0,0,0
Resort Hotel,0,136,2016,September,37,10,0,1,2,0.0,0,BB,CHE,Offline TA/TO,TA/TO,0,0,0,E,G,0,No Deposit,251.0,0,Transient-Party,98.0,0,0
Resort Hotel,0,54,2016,September,37,10,0,1,2,0.0,0,BB,USA,Offline TA/TO,TA/TO,0,0,0,A,A,1,No Deposit,360.0,0,Transient,138.6,0,0
Resort Hotel,0,10,2016,September,37,8,0,3,2,0.0,0,BB,PRT,Online TA,TA/TO,0,0,0,A,A,0,No Deposit,240.0,0,Transient,159.0,0,1
Resort Hotel,0,226,2016,September,37,4,2,5,2,0.0,0,BB,GBR,Offline TA/TO,TA/TO,0,0,0,D,D,1,No Deposit,243.0,0,Contract,70.0,0,1
Resort Hotel,0,174,2016,September,36,1,2,8,2,0.0,0,BB,GBR,Offline TA/TO,TA/TO,0,0,0,D,D,0,No Deposit,243.0,0,Contract,70.0,0,0
Resort Hotel,0,227,2016,August,36,28,4,10,2,0.0,0,BB,IRL,Offline TA/TO,TA/TO,0,0,0,D,D,0,No Deposit,430.0,0,Transient,94.14,0,1
Resort Hotel,0,35,2016,September,37,9,0,2,2,0.0,0,BB,PRT,Online TA,TA/TO,0,0,0,A,A,1,No Deposit,240.0,0,Transient,171.0,0,2
Resort Hotel,0,52,2016,September,37,10,0,1,2,0.0,0,BB,PRT,Direct,Direct,0,0,0,A,F,1,No Deposit,,0,Transient,75.0,0,2
Resort Hotel,0,242,2016,September,37,4,2,5,2,0.0,0,BB,IRL,Online TA,TA/TO,0,0,0,A,A,0,No Deposit,240.0,0,Transient-Party,81.0,0,2
Resort Hotel,0,242,2016,September,37,4,2,5,2,0.0,0,BB,IRL,Online TA,TA/TO,0,0,0,A,A,0,No Deposit,240.0,0,Transient-Party,82.71,0,2
Resort Hotel,0,10,2016,September,37,8,0,3,2,0.0,0,BB,PRT,Online TA,TA/TO,0,0,0,A,C,0,No Deposit,240.0,0,Transient,171.0,1,2
Resort Hotel,0,165,2016,September,37,8,0,3,2,0.0,0,BB,GBR,Online TA,TA/TO,0,0,0,D,D,0,No Deposit,240.0,0,Transient,166.0,1,1
Resort Hotel,0,171,2016,September,36,2,2,7,2,0.0,0,HB,FRA,Online TA,TA/TO,0,0,0,E,E,0,No Deposit,242.0,0,Transient,150.58,1,1
Resort Hotel,0,19,2016,September,37,9,0,2,2,0.0,0,BB,PRT,Online TA,TA/TO,0,0,0,C,C,0,No Deposit,314.0,0,Transient,168.0,0,0
Resort Hotel,0,150,2016,September,36,2,2,7,2,0.0,0,BB,IRL,Online TA,TA/TO,0,0,0,A,A,0,No Deposit,240.0,0,Transient,141.0,0,2
Resort Hotel,0,139,2016,September,37,5,1,5,2,0.0,0,BB,PRT,Online TA,TA/TO,0,0,0,A,A,0,No Deposit,240.0,0,Transient-Party,165.0,2,1
Resort Hotel,0,292,2016,September,37,4,2,5,2,0.0,0,HB,DEU,Online TA,TA/TO,0,0,0,D,D,0,No Deposit,240.0,0,Transient,143.43,1,2
Resort Hotel,0,1,2016,September,37,10,0,1,2,0.0,0,BB,PRT,Direct,Direct,0,0,0,D,D,0,No Deposit,250.0,0,Transient,160.0,0,0
Resort Hotel,0,29,2016,September,37,9,0,2,2,0.0,0,HB,PRT,Online TA,TA/TO,0,0,0,C,C,1,No Deposit,314.0,0,Transient,198.0,1,0
Resort Hotel,0,13,2016,September,37,5,1,5,2,0.0,0,BB,PRT,Online TA,TA/TO,0,0,0,A,A,0,No Deposit,240.0,0,Transient,159.0,0,1
Resort Hotel,0,3,2016,September,37,9,0,2,2,0.0,0,BB,PRT,Online TA,TA/TO,0,0,0,A,C,0,No Deposit,240.0,0,Transient,171.0,0,1
Resort Hotel,0,1,2016,September,37,8,0,3,2,0.0,0,BB,ESP,Online TA,TA/TO,0,0,0,A,A,0,No Deposit,240.0,0,Transient,191.0,1,1
Resort Hotel,0,3,2016,September,37,10,0,1,2,0.0,0,BB,PRT,Online TA,TA/TO,0,0,0,A,B,0,No Deposit,240.0,0,Transient,159.0,0,2
Resort Hotel,0,139,2016,September,37,5,1,5,2,0.0,0,BB,PRT,Online TA,TA/TO,0,0,0,A,A,0,No Deposit,240.0,0,Transient-Party,139.0,0,1
Resort Hotel,0,138,2016,September,37,5,1,5,2,0.0,0,BB,PRT,Online TA,TA/TO,0,0,0,A,A,0,No Deposit,240.0,0,Transient-Party,139.0,0,1
Resort Hotel,0,8,2016,September,37,9,0,2,2,0.0,0,BB,PRT,Online TA,TA/TO,0,0,0,A,A,0,No Deposit,240.0,0,Transient,171.0,1,1
Resort Hotel,0,287,2016,September,37,5,2,5,2,0.0,0,BB,GBR,Groups,TA/TO,0,0,0,A,A,0,Refundable,418.0,0,Transient-Party,69.0,0,0
Resort Hotel,0,227,2016,September,37,5,2,5,2,0.0,0,BB,GBR,Offline TA/TO,TA/TO,0,0,0,D,E,0,No Deposit,40.0,0,Contract,70.0,0,0
Resort Hotel,0,287,2016,September,37,5,2,5,2,0.0,0,BB,GBR,Groups,TA/TO,0,0,0,A,A,0,Refundable,418.0,0,Transient-Party,67.0,0,0
Resort Hotel,0,287,2016,September,37,5,2,5,2,0.0,0,BB,GBR,Groups,TA/TO,0,0,0,A,A,0,Refundable,418.0,0,Transient-Party,69.0,0,0
Resort Hotel,0,287,2016,September,37,5,2,5,2,0.0,0,BB,GBR,Groups,TA/TO,0,0,0,A,A,0,Refundable,418.0,0,Transient-Party,67.0,0,0
Resort Hotel,0,287,2016,September,37,5,2,5,2,0.0,0,BB,GBR,Groups,TA/TO,0,0,0,A,A,0,Refundable,418.0,0,Transient-Party,69.0,0,0
Resort Hotel,0,284,2016,September,36,2,3,7,2,0.0,0,BB,ESP,Groups,TA/TO,0,0,0,A,A,0,No Deposit,418.0,0,Transient-Party,68.8,0,0
Resort Hotel,0,234,2016,September,37,9,1,2,2,0.0,0,BB,GBR,Offline TA/TO,TA/TO,0,0,0,A,A,1,No Deposit,,0,Transient-Party,77.03,0,1
Resort Hotel,0,234,2016,September,37,9,1,2,2,0.0,0,BB,GBR,Offline TA/TO,TA/TO,0,0,0,A,A,0,No Deposit,,0,Transient-Party,75.03,0,1
Resort Hotel,0,284,2016,September,36,2,3,7,2,0.0,0,BB,GBR,Groups,TA/TO,0,0,0,A,A,0,No Deposit,418.0,0,Transient-Party,68.8,0,0
Resort Hotel,0,115,2016,September,37,9,1,2,2,0.0,0,BB,GBR,Online TA,TA/TO,0,0,0,A,A,0,No Deposit,240.0,0,Transient,147.67,0,1
Resort Hotel,0,7,2016,September,37,9,1,2,2,0.0,0,BB,ESP,Online TA,TA/TO,0,0,0,D,D,1,No Deposit,240.0,0,Transient,172.67,1,1
Resort Hotel,0,139,2016,September,37,9,1,2,2,0.0,0,BB,ESP,Online TA,TA/TO,0,0,0,A,A,0,No Deposit,240.0,0,Transient,151.0,1,2
Resort Hotel,0,139,2016,September,37,9,1,2,2,0.0,0,BB,ESP,Online TA,TA/TO,0,0,0,A,A,0,No Deposit,240.0,0,Transient,139.0,0,2
Resort Hotel,0,154,2016,September,37,5,2,5,2,0.0,0,FB,PRT,Direct,Direct,0,0,0,C,C,5,No Deposit,250.0,0,Transient,212.6,0,2
Resort Hotel,0,193,2016,September,37,10,1,1,2,0.0,0,BB,PRT,Direct,Direct,0,0,0,F,F,0,No Deposit,,0,Transient,150.6,0,0
Resort Hotel,0,187,2016,September,37,9,1,2,2,0.0,0,BB,ROU,Online TA,TA/TO,0,0,0,D,D,0,No Deposit,240.0,0,Transient,146.0,0,0
Resort Hotel,0,231,2016,September,37,5,2,5,2,0.0,0,BB,FRA,Online TA,TA/TO,0,0,0,A,A,0,No Deposit,242.0,0,Transient,83.0,0,1
Resort Hotel,0,11,2016,September,37,9,1,2,2,0.0,0,BB,ESP,Online TA,TA/TO,0,0,0,F,E,0,No Deposit,241.0,0,Transient,157.53,0,2
Resort Hotel,0,89,2016,September,38,12,0,0,2,0.0,0,BB,PRT,Offline TA/TO,TA/TO,0,0,0,A,I,0,No Deposit,26.0,0,Transient,0.0,0,0
Resort Hotel,0,190,2016,September,37,6,2,5,2,0.0,0,BB,IRL,Online TA,TA/TO,0,0,0,D,E,0,No Deposit,240.0,0,Transient,136.0,0,0
Resort Hotel,0,291,2016,August,36,30,4,10,2,0.0,0,BB,GBR,Online TA,TA/TO,0,0,0,E,E,0,No Deposit,240.0,0,Transient,121.5,1,3
Resort Hotel,0,223,2016,September,37,5,3,5,2,0.0,0,BB,GBR,Offline TA/TO,TA/TO,0,0,0,D,D,0,No Deposit,314.0,0,Transient,77.6,0,1
Resort Hotel,0,228,2016,September,37,6,2,5,2,0.0,0,BB,GBR,Online TA,TA/TO,0,0,0,F,E,0,No Deposit,241.0,0,Transient,87.59,0,1
Resort Hotel,0,245,2016,September,38,12,1,0,2,0.0,0,BB,CHE,Offline TA/TO,TA/TO,0,0,0,D,E,0,No Deposit,251.0,0,Transient-Party,86.0,0,1
Resort Hotel,0,245,2016,September,37,6,2,5,2,0.0,0,BB,IRL,Direct,Direct,0,0,0,D,E,0,No Deposit,,0,Transient-Party,87.0,0,2
Resort Hotel,0,1,2016,September,38,12,1,0,2,0.0,0,BB,FRA,Direct,Direct,0,0,0,G,G,0,No Deposit,,0,Transient,215.0,0,0
Resort Hotel,0,245,2016,September,37,6,2,5,2,0.0,0,BB,IRL,Direct,Direct,0,0,0,D,D,0,No Deposit,,0,Transient-Party,87.0,0,2
Resort Hotel,0,245,2016,September,38,12,1,0,2,0.0,0,BB,CHE,Offline TA/TO,TA/TO,0,0,0,D,E,0,No Deposit,251.0,0,Transient-Party,86.0,0,1
Resort Hotel,0,15,2016,September,38,11,2,0,2,0.0,0,BB,ESP,Online TA,TA/TO,0,0,0,C,C,0,No Deposit,242.0,0,Transient,179.0,1,1
Resort Hotel,0,12,2016,September,38,11,2,0,2,0.0,0,BB,ESP,Online TA,TA/TO,0,0,0,C,C,0,No Deposit,242.0,0,Transient,167.0,0,1
Resort Hotel,0,15,2016,September,37,9,2,2,2,0.0,0,BB,GBR,Direct,Direct,0,0,0,A,A,0,No Deposit,250.0,0,Transient,148.0,1,0
Resort Hotel,0,236,2016,September,36,3,4,6,2,0.0,0,HB,IRL,Offline TA/TO,TA/TO,0,0,0,A,A,1,No Deposit,143.0,0,Transient,79.9,0,0
Resort Hotel,0,232,2016,September,36,3,4,6,2,0.0,0,HB,GBR,Offline TA/TO,TA/TO,0,0,0,A,A,1,No Deposit,143.0,0,Contract,79.9,0,0
Resort Hotel,0,232,2016,September,37,6,2,5,2,0.0,0,HB,FRA,Online TA,TA/TO,0,0,0,E,F,1,No Deposit,240.0,0,Transient,150.0,0,2
Resort Hotel,0,18,2016,September,38,11,2,0,2,0.0,0,BB,BEL,Online TA,TA/TO,0,0,0,A,D,0,No Deposit,240.0,0,Transient,141.0,1,2
Resort Hotel,0,142,2016,September,37,10,2,1,2,0.0,0,BB,PRT,Online TA,TA/TO,0,0,0,A,A,0,No Deposit,240.0,0,Transient,151.0,1,1
Resort Hotel,0,142,2016,September,37,10,2,1,2,0.0,0,BB,BRA,Online TA,TA/TO,0,0,0,A,A,0,No Deposit,240.0,0,Transient,139.0,0,1
Resort Hotel,0,6,2016,September,37,10,2,1,2,0.0,0,BB,PRT,Direct,Direct,0,0,0,A,A,0,No Deposit,250.0,0,Transient,122.33,0,0
Resort Hotel,0,196,2016,September,36,3,4,6,2,0.0,0,BB,FRA,Online TA,TA/TO,0,0,0,D,D,2,No Deposit,240.0,0,Transient,158.0,1,1
Resort Hotel,0,197,2016,September,36,3,4,6,2,0.0,0,BB,FRA,Online TA,TA/TO,0,0,0,A,C,0,No Deposit,240.0,0,Transient,131.0,0,0
Resort Hotel,0,195,2016,September,37,4,4,5,2,0.0,0,BB,IRL,Online TA,TA/TO,0,0,0,A,A,0,No Deposit,240.0,0,Transient,121.0,0,1
Resort Hotel,0,245,2016,September,37,6,2,5,2,0.0,0,BB,IRL,Direct,Direct,0,0,0,D,E,0,No Deposit,,0,Transient-Party,86.71,0,2
Resort Hotel,0,5,2016,September,38,12,1,0,2,0.0,0,BB,PRT,Online TA,TA/TO,0,0,0,A,A,0,No Deposit,240.0,0,Transient,119.0,0,1
Resort Hotel,0,234,2016,September,37,9,2,3,2,0.0,0,HB,DEU,Online TA,TA/TO,0,0,0,E,E,0,No Deposit,241.0,0,Transient,119.34,0,1
Resort Hotel,0,231,2016,September,37,7,2,5,2,0.0,0,BB,CHE,Direct,Direct,0,0,0,F,F,1,No Deposit,250.0,0,Transient,110.5,0,1
Resort Hotel,0,214,2016,September,37,5,3,6,2,0.0,0,BB,DEU,Offline TA/TO,TA/TO,0,0,0,D,D,1,No Deposit,69.0,0,Transient,72.0,0,1
Resort Hotel,0,230,2016,August,36,31,4,10,2,0.0,0,BB,GBR,Offline TA/TO,TA/TO,0,0,0,D,D,0,No Deposit,40.0,0,Contract,70.0,0,0
Resort Hotel,0,4,2016,September,37,10,2,2,2,0.0,0,BB,IRL,Direct,Direct,0,0,0,A,A,0,No Deposit,250.0,0,Transient,119.0,0,0
Resort Hotel,0,231,2016,August,36,31,4,10,2,0.0,0,HB,GBR,Offline TA/TO,TA/TO,0,0,0,D,D,0,No Deposit,40.0,0,Transient,99.32,0,1
Resort Hotel,0,110,2016,September,37,9,2,3,2,0.0,0,BB,ESP,Online TA,TA/TO,0,0,0,A,A,0,No Deposit,240.0,0,Transient,133.0,0,2
Resort Hotel,0,174,2016,September,38,13,0,1,2,0.0,0,BB,CN,Offline TA/TO,TA/TO,0,0,0,D,D,0,No Deposit,251.0,0,Transient,99.0,0,0
Resort Hotel,0,154,2016,September,38,13,0,1,2,0.0,0,BB,CN,Offline TA/TO,TA/TO,0,0,0,D,D,0,No Deposit,251.0,0,Transient,99.0,0,0
Resort Hotel,0,32,2016,September,38,12,1,1,2,0.0,0,BB,TUR,Online TA,TA/TO,0,0,0,A,A,0,No Deposit,240.0,0,Transient,131.0,0,0
Resort Hotel,0,32,2016,September,38,12,1,1,2,0.0,0,BB,TUR,Online TA,TA/TO,0,0,0,A,A,0,No Deposit,240.0,0,Transient,131.0,0,0
Resort Hotel,0,32,2016,September,38,12,1,1,2,0.0,0,BB,TUR,Online TA,TA/TO,0,0,0,A,A,0,No Deposit,240.0,0,Transient,131.0,0,0
Resort Hotel,0,32,2016,September,38,12,1,1,2,0.0,0,BB,TUR,Online TA,TA/TO,0,0,0,A,A,0,No Deposit,240.0,0,Transient,143.0,0,0
Resort Hotel,0,34,2016,September,38,11,2,1,2,0.0,0,BB,ESP,Online TA,TA/TO,0,0,0,A,A,0,No Deposit,240.0,0,Transient-Party,141.0,1,3
Resort Hotel,0,34,2016,September,38,11,2,1,2,0.0,0,BB,ESP,Online TA,TA/TO,0,0,0,A,A,0,No Deposit,240.0,0,Transient-Party,129.0,0,2
Resort Hotel,0,34,2016,September,38,11,2,1,2,0.0,0,BB,ESP,Online TA,TA/TO,0,0,0,A,C,0,No Deposit,240.0,0,Transient-Party,129.0,0,3
Resort Hotel,0,7,2016,September,38,11,2,1,2,0.0,0,BB,BLR,Online TA,TA/TO,0,0,0,A,A,1,No Deposit,240.0,0,Transient-Party,127.67,1,2
Resort Hotel,0,7,2016,September,38,11,2,1,2,0.0,0,BB,RUS,Online TA,TA/TO,0,0,0,G,G,0,No Deposit,240.0,0,Transient-Party,185.67,0,2
Resort Hotel,0,54,2016,September,37,10,2,2,2,0.0,0,BB,CHE,Online TA,TA/TO,0,0,0,A,C,0,No Deposit,240.0,0,Transient,148.5,0,3
Resort Hotel,0,71,2016,September,38,12,1,1,2,0.0,0,BB,USA,Online TA,TA/TO,0,0,0,H,H,1,No Deposit,240.0,0,Transient,167.0,1,1
Resort Hotel,0,31,2016,September,38,12,1,1,2,0.0,0,BB,PRT,Complementary,Corporate,0,0,0,A,F,1,No Deposit,,0,Transient,0.0,0,1
Resort Hotel,0,4,2016,September,38,12,1,1,2,0.0,0,BB,PRT,Direct,Direct,0,0,0,A,C,0,No Deposit,,0,Transient,98.1,1,0
Resort Hotel,0,30,2016,September,38,12,1,1,2,0.0,0,BB,FRA,Online TA,TA/TO,0,0,0,A,A,0,No Deposit,240.0,0,Transient,153.0,1,1
Resort Hotel,0,0,2016,September,38,13,0,1,2,0.0,0,BB,PRT,Online TA,TA/TO,0,0,0,A,C,0,No Deposit,127.0,0,Transient-Party,136.0,0,0
Resort Hotel,0,116,2016,September,37,9,2,3,2,0.0,0,BB,PRT,Online TA,TA/TO,0,0,0,A,A,0,No Deposit,,0,Transient,130.0,0,1
Resort Hotel,0,4,2016,September,38,12,1,1,2,0.0,0,BB,PRT,Online TA,TA/TO,0,0,0,A,C,0,No Deposit,240.0,0,Transient,127.0,1,2
Resort Hotel,0,0,2016,September,38,13,0,1,2,0.0,0,BB,PRT,Online TA,TA/TO,0,0,0,A,C,0,No Deposit,127.0,0,Transient-Party,124.0,0,0
Resort Hotel,0,7,2016,September,38,11,2,2,2,0.0,0,BB,POL,Online TA,TA/TO,0,0,0,A,A,0,No Deposit,240.0,0,Transient,126.0,1,2
Resort Hotel,0,52,2016,September,38,13,0,2,2,0.0,0,BB,CN,Online TA,TA/TO,0,0,0,E,E,0,No Deposit,240.0,0,Transient,152.1,0,1
Resort Hotel,0,223,2016,September,36,1,4,10,2,0.0,0,BB,GBR,Offline TA/TO,TA/TO,0,0,0,D,D,0,No Deposit,243.0,0,Contract,70.0,0,1
Resort Hotel,0,230,2016,September,37,8,2,5,2,0.0,0,HB,GBR,Offline TA/TO,TA/TO,0,0,0,A,A,0,No Deposit,243.0,0,Contract,81.9,0,0
Resort Hotel,0,223,2016,September,36,1,4,10,2,0.0,0,HB,GBR,Offline TA/TO,TA/TO,0,0,0,A,A,0,No Deposit,243.0,0,Contract,81.9,0,2
Resort Hotel,0,189,2016,September,38,11,2,2,2,0.0,0,BB,BRA,Online TA,TA/TO,0,0,0,A,C,0,No Deposit,240.0,0,Transient,119.0,0,1
Resort Hotel,0,53,2016,September,38,12,1,2,2,0.0,0,BB,AUS,Online TA,TA/TO,0,0,0,F,F,0,No Deposit,241.0,0,Transient,122.43,0,1
Resort Hotel,0,157,2016,September,38,11,2,2,2,0.0,0,BB,CN,Online TA,TA/TO,0,0,0,A,A,0,No Deposit,314.0,0,Transient,113.2,0,0
Resort Hotel,0,223,2016,September,36,1,4,10,2,0.0,0,BB,GBR,Offline TA/TO,TA/TO,0,0,0,D,D,0,No Deposit,243.0,0,Contract,70.0,0,0
Resort Hotel,0,262,2016,September,37,5,3,7,2,0.0,0,BB,GBR,Offline TA/TO,TA/TO,0,0,0,D,D,0,No Deposit,147.0,0,Transient,79.49,0,0
Resort Hotel,0,263,2016,September,37,5,3,7,2,0.0,0,BB,GBR,Online TA,TA/TO,0,0,0,F,F,0,No Deposit,241.0,0,Transient,92.09,0,2
Resort Hotel,0,230,2016,September,37,8,2,5,2,0.0,0,BB,GBR,Offline TA/TO,TA/TO,0,0,0,A,A,0,No Deposit,243.0,0,Contract,57.8,0,0
Resort Hotel,0,35,2016,September,37,10,2,3,2,0.0,0,HB,GBR,Online TA,TA/TO,0,0,0,A,A,0,No Deposit,241.0,0,Transient,146.75,1,1
Resort Hotel,0,9,2016,September,38,11,2,2,2,0.0,0,BB,BRA,Online TA,TA/TO,0,0,0,D,D,0,No Deposit,240.0,0,Transient,129.0,0,1
Resort Hotel,0,30,2016,September,38,12,1,2,2,0.0,0,BB,GBR,Online TA,TA/TO,0,0,0,D,I,0,No Deposit,240.0,0,Transient,139.7,0,1
Resort Hotel,0,35,2016,September,38,17,2,1,2,0.0,0,BB,GBR,Online TA,TA/TO,0,0,1,E,F,1,No Deposit,240.0,0,Transient,106.33,0,1
Resort Hotel,0,223,2016,September,36,1,4,10,2,0.0,0,HB,GBR,Offline TA/TO,TA/TO,0,0,0,A,A,0,No Deposit,243.0,0,Contract,81.9,0,0
Resort Hotel,0,61,2016,September,37,10,2,3,2,0.0,0,BB,DEU,Online TA,TA/TO,0,0,0,D,E,0,No Deposit,240.0,0,Transient,143.54,0,1
Resort Hotel,0,59,2016,September,38,15,0,1,2,0.0,0,BB,DEU,Online TA,TA/TO,0,0,0,D,E,0,No Deposit,,0,Transient,169.0,0,1
Resort Hotel,0,52,2016,September,38,13,0,2,2,0.0,0,BB,CN,Online TA,TA/TO,0,0,0,E,E,0,No Deposit,240.0,0,Transient,152.1,0,1
Resort Hotel,0,8,2016,September,38,11,2,2,2,0.0,0,BB,PRT,Offline TA/TO,TA/TO,0,0,0,A,A,0,No Deposit,441.0,0,Transient,93.6,0,0
Resort Hotel,0,52,2016,September,38,13,0,2,2,0.0,0,BB,CN,Online TA,TA/TO,0,0,0,E,E,0,No Deposit,240.0,0,Transient,154.1,0,1
Resort Hotel,0,247,2016,September,38,14,0,1,2,0.0,0,BB,CHE,Offline TA/TO,TA/TO,0,0,0,D,D,0,No Deposit,251.0,0,Transient,86.0,0,0
Resort Hotel,0,188,2016,September,38,11,2,2,2,0.0,0,BB,GBR,Offline TA/TO,TA/TO,0,0,0,A,C,0,No Deposit,26.0,0,Transient,61.56,0,1
Resort Hotel,0,33,2016,September,37,10,2,3,2,0.0,0,BB,ESP,Online TA,TA/TO,0,0,0,D,E,0,No Deposit,240.0,0,Transient,146.22,0,1
Resort Hotel,0,225,2016,September,38,14,0,1,2,0.0,0,BB,DEU,Offline TA/TO,TA/TO,0,0,0,D,D,0,No Deposit,251.0,0,Transient-Party,86.0,0,1
Resort Hotel,0,15,2016,September,37,10,2,3,2,0.0,0,BB,PRT,Direct,Direct,0,0,0,A,C,0,No Deposit,250.0,0,Transient,112.5,0,0
Resort Hotel,0,36,2016,September,38,12,1,2,2,0.0,0,BB,AUT,Online TA,TA/TO,0,0,0,A,A,0,No Deposit,240.0,0,Transient,151.0,1,1
Resort Hotel,0,0,2016,September,38,14,0,1,2,0.0,0,BB,FRA,Online TA,TA/TO,0,0,0,E,E,0,No Deposit,240.0,0,Transient,125.0,1,1
Resort Hotel,0,28,2016,September,38,12,1,2,2,0.0,0,HB,PRT,Online TA,TA/TO,0,0,0,A,A,0,No Deposit,240.0,0,Transient-Party,175.0,1,1
Resort Hotel,0,28,2016,September,38,12,1,2,2,0.0,0,HB,PRT,Online TA,TA/TO,0,0,0,A,A,0,No Deposit,240.0,0,Transient-Party,161.0,0,1
Resort Hotel,0,194,2016,September,38,11,2,2,2,0.0,0,BB,CN,Offline TA/TO,TA/TO,0,0,0,A,A,0,No Deposit,96.0,0,Transient,75.8,1,0
Resort Hotel,0,4,2016,September,38,13,0,2,2,0.0,0,BB,ESP,Online TA,TA/TO,0,0,0,A,A,0,No Deposit,240.0,0,Transient,105.0,0,1
Resort Hotel,0,28,2016,September,38,12,1,2,2,0.0,0,BB,CN,Online TA,TA/TO,0,0,0,A,A,0,No Deposit,314.0,0,Transient,115.2,1,0
Resort Hotel,0,229,2016,September,38,11,2,2,2,0.0,0,BB,CN,Offline TA/TO,TA/TO,0,0,0,A,B,0,No Deposit,96.0,0,Transient,63.2,0,0
Resort Hotel,0,9,2016,September,38,13,0,2,2,0.0,0,BB,FRA,Online TA,TA/TO,0,0,0,A,A,0,No Deposit,240.0,0,Transient,109.0,1,1
Resort Hotel,0,223,2016,September,36,1,4,10,2,0.0,0,HB,GBR,Offline TA/TO,TA/TO,0,0,0,A,A,0,No Deposit,243.0,0,Contract,79.9,0,0
Resort Hotel,0,26,2016,September,38,12,1,2,2,0.0,0,HB,PRT,Direct,Direct,0,0,0,A,A,0,No Deposit,,0,Transient,146.1,0,0
Resort Hotel,0,8,2016,September,38,13,0,2,2,0.0,0,BB,ESP,Online TA,TA/TO,0,0,0,D,D,0,No Deposit,240.0,0,Transient,124.0,0,1
Resort Hotel,0,51,2016,September,38,11,2,2,2,0.0,0,BB,GBR,Offline TA/TO,TA/TO,0,0,0,A,A,0,No Deposit,8.0,0,Transient,95.0,0,0
Resort Hotel,0,89,2016,September,37,10,2,3,2,0.0,0,FB,PRT,Online TA,TA/TO,0,0,0,A,A,2,No Deposit,5.0,0,Transient,161.2,1,0
Resort Hotel,0,71,2016,September,38,12,1,2,2,0.0,0,BB,PRT,Online TA,TA/TO,0,0,0,E,E,0,No Deposit,240.0,0,Transient,121.33,1,1
Resort Hotel,0,10,2016,September,38,13,0,2,2,0.0,0,BB,TUR,Online TA,TA/TO,0,0,0,A,A,0,No Deposit,240.0,0,Transient,121.0,0,0
Resort Hotel,0,10,2016,September,38,13,0,2,2,0.0,0,BB,TUR,Online TA,TA/TO,0,0,0,A,A,0,No Deposit,240.0,0,Transient,109.0,0,0
Resort Hotel,0,0,2016,September,38,14,0,1,2,0.0,0,BB,PRT,Direct,Direct,0,0,0,A,A,0,No Deposit,,0,Transient,130.0,0,1
Resort Hotel,0,223,2016,September,36,1,4,10,2,0.0,0,HB,GBR,Offline TA/TO,TA/TO,0,0,0,D,D,0,No Deposit,243.0,0,Contract,92.1,0,1
Resort Hotel,0,2,2016,September,38,13,0,2,2,0.0,0,BB,ESP,Online TA,TA/TO,0,0,0,A,E,2,No Deposit,240.0,0,Transient,155.0,0,1
Resort Hotel,0,194,2016,September,38,11,2,2,2,0.0,0,BB,CN,Offline TA/TO,TA/TO,0,0,0,A,A,0,No Deposit,96.0,0,Transient,66.8,0,0
Resort Hotel,0,12,2016,September,38,12,1,3,2,0.0,0,BB,IRL,Online TA,TA/TO,0,0,0,G,G,1,No Deposit,240.0,0,Transient,199.0,0,0
Resort Hotel,0,252,2016,September,37,7,2,7,2,0.0,0,BB,IRL,Offline TA/TO,TA/TO,0,0,0,D,D,0,No Deposit,175.0,0,Transient,77.38,0,0
Resort Hotel,0,240,2016,September,37,9,2,5,2,0.0,0,BB,GBR,Online TA,TA/TO,0,0,0,D,D,0,No Deposit,241.0,0,Transient,70.84,0,0
Resort Hotel,0,7,2016,September,37,9,2,5,2,0.0,0,BB,EST,Offline TA/TO,TA/TO,0,0,0,E,E,0,No Deposit,171.0,0,Transient,88.2,0,0
Resort Hotel,0,163,2016,September,37,9,2,5,2,0.0,0,HB,LTU,Offline TA/TO,TA/TO,0,0,0,D,D,0,No Deposit,171.0,0,Transient,112.0,0,2
Resort Hotel,0,126,2016,September,37,10,2,4,2,0.0,0,BB,GBR,Online TA,TA/TO,0,0,0,A,A,1,No Deposit,240.0,0,Transient,130.67,0,2
Resort Hotel,0,1,2016,September,38,14,0,2,2,0.0,0,BB,ESP,Direct,Direct,0,0,0,F,F,0,No Deposit,250.0,0,Transient,162.0,0,0
Resort Hotel,0,0,2016,September,38,13,0,3,2,0.0,0,BB,BRA,Direct,Direct,0,0,0,E,F,0,No Deposit,,0,Transient,165.5,0,0
Resort Hotel,0,9,2016,September,38,11,2,3,2,0.0,0,BB,ESP,Direct,Direct,0,0,0,F,F,0,No Deposit,250.0,0,Transient,161.0,1,2
Resort Hotel,0,129,2016,September,37,9,2,5,2,0.0,0,BB,PRT,Direct,Direct,0,0,0,A,A,0,No Deposit,,0,Transient,131.1,0,0
Resort Hotel,0,165,2017,July,29,22,2,5,2,0.0,0,BB,PRT,Direct,Direct,1,0,1,A,A,0,No Deposit,250.0,0,Transient,139.5,0,0
Resort Hotel,0,72,2016,September,37,9,2,5,2,0.0,0,HB,LTU,Offline TA/TO,TA/TO,0,0,0,E,E,0,No Deposit,171.0,0,Transient,112.0,0,1
Resort Hotel,0,115,2016,September,38,12,1,3,2,0.0,0,HB,GBR,Online TA,TA/TO,0,0,0,A,A,0,No Deposit,241.0,0,Transient,125.97,0,2
Resort Hotel,0,302,2016,September,37,9,2,5,2,0.0,0,BB,IRL,Offline TA/TO,TA/TO,0,0,0,E,E,0,No Deposit,175.0,0,Transient,83.0,0,1
Resort Hotel,0,135,2016,September,37,7,2,8,2,0.0,0,BB,GBR,Online TA,TA/TO,0,0,0,A,A,1,No Deposit,240.0,0,Transient,151.0,1,1
Resort Hotel,0,205,2016,September,37,10,2,5,2,0.0,0,BB,ESP,Online TA,TA/TO,0,0,0,D,E,0,No Deposit,240.0,0,Transient,144.14,1,1
Resort Hotel,0,250,2016,September,37,6,2,9,2,0.0,0,BB,ITA,Online TA,TA/TO,0,0,0,E,E,0,No Deposit,240.0,0,Transient,107.18,0,2
Resort Hotel,0,244,2016,September,38,12,1,4,2,0.0,0,BB,PRT,Online TA,TA/TO,0,0,0,D,D,0,No Deposit,240.0,0,Transient,89.1,0,1
Resort Hotel,0,7,2016,September,38,13,0,4,2,0.0,0,BB,CHL,Direct,Direct,0,0,0,G,G,0,No Deposit,250.0,0,Transient,187.25,1,0
Resort Hotel,0,138,2016,September,37,10,2,5,2,0.0,0,BB,GBR,Online TA,TA/TO,0,0,0,A,A,0,No Deposit,240.0,0,Transient,136.14,0,1
Resort Hotel,0,211,2016,September,37,10,2,5,2,0.0,0,BB,IRL,Online TA,TA/TO,0,0,0,E,E,0,No Deposit,241.0,0,Transient,107.63,0,2
Resort Hotel,0,211,2016,September,37,10,2,5,2,0.0,0,BB,IRL,Online TA,TA/TO,0,0,0,E,E,0,No Deposit,241.0,0,Transient,109.63,0,2
Resort Hotel,0,220,2016,September,37,10,2,5,2,0.0,0,BB,GBR,Online TA,TA/TO,0,0,0,E,E,0,No Deposit,241.0,0,Transient,88.74,0,1
Resort Hotel,0,236,2016,September,37,10,2,5,2,0.0,0,BB,IRL,Offline TA/TO,TA/TO,0,0,0,E,E,0,No Deposit,,0,Transient,100.89,0,0
Resort Hotel,0,131,2016,September,37,10,2,5,2,0.0,0,BB,GBR,Online TA,TA/TO,0,0,0,A,A,0,No Deposit,240.0,0,Transient,148.14,1,1
Resort Hotel,0,336,2016,September,38,15,0,2,2,0.0,0,BB,GBR,Groups,Direct,0,0,0,A,D,1,No Deposit,,0,Transient-Party,66.0,0,0
Resort Hotel,0,250,2016,September,38,11,2,5,2,0.0,0,BB,GBR,Offline TA/TO,TA/TO,0,0,0,A,A,0,No Deposit,36.0,0,Transient,58.47,0,0
Resort Hotel,0,233,2016,September,38,11,2,5,2,0.0,0,BB,GBR,Offline TA/TO,TA/TO,0,0,0,D,D,0,No Deposit,243.0,0,Contract,64.9,0,0
Resort Hotel,0,336,2016,September,38,15,0,3,2,0.0,0,BB,GBR,Groups,Direct,0,0,0,A,A,1,No Deposit,,0,Transient-Party,66.0,0,0
Resort Hotel,0,336,2016,September,38,15,0,3,2,0.0,0,BB,GBR,Groups,Direct,0,0,0,A,A,1,No Deposit,,0,Transient-Party,70.0,0,0
Resort Hotel,0,336,2016,September,38,15,0,3,2,0.0,0,BB,GBR,Groups,Direct,0,0,0,A,D,0,No Deposit,,0,Transient-Party,74.0,0,0
Resort Hotel,0,336,2016,September,38,15,0,3,2,0.0,0,BB,GBR,Groups,Direct,0,0,0,A,A,1,No Deposit,,0,Transient-Party,74.0,1,0
Resort Hotel,0,336,2016,September,38,15,0,3,2,0.0,0,BB,GBR,Groups,Direct,0,0,0,A,E,0,No Deposit,,0,Transient-Party,66.0,0,0
Resort Hotel,0,336,2016,September,38,15,0,3,2,0.0,0,BB,GBR,Groups,Direct,0,0,0,A,A,2,No Deposit,,0,Transient-Party,66.0,0,1
Resort Hotel,0,251,2016,September,38,13,0,5,2,0.0,0,BB,ITA,Online TA,TA/TO,0,0,0,A,C,0,No Deposit,240.0,0,Transient,89.4,0,3
Resort Hotel,0,251,2016,September,38,13,0,5,2,0.0,0,BB,ITA,Online TA,TA/TO,0,0,0,A,A,0,No Deposit,240.0,0,Transient,77.4,0,3
Resort Hotel,0,251,2016,September,38,13,0,5,2,0.0,0,BB,ITA,Online TA,TA/TO,0,0,0,A,A,0,No Deposit,240.0,0,Transient,77.4,0,3
Resort Hotel,0,336,2016,September,38,15,0,3,2,0.0,0,BB,GBR,Groups,Direct,0,0,0,A,E,0,No Deposit,,0,Transient-Party,74.0,1,0
Resort Hotel,0,336,2016,September,38,15,0,3,2,0.0,0,BB,GBR,Groups,Direct,0,0,0,A,B,1,No Deposit,,0,Transient-Party,74.0,0,0
Resort Hotel,0,4,2016,September,38,17,0,1,2,0.0,0,BB,PRT,Direct,Direct,0,0,0,E,E,0,No Deposit,250.0,0,Transient,175.0,1,0
Resort Hotel,0,334,2016,September,38,13,0,5,2,0.0,0,BB,GBR,Groups,Direct,0,0,0,A,A,1,No Deposit,,0,Transient-Party,66.0,0,0
Resort Hotel,0,4,2016,September,38,16,0,2,2,0.0,0,BB,PRT,Online TA,TA/TO,0,0,0,E,E,0,No Deposit,240.0,0,Transient,185.0,0,1
Resort Hotel,0,327,2016,September,38,14,0,4,2,0.0,0,BB,IRL,Groups,TA/TO,0,0,0,A,D,0,No Deposit,201.0,0,Transient-Party,61.4,0,0
Resort Hotel,0,210,2016,September,36,1,4,13,2,0.0,0,BB,CN,Offline TA/TO,TA/TO,0,0,0,E,E,0,No Deposit,96.0,0,Transient,82.88,0,0
Resort Hotel,0,327,2016,September,38,14,0,4,2,0.0,0,BB,IRL,Groups,TA/TO,0,0,0,A,D,0,No Deposit,201.0,0,Transient-Party,61.4,0,0
Resort Hotel,0,327,2016,September,38,14,0,4,2,0.0,0,BB,IRL,Groups,TA/TO,0,0,0,A,D,1,No Deposit,201.0,0,Transient-Party,61.4,0,0
Resort Hotel,0,244,2016,September,38,16,0,2,2,0.0,0,BB,IRL,Online TA,TA/TO,0,0,0,D,E,0,No Deposit,242.0,0,Transient,85.5,0,1
Resort Hotel,0,148,2016,September,39,18,2,1,2,0.0,0,BB,IRL,Online TA,TA/TO,0,0,0,E,E,0,No Deposit,240.0,0,Transient,125.67,0,1
Resort Hotel,0,214,2016,September,38,17,0,1,2,0.0,0,BB,AUT,Online TA,TA/TO,0,0,0,E,E,0,No Deposit,240.0,0,Transient,136.0,0,1
Resort Hotel,0,16,2016,September,38,17,0,1,2,0.0,0,BB,PRT,Direct,Direct,0,0,0,F,E,0,No Deposit,,0,Transient,143.0,0,1
Resort Hotel,0,327,2016,September,38,14,0,4,2,0.0,0,BB,IRL,Groups,TA/TO,0,0,0,A,C,0,No Deposit,201.0,0,Transient-Party,61.4,0,0
Resort Hotel,0,145,2016,September,38,15,0,3,2,0.0,0,BB,USA,Online TA,TA/TO,0,0,0,A,D,0,No Deposit,240.0,0,Transient,131.0,0,1
Resort Hotel,0,2,2016,September,38,17,0,1,2,0.0,0,BB,ESP,Online TA,TA/TO,0,0,0,A,A,0,No Deposit,240.0,0,Transient,155.0,1,1
Resort Hotel,0,9,2016,September,39,18,1,0,2,0.0,0,BB,PRT,Groups,Corporate,0,0,0,E,C,0,No Deposit,223.0,0,Transient-Party,90.0,0,0
Resort Hotel,0,9,2016,September,39,18,1,0,2,0.0,0,BB,GBR,Groups,Corporate,0,0,0,E,E,0,No Deposit,223.0,0,Transient-Party,90.0,0,0
Resort Hotel,0,336,2016,September,38,15,1,3,2,0.0,0,BB,GBR,Groups,Direct,0,0,0,A,A,1,No Deposit,,0,Transient-Party,73.5,1,0
Resort Hotel,0,9,2016,September,39,18,1,0,2,0.0,0,BB,GBR,Groups,Corporate,0,0,0,E,E,0,No Deposit,223.0,0,Transient-Party,90.0,0,0
Resort Hotel,0,9,2016,September,39,18,1,0,2,0.0,0,BB,GBR,Groups,Corporate,0,0,0,E,D,0,No Deposit,223.0,0,Transient-Party,90.0,0,0
Resort Hotel,0,336,2016,September,38,15,1,3,2,0.0,0,BB,GBR,Groups,Direct,0,0,0,A,A,1,No Deposit,,0,Transient-Party,66.0,0,0
Resort Hotel,0,9,2016,September,39,18,1,0,2,0.0,0,BB,GBR,Groups,Corporate,0,0,0,E,E,0,No Deposit,223.0,0,Transient-Party,90.0,0,0
Resort Hotel,0,9,2016,September,39,18,1,0,2,0.0,0,BB,GBR,Groups,Corporate,0,0,0,E,E,0,No Deposit,223.0,0,Transient-Party,90.0,0,0
Resort Hotel,0,336,2016,September,38,15,1,3,2,0.0,0,BB,GBR,Groups,Direct,0,0,0,A,A,1,No Deposit,,0,Transient-Party,81.0,1,0
Resort Hotel,0,336,2016,September,38,15,1,3,2,0.0,0,BB,GBR,Groups,Direct,0,0,0,A,D,1,No Deposit,,0,Transient-Party,69.0,1,0
Resort Hotel,0,233,2016,September,39,18,1,0,2,0.0,0,HB,CHE,Offline TA/TO,TA/TO,0,0,0,D,D,0,No Deposit,251.0,0,Transient-Party,104.0,0,1
Resort Hotel,0,233,2016,September,39,18,1,0,2,0.0,0,HB,CHE,Offline TA/TO,TA/TO,0,0,0,D,D,0,No Deposit,251.0,0,Transient-Party,104.0,0,1
Resort Hotel,0,227,2016,September,37,5,4,10,2,0.0,0,BB,GBR,Offline TA/TO,TA/TO,0,0,0,D,D,1,No Deposit,243.0,0,Contract,62.9,0,1
Resort Hotel,0,9,2016,September,39,18,1,0,2,0.0,0,BB,GBR,Groups,Corporate,0,0,0,E,E,0,No Deposit,223.0,0,Transient-Party,90.0,0,0
Resort Hotel,0,9,2016,September,39,18,1,0,2,0.0,0,BB,GBR,Groups,Corporate,0,0,0,E,E,0,No Deposit,223.0,0,Transient-Party,90.0,0,0
Resort Hotel,0,0,2016,September,39,18,1,0,2,0.0,0,BB,CN,Online TA,TA/TO,0,0,0,D,D,0,No Deposit,240.0,0,Transient,136.0,1,0
Resort Hotel,0,11,2016,September,39,18,1,0,2,0.0,0,BB,CHE,Offline TA/TO,TA/TO,0,0,0,D,E,0,No Deposit,251.0,0,Transient,78.0,0,0
Resort Hotel,0,234,2016,September,38,12,2,5,2,0.0,0,BB,GBR,Offline TA/TO,TA/TO,0,0,0,A,A,0,No Deposit,243.0,0,Contract,51.85,0,0
Resort Hotel,0,0,2016,September,39,18,1,0,2,0.0,0,BB,AUT,Direct,Direct,0,0,0,A,A,0,No Deposit,,0,Transient,116.0,0,0
Resort Hotel,0,9,2016,September,39,18,1,0,2,0.0,0,BB,GBR,Groups,Corporate,0,0,0,E,C,0,No Deposit,223.0,0,Transient-Party,90.0,0,0
Resort Hotel,0,227,2016,September,37,5,4,10,2,0.0,0,BB,GBR,Offline TA/TO,TA/TO,0,0,0,D,D,1,No Deposit,243.0,0,Contract,64.9,0,1
Resort Hotel,0,227,2016,September,37,5,4,10,2,0.0,0,BB,GBR,Offline TA/TO,TA/TO,0,0,0,D,D,0,No Deposit,243.0,0,Contract,62.9,0,1
Resort Hotel,0,227,2016,September,37,5,4,10,2,0.0,0,BB,GBR,Offline TA/TO,TA/TO,0,0,0,D,D,0,No Deposit,243.0,0,Contract,62.9,0,1
Resort Hotel,0,336,2016,September,38,15,1,3,2,0.0,0,BB,GBR,Groups,Direct,0,0,0,A,A,1,No Deposit,,0,Transient-Party,73.5,1,0
Resort Hotel,0,336,2016,September,38,15,1,3,2,0.0,0,BB,GBR,Groups,Direct,0,0,0,A,A,1,No Deposit,,0,Transient-Party,68.0,0,0
Resort Hotel,0,336,2016,September,38,15,1,3,2,0.0,0,BB,GBR,Groups,Direct,0,0,0,A,A,1,No Deposit,,0,Transient-Party,66.0,0,0
Resort Hotel,0,336,2016,September,38,15,1,3,2,0.0,0,BB,GBR,Groups,Direct,0,0,0,A,A,1,No Deposit,,0,Transient-Party,68.0,0,0
Resort Hotel,0,9,2016,September,39,18,1,0,2,0.0,0,BB,GBR,Groups,Corporate,0,0,0,E,C,0,No Deposit,223.0,0,Transient-Party,90.0,0,0
Resort Hotel,0,0,2016,September,39,19,1,0,2,0.0,0,BB,GBR,Online TA,Corporate,1,0,0,E,E,0,No Deposit,240.0,0,Transient,145.0,0,0
Resort Hotel,0,336,2016,September,38,15,1,3,2,0.0,0,BB,GBR,Groups,Direct,0,0,0,A,A,3,No Deposit,,0,Transient-Party,73.5,1,0
Resort Hotel,0,336,2016,September,38,15,2,3,2,0.0,0,BB,GBR,Groups,Direct,0,0,0,A,A,1,No Deposit,,0,Transient-Party,73.2,1,0
Resort Hotel,0,246,2016,September,37,10,4,6,2,0.0,0,BB,IRL,Offline TA/TO,TA/TO,0,0,0,D,D,0,No Deposit,95.0,0,Transient,77.22,0,2
Resort Hotel,0,5,2016,September,39,19,1,0,2,0.0,0,BB,ESP,Online TA,TA/TO,0,0,0,A,C,0,No Deposit,240.0,0,Transient-Party,101.0,0,2
Resort Hotel,0,226,2016,September,38,16,2,2,2,0.0,0,BB,SWE,Direct,Direct,0,0,0,G,G,0,No Deposit,250.0,0,Transient,136.0,1,1
Resort Hotel,0,66,2016,September,38,17,2,1,2,0.0,0,BB,NLD,Online TA,TA/TO,0,0,0,G,I,1,No Deposit,240.0,0,Transient,159.67,0,0
Resort Hotel,0,102,2016,September,39,19,1,0,2,0.0,0,BB,DEU,Offline TA/TO,TA/TO,0,0,0,D,E,1,No Deposit,251.0,0,Transient,78.0,0,0
Resort Hotel,0,42,2016,September,39,18,2,0,2,0.0,0,BB,POL,Online TA,TA/TO,0,0,0,A,A,0,No Deposit,240.0,0,Transient,80.0,0,0
Resort Hotel,0,59,2016,September,39,18,2,0,2,0.0,0,BB,POL,Online TA,TA/TO,0,0,0,A,A,0,No Deposit,240.0,0,Transient,86.0,0,1
Resort Hotel,0,5,2016,September,38,16,2,2,2,0.0,0,BB,CN,Online TA,TA/TO,0,0,0,A,D,0,No Deposit,240.0,0,Transient,223.75,0,2
Resort Hotel,0,7,2016,September,39,19,1,0,2,0.0,0,BB,ESP,Direct,Direct,0,0,0,A,A,0,No Deposit,250.0,0,Transient,101.0,1,3
Resort Hotel,0,168,2016,September,39,20,2,5,2,0.0,0,BB,IRL,Online TA,TA/TO,0,0,0,A,A,1,No Deposit,240.0,0,Transient-Party,10.0,0,2
Resort Hotel,0,213,2016,September,37,10,4,6,2,0.0,0,HB,GBR,Offline TA/TO,TA/TO,0,0,0,D,D,2,No Deposit,143.0,0,Transient,90.0,0,0
Resort Hotel,0,9,2016,September,39,18,2,0,2,0.0,0,BB,GBR,Groups,Corporate,0,0,0,E,E,1,No Deposit,223.0,0,Transient,96.0,1,0
Resort Hotel,0,46,2016,September,39,18,2,0,2,0.0,0,BB,FRA,Online TA,TA/TO,0,0,0,A,A,0,No Deposit,240.0,0,Transient,86.0,0,1
Resort Hotel,0,48,2016,September,39,18,2,0,2,0.0,0,BB,LVA,Direct,Direct,0,0,0,E,E,0,No Deposit,250.0,0,Transient,116.0,1,2
Resort Hotel,0,8,2016,September,39,19,1,0,2,0.0,0,BB,FRA,Online TA,TA/TO,0,0,0,E,E,0,No Deposit,240.0,0,Transient,115.0,1,3
Resort Hotel,0,248,2016,September,37,10,4,6,2,0.0,0,BB,GBR,Offline TA/TO,TA/TO,0,0,0,D,I,0,No Deposit,147.0,0,Transient,8.0,0,0
Resort Hotel,0,191,2016,September,39,22,2,5,2,0.0,0,BB,POL,Offline TA/TO,TA/TO,0,0,0,E,E,0,No Deposit,315.0,0,Transient,81.0,0,1
Resort Hotel,0,54,2016,September,39,18,2,1,2,0.0,0,BB,GBR,Online TA,TA/TO,0,0,0,A,A,0,No Deposit,241.0,0,Transient,61.6,0,4
Resort Hotel,0,348,2016,September,37,7,4,10,2,0.0,0,BB,GBR,Offline TA/TO,TA/TO,0,0,0,D,D,0,No Deposit,40.0,0,Contract,64.9,0,0
Resort Hotel,0,174,2016,September,39,20,0,1,2,0.0,0,BB,DEU,Offline TA/TO,TA/TO,0,0,0,D,C,1,No Deposit,251.0,0,Transient,78.0,0,0
Resort Hotel,0,77,2016,September,39,18,2,1,2,0.0,0,BB,NLD,Online TA,TA/TO,0,0,0,A,A,0,No Deposit,240.0,0,Transient,86.0,1,2
Resort Hotel,0,39,2016,September,39,18,2,1,2,0.0,0,BB,GBR,Online TA,TA/TO,0,0,0,E,E,0,No Deposit,240.0,0,Transient,104.67,0,1
Resort Hotel,0,245,2016,September,38,17,2,2,2,0.0,0,BB,DEU,Online TA,TA/TO,0,0,0,A,A,0,No Deposit,240.0,0,Transient,80.0,0,2
Resort Hotel,0,61,2016,September,38,17,2,2,2,0.0,0,BB,PRT,Direct,Direct,0,0,0,F,F,0,No Deposit,250.0,0,Transient,121.28,0,0
Resort Hotel,0,245,2016,September,38,17,2,2,2,0.0,0,BB,AUT,Online TA,TA/TO,0,0,0,D,E,1,No Deposit,240.0,0,Transient,95.0,0,2
Resort Hotel,0,280,2016,September,38,15,2,4,2,0.0,0,HB,AUT,Online TA,TA/TO,0,0,0,D,D,2,No Deposit,240.0,0,Transient,125.83,0,0
Resort Hotel,0,280,2016,September,38,15,2,4,2,0.0,0,HB,AUT,Online TA,TA/TO,0,0,0,D,D,0,No Deposit,240.0,0,Transient,125.83,0,0
Resort Hotel,0,15,2016,September,39,19,1,1,2,0.0,0,BB,DEU,Online TA,TA/TO,0,0,0,A,C,0,No Deposit,240.0,0,Transient,127.0,1,1
Resort Hotel,0,280,2016,September,38,15,2,4,2,0.0,0,HB,AUT,Online TA,TA/TO,0,0,0,D,D,2,No Deposit,240.0,0,Transient,131.83,1,0
Resort Hotel,0,55,2016,September,39,19,1,1,2,0.0,0,BB,LUX,Online TA,TA/TO,0,0,0,A,A,0,No Deposit,240.0,0,Transient,80.0,0,1
Resort Hotel,0,0,2016,September,39,20,0,1,2,0.0,0,BB,PRT,Direct,Direct,0,0,0,A,A,0,No Deposit,,0,Transient,120.0,1,0
Resort Hotel,0,1,2016,September,39,19,1,1,2,0.0,0,BB,PRT,Direct,Direct,0,0,0,A,A,0,No Deposit,250.0,0,Transient,110.0,0,0
Resort Hotel,0,40,2016,September,39,19,1,1,2,0.0,0,HB,ESP,Online TA,TA/TO,0,0,0,A,A,0,No Deposit,240.0,0,Transient,112.0,0,1
Resort Hotel,0,29,2016,September,39,19,1,1,2,0.0,0,BB,CHE,Online TA,TA/TO,0,0,0,A,A,0,No Deposit,240.0,0,Transient,86.0,0,1
Resort Hotel,0,45,2016,September,39,18,2,1,2,0.0,0,BB,PRT,Online TA,TA/TO,0,0,0,A,A,0,No Deposit,240.0,0,Transient,86.0,0,2
Resort Hotel,0,47,2016,September,39,18,2,1,2,0.0,0,BB,PRT,Online TA,TA/TO,0,0,0,A,A,0,No Deposit,240.0,0,Transient,86.0,0,2
Resort Hotel,0,76,2016,September,39,18,2,1,2,0.0,0,BB,PRT,Online TA,TA/TO,0,0,0,A,A,0,No Deposit,240.0,0,Transient,80.0,0,2
Resort Hotel,0,19,2016,September,39,19,1,1,2,0.0,0,Undefined,IRL,Direct,Direct,0,0,0,A,A,1,No Deposit,250.0,0,Transient,169.0,1,0
Resort Hotel,0,12,2016,September,39,19,1,1,2,0.0,0,BB,ESP,Online TA,TA/TO,0,0,0,A,A,0,No Deposit,240.0,0,Transient,125.0,0,3
Resort Hotel,0,67,2016,September,39,18,2,1,2,0.0,0,BB,SUR,Online TA,TA/TO,0,0,0,A,A,0,No Deposit,240.0,0,Transient,80.0,0,1
Resort Hotel,0,30,2016,September,39,19,1,1,2,0.0,0,HB,PRT,Online TA,TA/TO,0,0,0,A,A,0,No Deposit,240.0,0,Transient,118.0,1,3
Resort Hotel,0,78,2016,September,39,18,2,1,2,0.0,0,BB,GBR,Online TA,TA/TO,0,0,0,E,E,0,No Deposit,240.0,0,Transient,102.67,0,1
Resort Hotel,0,6,2016,September,39,19,1,1,2,0.0,0,BB,ESP,Online TA,TA/TO,0,0,0,A,A,0,No Deposit,240.0,0,Transient,105.0,0,3
Resort Hotel,0,48,2016,September,39,18,2,1,2,0.0,0,BB,PRT,Direct,Direct,0,0,0,A,A,1,No Deposit,250.0,0,Transient,90.0,0,1
Resort Hotel,0,3,2016,September,39,19,1,1,2,0.0,0,BB,IRL,Direct,Direct,0,0,0,A,A,0,No Deposit,250.0,0,Transient,81.0,0,2
Resort Hotel,0,230,2016,September,37,8,4,10,2,0.0,0,HB,GBR,Offline TA/TO,TA/TO,0,0,0,D,D,0,No Deposit,243.0,0,Contract,88.9,0,1
Resort Hotel,0,230,2016,September,37,8,4,10,2,0.0,0,HB,GBR,Offline TA/TO,TA/TO,0,0,0,D,D,0,No Deposit,243.0,0,Contract,90.9,0,0
Resort Hotel,0,297,2016,September,38,11,4,7,2,0.0,0,BB,IRL,Offline TA/TO,TA/TO,0,0,0,A,A,1,No Deposit,314.0,0,Transient,66.8,0,2
Resort Hotel,0,297,2016,September,38,11,4,7,2,0.0,0,BB,IRL,Offline TA/TO,TA/TO,0,0,0,A,A,1,No Deposit,314.0,0,Transient,64.8,0,3
Resort Hotel,0,136,2016,September,39,19,1,2,2,0.0,0,BB,CN,Offline TA/TO,TA/TO,0,0,0,D,E,1,No Deposit,96.0,0,Transient,76.0,0,0
Resort Hotel,0,237,2016,September,38,15,2,5,2,0.0,0,BB,GBR,Offline TA/TO,TA/TO,0,0,0,D,D,0,No Deposit,243.0,0,Contract,62.9,0,0
Resort Hotel,0,243,2016,September,39,18,2,2,2,0.0,0,HB,FRA,Online TA,TA/TO,0,0,0,A,A,1,No Deposit,240.0,0,Transient,110.0,0,2
Resort Hotel,0,232,2016,September,39,22,0,1,2,0.0,0,BB,FRA,Online TA,TA/TO,0,0,0,A,A,0,No Deposit,240.0,0,Transient,80.0,0,2
Resort Hotel,0,9,2016,September,39,19,1,2,2,0.0,0,BB,PRT,Direct,Direct,0,0,0,D,E,0,No Deposit,250.0,0,Transient,115.2,1,2
Resort Hotel,0,12,2016,September,39,22,0,2,2,0.0,0,BB,PRT,Direct,Direct,0,0,0,F,E,0,No Deposit,250.0,0,Transient,115.2,1,2
Resort Hotel,0,7,2016,September,39,19,1,2,2,0.0,0,BB,PRT,Online TA,TA/TO,0,0,0,D,D,0,No Deposit,240.0,0,Transient,126.0,1,1
Resort Hotel,0,1,2016,September,39,22,0,1,2,0.0,0,BB,PRT,Direct,TA/TO,0,0,0,A,C,0,No Deposit,,0,Transient,126.0,1,1
Resort Hotel,0,422,2016,September,38,12,3,7,2,0.0,0,BB,GBR,Offline TA/TO,TA/TO,0,0,0,D,D,1,No Deposit,2.0,0,Contract,62.9,0,1
Resort Hotel,0,152,2016,September,39,18,2,2,2,0.0,0,BB,CN,Offline TA/TO,TA/TO,0,0,0,A,C,0,No Deposit,96.0,0,Transient,66.0,0,0
Resort Hotel,0,51,2016,September,38,17,2,3,2,0.0,0,BB,LUX,Direct,Direct,0,0,0,F,F,0,No Deposit,250.0,0,Transient,143.6,0,0
Resort Hotel,0,51,2016,September,38,17,2,3,2,0.0,0,BB,PRT,Direct,Direct,0,0,0,F,F,0,No Deposit,250.0,0,Transient,143.6,1,0
Resort Hotel,0,192,2016,September,39,19,1,2,2,0.0,0,BB,CN,Offline TA/TO,TA/TO,0,0,0,A,A,0,No Deposit,96.0,0,Transient,57.6,0,0
Resort Hotel,0,280,2016,September,37,9,4,10,2,0.0,0,HB,EST,Offline TA/TO,TA/TO,0,0,0,A,A,1,No Deposit,171.0,0,Transient,85.6,0,0
Resort Hotel,0,12,2016,September,39,19,1,3,2,0.0,0,BB,GBR,Online TA,TA/TO,0,0,0,D,D,0,No Deposit,240.0,0,Transient,140.0,1,1
Resort Hotel,0,132,2016,September,39,19,1,3,2,0.0,0,BB,GBR,Offline TA/TO,TA/TO,0,0,0,A,C,0,No Deposit,6.0,0,Transient,64.0,0,0
Resort Hotel,0,132,2016,September,39,19,1,3,2,0.0,0,BB,GBR,Offline TA/TO,TA/TO,0,0,0,A,C,0,No Deposit,6.0,0,Transient,66.0,0,0
Resort Hotel,0,298,2016,September,38,13,2,8,2,0.0,0,HB,GBR,Offline TA/TO,TA/TO,0,0,0,E,E,1,No Deposit,40.0,0,Transient,108.54,0,0
Resort Hotel,0,246,2016,September,39,18,2,3,2,0.0,0,BB,PRT,Direct,Direct,0,0,0,E,E,0,No Deposit,250.0,0,Transient,95.25,1,0
Resort Hotel,0,239,2016,September,39,18,2,3,2,0.0,0,BB,IRL,Online TA,TA/TO,0,0,0,E,E,0,No Deposit,240.0,0,Transient,110.0,0,1
Resort Hotel,0,233,2016,September,39,22,0,1,2,0.0,0,BB,DEU,Offline TA/TO,TA/TO,0,0,0,D,D,0,No Deposit,251.0,0,Transient,78.0,0,0
Resort Hotel,0,126,2016,September,38,16,2,5,2,0.0,0,BB,IRL,Offline TA/TO,TA/TO,0,0,0,E,E,1,No Deposit,177.0,0,Transient,93.0,0,0
Resort Hotel,0,171,2016,September,39,19,1,3,2,0.0,0,HB,PRT,Offline TA/TO,TA/TO,0,0,0,D,D,0,No Deposit,15.0,0,Transient,102.0,0,4
Resort Hotel,0,253,2016,September,38,15,2,6,2,0.0,0,BB,FRA,Online TA,TA/TO,0,0,0,A,D,0,No Deposit,240.0,0,Transient,108.88,1,0
Resort Hotel,0,141,2016,September,39,20,0,3,2,0.0,0,BB,POL,Online TA,TA/TO,0,0,0,A,A,0,No Deposit,240.0,0,Transient-Party,92.33,0,1
Resort Hotel,0,141,2016,September,39,20,0,3,2,0.0,0,BB,POL,Online TA,TA/TO,0,0,0,A,A,0,No Deposit,240.0,0,Transient-Party,100.33,1,1
Resort Hotel,0,41,2016,September,39,18,2,3,2,0.0,0,BB,PRT,Direct,Direct,0,0,0,A,A,0,No Deposit,,0,Transient,86.0,1,1
Resort Hotel,0,41,2016,September,39,18,2,3,2,0.0,0,BB,PRT,Direct,Direct,0,0,0,A,A,0,No Deposit,,0,Transient,80.0,0,1
Resort Hotel,0,96,2016,September,39,18,2,3,2,0.0,0,BB,PRT,Direct,Direct,0,0,0,H,H,2,No Deposit,250.0,0,Transient,184.8,1,2
Resort Hotel,0,0,2016,September,39,22,0,1,2,0.0,0,BB,FRA,Direct,Direct,0,0,0,F,F,0,No Deposit,,0,Transient,160.0,1,0
Resort Hotel,0,144,2016,September,39,19,1,3,2,0.0,0,BB,ITA,Offline TA/TO,TA/TO,0,0,0,E,E,0,No Deposit,336.0,0,Transient,90.0,0,0
Resort Hotel,0,18,2016,September,39,22,0,1,2,0.0,0,BB,CHN,Online TA,TA/TO,0,0,0,A,A,0,No Deposit,240.0,0,Transient,119.0,0,1
Resort Hotel,0,178,2016,September,38,17,2,5,2,0.0,0,BB,IRL,Direct,Direct,0,0,0,F,F,0,No Deposit,250.0,0,Transient,143.86,0,0
Resort Hotel,0,49,2016,September,39,19,1,4,2,0.0,0,BB,IRL,Direct,Direct,0,0,0,F,F,0,No Deposit,,0,Transient,125.0,0,1
Resort Hotel,0,168,2017,July,27,3,3,6,2,0.0,0,BB,IRL,Direct,Direct,1,0,0,E,E,0,No Deposit,,0,Transient-Party,125.5,0,3
Resort Hotel,0,159,2016,September,39,20,0,4,2,0.0,0,BB,CN,Offline TA/TO,TA/TO,0,0,0,D,A,1,No Deposit,96.0,0,Transient,78.0,0,0
Resort Hotel,0,159,2016,September,39,20,0,4,2,0.0,0,BB,CN,Offline TA/TO,TA/TO,0,0,0,D,A,1,No Deposit,96.0,0,Transient,78.0,0,0
Resort Hotel,0,156,2016,September,39,18,2,4,2,0.0,0,HB,PRT,Online TA,TA/TO,0,0,0,A,A,0,No Deposit,241.0,0,Transient,98.05,0,1
Resort Hotel,0,162,2016,September,39,24,0,1,2,0.0,0,HB,PRT,Online TA,TA/TO,0,0,0,A,A,0,No Deposit,241.0,0,Transient,99.33,0,1
Resort Hotel,0,24,2016,September,39,23,0,1,2,0.0,0,BB,THA,Direct,Direct,0,0,0,E,E,0,No Deposit,250.0,0,Transient-Party,169.0,0,2
Resort Hotel,0,238,2016,September,39,19,1,4,2,0.0,0,BB,PRT,Online TA,TA/TO,0,0,0,E,E,0,No Deposit,240.0,0,Transient,110.0,0,1
Resort Hotel,0,253,2016,September,39,18,2,4,2,0.0,0,BB,NLD,Online TA,TA/TO,0,0,0,D,D,1,No Deposit,240.0,0,Transient,93.5,1,1
Resort Hotel,0,45,2016,September,39,23,0,1,2,0.0,0,BB,CN,Online TA,TA/TO,0,0,0,A,A,0,No Deposit,240.0,0,Transient,115.0,1,1
Resort Hotel,0,247,2016,September,38,17,2,5,2,0.0,0,BB,IRL,Offline TA/TO,TA/TO,0,0,0,D,E,0,No Deposit,432.0,0,Transient,73.47,0,0
Resort Hotel,0,24,2016,September,39,23,0,1,2,0.0,0,BB,THA,Direct,Direct,0,0,0,E,E,0,No Deposit,250.0,0,Transient-Party,169.0,0,2
Resort Hotel,0,147,2016,September,39,19,1,4,2,0.0,0,BB,RUS,Online TA,TA/TO,0,0,0,A,A,1,No Deposit,240.0,0,Transient,97.0,1,1
Resort Hotel,0,336,2016,September,38,15,2,8,2,0.0,0,BB,GBR,Groups,Direct,0,0,0,A,F,1,No Deposit,,0,Transient,72.6,0,0
Resort Hotel,0,233,2016,September,38,11,4,10,2,0.0,0,HB,GBR,Offline TA/TO,TA/TO,0,0,0,D,D,0,No Deposit,243.0,0,Contract,90.76,0,2
Resort Hotel,0,131,2016,September,39,19,1,5,2,0.0,0,HB,PRT,Online TA,TA/TO,0,0,0,E,E,0,No Deposit,,0,Transient,152.0,1,1
Resort Hotel,0,157,2016,September,39,18,2,5,2,0.0,0,HB,PRT,Online TA,TA/TO,0,0,0,A,A,2,No Deposit,241.0,0,Transient,104.23,1,1
Resort Hotel,0,233,2016,September,38,11,4,10,2,0.0,0,HB,GBR,Offline TA/TO,TA/TO,0,0,0,D,D,0,No Deposit,243.0,0,Contract,90.9,0,0
Resort Hotel,0,238,2016,September,39,22,0,3,2,0.0,0,BB,CN,Online TA,TA/TO,0,0,0,D,D,0,No Deposit,240.0,0,Transient,107.0,1,2
Resort Hotel,0,238,2016,September,39,22,0,3,2,0.0,0,BB,CN,Online TA,TA/TO,0,0,0,D,D,0,No Deposit,240.0,0,Transient,95.0,0,2
Resort Hotel,0,247,2016,September,39,19,1,5,2,0.0,0,HB,GBR,Online TA,TA/TO,0,0,0,A,A,1,No Deposit,240.0,0,Transient,110.0,0,2
Resort Hotel,0,247,2016,September,39,19,1,5,2,0.0,0,HB,GBR,Online TA,TA/TO,0,0,0,A,A,0,No Deposit,240.0,0,Transient,116.0,0,2
Resort Hotel,0,0,2016,September,39,21,0,4,2,0.0,0,BB,ESP,Online TA,TA/TO,0,0,0,E,E,0,No Deposit,240.0,0,Transient,161.0,1,0
Resort Hotel,0,171,2016,September,39,24,0,1,2,0.0,0,BB,GBR,Offline TA/TO,TA/TO,0,0,0,E,E,0,No Deposit,360.0,0,Transient-Party,116.1,0,1
Resort Hotel,0,171,2016,September,39,24,0,1,2,0.0,0,BB,GBR,Offline TA/TO,TA/TO,0,0,0,E,E,0,No Deposit,360.0,0,Transient-Party,116.1,0,1
Resort Hotel,0,4,2016,September,39,23,0,2,2,0.0,0,BB,PRT,Direct,Direct,0,0,0,C,C,0,No Deposit,250.0,0,Transient,148.0,0,0
Resort Hotel,0,199,2016,September,39,19,1,5,2,0.0,0,BB,IRL,Online TA,TA/TO,0,0,0,A,A,0,No Deposit,240.0,0,Transient,90.0,0,1
Resort Hotel,0,8,2016,September,39,23,0,2,2,0.0,0,BB,PRT,Online TA,TA/TO,0,0,0,D,D,0,No Deposit,240.0,0,Transient,130.0,0,1
Resort Hotel,0,13,2016,September,39,23,0,2,2,0.0,0,BB,ESP,Online TA,TA/TO,0,0,0,D,D,0,No Deposit,240.0,0,Transient,136.0,1,1
Resort Hotel,0,16,2016,September,39,24,0,1,2,0.0,0,BB,ESP,Online TA,TA/TO,0,0,0,D,E,0,No Deposit,240.0,0,Transient,134.0,0,2
Resort Hotel,0,16,2016,September,39,24,0,1,2,0.0,0,BB,ESP,Online TA,TA/TO,0,0,0,D,D,0,No Deposit,240.0,0,Transient,140.0,1,2
Resort Hotel,0,160,2016,September,39,19,1,5,2,0.0,0,BB,IRL,Online TA,TA/TO,0,0,0,A,A,0,No Deposit,240.0,0,Transient,92.33,0,3
Resort Hotel,0,5,2016,September,39,23,0,2,2,0.0,0,BB,PRT,Online TA,TA/TO,0,0,0,E,E,0,No Deposit,240.0,0,Transient,151.0,1,1
Resort Hotel,0,10,2016,September,39,24,1,1,2,0.0,0,BB,CYP,Online TA,TA/TO,0,0,0,D,D,0,No Deposit,147.0,0,Transient,94.0,0,0
Resort Hotel,0,248,2016,September,39,23,1,2,2,0.0,0,BB,IRL,Online TA,TA/TO,0,0,0,A,A,0,No Deposit,240.0,0,Transient,80.0,0,1
Resort Hotel,0,248,2016,September,39,23,1,2,2,0.0,0,BB,IRL,Online TA,TA/TO,0,0,0,A,A,0,No Deposit,240.0,0,Transient,80.0,0,1
Resort Hotel,0,248,2016,September,39,23,1,2,2,0.0,0,BB,IRL,Online TA,TA/TO,0,0,0,A,A,0,No Deposit,240.0,0,Transient,80.0,0,1
Resort Hotel,0,13,2016,September,39,23,1,2,2,0.0,0,BB,IRL,Direct,Direct,0,0,0,D,D,0,No Deposit,250.0,0,Transient,107.4,1,0
Resort Hotel,0,192,2016,September,39,19,2,5,2,0.0,0,HB,GBR,Offline TA/TO,TA/TO,0,0,0,D,D,0,No Deposit,243.0,0,Contract,90.61,0,0
Resort Hotel,0,234,2016,September,39,19,2,5,2,0.0,0,BB,GBR,Offline TA/TO,TA/TO,0,0,0,D,D,0,No Deposit,40.0,0,Contract,62.9,0,0
Resort Hotel,0,326,2016,September,38,12,4,10,2,0.0,0,BB,GBR,Offline TA/TO,TA/TO,0,0,0,A,A,0,No Deposit,40.0,0,Transient,53.54,0,0
Resort Hotel,0,250,2016,September,39,19,2,5,2,0.0,0,BB,BEL,Offline TA/TO,TA/TO,0,0,0,E,E,0,No Deposit,128.0,0,Transient,81.0,0,0
Resort Hotel,0,297,2016,September,39,19,2,5,2,0.0,0,HB,POL,Offline TA/TO,TA/TO,0,0,0,D,D,1,No Deposit,315.0,0,Transient,88.9,0,1
Resort Hotel,0,6,2016,September,39,24,1,1,2,0.0,0,BB,ESP,Online TA,TA/TO,0,0,0,A,A,0,No Deposit,240.0,0,Transient,103.5,1,1
Resort Hotel,0,6,2016,September,39,24,1,1,2,0.0,0,BB,ESP,Online TA,TA/TO,0,0,0,A,A,0,No Deposit,240.0,0,Transient,97.5,0,1
Resort Hotel,0,7,2016,September,39,24,1,1,2,0.0,0,BB,ESP,Online TA,TA/TO,0,0,0,A,C,0,No Deposit,242.0,0,Transient,97.5,0,1
Resort Hotel,0,1,2016,September,39,24,1,1,2,0.0,0,BB,CHL,Online TA,TA/TO,0,0,0,E,E,0,No Deposit,240.0,0,Transient,134.5,0,2
Resort Hotel,0,0,2016,September,39,24,1,1,2,0.0,0,BB,PRT,Direct,Direct,0,0,0,G,G,0,No Deposit,,0,Transient,167.5,0,0
Resort Hotel,0,249,2016,September,40,25,1,0,2,0.0,0,BB,DEU,Offline TA/TO,TA/TO,0,0,0,D,D,0,No Deposit,251.0,0,Transient,78.0,0,0
Resort Hotel,0,203,2016,September,39,19,2,5,2,0.0,0,BB,LTU,Online TA,TA/TO,0,0,0,A,A,0,No Deposit,240.0,0,Transient,80.0,0,2
Resort Hotel,0,1,2016,September,39,24,1,1,2,0.0,0,HB,PRT,Online TA,TA/TO,0,0,0,D,D,0,No Deposit,240.0,0,Transient,149.5,0,1
Resort Hotel,0,0,2016,September,40,25,1,0,2,0.0,0,BB,FRA,Online TA,TA/TO,0,0,0,A,A,0,No Deposit,240.0,0,Transient,80.0,0,0
Resort Hotel,0,0,2016,September,40,26,1,0,2,0.0,0,BB,FRA,Online TA,TA/TO,1,0,0,D,D,0,No Deposit,240.0,0,Transient,90.0,0,0
Resort Hotel,0,37,2016,September,40,25,1,0,2,0.0,0,BB,CHE,Online TA,TA/TO,0,0,0,E,E,1,No Deposit,240.0,0,Transient-Party,110.0,0,1
Resort Hotel,0,53,2016,September,39,23,1,2,2,0.0,0,BB,IRL,Online TA,TA/TO,0,0,0,E,E,0,No Deposit,240.0,0,Transient,129.33,0,3
Resort Hotel,0,172,2016,September,39,22,1,3,2,0.0,0,BB,CN,Online TA,TA/TO,0,0,0,E,F,0,No Deposit,240.0,0,Transient,126.0,0,2
Resort Hotel,0,172,2016,September,39,22,1,3,2,0.0,0,BB,CN,Online TA,TA/TO,0,0,0,E,F,0,No Deposit,240.0,0,Transient,132.0,1,2
Resort Hotel,0,109,2016,September,38,17,3,6,2,0.0,0,BB,PRT,Offline TA/TO,TA/TO,0,0,0,F,F,0,No Deposit,261.0,0,Transient,136.08,0,0
Resort Hotel,0,17,2016,September,40,25,1,0,2,0.0,0,BB,PRT,Online TA,TA/TO,0,0,0,A,A,0,No Deposit,242.0,0,Transient,79.0,0,1
Resort Hotel,0,12,2016,September,40,25,1,0,2,0.0,0,BB,HRV,Online TA,TA/TO,0,0,0,A,A,0,No Deposit,240.0,0,Transient,85.0,0,3
Resort Hotel,0,170,2016,September,39,19,2,5,2,0.0,0,BB,IRL,Online TA,TA/TO,0,0,0,D,D,0,No Deposit,240.0,0,Transient,110.0,1,2
Resort Hotel,0,19,2016,September,39,21,1,4,2,0.0,0,BB,ESP,Online TA,TA/TO,0,0,0,D,D,0,No Deposit,240.0,0,Transient,134.0,1,2
Resort Hotel,0,156,2016,September,39,21,1,4,2,0.0,0,BB,IRL,Online TA,TA/TO,0,0,0,A,A,0,No Deposit,240.0,0,Transient,95.0,0,1
Resort Hotel,0,5,2016,September,40,26,1,0,2,0.0,0,BB,PRT,Direct,Direct,0,0,0,F,F,0,No Deposit,,0,Transient,175.0,0,2
Resort Hotel,0,280,2016,September,39,20,2,5,2,0.0,0,FB,GBR,Offline TA/TO,TA/TO,0,0,0,E,E,0,No Deposit,26.0,0,Transient,117.6,0,2
Resort Hotel,0,217,2016,September,39,20,2,5,2,0.0,0,BB,GBR,Offline TA/TO,TA/TO,0,0,0,E,E,0,No Deposit,143.0,0,Contract,83.0,0,3
Resort Hotel,0,217,2016,September,39,20,2,5,2,0.0,0,BB,GBR,Offline TA/TO,TA/TO,0,0,0,E,E,0,No Deposit,143.0,0,Contract,83.0,0,3
Resort Hotel,0,203,2016,September,39,20,2,5,2,0.0,0,BB,GBR,Offline TA/TO,TA/TO,0,0,0,E,E,1,No Deposit,40.0,0,Contract,78.5,0,0
Resort Hotel,0,155,2016,September,39,20,2,5,2,0.0,0,BB,GBR,Direct,Direct,0,0,0,F,F,0,No Deposit,250.0,0,Transient,135.29,0,2
Resort Hotel,0,63,2016,September,39,24,2,1,2,0.0,0,BB,CN,Online TA,TA/TO,0,0,0,E,E,1,No Deposit,240.0,0,Transient,135.33,1,0
Resort Hotel,0,61,2016,September,39,24,2,1,2,0.0,0,BB,IRL,Online TA,TA/TO,0,0,0,E,E,0,No Deposit,240.0,0,Transient,129.33,0,1
Resort Hotel,0,0,2016,September,40,26,1,0,2,0.0,0,BB,BEL,Direct,Direct,0,0,0,G,G,0,No Deposit,,0,Transient,116.0,1,0
Resort Hotel,0,252,2016,September,39,23,2,2,2,0.0,0,BB,PRT,Online TA,TA/TO,0,0,0,A,C,0,No Deposit,240.0,0,Transient,78.0,1,1
Resort Hotel,0,0,2016,September,40,26,1,0,2,0.0,0,BB,CHE,Direct,Direct,0,0,0,G,G,0,No Deposit,,0,Transient,110.0,1,0
Resort Hotel,0,285,2016,September,39,20,2,5,2,0.0,0,BB,IRL,Groups,TA/TO,0,0,0,D,E,1,No Deposit,96.0,0,Transient-Party,78.0,0,3
Resort Hotel,0,285,2016,September,39,20,2,5,2,0.0,0,BB,IRL,Groups,TA/TO,0,0,0,A,A,2,No Deposit,96.0,0,Transient-Party,34.0,0,2
Resort Hotel,0,285,2016,September,39,20,2,5,2,0.0,0,BB,IRL,Groups,TA/TO,0,0,0,A,A,1,No Deposit,96.0,0,Transient-Party,64.0,0,1
Resort Hotel,0,285,2016,September,39,20,2,5,2,0.0,0,BB,IRL,Groups,TA/TO,0,0,0,D,E,2,No Deposit,96.0,0,Transient-Party,78.0,0,2
Resort Hotel,0,285,2016,September,39,20,2,5,2,0.0,0,BB,IRL,Groups,TA/TO,0,0,0,A,A,1,No Deposit,96.0,0,Transient-Party,66.0,0,2
Resort Hotel,0,285,2016,September,39,20,2,5,2,0.0,0,BB,IRL,Groups,TA/TO,0,0,0,A,A,1,No Deposit,96.0,0,Transient-Party,64.0,0,1
Resort Hotel,0,285,2016,September,39,20,2,5,2,0.0,0,BB,IRL,Groups,TA/TO,0,0,0,D,D,0,No Deposit,96.0,0,Transient-Party,78.0,0,2
Resort Hotel,0,285,2016,September,39,20,2,5,2,0.0,0,BB,IRL,Groups,TA/TO,0,0,0,A,A,1,No Deposit,96.0,0,Transient-Party,66.0,0,1
Resort Hotel,0,285,2016,September,39,20,2,5,2,0.0,0,BB,IRL,Groups,TA/TO,0,0,0,D,D,2,No Deposit,96.0,0,Transient-Party,76.0,0,2
Resort Hotel,0,285,2016,September,39,20,2,5,2,0.0,0,BB,IRL,Groups,TA/TO,0,0,0,D,D,0,No Deposit,96.0,0,Transient-Party,76.0,0,2
Resort Hotel,0,285,2016,September,39,20,2,5,2,0.0,0,BB,IRL,Groups,TA/TO,0,0,0,D,D,1,No Deposit,96.0,0,Transient-Party,76.0,0,1
Resort Hotel,0,285,2016,September,39,20,2,5,2,0.0,0,BB,IRL,Groups,TA/TO,0,0,0,A,A,1,No Deposit,96.0,0,Transient-Party,64.0,0,1
Resort Hotel,0,285,2016,September,39,20,2,5,2,0.0,0,BB,IRL,Groups,TA/TO,0,0,0,A,A,1,No Deposit,96.0,0,Transient,64.0,0,2
Resort Hotel,0,285,2016,September,39,20,2,5,2,0.0,0,BB,IRL,Groups,TA/TO,0,0,0,D,D,1,No Deposit,96.0,0,Transient,78.0,0,1
Resort Hotel,0,168,2016,September,39,20,2,5,2,0.0,0,BB,IRL,Online TA,TA/TO,0,0,0,A,A,0,No Deposit,240.0,0,Transient-Party,101.29,1,2
Resort Hotel,0,285,2016,September,39,20,2,5,2,0.0,0,BB,IRL,Groups,TA/TO,0,0,0,D,D,0,No Deposit,96.0,0,Transient,76.0,0,1
Resort Hotel,0,243,2016,September,39,19,3,6,2,0.0,0,BB,GBR,Online TA,TA/TO,0,0,0,D,D,0,No Deposit,241.0,0,Transient,64.54,0,1
Resort Hotel,0,22,2016,September,39,24,2,2,2,0.0,0,HB,ESP,Direct,Direct,0,0,0,D,G,0,No Deposit,250.0,0,Transient,163.5,1,0
Resort Hotel,0,165,2016,September,39,23,2,3,2,0.0,0,BB,POL,Online TA,TA/TO,0,0,0,D,D,0,No Deposit,240.0,0,Transient,116.0,1,1
Resort Hotel,0,28,2016,September,40,27,0,1,2,0.0,0,BB,GBR,Online TA,TA/TO,0,0,0,A,A,1,No Deposit,240.0,0,Transient,127.0,0,2
Resort Hotel,0,196,2016,September,39,21,2,5,2,0.0,0,BB,IRL,Online TA,TA/TO,0,0,0,E,E,0,No Deposit,314.0,0,Transient,88.4,0,1
Resort Hotel,0,217,2016,September,39,21,2,5,2,0.0,0,BB,GBR,Offline TA/TO,TA/TO,0,0,0,A,A,0,No Deposit,314.0,0,Transient,59.6,0,1
Resort Hotel,0,186,2016,September,39,23,2,3,2,0.0,0,BB,GBR,Online TA,TA/TO,0,0,0,A,A,0,No Deposit,240.0,0,Transient,97.0,0,2
Resort Hotel,0,186,2016,September,39,23,2,3,2,0.0,0,BB,GBR,Online TA,TA/TO,0,0,0,A,A,0,No Deposit,240.0,0,Transient,95.0,0,1
Resort Hotel,0,186,2016,September,39,23,2,3,2,0.0,0,BB,GBR,Online TA,TA/TO,0,0,0,A,A,0,No Deposit,240.0,0,Transient,95.0,0,2
Resort Hotel,0,195,2016,September,39,22,2,5,2,0.0,0,HB,GBR,Offline TA/TO,TA/TO,0,0,0,A,A,0,No Deposit,243.0,0,Contract,79.85,0,0
Resort Hotel,0,237,2016,September,38,15,4,10,2,0.0,0,BB,GBR,Offline TA/TO,TA/TO,0,0,0,D,D,0,No Deposit,243.0,0,Contract,64.9,0,1
Resort Hotel,0,237,2016,September,38,15,4,10,2,0.0,0,BB,GBR,Offline TA/TO,TA/TO,0,0,0,D,D,0,No Deposit,243.0,0,Contract,64.9,0,0
Resort Hotel,0,237,2016,September,38,15,4,10,2,0.0,0,HB,GBR,Offline TA/TO,TA/TO,0,0,0,D,D,0,No Deposit,243.0,0,Contract,88.9,0,0
Resort Hotel,0,59,2017,April,17,29,2,4,2,0.0,0,BB,PRT,Direct,TA/TO,1,0,1,F,F,2,No Deposit,250.0,0,Transient,122.0,1,1
Resort Hotel,0,195,2016,September,39,22,2,5,2,0.0,0,BB,GBR,Offline TA/TO,TA/TO,0,0,0,A,A,0,No Deposit,243.0,0,Contract,53.85,0,0
Resort Hotel,0,195,2016,September,39,22,2,5,2,0.0,0,BB,GBR,Offline TA/TO,TA/TO,0,0,0,A,F,1,No Deposit,243.0,0,Contract,81.85,0,0
Resort Hotel,0,255,2016,September,39,22,2,5,2,0.0,0,HB,GBR,Offline TA/TO,TA/TO,0,0,0,A,A,2,No Deposit,40.0,0,Contract,79.85,0,0
Resort Hotel,0,195,2016,September,39,22,2,5,2,0.0,0,BB,GBR,Offline TA/TO,TA/TO,0,0,0,A,A,0,No Deposit,243.0,0,Contract,53.85,0,0
Resort Hotel,0,271,2016,September,39,22,2,5,2,0.0,0,BB,GBR,Offline TA/TO,TA/TO,0,0,0,E,F,0,No Deposit,40.0,0,Contract,76.5,0,1
Resort Hotel,0,166,2017,June,23,6,2,5,2,0.0,0,BB,GBR,Offline TA/TO,TA/TO,1,0,1,D,D,0,No Deposit,40.0,0,Group,68.4,0,3
Resort Hotel,0,240,2016,September,39,18,4,7,2,0.0,0,BB,GBR,Offline TA/TO,TA/TO,0,0,0,A,A,1,No Deposit,243.0,0,Contract,51.85,0,1
Resort Hotel,0,240,2016,September,39,18,4,7,2,0.0,0,BB,GBR,Offline TA/TO,TA/TO,0,0,0,A,A,0,No Deposit,243.0,0,Contract,53.85,0,1
Resort Hotel,0,158,2016,September,39,24,2,3,2,0.0,0,HB,IRL,Online TA,TA/TO,0,0,0,A,A,4,No Deposit,240.0,0,Transient,113.8,0,3
Resort Hotel,0,16,2016,September,39,22,2,5,2,0.0,0,BB,ESP,Online TA,TA/TO,0,0,0,D,D,0,No Deposit,240.0,0,Transient,131.43,1,2
Resort Hotel,0,5,2016,September,40,27,0,2,2,0.0,0,BB,AUT,Online TA,TA/TO,0,0,0,A,A,0,No Deposit,240.0,0,Transient,121.0,1,1
Resort Hotel,0,78,2016,September,40,26,1,2,2,0.0,0,BB,CN,Online TA,TA/TO,0,0,0,A,F,0,No Deposit,240.0,0,Transient,117.0,1,1
Resort Hotel,0,60,2016,September,40,25,2,2,2,0.0,0,BB,ESP,Online TA,TA/TO,0,0,0,A,A,0,No Deposit,240.0,0,Transient,101.75,0,2
Resort Hotel,0,3,2016,September,40,25,2,2,2,0.0,0,BB,ESP,Direct,Direct,0,0,0,A,D,0,No Deposit,,0,Transient,67.0,1,2
Resort Hotel,0,0,2016,September,40,28,0,1,2,0.0,0,BB,CHE,Online TA,TA/TO,0,0,0,A,A,0,No Deposit,240.0,0,Transient,115.0,1,0
Resort Hotel,0,98,2016,September,40,28,0,1,2,0.0,0,BB,DEU,Online TA,TA/TO,0,0,0,A,A,0,No Deposit,240.0,0,Transient,109.0,1,2
Resort Hotel,0,195,2016,September,39,22,2,5,2,0.0,0,BB,GBR,Offline TA/TO,TA/TO,0,0,0,D,D,0,No Deposit,243.0,0,Contract,64.9,0,0
Resort Hotel,0,26,2016,September,39,24,2,3,2,0.0,0,BB,GBR,Direct,Direct,0,0,0,F,F,0,No Deposit,250.0,0,Transient,135.9,0,2
Resort Hotel,0,22,2016,September,40,26,1,2,2,0.0,0,BB,PRT,Online TA,TA/TO,0,0,0,A,F,0,No Deposit,240.0,0,Transient,115.0,1,1
Resort Hotel,0,297,2016,September,39,19,3,7,2,0.0,0,HB,POL,Offline TA/TO,TA/TO,0,0,0,D,D,1,No Deposit,315.0,0,Transient,88.9,0,1
Resort Hotel,0,153,2016,September,39,24,2,4,2,0.0,0,BB,CN,Online TA,TA/TO,0,0,0,A,A,0,No Deposit,240.0,0,Transient,95.67,0,2
Resort Hotel,0,445,2016,September,40,26,1,3,2,0.0,0,HB,GBR,Groups,TA/TO,0,0,0,A,A,1,No Deposit,253.0,0,Transient-Party,68.0,0,1
Resort Hotel,0,91,2016,September,40,27,0,3,2,0.0,0,BB,NLD,Online TA,TA/TO,0,0,0,A,A,0,No Deposit,240.0,0,Transient,115.0,1,1
Resort Hotel,0,305,2016,September,39,23,2,5,2,0.0,0,BB,EST,Offline TA/TO,TA/TO,0,0,0,A,A,0,No Deposit,171.0,0,Transient,57.6,0,0
Resort Hotel,0,265,2016,September,38,16,4,10,2,0.0,0,HB,EST,Offline TA/TO,TA/TO,0,0,0,D,D,1,No Deposit,171.0,0,Transient,98.4,0,1
Resort Hotel,0,78,2016,September,40,29,0,1,2,0.0,0,BB,DEU,Offline TA/TO,TA/TO,0,0,0,D,D,0,No Deposit,251.0,0,Transient,78.0,0,1
Resort Hotel,0,146,2016,September,40,29,0,1,2,0.0,0,BB,USA,Offline TA/TO,TA/TO,0,0,0,E,F,0,No Deposit,,0,Transient-Party,116.1,0,0
Resort Hotel,0,221,2016,September,39,23,2,5,2,0.0,0,BB,EST,Offline TA/TO,TA/TO,0,0,0,D,D,0,No Deposit,171.0,0,Transient,70.2,0,0
Resort Hotel,0,146,2016,September,40,29,0,1,2,0.0,0,BB,USA,Offline TA/TO,TA/TO,0,0,0,E,F,0,No Deposit,,0,Transient-Party,116.1,0,0
Resort Hotel,0,146,2016,September,40,29,0,1,2,0.0,0,BB,USA,Offline TA/TO,TA/TO,0,0,0,E,E,0,No Deposit,,0,Transient-Party,116.1,0,0
Resort Hotel,0,146,2016,September,40,29,0,1,2,0.0,0,BB,USA,Offline TA/TO,TA/TO,0,0,0,E,F,0,No Deposit,,0,Transient-Party,116.1,0,0
Resort Hotel,0,146,2016,September,40,29,0,1,2,0.0,0,BB,USA,Offline TA/TO,TA/TO,0,0,0,E,E,0,No Deposit,,0,Transient-Party,116.1,0,0
Resort Hotel,0,286,2016,September,39,21,2,7,2,0.0,0,HB,FRA,Online TA,TA/TO,0,0,0,D,D,0,No Deposit,240.0,0,Transient,131.0,1,0
Resort Hotel,0,137,2016,September,40,28,0,2,2,0.0,0,BB,GBR,Online TA,TA/TO,0,0,0,D,F,0,No Deposit,240.0,0,Transient,122.0,1,2
Resort Hotel,0,117,2016,September,40,26,1,3,2,0.0,0,BB,PRT,Online TA,TA/TO,0,0,0,D,D,0,No Deposit,240.0,0,Transient,150.0,1,1
Resort Hotel,0,3,2016,September,40,27,0,3,2,0.0,0,BB,AUS,Direct,Direct,0,0,0,D,D,0,No Deposit,,0,Transient,133.0,1,2
Resort Hotel,0,151,2016,September,40,28,0,2,2,0.0,0,BB,HUN,Online TA,TA/TO,0,0,0,A,A,1,No Deposit,240.0,0,Transient,99.0,0,1
Resort Hotel,0,151,2016,September,40,28,0,2,2,0.0,0,BB,HUN,Online TA,TA/TO,0,0,0,A,A,1,No Deposit,240.0,0,Transient,111.0,1,1
Resort Hotel,0,121,2016,September,40,25,2,3,2,0.0,0,BB,NLD,Online TA,TA/TO,0,0,0,F,F,0,No Deposit,241.0,0,Transient,98.75,0,1
Resort Hotel,0,29,2016,September,40,28,0,2,2,0.0,0,BB,CHE,Online TA,TA/TO,0,0,0,D,E,0,No Deposit,240.0,0,Transient,137.0,0,1
Resort Hotel,0,235,2016,September,39,18,4,8,2,0.0,0,BB,DEU,Online TA,TA/TO,0,0,0,F,E,0,No Deposit,241.0,0,Transient,89.78,0,2
Resort Hotel,0,3,2016,September,40,29,0,1,2,0.0,0,BB,BEL,Online TA,TA/TO,0,0,0,D,D,0,No Deposit,240.0,0,Transient,115.0,1,1
Resort Hotel,0,246,2016,September,39,20,2,9,2,0.0,0,HB,GBR,Offline TA/TO,TA/TO,0,0,0,E,E,1,No Deposit,143.0,0,Contract,79.05,0,0
Resort Hotel,0,18,2017,May,21,26,4,10,2,0.0,0,BB,GBR,Direct,TA/TO,1,0,1,F,F,0,No Deposit,250.0,0,Transient,175.57,0,1
Resort Hotel,0,236,2016,September,39,24,2,5,2,0.0,0,HB,DNK,Offline TA/TO,TA/TO,0,0,0,E,E,0,No Deposit,253.0,0,Transient,85.7,0,1
Resort Hotel,0,128,2016,September,40,27,0,4,2,0.0,0,HB,ITA,Online TA,TA/TO,0,0,0,D,D,0,No Deposit,240.0,0,Transient,152.0,1,1
Resort Hotel,0,0,2016,September,40,30,0,1,2,0.0,0,BB,PRT,Direct,Direct,0,0,0,E,E,0,No Deposit,,0,Transient,131.0,1,0
Resort Hotel,0,58,2016,September,40,25,2,4,2,0.0,0,BB,NLD,Direct,Direct,0,0,0,E,E,0,No Deposit,,0,Transient,110.0,0,2
Resort Hotel,0,258,2016,September,40,29,0,2,2,0.0,0,HB,LVA,Online TA,TA/TO,0,0,0,A,A,0,No Deposit,242.0,0,Transient,100.8,0,1
Resort Hotel,0,269,2016,October,40,1,2,2,2,0.0,0,HB,LVA,Online TA,TA/TO,0,0,0,D,D,0,No Deposit,242.0,0,Group,94.5,0,1
Resort Hotel,0,146,2016,September,39,24,2,5,2,0.0,0,BB,GBR,Direct,Direct,0,0,0,G,G,0,No Deposit,,0,Transient,156.0,0,2
Resort Hotel,0,248,2016,September,40,29,0,2,2,0.0,0,BB,GBR,Online TA,TA/TO,0,0,0,A,A,0,No Deposit,240.0,0,Transient,80.0,0,1
Resort Hotel,0,6,2016,September,40,29,0,2,2,0.0,0,BB,PRT,Direct,Direct,0,0,0,A,A,1,No Deposit,250.0,0,Transient,120.0,0,1
Resort Hotel,0,12,2017,March,9,1,0,3,2,0.0,0,BB,PRT,Direct,Direct,1,0,0,E,E,2,No Deposit,250.0,0,Group,62.2,0,2
Resort Hotel,0,4,2016,September,40,27,0,4,2,0.0,0,BB,ESP,Online TA,TA/TO,0,0,0,A,A,0,No Deposit,240.0,0,Transient,115.0,0,1
Resort Hotel,0,195,2016,September,39,22,2,8,2,0.0,0,BB,GBR,Offline TA/TO,TA/TO,0,0,0,D,D,0,No Deposit,243.0,0,Contract,46.75,0,0
Resort Hotel,0,219,2016,September,40,25,2,5,2,0.0,0,HB,GBR,Offline TA/TO,TA/TO,0,0,0,E,E,0,No Deposit,436.0,0,Transient,88.4,0,2
Resort Hotel,0,126,2016,September,40,25,2,5,2,0.0,0,BB,GBR,Online TA,TA/TO,0,0,0,A,A,0,No Deposit,240.0,0,Transient,93.86,0,2
Resort Hotel,0,15,2016,September,40,29,0,3,2,0.0,0,BB,BEL,Online TA,TA/TO,0,0,0,H,H,1,No Deposit,240.0,0,Transient,196.0,1,0
Resort Hotel,0,18,2016,September,40,30,0,2,2,0.0,0,BB,CHE,Direct,Direct,0,0,0,F,F,1,No Deposit,250.0,0,Transient,145.67,1,1
Resort Hotel,0,265,2016,September,40,29,0,3,2,0.0,0,BB,PRT,Online TA,TA/TO,0,0,0,A,A,0,No Deposit,240.0,0,Transient,71.4,1,1
Resort Hotel,0,164,2016,October,40,1,0,1,2,0.0,0,BB,DEU,Offline TA/TO,TA/TO,0,0,0,E,E,0,No Deposit,251.0,0,Transient,72.0,0,0
Resort Hotel,0,100,2016,October,40,1,0,1,2,0.0,0,BB,CHE,Offline TA/TO,TA/TO,0,0,0,D,A,0,No Deposit,251.0,0,Transient,59.0,0,0
Resort Hotel,0,94,2016,September,40,29,0,3,2,0.0,0,BB,ESP,Online TA,TA/TO,0,0,0,D,D,0,No Deposit,242.0,0,Transient,125.0,1,1
Resort Hotel,0,198,2016,September,40,25,2,5,2,0.0,0,HB,GBR,Offline TA/TO,TA/TO,0,0,0,A,A,0,No Deposit,243.0,0,Contract,65.4,0,0
Resort Hotel,0,113,2016,October,40,1,0,1,2,0.0,0,BB,CHE,Offline TA/TO,TA/TO,0,0,0,D,E,0,No Deposit,251.0,0,Transient,59.0,0,0
Resort Hotel,0,198,2016,September,40,25,2,5,2,0.0,0,HB,GBR,Offline TA/TO,TA/TO,0,0,0,A,A,0,No Deposit,243.0,0,Contract,65.4,0,0
Resort Hotel,0,198,2016,September,40,25,2,5,2,0.0,0,HB,GBR,Offline TA/TO,TA/TO,0,0,0,A,A,0,No Deposit,243.0,0,Contract,65.11,0,0
Resort Hotel,0,220,2016,September,40,25,2,5,2,0.0,0,HB,GBR,Offline TA/TO,TA/TO,0,0,0,D,D,0,No Deposit,243.0,0,Contract,74.75,0,0
Resort Hotel,0,22,2016,September,40,30,0,2,2,0.0,0,BB,ESP,Online TA,TA/TO,0,0,0,A,A,0,No Deposit,240.0,0,Transient,110.0,1,2
Resort Hotel,0,3,2016,September,40,30,0,2,2,0.0,0,BB,PRT,Online TA,TA/TO,0,0,0,A,A,0,No Deposit,240.0,0,Transient,115.0,0,1
Resort Hotel,0,4,2016,September,40,30,0,2,2,0.0,0,BB,ESP,Online TA,TA/TO,0,0,0,A,A,0,No Deposit,240.0,0,Transient,115.0,0,1
Resort Hotel,0,3,2016,September,40,30,0,2,2,0.0,0,BB,PRT,Offline TA/TO,TA/TO,0,0,0,A,A,0,No Deposit,450.0,0,Transient,99.0,0,0
Resort Hotel,0,4,2017,April,17,28,1,2,2,0.0,0,BB,PRT,Offline TA/TO,TA/TO,1,0,1,D,D,1,No Deposit,181.0,0,Transient,92.8,0,0
Resort Hotel,0,96,2016,September,40,28,0,4,2,0.0,0,BB,IRL,Offline TA/TO,TA/TO,0,0,0,D,D,0,No Deposit,96.0,0,Transient-Party,76.0,0,0
Resort Hotel,0,96,2016,September,40,28,0,4,2,0.0,0,BB,IRL,Offline TA/TO,TA/TO,0,0,0,D,D,0,No Deposit,96.0,0,Transient-Party,78.0,0,0
Resort Hotel,0,96,2016,September,40,28,0,4,2,0.0,0,BB,IRL,Offline TA/TO,TA/TO,0,0,0,D,D,0,No Deposit,96.0,0,Transient-Party,78.0,0,0
Resort Hotel,0,133,2016,September,40,26,1,5,2,0.0,0,BB,ESP,Online TA,TA/TO,0,0,0,D,D,0,No Deposit,240.0,0,Transient,108.17,0,1
Resort Hotel,0,10,2016,September,40,30,0,2,2,0.0,0,BB,ESP,Online TA,TA/TO,0,0,0,E,E,2,No Deposit,240.0,0,Transient,151.0,1,1
Resort Hotel,1,107,2017,May,18,2,2,5,2,0.0,0,BB,IRL,Direct,TA/TO,1,1,1,F,F,0,No Deposit,250.0,0,Transient,116.07,0,3
Resort Hotel,0,96,2016,September,40,28,0,4,2,0.0,0,BB,IRL,Offline TA/TO,TA/TO,0,0,0,D,D,0,No Deposit,96.0,0,Transient-Party,76.0,1,0
Resort Hotel,0,59,2016,September,40,30,0,2,2,0.0,0,HB,COL,Online TA,TA/TO,0,0,0,E,F,0,No Deposit,240.0,0,Transient,150.0,0,1
Resort Hotel,0,12,2016,October,40,1,0,1,2,0.0,0,BB,USA,Direct,Direct,0,0,0,E,G,0,No Deposit,250.0,0,Transient,146.0,1,0
Resort Hotel,0,12,2016,October,41,2,1,0,2,0.0,0,BB,USA,Direct,Direct,0,0,0,G,G,0,No Deposit,250.0,0,Transient,198.0,1,0
Resort Hotel,0,3,2016,September,40,30,0,2,2,0.0,0,BB,PRT,Online TA,TA/TO,0,0,0,A,A,0,No Deposit,240.0,0,Transient,121.0,1,1
Resort Hotel,0,175,2016,October,40,1,1,1,2,0.0,0,BB,ESP,Online TA,TA/TO,0,0,0,D,C,4,No Deposit,240.0,0,Transient,114.5,1,1
Resort Hotel,0,155,2016,October,41,2,2,2,2,0.0,0,BB,GBR,Offline TA/TO,TA/TO,0,0,0,A,D,1,No Deposit,243.0,0,Transient,44.0,0,1
Resort Hotel,0,296,2016,September,40,25,3,5,2,0.0,0,BB,GBR,Offline TA/TO,TA/TO,0,0,0,E,E,0,No Deposit,171.0,0,Transient,76.5,0,0
Resort Hotel,0,542,2016,September,40,26,2,5,2,0.0,0,HB,GBR,Groups,TA/TO,0,0,0,A,A,0,No Deposit,253.0,0,Transient-Party,70.0,0,0
Resort Hotel,0,542,2016,September,40,26,2,5,2,0.0,0,HB,GBR,Groups,TA/TO,0,0,0,A,A,0,No Deposit,253.0,0,Transient-Party,70.0,0,0
Resort Hotel,0,542,2016,September,40,26,2,5,2,0.0,0,HB,GBR,Groups,TA/TO,0,0,0,A,A,0,No Deposit,253.0,0,Transient-Party,69.71,0,0
Resort Hotel,0,445,2016,September,40,26,2,5,2,0.0,0,HB,GBR,Groups,TA/TO,0,0,0,A,A,0,No Deposit,253.0,0,Transient-Party,68.0,0,1
Resort Hotel,0,542,2016,September,40,26,2,5,2,0.0,0,HB,GBR,Groups,TA/TO,0,0,0,A,D,0,No Deposit,253.0,0,Transient-Party,68.0,0,0
Resort Hotel,0,542,2016,September,40,26,2,5,2,0.0,0,HB,GBR,Groups,TA/TO,0,0,0,A,D,0,No Deposit,253.0,0,Transient-Party,70.0,0,0
Resort Hotel,0,542,2016,September,40,26,2,5,2,0.0,0,HB,GBR,Groups,TA/TO,0,0,0,A,D,0,No Deposit,253.0,0,Transient-Party,70.0,0,0
Resort Hotel,0,542,2016,September,40,26,2,5,2,0.0,0,HB,GBR,Groups,TA/TO,0,0,0,A,A,0,No Deposit,253.0,0,Transient-Party,70.0,0,0
Resort Hotel,0,542,2016,September,40,26,2,5,2,0.0,0,HB,GBR,Groups,TA/TO,0,0,0,A,A,0,No Deposit,253.0,0,Transient-Party,70.0,0,0
Resort Hotel,0,542,2016,September,40,26,2,5,2,0.0,0,HB,GBR,Groups,TA/TO,0,0,0,A,A,1,No Deposit,253.0,0,Transient-Party,68.0,0,0
Resort Hotel,0,241,2016,September,39,19,4,10,2,0.0,0,BB,GBR,Offline TA/TO,TA/TO,0,0,0,A,A,0,No Deposit,243.0,0,Contract,37.4,0,1
Resort Hotel,0,241,2016,September,39,19,4,10,2,0.0,0,BB,GBR,Offline TA/TO,TA/TO,0,0,0,A,A,0,No Deposit,243.0,0,Contract,37.4,0,1
Resort Hotel,0,542,2016,September,40,26,2,5,2,0.0,0,HB,GBR,Groups,TA/TO,0,0,0,E,E,0,No Deposit,253.0,0,Transient-Party,89.0,0,2
Resort Hotel,0,542,2016,September,40,26,2,5,2,0.0,0,HB,GBR,Groups,TA/TO,0,0,0,A,D,1,No Deposit,253.0,0,Transient-Party,70.0,0,0
Resort Hotel,0,542,2016,September,40,26,2,5,2,0.0,0,HB,NZL,Groups,TA/TO,0,0,0,A,A,0,No Deposit,253.0,0,Transient-Party,68.0,0,1
Resort Hotel,0,221,2016,September,40,26,2,5,2,0.0,0,HB,GBR,Offline TA/TO,TA/TO,0,0,0,D,D,0,No Deposit,243.0,0,Contract,72.75,0,0
Resort Hotel,0,79,2016,October,41,2,1,0,2,0.0,0,BB,CHE,Offline TA/TO,TA/TO,0,0,0,D,D,0,No Deposit,251.0,0,Transient,59.0,0,0
Resort Hotel,0,14,2016,September,40,30,1,2,2,0.0,0,BB,FRA,Online TA,TA/TO,0,0,0,E,E,0,No Deposit,240.0,0,Transient,131.0,1,0
Resort Hotel,0,214,2016,September,39,19,4,10,2,0.0,0,BB,GBR,Offline TA/TO,TA/TO,0,0,0,D,D,0,No Deposit,40.0,0,Contract,48.32,0,0
Resort Hotel,0,0,2016,October,41,2,1,0,2,0.0,0,BB,ESP,Direct,Direct,0,0,0,D,D,0,No Deposit,,0,Transient,105.0,0,0
Resort Hotel,0,289,2016,September,40,26,2,5,2,0.0,0,BB,GBR,Offline TA/TO,TA/TO,0,0,0,A,A,0,No Deposit,,0,Transient,79.41,0,1
Resort Hotel,0,8,2016,October,41,2,1,0,2,0.0,0,BB,ITA,Online TA,TA/TO,0,0,0,D,D,0,No Deposit,240.0,0,Transient,136.0,1,1
Resort Hotel,0,179,2016,September,40,30,1,2,2,0.0,0,BB,DEU,Online TA,TA/TO,0,0,0,E,E,0,No Deposit,240.0,0,Transient,110.33,1,1
Resort Hotel,0,192,2016,September,39,19,4,10,2,0.0,0,BB,GBR,Offline TA/TO,TA/TO,0,0,0,D,D,0,No Deposit,243.0,0,Contract,48.75,0,2
Resort Hotel,0,19,2016,September,40,29,1,3,2,0.0,0,SC,CHE,Direct,Direct,0,0,0,F,I,7,No Deposit,250.0,0,Transient,19.0,1,0
Resort Hotel,0,215,2016,October,41,4,1,5,2,0.0,0,BB,GBR,Offline TA/TO,TA/TO,0,0,0,D,D,0,No Deposit,243.0,0,Contract,48.08,0,0
Resort Hotel,0,207,2016,October,41,4,1,5,2,0.0,0,HB,GBR,Offline TA/TO,TA/TO,0,0,0,A,A,1,No Deposit,243.0,0,Transient,70.0,0,0
Resort Hotel,0,180,2016,October,40,1,2,1,2,0.0,0,BB,GBR,Offline TA/TO,TA/TO,0,0,0,D,E,0,No Deposit,143.0,0,Contract,55.0,0,0
Resort Hotel,0,43,2016,September,40,30,2,2,2,0.0,0,BB,IRL,Online TA,TA/TO,0,0,0,F,F,0,No Deposit,241.0,0,Transient,97.41,0,1
Resort Hotel,0,43,2016,September,40,27,2,5,2,0.0,0,HB,GBR,Offline TA/TO,TA/TO,0,0,0,D,D,0,No Deposit,40.0,0,Transient,83.0,0,0
Resort Hotel,0,62,2016,September,40,27,2,5,2,0.0,0,BB,IRL,Direct,Direct,0,0,0,F,F,0,No Deposit,250.0,0,Transient,127.19,0,1
Resort Hotel,0,0,2016,October,41,3,1,0,2,0.0,0,BB,PRT,Direct,Direct,0,0,0,A,A,0,No Deposit,,0,Transient,90.0,0,2
Resort Hotel,0,214,2016,September,40,27,2,5,2,0.0,0,HB,GBR,Offline TA/TO,TA/TO,0,0,0,E,E,0,No Deposit,40.0,0,Contract,84.95,0,0
Resort Hotel,0,172,2016,September,40,27,2,5,2,0.0,0,BB,ITA,Online TA,TA/TO,0,0,0,A,C,0,No Deposit,240.0,0,Transient-Party,92.14,1,3
Resort Hotel,0,8,2016,September,40,30,2,2,2,0.0,0,BB,PRT,Online TA,TA/TO,0,0,0,A,A,0,No Deposit,240.0,0,Transient,121.0,1,1
Resort Hotel,0,159,2016,September,40,27,2,5,2,0.0,0,BB,GBR,Online TA,TA/TO,0,0,0,E,E,0,No Deposit,314.0,0,Transient-Party,91.49,0,0
Resort Hotel,0,0,2016,October,41,3,1,0,2,0.0,0,BB,,Direct,Direct,0,0,0,A,A,1,No Deposit,,0,Transient,87.0,1,0
Resort Hotel,0,29,2016,October,40,1,2,1,2,0.0,0,BB,PRT,Online TA,TA/TO,0,0,0,A,A,0,No Deposit,240.0,0,Transient,99.0,0,1
Resort Hotel,0,237,2016,September,40,27,2,5,2,0.0,0,BB,CHE,Offline TA/TO,TA/TO,0,0,0,D,D,0,No Deposit,36.0,0,Transient,60.07,1,0
Resort Hotel,0,0,2016,October,41,2,2,0,2,0.0,0,BB,BRA,Online TA,TA/TO,0,0,0,A,A,0,No Deposit,240.0,0,Transient-Party,95.0,0,1
Resort Hotel,0,0,2016,October,41,2,2,0,2,0.0,0,BB,BRA,Online TA,TA/TO,0,0,0,D,D,0,No Deposit,240.0,0,Transient-Party,116.0,1,1
Resort Hotel,0,70,2016,October,41,2,2,0,2,0.0,0,BB,PRT,Online TA,TA/TO,0,0,0,E,G,0,No Deposit,242.0,0,Transient,105.0,1,1
Resort Hotel,0,2,2016,October,41,3,1,0,2,0.0,0,BB,PRT,Online TA,TA/TO,0,0,0,E,E,0,No Deposit,240.0,0,Transient,131.0,1,1
Resort Hotel,0,172,2016,September,40,27,2,5,2,0.0,0,BB,ITA,Online TA,TA/TO,0,0,0,A,C,0,No Deposit,240.0,0,Transient-Party,88.14,0,3
Resort Hotel,0,0,2016,October,41,3,1,0,2,0.0,0,BB,SWE,Direct,Direct,0,0,0,F,F,0,No Deposit,,0,Transient,130.0,0,0
Resort Hotel,0,162,2016,October,41,4,0,2,2,0.0,0,BB,FRA,Online TA,TA/TO,0,0,0,A,A,1,No Deposit,242.0,0,Transient,14.0,1,1
Resort Hotel,0,1,2016,October,41,4,0,1,2,0.0,0,BB,BRA,Online TA,TA/TO,0,0,0,A,E,0,No Deposit,240.0,0,Transient-Party,95.0,1,1
Resort Hotel,0,1,2016,October,41,4,0,1,2,0.0,0,BB,BRA,Online TA,TA/TO,0,0,0,A,E,0,No Deposit,240.0,0,Transient-Party,95.0,0,1
Resort Hotel,0,4,2016,October,41,3,1,1,2,0.0,0,BB,COL,Online TA,TA/TO,0,0,0,D,D,0,No Deposit,240.0,0,Transient,110.0,0,1
Resort Hotel,0,0,2016,October,41,4,0,1,2,0.0,0,BB,ESP,Direct,Direct,0,0,0,A,A,0,No Deposit,,0,Transient,90.0,1,0
Resort Hotel,0,0,2016,October,41,5,0,1,2,0.0,0,BB,ESP,Direct,Direct,1,0,0,D,D,0,No Deposit,,0,Transient,105.0,0,0
Resort Hotel,0,342,2016,September,40,29,2,4,2,0.0,0,BB,IRL,Groups,TA/TO,0,0,0,A,A,0,No Deposit,201.0,0,Transient-Party,42.3,0,0
Resort Hotel,0,0,2016,October,41,4,0,1,2,0.0,0,BB,USA,Online TA,TA/TO,0,0,0,A,A,0,No Deposit,241.0,0,Transient,69.49,1,2
Resort Hotel,0,51,2016,September,40,25,4,6,2,0.0,0,BB,PRT,Direct,Direct,0,0,0,D,D,1,No Deposit,,0,Transient,68.0,0,2
Resort Hotel,0,202,2016,October,40,1,2,2,2,0.0,0,BB,ESP,Online TA,TA/TO,0,0,0,D,E,0,No Deposit,240.0,0,Transient,77.1,1,1
Resort Hotel,0,28,2016,October,41,2,2,1,2,0.0,0,BB,GBR,Online TA,TA/TO,0,0,0,E,E,0,No Deposit,240.0,0,Transient,135.0,1,1
Resort Hotel,0,0,2016,October,41,3,1,1,2,0.0,0,BB,PRT,Direct,Direct,0,0,0,A,A,0,No Deposit,,0,Transient-Party,90.0,0,0
Resort Hotel,0,172,2016,September,40,30,2,3,2,0.0,0,BB,GBR,Online TA,TA/TO,0,0,0,D,D,0,No Deposit,240.0,0,Transient,86.0,0,1
Resort Hotel,0,254,2016,September,40,28,2,5,2,0.0,0,BB,IRL,Online TA,TA/TO,0,0,0,E,E,2,No Deposit,240.0,0,Transient,99.43,0,1
Resort Hotel,0,19,2016,October,40,1,2,2,2,0.0,0,BB,POL,Online TA,TA/TO,0,0,0,A,A,0,No Deposit,240.0,0,Transient,99.0,0,1
Resort Hotel,0,0,2016,October,41,4,0,1,2,0.0,0,BB,GBR,Direct,Direct,0,0,0,A,F,0,No Deposit,,0,Transient,130.0,1,1
Resort Hotel,0,239,2016,September,40,28,2,5,2,0.0,0,HB,GBR,Offline TA/TO,TA/TO,0,0,0,A,A,1,No Deposit,314.0,0,Transient,183.69,0,0
Resort Hotel,0,6,2016,September,40,27,2,6,2,0.0,0,BB,NLD,Online TA,TA/TO,0,0,0,A,A,0,No Deposit,240.0,0,Transient,117.25,1,1
Resort Hotel,0,342,2016,September,40,29,2,4,2,0.0,0,BB,IRL,Groups,TA/TO,0,0,0,A,A,1,No Deposit,201.0,0,Transient-Party,44.3,0,0
Resort Hotel,0,13,2016,October,40,1,2,2,2,0.0,0,BB,GBR,Online TA,TA/TO,0,0,0,E,E,0,No Deposit,240.0,0,Transient,139.0,0,2
Resort Hotel,0,19,2016,October,40,1,2,2,2,0.0,0,BB,PRT,Online TA,TA/TO,0,0,0,F,F,0,No Deposit,242.0,0,Transient,139.0,0,1
Resort Hotel,0,250,2016,October,40,1,2,2,2,0.0,0,HB,PRT,Online TA,TA/TO,0,0,0,A,A,0,No Deposit,240.0,0,Transient,94.0,1,2
Resort Hotel,0,342,2016,September,40,29,2,4,2,0.0,0,BB,IRL,Groups,TA/TO,0,0,0,A,A,1,No Deposit,201.0,0,Transient-Party,42.3,0,0
Resort Hotel,0,154,2016,September,40,28,2,5,2,0.0,0,BB,BEL,Online TA,TA/TO,0,0,0,D,D,0,No Deposit,240.0,0,Transient,100.0,1,2
Resort Hotel,0,146,2016,September,40,25,4,6,2,0.0,0,BB,IRL,Online TA,TA/TO,0,0,0,A,D,1,No Deposit,240.0,0,Transient,96.8,0,2
Resort Hotel,0,60,2016,October,41,5,0,0,2,0.0,0,BB,PRT,Online TA,TA/TO,0,0,0,A,I,0,No Deposit,240.0,0,Transient,0.0,0,1
Resort Hotel,0,87,2016,September,40,29,2,5,2,0.0,0,BB,IRL,Online TA,TA/TO,0,0,0,F,F,0,No Deposit,241.0,0,Transient,109.03,0,1
Resort Hotel,0,13,2016,October,41,3,1,2,2,0.0,0,BB,FRA,Offline TA/TO,TA/TO,0,0,0,A,D,1,No Deposit,6.0,0,Transient,40.0,0,0
Resort Hotel,0,48,2016,October,41,2,2,2,2,0.0,0,BB,NLD,Online TA,TA/TO,0,0,0,E,E,0,No Deposit,240.0,0,Transient,105.0,1,1
Resort Hotel,0,202,2016,September,40,29,2,5,2,0.0,0,BB,GBR,Offline TA/TO,TA/TO,0,0,0,D,D,0,No Deposit,243.0,0,Transient,48.75,0,0
Resort Hotel,0,39,2016,October,41,3,1,2,2,0.0,0,BB,GBR,Online TA,TA/TO,0,0,0,A,A,0,No Deposit,241.0,0,Transient,72.42,0,1
Resort Hotel,0,232,2016,September,40,27,2,7,2,0.0,0,BB,GBR,Offline TA/TO,TA/TO,0,0,0,E,E,0,No Deposit,40.0,0,Contract,56.95,0,0
Resort Hotel,0,57,2016,September,40,29,2,5,2,0.0,0,HB,GBR,Offline TA/TO,TA/TO,0,0,0,D,D,0,No Deposit,40.0,0,Transient,86.43,0,0
Resort Hotel,0,245,2016,September,40,26,3,7,2,0.0,0,HB,CN,Groups,TA/TO,0,0,0,A,C,1,No Deposit,15.0,0,Transient-Party,82.0,0,0
Resort Hotel,0,245,2016,September,40,26,3,7,2,0.0,0,HB,CN,Groups,TA/TO,0,0,0,A,C,0,No Deposit,15.0,0,Transient-Party,82.0,0,0
Resort Hotel,0,245,2016,September,40,26,3,7,2,0.0,0,HB,CN,Groups,TA/TO,0,0,0,A,C,1,No Deposit,15.0,0,Transient-Party,82.0,0,0
Resort Hotel,0,245,2016,September,40,26,3,7,2,0.0,0,HB,CN,Groups,TA/TO,0,0,0,A,C,0,No Deposit,15.0,0,Transient-Party,81.8,0,0
Resort Hotel,0,245,2016,September,40,26,3,7,2,0.0,0,HB,CN,Groups,TA/TO,0,0,0,A,A,0,No Deposit,15.0,0,Transient-Party,82.0,0,0
Resort Hotel,0,245,2016,September,40,26,3,7,2,0.0,0,HB,CN,Groups,TA/TO,0,0,0,A,A,0,No Deposit,15.0,0,Transient-Party,82.0,0,0
Resort Hotel,0,245,2016,September,40,26,3,7,2,0.0,0,HB,CN,Groups,TA/TO,0,0,0,A,A,0,No Deposit,15.0,0,Transient-Party,82.0,0,0
Resort Hotel,0,245,2016,September,40,26,3,7,2,0.0,0,HB,CN,Groups,TA/TO,0,0,0,A,A,0,No Deposit,15.0,0,Transient-Party,80.0,0,0
Resort Hotel,0,152,2016,September,40,26,3,7,2,0.0,0,HB,CN,Groups,TA/TO,0,0,0,A,A,0,No Deposit,15.0,0,Transient-Party,82.0,0,1
Resort Hotel,0,152,2016,September,40,26,3,7,2,0.0,0,HB,CN,Groups,TA/TO,0,0,0,A,A,0,No Deposit,15.0,0,Transient-Party,82.0,0,1
Resort Hotel,0,245,2016,September,40,26,3,7,2,0.0,0,HB,CN,Groups,TA/TO,0,0,0,A,A,0,No Deposit,15.0,0,Transient-Party,80.0,0,1
Resort Hotel,0,245,2016,September,40,26,3,7,2,0.0,0,HB,CN,Groups,TA/TO,0,0,0,A,A,0,No Deposit,15.0,0,Transient-Party,82.0,0,0
Resort Hotel,0,245,2016,September,40,26,3,7,2,0.0,0,HB,CN,Groups,TA/TO,0,0,0,A,C,0,No Deposit,15.0,0,Transient-Party,82.0,0,1
Resort Hotel,0,266,2016,September,40,29,2,5,2,0.0,0,BB,GBR,Offline TA/TO,TA/TO,0,0,0,D,D,0,No Deposit,40.0,0,Contract,48.75,0,0
Resort Hotel,0,0,2016,October,41,5,0,1,2,0.0,0,BB,USA,Direct,Direct,0,0,0,D,D,0,No Deposit,,0,Transient,105.0,1,0
Resort Hotel,0,296,2016,September,39,24,4,8,2,0.0,0,BB,GBR,Offline TA/TO,TA/TO,0,0,0,D,D,0,No Deposit,40.0,0,Contract,48.75,0,1
Resort Hotel,0,210,2016,September,40,29,2,5,2,0.0,0,BB,GBR,Offline TA/TO,TA/TO,0,0,0,D,D,0,No Deposit,243.0,0,Contract,50.46,1,2
Resort Hotel,0,152,2016,September,40,26,3,7,2,0.0,0,HB,CN,Groups,TA/TO,0,0,0,A,A,0,No Deposit,15.0,0,Transient-Party,82.0,0,1
Resort Hotel,0,245,2016,September,40,26,3,7,2,0.0,0,HB,CN,Groups,TA/TO,0,0,0,A,A,0,No Deposit,15.0,0,Transient-Party,82.0,0,0
Resort Hotel,0,35,2016,September,40,27,2,7,2,0.0,0,HB,GBR,Offline TA/TO,TA/TO,0,0,0,D,D,0,No Deposit,40.0,0,Transient,83.0,0,0
Resort Hotel,0,3,2016,October,41,2,2,2,2,0.0,0,BB,ESP,Online TA,TA/TO,0,0,0,A,D,0,No Deposit,240.0,0,Transient,101.0,1,1
Resort Hotel,0,208,2016,October,41,2,2,2,2,0.0,0,BB,GBR,Offline TA/TO,TA/TO,0,0,0,A,A,1,No Deposit,243.0,0,Contract,37.4,0,0
Resort Hotel,0,245,2016,September,40,26,3,7,2,0.0,0,HB,CN,Groups,TA/TO,0,0,0,A,C,1,No Deposit,15.0,0,Transient-Party,82.0,0,0
Resort Hotel,0,152,2016,September,40,26,3,7,2,0.0,0,HB,CN,Groups,TA/TO,0,0,0,A,A,0,No Deposit,15.0,0,Transient-Party,81.8,0,1
Resort Hotel,0,118,2016,October,41,3,1,2,2,0.0,0,BB,GBR,Offline TA/TO,TA/TO,0,0,0,E,E,0,No Deposit,95.0,0,Transient,70.0,0,0
Resort Hotel,0,245,2016,September,40,26,3,7,2,0.0,0,HB,CN,Groups,TA/TO,0,0,0,A,C,0,No Deposit,15.0,0,Transient-Party,82.0,0,1
Resort Hotel,0,5,2016,October,41,4,0,2,2,0.0,0,BB,GBR,Online TA,TA/TO,0,0,0,E,E,0,No Deposit,240.0,0,Transient,131.0,1,1
Resort Hotel,0,0,2016,October,41,4,0,2,2,0.0,0,BB,BEL,Direct,Direct,0,0,0,A,F,0,No Deposit,,0,Transient,130.0,0,0
Resort Hotel,0,159,2016,October,41,2,2,2,2,0.0,0,BB,IRL,Online TA,TA/TO,0,0,0,A,D,0,No Deposit,240.0,0,Transient,77.0,1,1
Resort Hotel,0,58,2016,October,41,5,0,1,2,0.0,0,BB,PRT,Offline TA/TO,TA/TO,0,0,0,D,D,0,No Deposit,251.0,0,Transient,59.0,0,0
Resort Hotel,0,163,2016,October,41,2,2,2,2,0.0,0,BB,FRA,Online TA,TA/TO,0,0,0,E,E,0,No Deposit,240.0,0,Transient,95.0,1,2
Resort Hotel,0,9,2016,October,41,5,0,1,2,0.0,0,BB,PRT,Direct,Direct,0,0,0,D,D,0,No Deposit,250.0,0,Transient,121.0,0,1
Resort Hotel,1,10,2016,October,41,8,0,0,2,0.0,0,BB,PRT,Groups,Corporate,0,0,0,A,A,2,No Deposit,,0,Transient-Party,0.0,0,1
Resort Hotel,0,8,2016,October,41,6,1,3,2,0.0,0,BB,PRT,Groups,Corporate,0,0,0,A,A,0,No Deposit,,0,Transient-Party,56.0,1,1
Resort Hotel,0,142,2016,September,40,26,3,7,2,0.0,0,HB,GBR,Online TA,TA/TO,0,0,0,A,A,0,No Deposit,241.0,0,Transient,91.58,1,1
Resort Hotel,0,22,2016,October,41,5,0,1,2,0.0,0,BB,PRT,Offline TA/TO,TA/TO,0,0,0,D,D,0,No Deposit,251.0,0,Transient,59.0,0,0
Resort Hotel,0,2,2016,October,41,4,0,2,2,0.0,0,BB,GBR,Direct,Direct,0,0,0,A,H,0,No Deposit,250.0,0,Transient,96.0,1,0
Resort Hotel,0,14,2016,October,41,3,1,2,2,0.0,0,BB,FRA,Offline TA/TO,TA/TO,0,0,0,A,D,2,No Deposit,6.0,0,Transient,46.0,1,0
Resort Hotel,0,50,2016,October,41,2,2,2,2,0.0,0,BB,CN,Offline TA/TO,TA/TO,0,0,0,A,A,0,No Deposit,96.0,0,Transient,46.0,0,0
Resort Hotel,0,25,2016,October,41,3,1,2,2,0.0,0,BB,PRT,Direct,Direct,0,0,0,D,D,0,No Deposit,,0,Transient,99.0,0,1
Resort Hotel,0,162,2016,October,41,4,0,2,2,0.0,0,BB,FRA,Online TA,TA/TO,0,0,0,A,A,0,No Deposit,242.0,0,Transient,69.0,0,1
Resort Hotel,0,11,2016,October,41,3,1,2,2,0.0,0,BB,ESP,Offline TA/TO,TA/TO,0,0,0,A,D,1,No Deposit,6.0,0,Transient,46.0,1,0
Resort Hotel,0,11,2016,October,41,3,1,2,2,0.0,0,BB,ESP,Offline TA/TO,TA/TO,0,0,0,A,D,1,No Deposit,6.0,0,Transient,40.0,0,0
Resort Hotel,0,24,2016,October,41,2,2,2,2,0.0,0,BB,IRL,Online TA,TA/TO,0,0,0,A,D,0,No Deposit,240.0,0,Transient,97.75,0,2
Resort Hotel,0,63,2016,October,41,2,2,2,2,0.0,0,BB,GBR,Direct,Direct,0,0,0,F,F,0,No Deposit,250.0,0,Transient,100.1,0,1
Resort Hotel,0,166,2016,October,41,2,2,2,2,0.0,0,BB,CN,Offline TA/TO,TA/TO,0,0,0,A,A,0,No Deposit,96.0,0,Transient,47.5,0,0
Resort Hotel,0,145,2016,October,41,2,2,2,2,0.0,0,BB,PRT,Online TA,TA/TO,0,0,0,A,A,0,No Deposit,240.0,0,Transient,69.0,0,3
Resort Hotel,0,166,2016,October,41,2,2,2,2,0.0,0,BB,CN,Offline TA/TO,TA/TO,0,0,0,A,A,0,No Deposit,96.0,0,Transient,46.0,0,0
Resort Hotel,0,166,2016,October,41,2,2,2,2,0.0,0,BB,CN,Offline TA/TO,TA/TO,0,0,0,A,A,0,No Deposit,96.0,0,Transient,46.0,0,0
Resort Hotel,0,166,2016,October,41,2,2,2,2,0.0,0,BB,CN,Offline TA/TO,TA/TO,0,0,0,A,A,0,No Deposit,96.0,0,Transient,46.0,0,0
Resort Hotel,0,0,2016,October,41,3,1,2,2,0.0,0,BB,USA,Direct,Direct,0,0,0,E,E,1,No Deposit,,0,Transient,124.0,1,0
Resort Hotel,0,25,2016,October,41,3,1,2,2,0.0,0,BB,ESP,Offline TA/TO,TA/TO,0,0,0,A,A,0,No Deposit,6.0,0,Transient,46.0,0,1
Resort Hotel,0,165,2016,October,41,2,2,2,2,0.0,0,BB,CN,Offline TA/TO,TA/TO,0,0,0,A,A,0,No Deposit,96.0,0,Transient,46.0,0,0
Resort Hotel,0,25,2016,October,41,3,1,2,2,0.0,0,BB,ESP,Offline TA/TO,TA/TO,0,0,0,A,A,0,No Deposit,6.0,0,Transient,46.0,0,1
Resort Hotel,0,165,2016,October,41,2,2,2,2,0.0,0,BB,CN,Offline TA/TO,TA/TO,0,0,0,A,A,0,No Deposit,96.0,0,Transient,46.0,0,0
Resort Hotel,0,14,2016,October,41,3,1,2,2,0.0,0,BB,PRT,Offline TA/TO,TA/TO,0,0,0,A,D,0,No Deposit,6.0,0,Transient,40.0,1,0
Resort Hotel,0,59,2016,October,41,5,0,1,2,0.0,0,BB,USA,Direct,Direct,0,0,0,E,E,0,No Deposit,250.0,0,Transient,89.1,1,0
Resort Hotel,0,8,2016,October,41,4,0,2,2,0.0,0,BB,PRT,Online TA,TA/TO,0,0,0,D,E,0,No Deposit,314.0,0,Transient,80.0,0,1
Resort Hotel,0,68,2016,October,40,1,2,3,2,0.0,0,BB,IRL,Direct,Direct,0,0,0,D,D,0,No Deposit,250.0,0,Transient,82.1,0,1
Resort Hotel,0,70,2016,September,40,30,2,4,2,0.0,0,BB,GBR,Online TA,TA/TO,0,0,0,D,D,0,No Deposit,240.0,0,Transient,96.83,0,0
Resort Hotel,0,64,2016,September,40,29,2,5,2,0.0,0,BB,GBR,Offline TA/TO,TA/TO,0,0,0,D,D,0,No Deposit,40.0,0,Transient,57.0,0,0
Resort Hotel,0,0,2016,October,41,6,0,0,2,0.0,0,BB,PRT,Direct,Direct,1,0,0,A,I,0,No Deposit,,0,Transient-Party,0.0,0,0
Resort Hotel,0,245,2016,September,40,26,3,7,2,0.0,0,HB,CN,Groups,TA/TO,0,0,0,A,I,2,No Deposit,15.0,0,Transient-Party,42.0,0,0
Resort Hotel,0,142,2016,September,40,30,2,5,2,0.0,0,BB,GBR,Online TA,TA/TO,0,0,0,F,F,0,No Deposit,241.0,0,Transient,82.63,0,2
Resort Hotel,0,184,2016,September,40,30,2,5,2,0.0,0,HB,LVA,Offline TA/TO,TA/TO,0,0,0,D,D,0,No Deposit,171.0,0,Transient,88.57,0,0
Resort Hotel,0,46,2016,October,41,3,1,3,2,0.0,0,BB,ESP,Online TA,TA/TO,0,0,0,D,D,0,No Deposit,240.0,0,Transient,99.0,0,0
Resort Hotel,0,315,2016,September,40,27,2,8,2,0.0,0,HB,GBR,Offline TA/TO,TA/TO,0,0,0,E,E,0,No Deposit,40.0,0,Transient,92.78,0,1
Resort Hotel,0,135,2016,October,41,3,1,3,2,0.0,0,BB,PRT,Online TA,TA/TO,0,0,0,E,E,0,No Deposit,241.0,0,Transient,74.53,1,1
Resort Hotel,0,228,2016,September,40,30,2,5,2,0.0,0,BB,NLD,Online TA,TA/TO,0,0,0,A,A,0,No Deposit,240.0,0,Transient,69.71,0,1
Resort Hotel,0,118,2016,October,41,4,0,3,2,0.0,0,BB,IRL,Offline TA/TO,TA/TO,0,0,0,A,G,0,No Deposit,171.0,0,Transient,46.0,0,0
Resort Hotel,0,177,2016,September,39,23,4,10,2,0.0,0,BB,LTU,Offline TA/TO,TA/TO,0,0,0,E,E,0,No Deposit,171.0,0,Transient,65.0,0,0
Resort Hotel,0,57,2016,October,41,2,2,3,2,0.0,0,BB,IRL,Online TA,TA/TO,0,0,0,A,G,0,No Deposit,240.0,0,Transient,79.0,0,1
Resort Hotel,0,150,2016,October,41,6,0,1,2,0.0,0,BB,DEU,Offline TA/TO,TA/TO,0,0,0,D,D,0,No Deposit,251.0,0,Transient,59.0,0,0
Resort Hotel,0,179,2016,October,41,3,1,3,2,0.0,0,BB,IRL,Direct,Direct,0,0,0,A,A,0,No Deposit,250.0,0,Transient,64.1,0,1
Resort Hotel,0,128,2016,September,40,30,2,5,2,0.0,0,BB,IRL,Direct,Direct,0,0,0,F,F,0,No Deposit,250.0,0,Transient,96.23,0,0
Resort Hotel,0,41,2016,October,41,3,1,3,2,0.0,0,BB,GBR,Online TA,TA/TO,0,0,0,D,D,0,No Deposit,241.0,0,Transient,79.73,0,1
Resort Hotel,0,183,2016,October,40,1,2,5,2,0.0,0,BB,GBR,Online TA,TA/TO,0,0,0,A,A,0,No Deposit,240.0,0,Transient,69.0,0,2
Resort Hotel,0,45,2016,October,40,1,2,5,2,0.0,0,BB,GBR,Online TA,TA/TO,0,0,0,H,H,1,No Deposit,240.0,0,Transient,154.0,0,1
Resort Hotel,0,55,2016,October,41,3,1,4,2,0.0,0,BB,RUS,Online TA,TA/TO,0,0,0,D,D,0,No Deposit,240.0,0,Transient,89.0,0,2
Resort Hotel,0,261,2016,October,41,6,0,2,2,0.0,0,HB,DEU,Groups,TA/TO,0,0,0,D,D,0,No Deposit,251.0,0,Transient-Party,87.0,0,0
Resort Hotel,0,261,2016,October,41,6,0,2,2,0.0,0,HB,PRT,Groups,TA/TO,0,0,0,D,E,0,No Deposit,251.0,0,Transient-Party,87.0,0,0
Resort Hotel,0,261,2016,October,41,6,0,2,2,0.0,0,HB,PRT,Groups,TA/TO,0,0,0,D,D,0,No Deposit,251.0,0,Transient-Party,87.0,0,0
Resort Hotel,0,261,2016,October,41,6,0,2,2,0.0,0,HB,DEU,Groups,TA/TO,0,0,0,D,D,0,No Deposit,251.0,0,Transient-Party,87.0,0,0
Resort Hotel,0,261,2016,October,41,6,0,2,2,0.0,0,HB,DEU,Groups,TA/TO,0,0,0,D,E,0,No Deposit,251.0,0,Transient-Party,87.0,0,0
Resort Hotel,0,261,2016,October,41,6,0,2,2,0.0,0,HB,DEU,Groups,TA/TO,0,0,0,D,D,0,No Deposit,251.0,0,Transient-Party,87.0,0,0
Resort Hotel,0,261,2016,October,41,6,0,2,2,0.0,0,HB,DEU,Groups,TA/TO,0,0,0,D,D,0,No Deposit,251.0,0,Transient-Party,87.0,0,0
Resort Hotel,0,261,2016,October,41,6,0,2,2,0.0,0,HB,DEU,Groups,TA/TO,0,0,0,D,D,0,No Deposit,251.0,0,Transient-Party,87.0,0,0
Resort Hotel,0,261,2016,October,41,6,0,2,2,0.0,0,HB,DEU,Groups,TA/TO,0,0,0,D,D,0,No Deposit,251.0,0,Transient-Party,87.0,0,0
Resort Hotel,0,261,2016,October,41,6,0,2,2,0.0,0,HB,DEU,Groups,TA/TO,0,0,0,D,D,0,No Deposit,251.0,0,Transient-Party,87.0,0,0
Resort Hotel,0,261,2016,October,41,6,0,2,2,0.0,0,HB,DEU,Groups,TA/TO,0,0,0,D,D,0,No Deposit,251.0,0,Transient,87.0,0,0
Resort Hotel,0,261,2016,October,41,6,0,2,2,0.0,0,HB,DEU,Groups,TA/TO,0,0,0,D,D,0,No Deposit,251.0,0,Transient-Party,87.0,0,0
Resort Hotel,0,261,2016,October,41,6,0,2,2,0.0,0,HB,DEU,Groups,TA/TO,0,0,0,D,E,0,No Deposit,251.0,0,Transient-Party,87.0,0,0
Resort Hotel,0,161,2016,October,40,1,2,5,2,0.0,0,BB,IRL,Online TA,TA/TO,0,0,0,E,E,0,No Deposit,240.0,0,Transient,94.29,0,2
Resort Hotel,0,67,2016,October,41,3,1,4,2,0.0,0,BB,GBR,Online TA,TA/TO,0,0,0,A,A,0,No Deposit,240.0,0,Transient,80.6,0,2
Resort Hotel,0,30,2016,October,41,6,0,2,2,0.0,0,BB,PRT,Corporate,Corporate,0,0,0,A,F,1,No Deposit,,0,Transient-Party,85.0,0,1
Resort Hotel,0,60,2016,October,41,3,1,4,2,0.0,0,BB,BEL,Online TA,TA/TO,0,0,0,A,C,0,No Deposit,240.0,0,Transient-Party,79.0,0,1
Resort Hotel,0,163,2016,October,41,4,0,4,2,0.0,0,HB,IRL,Direct,Direct,0,0,0,F,F,1,No Deposit,250.0,0,Transient,119.1,0,0
Resort Hotel,0,41,2016,October,41,4,0,4,2,0.0,0,BB,GBR,Offline TA/TO,TA/TO,0,0,0,D,D,0,No Deposit,143.0,0,Transient,57.0,0,0
Resort Hotel,0,78,2016,October,41,5,0,3,2,0.0,0,BB,GBR,Online TA,TA/TO,0,0,0,G,G,0,No Deposit,241.0,0,Transient,123.62,0,2
Resort Hotel,0,188,2016,September,40,25,4,10,2,0.0,0,BB,IRL,Direct,Direct,0,0,0,F,F,2,No Deposit,250.0,0,Transient,114.71,0,0
Resort Hotel,0,7,2016,October,41,5,0,4,2,0.0,0,BB,GBR,Groups,Corporate,0,0,0,A,A,1,No Deposit,,0,Transient-Party,58.0,1,1
Resort Hotel,0,220,2016,September,40,25,4,10,2,0.0,0,HB,GBR,Offline TA/TO,TA/TO,0,0,0,D,D,0,No Deposit,243.0,0,Contract,74.75,0,2
Resort Hotel,0,220,2016,September,40,25,4,10,2,0.0,0,HB,GBR,Offline TA/TO,TA/TO,0,0,0,D,D,0,No Deposit,243.0,0,Contract,72.75,0,2
Resort Hotel,0,7,2016,October,41,5,0,4,2,0.0,0,BB,GBR,Groups,Corporate,0,0,0,A,A,1,No Deposit,,0,Transient-Party,50.0,0,1
Resort Hotel,0,7,2016,October,41,5,0,4,2,0.0,0,BB,GBR,Groups,Corporate,0,0,0,A,A,1,No Deposit,,0,Transient-Party,50.0,0,1
Resort Hotel,0,7,2016,October,41,5,0,4,2,0.0,0,BB,GBR,Groups,Corporate,0,0,0,A,A,1,No Deposit,,0,Transient-Party,50.0,0,1
Resort Hotel,0,383,2016,October,41,6,0,3,2,0.0,0,BB,GBR,Groups,TA/TO,0,0,0,A,A,0,No Deposit,315.0,0,Transient-Party,48.0,0,0
Resort Hotel,0,11,2016,October,42,9,1,0,2,0.0,0,BB,GBR,Groups,TA/TO,0,0,0,A,A,0,No Deposit,,0,Transient-Party,50.0,0,1
Resort Hotel,0,383,2016,October,41,6,0,3,2,0.0,0,BB,PRT,Groups,TA/TO,0,0,0,A,E,0,No Deposit,315.0,0,Transient-Party,48.0,0,0
Resort Hotel,0,8,2016,October,41,7,0,2,2,0.0,0,BB,PRT,Online TA,TA/TO,0,0,0,E,E,0,No Deposit,240.0,0,Transient,125.0,0,2
Resort Hotel,0,383,2016,October,41,6,0,3,2,0.0,0,BB,GBR,Groups,TA/TO,0,0,0,A,D,0,No Deposit,315.0,0,Transient-Party,56.0,1,0
Resort Hotel,0,11,2016,October,42,9,1,0,2,0.0,0,BB,GBR,Groups,TA/TO,0,0,0,A,D,0,No Deposit,,0,Transient-Party,50.0,1,1
Resort Hotel,0,3,2016,October,41,8,0,1,2,0.0,0,BB,PRT,Online TA,TA/TO,0,0,0,D,D,0,No Deposit,240.0,0,Transient-Party,90.0,0,0
Resort Hotel,0,3,2016,October,41,8,0,1,2,0.0,0,BB,PRT,Online TA,TA/TO,0,0,0,D,E,0,No Deposit,240.0,0,Transient-Party,80.0,0,0
Resort Hotel,0,0,2016,October,41,8,0,1,2,0.0,0,BB,AGO,Direct,Direct,0,0,0,E,E,0,No Deposit,,0,Transient,96.0,1,0
Resort Hotel,0,383,2016,October,41,6,0,3,2,0.0,0,BB,GBR,Groups,TA/TO,0,0,0,A,A,0,No Deposit,315.0,0,Transient-Party,48.0,0,1
Resort Hotel,0,11,2016,October,42,9,1,0,2,0.0,0,BB,GBR,Groups,TA/TO,0,0,0,A,A,0,No Deposit,,0,Transient-Party,50.0,0,1
Resort Hotel,0,383,2016,October,41,6,0,3,2,0.0,0,BB,GBR,Groups,TA/TO,0,0,0,A,E,0,No Deposit,315.0,0,Transient-Party,48.0,0,0
Resort Hotel,0,11,2016,October,42,9,1,0,2,0.0,0,BB,GBR,Groups,TA/TO,0,0,0,A,E,0,No Deposit,,0,Transient-Party,50.0,0,1
Resort Hotel,0,11,2016,October,42,9,1,0,2,0.0,0,BB,GBR,Groups,TA/TO,0,0,0,A,A,0,No Deposit,,0,Transient-Party,50.0,0,1
Resort Hotel,0,32,2016,October,41,3,1,5,2,0.0,0,HB,PRT,Online TA,TA/TO,0,0,0,G,G,1,No Deposit,240.0,0,Transient,208.0,1,0
Resort Hotel,0,0,2016,October,41,3,1,5,2,0.0,0,HB,PRT,Direct,Direct,0,0,0,A,A,0,No Deposit,,0,Transient,105.0,0,0
Resort Hotel,0,48,2016,October,41,7,0,2,2,0.0,0,BB,PRT,Groups,Direct,0,0,0,A,D,0,No Deposit,,0,Transient,0.0,0,1
Resort Hotel,0,383,2016,October,41,6,0,3,2,0.0,0,BB,GBR,Groups,TA/TO,0,0,0,A,C,0,No Deposit,315.0,0,Transient-Party,54.0,1,0
Resort Hotel,0,11,2016,October,42,9,1,0,2,0.0,0,BB,GBR,Groups,TA/TO,0,0,0,A,C,0,No Deposit,,0,Transient-Party,56.0,1,1
Resort Hotel,0,172,2016,October,41,7,0,2,2,0.0,0,BB,PRT,Complementary,Direct,0,0,0,A,A,0,No Deposit,,0,Transient,0.0,0,1
Resort Hotel,0,383,2016,October,41,6,0,3,2,0.0,0,BB,GBR,Groups,TA/TO,0,0,0,A,A,0,No Deposit,315.0,0,Transient-Party,48.0,0,0
Resort Hotel,0,11,2016,October,42,9,1,0,2,0.0,0,BB,GBR,Groups,TA/TO,0,0,0,A,A,0,No Deposit,,0,Transient-Party,50.0,0,0
Resort Hotel,0,0,2016,October,42,9,0,0,2,0.0,0,BB,PRT,Direct,Direct,1,0,0,A,E,0,No Deposit,,0,Transient,0.0,0,0
Resort Hotel,0,51,2016,October,41,7,0,2,2,0.0,0,BB,GBR,Online TA,TA/TO,0,0,0,F,F,0,No Deposit,241.0,0,Transient,97.63,1,1
Resort Hotel,0,81,2016,October,42,9,2,0,2,0.0,0,BB,GBR,Groups,Corporate,0,0,0,D,E,0,No Deposit,,0,Transient-Party,73.0,1,0
Resort Hotel,0,55,2016,October,42,11,0,1,2,0.0,0,BB,GBR,Online TA,Corporate,0,0,1,A,A,0,No Deposit,241.0,0,Transient,50.66,1,1
Resort Hotel,0,15,2016,October,41,8,0,1,2,0.0,0,BB,GBR,Direct,Direct,0,0,0,A,A,0,No Deposit,,0,Transient,66.0,1,1
Resort Hotel,0,131,2016,October,42,9,2,0,2,0.0,0,BB,GBR,Groups,Direct,0,0,0,A,A,0,No Deposit,,0,Transient-Party,55.0,1,1
Resort Hotel,0,18,2016,October,42,11,0,1,2,0.0,0,BB,GBR,Direct,Direct,0,0,1,A,A,0,No Deposit,,0,Transient,0.0,0,1
Resort Hotel,0,383,2016,October,41,6,0,3,2,0.0,0,BB,GBR,Groups,TA/TO,0,0,0,A,A,0,No Deposit,315.0,0,Transient-Party,48.0,0,0
Resort Hotel,0,11,2016,October,42,9,1,0,2,0.0,0,BB,GBR,Groups,TA/TO,0,0,0,A,A,0,No Deposit,,0,Transient-Party,50.0,0,1
Resort Hotel,0,14,2016,October,41,7,0,2,2,0.0,0,BB,GBR,Direct,Direct,0,0,0,A,A,0,No Deposit,,0,Transient,66.0,0,1
Resort Hotel,0,131,2016,October,42,9,2,0,2,0.0,0,BB,GBR,Groups,Direct,0,0,0,A,A,0,No Deposit,,0,Transient,55.0,0,1
Resort Hotel,0,18,2016,October,42,11,0,1,2,0.0,0,BB,GBR,Direct,Direct,0,0,1,A,A,0,No Deposit,,0,Transient,66.0,0,1
Resort Hotel,0,383,2016,October,41,6,0,3,2,0.0,0,BB,GBR,Groups,TA/TO,0,0,0,A,A,0,No Deposit,315.0,0,Transient-Party,48.0,0,0
Resort Hotel,0,11,2016,October,42,9,1,0,2,0.0,0,BB,GBR,Groups,TA/TO,0,0,0,A,A,0,No Deposit,,0,Group,50.0,0,1
Resort Hotel,0,383,2016,October,41,6,0,3,2,0.0,0,BB,GBR,Groups,TA/TO,0,0,0,A,A,0,No Deposit,315.0,0,Transient-Party,48.0,0,0
Resort Hotel,0,383,2016,October,41,6,0,3,2,0.0,0,BB,GBR,Groups,TA/TO,0,0,0,A,A,0,No Deposit,315.0,0,Transient-Party,48.0,0,0
Resort Hotel,0,11,2016,October,42,9,1,0,2,0.0,0,BB,GBR,Groups,TA/TO,0,0,0,A,A,0,No Deposit,,0,Transient-Party,50.0,0,1
Resort Hotel,0,384,2016,October,41,7,0,2,2,0.0,0,BB,GBR,Groups,TA/TO,0,0,0,A,A,1,Refundable,315.0,0,Transient-Party,48.0,0,0
Resort Hotel,0,11,2016,October,42,9,1,0,2,0.0,0,BB,GBR,Groups,TA/TO,0,0,0,A,A,0,No Deposit,,0,Transient-Party,50.0,0,1
Resort Hotel,0,383,2016,October,41,6,0,3,2,0.0,0,BB,GBR,Groups,TA/TO,0,0,0,A,A,0,No Deposit,315.0,0,Transient-Party,48.0,0,0
Resort Hotel,0,11,2016,October,42,9,1,0,2,0.0,0,BB,GBR,Groups,TA/TO,0,0,0,A,A,0,No Deposit,,0,Transient-Party,50.0,0,1
Resort Hotel,0,383,2016,October,41,6,0,3,2,0.0,0,BB,OMN,Groups,TA/TO,0,0,0,A,A,0,No Deposit,315.0,0,Transient-Party,54.0,1,0
Resort Hotel,0,11,2016,October,42,9,1,0,2,0.0,0,BB,OMN,Groups,TA/TO,0,0,0,A,A,0,No Deposit,,0,Transient-Party,50.0,1,1
Resort Hotel,0,383,2016,October,41,6,0,3,2,0.0,0,BB,GBR,Groups,TA/TO,0,0,0,A,A,0,No Deposit,315.0,0,Transient-Party,48.0,0,0
Resort Hotel,0,383,2016,October,41,6,0,3,2,0.0,0,BB,GBR,Groups,TA/TO,0,0,0,A,A,0,No Deposit,315.0,0,Transient-Party,54.0,1,0
Resort Hotel,0,11,2016,October,42,9,1,0,2,0.0,0,BB,GBR,Groups,TA/TO,0,0,0,A,A,0,No Deposit,,0,Transient-Party,50.0,1,1
Resort Hotel,0,7,2016,October,41,5,0,4,2,0.0,0,BB,GBR,Groups,Corporate,0,0,0,A,D,1,No Deposit,,0,Transient-Party,50.0,0,0
Resort Hotel,0,167,2016,October,41,3,2,5,2,0.0,0,HB,ESP,Online TA,TA/TO,0,0,0,A,A,0,No Deposit,240.0,0,Transient,101.43,0,1
Resort Hotel,0,58,2016,October,41,3,2,5,2,0.0,0,BB,DEU,Online TA,TA/TO,0,0,0,A,A,0,No Deposit,240.0,0,Transient,85.0,1,1
Resort Hotel,0,7,2016,October,41,5,1,4,2,0.0,0,BB,GBR,Groups,Corporate,0,0,0,A,A,0,No Deposit,,0,Transient-Party,50.0,0,1
Resort Hotel,0,11,2016,October,42,9,1,0,2,0.0,0,BB,GBR,Groups,Corporate,0,0,0,A,A,0,No Deposit,,0,Transient-Party,56.0,1,1
Resort Hotel,0,0,2016,October,41,4,1,5,2,0.0,0,HB,GBR,Offline TA/TO,TA/TO,0,0,0,D,D,0,No Deposit,26.0,0,Transient,81.8,0,0
Resort Hotel,0,8,2016,October,41,6,1,3,2,0.0,0,BB,GBR,Groups,Corporate,0,0,0,A,D,1,No Deposit,,0,Transient-Party,50.0,0,1
Resort Hotel,0,125,2016,October,42,9,1,0,2,0.0,0,BB,PRT,Online TA,TA/TO,0,0,0,E,E,0,No Deposit,314.0,0,Transient,103.2,0,0
Resort Hotel,0,11,2016,October,42,9,1,0,2,0.0,0,BB,PRT,Groups,Corporate,0,0,0,A,C,0,No Deposit,,0,Transient-Party,50.0,0,1
Resort Hotel,0,7,2016,October,41,5,1,4,2,0.0,0,BB,GBR,Groups,Corporate,0,0,0,A,A,0,No Deposit,,0,Transient-Party,50.0,0,0
Resort Hotel,0,7,2016,October,41,5,1,4,2,0.0,0,BB,GBR,Groups,Corporate,0,0,0,A,A,0,No Deposit,,0,Transient-Party,50.0,0,1
Resort Hotel,0,8,2016,October,41,6,1,3,2,0.0,0,BB,ESP,Groups,Corporate,0,0,0,A,A,1,No Deposit,,0,Transient-Party,50.0,0,0
Resort Hotel,0,7,2016,October,41,5,1,4,2,0.0,0,BB,GBR,Groups,Corporate,0,0,0,A,A,0,No Deposit,,0,Transient-Party,50.0,0,1
Resort Hotel,0,8,2016,October,41,6,1,3,2,0.0,0,BB,GBR,Groups,Corporate,0,0,0,A,A,1,No Deposit,,0,Transient-Party,56.0,1,0
Resort Hotel,0,8,2016,October,41,6,1,3,2,0.0,0,BB,GBR,Groups,Corporate,0,0,0,A,D,1,No Deposit,,0,Transient-Party,56.0,1,1
Resort Hotel,0,100,2016,October,41,6,1,3,2,0.0,0,BB,USA,Direct,Direct,0,0,0,G,G,0,No Deposit,250.0,0,Transient,158.1,1,0
Resort Hotel,0,223,2016,October,42,9,1,0,2,0.0,0,BB,DEU,Offline TA/TO,TA/TO,0,0,0,D,E,0,No Deposit,251.0,0,Transient-Party,59.0,0,1
Resort Hotel,0,223,2016,October,42,9,1,0,2,0.0,0,BB,DEU,Offline TA/TO,TA/TO,0,0,0,D,E,0,No Deposit,251.0,0,Transient-Party,59.0,0,1
Resort Hotel,0,61,2016,October,42,9,1,0,2,0.0,0,BB,CHE,Offline TA/TO,TA/TO,0,0,0,D,G,0,No Deposit,251.0,0,Transient,59.0,0,0
Resort Hotel,0,5,2016,October,41,8,1,1,2,0.0,0,HB,PRT,Direct,Direct,0,0,0,G,G,1,No Deposit,250.0,0,Transient,180.0,1,0
Resort Hotel,0,243,2016,October,42,9,1,0,2,0.0,0,BB,CHE,Offline TA/TO,TA/TO,0,0,0,D,E,0,No Deposit,251.0,0,Transient,59.0,0,0
Resort Hotel,0,210,2016,September,40,30,3,7,2,0.0,0,HB,GBR,Online TA,TA/TO,0,0,0,D,D,1,No Deposit,314.0,0,Transient,89.34,0,0
Resort Hotel,0,0,2016,October,42,9,1,0,2,0.0,0,BB,GBR,Direct,Direct,0,0,0,A,A,0,No Deposit,,0,Transient,91.0,1,0
Resort Hotel,0,8,2016,October,41,6,1,3,2,0.0,0,BB,GBR,Groups,Corporate,0,0,0,A,D,1,No Deposit,,0,Transient-Party,50.0,0,1
Resort Hotel,0,8,2016,October,41,6,1,3,2,0.0,0,BB,GBR,Groups,Corporate,0,0,0,A,A,1,No Deposit,,0,Transient-Party,54.5,1,1
Resort Hotel,0,8,2016,October,41,6,1,3,2,0.0,0,BB,GBR,Groups,Corporate,0,0,0,A,A,1,No Deposit,,0,Transient-Party,58.0,1,0
Resort Hotel,0,8,2016,October,41,6,1,3,2,0.0,0,BB,SUR,Groups,Corporate,0,0,0,A,A,1,No Deposit,,0,Transient-Party,56.0,1,0
Resort Hotel,0,7,2016,October,41,5,1,4,2,0.0,0,BB,GBR,Groups,Corporate,0,0,0,A,A,0,No Deposit,,0,Transient-Party,50.0,0,1
Resort Hotel,0,7,2016,October,41,5,1,4,2,0.0,0,BB,GBR,Groups,Corporate,0,0,0,A,A,0,No Deposit,,0,Transient-Party,50.0,0,1
Resort Hotel,0,383,2016,October,41,6,1,3,2,0.0,0,SC,GBR,Groups,TA/TO,0,0,0,A,I,1,No Deposit,315.0,0,Transient-Party,4.5,0,1
Resort Hotel,0,215,2016,October,41,4,2,5,2,0.0,0,HB,IRL,Offline TA/TO,TA/TO,0,0,0,E,E,2,No Deposit,434.0,0,Transient,26.0,0,1
Resort Hotel,0,7,2016,October,41,5,2,4,2,0.0,0,BB,GBR,Groups,Corporate,0,0,0,F,F,1,No Deposit,,0,Transient-Party,81.0,0,0
Resort Hotel,0,131,2016,October,42,9,2,0,2,0.0,0,BB,GBR,Groups,Corporate,0,0,0,A,A,1,No Deposit,,0,Transient-Party,55.0,0,1
Resort Hotel,0,18,2016,October,42,11,0,1,2,0.0,0,BB,GBR,Direct,Corporate,0,0,0,A,A,0,No Deposit,,0,Transient,66.0,0,1
Resort Hotel,0,30,2016,October,42,9,2,0,2,0.0,0,BB,GBR,Groups,Corporate,0,0,0,A,A,0,No Deposit,,0,Transient-Party,55.0,0,0
Resort Hotel,0,7,2016,October,41,5,2,4,2,0.0,0,BB,GBR,Groups,Corporate,0,0,0,A,A,1,No Deposit,,0,Transient-Party,50.0,0,0
Resort Hotel,0,16,2016,October,42,9,2,0,2,0.0,0,BB,GBR,Groups,Corporate,0,0,0,A,A,0,No Deposit,,0,Transient-Party,55.0,0,0
Resort Hotel,0,8,2016,October,41,6,2,3,2,0.0,0,BB,GBR,Groups,Corporate,0,0,0,A,A,1,No Deposit,,0,Transient-Party,50.0,0,0
Resort Hotel,0,30,2016,October,42,9,2,0,2,0.0,0,BB,GBR,Groups,Corporate,0,0,0,A,A,1,No Deposit,,0,Transient-Party,55.0,0,0
Resort Hotel,0,131,2016,October,42,9,2,0,2,0.0,0,BB,GBR,Groups,Corporate,0,0,0,A,A,0,No Deposit,,0,Transient-Party,55.0,0,0
Resort Hotel,0,131,2016,October,42,9,2,0,2,0.0,0,BB,GBR,Groups,Corporate,0,0,0,A,A,0,No Deposit,,0,Transient-Party,55.0,0,0
Resort Hotel,0,0,2016,October,42,11,0,1,2,0.0,0,BB,GBR,Direct,Direct,1,0,0,A,A,1,No Deposit,,0,Transient,60.0,0,0
Resort Hotel,0,131,2016,October,42,9,2,0,2,0.0,0,BB,GBR,Groups,Corporate,0,0,0,A,A,0,No Deposit,,0,Transient-Party,63.0,0,1
Resort Hotel,0,18,2016,October,42,11,0,1,2,0.0,0,BB,GBR,Direct,Corporate,0,0,0,A,A,0,No Deposit,,0,Transient,74.0,0,1
Resort Hotel,0,10,2016,October,42,9,2,0,2,0.0,0,BB,GBR,Groups,Corporate,0,0,0,A,A,0,No Deposit,,0,Transient-Party,55.0,0,0
Resort Hotel,0,16,2016,October,42,9,2,0,2,0.0,0,BB,GBR,Groups,Corporate,0,0,0,A,A,0,No Deposit,,0,Transient-Party,61.0,1,0
Resort Hotel,0,45,2016,October,41,7,2,2,2,0.0,0,HB,POL,Direct,Direct,0,0,0,E,F,6,No Deposit,250.0,0,Transient,147.5,1,2
Resort Hotel,0,139,2016,October,42,10,1,0,2,0.0,0,BB,SWE,Offline TA/TO,TA/TO,0,0,0,D,D,0,No Deposit,251.0,0,Transient,59.0,0,0
Resort Hotel,0,178,2016,October,41,2,4,5,2,0.0,0,BB,IRL,Offline TA/TO,TA/TO,0,0,0,D,D,0,No Deposit,171.0,0,Transient,60.0,0,0
Resort Hotel,0,32,2016,October,41,8,2,1,2,0.0,0,BB,GBR,Online TA,TA/TO,0,0,0,E,E,0,No Deposit,240.0,0,Transient-Party,115.33,0,1
Resort Hotel,0,32,2016,October,41,8,2,1,2,0.0,0,BB,GBR,Online TA,TA/TO,0,0,0,E,E,0,No Deposit,240.0,0,Transient-Party,121.33,0,1
Resort Hotel,0,58,2016,October,40,1,4,6,2,0.0,0,BB,IRL,Direct,Direct,0,0,0,G,G,0,No Deposit,250.0,0,Transient,125.1,0,0
Resort Hotel,0,0,2016,October,42,10,1,0,2,0.0,0,BB,FRA,Online TA,TA/TO,0,0,0,A,A,1,No Deposit,240.0,0,Transient,65.0,0,1
Resort Hotel,0,27,2016,October,42,10,1,0,2,0.0,0,BB,ESP,Online TA,TA/TO,0,0,0,A,A,0,No Deposit,240.0,0,Transient,58.0,0,1
Resort Hotel,0,158,2016,October,41,7,2,2,2,0.0,0,HB,GBR,Online TA,TA/TO,0,0,0,D,E,0,No Deposit,241.0,0,Transient,81.24,0,2
Resort Hotel,0,0,2016,October,42,10,1,0,2,0.0,0,BB,NLD,Direct,Direct,0,0,0,A,A,0,No Deposit,,0,Transient,66.0,1,0
Resort Hotel,0,162,2016,October,41,4,2,5,2,0.0,0,BB,IRL,Online TA,TA/TO,0,0,0,E,E,2,No Deposit,242.0,0,Transient,87.86,0,1
Resort Hotel,0,162,2016,October,41,4,2,5,2,0.0,0,BB,GBR,Online TA,TA/TO,0,0,0,A,C,1,No Deposit,242.0,0,Transient,67.57,0,1
Resort Hotel,0,243,2016,October,41,6,2,3,2,0.0,0,BB,IRL,Groups,TA/TO,0,0,0,D,D,1,No Deposit,91.0,0,Transient-Party,55.1,0,0
Resort Hotel,0,243,2016,October,41,6,2,3,2,0.0,0,BB,IRL,Groups,TA/TO,0,0,0,D,F,1,No Deposit,91.0,0,Transient-Party,55.1,0,0
Resort Hotel,0,131,2016,October,42,9,2,0,2,0.0,0,BB,GBR,Groups,Corporate,0,0,0,A,A,0,No Deposit,,0,Transient,61.0,1,0
Resort Hotel,0,60,2016,October,41,4,2,5,2,0.0,0,BB,IRL,Online TA,TA/TO,0,0,0,D,D,0,No Deposit,240.0,0,Transient,91.0,0,2
Resort Hotel,0,16,2016,October,42,9,2,0,2,0.0,0,BB,GBR,Groups,Corporate,0,0,0,A,C,1,No Deposit,,0,Transient-Party,61.0,1,0
Resort Hotel,0,185,2016,October,41,6,2,3,2,0.0,0,BB,IRL,Online TA,TA/TO,0,0,0,A,F,0,No Deposit,147.0,0,Transient,54.97,0,0
Resort Hotel,0,16,2016,October,42,9,2,0,2,0.0,0,BB,PRT,Groups,Corporate,0,0,0,A,A,0,No Deposit,,0,Transient-Party,55.0,0,1
Resort Hotel,0,18,2016,October,42,11,0,1,2,0.0,0,BB,PRT,Direct,Corporate,0,0,0,A,A,0,No Deposit,,0,Transient,66.0,0,1
Resort Hotel,0,131,2016,October,42,9,2,0,2,0.0,0,BB,GBR,Groups,Corporate,0,0,0,A,A,0,No Deposit,,0,Transient-Party,55.0,0,0
Resort Hotel,0,16,2016,October,42,9,2,0,2,0.0,0,BB,GBR,Groups,Corporate,0,0,0,A,A,0,No Deposit,,0,Transient,61.0,1,1
Resort Hotel,0,18,2016,October,42,11,0,1,2,0.0,0,BB,GBR,Direct,Corporate,0,0,0,A,A,0,No Deposit,,0,Transient,72.0,1,1
Resort Hotel,0,162,2016,October,41,4,2,5,2,0.0,0,BB,IRL,Online TA,TA/TO,0,0,0,A,C,0,No Deposit,242.0,0,Transient,65.86,0,2
Resort Hotel,0,0,2016,October,42,10,1,0,2,0.0,0,BB,GBR,Direct,Direct,0,0,0,D,D,0,No Deposit,,0,Transient,75.0,0,0
Resort Hotel,0,140,2016,October,41,4,2,5,2,0.0,0,BB,IRL,Direct,Direct,0,0,0,E,E,0,No Deposit,250.0,0,Transient,69.54,0,1
Resort Hotel,0,98,2016,October,42,11,0,1,2,0.0,0,BB,DEU,Online TA,TA/TO,0,0,0,A,A,0,No Deposit,240.0,0,Transient,59.0,0,1
Resort Hotel,0,138,2016,October,41,2,4,6,2,0.0,0,HB,GBR,Offline TA/TO,TA/TO,0,0,0,E,E,0,No Deposit,171.0,0,Transient,96.0,0,0
Resort Hotel,0,3,2016,October,42,10,1,1,2,0.0,0,BB,ESP,Online TA,TA/TO,0,0,0,A,C,0,No Deposit,240.0,0,Transient,65.0,0,0
Resort Hotel,0,3,2016,October,42,10,1,1,2,0.0,0,BB,ESP,Online TA,TA/TO,0,0,0,A,C,0,No Deposit,240.0,0,Transient,71.0,1,0
Resort Hotel,0,12,2016,October,42,10,1,1,2,0.0,0,BB,USA,Online TA,TA/TO,0,0,0,A,A,0,No Deposit,240.0,0,Transient,66.0,0,2
Resort Hotel,0,14,2016,October,42,11,0,1,2,0.0,0,BB,FRA,Online TA,TA/TO,0,0,0,A,A,0,No Deposit,240.0,0,Transient,60.0,0,2
Resort Hotel,0,364,2016,October,42,12,2,4,2,0.0,0,BB,BEL,Groups,TA/TO,0,0,0,A,C,3,No Deposit,,0,Transient-Party,66.0,0,2
Resort Hotel,0,33,2016,October,42,10,1,1,2,0.0,0,BB,CN,Online TA,TA/TO,0,0,0,A,A,0,No Deposit,242.0,0,Transient,58.0,0,1
Resort Hotel,0,18,2016,October,42,11,0,1,2,0.0,0,BB,FRA,Online TA,TA/TO,0,0,0,A,A,0,No Deposit,240.0,0,Transient,60.0,0,3
Resort Hotel,0,1,2016,October,42,11,0,1,2,0.0,0,HB,ESP,Online TA,TA/TO,0,0,0,A,A,0,No Deposit,240.0,0,Transient,103.0,1,1
Resort Hotel,0,9,2016,October,42,9,2,1,2,0.0,0,HB,ESP,Online TA,TA/TO,0,0,0,E,E,0,No Deposit,240.0,0,Transient,139.67,0,2
Resort Hotel,0,0,2016,October,42,12,0,0,2,0.0,0,BB,FRA,Online TA,Direct,1,0,0,A,I,0,No Deposit,240.0,0,Transient,0.0,0,1
Resort Hotel,0,0,2016,October,42,11,0,1,2,0.0,0,BB,PRT,Direct,Direct,0,0,0,D,D,0,No Deposit,,0,Transient,76.0,0,0
Resort Hotel,0,0,2016,October,42,10,1,1,2,0.0,0,BB,ESP,Online TA,TA/TO,0,0,0,A,A,0,No Deposit,240.0,0,Transient,65.0,0,1
Resort Hotel,0,36,2016,October,42,10,1,1,2,0.0,0,BB,BRA,Online TA,TA/TO,0,0,0,A,A,0,No Deposit,240.0,0,Transient,64.0,1,1
Resort Hotel,0,11,2016,October,42,11,0,1,2,0.0,0,BB,ESP,Online TA,TA/TO,0,0,0,E,F,0,No Deposit,240.0,0,Transient,90.0,0,2
Resort Hotel,0,57,2016,October,41,5,2,5,2,0.0,0,BB,ITA,Online TA,TA/TO,0,0,0,D,D,0,No Deposit,240.0,0,Transient,95.0,1,1
Resort Hotel,0,29,2016,October,42,11,0,1,2,0.0,0,BB,ESP,Online TA,TA/TO,0,0,0,A,A,0,No Deposit,240.0,0,Transient-Party,58.0,0,0
Resort Hotel,0,29,2016,October,42,11,0,1,2,0.0,0,BB,ESP,Online TA,TA/TO,0,0,0,A,A,0,No Deposit,240.0,0,Transient-Party,58.0,1,0
Resort Hotel,0,44,2016,October,42,10,1,1,2,0.0,0,BB,ESP,Online TA,TA/TO,0,0,0,A,A,0,No Deposit,240.0,0,Transient,58.0,0,2
Resort Hotel,0,1,2016,October,42,11,0,1,2,0.0,0,BB,ESP,Online TA,TA/TO,0,0,0,A,A,0,No Deposit,240.0,0,Transient,65.0,0,1
Resort Hotel,0,1,2016,October,42,12,0,2,2,0.0,0,BB,ESP,Direct,TA/TO,0,0,0,F,F,1,No Deposit,,0,Transient,100.0,0,1
Resort Hotel,0,56,2016,October,42,10,1,1,2,0.0,0,BB,ESP,Online TA,TA/TO,0,0,0,D,D,0,No Deposit,240.0,0,Transient,89.0,0,2
Resort Hotel,0,173,2016,October,41,5,2,5,2,0.0,0,BB,GBR,Online TA,TA/TO,0,0,0,E,E,0,No Deposit,240.0,0,Transient,84.29,0,1
Resort Hotel,0,173,2016,October,41,5,2,5,2,0.0,0,BB,GBR,Online TA,TA/TO,0,0,0,E,E,0,No Deposit,240.0,0,Transient,84.29,0,1
Resort Hotel,0,179,2016,October,42,9,2,1,2,0.0,0,HB,PRT,Offline TA/TO,TA/TO,0,0,0,A,E,1,No Deposit,177.0,0,Transient,78.0,1,2
Resort Hotel,0,6,2016,October,42,10,1,1,2,0.0,0,BB,PRT,Online TA,TA/TO,0,0,0,D,D,0,No Deposit,240.0,0,Transient,91.0,1,0
Resort Hotel,0,0,2016,October,42,10,1,1,2,0.0,0,BB,PRT,Direct,Direct,0,0,0,D,D,1,No Deposit,,0,Transient,75.0,0,1
Resort Hotel,0,18,2016,October,42,11,0,1,2,0.0,0,BB,GBR,Online TA,TA/TO,0,0,0,D,D,0,No Deposit,240.0,0,Transient,81.0,0,2
Resort Hotel,0,50,2016,October,41,7,2,3,2,0.0,0,BB,IRL,Online TA,TA/TO,0,0,0,D,D,0,No Deposit,240.0,0,Transient,92.8,0,1
Resort Hotel,0,4,2016,October,42,10,1,1,2,0.0,0,BB,ESP,Online TA,TA/TO,0,0,0,A,A,0,No Deposit,240.0,0,Transient,71.0,1,2
Resort Hotel,0,133,2016,October,41,5,2,5,2,0.0,0,BB,GBR,Offline TA/TO,TA/TO,0,0,0,A,A,0,No Deposit,171.0,0,Transient,46.0,0,0
Resort Hotel,0,4,2016,October,42,10,1,1,2,0.0,0,BB,ESP,Online TA,TA/TO,0,0,0,A,A,0,No Deposit,240.0,0,Transient,65.0,0,2
Resort Hotel,0,32,2016,October,41,2,4,6,2,0.0,0,BB,IRL,Direct,Direct,0,0,0,F,F,0,No Deposit,250.0,0,Transient,110.72,0,1
Resort Hotel,0,0,2016,October,42,10,1,1,2,0.0,0,BB,NLD,Online TA,TA/TO,0,0,0,E,E,0,No Deposit,240.0,0,Transient,98.0,1,0
Resort Hotel,0,341,2016,October,41,3,3,7,2,0.0,0,BB,GBR,Offline TA/TO,TA/TO,0,0,0,A,A,1,No Deposit,40.0,0,Transient-Party,39.4,0,1
Resort Hotel,0,74,2016,October,42,9,2,2,2,0.0,0,BB,CN,Online TA,TA/TO,0,0,0,F,F,0,No Deposit,241.0,0,Transient,91.93,1,1
Resort Hotel,0,252,2016,October,42,12,0,1,2,0.0,0,BB,CHE,Offline TA/TO,TA/TO,0,0,0,D,F,0,No Deposit,251.0,0,Transient,59.0,0,1
Resort Hotel,0,230,2016,October,42,12,0,1,2,0.0,0,BB,BEL,Direct,Direct,0,0,0,D,D,0,No Deposit,,0,Transient,68.5,0,1
Resort Hotel,0,365,2016,October,42,13,1,3,2,0.0,0,BB,BEL,Groups,Direct,0,0,0,A,D,1,No Deposit,,0,Transient-Party,66.0,0,1
Resort Hotel,0,235,2016,October,43,17,1,1,2,0.0,0,BB,BEL,Direct,Direct,0,0,1,D,D,0,No Deposit,,0,Transient,68.5,0,1
Resort Hotel,0,230,2016,October,42,12,0,1,2,0.0,0,BB,BEL,Direct,Direct,0,0,0,D,D,0,No Deposit,,0,Transient,68.5,1,1
Resort Hotel,0,365,2016,October,42,13,1,3,2,0.0,0,BB,BEL,Groups,Direct,0,0,0,A,D,1,No Deposit,,0,Transient-Party,72.0,1,1
Resort Hotel,0,235,2016,October,43,17,1,1,2,0.0,0,BB,BEL,Direct,Direct,0,0,1,D,D,0,No Deposit,,0,Transient,74.5,1,1
Resort Hotel,0,158,2017,May,21,22,1,2,2,0.0,0,BB,BEL,Direct,Direct,1,0,3,D,D,0,No Deposit,,0,Transient,90.0,1,1
Resort Hotel,0,164,2017,May,22,28,2,2,2,0.0,0,BB,BEL,Direct,Direct,1,0,4,D,D,0,No Deposit,,0,Transient,90.0,1,1
Resort Hotel,0,3,2016,October,42,12,0,1,2,0.0,0,BB,PRT,Online TA,TA/TO,0,0,0,A,D,0,No Deposit,240.0,0,Transient,65.0,0,1
Resort Hotel,0,11,2016,October,42,12,0,1,2,0.0,0,BB,PRT,Direct,Direct,0,0,0,E,G,0,No Deposit,250.0,0,Transient,85.0,0,1
Resort Hotel,0,1,2016,October,42,12,0,1,2,0.0,0,BB,ESP,Direct,Direct,0,0,0,E,E,0,No Deposit,,0,Transient,96.0,1,0
Resort Hotel,0,178,2016,October,42,10,1,2,2,0.0,0,BB,IRL,Online TA,TA/TO,0,0,0,E,E,1,No Deposit,240.0,0,Transient,85.0,0,1
Resort Hotel,0,4,2016,October,42,11,0,2,2,0.0,0,BB,ESP,Online TA,TA/TO,0,0,0,E,E,0,No Deposit,240.0,0,Transient,101.0,0,1
Resort Hotel,0,0,2016,October,42,12,0,1,2,0.0,0,BB,GBR,Direct,Direct,0,0,0,G,G,0,No Deposit,,0,Transient,130.0,0,0
Resort Hotel,0,0,2016,October,42,11,0,2,2,0.0,0,BB,USA,Direct,Direct,0,0,0,E,F,0,No Deposit,250.0,0,Transient,96.0,1,0
Resort Hotel,0,60,2016,October,42,9,2,3,2,0.0,0,BB,IRL,Direct,Direct,0,0,0,F,G,0,No Deposit,250.0,0,Transient,100.1,0,1
Resort Hotel,0,70,2016,October,42,13,0,1,2,0.0,0,BB,DEU,Offline TA/TO,TA/TO,0,0,0,F,F,0,No Deposit,251.0,0,Transient,88.3,0,0
Resort Hotel,0,0,2016,October,42,13,0,1,2,0.0,0,BB,CN,Direct,Direct,0,0,0,E,E,0,No Deposit,,0,Transient,96.0,1,0
Resort Hotel,0,0,2016,October,42,13,0,1,2,0.0,0,BB,CN,Direct,Direct,0,0,0,E,E,0,No Deposit,,0,Transient,90.0,0,0
Resort Hotel,0,196,2016,September,40,30,4,10,2,0.0,0,BB,DEU,Online TA,TA/TO,0,0,0,E,E,0,No Deposit,240.0,0,Transient,84.76,0,1
Resort Hotel,0,267,2016,October,41,4,2,8,2,0.0,0,BB,GBR,Online TA,TA/TO,0,0,0,E,E,0,No Deposit,240.0,0,Transient,83.52,0,0
Resort Hotel,0,267,2016,October,41,4,2,8,2,0.0,0,BB,GBR,Online TA,TA/TO,0,0,0,E,E,0,No Deposit,240.0,0,Transient,85.52,0,0
Resort Hotel,0,0,2016,October,42,13,0,1,2,0.0,0,BB,PRT,Corporate,Corporate,0,0,0,D,D,1,No Deposit,,0,Transient,75.0,1,0
Resort Hotel,0,231,2016,October,41,8,2,5,2,0.0,0,BB,GBR,Groups,Direct,0,0,0,D,D,0,No Deposit,273.0,0,Transient-Party,71.36,0,0
Resort Hotel,0,231,2016,October,41,8,2,5,2,0.0,0,BB,GBR,Groups,Direct,0,0,0,D,F,1,No Deposit,273.0,0,Transient-Party,91.36,0,0
Resort Hotel,0,231,2016,October,41,8,2,5,2,0.0,0,BB,GBR,Groups,Direct,0,0,0,D,D,0,No Deposit,273.0,0,Transient-Party,71.36,0,0
Resort Hotel,0,231,2016,October,41,8,2,5,2,0.0,0,BB,GBR,Groups,Direct,0,0,0,D,D,0,No Deposit,273.0,0,Transient-Party,69.36,0,0
Resort Hotel,0,231,2016,October,41,8,2,5,2,0.0,0,BB,GBR,Groups,Direct,0,0,0,D,D,0,No Deposit,273.0,0,Transient-Party,71.36,0,0
Resort Hotel,0,231,2016,October,41,8,2,5,2,0.0,0,BB,GBR,Groups,Direct,0,0,0,D,D,0,No Deposit,273.0,0,Transient-Party,71.36,0,0
Resort Hotel,0,231,2016,October,41,8,2,5,2,0.0,0,BB,GBR,Groups,Direct,0,0,0,D,D,0,No Deposit,273.0,0,Transient-Party,71.36,0,0
Resort Hotel,0,214,2016,October,42,11,0,4,2,0.0,0,HB,RUS,Groups,Corporate,0,0,0,E,E,5,No Deposit,,0,Transient-Party,81.0,0,0
Resort Hotel,0,0,2016,October,42,15,0,0,2,0.0,0,BB,USA,Direct,Direct,1,0,0,D,D,0,No Deposit,,0,Transient,0.0,0,0
Resort Hotel,0,364,2016,October,42,12,0,4,2,0.0,0,BB,DNK,Groups,Corporate,0,0,0,A,A,3,No Deposit,,0,Transient-Party,66.0,0,0
Resort Hotel,0,364,2016,October,42,12,0,4,2,0.0,0,BB,GBR,Groups,Corporate,0,0,0,A,A,2,No Deposit,,0,Transient-Party,72.0,1,0
Resort Hotel,0,337,2016,October,42,9,2,5,2,0.0,0,HB,GBR,Groups,Direct,0,0,0,D,D,0,No Deposit,273.0,101,Transient-Party,67.99,0,0
Resort Hotel,0,337,2016,October,42,9,2,5,2,0.0,0,HB,GBR,Groups,Direct,0,0,0,D,D,0,No Deposit,273.0,101,Transient-Party,66.28,0,0
Resort Hotel,0,364,2016,October,42,12,0,4,2,0.0,0,BB,GBR,Groups,Corporate,0,0,0,A,D,0,No Deposit,,0,Transient-Party,69.0,1,0
Resort Hotel,0,0,2016,October,42,15,0,1,2,0.0,0,BB,GBR,Direct,Direct,0,0,0,D,D,0,No Deposit,,0,Transient,85.0,0,0
Resort Hotel,0,364,2016,October,42,12,0,4,2,0.0,0,BB,BEL,Groups,Corporate,0,0,0,A,D,0,No Deposit,,0,Transient-Party,69.0,1,0
Resort Hotel,0,2,2016,October,43,16,1,0,2,0.0,0,BB,BEL,Online TA,Corporate,0,0,0,A,H,0,No Deposit,240.0,0,Transient,81.0,1,1
Resort Hotel,0,364,2016,October,42,12,1,4,2,0.0,0,BB,PRT,Groups,Corporate,0,0,0,A,C,1,No Deposit,,0,Transient-Party,66.0,0,0
Resort Hotel,0,270,2016,October,42,14,1,2,2,0.0,0,BB,GBR,Online TA,TA/TO,0,0,0,E,E,0,No Deposit,240.0,0,Transient,93.33,0,2
Resort Hotel,0,270,2016,October,42,14,1,2,2,0.0,0,BB,GBR,Online TA,TA/TO,0,0,0,E,G,0,No Deposit,240.0,0,Transient,95.33,0,2
Resort Hotel,0,364,2016,October,42,12,1,4,2,0.0,0,BB,FRA,Groups,Corporate,0,0,0,A,A,3,No Deposit,,0,Transient-Party,66.0,0,0
Resort Hotel,0,13,2016,October,42,12,1,4,2,0.0,0,BB,GBR,Groups,Corporate,0,0,0,A,A,1,No Deposit,,0,Transient-Party,66.0,0,0
Resort Hotel,0,364,2016,October,42,12,1,4,2,0.0,0,BB,GBR,Groups,Corporate,0,0,0,A,A,1,No Deposit,,0,Transient-Party,72.0,0,0
Resort Hotel,0,364,2016,October,42,12,1,4,2,0.0,0,BB,GBR,Groups,Corporate,0,0,0,A,C,1,No Deposit,,0,Transient-Party,66.0,0,0
Resort Hotel,0,364,2016,October,42,12,1,4,2,0.0,0,BB,GBR,Groups,Corporate,0,0,0,A,A,1,No Deposit,,0,Transient-Party,66.0,0,0
Resort Hotel,0,364,2016,October,42,12,1,4,2,0.0,0,BB,GBR,Groups,Corporate,0,0,0,A,A,1,No Deposit,,0,Transient-Party,66.0,0,0
Resort Hotel,0,364,2016,October,42,12,1,4,2,0.0,0,BB,GBR,Groups,Corporate,0,0,0,A,A,1,No Deposit,,0,Transient-Party,66.0,0,0
Resort Hotel,0,68,2016,October,43,16,1,0,2,0.0,0,BB,USA,Offline TA/TO,TA/TO,0,0,0,A,A,0,No Deposit,177.0,0,Transient,54.0,1,0
Resort Hotel,0,12,2016,October,43,17,0,0,2,0.0,0,HB,ESP,Online TA,TA/TO,0,0,0,D,I,0,No Deposit,240.0,0,Transient,0.0,0,2
Resort Hotel,0,31,2016,October,43,16,1,0,2,0.0,0,BB,FRA,Direct,Direct,0,0,0,D,D,0,No Deposit,250.0,0,Transient,96.0,1,1
Resort Hotel,0,364,2016,October,42,12,1,4,2,0.0,0,BB,GBR,Groups,Corporate,0,0,0,A,A,1,No Deposit,,0,Transient-Party,68.0,0,0
Resort Hotel,0,365,2016,October,42,13,1,3,2,0.0,0,BB,NLD,Groups,Corporate,0,0,0,A,C,1,No Deposit,,0,Transient-Party,66.0,0,0
Resort Hotel,0,5,2016,October,42,15,1,1,2,0.0,0,BB,PRT,Direct,Direct,0,0,0,H,H,1,No Deposit,,0,Transient,135.0,0,1
Resort Hotel,0,2,2016,October,42,15,1,1,2,0.0,0,BB,PRT,Direct,Direct,0,0,0,D,D,0,No Deposit,250.0,0,Transient,67.5,0,0
Resort Hotel,0,364,2016,October,42,12,1,4,2,0.0,0,BB,GBR,Groups,Corporate,0,0,0,A,A,1,No Deposit,,0,Transient-Party,66.0,0,1
Resort Hotel,0,365,2016,October,42,13,1,3,2,0.0,0,BB,BEL,Groups,Corporate,0,0,0,A,A,1,No Deposit,,0,Transient-Party,66.0,0,0
Resort Hotel,0,270,2016,October,42,14,1,2,2,0.0,0,BB,GBR,Online TA,TA/TO,0,0,0,E,F,0,No Deposit,240.0,0,Transient,93.33,0,2
Resort Hotel,0,365,2016,October,42,13,1,3,2,0.0,0,BB,NLD,Groups,Corporate,0,0,0,A,E,1,No Deposit,,0,Transient-Party,68.0,0,0
Resort Hotel,0,189,2016,October,43,17,1,0,2,0.0,0,BB,NLD,Online TA,Corporate,0,0,0,A,A,0,No Deposit,240.0,0,Transient,60.0,0,2
Resort Hotel,0,364,2016,October,42,12,1,4,2,0.0,0,BB,POL,Groups,Corporate,0,0,0,A,D,1,No Deposit,,0,Transient-Party,66.0,0,0
Resort Hotel,0,365,2016,October,42,13,1,3,2,0.0,0,BB,NLD,Groups,Corporate,0,0,0,A,A,1,No Deposit,,0,Transient-Party,66.0,0,0
Resort Hotel,0,231,2016,October,41,8,3,6,2,0.0,0,SC,GBR,Groups,Direct,0,0,0,D,I,0,No Deposit,273.0,0,Transient-Party,1.56,0,0
Resort Hotel,0,7,2016,October,43,18,0,5,2,0.0,0,HB,POL,Direct,Direct,0,0,0,D,D,1,No Deposit,250.0,0,Transient,124.33,1,1
Resort Hotel,0,235,2016,October,41,8,4,6,2,0.0,0,BB,GBR,Direct,Direct,0,0,0,F,F,1,No Deposit,250.0,0,Transient,80.8,0,0
Resort Hotel,0,297,2016,October,41,4,4,10,2,0.0,0,BB,GBR,Offline TA/TO,TA/TO,0,0,0,D,D,0,No Deposit,40.0,0,Contract,46.75,0,1
Resort Hotel,0,271,2016,October,42,10,3,5,2,0.0,0,HB,DEU,Offline TA/TO,TA/TO,0,0,0,A,C,0,No Deposit,177.0,0,Transient,72.05,0,0
Resort Hotel,0,29,2016,October,42,15,2,1,2,0.0,0,BB,CHE,Offline TA/TO,TA/TO,0,0,0,A,D,0,No Deposit,6.0,0,Transient,42.0,0,0
Resort Hotel,0,363,2016,October,42,11,2,5,2,0.0,0,BB,GBR,Groups,Corporate,0,0,0,A,C,1,No Deposit,,0,Transient-Party,66.0,0,0
Resort Hotel,0,339,2016,October,42,11,2,5,2,0.0,0,BB,GBR,Groups,Direct,0,0,0,D,D,0,Refundable,273.0,150,Transient-Party,71.36,0,0
Resort Hotel,0,339,2016,October,42,11,2,5,2,0.0,0,BB,GBR,Groups,Direct,0,0,0,E,E,0,Refundable,273.0,150,Transient-Party,78.81,0,0
Resort Hotel,0,339,2016,October,42,11,2,5,2,0.0,0,BB,GBR,Groups,Direct,0,0,0,E,E,0,Refundable,273.0,150,Transient-Party,80.81,0,0
Resort Hotel,0,339,2016,October,42,11,2,5,2,0.0,0,BB,GBR,Groups,Direct,0,0,0,E,E,0,Refundable,273.0,150,Transient-Party,78.81,0,0
Resort Hotel,0,4,2016,October,43,16,2,0,2,0.0,0,BB,GBR,Online TA,TA/TO,0,0,0,A,A,0,No Deposit,241.0,0,Transient,47.55,0,1
Resort Hotel,0,0,2016,October,43,17,1,0,2,0.0,0,BB,PRT,Direct,Direct,0,0,0,A,A,1,No Deposit,,0,Transient,76.0,1,0
Resort Hotel,0,318,2016,October,42,11,2,5,2,0.0,0,BB,GBR,Groups,Direct,0,0,0,E,E,0,No Deposit,273.0,0,Transient,78.81,0,0
Resort Hotel,0,3,2016,October,42,15,2,1,2,0.0,0,BB,USA,Online TA,TA/TO,0,0,0,D,D,0,No Deposit,240.0,0,Transient,90.0,0,2
Resort Hotel,0,7,2016,October,43,17,1,0,2,0.0,0,BB,ESP,Online TA,TA/TO,0,0,0,D,E,0,No Deposit,240.0,0,Transient,96.0,1,0
Resort Hotel,0,12,2016,October,43,17,1,0,2,0.0,0,BB,BRA,Online TA,TA/TO,0,0,0,A,A,0,No Deposit,240.0,0,Transient,71.0,1,2
Resort Hotel,0,0,2016,October,43,17,1,0,2,0.0,0,BB,IRL,Online TA,TA/TO,0,0,0,A,A,1,No Deposit,240.0,0,Transient,75.0,0,0
Resort Hotel,0,11,2016,October,43,18,0,1,2,0.0,0,BB,ESP,Offline TA/TO,TA/TO,0,0,0,A,A,0,No Deposit,6.0,0,Transient,46.0,0,0
Resort Hotel,0,364,2016,October,42,12,2,5,2,0.0,0,BB,GBR,Groups,Corporate,0,0,0,A,A,1,No Deposit,,0,Transient-Party,66.0,0,0
Resort Hotel,0,69,2016,October,43,18,0,1,2,0.0,0,HB,RUS,Groups,TA/TO,0,0,0,A,C,0,No Deposit,368.0,22,Transient-Party,72.0,0,0
Resort Hotel,0,47,2016,October,43,18,0,1,2,0.0,0,HB,PRT,Groups,TA/TO,0,0,0,A,A,0,No Deposit,368.0,0,Transient-Party,72.0,0,0
Resort Hotel,0,47,2016,October,43,18,0,1,2,0.0,0,HB,RUS,Groups,TA/TO,0,0,0,A,A,0,No Deposit,368.0,0,Transient-Party,72.0,0,0
Resort Hotel,0,47,2016,October,43,18,0,1,2,0.0,0,HB,RUS,Groups,TA/TO,0,0,0,A,A,0,No Deposit,368.0,0,Transient-Party,72.0,0,0
Resort Hotel,0,47,2016,October,43,18,0,1,2,0.0,0,HB,RUS,Groups,TA/TO,0,0,0,A,A,0,No Deposit,368.0,0,Transient-Party,72.0,0,0
Resort Hotel,0,47,2016,October,43,18,0,1,2,0.0,0,HB,RUS,Groups,TA/TO,0,0,0,A,A,0,No Deposit,368.0,0,Transient-Party,72.0,0,0
Resort Hotel,0,47,2016,October,43,18,0,1,2,0.0,0,HB,RUS,Groups,TA/TO,0,0,0,A,A,0,No Deposit,368.0,0,Transient-Party,72.0,0,0
Resort Hotel,0,47,2016,October,43,18,0,1,2,0.0,0,HB,RUS,Groups,TA/TO,0,0,0,A,A,0,No Deposit,368.0,0,Transient-Party,72.0,0,0
Resort Hotel,0,47,2016,October,43,18,0,1,2,0.0,0,HB,RUS,Groups,TA/TO,0,0,0,A,A,0,No Deposit,368.0,0,Transient-Party,72.0,0,0
Resort Hotel,0,47,2016,October,43,18,0,1,2,0.0,0,HB,RUS,Groups,TA/TO,0,0,0,A,C,0,No Deposit,368.0,0,Transient-Party,72.0,0,0
Resort Hotel,0,47,2016,October,43,18,0,1,2,0.0,0,HB,RUS,Groups,TA/TO,0,0,0,A,A,0,No Deposit,368.0,0,Transient-Party,72.0,0,0
Resort Hotel,0,47,2016,October,43,18,0,1,2,0.0,0,HB,RUS,Groups,TA/TO,0,0,0,A,A,0,No Deposit,368.0,0,Transient-Party,72.0,0,0
Resort Hotel,0,2,2016,October,43,17,1,1,2,0.0,0,BB,USA,Online TA,TA/TO,0,0,0,A,A,0,No Deposit,306.0,0,Transient,42.65,0,0
Resort Hotel,0,1,2016,October,43,19,0,1,2,0.0,0,BB,USA,Online TA,TA/TO,0,0,0,A,A,0,No Deposit,306.0,0,Group,42.65,0,0
Resort Hotel,0,30,2016,October,42,15,2,2,2,0.0,0,BB,ESP,Offline TA/TO,TA/TO,0,0,0,A,D,0,No Deposit,6.0,0,Transient,42.0,1,0
Resort Hotel,0,47,2016,October,43,18,0,1,2,0.0,0,HB,RUS,Groups,TA/TO,0,0,0,A,A,2,No Deposit,368.0,0,Transient,52.0,0,0
Resort Hotel,0,22,2016,October,43,17,1,1,2,0.0,0,BB,PRT,Online TA,TA/TO,0,0,0,A,A,0,No Deposit,240.0,0,Transient,60.0,0,3
Resort Hotel,0,22,2016,October,43,17,1,1,2,0.0,0,BB,CHE,Online TA,TA/TO,0,0,0,A,A,0,No Deposit,240.0,0,Transient,66.0,1,1
Resort Hotel,0,1,2016,October,43,18,0,1,2,0.0,0,BB,ESP,Online TA,TA/TO,0,0,0,A,A,0,No Deposit,240.0,0,Transient,81.0,1,2
Resort Hotel,0,6,2016,October,43,18,0,1,2,0.0,0,BB,PRT,Online TA,TA/TO,0,0,0,G,G,1,No Deposit,240.0,0,Transient,135.0,0,1
Resort Hotel,0,22,2016,October,43,16,2,1,2,0.0,0,BB,GBR,Online TA,TA/TO,0,0,0,A,A,0,No Deposit,241.0,0,Transient,45.89,0,1
Resort Hotel,0,22,2016,October,43,16,2,1,2,0.0,0,BB,GBR,Online TA,TA/TO,0,0,0,A,A,0,No Deposit,241.0,0,Transient,43.89,0,1
Resort Hotel,0,27,2016,October,43,16,2,1,2,0.0,0,BB,GBR,Offline TA/TO,TA/TO,0,0,0,A,D,0,No Deposit,6.0,0,Transient,40.0,0,0
Resort Hotel,0,27,2016,October,43,16,2,1,2,0.0,0,HB,FRA,Offline TA/TO,TA/TO,0,0,0,A,D,1,No Deposit,6.0,0,Transient,63.4,0,0
Resort Hotel,0,27,2016,October,43,16,2,1,2,0.0,0,BB,GBR,Offline TA/TO,TA/TO,0,0,0,A,D,0,No Deposit,6.0,0,Transient,40.0,0,0
Resort Hotel,0,214,2016,October,42,11,2,7,2,0.0,0,HB,ITA,Groups,Corporate,0,0,0,E,E,7,No Deposit,,0,Transient-Party,81.0,0,1
Resort Hotel,0,214,2016,October,42,11,2,7,2,0.0,0,HB,AUT,Groups,Corporate,0,0,0,E,F,3,No Deposit,,0,Transient-Party,81.0,0,0
Resort Hotel,0,19,2017,March,10,7,0,4,2,0.0,0,HB,AUT,Direct,Corporate,1,0,1,D,D,0,No Deposit,,0,Transient-Party,75.0,0,0
Resort Hotel,0,26,2017,March,11,14,0,5,2,0.0,0,HB,AUT,Direct,Corporate,1,0,2,E,I,1,No Deposit,,0,Transient-Party,40.0,8,1
Resort Hotel,0,138,2017,March,12,19,2,2,2,0.0,0,HB,AUT,Direct,Corporate,1,0,2,E,F,1,No Deposit,,122,Transient-Party,80.0,8,0
Resort Hotel,0,216,2016,October,42,13,2,5,2,0.0,0,BB,GBR,Offline TA/TO,TA/TO,0,0,0,D,D,0,No Deposit,243.0,0,Contract,46.75,0,1
Resort Hotel,0,28,2016,October,43,18,0,2,2,0.0,0,BB,USA,Online TA,TA/TO,0,0,0,A,A,0,No Deposit,241.0,0,Transient,43.89,0,1
Resort Hotel,0,28,2016,October,43,18,0,2,2,0.0,0,BB,USA,Online TA,TA/TO,0,0,0,A,A,0,No Deposit,241.0,0,Transient,43.89,0,1
Resort Hotel,0,28,2016,October,43,18,0,2,2,0.0,0,BB,USA,Online TA,TA/TO,0,0,0,A,A,0,No Deposit,241.0,0,Transient,43.89,0,1
Resort Hotel,0,28,2016,October,43,18,0,2,2,0.0,0,BB,USA,Online TA,TA/TO,0,0,0,A,A,0,No Deposit,241.0,0,Transient,43.89,0,1
Resort Hotel,0,28,2016,October,43,18,0,2,2,0.0,0,BB,USA,Online TA,TA/TO,0,0,0,A,A,0,No Deposit,241.0,0,Transient,43.89,0,1
Resort Hotel,0,25,2016,October,43,16,2,2,2,0.0,0,BB,FRA,Offline TA/TO,TA/TO,0,0,0,A,D,0,No Deposit,6.0,0,Transient,40.0,0,0
Resort Hotel,0,219,2016,October,43,16,2,2,2,0.0,0,HB,AUT,Groups,Corporate,0,0,0,E,D,0,No Deposit,,0,Transient-Party,81.0,0,0
Resort Hotel,0,138,2016,October,43,19,0,1,2,0.0,0,BB,AUT,Offline TA/TO,TA/TO,0,0,0,D,D,1,No Deposit,251.0,0,Transient,59.0,0,0
Resort Hotel,0,9,2016,October,43,16,2,2,2,0.0,0,HB,GBR,Offline TA/TO,TA/TO,0,0,0,D,D,0,No Deposit,2.0,0,Transient,96.0,0,0
Resort Hotel,0,219,2016,October,43,16,2,2,2,0.0,0,HB,DEU,Groups,Corporate,0,0,0,E,D,0,No Deposit,,0,Transient-Party,81.0,0,0
Resort Hotel,0,219,2016,October,43,16,2,2,2,0.0,0,HB,DEU,Groups,Corporate,0,0,0,E,G,0,No Deposit,,0,Transient-Party,81.0,0,0
Resort Hotel,0,219,2016,October,43,16,2,2,2,0.0,0,HB,ITA,Groups,Corporate,0,0,0,E,D,0,No Deposit,,0,Transient-Party,81.0,0,0
Resort Hotel,0,0,2016,October,43,19,0,1,2,0.0,0,BB,BEL,Direct,Direct,0,0,0,A,A,0,No Deposit,,0,Transient,70.0,0,0
Resort Hotel,0,219,2016,October,43,16,2,2,2,0.0,0,HB,DEU,Groups,Corporate,0,0,0,E,E,1,No Deposit,,0,Transient-Party,40.5,0,0
Resort Hotel,0,56,2016,October,43,17,1,2,2,0.0,0,HB,ITA,Online TA,TA/TO,0,0,0,D,E,0,No Deposit,240.0,0,Transient,106.0,1,2
Resort Hotel,0,68,2016,October,43,16,2,2,2,0.0,0,BB,CN,Offline TA/TO,TA/TO,0,0,0,A,A,0,No Deposit,96.0,0,Transient,46.0,0,0
Resort Hotel,0,216,2016,October,42,13,2,5,2,0.0,0,BB,GBR,Offline TA/TO,TA/TO,0,0,0,D,D,0,No Deposit,243.0,0,Contract,46.75,0,2
Resort Hotel,0,46,2016,October,43,16,2,2,2,0.0,0,BB,PRT,Offline TA/TO,TA/TO,0,0,0,A,A,0,No Deposit,96.0,0,Transient,46.0,0,0
Resort Hotel,0,188,2016,October,43,16,2,2,2,0.0,0,BB,CN,Offline TA/TO,TA/TO,0,0,0,A,A,0,No Deposit,96.0,0,Transient,48.0,0,0
Resort Hotel,1,50,2016,October,44,29,0,1,2,0.0,0,BB,ESP,Online TA,TA/TO,0,1,0,A,A,0,No Deposit,240.0,0,Transient,8.0,0,0
Resort Hotel,0,158,2016,October,43,16,2,2,2,0.0,0,BB,GBR,Offline TA/TO,TA/TO,0,0,0,E,E,0,No Deposit,2.0,0,Transient,67.0,0,0
Resort Hotel,0,172,2016,October,43,16,2,2,2,0.0,0,BB,CN,Offline TA/TO,TA/TO,0,0,0,A,A,0,No Deposit,96.0,0,Transient,46.0,0,0
Resort Hotel,0,214,2016,October,42,11,2,7,2,0.0,0,HB,CHL,Groups,Corporate,0,0,0,E,D,0,No Deposit,,0,Transient-Party,81.0,0,1
Resort Hotel,0,8,2016,October,43,18,0,2,2,0.0,0,BB,NLD,Online TA,TA/TO,0,0,0,A,A,0,No Deposit,240.0,0,Transient,71.0,1,1
Resort Hotel,0,0,2016,October,43,19,0,1,2,0.0,0,BB,PRT,Direct,Direct,0,0,0,A,G,0,No Deposit,,0,Transient,140.0,0,0
Resort Hotel,0,173,2016,October,43,16,2,2,2,0.0,0,BB,CN,Offline TA/TO,TA/TO,0,0,0,A,A,0,No Deposit,96.0,0,Transient,46.0,0,0
Resort Hotel,0,178,2016,October,43,16,2,2,2,0.0,0,BB,CN,Offline TA/TO,TA/TO,0,0,0,A,A,0,No Deposit,96.0,0,Transient,46.0,0,0
Resort Hotel,0,301,2016,October,41,6,4,10,2,0.0,0,HB,GBR,Offline TA/TO,TA/TO,0,0,0,D,D,0,No Deposit,2.0,0,Contract,48.61,0,1
Resort Hotel,0,2,2016,October,43,19,0,1,2,0.0,0,BB,PRT,Online TA,TA/TO,0,0,0,A,E,1,No Deposit,240.0,0,Transient,75.0,0,1
Resort Hotel,0,80,2016,October,43,18,0,2,2,0.0,0,BB,FRA,Online TA,TA/TO,0,0,0,A,C,0,No Deposit,240.0,0,Transient,66.0,1,1
Resort Hotel,0,30,2016,October,43,16,2,2,2,0.0,0,HB,ESP,Online TA,TA/TO,0,0,0,D,D,2,No Deposit,240.0,0,Transient,113.75,1,2
Resort Hotel,0,2,2016,October,43,19,0,1,2,0.0,0,BB,DEU,Online TA,TA/TO,0,0,0,A,A,0,No Deposit,240.0,0,Transient,81.0,1,2
Resort Hotel,0,13,2016,October,43,16,2,2,2,0.0,0,HB,GBR,Offline TA/TO,TA/TO,0,0,0,D,D,0,No Deposit,40.0,0,Transient,85.0,0,0
Resort Hotel,0,178,2016,October,43,16,2,2,2,0.0,0,BB,CN,Offline TA/TO,TA/TO,0,0,0,A,A,0,No Deposit,96.0,0,Transient,48.0,0,1
Resort Hotel,0,178,2016,October,43,16,2,2,2,0.0,0,BB,CN,Offline TA/TO,TA/TO,0,0,0,A,A,0,No Deposit,96.0,0,Transient,48.0,0,1
Resort Hotel,0,7,2016,October,43,19,0,1,2,0.0,0,BB,GBR,Groups,Corporate,0,0,0,A,C,0,No Deposit,,0,Transient-Party,49.0,0,0
Resort Hotel,0,37,2016,October,43,21,0,2,2,0.0,0,BB,GBR,Groups,Corporate,0,0,1,A,A,1,No Deposit,,0,Transient-Party,49.0,0,0
Resort Hotel,0,18,2016,October,43,16,2,2,2,0.0,0,BB,GBR,Offline TA/TO,TA/TO,0,0,0,A,C,1,No Deposit,243.0,0,Contract,46.0,0,1
Resort Hotel,0,52,2016,October,43,16,2,3,2,0.0,0,BB,IRL,Online TA,TA/TO,0,0,0,A,A,0,No Deposit,240.0,0,Transient,76.6,0,3
Resort Hotel,0,57,2016,October,43,16,2,3,2,0.0,0,BB,GBR,Online TA,TA/TO,0,0,0,D,D,0,No Deposit,240.0,0,Transient,68.0,0,2
Resort Hotel,0,176,2016,October,43,17,1,3,2,0.0,0,BB,GBR,Online TA,TA/TO,0,0,0,A,A,0,No Deposit,240.0,0,Transient,58.25,0,0
Resort Hotel,0,6,2016,October,43,17,1,3,2,0.0,0,BB,PRT,Online TA,TA/TO,0,0,0,D,E,0,No Deposit,242.0,0,Transient,70.0,1,2
Resort Hotel,0,1,2016,October,43,18,0,3,2,0.0,0,BB,PRT,Online TA,TA/TO,0,0,0,E,E,0,No Deposit,240.0,0,Transient,90.0,0,1
Resort Hotel,0,0,2017,January,2,14,0,1,2,0.0,0,BB,PRT,Direct,TA/TO,1,0,1,A,A,0,No Deposit,,0,Transient,44.0,0,1
Resort Hotel,0,0,2016,October,43,20,0,1,2,0.0,0,BB,PRT,Online TA,TA/TO,0,0,0,E,E,0,No Deposit,240.0,0,Transient,75.0,0,1
Resort Hotel,0,64,2016,October,43,17,1,3,2,0.0,0,HB,GBR,Online TA,TA/TO,0,0,0,A,A,0,No Deposit,241.0,0,Transient,73.76,1,1
Resort Hotel,0,71,2016,October,43,17,1,3,2,0.0,0,HB,POL,Online TA,TA/TO,0,0,0,D,D,0,No Deposit,240.0,0,Transient,98.0,0,2
Resort Hotel,0,6,2016,October,43,20,0,1,2,0.0,0,BB,BRA,Online TA,TA/TO,0,0,0,A,D,0,No Deposit,240.0,0,Transient,75.0,1,1
Resort Hotel,0,18,2016,October,43,17,1,3,2,0.0,0,BB,PRT,Online TA,TA/TO,0,0,0,D,D,0,No Deposit,240.0,0,Transient,81.0,1,0
Resort Hotel,0,240,2016,October,42,12,2,7,2,0.0,0,BB,GBR,Direct,Direct,0,0,0,F,F,0,No Deposit,,0,Transient,81.0,0,0
Resort Hotel,0,7,2016,October,43,17,1,3,2,0.0,0,BB,ESP,Online TA,TA/TO,0,0,0,D,E,0,No Deposit,240.0,0,Transient,88.0,1,0
Resort Hotel,0,26,2016,October,43,17,1,3,2,0.0,0,BB,GBR,Online TA,TA/TO,0,0,0,D,E,0,No Deposit,314.0,0,Transient,67.0,0,1
Resort Hotel,0,359,2016,October,41,7,4,10,2,0.0,0,BB,GBR,Groups,Corporate,0,0,0,A,D,5,No Deposit,,0,Transient-Party,66.0,0,0
Resort Hotel,0,214,2016,October,42,11,2,9,2,0.0,0,HB,AUT,Groups,Corporate,0,0,0,E,E,1,No Deposit,,0,Transient,81.0,0,1
Resort Hotel,0,1,2016,October,42,15,2,5,2,0.0,0,HB,AUT,Groups,Corporate,0,0,0,E,A,0,No Deposit,,0,Transient,54.43,0,1
Resort Hotel,0,72,2016,October,43,20,0,2,2,0.0,0,BB,PRT,Offline TA/TO,TA/TO,0,0,0,D,D,0,No Deposit,251.0,0,Transient,59.0,0,0
Resort Hotel,0,0,2016,October,43,21,0,1,2,0.0,0,BB,SWE,Online TA,TA/TO,0,0,0,E,E,0,No Deposit,240.0,0,Transient,75.0,0,2
Resort Hotel,0,124,2016,October,43,22,2,2,2,0.0,0,BB,SWE,Groups,TA/TO,0,0,0,E,E,2,No Deposit,,0,Transient-Party,75.0,1,2
Resort Hotel,0,43,2016,October,43,19,0,3,2,0.0,0,BB,PRT,Corporate,Corporate,0,0,0,D,D,0,No Deposit,,0,Transient-Party,60.0,0,0
Resort Hotel,0,43,2016,October,43,19,0,3,2,0.0,0,BB,PRT,Corporate,Corporate,0,0,0,D,D,0,No Deposit,,0,Transient-Party,60.0,0,0
Resort Hotel,0,0,2016,October,43,21,0,1,2,0.0,0,BB,SWE,Online TA,TA/TO,0,0,0,E,E,0,No Deposit,240.0,0,Transient,75.0,0,0
Resort Hotel,0,124,2016,October,43,22,2,2,2,0.0,0,BB,SWE,Groups,TA/TO,0,0,0,E,E,2,No Deposit,,0,Transient-Party,75.0,1,0
Resort Hotel,0,91,2016,October,43,16,2,4,2,0.0,0,BB,IRL,Online TA,TA/TO,0,0,0,A,A,0,No Deposit,240.0,0,Transient,60.0,0,1
Resort Hotel,0,1,2016,October,43,20,0,2,2,0.0,0,BB,PRT,Direct,Direct,0,0,0,E,E,0,No Deposit,250.0,0,Transient,91.0,0,0
Resort Hotel,0,1,2016,December,50,5,1,0,2,0.0,0,BB,PRT,Direct,Direct,1,0,1,A,D,1,No Deposit,,0,Group,66.0,1,1
Resort Hotel,0,77,2016,October,43,18,0,4,2,0.0,0,BB,PRT,Offline TA/TO,TA/TO,0,0,0,A,C,0,No Deposit,96.0,0,Transient,48.0,0,1
Resort Hotel,0,100,2016,October,43,19,0,3,2,0.0,0,BB,GBR,Online TA,TA/TO,0,0,0,D,D,0,No Deposit,240.0,0,Transient-Party,68.0,0,2
Resort Hotel,0,100,2016,October,43,19,0,3,2,0.0,0,BB,GBR,Online TA,TA/TO,0,0,0,D,D,0,No Deposit,240.0,0,Transient-Party,68.0,0,2
Resort Hotel,0,0,2016,October,43,21,0,1,2,0.0,0,BB,HUN,Online TA,TA/TO,0,0,0,E,E,0,No Deposit,241.0,0,Transient,60.87,0,1
Resort Hotel,0,15,2016,October,43,19,0,3,2,0.0,0,BB,PRT,Direct,Direct,0,0,0,D,D,0,No Deposit,,0,Transient,75.0,0,0
Resort Hotel,0,111,2016,October,43,18,0,4,2,0.0,0,BB,IRL,Online TA,TA/TO,0,0,0,D,D,0,No Deposit,147.0,0,Transient,57.76,0,0
Resort Hotel,0,14,2016,October,43,20,0,2,2,0.0,0,BB,GBR,Online TA,TA/TO,0,0,0,D,D,0,No Deposit,240.0,0,Transient,85.0,0,3
Resort Hotel,0,0,2016,October,43,21,0,1,2,0.0,0,BB,SWE,Online TA,TA/TO,0,0,0,D,I,0,No Deposit,241.0,0,Transient,52.36,0,1
Resort Hotel,0,11,2016,October,43,22,2,2,2,0.0,0,BB,SWE,Groups,Corporate,0,0,0,D,D,0,No Deposit,,0,Transient-Party,65.0,1,0
Resort Hotel,0,0,2016,October,43,22,0,1,2,0.0,0,BB,PRT,Direct,Direct,1,0,0,A,A,1,No Deposit,,0,Transient,70.0,0,0
Resort Hotel,0,163,2016,October,43,16,2,5,2,0.0,0,HB,DEU,Online TA,TA/TO,0,0,0,D,D,0,No Deposit,240.0,0,Transient-Party,102.43,0,2
Resort Hotel,0,150,2016,October,43,16,2,5,2,0.0,0,BB,GBR,Offline TA/TO,TA/TO,0,0,0,D,D,0,No Deposit,243.0,0,Contract,57.0,0,0
Resort Hotel,0,132,2016,October,43,16,2,5,2,0.0,0,HB,GBR,Offline TA/TO,TA/TO,0,0,0,E,E,0,No Deposit,40.0,0,Contract,95.0,0,0
Resort Hotel,0,132,2016,October,43,16,2,5,2,0.0,0,HB,PRT,Offline TA/TO,TA/TO,0,0,0,E,E,0,No Deposit,40.0,0,Contract,93.0,0,0
Resort Hotel,0,386,2016,October,43,20,0,3,2,0.0,0,BB,GBR,Groups,Corporate,0,0,0,A,D,1,No Deposit,,0,Transient-Party,49.0,0,0
Resort Hotel,0,386,2016,October,43,20,0,3,2,0.0,0,BB,GBR,Groups,Corporate,0,0,0,A,D,1,No Deposit,,0,Transient-Party,49.0,0,0
Resort Hotel,0,386,2016,October,43,20,0,3,2,0.0,0,BB,GBR,Groups,Corporate,0,0,0,A,D,1,No Deposit,,0,Transient-Party,49.0,0,0
Resort Hotel,0,386,2016,October,43,20,0,3,2,0.0,0,BB,GBR,Groups,Corporate,0,0,0,A,D,1,No Deposit,,0,Transient-Party,49.0,0,0
Resort Hotel,0,205,2016,October,42,9,4,10,2,0.0,0,BB,GBR,Offline TA/TO,TA/TO,0,0,0,A,A,1,No Deposit,243.0,0,Contract,39.4,0,0
Resort Hotel,0,386,2016,October,43,20,0,3,2,0.0,0,BB,GBR,Groups,Corporate,0,0,0,A,D,1,No Deposit,,0,Transient-Party,49.0,0,0
Resort Hotel,0,159,2016,October,43,22,0,1,2,0.0,0,HB,FRA,Online TA,TA/TO,0,0,0,D,H,0,No Deposit,240.0,0,Transient,101.0,0,1
Resort Hotel,0,386,2016,October,43,20,0,3,2,0.0,0,BB,GBR,Groups,Corporate,0,0,0,A,D,1,No Deposit,,0,Transient-Party,50.33,0,0
Resort Hotel,0,244,2016,October,43,16,2,5,2,0.0,0,HB,ESP,Online TA,TA/TO,0,0,0,E,E,0,No Deposit,240.0,0,Transient,120.0,0,1
Resort Hotel,0,25,2016,October,43,21,0,2,2,0.0,0,BB,ESP,Online TA,TA/TO,0,0,0,D,D,0,No Deposit,240.0,0,Transient,75.0,0,1
Resort Hotel,0,36,2016,October,43,20,0,3,2,0.0,0,BB,GBR,Groups,Corporate,0,0,0,E,E,1,No Deposit,,0,Transient-Party,64.0,0,1
Resort Hotel,0,0,2016,October,43,22,0,1,2,0.0,0,BB,DEU,Direct,Direct,0,0,0,F,F,0,No Deposit,,0,Transient,90.0,0,0
Resort Hotel,0,39,2016,October,44,23,1,0,2,0.0,0,BB,GBR,Offline TA/TO,Corporate,0,0,0,A,A,0,No Deposit,8.0,0,Transient,47.0,0,0
Resort Hotel,0,390,2016,October,44,24,1,0,2,0.0,0,BB,GBR,Groups,Corporate,0,0,1,A,A,3,No Deposit,,0,Transient-Party,49.0,0,0
Resort Hotel,0,9,2016,October,43,21,0,2,2,0.0,0,BB,GBR,Online TA,TA/TO,0,0,0,D,F,0,No Deposit,240.0,0,Transient,90.0,0,2
Resort Hotel,0,2,2016,October,43,22,0,1,2,0.0,0,BB,PRT,Online TA,TA/TO,0,0,0,A,C,0,No Deposit,240.0,0,Transient,75.0,0,1
Resort Hotel,0,3,2016,October,43,22,0,1,2,0.0,0,BB,PRT,Direct,Direct,0,0,0,A,D,3,No Deposit,250.0,0,Transient,140.0,0,2
Resort Hotel,0,255,2016,October,43,16,2,5,2,0.0,0,HB,GBR,Offline TA/TO,TA/TO,0,0,0,D,D,0,No Deposit,177.0,0,Transient,75.6,0,0
Resort Hotel,0,13,2016,October,43,21,0,2,2,0.0,0,HB,PRT,Online TA,TA/TO,0,0,0,D,D,0,No Deposit,240.0,0,Transient,120.0,0,1
Resort Hotel,0,15,2017,January,4,26,0,3,2,0.0,0,HB,PRT,Online TA,TA/TO,1,0,1,D,D,0,No Deposit,240.0,0,Transient-Party,88.0,0,2
Resort Hotel,0,53,2017,April,17,28,1,2,2,0.0,0,HB,PRT,Online TA,TA/TO,1,0,2,E,F,0,No Deposit,240.0,0,Transient,147.0,0,2
Resort Hotel,0,11,2017,June,24,14,0,4,2,0.0,0,HB,PRT,Online TA,TA/TO,1,0,3,E,E,0,No Deposit,240.0,0,Transient,216.0,1,2
Resort Hotel,0,15,2017,January,4,26,0,3,2,0.0,0,HB,PRT,Online TA,TA/TO,1,0,0,D,D,0,No Deposit,240.0,0,Transient-Party,88.0,0,2
Resort Hotel,0,5,2017,August,33,19,0,1,2,0.0,0,HB,PRT,Online TA,TA/TO,1,0,1,A,A,0,No Deposit,240.0,0,Transient,231.0,0,2
Resort Hotel,0,0,2017,August,34,20,1,0,2,0.0,0,BB,PRT,Online TA,TA/TO,1,0,1,A,A,0,No Deposit,240.0,0,Transient,174.0,0,2
Resort Hotel,0,386,2016,October,43,20,0,3,2,0.0,0,BB,GBR,Groups,Corporate,0,0,0,A,D,1,No Deposit,,0,Transient-Party,49.0,0,0
Resort Hotel,0,36,2016,October,43,20,0,3,2,0.0,0,BB,GBR,Groups,Corporate,0,0,0,A,A,1,No Deposit,,0,Transient-Party,49.0,0,0
Resort Hotel,0,39,2016,October,44,23,1,0,2,0.0,0,BB,GBR,Offline TA/TO,Corporate,0,0,0,A,A,0,No Deposit,327.0,0,Transient,46.0,0,1
Resort Hotel,0,36,2016,October,43,20,0,3,2,0.0,0,BB,GBR,Groups,Corporate,0,0,0,A,A,1,No Deposit,,0,Transient-Party,49.0,0,0
Resort Hotel,0,39,2016,October,44,23,1,0,2,0.0,0,BB,GBR,Offline TA/TO,Corporate,0,0,0,A,A,0,No Deposit,8.0,0,Transient,47.0,0,0
Resort Hotel,0,36,2016,October,43,20,0,3,2,0.0,0,BB,GBR,Groups,Corporate,0,0,0,A,I,2,No Deposit,,0,Transient-Party,55.0,0,0
Resort Hotel,0,39,2016,October,44,23,1,0,2,0.0,0,BB,GBR,Online TA,Corporate,0,0,0,D,A,0,No Deposit,241.0,0,Transient,57.75,0,1
Resort Hotel,0,9,2016,October,44,23,0,0,2,0.0,0,BB,PRT,Groups,Corporate,0,0,0,A,G,5,No Deposit,,0,Transient-Party,0.0,0,1
Resort Hotel,0,77,2016,October,43,17,2,5,2,0.0,0,BB,PRT,Direct,Direct,0,0,0,F,F,0,No Deposit,,0,Transient,9.71,0,0
Resort Hotel,0,386,2016,October,43,20,1,3,2,0.0,0,BB,GBR,Groups,Corporate,0,0,0,A,A,2,No Deposit,,0,Transient-Party,49.0,0,0
Resort Hotel,0,386,2016,October,43,20,1,3,2,0.0,0,BB,GBR,Groups,Corporate,0,0,0,A,A,0,No Deposit,,0,Transient-Party,55.0,0,1
Resort Hotel,0,386,2016,October,43,20,1,3,2,0.0,0,BB,GBR,Groups,Corporate,0,0,0,A,A,0,No Deposit,,0,Transient-Party,49.0,0,0
Resort Hotel,0,386,2016,October,43,20,1,3,2,0.0,0,BB,GBR,Groups,Corporate,0,0,0,A,A,2,No Deposit,,0,Transient-Party,49.0,0,0
Resort Hotel,0,386,2016,October,43,20,1,3,2,0.0,0,BB,GBR,Groups,Corporate,0,0,0,A,A,2,No Deposit,,0,Transient-Party,49.0,0,0
Resort Hotel,0,386,2016,October,43,20,1,3,2,0.0,0,BB,GBR,Groups,Corporate,0,0,0,A,A,0,No Deposit,,0,Transient-Party,55.0,0,0
Resort Hotel,0,386,2016,October,43,20,1,3,2,0.0,0,BB,GBR,Groups,Corporate,0,0,0,A,A,0,No Deposit,,0,Transient-Party,49.0,0,0
Resort Hotel,0,386,2016,October,43,20,1,3,2,0.0,0,BB,GBR,Groups,Corporate,0,0,0,A,A,2,No Deposit,,0,Transient-Party,49.0,0,0
Resort Hotel,0,386,2016,October,43,20,1,3,2,0.0,0,BB,GBR,Groups,Corporate,0,0,0,A,A,2,No Deposit,,0,Transient-Party,49.0,0,0
Resort Hotel,0,386,2016,October,43,20,1,3,2,0.0,0,BB,GBR,Groups,Corporate,0,0,0,A,A,0,No Deposit,,0,Transient-Party,55.0,0,0
Resort Hotel,0,386,2016,October,43,20,1,3,2,0.0,0,BB,GBR,Groups,Corporate,0,0,0,A,A,2,No Deposit,,0,Transient-Party,49.0,0,0
Resort Hotel,0,386,2016,October,43,20,1,3,2,0.0,0,BB,GBR,Groups,Corporate,0,0,0,A,A,2,No Deposit,,0,Transient-Party,49.0,0,0
Resort Hotel,0,386,2016,October,43,20,1,3,2,0.0,0,BB,GBR,Groups,Corporate,0,0,0,A,A,2,No Deposit,,0,Transient-Party,49.0,0,0
Resort Hotel,0,386,2016,October,43,20,1,3,2,0.0,0,BB,GBR,Groups,Corporate,0,0,0,A,A,0,No Deposit,,0,Transient-Party,49.0,0,0
Resort Hotel,0,386,2016,October,43,20,1,3,2,0.0,0,BB,GBR,Groups,Corporate,0,0,0,A,A,0,No Deposit,,0,Transient-Party,49.0,0,0
Resort Hotel,0,386,2016,October,43,20,1,3,2,0.0,0,BB,GBR,Groups,Corporate,0,0,0,A,A,0,No Deposit,,0,Transient-Party,49.0,0,0
Resort Hotel,0,386,2016,October,43,20,1,3,2,0.0,0,BB,GBR,Groups,Corporate,0,0,0,A,C,0,No Deposit,,0,Transient-Party,49.0,0,0
Resort Hotel,0,386,2016,October,43,20,1,3,2,0.0,0,BB,GBR,Groups,Corporate,0,0,0,A,A,0,No Deposit,,0,Transient-Party,49.0,0,0
Resort Hotel,0,61,2016,October,44,23,1,0,2,0.0,0,BB,PRT,Offline TA/TO,TA/TO,0,0,0,D,D,0,No Deposit,251.0,0,Transient,59.0,0,0
Resort Hotel,0,386,2016,October,43,20,1,3,2,0.0,0,BB,GBR,Groups,Corporate,0,0,0,A,A,0,No Deposit,,0,Transient-Party,49.0,0,0
Resort Hotel,0,62,2016,October,44,23,1,0,2,0.0,0,BB,DEU,Online TA,TA/TO,0,0,0,A,E,1,No Deposit,240.0,0,Transient,49.0,0,1
Resort Hotel,0,36,2016,October,43,20,1,3,2,0.0,0,BB,GBR,Groups,Corporate,0,0,0,A,A,3,No Deposit,,0,Transient-Party,49.0,0,0
Resort Hotel,0,36,2016,October,43,20,1,3,2,0.0,0,BB,GBR,Groups,Corporate,0,0,0,A,A,1,No Deposit,,0,Transient-Party,6.0,0,0
Resort Hotel,0,386,2016,October,43,20,1,3,2,0.0,0,BB,GBR,Groups,Corporate,0,0,0,A,A,0,No Deposit,,0,Transient-Party,49.0,0,0
Resort Hotel,0,173,2016,October,43,17,2,5,2,0.0,0,BB,GBR,Online TA,TA/TO,0,0,0,A,A,0,No Deposit,240.0,0,Transient-Party,58.71,0,1
Resort Hotel,0,173,2016,October,43,17,2,5,2,0.0,0,BB,GBR,Online TA,TA/TO,0,0,0,A,A,0,No Deposit,240.0,0,Transient-Party,57.0,0,1
Resort Hotel,0,385,2016,October,43,19,1,4,2,0.0,0,BB,GBR,Groups,Corporate,0,0,0,A,A,1,No Deposit,,0,Transient-Party,49.0,0,0
Resort Hotel,0,36,2016,October,43,20,1,3,2,0.0,0,BB,GBR,Groups,Corporate,0,0,0,A,H,1,No Deposit,,0,Transient-Party,6.0,1,0
Resort Hotel,0,386,2016,October,43,20,1,3,2,0.0,0,BB,GBR,Groups,Corporate,0,0,0,A,A,0,No Deposit,,0,Transient-Party,49.0,0,0
Resort Hotel,0,77,2016,October,43,17,2,5,2,0.0,0,BB,IRL,Direct,Direct,0,0,0,F,F,0,No Deposit,,0,Transient,10.0,0,0
Resort Hotel,0,134,2016,October,43,17,2,5,2,0.0,0,HB,DEU,Online TA,TA/TO,0,0,0,D,D,0,No Deposit,240.0,0,Transient,100.0,0,2
Resort Hotel,0,220,2016,October,43,17,2,5,2,0.0,0,HB,GBR,Offline TA/TO,TA/TO,0,0,0,D,D,0,No Deposit,243.0,0,Contract,72.75,0,0
Resort Hotel,0,111,2016,October,43,21,1,2,2,0.0,0,BB,IRL,Online TA,TA/TO,0,0,0,A,A,0,No Deposit,240.0,0,Transient,83.0,0,1
Resort Hotel,0,189,2016,October,43,21,1,2,2,0.0,0,BB,IRL,Online TA,TA/TO,0,0,0,D,D,0,No Deposit,147.0,0,Transient,53.57,0,1
Resort Hotel,0,386,2016,October,43,20,1,3,2,0.0,0,BB,GBR,Groups,Corporate,0,0,0,A,A,0,No Deposit,,0,Transient-Party,55.0,0,0
Resort Hotel,0,386,2016,October,43,20,1,3,2,0.0,0,BB,GBR,Groups,Corporate,0,0,0,A,A,2,No Deposit,,0,Transient-Party,50.5,0,0
Resort Hotel,0,386,2016,October,43,20,1,3,2,0.0,0,BB,GBR,Groups,Corporate,0,0,0,A,A,2,No Deposit,,0,Transient-Party,49.0,0,0
Resort Hotel,0,386,2016,October,43,20,1,3,2,0.0,0,BB,GBR,Groups,Corporate,0,0,0,A,A,0,No Deposit,,0,Transient-Party,51.0,0,0
Resort Hotel,0,222,2016,October,43,17,2,5,2,0.0,0,BB,GBR,Online TA,TA/TO,0,0,0,A,I,1,No Deposit,240.0,0,Transient,64.0,0,2
Resort Hotel,0,221,2016,October,44,24,1,3,2,0.0,0,BB,GBR,Online TA,TA/TO,0,0,0,A,A,0,No Deposit,240.0,0,Transient,45.2,0,2
Resort Hotel,0,95,2016,October,44,25,0,3,2,0.0,0,BB,GBR,Offline TA/TO,TA/TO,0,0,0,D,D,0,No Deposit,436.0,0,Transient,58.0,0,3
Resort Hotel,0,180,2016,October,43,18,2,5,2,0.0,0,BB,GBR,Offline TA/TO,TA/TO,0,0,0,E,E,0,No Deposit,40.0,0,Transient,62.3,0,1
Resort Hotel,0,386,2016,October,43,20,2,3,2,0.0,0,BB,GBR,Groups,Corporate,0,0,0,A,A,2,No Deposit,,0,Transient-Party,49.0,0,0
Resort Hotel,0,386,2016,October,43,20,2,3,2,0.0,0,BB,GBR,Groups,Corporate,0,0,0,A,A,1,No Deposit,,0,Transient-Party,50.6,0,0
Resort Hotel,0,66,2016,October,43,21,2,2,2,0.0,0,HB,BRA,Online TA,TA/TO,0,0,0,A,A,0,No Deposit,241.0,0,Transient,75.76,1,1
Resort Hotel,0,386,2016,October,43,20,2,3,2,0.0,0,BB,GBR,Groups,Corporate,0,0,0,A,A,2,No Deposit,,0,Transient-Party,55.0,0,0
Resort Hotel,0,3,2016,October,44,24,1,0,2,0.0,0,BB,PRT,Corporate,Corporate,0,0,0,A,A,0,No Deposit,,0,Transient,50.0,0,0
Resort Hotel,0,92,2016,October,44,23,2,0,2,0.0,0,BB,IRL,Direct,Direct,0,0,0,D,D,1,No Deposit,250.0,0,Transient,71.2,0,2
Resort Hotel,0,0,2016,October,43,22,2,1,2,0.0,0,BB,ESP,Direct,Direct,0,0,0,E,E,1,No Deposit,,0,Transient,89.0,0,0
Resort Hotel,0,169,2016,October,43,21,2,2,2,0.0,0,BB,IRL,Online TA,TA/TO,0,0,0,D,D,2,No Deposit,240.0,0,Transient,63.5,0,1
Resort Hotel,0,7,2016,October,44,24,1,0,2,0.0,0,BB,PRT,Online TA,TA/TO,0,0,0,D,F,0,No Deposit,241.0,0,Transient,52.36,1,1
Resort Hotel,0,386,2016,October,43,20,2,3,2,0.0,0,BB,GBR,Groups,Corporate,0,0,0,A,A,1,No Deposit,,0,Transient-Party,55.0,0,0
Resort Hotel,0,0,2017,March,10,9,0,1,2,0.0,0,BB,CHN,Online TA,TA/TO,1,0,1,D,D,0,No Deposit,240.0,0,Transient,75.0,0,1
Resort Hotel,0,0,2017,April,16,21,0,1,2,0.0,0,BB,CHN,Online TA,TA/TO,1,0,2,A,D,0,No Deposit,240.0,0,Transient,63.75,0,1
Resort Hotel,0,161,2016,October,43,18,2,5,2,0.0,0,BB,IRL,Online TA,TA/TO,0,0,0,E,E,0,No Deposit,314.0,0,Transient-Party,60.46,0,0
Resort Hotel,0,0,2016,October,44,24,1,0,2,0.0,0,BB,PRT,Online TA,TA/TO,0,0,0,A,A,0,No Deposit,240.0,0,Transient,60.0,0,0
Resort Hotel,0,0,2016,October,44,24,1,0,2,0.0,0,BB,ROU,Direct,Direct,0,0,0,F,F,0,No Deposit,,0,Transient,75.0,0,0
Resort Hotel,0,124,2016,October,43,22,2,1,2,0.0,0,BB,SWE,Groups,Corporate,0,0,0,G,G,1,No Deposit,,0,Transient-Party,115.0,1,0
Resort Hotel,0,124,2016,October,43,22,2,1,2,0.0,0,BB,SWE,Groups,Corporate,0,0,0,E,E,2,No Deposit,,0,Transient-Party,75.0,1,0
Resort Hotel,0,80,2016,October,43,22,2,1,2,0.0,0,BB,SWE,Groups,Corporate,0,0,0,G,G,0,No Deposit,,0,Transient-Party,115.0,1,0
Resort Hotel,0,123,2016,October,43,21,2,3,2,0.0,0,BB,SWE,Groups,Corporate,0,0,0,E,E,3,No Deposit,,0,Transient-Party,75.0,1,0
Resort Hotel,0,123,2016,October,43,21,2,3,2,0.0,0,BB,SWE,Groups,Corporate,0,0,0,E,E,4,No Deposit,,0,Transient-Party,75.0,1,0
Resort Hotel,0,123,2016,October,43,21,2,3,2,0.0,0,BB,SWE,Groups,Corporate,0,0,0,E,E,3,No Deposit,,0,Transient-Party,75.0,1,1
Resort Hotel,0,123,2016,October,43,21,2,3,2,0.0,0,BB,SWE,Groups,Corporate,0,0,0,G,G,2,No Deposit,,0,Transient-Party,115.0,0,0
Resort Hotel,0,122,2016,October,43,20,2,4,2,0.0,0,BB,SWE,Groups,Corporate,0,0,0,E,E,3,No Deposit,,0,Transient-Party,75.0,1,0
Resort Hotel,0,13,2016,October,44,24,1,1,2,0.0,0,BB,SWE,Groups,Corporate,0,0,0,D,D,1,No Deposit,,0,Transient-Party,67.0,1,0
Resort Hotel,0,37,2016,October,44,25,0,1,2,0.0,0,BB,FRA,Online TA,TA/TO,0,0,0,A,A,0,No Deposit,240.0,0,Transient-Party,60.0,1,2
Resort Hotel,0,23,2016,October,44,24,1,1,2,0.0,0,BB,ROU,Online TA,TA/TO,0,0,0,A,A,0,No Deposit,240.0,0,Transient-Party,60.0,1,2
Resort Hotel,0,124,2016,October,43,22,2,2,2,0.0,0,BB,SWE,Groups,Corporate,0,0,0,E,E,2,No Deposit,,0,Transient-Party,75.0,1,0
Resort Hotel,0,12,2016,October,44,23,2,1,2,0.0,0,BB,SWE,Groups,Corporate,0,0,0,D,D,1,No Deposit,,0,Transient-Party,65.0,1,0
Resort Hotel,0,124,2016,October,43,22,2,2,2,0.0,0,BB,SWE,Groups,Corporate,0,0,0,E,E,1,No Deposit,,0,Transient-Party,75.0,1,0
Resort Hotel,0,124,2016,October,43,22,2,2,2,0.0,0,BB,SWE,Groups,Corporate,0,0,0,E,E,2,No Deposit,,0,Transient-Party,75.0,1,0
Resort Hotel,0,124,2016,October,43,22,2,2,2,0.0,0,BB,SWE,Groups,Corporate,0,0,0,E,E,1,No Deposit,,0,Transient-Party,75.0,1,0
Resort Hotel,0,124,2016,October,43,22,2,2,2,0.0,0,BB,SWE,Groups,Corporate,0,0,0,F,F,1,No Deposit,,0,Transient-Party,95.0,1,0
Resort Hotel,0,123,2016,October,43,21,2,3,2,0.0,0,BB,SWE,Groups,Corporate,0,0,0,F,F,3,No Deposit,,0,Transient-Party,95.0,1,0
Resort Hotel,0,11,2016,October,43,22,2,2,2,0.0,0,BB,SWE,Groups,Corporate,0,0,0,D,D,0,No Deposit,,0,Transient-Party,65.0,1,0
Resort Hotel,0,11,2016,October,43,22,2,2,2,0.0,0,BB,SWE,Groups,Corporate,0,0,0,G,G,0,No Deposit,,0,Transient-Party,115.0,1,0
Resort Hotel,0,166,2016,October,43,19,2,5,2,0.0,0,HB,DEU,Online TA,TA/TO,0,0,0,D,D,0,No Deposit,240.0,0,Transient,98.14,0,2
Resort Hotel,0,163,2016,October,43,16,4,6,2,0.0,0,HB,NLD,Online TA,TA/TO,0,0,0,D,D,0,No Deposit,240.0,0,Transient-Party,99.3,0,2
Resort Hotel,0,24,2016,October,44,24,1,1,2,0.0,0,BB,BRA,Online TA,TA/TO,0,0,0,A,A,0,No Deposit,240.0,0,Transient,60.0,0,1
Resort Hotel,0,131,2016,October,43,22,2,2,2,0.0,0,HB,GBR,Offline TA/TO,TA/TO,0,0,0,E,E,0,No Deposit,336.0,0,Transient,96.0,0,0
Resort Hotel,0,23,2016,October,44,24,1,1,2,0.0,0,BB,ROU,Online TA,TA/TO,0,0,0,D,D,0,No Deposit,240.0,0,Transient-Party,78.0,0,2
Resort Hotel,0,123,2016,October,43,21,2,3,2,0.0,0,BB,SWE,Groups,Corporate,0,0,0,F,F,3,No Deposit,,0,Transient-Party,95.0,1,0
Resort Hotel,0,37,2016,October,44,25,0,1,2,0.0,0,BB,FRA,Online TA,TA/TO,0,0,0,A,A,0,No Deposit,240.0,0,Transient-Party,60.0,0,2
Resort Hotel,0,123,2016,October,43,21,2,4,2,0.0,0,BB,SWE,Groups,Corporate,0,0,0,G,G,3,No Deposit,,0,Transient,115.0,1,0
Resort Hotel,0,66,2016,October,43,18,2,7,2,0.0,0,HB,IRL,Online TA,TA/TO,0,0,0,A,C,0,No Deposit,242.0,0,Transient,89.78,0,1
Resort Hotel,0,66,2016,October,43,18,2,7,2,0.0,0,HB,IRL,Online TA,TA/TO,0,0,0,A,C,0,No Deposit,242.0,0,Transient,89.78,0,1
Resort Hotel,0,156,2016,October,43,20,2,5,2,0.0,0,HB,IRL,Online TA,TA/TO,0,0,0,E,E,2,No Deposit,240.0,0,Transient-Party,104.71,0,0
Resort Hotel,0,176,2016,October,43,19,2,6,2,0.0,0,HB,IRL,Offline TA/TO,TA/TO,0,0,0,A,C,0,No Deposit,177.0,0,Transient,72.0,0,0
Resort Hotel,0,103,2016,October,44,23,2,2,2,0.0,0,BB,GBR,Offline TA/TO,TA/TO,0,0,0,D,D,0,No Deposit,243.0,0,Contract,55.0,0,0
Resort Hotel,0,216,2016,October,42,13,4,10,2,0.0,0,BB,GBR,Offline TA/TO,TA/TO,0,0,0,D,D,1,No Deposit,243.0,0,Contract,48.75,0,0
Resort Hotel,0,63,2016,October,44,23,2,2,2,0.0,0,BB,GBR,Online TA,TA/TO,0,0,0,A,C,0,No Deposit,241.0,0,Transient,42.43,0,1
Resort Hotel,0,216,2016,October,42,13,4,10,2,0.0,0,HB,GBR,Offline TA/TO,TA/TO,0,0,0,A,A,0,No Deposit,243.0,0,Transient,63.4,0,0
Resort Hotel,0,22,2016,October,44,25,0,2,2,0.0,0,BB,SWE,Direct,Direct,0,0,0,D,E,3,No Deposit,250.0,0,Transient,75.0,1,0
Resort Hotel,0,29,2016,October,44,25,0,2,2,0.0,0,BB,ESP,Online TA,TA/TO,0,0,0,A,A,0,No Deposit,240.0,0,Transient,60.0,0,1
Resort Hotel,0,0,2016,October,44,25,0,2,2,0.0,0,BB,PRT,Offline TA/TO,TA/TO,0,0,0,A,E,0,No Deposit,6.0,0,Transient,48.0,0,0
Resort Hotel,0,42,2016,October,44,23,2,2,2,0.0,0,HB,GBR,Online TA,TA/TO,0,0,0,A,D,0,No Deposit,240.0,0,Transient,88.0,0,2
Resort Hotel,0,6,2016,October,44,26,0,1,2,0.0,0,BB,PRT,Offline TA/TO,TA/TO,0,0,0,A,A,0,No Deposit,177.0,0,Transient,46.0,0,2
Resort Hotel,0,6,2016,October,44,26,0,1,2,0.0,0,BB,PRT,Offline TA/TO,TA/TO,0,0,0,A,A,0,No Deposit,177.0,0,Transient,46.0,0,2
Resort Hotel,0,11,2016,October,44,25,0,2,2,0.0,0,BB,PRT,Corporate,Corporate,0,0,0,A,A,0,No Deposit,,0,Transient-Party,54.9,0,0
Resort Hotel,0,85,2016,October,44,25,0,2,2,0.0,0,BB,FIN,Online TA,TA/TO,0,0,0,F,F,0,No Deposit,242.0,0,Transient,88.0,0,1
Resort Hotel,0,85,2016,October,44,25,0,2,2,0.0,0,BB,FIN,Online TA,TA/TO,0,0,0,F,F,0,No Deposit,242.0,0,Transient,94.0,0,1
Resort Hotel,0,129,2016,October,44,23,2,2,2,0.0,0,HB,CN,Online TA,TA/TO,0,0,0,A,A,1,No Deposit,314.0,0,Transient,76.4,0,0
Resort Hotel,0,18,2016,October,44,24,1,2,2,0.0,0,BB,CN,Online TA,TA/TO,0,0,0,A,A,0,No Deposit,241.0,0,Transient,50.05,0,1
Resort Hotel,0,72,2016,October,44,23,2,2,2,0.0,0,BB,CN,Offline TA/TO,TA/TO,0,0,0,A,D,0,No Deposit,96.0,0,Transient,48.0,0,0
Resort Hotel,0,190,2016,October,44,24,1,2,2,0.0,0,BB,GBR,Direct,Direct,0,0,0,E,E,0,No Deposit,250.0,0,Transient-Party,61.2,0,0
Resort Hotel,0,190,2016,October,44,24,1,2,2,0.0,0,BB,GBR,Direct,Direct,0,0,0,E,E,0,No Deposit,250.0,0,Transient-Party,61.2,0,0
Resort Hotel,0,18,2016,October,43,21,2,4,2,0.0,0,BB,CHE,Online TA,TA/TO,0,0,0,D,D,0,No Deposit,240.0,0,Transient,100.5,1,1
Resort Hotel,0,49,2016,October,44,26,0,1,2,0.0,0,BB,ESP,Online TA,TA/TO,0,0,0,D,E,1,No Deposit,240.0,0,Transient-Party,81.5,0,0
Resort Hotel,0,4,2016,October,44,26,0,1,2,0.0,0,BB,ESP,Online TA,TA/TO,0,0,0,D,E,0,No Deposit,240.0,0,Transient-Party,81.5,0,0
Resort Hotel,0,38,2016,October,44,23,2,2,2,0.0,0,HB,FRA,Offline TA/TO,TA/TO,0,0,0,A,D,0,No Deposit,6.0,0,Transient,63.4,0,0
Resort Hotel,0,58,2016,October,44,23,2,2,2,0.0,0,BB,CN,Offline TA/TO,TA/TO,0,0,0,A,D,0,No Deposit,96.0,0,Transient,46.0,0,0
Resort Hotel,0,0,2016,October,44,23,2,2,2,0.0,0,BB,CN,Offline TA/TO,TA/TO,0,0,0,A,D,1,No Deposit,96.0,0,Transient,48.0,0,0
Resort Hotel,0,34,2016,October,44,27,0,0,2,0.0,0,BB,PRT,Offline TA/TO,TA/TO,0,0,0,A,I,0,No Deposit,6.0,0,Transient,0.0,0,0
Resort Hotel,0,166,2016,October,43,20,2,5,2,0.0,0,BB,IRL,Online TA,TA/TO,0,0,0,A,A,0,No Deposit,240.0,0,Transient-Party,52.71,0,3
Resort Hotel,0,166,2016,October,43,20,2,5,2,0.0,0,BB,IRL,Online TA,TA/TO,0,0,0,A,A,0,No Deposit,240.0,0,Transient-Party,52.71,0,3
Resort Hotel,0,0,2016,October,44,26,0,1,2,0.0,0,BB,PRT,Direct,Direct,0,0,0,A,D,0,No Deposit,,0,Transient,63.0,1,1
Resort Hotel,0,281,2016,October,43,22,2,3,2,0.0,0,BB,GBR,Offline TA/TO,TA/TO,0,0,0,A,A,0,No Deposit,26.0,0,Transient,41.33,0,0
Resort Hotel,0,34,2016,October,44,27,0,0,2,0.0,0,BB,PRT,Offline TA/TO,TA/TO,0,0,0,A,I,0,No Deposit,6.0,0,Transient,0.0,0,0
Resort Hotel,0,39,2016,October,44,27,0,0,2,0.0,0,BB,PRT,Online TA,TA/TO,0,0,0,E,I,0,No Deposit,240.0,0,Transient,0.0,0,1
Resort Hotel,0,31,2016,October,44,28,0,2,2,0.0,0,BB,PRT,Offline TA/TO,TA/TO,0,0,0,A,A,0,No Deposit,8.0,0,Transient,47.0,0,0
Resort Hotel,0,0,2016,October,44,26,0,2,2,0.0,0,BB,USA,Online TA,TA/TO,0,0,0,A,C,0,No Deposit,306.0,0,Transient,50.18,0,0
Resort Hotel,0,38,2016,October,44,24,1,3,2,0.0,0,HB,FRA,Offline TA/TO,TA/TO,0,0,0,A,D,0,No Deposit,6.0,0,Transient,63.4,0,0
Resort Hotel,0,4,2016,October,44,24,1,3,2,0.0,0,BB,PRT,Offline TA/TO,TA/TO,0,0,0,A,A,0,No Deposit,6.0,0,Transient,46.0,0,1
Resort Hotel,0,116,2016,October,44,23,2,3,2,0.0,0,BB,GBR,Online TA,TA/TO,0,0,0,D,D,0,No Deposit,240.0,0,Transient-Party,68.0,0,1
Resort Hotel,0,116,2016,October,44,23,2,3,2,0.0,0,BB,GBR,Online TA,TA/TO,0,0,0,D,D,0,No Deposit,240.0,0,Transient-Party,70.0,0,1
Resort Hotel,0,323,2016,October,44,23,2,3,2,0.0,0,BB,GBR,Online TA,TA/TO,0,0,0,A,D,0,No Deposit,241.0,0,Transient,40.19,0,2
Resort Hotel,0,323,2016,October,44,23,2,3,2,0.0,0,BB,GBR,Online TA,TA/TO,0,0,0,A,D,0,No Deposit,241.0,0,Transient,40.19,0,2
Resort Hotel,0,8,2016,October,44,25,0,3,2,0.0,0,BB,NLD,Online TA,TA/TO,0,0,0,A,A,0,No Deposit,240.0,0,Transient,81.0,0,2
Resort Hotel,0,20,2016,October,44,26,0,2,2,0.0,0,BB,PRT,Offline TA/TO,TA/TO,0,0,0,A,A,0,No Deposit,10.0,0,Transient,41.4,0,0
Resort Hotel,0,121,2016,October,44,25,0,3,2,0.0,0,BB,GBR,Direct,Direct,0,0,0,A,A,4,No Deposit,250.0,0,Transient,95.53,0,2
Resort Hotel,0,2,2016,December,52,23,0,1,2,0.0,0,BB,GBR,Offline TA/TO,TA/TO,1,0,1,E,E,0,No Deposit,171.0,0,Transient,50.0,0,0
Resort Hotel,0,362,2016,December,52,24,1,1,2,0.0,0,HB,GBR,Offline TA/TO,TA/TO,0,0,1,E,E,2,No Deposit,57.0,0,Contract,80.0,0,1
Resort Hotel,0,60,2016,December,53,26,1,0,2,0.0,0,BB,GBR,Online TA,TA/TO,0,0,2,E,E,0,No Deposit,241.0,0,Transient,43.65,0,1
Resort Hotel,0,151,2017,May,22,29,1,2,2,0.0,0,BB,GBR,Offline TA/TO,TA/TO,1,0,4,D,D,0,No Deposit,95.0,0,Transient,70.2,0,2
Resort Hotel,0,2,2017,June,22,1,0,1,2,0.0,0,BB,GBR,Direct,Direct,1,0,4,D,D,0,No Deposit,,0,Transient,100.0,0,1
Resort Hotel,0,240,2016,October,43,21,2,5,2,0.0,0,HB,GBR,Offline TA/TO,TA/TO,0,0,0,E,E,0,No Deposit,2.0,0,Contract,84.95,1,2
Resort Hotel,0,17,2016,October,44,24,1,3,2,0.0,0,BB,IRL,Online TA,TA/TO,0,0,0,A,A,1,No Deposit,240.0,0,Transient,65.0,0,2
Resort Hotel,0,0,2016,October,44,28,0,1,2,0.0,0,BB,IRL,Direct,Direct,1,0,0,D,D,0,No Deposit,,0,Transient,78.0,0,1
Resort Hotel,0,76,2016,October,44,23,2,3,2,0.0,0,BB,ESP,Online TA,TA/TO,0,0,0,A,C,1,No Deposit,240.0,0,Transient,58.0,0,2
Resort Hotel,0,240,2016,October,43,21,2,5,2,0.0,0,HB,GBR,Offline TA/TO,TA/TO,0,0,0,D,E,0,No Deposit,2.0,0,Contract,74.75,0,2
Resort Hotel,0,0,2016,October,44,27,0,1,2,0.0,0,BB,CZE,Online TA,TA/TO,0,0,0,E,E,0,No Deposit,240.0,0,Transient,96.0,1,1
Resort Hotel,0,66,2016,October,44,24,1,3,2,0.0,0,BB,CN,Offline TA/TO,TA/TO,0,0,0,A,A,0,No Deposit,96.0,0,Transient,48.0,0,1
Resort Hotel,0,39,2016,October,44,24,1,3,2,0.0,0,BB,CN,Offline TA/TO,TA/TO,0,0,0,A,A,0,No Deposit,96.0,0,Transient,46.0,0,2
Resort Hotel,0,223,2016,October,43,21,2,5,2,0.0,0,BB,PRT,Online TA,TA/TO,0,0,0,E,F,0,No Deposit,240.0,0,Transient,66.6,0,2
Resort Hotel,0,240,2016,October,43,21,2,5,2,0.0,0,HB,IRL,Offline TA/TO,TA/TO,0,0,0,E,E,0,No Deposit,2.0,0,Contract,90.95,0,2
Resort Hotel,0,21,2016,October,44,27,0,1,2,0.0,0,BB,CHN,Online TA,TA/TO,0,0,0,F,F,0,No Deposit,242.0,0,Transient,105.75,1,2
Resort Hotel,0,5,2016,October,44,26,0,2,2,0.0,0,BB,ESP,Online TA,TA/TO,0,0,0,A,A,0,No Deposit,240.0,0,Transient,73.5,1,1
Resort Hotel,0,1,2016,October,44,29,2,5,2,0.0,0,BB,DEU,Online TA,TA/TO,0,0,0,A,A,1,No Deposit,,0,Transient,42.86,0,3
Resort Hotel,0,156,2016,October,43,22,2,5,2,0.0,0,BB,GBR,Offline TA/TO,TA/TO,0,0,0,D,D,0,No Deposit,143.0,0,Contract,55.0,0,0
Resort Hotel,0,0,2016,October,44,23,2,4,2,0.0,0,BB,CN,Offline TA/TO,TA/TO,0,0,0,A,A,0,No Deposit,96.0,0,Group,46.0,0,1
Resort Hotel,0,0,2016,October,44,23,2,4,2,0.0,0,BB,CN,Offline TA/TO,TA/TO,0,0,0,A,A,0,No Deposit,96.0,0,Group,46.0,0,1
Resort Hotel,0,0,2016,October,44,23,2,4,2,0.0,0,BB,CN,Offline TA/TO,TA/TO,0,0,0,A,A,0,No Deposit,96.0,0,Group,46.0,0,1
Resort Hotel,0,10,2016,October,44,26,0,3,2,0.0,0,HB,ESP,Online TA,TA/TO,0,0,0,A,A,0,No Deposit,240.0,0,Transient,111.0,1,1
Resort Hotel,0,64,2016,October,44,25,0,4,2,0.0,0,BB,DEU,Online TA,TA/TO,0,0,0,A,A,0,No Deposit,240.0,0,Transient,58.0,0,1
Resort Hotel,0,208,2016,October,43,22,2,5,2,0.0,0,BB,GBR,Offline TA/TO,TA/TO,0,0,0,D,D,0,No Deposit,143.0,0,Transient,49.5,0,0
Resort Hotel,0,3,2016,October,44,28,0,1,2,0.0,0,BB,PRT,Direct,Direct,0,0,0,A,A,0,No Deposit,,0,Transient,57.0,0,0
Resort Hotel,0,194,2016,October,43,22,2,5,2,0.0,0,HB,GBR,Offline TA/TO,TA/TO,0,0,0,D,D,1,No Deposit,430.0,0,Transient,82.28,0,0
Resort Hotel,0,0,2016,October,44,27,0,2,2,0.0,0,BB,FRA,Online TA,TA/TO,0,0,0,A,A,0,No Deposit,240.0,0,Transient,75.0,0,0
Resort Hotel,0,8,2016,October,44,26,0,3,2,0.0,0,BB,ESP,Online TA,TA/TO,0,0,0,A,A,0,No Deposit,240.0,0,Transient,70.0,0,1
Resort Hotel,0,1,2016,October,44,27,0,2,2,0.0,0,BB,CN,Online TA,TA/TO,0,0,0,E,E,0,No Deposit,240.0,0,Transient,90.0,0,1
Resort Hotel,0,0,2016,October,44,29,0,1,2,0.0,0,BB,CN,Direct,Direct,1,0,0,C,C,0,No Deposit,,0,Transient,75.0,0,1
Resort Hotel,0,93,2016,October,43,22,2,5,2,0.0,0,BB,GBR,Online TA,TA/TO,0,0,0,D,D,0,No Deposit,240.0,0,Transient,69.71,0,2
Resort Hotel,0,115,2016,October,44,23,2,4,2,0.0,0,BB,IRL,Online TA,TA/TO,0,0,0,A,A,0,No Deposit,240.0,0,Transient-Party,49.0,0,1
Resort Hotel,0,18,2016,October,44,24,1,4,2,0.0,0,BB,IRL,Offline TA/TO,TA/TO,0,0,0,A,A,0,No Deposit,177.0,0,Transient,46.0,0,0
Resort Hotel,0,115,2016,October,44,23,2,4,2,0.0,0,BB,IRL,Online TA,TA/TO,0,0,0,A,A,0,No Deposit,240.0,0,Transient-Party,60.0,0,1
Resort Hotel,0,28,2016,October,44,26,0,3,2,0.0,0,BB,ESP,Offline TA/TO,TA/TO,0,0,0,A,A,0,No Deposit,6.0,0,Transient,46.0,0,0
Resort Hotel,0,255,2016,October,43,22,2,5,2,0.0,0,HB,GBR,Offline TA/TO,TA/TO,0,0,0,D,D,1,No Deposit,143.0,0,Transient,74.61,0,1
Resort Hotel,0,29,2016,October,44,26,0,3,2,0.0,0,HB,AUT,Offline TA/TO,TA/TO,0,0,0,A,A,0,No Deposit,177.0,0,Transient,72.0,0,0
Resort Hotel,0,27,2016,October,44,28,0,1,2,0.0,0,BB,PRT,Online TA,TA/TO,0,0,0,A,E,1,No Deposit,240.0,0,Transient,95.0,0,2
Resort Hotel,0,255,2016,October,43,22,2,5,2,0.0,0,HB,GBR,Offline TA/TO,TA/TO,0,0,0,D,D,1,No Deposit,143.0,0,Transient,74.9,0,1
Resort Hotel,0,0,2016,October,44,28,0,1,2,0.0,0,BB,ESP,Direct,Direct,0,0,0,D,D,0,No Deposit,,0,Transient,68.0,0,0
Resort Hotel,0,290,2016,October,44,23,2,4,2,0.0,0,HB,GBR,Online TA,TA/TO,0,0,0,F,F,0,No Deposit,242.0,0,Transient,117.0,0,1
Resort Hotel,0,216,2016,October,44,23,2,4,2,0.0,0,HB,GBR,Online TA,TA/TO,0,0,0,D,D,1,No Deposit,314.0,0,Transient,41.76,0,0
Resort Hotel,0,10,2016,October,44,26,0,3,2,0.0,0,BB,GBR,Online TA,TA/TO,0,0,0,A,A,0,No Deposit,240.0,0,Transient-Party,75.0,0,1
Resort Hotel,0,10,2016,October,44,26,0,3,2,0.0,0,BB,GBR,Online TA,TA/TO,0,0,0,A,A,0,No Deposit,240.0,0,Transient-Party,75.0,0,1
Resort Hotel,0,255,2016,October,43,22,2,5,2,0.0,0,HB,GBR,Offline TA/TO,TA/TO,0,0,0,D,D,1,No Deposit,143.0,0,Transient,74.9,0,1
Resort Hotel,0,37,2016,October,44,26,0,3,2,0.0,0,BB,GBR,Direct,Direct,0,0,0,D,E,0,No Deposit,250.0,0,Transient,70.0,0,0
Resort Hotel,0,47,2016,October,44,25,0,4,2,0.0,0,BB,PRT,Offline TA/TO,TA/TO,0,0,0,A,A,0,No Deposit,96.0,0,Transient,48.0,0,0
Resort Hotel,0,56,2016,October,44,25,0,4,2,0.0,0,BB,PRT,Offline TA/TO,TA/TO,0,0,0,A,A,0,No Deposit,96.0,0,Transient,47.5,0,0
Resort Hotel,0,1,2016,October,44,27,0,2,2,0.0,0,BB,IRL,Direct,Direct,0,0,0,A,A,0,No Deposit,250.0,0,Transient,70.0,0,0
Resort Hotel,0,0,2016,November,45,5,0,1,2,0.0,0,BB,PRT,Direct,Direct,1,0,1,A,D,1,No Deposit,,0,Transient,78.0,0,0
Resort Hotel,0,0,2016,November,46,7,1,1,2,0.0,0,BB,PRT,Direct,Direct,1,0,2,D,D,0,No Deposit,,0,Transient,78.0,0,0
Resort Hotel,0,8,2016,October,44,26,0,3,2,0.0,0,BB,PRT,Direct,Direct,0,0,0,E,I,1,No Deposit,,0,Transient,92.5,1,1
Resort Hotel,0,2,2016,October,44,29,0,1,2,0.0,0,BB,PRT,Direct,Direct,0,0,0,E,I,0,No Deposit,,0,Transient,85.0,1,1
Resort Hotel,0,12,2016,October,45,30,2,0,2,0.0,0,BB,PRT,Direct,Direct,0,0,1,E,E,0,No Deposit,,0,Transient,92.5,1,1
Resort Hotel,0,82,2016,October,44,25,0,4,2,0.0,0,BB,CN,Offline TA/TO,TA/TO,0,0,0,A,A,0,No Deposit,96.0,0,Transient,46.0,0,0
Resort Hotel,0,0,2016,October,44,28,0,1,2,0.0,0,BB,PRT,Direct,Direct,0,0,0,E,E,0,No Deposit,250.0,0,Transient,85.0,0,0
Resort Hotel,0,43,2016,October,44,29,0,0,2,0.0,0,BB,PRT,Online TA,TA/TO,0,0,0,A,A,0,No Deposit,240.0,0,Transient,0.0,0,0
Resort Hotel,0,39,2016,October,44,29,0,0,2,0.0,0,BB,PRT,Offline TA/TO,TA/TO,0,0,0,A,I,0,No Deposit,6.0,0,Transient,0.0,0,0
Resort Hotel,0,118,2016,October,44,23,2,5,2,0.0,0,BB,NLD,Direct,Direct,0,0,0,F,F,0,No Deposit,,0,Transient-Party,79.2,0,1
Resort Hotel,0,38,2016,October,44,28,0,2,2,0.0,0,BB,NLD,Corporate,Corporate,0,0,0,F,F,2,No Deposit,,0,Transient,51.0,1,0
Resort Hotel,0,0,2017,January,3,16,1,1,2,0.0,0,BB,NLD,Corporate,Corporate,1,0,1,A,G,2,No Deposit,,0,Transient,36.0,1,1
Resort Hotel,0,234,2016,October,44,23,2,5,2,0.0,0,HB,GBR,Offline TA/TO,TA/TO,0,0,0,A,A,0,No Deposit,243.0,0,Contract,39.4,0,2
Resort Hotel,0,16,2016,October,44,27,0,3,2,0.0,0,BB,PRT,Corporate,Corporate,0,0,0,A,A,2,No Deposit,,0,Transient-Party,63.0,0,0
Resort Hotel,0,87,2016,October,44,23,2,5,2,0.0,0,BB,GBR,Offline TA/TO,TA/TO,0,0,0,E,E,0,No Deposit,171.0,0,Transient,70.0,0,0
Resort Hotel,0,17,2016,October,44,27,0,3,2,0.0,0,HB,ESP,Online TA,TA/TO,0,0,0,D,E,0,No Deposit,240.0,0,Transient,122.67,1,2
Resort Hotel,0,17,2016,October,44,28,0,2,2,0.0,0,BB,PRT,Corporate,Corporate,0,0,0,A,A,2,No Deposit,,0,Transient-Party,63.0,0,0
Resort Hotel,0,47,2016,October,44,28,0,2,2,0.0,0,BB,ESP,Online TA,TA/TO,0,0,0,A,D,0,No Deposit,240.0,0,Transient,70.0,0,0
Resort Hotel,0,131,2016,October,43,16,4,10,2,0.0,0,HB,GBR,Offline TA/TO,TA/TO,0,0,0,D,D,0,No Deposit,243.0,0,Contract,81.0,0,0
Resort Hotel,0,234,2016,October,44,23,2,5,2,0.0,0,HB,GBR,Offline TA/TO,TA/TO,0,0,0,A,A,0,No Deposit,243.0,0,Contract,37.4,0,2
Resort Hotel,0,17,2016,October,44,28,0,2,2,0.0,0,BB,PRT,Corporate,Corporate,0,0,0,A,A,2,No Deposit,,0,Transient-Party,63.0,0,0
Resort Hotel,0,35,2016,October,44,28,0,2,2,0.0,0,HB,ESP,Online TA,TA/TO,0,0,0,A,B,1,No Deposit,339.0,0,Transient,78.0,1,2
Resort Hotel,0,145,2016,October,44,23,2,5,2,0.0,0,HB,GBR,Online TA,TA/TO,0,0,0,A,C,1,No Deposit,314.0,0,Transient,72.4,0,0
Resort Hotel,0,39,2016,October,44,29,0,1,2,0.0,0,BB,AUT,Offline TA/TO,TA/TO,0,0,0,D,E,0,No Deposit,251.0,0,Transient,59.0,0,0
Resort Hotel,0,92,2016,October,44,25,0,5,2,0.0,0,BB,PRT,Direct,Direct,0,0,0,E,E,0,No Deposit,250.0,0,Transient,70.2,0,0
Resort Hotel,0,146,2016,October,44,28,0,2,2,0.0,0,BB,PRT,Groups,Direct,0,0,0,D,D,3,No Deposit,,142,Transient-Party,52.0,1,0
Resort Hotel,0,55,2016,October,44,28,0,2,2,0.0,0,BB,PRT,Direct,Direct,0,0,0,A,C,0,No Deposit,250.0,0,Transient,58.5,0,0
Resort Hotel,0,20,2016,October,44,26,0,4,2,0.0,0,BB,CN,Online TA,TA/TO,0,0,0,D,D,0,No Deposit,241.0,0,Transient,69.68,1,1
Resort Hotel,0,4,2016,October,44,28,0,2,2,0.0,0,BB,PRT,Direct,Direct,0,0,0,A,A,0,No Deposit,,0,Transient,38.0,0,0
Resort Hotel,0,10,2016,October,44,28,0,2,2,0.0,0,BB,PRT,Direct,Direct,0,0,0,A,A,0,No Deposit,,0,Transient,44.0,1,0
Resort Hotel,0,20,2016,October,44,29,0,1,2,0.0,0,BB,PRT,Direct,Direct,0,0,0,A,H,1,No Deposit,250.0,0,Transient,38.0,1,0
Resort Hotel,0,18,2016,October,44,29,0,1,2,0.0,0,BB,PRT,Groups,Direct,0,0,0,A,A,0,No Deposit,,0,Transient,44.0,1,0
Resort Hotel,0,17,2016,October,44,28,0,2,2,0.0,0,BB,CN,Groups,Direct,0,0,0,A,A,0,No Deposit,,0,Transient,44.0,1,0
Resort Hotel,0,0,2016,October,45,30,1,0,2,0.0,0,BB,CN,Direct,Direct,1,0,0,A,A,0,No Deposit,,0,Transient,55.0,1,0
Resort Hotel,0,11,2016,October,44,29,0,1,2,0.0,0,BB,PRT,Direct,Direct,0,0,0,A,A,0,No Deposit,,0,Transient,38.0,0,0
Resort Hotel,0,0,2016,October,44,29,0,1,2,0.0,0,BB,CPV,Direct,Direct,0,0,0,A,A,0,No Deposit,,0,Transient,38.0,0,0
Resort Hotel,0,136,2016,October,44,24,1,5,2,0.0,0,HB,ESP,Online TA,TA/TO,0,0,0,E,E,0,No Deposit,240.0,0,Transient,115.0,0,0
Resort Hotel,0,2,2016,October,44,29,0,1,2,0.0,0,BB,PRT,Direct,Direct,0,0,0,A,A,0,No Deposit,,0,Transient,44.0,1,0
Resort Hotel,0,8,2016,October,44,28,0,2,2,0.0,0,BB,PRT,Direct,Direct,0,0,0,A,A,0,No Deposit,,0,Transient,38.0,0,0
Resort Hotel,0,28,2016,October,44,27,0,3,2,0.0,0,BB,GBR,Online TA,TA/TO,0,0,0,A,A,0,No Deposit,241.0,0,Transient,51.2,0,1
Resort Hotel,0,138,2016,October,44,26,0,4,2,0.0,0,BB,GBR,Online TA,TA/TO,0,0,0,D,D,0,No Deposit,240.0,0,Transient,68.0,0,4
Resort Hotel,0,138,2016,October,44,26,0,4,2,0.0,0,BB,GBR,Online TA,TA/TO,0,0,0,D,D,0,No Deposit,240.0,0,Transient,68.0,0,2
Resort Hotel,0,138,2016,October,44,26,0,4,2,0.0,0,BB,GBR,Online TA,TA/TO,0,0,0,A,A,0,No Deposit,240.0,0,Transient,58.0,0,2
Resort Hotel,0,0,2016,October,44,29,0,1,2,0.0,0,BB,PRT,Direct,Direct,0,0,0,C,C,0,No Deposit,,0,Transient,70.0,0,0
Resort Hotel,0,16,2016,October,44,29,0,1,2,0.0,0,BB,PRT,Direct,Direct,0,0,0,A,A,0,No Deposit,,0,Transient,38.0,0,0
Resort Hotel,1,1,2016,October,45,30,1,0,2,0.0,0,BB,PRT,Direct,Direct,0,0,0,A,A,0,No Deposit,,0,Transient,55.0,0,0
Resort Hotel,0,178,2016,October,43,16,4,10,2,0.0,0,HB,DEU,Online TA,TA/TO,0,0,0,D,D,1,No Deposit,314.0,0,Transient,80.57,0,0
Resort Hotel,0,13,2016,October,44,28,0,2,2,0.0,0,HB,PRT,Online TA,TA/TO,0,0,0,D,D,0,No Deposit,240.0,0,Transient,120.0,0,1
Resort Hotel,0,10,2016,October,44,29,0,1,2,0.0,0,BB,PRT,Direct,Direct,0,0,0,E,F,0,No Deposit,,0,Transient,62.0,0,1
Resort Hotel,0,7,2016,October,44,28,0,2,2,0.0,0,BB,PRT,Direct,Direct,0,0,0,A,A,0,No Deposit,,0,Transient,38.0,0,1
Resort Hotel,0,10,2016,October,44,29,0,1,2,0.0,0,BB,PRT,Direct,Direct,0,0,0,A,A,0,No Deposit,,0,Transient,44.0,1,1
Resort Hotel,0,115,2016,October,43,22,3,6,2,0.0,0,BB,RUS,Online TA,TA/TO,0,0,0,A,A,0,No Deposit,240.0,0,Transient,58.22,0,1
Resort Hotel,0,133,2016,October,44,24,2,5,2,0.0,0,Undefined,GBR,Offline TA/TO,TA/TO,0,0,0,A,A,0,No Deposit,40.0,0,Transient,94.0,0,2
Resort Hotel,0,92,2016,October,44,27,1,3,2,0.0,0,BB,GBR,Online TA,TA/TO,0,0,0,E,E,0,No Deposit,240.0,0,Transient-Party,74.0,0,2
Resort Hotel,0,45,2016,October,44,26,1,4,2,0.0,0,BB,DEU,Online TA,TA/TO,0,0,0,E,E,0,No Deposit,240.0,0,Transient,94.0,1,2
Resort Hotel,0,17,2016,October,45,30,1,0,2,0.0,0,BB,PRT,Groups,Direct,0,0,0,A,A,0,No Deposit,,0,Transient-Party,66.0,1,0
Resort Hotel,0,17,2016,October,45,30,1,0,2,0.0,0,BB,PRT,Groups,Direct,0,0,0,A,A,0,No Deposit,,0,Transient-Party,66.0,1,0
Resort Hotel,0,17,2016,October,45,30,1,0,2,0.0,0,BB,PRT,Groups,Direct,0,0,0,A,A,0,No Deposit,,0,Transient-Party,66.0,0,0
Resort Hotel,0,129,2016,October,44,28,1,2,2,0.0,0,HB,GBR,Offline TA/TO,TA/TO,0,0,0,E,E,0,No Deposit,2.0,0,Transient,93.0,0,0
Resort Hotel,0,62,2016,October,44,25,1,5,2,0.0,0,BB,GBR,Offline TA/TO,TA/TO,0,0,0,A,C,0,No Deposit,40.0,0,Transient,44.0,0,0
Resort Hotel,0,33,2016,October,44,29,1,1,2,0.0,0,BB,ESP,Online TA,TA/TO,0,0,0,D,D,0,No Deposit,240.0,0,Transient,74.0,0,4
Resort Hotel,0,11,2016,October,44,28,1,2,2,0.0,0,BB,PRT,Direct,Direct,0,0,0,A,C,0,No Deposit,,0,Transient,44.0,1,0
Resort Hotel,0,0,2016,October,45,31,1,1,2,0.0,0,BB,PRT,Direct,Direct,1,0,0,C,C,0,No Deposit,,0,Transient,71.0,1,0
Resort Hotel,0,35,2016,October,44,24,2,5,2,0.0,0,BB,ESP,Offline TA/TO,TA/TO,0,0,0,A,D,0,No Deposit,6.0,0,Transient,46.0,0,0
Resort Hotel,0,33,2016,October,44,27,1,3,2,0.0,0,BB,GBR,Online TA,TA/TO,0,0,0,D,D,0,No Deposit,240.0,0,Transient,80.5,1,0
Resort Hotel,0,1,2016,October,45,30,1,0,2,0.0,0,BB,BRA,Online TA,TA/TO,0,0,0,A,C,0,No Deposit,240.0,0,Transient-Party,66.0,0,0
Resort Hotel,0,17,2016,October,45,30,1,0,2,0.0,0,BB,PRT,Groups,Direct,0,0,0,A,A,0,No Deposit,,0,Transient-Party,66.0,1,0
Resort Hotel,0,9,2016,October,44,27,1,3,2,0.0,0,BB,PRT,Direct,Direct,0,0,0,A,A,0,No Deposit,,0,Transient,38.0,0,0
Resort Hotel,0,170,2016,October,43,17,4,10,2,0.0,0,BB,GBR,Offline TA/TO,TA/TO,0,0,0,D,D,0,No Deposit,243.0,0,Transient,49.5,0,1
Resort Hotel,0,154,2016,October,44,24,2,5,2,0.0,0,BB,GBR,Direct,Direct,0,0,0,D,D,0,No Deposit,250.0,0,Transient,54.2,0,1
Resort Hotel,0,5,2016,October,44,26,1,4,2,0.0,0,BB,PRT,Direct,Direct,0,0,0,A,A,0,No Deposit,,0,Transient,38.0,0,0
Resort Hotel,0,5,2016,October,44,29,1,1,2,0.0,0,BB,PRT,Direct,Direct,0,0,0,A,A,0,No Deposit,,0,Transient-Party,38.0,0,2
Resort Hotel,0,5,2016,October,44,29,1,1,2,0.0,0,BB,PRT,Direct,Direct,0,0,0,A,A,0,No Deposit,,0,Transient-Party,38.0,0,2
Resort Hotel,0,30,2016,October,44,28,1,2,2,0.0,0,HB,FRA,Online TA,TA/TO,0,0,0,A,A,0,No Deposit,240.0,0,Transient,105.0,0,2
Resort Hotel,0,69,2016,October,44,27,1,3,2,0.0,0,BB,IRL,Direct,Direct,0,0,0,F,F,0,No Deposit,250.0,0,Transient-Party,79.2,0,1
Resort Hotel,0,69,2016,October,44,27,1,3,2,0.0,0,BB,IRL,Direct,Direct,0,0,0,F,F,0,No Deposit,250.0,0,Transient-Party,79.2,0,1
Resort Hotel,0,1,2016,October,45,30,1,0,2,0.0,0,BB,BRA,Online TA,TA/TO,0,0,0,A,C,0,No Deposit,240.0,0,Transient-Party,60.0,1,0
Resort Hotel,0,33,2016,October,44,24,2,5,2,0.0,0,BB,FRA,Offline TA/TO,TA/TO,0,0,0,A,D,0,No Deposit,6.0,0,Transient,40.0,0,0
Resort Hotel,0,33,2016,October,44,24,2,5,2,0.0,0,BB,FRA,Offline TA/TO,TA/TO,0,0,0,A,D,0,No Deposit,6.0,0,Transient,40.0,0,0
Resort Hotel,0,17,2016,October,45,30,1,0,2,0.0,0,BB,PRT,Groups,Direct,0,0,0,A,A,0,No Deposit,,0,Transient,66.0,0,0
Resort Hotel,0,159,2016,October,44,28,1,2,2,0.0,0,BB,AUS,Direct,Direct,0,0,0,E,E,1,No Deposit,250.0,0,Transient,71.2,0,0
Resort Hotel,0,2,2016,October,45,31,0,0,2,0.0,0,BB,PRT,Direct,Direct,0,0,0,A,E,0,No Deposit,250.0,0,Transient,0.0,0,2
Resort Hotel,0,6,2016,November,45,1,0,0,2,0.0,0,BB,PRT,Online TA,TA/TO,0,0,0,A,A,0,No Deposit,240.0,0,Transient,0.0,0,1
Resort Hotel,0,47,2016,November,45,1,0,5,2,0.0,0,BB,SWE,Online TA,TA/TO,0,0,0,A,A,0,No Deposit,241.0,0,Transient,32.34,0,1
Resort Hotel,0,34,2016,November,45,1,2,7,2,0.0,0,HB,NOR,Online TA,TA/TO,0,0,0,A,A,0,No Deposit,241.0,0,Transient,47.4,0,1
Resort Hotel,0,187,2016,October,43,21,4,7,2,0.0,0,BB,GBR,Direct,Direct,0,0,0,E,E,2,No Deposit,250.0,0,Transient-Party,77.4,0,0
Resort Hotel,0,187,2016,October,43,21,4,7,2,0.0,0,BB,GBR,Direct,Direct,0,0,0,E,E,2,No Deposit,250.0,0,Transient-Party,79.4,0,0
Resort Hotel,0,48,2016,October,44,29,2,1,2,0.0,0,BB,GBR,Online TA,TA/TO,0,0,0,A,D,0,No Deposit,240.0,0,Transient,64.0,0,2
Resort Hotel,0,123,2016,October,44,28,2,2,2,0.0,0,BB,NLD,Online TA,TA/TO,0,0,0,A,C,1,No Deposit,240.0,0,Transient,48.95,0,1
Resort Hotel,0,32,2016,October,44,28,2,2,2,0.0,0,HB,FRA,Offline TA/TO,TA/TO,0,0,0,A,D,0,No Deposit,6.0,0,Transient,58.4,1,0
Resort Hotel,0,1,2016,October,45,31,1,0,2,0.0,0,BB,CN,Online TA,TA/TO,0,0,0,A,A,1,No Deposit,241.0,0,Transient,57.97,1,1
Resort Hotel,0,0,2016,November,45,1,0,1,2,0.0,0,BB,PRT,Direct,Direct,1,0,0,A,A,0,No Deposit,,0,Transient,55.0,1,0
Resort Hotel,0,38,2016,October,44,29,2,1,2,0.0,0,BB,ESP,Offline TA/TO,TA/TO,0,0,0,A,D,0,No Deposit,6.0,0,Transient,29.0,0,1
Resort Hotel,0,2,2016,October,45,30,2,0,2,0.0,0,BB,PRT,Complementary,Direct,0,0,0,A,A,0,No Deposit,,0,Transient,6.0,1,0
Resort Hotel,0,46,2016,October,44,29,2,1,2,0.0,0,BB,PRT,Direct,Direct,0,0,0,A,A,1,No Deposit,,0,Transient,58.0,0,1
Resort Hotel,0,160,2016,October,44,29,2,1,2,0.0,0,BB,PRT,Online TA,TA/TO,0,0,0,A,A,0,No Deposit,242.0,0,Transient,46.4,0,1
Resort Hotel,0,0,2016,October,45,31,1,0,2,0.0,0,BB,PRT,Direct,Direct,0,0,0,E,E,0,No Deposit,,0,Transient,76.0,1,0
Resort Hotel,0,14,2016,October,44,28,2,2,2,0.0,0,BB,PRT,Direct,Direct,0,0,0,A,A,0,No Deposit,,0,Transient,38.0,0,0
Resort Hotel,0,14,2016,October,44,28,2,2,2,0.0,0,BB,PRT,Direct,Direct,0,0,0,A,A,0,No Deposit,,0,Transient,44.0,1,0
Resort Hotel,0,21,2016,October,44,29,2,1,2,0.0,0,HB,ESP,Online TA,TA/TO,0,0,0,E,E,0,No Deposit,240.0,0,Transient,135.0,0,1
Resort Hotel,0,0,2016,October,45,30,2,0,2,0.0,0,BB,ESP,Direct,Direct,0,0,0,A,B,0,No Deposit,250.0,0,Transient,55.0,0,0
Resort Hotel,0,1,2016,October,45,31,1,0,2,0.0,0,HB,PRT,Direct,Direct,0,0,0,D,D,0,No Deposit,,0,Transient,108.0,0,0
Resort Hotel,0,160,2016,October,44,26,2,4,2,0.0,0,BB,GBR,Direct,Direct,0,0,0,D,D,0,No Deposit,250.0,0,Transient,46.98,0,1
Resort Hotel,0,236,2017,January,2,10,0,4,2,0.0,0,BB,GBR,Direct,Direct,0,0,0,D,D,1,No Deposit,,0,Transient,46.17,0,1
Resort Hotel,0,10,2016,October,44,29,2,1,2,0.0,0,BB,PRT,Direct,Direct,0,0,0,A,A,0,No Deposit,,0,Transient,38.0,0,2
Resort Hotel,0,0,2016,October,45,30,2,0,2,0.0,0,BB,ESP,Online TA,TA/TO,0,0,0,A,C,0,No Deposit,240.0,0,Transient,66.0,1,0
Resort Hotel,0,1,2016,October,45,30,2,0,2,0.0,0,BB,PRT,Online TA,TA/TO,0,0,0,A,A,0,No Deposit,240.0,0,Transient,66.0,1,1
Resort Hotel,0,1,2016,November,45,1,0,1,2,0.0,0,BB,PRT,Direct,TA/TO,0,0,0,E,E,0,No Deposit,,0,Transient,76.0,1,1
Resort Hotel,0,42,2016,October,44,29,2,1,2,0.0,0,BB,PRT,Online TA,TA/TO,0,0,0,A,A,0,No Deposit,240.0,0,Transient,56.73,0,0
Resort Hotel,0,0,2016,October,45,31,1,0,2,0.0,0,BB,PRT,Online TA,TA/TO,0,0,0,A,C,0,No Deposit,241.0,0,Transient,41.57,0,0
Resort Hotel,0,2,2016,October,45,30,2,0,2,0.0,0,BB,PRT,Online TA,TA/TO,0,0,0,A,E,1,No Deposit,240.0,0,Transient,66.0,0,1
Resort Hotel,0,50,2016,October,44,29,2,1,2,0.0,0,BB,PRT,Online TA,TA/TO,0,0,0,A,A,0,No Deposit,240.0,0,Transient,58.0,0,1
Resort Hotel,0,50,2016,October,44,29,2,1,2,0.0,0,BB,PRT,Online TA,TA/TO,0,0,0,A,A,2,No Deposit,240.0,0,Transient,69.67,0,2
Resort Hotel,0,10,2016,October,44,29,2,1,2,0.0,0,BB,PRT,Direct,Direct,0,0,0,A,A,0,No Deposit,,0,Transient,38.0,0,2
Resort Hotel,0,83,2016,October,45,31,1,0,2,0.0,0,BB,FRA,Direct,Direct,0,0,0,A,C,1,No Deposit,250.0,0,Transient,37.8,0,0
Resort Hotel,0,141,2016,October,43,19,4,10,2,0.0,0,HB,GBR,Online TA,TA/TO,0,0,0,D,D,1,No Deposit,314.0,0,Transient,81.66,0,1
Resort Hotel,0,93,2016,October,44,27,2,4,2,0.0,0,HB,AUT,Online TA,TA/TO,0,0,0,E,E,2,No Deposit,240.0,0,Transient,102.93,1,1
Resort Hotel,0,38,2016,October,45,31,1,1,2,0.0,0,BB,BEL,Offline TA/TO,TA/TO,0,0,0,A,D,0,No Deposit,6.0,0,Transient,29.0,0,0
Resort Hotel,0,13,2016,October,45,30,2,1,2,0.0,0,BB,DEU,Online TA,TA/TO,0,0,0,A,A,0,No Deposit,240.0,0,Transient,70.0,0,2
Resort Hotel,0,89,2016,October,44,29,2,2,2,0.0,0,BB,DEU,Online TA,TA/TO,0,0,0,A,A,0,No Deposit,240.0,0,Transient,43.9,0,2
Resort Hotel,0,89,2016,October,44,29,2,2,2,0.0,0,BB,DEU,Online TA,TA/TO,0,0,0,A,A,0,No Deposit,240.0,0,Transient,43.9,0,2
Resort Hotel,0,0,2016,October,45,31,1,1,2,0.0,0,HB,NLD,Online TA,TA/TO,0,0,0,E,F,0,No Deposit,240.0,0,Transient,118.5,1,0
Resort Hotel,0,137,2016,October,44,26,2,5,2,0.0,0,BB,GBR,Online TA,TA/TO,0,0,0,A,A,0,No Deposit,241.0,0,Transient,38.46,0,1
Resort Hotel,0,149,2016,October,44,26,2,5,2,0.0,0,BB,GBR,Online TA,TA/TO,0,0,0,A,A,0,No Deposit,240.0,0,Transient,49.94,0,2
Resort Hotel,0,121,2016,October,44,25,2,6,2,0.0,0,BB,EST,Online TA,TA/TO,0,0,0,E,E,0,No Deposit,240.0,0,Transient,70.45,0,1
Resort Hotel,0,21,2016,October,44,29,2,2,2,0.0,0,BB,FRA,Online TA,TA/TO,0,0,0,D,D,0,No Deposit,241.0,0,Transient,60.64,0,1
Resort Hotel,0,77,2016,October,44,28,2,3,2,0.0,0,BB,AUT,Online TA,TA/TO,0,0,0,E,E,1,No Deposit,240.0,0,Transient-Party,69.12,0,3
Resort Hotel,0,6,2016,November,45,1,0,1,2,0.0,0,BB,PRT,Direct,Direct,0,0,0,A,A,0,No Deposit,,0,Transient,45.0,0,0
Resort Hotel,0,43,2016,October,44,28,2,3,2,0.0,0,HB,FRA,Offline TA/TO,TA/TO,0,0,0,A,D,0,No Deposit,6.0,0,Transient,58.4,1,0
Resort Hotel,0,81,2016,October,45,30,2,1,2,0.0,0,BB,BRA,Online TA,TA/TO,0,0,0,D,D,0,No Deposit,241.0,0,Transient,42.81,0,1
Resort Hotel,0,141,2016,October,43,19,4,10,2,0.0,0,HB,GBR,Online TA,TA/TO,0,0,0,D,D,1,No Deposit,314.0,0,Transient,79.66,0,1
Resort Hotel,0,0,2016,November,45,1,0,1,2,0.0,0,BB,FRA,Direct,Direct,0,0,0,A,A,0,No Deposit,,0,Transient,55.0,0,0
Resort Hotel,0,39,2016,October,44,28,2,3,2,0.0,0,HB,ESP,Direct,Direct,0,0,0,F,F,1,No Deposit,,0,Transient,118.84,1,1
Resort Hotel,0,0,2016,November,45,1,0,1,2,0.0,0,BB,FRA,Direct,Direct,0,0,0,A,A,0,No Deposit,,0,Transient,55.0,1,0
Resort Hotel,0,18,2016,November,45,1,0,1,2,0.0,0,BB,ESP,Online TA,TA/TO,0,0,0,A,A,0,No Deposit,240.0,0,Transient-Party,66.0,1,1
Resort Hotel,0,46,2016,October,45,30,2,1,2,0.0,0,BB,PRT,Online TA,TA/TO,0,0,0,A,A,1,No Deposit,242.0,0,Transient,53.41,0,1
Resort Hotel,0,18,2016,November,45,1,0,1,2,0.0,0,BB,ESP,Online TA,TA/TO,0,0,0,E,E,0,No Deposit,240.0,0,Transient-Party,80.0,0,1
Resort Hotel,0,72,2016,October,45,31,1,1,2,0.0,0,BB,PRT,Online TA,TA/TO,0,0,0,A,A,3,No Deposit,240.0,0,Transient,43.8,1,1
Resort Hotel,0,94,2016,October,44,28,2,3,2,0.0,0,BB,GBR,Offline TA/TO,TA/TO,0,0,0,A,D,1,No Deposit,171.0,0,Transient,57.92,0,2
Resort Hotel,0,2,2016,October,45,31,1,1,2,0.0,0,BB,IRL,Direct,Direct,0,0,0,A,A,0,No Deposit,,0,Transient,62.5,0,0
Resort Hotel,0,43,2016,October,44,29,2,2,2,0.0,0,BB,GBR,Online TA,TA/TO,0,0,0,A,F,1,No Deposit,240.0,0,Transient,79.0,0,0
Resort Hotel,0,7,2016,October,45,31,1,1,2,0.0,0,BB,DEU,Direct,Direct,0,0,0,A,A,0,No Deposit,250.0,0,Transient,62.5,0,1
Resort Hotel,0,46,2016,October,44,26,2,5,2,0.0,0,BB,GBR,Direct,Direct,0,0,0,A,A,0,No Deposit,250.0,0,Transient,43.89,0,0
Resort Hotel,0,33,2016,October,44,27,2,5,2,0.0,0,BB,IRL,Online TA,TA/TO,0,0,0,D,D,0,No Deposit,175.0,0,Transient,55.1,0,0
Resort Hotel,0,43,2016,October,44,29,2,3,2,0.0,0,HB,IRL,Online TA,TA/TO,0,0,0,A,A,0,No Deposit,240.0,0,Transient,77.36,0,2
Resort Hotel,0,40,2016,October,45,31,1,2,2,0.0,0,HB,FRA,Offline TA/TO,TA/TO,0,0,0,A,D,0,No Deposit,6.0,0,Transient,52.4,0,0
Resort Hotel,0,84,2016,October,45,30,2,2,2,0.0,0,BB,GBR,Direct,Direct,0,0,0,F,F,0,No Deposit,250.0,0,Transient,64.8,0,0
Resort Hotel,0,32,2016,October,44,27,2,5,2,0.0,0,BB,FRA,Direct,Direct,0,0,0,F,F,0,No Deposit,250.0,0,Transient,91.85,1,0
Resort Hotel,0,90,2016,October,44,29,2,3,2,0.0,0,BB,DEU,Online TA,TA/TO,0,0,0,D,D,0,No Deposit,,0,Transient,54.08,0,1
Resort Hotel,0,4,2016,November,45,1,0,2,2,0.0,0,BB,CN,Online TA,TA/TO,0,0,0,A,A,0,No Deposit,240.0,0,Transient,60.0,0,2
Resort Hotel,0,39,2016,November,45,1,0,2,2,0.0,0,BB,ESP,Online TA,TA/TO,0,0,0,A,A,0,No Deposit,240.0,0,Transient-Party,37.8,0,3
Resort Hotel,0,39,2016,November,45,1,0,2,2,0.0,0,BB,ESP,Online TA,TA/TO,0,0,0,A,A,0,No Deposit,240.0,0,Transient-Party,37.8,0,3
Resort Hotel,0,141,2016,November,45,1,0,2,2,0.0,0,BB,DEU,Online TA,TA/TO,0,0,0,E,E,0,No Deposit,240.0,0,Transient,55.8,0,2
Resort Hotel,0,43,2016,October,45,31,1,2,2,0.0,0,BB,DEU,Online TA,TA/TO,0,0,0,A,A,0,No Deposit,240.0,0,Transient-Party,42.6,0,2
Resort Hotel,0,43,2016,October,45,31,1,2,2,0.0,0,BB,DEU,Online TA,TA/TO,0,0,0,A,A,0,No Deposit,240.0,0,Transient-Party,42.6,0,2
Resort Hotel,0,162,2016,November,45,1,0,2,2,0.0,0,BB,FRA,Online TA,TA/TO,0,0,0,E,E,0,No Deposit,240.0,0,Transient,55.8,0,2
Resort Hotel,0,3,2016,October,45,31,1,2,2,0.0,0,BB,GBR,Online TA,TA/TO,0,0,0,E,E,0,No Deposit,240.0,0,Transient,80.0,0,1
Resort Hotel,0,1,2016,October,45,30,2,2,2,0.0,0,BB,MDV,Online TA,TA/TO,0,0,0,E,F,0,No Deposit,240.0,0,Transient,75.0,0,0
Resort Hotel,0,54,2016,October,44,26,2,6,2,0.0,0,BB,IRL,Direct,Direct,0,0,0,D,D,0,No Deposit,250.0,0,Transient-Party,60.71,0,0
Resort Hotel,0,54,2016,October,44,26,2,6,2,0.0,0,BB,IRL,Direct,Direct,0,0,0,D,D,0,No Deposit,250.0,0,Transient-Party,60.71,0,0
Resort Hotel,0,54,2016,October,44,26,2,6,2,0.0,0,BB,IRL,Direct,Direct,0,0,0,D,D,0,No Deposit,250.0,0,Transient-Party,62.71,0,0
Resort Hotel,0,0,2016,November,45,2,0,1,2,0.0,0,BB,PRT,Direct,Direct,0,0,0,D,D,0,No Deposit,,0,Transient,78.0,0,0
Resort Hotel,0,30,2016,October,45,30,2,2,2,0.0,0,BB,LUX,Online TA,TA/TO,0,0,0,A,A,0,No Deposit,241.0,0,Transient,40.54,0,1
Resort Hotel,0,85,2016,October,44,24,3,7,2,0.0,0,BB,LTU,Direct,Direct,0,0,0,D,D,1,No Deposit,250.0,0,Transient,65.44,0,1
Resort Hotel,0,110,2016,October,44,29,2,3,2,0.0,0,BB,IRL,Online TA,TA/TO,0,0,0,E,E,0,No Deposit,314.0,0,Transient,52.18,0,0
Resort Hotel,0,34,2016,October,44,28,2,5,2,0.0,0,HB,BEL,Online TA,TA/TO,0,0,0,D,D,0,No Deposit,240.0,0,Transient,89.59,0,2
Resort Hotel,0,61,2016,October,45,31,1,3,2,0.0,0,BB,POL,Online TA,TA/TO,0,0,0,A,A,0,No Deposit,240.0,0,Transient,41.4,0,2
Resort Hotel,0,1,2016,November,45,2,0,2,2,0.0,0,BB,PRT,Direct,Direct,0,0,0,E,E,0,No Deposit,,0,Transient,85.0,0,0
Resort Hotel,0,28,2016,November,45,2,0,2,2,0.0,0,BB,IRL,Online TA,TA/TO,0,0,0,A,A,1,No Deposit,240.0,0,Transient,37.8,0,1
Resort Hotel,0,36,2016,October,45,31,1,3,2,0.0,0,BB,IRL,Online TA,TA/TO,0,0,0,E,E,0,No Deposit,241.0,0,Transient,49.17,0,2
Resort Hotel,0,39,2016,October,45,30,2,3,2,0.0,0,HB,FRA,Offline TA/TO,TA/TO,0,0,0,A,D,0,No Deposit,6.0,0,Transient,52.4,0,0
Resort Hotel,0,46,2016,November,45,2,0,2,2,0.0,0,HB,LTU,Online TA,TA/TO,0,0,0,A,A,0,No Deposit,240.0,0,Transient-Party,70.8,1,1
Resort Hotel,0,46,2016,November,45,2,0,2,2,0.0,0,HB,LTU,Online TA,TA/TO,0,0,0,A,A,0,No Deposit,240.0,0,Transient-Party,64.8,0,1
Resort Hotel,0,8,2016,December,53,29,0,1,2,0.0,0,BB,PRT,Corporate,Corporate,1,0,1,A,A,4,No Deposit,,0,Transient,44.0,0,1
Resort Hotel,0,40,2016,October,45,30,2,3,2,0.0,0,BB,RUS,Online TA,TA/TO,0,0,0,D,D,3,No Deposit,240.0,0,Transient-Party,67.22,1,0
Resort Hotel,0,40,2016,October,45,30,2,3,2,0.0,0,BB,RUS,Online TA,TA/TO,0,0,0,D,D,3,No Deposit,240.0,0,Transient-Party,59.22,0,0
Resort Hotel,0,292,2016,November,45,3,0,1,2,0.0,0,BB,UKR,Groups,TA/TO,0,0,0,A,A,0,No Deposit,368.0,0,Transient-Party,38.0,0,1
Resort Hotel,0,69,2016,October,45,31,1,3,2,0.0,0,BB,NLD,Online TA,TA/TO,0,0,0,A,A,0,No Deposit,241.0,0,Transient,33.0,0,1
Resort Hotel,0,7,2016,November,45,3,0,1,2,0.0,0,BB,PRT,Offline TA/TO,TA/TO,0,0,0,A,A,0,No Deposit,468.0,0,Transient,43.2,0,0
Resort Hotel,0,7,2016,November,45,3,0,1,2,0.0,0,BB,PRT,Offline TA/TO,TA/TO,0,0,0,A,A,0,No Deposit,468.0,0,Transient,43.2,0,0
Resort Hotel,0,45,2016,October,44,29,2,4,2,0.0,0,HB,ESP,Online TA,TA/TO,0,0,0,A,A,1,No Deposit,240.0,0,Transient,80.33,0,1
Resort Hotel,0,13,2016,November,45,3,0,1,2,0.0,0,BB,UKR,Groups,TA/TO,0,0,0,A,A,0,No Deposit,368.0,0,Transient-Party,38.0,0,1
Resort Hotel,0,292,2016,November,45,3,0,1,2,0.0,0,BB,UKR,Groups,TA/TO,0,0,0,A,C,1,No Deposit,368.0,0,Transient-Party,38.0,0,1
Resort Hotel,0,292,2016,November,45,3,0,1,2,0.0,0,BB,UKR,Groups,TA/TO,0,0,0,A,C,1,No Deposit,368.0,0,Transient-Party,38.0,0,1
Resort Hotel,0,292,2016,November,45,3,0,1,2,0.0,0,BB,UKR,Groups,TA/TO,0,0,0,A,A,0,No Deposit,368.0,0,Transient-Party,38.0,0,1
Resort Hotel,0,292,2016,November,45,3,0,1,2,0.0,0,BB,UKR,Groups,TA/TO,0,0,0,A,C,1,No Deposit,368.0,0,Transient-Party,38.0,0,1
Resort Hotel,0,292,2016,November,45,3,0,1,2,0.0,0,BB,UKR,Groups,TA/TO,0,0,0,A,A,0,No Deposit,368.0,0,Transient-Party,38.0,0,1
Resort Hotel,0,13,2016,November,45,3,0,1,2,0.0,0,BB,UKR,Groups,TA/TO,0,0,0,A,A,2,No Deposit,368.0,0,Transient-Party,38.0,0,1
Resort Hotel,0,292,2016,November,45,3,0,1,2,0.0,0,BB,UKR,Groups,TA/TO,0,0,0,A,C,1,No Deposit,368.0,0,Transient-Party,38.0,0,1
Resort Hotel,0,47,2016,October,45,30,2,3,2,0.0,0,BB,IRL,Online TA,TA/TO,0,0,0,A,A,0,No Deposit,242.0,0,Transient,48.4,0,1
Resort Hotel,0,32,2016,November,45,2,0,2,2,0.0,0,BB,PRT,Online TA,TA/TO,0,0,0,A,A,2,No Deposit,240.0,0,Transient,37.8,0,1
Resort Hotel,0,31,2016,October,44,28,2,5,2,0.0,0,BB,ARG,Online TA,TA/TO,0,0,0,C,C,0,No Deposit,5.0,0,Transient,63.47,0,0
Resort Hotel,0,0,2016,November,45,3,0,1,2,0.0,0,BB,ITA,Online TA,TA/TO,0,0,0,A,C,0,No Deposit,240.0,0,Transient,75.0,0,0
Resort Hotel,0,292,2016,November,45,3,0,1,2,0.0,0,BB,UKR,Groups,TA/TO,0,0,0,A,A,0,No Deposit,368.0,0,Transient-Party,38.0,0,1
Resort Hotel,0,31,2016,October,45,30,2,3,2,0.0,0,BB,BRA,Direct,Direct,0,0,0,D,D,0,No Deposit,,0,Transient,62.88,1,1
Resort Hotel,0,28,2016,November,45,3,0,1,2,0.0,0,HB,PRT,Online TA,TA/TO,0,0,0,D,D,1,No Deposit,339.0,0,Transient,59.04,0,0
Resort Hotel,0,228,2016,November,45,1,0,3,2,0.0,0,BB,IRL,Online TA,TA/TO,0,0,0,E,E,1,No Deposit,240.0,0,Transient,53.1,0,1
Resort Hotel,0,31,2016,October,45,30,2,4,2,0.0,0,BB,IRL,Online TA,TA/TO,0,0,0,E,E,0,No Deposit,240.0,0,Transient-Party,70.45,0,2
Resort Hotel,0,3,2016,November,45,1,0,4,2,0.0,0,BB,IRL,Online TA,TA/TO,0,0,0,A,A,1,No Deposit,240.0,0,Transient,62.0,0,0
Resort Hotel,0,31,2016,October,45,30,2,4,2,0.0,0,BB,GBR,Online TA,TA/TO,0,0,0,E,E,0,No Deposit,240.0,0,Transient-Party,70.45,0,1
Resort Hotel,0,69,2016,October,44,29,2,5,2,0.0,0,BB,IRL,Online TA,TA/TO,0,0,0,D,D,0,No Deposit,240.0,0,Transient-Party,52.86,0,3
Resort Hotel,0,69,2016,October,44,29,2,5,2,0.0,0,BB,IRL,Online TA,TA/TO,0,0,0,D,D,0,No Deposit,240.0,0,Transient-Party,52.86,0,3
Resort Hotel,0,43,2016,November,45,1,0,4,2,0.0,0,BB,FRA,Offline TA/TO,TA/TO,0,0,0,A,D,0,No Deposit,6.0,0,Transient,35.0,1,1
Resort Hotel,0,33,2016,October,44,29,2,5,2,0.0,0,BB,IRL,Offline TA/TO,TA/TO,0,0,0,A,A,0,No Deposit,8.0,0,Transient,41.57,0,0
Resort Hotel,0,43,2016,November,45,1,0,4,2,0.0,0,BB,FRA,Offline TA/TO,TA/TO,0,0,0,A,D,0,No Deposit,6.0,0,Transient,29.0,0,1
Resort Hotel,0,75,2016,October,44,29,2,5,2,0.0,0,BB,IRL,Online TA,TA/TO,0,0,0,D,D,0,No Deposit,240.0,0,Transient,55.43,1,1
Resort Hotel,0,78,2016,November,45,2,0,3,2,0.0,0,BB,PRT,Direct,Direct,0,0,0,G,G,0,No Deposit,250.0,0,Transient,92.63,1,2
Resort Hotel,0,146,2016,October,44,29,2,5,2,0.0,0,BB,LUX,Online TA,TA/TO,0,0,0,E,E,0,No Deposit,240.0,0,Transient,68.43,1,2
Resort Hotel,0,226,2016,October,44,29,2,5,2,0.0,0,BB,BEL,Online TA,TA/TO,0,0,0,E,E,0,No Deposit,240.0,0,Transient-Party,56.57,0,3
Resort Hotel,0,89,2016,October,44,29,2,5,2,0.0,0,BB,IRL,Online TA,TA/TO,0,0,0,A,A,0,No Deposit,240.0,0,Transient,43.0,0,1
Resort Hotel,0,190,2016,October,45,31,1,4,2,0.0,0,BB,BRA,Online TA,TA/TO,0,0,0,A,A,0,No Deposit,240.0,0,Transient,38.88,0,2
Resort Hotel,0,200,2016,October,44,29,2,5,2,0.0,0,BB,GBR,Offline TA/TO,TA/TO,0,0,0,D,D,0,No Deposit,171.0,0,Transient,46.51,0,0
Resort Hotel,0,190,2016,October,45,31,1,4,2,0.0,0,BB,DEU,Online TA,TA/TO,0,0,0,A,A,0,No Deposit,240.0,0,Transient,44.88,1,2
Resort Hotel,0,147,2016,October,44,29,2,5,2,0.0,0,BB,IRL,Online TA,TA/TO,0,0,0,D,D,0,No Deposit,240.0,0,Transient,50.57,0,2
Resort Hotel,0,99,2016,November,45,4,0,1,2,0.0,0,BB,ESP,Online TA,TA/TO,0,0,0,A,A,0,No Deposit,240.0,0,Transient,37.8,0,1
Resort Hotel,0,30,2016,November,45,4,0,1,2,0.0,0,HB,PRT,Online TA,TA/TO,0,0,0,A,A,1,No Deposit,468.0,0,Transient,51.84,0,0
Resort Hotel,0,0,2016,November,45,4,0,1,2,0.0,0,BB,ESP,Direct,Direct,0,0,0,A,A,0,No Deposit,,0,Transient,70.0,0,0
Resort Hotel,0,39,2016,October,45,31,1,4,2,0.0,0,HB,FRA,Offline TA/TO,TA/TO,0,0,0,A,D,0,No Deposit,6.0,0,Transient,52.4,0,0
Resort Hotel,0,88,2016,October,44,29,2,5,2,0.0,0,BB,DEU,Offline TA/TO,TA/TO,0,0,0,E,E,0,No Deposit,75.0,0,Transient,51.43,0,2
Resort Hotel,0,6,2016,November,45,2,0,3,2,0.0,0,BB,NLD,Online TA,TA/TO,0,0,0,D,D,0,No Deposit,242.0,0,Transient,67.19,1,1
Resort Hotel,0,6,2016,November,45,2,0,3,2,0.0,0,BB,FIN,Online TA,TA/TO,0,0,0,D,D,0,No Deposit,242.0,0,Transient,61.19,0,1
Resort Hotel,0,181,2016,October,44,29,2,5,2,0.0,0,HB,IRL,Online TA,TA/TO,0,0,0,E,E,1,No Deposit,314.0,0,Transient,74.49,0,0
Resort Hotel,0,17,2016,October,45,30,2,4,2,0.0,0,BB,FIN,Online TA,TA/TO,0,0,0,E,E,0,No Deposit,241.0,0,Transient,55.65,0,1
Resort Hotel,0,181,2016,October,44,29,2,5,2,0.0,0,HB,GBR,Online TA,TA/TO,0,0,0,E,E,1,No Deposit,314.0,0,Transient,74.49,0,0
Resort Hotel,0,28,2016,October,45,31,1,4,2,0.0,0,BB,ESP,Offline TA/TO,TA/TO,0,0,0,A,A,0,No Deposit,177.0,0,Transient,33.68,0,1
Resort Hotel,0,36,2016,October,44,29,2,5,2,0.0,0,BB,CN,Online TA,TA/TO,0,0,0,A,A,0,No Deposit,242.0,0,Transient,46.69,0,1
Resort Hotel,0,0,2016,November,45,2,0,3,2,0.0,0,BB,USA,Direct,Direct,0,0,0,F,F,1,No Deposit,,0,Transient,96.0,1,0
Resort Hotel,0,43,2016,October,45,31,1,4,2,0.0,0,BB,BEL,Online TA,TA/TO,0,0,0,E,E,0,No Deposit,240.0,0,Transient,66.48,1,2
Resort Hotel,0,62,2016,October,44,26,2,8,2,0.0,0,HB,DEU,Offline TA/TO,TA/TO,0,0,0,A,A,0,No Deposit,69.0,0,Transient,49.7,0,0
Resort Hotel,0,7,2016,October,45,30,2,4,2,0.0,0,BB,PRT,Online TA,TA/TO,0,0,0,A,A,1,No Deposit,240.0,0,Transient,71.0,1,1
Resort Hotel,0,8,2016,October,45,30,2,4,2,0.0,0,BB,PRT,Online TA,TA/TO,0,0,0,A,A,0,No Deposit,241.0,0,Transient,51.04,0,1
Resort Hotel,0,96,2016,October,44,29,2,5,2,0.0,0,HB,DEU,Online TA,TA/TO,0,0,0,D,D,0,No Deposit,,0,Transient,78.43,0,2
Resort Hotel,0,158,2016,October,44,29,2,5,2,0.0,0,BB,GBR,Online TA,TA/TO,0,0,0,D,D,0,No Deposit,241.0,0,Transient,37.14,0,2
Resort Hotel,0,142,2016,October,44,29,2,5,2,0.0,0,BB,GBR,Online TA,TA/TO,0,0,0,D,D,0,No Deposit,240.0,0,Transient,50.57,0,1
Resort Hotel,0,19,2016,October,44,26,2,8,2,0.0,0,BB,GBR,Direct,Direct,0,0,0,C,C,0,No Deposit,250.0,0,Transient,90.96,0,1
Resort Hotel,0,26,2016,November,45,2,0,3,2,0.0,0,BB,GBR,Offline TA/TO,TA/TO,0,0,0,A,A,0,No Deposit,57.0,0,Transient,30.6,0,0
Resort Hotel,0,69,2016,October,44,29,2,5,2,0.0,0,BB,GBR,Online TA,TA/TO,0,0,0,D,D,0,No Deposit,241.0,0,Transient,39.21,0,1
Resort Hotel,0,34,2016,October,45,31,1,4,2,0.0,0,HB,BEL,Online TA,TA/TO,0,0,0,E,E,0,No Deposit,240.0,0,Transient,87.48,0,0
Resort Hotel,0,35,2016,October,45,31,1,4,2,0.0,0,BB,PRT,Online TA,TA/TO,0,0,0,A,A,0,No Deposit,240.0,0,Transient,40.68,0,1
Resort Hotel,0,35,2016,October,45,31,1,4,2,0.0,0,BB,FRA,Online TA,TA/TO,0,0,0,A,A,0,No Deposit,240.0,0,Transient,40.68,0,1
Resort Hotel,0,226,2016,October,44,29,2,5,2,0.0,0,BB,BEL,Online TA,TA/TO,0,0,0,E,E,2,No Deposit,240.0,0,Transient-Party,56.57,0,3
Resort Hotel,0,111,2016,October,44,27,2,8,2,0.0,0,BB,IRL,Online TA,TA/TO,0,0,0,A,C,1,No Deposit,240.0,0,Transient,44.28,0,1
Resort Hotel,0,8,2016,November,45,2,0,4,2,0.0,0,HB,GBR,Online TA,TA/TO,0,0,0,A,A,0,No Deposit,241.0,0,Transient,59.26,0,1
Resort Hotel,0,54,2016,October,45,30,2,5,2,0.0,0,BB,IRL,Offline TA/TO,TA/TO,0,0,0,A,A,0,No Deposit,171.0,0,Transient,35.0,0,0
Resort Hotel,0,6,2016,October,45,31,1,5,2,0.0,0,BB,PRT,Direct,Direct,0,0,0,F,F,0,No Deposit,,0,Transient,83.5,1,1
Resort Hotel,0,37,2016,November,45,2,0,4,2,0.0,0,BB,ESP,Online TA,TA/TO,0,0,0,A,A,2,No Deposit,240.0,0,Transient,54.0,0,2
Resort Hotel,0,157,2016,October,45,30,2,5,2,0.0,0,BB,CMR,Online TA,TA/TO,0,0,0,A,A,0,No Deposit,240.0,0,Transient,40.03,0,1
Resort Hotel,0,108,2016,October,45,31,1,5,2,0.0,0,BB,USA,Online TA,TA/TO,0,0,0,E,E,2,No Deposit,314.0,0,Transient,51.47,0,0
Resort Hotel,0,36,2016,November,45,1,0,5,2,0.0,0,BB,GBR,Offline TA/TO,TA/TO,0,0,0,A,D,0,No Deposit,6.0,0,Transient,30.6,0,0
Resort Hotel,0,36,2016,November,45,1,0,5,2,0.0,0,BB,AUS,Offline TA/TO,TA/TO,0,0,0,A,D,0,No Deposit,6.0,0,Transient,29.0,0,1
Resort Hotel,0,1,2016,November,45,4,0,2,2,0.0,0,BB,ITA,Online TA,TA/TO,0,0,0,D,D,0,No Deposit,240.0,0,Transient,89.0,1,1
Resort Hotel,0,42,2016,November,45,1,0,5,2,0.0,0,BB,ESP,Online TA,TA/TO,0,0,0,A,A,1,No Deposit,240.0,0,Transient,54.0,0,1
Resort Hotel,0,2,2016,November,45,5,0,1,2,0.0,0,BB,FRA,Direct,Direct,0,0,0,A,A,0,No Deposit,,0,Transient,70.0,0,0
Resort Hotel,0,40,2016,November,45,1,0,5,2,0.0,0,HB,ITA,Offline TA/TO,TA/TO,0,0,0,A,D,0,No Deposit,6.0,0,Transient,52.4,0,0
Resort Hotel,0,201,2016,November,45,5,0,1,2,0.0,0,BB,BRA,Online TA,TA/TO,0,0,0,A,D,3,No Deposit,240.0,0,Transient,60.0,0,0
Resort Hotel,0,0,2016,November,45,5,0,1,2,0.0,0,BB,NLD,Direct,Direct,0,0,0,A,A,0,No Deposit,,0,Transient,70.0,0,0
Resort Hotel,0,0,2016,November,45,5,0,1,2,0.0,0,BB,MAR,Direct,Direct,0,0,0,D,D,0,No Deposit,,0,Transient,84.0,1,0
Resort Hotel,0,3,2016,November,45,4,0,2,2,0.0,0,HB,ESP,Online TA,TA/TO,0,0,0,D,D,0,No Deposit,240.0,0,Transient,104.0,1,2
Resort Hotel,0,142,2016,October,45,30,2,5,2,0.0,0,BB,GBR,Online TA,TA/TO,0,0,0,D,D,0,No Deposit,314.0,0,Transient,39.15,0,0
Resort Hotel,0,17,2016,November,45,5,0,1,2,0.0,0,BB,PRT,Direct,Direct,0,0,0,F,F,0,No Deposit,250.0,0,Transient-Party,72.0,0,0
Resort Hotel,0,17,2016,November,45,5,0,1,2,0.0,0,BB,PRT,Direct,Direct,0,0,0,F,F,0,No Deposit,250.0,0,Transient-Party,72.0,0,0
Resort Hotel,0,2,2016,November,45,4,0,2,2,0.0,0,BB,PRT,Online TA,TA/TO,0,0,0,D,D,0,No Deposit,240.0,0,Transient,93.0,0,0
Resort Hotel,0,17,2016,November,45,5,0,1,2,0.0,0,BB,PRT,Direct,Direct,0,0,0,F,F,0,No Deposit,250.0,0,Transient-Party,72.0,0,0
Resort Hotel,0,36,2016,November,45,4,0,2,2,0.0,0,BB,PRT,Online TA,TA/TO,0,0,0,E,E,0,No Deposit,240.0,0,Transient,55.8,0,2
Resort Hotel,0,8,2016,November,45,4,0,2,2,0.0,0,BB,PRT,Complementary,Direct,0,0,0,A,A,0,No Deposit,,0,Transient,0.0,0,0
Resort Hotel,0,82,2016,November,45,4,0,2,2,0.0,0,BB,PRT,Online TA,TA/TO,0,0,0,A,A,0,No Deposit,240.0,0,Transient,37.8,0,1
Resort Hotel,0,1,2016,November,45,4,0,2,2,0.0,0,BB,PRT,Online TA,TA/TO,0,0,0,A,A,0,No Deposit,242.0,0,Transient,75.0,0,1
Resort Hotel,0,86,2016,October,45,30,2,5,2,0.0,0,BB,DEU,Offline TA/TO,TA/TO,0,0,0,A,A,0,No Deposit,171.0,0,Transient,35.0,0,0
Resort Hotel,0,22,2016,November,45,1,0,5,2,0.0,0,BB,GBR,Online TA,TA/TO,0,0,0,E,E,0,No Deposit,240.0,0,Transient,72.0,0,2
Resort Hotel,0,7,2016,November,45,3,0,3,2,0.0,0,BB,FRA,Online TA,TA/TO,0,0,0,F,F,0,No Deposit,241.0,0,Transient,55.44,0,1
Resort Hotel,0,7,2016,November,45,5,0,1,2,0.0,0,BB,PRT,Direct,Direct,0,0,0,A,A,0,No Deposit,250.0,0,Transient,55.0,0,0
Resort Hotel,0,11,2016,November,45,2,0,4,2,0.0,0,BB,CN,Online TA,TA/TO,0,0,0,A,A,0,No Deposit,241.0,0,Transient,41.57,0,1
Resort Hotel,0,55,2016,November,45,4,0,2,2,0.0,0,BB,FRA,Online TA,TA/TO,0,0,0,A,C,2,No Deposit,348.0,0,Transient,48.0,1,1
Resort Hotel,0,29,2016,November,45,4,0,2,2,0.0,0,BB,FRA,Online TA,TA/TO,0,0,0,E,E,0,No Deposit,240.0,0,Transient-Party,55.8,0,2
Resort Hotel,0,29,2016,November,45,4,0,2,2,0.0,0,BB,FRA,Online TA,TA/TO,0,0,0,E,E,0,No Deposit,240.0,0,Transient-Party,55.8,0,2
Resort Hotel,0,29,2016,November,45,4,0,2,2,0.0,0,BB,FRA,Online TA,TA/TO,0,0,0,E,E,0,No Deposit,240.0,0,Transient-Party,55.8,0,2
Resort Hotel,0,29,2016,November,45,4,0,2,2,0.0,0,BB,FRA,Online TA,TA/TO,0,0,0,A,A,0,No Deposit,240.0,0,Transient-Party,37.8,0,2
Resort Hotel,0,9,2016,November,45,5,0,1,2,0.0,0,BB,PRT,Online TA,TA/TO,0,0,0,A,D,0,No Deposit,240.0,0,Transient,66.0,1,2
Resort Hotel,0,3,2016,November,45,4,0,2,2,0.0,0,BB,ESP,Online TA,TA/TO,0,0,0,D,D,0,No Deposit,240.0,0,Transient,74.0,1,2
Resort Hotel,0,70,2016,October,45,31,2,5,2,0.0,0,BB,POL,Online TA,TA/TO,0,0,0,A,A,0,No Deposit,240.0,0,Transient-Party,37.8,0,2
Resort Hotel,0,35,2016,October,45,31,2,5,2,0.0,0,HB,FRA,Offline TA/TO,TA/TO,0,0,0,A,D,0,No Deposit,6.0,0,Transient,52.4,0,1
Resort Hotel,0,48,2016,November,45,3,1,3,2,0.0,0,BB,FRA,Offline TA/TO,TA/TO,0,0,0,A,D,0,No Deposit,6.0,0,Transient,29.0,0,0
Resort Hotel,0,45,2016,November,45,3,1,3,2,0.0,0,BB,FRA,Offline TA/TO,TA/TO,0,0,0,A,D,0,No Deposit,6.0,0,Transient,29.0,0,0
Resort Hotel,0,8,2016,November,45,4,1,2,2,0.0,0,BB,ESP,Online TA,TA/TO,0,0,0,D,D,0,No Deposit,240.0,0,Transient,68.0,0,2
Resort Hotel,0,80,2016,October,45,31,2,5,2,0.0,0,BB,GBR,Offline TA/TO,TA/TO,0,0,0,A,A,0,No Deposit,171.0,0,Transient,32.8,0,0
Resort Hotel,0,30,2016,October,45,31,2,5,2,0.0,0,HB,SRB,Online TA,TA/TO,0,0,0,A,A,0,No Deposit,242.0,0,Transient,69.04,0,1
Resort Hotel,0,54,2016,November,45,4,1,2,2,0.0,0,BB,GBR,Online TA,TA/TO,0,0,0,A,C,0,No Deposit,314.0,0,Transient,30.24,0,0
Resort Hotel,0,28,2016,October,45,31,2,5,2,0.0,0,BB,GBR,Offline TA/TO,TA/TO,0,0,0,A,A,0,No Deposit,57.0,0,Transient,32.31,0,0
Resort Hotel,0,41,2016,November,45,2,1,4,2,0.0,0,BB,FRA,Offline TA/TO,TA/TO,0,0,0,A,D,0,No Deposit,6.0,0,Transient,29.0,0,0
Resort Hotel,0,32,2016,November,45,4,1,2,2,0.0,0,BB,GBR,Offline TA/TO,TA/TO,0,0,0,E,E,0,No Deposit,40.0,0,Transient,58.65,0,0
Resort Hotel,0,84,2016,October,45,31,2,5,2,0.0,0,BB,GBR,Online TA,TA/TO,0,0,0,A,A,0,No Deposit,314.0,0,Transient,33.6,0,0
Resort Hotel,0,40,2016,November,45,2,1,4,2,0.0,0,BB,FRA,Offline TA/TO,TA/TO,0,0,0,A,D,1,No Deposit,6.0,0,Transient,35.0,1,0
Resort Hotel,0,49,2016,November,45,3,1,3,2,0.0,0,BB,NLD,Direct,Direct,0,0,0,F,F,0,No Deposit,250.0,0,Transient,68.0,1,0
Resort Hotel,0,10,2016,November,45,3,1,3,2,0.0,0,BB,IRL,Online TA,TA/TO,0,0,0,A,A,0,No Deposit,240.0,0,Transient-Party,60.0,0,2
Resort Hotel,0,31,2016,November,45,4,1,2,2,0.0,0,HB,GBR,Online TA,TA/TO,0,0,0,A,F,1,No Deposit,240.0,0,Transient,84.8,0,2
Resort Hotel,0,10,2016,November,45,3,1,3,2,0.0,0,BB,IRL,Online TA,TA/TO,0,0,0,A,A,0,No Deposit,240.0,0,Transient-Party,61.5,0,2
Resort Hotel,0,43,2016,November,45,2,1,4,2,0.0,0,HB,FRA,Offline TA/TO,TA/TO,0,0,0,A,D,0,No Deposit,6.0,0,Transient,52.4,0,0
Resort Hotel,0,26,2016,November,45,4,1,2,2,0.0,0,HB,GBR,Online TA,TA/TO,0,0,0,D,D,0,No Deposit,241.0,0,Transient,65.14,0,1
Resort Hotel,0,35,2016,November,45,4,1,2,2,0.0,0,HB,GBR,Online TA,TA/TO,0,0,0,A,A,0,No Deposit,240.0,0,Transient,64.8,0,1
Resort Hotel,0,95,2016,October,45,31,2,5,2,0.0,0,BB,GBR,Offline TA/TO,TA/TO,0,0,0,A,A,1,No Deposit,171.0,0,Transient,32.8,0,0
Resort Hotel,0,13,2016,November,45,3,1,3,2,0.0,0,BB,FRA,Online TA,TA/TO,0,0,0,E,E,0,No Deposit,240.0,0,Transient,81.0,1,2
Resort Hotel,0,21,2016,November,45,3,2,3,2,0.0,0,BB,IRL,Direct,Direct,0,0,0,A,A,1,No Deposit,,0,Transient,33.26,0,1
Resort Hotel,0,4,2016,November,47,16,4,13,2,0.0,0,BB,IRL,Direct,Direct,1,0,1,A,A,0,No Deposit,,0,Transient,33.26,0,1
Resort Hotel,0,43,2016,November,45,3,2,3,2,0.0,0,BB,GBR,Offline TA/TO,TA/TO,0,0,0,A,A,0,No Deposit,177.0,0,Transient,30.6,0,1
Resort Hotel,0,43,2016,November,45,3,2,3,2,0.0,0,BB,GBR,Offline TA/TO,TA/TO,0,0,0,A,A,0,No Deposit,177.0,0,Transient,30.6,0,1
Resort Hotel,0,36,2016,November,45,5,2,1,2,0.0,0,BB,CHE,Online TA,TA/TO,0,0,0,G,G,0,No Deposit,241.0,0,Transient,62.83,1,1
Resort Hotel,0,27,2016,November,46,7,1,0,2,0.0,0,BB,GBR,Offline TA/TO,TA/TO,0,0,0,E,E,0,No Deposit,360.0,0,Transient,53.46,0,0
Resort Hotel,0,11,2016,November,45,1,2,5,2,0.0,0,HB,FRA,Direct,Direct,0,0,0,E,E,2,No Deposit,,0,Transient,97.0,0,1
Resort Hotel,0,46,2016,November,45,5,2,1,2,0.0,0,BB,NLD,Online TA,TA/TO,0,0,0,D,D,0,No Deposit,240.0,0,Transient,52.8,1,1
Resort Hotel,0,57,2016,October,44,25,4,10,2,0.0,0,BB,FRA,Offline TA/TO,TA/TO,0,0,0,D,D,0,No Deposit,69.0,0,Transient,34.0,0,0
Resort Hotel,0,37,2016,November,45,5,2,1,2,0.0,0,BB,DEU,Offline TA/TO,TA/TO,0,0,0,A,A,1,No Deposit,177.0,0,Transient,30.6,0,0
Resort Hotel,0,17,2016,November,45,5,2,1,2,0.0,0,BB,LVA,Online TA,TA/TO,0,0,0,A,C,1,No Deposit,314.0,0,Transient,43.2,0,0
Resort Hotel,0,79,2016,November,46,6,2,0,2,0.0,0,HB,POL,Online TA,TA/TO,0,0,0,E,E,0,No Deposit,240.0,0,Transient,88.8,1,2
Resort Hotel,0,32,2016,November,45,1,2,5,2,0.0,0,BB,GBR,Online TA,TA/TO,0,0,0,A,A,1,No Deposit,468.0,0,Transient,30.24,0,0
Resort Hotel,0,69,2016,November,45,5,2,1,2,0.0,0,BB,GBR,Online TA,TA/TO,0,0,0,A,C,0,No Deposit,240.0,0,Transient,37.8,0,1
Resort Hotel,0,0,2016,November,46,7,1,0,2,0.0,0,BB,NLD,Direct,Direct,0,0,0,A,A,0,No Deposit,,0,Transient,70.0,0,0
Resort Hotel,0,40,2016,November,45,4,2,2,2,0.0,0,BB,GBR,Direct,Direct,0,0,0,D,D,1,No Deposit,250.0,0,Transient,57.76,0,2
Resort Hotel,0,91,2016,November,45,3,2,3,2,0.0,0,HB,FRA,Online TA,TA/TO,0,0,0,A,E,0,No Deposit,240.0,0,Transient,64.8,0,1
Resort Hotel,0,43,2016,November,45,1,2,5,2,0.0,0,BB,BEL,Offline TA/TO,TA/TO,0,0,0,A,D,1,No Deposit,6.0,0,Transient,35.0,1,0
Resort Hotel,0,0,2016,November,46,7,1,0,2,0.0,0,BB,MAR,Direct,Direct,0,0,0,A,A,0,No Deposit,,0,Transient,76.0,1,0
Resort Hotel,0,74,2016,November,45,5,2,1,2,0.0,0,HB,GBR,Offline TA/TO,TA/TO,0,0,0,A,A,0,No Deposit,26.0,0,Transient,55.8,0,0
Resort Hotel,0,57,2016,November,45,2,2,5,2,0.0,0,HB,FRA,Online TA,TA/TO,0,0,0,A,A,0,No Deposit,240.0,0,Transient-Party,69.94,0,1
Resort Hotel,0,57,2016,November,45,2,2,5,2,0.0,0,HB,FRA,Online TA,TA/TO,0,0,0,A,A,0,No Deposit,240.0,0,Transient-Party,71.94,0,1
Resort Hotel,0,46,2016,November,46,6,2,1,2,0.0,0,HB,GBR,Online TA,TA/TO,0,0,0,A,C,2,No Deposit,314.0,0,Transient,60.24,0,0
Resort Hotel,0,164,2016,November,45,4,2,3,2,0.0,0,BB,NLD,Direct,Direct,0,0,0,A,A,1,No Deposit,250.0,0,Transient,43.8,1,0
Resort Hotel,0,26,2016,November,45,2,2,5,2,0.0,0,Undefined,ITA,Online TA,TA/TO,0,0,0,A,A,2,No Deposit,314.0,0,Transient,87.65,0,0
Resort Hotel,0,6,2016,November,46,8,0,1,2,0.0,0,BB,AUT,Offline TA/TO,TA/TO,0,0,0,D,E,0,No Deposit,251.0,0,Transient-Party,42.0,0,1
Resort Hotel,0,89,2016,October,45,30,4,6,2,0.0,0,HB,ITA,Direct,Direct,0,0,0,F,F,1,No Deposit,250.0,0,Transient,102.8,1,0
Resort Hotel,0,26,2016,November,45,5,2,2,2,0.0,0,BB,ESP,Direct,Direct,0,0,0,D,D,0,No Deposit,250.0,0,Transient,45.77,0,0
Resort Hotel,0,45,2016,November,45,5,2,2,2,0.0,0,HB,FRA,Offline TA/TO,TA/TO,0,0,0,A,D,0,No Deposit,6.0,0,Transient,52.4,0,0
Resort Hotel,0,49,2016,November,45,5,2,2,2,0.0,0,BB,FIN,Online TA,TA/TO,0,0,0,D,D,0,No Deposit,240.0,0,Transient,46.8,0,1
Resort Hotel,0,1,2016,November,46,8,0,1,2,0.0,0,BB,PRT,Online TA,TA/TO,0,0,0,E,E,0,No Deposit,240.0,0,Transient,96.0,1,1
Resort Hotel,0,28,2016,November,45,5,2,2,2,0.0,0,BB,FRA,Online TA,TA/TO,0,0,0,A,A,0,No Deposit,240.0,0,Transient,41.85,0,1
Resort Hotel,0,48,2016,November,45,5,2,2,2,0.0,0,BB,DEU,Online TA,TA/TO,0,0,0,D,D,0,No Deposit,241.0,0,Transient,36.04,0,1
Resort Hotel,0,6,2016,November,46,8,0,1,2,0.0,0,BB,CZE,Offline TA/TO,TA/TO,0,0,0,D,E,0,No Deposit,251.0,0,Transient-Party,42.0,0,1
Resort Hotel,0,51,2016,November,45,2,2,5,2,0.0,0,BB,FRA,Direct,Direct,0,0,0,D,D,0,No Deposit,,0,Transient,47.24,1,1
Resort Hotel,0,7,2016,November,46,7,1,1,2,0.0,0,BB,CN,Online TA,TA/TO,0,0,0,E,E,0,No Deposit,241.0,0,Transient,57.97,1,1
Resort Hotel,0,41,2016,November,46,6,2,1,2,0.0,0,HB,BEL,Offline TA/TO,TA/TO,0,0,0,A,D,0,No Deposit,6.0,0,Transient,52.4,0,1
Resort Hotel,0,0,2016,November,46,9,0,0,2,0.0,0,HB,GBR,Online TA,TA/TO,1,0,0,F,I,0,No Deposit,241.0,0,Transient,0.0,0,2
Resort Hotel,0,42,2016,November,45,5,2,2,2,0.0,0,HB,FRA,Direct,Direct,0,0,0,A,A,2,No Deposit,250.0,0,Transient,76.96,0,1
Resort Hotel,0,0,2016,November,46,6,2,1,2,0.0,0,BB,GBR,Online TA,TA/TO,0,0,0,A,A,0,No Deposit,241.0,0,Transient,54.86,0,0
Resort Hotel,0,22,2016,November,46,7,1,1,2,0.0,0,BB,POL,Online TA,TA/TO,0,0,0,A,A,0,No Deposit,240.0,0,Transient-Party,61.0,1,1
Resort Hotel,0,49,2016,November,46,6,2,1,2,0.0,0,HB,ESP,Online TA,TA/TO,0,0,0,A,A,6,No Deposit,240.0,0,Transient,64.8,0,3
Resort Hotel,0,70,2016,November,45,2,2,5,2,0.0,0,HB,DEU,Offline TA/TO,TA/TO,0,0,0,E,E,0,No Deposit,171.0,0,Transient,70.11,0,0
Resort Hotel,0,56,2016,November,46,6,2,1,2,0.0,0,BB,BRA,Online TA,TA/TO,0,0,0,A,C,1,No Deposit,240.0,0,Transient,42.0,0,2
Resort Hotel,0,6,2016,November,46,9,0,0,2,0.0,0,HB,PRT,Direct,Direct,0,0,0,A,I,1,No Deposit,250.0,0,Transient,0.0,0,0
Resort Hotel,0,73,2016,November,45,4,2,4,2,0.0,0,BB,NLD,Online TA,TA/TO,0,0,0,D,D,0,No Deposit,240.0,0,Transient,48.47,0,0
Resort Hotel,0,55,2016,November,46,6,2,2,2,0.0,0,BB,GBR,Online TA,TA/TO,0,0,0,F,E,0,No Deposit,241.0,0,Transient,46.43,0,0
Resort Hotel,0,48,2016,November,46,6,2,2,2,0.0,0,HB,FRA,Offline TA/TO,TA/TO,0,0,0,A,D,0,No Deposit,6.0,0,Transient,52.4,0,0
Resort Hotel,0,93,2016,November,46,9,0,1,2,0.0,0,BB,BEL,Online TA,TA/TO,0,0,0,A,A,0,No Deposit,240.0,0,Transient,37.8,0,1
Resort Hotel,0,66,2016,November,46,6,2,2,2,0.0,0,BB,FRA,Online TA,TA/TO,0,0,0,A,C,1,No Deposit,240.0,0,Transient,37.8,0,2
Resort Hotel,0,253,2016,November,45,5,2,3,2,0.0,0,BB,GBR,Direct,Direct,0,0,0,F,E,1,No Deposit,250.0,0,Transient,73.0,0,0
Resort Hotel,0,59,2016,November,46,9,0,1,2,0.0,0,BB,GBR,Online TA,TA/TO,0,0,0,A,A,1,No Deposit,241.0,0,Transient,29.11,0,1
Resort Hotel,0,74,2016,November,46,6,2,2,2,0.0,0,HB,GBR,Online TA,TA/TO,0,0,0,D,D,1,No Deposit,147.0,0,Transient-Party,62.48,0,2
Resort Hotel,0,22,2016,November,45,1,2,7,2,0.0,0,HB,FRA,Online TA,TA/TO,0,0,0,D,D,0,No Deposit,240.0,0,Transient,88.8,1,2
Resort Hotel,0,74,2016,November,46,6,2,2,2,0.0,0,HB,GBR,Online TA,TA/TO,0,0,0,D,D,1,No Deposit,147.0,0,Transient-Party,60.48,0,2
Resort Hotel,0,85,2016,November,45,2,2,6,2,0.0,0,BB,DEU,Online TA,TA/TO,0,0,0,A,A,0,No Deposit,242.0,0,Transient,37.8,0,1
Resort Hotel,0,41,2016,November,46,6,2,2,2,0.0,0,HB,BEL,Offline TA/TO,TA/TO,0,0,0,A,D,0,No Deposit,6.0,0,Transient,58.4,1,0
Resort Hotel,0,78,2016,November,46,8,0,2,2,0.0,0,BB,CHE,Online TA,TA/TO,0,0,0,D,D,0,No Deposit,240.0,0,Transient,54.8,1,1
Resort Hotel,0,7,2016,November,46,7,1,2,2,0.0,0,BB,BEL,Online TA,TA/TO,0,0,0,A,A,0,No Deposit,240.0,0,Transient,60.0,0,2
Resort Hotel,0,6,2016,November,48,21,1,3,2,0.0,0,BB,BEL,Online TA,TA/TO,1,0,1,D,D,0,No Deposit,240.0,0,Transient,56.0,0,4
Resort Hotel,0,4,2016,December,50,5,1,2,2,0.0,0,BB,BRA,Direct,TA/TO,1,0,0,D,D,0,No Deposit,250.0,0,Transient,61.2,0,4
Resort Hotel,0,2,2017,January,2,9,1,2,2,0.0,0,BB,BRA,Direct,TA/TO,1,0,1,A,D,0,No Deposit,250.0,0,Group,44.0,0,4
Resort Hotel,0,6,2017,February,6,7,0,4,2,0.0,0,BB,BRA,Direct,TA/TO,1,0,2,A,C,0,No Deposit,250.0,0,Transient,43.2,0,4
Resort Hotel,0,9,2017,March,10,6,1,2,2,0.0,0,BB,BRA,Direct,TA/TO,1,0,3,A,D,0,No Deposit,250.0,0,Transient,49.5,0,4
Resort Hotel,0,24,2017,March,13,29,0,2,2,0.0,0,BB,BRA,Direct,TA/TO,1,0,4,D,D,0,No Deposit,250.0,0,Group,63.0,0,5
Resort Hotel,0,1,2016,November,46,9,0,1,2,0.0,0,BB,NLD,Online TA,TA/TO,0,0,0,A,A,0,No Deposit,240.0,0,Transient,42.0,0,1
Resort Hotel,0,47,2016,November,45,5,2,3,2,0.0,0,BB,GBR,Online TA,TA/TO,0,0,0,A,A,0,No Deposit,147.0,0,Transient,32.24,0,1
Resort Hotel,0,9,2016,November,46,6,2,2,2,0.0,0,HB,ESP,Online TA,TA/TO,0,0,0,D,D,0,No Deposit,,0,Transient,70.56,0,1
Resort Hotel,0,30,2016,November,46,10,0,0,2,0.0,0,HB,PRT,Online TA,TA/TO,0,0,0,D,D,1,No Deposit,314.0,0,Transient,0.0,0,0
Resort Hotel,0,4,2016,November,46,8,0,2,2,0.0,0,BB,PRT,Online TA,TA/TO,0,0,0,A,A,0,No Deposit,468.0,0,Transient,60.0,0,0
Resort Hotel,0,6,2016,November,46,7,1,2,2,0.0,0,BB,BRA,Online TA,TA/TO,0,0,0,A,A,0,No Deposit,240.0,0,Transient,68.33,0,2
Resort Hotel,0,18,2016,November,46,9,0,1,2,0.0,0,BB,ITA,Online TA,TA/TO,0,0,0,E,G,0,No Deposit,240.0,0,Transient,75.0,0,1
Resort Hotel,0,150,2016,November,46,8,0,3,2,0.0,0,BB,CHE,Online TA,TA/TO,0,0,0,A,A,0,No Deposit,240.0,0,Transient,37.8,0,2
Resort Hotel,0,50,2016,November,45,4,2,5,2,0.0,0,BB,ESP,Online TA,TA/TO,0,0,0,A,A,0,No Deposit,240.0,0,Transient,37.8,0,1
Resort Hotel,0,28,2016,November,46,8,0,3,2,0.0,0,BB,ITA,Online TA,TA/TO,0,0,0,A,A,0,No Deposit,240.0,0,Transient,41.4,0,1
Resort Hotel,0,0,2016,November,46,11,0,1,2,0.0,0,BB,ITA,Direct,TA/TO,1,0,0,A,A,0,No Deposit,,0,Transient,70.0,0,1
Resort Hotel,0,0,2016,November,46,10,0,1,2,0.0,0,BB,FRA,Online TA,TA/TO,0,0,0,E,E,0,No Deposit,240.0,0,Transient,96.0,1,1
Resort Hotel,0,42,2016,November,45,4,2,5,2,0.0,0,BB,GBR,Offline TA/TO,TA/TO,0,0,0,A,D,0,No Deposit,6.0,0,Transient,30.71,0,0
Resort Hotel,0,117,2016,October,45,30,4,8,2,0.0,0,BB,NLD,Online TA,TA/TO,0,0,0,A,A,0,No Deposit,240.0,0,Transient,44.15,1,2
Resort Hotel,0,2,2016,November,46,10,0,1,2,0.0,0,BB,SWE,Online TA,TA/TO,0,0,0,E,E,0,No Deposit,240.0,0,Transient-Party,96.0,1,1
Resort Hotel,0,2,2016,November,46,10,0,1,2,0.0,0,BB,SWE,Online TA,TA/TO,0,0,0,E,E,0,No Deposit,240.0,0,Transient-Party,90.0,0,1
Resort Hotel,0,53,2016,November,45,4,2,5,2,0.0,0,HB,GBR,Offline TA/TO,TA/TO,0,0,0,A,A,0,No Deposit,171.0,0,Transient,54.0,0,0
Resort Hotel,0,65,2016,November,46,8,0,3,2,0.0,0,HB,BRA,Online TA,TA/TO,0,0,0,D,E,0,No Deposit,240.0,0,Transient,79.8,0,1
Resort Hotel,0,53,2016,November,45,4,2,5,2,0.0,0,HB,PRT,Offline TA/TO,TA/TO,0,0,0,A,A,0,No Deposit,171.0,0,Transient,55.71,0,0
Resort Hotel,0,198,2016,November,46,6,2,3,2,0.0,0,BB,IRL,Online TA,TA/TO,0,0,0,A,C,1,No Deposit,242.0,0,Transient,37.8,0,1
Resort Hotel,0,36,2016,November,45,4,2,5,2,0.0,0,BB,POL,Online TA,TA/TO,0,0,0,D,D,0,No Deposit,241.0,0,Transient,36.04,0,1
Resort Hotel,0,39,2016,November,45,4,2,5,2,0.0,0,HB,FRA,Direct,Direct,0,0,0,F,F,0,No Deposit,250.0,0,Transient,91.06,1,0
Resort Hotel,0,9,2017,February,7,18,1,1,2,0.0,0,BB,PRT,Online TA,Direct,1,0,1,A,A,2,No Deposit,240.0,0,Transient,60.0,0,2
Resort Hotel,0,29,2016,November,46,11,0,0,2,0.0,0,BB,GBR,Online TA,TA/TO,0,0,0,E,I,0,No Deposit,240.0,0,Transient,0.0,0,0
Resort Hotel,0,60,2016,November,46,7,1,3,2,0.0,0,HB,GBR,Direct,Direct,0,0,0,E,E,1,No Deposit,250.0,0,Transient,80.22,0,1
Resort Hotel,0,43,2016,November,46,8,0,4,2,0.0,0,BB,LVA,Online TA,TA/TO,0,0,0,D,D,0,No Deposit,240.0,0,Transient,46.8,0,2
Resort Hotel,0,3,2016,November,46,8,0,4,2,0.0,0,HB,POL,Online TA,TA/TO,0,0,0,A,A,0,No Deposit,240.0,0,Transient,105.0,0,1
Resort Hotel,0,49,2016,November,46,9,0,3,2,0.0,0,BB,PRT,Offline TA/TO,TA/TO,0,0,0,A,D,0,No Deposit,6.0,0,Transient,35.0,1,1
Resort Hotel,0,70,2016,November,45,5,2,5,2,0.0,0,BB,FRA,Online TA,TA/TO,0,0,0,A,A,0,No Deposit,240.0,0,Transient,37.8,0,3
Resort Hotel,0,17,2016,November,45,5,2,5,2,0.0,0,HB,GBR,Online TA,TA/TO,0,0,0,E,E,1,No Deposit,314.0,0,Transient,82.0,0,0
Resort Hotel,0,104,2016,November,45,5,2,5,2,0.0,0,BB,NLD,Online TA,TA/TO,0,0,0,D,D,0,No Deposit,240.0,0,Transient-Party,54.0,0,1
Resort Hotel,0,29,2016,November,45,5,2,5,2,0.0,0,HB,DZA,Offline TA/TO,TA/TO,0,0,0,E,E,0,No Deposit,177.0,0,Transient,68.4,0,1
Resort Hotel,0,41,2016,November,45,5,2,5,2,0.0,0,BB,IRL,Online TA,TA/TO,0,0,0,A,A,0,No Deposit,240.0,0,Transient,39.51,0,2
Resort Hotel,0,104,2016,November,45,5,2,5,2,0.0,0,BB,IND,Online TA,TA/TO,0,0,0,D,D,0,No Deposit,240.0,0,Transient-Party,54.0,0,1
Resort Hotel,0,51,2016,November,45,5,2,5,2,0.0,0,BB,IRL,Online TA,TA/TO,0,0,0,A,A,0,No Deposit,240.0,0,Transient,37.8,0,2
Resort Hotel,0,104,2016,November,45,5,2,5,2,0.0,0,BB,NLD,Online TA,TA/TO,0,0,0,D,D,0,No Deposit,240.0,0,Transient-Party,54.0,0,1
Resort Hotel,0,46,2016,November,45,5,2,5,2,0.0,0,BB,MLT,Offline TA/TO,TA/TO,0,0,0,A,D,0,No Deposit,6.0,0,Transient,35.0,1,0
Resort Hotel,0,65,2016,November,46,8,0,4,2,0.0,0,BB,DEU,Online TA,TA/TO,0,0,0,A,A,0,No Deposit,240.0,0,Transient,37.8,0,1
Resort Hotel,0,92,2016,November,46,8,0,4,2,0.0,0,BB,AUT,Online TA,TA/TO,0,0,0,A,A,0,No Deposit,240.0,0,Transient-Party,37.8,0,0
Resort Hotel,0,92,2016,November,46,8,0,4,2,0.0,0,BB,AUT,Online TA,TA/TO,0,0,0,A,A,0,No Deposit,240.0,0,Transient-Party,37.8,0,0
Resort Hotel,0,95,2016,November,45,5,2,5,2,0.0,0,BB,NLD,Online TA,TA/TO,0,0,0,G,G,1,No Deposit,240.0,0,Transient,96.0,1,1
Resort Hotel,0,25,2016,November,46,10,0,2,2,0.0,0,HB,USA,Online TA,TA/TO,0,0,0,D,D,0,No Deposit,240.0,0,Transient,100.0,0,1
Resort Hotel,0,31,2016,November,46,12,0,0,2,0.0,0,BB,PRT,Online TA,TA/TO,0,0,0,A,I,0,No Deposit,242.0,0,Transient,0.0,0,1
Resort Hotel,0,2,2016,November,46,11,0,1,2,0.0,0,BB,PRT,Direct,Direct,0,0,0,E,E,0,No Deposit,,0,Transient,85.0,0,0
Resort Hotel,0,48,2016,November,46,7,1,4,2,0.0,0,BB,FRA,Offline TA/TO,TA/TO,0,0,0,A,D,0,No Deposit,6.0,0,Transient,29.0,0,0
Resort Hotel,0,99,2016,November,45,5,2,5,2,0.0,0,HB,GBR,Online TA,TA/TO,0,0,0,E,E,1,No Deposit,339.0,0,Transient,68.04,0,0
Resort Hotel,0,47,2016,November,45,5,2,5,2,0.0,0,HB,PRT,Direct,Direct,0,0,0,F,E,1,No Deposit,250.0,0,Transient,83.06,0,0
Resort Hotel,0,44,2016,November,46,9,0,3,2,0.0,0,BB,FRA,Offline TA/TO,TA/TO,0,0,0,A,D,0,No Deposit,6.0,0,Transient,29.0,0,0
Resort Hotel,0,60,2016,November,45,5,2,5,2,0.0,0,BB,GBR,Online TA,TA/TO,0,0,0,A,A,0,No Deposit,314.0,0,Transient,30.24,0,0
Resort Hotel,0,43,2016,November,45,5,2,5,2,0.0,0,BB,GBR,Online TA,TA/TO,0,0,0,D,D,0,No Deposit,240.0,0,Transient,46.8,0,2
Resort Hotel,0,191,2016,November,45,5,2,5,2,0.0,0,BB,PRT,Online TA,TA/TO,0,0,0,A,A,0,No Deposit,314.0,0,Transient,30.24,0,0
Resort Hotel,0,0,2016,November,46,11,0,1,2,0.0,0,BB,GBR,Direct,Direct,0,0,0,A,A,0,No Deposit,,0,Transient,65.0,0,0
Resort Hotel,0,40,2016,November,46,8,0,4,2,0.0,0,BB,ITA,Online TA,TA/TO,0,0,0,D,D,0,No Deposit,240.0,0,Transient,46.8,0,1
Resort Hotel,0,44,2016,November,46,9,0,3,2,0.0,0,BB,FRA,Online TA,TA/TO,0,0,0,A,A,0,No Deposit,240.0,0,Transient,37.8,0,1
Resort Hotel,0,67,2016,November,46,6,2,4,2,0.0,0,BB,DEU,Online TA,TA/TO,0,0,0,E,F,0,No Deposit,240.0,0,Transient,57.47,0,2
Resort Hotel,0,42,2016,November,46,7,1,4,2,0.0,0,BB,FRA,Offline TA/TO,TA/TO,0,0,0,A,D,0,No Deposit,6.0,0,Transient,35.0,1,1
Resort Hotel,0,34,2016,November,45,5,2,5,2,0.0,0,BB,NLD,Online TA,TA/TO,0,0,0,A,A,0,No Deposit,240.0,0,Transient,37.8,0,1
Resort Hotel,0,43,2016,November,46,8,0,4,2,0.0,0,BB,LVA,Online TA,TA/TO,0,0,0,D,D,0,No Deposit,240.0,0,Transient-Party,46.8,0,2
Resort Hotel,0,20,2016,November,46,8,0,4,2,0.0,0,BB,POL,Direct,Direct,0,0,0,E,E,1,No Deposit,250.0,0,Transient,78.25,1,2
Resort Hotel,0,13,2016,November,46,7,1,4,2,0.0,0,BB,USA,Offline TA/TO,TA/TO,0,0,0,D,E,1,No Deposit,6.0,0,Transient,37.0,0,0
Resort Hotel,0,50,2016,November,46,9,0,3,2,0.0,0,BB,FRA,Online TA,TA/TO,0,0,0,A,C,1,No Deposit,240.0,0,Transient,43.8,1,2
Resort Hotel,0,95,2016,November,45,5,2,5,2,0.0,0,BB,GBR,Online TA,TA/TO,0,0,0,E,E,0,No Deposit,240.0,0,Transient,57.8,0,3
Resort Hotel,0,40,2016,November,46,8,0,4,2,0.0,0,BB,MLT,Online TA,TA/TO,0,0,0,D,D,0,No Deposit,240.0,0,Transient,52.8,1,1
Resort Hotel,0,110,2016,November,46,11,0,1,2,0.0,0,BB,BRA,Online TA,TA/TO,0,0,0,A,A,2,No Deposit,314.0,0,Transient,36.24,1,0
Resort Hotel,0,110,2016,November,46,11,0,1,2,0.0,0,BB,BRA,Online TA,TA/TO,0,0,0,A,A,1,No Deposit,314.0,0,Transient,30.24,0,0
Resort Hotel,0,27,2016,November,46,10,0,2,2,0.0,0,BB,PRT,Online TA,TA/TO,0,0,0,D,D,0,No Deposit,240.0,0,Transient,76.0,1,1
Resort Hotel,0,29,2016,November,46,6,2,4,2,0.0,0,BB,GBR,Online TA,TA/TO,0,0,0,A,A,0,No Deposit,242.0,0,Transient,37.8,0,1
Resort Hotel,0,27,2016,November,45,5,2,5,2,0.0,0,BB,ROU,Direct,Direct,0,0,0,A,A,0,No Deposit,250.0,0,Transient,36.1,0,0
Resort Hotel,0,67,2016,November,46,6,2,4,2,0.0,0,BB,DEU,Online TA,TA/TO,0,0,0,E,F,0,No Deposit,240.0,0,Transient,55.8,0,2
Resort Hotel,0,62,2016,November,46,7,1,4,2,0.0,0,HB,PRT,Online TA,TA/TO,0,0,0,D,D,0,No Deposit,240.0,0,Transient,79.8,1,2
Resort Hotel,0,28,2016,November,46,7,1,4,2,0.0,0,HB,ESP,Online TA,TA/TO,0,0,0,A,A,0,No Deposit,196.0,0,Transient,64.8,0,0
Resort Hotel,0,121,2016,November,45,5,2,5,2,0.0,0,BB,IRL,Online TA,TA/TO,0,0,0,A,A,0,No Deposit,314.0,0,Transient,31.95,0,0
Resort Hotel,0,48,2016,November,46,9,0,3,2,0.0,0,BB,FRA,Direct,Direct,0,0,0,A,A,1,No Deposit,250.0,0,Transient,33.26,0,1
Resort Hotel,0,43,2016,November,46,8,0,4,2,0.0,0,BB,LVA,Online TA,TA/TO,0,0,0,D,D,0,No Deposit,240.0,0,Transient-Party,46.8,0,2
Resort Hotel,0,0,2016,November,46,11,0,1,2,0.0,0,BB,PRT,Direct,Direct,0,0,0,E,E,0,No Deposit,,0,Transient,85.0,0,0
Resort Hotel,0,148,2016,October,45,30,4,10,2,0.0,0,BB,GBR,Online TA,TA/TO,0,0,0,A,A,0,No Deposit,240.0,0,Transient,40.1,0,2
Resort Hotel,0,230,2016,November,46,7,1,5,2,0.0,0,HB,FRA,Online TA,TA/TO,0,0,0,A,C,2,No Deposit,240.0,0,Transient,64.9,1,3
Resort Hotel,0,22,2016,November,46,10,0,3,2,0.0,0,HB,ESP,Online TA,TA/TO,0,0,0,E,E,0,No Deposit,175.0,0,Transient,75.6,0,2
Resort Hotel,0,35,2016,November,46,10,0,3,2,0.0,0,BB,PRT,Online TA,TA/TO,0,0,0,A,A,0,No Deposit,240.0,0,Transient-Party,37.8,1,1
Resort Hotel,0,73,2016,November,46,10,0,3,2,0.0,0,BB,FRA,Online TA,TA/TO,0,0,0,A,A,0,No Deposit,314.0,0,Transient,30.24,0,0
Resort Hotel,0,35,2016,November,46,10,0,3,2,0.0,0,BB,PRT,Online TA,TA/TO,0,0,0,A,D,0,No Deposit,240.0,0,Transient,37.8,0,2
Resort Hotel,0,39,2016,November,46,6,2,5,2,0.0,0,HB,GBR,Offline TA/TO,TA/TO,0,0,0,A,A,0,No Deposit,40.0,0,Transient,61.58,0,0
Resort Hotel,0,36,2016,November,46,10,0,3,2,0.0,0,HB,PRT,Online TA,TA/TO,0,0,0,A,A,0,No Deposit,240.0,0,Transient-Party,64.8,0,1
Resort Hotel,0,36,2016,November,46,10,0,3,2,0.0,0,HB,PRT,Online TA,TA/TO,0,0,0,A,C,0,No Deposit,240.0,0,Transient-Party,70.8,1,1
Resort Hotel,0,35,2016,November,46,10,0,3,2,0.0,0,BB,PRT,Online TA,TA/TO,0,0,0,A,D,0,No Deposit,240.0,0,Transient,37.8,0,2
Resort Hotel,0,0,2016,November,46,11,0,2,2,0.0,0,BB,PRT,Online TA,TA/TO,0,0,0,A,A,0,No Deposit,240.0,0,Transient,81.0,1,1
Resort Hotel,0,17,2016,November,46,7,1,5,2,0.0,0,BB,ROU,Direct,Direct,0,0,0,E,F,1,No Deposit,250.0,0,Transient,74.17,0,2
Resort Hotel,0,28,2016,November,46,11,0,2,2,0.0,0,BB,PRT,Direct,Direct,0,0,0,G,G,2,No Deposit,250.0,0,Transient,114.4,1,3
Resort Hotel,0,5,2016,November,46,10,0,3,2,0.0,0,BB,PRT,Online TA,TA/TO,0,0,0,A,C,0,No Deposit,241.0,0,Transient,57.75,0,1
Resort Hotel,0,52,2016,November,46,10,0,3,2,0.0,0,BB,GBR,Online TA,TA/TO,0,0,0,D,D,1,No Deposit,240.0,0,Transient,46.8,0,2
Resort Hotel,0,73,2016,November,46,12,0,1,2,0.0,0,BB,PRT,Online TA,TA/TO,0,0,0,A,D,0,No Deposit,240.0,0,Transient,37.8,0,1
Resort Hotel,0,73,2016,November,46,12,0,1,2,0.0,0,BB,PRT,Online TA,TA/TO,0,0,0,A,D,0,No Deposit,240.0,0,Transient,37.8,0,1
Resort Hotel,0,69,2016,November,46,8,0,5,2,0.0,0,HB,FRA,Online TA,TA/TO,0,0,0,E,E,0,No Deposit,240.0,0,Transient,82.8,0,2
Resort Hotel,0,27,2016,November,46,10,0,3,2,0.0,0,HB,ESP,Offline TA/TO,TA/TO,0,0,0,A,D,0,No Deposit,6.0,0,Transient,54.0,0,0
Resort Hotel,0,37,2016,October,45,30,4,10,2,0.0,0,BB,IRL,Online TA,TA/TO,0,0,0,D,D,0,No Deposit,240.0,0,Transient,50.02,0,2
Resort Hotel,0,52,2016,November,46,10,0,3,2,0.0,0,BB,FRA,Offline TA/TO,TA/TO,0,0,0,A,D,0,No Deposit,6.0,0,Transient,29.0,0,0
Resort Hotel,0,15,2016,November,46,11,0,2,2,0.0,0,BB,PRT,Online TA,TA/TO,0,0,0,A,A,0,No Deposit,241.0,0,Transient,41.57,0,1
Resort Hotel,0,19,2016,November,45,5,2,6,2,0.0,0,HB,DEU,Offline TA/TO,TA/TO,0,0,0,A,A,0,No Deposit,69.0,0,Transient,47.7,0,0
Resort Hotel,0,65,2016,November,46,11,0,2,2,0.0,0,BB,PRT,Complementary,Direct,0,0,0,A,D,1,No Deposit,,0,Transient,0.0,0,0
Resort Hotel,0,35,2016,November,46,10,0,3,2,0.0,0,BB,PRT,Online TA,TA/TO,0,0,0,A,A,0,No Deposit,240.0,0,Transient-Party,37.8,0,1
Resort Hotel,0,0,2016,November,46,12,0,1,2,0.0,0,HB,FRA,Online TA,TA/TO,0,0,0,D,D,0,No Deposit,240.0,0,Transient,113.0,0,1
Resort Hotel,0,0,2016,November,46,12,0,1,2,0.0,0,BB,PRT,Online TA,TA/TO,0,0,0,A,A,0,No Deposit,240.0,0,Transient,75.0,0,0
Resort Hotel,0,26,2016,November,46,11,0,2,2,0.0,0,BB,IRL,Direct,Direct,0,0,0,F,F,0,No Deposit,250.0,0,Transient,76.5,0,0
Resort Hotel,0,69,2016,November,46,11,0,2,2,0.0,0,BB,ESP,Direct,Direct,0,0,0,E,E,0,No Deposit,250.0,0,Transient,65.8,0,1
Resort Hotel,0,16,2016,November,46,7,2,5,2,0.0,0,Undefined,FRA,Offline TA/TO,TA/TO,0,0,0,A,A,1,No Deposit,464.0,0,Transient,67.71,0,0
Resort Hotel,0,14,2016,October,45,30,5,10,2,0.0,0,BB,FRA,Online TA,TA/TO,0,0,0,D,D,0,No Deposit,241.0,0,Transient,53.32,1,1
Resort Hotel,0,0,2016,November,46,11,1,2,2,0.0,0,BB,BEL,Online TA,TA/TO,0,0,0,A,E,0,No Deposit,240.0,0,Transient,71.67,0,1
Resort Hotel,0,20,2016,November,46,9,1,4,2,0.0,0,BB,ESP,Offline TA/TO,TA/TO,0,0,0,D,E,0,No Deposit,6.0,0,Transient,43.0,1,0
Resort Hotel,0,25,2016,November,46,7,2,5,2,0.0,0,BB,GBR,Offline TA/TO,TA/TO,0,0,0,E,E,1,No Deposit,40.0,0,Transient,60.65,0,0
Resort Hotel,0,92,2016,November,46,8,1,5,2,0.0,0,BB,BEL,Online TA,TA/TO,0,0,0,A,A,0,No Deposit,240.0,0,Transient,37.8,0,1
Resort Hotel,0,49,2016,November,46,11,1,2,2,0.0,0,HB,FRA,Offline TA/TO,TA/TO,0,0,0,A,D,0,No Deposit,6.0,0,Transient,58.4,1,0
Resort Hotel,0,152,2016,November,46,9,1,4,2,0.0,0,BB,ESP,Direct,Direct,0,0,0,D,D,0,No Deposit,250.0,0,Transient,52.8,1,0
Resort Hotel,0,36,2016,November,46,7,2,5,2,0.0,0,BB,FRA,Online TA,TA/TO,0,0,0,A,A,0,No Deposit,240.0,0,Transient,39.51,0,1
Resort Hotel,0,19,2016,November,45,4,3,7,2,0.0,0,HB,GBR,Direct,Direct,0,0,0,E,E,3,No Deposit,250.0,0,Transient,89.77,0,0
Resort Hotel,0,32,2016,November,46,9,1,4,2,0.0,0,BB,FRA,Online TA,TA/TO,0,0,0,A,A,0,No Deposit,240.0,0,Transient,37.8,0,1
Resort Hotel,0,11,2016,November,47,13,2,5,2,0.0,0,HB,GBR,Offline TA/TO,TA/TO,0,0,0,A,D,1,No Deposit,40.0,0,Transient,68.15,0,0
Resort Hotel,0,1,2016,November,47,13,1,0,2,0.0,0,BB,CHE,Online TA,TA/TO,0,0,0,A,D,0,No Deposit,240.0,0,Transient,65.0,0,2
Resort Hotel,0,50,2016,November,46,9,1,4,2,0.0,0,HB,FRA,Offline TA/TO,TA/TO,0,0,0,A,D,1,No Deposit,6.0,0,Transient,52.4,0,0
Resort Hotel,0,41,2016,November,45,2,3,9,2,0.0,0,BB,PRT,Online TA,TA/TO,0,0,0,A,A,0,No Deposit,240.0,0,Transient,37.8,0,0
Resort Hotel,0,57,2016,November,46,11,1,2,2,0.0,0,BB,SVN,Online TA,TA/TO,0,0,0,A,A,0,No Deposit,240.0,0,Transient-Party,37.8,0,2
Resort Hotel,0,57,2016,November,46,11,1,2,2,0.0,0,BB,SVN,Online TA,TA/TO,0,0,0,A,A,0,No Deposit,240.0,0,Transient-Party,37.8,0,2
Resort Hotel,0,30,2016,November,46,10,1,3,2,0.0,0,HB,GBR,Online TA,TA/TO,0,0,0,A,H,1,No Deposit,314.0,0,Transient,59.12,0,0
Resort Hotel,0,19,2016,November,47,13,1,0,2,0.0,0,BB,ESP,Online TA,TA/TO,0,0,0,A,D,0,No Deposit,240.0,0,Transient,48.0,0,0
Resort Hotel,0,2,2016,November,47,13,1,0,2,0.0,0,BB,PRT,Online TA,TA/TO,0,0,0,A,A,0,No Deposit,240.0,0,Transient,65.0,0,2
Resort Hotel,0,9,2016,November,46,10,1,3,2,0.0,0,BB,GBR,Direct,TA/TO,0,0,0,A,H,0,No Deposit,,0,Transient,37.8,0,1
Resort Hotel,0,4,2016,November,46,12,1,1,2,0.0,0,BB,PRT,Direct,Direct,0,0,0,A,A,0,No Deposit,,2,Transient,48.0,0,0
Resort Hotel,0,19,2016,November,46,10,2,3,2,0.0,0,BB,BEL,Direct,Direct,0,0,0,G,G,0,No Deposit,250.0,0,Transient,88.68,0,1
Resort Hotel,0,34,2016,November,46,11,2,2,2,0.0,0,HB,GBR,Online TA,TA/TO,0,0,0,D,D,1,No Deposit,147.0,0,Transient,60.48,0,0
Resort Hotel,0,50,2016,November,46,8,2,5,2,0.0,0,BB,BEL,Online TA,TA/TO,0,0,0,D,D,2,No Deposit,240.0,0,Transient,46.8,0,4
Resort Hotel,0,101,2016,November,46,10,2,3,2,0.0,0,BB,IRL,Online TA,TA/TO,0,0,0,D,D,0,No Deposit,339.0,0,Transient,37.44,0,0
Resort Hotel,0,45,2016,November,46,9,2,4,2,0.0,0,BB,BEL,Online TA,TA/TO,0,0,0,A,A,0,No Deposit,240.0,0,Transient,37.8,0,2
Resort Hotel,0,210,2016,November,46,10,2,3,2,0.0,0,BB,GBR,Online TA,TA/TO,0,0,0,E,E,0,No Deposit,241.0,0,Transient,42.97,0,2
Resort Hotel,0,29,2016,November,46,9,2,4,2,0.0,0,HB,GBR,Online TA,TA/TO,0,0,0,D,D,0,No Deposit,241.0,0,Transient,58.98,1,1
Resort Hotel,0,19,2016,November,47,14,1,0,2,0.0,0,BB,BRA,Online TA,TA/TO,0,0,0,D,D,0,No Deposit,240.0,0,Transient,56.0,0,2
Resort Hotel,0,39,2016,November,46,8,2,5,2,0.0,0,BB,FRA,Online TA,TA/TO,0,0,0,D,D,0,No Deposit,240.0,0,Transient,46.8,0,2
Resort Hotel,0,68,2016,November,46,11,2,2,2,0.0,0,BB,PRT,Online TA,TA/TO,0,0,0,A,A,0,No Deposit,240.0,0,Transient,37.8,0,1
Resort Hotel,0,158,2016,November,46,12,2,1,2,0.0,0,BB,CN,Offline TA/TO,TA/TO,0,0,0,E,E,0,No Deposit,11.0,0,Transient,51.0,1,0
Resort Hotel,0,39,2016,November,46,8,2,5,2,0.0,0,BB,FRA,Online TA,TA/TO,0,0,0,D,D,0,No Deposit,240.0,0,Transient,46.8,0,1
Resort Hotel,0,0,2016,November,47,14,1,0,2,0.0,0,BB,FRA,Direct,Direct,0,0,0,F,F,0,No Deposit,,0,Transient,80.0,0,0
Resort Hotel,0,53,2016,November,46,12,2,1,2,0.0,0,BB,FRA,Offline TA/TO,TA/TO,0,0,0,A,D,0,No Deposit,6.0,0,Transient,29.0,0,0
Resort Hotel,0,0,2016,November,47,14,1,0,2,0.0,0,BB,ITA,Online TA,TA/TO,0,0,0,D,D,0,No Deposit,240.0,0,Transient,79.0,1,1
Resort Hotel,0,10,2016,November,47,14,1,0,2,0.0,0,BB,PRT,Online TA,TA/TO,0,0,0,A,A,0,No Deposit,240.0,0,Transient,48.0,0,2
Resort Hotel,0,1,2017,January,2,10,0,2,2,0.0,0,BB,PRT,Online TA,TA/TO,1,0,1,A,D,0,No Deposit,240.0,0,Transient,48.0,0,2
Resort Hotel,0,14,2017,March,10,8,0,3,2,0.0,0,BB,PRT,Online TA,TA/TO,1,0,2,A,A,0,No Deposit,240.0,0,Transient-Party,60.0,0,2
Resort Hotel,0,0,2016,November,47,14,1,0,2,0.0,0,BB,PRT,Direct,Direct,0,0,0,G,G,0,No Deposit,,0,Transient,111.0,1,0
Resort Hotel,0,20,2016,November,47,13,2,0,2,0.0,0,BB,PRT,Direct,Direct,0,0,0,E,E,2,No Deposit,,0,Transient,62.7,1,2
Resort Hotel,0,1,2016,November,47,14,1,0,2,0.0,0,BB,IRL,Online TA,TA/TO,0,0,0,A,D,0,No Deposit,240.0,0,Transient,65.0,0,1
Resort Hotel,0,44,2016,November,45,5,4,6,2,0.0,0,BB,FRA,Direct,Direct,0,0,0,A,A,0,No Deposit,250.0,0,Transient,34.86,0,0
Resort Hotel,0,50,2016,November,46,12,2,1,2,0.0,0,HB,FRA,Online TA,TA/TO,0,0,0,A,A,0,No Deposit,240.0,0,Transient,64.8,0,2
Resort Hotel,0,50,2016,November,46,12,2,1,2,0.0,0,HB,FRA,Online TA,TA/TO,0,0,0,A,A,0,No Deposit,240.0,0,Transient,64.8,0,2
Resort Hotel,0,50,2016,November,46,12,2,1,2,0.0,0,HB,FRA,Online TA,TA/TO,0,0,0,A,A,0,No Deposit,240.0,0,Transient,64.8,0,2
Resort Hotel,0,39,2016,November,46,10,2,3,2,0.0,0,BB,LTU,Online TA,TA/TO,0,0,0,D,D,0,No Deposit,240.0,0,Transient,46.8,0,1
Resort Hotel,0,52,2016,November,46,10,2,3,2,0.0,0,BB,FRA,Offline TA/TO,TA/TO,0,0,0,A,D,0,No Deposit,6.0,0,Transient,29.0,0,1
Resort Hotel,0,50,2016,November,46,12,2,1,2,0.0,0,HB,FRA,Online TA,TA/TO,0,0,0,A,A,0,No Deposit,240.0,0,Transient,64.8,0,2
Resort Hotel,0,103,2016,November,46,11,2,2,2,0.0,0,BB,GBR,Online TA,TA/TO,0,0,0,A,C,1,No Deposit,314.0,0,Transient,30.24,0,0
Resort Hotel,0,25,2016,November,46,6,4,6,2,0.0,0,BB,DEU,Offline TA/TO,TA/TO,0,0,0,D,D,0,No Deposit,75.0,0,Transient,39.6,0,0
Resort Hotel,0,69,2016,November,45,2,4,10,2,0.0,0,BB,PRT,Offline TA/TO,TA/TO,0,0,0,D,D,0,No Deposit,69.0,0,Transient,30.6,0,1
Resort Hotel,0,224,2016,November,46,9,2,5,2,0.0,0,BB,DEU,Offline TA/TO,TA/TO,0,0,0,A,C,1,No Deposit,143.0,0,Contract,26.1,0,0
Resort Hotel,0,97,2016,November,46,7,3,6,2,0.0,0,HB,DEU,Offline TA/TO,TA/TO,0,0,0,E,E,0,No Deposit,75.0,0,Transient,64.6,0,0
Resort Hotel,0,52,2016,November,46,11,2,3,2,0.0,0,BB,ESP,Online TA,TA/TO,0,0,0,A,A,0,No Deposit,240.0,0,Transient,39.4,0,2
Resort Hotel,0,52,2016,November,46,11,2,3,2,0.0,0,BB,ESP,Online TA,TA/TO,0,0,0,A,A,0,No Deposit,240.0,0,Transient,37.8,0,2
Resort Hotel,0,53,2016,November,46,12,2,2,2,0.0,0,BB,PRT,Offline TA/TO,TA/TO,0,0,0,A,D,0,No Deposit,6.0,0,Transient,29.0,0,0
Resort Hotel,0,0,2017,February,7,12,1,0,2,0.0,0,BB,PRT,Online TA,TA/TO,1,0,2,E,E,0,No Deposit,240.0,0,Transient,68.0,1,2
Resort Hotel,0,35,2016,November,46,12,2,2,2,0.0,0,BB,BRA,Online TA,TA/TO,0,0,0,A,A,0,No Deposit,240.0,0,Transient,37.8,0,1
Resort Hotel,0,8,2016,November,47,15,0,1,2,0.0,0,BB,PRT,Online TA,TA/TO,0,0,0,A,A,0,No Deposit,241.0,0,Transient,35.12,1,1
Resort Hotel,0,21,2016,November,47,14,1,1,2,0.0,0,HB,ESP,Online TA,TA/TO,0,0,0,E,E,0,No Deposit,242.0,0,Transient,89.71,1,1
Resort Hotel,0,21,2016,November,47,14,1,1,2,0.0,0,HB,ESP,Online TA,TA/TO,0,0,0,E,E,0,No Deposit,242.0,0,Transient,83.71,0,1
Resort Hotel,0,202,2016,November,46,12,2,2,2,0.0,0,BB,GBR,Online TA,TA/TO,0,0,0,A,A,0,No Deposit,240.0,0,Transient-Party,37.8,0,2
Resort Hotel,0,202,2016,November,46,12,2,2,2,0.0,0,BB,GBR,Online TA,TA/TO,0,0,0,A,A,0,No Deposit,240.0,0,Transient-Party,37.8,0,2
Resort Hotel,0,3,2016,December,53,27,0,2,2,0.0,0,BB,PRT,Direct,Direct,1,0,1,A,I,0,No Deposit,250.0,0,Transient,54.9,1,0
Resort Hotel,0,164,2016,December,53,29,0,3,2,0.0,0,BB,PRT,Direct,Direct,0,0,1,A,A,0,No Deposit,250.0,0,Group,63.1,1,1
Resort Hotel,0,0,2016,November,47,15,0,1,2,0.0,0,BB,FRA,Online TA,TA/TO,0,0,0,A,D,0,No Deposit,306.0,0,Transient,45.1,0,0
Resort Hotel,0,45,2016,November,47,15,0,1,2,0.0,0,BB,PRT,Online TA,TA/TO,0,0,0,D,D,0,No Deposit,241.0,0,Transient,42.04,1,1
Resort Hotel,0,85,2016,November,45,2,4,10,2,0.0,0,HB,DEU,Offline TA/TO,TA/TO,0,0,0,E,E,0,No Deposit,75.0,0,Transient,66.6,0,0
Resort Hotel,0,0,2016,November,47,15,0,1,2,0.0,0,BB,IRL,Direct,Direct,0,0,0,D,D,0,No Deposit,,0,Transient,79.0,1,0
Resort Hotel,0,2,2016,November,47,13,2,1,2,0.0,0,BB,ESP,Online TA,TA/TO,0,0,0,E,E,0,No Deposit,240.0,0,Transient,86.0,1,2
Resort Hotel,0,160,2016,November,46,12,2,2,2,0.0,0,BB,GBR,Online TA,TA/TO,0,0,0,E,E,1,No Deposit,240.0,0,Transient,55.8,0,2
Resort Hotel,0,55,2016,November,47,13,2,1,2,0.0,0,BB,GBR,Offline TA/TO,TA/TO,0,0,0,A,A,0,No Deposit,171.0,0,Transient,30.6,0,0
Resort Hotel,0,1,2016,November,47,13,2,1,2,0.0,0,BB,DEU,Online TA,TA/TO,0,0,0,A,A,0,No Deposit,241.0,0,Transient,50.05,1,1
Resort Hotel,0,33,2016,November,46,9,2,5,2,0.0,0,HB,GBR,Online TA,TA/TO,0,0,0,F,F,0,No Deposit,241.0,0,Transient,65.86,0,1
Resort Hotel,0,1,2017,March,9,4,0,1,2,0.0,0,BB,PRT,Corporate,Direct,1,0,3,A,A,0,No Deposit,,0,Transient,40.0,0,0
Resort Hotel,0,0,2016,November,47,15,0,1,2,0.0,0,BB,FRA,Direct,Direct,0,0,0,G,G,0,No Deposit,,0,Transient,111.0,1,0
Resort Hotel,0,0,2016,December,50,8,0,1,2,0.0,0,BB,FRA,Direct,Direct,1,0,1,A,E,1,No Deposit,,0,Transient,76.0,1,0
Resort Hotel,0,52,2016,November,46,12,2,3,2,0.0,0,BB,FRA,Offline TA/TO,TA/TO,0,0,0,A,D,1,No Deposit,6.0,0,Transient,29.0,0,0
Resort Hotel,0,54,2016,November,46,12,2,3,2,0.0,0,BB,IRL,Online TA,TA/TO,0,0,0,E,E,0,No Deposit,240.0,0,Transient,55.8,0,1
Resort Hotel,0,98,2016,November,46,10,2,5,2,0.0,0,HB,GBR,Offline TA/TO,TA/TO,0,0,0,A,C,0,No Deposit,57.0,0,Transient,34.0,0,1
Resort Hotel,0,80,2016,November,45,3,4,10,2,0.0,0,HB,FRA,Online TA,TA/TO,0,0,0,E,E,2,No Deposit,240.0,0,Transient,82.8,0,1
Resort Hotel,0,52,2016,November,46,12,2,3,2,0.0,0,BB,ESP,Offline TA/TO,TA/TO,0,0,0,A,D,0,No Deposit,6.0,0,Transient,29.0,0,0
Resort Hotel,0,85,2016,November,47,14,1,2,2,0.0,0,BB,DNK,Online TA,TA/TO,0,0,0,E,E,2,No Deposit,242.0,0,Transient,61.8,1,1
Resort Hotel,0,51,2016,November,47,13,2,2,2,0.0,0,HB,FRA,Offline TA/TO,TA/TO,0,0,0,A,D,0,No Deposit,6.0,0,Transient,52.4,0,1
Resort Hotel,0,15,2016,November,46,12,2,3,2,0.0,0,BB,ESP,Online TA,TA/TO,0,0,0,A,A,0,No Deposit,314.0,0,Transient,36.29,0,0
Resort Hotel,0,44,2016,November,47,15,0,2,2,0.0,0,BB,GBR,Online TA,TA/TO,0,0,0,A,A,0,No Deposit,240.0,0,Transient,37.8,0,2
Resort Hotel,0,13,2016,November,47,13,2,2,2,0.0,0,BB,GBR,Offline TA/TO,TA/TO,0,0,0,A,D,0,No Deposit,40.0,0,Transient,50.68,0,2
Resort Hotel,0,7,2016,November,47,16,0,1,2,0.0,0,BB,ESP,Online TA,TA/TO,0,0,0,A,A,0,No Deposit,240.0,0,Transient,48.0,1,2
Resort Hotel,0,15,2016,November,47,16,0,1,2,0.0,0,BB,FIN,Online TA,TA/TO,0,0,0,D,D,0,No Deposit,240.0,0,Transient,56.0,1,0
Resort Hotel,0,50,2016,November,47,14,1,2,2,0.0,0,BB,POL,Online TA,TA/TO,0,0,0,A,A,0,No Deposit,240.0,0,Transient,37.8,0,1
Resort Hotel,0,44,2016,November,47,15,0,2,2,0.0,0,BB,GBR,Online TA,TA/TO,0,0,0,A,A,0,No Deposit,240.0,0,Transient,37.8,0,2
Resort Hotel,0,34,2016,November,47,15,0,2,2,0.0,0,BB,NLD,Online TA,TA/TO,0,0,0,E,E,0,No Deposit,240.0,0,Transient-Party,59.4,0,3
Resort Hotel,0,34,2016,November,47,15,0,2,2,0.0,0,BB,NLD,Online TA,TA/TO,0,0,0,E,E,0,No Deposit,240.0,0,Transient-Party,59.4,0,3
Resort Hotel,0,36,2016,November,46,11,2,4,2,0.0,0,HB,PRT,Direct,Direct,0,0,0,A,A,2,No Deposit,250.0,0,Transient,54.47,0,0
Resort Hotel,0,80,2016,November,45,3,4,10,2,0.0,0,HB,FRA,Online TA,TA/TO,0,0,0,E,E,2,No Deposit,240.0,0,Transient,85.8,1,1
Resort Hotel,0,19,2016,November,46,10,2,5,2,0.0,0,Undefined,FRA,Offline TA/TO,TA/TO,0,0,0,A,A,1,No Deposit,464.0,0,Transient,66.0,0,0
Resort Hotel,0,19,2016,November,46,10,2,5,2,0.0,0,Undefined,FRA,Offline TA/TO,TA/TO,0,0,0,A,A,1,No Deposit,464.0,0,Transient,66.0,0,0
Resort Hotel,0,115,2016,November,47,17,1,3,2,0.0,0,BB,IRL,Groups,Direct,0,0,0,A,A,1,No Deposit,,0,Transient-Party,34.0,0,0
Resort Hotel,0,19,2016,November,46,10,2,5,2,0.0,0,Undefined,FRA,Offline TA/TO,TA/TO,0,0,0,A,A,2,No Deposit,464.0,0,Transient,66.0,0,0
Resort Hotel,0,0,2016,November,47,14,1,2,2,0.0,0,BB,PRT,Online TA,TA/TO,0,0,0,E,F,0,No Deposit,240.0,0,Transient,85.0,0,2
Resort Hotel,0,34,2016,November,47,15,0,2,2,0.0,0,BB,NLD,Online TA,TA/TO,0,0,0,E,E,0,No Deposit,240.0,0,Transient-Party,65.4,1,3
Resort Hotel,0,3,2016,November,47,17,0,3,2,0.0,0,BB,PRT,Direct,Direct,0,0,0,E,E,1,No Deposit,,0,Transient,80.0,0,0
Resort Hotel,0,0,2016,November,47,17,0,1,2,0.0,0,BB,GBR,Online TA,TA/TO,0,0,0,D,D,0,No Deposit,241.0,0,Transient,53.4,0,0
Resort Hotel,0,21,2016,November,47,14,1,3,2,0.0,0,HB,BEL,Offline TA/TO,TA/TO,0,0,0,D,D,1,No Deposit,6.0,0,Transient,66.0,0,0
Resort Hotel,0,8,2016,November,47,14,1,3,2,0.0,0,BB,ESP,Online TA,TA/TO,0,0,0,A,A,0,No Deposit,348.0,0,Transient,48.0,0,0
Resort Hotel,0,35,2016,November,47,14,1,3,2,0.0,0,HB,DEU,Online TA,TA/TO,0,0,0,D,D,0,No Deposit,240.0,0,Transient,73.8,0,1
Resort Hotel,0,0,2016,November,47,17,0,1,2,0.0,0,BB,PRT,Direct,Direct,0,0,0,A,A,0,No Deposit,,0,Transient,60.0,0,0
Resort Hotel,0,52,2016,November,47,14,1,3,2,0.0,0,BB,CHE,Online TA,TA/TO,0,0,0,A,F,0,No Deposit,240.0,0,Transient,67.8,0,3
Resort Hotel,0,0,2016,November,47,17,0,1,2,0.0,0,BB,PRT,Direct,Direct,0,0,0,A,D,0,No Deposit,,0,Transient,61.2,0,0
Resort Hotel,0,119,2016,November,47,15,0,3,2,0.0,0,BB,GBR,Online TA,TA/TO,0,0,0,D,D,0,No Deposit,240.0,0,Transient,48.8,0,3
Resort Hotel,0,182,2016,November,47,14,1,3,2,0.0,0,HB,GBR,Online TA,TA/TO,0,0,0,A,C,1,No Deposit,314.0,0,Transient,56.24,0,0
Resort Hotel,0,32,2016,November,46,12,2,4,2,0.0,0,BB,IRL,Online TA,TA/TO,0,0,0,A,A,0,No Deposit,314.0,0,Transient,30.24,0,1
Resort Hotel,0,8,2016,November,47,17,0,1,2,0.0,0,BB,PRT,Online TA,TA/TO,0,0,0,A,A,0,No Deposit,240.0,0,Transient,48.0,0,1
Resort Hotel,0,0,2016,November,47,16,0,2,2,0.0,0,BB,PRT,Direct,Direct,0,0,0,A,A,0,No Deposit,,0,Transient,60.0,0,0
Resort Hotel,0,37,2016,November,47,15,0,3,2,0.0,0,HB,DEU,Online TA,TA/TO,0,0,0,D,D,0,No Deposit,240.0,0,Transient,73.8,0,2
Resort Hotel,0,2,2016,November,47,18,0,2,2,0.0,0,HB,DEU,Direct,TA/TO,0,0,0,A,D,0,No Deposit,,0,Transient,73.8,0,2
Resort Hotel,0,109,2016,November,46,11,2,5,2,0.0,0,BB,ESP,Online TA,TA/TO,0,0,0,A,C,1,No Deposit,240.0,0,Transient,43.8,1,2
Resort Hotel,0,132,2016,November,45,4,4,10,2,0.0,0,BB,NLD,Online TA,TA/TO,0,0,0,E,E,3,No Deposit,240.0,0,Transient,55.8,0,1
Resort Hotel,0,47,2016,November,46,11,2,5,2,0.0,0,BB,GBR,Online TA,TA/TO,0,0,0,E,E,0,No Deposit,241.0,0,Transient,42.97,0,1
Resort Hotel,0,53,2016,November,46,11,2,5,2,0.0,0,BB,GBR,Online TA,TA/TO,0,0,0,E,E,0,No Deposit,240.0,0,Transient,55.8,0,1
Resort Hotel,0,44,2016,November,45,4,4,10,2,0.0,0,BB,GBR,Online TA,TA/TO,0,0,0,A,A,0,No Deposit,314.0,0,Transient,30.24,0,1
Resort Hotel,0,37,2016,November,46,11,2,5,2,0.0,0,BB,IRL,Direct,Direct,0,0,0,E,E,0,No Deposit,250.0,0,Transient,54.56,0,0
Resort Hotel,0,19,2016,November,47,15,0,3,2,0.0,0,BB,GBR,Offline TA/TO,TA/TO,0,0,0,A,A,0,No Deposit,8.0,0,Transient,30.6,0,1
Resort Hotel,0,19,2016,November,47,13,2,3,2,0.0,0,BB,GBR,Online TA,TA/TO,0,0,0,A,A,1,No Deposit,314.0,0,Transient,52.0,0,0
Resort Hotel,0,32,2016,November,47,18,0,0,2,0.0,0,BB,PRT,Offline TA/TO,TA/TO,0,0,0,A,I,0,No Deposit,26.0,0,Transient,0.0,0,0
Resort Hotel,0,40,2016,November,46,12,2,5,2,0.0,0,HB,IRL,Online TA,TA/TO,0,0,0,A,A,1,No Deposit,175.0,0,Transient,51.84,0,0
Resort Hotel,0,97,2016,November,47,14,1,4,2,0.0,0,BB,GBR,Online TA,TA/TO,0,0,0,E,E,0,No Deposit,240.0,0,Transient,57.8,0,1
Resort Hotel,0,23,2016,November,46,12,2,5,2,0.0,0,HB,IRL,Online TA,TA/TO,0,0,0,A,A,1,No Deposit,175.0,0,Transient,57.39,0,0
Resort Hotel,0,41,2016,November,46,12,2,5,2,0.0,0,BB,IRL,Online TA,TA/TO,0,0,0,E,E,1,No Deposit,240.0,0,Transient,55.8,0,2
Resort Hotel,0,113,2016,November,47,13,2,4,2,0.0,0,BB,USA,Online TA,TA/TO,0,0,0,D,D,0,No Deposit,241.0,0,Transient,37.71,0,1
Resort Hotel,0,41,2016,November,47,16,0,3,2,0.0,0,HB,SVK,Direct,Direct,0,0,0,A,A,1,No Deposit,250.0,0,Transient,63.26,0,0
Resort Hotel,0,153,2016,November,47,14,1,4,2,0.0,0,BB,AUS,Online TA,TA/TO,0,0,0,E,E,0,No Deposit,240.0,0,Transient,57.4,0,1
Resort Hotel,0,37,2016,November,46,12,2,5,2,0.0,0,BB,ESP,Online TA,TA/TO,0,0,0,A,D,0,No Deposit,240.0,0,Transient,43.8,1,2
Resort Hotel,0,1,2016,November,47,18,0,1,2,0.0,0,BB,PRT,Online TA,TA/TO,0,0,0,A,D,0,No Deposit,240.0,0,Transient,71.0,1,1
Resort Hotel,0,5,2016,November,47,19,0,1,2,0.0,0,BB,PRT,Online TA,TA/TO,0,0,0,A,D,0,No Deposit,240.0,0,Transient,71.0,1,2
Resort Hotel,0,12,2017,February,5,3,0,2,2,0.0,0,BB,PRT,Online TA,TA/TO,1,0,2,D,D,0,No Deposit,240.0,0,Transient,65.0,1,1
Resort Hotel,0,47,2017,March,10,10,0,2,2,0.0,0,BB,PRT,Online TA,TA/TO,1,0,3,A,A,0,No Deposit,240.0,0,Transient,60.0,0,1
Resort Hotel,0,11,2016,November,47,13,2,4,2,0.0,0,HB,GBR,Offline TA/TO,TA/TO,0,0,0,D,D,0,No Deposit,40.0,0,Transient,74.05,0,0
Resort Hotel,0,56,2016,November,47,16,0,3,2,0.0,0,BB,FRA,Offline TA/TO,TA/TO,0,0,0,A,D,0,No Deposit,6.0,0,Transient,29.0,0,0
Resort Hotel,0,19,2016,November,47,15,0,4,2,0.0,0,BB,GBR,Offline TA/TO,TA/TO,0,0,0,A,A,0,No Deposit,177.0,0,Transient,30.6,0,0
Resort Hotel,0,0,2016,November,47,18,0,1,2,0.0,0,BB,PRT,Direct,Direct,0,0,0,A,A,0,No Deposit,,0,Transient,60.0,0,0
Resort Hotel,0,0,2016,November,47,17,0,2,2,0.0,0,BB,PRT,Direct,Direct,0,0,0,A,D,0,No Deposit,,0,Transient,66.0,1,0
Resort Hotel,0,1,2016,November,47,19,0,1,2,0.0,0,BB,PRT,Direct,Direct,0,0,0,A,D,0,No Deposit,,0,Transient,60.0,0,0
Resort Hotel,0,49,2016,November,47,14,1,4,2,0.0,0,BB,BEL,Offline TA/TO,TA/TO,0,0,0,A,D,0,No Deposit,6.0,0,Transient,29.0,0,1
Resort Hotel,0,40,2016,November,46,12,2,5,2,0.0,0,BB,SWE,Offline TA/TO,TA/TO,0,0,0,A,A,1,No Deposit,171.0,0,Transient,30.6,0,0
Resort Hotel,0,131,2017,April,14,8,0,1,2,0.0,0,BB,SWE,Direct,Direct,1,0,1,A,A,0,No Deposit,,0,Transient,60.0,0,0
Resort Hotel,0,133,2017,April,15,9,4,9,2,0.0,0,BB,SWE,Online TA,TA/TO,1,0,1,A,A,1,No Deposit,240.0,0,Transient,65.77,0,2
Resort Hotel,0,27,2016,November,47,17,0,2,2,0.0,0,BB,FRA,Direct,Direct,0,0,0,A,A,0,No Deposit,250.0,0,Transient,38.88,0,0
Resort Hotel,0,55,2016,November,47,14,1,4,2,0.0,0,BB,FRA,Offline TA/TO,TA/TO,0,0,0,A,D,0,No Deposit,6.0,0,Transient,29.0,0,0
Resort Hotel,0,57,2016,November,47,16,0,3,2,0.0,0,BB,FRA,Offline TA/TO,TA/TO,0,0,0,A,D,0,No Deposit,6.0,0,Transient,29.0,0,0
Resort Hotel,0,47,2016,November,46,12,2,5,2,0.0,0,HB,PRT,Offline TA/TO,TA/TO,0,0,0,A,D,0,No Deposit,6.0,0,Transient,52.4,0,1
Resort Hotel,0,46,2016,November,46,12,2,5,2,0.0,0,HB,SWE,Offline TA/TO,TA/TO,0,0,0,A,A,0,No Deposit,6.0,0,Transient,54.0,0,0
Resort Hotel,0,9,2016,November,46,12,2,5,2,0.0,0,HB,GBR,Online TA,TA/TO,0,0,0,F,F,0,No Deposit,241.0,0,Transient,82.51,1,1
Resort Hotel,0,17,2016,November,46,12,2,5,2,0.0,0,BB,IRL,Online TA,TA/TO,0,0,0,A,A,0,No Deposit,240.0,0,Transient,49.71,0,0
Resort Hotel,0,1,2016,November,47,18,0,1,2,0.0,0,BB,ESP,Online TA,TA/TO,0,0,0,A,D,0,No Deposit,240.0,0,Transient,65.0,0,0
Resort Hotel,0,95,2016,November,47,19,2,5,2,0.0,0,BB,GBR,Online TA,TA/TO,0,0,0,A,A,2,No Deposit,240.0,0,Transient,8.0,0,2
Resort Hotel,0,52,2016,November,46,12,2,5,2,0.0,0,BB,FRA,Offline TA/TO,TA/TO,0,0,0,A,D,0,No Deposit,6.0,0,Transient,29.0,0,0
Resort Hotel,0,40,2016,November,47,14,1,5,2,0.0,0,HB,FRA,Online TA,TA/TO,0,0,0,A,A,1,No Deposit,339.0,0,Transient,51.84,0,0
Resort Hotel,0,15,2016,November,47,17,0,3,2,0.0,0,BB,BRA,Offline TA/TO,TA/TO,0,0,0,A,A,0,No Deposit,336.0,0,Transient,29.0,0,0
Resort Hotel,0,38,2016,November,47,13,2,5,2,0.0,0,HB,DEU,Offline TA/TO,TA/TO,0,0,0,E,E,0,No Deposit,75.0,0,Transient,68.4,0,0
Resort Hotel,0,46,2016,November,47,17,0,3,2,0.0,0,BB,GBR,Online TA,TA/TO,0,0,0,E,E,0,No Deposit,240.0,0,Transient,68.47,1,2
Resort Hotel,0,27,2016,November,47,13,2,5,2,0.0,0,HB,GBR,Offline TA/TO,TA/TO,0,0,0,A,A,0,No Deposit,26.0,0,Transient,55.8,0,0
Resort Hotel,0,52,2016,November,47,17,0,3,2,0.0,0,BB,GBR,Offline TA/TO,TA/TO,0,0,0,E,E,0,No Deposit,26.0,0,Transient,46.8,0,0
Resort Hotel,0,3,2016,November,47,19,0,1,2,0.0,0,BB,PRT,Online TA,TA/TO,0,0,0,A,F,0,No Deposit,240.0,0,Transient,71.0,1,1
Resort Hotel,0,33,2016,November,47,13,2,5,2,0.0,0,BB,DEU,Online TA,TA/TO,0,0,0,A,A,0,No Deposit,240.0,0,Transient,41.53,0,1
Resort Hotel,0,82,2016,November,47,15,0,5,2,0.0,0,BB,FRA,Direct,Direct,0,0,0,D,D,0,No Deposit,250.0,0,Transient,42.12,0,2
Resort Hotel,0,34,2016,November,47,18,0,2,2,0.0,0,HB,FRA,Online TA,TA/TO,0,0,0,E,E,0,No Deposit,241.0,0,Transient,64.52,0,1
Resort Hotel,0,34,2016,November,47,18,0,2,2,0.0,0,HB,FRA,Online TA,TA/TO,0,0,0,E,E,0,No Deposit,241.0,0,Transient,64.52,0,1
Resort Hotel,0,6,2016,November,47,13,2,5,2,0.0,0,HB,GBR,Offline TA/TO,TA/TO,0,0,0,A,A,0,No Deposit,40.0,0,Transient,62.12,0,0
Resort Hotel,0,23,2016,November,47,19,0,1,2,0.0,0,BB,PRT,Online TA,TA/TO,0,0,0,E,F,0,No Deposit,240.0,0,Transient,63.0,0,1
Resort Hotel,0,18,2016,November,47,13,2,5,2,0.0,0,BB,GBR,Offline TA/TO,TA/TO,0,0,0,A,A,0,No Deposit,40.0,0,Transient,38.68,0,1
Resort Hotel,0,26,2016,November,46,6,4,10,2,0.0,0,HB,GBR,Offline TA/TO,TA/TO,0,0,0,D,D,0,No Deposit,40.0,0,Contract,68.72,0,0
Resort Hotel,0,12,2016,November,47,19,0,1,2,0.0,0,BB,PRT,Online TA,TA/TO,0,0,0,A,D,0,No Deposit,240.0,0,Transient,48.0,0,1
Resort Hotel,0,7,2016,November,47,18,0,2,2,0.0,0,BB,MAR,Online TA,TA/TO,0,0,0,E,E,0,No Deposit,314.0,0,Transient,72.0,1,0
Resort Hotel,0,8,2016,November,47,13,2,5,2,0.0,0,HB,GBR,Offline TA/TO,TA/TO,0,0,0,D,D,0,No Deposit,40.0,0,Contract,74.38,0,0
Resort Hotel,0,12,2016,November,47,19,0,1,2,0.0,0,BB,GBR,Offline TA/TO,TA/TO,0,0,0,A,D,0,No Deposit,336.0,0,Transient,29.0,0,0
Resort Hotel,0,4,2016,November,47,16,0,4,2,0.0,0,BB,LUX,Online TA,TA/TO,0,0,0,E,E,0,No Deposit,240.0,0,Transient,82.0,0,1
Resort Hotel,0,10,2016,November,47,16,0,4,2,0.0,0,BB,PRT,Online TA,TA/TO,0,0,0,E,E,0,No Deposit,240.0,0,Transient,69.0,1,1
Resort Hotel,0,3,2016,November,47,17,0,3,2,0.0,0,BB,PRT,Direct,Direct,0,0,0,E,E,0,No Deposit,,0,Transient,80.0,0,0
Resort Hotel,0,0,2016,November,47,18,0,2,2,0.0,0,HB,PRT,Online TA,TA/TO,0,0,0,A,D,0,No Deposit,240.0,0,Transient,95.0,0,0
Resort Hotel,0,1,2016,November,47,18,0,2,2,0.0,0,BB,MWI,Online TA,TA/TO,0,0,0,E,F,0,No Deposit,240.0,0,Transient,86.0,1,1
Resort Hotel,0,1,2016,November,48,20,1,0,2,0.0,0,BB,MWI,Online TA,TA/TO,0,0,0,E,F,0,No Deposit,,0,Transient,80.0,1,1
Resort Hotel,0,2,2016,November,47,19,0,1,2,0.0,0,BB,PRT,Corporate,Corporate,0,0,0,G,G,0,No Deposit,,0,Transient,50.0,0,1
Resort Hotel,0,7,2016,November,47,19,0,1,2,0.0,0,BB,PRT,Online TA,TA/TO,0,0,0,A,F,0,No Deposit,240.0,0,Transient,65.0,0,1
Resort Hotel,0,38,2016,November,47,17,0,3,2,0.0,0,HB,ESP,Online TA,TA/TO,0,0,0,A,D,0,No Deposit,240.0,0,Transient,64.8,0,1
Resort Hotel,0,73,2016,November,46,10,2,8,2,0.0,0,BB,GBR,Online TA,TA/TO,0,0,0,D,D,0,No Deposit,241.0,0,Transient,34.24,0,2
Resort Hotel,0,94,2016,November,47,16,0,4,2,0.0,0,BB,NLD,Online TA,TA/TO,0,0,0,D,D,0,No Deposit,240.0,0,Transient,46.8,0,3
Resort Hotel,0,4,2016,November,47,13,2,5,2,0.0,0,BB,GBR,Offline TA/TO,TA/TO,0,0,0,A,A,0,No Deposit,40.0,0,Transient,36.12,0,0
Resort Hotel,0,5,2016,November,47,19,0,1,2,0.0,0,BB,PRT,Online TA,TA/TO,0,0,0,D,F,0,No Deposit,240.0,0,Transient,73.0,0,2
Resort Hotel,0,10,2016,November,47,19,0,1,2,0.0,0,BB,PRT,Online TA,TA/TO,0,0,0,A,H,0,No Deposit,240.0,0,Transient,48.0,0,1
Resort Hotel,0,7,2016,November,47,16,0,4,2,0.0,0,BB,GBR,Offline TA/TO,TA/TO,0,0,0,D,D,0,No Deposit,177.0,0,Transient,48.25,0,3
Resort Hotel,0,1,2016,November,47,19,0,1,2,0.0,0,BB,PRT,Online TA,TA/TO,0,0,0,A,C,0,No Deposit,240.0,0,Transient,65.0,0,1
Resort Hotel,0,26,2016,November,47,19,0,1,2,0.0,0,HB,ESP,Online TA,TA/TO,0,0,0,D,D,0,No Deposit,240.0,0,Transient,86.0,0,2
Resort Hotel,0,123,2016,November,47,19,0,1,2,0.0,0,BB,POL,Direct,Direct,0,0,0,A,D,1,No Deposit,250.0,0,Transient,34.02,0,0
Resort Hotel,0,11,2016,November,47,13,2,5,2,0.0,0,HB,GBR,Offline TA/TO,TA/TO,0,0,0,E,E,0,No Deposit,40.0,0,Transient,83.76,0,1
Resort Hotel,0,4,2016,November,47,18,0,2,2,0.0,0,BB,IRL,Groups,Direct,0,0,0,A,A,0,Refundable,,0,Transient-Party,34.0,0,0
Resort Hotel,0,71,2016,November,47,16,0,4,2,0.0,0,BB,NLD,Online TA,TA/TO,0,0,0,E,E,0,No Deposit,240.0,0,Transient,55.8,0,1
Resort Hotel,0,11,2016,November,47,13,2,5,2,0.0,0,BB,PRT,Offline TA/TO,TA/TO,0,0,0,A,A,0,No Deposit,69.0,0,Transient,29.0,0,0
Resort Hotel,0,3,2016,November,47,19,0,1,2,0.0,0,BB,PRT,Offline TA/TO,TA/TO,0,0,0,A,F,0,No Deposit,330.0,0,Transient-Party,34.0,0,1
Resort Hotel,0,1,2017,February,7,14,0,1,2,0.0,0,BB,PRT,Offline TA/TO,TA/TO,1,0,1,A,C,1,No Deposit,330.0,0,Group,34.0,0,1
Resort Hotel,0,3,2016,November,47,19,0,1,2,0.0,0,BB,PRT,Offline TA/TO,TA/TO,0,0,0,A,F,0,No Deposit,330.0,0,Transient-Party,34.0,0,1
Resort Hotel,0,1,2017,February,7,14,0,1,2,0.0,0,BB,PRT,Offline TA/TO,TA/TO,1,0,0,A,C,0,No Deposit,330.0,0,Group,34.0,0,1
Resort Hotel,0,2,2016,November,47,19,0,1,2,0.0,0,BB,PRT,Direct,Direct,0,0,0,F,F,0,No Deposit,250.0,0,Transient,80.0,0,1
Resort Hotel,0,72,2016,November,47,18,0,2,2,0.0,0,HB,ESP,Direct,Direct,0,0,0,A,D,0,No Deposit,250.0,0,Transient,47.8,0,2
Resort Hotel,0,65,2016,November,47,18,1,2,2,0.0,0,HB,GBR,Online TA,TA/TO,0,0,0,A,A,1,No Deposit,314.0,0,Transient,58.24,0,0
Resort Hotel,0,15,2016,November,47,18,1,2,2,0.0,0,BB,GBR,Online TA,TA/TO,0,0,0,A,C,0,No Deposit,314.0,0,Transient,40.4,0,0
Resort Hotel,0,23,2016,November,47,17,1,3,2,0.0,0,BB,GBR,Offline TA/TO,TA/TO,0,0,0,A,E,0,No Deposit,57.0,0,Transient,50.6,0,1
Resort Hotel,0,14,2016,November,47,14,2,5,2,0.0,0,BB,GBR,Offline TA/TO,TA/TO,0,0,0,E,E,0,No Deposit,40.0,0,Transient,58.65,0,0
Resort Hotel,0,67,2016,November,47,18,1,2,2,0.0,0,HB,GBR,Groups,TA/TO,0,0,0,A,A,1,No Deposit,411.0,0,Transient-Party,50.0,0,0
Resort Hotel,0,79,2016,November,47,17,1,3,2,0.0,0,BB,NLD,Online TA,TA/TO,0,0,0,A,A,0,No Deposit,240.0,0,Transient,37.8,0,2
Resort Hotel,0,29,2016,November,45,5,5,11,2,0.0,0,BB,FRA,Online TA,TA/TO,0,0,0,A,A,0,No Deposit,240.0,0,Transient,38.81,0,1
Resort Hotel,0,67,2016,November,47,18,1,2,2,0.0,0,HB,GBR,Groups,TA/TO,0,0,0,A,A,0,No Deposit,411.0,0,Transient-Party,50.0,0,1
Resort Hotel,0,67,2016,November,47,18,1,2,2,0.0,0,HB,GBR,Groups,TA/TO,0,0,0,A,A,0,No Deposit,411.0,0,Transient-Party,50.0,0,0
Resort Hotel,0,67,2016,November,47,18,1,2,2,0.0,0,HB,GBR,Groups,TA/TO,0,0,0,A,A,1,No Deposit,411.0,0,Transient-Party,50.0,0,0
Resort Hotel,0,67,2016,November,47,18,1,2,2,0.0,0,HB,GBR,Groups,TA/TO,0,0,0,A,A,0,No Deposit,411.0,0,Transient-Party,50.0,0,0
Resort Hotel,0,67,2016,November,47,18,1,2,2,0.0,0,HB,GBR,Groups,TA/TO,0,0,0,A,A,0,No Deposit,411.0,0,Transient-Party,50.0,0,0
Resort Hotel,0,67,2016,November,47,18,1,2,2,0.0,0,HB,GBR,Groups,TA/TO,0,0,0,A,A,0,No Deposit,411.0,0,Transient-Party,50.0,0,0
Resort Hotel,0,67,2016,November,47,18,1,2,2,0.0,0,HB,GBR,Groups,TA/TO,0,0,0,A,A,0,No Deposit,411.0,0,Transient-Party,50.0,0,0
Resort Hotel,0,115,2016,November,47,17,1,3,2,0.0,0,BB,IRL,Groups,Direct,0,0,0,A,A,0,No Deposit,,0,Transient-Party,34.0,0,0
Resort Hotel,0,49,2016,November,47,14,2,5,2,0.0,0,BB,DEU,Offline TA/TO,TA/TO,0,0,0,E,E,0,No Deposit,177.0,0,Transient,45.0,0,0
Resort Hotel,0,67,2016,November,47,18,1,2,2,0.0,0,HB,GBR,Groups,TA/TO,0,0,0,A,A,0,No Deposit,411.0,0,Transient-Party,50.0,0,0
Resort Hotel,0,23,2016,November,47,18,1,2,2,0.0,0,BB,PRT,Online TA,TA/TO,0,0,0,E,E,0,No Deposit,240.0,0,Transient,63.0,0,3
Resort Hotel,0,37,2016,October,45,31,6,15,2,0.0,0,HB,GBR,Online TA,TA/TO,0,0,0,A,A,1,No Deposit,314.0,0,Transient,58.91,0,0
Resort Hotel,0,0,2016,November,48,20,1,0,2,0.0,0,BB,DEU,Direct,Direct,0,0,0,H,H,0,No Deposit,,0,Transient,105.0,0,0
Resort Hotel,0,0,2016,November,47,18,1,2,2,0.0,0,BB,PRT,Direct,Direct,0,0,0,H,H,0,No Deposit,,0,Transient,105.0,0,0
Resort Hotel,0,115,2016,November,47,17,1,3,2,0.0,0,BB,IRL,Groups,Direct,0,0,0,A,A,0,No Deposit,,0,Transient-Party,36.0,0,0
Resort Hotel,0,115,2016,November,47,17,1,3,2,0.0,0,BB,IRL,Groups,Direct,0,0,0,A,A,0,No Deposit,,0,Transient-Party,34.0,0,0
Resort Hotel,0,97,2016,November,47,14,2,5,2,0.0,0,BB,DEU,Offline TA/TO,TA/TO,0,0,0,D,D,0,No Deposit,75.0,0,Transient,37.7,0,0
Resort Hotel,0,40,2016,November,47,19,1,1,2,0.0,0,BB,PRT,Online TA,TA/TO,0,0,0,A,A,0,No Deposit,240.0,0,Transient,37.8,0,1
Resort Hotel,0,115,2016,November,47,17,1,3,2,0.0,0,BB,IRL,Online TA,TA/TO,0,0,0,A,A,0,No Deposit,240.0,0,Transient,37.8,0,2
Resort Hotel,0,115,2016,November,47,17,1,3,2,0.0,0,BB,IRL,Groups,Direct,0,0,0,A,A,0,No Deposit,,0,Transient-Party,34.0,0,0
Resort Hotel,0,115,2016,November,47,17,1,3,2,0.0,0,BB,IRL,Groups,Direct,0,0,0,A,A,1,No Deposit,,0,Transient-Party,34.0,0,0
Resort Hotel,0,47,2016,November,47,18,1,2,2,0.0,0,BB,DEU,Online TA,TA/TO,0,0,0,D,D,0,No Deposit,240.0,0,Transient,46.8,0,2
Resort Hotel,0,116,2016,November,47,17,1,3,2,0.0,0,BB,IRL,Online TA,TA/TO,0,0,0,A,A,0,No Deposit,240.0,0,Transient,37.8,0,1
Resort Hotel,0,183,2016,November,47,18,1,2,2,0.0,0,HB,GBR,Groups,TA/TO,0,0,0,A,I,0,No Deposit,411.0,116,Transient-Party,52.0,0,0
Resort Hotel,0,80,2016,November,47,17,1,3,2,0.0,0,BB,GBR,Online TA,TA/TO,0,0,0,A,A,1,No Deposit,242.0,0,Transient,37.8,0,2
Resort Hotel,0,115,2016,November,47,17,1,3,2,0.0,0,BB,IRL,Groups,Direct,0,0,0,A,A,0,No Deposit,,0,Transient-Party,36.0,0,0
Resort Hotel,0,115,2016,November,47,17,1,3,2,0.0,0,BB,IRL,Groups,Direct,0,0,0,A,A,0,No Deposit,,0,Transient-Party,34.0,0,0
Resort Hotel,0,115,2016,November,47,17,1,3,2,0.0,0,BB,IRL,Groups,Direct,0,0,0,A,A,0,No Deposit,,0,Transient-Party,34.0,0,0
Resort Hotel,0,104,2016,November,47,17,1,3,2,0.0,0,BB,IRL,Online TA,TA/TO,0,0,0,A,A,1,No Deposit,242.0,0,Transient,43.3,0,1
Resort Hotel,0,4,2016,November,48,20,1,0,2,0.0,0,BB,BRA,Direct,Direct,0,0,0,A,D,0,No Deposit,,0,Transient,66.0,1,1
Resort Hotel,0,20,2016,November,48,20,1,0,2,0.0,0,BB,PRT,Online TA,TA/TO,0,0,0,A,D,0,No Deposit,240.0,0,Transient,48.0,0,0
Resort Hotel,0,59,2016,November,47,18,1,2,2,0.0,0,HB,ESP,Online TA,TA/TO,0,0,0,A,A,1,No Deposit,339.0,0,Transient,51.84,0,0
Resort Hotel,0,80,2016,November,47,17,1,3,2,0.0,0,BB,GBR,Online TA,TA/TO,0,0,0,A,A,0,No Deposit,242.0,0,Transient,37.8,0,1
Resort Hotel,0,90,2016,November,47,17,1,3,2,0.0,0,BB,GBR,Online TA,TA/TO,0,0,0,A,A,0,No Deposit,242.0,0,Transient,39.8,0,1
Resort Hotel,0,116,2016,November,47,17,1,3,2,0.0,0,BB,IRL,Online TA,TA/TO,0,0,0,A,A,0,No Deposit,240.0,0,Transient,37.8,0,1
Resort Hotel,0,36,2016,November,47,18,1,2,2,0.0,0,BB,DEU,Online TA,TA/TO,0,0,0,A,D,1,No Deposit,240.0,0,Transient,41.58,0,2
Resort Hotel,0,9,2016,November,47,17,1,3,2,0.0,0,HB,ESP,Online TA,TA/TO,0,0,0,E,F,0,No Deposit,240.0,0,Transient,111.0,1,3
Resort Hotel,0,48,2016,November,47,16,1,4,2,0.0,0,BB,GBR,Online TA,TA/TO,0,0,0,A,A,0,No Deposit,240.0,0,Transient,37.8,0,2
Resort Hotel,0,38,2016,November,47,17,1,3,2,0.0,0,BB,PRT,Direct,Direct,0,0,0,E,E,0,No Deposit,250.0,0,Transient,50.22,0,2
Resort Hotel,0,22,2016,November,47,15,2,5,2,0.0,0,HB,GBR,Online TA,TA/TO,0,0,0,D,D,0,No Deposit,241.0,0,Transient,56.62,0,1
Resort Hotel,0,53,2016,November,47,18,2,2,2,0.0,0,BB,GBR,Online TA,TA/TO,0,0,0,A,A,0,No Deposit,147.0,0,Transient,30.24,0,0
Resort Hotel,0,4,2016,November,47,15,2,5,2,0.0,0,BB,GBR,Online TA,TA/TO,0,0,0,A,A,0,No Deposit,240.0,0,Transient,62.57,0,2
Resort Hotel,0,49,2016,November,47,16,2,4,2,0.0,0,HB,FRA,Online TA,TA/TO,0,0,0,E,E,0,No Deposit,240.0,0,Transient-Party,82.8,0,2
Resort Hotel,0,49,2016,November,47,16,2,4,2,0.0,0,HB,FRA,Online TA,TA/TO,0,0,0,E,E,0,No Deposit,240.0,0,Transient-Party,88.8,1,2
Resort Hotel,0,0,2016,November,48,21,1,0,2,0.0,0,BB,PRT,Direct,Direct,0,0,0,A,D,0,No Deposit,,0,Transient,55.0,0,0
Resort Hotel,0,0,2016,November,48,21,1,0,2,0.0,0,BB,PRT,Direct,Direct,0,0,0,A,D,0,No Deposit,,0,Transient,61.0,1,0
Resort Hotel,0,95,2016,November,47,19,2,1,2,0.0,0,BB,FRA,Online TA,TA/TO,0,0,0,A,D,1,No Deposit,240.0,0,Transient,54.0,0,2
Resort Hotel,0,1,2016,November,48,21,1,0,2,0.0,0,BB,PRT,Online TA,TA/TO,0,0,0,A,D,0,No Deposit,240.0,0,Transient,60.0,0,1
Resort Hotel,0,0,2016,November,47,19,2,1,2,0.0,0,HB,GBR,Offline TA/TO,TA/TO,0,0,0,A,A,1,No Deposit,314.0,0,Transient,64.4,0,0
Resort Hotel,0,64,2016,November,47,19,2,2,2,0.0,0,BB,FRA,Offline TA/TO,TA/TO,0,0,0,A,D,0,No Deposit,6.0,0,Transient,35.0,1,0
Resort Hotel,0,315,2016,November,46,9,4,10,2,0.0,0,BB,PRT,Offline TA/TO,TA/TO,0,0,0,A,C,1,No Deposit,69.0,0,Transient,28.1,0,2
Resort Hotel,0,64,2016,November,47,19,2,2,2,0.0,0,BB,FRA,Offline TA/TO,TA/TO,0,0,0,A,D,0,No Deposit,6.0,0,Transient,29.0,0,0
Resort Hotel,0,50,2016,November,47,19,2,2,2,0.0,0,HB,CHE,Online TA,TA/TO,0,0,0,A,A,0,No Deposit,240.0,0,Transient,64.8,0,1
Resort Hotel,0,24,2016,November,47,19,2,2,2,0.0,0,BB,ESP,Online TA,TA/TO,0,0,0,A,E,0,No Deposit,240.0,0,Transient,48.0,0,2
Resort Hotel,0,0,2016,November,48,22,0,1,2,0.0,0,BB,GBR,Offline TA/TO,TA/TO,0,0,0,D,D,0,No Deposit,8.0,0,Transient,48.0,0,0
Resort Hotel,0,34,2016,November,48,21,1,1,2,0.0,0,BB,FRA,Online TA,TA/TO,0,0,0,E,E,0,No Deposit,240.0,0,Transient,69.0,1,1
Resort Hotel,0,115,2016,November,47,18,2,3,2,0.0,0,BB,GBR,Offline TA/TO,TA/TO,0,0,0,A,A,0,No Deposit,177.0,0,Transient,36.6,1,0
Resort Hotel,0,3,2016,November,48,20,2,1,2,0.0,0,BB,DEU,Online TA,TA/TO,0,0,0,A,D,0,No Deposit,242.0,0,Transient,50.98,0,2
Resort Hotel,0,3,2016,November,48,21,1,1,2,0.0,0,BB,GBR,Offline TA/TO,TA/TO,0,0,0,A,A,0,No Deposit,115.0,0,Transient,34.0,0,0
Resort Hotel,0,9,2016,November,47,18,2,3,2,0.0,0,BB,PRT,Direct,Direct,0,0,0,D,D,0,No Deposit,250.0,0,Transient,62.0,1,0
Resort Hotel,0,33,2016,November,47,19,2,2,2,0.0,0,BB,FRA,Online TA,TA/TO,0,0,0,D,D,0,No Deposit,240.0,0,Transient,58.0,0,1
Resort Hotel,0,6,2016,November,48,22,0,1,2,0.0,0,BB,PRT,Online TA,TA/TO,0,0,0,A,D,0,No Deposit,240.0,0,Transient,48.0,0,1
Resort Hotel,0,14,2016,November,48,21,1,1,2,0.0,0,BB,PRT,Complementary,Direct,0,0,0,A,D,0,No Deposit,,0,Transient,0.0,0,1
Resort Hotel,0,18,2016,November,48,20,2,1,2,0.0,0,BB,GBR,Offline TA/TO,TA/TO,0,0,0,A,A,0,No Deposit,26.0,0,Transient,36.0,0,0
Resort Hotel,0,28,2016,November,47,16,2,6,2,0.0,0,BB,GBR,Offline TA/TO,TA/TO,0,0,0,D,D,0,No Deposit,171.0,0,Transient,37.8,0,0
Resort Hotel,0,58,2016,November,47,17,2,5,2,0.0,0,HB,FRA,Offline TA/TO,TA/TO,0,0,0,A,D,0,No Deposit,6.0,0,Transient,58.4,1,0
Resort Hotel,0,58,2016,November,47,17,2,5,2,0.0,0,HB,FRA,Offline TA/TO,TA/TO,0,0,0,A,D,0,No Deposit,6.0,0,Transient,52.4,0,0
Resort Hotel,0,13,2016,November,47,17,2,5,2,0.0,0,HB,NLD,Online TA,TA/TO,0,0,0,E,E,0,No Deposit,240.0,0,Transient,99.0,1,1
Resort Hotel,0,58,2016,November,47,17,2,5,2,0.0,0,HB,FRA,Offline TA/TO,TA/TO,0,0,0,A,D,0,No Deposit,6.0,0,Transient,52.4,0,0
Resort Hotel,0,15,2016,November,47,17,2,5,2,0.0,0,BB,GBR,Offline TA/TO,TA/TO,0,0,0,D,D,0,No Deposit,436.0,0,Transient,37.8,0,0
Resort Hotel,0,6,2016,November,47,13,4,7,2,0.0,0,BB,GBR,Offline TA/TO,TA/TO,0,0,0,D,D,0,No Deposit,171.0,0,Transient,42.0,0,0
Resort Hotel,0,9,2016,November,48,20,2,2,2,0.0,0,BB,DEU,Offline TA/TO,TA/TO,0,0,0,A,E,0,No Deposit,336.0,0,Transient,48.9,0,0
Resort Hotel,0,54,2016,November,47,19,2,3,2,0.0,0,BB,USA,Offline TA/TO,TA/TO,0,0,0,A,D,0,No Deposit,6.0,0,Transient,29.0,0,0
Resort Hotel,0,47,2016,November,47,19,2,3,2,0.0,0,BB,POL,Online TA,TA/TO,0,0,0,A,A,0,No Deposit,240.0,0,Transient,37.8,0,2
Resort Hotel,0,116,2016,November,47,18,2,5,2,0.0,0,BB,NLD,Offline TA/TO,TA/TO,0,0,0,A,A,0,No Deposit,171.0,0,Transient,30.6,0,0
Resort Hotel,0,25,2016,November,47,18,2,5,2,0.0,0,BB,NLD,Online TA,TA/TO,0,0,0,E,E,0,No Deposit,240.0,0,Transient,69.0,1,1
Resort Hotel,0,7,2016,November,48,22,0,3,2,0.0,0,BB,GBR,Offline TA/TO,TA/TO,0,0,0,A,A,0,No Deposit,336.0,0,Transient,35.0,1,1
Resort Hotel,0,93,2016,November,47,18,2,5,2,0.0,0,HB,GBR,Online TA,TA/TO,0,0,0,D,D,0,No Deposit,241.0,0,Transient,56.83,0,3
Resort Hotel,0,15,2016,November,48,24,0,1,2,0.0,0,BB,ITA,Offline TA/TO,TA/TO,0,0,0,A,D,0,No Deposit,336.0,0,Transient,29.0,0,0
Resort Hotel,0,2,2016,November,48,24,0,1,2,0.0,0,BB,PRT,Corporate,Corporate,0,0,0,A,D,0,No Deposit,,0,Transient,48.4,0,1
Resort Hotel,0,5,2016,November,48,22,0,3,2,0.0,0,BB,ESP,Online TA,TA/TO,0,0,0,A,A,0,No Deposit,240.0,0,Transient,54.0,1,0
Resort Hotel,0,5,2016,November,48,22,0,3,2,0.0,0,BB,ESP,Online TA,TA/TO,0,0,0,A,A,0,No Deposit,240.0,0,Transient,48.0,0,0
Resort Hotel,0,5,2016,November,48,22,0,3,2,0.0,0,BB,ESP,Online TA,TA/TO,0,0,0,A,A,0,No Deposit,240.0,0,Transient,54.0,1,0
Resort Hotel,0,50,2016,November,47,19,2,4,2,0.0,0,BB,ESP,Online TA,TA/TO,0,0,0,A,A,0,No Deposit,240.0,0,Transient,37.8,0,2
Resort Hotel,0,1,2016,November,48,25,0,0,2,0.0,0,BB,PRT,Direct,Direct,0,0,0,A,D,1,No Deposit,,0,Transient,0.0,1,0
Resort Hotel,0,60,2016,November,48,20,2,3,2,0.0,0,HB,PRT,Online TA,TA/TO,0,0,0,A,A,2,No Deposit,15.0,0,Transient,53.84,0,0
Resort Hotel,0,0,2017,February,5,3,0,2,2,0.0,0,BB,PRT,Direct,Direct,1,0,1,A,E,0,No Deposit,,0,Transient,68.0,0,0
Resort Hotel,0,43,2016,November,47,18,2,5,2,0.0,0,BB,IRL,Direct,Direct,0,0,0,A,C,1,No Deposit,250.0,0,Transient,33.26,0,0
Resort Hotel,0,0,2016,November,48,24,0,1,2,0.0,0,BB,DEU,Direct,Direct,0,0,0,A,A,0,No Deposit,,0,Transient,55.0,0,0
Resort Hotel,0,1,2016,November,48,24,0,1,2,0.0,0,BB,IRL,Online TA,TA/TO,0,0,0,A,D,0,No Deposit,240.0,0,Transient,60.0,0,0
Resort Hotel,0,9,2016,November,47,19,2,4,2,0.0,0,BB,NOR,Online TA,TA/TO,0,0,0,E,E,0,No Deposit,240.0,0,Transient,63.0,0,2
Resort Hotel,0,10,2016,November,48,21,1,3,2,0.0,0,HB,IRL,Offline TA/TO,TA/TO,0,0,0,A,A,0,No Deposit,171.0,0,Transient,60.0,0,0
Resort Hotel,0,87,2016,November,48,22,0,3,2,0.0,0,BB,FRA,Online TA,TA/TO,0,0,0,A,A,0,No Deposit,240.0,0,Transient,37.8,0,1
Resort Hotel,0,58,2016,November,47,18,2,5,2,0.0,0,BB,GBR,Online TA,TA/TO,0,0,0,A,A,1,No Deposit,240.0,0,Transient,37.8,0,2
Resort Hotel,0,1,2016,November,48,26,0,1,2,0.0,0,BB,PRT,Online TA,TA/TO,0,0,0,E,E,0,No Deposit,240.0,0,Transient-Party,63.0,0,0
Resort Hotel,0,1,2016,November,48,26,0,1,2,0.0,0,BB,PRT,Online TA,TA/TO,0,0,0,E,E,0,No Deposit,240.0,0,Transient-Party,63.0,0,0
Resort Hotel,0,1,2016,November,48,26,0,0,2,0.0,0,BB,PRT,Online TA,TA/TO,0,0,0,E,E,0,No Deposit,240.0,0,Transient,0.0,0,0
Resort Hotel,0,24,2016,November,47,13,4,9,2,0.0,0,HB,DEU,Offline TA/TO,TA/TO,0,0,0,A,D,0,No Deposit,171.0,0,Transient,54.0,0,0
Resort Hotel,0,30,2016,November,46,12,4,10,2,0.0,0,HB,DEU,Offline TA/TO,TA/TO,0,0,0,D,G,0,No Deposit,177.0,0,Transient,70.97,0,0
Resort Hotel,0,16,2016,November,47,19,2,5,2,0.0,0,BB,CHE,Online TA,TA/TO,0,0,0,A,A,1,No Deposit,240.0,0,Transient,48.0,0,0
Resort Hotel,0,32,2016,November,47,19,2,5,2,0.0,0,HB,GBR,Offline TA/TO,TA/TO,0,0,0,A,A,0,No Deposit,57.0,0,Transient,56.6,0,0
Resort Hotel,0,47,2016,November,48,21,1,4,2,0.0,0,BB,PRT,Online TA,TA/TO,0,0,0,A,A,3,No Deposit,240.0,0,Transient,37.8,0,1
Resort Hotel,0,1,2016,November,48,25,0,1,2,0.0,0,BB,PRT,Online TA,TA/TO,0,0,0,A,D,0,No Deposit,240.0,0,Transient,48.0,1,1
Resort Hotel,0,0,2016,November,48,25,0,1,2,0.0,0,BB,ITA,Online TA,TA/TO,0,0,0,A,A,0,No Deposit,241.0,0,Transient,36.96,0,1
Resort Hotel,0,84,2016,November,48,25,0,1,2,0.0,0,BB,GBR,Online TA,TA/TO,0,0,0,A,A,0,No Deposit,241.0,0,Transient,29.11,0,1
Resort Hotel,0,55,2016,November,47,19,2,5,2,0.0,0,HB,GBR,Online TA,TA/TO,0,0,0,D,D,1,No Deposit,314.0,0,Transient,67.44,0,0
Resort Hotel,0,31,2016,November,47,19,2,5,2,0.0,0,BB,FRA,Online TA,TA/TO,0,0,0,A,A,0,No Deposit,242.0,0,Transient,43.2,0,1
Resort Hotel,0,4,2016,November,47,19,2,5,2,0.0,0,BB,FRA,Online TA,TA/TO,0,0,0,E,E,0,No Deposit,240.0,0,Transient,47.86,0,3
Resort Hotel,0,29,2016,November,48,25,0,1,2,0.0,0,BB,PRT,Online TA,TA/TO,0,0,0,E,E,0,No Deposit,241.0,0,Transient,43.65,0,2
Resort Hotel,0,0,2016,November,48,25,0,1,2,0.0,0,BB,PRT,Direct,Direct,0,0,0,A,A,0,No Deposit,,0,Transient,43.0,0,0
Resort Hotel,0,18,2016,November,48,20,2,4,2,0.0,0,HB,DEU,Offline TA/TO,TA/TO,0,0,0,E,E,0,No Deposit,177.0,0,Transient,68.4,0,0
Resort Hotel,0,47,2016,November,48,20,2,4,2,0.0,0,BB,ESP,Direct,Direct,0,0,0,F,F,2,No Deposit,250.0,0,Transient,59.4,1,0
Resort Hotel,0,0,2016,November,48,25,0,1,2,0.0,0,HB,PRT,Online TA,TA/TO,0,0,0,E,E,0,No Deposit,240.0,0,Transient,93.0,0,1
Resort Hotel,0,0,2016,November,48,25,0,1,2,0.0,0,BB,PRT,Direct,Direct,0,0,0,A,A,0,No Deposit,,0,Transient,43.0,0,0
Resort Hotel,0,67,2016,November,47,18,2,6,2,0.0,0,BB,GBR,Groups,TA/TO,0,0,0,A,A,4,No Deposit,411.0,0,Transient,50.0,0,0
Resort Hotel,0,11,2016,November,48,25,0,1,2,0.0,0,HB,ESP,Online TA,TA/TO,0,0,0,E,E,0,No Deposit,241.0,0,Transient,68.03,0,1
Resort Hotel,0,31,2016,November,47,19,2,5,2,0.0,0,HB,DEU,Offline TA/TO,TA/TO,0,0,0,D,D,0,No Deposit,177.0,0,Transient,52.4,0,0
Resort Hotel,0,67,2016,November,47,13,4,9,2,0.0,0,BB,FIN,Online TA,TA/TO,0,0,0,E,E,2,No Deposit,240.0,0,Transient,57.65,0,1
Resort Hotel,0,45,2016,November,48,21,1,4,2,0.0,0,BB,PRT,Online TA,TA/TO,0,0,0,A,A,0,No Deposit,242.0,0,Transient,37.8,0,1
Resort Hotel,0,0,2016,November,48,25,0,1,2,0.0,0,BB,CHN,Direct,Direct,0,0,0,A,A,0,No Deposit,,0,Transient,43.0,0,0
Resort Hotel,0,6,2016,November,48,25,0,1,2,0.0,0,Undefined,PRT,Direct,Direct,0,0,0,F,F,1,No Deposit,250.0,0,Transient,147.0,0,0
Resort Hotel,0,52,2016,November,47,19,2,5,2,0.0,0,BB,SWE,Online TA,TA/TO,0,0,0,A,A,0,No Deposit,314.0,0,Transient,30.24,0,0
Resort Hotel,0,35,2016,November,48,24,0,3,2,0.0,0,BB,GBR,Online TA,TA/TO,0,0,0,A,A,0,No Deposit,314.0,0,Transient,34.56,0,0
Resort Hotel,0,133,2016,November,48,20,2,5,2,0.0,0,BB,GBR,Online TA,TA/TO,0,0,0,A,E,0,No Deposit,314.0,0,Transient-Party,67.24,0,2
Resort Hotel,0,25,2016,November,48,24,0,3,2,0.0,0,BB,FRA,Online TA,TA/TO,0,0,0,F,F,0,No Deposit,242.0,0,Transient,61.19,0,1
Resort Hotel,0,47,2016,November,48,26,0,1,2,0.0,0,BB,PRT,Online TA,TA/TO,0,0,0,A,D,1,No Deposit,240.0,0,Transient-Party,42.0,0,2
Resort Hotel,0,11,2016,November,48,26,0,1,2,0.0,0,BB,CHE,Online TA,TA/TO,0,0,0,F,F,0,No Deposit,241.0,0,Transient,49.75,0,1
Resort Hotel,0,9,2016,November,48,21,1,5,2,0.0,0,BB,PRT,Offline TA/TO,TA/TO,0,0,0,A,A,0,No Deposit,336.0,0,Transient,29.0,1,1
Resort Hotel,0,57,2016,November,48,24,0,3,2,0.0,0,BB,GBR,Online TA,TA/TO,0,0,0,E,E,0,No Deposit,240.0,0,Transient,63.8,1,1
Resort Hotel,0,17,2016,November,48,26,0,1,2,0.0,0,BB,PRT,Online TA,TA/TO,0,0,0,A,D,0,No Deposit,242.0,0,Transient,54.0,0,1
Resort Hotel,0,17,2016,November,48,26,0,1,2,0.0,0,BB,FRA,Online TA,TA/TO,0,0,0,A,D,0,No Deposit,242.0,0,Transient,48.0,0,1
Resort Hotel,0,8,2016,November,48,26,0,1,2,0.0,0,BB,ESP,Online TA,TA/TO,0,0,0,E,E,0,No Deposit,240.0,0,Transient-Party,63.0,0,1
Resort Hotel,0,8,2016,November,48,26,0,1,2,0.0,0,BB,ESP,Online TA,TA/TO,0,0,0,E,E,0,No Deposit,240.0,0,Transient-Party,63.0,1,1
Resort Hotel,0,17,2016,November,48,26,0,1,2,0.0,0,BB,FRA,Online TA,TA/TO,0,0,0,A,D,0,No Deposit,242.0,0,Transient,48.0,0,1
Resort Hotel,0,17,2016,November,48,26,0,1,2,0.0,0,BB,FRA,Online TA,TA/TO,0,0,0,A,D,0,No Deposit,242.0,0,Transient,48.0,1,1
Resort Hotel,0,5,2016,November,48,26,0,1,2,0.0,0,BB,PRT,Direct,Direct,0,0,0,F,F,0,No Deposit,250.0,0,Transient,63.0,0,0
Resort Hotel,0,9,2016,November,48,25,0,2,2,0.0,0,BB,ESP,Online TA,TA/TO,0,0,0,A,D,0,No Deposit,240.0,0,Transient,48.0,0,1
Resort Hotel,0,45,2016,November,48,25,0,2,2,0.0,0,HB,PRT,Direct,Direct,0,0,0,A,D,0,No Deposit,,0,Transient,67.8,0,1
Resort Hotel,0,45,2016,November,48,25,0,2,2,0.0,0,HB,PRT,Direct,Direct,0,0,0,A,D,0,No Deposit,,0,Transient,67.8,0,2
Resort Hotel,0,45,2016,November,48,25,0,2,2,0.0,0,HB,PRT,Direct,Direct,0,0,0,A,D,0,No Deposit,,0,Transient,67.8,0,1
Resort Hotel,0,4,2016,November,48,24,0,3,2,0.0,0,BB,BRA,Online TA,TA/TO,0,0,0,A,D,0,No Deposit,240.0,0,Transient,52.0,0,1
Resort Hotel,0,20,2016,November,48,25,0,2,2,0.0,0,BB,FIN,Online TA,TA/TO,0,0,0,E,E,0,No Deposit,240.0,0,Transient,65.0,0,1
Resort Hotel,0,34,2016,November,48,21,1,5,2,0.0,0,HB,ESP,Direct,Direct,0,0,0,A,A,0,No Deposit,250.0,0,Transient,74.88,1,0
Resort Hotel,0,2,2016,November,48,26,0,1,2,0.0,0,BB,PRT,Online TA,TA/TO,0,0,0,E,E,0,No Deposit,240.0,0,Transient,63.0,0,1
Resort Hotel,0,0,2016,November,48,25,0,2,2,0.0,0,BB,PRT,Online TA,TA/TO,0,0,0,D,D,0,No Deposit,240.0,0,Transient,50.0,0,1
Resort Hotel,0,16,2016,November,48,26,0,1,2,0.0,0,HB,PRT,Online TA,TA/TO,0,0,0,A,D,0,No Deposit,240.0,0,Transient,78.0,0,1
Resort Hotel,0,0,2016,November,48,26,0,1,2,0.0,0,BB,PRT,Online TA,TA/TO,0,0,0,A,A,0,No Deposit,240.0,0,Transient,48.0,0,1
Resort Hotel,0,0,2016,November,48,26,0,1,2,0.0,0,BB,PRT,Direct,Direct,0,0,0,E,E,1,No Deposit,,0,Transient,58.0,0,1
Resort Hotel,0,31,2016,November,48,25,0,2,2,0.0,0,BB,PRT,Online TA,TA/TO,0,0,0,D,D,0,No Deposit,241.0,0,Transient,38.81,0,4
Resort Hotel,0,23,2016,November,48,21,1,5,2,0.0,0,BB,ESP,Online TA,TA/TO,0,0,0,D,D,0,No Deposit,240.0,0,Transient,62.0,1,1
Resort Hotel,0,33,2016,November,48,25,0,2,2,0.0,0,BB,PRT,Online TA,TA/TO,0,0,0,D,D,0,No Deposit,240.0,0,Transient,56.0,0,2
Resort Hotel,0,81,2016,November,48,25,0,2,2,0.0,0,BB,PRT,Online TA,TA/TO,0,0,0,A,D,0,No Deposit,240.0,0,Transient,54.0,1,0
Resort Hotel,0,1,2016,November,48,26,0,1,2,0.0,0,HB,PRT,Online TA,TA/TO,0,0,0,A,A,0,No Deposit,240.0,0,Transient,84.0,1,2
Resort Hotel,0,13,2016,November,48,26,0,1,2,0.0,0,BB,PRT,Online TA,TA/TO,0,0,0,A,D,0,No Deposit,240.0,0,Transient,48.0,0,1
Resort Hotel,0,5,2016,November,48,26,0,1,2,0.0,0,BB,FRA,Online TA,TA/TO,0,0,0,A,D,1,No Deposit,240.0,0,Transient,43.0,0,1
Resort Hotel,0,12,2016,November,48,26,0,1,2,0.0,0,BB,PRT,Online TA,TA/TO,0,0,0,A,D,0,No Deposit,240.0,0,Transient,48.0,1,0
Resort Hotel,0,58,2016,November,48,25,1,2,2,0.0,0,BB,GBR,Online TA,TA/TO,0,0,0,A,A,0,No Deposit,314.0,0,Transient,30.24,0,0
Resort Hotel,0,66,2016,November,48,24,1,3,2,0.0,0,BB,POL,Offline TA/TO,TA/TO,0,0,0,A,D,0,No Deposit,6.0,0,Transient,29.0,0,0
Resort Hotel,0,0,2016,November,48,26,1,1,2,0.0,0,BB,PRT,Online TA,TA/TO,0,0,0,A,A,1,No Deposit,240.0,0,Transient-Party,48.0,0,1
Resort Hotel,0,146,2016,November,46,7,6,15,2,0.0,0,HB,DEU,Offline TA/TO,TA/TO,0,0,0,E,E,1,No Deposit,75.0,0,Transient,70.6,1,2
Resort Hotel,0,41,2016,November,48,24,1,3,2,0.0,0,BB,PRT,Direct,Direct,0,0,0,A,D,0,No Deposit,250.0,0,Transient,43.2,0,0
Resort Hotel,0,28,2016,November,48,21,2,5,2,0.0,0,HB,FRA,Offline TA/TO,TA/TO,0,0,0,A,A,2,No Deposit,464.0,0,Transient,52.0,0,1
Resort Hotel,0,1,2016,November,48,26,1,1,2,0.0,0,BB,DEU,Direct,Direct,0,0,0,F,F,0,No Deposit,250.0,0,Transient,69.0,1,0
Resort Hotel,0,4,2016,November,48,26,1,1,2,0.0,0,BB,PRT,Online TA,TA/TO,0,0,0,A,D,0,No Deposit,242.0,0,Transient,48.0,0,1
Resort Hotel,0,11,2016,November,48,25,1,2,2,0.0,0,HB,ESP,Offline TA/TO,TA/TO,0,0,0,A,A,0,No Deposit,6.0,0,Transient,66.0,1,1
Resort Hotel,0,11,2016,November,48,25,1,2,2,0.0,0,HB,ESP,Offline TA/TO,TA/TO,0,0,0,A,A,0,No Deposit,6.0,0,Transient,60.0,0,1
Resort Hotel,0,7,2016,November,48,21,2,5,2,0.0,0,HB,PRT,Direct,Direct,0,0,0,D,D,1,No Deposit,250.0,0,Transient,86.0,0,0
Resort Hotel,0,0,2016,November,48,25,1,2,2,0.0,0,BB,AUS,Direct,Direct,0,0,0,F,F,2,No Deposit,250.0,0,Transient,70.33,1,0
Resort Hotel,0,66,2016,November,48,24,2,3,2,0.0,0,BB,POL,Offline TA/TO,TA/TO,0,0,0,A,E,0,No Deposit,336.0,0,Transient,49.0,0,0
Resort Hotel,0,5,2016,November,48,24,2,3,2,0.0,0,BB,ITA,Offline TA/TO,TA/TO,0,0,0,A,C,0,No Deposit,177.0,0,Transient,34.0,0,0
Resort Hotel,0,73,2016,November,49,27,2,0,2,0.0,0,HB,RUS,Direct,Direct,0,0,0,F,F,3,No Deposit,250.0,0,Transient,105.5,1,1
Resort Hotel,0,1,2016,November,48,26,2,1,2,0.0,0,BB,GBR,Online TA,TA/TO,0,0,0,A,D,0,No Deposit,241.0,0,Transient,36.96,0,1
Resort Hotel,0,0,2016,November,49,28,1,0,2,0.0,0,BB,PRT,Online TA,TA/TO,0,0,0,A,D,0,No Deposit,240.0,0,Transient,48.0,1,1
Resort Hotel,0,45,2016,November,49,27,2,0,2,0.0,0,BB,PRT,Complementary,Direct,0,0,0,A,D,1,No Deposit,,0,Transient,0.0,0,0
Resort Hotel,0,0,2016,November,49,27,2,0,2,0.0,0,BB,FRA,Online TA,TA/TO,0,0,0,A,A,0,No Deposit,240.0,0,Transient,54.0,1,2
Resort Hotel,0,16,2016,November,49,27,2,0,2,0.0,0,BB,FRA,Online TA,TA/TO,0,0,0,E,E,0,No Deposit,240.0,0,Transient,69.0,1,1
Resort Hotel,0,0,2016,November,49,28,1,0,2,0.0,0,BB,PRT,Direct,Direct,0,0,0,E,E,0,No Deposit,,0,Transient,64.0,1,0
Resort Hotel,0,76,2016,November,49,29,0,1,2,0.0,0,BB,SWE,Corporate,Corporate,0,0,0,E,E,1,No Deposit,481.0,0,Transient,50.0,0,0
Resort Hotel,0,64,2016,November,48,23,2,5,2,0.0,0,BB,FRA,Offline TA/TO,TA/TO,0,0,0,A,D,0,No Deposit,6.0,0,Transient,31.0,0,0
Resort Hotel,0,25,2016,November,49,27,2,1,2,0.0,0,HB,ESP,Online TA,TA/TO,0,0,0,A,D,0,No Deposit,240.0,0,Transient,78.0,0,0
Resort Hotel,0,68,2016,November,48,26,2,2,2,0.0,0,BB,FRA,Offline TA/TO,TA/TO,0,0,0,A,D,0,No Deposit,6.0,0,Transient,29.0,1,0
Resort Hotel,0,7,2016,November,49,29,0,1,2,0.0,0,BB,PRT,Corporate,Corporate,0,0,0,A,D,0,No Deposit,,0,Transient,45.0,0,1
Resort Hotel,0,0,2016,November,49,28,1,1,2,0.0,0,BB,PRT,Online TA,TA/TO,0,0,0,A,A,0,No Deposit,241.0,0,Transient,36.96,0,1
Resort Hotel,0,21,2016,November,49,28,1,1,2,0.0,0,BB,POL,Groups,TA/TO,0,0,0,E,E,0,No Deposit,,0,Transient-Party,45.0,0,0
Resort Hotel,0,21,2016,November,49,28,1,1,2,0.0,0,BB,POL,Groups,TA/TO,0,0,0,E,E,0,No Deposit,,0,Transient-Party,45.0,0,0
Resort Hotel,0,21,2016,November,49,28,1,1,2,0.0,0,BB,POL,Groups,TA/TO,0,0,0,E,E,0,No Deposit,,0,Transient,45.0,0,0
Resort Hotel,0,21,2016,November,49,28,1,1,2,0.0,0,BB,POL,Groups,TA/TO,0,0,0,E,E,0,No Deposit,,0,Transient-Party,45.0,0,0
Resort Hotel,0,21,2016,November,49,28,1,1,2,0.0,0,BB,POL,Groups,TA/TO,0,0,0,E,E,1,No Deposit,,0,Transient-Party,45.0,0,0
Resort Hotel,0,64,2016,November,48,23,2,5,2,0.0,0,BB,FRA,Offline TA/TO,TA/TO,0,0,0,A,D,0,No Deposit,6.0,0,Transient,29.0,0,0
Resort Hotel,0,0,2016,November,49,29,0,1,2,0.0,0,HB,GBR,Online TA,TA/TO,0,0,0,E,F,0,No Deposit,240.0,0,Transient,93.0,0,2
Resort Hotel,0,30,2016,November,48,23,2,5,2,0.0,0,BB,GBR,Offline TA/TO,TA/TO,0,0,0,E,E,0,No Deposit,171.0,0,Transient,45.0,0,0
Resort Hotel,0,0,2016,November,49,29,0,1,2,0.0,0,HB,PRT,Direct,Direct,0,0,0,A,A,1,No Deposit,,0,Transient,73.0,0,0
Resort Hotel,0,1,2016,November,49,28,1,1,2,0.0,0,BB,PRT,Online TA,TA/TO,0,0,0,A,D,0,No Deposit,240.0,0,Transient,48.0,0,1
Resort Hotel,0,58,2016,November,48,23,2,5,2,0.0,0,BB,FRA,Offline TA/TO,TA/TO,0,0,0,A,D,0,No Deposit,6.0,0,Transient,35.0,1,0
Resort Hotel,0,0,2016,November,49,29,0,1,2,0.0,0,BB,PRT,Online TA,TA/TO,0,0,0,A,D,0,No Deposit,240.0,0,Transient,48.0,0,1
Resort Hotel,0,8,2016,November,49,29,0,1,2,0.0,0,BB,PRT,Online TA,TA/TO,0,0,0,A,D,0,No Deposit,240.0,0,Transient,48.0,0,1
Resort Hotel,0,14,2017,March,13,30,0,2,2,0.0,0,BB,PRT,Offline TA/TO,TA/TO,1,0,0,D,D,0,No Deposit,6.0,0,Transient,60.0,0,1
Resort Hotel,0,1,2016,November,49,29,0,1,2,0.0,0,BB,FRA,Online TA,TA/TO,0,0,0,A,D,0,No Deposit,240.0,0,Transient,48.0,1,3
Resort Hotel,0,12,2016,November,49,27,2,1,2,0.0,0,BB,GBR,Direct,Direct,0,0,0,E,E,0,No Deposit,250.0,0,Transient,63.0,0,3
Resort Hotel,0,76,2016,November,49,29,0,2,2,0.0,0,BB,SWE,Corporate,Corporate,0,0,0,E,E,0,No Deposit,481.0,0,Transient-Party,50.0,0,0
Resort Hotel,0,117,2016,November,48,20,4,7,2,0.0,0,BB,GBR,Online TA,TA/TO,0,0,0,D,D,0,No Deposit,240.0,0,Transient,54.0,0,2
Resort Hotel,0,76,2016,November,49,29,0,2,2,0.0,0,BB,SWE,Corporate,Corporate,0,0,0,E,E,0,No Deposit,481.0,0,Transient-Party,50.0,0,0
Resort Hotel,0,76,2016,November,49,29,0,2,2,0.0,0,BB,SWE,Corporate,Corporate,0,0,0,E,E,0,No Deposit,481.0,0,Transient-Party,50.0,0,0
Resort Hotel,0,76,2016,November,49,29,0,2,2,0.0,0,BB,SWE,Corporate,Corporate,0,0,0,E,E,0,No Deposit,481.0,0,Transient-Party,50.0,0,0
Resort Hotel,0,27,2016,November,49,29,0,2,2,0.0,0,BB,ITA,Offline TA/TO,TA/TO,0,0,0,A,A,0,No Deposit,8.0,0,Transient,34.0,0,0
Resort Hotel,0,0,2016,November,49,30,0,1,2,0.0,0,BB,PRT,Direct,Direct,0,0,0,A,D,0,No Deposit,,0,Transient,43.0,0,0
Resort Hotel,0,0,2016,November,49,30,0,1,2,0.0,0,BB,PRT,Direct,Direct,0,0,0,A,D,0,No Deposit,,0,Transient,43.0,1,0
Resort Hotel,0,10,2016,November,49,30,0,1,2,0.0,0,BB,PRT,Online TA,TA/TO,0,0,0,A,D,0,No Deposit,240.0,0,Transient,48.0,0,1
Resort Hotel,0,12,2016,December,49,2,0,1,2,0.0,0,BB,PRT,Online TA,TA/TO,0,0,1,A,A,0,No Deposit,240.0,0,Transient,48.0,0,1
Resort Hotel,0,0,2016,November,49,29,0,2,2,0.0,0,BB,PRT,Direct,Direct,0,0,0,E,E,0,No Deposit,,0,Transient,58.0,0,0
Resort Hotel,0,19,2016,November,49,27,2,2,2,0.0,0,BB,PRT,Online TA,TA/TO,0,0,0,A,D,0,No Deposit,240.0,0,Transient,48.0,0,2
Resort Hotel,0,31,2016,November,49,28,1,2,2,0.0,0,BB,FIN,Online TA,TA/TO,0,0,0,A,A,0,No Deposit,241.0,0,Transient,33.26,0,1
Resort Hotel,0,0,2016,November,49,30,0,1,2,0.0,0,BB,PRT,Online TA,TA/TO,0,0,0,A,D,0,No Deposit,240.0,0,Transient,48.0,1,3
Resort Hotel,0,33,2016,November,48,24,2,5,2,0.0,0,Undefined,FRA,Offline TA/TO,TA/TO,0,0,0,A,A,1,No Deposit,464.0,0,Transient,66.0,0,0
Resort Hotel,0,120,2016,November,49,28,1,2,2,0.0,0,BB,BEL,Online TA,TA/TO,0,0,0,A,D,0,No Deposit,240.0,0,Transient,56.0,0,3
Resort Hotel,0,59,2016,December,49,2,2,4,2,0.0,0,HB,PRT,Online TA,TA/TO,0,0,0,A,A,1,No Deposit,241.0,0,Transient,58.33,1,1
Resort Hotel,0,28,2016,November,49,28,1,3,2,0.0,0,BB,RUS,Online TA,TA/TO,0,0,0,E,F,0,No Deposit,240.0,0,Transient,65.0,0,2
Resort Hotel,0,29,2016,November,49,29,0,3,2,0.0,0,BB,GBR,Online TA,TA/TO,0,0,0,F,F,0,No Deposit,241.0,0,Transient,47.12,0,1
Resort Hotel,0,19,2016,December,49,1,0,1,2,0.0,0,BB,ESP,Offline TA/TO,TA/TO,0,0,0,A,D,0,No Deposit,336.0,0,Transient,29.0,0,0
Resort Hotel,0,54,2016,November,49,27,2,3,2,0.0,0,BB,BEL,Online TA,TA/TO,0,0,0,E,E,0,No Deposit,240.0,0,Transient,55.8,0,2
Resort Hotel,0,0,2016,November,49,30,0,2,2,0.0,0,BB,PRT,Online TA,TA/TO,0,0,0,A,D,0,No Deposit,240.0,0,Transient,48.0,0,0
Resort Hotel,0,8,2016,November,49,27,2,3,2,0.0,0,BB,ESP,Direct,Direct,0,0,0,F,F,0,No Deposit,250.0,0,Transient,55.44,0,0
Resort Hotel,0,54,2016,November,49,27,2,3,2,0.0,0,BB,BEL,Online TA,TA/TO,0,0,0,E,E,0,No Deposit,240.0,0,Transient,55.8,0,2
Resort Hotel,0,0,2016,December,49,1,0,1,2,0.0,0,BB,PRT,Direct,Direct,0,0,0,D,D,0,No Deposit,,0,Transient,43.0,1,0
Resort Hotel,0,0,2016,December,49,1,0,1,2,0.0,0,BB,ESP,Online TA,TA/TO,0,0,0,E,E,0,No Deposit,314.0,0,Transient-Party,50.4,0,0
Resort Hotel,0,0,2016,December,49,1,0,1,2,0.0,0,BB,USA,Online TA,TA/TO,0,0,0,E,E,0,No Deposit,240.0,0,Transient,63.0,0,0
Resort Hotel,0,6,2016,November,48,22,2,8,2,0.0,0,BB,GBR,Online TA,TA/TO,0,0,0,A,A,0,No Deposit,241.0,0,Transient,35.99,0,1
Resort Hotel,0,7,2016,November,49,30,0,2,2,0.0,0,BB,ESP,Online TA,TA/TO,0,0,0,D,D,0,No Deposit,240.0,0,Transient,56.0,0,1
Resort Hotel,0,0,2016,December,49,1,0,1,2,0.0,0,BB,PRT,Direct,Direct,0,0,0,A,A,1,No Deposit,,0,Transient,43.0,0,0
Resort Hotel,0,0,2016,December,49,1,0,1,2,0.0,0,BB,ESP,Online TA,TA/TO,0,0,0,E,E,0,No Deposit,314.0,0,Transient-Party,50.4,1,0
Resort Hotel,0,0,2016,December,49,1,0,1,2,0.0,0,BB,FRA,Direct,Direct,0,0,0,E,E,0,No Deposit,,0,Transient,64.0,1,0
Resort Hotel,0,23,2016,November,47,19,4,10,2,0.0,0,HB,DEU,Offline TA/TO,TA/TO,0,0,0,E,E,0,No Deposit,6.0,0,Transient,73.89,0,0
Resort Hotel,0,51,2016,November,48,26,2,5,2,0.0,0,BB,GBR,Online TA,TA/TO,0,0,0,E,F,0,No Deposit,339.0,0,Transient-Party,44.64,0,0
Resort Hotel,0,51,2016,November,48,26,2,5,2,0.0,0,BB,GBR,Online TA,TA/TO,0,0,0,E,F,0,No Deposit,339.0,0,Transient-Party,44.64,0,0
Resort Hotel,0,33,2016,November,48,20,4,9,2,0.0,0,HB,DEU,Offline TA/TO,TA/TO,0,0,0,A,A,0,No Deposit,171.0,0,Transient,54.0,0,0
Resort Hotel,0,15,2016,November,48,23,2,8,2,0.0,0,BB,IRL,Offline TA/TO,TA/TO,0,0,0,A,D,0,No Deposit,171.0,0,Transient,43.0,0,0
Resort Hotel,0,70,2016,November,49,29,0,4,2,0.0,0,HB,ESP,Online TA,TA/TO,0,0,0,E,F,0,No Deposit,240.0,0,Transient,82.8,0,1
Resort Hotel,0,68,2016,December,49,1,0,2,2,0.0,0,BB,PRT,Online TA,TA/TO,0,0,0,A,D,0,No Deposit,240.0,0,Transient,43.8,1,2
Resort Hotel,0,5,2016,December,49,2,0,1,2,0.0,0,BB,PRT,Online TA,TA/TO,0,0,0,A,D,0,No Deposit,240.0,0,Transient,54.0,1,0
Resort Hotel,0,0,2016,December,49,1,0,2,2,0.0,0,BB,PRT,Online TA,TA/TO,0,0,0,A,F,0,No Deposit,240.0,0,Transient,48.0,0,1
Resort Hotel,0,38,2016,November,49,29,0,4,2,0.0,0,BB,BEL,Online TA,TA/TO,0,0,0,A,A,0,No Deposit,314.0,0,Transient,34.56,0,0
Resort Hotel,0,4,2016,December,49,2,0,1,2,0.0,0,BB,PRT,Online TA,TA/TO,0,0,0,A,D,0,No Deposit,468.0,0,Transient-Party,38.4,0,0
Resort Hotel,0,4,2016,December,49,2,0,1,2,0.0,0,BB,PRT,Online TA,TA/TO,0,0,0,A,D,0,No Deposit,468.0,0,Transient-Party,38.4,0,0
Resort Hotel,0,4,2016,December,49,2,0,1,2,0.0,0,BB,PRT,Online TA,TA/TO,0,0,0,A,D,0,No Deposit,468.0,0,Transient-Party,38.4,0,0
Resort Hotel,0,0,2016,December,49,1,0,2,2,0.0,0,HB,ESP,Direct,Direct,0,0,0,F,F,1,No Deposit,250.0,0,Transient,99.0,1,1
Resort Hotel,0,23,2016,December,49,2,0,1,2,0.0,0,BB,PRT,Direct,Direct,0,0,0,E,E,0,No Deposit,,0,Transient,75.0,0,0
Resort Hotel,0,0,2016,December,49,2,0,1,2,0.0,0,BB,FRA,Online TA,TA/TO,0,0,0,A,A,0,No Deposit,240.0,0,Transient,48.0,0,0
Resort Hotel,0,1,2016,November,49,30,0,3,2,0.0,0,BB,PRT,Online TA,TA/TO,0,0,0,D,D,0,No Deposit,240.0,0,Transient,60.0,1,2
Resort Hotel,0,7,2016,December,49,1,0,2,2,0.0,0,BB,PRT,Online TA,TA/TO,0,0,0,E,E,0,No Deposit,240.0,0,Transient-Party,63.0,0,2
Resort Hotel,0,10,2017,April,16,21,2,2,2,0.0,0,BB,PRT,Direct,TA/TO,1,0,1,G,G,0,No Deposit,250.0,0,Transient,171.0,0,2
Resort Hotel,0,3,2016,December,49,1,0,2,2,0.0,0,BB,PRT,Online TA,TA/TO,0,0,0,A,D,0,No Deposit,240.0,0,Transient,48.0,0,1
Resort Hotel,0,1,2016,December,49,2,0,1,2,0.0,0,BB,FRA,Online TA,TA/TO,0,0,0,E,E,0,No Deposit,240.0,0,Transient,63.0,0,1
Resort Hotel,0,62,2016,November,48,23,2,8,2,0.0,0,BB,NLD,Online TA,TA/TO,0,0,0,A,A,0,No Deposit,240.0,0,Transient,37.8,0,0
Resort Hotel,0,38,2016,December,49,1,0,2,2,0.0,0,BB,PRT,Direct,Direct,0,0,0,F,F,0,No Deposit,250.0,0,Transient,67.2,1,1
Resort Hotel,0,40,2016,December,49,3,0,1,2,0.0,0,BB,PRT,Direct,Direct,0,0,0,F,F,0,No Deposit,250.0,0,Group,137.2,1,2
Resort Hotel,0,86,2016,November,48,26,2,5,2,0.0,0,HB,LUX,Online TA,TA/TO,0,0,0,E,E,0,No Deposit,240.0,0,Transient,88.8,1,1
Resort Hotel,0,140,2016,December,49,2,0,1,2,0.0,0,BB,GBR,Online TA,TA/TO,0,0,0,D,D,0,No Deposit,240.0,0,Transient,54.0,0,1
Resort Hotel,0,0,2016,December,49,1,0,2,2,0.0,0,BB,FRA,Direct,Direct,0,0,0,D,E,1,No Deposit,,0,Transient,51.0,1,0
Resort Hotel,0,3,2016,December,49,2,0,1,2,0.0,0,BB,PRT,Direct,Direct,0,0,0,E,E,0,No Deposit,,0,Transient,58.0,0,0
Resort Hotel,0,69,2016,November,48,26,2,5,2,0.0,0,BB,NOR,Online TA,TA/TO,0,0,0,A,A,0,No Deposit,314.0,0,Transient,30.24,0,0
Resort Hotel,0,117,2016,November,48,22,2,10,2,0.0,0,BB,GBR,Online TA,TA/TO,0,0,0,D,D,0,No Deposit,240.0,0,Transient,46.8,0,0
Resort Hotel,0,1,2016,November,49,29,0,5,2,0.0,0,BB,GBR,Online TA,TA/TO,0,0,0,A,A,0,No Deposit,240.0,0,Transient,51.4,0,1
Resort Hotel,0,0,2016,December,49,2,0,2,2,0.0,0,BB,BEL,Direct,Direct,0,0,0,E,E,1,No Deposit,,0,Transient,58.0,1,0
Resort Hotel,0,128,2016,December,49,3,0,1,2,0.0,0,HB,PRT,Groups,Direct,0,0,0,A,A,0,No Deposit,,0,Transient-Party,64.0,0,1
Resort Hotel,0,128,2016,December,49,3,0,1,2,0.0,0,HB,PRT,Groups,Direct,0,0,0,A,A,0,No Deposit,,0,Transient-Party,64.0,0,1
Resort Hotel,0,128,2016,December,49,3,0,1,2,0.0,0,HB,PRT,Groups,Direct,0,0,0,A,A,0,No Deposit,,0,Transient-Party,64.0,0,1
Resort Hotel,0,128,2016,December,49,3,0,1,2,0.0,0,HB,PRT,Groups,Direct,0,0,0,A,A,0,No Deposit,,0,Transient-Party,64.0,0,1
Resort Hotel,0,128,2016,December,49,3,0,1,2,0.0,0,HB,PRT,Groups,Direct,0,0,0,A,A,2,No Deposit,,0,Transient-Party,64.0,0,1
Resort Hotel,0,4,2016,December,50,4,0,0,2,0.0,0,BB,PRT,Online TA,TA/TO,0,0,0,A,D,0,No Deposit,314.0,0,Transient,0.0,0,0
Resort Hotel,0,128,2016,December,49,3,0,1,2,0.0,0,HB,PRT,Groups,Direct,0,0,0,A,A,0,No Deposit,,0,Transient-Party,64.0,0,1
Resort Hotel,0,128,2016,December,49,3,0,1,2,0.0,0,HB,PRT,Groups,Direct,0,0,0,A,A,0,No Deposit,,0,Transient-Party,64.0,0,1
Resort Hotel,0,128,2016,December,49,3,0,1,2,0.0,0,HB,PRT,Groups,Direct,0,0,0,A,A,0,No Deposit,,0,Transient-Party,64.0,0,1
Resort Hotel,0,128,2016,December,49,3,0,1,2,0.0,0,HB,PRT,Groups,Direct,0,0,0,A,A,0,No Deposit,,0,Transient-Party,64.0,0,1
Resort Hotel,0,128,2016,December,49,3,0,1,2,0.0,0,HB,PRT,Groups,Direct,0,0,0,A,A,0,No Deposit,,0,Transient-Party,64.0,0,1
Resort Hotel,0,128,2016,December,49,3,0,1,2,0.0,0,HB,PRT,Groups,Direct,0,0,0,A,A,0,No Deposit,,0,Transient-Party,64.0,0,1
Resort Hotel,0,128,2016,December,49,3,0,1,2,0.0,0,HB,PRT,Groups,Direct,0,0,0,A,A,0,No Deposit,,0,Transient-Party,64.0,0,1
Resort Hotel,0,128,2016,December,49,3,0,1,2,0.0,0,HB,PRT,Groups,Direct,0,0,0,A,A,0,No Deposit,,0,Transient-Party,64.0,0,1
Resort Hotel,0,128,2016,December,49,3,0,1,2,0.0,0,HB,PRT,Groups,Direct,0,0,0,A,A,0,No Deposit,,0,Transient-Party,64.0,0,1
Resort Hotel,0,141,2016,December,49,3,0,1,2,0.0,0,HB,PRT,Groups,Direct,0,0,0,A,A,0,No Deposit,,13,Transient-Party,64.0,0,1
Resort Hotel,0,128,2016,December,49,3,0,1,2,0.0,0,HB,PRT,Groups,Direct,0,0,0,A,A,0,No Deposit,,0,Transient,64.0,0,1
Resort Hotel,0,0,2016,December,49,2,0,2,2,0.0,0,BB,PRT,Groups,TA/TO,0,0,0,D,D,0,No Deposit,253.0,0,Transient-Party,51.8,0,1
Resort Hotel,0,11,2016,December,49,2,0,2,2,0.0,0,BB,PRT,Complementary,Direct,0,0,0,A,D,0,No Deposit,,0,Transient,0.0,0,1
Resort Hotel,0,22,2016,December,49,1,0,3,2,0.0,0,BB,ESP,Online TA,TA/TO,0,0,0,A,D,0,No Deposit,240.0,0,Transient,60.0,0,1
Resort Hotel,0,40,2016,December,49,2,0,2,2,0.0,0,BB,ESP,Online TA,TA/TO,0,0,0,E,E,0,No Deposit,240.0,0,Transient,63.0,0,2
Resort Hotel,0,29,2016,December,49,2,0,2,2,0.0,0,BB,PRT,Direct,Direct,0,0,0,A,D,0,No Deposit,250.0,0,Transient-Party,49.74,1,0
Resort Hotel,0,0,2016,December,49,3,0,1,2,0.0,0,BB,PRT,Direct,Direct,0,0,0,A,D,0,No Deposit,,0,Transient,60.0,0,0
Resort Hotel,0,19,2016,December,49,2,0,2,2,0.0,0,HB,ESP,Online TA,TA/TO,0,0,0,A,D,0,No Deposit,240.0,0,Transient,96.0,1,1
Resort Hotel,0,80,2016,December,49,2,0,2,2,0.0,0,BB,IRL,Groups,TA/TO,0,0,0,D,D,0,No Deposit,253.0,0,Transient-Party,51.8,0,1
Resort Hotel,0,1,2016,December,49,3,0,1,2,0.0,0,BB,PRT,Online TA,TA/TO,0,0,0,A,D,0,No Deposit,240.0,0,Transient,65.0,0,0
Resort Hotel,0,80,2016,December,49,2,0,2,2,0.0,0,BB,IRL,Groups,TA/TO,0,0,0,D,D,0,No Deposit,253.0,0,Transient-Party,51.8,0,1
Resort Hotel,0,0,2016,December,49,2,0,2,2,0.0,0,BB,PRT,Complementary,Direct,0,0,0,A,D,0,No Deposit,,0,Transient,0.0,0,0
Resort Hotel,0,80,2016,December,49,2,0,2,2,0.0,0,BB,IRL,Groups,TA/TO,0,0,0,D,D,0,No Deposit,253.0,0,Transient-Party,51.8,0,1
Resort Hotel,0,22,2016,December,49,2,0,2,2,0.0,0,BB,ESP,Online TA,TA/TO,0,0,0,E,E,0,No Deposit,240.0,0,Transient,81.0,1,2
Resort Hotel,0,1,2016,December,49,1,0,3,2,0.0,0,BB,PRT,Online TA,TA/TO,0,0,0,A,A,0,No Deposit,240.0,0,Transient,53.67,0,1
Resort Hotel,0,66,2016,November,49,29,0,5,2,0.0,0,BB,ESP,Online TA,TA/TO,0,0,0,D,D,0,No Deposit,241.0,0,Transient,37.01,0,1
Resort Hotel,0,80,2016,December,49,2,0,2,2,0.0,0,BB,IRL,Groups,TA/TO,0,0,0,D,D,0,No Deposit,253.0,0,Transient-Party,51.8,0,1
Resort Hotel,0,1,2016,December,49,3,0,1,2,0.0,0,BB,USA,Direct,Direct,0,0,0,A,D,1,No Deposit,,0,Transient,66.0,1,0
Resort Hotel,0,80,2016,December,49,2,0,2,2,0.0,0,BB,IRL,Groups,TA/TO,0,0,0,D,D,0,No Deposit,253.0,0,Transient-Party,51.8,0,1
Resort Hotel,0,8,2016,December,49,1,0,3,2,0.0,0,BB,ESP,Online TA,TA/TO,0,0,0,A,D,0,No Deposit,240.0,0,Transient,53.67,0,1
Resort Hotel,0,25,2016,December,49,2,0,2,2,0.0,0,BB,PRT,Complementary,Direct,0,0,0,A,D,0,No Deposit,,0,Transient,0.0,0,0
Resort Hotel,0,1,2016,December,49,3,0,1,2,0.0,0,BB,PRT,Corporate,Corporate,0,0,0,G,G,0,No Deposit,,0,Transient,50.0,0,3
Resort Hotel,0,25,2016,November,49,30,0,4,2,0.0,0,BB,NLD,Online TA,TA/TO,0,0,0,A,A,0,No Deposit,314.0,0,Transient,40.8,0,1
Resort Hotel,0,80,2016,December,49,2,0,2,2,0.0,0,BB,IRL,Groups,TA/TO,0,0,0,D,D,0,No Deposit,253.0,0,Transient-Party,51.8,0,1
Resort Hotel,0,80,2016,December,49,2,0,2,2,0.0,0,BB,IRL,Groups,TA/TO,0,0,0,D,D,0,No Deposit,253.0,0,Transient-Party,51.8,0,1
Resort Hotel,0,80,2016,December,49,2,0,2,2,0.0,0,BB,GBR,Groups,TA/TO,0,0,0,D,D,0,No Deposit,253.0,0,Transient-Party,51.8,0,1
Resort Hotel,0,80,2016,December,49,2,0,2,2,0.0,0,BB,GBR,Complementary,TA/TO,0,0,0,D,D,0,No Deposit,253.0,0,Transient-Party,7.0,0,1
Resort Hotel,0,80,2016,December,49,2,0,2,2,0.0,0,BB,IRL,Groups,TA/TO,0,0,0,D,D,0,No Deposit,253.0,0,Transient-Party,51.8,0,1
Resort Hotel,0,80,2016,December,49,2,0,2,2,0.0,0,BB,IRL,Groups,TA/TO,0,0,0,D,D,0,No Deposit,253.0,0,Transient-Party,51.8,0,1
Resort Hotel,0,18,2016,December,49,2,0,2,2,0.0,0,BB,IRL,Groups,TA/TO,0,0,0,D,D,0,No Deposit,253.0,0,Transient-Party,51.8,0,1
Resort Hotel,0,1,2016,December,49,3,0,1,2,0.0,0,BB,GBR,Online TA,TA/TO,0,0,0,A,D,0,No Deposit,240.0,0,Transient,65.0,0,0
Resort Hotel,0,26,2016,November,49,30,1,4,2,0.0,0,BB,FIN,Online TA,TA/TO,0,0,0,A,A,0,No Deposit,241.0,0,Transient,38.62,0,1
Resort Hotel,0,0,2016,December,50,4,1,0,2,0.0,0,BB,ESP,Direct,Direct,0,0,0,E,E,0,No Deposit,,0,Transient,58.0,0,1
Resort Hotel,0,37,2016,December,49,3,1,1,2,0.0,0,BB,PRT,Online TA,TA/TO,0,0,0,E,E,0,No Deposit,240.0,0,Transient,63.0,0,1
Resort Hotel,0,0,2016,December,50,4,1,0,2,0.0,0,BB,ESP,Direct,Direct,0,0,0,E,E,0,No Deposit,,0,Transient,58.0,0,0
Resort Hotel,0,21,2016,December,49,1,1,3,2,0.0,0,BB,PRT,Online TA,TA/TO,0,0,0,A,D,1,No Deposit,240.0,0,Transient,60.0,0,2
Resort Hotel,0,7,2016,December,49,1,1,3,2,0.0,0,HB,PRT,Online TA,TA/TO,0,0,0,E,E,0,No Deposit,240.0,0,Transient,97.25,1,0
Resort Hotel,0,21,2016,December,49,3,1,1,2,0.0,0,BB,BEL,Online TA,TA/TO,0,0,0,E,E,0,No Deposit,240.0,0,Transient,75.0,0,2
Resort Hotel,0,20,2016,December,50,4,1,0,2,0.0,0,BB,PRT,Online TA,TA/TO,0,0,0,E,E,0,No Deposit,240.0,0,Transient,75.0,0,1
Resort Hotel,0,31,2016,December,49,3,1,1,2,0.0,0,BB,ESP,Online TA,TA/TO,0,0,0,A,A,0,No Deposit,196.0,0,Transient,60.0,0,0
Resort Hotel,0,1,2016,December,50,4,1,0,2,0.0,0,BB,DEU,Online TA,TA/TO,0,0,0,A,D,0,No Deposit,240.0,0,Transient,48.0,0,1
Resort Hotel,0,24,2016,December,49,3,2,1,2,0.0,0,BB,POL,Online TA,TA/TO,0,0,0,A,A,0,No Deposit,240.0,0,Transient,60.0,0,2
Resort Hotel,0,56,2016,December,49,3,2,1,2,0.0,0,HB,ESP,Online TA,TA/TO,0,0,0,D,D,0,No Deposit,240.0,0,Transient,96.0,1,2
Resort Hotel,0,40,2016,December,50,4,2,0,2,0.0,0,BB,PRT,Online TA,TA/TO,0,0,0,D,D,0,No Deposit,240.0,0,Transient,62.0,1,1
Resort Hotel,0,22,2016,December,50,6,0,0,2,0.0,0,BB,PRT,Online TA,TA/TO,0,0,0,A,D,0,No Deposit,240.0,0,Transient,0.0,0,1
Resort Hotel,0,67,2016,December,49,1,2,3,2,0.0,0,BB,GBR,Online TA,TA/TO,0,0,0,A,A,1,No Deposit,241.0,0,Transient,32.02,0,1
Resort Hotel,0,72,2016,December,49,2,2,2,2,0.0,0,BB,NLD,Offline TA/TO,TA/TO,0,0,0,A,D,0,No Deposit,6.0,0,Transient,29.0,0,0
Resort Hotel,0,6,2016,December,50,4,2,0,2,0.0,0,BB,PRT,Online TA,TA/TO,0,0,0,E,E,0,No Deposit,196.0,0,Transient,71.5,0,0
Resort Hotel,0,3,2016,December,49,3,2,1,2,0.0,0,HB,GBR,Online TA,TA/TO,0,0,0,E,E,0,No Deposit,241.0,0,Transient,72.31,0,1
Resort Hotel,0,74,2016,December,49,3,2,1,2,0.0,0,BB,NLD,Offline TA/TO,TA/TO,0,0,0,A,D,0,No Deposit,6.0,0,Transient,29.0,0,0
Resort Hotel,0,2,2016,December,50,4,2,0,2,0.0,0,BB,ESP,Online TA,TA/TO,0,0,0,D,E,0,No Deposit,240.0,0,Transient,80.5,1,1
Resort Hotel,0,50,2016,November,49,29,2,5,2,0.0,0,BB,GBR,Online TA,TA/TO,0,0,0,D,D,0,No Deposit,314.0,0,Transient,44.99,0,1
Resort Hotel,0,0,2016,December,49,3,2,1,2,0.0,0,BB,PRT,Direct,Direct,0,0,0,E,E,0,No Deposit,,0,Transient,81.0,1,0
Resort Hotel,0,11,2016,December,49,3,2,2,2,0.0,0,HB,ESP,Offline TA/TO,TA/TO,0,0,0,F,F,1,No Deposit,134.0,0,Transient-Party,89.0,0,1
Resort Hotel,0,1,2016,December,50,6,0,1,2,0.0,0,BB,PRT,Corporate,Direct,0,0,0,A,D,0,No Deposit,,0,Transient,54.9,0,0
Resort Hotel,0,9,2016,December,50,4,2,1,2,0.0,0,BB,ESP,Online TA,TA/TO,0,0,0,A,D,0,No Deposit,240.0,0,Transient,59.33,0,1
Resort Hotel,0,92,2016,December,49,3,2,2,2,0.0,0,BB,GBR,Offline TA/TO,TA/TO,0,0,0,A,A,1,No Deposit,336.0,0,Transient,34.0,0,2
Resort Hotel,0,11,2016,December,49,3,2,2,2,0.0,0,HB,ESP,Offline TA/TO,TA/TO,0,0,0,F,F,1,No Deposit,134.0,0,Transient-Party,93.0,1,1
Resort Hotel,0,0,2016,December,50,6,0,1,2,0.0,0,BB,FRA,Online TA,TA/TO,0,0,0,A,D,0,No Deposit,241.0,0,Transient,53.55,1,1
Resort Hotel,0,14,2016,December,50,5,1,2,2,0.0,0,Undefined,ESP,Groups,TA/TO,0,0,0,A,A,0,No Deposit,134.0,0,Transient-Party,84.0,0,0
Resort Hotel,0,14,2016,December,50,5,1,2,2,0.0,0,Undefined,ESP,Groups,TA/TO,0,0,0,A,A,2,No Deposit,134.0,0,Transient-Party,84.0,0,0
Resort Hotel,0,3,2016,December,50,5,1,2,2,0.0,0,Undefined,ESP,Groups,TA/TO,0,0,0,A,A,1,No Deposit,134.0,0,Transient-Party,86.0,0,0
Resort Hotel,0,5,2016,December,50,5,1,2,2,0.0,0,Undefined,ESP,Groups,TA/TO,0,0,0,A,A,4,No Deposit,134.0,0,Transient-Party,84.0,0,0
Resort Hotel,0,3,2016,December,50,5,1,2,2,0.0,0,Undefined,ESP,Groups,TA/TO,0,0,0,A,A,2,No Deposit,134.0,0,Transient-Party,42.0,0,0
Resort Hotel,0,14,2016,December,50,5,1,2,2,0.0,0,Undefined,ESP,Groups,TA/TO,0,0,0,A,A,0,No Deposit,134.0,0,Transient-Party,84.0,0,0
Resort Hotel,0,14,2016,December,50,5,1,2,2,0.0,0,Undefined,ESP,Groups,TA/TO,0,0,0,A,A,0,No Deposit,134.0,0,Transient-Party,84.0,0,0
Resort Hotel,0,14,2016,December,50,5,1,2,2,0.0,0,Undefined,ESP,Groups,TA/TO,0,0,0,A,A,0,No Deposit,134.0,0,Transient-Party,84.0,0,0
Resort Hotel,0,14,2016,December,50,5,1,2,2,0.0,0,Undefined,PRT,Groups,TA/TO,0,0,0,A,A,0,No Deposit,134.0,0,Transient-Party,84.0,0,0
Resort Hotel,0,14,2016,December,50,5,1,2,2,0.0,0,Undefined,ESP,Groups,TA/TO,0,0,0,A,A,0,No Deposit,134.0,0,Transient-Party,84.0,0,0
Resort Hotel,0,14,2016,December,50,5,1,2,2,0.0,0,Undefined,ESP,Groups,TA/TO,0,0,0,A,A,0,No Deposit,134.0,0,Transient-Party,84.0,0,0
Resort Hotel,0,14,2016,December,50,5,1,2,2,0.0,0,Undefined,ESP,Groups,TA/TO,0,0,0,A,A,0,No Deposit,134.0,0,Transient-Party,84.0,0,0
Resort Hotel,0,14,2016,December,50,5,1,2,2,0.0,0,Undefined,ESP,Groups,TA/TO,0,0,0,A,A,0,No Deposit,134.0,0,Transient-Party,84.0,0,0
Resort Hotel,0,14,2016,December,50,5,1,2,2,0.0,0,Undefined,ESP,Groups,TA/TO,0,0,0,A,A,0,No Deposit,134.0,0,Transient-Party,84.0,0,0
Resort Hotel,0,14,2016,December,50,5,1,2,2,0.0,0,Undefined,ESP,Groups,TA/TO,0,0,0,A,A,0,No Deposit,134.0,0,Transient-Party,84.0,0,0
Resort Hotel,0,14,2016,December,50,5,1,2,2,0.0,0,Undefined,ESP,Groups,TA/TO,0,0,0,A,A,0,No Deposit,134.0,0,Transient-Party,84.0,0,0
Resort Hotel,0,14,2016,December,50,5,1,2,2,0.0,0,Undefined,ESP,Groups,TA/TO,0,0,0,A,A,0,No Deposit,134.0,0,Transient-Party,84.0,0,0
Resort Hotel,0,14,2016,December,50,5,1,2,2,0.0,0,Undefined,ESP,Groups,TA/TO,0,0,0,A,A,0,No Deposit,134.0,0,Transient-Party,84.0,0,0
Resort Hotel,0,14,2016,December,50,5,1,2,2,0.0,0,Undefined,ESP,Groups,TA/TO,0,0,0,A,A,0,No Deposit,134.0,0,Transient-Party,84.0,0,0
Resort Hotel,0,14,2016,December,50,5,1,2,2,0.0,0,Undefined,ESP,Groups,TA/TO,0,0,0,A,A,0,No Deposit,134.0,0,Transient-Party,84.0,0,0
Resort Hotel,0,14,2016,December,50,5,1,2,2,0.0,0,Undefined,ESP,Groups,TA/TO,0,0,0,A,A,0,No Deposit,134.0,0,Transient-Party,84.0,0,0
Resort Hotel,0,14,2016,December,50,5,1,2,2,0.0,0,Undefined,ESP,Groups,TA/TO,0,0,0,A,A,0,No Deposit,134.0,0,Transient-Party,84.0,0,0
Resort Hotel,0,14,2016,December,50,5,1,2,2,0.0,0,Undefined,ESP,Groups,TA/TO,0,0,0,A,A,0,No Deposit,134.0,0,Transient-Party,84.0,0,0
Resort Hotel,0,14,2016,December,50,5,1,2,2,0.0,0,Undefined,ESP,Groups,TA/TO,0,0,0,A,A,0,No Deposit,134.0,0,Transient-Party,84.0,0,0
Resort Hotel,0,14,2016,December,50,5,1,2,2,0.0,0,Undefined,ESP,Groups,TA/TO,0,0,0,A,A,0,No Deposit,134.0,0,Transient-Party,84.0,0,0
Resort Hotel,0,14,2016,December,50,5,1,2,2,0.0,0,Undefined,ESP,Groups,TA/TO,0,0,0,A,A,0,No Deposit,134.0,0,Transient-Party,84.0,0,0
Resort Hotel,0,14,2016,December,50,5,1,2,2,0.0,0,Undefined,ESP,Groups,TA/TO,0,0,0,A,A,0,No Deposit,134.0,0,Transient-Party,84.0,0,0
Resort Hotel,0,14,2016,December,50,5,1,2,2,0.0,0,Undefined,ESP,Groups,TA/TO,0,0,0,A,A,0,No Deposit,134.0,0,Transient-Party,84.0,0,0
Resort Hotel,0,80,2016,November,46,10,8,20,2,0.0,0,BB,FIN,Online TA,TA/TO,0,0,0,A,C,0,No Deposit,240.0,0,Transient,38.25,0,1
Resort Hotel,0,40,2016,December,49,1,2,5,2,0.0,0,Undefined,FRA,Offline TA/TO,TA/TO,0,0,0,A,A,0,No Deposit,464.0,0,Transient,64.0,0,0
Resort Hotel,0,40,2016,December,49,1,2,5,2,0.0,0,Undefined,FRA,Offline TA/TO,TA/TO,0,0,0,A,A,0,No Deposit,464.0,0,Transient,64.0,0,0
Resort Hotel,0,40,2016,December,49,1,2,5,2,0.0,0,Undefined,FRA,Offline TA/TO,TA/TO,0,0,0,A,C,1,No Deposit,464.0,0,Transient,64.0,0,0
Resort Hotel,0,40,2016,December,49,1,2,5,2,0.0,0,Undefined,FRA,Offline TA/TO,TA/TO,0,0,0,A,A,0,No Deposit,464.0,0,Transient,64.0,0,0
Resort Hotel,0,0,2016,December,50,8,0,0,2,0.0,0,BB,PRT,Direct,Direct,1,0,0,E,E,1,No Deposit,,0,Transient,0.0,0,0
Resort Hotel,0,0,2016,December,51,11,0,0,2,0.0,0,BB,PRT,Direct,Direct,1,0,1,A,A,1,No Deposit,,0,Transient,0.0,0,0
Resort Hotel,0,33,2016,November,48,24,4,10,2,0.0,0,Undefined,FRA,Offline TA/TO,TA/TO,0,0,0,A,A,1,No Deposit,464.0,0,Transient,66.0,0,0
Resort Hotel,0,3,2016,December,50,7,0,1,2,0.0,0,BB,PRT,Online TA,TA/TO,0,0,0,A,D,0,No Deposit,240.0,0,Transient,65.0,1,2
Resort Hotel,0,40,2016,December,49,1,2,5,2,0.0,0,Undefined,FRA,Offline TA/TO,TA/TO,0,0,0,A,C,1,No Deposit,464.0,0,Transient,64.0,0,0
Resort Hotel,0,17,2016,December,49,1,2,5,2,0.0,0,Undefined,FRA,Offline TA/TO,TA/TO,0,0,0,A,A,0,No Deposit,464.0,0,Transient,64.0,0,0
Resort Hotel,0,7,2016,December,50,4,2,2,2,0.0,0,BB,ESP,Direct,Direct,0,0,0,F,F,0,No Deposit,250.0,0,Transient,81.75,1,0
Resort Hotel,0,3,2016,December,50,6,0,2,2,0.0,0,BB,PRT,Direct,Direct,0,0,0,A,D,0,No Deposit,,0,Transient,60.0,0,1
Resort Hotel,0,27,2016,December,49,1,2,5,2,0.0,0,HB,FRA,Offline TA/TO,TA/TO,0,0,0,A,A,0,No Deposit,464.0,0,Transient,52.0,0,0
Resort Hotel,0,26,2016,December,50,4,2,2,2,0.0,0,BB,FRA,Offline TA/TO,TA/TO,0,0,0,E,E,0,No Deposit,8.0,0,Transient,50.0,0,0
Resort Hotel,0,40,2016,December,49,1,2,5,2,0.0,0,Undefined,FRA,Offline TA/TO,TA/TO,0,0,0,C,C,2,No Deposit,464.0,0,Transient,64.0,0,0
Resort Hotel,0,21,2016,December,50,7,0,1,2,0.0,0,BB,FRA,Online TA,TA/TO,0,0,0,A,D,1,No Deposit,240.0,0,Transient,60.0,1,1
Resort Hotel,0,21,2016,December,50,7,0,1,2,0.0,0,BB,PRT,Direct,Direct,0,0,0,F,F,0,No Deposit,250.0,0,Transient,75.0,0,0
Resort Hotel,0,49,2016,December,50,7,0,1,2,0.0,0,BB,PRT,Online TA,TA/TO,0,0,0,D,D,0,No Deposit,240.0,0,Transient,66.0,0,2
Resort Hotel,0,174,2016,December,50,8,1,3,2,0.0,0,BB,GBR,Online TA,TA/TO,0,0,0,E,F,1,No Deposit,240.0,0,Transient,55.8,0,3
Resort Hotel,0,73,2016,December,50,6,0,2,2,0.0,0,BB,ZAF,Online TA,TA/TO,0,0,0,A,D,0,No Deposit,241.0,0,Transient,29.11,0,1
Resort Hotel,0,26,2016,December,50,4,2,2,2,0.0,0,BB,FRA,Offline TA/TO,TA/TO,0,0,0,E,E,0,No Deposit,8.0,0,Transient,50.0,0,0
Resort Hotel,0,28,2016,December,49,1,2,5,2,0.0,0,Undefined,FRA,Offline TA/TO,TA/TO,0,0,0,A,A,0,No Deposit,464.0,0,Transient,64.0,0,0
Resort Hotel,0,50,2016,December,50,7,0,2,2,0.0,0,BB,ESP,Online TA,TA/TO,0,0,0,E,E,0,No Deposit,240.0,0,Transient,69.0,1,1
Resort Hotel,0,0,2016,December,50,8,0,1,2,0.0,0,BB,PRT,Direct,Direct,0,0,0,A,A,0,No Deposit,,0,Transient,61.0,0,0
Resort Hotel,0,0,2017,January,3,15,1,0,2,0.0,0,BB,PRT,Direct,Direct,1,0,1,A,A,0,No Deposit,,0,Transient,41.0,0,0
Resort Hotel,0,17,2016,December,50,4,2,3,2,0.0,0,HB,ESP,Online TA,TA/TO,0,0,0,A,D,0,No Deposit,240.0,0,Transient,96.0,1,1
Resort Hotel,0,14,2016,December,50,9,0,0,2,0.0,0,BB,PRT,Online TA,TA/TO,0,0,0,A,A,0,No Deposit,240.0,0,Transient,0.0,0,1
Resort Hotel,0,154,2016,December,49,3,2,4,2,0.0,0,BB,GBR,Direct,Direct,0,0,0,D,D,1,No Deposit,250.0,0,Transient,42.12,0,0
Resort Hotel,0,32,2016,December,50,6,0,3,2,0.0,0,BB,BRA,Offline TA/TO,TA/TO,0,0,0,A,A,1,No Deposit,8.0,0,Transient,40.0,1,0
Resort Hotel,0,1,2016,December,50,7,0,2,2,0.0,0,BB,PRT,Complementary,Direct,0,0,0,A,D,1,No Deposit,,0,Transient,0.0,0,2
Resort Hotel,0,203,2016,December,49,2,2,5,2,0.0,0,BB,GBR,Direct,Direct,0,0,0,F,F,4,No Deposit,250.0,0,Transient,66.8,0,0
Resort Hotel,0,102,2016,December,50,9,0,0,2,0.0,0,BB,PRT,Online TA,TA/TO,0,0,0,D,I,1,No Deposit,241.0,0,Transient,0.0,0,3
Resort Hotel,0,232,2016,December,49,3,2,5,2,0.0,0,BB,GBR,Offline TA/TO,TA/TO,0,0,0,D,D,0,No Deposit,26.0,0,Transient,34.11,0,0
Resort Hotel,0,72,2016,December,49,3,2,5,2,0.0,0,BB,GBR,Offline TA/TO,TA/TO,0,0,0,E,E,0,No Deposit,57.0,0,Transient,47.07,1,0
Resort Hotel,0,62,2016,December,50,5,1,4,2,0.0,0,HB,ESP,Online TA,TA/TO,0,0,0,A,D,0,No Deposit,240.0,0,Transient,72.06,1,1
Resort Hotel,0,34,2016,December,50,9,0,1,2,0.0,0,BB,PRT,Online TA,TA/TO,0,0,0,A,D,0,No Deposit,240.0,0,Transient,48.0,0,1
Resort Hotel,0,34,2016,December,50,9,0,1,2,0.0,0,BB,PRT,Online TA,TA/TO,0,0,0,A,D,0,No Deposit,240.0,0,Transient,48.0,0,1
Resort Hotel,0,1,2017,January,4,26,0,2,2,0.0,0,BB,PRT,Direct,Direct,1,0,1,A,D,0,No Deposit,250.0,0,Transient,52.0,1,1
Resort Hotel,0,34,2016,December,50,9,0,1,2,0.0,0,BB,FRA,Online TA,TA/TO,0,0,0,D,D,0,No Deposit,240.0,0,Transient,66.0,0,1
Resort Hotel,0,9,2016,December,50,8,0,2,2,0.0,0,BB,PRT,Online TA,TA/TO,0,0,0,A,D,0,No Deposit,240.0,0,Transient,65.0,0,2
Resort Hotel,0,62,2016,December,50,4,2,4,2,0.0,0,BB,FIN,Online TA,TA/TO,0,0,0,D,D,1,No Deposit,240.0,0,Transient,54.9,1,0
Resort Hotel,0,33,2016,December,50,8,0,2,2,0.0,0,BB,FRA,Online TA,TA/TO,0,0,0,A,A,0,No Deposit,240.0,0,Transient,48.0,0,2
Resort Hotel,0,168,2016,November,48,21,5,14,2,0.0,0,HB,DEU,Online TA,TA/TO,0,0,0,E,E,0,No Deposit,240.0,0,Transient,86.6,0,2
Resort Hotel,0,87,2016,December,49,3,2,5,2,0.0,0,HB,ESP,Online TA,TA/TO,0,0,0,E,E,5,No Deposit,240.0,0,Transient-Party,85.5,0,2
Resort Hotel,0,35,2016,December,50,8,0,2,2,0.0,0,BB,ESP,Online TA,TA/TO,0,0,0,A,A,0,No Deposit,240.0,0,Transient,48.0,0,1
Resort Hotel,0,14,2016,December,50,9,0,1,2,0.0,0,BB,PRT,Online TA,TA/TO,0,0,0,A,D,0,No Deposit,240.0,0,Transient,65.0,1,1
Resort Hotel,0,234,2016,December,50,7,0,4,2,0.0,0,BB,GBR,Direct,Direct,0,0,0,D,D,0,No Deposit,250.0,0,Transient,48.12,1,0
Resort Hotel,0,22,2016,December,50,8,0,3,2,0.0,0,Undefined,ESP,Groups,TA/TO,0,0,0,A,A,0,No Deposit,38.0,0,Transient-Party,80.0,0,0
Resort Hotel,0,82,2016,December,50,7,0,4,2,0.0,0,BB,ESP,Groups,Direct,0,0,0,A,A,0,No Deposit,,0,Transient-Party,33.3,0,0
Resort Hotel,0,1,2016,December,50,8,0,3,2,0.0,0,Undefined,ESP,Groups,TA/TO,0,0,0,A,A,0,No Deposit,38.0,0,Transient-Party,80.0,0,0
Resort Hotel,0,22,2016,December,50,8,0,3,2,0.0,0,Undefined,ESP,Groups,TA/TO,0,0,0,A,A,0,No Deposit,38.0,0,Transient-Party,80.0,0,0
Resort Hotel,0,22,2016,December,50,8,0,3,2,0.0,0,Undefined,ESP,Groups,TA/TO,0,0,0,A,A,0,No Deposit,38.0,0,Transient-Party,80.0,0,0
Resort Hotel,0,22,2016,December,50,8,0,3,2,0.0,0,Undefined,ESP,Groups,TA/TO,0,0,0,A,A,0,No Deposit,38.0,0,Transient-Party,80.0,0,0
Resort Hotel,0,35,2016,December,50,8,0,3,2,0.0,0,BB,ESP,Online TA,TA/TO,0,0,0,A,A,0,No Deposit,240.0,0,Transient,48.0,0,1
Resort Hotel,0,66,2016,December,50,8,0,3,2,0.0,0,Undefined,ESP,Groups,TA/TO,0,0,0,A,A,0,No Deposit,38.0,44,Transient-Party,80.0,0,0
Resort Hotel,0,22,2016,December,50,8,0,3,2,0.0,0,Undefined,ESP,Groups,TA/TO,0,0,0,A,A,0,No Deposit,38.0,0,Transient-Party,80.0,0,0
Resort Hotel,0,22,2016,December,50,8,0,3,2,0.0,0,Undefined,ESP,Groups,TA/TO,0,0,0,A,A,0,No Deposit,38.0,0,Transient-Party,80.0,0,0
Resort Hotel,0,22,2016,December,50,8,0,3,2,0.0,0,Undefined,ESP,Groups,TA/TO,0,0,0,A,A,0,No Deposit,38.0,0,Transient-Party,80.0,0,0
Resort Hotel,0,22,2016,December,50,8,0,3,2,0.0,0,Undefined,ESP,Groups,TA/TO,0,0,0,A,A,0,No Deposit,38.0,0,Transient-Party,80.0,0,0
Resort Hotel,0,22,2016,December,50,8,0,3,2,0.0,0,Undefined,ESP,Groups,TA/TO,0,0,0,A,A,0,No Deposit,38.0,0,Transient-Party,80.0,0,0
Resort Hotel,0,22,2016,December,50,8,0,3,2,0.0,0,Undefined,ESP,Groups,TA/TO,0,0,0,A,A,0,No Deposit,38.0,0,Transient-Party,80.0,0,0
Resort Hotel,0,22,2016,December,50,8,0,3,2,0.0,0,Undefined,ESP,Groups,TA/TO,0,0,0,A,A,0,No Deposit,38.0,0,Transient-Party,80.0,0,0
Resort Hotel,0,22,2016,December,50,8,0,3,2,0.0,0,Undefined,ESP,Groups,TA/TO,0,0,0,A,A,0,No Deposit,38.0,0,Transient-Party,80.0,0,0
Resort Hotel,0,22,2016,December,50,8,0,3,2,0.0,0,Undefined,ESP,Groups,TA/TO,0,0,0,A,A,0,No Deposit,38.0,0,Transient-Party,80.0,0,0
Resort Hotel,0,22,2016,December,50,8,0,3,2,0.0,0,Undefined,ESP,Groups,TA/TO,0,0,0,A,A,0,No Deposit,38.0,0,Transient-Party,80.0,0,0
Resort Hotel,0,22,2016,December,50,8,0,3,2,0.0,0,Undefined,ESP,Groups,TA/TO,0,0,0,A,A,0,No Deposit,38.0,0,Transient-Party,80.0,0,0
Resort Hotel,0,22,2016,December,50,8,0,3,2,0.0,0,Undefined,ESP,Groups,TA/TO,0,0,0,A,A,0,No Deposit,38.0,0,Transient-Party,80.0,0,0
Resort Hotel,0,1,2016,December,50,8,0,3,2,0.0,0,Undefined,ESP,Groups,TA/TO,0,0,0,A,A,0,No Deposit,38.0,0,Transient-Party,80.0,0,0
Resort Hotel,0,82,2016,December,50,7,0,4,2,0.0,0,BB,ESP,Groups,Direct,0,0,0,A,C,1,No Deposit,,0,Transient-Party,39.3,1,0
Resort Hotel,0,82,2016,December,50,7,0,4,2,0.0,0,BB,ESP,Groups,Direct,0,0,0,A,A,1,No Deposit,,0,Transient-Party,33.3,0,0
Resort Hotel,0,82,2016,December,50,7,0,4,2,0.0,0,BB,ESP,Groups,Direct,0,0,0,A,A,0,No Deposit,,0,Transient-Party,39.3,1,0
Resort Hotel,0,82,2016,December,50,7,0,4,2,0.0,0,BB,ESP,Groups,Direct,0,0,0,A,C,0,No Deposit,,0,Transient-Party,33.3,0,0
Resort Hotel,0,0,2016,December,50,9,0,2,2,0.0,0,BB,PRT,Direct,Direct,0,0,0,E,E,0,No Deposit,,0,Transient,91.0,0,1
Resort Hotel,0,20,2016,December,50,8,0,3,2,0.0,0,BB,PRT,Online TA,TA/TO,0,0,0,E,E,0,No Deposit,240.0,0,Transient,86.0,1,1
Resort Hotel,0,3,2016,December,50,8,0,3,2,0.0,0,HB,PRT,Direct,Direct,0,0,0,F,F,1,No Deposit,250.0,0,Transient,110.0,0,0
Resort Hotel,0,17,2016,December,50,8,0,3,2,0.0,0,HB,ESP,Direct,Direct,0,0,0,E,E,1,No Deposit,250.0,0,Transient,105.0,0,0
Resort Hotel,0,1,2016,December,50,10,0,1,2,0.0,0,BB,PRT,Direct,Direct,0,0,0,E,E,0,No Deposit,,0,Transient,91.0,0,1
Resort Hotel,0,1,2016,December,49,2,2,7,2,0.0,0,BB,PRT,Direct,Direct,0,0,0,F,F,0,No Deposit,,0,Transient,76.22,0,1
Resort Hotel,0,72,2016,December,50,5,1,5,2,0.0,0,BB,PRT,Online TA,TA/TO,0,0,0,D,D,2,No Deposit,242.0,0,Transient-Party,47.85,0,1
Resort Hotel,0,4,2016,December,50,10,0,1,2,0.0,0,BB,PRT,Online TA,TA/TO,0,0,0,A,D,0,No Deposit,240.0,0,Transient,65.0,0,2
Resort Hotel,0,72,2016,December,50,5,1,5,2,0.0,0,BB,NLD,Online TA,TA/TO,0,0,0,D,D,2,No Deposit,242.0,0,Transient-Party,47.85,0,1
Resort Hotel,0,0,2016,December,50,10,0,1,2,0.0,0,BB,PRT,Direct,Direct,0,0,0,A,A,0,No Deposit,,0,Transient,61.0,0,0
Resort Hotel,0,49,2016,December,50,8,0,3,2,0.0,0,HB,ESP,Direct,Direct,0,0,0,F,F,1,No Deposit,250.0,0,Transient,97.2,1,0
Resort Hotel,0,35,2016,December,50,8,0,3,2,0.0,0,BB,ESP,Online TA,TA/TO,0,0,0,A,A,0,No Deposit,240.0,0,Transient,48.0,0,1
Resort Hotel,0,44,2016,December,50,8,0,3,2,0.0,0,FB,PRT,Offline TA/TO,TA/TO,0,0,0,A,A,0,No Deposit,6.0,0,Transient,72.0,0,0
Resort Hotel,0,2,2017,January,4,28,0,1,2,0.0,0,BB,PRT,Online TA,TA/TO,1,0,1,D,D,0,No Deposit,240.0,0,Transient,66.0,0,1
Resort Hotel,0,0,2016,December,50,10,0,1,2,0.0,0,BB,PRT,Direct,Direct,0,0,0,A,A,0,No Deposit,,0,Transient,61.0,0,0
Resort Hotel,0,115,2016,December,50,9,0,2,2,0.0,0,BB,IND,Online TA,TA/TO,0,0,0,D,D,0,No Deposit,242.0,0,Transient,46.8,0,1
Resort Hotel,0,2,2016,December,50,8,0,3,2,0.0,0,BB,PRT,Online TA,TA/TO,0,0,0,A,A,0,No Deposit,241.0,0,Transient,51.04,1,1
Resort Hotel,0,57,2016,December,50,8,0,3,2,0.0,0,FB,PRT,Offline TA/TO,TA/TO,0,0,0,D,D,1,No Deposit,6.0,0,Transient-Party,79.2,0,0
Resort Hotel,0,61,2016,December,50,9,0,2,2,0.0,0,BB,PRT,Online TA,TA/TO,0,0,0,A,D,0,No Deposit,240.0,0,Transient,37.8,0,1
Resort Hotel,0,128,2016,December,50,8,0,3,2,0.0,0,BB,GBR,Online TA,TA/TO,0,0,0,D,D,0,No Deposit,241.0,0,Transient,36.04,0,2
Resort Hotel,0,128,2016,December,50,8,0,3,2,0.0,0,BB,GBR,Online TA,TA/TO,0,0,0,D,D,0,No Deposit,241.0,0,Transient,36.04,0,2
Resort Hotel,0,4,2016,December,50,7,0,4,2,0.0,0,HB,ROU,Online TA,TA/TO,0,0,0,A,A,0,No Deposit,241.0,0,Transient,65.83,0,1
Resort Hotel,0,5,2016,December,50,10,0,1,2,0.0,0,BB,PRT,Online TA,TA/TO,0,0,0,E,E,2,No Deposit,240.0,0,Transient,86.0,1,3
Resort Hotel,0,9,2017,January,2,14,0,1,2,0.0,0,HB,PRT,Online TA,TA/TO,1,0,1,A,D,0,No Deposit,240.0,0,Transient,85.0,1,3
Resort Hotel,0,6,2016,December,50,10,0,1,2,0.0,0,BB,PRT,Online TA,TA/TO,0,0,0,A,D,0,No Deposit,240.0,0,Transient-Party,65.0,0,1
Resort Hotel,0,6,2016,December,50,10,0,1,2,0.0,0,BB,PRT,Online TA,TA/TO,0,0,0,A,D,0,No Deposit,240.0,0,Transient-Party,65.0,0,1
Resort Hotel,0,25,2016,December,50,10,0,1,2,0.0,0,BB,ESP,Offline TA/TO,TA/TO,0,0,0,A,D,0,No Deposit,177.0,0,Transient-Party,34.0,0,2
Resort Hotel,0,17,2016,December,50,8,0,3,2,0.0,0,BB,PRT,Online TA,TA/TO,0,0,0,A,D,1,No Deposit,240.0,0,Transient,65.0,0,1
Resort Hotel,0,25,2016,December,50,10,0,1,2,0.0,0,BB,ESP,Offline TA/TO,TA/TO,0,0,0,A,D,0,No Deposit,177.0,0,Transient,34.0,0,2
Resort Hotel,0,82,2016,December,50,7,0,4,2,0.0,0,BB,ESP,Groups,Direct,0,0,0,A,A,0,No Deposit,,0,Transient-Party,39.3,1,0
Resort Hotel,0,82,2016,December,50,7,0,4,2,0.0,0,BB,ESP,Groups,Direct,0,0,0,A,A,0,No Deposit,,0,Transient-Party,39.3,1,0
Resort Hotel,0,2,2016,December,51,12,0,0,2,0.0,0,BB,PRT,Direct,Direct,0,0,0,A,A,0,No Deposit,,0,Transient,0.0,0,1
Resort Hotel,0,0,2016,December,51,11,1,0,2,0.0,0,BB,GBR,Online TA,TA/TO,0,0,0,A,D,0,No Deposit,240.0,0,Transient,48.0,0,1
Resort Hotel,0,80,2016,December,50,8,1,3,2,0.0,0,HB,RUS,Offline TA/TO,TA/TO,0,0,0,A,D,0,No Deposit,6.0,0,Transient,52.4,0,0
Resort Hotel,0,34,2016,December,50,5,2,5,2,0.0,0,BB,FRA,Online TA,TA/TO,0,0,0,E,E,0,No Deposit,240.0,0,Transient-Party,64.71,0,1
Resort Hotel,0,1,2016,December,51,11,1,0,2,0.0,0,BB,ESP,Online TA,TA/TO,0,0,0,A,D,0,No Deposit,314.0,0,Transient,38.4,0,0
Resort Hotel,0,1,2016,December,51,12,1,0,2,0.0,0,BB,ESP,Online TA,TA/TO,0,0,0,A,D,0,No Deposit,314.0,0,Group,38.4,0,0
Resort Hotel,0,34,2016,December,50,7,1,4,2,0.0,0,BB,ESP,Online TA,TA/TO,0,0,0,D,D,3,No Deposit,240.0,0,Transient,58.0,0,1
Resort Hotel,0,8,2016,December,50,10,1,1,2,0.0,0,BB,PRT,Complementary,Direct,0,0,0,A,D,0,No Deposit,,0,Transient,0.0,0,1
Resort Hotel,0,51,2016,December,50,10,1,1,2,0.0,0,HB,ESP,Online TA,TA/TO,0,0,0,A,D,0,No Deposit,240.0,0,Transient,78.0,0,2
Resort Hotel,0,155,2016,December,50,5,2,5,2,0.0,0,BB,USA,Online TA,TA/TO,0,0,0,E,E,0,No Deposit,240.0,0,Transient,61.8,1,2
Resort Hotel,0,37,2016,December,50,9,1,2,2,0.0,0,BB,GBR,Offline TA/TO,TA/TO,0,0,0,D,D,0,No Deposit,171.0,0,Transient,37.8,0,0
Resort Hotel,0,34,2016,December,50,5,2,5,2,0.0,0,BB,FRA,Online TA,TA/TO,0,0,0,E,E,0,No Deposit,240.0,0,Transient-Party,70.71,1,1
Resort Hotel,0,22,2016,December,50,10,2,1,2,0.0,0,BB,GBR,Online TA,TA/TO,0,0,0,F,F,0,No Deposit,241.0,0,Transient,55.44,0,0
Resort Hotel,0,0,2016,December,51,12,1,0,2,0.0,0,BB,USA,Online TA,TA/TO,0,0,0,A,D,0,No Deposit,241.0,0,Transient,41.11,1,1
Resort Hotel,0,12,2016,December,50,9,2,2,2,0.0,0,BB,GBR,Online TA,TA/TO,0,0,0,A,A,0,No Deposit,241.0,0,Transient,41.96,0,2
Resort Hotel,0,0,2016,December,51,13,0,0,2,0.0,0,BB,PRT,Direct,Direct,1,0,0,A,A,0,No Deposit,,0,Transient,0.0,0,0
Resort Hotel,0,0,2016,December,51,13,0,0,2,0.0,0,BB,PRT,Direct,Direct,1,0,0,A,A,0,No Deposit,,0,Transient,0.0,0,0
Resort Hotel,0,3,2016,December,51,12,1,0,2,0.0,0,HB,PRT,Online TA,TA/TO,0,0,0,A,D,0,No Deposit,240.0,0,Transient,78.0,0,1
Resort Hotel,0,82,2016,December,50,10,2,1,2,0.0,0,HB,GBR,Offline TA/TO,TA/TO,0,0,0,A,D,0,No Deposit,6.0,0,Transient,52.4,0,0
Resort Hotel,0,43,2016,December,50,8,2,3,2,0.0,0,BB,GBR,Online TA,TA/TO,0,0,0,A,A,1,No Deposit,241.0,0,Transient,34.86,0,2
Resort Hotel,0,53,2016,December,51,12,1,0,2,0.0,0,BB,PRT,Direct,Direct,0,0,0,A,D,1,No Deposit,250.0,0,Transient,43.2,0,1
Resort Hotel,0,1,2016,December,51,11,2,0,2,0.0,0,BB,PRT,Complementary,Direct,0,0,0,A,A,0,No Deposit,,0,Transient,0.0,0,0
Resort Hotel,0,0,2016,December,51,13,0,0,2,0.0,0,BB,PRT,Direct,Direct,1,0,0,A,A,1,No Deposit,,0,Transient,0.0,0,0
Resort Hotel,0,7,2016,December,50,9,2,2,2,0.0,0,BB,PRT,Online TA,TA/TO,0,0,0,E,E,0,No Deposit,240.0,0,Transient,73.0,0,0
Resort Hotel,0,64,2016,December,50,10,2,1,2,0.0,0,BB,GBR,Online TA,TA/TO,0,0,0,A,A,0,No Deposit,314.0,0,Transient,30.24,0,0
Resort Hotel,0,9,2016,December,51,11,2,0,2,0.0,0,BB,GBR,Online TA,TA/TO,0,0,0,A,D,0,No Deposit,241.0,0,Transient,35.12,0,2
Resort Hotel,0,9,2016,December,51,11,2,0,2,0.0,0,BB,GBR,Online TA,TA/TO,0,0,0,A,D,0,No Deposit,241.0,0,Transient,35.12,0,2
Resort Hotel,0,14,2016,December,51,13,0,1,2,0.0,0,BB,PRT,Direct,Direct,0,0,0,A,D,0,No Deposit,250.0,0,Transient,49.0,1,0
Resort Hotel,0,1,2016,December,51,13,0,1,2,0.0,0,BB,PRT,Online TA,TA/TO,0,0,0,A,A,0,No Deposit,240.0,0,Transient,48.0,0,2
Resort Hotel,0,5,2016,December,51,13,0,1,2,0.0,0,BB,GBR,Online TA,TA/TO,0,0,0,A,D,0,No Deposit,240.0,0,Transient,48.0,0,1
Resort Hotel,0,5,2016,December,51,11,2,1,2,0.0,0,BB,ESP,Online TA,TA/TO,0,0,0,E,E,0,No Deposit,240.0,0,Transient,63.0,0,2
Resort Hotel,0,0,2016,December,51,13,0,1,2,0.0,0,BB,PRT,Online TA,TA/TO,0,0,0,A,D,1,No Deposit,240.0,0,Transient,48.0,0,1
Resort Hotel,0,0,2016,December,51,13,0,1,2,0.0,0,BB,FIN,Direct,Direct,0,0,0,E,E,0,No Deposit,,0,Transient,59.0,0,0
Resort Hotel,0,20,2016,December,51,12,1,1,2,0.0,0,HB,PRT,Online TA,TA/TO,0,0,0,A,D,0,No Deposit,242.0,0,Transient,80.09,1,2
Resort Hotel,0,0,2016,December,51,12,1,1,2,0.0,0,BB,ESP,Offline TA/TO,TA/TO,0,0,0,A,A,0,No Deposit,6.0,0,Transient,34.0,0,0
Resort Hotel,0,6,2016,December,51,13,0,1,2,0.0,0,BB,BRA,Online TA,TA/TO,0,0,0,A,A,0,No Deposit,241.0,0,Transient,41.11,1,1
Resort Hotel,0,83,2016,December,51,12,1,2,2,0.0,0,BB,GBR,Online TA,TA/TO,0,0,0,A,D,0,No Deposit,240.0,0,Transient,37.8,0,1
Resort Hotel,0,79,2016,December,51,11,2,2,2,0.0,0,HB,FRA,Offline TA/TO,TA/TO,0,0,0,A,D,0,No Deposit,6.0,0,Transient,52.4,0,0
Resort Hotel,0,56,2016,December,50,10,2,3,2,0.0,0,HB,GBR,Online TA,TA/TO,0,0,0,D,D,0,No Deposit,241.0,0,Transient,60.98,0,1
Resort Hotel,0,10,2016,December,51,12,1,2,2,0.0,0,BB,POL,Offline TA/TO,TA/TO,0,0,0,A,A,0,No Deposit,26.0,0,Transient,36.0,0,0
Resort Hotel,0,186,2016,December,50,10,2,3,2,0.0,0,BB,BRA,Online TA,TA/TO,0,0,0,A,A,0,No Deposit,339.0,0,Transient,36.24,1,0
Resort Hotel,0,47,2016,December,50,8,2,5,2,0.0,0,Undefined,FRA,Offline TA/TO,TA/TO,0,0,0,A,C,0,No Deposit,464.0,0,Transient,64.0,0,0
Resort Hotel,0,6,2016,December,50,8,2,5,2,0.0,0,Undefined,FRA,Offline TA/TO,TA/TO,0,0,0,A,C,0,No Deposit,464.0,0,Transient,66.0,0,0
Resort Hotel,0,0,2016,December,51,14,0,1,2,0.0,0,BB,PRT,Online TA,TA/TO,0,0,0,A,E,0,No Deposit,240.0,0,Transient,48.0,1,1
Resort Hotel,0,47,2016,December,50,8,2,5,2,0.0,0,Undefined,FRA,Offline TA/TO,TA/TO,0,0,0,A,C,0,No Deposit,464.0,0,Transient,64.0,0,0
Resort Hotel,0,6,2016,December,50,8,2,5,2,0.0,0,Undefined,FRA,Offline TA/TO,TA/TO,0,0,0,A,C,0,No Deposit,464.0,0,Transient,66.0,0,0
Resort Hotel,0,47,2016,December,50,8,2,5,2,0.0,0,Undefined,FRA,Offline TA/TO,TA/TO,0,0,0,A,C,0,No Deposit,464.0,0,Transient,64.0,0,0
Resort Hotel,0,40,2016,December,49,1,4,10,2,0.0,0,Undefined,FRA,Offline TA/TO,TA/TO,0,0,0,A,A,0,No Deposit,464.0,0,Transient,64.0,0,0
Resort Hotel,0,0,2016,December,51,15,0,1,2,0.0,0,BB,PRT,Direct,Direct,0,0,0,A,A,1,No Deposit,,0,Transient,44.0,0,0
Resort Hotel,0,2,2016,December,51,14,0,2,2,0.0,0,BB,PRT,Online TA,TA/TO,0,0,0,A,D,0,No Deposit,240.0,0,Transient,48.0,0,1
Resort Hotel,0,1,2016,December,51,12,1,3,2,0.0,0,BB,PRT,Online TA,TA/TO,0,0,0,A,D,2,No Deposit,240.0,0,Transient-Party,43.0,0,2
Resort Hotel,0,54,2016,December,50,10,2,4,2,0.0,0,HB,FRA,Offline TA/TO,TA/TO,0,0,0,A,A,0,No Deposit,336.0,0,Transient,55.0,0,0
Resort Hotel,0,21,2016,December,51,12,1,3,2,0.0,0,BB,ESP,Online TA,TA/TO,0,0,0,A,D,0,No Deposit,240.0,0,Transient,54.0,1,1
Resort Hotel,0,67,2016,December,50,9,2,5,2,0.0,0,BB,NLD,Online TA,TA/TO,0,0,0,E,E,0,No Deposit,240.0,0,Transient,55.8,0,2
Resort Hotel,0,0,2016,December,51,14,0,2,2,0.0,0,BB,FRA,Direct,Direct,0,0,0,A,D,0,No Deposit,,0,Transient,44.0,0,0
Resort Hotel,0,9,2016,December,51,14,0,2,2,0.0,0,BB,PRT,Complementary,Direct,0,0,0,A,A,0,No Deposit,,0,Transient,0.0,0,0
Resort Hotel,0,71,2016,December,50,10,2,5,2,0.0,0,BB,ESP,Offline TA/TO,TA/TO,0,0,0,A,A,0,No Deposit,177.0,0,Transient,30.6,0,0
Resort Hotel,0,254,2016,December,51,11,2,4,2,0.0,0,BB,FRA,Online TA,TA/TO,0,0,0,D,D,3,No Deposit,240.0,0,Transient,46.8,0,2
Resort Hotel,0,41,2016,December,51,12,1,4,2,0.0,0,HB,PRT,Direct,Direct,0,0,0,A,A,1,No Deposit,250.0,0,Transient,74.88,1,0
Resort Hotel,0,32,2016,December,51,13,0,4,2,0.0,0,HB,BEL,Online TA,TA/TO,0,0,0,A,A,1,No Deposit,314.0,0,Transient,66.4,0,1
Resort Hotel,0,2,2016,December,51,16,0,1,2,0.0,0,BB,PRT,Offline TA/TO,TA/TO,0,0,0,A,D,0,No Deposit,330.0,0,Transient-Party,34.0,0,1
Resort Hotel,0,81,2016,December,50,10,2,5,2,0.0,0,HB,FRA,Offline TA/TO,TA/TO,0,0,0,A,D,0,No Deposit,6.0,0,Transient,54.4,1,0
Resort Hotel,0,0,2016,December,51,16,0,1,2,0.0,0,BB,PRT,Direct,Direct,0,0,0,A,A,0,No Deposit,,0,Transient,44.0,0,0
Resort Hotel,0,5,2016,December,50,10,2,5,2,0.0,0,BB,NLD,Online TA,TA/TO,0,0,0,A,I,0,No Deposit,240.0,0,Transient,58.43,1,1
Resort Hotel,0,59,2016,December,51,15,0,2,2,0.0,0,BB,GBR,Offline TA/TO,TA/TO,0,0,0,A,D,0,No Deposit,6.0,0,Transient,30.6,0,0
Resort Hotel,0,0,2016,December,51,16,0,1,2,0.0,0,BB,ESP,Direct,Direct,0,0,0,E,E,0,No Deposit,,0,Transient,59.0,0,0
Resort Hotel,0,27,2016,December,50,9,2,6,2,0.0,0,BB,BEL,Direct,Direct,0,0,0,G,G,1,No Deposit,250.0,0,Transient,87.46,1,1
Resort Hotel,0,65,2016,December,51,13,0,4,2,0.0,0,BB,FIN,Online TA,TA/TO,0,0,0,D,D,0,No Deposit,240.0,0,Transient,48.8,0,3
Resort Hotel,0,26,2016,December,51,11,2,4,2,0.0,0,HB,GBR,Online TA,TA/TO,0,0,0,E,E,2,No Deposit,240.0,0,Transient,95.0,0,2
Resort Hotel,0,77,2016,December,51,13,0,4,2,0.0,0,BB,NLD,Online TA,TA/TO,0,0,0,A,A,0,No Deposit,314.0,0,Transient,30.24,0,0
Resort Hotel,0,1,2016,December,51,16,0,1,2,0.0,0,BB,PRT,Direct,Direct,0,0,0,E,E,0,No Deposit,,0,Transient,79.0,0,1
Resort Hotel,0,87,2016,December,51,15,0,3,2,0.0,0,BB,ZAF,Online TA,TA/TO,0,0,0,E,E,0,No Deposit,240.0,0,Transient,55.8,0,1
Resort Hotel,0,86,2016,December,51,15,0,3,2,0.0,0,BB,FRA,Offline TA/TO,TA/TO,0,0,0,A,D,0,No Deposit,6.0,0,Transient,29.0,0,0
Resort Hotel,0,50,2016,December,51,15,0,3,2,0.0,0,BB,IRL,Online TA,TA/TO,0,0,0,D,D,0,No Deposit,241.0,0,Transient,38.81,0,1
Resort Hotel,0,0,2016,December,51,16,0,2,2,0.0,0,BB,PRT,Online TA,TA/TO,0,0,0,A,A,0,No Deposit,242.0,0,Transient,45.6,0,1
Resort Hotel,0,162,2016,December,51,17,0,1,2,0.0,0,BB,PRT,Online TA,TA/TO,0,0,0,A,D,0,No Deposit,240.0,0,Transient,37.8,0,2
Resort Hotel,0,3,2016,December,51,17,0,1,2,0.0,0,BB,PRT,Direct,Direct,0,0,0,A,A,0,No Deposit,,0,Transient-Party,39.0,0,1
Resort Hotel,0,9,2016,December,51,17,0,1,2,0.0,0,BB,ITA,Online TA,TA/TO,0,0,0,E,E,0,No Deposit,240.0,0,Transient,63.0,0,2
Resort Hotel,0,3,2016,December,51,17,0,1,2,0.0,0,BB,PRT,Direct,Direct,0,0,0,A,A,0,No Deposit,,0,Transient-Party,39.0,0,1
Resort Hotel,0,3,2016,December,51,17,0,1,2,0.0,0,BB,PRT,Direct,Direct,0,0,0,A,A,0,No Deposit,,0,Transient-Party,39.0,0,1
Resort Hotel,0,3,2016,December,51,17,0,1,2,0.0,0,BB,PRT,Direct,Direct,0,0,0,A,A,0,No Deposit,,0,Transient-Party,39.0,0,1
Resort Hotel,0,4,2016,December,51,17,0,1,2,0.0,0,BB,ESP,Offline TA/TO,TA/TO,0,0,0,A,A,0,No Deposit,6.0,0,Transient,34.0,0,0
Resort Hotel,0,19,2016,December,51,17,0,1,2,0.0,0,HB,ESP,Direct,Direct,0,0,0,G,G,1,No Deposit,250.0,0,Transient,119.0,1,0
Resort Hotel,0,19,2016,December,51,17,0,1,2,0.0,0,HB,ESP,Direct,Direct,0,0,0,F,F,4,No Deposit,250.0,0,Transient-Party,99.0,1,0
Resort Hotel,0,19,2016,December,51,17,0,1,2,0.0,0,HB,ESP,Direct,Direct,0,0,0,F,F,4,No Deposit,250.0,0,Transient-Party,99.0,0,0
Resort Hotel,0,25,2016,December,51,16,0,2,2,0.0,0,BB,ESP,Online TA,TA/TO,0,0,0,A,D,0,No Deposit,240.0,0,Transient,54.0,1,2
Resort Hotel,0,31,2016,December,51,15,0,3,2,0.0,0,BB,GBR,Offline TA/TO,TA/TO,0,0,0,E,E,0,No Deposit,26.0,0,Transient,52.0,1,0
Resort Hotel,0,6,2016,December,51,16,0,2,2,0.0,0,BB,ESP,Online TA,TA/TO,0,0,0,A,D,0,No Deposit,240.0,0,Transient-Party,48.0,0,1
Resort Hotel,0,4,2016,December,51,16,0,2,2,0.0,0,BB,ESP,Online TA,TA/TO,0,0,0,D,D,0,No Deposit,240.0,0,Transient-Party,62.0,1,1
Resort Hotel,0,8,2016,December,51,15,0,3,2,0.0,0,BB,SVK,Online TA,TA/TO,0,0,0,A,D,0,No Deposit,240.0,0,Transient,54.0,1,1
Resort Hotel,0,4,2016,December,51,17,0,1,2,0.0,0,BB,PRT,Online TA,TA/TO,0,0,0,A,A,0,No Deposit,241.0,0,Transient,35.11,0,1
Resort Hotel,0,1,2016,December,51,16,0,2,2,0.0,0,BB,PRT,Online TA,TA/TO,0,0,0,A,A,0,No Deposit,240.0,0,Transient,48.0,0,1
Resort Hotel,0,46,2016,December,51,17,0,1,2,0.0,0,BB,PRT,Online TA,TA/TO,0,0,0,D,D,0,No Deposit,240.0,0,Transient-Party,66.0,0,0
Resort Hotel,0,11,2016,December,51,16,0,2,2,0.0,0,BB,PRT,Complementary,Direct,0,0,0,A,D,0,No Deposit,,0,Transient,6.0,1,0
Resort Hotel,0,52,2016,December,51,14,0,4,2,0.0,0,BB,GBR,Online TA,TA/TO,0,0,0,A,D,0,No Deposit,240.0,0,Transient,49.5,0,2
Resort Hotel,0,46,2016,December,51,17,0,1,2,0.0,0,BB,PRT,Online TA,TA/TO,0,0,0,D,D,0,No Deposit,240.0,0,Transient-Party,66.0,0,0
Resort Hotel,0,18,2016,December,51,17,0,1,2,0.0,0,HB,PRT,Direct,Direct,0,0,0,D,F,0,No Deposit,,0,Transient,70.0,0,2
Resort Hotel,0,10,2016,December,51,15,0,3,2,0.0,0,BB,GBR,Online TA,TA/TO,0,0,0,A,A,0,No Deposit,314.0,0,Transient,38.4,0,0
Resort Hotel,0,5,2016,December,52,18,1,0,2,0.0,0,BB,USA,Online TA,TA/TO,0,0,0,A,I,0,No Deposit,241.0,0,Transient,35.11,0,1
Resort Hotel,0,5,2016,December,52,18,1,0,2,0.0,0,BB,PRT,Online TA,TA/TO,0,0,0,A,I,0,No Deposit,241.0,0,Transient,41.11,1,1
Resort Hotel,0,22,2016,December,51,16,1,2,2,0.0,0,BB,GBR,Online TA,TA/TO,0,0,0,A,D,0,No Deposit,240.0,0,Transient,48.0,0,1
Resort Hotel,0,2,2016,December,51,17,1,1,2,0.0,0,BB,PRT,Online TA,TA/TO,0,0,0,A,A,0,No Deposit,242.0,0,Transient,48.0,0,1
Resort Hotel,0,24,2016,December,51,15,1,3,2,0.0,0,BB,GBR,Online TA,TA/TO,0,0,0,A,A,0,No Deposit,240.0,0,Transient,48.0,0,2
Resort Hotel,0,1,2016,December,51,14,1,4,2,0.0,0,HB,ITA,Online TA,TA/TO,0,0,0,A,A,0,No Deposit,240.0,0,Transient,84.0,1,0
Resort Hotel,0,0,2016,December,51,17,1,1,2,0.0,0,BB,PRT,Direct,Direct,0,0,0,A,A,0,No Deposit,,0,Transient,44.0,0,0
Resort Hotel,0,28,2016,December,51,17,1,1,2,0.0,0,BB,CHE,Online TA,TA/TO,0,0,0,A,D,0,No Deposit,240.0,0,Transient,54.0,1,0
Resort Hotel,0,68,2016,December,51,16,1,2,2,0.0,0,BB,PRT,Online TA,TA/TO,0,0,0,D,D,0,No Deposit,240.0,0,Transient-Party,70.0,1,0
Resort Hotel,0,68,2016,December,51,16,1,2,2,0.0,0,BB,GBR,Online TA,TA/TO,0,0,0,D,D,0,No Deposit,240.0,0,Transient-Party,62.0,0,0
Resort Hotel,0,9,2016,December,51,16,1,2,2,0.0,0,BB,HRV,Online TA,TA/TO,0,0,0,E,E,0,No Deposit,241.0,0,Transient,49.66,1,1
Resort Hotel,0,42,2016,December,51,17,1,1,2,0.0,0,BB,PRT,Online TA,TA/TO,0,0,0,A,A,0,No Deposit,240.0,0,Transient,48.0,0,1
Resort Hotel,0,3,2016,December,52,18,1,0,2,0.0,0,BB,PRT,Online TA,TA/TO,0,0,0,E,E,0,No Deposit,240.0,0,Transient,69.0,1,1
Resort Hotel,0,9,2016,December,52,18,1,0,2,0.0,0,BB,PRT,Online TA,TA/TO,0,0,0,E,E,0,No Deposit,240.0,0,Transient,63.0,0,1
Resort Hotel,0,52,2016,December,51,17,2,1,2,0.0,0,BB,FRA,Online TA,TA/TO,0,0,0,E,E,0,No Deposit,240.0,0,Transient,63.0,0,1
Resort Hotel,0,0,2016,December,52,19,1,0,2,0.0,0,BB,PRT,Online TA,TA/TO,0,0,0,A,D,0,No Deposit,240.0,0,Transient,48.0,0,1
Resort Hotel,0,9,2016,December,52,18,2,0,2,0.0,0,BB,FRA,Online TA,TA/TO,0,0,0,D,D,0,No Deposit,240.0,0,Transient,62.0,1,1
Resort Hotel,0,0,2016,December,52,19,1,0,2,0.0,0,BB,PRT,Direct,Direct,0,0,0,A,A,0,No Deposit,250.0,0,Transient,50.0,1,1
Resort Hotel,0,0,2016,December,51,17,2,1,2,0.0,0,BB,FRA,Direct,Direct,0,0,0,A,D,1,No Deposit,,0,Transient,50.0,1,0
Resort Hotel,0,1,2016,December,52,19,1,0,2,0.0,0,BB,PRT,Online TA,TA/TO,0,0,0,A,D,0,No Deposit,240.0,0,Transient,48.0,0,1
Resort Hotel,0,103,2016,December,50,10,4,6,2,0.0,0,HB,GBR,Offline TA/TO,TA/TO,0,0,0,D,D,0,No Deposit,436.0,0,Transient,61.2,0,0
Resort Hotel,0,60,2016,December,51,15,2,3,2,0.0,0,HB,FRA,Online TA,TA/TO,0,0,0,D,D,0,No Deposit,241.0,0,Transient,57.93,1,2
Resort Hotel,0,1,2016,December,52,19,1,0,2,0.0,0,BB,PRT,Direct,Direct,0,0,0,E,E,0,No Deposit,,0,Transient,59.0,1,1
Resort Hotel,0,77,2016,December,51,16,2,2,2,0.0,0,BB,GBR,Online TA,TA/TO,0,0,0,A,A,0,No Deposit,314.0,0,Transient,30.24,0,0
Resort Hotel,0,79,2016,December,51,16,2,3,2,0.0,0,HB,ESP,Online TA,TA/TO,0,0,0,A,A,1,No Deposit,240.0,0,Transient,70.8,1,1
Resort Hotel,0,0,2016,December,52,18,2,1,2,0.0,0,BB,PRT,Direct,Direct,0,0,0,A,A,0,No Deposit,,0,Transient,50.0,1,0
Resort Hotel,0,0,2016,December,52,20,0,1,2,0.0,0,BB,USA,Direct,Direct,0,0,0,A,G,0,No Deposit,,0,Transient,90.0,1,0
Resort Hotel,0,1,2016,December,51,17,2,2,2,0.0,0,BB,PRT,Online TA,TA/TO,0,0,0,A,A,0,No Deposit,306.0,0,Transient,27.6,0,0
Resort Hotel,0,0,2016,December,52,20,0,1,2,0.0,0,BB,PRT,Direct,Direct,0,0,0,E,A,1,No Deposit,,0,Transient,44.0,0,1
Resort Hotel,0,109,2016,December,51,16,2,4,2,0.0,0,BB,IRL,Online TA,TA/TO,0,0,0,D,D,0,No Deposit,240.0,0,Transient,48.8,0,1
Resort Hotel,0,49,2016,December,51,17,2,3,2,0.0,0,HB,GBR,Direct,Direct,0,0,0,E,E,1,No Deposit,250.0,0,Transient,86.7,0,0
Resort Hotel,0,117,2016,December,51,17,2,3,2,0.0,0,BB,FRA,Online TA,TA/TO,0,0,0,A,A,0,No Deposit,241.0,0,Transient,29.11,0,1
Resort Hotel,0,6,2016,December,52,20,0,2,2,0.0,0,BB,PRT,Online TA,TA/TO,0,0,0,A,A,0,No Deposit,240.0,0,Transient,48.0,0,1
Resort Hotel,0,0,2016,December,52,21,0,1,2,0.0,0,BB,ITA,Direct,Direct,0,0,0,E,E,0,No Deposit,,0,Transient,59.0,0,1
Resort Hotel,0,0,2016,December,52,21,0,1,2,0.0,0,BB,PRT,Direct,Direct,0,0,0,A,D,0,No Deposit,,0,Transient,39.0,0,0
Resort Hotel,0,35,2016,December,52,19,1,2,2,0.0,0,BB,ESP,Online TA,TA/TO,0,0,0,A,D,0,No Deposit,240.0,0,Transient,48.0,0,1
Resort Hotel,0,0,2016,December,51,15,2,5,2,0.0,0,Undefined,FRA,Offline TA/TO,TA/TO,0,0,0,A,A,0,No Deposit,464.0,0,Transient,66.0,0,0
Resort Hotel,0,17,2016,December,50,8,4,10,2,0.0,0,Undefined,FRA,Offline TA/TO,TA/TO,0,0,0,A,C,2,No Deposit,464.0,0,Transient,66.0,0,0
Resort Hotel,0,66,2016,December,52,21,0,1,2,0.0,0,BB,IRL,Online TA,TA/TO,0,0,0,A,D,0,No Deposit,240.0,0,Transient,50.0,0,2
Resort Hotel,0,150,2016,December,51,15,2,5,2,0.0,0,BB,CN,Online TA,TA/TO,0,0,0,A,I,0,No Deposit,240.0,0,Transient,49.8,0,2
Resort Hotel,0,154,2016,December,52,22,2,5,2,0.0,0,BB,CN,Online TA,TA/TO,0,0,0,A,D,0,No Deposit,240.0,0,Transient,47.8,0,2
Resort Hotel,0,2,2016,December,53,29,0,1,2,0.0,0,BB,CN,Direct,TA/TO,1,0,1,D,D,0,No Deposit,,0,Transient,75.0,0,2
Resort Hotel,0,1,2016,December,52,19,1,2,2,0.0,0,HB,PRT,Online TA,TA/TO,0,0,0,A,A,0,No Deposit,240.0,0,Transient,84.0,1,1
Resort Hotel,0,15,2016,December,52,21,0,1,2,0.0,0,BB,DEU,Online TA,TA/TO,0,0,0,A,D,0,No Deposit,240.0,0,Transient,48.0,0,1
Resort Hotel,0,20,2016,December,51,17,2,3,2,0.0,0,BB,GBR,Online TA,TA/TO,0,0,0,D,G,0,No Deposit,240.0,0,Transient,90.0,0,2
Resort Hotel,0,23,2016,December,51,17,2,3,2,0.0,0,BB,GBR,Direct,Direct,0,0,0,F,F,0,No Deposit,250.0,0,Transient,55.44,0,0
Resort Hotel,0,17,2016,December,52,19,1,2,2,0.0,0,BB,GBR,Online TA,TA/TO,0,0,0,E,E,0,No Deposit,240.0,0,Transient,71.0,1,0
Resort Hotel,0,24,2016,December,51,15,2,5,2,0.0,0,Undefined,FRA,Offline TA/TO,TA/TO,0,0,0,A,A,0,No Deposit,464.0,0,Transient,66.0,0,0
Resort Hotel,0,2,2016,December,52,23,0,0,2,0.0,0,BB,PRT,Online TA,TA/TO,0,0,0,A,A,0,No Deposit,240.0,0,Transient,0.0,0,1
Resort Hotel,0,90,2016,December,52,19,1,3,2,0.0,0,HB,NLD,Online TA,TA/TO,0,0,0,A,A,0,No Deposit,240.0,0,Transient,64.8,0,2
Resort Hotel,0,103,2016,December,52,23,0,0,2,0.0,0,BB,PRT,Online TA,TA/TO,0,0,0,F,F,0,No Deposit,241.0,0,Transient,0.0,0,1
Resort Hotel,0,71,2016,December,52,21,0,2,2,0.0,0,BB,PRT,Online TA,TA/TO,0,0,0,A,A,0,No Deposit,242.0,0,Transient,37.8,0,1
Resort Hotel,0,8,2016,December,52,22,0,1,2,0.0,0,BB,PRT,Direct,Direct,0,0,0,E,E,0,No Deposit,,0,Transient,65.0,1,1
Resort Hotel,0,88,2016,December,51,17,2,4,2,0.0,0,BB,FRA,Offline TA/TO,TA/TO,0,0,0,A,E,1,No Deposit,6.0,0,Transient,34.0,0,0
Resort Hotel,0,0,2016,December,52,22,0,1,2,0.0,0,BB,PRT,Direct,Direct,0,0,0,E,E,0,No Deposit,,0,Transient,65.0,1,0
Resort Hotel,0,94,2016,December,51,16,2,5,2,0.0,0,BB,NLD,Online TA,TA/TO,0,0,0,A,A,0,No Deposit,240.0,0,Transient,42.0,0,1
Resort Hotel,0,1,2016,December,52,19,1,3,2,0.0,0,BB,CHE,Online TA,TA/TO,0,0,0,A,E,0,No Deposit,241.0,0,Transient,55.11,0,1
Resort Hotel,0,3,2016,December,51,14,2,8,2,0.0,0,HB,GBR,Online TA,TA/TO,0,0,0,A,A,0,No Deposit,242.0,0,Transient,78.0,0,1
Resort Hotel,0,83,2016,December,52,23,0,1,2,0.0,0,BB,MYS,Online TA,TA/TO,0,0,0,A,A,3,No Deposit,240.0,0,Transient,37.8,0,0
Resort Hotel,0,83,2016,December,52,23,0,1,2,0.0,0,BB,MYS,Online TA,TA/TO,0,0,0,A,A,3,No Deposit,240.0,0,Transient,37.8,0,0
Resort Hotel,0,83,2016,December,52,23,0,1,2,0.0,0,BB,MYS,Online TA,TA/TO,0,0,0,A,A,3,No Deposit,240.0,0,Transient,37.8,0,0
Resort Hotel,0,77,2016,December,52,23,0,1,2,0.0,0,BB,NLD,Online TA,TA/TO,0,0,0,E,E,0,No Deposit,314.0,0,Transient,44.64,0,0
Resort Hotel,0,118,2016,December,52,19,1,4,2,0.0,0,BB,CHN,Online TA,TA/TO,0,0,0,A,A,0,No Deposit,240.0,0,Transient-Party,39.8,0,1
Resort Hotel,0,118,2016,December,52,19,1,4,2,0.0,0,BB,CHN,Online TA,TA/TO,0,0,0,E,E,0,No Deposit,240.0,0,Transient-Party,55.8,0,1
Resort Hotel,0,7,2016,December,52,21,0,3,2,0.0,0,HB,PRT,Online TA,TA/TO,0,0,0,D,D,0,No Deposit,240.0,0,Transient,86.0,0,1
Resort Hotel,0,1,2016,December,52,20,0,4,2,0.0,0,BB,ROU,Online TA,TA/TO,0,0,0,A,A,0,No Deposit,241.0,0,Transient,31.6,0,1
Resort Hotel,0,5,2016,December,52,24,0,1,2,0.0,0,HB,FRA,Direct,Direct,0,0,0,A,A,1,No Deposit,,0,Transient,101.0,0,1
Resort Hotel,0,2,2016,December,52,24,0,1,2,0.0,0,BB,PRT,Direct,Direct,0,0,0,A,C,0,No Deposit,250.0,0,Transient,61.0,0,0
Resort Hotel,0,73,2016,December,51,17,3,6,2,0.0,0,HB,RUS,Direct,Direct,0,0,0,D,D,1,No Deposit,,0,Transient,80.2,0,0
Resort Hotel,0,1,2016,December,52,24,1,1,2,0.0,0,BB,ESP,Online TA,TA/TO,0,0,0,A,A,0,No Deposit,240.0,0,Transient,65.0,0,0
Resort Hotel,0,89,2016,December,52,19,2,5,2,0.0,0,BB,HUN,Offline TA/TO,TA/TO,0,0,0,A,E,0,No Deposit,6.0,0,Transient,46.57,0,0
Resort Hotel,0,37,2016,December,51,17,3,6,2,0.0,0,BB,GBR,Online TA,TA/TO,0,0,0,A,C,0,No Deposit,240.0,0,Transient,52.67,0,3
Resort Hotel,0,0,2016,December,52,24,1,1,2,0.0,0,HB,BEL,Direct,Direct,0,0,0,F,F,2,No Deposit,250.0,0,Transient,117.0,1,0
Resort Hotel,0,64,2016,December,52,24,2,1,2,0.0,0,BB,GBR,Offline TA/TO,TA/TO,0,0,0,D,D,1,No Deposit,171.0,0,Transient,37.8,0,0
Resort Hotel,0,9,2016,December,52,24,1,1,2,0.0,0,BB,PRT,Online TA,TA/TO,0,0,0,A,A,0,No Deposit,240.0,0,Transient,71.0,1,1
Resort Hotel,0,95,2016,December,52,24,1,1,2,0.0,0,BB,FRA,Online TA,TA/TO,0,0,0,A,A,0,No Deposit,240.0,0,Transient,57.8,0,2
Resort Hotel,0,54,2016,December,53,25,1,0,2,0.0,0,BB,GBR,Online TA,TA/TO,0,0,0,A,D,1,No Deposit,240.0,0,Transient,60.0,0,0
Resort Hotel,0,18,2016,December,53,25,1,0,2,0.0,0,BB,PRT,Direct,Direct,0,0,0,E,F,1,No Deposit,,0,Transient,68.0,0,2
Resort Hotel,0,54,2016,December,53,25,1,0,2,0.0,0,BB,GBR,Online TA,TA/TO,0,0,0,A,D,0,No Deposit,240.0,0,Transient,60.0,0,0
Resort Hotel,0,109,2016,December,52,24,1,1,2,0.0,0,BB,IRL,Online TA,TA/TO,0,0,0,A,A,0,No Deposit,240.0,0,Transient-Party,37.8,0,2
Resort Hotel,0,109,2016,December,52,24,1,1,2,0.0,0,BB,IRL,Online TA,TA/TO,0,0,0,A,A,0,No Deposit,240.0,0,Transient-Party,37.8,0,2
Resort Hotel,0,80,2016,December,52,19,2,5,2,0.0,0,BB,GBR,Online TA,TA/TO,0,0,0,A,A,0,No Deposit,468.0,0,Group,30.24,0,0
Resort Hotel,0,152,2016,December,52,24,1,1,2,0.0,0,HB,GBR,Direct,Direct,0,0,0,A,A,1,No Deposit,250.0,0,Transient,84.02,0,1
Resort Hotel,0,102,2016,December,52,23,1,2,2,0.0,0,BB,FRA,Online TA,TA/TO,0,0,0,A,A,0,No Deposit,240.0,0,Transient-Party,55.33,0,1
Resort Hotel,0,124,2016,December,52,23,1,2,2,0.0,0,BB,ESP,Online TA,TA/TO,0,0,0,A,A,0,No Deposit,240.0,0,Transient-Party,51.13,0,3
Resort Hotel,0,71,2016,December,52,23,1,2,2,0.0,0,BB,FRA,Online TA,TA/TO,0,0,0,A,A,0,No Deposit,240.0,0,Transient,46.0,0,2
Resort Hotel,0,49,2016,December,53,26,1,1,2,0.0,0,BB,FRA,Online TA,TA/TO,0,0,0,A,A,2,No Deposit,,0,Transient,46.0,0,2
Resort Hotel,0,25,2016,December,52,20,1,5,2,0.0,0,BB,FIN,Online TA,TA/TO,0,0,0,E,E,0,No Deposit,240.0,0,Transient,68.67,0,1
Resort Hotel,0,36,2016,December,52,23,1,2,2,0.0,0,BB,PRT,Online TA,TA/TO,0,0,0,D,I,0,No Deposit,240.0,0,Transient,80.0,1,0
Resort Hotel,0,3,2016,December,53,26,1,0,2,0.0,0,BB,PRT,Direct,TA/TO,0,0,0,D,D,0,No Deposit,,0,Transient,84.0,1,0
Resort Hotel,0,199,2016,December,52,19,2,5,2,0.0,0,BB,GBR,Direct,Direct,0,0,0,A,A,0,No Deposit,250.0,0,Transient,34.02,0,3
Resort Hotel,0,1,2016,December,52,24,1,1,2,0.0,0,HB,GBR,Online TA,TA/TO,0,0,0,D,D,0,No Deposit,240.0,0,Transient,123.0,0,1
Resort Hotel,0,124,2016,December,52,23,1,2,2,0.0,0,BB,ESP,Online TA,TA/TO,0,0,0,A,A,0,No Deposit,240.0,0,Transient-Party,51.13,0,3
Resort Hotel,0,0,2016,December,53,26,0,0,2,0.0,0,BB,PRT,Corporate,Corporate,1,0,0,D,I,0,No Deposit,,0,Transient,0.0,0,1
Resort Hotel,0,128,2016,December,52,21,2,4,2,0.0,0,HB,GBR,Online TA,TA/TO,0,0,0,A,A,0,No Deposit,240.0,0,Transient-Party,77.1,1,2
Resort Hotel,0,105,2016,December,52,22,2,3,2,0.0,0,HB,PRT,Online TA,TA/TO,0,0,0,D,D,1,No Deposit,314.0,0,Transient,77.44,0,1
Resort Hotel,0,102,2016,December,52,22,2,3,2,0.0,0,HB,GBR,Online TA,TA/TO,0,0,0,E,E,0,No Deposit,240.0,0,Transient,112.4,1,1
Resort Hotel,0,7,2016,December,52,23,2,2,2,0.0,0,BB,ESP,Online TA,TA/TO,0,0,0,A,A,0,No Deposit,240.0,0,Transient,70.75,0,2
Resort Hotel,0,16,2016,December,52,24,2,1,2,0.0,0,BB,GBR,Direct,Direct,0,0,0,E,E,0,No Deposit,,0,Transient,99.33,0,0
Resort Hotel,0,0,2016,December,53,26,1,0,2,0.0,0,BB,ESP,Direct,Direct,0,0,0,E,E,0,No Deposit,,0,Transient,93.0,0,1
Resort Hotel,0,156,2016,December,52,22,2,3,2,0.0,0,BB,FRA,Direct,Direct,0,0,0,E,E,2,No Deposit,250.0,0,Transient-Party,70.22,1,2
Resort Hotel,0,156,2016,December,52,22,2,3,2,0.0,0,BB,FRA,Direct,Direct,0,0,0,E,E,2,No Deposit,250.0,0,Transient-Party,64.22,0,2
Resort Hotel,0,2,2016,December,52,23,2,2,2,0.0,0,BB,GBR,Online TA,TA/TO,0,0,0,A,I,0,No Deposit,240.0,0,Transient,62.75,0,2
Resort Hotel,0,44,2016,December,53,25,2,0,2,0.0,0,BB,BRA,Online TA,TA/TO,0,0,0,A,C,2,No Deposit,240.0,0,Transient,60.0,0,2
Resort Hotel,0,73,2016,December,52,23,2,2,2,0.0,0,HB,FRA,Online TA,TA/TO,0,0,0,A,A,2,No Deposit,240.0,0,Transient-Party,87.9,1,1
Resort Hotel,0,47,2016,December,52,24,2,1,2,0.0,0,BB,GBR,Online TA,TA/TO,0,0,0,F,F,0,No Deposit,242.0,0,Transient,82.0,0,1
Resort Hotel,0,32,2016,December,52,19,3,5,2,0.0,0,BB,NLD,Online TA,TA/TO,0,0,0,D,D,0,No Deposit,314.0,0,Transient,50.15,0,0
Resort Hotel,0,73,2016,December,52,23,2,2,2,0.0,0,HB,PRT,Online TA,TA/TO,0,0,0,A,A,2,No Deposit,240.0,0,Transient-Party,81.9,0,1
Resort Hotel,0,59,2016,December,52,23,2,2,2,0.0,0,HB,PRT,Online TA,TA/TO,0,0,0,E,E,0,No Deposit,240.0,0,Transient-Party,109.0,1,1
Resort Hotel,0,33,2016,December,52,24,2,1,2,0.0,0,BB,FRA,Online TA,TA/TO,0,0,0,A,A,0,No Deposit,240.0,0,Transient,65.0,0,1
Resort Hotel,0,223,2016,December,52,20,2,5,2,0.0,0,HB,GBR,Online TA,TA/TO,0,0,0,D,D,0,No Deposit,242.0,0,Transient-Party,89.31,1,3
Resort Hotel,0,223,2016,December,52,20,2,5,2,0.0,0,HB,GBR,Online TA,TA/TO,0,0,0,D,D,0,No Deposit,242.0,0,Transient-Party,81.31,0,3
Resort Hotel,0,98,2016,December,53,27,0,0,2,0.0,0,BB,PRT,Direct,Direct,0,0,0,F,F,0,No Deposit,250.0,0,Transient,0.0,0,0
Resort Hotel,0,57,2016,December,52,23,2,3,2,0.0,0,HB,GBR,Online TA,TA/TO,0,0,0,D,D,0,No Deposit,241.0,0,Transient,67.14,0,2
Resort Hotel,0,156,2016,December,52,19,3,6,2,0.0,0,HB,GBR,Online TA,TA/TO,0,0,0,D,D,0,No Deposit,240.0,0,Transient,78.2,0,1
Resort Hotel,0,90,2016,December,52,21,2,5,2,0.0,0,HB,FRA,Offline TA/TO,TA/TO,0,0,0,A,D,0,No Deposit,6.0,0,Transient,56.63,0,0
Resort Hotel,0,36,2016,December,52,24,2,2,2,0.0,0,BB,ITA,Online TA,TA/TO,0,0,0,A,A,0,No Deposit,15.0,0,Transient,48.0,0,0
Resort Hotel,0,78,2016,December,53,26,1,1,2,0.0,0,BB,ESP,Online TA,TA/TO,0,0,0,D,D,0,No Deposit,240.0,0,Transient,46.8,0,1
Resort Hotel,0,0,2016,December,53,27,0,1,2,0.0,0,BB,FRA,Direct,Direct,0,0,0,A,A,0,No Deposit,,0,Transient,75.0,1,0
Resort Hotel,0,155,2016,December,52,21,2,5,2,0.0,0,BB,FRA,Direct,Direct,0,0,0,E,E,2,No Deposit,250.0,0,Transient,66.22,1,1
Resort Hotel,0,117,2016,December,52,21,2,5,2,0.0,0,BB,GBR,Online TA,TA/TO,0,0,0,A,A,0,No Deposit,147.0,0,Transient,30.24,0,0
Resort Hotel,0,35,2016,December,53,25,2,1,2,0.0,0,BB,DEU,Online TA,TA/TO,0,0,0,A,A,0,No Deposit,240.0,0,Transient-Party,60.0,0,2
Resort Hotel,0,35,2016,December,53,25,2,1,2,0.0,0,BB,FRA,Online TA,TA/TO,0,0,0,A,A,0,No Deposit,240.0,0,Transient-Party,60.0,0,2
Resort Hotel,0,35,2016,December,53,25,2,1,2,0.0,0,BB,DEU,Online TA,TA/TO,0,0,0,A,A,0,No Deposit,240.0,0,Transient-Party,60.0,0,2
Resort Hotel,0,36,2016,December,53,27,0,1,2,0.0,0,BB,USA,Direct,Direct,0,0,0,F,F,0,No Deposit,250.0,0,Transient,75.0,0,0
Resort Hotel,0,0,2016,December,53,27,0,1,2,0.0,0,BB,PRT,Direct,Direct,0,0,0,D,D,0,No Deposit,,0,Transient,81.0,1,0
Resort Hotel,0,29,2017,February,8,25,1,1,2,0.0,0,BB,PRT,Online TA,Direct,1,0,0,D,D,0,No Deposit,240.0,0,Transient-Party,58.0,0,2
Resort Hotel,0,10,2017,February,9,27,1,2,2,0.0,0,BB,PRT,Online TA,Direct,1,0,0,D,D,0,No Deposit,240.0,0,Transient,52.67,0,2
Resort Hotel,0,18,2017,May,18,6,2,1,2,0.0,0,BB,PRT,Online TA,Direct,1,0,2,D,D,0,No Deposit,240.0,0,Transient,100.0,0,2
Resort Hotel,0,163,2016,December,52,24,2,3,2,0.0,0,FB,GBR,Online TA,TA/TO,0,0,0,D,D,2,No Deposit,339.0,0,Transient,86.24,0,1
Resort Hotel,0,185,2016,December,52,18,4,7,2,0.0,0,BB,IRL,Online TA,TA/TO,0,0,0,A,A,0,No Deposit,339.0,0,Transient,32.24,0,0
Resort Hotel,0,191,2016,December,52,23,2,4,2,0.0,0,BB,GBR,Online TA,TA/TO,0,0,0,A,C,0,No Deposit,240.0,0,Transient-Party,39.8,0,2
Resort Hotel,0,94,2016,December,52,24,2,3,2,0.0,0,BB,POL,Online TA,TA/TO,0,0,0,A,A,0,No Deposit,314.0,0,Transient,30.24,0,0
Resort Hotel,0,89,2016,December,52,22,2,5,2,0.0,0,BB,GBR,Online TA,TA/TO,0,0,0,A,A,0,No Deposit,314.0,0,Transient,30.24,0,0
Resort Hotel,0,120,2016,December,52,22,2,5,2,0.0,0,BB,IRL,Online TA,TA/TO,0,0,0,A,A,0,No Deposit,240.0,0,Transient-Party,49.51,0,4
Resort Hotel,0,76,2016,December,52,18,4,7,2,0.0,0,BB,GBR,Offline TA/TO,TA/TO,0,0,0,E,E,0,No Deposit,57.0,0,Transient,47.0,0,1
Resort Hotel,0,239,2016,December,52,20,2,7,2,0.0,0,HB,GBR,Online TA,TA/TO,0,0,0,G,G,0,No Deposit,241.0,0,Transient,97.99,0,1
Resort Hotel,0,254,2016,December,52,24,2,3,2,0.0,0,BB,OMN,Online TA,TA/TO,0,0,0,A,A,0,No Deposit,240.0,0,Transient-Party,37.8,0,4
Resort Hotel,0,0,2016,December,53,28,0,1,2,0.0,0,BB,PRT,Direct,Direct,0,0,0,A,D,0,No Deposit,,0,Transient,75.0,0,0
Resort Hotel,0,16,2016,December,52,22,2,5,2,0.0,0,BB,FRA,Online TA,TA/TO,0,0,0,F,F,0,No Deposit,241.0,0,Transient,55.69,0,1
Resort Hotel,0,103,2016,December,53,27,0,2,2,0.0,0,BB,PRT,Direct,Direct,0,0,0,F,F,0,No Deposit,250.0,0,Transient,62.0,0,0
Resort Hotel,0,51,2016,December,53,26,1,2,2,0.0,0,BB,PRT,Online TA,TA/TO,0,0,0,A,A,0,No Deposit,240.0,0,Transient,70.33,1,2
Resort Hotel,0,39,2016,December,53,26,1,2,2,0.0,0,BB,PRT,Online TA,TA/TO,0,0,0,A,A,0,No Deposit,240.0,0,Transient,60.0,0,0
Resort Hotel,0,47,2016,December,52,22,2,5,2,0.0,0,Undefined,FRA,Offline TA/TO,TA/TO,0,0,0,E,E,0,No Deposit,464.0,0,Transient-Party,94.29,0,1
Resort Hotel,0,29,2016,December,53,27,0,2,2,0.0,0,HB,BRA,Complementary,Direct,0,0,0,E,E,3,No Deposit,,0,Transient,0.0,0,2
Resort Hotel,0,29,2016,December,53,27,0,2,2,0.0,0,HB,BRA,Complementary,Direct,0,0,0,E,E,1,No Deposit,,0,Transient,0.0,1,2
Resort Hotel,0,191,2016,December,52,23,2,4,2,0.0,0,BB,IRL,Online TA,TA/TO,0,0,0,A,C,0,No Deposit,240.0,0,Transient-Party,39.8,0,2
Resort Hotel,0,62,2016,December,53,29,0,0,2,0.0,0,BB,PRT,Direct,Direct,0,0,0,D,I,0,No Deposit,,0,Transient,0.0,0,0
Resort Hotel,0,61,2016,December,52,22,2,5,2,0.0,0,Undefined,FRA,Offline TA/TO,TA/TO,0,0,0,A,A,0,No Deposit,464.0,0,Transient,114.29,0,0
Resort Hotel,0,61,2016,December,52,22,2,5,2,0.0,0,Undefined,FRA,Offline TA/TO,TA/TO,0,0,0,A,A,0,No Deposit,464.0,0,Transient,114.29,0,0
Resort Hotel,0,254,2016,December,52,24,2,3,2,0.0,0,BB,GBR,Online TA,TA/TO,0,0,0,A,A,0,No Deposit,240.0,0,Transient-Party,37.8,0,4
Resort Hotel,0,3,2016,December,53,27,0,2,2,0.0,0,BB,GBR,Direct,Direct,0,0,0,A,A,0,No Deposit,,0,Transient,63.0,0,2
Resort Hotel,0,12,2016,December,52,23,2,4,2,0.0,0,BB,FRA,Online TA,TA/TO,0,0,0,D,D,0,No Deposit,240.0,0,Transient,90.17,0,0
Resort Hotel,0,12,2016,December,52,23,2,4,2,0.0,0,BB,FRA,Online TA,TA/TO,0,0,0,D,D,0,No Deposit,240.0,0,Transient,70.17,0,1
Resort Hotel,0,120,2016,December,52,22,2,5,2,0.0,0,BB,GBR,Online TA,TA/TO,0,0,0,A,A,0,No Deposit,240.0,0,Transient-Party,47.8,0,4
Resort Hotel,0,79,2016,December,52,24,2,3,2,0.0,0,HB,ESP,Online TA,TA/TO,0,0,0,A,A,0,No Deposit,242.0,0,Transient,83.76,1,1
Resort Hotel,0,0,2016,December,53,28,0,1,2,0.0,0,BB,PRT,Online TA,TA/TO,0,0,0,A,A,0,No Deposit,240.0,0,Transient,85.0,1,1
Resort Hotel,0,66,2016,December,53,26,1,3,2,0.0,0,BB,RUS,Online TA,TA/TO,0,0,0,A,A,0,No Deposit,240.0,0,Transient,48.0,0,0
Resort Hotel,0,128,2016,December,53,26,1,3,2,0.0,0,BB,GBR,Online TA,TA/TO,0,0,0,D,D,0,No Deposit,147.0,0,Transient-Party,39.44,0,0
Resort Hotel,0,128,2016,December,53,26,1,3,2,0.0,0,BB,GBR,Online TA,TA/TO,0,0,0,D,D,0,No Deposit,147.0,0,Transient-Party,37.44,0,0
Resort Hotel,0,42,2017,March,13,27,2,5,2,0.0,0,BB,GBR,Direct,Direct,1,0,0,D,D,0,No Deposit,250.0,0,Group,63.07,0,0
Resort Hotel,0,87,2016,December,53,29,0,1,2,0.0,0,BB,BEL,Online TA,TA/TO,0,0,0,A,A,0,No Deposit,240.0,0,Transient,42.0,0,1
Resort Hotel,0,39,2016,December,53,26,1,3,2,0.0,0,BB,CN,Online TA,TA/TO,0,0,0,E,E,0,No Deposit,241.0,0,Transient,57.75,0,1
Resort Hotel,0,69,2016,December,52,24,2,4,2,0.0,0,BB,PRT,Online TA,TA/TO,0,0,0,E,E,0,No Deposit,241.0,0,Transient,64.44,1,3
Resort Hotel,0,96,2016,December,53,26,1,3,2,0.0,0,HB,ESP,Online TA,TA/TO,0,0,0,E,E,1,No Deposit,468.0,0,Transient,66.24,0,1
Resort Hotel,0,101,2016,December,53,25,2,3,2,0.0,0,BB,GBR,Offline TA/TO,TA/TO,0,0,0,A,A,0,No Deposit,177.0,0,Transient,57.6,0,0
Resort Hotel,0,191,2016,December,52,23,2,5,2,0.0,0,BB,GBR,Online TA,TA/TO,0,0,0,A,C,1,No Deposit,240.0,0,Transient,37.8,0,2
Resort Hotel,0,87,2016,December,53,27,0,3,2,0.0,0,BB,LVA,Online TA,TA/TO,0,0,0,E,E,0,No Deposit,240.0,0,Transient,55.8,0,1
Resort Hotel,0,120,2016,December,53,25,2,3,2,0.0,0,HB,ESP,Online TA,TA/TO,0,0,0,D,D,0,No Deposit,240.0,0,Transient,86.4,0,2
Resort Hotel,0,120,2016,December,53,25,2,3,2,0.0,0,HB,ESP,Online TA,TA/TO,0,0,0,D,D,0,No Deposit,240.0,0,Transient,86.4,0,2
Resort Hotel,0,120,2016,December,53,25,2,3,2,0.0,0,HB,ESP,Online TA,TA/TO,0,0,0,D,D,0,No Deposit,240.0,0,Transient,86.4,0,2
Resort Hotel,0,30,2016,December,53,28,0,2,2,0.0,0,BB,PRT,Online TA,TA/TO,0,0,0,A,A,0,No Deposit,240.0,0,Transient,65.0,0,0
Resort Hotel,0,120,2016,December,53,26,1,3,2,0.0,0,BB,BEL,Online TA,TA/TO,0,0,0,D,D,0,No Deposit,240.0,0,Transient-Party,54.8,1,3
Resort Hotel,0,1,2016,December,53,29,0,1,2,0.0,0,BB,ESP,Online TA,TA/TO,0,0,0,A,A,0,No Deposit,240.0,0,Transient,79.0,0,0
Resort Hotel,0,81,2016,December,51,16,4,10,2,0.0,0,HB,GBR,Online TA,TA/TO,0,0,0,E,E,0,No Deposit,240.0,0,Transient,89.43,0,2
Resort Hotel,0,63,2016,December,52,20,2,8,2,0.0,0,BB,GBR,Offline TA/TO,TA/TO,0,0,0,D,D,0,No Deposit,40.0,0,Transient,48.03,0,0
Resort Hotel,0,67,2016,December,52,23,2,5,2,0.0,0,HB,GBR,Offline TA/TO,TA/TO,0,0,0,D,D,0,No Deposit,436.0,0,Transient,96.09,0,0
Resort Hotel,0,32,2016,December,53,26,1,3,2,0.0,0,HB,GBR,Online TA,TA/TO,0,0,0,A,A,0,No Deposit,240.0,0,Transient,95.0,0,1
Resort Hotel,0,28,2016,December,53,26,1,3,2,0.0,0,HB,PRT,Online TA,TA/TO,0,0,0,A,A,0,No Deposit,240.0,0,Transient,95.0,0,1
Resort Hotel,0,23,2016,December,53,26,1,3,2,0.0,0,BB,NLD,Online TA,TA/TO,0,0,0,E,E,0,No Deposit,241.0,0,Transient,55.44,0,1
Resort Hotel,0,1,2017,January,1,6,0,2,2,0.0,0,BB,NLD,Direct,Direct,1,0,1,A,A,0,No Deposit,,0,Transient,44.0,0,0
Resort Hotel,0,2,2017,January,4,26,0,2,2,0.0,0,BB,NLD,Direct,Direct,1,0,2,A,D,1,No Deposit,,0,Transient,40.5,0,0
Resort Hotel,0,1,2017,February,7,17,0,1,2,0.0,0,BB,NLD,Direct,Direct,1,0,3,A,A,0,No Deposit,,0,Transient,48.6,0,0
Resort Hotel,0,3,2017,March,11,17,0,2,2,0.0,0,BB,NLD,Direct,Direct,1,0,4,A,A,1,No Deposit,,0,Transient,50.0,0,0
Resort Hotel,0,0,2016,December,53,30,0,0,2,0.0,0,BB,PRT,Direct,Direct,1,0,0,A,A,1,No Deposit,,0,Transient,0.0,0,1
Resort Hotel,0,78,2016,December,52,24,2,5,2,0.0,0,BB,FRA,Online TA,TA/TO,0,0,0,D,D,2,No Deposit,240.0,0,Transient,58.04,0,1
Resort Hotel,0,79,2016,December,52,24,2,5,2,0.0,0,HB,HUN,Online TA,TA/TO,0,0,0,E,E,0,No Deposit,240.0,0,Transient,103.59,1,0
Resort Hotel,0,131,2016,December,52,24,2,5,2,0.0,0,BB,IRL,Online TA,TA/TO,0,0,0,D,D,0,No Deposit,240.0,0,Transient,52.33,0,1
Resort Hotel,0,68,2016,December,53,26,1,4,2,0.0,0,HB,GBR,Online TA,TA/TO,0,0,0,A,A,0,No Deposit,241.0,0,Transient,55.56,0,1
Resort Hotel,0,96,2016,December,52,24,2,5,2,0.0,0,HB,FRA,Offline TA/TO,TA/TO,0,0,0,A,D,0,No Deposit,6.0,0,Transient,56.63,0,0
Resort Hotel,0,336,2016,December,53,30,0,1,2,0.0,0,BB,GBR,Offline TA/TO,TA/TO,0,0,0,E,E,2,No Deposit,360.0,0,Transient,61.0,0,0
Resort Hotel,0,63,2016,December,53,25,2,4,2,0.0,0,BB,BEL,Online TA,TA/TO,0,0,0,A,A,0,No Deposit,240.0,0,Transient,59.33,1,2
Resort Hotel,0,92,2016,December,52,24,2,5,2,0.0,0,BB,BEL,Offline TA/TO,TA/TO,0,0,0,A,D,0,No Deposit,6.0,0,Transient,44.0,0,0
Resort Hotel,0,67,2016,December,53,27,0,4,2,0.0,0,BB,DEU,Online TA,TA/TO,0,0,0,A,A,0,No Deposit,241.0,0,Transient,44.81,1,1
Resort Hotel,0,18,2016,December,51,17,4,10,2,0.0,0,BB,GBR,Online TA,TA/TO,0,0,0,D,D,0,No Deposit,241.0,0,Transient,46.22,0,1
Resort Hotel,0,142,2016,December,52,24,2,5,2,0.0,0,HB,CHN,Online TA,TA/TO,0,0,0,A,A,1,No Deposit,240.0,0,Transient-Party,76.11,0,3
Resort Hotel,0,98,2016,December,53,28,0,3,2,0.0,0,HB,GBR,Online TA,TA/TO,0,0,0,E,E,0,No Deposit,240.0,0,Transient,97.7,0,2
Resort Hotel,0,62,2016,December,52,24,2,5,2,0.0,0,BB,GBR,Online TA,TA/TO,0,0,0,A,A,0,No Deposit,242.0,0,Transient,63.03,0,1
Resort Hotel,0,63,2016,December,53,25,2,4,2,0.0,0,BB,BEL,Online TA,TA/TO,0,0,0,A,A,0,No Deposit,240.0,0,Transient,53.33,0,2
Resort Hotel,0,41,2016,December,53,28,0,3,2,0.0,0,BB,FRA,Online TA,TA/TO,0,0,0,D,D,0,No Deposit,240.0,0,Transient,77.0,0,1
Resort Hotel,0,12,2016,December,53,27,0,4,2,0.0,0,SC,PRT,Direct,Direct,0,0,0,A,I,3,No Deposit,,0,Transient,0.0,0,0
Resort Hotel,0,136,2016,December,53,25,2,5,2,0.0,0,BB,GBR,Online TA,TA/TO,0,0,0,F,F,0,No Deposit,241.0,0,Transient,61.02,1,1
Resort Hotel,0,126,2016,December,53,26,1,5,2,0.0,0,BB,GBR,Online TA,TA/TO,0,0,0,D,D,2,No Deposit,314.0,0,Transient-Party,50.36,0,0
Resort Hotel,0,66,2016,December,53,30,0,2,2,0.0,0,HB,PRT,Offline TA/TO,TA/TO,0,0,0,D,D,1,No Deposit,5.0,0,Transient,175.0,0,1
Resort Hotel,0,71,2017,January,1,1,1,0,2,0.0,0,HB,PRT,Online TA,TA/TO,0,0,0,D,D,4,No Deposit,5.0,0,Transient-Party,83.6,0,1
Resort Hotel,0,66,2016,December,53,30,0,2,2,0.0,0,HB,PRT,Offline TA/TO,TA/TO,0,0,0,D,D,0,No Deposit,5.0,0,Transient,175.0,0,1
Resort Hotel,0,71,2017,January,1,1,1,0,2,0.0,0,HB,PRT,Online TA,TA/TO,0,0,0,D,D,4,No Deposit,5.0,0,Transient-Party,83.6,0,1
Resort Hotel,0,66,2016,December,53,30,0,2,2,0.0,0,HB,PRT,Offline TA/TO,TA/TO,0,0,0,D,D,1,No Deposit,5.0,0,Transient,175.0,0,1
Resort Hotel,0,69,2017,January,1,1,0,0,2,0.0,0,BB,PRT,Online TA,TA/TO,0,0,0,D,D,2,No Deposit,5.0,0,Group,0.0,0,1
Resort Hotel,0,52,2016,December,53,28,0,4,2,0.0,0,BB,ESP,Online TA,TA/TO,0,0,0,A,A,0,No Deposit,240.0,0,Transient-Party,142.5,0,1
Resort Hotel,0,52,2016,December,53,28,0,4,2,0.0,0,BB,ESP,Online TA,TA/TO,0,0,0,A,A,0,No Deposit,240.0,0,Transient-Party,148.5,1,1
Resort Hotel,0,225,2016,December,53,26,1,5,2,0.0,0,BB,GBR,Direct,Direct,0,0,0,F,F,3,No Deposit,250.0,0,Transient,76.2,0,0
Resort Hotel,0,0,2016,December,53,31,0,1,2,0.0,0,BB,PRT,Direct,Direct,0,0,0,A,A,0,No Deposit,,0,Transient,101.0,0,0
Resort Hotel,0,61,2016,December,53,29,0,3,2,0.0,0,BB,PRT,Direct,Direct,0,0,0,D,D,0,No Deposit,,0,Transient,154.0,1,1
Resort Hotel,0,14,2016,December,53,30,0,2,2,0.0,0,BB,PRT,Online TA,TA/TO,0,0,0,D,G,0,No Deposit,240.0,0,Transient,109.5,0,0
Resort Hotel,0,0,2016,December,53,29,0,3,2,0.0,0,BB,GBR,Online TA,TA/TO,0,0,0,A,A,0,No Deposit,240.0,0,Transient,85.67,0,1
Resort Hotel,0,45,2016,December,53,30,0,2,2,0.0,0,HB,PRT,Groups,Direct,0,0,0,D,D,2,No Deposit,,1,Transient-Party,295.0,1,1
Resort Hotel,0,157,2016,December,53,30,0,2,2,0.0,0,BB,PRT,Online TA,TA/TO,0,0,0,A,A,0,No Deposit,242.0,0,Transient,80.25,0,2
Resort Hotel,0,140,2016,December,52,22,2,8,2,0.0,0,BB,GBR,Offline TA/TO,TA/TO,0,0,0,A,A,0,No Deposit,171.0,0,Transient,59.6,0,0
Resort Hotel,0,59,2016,December,53,30,0,2,2,0.0,0,BB,PRT,Direct,Direct,0,0,0,A,C,0,No Deposit,,0,Transient-Party,202.5,0,1
Resort Hotel,0,59,2016,December,53,30,0,2,2,0.0,0,BB,PRT,Direct,Direct,0,0,0,A,C,0,No Deposit,,0,Transient-Party,202.5,0,1
Resort Hotel,0,1,2016,December,53,30,0,2,2,0.0,0,BB,PRT,Online TA,TA/TO,0,0,0,A,A,0,No Deposit,240.0,0,Transient,95.0,1,2
Resort Hotel,0,45,2016,December,53,30,0,2,2,0.0,0,BB,PRT,Direct,Direct,0,0,0,D,D,0,No Deposit,,0,Transient-Party,225.0,0,2
Resort Hotel,0,45,2016,December,53,30,0,2,2,0.0,0,HB,PRT,Direct,Direct,0,0,0,D,D,1,No Deposit,,0,Transient-Party,231.0,0,2
Resort Hotel,0,46,2016,December,53,30,0,2,2,0.0,0,BB,PRT,Offline TA/TO,TA/TO,0,0,0,D,D,0,No Deposit,5.0,0,Transient,162.0,0,0
Resort Hotel,0,73,2016,December,53,30,0,2,2,0.0,0,BB,PRT,Direct,Direct,0,0,0,E,E,0,No Deposit,,0,Transient,211.5,0,0
Resort Hotel,0,1,2016,December,53,30,0,2,2,0.0,0,BB,GBR,Online TA,TA/TO,0,0,0,A,C,0,No Deposit,469.0,0,Transient,78.98,0,1
Resort Hotel,0,196,2016,December,53,30,1,2,2,0.0,0,Undefined,PRT,Groups,TA/TO,0,0,0,A,A,1,No Deposit,,0,Transient-Party,114.0,0,0
Resort Hotel,0,350,2016,December,52,23,3,7,2,0.0,0,BB,GBR,Offline TA/TO,TA/TO,0,0,0,A,C,0,No Deposit,26.0,0,Transient,44.27,0,0
Resort Hotel,0,196,2016,December,53,30,1,2,2,0.0,0,Undefined,PRT,Groups,TA/TO,0,0,0,A,A,0,No Deposit,,0,Transient-Party,114.0,0,0
Resort Hotel,0,196,2016,December,53,30,1,2,2,0.0,0,Undefined,PRT,Groups,TA/TO,0,0,0,A,A,0,No Deposit,,0,Transient-Party,114.0,0,1
Resort Hotel,0,196,2016,December,53,30,1,2,2,0.0,0,Undefined,PRT,Groups,TA/TO,0,0,0,A,A,1,No Deposit,,0,Transient-Party,114.0,0,0
Resort Hotel,0,196,2016,December,53,30,1,2,2,0.0,0,Undefined,PRT,Groups,TA/TO,0,0,0,A,A,0,No Deposit,,0,Transient-Party,114.0,0,1
Resort Hotel,0,196,2016,December,53,30,1,2,2,0.0,0,Undefined,PRT,Groups,TA/TO,0,0,0,A,A,1,No Deposit,,0,Transient-Party,114.0,0,0
Resort Hotel,0,196,2016,December,53,30,1,2,2,0.0,0,Undefined,PRT,Groups,TA/TO,0,0,0,A,A,1,No Deposit,,0,Transient-Party,114.0,0,0
Resort Hotel,0,196,2016,December,53,30,1,2,2,0.0,0,Undefined,PRT,Groups,TA/TO,0,0,0,A,A,0,No Deposit,,0,Transient-Party,114.0,0,0
Resort Hotel,0,196,2016,December,53,30,1,2,2,0.0,0,Undefined,PRT,Groups,TA/TO,0,0,0,A,A,1,No Deposit,,0,Transient-Party,114.0,0,1
Resort Hotel,0,196,2016,December,53,30,1,2,2,0.0,0,Undefined,PRT,Groups,TA/TO,0,0,0,A,A,0,No Deposit,,0,Transient-Party,114.0,0,0
Resort Hotel,0,196,2016,December,53,30,1,2,2,0.0,0,Undefined,PRT,Groups,TA/TO,0,0,0,A,A,0,No Deposit,,0,Transient-Party,114.0,0,0
Resort Hotel,0,196,2016,December,53,30,1,2,2,0.0,0,Undefined,PRT,Groups,TA/TO,0,0,0,A,A,0,No Deposit,,0,Transient-Party,114.0,0,0
Resort Hotel,0,196,2016,December,53,30,1,2,2,0.0,0,Undefined,PRT,Groups,TA/TO,0,0,0,A,A,0,No Deposit,,0,Transient-Party,114.0,0,0
Resort Hotel,0,71,2016,December,53,30,1,2,2,0.0,0,BB,PRT,Offline TA/TO,TA/TO,0,0,0,D,E,1,No Deposit,5.0,0,Transient,120.0,0,0
Resort Hotel,0,110,2016,December,53,28,1,4,2,0.0,0,HB,PRT,Direct,Direct,0,0,0,E,E,1,No Deposit,,0,Transient,148.0,1,1
Resort Hotel,0,66,2016,December,53,31,1,1,2,0.0,0,BB,PRT,Direct,Direct,0,0,0,D,D,0,No Deposit,,0,Transient-Party,208.5,1,1
Resort Hotel,0,165,2016,December,53,25,3,5,2,0.0,0,BB,BRA,Online TA,TA/TO,0,0,0,A,C,0,No Deposit,240.0,0,Transient,50.63,0,2
Resort Hotel,0,58,2016,December,53,30,1,2,2,0.0,0,HB,PRT,Online TA,TA/TO,0,0,0,D,D,0,No Deposit,242.0,0,Transient,208.33,0,1
Resort Hotel,0,116,2016,December,53,30,1,2,2,0.0,0,BB,ITA,Direct,Direct,0,0,0,F,F,0,No Deposit,250.0,0,Transient,158.33,0,1
Resort Hotel,0,54,2016,December,53,31,1,1,2,0.0,0,BB,PRT,Direct,Direct,0,0,0,D,E,0,No Deposit,,0,Transient,225.0,0,0
Resort Hotel,0,178,2016,December,52,23,3,7,2,0.0,0,BB,GBR,Online TA,TA/TO,0,0,0,A,A,0,No Deposit,240.0,0,Transient,55.06,0,2
Resort Hotel,0,22,2017,January,1,1,1,0,2,0.0,0,BB,NLD,Offline TA/TO,TA/TO,0,0,0,D,D,0,No Deposit,360.0,0,Transient,81.9,0,0
Resort Hotel,0,53,2016,December,53,30,1,2,2,0.0,0,BB,PRT,Direct,Direct,0,0,0,D,D,0,No Deposit,,0,Transient,166.67,1,0
Resort Hotel,0,73,2016,December,53,30,1,2,2,0.0,0,HB,PRT,Direct,Direct,0,0,0,D,E,0,No Deposit,,0,Transient,176.0,1,1
Resort Hotel,0,157,2016,December,53,26,2,5,2,0.0,0,HB,IRL,Offline TA/TO,TA/TO,0,0,0,D,D,0,No Deposit,171.0,0,Transient,82.31,1,0
Resort Hotel,0,102,2016,December,53,30,1,2,2,0.0,0,BB,PRT,Direct,Direct,0,0,0,E,E,0,No Deposit,,0,Transient,159.0,0,3
Resort Hotel,0,62,2016,December,53,30,1,2,2,0.0,0,BB,PRT,Direct,Direct,0,0,0,D,D,0,No Deposit,,0,Transient,150.0,0,1
Resort Hotel,0,62,2016,December,53,30,1,2,2,0.0,0,BB,PRT,Direct,Direct,0,0,0,D,D,0,No Deposit,,0,Transient,156.0,0,1
Resort Hotel,0,78,2016,December,53,31,1,1,2,0.0,0,BB,PRT,Offline TA/TO,TA/TO,0,0,0,D,C,1,No Deposit,181.0,0,Transient-Party,162.0,0,0
Resort Hotel,0,78,2016,December,53,31,1,1,2,0.0,0,BB,PRT,Offline TA/TO,TA/TO,0,0,0,D,C,1,No Deposit,181.0,0,Transient-Party,168.0,0,0
Resort Hotel,0,95,2016,December,53,30,1,2,2,0.0,0,BB,PRT,Direct,Direct,0,0,0,D,D,0,No Deposit,,0,Transient,172.67,1,0
Resort Hotel,0,98,2016,December,52,24,3,6,2,0.0,0,BB,GBR,Online TA,TA/TO,0,0,0,D,D,0,No Deposit,240.0,0,Transient,101.87,0,1
Resort Hotel,0,1,2016,December,53,30,1,2,2,0.0,0,BB,BRA,Online TA,TA/TO,0,0,0,D,D,0,No Deposit,240.0,0,Transient,100.67,0,1
Resort Hotel,0,123,2016,December,53,29,1,3,2,0.0,0,BB,PRT,Online TA,TA/TO,0,0,0,E,E,0,No Deposit,240.0,0,Transient,84.83,0,1
Resort Hotel,0,72,2016,December,53,30,1,2,2,0.0,0,BB,PRT,Direct,Direct,0,0,0,D,D,0,No Deposit,,0,Transient,150.0,0,1
Resort Hotel,0,62,2016,December,53,30,1,2,2,0.0,0,HB,PRT,Offline TA/TO,TA/TO,0,0,0,D,D,0,No Deposit,3.0,0,Transient,137.33,0,1
Resort Hotel,0,2,2016,December,53,29,1,3,2,0.0,0,BB,ESP,Online TA,TA/TO,0,0,0,A,A,0,No Deposit,240.0,0,Transient,84.0,0,1
Resort Hotel,0,5,2016,December,53,31,1,1,2,0.0,0,BB,PRT,Online TA,TA/TO,0,0,0,A,A,0,No Deposit,240.0,0,Transient,95.0,0,1
Resort Hotel,0,0,2017,January,1,1,1,0,2,0.0,0,BB,GBR,Direct,Direct,0,0,0,D,E,0,No Deposit,250.0,0,Transient,106.0,0,0
Resort Hotel,0,1,2017,January,1,2,1,0,2,0.0,0,BB,GBR,Direct,Direct,0,0,0,F,F,0,No Deposit,250.0,0,Transient,71.0,0,0
Resort Hotel,0,136,2016,December,53,28,1,4,2,0.0,0,HB,PRT,Direct,Direct,0,0,0,F,F,0,No Deposit,250.0,0,Transient,157.6,0,4
Resort Hotel,0,9,2016,December,53,31,1,1,2,0.0,0,BB,PRT,Online TA,TA/TO,0,0,0,E,G,0,No Deposit,240.0,0,Transient,119.5,0,2
Resort Hotel,0,56,2016,December,53,30,1,2,2,0.0,0,BB,PRT,Direct,Direct,0,0,0,A,C,0,No Deposit,,0,Transient,157.67,1,1
Resort Hotel,0,251,2016,December,53,27,2,5,2,0.0,0,BB,GBR,Online TA,TA/TO,0,0,0,D,D,0,No Deposit,241.0,0,Transient,51.02,0,1
Resort Hotel,0,78,2017,January,1,2,1,0,2,0.0,0,BB,FRA,Online TA,TA/TO,0,0,0,A,D,0,No Deposit,240.0,0,Transient,42.0,0,2
Resort Hotel,0,0,2017,January,1,2,1,0,2,0.0,0,BB,NLD,Direct,Direct,0,0,0,E,E,0,No Deposit,,0,Transient,64.0,0,0
Resort Hotel,0,0,2017,January,1,2,1,0,2,0.0,0,BB,DEU,Online TA,TA/TO,0,0,0,A,A,0,No Deposit,240.0,0,Transient,48.0,0,0
Resort Hotel,0,1,2017,January,1,2,1,0,2,0.0,0,BB,AUT,Online TA,TA/TO,0,0,0,A,A,0,No Deposit,240.0,0,Transient,48.0,0,1
Resort Hotel,0,103,2016,December,53,31,2,1,2,0.0,0,HB,BEL,Offline TA/TO,TA/TO,0,0,0,A,D,1,No Deposit,6.0,0,Transient,126.27,1,0
Resort Hotel,0,0,2017,January,1,2,1,0,2,0.0,0,BB,PRT,Online TA,TA/TO,0,0,0,A,A,0,No Deposit,240.0,0,Transient,54.0,1,0
Resort Hotel,0,15,2017,January,1,2,1,0,2,0.0,0,BB,ESP,Direct,Direct,0,0,0,A,A,0,No Deposit,250.0,0,Transient,44.0,0,0
Resort Hotel,0,214,2016,December,53,30,2,2,2,0.0,0,BB,FRA,Online TA,TA/TO,0,0,0,E,F,0,No Deposit,240.0,0,Transient,87.45,1,2
Resort Hotel,0,97,2016,December,53,28,2,5,2,0.0,0,HB,GBR,Online TA,TA/TO,0,0,0,D,D,0,No Deposit,240.0,0,Transient,134.14,0,1
Resort Hotel,0,97,2016,December,53,28,2,5,2,0.0,0,HB,FRA,Online TA,TA/TO,0,0,0,D,D,0,No Deposit,240.0,0,Transient,134.14,0,1
Resort Hotel,0,231,2016,December,53,28,2,5,2,0.0,0,BB,NLD,Online TA,TA/TO,0,0,0,E,E,0,No Deposit,241.0,0,Transient,57.53,1,2
Resort Hotel,0,127,2016,December,53,28,2,5,2,0.0,0,HB,DEU,Offline TA/TO,TA/TO,0,0,0,E,E,0,No Deposit,75.0,0,Transient,94.89,0,0
Resort Hotel,0,4,2017,January,1,2,1,1,2,0.0,0,BB,ESP,Offline TA/TO,TA/TO,0,0,0,A,A,0,No Deposit,177.0,0,Transient,34.0,0,0
Resort Hotel,0,1,2017,January,1,3,0,1,2,0.0,0,BB,ESP,Online TA,TA/TO,0,0,0,A,D,0,No Deposit,240.0,0,Transient,48.0,0,1
Resort Hotel,0,170,2016,December,52,22,4,9,2,0.0,0,BB,FRA,Online TA,TA/TO,0,0,0,A,A,0,No Deposit,240.0,0,Transient,51.69,0,2
Resort Hotel,0,170,2016,December,52,22,4,9,2,0.0,0,BB,FRA,Online TA,TA/TO,0,0,0,A,A,0,No Deposit,240.0,0,Transient,45.69,1,2
Resort Hotel,0,8,2017,January,1,4,0,0,2,0.0,0,BB,PRT,Online TA,TA/TO,0,0,0,A,A,0,No Deposit,240.0,0,Transient,0.0,0,2
Resort Hotel,0,60,2017,January,1,3,0,1,2,0.0,0,BB,FRA,Online TA,TA/TO,0,0,0,E,E,0,No Deposit,240.0,0,Transient,62.0,0,1
Resort Hotel,0,0,2017,January,1,3,0,1,2,0.0,0,BB,SWE,Online TA,TA/TO,0,0,0,A,D,0,No Deposit,240.0,0,Transient,48.0,0,0
Resort Hotel,0,0,2017,January,1,3,0,1,2,0.0,0,BB,FRA,Direct,Direct,0,0,0,A,A,0,No Deposit,,0,Transient,44.0,0,0
Resort Hotel,0,219,2016,December,53,29,2,4,2,0.0,0,BB,PRT,Online TA,TA/TO,0,0,0,A,A,0,No Deposit,240.0,0,Transient,54.9,0,1
Resort Hotel,0,77,2017,January,1,3,0,1,2,0.0,0,BB,AUS,Online TA,TA/TO,0,0,0,A,D,0,No Deposit,241.0,0,Transient,29.11,0,3
Resort Hotel,0,77,2017,January,1,3,0,1,2,0.0,0,BB,AUS,Online TA,TA/TO,0,0,0,A,D,0,No Deposit,241.0,0,Transient,29.11,0,3
Resort Hotel,0,29,2017,January,1,2,1,1,2,0.0,0,HB,ESP,Online TA,TA/TO,0,0,0,D,D,0,No Deposit,240.0,0,Transient,88.0,0,2
Resort Hotel,0,31,2016,December,53,30,2,3,2,0.0,0,SC,PRT,Groups,Direct,0,0,0,E,I,3,No Deposit,,0,Transient-Party,50.0,0,1
Resort Hotel,0,91,2016,December,53,27,2,7,2,0.0,0,HB,BEL,Online TA,TA/TO,0,0,0,D,D,0,No Deposit,240.0,0,Transient-Party,121.4,0,1
Resort Hotel,0,91,2016,December,53,27,2,7,2,0.0,0,HB,ITA,Online TA,TA/TO,0,0,0,D,D,0,No Deposit,240.0,0,Transient-Party,119.4,0,1
Resort Hotel,0,186,2016,December,51,15,6,15,2,0.0,0,BB,GBR,Online TA,TA/TO,0,0,0,D,D,0,No Deposit,240.0,0,Transient,54.97,0,3
Resort Hotel,0,97,2016,December,53,28,2,6,2,0.0,0,HB,ROU,Direct,Direct,0,0,0,F,F,1,No Deposit,250.0,0,Transient,137.7,0,0
Resort Hotel,0,68,2016,December,53,29,2,5,2,0.0,0,Undefined,GBR,Offline TA/TO,TA/TO,0,0,0,A,A,0,No Deposit,464.0,0,Transient,94.29,0,1
Resort Hotel,0,61,2016,December,52,22,4,10,2,0.0,0,Undefined,FRA,Offline TA/TO,TA/TO,0,0,0,A,A,1,No Deposit,464.0,0,Transient,82.29,0,0
Resort Hotel,0,97,2016,December,53,28,2,6,2,0.0,0,HB,ROU,Direct,Direct,0,0,0,F,F,1,No Deposit,250.0,0,Transient,137.7,0,0
Resort Hotel,0,61,2016,December,52,22,4,10,2,0.0,0,Undefined,PRT,Offline TA/TO,TA/TO,0,0,0,A,A,0,No Deposit,464.0,0,Transient,82.29,0,0
Resort Hotel,0,68,2016,December,53,29,2,5,2,0.0,0,Undefined,FRA,Offline TA/TO,TA/TO,0,0,0,A,A,1,No Deposit,464.0,0,Transient,94.29,0,1
Resort Hotel,0,23,2017,January,1,4,0,1,2,0.0,0,BB,CN,Direct,Direct,0,0,0,F,F,2,No Deposit,250.0,0,Transient,75.0,1,0
Resort Hotel,0,101,2016,December,53,29,2,5,2,0.0,0,HB,GBR,Online TA,TA/TO,0,0,0,E,E,0,No Deposit,240.0,0,Transient,141.57,0,3
Resort Hotel,0,0,2017,January,1,4,0,1,2,0.0,0,BB,PRT,Direct,Direct,0,0,0,A,E,0,No Deposit,,0,Transient,64.0,0,0
Resort Hotel,0,0,2017,January,1,7,0,1,2,0.0,0,BB,ITA,Direct,Direct,1,0,1,A,A,1,No Deposit,,0,Transient,44.0,0,0
Resort Hotel,0,2,2017,January,1,3,0,2,2,0.0,0,BB,ESP,Online TA,TA/TO,0,0,0,E,E,0,No Deposit,240.0,0,Transient,74.0,1,1
Resort Hotel,0,1,2017,January,1,4,0,1,2,0.0,0,BB,GBR,Direct,Direct,0,0,0,F,F,0,No Deposit,250.0,0,Transient,71.0,0,1
Resort Hotel,0,14,2017,January,1,5,2,3,2,0.0,0,BB,GBR,Online TA,Direct,0,0,0,F,F,0,No Deposit,241.0,0,Group,44.97,0,1
Resort Hotel,0,10,2016,December,53,28,2,6,2,0.0,0,BB,SWE,Online TA,TA/TO,0,0,0,A,H,2,No Deposit,240.0,0,Transient,67.75,0,1
Resort Hotel,0,1,2017,January,1,5,0,1,2,0.0,0,BB,SWE,Direct,TA/TO,0,0,0,A,H,0,No Deposit,,0,Transient,44.0,0,1
Resort Hotel,0,0,2017,January,1,4,0,1,2,0.0,0,BB,PRT,Direct,Direct,0,0,0,A,A,0,No Deposit,,0,Transient,44.0,0,0
Resort Hotel,0,45,2017,January,1,2,1,2,2,0.0,0,BB,PRT,Online TA,TA/TO,0,0,0,A,A,0,No Deposit,240.0,0,Transient,42.0,0,1
Resort Hotel,0,9,2017,January,1,5,0,1,2,0.0,0,BB,PRT,Online TA,TA/TO,0,0,0,A,A,0,No Deposit,,0,Transient,59.0,0,1
Resort Hotel,0,224,2017,January,1,2,1,2,2,0.0,0,HB,ESP,Online TA,TA/TO,0,0,0,A,A,0,No Deposit,240.0,0,Transient-Party,72.6,1,2
Resort Hotel,0,224,2017,January,1,2,1,2,2,0.0,0,HB,ESP,Online TA,TA/TO,0,0,0,A,A,0,No Deposit,240.0,0,Transient-Party,66.6,0,2
Resort Hotel,0,145,2017,January,1,2,1,2,2,0.0,0,HB,GBR,Online TA,TA/TO,0,0,0,G,G,1,No Deposit,314.0,0,Transient,98.64,1,0
Resort Hotel,0,77,2017,January,1,2,1,2,2,0.0,0,BB,ESP,Direct,Direct,0,0,0,E,E,0,No Deposit,250.0,0,Transient,55.8,0,1
Resort Hotel,0,77,2017,January,1,2,1,2,2,0.0,0,BB,ESP,Direct,Direct,0,0,0,E,E,0,No Deposit,250.0,0,Transient,55.8,0,1
Resort Hotel,0,77,2017,January,1,2,1,2,2,0.0,0,BB,ESP,Direct,Direct,0,0,0,E,E,0,No Deposit,250.0,0,Transient,55.8,0,1
Resort Hotel,0,0,2017,January,1,4,0,1,2,0.0,0,BB,PRT,Direct,Direct,0,0,0,D,D,0,No Deposit,,0,Transient,54.0,1,0
Resort Hotel,0,0,2017,January,1,4,0,1,2,0.0,0,BB,ESP,Direct,Direct,0,0,0,A,D,0,No Deposit,,0,Transient,44.0,0,0
Resort Hotel,0,105,2017,January,1,2,1,2,2,0.0,0,BB,ESP,Offline TA/TO,TA/TO,0,0,0,A,D,0,No Deposit,6.0,0,Transient,29.0,0,0
Resort Hotel,0,105,2017,January,1,2,1,2,2,0.0,0,BB,ESP,Offline TA/TO,TA/TO,0,0,0,A,D,0,No Deposit,6.0,0,Transient,29.0,0,0
Resort Hotel,0,0,2017,January,1,4,0,1,2,0.0,0,BB,PRT,Direct,Direct,0,0,0,D,D,0,No Deposit,,0,Transient,44.0,0,0
Resort Hotel,0,93,2017,January,1,3,0,2,2,0.0,0,BB,ESP,Online TA,TA/TO,0,0,0,D,E,1,No Deposit,240.0,0,Transient,54.0,0,2
Resort Hotel,0,4,2017,January,1,2,1,2,2,0.0,0,BB,ESP,Online TA,TA/TO,0,0,0,A,A,0,No Deposit,240.0,0,Transient,54.0,1,2
Resort Hotel,0,1,2017,January,1,2,1,2,2,0.0,0,BB,BRA,Online TA,TA/TO,0,0,0,A,A,0,No Deposit,240.0,0,Transient,54.0,1,1
Resort Hotel,0,0,2017,January,1,4,0,1,2,0.0,0,BB,PRT,Direct,Direct,0,0,0,D,D,0,No Deposit,,0,Transient,44.0,0,0
Resort Hotel,0,42,2016,February,9,27,2,2,2,0.0,0,BB,BEL,Online TA,TA/TO,0,0,0,E,E,0,No Deposit,240.0,0,Transient,72.0,1,3
Resort Hotel,0,45,2016,March,10,1,2,6,2,0.0,0,SC,DEU,Groups,Direct,0,0,0,E,I,2,No Deposit,,0,Transient-Party,0.0,0,1
Resort Hotel,0,0,2016,March,10,5,0,1,2,0.0,0,BB,PRT,Online TA,TA/TO,0,0,1,A,A,0,No Deposit,240.0,0,Transient,58.0,0,0
Resort Hotel,0,1,2016,March,10,5,0,1,2,0.0,0,BB,PRT,Online TA,TA/TO,0,0,1,D,D,0,No Deposit,240.0,0,Transient-Party,68.0,0,0
Resort Hotel,0,1,2016,March,10,5,0,1,2,0.0,0,BB,ESP,Online TA,TA/TO,0,0,1,D,D,0,No Deposit,240.0,0,Transient,74.0,1,0
Resort Hotel,0,1,2016,March,10,5,0,1,2,0.0,0,BB,PRT,Online TA,TA/TO,0,0,1,D,D,0,No Deposit,240.0,0,Transient-Party,68.0,0,0
Resort Hotel,0,2,2016,March,11,6,2,1,2,0.0,0,BB,ITA,Online TA,TA/TO,0,0,1,D,D,0,No Deposit,240.0,0,Transient,64.0,1,0
Resort Hotel,0,1,2016,March,11,7,1,0,2,0.0,0,BB,FRA,Online TA,TA/TO,0,0,5,A,D,0,No Deposit,240.0,0,Transient,48.0,0,1
Resort Hotel,0,1,2016,March,11,7,1,0,2,0.0,0,BB,NLD,Online TA,TA/TO,0,0,5,D,D,0,No Deposit,240.0,0,Transient,58.0,0,1
Resort Hotel,0,1,2016,March,11,8,0,3,2,0.0,0,BB,GBR,Direct,Direct,0,0,5,D,D,1,No Deposit,250.0,0,Transient,39.33,0,0
Resort Hotel,0,0,2017,January,1,5,0,1,2,0.0,0,BB,PRT,Direct,Direct,0,0,0,A,A,0,No Deposit,,0,Transient,44.0,0,0
Resort Hotel,0,76,2017,January,1,2,1,3,2,0.0,0,BB,ESP,Online TA,TA/TO,0,0,0,A,A,0,No Deposit,242.0,0,Transient,37.8,0,3
Resort Hotel,0,141,2017,January,1,2,1,3,2,0.0,0,HB,BEL,Direct,Direct,0,0,0,G,G,1,No Deposit,250.0,0,Transient,108.3,0,0
Resort Hotel,0,154,2017,January,1,5,0,1,2,0.0,0,BB,FRA,Online TA,TA/TO,0,0,0,A,A,0,No Deposit,240.0,0,Transient,37.8,1,1
Resort Hotel,0,237,2016,December,53,29,2,6,2,0.0,0,BB,ITA,Online TA,TA/TO,0,0,0,D,D,1,No Deposit,240.0,0,Transient,68.25,0,2
Resort Hotel,0,237,2016,December,53,29,2,6,2,0.0,0,BB,ITA,Online TA,TA/TO,0,0,0,D,D,1,No Deposit,240.0,0,Transient,76.25,1,1
Resort Hotel,0,0,2017,January,1,5,0,1,2,0.0,0,HB,ESP,Offline TA/TO,TA/TO,0,0,0,D,D,0,No Deposit,6.0,0,Transient,68.0,0,1
Resort Hotel,0,0,2017,January,1,5,0,1,2,0.0,0,BB,FRA,Direct,Direct,0,0,0,A,A,0,No Deposit,,0,Transient,44.0,0,0
Resort Hotel,0,0,2017,January,1,5,0,1,2,0.0,0,BB,FRA,Direct,Direct,0,0,0,A,A,0,No Deposit,,0,Transient,44.0,0,1
Resort Hotel,0,78,2017,January,1,3,0,3,2,0.0,0,BB,ESP,Online TA,TA/TO,0,0,0,A,A,0,No Deposit,240.0,0,Transient,42.0,0,2
Resort Hotel,0,43,2017,January,1,5,0,1,2,0.0,0,HB,BRA,Online TA,TA/TO,0,0,0,A,A,0,No Deposit,241.0,0,Transient,59.66,1,1
Resort Hotel,0,2,2017,January,1,3,0,3,2,0.0,0,BB,FRA,Online TA,TA/TO,0,0,0,D,D,0,No Deposit,240.0,0,Transient,64.0,1,1
Resort Hotel,0,1,2017,January,1,4,0,2,2,0.0,0,BB,PRT,Offline TA/TO,TA/TO,0,0,0,A,A,0,No Deposit,6.0,0,Transient,34.0,0,1
Resort Hotel,0,8,2017,January,1,4,0,2,2,0.0,0,BB,ITA,Online TA,TA/TO,0,0,0,E,E,0,No Deposit,240.0,0,Transient,74.0,1,1
Resort Hotel,0,43,2017,January,1,5,0,1,2,0.0,0,HB,BRA,Online TA,TA/TO,0,0,0,A,A,0,No Deposit,241.0,0,Transient,52.66,0,1
Resort Hotel,0,205,2017,January,1,5,0,1,2,0.0,0,BB,GBR,Direct,Direct,0,0,0,H,G,0,No Deposit,250.0,0,Transient,87.3,0,0
Resort Hotel,0,1,2017,January,1,4,0,2,2,0.0,0,BB,USA,Direct,Direct,0,0,0,E,E,1,No Deposit,250.0,0,Transient,64.0,0,1
Resort Hotel,0,1,2017,January,1,4,0,2,2,0.0,0,BB,PRT,Online TA,TA/TO,0,0,0,A,D,0,No Deposit,240.0,0,Transient-Party,48.0,0,1
Resort Hotel,0,5,2017,January,1,2,1,4,2,0.0,0,BB,ESP,Online TA,TA/TO,0,0,0,E,E,0,No Deposit,240.0,0,Transient,74.0,1,1
Resort Hotel,0,6,2017,January,1,4,0,3,2,0.0,0,HB,ESP,Online TA,TA/TO,0,0,0,A,A,1,No Deposit,468.0,0,Transient,68.4,1,1
Resort Hotel,0,1,2017,January,1,6,0,1,2,0.0,0,BB,PRT,Direct,Direct,0,0,0,A,D,0,No Deposit,250.0,0,Transient,44.0,0,1
Resort Hotel,0,0,2017,January,1,6,0,1,2,0.0,0,BB,PRT,Direct,Direct,0,0,0,A,A,1,No Deposit,,0,Transient,44.0,0,0
Resort Hotel,0,101,2016,December,53,31,2,5,2,0.0,0,BB,FRA,Offline TA/TO,TA/TO,0,0,0,A,D,0,No Deposit,6.0,0,Transient,63.14,0,0
Resort Hotel,0,21,2017,January,1,5,0,2,2,0.0,0,BB,PRT,Direct,Direct,0,0,0,A,A,1,No Deposit,250.0,0,Transient,50.0,1,0
Resort Hotel,0,0,2017,March,9,2,0,2,2,0.0,0,BB,PRT,Direct,Direct,1,0,1,G,G,1,No Deposit,,0,Transient,102.0,1,0
Resort Hotel,0,26,2017,January,1,2,1,4,2,0.0,0,BB,GBR,Online TA,TA/TO,0,0,0,A,A,0,No Deposit,240.0,0,Transient,48.0,0,1
Resort Hotel,0,26,2017,January,1,2,1,4,2,0.0,0,BB,GBR,Online TA,TA/TO,0,0,0,A,A,0,No Deposit,240.0,0,Transient,54.0,1,1
Resort Hotel,0,5,2017,January,1,2,1,4,2,0.0,0,BB,GBR,Online TA,TA/TO,0,0,0,A,A,0,No Deposit,240.0,0,Transient,54.0,1,1
Resort Hotel,0,0,2017,January,1,6,0,1,2,0.0,0,BB,ESP,Online TA,TA/TO,0,0,0,A,D,0,No Deposit,240.0,0,Transient,55.0,1,1
Resort Hotel,0,0,2017,January,1,5,0,2,2,0.0,0,BB,IRL,Direct,Direct,0,0,0,E,E,1,No Deposit,,0,Transient,64.0,0,0
Resort Hotel,0,244,2016,December,52,22,4,12,2,0.0,0,BB,GBR,Online TA,TA/TO,0,0,0,E,E,0,No Deposit,240.0,0,Transient,64.21,0,2
Resort Hotel,0,325,2016,December,53,31,2,5,2,0.0,0,BB,GBR,Offline TA/TO,TA/TO,0,0,0,A,A,0,No Deposit,8.0,0,Transient,38.57,0,0
Resort Hotel,0,73,2017,January,1,2,1,4,2,0.0,0,BB,GBR,Online TA,TA/TO,0,0,0,A,C,0,No Deposit,242.0,0,Transient,37.8,0,1
Resort Hotel,0,0,2017,January,1,6,0,1,2,0.0,0,BB,PRT,Direct,Direct,0,0,0,A,A,0,No Deposit,,0,Transient,44.0,0,0
Resort Hotel,0,124,2016,December,53,31,2,5,2,0.0,0,BB,SWE,Online TA,TA/TO,0,0,0,E,E,0,No Deposit,240.0,0,Transient,108.86,0,2
Resort Hotel,0,1,2017,January,1,5,0,2,2,0.0,0,BB,PRT,Online TA,TA/TO,0,0,0,A,A,0,No Deposit,240.0,0,Transient,48.0,0,1
Resort Hotel,0,20,2017,January,1,2,1,4,2,0.0,0,HB,GBR,Offline TA/TO,TA/TO,0,0,0,D,D,0,No Deposit,115.0,0,Transient,68.0,0,1
Resort Hotel,0,105,2017,January,1,2,1,4,2,0.0,0,HB,FRA,Offline TA/TO,TA/TO,0,0,0,A,D,0,No Deposit,6.0,0,Transient,52.4,0,0
Resort Hotel,0,42,2017,January,1,1,2,5,2,0.0,0,HB,GBR,Online TA,TA/TO,0,0,0,E,E,0,No Deposit,175.0,0,Transient,78.23,0,1
Resort Hotel,0,3,2017,January,1,7,0,1,2,0.0,0,BB,PRT,Offline TA/TO,TA/TO,0,0,0,A,D,0,No Deposit,330.0,0,Transient-Party,44.0,0,1
Resort Hotel,0,45,2017,January,1,6,0,2,2,0.0,0,HB,ESP,Direct,Direct,0,0,0,A,A,3,No Deposit,250.0,0,Transient-Party,70.8,1,1
Resort Hotel,0,15,2017,January,1,6,0,2,2,0.0,0,HB,ESP,Direct,Direct,0,0,0,A,A,1,No Deposit,250.0,0,Transient-Party,70.8,0,1
Resort Hotel,0,3,2017,January,1,7,0,1,2,0.0,0,BB,PRT,Offline TA/TO,TA/TO,0,0,0,A,D,0,No Deposit,330.0,0,Transient-Party,44.0,0,1
Resort Hotel,0,132,2016,December,53,31,2,6,2,0.0,0,BB,ESP,Online TA,TA/TO,0,0,0,A,A,0,No Deposit,240.0,0,Transient,47.98,0,2
Resort Hotel,0,34,2017,January,1,6,0,2,2,0.0,0,BB,NLD,Online TA,TA/TO,0,0,0,A,A,0,No Deposit,240.0,0,Transient,55.0,1,2
Resort Hotel,0,0,2017,January,2,11,0,1,2,0.0,0,BB,NLD,Direct,Direct,1,0,1,A,A,0,No Deposit,,0,Transient,44.0,1,2
Resort Hotel,0,29,2017,January,1,7,0,1,2,0.0,0,BB,ESP,Online TA,TA/TO,0,0,0,D,D,0,No Deposit,240.0,0,Transient,58.0,0,1
Resort Hotel,0,181,2017,January,1,5,0,3,2,0.0,0,BB,ITA,Online TA,TA/TO,0,0,0,D,D,5,No Deposit,240.0,0,Transient,68.0,1,1
Resort Hotel,0,68,2017,January,1,7,0,1,2,0.0,0,BB,BRA,Online TA,TA/TO,0,0,0,A,E,0,No Deposit,240.0,0,Transient-Party,37.0,0,1
Resort Hotel,0,3,2017,January,1,6,0,2,2,0.0,0,BB,ESP,Direct,Direct,0,0,0,A,A,0,No Deposit,250.0,0,Transient-Party,44.0,0,1
Resort Hotel,0,18,2017,January,1,1,2,5,2,0.0,0,BB,GBR,Online TA,TA/TO,0,0,0,A,A,0,No Deposit,240.0,0,Transient,50.43,0,2
Resort Hotel,0,1,2017,January,1,7,0,1,2,0.0,0,BB,PRT,Online TA,TA/TO,0,0,0,A,A,0,No Deposit,240.0,0,Transient,48.0,0,1
Resort Hotel,0,1,2017,January,2,13,0,1,2,0.0,0,BB,NLD,Direct,Direct,1,0,0,A,A,0,No Deposit,,0,Transient,44.0,0,1
Resort Hotel,0,0,2017,January,1,7,0,1,2,0.0,0,BB,PRT,Direct,Direct,0,0,0,A,A,0,No Deposit,,0,Transient,44.0,0,0
Resort Hotel,0,24,2017,January,1,2,1,5,2,0.0,0,BB,BEL,Online TA,TA/TO,0,0,0,A,A,0,No Deposit,240.0,0,Transient,48.0,0,1
Resort Hotel,0,15,2017,January,1,6,0,2,2,0.0,0,HB,ESP,Online TA,TA/TO,0,0,0,A,A,1,No Deposit,314.0,0,Transient-Party,66.4,0,1
Resort Hotel,0,15,2017,January,1,6,0,2,2,0.0,0,HB,ESP,Online TA,TA/TO,0,0,0,A,A,0,No Deposit,314.0,0,Transient-Party,80.4,2,1
Resort Hotel,0,14,2017,January,1,6,0,2,2,0.0,0,HB,ESP,Online TA,TA/TO,0,0,0,A,A,0,No Deposit,314.0,0,Transient,66.4,0,0
Resort Hotel,0,2,2017,January,1,6,0,2,2,0.0,0,BB,ESP,Direct,Direct,0,0,0,A,A,0,No Deposit,250.0,0,Transient-Party,47.0,0,0
Resort Hotel,0,2,2017,January,1,6,0,2,2,0.0,0,BB,ESP,Direct,Direct,0,0,0,A,A,0,No Deposit,250.0,0,Transient-Party,47.0,1,0
Resort Hotel,0,0,2017,January,1,6,0,2,2,0.0,0,BB,PRT,Direct,Direct,0,0,0,A,D,1,No Deposit,,0,Transient,44.0,0,0
Resort Hotel,0,50,2017,January,1,7,0,1,2,0.0,0,BB,PRT,Online TA,TA/TO,0,0,0,D,D,2,No Deposit,240.0,0,Transient,62.0,0,0
Resort Hotel,0,1,2017,January,1,6,0,2,2,0.0,0,BB,PRT,Online TA,TA/TO,0,0,0,A,D,0,No Deposit,240.0,0,Transient,48.0,0,1
Resort Hotel,0,3,2017,January,1,6,0,2,2,0.0,0,BB,ESP,Direct,Direct,0,0,0,F,F,0,No Deposit,250.0,0,Transient,69.0,0,1
Resort Hotel,0,1,2017,January,1,6,0,2,2,0.0,0,BB,ESP,Online TA,TA/TO,0,0,0,A,A,0,No Deposit,240.0,0,Transient,48.0,0,1
Resort Hotel,0,36,2017,January,1,1,2,5,2,0.0,0,BB,IRL,Online TA,TA/TO,0,0,0,A,A,0,No Deposit,175.0,0,Transient-Party,37.94,0,1
Resort Hotel,0,4,2017,January,1,6,0,2,2,0.0,0,BB,ESP,Direct,Direct,0,0,0,F,F,0,No Deposit,250.0,0,Transient,69.0,0,0
Resort Hotel,0,2,2017,January,1,4,0,4,2,0.0,0,BB,PRT,Direct,Direct,0,0,0,A,A,0,No Deposit,,0,Transient,44.0,0,0
Resort Hotel,0,1,2017,January,1,7,0,1,2,0.0,0,BB,PRT,Direct,Direct,0,0,0,A,A,0,No Deposit,,0,Transient,51.0,1,1
Resort Hotel,0,1,2017,January,1,7,0,1,2,0.0,0,BB,PRT,Online TA,TA/TO,0,0,0,E,E,0,No Deposit,240.0,0,Transient,93.0,0,2
Resort Hotel,0,0,2017,January,2,8,1,0,2,0.0,0,BB,PRT,Direct,Direct,1,0,0,E,E,0,No Deposit,,0,Transient,64.0,0,0
Resort Hotel,0,0,2017,January,1,7,0,1,2,0.0,0,BB,PRT,Direct,Direct,0,0,0,A,A,0,No Deposit,,0,Transient,44.0,0,0
Resort Hotel,0,70,2017,January,1,7,1,1,2,0.0,0,BB,NLD,Online TA,TA/TO,0,0,0,D,D,0,No Deposit,240.0,0,Transient,62.0,0,1
Resort Hotel,0,2,2017,January,1,5,1,3,2,0.0,0,BB,GBR,Direct,Direct,0,0,0,A,A,0,No Deposit,250.0,0,Transient,39.6,0,0
Resort Hotel,0,39,2017,January,1,2,2,5,2,0.0,0,BB,GBR,Online TA,TA/TO,0,0,0,A,A,0,No Deposit,240.0,0,Transient,42.0,0,1
Resort Hotel,0,95,2017,January,2,8,1,0,2,0.0,0,BB,BRA,Online TA,TA/TO,0,0,0,A,D,0,No Deposit,242.0,0,Transient,37.8,0,1
Resort Hotel,0,95,2017,January,2,8,1,0,2,0.0,0,BB,BRA,Online TA,TA/TO,0,0,0,A,D,0,No Deposit,242.0,0,Transient,37.8,0,1
Resort Hotel,0,3,2017,January,2,8,1,0,2,0.0,0,BB,ESP,Offline TA/TO,TA/TO,0,0,0,A,D,0,No Deposit,6.0,0,Transient,34.0,1,0
Resort Hotel,0,3,2017,January,2,8,1,0,2,0.0,0,BB,ESP,Offline TA/TO,TA/TO,0,0,0,A,D,0,No Deposit,6.0,0,Transient,34.0,0,0
Resort Hotel,0,1,2017,January,1,7,1,1,2,0.0,0,HB,PRT,Online TA,TA/TO,0,0,0,E,E,0,No Deposit,240.0,0,Transient,105.0,1,2
Resort Hotel,0,1,2017,June,22,2,1,2,2,0.0,0,BB,PRT,Direct,TA/TO,1,0,1,D,D,0,No Deposit,250.0,0,Transient,130.5,1,2
Resort Hotel,0,114,2017,January,1,6,1,2,2,0.0,0,BB,BRA,Online TA,TA/TO,0,0,0,D,D,0,No Deposit,468.0,0,Group,37.44,0,1
Resort Hotel,0,154,2016,December,53,29,3,8,2,0.0,0,BB,IRL,Online TA,TA/TO,0,0,0,A,A,0,No Deposit,240.0,0,Transient,47.54,0,3
Resort Hotel,0,0,2017,January,2,8,1,0,2,0.0,0,BB,MDG,Direct,Direct,0,0,0,A,A,0,No Deposit,,0,Transient,44.0,0,0
Resort Hotel,0,47,2017,January,1,6,1,2,2,0.0,0,BB,GBR,Online TA,TA/TO,0,0,0,D,D,0,No Deposit,240.0,0,Transient,52.0,0,2
Resort Hotel,0,0,2017,January,2,8,1,0,2,0.0,0,BB,USA,Online TA,TA/TO,0,0,0,A,A,0,No Deposit,306.0,0,Transient,34.44,0,0
Resort Hotel,0,0,2017,January,2,9,1,0,2,0.0,0,BB,USA,Online TA,TA/TO,1,0,0,A,A,0,No Deposit,306.0,0,Transient,30.99,0,0
Resort Hotel,0,2,2017,January,1,4,1,4,2,0.0,0,BB,PRT,Online TA,TA/TO,0,0,0,A,D,0,No Deposit,240.0,0,Transient,48.0,0,3
Resort Hotel,0,24,2017,January,1,6,2,2,2,0.0,0,BB,PRT,Offline TA/TO,TA/TO,0,0,0,A,A,1,No Deposit,6.0,0,Transient,34.0,0,0
Resort Hotel,0,186,2017,January,1,3,2,5,2,0.0,0,BB,IRL,Online TA,TA/TO,0,0,0,E,E,1,No Deposit,314.0,0,Transient,51.6,0,0
Resort Hotel,0,26,2017,January,2,9,1,0,2,0.0,0,BB,FRA,Online TA,TA/TO,0,0,0,E,E,0,No Deposit,240.0,0,Transient,68.0,0,1
Resort Hotel,0,76,2017,January,1,6,2,2,2,0.0,0,BB,AUS,Online TA,TA/TO,0,0,0,A,A,0,No Deposit,240.0,0,Transient,42.0,0,2
Resort Hotel,0,91,2017,January,1,6,2,2,2,0.0,0,BB,GBR,Online TA,TA/TO,0,0,0,A,D,0,No Deposit,314.0,0,Transient,40.24,0,0
Resort Hotel,0,218,2017,April,17,29,2,5,2,0.0,0,BB,GBR,Offline TA/TO,TA/TO,0,0,1,A,D,1,No Deposit,40.0,0,Group,50.95,0,1
Resort Hotel,0,7,2017,January,2,8,2,0,2,0.0,0,BB,PRT,Online TA,TA/TO,0,0,0,A,D,0,No Deposit,240.0,0,Transient,48.0,0,2
Resort Hotel,0,35,2017,January,1,7,2,1,2,0.0,0,BB,GBR,Offline TA/TO,TA/TO,0,0,0,A,A,0,No Deposit,26.0,0,Transient,38.0,0,0
Resort Hotel,0,26,2017,January,1,6,2,2,2,0.0,0,HB,GBR,Online TA,TA/TO,0,0,0,F,F,0,No Deposit,241.0,0,Transient,65.84,0,2
Resort Hotel,0,60,2017,January,1,1,4,5,2,0.0,0,HB,FRA,Direct,Direct,0,0,0,F,F,1,No Deposit,250.0,0,Transient,90.6,0,1
Resort Hotel,0,26,2017,January,1,6,2,2,2,0.0,0,HB,GBR,Online TA,TA/TO,0,0,0,F,F,0,No Deposit,241.0,0,Transient,65.84,0,2
Resort Hotel,0,147,2016,December,51,13,8,20,2,0.0,0,BB,GBR,Online TA,TA/TO,0,0,0,E,E,0,No Deposit,,0,Transient,59.08,0,1
Resort Hotel,0,20,2017,January,1,1,4,6,2,0.0,0,BB,GBR,Online TA,TA/TO,0,0,0,A,A,0,No Deposit,314.0,0,Transient,39.76,0,1
Resort Hotel,0,19,2017,January,1,4,2,5,2,0.0,0,BB,GBR,Online TA,TA/TO,0,0,0,A,C,0,No Deposit,314.0,0,Transient,38.4,0,0
Resort Hotel,0,0,2017,January,2,10,0,1,2,0.0,0,BB,ESP,Online TA,TA/TO,0,0,0,A,D,0,No Deposit,240.0,0,Transient,48.0,0,0
Resort Hotel,0,5,2017,January,2,8,2,1,2,0.0,0,BB,PRT,Online TA,TA/TO,0,0,0,A,A,0,No Deposit,240.0,0,Transient,55.0,1,1
Resort Hotel,0,4,2017,January,2,9,1,1,2,0.0,0,HB,ESP,Online TA,TA/TO,0,0,0,A,D,0,No Deposit,240.0,0,Transient,78.0,0,1
Resort Hotel,0,14,2017,January,2,8,2,1,2,0.0,0,BB,POL,Online TA,TA/TO,0,0,0,E,E,0,No Deposit,240.0,0,Transient,68.0,0,1
Resort Hotel,0,26,2017,January,1,7,2,2,2,0.0,0,BB,FRA,Online TA,TA/TO,0,0,0,A,A,0,No Deposit,240.0,0,Transient,43.5,0,1
Resort Hotel,0,10,2017,January,2,9,1,1,2,0.0,0,HB,ESP,Online TA,TA/TO,0,0,0,A,D,0,No Deposit,240.0,0,Transient,78.0,0,2
Resort Hotel,0,94,2017,January,1,4,2,5,2,0.0,0,BB,CHE,Online TA,TA/TO,0,0,0,D,D,2,No Deposit,240.0,0,Transient,54.0,0,2
Resort Hotel,0,56,2017,January,1,5,2,4,2,0.0,0,BB,FRA,Offline TA/TO,TA/TO,0,0,0,A,A,0,No Deposit,6.0,0,Transient,34.0,0,0
Resort Hotel,0,1,2017,January,2,10,0,1,2,0.0,0,BB,PRT,Direct,Direct,0,0,0,A,A,0,No Deposit,250.0,0,Transient,44.0,0,1
Resort Hotel,0,190,2017,January,1,5,2,5,2,0.0,0,HB,GBR,Online TA,TA/TO,0,0,0,A,A,0,No Deposit,240.0,0,Transient,66.6,0,1
Resort Hotel,0,170,2017,January,1,3,2,7,2,0.0,0,BB,GBR,Online TA,TA/TO,0,0,0,E,E,0,No Deposit,241.0,0,Transient,40.81,0,1
Resort Hotel,0,0,2017,January,2,11,0,1,2,0.0,0,BB,PRT,Direct,Direct,0,0,0,A,A,0,No Deposit,,0,Transient,44.0,0,1
Resort Hotel,0,14,2017,January,2,8,2,2,2,0.0,0,BB,FRA,Online TA,TA/TO,0,0,0,A,A,1,No Deposit,240.0,0,Transient,48.0,0,1
Resort Hotel,0,0,2017,January,2,11,0,1,2,0.0,0,BB,PRT,Online TA,TA/TO,0,0,0,E,E,0,No Deposit,240.0,0,Transient,68.0,0,0
Resort Hotel,0,0,2017,January,2,8,2,2,2,0.0,0,BB,GBR,Direct,Direct,0,0,0,A,D,2,No Deposit,250.0,0,Transient,44.0,0,0
Resort Hotel,0,0,2017,January,2,11,0,1,2,0.0,0,BB,GBR,Online TA,TA/TO,0,0,0,E,E,0,No Deposit,240.0,0,Transient,68.0,0,1
Resort Hotel,0,23,2017,January,1,5,2,5,2,0.0,0,Undefined,FRA,Offline TA/TO,TA/TO,0,0,0,A,A,0,No Deposit,464.0,0,Transient,66.0,0,0
Resort Hotel,0,3,2017,January,2,9,1,2,2,0.0,0,BB,GBR,Online TA,TA/TO,0,0,0,A,A,0,No Deposit,241.0,0,Transient,35.11,0,1
Resort Hotel,0,0,2017,January,2,11,0,1,2,0.0,0,BB,PRT,Online TA,TA/TO,0,0,0,A,A,0,No Deposit,240.0,0,Transient,48.0,0,0
Resort Hotel,0,0,2017,January,2,10,0,2,2,0.0,0,BB,PRT,Direct,Direct,0,0,0,E,E,2,No Deposit,,0,Transient,64.0,0,0
Resort Hotel,0,0,2017,January,2,10,0,2,2,0.0,0,BB,PRT,Direct,Direct,0,0,0,A,E,3,No Deposit,,0,Transient,64.0,0,0
Resort Hotel,0,68,2016,December,53,29,4,10,2,0.0,0,Undefined,FRA,Offline TA/TO,TA/TO,0,0,0,A,A,0,No Deposit,464.0,0,Transient,80.14,0,1
Resort Hotel,0,11,2017,February,8,21,2,5,2,0.0,0,BB,PRT,Direct,Direct,1,0,1,A,A,0,No Deposit,,0,Transient,45.0,0,1
Resort Hotel,0,1,2017,February,8,23,0,1,2,0.0,0,BB,PRT,Online TA,TA/TO,1,0,3,D,D,0,No Deposit,240.0,0,Transient,68.0,0,0
Resort Hotel,0,1,2017,April,14,6,0,1,2,0.0,0,BB,PRT,Online TA,TA/TO,1,0,5,E,E,0,No Deposit,240.0,0,Transient,115.0,0,1
Resort Hotel,0,0,2017,January,2,12,0,1,2,0.0,0,BB,PRT,Direct,Direct,0,0,0,A,A,0,No Deposit,,0,Transient,44.0,0,0
Resort Hotel,0,0,2017,January,2,12,0,1,2,0.0,0,BB,ESP,Online TA,TA/TO,0,0,0,A,D,0,No Deposit,241.0,0,Transient,35.11,0,1
Resort Hotel,0,0,2017,January,2,12,0,1,2,0.0,0,BB,PRT,Direct,Direct,0,0,0,A,A,0,No Deposit,,0,Transient,44.0,0,1
Resort Hotel,0,6,2017,January,2,10,0,3,2,0.0,0,BB,PRT,Offline TA/TO,TA/TO,0,0,0,A,A,0,No Deposit,181.0,0,Transient-Party,34.0,0,1
Resort Hotel,0,6,2017,January,2,10,0,3,2,0.0,0,BB,PRT,Offline TA/TO,TA/TO,0,0,0,A,A,0,No Deposit,181.0,0,Transient-Party,34.0,0,1
Resort Hotel,0,6,2017,January,2,10,0,3,2,0.0,0,BB,PRT,Offline TA/TO,TA/TO,0,0,0,A,A,0,No Deposit,181.0,0,Transient-Party,34.0,1,1
Resort Hotel,0,7,2017,January,2,11,0,2,2,0.0,0,BB,PRT,Offline TA/TO,TA/TO,0,0,0,A,A,0,No Deposit,181.0,0,Transient,48.0,2,1
Resort Hotel,0,6,2017,January,2,10,0,3,2,0.0,0,BB,PRT,Offline TA/TO,TA/TO,0,0,0,A,A,0,No Deposit,181.0,0,Transient-Party,34.0,0,1
Resort Hotel,0,6,2017,January,2,10,0,3,2,0.0,0,BB,PRT,Offline TA/TO,TA/TO,0,0,0,A,A,0,No Deposit,181.0,0,Transient-Party,34.0,0,1
Resort Hotel,0,6,2017,January,2,10,0,3,2,0.0,0,BB,PRT,Offline TA/TO,TA/TO,0,0,0,A,A,1,No Deposit,181.0,0,Transient-Party,34.0,0,1
Resort Hotel,0,6,2017,January,2,10,0,3,2,0.0,0,BB,PRT,Offline TA/TO,TA/TO,0,0,0,A,C,0,No Deposit,181.0,0,Transient-Party,34.0,0,1
Resort Hotel,0,0,2017,January,2,10,0,3,2,0.0,0,BB,PRT,Direct,Direct,0,0,0,A,D,1,No Deposit,,0,Transient,44.0,0,0
Resort Hotel,0,1,2017,January,2,12,0,1,2,0.0,0,BB,ESP,Offline TA/TO,TA/TO,0,0,0,A,A,0,No Deposit,6.0,0,Transient,34.0,0,0
Resort Hotel,0,0,2017,January,2,12,0,1,2,0.0,0,BB,PRT,Direct,Direct,0,0,0,A,A,0,No Deposit,250.0,0,Transient,44.0,0,0
Resort Hotel,0,85,2017,January,2,9,1,3,2,0.0,0,HB,GBR,Online TA,TA/TO,0,0,0,A,C,0,No Deposit,241.0,0,Transient,51.4,0,2
Resort Hotel,0,6,2017,January,2,10,0,3,2,0.0,0,BB,PRT,Offline TA/TO,TA/TO,0,0,0,A,C,0,No Deposit,181.0,0,Transient-Party,34.0,0,1
Resort Hotel,0,74,2017,January,2,12,0,1,2,0.0,0,BB,BRA,Online TA,TA/TO,0,0,0,A,D,0,No Deposit,240.0,0,Transient,42.0,0,2
Resort Hotel,0,11,2017,January,2,9,1,3,2,0.0,0,BB,GBR,Offline TA/TO,TA/TO,0,0,0,A,A,0,No Deposit,171.0,0,Transient,34.0,0,0
Resort Hotel,0,3,2017,January,2,12,0,1,2,0.0,0,BB,PRT,Corporate,Corporate,0,0,0,A,D,0,No Deposit,,0,Transient,47.0,1,1
Resort Hotel,0,24,2017,January,1,7,2,5,2,0.0,0,HB,GBR,Offline TA/TO,TA/TO,0,0,0,E,E,3,No Deposit,314.0,0,Transient,70.64,0,0
Resort Hotel,0,4,2017,January,2,8,2,4,2,0.0,0,BB,IRL,Offline TA/TO,TA/TO,0,0,0,A,A,0,No Deposit,171.0,0,Transient,34.0,0,0
Resort Hotel,0,4,2017,January,2,13,0,1,2,0.0,0,BB,PRT,Online TA,TA/TO,0,0,0,A,D,0,No Deposit,314.0,0,Transient-Party,38.4,0,0
Resort Hotel,0,33,2017,January,2,9,1,4,2,0.0,0,BB,FRA,Offline TA/TO,TA/TO,0,0,0,A,C,0,No Deposit,6.0,0,Transient,34.0,0,0
Resort Hotel,0,72,2017,January,1,7,2,5,2,0.0,0,BB,GBR,Online TA,TA/TO,0,0,0,E,E,0,No Deposit,314.0,0,Transient-Party,44.64,0,0
Resort Hotel,0,8,2017,January,2,10,0,4,2,0.0,0,BB,ITA,Online TA,TA/TO,0,0,0,A,A,0,No Deposit,314.0,0,Transient,38.4,0,0
Resort Hotel,0,13,2017,January,2,12,0,2,2,0.0,0,BB,PRT,Direct,Direct,0,0,0,A,D,0,No Deposit,,0,Transient,40.0,0,1
Resort Hotel,0,148,2016,December,51,17,8,20,2,0.0,0,HB,PRT,Offline TA/TO,TA/TO,0,0,0,D,D,0,No Deposit,75.0,0,Transient,67.82,0,0
Resort Hotel,0,58,2017,January,2,11,0,3,2,0.0,0,HB,ESP,Online TA,TA/TO,0,0,0,D,D,0,No Deposit,240.0,0,Transient,82.0,0,2
Resort Hotel,0,0,2017,January,2,13,0,1,2,0.0,0,BB,RUS,Online TA,TA/TO,0,0,0,A,D,0,No Deposit,240.0,0,Transient,48.0,0,1
Resort Hotel,0,55,2017,January,2,11,0,3,2,0.0,0,BB,GBR,Online TA,TA/TO,0,0,0,E,E,0,No Deposit,241.0,0,Transient,44.41,0,1
Resort Hotel,0,22,2017,January,2,12,0,2,2,0.0,0,BB,FRA,Online TA,TA/TO,0,0,0,A,A,1,No Deposit,240.0,0,Transient,48.0,0,1
Resort Hotel,0,259,2017,January,2,9,1,4,2,0.0,0,BB,GBR,Online TA,TA/TO,0,0,0,E,E,0,No Deposit,240.0,0,Transient,55.8,0,2
Resort Hotel,0,1,2017,January,1,7,2,5,2,0.0,0,BB,GBR,Direct,Direct,0,0,0,A,A,0,No Deposit,250.0,0,Transient,44.0,0,0
Resort Hotel,0,1,2017,January,2,13,0,1,2,0.0,0,BB,PRT,Online TA,TA/TO,0,0,0,A,D,0,No Deposit,240.0,0,Transient,48.0,0,1
Resort Hotel,0,90,2017,January,1,7,2,5,2,0.0,0,BB,GBR,Online TA,TA/TO,0,0,0,D,D,0,No Deposit,241.0,0,Transient,35.95,0,1
Resort Hotel,0,72,2017,January,1,7,2,5,2,0.0,0,BB,GBR,Online TA,TA/TO,0,0,0,E,E,0,No Deposit,314.0,0,Transient-Party,46.64,0,0
Resort Hotel,0,12,2017,January,2,12,0,2,2,0.0,0,BB,USA,Online TA,TA/TO,0,0,0,A,D,0,No Deposit,240.0,0,Transient-Party,48.0,0,2
Resort Hotel,0,4,2017,January,2,13,0,1,2,0.0,0,BB,PRT,Online TA,TA/TO,0,0,0,A,D,0,No Deposit,314.0,0,Transient-Party,38.4,0,0
Resort Hotel,0,0,2017,January,2,14,2,1,2,0.0,0,BB,SWE,Direct,Direct,1,0,0,A,A,1,No Deposit,,0,Transient,50.0,1,0
Resort Hotel,0,0,2017,January,2,14,0,1,2,0.0,0,BB,PRT,Direct,Direct,1,0,0,E,E,1,No Deposit,,0,Transient,67.0,1,0
Resort Hotel,0,52,2017,January,2,12,0,3,2,0.0,0,BB,GBR,Direct,Direct,0,0,0,F,F,0,No Deposit,250.0,0,Transient-Party,53.06,0,0
Resort Hotel,0,52,2017,January,2,12,0,3,2,0.0,0,BB,GBR,Direct,Direct,0,0,0,F,F,0,No Deposit,250.0,0,Transient-Party,53.06,0,0
Resort Hotel,0,10,2017,January,2,12,0,3,2,0.0,0,BB,CHE,Online TA,TA/TO,0,0,0,A,A,0,No Deposit,240.0,0,Transient,48.0,0,1
Resort Hotel,0,0,2017,January,2,14,0,1,2,0.0,0,BB,CHN,Direct,Direct,0,0,0,A,A,0,No Deposit,,0,Transient,44.0,0,0
Resort Hotel,0,0,2017,January,5,29,1,0,2,0.0,0,BB,CHN,Direct,Direct,1,0,1,A,A,0,No Deposit,,0,Transient,45.0,0,0
Resort Hotel,0,8,2017,January,2,14,0,1,2,0.0,0,BB,PRT,Online TA,TA/TO,0,0,0,E,E,0,No Deposit,240.0,0,Transient,68.0,0,1
Resort Hotel,0,4,2017,January,2,14,0,1,2,0.0,0,HB,PRT,Groups,TA/TO,0,0,0,A,E,0,No Deposit,168.0,0,Transient-Party,100.0,0,1
Resort Hotel,0,4,2017,January,2,14,0,1,2,0.0,0,HB,PRT,Groups,TA/TO,0,0,0,A,E,0,No Deposit,168.0,0,Transient-Party,100.0,0,1
Resort Hotel,0,4,2017,January,2,14,0,1,2,0.0,0,HB,PRT,Groups,TA/TO,0,0,0,A,E,0,No Deposit,168.0,0,Transient-Party,100.0,0,1
Resort Hotel,0,4,2017,January,2,14,0,1,2,0.0,0,HB,PRT,Groups,TA/TO,0,0,0,A,D,0,No Deposit,168.0,0,Transient-Party,100.0,0,1
Resort Hotel,0,4,2017,January,2,14,0,1,2,0.0,0,HB,PRT,Groups,TA/TO,0,0,0,A,D,0,No Deposit,168.0,0,Transient-Party,100.0,0,1
Resort Hotel,0,4,2017,January,2,14,0,1,2,0.0,0,HB,PRT,Groups,TA/TO,0,0,0,A,D,0,No Deposit,168.0,0,Transient-Party,100.0,0,1
Resort Hotel,0,4,2017,January,2,14,0,1,2,0.0,0,HB,PRT,Groups,TA/TO,0,0,0,A,D,0,No Deposit,168.0,0,Transient-Party,100.0,0,1
Resort Hotel,0,4,2017,January,2,14,0,1,2,0.0,0,HB,PRT,Groups,TA/TO,0,0,0,A,E,0,No Deposit,168.0,0,Transient-Party,100.0,0,1
Resort Hotel,0,4,2017,January,2,14,0,1,2,0.0,0,HB,PRT,Groups,TA/TO,0,0,0,A,E,0,No Deposit,168.0,0,Transient-Party,100.0,0,1
Resort Hotel,0,4,2017,January,2,14,0,1,2,0.0,0,HB,PRT,Groups,TA/TO,0,0,0,A,D,0,No Deposit,168.0,0,Transient-Party,100.0,0,1
Resort Hotel,0,0,2017,January,2,14,0,1,2,0.0,0,BB,ITA,Direct,Direct,0,0,0,A,A,0,No Deposit,,0,Transient,44.0,0,0
Resort Hotel,0,0,2017,January,3,16,1,0,2,0.0,0,BB,ITA,Direct,Direct,1,0,1,A,A,0,No Deposit,,0,Transient-Party,56.0,0,0
Resort Hotel,0,0,2017,January,2,14,0,1,2,0.0,0,BB,ITA,Direct,Direct,0,0,0,A,A,0,No Deposit,,0,Transient,44.0,0,0
Resort Hotel,0,0,2017,January,3,16,1,0,2,0.0,0,BB,ITA,Direct,Direct,1,0,1,G,G,1,No Deposit,,0,Transient-Party,96.0,0,0
Resort Hotel,0,74,2017,January,2,14,0,1,2,0.0,0,BB,DEU,Online TA,TA/TO,0,0,0,D,D,0,No Deposit,241.0,0,Transient,38.04,0,1
Resort Hotel,0,88,2017,January,3,15,2,0,2,0.0,0,BB,DEU,Online TA,TA/TO,0,0,0,D,D,0,No Deposit,241.0,0,Transient,36.04,0,1
Resort Hotel,0,6,2017,January,2,14,0,1,2,0.0,0,BB,PRT,Online TA,TA/TO,0,0,0,F,F,0,No Deposit,241.0,0,Transient,56.21,0,1
Resort Hotel,0,3,2017,January,2,8,2,5,2,0.0,0,BB,IRL,Online TA,TA/TO,0,0,0,D,D,0,No Deposit,240.0,0,Transient,59.71,0,1
Resort Hotel,0,0,2017,January,2,14,0,1,2,0.0,0,BB,PRT,Direct,Direct,0,0,0,A,A,1,No Deposit,,0,Transient,44.0,0,0
Resort Hotel,0,8,2017,January,2,12,0,3,2,0.0,0,BB,GBR,Online TA,TA/TO,0,0,0,F,F,0,No Deposit,241.0,0,Transient,53.4,0,1
Resort Hotel,0,3,2017,January,2,14,0,1,2,0.0,0,BB,PRT,Online TA,TA/TO,0,0,0,A,A,0,No Deposit,240.0,0,Transient,48.0,0,1
Resort Hotel,0,1,2017,May,19,12,0,2,2,0.0,0,BB,PRT,Online TA,TA/TO,1,0,1,A,A,0,No Deposit,240.0,0,Transient,92.25,0,1
Resort Hotel,0,92,2017,January,2,8,2,5,2,0.0,0,BB,NLD,Online TA,TA/TO,0,0,0,A,A,0,No Deposit,240.0,0,Transient,44.8,1,1
Resort Hotel,0,6,2017,January,2,13,0,2,2,0.0,0,BB,PRT,Direct,Direct,0,0,0,A,A,0,No Deposit,250.0,0,Transient,44.0,0,1
Resort Hotel,0,6,2017,January,2,13,0,2,2,0.0,0,BB,PRT,Direct,Direct,0,0,0,A,A,0,No Deposit,250.0,0,Transient,44.0,0,1
Resort Hotel,0,4,2017,January,2,14,0,1,2,0.0,0,BB,PRT,Online TA,TA/TO,0,0,0,A,A,0,No Deposit,240.0,0,Transient,55.0,1,2
Resort Hotel,0,5,2017,January,2,14,0,1,2,0.0,0,BB,PRT,Direct,Direct,0,0,0,A,D,0,No Deposit,250.0,0,Transient,44.0,0,0
Resort Hotel,0,1,2017,January,2,14,0,1,2,0.0,0,BB,PRT,Online TA,TA/TO,0,0,0,E,E,0,No Deposit,240.0,0,Transient,68.0,1,2
Resort Hotel,0,1,2017,January,2,14,0,1,2,0.0,0,BB,PRT,Online TA,TA/TO,0,0,0,A,A,2,No Deposit,240.0,0,Transient,48.0,0,1
Resort Hotel,0,30,2017,January,2,13,0,2,2,0.0,0,BB,ESP,Online TA,TA/TO,0,0,0,D,D,0,No Deposit,240.0,0,Transient,58.0,0,1
Resort Hotel,0,1,2017,January,2,14,0,1,2,0.0,0,BB,PRT,Direct,Direct,0,0,0,A,D,0,No Deposit,250.0,0,Transient,44.0,0,0
Resort Hotel,0,10,2017,January,2,14,0,1,2,0.0,0,BB,ESP,Online TA,TA/TO,0,0,0,A,D,0,No Deposit,240.0,0,Transient,55.0,1,1
Resort Hotel,0,0,2017,January,2,14,0,1,2,0.0,0,BB,RUS,Online TA,TA/TO,0,0,0,E,E,0,No Deposit,240.0,0,Transient,75.0,1,1
Resort Hotel,0,10,2017,January,2,14,0,1,2,0.0,0,BB,ESP,Online TA,TA/TO,0,0,0,A,D,0,No Deposit,240.0,0,Transient,48.0,0,1
Resort Hotel,0,56,2017,January,2,13,0,2,2,0.0,0,BB,PRT,Direct,Direct,0,0,0,A,D,0,No Deposit,250.0,0,Transient,37.8,0,0
Resort Hotel,0,0,2017,January,2,12,0,3,2,0.0,0,BB,MAR,Online TA,TA/TO,0,0,0,D,D,0,No Deposit,240.0,0,Transient,65.0,1,1
Resort Hotel,0,2,2017,January,2,14,0,1,2,0.0,0,BB,PRT,Direct,Direct,0,0,0,F,F,0,No Deposit,250.0,0,Transient,69.0,0,0
Resort Hotel,0,10,2017,January,2,14,0,1,2,0.0,0,HB,PRT,Direct,Direct,0,0,0,E,E,1,No Deposit,250.0,0,Transient,114.0,0,1
Resort Hotel,0,4,2017,January,2,14,0,1,2,0.0,0,BB,PRT,Offline TA/TO,TA/TO,0,0,0,A,C,0,No Deposit,177.0,0,Transient-Party,34.0,0,0
Resort Hotel,0,0,2017,January,2,13,1,2,2,0.0,0,BB,ESP,Offline TA/TO,TA/TO,0,0,0,A,A,0,No Deposit,6.0,0,Transient,34.0,0,0
Resort Hotel,0,3,2017,January,2,13,1,2,2,0.0,0,BB,PRT,Direct,Direct,0,0,0,E,E,0,No Deposit,250.0,0,Transient,79.33,1,2
Resort Hotel,1,32,2017,February,7,17,0,2,2,0.0,0,BB,PRT,Direct,Direct,1,1,1,E,E,0,No Deposit,,0,Transient,76.5,0,2
Resort Hotel,0,48,2017,January,2,12,1,3,2,0.0,0,BB,IRL,Online TA,TA/TO,0,0,0,A,A,0,No Deposit,240.0,0,Transient,42.0,0,1
Resort Hotel,0,142,2017,January,2,14,1,1,2,0.0,0,BB,NLD,Online TA,TA/TO,0,0,0,A,A,0,No Deposit,242.0,0,Transient,37.8,0,1
Resort Hotel,0,17,2017,January,2,13,1,2,2,0.0,0,BB,IRL,Online TA,TA/TO,0,0,0,D,D,1,No Deposit,240.0,0,Transient,58.0,0,1
Resort Hotel,0,77,2017,January,2,10,1,5,2,0.0,0,BB,ITA,Online TA,TA/TO,0,0,0,A,A,0,No Deposit,240.0,0,Transient,42.0,0,1
Resort Hotel,0,11,2017,January,2,12,1,3,2,0.0,0,BB,PRT,Online TA,TA/TO,0,0,0,D,D,0,No Deposit,240.0,0,Transient,58.0,0,0
Resort Hotel,0,0,2017,January,2,9,2,5,2,0.0,0,BB,CHE,Direct,Direct,0,0,0,F,F,2,No Deposit,,0,Transient,76.0,1,0
Resort Hotel,0,0,2017,January,2,14,1,1,2,0.0,0,BB,PRT,Online TA,TA/TO,0,0,0,E,E,0,No Deposit,240.0,0,Transient,75.0,1,1
Resort Hotel,0,0,2017,January,4,27,0,1,2,0.0,0,BB,PRT,Online TA,TA/TO,1,0,1,E,E,0,No Deposit,240.0,0,Transient-Party,83.0,1,1
Resort Hotel,0,3,2017,May,18,1,1,1,2,0.0,0,BB,PRT,Online TA,TA/TO,1,0,2,D,D,0,No Deposit,240.0,0,Transient,90.0,0,1
Resort Hotel,0,5,2017,May,21,21,1,0,2,0.0,0,BB,PRT,Online TA,TA/TO,1,0,3,A,I,0,No Deposit,240.0,0,Transient,100.0,0,1
Resort Hotel,0,2,2017,May,21,22,1,0,2,0.0,0,BB,PRT,Direct,TA/TO,1,0,3,C,C,0,No Deposit,,0,Transient,105.0,0,1
Resort Hotel,0,0,2017,January,2,9,2,5,2,0.0,0,HB,ESP,Offline TA/TO,TA/TO,0,0,0,A,D,0,No Deposit,171.0,0,Transient,70.0,0,0
Resort Hotel,0,160,2017,January,2,9,2,5,2,0.0,0,BB,IRL,Online TA,TA/TO,0,0,0,A,C,0,No Deposit,240.0,0,Transient,37.8,0,3
Resort Hotel,0,160,2017,January,2,9,2,5,2,0.0,0,BB,IRL,Online TA,TA/TO,0,0,0,A,D,0,No Deposit,240.0,0,Transient,47.8,0,3
Resort Hotel,0,5,2017,January,3,15,1,0,2,0.0,0,BB,CHE,Online TA,TA/TO,0,0,0,E,E,0,No Deposit,240.0,0,Transient,68.0,0,1
Resort Hotel,0,0,2017,January,3,15,1,0,2,0.0,0,BB,FRA,Direct,Direct,0,0,0,F,F,0,No Deposit,,0,Transient,69.0,0,0
Resort Hotel,0,87,2017,January,2,14,2,1,2,0.0,0,HB,IRL,Online TA,TA/TO,0,0,0,A,A,0,No Deposit,241.0,0,Transient,51.89,0,1
Resort Hotel,0,57,2017,January,1,7,4,6,2,0.0,0,BB,GBR,Online TA,TA/TO,0,0,0,A,C,2,No Deposit,240.0,0,Transient,43.8,0,2
Resort Hotel,0,33,2017,January,2,14,2,1,2,0.0,0,BB,GBR,Online TA,TA/TO,0,0,0,E,E,0,No Deposit,240.0,0,Transient,69.33,0,2
Resort Hotel,0,266,2017,January,3,15,2,0,2,0.0,0,BB,BRA,Online TA,TA/TO,0,0,0,A,D,0,No Deposit,240.0,0,Transient-Party,45.8,1,1
Resort Hotel,0,266,2017,January,3,15,2,0,2,0.0,0,BB,BRA,Online TA,TA/TO,0,0,0,A,D,0,No Deposit,240.0,0,Transient-Party,37.8,0,1
Resort Hotel,0,127,2017,January,2,12,2,3,2,0.0,0,HB,GBR,Online TA,TA/TO,0,0,0,A,A,0,No Deposit,241.0,0,Transient,49.9,0,1
Resort Hotel,0,25,2017,January,1,7,4,6,2,0.0,0,BB,GBR,Offline TA/TO,TA/TO,0,0,0,D,D,0,No Deposit,115.0,0,Transient,42.0,0,1
Resort Hotel,0,0,2017,January,3,17,0,0,2,0.0,0,BB,PRT,Online TA,TA/TO,1,0,0,A,A,0,No Deposit,240.0,0,Transient,0.0,0,1
Resort Hotel,0,0,2017,May,19,13,0,1,2,0.0,0,HB,PRT,Online TA,TA/TO,1,0,1,E,E,0,No Deposit,241.0,0,Transient,117.6,0,1
Resort Hotel,0,2,2017,January,3,15,2,0,2,0.0,0,BB,PRT,Online TA,TA/TO,0,0,0,E,G,0,No Deposit,240.0,0,Transient,68.0,0,0
Resort Hotel,0,1,2017,January,3,16,1,0,2,0.0,0,BB,ITA,Online TA,TA/TO,0,0,0,E,E,0,No Deposit,240.0,0,Transient,68.0,1,1
Resort Hotel,0,0,2017,January,3,17,0,1,2,0.0,0,BB,PRT,Direct,Direct,0,0,0,E,E,1,No Deposit,,0,Transient,60.0,0,0
Resort Hotel,0,4,2017,January,3,17,0,1,2,0.0,0,BB,IRL,Direct,Direct,0,0,0,A,C,3,No Deposit,250.0,0,Transient,44.0,1,0
Resort Hotel,0,3,2017,January,3,17,0,1,2,0.0,0,BB,ESP,Direct,Direct,0,0,0,D,I,0,No Deposit,,0,Transient,65.0,1,0
Resort Hotel,0,9,2017,January,3,18,0,1,2,0.0,0,BB,ESP,Online TA,Direct,0,0,0,D,D,0,No Deposit,240.0,0,Transient,65.0,1,0
Resort Hotel,0,5,2017,January,3,17,0,1,2,0.0,0,BB,IRL,Online TA,TA/TO,0,0,0,E,F,0,No Deposit,468.0,0,Transient,54.4,0,0
Resort Hotel,0,0,2017,January,3,17,0,1,2,0.0,0,BB,FRA,Direct,Direct,0,0,0,D,D,0,No Deposit,,0,Transient,67.0,0,0
Resort Hotel,0,2,2017,January,3,17,0,1,2,0.0,0,BB,PRT,Direct,Direct,0,0,0,A,C,0,No Deposit,250.0,0,Transient,44.0,1,1
Resort Hotel,0,0,2017,March,11,13,1,0,2,0.0,0,BB,PRT,Direct,Direct,1,0,1,A,A,0,No Deposit,,0,Transient,67.0,1,1
Resort Hotel,0,7,2017,May,21,24,0,1,2,0.0,0,BB,PRT,Direct,Direct,1,0,3,A,E,0,No Deposit,250.0,0,Transient,75.0,1,1
Resort Hotel,0,10,2017,January,3,18,0,1,2,0.0,0,BB,FRA,Online TA,TA/TO,0,0,0,D,D,0,No Deposit,240.0,0,Transient,58.0,1,0
Resort Hotel,0,1,2017,January,3,19,0,2,2,0.0,0,BB,FRA,Direct,TA/TO,0,0,0,D,D,1,No Deposit,,0,Transient,62.0,1,0
Resort Hotel,0,0,2017,January,3,15,2,2,2,0.0,0,BB,FRA,Online TA,TA/TO,0,0,0,A,A,0,No Deposit,240.0,0,Transient,47.25,0,1
Resort Hotel,0,2,2017,January,3,19,0,2,2,0.0,0,BB,FRA,Direct,TA/TO,0,0,0,A,A,1,No Deposit,,0,Transient,45.0,0,1
Resort Hotel,0,0,2017,January,3,18,0,1,2,0.0,0,BB,FRA,Direct,Direct,0,0,0,E,E,0,No Deposit,,0,Transient,60.0,0,0
Resort Hotel,0,0,2017,January,3,18,0,1,2,0.0,0,BB,CHN,Online TA,TA/TO,0,0,0,A,D,0,No Deposit,240.0,0,Transient,60.0,0,1
Resort Hotel,0,109,2017,January,2,12,2,6,2,0.0,0,BB,NLD,Direct,Direct,0,0,0,D,D,0,No Deposit,,0,Transient,47.76,0,0
Resort Hotel,0,96,2017,January,3,15,2,3,2,0.0,0,BB,GBR,Online TA,TA/TO,0,0,0,D,D,0,No Deposit,314.0,0,Transient,40.32,0,0
Resort Hotel,0,0,2017,January,3,18,0,2,2,0.0,0,BB,PRT,Online TA,TA/TO,0,0,0,D,D,0,No Deposit,240.0,0,Transient-Party,64.0,0,1
Resort Hotel,0,0,2017,January,3,18,0,2,2,0.0,0,BB,PRT,Online TA,TA/TO,0,0,0,D,D,0,No Deposit,240.0,0,Transient-Party,64.0,0,1
Resort Hotel,0,0,2017,January,3,18,0,2,2,0.0,0,BB,FRA,Direct,Direct,0,0,0,E,E,1,No Deposit,,0,Transient,60.0,0,0
Resort Hotel,0,64,2017,January,3,15,2,3,2,0.0,0,BB,FRA,Online TA,TA/TO,0,0,0,E,E,1,No Deposit,240.0,0,Transient,62.0,0,1
Resort Hotel,0,39,2017,January,2,13,2,5,2,0.0,0,BB,GBR,Online TA,TA/TO,0,0,0,A,E,0,No Deposit,241.0,0,Transient,34.82,0,1
Resort Hotel,0,75,2017,January,3,16,1,3,2,0.0,0,HB,GBR,Online TA,TA/TO,0,0,0,D,D,0,No Deposit,240.0,0,Transient,82.0,0,1
Resort Hotel,0,26,2017,January,1,6,4,10,2,0.0,0,BB,FRA,Online TA,TA/TO,0,0,0,G,G,1,No Deposit,240.0,0,Transient,88.86,1,0
Resort Hotel,0,84,2017,January,3,18,0,2,2,0.0,0,BB,PRT,Online TA,TA/TO,0,0,0,G,G,4,No Deposit,240.0,0,Transient,100.5,0,5
Resort Hotel,0,0,2017,January,3,19,0,1,2,0.0,0,BB,CHN,Online TA,TA/TO,0,0,0,A,A,0,No Deposit,240.0,0,Transient,48.0,0,0
Resort Hotel,0,1,2017,January,3,19,0,1,2,0.0,0,BB,PRT,Online TA,TA/TO,0,0,0,A,D,0,No Deposit,240.0,0,Transient,48.0,0,1
Resort Hotel,0,0,2017,January,3,19,0,1,2,0.0,0,BB,FRA,Direct,Direct,0,0,0,F,F,0,No Deposit,,0,Transient,77.0,1,0
Resort Hotel,0,0,2017,January,3,20,0,1,2,0.0,0,BB,LTU,Online TA,TA/TO,0,0,0,A,A,0,No Deposit,240.0,0,Transient,48.0,0,1
Resort Hotel,0,3,2017,January,3,20,0,1,2,0.0,0,BB,PRT,Online TA,TA/TO,0,0,0,A,D,0,No Deposit,240.0,0,Transient,48.0,0,2
Resort Hotel,0,0,2017,January,3,19,0,2,2,0.0,0,BB,PRT,Online TA,TA/TO,0,0,0,A,A,0,No Deposit,240.0,0,Transient,48.0,0,1
Resort Hotel,0,1,2017,January,3,20,0,1,2,0.0,0,BB,PRT,Online TA,TA/TO,0,0,0,A,D,0,No Deposit,240.0,0,Transient,48.0,0,1
Resort Hotel,0,1,2017,January,3,20,0,1,2,0.0,0,BB,ESP,Online TA,TA/TO,0,0,0,D,D,0,No Deposit,241.0,0,Transient,44.66,0,1
Resort Hotel,0,0,2017,January,3,20,0,1,2,0.0,0,BB,PRT,Direct,Direct,0,0,0,A,A,0,No Deposit,,0,Transient,45.0,0,0
Resort Hotel,0,119,2017,January,1,7,4,10,2,0.0,0,BB,GBR,Online TA,TA/TO,0,0,0,F,F,0,No Deposit,241.0,0,Transient,44.11,0,1
Resort Hotel,0,31,2017,January,3,18,0,3,2,0.0,0,BB,PRT,Online TA,TA/TO,0,0,0,E,E,1,No Deposit,240.0,0,Transient,75.0,1,0
Resort Hotel,0,2,2017,January,3,20,0,1,2,0.0,0,BB,PRT,Direct,Direct,0,0,0,E,F,0,No Deposit,,0,Transient,60.0,0,2
Resort Hotel,0,0,2017,January,3,20,0,1,2,0.0,0,BB,PRT,Direct,Direct,0,0,0,E,E,0,No Deposit,250.0,0,Transient,60.0,0,2
Resort Hotel,0,17,2017,January,3,17,0,4,2,0.0,0,BB,GBR,Online TA,TA/TO,0,0,0,F,F,0,No Deposit,241.0,0,Transient,53.4,0,2
Resort Hotel,0,0,2017,January,3,20,0,1,2,0.0,0,BB,FRA,Direct,Direct,0,0,0,A,A,0,No Deposit,,0,Transient,45.0,1,0
Resort Hotel,0,27,2017,January,3,20,0,2,2,0.0,0,HB,ITA,Online TA,TA/TO,0,0,0,A,A,1,No Deposit,468.0,0,Transient-Party,62.4,0,1
Resort Hotel,0,27,2017,January,3,20,0,2,2,0.0,0,HB,ITA,Online TA,TA/TO,0,0,0,A,A,1,No Deposit,468.0,0,Transient-Party,62.4,0,1
Resort Hotel,0,1,2017,January,3,21,0,1,2,0.0,0,BB,PRT,Direct,Direct,0,0,0,A,D,0,No Deposit,,0,Transient,45.0,0,0
Resort Hotel,0,0,2017,February,6,10,0,2,2,0.0,0,BB,PRT,Direct,Direct,1,0,0,A,A,0,No Deposit,,0,Transient,48.0,0,1
Resort Hotel,0,4,2017,January,3,21,0,1,2,0.0,0,HB,ESP,Online TA,TA/TO,0,0,0,D,D,0,No Deposit,240.0,0,Transient,90.0,0,1
Resort Hotel,0,0,2017,January,3,21,0,1,2,0.0,0,BB,ITA,Online TA,TA/TO,0,0,0,A,D,2,No Deposit,240.0,0,Transient,48.0,0,0
Resort Hotel,0,1,2017,January,4,22,1,0,2,0.0,0,BB,ITA,Online TA,TA/TO,0,0,0,A,D,0,No Deposit,,0,Transient,48.0,0,0
Resort Hotel,0,2,2017,January,3,21,0,1,2,0.0,0,BB,PRT,Online TA,TA/TO,0,0,0,A,D,0,No Deposit,240.0,0,Transient,55.0,1,1
Resort Hotel,0,5,2017,January,3,21,0,1,2,0.0,0,FB,ESP,Offline TA/TO,TA/TO,0,0,0,E,E,0,No Deposit,6.0,0,Transient,96.0,0,0
Resort Hotel,0,2,2017,January,3,21,0,1,2,0.0,0,BB,PRT,Direct,Direct,0,0,0,D,D,0,No Deposit,,0,Transient,55.0,1,1
Resort Hotel,0,0,2017,January,3,21,0,1,2,0.0,0,BB,PRT,Direct,Direct,0,0,0,A,A,0,No Deposit,,0,Transient,45.0,0,0
Resort Hotel,0,4,2017,January,3,21,0,1,2,0.0,0,BB,PRT,Complementary,TA/TO,0,0,0,F,F,0,No Deposit,127.0,0,Transient,0.0,0,3
Resort Hotel,0,2,2017,January,3,21,0,1,2,0.0,0,BB,PRT,Direct,Direct,0,0,0,E,E,0,No Deposit,,0,Transient,65.0,1,1
Resort Hotel,0,2,2017,January,3,21,0,1,2,0.0,0,BB,PRT,Direct,Direct,0,0,0,D,E,0,No Deposit,,0,Transient,65.0,1,2
Resort Hotel,0,4,2017,January,4,28,0,1,2,0.0,0,BB,PRT,Direct,Direct,1,0,1,D,D,0,No Deposit,,0,Transient,55.0,1,2
Resort Hotel,0,15,2017,January,3,20,0,2,2,0.0,0,FB,ESP,Online TA,TA/TO,0,0,0,A,A,1,No Deposit,314.0,0,Transient,88.4,0,0
Resort Hotel,0,56,2017,January,3,18,0,4,2,0.0,0,BB,GBR,Online TA,TA/TO,0,0,0,A,A,0,No Deposit,240.0,0,Transient,42.0,0,1
Resort Hotel,0,0,2017,January,3,21,0,1,2,0.0,0,BB,PRT,Direct,Direct,0,0,0,E,E,0,No Deposit,,0,Transient,67.0,1,0
Resort Hotel,0,2,2017,January,3,20,0,2,2,0.0,0,BB,ESP,Online TA,TA/TO,0,0,0,A,D,0,No Deposit,240.0,0,Transient,48.0,0,1
Resort Hotel,0,0,2017,January,3,19,0,3,2,0.0,0,BB,PRT,Online TA,TA/TO,0,0,0,A,A,0,No Deposit,240.0,0,Transient,48.0,0,1
Resort Hotel,0,0,2017,January,3,21,0,1,2,0.0,0,BB,ESP,Offline TA/TO,TA/TO,0,0,0,A,D,0,No Deposit,6.0,0,Transient,34.0,0,0
Resort Hotel,0,1,2017,January,3,21,0,1,2,0.0,0,BB,PRT,Direct,Direct,0,0,0,F,F,0,No Deposit,250.0,0,Transient,77.0,1,0
Resort Hotel,0,1,2017,March,12,25,0,1,2,0.0,0,BB,PRT,Direct,Direct,1,0,1,F,F,0,No Deposit,250.0,0,Group,100.0,1,1
Resort Hotel,0,36,2017,January,3,21,0,1,2,0.0,0,BB,DEU,Direct,Direct,0,0,0,D,D,0,No Deposit,250.0,0,Transient,54.0,0,0
Resort Hotel,0,37,2017,January,4,22,2,0,2,0.0,0,BB,DEU,Direct,Direct,0,0,0,G,G,0,No Deposit,250.0,0,Group,84.0,0,0
Resort Hotel,0,117,2017,January,3,16,2,5,2,0.0,0,BB,GBR,Online TA,TA/TO,0,0,0,E,E,0,No Deposit,240.0,0,Transient,57.8,0,3
Resort Hotel,0,9,2017,January,3,19,1,3,2,0.0,0,HB,GBR,Offline TA/TO,TA/TO,0,0,0,E,E,0,No Deposit,40.0,0,Contract,81.76,0,0
Resort Hotel,0,5,2017,January,3,20,1,2,2,0.0,0,BB,ESP,Direct,Direct,0,0,0,D,D,0,No Deposit,250.0,0,Transient,55.6,1,1
Resort Hotel,0,6,2017,January,3,20,1,2,2,0.0,0,BB,GBR,Offline TA/TO,TA/TO,0,0,0,A,A,0,No Deposit,177.0,0,Transient,34.0,0,1
Resort Hotel,0,11,2017,January,4,22,1,0,2,0.0,0,BB,PRT,Direct,Direct,0,0,0,E,E,0,No Deposit,,0,Transient,57.6,0,0
Resort Hotel,0,0,2017,January,4,22,1,0,2,0.0,0,BB,NLD,Direct,Direct,0,0,0,E,E,0,No Deposit,,0,Transient,60.0,0,0
Resort Hotel,0,19,2017,January,3,21,1,1,2,0.0,0,BB,PRT,Online TA,TA/TO,0,0,0,A,D,0,No Deposit,240.0,0,Transient,48.0,0,1
Resort Hotel,0,3,2017,January,3,19,1,3,2,0.0,0,HB,GBR,Online TA,TA/TO,0,0,0,E,E,0,No Deposit,240.0,0,Transient,107.0,1,1
Resort Hotel,0,7,2017,January,3,21,1,1,2,0.0,0,BB,ESP,Online TA,TA/TO,0,0,0,A,D,0,No Deposit,240.0,0,Transient,48.0,0,2
Resort Hotel,0,0,2017,January,3,21,1,1,2,0.0,0,BB,PRT,Online TA,TA/TO,0,0,0,A,D,0,No Deposit,240.0,0,Transient,48.0,0,1
Resort Hotel,0,204,2017,January,3,17,1,5,2,0.0,0,BB,IRL,Online TA,TA/TO,0,0,0,E,E,0,No Deposit,240.0,0,Transient,57.8,0,3
Resort Hotel,0,13,2017,January,3,16,2,5,2,0.0,0,BB,IRL,Online TA,TA/TO,0,0,0,E,E,0,No Deposit,240.0,0,Transient,68.0,0,1
Resort Hotel,0,12,2017,January,3,21,1,1,2,0.0,0,BB,PRT,Online TA,TA/TO,0,0,0,D,D,1,No Deposit,241.0,0,Transient,42.43,0,2
Resort Hotel,0,64,2017,January,3,17,2,5,2,0.0,0,BB,BEL,Online TA,TA/TO,0,0,0,G,G,1,No Deposit,240.0,0,Transient,82.0,0,1
Resort Hotel,0,64,2017,January,3,17,2,5,2,0.0,0,BB,BEL,Online TA,TA/TO,0,0,0,G,G,1,No Deposit,240.0,0,Transient,82.0,0,1
Resort Hotel,0,39,2017,January,3,21,2,1,2,0.0,0,HB,BEL,Direct,Direct,0,0,0,A,A,1,No Deposit,250.0,0,Transient,75.6,1,0
Resort Hotel,0,116,2017,January,3,21,2,1,2,0.0,0,BB,IRL,Online TA,TA/TO,0,0,0,A,A,0,No Deposit,242.0,0,Transient,37.8,0,1
Resort Hotel,0,3,2017,January,4,22,2,0,2,0.0,0,BB,ESP,Online TA,TA/TO,0,0,0,A,D,0,No Deposit,240.0,0,Transient,48.0,0,1
Resort Hotel,0,2,2017,March,9,1,0,1,2,0.0,0,BB,PRT,Corporate,Direct,1,1,1,A,A,1,No Deposit,,0,Transient,40.0,0,0
Resort Hotel,0,6,2017,January,4,22,2,0,2,0.0,0,BB,PRT,Direct,Direct,0,0,0,A,D,0,No Deposit,250.0,0,Transient,44.0,0,0
Resort Hotel,0,57,2017,January,3,17,2,5,2,0.0,0,BB,NLD,Online TA,TA/TO,0,0,0,A,A,1,No Deposit,240.0,0,Transient,42.0,0,1
Resort Hotel,0,0,2017,January,4,23,1,0,2,0.0,0,BB,PRT,Direct,Direct,0,0,0,A,D,0,No Deposit,,0,Transient,52.0,1,0
Resort Hotel,0,7,2017,January,3,21,2,1,2,0.0,0,BB,DEU,Online TA,TA/TO,0,0,0,A,D,0,No Deposit,240.0,0,Transient,55.0,1,1
Resort Hotel,0,2,2017,January,3,21,2,1,2,0.0,0,BB,NLD,Online TA,TA/TO,0,0,0,D,D,0,No Deposit,240.0,0,Transient,65.0,1,1
Resort Hotel,0,1,2017,January,4,24,0,1,2,0.0,0,BB,PRT,Direct,Direct,0,0,0,A,D,1,No Deposit,,0,Transient,45.0,0,2
Resort Hotel,0,0,2017,January,4,24,0,1,2,0.0,0,BB,FRA,Online TA,TA/TO,0,0,0,A,D,0,No Deposit,240.0,0,Transient,48.0,0,1
Resort Hotel,0,14,2017,January,4,22,2,1,2,0.0,0,BB,POL,Online TA,TA/TO,0,0,0,D,D,0,No Deposit,240.0,0,Transient,58.0,0,1
Resort Hotel,0,19,2017,January,3,18,2,5,2,0.0,0,HB,FRA,Offline TA/TO,TA/TO,0,0,0,E,E,0,No Deposit,8.0,0,Transient,76.0,0,0
Resort Hotel,0,29,2017,January,3,21,2,2,2,0.0,0,BB,IRL,Direct,Direct,0,0,0,A,A,0,No Deposit,,0,Transient,44.0,0,3
Resort Hotel,0,4,2017,January,4,24,0,1,2,0.0,0,BB,PRT,Direct,Direct,0,0,0,F,F,0,No Deposit,250.0,0,Transient,70.0,1,0
Resort Hotel,0,135,2017,January,3,19,2,4,2,0.0,0,BB,POL,Online TA,TA/TO,0,0,0,A,A,3,No Deposit,240.0,0,Transient-Party,38.5,0,1
Resort Hotel,0,4,2017,January,4,22,2,1,2,0.0,0,BB,ESP,Online TA,TA/TO,0,0,0,A,A,0,No Deposit,240.0,0,Transient,48.0,0,1
Resort Hotel,0,2,2017,January,3,21,2,2,2,0.0,0,BB,NLD,Online TA,TA/TO,0,0,0,A,A,0,No Deposit,240.0,0,Transient,55.0,1,1
Resort Hotel,0,49,2017,January,3,19,2,4,2,0.0,0,HB,IRL,Online TA,TA/TO,0,0,0,A,A,0,No Deposit,241.0,0,Transient,51.9,0,1
Resort Hotel,0,8,2017,January,3,19,2,4,2,0.0,0,BB,PRT,Direct,Direct,0,0,0,F,G,5,No Deposit,250.0,0,Transient,69.0,0,2
Resort Hotel,0,2,2017,January,4,23,1,1,2,0.0,0,BB,ESP,Offline TA/TO,TA/TO,0,0,0,A,A,0,No Deposit,6.0,0,Transient,34.0,0,0
Resort Hotel,0,35,2017,January,2,14,4,8,2,0.0,0,BB,PRT,Online TA,TA/TO,0,0,0,A,A,0,No Deposit,242.0,0,Transient,37.8,0,1
Resort Hotel,0,72,2017,January,3,19,2,5,2,0.0,0,HB,FRA,Online TA,TA/TO,0,0,0,E,E,0,No Deposit,240.0,0,Transient,92.0,0,2
Resort Hotel,0,56,2017,January,3,19,2,5,2,0.0,0,BB,IRL,Online TA,TA/TO,0,0,0,A,A,0,No Deposit,240.0,0,Transient,44.0,0,1
Resort Hotel,0,0,2017,January,4,25,0,1,2,0.0,0,BB,PRT,Direct,Direct,0,0,0,A,A,0,No Deposit,,0,Transient,45.0,0,0
Resort Hotel,0,122,2017,January,4,23,1,2,2,0.0,0,BB,GBR,Direct,Direct,0,0,0,A,D,0,No Deposit,250.0,0,Transient,33.26,0,2
Resort Hotel,0,0,2017,January,4,25,0,1,2,0.0,0,BB,PRT,Online TA,TA/TO,0,0,0,A,D,0,No Deposit,240.0,0,Transient,48.0,0,1
Resort Hotel,0,8,2017,January,4,25,0,1,2,0.0,0,BB,PRT,Corporate,Corporate,0,0,0,A,D,0,No Deposit,,0,Transient,40.0,1,0
Resort Hotel,0,17,2017,January,4,24,0,2,2,0.0,0,HB,DNK,Online TA,TA/TO,0,0,0,F,F,0,No Deposit,241.0,0,Transient,75.34,0,1
Resort Hotel,0,0,2017,January,4,24,0,2,2,0.0,0,BB,PRT,Direct,Direct,0,0,0,F,F,1,No Deposit,,0,Transient,70.0,0,0
Resort Hotel,0,6,2017,January,4,24,0,2,2,0.0,0,BB,ESP,Online TA,TA/TO,0,0,0,A,D,0,No Deposit,240.0,0,Transient,48.0,0,1
Resort Hotel,0,37,2017,January,3,19,2,5,2,0.0,0,Undefined,FRA,Offline TA/TO,TA/TO,0,0,0,A,A,0,No Deposit,464.0,0,Transient,66.0,0,0
Resort Hotel,0,5,2017,January,4,25,0,1,2,0.0,0,BB,PRT,Online TA,TA/TO,0,0,0,D,E,0,No Deposit,240.0,0,Transient,60.0,0,2
Resort Hotel,0,37,2017,January,3,19,2,5,2,0.0,0,Undefined,FRA,Offline TA/TO,TA/TO,0,0,0,A,A,0,No Deposit,464.0,0,Transient,66.0,0,0
Resort Hotel,0,85,2017,January,1,5,6,15,2,0.0,0,HB,GBR,Online TA,TA/TO,0,0,0,F,F,0,No Deposit,241.0,0,Transient,69.99,0,1
Resort Hotel,0,6,2017,January,4,24,0,2,2,0.0,0,BB,ESP,Online TA,TA/TO,0,0,0,A,D,0,No Deposit,240.0,0,Transient,48.0,0,0
Resort Hotel,0,13,2017,January,4,25,0,1,2,0.0,0,BB,PRT,Direct,Direct,0,0,0,D,E,2,No Deposit,250.0,0,Transient,149.0,0,4
Resort Hotel,0,37,2017,January,3,19,2,5,2,0.0,0,Undefined,PRT,Offline TA/TO,TA/TO,0,0,0,A,A,0,No Deposit,464.0,0,Transient,66.0,0,0
Resort Hotel,0,0,2017,January,4,25,0,1,2,0.0,0,BB,PRT,Online TA,TA/TO,0,0,0,E,E,2,No Deposit,240.0,0,Transient,68.0,0,0
Resort Hotel,0,0,2017,January,4,26,0,1,2,0.0,0,BB,PRT,Direct,TA/TO,1,0,0,A,E,0,No Deposit,,0,Transient,68.0,0,0
Resort Hotel,0,27,2017,January,1,4,6,17,2,0.0,0,BB,CN,Online TA,TA/TO,0,0,0,A,F,0,No Deposit,241.0,0,Transient,67.87,1,1
Resort Hotel,0,1,2017,January,4,26,0,1,2,0.0,0,BB,PRT,Online TA,TA/TO,0,0,0,A,A,0,No Deposit,240.0,0,Transient,48.0,0,1
Resort Hotel,0,0,2017,January,4,26,0,1,2,0.0,0,BB,RUS,Direct,Direct,0,0,0,E,E,0,No Deposit,,0,Transient,65.0,0,0
Resort Hotel,0,36,2017,January,4,23,1,3,2,0.0,0,BB,DEU,Online TA,TA/TO,0,0,0,A,A,0,No Deposit,240.0,0,Transient,48.0,0,0
Resort Hotel,0,0,2017,January,4,26,0,1,2,0.0,0,BB,FRA,Online TA,TA/TO,0,0,0,A,D,0,No Deposit,240.0,0,Transient,48.0,0,1
Resort Hotel,0,0,2017,January,4,26,0,1,2,0.0,0,BB,FRA,Online TA,TA/TO,0,0,0,A,D,0,No Deposit,240.0,0,Transient,55.0,1,1
Resort Hotel,0,0,2017,January,4,26,0,1,2,0.0,0,BB,ITA,Direct,Direct,0,0,0,A,A,0,No Deposit,,0,Transient,45.0,0,0
Resort Hotel,0,3,2017,January,4,26,0,1,2,0.0,0,BB,ESP,Offline TA/TO,TA/TO,0,0,0,A,A,0,No Deposit,6.0,0,Transient,34.0,0,0
Resort Hotel,0,1,2017,January,4,26,0,1,2,0.0,0,BB,PRT,Online TA,TA/TO,0,0,0,A,A,0,No Deposit,240.0,0,Transient,48.0,0,1
Resort Hotel,0,2,2017,January,4,25,0,2,2,0.0,0,BB,PRT,Direct,Direct,0,0,0,D,D,0,No Deposit,250.0,0,Transient,55.0,0,0
Resort Hotel,0,2,2017,January,3,20,2,5,2,0.0,0,BB,PRT,Online TA,TA/TO,0,0,0,A,A,0,No Deposit,240.0,0,Transient,48.0,0,2
Resort Hotel,0,0,2017,January,4,27,1,2,2,0.0,0,BB,PRT,Direct,TA/TO,1,0,0,E,E,0,No Deposit,,0,Transient,70.0,0,2
Resort Hotel,0,0,2017,January,4,26,0,1,2,0.0,0,BB,PRT,Direct,Direct,0,0,0,E,E,0,No Deposit,,0,Transient,65.0,0,0
Resort Hotel,0,0,2017,January,4,26,0,1,2,0.0,0,BB,ITA,Direct,Direct,0,0,0,A,A,0,No Deposit,,0,Transient,45.0,0,0
Resort Hotel,0,43,2017,January,3,21,2,5,2,0.0,0,BB,PRT,Online TA,TA/TO,0,0,0,A,A,0,No Deposit,314.0,0,Transient,33.6,0,1
Resort Hotel,0,0,2017,January,4,27,0,1,2,0.0,0,BB,PRT,Direct,Direct,0,0,0,E,E,0,No Deposit,,0,Transient,76.0,0,0
Resort Hotel,0,23,2017,January,4,23,1,4,2,0.0,0,BB,ROU,Online TA,TA/TO,0,0,0,A,A,0,No Deposit,241.0,0,Transient,42.11,1,1
Resort Hotel,0,5,2017,January,4,26,0,2,2,0.0,0,BB,PRT,Online TA,TA/TO,0,0,0,A,D,0,No Deposit,240.0,0,Transient,48.0,0,0
Resort Hotel,0,132,2017,January,4,25,0,3,2,0.0,0,BB,GBR,Online TA,TA/TO,0,0,0,E,F,0,No Deposit,241.0,0,Transient,57.74,0,1
Resort Hotel,0,5,2017,January,4,26,0,2,2,0.0,0,BB,PRT,Online TA,TA/TO,0,0,0,A,D,0,No Deposit,240.0,0,Transient,48.0,0,1
Resort Hotel,0,51,2017,January,3,21,2,5,2,0.0,0,HB,GBR,Online TA,TA/TO,0,0,0,F,F,0,No Deposit,241.0,0,Transient,68.92,0,1
Resort Hotel,0,3,2017,January,4,26,0,2,2,0.0,0,BB,PRT,Direct,Direct,0,0,0,A,D,1,No Deposit,,0,Transient,40.5,0,0
Resort Hotel,0,27,2017,January,4,25,0,3,2,0.0,0,BB,ESP,Offline TA/TO,TA/TO,0,0,0,A,A,0,No Deposit,177.0,0,Transient,34.0,0,1
Resort Hotel,0,3,2017,January,3,21,2,5,2,0.0,0,BB,GBR,Offline TA/TO,TA/TO,0,0,0,A,A,0,No Deposit,171.0,0,Transient,30.0,0,0
Resort Hotel,0,0,2017,January,4,27,0,1,2,0.0,0,BB,PRT,Direct,Direct,0,0,0,E,E,0,No Deposit,,0,Transient,73.0,0,0
Resort Hotel,0,56,2017,January,4,25,0,3,2,0.0,0,BB,FRA,Direct,Direct,0,0,0,F,F,2,No Deposit,250.0,0,Transient,79.67,0,0
Resort Hotel,0,0,2017,January,4,26,0,2,2,0.0,0,BB,ESP,Direct,Direct,0,0,0,E,E,0,No Deposit,,0,Transient,72.0,1,0
Resort Hotel,0,6,2017,January,4,22,2,4,2,0.0,0,HB,ESP,Direct,Direct,0,0,0,F,F,0,No Deposit,250.0,0,Transient,108.0,1,0
Resort Hotel,0,11,2017,January,4,28,0,0,2,0.0,0,BB,PRT,Offline TA/TO,TA/TO,0,0,0,A,E,1,No Deposit,8.0,0,Transient,0.0,0,0
Resort Hotel,0,3,2017,January,4,27,0,1,2,0.0,0,BB,PRT,Direct,Direct,0,0,0,A,E,0,No Deposit,,0,Transient,45.0,0,1
Resort Hotel,0,4,2017,January,3,18,2,9,2,0.0,0,BB,ITA,Direct,Direct,0,0,0,A,A,0,No Deposit,,0,Transient,45.82,0,0
Resort Hotel,0,2,2017,January,4,26,0,3,2,0.0,0,BB,GBR,Online TA,TA/TO,0,0,0,A,A,0,No Deposit,241.0,0,Transient,35.11,0,1
Resort Hotel,0,17,2017,January,4,26,0,3,2,0.0,0,BB,USA,Online TA,TA/TO,0,0,0,A,D,0,No Deposit,240.0,0,Transient,48.0,0,1
Resort Hotel,0,5,2017,January,4,27,0,2,2,0.0,0,BB,ITA,Online TA,TA/TO,0,0,0,A,D,0,No Deposit,240.0,0,Transient,48.0,0,1
Resort Hotel,0,121,2017,January,4,22,2,5,2,0.0,0,HB,GBR,Groups,TA/TO,0,0,0,D,D,0,No Deposit,273.0,0,Transient-Party,66.8,0,0
Resort Hotel,0,4,2017,January,4,28,0,1,2,0.0,0,BB,PRT,Direct,Direct,0,0,0,D,E,0,No Deposit,,0,Transient,55.0,1,1
Resort Hotel,0,4,2017,January,4,27,0,2,2,0.0,0,BB,PRT,Direct,Direct,0,0,0,F,F,0,No Deposit,,0,Transient,70.0,0,1
Resort Hotel,0,24,2017,January,4,27,0,2,2,0.0,0,HB,ESP,Online TA,TA/TO,0,0,0,A,D,0,No Deposit,240.0,0,Transient,78.0,0,1
Resort Hotel,0,1,2017,January,4,27,0,2,2,0.0,0,BB,IRL,Offline TA/TO,TA/TO,0,0,0,A,A,0,No Deposit,6.0,0,Transient,41.0,1,0
Resort Hotel,0,21,2017,January,4,26,0,3,2,0.0,0,BB,DEU,Online TA,TA/TO,0,0,0,A,D,0,No Deposit,240.0,0,Transient-Party,55.0,1,1
Resort Hotel,0,21,2017,January,4,26,0,3,2,0.0,0,BB,DEU,Online TA,TA/TO,0,0,0,A,D,0,No Deposit,240.0,0,Transient-Party,48.0,0,1
Resort Hotel,0,4,2017,January,4,28,0,1,2,0.0,0,BB,PRT,Direct,Direct,0,0,0,D,D,0,No Deposit,,0,Transient,55.0,1,1
Resort Hotel,0,7,2017,January,4,27,0,2,2,0.0,0,BB,ARG,Online TA,TA/TO,0,0,0,A,D,0,No Deposit,240.0,0,Transient,56.0,1,1
Resort Hotel,0,1,2017,January,5,29,1,0,2,0.0,0,BB,ARG,Direct,TA/TO,0,0,0,A,D,0,No Deposit,,0,Transient,64.0,1,1
Resort Hotel,0,17,2017,January,4,28,0,1,2,0.0,0,BB,PRT,Groups,Corporate,0,0,0,A,A,0,Non Refund,,0,Transient-Party,36.0,0,0
Resort Hotel,0,4,2017,January,4,28,0,1,2,0.0,0,BB,PRT,Direct,Direct,0,0,0,D,D,0,No Deposit,,0,Transient,55.0,1,1
Resort Hotel,0,112,2017,January,4,26,0,3,2,0.0,0,BB,IRL,Direct,Direct,0,0,0,A,D,0,No Deposit,250.0,0,Transient,36.96,0,1
Resort Hotel,0,1,2017,January,4,28,0,1,2,0.0,0,HB,ESP,Direct,Direct,0,0,0,F,F,1,No Deposit,,0,Transient-Party,110.0,0,1
Resort Hotel,0,121,2017,January,4,22,2,5,2,0.0,0,HB,GBR,Groups,TA/TO,0,0,0,D,D,0,No Deposit,273.0,0,Transient-Party,66.8,0,0
Resort Hotel,0,121,2017,January,4,22,2,5,2,0.0,0,HB,GBR,Groups,TA/TO,0,0,0,D,D,0,No Deposit,273.0,0,Transient-Party,66.8,0,0
Resort Hotel,0,0,2017,January,4,27,0,2,2,0.0,0,BB,ESP,Direct,Direct,0,0,0,H,H,0,No Deposit,,0,Transient,105.0,1,0
Resort Hotel,0,15,2017,January,4,28,0,1,2,0.0,0,BB,PRT,Direct,Direct,0,0,0,A,D,0,No Deposit,250.0,0,Transient,44.0,0,1
Resort Hotel,0,121,2017,January,4,25,0,4,2,0.0,0,BB,IRL,Online TA,TA/TO,0,0,0,A,A,0,No Deposit,240.0,0,Transient,37.8,0,1
Resort Hotel,0,121,2017,January,4,22,2,5,2,0.0,0,HB,GBR,Groups,TA/TO,0,0,0,E,E,0,No Deposit,273.0,0,Transient-Party,72.0,0,0
Resort Hotel,0,1,2017,January,4,28,0,1,2,0.0,0,HB,ESP,Direct,Direct,0,0,0,F,F,2,No Deposit,,0,Transient,110.0,0,1
Resort Hotel,0,17,2017,January,4,27,0,2,2,0.0,0,BB,GBR,Offline TA/TO,TA/TO,0,0,0,A,D,0,No Deposit,171.0,0,Contract,51.0,1,0
Resort Hotel,0,58,2017,January,4,26,0,3,2,0.0,0,BB,TUR,Online TA,TA/TO,0,0,0,A,A,0,No Deposit,240.0,0,Transient,42.0,0,2
Resort Hotel,0,1,2017,January,4,28,0,1,2,0.0,0,HB,ESP,Direct,Direct,0,0,0,F,F,1,No Deposit,,0,Transient-Party,78.0,0,1
Resort Hotel,0,35,2017,January,4,25,0,4,2,0.0,0,BB,PRT,Online TA,TA/TO,0,0,0,A,A,0,No Deposit,241.0,0,Transient,35.11,0,1
Resort Hotel,0,2,2017,January,4,28,0,1,2,0.0,0,HB,PRT,Online TA,TA/TO,0,0,0,A,D,0,No Deposit,240.0,0,Transient,88.0,0,1
Resort Hotel,0,88,2017,January,4,22,2,5,2,0.0,0,HB,GBR,Groups,TA/TO,0,0,0,D,D,0,No Deposit,273.0,0,Transient-Party,66.8,0,0
Resort Hotel,0,125,2017,January,4,22,2,5,2,0.0,0,HB,GBR,Groups,TA/TO,0,0,0,E,E,1,No Deposit,273.0,4,Transient-Party,72.0,0,0
Resort Hotel,0,1,2017,January,4,27,0,2,2,0.0,0,BB,PRT,Direct,Direct,0,0,0,D,D,0,No Deposit,250.0,0,Transient,70.0,1,1
Resort Hotel,0,0,2017,January,4,26,0,3,2,0.0,0,BB,ITA,Online TA,TA/TO,0,0,0,A,A,0,No Deposit,240.0,0,Transient,53.33,0,0
Resort Hotel,0,24,2017,January,4,26,0,3,2,0.0,0,HB,ESP,Online TA,TA/TO,0,0,0,A,A,0,No Deposit,240.0,0,Transient,78.0,0,1
Resort Hotel,0,17,2017,January,4,28,0,1,2,0.0,0,BB,PRT,Groups,Corporate,0,0,0,A,A,0,Non Refund,,0,Transient-Party,36.0,0,0
Resort Hotel,0,18,2017,January,4,26,0,3,2,0.0,0,BB,ITA,Online TA,TA/TO,0,0,0,A,A,0,No Deposit,240.0,0,Transient-Party,48.0,0,2
Resort Hotel,0,0,2017,January,5,29,1,0,2,0.0,0,BB,ITA,Direct,TA/TO,1,0,0,A,A,0,No Deposit,,0,Transient-Party,45.0,0,2
Resort Hotel,0,2,2017,January,4,28,0,1,2,0.0,0,BB,PRT,Groups,Corporate,0,0,0,A,A,0,Non Refund,,0,Transient-Party,36.0,0,0
Resort Hotel,0,3,2017,January,4,28,0,1,2,0.0,0,BB,PRT,Groups,Corporate,0,0,0,A,A,0,Non Refund,,0,Transient-Party,36.0,0,0
Resort Hotel,0,26,2017,January,4,28,0,1,2,0.0,0,HB,GBR,Online TA,TA/TO,0,0,0,D,D,0,No Deposit,240.0,0,Transient,88.0,1,1
Resort Hotel,0,0,2017,January,4,27,0,2,2,0.0,0,BB,GBR,Direct,Direct,0,0,0,A,A,1,No Deposit,,0,Transient-Party,53.0,0,0
Resort Hotel,0,0,2017,January,5,29,1,0,2,0.0,0,BB,GBR,Direct,Direct,1,0,0,A,A,0,No Deposit,,0,Transient-Party,45.0,0,0
Resort Hotel,0,16,2017,January,4,27,0,2,2,0.0,0,BB,PRT,Groups,Corporate,0,0,0,A,A,2,No Deposit,,0,Transient-Party,36.0,0,1
Resort Hotel,0,18,2017,January,4,26,0,3,2,0.0,0,BB,ITA,Online TA,TA/TO,0,0,0,A,A,0,No Deposit,240.0,0,Transient-Party,48.0,0,2
Resort Hotel,0,0,2017,January,5,29,1,0,2,0.0,0,BB,ITA,Direct,TA/TO,1,0,0,A,A,0,No Deposit,,0,Transient-Party,45.0,0,2
Resort Hotel,0,18,2017,January,4,26,0,3,2,0.0,0,BB,ITA,Online TA,TA/TO,0,0,0,A,A,0,No Deposit,240.0,0,Transient-Party,48.0,0,2
Resort Hotel,0,0,2017,January,5,29,1,0,2,0.0,0,BB,ITA,Direct,TA/TO,1,0,0,A,A,0,No Deposit,,0,Transient-Party,45.0,0,2
Resort Hotel,0,28,2017,January,4,27,0,2,2,0.0,0,BB,PRT,Offline TA/TO,TA/TO,0,0,0,A,D,1,No Deposit,95.0,0,Transient,34.0,0,0
Resort Hotel,0,18,2017,January,4,26,0,3,2,0.0,0,BB,ITA,Online TA,TA/TO,0,0,0,A,A,0,No Deposit,240.0,0,Transient-Party,48.0,0,2
Resort Hotel,0,0,2017,January,5,29,1,0,2,0.0,0,BB,ITA,Direct,TA/TO,1,0,0,A,A,0,No Deposit,,0,Transient-Party,45.0,0,2
Resort Hotel,0,0,2017,January,4,28,0,1,2,0.0,0,BB,PRT,Direct,Direct,0,0,0,A,A,0,No Deposit,,0,Transient,53.0,0,0
Resort Hotel,0,2,2017,January,4,27,0,2,2,0.0,0,BB,PRT,Offline TA/TO,TA/TO,0,0,0,A,C,0,No Deposit,261.0,0,Transient,41.0,1,1
Resort Hotel,0,18,2017,January,4,26,0,3,2,0.0,0,BB,GBR,Online TA,TA/TO,0,0,0,A,A,0,No Deposit,240.0,0,Transient-Party,48.0,0,2
Resort Hotel,0,9,2017,January,4,28,0,1,2,0.0,0,BB,ESP,Online TA,TA/TO,0,0,0,D,E,0,No Deposit,240.0,0,Transient,78.0,0,0
Resort Hotel,0,5,2017,January,4,26,0,3,2,0.0,0,BB,PRT,Direct,Direct,0,0,0,A,D,0,No Deposit,,0,Transient-Party,45.0,0,1
Resort Hotel,0,9,2017,January,4,27,0,2,2,0.0,0,BB,ITA,Direct,Direct,0,0,0,D,D,0,No Deposit,250.0,0,Transient,55.0,0,0
Resort Hotel,0,4,2017,January,4,27,0,2,2,0.0,0,HB,PRT,Online TA,TA/TO,0,0,0,D,D,0,No Deposit,240.0,0,Transient,97.0,1,1
Resort Hotel,0,24,2017,January,4,28,0,1,2,0.0,0,BB,ESP,Online TA,TA/TO,0,0,0,A,E,1,No Deposit,240.0,0,Transient,48.0,0,2
Resort Hotel,0,0,2017,January,4,28,0,1,2,0.0,0,BB,PRT,Online TA,TA/TO,0,0,0,E,E,0,No Deposit,240.0,0,Transient,76.0,0,0
Resort Hotel,0,4,2017,January,4,27,0,2,2,0.0,0,BB,PRT,Online TA,TA/TO,0,0,0,E,E,0,No Deposit,240.0,0,Transient,68.0,0,3
Resort Hotel,0,17,2017,January,4,28,0,1,2,0.0,0,BB,PRT,Groups,Corporate,0,0,0,A,A,0,Non Refund,,0,Transient-Party,36.0,0,0
Resort Hotel,0,17,2017,January,4,28,0,1,2,0.0,0,BB,PRT,Groups,Corporate,0,0,0,A,C,0,Non Refund,,0,Transient-Party,36.0,0,0
Resort Hotel,0,56,2017,January,3,16,4,10,2,0.0,0,HB,DEU,Offline TA/TO,TA/TO,0,0,0,A,A,0,No Deposit,171.0,0,Transient,60.0,0,0
Resort Hotel,0,15,2017,January,4,26,1,3,2,0.0,0,BB,GBR,Online TA,TA/TO,0,0,0,F,F,0,No Deposit,241.0,0,Transient,55.4,0,1
Resort Hotel,0,20,2017,January,3,19,3,8,2,0.0,0,HB,GBR,Offline TA/TO,TA/TO,0,0,0,E,F,1,No Deposit,40.0,0,Transient,91.76,0,1
Resort Hotel,0,3,2017,January,4,27,1,2,2,0.0,0,BB,PRT,Online TA,TA/TO,0,0,0,A,A,0,No Deposit,241.0,0,Transient,35.11,0,1
Resort Hotel,0,43,2017,January,4,27,1,2,2,0.0,0,BB,GBR,Online TA,TA/TO,0,0,0,A,D,0,No Deposit,240.0,0,Transient-Party,48.0,0,1
Resort Hotel,0,16,2017,January,4,27,1,2,2,0.0,0,BB,ITA,Groups,Corporate,0,0,0,A,A,1,No Deposit,,0,Transient-Party,40.0,0,0
Resort Hotel,0,16,2017,January,4,27,1,2,2,0.0,0,BB,PRT,Groups,Corporate,0,0,0,A,A,1,No Deposit,,0,Transient-Party,40.0,0,0
Resort Hotel,0,74,2017,January,4,24,1,5,2,0.0,0,HB,FRA,Online TA,TA/TO,0,0,0,E,E,0,No Deposit,240.0,0,Transient,99.0,1,2
Resort Hotel,0,2,2017,January,5,30,1,0,2,0.0,0,HB,FRA,Direct,TA/TO,0,0,0,E,E,0,No Deposit,,0,Transient,92.0,1,2
Resort Hotel,0,46,2017,January,4,27,1,2,2,0.0,0,BB,GBR,Direct,Direct,0,0,0,A,D,0,No Deposit,250.0,0,Transient,44.0,0,1
Resort Hotel,0,74,2017,January,4,24,1,5,2,0.0,0,HB,FRA,Online TA,TA/TO,0,0,0,E,E,0,No Deposit,240.0,0,Transient,92.0,0,1
Resort Hotel,0,2,2017,January,5,30,1,0,2,0.0,0,HB,FRA,Direct,TA/TO,0,0,0,E,E,0,No Deposit,,0,Transient,92.0,0,1
Resort Hotel,0,34,2017,January,4,27,1,2,2,0.0,0,BB,IRL,Direct,Direct,0,0,0,F,F,0,No Deposit,250.0,0,Transient,71.0,0,0
Resort Hotel,0,16,2017,January,4,27,1,2,2,0.0,0,BB,ARG,Groups,Corporate,0,0,0,A,A,1,No Deposit,,0,Transient,40.0,0,0
Resort Hotel,0,43,2017,January,4,27,1,2,2,0.0,0,BB,GBR,Online TA,TA/TO,0,0,0,A,D,0,No Deposit,240.0,0,Transient-Party,48.0,0,1
Resort Hotel,0,14,2017,January,4,28,1,1,2,0.0,0,BB,IRL,Online TA,TA/TO,0,0,0,A,D,0,No Deposit,240.0,0,Transient,48.0,0,1
Resort Hotel,0,63,2017,January,4,23,2,5,2,0.0,0,BB,GBR,Online TA,TA/TO,0,0,0,A,A,0,No Deposit,240.0,0,Transient,43.71,0,2
Resort Hotel,0,16,2017,January,4,27,1,2,2,0.0,0,BB,JPN,Online TA,TA/TO,0,0,0,A,E,1,No Deposit,240.0,0,Transient,68.0,0,1
Resort Hotel,0,3,2017,January,4,28,1,1,2,0.0,0,BB,ESP,Online TA,TA/TO,0,0,0,E,E,0,No Deposit,240.0,0,Transient,72.0,0,1
Resort Hotel,0,3,2017,January,4,27,1,2,2,0.0,0,BB,ITA,Online TA,TA/TO,0,0,0,A,A,0,No Deposit,241.0,0,Transient,35.11,0,1
Resort Hotel,0,3,2017,January,4,27,1,2,2,0.0,0,BB,PRT,Online TA,TA/TO,0,0,0,A,A,0,No Deposit,241.0,0,Transient,35.11,0,1
Resort Hotel,0,3,2017,January,4,27,1,2,2,0.0,0,BB,ITA,Online TA,TA/TO,0,0,0,A,A,0,No Deposit,241.0,0,Transient,35.11,0,1
Resort Hotel,0,18,2017,January,4,27,1,2,2,0.0,0,BB,GBR,Online TA,TA/TO,0,0,0,F,F,0,No Deposit,467.0,0,Transient,54.56,0,0
Resort Hotel,0,18,2017,January,4,27,1,2,2,0.0,0,BB,GBR,Online TA,TA/TO,0,0,0,F,F,0,No Deposit,467.0,0,Transient,52.56,0,0
Resort Hotel,0,43,2017,January,4,27,1,2,2,0.0,0,BB,GBR,Online TA,TA/TO,0,0,0,A,D,0,No Deposit,240.0,0,Transient-Party,52.67,2,1
Resort Hotel,0,0,2017,January,5,29,1,0,2,0.0,0,BB,ITA,Direct,Direct,0,0,0,A,A,0,No Deposit,,0,Transient-Party,45.0,0,0
Resort Hotel,0,0,2017,January,4,27,1,2,2,0.0,0,BB,PRT,Direct,Direct,0,0,0,G,G,1,No Deposit,250.0,0,Transient-Party,93.0,0,0
Resort Hotel,0,0,2017,January,5,30,1,0,2,0.0,0,BB,PRT,Direct,Direct,1,0,0,A,A,0,No Deposit,,0,Transient,57.0,0,0
Resort Hotel,0,43,2017,January,4,27,1,2,2,0.0,0,BB,ITA,Online TA,TA/TO,0,0,0,A,D,0,No Deposit,240.0,0,Transient-Party,48.0,0,1
Resort Hotel,0,43,2017,January,4,27,1,2,2,0.0,0,BB,GBR,Online TA,TA/TO,0,0,0,A,D,0,No Deposit,240.0,0,Transient-Party,48.0,0,1
Resort Hotel,0,3,2017,January,4,27,1,2,2,0.0,0,BB,ITA,Online TA,TA/TO,0,0,0,A,A,0,No Deposit,241.0,0,Transient,35.11,0,1
Resort Hotel,0,3,2017,January,4,27,1,2,2,0.0,0,BB,ITA,Online TA,TA/TO,0,0,0,A,A,0,No Deposit,241.0,0,Transient,35.11,0,1
Resort Hotel,0,3,2017,January,4,27,1,2,2,0.0,0,BB,ITA,Online TA,TA/TO,0,0,0,A,A,0,No Deposit,241.0,0,Transient,35.11,0,1
Resort Hotel,0,0,2017,January,5,29,1,0,2,0.0,0,BB,ITA,Direct,Direct,0,0,0,A,A,0,No Deposit,,0,Transient-Party,45.0,0,0
Resort Hotel,0,0,2017,January,5,30,1,0,2,0.0,0,BB,PRT,Direct,TA/TO,1,0,0,A,A,0,No Deposit,,0,Transient,45.0,0,1
Resort Hotel,0,0,2017,January,5,29,1,0,2,0.0,0,BB,GBR,Direct,TA/TO,0,0,0,A,A,0,No Deposit,,0,Transient-Party,45.0,0,2
Resort Hotel,0,8,2017,January,4,26,1,3,2,0.0,0,BB,ITA,Online TA,TA/TO,0,0,0,D,D,0,No Deposit,240.0,0,Transient-Party,58.0,0,0
Resort Hotel,0,112,2017,January,4,28,2,1,2,0.0,0,BB,BEL,Online TA,TA/TO,0,0,0,A,A,0,No Deposit,240.0,0,Transient,37.8,0,2
Resort Hotel,0,58,2017,January,4,28,2,1,2,0.0,0,BB,BEL,Online TA,TA/TO,0,0,0,D,D,0,No Deposit,240.0,0,Transient,72.0,0,0
Resort Hotel,0,126,2017,January,4,24,2,5,2,0.0,0,BB,BEL,Offline TA/TO,TA/TO,0,0,0,A,D,0,No Deposit,6.0,0,Transient,29.0,0,1
Resort Hotel,0,1,2017,January,5,30,1,0,2,0.0,0,BB,NLD,Online TA,TA/TO,0,0,0,A,A,0,No Deposit,240.0,0,Transient,55.0,1,1
Resort Hotel,0,309,2017,January,3,21,4,6,2,0.0,0,BB,GBR,Offline TA/TO,TA/TO,0,0,0,A,A,0,No Deposit,8.0,0,Transient,27.0,0,0
Resort Hotel,0,12,2017,January,4,28,2,1,2,0.0,0,BB,CHL,Online TA,TA/TO,0,0,0,E,E,0,No Deposit,240.0,0,Transient,68.0,0,2
Resort Hotel,0,97,2017,January,3,16,5,10,2,0.0,0,BB,DEU,Online TA,TA/TO,0,0,0,E,E,0,No Deposit,240.0,0,Transient,55.8,0,1
Resort Hotel,0,4,2017,January,5,29,2,0,2,0.0,0,BB,ESP,Offline TA/TO,TA/TO,0,0,0,A,A,0,No Deposit,6.0,0,Transient,34.0,0,0
Resort Hotel,0,2,2017,January,5,30,1,1,2,0.0,0,BB,DEU,Online TA,TA/TO,0,0,0,A,A,0,No Deposit,240.0,0,Transient,55.0,1,1
Resort Hotel,0,6,2017,January,5,30,1,1,2,0.0,0,BB,GBR,Online TA,TA/TO,0,0,0,A,A,0,No Deposit,241.0,0,Transient,35.11,0,1
Resort Hotel,0,4,2017,January,5,31,0,1,2,0.0,0,BB,ESP,Offline TA/TO,TA/TO,0,0,0,D,D,0,No Deposit,6.0,0,Transient,42.0,0,0
Resort Hotel,0,0,2017,January,5,31,0,1,2,0.0,0,BB,ESP,Online TA,TA/TO,0,0,0,A,A,0,No Deposit,240.0,0,Transient,55.0,0,1
Resort Hotel,0,30,2017,January,4,27,2,3,2,0.0,0,SC,PRT,Groups,Corporate,0,0,0,A,I,4,No Deposit,,14,Transient-Party,0.0,0,1
Resort Hotel,0,5,2017,January,5,30,1,1,2,0.0,0,BB,BEL,Online TA,TA/TO,0,0,0,A,D,0,No Deposit,240.0,0,Transient,48.0,0,1
Resort Hotel,0,48,2017,January,4,28,2,2,2,0.0,0,BB,FRA,Online TA,TA/TO,0,0,0,A,A,0,No Deposit,242.0,0,Transient,37.8,1,2
Resort Hotel,0,0,2017,January,5,30,1,1,2,0.0,0,BB,ITA,Direct,Direct,0,0,0,A,A,0,No Deposit,,0,Transient,58.0,1,0
Resort Hotel,0,69,2017,January,4,28,2,2,2,0.0,0,BB,FRA,Online TA,TA/TO,0,0,0,D,D,0,No Deposit,240.0,0,Transient,52.0,0,1
Resort Hotel,0,202,2017,January,4,28,2,2,2,0.0,0,BB,IRL,Online TA,TA/TO,0,0,0,E,E,0,No Deposit,240.0,0,Transient,55.8,0,1
Resort Hotel,0,27,2017,January,5,30,1,1,2,0.0,0,BB,BRA,Online TA,TA/TO,0,0,0,E,E,0,No Deposit,240.0,0,Transient,68.0,0,1
Resort Hotel,0,80,2017,January,5,30,1,1,2,0.0,0,BB,USA,Online TA,TA/TO,0,0,0,D,E,2,No Deposit,240.0,0,Transient,69.0,1,0
Resort Hotel,0,128,2017,January,4,28,2,2,2,0.0,0,BB,FRA,Offline TA/TO,TA/TO,0,0,0,A,D,0,No Deposit,6.0,0,Transient,29.0,0,0
Resort Hotel,0,45,2017,January,5,31,0,1,2,0.0,0,BB,DEU,Online TA,TA/TO,0,0,0,A,D,0,No Deposit,240.0,0,Transient,48.0,0,2
Resort Hotel,0,24,2017,January,4,28,2,2,2,0.0,0,BB,GBR,Offline TA/TO,TA/TO,0,0,0,D,D,0,No Deposit,171.0,0,Transient,42.0,0,0
Resort Hotel,0,36,2017,January,5,29,2,1,2,0.0,0,BB,GBR,Offline TA/TO,TA/TO,0,0,0,A,A,1,No Deposit,171.0,0,Transient,35.33,0,0
Resort Hotel,0,43,2017,January,4,27,2,3,2,0.0,0,SC,GBR,Online TA,TA/TO,0,0,0,A,I,2,No Deposit,240.0,0,Transient-Party,0.0,0,1
Resort Hotel,0,27,2017,January,5,30,1,1,2,0.0,0,BB,PRT,Online TA,TA/TO,0,0,0,E,E,0,No Deposit,240.0,0,Transient,68.0,0,1
Resort Hotel,0,0,2017,February,5,1,0,0,2,0.0,0,BB,PRT,Online TA,TA/TO,1,0,0,A,D,0,No Deposit,240.0,0,Transient,0.0,0,1
Resort Hotel,0,45,2017,January,5,30,1,2,2,0.0,0,HB,GBR,Offline TA/TO,TA/TO,0,0,0,A,A,0,No Deposit,40.0,0,Contract,58.8,0,0
Resort Hotel,0,0,2017,February,5,1,0,1,2,0.0,0,BB,PRT,Direct,Direct,0,0,0,A,D,0,No Deposit,,0,Transient,48.0,0,1
Resort Hotel,0,1,2017,February,5,1,0,1,2,0.0,0,BB,PRT,Direct,Direct,0,0,0,E,E,2,No Deposit,,0,Transient,72.0,1,0
Resort Hotel,0,0,2017,January,4,23,3,7,2,0.0,0,BB,GBR,Offline TA/TO,TA/TO,0,0,0,E,E,0,No Deposit,177.0,0,Transient,52.0,0,0
Resort Hotel,0,1,2017,January,5,31,0,2,2,0.0,0,BB,PRT,Online TA,TA/TO,0,0,0,A,D,0,No Deposit,240.0,0,Transient,48.0,0,1
Resort Hotel,0,8,2017,February,5,1,0,1,2,0.0,0,BB,ESP,Online TA,TA/TO,0,0,0,A,D,0,No Deposit,240.0,0,Transient-Party,48.0,1,1
Resort Hotel,0,8,2017,February,5,1,0,1,2,0.0,0,BB,ESP,Online TA,TA/TO,0,0,0,A,D,0,No Deposit,240.0,0,Transient-Party,48.0,0,1
Resort Hotel,0,3,2017,February,5,2,0,1,2,0.0,0,BB,GBR,Online TA,TA/TO,0,0,0,D,D,1,No Deposit,240.0,0,Transient,56.0,0,2
Resort Hotel,0,0,2017,February,5,2,0,1,2,0.0,0,BB,PRT,Direct,Direct,0,0,0,A,A,0,No Deposit,250.0,0,Transient,48.0,0,1
Resort Hotel,0,0,2017,February,7,17,0,1,2,0.0,0,BB,PRT,Direct,Direct,1,0,0,A,D,0,No Deposit,250.0,0,Transient,54.0,0,1
Resort Hotel,0,1,2017,February,9,28,0,2,2,0.0,0,BB,PRT,Direct,Direct,1,0,1,A,A,0,No Deposit,250.0,0,Group,45.5,0,1
Resort Hotel,0,0,2017,February,5,2,0,1,2,0.0,0,BB,PRT,Direct,Direct,0,0,0,A,A,0,No Deposit,,0,Transient,48.0,0,1
Resort Hotel,0,0,2017,February,5,1,0,2,2,0.0,0,BB,PRT,Online TA,TA/TO,0,0,0,A,A,0,No Deposit,242.0,0,Transient,48.0,0,1
Resort Hotel,0,0,2017,February,6,9,0,1,2,0.0,0,BB,PRT,Online TA,TA/TO,1,0,1,A,A,0,No Deposit,241.0,0,Group,36.96,0,1
Resort Hotel,0,0,2017,February,5,2,0,1,2,0.0,0,BB,PRT,Corporate,Corporate,0,0,0,A,A,1,No Deposit,,0,Transient,40.0,0,1
Resort Hotel,0,11,2017,January,5,30,1,3,2,0.0,0,BB,IRL,Online TA,TA/TO,0,0,0,A,A,0,No Deposit,241.0,0,Transient,35.11,0,1
Resort Hotel,0,157,2017,January,4,26,2,6,2,0.0,0,BB,GBR,Online TA,TA/TO,0,0,0,E,E,0,No Deposit,240.0,0,Transient,55.8,0,1
Resort Hotel,0,2,2017,February,5,1,0,2,2,0.0,0,BB,PRT,Corporate,Corporate,0,0,0,A,A,1,No Deposit,,0,Transient,40.0,0,1
Resort Hotel,0,11,2017,February,5,1,0,2,2,0.0,0,BB,ESP,Offline TA/TO,TA/TO,0,0,0,A,D,0,No Deposit,6.0,0,Transient,34.0,0,0
Resort Hotel,0,177,2017,January,5,31,0,4,2,0.0,0,BB,BEL,Online TA,TA/TO,0,0,0,E,E,0,No Deposit,240.0,0,Transient,55.8,0,1
Resort Hotel,0,39,2017,January,5,31,0,4,2,0.0,0,BB,IRL,Offline TA/TO,TA/TO,0,0,0,A,A,0,No Deposit,177.0,0,Transient,34.0,0,0
Resort Hotel,0,4,2017,February,5,1,0,3,2,0.0,0,BB,FRA,Online TA,TA/TO,0,0,0,A,D,0,No Deposit,240.0,0,Transient,55.0,1,1
Resort Hotel,0,177,2017,January,5,31,0,4,2,0.0,0,BB,BEL,Online TA,TA/TO,0,0,0,E,E,0,No Deposit,240.0,0,Transient,55.8,0,1
Resort Hotel,0,4,2017,January,4,28,2,5,2,0.0,0,HB,FRA,Online TA,TA/TO,0,0,0,A,A,1,No Deposit,240.0,0,Transient,87.0,1,1
Resort Hotel,0,10,2017,February,5,3,0,1,2,0.0,0,BB,DEU,Direct,Direct,0,0,0,A,D,0,No Deposit,,0,Transient,40.5,0,1
Resort Hotel,0,31,2017,February,5,3,0,1,2,0.0,0,BB,CHN,Online TA,TA/TO,0,0,0,A,D,0,No Deposit,240.0,0,Transient-Party,55.0,1,1
Resort Hotel,0,1,2017,February,5,3,0,1,2,0.0,0,BB,PRT,Offline TA/TO,TA/TO,0,0,0,A,A,0,No Deposit,330.0,0,Transient-Party,34.0,0,1
Resort Hotel,0,1,2017,February,5,3,0,1,2,0.0,0,BB,PRT,Direct,Direct,0,0,0,A,D,0,No Deposit,250.0,0,Transient,43.2,0,1
Resort Hotel,0,2,2017,February,6,10,4,10,2,0.0,0,SC,PRT,Direct,Direct,1,0,1,A,I,6,No Deposit,,0,Transient,0.0,0,1
Resort Hotel,0,15,2017,February,5,3,0,1,2,0.0,0,BB,PRT,Direct,Direct,0,0,0,F,G,0,No Deposit,,0,Transient,70.0,0,2
Resort Hotel,0,1,2017,March,11,18,2,1,2,0.0,0,BB,PRT,Corporate,Corporate,1,0,1,A,D,3,No Deposit,,0,Transient,45.0,0,1
Resort Hotel,0,0,2017,January,5,31,0,4,2,0.0,0,BB,NLD,Direct,Direct,0,0,0,A,A,0,No Deposit,,0,Transient,45.0,0,0
Resort Hotel,0,67,2017,February,5,3,0,1,2,0.0,0,BB,CHN,Online TA,TA/TO,0,0,0,D,D,0,No Deposit,240.0,0,Transient-Party,52.0,0,3
Resort Hotel,0,67,2017,February,5,3,0,1,2,0.0,0,BB,CHN,Online TA,TA/TO,0,0,0,D,D,0,No Deposit,240.0,0,Transient-Party,52.0,0,3
Resort Hotel,0,1,2017,February,5,3,0,1,2,0.0,0,BB,USA,Online TA,TA/TO,0,0,0,F,F,0,No Deposit,241.0,0,Transient,56.21,0,1
Resort Hotel,0,0,2017,February,5,3,0,1,2,0.0,0,BB,PRT,Direct,Direct,0,0,0,A,A,0,No Deposit,,0,Transient,48.0,0,0
Resort Hotel,0,131,2017,January,2,8,8,20,2,0.0,0,BB,GBR,Online TA,TA/TO,0,0,0,A,G,0,No Deposit,314.0,0,Transient,54.35,0,0
Resort Hotel,0,81,2017,February,5,2,0,3,2,0.0,0,BB,GBR,Online TA,TA/TO,0,0,0,A,D,4,No Deposit,240.0,0,Transient-Party,42.0,0,1
Resort Hotel,0,81,2017,February,5,2,0,3,2,0.0,0,BB,GBR,Online TA,TA/TO,0,0,0,A,D,0,No Deposit,240.0,0,Transient-Party,42.0,0,1
Resort Hotel,0,13,2017,February,5,2,0,3,2,0.0,0,BB,GBR,Online TA,TA/TO,0,0,0,A,D,0,No Deposit,240.0,0,Transient,48.0,0,0
Resort Hotel,0,3,2017,February,5,2,0,3,2,0.0,0,BB,SVN,Online TA,TA/TO,0,0,0,D,D,0,No Deposit,240.0,0,Transient,56.0,0,0
Resort Hotel,0,3,2017,February,5,4,0,1,2,0.0,0,BB,PRT,Online TA,TA/TO,0,0,0,A,D,0,No Deposit,240.0,0,Transient,48.0,0,2
Resort Hotel,0,132,2017,February,5,2,0,3,2,0.0,0,BB,FRA,Offline TA/TO,TA/TO,0,0,0,A,D,0,No Deposit,6.0,0,Transient,29.0,0,0
Resort Hotel,0,71,2017,January,5,29,2,5,2,0.0,0,BB,PRT,Online TA,TA/TO,0,0,0,A,D,0,No Deposit,241.0,0,Transient,47.72,1,1
Resort Hotel,0,12,2017,February,5,4,0,1,2,0.0,0,BB,PRT,Direct,Direct,0,0,0,A,D,0,No Deposit,250.0,0,Transient,45.0,0,0
Resort Hotel,0,2,2017,February,5,3,0,2,2,0.0,0,HB,ESP,Online TA,TA/TO,0,0,0,A,D,0,No Deposit,240.0,0,Transient-Party,87.0,1,1
Resort Hotel,0,2,2017,February,5,3,0,2,2,0.0,0,HB,ESP,Online TA,TA/TO,0,0,0,A,D,0,No Deposit,240.0,0,Transient-Party,80.0,0,1
Resort Hotel,0,27,2017,February,5,4,0,1,2,0.0,0,BB,ESP,Online TA,TA/TO,0,0,0,A,A,0,No Deposit,240.0,0,Transient-Party,48.0,0,1
Resort Hotel,0,27,2017,February,5,4,0,1,2,0.0,0,BB,ESP,Online TA,TA/TO,0,0,0,A,A,0,No Deposit,240.0,0,Transient-Party,48.0,0,1
Resort Hotel,0,3,2017,February,5,4,0,1,2,0.0,0,BB,PRT,Online TA,TA/TO,0,0,0,A,D,0,No Deposit,240.0,0,Transient,48.0,0,1
Resort Hotel,0,4,2017,February,5,4,0,1,2,0.0,0,BB,PRT,Online TA,TA/TO,0,0,0,A,A,0,No Deposit,240.0,0,Transient,48.0,0,1
Resort Hotel,0,2,2017,February,5,4,0,1,2,0.0,0,BB,FIN,Online TA,TA/TO,0,0,0,A,D,0,No Deposit,240.0,0,Transient,55.0,1,1
Resort Hotel,0,4,2017,February,5,4,0,1,2,0.0,0,BB,PRT,Direct,Direct,0,0,0,E,E,0,No Deposit,250.0,0,Transient,58.5,0,0
Resort Hotel,0,1,2017,February,5,2,0,3,2,0.0,0,BB,KOR,Online TA,TA/TO,0,0,0,D,D,0,No Deposit,241.0,0,Transient,43.12,0,1
Resort Hotel,0,1,2017,February,5,4,0,1,2,0.0,0,BB,PRT,Direct,Direct,0,0,0,A,A,0,No Deposit,,0,Transient,48.0,0,1
Resort Hotel,0,10,2017,February,5,3,0,2,2,0.0,0,BB,KOR,Online TA,TA/TO,0,0,0,H,H,1,No Deposit,240.0,0,Transient,93.0,0,0
Resort Hotel,0,54,2017,February,5,3,0,2,2,0.0,0,BB,DEU,Online TA,TA/TO,0,0,0,E,E,2,No Deposit,240.0,0,Transient,65.0,0,1
Resort Hotel,0,0,2017,February,5,4,0,1,2,0.0,0,BB,PRT,Online TA,TA/TO,0,0,0,A,D,0,No Deposit,240.0,0,Transient,48.0,0,1
Resort Hotel,0,10,2017,February,5,3,0,2,2,0.0,0,BB,ESP,Online TA,TA/TO,0,0,0,D,D,0,No Deposit,240.0,0,Transient,78.0,0,1
Resort Hotel,0,10,2017,February,5,3,0,2,2,0.0,0,BB,PRT,Direct,Direct,0,0,0,A,D,0,No Deposit,,0,Transient,47.5,1,1
Resort Hotel,0,158,2017,January,5,29,2,5,2,0.0,0,BB,GBR,Online TA,TA/TO,0,0,0,E,E,0,No Deposit,314.0,0,Transient,44.64,0,0
Resort Hotel,0,10,2017,February,5,4,0,1,2,0.0,0,BB,PRT,Online TA,TA/TO,0,0,0,A,D,0,No Deposit,240.0,0,Transient,48.0,0,2
Resort Hotel,0,17,2017,February,5,4,0,1,2,0.0,0,BB,SVK,Online TA,TA/TO,0,0,0,E,G,0,No Deposit,240.0,0,Transient,88.0,0,1
Resort Hotel,0,0,2017,February,5,4,0,1,2,0.0,0,BB,PRT,Online TA,TA/TO,0,0,0,D,D,0,No Deposit,240.0,0,Transient,56.0,0,0
Resort Hotel,0,11,2017,February,5,4,0,1,2,0.0,0,HB,GBR,Online TA,TA/TO,0,0,0,F,F,1,No Deposit,467.0,0,Transient,75.6,0,0
Resort Hotel,0,4,2017,February,5,4,0,1,2,0.0,0,BB,PRT,Direct,Direct,0,0,0,A,D,0,No Deposit,250.0,0,Transient,40.5,0,1
Resort Hotel,0,23,2017,February,5,3,1,2,2,0.0,0,BB,GBR,Offline TA/TO,TA/TO,0,0,0,D,D,0,No Deposit,95.0,0,Transient,42.0,0,0
Resort Hotel,0,8,2017,February,5,4,1,1,2,0.0,0,BB,GBR,Offline TA/TO,TA/TO,0,0,0,E,E,0,No Deposit,177.0,0,Transient,57.0,1,1
Resort Hotel,0,70,2017,January,5,30,2,5,2,0.0,0,HB,GBR,Offline TA/TO,TA/TO,0,0,0,E,E,0,No Deposit,40.0,0,Transient,83.76,0,1
Resort Hotel,0,0,2017,February,6,5,1,0,2,0.0,0,BB,NLD,Direct,Direct,0,0,0,H,G,0,No Deposit,250.0,0,Transient,100.0,1,0
Resort Hotel,0,3,2017,February,6,5,1,0,2,0.0,0,BB,PRT,Online TA,TA/TO,0,0,0,A,D,0,No Deposit,240.0,0,Transient,48.0,0,1
Resort Hotel,0,80,2017,February,5,4,1,1,2,0.0,0,BB,CHN,Online TA,TA/TO,0,0,0,F,F,0,No Deposit,242.0,0,Transient-Party,63.65,0,1
Resort Hotel,0,80,2017,February,5,4,1,1,2,0.0,0,BB,CHN,Online TA,TA/TO,0,0,0,F,F,0,No Deposit,242.0,0,Transient-Party,63.65,0,1
Resort Hotel,0,80,2017,February,5,4,1,1,2,0.0,0,BB,CHN,Online TA,TA/TO,0,0,0,F,F,0,No Deposit,242.0,0,Transient-Party,63.65,0,1
Resort Hotel,0,80,2017,February,5,4,1,1,2,0.0,0,BB,CHN,Online TA,TA/TO,0,0,0,F,F,0,No Deposit,242.0,0,Transient-Party,63.65,0,1
Resort Hotel,0,80,2017,February,5,4,1,1,2,0.0,0,BB,CHN,Online TA,TA/TO,0,0,0,F,F,0,No Deposit,242.0,0,Transient-Party,63.65,0,1
Resort Hotel,0,29,2017,February,5,4,1,1,2,0.0,0,HB,CHN,Online TA,TA/TO,0,0,0,A,A,0,No Deposit,242.0,0,Transient-Party,74.1,0,2
Resort Hotel,0,80,2017,February,5,4,1,1,2,0.0,0,BB,CHN,Online TA,TA/TO,0,0,0,F,F,0,No Deposit,242.0,0,Transient-Party,63.65,0,1
Resort Hotel,0,80,2017,February,5,4,1,1,2,0.0,0,BB,CHN,Online TA,TA/TO,0,0,0,F,F,0,No Deposit,242.0,0,Transient-Party,63.65,0,1
Resort Hotel,0,80,2017,February,5,4,1,1,2,0.0,0,BB,CHN,Online TA,TA/TO,0,0,0,F,F,0,No Deposit,242.0,0,Transient-Party,63.65,0,1
Resort Hotel,0,54,2017,January,5,30,2,5,2,0.0,0,HB,GBR,Online TA,TA/TO,0,0,0,A,A,0,No Deposit,175.0,0,Transient,57.6,0,0
Resort Hotel,0,0,2017,February,5,2,1,3,2,0.0,0,BB,AGO,Direct,Direct,0,0,0,A,A,1,No Deposit,,0,Transient,44.95,1,0
Resort Hotel,0,36,2017,February,5,3,1,2,2,0.0,0,BB,POL,Online TA,TA/TO,0,0,0,A,D,1,No Deposit,240.0,0,Transient,48.0,0,1
Resort Hotel,0,20,2017,January,5,30,2,5,2,0.0,0,BB,GBR,Offline TA/TO,TA/TO,0,0,0,A,A,0,No Deposit,171.0,0,Transient,34.0,0,0
Resort Hotel,0,6,2017,February,5,1,1,4,2,0.0,0,HB,FRA,Offline TA/TO,TA/TO,0,0,0,D,D,0,No Deposit,6.0,0,Transient,68.0,0,0
Resort Hotel,0,67,2017,February,5,3,1,2,2,0.0,0,BB,CN,Direct,Direct,0,0,0,A,D,0,No Deposit,250.0,0,Transient,33.26,0,0
Resort Hotel,0,9,2017,February,5,2,1,3,2,0.0,0,BB,GBR,Online TA,TA/TO,0,0,0,A,A,0,No Deposit,467.0,0,Transient,34.56,0,0
Resort Hotel,0,3,2017,February,5,4,1,1,2,0.0,0,BB,PRT,Online TA,TA/TO,0,0,0,E,E,0,No Deposit,240.0,0,Transient,75.0,1,1
Resort Hotel,0,4,2017,January,5,29,3,5,2,0.0,0,BB,PRT,Online TA,TA/TO,0,0,0,D,D,0,No Deposit,240.0,0,Transient,78.0,0,2
Resort Hotel,0,145,2017,February,5,4,2,1,2,0.0,0,BB,IRL,Online TA,TA/TO,0,0,0,D,D,0,No Deposit,242.0,0,Transient,46.8,0,2
Resort Hotel,0,0,2017,February,6,6,1,0,2,0.0,0,BB,CHE,Direct,Direct,0,0,0,A,A,0,No Deposit,,0,Transient,67.0,1,0
Resort Hotel,0,159,2017,February,5,4,2,1,2,0.0,0,BB,GBR,Online TA,TA/TO,0,0,0,A,A,0,No Deposit,240.0,0,Transient,39.13,0,1
Resort Hotel,0,159,2017,February,5,4,2,1,2,0.0,0,BB,IRL,Online TA,TA/TO,0,0,0,A,A,0,No Deposit,240.0,0,Transient,37.8,0,3
Resort Hotel,0,159,2017,February,5,4,2,1,2,0.0,0,BB,GBR,Online TA,TA/TO,0,0,0,D,D,0,No Deposit,240.0,0,Transient,46.8,0,0
Resort Hotel,0,0,2017,February,6,6,1,0,2,0.0,0,BB,PRT,Online TA,TA/TO,0,0,0,D,D,0,No Deposit,240.0,0,Transient,68.0,0,1
Resort Hotel,0,3,2017,February,6,5,2,0,2,0.0,0,BB,DEU,Offline TA/TO,TA/TO,0,0,0,A,A,0,No Deposit,171.0,0,Transient,34.0,0,0
Resort Hotel,1,20,2017,February,6,7,0,1,2,0.0,0,BB,PRT,Direct,Direct,0,0,0,A,A,0,No Deposit,250.0,0,Transient,45.0,0,1
Resort Hotel,0,52,2017,February,5,4,2,1,2,0.0,0,BB,FRA,Online TA,TA/TO,0,0,0,A,D,0,No Deposit,240.0,0,Transient,48.0,0,1
Resort Hotel,0,0,2017,February,6,5,2,0,2,0.0,0,BB,PRT,Online TA,TA/TO,0,0,0,A,A,0,No Deposit,240.0,0,Transient,54.0,0,1
Resort Hotel,0,1,2017,February,6,6,1,0,2,0.0,0,BB,PRT,Direct,Direct,0,0,0,E,E,0,No Deposit,,0,Transient-Party,87.0,1,1
Resort Hotel,0,1,2017,February,6,6,1,0,2,0.0,0,BB,PRT,Direct,Direct,0,0,0,E,E,0,No Deposit,,0,Transient,87.0,1,0
Resort Hotel,0,1,2017,February,7,12,1,0,2,0.0,0,BB,PRT,Direct,Direct,1,0,1,E,E,1,No Deposit,,0,Transient,75.0,1,2
Resort Hotel,0,1,2017,February,6,6,1,0,2,0.0,0,BB,PRT,Direct,Direct,0,0,0,E,E,0,No Deposit,,0,Transient-Party,80.0,0,1
Resort Hotel,0,10,2017,February,5,3,2,2,2,0.0,0,BB,GBR,Online TA,TA/TO,0,0,0,A,A,0,No Deposit,241.0,0,Transient,36.61,0,1
Resort Hotel,0,27,2017,January,5,31,2,5,2,0.0,0,HB,GBR,Online TA,TA/TO,0,0,0,A,A,1,No Deposit,314.0,0,Transient,66.4,0,0
Resort Hotel,0,19,2017,February,6,6,1,0,2,0.0,0,HB,PRT,Direct,Direct,0,0,0,F,F,1,No Deposit,250.0,0,Transient,102.0,0,0
Resort Hotel,0,1,2017,February,6,6,1,0,2,0.0,0,BB,PRT,Direct,Direct,0,0,0,F,F,0,No Deposit,250.0,0,Transient-Party,92.0,1,0
Resort Hotel,0,1,2017,February,6,6,1,0,2,0.0,0,BB,PRT,Direct,Direct,0,0,0,F,F,0,No Deposit,250.0,0,Transient-Party,85.0,0,0
Resort Hotel,0,0,2017,February,6,7,0,0,2,0.0,0,BB,PRT,Offline TA/TO,TA/TO,1,0,0,D,D,0,No Deposit,26.0,0,Transient,0.0,0,0
Resort Hotel,0,0,2017,February,6,7,0,1,2,0.0,0,BB,PRT,Offline TA/TO,TA/TO,0,0,0,A,D,0,No Deposit,3.0,0,Transient-Party,34.0,0,0
Resort Hotel,0,0,2017,February,6,6,1,1,2,0.0,0,BB,PRT,Direct,Direct,0,0,0,A,A,2,No Deposit,,0,Transient,47.0,1,0
Resort Hotel,0,10,2017,February,6,6,1,1,2,0.0,0,Undefined,PRT,Groups,Corporate,0,0,0,A,E,0,No Deposit,,0,Transient-Party,90.0,0,0
Resort Hotel,0,10,2017,February,6,6,1,1,2,0.0,0,Undefined,PRT,Groups,Corporate,0,0,0,A,E,0,No Deposit,,0,Transient-Party,90.0,0,0
Resort Hotel,0,10,2017,February,6,6,1,1,2,0.0,0,Undefined,PRT,Groups,Corporate,0,0,0,A,A,1,No Deposit,,0,Transient-Party,90.0,0,0
Resort Hotel,0,10,2017,February,6,6,1,1,2,0.0,0,Undefined,PRT,Groups,Corporate,0,0,0,A,A,1,No Deposit,,0,Transient-Party,90.0,0,0
Resort Hotel,0,10,2017,February,6,6,1,1,2,0.0,0,Undefined,PRT,Groups,Corporate,0,0,0,A,A,0,No Deposit,,0,Transient-Party,90.0,0,0
Resort Hotel,0,10,2017,February,6,6,1,1,2,0.0,0,Undefined,PRT,Groups,Corporate,0,0,0,A,A,0,No Deposit,,0,Transient-Party,90.0,0,0
Resort Hotel,0,10,2017,February,6,6,1,1,2,0.0,0,Undefined,PRT,Groups,Corporate,0,0,0,A,A,0,No Deposit,,0,Transient-Party,90.0,0,0
Resort Hotel,0,10,2017,February,6,6,1,1,2,0.0,0,Undefined,PRT,Groups,Corporate,0,0,0,A,A,0,No Deposit,,0,Transient-Party,90.0,0,0
Resort Hotel,0,10,2017,February,6,6,1,1,2,0.0,0,Undefined,PRT,Groups,Corporate,0,0,0,A,A,0,No Deposit,,0,Transient-Party,90.0,0,0
Resort Hotel,0,10,2017,February,6,6,1,1,2,0.0,0,Undefined,PRT,Groups,Corporate,0,0,0,A,A,0,No Deposit,,0,Transient-Party,90.0,0,0
Resort Hotel,0,0,2017,February,6,7,0,1,2,0.0,0,BB,PRT,Direct,Direct,0,0,0,A,A,0,No Deposit,,0,Transient,60.0,1,0
Resort Hotel,0,4,2017,February,5,4,2,2,2,0.0,0,BB,IRL,Offline TA/TO,TA/TO,0,0,0,A,E,0,No Deposit,171.0,0,Transient,54.0,0,0
Resort Hotel,0,14,2017,February,5,1,2,5,2,0.0,0,BB,GBR,Offline TA/TO,TA/TO,0,0,0,A,A,1,No Deposit,436.0,0,Transient,34.0,0,0
Resort Hotel,0,2,2017,February,6,7,0,1,2,0.0,0,BB,ESP,Online TA,TA/TO,0,0,0,A,A,0,No Deposit,240.0,0,Transient,60.0,0,1
Resort Hotel,0,0,2017,February,6,7,0,1,2,0.0,0,BB,PRT,Direct,Direct,0,0,0,E,E,0,No Deposit,,0,Transient,80.0,1,0
Resort Hotel,0,140,2017,February,6,6,1,1,2,0.0,0,BB,GBR,Online TA,TA/TO,0,0,0,E,E,0,No Deposit,240.0,0,Transient,57.8,0,2
Resort Hotel,0,21,2017,February,5,4,2,2,2,0.0,0,BB,SWE,Online TA,TA/TO,0,0,0,A,A,0,No Deposit,240.0,0,Transient,48.0,0,1
Resort Hotel,0,36,2017,February,5,4,2,2,2,0.0,0,BB,FRA,Direct,Direct,0,0,0,A,A,0,No Deposit,250.0,0,Transient-Party,39.6,0,3
Resort Hotel,0,36,2017,February,5,4,2,2,2,0.0,0,BB,FRA,Direct,Direct,0,0,0,A,A,0,No Deposit,250.0,0,Transient-Party,39.6,0,3
Resort Hotel,0,23,2017,February,6,8,0,0,2,0.0,0,BB,CHE,Online TA,TA/TO,0,0,0,A,A,0,No Deposit,240.0,0,Transient,0.0,0,1
Resort Hotel,0,10,2017,February,6,6,1,1,2,0.0,0,Undefined,PRT,Groups,Corporate,0,0,0,A,A,0,No Deposit,,0,Transient-Party,90.0,0,0
Resort Hotel,0,10,2017,February,6,6,1,1,2,0.0,0,Undefined,PRT,Groups,Corporate,0,0,0,A,A,1,No Deposit,,0,Transient-Party,90.0,0,0
Resort Hotel,0,10,2017,February,6,6,1,1,2,0.0,0,Undefined,PRT,Groups,Corporate,0,0,0,A,E,0,No Deposit,,0,Transient-Party,90.0,0,0
Resort Hotel,0,10,2017,February,6,6,1,1,2,0.0,0,Undefined,PRT,Groups,Corporate,0,0,0,A,A,0,No Deposit,,0,Transient-Party,90.0,0,0
Resort Hotel,0,10,2017,February,6,6,1,1,2,0.0,0,Undefined,PRT,Groups,Corporate,0,0,0,A,A,0,No Deposit,,0,Transient-Party,90.0,0,0
Resort Hotel,0,2,2017,February,6,5,2,1,2,0.0,0,BB,GBR,Offline TA/TO,TA/TO,0,0,0,A,A,0,No Deposit,171.0,0,Transient,35.33,0,0
Resort Hotel,0,10,2017,February,6,6,1,1,2,0.0,0,Undefined,PRT,Groups,Corporate,0,0,0,A,E,0,No Deposit,,0,Transient-Party,90.0,0,0
Resort Hotel,0,31,2017,February,6,5,2,2,2,0.0,0,HB,JPN,Direct,Direct,0,0,0,D,D,1,No Deposit,250.0,0,Transient,78.6,0,0
Resort Hotel,0,0,2017,February,6,8,0,1,2,0.0,0,BB,PRT,Online TA,TA/TO,0,0,0,A,A,0,No Deposit,468.0,0,Transient,38.4,0,1
Resort Hotel,0,0,2017,February,6,8,0,1,2,0.0,0,BB,PRT,Direct,Direct,0,0,0,D,D,0,No Deposit,,0,Transient,56.0,0,0
Resort Hotel,0,160,2017,February,6,8,0,1,2,0.0,0,BB,NLD,Online TA,TA/TO,0,0,0,A,D,0,No Deposit,240.0,0,Transient,37.8,0,1
Resort Hotel,0,0,2017,February,6,8,0,1,2,0.0,0,BB,SWE,Direct,Direct,0,0,0,E,E,0,No Deposit,,0,Transient,68.0,0,1
Resort Hotel,0,0,2017,February,6,8,0,1,2,0.0,0,BB,ESP,Direct,Direct,0,0,0,A,A,0,No Deposit,250.0,0,Transient,48.0,0,0
Resort Hotel,0,1,2017,February,6,8,0,1,2,0.0,0,BB,PRT,Online TA,TA/TO,0,0,0,A,D,0,No Deposit,240.0,0,Transient,48.0,0,1
Resort Hotel,0,0,2017,February,6,8,0,1,2,0.0,0,BB,PRT,Direct,Direct,0,0,0,A,A,0,No Deposit,250.0,0,Transient,48.0,0,0
Resort Hotel,0,32,2017,February,5,4,2,3,2,0.0,0,BB,BEL,Online TA,TA/TO,0,0,0,A,A,0,No Deposit,240.0,0,Transient,48.0,0,1
Resort Hotel,0,6,2017,February,6,6,1,2,2,0.0,0,BB,GBR,Online TA,TA/TO,0,0,0,A,A,0,No Deposit,467.0,0,Transient,41.65,0,0
Resort Hotel,0,1,2017,February,6,7,0,2,2,0.0,0,BB,ESP,Direct,Direct,0,0,0,F,F,0,No Deposit,,0,Transient,86.0,1,1
Resort Hotel,0,0,2017,February,6,8,0,1,2,0.0,0,BB,PRT,Direct,Direct,0,0,0,A,D,1,No Deposit,,0,Transient,48.0,0,0
Resort Hotel,0,111,2017,January,4,26,4,10,2,0.0,0,BB,PRT,Offline TA/TO,TA/TO,0,0,0,A,A,0,No Deposit,6.0,0,Transient,30.6,0,0
Resort Hotel,0,21,2017,February,6,8,0,1,2,0.0,0,BB,PRT,Offline TA/TO,TA/TO,0,0,0,A,A,0,No Deposit,6.0,0,Transient,34.0,0,0
Resort Hotel,0,1,2017,February,6,9,0,1,2,0.0,0,BB,DNK,Direct,Direct,0,0,0,E,E,0,No Deposit,250.0,0,Transient,75.0,1,0
Resort Hotel,0,10,2017,February,6,9,0,1,2,0.0,0,BB,FRA,Direct,Direct,0,0,0,A,D,0,No Deposit,,0,Transient,45.0,0,1
Resort Hotel,0,1,2017,February,6,9,0,1,2,0.0,0,BB,PRT,Online TA,TA/TO,0,0,0,A,D,0,No Deposit,240.0,0,Transient,48.0,0,1
Resort Hotel,0,0,2017,February,6,10,0,1,2,0.0,0,BB,PRT,Direct,TA/TO,1,0,0,A,D,0,No Deposit,,0,Transient,48.0,0,1
Resort Hotel,0,0,2017,February,6,9,0,1,2,0.0,0,BB,FRA,Online TA,TA/TO,0,0,0,A,A,0,No Deposit,240.0,0,Transient,48.0,0,1
Resort Hotel,0,1,2017,February,6,10,0,1,2,0.0,0,BB,FRA,Online TA,TA/TO,0,0,0,A,A,0,No Deposit,240.0,0,Transient,48.0,0,1
Resort Hotel,0,2,2017,February,6,9,0,1,2,0.0,0,BB,PRT,Direct,Direct,0,0,0,A,D,2,No Deposit,,0,Transient,48.0,0,1
Resort Hotel,0,0,2017,February,6,9,0,1,2,0.0,0,BB,PRT,Direct,Direct,0,0,0,A,A,0,No Deposit,,0,Transient,48.0,0,0
Resort Hotel,0,0,2017,February,6,10,0,1,2,0.0,0,BB,PRT,Direct,Direct,1,0,0,A,A,0,No Deposit,,0,Transient-Party,48.0,0,1
Resort Hotel,0,6,2017,February,6,9,0,1,2,0.0,0,BB,PRT,Online TA,TA/TO,0,0,0,E,E,0,No Deposit,240.0,0,Transient,68.0,0,2
Resort Hotel,0,20,2017,February,6,7,0,3,2,0.0,0,HB,IRL,Online TA,TA/TO,0,0,0,A,D,1,No Deposit,242.0,0,Transient,80.0,0,1
Resort Hotel,0,2,2017,February,6,6,1,3,2,0.0,0,BB,GBR,Online TA,TA/TO,0,0,0,A,A,0,No Deposit,241.0,0,Transient,39.5,0,1
Resort Hotel,0,2,2017,February,6,6,1,3,2,0.0,0,BB,GBR,Online TA,TA/TO,0,0,0,A,A,0,No Deposit,241.0,0,Transient,39.5,0,1
Resort Hotel,0,3,2017,February,6,9,0,1,2,0.0,0,BB,PRT,Direct,Direct,0,0,0,A,D,0,No Deposit,,0,Transient,43.2,0,0
Resort Hotel,0,140,2017,January,1,6,10,25,2,0.0,0,BB,DEU,Offline TA/TO,TA/TO,0,0,0,E,E,0,No Deposit,177.0,0,Transient,45.0,0,1
Resort Hotel,0,14,2017,February,6,9,0,1,2,0.0,0,BB,GBR,Online TA,TA/TO,0,0,0,A,A,0,No Deposit,467.0,0,Transient,38.4,0,0
Resort Hotel,0,20,2017,February,6,10,0,2,2,0.0,0,BB,GBR,Online TA,TA/TO,0,0,0,A,A,0,No Deposit,467.0,0,Transient,34.56,0,0
Resort Hotel,0,87,2017,February,6,7,0,4,2,0.0,0,BB,BEL,Online TA,TA/TO,0,0,0,A,D,1,No Deposit,240.0,0,Transient,42.0,0,1
Resort Hotel,0,16,2017,February,6,7,0,4,2,0.0,0,BB,BEL,Online TA,TA/TO,0,0,0,E,E,0,No Deposit,240.0,0,Transient,68.0,0,1
Resort Hotel,0,216,2017,February,5,3,2,6,2,0.0,0,BB,BEL,Online TA,TA/TO,0,0,0,E,E,0,No Deposit,240.0,0,Transient,64.8,1,2
Resort Hotel,0,9,2017,February,5,4,2,5,2,0.0,0,BB,GBR,Offline TA/TO,TA/TO,0,0,0,D,D,0,No Deposit,95.0,0,Transient,44.0,0,0
Resort Hotel,0,53,2017,February,5,4,2,5,2,0.0,0,HB,GBR,Online TA,TA/TO,0,0,0,E,E,0,No Deposit,240.0,0,Transient,99.43,0,1
Resort Hotel,0,3,2017,February,6,9,0,2,2,0.0,0,BB,GBR,Online TA,TA/TO,0,0,0,A,A,0,No Deposit,241.0,0,Transient,36.96,0,1
Resort Hotel,0,24,2017,February,6,9,0,2,2,0.0,0,BB,PRT,Direct,Corporate,0,0,0,A,A,0,No Deposit,,0,Transient,40.0,0,1
Resort Hotel,0,9,2017,February,5,4,2,5,2,0.0,0,BB,GBR,Offline TA/TO,TA/TO,0,0,0,D,D,0,No Deposit,177.0,0,Transient,49.0,1,0
Resort Hotel,0,0,2017,February,6,10,0,1,2,0.0,0,BB,DNK,Online TA,TA/TO,0,0,0,A,A,0,No Deposit,241.0,0,Transient,35.11,0,0
Resort Hotel,0,0,2017,February,6,11,0,1,2,0.0,0,BB,PRT,Online TA,TA/TO,1,0,0,A,A,0,No Deposit,241.0,0,Transient,35.11,0,1
Resort Hotel,0,0,2017,February,6,10,0,1,2,0.0,0,BB,GBR,Online TA,TA/TO,0,0,0,A,D,0,No Deposit,240.0,0,Transient,48.0,0,1
Resort Hotel,0,6,2017,February,6,9,0,2,2,0.0,0,BB,FRA,Online TA,TA/TO,0,0,0,A,D,0,No Deposit,240.0,0,Transient,48.0,0,1
Resort Hotel,0,2,2017,February,6,10,0,1,2,0.0,0,BB,PRT,Direct,Direct,0,0,0,A,D,0,No Deposit,,0,Transient,55.0,1,2
Resort Hotel,0,0,2017,February,6,10,0,1,2,0.0,0,BB,PRT,Direct,Direct,0,0,0,A,A,0,No Deposit,,0,Transient-Party,48.0,0,0
Resort Hotel,0,3,2017,February,6,10,0,1,2,0.0,0,BB,PRT,Direct,Direct,0,0,0,E,E,0,No Deposit,,0,Transient,68.0,0,2
Resort Hotel,0,25,2017,February,5,4,2,5,2,0.0,0,BB,GBR,Online TA,TA/TO,0,0,0,A,A,0,No Deposit,314.0,0,Transient,38.4,0,0
Resort Hotel,0,1,2017,February,6,10,0,1,2,0.0,0,BB,ESP,Online TA,TA/TO,0,0,0,A,D,0,No Deposit,240.0,0,Transient,48.0,0,1
Resort Hotel,0,0,2017,February,6,10,0,1,2,0.0,0,BB,USA,Direct,Direct,0,0,0,E,E,0,No Deposit,,0,Transient,68.0,0,0
Resort Hotel,0,33,2017,February,6,6,1,4,2,0.0,0,BB,BGR,Online TA,TA/TO,0,0,0,A,D,0,No Deposit,240.0,0,Transient,48.0,0,1
Resort Hotel,0,13,2017,February,5,2,2,8,2,0.0,0,BB,GBR,Offline TA/TO,TA/TO,0,0,0,A,A,0,No Deposit,57.0,0,Transient,36.0,0,0
Resort Hotel,0,66,2017,February,6,9,0,3,2,0.0,0,BB,GBR,Offline TA/TO,TA/TO,0,0,0,A,A,0,No Deposit,26.0,0,Transient,38.0,0,0
Resort Hotel,0,0,2017,February,6,11,0,1,2,0.0,0,BB,GBR,Online TA,TA/TO,0,0,0,A,A,0,No Deposit,240.0,0,Transient,48.0,0,2
Resort Hotel,0,37,2017,February,6,10,2,2,2,0.0,0,BB,GBR,Online TA,TA/TO,0,0,0,A,E,1,No Deposit,314.0,0,Transient,58.4,0,1
Resort Hotel,0,16,2017,February,6,8,0,4,2,0.0,0,HB,PRT,Online TA,TA/TO,0,0,0,A,A,0,No Deposit,240.0,0,Transient,80.0,0,1
Resort Hotel,0,11,2017,February,6,10,0,2,2,0.0,0,BB,MAR,Online TA,TA/TO,0,0,0,A,A,2,No Deposit,240.0,0,Transient,48.0,0,3
Resort Hotel,0,3,2017,February,6,10,0,2,2,0.0,0,Undefined,BRA,Direct,Direct,0,0,0,A,C,1,No Deposit,250.0,0,Transient-Party,122.0,0,1
Resort Hotel,0,23,2017,February,6,8,0,4,2,0.0,0,HB,ITA,Direct,Direct,0,0,0,A,D,1,No Deposit,250.0,0,Transient,76.0,0,0
Resort Hotel,0,80,2017,February,5,2,2,8,2,0.0,0,HB,GBR,Offline TA/TO,TA/TO,0,0,0,A,A,0,No Deposit,40.0,0,Contract,62.12,0,0
Resort Hotel,0,19,2017,February,6,9,0,3,2,0.0,0,BB,GBR,Offline TA/TO,TA/TO,0,0,0,D,D,0,No Deposit,171.0,0,Transient,42.0,0,0
Resort Hotel,0,0,2017,February,7,17,0,2,2,0.0,0,BB,PRT,Direct,Direct,1,0,0,A,D,0,No Deposit,250.0,0,Transient,60.0,0,1
Resort Hotel,0,11,2017,February,6,11,0,1,2,0.0,0,HB,ESP,Online TA,TA/TO,0,0,0,A,D,0,No Deposit,240.0,0,Transient,80.0,0,1
Resort Hotel,0,9,2017,February,6,8,0,4,2,0.0,0,BB,ESP,Online TA,TA/TO,0,0,0,A,A,0,No Deposit,240.0,0,Transient,55.0,1,1
Resort Hotel,0,2,2017,February,6,11,0,1,2,0.0,0,HB,CHN,Online TA,TA/TO,0,0,0,A,D,0,No Deposit,240.0,0,Transient,80.0,0,2
Resort Hotel,0,112,2017,February,6,5,2,5,2,0.0,0,BB,CHE,Online TA,TA/TO,0,0,0,F,F,0,No Deposit,241.0,0,Transient,54.02,1,1
Resort Hotel,0,5,2017,February,6,10,0,2,2,0.0,0,HB,PRT,Direct,Direct,0,0,0,A,D,1,No Deposit,250.0,0,Transient,80.0,0,1
Resort Hotel,0,4,2017,February,6,11,0,1,2,0.0,0,BB,ESP,Online TA,TA/TO,0,0,0,E,E,0,No Deposit,240.0,0,Transient,68.0,0,1
Resort Hotel,0,24,2017,February,6,11,0,1,2,0.0,0,BB,PRT,Offline TA/TO,TA/TO,0,0,0,E,E,1,No Deposit,171.0,0,Transient,50.0,0,0
Resort Hotel,0,0,2017,February,6,11,0,1,2,0.0,0,BB,PRT,Direct,Direct,0,0,0,E,E,0,No Deposit,,0,Transient,75.0,1,0
Resort Hotel,0,37,2017,February,6,10,0,2,2,0.0,0,HB,ESP,Online TA,TA/TO,0,0,0,E,E,1,No Deposit,240.0,0,Transient,110.0,0,2
Resort Hotel,0,9,2017,February,6,7,0,5,2,0.0,0,BB,PRT,Online TA,TA/TO,0,0,0,A,D,0,No Deposit,467.0,0,Transient,44.56,0,0
Resort Hotel,0,23,2017,February,6,9,0,3,2,0.0,0,HB,PRT,Online TA,TA/TO,0,0,0,A,D,0,No Deposit,240.0,0,Transient,80.0,0,1
Resort Hotel,0,18,2017,February,6,11,0,1,2,0.0,0,BB,PRT,Online TA,TA/TO,0,0,0,A,A,0,No Deposit,241.0,0,Transient,35.11,0,1
Resort Hotel,0,0,2017,February,6,11,0,1,2,0.0,0,BB,PRT,Direct,Direct,0,0,0,D,D,0,No Deposit,250.0,0,Transient,56.0,0,0
Resort Hotel,0,0,2017,February,6,11,0,1,2,0.0,0,BB,PRT,Online TA,TA/TO,0,0,0,E,E,0,No Deposit,240.0,0,Transient-Party,68.0,0,0
Resort Hotel,0,32,2017,February,6,10,0,2,2,0.0,0,BB,PRT,Online TA,TA/TO,0,0,0,A,A,0,No Deposit,241.0,0,Transient,35.11,0,1
Resort Hotel,0,0,2017,February,6,11,0,1,2,0.0,0,BB,PRT,Online TA,TA/TO,0,0,0,E,E,0,No Deposit,240.0,0,Transient-Party,68.0,0,0
Resort Hotel,0,33,2017,February,6,8,0,4,2,0.0,0,BB,FRA,Direct,Direct,0,0,0,D,D,0,No Deposit,250.0,0,Transient,54.0,0,1
Resort Hotel,0,1,2017,February,6,10,0,2,2,0.0,0,BB,ESP,Offline TA/TO,TA/TO,0,0,0,A,A,0,No Deposit,6.0,0,Transient,34.0,0,0
Resort Hotel,0,6,2017,February,6,11,0,1,2,0.0,0,HB,PRT,Online TA,TA/TO,0,0,0,E,E,0,No Deposit,240.0,0,Transient,100.0,0,2
Resort Hotel,0,15,2017,February,6,11,0,1,2,0.0,0,BB,PRT,Online TA,TA/TO,0,0,0,A,D,0,No Deposit,240.0,0,Transient,55.0,1,1
Resort Hotel,0,19,2017,February,6,9,0,3,2,0.0,0,BB,GBR,Offline TA/TO,TA/TO,0,0,0,E,E,0,No Deposit,171.0,0,Transient,50.0,0,1
Resort Hotel,0,19,2017,February,6,9,0,3,2,0.0,0,BB,GBR,Offline TA/TO,TA/TO,0,0,0,E,E,0,No Deposit,171.0,0,Transient,50.0,0,0
Resort Hotel,0,0,2017,February,6,11,0,1,2,0.0,0,BB,GBR,Online TA,TA/TO,0,0,0,A,I,0,No Deposit,240.0,0,Transient,48.0,0,1
Resort Hotel,0,1,2017,February,6,10,0,2,2,0.0,0,BB,ESP,Online TA,TA/TO,0,0,0,A,A,0,No Deposit,240.0,0,Transient,48.0,0,1
Resort Hotel,0,1,2017,February,6,10,0,2,2,0.0,0,BB,PRT,Online TA,TA/TO,0,0,0,A,A,0,No Deposit,240.0,0,Transient,48.0,1,1
Resort Hotel,0,14,2017,February,6,11,0,1,2,0.0,0,BB,ESP,Online TA,TA/TO,0,0,0,A,D,0,No Deposit,240.0,0,Transient,48.0,0,3
Resort Hotel,0,2,2017,February,6,11,0,1,2,0.0,0,BB,PRT,Online TA,TA/TO,0,0,0,A,A,0,No Deposit,240.0,0,Transient,48.0,0,1
Resort Hotel,0,2,2017,February,6,10,0,2,2,0.0,0,BB,ESP,Online TA,TA/TO,0,0,0,A,A,0,No Deposit,240.0,0,Transient,48.0,0,2
Resort Hotel,0,2,2017,February,6,10,0,2,2,0.0,0,HB,ESP,Offline TA/TO,TA/TO,0,0,0,A,A,0,No Deposit,177.0,0,Transient,60.0,0,1
Resort Hotel,0,2,2017,February,6,10,0,2,2,0.0,0,HB,ESP,Offline TA/TO,TA/TO,0,0,0,A,A,0,No Deposit,177.0,0,Transient,60.0,0,1
Resort Hotel,0,14,2017,February,6,10,0,2,2,0.0,0,HB,PRT,Online TA,TA/TO,0,0,0,A,A,0,No Deposit,240.0,0,Transient,80.0,0,3
Resort Hotel,0,14,2017,February,6,10,0,2,2,0.0,0,HB,PRT,Online TA,TA/TO,0,0,0,A,A,0,No Deposit,240.0,0,Transient,80.0,0,2
Resort Hotel,0,5,2017,February,6,10,0,2,2,0.0,0,BB,PRT,Direct,Direct,0,0,0,F,F,0,No Deposit,250.0,0,Transient,73.0,0,0
Resort Hotel,0,2,2017,February,6,11,0,1,2,0.0,0,HB,ESP,Online TA,TA/TO,0,0,0,A,D,0,No Deposit,240.0,0,Transient,80.0,1,2
Resort Hotel,0,23,2017,February,6,11,0,1,2,0.0,0,BB,PRT,Direct,Direct,0,0,0,D,D,0,No Deposit,250.0,0,Transient,103.0,0,3
Resort Hotel,0,23,2017,February,6,11,0,1,2,0.0,0,BB,PRT,Direct,Direct,0,0,0,D,D,0,No Deposit,250.0,0,Transient,103.0,0,3
Resort Hotel,0,5,2017,February,6,10,0,2,2,0.0,0,BB,PRT,Online TA,TA/TO,0,0,0,A,A,0,No Deposit,240.0,0,Transient,55.0,1,1
Resort Hotel,0,3,2017,February,6,11,0,1,2,0.0,0,BB,PRT,Online TA,TA/TO,0,0,0,E,E,0,No Deposit,240.0,0,Transient,75.0,1,2
Resort Hotel,0,5,2017,February,6,11,0,1,2,0.0,0,BB,IRL,Online TA,TA/TO,0,0,0,A,D,0,No Deposit,240.0,0,Transient,48.0,0,1
Resort Hotel,0,4,2017,February,6,11,0,1,2,0.0,0,BB,PRT,Direct,Direct,0,0,0,A,E,0,No Deposit,250.0,0,Transient,48.0,0,0
Resort Hotel,0,19,2017,February,6,11,0,1,2,0.0,0,BB,PRT,Online TA,TA/TO,0,0,0,A,D,0,No Deposit,240.0,0,Transient,48.0,0,1
Resort Hotel,0,7,2017,February,6,10,0,2,2,0.0,0,BB,ESP,Direct,Direct,0,0,0,D,D,1,No Deposit,250.0,0,Transient,66.0,0,2
Resort Hotel,0,38,2017,February,6,11,0,1,2,0.0,0,BB,PRT,Direct,Direct,0,0,0,D,D,0,No Deposit,,0,Transient,74.0,0,2
Resort Hotel,0,2,2017,February,6,11,0,1,2,0.0,0,BB,PRT,Direct,Direct,0,0,0,D,E,0,No Deposit,250.0,0,Transient,78.0,0,2
Resort Hotel,0,1,2017,February,6,11,0,1,2,0.0,0,BB,PRT,Online TA,TA/TO,0,0,0,A,A,0,No Deposit,240.0,0,Transient-Party,48.0,0,0
Resort Hotel,0,65,2017,February,7,12,0,0,2,0.0,0,BB,PRT,Offline TA/TO,TA/TO,0,0,0,A,A,0,No Deposit,26.0,0,Transient,0.0,0,0
Resort Hotel,0,26,2017,February,7,13,1,3,2,0.0,0,BB,IRL,Direct,Direct,0,0,0,F,F,0,No Deposit,,0,Transient,70.0,0,2
Resort Hotel,0,17,2017,February,6,10,1,2,2,0.0,0,HB,POL,Online TA,TA/TO,0,0,0,D,D,0,No Deposit,241.0,0,Transient,69.3,0,1
Resort Hotel,0,31,2017,February,6,10,1,2,2,0.0,0,BB,ESP,Offline TA/TO,TA/TO,0,0,0,A,A,0,No Deposit,177.0,0,Transient,34.0,0,1
Resort Hotel,0,4,2017,February,6,10,1,2,2,0.0,0,BB,GBR,Online TA,TA/TO,0,0,0,A,A,0,No Deposit,467.0,0,Transient,34.56,0,0
Resort Hotel,0,0,2017,February,6,8,1,4,2,0.0,0,BB,PRT,Online TA,TA/TO,0,0,0,A,A,0,No Deposit,240.0,0,Transient,48.0,0,1
Resort Hotel,0,10,2017,February,7,12,1,0,2,0.0,0,BB,PRT,Online TA,TA/TO,0,0,0,A,A,0,No Deposit,240.0,0,Transient,48.0,0,1
Resort Hotel,0,32,2017,February,6,8,1,4,2,0.0,0,BB,FRA,Online TA,TA/TO,0,0,0,E,E,0,No Deposit,240.0,0,Transient-Party,68.0,0,2
Resort Hotel,0,13,2017,February,6,9,1,3,2,0.0,0,BB,PRT,Direct,Direct,0,0,0,E,E,0,No Deposit,250.0,0,Transient,72.0,1,0
Resort Hotel,0,47,2017,February,6,6,2,5,2,0.0,0,BB,GBR,Online TA,TA/TO,0,0,0,A,A,0,No Deposit,240.0,0,Transient,48.0,0,1
Resort Hotel,0,47,2017,February,6,6,2,5,2,0.0,0,BB,GBR,Offline TA/TO,TA/TO,0,0,0,A,A,0,No Deposit,171.0,0,Transient,34.0,0,0
Resort Hotel,0,5,2017,February,6,9,1,3,2,0.0,0,HB,GBR,Online TA,TA/TO,0,0,0,D,D,1,No Deposit,314.0,0,Transient,63.72,0,4
Resort Hotel,0,5,2017,February,7,12,1,0,2,0.0,0,BB,PRT,Online TA,TA/TO,0,0,0,A,D,1,No Deposit,240.0,0,Transient,48.0,0,2
Resort Hotel,0,11,2017,February,6,10,1,2,2,0.0,0,HB,POL,Direct,Direct,0,0,0,A,A,0,No Deposit,250.0,0,Transient,55.0,0,1
Resort Hotel,0,122,2017,February,6,10,1,2,2,0.0,0,BB,GBR,Online TA,TA/TO,0,0,0,E,E,0,No Deposit,241.0,0,Transient,42.81,0,1
Resort Hotel,0,32,2017,February,6,8,1,4,2,0.0,0,BB,FRA,Online TA,TA/TO,0,0,0,E,E,0,No Deposit,240.0,0,Transient-Party,68.0,0,2
Resort Hotel,0,0,2017,February,7,13,0,0,2,0.0,0,SC,PRT,Direct,Direct,1,0,0,A,I,1,No Deposit,250.0,0,Transient,0.0,1,0
Resort Hotel,0,63,2017,February,6,5,4,5,2,0.0,0,BB,PRT,Online TA,TA/TO,0,0,0,A,A,0,No Deposit,241.0,0,Transient,33.88,0,1
Resort Hotel,0,63,2017,February,7,12,2,0,2,0.0,0,BB,LVA,Online TA,TA/TO,0,0,0,A,A,0,No Deposit,240.0,0,Transient,55.0,1,2
Resort Hotel,0,18,2017,February,7,13,1,0,2,0.0,0,BB,PRT,Online TA,TA/TO,0,0,0,D,D,0,No Deposit,240.0,0,Transient-Party,58.0,0,1
Resort Hotel,0,18,2017,February,7,13,1,0,2,0.0,0,BB,PRT,Online TA,TA/TO,0,0,0,D,D,0,No Deposit,240.0,0,Transient-Party,58.0,0,1
Resort Hotel,0,16,2017,February,6,11,2,1,2,0.0,0,BB,ESP,Direct,Direct,0,0,0,E,E,0,No Deposit,250.0,0,Transient,72.0,1,0
Resort Hotel,0,24,2017,February,7,12,2,0,2,0.0,0,BB,PRT,Online TA,TA/TO,0,0,0,A,A,0,No Deposit,241.0,0,Transient,36.04,0,1
Resort Hotel,0,5,2017,February,6,11,2,1,2,0.0,0,BB,ESP,Online TA,TA/TO,0,0,0,D,D,0,No Deposit,240.0,0,Transient,60.0,0,2
Resort Hotel,0,133,2017,February,7,13,1,0,2,0.0,0,BB,NLD,Online TA,TA/TO,0,0,0,A,D,0,No Deposit,240.0,0,Transient,37.8,1,2
Resort Hotel,0,8,2017,February,7,13,1,0,2,0.0,0,BB,PRT,Online TA,TA/TO,0,0,0,A,E,0,No Deposit,240.0,0,Transient,60.0,0,1
Resort Hotel,0,0,2017,February,7,14,0,0,2,0.0,0,BB,PRT,Offline TA/TO,TA/TO,1,0,0,A,I,0,No Deposit,6.0,0,Transient,0.0,0,1
Resort Hotel,0,5,2017,February,6,11,2,1,2,0.0,0,BB,ESP,Online TA,TA/TO,0,0,0,D,D,0,No Deposit,240.0,0,Transient,60.0,0,2
Resort Hotel,0,1,2017,February,7,12,2,0,2,0.0,0,BB,GBR,Direct,Direct,0,0,0,A,A,0,No Deposit,,0,Transient,48.0,0,1
Resort Hotel,0,8,2017,February,5,4,4,7,2,0.0,0,BB,DEU,Offline TA/TO,TA/TO,0,0,0,A,A,0,No Deposit,171.0,0,Transient,34.0,0,0
Resort Hotel,0,93,2017,February,5,4,4,7,2,0.0,0,BB,GBR,Online TA,TA/TO,0,0,0,A,A,0,No Deposit,240.0,0,Transient,46.0,0,1
Resort Hotel,0,0,2017,February,7,14,0,1,2,0.0,0,BB,PRT,Direct,Direct,0,0,0,D,D,0,No Deposit,,0,Transient,60.0,0,0
Resort Hotel,0,10,2017,February,6,10,2,3,2,0.0,0,BB,FIN,Online TA,TA/TO,0,0,0,E,E,0,No Deposit,242.0,0,Transient,69.96,0,1
Resort Hotel,0,19,2017,February,7,14,0,1,2,0.0,0,BB,PRT,Direct,Direct,0,0,0,D,D,0,No Deposit,250.0,0,Transient,78.0,0,2
Resort Hotel,0,121,2017,February,6,5,4,6,2,0.0,0,BB,CN,Online TA,TA/TO,0,0,0,G,G,0,No Deposit,241.0,0,Transient,60.98,1,1
Resort Hotel,0,20,2017,February,7,13,1,1,2,0.0,0,BB,PRT,Online TA,TA/TO,0,0,0,A,D,2,No Deposit,240.0,0,Transient,61.0,1,1
Resort Hotel,0,98,2017,February,6,10,2,3,2,0.0,0,BB,GBR,Online TA,TA/TO,0,0,0,A,A,0,No Deposit,240.0,0,Transient,53.8,1,2
Resort Hotel,0,0,2017,February,7,14,0,1,2,0.0,0,BB,ESP,Online TA,TA/TO,0,0,0,A,C,0,No Deposit,240.0,0,Transient,60.0,1,0
Resort Hotel,0,0,2017,February,7,14,0,1,2,0.0,0,BB,PRT,Direct,Direct,0,0,0,D,D,1,No Deposit,,0,Transient,68.0,0,0
Resort Hotel,0,0,2017,February,7,14,0,1,2,0.0,0,BB,PRT,Online TA,TA/TO,0,0,0,A,D,0,No Deposit,240.0,0,Transient,60.0,0,1
Resort Hotel,0,0,2017,February,7,14,0,1,2,0.0,0,BB,PRT,Online TA,TA/TO,0,0,0,D,D,0,No Deposit,240.0,0,Transient,68.0,1,1
Resort Hotel,0,1,2017,February,7,14,0,1,2,0.0,0,BB,PRT,Direct,Direct,0,0,0,A,D,1,No Deposit,,0,Transient,78.0,0,1
Resort Hotel,0,43,2017,February,7,14,0,1,2,0.0,0,BB,PRT,Online TA,TA/TO,0,0,0,A,D,0,No Deposit,240.0,0,Transient,48.0,0,2
Resort Hotel,0,16,2017,February,6,11,2,2,2,0.0,0,BB,FRA,Online TA,TA/TO,0,0,0,D,D,0,No Deposit,240.0,0,Transient,58.0,0,2
Resort Hotel,0,25,2017,February,7,14,0,1,2,0.0,0,BB,PRT,Online TA,TA/TO,0,0,0,A,D,0,No Deposit,240.0,0,Transient,48.0,0,0
Resort Hotel,0,9,2017,February,7,14,0,1,2,0.0,0,BB,PRT,Direct,Direct,0,0,0,A,A,0,No Deposit,250.0,0,Transient,60.0,0,0
Resort Hotel,0,26,2017,February,6,11,2,2,2,0.0,0,BB,PRT,Online TA,TA/TO,0,0,0,D,D,0,No Deposit,241.0,0,Transient,49.99,1,1
Resort Hotel,0,0,2017,February,7,14,0,1,2,0.0,0,BB,PRT,Direct,Direct,0,0,0,D,D,0,No Deposit,,0,Transient,60.0,0,0
Resort Hotel,0,0,2017,February,7,17,0,2,2,0.0,0,BB,PRT,Direct,Direct,1,0,1,E,E,0,No Deposit,,0,Transient,8.0,0,0
Resort Hotel,0,0,2017,February,8,22,0,1,2,0.0,0,BB,PRT,Direct,Direct,1,0,2,D,D,0,No Deposit,,0,Transient,68.0,0,0
Resort Hotel,0,0,2017,February,7,14,0,1,2,0.0,0,BB,PRT,Direct,Direct,0,0,0,E,F,0,No Deposit,,0,Transient,0.0,0,1
Resort Hotel,0,8,2017,February,7,14,0,1,2,0.0,0,BB,PRT,Direct,Direct,0,0,0,D,D,0,No Deposit,,0,Transient,78.0,0,2
Resort Hotel,0,0,2017,February,7,14,0,1,2,0.0,0,BB,PRT,Direct,Direct,0,0,0,D,D,0,No Deposit,,0,Transient,78.0,0,2
Resort Hotel,0,14,2017,February,7,14,0,1,2,0.0,0,HB,PRT,Direct,Direct,0,0,0,D,D,0,No Deposit,,0,Transient,128.0,0,3
Resort Hotel,0,6,2017,February,7,14,0,1,2,0.0,0,BB,PRT,Direct,Direct,0,0,0,D,D,0,No Deposit,,0,Transient,78.0,0,3
Resort Hotel,0,7,2017,February,7,14,0,1,2,0.0,0,HB,PRT,Direct,Direct,0,0,0,A,D,1,No Deposit,,0,Transient,128.0,0,2
Resort Hotel,0,38,2017,February,7,14,0,2,2,0.0,0,HB,GBR,Online TA,TA/TO,0,0,0,F,F,0,No Deposit,241.0,0,Transient,79.31,0,1
Resort Hotel,0,44,2017,February,6,9,2,5,2,0.0,0,BB,GBR,Offline TA/TO,TA/TO,0,0,0,A,A,0,No Deposit,40.0,0,Contract,36.12,0,0
Resort Hotel,0,18,2017,February,7,13,1,2,2,0.0,0,HB,GBR,Offline TA/TO,TA/TO,0,0,0,A,D,0,No Deposit,95.0,0,Transient,60.0,0,0
Resort Hotel,0,6,2017,February,7,12,2,2,2,0.0,0,BB,GBR,Online TA,TA/TO,0,0,0,D,D,0,No Deposit,240.0,0,Transient,65.0,0,2
Resort Hotel,0,19,2017,February,7,14,0,2,2,0.0,0,HB,GBR,Offline TA/TO,TA/TO,0,0,0,A,A,0,No Deposit,177.0,0,Transient,60.0,0,0
Resort Hotel,0,30,2017,February,6,9,2,5,2,0.0,0,HB,GBR,Offline TA/TO,TA/TO,0,0,0,A,C,1,No Deposit,40.0,0,Contract,64.12,0,0
Resort Hotel,0,110,2017,February,6,9,2,5,2,0.0,0,Undefined,BEL,Offline TA/TO,TA/TO,0,0,0,A,C,1,No Deposit,464.0,0,Transient,66.0,0,0
Resort Hotel,0,1,2017,February,7,12,2,2,2,0.0,0,BB,FRA,Online TA,TA/TO,0,0,0,A,A,0,No Deposit,240.0,0,Transient-Party,57.0,0,1
Resort Hotel,0,35,2017,February,6,9,2,5,2,0.0,0,HB,GBR,Offline TA/TO,TA/TO,0,0,0,E,E,0,No Deposit,40.0,0,Transient,81.76,0,0
Resort Hotel,0,9,2017,February,7,15,0,1,2,0.0,0,BB,CAF,Offline TA/TO,TA/TO,0,0,0,D,D,0,No Deposit,251.0,0,Transient,42.0,0,0
Resort Hotel,0,6,2017,February,6,9,2,5,2,0.0,0,Undefined,FRA,Offline TA/TO,TA/TO,0,0,0,A,A,1,No Deposit,464.0,0,Transient,66.0,0,0
Resort Hotel,0,8,2017,February,7,15,0,1,2,0.0,0,BB,FRA,Online TA,TA/TO,0,0,0,E,E,0,No Deposit,240.0,0,Transient,80.0,0,1
Resort Hotel,0,0,2017,February,7,14,0,2,2,0.0,0,BB,USA,Online TA,TA/TO,0,0,0,A,A,1,No Deposit,241.0,0,Transient,52.35,0,1
Resort Hotel,0,17,2017,February,7,15,0,1,2,0.0,0,BB,PRT,Direct,Direct,0,0,0,E,E,2,No Deposit,250.0,0,Transient,165.0,0,3
Resort Hotel,0,1,2017,February,7,12,2,2,2,0.0,0,BB,FRA,Online TA,TA/TO,0,0,0,A,A,0,No Deposit,240.0,0,Transient-Party,57.0,0,1
Resort Hotel,0,75,2017,February,7,12,2,2,2,0.0,0,BB,GBR,Online TA,TA/TO,0,0,0,D,D,1,No Deposit,240.0,0,Transient-Party,66.5,0,2
Resort Hotel,0,2,2017,February,7,15,0,1,2,0.0,0,BB,PRT,Direct,Direct,0,0,0,A,D,0,No Deposit,,0,Transient,60.0,0,0
Resort Hotel,0,3,2017,February,7,12,2,3,2,0.0,0,BB,GBR,Offline TA/TO,TA/TO,0,0,0,D,D,0,No Deposit,57.0,0,Transient,42.0,0,0
Resort Hotel,0,10,2017,February,6,9,2,6,2,0.0,0,BB,GBR,Offline TA/TO,TA/TO,0,0,0,A,A,0,No Deposit,95.0,0,Transient,34.0,0,0
Resort Hotel,0,94,2017,February,7,13,1,3,2,0.0,0,HB,GBR,Groups,TA/TO,0,0,0,A,A,0,No Deposit,152.0,0,Transient-Party,62.0,0,0
Resort Hotel,0,29,2017,February,7,14,0,3,2,0.0,0,BB,GBR,Online TA,TA/TO,0,0,0,A,A,0,No Deposit,240.0,0,Transient,48.0,0,1
Resort Hotel,0,31,2017,February,7,14,0,3,2,0.0,0,BB,GBR,Online TA,TA/TO,0,0,0,A,C,0,No Deposit,240.0,0,Transient-Party,68.0,0,2
Resort Hotel,0,31,2017,February,7,14,0,3,2,0.0,0,BB,GBR,Online TA,TA/TO,0,0,0,A,A,0,No Deposit,240.0,0,Transient-Party,48.0,0,2
Resort Hotel,0,0,2017,February,7,16,0,1,2,0.0,0,BB,USA,Direct,Direct,0,0,0,D,D,0,No Deposit,,0,Transient,68.0,0,0
Resort Hotel,0,1,2017,February,7,17,0,2,2,0.0,0,BB,USA,Online TA,Direct,0,0,0,D,D,0,No Deposit,240.0,0,Transient,68.0,0,1
Resort Hotel,0,5,2017,February,7,12,2,3,2,0.0,0,HB,PRT,Direct,Direct,0,0,0,D,D,0,No Deposit,,0,Transient,97.6,0,1
Resort Hotel,0,6,2017,February,7,16,0,1,2,0.0,0,BB,GBR,Online TA,TA/TO,0,0,0,A,D,0,No Deposit,240.0,0,Transient,67.0,1,1
Resort Hotel,0,94,2017,February,7,13,1,3,2,0.0,0,HB,GBR,Groups,TA/TO,0,0,0,A,A,0,No Deposit,152.0,0,Transient-Party,62.0,0,0
Resort Hotel,0,44,2017,February,7,15,0,2,2,0.0,0,BB,NLD,Online TA,TA/TO,0,0,0,D,D,0,No Deposit,240.0,0,Transient,85.0,1,0
Resort Hotel,0,94,2017,February,7,13,1,3,2,0.0,0,HB,GBR,Groups,TA/TO,0,0,0,A,A,0,No Deposit,152.0,0,Transient-Party,62.0,0,0
Resort Hotel,0,136,2017,February,6,11,2,4,2,0.0,0,BB,GBR,Online TA,TA/TO,0,0,0,D,D,0,No Deposit,314.0,0,Transient,39.44,0,0
Resort Hotel,0,94,2017,February,7,13,1,3,2,0.0,0,HB,GBR,Groups,TA/TO,0,0,0,A,A,0,No Deposit,152.0,0,Transient-Party,62.0,0,0
Resort Hotel,0,94,2017,February,7,13,1,3,2,0.0,0,HB,GBR,Groups,TA/TO,0,0,0,A,A,0,No Deposit,152.0,0,Transient-Party,62.0,0,1
Resort Hotel,0,207,2017,February,7,13,1,3,2,0.0,0,HB,GBR,Groups,TA/TO,0,0,0,A,A,2,No Deposit,152.0,113,Transient-Party,31.0,0,0
Resort Hotel,0,94,2017,February,7,13,1,3,2,0.0,0,HB,GBR,Groups,TA/TO,0,0,0,A,A,0,No Deposit,152.0,0,Transient-Party,62.0,0,0
Resort Hotel,0,70,2017,February,7,12,2,3,2,0.0,0,HB,GBR,Online TA,TA/TO,0,0,0,D,D,0,No Deposit,241.0,0,Transient,65.91,0,1
Resort Hotel,0,94,2017,February,7,13,1,3,2,0.0,0,HB,GBR,Groups,TA/TO,0,0,0,A,A,0,No Deposit,152.0,0,Transient-Party,62.0,0,1
Resort Hotel,0,207,2017,February,7,13,1,3,2,0.0,0,HB,PRT,Groups,TA/TO,0,0,0,E,E,0,No Deposit,152.0,113,Transient-Party,78.0,0,1
Resort Hotel,0,94,2017,February,7,13,1,3,2,0.0,0,HB,GBR,Groups,TA/TO,0,0,0,A,A,0,No Deposit,152.0,0,Transient-Party,62.0,0,0
Resort Hotel,0,94,2017,February,7,13,1,3,2,0.0,0,HB,GBR,Groups,TA/TO,0,0,0,D,D,0,No Deposit,152.0,0,Transient-Party,70.0,0,1
Resort Hotel,0,13,2017,February,7,13,1,3,2,0.0,0,BB,PRT,Online TA,TA/TO,0,0,0,E,E,0,No Deposit,240.0,0,Transient,87.0,1,1
Resort Hotel,0,94,2017,February,7,13,1,3,2,0.0,0,HB,GBR,Groups,TA/TO,0,0,0,A,A,0,No Deposit,152.0,0,Transient-Party,62.0,0,0
Resort Hotel,0,94,2017,February,7,13,1,3,2,0.0,0,HB,GBR,Groups,TA/TO,0,0,0,A,A,0,No Deposit,152.0,0,Transient-Party,62.0,0,0
Resort Hotel,0,94,2017,February,7,13,1,3,2,0.0,0,HB,GBR,Groups,TA/TO,0,0,0,A,A,0,No Deposit,152.0,0,Transient-Party,62.0,0,0
Resort Hotel,0,94,2017,February,7,13,1,3,2,0.0,0,HB,GBR,Groups,TA/TO,0,0,0,A,A,0,No Deposit,152.0,0,Transient-Party,62.0,0,0
Resort Hotel,0,94,2017,February,7,13,1,3,2,0.0,0,HB,GBR,Complementary,TA/TO,0,0,0,A,A,0,No Deposit,152.0,0,Transient-Party,0.0,0,0
Resort Hotel,0,94,2017,February,7,13,1,3,2,0.0,0,HB,GBR,Groups,TA/TO,0,0,0,A,A,0,No Deposit,152.0,0,Transient-Party,62.0,0,0
Resort Hotel,0,183,2017,February,7,14,0,3,2,0.0,0,HB,GBR,Online TA,TA/TO,0,0,0,A,A,1,No Deposit,314.0,0,Transient,55.44,0,0
Resort Hotel,0,94,2017,February,7,13,1,3,2,0.0,0,HB,GBR,Groups,TA/TO,0,0,0,A,A,0,No Deposit,152.0,0,Transient,62.0,0,0
Resort Hotel,0,245,2017,February,7,12,2,3,2,0.0,0,BB,GBR,Direct,Direct,0,0,0,E,E,0,No Deposit,250.0,0,Transient,55.8,0,0
Resort Hotel,0,245,2017,February,7,12,2,3,2,0.0,0,BB,IRL,Direct,Direct,0,0,0,E,E,0,No Deposit,250.0,0,Transient,55.8,0,0
Resort Hotel,0,29,2017,February,7,15,0,3,2,0.0,0,BB,GBR,Online TA,TA/TO,0,0,0,A,D,0,No Deposit,240.0,0,Transient,48.0,0,1
Resort Hotel,0,12,2017,February,7,16,0,2,2,0.0,0,BB,FRA,Online TA,TA/TO,0,0,0,A,D,0,No Deposit,240.0,0,Transient,60.0,0,2
Resort Hotel,0,353,2017,February,6,11,2,5,2,0.0,0,BB,GBR,Offline TA/TO,TA/TO,0,0,0,A,A,0,No Deposit,,0,Transient,32.4,0,1
Resort Hotel,0,63,2017,February,5,4,4,10,2,0.0,0,BB,PRT,Direct,Direct,0,0,0,A,A,0,No Deposit,250.0,0,Transient,39.84,0,1
Resort Hotel,0,84,2017,February,7,17,0,1,2,0.0,0,BB,NLD,Online TA,TA/TO,0,0,0,D,D,0,No Deposit,314.0,0,Transient,41.6,0,0
Resort Hotel,0,69,2017,February,7,16,0,2,2,0.0,0,BB,PRT,Online TA,TA/TO,0,0,0,A,D,0,No Deposit,240.0,0,Transient,42.0,0,2
Resort Hotel,0,3,2017,February,7,13,1,4,2,0.0,0,BB,GBR,Online TA,TA/TO,0,0,0,A,E,0,No Deposit,240.0,0,Transient,77.0,0,1
Resort Hotel,0,82,2017,February,7,14,0,4,2,0.0,0,BB,GBR,Online TA,TA/TO,0,0,0,A,C,1,No Deposit,240.0,0,Transient,43.5,0,2
Resort Hotel,0,27,2017,February,7,17,0,1,2,0.0,0,BB,PRT,Direct,Direct,0,0,0,F,F,0,No Deposit,250.0,0,Transient,95.0,0,2
Resort Hotel,0,89,2017,February,7,15,0,3,2,0.0,0,BB,BEL,Online TA,TA/TO,0,0,0,G,G,0,No Deposit,242.0,0,Transient,77.9,0,1
Resort Hotel,0,0,2017,February,7,17,0,1,2,0.0,0,BB,AGO,Online TA,TA/TO,0,0,0,A,A,1,No Deposit,240.0,0,Transient-Party,67.0,1,1
Resort Hotel,0,19,2017,February,7,14,0,4,2,0.0,0,BB,IRL,Online TA,TA/TO,0,0,0,E,E,0,No Deposit,240.0,0,Transient-Party,68.0,0,1
Resort Hotel,0,1,2017,February,7,14,0,4,2,0.0,0,BB,FRA,Offline TA/TO,TA/TO,0,0,0,D,D,0,No Deposit,6.0,0,Transient,42.0,0,0
Resort Hotel,0,19,2017,February,7,14,0,4,2,0.0,0,BB,GBR,Online TA,TA/TO,0,0,0,E,E,0,No Deposit,240.0,0,Transient-Party,68.0,0,1
Resort Hotel,0,192,2017,January,2,14,10,25,2,0.0,0,BB,GBR,Offline TA/TO,TA/TO,0,0,0,A,D,0,No Deposit,6.0,0,Transient,34.0,0,0
Resort Hotel,0,10,2017,February,7,15,0,3,2,0.0,0,HB,GBR,Online TA,TA/TO,0,0,0,F,F,0,No Deposit,467.0,0,Transient,84.24,0,0
Resort Hotel,0,11,2017,February,7,17,0,1,2,0.0,0,BB,ESP,Online TA,TA/TO,0,0,0,A,D,0,No Deposit,240.0,0,Transient,60.0,1,2
Resort Hotel,0,30,2017,February,7,17,0,1,2,0.0,0,BB,ESP,Online TA,TA/TO,0,0,0,A,A,0,No Deposit,240.0,0,Transient,48.0,0,1
Resort Hotel,0,89,2017,February,7,15,0,3,2,0.0,0,BB,BEL,Online TA,TA/TO,0,0,0,G,G,0,No Deposit,242.0,0,Transient,84.9,1,1
Resort Hotel,0,17,2017,February,7,17,0,1,2,0.0,0,Undefined,PRT,Direct,Direct,0,0,0,E,E,1,No Deposit,250.0,0,Transient,149.0,0,3
Resort Hotel,0,138,2017,February,7,13,1,5,2,0.0,0,BB,PRT,Offline TA/TO,TA/TO,0,0,0,A,D,0,No Deposit,177.0,0,Transient,38.93,0,0
Resort Hotel,0,88,2017,March,10,11,2,5,2,0.0,0,BB,PRT,Groups,TA/TO,0,0,1,A,C,2,No Deposit,177.0,0,Transient-Party,34.0,0,0
Resort Hotel,0,38,2017,February,7,12,2,5,2,0.0,0,BB,GBR,Online TA,TA/TO,0,0,0,A,A,2,No Deposit,240.0,0,Transient,48.0,0,2
Resort Hotel,0,83,2017,February,7,16,0,3,2,0.0,0,BB,GBR,Online TA,TA/TO,0,0,0,A,D,0,No Deposit,314.0,0,Transient-Party,45.6,0,0
Resort Hotel,0,0,2017,February,7,18,0,1,2,0.0,0,BB,UZB,Direct,Direct,0,0,0,A,A,0,No Deposit,,0,Transient,60.0,0,1
Resort Hotel,0,2,2017,February,7,16,0,3,2,0.0,0,BB,GBR,Offline TA/TO,TA/TO,0,0,0,D,D,0,No Deposit,40.0,0,Contract,45.2,0,0
Resort Hotel,0,0,2017,February,7,18,0,1,2,0.0,0,BB,ITA,Direct,Direct,0,0,0,A,A,0,No Deposit,,0,Transient,60.0,0,1
Resort Hotel,0,6,2017,February,7,13,1,5,2,0.0,0,BB,CHE,Direct,Direct,0,0,0,F,F,0,No Deposit,250.0,0,Transient,85.0,0,0
Resort Hotel,0,26,2017,February,7,12,2,5,2,0.0,0,HB,FRA,Direct,Direct,0,0,0,F,F,1,No Deposit,250.0,0,Transient,102.0,0,0
Resort Hotel,0,84,2017,February,7,14,0,5,2,0.0,0,HB,PRT,Online TA,TA/TO,0,0,0,A,A,0,No Deposit,240.0,0,Transient,73.2,0,1
Resort Hotel,0,3,2017,February,7,18,0,1,2,0.0,0,BB,ESP,Offline TA/TO,TA/TO,0,0,0,D,D,0,No Deposit,436.0,0,Transient,42.0,1,0
Resort Hotel,0,23,2017,February,7,18,0,1,2,0.0,0,BB,PRT,Online TA,TA/TO,0,0,0,A,A,2,No Deposit,240.0,0,Transient,48.0,0,1
Resort Hotel,0,24,2017,February,7,18,0,1,2,0.0,0,BB,PRT,Direct,Direct,0,0,0,F,F,0,No Deposit,250.0,0,Transient,70.0,0,0
Resort Hotel,0,2,2017,February,7,18,0,1,2,0.0,0,BB,PRT,Online TA,TA/TO,0,0,0,A,A,0,No Deposit,240.0,0,Transient,67.0,1,1
Resort Hotel,0,10,2017,February,7,18,0,1,2,0.0,0,BB,PRT,Online TA,TA/TO,0,0,0,A,D,0,No Deposit,240.0,0,Transient,60.0,0,1
Resort Hotel,0,2,2017,February,7,17,0,2,2,0.0,0,Undefined,ESP,Online TA,TA/TO,0,0,0,A,A,1,No Deposit,314.0,0,Transient,47.2,0,0
Resort Hotel,0,24,2017,February,7,17,0,2,2,0.0,0,BB,ESP,Online TA,TA/TO,0,0,0,D,D,0,No Deposit,240.0,0,Transient,58.0,0,1
Resort Hotel,0,1,2017,February,7,16,0,3,2,0.0,0,BB,PRT,Online TA,TA/TO,0,0,0,A,A,0,No Deposit,240.0,0,Transient,60.0,0,2
Resort Hotel,0,1,2017,February,7,16,0,3,2,0.0,0,BB,PRT,Offline TA/TO,TA/TO,0,0,0,E,E,0,No Deposit,6.0,0,Transient,57.0,1,0
Resort Hotel,0,47,2017,February,7,12,2,5,2,0.0,0,HB,GBR,Offline TA/TO,TA/TO,0,0,0,D,D,0,No Deposit,40.0,0,Contract,70.38,0,0
Resort Hotel,0,26,2017,February,7,17,0,2,2,0.0,0,HB,ESP,Online TA,TA/TO,0,0,0,A,A,1,No Deposit,240.0,0,Transient,80.0,0,2
Resort Hotel,0,6,2017,February,7,17,0,2,2,0.0,0,BB,PRT,Direct,Direct,0,0,0,D,D,0,No Deposit,250.0,0,Transient,61.2,0,1
Resort Hotel,0,36,2017,February,6,8,2,9,2,0.0,0,BB,PRT,Online TA,TA/TO,0,0,0,D,D,0,No Deposit,241.0,0,Transient,44.43,0,1
Resort Hotel,0,83,2017,February,7,16,0,3,2,0.0,0,BB,PRT,Online TA,TA/TO,0,0,0,A,D,0,No Deposit,314.0,0,Transient-Party,43.6,0,0
Resort Hotel,0,5,2017,February,7,18,0,1,2,0.0,0,BB,NLD,Online TA,TA/TO,0,0,0,A,D,0,No Deposit,240.0,0,Transient,60.0,0,1
Resort Hotel,0,1,2017,February,7,18,0,1,2,0.0,0,BB,PRT,Direct,Direct,0,0,0,E,E,0,No Deposit,250.0,0,Transient,87.0,1,1
Resort Hotel,0,5,2017,February,7,18,0,1,2,0.0,0,HB,PRT,Online TA,TA/TO,0,0,0,A,D,0,No Deposit,240.0,0,Transient-Party,92.0,0,2
Resort Hotel,0,0,2017,February,7,18,0,1,2,0.0,0,BB,PRT,Direct,Direct,0,0,0,D,D,0,No Deposit,250.0,0,Transient,78.0,0,1
Resort Hotel,0,24,2017,February,7,18,0,1,2,0.0,0,BB,PRT,Direct,Direct,0,0,0,F,F,0,No Deposit,250.0,0,Transient,70.0,1,0
Resort Hotel,0,2,2017,February,7,17,0,2,2,0.0,0,BB,PRT,Online TA,TA/TO,0,0,0,A,A,0,No Deposit,240.0,0,Transient,60.0,1,2
Resort Hotel,0,7,2017,February,7,17,0,2,2,0.0,0,BB,PRT,Direct,Direct,0,0,0,A,D,0,No Deposit,,0,Transient,54.0,0,1
Resort Hotel,0,0,2017,February,7,18,0,1,2,0.0,0,BB,PRT,Direct,Direct,0,0,0,A,A,0,No Deposit,,0,Transient,60.0,0,0
Resort Hotel,0,8,2017,February,7,18,0,1,2,0.0,0,BB,PRT,Direct,Direct,0,0,0,E,E,0,No Deposit,,0,Transient,138.0,0,3
Resort Hotel,0,16,2017,February,7,17,1,2,2,0.0,0,BB,GBR,Corporate,Corporate,0,0,0,A,A,0,No Deposit,,0,Transient-Party,40.0,0,0
Resort Hotel,0,20,2017,February,6,6,4,10,2,0.0,0,BB,GBR,Offline TA/TO,TA/TO,0,0,0,A,A,0,No Deposit,57.0,0,Transient,36.0,0,1
Resort Hotel,0,73,2017,February,7,17,1,2,2,0.0,0,BB,GBR,Corporate,Corporate,0,0,0,A,A,0,No Deposit,,0,Transient-Party,44.67,1,0
Resort Hotel,0,73,2017,February,7,17,1,2,2,0.0,0,BB,GBR,Corporate,Corporate,0,0,0,A,A,0,No Deposit,,0,Transient-Party,44.67,1,0
Resort Hotel,0,73,2017,February,7,17,1,2,2,0.0,0,BB,GBR,Corporate,Corporate,0,0,0,A,A,0,No Deposit,,0,Transient-Party,40.0,0,0
Resort Hotel,0,73,2017,February,7,17,1,2,2,0.0,0,BB,FRA,Corporate,Corporate,0,0,0,A,A,0,No Deposit,,0,Transient-Party,40.0,0,0
Resort Hotel,0,73,2017,February,7,17,1,2,2,0.0,0,BB,GBR,Corporate,Corporate,0,0,0,D,D,0,No Deposit,,0,Transient-Party,48.0,0,0
Resort Hotel,0,16,2017,February,7,17,1,2,2,0.0,0,BB,PRT,Corporate,Corporate,0,0,0,A,C,2,No Deposit,,0,Transient-Party,40.0,0,0
Resort Hotel,0,15,2017,February,7,16,1,3,2,0.0,0,BB,GBR,Corporate,Corporate,0,0,0,A,A,1,No Deposit,,0,Transient-Party,40.0,0,0
Resort Hotel,0,74,2017,February,7,18,1,1,2,0.0,0,BB,GBR,Corporate,Corporate,0,0,0,A,A,0,No Deposit,,0,Transient-Party,40.0,0,0
Resort Hotel,0,71,2017,February,7,15,1,4,2,0.0,0,BB,GBR,Corporate,Corporate,0,0,0,A,A,0,No Deposit,,0,Transient-Party,40.0,0,0
Resort Hotel,0,73,2017,February,7,17,1,2,2,0.0,0,BB,GBR,Corporate,Corporate,0,0,0,A,A,0,No Deposit,,0,Transient-Party,40.0,0,0
Resort Hotel,0,73,2017,February,7,17,1,2,2,0.0,0,BB,GBR,Corporate,Corporate,0,0,0,A,A,0,No Deposit,,0,Transient-Party,40.0,0,0
Resort Hotel,0,16,2017,February,7,17,1,2,2,0.0,0,BB,PRT,Corporate,Corporate,0,0,0,A,A,0,No Deposit,,0,Transient-Party,40.0,0,0
Resort Hotel,0,73,2017,February,7,17,1,2,2,0.0,0,BB,GBR,Corporate,Corporate,0,0,0,A,A,2,No Deposit,,0,Transient-Party,40.0,0,0
Resort Hotel,0,73,2017,February,7,17,1,2,2,0.0,0,BB,GBR,Corporate,Corporate,0,0,0,A,A,0,No Deposit,,0,Transient-Party,40.0,0,0
Resort Hotel,0,73,2017,February,7,17,1,2,2,0.0,0,BB,GBR,Corporate,Corporate,0,0,0,A,A,0,No Deposit,,0,Transient-Party,40.0,0,0
Resort Hotel,0,73,2017,February,7,17,1,2,2,0.0,0,BB,GBR,Corporate,Corporate,0,0,0,A,A,0,No Deposit,,0,Transient-Party,40.0,0,0
Resort Hotel,0,24,2017,February,8,19,1,0,2,0.0,0,BB,USA,Corporate,Corporate,0,0,0,D,D,0,No Deposit,,0,Transient-Party,48.0,0,0
Resort Hotel,0,73,2017,February,7,17,1,2,2,0.0,0,BB,GBR,Corporate,Corporate,0,0,0,A,A,0,No Deposit,,0,Transient-Party,40.0,0,0
Resort Hotel,0,24,2017,February,8,19,1,0,2,0.0,0,BB,DEU,Corporate,Corporate,0,0,0,D,D,0,No Deposit,,0,Transient-Party,48.0,0,0
Resort Hotel,0,73,2017,February,7,17,1,2,2,0.0,0,BB,GBR,Corporate,Corporate,0,0,0,A,A,0,No Deposit,,0,Transient-Party,40.0,0,0
Resort Hotel,0,12,2017,February,8,19,1,0,2,0.0,0,BB,GBR,Corporate,Corporate,0,0,0,A,A,0,No Deposit,,0,Transient-Party,40.0,0,1
Resort Hotel,0,17,2017,February,7,18,1,1,2,0.0,0,BB,GBR,Corporate,Corporate,0,0,0,D,D,0,No Deposit,,0,Transient-Party,55.0,1,0
Resort Hotel,0,0,2017,February,7,17,1,2,2,0.0,0,BB,DNK,Direct,Direct,0,0,0,E,E,1,No Deposit,,0,Transient,56.0,0,0
Resort Hotel,0,0,2017,February,8,19,1,0,2,0.0,0,BB,GBR,Direct,Direct,0,0,0,E,E,0,No Deposit,250.0,0,Transient-Party,80.0,0,0
Resort Hotel,0,0,2017,February,8,19,1,0,2,0.0,0,BB,GBR,Direct,Direct,0,0,0,E,E,0,No Deposit,250.0,0,Transient-Party,80.0,0,0
Resort Hotel,0,0,2017,February,8,19,1,0,2,0.0,0,BB,GBR,Direct,Direct,0,0,0,E,E,0,No Deposit,250.0,0,Transient-Party,80.0,0,0
Resort Hotel,0,18,2017,February,8,19,1,0,2,0.0,0,BB,GBR,Corporate,Corporate,0,0,0,D,D,0,No Deposit,,0,Transient-Party,48.0,0,0
Resort Hotel,0,10,2017,February,7,17,1,2,2,0.0,0,BB,GBR,Corporate,Corporate,0,0,0,A,A,0,No Deposit,,0,Transient-Party,47.0,1,0
Resort Hotel,0,0,2017,February,7,17,1,2,2,0.0,0,BB,DEU,Direct,Direct,0,0,0,E,E,0,No Deposit,,0,Transient,76.0,0,0
Resort Hotel,0,23,2017,February,7,18,1,1,2,0.0,0,BB,GBR,Online TA,TA/TO,0,0,0,D,D,0,No Deposit,241.0,0,Transient,42.43,0,1
Resort Hotel,0,106,2017,February,7,16,1,3,2,0.0,0,BB,GBR,Online TA,TA/TO,0,0,0,G,G,0,No Deposit,241.0,0,Transient,63.14,0,1
Resort Hotel,0,22,2017,February,7,17,1,2,2,0.0,0,BB,PRT,Direct,Direct,0,0,0,F,F,0,No Deposit,250.0,0,Transient,70.0,0,1
Resort Hotel,0,8,2017,February,7,17,1,2,2,0.0,0,BB,PRT,Direct,Direct,0,0,0,A,D,0,No Deposit,250.0,0,Transient,67.0,1,0
Resort Hotel,0,73,2017,February,7,17,1,2,2,0.0,0,BB,GBR,Corporate,Corporate,0,0,0,A,A,0,No Deposit,,0,Transient-Party,40.0,0,0
Resort Hotel,0,73,2017,February,7,17,1,2,2,0.0,0,BB,GBR,Corporate,Corporate,0,0,0,A,A,0,No Deposit,,0,Transient-Party,40.0,0,0
Resort Hotel,0,73,2017,February,7,17,1,2,2,0.0,0,BB,GBR,Corporate,Corporate,0,0,0,A,A,0,No Deposit,,0,Transient-Party,40.0,0,0
Resort Hotel,0,3,2017,February,7,18,1,1,2,0.0,0,BB,IRL,Direct,Direct,0,0,0,D,D,0,No Deposit,250.0,0,Transient,61.2,0,0
Resort Hotel,0,29,2017,February,7,18,1,1,2,0.0,0,BB,GBR,Online TA,TA/TO,0,0,0,A,E,2,No Deposit,467.0,0,Transient,61.56,1,0
Resort Hotel,0,16,2017,February,7,17,1,2,2,0.0,0,BB,GBR,Corporate,Corporate,0,0,0,A,A,0,No Deposit,,0,Transient-Party,40.0,0,0
Resort Hotel,0,4,2017,February,8,19,1,0,2,0.0,0,BB,DEU,Online TA,TA/TO,0,0,0,E,E,1,No Deposit,240.0,0,Transient,87.0,1,1
Resort Hotel,0,24,2017,February,8,19,1,0,2,0.0,0,BB,GBR,Corporate,Corporate,0,0,0,D,D,3,No Deposit,,0,Transient-Party,48.0,0,0
Resort Hotel,0,24,2017,February,7,17,2,2,2,0.0,0,HB,GBR,Offline TA/TO,TA/TO,0,0,0,A,D,1,No Deposit,95.0,0,Transient,60.0,0,0
Resort Hotel,0,34,2017,February,7,17,2,2,2,0.0,0,BB,GBR,Online TA,TA/TO,0,0,0,A,A,1,No Deposit,241.0,0,Transient,35.11,0,1
Resort Hotel,0,0,2017,February,8,20,1,0,2,0.0,0,BB,PRT,Direct,Direct,0,0,0,A,A,0,No Deposit,,0,Transient,50.0,1,0
Resort Hotel,0,21,2017,February,8,20,1,0,2,0.0,0,BB,USA,Offline TA/TO,TA/TO,0,0,0,E,E,0,No Deposit,360.0,0,Transient,74.0,0,0
Resort Hotel,0,35,2017,February,7,14,2,5,2,0.0,0,BB,GBR,Offline TA/TO,TA/TO,0,0,0,A,A,0,No Deposit,436.0,0,Transient,35.71,0,0
Resort Hotel,0,73,2017,February,7,17,2,2,2,0.0,0,BB,GBR,Corporate,Corporate,0,0,0,D,D,1,No Deposit,,0,Transient-Party,48.0,0,0
Resort Hotel,0,32,2017,February,6,11,4,6,2,0.0,0,HB,DEU,Online TA,TA/TO,0,0,0,E,E,0,No Deposit,240.0,0,Transient,107.0,1,2
Resort Hotel,0,65,2017,February,7,16,2,3,2,0.0,0,BB,USA,Online TA,TA/TO,0,0,0,A,A,0,No Deposit,240.0,0,Transient,48.0,0,1
Resort Hotel,0,16,2017,February,7,17,2,2,2,0.0,0,BB,GBR,Corporate,Corporate,0,0,0,D,D,0,No Deposit,,0,Transient-Party,55.0,1,0
Resort Hotel,0,16,2017,February,7,17,2,2,2,0.0,0,BB,PRT,Corporate,Corporate,0,0,0,A,C,1,No Deposit,,0,Transient-Party,40.0,0,0
Resort Hotel,0,22,2017,February,7,17,2,2,2,0.0,0,BB,GBR,Corporate,Corporate,0,0,0,D,D,0,No Deposit,,0,Transient-Party,48.0,0,0
Resort Hotel,0,26,2017,February,7,16,2,3,2,0.0,0,BB,PRT,Online TA,TA/TO,0,0,0,F,F,0,No Deposit,467.0,0,Transient,59.56,1,0
Resort Hotel,0,73,2017,February,7,17,2,2,2,0.0,0,BB,GBR,Corporate,Corporate,0,0,0,D,D,1,No Deposit,,0,Transient-Party,48.0,0,0
Resort Hotel,0,0,2017,February,8,20,1,0,2,0.0,0,BB,PRT,Online TA,TA/TO,0,0,0,E,E,0,No Deposit,240.0,0,Transient,68.0,0,0
Resort Hotel,0,82,2017,February,7,14,2,5,2,0.0,0,BB,GBR,Online TA,TA/TO,0,0,0,E,E,2,No Deposit,240.0,0,Transient,62.86,0,1
Resort Hotel,0,13,2017,February,7,17,2,2,2,0.0,0,BB,GBR,Direct,Direct,0,0,0,F,F,0,No Deposit,,0,Transient,102.0,1,1
Resort Hotel,0,15,2017,February,7,17,2,3,2,0.0,0,BB,GBR,Online TA,TA/TO,0,0,0,A,A,0,No Deposit,467.0,0,Transient,39.74,0,0
Resort Hotel,0,19,2017,February,7,15,2,5,2,0.0,0,HB,FRA,Online TA,TA/TO,0,0,0,E,E,0,No Deposit,241.0,0,Transient,82.15,1,2
Resort Hotel,0,0,2017,February,8,21,0,1,2,0.0,0,BB,PRT,Direct,Direct,0,0,0,A,A,0,No Deposit,,0,Transient,60.0,0,0
Resort Hotel,0,0,2017,February,8,22,0,1,2,0.0,0,BB,PRT,Direct,Direct,1,0,0,D,D,0,No Deposit,,0,Transient,68.0,0,1
Resort Hotel,0,0,2017,February,8,21,0,1,2,0.0,0,BB,PRT,Direct,Direct,0,0,0,A,A,0,No Deposit,,0,Transient,60.0,1,0
Resort Hotel,0,41,2017,February,7,18,2,2,2,0.0,0,BB,FRA,Online TA,TA/TO,0,0,0,A,A,0,No Deposit,196.0,0,Transient-Party,48.0,0,0
Resort Hotel,0,150,2017,February,7,17,2,3,2,0.0,0,HB,FRA,Offline TA/TO,TA/TO,0,0,0,A,D,0,No Deposit,6.0,0,Transient,58.4,1,0
Resort Hotel,0,21,2017,February,7,18,2,2,2,0.0,0,BB,GBR,Online TA,TA/TO,0,0,0,E,E,0,No Deposit,241.0,0,Transient,47.25,1,0
Resort Hotel,0,12,2017,February,7,17,2,3,2,0.0,0,BB,FRA,Online TA,TA/TO,0,0,0,D,D,0,No Deposit,242.0,0,Transient,63.2,0,0
Resort Hotel,0,5,2017,February,8,20,1,1,2,0.0,0,BB,GBR,Direct,Direct,0,0,0,E,F,0,No Deposit,250.0,0,Transient,64.7,1,2
Resort Hotel,0,0,2017,February,8,20,1,1,2,0.0,0,BB,BRA,Direct,Direct,0,0,0,C,C,0,No Deposit,,0,Transient,75.0,0,0
Resort Hotel,0,36,2017,February,7,16,2,5,2,0.0,0,BB,IRL,Direct,Direct,0,0,0,A,C,1,No Deposit,250.0,0,Transient,39.6,0,0
Resort Hotel,0,143,2017,February,6,9,4,10,2,0.0,0,BB,GBR,Online TA,TA/TO,0,0,0,E,E,0,No Deposit,241.0,0,Transient,42.97,0,2
Resort Hotel,0,0,2017,February,8,22,0,1,2,0.0,0,BB,PRT,Online TA,TA/TO,0,0,0,D,D,0,No Deposit,240.0,0,Transient-Party,68.0,0,0
Resort Hotel,0,0,2017,February,8,22,0,1,2,0.0,0,BB,PRT,Online TA,TA/TO,0,0,0,D,D,0,No Deposit,240.0,0,Transient-Party,68.0,0,0
Resort Hotel,0,0,2017,February,8,22,0,1,2,0.0,0,BB,ESP,Direct,Direct,0,0,0,A,D,0,No Deposit,,0,Transient,68.0,1,0
Resort Hotel,0,0,2017,February,8,22,0,1,2,0.0,0,BB,FRA,Online TA,TA/TO,0,0,0,D,D,0,No Deposit,240.0,0,Transient-Party,68.0,0,0
Resort Hotel,0,0,2017,February,8,22,0,1,2,0.0,0,BB,PRT,Online TA,TA/TO,0,0,0,D,D,0,No Deposit,240.0,0,Transient-Party,68.0,0,0
Resort Hotel,0,134,2017,February,8,20,1,2,2,0.0,0,BB,GBR,Online TA,TA/TO,0,0,0,E,E,0,No Deposit,241.0,0,Transient,42.97,0,1
Resort Hotel,0,26,2017,February,7,18,2,3,2,0.0,0,BB,GBR,Offline TA/TO,TA/TO,0,0,0,A,A,0,No Deposit,40.0,0,Transient,35.72,0,0
Resort Hotel,0,20,2017,February,8,20,1,2,2,0.0,0,BB,GBR,Online TA,TA/TO,0,0,0,A,A,0,No Deposit,467.0,0,Transient,34.56,0,0
Resort Hotel,0,44,2017,February,8,19,2,2,2,0.0,0,HB,GBR,Offline TA/TO,TA/TO,0,0,0,D,D,0,No Deposit,40.0,0,Contract,72.38,0,0
Resort Hotel,0,3,2017,February,8,21,0,2,2,0.0,0,BB,ESP,Online TA,TA/TO,0,0,0,E,E,0,No Deposit,240.0,0,Transient,68.0,0,2
Resort Hotel,0,0,2017,February,8,22,0,1,2,0.0,0,BB,FIN,Direct,Direct,0,0,0,E,E,0,No Deposit,,0,Transient,80.0,0,0
Resort Hotel,0,0,2017,February,8,22,0,1,2,0.0,0,BB,FIN,Direct,Direct,0,0,0,E,E,0,No Deposit,,0,Transient,80.0,1,0
Resort Hotel,0,0,2017,February,8,22,0,1,2,0.0,0,BB,FRA,Online TA,TA/TO,0,0,0,D,E,0,No Deposit,240.0,0,Transient,80.0,0,1
Resort Hotel,0,4,2017,February,8,22,0,1,2,0.0,0,HB,GBR,Offline TA/TO,TA/TO,0,0,0,D,D,0,No Deposit,171.0,0,Transient,68.0,0,0
Resort Hotel,0,24,2017,February,8,20,1,2,2,0.0,0,HB,ESP,Online TA,TA/TO,0,0,0,A,A,1,No Deposit,314.0,0,Transient,38.4,0,0
Resort Hotel,0,149,2017,February,5,2,6,16,2,0.0,0,HB,FRA,Online TA,TA/TO,0,0,0,D,D,2,No Deposit,240.0,0,Transient,73.8,0,1
Resort Hotel,0,69,2017,February,8,19,2,3,2,0.0,0,BB,ITA,Online TA,TA/TO,0,0,0,A,D,0,No Deposit,240.0,0,Transient-Party,42.0,0,2
Resort Hotel,0,79,2017,February,8,19,2,3,2,0.0,0,BB,ITA,Online TA,TA/TO,0,0,0,A,D,0,No Deposit,240.0,0,Transient-Party,42.0,0,1
Resort Hotel,0,69,2017,February,8,19,2,3,2,0.0,0,BB,ITA,Online TA,TA/TO,0,0,0,A,D,0,No Deposit,240.0,0,Transient-Party,42.0,0,2
Resort Hotel,0,28,2017,February,8,19,2,3,2,0.0,0,BB,FRA,Online TA,TA/TO,0,0,0,D,D,0,No Deposit,240.0,0,Transient,65.0,1,1
Resort Hotel,0,18,2017,February,7,18,2,4,2,0.0,0,BB,GBR,Offline TA/TO,TA/TO,0,0,0,A,A,0,No Deposit,57.0,0,Transient,34.0,0,0
Resort Hotel,0,6,2017,February,8,22,0,2,2,0.0,0,BB,PRT,Corporate,Corporate,0,0,0,A,A,1,No Deposit,,0,Transient,57.0,1,0
Resort Hotel,0,178,2017,February,6,10,4,10,2,0.0,0,BB,DEU,Offline TA/TO,TA/TO,0,0,0,E,E,0,No Deposit,171.0,0,Transient,45.0,0,0
Resort Hotel,0,225,2017,February,8,19,2,3,2,0.0,0,BB,IRL,Online TA,TA/TO,0,0,0,E,E,0,No Deposit,240.0,0,Transient,57.8,0,0
Resort Hotel,0,36,2017,February,7,18,2,4,2,0.0,0,HB,IRL,Online TA,TA/TO,0,0,0,A,A,2,No Deposit,241.0,0,Transient,57.06,0,1
Resort Hotel,0,64,2017,February,7,17,2,5,2,0.0,0,BB,NLD,Online TA,TA/TO,0,0,0,E,E,0,No Deposit,241.0,0,Transient,47.25,0,1
Resort Hotel,0,0,2017,February,8,21,0,3,2,0.0,0,BB,PRT,Direct,Direct,0,0,0,A,E,0,No Deposit,,0,Transient,0.0,0,0
Resort Hotel,0,0,2017,February,8,21,0,3,2,0.0,0,BB,PRT,Direct,Direct,0,0,0,A,E,0,No Deposit,,0,Transient,0.0,0,0
Resort Hotel,0,1,2017,August,35,31,0,1,2,0.0,0,BB,PRT,Complementary,Direct,1,0,1,A,A,0,No Deposit,531.0,0,Transient,0.0,0,1
Resort Hotel,0,100,2017,February,8,20,1,3,2,0.0,0,BB,GBR,Direct,Direct,0,0,0,A,A,0,No Deposit,250.0,0,Transient,37.8,0,1
Resort Hotel,0,41,2017,February,8,19,2,3,2,0.0,0,BB,GBR,Online TA,TA/TO,0,0,0,A,A,0,No Deposit,314.0,0,Transient,38.4,0,1
Resort Hotel,0,60,2017,February,8,21,0,4,2,0.0,0,BB,GBR,Online TA,TA/TO,0,0,0,A,A,0,No Deposit,240.0,0,Transient-Party,48.0,0,0
Resort Hotel,0,60,2017,February,8,21,0,4,2,0.0,0,BB,GBR,Online TA,TA/TO,0,0,0,A,A,0,No Deposit,240.0,0,Transient-Party,48.0,0,0
Resort Hotel,0,183,2017,February,7,18,2,5,2,0.0,0,BB,IRL,Online TA,TA/TO,0,0,0,A,A,2,No Deposit,240.0,0,Transient-Party,37.8,0,2
Resort Hotel,0,183,2017,February,7,18,2,5,2,0.0,0,BB,IRL,Online TA,TA/TO,0,0,0,A,A,2,No Deposit,240.0,0,Transient-Party,37.8,0,2
Resort Hotel,0,116,2017,February,7,18,2,5,2,0.0,0,BB,GBR,Online TA,TA/TO,0,0,0,A,A,0,No Deposit,240.0,0,Transient,42.0,0,1
Resort Hotel,0,272,2017,February,7,18,2,5,2,0.0,0,HB,GBR,Online TA,TA/TO,0,0,0,F,E,0,No Deposit,241.0,0,Transient,72.07,0,2
Resort Hotel,0,6,2017,February,8,24,0,1,2,0.0,0,BB,PRT,Direct,Direct,0,0,0,D,E,0,No Deposit,,0,Transient,68.2,1,1
Resort Hotel,0,20,2017,February,8,20,1,4,2,0.0,0,HB,ROU,Direct,Direct,0,0,0,D,D,1,No Deposit,250.0,0,Transient,89.8,0,1
Resort Hotel,0,22,2017,February,8,23,0,2,2,0.0,0,Undefined,ESP,Groups,TA/TO,0,0,0,A,A,0,No Deposit,68.0,0,Transient-Party,60.0,0,0
Resort Hotel,0,22,2017,February,8,23,0,2,2,0.0,0,Undefined,ESP,Groups,TA/TO,0,0,0,A,A,0,No Deposit,68.0,0,Transient-Party,60.0,0,0
Resort Hotel,0,22,2017,February,8,23,0,2,2,0.0,0,Undefined,PRT,Groups,TA/TO,0,0,0,A,A,0,No Deposit,68.0,0,Transient-Party,60.0,0,0
Resort Hotel,0,22,2017,February,8,23,0,2,2,0.0,0,Undefined,ESP,Groups,TA/TO,0,0,0,A,A,0,No Deposit,68.0,0,Transient-Party,60.0,0,0
Resort Hotel,0,6,2017,February,8,24,0,1,2,0.0,0,BB,PRT,Direct,Direct,0,0,0,D,E,0,No Deposit,,0,Transient,61.2,1,1
Resort Hotel,0,22,2017,February,8,23,0,2,2,0.0,0,Undefined,ESP,Groups,TA/TO,0,0,0,A,C,0,No Deposit,68.0,0,Transient-Party,60.0,0,0
Resort Hotel,0,22,2017,February,8,23,0,2,2,0.0,0,Undefined,ESP,Groups,TA/TO,0,0,0,A,D,0,No Deposit,68.0,0,Transient-Party,60.0,0,1
Resort Hotel,0,22,2017,February,8,23,0,2,2,0.0,0,Undefined,PRT,Groups,TA/TO,0,0,0,A,A,0,No Deposit,68.0,0,Transient-Party,60.0,0,0
Resort Hotel,0,22,2017,February,8,23,0,2,2,0.0,0,Undefined,ESP,Groups,TA/TO,0,0,0,A,A,0,No Deposit,68.0,0,Transient-Party,60.0,0,0
Resort Hotel,0,22,2017,February,8,23,0,2,2,0.0,0,Undefined,ESP,Groups,TA/TO,0,0,0,A,D,0,No Deposit,68.0,0,Transient-Party,60.0,0,0
Resort Hotel,0,22,2017,February,8,23,0,2,2,0.0,0,Undefined,ESP,Groups,TA/TO,0,0,0,A,D,0,No Deposit,68.0,0,Transient-Party,60.0,0,0
Resort Hotel,0,22,2017,February,8,23,0,2,2,0.0,0,Undefined,ESP,Groups,TA/TO,0,0,0,A,A,0,No Deposit,68.0,0,Transient-Party,60.0,0,0
Resort Hotel,0,9,2017,February,8,24,0,1,2,0.0,0,BB,PRT,Online TA,TA/TO,0,0,0,A,A,0,No Deposit,240.0,0,Transient,67.0,1,0
Resort Hotel,0,22,2017,February,8,23,0,2,2,0.0,0,Undefined,ESP,Groups,TA/TO,0,0,0,A,A,0,No Deposit,68.0,0,Transient-Party,60.0,0,0
Resort Hotel,0,22,2017,February,8,23,0,2,2,0.0,0,Undefined,ESP,Groups,TA/TO,0,0,0,A,A,0,No Deposit,68.0,0,Transient-Party,60.0,0,0
Resort Hotel,0,28,2017,February,7,18,2,5,2,0.0,0,FB,ESP,Offline TA/TO,TA/TO,0,0,0,A,A,0,No Deposit,6.0,0,Transient,87.0,1,0
Resort Hotel,0,42,2017,February,7,18,2,5,2,0.0,0,BB,FIN,Online TA,TA/TO,0,0,0,D,D,0,No Deposit,242.0,0,Transient,55.1,0,1
Resort Hotel,0,17,2017,February,8,20,1,4,2,0.0,0,HB,FRA,Online TA,TA/TO,0,0,0,E,E,0,No Deposit,242.0,0,Transient,104.8,0,1
Resort Hotel,0,26,2017,February,8,24,0,1,2,0.0,0,BB,FRA,Online TA,TA/TO,0,0,0,D,D,0,No Deposit,240.0,0,Transient,58.0,0,1
Resort Hotel,0,2,2017,February,8,23,0,2,2,0.0,0,BB,PRT,Online TA,TA/TO,0,0,0,D,D,0,No Deposit,240.0,0,Transient,75.0,1,1
Resort Hotel,0,22,2017,February,8,23,0,2,2,0.0,0,Undefined,ESP,Groups,TA/TO,0,0,0,A,A,0,No Deposit,68.0,0,Transient-Party,60.0,0,0
Resort Hotel,0,316,2017,February,8,21,0,4,2,0.0,0,BB,GBR,Offline TA/TO,TA/TO,0,0,0,A,A,0,No Deposit,8.0,0,Transient,30.6,0,0
Resort Hotel,0,22,2017,February,8,23,0,2,2,0.0,0,Undefined,ESP,Groups,TA/TO,0,0,0,A,A,0,No Deposit,68.0,0,Transient-Party,60.0,0,0
Resort Hotel,0,40,2017,February,8,23,0,2,2,0.0,0,Undefined,ESP,Groups,TA/TO,0,0,0,A,D,0,No Deposit,68.0,18,Transient-Party,60.0,0,0
Resort Hotel,0,6,2017,February,8,24,0,1,2,0.0,0,BB,PRT,Direct,Direct,0,0,0,D,E,0,No Deposit,,0,Transient,61.2,0,1
Resort Hotel,0,6,2017,February,8,24,0,1,2,0.0,0,BB,PRT,Direct,Direct,0,0,0,D,E,0,No Deposit,,0,Transient,68.2,1,1
Resort Hotel,0,2,2017,February,8,22,0,3,2,0.0,0,HB,PRT,Direct,Direct,0,0,0,F,F,1,No Deposit,250.0,0,Transient,113.0,0,2
Resort Hotel,0,42,2017,February,8,24,0,1,2,0.0,0,BB,PRT,Online TA,TA/TO,0,0,0,E,F,0,No Deposit,240.0,0,Transient,75.0,1,1
Resort Hotel,0,0,2017,February,8,24,0,1,2,0.0,0,BB,PRT,Direct,Direct,0,0,0,D,D,0,No Deposit,250.0,0,Transient,68.0,0,0
Resort Hotel,0,11,2017,February,8,24,0,1,2,0.0,0,HB,ESP,Direct,Direct,0,0,0,D,D,0,No Deposit,250.0,0,Transient,107.0,1,0
Resort Hotel,0,138,2017,February,5,4,6,15,2,0.0,0,HB,FRA,Online TA,TA/TO,0,0,0,E,E,0,No Deposit,240.0,0,Transient,82.8,0,0
Resort Hotel,0,139,2017,February,8,19,2,5,2,0.0,0,BB,GBR,Offline TA/TO,TA/TO,0,0,0,D,D,0,No Deposit,177.0,0,Transient,39.8,0,1
Resort Hotel,0,70,2017,February,8,22,0,4,2,0.0,0,BB,GBR,Corporate,Corporate,0,0,0,A,A,0,No Deposit,,0,Transient-Party,42.0,0,0
Resort Hotel,0,29,2017,February,8,19,2,5,2,0.0,0,BB,GBR,Offline TA/TO,TA/TO,0,0,0,D,D,0,No Deposit,40.0,0,Contract,42.38,0,0
Resort Hotel,0,119,2017,February,7,16,2,8,2,0.0,0,HB,GBR,Offline TA/TO,TA/TO,0,0,0,D,D,0,No Deposit,40.0,0,Contract,66.72,0,0
Resort Hotel,0,70,2017,February,8,22,0,4,2,0.0,0,BB,GBR,Corporate,Corporate,0,0,0,A,A,0,No Deposit,,0,Transient-Party,42.0,0,0
Resort Hotel,0,24,2017,February,8,19,2,5,2,0.0,0,BB,GBR,Offline TA/TO,TA/TO,0,0,0,A,C,0,No Deposit,40.0,0,Contract,34.0,0,0
Resort Hotel,0,29,2017,February,8,19,2,5,2,0.0,0,BB,IRL,Offline TA/TO,TA/TO,0,0,0,E,E,0,No Deposit,171.0,0,Transient,51.71,0,0
Resort Hotel,0,70,2017,February,8,22,0,4,2,0.0,0,BB,GBR,Corporate,Corporate,0,0,0,A,A,0,No Deposit,,0,Transient-Party,44.0,0,0
Resort Hotel,0,50,2017,February,8,24,0,2,2,0.0,0,BB,ESP,Direct,Direct,0,0,0,A,A,1,No Deposit,250.0,0,Transient,54.0,0,0
Resort Hotel,0,110,2017,February,8,24,0,2,2,0.0,0,BB,BRA,Online TA,TA/TO,0,0,0,A,A,0,No Deposit,240.0,0,Transient,49.0,1,1
Resort Hotel,0,78,2017,February,8,22,0,4,2,0.0,0,BB,GBR,Online TA,TA/TO,0,0,0,D,D,0,No Deposit,241.0,0,Transient,38.04,0,1
Resort Hotel,0,70,2017,February,8,22,0,4,2,0.0,0,BB,GBR,Corporate,Corporate,0,0,0,A,A,0,No Deposit,,0,Transient-Party,49.0,1,0
Resort Hotel,0,37,2017,February,8,24,0,2,2,0.0,0,Undefined,ESP,Online TA,TA/TO,0,0,0,A,C,1,No Deposit,314.0,0,Transient,88.56,0,0
Resort Hotel,0,21,2017,February,8,22,0,4,2,0.0,0,BB,GBR,Corporate,Corporate,0,0,0,A,A,1,No Deposit,,0,Transient-Party,42.0,0,0
Resort Hotel,0,21,2017,February,8,22,0,4,2,0.0,0,BB,GBR,Corporate,Corporate,0,0,0,A,A,0,No Deposit,,0,Transient-Party,42.0,0,0
Resort Hotel,0,70,2017,February,8,22,0,4,2,0.0,0,BB,GBR,Corporate,Corporate,0,0,0,A,A,0,No Deposit,,0,Transient-Party,42.0,0,0
Resort Hotel,0,111,2017,February,8,19,2,5,2,0.0,0,HB,FRA,Offline TA/TO,TA/TO,0,0,0,D,D,0,No Deposit,177.0,0,Transient,52.4,0,0
Resort Hotel,0,20,2017,February,8,21,0,5,2,0.0,0,BB,GBR,Corporate,Corporate,0,0,0,A,A,0,No Deposit,,0,Transient-Party,42.0,0,0
Resort Hotel,0,139,2017,February,7,12,4,10,2,0.0,0,HB,GBR,Offline TA/TO,TA/TO,0,0,0,E,E,0,No Deposit,40.0,0,Transient,99.0,0,0
Resort Hotel,0,0,2017,February,8,25,0,1,2,0.0,0,BB,IRL,Direct,Direct,0,0,0,F,F,0,No Deposit,,0,Transient,85.0,0,0
Resort Hotel,0,0,2017,February,8,25,0,1,2,0.0,0,BB,IRL,Direct,Direct,0,0,0,F,F,0,No Deposit,,0,Transient,85.0,0,0
Resort Hotel,0,19,2017,February,8,24,0,2,2,0.0,0,BB,PRT,Direct,Direct,0,0,0,D,D,0,No Deposit,250.0,0,Transient,68.0,0,2
Resort Hotel,0,10,2017,February,8,24,0,2,2,0.0,0,BB,PRT,Direct,Direct,0,0,0,A,A,0,No Deposit,250.0,0,Transient,60.0,0,0
Resort Hotel,0,36,2017,February,7,16,2,8,2,0.0,0,HB,GBR,Offline TA/TO,TA/TO,0,0,0,E,E,0,No Deposit,40.0,0,Transient,83.76,0,0
Resort Hotel,0,3,2017,February,8,25,0,1,2,0.0,0,BB,PRT,Online TA,TA/TO,0,0,0,E,E,1,No Deposit,240.0,0,Transient,80.0,0,2
Resort Hotel,0,70,2017,February,8,22,0,4,2,0.0,0,BB,GBR,Corporate,Corporate,0,0,0,A,A,0,No Deposit,,0,Transient-Party,42.0,0,0
Resort Hotel,0,27,2017,February,8,24,0,2,2,0.0,0,BB,PRT,Online TA,TA/TO,0,0,0,A,A,0,No Deposit,240.0,0,Transient,48.0,0,1
Resort Hotel,0,88,2017,February,8,20,2,5,2,0.0,0,BB,GBR,Corporate,Corporate,0,0,0,A,A,2,No Deposit,,20,Transient-Party,42.0,0,0
Resort Hotel,0,43,2017,February,8,23,1,3,2,0.0,0,BB,GBR,Online TA,TA/TO,0,0,0,D,D,0,No Deposit,240.0,0,Transient,58.0,0,2
Resort Hotel,0,166,2017,February,6,6,6,15,2,0.0,0,BB,GBR,Offline TA/TO,TA/TO,0,0,0,A,A,0,No Deposit,177.0,0,Transient,32.6,0,1
Resort Hotel,0,25,2017,February,7,13,4,10,2,0.0,0,HB,GBR,Offline TA/TO,TA/TO,0,0,0,E,E,0,No Deposit,40.0,0,Transient,83.76,0,0
Resort Hotel,0,16,2017,February,8,20,2,5,2,0.0,0,HB,GBR,Online TA,TA/TO,0,0,0,F,F,0,No Deposit,467.0,0,Transient,82.02,1,0
Resort Hotel,0,29,2017,February,8,25,1,1,2,0.0,0,BB,PRT,Online TA,TA/TO,0,0,0,D,D,0,No Deposit,240.0,0,Transient-Party,58.0,0,2
Resort Hotel,0,77,2017,February,8,20,2,5,2,0.0,0,BB,GBR,Offline TA/TO,TA/TO,0,0,0,A,A,0,No Deposit,26.0,0,Transient,36.0,0,0
Resort Hotel,0,17,2017,February,8,25,1,1,2,0.0,0,HB,ESP,Online TA,TA/TO,0,0,0,A,A,0,No Deposit,240.0,0,Transient,86.0,0,2
Resort Hotel,0,18,2017,February,8,25,1,1,2,0.0,0,BB,ESP,Online TA,TA/TO,0,0,0,D,D,0,No Deposit,240.0,0,Transient,62.0,0,1
Resort Hotel,0,16,2017,February,8,25,1,1,2,0.0,0,FB,ESP,Offline TA/TO,TA/TO,0,0,0,D,D,0,No Deposit,6.0,0,Transient,88.0,0,0
Resort Hotel,0,32,2017,February,9,26,1,0,2,0.0,0,HB,NOR,Online TA,TA/TO,0,0,0,E,E,0,No Deposit,240.0,0,Transient,100.0,0,1
Resort Hotel,0,48,2017,February,8,25,1,1,2,0.0,0,BB,PRT,Online TA,TA/TO,0,0,0,D,D,0,No Deposit,240.0,0,Transient-Party,58.0,0,3
Resort Hotel,0,55,2017,February,8,23,1,3,2,0.0,0,BB,CHL,Online TA,TA/TO,0,0,0,E,E,3,No Deposit,240.0,0,Transient-Party,75.0,1,2
Resort Hotel,0,62,2017,February,8,25,1,1,2,0.0,0,BB,PRT,Online TA,TA/TO,0,0,0,A,A,0,No Deposit,240.0,0,Transient,48.0,0,1
Resort Hotel,0,62,2017,February,8,25,1,1,2,0.0,0,BB,PRT,Online TA,TA/TO,0,0,0,A,A,0,No Deposit,240.0,0,Transient,48.0,0,1
Resort Hotel,0,32,2017,February,8,23,1,3,2,0.0,0,BB,DEU,Online TA,TA/TO,0,0,0,E,E,0,No Deposit,240.0,0,Transient,75.0,1,1
Resort Hotel,0,32,2017,February,8,25,1,1,2,0.0,0,BB,ESP,Direct,Direct,0,0,0,D,D,1,No Deposit,250.0,0,Transient,69.0,1,1
Resort Hotel,0,3,2017,February,8,25,1,1,2,0.0,0,BB,PRT,Direct,Direct,0,0,0,A,E,0,No Deposit,250.0,0,Transient,70.0,0,1
Resort Hotel,0,2,2017,February,9,26,1,0,2,0.0,0,BB,ESP,Online TA,TA/TO,0,0,0,A,C,0,No Deposit,240.0,0,Transient,60.0,0,1
Resort Hotel,0,19,2017,February,8,25,1,1,2,0.0,0,HB,ESP,Online TA,TA/TO,0,0,0,D,D,0,No Deposit,241.0,0,Transient,72.38,1,0
Resort Hotel,0,0,2017,February,9,26,1,0,2,0.0,0,BB,ESP,Online TA,TA/TO,0,0,0,A,A,0,No Deposit,240.0,0,Transient,60.0,0,2
Resort Hotel,0,19,2017,February,9,26,1,0,2,0.0,0,HB,USA,Online TA,TA/TO,0,0,0,F,F,0,No Deposit,241.0,0,Transient,87.85,0,1
Resort Hotel,0,0,2017,February,9,26,1,0,2,0.0,0,BB,PRT,Direct,Direct,0,0,0,F,F,0,No Deposit,,0,Transient,85.0,0,0
Resort Hotel,0,16,2017,February,8,25,1,1,2,0.0,0,BB,PRT,Online TA,TA/TO,0,0,0,A,D,0,No Deposit,240.0,0,Transient-Party,49.0,0,1
Resort Hotel,0,2,2017,February,9,26,1,0,2,0.0,0,HB,ESP,Direct,Direct,0,0,0,A,A,3,No Deposit,250.0,0,Transient,99.0,1,0
Resort Hotel,0,25,2017,February,8,24,1,2,2,0.0,0,HB,ZWE,Online TA,TA/TO,0,0,0,D,D,0,No Deposit,241.0,0,Transient,65.83,0,1
Resort Hotel,0,25,2017,February,8,24,1,2,2,0.0,0,HB,GBR,Online TA,TA/TO,0,0,0,D,D,0,No Deposit,241.0,0,Transient,65.83,0,1
Resort Hotel,0,25,2017,February,8,24,1,2,2,0.0,0,HB,GBR,Online TA,TA/TO,0,0,0,D,D,0,No Deposit,241.0,0,Transient,65.83,0,1
Resort Hotel,0,48,2017,February,8,25,1,1,2,0.0,0,BB,PRT,Online TA,TA/TO,0,0,0,D,D,0,No Deposit,240.0,0,Transient-Party,58.0,0,3
Resort Hotel,0,25,2017,February,8,24,1,2,2,0.0,0,HB,GBR,Online TA,TA/TO,0,0,0,D,D,0,No Deposit,241.0,0,Transient,65.83,0,1
Resort Hotel,0,51,2017,February,8,25,1,1,2,0.0,0,BB,PRT,Direct,Direct,0,0,0,A,A,1,No Deposit,250.0,0,Transient,44.0,0,0
Resort Hotel,0,0,2017,February,9,26,1,0,2,0.0,0,BB,CHE,Direct,Direct,0,0,0,A,A,1,No Deposit,,0,Transient-Party,60.0,0,0
Resort Hotel,0,0,2017,February,9,26,1,0,2,0.0,0,BB,CHE,Direct,Direct,0,0,0,A,A,0,No Deposit,,0,Transient-Party,60.0,0,0
Resort Hotel,0,3,2017,February,9,26,1,0,2,0.0,0,BB,PRT,Online TA,TA/TO,0,0,0,A,D,0,No Deposit,314.0,0,Transient,43.2,0,3
Resort Hotel,0,119,2017,February,8,25,2,1,2,0.0,0,BB,ITA,Online TA,TA/TO,0,0,0,D,D,0,No Deposit,240.0,0,Transient,62.0,0,0
Resort Hotel,0,119,2017,February,8,25,2,1,2,0.0,0,BB,ITA,Online TA,TA/TO,0,0,0,D,D,0,No Deposit,240.0,0,Transient,69.0,1,0
Resort Hotel,0,119,2017,February,8,25,2,1,2,0.0,0,BB,ITA,Online TA,TA/TO,0,0,0,D,D,0,No Deposit,240.0,0,Transient,62.0,0,0
Resort Hotel,0,64,2017,February,7,18,4,6,2,0.0,0,BB,GBR,Offline TA/TO,TA/TO,0,0,0,D,D,0,No Deposit,171.0,0,Transient,42.0,0,0
Resort Hotel,0,47,2017,February,8,25,2,1,2,0.0,0,BB,ESP,Online TA,TA/TO,0,0,0,D,D,0,No Deposit,240.0,0,Transient,85.0,1,1
Resort Hotel,0,88,2017,January,4,24,10,25,2,0.0,0,BB,GBR,Direct,Direct,0,0,0,D,D,0,No Deposit,,0,Transient,41.47,0,1
Resort Hotel,0,22,2017,February,8,25,2,1,2,0.0,0,HB,PRT,Online TA,TA/TO,0,0,0,A,A,2,No Deposit,314.0,0,Transient,64.44,0,2
Resort Hotel,0,22,2017,February,8,25,2,1,2,0.0,0,HB,PRT,Online TA,TA/TO,0,0,0,A,A,2,No Deposit,314.0,0,Transient,71.44,1,2
Resort Hotel,0,22,2017,February,8,25,2,1,2,0.0,0,HB,PRT,Direct,Direct,0,0,0,A,A,3,No Deposit,250.0,0,Transient,75.16,1,1
Resort Hotel,0,10,2017,February,8,25,2,1,2,0.0,0,BB,ESP,Online TA,TA/TO,0,0,0,A,A,0,No Deposit,240.0,0,Transient,52.0,0,1
Resort Hotel,0,29,2017,February,8,25,2,1,2,0.0,0,BB,PRT,Online TA,TA/TO,0,0,0,E,E,0,No Deposit,240.0,0,Transient,75.0,1,1
Resort Hotel,0,14,2017,February,8,25,2,1,2,0.0,0,HB,ESP,Direct,Direct,0,0,0,F,F,1,No Deposit,250.0,0,Transient,109.0,0,1
Resort Hotel,0,0,2017,February,8,24,2,2,2,0.0,0,BB,ESP,Offline TA/TO,TA/TO,0,0,0,A,A,0,No Deposit,177.0,0,Transient-Party,38.0,0,0
Resort Hotel,0,18,2017,February,9,26,2,0,2,0.0,0,BB,GBR,Online TA,TA/TO,0,0,0,D,D,1,No Deposit,241.0,0,Transient,43.12,0,1
Resort Hotel,0,0,2017,February,9,28,0,2,2,0.0,0,BB,GBR,Direct,Direct,1,0,0,F,F,0,No Deposit,,0,Transient,70.5,0,0
Resort Hotel,0,18,2017,February,9,27,1,0,2,0.0,0,BB,PRT,Online TA,TA/TO,0,0,0,D,D,0,No Deposit,242.0,0,Transient,56.0,0,1
Resort Hotel,0,65,2017,February,8,21,2,5,2,0.0,0,BB,NLD,Online TA,TA/TO,0,0,0,D,D,0,No Deposit,241.0,0,Transient,40.31,0,1
Resort Hotel,0,26,2017,February,8,25,2,1,2,0.0,0,HB,ESP,Online TA,TA/TO,0,0,0,A,A,1,No Deposit,314.0,0,Transient,64.96,1,0
Resort Hotel,0,0,2017,February,9,26,2,0,2,0.0,0,BB,PRT,Direct,Direct,0,0,0,A,A,0,No Deposit,,0,Transient,62.0,0,0
Resort Hotel,0,17,2017,February,8,24,2,2,2,0.0,0,BB,PRT,Direct,Direct,0,0,0,D,D,0,No Deposit,250.0,0,Transient,55.8,0,1
Resort Hotel,0,26,2017,February,8,25,2,1,2,0.0,0,HB,ESP,Online TA,TA/TO,0,0,0,A,A,1,No Deposit,314.0,0,Transient,57.96,0,0
Resort Hotel,0,36,2017,February,8,25,2,1,2,0.0,0,HB,PRT,Online TA,TA/TO,0,0,0,A,A,0,No Deposit,196.0,0,Transient,64.0,0,0
Resort Hotel,0,26,2017,February,8,25,2,1,2,0.0,0,HB,ESP,Online TA,TA/TO,0,0,0,A,A,1,No Deposit,314.0,0,Transient,64.96,1,0
Resort Hotel,0,20,2017,February,8,21,2,5,2,0.0,0,BB,GBR,Corporate,Corporate,0,0,0,A,A,0,No Deposit,,0,Transient-Party,42.0,0,0
Resort Hotel,0,11,2017,February,9,27,1,0,2,0.0,0,BB,ESP,Offline TA/TO,TA/TO,0,0,0,A,D,0,No Deposit,436.0,0,Transient,34.0,1,0
Resort Hotel,0,69,2017,February,8,21,2,5,2,0.0,0,BB,GBR,Corporate,Corporate,0,0,0,A,A,0,No Deposit,,0,Transient-Party,44.0,0,0
Resort Hotel,0,26,2017,February,8,24,2,2,2,0.0,0,BB,PRT,Online TA,TA/TO,0,0,0,D,D,0,No Deposit,240.0,0,Transient-Party,65.0,1,2
Resort Hotel,0,10,2017,February,8,25,2,1,2,0.0,0,HB,FRA,Direct,Direct,0,0,0,E,E,1,No Deposit,250.0,0,Transient,104.0,0,0
Resort Hotel,0,7,2017,February,9,26,2,0,2,0.0,0,HB,ESP,Online TA,TA/TO,0,0,0,E,E,0,No Deposit,240.0,0,Transient,107.0,1,1
Resort Hotel,0,10,2017,February,8,25,2,1,2,0.0,0,BB,PRT,Direct,Direct,0,0,0,E,F,0,No Deposit,,0,Transient,78.67,0,1
Resort Hotel,0,8,2017,February,8,25,2,1,2,0.0,0,BB,ESP,Online TA,TA/TO,0,0,0,A,A,0,No Deposit,240.0,0,Transient,52.0,0,1
Resort Hotel,0,21,2017,February,8,25,2,1,2,0.0,0,BB,PRT,Online TA,TA/TO,0,0,0,D,D,1,No Deposit,240.0,0,Transient-Party,61.33,0,2
Resort Hotel,0,138,2017,February,8,24,2,2,2,0.0,0,BB,ESP,Online TA,TA/TO,0,0,0,A,A,1,No Deposit,240.0,0,Transient,37.8,0,1
Resort Hotel,0,87,2017,February,8,25,2,1,2,0.0,0,BB,ESP,Online TA,TA/TO,0,0,0,A,A,0,No Deposit,240.0,0,Transient,42.0,0,1
Resort Hotel,0,80,2017,February,8,23,2,3,2,0.0,0,BB,GBR,Offline TA/TO,TA/TO,0,0,0,A,A,2,No Deposit,26.0,0,Transient,36.0,0,0
Resort Hotel,0,1,2017,February,9,26,2,0,2,0.0,0,BB,PRT,Online TA,TA/TO,0,0,0,A,A,0,No Deposit,240.0,0,Transient,67.0,0,2
Resort Hotel,0,46,2017,February,8,25,2,1,2,0.0,0,BB,PRT,Online TA,TA/TO,0,0,0,D,D,0,No Deposit,240.0,0,Transient,58.0,0,2
Resort Hotel,0,3,2017,February,9,27,1,0,2,0.0,0,BB,PRT,Online TA,TA/TO,0,0,0,A,A,0,No Deposit,240.0,0,Transient-Party,60.0,0,1
Resort Hotel,0,3,2017,February,9,27,1,0,2,0.0,0,BB,PRT,Online TA,TA/TO,0,0,0,A,A,0,No Deposit,240.0,0,Transient-Party,60.0,0,1
Resort Hotel,0,0,2017,February,8,25,2,1,2,0.0,0,BB,PRT,Direct,Direct,0,0,0,A,A,1,No Deposit,,0,Transient,48.0,0,1
Resort Hotel,0,15,2017,February,8,25,2,1,2,0.0,0,HB,ESP,Online TA,TA/TO,0,0,0,A,A,0,No Deposit,240.0,0,Transient,91.0,1,3
Resort Hotel,0,10,2017,February,8,25,2,1,2,0.0,0,BB,PRT,Direct,Direct,0,0,0,E,F,0,No Deposit,,0,Transient,78.67,0,1
Resort Hotel,0,109,2017,February,8,25,2,1,2,0.0,0,BB,DEU,Online TA,TA/TO,0,0,0,A,A,2,No Deposit,240.0,0,Transient,42.0,0,3
Resort Hotel,0,32,2017,February,8,25,2,1,2,0.0,0,BB,PRT,Online TA,TA/TO,0,0,0,A,A,1,No Deposit,240.0,0,Transient-Party,48.0,0,2
Resort Hotel,0,49,2017,February,9,26,2,0,2,0.0,0,HB,PRT,Direct,Direct,0,0,0,A,A,0,No Deposit,250.0,0,Transient,67.0,0,0
Resort Hotel,0,8,2017,February,8,25,2,1,2,0.0,0,BB,PRT,Online TA,TA/TO,0,0,0,A,A,0,No Deposit,240.0,0,Transient,52.0,0,1
Resort Hotel,0,91,2017,February,8,25,2,1,2,0.0,0,BB,BRA,Online TA,TA/TO,0,0,0,D,D,0,No Deposit,240.0,0,Transient,52.0,0,1
Resort Hotel,0,32,2017,February,8,25,2,1,2,0.0,0,BB,PRT,Online TA,TA/TO,0,0,0,D,D,1,No Deposit,240.0,0,Transient-Party,58.0,0,2
Resort Hotel,0,10,2017,February,8,25,2,1,2,0.0,0,BB,ESP,Online TA,TA/TO,0,0,0,A,A,0,No Deposit,240.0,0,Transient,52.0,0,1
Resort Hotel,0,15,2017,February,9,26,2,0,2,0.0,0,BB,ESP,Online TA,TA/TO,0,0,0,A,A,0,No Deposit,240.0,0,Transient,48.0,0,2
Resort Hotel,0,26,2017,February,8,24,2,2,2,0.0,0,BB,PRT,Online TA,TA/TO,0,0,0,D,D,0,No Deposit,240.0,0,Transient-Party,58.0,0,0
Resort Hotel,0,26,2017,February,8,25,2,1,2,0.0,0,HB,ESP,Online TA,TA/TO,0,0,0,A,A,1,No Deposit,314.0,0,Transient,57.96,0,0
Resort Hotel,0,27,2017,February,8,22,2,5,2,0.0,0,HB,NLD,Offline TA/TO,TA/TO,0,0,0,E,E,0,No Deposit,75.0,0,Transient,76.0,0,0
Resort Hotel,0,81,2017,February,8,22,2,5,2,0.0,0,BB,CN,Offline TA/TO,TA/TO,0,0,0,D,D,0,No Deposit,96.0,0,Transient,49.0,1,1
Resort Hotel,0,34,2017,February,8,22,2,5,2,0.0,0,BB,CN,Online TA,TA/TO,0,0,0,A,A,0,No Deposit,241.0,0,Transient,35.11,0,1
Resort Hotel,0,7,2017,February,9,28,0,1,2,0.0,0,HB,PRT,Online TA,TA/TO,0,0,0,E,E,0,No Deposit,240.0,0,Transient,100.0,0,1
Resort Hotel,0,23,2017,February,9,28,0,1,2,0.0,0,BB,LUX,Online TA,TA/TO,0,0,0,A,A,0,No Deposit,241.0,0,Transient,43.96,1,1
Resort Hotel,0,0,2017,February,9,27,1,1,2,0.0,0,BB,ESP,Direct,Direct,0,0,0,A,A,0,No Deposit,,0,Transient,49.0,0,0
Resort Hotel,0,0,2017,February,9,27,1,1,2,0.0,0,BB,ESP,Direct,Direct,0,0,0,A,A,0,No Deposit,,0,Transient,54.0,0,0
Resort Hotel,0,61,2017,February,8,22,2,5,2,0.0,0,BB,DEU,Online TA,TA/TO,0,0,0,D,D,0,No Deposit,240.0,0,Transient,65.0,1,2
Resort Hotel,0,113,2017,February,8,22,2,5,2,0.0,0,BB,NLD,Direct,Direct,0,0,0,F,F,0,No Deposit,250.0,0,Transient,60.3,0,1
Resort Hotel,0,3,2017,February,9,28,0,1,2,0.0,0,BB,NLD,Online TA,TA/TO,0,0,0,A,A,0,No Deposit,240.0,0,Transient,55.0,1,1
Resort Hotel,0,48,2017,February,9,28,0,1,2,0.0,0,BB,FIN,Online TA,TA/TO,0,0,0,E,E,0,No Deposit,241.0,0,Transient,49.74,0,1
Resort Hotel,0,27,2017,February,9,28,0,1,2,0.0,0,BB,BRA,Online TA,TA/TO,0,0,0,D,D,0,No Deposit,240.0,0,Transient-Party,63.0,1,2
Resort Hotel,0,67,2017,February,8,25,2,2,2,0.0,0,BB,ITA,Online TA,TA/TO,0,0,0,F,F,0,No Deposit,241.0,0,Transient,53.4,0,1
Resort Hotel,0,27,2017,February,9,28,0,1,2,0.0,0,BB,BRA,Online TA,TA/TO,0,0,0,D,D,0,No Deposit,240.0,0,Transient-Party,56.0,0,2
Resort Hotel,0,32,2017,February,8,24,2,3,2,0.0,0,BB,PRT,Direct,Direct,0,0,0,E,F,1,No Deposit,250.0,0,Transient,77.0,1,2
Resort Hotel,0,2,2017,February,9,26,2,1,2,0.0,0,BB,UKR,Direct,Direct,0,0,0,A,A,0,No Deposit,250.0,0,Transient,58.0,0,0
Resort Hotel,0,0,2017,February,9,28,0,1,2,0.0,0,BB,PRT,Online TA,TA/TO,0,0,0,A,D,0,No Deposit,240.0,0,Transient,48.0,0,0
Resort Hotel,0,0,2017,February,9,28,0,1,2,0.0,0,BB,PRT,Direct,Direct,0,0,0,A,A,0,No Deposit,,0,Transient,48.0,0,1
Resort Hotel,0,0,2017,February,9,27,1,1,2,0.0,0,BB,PRT,Direct,Direct,0,0,0,D,D,0,No Deposit,,0,Transient-Party,62.0,1,0
Resort Hotel,0,12,2017,June,26,26,1,0,2,0.0,0,BB,PRT,Direct,Direct,1,0,1,A,I,2,No Deposit,,0,Transient,149.0,1,0
Resort Hotel,0,81,2017,February,8,22,2,5,2,0.0,0,BB,CN,Offline TA/TO,TA/TO,0,0,0,D,D,0,No Deposit,96.0,0,Transient,42.0,0,1
Resort Hotel,0,37,2017,February,8,25,2,2,2,0.0,0,BB,GBR,Offline TA/TO,TA/TO,0,0,0,A,A,0,No Deposit,95.0,0,Transient,34.0,0,0
Resort Hotel,0,97,2017,February,8,25,2,2,2,0.0,0,BB,PRT,Online TA,TA/TO,0,0,0,A,A,0,No Deposit,196.0,0,Transient,33.6,0,0
Resort Hotel,0,0,2017,February,9,27,1,1,2,0.0,0,BB,PRT,Direct,Direct,0,0,0,A,A,1,No Deposit,,0,Transient,60.0,0,0
Resort Hotel,0,1,2017,February,9,28,0,1,2,0.0,0,BB,ESP,Online TA,TA/TO,0,0,0,A,D,0,No Deposit,240.0,0,Transient,48.0,0,1
Resort Hotel,0,93,2017,February,9,26,2,1,2,0.0,0,BB,IND,Online TA,TA/TO,0,0,0,E,E,1,No Deposit,240.0,0,Transient,62.0,0,0
Resort Hotel,0,0,2017,March,9,1,0,1,2,0.0,0,BB,PRT,Direct,Direct,0,0,0,A,A,1,No Deposit,,0,Transient,60.0,0,0
Resort Hotel,0,37,2017,February,8,23,2,5,2,0.0,0,BB,PRT,Offline TA/TO,TA/TO,0,0,0,A,A,0,No Deposit,57.0,0,Transient,34.0,0,1
Resort Hotel,0,50,2017,February,9,26,2,2,2,0.0,0,BB,GBR,Online TA,TA/TO,0,0,0,D,D,0,No Deposit,314.0,0,Transient,48.8,0,0
Resort Hotel,0,41,2017,February,8,25,2,3,2,0.0,0,HB,GBR,Online TA,TA/TO,0,0,0,D,D,0,No Deposit,240.0,0,Transient,99.0,1,1
Resort Hotel,0,40,2017,February,8,25,2,3,2,0.0,0,HB,GBR,Online TA,TA/TO,0,0,0,D,D,0,No Deposit,240.0,0,Transient,92.0,0,1
Resort Hotel,0,0,2017,February,9,27,1,2,2,0.0,0,BB,FRA,Direct,Direct,0,0,0,D,D,0,No Deposit,,0,Transient,60.0,0,1
Resort Hotel,0,0,2017,February,9,28,0,2,2,0.0,0,BB,PRT,Online TA,TA/TO,0,0,0,A,A,0,No Deposit,240.0,0,Transient,48.0,0,2
Resort Hotel,0,6,2017,February,9,26,2,2,2,0.0,0,BB,ESP,Direct,Direct,0,0,0,A,A,2,No Deposit,250.0,0,Transient-Party,51.25,0,0
Resort Hotel,0,6,2017,February,9,26,2,2,2,0.0,0,BB,ESP,Direct,Direct,0,0,0,A,A,2,No Deposit,250.0,0,Transient-Party,51.25,1,0
Resort Hotel,0,6,2017,February,9,26,2,2,2,0.0,0,BB,ESP,Direct,Direct,0,0,0,A,A,2,No Deposit,250.0,0,Transient,51.25,1,0
Resort Hotel,0,13,2017,February,8,21,2,7,2,0.0,0,BB,FRA,Offline TA/TO,TA/TO,0,0,0,D,D,0,No Deposit,436.0,0,Transient,44.0,0,0
Resort Hotel,0,20,2017,February,8,23,2,5,2,0.0,0,Undefined,FRA,Offline TA/TO,TA/TO,0,0,0,A,A,0,No Deposit,464.0,0,Transient,66.0,0,0
Resort Hotel,0,0,2017,February,9,28,0,2,2,0.0,0,BB,GBR,Direct,Direct,0,0,0,E,E,0,No Deposit,,0,Transient,65.5,0,0
Resort Hotel,0,3,2017,April,15,11,0,1,2,0.0,0,BB,PRT,Direct,Direct,1,0,0,D,D,0,No Deposit,,0,Transient,100.0,0,1
Resort Hotel,0,28,2017,February,7,16,4,10,2,0.0,0,HB,GBR,Offline TA/TO,TA/TO,0,0,0,E,E,0,No Deposit,40.0,0,Contract,81.76,0,0
Resort Hotel,0,4,2017,February,9,28,0,2,2,0.0,0,BB,PRT,Direct,Direct,0,0,0,A,A,0,No Deposit,250.0,0,Transient,45.5,0,0
Resort Hotel,0,0,2017,March,9,1,0,1,2,0.0,0,BB,PRT,Direct,Direct,0,0,0,A,A,0,No Deposit,,0,Transient,60.0,1,0
Resort Hotel,0,0,2017,February,9,28,0,2,2,0.0,0,BB,PRT,Direct,Direct,0,0,0,A,A,1,No Deposit,,0,Transient,48.0,0,0
Resort Hotel,0,9,2017,February,8,23,2,5,2,0.0,0,BB,GBR,Online TA,TA/TO,0,0,0,E,E,0,No Deposit,240.0,0,Transient,74.86,0,2
Resort Hotel,0,53,2017,February,8,25,2,3,2,0.0,0,BB,USA,Online TA,TA/TO,0,0,0,E,E,2,No Deposit,240.0,0,Transient,72.4,0,2
Resort Hotel,0,0,2017,February,9,28,0,2,2,0.0,0,BB,PRT,Online TA,TA/TO,0,0,0,E,E,0,No Deposit,240.0,0,Transient,68.0,0,1
Resort Hotel,0,28,2017,February,8,20,3,7,2,0.0,0,HB,GBR,Offline TA/TO,TA/TO,0,0,0,E,E,0,No Deposit,57.0,0,Transient,78.0,0,0
Resort Hotel,0,36,2017,February,8,23,2,5,2,0.0,0,BB,GBR,Offline TA/TO,TA/TO,0,0,0,A,A,0,No Deposit,40.0,0,Contract,36.12,0,0
Resort Hotel,0,7,2017,March,9,2,2,3,2,0.0,0,BB,GBR,Groups,Corporate,0,0,0,A,A,2,No Deposit,,0,Transient-Party,44.0,1,0
Resort Hotel,0,0,2017,February,9,28,0,2,2,0.0,0,BB,DEU,Direct,Direct,0,0,0,A,A,1,No Deposit,,0,Transient,38.0,1,0
Resort Hotel,0,0,2017,February,9,28,0,2,2,0.0,0,BB,PRT,Direct,Direct,0,0,0,D,D,1,No Deposit,250.0,0,Transient,56.0,0,0
Resort Hotel,0,40,2017,February,8,23,2,5,2,0.0,0,BB,FIN,Online TA,TA/TO,0,0,0,E,I,0,No Deposit,240.0,0,Transient,69.71,0,2
Resort Hotel,0,0,2017,March,9,1,0,1,2,0.0,0,BB,PRT,Online TA,TA/TO,0,0,0,A,A,0,No Deposit,240.0,0,Transient,65.0,0,2
Resort Hotel,0,28,2017,February,8,23,2,5,2,0.0,0,BB,IRL,Online TA,TA/TO,0,0,0,E,E,0,No Deposit,240.0,0,Transient,69.71,0,2
Resort Hotel,0,61,2017,February,8,25,2,4,2,0.0,0,BB,CHE,Online TA,TA/TO,0,0,0,D,D,0,No Deposit,240.0,0,Transient,64.0,0,2
Resort Hotel,0,5,2017,February,9,26,2,3,2,0.0,0,BB,GBR,Online TA,TA/TO,0,0,0,E,E,0,No Deposit,240.0,0,Transient,75.2,0,2
Resort Hotel,0,101,2017,February,5,3,8,20,2,0.0,0,BB,PRT,Online TA,TA/TO,0,0,0,E,E,0,No Deposit,314.0,0,Transient,45.72,0,0
Resort Hotel,0,27,2017,February,9,27,1,3,2,0.0,0,BB,GBR,Online TA,TA/TO,0,0,0,D,D,0,No Deposit,241.0,0,Transient,45.35,0,2
Resort Hotel,0,1,2017,March,9,2,0,1,2,0.0,0,BB,DEU,Direct,Direct,0,0,0,D,D,2,No Deposit,,0,Transient-Party,68.0,0,0
Resort Hotel,0,150,2017,February,9,28,0,4,2,0.0,0,BB,BEL,Online TA,TA/TO,0,0,0,D,E,0,No Deposit,240.0,0,Transient,49.4,0,1
Resort Hotel,0,98,2017,February,9,28,0,4,2,0.0,0,BB,IRL,Direct,Direct,0,0,0,F,F,0,No Deposit,250.0,0,Transient,76.83,0,0
Resort Hotel,0,7,2017,March,9,2,0,2,2,0.0,0,BB,GBR,Groups,Corporate,0,0,0,D,D,0,No Deposit,,0,Transient-Party,54.0,1,0
Resort Hotel,0,91,2017,February,8,25,2,5,2,0.0,0,BB,GBR,Online TA,TA/TO,0,0,0,E,E,0,No Deposit,314.0,0,Transient,54.86,0,0
Resort Hotel,0,78,2017,February,9,27,1,4,2,0.0,0,BB,ITA,Online TA,TA/TO,0,0,0,A,A,0,No Deposit,240.0,0,Transient,52.8,0,1
Resort Hotel,0,69,2017,February,8,25,2,5,2,0.0,0,BB,BEL,Online TA,TA/TO,0,0,0,A,A,0,No Deposit,240.0,0,Transient,53.14,0,2
Resort Hotel,0,4,2017,March,9,4,0,1,2,0.0,0,BB,PRT,Direct,Direct,0,0,0,D,D,1,No Deposit,250.0,0,Transient,8.0,0,1
Resort Hotel,0,0,2017,March,10,5,0,0,2,0.0,0,BB,BEL,Direct,Direct,1,0,0,A,D,0,No Deposit,,0,Transient,0.0,0,0
Resort Hotel,0,7,2017,March,9,3,0,2,2,0.0,0,BB,GBR,Online TA,TA/TO,0,0,0,E,E,0,No Deposit,467.0,0,Transient,57.6,0,0
Resort Hotel,0,7,2017,March,9,2,0,3,2,0.0,0,BB,CZE,Groups,Corporate,0,0,0,A,D,1,No Deposit,,0,Transient-Party,37.0,0,0
Resort Hotel,0,7,2017,March,9,2,0,3,2,0.0,0,BB,GBR,Groups,Corporate,0,0,0,A,A,1,No Deposit,,0,Transient-Party,37.0,0,0
Resort Hotel,0,7,2017,March,9,2,0,3,2,0.0,0,BB,NLD,Groups,Corporate,0,0,0,D,C,1,No Deposit,,0,Transient-Party,47.0,0,0
Resort Hotel,0,7,2017,March,9,2,0,3,2,0.0,0,BB,GBR,Groups,Corporate,0,0,0,A,D,1,No Deposit,,0,Transient-Party,37.0,0,0
Resort Hotel,0,6,2017,March,9,1,0,4,2,0.0,0,BB,BEL,Groups,Corporate,0,0,0,A,A,3,No Deposit,,0,Transient-Party,37.0,0,0
Resort Hotel,0,7,2017,March,9,2,0,3,2,0.0,0,BB,GBR,Groups,Corporate,0,0,0,A,D,1,No Deposit,,0,Transient-Party,37.0,0,0
Resort Hotel,0,7,2017,March,9,2,0,3,2,0.0,0,BB,GBR,Groups,Corporate,0,0,0,A,A,1,No Deposit,,0,Transient-Party,37.0,0,0
Resort Hotel,0,1,2017,March,9,4,0,1,2,0.0,0,BB,PRT,Online TA,TA/TO,0,0,0,A,D,2,No Deposit,240.0,0,Transient-Party,65.0,0,1
Resort Hotel,0,6,2017,March,9,1,0,4,2,0.0,0,BB,PRT,Groups,Corporate,0,0,0,A,A,1,No Deposit,,0,Transient-Party,37.0,0,0
Resort Hotel,0,7,2017,March,9,2,0,3,2,0.0,0,BB,GBR,Groups,Corporate,0,0,0,D,D,2,No Deposit,,0,Transient-Party,54.0,1,0
Resort Hotel,0,7,2017,March,9,2,0,3,2,0.0,0,BB,NLD,Groups,Corporate,0,0,0,A,A,1,No Deposit,,0,Transient-Party,37.0,0,0
Resort Hotel,0,1,2017,March,9,4,0,1,2,0.0,0,BB,PRT,Online TA,TA/TO,0,0,0,E,E,0,No Deposit,240.0,0,Transient,85.0,0,1
Resort Hotel,0,120,2017,February,9,28,0,5,2,0.0,0,BB,IRL,Online TA,TA/TO,0,0,0,D,E,0,No Deposit,240.0,0,Transient,62.8,0,1
Resort Hotel,0,11,2017,March,9,4,0,1,2,0.0,0,BB,PRT,Direct,Direct,0,0,0,E,F,0,No Deposit,250.0,0,Transient,75.0,0,2
Resort Hotel,0,0,2017,March,9,4,0,1,2,0.0,0,BB,PRT,Direct,Direct,0,0,0,D,D,0,No Deposit,,0,Transient,70.0,0,0
Resort Hotel,0,7,2017,March,9,2,0,3,2,0.0,0,BB,BEL,Groups,Corporate,0,0,0,A,H,4,No Deposit,,0,Transient-Party,37.0,0,0
Resort Hotel,0,7,2017,March,9,2,0,3,2,0.0,0,BB,GBR,Groups,Corporate,0,0,0,A,C,1,No Deposit,,0,Transient-Party,37.0,0,0
Resort Hotel,0,307,2017,February,8,24,2,7,2,0.0,0,BB,NLD,Online TA,TA/TO,0,0,0,E,E,0,No Deposit,241.0,0,Transient,42.97,0,4
Resort Hotel,0,0,2017,March,9,4,0,1,2,0.0,0,BB,PRT,Direct,Direct,0,0,0,D,D,0,No Deposit,,0,Transient,70.0,0,0
Resort Hotel,0,307,2017,February,8,24,2,7,2,0.0,0,BB,NLD,Online TA,TA/TO,0,0,0,E,E,0,No Deposit,241.0,0,Transient,42.97,0,4
Resort Hotel,0,53,2017,March,9,3,0,2,2,0.0,0,BB,NLD,Online TA,TA/TO,0,0,0,E,E,0,No Deposit,240.0,0,Transient,87.0,1,2
Resort Hotel,0,0,2017,March,9,4,0,1,2,0.0,0,BB,PRT,Direct,Direct,0,0,0,D,D,0,No Deposit,,0,Transient,70.0,0,0
Resort Hotel,0,3,2017,March,9,3,0,2,2,0.0,0,HB,ESP,Online TA,TA/TO,0,0,0,E,E,0,No Deposit,240.0,0,Transient,112.0,0,2
Resort Hotel,0,0,2017,March,9,4,0,1,2,0.0,0,BB,PRT,Direct,Direct,0,0,0,D,D,0,No Deposit,,0,Transient,70.0,0,1
Resort Hotel,0,2,2017,March,10,9,0,3,2,0.0,0,BB,PRT,Direct,TA/TO,1,0,1,A,A,2,No Deposit,,0,Transient,72.0,1,1
Resort Hotel,0,138,2017,March,9,2,0,3,2,0.0,0,BB,GBR,Online TA,TA/TO,0,0,0,A,E,0,No Deposit,241.0,0,Transient,41.58,0,2
Resort Hotel,0,138,2017,March,9,2,0,3,2,0.0,0,BB,GBR,Online TA,TA/TO,0,0,0,A,E,0,No Deposit,241.0,0,Transient,41.58,0,2
Resort Hotel,0,138,2017,March,9,2,0,3,2,0.0,0,BB,GBR,Online TA,TA/TO,0,0,0,A,E,0,No Deposit,241.0,0,Transient,41.58,0,2
Resort Hotel,0,112,2017,June,25,18,2,0,2,0.0,0,BB,PRT,Online TA,TA/TO,0,0,0,A,A,2,No Deposit,240.0,0,Transient,154.0,1,1
Resort Hotel,0,4,2017,March,9,4,0,1,2,0.0,0,BB,PRT,Online TA,TA/TO,0,0,0,E,E,0,No Deposit,240.0,0,Transient,80.0,0,1
Resort Hotel,0,128,2017,March,9,2,0,3,2,0.0,0,BB,GBR,Online TA,TA/TO,0,0,0,A,E,0,No Deposit,240.0,0,Transient-Party,70.0,0,2
Resort Hotel,0,128,2017,March,9,2,0,3,2,0.0,0,BB,GBR,Online TA,TA/TO,0,0,0,A,E,0,No Deposit,240.0,0,Transient-Party,70.0,0,2
Resort Hotel,0,7,2017,March,9,2,1,3,2,0.0,0,BB,BEL,Groups,Corporate,0,0,0,D,E,0,No Deposit,,0,Transient-Party,47.0,0,0
Resort Hotel,0,7,2017,March,9,2,1,3,2,0.0,0,BB,NLD,Groups,Corporate,0,0,0,D,D,0,No Deposit,,0,Transient-Party,47.0,0,0
Resort Hotel,0,7,2017,March,9,2,1,3,2,0.0,0,BB,GBR,Groups,Corporate,0,0,0,D,D,0,No Deposit,,0,Transient-Party,52.25,1,0
Resort Hotel,0,7,2017,March,9,2,1,3,2,0.0,0,BB,BEL,Groups,Corporate,0,0,0,A,A,0,No Deposit,,0,Transient-Party,37.0,1,0
Resort Hotel,0,7,2017,March,9,2,1,3,2,0.0,0,BB,GBR,Groups,Corporate,0,0,0,D,D,0,No Deposit,,0,Transient-Party,54.0,1,0
Resort Hotel,0,7,2017,March,9,2,1,3,2,0.0,0,BB,GBR,Groups,Corporate,0,0,0,D,D,0,No Deposit,,0,Transient-Party,47.0,0,0
Resort Hotel,0,7,2017,March,9,2,1,3,2,0.0,0,BB,BEL,Groups,Corporate,0,0,0,D,D,0,No Deposit,,0,Transient-Party,47.0,0,0
Resort Hotel,0,8,2017,March,9,3,1,2,2,0.0,0,BB,BEL,Groups,Corporate,0,0,0,D,D,2,No Deposit,,0,Transient-Party,47.0,0,0
Resort Hotel,0,7,2017,March,9,2,1,3,2,0.0,0,BB,BEL,Groups,Corporate,0,0,0,A,A,0,No Deposit,,0,Transient-Party,44.0,1,0
Resort Hotel,0,7,2017,March,9,2,1,3,2,0.0,0,BB,NLD,Groups,Corporate,0,0,0,A,A,0,No Deposit,,0,Transient-Party,44.0,1,0
Resort Hotel,0,7,2017,March,9,2,1,3,2,0.0,0,BB,NLD,Groups,Corporate,0,0,0,A,A,0,No Deposit,,0,Transient-Party,37.0,0,0
Resort Hotel,0,7,2017,March,9,2,1,3,2,0.0,0,BB,BEL,Groups,Corporate,0,0,0,D,D,0,No Deposit,,0,Transient-Party,47.0,0,0
Resort Hotel,0,7,2017,March,9,2,1,3,2,0.0,0,BB,BEL,Groups,Corporate,0,0,0,D,D,0,No Deposit,,0,Transient-Party,47.0,0,0
Resort Hotel,0,7,2017,March,9,2,1,3,2,0.0,0,BB,BEL,Groups,Corporate,0,0,0,A,C,0,No Deposit,,0,Transient-Party,37.0,0,0
Resort Hotel,0,6,2017,March,9,1,1,4,2,0.0,0,BB,NLD,Groups,Corporate,0,0,0,A,C,2,No Deposit,,0,Transient-Party,37.0,0,0
Resort Hotel,0,5,2017,February,9,28,1,5,2,0.0,0,BB,NLD,Groups,Corporate,0,0,0,A,A,1,No Deposit,,0,Transient-Party,47.5,2,0
Resort Hotel,0,7,2017,March,9,2,1,3,2,0.0,0,BB,BEL,Groups,Corporate,0,0,0,A,E,0,No Deposit,,0,Transient-Party,37.0,0,0
Resort Hotel,0,7,2017,March,9,2,1,3,2,0.0,0,BB,BEL,Groups,Corporate,0,0,0,D,D,0,No Deposit,,0,Transient-Party,47.0,0,0
Resort Hotel,0,7,2017,March,9,2,1,3,2,0.0,0,BB,BEL,Groups,Corporate,0,0,0,D,D,0,No Deposit,,0,Transient-Party,47.0,0,0
Resort Hotel,0,6,2017,March,9,1,1,4,2,0.0,0,BB,NLD,Groups,Corporate,0,0,0,A,A,1,No Deposit,,0,Transient-Party,37.0,0,0
Resort Hotel,0,7,2017,March,9,2,1,3,2,0.0,0,BB,BEL,Groups,Corporate,0,0,0,A,C,0,No Deposit,,0,Transient-Party,37.0,0,0
Resort Hotel,0,6,2017,March,9,1,1,4,2,0.0,0,BB,NLD,Groups,Corporate,0,0,0,D,D,1,No Deposit,,0,Transient-Party,47.0,0,0
Resort Hotel,0,7,2017,March,9,2,1,3,2,0.0,0,BB,GBR,Groups,Corporate,0,0,0,D,D,0,No Deposit,,0,Transient-Party,47.0,0,0
Resort Hotel,0,17,2017,March,9,3,1,2,2,0.0,0,HB,IRL,Online TA,TA/TO,0,0,0,D,D,0,No Deposit,242.0,0,Transient,100.0,0,1
Resort Hotel,0,14,2017,March,9,4,1,1,2,0.0,0,BB,GBR,Online TA,TA/TO,0,0,0,E,F,0,No Deposit,175.0,0,Transient,64.0,0,0
Resort Hotel,0,7,2017,March,9,2,1,3,2,0.0,0,BB,GBR,Groups,Corporate,0,0,0,D,E,0,No Deposit,,0,Transient-Party,47.0,0,0
Resort Hotel,0,7,2017,March,9,2,1,3,2,0.0,0,BB,BEL,Groups,Corporate,0,0,0,A,A,0,No Deposit,,0,Transient-Party,37.0,0,0
Resort Hotel,0,7,2017,March,9,2,1,3,2,0.0,0,BB,GBR,Groups,Corporate,0,0,0,D,D,0,No Deposit,,0,Transient-Party,47.0,0,0
Resort Hotel,0,7,2017,March,9,2,1,3,2,0.0,0,BB,BEL,Groups,Corporate,0,0,0,A,A,0,No Deposit,,0,Transient-Party,37.0,0,0
Resort Hotel,0,196,2017,February,7,13,6,15,2,0.0,0,HB,DEU,Offline TA/TO,TA/TO,0,0,0,A,A,0,No Deposit,171.0,0,Transient,56.6,0,0
Resort Hotel,0,7,2017,March,9,2,1,3,2,0.0,0,BB,NLD,Groups,Corporate,0,0,0,D,D,0,No Deposit,,0,Transient-Party,47.0,0,0
Resort Hotel,0,7,2017,March,9,2,1,3,2,0.0,0,BB,NLD,Groups,Corporate,0,0,0,A,A,4,No Deposit,,0,Transient-Party,37.0,0,0
Resort Hotel,0,7,2017,March,9,2,1,3,2,0.0,0,BB,NLD,Groups,Corporate,0,0,0,D,E,0,No Deposit,,0,Transient-Party,54.0,1,0
Resort Hotel,0,7,2017,March,9,2,1,3,2,0.0,0,BB,GBR,Groups,Corporate,0,0,0,D,D,0,No Deposit,,0,Transient-Party,47.0,0,0
Resort Hotel,0,7,2017,March,9,2,1,3,2,0.0,0,BB,GBR,Groups,Corporate,0,0,0,D,D,0,No Deposit,,0,Transient-Party,47.0,0,0
Resort Hotel,0,7,2017,March,9,2,1,3,2,0.0,0,BB,GBR,Groups,Corporate,0,0,0,D,D,0,No Deposit,,0,Transient-Party,47.0,0,0
Resort Hotel,0,39,2017,March,9,3,1,2,2,0.0,0,BB,GBR,Online TA,TA/TO,0,0,0,E,E,0,No Deposit,467.0,0,Transient-Party,57.6,0,0
Resort Hotel,0,7,2017,March,9,2,1,3,2,0.0,0,BB,NLD,Groups,Corporate,0,0,0,D,D,0,No Deposit,,0,Transient-Party,47.0,0,0
Resort Hotel,0,7,2017,March,9,2,1,3,2,0.0,0,BB,PRT,Groups,Corporate,0,0,0,D,D,0,No Deposit,,0,Transient-Party,47.0,0,0
Resort Hotel,0,34,2017,March,10,5,1,0,2,0.0,0,BB,PRT,Online TA,TA/TO,0,0,0,A,H,0,No Deposit,240.0,0,Transient,60.0,1,2
Resort Hotel,0,7,2017,March,9,2,1,3,2,0.0,0,BB,GBR,Groups,Corporate,0,0,0,D,D,0,No Deposit,,0,Transient-Party,47.0,0,0
Resort Hotel,0,125,2017,February,9,27,2,5,2,0.0,0,BB,DEU,Online TA,TA/TO,0,0,0,G,G,0,No Deposit,241.0,0,Transient,59.06,0,2
Resort Hotel,0,7,2017,March,9,2,1,3,2,0.0,0,BB,NLD,Groups,Corporate,0,0,0,D,D,0,No Deposit,,0,Transient-Party,47.0,0,0
Resort Hotel,0,7,2017,March,9,2,1,3,2,0.0,0,BB,FIN,Online TA,Direct,0,0,0,E,E,0,No Deposit,,0,Transient,75.0,0,2
Resort Hotel,0,7,2017,March,9,2,1,3,2,0.0,0,BB,NLD,Groups,Corporate,0,0,0,D,D,0,No Deposit,,0,Transient-Party,47.0,0,0
Resort Hotel,0,192,2017,March,9,2,1,3,2,0.0,0,BB,NLD,Groups,Corporate,0,0,0,D,F,0,No Deposit,,185,Transient-Party,47.0,0,0
Resort Hotel,0,39,2017,March,9,3,1,2,2,0.0,0,BB,GBR,Online TA,TA/TO,0,0,0,E,E,0,No Deposit,467.0,0,Transient-Party,57.6,0,0
Resort Hotel,0,7,2017,March,9,2,1,3,2,0.0,0,BB,GBR,Groups,Corporate,0,0,0,A,D,2,No Deposit,,0,Transient-Party,42.25,1,0
Resort Hotel,0,7,2017,March,9,2,1,3,2,0.0,0,BB,GBR,Groups,Corporate,0,0,0,D,D,0,No Deposit,,0,Transient-Party,47.0,0,0
Resort Hotel,0,7,2017,March,9,2,1,3,2,0.0,0,BB,GBR,Groups,Corporate,0,0,0,D,D,0,No Deposit,,0,Transient-Party,54.0,1,0
Resort Hotel,0,71,2017,January,2,10,16,40,2,0.0,0,BB,GBR,Online TA,TA/TO,0,0,0,A,A,0,No Deposit,196.0,0,Transient,28.79,0,0
Resort Hotel,0,16,2017,March,10,5,2,0,2,0.0,0,BB,ITA,Online TA,TA/TO,0,0,0,D,F,0,No Deposit,240.0,0,Transient,75.0,1,3
Resort Hotel,0,33,2017,March,10,6,1,0,2,0.0,0,BB,GBR,Offline TA/TO,TA/TO,0,0,0,E,E,0,No Deposit,360.0,0,Transient,65.45,0,0
Resort Hotel,0,1,2017,March,10,6,1,0,2,0.0,0,BB,GBR,Direct,Direct,0,0,0,A,D,0,No Deposit,,0,Transient,60.0,0,0
Resort Hotel,0,0,2017,March,10,7,0,0,2,0.0,0,BB,PRT,Direct,Direct,1,0,0,A,A,0,No Deposit,,0,Transient,0.0,0,0
Resort Hotel,0,7,2017,March,9,2,2,3,2,0.0,0,BB,GBR,Groups,Corporate,0,0,0,A,A,1,No Deposit,,0,Transient-Party,37.0,0,0
Resort Hotel,0,13,2017,March,10,5,2,0,2,0.0,0,BB,USA,Online TA,TA/TO,0,0,0,E,E,1,No Deposit,240.0,0,Transient,87.0,1,0
Resort Hotel,0,1,2017,March,9,4,2,1,2,0.0,0,BB,FRA,Online TA,TA/TO,0,0,0,A,I,2,No Deposit,240.0,0,Transient,65.0,0,2
Resort Hotel,0,155,2017,February,7,15,6,15,2,0.0,0,BB,NOR,Offline TA/TO,TA/TO,0,0,0,E,E,0,No Deposit,96.0,0,Transient,45.0,0,1
Resort Hotel,0,161,2017,March,9,1,2,5,2,0.0,0,BB,FRA,Offline TA/TO,TA/TO,0,0,0,A,D,0,No Deposit,6.0,0,Transient,29.0,0,0
Resort Hotel,0,0,2017,March,10,5,2,1,2,0.0,0,BB,PRT,Direct,Direct,0,0,0,D,D,0,No Deposit,,0,Transient,70.0,0,0
Resort Hotel,0,4,2017,March,10,7,0,1,2,0.0,0,BB,PRT,Online TA,TA/TO,0,0,0,A,A,0,No Deposit,240.0,0,Transient,65.0,0,1
Resort Hotel,0,1,2017,March,10,7,0,1,2,0.0,0,BB,FRA,Direct,Direct,0,0,0,A,A,0,No Deposit,,0,Transient,60.0,0,2
Resort Hotel,0,105,2017,February,8,25,4,7,2,0.0,0,BB,GBR,Online TA,TA/TO,0,0,0,A,A,3,No Deposit,240.0,0,Transient,48.27,0,1
Resort Hotel,0,201,2017,March,9,4,2,3,2,0.0,0,HB,GBR,Online TA,TA/TO,0,0,0,G,G,1,No Deposit,240.0,0,Transient,135.0,0,1
Resort Hotel,0,6,2017,March,10,8,0,1,2,0.0,0,BB,RUS,Offline TA/TO,TA/TO,0,0,0,A,A,0,No Deposit,177.0,0,Transient,34.0,0,0
Resort Hotel,0,1,2017,March,10,9,0,1,2,0.0,0,BB,RUS,Online TA,TA/TO,0,0,0,A,A,0,No Deposit,241.0,0,Group,52.0,0,1
Resort Hotel,0,11,2017,March,10,6,1,2,2,0.0,0,BB,PRT,Direct,Direct,0,0,0,A,A,0,No Deposit,,0,Transient,50.0,0,1
Resort Hotel,0,20,2017,February,8,23,4,10,2,0.0,0,Undefined,FRA,Offline TA/TO,TA/TO,0,0,0,A,A,0,No Deposit,464.0,0,Transient,66.0,0,0
Resort Hotel,0,12,2017,March,10,5,2,2,2,0.0,0,BB,GBR,Offline TA/TO,TA/TO,0,0,0,A,A,0,No Deposit,95.0,0,Transient,34.0,0,0
Resort Hotel,0,145,2017,February,9,26,4,7,2,0.0,0,BB,GBR,Offline TA/TO,TA/TO,0,0,0,A,E,0,No Deposit,171.0,0,Transient,41.51,0,0
Resort Hotel,0,124,2017,February,8,23,4,10,2,0.0,0,Undefined,FRA,Offline TA/TO,TA/TO,0,0,0,A,A,2,No Deposit,464.0,0,Transient,66.0,0,0
Resort Hotel,0,110,2017,March,10,7,0,2,2,0.0,0,BB,GBR,Online TA,TA/TO,0,0,0,A,A,0,No Deposit,147.0,0,Transient,33.6,0,0
Resort Hotel,0,191,2017,February,8,23,4,10,2,0.0,0,BB,CN,Offline TA/TO,TA/TO,0,0,0,E,E,0,No Deposit,96.0,0,Transient,47.0,0,1
Resort Hotel,0,191,2017,February,8,23,4,10,2,0.0,0,BB,CN,Offline TA/TO,TA/TO,0,0,0,E,E,0,No Deposit,96.0,0,Transient,52.0,1,1
Resort Hotel,0,145,2017,February,9,26,4,7,2,0.0,0,BB,GBR,Offline TA/TO,TA/TO,0,0,0,D,D,0,No Deposit,40.0,0,Contract,36.72,0,0
Resort Hotel,0,0,2017,March,10,9,0,1,2,0.0,0,BB,FIN,Direct,Direct,1,0,0,D,D,1,No Deposit,,0,Transient,77.0,1,0
Resort Hotel,0,14,2017,March,10,9,0,1,2,0.0,0,BB,NLD,Offline TA/TO,TA/TO,0,0,0,D,D,0,No Deposit,360.0,0,Transient,53.55,0,0
Resort Hotel,0,200,2017,February,7,17,6,15,2,0.0,0,HB,PRT,Offline TA/TO,TA/TO,0,0,0,E,E,0,No Deposit,75.0,0,Transient,66.6,0,0
Resort Hotel,0,50,2017,March,10,8,0,2,2,0.0,0,BB,PRT,Direct,Direct,0,0,0,G,I,0,No Deposit,250.0,0,Transient,97.0,0,0
Resort Hotel,0,2,2017,March,10,10,0,1,2,0.0,0,BB,PRT,Direct,Direct,0,0,0,D,D,0,No Deposit,,0,Transient,70.0,0,0
Resort Hotel,0,2,2017,March,10,9,0,1,2,0.0,0,BB,PRT,Direct,Direct,0,0,0,A,D,0,No Deposit,,0,Transient,50.0,0,2
Resort Hotel,0,70,2017,March,10,6,1,3,2,0.0,0,BB,GBR,Online TA,TA/TO,0,0,0,D,D,0,No Deposit,240.0,0,Transient,70.0,0,2
Resort Hotel,0,5,2017,March,10,9,0,1,2,0.0,0,BB,ESP,Online TA,TA/TO,0,0,0,A,A,0,No Deposit,240.0,0,Transient,72.0,1,2
Resort Hotel,0,154,2017,March,10,6,1,3,2,0.0,0,BB,DEU,Online TA,TA/TO,0,0,0,F,F,0,No Deposit,242.0,0,Transient,62.3,0,2
Resort Hotel,0,32,2017,February,9,27,3,9,2,0.0,0,BB,IRL,Online TA,TA/TO,0,0,0,G,G,1,No Deposit,240.0,0,Transient,98.0,0,1
Resort Hotel,0,35,2017,March,10,6,1,4,2,0.0,0,BB,DEU,Online TA,TA/TO,0,0,0,A,C,0,No Deposit,240.0,0,Transient-Party,57.0,0,1
Resort Hotel,0,3,2017,March,10,6,1,4,2,0.0,0,BB,IRL,Direct,Direct,0,0,0,D,D,0,No Deposit,250.0,0,Transient,68.4,0,0
Resort Hotel,0,107,2017,March,10,9,0,2,2,0.0,0,Undefined,PRT,Groups,TA/TO,0,0,0,E,F,0,No Deposit,96.0,0,Transient-Party,99.0,0,0
Resort Hotel,0,107,2017,March,10,9,0,2,2,0.0,0,Undefined,CN,Groups,TA/TO,0,0,0,E,F,0,No Deposit,96.0,0,Transient-Party,99.0,0,1
Resort Hotel,0,107,2017,March,10,9,0,2,2,0.0,0,Undefined,CN,Groups,TA/TO,0,0,0,E,F,0,No Deposit,96.0,0,Transient-Party,99.0,0,0
Resort Hotel,0,107,2017,March,10,9,0,2,2,0.0,0,Undefined,PRT,Groups,TA/TO,0,0,0,E,F,0,No Deposit,96.0,0,Transient-Party,99.0,0,0
Resort Hotel,0,107,2017,March,10,9,0,2,2,0.0,0,Undefined,CN,Groups,TA/TO,0,0,0,E,F,0,No Deposit,96.0,0,Transient-Party,99.0,0,0
Resort Hotel,0,77,2017,March,10,10,0,1,2,0.0,0,BB,USA,Offline TA/TO,TA/TO,0,0,0,E,G,0,No Deposit,360.0,0,Transient,50.0,0,0
Resort Hotel,0,65,2017,March,10,9,0,2,2,0.0,0,BB,PRT,Corporate,Corporate,0,0,0,A,A,0,No Deposit,,0,Transient,40.0,0,1
Resort Hotel,0,19,2017,March,10,7,0,4,2,0.0,0,HB,AUT,Direct,Direct,0,0,0,D,D,0,No Deposit,,0,Transient-Party,75.0,1,0
Resort Hotel,0,0,2017,March,10,9,0,2,2,0.0,0,BB,PRT,Direct,Direct,0,0,0,D,D,0,No Deposit,,0,Transient,70.0,0,0
Resort Hotel,0,19,2017,March,10,7,0,4,2,0.0,0,HB,AUT,Direct,Direct,0,0,0,D,D,0,No Deposit,,0,Transient-Party,75.0,1,0
Resort Hotel,0,126,2017,March,10,7,0,4,2,0.0,0,HB,DEU,Direct,Direct,0,0,0,D,D,0,No Deposit,,107,Transient-Party,75.0,1,0
Resort Hotel,0,19,2017,March,10,7,0,4,2,0.0,0,HB,AUT,Direct,Direct,0,0,0,D,D,0,No Deposit,,0,Transient-Party,75.0,1,0
Resort Hotel,0,112,2017,March,10,7,0,4,2,0.0,0,HB,DEU,Direct,Direct,0,0,0,D,D,1,No Deposit,,93,Transient-Party,75.0,1,0
Resort Hotel,0,19,2017,March,10,7,0,4,2,0.0,0,HB,AUT,Direct,Direct,0,0,0,D,D,0,No Deposit,,0,Transient-Party,75.0,1,0
Resort Hotel,0,19,2017,March,10,7,0,4,2,0.0,0,HB,AUT,Direct,Direct,0,0,0,D,D,0,No Deposit,,0,Transient-Party,75.0,1,0
Resort Hotel,0,1,2017,March,10,10,0,1,2,0.0,0,BB,PRT,Offline TA/TO,TA/TO,0,0,0,A,D,0,No Deposit,,0,Transient-Party,34.0,0,1
Resort Hotel,0,3,2017,March,10,9,0,2,2,0.0,0,BB,PRT,Online TA,TA/TO,0,0,0,A,A,0,No Deposit,240.0,0,Transient,65.0,0,1
Resort Hotel,0,3,2017,March,10,9,0,2,2,0.0,0,BB,FRA,Online TA,TA/TO,0,0,0,A,A,0,No Deposit,240.0,0,Transient,65.0,0,1
Resort Hotel,0,27,2017,March,10,8,0,3,2,0.0,0,BB,GBR,Online TA,TA/TO,0,0,0,D,D,0,No Deposit,240.0,0,Transient,68.0,1,1
Resort Hotel,0,29,2017,March,10,8,0,3,2,0.0,0,BB,GBR,Online TA,TA/TO,0,0,0,H,H,2,No Deposit,240.0,0,Transient,110.0,0,1
Resort Hotel,0,14,2017,March,10,8,0,3,2,0.0,0,BB,PRT,Online TA,TA/TO,0,0,0,A,A,0,No Deposit,240.0,0,Transient-Party,60.0,0,2
Resort Hotel,0,15,2017,March,10,10,0,1,2,0.0,0,BB,PRT,Online TA,TA/TO,0,0,0,A,A,0,No Deposit,240.0,0,Transient,60.0,0,2
Resort Hotel,0,19,2017,March,10,7,0,4,2,0.0,0,HB,AUT,Direct,Direct,0,0,0,D,D,0,No Deposit,,0,Transient-Party,75.0,0,0
Resort Hotel,0,126,2017,March,10,6,1,4,2,0.0,0,BB,GBR,Online TA,TA/TO,0,0,0,D,D,0,No Deposit,240.0,0,Transient,64.0,0,2
Resort Hotel,0,19,2017,March,10,7,0,4,2,0.0,0,HB,AUT,Direct,Direct,0,0,0,D,D,0,No Deposit,,0,Transient-Party,75.0,1,0
Resort Hotel,0,41,2017,March,10,6,1,4,2,0.0,0,HB,ITA,Online TA,TA/TO,0,0,0,A,C,0,No Deposit,240.0,0,Transient,92.0,0,2
Resort Hotel,0,216,2017,March,10,9,0,2,2,0.0,0,Undefined,CN,Groups,TA/TO,0,0,0,E,F,0,No Deposit,96.0,109,Transient-Party,99.0,0,1
Resort Hotel,0,9,2017,March,10,10,0,1,2,0.0,0,BB,USA,Online TA,TA/TO,0,0,0,A,D,0,No Deposit,240.0,0,Transient-Party,65.0,0,2
Resort Hotel,0,9,2017,March,10,10,0,1,2,0.0,0,BB,ESP,Online TA,TA/TO,0,0,0,A,D,0,No Deposit,240.0,0,Transient-Party,65.0,1,2
Resort Hotel,0,2,2017,March,10,9,0,2,2,0.0,0,BB,CHN,Online TA,TA/TO,0,0,0,A,A,0,No Deposit,242.0,0,Transient,65.0,0,1
Resort Hotel,0,117,2017,March,10,6,1,4,2,0.0,0,BB,PRT,Online TA,TA/TO,0,0,0,D,D,0,No Deposit,240.0,0,Transient,62.0,0,1
Resort Hotel,0,48,2017,March,10,7,0,4,2,0.0,0,BB,GBR,Online TA,TA/TO,0,0,0,A,A,0,No Deposit,240.0,0,Transient,60.0,0,2
Resort Hotel,0,312,2017,March,10,5,2,5,2,0.0,0,HB,DEU,Groups,TA/TO,0,0,0,A,A,0,No Deposit,298.0,0,Transient-Party,56.0,0,0
Resort Hotel,0,312,2017,March,10,5,2,5,2,0.0,0,HB,DEU,Groups,TA/TO,0,0,0,A,A,0,No Deposit,298.0,0,Transient-Party,56.0,0,0
Resort Hotel,0,312,2017,March,10,5,2,5,2,0.0,0,HB,DEU,Groups,TA/TO,0,0,0,A,A,0,No Deposit,298.0,0,Transient-Party,56.0,0,0
Resort Hotel,0,312,2017,March,10,5,2,5,2,0.0,0,HB,DEU,Groups,TA/TO,0,0,0,A,A,0,No Deposit,298.0,0,Transient-Party,56.0,0,0
Resort Hotel,0,312,2017,March,10,5,2,5,2,0.0,0,HB,AUT,Groups,TA/TO,0,0,0,E,E,2,No Deposit,298.0,0,Transient-Party,73.0,0,0
Resort Hotel,0,171,2017,March,10,5,2,5,2,0.0,0,HB,DEU,Groups,TA/TO,0,0,0,E,E,0,No Deposit,298.0,0,Transient-Party,73.0,0,0
Resort Hotel,0,171,2017,March,10,5,2,5,2,0.0,0,HB,DEU,Groups,TA/TO,0,0,0,E,E,0,No Deposit,298.0,0,Transient-Party,73.0,0,0
Resort Hotel,0,171,2017,March,10,5,2,5,2,0.0,0,HB,DEU,Groups,TA/TO,0,0,0,E,E,0,No Deposit,298.0,0,Transient-Party,73.0,0,0
Resort Hotel,0,171,2017,March,10,5,2,5,2,0.0,0,HB,DEU,Groups,TA/TO,0,0,0,E,E,0,No Deposit,298.0,0,Transient-Party,73.0,0,0
Resort Hotel,0,171,2017,March,10,5,2,5,2,0.0,0,HB,DEU,Groups,TA/TO,0,0,0,E,E,0,No Deposit,298.0,0,Transient-Party,71.0,0,0
Resort Hotel,0,171,2017,March,10,5,2,5,2,0.0,0,HB,DEU,Groups,TA/TO,0,0,0,E,E,0,No Deposit,298.0,0,Transient-Party,71.0,0,0
Resort Hotel,0,53,2017,March,10,5,2,5,2,0.0,0,HB,DEU,Groups,TA/TO,0,0,0,A,C,0,No Deposit,298.0,0,Transient-Party,28.0,0,0
Resort Hotel,0,312,2017,March,10,5,2,5,2,0.0,0,HB,DEU,Groups,TA/TO,0,0,0,A,A,0,No Deposit,298.0,0,Transient-Party,58.0,0,0
Resort Hotel,0,312,2017,March,10,5,2,5,2,0.0,0,HB,DEU,Groups,TA/TO,0,0,0,A,A,0,No Deposit,298.0,0,Transient-Party,56.0,0,0
Resort Hotel,0,1,2017,March,10,7,0,5,2,0.0,0,BB,GBR,Online TA,TA/TO,0,0,0,A,C,0,No Deposit,240.0,0,Transient,69.0,0,1
Resort Hotel,0,143,2017,March,10,5,2,5,2,0.0,0,HB,DEU,Offline TA/TO,TA/TO,0,0,0,D,E,0,No Deposit,177.0,0,Transient,52.4,0,0
Resort Hotel,0,17,2017,March,10,9,0,3,2,0.0,0,BB,PRT,Direct,Direct,0,0,0,D,D,0,No Deposit,250.0,0,Transient-Party,56.7,0,0
Resort Hotel,0,17,2017,March,10,9,0,3,2,0.0,0,BB,PRT,Direct,Direct,0,0,0,D,D,0,No Deposit,250.0,0,Transient-Party,56.7,0,0
Resort Hotel,0,115,2017,March,10,9,0,3,2,0.0,0,BB,PRT,Direct,Direct,0,0,0,A,A,0,No Deposit,,0,Transient,69.67,1,1
Resort Hotel,0,115,2017,March,10,9,0,3,2,0.0,0,BB,PRT,Direct,Direct,0,0,0,A,A,0,No Deposit,,0,Transient,65.0,0,1
Resort Hotel,0,8,2017,March,10,10,0,2,2,0.0,0,BB,ESP,Online TA,TA/TO,0,0,0,A,A,0,No Deposit,240.0,0,Transient,65.0,0,0
Resort Hotel,0,115,2017,March,10,9,0,3,2,0.0,0,BB,PRT,Direct,Direct,0,0,0,A,A,0,No Deposit,,0,Transient,65.0,0,1
Resort Hotel,0,28,2017,March,10,11,0,1,2,0.0,0,BB,ESP,Online TA,TA/TO,0,0,0,A,A,0,No Deposit,240.0,0,Transient,60.0,0,1
Resort Hotel,0,75,2017,March,10,11,0,1,2,0.0,0,BB,DEU,Online TA,TA/TO,0,0,0,D,D,0,No Deposit,240.0,0,Transient,70.0,0,1
Resort Hotel,0,169,2017,March,10,5,2,5,2,0.0,0,BB,BEL,Direct,Direct,0,0,0,D,D,0,No Deposit,,0,Transient-Party,40.5,0,0
Resort Hotel,0,9,2017,March,10,11,0,1,2,0.0,0,BB,PRT,Online TA,TA/TO,0,0,0,A,D,0,No Deposit,240.0,0,Transient,65.0,0,2
Resort Hotel,0,169,2017,March,10,5,2,5,2,0.0,0,BB,BEL,Direct,Direct,0,0,0,D,D,0,No Deposit,,0,Transient-Party,40.5,0,0
Resort Hotel,0,2,2017,March,10,10,0,2,2,0.0,0,HB,ESP,Direct,Direct,0,0,0,A,A,1,No Deposit,250.0,0,Transient,97.0,0,1
Resort Hotel,0,70,2017,March,10,8,0,4,2,0.0,0,BB,NLD,Online TA,TA/TO,0,0,0,D,D,0,No Deposit,242.0,0,Transient,66.5,0,1
Resort Hotel,0,8,2017,March,10,10,0,2,2,0.0,0,BB,PRT,Online TA,TA/TO,0,0,0,A,A,0,No Deposit,240.0,0,Transient,65.0,0,1
Resort Hotel,0,13,2017,March,10,10,0,2,2,0.0,0,BB,ESP,Online TA,TA/TO,0,0,0,D,D,0,No Deposit,240.0,0,Transient,68.0,0,1
Resort Hotel,0,4,2017,March,10,10,0,2,2,0.0,0,BB,ESP,Online TA,TA/TO,0,0,0,D,D,0,No Deposit,240.0,0,Transient,82.0,1,2
Resort Hotel,0,1,2017,March,10,11,0,1,2,0.0,0,BB,PRT,Direct,Direct,0,0,0,E,E,0,No Deposit,,0,Transient,90.0,0,1
Resort Hotel,0,1,2017,March,10,11,0,1,2,0.0,0,BB,PRT,Direct,Direct,0,0,0,E,E,0,No Deposit,,0,Transient,90.0,0,1
Resort Hotel,0,2,2017,March,10,11,0,1,2,0.0,0,BB,PRT,Corporate,Corporate,0,0,0,G,G,0,No Deposit,,0,Transient,70.0,0,1
Resort Hotel,0,0,2017,March,10,11,0,1,2,0.0,0,BB,PRT,Online TA,TA/TO,0,0,0,A,E,0,No Deposit,240.0,0,Transient,95.0,0,2
Resort Hotel,0,30,2017,March,10,10,0,2,2,0.0,0,BB,PRT,Direct,Direct,0,0,0,G,G,0,No Deposit,250.0,0,Transient,100.0,0,0
Resort Hotel,0,49,2017,March,10,10,0,2,2,0.0,0,BB,PRT,Complementary,Direct,0,0,0,A,A,0,No Deposit,,0,Transient,0.0,0,0
Resort Hotel,0,4,2017,March,10,10,0,2,2,0.0,0,BB,PRT,Direct,Direct,0,0,0,D,D,0,No Deposit,250.0,0,Transient,63.0,0,1
Resort Hotel,0,32,2017,March,10,10,0,2,2,0.0,0,BB,PRT,Direct,Direct,0,0,0,G,G,2,No Deposit,250.0,0,Transient,132.5,0,2
Resort Hotel,0,0,2017,March,10,11,0,1,2,0.0,0,BB,PRT,Direct,Direct,0,0,0,A,F,0,No Deposit,,0,Transient,100.0,0,1
Resort Hotel,0,0,2017,June,24,17,0,1,2,0.0,0,BB,PRT,Direct,Direct,1,0,1,E,E,1,No Deposit,,0,Transient,150.0,0,1
Resort Hotel,0,195,2017,March,10,5,2,5,2,0.0,0,HB,GBR,Groups,TA/TO,0,0,0,D,D,0,No Deposit,273.0,0,Transient-Party,67.94,0,0
Resort Hotel,0,99,2017,March,10,6,2,5,2,0.0,0,HB,GBR,Online TA,TA/TO,0,0,0,A,C,0,No Deposit,242.0,0,Transient,83.86,0,1
Resort Hotel,0,1,2017,March,11,12,1,0,2,0.0,0,BB,PRT,Direct,Direct,0,0,0,E,E,0,No Deposit,250.0,0,Transient,72.0,0,0
Resort Hotel,0,31,2017,March,10,6,2,5,2,0.0,0,HB,FRA,Offline TA/TO,TA/TO,0,0,0,A,A,0,No Deposit,464.0,0,Transient,48.0,0,1
Resort Hotel,0,2,2017,March,11,12,1,0,2,0.0,0,BB,PRT,Online TA,TA/TO,0,0,0,A,A,0,No Deposit,240.0,0,Transient,65.0,0,2
Resort Hotel,0,220,2017,March,10,7,1,5,2,0.0,0,BB,POL,Online TA,TA/TO,0,0,0,A,A,2,No Deposit,240.0,0,Transient-Party,48.9,0,1
Resort Hotel,0,39,2017,March,10,10,1,2,2,0.0,0,BB,GBR,Online TA,TA/TO,0,0,0,A,D,0,No Deposit,240.0,0,Transient,80.33,1,2
Resort Hotel,0,15,2017,March,10,11,1,1,2,0.0,0,BB,PRT,Complementary,Direct,0,0,0,A,A,0,No Deposit,,0,Transient,0.0,0,0
Resort Hotel,0,29,2017,March,10,11,1,1,2,0.0,0,BB,URY,Corporate,Direct,0,0,0,A,E,2,No Deposit,,0,Transient-Party,58.0,0,0
Resort Hotel,0,89,2017,March,10,11,1,1,2,0.0,0,BB,PRT,Corporate,Direct,0,0,0,A,E,2,No Deposit,,0,Transient-Party,58.0,0,0
Resort Hotel,0,172,2017,March,10,8,1,4,2,0.0,0,SC,BEL,Direct,Direct,0,0,0,D,I,3,No Deposit,,0,Transient-Party,0.0,0,0
Resort Hotel,0,89,2017,March,10,11,1,1,2,0.0,0,BB,PRT,Corporate,Direct,0,0,0,A,I,2,No Deposit,,0,Transient-Party,58.0,1,0
Resort Hotel,0,134,2017,March,10,9,2,3,2,0.0,0,BB,GBR,Online TA,TA/TO,0,0,0,F,F,0,No Deposit,241.0,0,Transient,48.43,0,2
Resort Hotel,0,134,2017,March,10,9,2,3,2,0.0,0,BB,GBR,Online TA,TA/TO,0,0,0,F,F,0,No Deposit,241.0,0,Transient,48.43,0,2
Resort Hotel,0,112,2017,March,11,13,1,0,2,0.0,0,BB,CHN,Groups,TA/TO,0,0,0,E,E,0,No Deposit,66.0,0,Transient-Party,50.0,0,0
Resort Hotel,0,112,2017,March,11,13,1,0,2,0.0,0,BB,CHN,Groups,TA/TO,0,0,0,E,E,0,No Deposit,66.0,0,Transient-Party,50.0,0,0
Resort Hotel,0,110,2017,March,11,13,1,0,2,0.0,0,BB,CHN,Groups,TA/TO,0,0,0,E,F,1,No Deposit,66.0,0,Transient-Party,50.0,0,0
Resort Hotel,0,112,2017,March,11,13,1,0,2,0.0,0,BB,CHN,Groups,TA/TO,0,0,0,E,E,0,No Deposit,66.0,0,Transient-Party,50.0,0,0
Resort Hotel,0,112,2017,March,11,13,1,0,2,0.0,0,BB,CHN,Groups,TA/TO,0,0,0,E,E,0,No Deposit,66.0,0,Transient-Party,50.0,0,0
Resort Hotel,0,110,2017,March,11,13,1,0,2,0.0,0,BB,CHN,Groups,TA/TO,0,0,0,E,F,1,No Deposit,66.0,0,Transient-Party,50.0,0,0
Resort Hotel,0,112,2017,March,11,13,1,0,2,0.0,0,BB,CHN,Groups,TA/TO,0,0,0,E,E,0,No Deposit,66.0,0,Transient-Party,50.0,0,0
Resort Hotel,0,112,2017,March,11,13,1,0,2,0.0,0,BB,CHN,Groups,TA/TO,0,0,0,E,E,0,No Deposit,66.0,0,Transient-Party,50.0,0,0
Resort Hotel,0,112,2017,March,11,13,1,0,2,0.0,0,BB,CHN,Groups,TA/TO,0,0,0,E,E,0,No Deposit,66.0,0,Transient-Party,50.0,0,0
Resort Hotel,0,112,2017,March,11,13,1,0,2,0.0,0,BB,CHN,Groups,TA/TO,0,0,0,E,E,0,No Deposit,66.0,0,Transient-Party,50.0,0,0
Resort Hotel,0,112,2017,March,11,13,1,0,2,0.0,0,BB,CHN,Groups,TA/TO,0,0,0,E,E,0,No Deposit,66.0,0,Transient-Party,50.0,0,0
Resort Hotel,0,112,2017,March,11,13,1,0,2,0.0,0,BB,CHN,Groups,TA/TO,0,0,0,E,E,0,No Deposit,66.0,0,Transient-Party,50.0,0,0
Resort Hotel,0,9,2017,March,10,7,2,5,2,0.0,0,BB,FRA,Online TA,TA/TO,0,0,0,D,D,0,No Deposit,240.0,0,Transient,68.0,0,1
Resort Hotel,0,146,2017,March,11,13,1,0,2,0.0,0,BB,CHN,Groups,TA/TO,0,0,0,E,E,0,No Deposit,66.0,34,Transient-Party,50.0,0,0
Resort Hotel,0,112,2017,March,11,13,1,0,2,0.0,0,BB,CHN,Groups,TA/TO,0,0,0,E,E,0,No Deposit,66.0,0,Transient,50.0,0,0
Resort Hotel,0,112,2017,March,11,13,1,0,2,0.0,0,BB,CHN,Groups,TA/TO,0,0,0,E,E,0,No Deposit,66.0,0,Transient,50.0,0,0
Resort Hotel,0,167,2017,March,11,12,2,0,2,0.0,0,BB,PRT,Online TA,TA/TO,0,0,0,A,C,0,No Deposit,240.0,0,Transient,44.8,1,1
Resort Hotel,0,0,2017,March,11,13,1,0,2,0.0,0,BB,FIN,Online TA,TA/TO,0,0,0,A,D,0,No Deposit,240.0,0,Transient,65.0,0,1
Resort Hotel,0,8,2017,March,11,13,1,0,2,0.0,0,BB,DEU,Online TA,TA/TO,0,0,0,A,A,0,No Deposit,241.0,0,Transient,52.0,0,1
Resort Hotel,0,37,2017,March,10,11,2,1,2,0.0,0,BB,DEU,Direct,Direct,0,0,0,A,A,0,No Deposit,250.0,0,Transient,55.0,0,2
Resort Hotel,0,0,2017,March,10,6,3,6,2,0.0,0,BB,CN,Offline TA/TO,TA/TO,0,0,0,D,D,1,No Deposit,96.0,0,Group,42.0,0,1
Resort Hotel,0,159,2017,March,9,1,4,10,2,0.0,0,BB,CN,Offline TA/TO,TA/TO,0,0,0,E,E,0,No Deposit,96.0,0,Transient,48.71,1,1
Resort Hotel,0,201,2017,March,10,5,4,6,2,0.0,0,BB,GBR,Groups,TA/TO,0,0,0,D,D,0,No Deposit,273.0,6,Transient-Party,64.28,0,0
Resort Hotel,0,195,2017,March,10,5,4,6,2,0.0,0,BB,GBR,Groups,TA/TO,0,0,0,D,D,0,No Deposit,273.0,0,Transient-Party,64.08,0,0
Resort Hotel,0,176,2017,March,11,12,2,1,2,0.0,0,BB,BEL,Direct,Direct,0,0,0,D,D,1,No Deposit,,0,Transient-Party,40.5,0,1
Resort Hotel,0,10,2017,March,11,13,1,1,2,0.0,0,BB,FRA,Online TA,TA/TO,0,0,0,A,F,0,No Deposit,240.0,0,Transient,95.0,0,1
Resort Hotel,0,201,2017,March,10,5,4,6,2,0.0,0,BB,GBR,Groups,TA/TO,0,0,0,D,D,0,No Deposit,273.0,6,Transient-Party,62.28,0,0
Resort Hotel,0,189,2017,July,30,23,3,5,2,0.0,0,HB,PRT,Online TA,TA/TO,0,0,1,D,D,0,No Deposit,240.0,0,Transient,217.75,1,1
Resort Hotel,0,195,2017,March,10,5,4,6,2,0.0,0,BB,PRT,Groups,TA/TO,0,0,0,D,D,0,No Deposit,273.0,0,Transient-Party,62.28,0,0
Resort Hotel,0,195,2017,March,10,5,4,6,2,0.0,0,BB,GBR,Groups,TA/TO,0,0,0,E,E,0,No Deposit,273.0,0,Transient-Party,71.48,0,0
Resort Hotel,0,195,2017,March,10,5,4,6,2,0.0,0,BB,GBR,Groups,TA/TO,0,0,0,D,D,0,No Deposit,273.0,0,Transient-Party,62.28,0,0
Resort Hotel,0,195,2017,March,10,5,4,6,2,0.0,0,BB,GBR,Groups,TA/TO,0,0,0,D,D,0,No Deposit,273.0,0,Transient-Party,64.28,0,0
Resort Hotel,0,195,2017,March,10,5,4,6,2,0.0,0,BB,GBR,Groups,TA/TO,0,0,0,D,D,0,No Deposit,273.0,0,Transient-Party,62.28,0,0
Resort Hotel,0,195,2017,March,10,5,4,6,2,0.0,0,BB,GBR,Groups,TA/TO,0,0,0,D,D,0,No Deposit,273.0,0,Transient-Party,64.28,0,0
Resort Hotel,0,1,2017,March,11,14,0,1,2,0.0,0,BB,ESP,Direct,Direct,0,0,0,D,D,1,No Deposit,,0,Transient,63.0,0,3
Resort Hotel,0,226,2017,March,9,1,4,10,2,0.0,0,BB,IRL,Online TA,TA/TO,0,0,0,A,A,0,No Deposit,240.0,0,Transient,37.8,0,1
Resort Hotel,0,226,2017,March,9,1,4,10,2,0.0,0,BB,IRL,Online TA,TA/TO,0,0,0,A,A,0,No Deposit,240.0,0,Transient,37.8,0,1
Resort Hotel,0,67,2017,March,11,13,1,1,2,0.0,0,BB,ESP,Online TA,TA/TO,0,0,0,D,D,0,No Deposit,240.0,0,Transient,77.0,1,1
Resort Hotel,0,4,2017,March,11,13,1,1,2,0.0,0,BB,CHE,Online TA,TA/TO,0,0,0,A,A,0,No Deposit,240.0,0,Transient,72.0,1,1
Resort Hotel,0,8,2017,March,10,10,2,3,2,0.0,0,BB,POL,Online TA,TA/TO,0,0,0,D,D,0,No Deposit,240.0,0,Transient,80.0,1,1
Resort Hotel,0,97,2017,March,11,13,1,1,2,0.0,0,BB,GBR,Direct,Direct,0,0,0,F,F,0,No Deposit,250.0,0,Transient,85.0,0,0
Resort Hotel,0,112,2017,March,11,15,0,2,2,0.0,0,BB,GBR,Corporate,Direct,0,0,0,A,F,2,No Deposit,,0,Group,60.0,0,1
Resort Hotel,0,0,2017,March,11,14,0,1,2,0.0,0,BB,ITA,Online TA,TA/TO,0,0,0,A,A,2,No Deposit,,0,Transient,80.0,0,1
Resort Hotel,0,0,2017,March,11,14,0,1,2,0.0,0,BB,ITA,Online TA,TA/TO,0,0,0,A,A,2,No Deposit,,0,Transient,80.0,0,1
Resort Hotel,0,4,2017,March,11,12,2,1,2,0.0,0,BB,PRT,Direct,Direct,0,0,0,F,F,0,No Deposit,250.0,0,Transient,97.0,0,2
Resort Hotel,0,1,2017,March,11,14,0,1,2,0.0,0,BB,ESP,Direct,Direct,0,0,0,D,D,0,No Deposit,,0,Transient,63.0,0,3
Resort Hotel,0,22,2017,March,11,13,1,2,2,0.0,0,BB,GBR,Online TA,TA/TO,0,0,0,A,A,0,No Deposit,240.0,0,Transient,62.0,0,3
Resort Hotel,0,0,2017,March,11,15,0,1,2,0.0,0,BB,PRT,Direct,Direct,0,0,0,D,D,0,No Deposit,,0,Transient,80.0,0,0
Resort Hotel,0,34,2017,March,10,9,2,5,2,0.0,0,Undefined,FRA,Offline TA/TO,TA/TO,0,0,0,A,C,0,No Deposit,464.0,0,Transient,66.0,0,0
Resort Hotel,0,1,2017,March,11,14,0,2,2,0.0,0,BB,AUT,Online TA,TA/TO,0,0,0,A,A,0,No Deposit,240.0,0,Transient,65.0,0,1
Resort Hotel,0,11,2017,March,11,13,1,2,2,0.0,0,BB,ESP,Direct,Direct,0,0,0,A,A,1,No Deposit,250.0,0,Transient,67.0,1,1
Resort Hotel,0,24,2017,March,11,13,1,2,2,0.0,0,BB,FRA,Online TA,TA/TO,0,0,0,A,A,0,No Deposit,240.0,0,Transient,60.0,0,1
Resort Hotel,0,27,2017,March,11,16,0,1,2,0.0,0,BB,FRA,Online TA,TA/TO,0,0,0,D,D,0,No Deposit,,0,Transient,68.0,0,1
Resort Hotel,0,115,2017,March,11,13,1,2,2,0.0,0,HB,FRA,Online TA,TA/TO,0,0,0,D,D,0,No Deposit,240.0,0,Transient,97.33,0,1
Resort Hotel,0,26,2017,March,11,14,0,2,2,0.0,0,BB,GBR,Direct,Direct,0,0,0,A,A,0,No Deposit,250.0,0,Transient,55.0,0,0
Resort Hotel,0,24,2017,March,10,10,2,4,2,0.0,0,BB,IRL,Online TA,TA/TO,0,0,0,C,C,1,No Deposit,240.0,0,Transient,77.0,0,2
Resort Hotel,0,0,2017,March,11,15,0,1,2,0.0,0,BB,PRT,Online TA,TA/TO,0,0,0,D,D,0,No Deposit,240.0,0,Transient,85.0,0,2
Resort Hotel,0,0,2017,March,11,16,0,1,2,0.0,0,BB,PRT,Corporate,Corporate,0,0,0,A,H,0,No Deposit,,0,Transient,40.0,0,0
Resort Hotel,0,60,2017,March,11,13,1,3,2,0.0,0,BB,BRA,Online TA,TA/TO,0,0,0,G,G,1,No Deposit,240.0,0,Transient,105.25,1,2
Resort Hotel,0,246,2017,March,10,7,2,8,2,0.0,0,BB,PRT,Online TA,TA/TO,0,0,0,A,C,1,No Deposit,314.0,0,Transient,30.24,0,0
Resort Hotel,0,155,2017,March,11,16,0,1,2,0.0,0,BB,DEU,Offline TA/TO,TA/TO,0,0,0,D,D,0,No Deposit,251.0,0,Transient,42.0,0,0
Resort Hotel,0,355,2017,March,11,13,1,3,2,0.0,0,BB,GBR,Offline TA/TO,TA/TO,0,0,0,D,D,0,No Deposit,8.0,0,Transient,34.2,0,0
Resort Hotel,0,62,2017,March,11,14,0,3,2,0.0,0,BB,GBR,Online TA,TA/TO,0,0,0,D,D,0,No Deposit,240.0,0,Transient,70.0,0,1
Resort Hotel,0,74,2017,February,8,25,6,15,2,0.0,0,HB,FRA,Offline TA/TO,TA/TO,0,0,0,D,E,1,No Deposit,363.0,0,Transient,79.14,0,1
Resort Hotel,0,29,2017,March,10,11,2,5,2,0.0,0,BB,AUT,Online TA,TA/TO,0,0,0,G,G,1,No Deposit,240.0,0,Transient,110.0,1,0
Resort Hotel,0,131,2017,March,10,11,2,5,2,0.0,0,HB,GBR,Offline TA/TO,TA/TO,0,0,0,D,D,0,No Deposit,40.0,0,Contract,66.72,0,2
Resort Hotel,0,140,2017,March,11,14,0,4,2,0.0,0,BB,ITA,Online TA,TA/TO,0,0,0,A,C,0,No Deposit,240.0,0,Transient-Party,42.0,0,1
Resort Hotel,0,140,2017,March,11,14,0,4,2,0.0,0,BB,ITA,Online TA,TA/TO,0,0,0,A,C,0,No Deposit,240.0,0,Transient-Party,42.0,0,1
Resort Hotel,0,127,2017,March,10,11,2,5,2,0.0,0,BB,GBR,Offline TA/TO,TA/TO,0,0,0,E,E,0,No Deposit,40.0,0,Transient,51.76,0,0
Resort Hotel,0,7,2017,March,10,5,4,9,2,0.0,0,BB,DEU,Online TA,TA/TO,0,0,0,G,G,1,No Deposit,240.0,0,Transient,112.0,1,2
Resort Hotel,0,88,2017,March,10,11,2,5,2,0.0,0,BB,DEU,Groups,TA/TO,0,0,0,A,A,2,No Deposit,177.0,0,Transient-Party,34.0,0,0
Resort Hotel,0,339,2017,March,10,11,2,5,2,0.0,0,HB,DEU,Groups,TA/TO,0,0,0,D,D,0,No Deposit,298.0,0,Transient-Party,64.0,0,0
Resort Hotel,0,339,2017,March,10,11,2,5,2,0.0,0,HB,PRT,Groups,TA/TO,0,0,0,D,D,0,No Deposit,298.0,0,Transient-Party,64.0,0,0
Resort Hotel,0,339,2017,March,10,11,2,5,2,0.0,0,HB,PRT,Groups,TA/TO,0,0,0,D,D,0,No Deposit,298.0,0,Transient-Party,64.0,0,0
Resort Hotel,0,339,2017,March,10,11,2,5,2,0.0,0,HB,DEU,Groups,TA/TO,0,0,0,D,D,0,No Deposit,298.0,0,Transient-Party,64.0,0,0
Resort Hotel,0,339,2017,March,10,11,2,5,2,0.0,0,HB,PRT,Groups,TA/TO,0,0,0,D,D,0,No Deposit,298.0,0,Transient-Party,64.0,0,0
Resort Hotel,0,202,2017,March,11,13,1,4,2,0.0,0,BB,GBR,Offline TA/TO,TA/TO,0,0,0,A,C,1,No Deposit,177.0,0,Transient,32.6,0,1
Resort Hotel,0,339,2017,March,10,11,2,5,2,0.0,0,HB,PRT,Groups,TA/TO,0,0,0,D,D,0,No Deposit,298.0,0,Transient-Party,64.0,0,0
Resort Hotel,0,46,2017,March,11,18,1,1,2,0.0,0,BB,PRT,Direct,Direct,0,0,0,A,A,0,No Deposit,,0,Transient,60.0,0,0
Resort Hotel,0,339,2017,March,10,11,2,5,2,0.0,0,HB,PRT,Groups,TA/TO,0,0,0,D,D,0,No Deposit,298.0,0,Transient-Party,64.0,0,0
Resort Hotel,0,339,2017,March,10,11,2,5,2,0.0,0,HB,PRT,Groups,TA/TO,0,0,0,D,D,0,No Deposit,298.0,0,Transient-Party,64.0,0,0
Resort Hotel,0,339,2017,March,10,11,2,5,2,0.0,0,HB,DEU,Groups,TA/TO,0,0,0,D,D,0,No Deposit,298.0,0,Transient-Party,64.0,0,0
Resort Hotel,0,339,2017,March,10,11,2,5,2,0.0,0,HB,DEU,Groups,TA/TO,0,0,0,D,D,1,No Deposit,298.0,0,Transient-Party,32.0,0,0
Resort Hotel,0,46,2017,March,11,18,1,1,2,0.0,0,BB,FRA,Direct,Corporate,0,0,0,A,A,0,No Deposit,,0,Transient,60.0,0,0
Resort Hotel,0,52,2017,March,11,18,1,1,2,0.0,0,BB,GBR,Direct,Corporate,0,0,0,A,D,0,No Deposit,,0,Transient,70.0,0,0
Resort Hotel,0,50,2017,March,11,13,1,4,2,0.0,0,BB,FIN,Online TA,TA/TO,0,0,0,D,D,1,No Deposit,242.0,0,Transient,70.0,0,1
Resort Hotel,0,46,2017,March,11,18,1,1,2,0.0,0,BB,IRL,Direct,Corporate,0,0,0,A,A,0,No Deposit,,0,Transient,60.0,0,0
Resort Hotel,0,88,2017,March,10,11,2,5,2,0.0,0,BB,DEU,Groups,TA/TO,0,0,0,A,C,2,No Deposit,177.0,0,Transient-Party,34.0,0,0
Resort Hotel,0,88,2017,March,10,11,2,5,2,0.0,0,BB,DEU,Groups,TA/TO,0,0,0,A,C,2,No Deposit,177.0,0,Transient-Party,34.0,0,0
Resort Hotel,0,0,2017,March,11,17,0,1,2,0.0,0,BB,PRT,Online TA,TA/TO,0,0,0,E,E,0,No Deposit,240.0,0,Transient,95.0,0,1
Resort Hotel,0,148,2017,March,10,11,2,5,2,0.0,0,BB,DEU,Groups,TA/TO,0,0,0,A,A,0,No Deposit,177.0,60,Transient-Party,34.0,0,0
Resort Hotel,0,180,2017,February,8,25,6,15,2,0.0,0,HB,PRT,Offline TA/TO,TA/TO,0,0,0,A,A,0,No Deposit,75.0,0,Transient,53.0,0,0
Resort Hotel,0,0,2017,March,11,17,0,1,2,0.0,0,BB,ESP,Online TA,TA/TO,0,0,0,A,H,0,No Deposit,240.0,0,Transient,75.0,0,1
Resort Hotel,0,175,2017,March,11,12,2,5,2,0.0,0,BB,GBR,Online TA,TA/TO,0,0,0,D,D,1,No Deposit,240.0,0,Transient,46.8,0,2
Resort Hotel,0,21,2017,March,11,16,0,3,2,0.0,0,BB,GBR,Online TA,TA/TO,0,0,0,A,F,0,No Deposit,242.0,0,Transient,90.0,0,2
Resort Hotel,0,26,2017,March,11,14,0,5,2,0.0,0,HB,DEU,Direct,Direct,0,0,0,E,E,0,No Deposit,,0,Transient-Party,80.0,0,0
Resort Hotel,0,26,2017,March,11,14,0,5,2,0.0,0,HB,PRT,Direct,Direct,0,0,0,E,F,0,No Deposit,,0,Transient-Party,80.0,0,0
Resort Hotel,0,241,2017,March,11,17,0,2,2,0.0,0,BB,FRA,Online TA,TA/TO,0,0,0,A,A,0,No Deposit,240.0,0,Transient,44.8,1,2
Resort Hotel,0,125,2017,March,11,17,0,2,2,0.0,0,BB,GBR,Online TA,TA/TO,0,0,0,D,D,0,No Deposit,240.0,0,Transient,75.0,0,1
Resort Hotel,0,66,2017,March,11,18,0,1,2,0.0,0,BB,PRT,Online TA,TA/TO,0,0,0,A,A,0,No Deposit,240.0,0,Transient,60.0,0,3
Resort Hotel,0,2,2017,March,11,17,0,2,2,0.0,0,HB,ESP,Direct,Direct,0,0,0,A,A,1,No Deposit,250.0,0,Transient,102.0,0,0
Resort Hotel,0,2,2017,March,11,17,0,2,2,0.0,0,HB,ESP,Direct,Direct,0,0,0,A,A,1,No Deposit,250.0,0,Transient,102.0,0,0
Resort Hotel,0,26,2017,March,11,14,0,5,2,0.0,0,HB,DEU,Direct,Direct,0,0,0,E,G,0,No Deposit,,0,Transient-Party,105.0,0,1
Resort Hotel,0,3,2017,March,11,15,0,4,2,0.0,0,BB,PRT,Online TA,TA/TO,0,0,0,D,D,0,No Deposit,240.0,0,Transient,82.0,1,1
Resort Hotel,0,26,2017,March,11,14,0,5,2,0.0,0,HB,PRT,Direct,Direct,0,0,0,E,E,0,No Deposit,,0,Transient-Party,80.0,0,1
Resort Hotel,0,3,2017,March,11,18,0,1,2,0.0,0,BB,ESP,Online TA,TA/TO,0,0,0,A,A,0,No Deposit,240.0,0,Transient,75.0,0,1
Resort Hotel,0,1,2017,March,11,18,0,1,2,0.0,0,BB,ESP,Online TA,TA/TO,0,0,0,A,A,0,No Deposit,240.0,0,Transient,82.0,1,1
Resort Hotel,0,6,2017,March,11,16,0,3,2,0.0,0,BB,ESP,Online TA,TA/TO,0,0,0,D,F,0,No Deposit,240.0,0,Transient,75.0,0,1
Resort Hotel,0,21,2017,March,11,16,0,3,2,0.0,0,BB,ROU,Online TA,TA/TO,0,0,0,D,D,0,No Deposit,240.0,0,Transient,68.0,0,2
Resort Hotel,0,2,2017,March,11,18,0,1,2,0.0,0,BB,PRT,Online TA,TA/TO,0,0,0,E,E,0,No Deposit,240.0,0,Transient,95.0,0,1
Resort Hotel,0,1,2017,March,11,18,0,1,2,0.0,0,BB,PRT,Online TA,TA/TO,0,0,0,A,D,0,No Deposit,240.0,0,Transient,75.0,0,1
Resort Hotel,0,8,2017,March,11,18,0,1,2,0.0,0,BB,ESP,Online TA,TA/TO,0,0,0,D,D,0,No Deposit,177.0,0,Transient,60.0,1,2
Resort Hotel,0,313,2017,March,11,16,0,3,2,0.0,0,HB,GBR,Online TA,TA/TO,0,0,0,E,F,0,No Deposit,240.0,0,Transient,84.6,0,3
Resort Hotel,0,126,2017,March,11,17,0,2,2,0.0,0,BB,GBR,Online TA,TA/TO,0,0,0,D,D,0,No Deposit,240.0,0,Transient,85.0,0,2
Resort Hotel,0,23,2017,March,11,16,0,3,2,0.0,0,BB,PRT,Online TA,TA/TO,0,0,0,D,D,0,No Deposit,240.0,0,Transient-Party,68.0,0,2
Resort Hotel,0,126,2017,March,11,17,0,2,2,0.0,0,BB,GBR,Online TA,TA/TO,0,0,0,D,D,0,No Deposit,240.0,0,Transient,75.0,0,2
Resort Hotel,0,138,2017,March,11,13,1,5,2,0.0,0,BB,FRA,Online TA,TA/TO,0,0,0,E,E,0,No Deposit,240.0,0,Transient,69.0,1,1
Resort Hotel,0,26,2017,March,11,14,0,5,2,0.0,0,HB,DEU,Direct,Direct,0,0,0,E,G,0,No Deposit,,0,Transient-Party,105.0,0,1
Resort Hotel,0,2,2017,March,11,18,0,1,2,0.0,0,BB,PRT,Offline TA/TO,TA/TO,0,0,0,A,A,0,No Deposit,330.0,0,Transient-Party,34.0,0,1
Resort Hotel,0,26,2017,March,11,14,0,5,2,0.0,0,HB,DEU,Direct,Direct,0,0,0,E,E,0,No Deposit,,0,Transient,80.0,0,0
Resort Hotel,0,25,2017,March,11,17,1,2,2,0.0,0,BB,GBR,Online TA,TA/TO,0,0,0,A,C,0,No Deposit,242.0,0,Transient,60.0,0,1
Resort Hotel,0,207,2017,March,11,16,1,3,2,0.0,0,BB,GBR,Online TA,TA/TO,0,0,0,A,D,0,No Deposit,240.0,0,Transient,37.8,0,3
Resort Hotel,0,207,2017,March,11,16,1,3,2,0.0,0,BB,GBR,Online TA,TA/TO,0,0,0,A,D,0,No Deposit,240.0,0,Transient,37.8,0,3
Resort Hotel,0,207,2017,March,11,16,1,3,2,0.0,0,BB,GBR,Online TA,TA/TO,0,0,0,A,D,0,No Deposit,240.0,0,Transient,37.8,0,3
Resort Hotel,0,0,2017,March,12,19,1,0,2,0.0,0,BB,PRT,Direct,Direct,0,0,0,D,D,0,No Deposit,,0,Transient,80.0,0,0
Resort Hotel,0,0,2017,March,11,18,1,1,2,0.0,0,BB,GBR,Online TA,TA/TO,0,0,0,D,D,0,No Deposit,240.0,0,Transient,85.0,1,1
Resort Hotel,0,0,2017,March,12,19,1,0,2,0.0,0,BB,USA,Direct,Direct,0,0,0,F,F,0,No Deposit,,0,Transient-Party,100.0,0,0
Resort Hotel,0,0,2017,March,12,19,1,0,2,0.0,0,BB,USA,Direct,Direct,0,0,0,F,F,0,No Deposit,,0,Transient-Party,100.0,0,0
Resort Hotel,0,68,2017,March,11,18,1,1,2,0.0,0,BB,DEU,Online TA,TA/TO,0,0,0,D,D,2,No Deposit,240.0,0,Transient,68.0,0,2
Resort Hotel,0,2,2017,March,11,16,1,3,2,0.0,0,HB,PRT,Direct,TA/TO,0,0,0,E,E,0,No Deposit,250.0,0,Transient,119.5,0,1
Resort Hotel,0,89,2017,March,10,10,3,7,2,0.0,0,BB,IRL,Online TA,TA/TO,0,0,0,D,D,0,No Deposit,240.0,0,Transient,71.8,0,1
Resort Hotel,0,9,2017,March,11,18,1,1,2,0.0,0,BB,ESP,Direct,Direct,0,0,0,E,G,0,No Deposit,250.0,0,Group,79.0,1,1
Resort Hotel,0,2,2017,March,11,18,1,1,2,0.0,0,BB,ESP,Online TA,TA/TO,0,0,0,A,D,0,No Deposit,240.0,0,Transient,82.0,1,1
Resort Hotel,0,207,2017,March,11,16,1,3,2,0.0,0,BB,GBR,Online TA,TA/TO,0,0,0,A,D,0,No Deposit,240.0,0,Transient,37.8,0,3
Resort Hotel,0,0,2017,March,11,17,2,2,2,0.0,0,BB,FRA,Direct,Direct,0,0,0,F,F,1,No Deposit,,0,Transient,109.0,1,1
Resort Hotel,0,280,2017,March,12,19,2,0,2,0.0,0,BB,GBR,Online TA,TA/TO,0,0,0,A,A,1,No Deposit,240.0,0,Transient-Party,39.8,0,3
Resort Hotel,0,131,2017,March,12,19,2,0,2,0.0,0,BB,GBR,Online TA,TA/TO,0,0,0,A,A,0,No Deposit,240.0,0,Transient-Party,42.0,0,2
Resort Hotel,0,219,2017,March,11,18,2,1,2,0.0,0,HB,FRA,Online TA,TA/TO,0,0,0,A,A,1,No Deposit,240.0,0,Transient,67.93,0,3
Resort Hotel,0,219,2017,March,11,18,2,1,2,0.0,0,HB,FRA,Online TA,TA/TO,0,0,0,A,A,1,No Deposit,240.0,0,Transient,73.6,1,3
Resort Hotel,0,205,2017,March,10,7,4,10,2,0.0,0,BB,NLD,Online TA,TA/TO,0,0,0,E,E,1,No Deposit,240.0,0,Transient,55.8,0,2
Resort Hotel,0,15,2017,March,12,19,2,0,2,0.0,0,BB,FRA,Direct,Direct,0,0,0,E,E,0,No Deposit,250.0,0,Transient,90.0,0,2
Resort Hotel,0,24,2017,March,11,18,2,1,2,0.0,0,FB,GBR,Online TA,TA/TO,0,0,0,A,C,1,No Deposit,314.0,0,Transient,93.13,0,0
Resort Hotel,0,126,2017,March,10,8,4,10,2,0.0,0,BB,CN,Offline TA/TO,TA/TO,0,0,0,E,E,0,No Deposit,96.0,0,Transient,47.0,0,0
Resort Hotel,0,3,2017,March,12,19,2,1,2,0.0,0,BB,DEU,Online TA,TA/TO,0,0,0,D,D,0,No Deposit,240.0,0,Transient,85.33,1,3
Resort Hotel,0,33,2017,March,12,20,1,1,2,0.0,0,BB,ESP,Direct,Direct,0,0,0,F,F,0,No Deposit,250.0,0,Transient,87.0,0,0
Resort Hotel,0,67,2017,March,11,16,2,4,2,0.0,0,HB,GBR,Online TA,TA/TO,0,0,0,G,G,1,No Deposit,240.0,0,Transient,148.0,0,0
Resort Hotel,0,18,2017,March,12,21,0,1,2,0.0,0,BB,IRL,Online TA,TA/TO,0,0,0,A,D,0,No Deposit,240.0,0,Transient,65.0,0,2
Resort Hotel,0,15,2017,March,12,20,1,1,2,0.0,0,BB,HUN,Online TA,TA/TO,0,0,0,D,D,0,No Deposit,240.0,0,Transient-Party,82.0,1,1
Resort Hotel,0,16,2017,March,12,19,2,2,2,0.0,0,HB,DEU,Direct,Direct,0,0,0,E,E,1,No Deposit,,0,Transient-Party,80.0,0,0
Resort Hotel,0,16,2017,March,12,19,2,2,2,0.0,0,HB,CHE,Direct,Direct,0,0,0,E,E,1,No Deposit,,0,Transient-Party,82.0,0,0
Resort Hotel,0,337,2017,February,8,23,8,20,2,0.0,0,BB,GBR,Direct,Direct,0,0,0,E,E,1,No Deposit,,0,Transient,46.4,0,1
Resort Hotel,0,168,2017,March,12,20,1,2,2,0.0,0,BB,GBR,Offline TA/TO,TA/TO,0,0,0,A,D,0,No Deposit,177.0,0,Transient,30.6,0,0
Resort Hotel,0,181,2017,March,12,19,2,2,2,0.0,0,BB,FRA,Offline TA/TO,TA/TO,0,0,0,A,D,0,No Deposit,6.0,0,Transient,36.0,1,0
Resort Hotel,0,181,2017,March,12,19,2,2,2,0.0,0,BB,FRA,Offline TA/TO,TA/TO,0,0,0,A,D,0,No Deposit,6.0,0,Transient,29.0,0,0
Resort Hotel,0,181,2017,March,12,19,2,2,2,0.0,0,BB,FRA,Offline TA/TO,TA/TO,0,0,0,A,D,0,No Deposit,6.0,0,Transient,36.0,1,0
Resort Hotel,0,16,2017,March,12,19,2,2,2,0.0,0,HB,AUT,Direct,Direct,0,0,0,E,E,1,No Deposit,,0,Transient,82.0,0,0
Resort Hotel,0,96,2017,March,11,12,4,7,2,0.0,0,HB,GBR,Groups,TA/TO,0,0,0,A,A,0,No Deposit,,0,Transient-Party,52.36,0,0
Resort Hotel,0,16,2017,March,12,19,2,2,2,0.0,0,HB,ITA,Direct,Direct,0,0,0,E,E,1,No Deposit,,0,Transient,80.0,0,0
Resort Hotel,0,96,2017,March,11,12,4,7,2,0.0,0,HB,GBR,Groups,TA/TO,0,0,0,E,E,4,No Deposit,,0,Transient-Party,78.18,0,0
Resort Hotel,0,41,2017,March,11,16,2,5,2,0.0,0,Undefined,FRA,Offline TA/TO,TA/TO,0,0,0,A,A,1,No Deposit,464.0,0,Transient,66.0,0,0
Resort Hotel,0,34,2017,March,10,9,4,10,2,0.0,0,Undefined,FRA,Offline TA/TO,TA/TO,0,0,0,A,C,0,No Deposit,464.0,0,Transient,66.0,0,0
Resort Hotel,0,65,2017,March,11,17,2,4,2,0.0,0,BB,FRA,Direct,Direct,0,0,0,D,D,0,No Deposit,250.0,0,Transient-Party,63.0,0,2
Resort Hotel,0,65,2017,March,11,17,2,4,2,0.0,0,BB,COL,Direct,Direct,0,0,0,D,D,0,No Deposit,250.0,0,Transient-Party,64.67,0,2
Resort Hotel,0,96,2017,March,11,12,4,7,2,0.0,0,BB,GBR,Groups,TA/TO,0,0,0,A,A,1,No Deposit,,0,Transient-Party,52.55,0,0
Resort Hotel,0,96,2017,March,11,12,4,7,2,0.0,0,HB,GBR,Groups,TA/TO,0,0,0,A,A,4,No Deposit,,0,Transient-Party,74.18,0,0
Resort Hotel,0,96,2017,March,11,12,4,7,2,0.0,0,HB,GBR,Groups,TA/TO,0,0,0,A,A,0,No Deposit,,0,Transient-Party,52.55,0,0
Resort Hotel,0,96,2017,March,11,12,4,7,2,0.0,0,HB,GBR,Groups,TA/TO,0,0,0,A,A,0,No Deposit,,0,Transient-Party,52.55,0,0
Resort Hotel,0,96,2017,March,11,12,4,7,2,0.0,0,HB,GBR,Groups,TA/TO,0,0,0,A,A,0,No Deposit,,0,Transient-Party,52.55,0,0
Resort Hotel,0,8,2017,March,12,22,0,1,2,0.0,0,BB,PRT,Online TA,TA/TO,0,0,0,A,D,0,No Deposit,240.0,0,Transient,65.0,0,2
Resort Hotel,0,96,2017,March,11,12,4,7,2,0.0,0,HB,GBR,Groups,TA/TO,0,0,0,A,A,0,No Deposit,,0,Transient-Party,52.55,0,0
Resort Hotel,0,96,2017,March,11,12,4,7,2,0.0,0,HB,GBR,Groups,TA/TO,0,0,0,A,A,0,No Deposit,,0,Transient-Party,52.55,0,0
Resort Hotel,0,96,2017,March,11,12,4,7,2,0.0,0,HB,GBR,Groups,TA/TO,0,0,0,A,A,0,No Deposit,,0,Transient-Party,52.55,0,0
Resort Hotel,0,96,2017,March,11,12,4,7,2,0.0,0,HB,GBR,Groups,TA/TO,0,0,0,A,A,0,No Deposit,,0,Transient-Party,50.55,0,0
Resort Hotel,0,96,2017,March,11,12,4,7,2,0.0,0,HB,GBR,Groups,TA/TO,0,0,0,A,A,0,No Deposit,,0,Transient-Party,50.55,0,0
Resort Hotel,0,28,2017,March,11,17,2,5,2,0.0,0,BB,GBR,Online TA,TA/TO,0,0,0,D,D,0,No Deposit,240.0,0,Transient,68.0,0,0
Resort Hotel,0,2,2017,March,12,19,2,3,2,0.0,0,BB,PRT,Corporate,Corporate,0,0,0,A,B,1,No Deposit,,0,Transient,40.0,0,0
Resort Hotel,0,7,2017,April,14,7,2,6,2,0.0,0,BB,PRT,Corporate,Corporate,1,0,1,A,A,2,No Deposit,,0,Transient,11.75,0,0
Resort Hotel,0,34,2017,March,12,19,2,3,2,0.0,0,HB,FRA,Online TA,TA/TO,0,0,0,D,D,0,No Deposit,240.0,0,Transient,100.0,0,2
Resort Hotel,0,34,2017,March,12,19,2,3,2,0.0,0,HB,FRA,Online TA,TA/TO,0,0,0,D,D,0,No Deposit,240.0,0,Transient,100.0,0,3
Resort Hotel,0,0,2017,March,12,23,0,1,2,0.0,0,BB,PRT,Direct,Direct,0,0,0,A,A,0,No Deposit,,0,Transient,70.0,0,0
Resort Hotel,0,137,2017,March,11,14,2,8,2,0.0,0,BB,NLD,Online TA,TA/TO,0,0,0,F,F,0,No Deposit,242.0,0,Transient,60.3,1,1
Resort Hotel,0,45,2017,March,11,18,2,5,2,0.0,0,BB,GBR,Online TA,TA/TO,0,0,0,A,C,0,No Deposit,314.0,0,Transient,50.0,0,0
Resort Hotel,0,15,2017,March,12,20,1,4,2,0.0,0,BB,GBR,Online TA,TA/TO,0,0,0,D,D,0,No Deposit,314.0,0,Transient,60.0,0,0
Resort Hotel,0,160,2017,March,11,18,2,5,2,0.0,0,BB,GBR,Online TA,TA/TO,0,0,0,E,E,0,No Deposit,240.0,0,Transient,55.8,0,3
Resort Hotel,0,73,2017,March,11,18,2,5,2,0.0,0,BB,NLD,Online TA,TA/TO,0,0,0,F,E,0,No Deposit,242.0,0,Transient,85.0,1,1
Resort Hotel,0,192,2017,March,11,18,2,5,2,0.0,0,BB,GBR,Online TA,TA/TO,0,0,0,E,E,0,No Deposit,314.0,0,Transient,46.64,0,1
Resort Hotel,0,31,2017,March,12,20,1,4,2,0.0,0,BB,FRA,Online TA,TA/TO,0,0,0,D,D,0,No Deposit,240.0,0,Transient,68.0,0,1
Resort Hotel,0,78,2017,March,12,21,0,4,2,0.0,0,BB,EST,Online TA,TA/TO,0,0,0,D,D,0,No Deposit,240.0,0,Transient,70.0,0,1
Resort Hotel,0,1,2017,March,11,13,3,9,2,0.0,0,BB,ITA,Direct,Direct,0,0,0,D,D,0,No Deposit,,0,Transient,70.0,0,0
Resort Hotel,0,41,2017,March,11,18,2,6,2,0.0,0,BB,FRA,Online TA,TA/TO,0,0,0,A,C,0,No Deposit,242.0,0,Transient,67.0,1,1
Resort Hotel,0,15,2017,March,12,19,2,5,2,0.0,0,BB,FRA,Online TA,TA/TO,0,0,0,F,F,0,No Deposit,242.0,0,Transient,95.0,0,1
Resort Hotel,0,84,2017,March,9,1,6,19,2,0.0,0,HB,CN,Groups,TA/TO,0,0,0,A,A,0,No Deposit,440.0,0,Transient-Party,55.8,0,1
Resort Hotel,0,61,2017,March,12,19,2,5,2,0.0,0,BB,GBR,Online TA,TA/TO,0,0,0,F,F,0,No Deposit,241.0,0,Transient,64.18,0,0
Resort Hotel,0,84,2017,March,9,1,6,19,2,0.0,0,HB,CN,Groups,TA/TO,0,0,0,A,A,0,No Deposit,440.0,0,Transient-Party,55.8,0,1
Resort Hotel,0,84,2017,March,9,1,6,19,2,0.0,0,HB,CN,Groups,TA/TO,0,0,0,A,A,0,No Deposit,440.0,0,Transient-Party,55.8,0,1
Resort Hotel,0,181,2017,March,9,1,6,19,2,0.0,0,HB,PRT,Groups,TA/TO,0,0,0,A,A,2,No Deposit,440.0,0,Transient-Party,57.8,0,1
Resort Hotel,0,84,2017,March,9,1,6,19,2,0.0,0,HB,PRT,Groups,TA/TO,0,0,0,A,A,0,No Deposit,440.0,0,Transient-Party,55.8,0,1
Resort Hotel,0,84,2017,March,9,1,6,19,2,0.0,0,HB,CN,Groups,TA/TO,0,0,0,A,A,0,No Deposit,440.0,0,Transient-Party,55.8,0,1
Resort Hotel,0,181,2017,March,9,1,6,19,2,0.0,0,HB,CN,Groups,TA/TO,0,0,0,A,A,2,No Deposit,440.0,0,Transient-Party,55.8,0,1
Resort Hotel,0,181,2017,March,9,1,6,19,2,0.0,0,HB,CN,Groups,TA/TO,0,0,0,A,A,2,No Deposit,440.0,0,Transient-Party,55.8,0,1
Resort Hotel,0,84,2017,March,9,1,6,19,2,0.0,0,HB,CN,Groups,TA/TO,0,0,0,A,A,0,No Deposit,440.0,0,Transient-Party,55.8,0,1
Resort Hotel,0,9,2017,March,12,25,0,1,2,0.0,0,BB,PRT,Online TA,TA/TO,0,0,0,A,D,0,No Deposit,240.0,0,Transient,82.0,1,1
Resort Hotel,0,96,2017,March,12,19,2,5,2,0.0,0,BB,DEU,Groups,TA/TO,0,0,0,A,A,1,No Deposit,177.0,0,Transient-Party,34.0,0,0
Resort Hotel,0,84,2017,March,9,1,6,19,2,0.0,0,HB,CN,Groups,TA/TO,0,0,0,A,A,0,No Deposit,440.0,0,Transient-Party,55.8,0,1
Resort Hotel,0,84,2017,March,9,1,6,19,2,0.0,0,HB,CN,Groups,TA/TO,0,0,0,A,A,0,No Deposit,440.0,0,Transient-Party,55.8,0,1
Resort Hotel,0,84,2017,March,9,1,6,19,2,0.0,0,HB,CN,Groups,TA/TO,0,0,0,A,A,0,No Deposit,440.0,0,Transient-Party,57.8,0,1
Resort Hotel,0,181,2017,March,9,1,6,19,2,0.0,0,HB,PRT,Groups,TA/TO,0,0,0,A,A,0,No Deposit,440.0,0,Transient-Party,55.8,0,1
Resort Hotel,0,26,2017,March,12,25,0,1,2,0.0,0,BB,DEU,Offline TA/TO,TA/TO,0,0,0,E,D,0,No Deposit,,0,Transient,72.0,0,0
Resort Hotel,0,96,2017,March,12,19,2,5,2,0.0,0,BB,DEU,Groups,TA/TO,0,0,0,A,A,1,No Deposit,177.0,0,Transient-Party,34.0,0,0
Resort Hotel,0,96,2017,March,12,19,2,5,2,0.0,0,BB,DEU,Groups,TA/TO,0,0,0,A,A,1,No Deposit,177.0,0,Transient-Party,34.0,0,0
Resort Hotel,0,96,2017,March,12,19,2,5,2,0.0,0,BB,DEU,Groups,TA/TO,0,0,0,A,A,1,No Deposit,177.0,0,Transient-Party,34.0,0,0
Resort Hotel,0,96,2017,March,12,19,2,5,2,0.0,0,BB,DEU,Groups,TA/TO,0,0,0,A,A,1,No Deposit,177.0,0,Transient-Party,34.0,0,0
Resort Hotel,0,152,2017,March,12,25,0,1,2,0.0,0,BB,CN,Online TA,TA/TO,0,0,0,D,D,0,No Deposit,240.0,0,Transient,52.0,1,1
Resort Hotel,0,96,2017,March,12,19,2,5,2,0.0,0,BB,DEU,Groups,TA/TO,0,0,0,A,A,1,No Deposit,177.0,0,Transient-Party,34.0,0,0
Resort Hotel,0,96,2017,March,12,19,2,5,2,0.0,0,BB,DEU,Groups,TA/TO,0,0,0,A,A,1,No Deposit,177.0,0,Transient-Party,34.0,0,0
Resort Hotel,0,156,2017,March,12,19,2,5,2,0.0,0,BB,DEU,Groups,TA/TO,0,0,0,A,A,1,No Deposit,177.0,60,Transient-Party,34.0,0,0
Resort Hotel,0,73,2017,March,12,25,0,1,2,0.0,0,BB,CHE,Offline TA/TO,TA/TO,0,0,0,D,D,1,No Deposit,251.0,0,Transient,42.0,0,0
Resort Hotel,0,23,2017,March,12,19,2,5,2,0.0,0,BB,DEU,Direct,Direct,0,0,0,F,F,2,No Deposit,250.0,0,Transient,87.0,1,0
Resort Hotel,0,10,2017,March,12,24,0,2,2,0.0,0,BB,PRT,Online TA,TA/TO,0,0,0,A,A,0,No Deposit,240.0,0,Transient,75.0,1,1
Resort Hotel,0,145,2017,March,12,19,2,5,2,0.0,0,BB,GBR,Offline TA/TO,TA/TO,0,0,0,E,E,0,No Deposit,40.0,0,Transient,60.65,0,0
Resort Hotel,0,2,2017,March,12,24,0,2,2,0.0,0,BB,PRT,Online TA,TA/TO,0,0,0,A,D,0,No Deposit,240.0,0,Transient,75.0,0,1
Resort Hotel,0,11,2017,March,12,24,0,2,2,0.0,0,HB,ESP,Direct,Direct,0,0,0,E,E,1,No Deposit,250.0,0,Transient,119.0,1,0
Resort Hotel,0,3,2017,March,12,25,0,1,2,0.0,0,BB,PRT,Direct,Direct,0,0,0,A,D,0,No Deposit,250.0,0,Transient-Party,70.0,0,2
Resort Hotel,0,3,2017,March,12,25,0,1,2,0.0,0,BB,PRT,Direct,Direct,0,0,0,A,D,0,No Deposit,250.0,0,Transient-Party,70.0,0,2
Resort Hotel,0,13,2017,March,12,25,0,1,2,0.0,0,BB,ESP,Online TA,TA/TO,0,0,0,D,D,0,No Deposit,240.0,0,Transient,75.0,1,1
Resort Hotel,0,96,2017,March,12,19,2,5,2,0.0,0,BB,DEU,Groups,TA/TO,0,0,0,A,A,1,No Deposit,177.0,0,Transient,34.0,0,1
Resort Hotel,0,237,2017,March,11,12,4,10,2,0.0,0,HB,ESP,Offline TA/TO,TA/TO,0,0,0,E,E,0,No Deposit,171.0,0,Transient,71.0,0,0
Resort Hotel,0,65,2017,March,11,18,2,6,2,0.0,0,HB,ESP,Online TA,TA/TO,0,0,0,D,D,1,No Deposit,468.0,0,Transient-Party,80.0,0,0
Resort Hotel,0,65,2017,March,11,18,2,6,2,0.0,0,HB,ESP,Online TA,TA/TO,0,0,0,D,D,1,No Deposit,468.0,0,Transient-Party,82.0,0,0
Resort Hotel,0,12,2017,March,12,25,0,1,2,0.0,0,BB,PRT,Online TA,TA/TO,0,0,0,E,F,0,No Deposit,240.0,0,Transient,120.0,0,4
Resort Hotel,0,166,2017,March,12,23,1,3,2,0.0,0,BB,ITA,Online TA,TA/TO,0,0,0,A,A,0,No Deposit,240.0,0,Transient,40.95,0,1
Resort Hotel,0,166,2017,March,12,23,1,3,2,0.0,0,BB,ITA,Online TA,TA/TO,0,0,0,A,A,0,No Deposit,240.0,0,Transient,40.95,0,1
Resort Hotel,0,31,2017,March,12,20,2,5,2,0.0,0,BB,SVK,Groups,Direct,0,0,0,E,E,0,No Deposit,,0,Transient-Party,75.0,0,0
Resort Hotel,0,31,2017,March,12,20,2,5,2,0.0,0,BB,SVK,Groups,Direct,0,0,0,E,E,0,No Deposit,,0,Transient-Party,75.0,0,0
Resort Hotel,0,31,2017,March,12,20,2,5,2,0.0,0,BB,AUT,Groups,Direct,0,0,0,E,E,0,No Deposit,,0,Transient-Party,75.0,0,0
Resort Hotel,0,31,2017,March,12,20,2,5,2,0.0,0,BB,AUT,Groups,Direct,0,0,0,E,E,0,No Deposit,,0,Transient-Party,160.71,0,0
Resort Hotel,0,143,2017,March,12,20,2,5,2,0.0,0,HB,FRA,Offline TA/TO,TA/TO,0,0,0,A,C,1,No Deposit,464.0,0,Transient,48.0,0,1
Resort Hotel,0,31,2017,March,12,20,2,5,2,0.0,0,BB,AUT,Groups,Direct,0,0,0,E,E,0,No Deposit,,0,Transient-Party,75.0,0,0
Resort Hotel,0,192,2017,March,12,22,1,4,2,0.0,0,BB,DEU,Online TA,TA/TO,0,0,0,A,D,0,No Deposit,240.0,0,Transient,49.0,1,2
Resort Hotel,0,12,2017,March,12,25,1,1,2,0.0,0,BB,PRT,Complementary,Direct,0,0,0,A,D,1,No Deposit,,0,Transient,0.0,0,0
Resort Hotel,0,326,2017,March,12,20,2,5,2,0.0,0,HB,NLD,Direct,Direct,0,0,0,E,I,1,No Deposit,250.0,0,Transient,91.8,0,2
Resort Hotel,0,44,2017,March,13,26,1,0,2,0.0,0,HB,CHE,Online TA,TA/TO,0,0,0,D,D,0,No Deposit,240.0,0,Transient,100.0,0,3
Resort Hotel,0,73,2017,March,13,28,0,3,2,0.0,0,BB,GBR,Online TA,TA/TO,0,0,0,D,D,0,No Deposit,240.0,0,Transient-Party,62.0,0,3
Resort Hotel,0,73,2017,March,13,28,0,3,2,0.0,0,BB,GBR,Online TA,TA/TO,0,0,0,D,D,0,No Deposit,240.0,0,Transient-Party,69.0,1,3
Resort Hotel,0,313,2017,March,12,24,2,2,2,0.0,0,BB,GBR,Online TA,TA/TO,0,0,0,A,A,0,No Deposit,314.0,0,Transient,30.24,0,0
Resort Hotel,0,241,2017,March,12,21,2,5,2,0.0,0,BB,USA,Groups,TA/TO,0,0,0,D,D,0,No Deposit,273.0,0,Transient-Party,41.6,0,0
Resort Hotel,0,241,2017,March,12,21,2,5,2,0.0,0,BB,GBR,Groups,TA/TO,0,0,0,D,D,0,No Deposit,273.0,0,Transient-Party,41.6,0,0
Resort Hotel,0,284,2017,March,12,21,2,5,2,0.0,0,BB,GBR,Groups,TA/TO,0,0,0,D,D,1,No Deposit,273.0,43,Transient-Party,41.6,0,0
Resort Hotel,0,241,2017,March,12,21,2,5,2,0.0,0,BB,GBR,Groups,TA/TO,0,0,0,D,D,0,No Deposit,273.0,0,Transient-Party,41.6,0,0
Resort Hotel,0,241,2017,March,12,21,2,5,2,0.0,0,BB,GBR,Groups,TA/TO,0,0,0,D,D,0,No Deposit,273.0,0,Transient-Party,41.6,0,0
Resort Hotel,0,241,2017,March,12,21,2,5,2,0.0,0,BB,GBR,Groups,TA/TO,0,0,0,D,D,0,No Deposit,273.0,0,Transient-Party,39.6,0,0
Resort Hotel,0,241,2017,March,12,21,2,5,2,0.0,0,BB,GBR,Groups,TA/TO,0,0,0,D,D,0,No Deposit,273.0,0,Transient-Party,41.6,0,0
Resort Hotel,0,241,2017,March,12,21,2,5,2,0.0,0,BB,GBR,Groups,TA/TO,0,0,0,D,D,0,No Deposit,273.0,0,Transient-Party,41.6,0,0
Resort Hotel,0,207,2017,March,12,24,2,2,2,0.0,0,BB,GBR,Offline TA/TO,TA/TO,0,0,0,D,D,0,No Deposit,26.0,0,Transient,41.6,0,0
Resort Hotel,0,7,2017,March,13,27,1,0,2,0.0,0,BB,PRT,Complementary,Direct,0,0,0,D,D,1,No Deposit,,0,Transient,0.0,1,2
Resort Hotel,0,45,2017,March,12,21,2,5,2,0.0,0,BB,GBR,Direct,Direct,0,0,0,F,F,0,No Deposit,250.0,0,Transient,82.0,0,0
Resort Hotel,0,15,2017,March,13,27,1,0,2,0.0,0,BB,FRA,Direct,Direct,0,0,0,F,F,0,No Deposit,250.0,0,Transient-Party,90.0,0,0
Resort Hotel,0,15,2017,March,13,27,1,0,2,0.0,0,BB,FRA,Direct,Direct,0,0,0,F,F,0,No Deposit,250.0,0,Transient-Party,90.0,0,0
Resort Hotel,0,150,2017,March,12,24,2,2,2,0.0,0,BB,ESP,Offline TA/TO,TA/TO,0,0,0,D,E,0,No Deposit,6.0,0,Transient,37.0,0,0
Resort Hotel,0,40,2017,March,13,26,2,0,2,0.0,0,BB,GBR,Online TA,TA/TO,0,0,0,D,D,0,No Deposit,240.0,0,Transient,68.0,0,2
Resort Hotel,0,152,2017,March,12,19,4,5,2,0.0,0,BB,DEU,Online TA,TA/TO,0,0,0,A,A,0,No Deposit,241.0,0,Transient,29.11,0,1
Resort Hotel,0,133,2017,March,11,15,4,10,2,0.0,0,BB,CN,Offline TA/TO,TA/TO,0,0,0,E,F,0,No Deposit,96.0,0,Transient,45.0,0,0
Resort Hotel,0,8,2017,March,13,28,0,1,2,0.0,0,BB,PRT,Direct,Direct,0,0,0,A,A,0,No Deposit,,0,Transient,60.0,0,0
Resort Hotel,0,35,2017,March,12,22,2,5,2,0.0,0,BB,IRL,Direct,Direct,0,0,0,F,F,0,No Deposit,,0,Transient,80.0,0,2
Resort Hotel,0,3,2017,March,13,27,1,1,2,0.0,0,BB,PRT,Direct,Direct,0,0,0,D,D,0,No Deposit,,0,Transient,68.0,0,0
Resort Hotel,0,39,2017,March,13,28,0,1,2,0.0,0,BB,PRT,Online TA,TA/TO,0,0,0,A,A,0,No Deposit,240.0,0,Transient,60.0,1,1
Resort Hotel,0,0,2017,March,13,28,0,1,2,0.0,0,BB,USA,Direct,Direct,0,0,0,F,F,0,No Deposit,,0,Transient,100.0,0,0
Resort Hotel,0,0,2017,March,13,28,0,1,2,0.0,0,BB,USA,Direct,Direct,0,0,0,F,F,0,No Deposit,,0,Transient,100.0,0,0
Resort Hotel,0,38,2017,March,13,27,1,1,2,0.0,0,BB,FRA,Online TA,TA/TO,0,0,0,D,D,0,No Deposit,240.0,0,Transient,75.0,1,1
Resort Hotel,0,226,2017,March,12,25,2,2,2,0.0,0,BB,IRL,Online TA,TA/TO,0,0,0,A,A,0,No Deposit,314.0,0,Transient-Party,30.24,0,1
Resort Hotel,0,226,2017,March,12,25,2,2,2,0.0,0,BB,IRL,Online TA,TA/TO,0,0,0,A,A,0,No Deposit,314.0,0,Transient-Party,30.24,0,0
Resort Hotel,0,152,2017,March,11,15,4,10,2,0.0,0,HB,DEU,Offline TA/TO,TA/TO,0,0,0,A,A,0,No Deposit,177.0,0,Transient,55.86,0,0
Resort Hotel,0,152,2017,March,11,15,4,10,2,0.0,0,HB,DEU,Offline TA/TO,TA/TO,0,0,0,A,A,0,No Deposit,177.0,0,Transient,54.21,1,0
Resort Hotel,0,0,2017,March,13,26,2,1,2,0.0,0,BB,DEU,Online TA,TA/TO,0,0,0,A,A,0,No Deposit,240.0,0,Transient,75.0,0,1
Resort Hotel,0,225,2017,March,11,15,4,10,2,0.0,0,BB,DEU,Offline TA/TO,TA/TO,0,0,0,E,F,0,No Deposit,75.0,0,Transient,44.5,0,1
Resort Hotel,0,141,2017,March,12,25,2,2,2,0.0,0,BB,GBR,Online TA,TA/TO,0,0,0,A,D,0,No Deposit,240.0,0,Transient,42.0,0,2
Resort Hotel,0,22,2017,March,13,27,1,1,2,0.0,0,BB,PRT,Online TA,TA/TO,0,0,0,E,E,0,No Deposit,240.0,0,Transient,87.0,0,0
Resort Hotel,0,22,2017,March,13,27,1,1,2,0.0,0,BB,PRT,Online TA,TA/TO,0,0,0,E,E,0,No Deposit,240.0,0,Transient,87.0,0,0
Resort Hotel,0,226,2017,March,12,25,2,2,2,0.0,0,BB,GBR,Online TA,TA/TO,0,0,0,A,A,0,No Deposit,314.0,0,Transient-Party,30.24,0,0
Resort Hotel,0,226,2017,March,12,25,2,2,2,0.0,0,BB,IRL,Online TA,TA/TO,0,0,0,A,A,0,No Deposit,314.0,0,Transient-Party,30.24,0,0
Resort Hotel,0,226,2017,March,12,25,2,2,2,0.0,0,BB,IRL,Online TA,TA/TO,0,0,0,A,A,0,No Deposit,314.0,0,Transient-Party,30.24,0,0
Resort Hotel,0,226,2017,March,12,25,2,2,2,0.0,0,BB,IRL,Online TA,TA/TO,0,0,0,A,A,0,No Deposit,314.0,0,Transient-Party,30.24,0,0
Resort Hotel,0,54,2017,March,13,26,2,1,2,0.0,0,BB,IRL,Direct,Direct,0,0,0,D,D,0,No Deposit,250.0,0,Transient,65.0,0,2
Resort Hotel,0,226,2017,March,12,25,2,2,2,0.0,0,BB,IRL,Online TA,TA/TO,0,0,0,A,A,0,No Deposit,314.0,0,Transient-Party,30.24,0,0
Resort Hotel,0,226,2017,March,12,25,2,2,2,0.0,0,BB,IRL,Online TA,TA/TO,0,0,0,A,A,0,No Deposit,314.0,0,Transient-Party,30.24,0,0
Resort Hotel,0,167,2017,March,13,27,1,1,2,0.0,0,BB,CHE,Online TA,TA/TO,0,0,0,E,E,2,No Deposit,240.0,0,Transient,63.9,1,2
Resort Hotel,0,1,2017,March,13,27,1,1,2,0.0,0,BB,CHE,Online TA,TA/TO,0,0,0,E,E,0,No Deposit,241.0,0,Transient,83.0,1,1
Resort Hotel,0,226,2017,March,12,25,2,2,2,0.0,0,BB,IRL,Online TA,TA/TO,0,0,0,A,C,0,No Deposit,314.0,0,Transient-Party,30.24,0,0
Resort Hotel,0,140,2017,March,12,25,2,2,2,0.0,0,BB,GBR,Online TA,TA/TO,0,0,0,A,D,0,No Deposit,240.0,0,Transient,42.0,0,2
Resort Hotel,0,48,2017,March,12,23,2,5,2,0.0,0,Undefined,FRA,Offline TA/TO,TA/TO,0,0,0,A,A,0,No Deposit,464.0,0,Transient,66.0,0,0
Resort Hotel,0,163,2017,March,13,29,0,1,2,0.0,0,HB,CHN,Online TA,TA/TO,0,0,0,A,A,2,No Deposit,240.0,0,Transient,78.0,1,1
Resort Hotel,0,338,2017,March,11,16,4,10,2,0.0,0,BB,GBR,Offline TA/TO,TA/TO,0,0,0,A,C,0,No Deposit,8.0,0,Transient,30.9,0,1
Resort Hotel,0,0,2017,March,13,29,0,1,2,0.0,0,BB,PRT,Corporate,Corporate,0,0,0,A,A,0,No Deposit,,0,Transient,40.0,1,1
Resort Hotel,0,48,2017,March,12,23,2,5,2,0.0,0,Undefined,FRA,Offline TA/TO,TA/TO,0,0,0,C,C,0,No Deposit,464.0,0,Transient-Party,70.0,1,1
Resort Hotel,0,45,2017,March,12,23,2,5,2,0.0,0,Undefined,FRA,Offline TA/TO,TA/TO,0,0,0,C,C,0,No Deposit,464.0,0,Transient-Party,66.0,0,1
Resort Hotel,0,41,2017,March,11,16,4,10,2,0.0,0,Undefined,FRA,Offline TA/TO,TA/TO,0,0,0,A,A,0,No Deposit,464.0,0,Transient,66.0,0,0
Resort Hotel,0,48,2017,March,13,29,0,1,2,0.0,0,BB,DEU,Offline TA/TO,TA/TO,0,0,0,D,F,0,No Deposit,251.0,0,Transient,42.0,0,0
Resort Hotel,0,42,2017,March,13,29,0,1,2,0.0,0,BB,PRT,Offline TA/TO,TA/TO,0,0,0,D,D,0,No Deposit,251.0,0,Transient,42.0,0,0
Resort Hotel,0,41,2017,March,11,16,4,10,2,0.0,0,Undefined,FRA,Offline TA/TO,TA/TO,0,0,0,A,C,0,No Deposit,464.0,0,Transient,66.0,0,2
Resort Hotel,0,27,2017,March,13,26,2,2,2,0.0,0,BB,NZL,Direct,Direct,0,0,0,F,F,0,No Deposit,250.0,0,Transient,87.0,1,0
Resort Hotel,0,48,2017,March,12,23,2,5,2,0.0,0,Undefined,FRA,Offline TA/TO,TA/TO,0,0,0,A,C,0,No Deposit,464.0,0,Transient,66.0,0,0
Resort Hotel,0,149,2017,March,12,25,2,3,2,0.0,0,BB,ESP,Online TA,TA/TO,0,0,0,A,D,0,No Deposit,240.0,0,Transient,49.0,1,1
Resort Hotel,0,162,2017,March,13,27,1,2,2,0.0,0,HB,DEU,Online TA,TA/TO,0,0,0,E,E,4,No Deposit,240.0,0,Transient,92.0,0,3
Resort Hotel,0,48,2017,March,12,23,2,5,2,0.0,0,Undefined,FRA,Offline TA/TO,TA/TO,0,0,0,A,A,0,No Deposit,464.0,0,Transient,66.0,0,0
Resort Hotel,0,0,2017,March,13,27,1,2,2,0.0,0,BB,PRT,Corporate,Corporate,0,0,0,A,A,0,No Deposit,337.0,0,Transient,60.0,0,0
Resort Hotel,0,41,2017,March,11,16,4,10,2,0.0,0,Undefined,FRA,Offline TA/TO,TA/TO,0,0,0,A,A,0,No Deposit,464.0,0,Transient,66.0,0,0
Resort Hotel,0,48,2017,March,12,25,2,3,2,0.0,0,BB,NLD,Direct,Direct,0,0,0,E,E,0,No Deposit,250.0,0,Transient,84.0,1,0
Resort Hotel,0,48,2017,March,12,23,2,5,2,0.0,0,Undefined,FRA,Offline TA/TO,TA/TO,0,0,0,A,A,0,No Deposit,464.0,0,Transient,66.0,0,0
Resort Hotel,0,48,2017,March,12,23,2,5,2,0.0,0,Undefined,FRA,Offline TA/TO,TA/TO,0,0,0,A,A,0,No Deposit,464.0,0,Transient,66.0,0,0
Resort Hotel,0,18,2017,March,13,28,0,3,2,0.0,0,HB,GBR,Online TA,TA/TO,0,0,0,A,A,1,No Deposit,314.0,0,Transient,80.0,0,0
Resort Hotel,0,119,2017,March,13,26,2,3,2,0.0,0,HB,IRL,Online TA,TA/TO,0,0,0,D,D,0,No Deposit,241.0,0,Transient,63.14,0,1
Resort Hotel,0,75,2017,March,12,25,2,4,2,0.0,0,BB,GBR,Online TA,TA/TO,0,0,0,E,E,0,No Deposit,240.0,0,Transient,76.0,0,0
Resort Hotel,0,65,2017,March,13,30,0,1,2,0.0,0,BB,DEU,Offline TA/TO,TA/TO,0,0,0,D,D,0,No Deposit,251.0,0,Transient,42.0,0,0
Resort Hotel,0,53,2017,March,12,25,2,4,2,0.0,0,HB,ESP,Online TA,TA/TO,0,0,0,E,E,0,No Deposit,240.0,0,Transient,118.0,1,2
Resort Hotel,0,214,2017,March,12,24,2,5,2,0.0,0,HB,GBR,Groups,TA/TO,0,0,0,D,D,1,No Deposit,273.0,0,Transient-Party,62.91,0,0
Resort Hotel,0,242,2017,February,7,17,12,30,2,0.0,0,BB,DEU,Offline TA/TO,TA/TO,0,0,0,D,D,0,No Deposit,75.0,0,Transient,35.7,0,1
Resort Hotel,0,214,2017,March,12,24,2,5,2,0.0,0,HB,GBR,Groups,TA/TO,0,0,0,D,D,1,No Deposit,273.0,0,Transient-Party,63.2,0,0
Resort Hotel,0,32,2017,March,13,28,0,3,2,0.0,0,BB,AGO,Online TA,TA/TO,0,0,0,E,F,0,No Deposit,,0,Transient,80.0,0,2
Resort Hotel,0,77,2017,March,13,26,2,3,2,0.0,0,HB,POL,Online TA,TA/TO,0,0,0,D,D,0,No Deposit,240.0,0,Transient,95.2,0,3
Resort Hotel,0,7,2017,March,13,29,0,2,2,0.0,0,BB,FRA,Offline TA/TO,TA/TO,0,0,0,D,D,0,No Deposit,171.0,0,Transient,42.0,0,0
Resort Hotel,0,74,2017,March,13,30,0,1,2,0.0,0,BB,PRT,Online TA,TA/TO,0,0,0,A,C,0,No Deposit,240.0,0,Transient,48.0,0,0
Resort Hotel,0,214,2017,March,12,24,2,5,2,0.0,0,HB,GBR,Groups,TA/TO,0,0,0,D,D,1,No Deposit,273.0,0,Transient-Party,61.2,0,0
Resort Hotel,0,220,2017,March,12,24,2,5,2,0.0,0,HB,GBR,Groups,TA/TO,0,0,0,D,D,0,No Deposit,273.0,6,Transient-Party,63.2,0,0
Resort Hotel,0,23,2017,March,13,29,0,2,2,0.0,0,BB,FRA,Online TA,TA/TO,0,0,0,A,F,0,No Deposit,240.0,0,Transient,102.0,1,1
Resort Hotel,0,57,2017,March,13,26,2,3,2,0.0,0,BB,IRL,Online TA,TA/TO,0,0,0,A,A,1,No Deposit,240.0,0,Transient,55.2,0,1
Resort Hotel,0,220,2017,March,12,24,2,5,2,0.0,0,HB,GBR,Groups,TA/TO,0,0,0,D,D,1,No Deposit,273.0,6,Transient-Party,62.63,0,0
Resort Hotel,0,39,2017,March,13,30,0,1,2,0.0,0,BB,GBR,Online TA,TA/TO,0,0,0,D,D,0,No Deposit,241.0,0,Transient,54.4,0,2
Resort Hotel,0,0,2017,March,13,29,0,2,2,0.0,0,BB,PRT,Direct,Direct,0,0,0,A,A,0,No Deposit,,0,Transient-Party,70.0,0,2
Resort Hotel,0,0,2017,April,14,7,0,1,2,0.0,0,BB,PRT,Direct,Direct,1,0,1,A,A,0,No Deposit,250.0,0,Transient,80.0,0,2
Resort Hotel,0,1,2017,March,13,29,0,2,2,0.0,0,BB,FRA,Online TA,TA/TO,0,0,0,E,F,2,No Deposit,240.0,0,Transient,97.0,0,2
Resort Hotel,0,2,2017,March,13,31,0,1,2,0.0,0,BB,FRA,Online TA,TA/TO,0,0,0,E,F,1,No Deposit,,0,Transient,95.0,0,2
Resort Hotel,0,1,2017,April,14,8,2,5,2,0.0,0,BB,FRA,Direct,TA/TO,1,0,0,F,F,0,No Deposit,,0,Transient,145.71,0,2
Resort Hotel,0,214,2017,March,12,24,2,5,2,0.0,0,HB,GBR,Groups,TA/TO,0,0,0,D,D,1,No Deposit,273.0,0,Transient,63.2,0,0
Resort Hotel,0,157,2017,March,12,25,2,5,2,0.0,0,HB,DEU,Offline TA/TO,TA/TO,0,0,0,D,D,0,No Deposit,177.0,0,Transient,54.4,0,0
Resort Hotel,0,214,2017,March,12,25,2,5,2,0.0,0,BB,IRL,Online TA,TA/TO,0,0,0,E,E,0,No Deposit,314.0,0,Transient-Party,46.64,0,0
Resort Hotel,0,10,2017,March,12,25,2,5,2,0.0,0,BB,IRL,Online TA,TA/TO,0,0,0,E,E,0,No Deposit,314.0,0,Transient,46.64,0,0
Resort Hotel,0,10,2017,March,12,25,2,5,2,0.0,0,BB,IRL,Online TA,TA/TO,0,0,0,E,E,0,No Deposit,314.0,0,Transient,44.64,0,0
Resort Hotel,0,214,2017,March,12,25,2,5,2,0.0,0,BB,IRL,Online TA,TA/TO,0,0,0,E,E,0,No Deposit,314.0,0,Transient-Party,44.64,0,0
Resort Hotel,0,149,2017,March,12,25,2,5,2,0.0,0,BB,GBR,Online TA,TA/TO,0,0,0,E,E,0,No Deposit,241.0,0,Transient,44.97,0,1
Resort Hotel,0,146,2017,March,12,25,2,5,2,0.0,0,BB,GBR,Online TA,TA/TO,0,0,0,A,D,1,No Deposit,242.0,0,Transient,37.8,0,1
Resort Hotel,0,146,2017,March,11,16,4,12,2,0.0,0,HB,CN,Groups,TA/TO,0,0,0,D,D,4,No Deposit,440.0,0,Transient-Party,63.0,0,0
Resort Hotel,0,146,2017,March,11,16,4,12,2,0.0,0,HB,PRT,Groups,TA/TO,0,0,0,A,C,2,No Deposit,440.0,105,Transient-Party,55.8,0,0
Resort Hotel,0,146,2017,March,11,16,4,12,2,0.0,0,HB,CN,Groups,TA/TO,0,0,0,D,D,2,No Deposit,440.0,0,Transient-Party,63.0,0,0
Resort Hotel,0,146,2017,March,11,16,4,12,2,0.0,0,HB,PRT,Groups,TA/TO,0,0,0,D,D,3,No Deposit,440.0,0,Transient,65.0,0,0
Resort Hotel,0,0,2017,March,13,31,0,1,2,0.0,0,BB,PRT,Direct,Direct,0,0,0,A,A,0,No Deposit,,0,Transient,80.0,0,0
Resort Hotel,0,1,2017,March,13,31,0,1,2,0.0,0,BB,PRT,Direct,Direct,0,0,0,A,D,0,No Deposit,250.0,0,Transient,70.0,0,1
Resort Hotel,0,64,2017,March,13,31,0,1,2,0.0,0,BB,PRT,Offline TA/TO,TA/TO,0,0,0,D,D,0,No Deposit,251.0,0,Transient,62.0,0,0
Resort Hotel,0,25,2017,March,13,30,0,2,2,0.0,0,BB,DEU,Online TA,TA/TO,0,0,0,A,C,1,No Deposit,240.0,0,Transient,72.0,1,1
Resort Hotel,0,139,2017,March,12,25,2,5,2,0.0,0,BB,IRL,Online TA,TA/TO,0,0,0,A,C,0,No Deposit,240.0,0,Transient,42.0,0,1
Resort Hotel,0,71,2017,March,13,29,0,3,2,0.0,0,BB,PRT,Direct,Direct,0,0,0,E,E,0,No Deposit,250.0,0,Transient,72.5,1,0
Resort Hotel,0,15,2017,March,13,27,1,4,2,0.0,0,BB,FRA,Online TA,TA/TO,0,0,0,A,A,0,No Deposit,240.0,0,Transient,65.0,0,2
Resort Hotel,0,9,2017,March,13,30,0,2,2,0.0,0,BB,PRT,Online TA,TA/TO,0,0,0,A,A,0,No Deposit,241.0,0,Transient,60.0,0,1
Resort Hotel,0,9,2017,March,13,31,0,1,2,0.0,0,HB,PRT,Offline TA/TO,TA/TO,0,0,0,D,D,0,No Deposit,171.0,0,Transient,88.0,0,0
Resort Hotel,0,90,2017,March,13,27,1,4,2,0.0,0,BB,GBR,Online TA,TA/TO,0,0,0,A,A,0,No Deposit,240.0,0,Transient,59.8,1,2
Resort Hotel,0,103,2017,March,13,29,0,3,2,0.0,0,BB,FRA,Offline TA/TO,TA/TO,0,0,0,A,A,0,No Deposit,6.0,0,Transient,48.0,0,0
Resort Hotel,0,90,2017,March,13,27,1,4,2,0.0,0,BB,GBR,Online TA,TA/TO,0,0,0,A,A,0,No Deposit,240.0,0,Transient,52.8,0,2
Resort Hotel,0,28,2017,March,13,29,0,4,2,0.0,0,HB,GBR,Offline TA/TO,TA/TO,0,0,0,A,A,0,No Deposit,95.0,0,Transient,78.0,0,0
Resort Hotel,0,17,2017,March,13,30,0,3,2,0.0,0,HB,GBR,Offline TA/TO,TA/TO,0,0,0,E,E,0,No Deposit,171.0,0,Transient,100.0,0,0
Resort Hotel,0,6,2017,March,13,30,0,3,2,0.0,0,BB,GBR,Online TA,TA/TO,0,0,0,A,A,0,No Deposit,241.0,0,Transient,64.67,0,1
Resort Hotel,0,28,2017,March,13,31,0,2,2,0.0,0,BB,PRT,Complementary,Direct,0,0,0,A,A,0,No Deposit,,0,Transient,0.0,0,0
Resort Hotel,0,112,2017,March,13,29,0,4,2,0.0,0,BB,SWE,Online TA,TA/TO,0,0,0,E,E,0,No Deposit,240.0,0,Transient,72.5,0,0
Resort Hotel,0,113,2017,March,13,29,0,4,2,0.0,0,BB,SWE,Online TA,TA/TO,0,0,0,A,A,0,No Deposit,240.0,0,Transient,48.0,0,1
Resort Hotel,0,74,2017,March,13,26,2,5,2,0.0,0,BB,GBR,Online TA,TA/TO,0,0,0,A,A,0,No Deposit,240.0,0,Transient,55.14,0,1
Resort Hotel,0,86,2017,March,13,30,0,3,2,0.0,0,BB,SWE,Online TA,TA/TO,0,0,0,E,F,0,No Deposit,240.0,0,Transient,71.33,0,1
Resort Hotel,0,86,2017,March,13,30,0,3,2,0.0,0,BB,SWE,Online TA,TA/TO,0,0,0,E,F,0,No Deposit,240.0,0,Transient,73.33,0,1
Resort Hotel,0,64,2017,March,13,31,0,2,2,0.0,0,HB,ESP,Online TA,TA/TO,0,0,0,A,A,0,No Deposit,240.0,0,Transient,80.0,0,1
Resort Hotel,0,12,2017,April,13,1,0,1,2,0.0,0,BB,PRT,Offline TA/TO,TA/TO,0,0,0,A,C,0,No Deposit,6.0,0,Transient,48.0,0,0
Resort Hotel,0,38,2017,March,13,31,0,2,2,0.0,0,BB,ESP,Online TA,TA/TO,0,0,0,A,A,0,No Deposit,240.0,0,Transient,65.0,0,1
Resort Hotel,0,29,2017,March,13,29,0,4,2,0.0,0,BB,ESP,Direct,Direct,0,0,0,A,A,1,No Deposit,250.0,0,Transient,67.5,0,2
Resort Hotel,0,25,2017,March,13,31,0,2,2,0.0,0,BB,IRL,Online TA,TA/TO,0,0,0,A,A,0,No Deposit,240.0,0,Transient,70.0,0,0
Resort Hotel,0,28,2017,March,13,29,0,4,2,0.0,0,BB,GBR,Offline TA/TO,TA/TO,0,0,0,A,A,0,No Deposit,6.0,0,Transient,50.0,0,0
Resort Hotel,0,23,2017,March,13,31,0,2,2,0.0,0,BB,PRT,Complementary,Direct,0,0,0,A,D,0,No Deposit,,0,Transient,0.0,0,1
Resort Hotel,0,32,2017,March,13,29,0,4,2,0.0,0,BB,GBR,Offline TA/TO,TA/TO,0,0,0,D,D,0,No Deposit,171.0,0,Transient,60.0,0,0
Resort Hotel,0,8,2017,March,13,31,0,2,2,0.0,0,BB,PRT,Direct,Direct,0,0,0,D,D,0,No Deposit,250.0,0,Transient,94.5,1,1
Resort Hotel,0,222,2017,March,13,26,2,5,2,0.0,0,BB,DEU,Online TA,TA/TO,0,0,0,D,D,3,No Deposit,240.0,0,Transient,52.97,0,1
Resort Hotel,0,71,2017,March,13,31,0,2,2,0.0,0,BB,PRT,Complementary,Direct,0,0,0,A,A,0,No Deposit,,0,Transient,0.0,0,0
Resort Hotel,0,0,2017,March,13,31,0,2,2,0.0,0,BB,ESP,Direct,Direct,0,0,0,A,A,1,No Deposit,,0,Transient,70.0,0,0
Resort Hotel,0,1,2017,April,13,1,0,1,2,0.0,0,BB,PRT,Offline TA/TO,TA/TO,0,0,0,A,A,1,No Deposit,330.0,0,Transient,68.0,0,1
Resort Hotel,0,38,2017,March,13,31,0,2,2,0.0,0,BB,ESP,Online TA,TA/TO,0,0,0,A,A,0,No Deposit,240.0,0,Transient,65.0,0,1
Resort Hotel,0,0,2017,April,13,1,0,1,2,0.0,0,BB,PRT,Direct,Direct,0,0,0,A,A,0,No Deposit,250.0,0,Transient,87.0,0,0
Resort Hotel,0,0,2017,April,13,1,0,1,2,0.0,0,BB,AGO,Direct,Direct,0,0,0,E,E,0,No Deposit,250.0,0,Transient,110.0,1,0
Resort Hotel,0,0,2017,June,23,8,0,0,2,0.0,0,BB,AGO,Direct,Direct,1,0,1,D,D,1,No Deposit,,0,Transient,0.0,1,0
Resort Hotel,0,22,2017,March,13,31,0,2,2,0.0,0,BB,PRT,Online TA,TA/TO,0,0,0,A,D,0,No Deposit,240.0,0,Transient,70.0,0,2
Resort Hotel,0,11,2017,March,13,31,0,2,2,0.0,0,BB,ESP,Offline TA/TO,TA/TO,0,0,0,D,D,0,No Deposit,6.0,0,Transient,60.0,0,0
Resort Hotel,0,5,2017,March,13,31,0,2,2,0.0,0,BB,PRT,Online TA,TA/TO,0,0,0,D,D,0,No Deposit,240.0,0,Transient,99.5,1,1
Resort Hotel,0,122,2017,March,13,27,2,5,2,0.0,0,BB,NLD,Online TA,TA/TO,0,0,0,A,A,0,No Deposit,240.0,0,Transient,47.14,0,1
Resort Hotel,0,38,2017,March,13,30,1,3,2,0.0,0,BB,GBR,Online TA,TA/TO,0,0,0,D,D,2,No Deposit,240.0,0,Transient,76.5,0,1
Resort Hotel,0,151,2017,March,13,30,1,3,2,0.0,0,BB,GBR,Online TA,TA/TO,0,0,0,E,E,0,No Deposit,314.0,0,Transient,56.72,0,0
Resort Hotel,0,250,2017,March,13,27,2,5,2,0.0,0,BB,IRL,Online TA,TA/TO,0,0,0,A,D,1,No Deposit,240.0,0,Transient,52.43,0,1
Resort Hotel,0,229,2017,March,13,27,2,5,2,0.0,0,BB,IRL,Online TA,TA/TO,0,0,0,A,D,1,No Deposit,240.0,0,Transient,52.43,0,2
Resort Hotel,0,85,2017,March,13,30,1,3,2,0.0,0,BB,GBR,Offline TA/TO,TA/TO,0,0,0,E,E,0,No Deposit,40.0,0,Transient,69.0,0,0
Resort Hotel,0,70,2017,March,13,29,1,4,2,0.0,0,BB,IRL,Online TA,TA/TO,0,0,0,A,A,0,No Deposit,314.0,0,Transient,34.56,0,0
Resort Hotel,0,62,2017,March,13,29,1,4,2,0.0,0,BB,IRL,Online TA,TA/TO,0,0,0,A,A,0,No Deposit,241.0,0,Transient,36.96,0,1
Resort Hotel,0,66,2017,March,12,25,3,6,2,0.0,0,HB,FRA,Online TA,TA/TO,0,0,0,E,E,0,No Deposit,240.0,0,Transient,107.56,0,1
Resort Hotel,0,62,2017,April,13,1,1,1,2,0.0,0,BB,FRA,Online TA,TA/TO,0,0,0,E,E,0,No Deposit,240.0,0,Transient,85.0,1,0
Resort Hotel,0,52,2017,March,13,27,2,5,2,0.0,0,HB,FRA,Offline TA/TO,TA/TO,0,0,0,A,A,0,No Deposit,464.0,0,Transient,48.0,0,0
Resort Hotel,0,52,2017,March,13,27,2,5,2,0.0,0,HB,FRA,Offline TA/TO,TA/TO,0,0,0,A,A,0,No Deposit,464.0,0,Transient,48.0,0,0
Resort Hotel,0,9,2017,March,13,30,1,3,2,0.0,0,BB,RUS,Online TA,TA/TO,0,0,0,A,C,0,No Deposit,242.0,0,Transient,87.0,1,1
Resort Hotel,0,20,2017,April,14,2,1,0,2,0.0,0,BB,POL,Offline TA/TO,TA/TO,0,0,0,A,A,0,No Deposit,8.0,0,Transient,48.0,0,0
Resort Hotel,0,63,2017,March,13,31,1,2,2,0.0,0,BB,GBR,Online TA,TA/TO,0,0,0,A,A,0,No Deposit,467.0,0,Transient,34.56,0,0
Resort Hotel,0,72,2017,March,13,31,1,2,2,0.0,0,BB,IRL,Direct,Direct,0,0,0,E,E,0,No Deposit,250.0,0,Transient,70.47,0,1
Resort Hotel,0,92,2017,April,13,1,1,1,2,0.0,0,BB,GBR,Online TA,TA/TO,0,0,0,A,C,0,No Deposit,240.0,0,Transient,48.0,0,1
Resort Hotel,0,256,2017,March,13,30,1,3,2,0.0,0,BB,IRL,Online TA,TA/TO,0,0,0,A,A,0,No Deposit,240.0,0,Transient,45.9,0,2
Resort Hotel,0,61,2017,April,13,1,1,1,2,0.0,0,BB,FRA,Online TA,TA/TO,0,0,0,A,A,0,No Deposit,240.0,0,Transient,67.0,1,2
Resort Hotel,0,66,2017,March,13,31,1,2,2,0.0,0,BB,FRA,Online TA,TA/TO,0,0,0,D,D,0,No Deposit,240.0,0,Transient,68.33,1,2
Resort Hotel,0,19,2017,March,13,31,1,2,2,0.0,0,BB,GBR,Online TA,TA/TO,0,0,0,A,C,0,No Deposit,241.0,0,Transient,56.47,0,1
Resort Hotel,0,56,2017,March,13,31,1,2,2,0.0,0,BB,GBR,Online TA,TA/TO,0,0,0,A,A,0,No Deposit,242.0,0,Transient,60.0,0,1
Resort Hotel,0,121,2017,March,13,28,2,5,2,0.0,0,HB,GBR,Online TA,TA/TO,0,0,0,A,A,0,No Deposit,241.0,0,Transient,55.49,0,1
Resort Hotel,0,20,2017,March,13,28,2,5,2,0.0,0,BB,DEU,Online TA,TA/TO,0,0,0,A,A,0,No Deposit,240.0,0,Transient,69.29,0,0
Resort Hotel,0,25,2017,March,13,28,2,5,2,0.0,0,HB,GBR,Offline TA/TO,TA/TO,0,0,0,A,A,0,No Deposit,476.0,0,Transient,76.0,0,0
Resort Hotel,0,159,2017,March,11,14,6,15,2,0.0,0,HB,NLD,Offline TA/TO,TA/TO,0,0,0,E,E,0,No Deposit,75.0,0,Transient,68.4,0,1
Resort Hotel,0,159,2017,March,11,14,6,15,2,0.0,0,HB,PRT,Offline TA/TO,TA/TO,0,0,0,D,D,0,No Deposit,75.0,0,Transient,61.2,0,1
Resort Hotel,0,159,2017,March,11,14,6,15,2,0.0,0,HB,NLD,Offline TA/TO,TA/TO,0,0,0,E,E,0,No Deposit,75.0,0,Transient,68.4,0,1
Resort Hotel,0,159,2017,March,11,14,6,15,2,0.0,0,HB,NLD,Offline TA/TO,TA/TO,0,0,0,E,E,0,No Deposit,75.0,0,Transient,68.4,0,1
Resort Hotel,0,159,2017,March,11,14,6,15,2,0.0,0,HB,NLD,Offline TA/TO,TA/TO,0,0,0,E,E,0,No Deposit,75.0,0,Transient,70.3,0,2
Resort Hotel,0,29,2017,March,13,30,2,3,2,0.0,0,HB,GBR,Offline TA/TO,TA/TO,0,0,0,D,D,0,No Deposit,436.0,0,Transient,88.0,0,0
Resort Hotel,0,142,2017,March,13,30,2,3,2,0.0,0,BB,GBR,Online TA,TA/TO,0,0,0,D,D,0,No Deposit,240.0,0,Transient,70.8,0,2
Resort Hotel,0,30,2017,March,13,28,2,5,2,0.0,0,HB,GBR,Online TA,TA/TO,0,0,0,F,F,0,No Deposit,241.0,0,Transient,106.74,1,1
Resort Hotel,0,165,2017,March,13,31,2,2,2,0.0,0,HB,IRL,Online TA,TA/TO,0,0,0,A,A,1,No Deposit,314.0,0,Transient-Party,65.96,0,2
Resort Hotel,0,165,2017,March,13,31,2,2,2,0.0,0,HB,IRL,Online TA,TA/TO,0,0,0,A,A,1,No Deposit,314.0,0,Transient-Party,65.96,0,2
Resort Hotel,0,42,2017,March,13,28,2,5,2,0.0,0,BB,FRA,Direct,Direct,0,0,0,A,A,0,No Deposit,250.0,0,Transient,59.29,0,2
Resort Hotel,0,42,2017,March,13,28,2,5,2,0.0,0,BB,FRA,Direct,Direct,0,0,0,A,A,0,No Deposit,250.0,0,Transient,59.29,0,2
Resort Hotel,0,150,2017,March,13,28,2,5,2,0.0,0,BB,IRL,Direct,Direct,0,0,0,A,A,0,No Deposit,250.0,0,Transient,41.98,0,1
Resort Hotel,0,26,2017,April,14,3,1,0,2,0.0,0,BB,DEU,Offline TA/TO,TA/TO,0,0,0,D,D,0,No Deposit,,0,Transient,62.0,0,0
Resort Hotel,0,27,2017,April,14,2,2,0,2,0.0,0,BB,CN,Online TA,TA/TO,0,0,0,A,A,0,No Deposit,240.0,0,Transient,82.0,1,0
Resort Hotel,0,37,2017,March,13,31,2,2,2,0.0,0,BB,GBR,Online TA,TA/TO,0,0,0,A,C,0,No Deposit,467.0,0,Transient,50.6,0,0
Resort Hotel,0,22,2017,April,13,1,2,1,2,0.0,0,HB,ESP,Online TA,TA/TO,0,0,0,A,D,0,No Deposit,240.0,0,Transient,107.0,0,2
Resort Hotel,0,98,2017,March,13,31,2,2,2,0.0,0,BB,IRL,Online TA,TA/TO,0,0,0,E,F,0,No Deposit,240.0,0,Transient,77.5,0,1
Resort Hotel,0,62,2017,March,12,25,4,6,2,0.0,0,BB,NOR,Online TA,TA/TO,0,0,0,E,E,0,No Deposit,240.0,0,Transient,77.8,0,1
Resort Hotel,0,24,2017,March,13,26,4,5,2,0.0,0,BB,IRL,Offline TA/TO,TA/TO,0,0,0,E,E,0,No Deposit,418.0,0,Transient,61.33,0,0
Resort Hotel,0,27,2017,March,13,28,2,5,2,0.0,0,BB,IRL,Offline TA/TO,TA/TO,0,0,0,A,A,0,No Deposit,436.0,0,Transient,50.0,0,1
Resort Hotel,0,3,2017,April,14,2,2,0,2,0.0,0,HB,ESP,Online TA,TA/TO,0,0,0,F,G,0,No Deposit,241.0,0,Transient,140.6,1,1
Resort Hotel,0,211,2017,March,10,8,8,20,2,0.0,0,HB,DEU,Offline TA/TO,TA/TO,0,0,0,D,D,0,No Deposit,75.0,0,Transient,57.8,0,1
Resort Hotel,0,19,2017,March,13,29,2,5,2,0.0,0,BB,PRT,Offline TA/TO,TA/TO,0,0,0,D,D,0,No Deposit,75.0,0,Transient,49.0,1,0
Resort Hotel,0,159,2017,March,12,22,4,10,2,0.0,0,BB,CN,Offline TA/TO,TA/TO,0,0,0,E,E,0,No Deposit,96.0,0,Transient,64.8,0,2
Resort Hotel,0,40,2017,April,13,1,2,2,2,0.0,0,BB,GBR,Offline TA/TO,TA/TO,0,0,0,D,D,0,No Deposit,95.0,0,Transient,60.0,0,0
Resort Hotel,0,155,2017,March,11,15,6,15,2,0.0,0,BB,PRT,Offline TA/TO,TA/TO,0,0,0,E,E,0,No Deposit,96.0,0,Transient,66.8,0,0
Resort Hotel,0,30,2017,March,13,29,2,5,2,0.0,0,BB,IRL,Direct,Direct,0,0,0,A,A,0,No Deposit,250.0,0,Transient,62.71,0,1
Resort Hotel,0,149,2017,March,10,8,8,20,2,0.0,0,BB,PRT,Offline TA/TO,TA/TO,0,0,0,D,D,0,No Deposit,96.0,0,Transient,54.0,0,0
Resort Hotel,0,155,2017,March,11,15,6,15,2,0.0,0,BB,CN,Offline TA/TO,TA/TO,0,0,0,E,E,0,No Deposit,96.0,0,Transient,64.8,0,1
Resort Hotel,0,20,2017,March,13,29,2,5,2,0.0,0,HB,DEU,Offline TA/TO,TA/TO,0,0,0,E,E,0,No Deposit,75.0,0,Transient,76.0,0,1
Resort Hotel,0,8,2017,April,14,4,0,1,2,0.0,0,BB,CN,Online TA,TA/TO,0,0,0,A,A,0,No Deposit,240.0,0,Transient,85.0,0,0
Resort Hotel,0,60,2017,April,14,4,0,1,2,0.0,0,BB,DEU,Offline TA/TO,TA/TO,0,0,0,D,D,0,No Deposit,,0,Transient,62.0,0,1
Resort Hotel,0,76,2017,April,14,2,2,1,2,0.0,0,BB,GBR,Direct,Direct,0,0,0,F,F,0,No Deposit,250.0,0,Transient,86.2,1,0
Resort Hotel,0,49,2017,April,14,2,2,1,2,0.0,0,BB,GBR,Online TA,TA/TO,0,0,0,D,D,2,No Deposit,240.0,0,Transient,78.33,0,1
Resort Hotel,0,152,2017,April,14,5,1,4,2,0.0,0,BB,GBR,Groups,TA/TO,0,0,0,D,D,1,No Deposit,,0,Transient-Party,69.0,1,1
Resort Hotel,0,20,2017,March,13,28,2,6,2,0.0,0,HB,GBR,Offline TA/TO,TA/TO,0,0,0,E,E,0,No Deposit,436.0,0,Transient,100.0,0,1
Resort Hotel,0,3,2017,April,14,2,2,1,2,0.0,0,BB,NPL,Online TA,TA/TO,0,0,0,A,C,0,No Deposit,240.0,0,Transient,85.0,0,1
Resort Hotel,0,11,2017,April,14,2,2,1,2,0.0,0,BB,PRT,Online TA,TA/TO,0,0,0,A,A,0,No Deposit,240.0,0,Transient,85.0,0,2
Resort Hotel,0,32,2017,April,14,5,0,3,2,0.0,0,BB,PRT,Online TA,TA/TO,0,0,0,A,F,0,No Deposit,240.0,0,Transient,75.0,0,2
Resort Hotel,0,38,2017,April,14,2,2,1,2,0.0,0,BB,GBR,Online TA,TA/TO,0,0,0,A,A,0,No Deposit,240.0,0,Transient,70.0,0,1
Resort Hotel,0,0,2017,April,14,3,1,1,2,0.0,0,BB,FRA,Direct,Direct,0,0,0,D,D,0,No Deposit,,0,Transient,102.0,1,0
Resort Hotel,0,29,2017,April,14,3,1,1,2,0.0,0,HB,BRA,Online TA,TA/TO,0,0,0,A,A,0,No Deposit,240.0,0,Transient,114.0,1,1
Resort Hotel,0,33,2017,March,13,28,2,6,2,0.0,0,BB,IRL,Online TA,TA/TO,0,0,0,A,A,0,No Deposit,240.0,0,Transient,67.0,0,1
Resort Hotel,0,54,2017,April,14,2,2,2,2,0.0,0,BB,GBR,Offline TA/TO,TA/TO,0,0,0,D,D,0,No Deposit,40.0,0,Contract,50.85,0,0
Resort Hotel,0,9,2017,March,13,30,2,5,2,0.0,0,HB,GBR,Offline TA/TO,TA/TO,0,0,0,D,D,0,No Deposit,40.0,0,Contract,84.47,0,0
Resort Hotel,0,15,2017,April,14,2,2,2,2,0.0,0,BB,GBR,Offline TA/TO,TA/TO,0,0,0,A,A,0,No Deposit,40.0,0,Transient,40.95,0,0
Resort Hotel,0,27,2017,April,13,1,2,3,2,0.0,0,BB,IRL,Online TA,TA/TO,0,0,0,A,A,2,No Deposit,240.0,0,Transient,75.0,0,2
Resort Hotel,0,45,2017,April,14,3,1,2,2,0.0,0,BB,PRT,Direct,Direct,0,0,0,A,A,1,No Deposit,,0,Transient,68.33,0,1
Resort Hotel,0,31,2017,April,14,3,1,2,2,0.0,0,BB,EST,Online TA,TA/TO,0,0,0,A,A,0,No Deposit,240.0,0,Transient,75.0,0,1
Resort Hotel,0,37,2017,April,14,2,2,2,2,0.0,0,BB,FRA,Online TA,TA/TO,0,0,0,A,A,1,No Deposit,240.0,0,Transient,82.25,0,2
Resort Hotel,0,35,2017,April,14,2,2,2,2,0.0,0,BB,GBR,Online TA,TA/TO,0,0,0,A,A,0,No Deposit,240.0,0,Transient,70.0,0,2
Resort Hotel,0,167,2017,March,13,26,4,7,2,0.0,0,HB,GBR,Offline TA/TO,TA/TO,0,0,0,E,E,0,No Deposit,40.0,0,Transient,82.68,0,0
Resort Hotel,0,57,2017,March,13,31,2,4,2,0.0,0,BB,GBR,Direct,Direct,0,0,0,E,F,0,No Deposit,250.0,0,Transient,83.33,0,0
Resort Hotel,0,47,2017,April,13,1,2,3,2,0.0,0,BB,IRL,Online TA,TA/TO,0,0,0,A,A,0,No Deposit,240.0,0,Transient,70.0,0,1
Resort Hotel,0,31,2017,April,14,2,2,2,2,0.0,0,BB,POL,Online TA,TA/TO,0,0,0,A,A,0,No Deposit,240.0,0,Transient,75.0,0,2
Resort Hotel,0,29,2017,April,14,3,1,2,2,0.0,0,BB,FRA,Online TA,TA/TO,0,0,0,E,E,0,No Deposit,240.0,0,Transient,107.0,0,3
Resort Hotel,0,48,2017,March,13,31,2,5,2,0.0,0,HB,BEL,Online TA,TA/TO,0,0,0,E,F,0,No Deposit,240.0,0,Transient,120.57,0,2
Resort Hotel,0,38,2017,March,13,31,2,5,2,0.0,0,HB,GBR,Offline TA/TO,TA/TO,0,0,0,D,D,0,No Deposit,40.0,0,Contract,83.66,0,0
Resort Hotel,0,34,2017,April,14,3,1,3,2,0.0,0,BB,IRL,Online TA,TA/TO,0,0,0,D,F,0,No Deposit,240.0,0,Transient,86.5,0,2
Resort Hotel,0,25,2017,April,14,3,1,3,2,0.0,0,BB,GBR,Online TA,TA/TO,0,0,0,D,D,0,No Deposit,241.0,0,Transient,77.0,0,2
Resort Hotel,0,105,2017,March,12,22,4,12,2,0.0,0,BB,CN,Online TA,TA/TO,0,0,0,F,E,0,No Deposit,241.0,0,Transient,63.56,0,2
Resort Hotel,0,10,2017,April,15,10,1,3,2,0.0,0,BB,PRT,Offline TA/TO,TA/TO,0,0,1,A,A,1,No Deposit,146.0,0,Group,61.0,0,1
Resort Hotel,0,80,2017,March,13,31,2,5,2,0.0,0,BB,GBR,Offline TA/TO,TA/TO,0,0,0,A,A,0,No Deposit,40.0,0,Contract,41.97,0,0
Resort Hotel,0,153,2017,April,14,3,1,3,2,0.0,0,BB,IRL,Online TA,TA/TO,0,0,0,D,D,0,No Deposit,240.0,0,Transient,78.75,0,1
Resort Hotel,0,61,2017,April,14,4,0,3,2,0.0,0,BB,FRA,Online TA,TA/TO,0,0,0,A,A,0,No Deposit,240.0,0,Transient,67.0,1,2
Resort Hotel,0,27,2017,April,14,3,1,3,2,0.0,0,BB,FRA,Online TA,TA/TO,0,0,0,A,C,0,No Deposit,127.0,0,Transient,67.0,1,0
Resort Hotel,0,33,2017,April,13,1,2,4,2,0.0,0,BB,BEL,Direct,Direct,0,0,0,A,A,0,No Deposit,250.0,0,Transient,58.5,0,1
Resort Hotel,0,66,2017,April,13,1,2,4,2,0.0,0,BB,ESP,Online TA,TA/TO,0,0,0,D,D,1,No Deposit,240.0,0,Transient,79.0,1,1
Resort Hotel,0,56,2017,April,13,1,2,4,2,0.0,0,BB,GBR,Online TA,TA/TO,0,0,0,A,C,0,No Deposit,526.0,0,Transient-Party,43.2,0,0
Resort Hotel,0,54,2017,March,13,31,2,5,2,0.0,0,BB,GBR,Online TA,TA/TO,0,0,0,D,D,0,No Deposit,314.0,0,Transient,56.85,0,2
Resort Hotel,0,15,2017,March,13,30,2,6,2,0.0,0,Undefined,PRT,Corporate,Corporate,0,0,0,A,D,1,No Deposit,,0,Transient-Party,120.0,0,0
Resort Hotel,0,15,2017,March,13,30,2,6,2,0.0,0,Undefined,PRT,Corporate,Corporate,0,0,0,A,A,1,No Deposit,,0,Transient-Party,120.0,0,0
Resort Hotel,0,15,2017,March,13,30,2,6,2,0.0,0,Undefined,PRT,Corporate,Corporate,0,0,0,A,A,1,No Deposit,,0,Transient-Party,120.0,0,0
Resort Hotel,0,15,2017,March,13,30,2,6,2,0.0,0,Undefined,PRT,Corporate,Corporate,0,0,0,A,D,1,No Deposit,,0,Transient-Party,120.0,0,0
Resort Hotel,0,15,2017,March,13,30,2,6,2,0.0,0,Undefined,PRT,Corporate,Corporate,0,0,0,A,D,1,No Deposit,,0,Transient-Party,120.0,0,0
Resort Hotel,0,56,2017,April,13,1,2,4,2,0.0,0,BB,GBR,Online TA,TA/TO,0,0,0,A,C,4,No Deposit,526.0,0,Transient-Party,45.2,0,1
Resort Hotel,0,26,2017,April,14,4,0,4,2,0.0,0,BB,DEU,Online TA,TA/TO,0,0,0,E,E,0,No Deposit,240.0,0,Transient-Party,105.0,0,2
Resort Hotel,0,73,2017,April,13,1,2,5,2,0.0,0,Undefined,CHE,Direct,Direct,0,0,0,F,F,1,No Deposit,250.0,0,Transient,153.61,0,1
Resort Hotel,0,26,2017,April,14,4,0,4,2,0.0,0,BB,SRB,Online TA,TA/TO,0,0,0,E,E,0,No Deposit,240.0,0,Transient-Party,105.0,0,2
Resort Hotel,0,170,2017,April,13,1,2,5,2,0.0,0,BB,FRA,Online TA,TA/TO,0,0,0,D,D,0,No Deposit,240.0,0,Transient,77.71,1,2
Resort Hotel,0,81,2017,April,13,1,2,5,2,0.0,0,BB,IRL,Online TA,TA/TO,0,0,0,E,E,0,No Deposit,314.0,0,Transient,64.49,0,0
Resort Hotel,0,12,2017,April,13,1,2,5,2,0.0,0,Undefined,PRT,Offline TA/TO,TA/TO,0,0,0,A,A,0,No Deposit,40.0,0,Contract,94.95,0,1
Resort Hotel,0,33,2017,April,14,6,0,2,2,0.0,0,BB,CHE,Direct,Direct,0,0,0,A,A,0,No Deposit,250.0,0,Transient,77.0,1,0
Resort Hotel,0,57,2017,April,14,5,0,3,2,0.0,0,BB,PRT,Direct,Corporate,0,0,0,A,E,0,No Deposit,,0,Transient,50.0,0,0
Resort Hotel,0,56,2017,April,14,4,0,4,2,0.0,0,BB,FRA,Direct,Direct,0,0,0,A,A,0,No Deposit,250.0,0,Transient,64.0,1,1
Resort Hotel,0,58,2017,April,14,7,0,1,2,0.0,0,BB,PRT,Direct,Corporate,0,0,0,A,C,0,No Deposit,,0,Transient,50.0,0,0
Resort Hotel,0,57,2017,April,14,5,0,3,2,0.0,0,BB,PRT,Direct,Corporate,0,0,0,A,E,4,No Deposit,,0,Transient,76.67,0,0
Resort Hotel,0,70,2017,April,13,1,2,5,2,0.0,0,BB,GBR,Direct,Direct,0,0,0,F,F,0,No Deposit,250.0,0,Transient,89.61,0,0
Resort Hotel,0,137,2017,April,14,2,2,4,2,0.0,0,BB,PRT,Offline TA/TO,TA/TO,0,0,0,D,D,0,No Deposit,75.0,0,Transient,49.7,0,0
Resort Hotel,0,30,2017,April,13,1,2,5,2,0.0,0,BB,BRA,Direct,Direct,0,0,0,A,A,1,No Deposit,250.0,0,Transient,81.0,1,0
Resort Hotel,0,265,2017,April,13,1,2,5,2,0.0,0,BB,GBR,Online TA,TA/TO,0,0,0,D,D,0,No Deposit,241.0,0,Transient,53.97,0,1
Resort Hotel,0,265,2017,April,13,1,2,5,2,0.0,0,BB,GBR,Online TA,TA/TO,0,0,0,D,D,0,No Deposit,241.0,0,Transient,51.97,0,1
Resort Hotel,0,265,2017,April,13,1,2,5,2,0.0,0,BB,GBR,Online TA,TA/TO,0,0,0,E,E,0,No Deposit,241.0,0,Transient,64.37,0,1
Resort Hotel,0,25,2017,April,13,1,2,5,2,0.0,0,BB,PRT,Online TA,TA/TO,0,0,0,G,G,1,No Deposit,240.0,0,Transient,155.0,1,0
Resort Hotel,0,0,2017,April,14,7,0,1,2,0.0,0,BB,PRT,Online TA,TA/TO,0,0,0,E,E,0,No Deposit,240.0,0,Transient,122.0,1,1
Resort Hotel,0,9,2017,April,14,7,0,1,2,0.0,0,BB,PRT,Online TA,TA/TO,0,0,0,E,E,0,No Deposit,240.0,0,Transient,115.0,0,2
Resort Hotel,0,61,2017,April,14,3,1,4,2,0.0,0,BB,PRT,Online TA,TA/TO,0,0,0,D,D,1,No Deposit,240.0,0,Transient,82.0,1,1
Resort Hotel,0,4,2017,April,14,3,1,4,2,0.0,0,HB,GBR,Offline TA/TO,TA/TO,0,0,0,D,D,0,No Deposit,40.0,0,Contract,80.85,0,0
Resort Hotel,0,5,2017,April,14,7,0,1,2,0.0,0,BB,CPV,Online TA,TA/TO,0,0,0,A,A,0,No Deposit,240.0,0,Transient,85.0,0,1
Resort Hotel,0,1,2017,April,14,7,0,1,2,0.0,0,BB,PRT,Online TA,TA/TO,0,0,0,A,A,0,No Deposit,240.0,0,Transient,92.0,1,1
Resort Hotel,0,63,2017,April,14,6,0,2,2,0.0,0,BB,USA,Online TA,TA/TO,0,0,0,A,A,0,No Deposit,240.0,0,Transient,60.0,0,2
Resort Hotel,0,4,2017,April,14,7,0,1,2,0.0,0,BB,ESP,Online TA,TA/TO,0,0,0,A,A,0,No Deposit,240.0,0,Transient,85.0,0,3
Resort Hotel,0,5,2017,April,14,8,0,1,2,0.0,0,BB,ESP,Online TA,TA/TO,0,0,0,A,A,0,No Deposit,240.0,0,Transient,85.0,0,3
Resort Hotel,0,15,2017,March,13,30,2,7,2,0.0,0,SC,PRT,Corporate,Corporate,0,0,0,A,I,1,No Deposit,,0,Transient-Party,0.0,0,0
Resort Hotel,0,150,2017,February,9,26,12,30,2,0.0,0,BB,GBR,Offline TA/TO,TA/TO,0,0,0,D,D,0,No Deposit,40.0,0,Contract,39.41,0,2
Resort Hotel,0,152,2017,April,14,5,0,4,2,0.0,0,BB,GBR,Groups,TA/TO,0,0,0,A,A,2,No Deposit,,0,Transient-Party,48.0,0,0
Resort Hotel,0,152,2017,April,14,5,0,4,2,0.0,0,BB,GBR,Groups,TA/TO,0,0,0,D,E,0,No Deposit,,0,Transient-Party,60.0,0,0
Resort Hotel,0,152,2017,April,14,5,0,4,2,0.0,0,BB,GBR,Groups,TA/TO,0,0,0,A,C,2,No Deposit,,0,Transient-Party,50.0,0,0
Resort Hotel,0,152,2017,April,14,5,0,4,2,0.0,0,BB,GBR,Groups,TA/TO,0,0,0,D,D,0,No Deposit,,0,Transient-Party,60.0,0,0
Resort Hotel,0,152,2017,April,14,5,0,4,2,0.0,0,BB,GBR,Groups,TA/TO,0,0,0,A,D,2,No Deposit,,0,Transient-Party,48.0,0,0
Resort Hotel,0,152,2017,April,14,5,0,4,2,0.0,0,BB,GBR,Groups,TA/TO,0,0,0,A,A,0,No Deposit,,0,Transient-Party,48.0,0,0
Resort Hotel,0,152,2017,April,14,5,0,4,2,0.0,0,BB,GBR,Groups,TA/TO,0,0,0,A,A,0,No Deposit,,0,Transient-Party,48.0,0,0
Resort Hotel,0,152,2017,April,14,5,0,4,2,0.0,0,BB,GBR,Groups,TA/TO,0,0,0,A,D,5,No Deposit,,0,Transient-Party,48.0,0,1
Resort Hotel,0,152,2017,April,14,5,0,4,2,0.0,0,BB,GBR,Groups,TA/TO,0,0,0,A,A,1,No Deposit,,0,Transient-Party,48.0,0,0
Resort Hotel,0,78,2017,April,14,6,0,3,2,0.0,0,BB,GBR,Offline TA/TO,TA/TO,0,0,0,D,F,0,No Deposit,40.0,0,Contract,50.85,0,0
Resort Hotel,0,152,2017,April,14,5,0,4,2,0.0,0,BB,GBR,Groups,TA/TO,0,0,0,A,A,1,No Deposit,,0,Transient-Party,48.0,0,0
Resort Hotel,0,152,2017,April,14,5,0,4,2,0.0,0,BB,GBR,Groups,TA/TO,0,0,0,A,D,0,No Deposit,,0,Transient-Party,48.0,0,0
Resort Hotel,0,152,2017,April,14,5,0,4,2,0.0,0,BB,GBR,Groups,TA/TO,0,0,0,A,C,2,No Deposit,,0,Transient-Party,48.0,0,0
Resort Hotel,0,8,2017,April,14,7,0,2,2,0.0,0,BB,PRT,Online TA,TA/TO,0,0,0,E,E,0,No Deposit,240.0,0,Transient,122.0,0,2
Resort Hotel,0,78,2017,April,14,6,0,3,2,0.0,0,BB,GBR,Offline TA/TO,TA/TO,0,0,0,D,F,0,No Deposit,40.0,0,Contract,50.85,0,0
Resort Hotel,0,152,2017,April,14,5,0,4,2,0.0,0,BB,GBR,Groups,TA/TO,0,0,0,A,A,0,No Deposit,,0,Transient-Party,53.25,1,0
Resort Hotel,0,14,2017,April,14,6,0,3,2,0.0,0,BB,USA,Direct,Direct,0,0,0,E,E,0,No Deposit,,0,Transient,110.0,0,0
Resort Hotel,0,0,2017,April,14,8,0,1,2,0.0,0,BB,USA,Online TA,TA/TO,0,0,0,E,E,0,No Deposit,,0,Transient,110.0,0,2
Resort Hotel,0,17,2017,March,13,30,2,8,2,0.0,0,BB,GBR,Offline TA/TO,TA/TO,0,0,0,D,D,0,No Deposit,40.0,0,Contract,51.98,0,0
Resort Hotel,0,152,2017,April,14,5,0,4,2,0.0,0,BB,GBR,Groups,TA/TO,0,0,0,A,A,0,No Deposit,,0,Transient-Party,48.0,0,0
Resort Hotel,0,252,2017,April,14,5,0,4,2,0.0,0,BB,GBR,Groups,TA/TO,0,0,0,D,E,0,No Deposit,,100,Transient-Party,61.75,1,0
Resort Hotel,0,209,2017,April,15,9,1,0,2,0.0,0,BB,GBR,Online TA,TA/TO,0,0,0,E,E,0,No Deposit,240.0,0,Transient,90.0,1,1
Resort Hotel,0,2,2017,April,14,7,0,2,2,0.0,0,BB,PRT,Direct,Direct,0,0,0,E,E,0,No Deposit,250.0,0,Transient-Party,104.5,0,1
Resort Hotel,0,1,2017,April,14,7,0,2,2,0.0,0,HB,PRT,Online TA,TA/TO,0,0,0,F,F,0,No Deposit,241.0,0,Transient,140.6,1,1
Resort Hotel,0,55,2017,April,14,2,2,5,2,0.0,0,BB,CHE,Online TA,TA/TO,0,0,0,A,A,0,No Deposit,240.0,0,Transient,71.14,1,1
Resort Hotel,0,152,2017,April,14,5,0,4,2,0.0,0,BB,POL,Groups,TA/TO,0,0,0,A,A,2,No Deposit,,0,Transient-Party,48.0,0,0
Resort Hotel,0,63,2017,April,14,6,0,3,2,0.0,0,BB,FIN,Online TA,TA/TO,0,0,0,E,E,0,No Deposit,241.0,0,Transient,73.15,0,1
Resort Hotel,0,4,2017,April,14,8,0,1,2,0.0,0,BB,PRT,Online TA,TA/TO,0,0,0,A,A,0,No Deposit,240.0,0,Transient,85.0,1,1
Resort Hotel,0,9,2017,April,14,7,0,2,2,0.0,0,BB,ESP,Online TA,TA/TO,0,0,0,A,A,0,No Deposit,240.0,0,Transient,92.0,1,1
Resort Hotel,0,3,2017,April,14,8,0,1,2,0.0,0,BB,FIN,Online TA,TA/TO,0,0,0,E,E,0,No Deposit,241.0,0,Transient,92.0,0,1
Resort Hotel,0,152,2017,April,14,5,0,4,2,0.0,0,BB,GBR,Groups,TA/TO,0,0,0,A,A,1,No Deposit,,0,Transient-Party,48.0,0,0
Resort Hotel,0,73,2017,April,14,2,2,5,2,0.0,0,HB,GBR,Offline TA/TO,TA/TO,0,0,0,D,D,0,No Deposit,40.0,0,Contract,82.85,0,0
Resort Hotel,0,0,2017,April,14,8,0,1,2,0.0,0,BB,PRT,Direct,Direct,0,0,0,A,E,0,No Deposit,,0,Transient,110.0,0,0
Resort Hotel,0,2,2017,April,14,7,0,2,2,0.0,0,BB,PRT,Online TA,TA/TO,0,0,0,C,C,1,No Deposit,240.0,0,Transient,125.0,0,1
Resort Hotel,0,153,2017,April,14,6,0,3,2,0.0,0,BB,GBR,Groups,TA/TO,0,0,0,A,A,1,No Deposit,,0,Transient-Party,48.0,0,0
Resort Hotel,0,152,2017,April,14,5,0,4,2,0.0,0,BB,GBR,Groups,TA/TO,0,0,0,A,A,2,No Deposit,,0,Transient-Party,48.0,0,0
Resort Hotel,0,152,2017,April,14,5,0,4,2,0.0,0,BB,GBR,Groups,TA/TO,0,0,0,A,A,1,No Deposit,,0,Transient-Party,48.0,0,0
Resort Hotel,0,152,2017,April,14,5,0,4,2,0.0,0,BB,GBR,Groups,TA/TO,0,0,0,A,A,1,No Deposit,,0,Transient-Party,53.25,1,0
Resort Hotel,0,1,2017,April,14,8,0,1,2,0.0,0,BB,PRT,Online TA,TA/TO,0,0,0,E,E,0,No Deposit,240.0,0,Transient-Party,122.0,1,2
Resort Hotel,0,1,2017,April,14,8,0,1,2,0.0,0,BB,PRT,Online TA,TA/TO,0,0,0,E,E,0,No Deposit,240.0,0,Transient-Party,115.0,0,2
Resort Hotel,0,9,2017,April,14,6,0,3,2,0.0,0,HB,GBR,Direct,Direct,0,0,0,F,F,3,No Deposit,250.0,0,Transient,162.0,0,1
Resort Hotel,0,150,2017,April,14,3,2,5,2,0.0,0,BB,GBR,Groups,TA/TO,0,0,0,D,D,1,No Deposit,,0,Transient-Party,67.0,1,3
Resort Hotel,0,152,2017,April,14,5,1,4,2,0.0,0,BB,GBR,Groups,TA/TO,0,0,0,D,D,1,No Deposit,,0,Transient-Party,69.0,1,0
Resort Hotel,0,63,2017,April,14,5,1,4,2,0.0,0,BB,GBR,Direct,Direct,0,0,0,E,E,0,No Deposit,250.0,0,Transient,86.4,0,0
Resort Hotel,0,64,2017,April,14,6,1,3,2,0.0,0,BB,GBR,Online TA,TA/TO,0,0,0,A,A,0,No Deposit,314.0,0,Transient,54.0,0,0
Resort Hotel,0,152,2017,April,14,5,1,4,2,0.0,0,BB,GBR,Groups,TA/TO,0,0,0,A,A,5,No Deposit,,0,Transient-Party,48.0,1,0
Resort Hotel,0,152,2017,April,14,5,1,4,2,0.0,0,BB,GBR,Groups,TA/TO,0,0,0,A,A,3,No Deposit,,0,Transient-Party,49.4,0,0
Resort Hotel,0,125,2017,April,14,3,2,5,2,0.0,0,BB,GBR,Offline TA/TO,TA/TO,0,0,0,A,A,0,No Deposit,40.0,0,Contract,42.95,0,1
Resort Hotel,0,152,2017,April,14,5,1,4,2,0.0,0,BB,GBR,Groups,TA/TO,0,0,0,D,D,1,No Deposit,,0,Transient-Party,69.0,1,0
Resort Hotel,0,152,2017,April,14,5,1,4,2,0.0,0,BB,GBR,Groups,TA/TO,0,0,0,A,D,4,No Deposit,,0,Transient-Party,48.0,0,0
Resort Hotel,0,152,2017,April,14,5,1,4,2,0.0,0,BB,GBR,Groups,TA/TO,0,0,0,D,D,1,No Deposit,,0,Transient-Party,60.0,0,0
Resort Hotel,0,125,2017,April,14,3,2,5,2,0.0,0,BB,GBR,Offline TA/TO,TA/TO,0,0,0,A,A,0,No Deposit,40.0,0,Contract,40.95,0,1
Resort Hotel,0,152,2017,April,14,5,1,4,2,0.0,0,BB,GBR,Groups,TA/TO,0,0,0,D,D,5,No Deposit,,0,Transient-Party,67.0,1,0
Resort Hotel,0,72,2017,March,13,31,3,7,2,0.0,0,HB,GBR,Offline TA/TO,TA/TO,0,0,0,A,E,1,No Deposit,40.0,0,Contract,101.21,0,1
Resort Hotel,0,7,2017,April,14,7,1,2,2,0.0,0,BB,FRA,Online TA,TA/TO,0,0,0,A,C,0,No Deposit,242.0,0,Transient,92.0,1,1
Resort Hotel,0,152,2017,April,14,5,1,4,2,0.0,0,BB,GBR,Groups,TA/TO,0,0,0,D,D,3,No Deposit,,0,Transient-Party,60.0,0,0
Resort Hotel,0,33,2017,April,14,7,1,2,2,0.0,0,BB,PRT,Online TA,TA/TO,0,0,0,A,A,0,No Deposit,240.0,0,Transient,75.0,0,1
Resort Hotel,0,38,2017,April,14,8,1,1,2,0.0,0,BB,PRT,Online TA,TA/TO,0,0,0,A,A,1,No Deposit,240.0,0,Transient,77.0,0,1
Resort Hotel,0,152,2017,April,14,5,1,4,2,0.0,0,BB,GBR,Groups,TA/TO,0,0,0,D,D,1,No Deposit,,0,Transient-Party,65.6,1,0
Resort Hotel,0,152,2017,April,14,5,1,4,2,0.0,0,BB,GBR,Groups,TA/TO,0,0,0,D,D,4,No Deposit,,0,Transient-Party,67.0,0,0
Resort Hotel,0,208,2017,April,14,6,1,3,2,0.0,0,BB,GBR,Online TA,TA/TO,0,0,0,A,A,0,No Deposit,240.0,0,Transient,60.0,0,2
Resort Hotel,0,30,2017,March,13,31,3,7,2,0.0,0,BB,FIN,Direct,Direct,0,0,0,A,A,0,No Deposit,250.0,0,Transient,65.0,0,1
Resort Hotel,0,20,2017,April,15,9,1,0,2,0.0,0,BB,PRT,Online TA,TA/TO,0,0,0,A,C,0,No Deposit,240.0,0,Transient,85.0,0,1
Resort Hotel,0,152,2017,April,14,5,1,4,2,0.0,0,BB,GBR,Groups,TA/TO,0,0,0,D,D,1,No Deposit,,0,Transient-Party,60.0,0,0
Resort Hotel,0,29,2017,April,14,6,2,3,2,0.0,0,BB,IRL,Online TA,TA/TO,0,0,0,E,E,0,No Deposit,240.0,0,Transient,107.0,0,1
Resort Hotel,0,151,2017,April,14,4,2,5,2,0.0,0,BB,GBR,Groups,TA/TO,0,0,0,D,D,3,No Deposit,,0,Transient-Party,60.0,0,2
Resort Hotel,0,152,2017,April,14,5,2,4,2,0.0,0,BB,GBR,Groups,TA/TO,0,0,0,D,D,1,No Deposit,,0,Transient-Party,60.0,0,1
Resort Hotel,0,112,2017,April,14,6,2,3,2,0.0,0,BB,GBR,Offline TA/TO,TA/TO,0,0,0,A,A,0,No Deposit,40.0,0,Contract,40.95,0,0
Resort Hotel,0,29,2017,April,15,10,1,0,2,0.0,0,BB,ESP,Online TA,TA/TO,0,0,0,A,A,0,No Deposit,240.0,0,Transient,75.0,0,1
Resort Hotel,0,40,2017,March,13,28,4,10,2,0.0,0,BB,CHE,Online TA,TA/TO,0,0,0,E,E,0,No Deposit,240.0,0,Transient,97.36,0,1
Resort Hotel,0,240,2017,April,14,4,2,5,2,0.0,0,BB,IRN,Online TA,TA/TO,0,0,0,A,A,3,No Deposit,240.0,0,Transient-Party,57.43,0,1
Resort Hotel,0,10,2017,April,14,8,2,1,2,0.0,0,BB,ESP,Direct,Direct,0,0,0,A,A,0,No Deposit,250.0,0,Transient,80.0,0,0
Resort Hotel,0,48,2017,April,15,10,1,0,2,0.0,0,BB,ESP,Online TA,TA/TO,0,0,0,A,A,0,No Deposit,240.0,0,Transient,75.0,1,1
Resort Hotel,0,16,2017,April,14,4,2,5,2,0.0,0,BB,IRL,Online TA,TA/TO,0,0,0,G,G,1,No Deposit,240.0,0,Transient,161.43,0,1
Resort Hotel,0,11,2017,April,14,7,2,2,2,0.0,0,BB,PRT,Online TA,TA/TO,0,0,0,A,A,0,No Deposit,241.0,0,Transient,68.0,0,0
Resort Hotel,0,0,2017,April,15,9,2,0,2,0.0,0,BB,DEU,Online TA,TA/TO,0,0,0,A,A,1,No Deposit,240.0,0,Transient-Party,90.0,0,1
Resort Hotel,0,0,2017,April,15,9,2,0,2,0.0,0,BB,DEU,Online TA,TA/TO,0,0,0,A,E,1,No Deposit,240.0,0,Transient-Party,110.0,0,1
Resort Hotel,0,13,2017,April,15,9,2,0,2,0.0,0,BB,PRT,Direct,Direct,0,0,0,E,F,2,No Deposit,250.0,0,Transient,117.0,1,0
Resort Hotel,0,8,2017,April,14,8,2,1,2,0.0,0,BB,PRT,Online TA,TA/TO,0,0,0,A,A,0,No Deposit,241.0,0,Transient,68.0,0,1
Resort Hotel,0,1,2017,April,15,10,1,0,2,0.0,0,BB,PRT,Online TA,TA/TO,0,0,0,A,C,0,No Deposit,240.0,0,Transient,90.0,0,1
Resort Hotel,0,35,2017,April,14,8,2,2,2,0.0,0,BB,CHN,Online TA,TA/TO,0,0,0,A,A,0,No Deposit,240.0,0,Transient,75.0,0,1
Resort Hotel,0,25,2017,April,15,9,2,1,2,0.0,0,BB,ESP,Online TA,TA/TO,0,0,0,A,A,0,No Deposit,240.0,0,Transient,81.67,0,1
Resort Hotel,0,152,2017,April,14,5,2,5,2,0.0,0,BB,GBR,Groups,TA/TO,0,0,0,D,D,2,No Deposit,,0,Transient-Party,60.0,0,0
Resort Hotel,0,30,2017,April,14,8,2,2,2,0.0,0,BB,GBR,Online TA,TA/TO,0,0,0,E,E,0,No Deposit,240.0,0,Transient,105.0,0,1
Resort Hotel,0,14,2017,April,15,11,0,1,2,0.0,0,BB,FRA,Online TA,TA/TO,0,0,0,D,D,0,No Deposit,240.0,0,Transient-Party,100.0,0,1
Resort Hotel,0,14,2017,April,15,11,0,1,2,0.0,0,BB,FRA,Online TA,TA/TO,0,0,0,D,D,0,No Deposit,240.0,0,Transient-Party,100.0,0,1
Resort Hotel,0,7,2017,April,15,11,0,1,2,0.0,0,BB,PRT,Online TA,TA/TO,0,0,0,D,E,0,No Deposit,240.0,0,Transient-Party,105.0,0,1
Resort Hotel,0,39,2017,April,14,8,2,2,2,0.0,0,BB,IND,Online TA,TA/TO,0,0,0,A,A,0,No Deposit,240.0,0,Transient,77.0,0,2
Resort Hotel,0,68,2017,April,15,11,0,1,2,0.0,0,BB,CHE,Offline TA/TO,TA/TO,0,0,0,D,D,0,No Deposit,251.0,0,Transient,62.0,0,0
Resort Hotel,0,24,2017,April,15,9,2,1,2,0.0,0,HB,ESP,Online TA,TA/TO,0,0,0,D,D,0,No Deposit,240.0,0,Transient,135.67,1,2
Resort Hotel,0,155,2017,April,15,11,0,1,2,0.0,0,BB,ESP,Online TA,TA/TO,0,0,0,A,A,0,No Deposit,5.0,0,Transient,50.2,1,0
Resort Hotel,0,11,2017,April,14,8,2,2,2,0.0,0,HB,ESP,Online TA,TA/TO,0,0,0,A,A,0,No Deposit,240.0,0,Transient,117.0,0,1
Resort Hotel,0,11,2017,April,14,8,2,2,2,0.0,0,HB,ESP,Online TA,TA/TO,0,0,0,A,A,0,No Deposit,240.0,0,Transient,117.0,0,1
Resort Hotel,0,5,2017,April,15,10,1,1,2,0.0,0,BB,PRT,Online TA,TA/TO,0,0,0,D,D,0,No Deposit,240.0,0,Transient,112.0,1,1
Resort Hotel,0,42,2017,April,15,12,0,3,2,0.0,0,BB,PRT,Online TA,TA/TO,0,0,0,A,A,0,No Deposit,240.0,0,Transient,102.0,1,1
Resort Hotel,0,180,2017,April,14,4,2,6,2,0.0,0,BB,GBR,Online TA,TA/TO,0,0,0,D,D,0,No Deposit,241.0,0,Transient,64.1,0,1
Resort Hotel,0,36,2017,April,14,3,3,6,2,0.0,0,HB,DEU,Online TA,TA/TO,0,0,0,E,E,1,No Deposit,314.0,0,Transient,111.78,0,0
Resort Hotel,0,53,2017,April,14,8,2,2,2,0.0,0,BB,GBR,Online TA,TA/TO,0,0,0,E,E,0,No Deposit,175.0,0,Transient,84.0,0,2
Resort Hotel,0,3,2017,April,15,10,1,1,2,0.0,0,BB,FRA,Online TA,TA/TO,0,0,0,A,A,0,No Deposit,240.0,0,Transient,90.0,0,1
Resort Hotel,0,21,2017,April,15,11,0,1,2,0.0,0,BB,USA,Online TA,TA/TO,0,0,0,E,F,0,No Deposit,241.0,0,Transient,99.0,0,1
Resort Hotel,0,14,2017,April,15,11,0,1,2,0.0,0,BB,FRA,Online TA,TA/TO,0,0,0,D,D,0,No Deposit,240.0,0,Transient-Party,100.0,0,1
Resort Hotel,0,80,2017,March,10,5,12,26,2,0.0,0,SC,GBR,Groups,TA/TO,0,0,0,D,I,10,No Deposit,273.0,0,Transient-Party,0.26,0,0
Resort Hotel,0,47,2017,April,15,13,0,1,2,0.0,0,BB,DEU,Online TA,TA/TO,0,0,0,D,D,0,No Deposit,240.0,0,Transient,120.0,0,2
Resort Hotel,0,7,2017,April,15,11,0,2,2,0.0,0,BB,GBR,Online TA,TA/TO,0,0,0,D,D,0,No Deposit,240.0,0,Transient-Party,105.0,0,1
Resort Hotel,0,7,2017,April,15,11,0,2,2,0.0,0,BB,GBR,Online TA,TA/TO,0,0,0,A,C,0,No Deposit,240.0,0,Transient-Party,90.0,0,1
Resort Hotel,0,42,2017,April,15,12,0,1,2,0.0,0,BB,NOR,Online TA,TA/TO,0,0,0,A,A,0,No Deposit,240.0,0,Transient,75.0,0,0
Resort Hotel,0,49,2017,April,15,9,2,2,2,0.0,0,BB,FRA,Online TA,TA/TO,0,0,0,A,A,0,No Deposit,241.0,0,Transient,57.0,0,1
Resort Hotel,0,14,2017,April,15,9,2,2,2,0.0,0,BB,ITA,Online TA,TA/TO,0,0,0,A,C,0,No Deposit,240.0,0,Transient,85.0,0,1
Resort Hotel,0,62,2017,April,15,9,2,2,2,0.0,0,HB,ESP,Online TA,TA/TO,0,0,0,A,A,1,No Deposit,314.0,0,Transient-Party,79.2,0,0
Resort Hotel,0,62,2017,April,15,9,2,2,2,0.0,0,HB,ESP,Online TA,TA/TO,0,0,0,A,A,1,No Deposit,314.0,0,Transient-Party,86.2,1,0
Resort Hotel,0,10,2017,April,15,10,1,2,2,0.0,0,BB,GBR,Online TA,TA/TO,0,0,0,D,D,0,No Deposit,240.0,0,Transient,103.33,0,2
Resort Hotel,0,200,2017,April,15,9,2,2,2,0.0,0,BB,IRL,Online TA,TA/TO,0,0,0,A,A,0,No Deposit,241.0,0,Transient,41.58,0,1
Resort Hotel,0,200,2017,April,15,9,2,2,2,0.0,0,BB,IRL,Online TA,TA/TO,0,0,0,A,A,0,No Deposit,241.0,0,Transient,46.83,1,1
Resort Hotel,0,45,2017,April,15,9,2,2,2,0.0,0,BB,ESP,Online TA,TA/TO,0,0,0,D,D,0,No Deposit,240.0,0,Transient,90.0,0,1
Resort Hotel,0,22,2017,April,15,10,1,2,2,0.0,0,HB,ESP,Online TA,TA/TO,0,0,0,A,A,0,No Deposit,240.0,0,Transient-Party,120.67,1,1
Resort Hotel,0,22,2017,April,15,10,1,2,2,0.0,0,HB,ESP,Online TA,TA/TO,0,0,0,A,A,0,No Deposit,240.0,0,Transient-Party,113.67,0,1
Resort Hotel,0,211,2017,April,14,6,2,5,2,0.0,0,BB,GBR,Online TA,TA/TO,0,0,0,D,D,0,No Deposit,240.0,0,Transient-Party,76.64,0,1
Resort Hotel,0,211,2017,April,14,6,2,5,2,0.0,0,BB,GBR,Online TA,TA/TO,0,0,0,D,D,0,No Deposit,240.0,0,Transient-Party,69.64,0,1
Resort Hotel,0,58,2017,April,15,12,0,1,2,0.0,0,BB,AUT,Offline TA/TO,TA/TO,0,0,0,D,D,0,No Deposit,251.0,0,Transient-Party,80.0,0,2
Resort Hotel,0,58,2017,April,15,12,0,1,2,0.0,0,BB,AUT,Offline TA/TO,TA/TO,0,0,0,D,D,0,No Deposit,251.0,0,Transient-Party,80.0,0,2
Resort Hotel,0,150,2017,April,15,9,2,2,2,0.0,0,BB,IRL,Online TA,TA/TO,0,0,0,E,E,0,No Deposit,240.0,0,Transient,90.0,0,2
Resort Hotel,0,3,2017,April,15,10,1,2,2,0.0,0,BB,PRT,Direct,Direct,0,0,0,A,C,1,No Deposit,250.0,0,Transient,99.0,1,1
Resort Hotel,0,29,2017,April,15,10,1,2,2,0.0,0,BB,ESP,Online TA,TA/TO,0,0,0,A,A,0,No Deposit,240.0,0,Transient,75.0,0,2
Resort Hotel,0,9,2017,April,15,10,1,2,2,0.0,0,BB,ESP,Online TA,TA/TO,0,0,0,A,A,0,No Deposit,240.0,0,Transient,97.0,1,1
Resort Hotel,0,16,2017,April,15,11,0,2,2,0.0,0,BB,PRT,Online TA,TA/TO,0,0,0,E,I,2,No Deposit,240.0,0,Transient,120.0,0,1
Resort Hotel,0,2,2017,April,15,10,1,2,2,0.0,0,HB,PRT,Online TA,TA/TO,0,0,0,A,A,0,No Deposit,240.0,0,Transient-Party,122.0,0,1
Resort Hotel,0,40,2017,April,15,10,1,2,2,0.0,0,BB,GBR,Online TA,TA/TO,0,0,0,E,F,0,No Deposit,526.0,0,Transient,75.6,0,2
Resort Hotel,0,12,2017,April,15,9,2,2,2,0.0,0,BB,ESP,Online TA,TA/TO,0,0,0,A,A,0,No Deposit,240.0,0,Transient-Party,94.5,1,2
Resort Hotel,0,2,2017,April,15,12,0,1,2,0.0,0,BB,ESP,Direct,Direct,0,0,0,A,A,0,No Deposit,250.0,0,Transient,91.0,0,1
Resort Hotel,0,13,2017,April,15,9,2,2,2,0.0,0,BB,PRT,Online TA,TA/TO,0,0,0,E,E,0,No Deposit,196.0,0,Transient-Party,117.0,0,1
Resort Hotel,0,133,2017,April,15,11,0,2,2,0.0,0,BB,IRL,Online TA,TA/TO,0,0,0,A,A,0,No Deposit,240.0,0,Transient,62.0,0,1
Resort Hotel,0,17,2017,April,15,13,0,3,2,0.0,0,HB,ESP,Online TA,TA/TO,0,0,0,A,A,0,No Deposit,240.0,0,Transient-Party,152.0,0,2
Resort Hotel,0,3,2017,April,15,11,0,2,2,0.0,0,BB,PRT,Online TA,TA/TO,0,0,0,E,F,0,No Deposit,240.0,0,Transient,127.0,0,1
Resort Hotel,0,1,2017,April,15,11,0,2,2,0.0,0,BB,ESP,Direct,Direct,0,0,0,D,D,1,No Deposit,250.0,0,Transient,116.0,0,2
Resort Hotel,0,10,2017,April,15,9,2,3,2,0.0,0,BB,IRL,Online TA,TA/TO,0,0,0,A,A,0,No Deposit,241.0,0,Transient,76.0,1,3
Resort Hotel,0,64,2017,April,15,12,0,2,2,0.0,0,BB,CN,Online TA,TA/TO,0,0,0,A,A,0,No Deposit,241.0,0,Transient,61.6,0,1
Resort Hotel,0,0,2017,April,15,13,0,1,2,0.0,0,BB,PRT,Direct,Direct,0,0,0,A,A,0,No Deposit,,0,Transient,131.0,0,0
Resort Hotel,0,56,2017,April,15,11,0,3,2,0.0,0,HB,ESP,Online TA,TA/TO,0,0,0,A,A,0,No Deposit,241.0,0,Transient,80.71,0,1
Resort Hotel,0,276,2017,April,14,7,2,5,2,0.0,0,BB,NOR,Online TA,TA/TO,0,0,0,A,A,2,No Deposit,240.0,0,Transient,58.61,0,1
Resort Hotel,0,48,2017,April,15,9,2,3,2,0.0,0,BB,ESP,Online TA,TA/TO,0,0,0,A,A,0,No Deposit,240.0,0,Transient,88.0,1,2
Resort Hotel,0,84,2017,April,15,13,0,1,2,0.0,0,BB,CN,Offline TA/TO,TA/TO,0,0,0,D,D,0,No Deposit,251.0,0,Transient,80.0,0,0
Resort Hotel,0,166,2017,April,15,10,1,3,2,0.0,0,BB,GBR,Offline TA/TO,TA/TO,0,0,0,D,D,0,No Deposit,40.0,0,Contract,38.55,0,1
Resort Hotel,0,166,2017,April,15,10,1,3,2,0.0,0,BB,GBR,Offline TA/TO,TA/TO,0,0,0,D,D,0,No Deposit,40.0,0,Contract,36.55,0,1
Resort Hotel,0,50,2017,April,15,10,1,3,2,0.0,0,BB,DEU,Online TA,TA/TO,0,0,0,A,A,0,No Deposit,240.0,0,Transient,89.5,1,0
Resort Hotel,0,70,2017,April,15,9,2,3,2,0.0,0,BB,FRA,Online TA,TA/TO,0,0,0,A,C,0,No Deposit,241.0,0,Transient,63.32,1,1
Resort Hotel,0,87,2017,April,15,9,2,3,2,0.0,0,HB,ESP,Online TA,TA/TO,0,0,0,E,E,0,No Deposit,240.0,0,Transient,144.0,1,0
Resort Hotel,0,53,2017,April,15,10,1,3,2,0.0,0,BB,PRT,Online TA,TA/TO,0,0,0,A,A,0,No Deposit,241.0,0,Transient,70.53,1,1
Resort Hotel,0,49,2017,June,23,5,1,2,2,0.0,0,BB,PRT,Direct,Direct,1,0,1,A,A,0,No Deposit,250.0,0,Transient,142.0,1,0
Resort Hotel,0,23,2017,July,27,5,0,3,2,0.0,0,BB,PRT,Direct,Direct,1,0,2,A,A,0,No Deposit,250.0,0,Transient,161.25,1,2
Resort Hotel,0,62,2017,April,15,9,2,3,2,0.0,0,BB,ESP,Online TA,TA/TO,0,0,0,D,D,0,No Deposit,241.0,0,Transient,70.84,0,1
Resort Hotel,0,62,2017,April,15,9,2,3,2,0.0,0,BB,ESP,Online TA,TA/TO,0,0,0,D,D,0,No Deposit,241.0,0,Transient,77.84,1,1
Resort Hotel,0,24,2017,April,15,13,0,1,2,0.0,0,BB,RUS,Offline TA/TO,TA/TO,0,0,0,D,D,0,No Deposit,,0,Transient,115.0,0,0
Resort Hotel,0,32,2017,April,15,12,0,2,2,0.0,0,BB,ESP,Online TA,TA/TO,0,0,0,A,A,0,No Deposit,241.0,0,Transient,72.0,0,1
Resort Hotel,0,39,2017,April,15,10,1,3,2,0.0,0,BB,ESP,Online TA,TA/TO,0,0,0,A,A,0,No Deposit,240.0,0,Transient,82.5,0,0
Resort Hotel,0,38,2017,April,14,8,2,4,2,0.0,0,BB,PRT,Online TA,TA/TO,0,0,0,A,A,1,No Deposit,240.0,0,Transient,87.0,1,2
Resort Hotel,0,198,2017,April,15,11,0,3,2,0.0,0,BB,PRT,Online TA,TA/TO,0,0,0,E,E,0,No Deposit,240.0,0,Transient-Party,91.5,0,0
Resort Hotel,0,0,2017,April,15,11,0,3,2,0.0,0,BB,ARG,Direct,Direct,0,0,0,E,E,0,No Deposit,,0,Transient,141.33,0,1
Resort Hotel,0,44,2017,April,15,13,0,1,2,0.0,0,BB,ESP,Online TA,TA/TO,0,0,0,A,E,0,No Deposit,240.0,0,Transient,105.0,0,1
Resort Hotel,0,53,2017,April,15,13,0,1,2,0.0,0,BB,ESP,Online TA,TA/TO,0,0,0,A,E,0,No Deposit,240.0,0,Transient,105.0,0,3
Resort Hotel,0,82,2017,April,15,9,2,3,2,0.0,0,BB,IRL,Online TA,TA/TO,0,0,0,D,E,0,No Deposit,240.0,0,Transient,92.0,0,1
Resort Hotel,0,26,2017,April,15,10,1,3,2,0.0,0,BB,NLD,Online TA,TA/TO,0,0,0,D,D,0,No Deposit,240.0,0,Transient,113.25,0,1
Resort Hotel,0,88,2017,April,15,9,2,3,2,0.0,0,BB,GBR,Online TA,TA/TO,0,0,0,F,F,0,No Deposit,241.0,0,Transient,92.58,1,1
Resort Hotel,0,44,2017,April,15,12,0,2,2,0.0,0,BB,PRT,Direct,Direct,0,0,0,E,E,0,No Deposit,250.0,0,Transient,110.5,0,0
Resort Hotel,0,68,2017,April,15,13,0,1,2,0.0,0,BB,ESP,Online TA,TA/TO,0,0,0,A,D,0,No Deposit,240.0,0,Transient,85.0,0,2
Resort Hotel,0,0,2017,April,15,13,0,1,2,0.0,0,BB,PRT,Direct,Direct,0,0,0,F,F,0,No Deposit,,0,Transient,105.0,0,0
Resort Hotel,0,72,2017,April,15,14,1,2,2,0.0,0,BB,PRT,Direct,Direct,0,0,0,F,F,0,No Deposit,250.0,0,Transient,105.0,0,0
Resort Hotel,0,49,2017,April,14,8,2,5,2,0.0,0,BB,GBR,Offline TA/TO,TA/TO,0,0,0,D,E,0,No Deposit,40.0,0,Contract,70.4,0,1
Resort Hotel,0,108,2017,April,15,10,1,4,2,0.0,0,BB,GBR,Offline TA/TO,TA/TO,0,0,0,D,D,0,No Deposit,40.0,0,Contract,70.4,0,0
Resort Hotel,0,28,2017,April,15,13,0,2,2,0.0,0,BB,BRA,Online TA,TA/TO,0,0,0,A,B,0,No Deposit,240.0,0,Transient,127.0,0,1
Resort Hotel,0,5,2017,April,14,8,2,5,2,0.0,0,HB,GBR,Offline TA/TO,TA/TO,0,0,0,D,D,0,No Deposit,40.0,0,Contract,108.0,0,0
Resort Hotel,0,48,2017,April,15,10,1,4,2,0.0,0,BB,ESP,Online TA,TA/TO,0,0,0,A,A,0,No Deposit,240.0,0,Transient,94.0,1,1
Resort Hotel,0,351,2017,April,14,8,2,5,2,0.0,0,HB,PRT,Groups,TA/TO,0,0,0,D,D,0,No Deposit,298.0,0,Transient-Party,82.0,0,0
Resort Hotel,0,351,2017,April,14,8,2,5,2,0.0,0,HB,PRT,Groups,TA/TO,0,0,0,D,D,0,No Deposit,298.0,0,Transient-Party,82.0,0,0
Resort Hotel,0,59,2017,April,15,10,1,4,2,0.0,0,BB,ESP,Online TA,TA/TO,0,0,0,A,A,0,No Deposit,240.0,0,Transient,79.0,0,1
Resort Hotel,0,351,2017,April,14,8,2,5,2,0.0,0,HB,PRT,Groups,TA/TO,0,0,0,D,D,0,No Deposit,298.0,0,Transient-Party,82.0,0,0
Resort Hotel,0,351,2017,April,14,8,2,5,2,0.0,0,HB,DEU,Groups,TA/TO,0,0,0,D,D,0,No Deposit,298.0,0,Transient,82.0,0,0
Resort Hotel,0,351,2017,April,14,8,2,5,2,0.0,0,HB,DEU,Groups,TA/TO,0,0,0,D,D,0,No Deposit,298.0,0,Transient-Party,82.0,0,0
Resort Hotel,0,351,2017,April,14,8,2,5,2,0.0,0,HB,PRT,Groups,TA/TO,0,0,0,D,D,0,No Deposit,298.0,0,Transient-Party,84.0,0,0
Resort Hotel,0,46,2017,April,14,8,2,5,2,0.0,0,HB,DEU,Groups,TA/TO,0,0,0,A,A,0,No Deposit,298.0,0,Transient-Party,84.0,0,0
Resort Hotel,0,351,2017,April,14,8,2,5,2,0.0,0,HB,PRT,Groups,TA/TO,0,0,0,D,D,0,No Deposit,298.0,0,Transient-Party,82.0,0,0
Resort Hotel,0,351,2017,April,14,8,2,5,2,0.0,0,HB,DEU,Groups,TA/TO,0,0,0,D,D,0,No Deposit,298.0,0,Transient-Party,82.0,0,0
Resort Hotel,0,351,2017,April,14,8,2,5,2,0.0,0,HB,PRT,Groups,TA/TO,0,0,0,D,D,0,No Deposit,298.0,0,Transient-Party,84.0,0,0
Resort Hotel,0,42,2017,April,15,12,0,3,2,0.0,0,BB,PRT,Online TA,TA/TO,0,0,0,A,A,0,No Deposit,240.0,0,Transient-Party,102.0,1,0
Resort Hotel,0,23,2017,April,15,11,0,4,2,0.0,0,BB,IRL,Online TA,TA/TO,0,0,0,A,A,0,No Deposit,240.0,0,Transient,102.5,0,1
Resort Hotel,0,142,2017,April,15,9,2,4,2,0.0,0,HB,PRT,Online TA,TA/TO,0,0,0,E,E,0,No Deposit,241.0,0,Transient,84.49,0,2
Resort Hotel,0,142,2017,April,15,9,2,4,2,0.0,0,HB,FRA,Online TA,TA/TO,0,0,0,E,E,0,No Deposit,241.0,0,Transient,84.49,0,2
Resort Hotel,0,61,2017,April,15,11,0,4,2,0.0,0,HB,ESP,Online TA,TA/TO,0,0,0,E,E,0,No Deposit,240.0,0,Transient,149.0,1,2
Resort Hotel,0,74,2017,April,15,13,0,2,2,0.0,0,BB,GBR,Online TA,TA/TO,0,0,0,A,A,0,No Deposit,240.0,0,Transient-Party,85.0,0,2
Resort Hotel,0,74,2017,April,15,13,0,2,2,0.0,0,BB,GBR,Online TA,TA/TO,0,0,0,A,A,0,No Deposit,240.0,0,Transient-Party,85.0,0,2
Resort Hotel,0,7,2017,April,15,10,1,4,2,0.0,0,BB,GBR,Offline TA/TO,TA/TO,0,0,0,A,A,0,No Deposit,40.0,0,Contract,65.0,0,0
Resort Hotel,0,31,2017,April,15,13,0,2,2,0.0,0,BB,ESP,Online TA,TA/TO,0,0,0,C,C,1,No Deposit,240.0,0,Transient,152.0,1,2
Resort Hotel,0,74,2017,April,15,13,0,2,2,0.0,0,BB,GBR,Online TA,TA/TO,0,0,0,A,A,0,No Deposit,240.0,0,Transient-Party,85.0,0,2
Resort Hotel,0,85,2017,April,15,9,2,5,2,0.0,0,HB,DEU,Online TA,TA/TO,0,0,0,E,E,1,No Deposit,314.0,0,Transient,105.69,0,0
Resort Hotel,0,22,2017,April,15,13,0,3,2,0.0,0,BB,ESP,Online TA,TA/TO,0,0,0,A,D,0,No Deposit,240.0,0,Transient,127.0,0,1
Resort Hotel,0,66,2017,April,15,12,0,4,2,0.0,0,BB,ESP,Online TA,TA/TO,0,0,0,A,A,0,No Deposit,240.0,0,Transient,89.5,0,1
Resort Hotel,0,153,2017,April,15,12,0,4,2,0.0,0,BB,ESP,Online TA,TA/TO,0,0,0,E,E,0,No Deposit,240.0,0,Transient,90.0,0,2
Resort Hotel,0,67,2017,April,15,15,0,1,2,0.0,0,BB,CHE,Offline TA/TO,TA/TO,0,0,0,D,D,0,No Deposit,,0,Transient,62.0,0,0
Resort Hotel,0,23,2017,April,15,14,0,2,2,0.0,0,BB,ESP,Online TA,TA/TO,0,0,0,A,A,0,No Deposit,240.0,0,Transient,120.0,0,1
Resort Hotel,0,116,2017,April,15,12,0,4,2,0.0,0,BB,ESP,Online TA,TA/TO,0,0,0,A,A,0,No Deposit,240.0,0,Transient,82.5,0,2
Resort Hotel,0,153,2017,April,15,12,0,4,2,0.0,0,BB,ESP,Online TA,TA/TO,0,0,0,E,E,0,No Deposit,240.0,0,Transient,90.0,0,2
Resort Hotel,0,17,2017,April,15,13,0,3,2,0.0,0,HB,ESP,Online TA,TA/TO,0,0,0,A,A,0,No Deposit,240.0,0,Transient-Party,152.0,0,2
Resort Hotel,0,41,2017,April,15,13,0,3,2,0.0,0,HB,ESP,Online TA,TA/TO,0,0,0,D,D,0,No Deposit,240.0,0,Transient,152.0,0,2
Resort Hotel,0,34,2017,April,15,9,2,5,2,0.0,0,HB,DEU,Groups,TA/TO,0,0,0,A,A,0,No Deposit,493.0,0,Contract,80.0,0,0
Resort Hotel,0,157,2017,April,15,12,0,4,2,0.0,0,BB,ESP,Online TA,TA/TO,0,0,0,E,E,0,No Deposit,240.0,0,Transient,90.0,0,2
Resort Hotel,0,80,2017,April,15,14,0,2,2,0.0,0,HB,ESP,Online TA,TA/TO,0,0,0,A,A,0,No Deposit,240.0,0,Transient,124.0,1,1
Resort Hotel,0,134,2017,April,15,13,0,3,2,0.0,0,HB,PRT,Offline TA/TO,TA/TO,0,0,0,D,D,2,No Deposit,3.0,0,Transient-Party,79.2,0,1
Resort Hotel,0,40,2017,April,15,9,2,5,2,0.0,0,HB,DEU,Groups,TA/TO,0,0,0,A,A,1,No Deposit,493.0,0,Contract,80.0,0,0
Resort Hotel,0,5,2017,April,15,14,0,2,2,0.0,0,BB,PRT,Online TA,TA/TO,0,0,0,A,A,0,No Deposit,240.0,0,Transient,130.0,0,1
Resort Hotel,0,11,2017,April,15,11,0,5,2,0.0,0,HB,GBR,Offline TA/TO,TA/TO,0,0,0,D,D,0,No Deposit,40.0,0,Contract,82.85,0,1
Resort Hotel,0,124,2017,April,15,9,2,5,2,0.0,0,HB,DEU,Groups,TA/TO,0,0,0,A,A,1,No Deposit,493.0,0,Contract,81.71,0,0
Resort Hotel,0,36,2017,April,15,14,0,2,2,0.0,0,BB,PRT,Online TA,TA/TO,0,0,0,A,A,0,No Deposit,240.0,0,Transient,112.0,1,1
Resort Hotel,0,89,2017,April,15,14,0,2,2,0.0,0,BB,PRT,Online TA,TA/TO,0,0,0,E,E,0,No Deposit,240.0,0,Transient-Party,122.0,1,2
Resort Hotel,0,73,2017,April,15,13,0,3,2,0.0,0,HB,ESP,Direct,Direct,0,0,0,A,A,0,No Deposit,250.0,0,Transient,115.5,1,0
Resort Hotel,0,65,2017,April,15,13,0,3,2,0.0,0,HB,ESP,Online TA,TA/TO,0,0,0,D,D,0,No Deposit,240.0,0,Transient,132.0,0,2
Resort Hotel,0,124,2017,April,15,9,2,5,2,0.0,0,HB,AUT,Groups,TA/TO,0,0,0,A,A,1,No Deposit,493.0,0,Contract,80.0,0,0
Resort Hotel,0,124,2017,April,15,9,2,5,2,0.0,0,HB,PRT,Groups,TA/TO,0,0,0,A,A,1,No Deposit,493.0,0,Contract,80.0,0,0
Resort Hotel,0,39,2017,April,15,13,0,3,2,0.0,0,BB,ESP,Online TA,TA/TO,0,0,0,A,A,0,No Deposit,240.0,0,Transient,112.0,1,1
Resort Hotel,0,6,2017,April,15,14,0,2,2,0.0,0,BB,ESP,Online TA,TA/TO,0,0,0,A,A,0,No Deposit,240.0,0,Transient,130.0,0,1
Resort Hotel,0,156,2017,April,15,14,0,2,2,0.0,0,BB,PRT,Online TA,TA/TO,0,0,0,A,A,0,No Deposit,240.0,0,Transient-Party,60.0,0,2
Resort Hotel,0,156,2017,April,15,14,0,2,2,0.0,0,BB,PRT,Online TA,TA/TO,0,0,0,A,A,0,No Deposit,240.0,0,Transient-Party,60.0,0,2
Resort Hotel,0,52,2017,April,15,13,1,3,2,0.0,0,HB,FRA,Online TA,TA/TO,0,0,0,A,D,1,No Deposit,240.0,0,Transient,142.0,0,2
Resort Hotel,0,88,2017,April,15,13,1,3,2,0.0,0,BB,GBR,Online TA,TA/TO,0,0,0,A,A,0,No Deposit,241.0,0,Transient,57.61,0,0
Resort Hotel,0,58,2017,April,15,12,1,4,2,0.0,0,HB,CHE,Direct,Direct,0,0,0,F,F,3,No Deposit,250.0,0,Transient,171.0,1,0
Resort Hotel,0,92,2017,April,15,14,1,2,2,0.0,0,BB,GBR,Online TA,TA/TO,0,0,0,E,E,0,No Deposit,241.0,0,Transient,80.02,0,2
Resort Hotel,0,237,2017,April,15,13,1,3,2,0.0,0,HB,GBR,Offline TA/TO,TA/TO,0,0,0,D,D,0,No Deposit,40.0,0,Contract,80.85,0,0
Resort Hotel,0,267,2017,April,14,8,3,6,2,0.0,0,BB,BRA,Direct,Direct,0,0,0,A,A,0,No Deposit,250.0,0,Transient-Party,56.45,0,0
Resort Hotel,0,267,2017,April,14,8,3,6,2,0.0,0,BB,GBR,Direct,Direct,0,0,0,A,A,0,No Deposit,250.0,0,Transient-Party,54.68,0,0
Resort Hotel,0,77,2017,April,15,13,1,3,2,0.0,0,HB,ESP,Online TA,TA/TO,0,0,0,A,A,0,No Deposit,240.0,0,Transient-Party,110.75,0,2
Resort Hotel,0,41,2017,April,15,13,1,3,2,0.0,0,BB,GBR,Online TA,TA/TO,0,0,0,D,D,0,No Deposit,241.0,0,Transient,89.4,0,1
Resort Hotel,0,222,2017,April,14,8,3,6,2,0.0,0,BB,GBR,Offline TA/TO,TA/TO,0,0,0,A,A,0,No Deposit,40.0,0,Contract,42.95,0,0
Resort Hotel,0,87,2017,April,16,16,1,0,2,0.0,0,BB,BEL,Offline TA/TO,TA/TO,0,0,0,D,D,0,No Deposit,251.0,0,Transient,62.0,0,0
Resort Hotel,0,13,2017,April,15,14,1,2,2,0.0,0,BB,IRL,Online TA,TA/TO,0,0,0,A,A,0,No Deposit,240.0,0,Transient,116.67,0,1
Resort Hotel,0,8,2017,April,15,12,1,4,2,0.0,0,HB,ESP,Online TA,TA/TO,0,0,0,G,G,1,No Deposit,240.0,0,Transient,249.0,0,1
Resort Hotel,0,42,2017,April,15,14,1,2,2,0.0,0,BB,PRT,Online TA,TA/TO,0,0,0,E,E,0,No Deposit,240.0,0,Transient,128.33,0,1
Resort Hotel,0,4,2017,April,15,14,1,2,2,0.0,0,HB,PRT,Offline TA/TO,TA/TO,0,0,0,E,E,3,No Deposit,181.0,0,Transient-Party,148.1,0,0
Resort Hotel,0,4,2017,April,15,14,1,2,2,0.0,0,HB,PRT,Offline TA/TO,TA/TO,0,0,0,E,E,3,No Deposit,181.0,0,Transient-Party,148.1,0,0
Resort Hotel,0,18,2017,April,15,12,1,4,2,0.0,0,BB,GBR,Direct,Direct,0,0,0,A,A,2,No Deposit,250.0,0,Transient,111.8,0,0
Resort Hotel,0,2,2017,April,15,15,1,1,2,0.0,0,BB,AGO,Direct,Direct,0,0,0,A,D,0,No Deposit,250.0,0,Transient,118.0,1,0
Resort Hotel,0,76,2017,April,15,10,2,5,2,0.0,0,BB,GBR,Offline TA/TO,TA/TO,0,0,0,D,D,0,No Deposit,40.0,0,Contract,52.85,0,2
Resort Hotel,0,3,2017,April,15,15,1,1,2,0.0,0,SC,PRT,Offline TA/TO,TA/TO,0,0,0,A,I,1,No Deposit,330.0,0,Transient,0.0,1,0
Resort Hotel,0,18,2017,April,15,10,2,5,2,0.0,0,HB,GBR,Offline TA/TO,TA/TO,0,0,0,D,D,0,No Deposit,40.0,0,Contract,78.85,0,0
Resort Hotel,0,1,2017,April,15,12,1,4,2,0.0,0,BB,GBR,Direct,Direct,0,0,0,D,D,0,No Deposit,250.0,0,Transient,137.0,1,0
Resort Hotel,0,32,2017,April,15,14,1,2,2,0.0,0,Undefined,PRT,Direct,Direct,0,0,0,C,C,0,No Deposit,,0,Transient,197.33,0,0
Resort Hotel,0,30,2017,April,15,14,1,2,2,0.0,0,BB,ESP,Online TA,TA/TO,0,0,0,A,A,0,No Deposit,,0,Transient,76.67,0,0
Resort Hotel,0,4,2017,April,15,14,1,2,2,0.0,0,BB,DEU,Online TA,TA/TO,0,0,0,D,D,0,No Deposit,240.0,0,Transient,138.67,1,2
Resort Hotel,0,34,2017,April,15,13,1,3,2,0.0,0,HB,ESP,Direct,Direct,0,0,0,F,F,1,No Deposit,250.0,0,Transient,193.0,1,0
Resort Hotel,0,12,2017,April,15,14,1,2,2,0.0,0,BB,PRT,Online TA,TA/TO,0,0,0,E,E,0,No Deposit,240.0,0,Transient,146.67,0,1
Resort Hotel,0,38,2017,April,15,14,1,2,2,0.0,0,BB,ESP,Online TA,TA/TO,0,0,0,A,A,0,No Deposit,240.0,0,Transient,98.33,0,1
Resort Hotel,0,65,2017,April,15,14,1,2,2,0.0,0,BB,POL,Online TA,TA/TO,0,0,0,E,E,0,No Deposit,240.0,0,Transient-Party,113.67,0,2
Resort Hotel,0,65,2017,April,15,14,1,2,2,0.0,0,BB,LTU,Online TA,TA/TO,0,0,0,D,D,0,No Deposit,240.0,0,Transient-Party,91.67,1,2
Resort Hotel,0,10,2017,April,15,15,1,1,2,0.0,0,HB,PRT,Online TA,TA/TO,0,0,0,C,C,0,No Deposit,241.0,0,Transient,165.4,1,1
Resort Hotel,0,110,2017,April,15,15,1,1,2,0.0,0,BB,BRA,Online TA,TA/TO,0,0,0,A,A,0,No Deposit,240.0,0,Transient,72.5,0,2
Resort Hotel,0,68,2017,April,15,13,1,3,2,0.0,0,BB,NZL,Online TA,TA/TO,0,0,0,A,A,0,No Deposit,240.0,0,Transient,85.75,1,1
Resort Hotel,0,72,2017,April,15,14,1,2,2,0.0,0,BB,GBR,Direct,Direct,0,0,0,E,E,0,No Deposit,250.0,0,Transient,104.33,1,2
Resort Hotel,0,86,2017,April,15,12,1,4,2,0.0,0,BB,ESP,Online TA,TA/TO,0,0,0,E,E,0,No Deposit,240.0,0,Transient,115.0,0,1
Resort Hotel,0,4,2017,April,16,16,1,0,2,0.0,0,BB,PRT,Direct,Direct,0,0,0,A,A,0,No Deposit,250.0,0,Transient,91.0,0,0
Resort Hotel,0,108,2017,April,15,14,1,2,2,0.0,0,BB,GBR,Online TA,TA/TO,0,0,0,D,D,0,No Deposit,240.0,0,Transient,91.67,0,1
Resort Hotel,0,72,2017,April,15,13,1,3,2,0.0,0,BB,PRT,Online TA,TA/TO,0,0,0,D,D,0,No Deposit,240.0,0,Transient,93.75,0,1
Resort Hotel,0,17,2017,April,15,15,1,1,2,0.0,0,BB,BRA,Online TA,TA/TO,0,0,0,A,A,0,No Deposit,241.0,0,Transient,88.0,0,1
Resort Hotel,0,156,2017,April,15,11,2,5,2,0.0,0,Undefined,FRA,Direct,Direct,0,0,0,A,A,1,No Deposit,250.0,0,Transient,111.25,0,2
Resort Hotel,0,84,2017,April,15,13,2,3,2,0.0,0,BB,GBR,Offline TA/TO,TA/TO,0,0,0,A,A,0,No Deposit,40.0,0,Contract,40.95,0,0
Resort Hotel,0,32,2017,April,16,16,2,0,2,0.0,0,BB,JPN,Direct,Direct,0,0,0,A,A,0,No Deposit,250.0,0,Transient,87.0,1,0
Resort Hotel,0,4,2017,April,16,17,1,0,2,0.0,0,BB,BEL,Direct,Direct,0,0,0,E,E,0,No Deposit,250.0,0,Transient,114.95,0,0
Resort Hotel,0,67,2017,April,14,8,4,6,2,0.0,0,BB,GBR,Offline TA/TO,TA/TO,0,0,0,A,A,0,No Deposit,40.0,0,Contract,40.95,0,1
Resort Hotel,0,28,2017,April,16,16,2,0,2,0.0,0,BB,FIN,Online TA,TA/TO,0,0,0,E,E,0,No Deposit,240.0,0,Transient,115.0,0,1
Resort Hotel,0,28,2017,April,16,16,2,0,2,0.0,0,BB,FIN,Online TA,TA/TO,0,0,0,E,E,0,No Deposit,240.0,0,Transient,115.0,0,1
Resort Hotel,0,17,2017,April,15,11,2,5,2,0.0,0,HB,GBR,Offline TA/TO,TA/TO,0,0,0,A,A,0,No Deposit,40.0,0,Contract,68.95,0,0
Resort Hotel,0,17,2017,April,15,11,2,5,2,0.0,0,HB,GBR,Offline TA/TO,TA/TO,0,0,0,A,A,0,No Deposit,40.0,0,Contract,68.95,0,0
Resort Hotel,0,88,2017,April,15,14,2,2,2,0.0,0,BB,IRL,Online TA,TA/TO,0,0,0,A,A,0,No Deposit,241.0,0,Transient,55.83,0,1
Resort Hotel,0,14,2017,April,15,14,2,2,2,0.0,0,BB,CHE,Online TA,TA/TO,0,0,0,E,I,0,No Deposit,240.0,0,Transient,137.5,0,2
Resort Hotel,0,2,2017,April,16,18,0,2,2,0.0,0,BB,CHE,Direct,TA/TO,0,0,0,E,E,1,No Deposit,,0,Transient,125.0,0,2
Resort Hotel,0,7,2017,April,16,17,1,0,2,0.0,0,BB,GBR,Online TA,TA/TO,0,0,0,A,A,1,No Deposit,240.0,0,Transient,88.6,1,1
Resort Hotel,0,212,2017,April,15,15,2,1,2,0.0,0,BB,ZAF,Online TA,TA/TO,0,0,0,E,E,4,No Deposit,240.0,0,Transient,99.0,0,2
Resort Hotel,0,67,2017,April,16,17,1,0,2,0.0,0,BB,BRA,Online TA,TA/TO,0,0,0,D,D,0,No Deposit,240.0,0,Transient,75.0,0,2
Resort Hotel,0,0,2017,April,16,18,0,1,2,0.0,0,BB,BRA,Direct,TA/TO,1,0,0,D,D,0,No Deposit,,0,Transient,101.0,0,2
Resort Hotel,0,61,2017,April,16,17,1,0,2,0.0,0,BB,BRA,Online TA,TA/TO,0,0,0,A,A,0,No Deposit,240.0,0,Transient,85.0,1,1
Resort Hotel,0,0,2017,April,16,18,0,1,2,0.0,0,BB,BRA,Direct,TA/TO,1,0,0,A,A,0,No Deposit,,0,Transient,91.0,1,1
Resort Hotel,0,69,2017,April,15,14,2,2,2,0.0,0,HB,ITA,Online TA,TA/TO,0,0,0,A,A,0,No Deposit,240.0,0,Transient,111.5,0,0
Resort Hotel,0,180,2017,April,16,17,1,0,2,0.0,0,BB,AUS,Offline TA/TO,TA/TO,0,0,0,D,D,0,No Deposit,251.0,0,Transient,62.0,0,0
Resort Hotel,0,198,2017,April,15,15,2,1,2,0.0,0,BB,GBR,Online TA,TA/TO,0,0,0,E,E,0,No Deposit,242.0,0,Transient,98.5,1,1
Resort Hotel,0,75,2017,April,15,13,2,3,2,0.0,0,BB,LVA,Online TA,TA/TO,0,0,0,A,A,0,No Deposit,240.0,0,Transient,80.6,1,1
Resort Hotel,0,0,2017,April,16,17,1,0,2,0.0,0,BB,PRT,Direct,Direct,0,0,0,A,D,0,No Deposit,,0,Transient,91.0,0,0
Resort Hotel,0,172,2017,April,15,13,2,3,2,0.0,0,BB,GBR,Direct,Direct,0,0,0,F,F,0,No Deposit,250.0,0,Transient,105.5,0,0
Resort Hotel,0,85,2017,April,15,11,2,5,2,0.0,0,HB,ESP,Direct,Direct,0,0,0,F,F,1,No Deposit,250.0,0,Transient-Party,142.5,0,1
Resort Hotel,0,85,2017,April,15,11,2,5,2,0.0,0,HB,ESP,Direct,Direct,0,0,0,F,F,3,No Deposit,250.0,0,Transient-Party,142.5,0,1
Resort Hotel,0,11,2017,April,16,16,2,0,2,0.0,0,HB,PRT,Direct,Direct,0,0,0,A,A,1,No Deposit,250.0,0,Transient,119.75,1,1
Resort Hotel,0,0,2017,April,16,17,1,0,2,0.0,0,BB,USA,Direct,Direct,0,0,0,D,D,1,No Deposit,,0,Transient,98.0,1,0
Resort Hotel,0,216,2017,April,15,9,4,5,2,0.0,0,BB,GBR,Online TA,TA/TO,0,0,0,E,E,0,No Deposit,240.0,0,Transient-Party,94.9,1,2
Resort Hotel,0,216,2017,April,15,9,4,5,2,0.0,0,BB,GBR,Online TA,TA/TO,0,0,0,E,E,0,No Deposit,240.0,0,Transient-Party,87.9,0,2
Resort Hotel,0,22,2017,April,15,14,2,2,2,0.0,0,BB,FRA,Online TA,TA/TO,0,0,0,A,A,0,No Deposit,240.0,0,Transient,109.5,0,2
Resort Hotel,0,67,2017,April,15,13,2,3,2,0.0,0,BB,NLD,Online TA,TA/TO,0,0,0,A,C,0,No Deposit,240.0,0,Transient,75.0,0,2
Resort Hotel,0,86,2017,April,15,14,2,2,2,0.0,0,HB,ESP,Direct,Direct,0,0,0,F,F,1,No Deposit,250.0,0,Transient,133.25,0,1
Resort Hotel,0,89,2017,April,15,12,2,5,2,0.0,0,HB,DEU,Online TA,TA/TO,0,0,0,E,E,0,No Deposit,240.0,0,Transient,132.86,0,1
Resort Hotel,0,164,2017,April,15,12,2,5,2,0.0,0,HB,FRA,Online TA,TA/TO,0,0,0,E,E,0,No Deposit,240.0,0,Transient,126.64,1,3
Resort Hotel,0,171,2017,April,15,11,2,6,2,0.0,0,BB,GBR,Online TA,TA/TO,0,0,0,D,D,0,No Deposit,240.0,0,Transient,77.19,0,1
Resort Hotel,0,9,2017,April,15,14,2,3,2,0.0,0,BB,IRL,Online TA,TA/TO,0,0,0,D,D,0,No Deposit,240.0,0,Transient,121.0,0,1
Resort Hotel,0,73,2017,April,15,14,2,3,2,0.0,0,BB,SRB,Online TA,TA/TO,0,0,0,A,A,0,No Deposit,240.0,0,Transient,77.0,1,1
Resort Hotel,0,76,2017,April,16,16,2,1,2,0.0,0,BB,GBR,Online TA,TA/TO,0,0,0,A,A,0,No Deposit,314.0,0,Transient,43.2,0,0
Resort Hotel,0,126,2017,April,16,17,1,1,2,0.0,0,BB,BRA,Online TA,TA/TO,0,0,0,D,D,0,No Deposit,314.0,0,Transient-Party,54.0,0,1
Resort Hotel,0,12,2017,April,16,18,0,1,2,0.0,0,BB,PRT,Online TA,TA/TO,0,0,0,E,E,0,No Deposit,5.0,0,Transient-Party,96.0,0,0
Resort Hotel,0,126,2017,April,16,17,1,1,2,0.0,0,BB,BRA,Online TA,TA/TO,0,0,0,D,D,0,No Deposit,314.0,0,Transient-Party,54.0,0,1
Resort Hotel,0,27,2017,April,15,14,2,3,2,0.0,0,BB,IRL,Direct,Direct,0,0,0,A,A,0,No Deposit,250.0,0,Transient,94.0,0,1
Resort Hotel,0,192,2017,April,16,17,1,1,2,0.0,0,BB,FRA,Online TA,TA/TO,0,0,0,E,E,0,No Deposit,240.0,0,Transient,81.0,0,1
Resort Hotel,0,1,2017,April,16,18,0,1,2,0.0,0,BB,BRA,Online TA,TA/TO,0,0,0,E,F,0,No Deposit,240.0,0,Transient,107.1,1,1
Resort Hotel,0,126,2017,April,16,17,1,1,2,0.0,0,BB,BRA,Online TA,TA/TO,0,0,0,D,D,0,No Deposit,314.0,0,Transient-Party,54.0,0,1
Resort Hotel,0,60,2017,April,15,15,2,2,2,0.0,0,BB,DEU,Online TA,TA/TO,0,0,0,D,D,0,No Deposit,240.0,0,Transient,104.0,0,2
Resort Hotel,0,100,2017,April,16,16,2,1,2,0.0,0,BB,LTU,Online TA,TA/TO,0,0,0,A,A,0,No Deposit,240.0,0,Transient,60.0,0,1
Resort Hotel,0,1,2017,April,16,18,0,1,2,0.0,0,BB,PRT,Offline TA/TO,TA/TO,0,0,0,A,A,0,No Deposit,330.0,0,Transient-Party,50.0,0,1
Resort Hotel,0,1,2017,April,16,18,0,1,2,0.0,0,BB,PRT,Offline TA/TO,TA/TO,0,0,0,A,D,0,No Deposit,330.0,0,Transient-Party,50.0,0,1
Resort Hotel,0,128,2017,April,15,13,2,5,2,0.0,0,BB,IRL,Online TA,TA/TO,0,0,0,A,A,1,No Deposit,240.0,0,Transient-Party,72.71,0,1
Resort Hotel,0,0,2017,April,16,18,0,2,2,0.0,0,BB,USA,Direct,Direct,0,0,0,A,A,1,No Deposit,,0,Transient,91.0,0,0
Resort Hotel,0,27,2017,April,16,16,2,2,2,0.0,0,BB,GBR,Offline TA/TO,TA/TO,0,0,0,A,A,0,No Deposit,40.0,0,Contract,40.94,0,1
Resort Hotel,0,60,2017,April,15,15,2,3,2,0.0,0,BB,GBR,Offline TA/TO,TA/TO,0,0,0,D,D,0,No Deposit,40.0,0,Contract,50.85,0,3
Resort Hotel,0,33,2017,April,14,8,4,8,2,0.0,0,Undefined,GBR,Offline TA/TO,TA/TO,0,0,0,D,E,0,No Deposit,40.0,0,Contract,106.85,0,1
Resort Hotel,0,26,2017,April,16,16,2,2,2,0.0,0,HB,GBR,Offline TA/TO,TA/TO,0,0,0,D,D,0,No Deposit,40.0,0,Contract,78.85,0,1
Resort Hotel,0,27,2017,April,16,19,0,1,2,0.0,0,BB,DEU,Offline TA/TO,TA/TO,0,0,0,D,D,0,No Deposit,,0,Transient,95.0,0,1
Resort Hotel,0,254,2017,April,15,9,4,7,2,0.0,0,BB,DEU,Online TA,TA/TO,0,0,0,A,A,0,No Deposit,240.0,0,Transient,60.16,0,2
Resort Hotel,0,100,2017,April,15,15,2,3,2,0.0,0,BB,GBR,Online TA,TA/TO,0,0,0,D,D,0,No Deposit,240.0,0,Transient,80.0,0,1
Resort Hotel,0,20,2017,April,16,16,2,2,2,0.0,0,HB,FRA,Online TA,TA/TO,0,0,0,E,E,0,No Deposit,240.0,0,Transient,156.5,1,1
Resort Hotel,0,0,2017,April,16,19,0,1,2,0.0,0,BB,FRA,Online TA,TA/TO,0,0,0,A,A,0,No Deposit,240.0,0,Transient,80.75,1,1
Resort Hotel,0,167,2017,April,15,11,2,7,2,0.0,0,BB,GBR,Direct,Direct,0,0,0,E,E,0,No Deposit,,0,Transient,78.8,0,2
Resort Hotel,0,31,2017,April,15,13,2,5,2,0.0,0,BB,GBR,Offline TA/TO,TA/TO,0,0,0,A,A,0,No Deposit,40.0,0,Contract,42.95,0,0
Resort Hotel,0,67,2017,April,16,16,2,2,2,0.0,0,BB,ITA,Online TA,TA/TO,0,0,0,D,D,0,No Deposit,240.0,0,Transient,82.0,1,2
Resort Hotel,0,0,2017,April,16,19,0,1,2,0.0,0,BB,USA,Online TA,TA/TO,0,0,0,A,D,0,No Deposit,240.0,0,Transient,80.75,0,0
Resort Hotel,0,75,2017,April,15,15,2,4,2,0.0,0,BB,NLD,Online TA,TA/TO,0,0,0,A,A,0,No Deposit,314.0,0,Transient,46.2,0,0
Resort Hotel,0,130,2017,April,15,15,2,4,2,0.0,0,HB,DEU,Groups,TA/TO,0,0,0,A,A,1,No Deposit,493.0,0,Contract,87.0,1,0
Resort Hotel,0,72,2017,April,15,14,2,5,2,0.0,0,BB,GBR,Online TA,TA/TO,0,0,0,D,D,0,No Deposit,,0,Transient,89.14,1,1
Resort Hotel,0,60,2017,April,16,17,1,3,2,0.0,0,HB,ITA,Online TA,TA/TO,0,0,0,E,E,0,No Deposit,240.0,0,Transient,153.25,0,2
Resort Hotel,0,83,2017,April,15,15,2,4,2,0.0,0,HB,GBR,Direct,Direct,0,0,0,F,G,1,No Deposit,250.0,0,Transient,127.75,0,1
Resort Hotel,0,94,2017,April,15,14,2,5,2,0.0,0,BB,GBR,Offline TA/TO,TA/TO,0,0,0,A,A,0,No Deposit,40.0,0,Contract,42.95,0,0
Resort Hotel,0,174,2017,April,16,17,1,3,2,0.0,0,HB,FRA,Online TA,TA/TO,0,0,0,A,D,3,No Deposit,240.0,0,Transient-Party,82.75,1,2
Resort Hotel,0,174,2017,April,16,17,1,3,2,0.0,0,HB,FRA,Online TA,TA/TO,0,0,0,A,A,3,No Deposit,240.0,0,Transient-Party,81.0,0,2
Resort Hotel,0,34,2017,April,16,17,1,3,2,0.0,0,BB,GBR,Online TA,TA/TO,0,0,0,D,D,0,No Deposit,240.0,0,Transient,100.0,0,1
Resort Hotel,0,111,2017,April,16,19,0,2,2,0.0,0,FB,GBR,Offline TA/TO,TA/TO,0,0,0,E,E,0,No Deposit,436.0,0,Transient,109.8,0,0
Resort Hotel,0,137,2017,April,16,19,0,2,2,0.0,0,BB,IRL,Offline TA/TO,TA/TO,0,0,0,A,C,1,No Deposit,177.0,0,Transient,43.2,0,1
Resort Hotel,0,1,2017,April,16,17,1,3,2,0.0,0,BB,PRT,Direct,Direct,0,0,0,D,D,1,No Deposit,250.0,0,Transient,108.0,1,1
Resort Hotel,0,87,2017,April,16,17,1,3,2,0.0,0,BB,ESP,Direct,Direct,0,0,0,G,G,1,No Deposit,250.0,0,Transient,131.0,1,1
Resort Hotel,0,74,2017,April,16,17,1,3,2,0.0,0,BB,GBR,Online TA,TA/TO,0,0,0,D,D,0,No Deposit,240.0,0,Transient,75.0,0,0
Resort Hotel,0,30,2017,April,15,14,2,5,2,0.0,0,SC,PRT,Offline TA/TO,TA/TO,0,0,0,A,I,4,No Deposit,420.0,0,Transient,3.0,0,0
Resort Hotel,0,0,2017,April,16,20,0,2,2,0.0,0,HB,GBR,Online TA,TA/TO,0,0,0,A,A,0,No Deposit,240.0,0,Transient,102.0,0,0
Resort Hotel,0,23,2017,April,16,20,0,2,2,0.0,0,BB,GBR,Groups,Direct,0,0,0,A,A,0,No Deposit,,0,Transient-Party,99.0,0,0
Resort Hotel,0,23,2017,April,16,20,0,2,2,0.0,0,BB,GBR,Groups,Direct,0,0,0,A,A,0,No Deposit,,0,Transient-Party,99.0,1,0
Resort Hotel,0,95,2017,April,15,15,2,5,2,0.0,0,BB,GBR,Offline TA/TO,TA/TO,0,0,0,D,D,0,No Deposit,40.0,0,Contract,50.85,0,0
Resort Hotel,0,63,2017,April,16,17,1,4,2,0.0,0,BB,ESP,Online TA,TA/TO,0,0,0,D,D,0,No Deposit,240.0,0,Transient,90.0,0,1
Resort Hotel,0,63,2017,April,16,17,1,4,2,0.0,0,BB,ESP,Online TA,TA/TO,0,0,0,D,D,0,No Deposit,240.0,0,Transient,90.0,0,1
Resort Hotel,0,63,2017,April,16,17,1,4,2,0.0,0,BB,ESP,Online TA,TA/TO,0,0,0,D,D,0,No Deposit,240.0,0,Transient,97.0,1,1
Resort Hotel,0,23,2017,April,16,20,0,2,2,0.0,0,BB,GBR,Groups,Direct,0,0,0,A,A,0,No Deposit,,0,Transient-Party,106.0,1,0
Resort Hotel,0,108,2017,April,16,21,0,1,2,0.0,0,BB,CHE,Online TA,TA/TO,0,0,0,D,D,0,No Deposit,240.0,0,Transient,75.0,0,1
Resort Hotel,0,29,2017,April,16,19,0,3,2,0.0,0,BB,PRT,Direct,Direct,0,0,0,A,A,0,No Deposit,,0,Transient,92.0,1,1
Resort Hotel,0,0,2017,April,16,21,0,1,2,0.0,0,BB,NLD,Direct,Direct,0,0,0,A,A,0,No Deposit,,0,Transient,80.0,1,0
Resort Hotel,0,8,2017,April,16,21,0,1,2,0.0,0,BB,PRT,Complementary,Direct,0,0,0,A,D,0,No Deposit,,0,Transient,0.0,1,1
Resort Hotel,0,232,2017,April,15,15,2,5,2,0.0,0,BB,IRL,Online TA,TA/TO,0,0,0,A,A,0,No Deposit,240.0,0,Transient,56.89,0,2
Resort Hotel,0,108,2017,April,16,22,0,1,2,0.0,0,BB,IRL,Direct,TA/TO,0,0,0,A,A,0,No Deposit,,0,Transient,74.25,0,2
Resort Hotel,0,66,2017,April,16,18,0,4,2,0.0,0,BB,PRT,Online TA,TA/TO,0,0,0,D,D,0,No Deposit,240.0,0,Transient,75.0,0,1
Resort Hotel,0,91,2017,April,15,15,2,5,2,0.0,0,BB,ITA,Online TA,TA/TO,0,0,0,E,E,0,No Deposit,240.0,0,Transient,93.57,0,1
Resort Hotel,0,206,2017,April,16,18,0,4,2,0.0,0,BB,IRL,Online TA,TA/TO,0,0,0,A,A,0,No Deposit,242.0,0,Transient,54.0,0,1
Resort Hotel,0,98,2017,April,15,15,2,5,2,0.0,0,BB,GBR,Online TA,TA/TO,0,0,0,D,D,0,No Deposit,241.0,0,Transient,58.02,0,1
Resort Hotel,0,73,2017,April,15,15,2,5,2,0.0,0,BB,IRL,Offline TA/TO,TA/TO,0,0,0,A,A,0,No Deposit,171.0,0,Transient,43.2,0,0
Resort Hotel,0,6,2017,April,16,19,0,3,2,0.0,0,HB,ESP,Online TA,TA/TO,0,0,0,A,A,0,No Deposit,240.0,0,Transient,128.0,0,1
Resort Hotel,0,98,2017,April,16,22,1,1,2,0.0,0,BB,PRT,Direct,Direct,0,0,0,F,F,1,No Deposit,250.0,0,Transient,8.0,0,0
Resort Hotel,0,8,2017,April,16,22,0,1,2,0.0,0,BB,PRT,Direct,Direct,0,0,0,A,A,1,No Deposit,250.0,0,Transient,8.0,0,1
Resort Hotel,0,124,2017,April,15,9,4,10,2,0.0,0,HB,DEU,Groups,TA/TO,0,0,0,E,E,0,No Deposit,493.0,0,Contract,106.86,0,0
Resort Hotel,0,58,2017,April,16,16,2,5,2,0.0,0,HB,DEU,Groups,TA/TO,0,0,0,A,C,0,No Deposit,493.0,0,Contract,82.0,0,1
Resort Hotel,0,128,2017,April,15,13,2,8,2,0.0,0,HB,DEU,Groups,TA/TO,0,0,0,A,A,1,No Deposit,493.0,0,Contract,80.0,0,0
Resort Hotel,0,131,2017,April,16,16,2,5,2,0.0,0,HB,DEU,Groups,TA/TO,0,0,0,A,A,0,No Deposit,493.0,0,Contract,80.0,0,1
Resort Hotel,0,128,2017,April,15,13,2,8,2,0.0,0,HB,DEU,Groups,TA/TO,0,0,0,A,A,1,No Deposit,493.0,0,Contract,80.0,0,0
Resort Hotel,0,76,2017,April,15,15,2,6,2,0.0,0,BB,IND,Online TA,TA/TO,0,0,0,A,A,0,No Deposit,240.0,0,Transient,63.13,0,2
Resort Hotel,0,128,2017,April,15,13,2,8,2,0.0,0,HB,DEU,Groups,TA/TO,0,0,0,A,A,1,No Deposit,493.0,0,Contract,80.0,0,0
Resort Hotel,0,123,2017,April,14,8,4,11,2,0.0,0,HB,DEU,Groups,TA/TO,0,0,0,A,A,2,No Deposit,493.0,0,Contract,80.0,0,0
Resort Hotel,0,47,2017,April,16,16,2,5,2,0.0,0,HB,DEU,Groups,TA/TO,0,0,0,A,C,0,No Deposit,493.0,0,Contract,80.0,0,1
Resort Hotel,0,49,2017,April,15,15,2,6,2,0.0,0,BB,GBR,Offline TA/TO,TA/TO,0,0,0,A,A,0,No Deposit,40.0,0,Contract,42.7,0,0
Resort Hotel,0,25,2017,April,16,16,2,5,2,0.0,0,BB,GBR,Offline TA/TO,TA/TO,0,0,0,D,D,0,No Deposit,40.0,0,Contract,52.85,0,0
Resort Hotel,0,150,2017,April,16,17,1,5,2,0.0,0,HB,FRA,Online TA,TA/TO,0,0,0,E,E,0,No Deposit,240.0,0,Transient,129.0,1,1
Resort Hotel,0,23,2017,April,16,20,0,3,2,0.0,0,BB,GBR,Groups,Direct,0,0,0,A,D,0,No Deposit,,0,Transient-Party,99.0,0,0
Resort Hotel,0,12,2017,April,16,18,0,5,2,0.0,0,BB,GBR,Offline TA/TO,TA/TO,0,0,0,A,A,0,No Deposit,40.0,0,Contract,47.5,0,0
Resort Hotel,0,0,2017,April,16,21,0,2,2,0.0,0,BB,BGR,Online TA,TA/TO,0,0,0,A,E,1,No Deposit,240.0,0,Transient,125.0,0,1
Resort Hotel,0,153,2017,April,16,19,0,4,2,0.0,0,HB,FRA,Online TA,TA/TO,0,0,0,A,A,0,No Deposit,241.0,0,Transient,65.87,1,1
Resort Hotel,0,3,2017,April,16,21,0,2,2,0.0,0,BB,ESP,Direct,Direct,0,0,0,F,F,0,No Deposit,250.0,0,Transient,157.0,1,0
Resort Hotel,0,65,2017,April,16,16,2,5,2,0.0,0,BB,FRA,Direct,Direct,0,0,0,F,F,0,No Deposit,250.0,0,Transient,95.0,0,0
Resort Hotel,0,95,2017,April,16,22,0,1,2,0.0,0,BB,ITA,Online TA,TA/TO,0,0,0,E,E,0,No Deposit,240.0,0,Transient,90.0,1,1
Resort Hotel,0,131,2017,April,16,16,2,5,2,0.0,0,HB,DEU,Groups,TA/TO,0,0,0,A,A,1,No Deposit,493.0,0,Contract,40.0,0,1
Resort Hotel,0,131,2017,April,16,16,2,5,2,0.0,0,HB,DEU,Groups,TA/TO,0,0,0,A,E,1,No Deposit,493.0,0,Contract,107.0,1,1
Resort Hotel,0,57,2017,April,15,14,2,7,2,0.0,0,HB,DEU,Groups,TA/TO,0,0,0,D,D,0,No Deposit,493.0,0,Contract,92.0,0,0
Resort Hotel,0,47,2017,April,16,16,2,5,2,0.0,0,HB,DEU,Groups,TA/TO,0,0,0,A,C,0,No Deposit,493.0,0,Contract,83.0,1,1
Resort Hotel,0,124,2017,April,15,9,4,10,2,0.0,0,HB,PRT,Groups,TA/TO,0,0,0,A,A,2,No Deposit,493.0,0,Contract,80.0,0,0
Resort Hotel,0,177,2017,April,16,16,2,5,2,0.0,0,BB,DNK,Direct,Direct,0,0,0,F,F,0,No Deposit,250.0,0,Transient,100.21,1,0
Resort Hotel,0,131,2017,April,16,16,2,5,2,0.0,0,HB,CZE,Groups,TA/TO,0,0,0,D,D,1,No Deposit,493.0,0,Contract,90.0,0,0
Resort Hotel,0,0,2017,April,16,20,0,3,2,0.0,0,BB,FIN,Direct,Direct,0,0,0,A,A,0,No Deposit,,0,Transient,80.0,0,0
Resort Hotel,0,131,2017,April,16,16,2,5,2,0.0,0,HB,DEU,Groups,TA/TO,0,0,0,A,A,0,No Deposit,493.0,0,Contract,80.0,0,1
Resort Hotel,0,131,2017,April,16,16,2,5,2,0.0,0,HB,CHE,Groups,TA/TO,0,0,0,A,A,0,No Deposit,493.0,0,Contract,80.0,0,1
Resort Hotel,0,48,2017,April,16,17,1,5,2,0.0,0,HB,DEU,Groups,TA/TO,0,0,0,A,A,1,No Deposit,493.0,0,Contract,80.0,0,1
Resort Hotel,0,131,2017,April,16,16,2,5,2,0.0,0,HB,CHE,Groups,TA/TO,0,0,0,A,A,0,No Deposit,493.0,0,Contract,80.0,0,1
Resort Hotel,0,131,2017,April,16,16,2,5,2,0.0,0,HB,CHE,Groups,TA/TO,0,0,0,A,A,0,No Deposit,493.0,0,Contract,80.0,0,1
Resort Hotel,0,131,2017,April,16,16,2,5,2,0.0,0,HB,DEU,Groups,TA/TO,0,0,0,A,A,1,No Deposit,493.0,0,Contract,80.0,0,0
Resort Hotel,0,138,2017,April,16,17,1,5,2,0.0,0,HB,ESP,Online TA,TA/TO,0,0,0,D,D,0,No Deposit,240.0,0,Transient,105.0,0,2
Resort Hotel,0,85,2017,April,16,19,1,4,2,0.0,0,BB,USA,Direct,Direct,0,0,0,E,E,2,No Deposit,,0,Transient-Party,74.6,0,1
Resort Hotel,0,76,2017,April,16,21,1,2,2,0.0,0,BB,GBR,Online TA,TA/TO,0,0,0,A,F,0,No Deposit,241.0,0,Transient,47.55,0,1
Resort Hotel,0,23,2017,April,16,20,1,3,2,0.0,0,BB,FRA,Groups,Corporate,0,0,0,A,F,2,No Deposit,,0,Transient-Party,95.0,0,0
Resort Hotel,0,84,2017,April,16,18,1,5,2,0.0,0,BB,ITA,Direct,Direct,0,0,0,E,E,0,No Deposit,,0,Transient-Party,74.6,0,3
Resort Hotel,0,84,2017,April,16,18,1,5,2,0.0,0,BB,ITA,Direct,Direct,0,0,0,E,E,0,No Deposit,,0,Transient-Party,74.6,0,1
Resort Hotel,0,84,2017,April,16,18,1,5,2,0.0,0,BB,ITA,Direct,Direct,0,0,0,E,E,0,No Deposit,,0,Transient,74.6,0,0
Resort Hotel,0,168,2017,April,16,19,1,4,2,0.0,0,BB,DEU,Online TA,TA/TO,0,0,0,A,A,0,No Deposit,240.0,0,Transient-Party,62.6,0,1
Resort Hotel,0,168,2017,April,16,19,1,4,2,0.0,0,BB,DEU,Online TA,TA/TO,0,0,0,A,A,0,No Deposit,240.0,0,Transient-Party,60.6,0,1
Resort Hotel,0,168,2017,April,16,19,1,4,2,0.0,0,BB,DEU,Online TA,TA/TO,0,0,0,A,A,2,No Deposit,240.0,0,Transient-Party,60.6,0,1
Resort Hotel,0,47,2017,April,16,17,2,5,2,0.0,0,BB,GBR,Offline TA/TO,TA/TO,0,0,0,D,D,0,No Deposit,40.0,0,Contract,50.85,0,0
Resort Hotel,0,168,2017,April,16,19,1,4,2,0.0,0,BB,DEU,Online TA,TA/TO,0,0,0,A,A,2,No Deposit,240.0,0,Transient-Party,67.6,1,1
Resort Hotel,0,168,2017,April,16,19,1,4,2,0.0,0,BB,DEU,Online TA,TA/TO,0,0,0,A,A,0,No Deposit,240.0,0,Transient-Party,67.6,1,1
Resort Hotel,0,42,2017,April,16,18,1,5,2,0.0,0,BB,PRT,Direct,Direct,0,0,0,D,D,1,No Deposit,,0,Transient,70.0,0,1
Resort Hotel,0,0,2017,April,16,20,1,3,2,0.0,0,BB,USA,Direct,Direct,0,0,0,A,A,1,No Deposit,,0,Transient,74.6,0,0
Resort Hotel,0,108,2017,April,16,20,1,3,2,0.0,0,BB,FRA,Online TA,TA/TO,0,0,0,E,E,0,No Deposit,240.0,0,Transient,93.75,0,2
Resort Hotel,0,64,2017,April,16,21,1,2,2,0.0,0,BB,PRT,Groups,Corporate,0,0,0,A,A,7,No Deposit,,0,Transient-Party,90.0,0,1
Resort Hotel,0,74,2017,April,16,20,2,3,2,0.0,0,HB,GBR,Online TA,TA/TO,0,0,0,A,A,0,No Deposit,242.0,0,Transient,100.0,0,1
Resort Hotel,0,1,2017,April,17,24,1,0,2,0.0,0,BB,PRT,Online TA,TA/TO,0,0,0,A,A,0,No Deposit,240.0,0,Transient,106.0,0,1
Resort Hotel,0,140,2017,April,17,24,1,0,2,0.0,0,BB,CHE,Offline TA/TO,TA/TO,0,0,0,E,E,0,No Deposit,251.0,0,Transient,74.0,0,1
Resort Hotel,0,267,2017,April,16,22,2,1,2,0.0,0,BB,PRT,Online TA,TA/TO,0,0,0,A,E,1,No Deposit,196.0,0,Transient,54.0,0,0
Resort Hotel,0,75,2017,April,16,22,2,1,2,0.0,0,HB,GBR,Offline TA/TO,TA/TO,0,0,0,D,D,0,No Deposit,40.0,0,Contract,78.85,0,0
Resort Hotel,0,63,2017,April,16,18,2,5,2,0.0,0,BB,GBR,Offline TA/TO,TA/TO,0,0,0,A,A,0,No Deposit,40.0,0,Contract,42.95,0,0
Resort Hotel,0,61,2017,April,16,18,2,5,2,0.0,0,BB,PRT,Corporate,Corporate,0,0,0,A,A,2,No Deposit,,0,Transient-Party,90.0,1,1
Resort Hotel,0,212,2017,April,16,20,2,3,2,0.0,0,BB,IRL,Online TA,TA/TO,0,0,0,D,D,0,No Deposit,240.0,0,Transient,67.5,0,1
Resort Hotel,0,4,2017,April,17,24,1,0,2,0.0,0,BB,PRT,Corporate,Corporate,0,0,0,A,E,2,No Deposit,,0,Transient,65.0,0,0
Resort Hotel,0,4,2017,April,17,24,1,0,2,0.0,0,BB,PRT,Corporate,Corporate,0,0,0,A,F,2,No Deposit,,0,Transient,65.0,0,0
Resort Hotel,0,60,2017,April,16,17,3,5,2,0.0,0,BB,PRT,Groups,Corporate,0,0,0,A,A,0,No Deposit,,0,Transient-Party,90.0,0,1
Resort Hotel,0,142,2017,April,16,19,2,5,2,0.0,0,BB,FRA,Online TA,TA/TO,0,0,0,D,D,1,No Deposit,240.0,0,Transient,81.43,0,1
Resort Hotel,0,184,2017,April,16,19,2,5,2,0.0,0,BB,GBR,Online TA,TA/TO,0,0,0,E,E,0,No Deposit,240.0,0,Transient-Party,100.86,1,2
Resort Hotel,0,198,2017,April,16,19,2,5,2,0.0,0,BB,IRL,Online TA,TA/TO,0,0,0,A,C,1,No Deposit,314.0,0,Transient,43.2,0,0
Resort Hotel,0,0,2017,April,17,25,0,1,2,0.0,0,BB,PRT,Direct,Direct,0,0,0,A,A,0,No Deposit,,0,Transient,84.0,0,0
Resort Hotel,0,203,2017,April,17,25,0,2,2,0.0,0,HB,AUT,Groups,TA/TO,0,0,0,A,A,0,No Deposit,502.0,0,Transient-Party,90.0,0,0
Resort Hotel,0,237,2017,April,17,25,0,2,2,0.0,0,HB,AUT,Groups,TA/TO,0,0,0,A,A,0,No Deposit,502.0,34,Transient-Party,90.0,0,0
Resort Hotel,0,204,2017,April,17,25,0,2,2,0.0,0,HB,AUT,Groups,TA/TO,0,0,0,A,D,3,No Deposit,502.0,1,Transient-Party,90.0,0,0
Resort Hotel,0,203,2017,April,17,25,0,2,2,0.0,0,HB,AUT,Groups,TA/TO,0,0,0,A,A,1,No Deposit,502.0,0,Transient-Party,90.0,0,1
Resort Hotel,0,203,2017,April,17,25,0,2,2,0.0,0,HB,AUT,Groups,TA/TO,0,0,0,A,D,1,No Deposit,502.0,0,Transient-Party,90.0,0,0
Resort Hotel,0,203,2017,April,17,25,0,2,2,0.0,0,HB,AUT,Groups,TA/TO,0,0,0,A,E,0,No Deposit,502.0,0,Transient-Party,90.0,0,0
Resort Hotel,0,203,2017,April,17,25,0,2,2,0.0,0,HB,AUT,Groups,TA/TO,0,0,0,A,D,0,No Deposit,502.0,0,Transient-Party,90.0,0,0
Resort Hotel,0,203,2017,April,17,25,0,2,2,0.0,0,HB,AUT,Groups,TA/TO,0,0,0,A,A,1,No Deposit,502.0,0,Transient-Party,90.0,0,0
Resort Hotel,0,203,2017,April,17,25,0,2,2,0.0,0,HB,AUT,Groups,TA/TO,0,0,0,A,A,0,No Deposit,502.0,0,Transient-Party,90.0,0,0
Resort Hotel,0,203,2017,April,17,25,0,2,2,0.0,0,HB,AUT,Groups,TA/TO,0,0,0,A,A,0,No Deposit,502.0,0,Transient-Party,90.0,0,0
Resort Hotel,0,203,2017,April,17,25,0,2,2,0.0,0,HB,AUT,Groups,TA/TO,0,0,0,A,A,0,No Deposit,502.0,0,Transient-Party,90.0,0,0
Resort Hotel,0,203,2017,April,17,25,0,2,2,0.0,0,HB,AUT,Groups,TA/TO,0,0,0,A,D,0,No Deposit,502.0,0,Transient-Party,90.0,0,0
Resort Hotel,0,203,2017,April,17,25,0,2,2,0.0,0,HB,AUT,Groups,TA/TO,0,0,0,A,A,0,No Deposit,502.0,0,Transient-Party,90.0,0,0
Resort Hotel,0,203,2017,April,17,25,0,2,2,0.0,0,HB,AUT,Groups,TA/TO,0,0,0,A,A,0,No Deposit,502.0,0,Transient-Party,90.0,0,0
Resort Hotel,0,203,2017,April,17,25,0,2,2,0.0,0,HB,AUT,Groups,TA/TO,0,0,0,A,D,2,No Deposit,502.0,0,Transient-Party,90.0,0,0
Resort Hotel,0,203,2017,April,17,25,0,2,2,0.0,0,HB,AUT,Groups,TA/TO,0,0,0,A,A,2,No Deposit,502.0,0,Transient-Party,90.0,0,0
Resort Hotel,0,203,2017,April,17,25,0,2,2,0.0,0,HB,AUT,Groups,TA/TO,0,0,0,A,A,2,No Deposit,502.0,0,Transient-Party,90.0,0,0
Resort Hotel,0,109,2017,April,17,25,0,2,2,0.0,0,HB,AUT,Groups,TA/TO,0,0,0,A,D,3,No Deposit,502.0,0,Transient-Party,90.0,0,0
Resort Hotel,0,73,2017,April,16,20,2,5,2,0.0,0,BB,GBR,Offline TA/TO,TA/TO,0,0,0,A,A,0,No Deposit,40.0,0,Contract,42.95,0,3
Resort Hotel,0,12,2017,April,17,23,2,2,2,0.0,0,BB,GBR,Offline TA/TO,TA/TO,0,0,0,A,E,0,No Deposit,40.0,0,Contract,45.5,0,0
Resort Hotel,0,28,2017,April,16,17,3,7,2,0.0,0,BB,GBR,Offline TA/TO,TA/TO,0,0,0,D,D,0,No Deposit,40.0,0,Contract,50.86,0,0
Resort Hotel,0,104,2017,April,17,25,0,2,2,0.0,0,HB,AUT,Online TA,TA/TO,0,0,0,A,D,0,No Deposit,241.0,0,Transient,76.81,0,1
Resort Hotel,0,99,2017,April,17,25,0,2,2,0.0,0,HB,AUT,Online TA,TA/TO,0,0,0,D,E,0,No Deposit,241.0,0,Transient,87.78,0,1
Resort Hotel,0,106,2017,April,17,25,0,2,2,0.0,0,HB,AUT,Online TA,TA/TO,0,0,0,A,D,0,No Deposit,241.0,0,Transient,76.81,0,1
Resort Hotel,0,105,2017,April,17,25,0,2,2,0.0,0,HB,AUT,Online TA,TA/TO,0,0,0,A,D,0,No Deposit,241.0,0,Transient,76.81,0,1
Resort Hotel,0,31,2017,April,16,20,2,5,2,0.0,0,BB,GBR,Offline TA/TO,TA/TO,0,0,0,D,D,0,No Deposit,40.0,0,Contract,54.29,0,0
Resort Hotel,0,92,2017,April,16,20,2,5,2,0.0,0,HB,GBR,Offline TA/TO,TA/TO,0,0,0,D,D,0,No Deposit,40.0,0,Contract,82.85,0,0
Resort Hotel,0,82,2017,April,16,20,2,5,2,0.0,0,BB,GBR,Offline TA/TO,TA/TO,0,0,0,A,A,0,No Deposit,40.0,0,Contract,40.95,0,0
Resort Hotel,0,71,2017,April,16,19,2,6,2,0.0,0,BB,AUS,Direct,Direct,0,0,0,F,F,2,No Deposit,250.0,0,Transient-Party,104.5,0,0
Resort Hotel,0,3,2017,April,17,24,1,2,2,0.0,0,BB,AUS,Direct,Direct,0,0,0,E,E,0,No Deposit,,0,Transient-Party,131.0,0,0
Resort Hotel,0,76,2017,April,17,26,0,1,2,0.0,0,BB,CHE,Offline TA/TO,TA/TO,0,0,0,D,D,0,No Deposit,251.0,0,Transient,62.0,0,1
Resort Hotel,0,195,2017,April,16,20,2,5,2,0.0,0,BB,GBR,Online TA,TA/TO,0,0,0,D,D,0,No Deposit,240.0,0,Transient,73.79,0,1
Resort Hotel,0,6,2017,April,17,23,2,2,2,0.0,0,BB,GBR,Online TA,TA/TO,0,0,0,E,E,0,No Deposit,241.0,0,Transient,103.36,0,1
Resort Hotel,0,12,2017,April,17,25,0,3,2,0.0,0,Undefined,PRT,Direct,Direct,0,0,0,E,E,0,No Deposit,250.0,0,Transient,196.0,1,1
Resort Hotel,0,93,2017,April,16,22,2,4,2,0.0,0,HB,GBR,Offline TA/TO,TA/TO,0,0,0,D,E,0,No Deposit,40.0,0,Contract,92.85,0,0
Resort Hotel,0,85,2017,April,17,23,2,3,2,0.0,0,FB,GBR,Offline TA/TO,TA/TO,0,0,0,A,E,0,No Deposit,40.0,0,Contract,90.95,0,0
Resort Hotel,0,222,2017,April,16,22,2,4,2,0.0,0,HB,BEL,Online TA,TA/TO,0,0,0,E,E,0,No Deposit,240.0,0,Transient,116.8,1,1
Resort Hotel,0,24,2017,April,17,26,0,2,2,0.0,0,HB,GBR,Online TA,TA/TO,0,0,0,E,E,0,No Deposit,241.0,0,Transient,117.6,0,1
Resort Hotel,0,0,2017,April,17,27,0,1,2,0.0,0,BB,FRA,Online TA,TA/TO,0,0,0,E,E,0,No Deposit,240.0,0,Transient,104.75,1,1
Resort Hotel,0,0,2017,April,17,24,1,3,2,0.0,0,BB,PRT,Direct,Direct,0,0,0,G,G,1,No Deposit,,0,Transient,188.0,1,0
Resort Hotel,0,3,2017,April,17,27,0,2,2,0.0,0,BB,FRA,Direct,Direct,0,0,0,E,E,0,No Deposit,250.0,0,Transient,138.0,1,0
Resort Hotel,0,106,2017,April,16,19,2,8,2,0.0,0,BB,GBR,Online TA,TA/TO,0,0,0,D,D,0,No Deposit,240.0,0,Transient,86.0,0,0
Resort Hotel,0,31,2017,April,17,23,2,4,2,0.0,0,HB,DEU,Groups,TA/TO,0,0,0,A,A,0,No Deposit,298.0,0,Transient-Party,93.0,0,0
Resort Hotel,0,23,2017,April,16,22,2,5,2,0.0,0,Undefined,SWE,Groups,TA/TO,0,0,0,D,D,0,No Deposit,527.0,0,Transient-Party,116.0,0,1
Resort Hotel,0,31,2017,April,17,23,2,4,2,0.0,0,HB,DEU,Groups,TA/TO,0,0,0,A,A,0,No Deposit,298.0,0,Transient-Party,93.0,0,0
Resort Hotel,0,6,2017,April,17,28,0,1,2,0.0,0,HB,ESP,Online TA,TA/TO,0,0,0,D,I,0,No Deposit,240.0,0,Transient,160.0,1,1
Resort Hotel,0,7,2017,April,17,29,2,1,2,0.0,0,BB,ESP,Online TA,TA/TO,0,0,0,D,D,0,No Deposit,240.0,0,Transient,122.67,1,1
Resort Hotel,0,31,2017,April,17,23,2,4,2,0.0,0,HB,DEU,Groups,TA/TO,0,0,0,A,H,0,No Deposit,298.0,0,Transient-Party,93.0,0,0
Resort Hotel,0,31,2017,April,17,23,2,4,2,0.0,0,HB,DEU,Groups,TA/TO,0,0,0,A,A,0,No Deposit,298.0,0,Transient-Party,93.0,0,0
Resort Hotel,0,31,2017,April,17,23,2,4,2,0.0,0,HB,DEU,Groups,TA/TO,0,0,0,A,A,0,No Deposit,298.0,0,Transient-Party,93.0,0,0
Resort Hotel,0,31,2017,April,17,23,2,4,2,0.0,0,HB,DEU,Groups,TA/TO,0,0,0,A,A,0,No Deposit,298.0,0,Transient-Party,95.0,0,0
Resort Hotel,0,31,2017,April,17,23,2,4,2,0.0,0,HB,DEU,Groups,TA/TO,0,0,0,A,C,0,No Deposit,298.0,0,Transient-Party,93.0,0,0
Resort Hotel,0,31,2017,April,17,23,2,4,2,0.0,0,HB,DEU,Groups,TA/TO,0,0,0,A,A,0,No Deposit,298.0,0,Transient-Party,93.0,0,0
Resort Hotel,0,31,2017,April,17,23,2,4,2,0.0,0,HB,DEU,Groups,TA/TO,0,0,0,A,A,0,No Deposit,298.0,0,Transient-Party,93.0,0,0
Resort Hotel,0,6,2017,April,17,28,0,1,2,0.0,0,HB,ESP,Online TA,TA/TO,0,0,0,D,I,0,No Deposit,240.0,0,Transient,153.0,0,1
Resort Hotel,0,7,2017,April,17,29,2,1,2,0.0,0,BB,ESP,Online TA,TA/TO,0,0,0,D,D,0,No Deposit,240.0,0,Transient,115.67,0,1
Resort Hotel,0,185,2017,April,17,23,2,4,2,0.0,0,HB,DEU,Groups,TA/TO,0,0,0,E,F,3,No Deposit,298.0,154,Transient-Party,93.0,0,0
Resort Hotel,0,31,2017,April,17,23,2,4,2,0.0,0,HB,DEU,Groups,TA/TO,0,0,0,A,A,0,No Deposit,298.0,0,Transient-Party,93.0,0,0
Resort Hotel,0,158,2017,April,17,27,0,2,2,0.0,0,BB,FRA,Direct,Direct,0,0,0,E,E,0,No Deposit,250.0,0,Transient,94.5,0,0
Resort Hotel,0,31,2017,April,17,23,2,4,2,0.0,0,HB,DEU,Groups,TA/TO,0,0,0,A,A,0,No Deposit,298.0,0,Transient-Party,93.0,0,0
Resort Hotel,0,44,2017,April,17,28,0,1,2,0.0,0,BB,CN,Online TA,TA/TO,0,0,0,E,G,0,No Deposit,241.0,0,Transient,92.0,0,1
Resort Hotel,0,1,2017,April,17,28,0,1,2,0.0,0,BB,PRT,Offline TA/TO,TA/TO,0,0,0,A,A,1,No Deposit,330.0,0,Transient-Party,50.0,0,1
Resort Hotel,0,1,2017,April,17,28,0,1,2,0.0,0,BB,PRT,Offline TA/TO,TA/TO,0,0,0,A,A,0,No Deposit,330.0,0,Transient-Party,50.0,0,1
Resort Hotel,0,36,2017,April,17,27,0,2,2,0.0,0,BB,ESP,Online TA,TA/TO,0,0,0,G,F,1,No Deposit,240.0,0,Transient,172.0,1,0
Resort Hotel,0,276,2017,April,16,22,2,5,2,0.0,0,Undefined,SWE,Groups,TA/TO,0,0,0,A,F,0,No Deposit,527.0,0,Transient-Party,125.43,0,0
Resort Hotel,0,23,2017,April,16,22,2,5,2,0.0,0,Undefined,SWE,Groups,TA/TO,0,0,0,D,D,0,No Deposit,527.0,0,Transient-Party,116.0,0,1
Resort Hotel,0,23,2017,April,16,22,2,5,2,0.0,0,Undefined,SWE,Groups,TA/TO,0,0,0,D,D,0,No Deposit,527.0,0,Transient-Party,117.71,0,1
Resort Hotel,0,252,2017,April,16,22,2,5,2,0.0,0,BB,GBR,Groups,TA/TO,0,0,0,D,D,2,No Deposit,273.0,0,Transient-Party,76.8,0,0
Resort Hotel,0,252,2017,April,16,22,2,5,2,0.0,0,BB,GBR,Groups,TA/TO,0,0,0,D,D,4,No Deposit,273.0,0,Transient-Party,76.8,0,0
Resort Hotel,0,252,2017,April,16,22,2,5,2,0.0,0,BB,GBR,Groups,TA/TO,0,0,0,A,A,5,No Deposit,273.0,0,Transient-Party,65.1,0,0
Resort Hotel,0,239,2017,April,16,22,2,5,2,0.0,0,Undefined,SWE,Groups,TA/TO,0,0,0,A,D,0,No Deposit,527.0,0,Transient-Party,104.0,0,0
Resort Hotel,0,0,2017,May,19,8,0,0,2,0.0,0,BB,PRT,Direct,Direct,1,0,0,E,E,0,No Deposit,,0,Transient,0.0,0,0
Resort Hotel,0,0,2017,May,19,8,0,0,2,0.0,0,BB,PRT,Direct,Direct,1,0,0,G,G,0,No Deposit,,0,Transient,0.0,0,0
Resort Hotel,0,0,2017,May,19,8,0,0,2,0.0,0,BB,PRT,Direct,Direct,1,0,0,G,G,0,No Deposit,,0,Transient,0.0,0,0
Resort Hotel,0,252,2017,April,16,22,2,5,2,0.0,0,BB,GBR,Groups,TA/TO,0,0,0,D,D,2,No Deposit,273.0,0,Transient-Party,75.09,0,0
Resort Hotel,0,252,2017,April,16,22,2,5,2,0.0,0,BB,GBR,Groups,TA/TO,0,0,0,D,D,2,No Deposit,273.0,0,Transient-Party,76.8,0,0
Resort Hotel,0,276,2017,April,16,22,2,5,2,0.0,0,Undefined,SWE,Groups,TA/TO,0,0,0,A,F,0,No Deposit,527.0,0,Transient-Party,125.43,0,0
Resort Hotel,0,0,2017,April,17,27,0,2,2,0.0,0,BB,PRT,Direct,Direct,0,0,0,A,A,0,No Deposit,,0,Transient,95.0,0,0
Resort Hotel,0,252,2017,April,16,22,2,5,2,0.0,0,BB,GBR,Groups,TA/TO,0,0,0,D,D,4,No Deposit,273.0,0,Transient-Party,76.8,0,0
Resort Hotel,0,252,2017,April,16,22,2,5,2,0.0,0,BB,PRT,Groups,TA/TO,0,0,0,D,D,2,No Deposit,273.0,0,Transient-Party,76.8,0,0
Resort Hotel,0,234,2017,April,16,22,2,5,2,0.0,0,Undefined,SWE,Groups,TA/TO,0,0,0,A,D,0,No Deposit,527.0,0,Transient-Party,104.0,0,0
Resort Hotel,0,252,2017,April,16,22,2,5,2,0.0,0,BB,GBR,Groups,TA/TO,0,0,0,D,D,2,No Deposit,273.0,0,Transient-Party,76.8,0,0
Resort Hotel,0,252,2017,April,16,22,2,5,2,0.0,0,BB,GBR,Groups,TA/TO,0,0,0,D,D,2,No Deposit,273.0,0,Transient-Party,76.8,0,0
Resort Hotel,0,208,2017,April,16,22,2,5,2,0.0,0,BB,IRL,Direct,Direct,0,0,0,E,E,0,No Deposit,250.0,0,Transient,73.28,0,1
Resort Hotel,0,252,2017,April,16,22,2,5,2,0.0,0,BB,GBR,Groups,TA/TO,0,0,0,D,D,2,No Deposit,273.0,0,Transient,75.09,0,0
Resort Hotel,0,185,2017,April,17,23,2,4,2,0.0,0,HB,DEU,Groups,TA/TO,0,0,0,A,C,1,No Deposit,298.0,154,Transient-Party,46.5,0,0
Resort Hotel,0,252,2017,April,16,22,2,5,2,0.0,0,BB,GBR,Groups,TA/TO,0,0,0,D,D,3,No Deposit,273.0,0,Transient-Party,76.8,0,0
Resort Hotel,0,234,2017,April,16,22,2,5,2,0.0,0,Undefined,SWE,Groups,TA/TO,0,0,0,A,C,0,No Deposit,527.0,0,Transient-Party,104.0,0,0
Resort Hotel,0,252,2017,April,16,22,2,5,2,0.0,0,BB,GBR,Groups,TA/TO,0,0,0,D,D,2,No Deposit,273.0,0,Transient-Party,76.8,0,0
Resort Hotel,0,252,2017,April,16,22,2,5,2,0.0,0,BB,GBR,Groups,TA/TO,0,0,0,A,A,5,No Deposit,273.0,0,Transient-Party,65.1,0,0
Resort Hotel,0,234,2017,April,16,22,2,5,2,0.0,0,Undefined,SWE,Groups,TA/TO,0,0,0,A,D,0,No Deposit,527.0,0,Transient-Party,104.0,0,1
Resort Hotel,0,276,2017,April,16,22,2,5,2,0.0,0,Undefined,SWE,Groups,TA/TO,0,0,0,A,F,0,No Deposit,527.0,0,Transient-Party,125.43,0,0
Resort Hotel,0,252,2017,April,16,22,2,5,2,0.0,0,BB,GBR,Groups,TA/TO,0,0,0,D,D,2,No Deposit,273.0,0,Transient-Party,75.09,0,0
Resort Hotel,0,276,2017,April,16,22,2,5,2,0.0,0,Undefined,SWE,Groups,TA/TO,0,0,0,A,A,0,No Deposit,527.0,0,Transient-Party,104.0,0,0
Resort Hotel,0,239,2017,April,16,22,2,5,2,0.0,0,Undefined,SWE,Groups,TA/TO,0,0,0,A,C,0,No Deposit,527.0,0,Transient-Party,104.0,0,0
Resort Hotel,0,234,2017,April,16,22,2,5,2,0.0,0,Undefined,SWE,Groups,TA/TO,0,0,0,D,D,0,No Deposit,527.0,0,Transient-Party,116.0,0,0
Resort Hotel,0,0,2017,April,17,28,0,1,2,0.0,0,BB,PRT,Direct,Direct,0,0,0,B,B,0,No Deposit,,0,Transient,110.0,0,0
Resort Hotel,0,252,2017,April,16,22,2,5,2,0.0,0,BB,GBR,Groups,TA/TO,0,0,0,D,D,2,No Deposit,273.0,0,Transient-Party,76.8,0,0
Resort Hotel,0,23,2017,April,16,22,2,5,2,0.0,0,Undefined,SWE,Groups,TA/TO,0,0,0,A,C,0,No Deposit,527.0,0,Transient-Party,104.0,0,0
Resort Hotel,0,0,2017,April,17,28,0,1,2,0.0,0,BB,JAM,Online TA,TA/TO,0,0,0,A,A,0,No Deposit,240.0,0,Transient,115.0,1,1
Resort Hotel,0,106,2017,April,16,22,2,5,2,0.0,0,BB,IRL,Direct,Direct,0,0,0,F,F,0,No Deposit,250.0,0,Transient,103.57,0,1
Resort Hotel,0,276,2017,April,16,22,2,5,2,0.0,0,Undefined,SWE,Groups,TA/TO,0,0,0,A,A,0,No Deposit,527.0,0,Transient-Party,104.0,0,1
Resort Hotel,0,276,2017,April,16,22,2,5,2,0.0,0,Undefined,SWE,Groups,TA/TO,0,0,0,A,A,0,No Deposit,527.0,0,Transient-Party,104.0,0,1
Resort Hotel,0,281,2017,April,16,22,2,5,2,0.0,0,Undefined,FIN,Groups,TA/TO,0,0,0,D,D,0,No Deposit,527.0,5,Transient-Party,116.0,0,0
Resort Hotel,0,276,2017,April,16,22,2,5,2,0.0,0,Undefined,SWE,Groups,TA/TO,0,0,0,A,A,0,No Deposit,527.0,0,Transient-Party,104.0,0,0
Resort Hotel,0,276,2017,April,16,22,2,5,2,0.0,0,Undefined,SWE,Groups,TA/TO,0,0,0,A,A,0,No Deposit,527.0,0,Transient-Party,104.0,0,0
Resort Hotel,0,208,2017,April,16,22,2,5,2,0.0,0,BB,IRL,Direct,Direct,0,0,0,E,E,0,No Deposit,250.0,0,Transient,73.28,0,2
Resort Hotel,0,23,2017,April,16,22,2,5,2,0.0,0,Undefined,SWE,Groups,TA/TO,0,0,0,D,D,0,No Deposit,527.0,0,Transient-Party,116.0,0,1
Resort Hotel,0,290,2017,April,16,22,2,5,2,0.0,0,Undefined,SWE,Groups,TA/TO,0,0,0,A,A,0,No Deposit,527.0,14,Transient-Party,105.71,0,0
Resort Hotel,0,38,2017,April,16,22,2,5,2,0.0,0,BB,GBR,Offline TA/TO,TA/TO,0,0,0,D,D,0,No Deposit,40.0,0,Contract,52.85,0,0
Resort Hotel,0,253,2017,April,17,26,0,4,2,0.0,0,BB,PRT,Online TA,TA/TO,0,0,0,A,C,3,No Deposit,240.0,0,Transient,62.5,1,1
Resort Hotel,0,317,2017,April,17,23,2,5,2,0.0,0,HB,GBR,Groups,TA/TO,0,0,0,D,E,1,No Deposit,273.0,64,Transient-Party,78.94,0,0
Resort Hotel,0,253,2017,April,17,23,2,5,2,0.0,0,HB,GBR,Groups,TA/TO,0,0,0,D,D,1,No Deposit,273.0,0,Transient-Party,80.94,0,0
Resort Hotel,0,253,2017,April,17,23,2,5,2,0.0,0,HB,BRA,Groups,TA/TO,0,0,0,D,D,1,No Deposit,273.0,0,Transient-Party,80.66,0,0
Resort Hotel,0,253,2017,April,17,23,2,5,2,0.0,0,HB,GBR,Groups,TA/TO,0,0,0,D,D,1,No Deposit,273.0,0,Transient-Party,80.94,0,0
Resort Hotel,0,253,2017,April,17,23,2,5,2,0.0,0,HB,GBR,Groups,TA/TO,0,0,0,D,D,1,No Deposit,273.0,0,Transient-Party,80.94,0,0
Resort Hotel,0,253,2017,April,17,23,2,5,2,0.0,0,HB,GBR,Groups,TA/TO,0,0,0,D,E,1,No Deposit,273.0,0,Transient-Party,78.94,0,0
Resort Hotel,0,317,2017,April,17,23,2,5,2,0.0,0,HB,GBR,Groups,TA/TO,0,0,0,D,D,1,No Deposit,273.0,64,Transient-Party,78.94,0,0
Resort Hotel,0,317,2017,April,17,23,2,5,2,0.0,0,HB,GBR,Groups,TA/TO,0,0,0,D,D,1,No Deposit,273.0,64,Transient-Party,80.94,0,0
Resort Hotel,0,8,2017,April,17,27,0,3,2,0.0,0,BB,GBR,Online TA,TA/TO,0,0,0,A,A,0,No Deposit,240.0,0,Transient-Party,113.0,1,1
Resort Hotel,0,144,2017,April,17,29,0,1,2,0.0,0,BB,CHE,Offline TA/TO,TA/TO,0,0,0,D,D,0,No Deposit,251.0,0,Transient,62.0,0,0
Resort Hotel,0,94,2017,April,17,23,2,5,2,0.0,0,HB,GBR,Offline TA/TO,TA/TO,0,0,0,A,C,0,No Deposit,40.0,0,Contract,70.95,0,0
Resort Hotel,0,82,2017,April,17,23,2,5,2,0.0,0,BB,GBR,Offline TA/TO,TA/TO,0,0,0,D,E,0,No Deposit,40.0,0,Contract,52.85,0,0
Resort Hotel,0,15,2017,April,17,29,0,1,2,0.0,0,BB,PRT,Direct,Direct,0,0,0,A,A,2,No Deposit,250.0,0,Transient,95.0,0,0
Resort Hotel,0,31,2017,April,17,27,0,3,2,0.0,0,BB,IRL,Direct,Direct,0,0,0,A,A,0,No Deposit,250.0,0,Transient,80.0,0,1
Resort Hotel,0,2,2017,April,17,29,0,1,2,0.0,0,BB,PRT,Online TA,TA/TO,0,0,0,A,D,0,No Deposit,240.0,0,Transient,115.0,0,1
Resort Hotel,0,3,2017,May,20,15,1,0,2,0.0,0,BB,PRT,Online TA,TA/TO,1,0,1,A,A,0,No Deposit,240.0,0,Transient,60.0,0,1
Resort Hotel,0,83,2017,April,17,29,0,1,2,0.0,0,BB,FRA,Online TA,TA/TO,0,0,0,A,D,0,No Deposit,240.0,0,Transient,75.0,0,1
Resort Hotel,0,157,2017,April,17,27,0,3,2,0.0,0,BB,NOR,Online TA,TA/TO,0,0,0,A,A,2,No Deposit,240.0,0,Transient,78.33,0,2
Resort Hotel,0,6,2017,April,17,29,0,1,2,0.0,0,HB,ESP,Online TA,TA/TO,0,0,0,A,A,0,No Deposit,240.0,0,Transient,138.0,0,1
Resort Hotel,0,28,2017,April,17,26,0,4,2,0.0,0,BB,FRA,Online TA,TA/TO,0,0,0,G,G,1,No Deposit,240.0,0,Transient-Party,165.0,1,0
Resort Hotel,0,16,2017,April,17,29,0,1,2,0.0,0,BB,IRL,Online TA,TA/TO,0,0,0,A,C,0,No Deposit,242.0,0,Transient,103.0,1,1
Resort Hotel,0,23,2017,April,18,30,2,0,2,0.0,0,BB,IRL,Online TA,TA/TO,0,0,0,D,I,0,No Deposit,240.0,0,Group,109.0,1,1
Resort Hotel,0,19,2017,May,18,2,0,2,2,0.0,0,BB,IRL,Online TA,TA/TO,0,0,1,A,D,0,No Deposit,242.0,0,Transient,108.0,1,1
Resort Hotel,0,105,2017,April,17,27,0,3,2,0.0,0,BB,ESP,Online TA,TA/TO,0,0,0,E,E,0,No Deposit,240.0,0,Transient,108.33,0,1
Resort Hotel,0,68,2017,April,17,23,2,5,2,0.0,0,HB,GBR,Offline TA/TO,TA/TO,0,0,0,A,A,0,No Deposit,40.0,0,Contract,68.95,0,0
Resort Hotel,0,5,2017,April,17,27,0,3,2,0.0,0,BB,GBR,Online TA,TA/TO,0,0,0,D,D,0,No Deposit,241.0,0,Transient,93.29,0,1
Resort Hotel,0,5,2017,April,17,29,0,1,2,0.0,0,BB,PRT,Direct,Direct,0,0,0,A,A,0,No Deposit,250.0,0,Transient,107.0,0,1
Resort Hotel,0,9,2017,April,17,24,1,5,2,0.0,0,BB,ISR,Online TA,TA/TO,0,0,0,A,A,0,No Deposit,240.0,0,Transient,103.67,0,1
Resort Hotel,0,1,2017,April,17,29,0,1,2,0.0,0,BB,USA,Direct,Direct,0,0,0,E,E,0,No Deposit,250.0,0,Transient,107.0,1,0
Resort Hotel,0,30,2017,April,17,27,0,3,2,0.0,0,BB,FRA,Online TA,TA/TO,0,0,0,A,A,0,No Deposit,240.0,0,Transient-Party,92.0,1,0
Resort Hotel,0,132,2017,April,17,23,2,5,2,0.0,0,BB,GBR,Offline TA/TO,TA/TO,0,0,0,A,C,0,No Deposit,40.0,0,Contract,42.65,0,0
Resort Hotel,0,0,2017,April,17,29,0,1,2,0.0,0,HB,ESP,Online TA,TA/TO,0,0,0,G,G,0,No Deposit,241.0,0,Transient,169.4,1,2
Resort Hotel,0,9,2017,April,17,29,0,1,2,0.0,0,BB,ESP,Direct,Direct,0,0,0,E,E,0,No Deposit,250.0,0,Transient,131.0,1,0
Resort Hotel,0,51,2017,April,17,24,2,5,2,0.0,0,BB,CN,Offline TA/TO,TA/TO,0,0,0,E,E,0,No Deposit,96.0,0,Transient,73.71,0,1
Resort Hotel,0,27,2017,April,16,20,3,8,2,0.0,0,BB,GBR,Offline TA/TO,TA/TO,0,0,0,D,D,0,No Deposit,40.0,0,Contract,50.85,0,0
Resort Hotel,0,43,2017,April,17,29,1,1,2,0.0,0,BB,PRT,Direct,Direct,0,0,0,A,D,0,No Deposit,,0,Transient,82.0,1,2
Resort Hotel,0,6,2017,April,17,29,1,1,2,0.0,0,BB,ESP,Online TA,TA/TO,0,0,0,D,D,0,No Deposit,240.0,0,Transient,128.0,1,1
Resort Hotel,0,97,2017,April,17,29,1,1,2,0.0,0,Undefined,ESP,Online TA,TA/TO,0,0,0,A,C,1,No Deposit,314.0,0,Transient,115.2,0,1
Resort Hotel,0,24,2017,April,18,30,1,0,2,0.0,0,BB,FIN,Online TA,TA/TO,0,0,0,D,D,0,No Deposit,240.0,0,Transient,100.0,0,1
Resort Hotel,0,110,2017,April,17,29,1,1,2,0.0,0,HB,ESP,Online TA,TA/TO,0,0,0,A,A,0,No Deposit,240.0,0,Transient,115.0,0,1
Resort Hotel,0,24,2017,April,18,30,1,0,2,0.0,0,BB,FIN,Online TA,TA/TO,0,0,0,D,D,0,No Deposit,240.0,0,Transient,100.0,0,1
Resort Hotel,0,6,2017,April,17,27,1,3,2,0.0,0,BB,ESP,Online TA,TA/TO,0,0,0,A,A,0,No Deposit,240.0,0,Transient,106.0,0,0
Resort Hotel,0,58,2017,April,17,29,1,1,2,0.0,0,BB,DEU,Direct,Direct,0,0,0,F,F,0,No Deposit,250.0,0,Transient-Party,127.0,0,0
Resort Hotel,0,58,2017,April,17,29,1,1,2,0.0,0,BB,DEU,Direct,Direct,0,0,0,F,F,0,No Deposit,250.0,0,Transient-Party,120.0,0,0
Resort Hotel,0,4,2017,April,17,29,1,1,2,0.0,0,HB,ESP,Online TA,TA/TO,0,0,0,A,A,0,No Deposit,240.0,0,Transient,147.0,0,1
Resort Hotel,0,16,2017,April,17,24,2,5,2,0.0,0,BB,GBR,Offline TA/TO,TA/TO,0,0,0,D,E,0,No Deposit,40.0,0,Contract,58.5,0,1
Resort Hotel,0,75,2017,April,17,29,1,1,2,0.0,0,BB,ESP,Online TA,TA/TO,0,0,0,A,D,0,No Deposit,240.0,0,Transient,82.0,1,1
Resort Hotel,0,76,2017,April,17,29,1,1,2,0.0,0,BB,ESP,Online TA,TA/TO,0,0,0,A,D,0,No Deposit,240.0,0,Transient-Party,75.0,0,1
Resort Hotel,0,76,2017,April,17,29,1,1,2,0.0,0,BB,ESP,Online TA,TA/TO,0,0,0,A,D,0,No Deposit,240.0,0,Transient-Party,82.0,0,1
Resort Hotel,0,2,2017,April,18,30,1,0,2,0.0,0,BB,BRA,Online TA,TA/TO,0,0,0,D,D,0,No Deposit,240.0,0,Transient,90.0,0,1
Resort Hotel,0,3,2017,April,17,28,1,2,2,0.0,0,Undefined,PRT,Complementary,Direct,0,0,0,D,D,0,No Deposit,,0,Transient,0.0,1,2
Resort Hotel,0,52,2017,April,17,29,1,1,2,0.0,0,BB,ESP,Online TA,TA/TO,0,0,0,A,A,0,No Deposit,240.0,0,Transient,92.0,1,1
Resort Hotel,0,96,2017,April,17,29,1,1,2,0.0,0,BB,PRT,Direct,Direct,0,0,0,A,C,0,No Deposit,250.0,0,Transient,76.5,0,0
Resort Hotel,0,96,2017,April,17,29,1,1,2,0.0,0,BB,PRT,Direct,Direct,0,0,0,A,C,3,No Deposit,250.0,0,Transient,76.5,0,0
Resort Hotel,0,14,2017,April,17,29,1,1,2,0.0,0,BB,PRT,Online TA,TA/TO,0,0,0,A,D,0,No Deposit,240.0,0,Transient,103.0,1,0
Resort Hotel,0,1,2017,April,18,30,1,0,2,0.0,0,BB,PRT,Online TA,TA/TO,0,0,0,E,E,0,No Deposit,240.0,0,Transient,112.0,1,1
Resort Hotel,0,10,2017,April,17,29,1,1,2,0.0,0,BB,ESP,Online TA,TA/TO,0,0,0,D,D,0,No Deposit,240.0,0,Transient,121.0,0,1
Resort Hotel,0,47,2017,April,17,29,1,1,2,0.0,0,BB,PRT,Offline TA/TO,TA/TO,0,0,0,D,D,0,No Deposit,171.0,0,Transient,67.0,1,0
Resort Hotel,0,2,2017,April,17,29,1,1,2,0.0,0,BB,PRT,Online TA,TA/TO,0,0,0,A,A,0,No Deposit,240.0,0,Transient,122.0,0,2
Resort Hotel,0,9,2017,April,17,29,1,1,2,0.0,0,HB,PRT,Online TA,TA/TO,0,0,0,A,G,0,No Deposit,240.0,0,Transient,138.0,0,1
Resort Hotel,0,27,2017,April,17,29,1,1,2,0.0,0,HB,ESP,Online TA,TA/TO,0,0,0,E,F,0,No Deposit,240.0,0,Transient,172.5,1,1
Resort Hotel,0,11,2017,April,17,28,1,2,2,0.0,0,BB,ESP,Online TA,TA/TO,0,0,0,D,D,0,No Deposit,240.0,0,Transient,121.0,0,1
Resort Hotel,0,221,2017,April,17,28,1,2,2,0.0,0,BB,COL,Online TA,TA/TO,0,0,0,A,A,0,No Deposit,241.0,0,Transient,41.58,0,1
Resort Hotel,0,5,2017,April,17,29,1,1,2,0.0,0,BB,BRA,Online TA,TA/TO,0,0,0,A,A,0,No Deposit,240.0,0,Transient-Party,113.0,1,1
Resort Hotel,0,0,2017,April,17,28,1,2,2,0.0,0,FB,PRT,Offline TA/TO,TA/TO,0,0,0,A,A,0,No Deposit,6.0,0,Transient,88.2,0,0
Resort Hotel,0,259,2017,June,26,29,0,3,2,0.0,0,FB,PRT,Offline TA/TO,TA/TO,0,0,1,A,A,0,No Deposit,6.0,0,Transient,119.7,0,2
Resort Hotel,0,27,2017,April,17,29,1,1,2,0.0,0,HB,ESP,Online TA,TA/TO,0,0,0,E,F,0,No Deposit,240.0,0,Transient,147.0,0,1
Resort Hotel,0,0,2017,April,17,29,1,1,2,0.0,0,BB,POL,Online TA,TA/TO,0,0,0,A,A,0,No Deposit,240.0,0,Transient,82.0,0,1
Resort Hotel,0,5,2017,April,17,29,1,1,2,0.0,0,BB,BRA,Online TA,TA/TO,0,0,0,A,A,0,No Deposit,240.0,0,Transient-Party,106.0,0,1
Resort Hotel,0,1,2017,April,17,29,1,1,2,0.0,0,BB,PRT,Online TA,TA/TO,0,0,0,A,A,2,No Deposit,240.0,0,Transient,116.0,0,1
Resort Hotel,0,12,2017,April,17,27,1,3,2,0.0,0,BB,ESP,Online TA,TA/TO,0,0,0,D,D,0,No Deposit,240.0,0,Transient,118.0,1,1
Resort Hotel,0,26,2017,April,17,28,1,2,2,0.0,0,BB,ESP,Online TA,TA/TO,0,0,0,E,E,0,No Deposit,240.0,0,Transient,122.0,1,1
Resort Hotel,0,0,2017,April,18,30,1,0,2,0.0,0,BB,PRT,Online TA,TA/TO,0,0,0,E,E,0,No Deposit,240.0,0,Transient,105.0,0,1
Resort Hotel,0,1,2017,May,18,2,0,0,2,0.0,0,BB,ESP,Online TA,TA/TO,1,0,0,A,A,0,No Deposit,240.0,0,Transient,0.0,0,0
Resort Hotel,0,46,2017,April,17,28,2,2,2,0.0,0,BB,GBR,Online TA,TA/TO,0,0,0,E,E,0,No Deposit,240.0,0,Transient-Party,117.0,0,0
Resort Hotel,0,46,2017,April,17,28,2,2,2,0.0,0,BB,GBR,Online TA,TA/TO,0,0,0,E,E,0,No Deposit,240.0,0,Transient-Party,115.0,0,0
Resort Hotel,0,88,2017,April,17,29,2,1,2,0.0,0,HB,GBR,Offline TA/TO,TA/TO,0,0,0,A,C,0,No Deposit,171.0,0,Transient,68.4,0,0
Resort Hotel,0,204,2017,April,17,28,2,2,2,0.0,0,BB,GBR,Online TA,TA/TO,0,0,0,E,E,0,No Deposit,240.0,0,Transient-Party,83.0,0,2
Resort Hotel,0,204,2017,April,17,28,2,2,2,0.0,0,BB,GBR,Online TA,TA/TO,0,0,0,E,E,0,No Deposit,240.0,0,Transient-Party,83.0,0,2
Resort Hotel,0,111,2017,April,17,28,2,2,2,0.0,0,BB,GBR,Online TA,TA/TO,0,0,0,D,D,0,No Deposit,242.0,0,Transient,97.5,0,1
Resort Hotel,0,204,2017,April,17,28,2,2,2,0.0,0,BB,GBR,Online TA,TA/TO,0,0,0,E,E,0,No Deposit,240.0,0,Transient-Party,81.0,0,2
Resort Hotel,0,100,2017,April,17,29,2,1,2,0.0,0,Undefined,PRT,Groups,TA/TO,0,0,0,A,A,0,No Deposit,385.0,0,Transient-Party,83.0,0,1
Resort Hotel,0,100,2017,April,17,29,2,1,2,0.0,0,Undefined,PRT,Groups,TA/TO,0,0,0,A,A,0,No Deposit,385.0,0,Transient-Party,83.0,0,1
Resort Hotel,0,100,2017,April,17,29,2,1,2,0.0,0,Undefined,PRT,Groups,TA/TO,0,0,0,A,A,0,No Deposit,385.0,0,Transient-Party,83.0,0,1
Resort Hotel,0,100,2017,April,17,29,2,1,2,0.0,0,Undefined,PRT,Groups,TA/TO,0,0,0,A,A,0,No Deposit,385.0,0,Transient-Party,83.0,0,1
Resort Hotel,0,100,2017,April,17,29,2,1,2,0.0,0,Undefined,PRT,Groups,TA/TO,0,0,0,D,D,0,No Deposit,385.0,0,Transient-Party,93.0,0,1
Resort Hotel,0,100,2017,April,17,29,2,1,2,0.0,0,Undefined,PRT,Groups,TA/TO,0,0,0,A,A,0,No Deposit,385.0,0,Transient-Party,83.0,0,1
Resort Hotel,0,100,2017,April,17,29,2,1,2,0.0,0,Undefined,PRT,Groups,TA/TO,0,0,0,A,A,0,No Deposit,385.0,0,Transient-Party,83.0,0,1
Resort Hotel,0,100,2017,April,17,29,2,1,2,0.0,0,Undefined,PRT,Groups,TA/TO,0,0,0,A,A,0,No Deposit,385.0,0,Transient-Party,83.0,0,1
Resort Hotel,0,100,2017,April,17,29,2,1,2,0.0,0,Undefined,PRT,Groups,TA/TO,0,0,0,D,D,0,No Deposit,385.0,0,Transient-Party,93.0,0,0
Resort Hotel,0,100,2017,April,17,29,2,1,2,0.0,0,Undefined,PRT,Groups,TA/TO,0,0,0,A,A,0,No Deposit,385.0,0,Transient-Party,83.0,0,1
Resort Hotel,0,100,2017,April,17,29,2,1,2,0.0,0,Undefined,PRT,Groups,TA/TO,0,0,0,A,A,0,No Deposit,385.0,0,Transient-Party,83.0,0,1
Resort Hotel,0,100,2017,April,17,29,2,1,2,0.0,0,Undefined,PRT,Groups,TA/TO,0,0,0,A,A,0,No Deposit,385.0,0,Transient-Party,83.0,0,1
Resort Hotel,0,100,2017,April,17,29,2,1,2,0.0,0,Undefined,PRT,Groups,TA/TO,0,0,0,D,D,0,No Deposit,385.0,0,Transient-Party,93.0,0,1
Resort Hotel,0,100,2017,April,17,29,2,1,2,0.0,0,Undefined,PRT,Groups,TA/TO,0,0,0,A,A,0,No Deposit,385.0,0,Transient-Party,83.0,0,1
Resort Hotel,0,100,2017,April,17,29,2,1,2,0.0,0,Undefined,PRT,Groups,TA/TO,0,0,0,A,A,0,No Deposit,385.0,0,Transient-Party,83.0,0,1
Resort Hotel,0,100,2017,April,17,29,2,1,2,0.0,0,Undefined,PRT,Groups,TA/TO,0,0,0,A,A,0,No Deposit,385.0,0,Transient-Party,83.0,0,1
Resort Hotel,0,100,2017,April,17,29,2,1,2,0.0,0,Undefined,PRT,Groups,TA/TO,0,0,0,A,A,0,No Deposit,385.0,0,Transient-Party,83.0,0,1
Resort Hotel,0,100,2017,April,17,29,2,1,2,0.0,0,Undefined,PRT,Groups,TA/TO,0,0,0,D,D,0,No Deposit,385.0,0,Transient,93.0,0,1
Resort Hotel,0,5,2017,May,18,1,1,0,2,0.0,0,BB,ESP,Direct,Direct,0,0,0,A,D,0,No Deposit,250.0,0,Transient,77.0,1,0
Resort Hotel,0,89,2017,April,17,28,2,2,2,0.0,0,HB,ESP,Online TA,TA/TO,0,0,0,A,A,0,No Deposit,240.0,0,Transient,121.5,1,1
Resort Hotel,0,12,2017,April,17,25,2,5,2,0.0,0,HB,GBR,Online TA,TA/TO,0,0,0,F,F,0,No Deposit,241.0,0,Transient,144.4,0,1
Resort Hotel,0,38,2017,May,18,1,1,0,2,0.0,0,HB,ESP,Online TA,TA/TO,0,0,0,A,D,0,No Deposit,468.0,0,Transient,93.6,0,0
Resort Hotel,0,3,2017,April,17,29,2,1,2,0.0,0,BB,ESP,Direct,Direct,0,0,0,A,C,0,No Deposit,250.0,0,Transient,97.0,1,0
Resort Hotel,0,5,2017,April,17,29,2,1,2,0.0,0,HB,ESP,Online TA,TA/TO,0,0,0,A,A,0,No Deposit,241.0,0,Transient,110.8,1,1
Resort Hotel,0,5,2017,April,17,29,2,1,2,0.0,0,HB,ESP,Online TA,TA/TO,0,0,0,A,A,0,No Deposit,241.0,0,Transient,106.13,0,1
Resort Hotel,0,215,2017,April,17,28,2,2,2,0.0,0,HB,ESP,Online TA,TA/TO,0,0,0,D,D,0,No Deposit,240.0,0,Transient,103.3,1,2
Resort Hotel,0,3,2017,April,18,30,2,0,2,0.0,0,BB,IND,Online TA,TA/TO,0,0,0,A,A,0,No Deposit,240.0,0,Transient,95.0,0,2
Resort Hotel,0,7,2017,April,17,29,2,1,2,0.0,0,BB,PRT,Direct,Direct,0,0,0,A,A,0,No Deposit,,0,Transient,95.0,0,2
Resort Hotel,0,7,2017,April,18,30,2,0,2,0.0,0,BB,RUS,Online TA,TA/TO,0,0,0,A,H,0,No Deposit,241.0,0,Transient,78.4,0,1
Resort Hotel,0,4,2017,May,18,1,1,0,2,0.0,0,BB,PRT,Corporate,Corporate,0,0,0,A,A,1,No Deposit,,0,Transient,60.0,0,0
Resort Hotel,0,4,2017,July,27,2,1,0,2,0.0,0,BB,PRT,Corporate,Corporate,1,0,1,A,A,1,No Deposit,,0,Transient,218.0,0,0
Resort Hotel,0,112,2017,April,17,29,2,1,2,0.0,0,BB,IRL,Online TA,TA/TO,0,0,0,A,D,5,No Deposit,240.0,0,Transient,81.67,0,1
Resort Hotel,0,55,2017,May,18,2,0,4,2,0.0,0,BB,GBR,Online TA,TA/TO,0,0,0,D,D,1,No Deposit,240.0,0,Transient,8.0,0,1
Resort Hotel,0,11,2017,April,17,29,2,1,2,0.0,0,BB,ESP,Online TA,TA/TO,0,0,0,E,E,0,No Deposit,240.0,0,Transient,139.67,1,1
Resort Hotel,0,53,2017,April,17,27,2,3,2,0.0,0,BB,IRL,Online TA,TA/TO,0,0,0,E,E,0,No Deposit,240.0,0,Transient,117.0,0,1
Resort Hotel,0,28,2017,April,17,28,2,2,2,0.0,0,BB,ESP,Online TA,TA/TO,0,0,0,G,G,1,No Deposit,240.0,0,Transient,173.0,1,0
Resort Hotel,0,110,2017,April,17,29,2,2,2,0.0,0,HB,GBR,Offline TA/TO,TA/TO,0,0,0,D,D,0,No Deposit,171.0,0,Transient,81.2,0,0
Resort Hotel,0,126,2017,April,17,26,2,5,2,0.0,0,HB,GBR,Online TA,TA/TO,0,0,0,E,E,0,No Deposit,240.0,0,Transient,142.43,0,1
Resort Hotel,0,16,2017,April,18,30,2,1,2,0.0,0,BB,GBR,Direct,Direct,0,0,0,E,E,0,No Deposit,250.0,0,Transient,111.78,0,3
Resort Hotel,0,60,2017,April,17,29,2,2,2,0.0,0,BB,ESP,Online TA,TA/TO,0,0,0,E,F,0,No Deposit,240.0,0,Transient-Party,115.0,0,1
Resort Hotel,0,168,2017,May,18,2,0,1,2,0.0,0,BB,CHE,Offline TA/TO,TA/TO,0,0,0,D,D,0,No Deposit,251.0,0,Transient,62.0,0,0
Resort Hotel,0,4,2017,April,18,30,2,1,2,0.0,0,BB,ESP,Online TA,TA/TO,0,0,0,A,A,0,No Deposit,240.0,0,Transient,88.33,0,0
Resort Hotel,0,46,2017,April,17,29,2,2,2,0.0,0,BB,PRT,Online TA,TA/TO,0,0,0,A,A,0,No Deposit,241.0,0,Transient,68.0,0,1
Resort Hotel,0,59,2017,May,18,3,1,4,2,0.0,0,BB,ESP,Online TA,TA/TO,0,0,0,E,E,1,No Deposit,240.0,0,Transient,115.0,0,0
Resort Hotel,0,42,2017,May,18,1,1,1,2,0.0,0,BB,NLD,Online TA,TA/TO,0,0,0,A,A,0,No Deposit,240.0,0,Transient,92.0,1,1
Resort Hotel,0,72,2017,May,18,1,1,1,2,0.0,0,BB,SWE,Online TA,TA/TO,0,0,0,E,F,0,No Deposit,240.0,0,Transient,132.0,1,1
Resort Hotel,0,2,2017,May,18,1,1,1,2,0.0,0,BB,PRT,Online TA,TA/TO,0,0,0,A,A,0,No Deposit,240.0,0,Transient,75.0,0,1
Resort Hotel,0,22,2017,May,18,1,1,1,2,0.0,0,BB,FRA,Online TA,TA/TO,0,0,0,D,D,0,No Deposit,240.0,0,Transient,111.0,1,1
Resort Hotel,0,4,2017,April,17,29,2,2,2,0.0,0,BB,PRT,Direct,Direct,0,0,0,A,A,0,No Deposit,250.0,0,Transient,99.15,0,0
Resort Hotel,0,98,2017,April,17,29,2,2,2,0.0,0,BB,PRT,Offline TA/TO,TA/TO,0,0,0,A,A,0,No Deposit,171.0,0,Transient,43.2,0,0
Resort Hotel,0,25,2017,April,17,29,2,2,2,0.0,0,BB,GBR,Online TA,TA/TO,0,0,0,A,A,0,No Deposit,240.0,0,Transient,87.0,0,1
Resort Hotel,0,6,2017,May,18,2,0,1,2,0.0,0,BB,DEU,Online TA,TA/TO,0,0,0,A,D,0,No Deposit,240.0,0,Transient,75.0,0,2
Resort Hotel,0,0,2017,April,17,29,2,2,2,0.0,0,BB,PRT,Direct,Direct,0,0,0,G,G,1,No Deposit,,0,Transient,155.25,1,0
Resort Hotel,0,131,2017,April,17,28,2,4,2,0.0,0,HB,FRA,Online TA,TA/TO,0,0,0,E,E,0,No Deposit,240.0,0,Transient,152.33,1,2
Resort Hotel,0,129,2017,April,17,28,2,4,2,0.0,0,HB,FRA,Online TA,TA/TO,0,0,0,E,E,0,No Deposit,240.0,0,Transient,143.33,0,2
Resort Hotel,0,99,2017,April,17,27,2,5,2,0.0,0,HB,GBR,Offline TA/TO,TA/TO,0,0,0,D,D,0,No Deposit,40.0,0,Contract,82.85,0,0
Resort Hotel,0,195,2017,April,16,20,4,10,2,0.0,0,BB,GBR,Offline TA/TO,TA/TO,0,0,0,D,D,0,No Deposit,40.0,0,Contract,52.85,0,0
Resort Hotel,0,126,2017,May,18,2,0,2,2,0.0,0,BB,PRT,Offline TA/TO,TA/TO,0,0,0,E,E,0,No Deposit,6.0,0,Transient,64.8,0,0
Resort Hotel,0,126,2017,May,18,2,0,2,2,0.0,0,BB,DEU,Offline TA/TO,TA/TO,0,0,0,D,G,0,No Deposit,6.0,0,Contract,84.0,1,1
Resort Hotel,0,2,2017,April,17,27,2,5,2,0.0,0,BB,NLD,Online TA,TA/TO,0,0,0,A,D,0,No Deposit,240.0,0,Transient,114.43,0,0
Resort Hotel,0,134,2017,May,18,3,0,1,2,0.0,0,BB,GBR,Offline TA/TO,TA/TO,0,0,0,D,D,1,No Deposit,251.0,0,Transient-Party,62.0,0,1
Resort Hotel,0,134,2017,May,18,3,0,1,2,0.0,0,BB,GBR,Offline TA/TO,TA/TO,0,0,0,D,D,2,No Deposit,251.0,0,Transient-Party,62.0,0,1
Resort Hotel,0,27,2017,May,18,3,0,1,2,0.0,0,BB,AUT,Offline TA/TO,TA/TO,0,0,0,D,D,0,No Deposit,,0,Transient,62.0,0,0
Resort Hotel,0,3,2017,May,18,3,0,1,2,0.0,0,BB,FRA,Online TA,TA/TO,0,0,0,A,D,0,No Deposit,240.0,0,Transient,75.0,0,1
Resort Hotel,0,91,2017,May,18,2,0,2,2,0.0,0,BB,ESP,Offline TA/TO,TA/TO,0,0,0,A,A,0,No Deposit,177.0,0,Transient,50.2,1,2
Resort Hotel,0,225,2017,April,18,30,2,2,2,0.0,0,BB,IRL,Direct,Direct,0,0,0,E,E,0,No Deposit,250.0,0,Transient,78.0,0,2
Resort Hotel,0,84,2017,May,18,2,0,2,2,0.0,0,BB,CHE,Direct,Direct,0,0,0,F,F,0,No Deposit,250.0,0,Transient,127.0,1,1
Resort Hotel,0,104,2017,May,18,3,0,1,2,0.0,0,BB,AUT,Offline TA/TO,TA/TO,0,0,0,D,D,0,No Deposit,251.0,0,Transient,62.0,0,0
Resort Hotel,0,41,2017,April,18,30,2,2,2,0.0,0,BB,IRL,Direct,Direct,0,0,0,D,D,0,No Deposit,250.0,0,Transient,95.0,0,0
Resort Hotel,0,126,2017,May,18,2,0,2,2,0.0,0,BB,DEU,Offline TA/TO,TA/TO,0,0,0,E,E,0,No Deposit,6.0,0,Transient,64.8,1,0
Resort Hotel,0,0,2017,May,18,3,0,1,2,0.0,0,BB,PRT,Online TA,TA/TO,0,0,0,A,C,0,No Deposit,240.0,0,Transient,75.0,1,1
Resort Hotel,0,0,2017,May,18,3,0,1,2,0.0,0,BB,PRT,Direct,Direct,0,0,0,B,B,0,No Deposit,,0,Transient,70.0,0,0
Resort Hotel,0,96,2017,April,17,29,2,3,2,0.0,0,BB,GBR,Offline TA/TO,TA/TO,0,0,0,A,A,0,No Deposit,177.0,0,Transient,43.2,0,0
Resort Hotel,0,3,2017,May,18,1,1,3,2,0.0,0,BB,SWE,Online TA,TA/TO,0,0,0,A,A,0,No Deposit,240.0,0,Transient,82.0,1,0
Resort Hotel,0,12,2017,May,18,1,1,3,2,0.0,0,BB,GBR,Online TA,TA/TO,0,0,0,D,D,0,No Deposit,15.0,0,Transient,84.0,0,1
Resort Hotel,0,76,2017,April,17,28,2,5,2,0.0,0,BB,GBR,Online TA,TA/TO,0,0,0,F,F,0,No Deposit,469.0,0,Transient,98.99,0,0
Resort Hotel,0,77,2017,April,17,28,2,5,2,0.0,0,BB,GBR,Offline TA/TO,TA/TO,0,0,0,D,D,0,No Deposit,40.0,0,Contract,52.85,0,0
Resort Hotel,0,151,2017,April,17,28,2,5,2,0.0,0,BB,GBR,Offline TA/TO,TA/TO,0,0,0,D,D,0,No Deposit,40.0,0,Contract,52.85,0,1
Resort Hotel,0,181,2017,April,17,27,2,6,2,0.0,0,BB,BEL,Online TA,TA/TO,0,0,0,D,D,0,No Deposit,240.0,0,Transient-Party,93.75,0,4
Resort Hotel,0,86,2017,May,18,4,0,1,2,0.0,0,BB,BRA,Groups,TA/TO,0,0,0,D,E,1,No Deposit,251.0,0,Transient-Party,62.0,0,1
Resort Hotel,0,202,2017,May,18,4,0,1,2,0.0,0,BB,BRA,Groups,TA/TO,0,0,0,D,D,0,No Deposit,251.0,0,Transient-Party,62.0,0,1
Resort Hotel,0,202,2017,May,18,4,0,1,2,0.0,0,BB,BRA,Groups,TA/TO,0,0,0,D,D,0,No Deposit,251.0,0,Transient-Party,62.0,0,1
Resort Hotel,0,202,2017,May,18,4,0,1,2,0.0,0,BB,BRA,Groups,TA/TO,0,0,0,D,D,0,No Deposit,251.0,0,Transient-Party,62.0,0,1
Resort Hotel,0,202,2017,May,18,4,0,1,2,0.0,0,BB,BRA,Groups,TA/TO,0,0,0,D,D,0,No Deposit,251.0,0,Transient-Party,62.0,0,1
Resort Hotel,0,202,2017,May,18,4,0,1,2,0.0,0,BB,BRA,Groups,TA/TO,0,0,0,D,D,0,No Deposit,251.0,0,Transient-Party,62.0,0,1
Resort Hotel,0,202,2017,May,18,4,0,1,2,0.0,0,BB,BRA,Groups,TA/TO,0,0,0,D,D,0,No Deposit,251.0,0,Transient-Party,62.0,0,1
Resort Hotel,0,202,2017,May,18,4,0,1,2,0.0,0,BB,BRA,Groups,TA/TO,0,0,0,D,D,1,No Deposit,251.0,0,Transient,62.0,0,1
Resort Hotel,0,202,2017,May,18,4,0,1,2,0.0,0,BB,PRT,Groups,TA/TO,0,0,0,D,D,0,No Deposit,251.0,0,Transient,62.0,0,1
Resort Hotel,0,218,2017,May,18,3,0,2,2,0.0,0,BB,ROU,Online TA,TA/TO,0,0,0,A,A,1,No Deposit,240.0,0,Transient-Party,54.0,0,1
Resort Hotel,0,220,2017,May,18,5,0,1,2,0.0,0,BB,ROU,Online TA,TA/TO,0,0,0,A,A,0,No Deposit,240.0,0,Transient-Party,54.0,0,1
Resort Hotel,0,218,2017,May,18,3,0,2,2,0.0,0,BB,ROU,Online TA,TA/TO,0,0,0,A,A,0,No Deposit,240.0,0,Transient-Party,54.0,0,1
Resort Hotel,0,220,2017,May,18,5,0,1,2,0.0,0,BB,ROU,Online TA,TA/TO,0,0,0,A,A,0,No Deposit,240.0,0,Transient-Party,54.0,0,1
Resort Hotel,0,218,2017,May,18,3,0,2,2,0.0,0,BB,ROU,Online TA,TA/TO,0,0,0,A,I,0,No Deposit,240.0,0,Transient-Party,54.0,0,1
Resort Hotel,0,220,2017,May,18,5,0,1,2,0.0,0,BB,ROU,Online TA,TA/TO,0,0,0,A,A,0,No Deposit,240.0,0,Transient-Party,54.0,0,1
Resort Hotel,0,79,2017,May,18,2,0,3,2,0.0,0,BB,FRA,Online TA,TA/TO,0,0,0,E,F,1,No Deposit,240.0,0,Transient,122.0,1,2
Resort Hotel,0,300,2017,April,17,28,2,5,2,0.0,0,BB,IRL,Online TA,TA/TO,0,0,0,A,A,0,No Deposit,240.0,0,Transient,54.0,0,2
Resort Hotel,0,50,2017,May,18,2,0,3,2,0.0,0,BB,BRA,Online TA,TA/TO,0,0,0,E,E,0,No Deposit,240.0,0,Transient-Party,115.0,0,1
Resort Hotel,0,0,2017,May,18,4,0,1,2,0.0,0,BB,CN,Online TA,TA/TO,0,0,0,A,A,0,No Deposit,240.0,0,Transient,75.0,0,0
Resort Hotel,0,50,2017,May,18,2,0,3,2,0.0,0,BB,BRA,Online TA,TA/TO,0,0,0,E,E,0,No Deposit,240.0,0,Transient-Party,122.0,1,1
Resort Hotel,0,1,2017,May,18,3,0,2,2,0.0,0,BB,PRT,Direct,Direct,0,0,0,D,D,0,No Deposit,,0,Transient,80.75,0,1
Resort Hotel,0,62,2017,April,17,28,2,5,2,0.0,0,BB,IRL,Online TA,TA/TO,0,0,0,E,E,0,No Deposit,175.0,0,Transient,92.0,0,0
Resort Hotel,0,87,2017,April,18,30,2,3,2,0.0,0,BB,IRL,Offline TA/TO,TA/TO,0,0,0,A,A,0,No Deposit,6.0,0,Transient,50.0,0,0
Resort Hotel,0,202,2017,May,18,4,0,1,2,0.0,0,BB,BRA,Groups,TA/TO,0,0,0,D,D,0,No Deposit,251.0,0,Transient,62.0,0,1
Resort Hotel,0,10,2017,May,18,1,1,3,2,0.0,0,BB,IRL,Online TA,TA/TO,0,0,0,D,D,0,No Deposit,240.0,0,Transient,106.5,0,1
Resort Hotel,0,178,2017,May,18,1,1,3,2,0.0,0,BB,CN,Online TA,TA/TO,0,0,0,E,E,0,No Deposit,242.0,0,Transient,94.26,0,2
Resort Hotel,0,102,2017,April,17,29,2,5,2,0.0,0,BB,IRL,Offline TA/TO,TA/TO,0,0,0,D,D,0,No Deposit,177.0,0,Transient,63.0,0,0
Resort Hotel,0,9,2017,May,18,6,0,1,2,0.0,0,BB,PRT,Online TA,TA/TO,0,0,0,A,A,0,No Deposit,242.0,0,Transient,85.0,0,1
Resort Hotel,0,95,2017,April,17,29,2,5,2,0.0,0,BB,IRL,Offline TA/TO,TA/TO,0,0,0,A,A,0,No Deposit,177.0,0,Transient,45.2,0,1
Resort Hotel,0,74,2017,April,17,29,2,5,2,0.0,0,HB,GBR,Offline TA/TO,TA/TO,0,0,0,A,A,0,No Deposit,143.0,0,Transient,68.95,0,0
Resort Hotel,0,95,2017,April,17,29,2,5,2,0.0,0,BB,GBR,Offline TA/TO,TA/TO,0,0,0,A,A,0,No Deposit,143.0,0,Transient,42.95,0,0
Resort Hotel,0,85,2017,April,17,29,2,5,2,0.0,0,HB,GBR,Offline TA/TO,TA/TO,0,0,0,A,A,0,No Deposit,143.0,0,Transient,70.66,0,0
Resort Hotel,0,81,2017,April,17,29,2,5,2,0.0,0,BB,IDN,Offline TA/TO,TA/TO,0,0,0,A,A,0,No Deposit,143.0,0,Transient,40.95,0,0
Resort Hotel,0,95,2017,April,17,29,2,5,2,0.0,0,BB,GBR,Offline TA/TO,TA/TO,0,0,0,A,A,0,No Deposit,143.0,0,Transient,40.95,0,0
Resort Hotel,0,53,2017,April,18,30,2,4,2,0.0,0,BB,FRA,Online TA,TA/TO,0,0,0,E,E,0,No Deposit,241.0,0,Transient,87.4,0,1
Resort Hotel,0,74,2017,April,17,29,2,5,2,0.0,0,BB,GBR,Offline TA/TO,TA/TO,0,0,0,A,A,0,No Deposit,143.0,0,Transient,44.38,0,0
Resort Hotel,0,121,2017,April,17,29,2,5,2,0.0,0,BB,GBR,Offline TA/TO,TA/TO,0,0,0,D,D,0,No Deposit,436.0,0,Transient,56.0,0,0
Resort Hotel,0,113,2017,April,18,30,2,4,2,0.0,0,BB,FRA,Online TA,TA/TO,0,0,0,E,E,0,No Deposit,240.0,0,Transient,120.83,1,1
Resort Hotel,0,100,2017,April,17,29,2,5,2,0.0,0,BB,GBR,Offline TA/TO,TA/TO,0,0,0,D,D,0,No Deposit,40.0,0,Contract,52.85,0,0
Resort Hotel,0,113,2017,April,18,30,2,4,2,0.0,0,BB,FRA,Online TA,TA/TO,0,0,0,E,E,0,No Deposit,240.0,0,Transient,115.0,0,1
Resort Hotel,0,175,2017,April,17,29,2,5,2,0.0,0,BB,GBR,Offline TA/TO,TA/TO,0,0,0,A,A,0,No Deposit,40.0,0,Contract,42.66,0,0
Resort Hotel,0,207,2017,May,18,1,1,4,2,0.0,0,BB,GBR,Online TA,TA/TO,0,0,0,E,F,1,No Deposit,314.0,0,Transient,79.8,0,2
Resort Hotel,0,26,2017,May,18,3,0,3,2,0.0,0,BB,AUT,Online TA,TA/TO,0,0,0,F,F,0,No Deposit,241.0,0,Transient,118.2,1,1
Resort Hotel,0,159,2017,April,17,29,2,5,2,0.0,0,BB,BHS,Offline TA/TO,TA/TO,0,0,0,D,D,0,No Deposit,40.0,0,Contract,50.85,0,0
Resort Hotel,0,102,2017,April,17,29,2,5,2,0.0,0,BB,IRL,Offline TA/TO,TA/TO,0,0,0,D,D,0,No Deposit,177.0,0,Transient,56.0,0,0
Resort Hotel,0,39,2017,May,18,3,0,3,2,0.0,0,BB,GBR,Online TA,TA/TO,0,0,0,F,F,0,No Deposit,241.0,0,Transient,104.6,0,1
Resort Hotel,0,194,2017,April,15,15,6,15,2,0.0,0,BB,PRT,Direct,Direct,0,0,0,A,A,0,No Deposit,,0,Transient,47.5,0,2
Resort Hotel,0,285,2017,April,17,29,2,5,2,0.0,0,BB,GBR,Online TA,TA/TO,0,0,0,E,E,0,No Deposit,241.0,0,Transient,64.37,0,4
Resort Hotel,0,285,2017,April,17,29,2,5,2,0.0,0,BB,GBR,Online TA,TA/TO,0,0,0,E,E,1,No Deposit,241.0,0,Transient,64.37,0,3
Resort Hotel,0,96,2017,May,18,4,0,2,2,0.0,0,BB,FRA,Online TA,TA/TO,0,0,0,A,A,0,No Deposit,240.0,0,Transient,92.0,1,1
Resort Hotel,0,0,2017,May,18,3,0,3,2,0.0,0,BB,PRT,Direct,Direct,0,0,0,G,G,1,No Deposit,,0,Transient,157.0,1,0
Resort Hotel,0,0,2017,May,18,5,0,1,2,0.0,0,BB,CN,Direct,Direct,0,0,0,E,E,0,No Deposit,,0,Transient,100.0,1,0
Resort Hotel,0,0,2017,May,18,5,0,1,2,0.0,0,BB,FRA,Direct,Direct,0,0,0,A,A,1,No Deposit,,0,Transient,70.0,0,0
Resort Hotel,0,0,2017,May,18,5,0,1,2,0.0,0,BB,FRA,Direct,Direct,0,0,0,A,A,1,No Deposit,,0,Transient,77.0,1,0
Resort Hotel,0,173,2017,April,18,30,2,4,2,0.0,0,HB,PRT,Direct,Direct,0,0,0,D,D,0,No Deposit,250.0,0,Transient,104.91,1,0
Resort Hotel,0,104,2017,May,18,1,1,5,2,0.0,0,HB,FRA,Offline TA/TO,TA/TO,0,0,0,A,A,0,No Deposit,6.0,0,Transient,68.4,0,0
Resort Hotel,0,36,2017,May,18,3,0,4,2,0.0,0,BB,GBR,Online TA,TA/TO,0,0,0,D,D,0,No Deposit,241.0,0,Transient,85.2,0,1
Resort Hotel,0,37,2017,May,18,1,1,5,2,0.0,0,HB,GBR,Direct,Direct,0,0,0,H,H,2,No Deposit,250.0,0,Transient,202.0,0,0
Resort Hotel,0,261,2017,April,18,30,2,5,2,0.0,0,BB,GBR,Offline TA/TO,TA/TO,0,0,0,A,A,0,No Deposit,40.0,0,Contract,42.95,0,1
Resort Hotel,0,261,2017,April,18,30,2,5,2,0.0,0,BB,GBR,Offline TA/TO,TA/TO,0,0,0,A,A,0,No Deposit,40.0,0,Contract,42.95,0,1
Resort Hotel,0,261,2017,April,18,30,2,5,2,0.0,0,BB,GBR,Offline TA/TO,TA/TO,0,0,0,A,A,0,No Deposit,40.0,0,Contract,40.95,0,1
Resort Hotel,0,261,2017,April,18,30,2,5,2,0.0,0,BB,GBR,Offline TA/TO,TA/TO,0,0,0,A,A,0,No Deposit,40.0,0,Contract,42.95,0,1
Resort Hotel,0,261,2017,April,18,30,2,5,2,0.0,0,BB,GBR,Offline TA/TO,TA/TO,0,0,0,A,A,0,No Deposit,40.0,0,Contract,40.95,0,1
Resort Hotel,0,261,2017,April,18,30,2,5,2,0.0,0,BB,GBR,Offline TA/TO,TA/TO,0,0,0,A,A,0,No Deposit,40.0,0,Contract,42.95,0,1
Resort Hotel,0,8,2017,May,18,4,0,3,2,0.0,0,BB,AUS,Online TA,TA/TO,0,0,0,E,E,0,No Deposit,526.0,0,Transient,75.6,0,1
Resort Hotel,0,221,2017,April,18,30,2,5,2,0.0,0,HB,GBR,Groups,TA/TO,0,0,0,D,D,0,No Deposit,,0,Transient-Party,83.43,0,0
Resort Hotel,0,221,2017,April,18,30,2,5,2,0.0,0,HB,GBR,Groups,TA/TO,0,0,0,D,D,0,No Deposit,,0,Transient-Party,83.43,0,0
Resort Hotel,0,221,2017,April,18,30,2,5,2,0.0,0,HB,GBR,Groups,TA/TO,0,0,0,A,C,1,No Deposit,,0,Transient-Party,73.43,0,0
Resort Hotel,0,23,2017,May,18,6,0,1,2,0.0,0,BB,CHE,Offline TA/TO,TA/TO,0,0,0,D,D,0,No Deposit,251.0,0,Transient,90.0,0,0
Resort Hotel,0,221,2017,April,18,30,2,5,2,0.0,0,HB,GBR,Groups,TA/TO,0,0,0,A,C,1,No Deposit,,0,Transient-Party,73.43,0,0
Resort Hotel,0,221,2017,April,18,30,2,5,2,0.0,0,HB,GBR,Groups,TA/TO,0,0,0,A,A,0,No Deposit,,0,Transient-Party,71.43,0,0
Resort Hotel,0,16,2017,May,18,6,0,1,2,0.0,0,BB,PRT,Online TA,TA/TO,0,0,0,E,E,0,No Deposit,240.0,0,Transient,127.0,1,0
Resort Hotel,0,221,2017,April,18,30,2,5,2,0.0,0,HB,GBR,Groups,TA/TO,0,0,0,D,D,0,No Deposit,,0,Transient-Party,85.43,0,2
Resort Hotel,0,6,2017,May,18,1,1,5,2,0.0,0,BB,CN,Direct,Direct,0,0,0,E,E,0,No Deposit,250.0,0,Transient,122.0,1,0
Resort Hotel,0,70,2017,May,18,4,0,3,2,0.0,0,BB,ESP,Online TA,TA/TO,0,0,0,E,E,0,No Deposit,240.0,0,Transient,115.0,0,0
Resort Hotel,0,11,2017,May,18,5,0,2,2,0.0,0,BB,ESP,Online TA,TA/TO,0,0,0,A,D,0,No Deposit,240.0,0,Transient,90.0,0,2
Resort Hotel,0,191,2017,May,18,4,0,3,2,0.0,0,BB,FRA,Online TA,TA/TO,0,0,0,A,B,0,No Deposit,240.0,0,Transient,82.17,0,1
Resort Hotel,0,191,2017,May,18,4,0,3,2,0.0,0,BB,FRA,Online TA,TA/TO,0,0,0,A,A,0,No Deposit,240.0,0,Transient-Party,89.17,1,2
Resort Hotel,0,191,2017,May,18,4,0,3,2,0.0,0,BB,FRA,Online TA,TA/TO,0,0,0,A,A,0,No Deposit,240.0,0,Transient-Party,89.17,1,2
Resort Hotel,0,4,2017,April,18,30,2,5,2,0.0,0,HB,BEL,Offline TA/TO,TA/TO,0,0,0,E,E,0,No Deposit,479.0,0,Transient,99.0,0,2
Resort Hotel,0,90,2017,May,18,1,1,5,2,0.0,0,BB,FRA,Online TA,TA/TO,0,0,0,E,E,0,No Deposit,240.0,0,Transient,115.0,0,1
Resort Hotel,0,99,2017,April,18,30,2,5,2,0.0,0,BB,FRA,Offline TA/TO,TA/TO,0,0,0,D,D,0,No Deposit,6.0,0,Transient,56.0,0,1
Resort Hotel,0,9,2017,May,18,4,0,3,2,0.0,0,BB,ESP,Online TA,TA/TO,0,0,0,E,E,0,No Deposit,240.0,0,Transient,129.0,0,1
Resort Hotel,0,0,2017,May,18,5,0,2,2,0.0,0,HB,ESP,Online TA,TA/TO,0,0,0,D,F,0,No Deposit,240.0,0,Transient,137.0,0,1
Resort Hotel,0,68,2017,May,18,2,0,5,2,0.0,0,BB,GBR,Offline TA/TO,TA/TO,0,0,0,D,D,0,No Deposit,40.0,0,Contract,50.85,0,2
Resort Hotel,0,70,2017,May,18,2,0,5,2,0.0,0,BB,ROU,Offline TA/TO,TA/TO,0,0,0,D,D,0,No Deposit,40.0,0,Contract,50.85,0,0
Resort Hotel,0,222,2017,May,18,1,1,5,2,0.0,0,HB,GBR,Groups,TA/TO,0,0,0,D,D,4,No Deposit,,0,Transient-Party,92.0,0,1
Resort Hotel,0,70,2017,May,18,2,0,5,2,0.0,0,BB,ROU,Offline TA/TO,TA/TO,0,0,0,D,D,0,No Deposit,40.0,0,Contract,50.85,0,0
Resort Hotel,0,0,2017,May,18,5,0,2,2,0.0,0,BB,PRT,Online TA,TA/TO,0,0,0,A,A,0,No Deposit,240.0,0,Transient,80.0,0,0
Resort Hotel,0,7,2017,May,18,4,0,3,2,0.0,0,BB,PRT,Direct,Direct,0,0,0,A,H,0,No Deposit,250.0,0,Transient,73.33,0,1
Resort Hotel,0,36,2017,May,18,4,0,3,2,0.0,0,HB,IND,Online TA,TA/TO,0,0,0,D,D,0,No Deposit,240.0,0,Transient,136.0,0,1
Resort Hotel,0,21,2017,May,18,3,0,4,2,0.0,0,BB,PRT,Online TA,TA/TO,0,0,0,E,E,0,No Deposit,241.0,0,Transient,100.8,0,0
Resort Hotel,0,1,2017,May,18,5,0,2,2,0.0,0,BB,PRT,Online TA,TA/TO,0,0,0,A,A,0,No Deposit,240.0,0,Transient,80.0,0,2
Resort Hotel,0,11,2017,May,18,5,0,2,2,0.0,0,BB,ESP,Direct,Direct,0,0,0,D,D,0,No Deposit,250.0,0,Transient,107.0,1,1
Resort Hotel,0,52,2017,April,18,30,2,5,2,0.0,0,HB,LUX,Direct,Direct,0,0,0,E,E,1,No Deposit,250.0,0,Transient,131.0,0,0
Resort Hotel,0,5,2017,May,18,5,0,2,2,0.0,0,HB,ESP,Online TA,TA/TO,0,0,0,A,A,0,No Deposit,240.0,0,Transient,112.0,0,2
Resort Hotel,0,116,2017,May,18,2,0,5,2,0.0,0,BB,IRL,Offline TA/TO,TA/TO,0,0,0,A,C,0,No Deposit,6.0,0,Transient,44.8,0,0
Resort Hotel,0,0,2017,May,18,3,0,4,2,0.0,0,HB,BRA,Online TA,TA/TO,0,0,0,G,G,3,No Deposit,240.0,0,Transient,89.25,1,1
Resort Hotel,0,3,2017,May,19,8,0,0,2,0.0,0,BB,PRT,Corporate,Corporate,0,0,0,A,D,0,No Deposit,,0,Transient-Party,0.0,0,0
Resort Hotel,0,111,2017,May,18,1,2,5,2,0.0,0,FB,ITA,Offline TA/TO,TA/TO,0,0,0,A,A,0,No Deposit,243.0,0,Transient,92.95,0,0
Resort Hotel,0,88,2017,May,18,1,2,5,2,0.0,0,HB,GBR,Offline TA/TO,TA/TO,0,0,0,A,A,0,No Deposit,243.0,0,Contract,68.95,0,1
Resort Hotel,0,111,2017,April,17,24,4,10,2,0.0,0,BB,IRL,Direct,Direct,0,0,0,E,E,0,No Deposit,,0,Transient,89.0,0,0
Resort Hotel,0,32,2017,May,18,5,1,2,2,0.0,0,HB,GBR,Offline TA/TO,TA/TO,0,0,0,D,D,0,No Deposit,40.0,0,Contract,86.5,0,0
Resort Hotel,0,0,2017,May,19,7,1,0,2,0.0,0,BB,FRA,Online TA,TA/TO,0,0,0,E,E,0,No Deposit,240.0,0,Transient,97.0,1,0
Resort Hotel,0,76,2017,May,19,8,1,0,2,0.0,0,BB,FRA,Online TA,TA/TO,0,0,0,A,E,0,No Deposit,240.0,0,Transient,105.0,1,1
Resort Hotel,0,42,2017,May,18,1,2,5,2,0.0,0,BB,IRL,Direct,Direct,0,0,0,F,F,0,No Deposit,250.0,0,Transient,130.0,0,0
Resort Hotel,0,248,2017,May,18,3,1,4,2,0.0,0,BB,BRA,Online TA,TA/TO,0,0,0,A,A,0,No Deposit,242.0,0,Transient,54.0,0,1
Resort Hotel,0,2,2017,May,19,7,1,0,2,0.0,0,BB,PRT,Direct,Direct,0,0,0,A,A,0,No Deposit,,0,Transient,55.0,0,1
Resort Hotel,0,248,2017,May,18,3,1,4,2,0.0,0,BB,PRT,Online TA,TA/TO,0,0,0,A,A,0,No Deposit,242.0,0,Transient,54.0,0,1
Resort Hotel,0,248,2017,May,18,3,1,4,2,0.0,0,BB,BRA,Online TA,TA/TO,0,0,0,A,A,0,No Deposit,242.0,0,Transient,54.0,0,1
Resort Hotel,0,248,2017,May,18,3,1,4,2,0.0,0,BB,PRT,Online TA,TA/TO,0,0,0,A,A,0,No Deposit,242.0,0,Transient,54.0,0,1
Resort Hotel,0,248,2017,May,18,3,1,4,2,0.0,0,BB,PRT,Online TA,TA/TO,0,0,0,A,A,0,No Deposit,242.0,0,Transient,54.0,0,1
Resort Hotel,0,248,2017,May,18,3,1,4,2,0.0,0,BB,PRT,Online TA,TA/TO,0,0,0,A,A,0,No Deposit,242.0,0,Transient,61.0,1,1
Resort Hotel,0,116,2017,May,18,6,1,1,2,0.0,0,BB,FRA,Online TA,TA/TO,0,0,0,E,E,0,No Deposit,240.0,0,Transient,122.0,1,1
Resort Hotel,0,248,2017,May,18,3,1,4,2,0.0,0,BB,PRT,Online TA,TA/TO,0,0,0,A,A,0,No Deposit,242.0,0,Transient,54.0,0,1
Resort Hotel,0,1,2017,May,18,6,1,1,2,0.0,0,BB,PRT,Online TA,TA/TO,0,0,0,A,A,0,No Deposit,240.0,0,Transient,72.5,0,2
Resort Hotel,0,198,2017,May,18,5,1,2,2,0.0,0,BB,IRL,Offline TA/TO,TA/TO,0,0,0,D,D,0,No Deposit,6.0,0,Transient,54.0,0,1
Resort Hotel,0,198,2017,May,18,5,1,2,2,0.0,0,BB,GBR,Offline TA/TO,TA/TO,0,0,0,D,D,0,No Deposit,6.0,0,Transient,54.0,0,1
Resort Hotel,0,198,2017,May,18,5,1,2,2,0.0,0,BB,GBR,Offline TA/TO,TA/TO,0,0,0,D,D,0,No Deposit,6.0,0,Transient,54.0,0,1
Resort Hotel,0,0,2017,May,19,8,0,0,2,0.0,0,BB,PRT,Direct,Direct,1,0,0,E,E,0,No Deposit,,0,Transient,0.0,0,0
Resort Hotel,0,0,2017,May,19,8,0,0,2,0.0,0,BB,PRT,Direct,Direct,1,0,0,G,G,0,No Deposit,,0,Transient,0.0,0,0
Resort Hotel,0,239,2017,May,18,1,2,5,2,0.0,0,BB,IRL,Online TA,TA/TO,0,0,0,A,A,2,No Deposit,240.0,0,Transient,64.0,0,2
Resort Hotel,0,2,2017,May,18,5,1,2,2,0.0,0,BB,ROU,Online TA,TA/TO,0,0,0,A,A,0,No Deposit,240.0,0,Transient,78.33,0,1
Resort Hotel,0,207,2017,May,18,5,1,2,2,0.0,0,HB,ESP,Offline TA/TO,TA/TO,0,0,0,A,A,0,No Deposit,8.0,0,Transient,68.4,0,0
Resort Hotel,0,244,2017,May,18,1,2,5,2,0.0,0,BB,IRL,Online TA,TA/TO,0,0,0,E,E,0,No Deposit,314.0,0,Transient,66.8,0,0
Resort Hotel,0,11,2017,May,18,4,1,3,2,0.0,0,BB,FRA,Online TA,TA/TO,0,0,0,D,D,0,No Deposit,240.0,0,Transient,101.25,0,1
Resort Hotel,0,0,2017,May,19,7,1,0,2,0.0,0,BB,BRA,Online TA,TA/TO,0,0,0,A,D,0,No Deposit,240.0,0,Transient,60.0,1,2
Resort Hotel,0,79,2017,May,18,6,1,1,2,0.0,0,BB,BEL,Online TA,TA/TO,0,0,0,A,A,0,No Deposit,240.0,0,Transient,85.0,0,2
Resort Hotel,0,7,2017,May,18,5,1,2,2,0.0,0,HB,FRA,Online TA,TA/TO,0,0,0,E,E,0,No Deposit,240.0,0,Transient,140.33,0,1
Resort Hotel,0,3,2017,May,19,8,0,0,2,0.0,0,BB,PRT,Corporate,Corporate,0,0,0,A,D,0,No Deposit,,0,Transient-Party,0.0,0,0
Resort Hotel,0,156,2017,May,19,8,2,5,2,0.0,0,HB,IRL,Groups,TA/TO,0,0,0,A,A,2,No Deposit,434.0,0,Transient-Party,82.0,0,1
Resort Hotel,0,115,2017,May,18,4,2,3,2,0.0,0,BB,IRL,Offline TA/TO,TA/TO,0,0,0,D,D,0,No Deposit,177.0,0,Transient,56.0,0,0
Resort Hotel,0,95,2017,April,17,29,4,6,2,0.0,0,BB,GBR,Offline TA/TO,TA/TO,0,0,0,A,A,0,No Deposit,143.0,0,Transient,42.75,0,2
Resort Hotel,0,237,2017,May,18,2,2,5,2,0.0,0,BB,GBR,Offline TA/TO,TA/TO,0,0,0,A,C,1,No Deposit,436.0,0,Transient,43.2,0,1
Resort Hotel,0,179,2017,May,19,7,2,0,2,0.0,0,BB,PRT,Direct,Direct,0,0,0,A,A,0,No Deposit,,0,Transient,74.25,0,2
Resort Hotel,0,179,2017,May,19,7,2,0,2,0.0,0,BB,BRA,Direct,Direct,0,0,0,A,A,1,No Deposit,,0,Transient,74.25,0,2
Resort Hotel,0,211,2017,May,18,2,2,5,2,0.0,0,BB,GBR,Offline TA/TO,TA/TO,0,0,0,A,C,0,No Deposit,40.0,0,Contract,40.95,0,0
Resort Hotel,0,96,2017,May,19,7,2,0,2,0.0,0,BB,USA,Online TA,TA/TO,0,0,0,E,E,0,No Deposit,242.0,0,Transient-Party,111.25,0,1
Resort Hotel,0,70,2017,May,18,2,2,5,2,0.0,0,BB,IRL,Offline TA/TO,TA/TO,0,0,0,A,A,0,No Deposit,177.0,0,Transient,50.0,0,2
Resort Hotel,0,1,2017,May,18,6,2,1,2,0.0,0,BB,DEU,Online TA,TA/TO,0,0,0,A,A,0,No Deposit,240.0,0,Transient,76.67,0,1
Resort Hotel,0,36,2017,May,18,5,2,2,2,0.0,0,BB,GBR,Online TA,TA/TO,0,0,0,F,F,1,No Deposit,241.0,0,Transient,108.4,0,1
Resort Hotel,0,0,2017,May,19,8,1,0,2,0.0,0,BB,GBR,Online TA,TA/TO,0,0,0,E,E,0,No Deposit,241.0,0,Transient,92.0,0,1
Resort Hotel,0,69,2017,May,18,6,2,1,2,0.0,0,BB,GBR,Online TA,TA/TO,0,0,0,A,A,0,No Deposit,241.0,0,Transient,66.6,0,1
Resort Hotel,0,72,2017,May,18,3,2,4,2,0.0,0,BB,SWE,Online TA,TA/TO,0,0,0,E,E,2,No Deposit,240.0,0,Transient,116.67,0,1
Resort Hotel,0,35,2017,May,18,5,2,2,2,0.0,0,BB,USA,Online TA,TA/TO,0,0,0,G,G,0,No Deposit,241.0,0,Transient,139.4,1,1
Resort Hotel,0,4,2017,May,18,5,2,2,2,0.0,0,BB,NZL,Online TA,TA/TO,0,0,0,D,D,0,No Deposit,240.0,0,Transient,95.0,0,2
Resort Hotel,0,2,2017,May,19,7,2,0,2,0.0,0,BB,PRT,Online TA,TA/TO,0,0,0,A,B,0,No Deposit,240.0,0,Transient,79.5,1,1
Resort Hotel,0,113,2017,April,17,29,4,6,2,0.0,0,HB,GBR,Offline TA/TO,TA/TO,0,0,0,D,D,0,No Deposit,69.0,0,Transient,79.85,0,0
Resort Hotel,0,96,2017,May,19,7,2,0,2,0.0,0,BB,USA,Online TA,TA/TO,0,0,0,E,E,0,No Deposit,242.0,0,Transient-Party,118.25,1,1
Resort Hotel,0,5,2017,May,19,7,2,0,2,0.0,0,BB,CPV,Online TA,TA/TO,0,0,0,A,A,0,No Deposit,240.0,0,Transient,80.0,0,1
Resort Hotel,0,77,2017,May,18,4,2,3,2,0.0,0,BB,GBR,Offline TA/TO,TA/TO,0,0,0,A,A,0,No Deposit,6.0,0,Transient,48.0,0,0
Resort Hotel,0,41,2017,May,18,2,2,5,2,0.0,0,HB,GBR,Offline TA/TO,TA/TO,0,0,0,E,E,0,No Deposit,143.0,0,Transient,90.1,0,1
Resort Hotel,0,0,2017,May,19,8,1,0,2,0.0,0,BB,CN,Online TA,TA/TO,0,0,0,E,I,0,No Deposit,240.0,0,Transient,122.0,1,1
Resort Hotel,0,1,2017,May,19,9,0,1,2,0.0,0,BB,CN,Online TA,TA/TO,0,0,0,A,A,0,No Deposit,240.0,0,Transient,92.0,1,1
Resort Hotel,0,85,2017,May,18,6,2,2,2,0.0,0,BB,DEU,Online TA,TA/TO,0,0,0,D,D,0,No Deposit,240.0,0,Transient-Party,102.0,0,1
Resort Hotel,0,85,2017,May,18,6,2,2,2,0.0,0,BB,DEU,Online TA,TA/TO,0,0,0,D,D,0,No Deposit,240.0,0,Transient-Party,100.0,0,3
Resort Hotel,0,14,2017,May,19,7,2,1,2,0.0,0,HB,GBR,Online TA,TA/TO,0,0,0,A,A,0,No Deposit,240.0,0,Transient,117.0,0,1
Resort Hotel,0,3,2017,May,19,7,2,1,2,0.0,0,BB,SWE,Online TA,TA/TO,0,0,0,A,C,0,No Deposit,175.0,0,Transient,65.33,0,0
Resort Hotel,0,9,2017,May,18,6,2,2,2,0.0,0,BB,CHE,Online TA,TA/TO,0,0,0,A,A,0,No Deposit,240.0,0,Transient,84.5,1,2
Resort Hotel,0,95,2017,May,18,3,2,5,2,0.0,0,BB,BRA,Online TA,TA/TO,0,0,0,A,C,0,No Deposit,240.0,0,Transient,92.0,1,2
Resort Hotel,0,0,2017,May,19,9,0,1,2,0.0,0,BB,CHN,Online TA,TA/TO,0,0,0,A,G,0,No Deposit,240.0,0,Transient,65.0,0,0
Resort Hotel,0,115,2017,May,18,6,2,2,2,0.0,0,HB,NZL,Online TA,TA/TO,0,0,0,A,A,1,No Deposit,314.0,0,Transient,88.2,0,0
Resort Hotel,0,5,2017,May,19,8,1,1,2,0.0,0,BB,ESP,Offline TA/TO,TA/TO,0,0,0,A,A,0,No Deposit,6.0,0,Transient,48.0,0,0
Resort Hotel,0,0,2017,May,19,10,0,1,2,0.0,0,BB,ESP,Online TA,TA/TO,1,0,0,A,A,0,No Deposit,5.0,0,Transient,68.0,0,0
Resort Hotel,0,88,2017,May,19,9,0,1,2,0.0,0,HB,ESP,Online TA,TA/TO,0,0,0,D,F,0,No Deposit,240.0,0,Transient,132.0,0,1
Resort Hotel,0,117,2017,May,18,3,2,5,2,0.0,0,BB,IRL,Online TA,TA/TO,0,0,0,D,D,0,No Deposit,241.0,0,Transient,74.86,0,1
Resort Hotel,0,16,2017,May,19,7,2,1,2,0.0,0,BB,FRA,Online TA,TA/TO,0,0,0,A,A,0,No Deposit,240.0,0,Transient,92.0,1,1
Resort Hotel,0,0,2017,May,19,9,0,1,2,0.0,0,BB,PRT,Online TA,TA/TO,0,0,0,A,H,0,No Deposit,240.0,0,Transient,65.0,1,0
Resort Hotel,0,46,2017,May,18,3,2,5,2,0.0,0,HB,IRL,Direct,Direct,0,0,0,F,F,1,No Deposit,250.0,0,Transient,163.71,0,0
Resort Hotel,0,11,2017,May,19,7,2,1,2,0.0,0,BB,IRL,Online TA,TA/TO,0,0,0,A,A,0,No Deposit,240.0,0,Transient,75.0,0,2
Resort Hotel,0,0,2017,May,19,9,0,1,2,0.0,0,BB,FRA,Online TA,TA/TO,0,0,0,A,H,0,No Deposit,240.0,0,Transient,65.0,0,2
Resort Hotel,0,117,2017,May,18,3,2,5,2,0.0,0,BB,IRL,Online TA,TA/TO,0,0,0,D,D,0,No Deposit,147.0,0,Transient,79.0,1,0
Resort Hotel,0,114,2017,May,18,4,2,5,2,0.0,0,HB,IRL,Online TA,TA/TO,0,0,0,F,F,0,No Deposit,242.0,0,Transient,157.0,0,1
Resort Hotel,0,10,2017,May,18,6,2,3,2,0.0,0,BB,IRL,Online TA,TA/TO,0,0,0,D,D,0,No Deposit,240.0,0,Transient,94.8,0,1
Resort Hotel,0,272,2017,May,18,4,2,5,2,0.0,0,HB,GBR,Offline TA/TO,TA/TO,0,0,0,D,D,0,No Deposit,243.0,0,Contract,78.85,0,0
Resort Hotel,0,272,2017,May,18,4,2,5,2,0.0,0,HB,GBR,Offline TA/TO,TA/TO,0,0,0,D,D,0,No Deposit,243.0,0,Contract,78.85,0,0
Resort Hotel,0,72,2017,May,18,4,2,5,2,0.0,0,BB,GBR,Offline TA/TO,TA/TO,0,0,0,D,D,0,No Deposit,40.0,0,Contract,52.85,0,0
Resort Hotel,0,272,2017,May,18,1,3,7,2,0.0,0,HB,GBR,Offline TA/TO,TA/TO,0,0,0,A,C,0,No Deposit,40.0,0,Contract,70.95,0,1
Resort Hotel,0,272,2017,May,18,1,3,7,2,0.0,0,HB,GBR,Offline TA/TO,TA/TO,0,0,0,A,C,1,No Deposit,40.0,0,Contract,72.95,0,1
Resort Hotel,0,120,2017,May,19,10,0,1,2,0.0,0,BB,DEU,Offline TA/TO,TA/TO,0,0,0,D,D,0,No Deposit,251.0,0,Transient,62.0,0,0
Resort Hotel,0,7,2017,May,18,6,2,3,2,0.0,0,BB,BRA,Online TA,TA/TO,0,0,0,D,D,0,No Deposit,240.0,0,Transient,98.0,0,1
Resort Hotel,0,114,2017,May,18,4,2,5,2,0.0,0,BB,GBR,Online TA,TA/TO,0,0,0,A,A,1,No Deposit,314.0,0,Transient,63.2,0,0
Resort Hotel,0,213,2017,May,18,4,2,5,2,0.0,0,BB,IRL,Offline TA/TO,TA/TO,0,0,0,A,A,1,No Deposit,8.0,0,Transient,43.2,0,1
Resort Hotel,0,88,2017,May,19,9,0,2,2,0.0,0,BB,FRA,Online TA,TA/TO,0,0,0,A,A,0,No Deposit,240.0,0,Transient,85.0,0,1
Resort Hotel,0,47,2017,May,19,8,1,2,2,0.0,0,BB,CN,Offline TA/TO,TA/TO,0,0,0,A,G,0,No Deposit,410.0,0,Transient,85.5,0,0
Resort Hotel,0,27,2017,May,19,8,1,2,2,0.0,0,BB,GBR,Direct,Direct,0,0,0,A,A,0,No Deposit,250.0,0,Transient,86.0,0,1
Resort Hotel,0,32,2017,May,19,7,2,2,2,0.0,0,BB,PRT,Online TA,TA/TO,0,0,0,D,D,0,No Deposit,241.0,0,Transient,80.4,0,1
Resort Hotel,0,248,2017,May,18,4,2,5,2,0.0,0,HB,GBR,Offline TA/TO,TA/TO,0,0,0,A,A,0,No Deposit,40.0,0,Contract,70.95,0,0
Resort Hotel,0,117,2017,May,19,7,2,2,2,0.0,0,BB,CN,Offline TA/TO,TA/TO,0,0,0,A,C,1,No Deposit,410.0,0,Transient,40.95,0,1
Resort Hotel,0,8,2017,May,18,6,2,3,2,0.0,0,BB,IRL,Offline TA/TO,TA/TO,0,0,0,A,A,0,No Deposit,6.0,0,Transient,48.0,0,0
Resort Hotel,0,143,2017,May,19,8,1,2,2,0.0,0,BB,CN,Offline TA/TO,TA/TO,0,0,0,A,C,0,No Deposit,410.0,0,Transient,42.28,0,0
Resort Hotel,0,82,2017,May,19,8,1,3,2,0.0,0,BB,GBR,Online TA,TA/TO,0,0,0,A,D,0,No Deposit,240.0,0,Transient-Party,87.0,0,0
Resort Hotel,0,82,2017,May,19,8,1,3,2,0.0,0,BB,GBR,Online TA,TA/TO,0,0,0,A,D,0,No Deposit,240.0,0,Transient-Party,87.0,0,0
Resort Hotel,0,82,2017,May,19,8,1,3,2,0.0,0,BB,ROU,Online TA,TA/TO,0,0,0,A,A,0,No Deposit,242.0,0,Transient,87.0,0,1
Resort Hotel,0,79,2017,May,19,8,1,3,2,0.0,0,BB,GBR,Online TA,TA/TO,0,0,0,C,C,0,No Deposit,241.0,0,Transient,95.48,0,0
Resort Hotel,0,51,2017,May,18,5,2,5,2,0.0,0,BB,GBR,Direct,Direct,0,0,0,G,G,0,No Deposit,250.0,0,Transient,160.0,0,1
Resort Hotel,0,111,2017,May,19,8,1,3,2,0.0,0,BB,GBR,Online TA,TA/TO,0,0,0,A,A,0,No Deposit,314.0,0,Transient,61.2,0,0
Resort Hotel,0,116,2017,May,18,5,2,5,2,0.0,0,BB,GBR,Online TA,TA/TO,0,0,0,D,D,0,No Deposit,314.0,0,Transient,74.0,0,0
Resort Hotel,0,199,2017,May,18,5,2,5,2,0.0,0,BB,GBR,Offline TA/TO,TA/TO,0,0,0,A,A,1,No Deposit,40.0,0,Contract,42.95,0,0
Resort Hotel,0,7,2017,May,19,9,0,3,2,0.0,0,BB,FRA,Online TA,TA/TO,0,0,0,A,D,0,No Deposit,240.0,0,Transient,92.0,1,1
Resort Hotel,0,0,2017,May,19,11,0,1,2,0.0,0,BB,PRT,Direct,Direct,0,0,0,A,C,0,No Deposit,250.0,0,Transient,80.0,0,0
Resort Hotel,0,172,2017,May,18,5,2,5,2,0.0,0,HB,FRA,Online TA,TA/TO,0,0,0,D,D,0,No Deposit,240.0,0,Transient-Party,130.0,0,3
Resort Hotel,0,172,2017,May,18,5,2,5,2,0.0,0,HB,FRA,Online TA,TA/TO,0,0,0,D,D,0,No Deposit,240.0,0,Transient-Party,137.0,1,3
Resort Hotel,0,0,2017,May,19,11,0,1,2,0.0,0,BB,ESP,Direct,Direct,0,0,0,A,C,0,No Deposit,,0,Transient,87.0,1,0
Resort Hotel,0,101,2017,May,19,9,0,3,2,0.0,0,BB,ITA,Online TA,TA/TO,0,0,0,D,D,0,No Deposit,240.0,0,Transient,102.0,0,1
Resort Hotel,0,11,2017,May,19,10,0,2,2,0.0,0,BB,PRT,Offline TA/TO,TA/TO,0,0,0,A,A,0,No Deposit,6.0,0,Transient,55.0,1,0
Resort Hotel,0,314,2017,May,19,7,2,3,2,0.0,0,BB,GBR,Online TA,TA/TO,0,0,0,A,A,0,No Deposit,241.0,0,Transient,41.58,0,1
Resort Hotel,0,15,2017,May,19,9,0,3,2,0.0,0,BB,PRT,Online TA,TA/TO,0,0,0,A,B,1,No Deposit,240.0,0,Transient,97.0,1,1
Resort Hotel,0,245,2017,May,19,9,0,3,2,0.0,0,BB,GBR,Offline TA/TO,TA/TO,0,0,0,A,A,0,No Deposit,177.0,0,Transient,43.2,0,1
Resort Hotel,0,86,2017,May,19,10,0,2,2,0.0,0,BB,CN,Online TA,TA/TO,0,0,0,A,A,0,No Deposit,241.0,0,Transient,65.45,0,1
Resort Hotel,0,88,2017,May,18,5,2,5,2,0.0,0,HB,GBR,Offline TA/TO,TA/TO,0,0,0,D,D,0,No Deposit,40.0,0,Contract,84.28,0,0
Resort Hotel,0,8,2017,May,19,9,0,3,2,0.0,0,BB,PRT,Online TA,TA/TO,0,0,0,A,E,0,No Deposit,240.0,0,Transient,85.0,0,0
Resort Hotel,0,5,2017,May,19,11,0,1,2,0.0,0,BB,FRA,Online TA,TA/TO,0,0,0,A,A,0,No Deposit,240.0,0,Transient,85.0,0,1
Resort Hotel,0,2,2017,May,19,11,0,1,2,0.0,0,BB,BRA,Online TA,TA/TO,0,0,0,A,A,0,No Deposit,240.0,0,Transient,85.0,0,2
Resort Hotel,0,33,2017,May,19,8,1,3,2,0.0,0,BB,CN,Online TA,TA/TO,0,0,0,G,G,1,No Deposit,240.0,0,Transient,176.0,1,0
Resort Hotel,0,257,2017,May,19,9,0,4,2,0.0,0,HB,GBR,Groups,Direct,0,0,0,E,E,0,No Deposit,,0,Transient-Party,101.0,0,1
Resort Hotel,0,257,2017,May,19,9,0,4,2,0.0,0,HB,GBR,Groups,Direct,0,0,0,D,D,0,No Deposit,,0,Transient-Party,91.0,0,0
Resort Hotel,0,257,2017,May,19,9,0,4,2,0.0,0,HB,LBN,Groups,Direct,0,0,0,D,D,0,No Deposit,,0,Transient-Party,91.0,0,0
Resort Hotel,0,302,2017,May,19,9,0,4,2,0.0,0,HB,GBR,Groups,Direct,0,0,0,A,A,0,No Deposit,,0,Transient-Party,81.0,0,0
Resort Hotel,0,257,2017,May,19,9,0,4,2,0.0,0,HB,GBR,Groups,Direct,0,0,0,E,E,0,No Deposit,,0,Transient-Party,101.0,0,0
Resort Hotel,0,257,2017,May,19,9,0,4,2,0.0,0,HB,GBR,Groups,Direct,0,0,0,E,E,0,No Deposit,,0,Transient-Party,102.5,0,0
Resort Hotel,0,257,2017,May,19,9,0,4,2,0.0,0,HB,GBR,Groups,Direct,0,0,0,E,F,1,No Deposit,,0,Transient-Party,101.0,0,0
Resort Hotel,0,257,2017,May,19,9,0,4,2,0.0,0,HB,GBR,Groups,Direct,0,0,0,E,E,0,No Deposit,,0,Transient-Party,101.0,0,0
Resort Hotel,0,257,2017,May,19,9,0,4,2,0.0,0,HB,GBR,Groups,Direct,0,0,0,E,E,0,No Deposit,,0,Transient-Party,103.0,0,0
Resort Hotel,0,231,2017,May,19,9,0,4,2,0.0,0,HB,GBR,Groups,Direct,0,0,0,E,F,0,No Deposit,,0,Transient-Party,101.0,0,1
Resort Hotel,0,257,2017,May,19,9,0,4,2,0.0,0,HB,GBR,Groups,Direct,0,0,0,E,E,0,No Deposit,,0,Transient-Party,101.0,0,0
Resort Hotel,0,257,2017,May,19,9,0,4,2,0.0,0,HB,GBR,Groups,Direct,0,0,0,D,D,0,No Deposit,,0,Transient-Party,93.0,0,0
Resort Hotel,0,302,2017,May,19,9,0,4,2,0.0,0,HB,GBR,Groups,Direct,0,0,0,A,A,0,No Deposit,,0,Transient-Party,81.0,0,0
Resort Hotel,0,257,2017,May,19,9,0,4,2,0.0,0,HB,GBR,Groups,Direct,0,0,0,E,F,0,No Deposit,,0,Transient-Party,103.0,0,0
Resort Hotel,0,231,2017,May,19,9,0,4,2,0.0,0,HB,GBR,Groups,Direct,0,0,0,E,F,0,No Deposit,,0,Transient-Party,101.0,0,0
Resort Hotel,0,302,2017,May,19,9,0,4,2,0.0,0,HB,GBR,Groups,Direct,0,0,0,A,A,1,No Deposit,,0,Transient-Party,81.0,0,0
Resort Hotel,0,302,2017,May,19,9,0,4,2,0.0,0,HB,GBR,Groups,Direct,0,0,0,A,A,0,No Deposit,,0,Transient-Party,81.0,0,0
Resort Hotel,0,84,2017,May,18,6,2,5,2,0.0,0,BB,GBR,Offline TA/TO,TA/TO,0,0,0,D,D,0,No Deposit,40.0,0,Contract,52.85,0,0
Resort Hotel,0,302,2017,May,19,9,0,4,2,0.0,0,HB,GBR,Groups,Direct,0,0,0,A,A,1,No Deposit,,0,Transient-Party,81.0,0,0
Resort Hotel,0,257,2017,May,19,9,0,4,2,0.0,0,HB,GBR,Groups,Direct,0,0,0,E,E,0,No Deposit,,0,Transient-Party,101.0,0,0
Resort Hotel,0,257,2017,May,19,9,0,4,2,0.0,0,HB,GBR,Groups,Direct,0,0,0,E,E,0,No Deposit,,0,Transient-Party,101.0,0,0
Resort Hotel,0,257,2017,May,19,9,0,4,2,0.0,0,HB,GBR,Groups,Direct,0,0,0,E,E,0,No Deposit,,0,Transient-Party,101.0,0,0
Resort Hotel,0,257,2017,May,19,9,0,4,2,0.0,0,HB,GBR,Groups,Direct,0,0,0,D,D,0,No Deposit,,0,Transient-Party,91.0,0,0
Resort Hotel,0,257,2017,May,19,9,0,4,2,0.0,0,HB,GBR,Groups,Direct,0,0,0,E,E,0,No Deposit,,0,Transient-Party,101.0,0,0
Resort Hotel,0,302,2017,May,19,9,0,4,2,0.0,0,HB,GBR,Groups,Direct,0,0,0,A,A,1,No Deposit,,0,Transient-Party,81.0,0,0
Resort Hotel,0,0,2017,May,19,12,0,1,2,0.0,0,BB,PRT,Direct,Direct,0,0,0,C,C,0,No Deposit,250.0,0,Transient,95.0,0,0
Resort Hotel,0,257,2017,May,19,9,0,4,2,0.0,0,HB,GBR,Groups,Direct,0,0,0,E,E,0,No Deposit,,0,Transient,109.5,1,0
Resort Hotel,0,0,2017,May,19,12,0,1,2,0.0,0,BB,PRT,Direct,Direct,0,0,0,C,C,0,No Deposit,,0,Transient,107.0,1,0
Resort Hotel,0,2,2017,May,19,12,0,1,2,0.0,0,BB,PRT,Direct,Direct,0,0,0,A,D,0,No Deposit,250.0,0,Transient,76.0,0,0
Resort Hotel,0,0,2017,May,19,13,0,1,2,0.0,0,BB,PRT,Direct,Direct,1,0,0,E,E,0,No Deposit,,0,Transient,110.0,0,0
Resort Hotel,0,29,2017,May,18,4,2,7,2,0.0,0,BB,CN,Online TA,TA/TO,0,0,0,F,F,0,No Deposit,241.0,0,Transient,109.96,0,1
Resort Hotel,0,0,2017,May,19,12,0,1,2,0.0,0,BB,GBR,Direct,Direct,0,0,0,D,D,0,No Deposit,,0,Transient,95.0,0,0
Resort Hotel,0,1,2017,May,19,13,1,1,2,0.0,0,BB,GBR,Direct,Direct,0,0,0,E,E,0,No Deposit,,0,Transient,145.0,0,0
Resort Hotel,0,27,2017,May,19,10,0,3,2,0.0,0,BB,IRL,Direct,Direct,0,0,0,A,A,1,No Deposit,250.0,0,Transient,94.0,0,1
Resort Hotel,0,4,2017,May,19,12,0,1,2,0.0,0,BB,ROU,Online TA,TA/TO,0,0,0,A,B,0,No Deposit,240.0,0,Transient-Party,85.0,0,1
Resort Hotel,0,4,2017,May,19,12,0,1,2,0.0,0,BB,ROU,Online TA,TA/TO,0,0,0,A,A,0,No Deposit,240.0,0,Transient-Party,92.0,1,1
Resort Hotel,0,0,2017,May,19,12,0,1,2,0.0,0,BB,GBR,Online TA,TA/TO,0,0,0,A,A,0,No Deposit,241.0,0,Transient,68.0,0,1
Resort Hotel,0,0,2017,May,19,12,0,1,2,0.0,0,BB,POL,Online TA,TA/TO,0,0,0,A,A,0,No Deposit,240.0,0,Transient,74.5,1,1
Resort Hotel,0,83,2017,May,19,8,1,4,2,0.0,0,BB,FRA,Online TA,TA/TO,0,0,0,A,A,0,No Deposit,241.0,0,Transient,62.18,0,1
Resort Hotel,0,48,2017,May,19,11,0,2,2,0.0,0,HB,FRA,Online TA,TA/TO,0,0,0,E,E,0,No Deposit,240.0,0,Transient,147.0,0,2
Resort Hotel,0,82,2017,May,19,12,0,2,2,0.0,0,BB,NGA,Online TA,TA/TO,0,0,0,D,D,0,No Deposit,240.0,0,Transient,102.0,0,2
Resort Hotel,0,93,2017,May,19,7,2,5,2,0.0,0,HB,GBR,Offline TA/TO,TA/TO,0,0,0,D,D,1,No Deposit,40.0,0,Contract,82.86,0,0
Resort Hotel,0,256,2017,May,19,7,2,5,2,0.0,0,HB,GBR,Offline TA/TO,TA/TO,0,0,0,A,A,0,No Deposit,243.0,0,Contract,70.95,0,0
Resort Hotel,0,93,2017,May,19,7,2,5,2,0.0,0,HB,GBR,Offline TA/TO,TA/TO,0,0,0,D,D,0,No Deposit,40.0,0,Contract,82.86,0,0
Resort Hotel,0,296,2017,May,18,4,2,8,2,0.0,0,BB,GBR,Offline TA/TO,TA/TO,0,0,0,A,C,2,No Deposit,243.0,0,Contract,40.95,0,2
Resort Hotel,0,101,2017,May,19,7,2,5,2,0.0,0,HB,GBR,Offline TA/TO,TA/TO,0,0,0,A,A,0,No Deposit,40.0,0,Contract,72.66,0,0
Resort Hotel,0,116,2017,May,19,11,0,3,2,0.0,0,BB,IRL,Online TA,TA/TO,0,0,0,D,D,0,No Deposit,240.0,0,Transient-Party,100.0,0,2
Resort Hotel,0,266,2017,May,19,12,0,2,2,0.0,0,HB,DEU,Online TA,TA/TO,0,0,0,E,G,0,No Deposit,240.0,0,Transient,118.8,1,1
Resort Hotel,0,42,2017,May,19,12,0,2,2,0.0,0,BB,POL,Online TA,TA/TO,0,0,0,D,D,0,No Deposit,240.0,0,Transient-Party,111.0,1,1
Resort Hotel,0,42,2017,May,19,12,0,2,2,0.0,0,BB,USA,Online TA,TA/TO,0,0,0,D,D,0,No Deposit,240.0,0,Transient-Party,106.0,0,1
Resort Hotel,0,102,2017,May,19,7,2,5,2,0.0,0,BB,IRL,Online TA,TA/TO,0,0,0,D,D,0,No Deposit,240.0,0,Transient,101.71,0,1
Resort Hotel,0,35,2017,May,19,12,0,2,2,0.0,0,BB,BRA,Online TA,TA/TO,0,0,0,G,G,0,No Deposit,241.0,0,Transient,128.44,0,1
Resort Hotel,0,116,2017,May,19,11,0,3,2,0.0,0,BB,IRL,Online TA,TA/TO,0,0,0,D,D,0,No Deposit,240.0,0,Transient-Party,100.0,0,0
Resort Hotel,0,116,2017,May,19,11,0,3,2,0.0,0,BB,IRL,Online TA,TA/TO,0,0,0,D,D,0,No Deposit,240.0,0,Transient-Party,100.0,0,2
Resort Hotel,0,35,2017,May,19,12,0,2,2,0.0,0,BB,BRA,Online TA,TA/TO,0,0,0,C,C,0,No Deposit,241.0,0,Transient,98.04,1,2
Resort Hotel,0,116,2017,May,19,11,0,3,2,0.0,0,BB,IRL,Online TA,TA/TO,0,0,0,D,D,0,No Deposit,240.0,0,Transient-Party,100.0,0,0
Resort Hotel,0,35,2017,May,19,12,0,2,2,0.0,0,BB,PRT,Online TA,TA/TO,0,0,0,C,C,0,No Deposit,241.0,0,Transient,98.04,1,2
Resort Hotel,0,116,2017,May,19,11,0,3,2,0.0,0,BB,IRL,Online TA,TA/TO,0,0,0,D,D,0,No Deposit,240.0,0,Transient-Party,100.0,0,2
Resort Hotel,0,116,2017,May,19,11,0,3,2,0.0,0,BB,IRL,Online TA,TA/TO,0,0,0,D,D,0,No Deposit,240.0,0,Transient-Party,100.0,0,2
Resort Hotel,0,116,2017,May,19,11,0,3,2,0.0,0,BB,IRL,Online TA,TA/TO,0,0,0,D,D,0,No Deposit,240.0,0,Transient-Party,100.0,0,2
Resort Hotel,0,15,2017,May,18,6,2,6,2,0.0,0,BB,FRA,Online TA,TA/TO,0,0,0,A,A,0,No Deposit,240.0,0,Transient,97.13,1,0
Resort Hotel,0,0,2017,May,19,11,0,3,2,0.0,0,BB,BEL,Direct,Direct,0,0,0,A,A,0,No Deposit,,0,Transient,91.67,0,0
Resort Hotel,0,228,2017,May,18,5,2,7,2,0.0,0,BB,GBR,Online TA,TA/TO,0,0,0,E,E,0,No Deposit,240.0,0,Transient,81.0,0,2
Resort Hotel,0,0,2017,May,19,13,0,1,2,0.0,0,BB,PRT,Direct,Direct,0,0,0,F,F,0,No Deposit,250.0,0,Transient,105.0,0,0
Resort Hotel,0,116,2017,May,19,7,2,5,2,0.0,0,HB,PRT,Offline TA/TO,TA/TO,0,0,0,A,C,0,No Deposit,479.0,0,Transient,69.95,0,0
Resort Hotel,0,90,2017,May,19,9,0,5,2,0.0,0,BB,SRB,Online TA,TA/TO,0,0,0,A,C,0,No Deposit,240.0,0,Transient-Party,94.0,1,1
Resort Hotel,0,7,2017,May,19,13,0,1,2,0.0,0,BB,BRA,Online TA,TA/TO,0,0,0,A,A,0,No Deposit,240.0,0,Transient,120.0,0,1
Resort Hotel,0,90,2017,May,19,9,0,5,2,0.0,0,BB,DEU,Online TA,TA/TO,0,0,0,A,C,0,No Deposit,240.0,0,Transient-Party,85.0,0,1
Resort Hotel,0,82,2017,May,19,7,2,5,2,0.0,0,BB,GBR,Offline TA/TO,TA/TO,0,0,0,D,D,0,No Deposit,40.0,0,Contract,52.85,0,0
Resort Hotel,0,6,2017,May,19,12,0,2,2,0.0,0,HB,PRT,Offline TA/TO,TA/TO,0,0,0,A,A,0,No Deposit,6.0,0,Transient,76.0,0,0
Resort Hotel,0,96,2017,May,19,7,2,5,2,0.0,0,BB,GBR,Online TA,TA/TO,0,0,0,A,A,0,No Deposit,314.0,0,Transient,61.2,0,0
Resort Hotel,0,7,2017,May,20,14,2,5,2,0.0,0,BB,IRL,Online TA,TA/TO,0,0,0,A,A,1,No Deposit,240.0,0,Transient,86.43,0,1
Resort Hotel,0,193,2017,May,18,1,4,10,2,0.0,0,BB,GBR,Offline TA/TO,TA/TO,0,0,0,A,A,0,No Deposit,243.0,0,Contract,42.95,0,1
Resort Hotel,0,193,2017,May,18,1,4,10,2,0.0,0,BB,GBR,Offline TA/TO,TA/TO,0,0,0,A,A,0,No Deposit,243.0,0,Contract,42.95,0,2
Resort Hotel,0,8,2017,May,19,12,1,2,2,0.0,0,BB,RUS,Direct,Direct,0,0,0,D,D,0,No Deposit,250.0,0,Transient,123.67,1,2
Resort Hotel,0,217,2017,May,19,12,1,2,2,0.0,0,BB,GBR,Online TA,TA/TO,0,0,0,A,A,0,No Deposit,240.0,0,Transient,58.0,0,1
Resort Hotel,0,156,2017,May,19,8,2,5,2,0.0,0,HB,IRL,Groups,TA/TO,0,0,0,E,E,0,No Deposit,434.0,0,Transient-Party,102.0,0,0
Resort Hotel,0,217,2017,May,19,12,1,2,2,0.0,0,BB,GBR,Online TA,TA/TO,0,0,0,A,A,0,No Deposit,240.0,0,Transient,58.0,0,1
Resort Hotel,0,156,2017,May,19,8,2,5,2,0.0,0,HB,IRL,Groups,TA/TO,0,0,0,E,E,0,No Deposit,434.0,0,Transient-Party,102.0,0,0
Resort Hotel,0,218,2017,May,19,8,2,5,2,0.0,0,BB,GBR,Online TA,TA/TO,0,0,0,A,A,0,No Deposit,240.0,0,Transient,82.0,1,1
Resort Hotel,0,156,2017,May,19,8,2,5,2,0.0,0,HB,IRL,Groups,TA/TO,0,0,0,E,E,0,No Deposit,434.0,0,Transient-Party,101.43,0,0
Resort Hotel,0,273,2017,May,18,1,4,10,2,0.0,0,BB,GBR,Offline TA/TO,TA/TO,0,0,0,E,E,0,No Deposit,40.0,0,Transient,64.1,0,0
Resort Hotel,0,156,2017,May,19,8,2,5,2,0.0,0,HB,IRL,Groups,TA/TO,0,0,0,D,D,1,No Deposit,434.0,0,Transient-Party,90.0,0,0
Resort Hotel,0,156,2017,May,19,8,2,5,2,0.0,0,HB,IRL,Groups,TA/TO,0,0,0,E,E,0,No Deposit,434.0,0,Transient-Party,102.0,0,0
Resort Hotel,0,156,2017,May,19,8,2,5,2,0.0,0,HB,IRL,Groups,TA/TO,0,0,0,A,A,4,No Deposit,434.0,0,Transient-Party,80.0,0,1
Resort Hotel,0,36,2017,May,19,8,2,5,2,0.0,0,BB,IRL,Direct,Direct,0,0,0,F,F,0,No Deposit,250.0,0,Transient,134.0,0,0
Resort Hotel,0,156,2017,May,19,8,2,5,2,0.0,0,HB,IRL,Groups,TA/TO,0,0,0,D,D,0,No Deposit,434.0,0,Transient-Party,90.0,0,0
Resort Hotel,0,217,2017,May,19,8,2,5,2,0.0,0,HB,IRL,Groups,TA/TO,0,0,0,A,A,2,No Deposit,434.0,61,Transient-Party,81.43,0,0
Resort Hotel,0,156,2017,May,19,8,2,5,2,0.0,0,HB,IRL,Groups,TA/TO,0,0,0,D,D,1,No Deposit,434.0,0,Transient-Party,90.0,0,0
Resort Hotel,0,156,2017,May,19,8,2,5,2,0.0,0,HB,IRL,Groups,TA/TO,0,0,0,A,A,2,No Deposit,434.0,0,Transient-Party,80.0,0,1
Resort Hotel,0,156,2017,May,19,8,2,5,2,0.0,0,HB,IRL,Groups,TA/TO,0,0,0,E,E,0,No Deposit,434.0,0,Transient-Party,100.0,0,0
Resort Hotel,0,94,2017,May,19,12,1,2,2,0.0,0,HB,GBR,Online TA,TA/TO,0,0,0,D,D,0,No Deposit,240.0,0,Transient,132.0,0,1
Resort Hotel,0,156,2017,May,19,8,2,5,2,0.0,0,HB,IRL,Groups,TA/TO,0,0,0,D,D,0,No Deposit,434.0,0,Transient-Party,92.0,0,0
Resort Hotel,0,156,2017,May,19,8,2,5,2,0.0,0,HB,IRL,Groups,TA/TO,0,0,0,A,A,3,No Deposit,434.0,0,Transient-Party,81.71,0,1
Resort Hotel,0,156,2017,May,19,8,2,5,2,0.0,0,HB,IRL,Groups,TA/TO,0,0,0,E,E,0,No Deposit,434.0,0,Transient-Party,102.0,0,0
Resort Hotel,0,156,2017,May,19,8,2,5,2,0.0,0,HB,IRL,Groups,TA/TO,0,0,0,A,A,4,No Deposit,434.0,0,Transient-Party,80.0,0,0
Resort Hotel,0,156,2017,May,19,8,2,5,2,0.0,0,HB,IRL,Groups,TA/TO,0,0,0,A,A,3,No Deposit,434.0,0,Transient-Party,80.0,0,1
Resort Hotel,0,156,2017,May,19,8,2,5,2,0.0,0,HB,IRL,Groups,TA/TO,0,0,0,E,E,0,No Deposit,434.0,0,Transient-Party,102.0,0,0
Resort Hotel,0,156,2017,May,19,8,2,5,2,0.0,0,HB,IRL,Groups,TA/TO,0,0,0,D,D,1,No Deposit,434.0,0,Transient-Party,92.0,0,0
Resort Hotel,0,30,2017,May,19,13,1,1,2,0.0,0,HB,ESP,Online TA,TA/TO,0,0,0,D,D,0,No Deposit,240.0,0,Transient,136.0,0,2
Resort Hotel,0,51,2017,May,19,11,1,3,2,0.0,0,BB,IRL,Direct,Direct,0,0,0,H,H,0,No Deposit,250.0,0,Transient,170.0,0,2
Resort Hotel,0,156,2017,May,19,8,2,5,2,0.0,0,HB,IRL,Groups,TA/TO,0,0,0,E,E,0,No Deposit,434.0,0,Transient,102.0,0,1
Resort Hotel,0,13,2017,May,20,14,1,0,2,0.0,0,BB,GBR,Offline TA/TO,TA/TO,0,0,0,A,A,1,No Deposit,6.0,0,Transient,48.0,0,0
Resort Hotel,0,45,2017,May,18,5,3,7,2,0.0,0,BB,IRL,Online TA,TA/TO,0,0,0,D,D,0,No Deposit,240.0,0,Transient,101.8,0,0
Resort Hotel,0,10,2017,May,19,10,1,4,2,0.0,0,BB,DEU,Direct,Direct,0,0,0,A,A,0,No Deposit,250.0,0,Transient,94.0,1,0
Resort Hotel,0,242,2017,May,18,1,4,10,2,0.0,0,HB,DEU,Offline TA/TO,TA/TO,0,0,0,E,E,0,No Deposit,75.0,0,Transient,84.15,0,1
Resort Hotel,0,0,2017,May,20,14,1,0,2,0.0,0,BB,PRT,Online TA,TA/TO,0,0,0,D,D,0,No Deposit,240.0,0,Transient,75.0,0,2
Resort Hotel,0,2,2017,May,19,13,1,1,2,0.0,0,BB,ESP,Online TA,TA/TO,0,0,0,A,E,0,No Deposit,468.0,0,Transient,84.05,0,0
Resort Hotel,0,63,2017,May,20,15,1,2,2,0.0,0,BB,PRT,Online TA,TA/TO,0,0,0,D,D,1,No Deposit,240.0,0,Transient,100.0,0,1
Resort Hotel,0,313,2017,May,19,9,2,5,2,0.0,0,BB,GBR,Online TA,TA/TO,0,0,0,D,D,0,No Deposit,241.0,0,Transient,51.97,0,1
Resort Hotel,0,16,2017,May,19,13,2,1,2,0.0,0,BB,GBR,Online TA,TA/TO,0,0,0,A,B,0,No Deposit,241.0,0,Transient,72.8,0,1
Resort Hotel,0,6,2017,May,20,15,1,0,2,0.0,0,BB,PRT,Online TA,TA/TO,0,0,0,A,C,1,No Deposit,240.0,0,Transient-Party,60.0,0,1
Resort Hotel,0,110,2017,May,19,9,2,5,2,0.0,0,BB,GBR,Offline TA/TO,TA/TO,0,0,0,A,A,0,No Deposit,40.0,0,Contract,40.95,0,0
Resort Hotel,0,2,2017,May,20,15,1,0,2,0.0,0,BB,NLD,Online TA,TA/TO,0,0,0,D,D,0,No Deposit,240.0,0,Transient,82.0,1,2
Resort Hotel,0,90,2017,May,18,2,4,10,2,0.0,0,BB,GBR,Offline TA/TO,TA/TO,0,0,0,D,D,0,No Deposit,40.0,0,Contract,52.85,0,0
Resort Hotel,0,2,2017,May,19,13,2,1,2,0.0,0,BB,FRA,Online TA,TA/TO,0,0,0,A,A,0,No Deposit,240.0,0,Transient,95.33,1,1
Resort Hotel,0,12,2017,May,19,12,2,2,2,0.0,0,BB,GBR,Direct,Direct,0,0,0,D,D,0,No Deposit,250.0,0,Transient,105.25,0,0
Resort Hotel,0,0,2017,May,20,15,1,0,2,0.0,0,BB,FRA,Direct,Direct,0,0,0,A,A,0,No Deposit,,0,Transient,92.0,1,1
Resort Hotel,0,0,2017,May,20,15,1,0,2,0.0,0,BB,FRA,Online TA,TA/TO,0,0,0,A,A,0,No Deposit,240.0,0,Transient,85.0,0,1
Resort Hotel,0,250,2017,May,19,7,4,5,2,0.0,0,BB,IRL,Online TA,TA/TO,0,0,0,A,A,0,No Deposit,240.0,0,Transient,54.0,0,0
Resort Hotel,0,2,2017,May,19,11,2,3,2,0.0,0,HB,GBR,Online TA,TA/TO,0,0,0,E,E,0,No Deposit,240.0,0,Transient,151.0,0,0
Resort Hotel,0,2,2017,May,20,15,1,0,2,0.0,0,BB,PRT,Online TA,TA/TO,0,0,0,A,A,0,No Deposit,240.0,0,Transient,67.0,1,1
Resort Hotel,0,0,2017,May,20,14,2,0,2,0.0,0,BB,FRA,Online TA,TA/TO,0,0,0,E,E,0,No Deposit,240.0,0,Transient,90.0,0,2
Resort Hotel,0,13,2017,May,19,12,2,2,2,0.0,0,BB,FRA,Offline TA/TO,TA/TO,0,0,0,A,A,0,No Deposit,6.0,0,Transient,55.0,1,0
Resort Hotel,0,110,2017,May,19,9,2,5,2,0.0,0,BB,GBR,Offline TA/TO,TA/TO,0,0,0,A,A,0,No Deposit,40.0,0,Contract,40.95,0,0
Resort Hotel,0,7,2017,May,19,13,2,1,2,0.0,0,BB,FRA,Online TA,TA/TO,0,0,0,D,D,0,No Deposit,508.0,0,Transient,91.73,1,0
Resort Hotel,0,1,2017,May,20,15,1,1,2,0.0,0,BB,GBR,Online TA,TA/TO,0,0,0,E,F,0,No Deposit,240.0,0,Transient,109.5,1,2
Resort Hotel,0,112,2017,May,19,8,3,6,2,0.0,0,HB,IRL,Direct,Direct,0,0,0,D,D,1,No Deposit,250.0,0,Transient,124.0,0,1
Resort Hotel,0,10,2017,May,20,15,1,1,2,0.0,0,BB,ESP,Online TA,TA/TO,0,0,0,A,D,0,No Deposit,240.0,0,Transient,85.0,0,2
Resort Hotel,0,1,2017,May,20,15,1,1,2,0.0,0,BB,BRA,Online TA,TA/TO,0,0,0,A,D,0,No Deposit,240.0,0,Transient,77.0,1,1
Resort Hotel,0,6,2017,May,20,16,0,1,2,0.0,0,BB,PRT,Online TA,TA/TO,0,0,0,A,E,0,No Deposit,240.0,0,Transient,92.0,1,1
Resort Hotel,0,5,2017,May,19,13,2,2,2,0.0,0,BB,ESP,Online TA,TA/TO,0,0,0,A,A,0,No Deposit,196.0,0,Transient,94.5,1,0
Resort Hotel,0,5,2017,May,19,13,2,2,2,0.0,0,BB,ESP,Online TA,TA/TO,0,0,0,A,C,0,No Deposit,196.0,0,Transient,89.0,0,0
Resort Hotel,0,82,2017,May,19,13,2,2,2,0.0,0,HB,ESP,Online TA,TA/TO,0,0,0,E,E,0,No Deposit,240.0,0,Transient,147.0,0,1
Resort Hotel,0,215,2017,May,18,3,4,10,2,0.0,0,BB,FIN,Online TA,TA/TO,0,0,0,A,A,0,No Deposit,242.0,0,Transient,63.57,0,1
Resort Hotel,0,82,2017,May,19,13,2,2,2,0.0,0,HB,ESP,Online TA,TA/TO,0,0,0,E,E,0,No Deposit,240.0,0,Transient,147.0,0,1
Resort Hotel,0,13,2017,May,19,11,2,4,2,0.0,0,BB,IRL,Online TA,TA/TO,0,0,0,D,E,0,No Deposit,240.0,0,Transient,105.83,0,2
Resort Hotel,0,125,2017,May,20,14,2,1,2,0.0,0,BB,IRL,Online TA,TA/TO,0,0,0,E,E,0,No Deposit,240.0,0,Transient,115.0,0,1
Resort Hotel,0,5,2017,May,20,16,0,1,2,0.0,0,BB,DEU,Online TA,TA/TO,0,0,0,A,E,0,No Deposit,240.0,0,Transient,85.0,0,1
Resort Hotel,0,82,2017,May,19,13,2,2,2,0.0,0,HB,ESP,Online TA,TA/TO,0,0,0,E,E,0,No Deposit,240.0,0,Transient,147.0,0,1
Resort Hotel,0,8,2017,May,20,16,0,1,2,0.0,0,BB,IRL,Online TA,TA/TO,0,0,0,E,F,0,No Deposit,240.0,0,Transient,115.0,0,1
Resort Hotel,0,3,2017,May,19,11,2,4,2,0.0,0,BB,IRL,Direct,Direct,0,0,0,F,F,2,No Deposit,250.0,0,Transient,170.67,1,0
Resort Hotel,0,140,2017,May,19,10,2,5,2,0.0,0,SC,IRL,Groups,TA/TO,0,0,0,A,I,0,No Deposit,96.0,0,Transient-Party,2.0,0,0
Resort Hotel,0,241,2017,May,19,12,2,4,2,0.0,0,BB,CN,Online TA,TA/TO,0,0,0,A,E,0,No Deposit,241.0,0,Transient,41.58,0,1
Resort Hotel,0,21,2017,May,19,13,2,3,2,0.0,0,BB,IRL,Online TA,TA/TO,0,0,0,A,A,1,No Deposit,240.0,0,Transient,92.0,0,1
Resort Hotel,0,8,2017,May,20,14,2,2,2,0.0,0,BB,GBR,Online TA,TA/TO,0,0,0,E,E,0,No Deposit,314.0,0,Transient-Party,89.18,0,1
Resort Hotel,0,351,2017,May,18,4,4,10,2,0.0,0,BB,GBR,Offline TA/TO,TA/TO,0,0,0,A,A,0,No Deposit,243.0,0,Contract,42.95,0,0
Resort Hotel,0,86,2017,May,19,11,2,5,2,0.0,0,BB,GBR,Offline TA/TO,TA/TO,0,0,0,D,D,0,No Deposit,40.0,0,Contract,50.86,0,0
Resort Hotel,0,8,2017,May,20,14,2,2,2,0.0,0,BB,GBR,Online TA,TA/TO,0,0,0,E,E,0,No Deposit,314.0,0,Transient-Party,91.18,0,1
Resort Hotel,0,177,2017,May,20,17,0,1,2,0.0,0,BB,CHE,Offline TA/TO,TA/TO,0,0,0,D,E,0,No Deposit,251.0,0,Transient,62.0,0,0
Resort Hotel,0,113,2017,May,19,7,4,7,2,0.0,0,BB,GBR,Offline TA/TO,TA/TO,0,0,0,A,A,0,No Deposit,40.0,0,Contract,40.95,0,2
Resort Hotel,0,13,2017,May,19,11,2,5,2,0.0,0,BB,IRL,Direct,Direct,0,0,0,D,D,0,No Deposit,250.0,0,Transient,104.14,0,0
Resort Hotel,0,35,2017,May,19,13,2,3,2,0.0,0,BB,GBR,Online TA,TA/TO,0,0,0,E,E,0,No Deposit,240.0,0,Transient,119.0,0,1
Resort Hotel,0,5,2017,May,20,14,2,2,2,0.0,0,BB,CHE,Online TA,TA/TO,0,0,0,E,E,0,No Deposit,240.0,0,Transient,117.75,1,1
Resort Hotel,0,0,2017,May,20,17,0,1,2,0.0,0,BB,PRT,Direct,Direct,0,0,0,D,D,0,No Deposit,,0,Transient,90.0,1,0
Resort Hotel,0,1,2017,May,20,18,0,1,2,0.0,0,BB,PRT,Direct,Direct,0,0,0,A,A,0,No Deposit,,0,Transient,82.0,1,0
Resort Hotel,0,12,2017,May,20,16,0,2,2,0.0,0,BB,USA,Online TA,TA/TO,0,0,0,A,A,0,No Deposit,240.0,0,Transient,85.0,0,1
Resort Hotel,0,16,2017,May,19,11,2,5,2,0.0,0,BB,IRL,Online TA,TA/TO,0,0,0,G,G,1,No Deposit,240.0,0,Transient,170.0,0,1
Resort Hotel,0,80,2017,May,20,17,0,1,2,0.0,0,BB,FRA,Online TA,TA/TO,0,0,0,A,A,0,No Deposit,240.0,0,Transient,85.0,0,2
Resort Hotel,0,75,2017,May,20,15,1,2,2,0.0,0,BB,GBR,Offline TA/TO,TA/TO,0,0,0,A,A,0,No Deposit,243.0,0,Contract,40.95,0,1
Resort Hotel,0,37,2017,May,20,16,0,2,2,0.0,0,BB,FRA,Direct,Direct,0,0,0,D,D,0,No Deposit,250.0,0,Transient,106.0,1,3
Resort Hotel,0,0,2017,May,20,14,2,2,2,0.0,0,BB,SWE,Direct,Direct,0,0,0,E,E,0,No Deposit,,0,Transient,97.5,0,0
Resort Hotel,0,247,2017,May,19,13,2,3,2,0.0,0,BB,GBR,Online TA,TA/TO,0,0,0,D,E,1,No Deposit,314.0,0,Transient,56.0,0,1
Resort Hotel,0,105,2017,May,19,13,2,3,2,0.0,0,BB,CN,Online TA,TA/TO,0,0,0,A,C,0,No Deposit,241.0,0,Transient,71.18,1,1
Resort Hotel,0,234,2017,May,19,13,2,3,2,0.0,0,BB,GBR,Online TA,TA/TO,0,0,0,A,A,0,No Deposit,314.0,0,Transient,45.2,0,1
Resort Hotel,0,121,2017,May,20,16,0,2,2,0.0,0,BB,GBR,Online TA,TA/TO,0,0,0,A,E,0,No Deposit,240.0,0,Transient-Party,85.0,0,2
Resort Hotel,0,212,2017,May,20,14,2,2,2,0.0,0,BB,PRT,Offline TA/TO,TA/TO,0,0,0,A,C,2,No Deposit,410.0,0,Transient,40.95,0,2
Resort Hotel,0,260,2017,May,19,11,2,5,2,0.0,0,BB,GBR,Offline TA/TO,TA/TO,0,0,0,A,A,0,No Deposit,243.0,0,Contract,40.95,0,0
Resort Hotel,0,121,2017,May,20,16,0,2,2,0.0,0,BB,GBR,Online TA,TA/TO,0,0,0,A,A,0,No Deposit,240.0,0,Transient,85.0,0,1
Resort Hotel,0,225,2017,May,19,11,2,5,2,0.0,0,BB,GBR,Offline TA/TO,TA/TO,0,0,0,D,D,0,No Deposit,40.0,0,Contract,52.85,0,0
Resort Hotel,0,272,2017,May,18,4,4,10,2,0.0,0,BB,GBR,Offline TA/TO,TA/TO,0,0,0,A,A,0,No Deposit,243.0,0,Contract,42.81,0,0
Resort Hotel,0,121,2017,May,20,16,0,2,2,0.0,0,BB,GBR,Online TA,TA/TO,0,0,0,A,A,0,No Deposit,240.0,0,Transient-Party,85.0,0,1
Resort Hotel,0,238,2017,May,19,12,2,5,2,0.0,0,BB,FRA,Online TA,TA/TO,0,0,0,A,C,2,No Deposit,240.0,0,Transient,68.0,1,2
Resort Hotel,0,32,2017,May,20,14,2,3,2,0.0,0,BB,GBR,Online TA,TA/TO,0,0,0,A,A,0,No Deposit,240.0,0,Transient,89.0,0,4
Resort Hotel,0,17,2017,May,20,14,2,3,2,0.0,0,BB,GBR,Online TA,TA/TO,0,0,0,A,A,0,No Deposit,240.0,0,Transient,89.4,0,2
Resort Hotel,0,12,2017,May,20,15,1,3,2,0.0,0,BB,GBR,Online TA,TA/TO,0,0,0,A,H,0,No Deposit,240.0,0,Transient,85.0,0,1
Resort Hotel,0,113,2017,May,19,12,2,5,2,0.0,0,BB,GBR,Online TA,TA/TO,0,0,0,D,D,0,No Deposit,314.0,0,Transient,72.0,0,0
Resort Hotel,0,58,2017,May,20,14,2,3,2,0.0,0,BB,GBR,Direct,Direct,0,0,0,F,F,0,No Deposit,250.0,0,Transient,128.0,0,0
Resort Hotel,0,115,2017,May,20,17,0,2,2,0.0,0,BB,BRA,Online TA,TA/TO,0,0,0,A,A,0,No Deposit,240.0,0,Transient,85.0,0,2
Resort Hotel,0,21,2017,May,20,14,2,3,2,0.0,0,BB,GBR,Online TA,TA/TO,0,0,0,F,F,0,No Deposit,241.0,0,Transient,106.4,0,1
Resort Hotel,0,94,2017,May,20,16,0,3,2,0.0,0,BB,RUS,Online TA,TA/TO,0,0,0,D,D,2,No Deposit,240.0,0,Transient,100.0,0,1
Resort Hotel,0,3,2017,May,20,14,2,3,2,0.0,0,BB,GBR,Online TA,TA/TO,0,0,0,A,A,0,No Deposit,241.0,0,Transient,71.0,1,1
Resort Hotel,0,152,2017,May,20,15,1,3,2,0.0,0,BB,GBR,Offline TA/TO,TA/TO,0,0,0,A,A,0,No Deposit,171.0,0,Transient,50.2,0,1
Resort Hotel,0,125,2017,May,19,13,2,4,2,0.0,0,BB,IRL,Online TA,TA/TO,0,0,0,D,D,0,No Deposit,240.0,0,Transient,100.0,0,0
Resort Hotel,0,234,2017,May,19,13,2,5,2,0.0,0,BB,IRL,Online TA,TA/TO,0,0,0,A,A,2,No Deposit,240.0,0,Transient,55.71,0,1
Resort Hotel,0,27,2017,May,19,13,2,5,2,0.0,0,HB,FRA,Direct,Direct,0,0,0,F,F,1,No Deposit,250.0,0,Transient,167.0,0,0
Resort Hotel,0,119,2017,May,19,7,4,9,2,0.0,0,FB,GBR,Online TA,TA/TO,0,0,0,D,D,1,No Deposit,314.0,0,Transient-Party,118.8,0,0
Resort Hotel,0,119,2017,May,19,7,4,9,2,0.0,0,FB,GBR,Online TA,TA/TO,0,0,0,D,D,2,No Deposit,314.0,0,Transient-Party,118.8,0,0
Resort Hotel,0,105,2017,May,19,13,2,5,2,0.0,0,BB,GBR,Offline TA/TO,TA/TO,0,0,0,A,A,0,No Deposit,40.0,0,Contract,40.95,0,0
Resort Hotel,0,263,2017,May,19,12,2,6,2,0.0,0,BB,IRL,Online TA,TA/TO,0,0,0,A,A,1,No Deposit,240.0,0,Transient-Party,56.0,0,2
Resort Hotel,0,88,2017,May,19,13,2,5,2,0.0,0,BB,GBR,Offline TA/TO,TA/TO,0,0,0,D,D,0,No Deposit,40.0,0,Contract,50.86,0,0
Resort Hotel,0,135,2017,May,19,13,2,5,2,0.0,0,BB,GBR,Online TA,TA/TO,0,0,0,D,D,0,No Deposit,240.0,0,Transient,100.0,0,2
Resort Hotel,0,89,2017,May,20,20,2,2,2,0.0,0,BB,GBR,Direct,Direct,0,0,0,D,D,2,No Deposit,,0,Transient,100.0,0,2
Resort Hotel,0,150,2017,May,20,19,0,1,2,0.0,0,BB,GBR,Offline TA/TO,TA/TO,0,0,0,D,D,0,No Deposit,251.0,0,Transient,62.0,0,0
Resort Hotel,0,228,2017,May,19,13,2,5,2,0.0,0,BB,SWE,Offline TA/TO,TA/TO,0,0,0,A,A,1,No Deposit,96.0,0,Transient,43.2,0,0
Resort Hotel,0,26,2017,May,20,17,0,3,2,0.0,0,BB,GBR,Direct,Direct,0,0,0,A,A,0,No Deposit,250.0,0,Transient,80.75,0,0
Resort Hotel,0,117,2017,May,20,14,2,4,2,0.0,0,BB,GBR,Offline TA/TO,TA/TO,0,0,0,D,D,0,No Deposit,436.0,0,Transient,59.33,0,1
Resort Hotel,0,221,2017,May,19,13,2,5,2,0.0,0,HB,HUN,Offline TA/TO,TA/TO,0,0,0,D,D,0,No Deposit,6.0,0,Transient,79.2,0,0
Resort Hotel,0,30,2017,May,20,17,0,3,2,0.0,0,BB,FRA,Online TA,TA/TO,0,0,0,A,A,0,No Deposit,240.0,0,Transient,90.0,0,2
Resort Hotel,0,5,2017,May,19,13,2,5,2,0.0,0,BB,DEU,Online TA,TA/TO,0,0,0,A,A,0,No Deposit,242.0,0,Transient,86.43,0,1
Resort Hotel,0,244,2017,May,18,2,4,14,2,0.0,0,BB,FIN,Online TA,TA/TO,0,0,0,E,E,0,No Deposit,242.0,0,Transient,83.0,0,1
Resort Hotel,0,81,2017,May,20,16,0,4,2,0.0,0,BB,CN,Offline TA/TO,TA/TO,0,0,0,A,A,0,No Deposit,410.0,0,Transient,45.5,0,0
Resort Hotel,0,128,2017,May,19,13,2,5,2,0.0,0,BB,GBR,Online TA,TA/TO,0,0,0,E,E,0,No Deposit,175.0,0,Transient,82.8,0,0
Resort Hotel,0,66,2017,May,19,13,2,5,2,0.0,0,BB,PRT,Online TA,TA/TO,0,0,0,G,G,1,No Deposit,240.0,0,Transient-Party,165.0,0,0
Resort Hotel,0,326,2017,May,19,13,2,5,2,0.0,0,BB,IRL,Online TA,TA/TO,0,0,0,A,A,0,No Deposit,240.0,0,Transient,56.0,1,1
Resort Hotel,0,297,2017,May,20,20,0,1,2,0.0,0,BB,IRL,Online TA,TA/TO,0,0,0,A,A,0,No Deposit,,0,Transient,54.0,0,1
Resort Hotel,0,16,2017,May,20,18,0,2,2,0.0,0,BB,HUN,Online TA,TA/TO,0,0,0,A,H,0,No Deposit,240.0,0,Transient,85.0,0,2
Resort Hotel,0,8,2017,May,20,17,0,3,2,0.0,0,BB,GBR,Online TA,TA/TO,0,0,0,A,H,0,No Deposit,240.0,0,Transient,85.0,0,1
Resort Hotel,0,120,2017,May,20,15,1,4,2,0.0,0,BB,USA,Online TA,TA/TO,0,0,0,D,D,0,No Deposit,240.0,0,Transient,100.0,0,2
Resort Hotel,0,247,2017,May,19,13,2,5,2,0.0,0,BB,GBR,Online TA,TA/TO,0,0,0,A,D,1,No Deposit,314.0,0,Transient,55.2,0,1
Resort Hotel,0,114,2017,May,19,13,2,5,2,0.0,0,BB,IRL,Direct,Direct,0,0,0,D,D,1,No Deposit,250.0,0,Transient,88.5,0,1
Resort Hotel,0,35,2017,May,19,12,2,6,2,0.0,0,BB,NLD,Online TA,TA/TO,0,0,0,G,G,1,No Deposit,240.0,0,Transient,169.0,0,0
Resort Hotel,0,103,2017,May,20,14,2,5,2,0.0,0,BB,PRT,Offline TA/TO,TA/TO,0,0,0,A,A,0,No Deposit,69.0,0,Transient,40.95,0,1
Resort Hotel,0,13,2017,May,20,14,2,5,2,0.0,0,BB,DEU,Online TA,TA/TO,0,0,0,A,A,0,No Deposit,241.0,0,Transient,68.4,0,1
Resort Hotel,0,289,2017,May,19,11,2,8,2,0.0,0,BB,GBR,Offline TA/TO,TA/TO,0,0,0,A,F,1,No Deposit,40.0,0,Contract,72.95,0,0
Resort Hotel,0,361,2017,May,20,14,2,5,2,0.0,0,HB,GBR,Offline TA/TO,TA/TO,0,0,0,D,D,0,No Deposit,243.0,0,Contract,83.71,0,4
Resort Hotel,0,361,2017,May,20,14,2,5,2,0.0,0,HB,GBR,Offline TA/TO,TA/TO,0,0,0,D,D,0,No Deposit,243.0,0,Contract,80.85,0,3
Resort Hotel,0,89,2017,May,20,14,2,5,2,0.0,0,BB,GBR,Offline TA/TO,TA/TO,0,0,0,D,D,0,No Deposit,40.0,0,Contract,50.85,0,0
Resort Hotel,0,89,2017,May,20,14,2,5,2,0.0,0,BB,GBR,Offline TA/TO,TA/TO,0,0,0,A,A,0,No Deposit,40.0,0,Contract,40.95,0,0
Resort Hotel,0,81,2017,May,20,14,2,5,2,0.0,0,BB,GBR,Offline TA/TO,TA/TO,0,0,0,D,D,0,No Deposit,40.0,0,Contract,52.85,0,1
Resort Hotel,0,85,2017,May,20,14,2,5,2,0.0,0,HB,GBR,Offline TA/TO,TA/TO,0,0,0,D,D,0,No Deposit,40.0,0,Contract,80.85,0,0
Resort Hotel,0,103,2017,May,20,14,2,5,2,0.0,0,BB,GBR,Offline TA/TO,TA/TO,0,0,0,A,A,0,No Deposit,171.0,0,Transient,43.2,0,1
Resort Hotel,0,107,2017,May,19,11,2,8,2,0.0,0,BB,GBR,Offline TA/TO,TA/TO,0,0,0,A,A,0,No Deposit,40.0,0,Contract,42.95,0,0
Resort Hotel,0,93,2017,May,20,18,0,3,2,0.0,0,BB,USA,Online TA,TA/TO,0,0,0,C,C,1,No Deposit,240.0,0,Transient,123.0,0,2
Resort Hotel,0,262,2017,May,19,13,2,6,2,0.0,0,BB,GBR,Offline TA/TO,TA/TO,0,0,0,E,E,0,No Deposit,40.0,0,Transient,64.1,0,0
Resort Hotel,0,12,2017,May,20,16,0,5,2,0.0,0,BB,ESP,Online TA,TA/TO,0,0,0,A,A,0,No Deposit,242.0,0,Transient,99.0,1,1
Resort Hotel,0,5,2017,May,20,20,0,1,2,0.0,0,BB,PRT,Direct,Direct,0,0,0,G,G,0,No Deposit,250.0,0,Transient,182.0,1,0
Resort Hotel,0,66,2017,May,19,7,4,10,2,0.0,0,BB,DEU,Direct,Direct,0,0,0,F,F,2,No Deposit,250.0,0,Transient,154.0,0,0
Resort Hotel,0,67,2017,May,20,20,0,1,2,0.0,0,BB,PRT,Online TA,TA/TO,0,0,0,D,D,0,No Deposit,240.0,0,Transient,100.0,0,2
Resort Hotel,0,0,2017,May,20,20,0,1,2,0.0,0,HB,FRA,Online TA,TA/TO,0,0,0,D,D,0,No Deposit,240.0,0,Transient,167.0,0,1
Resort Hotel,0,124,2017,May,20,14,2,5,2,0.0,0,BB,GBR,Offline TA/TO,TA/TO,0,0,0,D,D,0,No Deposit,40.0,0,Contract,52.85,0,0
Resort Hotel,0,2,2017,May,20,20,0,1,2,0.0,0,BB,PRT,Online TA,TA/TO,0,0,0,C,C,1,No Deposit,240.0,0,Transient-Party,150.0,1,1
Resort Hotel,0,13,2017,May,20,17,0,4,2,0.0,0,BB,PRT,Direct,Direct,0,0,0,E,E,2,No Deposit,250.0,0,Transient,125.5,1,1
Resort Hotel,0,20,2017,May,20,18,0,3,2,0.0,0,BB,PRT,Direct,Direct,0,0,0,A,A,0,No Deposit,250.0,0,Transient,91.67,0,0
Resort Hotel,0,68,2017,May,20,20,0,1,2,0.0,0,BB,PRT,Online TA,TA/TO,0,0,0,E,I,2,No Deposit,240.0,0,Transient,127.0,1,2
Resort Hotel,0,1,2017,May,21,21,1,0,2,0.0,0,BB,PRT,Direct,TA/TO,0,0,0,G,G,0,No Deposit,,0,Transient,135.0,0,2
Resort Hotel,0,128,2017,May,20,18,0,3,2,0.0,0,BB,CHE,Offline TA/TO,TA/TO,0,0,0,E,G,0,No Deposit,177.0,0,Transient,64.8,0,2
Resort Hotel,0,223,2017,May,19,7,4,10,2,0.0,0,HB,FRA,Offline TA/TO,TA/TO,0,0,0,A,A,0,No Deposit,163.0,0,Transient,62.48,0,2
Resort Hotel,0,1,2017,May,20,20,0,1,2,0.0,0,BB,ESP,Online TA,TA/TO,0,0,0,A,A,1,No Deposit,240.0,0,Transient,127.0,1,0
Resort Hotel,0,93,2017,May,20,18,1,3,2,0.0,0,BB,GBR,Offline TA/TO,TA/TO,0,0,0,A,A,0,No Deposit,95.0,0,Transient,49.5,0,0
Resort Hotel,0,0,2017,May,20,15,2,5,2,0.0,0,HB,GBR,Offline TA/TO,TA/TO,0,0,0,A,A,0,No Deposit,243.0,0,Transient,70.95,0,0
Resort Hotel,0,193,2017,May,20,15,2,5,2,0.0,0,HB,GBR,Offline TA/TO,TA/TO,0,0,0,A,A,1,No Deposit,243.0,0,Contract,68.95,0,0
Resort Hotel,0,292,2017,May,20,15,2,5,2,0.0,0,HB,GBR,Offline TA/TO,TA/TO,0,0,0,A,A,0,No Deposit,40.0,0,Contract,72.95,0,0
Resort Hotel,0,120,2017,May,20,17,1,4,2,0.0,0,BB,GBR,Offline TA/TO,TA/TO,0,0,0,D,D,0,No Deposit,436.0,0,Transient,56.0,0,0
Resort Hotel,0,120,2017,May,20,17,1,4,2,0.0,0,BB,GBR,Offline TA/TO,TA/TO,0,0,0,D,D,0,No Deposit,436.0,0,Transient,54.0,0,0
Resort Hotel,0,163,2017,May,20,15,2,5,2,0.0,0,BB,GBR,Offline TA/TO,TA/TO,0,0,0,E,E,0,No Deposit,40.0,0,Transient,62.1,0,0
Resort Hotel,0,0,2017,May,20,20,1,1,2,0.0,0,BB,ESP,Direct,Direct,0,0,0,A,A,0,No Deposit,,0,Transient,95.0,0,1
Resort Hotel,0,103,2017,May,20,15,2,5,2,0.0,0,BB,IRL,Offline TA/TO,TA/TO,0,0,0,A,A,0,No Deposit,177.0,0,Transient,48.0,0,1
Resort Hotel,0,7,2017,May,21,21,1,0,2,0.0,0,BB,BEL,Online TA,TA/TO,0,0,0,D,D,0,No Deposit,240.0,0,Transient-Party,100.0,0,1
Resort Hotel,0,83,2017,May,20,15,2,5,2,0.0,0,BB,GBR,Offline TA/TO,TA/TO,0,0,0,D,D,0,No Deposit,40.0,0,Contract,50.85,0,0
Resort Hotel,0,7,2017,May,21,21,1,0,2,0.0,0,BB,BEL,Online TA,TA/TO,0,0,0,D,D,0,No Deposit,240.0,0,Transient-Party,100.0,0,1
Resort Hotel,0,153,2017,May,20,19,1,2,2,0.0,0,BB,GBR,Offline TA/TO,TA/TO,0,0,0,A,C,0,No Deposit,177.0,0,Transient,43.2,0,1
Resort Hotel,0,3,2017,May,21,21,1,0,2,0.0,0,BB,PRT,Direct,Direct,0,0,0,A,A,0,No Deposit,250.0,0,Transient,78.25,1,1
Resort Hotel,0,286,2017,May,20,18,1,3,2,0.0,0,HB,GBR,Offline TA/TO,TA/TO,0,0,0,A,E,0,No Deposit,243.0,0,Contract,78.95,0,1
Resort Hotel,0,286,2017,May,20,18,1,3,2,0.0,0,HB,GBR,Offline TA/TO,TA/TO,0,0,0,A,E,1,No Deposit,243.0,0,Contract,80.45,0,1
Resort Hotel,0,286,2017,May,20,18,1,3,2,0.0,0,HB,GBR,Offline TA/TO,TA/TO,0,0,0,A,E,1,No Deposit,243.0,0,Contract,78.95,0,1
Resort Hotel,0,67,2017,May,20,17,1,4,2,0.0,0,BB,NLD,Direct,Direct,0,0,0,G,G,2,No Deposit,250.0,0,Transient,160.0,0,0
Resort Hotel,0,286,2017,May,20,18,1,3,2,0.0,0,HB,GBR,Offline TA/TO,TA/TO,0,0,0,A,E,2,No Deposit,243.0,0,Contract,78.95,0,1
Resort Hotel,0,0,2017,May,21,21,1,0,2,0.0,0,BB,ITA,Direct,Direct,0,0,0,A,A,0,No Deposit,,0,Transient,75.0,0,0
Resort Hotel,0,94,2017,May,20,15,2,5,2,0.0,0,HB,IRL,Offline TA/TO,TA/TO,0,0,0,A,A,0,No Deposit,177.0,0,Transient,76.0,0,0
Resort Hotel,0,275,2017,May,19,7,5,10,2,0.0,0,SC,GBR,Offline TA/TO,TA/TO,0,0,0,A,I,1,No Deposit,243.0,0,Contract,0.0,0,1
Resort Hotel,0,74,2017,May,20,14,3,5,2,0.0,0,SC,GBR,Offline TA/TO,TA/TO,0,0,0,D,I,1,No Deposit,243.0,0,Contract,0.0,0,2
Resort Hotel,0,208,2017,May,21,22,0,0,2,0.0,0,BB,PRT,Offline TA/TO,TA/TO,0,0,0,D,I,0,No Deposit,40.0,0,Contract,0.0,0,1
Resort Hotel,0,112,2017,May,20,16,2,5,2,0.0,0,BB,GBR,Offline TA/TO,TA/TO,0,0,0,A,A,0,No Deposit,436.0,0,Transient,43.2,0,0
Resort Hotel,0,205,2017,May,20,16,2,5,2,0.0,0,BB,IRL,Online TA,TA/TO,0,0,0,A,A,0,No Deposit,240.0,0,Transient,78.5,0,2
Resort Hotel,0,205,2017,May,20,16,2,5,2,0.0,0,BB,IRL,Online TA,TA/TO,0,0,0,A,A,0,No Deposit,240.0,0,Transient,78.5,0,2
Resort Hotel,0,130,2017,May,20,16,2,5,2,0.0,0,HB,CHE,Online TA,TA/TO,0,0,0,E,E,0,No Deposit,240.0,0,Transient,152.0,1,1
Resort Hotel,0,329,2017,May,18,5,6,12,2,0.0,0,BB,GBR,Online TA,TA/TO,0,0,0,D,D,0,No Deposit,240.0,0,Transient,67.5,0,1
Resort Hotel,0,126,2017,May,20,16,2,5,2,0.0,0,HB,GBR,Offline TA/TO,TA/TO,0,0,0,A,A,0,No Deposit,40.0,0,Contract,49.2,0,0
Resort Hotel,0,181,2017,May,20,16,2,5,2,0.0,0,BB,GBR,Offline TA/TO,TA/TO,0,0,0,D,D,0,No Deposit,40.0,0,Contract,52.85,0,1
Resort Hotel,0,118,2017,May,20,16,2,5,2,0.0,0,BB,GBR,Offline TA/TO,TA/TO,0,0,0,A,A,0,No Deposit,40.0,0,Contract,42.95,0,1
Resort Hotel,0,118,2017,May,20,16,2,5,2,0.0,0,BB,GBR,Offline TA/TO,TA/TO,0,0,0,A,A,0,No Deposit,40.0,0,Contract,42.95,0,1
Resort Hotel,0,208,2017,May,20,16,2,5,2,0.0,0,BB,GBR,Offline TA/TO,TA/TO,0,0,0,D,F,0,No Deposit,40.0,0,Contract,70.85,0,0
Resort Hotel,0,200,2017,May,20,16,2,5,2,0.0,0,BB,GBR,Offline TA/TO,TA/TO,0,0,0,D,D,0,No Deposit,40.0,0,Contract,50.85,0,1
Resort Hotel,0,147,2017,May,20,16,2,5,2,0.0,0,HB,IRL,Offline TA/TO,TA/TO,0,0,0,A,A,0,No Deposit,436.0,0,Transient,70.4,0,0
Resort Hotel,0,97,2017,May,20,16,2,5,2,0.0,0,HB,FRA,Online TA,TA/TO,0,0,0,A,A,0,No Deposit,241.0,0,Transient,85.59,0,0
Resort Hotel,0,104,2017,May,21,22,1,0,2,0.0,0,BB,NOR,Offline TA/TO,TA/TO,0,0,0,D,H,0,No Deposit,251.0,0,Transient-Party,62.0,0,0
Resort Hotel,0,118,2017,May,21,22,1,0,2,0.0,0,BB,NOR,Offline TA/TO,TA/TO,0,0,0,D,D,0,No Deposit,251.0,0,Transient-Party,62.0,0,0
Resort Hotel,0,118,2017,May,21,22,1,0,2,0.0,0,BB,NOR,Offline TA/TO,TA/TO,0,0,0,D,D,0,No Deposit,251.0,0,Transient-Party,62.0,0,0
Resort Hotel,0,104,2017,May,21,22,1,0,2,0.0,0,BB,NOR,Offline TA/TO,TA/TO,0,0,0,D,E,0,No Deposit,251.0,0,Transient-Party,62.0,0,0
Resort Hotel,0,118,2017,May,21,22,1,0,2,0.0,0,BB,NOR,Offline TA/TO,TA/TO,0,0,0,D,D,0,No Deposit,251.0,0,Transient-Party,62.0,0,0
Resort Hotel,0,118,2017,May,21,22,1,0,2,0.0,0,BB,NOR,Offline TA/TO,TA/TO,0,0,0,D,D,0,No Deposit,251.0,0,Transient-Party,62.0,0,0
Resort Hotel,0,108,2017,May,20,16,2,5,2,0.0,0,HB,GBR,Offline TA/TO,TA/TO,0,0,0,A,A,0,No Deposit,143.0,0,Transient,68.95,0,0
Resort Hotel,0,0,2017,May,21,22,1,0,2,0.0,0,BB,PRT,Corporate,Corporate,0,0,0,A,C,0,No Deposit,,0,Transient-Party,60.0,0,1
Resort Hotel,0,222,2017,May,20,16,2,5,2,0.0,0,BB,GBR,Offline TA/TO,TA/TO,0,0,0,A,A,0,No Deposit,143.0,0,Transient,42.95,0,1
Resort Hotel,0,126,2017,May,20,16,2,5,2,0.0,0,BB,IRL,Offline TA/TO,TA/TO,0,0,0,E,E,0,No Deposit,171.0,0,Transient,66.8,0,0
Resort Hotel,0,219,2017,May,19,13,4,6,2,0.0,0,HB,GBR,Offline TA/TO,TA/TO,0,0,0,E,E,0,No Deposit,143.0,0,Transient,90.1,0,1
Resort Hotel,0,195,2017,May,20,16,2,5,2,0.0,0,HB,IRL,Online TA,TA/TO,0,0,0,A,A,0,No Deposit,240.0,0,Transient,115.0,0,1
Resort Hotel,0,154,2017,May,20,16,2,5,2,0.0,0,BB,IRL,Offline TA/TO,TA/TO,0,0,0,A,A,2,No Deposit,171.0,0,Transient,43.2,0,0
Resort Hotel,0,0,2017,May,20,20,2,1,2,0.0,0,BB,PRT,Direct,Direct,0,0,0,H,H,0,No Deposit,,0,Transient,165.33,1,0
Resort Hotel,0,118,2017,May,20,16,2,5,2,0.0,0,BB,IRL,Offline TA/TO,TA/TO,0,0,0,A,A,0,No Deposit,171.0,0,Transient,43.2,0,0
Resort Hotel,0,213,2017,May,21,23,0,0,2,0.0,0,BB,PRT,Online TA,TA/TO,0,0,0,D,I,0,No Deposit,240.0,0,Transient,0.0,0,1
Resort Hotel,0,126,2017,May,20,16,2,5,2,0.0,0,BB,GBR,Offline TA/TO,TA/TO,0,0,0,D,D,0,No Deposit,436.0,0,Transient,54.0,0,0
Resort Hotel,0,62,2017,May,20,16,2,5,2,0.0,0,BB,SUR,Online TA,TA/TO,0,0,0,G,G,0,No Deposit,241.0,0,Transient,132.0,0,1
Resort Hotel,0,89,2017,May,20,19,2,2,2,0.0,0,BB,CN,Online TA,TA/TO,0,0,0,F,F,0,No Deposit,241.0,0,Transient,100.0,0,1
Resort Hotel,0,103,2017,May,20,16,2,5,2,0.0,0,HB,DEU,Offline TA/TO,TA/TO,0,0,0,E,E,3,No Deposit,69.0,0,Transient,89.1,0,0
Resort Hotel,0,98,2017,May,20,17,2,4,2,0.0,0,BB,CN,Offline TA/TO,TA/TO,0,0,0,E,E,0,No Deposit,8.0,0,Transient,72.0,0,0
Resort Hotel,0,303,2017,May,19,11,4,8,2,0.0,0,HB,GBR,Offline TA/TO,TA/TO,0,0,0,A,A,0,No Deposit,243.0,0,Contract,70.95,0,0
Resort Hotel,0,87,2017,May,20,20,2,1,2,0.0,0,BB,CN,Online TA,TA/TO,0,0,0,E,E,1,No Deposit,314.0,0,Transient,94.0,0,0
Resort Hotel,0,130,2017,May,20,19,2,2,2,0.0,0,BB,PRT,Online TA,TA/TO,0,0,0,A,A,2,No Deposit,240.0,0,Transient,86.25,0,2
Resort Hotel,0,302,2017,May,20,16,2,5,2,0.0,0,BB,GBR,Offline TA/TO,TA/TO,0,0,0,A,B,0,No Deposit,6.0,0,Transient,48.0,0,0
Resort Hotel,0,194,2017,May,20,15,3,6,2,0.0,0,BB,DEU,Offline TA/TO,TA/TO,0,0,0,A,A,0,No Deposit,6.0,0,Transient,43.2,0,0
Resort Hotel,0,142,2017,May,20,17,2,5,2,0.0,0,BB,FRA,Offline TA/TO,TA/TO,0,0,0,A,A,0,No Deposit,6.0,0,Transient,43.2,0,0
Resort Hotel,0,95,2017,May,20,14,4,6,2,0.0,0,HB,DEU,Offline TA/TO,TA/TO,0,0,0,D,D,2,No Deposit,69.0,0,Transient,79.85,0,0
Resort Hotel,0,127,2017,May,20,17,2,5,2,0.0,0,BB,GBR,Offline TA/TO,TA/TO,0,0,0,D,D,0,No Deposit,171.0,0,Transient,56.0,0,0
Resort Hotel,0,79,2017,May,20,17,2,5,2,0.0,0,BB,GBR,Online TA,TA/TO,0,0,0,D,D,0,No Deposit,241.0,0,Transient,80.0,0,1
Resort Hotel,0,95,2017,May,20,17,2,5,2,0.0,0,BB,GBR,Offline TA/TO,TA/TO,0,0,0,E,E,0,No Deposit,6.0,0,Transient,74.0,0,0
Resort Hotel,0,95,2017,May,20,17,2,5,2,0.0,0,BB,GBR,Offline TA/TO,TA/TO,0,0,0,A,A,0,No Deposit,95.0,0,Transient,48.0,0,0
Resort Hotel,0,15,2017,May,21,22,1,1,2,0.0,0,BB,BEL,Online TA,TA/TO,0,0,0,A,A,0,No Deposit,240.0,0,Transient,92.0,1,0
Resort Hotel,0,0,2017,May,21,23,0,1,2,0.0,0,BB,PRT,Direct,Direct,0,0,0,H,H,0,No Deposit,,0,Transient,162.0,1,0
Resort Hotel,0,25,2017,May,21,23,0,1,2,0.0,0,BB,USA,Online TA,TA/TO,0,0,0,D,D,0,No Deposit,241.0,0,Transient,76.0,0,1
Resort Hotel,0,68,2017,May,20,17,2,5,2,0.0,0,BB,BEL,Direct,Direct,0,0,0,F,F,0,No Deposit,250.0,0,Group,120.0,0,2
Resort Hotel,0,33,2017,August,33,18,1,2,2,0.0,0,FB,PRT,Online TA,Direct,1,0,1,A,E,10,No Deposit,240.0,0,Transient-Party,270.0,1,4
Resort Hotel,0,153,2017,May,21,23,0,1,2,0.0,0,BB,AUT,Offline TA/TO,TA/TO,0,0,0,D,D,0,No Deposit,251.0,0,Transient,62.0,0,0
Resort Hotel,0,133,2017,May,20,17,2,5,2,0.0,0,BB,IRL,Direct,Direct,0,0,0,A,A,0,No Deposit,250.0,0,Transient,78.5,0,1
Resort Hotel,0,98,2017,May,20,17,2,5,2,0.0,0,BB,CN,Offline TA/TO,TA/TO,0,0,0,E,E,0,No Deposit,8.0,0,Transient,72.0,0,0
Resort Hotel,0,105,2017,May,20,15,3,6,2,0.0,0,BB,GBR,Online TA,TA/TO,0,0,0,E,E,0,No Deposit,241.0,0,Transient,84.12,0,1
Resort Hotel,0,0,2017,May,21,23,0,1,2,0.0,0,BB,AUS,Online TA,TA/TO,0,0,0,D,D,0,No Deposit,240.0,0,Transient,112.0,1,0
Resort Hotel,0,11,2017,May,20,18,2,4,2,0.0,0,BB,IRL,Online TA,TA/TO,0,0,0,A,C,0,No Deposit,241.0,0,Transient,72.67,0,1
Resort Hotel,0,107,2017,May,20,20,2,2,2,0.0,0,BB,CN,Offline TA/TO,TA/TO,0,0,0,A,A,1,No Deposit,410.0,0,Transient,47.5,0,1
Resort Hotel,0,168,2017,May,20,15,3,6,2,0.0,0,HB,DEU,Offline TA/TO,TA/TO,0,0,0,E,E,0,No Deposit,163.0,0,Transient,84.45,0,0
Resort Hotel,0,1,2017,May,21,23,0,1,2,0.0,0,BB,ESP,Direct,Direct,0,0,0,D,D,0,No Deposit,250.0,0,Transient,97.0,1,1
Resort Hotel,0,255,2017,May,20,17,2,5,2,0.0,0,BB,IRL,Online TA,TA/TO,0,0,0,E,E,0,No Deposit,240.0,0,Transient,83.0,0,1
Resort Hotel,0,9,2017,May,21,22,1,1,2,0.0,0,BB,PRT,Online TA,TA/TO,0,0,0,D,D,0,No Deposit,240.0,0,Transient,94.5,1,2
Resort Hotel,0,87,2017,May,20,20,2,2,2,0.0,0,BB,PRT,Online TA,TA/TO,0,0,0,E,E,0,No Deposit,241.0,0,Transient,94.0,0,2
Resort Hotel,0,3,2017,May,21,22,1,1,2,0.0,0,BB,PRT,Online TA,TA/TO,0,0,0,A,A,0,No Deposit,240.0,0,Transient,87.0,1,1
Resort Hotel,0,239,2017,May,20,18,2,4,2,0.0,0,HB,FRA,Direct,Direct,0,0,0,E,E,1,No Deposit,250.0,0,Transient,101.28,0,0
Resort Hotel,0,131,2017,May,20,14,4,6,2,0.0,0,BB,PRT,Offline TA/TO,TA/TO,0,0,0,A,C,0,No Deposit,171.0,0,Transient,43.2,0,0
Resort Hotel,0,93,2017,May,19,10,4,10,2,0.0,0,HB,PRT,Online TA,TA/TO,0,0,0,A,C,1,No Deposit,314.0,0,Transient,88.2,0,0
Resort Hotel,0,2,2017,May,21,21,2,1,2,0.0,0,BB,PRT,Online TA,TA/TO,0,0,0,A,A,0,No Deposit,240.0,0,Transient,72.0,0,1
Resort Hotel,0,5,2017,May,21,22,1,1,2,0.0,0,BB,BRA,Online TA,TA/TO,0,0,0,A,A,0,No Deposit,240.0,0,Transient,72.0,0,2
Resort Hotel,0,93,2017,May,20,17,2,5,2,0.0,0,FB,FRA,Direct,Direct,0,0,0,E,E,1,No Deposit,250.0,0,Transient-Party,177.0,1,0
Resort Hotel,0,93,2017,May,20,17,2,5,2,0.0,0,FB,FRA,Direct,Direct,0,0,0,E,E,1,No Deposit,250.0,0,Transient-Party,170.0,0,0
Resort Hotel,0,101,2017,May,20,18,2,5,2,0.0,0,BB,IRL,Direct,Direct,0,0,0,A,C,0,No Deposit,250.0,0,Transient,80.0,0,0
Resort Hotel,0,283,2017,May,20,15,3,7,2,0.0,0,BB,GBR,Offline TA/TO,TA/TO,0,0,0,A,A,1,No Deposit,243.0,0,Contract,40.95,0,1
Resort Hotel,0,358,2017,May,19,11,4,10,2,0.0,0,HB,GBR,Offline TA/TO,TA/TO,0,0,0,D,D,0,No Deposit,243.0,0,Contract,78.85,0,1
Resort Hotel,0,219,2017,May,20,18,2,5,2,0.0,0,HB,GBR,Offline TA/TO,TA/TO,0,0,0,D,D,0,No Deposit,143.0,0,Transient,80.85,0,0
Resort Hotel,0,132,2017,May,20,18,2,5,2,0.0,0,BB,GBR,Offline TA/TO,TA/TO,0,0,0,A,A,0,No Deposit,143.0,0,Transient,40.95,0,0
Resort Hotel,0,117,2017,May,20,15,3,7,2,0.0,0,BB,GBR,Offline TA/TO,TA/TO,0,0,0,D,D,0,No Deposit,243.0,0,Transient,57.85,1,0
Resort Hotel,0,114,2017,May,20,18,2,5,2,0.0,0,HB,GBR,Offline TA/TO,TA/TO,0,0,0,A,A,0,No Deposit,243.0,0,Transient,70.95,0,0
Resort Hotel,0,105,2017,May,20,18,2,5,2,0.0,0,BB,GBR,Offline TA/TO,TA/TO,0,0,0,D,D,0,No Deposit,243.0,0,Contract,52.85,0,1
Resort Hotel,0,104,2017,May,20,15,3,7,2,0.0,0,HB,IRL,Offline TA/TO,TA/TO,0,0,0,D,D,1,No Deposit,40.0,0,Contract,80.85,0,0
Resort Hotel,0,117,2017,May,20,15,3,7,2,0.0,0,HB,GBR,Offline TA/TO,TA/TO,0,0,0,D,D,0,No Deposit,243.0,0,Transient,78.85,0,2
Resort Hotel,0,105,2017,May,20,18,2,5,2,0.0,0,BB,GBR,Offline TA/TO,TA/TO,0,0,0,D,D,0,No Deposit,243.0,0,Contract,52.85,0,1
Resort Hotel,0,13,2017,May,21,24,0,1,2,0.0,0,BB,POL,Online TA,TA/TO,0,0,0,A,D,0,No Deposit,240.0,0,Transient,60.0,0,1
Resort Hotel,0,114,2017,May,19,13,4,8,2,0.0,0,BB,GBR,Offline TA/TO,TA/TO,0,0,0,D,D,0,No Deposit,40.0,0,Contract,52.85,0,2
Resort Hotel,0,128,2017,May,20,18,2,5,2,0.0,0,HB,GBR,Offline TA/TO,TA/TO,0,0,0,D,E,1,No Deposit,243.0,0,Transient,88.85,0,0
Resort Hotel,0,91,2017,May,20,18,2,5,2,0.0,0,BB,GBR,Offline TA/TO,TA/TO,0,0,0,A,A,0,No Deposit,40.0,0,Contract,40.95,0,0
Resort Hotel,0,287,2017,May,20,15,3,7,2,0.0,0,BB,GBR,Offline TA/TO,TA/TO,0,0,0,E,E,0,No Deposit,40.0,0,Transient,64.1,0,0
Resort Hotel,0,99,2017,May,19,11,4,10,2,0.0,0,HB,GBR,Offline TA/TO,TA/TO,0,0,0,D,D,0,No Deposit,40.0,0,Contract,82.86,0,0
Resort Hotel,0,192,2017,May,21,23,0,2,2,0.0,0,BB,GBR,Online TA,TA/TO,0,0,0,A,A,0,No Deposit,240.0,0,Transient,92.0,1,2
Resort Hotel,0,56,2017,May,21,24,0,1,2,0.0,0,BB,DEU,Offline TA/TO,TA/TO,0,0,0,D,D,0,No Deposit,,0,Transient,62.0,0,0
Resort Hotel,0,14,2017,May,21,22,1,2,2,0.0,0,BB,PRT,Direct,Direct,0,0,0,F,F,1,No Deposit,,0,Transient,145.75,1,1
Resort Hotel,0,2,2017,May,21,23,0,2,2,0.0,0,BB,CN,Online TA,TA/TO,0,0,0,A,A,0,No Deposit,240.0,0,Transient,87.0,1,1
Resort Hotel,0,11,2017,May,21,23,0,2,2,0.0,0,BB,ITA,Online TA,TA/TO,0,0,0,E,E,0,No Deposit,240.0,0,Transient,90.0,0,2
Resort Hotel,0,0,2017,May,21,23,0,2,2,0.0,0,BB,BRA,Direct,Direct,0,0,0,A,C,0,No Deposit,,0,Transient-Party,45.9,0,1
Resort Hotel,0,2,2017,May,21,24,0,1,2,0.0,0,BB,PRT,Online TA,TA/TO,0,0,0,A,H,0,No Deposit,240.0,0,Transient,72.0,0,2
Resort Hotel,0,0,2017,May,21,23,0,2,2,0.0,0,BB,BRA,Direct,Direct,0,0,0,A,C,0,No Deposit,,0,Transient-Party,54.0,0,1
Resort Hotel,0,0,2017,May,21,23,0,2,2,0.0,0,BB,PRT,Direct,Direct,0,0,0,A,E,0,No Deposit,,0,Transient-Party,54.0,0,1
Resort Hotel,0,72,2017,May,21,23,0,2,2,0.0,0,BB,CN,Online TA,TA/TO,0,0,0,A,A,0,No Deposit,240.0,0,Transient-Party,85.0,0,2
Resort Hotel,0,98,2017,May,20,16,2,7,2,0.0,0,BB,IRL,Offline TA/TO,TA/TO,0,0,0,A,A,0,No Deposit,95.0,0,Transient,49.78,0,0
Resort Hotel,0,72,2017,May,21,23,0,2,2,0.0,0,BB,CN,Online TA,TA/TO,0,0,0,A,A,0,No Deposit,240.0,0,Transient-Party,93.0,1,2
Resort Hotel,0,220,2017,May,20,15,3,7,2,0.0,0,HB,GBR,Offline TA/TO,TA/TO,0,0,0,E,E,0,No Deposit,436.0,0,Transient,90.0,0,0
Resort Hotel,0,47,2017,May,21,24,0,1,2,0.0,0,BB,GBR,Online TA,TA/TO,0,0,0,A,A,0,No Deposit,240.0,0,Transient,89.0,0,0
Resort Hotel,0,150,2017,May,20,15,3,7,2,0.0,0,BB,IRL,Offline TA/TO,TA/TO,0,0,0,D,D,0,No Deposit,171.0,0,Transient,56.0,0,0
Resort Hotel,0,12,2017,May,21,24,0,1,2,0.0,0,BB,BEL,Online TA,TA/TO,0,0,0,A,A,0,No Deposit,240.0,0,Transient,54.0,0,1
Resort Hotel,0,12,2017,May,21,23,0,2,2,0.0,0,BB,FRA,Online TA,TA/TO,0,0,0,A,A,0,No Deposit,240.0,0,Transient,60.0,0,1
Resort Hotel,0,77,2017,May,20,15,3,7,2,0.0,0,BB,GBR,Online TA,TA/TO,0,0,0,G,G,0,No Deposit,241.0,0,Transient,124.0,0,2
Resort Hotel,0,17,2017,May,21,24,0,1,2,0.0,0,BB,GBR,Online TA,TA/TO,0,0,0,A,D,0,No Deposit,240.0,0,Transient,85.0,0,2
Resort Hotel,0,352,2017,May,21,25,2,4,2,0.0,0,BB,GBR,Online TA,TA/TO,0,0,0,D,D,3,No Deposit,240.0,0,Transient-Party,75.0,0,2
Resort Hotel,0,216,2017,May,20,15,3,7,2,0.0,0,HB,DOM,Online TA,TA/TO,0,0,0,E,E,0,No Deposit,240.0,0,Transient,132.3,0,2
Resort Hotel,0,19,2017,May,21,24,0,1,2,0.0,0,HB,ESP,Online TA,TA/TO,0,0,0,A,D,1,No Deposit,240.0,0,Transient,117.0,0,1
Resort Hotel,0,8,2017,May,21,23,0,2,2,0.0,0,BB,PRT,Online TA,TA/TO,0,0,0,A,A,0,No Deposit,240.0,0,Transient,60.0,0,1
Resort Hotel,0,3,2017,May,21,21,2,2,2,0.0,0,BB,POL,Online TA,TA/TO,0,0,0,A,A,0,No Deposit,240.0,0,Transient,72.0,0,2
Resort Hotel,0,18,2017,May,21,24,0,1,2,0.0,0,BB,NOR,Online TA,TA/TO,0,0,0,A,D,0,No Deposit,240.0,0,Transient,92.0,1,1
Resort Hotel,0,156,2017,May,20,14,4,7,2,0.0,0,BB,DEU,Offline TA/TO,TA/TO,0,0,0,A,C,0,No Deposit,171.0,0,Transient,45.2,0,0
Resort Hotel,0,134,2017,May,20,18,2,5,2,0.0,0,BB,GBR,Online TA,TA/TO,0,0,0,A,E,1,No Deposit,314.0,0,Transient,83.2,0,1
Resort Hotel,0,114,2017,May,20,18,2,5,2,0.0,0,HB,GBR,Offline TA/TO,TA/TO,0,0,0,D,D,0,No Deposit,243.0,0,Transient,78.85,0,0
Resort Hotel,0,114,2017,May,20,18,2,5,2,0.0,0,HB,GBR,Offline TA/TO,TA/TO,0,0,0,D,D,0,No Deposit,243.0,0,Transient,78.85,0,2
Resort Hotel,0,238,2017,May,21,21,2,2,2,0.0,0,BB,DEU,Online TA,TA/TO,0,0,0,E,E,0,No Deposit,240.0,0,Transient,88.0,1,1
Resort Hotel,0,334,2017,May,20,15,3,7,2,0.0,0,BB,GBR,Offline TA/TO,TA/TO,0,0,0,E,E,0,No Deposit,40.0,0,Transient,64.1,0,2
Resort Hotel,0,238,2017,May,21,21,2,2,2,0.0,0,BB,PRT,Online TA,TA/TO,0,0,0,E,E,0,No Deposit,240.0,0,Transient,81.0,0,1
Resort Hotel,0,25,2017,May,21,23,0,2,2,0.0,0,BB,HUN,Complementary,Direct,0,0,0,A,F,0,No Deposit,,0,Transient,0.0,1,1
Resort Hotel,0,99,2017,May,20,18,2,5,2,0.0,0,BB,ROU,Direct,Direct,0,0,0,A,A,1,No Deposit,250.0,0,Transient,90.0,0,1
Resort Hotel,0,267,2017,May,20,18,2,5,2,0.0,0,BB,GBR,Offline TA/TO,TA/TO,0,0,0,A,A,0,No Deposit,243.0,0,Contract,40.95,0,0
Resort Hotel,0,166,2017,May,21,24,0,1,2,0.0,0,BB,PRT,Offline TA/TO,TA/TO,0,0,0,D,D,0,No Deposit,251.0,0,Transient,62.0,0,0
Resort Hotel,0,142,2017,May,20,18,2,5,2,0.0,0,BB,GBR,Online TA,TA/TO,0,0,0,E,E,0,No Deposit,314.0,0,Transient,84.8,0,0
Resort Hotel,0,159,2017,May,21,24,0,1,2,0.0,0,HB,GBR,Online TA,TA/TO,0,0,0,A,C,0,No Deposit,240.0,0,Transient,115.0,0,1
Resort Hotel,0,353,2017,May,21,25,2,5,2,0.0,0,HB,GBR,Offline TA/TO,TA/TO,0,0,0,E,E,0,No Deposit,6.0,0,Transient,121.0,0,1
Resort Hotel,0,47,2017,May,21,24,0,1,2,0.0,0,BB,GBR,Online TA,TA/TO,0,0,0,A,D,0,No Deposit,240.0,0,Transient,89.0,0,1
Resort Hotel,0,203,2017,May,21,25,0,3,2,0.0,0,BB,GBR,Groups,TA/TO,0,0,0,D,D,0,No Deposit,,0,Transient-Party,60.0,0,1
Resort Hotel,0,48,2017,May,21,24,0,1,2,0.0,0,BB,GBR,Direct,Direct,0,0,0,A,I,0,No Deposit,250.0,0,Transient,84.0,1,0
Resort Hotel,0,203,2017,May,21,25,0,3,2,0.0,0,BB,GBR,Groups,Direct,0,0,0,D,D,0,No Deposit,,0,Transient-Party,67.0,1,0
Resort Hotel,0,120,2017,May,20,18,2,5,2,0.0,0,BB,GBR,Offline TA/TO,TA/TO,0,0,0,D,D,0,No Deposit,243.0,0,Transient,52.85,0,1
Resort Hotel,0,221,2017,May,21,24,0,1,2,0.0,0,BB,DEU,Online TA,TA/TO,0,0,0,E,E,0,No Deposit,240.0,0,Transient,103.5,1,2
Resort Hotel,0,278,2017,May,20,19,2,5,2,0.0,0,BB,CHE,Online TA,TA/TO,0,0,0,D,D,2,No Deposit,240.0,0,Transient-Party,73.23,0,2
Resort Hotel,0,278,2017,May,20,19,2,5,2,0.0,0,BB,CHE,Online TA,TA/TO,0,0,0,E,F,2,No Deposit,240.0,0,Transient-Party,93.73,1,2
Resort Hotel,0,72,2017,May,21,21,2,3,2,0.0,0,BB,IRL,Online TA,TA/TO,0,0,0,F,F,0,No Deposit,241.0,0,Transient,108.0,0,1
Resort Hotel,0,186,2017,May,19,12,4,10,2,0.0,0,BB,GBR,Offline TA/TO,TA/TO,0,0,0,A,A,0,No Deposit,40.0,0,Contract,40.95,0,0
Resort Hotel,0,129,2017,May,20,19,2,5,2,0.0,0,BB,GBR,Offline TA/TO,TA/TO,0,0,0,A,A,0,No Deposit,40.0,0,Contract,40.95,0,0
Resort Hotel,0,98,2017,May,20,19,2,5,2,0.0,0,BB,GBR,Offline TA/TO,TA/TO,0,0,0,D,D,1,No Deposit,40.0,0,Contract,50.85,0,2
Resort Hotel,0,243,2017,May,21,23,0,3,2,0.0,0,BB,BEL,Online TA,TA/TO,0,0,0,A,C,0,No Deposit,240.0,0,Transient,69.7,1,2
Resort Hotel,0,114,2017,May,21,22,1,3,2,0.0,0,BB,IRL,Online TA,TA/TO,0,0,0,E,E,0,No Deposit,240.0,0,Transient,122.0,1,1
Resort Hotel,0,99,2017,May,20,19,2,5,2,0.0,0,BB,IRL,Online TA,TA/TO,0,0,0,A,A,0,No Deposit,240.0,0,Transient,85.0,0,1
Resort Hotel,0,16,2017,May,20,19,2,5,2,0.0,0,BB,ESP,Direct,Direct,0,0,0,F,F,1,No Deposit,250.0,0,Transient,147.0,1,0
Resort Hotel,0,52,2017,May,21,24,0,2,2,0.0,0,BB,BRA,Online TA,TA/TO,0,0,0,A,C,0,No Deposit,240.0,0,Transient,89.0,0,1
Resort Hotel,0,106,2017,May,21,22,1,3,2,0.0,0,HB,DEU,Online TA,TA/TO,0,0,0,A,A,0,No Deposit,240.0,0,Transient,119.0,0,2
Resort Hotel,0,10,2017,May,21,24,0,2,2,0.0,0,BB,GBR,Online TA,TA/TO,0,0,0,A,D,0,No Deposit,240.0,0,Transient,90.0,0,1
Resort Hotel,0,2,2017,May,21,25,0,1,2,0.0,0,BB,PRT,Online TA,Direct,0,0,0,A,A,1,No Deposit,,0,Transient,115.0,0,0
Resort Hotel,0,14,2017,May,21,23,0,3,2,0.0,0,BB,GBR,Online TA,TA/TO,0,0,0,E,E,0,No Deposit,241.0,0,Transient,101.33,0,1
Resort Hotel,0,50,2017,May,21,22,1,3,2,0.0,0,BB,GBR,Online TA,TA/TO,0,0,0,G,G,1,No Deposit,240.0,0,Transient,169.0,0,0
Resort Hotel,0,110,2017,May,20,19,2,6,2,0.0,0,HB,NLD,Online TA,TA/TO,0,0,0,A,A,0,No Deposit,240.0,0,Transient-Party,117.0,0,1
Resort Hotel,0,110,2017,May,20,19,2,6,2,0.0,0,HB,NLD,Online TA,TA/TO,0,0,0,A,A,0,No Deposit,240.0,0,Transient-Party,117.0,0,1
Resort Hotel,0,6,2017,May,21,21,2,4,2,0.0,0,BB,PRT,Direct,Direct,0,0,0,H,H,0,No Deposit,250.0,0,Transient,153.33,0,0
Resort Hotel,0,162,2017,May,20,20,2,5,2,0.0,0,BB,GBR,Offline TA/TO,TA/TO,0,0,0,A,A,0,No Deposit,40.0,0,Contract,40.95,0,1
Resort Hotel,0,11,2017,May,20,18,2,7,2,0.0,0,BB,NOR,Online TA,TA/TO,0,0,0,A,A,0,No Deposit,241.0,0,Transient,79.11,0,1
Resort Hotel,0,77,2017,May,20,20,2,5,2,0.0,0,HB,NOR,Online TA,TA/TO,0,0,0,F,F,0,No Deposit,242.0,0,Transient,169.0,0,2
Resort Hotel,0,13,2017,May,21,21,2,4,2,0.0,0,BB,FRA,Online TA,TA/TO,0,0,0,D,D,0,No Deposit,240.0,0,Transient-Party,83.2,1,1
Resort Hotel,0,251,2017,May,21,21,2,4,2,0.0,0,BB,FRA,Online TA,TA/TO,0,0,0,A,A,1,No Deposit,240.0,0,Transient-Party,96.67,0,2
Resort Hotel,0,251,2017,May,21,21,2,4,2,0.0,0,BB,FRA,Online TA,TA/TO,0,0,0,D,D,0,No Deposit,240.0,0,Transient-Party,83.2,1,2
Resort Hotel,0,45,2017,May,21,22,1,4,2,0.0,0,BB,IRL,Online TA,TA/TO,0,0,0,G,G,1,No Deposit,240.0,0,Transient,169.0,0,0
Resort Hotel,0,71,2017,May,21,26,0,1,2,0.0,0,BB,GBR,Direct,Direct,0,0,0,F,F,0,No Deposit,250.0,0,Transient,130.0,0,1
Resort Hotel,0,161,2017,May,21,25,0,2,2,0.0,0,BB,GBR,Direct,Direct,0,0,0,G,G,0,No Deposit,250.0,0,Transient,151.5,1,0
Resort Hotel,0,11,2017,May,21,24,0,3,2,0.0,0,BB,CN,Online TA,TA/TO,0,0,0,F,F,0,No Deposit,241.0,0,Transient,120.0,1,1
Resort Hotel,0,14,2017,May,21,25,0,2,2,0.0,0,BB,CN,Online TA,TA/TO,0,0,0,A,A,0,No Deposit,240.0,0,Transient,120.0,0,1
Resort Hotel,0,142,2017,May,20,17,2,8,2,0.0,0,BB,IRL,Online TA,TA/TO,0,0,0,D,D,0,No Deposit,240.0,0,Transient,100.0,0,2
Resort Hotel,0,31,2017,May,21,24,0,3,2,0.0,0,BB,DEU,Online TA,TA/TO,0,0,0,A,A,0,No Deposit,240.0,0,Transient,90.0,0,2
Resort Hotel,0,121,2017,May,20,20,2,5,2,0.0,0,BB,GBR,Offline TA/TO,TA/TO,0,0,0,A,D,1,No Deposit,40.0,0,Contract,52.95,0,0
Resort Hotel,0,33,2017,May,21,23,0,4,2,0.0,0,HB,DEU,Online TA,TA/TO,0,0,0,A,A,0,No Deposit,242.0,0,Transient,122.0,0,1
Resort Hotel,0,1,2017,May,21,26,0,1,2,0.0,0,BB,CN,Online TA,TA/TO,0,0,0,A,A,0,No Deposit,306.0,0,Transient,88.56,0,0
Resort Hotel,0,10,2017,May,21,21,2,5,2,0.0,0,BB,GBR,Offline TA/TO,TA/TO,0,0,0,A,A,0,No Deposit,40.0,0,Contract,47.5,0,2
Resort Hotel,0,203,2017,May,21,25,0,3,2,0.0,0,BB,GBR,Groups,TA/TO,0,0,0,A,A,2,No Deposit,,0,Transient-Party,48.0,0,0
Resort Hotel,0,270,2017,May,21,21,2,5,2,0.0,0,BB,GBR,Offline TA/TO,TA/TO,0,0,0,D,D,0,No Deposit,243.0,0,Contract,52.85,0,0
Resort Hotel,0,203,2017,May,21,25,0,3,2,0.0,0,BB,GBR,Groups,TA/TO,0,0,0,D,D,0,No Deposit,,0,Transient-Party,60.0,0,0
Resort Hotel,0,203,2017,May,21,25,0,3,2,0.0,0,BB,GBR,Groups,TA/TO,0,0,0,A,A,4,No Deposit,,0,Transient-Party,49.0,1,0
Resort Hotel,0,63,2017,May,21,23,0,5,2,0.0,0,HB,FRA,Direct,Direct,0,0,0,F,F,1,No Deposit,250.0,0,Transient,162.0,0,0
Resort Hotel,0,388,2017,May,21,25,0,3,2,0.0,0,BB,CN,Groups,TA/TO,0,0,0,E,E,0,No Deposit,96.0,0,Transient-Party,72.0,0,0
Resort Hotel,0,223,2017,May,21,25,0,3,2,0.0,0,BB,GBR,Groups,TA/TO,0,0,0,C,C,2,No Deposit,,20,Transient-Party,67.0,1,0
Resort Hotel,0,388,2017,May,21,25,0,3,2,0.0,0,BB,CN,Groups,TA/TO,0,0,0,E,E,0,No Deposit,96.0,0,Transient-Party,72.0,0,0
Resort Hotel,0,388,2017,May,21,25,0,3,2,0.0,0,BB,CN,Groups,TA/TO,0,0,0,E,E,1,No Deposit,96.0,0,Transient-Party,36.0,0,1
Resort Hotel,0,388,2017,May,21,25,0,3,2,0.0,0,BB,CN,Groups,TA/TO,0,0,0,E,E,0,No Deposit,96.0,0,Transient-Party,72.0,0,1
Resort Hotel,0,388,2017,May,21,25,0,3,2,0.0,0,BB,CN,Groups,TA/TO,0,0,0,E,E,0,No Deposit,96.0,0,Transient-Party,72.0,0,0
Resort Hotel,0,388,2017,May,21,25,0,3,2,0.0,0,BB,CN,Groups,TA/TO,0,0,0,E,E,0,No Deposit,96.0,0,Transient-Party,72.0,0,1
Resort Hotel,0,203,2017,May,21,25,0,3,2,0.0,0,BB,USA,Groups,TA/TO,0,0,0,A,A,0,No Deposit,,0,Transient-Party,55.0,0,0
Resort Hotel,0,0,2017,May,21,25,0,3,2,0.0,0,BB,FRA,Direct,Direct,0,0,0,A,A,0,No Deposit,,0,Transient,122.0,1,0
Resort Hotel,0,388,2017,May,21,25,0,3,2,0.0,0,BB,PRT,Groups,TA/TO,0,0,0,E,E,0,No Deposit,96.0,0,Transient-Party,72.0,0,0
Resort Hotel,0,388,2017,May,21,25,0,3,2,0.0,0,BB,CN,Groups,TA/TO,0,0,0,E,E,0,No Deposit,96.0,0,Transient-Party,72.0,0,0
Resort Hotel,0,388,2017,May,21,25,0,3,2,0.0,0,BB,CN,Groups,TA/TO,0,0,0,E,E,0,No Deposit,96.0,0,Transient-Party,73.33,0,0
Resort Hotel,0,388,2017,May,21,25,0,3,2,0.0,0,BB,CN,Groups,TA/TO,0,0,0,E,E,0,No Deposit,96.0,0,Transient-Party,72.0,0,1
Resort Hotel,0,388,2017,May,21,25,0,3,2,0.0,0,BB,CN,Groups,TA/TO,0,0,0,E,E,0,No Deposit,96.0,0,Transient-Party,73.33,0,0
Resort Hotel,0,388,2017,May,21,25,0,3,2,0.0,0,BB,CN,Groups,TA/TO,0,0,0,E,E,0,No Deposit,96.0,0,Transient-Party,72.0,0,1
Resort Hotel,0,388,2017,May,21,25,0,3,2,0.0,0,BB,CN,Groups,TA/TO,0,0,0,E,E,0,No Deposit,96.0,0,Transient-Party,72.0,0,0
Resort Hotel,0,388,2017,May,21,25,0,3,2,0.0,0,BB,CN,Groups,TA/TO,0,0,0,E,E,0,No Deposit,96.0,0,Transient-Party,72.0,0,0
Resort Hotel,0,388,2017,May,21,25,0,3,2,0.0,0,BB,CN,Groups,TA/TO,0,0,0,E,E,2,No Deposit,96.0,0,Transient-Party,72.0,0,1
Resort Hotel,0,175,2017,May,21,27,0,1,2,0.0,0,BB,ITA,Online TA,TA/TO,0,0,0,D,D,0,No Deposit,240.0,0,Transient,100.0,0,3
Resort Hotel,0,175,2017,May,21,27,0,1,2,0.0,0,BB,ITA,Online TA,TA/TO,0,0,0,D,D,0,No Deposit,240.0,0,Transient,100.0,0,3
Resort Hotel,0,17,2017,May,21,26,0,2,2,0.0,0,BB,AUT,Online TA,TA/TO,0,0,0,G,G,1,No Deposit,240.0,0,Transient,187.0,1,0
Resort Hotel,0,77,2017,May,21,23,0,5,2,0.0,0,BB,ESP,Direct,Direct,0,0,0,A,A,1,No Deposit,250.0,0,Transient,80.0,0,1
Resort Hotel,0,203,2017,May,21,25,0,3,2,0.0,0,BB,GBR,Groups,TA/TO,0,0,0,A,A,1,No Deposit,,0,Transient-Party,48.0,0,0
Resort Hotel,0,3,2017,May,22,28,1,0,2,0.0,0,BB,GBR,Direct,TA/TO,0,0,0,A,A,0,No Deposit,,0,Transient,85.0,0,0
Resort Hotel,0,203,2017,May,21,25,0,3,2,0.0,0,BB,GBR,Groups,TA/TO,0,0,0,A,A,0,No Deposit,,0,Transient-Party,55.0,1,0
Resort Hotel,0,302,2017,May,21,25,0,3,2,0.0,0,BB,GBR,Groups,TA/TO,0,0,0,D,D,0,No Deposit,,99,Transient-Party,67.0,1,0
Resort Hotel,0,2,2017,May,22,28,1,0,2,0.0,0,BB,GBR,Direct,TA/TO,0,0,0,E,E,0,No Deposit,,0,Transient,115.0,1,0
Resort Hotel,0,102,2017,May,21,21,2,5,2,0.0,0,BB,IRL,Online TA,TA/TO,0,0,0,A,A,0,No Deposit,240.0,0,Transient,85.0,0,1
Resort Hotel,0,203,2017,May,21,25,0,3,2,0.0,0,BB,PRT,Groups,TA/TO,0,0,0,A,A,0,No Deposit,,0,Transient-Party,48.0,0,0
Resort Hotel,0,0,2017,May,22,28,1,0,2,0.0,0,BB,PRT,Direct,TA/TO,1,0,0,A,A,0,No Deposit,,0,Transient,99.0,2,0
Resort Hotel,0,203,2017,May,21,25,0,3,2,0.0,0,BB,PRT,Groups,TA/TO,0,0,0,A,C,2,No Deposit,,0,Transient-Party,48.0,0,0
Resort Hotel,0,37,2017,May,22,28,2,1,2,0.0,0,BB,GBR,Online TA,TA/TO,0,0,0,A,C,0,No Deposit,242.0,0,Transient,104.0,2,1
Resort Hotel,0,2,2017,May,22,28,2,2,2,0.0,0,BB,GBR,Online TA,TA/TO,0,0,0,E,F,1,No Deposit,240.0,0,Transient,8.0,0,3
Resort Hotel,0,130,2017,May,21,25,0,3,2,0.0,0,BB,DEU,Online TA,TA/TO,0,0,0,G,G,1,No Deposit,240.0,0,Transient,155.0,1,0
Resort Hotel,0,203,2017,May,21,25,0,3,2,0.0,0,BB,GBR,Groups,TA/TO,0,0,0,A,A,0,No Deposit,,0,Transient-Party,48.0,0,0
Resort Hotel,0,107,2017,May,21,21,2,5,2,0.0,0,BB,GBR,Offline TA/TO,TA/TO,0,0,0,D,D,0,No Deposit,40.0,0,Contract,52.85,0,1
Resort Hotel,0,107,2017,May,21,21,2,5,2,0.0,0,BB,GBR,Offline TA/TO,TA/TO,0,0,0,D,D,0,No Deposit,40.0,0,Contract,52.85,0,1
Resort Hotel,0,203,2017,May,21,25,0,3,2,0.0,0,BB,GBR,Groups,TA/TO,0,0,0,A,A,0,No Deposit,,0,Transient-Party,55.0,1,0
Resort Hotel,0,99,2017,May,21,21,2,5,2,0.0,0,HB,GBR,Offline TA/TO,TA/TO,0,0,0,D,D,0,No Deposit,40.0,0,Contract,82.86,0,0
Resort Hotel,0,203,2017,May,21,25,0,3,2,0.0,0,BB,GBR,Groups,TA/TO,0,0,0,A,A,0,No Deposit,,0,Transient-Party,48.0,1,0
Resort Hotel,0,2,2017,May,22,28,1,0,2,0.0,0,BB,GBR,Direct,TA/TO,0,0,0,A,A,0,No Deposit,,0,Transient,92.0,1,1
Resort Hotel,0,203,2017,May,21,25,1,3,2,0.0,0,BB,GBR,Groups,TA/TO,0,0,0,A,A,4,No Deposit,,0,Transient-Party,55.0,1,0
Resort Hotel,0,202,2017,May,21,24,1,4,2,0.0,0,BB,GBR,Groups,TA/TO,0,0,0,D,D,1,No Deposit,,0,Transient-Party,48.0,0,0
Resort Hotel,0,203,2017,May,21,25,1,3,2,0.0,0,BB,GBR,Groups,TA/TO,0,0,0,D,D,1,No Deposit,,0,Transient-Party,48.0,0,0
Resort Hotel,0,138,2017,May,21,22,2,5,2,0.0,0,HB,GBR,Offline TA/TO,TA/TO,0,0,0,A,A,0,No Deposit,40.0,0,Contract,70.95,0,0
Resort Hotel,0,203,2017,May,21,25,1,3,2,0.0,0,BB,GBR,Groups,TA/TO,0,0,0,A,A,2,No Deposit,,0,Transient-Party,60.13,1,0
Resort Hotel,0,307,2017,May,21,22,2,5,2,0.0,0,HB,GBR,Offline TA/TO,TA/TO,0,0,0,E,E,0,No Deposit,40.0,0,Transient,93.81,0,0
Resort Hotel,0,206,2017,May,20,20,3,6,2,0.0,0,BB,GBR,Offline TA/TO,TA/TO,0,0,0,D,D,0,No Deposit,40.0,0,Contract,52.85,0,0
Resort Hotel,0,307,2017,May,21,22,2,5,2,0.0,0,HB,GBR,Offline TA/TO,TA/TO,0,0,0,E,E,0,No Deposit,40.0,0,Transient,94.1,0,0
Resort Hotel,0,309,2017,May,21,25,1,3,2,0.0,0,BB,GBR,Offline TA/TO,TA/TO,0,0,0,A,A,0,No Deposit,40.0,0,Contract,40.95,0,0
Resort Hotel,0,164,2017,May,22,28,1,0,2,0.0,0,BB,DEU,Offline TA/TO,TA/TO,0,0,0,D,D,0,No Deposit,251.0,0,Transient,62.0,0,0
Resort Hotel,0,1,2017,May,21,27,1,1,2,0.0,0,BB,BRA,Online TA,TA/TO,0,0,0,A,D,0,No Deposit,240.0,0,Transient,101.5,1,2
Resort Hotel,0,14,2017,May,21,26,1,2,2,0.0,0,HB,ESP,Online TA,TA/TO,0,0,0,A,A,1,No Deposit,240.0,0,Transient,134.0,1,1
Resort Hotel,0,2,2017,May,21,24,1,4,2,0.0,0,BB,FRA,Online TA,TA/TO,0,0,0,A,A,0,No Deposit,175.0,0,Transient,86.4,0,0
Resort Hotel,0,9,2017,May,21,27,1,1,2,0.0,0,BB,DEU,Direct,Direct,0,0,0,A,A,0,No Deposit,250.0,0,Transient,102.0,1,1
Resort Hotel,0,274,2017,May,22,28,1,0,2,0.0,0,BB,ISR,Online TA,TA/TO,0,0,0,D,D,2,No Deposit,240.0,0,Transient,100.6,1,1
Resort Hotel,0,39,2017,May,21,26,1,2,2,0.0,0,BB,USA,Online TA,TA/TO,0,0,0,C,C,0,No Deposit,241.0,0,Transient,111.0,1,1
Resort Hotel,0,1,2017,June,22,2,0,2,2,0.0,0,BB,USA,Online TA,TA/TO,1,0,0,A,A,0,No Deposit,241.0,0,Transient,103.0,1,1
Resort Hotel,0,196,2017,May,20,15,4,10,2,0.0,0,BB,GBR,Offline TA/TO,TA/TO,0,0,0,D,D,0,No Deposit,40.0,0,Contract,50.85,0,0
Resort Hotel,0,61,2017,May,21,26,1,2,2,0.0,0,BB,IRL,Online TA,TA/TO,0,0,0,A,B,0,No Deposit,241.0,0,Transient,68.0,0,1
Resort Hotel,0,227,2017,May,21,22,2,5,2,0.0,0,BB,GBR,Online TA,TA/TO,0,0,0,A,A,0,No Deposit,240.0,0,Transient,76.5,0,0
Resort Hotel,0,203,2017,May,21,25,1,3,2,0.0,0,BB,GBR,Groups,TA/TO,0,0,0,A,A,4,No Deposit,,0,Transient-Party,55.0,1,0
Resort Hotel,0,38,2017,May,21,27,1,1,2,0.0,0,BB,ESP,Direct,Direct,0,0,0,E,E,0,No Deposit,250.0,0,Transient,125.0,0,1
Resort Hotel,0,18,2017,May,21,25,1,3,2,0.0,0,BB,IND,Online TA,TA/TO,0,0,0,A,E,0,No Deposit,240.0,0,Transient,122.0,0,1
Resort Hotel,0,11,2017,May,21,25,1,3,2,0.0,0,BB,NOR,Online TA,TA/TO,0,0,0,H,H,1,No Deposit,240.0,0,Transient,190.0,0,1
Resort Hotel,0,0,2017,May,21,27,1,1,2,0.0,0,HB,PRT,Online TA,TA/TO,0,0,0,A,G,0,No Deposit,240.0,0,Transient,123.3,0,0
Resort Hotel,0,388,2017,May,21,25,1,3,2,0.0,0,SC,CN,Groups,TA/TO,0,0,0,E,I,1,No Deposit,96.0,0,Transient-Party,0.0,0,2
Resort Hotel,0,319,2017,May,20,20,4,6,2,0.0,0,BB,IRL,Online TA,TA/TO,0,0,0,A,A,0,No Deposit,240.0,0,Transient,54.0,0,2
Resort Hotel,0,203,2017,May,21,25,2,3,2,0.0,0,BB,GBR,Groups,TA/TO,0,0,0,A,A,2,No Deposit,,0,Transient-Party,56.2,0,0
Resort Hotel,0,203,2017,May,21,25,2,3,2,0.0,0,BB,PRT,Groups,TA/TO,0,0,0,A,A,2,No Deposit,,0,Transient-Party,58.2,0,0
Resort Hotel,0,203,2017,May,21,25,2,3,2,0.0,0,BB,GBR,Groups,TA/TO,0,0,0,A,A,2,No Deposit,,0,Transient-Party,56.2,0,0
Resort Hotel,0,131,2017,May,21,23,2,5,2,0.0,0,HB,GBR,Direct,Direct,0,0,0,C,C,1,No Deposit,250.0,0,Transient,131.63,0,0
Resort Hotel,0,203,2017,May,21,25,2,3,2,0.0,0,BB,GBR,Groups,TA/TO,0,0,0,D,D,3,No Deposit,,0,Transient-Party,67.0,1,0
Resort Hotel,0,272,2017,May,21,26,2,2,2,0.0,0,BB,IRL,Direct,Direct,0,0,0,A,A,2,No Deposit,250.0,0,Transient,92.1,0,1
Resort Hotel,0,128,2017,May,21,26,2,2,2,0.0,0,BB,IRL,Offline TA/TO,TA/TO,0,0,0,D,D,0,No Deposit,40.0,0,Contract,52.85,0,1
Resort Hotel,0,151,2017,May,21,26,2,2,2,0.0,0,BB,IRL,Direct,Direct,0,0,0,F,F,0,No Deposit,250.0,0,Transient,112.5,0,1
Resort Hotel,0,204,2017,May,20,20,4,6,2,0.0,0,HB,LVA,Offline TA/TO,TA/TO,0,0,0,A,A,0,No Deposit,40.0,0,Contract,68.95,0,0
Resort Hotel,0,211,2017,May,19,9,6,15,2,0.0,0,HB,GBR,Offline TA/TO,TA/TO,0,0,0,D,D,0,No Deposit,40.0,0,Contract,82.85,0,0
Resort Hotel,0,2,2017,May,22,28,2,0,2,0.0,0,HB,USA,Online TA,TA/TO,0,0,0,E,E,0,No Deposit,240.0,0,Transient,159.0,1,0
Resort Hotel,0,0,2017,May,22,29,1,0,2,0.0,0,BB,ITA,Direct,Direct,0,0,0,E,E,0,No Deposit,,0,Transient,115.0,1,0
Resort Hotel,0,1,2017,May,22,28,2,0,2,0.0,0,BB,ESP,Online TA,TA/TO,0,0,0,E,E,0,No Deposit,240.0,0,Transient,127.0,1,2
Resort Hotel,0,5,2017,May,22,28,2,0,2,0.0,0,BB,ITA,Online TA,TA/TO,0,0,0,A,D,0,No Deposit,240.0,0,Transient,88.0,1,0
Resort Hotel,0,40,2017,May,22,28,2,0,2,0.0,0,BB,BRA,Online TA,TA/TO,0,0,0,D,D,0,No Deposit,241.0,0,Transient,77.6,0,1
Resort Hotel,0,40,2017,May,22,28,2,0,2,0.0,0,BB,BRA,Online TA,TA/TO,0,0,0,D,D,0,No Deposit,241.0,0,Transient,75.6,0,0
Resort Hotel,0,40,2017,May,22,28,2,0,2,0.0,0,BB,BRA,Online TA,TA/TO,0,0,0,D,D,0,No Deposit,241.0,0,Transient,75.6,0,1
Resort Hotel,0,40,2017,May,22,28,2,0,2,0.0,0,BB,BRA,Online TA,TA/TO,0,0,0,D,D,0,No Deposit,241.0,0,Transient,75.6,0,1
Resort Hotel,0,17,2017,May,22,29,1,0,2,0.0,0,BB,PRT,Direct,Direct,0,0,0,A,D,1,No Deposit,250.0,0,Transient,62.0,1,0
Resort Hotel,0,337,2017,May,22,28,2,0,2,0.0,0,BB,GBR,Online TA,TA/TO,0,0,0,A,E,0,No Deposit,240.0,0,Transient,54.0,0,1
Resort Hotel,0,1,2017,May,22,29,1,0,2,0.0,0,BB,BRA,Online TA,TA/TO,0,0,0,A,A,0,No Deposit,240.0,0,Transient,81.0,0,2
Resort Hotel,1,258,2017,May,22,31,2,4,2,0.0,0,HB,PRT,Offline TA/TO,TA/TO,0,0,0,A,A,0,No Deposit,143.0,0,Transient,68.95,0,1
Resort Hotel,0,7,2017,May,22,29,1,1,2,0.0,0,BB,FRA,Online TA,TA/TO,0,0,0,A,D,0,No Deposit,240.0,0,Transient,90.0,0,1
Resort Hotel,0,123,2017,May,20,17,4,10,2,0.0,0,BB,IRL,Direct,Direct,0,0,0,F,F,0,No Deposit,250.0,0,Transient,114.5,0,2
Resort Hotel,0,21,2017,May,22,28,2,1,2,0.0,0,BB,PRT,Online TA,TA/TO,0,0,0,D,D,0,No Deposit,240.0,0,Transient,142.0,0,3
Resort Hotel,0,300,2017,May,21,23,2,6,2,0.0,0,BB,GBR,Groups,TA/TO,0,0,0,A,A,1,No Deposit,,99,Transient-Party,62.81,0,0
Resort Hotel,0,77,2017,May,22,28,2,1,2,0.0,0,HB,PRT,Online TA,TA/TO,0,0,0,E,E,0,No Deposit,240.0,0,Transient,147.0,0,0
Resort Hotel,0,1,2017,May,22,30,0,1,2,0.0,0,BB,PRT,Online TA,TA/TO,0,0,0,A,C,0,No Deposit,240.0,0,Transient,81.0,0,1
Resort Hotel,0,270,2017,May,21,24,2,5,2,0.0,0,BB,IRL,Online TA,TA/TO,0,0,0,A,A,7,No Deposit,240.0,0,Transient-Party,83.5,0,1
Resort Hotel,0,116,2017,May,22,28,2,1,2,0.0,0,BB,CHE,Online TA,TA/TO,0,0,0,D,D,0,No Deposit,240.0,0,Transient,107.0,1,2
Resort Hotel,0,65,2017,May,22,28,2,1,2,0.0,0,BB,ESP,Direct,Direct,0,0,0,D,D,0,No Deposit,250.0,0,Transient,95.0,0,2
Resort Hotel,0,4,2017,May,22,28,2,1,2,0.0,0,BB,CUB,Online TA,TA/TO,0,0,0,A,E,0,No Deposit,240.0,0,Transient,90.0,0,2
Resort Hotel,0,338,2017,May,21,24,2,5,2,0.0,0,BB,GBR,Offline TA/TO,TA/TO,0,0,0,D,D,0,No Deposit,8.0,0,Transient,54.0,0,0
Resort Hotel,0,116,2017,May,21,27,2,2,2,0.0,0,BB,CN,Offline TA/TO,TA/TO,0,0,0,A,A,1,No Deposit,410.0,0,Transient,40.95,0,0
Resort Hotel,0,112,2017,May,22,28,2,1,2,0.0,0,BB,USA,Online TA,TA/TO,0,0,0,E,E,0,No Deposit,240.0,0,Transient,117.0,0,1
Resort Hotel,0,1,2017,May,22,28,2,1,2,0.0,0,HB,PRT,Online TA,TA/TO,0,0,0,A,E,0,No Deposit,240.0,0,Transient,109.8,0,1
Resort Hotel,0,36,2017,May,22,28,2,1,2,0.0,0,BB,FIN,Direct,Direct,0,0,0,F,F,0,No Deposit,250.0,0,Transient,142.0,1,2
Resort Hotel,0,5,2017,May,22,29,1,1,2,0.0,0,BB,CPV,Online TA,TA/TO,0,0,0,A,A,0,No Deposit,240.0,0,Transient,81.0,0,1
Resort Hotel,0,184,2017,May,20,18,4,10,2,0.0,0,HB,BEL,Offline TA/TO,TA/TO,0,0,0,A,C,1,No Deposit,479.0,0,Transient,85.7,0,1
Resort Hotel,0,352,2017,May,21,25,2,5,2,0.0,0,BB,GBR,Online TA,TA/TO,0,0,0,A,D,4,No Deposit,,0,Transient-Party,67.5,0,3
Resort Hotel,0,203,2017,May,21,25,2,5,2,0.0,0,BB,GBR,Groups,TA/TO,0,0,0,A,A,1,No Deposit,,0,Transient-Party,59.71,0,0
Resort Hotel,0,314,2017,May,21,22,3,7,2,0.0,0,HB,GBR,Offline TA/TO,TA/TO,0,0,0,A,A,0,No Deposit,243.0,0,Contract,84.7,0,0
Resort Hotel,0,337,2017,May,21,25,2,5,2,0.0,0,HB,GBR,Offline TA/TO,TA/TO,0,0,0,A,A,0,No Deposit,243.0,0,Contract,84.7,0,0
Resort Hotel,0,310,2017,May,20,18,4,10,2,0.0,0,BB,GBR,Offline TA/TO,TA/TO,0,0,0,D,E,1,No Deposit,243.0,0,Contract,80.4,0,0
Resort Hotel,0,192,2017,May,20,18,4,10,2,0.0,0,BB,GBR,Offline TA/TO,TA/TO,0,0,0,D,D,0,No Deposit,40.0,0,Contract,70.4,0,0
Resort Hotel,0,305,2017,May,21,25,2,5,2,0.0,0,BB,IRL,Online TA,TA/TO,0,0,0,A,A,1,No Deposit,240.0,0,Transient-Party,54.0,0,1
Resort Hotel,0,306,2017,May,21,25,2,5,2,0.0,0,HB,GBR,Online TA,TA/TO,0,0,0,A,A,0,No Deposit,240.0,0,Transient,84.23,0,1
Resort Hotel,0,314,2017,May,21,22,3,7,2,0.0,0,HB,GBR,Offline TA/TO,TA/TO,0,0,0,D,D,0,No Deposit,243.0,0,Contract,98.2,0,0
Resort Hotel,0,1,2017,May,22,31,0,1,2,0.0,0,BB,CUB,Direct,Direct,0,0,0,E,E,0,No Deposit,,0,Transient,115.0,0,2
Resort Hotel,0,34,2017,May,22,29,1,2,2,0.0,0,BB,FRA,Online TA,TA/TO,0,0,0,E,E,0,No Deposit,241.0,0,Transient,103.0,1,1
Resort Hotel,0,154,2017,May,22,28,2,2,2,0.0,0,BB,FRA,Online TA,TA/TO,0,0,0,A,A,0,No Deposit,240.0,0,Transient,92.0,1,2
Resort Hotel,0,280,2017,May,21,25,2,5,2,0.0,0,BB,IRL,Online TA,TA/TO,0,0,0,A,A,0,No Deposit,240.0,0,Transient,80.1,0,1
Resort Hotel,0,139,2017,May,22,29,1,2,2,0.0,0,FB,GBR,Offline TA/TO,TA/TO,0,0,0,E,E,1,No Deposit,436.0,0,Transient,128.7,0,0
Resort Hotel,0,203,2017,May,21,25,2,5,2,0.0,0,BB,GBR,Groups,TA/TO,0,0,0,A,A,1,No Deposit,,0,Transient-Party,59.71,0,0
Resort Hotel,0,203,2017,May,21,25,2,5,2,0.0,0,BB,GBR,Groups,TA/TO,0,0,0,A,A,1,No Deposit,,0,Transient-Party,59.71,0,0
Resort Hotel,0,174,2017,May,22,28,2,2,2,0.0,0,BB,CN,Offline TA/TO,TA/TO,0,0,0,A,A,0,No Deposit,410.0,0,Transient,63.0,0,0
Resort Hotel,0,330,2017,May,20,18,4,10,2,0.0,0,BB,GBR,Offline TA/TO,TA/TO,0,0,0,A,A,0,No Deposit,243.0,0,Contract,58.7,0,0
Resort Hotel,0,120,2017,May,22,28,2,2,2,0.0,0,BB,CN,Offline TA/TO,TA/TO,0,0,0,A,A,0,No Deposit,410.0,0,Transient,56.7,0,0
Resort Hotel,0,202,2017,May,22,28,2,2,2,0.0,0,BB,CN,Offline TA/TO,TA/TO,0,0,0,A,A,0,No Deposit,410.0,0,Transient,64.5,0,1
Resort Hotel,0,124,2017,May,22,28,2,2,2,0.0,0,BB,CN,Offline TA/TO,TA/TO,0,0,0,A,A,0,No Deposit,410.0,0,Transient,56.7,0,0
Resort Hotel,0,207,2017,May,22,28,2,2,2,0.0,0,BB,CN,Offline TA/TO,TA/TO,0,0,0,A,A,0,No Deposit,410.0,0,Transient,63.0,0,0
Resort Hotel,0,0,2017,May,22,29,1,2,2,0.0,0,BB,CN,Online TA,TA/TO,0,0,0,G,G,0,No Deposit,241.0,0,Transient,120.0,0,1
Resort Hotel,0,95,2017,May,22,28,2,2,2,0.0,0,BB,GBR,Offline TA/TO,TA/TO,0,0,0,E,E,0,No Deposit,26.0,0,Transient,92.0,0,0
Resort Hotel,0,124,2017,May,22,28,2,2,2,0.0,0,BB,CN,Offline TA/TO,TA/TO,0,0,0,A,A,0,No Deposit,410.0,0,Transient,56.7,0,0
Resort Hotel,0,172,2017,May,22,28,2,2,2,0.0,0,BB,CN,Offline TA/TO,TA/TO,0,0,0,A,A,0,No Deposit,410.0,0,Transient,63.0,0,0
Resort Hotel,0,353,2017,May,21,25,2,5,2,0.0,0,BB,GBR,Offline TA/TO,TA/TO,0,0,0,A,A,0,No Deposit,6.0,0,Transient,68.0,0,0
Resort Hotel,0,117,2017,May,22,28,2,2,2,0.0,0,BB,CN,Offline TA/TO,TA/TO,0,0,0,A,A,0,No Deposit,410.0,0,Transient,56.7,0,1
Resort Hotel,0,164,2017,May,22,28,2,2,2,0.0,0,BB,CN,Offline TA/TO,TA/TO,0,0,0,A,A,0,No Deposit,410.0,0,Transient,58.7,0,1
Resort Hotel,0,124,2017,May,22,28,2,2,2,0.0,0,BB,CN,Offline TA/TO,TA/TO,0,0,0,A,A,0,No Deposit,410.0,0,Transient,56.7,0,0
Resort Hotel,0,138,2017,May,22,28,2,2,2,0.0,0,BB,CN,Offline TA/TO,TA/TO,0,0,0,A,A,1,No Deposit,410.0,0,Transient,56.7,0,1
Resort Hotel,0,1,2017,May,22,30,0,2,2,0.0,0,BB,PRT,Online TA,TA/TO,0,0,0,A,B,0,No Deposit,240.0,0,Transient,90.0,0,1
Resort Hotel,0,203,2017,May,21,25,2,5,2,0.0,0,BB,GBR,Groups,TA/TO,0,0,0,A,A,1,No Deposit,,0,Transient-Party,59.71,1,0
Resort Hotel,0,352,2017,May,21,25,2,5,2,0.0,0,BB,GBR,Offline TA/TO,TA/TO,0,0,0,A,A,0,No Deposit,6.0,0,Transient,66.0,0,0
Resort Hotel,0,42,2017,May,22,30,0,2,2,0.0,0,BB,ARG,Online TA,TA/TO,0,0,0,E,E,0,No Deposit,468.0,0,Transient,98.4,1,0
Resort Hotel,0,167,2017,May,22,28,2,2,2,0.0,0,BB,CN,Offline TA/TO,TA/TO,0,0,0,A,A,1,No Deposit,410.0,0,Transient,56.7,0,0
Resort Hotel,0,3,2017,May,22,31,0,1,2,0.0,0,BB,FRA,Online TA,TA/TO,0,0,0,A,A,0,No Deposit,240.0,0,Transient,88.0,1,1
Resort Hotel,0,352,2017,May,21,25,2,5,2,0.0,0,BB,GBR,Offline TA/TO,TA/TO,0,0,0,A,A,0,No Deposit,6.0,0,Transient,66.0,0,0
Resort Hotel,0,203,2017,May,21,25,2,5,2,0.0,0,BB,GBR,Groups,TA/TO,0,0,0,A,A,1,No Deposit,,0,Transient-Party,66.71,0,0
Resort Hotel,0,353,2017,May,21,25,2,5,2,0.0,0,BB,GBR,Offline TA/TO,TA/TO,0,0,0,D,D,0,No Deposit,6.0,0,Transient,80.0,0,0
Resort Hotel,0,159,2017,May,22,28,2,2,2,0.0,0,BB,CN,Offline TA/TO,TA/TO,0,0,0,A,A,0,No Deposit,410.0,0,Transient,58.2,0,0
Resort Hotel,0,73,2017,May,22,30,0,2,2,0.0,0,BB,PAK,Online TA,TA/TO,0,0,0,D,D,0,No Deposit,240.0,0,Transient,100.0,0,1
Resort Hotel,0,212,2017,May,22,28,2,2,2,0.0,0,BB,CN,Offline TA/TO,TA/TO,0,0,0,A,A,1,No Deposit,410.0,0,Transient,56.7,0,1
Resort Hotel,0,333,2017,May,21,26,2,5,2,0.0,0,BB,CN,Direct,Direct,0,0,0,D,D,0,No Deposit,250.0,0,Transient,70.46,0,0
Resort Hotel,0,124,2017,May,21,22,3,8,2,0.0,0,BB,GBR,Offline TA/TO,TA/TO,0,0,0,D,D,0,No Deposit,40.0,0,Contract,70.4,0,0
Resort Hotel,0,44,2017,May,22,29,1,3,2,0.0,0,BB,GBR,Online TA,TA/TO,0,0,0,D,D,0,No Deposit,240.0,0,Transient-Party,113.0,0,0
Resort Hotel,0,71,2017,May,21,26,2,5,2,0.0,0,BB,GBR,Offline TA/TO,TA/TO,0,0,0,A,D,0,No Deposit,40.0,0,Contract,69.56,0,0
Resort Hotel,0,39,2017,May,22,28,2,3,2,0.0,0,HB,GBR,Direct,Direct,0,0,0,E,E,1,No Deposit,250.0,0,Transient,156.8,1,0
Resort Hotel,0,79,2017,May,21,26,2,5,2,0.0,0,BB,IRL,Direct,Direct,0,0,0,F,F,0,No Deposit,250.0,0,Transient,127.0,0,0
Resort Hotel,0,40,2017,May,22,28,2,3,2,0.0,0,BB,GBR,Online TA,TA/TO,0,0,0,D,D,0,No Deposit,240.0,0,Transient,120.4,1,2
Resort Hotel,0,61,2017,May,22,29,1,3,2,0.0,0,BB,CN,Online TA,TA/TO,0,0,0,D,D,0,No Deposit,241.0,0,Transient,106.2,1,1
Resort Hotel,0,2,2017,June,22,1,0,1,2,0.0,0,BB,ESP,Direct,Direct,0,0,0,E,E,0,No Deposit,250.0,0,Transient,115.0,0,0
Resort Hotel,0,1,2017,May,22,31,0,2,2,0.0,0,BB,BEL,Online TA,TA/TO,0,0,0,E,F,0,No Deposit,240.0,0,Transient,127.0,0,1
Resort Hotel,0,10,2017,May,22,29,1,3,2,0.0,0,HB,ESP,Online TA,TA/TO,0,0,0,D,D,0,No Deposit,240.0,0,Transient,129.5,0,1
Resort Hotel,0,25,2017,May,22,30,0,3,2,0.0,0,BB,IRL,Online TA,TA/TO,0,0,0,A,A,0,No Deposit,241.0,0,Transient,98.0,0,1
Resort Hotel,0,135,2017,May,22,30,0,3,2,0.0,0,BB,CN,Online TA,TA/TO,0,0,0,E,E,0,No Deposit,241.0,0,Transient,94.97,0,2
Resort Hotel,0,135,2017,May,22,30,0,3,2,0.0,0,BB,CN,Online TA,TA/TO,0,0,0,E,E,0,No Deposit,241.0,0,Transient,94.97,0,2
Resort Hotel,0,137,2017,May,22,30,0,3,2,0.0,0,BB,GBR,Online TA,TA/TO,0,0,0,D,D,0,No Deposit,240.0,0,Transient-Party,108.33,0,0
Resort Hotel,0,351,2017,May,21,26,2,5,2,0.0,0,HB,PRT,Online TA,TA/TO,0,0,0,F,F,3,No Deposit,241.0,0,Transient,81.53,0,2
Resort Hotel,0,12,2017,May,22,31,0,2,2,0.0,0,BB,GBR,Online TA,TA/TO,0,0,0,D,D,0,No Deposit,241.0,0,Transient,76.0,0,2
Resort Hotel,0,2,2017,June,22,1,0,1,2,0.0,0,BB,ESP,Direct,Direct,0,0,0,A,D,0,No Deposit,250.0,0,Transient,85.0,0,0
Resort Hotel,0,192,2017,May,21,25,2,6,2,0.0,0,BB,IRL,Direct,Direct,0,0,0,E,E,0,No Deposit,250.0,0,Transient,108.31,0,0
Resort Hotel,0,3,2017,May,22,29,1,3,2,0.0,0,HB,PRT,Online TA,TA/TO,0,0,0,A,I,0,No Deposit,240.0,0,Transient,129.0,1,2
Resort Hotel,0,1,2017,June,22,2,0,1,2,0.0,0,BB,PRT,Direct,TA/TO,0,0,0,A,A,0,No Deposit,,0,Transient,85.0,1,2
Resort Hotel,0,2,2017,May,22,29,1,3,2,0.0,0,BB,GBR,Online TA,TA/TO,0,0,0,A,F,0,No Deposit,240.0,0,Transient,115.0,0,2
Resort Hotel,0,277,2017,May,22,30,0,3,2,0.0,0,BB,GBR,Online TA,TA/TO,0,0,0,A,A,0,No Deposit,240.0,0,Transient,82.1,0,0
Resort Hotel,0,7,2017,May,22,28,2,4,2,0.0,0,HB,GBR,Online TA,TA/TO,0,0,0,E,E,0,No Deposit,240.0,0,Transient,145.33,0,1
Resort Hotel,0,230,2017,May,22,29,1,4,2,0.0,0,HB,HRV,Offline TA/TO,TA/TO,0,0,0,A,A,0,No Deposit,75.0,0,Transient,77.35,0,1
Resort Hotel,0,107,2017,May,21,27,2,5,2,0.0,0,BB,IRL,Offline TA/TO,TA/TO,0,0,0,A,A,0,No Deposit,196.0,0,Transient,80.43,0,0
Resort Hotel,0,230,2017,May,22,29,1,4,2,0.0,0,HB,HRV,Offline TA/TO,TA/TO,0,0,0,A,A,0,No Deposit,75.0,0,Transient,77.35,0,1
Resort Hotel,0,1,2017,May,21,27,2,5,2,0.0,0,BB,DNK,Online TA,TA/TO,0,0,0,A,A,0,No Deposit,241.0,0,Transient,75.43,0,1
Resort Hotel,0,122,2017,June,22,2,0,1,2,0.0,0,BB,ITA,Online TA,TA/TO,0,0,0,A,D,0,No Deposit,240.0,0,Transient,110.0,0,2
Resort Hotel,0,137,2017,May,21,27,2,5,2,0.0,0,BB,GBR,Offline TA/TO,TA/TO,0,0,0,A,A,0,No Deposit,40.0,0,Contract,58.7,0,1
Resort Hotel,0,2,2017,June,22,2,0,1,2,0.0,0,BB,PRT,Online TA,TA/TO,0,0,0,A,A,0,No Deposit,240.0,0,Transient,90.0,0,1
Resort Hotel,0,19,2017,June,22,2,0,1,2,0.0,0,BB,PRT,Online TA,TA/TO,0,0,0,A,D,0,No Deposit,242.0,0,Transient,104.0,1,0
Resort Hotel,0,6,2017,May,22,31,0,3,2,0.0,0,BB,ESP,Online TA,TA/TO,0,0,0,A,D,0,No Deposit,175.0,0,Transient,79.0,1,0
Resort Hotel,0,9,2017,June,22,2,0,1,2,0.0,0,BB,FRA,Online TA,TA/TO,0,0,0,D,D,0,No Deposit,241.0,0,Transient,79.8,1,1
Resort Hotel,0,7,2017,May,22,31,0,3,2,0.0,0,BB,ESP,Direct,Direct,0,0,0,A,D,0,No Deposit,250.0,0,Transient,92.42,0,0
Resort Hotel,0,15,2017,May,22,30,0,4,2,0.0,0,BB,IRL,Online TA,TA/TO,0,0,0,A,A,0,No Deposit,175.0,0,Transient,84.0,0,0
Resort Hotel,0,1,2017,June,22,1,0,2,2,0.0,0,BB,CHE,Direct,Direct,0,0,0,A,A,0,No Deposit,250.0,0,Transient,92.0,1,1
Resort Hotel,0,1,2017,June,26,26,1,0,2,0.0,0,BB,CHE,Online TA,Direct,1,0,1,A,G,0,No Deposit,240.0,0,Transient,140.0,1,1
Resort Hotel,0,158,2017,May,22,30,0,4,2,0.0,0,BB,DEU,Offline TA/TO,TA/TO,0,0,0,E,E,1,No Deposit,298.0,0,Transient,75.0,1,1
Resort Hotel,0,191,2017,May,22,30,0,4,2,0.0,0,BB,ESP,Online TA,TA/TO,0,0,0,D,D,0,No Deposit,242.0,0,Transient,111.75,1,0
Resort Hotel,0,6,2017,June,22,2,0,1,2,0.0,0,BB,PRT,Online TA,TA/TO,0,0,0,D,D,0,No Deposit,240.0,0,Transient,94.5,0,1
Resort Hotel,0,14,2017,June,22,2,0,1,2,0.0,0,BB,ESP,Online TA,TA/TO,0,0,0,A,D,0,No Deposit,240.0,0,Transient,97.0,0,1
Resort Hotel,0,46,2017,June,22,1,0,2,2,0.0,0,HB,ESP,Online TA,TA/TO,0,0,0,A,A,0,No Deposit,175.0,0,Transient,97.6,0,0
Resort Hotel,0,1,2017,June,22,1,0,2,2,0.0,0,HB,ESP,Direct,Direct,0,0,0,A,A,1,No Deposit,250.0,0,Transient,124.0,1,0
Resort Hotel,0,1,2017,June,22,1,0,2,2,0.0,0,BB,IRL,Online TA,TA/TO,0,0,0,D,D,0,No Deposit,240.0,0,Transient,96.5,0,0
Resort Hotel,0,4,2017,June,22,1,0,2,2,0.0,0,HB,PRT,Online TA,TA/TO,0,0,0,A,A,0,No Deposit,240.0,0,Transient,122.0,0,1
Resort Hotel,0,2,2017,June,22,1,0,2,2,0.0,0,BB,POL,Online TA,TA/TO,0,0,0,A,A,0,No Deposit,240.0,0,Transient,90.0,1,1
Resort Hotel,0,2,2017,June,22,2,0,1,2,0.0,0,BB,PRT,Direct,Direct,0,0,0,D,D,0,No Deposit,250.0,0,Transient,125.0,0,1
Resort Hotel,0,62,2017,June,22,1,0,2,2,0.0,0,BB,AUS,Online TA,TA/TO,0,0,0,A,A,0,No Deposit,240.0,0,Transient,109.0,0,1
Resort Hotel,0,7,2017,June,22,2,0,1,2,0.0,0,BB,GBR,Online TA,TA/TO,0,0,0,A,A,0,No Deposit,241.0,0,Transient,72.0,1,1
Resort Hotel,0,9,2017,June,22,1,0,2,2,0.0,0,BB,ESP,Online TA,TA/TO,0,0,0,A,A,0,No Deposit,240.0,0,Transient,81.0,0,1
Resort Hotel,0,2,2017,June,22,1,0,2,2,0.0,0,BB,PRT,Online TA,TA/TO,0,0,0,A,D,0,No Deposit,240.0,0,Transient,81.0,0,2
Resort Hotel,0,29,2017,June,22,2,0,1,2,0.0,0,BB,PRT,Online TA,TA/TO,0,0,0,A,D,0,No Deposit,240.0,0,Transient-Party,120.0,0,1
Resort Hotel,0,29,2017,June,22,2,0,1,2,0.0,0,BB,PRT,Online TA,TA/TO,0,0,0,A,D,0,No Deposit,240.0,0,Transient-Party,120.0,0,1
Resort Hotel,0,50,2017,May,22,31,0,3,2,0.0,0,BB,PRT,Direct,Direct,0,0,0,D,D,1,No Deposit,250.0,0,Transient,150.0,0,0
Resort Hotel,0,0,2017,June,22,1,0,2,2,0.0,0,BB,ESP,Online TA,TA/TO,0,0,0,A,A,0,No Deposit,240.0,0,Transient,90.0,0,2
Resort Hotel,0,131,2017,June,22,2,0,2,2,0.0,0,BB,GBR,Online TA,TA/TO,0,0,0,E,E,0,No Deposit,241.0,0,Transient,102.41,0,0
Resort Hotel,0,130,2017,May,22,28,2,5,2,0.0,0,BB,GBR,Offline TA/TO,TA/TO,0,0,0,D,D,0,No Deposit,40.0,0,Contract,70.4,0,0
Resort Hotel,0,118,2017,May,21,26,2,7,2,0.0,0,BB,FIN,Direct,Direct,0,0,0,D,D,2,No Deposit,250.0,0,Transient,99.28,0,0
Resort Hotel,0,0,2017,June,22,3,0,1,2,0.0,0,BB,CN,Direct,Direct,0,0,0,A,D,0,No Deposit,,0,Transient,115.0,0,0
Resort Hotel,0,67,2017,June,23,4,2,1,2,0.0,0,BB,CN,Online TA,Direct,0,0,0,A,D,0,No Deposit,314.0,0,Transient,114.8,0,1
Resort Hotel,0,116,2017,June,22,1,0,3,2,0.0,0,BB,GBR,Online TA,TA/TO,0,0,0,E,E,0,No Deposit,241.0,0,Transient,109.13,0,2
Resort Hotel,0,78,2017,May,22,28,2,5,2,0.0,0,HB,GBR,Online TA,TA/TO,0,0,0,A,C,0,No Deposit,241.0,0,Transient,102.32,0,1
Resort Hotel,0,83,2017,June,22,2,0,2,2,0.0,0,BB,USA,Online TA,TA/TO,0,0,0,A,D,0,No Deposit,240.0,0,Transient,137.0,1,2
Resort Hotel,0,0,2017,June,22,2,0,2,2,0.0,0,BB,PRT,Direct,Direct,0,0,0,A,C,0,No Deposit,250.0,0,Transient,115.0,0,0
Resort Hotel,0,1,2017,June,22,1,0,3,2,0.0,0,BB,PRT,Direct,Direct,0,0,0,A,A,0,No Deposit,250.0,0,Transient,109.0,1,1
Resort Hotel,0,76,2017,May,22,31,0,4,2,0.0,0,BB,CHE,Online TA,TA/TO,0,0,0,E,E,1,No Deposit,240.0,0,Transient,155.5,1,0
Resort Hotel,0,223,2017,May,22,28,2,5,2,0.0,0,HB,GBR,Offline TA/TO,TA/TO,0,0,0,E,E,0,No Deposit,40.0,0,Transient,118.7,0,1
Resort Hotel,0,25,2017,May,22,30,0,5,2,0.0,0,HB,BEL,Offline TA/TO,TA/TO,0,0,0,A,A,0,No Deposit,479.0,0,Transient,93.0,0,0
Resort Hotel,0,159,2017,May,22,28,2,5,2,0.0,0,BB,GBR,Online TA,TA/TO,0,0,0,A,A,1,No Deposit,240.0,0,Transient,97.43,0,2
Resort Hotel,0,19,2017,May,22,29,1,5,2,0.0,0,BB,ESP,Direct,Direct,0,0,0,A,E,0,No Deposit,250.0,0,Transient,125.5,1,2
Resort Hotel,0,14,2017,June,22,1,0,3,2,0.0,0,BB,ESP,Offline TA/TO,TA/TO,0,0,0,A,A,0,No Deposit,196.0,0,Transient,82.69,0,0
Resort Hotel,0,11,2017,June,22,1,0,3,2,0.0,0,BB,ESP,Direct,Direct,0,0,0,A,A,0,No Deposit,250.0,0,Transient,97.25,1,2
Resort Hotel,0,48,2017,June,22,2,0,2,2,0.0,0,HB,CN,Online TA,TA/TO,0,0,0,D,D,0,No Deposit,240.0,0,Transient,169.0,0,1
Resort Hotel,0,128,2017,June,22,2,0,2,2,0.0,0,BB,PRT,Direct,Direct,0,0,0,A,A,0,No Deposit,250.0,0,Transient,99.0,0,2
Resort Hotel,0,21,2017,June,22,2,0,2,2,0.0,0,BB,ROU,Online TA,TA/TO,0,0,0,A,A,0,No Deposit,240.0,0,Transient,101.5,1,1
Resort Hotel,0,110,2017,June,22,2,0,2,2,0.0,0,BB,USA,Online TA,TA/TO,0,0,0,E,E,0,No Deposit,241.0,0,Transient,107.8,0,0
Resort Hotel,0,330,2017,May,21,26,2,7,2,0.0,0,BB,GBR,Online TA,TA/TO,0,0,0,A,A,0,No Deposit,240.0,0,Transient,62.75,0,1
Resort Hotel,0,1,2017,June,22,1,0,3,2,0.0,0,BB,PRT,Direct,Direct,0,0,0,F,F,0,No Deposit,250.0,0,Transient,145.0,0,1
Resort Hotel,0,60,2017,June,22,1,0,3,2,0.0,0,BB,POL,Online TA,TA/TO,0,0,0,A,A,0,No Deposit,240.0,0,Transient,119.33,0,2
Resort Hotel,0,335,2017,May,21,26,2,7,2,0.0,0,BB,GBR,Online TA,TA/TO,0,0,0,A,A,0,No Deposit,240.0,0,Transient,62.75,0,2
Resort Hotel,0,0,2017,June,22,1,0,3,2,0.0,0,BB,USA,Online TA,TA/TO,0,0,0,D,D,0,No Deposit,241.0,0,Transient,94.41,1,1
Resort Hotel,0,268,2017,May,22,28,2,5,2,0.0,0,BB,GBR,Direct,Direct,0,0,0,D,D,3,No Deposit,,0,Transient-Party,102.31,0,1
Resort Hotel,0,115,2017,May,22,28,2,5,2,0.0,0,BB,GBR,Offline TA/TO,TA/TO,0,0,0,D,D,0,No Deposit,243.0,0,Contract,70.4,0,1
Resort Hotel,0,56,2017,May,22,28,2,5,2,0.0,0,BB,DEU,Direct,Direct,0,0,0,D,D,0,No Deposit,250.0,0,Transient,122.57,0,2
Resort Hotel,0,1,2017,June,22,2,0,2,2,0.0,0,BB,ESP,Online TA,TA/TO,0,0,0,A,D,0,No Deposit,348.0,0,Transient,105.0,0,1
Resort Hotel,0,223,2017,May,22,28,2,5,2,0.0,0,HB,GBR,Offline TA/TO,TA/TO,0,0,0,D,D,0,No Deposit,40.0,0,Contract,98.4,0,1
Resort Hotel,0,130,2017,June,22,2,0,2,2,0.0,0,BB,GBR,Online TA,TA/TO,0,0,0,D,D,0,No Deposit,240.0,0,Transient,132.0,0,1
Resort Hotel,0,0,2017,June,22,3,0,1,2,0.0,0,BB,ESP,Direct,Direct,0,0,0,A,A,0,No Deposit,,0,Transient,122.0,1,0
Resort Hotel,0,131,2017,May,22,29,2,5,2,0.0,0,HB,CHE,Online TA,TA/TO,0,0,0,E,E,0,No Deposit,240.0,0,Transient,161.29,0,2
Resort Hotel,0,321,2017,May,22,29,2,5,2,0.0,0,BB,GBR,Offline TA/TO,TA/TO,0,0,0,A,A,0,No Deposit,243.0,0,Contract,58.7,0,1
Resort Hotel,0,105,2017,May,22,29,2,5,2,0.0,0,BB,GBR,Online TA,TA/TO,0,0,0,A,C,0,No Deposit,241.0,0,Transient,74.63,0,0
Resort Hotel,0,109,2017,June,22,2,1,2,2,0.0,0,BB,GBR,Online TA,TA/TO,0,0,0,E,E,0,No Deposit,241.0,0,Transient,109.41,1,0
Resort Hotel,0,136,2017,May,22,31,1,4,2,0.0,0,BB,IRL,Direct,Direct,0,0,0,E,F,0,No Deposit,250.0,0,Transient,121.5,0,0
Resort Hotel,0,37,2017,June,22,3,1,1,2,0.0,0,BB,PRT,Online TA,TA/TO,0,0,0,A,A,0,No Deposit,240.0,0,Transient,136.0,1,0
Resort Hotel,0,125,2017,June,22,1,1,3,2,0.0,0,BB,IRL,Online TA,TA/TO,0,0,0,E,E,0,No Deposit,242.0,0,Transient,140.0,0,1
Resort Hotel,0,86,2017,June,22,2,1,2,2,0.0,0,BB,CN,Online TA,TA/TO,0,0,0,E,E,0,No Deposit,5.0,0,Transient,127.0,0,0
Resort Hotel,0,1,2017,June,22,1,1,3,2,0.0,0,BB,PRT,Online TA,TA/TO,0,0,0,A,A,0,No Deposit,240.0,0,Transient-Party,105.0,0,1
Resort Hotel,0,105,2017,June,22,1,1,3,2,0.0,0,BB,FRA,Direct,Direct,0,0,0,E,E,1,No Deposit,250.0,0,Transient,139.5,1,0
Resort Hotel,0,0,2017,May,22,29,2,5,2,0.0,0,BB,PRT,Direct,Direct,0,0,0,D,D,0,No Deposit,250.0,0,Transient,137.21,1,0
Resort Hotel,0,136,2017,May,22,29,2,5,2,0.0,0,BB,IRL,Direct,Direct,0,0,0,E,E,0,No Deposit,250.0,0,Transient,106.72,0,1
Resort Hotel,0,15,2017,June,22,1,1,3,2,0.0,0,BB,GBR,Online TA,TA/TO,0,0,0,A,A,0,No Deposit,240.0,0,Transient,105.0,0,2
Resort Hotel,0,1,2017,June,22,1,1,3,2,0.0,0,BB,PRT,Online TA,TA/TO,0,0,0,D,D,0,No Deposit,240.0,0,Transient-Party,120.0,0,1
Resort Hotel,0,123,2017,May,21,22,4,10,2,0.0,0,BB,GBR,Offline TA/TO,TA/TO,0,0,0,D,D,0,No Deposit,40.0,0,Contract,70.26,0,0
Resort Hotel,0,85,2017,May,22,29,2,5,2,0.0,0,BB,DEU,Online TA,TA/TO,0,0,0,D,D,0,No Deposit,240.0,0,Transient,120.0,0,1
Resort Hotel,0,1,2017,June,22,2,1,2,2,0.0,0,BB,PRT,Online TA,TA/TO,0,0,0,D,D,0,No Deposit,241.0,0,Transient,95.0,0,1
Resort Hotel,0,4,2017,June,23,5,1,3,2,0.0,0,BB,FRA,Online TA,TA/TO,0,0,0,E,E,0,No Deposit,241.0,0,Transient,128.0,0,1
Resort Hotel,0,14,2017,May,21,23,4,10,2,0.0,0,BB,FRA,Direct,Direct,0,0,0,A,A,3,No Deposit,250.0,0,Transient,103.79,0,2
Resort Hotel,0,32,2017,May,22,30,2,5,2,0.0,0,HB,BEL,Offline TA/TO,TA/TO,0,0,0,E,E,1,No Deposit,479.0,0,Transient,123.0,0,0
Resort Hotel,0,184,2017,June,22,2,2,2,2,0.0,0,BB,PRT,Online TA,TA/TO,0,0,0,D,D,0,No Deposit,314.0,0,Transient,102.0,0,1
Resort Hotel,0,184,2017,June,22,2,2,2,2,0.0,0,BB,PRT,Online TA,TA/TO,0,0,0,D,D,0,No Deposit,314.0,0,Transient,102.0,0,1
Resort Hotel,0,264,2017,May,22,30,2,5,2,0.0,0,HB,GBR,Offline TA/TO,TA/TO,0,0,0,E,E,0,No Deposit,40.0,0,Transient,115.7,0,0
Resort Hotel,0,125,2017,May,21,23,4,10,2,0.0,0,BB,GBR,Offline TA/TO,TA/TO,0,0,0,D,D,0,No Deposit,40.0,0,Contract,70.4,0,0
Resort Hotel,0,312,2017,May,22,30,2,5,2,0.0,0,BB,BEL,Online TA,TA/TO,0,0,0,D,D,0,No Deposit,241.0,0,Transient,63.36,0,2
Resort Hotel,0,312,2017,May,22,30,2,5,2,0.0,0,BB,BEL,Online TA,TA/TO,0,0,0,D,D,0,No Deposit,241.0,0,Transient,63.36,0,2
Resort Hotel,0,14,2017,June,22,2,2,2,2,0.0,0,BB,CHE,Direct,Direct,0,0,0,F,F,0,No Deposit,250.0,0,Transient,159.5,0,0
Resort Hotel,0,79,2017,June,22,3,2,1,2,0.0,0,BB,IRL,Online TA,TA/TO,0,0,0,A,A,1,No Deposit,314.0,0,Transient,96.0,0,0
Resort Hotel,0,70,2017,June,23,4,2,0,2,0.0,0,BB,ARG,Online TA,TA/TO,0,0,0,E,E,0,No Deposit,240.0,0,Transient,157.0,1,1
Resort Hotel,0,16,2017,June,22,2,2,2,2,0.0,0,BB,CHE,Online TA,TA/TO,0,0,0,G,G,1,No Deposit,240.0,0,Transient-Party,187.5,0,1
Resort Hotel,0,27,2017,May,22,31,2,4,2,0.0,0,HB,GBR,Online TA,TA/TO,0,0,0,D,D,0,No Deposit,240.0,0,Transient,172.0,0,2
Resort Hotel,0,158,2017,May,22,29,3,6,2,0.0,0,BB,BEL,Online TA,TA/TO,0,0,0,E,E,0,No Deposit,240.0,0,Transient,131.67,0,1
Resort Hotel,0,76,2017,May,22,28,4,6,2,0.0,0,HB,GBR,Online TA,TA/TO,0,0,0,E,E,1,No Deposit,314.0,0,Transient,140.8,0,0
Resort Hotel,0,258,2017,May,22,28,4,6,2,0.0,0,HB,GBR,Offline TA/TO,TA/TO,0,0,0,D,D,0,No Deposit,57.0,0,Transient,108.0,0,2
Resort Hotel,0,241,2017,June,22,3,2,2,2,0.0,0,BB,IRL,Online TA,TA/TO,0,0,0,D,D,0,No Deposit,240.0,0,Transient,95.6,0,2
Resort Hotel,0,231,2017,June,22,3,2,2,2,0.0,0,BB,IRL,Online TA,TA/TO,0,0,0,D,D,0,No Deposit,240.0,0,Transient,93.6,0,2
Resort Hotel,0,241,2017,June,22,3,2,2,2,0.0,0,BB,IRL,Online TA,TA/TO,0,0,0,D,D,0,No Deposit,240.0,0,Transient,93.6,0,2
Resort Hotel,0,241,2017,June,22,3,2,2,2,0.0,0,BB,IRL,Online TA,TA/TO,0,0,0,D,D,3,No Deposit,240.0,0,Transient,95.6,0,2
Resort Hotel,0,69,2017,June,22,3,2,2,2,0.0,0,BB,ARG,Online TA,TA/TO,0,0,0,C,C,1,No Deposit,240.0,0,Transient-Party,167.0,1,0
Resort Hotel,0,69,2017,June,22,3,2,2,2,0.0,0,BB,ARG,Online TA,TA/TO,0,0,0,C,C,1,No Deposit,240.0,0,Transient-Party,160.0,0,0
Resort Hotel,0,83,2017,June,23,4,2,1,2,0.0,0,BB,FIN,Online TA,TA/TO,0,0,0,A,A,0,No Deposit,240.0,0,Transient,127.0,1,2
Resort Hotel,0,190,2017,June,23,6,0,1,2,0.0,0,BB,DEU,Offline TA/TO,TA/TO,0,0,0,D,E,0,No Deposit,251.0,0,Transient,80.0,0,0
Resort Hotel,0,0,2017,June,23,4,2,1,2,0.0,0,BB,FRA,Direct,Direct,0,0,0,D,D,0,No Deposit,,0,Transient,137.0,1,0
Resort Hotel,0,0,2017,June,23,6,0,1,2,0.0,0,BB,ESP,Direct,Direct,0,0,0,A,A,0,No Deposit,,0,Transient,122.0,1,0
Resort Hotel,0,251,2017,May,22,31,2,5,2,0.0,0,BB,GBR,Offline TA/TO,TA/TO,0,0,0,A,A,1,No Deposit,177.0,0,Transient,59.4,0,1
Resort Hotel,0,297,2017,June,22,2,2,3,2,0.0,0,BB,GBR,Online TA,TA/TO,0,0,0,A,A,0,No Deposit,240.0,0,Transient,82.1,0,3
Resort Hotel,0,177,2017,May,22,29,3,6,2,0.0,0,BB,IRL,Online TA,TA/TO,0,0,0,E,E,0,No Deposit,314.0,0,Transient,96.8,0,0
Resort Hotel,0,59,2017,June,22,3,2,2,2,0.0,0,BB,CN,Online TA,TA/TO,0,0,0,F,F,0,No Deposit,241.0,0,Transient,152.0,0,1
Resort Hotel,0,2,2017,June,23,6,0,1,2,0.0,0,BB,DEU,Online TA,TA/TO,0,0,0,D,D,0,No Deposit,240.0,0,Transient,135.0,0,1
Resort Hotel,0,90,2017,June,22,1,2,4,2,0.0,0,BB,RUS,Online TA,TA/TO,0,0,0,E,E,0,No Deposit,240.0,0,Transient,157.0,1,1
Resort Hotel,0,246,2017,June,22,3,2,2,2,0.0,0,BB,ARG,Online TA,TA/TO,0,0,0,E,E,0,No Deposit,240.0,0,Transient,109.1,0,3
Resort Hotel,0,297,2017,June,22,2,2,3,2,0.0,0,BB,GBR,Online TA,TA/TO,0,0,0,A,C,0,No Deposit,240.0,0,Transient,82.1,0,3
Resort Hotel,0,297,2017,June,22,2,2,3,2,0.0,0,BB,GBR,Online TA,TA/TO,0,0,0,A,A,0,No Deposit,240.0,0,Transient,80.1,0,3
Resort Hotel,0,21,2017,June,22,1,2,5,2,0.0,0,HB,BEL,Offline TA/TO,TA/TO,0,0,0,A,A,0,No Deposit,479.0,0,Transient,93.0,0,0
Resort Hotel,0,36,2017,June,22,1,2,5,2,0.0,0,HB,BEL,Offline TA/TO,TA/TO,0,0,0,A,A,0,No Deposit,479.0,0,Group,93.0,0,0
Resort Hotel,0,124,2017,May,22,30,2,7,2,0.0,0,BB,IRL,Online TA,TA/TO,0,0,0,E,E,0,No Deposit,240.0,0,Transient,136.44,0,2
Resort Hotel,0,138,2017,May,22,28,4,7,2,0.0,0,HB,GBR,Offline TA/TO,TA/TO,0,0,0,D,D,0,No Deposit,40.0,0,Contract,222.02,0,0
Resort Hotel,0,4,2017,June,23,4,2,2,2,0.0,0,BB,GBR,Online TA,TA/TO,0,0,0,A,D,0,No Deposit,526.0,0,Transient,95.0,0,0
Resort Hotel,0,57,2017,June,22,1,2,5,2,0.0,0,HB,GBR,Offline TA/TO,TA/TO,0,0,0,D,D,0,No Deposit,40.0,0,Contract,106.0,0,0
Resort Hotel,0,66,2017,June,23,4,2,2,2,0.0,0,BB,LVA,Direct,Direct,0,0,0,F,F,0,No Deposit,250.0,0,Transient,187.0,0,2
Resort Hotel,0,183,2017,June,23,7,0,1,2,0.0,0,BB,DNK,Offline TA/TO,TA/TO,0,0,0,E,E,0,No Deposit,251.0,0,Transient-Party,95.0,0,0
Resort Hotel,0,183,2017,June,23,7,0,1,2,0.0,0,BB,DNK,Offline TA/TO,TA/TO,0,0,0,E,F,0,No Deposit,251.0,0,Transient-Party,95.0,0,0
Resort Hotel,0,183,2017,June,23,7,0,1,2,0.0,0,BB,DNK,Offline TA/TO,TA/TO,0,0,0,E,E,0,No Deposit,251.0,0,Transient-Party,95.0,0,0
Resort Hotel,0,183,2017,June,23,7,0,1,2,0.0,0,BB,DNK,Offline TA/TO,TA/TO,0,0,0,E,E,0,No Deposit,251.0,0,Transient-Party,95.0,0,0
Resort Hotel,0,180,2017,June,23,7,0,1,2,0.0,0,BB,PRT,Offline TA/TO,TA/TO,0,0,0,D,D,0,No Deposit,251.0,0,Transient,80.0,0,0
Resort Hotel,0,379,2017,June,22,1,2,5,2,0.0,0,BB,GBR,Offline TA/TO,TA/TO,0,0,0,A,A,0,No Deposit,243.0,0,Contract,56.7,0,1
Resort Hotel,0,183,2017,June,23,7,0,1,2,0.0,0,BB,ROU,Offline TA/TO,TA/TO,0,0,0,E,E,0,No Deposit,251.0,0,Transient-Party,95.0,0,0
Resort Hotel,0,183,2017,June,23,7,0,1,2,0.0,0,BB,DNK,Offline TA/TO,TA/TO,0,0,0,E,E,0,No Deposit,251.0,0,Transient-Party,95.0,0,0
Resort Hotel,0,83,2017,June,23,7,0,1,2,0.0,0,BB,USA,Online TA,TA/TO,0,0,0,A,A,0,No Deposit,241.0,0,Transient,96.0,1,1
Resort Hotel,0,165,2017,May,22,29,3,7,2,0.0,0,HB,GBR,Offline TA/TO,TA/TO,0,0,0,A,A,0,No Deposit,40.0,0,Contract,86.7,0,1
Resort Hotel,0,294,2017,June,22,3,2,3,2,0.0,0,BB,DEU,Online TA,TA/TO,0,0,0,D,D,1,No Deposit,240.0,0,Transient,107.6,1,2
Resort Hotel,0,213,2017,May,21,25,4,10,2,0.0,0,HB,GBR,Offline TA/TO,TA/TO,0,0,0,A,A,0,No Deposit,40.0,0,Contract,84.7,0,0
Resort Hotel,0,281,2017,June,22,1,2,5,2,0.0,0,HB,GBR,Offline TA/TO,TA/TO,0,0,0,A,A,0,No Deposit,243.0,0,Contract,86.7,0,2
Resort Hotel,0,205,2017,June,23,4,2,2,2,0.0,0,BB,CN,Offline TA/TO,TA/TO,0,0,0,A,E,0,No Deposit,410.0,0,Transient,80.0,0,2
Resort Hotel,0,17,2017,June,23,4,2,2,2,0.0,0,BB,CN,Online TA,TA/TO,0,0,0,E,E,0,No Deposit,241.0,0,Transient,126.0,0,1
Resort Hotel,0,1,2017,June,23,6,0,2,2,0.0,0,BB,PRT,Direct,Direct,0,0,0,D,D,0,No Deposit,,0,Transient,123.5,0,0
Resort Hotel,0,127,2017,May,22,29,3,7,2,0.0,0,BB,IRL,Online TA,TA/TO,0,0,0,E,E,0,No Deposit,314.0,0,Transient,97.2,0,0
Resort Hotel,0,191,2017,June,23,4,2,2,2,0.0,0,BB,CN,Offline TA/TO,TA/TO,0,0,0,A,A,0,No Deposit,410.0,0,Transient,64.5,0,0
Resort Hotel,0,181,2017,June,23,4,2,2,2,0.0,0,BB,CN,Offline TA/TO,TA/TO,0,0,0,A,A,0,No Deposit,410.0,0,Transient,64.5,0,0
Resort Hotel,0,205,2017,June,23,4,2,2,2,0.0,0,BB,CN,Offline TA/TO,TA/TO,0,0,0,A,A,0,No Deposit,410.0,0,Transient,63.0,0,1
Resort Hotel,0,50,2017,June,23,8,0,1,2,0.0,0,BB,USA,Direct,Direct,0,0,0,E,E,0,No Deposit,250.0,0,Transient,165.0,0,0
Resort Hotel,0,142,2017,June,22,2,2,5,2,0.0,0,HB,PRT,Offline TA/TO,TA/TO,0,0,0,D,D,0,No Deposit,40.0,0,Contract,98.4,0,0
Resort Hotel,0,313,2017,June,23,4,2,3,2,0.0,0,BB,CN,Online TA,TA/TO,0,0,0,D,D,0,No Deposit,314.0,0,Transient,79.56,1,0
Resort Hotel,0,56,2017,June,22,2,2,5,2,0.0,0,BB,ESP,Online TA,TA/TO,0,0,0,A,A,0,No Deposit,240.0,0,Transient,149.57,1,1
Resort Hotel,0,67,2017,June,23,4,2,3,2,0.0,0,BB,IRL,Online TA,TA/TO,0,0,0,A,A,0,No Deposit,240.0,0,Transient,140.4,0,2
Resort Hotel,0,342,2017,June,23,5,1,3,2,0.0,0,BB,IRL,Online TA,TA/TO,0,0,0,A,D,1,No Deposit,240.0,0,Transient,89.25,0,2
Resort Hotel,0,322,2017,June,23,6,0,3,2,0.0,0,BB,IRL,Online TA,TA/TO,0,0,0,A,A,1,No Deposit,240.0,0,Transient,74.25,0,2
Resort Hotel,0,274,2017,June,23,6,0,3,2,0.0,0,BB,IRL,Direct,Direct,0,0,0,D,D,0,No Deposit,250.0,0,Transient,93.6,0,0
Resort Hotel,0,264,2017,June,23,6,0,3,2,0.0,0,BB,IRL,Direct,Direct,0,0,0,D,D,0,No Deposit,250.0,0,Transient,99.0,0,0
Resort Hotel,0,40,2017,June,23,5,1,3,2,0.0,0,BB,CN,Direct,Direct,0,0,0,G,G,2,No Deposit,250.0,0,Transient,231.5,1,0
Resort Hotel,0,322,2017,June,23,5,1,3,2,0.0,0,BB,IRL,Online TA,TA/TO,0,0,0,A,D,1,No Deposit,240.0,0,Transient,94.25,0,1
Resort Hotel,0,318,2017,June,22,2,2,5,2,0.0,0,BB,IRL,Direct,Direct,0,0,0,D,D,0,No Deposit,250.0,0,Transient,96.91,1,0
Resort Hotel,0,2,2017,June,23,6,0,3,2,0.0,0,HB,PRT,Online TA,TA/TO,0,0,0,D,D,0,No Deposit,240.0,0,Transient,180.33,0,1
Resort Hotel,0,146,2017,May,22,31,2,7,2,0.0,0,BB,GBR,Online TA,TA/TO,0,0,0,E,E,0,No Deposit,241.0,0,Transient,102.38,0,1
Resort Hotel,0,295,2017,May,22,30,2,8,2,0.0,0,BB,IRL,Online TA,TA/TO,0,0,0,A,A,0,No Deposit,240.0,0,Transient,82.1,0,2
Resort Hotel,0,141,2017,June,23,6,0,3,2,0.0,0,BB,IRL,Direct,Direct,0,0,0,E,E,0,No Deposit,250.0,0,Transient,126.0,0,2
Resort Hotel,0,148,2017,June,22,2,2,5,2,0.0,0,BB,GBR,Offline TA/TO,TA/TO,0,0,0,A,A,0,No Deposit,40.0,0,Contract,56.7,0,0
Resort Hotel,0,41,2017,June,22,3,2,5,2,0.0,0,HB,IRL,Online TA,TA/TO,0,0,0,D,D,0,No Deposit,240.0,0,Transient-Party,189.0,0,1
Resort Hotel,0,261,2017,June,22,3,2,5,2,0.0,0,BB,IRL,Offline TA/TO,TA/TO,0,0,0,D,D,0,No Deposit,143.0,0,Transient,68.4,0,0
Resort Hotel,0,320,2017,June,22,3,2,5,2,0.0,0,BB,IRL,Online TA,TA/TO,0,0,0,A,A,0,No Deposit,240.0,0,Transient,74.25,0,1
Resort Hotel,0,67,2017,June,22,3,2,5,2,0.0,0,BB,GBR,Online TA,TA/TO,0,0,0,C,C,1,No Deposit,240.0,0,Transient,171.0,0,1
Resort Hotel,0,23,2017,June,23,4,2,4,2,0.0,0,BB,GBR,Offline TA/TO,TA/TO,0,0,0,A,A,0,No Deposit,40.0,0,Contract,65.0,0,0
Resort Hotel,0,113,2017,June,22,2,2,6,2,0.0,0,BB,GBR,Direct,Direct,0,0,0,F,F,0,No Deposit,250.0,0,Transient,145.0,0,1
Resort Hotel,0,320,2017,June,22,3,2,5,2,0.0,0,BB,IRL,Online TA,TA/TO,0,0,0,A,A,0,No Deposit,240.0,0,Transient,76.25,0,1
Resort Hotel,0,24,2017,June,23,8,0,2,2,0.0,0,BB,PRT,Offline TA/TO,TA/TO,0,0,0,A,A,0,No Deposit,8.0,0,Transient,69.5,0,0
Resort Hotel,0,1,2017,June,23,10,1,1,2,0.0,0,BB,PRT,Direct,TA/TO,0,0,0,A,A,0,No Deposit,,0,Group,135.0,0,0
Resort Hotel,0,319,2017,June,22,3,2,5,2,0.0,0,BB,IRL,Direct,Direct,0,0,0,A,A,4,No Deposit,250.0,0,Transient,74.25,0,0
Resort Hotel,0,320,2017,June,22,3,2,5,2,0.0,0,BB,IRL,Online TA,TA/TO,0,0,0,A,A,0,No Deposit,240.0,0,Transient,74.25,0,1
Resort Hotel,0,254,2017,June,22,2,2,6,2,0.0,0,BB,IRL,Direct,Direct,0,0,0,G,G,0,No Deposit,,0,Transient,125.0,0,4
Resort Hotel,0,241,2017,June,22,3,2,5,2,0.0,0,BB,IRL,Online TA,TA/TO,0,0,0,D,D,2,No Deposit,240.0,0,Transient,95.6,0,2
Resort Hotel,0,322,2017,June,23,6,0,4,2,0.0,0,BB,IRL,Online TA,TA/TO,0,0,0,A,C,1,No Deposit,240.0,0,Transient,74.25,0,1
Resort Hotel,0,320,2017,June,23,4,2,4,2,0.0,0,BB,IRL,Direct,Direct,0,0,0,A,A,0,No Deposit,250.0,0,Transient,68.83,0,0
Resort Hotel,0,24,2017,June,23,8,0,2,2,0.0,0,BB,PRT,Offline TA/TO,TA/TO,0,0,0,A,A,0,No Deposit,8.0,0,Transient,66.0,0,0
Resort Hotel,0,1,2017,June,23,10,0,1,2,0.0,0,BB,PRT,Direct,TA/TO,0,0,0,A,A,0,No Deposit,,0,Group,135.0,0,0
Resort Hotel,0,23,2017,June,23,8,0,2,2,0.0,0,BB,DEU,Complementary,TA/TO,0,0,0,D,D,1,No Deposit,15.0,0,Transient,0.0,0,1
Resort Hotel,0,320,2017,June,22,3,2,5,2,0.0,0,BB,IRL,Online TA,TA/TO,0,0,0,A,A,0,No Deposit,240.0,0,Transient,74.25,0,2
Resort Hotel,0,289,2017,June,22,3,2,5,2,0.0,0,BB,GBR,Offline TA/TO,TA/TO,0,0,0,A,A,0,No Deposit,8.0,0,Transient,61.11,0,0
Resort Hotel,0,319,2017,June,22,3,2,5,2,0.0,0,BB,IRL,Online TA,TA/TO,0,0,0,A,A,0,No Deposit,240.0,0,Transient,76.25,0,3
Resort Hotel,0,320,2017,June,22,3,2,5,2,0.0,0,BB,IRL,Online TA,TA/TO,0,0,0,D,E,0,No Deposit,240.0,0,Transient,88.2,0,1
Resort Hotel,0,319,2017,June,22,3,2,5,2,0.0,0,BB,IRL,Online TA,TA/TO,0,0,0,A,A,0,No Deposit,240.0,0,Transient,74.25,0,1
Resort Hotel,0,319,2017,June,22,3,2,5,2,0.0,0,BB,IRL,Online TA,TA/TO,0,0,0,A,A,0,No Deposit,240.0,0,Transient,74.25,0,2
Resort Hotel,0,28,2017,June,23,9,0,1,2,0.0,0,BB,PRT,Online TA,TA/TO,0,0,0,A,A,0,No Deposit,175.0,0,Transient,112.0,0,0
Resort Hotel,0,1,2017,June,23,10,2,1,2,0.0,0,BB,PRT,Direct,TA/TO,0,0,0,A,A,0,No Deposit,,0,Group,135.0,0,0
Resort Hotel,0,320,2017,June,22,3,2,5,2,0.0,0,BB,IRL,Direct,Direct,0,0,0,D,D,0,No Deposit,250.0,0,Transient,88.2,0,0
Resort Hotel,0,0,2017,June,23,9,0,1,2,0.0,0,BB,CN,Direct,Direct,0,0,0,A,A,0,No Deposit,,0,Transient,135.0,0,0
Resort Hotel,0,321,2017,June,23,4,2,4,2,0.0,0,BB,IRL,Online TA,TA/TO,0,0,0,A,A,3,No Deposit,240.0,0,Transient,74.25,0,2
Resort Hotel,0,320,2017,June,22,3,2,5,2,0.0,0,BB,IRL,Online TA,TA/TO,0,0,0,A,A,3,No Deposit,240.0,0,Transient,74.25,0,1
Resort Hotel,0,320,2017,June,23,5,1,4,2,0.0,0,BB,IRL,Online TA,TA/TO,0,0,0,A,A,1,No Deposit,240.0,0,Transient,74.25,0,1
Resort Hotel,0,320,2017,June,22,3,2,5,2,0.0,0,BB,IRL,Online TA,TA/TO,0,0,0,A,A,0,No Deposit,240.0,0,Transient-Party,74.25,0,1
Resort Hotel,0,41,2017,June,22,3,2,5,2,0.0,0,HB,IRL,Online TA,TA/TO,0,0,0,A,B,0,No Deposit,240.0,0,Transient-Party,172.0,0,1
Resort Hotel,0,319,2017,June,22,3,2,5,2,0.0,0,BB,IRL,Direct,Direct,0,0,0,A,A,0,No Deposit,250.0,0,Transient,68.54,0,0
Resort Hotel,0,24,2017,June,23,8,0,2,2,0.0,0,BB,PRT,Offline TA/TO,TA/TO,0,0,0,A,I,0,No Deposit,8.0,0,Transient,66.0,1,0
Resort Hotel,0,1,2017,June,23,10,1,1,2,0.0,0,BB,PRT,Direct,TA/TO,0,0,0,A,A,0,No Deposit,,0,Group,149.0,1,0
Resort Hotel,0,296,2017,May,22,28,4,10,2,0.0,0,HB,GBR,Offline TA/TO,TA/TO,0,0,0,D,D,0,No Deposit,243.0,0,Contract,98.4,0,0
Resort Hotel,0,247,2017,June,23,4,2,5,2,0.0,0,BB,GBR,Online TA,TA/TO,0,0,0,D,D,0,No Deposit,240.0,0,Transient,95.6,0,2
Resort Hotel,0,131,2017,June,22,1,2,8,2,0.0,0,BB,GBR,Online TA,TA/TO,0,0,0,E,E,0,No Deposit,314.0,0,Transient-Party,102.8,0,1
Resort Hotel,0,131,2017,June,22,1,2,8,2,0.0,0,BB,GBR,Online TA,TA/TO,0,0,0,E,E,0,No Deposit,314.0,0,Transient-Party,102.8,0,1
Resort Hotel,0,277,2017,May,22,28,4,10,2,0.0,0,BB,GBR,Offline TA/TO,TA/TO,0,0,0,A,A,0,No Deposit,243.0,0,Contract,58.7,0,0
Resort Hotel,0,137,2017,June,23,4,2,5,2,0.0,0,BB,GBR,Offline TA/TO,TA/TO,0,0,0,D,D,0,No Deposit,243.0,0,Transient,70.4,0,0
Resort Hotel,0,96,2017,June,23,4,2,5,2,0.0,0,BB,GBR,Direct,Direct,0,0,0,F,F,0,No Deposit,250.0,0,Transient,155.0,0,0
Resort Hotel,0,327,2017,June,23,4,2,5,2,0.0,0,BB,GBR,Offline TA/TO,TA/TO,0,0,0,A,A,0,No Deposit,243.0,0,Contract,56.7,0,1
Resort Hotel,0,159,2017,June,23,10,0,1,2,0.0,0,BB,NOR,Offline TA/TO,TA/TO,0,0,0,D,D,0,No Deposit,251.0,0,Transient-Party,80.0,0,1
Resort Hotel,0,159,2017,June,23,10,0,1,2,0.0,0,BB,NOR,Offline TA/TO,TA/TO,0,0,0,D,D,0,No Deposit,251.0,0,Transient-Party,80.0,0,1
Resort Hotel,0,159,2017,June,23,10,0,1,2,0.0,0,BB,NOR,Offline TA/TO,TA/TO,0,0,0,D,D,0,No Deposit,251.0,0,Transient-Party,80.0,0,1
Resort Hotel,0,159,2017,June,23,10,0,1,2,0.0,0,BB,NOR,Offline TA/TO,TA/TO,0,0,0,D,D,0,No Deposit,251.0,0,Transient-Party,80.0,0,1
Resort Hotel,0,145,2017,June,23,4,2,5,2,0.0,0,BB,GBR,Offline TA/TO,TA/TO,0,0,0,D,D,0,No Deposit,243.0,0,Transient,70.4,0,0
Resort Hotel,0,0,2017,June,23,10,0,1,2,0.0,0,BB,FRA,Direct,Direct,0,0,0,A,A,1,No Deposit,,0,Transient,135.0,0,0
Resort Hotel,0,115,2017,May,22,31,2,9,2,0.0,0,HB,IRL,Online TA,TA/TO,0,0,0,F,F,0,No Deposit,241.0,0,Transient,140.21,0,0
Resort Hotel,0,89,2017,June,23,9,0,2,2,0.0,0,BB,PRT,Online TA,TA/TO,0,0,0,D,D,0,No Deposit,196.0,0,Transient,135.0,0,0
Resort Hotel,0,0,2017,June,23,10,0,1,2,0.0,0,BB,FRA,Direct,Direct,0,0,0,A,C,0,No Deposit,,0,Transient,135.0,0,0
Resort Hotel,0,26,2017,June,23,10,0,1,2,0.0,0,BB,PRT,Offline TA/TO,TA/TO,0,0,0,A,A,0,No Deposit,8.0,0,Transient,66.0,0,0
Resort Hotel,0,16,2017,June,23,9,0,2,2,0.0,0,BB,ESP,Offline TA/TO,TA/TO,0,0,0,E,E,0,No Deposit,8.0,0,Transient,107.0,1,0
Resort Hotel,0,129,2017,June,23,4,2,5,2,0.0,0,BB,PRT,Online TA,TA/TO,0,0,0,C,C,0,No Deposit,314.0,0,Transient-Party,108.56,0,2
Resort Hotel,0,14,2017,June,23,10,0,1,2,0.0,0,BB,IRL,Offline TA/TO,TA/TO,0,0,0,E,E,0,No Deposit,8.0,0,Transient,93.0,0,0
Resort Hotel,0,7,2017,June,23,8,0,3,2,0.0,0,BB,ESP,Online TA,TA/TO,0,0,0,A,A,0,No Deposit,240.0,0,Transient,140.0,0,1
Resort Hotel,0,19,2017,June,23,9,0,2,2,0.0,0,BB,ESP,Online TA,TA/TO,0,0,0,A,A,0,No Deposit,240.0,0,Transient,154.0,1,1
Resort Hotel,0,3,2017,June,23,5,1,5,2,0.0,0,BB,LUX,Online TA,TA/TO,0,0,0,A,A,0,No Deposit,240.0,0,Transient,133.33,0,1
Resort Hotel,0,2,2017,June,23,9,0,2,2,0.0,0,BB,ESP,Online TA,TA/TO,0,0,0,A,D,0,No Deposit,348.0,0,Transient,140.0,0,0
Resort Hotel,0,0,2017,June,23,9,0,2,2,0.0,0,BB,PRT,Direct,Direct,0,0,0,A,A,0,No Deposit,,0,Transient,149.0,1,0
Resort Hotel,0,22,2017,June,23,10,0,1,2,0.0,0,BB,ESP,Online TA,TA/TO,0,0,0,A,A,0,No Deposit,240.0,0,Transient,126.0,0,1
Resort Hotel,0,24,2017,June,23,8,0,3,2,0.0,0,BB,ESP,Direct,Direct,0,0,0,A,A,0,No Deposit,250.0,0,Transient,135.0,0,0
Resort Hotel,0,24,2017,June,23,8,0,3,2,0.0,0,BB,ESP,Direct,Direct,0,0,0,A,A,0,No Deposit,250.0,0,Transient,135.0,0,0
Resort Hotel,0,18,2017,June,23,9,0,2,2,0.0,0,BB,PRT,Direct,Direct,0,0,0,D,D,0,No Deposit,250.0,0,Transient,164.0,1,1
Resort Hotel,0,4,2017,June,23,10,0,1,2,0.0,0,BB,ESP,Direct,Direct,0,0,0,A,A,0,No Deposit,250.0,0,Transient,149.0,1,0
Resort Hotel,0,66,2017,June,23,8,0,3,2,0.0,0,HB,GBR,Online TA,TA/TO,0,0,0,A,A,0,No Deposit,241.0,0,Transient,137.6,0,1
Resort Hotel,0,300,2017,June,23,4,2,5,2,0.0,0,BB,IRL,Online TA,TA/TO,0,0,0,D,D,1,No Deposit,240.0,0,Transient,95.6,0,1
Resort Hotel,0,33,2017,June,23,10,0,1,2,0.0,0,BB,PRT,Direct,Direct,0,0,0,A,A,0,No Deposit,,0,Transient,118.0,1,2
Resort Hotel,0,33,2017,June,23,10,2,5,2,0.0,0,BB,PRT,Direct,Direct,0,0,0,D,D,0,No Deposit,,0,Transient,130.0,0,2
Resort Hotel,0,23,2017,June,23,10,0,1,2,0.0,0,BB,PRT,Online TA,TA/TO,0,0,0,A,A,0,No Deposit,240.0,0,Transient,154.0,1,1
Resort Hotel,0,58,2017,June,23,9,0,2,2,0.0,0,BB,GBR,Offline TA/TO,TA/TO,0,0,0,D,D,0,No Deposit,40.0,0,Contract,76.0,0,2
Resort Hotel,0,320,2017,June,23,4,2,5,2,0.0,0,BB,IRL,Direct,Direct,0,0,0,A,A,1,No Deposit,250.0,0,Transient,60.43,0,0
Resort Hotel,0,10,2017,June,23,10,0,1,2,0.0,0,HB,MDV,Direct,Direct,0,0,0,A,A,4,No Deposit,250.0,0,Transient,192.0,0,1
Resort Hotel,0,39,2017,June,23,4,2,5,2,0.0,0,HB,BEL,Offline TA/TO,TA/TO,0,0,0,A,A,0,No Deposit,479.0,0,Group,95.0,0,0
Resort Hotel,0,129,2017,June,23,4,2,5,2,0.0,0,BB,IRL,Online TA,TA/TO,0,0,0,C,C,0,No Deposit,314.0,0,Transient-Party,108.56,0,2
Resort Hotel,0,21,2017,June,23,9,0,2,2,0.0,0,BB,ESP,Online TA,TA/TO,0,0,0,A,A,0,No Deposit,240.0,0,Transient-Party,126.0,0,1
Resort Hotel,0,32,2017,June,23,8,1,3,2,0.0,0,BB,GBR,Online TA,TA/TO,0,0,0,A,D,0,No Deposit,240.0,0,Transient,166.75,1,1
Resort Hotel,0,32,2017,June,23,8,1,3,2,0.0,0,BB,GBR,Online TA,TA/TO,0,0,0,A,A,0,No Deposit,240.0,0,Transient,142.0,0,2
Resort Hotel,0,290,2017,May,22,29,4,10,2,0.0,0,BB,GBR,Offline TA/TO,TA/TO,0,0,0,E,E,0,No Deposit,40.0,0,Transient,85.7,0,0
Resort Hotel,0,108,2017,June,23,9,1,2,2,0.0,0,BB,ESP,Online TA,TA/TO,0,0,0,E,G,0,No Deposit,240.0,0,Transient,164.0,1,0
Resort Hotel,0,18,2017,June,23,9,1,2,2,0.0,0,BB,GBR,Offline TA/TO,TA/TO,0,0,0,A,A,0,No Deposit,40.0,0,Contract,63.0,0,0
Resort Hotel,0,18,2017,June,23,9,1,2,2,0.0,0,BB,GBR,Offline TA/TO,TA/TO,0,0,0,A,D,0,No Deposit,40.0,0,Contract,73.0,0,0
Resort Hotel,0,41,2017,June,23,9,1,2,2,0.0,0,BB,FRA,Online TA,TA/TO,0,0,0,A,C,0,No Deposit,240.0,0,Transient,136.67,0,0
Resort Hotel,0,33,2017,June,23,7,1,4,2,0.0,0,BB,BRA,Online TA,TA/TO,0,0,0,A,A,0,No Deposit,241.0,0,Transient,112.0,0,1
Resort Hotel,0,85,2017,June,23,9,1,2,2,0.0,0,BB,FRA,Online TA,TA/TO,0,0,0,E,E,0,No Deposit,240.0,0,Transient,150.0,0,2
Resort Hotel,0,38,2017,June,23,10,1,1,2,0.0,0,HB,PRT,Direct,Direct,0,0,0,A,A,1,No Deposit,250.0,0,Transient,160.25,0,0
Resort Hotel,0,42,2017,June,23,5,2,5,2,0.0,0,BB,BEL,Online TA,TA/TO,0,0,0,H,H,1,No Deposit,240.0,0,Transient,230.0,0,0
Resort Hotel,0,0,2017,June,23,8,1,3,2,0.0,0,BB,DEU,Online TA,TA/TO,0,0,0,A,C,0,No Deposit,306.0,0,Transient,87.19,1,0
Resort Hotel,0,15,2017,June,23,9,1,2,2,0.0,0,BB,ARG,Online TA,TA/TO,0,0,0,D,E,0,No Deposit,240.0,0,Transient,153.5,1,0
Resort Hotel,0,344,2017,June,22,1,3,8,2,0.0,0,BB,GBR,Offline TA/TO,TA/TO,0,0,0,D,D,0,No Deposit,243.0,0,Contract,70.4,0,0
Resort Hotel,0,23,2017,June,23,9,1,2,2,0.0,0,HB,GBR,Online TA,TA/TO,0,0,0,D,D,0,No Deposit,241.0,0,Transient,142.12,0,1
Resort Hotel,0,65,2017,June,23,10,1,1,2,0.0,0,BB,CHE,Online TA,TA/TO,0,0,0,A,A,0,No Deposit,240.0,0,Transient,140.0,0,2
Resort Hotel,0,75,2017,June,23,7,1,4,2,0.0,0,BB,NLD,Online TA,TA/TO,0,0,0,A,A,0,No Deposit,241.0,0,Transient,98.0,0,1
Resort Hotel,0,321,2017,June,23,5,2,5,2,0.0,0,BB,IRL,Online TA,TA/TO,0,0,0,A,A,2,No Deposit,240.0,0,Transient-Party,80.46,0,1
Resort Hotel,0,20,2017,June,24,11,1,0,2,0.0,0,BB,DEU,Offline TA/TO,TA/TO,0,0,0,A,A,0,No Deposit,8.0,0,Transient,66.0,0,0
Resort Hotel,0,16,2017,June,23,9,1,2,2,0.0,0,BB,PRT,Online TA,TA/TO,0,0,0,E,G,2,No Deposit,240.0,0,Transient,170.0,0,1
Resort Hotel,0,19,2017,June,22,2,3,7,2,0.0,0,HB,RUS,Online TA,TA/TO,0,0,0,C,C,0,No Deposit,241.0,0,Transient,172.8,0,1
Resort Hotel,0,38,2017,June,23,9,1,2,2,0.0,0,SC,PRT,Online TA,TA/TO,0,0,0,A,I,0,No Deposit,240.0,0,Transient,0.0,0,1
Resort Hotel,0,32,2017,June,23,6,2,5,2,0.0,0,HB,BEL,Offline TA/TO,TA/TO,0,0,0,A,A,0,No Deposit,479.0,0,Transient,93.0,0,1
Resort Hotel,0,168,2017,June,23,5,3,5,2,0.0,0,BB,IRL,Online TA,TA/TO,0,0,0,E,E,0,No Deposit,240.0,0,Transient,141.5,0,2
Resort Hotel,0,228,2017,June,23,6,2,5,2,0.0,0,BB,GBR,Offline TA/TO,TA/TO,0,0,0,E,E,0,No Deposit,143.0,0,Group,87.13,0,0
Resort Hotel,0,117,2017,June,23,8,2,3,2,0.0,0,BB,GBR,Online TA,TA/TO,0,0,0,E,E,0,No Deposit,241.0,0,Transient,102.41,0,0
Resort Hotel,0,210,2017,June,22,3,4,6,2,0.0,0,HB,GBR,Offline TA/TO,TA/TO,0,0,0,D,D,0,No Deposit,40.0,0,Contract,100.4,0,0
Resort Hotel,0,84,2017,June,23,10,2,1,2,0.0,0,BB,FRA,Direct,Direct,0,0,0,D,D,1,No Deposit,250.0,0,Transient,140.0,0,3
Resort Hotel,0,291,2017,June,23,6,2,5,2,0.0,0,BB,IRL,Offline TA/TO,TA/TO,0,0,0,E,E,0,No Deposit,40.0,0,Transient,85.7,0,0
Resort Hotel,0,300,2017,June,23,6,2,5,2,0.0,0,BB,GBR,Offline TA/TO,TA/TO,0,0,0,E,E,0,No Deposit,40.0,0,Transient,85.7,0,1
Resort Hotel,0,210,2017,June,22,3,4,6,2,0.0,0,BB,GBR,Offline TA/TO,TA/TO,0,0,0,D,D,1,No Deposit,40.0,0,Contract,68.4,0,0
Resort Hotel,0,8,2017,June,23,7,2,4,2,0.0,0,HB,GBR,Online TA,TA/TO,0,0,0,F,F,0,No Deposit,241.0,0,Transient,168.72,0,1
Resort Hotel,0,259,2017,June,23,6,2,5,2,0.0,0,HB,IRL,Offline TA/TO,TA/TO,0,0,0,D,D,0,No Deposit,6.0,0,Transient,97.4,0,0
Resort Hotel,0,21,2017,June,23,8,2,3,2,0.0,0,BB,IRL,Online TA,TA/TO,0,0,0,A,A,0,No Deposit,240.0,0,Transient,140.0,0,2
Resort Hotel,0,101,2017,June,23,10,2,1,2,0.0,0,BB,CHE,Online TA,TA/TO,0,0,0,E,E,0,No Deposit,240.0,0,Transient,166.0,1,0
Resort Hotel,0,15,2017,June,24,11,2,0,2,0.0,0,HB,ESP,Direct,Direct,0,0,0,D,D,1,No Deposit,250.0,0,Transient,196.0,1,0
Resort Hotel,0,8,2017,June,24,11,2,0,2,0.0,0,BB,BRA,Online TA,TA/TO,0,0,0,D,D,0,No Deposit,241.0,0,Transient,124.0,1,2
Resort Hotel,0,111,2017,June,24,11,2,0,2,0.0,0,BB,AUS,Online TA,TA/TO,0,0,0,E,E,0,No Deposit,241.0,0,Transient,114.0,0,1
Resort Hotel,0,248,2017,June,24,11,2,0,2,0.0,0,BB,FRA,Offline TA/TO,TA/TO,0,0,0,A,A,0,No Deposit,6.0,0,Transient,59.4,0,0
Resort Hotel,0,26,2017,June,23,10,2,1,2,0.0,0,BB,ARG,Online TA,TA/TO,0,0,0,A,A,0,No Deposit,240.0,0,Transient,140.0,0,1
Resort Hotel,0,169,2017,June,23,7,2,5,2,0.0,0,BB,GBR,Online TA,TA/TO,0,0,0,D,D,0,No Deposit,314.0,0,Transient,92.0,0,1
Resort Hotel,0,159,2017,June,23,7,2,5,2,0.0,0,BB,GBR,Offline TA/TO,TA/TO,0,0,0,A,A,0,No Deposit,40.0,0,Contract,56.7,0,0
Resort Hotel,0,310,2017,June,23,4,4,6,2,0.0,0,BB,GBR,Offline TA/TO,TA/TO,0,0,0,A,A,0,No Deposit,40.0,0,Contract,58.7,0,1
Resort Hotel,0,236,2017,June,23,4,4,6,2,0.0,0,HB,GBR,Offline TA/TO,TA/TO,0,0,0,D,D,0,No Deposit,40.0,0,Contract,100.4,0,0
Resort Hotel,0,100,2017,June,23,10,2,2,2,0.0,0,BB,CHE,Direct,Direct,0,0,0,E,E,0,No Deposit,250.0,0,Transient,132.5,0,1
Resort Hotel,0,21,2017,June,24,13,0,1,2,0.0,0,BB,USA,Online TA,TA/TO,0,0,0,A,A,0,No Deposit,240.0,0,Transient,140.0,0,1
Resort Hotel,0,104,2017,June,24,12,1,1,2,0.0,0,BB,CN,Online TA,TA/TO,0,0,0,A,A,0,No Deposit,241.0,0,Transient,110.0,1,1
Resort Hotel,0,247,2017,June,23,7,2,5,2,0.0,0,BB,IRL,Direct,Direct,0,0,0,F,F,0,No Deposit,250.0,0,Transient,104.17,0,1
Resort Hotel,0,79,2017,June,24,11,2,1,2,0.0,0,BB,ITA,Direct,Direct,0,0,0,F,F,2,No Deposit,250.0,0,Transient,193.0,1,0
Resort Hotel,0,310,2017,June,23,4,4,6,2,0.0,0,BB,GBR,Offline TA/TO,TA/TO,0,0,0,A,A,0,No Deposit,40.0,0,Contract,56.7,0,1
Resort Hotel,0,82,2017,June,24,12,1,1,2,0.0,0,BB,ITA,Online TA,TA/TO,0,0,0,A,A,0,No Deposit,240.0,0,Transient,120.0,0,0
Resort Hotel,0,21,2017,June,23,10,2,2,2,0.0,0,BB,IRL,Online TA,TA/TO,0,0,0,A,A,0,No Deposit,240.0,0,Transient,165.0,0,0
Resort Hotel,0,149,2017,June,23,4,4,6,2,0.0,0,HB,GBR,Online TA,TA/TO,0,0,0,E,E,1,No Deposit,314.0,0,Transient,115.4,0,0
Resort Hotel,0,3,2017,June,23,8,2,5,2,0.0,0,HB,BEL,Offline TA/TO,TA/TO,0,0,0,A,A,0,No Deposit,479.0,0,Transient,95.0,0,0
Resort Hotel,0,82,2017,June,23,8,2,5,2,0.0,0,BB,AUT,Online TA,TA/TO,0,0,0,E,E,0,No Deposit,240.0,0,Transient,152.0,0,1
Resort Hotel,0,188,2017,June,24,11,2,2,2,0.0,0,BB,CN,Offline TA/TO,TA/TO,0,0,0,A,A,0,No Deposit,410.0,0,Transient,65.0,0,0
Resort Hotel,0,255,2017,June,23,5,3,7,2,0.0,0,HB,GBR,Offline TA/TO,TA/TO,0,0,0,D,D,0,No Deposit,40.0,0,Contract,98.4,0,0
Resort Hotel,0,330,2017,June,23,8,2,5,2,0.0,0,HB,GBR,Offline TA/TO,TA/TO,0,0,0,A,A,0,No Deposit,243.0,0,Contract,86.7,0,0
Resort Hotel,0,255,2017,June,23,5,3,7,2,0.0,0,HB,GBR,Offline TA/TO,TA/TO,0,0,0,D,D,0,No Deposit,40.0,0,Contract,98.4,0,0
Resort Hotel,0,330,2017,June,23,8,2,5,2,0.0,0,HB,GBR,Offline TA/TO,TA/TO,0,0,0,A,A,0,No Deposit,243.0,0,Contract,84.7,0,1
Resort Hotel,0,330,2017,June,23,8,2,5,2,0.0,0,HB,GBR,Offline TA/TO,TA/TO,0,0,0,A,A,0,No Deposit,243.0,0,Contract,84.7,0,1
Resort Hotel,0,285,2017,June,23,5,3,7,2,0.0,0,HB,GBR,Offline TA/TO,TA/TO,0,0,0,D,D,1,No Deposit,40.0,0,Contract,100.4,0,0
Resort Hotel,0,232,2017,June,23,8,2,5,2,0.0,0,HB,FRA,Online TA,TA/TO,0,0,0,E,E,0,No Deposit,240.0,0,Transient,156.8,1,1
Resort Hotel,0,148,2017,June,24,13,0,2,2,0.0,0,BB,FRA,Online TA,TA/TO,0,0,0,E,E,0,No Deposit,240.0,0,Transient,154.0,1,1
Resort Hotel,0,0,2017,June,24,14,0,1,2,0.0,0,BB,CHN,Online TA,TA/TO,1,0,0,D,D,0,No Deposit,240.0,0,Transient,155.0,0,0
Resort Hotel,0,97,2017,June,23,8,2,5,2,0.0,0,BB,GBR,Online TA,TA/TO,0,0,0,F,F,0,No Deposit,241.0,0,Transient,123.6,0,1
Resort Hotel,0,131,2017,June,24,11,2,2,2,0.0,0,BB,CN,Offline TA/TO,TA/TO,0,0,0,A,A,0,No Deposit,410.0,0,Transient,58.7,0,0
Resort Hotel,0,131,2017,June,24,11,2,2,2,0.0,0,BB,CN,Offline TA/TO,TA/TO,0,0,0,A,A,0,No Deposit,410.0,0,Transient,58.7,0,0
Resort Hotel,0,131,2017,June,24,11,2,2,2,0.0,0,BB,CN,Offline TA/TO,TA/TO,0,0,0,A,A,0,No Deposit,410.0,0,Transient,58.7,0,0
Resort Hotel,0,146,2017,June,23,10,2,3,2,0.0,0,BB,IRL,Online TA,TA/TO,0,0,0,D,D,0,No Deposit,240.0,0,Transient,125.0,0,3
Resort Hotel,0,103,2017,June,24,11,2,2,2,0.0,0,BB,CHE,Online TA,TA/TO,0,0,0,E,E,0,No Deposit,240.0,0,Transient,164.0,1,1
Resort Hotel,0,114,2017,June,23,8,2,5,2,0.0,0,BB,GBR,Online TA,TA/TO,0,0,0,E,E,0,No Deposit,241.0,0,Transient,111.73,0,1
Resort Hotel,0,128,2017,June,24,11,2,2,2,0.0,0,BB,CN,Offline TA/TO,TA/TO,0,0,0,A,A,0,No Deposit,410.0,0,Transient,57.7,0,0
Resort Hotel,0,128,2017,June,24,11,2,2,2,0.0,0,BB,CN,Offline TA/TO,TA/TO,0,0,0,A,A,0,No Deposit,410.0,0,Transient,65.0,0,0
Resort Hotel,0,143,2017,June,24,11,2,2,2,0.0,0,BB,CN,Offline TA/TO,TA/TO,0,0,0,A,A,0,No Deposit,410.0,0,Transient,58.7,0,0
Resort Hotel,0,94,2017,June,23,5,3,7,2,0.0,0,HB,CN,Online TA,TA/TO,0,0,0,F,F,0,No Deposit,241.0,0,Transient,153.6,0,1
Resort Hotel,0,135,2017,June,24,11,2,2,2,0.0,0,BB,CN,Offline TA/TO,TA/TO,0,0,0,A,A,0,No Deposit,410.0,0,Transient,58.7,0,0
Resort Hotel,0,0,2017,June,24,12,1,2,2,0.0,0,BB,DEU,Online TA,TA/TO,0,0,0,A,A,0,No Deposit,242.0,0,Transient,154.0,1,1
Resort Hotel,0,210,2017,June,24,12,1,2,2,0.0,0,HB,POL,Offline TA/TO,TA/TO,0,0,0,A,A,0,No Deposit,315.0,0,Contract,83.9,0,3
Resort Hotel,0,146,2017,June,23,10,2,3,2,0.0,0,BB,PRT,Online TA,TA/TO,0,0,0,A,B,0,No Deposit,240.0,0,Transient,110.0,0,1
Resort Hotel,0,201,2017,June,24,11,2,2,2,0.0,0,BB,CN,Offline TA/TO,TA/TO,0,0,0,A,A,0,No Deposit,410.0,0,Transient,64.5,0,0
Resort Hotel,0,11,2017,June,24,11,2,2,2,0.0,0,BB,PRT,Online TA,TA/TO,0,0,0,D,D,0,No Deposit,241.0,0,Transient,124.0,0,1
Resort Hotel,0,0,2017,June,24,14,0,1,2,0.0,0,BB,PRT,Direct,Direct,0,0,0,E,E,0,No Deposit,,0,Transient,148.5,0,3
Resort Hotel,0,27,2017,June,24,14,0,2,2,0.0,0,BB,ITA,Online TA,TA/TO,0,0,0,A,A,0,No Deposit,241.0,0,Transient,106.4,0,2
Resort Hotel,0,164,2017,June,24,11,2,3,2,0.0,0,HB,GBR,Offline TA/TO,TA/TO,0,0,0,A,A,0,No Deposit,95.0,0,Transient,87.4,0,0
Resort Hotel,0,202,2017,June,23,7,2,7,2,0.0,0,BB,IRL,Online TA,TA/TO,0,0,0,D,D,0,No Deposit,175.0,0,Transient,92.0,0,0
Resort Hotel,0,138,2017,June,24,11,2,3,2,0.0,0,HB,PRT,Offline TA/TO,TA/TO,0,0,0,A,A,0,No Deposit,6.0,0,Transient,98.6,1,1
Resort Hotel,0,27,2017,June,24,14,0,2,2,0.0,0,BB,ITA,Online TA,TA/TO,0,0,0,A,A,0,No Deposit,175.0,0,Transient,126.0,1,1
Resort Hotel,0,287,2017,June,24,14,0,2,2,0.0,0,BB,CZE,Online TA,TA/TO,0,0,0,E,F,0,No Deposit,240.0,0,Transient,121.1,1,2
Resort Hotel,0,287,2017,June,24,14,0,2,2,0.0,0,BB,CZE,Online TA,TA/TO,0,0,0,E,F,0,No Deposit,240.0,0,Transient,107.1,0,2
Resort Hotel,0,190,2017,June,24,15,0,1,2,0.0,0,BB,DEU,Offline TA/TO,TA/TO,0,0,0,D,D,0,No Deposit,251.0,0,Transient,80.0,0,0
Resort Hotel,0,6,2017,June,24,14,0,2,2,0.0,0,BB,PRT,Direct,Direct,0,0,0,E,E,0,No Deposit,250.0,0,Transient,179.0,1,0
Resort Hotel,0,85,2017,June,23,9,2,5,2,0.0,0,BB,GBR,Offline TA/TO,TA/TO,0,0,0,A,A,0,No Deposit,40.0,0,Contract,56.7,0,0
Resort Hotel,0,169,2017,June,24,15,0,1,2,0.0,0,BB,DEU,Offline TA/TO,TA/TO,0,0,0,D,D,0,No Deposit,251.0,0,Transient,80.0,0,0
Resort Hotel,0,85,2017,June,23,9,2,5,2,0.0,0,BB,GBR,Offline TA/TO,TA/TO,0,0,0,A,A,0,No Deposit,40.0,0,Contract,56.7,0,0
Resort Hotel,0,139,2017,June,23,10,2,4,2,0.0,0,HB,PRT,Online TA,TA/TO,0,0,0,E,E,5,No Deposit,,0,Transient-Party,173.67,1,2
Resort Hotel,0,2,2017,June,24,14,0,2,2,0.0,0,BB,PRT,Direct,Direct,0,0,0,A,A,0,No Deposit,,0,Transient,135.0,0,1
Resort Hotel,0,204,2017,June,24,13,0,3,2,0.0,0,HB,DEU,Online TA,TA/TO,0,0,0,D,D,0,No Deposit,240.0,0,Transient,167.0,1,2
Resort Hotel,0,4,2017,June,23,9,2,5,2,0.0,0,BB,GBR,Offline TA/TO,TA/TO,0,0,0,D,D,0,No Deposit,40.0,0,Contract,78.0,0,0
Resort Hotel,0,132,2017,June,22,2,4,10,2,0.0,0,HB,LUX,Online TA,TA/TO,0,0,0,E,E,0,No Deposit,240.0,0,Transient,172.0,0,1
Resort Hotel,0,253,2017,June,23,9,2,5,2,0.0,0,BB,IRL,Online TA,TA/TO,0,0,0,A,A,0,No Deposit,240.0,0,Transient,81.81,0,2
Resort Hotel,0,71,2017,June,24,13,0,4,2,0.0,0,BB,IRL,Online TA,TA/TO,0,0,0,E,E,0,No Deposit,240.0,0,Transient,170.0,0,1
Resort Hotel,0,36,2017,June,24,12,1,4,2,0.0,0,BB,FRA,Online TA,TA/TO,0,0,0,E,E,0,No Deposit,240.0,0,Transient,170.0,1,1
Resort Hotel,0,268,2017,June,23,10,2,5,2,0.0,0,BB,GBR,Offline TA/TO,TA/TO,0,0,0,D,D,0,No Deposit,143.0,0,Transient,70.4,0,0
Resort Hotel,0,159,2017,June,23,10,2,5,2,0.0,0,BB,NOR,Online TA,TA/TO,0,0,0,A,A,0,No Deposit,241.0,0,Transient,80.47,0,1
Resort Hotel,0,61,2017,June,24,13,0,4,2,0.0,0,HB,CN,Online TA,TA/TO,0,0,0,A,A,0,No Deposit,241.0,0,Transient,145.6,0,1
Resort Hotel,0,82,2017,June,24,11,2,4,2,0.0,0,BB,IRL,Online TA,TA/TO,0,0,0,C,C,1,No Deposit,240.0,0,Transient,160.0,0,1
Resort Hotel,0,320,2017,June,22,3,4,10,2,0.0,0,BB,GBR,Offline TA/TO,TA/TO,0,0,0,D,D,0,No Deposit,40.0,0,Contract,68.4,0,0
Resort Hotel,0,130,2017,June,23,9,2,6,2,0.0,0,BB,GBR,Online TA,TA/TO,0,0,0,F,F,0,No Deposit,241.0,0,Transient,111.73,0,1
Resort Hotel,0,312,2017,June,22,3,4,10,2,0.0,0,BB,GBR,Offline TA/TO,TA/TO,0,0,0,D,D,0,No Deposit,40.0,0,Contract,68.4,0,0
Resort Hotel,0,0,2017,June,24,16,0,1,2,0.0,0,BB,PRT,Direct,Direct,0,0,0,A,A,0,No Deposit,,0,Transient,135.0,0,0
Resort Hotel,0,3,2017,June,24,17,0,1,2,0.0,0,BB,FRA,Direct,TA/TO,0,0,0,H,H,1,No Deposit,,0,Transient,225.0,0,0
Resort Hotel,0,114,2017,June,24,11,2,4,2,0.0,0,BB,CN,Online TA,TA/TO,0,0,0,C,C,0,No Deposit,5.0,0,Transient-Party,128.07,0,3
Resort Hotel,0,114,2017,June,24,11,2,4,2,0.0,0,BB,CN,Online TA,TA/TO,0,0,0,C,C,0,No Deposit,5.0,0,Transient,140.4,1,3
Resort Hotel,0,233,2017,June,24,15,0,2,2,0.0,0,BB,CN,Online TA,TA/TO,0,0,0,A,A,0,No Deposit,240.0,0,Transient,99.0,0,2
Resort Hotel,0,136,2017,June,23,10,2,5,2,0.0,0,Undefined,PRT,Direct,Direct,0,0,0,F,F,3,No Deposit,250.0,0,Transient,199.0,0,2
Resort Hotel,0,0,2017,June,24,17,0,0,2,0.0,0,BB,PRT,Direct,Direct,1,0,0,A,A,0,No Deposit,,0,Transient,0.0,0,0
Resort Hotel,0,182,2017,June,24,13,0,4,2,0.0,0,BB,CN,Offline TA/TO,TA/TO,0,0,0,A,A,0,No Deposit,410.0,0,Transient,58.2,0,0
Resort Hotel,0,242,2017,June,22,3,4,10,2,0.0,0,BB,GBR,Offline TA/TO,TA/TO,0,0,0,D,D,0,No Deposit,143.0,0,Transient,68.4,0,0
Resort Hotel,0,288,2017,June,22,3,4,10,2,0.0,0,BB,GBR,Offline TA/TO,TA/TO,0,0,0,D,D,0,No Deposit,143.0,0,Transient,68.4,0,0
Resort Hotel,0,40,2017,June,24,12,1,4,2,0.0,0,BB,PRT,Online TA,TA/TO,0,0,0,A,A,0,No Deposit,240.0,0,Transient,140.0,0,1
Resort Hotel,0,125,2017,June,23,10,2,5,2,0.0,0,HB,FRA,Online TA,TA/TO,0,0,0,E,E,0,No Deposit,240.0,0,Transient,172.0,1,1
Resort Hotel,0,146,2017,June,24,15,0,2,2,0.0,0,BB,USA,Online TA,TA/TO,0,0,0,E,E,0,No Deposit,240.0,0,Transient-Party,154.0,0,1
Resort Hotel,0,146,2017,June,24,15,0,2,2,0.0,0,BB,USA,Online TA,TA/TO,0,0,0,E,E,0,No Deposit,240.0,0,Transient-Party,142.0,1,1
Resort Hotel,0,146,2017,June,24,15,0,2,2,0.0,0,BB,USA,Online TA,TA/TO,0,0,0,E,E,0,No Deposit,240.0,0,Transient-Party,140.0,0,1
Resort Hotel,0,150,2017,June,22,3,4,10,2,0.0,0,BB,GBR,Offline TA/TO,TA/TO,0,0,0,A,A,0,No Deposit,40.0,0,Contract,58.7,0,1
Resort Hotel,0,13,2017,June,24,11,2,5,2,0.0,0,BB,FRA,Online TA,TA/TO,0,0,0,A,A,0,No Deposit,241.0,0,Transient,108.57,0,1
Resort Hotel,0,241,2017,June,24,11,2,5,2,0.0,0,BB,GBR,Offline TA/TO,TA/TO,0,0,0,A,A,0,No Deposit,177.0,0,Transient,59.4,1,0
Resort Hotel,0,347,2017,June,23,4,4,10,2,0.0,0,HB,GBR,Offline TA/TO,TA/TO,0,0,0,A,A,0,No Deposit,243.0,0,Contract,86.7,0,0
Resort Hotel,0,254,2017,June,23,4,4,10,2,0.0,0,BB,GBR,Offline TA/TO,TA/TO,0,0,0,A,A,0,No Deposit,243.0,0,Contract,58.7,0,0
Resort Hotel,0,221,2017,June,24,11,2,5,2,0.0,0,BB,GBR,Offline TA/TO,TA/TO,0,0,0,A,A,0,No Deposit,40.0,0,Contract,56.7,0,0
Resort Hotel,0,267,2017,June,23,6,2,10,2,0.0,0,HB,GBR,Offline TA/TO,TA/TO,0,0,0,E,E,0,No Deposit,57.0,0,Transient,121.0,0,3
Resort Hotel,0,220,2017,June,24,11,2,5,2,0.0,0,BB,GBR,Offline TA/TO,TA/TO,0,0,0,A,A,0,No Deposit,243.0,0,Contract,56.7,0,1
Resort Hotel,0,220,2017,June,24,11,2,5,2,0.0,0,BB,GBR,Offline TA/TO,TA/TO,0,0,0,A,A,0,No Deposit,243.0,0,Contract,56.7,0,0
Resort Hotel,0,11,2017,June,24,16,0,2,2,0.0,0,BB,PRT,Direct,Direct,0,0,0,A,A,0,No Deposit,250.0,0,Transient,149.0,1,1
Resort Hotel,0,25,2017,June,24,15,0,3,2,0.0,0,BB,PRT,Direct,Direct,0,0,0,F,G,0,No Deposit,250.0,0,Transient,205.67,1,0
Resort Hotel,0,257,2017,June,24,11,2,5,2,0.0,0,BB,GBR,Offline TA/TO,TA/TO,0,0,0,E,E,0,No Deposit,436.0,0,Transient,83.7,0,0
Resort Hotel,0,119,2017,June,23,8,2,8,2,0.0,0,HB,BEL,Offline TA/TO,TA/TO,0,0,0,D,D,0,No Deposit,479.0,0,Transient,97.4,0,0
Resort Hotel,0,12,2017,June,24,16,0,2,2,0.0,0,BB,PRT,Online TA,TA/TO,0,0,0,D,F,0,No Deposit,240.0,0,Transient,169.0,1,1
Resort Hotel,0,2,2017,June,25,18,1,0,2,0.0,0,BB,PRT,Direct,TA/TO,0,0,0,D,E,0,No Deposit,,0,Transient,155.0,1,1
Resort Hotel,0,119,2017,June,23,8,2,8,2,0.0,0,HB,BEL,Offline TA/TO,TA/TO,0,0,0,D,D,0,No Deposit,479.0,0,Transient,97.4,0,0
Resort Hotel,0,1,2017,June,24,16,0,2,2,0.0,0,BB,PRT,Online TA,TA/TO,0,0,0,A,A,1,No Deposit,240.0,0,Transient,154.0,1,0
Resort Hotel,0,95,2017,June,24,15,0,3,2,0.0,0,HB,PRT,Online TA,TA/TO,0,0,0,A,A,0,No Deposit,240.0,0,Transient,166.0,1,1
Resort Hotel,0,236,2017,June,24,11,2,5,2,0.0,0,BB,GBR,Offline TA/TO,TA/TO,0,0,0,A,A,0,No Deposit,177.0,0,Transient,59.4,0,1
Resort Hotel,0,14,2017,June,24,16,0,2,2,0.0,0,HB,PRT,Online TA,TA/TO,0,0,0,A,A,0,No Deposit,240.0,0,Transient,172.0,0,1
Resort Hotel,0,102,2017,June,24,14,0,4,2,0.0,0,BB,PRT,Online TA,TA/TO,0,0,0,A,A,0,No Deposit,240.0,0,Transient,134.0,1,1
Resort Hotel,0,273,2017,August,34,23,0,4,2,0.0,0,BB,PRT,Direct,TA/TO,0,0,1,A,A,4,No Deposit,250.0,0,Transient,152.38,1,1
Resort Hotel,0,43,2017,June,24,11,2,5,2,0.0,0,BB,FRA,Online TA,TA/TO,0,0,0,A,A,0,No Deposit,240.0,0,Transient,140.0,0,1
Resort Hotel,0,0,2017,June,24,17,0,1,2,0.0,0,HB,ESP,Direct,Direct,0,0,0,D,D,0,No Deposit,,0,Transient,196.0,1,1
Resort Hotel,0,236,2017,June,24,11,2,5,2,0.0,0,BB,GBR,Offline TA/TO,TA/TO,0,0,0,A,A,0,No Deposit,177.0,0,Transient,61.4,0,1
Resort Hotel,0,36,2017,June,24,17,0,1,2,0.0,0,BB,PRT,Direct,Direct,0,0,0,A,C,0,No Deposit,,0,Transient,140.0,0,2
Resort Hotel,0,265,2017,June,24,15,0,3,2,0.0,0,BB,ESP,Online TA,TA/TO,0,0,0,A,A,2,No Deposit,240.0,0,Transient-Party,80.1,0,2
Resort Hotel,0,265,2017,June,24,15,0,3,2,0.0,0,BB,ESP,Online TA,TA/TO,0,0,0,A,B,2,No Deposit,240.0,0,Transient-Party,94.1,1,2
Resort Hotel,0,49,2017,June,24,12,1,5,2,0.0,0,HB,PRT,Direct,Direct,0,0,0,G,G,1,No Deposit,250.0,0,Transient,271.0,1,0
Resort Hotel,0,4,2017,June,24,16,0,2,2,0.0,0,BB,PRT,Online TA,TA/TO,0,0,0,A,A,0,No Deposit,240.0,0,Transient,140.0,0,1
Resort Hotel,0,0,2017,July,28,9,2,1,2,0.0,0,BB,GBR,Online TA,Direct,1,0,2,E,E,0,No Deposit,240.0,0,Transient,145.0,0,1
Resort Hotel,0,174,2017,June,24,14,0,4,2,0.0,0,BB,BRA,Online TA,TA/TO,0,0,0,A,A,0,No Deposit,240.0,0,Transient,124.0,1,0
Resort Hotel,0,5,2017,June,24,15,0,3,2,0.0,0,BB,PRT,Direct,Direct,0,0,0,C,C,0,No Deposit,250.0,0,Transient,166.25,0,0
Resort Hotel,0,1,2017,June,24,16,0,2,2,0.0,0,BB,ESP,Direct,Direct,0,0,0,A,A,0,No Deposit,250.0,0,Transient,145.0,0,1
Resort Hotel,0,124,2017,June,24,15,0,3,2,0.0,0,BB,PRT,Online TA,TA/TO,0,0,0,A,A,0,No Deposit,240.0,0,Transient,110.0,0,4
Resort Hotel,0,5,2017,June,24,17,0,1,2,0.0,0,BB,PRT,Direct,Direct,0,0,0,A,D,0,No Deposit,250.0,0,Transient,135.0,0,0
Resort Hotel,0,1,2017,June,24,15,0,3,2,0.0,0,BB,PRT,Direct,Direct,0,0,0,A,A,0,No Deposit,,0,Transient,135.0,0,1
Resort Hotel,0,252,2017,June,24,12,2,5,2,0.0,0,HB,GBR,Offline TA/TO,TA/TO,0,0,0,D,D,0,No Deposit,40.0,0,Contract,98.4,0,0
Resort Hotel,0,348,2017,June,23,5,4,10,2,0.0,0,HB,GBR,Offline TA/TO,TA/TO,0,0,0,A,A,0,No Deposit,243.0,0,Contract,86.7,0,2
Resort Hotel,0,88,2017,June,24,16,1,2,2,0.0,0,BB,GBR,Offline TA/TO,TA/TO,0,0,0,A,A,0,No Deposit,40.0,0,Contract,56.7,0,0
Resort Hotel,0,259,2017,June,24,12,2,5,2,0.0,0,BB,IRL,Online TA,TA/TO,0,0,0,E,G,1,No Deposit,241.0,0,Transient,98.35,0,2
Resort Hotel,0,208,2017,June,24,12,2,5,2,0.0,0,FB,PRT,Direct,Direct,0,0,0,D,D,0,No Deposit,,0,Transient,136.0,0,2
Resort Hotel,0,13,2017,June,24,14,1,4,2,0.0,0,BB,ESP,Online TA,TA/TO,0,0,0,A,A,0,No Deposit,240.0,0,Transient,154.0,0,1
Resort Hotel,0,208,2017,June,24,14,1,4,2,0.0,0,BB,CN,Online TA,TA/TO,0,0,0,D,D,0,No Deposit,314.0,0,Transient,90.0,0,0
Resort Hotel,0,23,2017,June,24,17,1,1,2,0.0,0,BB,ESP,Direct,Direct,0,0,0,A,C,0,No Deposit,250.0,0,Transient,145.0,0,2
Resort Hotel,0,0,2017,June,25,18,1,0,2,0.0,0,BB,FIN,Direct,Direct,0,0,0,A,A,0,No Deposit,,0,Transient,115.0,0,0
Resort Hotel,0,0,2017,June,25,18,1,0,2,0.0,0,BB,PRT,Direct,Direct,0,0,0,A,A,0,No Deposit,,0,Transient,129.0,1,0
Resort Hotel,0,7,2017,June,24,16,1,2,2,0.0,0,HB,PRT,Online TA,TA/TO,0,0,0,A,C,0,No Deposit,240.0,0,Transient,186.0,1,1
Resort Hotel,0,33,2017,June,24,16,1,2,2,0.0,0,BB,IRN,Online TA,TA/TO,0,0,0,A,A,2,No Deposit,240.0,0,Transient,154.0,1,1
Resort Hotel,0,334,2017,June,24,12,2,5,2,0.0,0,BB,GBR,Offline TA/TO,TA/TO,0,0,0,D,D,0,No Deposit,243.0,0,Contract,70.4,0,2
Resort Hotel,0,2,2017,June,24,16,1,2,2,0.0,0,BB,PRT,Direct,Direct,0,0,0,A,A,1,No Deposit,250.0,0,Transient,135.0,0,0
Resort Hotel,0,25,2017,June,24,17,1,1,2,0.0,0,BB,ESP,Online TA,TA/TO,0,0,0,A,A,0,No Deposit,240.0,0,Transient,140.0,0,1
Resort Hotel,0,73,2017,June,24,15,1,3,2,0.0,0,BB,GBR,Online TA,TA/TO,0,0,0,E,E,0,No Deposit,240.0,0,Transient,170.0,0,1
Resort Hotel,0,101,2017,June,24,13,1,5,2,0.0,0,BB,PRT,Online TA,TA/TO,0,0,0,A,A,0,No Deposit,240.0,0,Transient,120.0,0,1
Resort Hotel,0,348,2017,June,23,5,4,10,2,0.0,0,HB,GBR,Offline TA/TO,TA/TO,0,0,0,A,A,0,No Deposit,243.0,0,Contract,86.13,0,2
Resort Hotel,0,145,2017,June,25,18,1,0,2,0.0,0,BB,NZL,Offline TA/TO,TA/TO,0,0,0,E,E,0,No Deposit,171.0,0,Transient,83.7,1,0
Resort Hotel,0,145,2017,June,25,18,1,0,2,0.0,0,BB,NZL,Offline TA/TO,TA/TO,0,0,0,A,A,0,No Deposit,171.0,0,Transient,59.4,0,0
Resort Hotel,0,150,2017,June,24,13,2,5,2,0.0,0,HB,GBR,Online TA,TA/TO,0,0,0,E,E,1,No Deposit,314.0,0,Transient,126.2,0,0
Resort Hotel,0,222,2017,June,24,13,2,5,2,0.0,0,HB,GBR,Offline TA/TO,TA/TO,0,0,0,D,D,0,No Deposit,143.0,0,Transient,96.4,0,0
Resort Hotel,0,124,2017,June,24,13,2,5,2,0.0,0,BB,IRL,Direct,Direct,0,0,0,F,F,0,No Deposit,250.0,0,Transient,145.0,0,0
Resort Hotel,0,287,2017,June,24,13,2,5,2,0.0,0,HB,GBR,Offline TA/TO,TA/TO,0,0,0,D,D,0,No Deposit,40.0,0,Contract,98.4,0,1
Resort Hotel,0,287,2017,June,24,13,2,5,2,0.0,0,HB,GBR,Offline TA/TO,TA/TO,0,0,0,D,D,0,No Deposit,40.0,0,Contract,98.4,0,0
Resort Hotel,0,157,2017,June,23,10,4,6,2,0.0,0,HB,GBR,Offline TA/TO,TA/TO,0,0,0,D,D,0,No Deposit,40.0,0,Contract,98.4,0,0
Resort Hotel,0,11,2017,June,24,13,2,5,2,0.0,0,BB,GBR,Offline TA/TO,TA/TO,0,0,0,D,D,0,No Deposit,40.0,0,Contract,76.0,0,0
Resort Hotel,0,123,2017,June,24,14,2,4,2,0.0,0,BB,CN,Direct,Direct,0,0,0,F,F,0,No Deposit,250.0,0,Transient,147.0,0,1
Resort Hotel,0,284,2017,June,24,17,2,1,2,0.0,0,BB,PRT,Online TA,TA/TO,0,0,0,A,C,0,No Deposit,240.0,0,Transient,100.03,1,2
Resort Hotel,0,179,2017,June,23,10,4,6,2,0.0,0,BB,NLD,Online TA,TA/TO,0,0,0,D,D,0,No Deposit,240.0,0,Transient,140.8,1,2
Resort Hotel,0,195,2017,June,23,7,4,9,2,0.0,0,BB,GBR,Online TA,TA/TO,0,0,0,E,E,1,No Deposit,240.0,0,Transient,140.0,0,1
Resort Hotel,0,0,2017,June,25,19,1,0,2,0.0,0,BB,PRT,Direct,Direct,0,0,0,A,C,1,No Deposit,,0,Transient,142.5,1,0
Resort Hotel,0,232,2017,June,24,13,2,5,2,0.0,0,BB,GBR,Offline TA/TO,TA/TO,0,0,0,D,D,0,No Deposit,436.0,0,Transient,72.2,0,1
Resort Hotel,0,22,2017,June,25,18,2,0,2,0.0,0,BB,PRT,Online TA,TA/TO,0,0,0,A,A,0,No Deposit,240.0,0,Transient,130.0,0,1
Resort Hotel,0,162,2017,June,24,15,2,3,2,0.0,0,BB,GBR,Online TA,TA/TO,0,0,0,A,A,0,No Deposit,241.0,0,Transient,86.7,0,1
Resort Hotel,0,232,2017,June,24,13,2,5,2,0.0,0,BB,GBR,Offline TA/TO,TA/TO,0,0,0,D,D,0,No Deposit,436.0,0,Transient,73.63,0,1
Resort Hotel,0,135,2017,June,24,13,2,5,2,0.0,0,HB,GBR,Online TA,TA/TO,0,0,0,A,A,3,No Deposit,314.0,0,Transient,106.2,0,2
Resort Hotel,0,143,2017,June,24,17,2,1,2,0.0,0,BB,PRT,Direct,Direct,0,0,0,F,F,0,No Deposit,250.0,0,Transient,135.0,0,1
Resort Hotel,0,90,2017,June,24,15,2,3,2,0.0,0,BB,GBR,Offline TA/TO,TA/TO,0,0,0,D,D,0,No Deposit,40.0,0,Contract,70.4,0,0
Resort Hotel,0,261,2017,June,25,21,2,4,2,0.0,0,BB,GBR,Offline TA/TO,TA/TO,0,0,0,D,D,0,No Deposit,177.0,0,Transient,72.2,0,0
Resort Hotel,0,181,2017,June,24,14,2,5,2,0.0,0,HB,AUT,Online TA,TA/TO,0,0,0,E,E,1,No Deposit,240.0,0,Transient,172.0,1,1
Resort Hotel,0,155,2017,June,24,12,3,6,2,0.0,0,BB,GBR,Online TA,TA/TO,0,0,0,D,D,0,No Deposit,241.0,0,Transient,93.44,0,1
Resort Hotel,0,330,2017,June,23,10,4,7,2,0.0,0,BB,GBR,Offline TA/TO,TA/TO,0,0,0,E,E,0,No Deposit,40.0,0,Transient,85.7,0,0
Resort Hotel,0,136,2017,June,24,17,2,2,2,0.0,0,BB,PRT,Online TA,TA/TO,0,0,0,E,E,0,No Deposit,241.0,0,Transient,123.8,1,0
Resort Hotel,0,202,2017,June,25,20,0,1,2,0.0,0,BB,CHE,Offline TA/TO,TA/TO,0,0,0,D,D,0,No Deposit,251.0,0,Transient,80.0,0,0
Resort Hotel,0,152,2017,June,25,20,0,1,2,0.0,0,BB,PRT,Offline TA/TO,TA/TO,0,0,0,D,D,0,No Deposit,251.0,0,Transient,80.0,0,0
Resort Hotel,0,201,2017,June,24,17,2,2,2,0.0,0,BB,AUT,Online TA,TA/TO,0,0,0,A,A,0,No Deposit,314.0,0,Transient,86.2,0,0
Resort Hotel,0,144,2017,June,24,11,4,6,2,0.0,0,BB,IRL,Online TA,TA/TO,0,0,0,E,E,0,No Deposit,175.0,0,Transient,103.6,0,0
Resort Hotel,0,22,2017,June,25,18,2,1,2,0.0,0,BB,CN,Online TA,TA/TO,0,0,0,A,A,0,No Deposit,241.0,0,Transient,122.67,1,0
Resort Hotel,0,13,2017,June,25,21,0,1,2,0.0,0,BB,PRT,Direct,TA/TO,0,0,0,A,A,0,No Deposit,,0,Transient,136.0,1,0
Resort Hotel,0,116,2017,June,25,19,1,1,2,0.0,0,BB,ESP,Online TA,TA/TO,0,0,0,D,D,0,No Deposit,240.0,0,Transient,135.0,0,1
Resort Hotel,0,104,2017,June,25,18,2,1,2,0.0,0,BB,PRT,Online TA,TA/TO,0,0,0,E,G,0,No Deposit,241.0,0,Transient,122.0,0,2
Resort Hotel,0,47,2017,June,24,16,2,3,2,0.0,0,HB,IRL,Online TA,TA/TO,0,0,0,A,A,0,No Deposit,240.0,0,Transient,174.8,1,1
Resort Hotel,0,225,2017,June,24,14,2,5,2,0.0,0,BB,GBR,Online TA,TA/TO,0,0,0,A,C,1,No Deposit,240.0,0,Transient,100.71,0,0
Resort Hotel,0,236,2017,June,23,10,4,7,2,0.0,0,HB,DEU,Online TA,TA/TO,0,0,0,E,E,1,No Deposit,314.0,0,Transient-Party,115.68,0,0
Resort Hotel,0,86,2017,June,24,14,2,5,2,0.0,0,HB,ESP,Online TA,TA/TO,0,0,0,C,C,1,No Deposit,240.0,0,Transient,218.0,1,2
Resort Hotel,0,236,2017,June,23,10,4,7,2,0.0,0,HB,PRT,Online TA,TA/TO,0,0,0,E,E,1,No Deposit,314.0,0,Transient-Party,113.68,0,0
Resort Hotel,0,33,2017,June,25,19,1,1,2,0.0,0,BB,RUS,Online TA,TA/TO,0,0,0,A,C,0,No Deposit,240.0,0,Transient,154.0,1,1
Resort Hotel,0,19,2017,June,24,17,2,2,2,0.0,0,HB,PRT,Direct,Direct,0,0,0,D,D,1,No Deposit,250.0,0,Transient,167.5,0,0
Resort Hotel,0,122,2017,June,24,17,2,2,2,0.0,0,BB,GBR,Direct,Direct,0,0,0,F,F,2,No Deposit,250.0,0,Transient,187.0,0,0
Resort Hotel,0,145,2017,June,23,7,4,10,2,0.0,0,BB,IRL,Direct,Direct,0,0,0,E,E,0,No Deposit,250.0,0,Transient,116.11,0,0
Resort Hotel,0,145,2017,June,24,14,2,5,2,0.0,0,BB,IRL,Online TA,TA/TO,0,0,0,A,A,0,No Deposit,175.0,0,Transient,81.2,0,0
Resort Hotel,0,134,2017,June,24,12,3,7,2,0.0,0,HB,DEU,Online TA,TA/TO,0,0,0,A,A,1,No Deposit,314.0,0,Transient,104.6,0,0
Resort Hotel,0,21,2017,June,25,22,0,2,2,0.0,0,BB,PRT,Online TA,TA/TO,0,0,0,D,E,0,No Deposit,240.0,0,Transient,169.0,1,1
Resort Hotel,0,126,2017,June,24,15,2,5,2,0.0,0,HB,BEL,Offline TA/TO,TA/TO,0,0,0,A,A,0,No Deposit,479.0,0,Transient,83.7,0,0
Resort Hotel,0,41,2017,June,24,15,2,5,2,0.0,0,HB,BEL,Offline TA/TO,TA/TO,0,0,0,E,E,0,No Deposit,479.0,0,Transient,123.0,0,0
Resort Hotel,0,139,2017,June,24,15,2,5,2,0.0,0,HB,BEL,Offline TA/TO,TA/TO,0,0,0,A,A,0,No Deposit,479.0,0,Transient,83.7,0,0
Resort Hotel,0,206,2017,June,24,15,2,5,2,0.0,0,BB,GBR,Offline TA/TO,TA/TO,0,0,0,D,D,0,No Deposit,243.0,0,Transient,70.11,0,1
Resort Hotel,0,157,2017,June,24,13,2,7,2,0.0,0,BB,GBR,Online TA,TA/TO,0,0,0,D,D,0,No Deposit,314.0,0,Transient,92.0,0,1
Resort Hotel,0,245,2017,June,24,12,3,7,2,0.0,0,BB,GBR,Offline TA/TO,TA/TO,0,0,0,E,E,0,No Deposit,436.0,0,Transient,85.7,0,0
Resort Hotel,0,159,2017,June,24,11,4,7,2,0.0,0,BB,GBR,Offline TA/TO,TA/TO,0,0,0,A,A,0,No Deposit,40.0,0,Contract,58.7,0,0
Resort Hotel,0,192,2017,June,23,8,4,10,2,0.0,0,BB,GBR,Offline TA/TO,TA/TO,0,0,0,D,D,0,No Deposit,40.0,0,Contract,68.4,0,0
Resort Hotel,0,159,2017,June,24,15,2,5,2,0.0,0,BB,GBR,Online TA,TA/TO,0,0,0,A,A,2,No Deposit,240.0,0,Transient,110.0,0,1
Resort Hotel,0,224,2017,June,24,15,2,5,2,0.0,0,HB,GBR,Offline TA/TO,TA/TO,0,0,0,D,D,0,No Deposit,243.0,0,Contract,96.4,0,1
Resort Hotel,0,159,2017,June,25,18,2,2,2,0.0,0,BB,GBR,Offline TA/TO,TA/TO,0,0,0,D,D,0,No Deposit,436.0,0,Transient,70.2,0,0
Resort Hotel,0,307,2017,June,23,8,4,10,2,0.0,0,HB,GBR,Offline TA/TO,TA/TO,0,0,0,D,D,0,No Deposit,243.0,0,Contract,98.4,0,0
Resort Hotel,0,158,2017,June,24,11,4,7,2,0.0,0,BB,GBR,Offline TA/TO,TA/TO,0,0,0,D,D,0,No Deposit,40.0,0,Contract,70.4,0,1
Resort Hotel,0,217,2017,June,24,15,2,5,2,0.0,0,HB,GBR,Offline TA/TO,TA/TO,0,0,0,D,D,0,No Deposit,243.0,0,Contract,96.4,0,4
Resort Hotel,0,217,2017,June,24,15,2,5,2,0.0,0,HB,GBR,Offline TA/TO,TA/TO,0,0,0,D,D,0,No Deposit,243.0,0,Contract,98.4,0,3
Resort Hotel,0,39,2017,June,25,19,1,2,2,0.0,0,HB,ESP,Online TA,TA/TO,0,0,0,A,A,0,No Deposit,240.0,0,Transient,206.0,1,1
Resort Hotel,0,29,2017,June,24,15,2,5,2,0.0,0,HB,LTU,Direct,Direct,0,0,0,A,A,1,No Deposit,250.0,0,Transient,177.0,0,2
Resort Hotel,0,136,2017,June,25,18,2,2,2,0.0,0,BB,CN,Offline TA/TO,TA/TO,0,0,0,A,A,0,No Deposit,410.0,0,Transient,73.5,1,0
Resort Hotel,0,258,2017,June,23,8,4,10,2,0.0,0,BB,GBR,Offline TA/TO,TA/TO,0,0,0,D,D,0,No Deposit,243.0,0,Contract,70.4,0,2
Resort Hotel,0,138,2017,June,25,20,0,2,2,0.0,0,BB,BRA,Online TA,TA/TO,0,0,0,G,G,1,No Deposit,240.0,0,Transient,194.0,1,0
Resort Hotel,0,188,2017,June,25,18,2,2,2,0.0,0,BB,CN,Offline TA/TO,TA/TO,0,0,0,A,A,0,No Deposit,410.0,0,Transient,56.7,0,1
Resort Hotel,0,145,2017,June,25,18,2,2,2,0.0,0,BB,CN,Offline TA/TO,TA/TO,0,0,0,A,A,0,No Deposit,410.0,0,Transient,58.7,0,0
Resort Hotel,0,185,2017,June,25,18,2,2,2,0.0,0,BB,CN,Offline TA/TO,TA/TO,0,0,0,A,A,0,No Deposit,410.0,0,Transient,62.95,0,1
Resort Hotel,0,131,2017,June,25,18,2,2,2,0.0,0,BB,ESP,Online TA,TA/TO,0,0,0,E,E,0,No Deposit,240.0,0,Transient,154.0,1,1
Resort Hotel,0,105,2017,June,25,19,1,2,2,0.0,0,BB,PRT,Online TA,TA/TO,0,0,0,A,B,0,No Deposit,240.0,0,Transient,120.0,0,1
Resort Hotel,0,147,2017,June,25,20,0,2,2,0.0,0,BB,PRT,Offline TA/TO,TA/TO,0,0,0,D,D,0,No Deposit,8.0,0,Transient,70.2,0,0
Resort Hotel,0,18,2017,June,25,21,0,1,2,0.0,0,BB,CN,Online TA,TA/TO,0,0,0,A,A,0,No Deposit,240.0,0,Transient,140.0,0,1
Resort Hotel,0,145,2017,June,25,18,2,2,2,0.0,0,BB,CN,Offline TA/TO,TA/TO,0,0,0,A,A,0,No Deposit,410.0,0,Transient,58.7,0,0
Resort Hotel,0,256,2017,June,25,20,0,2,2,0.0,0,BB,IRL,Online TA,TA/TO,0,0,0,E,I,0,No Deposit,240.0,0,Transient,109.1,0,2
Resort Hotel,0,287,2017,June,25,22,2,4,2,0.0,0,BB,IRL,Online TA,TA/TO,0,0,0,E,E,1,No Deposit,240.0,0,Transient,107.1,0,2
Resort Hotel,0,75,2017,June,24,15,2,5,2,0.0,0,BB,GBR,Online TA,TA/TO,0,0,0,G,G,1,No Deposit,240.0,0,Transient,223.57,0,1
Resort Hotel,0,242,2017,June,24,13,2,8,2,0.0,0,BB,GBR,Online TA,TA/TO,0,0,0,E,E,0,No Deposit,240.0,0,Transient,109.1,0,1
Resort Hotel,0,146,2017,June,24,13,2,8,2,0.0,0,HB,GBR,Offline TA/TO,TA/TO,0,0,0,A,A,0,No Deposit,40.0,0,Contract,88.7,0,0
Resort Hotel,0,171,2017,June,24,17,2,4,2,0.0,0,BB,POL,Online TA,TA/TO,0,0,0,E,E,0,No Deposit,240.0,0,Transient,154.0,1,2
Resort Hotel,0,163,2017,June,24,15,2,6,2,0.0,0,BB,IRL,Online TA,TA/TO,0,0,0,A,A,0,No Deposit,175.0,0,Transient,80.95,0,0
Resort Hotel,0,161,2017,June,25,20,0,3,2,0.0,0,BB,IRL,Online TA,TA/TO,0,0,0,A,A,0,No Deposit,240.0,0,Transient,112.0,0,2
Resort Hotel,0,129,2017,June,25,19,1,3,2,0.0,0,BB,CN,Online TA,TA/TO,0,0,0,E,E,0,No Deposit,314.0,0,Transient,118.1,1,0
Resort Hotel,0,339,2017,June,24,16,2,5,2,0.0,0,HB,FRA,Online TA,TA/TO,0,0,0,E,E,0,No Deposit,240.0,0,Transient,130.5,1,1
Resort Hotel,0,143,2017,June,25,21,0,2,2,0.0,0,BB,SWE,Online TA,TA/TO,0,0,0,A,A,0,No Deposit,240.0,0,Transient,129.0,1,2
Resort Hotel,0,143,2017,June,25,21,0,2,2,0.0,0,BB,SWE,Online TA,TA/TO,0,0,0,A,C,0,No Deposit,240.0,0,Transient,115.0,0,2
Resort Hotel,0,81,2017,June,25,18,2,3,2,0.0,0,HB,PRT,Direct,Direct,0,0,0,A,A,0,No Deposit,250.0,0,Transient,181.0,1,0
Resort Hotel,0,224,2017,June,24,13,2,8,2,0.0,0,BB,IRL,Online TA,TA/TO,0,0,0,D,D,0,No Deposit,175.0,0,Transient,92.0,0,0
Resort Hotel,0,282,2017,June,24,16,2,5,2,0.0,0,BB,IRL,Direct,Direct,0,0,0,D,D,0,No Deposit,250.0,0,Transient-Party,93.6,0,0
Resort Hotel,0,256,2017,June,23,9,4,10,2,0.0,0,BB,GBR,Online TA,TA/TO,0,0,0,D,D,0,No Deposit,241.0,0,Transient,71.18,0,1
Resort Hotel,0,125,2017,June,25,20,0,3,2,0.0,0,BB,FRA,Online TA,TA/TO,0,0,0,E,F,0,No Deposit,240.0,0,Transient,150.0,0,1
Resort Hotel,0,13,2017,June,25,19,1,3,2,0.0,0,BB,CYP,Direct,Direct,0,0,0,A,A,0,No Deposit,,0,Transient,98.0,0,0
Resort Hotel,0,190,2017,June,24,16,2,5,2,0.0,0,BB,PRT,Direct,Direct,0,0,0,D,D,3,No Deposit,250.0,0,Transient,122.5,0,2
Resort Hotel,0,158,2017,June,24,16,2,5,2,0.0,0,BB,PRT,Online TA,TA/TO,0,0,0,E,E,0,No Deposit,240.0,0,Transient,154.0,1,2
Resort Hotel,0,139,2017,June,24,15,2,6,2,0.0,0,HB,DEU,Online TA,TA/TO,0,0,0,A,A,2,No Deposit,314.0,0,Transient,107.1,0,0
Resort Hotel,0,339,2017,June,24,13,2,8,2,0.0,0,BB,GBR,Online TA,TA/TO,0,0,0,A,A,0,No Deposit,240.0,0,Transient,74.25,0,1
Resort Hotel,0,1,2017,June,25,21,0,2,2,0.0,0,BB,USA,Online TA,TA/TO,0,0,0,A,C,0,No Deposit,306.0,0,Transient,92.82,0,0
Resort Hotel,0,0,2017,June,25,21,0,2,2,0.0,0,BB,ESP,Direct,Direct,0,0,0,A,A,0,No Deposit,,0,Transient,135.0,0,0
Resort Hotel,0,2,2017,June,25,22,0,1,2,0.0,0,BB,PRT,Online TA,TA/TO,0,0,0,A,A,0,No Deposit,240.0,0,Transient,126.0,0,1
Resort Hotel,0,57,2017,June,25,20,0,3,2,0.0,0,HB,USA,Online TA,TA/TO,0,0,0,G,I,1,No Deposit,240.0,0,Transient-Party,288.0,1,2
Resort Hotel,0,33,2017,June,25,20,0,3,2,0.0,0,BB,USA,Online TA,TA/TO,0,0,0,C,I,1,No Deposit,240.0,0,Transient-Party,189.33,1,1
Resort Hotel,0,132,2017,June,24,13,2,9,2,0.0,0,BB,AUT,Online TA,TA/TO,0,0,0,E,E,0,No Deposit,240.0,0,Transient,155.82,1,1
Resort Hotel,0,176,2017,June,23,10,4,10,2,0.0,0,HB,CHE,Offline TA/TO,TA/TO,0,0,0,G,G,0,No Deposit,497.0,0,Transient,177.8,0,1
Resort Hotel,0,275,2017,June,24,17,2,5,2,0.0,0,BB,GBR,Offline TA/TO,TA/TO,0,0,0,A,A,0,No Deposit,143.0,0,Transient,56.7,0,0
Resort Hotel,0,257,2017,June,23,10,4,10,2,0.0,0,BB,GBR,Offline TA/TO,TA/TO,0,0,0,A,A,0,No Deposit,143.0,0,Transient,61.2,0,3
Resort Hotel,0,45,2017,June,24,17,2,5,2,0.0,0,HB,BEL,Online TA,TA/TO,0,0,0,A,A,0,No Deposit,240.0,0,Transient,186.29,1,1
Resort Hotel,0,133,2017,June,24,17,2,5,2,0.0,0,BB,GBR,Online TA,TA/TO,0,0,0,A,A,2,No Deposit,314.0,0,Transient,92.29,0,0
Resort Hotel,0,10,2017,June,25,18,2,4,2,0.0,0,HB,GBR,Offline TA/TO,TA/TO,0,0,0,D,D,0,No Deposit,40.0,0,Contract,106.0,0,0
Resort Hotel,0,123,2017,June,23,10,4,10,2,0.0,0,BB,BRA,Offline TA/TO,TA/TO,0,0,0,G,G,0,No Deposit,181.0,0,Transient,141.14,0,0
Resort Hotel,0,0,2017,June,25,23,0,1,2,0.0,0,BB,PRT,Online TA,TA/TO,0,0,0,A,A,0,No Deposit,240.0,0,Transient,128.0,0,1
Resort Hotel,0,156,2017,June,24,17,2,5,2,0.0,0,BB,BEL,Online TA,TA/TO,0,0,0,A,A,0,No Deposit,242.0,0,Transient,110.0,0,1
Resort Hotel,0,223,2017,June,24,15,2,7,2,0.0,0,HB,AUT,Direct,Direct,0,0,0,F,F,1,No Deposit,250.0,0,Transient,165.0,0,0
Resort Hotel,0,223,2017,June,24,15,2,7,2,0.0,0,HB,DEU,Direct,Direct,0,0,0,F,F,1,No Deposit,250.0,0,Transient,165.0,0,0
Resort Hotel,0,137,2017,June,24,17,2,5,2,0.0,0,HB,PRT,Online TA,TA/TO,0,0,0,A,D,0,No Deposit,196.0,0,Transient,115.3,0,0
Resort Hotel,0,154,2017,June,25,19,1,4,2,0.0,0,BB,PRT,Online TA,TA/TO,0,0,0,A,A,0,No Deposit,240.0,0,Transient-Party,110.0,0,2
Resort Hotel,0,280,2017,June,24,17,2,5,2,0.0,0,HB,GBR,Online TA,TA/TO,0,0,0,E,E,0,No Deposit,240.0,0,Transient,150.81,0,3
Resort Hotel,0,0,2017,June,25,23,0,1,2,0.0,0,BB,GBR,Direct,Direct,0,0,0,D,D,0,No Deposit,,0,Transient,150.0,1,0
Resort Hotel,0,1,2017,June,25,24,1,1,2,0.0,0,BB,GBR,Direct,Direct,0,0,0,F,F,0,No Deposit,,0,Transient,178.0,1,0
Resort Hotel,0,0,2017,June,25,23,0,1,2,0.0,0,BB,SWE,Direct,Direct,0,0,0,D,D,0,No Deposit,,0,Transient,138.0,1,0
Resort Hotel,0,0,2017,June,25,23,0,1,2,0.0,0,BB,SWE,Direct,Direct,0,0,0,D,D,0,No Deposit,,0,Transient,138.0,0,0
Resort Hotel,0,26,2017,June,25,22,0,2,2,0.0,0,BB,BRA,Online TA,TA/TO,0,0,0,A,A,0,No Deposit,241.0,0,Transient,120.4,1,1
Resort Hotel,0,133,2017,June,25,20,0,4,2,0.0,0,BB,NOR,Online TA,TA/TO,0,0,0,A,A,0,No Deposit,314.0,0,Transient,96.8,1,0
Resort Hotel,0,218,2017,June,25,22,0,2,2,0.0,0,BB,CN,Online TA,TA/TO,0,0,0,G,G,1,No Deposit,240.0,0,Transient,194.0,0,2
Resort Hotel,0,149,2017,June,24,17,2,5,2,0.0,0,BB,IRL,Online TA,TA/TO,0,0,0,A,A,0,No Deposit,241.0,0,Transient,80.47,0,1
Resort Hotel,0,257,2017,June,24,17,2,5,2,0.0,0,BB,GBR,Online TA,TA/TO,0,0,0,A,A,2,No Deposit,240.0,0,Transient,84.37,0,1
Resort Hotel,0,182,2017,June,24,17,2,5,2,0.0,0,HB,HUN,Online TA,TA/TO,0,0,0,E,E,0,No Deposit,240.0,0,Transient,172.0,0,1
Resort Hotel,0,4,2017,June,25,19,1,4,2,0.0,0,BB,IRL,Direct,Direct,0,0,0,A,A,0,No Deposit,250.0,0,Transient,135.0,0,1
Resort Hotel,0,239,2017,June,25,19,1,4,2,0.0,0,BB,IRL,Online TA,TA/TO,0,0,0,A,A,0,No Deposit,240.0,0,Transient,99.0,0,1
Resort Hotel,0,239,2017,June,25,19,1,4,2,0.0,0,BB,IRL,Online TA,TA/TO,0,0,0,A,A,1,No Deposit,240.0,0,Transient,99.0,0,1
Resort Hotel,0,239,2017,June,25,19,1,4,2,0.0,0,BB,IRL,Online TA,TA/TO,0,0,0,A,A,2,No Deposit,240.0,0,Transient,99.0,0,1
Resort Hotel,0,2,2017,June,25,23,0,1,2,0.0,0,BB,NLD,Direct,Direct,0,0,0,D,D,0,No Deposit,,0,Transient,150.0,0,1
Resort Hotel,0,154,2017,June,25,19,1,4,2,0.0,0,BB,PRT,Online TA,TA/TO,0,0,0,A,A,0,No Deposit,240.0,0,Transient-Party,110.0,0,3
Resort Hotel,0,78,2017,June,24,17,2,5,2,0.0,0,HB,PRT,Direct,Direct,0,0,0,A,A,1,No Deposit,250.0,0,Transient,153.5,0,1
Resort Hotel,0,26,2017,June,25,19,1,5,2,0.0,0,HB,POL,Online TA,TA/TO,0,0,0,D,D,0,No Deposit,240.0,0,Transient,192.33,0,1
Resort Hotel,0,247,2017,June,25,18,2,5,2,0.0,0,HB,DEU,Offline TA/TO,TA/TO,0,0,0,A,A,0,No Deposit,75.0,0,Transient,80.76,0,0
Resort Hotel,0,236,2017,June,25,18,2,5,2,0.0,0,HB,ITA,Online TA,TA/TO,0,0,0,A,A,0,No Deposit,241.0,0,Transient,92.17,0,1
Resort Hotel,0,16,2017,June,25,23,0,2,2,0.0,0,BB,GBR,Online TA,TA/TO,0,0,0,G,G,1,No Deposit,240.0,0,Transient,234.0,1,0
Resort Hotel,0,28,2017,June,25,20,0,5,2,0.0,0,BB,GBR,Direct,Direct,0,0,0,D,D,0,No Deposit,250.0,0,Transient,154.0,0,0
Resort Hotel,0,333,2017,June,24,11,4,10,2,0.0,0,HB,GBR,Offline TA/TO,TA/TO,0,0,0,D,D,0,No Deposit,243.0,0,Contract,98.4,0,1
Resort Hotel,0,152,2017,June,24,11,4,10,2,0.0,0,BB,GBR,Offline TA/TO,TA/TO,0,0,0,D,D,0,No Deposit,243.0,0,Transient,68.4,0,0
Resort Hotel,0,88,2017,June,25,22,0,3,2,0.0,0,BB,CN,Online TA,TA/TO,0,0,0,D,D,0,No Deposit,241.0,0,Transient,108.0,0,1
Resort Hotel,0,129,2017,June,25,23,0,2,2,0.0,0,BB,LUX,Direct,Direct,0,0,0,F,G,2,No Deposit,250.0,0,Transient,169.0,1,0
Resort Hotel,0,152,2017,June,24,11,4,10,2,0.0,0,BB,GBR,Offline TA/TO,TA/TO,0,0,0,D,D,0,No Deposit,243.0,0,Transient,70.4,0,0
Resort Hotel,0,97,2017,June,25,19,1,5,2,0.0,0,BB,ESP,Online TA,TA/TO,0,0,0,A,A,0,No Deposit,240.0,0,Transient,120.0,0,1
Resort Hotel,0,225,2017,June,25,18,2,5,2,0.0,0,HB,GBR,Offline TA/TO,TA/TO,0,0,0,A,A,0,No Deposit,40.0,0,Contract,86.7,0,0
Resort Hotel,0,23,2017,June,24,17,2,6,2,0.0,0,BB,ITA,Online TA,TA/TO,0,0,0,A,A,0,No Deposit,240.0,0,Transient,142.5,0,0
Resort Hotel,0,27,2017,June,25,18,2,5,2,0.0,0,BB,IRL,Online TA,TA/TO,0,0,0,A,A,0,No Deposit,240.0,0,Transient,141.71,0,1
Resort Hotel,0,9,2017,June,25,22,0,3,2,0.0,0,HB,PRT,Direct,Direct,0,0,0,A,A,0,No Deposit,,0,Transient,181.0,1,0
Resort Hotel,0,136,2017,June,25,18,2,5,2,0.0,0,BB,GBR,Offline TA/TO,TA/TO,0,0,0,D,D,0,No Deposit,243.0,0,Contract,68.4,0,1
Resort Hotel,0,241,2017,June,24,16,2,7,2,0.0,0,HB,GBR,Offline TA/TO,TA/TO,0,0,0,E,E,0,No Deposit,40.0,0,Transient,113.7,0,0
Resort Hotel,0,2,2017,June,25,24,0,1,2,0.0,0,BB,PRT,Online TA,TA/TO,0,0,0,A,A,0,No Deposit,240.0,0,Transient,126.0,0,0
Resort Hotel,0,65,2017,June,25,22,0,3,2,0.0,0,HB,ESP,Online TA,TA/TO,0,0,0,D,D,0,No Deposit,240.0,0,Transient,221.0,1,1
Resort Hotel,0,12,2017,June,25,24,0,1,2,0.0,0,HB,ESP,Online TA,TA/TO,0,0,0,A,D,0,No Deposit,240.0,0,Transient,172.0,0,1
Resort Hotel,0,4,2017,June,25,24,0,1,2,0.0,0,BB,PRT,Online TA,TA/TO,0,0,0,A,H,0,No Deposit,240.0,0,Transient,140.0,0,1
Resort Hotel,0,9,2017,June,25,22,0,3,2,0.0,0,BB,ESP,Direct,Direct,0,0,0,G,G,0,No Deposit,250.0,0,Transient,229.0,1,0
Resort Hotel,0,134,2017,June,25,21,0,4,2,0.0,0,BB,PRT,Direct,Direct,0,0,0,E,F,1,No Deposit,250.0,0,Transient,141.67,0,2
Resort Hotel,0,35,2017,June,25,22,0,3,2,0.0,0,BB,PRT,Direct,Direct,0,0,0,D,D,0,No Deposit,,0,Transient,162.83,0,1
Resort Hotel,0,25,2017,June,25,21,0,4,2,0.0,0,HB,ESP,Direct,Direct,0,0,0,F,F,1,No Deposit,250.0,0,Transient,236.0,1,0
Resort Hotel,0,1,2017,June,25,23,0,2,2,0.0,0,BB,ESP,Online TA,TA/TO,0,0,0,E,E,0,No Deposit,240.0,0,Transient,184.0,0,1
Resort Hotel,0,128,2017,June,25,19,1,5,2,0.0,0,BB,BRA,Online TA,TA/TO,0,0,0,F,E,1,No Deposit,241.0,0,Transient,119.35,1,2
Resort Hotel,0,224,2017,June,25,24,2,5,2,0.0,0,HB,ESP,Direct,Direct,0,0,0,A,A,2,No Deposit,250.0,0,Transient,117.12,0,0
Resort Hotel,0,6,2017,June,25,23,0,2,2,0.0,0,HB,ESP,Online TA,TA/TO,0,0,0,A,C,0,No Deposit,240.0,0,Transient,172.0,0,1
Resort Hotel,0,7,2017,June,25,23,0,2,2,0.0,0,BB,PRT,Direct,Direct,0,0,0,A,A,0,No Deposit,250.0,0,Transient,128.25,0,0
Resort Hotel,0,6,2017,June,25,23,0,2,2,0.0,0,HB,ESP,Online TA,TA/TO,0,0,0,A,B,0,No Deposit,240.0,0,Transient,172.0,0,1
Resort Hotel,0,27,2017,June,25,24,1,1,2,0.0,0,BB,PRT,Direct,Direct,0,0,0,D,D,1,No Deposit,250.0,0,Transient,160.0,0,1
Resort Hotel,0,319,2017,June,24,16,3,7,2,0.0,0,BB,FRA,Online TA,TA/TO,0,0,0,D,D,2,No Deposit,240.0,0,Transient,88.74,0,1
Resort Hotel,0,150,2017,June,24,13,3,10,2,0.0,0,BB,IRL,Online TA,TA/TO,0,0,0,D,D,0,No Deposit,314.0,0,Transient,91.85,0,0
Resort Hotel,0,318,2017,June,25,22,1,3,2,0.0,0,BB,GBR,Online TA,TA/TO,0,0,0,A,A,0,No Deposit,241.0,0,Transient,61.68,0,2
Resort Hotel,0,318,2017,June,25,22,1,3,2,0.0,0,BB,GBR,Online TA,TA/TO,0,0,0,A,A,0,No Deposit,241.0,0,Transient,63.68,0,2
Resort Hotel,0,25,2017,June,25,23,1,2,2,0.0,0,BB,GBR,Offline TA/TO,TA/TO,0,0,0,D,D,0,No Deposit,40.0,0,Contract,78.0,0,0
Resort Hotel,0,124,2017,June,25,20,1,5,2,0.0,0,BB,GBR,Online TA,TA/TO,0,0,0,F,F,0,No Deposit,241.0,0,Transient,119.04,0,1
Resort Hotel,0,35,2017,June,25,23,1,2,2,0.0,0,BB,ESP,Online TA,TA/TO,0,0,0,E,E,0,No Deposit,240.0,0,Transient,170.0,0,1
Resort Hotel,0,242,2017,June,24,16,3,7,2,0.0,0,BB,IRL,Offline TA/TO,TA/TO,0,0,0,D,D,0,No Deposit,436.0,0,Transient,72.2,0,0
Resort Hotel,0,136,2017,June,25,23,1,2,2,0.0,0,BB,ESP,Online TA,TA/TO,0,0,0,A,A,0,No Deposit,240.0,0,Transient,134.0,1,1
Resort Hotel,0,328,2017,June,25,19,2,5,2,0.0,0,HB,GBR,Offline TA/TO,TA/TO,0,0,0,A,A,0,No Deposit,40.0,0,Contract,84.7,0,0
Resort Hotel,0,328,2017,June,25,19,2,5,2,0.0,0,HB,GBR,Offline TA/TO,TA/TO,0,0,0,A,A,0,No Deposit,40.0,0,Contract,86.7,0,0
Resort Hotel,0,120,2017,June,25,19,2,5,2,0.0,0,Undefined,PRT,Direct,Direct,0,0,0,D,D,4,No Deposit,250.0,0,Transient,210.14,1,2
Resort Hotel,0,27,2017,June,25,23,1,2,2,0.0,0,BB,PRT,Online TA,TA/TO,0,0,0,D,D,0,No Deposit,240.0,0,Transient,155.0,0,1
Resort Hotel,0,1,2017,June,26,25,1,0,2,0.0,0,BB,PRT,Online TA,TA/TO,0,0,0,D,D,0,No Deposit,240.0,0,Transient,101.7,1,1
Resort Hotel,0,23,2017,June,25,21,1,4,2,0.0,0,BB,ESP,Direct,Direct,0,0,0,A,C,0,No Deposit,250.0,0,Transient,147.0,1,2
Resort Hotel,0,2,2017,June,26,25,1,0,2,0.0,0,BB,PRT,Online TA,TA/TO,0,0,0,D,D,0,No Deposit,240.0,0,Transient,101.7,0,1
Resort Hotel,0,247,2017,June,25,22,1,3,2,0.0,0,HB,HUN,Online TA,TA/TO,0,0,0,A,A,0,No Deposit,240.0,0,Transient-Party,108.9,0,0
Resort Hotel,0,247,2017,June,25,22,1,3,2,0.0,0,HB,HUN,Online TA,TA/TO,0,0,0,A,A,0,No Deposit,240.0,0,Transient-Party,108.9,0,0
Resort Hotel,0,247,2017,June,25,22,1,3,2,0.0,0,HB,HUN,Online TA,TA/TO,0,0,0,A,A,0,No Deposit,240.0,0,Transient-Party,108.9,0,0
Resort Hotel,0,5,2017,June,26,25,1,0,2,0.0,0,BB,PRT,Online TA,TA/TO,0,0,0,A,B,0,No Deposit,240.0,0,Transient,88.2,0,1
Resort Hotel,0,207,2017,June,24,16,3,7,2,0.0,0,BB,GBR,Online TA,TA/TO,0,0,0,A,A,0,No Deposit,240.0,0,Transient,110.0,0,1
Resort Hotel,0,19,2017,June,25,24,1,1,2,0.0,0,BB,USA,Direct,Direct,0,0,0,E,F,2,No Deposit,250.0,0,Transient,155.0,0,2
Resort Hotel,0,132,2017,June,25,19,2,5,2,0.0,0,BB,BEL,Online TA,TA/TO,0,0,0,E,E,0,No Deposit,240.0,0,Transient,147.43,0,1
Resort Hotel,0,11,2017,June,25,23,1,2,2,0.0,0,BB,GBR,Direct,Direct,0,0,0,E,E,0,No Deposit,250.0,0,Transient,166.08,1,0
Resort Hotel,0,20,2017,June,25,22,1,3,2,0.0,0,BB,GBR,Online TA,TA/TO,0,0,0,A,A,0,No Deposit,240.0,0,Transient,140.0,0,1
Resort Hotel,0,0,2017,June,26,25,1,0,2,0.0,0,BB,JOR,Online TA,TA/TO,0,0,0,D,D,0,No Deposit,240.0,0,Transient,101.7,0,1
Resort Hotel,0,0,2017,June,26,25,1,0,2,0.0,0,BB,PRT,Online TA,TA/TO,0,0,0,E,E,0,No Deposit,240.0,0,Transient,142.0,1,0
Resort Hotel,0,223,2017,June,25,19,2,5,2,0.0,0,FB,POL,Offline TA/TO,TA/TO,0,0,0,E,E,0,No Deposit,315.0,0,Contract,158.9,0,0
Resort Hotel,0,332,2017,June,26,25,4,10,2,0.0,0,BB,GBR,Offline TA/TO,TA/TO,0,0,0,A,A,1,No Deposit,40.0,0,Contract,64.42,0,0
Resort Hotel,0,157,2017,June,25,18,4,5,2,0.0,0,HB,FRA,Direct,Direct,0,0,0,F,F,1,No Deposit,250.0,0,Transient,166.56,1,0
Resort Hotel,0,273,2017,June,25,20,2,5,2,0.0,0,BB,GBR,Offline TA/TO,TA/TO,0,0,0,A,A,0,No Deposit,143.0,0,Transient,56.7,0,0
Resort Hotel,0,198,2017,June,25,19,3,5,2,0.0,0,HB,CHE,Online TA,TA/TO,0,0,0,A,A,0,No Deposit,240.0,0,Transient,142.0,1,3
Resort Hotel,0,294,2017,June,25,20,2,5,2,0.0,0,BB,GBR,Offline TA/TO,TA/TO,0,0,0,D,D,0,No Deposit,40.0,0,Contract,70.4,0,0
Resort Hotel,0,253,2017,June,24,13,4,10,2,0.0,0,HB,GBR,Offline TA/TO,TA/TO,0,0,0,A,A,0,No Deposit,40.0,0,Contract,86.7,0,0
Resort Hotel,0,264,2017,June,24,17,4,6,2,0.0,0,BB,GBR,Offline TA/TO,TA/TO,0,0,0,D,D,0,No Deposit,40.0,0,Contract,68.4,0,0
Resort Hotel,0,250,2017,June,24,17,4,6,2,0.0,0,BB,IRL,Online TA,TA/TO,0,0,0,E,E,0,No Deposit,240.0,0,Transient,107.1,0,4
Resort Hotel,0,246,2017,June,23,6,6,15,2,0.0,0,BB,IRL,Online TA,TA/TO,0,0,0,A,A,0,No Deposit,242.0,0,Transient,82.0,2,1
Resort Hotel,0,218,2017,June,25,20,2,5,2,0.0,0,BB,PRT,Online TA,TA/TO,0,0,0,A,A,0,No Deposit,240.0,0,Transient,116.43,1,1
Resort Hotel,0,21,2017,June,25,24,2,1,2,0.0,0,BB,ESP,Online TA,TA/TO,0,0,0,A,A,0,No Deposit,468.0,0,Transient,114.8,0,0
Resort Hotel,0,321,2017,June,26,27,0,0,2,0.0,0,BB,PRT,Offline TA/TO,TA/TO,0,0,0,A,I,0,No Deposit,40.0,0,Contract,0.0,0,0
Resort Hotel,0,245,2017,June,25,21,2,5,2,0.0,0,BB,IRL,Online TA,TA/TO,0,0,0,E,E,0,No Deposit,240.0,0,Transient,128.0,0,1
Resort Hotel,0,253,2017,June,24,15,4,9,2,0.0,0,HB,CHE,Online TA,TA/TO,0,0,0,E,E,3,No Deposit,240.0,0,Transient,137.9,0,2
Resort Hotel,0,110,2017,June,25,19,3,6,2,0.0,0,HB,TGO,Online TA,TA/TO,0,0,0,A,A,0,No Deposit,240.0,0,Transient,152.0,0,2
Resort Hotel,0,275,2017,June,24,14,4,10,2,0.0,0,BB,GBR,Offline TA/TO,TA/TO,0,0,0,E,E,0,No Deposit,57.0,0,Transient,95.0,0,2
Resort Hotel,0,323,2017,June,25,21,2,5,2,0.0,0,BB,GBR,Online TA,TA/TO,0,0,0,D,D,1,No Deposit,240.0,0,Transient,88.2,0,2
Resort Hotel,0,326,2017,June,25,24,2,2,2,0.0,0,BB,GBR,Online TA,TA/TO,0,0,0,E,E,0,No Deposit,240.0,0,Transient,101.7,0,2
Resort Hotel,0,325,2017,June,24,17,4,7,2,0.0,0,BB,GBR,Online TA,TA/TO,0,0,0,A,A,0,No Deposit,240.0,0,Transient,74.25,0,1
Resort Hotel,0,43,2017,June,25,21,2,5,2,0.0,0,HB,GBR,Offline TA/TO,TA/TO,0,0,0,D,D,0,No Deposit,531.0,0,Transient,135.4,0,2
Resort Hotel,0,6,2017,June,26,25,2,1,2,0.0,0,BB,PRT,Online TA,TA/TO,0,0,0,A,C,0,No Deposit,241.0,0,Transient,100.8,0,1
Resort Hotel,0,326,2017,June,25,24,2,2,2,0.0,0,BB,IRL,Online TA,TA/TO,0,0,0,D,D,0,No Deposit,240.0,0,Transient,88.2,0,1
Resort Hotel,0,37,2017,June,25,24,2,2,2,0.0,0,HB,PRT,Direct,Direct,0,0,0,A,A,1,No Deposit,,0,Transient,243.0,1,3
Resort Hotel,0,327,2017,June,26,25,2,1,2,0.0,0,BB,IRL,Online TA,TA/TO,0,0,0,A,A,1,No Deposit,240.0,0,Transient,74.25,0,1
Resort Hotel,0,327,2017,June,26,25,2,1,2,0.0,0,BB,GBR,Online TA,TA/TO,0,0,0,A,A,3,No Deposit,240.0,0,Transient,74.25,0,2
Resort Hotel,0,307,2017,June,26,25,2,1,2,0.0,0,BB,GBR,Online TA,TA/TO,0,0,0,A,A,3,No Deposit,240.0,0,Transient,80.1,0,1
Resort Hotel,0,3,2017,June,25,22,2,4,2,0.0,0,BB,DEU,Online TA,TA/TO,0,0,0,A,A,0,No Deposit,240.0,0,Transient,133.0,0,2
Resort Hotel,0,1,2017,June,26,27,0,1,2,0.0,0,BB,DEU,Online TA,TA/TO,0,0,0,A,F,0,No Deposit,240.0,0,Transient,154.0,1,0
Resort Hotel,0,222,2017,June,25,23,2,3,2,0.0,0,BB,GBR,Online TA,TA/TO,0,0,0,A,A,0,No Deposit,241.0,0,Transient,76.23,0,2
Resort Hotel,0,222,2017,June,25,23,2,3,2,0.0,0,BB,GBR,Online TA,TA/TO,0,0,0,A,A,0,No Deposit,241.0,0,Transient,76.23,0,1
Resort Hotel,0,12,2017,June,26,26,1,1,2,0.0,0,BB,IRL,Direct,Direct,0,0,0,A,G,0,No Deposit,250.0,0,Transient,145.0,0,2
Resort Hotel,0,64,2017,June,25,21,2,5,2,0.0,0,HB,USA,Online TA,TA/TO,0,0,0,A,A,0,No Deposit,240.0,0,Transient,194.0,0,1
Resort Hotel,0,277,2017,June,25,21,2,5,2,0.0,0,BB,IRL,Direct,Direct,0,0,0,D,D,0,No Deposit,250.0,0,Transient,91.1,0,0
Resort Hotel,0,44,2017,June,25,24,2,2,2,0.0,0,BB,USA,Online TA,TA/TO,0,0,0,A,A,0,No Deposit,241.0,0,Transient,130.0,0,1
Resort Hotel,0,337,2017,June,24,15,4,10,2,0.0,0,BB,GBR,Offline TA/TO,TA/TO,0,0,0,A,A,0,No Deposit,243.0,0,Contract,58.7,0,2
Resort Hotel,0,292,2017,June,25,23,2,4,2,0.0,0,BB,ROU,Online TA,TA/TO,0,0,0,A,A,0,No Deposit,240.0,0,Transient,80.1,0,2
Resort Hotel,0,186,2017,June,25,24,2,3,2,0.0,0,BB,GBR,Offline TA/TO,TA/TO,0,0,0,D,D,0,No Deposit,40.0,0,Contract,68.4,0,0
Resort Hotel,0,255,2017,June,24,15,4,10,2,0.0,0,BB,GBR,Offline TA/TO,TA/TO,0,0,0,A,A,0,No Deposit,177.0,0,Transient,59.4,0,0
Resort Hotel,0,344,2017,June,25,22,2,5,2,0.0,0,BB,GBR,Offline TA/TO,TA/TO,0,0,0,A,A,0,No Deposit,243.0,0,Contract,58.7,0,0
Resort Hotel,0,284,2017,June,25,19,3,7,2,0.0,0,HB,GBR,Offline TA/TO,TA/TO,0,0,0,D,D,0,No Deposit,40.0,0,Contract,100.4,0,0
Resort Hotel,0,307,2017,June,25,19,3,7,2,0.0,0,HB,GBR,Offline TA/TO,TA/TO,0,0,0,A,A,0,No Deposit,40.0,0,Contract,86.7,0,0
Resort Hotel,0,331,2017,June,24,15,4,10,2,0.0,0,BB,GBR,Offline TA/TO,TA/TO,0,0,0,A,A,0,No Deposit,40.0,0,Contract,58.7,0,0
Resort Hotel,0,337,2017,June,25,22,2,5,2,0.0,0,BB,IRL,Offline TA/TO,TA/TO,0,0,0,D,D,0,No Deposit,8.0,0,Transient,72.2,0,0
Resort Hotel,0,259,2017,June,25,24,2,3,2,0.0,0,BB,CN,Direct,Direct,0,0,0,F,F,0,No Deposit,250.0,0,Transient,104.49,0,0
Resort Hotel,0,325,2017,June,25,23,2,4,2,0.0,0,BB,GBR,Online TA,TA/TO,0,0,0,A,A,2,No Deposit,240.0,0,Transient,85.21,0,1
Resort Hotel,0,259,2017,June,25,22,2,5,2,0.0,0,HB,GBR,Offline TA/TO,TA/TO,0,0,0,A,A,0,No Deposit,40.0,0,Contract,86.7,0,0
Resort Hotel,0,260,2017,June,25,22,2,5,2,0.0,0,BB,GBR,Direct,Direct,0,0,0,A,A,4,No Deposit,250.0,0,Transient,74.06,0,2
Resort Hotel,0,251,2017,June,26,26,1,3,2,0.0,0,HB,CN,Groups,TA/TO,0,0,0,D,D,0,No Deposit,96.0,0,Transient-Party,108.0,0,0
Resort Hotel,0,45,2017,June,25,23,2,5,2,0.0,0,HB,GBR,Offline TA/TO,TA/TO,0,0,0,E,E,0,No Deposit,531.0,0,Transient,144.4,0,2
Resort Hotel,0,251,2017,June,26,26,1,3,2,0.0,0,HB,CN,Groups,TA/TO,0,0,0,D,D,0,No Deposit,96.0,0,Transient-Party,108.0,0,0
Resort Hotel,0,251,2017,June,26,26,1,3,2,0.0,0,HB,CN,Groups,TA/TO,0,0,0,D,D,0,No Deposit,96.0,0,Transient-Party,108.0,0,0
Resort Hotel,0,251,2017,June,26,26,1,3,2,0.0,0,HB,CN,Groups,TA/TO,0,0,0,D,D,0,No Deposit,96.0,0,Transient-Party,106.0,0,0
Resort Hotel,0,251,2017,June,26,26,1,3,2,0.0,0,HB,CN,Groups,TA/TO,0,0,0,D,E,0,No Deposit,96.0,0,Transient-Party,106.0,0,1
Resort Hotel,0,251,2017,June,26,26,1,3,2,0.0,0,HB,CN,Groups,TA/TO,0,0,0,D,E,0,No Deposit,96.0,0,Transient-Party,106.0,0,0
Resort Hotel,0,251,2017,June,26,26,1,3,2,0.0,0,HB,CN,Groups,TA/TO,0,0,0,D,D,0,No Deposit,96.0,0,Transient-Party,108.0,0,1
Resort Hotel,0,251,2017,June,26,26,1,3,2,0.0,0,HB,CN,Groups,TA/TO,0,0,0,D,E,0,No Deposit,96.0,0,Transient-Party,106.0,0,1
Resort Hotel,0,251,2017,June,26,26,1,3,2,0.0,0,HB,CN,Groups,TA/TO,0,0,0,D,D,0,No Deposit,96.0,0,Transient-Party,108.0,0,1
Resort Hotel,0,251,2017,June,26,26,1,3,2,0.0,0,HB,CN,Groups,TA/TO,0,0,0,D,F,0,No Deposit,96.0,0,Transient-Party,108.0,0,0
Resort Hotel,0,251,2017,June,26,26,1,3,2,0.0,0,HB,CN,Groups,TA/TO,0,0,0,D,D,0,No Deposit,96.0,0,Transient-Party,106.0,0,1
Resort Hotel,0,251,2017,June,26,26,1,3,2,0.0,0,HB,CN,Groups,TA/TO,0,0,0,D,C,0,No Deposit,96.0,0,Transient-Party,108.0,0,0
Resort Hotel,0,251,2017,June,26,26,1,3,2,0.0,0,HB,CN,Groups,TA/TO,0,0,0,D,D,0,No Deposit,96.0,0,Transient-Party,106.0,0,1
Resort Hotel,0,251,2017,June,26,26,1,3,2,0.0,0,HB,CN,Groups,TA/TO,0,0,0,D,F,0,No Deposit,96.0,0,Transient-Party,108.0,0,1
Resort Hotel,0,251,2017,June,26,26,1,3,2,0.0,0,HB,CN,Groups,TA/TO,0,0,0,D,F,0,No Deposit,96.0,0,Transient-Party,106.0,0,1
Resort Hotel,0,251,2017,June,26,26,1,3,2,0.0,0,HB,CN,Groups,TA/TO,0,0,0,D,D,0,No Deposit,96.0,0,Transient-Party,108.0,0,0
Resort Hotel,0,251,2017,June,26,26,1,3,2,0.0,0,HB,CN,Groups,TA/TO,0,0,0,D,C,0,No Deposit,96.0,0,Transient-Party,108.0,0,0
Resort Hotel,0,251,2017,June,26,26,1,3,2,0.0,0,HB,CN,Groups,TA/TO,0,0,0,D,E,0,No Deposit,96.0,0,Transient-Party,106.0,0,0
Resort Hotel,0,251,2017,June,26,26,1,3,2,0.0,0,HB,CN,Groups,TA/TO,0,0,0,D,D,0,No Deposit,96.0,0,Transient-Party,106.0,0,0
Resort Hotel,0,251,2017,June,26,26,1,3,2,0.0,0,HB,CN,Groups,TA/TO,0,0,0,D,D,0,No Deposit,96.0,0,Transient-Party,108.0,0,0
Resort Hotel,0,251,2017,June,26,26,1,3,2,0.0,0,HB,CN,Groups,TA/TO,0,0,0,D,D,0,No Deposit,96.0,0,Transient-Party,106.0,0,0
Resort Hotel,0,251,2017,June,26,26,1,3,2,0.0,0,HB,CN,Groups,TA/TO,0,0,0,D,H,0,No Deposit,96.0,0,Transient-Party,106.0,0,0
Resort Hotel,0,0,2017,June,26,29,0,1,2,0.0,0,BB,IRL,Direct,Direct,0,0,0,A,A,0,No Deposit,,0,Transient,137.0,1,1
Resort Hotel,0,156,2017,June,26,30,2,3,2,0.0,0,BB,IRL,Online TA,Direct,0,0,0,A,A,0,No Deposit,240.0,0,Transient,134.0,1,1
Resort Hotel,0,279,2017,June,25,24,2,4,2,0.0,0,BB,GBR,Online TA,TA/TO,0,0,0,E,E,0,No Deposit,241.0,0,Transient,80.35,0,1
Resort Hotel,0,105,2017,June,25,24,2,4,2,0.0,0,BB,AUS,Online TA,TA/TO,0,0,0,G,G,0,No Deposit,241.0,0,Transient,166.0,1,1
Resort Hotel,0,335,2017,June,26,26,1,3,2,0.0,0,BB,GBR,Online TA,TA/TO,0,0,0,A,A,0,No Deposit,240.0,0,Transient,74.25,0,2
Resort Hotel,0,91,2017,June,25,23,2,5,2,0.0,0,BB,GBR,Offline TA/TO,TA/TO,0,0,0,D,D,0,No Deposit,40.0,0,Contract,70.4,0,0
Resort Hotel,0,2,2017,June,26,27,0,3,2,0.0,0,BB,DNK,Direct,Direct,0,0,0,A,A,2,No Deposit,250.0,0,Transient,159.0,1,2
Resort Hotel,0,123,2017,June,26,26,1,3,2,0.0,0,BB,ESP,Online TA,TA/TO,0,0,0,A,B,0,No Deposit,240.0,0,Transient,134.0,1,1
Resort Hotel,0,0,2017,June,26,29,0,1,2,0.0,0,BB,CHN,Online TA,TA/TO,0,0,0,A,A,0,No Deposit,240.0,0,Transient,128.0,0,0
Resort Hotel,0,12,2017,June,26,26,1,3,2,0.0,0,BB,PRT,Offline TA/TO,TA/TO,0,0,0,C,C,0,No Deposit,3.0,0,Transient,128.75,1,1
Resort Hotel,0,274,2017,June,24,16,4,10,2,0.0,0,BB,GBR,Offline TA/TO,TA/TO,0,0,0,A,A,0,No Deposit,40.0,0,Contract,56.7,0,1
Resort Hotel,0,274,2017,June,24,16,4,10,2,0.0,0,BB,GBR,Offline TA/TO,TA/TO,0,0,0,A,A,0,No Deposit,40.0,0,Contract,58.7,0,1
Resort Hotel,0,251,2017,June,26,26,1,3,2,0.0,0,HB,CN,Groups,TA/TO,0,0,0,D,F,4,No Deposit,96.0,0,Transient-Party,108.0,0,0
Resort Hotel,0,0,2017,June,26,28,0,2,2,0.0,0,BB,MAR,Direct,Direct,0,0,0,F,F,1,No Deposit,,0,Transient,167.5,0,1
Resort Hotel,0,244,2017,June,25,24,2,5,2,0.0,0,BB,GBR,Online TA,TA/TO,0,0,0,A,A,0,No Deposit,240.0,0,Transient,100.71,0,1
Resort Hotel,0,249,2017,June,25,24,2,5,2,0.0,0,BB,GBR,Offline TA/TO,TA/TO,0,0,0,D,D,0,No Deposit,143.0,0,Transient,86.23,0,0
Resort Hotel,0,282,2017,June,25,24,2,5,2,0.0,0,HB,GBR,Offline TA/TO,TA/TO,0,0,0,D,D,0,No Deposit,143.0,0,Transient,112.8,0,1
Resort Hotel,0,43,2017,June,25,21,2,8,2,0.0,0,BB,GBR,Offline TA/TO,TA/TO,0,0,0,D,D,0,No Deposit,531.0,0,Transient,90.1,0,2
Resort Hotel,0,170,2017,June,24,17,4,10,2,0.0,0,BB,GBR,Offline TA/TO,TA/TO,0,0,0,D,D,1,No Deposit,40.0,0,Contract,84.8,0,1
Resort Hotel,0,46,2017,June,25,24,2,5,2,0.0,0,BB,GBR,Offline TA/TO,TA/TO,0,0,0,D,D,0,No Deposit,531.0,0,Transient,106.0,0,2
Resort Hotel,0,46,2017,June,25,24,2,5,2,0.0,0,HB,GBR,Offline TA/TO,TA/TO,0,0,0,E,E,0,No Deposit,531.0,0,Transient,156.0,0,2
Resort Hotel,0,0,2017,June,26,30,0,1,2,0.0,0,BB,PRT,Direct,Direct,0,0,0,E,E,0,No Deposit,,0,Transient,167.0,1,0
Resort Hotel,0,318,2017,June,25,24,2,5,2,0.0,0,BB,GBR,Offline TA/TO,TA/TO,0,0,0,E,E,0,No Deposit,40.0,0,Transient,103.7,0,0
Resort Hotel,0,148,2017,June,26,30,0,1,2,0.0,0,BB,AUT,Offline TA/TO,TA/TO,0,0,0,D,D,0,No Deposit,251.0,0,Transient,99.0,0,1
Resort Hotel,0,326,2017,June,25,24,2,5,2,0.0,0,BB,IRL,Online TA,TA/TO,0,0,0,D,D,0,No Deposit,240.0,0,Transient,88.2,0,2
Resort Hotel,0,9,2017,June,26,30,0,1,2,0.0,0,BB,PRT,Corporate,TA/TO,0,0,0,A,B,1,No Deposit,,0,Transient-Party,120.0,0,0
Resort Hotel,0,21,2017,June,26,30,0,1,2,0.0,0,BB,PRT,Offline TA/TO,TA/TO,0,0,0,A,A,1,No Deposit,168.0,0,Transient,130.0,1,0
Resort Hotel,0,295,2017,June,25,21,2,8,2,0.0,0,BB,DEU,Online TA,TA/TO,0,0,0,E,E,0,No Deposit,240.0,0,Transient,107.1,0,2
Resort Hotel,0,128,2017,June,26,29,0,2,2,0.0,0,BB,GBR,Direct,Direct,0,0,0,F,F,0,No Deposit,250.0,0,Transient,169.0,1,2
Resort Hotel,0,9,2017,June,26,30,0,1,2,0.0,0,BB,COL,Corporate,TA/TO,0,0,0,A,C,1,No Deposit,,0,Transient-Party,120.0,0,0
Resort Hotel,0,86,2017,June,26,30,0,1,2,0.0,0,BB,PRT,Corporate,TA/TO,0,0,0,A,A,2,No Deposit,,0,Transient-Party,134.0,1,0
Resort Hotel,0,17,2017,July,26,1,0,1,2,0.0,0,BB,PRT,Online TA,TA/TO,0,0,0,A,D,0,No Deposit,240.0,0,Transient,160.0,1,2
Resort Hotel,0,4,2017,June,26,30,0,1,2,0.0,0,BB,PRT,Direct,Direct,0,0,0,D,D,0,No Deposit,250.0,0,Transient,150.0,1,1
Resort Hotel,0,124,2017,June,25,24,2,5,2,0.0,0,BB,PRT,Online TA,TA/TO,0,0,0,A,A,0,No Deposit,240.0,0,Transient,134.0,1,2
Resort Hotel,0,0,2017,June,25,24,2,5,2,0.0,0,HB,HUN,Direct,Direct,0,0,0,A,A,1,No Deposit,,0,Transient,131.67,0,1
Resort Hotel,0,272,2017,June,25,24,2,5,2,0.0,0,BB,PRT,Online TA,TA/TO,0,0,0,A,A,0,No Deposit,240.0,0,Transient,80.1,0,1
Resort Hotel,0,324,2017,June,25,22,2,7,2,0.0,0,BB,IRL,Online TA,TA/TO,0,0,0,D,D,1,No Deposit,240.0,0,Transient,89.98,0,1
Resort Hotel,0,14,2017,June,26,30,0,1,2,0.0,0,BB,PRT,Online TA,TA/TO,0,0,0,A,A,0,No Deposit,240.0,0,Transient-Party,140.0,0,0
Resort Hotel,0,274,2017,June,25,18,4,10,2,0.0,0,BB,DEU,Online TA,TA/TO,0,0,0,D,D,1,No Deposit,240.0,0,Transient,96.56,0,1
Resort Hotel,0,226,2017,June,25,22,2,8,2,0.0,0,HB,DEU,Online TA,TA/TO,0,0,0,E,E,1,No Deposit,314.0,0,Transient,128.0,0,0
Resort Hotel,0,44,2017,June,25,22,2,8,2,0.0,0,BB,GBR,Offline TA/TO,TA/TO,0,0,0,E,E,0,No Deposit,531.0,0,Transient,106.47,0,0
Resort Hotel,0,44,2017,June,25,22,2,8,2,0.0,0,BB,GBR,Offline TA/TO,TA/TO,0,0,0,D,D,0,No Deposit,531.0,0,Transient,108.3,0,2
Resort Hotel,0,152,2017,June,26,25,2,5,2,0.0,0,BB,GBR,Offline TA/TO,TA/TO,0,0,0,D,D,0,No Deposit,243.0,0,Transient,84.8,0,0
Resort Hotel,0,44,2017,June,25,22,2,8,2,0.0,0,BB,GBR,Offline TA/TO,TA/TO,0,0,0,D,D,0,No Deposit,531.0,0,Transient,108.3,0,2
Resort Hotel,0,44,2017,June,25,22,2,8,2,0.0,0,BB,GBR,Offline TA/TO,TA/TO,0,0,0,E,E,0,No Deposit,531.0,0,Transient,108.97,0,0
Resort Hotel,0,347,2017,June,26,25,2,5,2,0.0,0,BB,GBR,Offline TA/TO,TA/TO,0,0,0,A,D,1,No Deposit,243.0,0,Contract,87.2,0,0
Resort Hotel,0,270,2017,June,26,28,0,4,2,0.0,0,HB,POL,Online TA,TA/TO,0,0,0,A,A,0,No Deposit,240.0,0,Transient-Party,112.22,0,0
Resort Hotel,0,299,2017,June,26,25,2,5,2,0.0,0,BB,GBR,Offline TA/TO,TA/TO,0,0,0,A,A,1,No Deposit,177.0,0,Transient,76.7,0,0
Resort Hotel,0,268,2017,June,26,28,0,4,2,0.0,0,HB,POL,Online TA,TA/TO,0,0,0,A,A,0,No Deposit,240.0,0,Transient-Party,112.22,0,0
Resort Hotel,0,1,2017,June,26,30,0,2,2,0.0,0,HB,ESP,Direct,Direct,0,0,0,A,A,1,No Deposit,250.0,0,Transient,185.0,1,1
Resort Hotel,0,127,2017,June,26,29,0,3,2,0.0,0,FB,PRT,Online TA,TA/TO,0,0,0,E,E,1,No Deposit,5.0,0,Transient,189.33,1,0
Resort Hotel,0,17,2017,June,26,30,0,2,2,0.0,0,BB,ESP,Online TA,TA/TO,0,0,0,A,A,0,No Deposit,240.0,0,Transient,135.0,0,2
Resort Hotel,0,7,2017,June,26,30,0,2,2,0.0,0,BB,PRT,Online TA,TA/TO,0,0,0,E,E,0,No Deposit,240.0,0,Transient,180.0,0,1
Resort Hotel,0,2,2017,July,26,1,0,1,2,0.0,0,BB,ESP,Online TA,TA/TO,0,0,0,A,C,0,No Deposit,240.0,0,Transient,160.0,0,1
Resort Hotel,0,28,2017,July,26,1,0,1,2,0.0,0,BB,USA,Online TA,TA/TO,0,0,0,A,A,0,No Deposit,241.0,0,Transient,128.0,0,1
Resort Hotel,0,0,2017,July,26,1,0,1,2,0.0,0,BB,PRT,Direct,Direct,0,0,0,A,A,0,No Deposit,250.0,0,Transient,113.0,0,0
Resort Hotel,0,5,2017,June,26,30,0,2,2,0.0,0,BB,FRA,Online TA,TA/TO,0,0,0,E,E,0,No Deposit,240.0,0,Transient,194.0,1,1
Resort Hotel,0,274,2017,June,25,24,2,6,2,0.0,0,BB,PRT,Online TA,TA/TO,0,0,0,A,A,0,No Deposit,242.0,0,Transient,81.76,1,1
Resort Hotel,0,4,2017,July,26,1,0,1,2,0.0,0,BB,PRT,Online TA,TA/TO,0,0,0,A,C,0,No Deposit,240.0,0,Transient,160.0,0,1
Resort Hotel,0,315,2017,June,26,25,2,5,2,0.0,0,BB,GBR,Online TA,TA/TO,0,0,0,E,E,0,No Deposit,314.0,0,Transient,89.22,0,0
Resort Hotel,0,45,2017,July,26,1,0,1,2,0.0,0,BB,USA,Online TA,TA/TO,0,0,0,A,A,0,No Deposit,241.0,0,Transient,150.0,0,1
Resort Hotel,0,160,2017,July,26,1,0,1,2,0.0,0,BB,PRT,Online TA,TA/TO,0,0,0,A,A,0,No Deposit,240.0,0,Transient,110.0,0,1
Resort Hotel,0,171,2017,June,26,30,0,2,2,0.0,0,BB,GBR,Online TA,TA/TO,0,0,0,A,F,1,No Deposit,240.0,0,Transient,130.0,0,1
Resort Hotel,0,154,2017,June,26,29,0,3,2,0.0,0,BB,IRL,Online TA,TA/TO,0,0,0,A,A,1,No Deposit,240.0,0,Transient,120.0,0,1
Resort Hotel,0,86,2017,June,26,30,0,2,2,0.0,0,BB,PRT,Corporate,TA/TO,0,0,0,G,G,2,No Deposit,,0,Transient,127.0,1,0
Resort Hotel,0,271,2017,June,26,26,2,5,2,0.0,0,BB,GBR,Offline TA/TO,TA/TO,0,0,0,A,A,0,No Deposit,243.0,0,Contract,72.2,0,0
Resort Hotel,0,318,2017,June,25,19,4,10,2,0.0,0,BB,GBR,Offline TA/TO,TA/TO,0,0,0,D,D,0,No Deposit,243.0,0,Contract,84.8,0,0
Resort Hotel,0,306,2017,June,25,21,3,9,2,0.0,0,Undefined,GBR,Offline TA/TO,TA/TO,0,0,0,E,E,0,No Deposit,40.0,0,Transient,157.7,0,0
Resort Hotel,0,110,2017,June,26,26,2,5,2,0.0,0,BB,GBR,Online TA,TA/TO,0,0,0,A,A,0,No Deposit,240.0,0,Transient,128.57,0,1
Resort Hotel,0,310,2017,June,25,22,3,8,2,0.0,0,BB,GBR,Offline TA/TO,TA/TO,0,0,0,E,E,0,No Deposit,40.0,0,Transient,103.7,0,0
Resort Hotel,0,326,2017,June,25,23,3,7,2,0.0,0,HB,GBR,Offline TA/TO,TA/TO,0,0,0,A,A,1,No Deposit,40.0,0,Contract,102.2,0,2
Resort Hotel,0,128,2017,June,26,26,2,5,2,0.0,0,BB,GBR,Offline TA/TO,TA/TO,0,0,0,D,D,0,No Deposit,40.0,0,Contract,84.8,0,0
Resort Hotel,0,207,2017,July,27,2,1,0,2,0.0,0,BB,AUT,Offline TA/TO,TA/TO,0,0,0,D,D,0,No Deposit,251.0,0,Transient,99.0,0,0
Resort Hotel,0,151,2017,June,26,30,1,2,2,0.0,0,BB,IRL,Online TA,TA/TO,0,0,0,A,A,0,No Deposit,240.0,0,Transient,120.0,0,1
Resort Hotel,0,121,2017,June,26,27,1,5,2,0.0,0,BB,ESP,Direct,Direct,0,0,0,F,F,0,No Deposit,250.0,0,Transient,166.33,1,0
Resort Hotel,0,151,2017,June,26,30,1,2,2,0.0,0,BB,IRL,Online TA,TA/TO,0,0,0,A,A,1,No Deposit,240.0,0,Transient,111.0,0,1
Resort Hotel,0,12,2017,July,26,1,1,1,2,0.0,0,BB,PRT,Online TA,TA/TO,0,0,0,A,A,0,No Deposit,240.0,0,Transient,174.0,0,1
Resort Hotel,0,8,2017,June,26,27,1,5,2,0.0,0,BB,PRT,Online TA,TA/TO,0,0,0,A,A,0,No Deposit,240.0,0,Transient,146.67,0,1
Resort Hotel,0,1,2017,July,26,1,1,1,2,0.0,0,BB,GRC,Online TA,TA/TO,0,0,0,C,C,2,No Deposit,240.0,0,Transient,204.0,1,2
Resort Hotel,0,178,2017,June,26,26,2,5,2,0.0,0,BB,ROU,Online TA,TA/TO,0,0,0,C,C,2,No Deposit,314.0,0,Transient,106.56,1,1
Resort Hotel,0,152,2017,June,26,28,1,4,2,0.0,0,HB,PRT,Online TA,TA/TO,0,0,0,A,A,0,No Deposit,196.0,0,Transient,106.5,0,0
Resort Hotel,0,36,2017,June,26,28,1,4,2,0.0,0,HB,PRT,Offline TA/TO,TA/TO,0,0,0,A,A,0,No Deposit,196.0,0,Transient,115.82,0,0
Resort Hotel,0,265,2017,June,26,26,2,5,2,0.0,0,BB,GBR,Offline TA/TO,TA/TO,0,0,0,A,A,0,No Deposit,40.0,0,Contract,70.2,0,0
Resort Hotel,0,326,2017,June,25,23,3,7,2,0.0,0,HB,GBR,Offline TA/TO,TA/TO,0,0,0,A,A,0,No Deposit,40.0,0,Contract,102.2,0,2
Resort Hotel,0,6,2017,June,26,27,1,5,2,0.0,0,BB,RUS,Online TA,TA/TO,0,0,0,A,A,0,No Deposit,240.0,0,Transient,160.67,1,1
Resort Hotel,0,13,2017,June,26,30,1,2,2,0.0,0,BB,GBR,Direct,Direct,0,0,0,A,A,0,No Deposit,250.0,0,Transient,163.67,1,0
Resort Hotel,0,47,2017,June,26,25,3,5,2,0.0,0,HB,GBR,Offline TA/TO,TA/TO,0,0,0,E,E,0,No Deposit,531.0,0,Transient,161.75,0,2
Resort Hotel,0,158,2017,June,26,30,1,2,2,0.0,0,BB,GBR,Online TA,TA/TO,0,0,0,D,D,0,No Deposit,240.0,0,Transient,125.0,0,2
Resort Hotel,0,151,2017,June,26,30,1,2,2,0.0,0,BB,IRL,Online TA,TA/TO,0,0,0,D,D,0,No Deposit,240.0,0,Transient,136.33,0,1
Resort Hotel,0,0,2017,July,27,2,1,0,2,0.0,0,BB,USA,Online TA,TA/TO,0,0,0,A,F,2,No Deposit,306.0,0,Transient,117.74,0,1
Resort Hotel,0,258,2017,July,26,1,1,1,2,0.0,0,HB,PRT,Online TA,TA/TO,0,0,0,A,A,1,No Deposit,240.0,0,Transient,137.3,0,2
Resort Hotel,0,212,2017,July,27,4,1,5,2,0.0,0,HB,BEL,Online TA,TA/TO,0,0,0,A,A,0,No Deposit,240.0,0,Transient,140.0,0,1
Resort Hotel,0,176,2017,July,26,1,2,1,2,0.0,0,BB,GBR,Direct,Direct,0,0,0,D,D,0,No Deposit,250.0,0,Transient,112.5,0,1
Resort Hotel,0,169,2017,June,26,30,2,2,2,0.0,0,BB,GBR,Online TA,TA/TO,0,0,0,A,A,0,No Deposit,147.0,0,Transient,81.4,0,0
Resort Hotel,0,278,2017,June,26,27,2,5,2,0.0,0,HB,GBR,Offline TA/TO,TA/TO,0,0,0,A,A,0,No Deposit,143.0,0,Contract,100.2,0,0
Resort Hotel,0,282,2017,June,25,24,4,6,2,0.0,0,HB,GBR,Offline TA/TO,TA/TO,0,0,0,A,A,0,No Deposit,143.0,0,Transient,100.2,0,0
Resort Hotel,0,283,2017,June,26,27,2,5,2,0.0,0,BB,GBR,Online TA,TA/TO,0,0,0,A,A,0,No Deposit,240.0,0,Transient,87.79,0,1
Resort Hotel,0,293,2017,June,26,27,2,5,2,0.0,0,HB,GBR,Online TA,TA/TO,0,0,0,D,D,3,No Deposit,147.0,0,Transient,102.55,0,0
Resort Hotel,0,289,2017,June,25,23,4,7,2,0.0,0,HB,GBR,Offline TA/TO,TA/TO,0,0,0,A,A,0,No Deposit,40.0,0,Contract,100.2,0,0
Resort Hotel,0,244,2017,June,25,20,4,10,2,0.0,0,BB,GBR,Offline TA/TO,TA/TO,0,0,0,D,D,0,No Deposit,40.0,0,Contract,84.8,0,1
Resort Hotel,0,1,2017,July,27,3,1,0,2,0.0,0,BB,USA,Direct,Direct,0,0,0,F,F,0,No Deposit,,0,Transient,173.0,0,1
Resort Hotel,0,24,2017,July,26,1,2,1,2,0.0,0,BB,SWE,Online TA,TA/TO,0,0,0,A,I,0,No Deposit,240.0,0,Transient,174.0,1,1
Resort Hotel,0,1,2017,July,27,4,0,2,2,0.0,0,BB,SWE,Direct,TA/TO,0,0,0,A,A,0,No Deposit,,0,Transient,174.0,1,1
Resort Hotel,0,227,2017,June,25,21,4,9,2,0.0,0,BB,GBR,Online TA,TA/TO,0,0,0,A,A,0,No Deposit,241.0,0,Transient,78.23,0,2
Resort Hotel,0,161,2017,July,26,1,2,1,2,0.0,0,BB,ISR,Online TA,TA/TO,0,0,0,A,A,4,No Deposit,240.0,0,Transient,144.0,1,2
Resort Hotel,0,24,2017,June,26,30,2,2,2,0.0,0,BB,ESP,Online TA,TA/TO,0,0,0,A,A,0,No Deposit,240.0,0,Transient,160.0,0,1
Resort Hotel,0,220,2017,June,26,28,2,5,2,0.0,0,BB,GBR,Online TA,TA/TO,0,0,0,A,A,0,No Deposit,314.0,0,Transient-Party,81.2,0,1
Resort Hotel,0,220,2017,June,26,28,2,5,2,0.0,0,BB,GBR,Online TA,TA/TO,0,0,0,A,A,0,No Deposit,314.0,0,Transient-Party,81.2,0,1
Resort Hotel,0,220,2017,June,26,28,2,5,2,0.0,0,BB,GBR,Online TA,TA/TO,0,0,0,A,A,0,No Deposit,314.0,0,Transient-Party,81.2,0,1
Resort Hotel,0,253,2017,June,26,28,2,5,2,0.0,0,BB,GBR,Offline TA/TO,TA/TO,0,0,0,A,E,1,No Deposit,177.0,0,Transient,99.7,0,1
Resort Hotel,0,327,2017,June,26,26,3,6,2,0.0,0,BB,GBR,Offline TA/TO,TA/TO,0,0,0,E,E,0,No Deposit,40.0,0,Transient,103.7,0,0
Resort Hotel,0,258,2017,June,25,21,4,10,2,0.0,0,HB,GBR,Offline TA/TO,TA/TO,0,0,0,D,D,0,No Deposit,40.0,0,Contract,115.51,0,1
Resort Hotel,0,51,2017,June,26,29,2,4,2,0.0,0,HB,GBR,Offline TA/TO,TA/TO,0,0,0,A,A,0,No Deposit,531.0,0,Transient,161.33,0,3
Resort Hotel,0,90,2017,June,26,28,2,5,2,0.0,0,BB,IRL,Direct,Direct,0,0,0,A,A,0,No Deposit,,0,Transient,127.0,0,0
Resort Hotel,0,50,2017,June,26,28,2,5,2,0.0,0,HB,GBR,Offline TA/TO,TA/TO,0,0,0,A,D,0,No Deposit,531.0,0,Transient,159.14,0,3
Resort Hotel,0,82,2017,June,25,21,4,10,2,0.0,0,HB,ITA,Direct,Direct,0,0,0,A,A,1,No Deposit,,0,Transient,159.0,0,0
Resort Hotel,0,261,2017,July,26,1,2,2,2,0.0,0,BB,PRT,Online TA,TA/TO,0,0,0,D,D,1,No Deposit,240.0,0,Transient,115.0,1,1
Resort Hotel,0,47,2017,July,27,3,1,1,2,0.0,0,BB,FRA,Online TA,TA/TO,0,0,0,A,A,0,No Deposit,242.0,0,Transient,184.0,0,1
Resort Hotel,0,133,2017,July,27,3,1,1,2,0.0,0,BB,USA,Online TA,TA/TO,0,0,0,E,G,1,No Deposit,240.0,0,Transient,170.0,0,0
Resort Hotel,0,159,2017,July,27,2,2,1,2,0.0,0,BB,USA,Online TA,TA/TO,0,0,0,D,D,0,No Deposit,241.0,0,Transient,96.25,0,1
Resort Hotel,0,165,2017,June,25,21,4,10,2,0.0,0,BB,IRL,Direct,Direct,0,0,0,E,E,0,No Deposit,,0,Transient,123.5,0,1
Resort Hotel,0,276,2017,July,27,2,2,1,2,0.0,0,HB,LTU,Online TA,TA/TO,0,0,0,A,A,0,No Deposit,241.0,0,Transient,103.37,1,1
Resort Hotel,0,114,2017,June,26,30,2,3,2,0.0,0,BB,FIN,Online TA,TA/TO,0,0,0,D,D,0,No Deposit,240.0,0,Transient-Party,159.0,0,1
Resort Hotel,0,114,2017,June,26,30,2,3,2,0.0,0,BB,FIN,Online TA,TA/TO,0,0,0,D,D,0,No Deposit,240.0,0,Transient-Party,159.0,0,1
Resort Hotel,0,317,2017,June,26,25,4,6,2,0.0,0,BB,GBR,Offline TA/TO,TA/TO,0,0,0,A,A,0,No Deposit,40.0,0,Contract,70.2,0,0
Resort Hotel,0,97,2017,July,27,3,1,2,2,0.0,0,BB,CN,Online TA,TA/TO,0,0,0,D,D,0,No Deposit,240.0,0,Transient,188.0,0,2
Resort Hotel,0,342,2017,June,26,26,3,7,2,0.0,0,Undefined,GBR,Offline TA/TO,TA/TO,0,0,0,A,A,0,No Deposit,40.0,0,Contract,120.45,0,2
Resort Hotel,0,342,2017,June,26,26,3,7,2,0.0,0,Undefined,GBR,Offline TA/TO,TA/TO,0,0,0,A,A,0,No Deposit,40.0,0,Contract,126.2,0,0
Resort Hotel,0,48,2017,June,26,26,3,7,2,0.0,0,HB,GBR,Offline TA/TO,TA/TO,0,0,0,D,D,0,No Deposit,531.0,0,Transient,145.75,0,2
Resort Hotel,0,235,2017,July,27,2,2,2,2,0.0,0,BB,CN,Offline TA/TO,TA/TO,0,0,0,A,C,0,No Deposit,410.0,0,Transient,78.0,0,0
Resort Hotel,0,207,2017,July,27,2,2,2,2,0.0,0,BB,CN,Offline TA/TO,TA/TO,0,0,0,A,A,0,No Deposit,410.0,0,Transient,80.0,0,0
Resort Hotel,0,177,2017,July,27,2,2,2,2,0.0,0,BB,PRT,Offline TA/TO,TA/TO,0,0,0,A,A,0,No Deposit,410.0,0,Transient,70.2,0,1
Resort Hotel,0,0,2017,July,27,5,0,1,2,0.0,0,BB,PRT,Direct,Direct,0,0,0,A,A,2,No Deposit,,0,Transient,93.0,0,2
Resort Hotel,0,234,2017,June,26,29,2,5,2,0.0,0,BB,GBR,Offline TA/TO,TA/TO,0,0,0,D,D,0,No Deposit,40.0,0,Contract,84.8,0,0
Resort Hotel,0,248,2017,July,27,2,2,2,2,0.0,0,BB,GBR,Direct,Direct,0,0,0,E,E,0,No Deposit,250.0,0,Transient,113.4,0,2
Resort Hotel,0,0,2017,July,27,5,0,1,2,0.0,0,BB,PRT,Online TA,TA/TO,0,0,0,D,D,0,No Deposit,240.0,0,Transient-Party,113.0,0,0
Resort Hotel,0,0,2017,July,27,5,0,1,2,0.0,0,BB,BRA,Online TA,TA/TO,0,0,0,A,A,0,No Deposit,240.0,0,Transient-Party,98.0,0,0
Resort Hotel,0,118,2017,July,26,1,2,3,2,0.0,0,BB,PRT,Online TA,TA/TO,0,0,0,D,D,0,No Deposit,240.0,0,Transient,165.0,0,1
Resort Hotel,0,0,2017,July,27,5,0,1,2,0.0,0,BB,PRT,Direct,Direct,0,0,0,E,E,0,No Deposit,,0,Transient,123.0,0,0
Resort Hotel,0,0,2017,July,27,5,0,1,2,0.0,0,BB,PRT,Direct,Direct,0,0,0,D,D,0,No Deposit,,0,Transient,108.0,0,0
Resort Hotel,0,0,2017,July,27,5,0,1,2,0.0,0,BB,PRT,Corporate,Corporate,0,0,0,A,A,0,No Deposit,,0,Transient,93.0,0,0
Resort Hotel,0,1,2017,July,27,6,0,1,2,0.0,0,BB,PRT,Online TA,TA/TO,0,0,0,E,F,1,No Deposit,240.0,0,Transient,8.0,0,1
Resort Hotel,0,0,2017,July,27,3,1,2,2,0.0,0,SC,CHE,Direct,Direct,0,0,0,G,I,0,No Deposit,,0,Transient,0.0,0,2
Resort Hotel,0,193,2017,July,27,4,0,3,2,0.0,0,BB,CN,Online TA,TA/TO,0,0,0,A,A,0,No Deposit,314.0,0,Transient,90.0,1,0
Resort Hotel,0,263,2017,July,27,3,1,3,2,0.0,0,BB,GBR,Direct,Direct,0,0,0,A,A,0,No Deposit,250.0,0,Transient,85.05,0,0
Resort Hotel,0,303,2017,June,26,30,2,5,2,0.0,0,BB,GBR,Offline TA/TO,TA/TO,0,0,0,D,D,0,No Deposit,40.0,0,Contract,84.8,0,2
Resort Hotel,0,270,2017,June,26,30,2,5,2,0.0,0,HB,GBR,Offline TA/TO,TA/TO,0,0,0,D,D,0,No Deposit,40.0,0,Contract,112.8,0,0
Resort Hotel,0,62,2017,July,27,5,0,2,2,0.0,0,HB,ESP,Online TA,TA/TO,0,0,0,A,A,1,No Deposit,240.0,0,Transient,216.0,0,1
Resort Hotel,0,173,2017,July,27,3,1,3,2,0.0,0,BB,FRA,Online TA,TA/TO,0,0,0,E,E,0,No Deposit,240.0,0,Transient,140.0,0,1
Resort Hotel,0,173,2017,July,27,3,1,3,2,0.0,0,BB,FRA,Online TA,TA/TO,0,0,0,E,G,1,No Deposit,240.0,0,Transient,154.0,0,1
Resort Hotel,0,234,2017,June,26,30,2,5,2,0.0,0,HB,DEU,Offline TA/TO,TA/TO,0,0,0,E,E,0,No Deposit,75.0,0,Transient,119.85,0,1
Resort Hotel,0,275,2017,June,26,30,2,5,2,0.0,0,BB,JPN,Online TA,TA/TO,0,0,0,D,D,0,No Deposit,241.0,0,Transient,76.94,0,1
Resort Hotel,0,200,2017,July,27,2,2,3,2,0.0,0,BB,PRT,Online TA,TA/TO,0,0,0,A,A,2,No Deposit,240.0,0,Transient,124.0,1,1
Resort Hotel,0,172,2017,June,26,27,2,8,2,0.0,0,BB,PRT,Direct,Direct,0,0,0,D,D,2,No Deposit,250.0,0,Transient,119.64,0,2
Resort Hotel,0,172,2017,June,26,27,2,8,2,0.0,0,BB,PRT,Direct,Direct,0,0,0,D,D,2,No Deposit,250.0,0,Transient,110.94,1,0
Resort Hotel,0,72,2017,July,27,5,0,2,2,0.0,0,BB,USA,Online TA,TA/TO,0,0,0,D,D,0,No Deposit,241.0,0,Transient,162.0,1,1
Resort Hotel,0,170,2017,June,26,30,2,5,2,0.0,0,BB,GBR,Online TA,TA/TO,0,0,0,A,A,0,No Deposit,240.0,0,Transient,110.0,0,1
Resort Hotel,0,5,2017,July,27,5,0,2,2,0.0,0,BB,CN,Direct,Direct,0,0,0,A,D,0,No Deposit,250.0,0,Transient,169.0,1,0
Resort Hotel,0,8,2017,July,27,6,0,1,2,0.0,0,BB,PRT,Direct,Direct,0,0,0,A,D,0,No Deposit,,0,Transient,147.25,0,1
Resort Hotel,0,0,2017,July,27,6,0,1,2,0.0,0,BB,CN,Online TA,TA/TO,0,0,0,D,D,0,No Deposit,241.0,0,Transient,96.0,0,1
Resort Hotel,0,244,2017,July,26,1,2,5,2,0.0,0,BB,IRL,Online TA,TA/TO,0,0,0,A,A,0,No Deposit,240.0,0,Transient,99.0,0,2
Resort Hotel,0,241,2017,July,26,1,2,5,2,0.0,0,BB,GBR,Offline TA/TO,TA/TO,0,0,0,D,D,0,No Deposit,143.0,0,Transient,84.8,0,1
Resort Hotel,0,52,2017,July,26,1,2,5,2,0.0,0,HB,GBR,Offline TA/TO,TA/TO,0,0,0,E,E,0,No Deposit,531.0,0,Transient,165.1,0,2
Resort Hotel,0,327,2017,July,26,1,2,5,2,0.0,0,BB,GBR,Online TA,TA/TO,0,0,0,A,A,0,No Deposit,147.0,0,Transient-Party,76.7,0,1
Resort Hotel,0,244,2017,July,26,1,2,5,2,0.0,0,BB,GBR,Online TA,TA/TO,0,0,0,A,A,0,No Deposit,240.0,0,Transient,101.0,0,2
Resort Hotel,0,306,2017,July,26,1,2,5,2,0.0,0,BB,PRT,Online TA,TA/TO,0,0,0,A,A,0,No Deposit,240.0,0,Transient,93.38,1,1
Resort Hotel,0,0,2017,July,27,3,1,4,2,0.0,0,BB,PRT,Direct,Direct,0,0,0,A,C,0,No Deposit,,0,Transient,164.6,0,0
Resort Hotel,0,121,2017,July,27,6,0,2,2,0.0,0,BB,BEL,Online TA,TA/TO,0,0,0,D,D,0,No Deposit,240.0,0,Transient,165.0,0,1
Resort Hotel,0,1,2017,July,27,7,0,1,2,0.0,0,HB,PRT,Online TA,TA/TO,0,0,0,A,A,0,No Deposit,15.0,0,Transient,123.6,1,1
Resort Hotel,0,313,2017,July,26,1,2,5,2,0.0,0,HB,PRT,Direct,Direct,0,0,0,A,A,0,No Deposit,,0,Transient,114.04,0,0
Resort Hotel,0,313,2017,July,26,1,2,5,2,0.0,0,HB,PRT,Direct,Direct,0,0,0,A,A,1,No Deposit,,0,Transient,128.04,1,0
Resort Hotel,0,6,2017,July,27,3,1,4,2,0.0,0,HB,ESP,Online TA,TA/TO,0,0,0,A,A,0,No Deposit,241.0,0,Transient,164.4,0,1
Resort Hotel,0,57,2017,July,27,5,0,3,2,0.0,0,BB,USA,Online TA,TA/TO,0,0,0,G,G,0,No Deposit,241.0,0,Transient,200.0,0,1
Resort Hotel,0,164,2017,July,26,1,2,5,2,0.0,0,HB,PRT,Direct,Direct,0,0,0,D,D,1,No Deposit,,0,Transient,121.43,1,1
Resort Hotel,0,261,2017,June,26,28,2,8,2,0.0,0,HB,GBR,Offline TA/TO,TA/TO,0,0,0,A,A,0,No Deposit,40.0,0,Contract,100.2,0,0
Resort Hotel,0,239,2017,June,26,27,2,9,2,0.0,0,HB,POL,Online TA,TA/TO,0,0,0,E,E,0,No Deposit,240.0,0,Transient-Party,153.0,0,3
Resort Hotel,0,239,2017,June,26,27,2,9,2,0.0,0,HB,POL,Online TA,TA/TO,0,0,0,E,F,0,No Deposit,240.0,0,Transient-Party,165.36,1,3
Resort Hotel,0,251,2017,July,27,3,1,4,2,0.0,0,BB,GBR,Online TA,TA/TO,0,0,0,D,D,2,No Deposit,240.0,0,Transient,114.5,0,1
Resort Hotel,0,60,2017,July,27,2,2,4,2,0.0,0,HB,ESP,Online TA,TA/TO,0,0,0,A,B,0,No Deposit,240.0,0,Transient,202.0,0,1
Resort Hotel,0,0,2017,July,27,7,0,1,2,0.0,0,BB,FRA,Online TA,TA/TO,0,0,0,A,A,0,No Deposit,240.0,0,Transient,105.0,0,2
Resort Hotel,0,177,2017,July,26,1,2,5,2,0.0,0,HB,PRT,Direct,Direct,0,0,0,D,D,1,No Deposit,250.0,0,Transient,131.25,0,1
Resort Hotel,0,0,2017,July,27,7,0,1,2,0.0,0,BB,AUT,Online TA,TA/TO,0,0,0,A,A,0,No Deposit,240.0,0,Transient,105.0,0,2
Resort Hotel,0,327,2017,July,26,1,2,5,2,0.0,0,BB,GBR,Online TA,TA/TO,0,0,0,A,A,0,No Deposit,147.0,0,Transient-Party,74.7,0,1
Resort Hotel,0,164,2017,July,27,4,0,5,2,0.0,0,BB,CN,Online TA,TA/TO,0,0,0,F,F,0,No Deposit,241.0,0,Transient,133.04,0,1
Resort Hotel,0,166,2017,June,26,25,4,10,2,0.0,0,HB,GBR,Offline TA/TO,TA/TO,0,0,0,D,D,1,No Deposit,243.0,0,Transient,110.0,0,0
Resort Hotel,0,270,2017,July,26,1,2,6,2,0.0,0,BB,DEU,Online TA,TA/TO,0,0,0,A,A,0,No Deposit,184.0,0,Transient,103.75,0,0
Resort Hotel,0,283,2017,June,26,29,2,8,2,0.0,0,BB,GBR,Offline TA/TO,TA/TO,0,0,0,A,A,0,No Deposit,40.0,0,Contract,72.2,0,1
Resort Hotel,0,293,2017,July,27,2,2,5,2,0.0,0,HB,GBR,Offline TA/TO,TA/TO,0,0,0,A,A,0,No Deposit,40.0,0,Contract,100.2,0,0
Resort Hotel,0,11,2017,July,27,7,0,2,2,0.0,0,BB,GBR,Offline TA/TO,TA/TO,0,0,0,D,D,0,No Deposit,40.0,0,Contract,92.0,0,0
Resort Hotel,0,324,2017,June,26,25,4,10,2,0.0,0,BB,GBR,Offline TA/TO,TA/TO,0,0,0,A,A,0,No Deposit,243.0,0,Contract,70.2,0,1
Resort Hotel,0,248,2017,June,26,25,4,10,2,0.0,0,BB,GBR,Offline TA/TO,TA/TO,0,0,0,A,A,0,No Deposit,243.0,0,Contract,72.91,0,0
Resort Hotel,0,241,2017,July,27,2,2,5,2,0.0,0,HB,GBR,Offline TA/TO,TA/TO,0,0,0,A,A,0,No Deposit,243.0,0,Contract,97.4,0,0
Resort Hotel,0,185,2017,July,26,1,2,6,2,0.0,0,BB,PRT,Online TA,TA/TO,0,0,0,A,A,0,No Deposit,240.0,0,Transient,110.0,0,1
Resort Hotel,0,178,2017,July,27,4,0,5,2,0.0,0,BB,IRL,Direct,Direct,0,0,0,D,G,0,No Deposit,250.0,0,Transient,115.4,0,0
Resort Hotel,0,11,2017,July,27,8,0,1,2,0.0,0,BB,PRT,Online TA,TA/TO,0,0,0,D,D,0,No Deposit,240.0,0,Transient,194.0,1,1
Resort Hotel,0,170,2017,July,27,4,0,5,2,0.0,0,BB,CN,Online TA,TA/TO,0,0,0,A,A,0,No Deposit,241.0,0,Transient,84.7,0,0
Resort Hotel,0,270,2017,July,27,6,0,3,2,0.0,0,BB,BRA,Online TA,TA/TO,0,0,0,E,E,0,No Deposit,240.0,0,Transient,139.9,0,1
Resort Hotel,0,270,2017,July,27,6,0,3,2,0.0,0,BB,BRA,Online TA,TA/TO,0,0,0,E,E,0,No Deposit,240.0,0,Transient,125.9,0,3
Resort Hotel,0,159,2017,July,27,2,2,5,2,0.0,0,HB,ESP,Offline TA/TO,TA/TO,0,0,0,D,D,0,No Deposit,8.0,0,Transient,112.5,0,1
Resort Hotel,0,303,2017,July,27,4,0,5,2,0.0,0,BB,ARG,Online TA,TA/TO,0,0,0,A,A,0,No Deposit,240.0,0,Transient,107.38,0,1
Resort Hotel,0,159,2017,July,27,2,2,5,2,0.0,0,BB,PRT,Online TA,TA/TO,0,0,0,F,F,0,No Deposit,242.0,0,Transient,151.43,1,1
Resort Hotel,0,8,2017,July,27,7,0,2,2,0.0,0,HB,ESP,Online TA,TA/TO,0,0,0,A,C,0,No Deposit,242.0,0,Transient,199.0,1,1
Resort Hotel,0,6,2017,July,27,8,0,1,2,0.0,0,BB,ESP,Online TA,TA/TO,0,0,0,E,E,0,No Deposit,240.0,0,Transient,200.0,0,2
Resort Hotel,0,191,2017,July,27,6,0,3,2,0.0,0,BB,NLD,Online TA,TA/TO,0,0,0,A,A,0,No Deposit,240.0,0,Transient,124.0,0,1
Resort Hotel,0,165,2017,July,27,5,0,4,2,0.0,0,BB,CN,Online TA,TA/TO,0,0,0,F,G,1,No Deposit,241.0,0,Transient,131.43,0,1
Resort Hotel,0,165,2017,July,27,5,0,4,2,0.0,0,BB,PRT,Online TA,TA/TO,0,0,0,D,D,0,No Deposit,241.0,0,Transient,97.21,0,1
Resort Hotel,0,15,2017,July,27,7,0,2,2,0.0,0,BB,DEU,Online TA,TA/TO,0,0,0,A,A,0,No Deposit,240.0,0,Transient,174.0,1,1
Resort Hotel,0,253,2017,July,27,7,0,2,2,0.0,0,BB,PRT,Groups,Direct,0,0,0,A,D,0,No Deposit,,0,Transient,89.1,0,0
Resort Hotel,0,253,2017,July,27,7,0,2,2,0.0,0,BB,PRT,Groups,Direct,0,0,0,E,E,0,No Deposit,,0,Transient-Party,116.64,0,0
Resort Hotel,0,253,2017,July,27,7,0,2,2,0.0,0,BB,PRT,Groups,Direct,0,0,0,E,E,0,No Deposit,,0,Transient-Party,116.64,0,1
Resort Hotel,0,233,2017,July,27,2,2,5,2,0.0,0,BB,ROU,Offline TA/TO,TA/TO,0,0,0,E,E,1,No Deposit,11.0,0,Transient,101.7,0,2
Resort Hotel,0,204,2017,July,27,2,2,5,2,0.0,0,BB,NLD,Online TA,TA/TO,0,0,0,A,A,0,No Deposit,240.0,0,Transient,110.0,1,1
Resort Hotel,0,1,2017,July,27,7,0,2,2,0.0,0,BB,ESP,Online TA,TA/TO,0,0,0,D,D,0,No Deposit,240.0,0,Transient,122.5,0,1
Resort Hotel,0,1,2017,July,28,9,1,0,2,0.0,0,BB,ESP,Direct,TA/TO,0,0,0,A,C,0,No Deposit,,0,Transient,100.0,0,1
Resort Hotel,0,19,2017,July,27,8,0,1,2,0.0,0,BB,ESP,Online TA,TA/TO,0,0,0,A,A,0,No Deposit,175.0,0,Transient,142.0,1,0
Resort Hotel,0,4,2017,July,27,8,0,1,2,0.0,0,BB,ESP,Direct,Direct,0,0,0,D,D,4,No Deposit,250.0,0,Transient,170.0,1,2
Resort Hotel,0,25,2017,July,27,8,0,1,2,0.0,0,BB,GBR,Online TA,TA/TO,0,0,0,A,A,0,No Deposit,240.0,0,Transient,160.0,0,1
Resort Hotel,0,4,2017,July,27,6,0,3,2,0.0,0,HB,ESP,Online TA,TA/TO,0,0,0,A,A,0,No Deposit,240.0,0,Transient,206.0,0,1
Resort Hotel,0,324,2017,June,26,25,4,10,2,0.0,0,BB,GBR,Offline TA/TO,TA/TO,0,0,0,A,A,0,No Deposit,243.0,0,Contract,70.2,0,1
Resort Hotel,0,233,2017,July,27,2,2,5,2,0.0,0,BB,ROU,Offline TA/TO,TA/TO,0,0,0,E,E,1,No Deposit,11.0,0,Transient,103.7,0,2
Resort Hotel,0,0,2017,July,27,8,0,1,2,0.0,0,BB,PRT,Online TA,TA/TO,0,0,0,A,A,0,No Deposit,240.0,0,Transient,105.0,0,0
Resort Hotel,0,13,2017,July,27,2,2,5,2,0.0,0,HB,ROU,Offline TA/TO,TA/TO,0,0,0,A,A,0,No Deposit,11.0,0,Transient,111.0,0,1
Resort Hotel,0,253,2017,July,27,7,0,2,2,0.0,0,BB,PRT,Groups,Direct,0,0,0,A,D,0,No Deposit,,0,Transient-Party,89.1,0,0
Resort Hotel,0,253,2017,July,27,7,0,2,2,0.0,0,BB,PRT,Groups,Direct,0,0,0,A,A,0,No Deposit,,0,Transient,89.1,0,0
Resort Hotel,0,233,2017,July,27,2,2,5,2,0.0,0,HB,ROU,Offline TA/TO,TA/TO,0,0,0,E,E,1,No Deposit,11.0,0,Transient,129.7,0,2
Resort Hotel,0,205,2017,June,26,26,3,10,2,0.0,0,BB,PRT,Direct,Direct,0,0,0,A,A,2,No Deposit,250.0,0,Transient,111.0,3,0
Resort Hotel,0,177,2017,July,27,6,1,3,2,0.0,0,BB,KWT,Online TA,TA/TO,0,0,0,D,D,0,No Deposit,241.0,0,Transient,100.18,0,1
Resort Hotel,0,52,2017,June,26,30,3,7,2,0.0,0,HB,GBR,Offline TA/TO,TA/TO,0,0,0,D,D,2,No Deposit,531.0,0,Transient,147.69,0,2
Resort Hotel,0,291,2017,June,26,30,3,7,2,0.0,0,HB,GBR,Offline TA/TO,TA/TO,0,0,0,D,D,0,No Deposit,40.0,0,Contract,153.5,0,0
Resort Hotel,0,310,2017,June,26,26,4,10,2,0.0,0,BB,GBR,Online TA,TA/TO,0,0,0,E,E,0,No Deposit,314.0,0,Transient,94.62,0,0
Resort Hotel,0,169,2017,July,27,3,2,5,2,0.0,0,HB,FRA,Direct,Direct,0,0,0,F,F,1,No Deposit,250.0,0,Transient,185.29,1,2
Resort Hotel,0,226,2017,July,27,3,2,5,2,0.0,0,BB,GBR,Online TA,TA/TO,0,0,0,A,A,0,No Deposit,240.0,0,Transient,112.0,0,0
Resort Hotel,0,177,2017,June,26,30,3,7,2,0.0,0,BB,GBR,Online TA,TA/TO,0,0,0,E,E,0,No Deposit,314.0,0,Transient,101.95,0,0
Resort Hotel,0,174,2017,July,27,7,1,2,2,0.0,0,BB,GBR,Online TA,TA/TO,0,0,0,D,D,0,No Deposit,314.0,0,Transient,92.4,0,0
Resort Hotel,0,336,2017,July,27,3,2,5,2,0.0,0,BB,GBR,Offline TA/TO,TA/TO,0,0,0,D,D,0,No Deposit,40.0,0,Contract,123.5,0,0
Resort Hotel,0,3,2017,July,27,8,1,1,2,0.0,0,BB,AGO,Online TA,TA/TO,0,0,0,E,E,0,No Deposit,240.0,0,Transient,214.0,1,1
Resort Hotel,0,2,2017,July,28,9,1,0,2,0.0,0,BB,PRT,Online TA,TA/TO,0,0,0,A,A,0,No Deposit,240.0,0,Transient,105.0,1,1
Resort Hotel,0,334,2017,July,27,5,1,4,2,0.0,0,HB,PRT,Direct,Direct,0,0,0,A,A,6,No Deposit,250.0,0,Transient-Party,123.38,0,0
Resort Hotel,0,310,2017,July,27,6,1,3,2,0.0,0,BB,CN,Online TA,TA/TO,0,0,0,A,A,0,No Deposit,240.0,0,Transient,93.38,0,2
Resort Hotel,0,9,2017,July,27,7,1,2,2,0.0,0,BB,FRA,Online TA,TA/TO,0,0,0,A,A,0,No Deposit,240.0,0,Transient,160.0,0,2
Resort Hotel,0,11,2017,July,27,7,1,2,2,0.0,0,HB,ESP,Online TA,TA/TO,0,0,0,D,D,1,No Deposit,240.0,0,Transient-Party,224.33,1,0
Resort Hotel,0,157,2017,July,27,3,2,5,2,0.0,0,HB,PRT,Online TA,TA/TO,0,0,0,C,C,2,No Deposit,196.0,0,Transient,121.93,0,0
Resort Hotel,0,24,2017,July,27,8,1,1,2,0.0,0,BB,COL,Online TA,TA/TO,0,0,0,A,A,0,No Deposit,240.0,0,Transient-Party,160.0,0,1
Resort Hotel,0,350,2017,June,26,30,3,7,2,0.0,0,BB,GBR,Offline TA/TO,TA/TO,0,0,0,D,D,0,No Deposit,40.0,0,Contract,81.36,0,0
Resort Hotel,0,2,2017,July,28,9,1,0,2,0.0,0,BB,PRT,Online TA,TA/TO,0,0,0,A,A,0,No Deposit,240.0,0,Transient,105.0,0,1
Resort Hotel,0,177,2017,June,26,30,3,7,2,0.0,0,BB,GBR,Online TA,TA/TO,0,0,0,A,A,0,No Deposit,175.0,0,Transient,79.2,0,0
Resort Hotel,0,272,2017,July,27,6,1,3,2,0.0,0,BB,IRL,Offline TA/TO,TA/TO,0,0,0,D,D,0,No Deposit,6.0,0,Transient,137.9,0,2
Resort Hotel,0,272,2017,July,27,6,1,3,2,0.0,0,BB,IRL,Offline TA/TO,TA/TO,0,0,0,E,E,0,No Deposit,6.0,0,Transient,138.6,0,2
Resort Hotel,0,61,2017,July,27,7,1,2,2,0.0,0,HB,FIN,Online TA,TA/TO,0,0,0,D,D,0,No Deposit,240.0,0,Transient,220.33,0,1
Resort Hotel,0,61,2017,July,28,9,1,0,2,0.0,0,BB,CN,Online TA,TA/TO,0,0,0,E,E,0,No Deposit,240.0,0,Transient,210.0,1,1
Resort Hotel,0,159,2017,July,27,7,1,2,2,0.0,0,BB,GBR,Online TA,TA/TO,0,0,0,D,D,0,No Deposit,314.0,0,Transient,99.6,0,0
Resort Hotel,0,1,2017,July,28,9,1,0,2,0.0,0,BB,CN,Online TA,TA/TO,0,0,0,A,A,0,No Deposit,241.0,0,Transient,84.01,0,1
Resort Hotel,0,272,2017,July,27,6,1,3,2,0.0,0,BB,IRL,Offline TA/TO,TA/TO,0,0,0,D,D,0,No Deposit,6.0,0,Transient,135.9,0,2
Resort Hotel,0,272,2017,July,27,6,1,3,2,0.0,0,BB,IRL,Offline TA/TO,TA/TO,0,0,0,D,D,0,No Deposit,6.0,0,Transient,135.9,0,2
Resort Hotel,0,310,2017,July,27,6,1,3,2,0.0,0,BB,CN,Online TA,TA/TO,0,0,0,A,A,0,No Deposit,240.0,0,Transient,93.38,0,2
Resort Hotel,0,154,2017,July,27,6,1,3,2,0.0,0,BB,IRL,Online TA,TA/TO,0,0,0,D,D,0,No Deposit,240.0,0,Transient,137.5,0,2
Resort Hotel,0,24,2017,July,27,8,1,1,2,0.0,0,BB,COL,Online TA,TA/TO,0,0,0,A,A,0,No Deposit,240.0,0,Transient-Party,160.0,0,1
Resort Hotel,0,10,2017,July,28,11,0,2,2,0.0,0,BB,GBR,Online TA,TA/TO,0,0,0,D,D,0,No Deposit,241.0,0,Transient,144.0,0,1
Resort Hotel,0,131,2017,July,28,11,2,5,2,0.0,0,BB,PRT,Online TA,TA/TO,0,0,0,A,A,2,No Deposit,240.0,0,Transient,160.71,0,1
Resort Hotel,0,52,2017,July,26,1,4,6,2,0.0,0,Undefined,GBR,Offline TA/TO,TA/TO,0,0,0,E,E,0,No Deposit,531.0,0,Transient,179.0,0,2
Resort Hotel,0,55,2017,July,27,4,2,5,2,0.0,0,BB,GBR,Complementary,TA/TO,0,0,0,D,D,0,No Deposit,531.0,0,Transient,109.65,0,2
Resort Hotel,0,130,2017,July,28,9,2,0,2,0.0,0,BB,TWN,Online TA,TA/TO,0,0,0,D,D,0,No Deposit,242.0,0,Transient-Party,160.0,0,1
Resort Hotel,0,130,2017,July,28,9,2,0,2,0.0,0,BB,TWN,Online TA,TA/TO,0,0,0,D,D,0,No Deposit,242.0,0,Transient,160.0,0,1
Resort Hotel,0,130,2017,July,28,9,2,0,2,0.0,0,BB,TWN,Online TA,TA/TO,0,0,0,D,D,0,No Deposit,242.0,0,Transient-Party,160.0,0,1
Resort Hotel,0,130,2017,July,28,9,2,0,2,0.0,0,BB,TWN,Online TA,TA/TO,0,0,0,A,A,0,No Deposit,242.0,0,Transient,140.0,0,1
Resort Hotel,0,130,2017,July,28,9,2,0,2,0.0,0,BB,CN,Online TA,TA/TO,0,0,0,E,E,0,No Deposit,242.0,0,Transient,178.0,0,1
Resort Hotel,0,130,2017,July,28,9,2,0,2,0.0,0,BB,TWN,Online TA,TA/TO,0,0,0,A,A,0,No Deposit,242.0,0,Transient-Party,140.0,0,1
Resort Hotel,0,130,2017,July,28,9,2,0,2,0.0,0,BB,TWN,Online TA,TA/TO,0,0,0,A,A,0,No Deposit,242.0,0,Transient-Party,140.0,0,1
Resort Hotel,0,130,2017,July,28,9,2,0,2,0.0,0,BB,TWN,Online TA,TA/TO,0,0,0,D,D,0,No Deposit,242.0,0,Transient-Party,160.0,0,1
Resort Hotel,0,130,2017,July,28,9,2,0,2,0.0,0,BB,TWN,Online TA,TA/TO,0,0,0,D,D,0,No Deposit,242.0,0,Transient-Party,160.0,0,1
Resort Hotel,0,130,2017,July,28,9,2,0,2,0.0,0,BB,TWN,Online TA,TA/TO,0,0,0,D,D,0,No Deposit,242.0,0,Transient-Party,160.0,0,1
Resort Hotel,0,252,2017,July,27,4,2,5,2,0.0,0,BB,GBR,Offline TA/TO,TA/TO,0,0,0,A,A,0,No Deposit,40.0,0,Contract,106.85,0,0
Resort Hotel,0,166,2017,July,27,4,2,5,2,0.0,0,Undefined,DEU,Direct,Direct,0,0,0,F,F,1,No Deposit,250.0,0,Transient,213.57,0,1
Resort Hotel,0,243,2017,July,27,4,2,5,2,0.0,0,BB,GBR,Online TA,TA/TO,0,0,0,E,E,1,No Deposit,240.0,0,Transient,149.71,0,3
Resort Hotel,0,173,2017,July,27,5,2,4,2,0.0,0,BB,PRT,Direct,Direct,0,0,0,E,E,0,No Deposit,,0,Transient,135.6,0,3
Resort Hotel,0,173,2017,July,27,5,2,4,2,0.0,0,BB,PRT,Direct,Direct,0,0,0,E,E,2,No Deposit,,0,Transient,135.6,0,3
Resort Hotel,0,173,2017,July,27,5,2,4,2,0.0,0,BB,PRT,Direct,Direct,0,0,0,E,E,0,No Deposit,,0,Transient,135.6,0,3
Resort Hotel,0,46,2017,July,28,9,2,0,2,0.0,0,BB,GBR,Direct,Direct,0,0,0,A,A,0,No Deposit,250.0,0,Transient,165.0,0,1
Resort Hotel,0,6,2017,July,27,7,2,2,2,0.0,0,HB,PRT,Online TA,TA/TO,0,0,0,A,A,0,No Deposit,240.0,0,Transient,206.0,1,1
Resort Hotel,0,264,2017,June,26,27,4,10,2,0.0,0,BB,GBR,Offline TA/TO,TA/TO,0,0,0,D,D,0,No Deposit,40.0,0,Contract,121.5,0,0
Resort Hotel,0,300,2017,July,26,1,4,6,2,0.0,0,BB,GBR,Online TA,TA/TO,0,0,0,E,E,0,No Deposit,240.0,0,Transient-Party,129.26,0,1
Resort Hotel,0,130,2017,July,28,9,2,0,2,0.0,0,BB,TWN,Online TA,TA/TO,0,0,0,E,E,0,No Deposit,242.0,0,Transient-Party,178.0,0,1
Resort Hotel,0,300,2017,July,26,1,4,6,2,0.0,0,BB,GBR,Online TA,TA/TO,0,0,0,E,E,0,No Deposit,240.0,0,Transient-Party,127.26,0,1
Resort Hotel,0,55,2017,July,27,4,2,5,2,0.0,0,HB,GBR,Offline TA/TO,TA/TO,0,0,0,E,E,0,No Deposit,531.0,0,Transient,165.1,0,2
Resort Hotel,0,226,2017,July,27,4,2,5,2,0.0,0,BB,GBR,Online TA,TA/TO,0,0,0,E,E,0,No Deposit,240.0,0,Transient,149.14,0,2
Resort Hotel,0,216,2017,July,27,5,2,5,2,0.0,0,BB,GBR,Online TA,TA/TO,0,0,0,E,E,0,No Deposit,175.0,0,Transient,114.32,0,0
Resort Hotel,0,159,2017,July,27,4,2,6,2,0.0,0,BB,IRL,Online TA,TA/TO,0,0,0,A,A,0,No Deposit,240.0,0,Transient,127.5,0,2
Resort Hotel,0,278,2017,July,27,5,2,5,2,0.0,0,BB,IRL,Online TA,TA/TO,0,0,0,A,A,0,No Deposit,240.0,0,Transient,108.24,0,1
Resort Hotel,0,168,2017,July,27,3,3,6,2,0.0,0,BB,IRL,Direct,Direct,0,0,0,E,E,0,No Deposit,,0,Transient-Party,123.5,0,3
Resort Hotel,0,153,2017,July,28,9,2,1,2,0.0,0,BB,USA,Online TA,TA/TO,0,0,0,A,A,0,No Deposit,242.0,0,Transient,120.0,0,1
Resort Hotel,0,3,2017,July,28,11,0,1,2,0.0,0,BB,PRT,Online TA,TA/TO,0,0,0,D,D,0,No Deposit,240.0,0,Transient,125.0,0,0
Resort Hotel,0,1,2017,July,28,9,2,1,2,0.0,0,BB,AUT,Online TA,TA/TO,0,0,0,D,D,0,No Deposit,240.0,0,Transient,139.0,1,1
Resort Hotel,0,14,2017,July,27,8,2,2,2,0.0,0,HB,ESP,Online TA,TA/TO,0,0,0,D,D,0,No Deposit,240.0,0,Transient,226.0,1,1
Resort Hotel,0,47,2017,July,28,11,0,1,2,0.0,0,BB,ESP,Online TA,TA/TO,0,0,0,A,I,2,No Deposit,240.0,0,Transient,160.0,0,0
Resort Hotel,0,27,2017,July,28,12,0,1,2,0.0,0,BB,ESP,Online TA,TA/TO,0,0,0,A,A,0,No Deposit,240.0,0,Transient-Party,174.0,0,0
Resort Hotel,0,47,2017,July,28,11,0,1,2,0.0,0,BB,ESP,Online TA,TA/TO,0,0,0,A,I,2,No Deposit,240.0,0,Transient,160.0,0,0
Resort Hotel,0,27,2017,July,28,12,0,1,2,0.0,0,BB,ESP,Online TA,TA/TO,0,0,0,A,A,0,No Deposit,240.0,0,Transient-Party,160.0,0,0
Resort Hotel,0,266,2017,July,27,3,3,6,2,0.0,0,BB,IRL,Online TA,TA/TO,0,0,0,A,A,0,No Deposit,240.0,0,Transient,104.25,0,1
Resort Hotel,0,87,2017,July,28,10,1,1,2,0.0,0,HB,ESP,Online TA,TA/TO,0,0,0,A,A,1,No Deposit,240.0,0,Transient,202.0,0,1
Resort Hotel,0,0,2017,July,28,11,0,1,2,0.0,0,BB,CN,Direct,Direct,0,0,0,E,E,0,No Deposit,,0,Transient,130.0,0,0
Resort Hotel,0,192,2017,June,26,28,4,10,2,0.0,0,BB,PRT,Online TA,TA/TO,0,0,0,E,E,0,No Deposit,314.0,0,Transient,108.56,0,0
Resort Hotel,0,18,2017,July,28,9,2,1,2,0.0,0,BB,PRT,Online TA,TA/TO,0,0,0,A,A,0,No Deposit,240.0,0,Transient,160.0,0,2
Resort Hotel,0,121,2017,July,27,5,2,5,2,0.0,0,BB,GBR,Offline TA/TO,TA/TO,0,0,0,D,D,0,No Deposit,40.0,0,Contract,123.5,0,0
Resort Hotel,0,327,2017,July,27,5,2,5,2,0.0,0,BB,IRL,Online TA,TA/TO,0,0,0,A,A,0,No Deposit,240.0,0,Transient,106.24,0,2
Resort Hotel,0,0,2017,July,28,11,0,1,2,0.0,0,BB,FRA,Direct,Direct,0,0,0,D,D,0,No Deposit,,0,Transient,115.0,0,0
Resort Hotel,0,0,2017,July,28,11,0,1,2,0.0,0,BB,PRT,Online TA,TA/TO,0,0,0,E,E,0,No Deposit,240.0,0,Transient-Party,135.0,0,1
Resort Hotel,0,0,2017,July,28,11,0,1,2,0.0,0,BB,PRT,Online TA,TA/TO,0,0,0,E,E,0,No Deposit,240.0,0,Transient-Party,135.0,0,1
Resort Hotel,0,14,2017,July,28,10,1,1,2,0.0,0,BB,PRT,Online TA,TA/TO,0,0,0,A,A,0,No Deposit,240.0,0,Transient,160.0,0,1
Resort Hotel,0,10,2017,July,27,8,2,2,2,0.0,0,BB,USA,Direct,Direct,0,0,0,D,D,0,No Deposit,250.0,0,Transient,177.0,0,0
Resort Hotel,0,182,2017,July,28,12,0,0,2,0.0,0,BB,PRT,Direct,Direct,0,0,0,E,E,2,No Deposit,,0,Transient-Party,0.0,1,1
Resort Hotel,0,182,2017,July,28,12,0,0,2,0.0,0,BB,PRT,Direct,Direct,0,0,0,D,D,2,No Deposit,,0,Transient-Party,0.0,0,1
Resort Hotel,0,182,2017,July,28,12,0,0,2,0.0,0,BB,PRT,Direct,Direct,0,0,0,E,E,2,No Deposit,,0,Transient-Party,0.0,0,1
Resort Hotel,0,316,2017,July,27,6,2,5,2,0.0,0,BB,NOR,Online TA,TA/TO,0,0,0,D,D,0,No Deposit,242.0,0,Transient,131.59,0,1
Resort Hotel,0,328,2017,June,26,29,4,10,2,0.0,0,BB,GBR,Offline TA/TO,TA/TO,0,0,0,D,D,0,No Deposit,243.0,0,Contract,123.5,0,2
Resort Hotel,0,0,2017,July,28,12,0,1,2,0.0,0,BB,GBR,Online TA,TA/TO,0,0,0,A,A,3,No Deposit,240.0,0,Transient,8.0,0,0
Resort Hotel,0,328,2017,June,26,29,4,10,2,0.0,0,BB,GBR,Offline TA/TO,TA/TO,0,0,0,D,D,0,No Deposit,243.0,0,Contract,121.5,0,2
Resort Hotel,0,272,2017,July,27,3,3,7,2,0.0,0,HB,GBR,Offline TA/TO,TA/TO,0,0,0,A,A,0,No Deposit,40.0,0,Contract,136.45,0,0
Resort Hotel,0,153,2017,July,28,9,2,2,2,0.0,0,BB,GBR,Offline TA/TO,TA/TO,0,0,0,A,A,0,No Deposit,40.0,0,Contract,106.85,0,0
Resort Hotel,0,149,2017,July,28,10,1,2,2,0.0,0,BB,ESP,Online TA,TA/TO,0,0,0,A,C,1,No Deposit,240.0,0,Transient,120.0,0,1
Resort Hotel,0,152,2017,July,27,4,2,7,2,0.0,0,BB,IRL,Direct,Direct,0,0,0,F,F,0,No Deposit,,0,Transient,151.0,0,2
Resort Hotel,0,152,2017,July,27,4,2,7,2,0.0,0,BB,IRL,Direct,Direct,0,0,0,F,F,0,No Deposit,,0,Transient,151.0,0,2
Resort Hotel,0,167,2017,July,27,4,2,7,2,0.0,0,HB,DEU,Online TA,TA/TO,0,0,0,A,A,0,No Deposit,240.0,0,Transient,155.33,0,1
Resort Hotel,0,153,2017,July,28,10,1,2,2,0.0,0,HB,PRT,Online TA,TA/TO,0,0,0,E,F,1,No Deposit,314.0,0,Transient,154.76,1,0
Resort Hotel,0,149,2017,July,28,9,2,2,2,0.0,0,BB,CN,Offline TA/TO,TA/TO,0,0,0,A,A,0,No Deposit,410.0,0,Transient,116.5,0,0
Resort Hotel,0,193,2017,July,28,9,2,2,2,0.0,0,BB,CN,Offline TA/TO,TA/TO,0,0,0,A,A,0,No Deposit,410.0,0,Transient,104.85,0,0
Resort Hotel,0,3,2017,July,28,10,1,2,2,0.0,0,BB,ESP,Online TA,TA/TO,0,0,0,A,A,0,No Deposit,241.0,0,Transient,89.6,0,1
Resort Hotel,0,163,2017,July,28,9,2,2,2,0.0,0,BB,CN,Offline TA/TO,TA/TO,0,0,0,A,A,0,No Deposit,410.0,0,Transient,106.35,0,0
Resort Hotel,0,153,2017,July,28,9,2,2,2,0.0,0,BB,CN,Offline TA/TO,TA/TO,0,0,0,A,A,0,No Deposit,410.0,0,Transient,116.5,0,0
Resort Hotel,0,205,2017,July,28,9,2,2,2,0.0,0,BB,CN,Offline TA/TO,TA/TO,0,0,0,A,A,0,No Deposit,410.0,0,Transient,106.35,0,0
Resort Hotel,0,212,2017,July,28,9,2,2,2,0.0,0,BB,CN,Offline TA/TO,TA/TO,0,0,0,A,A,0,No Deposit,410.0,0,Transient-Party,118.0,0,1
Resort Hotel,0,102,2017,July,28,10,1,2,2,0.0,0,HB,ESP,Online TA,TA/TO,0,0,0,D,D,0,No Deposit,240.0,0,Transient,211.0,0,2
Resort Hotel,0,152,2017,July,28,9,2,2,2,0.0,0,BB,CN,Offline TA/TO,TA/TO,0,0,0,A,C,1,No Deposit,410.0,0,Transient,118.0,0,0
Resort Hotel,0,212,2017,July,28,9,2,2,2,0.0,0,BB,CN,Offline TA/TO,TA/TO,0,0,0,A,A,0,No Deposit,410.0,0,Transient-Party,123.5,1,1
Resort Hotel,0,151,2017,July,28,9,2,2,2,0.0,0,BB,CN,Offline TA/TO,TA/TO,0,0,0,A,A,0,No Deposit,410.0,0,Transient,118.0,0,1
Resort Hotel,0,176,2017,July,27,6,2,5,2,0.0,0,BB,GBR,Online TA,TA/TO,0,0,0,A,A,0,No Deposit,147.0,0,Transient,93.54,0,0
Resort Hotel,0,0,2017,July,28,12,0,1,2,0.0,0,BB,FRA,Direct,Direct,0,0,0,C,C,0,No Deposit,,0,Transient,154.0,1,0
Resort Hotel,0,0,2017,July,28,12,0,1,2,0.0,0,BB,PRT,Online TA,TA/TO,0,0,0,A,A,1,No Deposit,240.0,0,Transient,8.0,0,0
Resort Hotel,0,182,2017,July,27,5,2,6,2,0.0,0,BB,GBR,Online TA,TA/TO,0,0,0,D,D,0,No Deposit,147.0,0,Transient,103.05,0,0
Resort Hotel,0,166,2017,July,27,7,2,5,2,0.0,0,HB,DEU,Online TA,TA/TO,0,0,0,E,E,1,No Deposit,314.0,0,Transient,151.19,0,0
Resort Hotel,0,97,2017,July,27,7,2,5,2,0.0,0,BB,NLD,Online TA,TA/TO,0,0,0,D,D,0,No Deposit,240.0,0,Transient-Party,178.29,0,1
Resort Hotel,0,256,2017,July,27,7,2,5,2,0.0,0,BB,NLD,Online TA,TA/TO,0,0,0,E,E,0,No Deposit,240.0,0,Transient-Party,156.51,1,2
Resort Hotel,0,335,2017,July,27,4,2,8,2,0.0,0,HB,GBR,Offline TA/TO,TA/TO,0,0,0,D,D,0,No Deposit,40.0,0,Contract,154.5,0,0
Resort Hotel,0,311,2017,July,27,7,2,5,2,0.0,0,BB,GBR,Offline TA/TO,TA/TO,0,0,0,A,A,0,No Deposit,40.0,0,Contract,104.85,0,1
Resort Hotel,0,311,2017,July,27,7,2,5,2,0.0,0,BB,GBR,Offline TA/TO,TA/TO,0,0,0,A,A,0,No Deposit,40.0,0,Contract,104.85,0,1
Resort Hotel,0,183,2017,July,27,5,2,7,2,0.0,0,BB,IRL,Online TA,TA/TO,0,0,0,A,A,0,No Deposit,240.0,0,Transient,139.78,1,1
Resort Hotel,0,152,2017,July,28,11,0,3,2,0.0,0,BB,NOR,Direct,Direct,0,0,0,F,F,0,No Deposit,250.0,0,Transient,165.0,0,0
Resort Hotel,0,164,2017,July,27,4,2,8,2,0.0,0,BB,PRT,Online TA,TA/TO,0,0,0,A,A,0,No Deposit,240.0,0,Transient,140.0,1,0
Resort Hotel,0,30,2017,July,28,11,0,3,2,0.0,0,BB,ESP,Online TA,TA/TO,0,0,0,D,D,0,No Deposit,240.0,0,Transient,194.0,0,1
Resort Hotel,0,7,2017,July,28,13,0,1,2,0.0,0,BB,ESP,Online TA,TA/TO,0,0,0,E,F,0,No Deposit,240.0,0,Transient,145.0,0,0
Resort Hotel,0,21,2017,July,28,11,0,3,2,0.0,0,BB,PRT,Online TA,TA/TO,0,0,0,A,D,0,No Deposit,240.0,0,Transient,158.0,0,1
Resort Hotel,0,98,2017,July,28,10,1,3,2,0.0,0,BB,ESP,Online TA,TA/TO,0,0,0,D,D,0,No Deposit,240.0,0,Transient,193.0,1,1
Resort Hotel,0,148,2017,July,28,9,2,3,2,0.0,0,BB,BEL,Online TA,TA/TO,0,0,0,A,A,0,No Deposit,241.0,0,Transient,92.4,0,1
Resort Hotel,0,94,2017,July,28,12,0,2,2,0.0,0,BB,PRT,Online TA,TA/TO,0,0,0,A,A,0,No Deposit,240.0,0,Transient,173.0,1,0
Resort Hotel,0,1,2017,July,28,13,0,1,2,0.0,0,BB,PRT,Online TA,TA/TO,0,0,0,D,D,0,No Deposit,240.0,0,Transient,120.0,0,2
Resort Hotel,0,19,2017,July,28,10,1,3,2,0.0,0,BB,ESP,Online TA,TA/TO,0,0,0,D,D,0,No Deposit,240.0,0,Transient,194.0,0,1
Resort Hotel,0,21,2017,July,28,12,0,2,2,0.0,0,BB,USA,Direct,Direct,0,0,0,A,E,0,No Deposit,250.0,0,Transient,167.25,0,1
Resort Hotel,0,13,2017,July,28,13,0,1,2,0.0,0,BB,PRT,Online TA,TA/TO,0,0,0,A,C,0,No Deposit,196.0,0,Transient,160.0,0,0
Resort Hotel,0,1,2017,July,28,13,0,1,2,0.0,0,BB,FRA,Online TA,TA/TO,0,0,0,D,D,0,No Deposit,240.0,0,Transient,120.0,0,3
Resort Hotel,0,11,2017,July,28,11,0,3,2,0.0,0,BB,PRT,Online TA,TA/TO,0,0,0,E,E,0,No Deposit,241.0,0,Transient,174.0,0,1
Resort Hotel,0,33,2017,July,28,13,0,1,2,0.0,0,BB,PRT,Online TA,TA/TO,0,0,0,A,A,1,No Deposit,240.0,0,Transient,160.0,0,2
Resort Hotel,0,160,2017,July,28,10,1,3,2,0.0,0,BB,PRT,Online TA,TA/TO,0,0,0,E,E,0,No Deposit,240.0,0,Transient-Party,165.0,1,2
Resort Hotel,0,0,2017,July,28,13,0,1,2,0.0,0,BB,UKR,Online TA,TA/TO,0,0,0,A,A,0,No Deposit,240.0,0,Transient,105.0,0,0
Resort Hotel,0,160,2017,July,28,10,1,3,2,0.0,0,BB,BRA,Online TA,TA/TO,0,0,0,A,A,0,No Deposit,240.0,0,Transient-Party,120.0,0,2
Resort Hotel,0,0,2017,July,28,13,0,1,2,0.0,0,BB,NLD,Online TA,TA/TO,0,0,0,D,I,0,No Deposit,240.0,0,Transient,120.0,0,2
Resort Hotel,0,0,2017,July,28,13,0,1,2,0.0,0,BB,PRT,Online TA,TA/TO,0,0,0,D,I,0,No Deposit,241.0,0,Transient,96.0,0,1
Resort Hotel,0,148,2017,July,28,9,2,3,2,0.0,0,BB,BEL,Online TA,TA/TO,0,0,0,A,A,0,No Deposit,241.0,0,Transient,92.4,1,1
Resort Hotel,0,0,2017,July,28,13,0,1,2,0.0,0,BB,USA,Online TA,TA/TO,0,0,0,D,F,0,No Deposit,241.0,0,Transient,96.0,0,1
Resort Hotel,0,0,2017,July,28,14,0,1,2,0.0,0,BB,PRT,Online TA,TA/TO,1,0,0,A,A,0,No Deposit,241.0,0,Transient,115.19,0,1
Resort Hotel,0,4,2017,July,28,13,0,1,2,0.0,0,BB,BEL,Online TA,TA/TO,0,0,0,D,D,0,No Deposit,240.0,0,Transient,120.0,0,1
Resort Hotel,0,217,2017,July,27,8,2,5,2,0.0,0,BB,GBR,Offline TA/TO,TA/TO,0,0,0,A,A,0,No Deposit,143.0,0,Transient,104.85,0,0
Resort Hotel,0,161,2017,July,27,8,2,5,2,0.0,0,HB,GBR,Offline TA/TO,TA/TO,0,0,0,A,A,0,No Deposit,143.0,0,Transient,132.85,0,0
Resort Hotel,0,6,2017,July,28,14,0,1,2,0.0,0,BB,PRT,Direct,Direct,0,0,0,D,D,1,No Deposit,,0,Transient,172.5,0,1
Resort Hotel,0,165,2017,July,27,8,2,5,2,0.0,0,HB,GBR,Offline TA/TO,TA/TO,0,0,0,A,A,0,No Deposit,143.0,0,Transient,132.85,0,0
Resort Hotel,0,66,2017,July,28,12,0,3,2,0.0,0,BB,CN,Online TA,TA/TO,0,0,0,E,E,0,No Deposit,240.0,0,Transient,219.33,1,1
Resort Hotel,0,59,2017,July,28,14,0,1,2,0.0,0,BB,RUS,Online TA,TA/TO,0,0,0,D,D,0,No Deposit,240.0,0,Transient,190.0,0,1
Resort Hotel,0,99,2017,July,28,15,3,6,2,0.0,0,BB,RUS,Online TA,TA/TO,0,0,0,D,D,0,No Deposit,240.0,0,Transient,209.0,0,0
Resort Hotel,0,27,2017,July,28,13,0,2,2,0.0,0,BB,CN,Online TA,TA/TO,0,0,0,D,D,0,No Deposit,240.0,0,Transient,194.0,0,1
Resort Hotel,0,4,2017,July,28,15,1,1,2,0.0,0,BB,CN,Online TA,TA/TO,0,0,0,A,D,0,No Deposit,240.0,0,Transient,185.0,0,1
Resort Hotel,0,148,2017,July,28,10,1,4,2,0.0,0,BB,ESP,Online TA,TA/TO,0,0,0,A,A,0,No Deposit,240.0,0,Transient-Party,128.0,0,0
Resort Hotel,0,148,2017,July,28,10,1,4,2,0.0,0,BB,ESP,Online TA,TA/TO,0,0,0,A,A,0,No Deposit,240.0,0,Transient-Party,142.0,0,0
Resort Hotel,0,0,2017,July,28,14,0,1,2,0.0,0,BB,PRT,Direct,Direct,0,0,0,E,E,0,No Deposit,,0,Transient,175.0,0,0
Resort Hotel,0,183,2017,July,27,8,2,5,2,0.0,0,HB,GBR,Online TA,TA/TO,0,0,0,A,A,1,No Deposit,314.0,0,Transient,125.17,0,0
Resort Hotel,0,153,2017,July,27,8,2,5,2,0.0,0,HB,PRT,Online TA,TA/TO,0,0,0,A,A,1,No Deposit,314.0,0,Transient,127.4,1,1
Resort Hotel,0,9,2017,July,27,8,2,5,2,0.0,0,BB,ESP,Online TA,TA/TO,0,0,0,D,D,0,No Deposit,242.0,0,Transient,192.0,1,2
Resort Hotel,0,194,2017,July,28,14,0,1,2,0.0,0,BB,CN,Online TA,TA/TO,0,0,0,E,E,0,No Deposit,240.0,0,Transient,188.0,0,0
Resort Hotel,0,1,2017,July,28,13,0,2,2,0.0,0,BB,ESP,Online TA,TA/TO,0,0,0,D,D,0,No Deposit,240.0,0,Transient,140.0,0,2
Resort Hotel,0,132,2017,July,28,10,1,4,2,0.0,0,BB,PRT,Online TA,TA/TO,0,0,0,D,D,0,No Deposit,241.0,0,Transient,128.0,0,2
Resort Hotel,0,149,2017,July,27,8,2,5,2,0.0,0,BB,GBR,Offline TA/TO,TA/TO,0,0,0,A,A,0,No Deposit,143.0,0,Transient,104.85,0,1
Resort Hotel,0,149,2017,July,27,8,2,5,2,0.0,0,BB,GBR,Offline TA/TO,TA/TO,0,0,0,A,B,0,No Deposit,143.0,0,Transient,106.85,0,1
Resort Hotel,0,7,2017,July,28,10,1,4,2,0.0,0,BB,GBR,Online TA,TA/TO,0,0,0,D,D,0,No Deposit,241.0,0,Transient,144.0,0,1
Resort Hotel,0,25,2017,July,28,13,0,2,2,0.0,0,BB,BRA,Online TA,TA/TO,0,0,0,A,A,0,No Deposit,240.0,0,Transient,144.0,0,1
Resort Hotel,0,28,2017,July,28,10,1,4,2,0.0,0,HB,PRT,Direct,Direct,0,0,0,A,A,1,No Deposit,250.0,0,Transient,193.25,1,0
Resort Hotel,0,142,2017,July,28,10,1,4,2,0.0,0,BB,PRT,Online TA,TA/TO,0,0,0,A,A,0,No Deposit,240.0,0,Transient,154.0,0,1
Resort Hotel,0,0,2017,July,28,14,0,1,2,0.0,0,BB,ESP,Direct,Direct,0,0,0,E,E,0,No Deposit,,0,Transient,175.0,0,0
Resort Hotel,0,21,2017,July,28,13,0,2,2,0.0,0,BB,ESP,Online TA,TA/TO,0,0,0,A,A,0,No Deposit,240.0,0,Transient,160.0,0,1
Resort Hotel,0,165,2017,July,27,8,2,5,2,0.0,0,BB,GBR,Offline TA/TO,TA/TO,0,0,0,D,D,0,No Deposit,95.0,0,Transient,126.9,0,0
Resort Hotel,0,31,2017,July,28,13,0,2,2,0.0,0,BB,BRA,Online TA,TA/TO,0,0,0,A,A,0,No Deposit,241.0,0,Transient,128.0,1,1
Resort Hotel,0,164,2017,July,28,9,2,4,2,0.0,0,BB,USA,Online TA,TA/TO,0,0,0,E,E,0,No Deposit,240.0,0,Transient,185.0,0,1
Resort Hotel,0,126,2017,July,28,12,0,3,2,0.0,0,BB,IRL,Online TA,TA/TO,0,0,0,A,A,0,No Deposit,241.0,0,Transient,120.0,0,1
Resort Hotel,0,159,2017,July,27,8,2,5,2,0.0,0,BB,GBR,Online TA,TA/TO,0,0,0,A,A,0,No Deposit,314.0,0,Transient,90.51,0,1
Resort Hotel,0,42,2017,July,28,11,0,4,2,0.0,0,BB,PRT,Online TA,TA/TO,0,0,0,A,I,0,No Deposit,240.0,0,Transient,184.0,0,2
Resort Hotel,0,0,2017,July,28,14,0,1,2,0.0,0,BB,USA,Online TA,TA/TO,0,0,0,A,I,0,No Deposit,241.0,0,Transient,142.0,1,1
Resort Hotel,0,130,2017,July,28,9,2,5,2,0.0,0,HB,GBR,Offline TA/TO,TA/TO,0,0,0,D,D,0,No Deposit,243.0,0,Transient,151.5,0,0
Resort Hotel,0,312,2017,July,27,2,4,10,2,0.0,0,BB,GBR,Offline TA/TO,TA/TO,0,0,0,A,A,0,No Deposit,243.0,0,Contract,104.85,0,1
Resort Hotel,0,152,2017,July,28,13,0,3,2,0.0,0,BB,ESP,Online TA,TA/TO,0,0,0,A,A,1,No Deposit,240.0,0,Transient-Party,160.67,0,2
Resort Hotel,0,135,2017,July,28,9,2,5,2,0.0,0,BB,GBR,Offline TA/TO,TA/TO,0,0,0,D,D,0,No Deposit,40.0,0,Contract,121.5,0,0
Resort Hotel,0,155,2017,July,28,15,0,1,2,0.0,0,BB,DEU,Offline TA/TO,TA/TO,0,0,0,D,D,0,No Deposit,,0,Transient,143.0,0,0
Resort Hotel,0,13,2017,July,28,12,0,4,2,0.0,0,BB,GBR,Online TA,TA/TO,0,0,0,E,E,0,No Deposit,314.0,0,Transient,172.15,0,1
Resort Hotel,0,89,2017,July,28,13,0,3,2,0.0,0,BB,USA,Online TA,TA/TO,0,0,0,D,D,0,No Deposit,242.0,0,Transient,201.67,0,1
Resort Hotel,0,63,2017,July,28,10,1,5,2,0.0,0,HB,ESP,Direct,Direct,0,0,0,F,F,1,No Deposit,250.0,0,Transient,276.83,1,1
Resort Hotel,0,140,2017,July,28,10,1,5,2,0.0,0,HB,FRA,Online TA,TA/TO,0,0,0,D,D,0,No Deposit,240.0,0,Transient,197.83,0,1
Resort Hotel,0,155,2017,July,28,9,2,5,2,0.0,0,BB,IRL,Direct,Direct,0,0,0,F,F,0,No Deposit,250.0,0,Transient,178.43,0,0
Resort Hotel,0,0,2017,July,28,14,0,2,2,0.0,0,BB,ESP,Online TA,TA/TO,0,0,0,A,A,0,No Deposit,240.0,0,Transient,157.5,0,1
Resort Hotel,0,1,2017,July,28,13,0,3,2,0.0,0,HB,BEL,Online TA,TA/TO,0,0,0,E,E,0,No Deposit,240.0,0,Transient,213.67,0,1
Resort Hotel,0,25,2017,July,28,14,0,2,2,0.0,0,BB,ESP,Online TA,TA/TO,0,0,0,E,E,0,No Deposit,240.0,0,Transient,215.0,0,1
Resort Hotel,0,5,2017,July,28,15,0,1,2,0.0,0,BB,ESP,Online TA,TA/TO,0,0,0,A,A,0,No Deposit,240.0,0,Transient,171.0,0,1
Resort Hotel,0,0,2017,July,28,15,0,1,2,0.0,0,BB,FRA,Direct,Direct,0,0,0,A,A,0,No Deposit,250.0,0,Transient,155.0,0,0
Resort Hotel,0,23,2017,July,28,13,0,3,2,0.0,0,BB,ESP,Online TA,TA/TO,0,0,0,A,A,0,No Deposit,240.0,0,Transient,184.0,1,2
Resort Hotel,0,18,2017,July,28,13,0,3,2,0.0,0,BB,NOR,Online TA,TA/TO,0,0,0,D,D,0,No Deposit,241.0,0,Transient,166.0,0,1
Resort Hotel,0,93,2017,July,28,9,2,5,2,0.0,0,BB,ROU,Offline TA/TO,TA/TO,0,0,0,A,A,0,No Deposit,11.0,0,Transient,123.0,0,0
Resort Hotel,0,104,2017,July,28,12,0,4,2,0.0,0,BB,PRT,Offline TA/TO,TA/TO,0,0,0,D,D,0,No Deposit,40.0,0,Contract,121.5,0,0
Resort Hotel,0,0,2017,July,28,15,0,1,2,0.0,0,BB,PRT,Direct,Direct,0,0,0,A,A,0,No Deposit,,0,Transient,123.5,0,0
Resort Hotel,0,91,2017,July,28,11,0,5,2,0.0,0,BB,GBR,Offline TA/TO,TA/TO,0,0,0,D,D,0,No Deposit,40.0,0,Contract,135.0,0,0
Resort Hotel,0,145,2017,July,28,12,0,4,2,0.0,0,BB,GBR,Online TA,TA/TO,0,0,0,D,D,0,No Deposit,241.0,0,Transient,125.44,0,1
Resort Hotel,0,39,2017,July,28,13,0,3,2,0.0,0,BB,ESP,Online TA,TA/TO,0,0,0,A,A,0,No Deposit,240.0,0,Transient,184.0,0,1
Resort Hotel,0,0,2017,July,28,15,0,1,2,0.0,0,BB,GBR,Direct,Direct,0,0,0,A,E,1,No Deposit,,0,Transient-Party,195.0,0,0
Resort Hotel,0,0,2017,July,28,15,0,1,2,0.0,0,BB,GBR,Direct,Direct,0,0,0,A,E,1,No Deposit,,0,Transient-Party,195.0,0,0
Resort Hotel,0,27,2017,July,28,14,0,2,2,0.0,0,BB,ESP,Direct,Direct,0,0,0,A,A,0,No Deposit,250.0,0,Transient,180.0,0,2
Resort Hotel,0,0,2017,July,28,15,0,1,2,0.0,0,BB,GBR,Direct,Direct,0,0,0,A,A,1,No Deposit,,0,Transient,155.0,0,0
Resort Hotel,0,145,2017,July,29,16,2,5,2,0.0,0,BB,GBR,Direct,Direct,0,0,0,E,E,1,No Deposit,,0,Transient,147.6,0,2
Resort Hotel,0,9,2017,July,28,14,0,2,2,0.0,0,BB,PRT,Online TA,TA/TO,0,0,0,A,C,0,No Deposit,240.0,0,Transient,157.5,0,1
Resort Hotel,0,0,2017,July,28,15,0,1,2,0.0,0,BB,GBR,Direct,Direct,0,0,0,A,E,1,No Deposit,,0,Transient-Party,195.0,0,0
Resort Hotel,0,0,2017,July,29,16,0,0,2,0.0,0,BB,GBR,Direct,Direct,1,0,0,A,A,0,No Deposit,,0,Transient,0.0,0,0
Resort Hotel,0,206,2017,July,28,10,2,5,2,0.0,0,HB,FRA,Online TA,TA/TO,0,0,0,A,A,0,No Deposit,240.0,0,Transient,180.0,0,2
Resort Hotel,0,151,2017,July,28,10,2,5,2,0.0,0,HB,GBR,Offline TA/TO,TA/TO,0,0,0,E,E,0,No Deposit,40.0,0,Contract,163.4,0,0
Resort Hotel,0,136,2017,July,28,10,2,5,2,0.0,0,BB,PRT,Online TA,TA/TO,0,0,0,D,D,0,No Deposit,240.0,0,Transient,181.43,0,2
Resort Hotel,0,0,2017,July,28,14,1,2,2,0.0,0,BB,ESP,Direct,Direct,0,0,0,D,D,0,No Deposit,,0,Transient,186.67,1,0
Resort Hotel,0,41,2017,July,28,12,1,4,2,0.0,0,HB,PRT,Online TA,TA/TO,0,0,0,A,A,0,No Deposit,240.0,0,Transient,206.0,0,0
Resort Hotel,0,4,2017,July,29,17,1,1,2,0.0,0,HB,PRT,Direct,TA/TO,0,0,0,D,F,0,No Deposit,,0,Transient,207.0,0,0
Resort Hotel,0,104,2017,July,28,11,1,5,2,0.0,0,BB,DEU,Online TA,TA/TO,0,0,0,D,D,0,No Deposit,240.0,0,Transient,203.0,0,1
Resort Hotel,0,0,2017,July,28,15,1,1,2,0.0,0,BB,PRT,Direct,Direct,0,0,0,D,D,1,No Deposit,,0,Transient,184.0,0,1
Resort Hotel,0,103,2017,July,28,13,1,3,2,0.0,0,BB,GBR,Online TA,TA/TO,0,0,0,E,E,2,No Deposit,241.0,0,Transient,188.4,0,1
Resort Hotel,0,235,2017,July,27,3,4,10,2,0.0,0,BB,GBR,Offline TA/TO,TA/TO,0,0,0,A,A,0,No Deposit,243.0,0,Contract,106.85,0,0
Resort Hotel,0,224,2017,July,27,3,4,10,2,0.0,0,HB,BEL,Offline TA/TO,TA/TO,0,0,0,A,A,0,No Deposit,177.0,0,Transient,135.9,0,0
Resort Hotel,0,2,2017,July,28,14,1,2,2,0.0,0,BB,BEL,Online TA,TA/TO,0,0,0,E,E,0,No Deposit,240.0,0,Transient,213.33,0,1
Resort Hotel,0,110,2017,July,28,10,2,5,2,0.0,0,BB,BRA,Online TA,TA/TO,0,0,0,E,E,0,No Deposit,240.0,0,Transient,200.0,0,1
Resort Hotel,0,3,2017,July,28,14,1,2,2,0.0,0,BB,PRT,Online TA,TA/TO,0,0,0,A,A,0,No Deposit,240.0,0,Transient,170.0,0,2
Resort Hotel,0,3,2017,July,27,6,3,8,2,0.0,0,SC,CHE,Direct,Direct,0,0,0,F,I,8,No Deposit,,0,Transient,0.0,0,2
Resort Hotel,0,127,2017,July,28,11,2,5,2,0.0,0,HB,BEL,Offline TA/TO,TA/TO,0,0,0,E,E,0,No Deposit,479.0,0,Transient,160.69,0,1
Resort Hotel,0,110,2017,July,28,11,2,5,2,0.0,0,HB,BEL,Offline TA/TO,TA/TO,0,0,0,D,D,0,No Deposit,479.0,0,Transient,153.2,0,1
Resort Hotel,0,212,2017,July,28,9,4,5,2,0.0,0,HB,ITA,Offline TA/TO,TA/TO,0,0,0,E,E,1,No Deposit,479.0,0,Transient,160.4,0,1
Resort Hotel,0,110,2017,July,28,11,2,5,2,0.0,0,HB,BEL,Offline TA/TO,TA/TO,0,0,0,A,D,0,No Deposit,479.0,0,Transient,133.85,0,1
Resort Hotel,0,0,2017,July,29,17,1,0,2,0.0,0,BB,FRA,Online TA,TA/TO,0,0,0,A,A,1,No Deposit,240.0,0,Transient,183.0,0,1
Resort Hotel,0,160,2017,July,28,11,2,5,2,0.0,0,HB,BEL,Online TA,TA/TO,0,0,0,A,A,0,No Deposit,240.0,0,Transient,174.86,0,1
Resort Hotel,0,0,2017,July,28,15,2,1,2,0.0,0,BB,USA,Online TA,TA/TO,0,0,0,D,D,0,No Deposit,241.0,0,Transient,168.0,0,0
Resort Hotel,0,151,2017,July,28,11,2,5,2,0.0,0,HB,ITA,Online TA,TA/TO,0,0,0,A,A,0,No Deposit,240.0,0,Transient,188.86,0,2
Resort Hotel,0,118,2017,July,27,4,4,10,2,0.0,0,BB,GBR,Offline TA/TO,TA/TO,0,0,0,D,D,0,No Deposit,40.0,0,Contract,123.5,0,0
Resort Hotel,0,3,2017,July,28,11,2,5,2,0.0,0,HB,PRT,Online TA,TA/TO,0,0,0,D,E,0,No Deposit,241.0,0,Transient,132.8,0,1
Resort Hotel,0,184,2017,July,27,4,4,10,2,0.0,0,BB,NOR,Online TA,TA/TO,0,0,0,D,D,0,No Deposit,241.0,0,Transient,116.6,0,1
Resort Hotel,0,62,2017,July,28,11,2,5,2,0.0,0,HB,GBR,Online TA,TA/TO,0,0,0,E,E,1,No Deposit,240.0,0,Transient,248.29,0,2
Resort Hotel,0,33,2017,July,28,11,2,5,2,0.0,0,BB,USA,Direct,Direct,0,0,0,F,F,0,No Deposit,250.0,0,Transient,241.86,1,0
Resort Hotel,0,152,2017,July,28,11,2,5,2,0.0,0,HB,CHE,Online TA,TA/TO,0,0,0,D,D,0,No Deposit,240.0,0,Transient-Party,208.86,1,2
Resort Hotel,0,152,2017,July,28,11,2,5,2,0.0,0,HB,CHE,Online TA,TA/TO,0,0,0,D,D,0,No Deposit,240.0,0,Transient-Party,194.86,0,2
Resort Hotel,0,27,2017,July,28,14,2,2,2,0.0,0,BB,GBR,Online TA,TA/TO,0,0,0,A,A,0,No Deposit,240.0,0,Transient,164.25,0,1
Resort Hotel,0,2,2017,July,28,15,2,1,2,0.0,0,BB,PRT,Online TA,TA/TO,0,0,0,A,A,0,No Deposit,240.0,0,Transient,194.0,1,1
Resort Hotel,0,1,2017,July,29,17,1,0,2,0.0,0,BB,ESP,Online TA,TA/TO,0,0,0,D,D,0,No Deposit,240.0,0,Transient,179.0,0,2
Resort Hotel,0,0,2017,July,29,18,0,0,2,0.0,0,BB,PRT,Direct,Direct,1,0,0,A,G,0,No Deposit,,0,Transient,0.0,0,0
Resort Hotel,0,106,2017,July,29,17,1,0,2,0.0,0,BB,PRT,Online TA,TA/TO,0,0,0,D,D,2,No Deposit,240.0,0,Transient,259.0,0,2
Resort Hotel,0,0,2017,July,29,18,0,0,2,0.0,0,SC,PRT,Direct,Direct,1,0,0,G,G,0,No Deposit,,0,Transient,0.0,0,0
Resort Hotel,0,0,2017,July,29,17,1,0,2,0.0,0,BB,ESP,Direct,Direct,0,0,0,A,A,0,No Deposit,,0,Transient,154.0,0,0
Resort Hotel,0,1,2017,July,29,19,0,0,2,0.0,0,BB,NLD,Online TA,TA/TO,0,0,0,G,G,0,No Deposit,240.0,0,Transient-Party,0.0,0,1
Resort Hotel,0,126,2017,July,28,12,2,5,2,0.0,0,BB,IRL,Direct,Direct,0,0,0,D,D,0,No Deposit,250.0,0,Transient,184.86,0,2
Resort Hotel,0,96,2017,July,28,12,2,5,2,0.0,0,BB,CHE,Online TA,TA/TO,0,0,0,E,E,0,No Deposit,240.0,0,Transient,216.14,0,1
Resort Hotel,0,8,2017,July,28,15,2,2,2,0.0,0,HB,LUX,Online TA,TA/TO,0,0,0,E,E,0,No Deposit,240.0,0,Transient,247.0,0,1
Resort Hotel,0,12,2017,July,28,12,2,5,2,0.0,0,BB,IRL,Direct,Direct,0,0,0,A,A,0,No Deposit,250.0,0,Transient,172.14,0,0
Resort Hotel,0,11,2017,July,28,12,2,5,2,0.0,0,BB,GBR,Offline TA/TO,TA/TO,0,0,0,D,D,0,No Deposit,40.0,0,Contract,136.71,0,0
Resort Hotel,0,156,2017,July,28,12,2,5,2,0.0,0,BB,GBR,Offline TA/TO,TA/TO,0,0,0,A,A,0,No Deposit,40.0,0,Contract,104.85,0,0
Resort Hotel,0,159,2017,July,28,9,4,6,2,0.0,0,BB,GBR,Offline TA/TO,TA/TO,0,0,0,A,A,0,No Deposit,40.0,0,Contract,106.85,0,0
Resort Hotel,0,153,2017,July,28,9,4,6,2,0.0,0,BB,GBR,Offline TA/TO,TA/TO,0,0,0,A,A,0,No Deposit,40.0,0,Contract,104.85,0,0
Resort Hotel,0,25,2017,July,28,13,2,4,2,0.0,0,BB,ITA,Direct,Direct,0,0,0,A,A,0,No Deposit,250.0,0,Transient,166.25,0,2
Resort Hotel,0,80,2017,July,29,17,1,1,2,0.0,0,HB,BRA,Online TA,TA/TO,0,0,0,A,A,2,No Deposit,241.0,0,Transient,203.6,0,2
Resort Hotel,0,185,2017,July,28,11,2,6,2,0.0,0,BB,IRL,Online TA,TA/TO,0,0,0,E,E,0,No Deposit,175.0,0,Transient,135.36,0,1
Resort Hotel,0,283,2017,July,28,12,2,5,2,0.0,0,BB,RUS,Online TA,TA/TO,0,0,0,A,F,0,No Deposit,240.0,0,Transient,166.24,0,1
Resort Hotel,0,202,2017,July,28,11,2,6,2,0.0,0,BB,GBR,Online TA,TA/TO,0,0,0,E,E,0,No Deposit,240.0,0,Transient,190.0,0,2
Resort Hotel,0,154,2017,July,29,16,2,1,2,0.0,0,BB,PRT,Online TA,TA/TO,0,0,0,A,A,0,No Deposit,240.0,0,Transient,160.0,0,1
Resort Hotel,0,0,2017,July,29,18,0,1,2,0.0,0,HB,HKG,Online TA,TA/TO,0,0,0,A,A,0,No Deposit,240.0,0,Transient,92.0,0,1
Resort Hotel,0,0,2017,July,29,18,0,1,2,0.0,0,BB,CN,Online TA,TA/TO,0,0,0,D,D,0,No Deposit,241.0,0,Transient,157.2,0,1
Resort Hotel,0,0,2017,July,29,19,0,3,2,0.0,0,BB,CN,Online TA,TA/TO,1,0,0,E,E,0,No Deposit,241.0,0,Transient,159.2,0,1
Resort Hotel,0,118,2017,July,28,15,2,3,2,0.0,0,BB,ZAF,Online TA,TA/TO,0,0,0,D,D,0,No Deposit,240.0,0,Transient-Party,180.0,0,2
Resort Hotel,0,118,2017,July,28,15,2,3,2,0.0,0,BB,ZAF,Online TA,TA/TO,0,0,0,E,E,0,No Deposit,240.0,0,Transient-Party,200.0,0,2
Resort Hotel,0,316,2017,July,27,6,4,10,2,0.0,0,BB,NOR,Online TA,TA/TO,0,0,0,D,D,0,No Deposit,240.0,0,Transient,145.1,0,3
Resort Hotel,0,154,2017,July,27,6,4,10,2,0.0,0,HB,GBR,Offline TA/TO,TA/TO,0,0,0,A,A,0,No Deposit,243.0,0,Contract,134.85,0,1
Resort Hotel,0,144,2017,July,29,16,2,2,2,0.0,0,BB,CN,Offline TA/TO,TA/TO,0,0,0,A,A,0,No Deposit,410.0,0,Transient,118.5,0,0
Resort Hotel,0,114,2017,July,28,14,2,4,2,0.0,0,BB,PRT,Direct,Direct,0,0,0,D,D,4,No Deposit,250.0,0,Transient,189.0,1,1
Resort Hotel,0,154,2017,July,28,13,2,5,2,0.0,0,BB,CHE,Direct,Direct,0,0,0,A,A,1,No Deposit,,0,Transient,155.57,1,1
Resort Hotel,0,68,2017,July,29,16,2,2,2,0.0,0,HB,DNK,Direct,Direct,0,0,0,F,F,3,No Deposit,250.0,0,Transient,264.0,0,1
Resort Hotel,0,184,2017,July,28,10,3,7,2,0.0,0,BB,ROU,Online TA,TA/TO,0,0,0,A,A,0,No Deposit,240.0,0,Transient,165.8,0,1
Resort Hotel,0,199,2017,July,28,15,2,3,2,0.0,0,BB,USA,Online TA,TA/TO,0,0,0,A,A,0,No Deposit,240.0,0,Transient,150.0,0,1
Resort Hotel,0,32,2017,July,29,20,0,1,2,0.0,0,BB,USA,Online TA,TA/TO,0,0,0,A,A,0,No Deposit,240.0,0,Transient,190.0,0,1
Resort Hotel,0,165,2017,July,29,19,0,1,2,0.0,0,BB,CHE,Online TA,TA/TO,0,0,0,A,A,0,No Deposit,241.0,0,Transient,123.2,0,1
Resort Hotel,0,37,2017,July,29,19,0,1,2,0.0,0,BB,PRT,Online TA,TA/TO,0,0,0,A,A,0,No Deposit,196.0,0,Transient,190.0,0,0
Resort Hotel,0,174,2017,July,29,17,1,2,2,0.0,0,BB,GBR,Online TA,TA/TO,0,0,0,E,E,0,No Deposit,240.0,0,Transient,190.0,0,3
Resort Hotel,0,102,2017,July,28,15,2,3,2,0.0,0,BB,ROU,Online TA,TA/TO,0,0,0,D,D,1,No Deposit,240.0,0,Transient,223.0,0,1
Resort Hotel,0,158,2017,July,29,18,0,2,2,0.0,0,BB,BRA,Online TA,TA/TO,0,0,0,A,D,0,No Deposit,314.0,0,Transient,115.2,0,0
Resort Hotel,0,158,2017,July,29,16,2,2,2,0.0,0,BB,CN,Offline TA/TO,TA/TO,0,0,0,A,A,0,No Deposit,410.0,0,Transient,118.0,0,0
Resort Hotel,0,114,2017,July,29,16,2,2,2,0.0,0,BB,CN,Offline TA/TO,TA/TO,0,0,0,A,A,0,No Deposit,,0,Transient,116.5,0,0
Resort Hotel,0,162,2017,July,28,10,3,7,2,0.0,0,BB,PRT,Online TA,TA/TO,0,0,0,E,E,0,No Deposit,240.0,0,Transient,188.0,0,1
Resort Hotel,0,158,2017,July,29,18,0,2,2,0.0,0,BB,BRA,Online TA,TA/TO,0,0,0,A,C,0,No Deposit,314.0,0,Transient,129.2,0,0
Resort Hotel,0,152,2017,July,28,11,2,7,2,0.0,0,HB,UKR,Offline TA/TO,TA/TO,0,0,0,A,A,1,No Deposit,75.0,0,Transient,130.05,0,0
Resort Hotel,0,0,2017,July,29,19,0,1,2,0.0,0,BB,PRT,Direct,Direct,0,0,0,A,G,0,No Deposit,,0,Transient,254.0,0,0
Resort Hotel,0,4,2017,July,28,15,2,3,2,0.0,0,BB,PRT,Direct,Direct,0,0,0,F,F,0,No Deposit,250.0,0,Transient,233.0,0,1
Resort Hotel,0,4,2017,July,28,15,2,3,2,0.0,0,BB,PRT,Direct,Direct,0,0,0,E,E,2,No Deposit,250.0,0,Transient,220.0,1,2
Resort Hotel,0,25,2017,August,33,18,1,2,2,0.0,0,BB,PRT,Online TA,TA/TO,1,0,1,A,A,0,No Deposit,240.0,0,Transient-Party,244.0,0,2
Resort Hotel,0,5,2017,July,29,20,0,1,2,0.0,0,HB,PRT,Online TA,TA/TO,0,0,0,A,A,0,No Deposit,240.0,0,Transient,222.0,0,1
Resort Hotel,0,235,2017,July,27,7,4,10,2,0.0,0,BB,GBR,Offline TA/TO,TA/TO,0,0,0,D,D,0,No Deposit,40.0,0,Contract,123.5,0,0
Resort Hotel,0,131,2017,July,29,17,1,3,2,0.0,0,BB,PRT,Online TA,TA/TO,0,0,0,D,D,0,No Deposit,240.0,0,Transient,195.0,0,1
Resort Hotel,0,108,2017,July,28,10,3,8,2,0.0,0,HB,GBR,Offline TA/TO,TA/TO,0,0,0,D,D,0,No Deposit,40.0,0,Contract,153.5,0,0
Resort Hotel,0,9,2017,July,28,14,2,5,2,0.0,0,HB,PRT,Online TA,TA/TO,0,0,0,D,D,0,No Deposit,240.0,0,Transient,237.71,0,1
Resort Hotel,0,197,2017,July,28,15,2,4,2,0.0,0,BB,PRT,Online TA,TA/TO,0,0,0,A,A,0,No Deposit,240.0,0,Transient,164.63,1,2
Resort Hotel,0,21,2017,July,28,14,2,5,2,0.0,0,HB,ESP,Direct,Direct,0,0,0,A,A,1,No Deposit,250.0,0,Transient,212.71,0,0
Resort Hotel,0,1,2017,July,29,20,0,1,2,0.0,0,BB,USA,Direct,Direct,0,0,0,F,F,0,No Deposit,250.0,0,Transient,228.0,1,1
Resort Hotel,0,163,2017,July,29,18,0,3,2,0.0,0,HB,PRT,Online TA,TA/TO,0,0,0,A,A,0,No Deposit,241.0,0,Transient,147.84,0,0
Resort Hotel,0,119,2017,July,29,17,1,3,2,0.0,0,BB,GBR,Online TA,TA/TO,0,0,0,D,D,0,No Deposit,241.0,0,Transient,138.8,0,1
Resort Hotel,0,187,2017,July,29,16,2,3,2,0.0,0,HB,PRT,Online TA,TA/TO,0,0,0,A,A,0,No Deposit,240.0,0,Transient,194.75,0,1
Resort Hotel,0,6,2017,July,28,14,2,5,2,0.0,0,BB,ESP,Online TA,TA/TO,0,0,0,F,F,0,No Deposit,242.0,0,Transient,210.86,0,1
Resort Hotel,0,6,2017,July,28,14,2,5,2,0.0,0,HB,ESP,Online TA,TA/TO,0,0,0,F,F,0,No Deposit,242.0,0,Transient,239.66,0,1
Resort Hotel,0,69,2017,July,28,14,2,5,2,0.0,0,BB,ESP,Online TA,TA/TO,0,0,0,A,A,0,No Deposit,177.0,0,Transient,160.0,1,0
Resort Hotel,0,68,2017,July,28,15,2,4,2,0.0,0,HB,RUS,Online TA,TA/TO,0,0,0,D,D,0,No Deposit,241.0,0,Transient,205.6,0,2
Resort Hotel,0,192,2017,July,29,17,1,3,2,0.0,0,BB,CN,Online TA,TA/TO,0,0,0,A,A,0,No Deposit,314.0,0,Transient,110.18,0,0
Resort Hotel,0,113,2017,July,28,14,2,5,2,0.0,0,HB,PRT,Offline TA/TO,TA/TO,0,0,0,A,A,0,No Deposit,196.0,0,Transient,171.69,1,0
Resort Hotel,0,112,2017,July,28,15,2,5,2,0.0,0,BB,PRT,Offline TA/TO,TA/TO,0,0,0,A,A,0,No Deposit,143.0,0,Transient,104.85,0,2
Resort Hotel,0,115,2017,July,28,15,2,5,2,0.0,0,BB,ITA,Offline TA/TO,TA/TO,0,0,0,A,A,0,No Deposit,143.0,0,Transient,104.85,0,0
Resort Hotel,0,127,2017,July,29,18,0,4,2,0.0,0,HB,ITA,Online TA,TA/TO,0,0,0,D,D,0,No Deposit,240.0,0,Transient,212.0,0,1
Resort Hotel,0,160,2017,July,29,16,2,5,2,0.0,0,HB,GBR,Offline TA/TO,TA/TO,0,0,0,A,A,1,No Deposit,143.0,0,Transient,134.85,0,1
Resort Hotel,0,178,2017,July,28,14,2,6,2,0.0,0,HB,ESP,Direct,Direct,0,0,0,A,A,1,No Deposit,250.0,0,Transient,167.85,0,1
Resort Hotel,0,178,2017,July,28,14,2,6,2,0.0,0,HB,ESP,Direct,Direct,0,0,0,A,A,1,No Deposit,250.0,0,Transient,167.85,1,1
Resort Hotel,0,72,2017,July,29,18,0,4,2,0.0,0,HB,ESP,Online TA,TA/TO,0,0,0,D,D,0,No Deposit,240.0,0,Transient,271.0,0,0
Resort Hotel,0,15,2017,July,29,17,1,4,2,0.0,0,BB,ESP,Online TA,TA/TO,0,0,0,A,A,0,No Deposit,240.0,0,Transient,204.0,0,1
Resort Hotel,0,0,2017,July,29,20,0,2,2,0.0,0,BB,ESP,Direct,Direct,0,0,0,D,D,0,No Deposit,,0,Transient,183.0,1,0
Resort Hotel,0,99,2017,July,28,14,2,6,2,0.0,0,BB,CHE,Online TA,TA/TO,0,0,0,D,D,0,No Deposit,240.0,0,Transient,205.25,0,1
Resort Hotel,0,108,2017,July,28,15,2,5,2,0.0,0,BB,PRT,Direct,Direct,0,0,0,D,D,0,No Deposit,,0,Transient,204.0,1,2
Resort Hotel,0,183,2017,July,29,18,0,4,2,0.0,0,HB,PRT,Online TA,TA/TO,0,0,0,D,D,0,No Deposit,241.0,0,Transient,169.54,0,2
Resort Hotel,0,147,2017,July,28,12,2,8,2,0.0,0,HB,BEL,Offline TA/TO,TA/TO,0,0,0,A,A,0,No Deposit,479.0,0,Transient,143.05,0,3
Resort Hotel,0,318,2017,July,28,15,2,5,2,0.0,0,HB,GBR,Offline TA/TO,TA/TO,0,0,0,D,D,0,No Deposit,177.0,0,Transient,152.1,0,0
Resort Hotel,0,44,2017,July,29,20,0,2,2,0.0,0,BB,GBR,Online TA,TA/TO,0,0,0,A,A,0,No Deposit,241.0,0,Transient,144.4,0,1
Resort Hotel,0,133,2017,July,28,13,2,7,2,0.0,0,BB,IRL,Online TA,TA/TO,0,0,0,A,A,0,No Deposit,314.0,0,Transient,135.56,0,2
Resort Hotel,0,196,2017,July,29,19,0,3,2,0.0,0,BB,GBR,Online TA,TA/TO,0,0,0,A,A,0,No Deposit,240.0,0,Transient,152.5,0,2
Resort Hotel,0,194,2017,July,29,17,1,4,2,0.0,0,BB,GBR,Online TA,TA/TO,0,0,0,A,D,0,No Deposit,240.0,0,Transient,151.5,0,1
Resort Hotel,0,169,2017,July,29,19,0,4,2,0.0,0,BB,BRA,Online TA,TA/TO,0,0,0,A,A,3,No Deposit,240.0,0,Transient-Party,160.0,0,2
Resort Hotel,0,169,2017,July,29,19,0,4,2,0.0,0,BB,BRA,Online TA,TA/TO,0,0,0,A,A,2,No Deposit,240.0,0,Transient-Party,160.0,0,2
Resort Hotel,0,111,2017,July,29,17,1,5,2,0.0,0,BB,SWE,Offline TA/TO,TA/TO,0,0,0,A,A,0,No Deposit,6.0,0,Transient,137.0,0,0
Resort Hotel,0,17,2017,July,29,21,0,2,2,0.0,0,BB,USA,Online TA,TA/TO,0,0,0,D,D,0,No Deposit,241.0,0,Transient,156.6,0,1
Resort Hotel,0,6,2017,July,29,21,0,2,2,0.0,0,BB,USA,Online TA,TA/TO,0,0,0,A,A,0,No Deposit,241.0,0,Transient,142.21,0,1
Resort Hotel,0,153,2017,July,29,18,0,5,2,0.0,0,HB,PRT,Online TA,TA/TO,0,0,0,A,A,0,No Deposit,240.0,0,Transient,207.0,0,3
Resort Hotel,0,117,2017,July,29,19,0,4,2,0.0,0,BB,BEL,Online TA,TA/TO,0,0,0,D,E,0,No Deposit,240.0,0,Transient,187.0,0,1
Resort Hotel,0,114,2017,July,29,16,2,5,2,0.0,0,BB,BEL,Online TA,TA/TO,0,0,0,D,D,0,No Deposit,240.0,0,Transient,182.86,0,1
Resort Hotel,0,3,2017,July,29,21,0,2,2,0.0,0,BB,ESP,Online TA,TA/TO,0,0,0,D,D,0,No Deposit,240.0,0,Transient,213.0,1,1
Resort Hotel,0,53,2017,July,29,16,2,5,2,0.0,0,BB,DEU,Direct,Direct,0,0,0,D,D,0,No Deposit,,0,Transient,157.0,0,2
Resort Hotel,0,188,2017,July,29,16,2,5,2,0.0,0,BB,CHE,Direct,Direct,0,0,0,E,E,0,No Deposit,250.0,0,Transient,204.17,1,3
Resort Hotel,0,1,2017,July,29,22,0,1,2,0.0,0,BB,PRT,Direct,Direct,0,0,0,A,A,0,No Deposit,,0,Transient,219.0,1,1
Resort Hotel,0,193,2017,July,29,20,0,3,2,0.0,0,BB,CN,Direct,Direct,0,0,0,G,G,0,No Deposit,250.0,0,Transient,233.6,0,2
Resort Hotel,0,2,2017,July,29,17,1,5,2,0.0,0,HB,ESP,Online TA,TA/TO,0,0,0,A,A,0,No Deposit,240.0,0,Transient,209.5,0,1
Resort Hotel,0,39,2017,July,29,18,0,5,2,0.0,0,BB,GBR,Offline TA/TO,TA/TO,0,0,0,A,A,0,No Deposit,40.0,0,Contract,116.5,0,0
Resort Hotel,0,6,2017,July,29,22,0,1,2,0.0,0,BB,ESP,Online TA,TA/TO,0,0,0,A,A,0,No Deposit,240.0,0,Transient,209.0,0,1
Resort Hotel,0,4,2017,July,30,23,1,0,2,0.0,0,BB,ESP,Online TA,TA/TO,0,0,0,A,A,0,No Deposit,240.0,0,Transient,159.0,0,1
Resort Hotel,0,6,2017,July,29,22,0,1,2,0.0,0,BB,ESP,Online TA,TA/TO,0,0,0,A,A,0,No Deposit,240.0,0,Transient,209.0,0,1
Resort Hotel,0,20,2017,July,29,19,0,4,2,0.0,0,BB,ESP,Online TA,TA/TO,0,0,0,G,G,0,No Deposit,241.0,0,Transient,235.0,0,1
Resort Hotel,0,69,2017,July,29,18,0,5,2,0.0,0,BB,ESP,Direct,Direct,0,0,0,A,A,0,No Deposit,250.0,0,Transient,200.0,0,2
Resort Hotel,0,0,2017,July,29,21,0,2,2,0.0,0,BB,PRT,Online TA,TA/TO,0,0,0,D,D,0,No Deposit,241.0,0,Transient,160.0,0,1
Resort Hotel,0,109,2017,July,29,16,2,5,2,0.0,0,HB,GBR,Offline TA/TO,TA/TO,0,0,0,A,A,1,No Deposit,243.0,0,Transient,106.85,0,0
Resort Hotel,0,120,2017,July,28,14,2,7,2,0.0,0,BB,GBR,Offline TA/TO,TA/TO,0,0,0,A,A,0,No Deposit,40.0,0,Contract,104.85,0,0
Resort Hotel,0,0,2017,July,29,21,0,2,2,0.0,0,BB,AUS,Online TA,TA/TO,0,0,0,D,F,0,No Deposit,241.0,0,Transient,160.0,0,1
Resort Hotel,0,150,2017,July,28,14,3,7,2,0.0,0,HB,FRA,Online TA,TA/TO,0,0,0,D,D,0,No Deposit,240.0,0,Transient,225.5,0,1
Resort Hotel,0,152,2017,July,28,14,3,7,2,0.0,0,HB,FRA,Online TA,TA/TO,0,0,0,A,A,2,No Deposit,240.0,0,Transient,191.5,0,1
Resort Hotel,0,116,2017,July,28,14,3,7,2,0.0,0,HB,GBR,Offline TA/TO,TA/TO,0,0,0,D,D,0,No Deposit,40.0,0,Contract,151.3,0,0
Resort Hotel,0,116,2017,July,28,14,3,7,2,0.0,0,HB,GBR,Offline TA/TO,TA/TO,0,0,0,D,D,1,No Deposit,40.0,0,Contract,149.5,0,0
Resort Hotel,0,104,2017,July,29,18,1,5,2,0.0,0,HB,CN,Online TA,TA/TO,0,0,0,F,F,0,No Deposit,241.0,0,Transient,216.89,0,2
Resort Hotel,0,61,2017,July,28,10,4,10,2,0.0,0,HB,GBR,Offline TA/TO,TA/TO,0,0,0,D,D,0,No Deposit,531.0,0,Transient,171.53,0,2
Resort Hotel,0,115,2017,July,29,17,2,5,2,0.0,0,BB,GBR,Offline TA/TO,TA/TO,0,0,0,A,A,0,No Deposit,40.0,0,Contract,104.85,0,0
Resort Hotel,0,255,2017,July,29,17,2,5,2,0.0,0,HB,POL,Offline TA/TO,TA/TO,0,0,0,A,A,0,No Deposit,315.0,0,Contract,130.05,0,0
Resort Hotel,0,182,2017,July,29,17,2,5,2,0.0,0,HB,ESP,Online TA,TA/TO,0,0,0,A,A,3,No Deposit,240.0,0,Transient,152.15,0,1
Resort Hotel,0,207,2017,July,29,18,1,5,2,0.0,0,FB,ESP,Offline TA/TO,TA/TO,0,0,0,A,A,0,No Deposit,6.0,0,Transient,155.7,0,0
Resort Hotel,0,179,2017,July,29,18,1,5,2,0.0,0,BB,NLD,Online TA,TA/TO,0,0,0,A,A,0,No Deposit,241.0,0,Transient,117.43,0,0
Resort Hotel,0,1,2017,July,30,23,1,0,2,0.0,0,BB,BEL,Direct,Direct,0,0,0,A,A,0,No Deposit,,0,Transient,170.0,0,0
Resort Hotel,0,8,2017,July,29,21,1,2,2,0.0,0,HB,ESP,Online TA,TA/TO,0,0,0,A,D,1,No Deposit,240.0,0,Transient,220.4,1,2
Resort Hotel,0,172,2017,July,29,20,1,3,2,0.0,0,HB,ESP,Online TA,TA/TO,0,0,0,A,A,0,No Deposit,240.0,0,Transient,192.0,0,1
Resort Hotel,0,136,2017,July,29,21,1,2,2,0.0,0,BB,PRT,Online TA,TA/TO,0,0,0,A,A,0,No Deposit,240.0,0,Transient,175.0,0,1
Resort Hotel,0,102,2017,July,29,17,2,5,2,0.0,0,BB,GBR,Online TA,TA/TO,0,0,0,D,D,0,No Deposit,526.0,0,Transient,150.48,0,0
Resort Hotel,0,14,2017,July,29,17,2,5,2,0.0,0,HB,PRT,Offline TA/TO,TA/TO,0,0,0,D,D,0,No Deposit,40.0,0,Contract,163.0,0,0
Resort Hotel,0,0,2017,July,29,22,1,1,2,0.0,0,BB,ITA,Direct,Direct,0,0,0,A,A,1,No Deposit,,0,Transient,170.0,0,0
Resort Hotel,0,130,2017,July,29,20,1,3,2,0.0,0,BB,PRT,Online TA,TA/TO,0,0,0,A,A,0,No Deposit,240.0,0,Transient,170.0,0,1
Resort Hotel,0,52,2017,July,30,24,2,5,2,0.0,0,BB,IRL,Direct,Direct,0,0,0,A,A,1,No Deposit,,0,Transient,202.0,0,2
Resort Hotel,0,1,2017,July,29,22,1,1,2,0.0,0,HB,CN,Online TA,TA/TO,0,0,0,D,D,0,No Deposit,526.0,0,Transient,165.44,0,0
Resort Hotel,0,47,2017,July,29,21,1,2,2,0.0,0,BB,GBR,Online TA,TA/TO,0,0,0,F,F,0,No Deposit,241.0,0,Transient,210.0,0,1
Resort Hotel,0,155,2017,July,29,17,2,5,2,0.0,0,BB,SWE,Online TA,TA/TO,0,0,0,E,E,2,No Deposit,240.0,0,Transient,217.86,0,0
Resort Hotel,0,167,2017,July,29,19,2,4,2,0.0,0,HB,GBR,Offline TA/TO,TA/TO,0,0,0,A,A,2,No Deposit,143.0,0,Transient,134.85,0,0
Resort Hotel,0,8,2017,July,29,20,2,3,2,0.0,0,BB,GBR,Online TA,TA/TO,0,0,0,D,D,0,No Deposit,241.0,0,Transient,149.74,0,1
Resort Hotel,0,154,2017,July,29,18,2,5,2,0.0,0,HB,GBR,Offline TA/TO,TA/TO,0,0,0,A,A,0,No Deposit,143.0,0,Transient,132.85,0,0
Resort Hotel,0,189,2017,July,29,18,2,5,2,0.0,0,HB,GBR,Offline TA/TO,TA/TO,0,0,0,E,E,0,No Deposit,40.0,0,Transient,163.4,0,0
Resort Hotel,0,115,2017,July,29,18,2,5,2,0.0,0,BB,GBR,Offline TA/TO,TA/TO,0,0,0,D,D,0,No Deposit,40.0,0,Contract,121.5,0,0
Resort Hotel,0,213,2017,July,28,11,4,10,2,0.0,0,BB,LTU,Online TA,TA/TO,0,0,0,E,E,0,No Deposit,240.0,0,Transient-Party,191.43,0,2
Resort Hotel,0,213,2017,July,28,11,4,10,2,0.0,0,BB,LTU,Online TA,TA/TO,0,0,0,E,E,0,No Deposit,240.0,0,Transient-Party,189.43,0,2
Resort Hotel,0,58,2017,July,29,19,2,4,2,0.0,0,BB,ESP,Direct,Direct,0,0,0,D,D,0,No Deposit,250.0,0,Transient,220.0,0,1
Resort Hotel,0,0,2017,July,30,25,0,1,2,0.0,0,BB,ESP,Direct,Direct,1,0,0,D,D,1,No Deposit,,0,Transient,189.0,1,0
Resort Hotel,0,192,2017,July,30,23,2,0,2,0.0,0,BB,BEL,Direct,Direct,0,0,0,E,E,0,No Deposit,,0,Transient,155.52,0,2
Resort Hotel,0,192,2017,July,30,23,2,0,2,0.0,0,BB,BEL,Direct,Direct,0,0,0,E,E,0,No Deposit,,0,Transient,167.52,1,2
Resort Hotel,0,172,2017,July,29,18,2,5,2,0.0,0,BB,ROU,Online TA,TA/TO,0,0,0,A,A,0,No Deposit,241.0,0,Transient,114.95,0,1
Resort Hotel,0,172,2017,July,29,21,2,2,2,0.0,0,HB,PRT,Online TA,TA/TO,0,0,0,A,A,1,No Deposit,5.0,0,Transient,156.0,0,0
Resort Hotel,0,19,2017,July,30,23,2,0,2,0.0,0,BB,ESP,Online TA,TA/TO,0,0,0,D,D,0,No Deposit,240.0,0,Transient,239.0,1,1
Resort Hotel,0,161,2017,July,29,18,2,5,2,0.0,0,BB,GBR,Offline TA/TO,TA/TO,0,0,0,D,D,0,No Deposit,40.0,0,Contract,123.21,0,1
Resort Hotel,0,161,2017,July,29,20,2,3,2,0.0,0,HB,ESP,Offline TA/TO,TA/TO,0,0,0,A,A,0,No Deposit,196.0,0,Transient,161.56,1,0
Resort Hotel,0,115,2017,July,29,18,2,5,2,0.0,0,BB,GBR,Offline TA/TO,TA/TO,0,0,0,D,D,0,No Deposit,40.0,0,Contract,123.5,0,0
Resort Hotel,0,11,2017,July,29,22,2,1,2,0.0,0,BB,CN,Online TA,TA/TO,0,0,0,A,A,0,No Deposit,241.0,0,Transient,158.0,0,1
Resort Hotel,0,20,2017,July,28,13,4,8,2,0.0,0,SC,GBR,Complementary,Direct,0,0,0,F,I,7,No Deposit,,0,Transient,0.0,0,1
Resort Hotel,0,62,2017,July,29,18,2,5,2,0.0,0,SC,ZAF,Complementary,TA/TO,0,0,0,D,I,2,No Deposit,240.0,0,Transient,9.14,0,1
Resort Hotel,0,323,2017,July,30,24,1,1,2,0.0,0,BB,NLD,Online TA,TA/TO,0,0,0,A,C,0,No Deposit,240.0,0,Transient,152.38,0,2
Resort Hotel,0,0,2017,July,30,25,0,1,2,0.0,0,BB,PRT,Direct,Direct,0,0,0,A,G,0,No Deposit,,0,Transient,170.0,0,0
Resort Hotel,0,166,2017,July,29,16,4,6,2,0.0,0,BB,IRL,Online TA,TA/TO,0,0,0,A,A,0,No Deposit,240.0,0,Transient,162.0,0,2
Resort Hotel,0,94,2017,July,30,24,1,1,2,0.0,0,BB,PRT,Online TA,TA/TO,0,0,0,D,G,0,No Deposit,240.0,0,Transient,239.0,0,1
Resort Hotel,0,5,2017,July,29,21,2,3,2,0.0,0,BB,ITA,Online TA,TA/TO,0,0,0,D,D,0,No Deposit,240.0,0,Transient,221.0,1,1
Resort Hotel,0,23,2017,July,29,21,2,3,2,0.0,0,BB,ISL,Online TA,TA/TO,0,0,0,F,F,0,No Deposit,241.0,0,Transient,211.12,1,1
Resort Hotel,0,49,2017,July,30,23,2,1,2,0.0,0,BB,BRA,Direct,Direct,0,0,0,A,A,0,No Deposit,250.0,0,Transient-Party,200.0,0,0
Resort Hotel,0,215,2017,July,29,17,3,6,2,0.0,0,BB,FRA,Online TA,TA/TO,0,0,0,E,E,0,No Deposit,240.0,0,Transient,190.67,1,1
Resort Hotel,0,159,2017,July,29,16,4,6,2,0.0,0,HB,DEU,Offline TA/TO,TA/TO,0,0,0,A,A,2,No Deposit,75.0,0,Transient,132.05,0,1
Resort Hotel,0,128,2017,July,29,17,3,6,2,0.0,0,BB,BRA,Online TA,TA/TO,0,0,0,A,A,0,No Deposit,240.0,0,Transient,168.89,0,1
Resort Hotel,0,160,2017,July,29,20,2,4,2,0.0,0,BB,GBR,Online TA,TA/TO,0,0,0,A,A,0,No Deposit,314.0,0,Transient,115.2,0,0
Resort Hotel,0,295,2017,July,29,18,2,7,2,0.0,0,BB,IRL,Online TA,TA/TO,0,0,0,E,E,0,No Deposit,240.0,0,Transient,174.8,0,1
Resort Hotel,0,349,2017,July,29,20,2,5,2,0.0,0,BB,GBR,Offline TA/TO,TA/TO,0,0,0,A,A,0,No Deposit,243.0,0,Contract,118.85,0,2
Resort Hotel,0,80,2017,July,29,22,2,3,2,0.0,0,HB,CN,Online TA,TA/TO,0,0,0,F,F,2,No Deposit,241.0,0,Transient,253.6,0,1
Resort Hotel,0,16,2017,July,29,19,2,6,2,0.0,0,BB,MAR,Online TA,TA/TO,0,0,0,D,D,0,No Deposit,240.0,0,Transient,231.13,1,1
Resort Hotel,0,145,2017,July,29,20,2,5,2,0.0,0,HB,GBR,Online TA,TA/TO,0,0,0,E,E,0,No Deposit,241.0,0,Transient,198.0,0,1
Resort Hotel,0,80,2017,July,29,20,2,5,2,0.0,0,HB,ITA,Online TA,TA/TO,0,0,0,A,A,0,No Deposit,240.0,0,Transient,237.0,0,2
Resort Hotel,0,154,2017,July,28,13,4,10,2,0.0,0,BB,ITA,Offline TA/TO,TA/TO,0,0,0,A,A,0,No Deposit,196.0,0,Transient,119.41,0,0
Resort Hotel,0,125,2017,July,28,13,4,10,2,0.0,0,BB,GBR,Offline TA/TO,TA/TO,0,0,0,A,A,0,No Deposit,40.0,0,Contract,106.85,0,0
Resort Hotel,0,125,2017,July,28,13,4,10,2,0.0,0,BB,GBR,Offline TA/TO,TA/TO,0,0,0,A,A,0,No Deposit,40.0,0,Contract,104.85,0,0
Resort Hotel,0,210,2017,July,30,24,1,2,2,0.0,0,HB,HUN,Online TA,TA/TO,0,0,0,A,A,2,No Deposit,240.0,0,Transient-Party,183.75,0,1
Resort Hotel,0,210,2017,July,30,24,1,2,2,0.0,0,HB,HUN,Online TA,TA/TO,0,0,0,A,A,0,No Deposit,240.0,0,Transient-Party,183.75,0,1
Resort Hotel,0,210,2017,July,30,24,1,2,2,0.0,0,HB,HUN,Online TA,TA/TO,0,0,0,A,A,0,No Deposit,240.0,0,Transient-Party,183.75,0,1
Resort Hotel,0,210,2017,July,30,24,1,2,2,0.0,0,HB,VNM,Online TA,TA/TO,0,0,0,A,A,0,No Deposit,240.0,0,Transient-Party,183.75,0,1
Resort Hotel,0,6,2017,July,30,25,0,2,2,0.0,0,BB,USA,Online TA,TA/TO,0,0,0,E,E,0,No Deposit,240.0,0,Transient,231.0,0,1
Resort Hotel,0,2,2017,July,30,24,1,2,2,0.0,0,BB,PRT,Online TA,TA/TO,0,0,0,A,A,0,No Deposit,240.0,0,Transient,189.0,0,1
Resort Hotel,0,164,2017,July,29,20,2,5,2,0.0,0,BB,GBR,Offline TA/TO,TA/TO,0,0,0,A,A,0,No Deposit,40.0,0,Contract,104.85,0,0
Resort Hotel,0,181,2017,July,29,20,2,5,2,0.0,0,HB,PRT,Online TA,TA/TO,0,0,0,A,A,1,No Deposit,314.0,0,Transient,149.12,1,2
Resort Hotel,0,183,2017,July,29,22,2,3,2,0.0,0,BB,PRT,Direct,Direct,0,0,0,E,F,0,No Deposit,250.0,0,Transient,185.12,1,1
Resort Hotel,0,181,2017,July,29,22,2,3,2,0.0,0,BB,SWE,Online TA,TA/TO,0,0,0,A,A,0,No Deposit,240.0,0,Transient,154.95,0,2
Resort Hotel,0,180,2017,July,30,23,2,2,2,0.0,0,BB,CN,Offline TA/TO,TA/TO,0,0,0,A,A,0,No Deposit,410.0,0,Transient,106.85,0,0
Resort Hotel,0,221,2017,July,30,23,2,2,2,0.0,0,BB,CN,Offline TA/TO,TA/TO,0,0,0,A,A,0,No Deposit,410.0,0,Transient,104.85,0,1
Resort Hotel,0,200,2017,July,30,23,2,2,2,0.0,0,BB,ITA,Online TA,TA/TO,0,0,0,D,D,0,No Deposit,240.0,0,Transient,188.0,1,1
Resort Hotel,0,80,2017,July,29,20,2,5,2,0.0,0,HB,ITA,Online TA,TA/TO,0,0,0,D,D,1,No Deposit,240.0,0,Transient,257.0,0,2
Resort Hotel,0,180,2017,July,30,23,2,2,2,0.0,0,BB,CN,Offline TA/TO,TA/TO,0,0,0,A,A,0,No Deposit,410.0,0,Transient,104.85,0,0
Resort Hotel,0,26,2017,July,29,22,2,3,2,0.0,0,BB,PRT,Online TA,TA/TO,0,0,0,A,A,1,No Deposit,240.0,0,Transient,219.0,0,1
Resort Hotel,0,0,2017,July,30,27,0,1,2,0.0,0,BB,SWE,Online TA,TA/TO,1,0,0,A,A,1,No Deposit,241.0,0,Transient,140.0,0,1
Resort Hotel,0,216,2017,July,30,24,1,3,2,0.0,0,BB,PRT,Online TA,TA/TO,0,0,0,E,E,0,No Deposit,240.0,0,Transient,194.0,0,1
Resort Hotel,0,155,2017,July,29,21,2,5,2,0.0,0,BB,DEU,Offline TA/TO,TA/TO,0,0,0,A,A,0,No Deposit,177.0,0,Transient,123.0,0,0
Resort Hotel,0,115,2017,July,29,16,4,8,2,0.0,0,BB,DEU,Offline TA/TO,TA/TO,0,0,0,D,D,0,No Deposit,69.0,0,Transient,123.5,0,1
Resort Hotel,0,26,2017,July,30,24,1,3,2,0.0,0,BB,AUS,Online TA,TA/TO,0,0,0,D,D,0,No Deposit,240.0,0,Transient,239.0,0,0
Resort Hotel,0,2,2017,July,30,27,0,1,2,0.0,0,BB,GBR,Online TA,TA/TO,0,0,0,D,D,0,No Deposit,240.0,0,Transient,190.0,0,2
Resort Hotel,0,98,2017,July,29,21,2,5,2,0.0,0,BB,GBR,Offline TA/TO,TA/TO,0,0,0,D,D,0,No Deposit,40.0,0,Contract,135.0,0,0
Resort Hotel,0,189,2017,July,29,21,2,5,2,0.0,0,BB,GBR,Offline TA/TO,TA/TO,0,0,0,E,E,0,No Deposit,40.0,0,Transient,133.4,0,2
Resort Hotel,0,189,2017,July,29,21,2,5,2,0.0,0,BB,GBR,Offline TA/TO,TA/TO,0,0,0,E,E,0,No Deposit,40.0,0,Transient,131.4,0,2
Resort Hotel,0,108,2017,July,28,14,4,10,2,0.0,0,HB,GBR,Offline TA/TO,TA/TO,0,0,0,A,A,0,No Deposit,40.0,0,Contract,134.85,0,0
Resort Hotel,0,345,2017,July,29,21,2,5,2,0.0,0,HB,GBR,Offline TA/TO,TA/TO,0,0,0,A,A,0,No Deposit,40.0,0,Contract,132.85,0,0
Resort Hotel,0,332,2017,July,29,22,2,4,2,0.0,0,BB,PRT,Online TA,TA/TO,0,0,0,A,A,0,No Deposit,240.0,0,Transient,154.38,0,2
Resort Hotel,0,5,2017,July,30,25,0,3,2,0.0,0,BB,IRL,Online TA,TA/TO,0,0,0,E,E,0,No Deposit,241.0,0,Transient,159.35,0,1
Resort Hotel,0,0,2017,July,30,27,0,1,2,0.0,0,BB,FRA,Direct,Direct,0,0,0,A,A,0,No Deposit,,0,Transient,184.0,0,0
Resort Hotel,0,179,2017,July,30,24,1,3,2,0.0,0,BB,PRT,Offline TA/TO,TA/TO,0,0,0,A,B,0,No Deposit,6.0,0,Transient,126.2,1,0
Resort Hotel,0,140,2017,July,30,26,0,2,2,0.0,0,BB,RUS,Online TA,TA/TO,0,0,0,D,D,1,No Deposit,240.0,0,Transient,200.0,0,2
Resort Hotel,0,258,2017,July,30,24,1,3,2,0.0,0,BB,CN,Offline TA/TO,TA/TO,0,0,0,A,A,0,No Deposit,410.0,0,Transient,118.5,0,0
Resort Hotel,0,43,2017,July,30,24,1,3,2,0.0,0,BB,CN,Direct,Direct,0,0,0,E,E,0,No Deposit,250.0,0,Transient,242.0,0,0
Resort Hotel,0,0,2017,July,30,27,0,1,2,0.0,0,BB,ESP,Direct,Direct,0,0,0,D,D,0,No Deposit,,0,Transient,185.0,1,0
Resort Hotel,0,121,2017,July,30,24,1,3,2,0.0,0,BB,CN,Online TA,TA/TO,0,0,0,D,D,0,No Deposit,241.0,0,Transient,174.0,0,1
Resort Hotel,0,296,2017,July,30,24,1,4,2,0.0,0,HB,CHE,Direct,Direct,0,0,0,A,A,7,No Deposit,250.0,0,Transient,169.77,1,2
Resort Hotel,0,23,2017,July,29,22,2,5,2,0.0,0,BB,GBR,Online TA,TA/TO,0,0,0,D,D,0,No Deposit,241.0,0,Transient,162.94,0,1
Resort Hotel,0,162,2017,July,29,22,2,5,2,0.0,0,HB,PRT,Direct,Direct,0,0,0,A,A,1,No Deposit,250.0,0,Transient,201.0,1,0
Resort Hotel,0,85,2017,July,30,23,2,4,2,0.0,0,BB,PRT,Online TA,TA/TO,0,0,0,D,D,0,No Deposit,240.0,0,Transient,225.0,0,1
Resort Hotel,0,28,2017,July,30,27,0,2,2,0.0,0,BB,ESP,Online TA,TA/TO,0,0,0,D,F,0,No Deposit,15.0,0,Transient,194.0,1,0
Resort Hotel,0,112,2017,July,30,23,2,4,2,0.0,0,BB,CHE,Online TA,TA/TO,0,0,0,D,D,0,No Deposit,240.0,0,Transient,209.0,0,2
Resort Hotel,0,140,2017,July,30,25,0,4,2,0.0,0,BB,CN,Online TA,TA/TO,0,0,0,D,D,0,No Deposit,241.0,0,Transient,172.0,1,1
Resort Hotel,0,130,2017,July,29,22,2,5,2,0.0,0,FB,PRT,Direct,Direct,0,0,0,D,D,2,No Deposit,250.0,0,Transient,252.3,1,1
Resort Hotel,0,18,2017,July,30,26,0,3,2,0.0,0,BB,ESP,Online TA,TA/TO,0,0,0,A,A,0,No Deposit,175.0,0,Transient,164.0,0,1
Resort Hotel,0,149,2017,July,30,25,8,21,2,0.0,0,SC,FRA,Online TA,TA/TO,0,0,0,E,I,13,No Deposit,240.0,0,Transient,0.0,0,0
Resort Hotel,0,126,2017,July,29,22,2,5,2,0.0,0,BB,SWE,Online TA,TA/TO,0,0,0,D,D,0,No Deposit,240.0,0,Transient,200.0,0,1
Resort Hotel,0,149,2017,July,30,25,0,4,2,0.0,0,HB,POL,Online TA,TA/TO,0,0,0,E,E,1,No Deposit,240.0,0,Transient,245.0,0,1
Resort Hotel,0,131,2017,July,29,22,2,5,2,0.0,0,HB,BEL,Offline TA/TO,TA/TO,0,0,0,D,D,1,No Deposit,479.0,0,Transient,148.5,0,0
Resort Hotel,0,115,2017,July,29,18,2,9,2,0.0,0,BB,HUN,Online TA,TA/TO,0,0,0,E,E,2,No Deposit,240.0,0,Transient-Party,217.82,0,1
Resort Hotel,0,115,2017,July,29,18,2,9,2,0.0,0,BB,HUN,Online TA,TA/TO,0,0,0,E,E,2,No Deposit,240.0,0,Transient-Party,212.73,0,1
Resort Hotel,0,51,2017,July,30,28,0,1,2,0.0,0,BB,PRT,Online TA,TA/TO,0,0,0,A,A,0,No Deposit,5.0,0,Transient,178.0,0,1
Resort Hotel,0,345,2017,July,29,21,2,6,2,0.0,0,BB,RUS,Online TA,TA/TO,0,0,0,A,A,0,No Deposit,240.0,0,Transient,138.38,0,2
Resort Hotel,0,142,2017,July,29,21,2,6,2,0.0,0,BB,PRT,Online TA,TA/TO,0,0,0,E,E,0,No Deposit,240.0,0,Transient,213.0,0,1
Resort Hotel,0,0,2017,July,30,27,0,2,2,0.0,0,BB,GBR,Online TA,TA/TO,0,0,0,E,E,0,No Deposit,240.0,0,Transient-Party,215.0,0,1
Resort Hotel,0,0,2017,July,30,29,0,1,2,0.0,0,BB,GBR,Online TA,TA/TO,1,0,0,E,E,0,Non Refund,,0,Transient-Party,245.0,0,1
Resort Hotel,0,0,2017,July,30,27,0,2,2,0.0,0,BB,GBR,Online TA,TA/TO,0,0,0,A,E,0,No Deposit,240.0,0,Transient-Party,175.0,0,1
Resort Hotel,0,0,2017,July,30,29,0,0,2,0.0,0,BB,PRT,Direct,Direct,1,0,0,A,A,0,No Deposit,,0,Transient,0.0,0,0
Resort Hotel,0,0,2017,July,30,27,0,2,2,0.0,0,BB,GBR,Online TA,TA/TO,0,0,0,A,A,0,No Deposit,240.0,0,Transient-Party,175.0,0,1
Resort Hotel,0,177,2017,July,30,25,0,5,2,0.0,0,BB,GBR,Direct,Direct,0,0,0,F,F,2,No Deposit,250.0,0,Transient-Party,189.0,0,1
Resort Hotel,0,177,2017,July,30,25,0,5,2,0.0,0,BB,GBR,Direct,Direct,0,0,0,F,F,2,No Deposit,250.0,0,Transient-Party,189.0,1,1
Resort Hotel,0,167,2017,July,29,22,2,6,2,0.0,0,HB,PRT,Online TA,TA/TO,0,0,0,D,D,1,No Deposit,314.0,0,Transient,158.35,0,0
Resort Hotel,0,167,2017,July,29,22,2,6,2,0.0,0,HB,PRT,Online TA,TA/TO,0,0,0,D,D,1,No Deposit,314.0,0,Transient,154.8,0,0
Resort Hotel,0,10,2017,July,29,17,3,10,2,0.0,0,HB,ESP,Online TA,TA/TO,0,0,0,D,D,0,No Deposit,240.0,0,Transient,244.31,0,1
Resort Hotel,0,167,2017,July,29,22,2,6,2,0.0,0,HB,PRT,Online TA,TA/TO,0,0,0,D,D,1,No Deposit,314.0,0,Transient,154.8,0,0
Resort Hotel,0,188,2017,July,30,23,2,5,2,0.0,0,BB,IRL,Online TA,TA/TO,0,0,0,A,A,0,No Deposit,240.0,0,Transient,155.75,0,1
Resort Hotel,0,47,2017,July,30,27,0,3,2,0.0,0,BB,PRT,Online TA,TA/TO,0,0,0,E,F,0,No Deposit,240.0,0,Transient,245.0,0,3
Resort Hotel,0,143,2017,July,30,24,1,5,2,0.0,0,BB,PRT,Offline TA/TO,TA/TO,0,0,0,D,D,0,No Deposit,181.0,0,Transient,156.0,0,0
Resort Hotel,0,160,2017,July,30,25,0,5,2,0.0,0,HB,PRT,Direct,Direct,0,0,0,D,D,4,No Deposit,250.0,0,Transient,222.0,0,1
Resort Hotel,0,30,2017,July,30,27,0,3,2,0.0,0,BB,GBR,Online TA,TA/TO,0,0,0,E,F,1,No Deposit,240.0,0,Transient,245.0,0,2
Resort Hotel,0,18,2017,July,30,28,0,2,2,0.0,0,BB,PRT,Complementary,Direct,0,0,0,E,E,0,No Deposit,187.0,0,Transient,14.0,0,0
Resort Hotel,0,19,2017,July,30,29,0,1,2,0.0,0,BB,CHN,Online TA,TA/TO,0,0,0,A,A,0,No Deposit,240.0,0,Transient-Party,184.5,0,3
Resort Hotel,0,19,2017,July,30,29,0,1,2,0.0,0,BB,CHN,Online TA,TA/TO,0,0,0,A,A,0,No Deposit,240.0,0,Transient-Party,184.5,0,3
Resort Hotel,0,19,2017,July,30,29,0,1,2,0.0,0,BB,JPN,Online TA,TA/TO,0,0,0,A,A,0,No Deposit,240.0,0,Transient-Party,184.5,0,3
Resort Hotel,0,11,2017,July,30,25,0,5,2,0.0,0,BB,GBR,Offline TA/TO,TA/TO,0,0,0,D,D,0,No Deposit,40.0,0,Contract,135.0,0,0
Resort Hotel,0,2,2017,July,30,25,0,5,2,0.0,0,HB,PRT,Online TA,TA/TO,0,0,0,E,E,0,No Deposit,240.0,0,Transient,268.0,1,1
Resort Hotel,0,4,2017,July,30,28,0,2,2,0.0,0,HB,ESP,Online TA,TA/TO,0,0,0,A,A,0,No Deposit,240.0,0,Transient,224.5,0,1
Resort Hotel,0,17,2017,July,30,27,0,3,2,0.0,0,BB,CN,Online TA,TA/TO,0,0,0,A,A,0,No Deposit,240.0,0,Transient,205.0,0,2
Resort Hotel,0,198,2017,July,29,20,2,8,2,0.0,0,BB,IRL,Offline TA/TO,TA/TO,0,0,0,D,D,0,No Deposit,40.0,0,Contract,123.5,0,0
Resort Hotel,0,0,2017,July,30,29,0,1,2,0.0,0,BB,GBR,Online TA,TA/TO,0,0,0,E,E,0,No Deposit,,0,Transient-Party,205.0,0,1
Resort Hotel,0,0,2017,July,30,28,1,2,2,0.0,0,BB,USA,Online TA,TA/TO,0,0,0,A,B,0,No Deposit,306.0,0,Transient,105.31,1,0
Resort Hotel,0,177,2017,July,30,28,1,2,2,0.0,0,BB,CN,Online TA,TA/TO,0,0,0,A,A,0,No Deposit,314.0,0,Transient,116.53,0,0
Resort Hotel,0,30,2017,July,30,27,1,3,2,0.0,0,BB,CN,Online TA,TA/TO,0,0,0,E,E,0,No Deposit,241.0,0,Transient,181.31,0,1
Resort Hotel,0,181,2017,July,30,27,1,3,2,0.0,0,BB,CN,Online TA,TA/TO,0,0,0,A,A,0,No Deposit,314.0,0,Transient,129.2,0,0
Resort Hotel,0,175,2017,July,30,23,3,5,2,0.0,0,HB,CHE,Online TA,TA/TO,0,0,0,A,A,0,No Deposit,240.0,0,Transient,192.0,0,1
Resort Hotel,0,14,2017,July,30,27,1,3,2,0.0,0,BB,GBR,Offline TA/TO,TA/TO,0,0,0,A,A,0,No Deposit,40.0,0,Transient,116.5,0,0
Resort Hotel,0,46,2017,July,30,24,2,5,2,0.0,0,BB,GBR,Offline TA/TO,TA/TO,0,0,0,D,D,0,No Deposit,40.0,0,Contract,135.0,0,0
Resort Hotel,0,14,2017,July,30,27,1,3,2,0.0,0,HB,GBR,Offline TA/TO,TA/TO,0,0,0,D,D,0,No Deposit,40.0,0,Contract,165.0,0,0
Resort Hotel,0,18,2017,July,30,27,1,3,2,0.0,0,BB,IRL,Online TA,TA/TO,0,0,0,A,A,0,No Deposit,241.0,0,Transient,164.0,0,1
Resort Hotel,0,82,2017,July,30,23,3,5,2,0.0,0,HB,GBR,Direct,Direct,0,0,0,F,F,1,No Deposit,250.0,0,Transient,294.0,0,2
Resort Hotel,0,50,2017,July,30,28,1,2,2,0.0,0,BB,BRA,Direct,Direct,0,0,0,A,A,0,No Deposit,250.0,0,Transient,214.0,1,2
Resort Hotel,0,195,2017,July,30,27,1,3,2,0.0,0,BB,PRT,Direct,Direct,0,0,0,A,A,0,No Deposit,250.0,0,Transient,152.38,1,0
Resort Hotel,0,156,2017,July,29,16,5,10,2,0.0,0,HB,FRA,Offline TA/TO,TA/TO,0,0,0,D,D,1,No Deposit,134.0,0,Transient,171.0,0,0
Resort Hotel,0,28,2017,July,30,27,1,3,2,0.0,0,BB,LUX,Online TA,TA/TO,0,0,0,A,A,0,No Deposit,240.0,0,Transient,219.0,0,3
Resort Hotel,0,192,2017,July,29,22,3,6,2,0.0,0,HB,PRT,Direct,Direct,0,0,0,F,F,1,No Deposit,250.0,0,Transient,227.6,1,2
Resort Hotel,0,32,2017,July,30,27,1,3,2,0.0,0,HB,ESP,Online TA,TA/TO,0,0,0,A,A,0,No Deposit,240.0,0,Transient,251.0,0,2
Resort Hotel,0,18,2017,July,30,28,1,2,2,0.0,0,BB,BEL,Direct,Direct,0,0,0,A,H,0,No Deposit,250.0,0,Transient,214.0,1,1
Resort Hotel,0,52,2017,July,30,24,2,5,2,0.0,0,BB,IRL,Direct,Direct,0,0,0,A,A,0,No Deposit,,0,Transient,200.0,0,1
Resort Hotel,0,143,2017,July,30,28,1,2,2,0.0,0,BB,LUX,Direct,Direct,0,0,0,E,E,0,No Deposit,250.0,0,Transient-Party,193.5,0,1
Resort Hotel,0,143,2017,July,30,28,1,2,2,0.0,0,BB,LUX,Direct,Direct,0,0,0,E,E,0,No Deposit,250.0,0,Transient-Party,207.5,0,1
Resort Hotel,0,143,2017,July,30,28,1,2,2,0.0,0,BB,LUX,Direct,Direct,0,0,0,E,E,0,No Deposit,250.0,0,Transient-Party,207.5,1,1
Resort Hotel,0,161,2017,July,30,28,1,2,2,0.0,0,BB,GBR,Offline TA/TO,TA/TO,0,0,0,D,D,0,No Deposit,177.0,0,Transient,141.0,0,0
Resort Hotel,0,161,2017,July,30,28,1,2,2,0.0,0,BB,GBR,Offline TA/TO,TA/TO,0,0,0,D,D,0,No Deposit,177.0,0,Transient,155.0,0,0
Resort Hotel,0,5,2017,July,30,25,1,5,2,0.0,0,HB,PRT,Online TA,TA/TO,0,0,0,A,A,0,No Deposit,240.0,0,Transient,228.33,0,0
Resort Hotel,0,0,2017,July,30,28,1,2,2,0.0,0,BB,USA,Online TA,TA/TO,0,0,0,A,A,0,No Deposit,306.0,0,Transient,102.73,0,0
Resort Hotel,0,12,2017,July,30,27,1,3,2,0.0,0,BB,BRA,Online TA,TA/TO,0,0,0,D,D,0,No Deposit,240.0,0,Transient,239.0,0,2
Resort Hotel,0,72,2017,July,30,28,1,2,2,0.0,0,HB,ESP,Online TA,TA/TO,0,0,0,D,F,0,No Deposit,242.0,0,Transient,271.0,0,2
Resort Hotel,0,4,2017,July,30,23,3,5,2,0.0,0,BB,PRT,Online TA,TA/TO,0,0,0,D,D,0,No Deposit,240.0,0,Transient,203.38,0,2
Resort Hotel,0,25,2017,July,30,24,2,5,2,0.0,0,HB,ESP,Direct,Direct,0,0,0,E,E,1,No Deposit,250.0,0,Transient,272.0,0,0
Resort Hotel,0,1,2017,July,30,28,1,2,2,0.0,0,BB,PRT,Online TA,TA/TO,0,0,0,A,A,0,No Deposit,241.0,0,Transient,172.67,1,1
Resort Hotel,0,8,2017,July,30,28,1,2,2,0.0,0,BB,FRA,Online TA,TA/TO,0,0,0,A,A,0,No Deposit,240.0,0,Transient,202.33,0,1
Resort Hotel,0,170,2017,July,29,16,5,10,2,0.0,0,HB,FRA,Offline TA/TO,TA/TO,0,0,0,E,E,0,No Deposit,6.0,0,Transient,163.8,0,0
Resort Hotel,0,280,2017,July,30,27,1,3,2,0.0,0,BB,IRL,Direct,Direct,0,0,0,D,D,1,No Deposit,250.0,0,Transient,140.94,0,0
Resort Hotel,0,171,2017,July,30,25,2,5,2,0.0,0,BB,GBR,Online TA,TA/TO,0,0,0,D,D,2,No Deposit,240.0,0,Transient-Party,182.86,0,1
Resort Hotel,0,171,2017,July,30,25,2,5,2,0.0,0,BB,POL,Online TA,TA/TO,0,0,0,D,D,2,No Deposit,240.0,0,Transient-Party,182.86,0,1
Resort Hotel,0,171,2017,July,30,25,2,5,2,0.0,0,BB,GBR,Online TA,TA/TO,0,0,0,D,D,2,No Deposit,240.0,0,Transient-Party,182.86,0,1
Resort Hotel,0,6,2017,July,30,28,2,2,2,0.0,0,BB,GBR,Online TA,TA/TO,0,0,0,D,D,0,No Deposit,241.0,0,Transient,168.15,0,1
Resort Hotel,0,223,2017,July,30,27,2,3,2,0.0,0,BB,CN,Online TA,TA/TO,0,0,0,A,A,0,No Deposit,314.0,0,Transient,112.7,0,0
Resort Hotel,0,62,2017,July,29,18,4,10,2,0.0,0,HB,IRL,Offline TA/TO,TA/TO,0,0,0,E,E,0,No Deposit,531.0,0,Transient,192.1,0,2
Resort Hotel,0,44,2017,July,30,28,2,2,2,0.0,0,BB,GBR,Offline TA/TO,TA/TO,0,0,0,D,D,0,No Deposit,40.0,0,Contract,135.0,0,0
Resort Hotel,0,31,2017,July,30,26,2,4,2,0.0,0,BB,GBR,Online TA,TA/TO,0,0,0,D,D,0,No Deposit,241.0,0,Transient,171.0,0,1
Resort Hotel,0,16,2017,July,30,27,2,3,2,0.0,0,BB,IRL,Direct,Direct,0,0,0,F,F,0,No Deposit,250.0,0,Transient,262.0,0,1
Resort Hotel,0,276,2017,July,30,24,3,5,2,0.0,0,BB,PRT,Online TA,TA/TO,0,0,0,A,A,0,No Deposit,240.0,0,Transient-Party,138.38,0,2
Resort Hotel,0,0,2017,July,31,31,1,0,2,0.0,0,BB,PRT,Direct,Direct,0,0,0,A,A,0,No Deposit,,0,Transient,169.0,0,0
Resort Hotel,0,276,2017,July,30,24,3,5,2,0.0,0,BB,PRT,Online TA,TA/TO,0,0,0,A,A,0,No Deposit,240.0,0,Transient-Party,140.38,0,2
Resort Hotel,0,1,2017,July,31,31,1,0,2,0.0,0,BB,GBR,Direct,Direct,0,0,0,A,A,0,No Deposit,,0,Transient,155.0,0,0
Resort Hotel,0,266,2017,July,30,28,2,2,2,0.0,0,BB,GBR,Offline TA/TO,TA/TO,0,0,0,D,D,0,No Deposit,436.0,0,Transient-Party,128.9,0,1
Resort Hotel,0,266,2017,July,30,28,2,2,2,0.0,0,BB,GBR,Offline TA/TO,TA/TO,0,0,0,D,D,0,No Deposit,436.0,0,Transient-Party,128.9,0,1
Resort Hotel,0,19,2017,July,30,25,2,5,2,0.0,0,BB,SWE,Online TA,TA/TO,0,0,0,E,E,2,No Deposit,240.0,0,Transient,242.86,0,2
Resort Hotel,0,115,2017,July,31,30,2,0,2,0.0,0,BB,AUS,Online TA,TA/TO,0,0,0,D,D,0,No Deposit,240.0,0,Transient,209.0,0,2
Resort Hotel,0,25,2017,July,30,28,2,4,2,0.0,0,SC,IRL,Online TA,TA/TO,0,0,0,A,I,1,No Deposit,429.0,0,Transient,0.0,0,0
Resort Hotel,0,9,2017,July,30,29,2,1,2,0.0,0,FB,GBR,Online TA,TA/TO,0,0,0,D,D,0,No Deposit,526.0,0,Transient,208.08,0,0
Resort Hotel,0,17,2017,July,30,26,2,4,2,0.0,0,HB,ESP,Online TA,TA/TO,0,0,0,A,A,0,No Deposit,240.0,0,Transient-Party,237.0,0,1
Resort Hotel,0,17,2017,July,30,26,2,4,2,0.0,0,HB,ESP,Online TA,TA/TO,0,0,0,A,A,0,No Deposit,240.0,0,Transient-Party,237.0,0,1
Resort Hotel,0,335,2017,July,30,24,3,6,2,0.0,0,HB,GBR,Offline TA/TO,TA/TO,0,0,0,A,A,0,No Deposit,40.0,0,Contract,134.85,0,1
Resort Hotel,0,335,2017,July,30,24,3,6,2,0.0,0,HB,GBR,Offline TA/TO,TA/TO,0,0,0,A,A,0,No Deposit,40.0,0,Contract,134.85,0,1
Resort Hotel,0,124,2017,July,30,23,4,6,2,0.0,0,Undefined,PRT,Offline TA/TO,TA/TO,0,0,0,A,A,0,No Deposit,40.0,0,Contract,158.85,0,2
Resort Hotel,0,124,2017,July,30,23,4,6,2,0.0,0,Undefined,GBR,Offline TA/TO,TA/TO,0,0,0,A,A,0,No Deposit,40.0,0,Contract,158.85,0,2
Resort Hotel,0,124,2017,July,30,23,4,6,2,0.0,0,Undefined,GBR,Offline TA/TO,TA/TO,0,0,0,A,A,0,No Deposit,40.0,0,Contract,158.85,0,2
Resort Hotel,0,24,2017,July,30,29,2,2,2,0.0,0,BB,GBR,Online TA,TA/TO,0,0,0,A,A,0,No Deposit,241.0,0,Transient,164.0,0,2
Resort Hotel,0,176,2017,July,30,26,2,5,2,0.0,0,HB,PRT,Offline TA/TO,TA/TO,0,0,0,D,D,0,No Deposit,6.0,0,Transient,152.1,0,0
Resort Hotel,0,139,2017,July,30,29,2,2,2,0.0,0,BB,GBR,Online TA,TA/TO,0,0,0,E,E,0,No Deposit,240.0,0,Transient,234.0,1,2
Resort Hotel,0,120,2017,August,31,1,0,1,2,0.0,0,BB,BRA,Online TA,TA/TO,0,0,0,D,D,0,No Deposit,241.0,0,Transient,167.2,0,1
Resort Hotel,0,52,2017,July,31,31,1,1,2,0.0,0,HB,PRT,Online TA,TA/TO,0,0,0,E,F,0,No Deposit,241.0,0,Transient,235.6,0,1
Resort Hotel,0,58,2017,July,30,28,2,3,2,0.0,0,HB,PRT,Online TA,TA/TO,0,0,0,A,A,0,No Deposit,240.0,0,Transient-Party,242.0,0,2
Resort Hotel,0,58,2017,July,30,28,2,3,2,0.0,0,HB,PRT,Online TA,TA/TO,0,0,0,A,A,0,No Deposit,240.0,0,Transient-Party,242.0,0,2
Resort Hotel,0,125,2017,August,31,1,0,1,2,0.0,0,HB,BRA,Online TA,TA/TO,0,0,0,F,F,0,No Deposit,241.0,0,Transient,224.8,1,1
Resort Hotel,0,126,2017,August,31,1,0,1,2,0.0,0,HB,PRT,Online TA,TA/TO,0,0,0,A,C,0,No Deposit,241.0,0,Transient,176.8,0,1
Resort Hotel,0,197,2017,July,30,26,2,5,2,0.0,0,HB,BEL,Offline TA/TO,TA/TO,0,0,0,A,A,0,No Deposit,479.0,0,Transient,131.85,0,1
Resort Hotel,0,0,2017,July,30,29,2,2,2,0.0,0,BB,ESP,Direct,Direct,0,0,0,D,D,0,No Deposit,250.0,0,Transient,225.0,0,1
Resort Hotel,0,60,2017,July,30,29,2,3,2,0.0,0,BB,USA,Direct,Direct,0,0,0,F,F,0,No Deposit,250.0,0,Transient,270.0,0,1
Resort Hotel,0,62,2017,August,31,2,0,1,2,0.0,0,HB,FRA,Online TA,TA/TO,0,0,0,E,E,0,No Deposit,,0,Transient,230.0,0,2
Resort Hotel,0,175,2017,August,31,3,4,10,2,0.0,0,HB,FRA,Online TA,TA/TO,0,0,0,E,E,2,No Deposit,240.0,0,Transient,258.29,0,2
Resort Hotel,0,175,2017,July,30,27,2,5,2,0.0,0,BB,ESP,Online TA,TA/TO,0,0,0,D,D,2,No Deposit,240.0,0,Transient,180.0,0,3
Resort Hotel,0,108,2017,July,30,29,2,3,2,0.0,0,BB,ESP,Online TA,TA/TO,0,0,0,E,E,1,No Deposit,240.0,0,Transient,260.6,0,2
Resort Hotel,0,43,2017,July,30,29,2,5,2,0.0,0,HB,BEL,Offline TA/TO,TA/TO,0,0,0,D,D,1,No Deposit,479.0,0,Group,165.0,0,0
Resort Hotel,0,25,2017,July,30,29,2,3,2,0.0,0,HB,ESP,Online TA,TA/TO,0,0,0,D,D,0,No Deposit,242.0,0,Transient-Party,265.86,0,3
Resort Hotel,0,118,2017,July,30,24,3,7,2,0.0,0,HB,CHE,Online TA,TA/TO,0,0,0,D,D,0,No Deposit,241.0,0,Transient,183.16,0,1
Resort Hotel,0,166,2017,July,31,30,2,2,2,0.0,0,BB,CN,Offline TA/TO,TA/TO,0,0,0,A,I,0,No Deposit,410.0,0,Transient,116.5,0,0
Resort Hotel,0,185,2017,July,31,30,2,2,2,0.0,0,BB,CN,Offline TA/TO,TA/TO,0,0,0,A,A,0,No Deposit,410.0,0,Transient,106.85,0,0
Resort Hotel,0,124,2017,July,31,30,2,2,2,0.0,0,BB,FRA,Online TA,TA/TO,0,0,0,D,D,1,No Deposit,240.0,0,Transient,209.0,0,3
Resort Hotel,0,1,2017,July,30,27,2,5,2,0.0,0,BB,IRL,Direct,Direct,0,0,0,D,D,0,No Deposit,250.0,0,Transient,216.29,0,1
Resort Hotel,0,185,2017,July,30,27,2,5,2,0.0,0,BB,GBR,Offline TA/TO,TA/TO,0,0,0,A,A,0,No Deposit,177.0,0,Transient,112.7,0,0
Resort Hotel,0,262,2017,July,31,30,2,2,2,0.0,0,BB,CN,Offline TA/TO,TA/TO,0,0,0,A,C,0,No Deposit,410.0,0,Transient,116.5,0,0
Resort Hotel,0,226,2017,July,29,20,4,10,2,0.0,0,HB,POL,Offline TA/TO,TA/TO,0,0,0,E,E,0,No Deposit,315.0,0,Contract,156.6,0,1
Resort Hotel,0,188,2017,July,31,31,1,2,2,0.0,0,BB,PRT,Offline TA/TO,TA/TO,0,0,0,A,A,0,No Deposit,6.0,0,Transient,110.7,0,0
Resort Hotel,0,76,2017,August,31,1,0,2,2,0.0,0,BB,USA,Online TA,TA/TO,0,0,0,D,D,0,No Deposit,242.0,0,Transient,250.0,0,3
Resort Hotel,0,76,2017,August,31,1,0,2,2,0.0,0,BB,PRT,Online TA,TA/TO,0,0,0,D,D,2,No Deposit,242.0,0,Transient,250.0,0,2
Resort Hotel,0,287,2017,July,30,29,2,3,2,0.0,0,BB,BRA,Online TA,TA/TO,0,0,0,A,A,2,No Deposit,240.0,0,Transient,154.38,0,1
Resort Hotel,0,31,2017,July,31,31,1,2,2,0.0,0,BB,SWE,Online TA,TA/TO,0,0,0,A,A,0,No Deposit,240.0,0,Transient,205.0,0,3
Resort Hotel,0,229,2017,July,31,30,2,2,2,0.0,0,BB,CN,Offline TA/TO,TA/TO,0,0,0,A,A,0,No Deposit,410.0,0,Transient,118.5,0,0
Resort Hotel,0,180,2017,July,31,30,2,2,2,0.0,0,BB,CN,Offline TA/TO,TA/TO,0,0,0,A,A,0,No Deposit,410.0,0,Transient,106.35,0,1
Resort Hotel,0,187,2017,July,31,30,2,2,2,0.0,0,BB,CN,Offline TA/TO,TA/TO,0,0,0,A,A,0,No Deposit,410.0,0,Transient,104.85,0,0
Resort Hotel,0,124,2017,July,31,30,2,2,2,0.0,0,BB,MAR,Online TA,TA/TO,0,0,0,E,E,1,No Deposit,240.0,0,Transient,245.0,1,3
Resort Hotel,0,77,2017,July,30,28,2,5,2,0.0,0,BB,GBR,Offline TA/TO,TA/TO,0,0,0,D,D,0,No Deposit,40.0,0,Contract,137.0,0,0
Resort Hotel,0,63,2017,July,30,24,3,8,2,0.0,0,BB,GBR,Offline TA/TO,TA/TO,0,0,0,D,D,0,No Deposit,40.0,0,Contract,137.0,0,0
Resort Hotel,0,5,2017,August,31,3,0,1,2,0.0,0,BB,GBR,Offline TA/TO,TA/TO,0,0,0,F,E,0,No Deposit,360.0,0,Transient-Party,199.75,0,0
Resort Hotel,0,60,2017,July,31,31,1,3,2,0.0,0,BB,PRT,Online TA,TA/TO,0,0,0,D,D,0,No Deposit,240.0,0,Transient,257.75,0,2
Resort Hotel,0,29,2017,August,31,2,0,2,2,0.0,0,BB,ESP,Online TA,TA/TO,0,0,0,A,A,0,No Deposit,240.0,0,Transient,205.0,0,1
Resort Hotel,0,6,2017,August,31,2,0,2,2,0.0,0,BB,PRT,Online TA,TA/TO,0,0,0,A,B,0,No Deposit,240.0,0,Transient,210.0,0,2
Resort Hotel,0,97,2017,August,31,1,0,3,2,0.0,0,BB,ESP,Online TA,TA/TO,0,0,0,A,A,0,No Deposit,240.0,0,Transient,230.0,0,2
Resort Hotel,0,230,2017,August,31,1,0,3,2,0.0,0,BB,CN,Online TA,TA/TO,0,0,0,A,A,0,No Deposit,240.0,0,Transient-Party,178.75,0,3
Resort Hotel,0,169,2017,July,31,31,1,3,2,0.0,0,HB,PRT,Online TA,TA/TO,0,0,0,D,D,0,No Deposit,240.0,0,Transient,212.0,0,3
Resort Hotel,0,114,2017,July,30,27,2,6,2,0.0,0,HB,PRT,Direct,Direct,0,0,0,E,E,1,No Deposit,,0,Transient,185.0,1,1
Resort Hotel,0,40,2017,July,31,30,2,3,2,0.0,0,BB,ESP,Direct,Direct,0,0,0,A,A,0,No Deposit,250.0,0,Transient,204.0,0,2
Resort Hotel,0,0,2017,August,31,4,0,0,2,0.0,0,BB,USA,Direct,Direct,1,0,0,A,A,0,No Deposit,,0,Transient,0.0,0,0
Resort Hotel,0,188,2017,July,30,28,2,5,2,0.0,0,HB,LUX,Online TA,TA/TO,0,0,0,A,A,0,No Deposit,240.0,0,Transient,185.75,0,1
Resort Hotel,0,112,2017,July,31,30,2,3,2,0.0,0,BB,USA,Direct,Direct,0,0,0,F,F,0,No Deposit,250.0,0,Transient,246.0,0,1
Resort Hotel,0,169,2017,July,31,31,1,3,2,0.0,0,HB,PRT,Online TA,TA/TO,0,0,0,D,D,0,No Deposit,240.0,0,Transient,212.0,0,3
Resort Hotel,0,207,2017,July,31,31,1,3,2,0.0,0,SC,PRT,Direct,Direct,0,0,0,A,I,2,No Deposit,250.0,0,Transient,2.0,1,0
Resort Hotel,0,183,2017,August,31,2,0,3,2,0.0,0,BB,ESP,Offline TA/TO,TA/TO,0,0,0,D,D,0,No Deposit,6.0,0,Transient,136.23,0,0
Resort Hotel,0,379,2017,July,30,29,2,5,2,0.0,0,BB,GBR,Offline TA/TO,TA/TO,0,0,0,D,D,0,No Deposit,40.0,0,Contract,123.5,0,1
Resort Hotel,0,186,2017,July,29,20,4,12,2,0.0,0,BB,NOR,Online TA,TA/TO,0,0,0,D,D,0,No Deposit,241.0,0,Transient,129.92,0,1
Resort Hotel,0,163,2017,July,31,31,1,4,2,0.0,0,BB,PRT,Direct,Direct,0,0,0,E,E,0,No Deposit,250.0,0,Transient,229.0,1,1
Resort Hotel,0,64,2017,July,31,31,1,4,2,0.0,0,HB,ESP,Online TA,TA/TO,0,0,0,A,A,0,No Deposit,240.0,0,Transient,271.0,0,2
Resort Hotel,0,201,2017,July,31,31,1,4,2,0.0,0,HB,CHE,Direct,Direct,0,0,0,E,E,0,No Deposit,,0,Transient,219.32,0,3
Resort Hotel,0,9,2017,August,31,1,0,4,2,0.0,0,HB,ESP,Online TA,TA/TO,0,0,0,A,A,0,No Deposit,241.0,0,Transient,193.4,0,1
Resort Hotel,0,147,2017,July,31,30,2,4,2,0.0,0,BB,ITA,Online TA,TA/TO,0,0,0,E,E,0,No Deposit,240.0,0,Transient,234.0,0,2
Resort Hotel,0,0,2017,August,31,3,0,2,2,0.0,0,BB,PRT,Direct,Direct,0,0,0,A,F,0,No Deposit,250.0,0,Transient,213.75,0,0
Resort Hotel,0,166,2017,July,31,30,2,4,2,0.0,0,BB,PRT,Online TA,TA/TO,0,0,0,D,D,0,No Deposit,240.0,0,Transient,194.0,0,2
Resort Hotel,0,0,2017,August,31,3,0,2,2,0.0,0,BB,PRT,Direct,Direct,0,0,0,A,D,0,No Deposit,250.0,0,Transient,213.75,0,0
Resort Hotel,0,53,2017,August,31,4,0,1,2,0.0,0,BB,CN,Online TA,TA/TO,0,0,0,A,C,0,No Deposit,241.0,0,Transient,178.0,1,1
Resort Hotel,0,188,2017,August,31,1,0,4,2,0.0,0,HB,FRA,Online TA,TA/TO,0,0,0,E,E,1,No Deposit,240.0,0,Transient,248.5,0,2
Resort Hotel,0,131,2017,July,30,29,2,5,2,0.0,0,BB,ESP,Online TA,TA/TO,0,0,0,E,E,0,No Deposit,240.0,0,Transient,236.86,1,3
Resort Hotel,0,34,2017,July,31,31,1,4,2,0.0,0,BB,PRT,Direct,Direct,0,0,0,A,A,0,No Deposit,250.0,0,Transient,230.0,1,1
Resort Hotel,0,186,2017,July,30,29,2,5,2,0.0,0,BB,PRT,Online TA,TA/TO,0,0,0,A,A,0,No Deposit,240.0,0,Transient,168.93,1,1
Resort Hotel,0,22,2017,July,31,31,1,4,2,0.0,0,BB,SWE,Online TA,TA/TO,0,0,0,D,D,0,No Deposit,240.0,0,Transient,225.0,0,2
Resort Hotel,0,173,2017,July,30,24,3,9,2,0.0,0,BB,PRT,Online TA,TA/TO,0,0,0,A,A,0,No Deposit,240.0,0,Transient,160.0,0,2
Resort Hotel,0,98,2017,July,30,29,2,5,2,0.0,0,HB,GBR,Offline TA/TO,TA/TO,0,0,0,A,A,0,No Deposit,40.0,0,Contract,144.5,0,1
Resort Hotel,0,62,2017,August,31,1,0,4,2,0.0,0,BB,IRL,Online TA,TA/TO,0,0,0,A,A,0,No Deposit,241.0,0,Transient,185.99,0,1
Resort Hotel,0,55,2017,July,29,21,4,11,2,0.0,0,BB,FRA,Direct,Direct,0,0,0,A,A,0,No Deposit,250.0,0,Transient,207.67,0,0
Resort Hotel,0,256,2017,July,31,30,2,5,2,0.0,0,BB,PRT,Direct,Direct,0,0,0,D,D,1,No Deposit,250.0,0,Transient,170.6,1,0
Resort Hotel,0,300,2017,July,31,30,2,5,2,0.0,0,BB,PRT,Online TA,TA/TO,0,0,0,A,A,2,No Deposit,240.0,0,Transient,138.38,0,2
Resort Hotel,0,300,2017,July,31,30,2,5,2,0.0,0,BB,PRT,Online TA,TA/TO,0,0,0,A,A,4,No Deposit,240.0,0,Transient,138.38,0,2
Resort Hotel,0,300,2017,July,31,30,2,5,2,0.0,0,BB,PRT,Online TA,TA/TO,0,0,0,A,A,2,No Deposit,240.0,0,Transient,149.81,1,2
Resort Hotel,0,201,2017,July,31,30,2,5,2,0.0,0,BB,GBR,Offline TA/TO,TA/TO,0,0,0,A,A,0,No Deposit,243.0,0,Transient,106.85,0,1
Resort Hotel,0,201,2017,July,31,30,2,5,2,0.0,0,BB,GBR,Offline TA/TO,TA/TO,0,0,0,A,A,0,No Deposit,243.0,0,Transient,104.85,0,1
Resort Hotel,0,173,2017,July,30,26,2,9,2,0.0,0,BB,IRL,Online TA,TA/TO,0,0,0,D,D,0,No Deposit,314.0,0,Transient,132.91,0,0
Resort Hotel,0,3,2017,August,31,4,0,2,2,0.0,0,BB,PHL,Online TA,TA/TO,0,0,0,A,A,0,No Deposit,241.0,0,Transient,164.0,0,1
Resort Hotel,0,300,2017,July,31,30,2,5,2,0.0,0,BB,PRT,Online TA,TA/TO,0,0,0,A,A,2,No Deposit,240.0,0,Transient-Party,149.81,1,2
Resort Hotel,0,5,2017,August,31,4,0,2,2,0.0,0,BB,BRA,Direct,Direct,0,0,0,A,A,0,No Deposit,250.0,0,Transient,215.0,0,1
Resort Hotel,0,354,2017,July,30,23,4,10,2,0.0,0,BB,IRL,Direct,Direct,0,0,0,A,A,2,No Deposit,,0,Transient,140.64,0,1
Resort Hotel,0,191,2017,July,30,26,2,9,2,0.0,0,BB,IRL,Online TA,TA/TO,0,0,0,A,A,0,No Deposit,240.0,0,Transient,158.16,0,2
Resort Hotel,0,10,2017,August,31,2,0,4,2,0.0,0,BB,PRT,Online TA,TA/TO,0,0,0,A,A,0,No Deposit,240.0,0,Transient,228.5,0,1
Resort Hotel,0,174,2017,August,31,1,0,5,2,0.0,0,HB,PRT,Direct,Direct,0,0,0,D,D,1,No Deposit,250.0,0,Transient,193.1,0,1
Resort Hotel,0,174,2017,August,31,1,0,5,2,0.0,0,HB,PRT,Direct,Direct,0,0,0,D,D,1,No Deposit,250.0,0,Transient,207.1,0,1
Resort Hotel,0,174,2017,August,31,1,0,5,2,0.0,0,HB,PRT,Direct,Direct,0,0,0,D,D,1,No Deposit,250.0,0,Transient,193.1,0,1
Resort Hotel,0,0,2017,August,31,5,0,1,2,0.0,0,BB,FRA,Direct,Direct,0,0,0,D,D,0,No Deposit,,0,Transient,245.0,0,0
Resort Hotel,0,0,2017,August,31,5,0,1,2,0.0,0,BB,FRA,Direct,Direct,0,0,0,D,D,0,No Deposit,,0,Transient,259.0,1,0
Resort Hotel,0,40,2017,July,31,30,2,5,2,0.0,0,HB,ROU,Offline TA/TO,TA/TO,0,0,0,E,E,0,No Deposit,11.0,0,Transient,194.0,0,1
Resort Hotel,0,40,2017,August,31,4,0,2,2,0.0,0,HB,GBR,Online TA,TA/TO,0,0,0,D,D,0,No Deposit,240.0,0,Transient,283.5,0,2
Resort Hotel,0,122,2017,August,31,4,0,2,2,0.0,0,BB,PRT,Online TA,TA/TO,0,0,0,D,D,0,No Deposit,240.0,0,Transient-Party,253.0,1,4
Resort Hotel,0,23,2017,July,31,31,1,5,2,0.0,0,BB,ESP,Online TA,TA/TO,0,0,0,D,D,0,No Deposit,242.0,0,Transient,219.58,1,2
Resort Hotel,0,41,2017,August,31,2,0,4,2,0.0,0,BB,GBR,Offline TA/TO,TA/TO,0,0,0,A,A,0,No Deposit,40.0,0,Contract,118.5,0,0
Resort Hotel,0,33,2017,July,31,30,2,5,2,0.0,0,BB,ROU,Offline TA/TO,TA/TO,0,0,0,E,E,0,No Deposit,11.0,0,Transient,154.0,0,1
Resort Hotel,0,1,2017,August,31,4,0,2,2,0.0,0,BB,PHL,Online TA,TA/TO,0,0,0,D,D,0,No Deposit,241.0,0,Transient,171.0,0,1
Resort Hotel,0,3,2017,August,31,4,0,2,2,0.0,0,BB,USA,Online TA,TA/TO,0,0,0,A,A,0,No Deposit,241.0,0,Transient,164.0,0,1
Resort Hotel,0,17,2017,July,30,29,2,6,2,0.0,0,HB,GBR,Offline TA/TO,TA/TO,0,0,0,E,E,1,No Deposit,531.0,0,Transient,183.65,0,1
Resort Hotel,0,3,2017,August,31,4,0,2,2,0.0,0,BB,PHL,Online TA,TA/TO,0,0,0,A,A,0,No Deposit,241.0,0,Transient,164.0,0,1
Resort Hotel,0,3,2017,August,31,4,0,2,2,0.0,0,BB,PHL,Online TA,TA/TO,0,0,0,A,A,0,No Deposit,241.0,0,Transient,164.0,0,1
Resort Hotel,0,161,2017,July,31,30,2,5,2,0.0,0,BB,CHE,Direct,Direct,0,0,0,F,F,0,No Deposit,250.0,0,Transient,239.0,1,1
Resort Hotel,0,0,2017,August,32,6,1,0,2,0.0,0,BB,GBR,Direct,TA/TO,1,0,0,A,A,0,No Deposit,,0,Transient,185.0,0,0
Resort Hotel,0,0,2017,August,31,5,1,1,2,0.0,0,BB,FRA,Online TA,TA/TO,0,0,0,D,D,1,No Deposit,240.0,0,Transient,244.0,1,2
Resort Hotel,0,206,2017,July,30,28,3,7,2,0.0,0,BB,IRL,Offline TA/TO,TA/TO,0,0,0,E,E,0,No Deposit,40.0,0,Transient,131.4,0,1
Resort Hotel,0,206,2017,July,30,28,3,7,2,0.0,0,BB,IRL,Offline TA/TO,TA/TO,0,0,0,E,E,0,No Deposit,40.0,0,Transient,133.4,0,1
Resort Hotel,0,24,2017,August,31,4,1,2,2,0.0,0,BB,GBR,Offline TA/TO,TA/TO,0,0,0,D,D,0,No Deposit,40.0,0,Contract,135.0,0,0
Resort Hotel,0,153,2017,August,31,3,1,3,2,0.0,0,BB,IRL,Online TA,TA/TO,0,0,0,E,E,0,No Deposit,242.0,0,Transient,230.0,0,2
Resort Hotel,0,185,2017,July,31,30,3,5,2,0.0,0,BB,ESP,Online TA,TA/TO,0,0,0,D,D,0,No Deposit,240.0,0,Transient,195.5,0,2
Resort Hotel,0,100,2017,August,31,2,1,4,2,0.0,0,FB,ESP,Online TA,TA/TO,0,0,0,A,A,0,No Deposit,175.0,0,Transient,232.0,0,0
Resort Hotel,0,91,2017,August,31,4,1,2,2,0.0,0,BB,PRT,Direct,Direct,0,0,0,A,A,2,No Deposit,250.0,0,Transient,230.67,0,1
Resort Hotel,0,351,2017,August,31,4,1,2,2,0.0,0,BB,FRA,Online TA,TA/TO,0,0,0,A,A,0,No Deposit,240.0,0,Transient,154.38,1,2
Resort Hotel,0,16,2017,August,31,4,1,2,2,0.0,0,BB,ESP,Online TA,TA/TO,0,0,0,A,A,0,No Deposit,240.0,0,Transient,223.67,0,3
Resort Hotel,0,113,2017,July,31,31,2,5,2,0.0,0,HB,PRT,Online TA,TA/TO,0,0,0,E,E,0,No Deposit,240.0,0,Transient,273.86,0,3
Resort Hotel,0,11,2017,August,31,2,1,4,2,0.0,0,BB,ESP,Direct,Direct,0,0,0,D,D,0,No Deposit,250.0,0,Transient,251.6,1,2
Resort Hotel,0,3,2017,August,32,6,1,0,2,0.0,0,BB,IRL,Online TA,TA/TO,0,0,0,D,D,0,No Deposit,241.0,0,Transient,151.99,0,1
Resort Hotel,0,19,2017,August,31,5,1,1,2,0.0,0,HB,ESP,Online TA,TA/TO,0,0,0,A,E,0,No Deposit,240.0,0,Transient,260.0,0,4
Resort Hotel,0,12,2017,August,31,1,1,5,2,0.0,0,BB,ISL,Online TA,TA/TO,0,0,0,A,A,0,No Deposit,240.0,0,Transient,210.67,0,2
Resort Hotel,0,15,2017,August,31,4,1,2,2,0.0,0,BB,AUS,Direct,Direct,0,0,0,A,A,0,No Deposit,250.0,0,Transient,207.33,0,1
Resort Hotel,0,4,2017,August,32,7,1,0,2,0.0,0,BB,AUS,Direct,Direct,0,0,0,D,D,0,No Deposit,250.0,0,Group,225.0,0,1
Resort Hotel,0,87,2017,August,31,3,1,3,2,0.0,0,BB,ESP,Online TA,TA/TO,0,0,0,A,A,0,No Deposit,240.0,0,Transient,244.0,0,2
Resort Hotel,0,17,2017,August,32,6,1,0,2,0.0,0,BB,PRT,Online TA,TA/TO,0,0,0,A,A,2,No Deposit,240.0,0,Transient-Party,199.0,0,1
Resort Hotel,0,17,2017,August,32,6,1,0,2,0.0,0,BB,PRT,Online TA,TA/TO,0,0,0,A,A,2,No Deposit,240.0,0,Transient-Party,199.0,0,0
Resort Hotel,0,17,2017,August,32,6,1,0,2,0.0,0,BB,PRT,Online TA,TA/TO,0,0,0,C,C,2,No Deposit,240.0,0,Transient,249.0,1,1
Resort Hotel,0,1,2017,August,32,6,1,0,2,0.0,0,BB,PRT,Online TA,TA/TO,0,0,0,A,A,0,No Deposit,241.0,0,Transient,144.4,0,1
Resort Hotel,0,1,2017,August,32,6,1,0,2,0.0,0,BB,PRT,Online TA,TA/TO,0,0,0,A,D,0,No Deposit,241.0,0,Transient,144.4,0,1
Resort Hotel,0,2,2017,August,32,6,1,0,2,0.0,0,BB,PRT,Online TA,TA/TO,0,0,0,A,A,0,No Deposit,240.0,0,Transient,230.0,0,3
Resort Hotel,0,191,2017,July,31,30,4,5,2,0.0,0,BB,PRT,Direct,Direct,0,0,0,A,A,0,No Deposit,250.0,0,Transient,160.08,1,0
Resort Hotel,0,150,2017,August,31,2,2,4,2,0.0,0,BB,ITA,Online TA,TA/TO,0,0,0,F,F,1,No Deposit,242.0,0,Transient,292.0,0,2
Resort Hotel,0,27,2017,August,32,6,2,0,2,0.0,0,BB,FRA,Direct,Direct,0,0,0,A,A,0,No Deposit,250.0,0,Transient,227.0,0,2
Resort Hotel,0,96,2017,July,30,25,4,10,2,0.0,0,BB,GBR,Offline TA/TO,TA/TO,0,0,0,D,D,0,No Deposit,40.0,0,Contract,135.0,0,1
Resort Hotel,0,3,2017,August,31,5,2,1,2,0.0,0,BB,GBR,Online TA,TA/TO,0,0,0,E,E,0,No Deposit,241.0,0,Transient,180.5,0,1
Resort Hotel,0,171,2017,August,31,1,2,5,2,0.0,0,HB,GBR,Offline TA/TO,TA/TO,0,0,0,A,A,1,No Deposit,40.0,0,Contract,132.85,0,0
Resort Hotel,0,22,2017,August,31,5,2,1,2,0.0,0,BB,CN,Online TA,TA/TO,0,0,0,A,A,1,No Deposit,508.0,0,Transient-Party,188.6,0,1
Resort Hotel,0,19,2017,August,31,4,2,2,2,0.0,0,BB,BRA,Online TA,TA/TO,0,0,0,A,A,0,No Deposit,241.0,0,Transient,175.14,1,1
Resort Hotel,0,202,2017,August,31,4,2,2,2,0.0,0,BB,ROU,Online TA,TA/TO,0,0,0,A,A,0,No Deposit,240.0,0,Transient,168.0,0,1
Resort Hotel,0,187,2017,August,31,1,2,5,2,0.0,0,HB,ROU,Online TA,TA/TO,0,0,0,E,E,1,No Deposit,5.0,0,Transient,190.97,0,1
Resort Hotel,0,280,2017,August,32,6,2,0,2,0.0,0,BB,FRA,Online TA,TA/TO,0,0,0,A,A,0,No Deposit,240.0,0,Transient,138.38,0,1
Resort Hotel,0,280,2017,August,32,6,2,0,2,0.0,0,BB,FRA,Online TA,TA/TO,0,0,0,A,A,0,No Deposit,240.0,0,Transient,152.38,0,1
Resort Hotel,0,23,2017,August,31,5,2,1,2,0.0,0,HB,ESP,Online TA,TA/TO,0,0,0,A,A,0,No Deposit,314.0,0,Transient,242.84,0,0
Resort Hotel,0,36,2017,August,31,4,2,2,2,0.0,0,BB,AUS,Online TA,TA/TO,0,0,0,A,A,0,No Deposit,240.0,0,Transient,239.75,0,2
Resort Hotel,0,191,2017,July,31,30,4,5,2,0.0,0,BB,CHE,Direct,Direct,0,0,0,F,I,0,No Deposit,250.0,0,Transient,189.2,0,1
Resort Hotel,0,106,2017,August,31,1,2,5,2,0.0,0,BB,GBR,Offline TA/TO,TA/TO,0,0,0,A,A,0,No Deposit,40.0,0,Contract,118.5,0,0
Resort Hotel,0,109,2017,August,31,4,2,2,2,0.0,0,BB,GBR,Online TA,TA/TO,0,0,0,D,D,0,No Deposit,240.0,0,Transient,266.0,0,2
Resort Hotel,0,1,2017,August,32,7,1,0,2,0.0,0,BB,DEU,Online TA,TA/TO,0,0,0,D,D,0,No Deposit,306.0,0,Transient,154.98,0,0
Resort Hotel,0,191,2017,July,31,30,4,5,2,0.0,0,BB,PRT,Direct,Direct,0,0,0,A,A,0,No Deposit,250.0,0,Transient,129.67,0,0
Resort Hotel,0,162,2017,August,31,1,2,5,2,0.0,0,BB,GBR,Offline TA/TO,TA/TO,0,0,0,A,A,0,No Deposit,26.0,0,Transient,134.86,0,0
Resort Hotel,0,235,2017,July,30,25,4,10,2,0.0,0,SC,BEL,Offline TA/TO,TA/TO,0,0,0,A,I,0,No Deposit,479.0,0,Transient,0.0,0,1
Resort Hotel,0,9,2017,August,32,6,2,0,2,0.0,0,BB,PRT,Direct,Direct,0,0,0,A,A,0,No Deposit,250.0,0,Transient,219.0,1,1
Resort Hotel,0,336,2017,August,31,1,2,5,2,0.0,0,HB,GBR,Offline TA/TO,TA/TO,0,0,0,E,F,1,No Deposit,177.0,0,Transient,180.8,0,0
Resort Hotel,0,231,2017,August,31,2,2,4,2,0.0,0,HB,ESP,Online TA,TA/TO,0,0,0,D,D,3,No Deposit,240.0,0,Transient,229.33,1,4
Resort Hotel,0,6,2017,August,32,6,2,0,2,0.0,0,HB,PRT,Direct,Direct,0,0,0,E,E,1,No Deposit,250.0,0,Transient,291.0,0,1
Resort Hotel,0,204,2017,August,31,3,2,4,2,0.0,0,BB,PRT,Online TA,TA/TO,0,0,0,A,A,0,No Deposit,240.0,0,Transient,165.63,0,1
Resort Hotel,0,220,2017,July,30,26,4,10,2,0.0,0,BB,CHE,Online TA,TA/TO,0,0,0,A,A,0,No Deposit,240.0,0,Transient,160.84,0,1
Resort Hotel,0,102,2017,August,31,2,2,5,2,0.0,0,HB,GBR,Offline TA/TO,TA/TO,0,0,0,A,A,0,No Deposit,40.0,0,Contract,148.5,0,0
Resort Hotel,0,165,2017,July,30,28,4,8,2,0.0,0,BB,PRT,Direct,Direct,0,0,0,D,D,0,No Deposit,250.0,0,Transient-Party,165.33,0,0
Resort Hotel,0,51,2017,August,31,2,2,5,2,0.0,0,HB,ESP,Direct,Direct,0,0,0,A,A,1,No Deposit,,0,Transient,235.0,0,2
Resort Hotel,0,165,2017,July,30,28,4,8,2,0.0,0,BB,PRT,Direct,Direct,0,0,0,D,D,0,No Deposit,250.0,0,Transient-Party,163.5,0,0
Resort Hotel,0,21,2017,August,31,2,2,5,2,0.0,0,BB,GBR,Offline TA/TO,TA/TO,0,0,0,D,D,0,No Deposit,40.0,0,Contract,121.5,0,2
Resort Hotel,0,85,2017,August,31,4,2,3,2,0.0,0,BB,ARG,Offline TA/TO,TA/TO,0,0,0,A,A,0,No Deposit,196.0,0,Transient,197.93,0,0
Resort Hotel,0,102,2017,August,32,7,1,1,2,0.0,0,BB,CHE,Online TA,TA/TO,0,0,0,A,E,0,No Deposit,241.0,0,Transient,184.0,0,1
Resort Hotel,0,14,2017,August,31,5,2,2,2,0.0,0,BB,AUS,Online TA,TA/TO,0,0,0,A,A,0,No Deposit,240.0,0,Transient,228.5,0,2
Resort Hotel,0,1,2017,August,32,8,0,1,2,0.0,0,BB,LUX,Direct,Direct,0,0,0,H,H,0,No Deposit,250.0,0,Transient,269.0,0,1
Resort Hotel,0,177,2017,August,31,5,2,2,2,0.0,0,BB,FRA,Online TA,TA/TO,0,0,0,E,E,0,No Deposit,240.0,0,Transient,218.0,0,3
Resort Hotel,0,43,2017,August,31,4,2,3,2,0.0,0,HB,ESP,Online TA,TA/TO,0,0,0,A,A,0,No Deposit,240.0,0,Transient,257.0,0,3
Resort Hotel,0,24,2017,August,31,5,2,2,2,0.0,0,BB,PRT,Online TA,TA/TO,0,0,0,D,D,0,No Deposit,240.0,0,Transient,264.0,1,4
Resort Hotel,0,143,2017,August,31,3,2,5,2,0.0,0,Undefined,GBR,Offline TA/TO,TA/TO,0,0,0,D,D,0,No Deposit,40.0,0,Contract,175.5,0,1
Resort Hotel,0,121,2017,August,31,3,2,5,2,0.0,0,BB,GBR,Offline TA/TO,TA/TO,0,0,0,D,D,0,No Deposit,40.0,0,Contract,135.0,0,0
Resort Hotel,0,326,2017,August,32,7,1,2,2,0.0,0,BB,FRA,Online TA,TA/TO,0,0,0,F,F,1,No Deposit,242.0,0,Transient,197.6,0,2
Resort Hotel,0,163,2017,July,30,27,4,10,2,0.0,0,BB,GBR,Offline TA/TO,TA/TO,0,0,0,A,A,0,No Deposit,40.0,0,Contract,106.86,0,0
Resort Hotel,0,3,2017,August,32,7,1,2,2,0.0,0,BB,ESP,Online TA,TA/TO,0,0,0,A,A,0,No Deposit,240.0,0,Transient,230.0,0,2
Resort Hotel,0,122,2017,August,31,3,2,5,2,0.0,0,HB,ROU,Offline TA/TO,TA/TO,0,0,0,D,D,0,No Deposit,40.0,0,Contract,165.0,0,0
Resort Hotel,0,179,2017,August,31,3,2,5,2,0.0,0,BB,PRT,Online TA,TA/TO,0,0,0,E,E,1,No Deposit,240.0,0,Transient,212.29,0,2
Resort Hotel,0,183,2017,August,32,9,0,1,2,0.0,0,BB,PRT,Offline TA/TO,TA/TO,0,0,0,D,E,0,No Deposit,,0,Transient-Party,141.0,0,1
Resort Hotel,0,183,2017,August,32,9,0,1,2,0.0,0,BB,PRT,Offline TA/TO,TA/TO,0,0,0,D,E,0,No Deposit,,0,Transient-Party,141.0,0,1
Resort Hotel,0,32,2017,August,31,5,2,3,2,0.0,0,HB,ESP,Online TA,TA/TO,0,0,0,A,A,0,No Deposit,240.0,0,Transient,276.0,0,2
Resort Hotel,0,15,2017,August,32,7,1,2,2,0.0,0,BB,PRT,Online TA,TA/TO,0,0,0,A,I,0,No Deposit,240.0,0,Transient,231.67,0,2
Resort Hotel,0,5,2017,August,32,10,0,1,2,0.0,0,BB,PRT,Online TA,TA/TO,0,0,0,A,A,0,No Deposit,240.0,0,Transient,244.0,0,2
Resort Hotel,0,240,2017,August,32,6,2,2,2,0.0,0,BB,CN,Offline TA/TO,TA/TO,0,0,0,A,A,0,No Deposit,410.0,0,Transient-Party,118.0,0,1
Resort Hotel,0,0,2017,August,32,9,0,1,2,0.0,0,BB,PRT,Direct,Direct,0,0,0,A,A,0,No Deposit,,0,Transient,244.0,1,0
Resort Hotel,0,180,2017,August,32,7,1,2,2,0.0,0,BB,CN,Online TA,TA/TO,0,0,0,A,B,0,No Deposit,241.0,0,Transient,140.6,0,1
Resort Hotel,0,171,2017,August,31,1,2,7,2,0.0,0,BB,PRT,Online TA,TA/TO,0,0,0,D,D,0,No Deposit,240.0,0,Transient,191.11,0,2
Resort Hotel,0,121,2017,August,31,5,2,3,2,0.0,0,BB,GEO,Online TA,TA/TO,0,0,0,D,D,0,No Deposit,240.0,0,Transient-Party,239.0,0,1
Resort Hotel,0,121,2017,August,31,5,2,3,2,0.0,0,BB,GEO,Online TA,TA/TO,0,0,0,D,D,0,No Deposit,240.0,0,Transient-Party,239.0,0,1
Resort Hotel,0,121,2017,August,31,5,2,3,2,0.0,0,BB,GEO,Online TA,TA/TO,0,0,0,D,D,0,No Deposit,240.0,0,Transient-Party,239.0,0,1
Resort Hotel,0,3,2017,August,32,9,0,1,2,0.0,0,HB,ESP,Online TA,TA/TO,0,0,0,D,D,0,No Deposit,240.0,0,Transient,282.0,0,2
Resort Hotel,0,1,2017,August,32,10,0,1,2,0.0,0,BB,ESP,Direct,TA/TO,0,0,0,D,D,0,No Deposit,,0,Transient,205.0,0,2
Resort Hotel,0,27,2017,August,32,8,0,2,2,0.0,0,BB,USA,Online TA,TA/TO,0,0,0,D,D,0,No Deposit,241.0,0,Transient,202.0,0,1
Resort Hotel,0,17,2017,August,32,8,0,3,2,0.0,0,BB,GBR,Offline TA/TO,TA/TO,0,0,0,A,A,0,No Deposit,40.0,0,Group,116.5,0,0
Resort Hotel,0,119,2017,August,31,1,2,8,2,0.0,0,BB,GBR,Offline TA/TO,TA/TO,0,0,0,D,D,0,No Deposit,40.0,0,Contract,137.0,0,0
Resort Hotel,0,307,2017,August,31,5,2,4,2,0.0,0,BB,PRT,Online TA,TA/TO,0,0,0,D,D,0,No Deposit,240.0,0,Transient,168.6,1,2
Resort Hotel,0,301,2017,July,30,25,4,13,2,0.0,0,HB,DEU,Online TA,TA/TO,0,0,0,A,A,0,No Deposit,240.0,0,Transient-Party,179.06,0,2
Resort Hotel,0,301,2017,July,30,25,4,13,2,0.0,0,HB,DEU,Online TA,TA/TO,0,0,0,A,A,0,No Deposit,240.0,0,Transient-Party,169.06,0,2
Resort Hotel,0,48,2017,August,32,7,1,3,2,0.0,0,HB,OMN,Offline TA/TO,TA/TO,0,0,0,A,A,0,No Deposit,26.0,0,Transient-Party,216.84,0,0
Resort Hotel,0,48,2017,August,32,7,1,3,2,0.0,0,HB,GBR,Offline TA/TO,TA/TO,0,0,0,A,A,0,No Deposit,26.0,0,Transient-Party,214.84,0,0
Resort Hotel,0,0,2017,August,32,10,0,1,2,0.0,0,BB,PRT,Direct,Direct,0,0,0,D,D,0,No Deposit,,0,Transient,180.0,0,1
Resort Hotel,0,131,2017,August,32,7,1,3,2,0.0,0,BB,FRA,Online TA,TA/TO,0,0,0,E,E,0,No Deposit,240.0,0,Transient,266.0,0,2
Resort Hotel,0,42,2017,August,31,4,2,5,2,0.0,0,BB,BRA,Online TA,TA/TO,0,0,0,D,D,0,No Deposit,5.0,0,Transient-Party,197.14,0,0
Resort Hotel,0,0,2017,August,32,10,0,1,2,0.0,0,BB,RUS,Direct,Direct,0,0,0,D,D,0,No Deposit,,0,Transient,194.0,1,0
Resort Hotel,0,208,2017,August,32,8,0,3,2,0.0,0,BB,FRA,Online TA,TA/TO,0,0,0,E,G,3,No Deposit,240.0,0,Transient,206.0,0,2
Resort Hotel,0,2,2017,August,32,10,0,1,2,0.0,0,BB,PRT,Direct,Direct,0,0,0,D,D,0,No Deposit,,0,Transient,205.0,0,1
Resort Hotel,0,2,2017,August,32,10,0,1,2,0.0,0,BB,PRT,Direct,Direct,0,0,0,E,E,0,No Deposit,,0,Transient,241.0,0,1
Resort Hotel,0,25,2017,August,32,6,2,3,2,0.0,0,HB,PRT,Offline TA/TO,TA/TO,0,0,0,D,D,0,No Deposit,196.0,0,Transient,254.31,0,0
Resort Hotel,0,43,2017,August,32,7,1,3,2,0.0,0,HB,PRT,Online TA,TA/TO,0,0,0,D,D,0,No Deposit,240.0,0,Transient,296.0,0,2
Resort Hotel,0,3,2017,August,32,6,2,3,2,0.0,0,BB,PRT,Online TA,TA/TO,0,0,0,D,D,0,No Deposit,240.0,0,Transient,224.0,0,2
Resort Hotel,0,305,2017,August,31,5,2,5,2,0.0,0,HB,GBR,Offline TA/TO,TA/TO,0,0,0,A,A,0,No Deposit,143.0,0,Transient,132.85,0,0
Resort Hotel,0,207,2017,August,32,8,0,4,2,0.0,0,HB,ESP,Online TA,TA/TO,0,0,0,E,E,0,No Deposit,240.0,0,Transient,250.0,0,2
Resort Hotel,0,218,2017,August,31,5,2,5,2,0.0,0,HB,ESP,Offline TA/TO,TA/TO,0,0,0,A,A,1,No Deposit,171.0,0,Transient,135.9,0,1
Resort Hotel,0,204,2017,August,32,10,0,2,2,0.0,0,BB,DEU,Online TA,TA/TO,0,0,0,D,F,0,No Deposit,240.0,0,Transient,202.0,1,3
Resort Hotel,0,152,2017,August,32,7,1,4,2,0.0,0,BB,CHE,Online TA,TA/TO,0,0,0,D,D,0,No Deposit,240.0,0,Transient,220.0,0,2
Resort Hotel,0,14,2017,August,32,9,0,3,2,0.0,0,HB,ESP,Online TA,TA/TO,0,0,0,A,A,0,No Deposit,240.0,0,Transient,241.0,0,2
Resort Hotel,0,166,2017,August,32,8,0,4,2,0.0,0,BB,PRT,Direct,Direct,0,0,0,E,E,0,No Deposit,250.0,0,Transient,213.0,0,1
Resort Hotel,0,167,2017,August,32,8,0,4,2,0.0,0,BB,PRT,Direct,Direct,0,0,0,D,D,0,No Deposit,250.0,0,Transient,209.0,1,3
Resort Hotel,0,33,2017,August,32,10,0,2,2,0.0,0,BB,ESP,Online TA,TA/TO,0,0,0,A,G,0,No Deposit,241.0,0,Transient,179.59,1,1
Resort Hotel,0,187,2017,July,30,29,4,10,2,0.0,0,BB,GBR,Offline TA/TO,TA/TO,0,0,0,D,D,0,No Deposit,143.0,0,Transient,123.5,0,0
Resort Hotel,0,190,2017,August,31,2,2,8,2,0.0,0,HB,GBR,Offline TA/TO,TA/TO,0,0,0,E,E,0,No Deposit,40.0,0,Transient,161.4,0,0
Resort Hotel,0,190,2017,August,31,2,2,8,2,0.0,0,HB,GBR,Offline TA/TO,TA/TO,0,0,0,E,E,0,No Deposit,40.0,0,Contract,161.4,0,0
Resort Hotel,0,93,2017,August,32,8,0,4,2,0.0,0,BB,CN,Online TA,TA/TO,0,0,0,A,A,0,No Deposit,241.0,0,Transient,184.0,0,1
Resort Hotel,0,173,2017,July,31,31,3,9,2,0.0,0,BB,PRT,Online TA,TA/TO,0,0,0,E,E,0,No Deposit,240.0,0,Transient,223.67,0,2
Resort Hotel,0,24,2017,August,31,5,2,5,2,0.0,0,BB,GBR,Offline TA/TO,TA/TO,0,0,0,D,D,0,No Deposit,40.0,0,Contract,121.5,0,2
Resort Hotel,0,36,2017,August,32,9,0,3,2,0.0,0,BB,PRT,Online TA,TA/TO,0,0,0,A,A,0,No Deposit,240.0,0,Transient,244.0,0,2
Resort Hotel,0,3,2017,August,32,10,0,2,2,0.0,0,BB,PRT,Online TA,TA/TO,0,0,0,D,D,0,No Deposit,240.0,0,Transient,240.0,0,3
Resort Hotel,0,15,2017,August,32,6,2,4,2,0.0,0,BB,ESP,Online TA,TA/TO,0,0,0,A,A,0,No Deposit,240.0,0,Transient,214.0,0,3
Resort Hotel,0,33,2017,August,32,7,1,4,2,0.0,0,BB,ESP,Online TA,TA/TO,0,0,0,A,A,0,No Deposit,240.0,0,Transient,244.0,0,2
Resort Hotel,0,0,2017,August,32,11,0,1,2,0.0,0,BB,PRT,Online TA,TA/TO,1,0,0,A,A,0,No Deposit,240.0,0,Transient,190.0,0,1
Resort Hotel,0,23,2017,August,32,11,0,1,2,0.0,0,HB,GBR,Online TA,TA/TO,0,0,0,A,A,0,No Deposit,240.0,0,Transient,241.0,0,2
Resort Hotel,0,12,2017,August,32,11,0,2,2,0.0,0,BB,GBR,Online TA,TA/TO,0,0,0,A,A,0,No Deposit,241.0,0,Transient,168.0,0,1
Resort Hotel,0,269,2017,July,31,30,4,10,2,0.0,0,BB,GBR,Offline TA/TO,TA/TO,0,0,0,A,A,0,No Deposit,243.0,0,Contract,106.85,0,0
Resort Hotel,0,46,2017,August,32,8,0,5,2,0.0,0,BB,GBR,Online TA,TA/TO,0,0,0,A,A,1,No Deposit,508.0,0,Transient-Party,188.0,0,3
Resort Hotel,0,331,2017,August,32,12,2,5,2,0.0,0,HB,GBR,Offline TA/TO,TA/TO,0,0,0,E,E,2,No Deposit,143.0,0,Transient,174.4,0,2
Resort Hotel,0,51,2017,August,32,12,0,1,2,0.0,0,BB,CHL,Online TA,TA/TO,0,0,0,E,G,0,No Deposit,240.0,0,Transient,284.0,1,2
Resort Hotel,0,22,2017,August,31,3,2,8,2,0.0,0,HB,GBR,Offline TA/TO,TA/TO,0,0,0,E,E,0,No Deposit,40.0,0,Group,161.4,0,2
Resort Hotel,0,153,2017,August,32,6,2,5,2,0.0,0,BB,GBR,Offline TA/TO,TA/TO,0,0,0,D,D,0,No Deposit,40.0,0,Contract,121.5,0,0
Resort Hotel,0,189,2017,August,31,3,2,8,2,0.0,0,HB,ESP,Online TA,TA/TO,0,0,0,D,D,1,No Deposit,314.0,0,Transient-Party,163.08,0,0
Resort Hotel,0,189,2017,August,31,3,2,8,2,0.0,0,HB,ESP,Online TA,TA/TO,0,0,0,D,D,1,No Deposit,314.0,0,Transient-Party,167.28,0,0
Resort Hotel,0,38,2017,August,32,6,2,5,2,0.0,0,HB,ESP,Direct,Direct,0,0,0,A,A,0,No Deposit,250.0,0,Transient,271.0,1,1
Resort Hotel,0,188,2017,August,31,3,2,8,2,0.0,0,BB,FRA,Online TA,TA/TO,0,0,0,A,A,0,No Deposit,240.0,0,Transient,169.0,0,1
Resort Hotel,0,62,2017,August,32,7,1,5,2,0.0,0,BB,FRA,Direct,Direct,0,0,0,E,E,0,No Deposit,250.0,0,Transient,290.67,0,0
Resort Hotel,0,0,2017,August,32,12,0,1,2,0.0,0,BB,PRT,Direct,Direct,0,0,0,D,D,0,No Deposit,,0,Transient,214.0,1,0
Resort Hotel,0,188,2017,August,31,3,2,8,2,0.0,0,BB,FRA,Online TA,TA/TO,0,0,0,A,A,0,No Deposit,240.0,0,Transient,169.0,0,1
Resort Hotel,0,255,2017,August,32,6,2,5,2,0.0,0,HB,PRT,Direct,Direct,0,0,0,A,A,1,No Deposit,250.0,0,Transient,179.81,0,0
Resort Hotel,0,291,2017,August,32,7,1,5,2,0.0,0,BB,ESP,Online TA,TA/TO,0,0,0,A,A,2,No Deposit,240.0,0,Transient,138.38,0,1
Resort Hotel,0,291,2017,August,32,7,1,5,2,0.0,0,BB,ESP,Online TA,TA/TO,0,0,0,A,A,2,No Deposit,240.0,0,Transient,154.38,0,1
Resort Hotel,0,188,2017,August,31,5,2,6,2,0.0,0,HB,ITA,Online TA,TA/TO,0,0,0,A,A,0,No Deposit,240.0,0,Transient,212.0,0,2
Resort Hotel,0,136,2017,August,32,8,0,5,2,0.0,0,HB,HUN,Online TA,TA/TO,0,0,0,D,D,0,No Deposit,240.0,0,Transient,252.0,0,4
Resort Hotel,0,185,2017,August,32,6,2,5,2,0.0,0,HB,PRT,Offline TA/TO,TA/TO,0,0,0,D,D,2,No Deposit,181.0,0,Transient,174.0,0,0
Resort Hotel,0,25,2017,August,32,6,2,5,2,0.0,0,BB,GBR,Offline TA/TO,TA/TO,0,0,0,D,D,0,No Deposit,40.0,0,Group,121.5,0,2
Resort Hotel,0,191,2017,August,32,9,0,4,2,0.0,0,BB,CN,Direct,Direct,0,0,0,A,A,0,No Deposit,250.0,0,Transient,162.0,0,0
Resort Hotel,0,30,2017,August,32,8,0,5,2,0.0,0,BB,ESP,Online TA,TA/TO,0,0,0,A,A,0,No Deposit,242.0,0,Transient,230.0,0,2
Resort Hotel,0,194,2017,August,32,8,0,5,2,0.0,0,BB,GBR,Direct,Direct,0,0,0,F,F,3,No Deposit,250.0,0,Transient,210.0,1,3
Resort Hotel,0,33,2017,August,32,8,0,5,2,0.0,0,HB,BRA,Online TA,TA/TO,0,0,0,A,A,2,No Deposit,241.0,0,Transient,196.0,0,2
Resort Hotel,0,176,2017,August,32,8,0,5,2,0.0,0,BB,PRT,Direct,Direct,0,0,0,D,D,2,No Deposit,250.0,0,Transient,211.0,1,4
Resort Hotel,0,327,2017,August,31,4,2,7,2,0.0,0,BB,PRT,Online TA,TA/TO,0,0,0,E,E,0,No Deposit,240.0,0,Transient,174.8,0,1
Resort Hotel,0,286,2017,August,32,7,2,5,2,0.0,0,HB,POL,Offline TA/TO,TA/TO,0,0,0,A,A,0,No Deposit,315.0,0,Contract,130.06,0,1
Resort Hotel,0,27,2017,August,33,13,1,0,2,0.0,0,BB,USA,Online TA,TA/TO,0,0,0,A,C,0,No Deposit,241.0,0,Transient,181.2,1,2
Resort Hotel,0,15,2017,August,32,11,1,2,2,0.0,0,BB,GBR,Offline TA/TO,TA/TO,0,0,0,D,E,0,No Deposit,40.0,0,Contract,137.0,0,0
Resort Hotel,0,3,2017,August,32,12,1,1,2,0.0,0,HB,GBR,Direct,Direct,0,0,0,D,D,1,No Deposit,250.0,0,Transient,283.0,1,1
Resort Hotel,0,84,2017,August,32,8,1,5,2,0.0,0,BB,PRT,Online TA,TA/TO,0,0,0,A,A,0,No Deposit,240.0,0,Transient,230.0,0,2
Resort Hotel,0,191,2017,August,32,6,3,5,2,0.0,0,Undefined,PRT,Online TA,TA/TO,0,0,0,D,D,2,No Deposit,196.0,0,Transient,196.0,1,0
Resort Hotel,0,43,2017,August,32,7,2,5,2,0.0,0,BB,ESP,Online TA,TA/TO,0,0,0,E,E,0,No Deposit,240.0,0,Transient,270.0,0,2
Resort Hotel,0,195,2017,August,32,7,2,5,2,0.0,0,HB,POL,Offline TA/TO,TA/TO,0,0,0,E,E,0,No Deposit,315.0,0,Contract,158.6,0,0
Resort Hotel,0,11,2017,August,32,10,1,3,2,0.0,0,BB,IRL,Direct,Direct,0,0,0,A,A,0,No Deposit,250.0,0,Transient,204.75,0,1
Resort Hotel,0,87,2017,August,32,11,1,2,2,0.0,0,BB,ESP,Online TA,TA/TO,0,0,0,A,A,0,No Deposit,240.0,0,Transient,230.0,0,2
Resort Hotel,0,28,2017,August,32,7,2,5,2,0.0,0,BB,ESP,Online TA,TA/TO,0,0,0,A,A,0,No Deposit,240.0,0,Transient,244.0,0,2
Resort Hotel,0,239,2017,August,32,9,1,4,2,0.0,0,BB,CN,Direct,Direct,0,0,0,D,D,0,No Deposit,250.0,0,Transient,183.2,0,1
Resort Hotel,0,0,2017,August,33,13,1,0,2,0.0,0,BB,PRT,Direct,Direct,0,0,0,A,A,0,No Deposit,,0,Transient,185.0,0,0
Resort Hotel,0,37,2017,August,32,10,1,3,2,0.0,0,BB,CN,Online TA,TA/TO,0,0,0,A,A,0,No Deposit,314.0,0,Transient,190.1,0,0
Resort Hotel,0,45,2017,August,32,9,1,4,2,0.0,0,BB,CHE,Online TA,TA/TO,0,0,0,A,A,0,No Deposit,240.0,0,Transient,244.0,0,1
Resort Hotel,0,45,2017,August,32,10,1,3,2,0.0,0,HB,ESP,Online TA,TA/TO,0,0,0,A,B,1,No Deposit,240.0,0,Transient,276.0,0,1
Resort Hotel,0,12,2017,August,32,11,1,2,2,0.0,0,BB,IRL,Online TA,TA/TO,0,0,0,A,A,0,No Deposit,241.0,0,Transient,167.73,0,1
Resort Hotel,0,26,2017,August,32,7,2,5,2,0.0,0,BB,GBR,Offline TA/TO,TA/TO,0,0,0,D,D,0,No Deposit,40.0,0,Group,114.76,0,2
Resort Hotel,0,1,2017,August,33,13,1,0,2,0.0,0,BB,AUS,Online TA,TA/TO,0,0,0,A,A,0,No Deposit,241.0,0,Transient,136.8,0,1
Resort Hotel,0,190,2017,August,32,8,2,5,2,0.0,0,HB,GBR,Offline TA/TO,TA/TO,0,0,0,A,A,1,No Deposit,40.0,0,Contract,134.85,0,0
Resort Hotel,0,0,2017,August,32,9,2,4,2,0.0,0,BB,NOR,Direct,Direct,0,0,0,A,A,0,No Deposit,,0,Transient,192.0,0,0
Resort Hotel,0,119,2017,August,31,5,4,6,2,0.0,0,BB,IRL,Offline TA/TO,TA/TO,0,0,0,A,A,0,No Deposit,40.0,0,Contract,118.3,0,0
Resort Hotel,0,132,2017,August,32,11,2,2,2,0.0,0,BB,GBR,Offline TA/TO,TA/TO,0,0,0,D,D,0,No Deposit,40.0,0,Contract,135.0,0,0
Resort Hotel,0,132,2017,August,32,11,2,2,2,0.0,0,BB,GBR,Offline TA/TO,TA/TO,0,0,0,D,D,0,No Deposit,40.0,0,Contract,135.0,0,0
Resort Hotel,0,60,2017,August,32,12,2,1,2,0.0,0,BB,PRT,Direct,Direct,0,0,0,A,A,0,No Deposit,250.0,0,Transient,239.0,1,2
Resort Hotel,0,60,2017,August,32,12,2,1,2,0.0,0,BB,PRT,Direct,Direct,0,0,0,A,A,0,No Deposit,250.0,0,Transient,225.0,0,3
Resort Hotel,0,197,2017,August,31,5,4,6,2,0.0,0,BB,PRT,Online TA,TA/TO,0,0,0,A,A,0,No Deposit,240.0,0,Transient,168.0,0,0
Resort Hotel,0,209,2017,August,32,12,2,1,2,0.0,0,BB,PRT,Online TA,TA/TO,0,0,0,D,F,0,No Deposit,240.0,0,Transient,202.0,0,2
Resort Hotel,0,5,2017,August,33,13,2,0,2,0.0,0,BB,FRA,Online TA,TA/TO,0,0,0,A,A,0,No Deposit,240.0,0,Transient,210.0,0,1
Resort Hotel,0,0,2017,August,33,15,0,1,2,0.0,0,BB,FRA,Direct,TA/TO,1,0,0,A,A,0,No Deposit,,0,Transient,174.0,0,1
Resort Hotel,0,49,2017,August,33,13,2,0,2,0.0,0,BB,PRT,Online TA,TA/TO,0,0,0,A,A,0,No Deposit,241.0,0,Transient,198.0,0,1
Resort Hotel,0,191,2017,August,32,9,2,4,2,0.0,0,BB,CN,Direct,Direct,0,0,0,A,A,0,No Deposit,250.0,0,Transient,162.0,0,0
Resort Hotel,0,155,2017,August,32,11,2,2,2,0.0,0,HB,PRT,Direct,Direct,0,0,0,D,D,1,No Deposit,250.0,0,Transient-Party,225.5,0,1
Resort Hotel,0,0,2017,August,33,14,1,0,2,0.0,0,BB,PRT,Direct,Direct,0,0,0,A,B,0,No Deposit,250.0,0,Transient,225.0,0,0
Resort Hotel,0,286,2017,August,32,10,2,3,2,0.0,0,BB,GBR,Online TA,TA/TO,0,0,0,A,A,0,No Deposit,241.0,0,Transient,101.22,0,1
Resort Hotel,0,172,2017,August,32,6,4,5,2,0.0,0,HB,GBR,Offline TA/TO,TA/TO,0,0,0,D,D,0,No Deposit,40.0,0,Contract,153.5,0,0
Resort Hotel,0,0,2017,August,33,13,2,0,2,0.0,0,BB,PRT,Online TA,TA/TO,0,0,0,A,A,0,No Deposit,240.0,0,Transient,210.0,0,1
Resort Hotel,0,0,2017,August,33,14,1,0,2,0.0,0,BB,PRT,Direct,Direct,0,0,0,A,A,0,No Deposit,,0,Transient,180.0,0,0
Resort Hotel,0,286,2017,August,32,7,3,6,2,0.0,0,BB,FRA,Direct,Direct,0,0,0,E,E,2,No Deposit,250.0,0,Transient,157.52,0,1
Resort Hotel,0,67,2017,August,32,11,2,3,2,0.0,0,HB,GBR,Offline TA/TO,TA/TO,0,0,0,D,D,0,No Deposit,40.0,0,Contract,165.0,0,0
Resort Hotel,0,280,2017,August,32,8,2,6,2,0.0,0,HB,ESP,Online TA,TA/TO,0,0,0,D,D,1,No Deposit,314.0,0,Transient,150.48,0,0
Resort Hotel,0,2,2017,August,33,15,0,1,2,0.0,0,BB,FRA,Online TA,TA/TO,0,0,0,A,A,0,No Deposit,240.0,0,Transient,190.0,0,2
Resort Hotel,0,1,2017,August,33,15,0,1,2,0.0,0,BB,PRT,Online TA,TA/TO,0,0,0,A,A,0,No Deposit,241.0,0,Transient,103.2,0,2
Resort Hotel,0,1,2017,August,33,15,0,1,2,0.0,0,BB,PRT,Online TA,TA/TO,0,0,0,A,A,0,No Deposit,241.0,0,Transient,103.2,0,2
Resort Hotel,0,255,2017,August,31,4,4,8,2,0.0,0,BB,PRT,Offline TA/TO,TA/TO,0,0,0,E,E,0,No Deposit,6.0,0,Transient,151.1,0,0
Resort Hotel,0,0,2017,August,33,15,0,1,2,0.0,0,BB,PRT,Online TA,TA/TO,0,0,0,A,A,0,No Deposit,240.0,0,Transient,161.1,0,1
Resort Hotel,0,0,2017,August,33,15,0,1,2,0.0,0,BB,ESP,Direct,Direct,0,0,0,D,D,0,No Deposit,,0,Transient,194.0,0,0
Resort Hotel,0,0,2017,August,33,15,0,1,2,0.0,0,BB,ESP,Direct,Direct,0,0,0,D,D,0,No Deposit,,0,Transient,194.0,0,0
Resort Hotel,0,0,2017,August,33,15,0,1,2,0.0,0,BB,ESP,Direct,Direct,0,0,0,D,D,0,No Deposit,,0,Transient,194.0,0,0
Resort Hotel,0,39,2017,August,33,14,1,1,2,0.0,0,BB,PRT,Online TA,TA/TO,0,0,0,D,D,0,No Deposit,242.0,0,Transient,250.0,0,2
Resort Hotel,0,0,2017,August,33,15,0,1,2,0.0,0,BB,ESP,Online TA,TA/TO,0,0,0,A,A,0,No Deposit,240.0,0,Transient,161.1,1,1
Resort Hotel,0,201,2017,August,31,5,4,7,2,0.0,0,BB,IRL,Direct,Direct,0,0,0,F,F,0,No Deposit,250.0,0,Transient-Party,198.2,0,2
Resort Hotel,0,201,2017,August,31,5,4,7,2,0.0,0,BB,IRL,Direct,Direct,0,0,0,F,F,2,No Deposit,250.0,0,Transient-Party,221.2,0,2
Resort Hotel,0,116,2017,August,32,12,2,2,2,0.0,0,BB,FIN,Online TA,TA/TO,0,0,0,A,A,0,No Deposit,242.0,0,Transient,230.0,0,2
Resort Hotel,0,194,2017,August,33,13,2,1,2,0.0,0,HB,CN,Offline TA/TO,TA/TO,0,0,0,E,E,0,No Deposit,8.0,0,Transient,165.8,0,0
Resort Hotel,0,1,2017,August,33,15,0,1,2,0.0,0,BB,MAR,Online TA,TA/TO,0,0,0,A,A,0,No Deposit,240.0,0,Transient-Party,143.0,0,2
Resort Hotel,0,0,2017,August,33,15,0,1,2,0.0,0,BB,FRA,Online TA,TA/TO,0,0,0,D,D,0,No Deposit,306.0,0,Transient,131.2,0,0
Resort Hotel,0,1,2017,August,33,15,0,1,2,0.0,0,BB,MAR,Online TA,TA/TO,0,0,0,A,A,0,No Deposit,240.0,0,Transient-Party,129.0,0,2
Resort Hotel,0,204,2017,August,33,16,0,0,2,0.0,0,BB,PRT,Direct,Direct,0,0,0,A,I,0,No Deposit,,0,Transient,0.0,0,0
Resort Hotel,0,66,2017,August,32,10,2,5,2,0.0,0,BB,GBR,Offline TA/TO,TA/TO,0,0,0,A,A,0,No Deposit,40.0,0,Contract,116.5,0,1
Resort Hotel,0,195,2017,August,32,7,3,7,2,0.0,0,FB,PRT,Offline TA/TO,TA/TO,0,0,0,D,D,2,No Deposit,261.0,0,Transient,139.1,1,0
Resort Hotel,0,160,2017,August,32,7,3,7,2,0.0,0,HB,GBR,Offline TA/TO,TA/TO,0,0,0,D,A,1,No Deposit,40.0,0,Contract,153.5,0,2
Resort Hotel,0,220,2017,August,32,10,2,5,2,0.0,0,BB,PRT,Direct,Direct,0,0,0,A,A,0,No Deposit,250.0,0,Transient,134.43,0,0
Resort Hotel,0,273,2017,August,32,7,3,7,2,0.0,0,HB,FRA,Direct,Direct,0,0,0,E,E,0,No Deposit,,0,Transient-Party,214.8,1,1
Resort Hotel,0,188,2017,August,32,12,2,3,2,0.0,0,BB,CHE,Online TA,TA/TO,0,0,0,E,G,0,No Deposit,240.0,0,Transient,210.0,0,3
Resort Hotel,0,78,2017,August,33,15,0,2,2,0.0,0,BB,BRA,Online TA,TA/TO,0,0,0,F,F,0,No Deposit,241.0,0,Transient,232.0,0,1
Resort Hotel,0,78,2017,August,33,15,0,2,2,0.0,0,BB,PRT,Online TA,TA/TO,0,0,0,F,F,0,No Deposit,241.0,0,Transient,232.0,0,1
Resort Hotel,0,197,2017,August,33,13,2,2,2,0.0,0,BB,FRA,Offline TA/TO,TA/TO,0,0,0,A,A,0,No Deposit,177.0,0,Transient-Party,110.7,0,0
Resort Hotel,0,197,2017,August,33,13,2,2,2,0.0,0,BB,FRA,Offline TA/TO,TA/TO,0,0,0,A,A,0,No Deposit,177.0,0,Transient-Party,110.7,0,0
Resort Hotel,0,197,2017,August,33,13,2,2,2,0.0,0,BB,FRA,Offline TA/TO,TA/TO,0,0,0,A,A,0,No Deposit,177.0,0,Transient-Party,124.7,0,0
Resort Hotel,0,197,2017,August,33,13,2,2,2,0.0,0,BB,FRA,Offline TA/TO,TA/TO,0,0,0,A,A,0,No Deposit,177.0,0,Transient-Party,110.7,0,0
Resort Hotel,0,26,2017,August,32,7,3,7,2,0.0,0,HB,GBR,Offline TA/TO,TA/TO,0,0,0,D,D,0,No Deposit,40.0,0,Contract,151.3,0,2
Resort Hotel,0,315,2017,August,33,14,1,2,2,0.0,0,BB,JPN,Online TA,TA/TO,0,0,0,E,G,0,No Deposit,240.0,0,Transient,172.8,0,3
Resort Hotel,0,97,2017,August,32,11,2,4,2,0.0,0,BB,ESP,Online TA,TA/TO,0,0,0,A,A,2,No Deposit,240.0,0,Transient-Party,230.0,0,3
Resort Hotel,0,97,2017,August,32,11,2,4,2,0.0,0,BB,ESP,Online TA,TA/TO,0,0,0,A,A,2,No Deposit,240.0,0,Transient-Party,230.0,0,3
Resort Hotel,0,44,2017,August,32,10,2,5,2,0.0,0,HB,ESP,Online TA,TA/TO,0,0,0,A,A,0,No Deposit,196.0,0,Transient-Party,262.0,0,0
Resort Hotel,0,85,2017,August,32,10,2,5,2,0.0,0,HB,PRT,Online TA,TA/TO,0,0,0,A,A,1,No Deposit,314.0,0,Transient,232.6,0,0
Resort Hotel,0,85,2017,August,32,10,2,5,2,0.0,0,HB,ESP,Online TA,TA/TO,0,0,0,A,A,1,No Deposit,314.0,0,Transient,218.6,0,0
Resort Hotel,0,212,2017,August,32,11,2,4,2,0.0,0,BB,USA,Online TA,TA/TO,0,0,0,E,E,1,No Deposit,240.0,0,Transient,203.67,0,4
Resort Hotel,0,212,2017,August,32,11,2,4,2,0.0,0,BB,USA,Online TA,TA/TO,0,0,0,E,E,1,No Deposit,240.0,0,Transient,203.67,0,4
Resort Hotel,0,212,2017,August,32,11,2,4,2,0.0,0,BB,USA,Online TA,TA/TO,0,0,0,E,E,1,No Deposit,240.0,0,Transient,217.67,0,4
Resort Hotel,0,217,2017,August,32,11,2,4,2,0.0,0,BB,PRT,Online TA,TA/TO,0,0,0,D,D,0,No Deposit,240.0,0,Transient,199.67,0,2
Resort Hotel,0,173,2017,August,32,11,2,4,2,0.0,0,BB,USA,Online TA,TA/TO,0,0,0,D,D,0,No Deposit,240.0,0,Transient,200.0,0,4
Resort Hotel,0,174,2017,August,32,7,3,7,2,0.0,0,HB,FRA,Online TA,TA/TO,0,0,0,D,D,0,No Deposit,240.0,0,Transient,232.0,0,3
Resort Hotel,0,174,2017,August,32,7,3,7,2,0.0,0,HB,FRA,Online TA,TA/TO,0,0,0,D,D,0,No Deposit,240.0,0,Transient,232.0,0,2
Resort Hotel,0,1,2017,August,33,15,0,2,2,0.0,0,BB,DNK,Online TA,TA/TO,0,0,0,A,A,0,No Deposit,242.0,0,Transient,163.05,0,1
Resort Hotel,0,207,2017,August,32,10,2,5,2,0.0,0,HB,PRT,Direct,Direct,0,0,0,E,E,0,No Deposit,250.0,0,Transient,231.6,1,2
Resort Hotel,0,5,2017,August,33,16,0,1,2,0.0,0,BB,USA,Online TA,TA/TO,0,0,0,A,A,0,No Deposit,240.0,0,Transient,210.0,0,2
Resort Hotel,0,28,2017,August,33,15,0,2,2,0.0,0,BB,PRT,Online TA,TA/TO,0,0,0,A,A,2,No Deposit,240.0,0,Transient,209.0,0,4
Resort Hotel,0,256,2017,August,32,8,2,7,2,0.0,0,HB,BEL,Offline TA/TO,TA/TO,0,0,0,A,A,0,No Deposit,479.0,0,Transient,131.85,0,4
Resort Hotel,0,201,2017,August,33,13,2,2,2,0.0,0,BB,CN,Offline TA/TO,TA/TO,0,0,0,A,A,0,No Deposit,410.0,0,Transient,104.85,0,2
Resort Hotel,0,250,2017,August,33,13,2,2,2,0.0,0,BB,CN,Offline TA/TO,TA/TO,0,0,0,A,A,1,No Deposit,410.0,0,Transient,106.85,0,1
Resort Hotel,0,250,2017,August,33,13,2,2,2,0.0,0,BB,CN,Offline TA/TO,TA/TO,0,0,0,A,A,1,No Deposit,410.0,0,Transient,104.85,0,1
Resort Hotel,0,14,2017,August,33,14,1,2,2,0.0,0,BB,BRA,Online TA,TA/TO,0,0,0,A,A,0,No Deposit,241.0,0,Transient,187.33,0,2
Resort Hotel,0,207,2017,August,32,12,2,3,2,0.0,0,BB,GBR,Online TA,TA/TO,0,0,0,E,E,1,No Deposit,240.0,0,Transient,204.8,0,1
Resort Hotel,0,215,2017,August,32,8,2,8,2,0.0,0,BB,DEU,Offline TA/TO,TA/TO,0,0,0,A,A,0,No Deposit,163.0,0,Transient,116.5,0,1
Resort Hotel,0,215,2017,August,32,8,2,8,2,0.0,0,BB,DEU,Offline TA/TO,TA/TO,0,0,0,A,A,0,No Deposit,163.0,0,Transient,118.5,0,1
Resort Hotel,0,10,2017,August,32,11,2,5,2,0.0,0,BB,GBR,Offline TA/TO,TA/TO,0,0,0,D,D,0,No Deposit,40.0,0,Contract,137.0,0,3
Resort Hotel,0,26,2017,August,32,7,3,8,2,0.0,0,BB,GBR,Offline TA/TO,TA/TO,0,0,0,E,E,0,No Deposit,40.0,0,Group,125.1,0,1
Resort Hotel,0,10,2017,August,32,11,2,5,2,0.0,0,BB,GBR,Offline TA/TO,TA/TO,0,0,0,D,D,0,No Deposit,40.0,0,Contract,135.0,0,3
Resort Hotel,0,210,2017,August,33,14,1,3,2,0.0,0,HB,FRA,Online TA,TA/TO,0,0,0,A,A,0,No Deposit,240.0,0,Transient-Party,190.88,0,3
Resort Hotel,0,210,2017,August,33,14,1,3,2,0.0,0,HB,FRA,Online TA,TA/TO,0,0,0,A,A,0,No Deposit,240.0,0,Transient-Party,206.88,1,3
Resort Hotel,0,183,2017,August,32,12,2,4,2,0.0,0,BB,IRL,Online TA,TA/TO,0,0,0,D,H,0,No Deposit,240.0,0,Transient,201.67,0,2
Resort Hotel,0,2,2017,August,33,17,0,1,2,0.0,0,HB,ESP,Online TA,TA/TO,0,0,0,A,A,0,No Deposit,240.0,0,Transient-Party,231.0,0,3
Resort Hotel,0,2,2017,August,33,17,0,1,2,0.0,0,HB,ESP,Online TA,TA/TO,0,0,0,A,A,0,No Deposit,240.0,0,Transient-Party,231.0,0,3
Resort Hotel,0,223,2017,August,33,13,2,3,2,0.0,0,BB,CHE,Online TA,TA/TO,0,0,0,A,A,0,No Deposit,240.0,0,Transient,162.3,0,2
Resort Hotel,0,6,2017,August,33,15,0,3,2,0.0,0,BB,ESP,Online TA,TA/TO,0,0,0,A,A,0,No Deposit,240.0,0,Transient,217.33,0,2
Resort Hotel,0,77,2017,August,33,16,0,2,2,0.0,0,BB,USA,Online TA,TA/TO,0,0,0,D,F,0,No Deposit,241.0,0,Transient,216.0,0,2
Resort Hotel,0,140,2017,August,33,17,0,1,2,0.0,0,BB,PRT,Online TA,TA/TO,0,0,0,D,D,0,No Deposit,240.0,0,Transient,231.0,0,2
Resort Hotel,0,140,2017,August,32,8,2,8,2,0.0,0,HB,GBR,Offline TA/TO,TA/TO,0,0,0,D,D,0,No Deposit,40.0,0,Contract,153.5,0,0
Resort Hotel,0,35,2017,August,33,16,0,2,2,0.0,0,BB,USA,Online TA,TA/TO,0,0,0,F,F,0,No Deposit,241.0,0,Transient,222.8,1,1
Resort Hotel,0,33,2017,August,33,14,1,3,2,0.0,0,HB,ESP,Online TA,TA/TO,0,0,0,F,F,0,No Deposit,241.0,0,Transient,240.37,1,1
Resort Hotel,0,15,2017,August,33,16,0,2,2,0.0,0,BB,CN,Online TA,TA/TO,0,0,0,A,D,0,No Deposit,240.0,0,Transient,210.0,0,2
Resort Hotel,0,17,2017,August,33,17,0,1,2,0.0,0,BB,ITA,Online TA,TA/TO,0,0,0,A,A,1,No Deposit,240.0,0,Transient,230.0,0,2
Resort Hotel,0,140,2017,August,33,17,0,1,2,0.0,0,BB,BRA,Online TA,TA/TO,0,0,0,D,D,0,No Deposit,240.0,0,Transient,229.0,0,2
Resort Hotel,0,40,2017,August,33,14,1,3,2,0.0,0,BB,AUS,Online TA,TA/TO,0,0,0,A,A,0,No Deposit,240.0,0,Transient,230.0,0,2
Resort Hotel,0,77,2017,August,33,16,0,2,2,0.0,0,BB,USA,Online TA,TA/TO,0,0,0,D,F,0,No Deposit,241.0,0,Transient,200.0,0,2
Resort Hotel,0,23,2017,August,33,16,0,3,2,0.0,0,BB,GBR,Offline TA/TO,TA/TO,0,0,0,D,D,0,No Deposit,40.0,0,Contract,135.0,0,0
Resort Hotel,0,96,2017,August,32,12,2,5,2,0.0,0,HB,PRT,Online TA,TA/TO,0,0,0,A,A,0,No Deposit,15.0,0,Transient-Party,217.1,0,0
Resort Hotel,0,223,2017,August,33,13,2,4,2,0.0,0,BB,PRT,Online TA,TA/TO,0,0,0,E,E,0,No Deposit,240.0,0,Transient,212.33,0,4
Resort Hotel,0,17,2017,August,33,16,0,3,2,0.0,0,BB,IRN,Online TA,TA/TO,0,0,0,A,E,0,No Deposit,241.0,0,Transient,178.39,0,1
Resort Hotel,0,19,2017,August,33,17,0,2,2,0.0,0,BB,USA,Online TA,TA/TO,0,0,0,F,F,0,No Deposit,241.0,0,Transient,232.0,0,1
Resort Hotel,0,163,2017,August,32,12,2,5,2,0.0,0,HB,LUX,Online TA,TA/TO,0,0,0,D,D,0,No Deposit,240.0,0,Transient,252.0,0,3
Resort Hotel,0,6,2017,August,33,17,0,2,2,0.0,0,BB,USA,Online TA,TA/TO,0,0,0,D,D,0,No Deposit,240.0,0,Transient,230.0,0,0
Resort Hotel,0,56,2017,August,33,18,0,1,2,0.0,0,BB,ESP,Online TA,TA/TO,0,0,0,E,F,0,No Deposit,240.0,0,Transient-Party,284.0,0,4
Resort Hotel,0,57,2017,August,33,19,2,5,2,0.0,0,BB,ESP,Online TA,TA/TO,0,0,0,E,E,0,No Deposit,240.0,0,Transient-Party,283.43,0,4
Resort Hotel,0,56,2017,August,33,18,0,1,2,0.0,0,BB,ESP,Online TA,TA/TO,0,0,0,E,F,0,No Deposit,240.0,0,Transient-Party,270.0,0,4
Resort Hotel,0,57,2017,August,33,19,2,5,2,0.0,0,BB,ESP,Online TA,TA/TO,0,0,0,E,E,0,No Deposit,240.0,0,Transient-Party,270.0,0,4
Resort Hotel,0,200,2017,August,32,12,2,5,2,0.0,0,BB,GBR,Offline TA/TO,TA/TO,0,0,0,A,A,0,No Deposit,143.0,0,Transient,106.56,0,1
Resort Hotel,0,197,2017,August,32,12,2,5,2,0.0,0,BB,ESP,Direct,Direct,0,0,0,F,F,0,No Deposit,250.0,0,Transient,207.29,0,1
Resort Hotel,0,0,2017,August,33,17,0,2,2,0.0,0,BB,PRT,Direct,Direct,0,0,0,A,A,0,No Deposit,,0,Transient,194.0,0,0
Resort Hotel,0,188,2017,August,32,8,2,9,2,0.0,0,BB,PRT,Online TA,TA/TO,0,0,0,A,A,0,No Deposit,240.0,0,Transient,174.55,0,2
Resort Hotel,0,11,2017,August,32,12,2,5,2,0.0,0,BB,GBR,Offline TA/TO,TA/TO,0,0,0,D,D,0,No Deposit,40.0,0,Transient,116.47,0,2
Resort Hotel,0,324,2017,August,31,5,4,10,2,0.0,0,BB,GBR,Offline TA/TO,TA/TO,0,0,0,E,E,1,No Deposit,143.0,0,Transient,131.4,0,0
Resort Hotel,0,207,2017,August,33,14,1,4,2,0.0,0,BB,GBR,Online TA,TA/TO,0,0,0,A,A,0,No Deposit,240.0,0,Transient,173.45,1,2
Resort Hotel,0,24,2017,August,33,18,0,1,2,0.0,0,BB,PRT,Direct,Direct,0,0,0,D,D,0,No Deposit,,0,Transient,196.0,0,3
Resort Hotel,0,24,2017,August,33,18,0,1,2,0.0,0,BB,USA,Online TA,TA/TO,0,0,0,D,D,0,No Deposit,240.0,0,Transient,250.0,0,4
Resort Hotel,0,215,2017,August,33,13,2,4,2,0.0,0,HB,PRT,Direct,Direct,0,0,0,E,F,1,No Deposit,250.0,0,Transient,203.19,1,1
Resort Hotel,0,0,2017,August,33,17,0,2,2,0.0,0,BB,ESP,Online TA,TA/TO,0,0,0,A,A,0,No Deposit,240.0,0,Transient,179.0,0,1
Resort Hotel,0,264,2017,August,32,12,2,5,2,0.0,0,BB,GBR,Online TA,TA/TO,0,0,0,D,D,0,No Deposit,240.0,0,Transient,174.0,0,4
Resort Hotel,0,32,2017,August,33,14,1,4,2,0.0,0,BB,PRT,Offline TA/TO,TA/TO,0,0,0,A,A,0,No Deposit,40.0,0,Contract,116.5,0,0
Resort Hotel,0,70,2017,August,33,17,0,3,2,0.0,0,HB,ITA,Online TA,TA/TO,0,0,0,A,A,0,No Deposit,240.0,0,Transient,276.0,0,1
Resort Hotel,0,164,2017,August,33,13,2,5,2,0.0,0,FB,PRT,Direct,Direct,0,0,0,D,D,1,No Deposit,250.0,0,Transient,267.5,1,1
Resort Hotel,0,29,2017,August,32,10,2,8,2,0.0,0,BB,GBR,Offline TA/TO,TA/TO,0,0,0,E,E,0,No Deposit,40.0,0,Group,131.4,0,2
Resort Hotel,0,32,2017,August,32,9,2,9,2,0.0,0,HB,ESP,Online TA,TA/TO,0,0,0,A,A,0,No Deposit,240.0,0,Transient,273.09,0,2
Resort Hotel,0,193,2017,August,33,17,0,3,2,0.0,0,BB,IRL,Online TA,TA/TO,0,0,0,D,D,0,No Deposit,240.0,0,Transient,182.0,0,3
Resort Hotel,0,338,2017,August,32,9,2,9,2,0.0,0,HB,ESP,Online TA,TA/TO,0,0,0,E,E,0,No Deposit,240.0,0,Transient,215.24,0,4
Resort Hotel,0,94,2017,August,33,13,2,5,2,0.0,0,HB,GBR,Offline TA/TO,TA/TO,0,0,0,D,D,0,No Deposit,40.0,0,Contract,167.0,0,0
Resort Hotel,0,223,2017,August,33,13,2,5,2,0.0,0,BB,PRT,Direct,Direct,0,0,0,A,A,0,No Deposit,250.0,0,Transient,131.49,0,0
Resort Hotel,0,201,2017,August,33,13,2,5,2,0.0,0,BB,DEU,Offline TA/TO,TA/TO,0,0,0,D,D,0,No Deposit,69.0,0,Transient,121.5,0,0
Resort Hotel,0,168,2017,August,33,16,0,4,2,0.0,0,BB,PRT,Online TA,TA/TO,0,0,0,D,D,0,No Deposit,196.0,0,Transient,207.0,0,1
Resort Hotel,0,156,2017,August,33,16,0,4,2,0.0,0,BB,PRT,Direct,Direct,0,0,0,D,D,1,No Deposit,250.0,0,Transient,193.5,0,2
Resort Hotel,0,206,2017,August,33,13,2,5,2,0.0,0,Undefined,PRT,Offline TA/TO,TA/TO,0,0,0,D,D,0,No Deposit,96.0,0,Transient,177.5,0,1
Resort Hotel,0,63,2017,August,33,18,0,2,2,0.0,0,BB,ITA,Online TA,TA/TO,0,0,0,E,F,0,No Deposit,240.0,0,Transient,286.0,0,2
Resort Hotel,0,88,2017,August,33,18,0,2,2,0.0,0,BB,ESP,Online TA,TA/TO,0,0,0,A,A,0,No Deposit,240.0,0,Transient,244.0,0,2
Resort Hotel,0,176,2017,August,32,12,2,6,2,0.0,0,HB,ESP,Online TA,TA/TO,0,0,0,D,A,1,No Deposit,240.0,0,Transient,232.0,0,2
Resort Hotel,0,192,2017,August,33,14,1,5,2,0.0,0,HB,PRT,Online TA,TA/TO,0,0,0,D,D,2,No Deposit,240.0,0,Transient,215.33,0,2
Resort Hotel,0,21,2017,August,33,17,0,3,2,0.0,0,BB,GBR,Online TA,TA/TO,0,0,0,A,A,0,No Deposit,240.0,0,Transient,230.0,0,2
Resort Hotel,0,13,2017,August,33,14,1,5,2,0.0,0,HB,PRT,Direct,Direct,0,0,0,A,A,0,No Deposit,,0,Transient,247.65,0,3
Resort Hotel,0,25,2017,August,32,6,4,10,2,0.0,0,BB,PRT,Offline TA/TO,TA/TO,0,0,0,D,D,0,No Deposit,40.0,0,Group,114.76,0,2
Resort Hotel,0,163,2017,August,32,10,2,8,2,0.0,0,BB,IRL,Offline TA/TO,TA/TO,0,0,0,A,D,1,No Deposit,40.0,0,Contract,119.85,0,0
Resort Hotel,0,163,2017,August,32,10,2,8,2,0.0,0,BB,IRL,Offline TA/TO,TA/TO,0,0,0,A,D,3,No Deposit,40.0,0,Contract,121.85,0,0
Resort Hotel,0,0,2017,August,34,20,0,0,2,0.0,0,BB,PRT,Direct,Direct,1,0,0,E,E,0,No Deposit,,0,Transient,0.0,1,1
Resort Hotel,0,3,2017,August,33,17,1,3,2,0.0,0,HB,GBR,Online TA,TA/TO,0,0,0,E,E,0,No Deposit,240.0,0,Transient,271.0,0,2
Resort Hotel,0,60,2017,August,32,11,3,7,2,0.0,0,BB,GBR,Offline TA/TO,TA/TO,0,0,0,D,D,0,No Deposit,40.0,0,Contract,137.0,0,0
Resort Hotel,0,67,2017,August,32,11,3,7,2,0.0,0,BB,IRL,Offline TA/TO,TA/TO,0,0,0,D,D,0,No Deposit,40.0,0,Contract,135.0,0,0
Resort Hotel,0,367,2017,August,33,14,2,5,2,0.0,0,HB,ESP,Online TA,TA/TO,0,0,0,E,E,1,No Deposit,240.0,0,Transient,249.23,1,3
Resort Hotel,0,0,2017,August,34,20,1,0,2,0.0,0,BB,ESP,Direct,Direct,0,0,0,A,A,0,No Deposit,,0,Transient,176.0,0,0
Resort Hotel,0,309,2017,August,34,21,1,2,2,0.0,0,HB,ESP,Online TA,Direct,0,0,0,A,A,0,No Deposit,240.0,0,Transient,181.18,0,1
Resort Hotel,0,182,2017,August,33,14,2,5,2,0.0,0,HB,FRA,Direct,Direct,0,0,0,D,D,4,No Deposit,250.0,0,Transient,192.5,0,3
Resort Hotel,0,194,2017,August,33,14,2,5,2,0.0,0,HB,ESP,Online TA,TA/TO,0,0,0,D,D,3,No Deposit,314.0,0,Transient,158.66,0,2
Resort Hotel,0,8,2017,August,33,17,1,3,2,0.0,0,BB,PRT,Direct,Direct,0,0,0,A,A,0,No Deposit,250.0,0,Transient-Party,210.0,0,2
Resort Hotel,0,8,2017,August,33,17,1,3,2,0.0,0,BB,PRT,Direct,Direct,0,0,0,A,A,0,No Deposit,250.0,0,Transient-Party,224.0,1,2
Resort Hotel,0,1,2017,August,33,17,1,3,2,0.0,0,BB,ITA,Online TA,TA/TO,0,0,0,A,A,0,No Deposit,240.0,0,Transient,184.0,0,1
Resort Hotel,0,212,2017,August,33,17,1,3,2,0.0,0,BB,ESP,Online TA,TA/TO,0,0,0,A,A,0,No Deposit,240.0,0,Transient-Party,153.75,0,0
Resort Hotel,0,7,2017,August,33,16,1,4,2,0.0,0,HB,ESP,Online TA,TA/TO,0,0,0,A,A,0,No Deposit,240.0,0,Transient,260.0,1,2
Resort Hotel,0,202,2017,August,33,19,1,1,2,0.0,0,BB,DEU,Online TA,TA/TO,0,0,0,A,A,0,No Deposit,240.0,0,Transient-Party,151.0,0,1
Resort Hotel,0,16,2017,August,33,15,1,5,2,0.0,0,BB,POL,Online TA,TA/TO,0,0,0,A,A,0,No Deposit,241.0,0,Transient,169.48,0,1
Resort Hotel,0,197,2017,August,33,16,1,4,2,0.0,0,BB,PRT,Online TA,TA/TO,0,0,0,A,A,2,No Deposit,240.0,0,Transient,188.0,1,1
Resort Hotel,0,256,2017,August,32,7,4,10,2,0.0,0,BB,PRT,Online TA,TA/TO,0,0,0,E,E,0,No Deposit,241.0,0,Transient,126.41,0,1
Resort Hotel,0,25,2017,August,33,18,1,2,2,0.0,0,BB,PRT,Online TA,TA/TO,0,0,0,A,A,0,No Deposit,240.0,0,Transient-Party,230.0,0,2
Resort Hotel,0,59,2017,August,33,18,2,2,2,0.0,0,BB,IRL,Online TA,TA/TO,0,0,0,E,E,0,No Deposit,241.0,0,Transient,207.2,0,1
Resort Hotel,0,28,2017,August,34,20,2,0,2,0.0,0,BB,USA,Online TA,TA/TO,0,0,0,D,E,0,No Deposit,240.0,0,Transient,250.0,0,1
Resort Hotel,0,70,2017,August,33,15,2,5,2,0.0,0,BB,GBR,Offline TA/TO,TA/TO,0,0,0,D,D,0,No Deposit,40.0,0,Contract,135.0,0,0
Resort Hotel,0,227,2017,August,33,18,2,2,2,0.0,0,BB,BRA,Online TA,TA/TO,0,0,0,A,A,0,No Deposit,240.0,0,Transient-Party,153.75,0,1
Resort Hotel,0,189,2017,August,33,13,4,5,2,0.0,0,BB,IRL,Online TA,TA/TO,0,0,0,D,D,0,No Deposit,240.0,0,Transient,186.44,0,1
Resort Hotel,0,227,2017,August,33,18,2,2,2,0.0,0,BB,BRA,Online TA,TA/TO,0,0,0,A,A,0,No Deposit,240.0,0,Transient-Party,167.75,0,1
Resort Hotel,0,20,2017,August,33,19,2,1,2,0.0,0,BB,ESP,Online TA,TA/TO,0,0,0,A,B,0,No Deposit,240.0,0,Transient,230.0,0,2
Resort Hotel,0,4,2017,August,34,21,1,0,2,0.0,0,BB,PRT,Direct,Direct,0,0,0,D,D,0,No Deposit,250.0,0,Transient,228.0,1,1
Resort Hotel,0,118,2017,August,33,17,2,3,2,0.0,0,BB,ESP,Online TA,TA/TO,0,0,0,D,D,0,No Deposit,240.0,0,Transient,264.0,0,2
Resort Hotel,0,8,2017,August,33,17,2,3,2,0.0,0,BB,IRL,Online TA,TA/TO,0,0,0,A,A,0,No Deposit,241.0,0,Transient,171.2,0,1
Resort Hotel,0,7,2017,August,33,17,2,3,2,0.0,0,HB,ESP,Online TA,TA/TO,0,0,0,A,A,0,No Deposit,240.0,0,Transient,246.0,0,2
Resort Hotel,0,29,2017,August,33,16,2,4,2,0.0,0,HB,ESP,Online TA,TA/TO,0,0,0,A,A,0,No Deposit,240.0,0,Transient,272.5,0,2
Resort Hotel,0,3,2017,August,33,19,2,1,2,0.0,0,BB,BRA,Online TA,TA/TO,0,0,0,F,F,0,No Deposit,241.0,0,Transient,211.49,1,1
Resort Hotel,0,21,2017,August,34,20,2,0,2,0.0,0,BB,PRT,Online TA,TA/TO,0,0,0,E,E,0,No Deposit,240.0,0,Transient,284.0,0,2
Resort Hotel,0,76,2017,August,33,16,2,4,2,0.0,0,BB,ESP,Online TA,TA/TO,0,0,0,A,A,0,No Deposit,240.0,0,Transient,241.67,0,2
Resort Hotel,0,238,2017,August,33,18,2,2,2,0.0,0,BB,DEU,Online TA,TA/TO,0,0,0,D,D,0,No Deposit,240.0,0,Transient,190.0,0,2
Resort Hotel,0,69,2017,August,33,16,2,4,2,0.0,0,BB,PRT,Online TA,TA/TO,0,0,0,A,A,0,No Deposit,240.0,0,Transient,230.0,0,2
Resort Hotel,0,226,2017,August,33,19,2,1,2,0.0,0,BB,PRT,Online TA,TA/TO,0,0,0,E,F,1,No Deposit,240.0,0,Transient,194.0,0,2
Resort Hotel,0,19,2017,August,33,19,2,1,2,0.0,0,BB,ESP,Online TA,TA/TO,0,0,0,D,D,0,No Deposit,240.0,0,Transient,266.0,0,2
Resort Hotel,0,5,2017,August,34,21,1,0,2,0.0,0,HB,PRT,Direct,Direct,0,0,0,E,H,1,No Deposit,250.0,0,Transient,268.3,1,1
Resort Hotel,0,24,2017,August,34,22,0,5,2,0.0,0,HB,PRT,Online TA,Direct,0,0,0,A,A,0,No Deposit,241.0,0,Transient,223.6,1,1
Resort Hotel,0,194,2017,August,33,19,2,2,2,0.0,0,BB,USA,Offline TA/TO,TA/TO,0,0,0,A,A,0,No Deposit,8.0,0,Transient,125.0,0,0
Resort Hotel,0,144,2017,August,33,16,2,5,2,0.0,0,Undefined,GBR,Offline TA/TO,TA/TO,0,0,0,A,A,0,No Deposit,40.0,0,Contract,158.85,0,0
Resort Hotel,0,13,2017,August,33,17,2,4,2,0.0,0,BB,PRT,Direct,Direct,0,0,0,A,A,2,No Deposit,250.0,0,Transient,222.33,1,1
Resort Hotel,0,38,2017,August,33,19,2,2,2,0.0,0,BB,FRA,Online TA,TA/TO,0,0,0,D,D,5,No Deposit,240.0,0,Transient,262.0,0,1
Resort Hotel,0,150,2017,August,33,16,2,5,2,0.0,0,HB,PRT,Online TA,TA/TO,0,0,0,D,D,1,No Deposit,240.0,0,Transient,261.0,0,2
Resort Hotel,0,217,2017,August,33,16,2,5,2,0.0,0,HB,PRT,Direct,Direct,0,0,0,D,D,1,No Deposit,250.0,0,Transient-Party,186.6,0,1
Resort Hotel,0,217,2017,August,33,16,2,5,2,0.0,0,HB,PRT,Direct,Direct,0,0,0,A,A,1,No Deposit,250.0,0,Transient-Party,168.38,0,0
Resort Hotel,0,4,2017,August,34,21,1,1,2,0.0,0,BB,ESP,Online TA,TA/TO,0,0,0,E,E,0,No Deposit,240.0,0,Transient,253.0,0,2
Resort Hotel,0,203,2017,August,33,17,2,4,2,0.0,0,BB,PRT,Offline TA/TO,TA/TO,0,0,0,A,A,0,No Deposit,177.0,0,Transient,110.7,0,0
Resort Hotel,0,19,2017,August,34,21,1,1,2,0.0,0,BB,ESP,Online TA,TA/TO,0,0,0,A,A,0,No Deposit,241.0,0,Transient,182.0,0,1
Resort Hotel,0,183,2017,August,33,16,2,5,2,0.0,0,HB,ESP,Online TA,TA/TO,0,0,0,D,D,0,No Deposit,240.0,0,Transient,232.0,0,2
Resort Hotel,0,160,2017,August,33,17,2,4,2,0.0,0,HB,FRA,Offline TA/TO,TA/TO,0,0,0,E,E,0,No Deposit,3.0,0,Transient,198.3,0,1
Resort Hotel,0,160,2017,August,33,17,2,4,2,0.0,0,HB,FRA,Offline TA/TO,TA/TO,0,0,0,E,E,0,No Deposit,3.0,0,Transient,196.3,0,1
Resort Hotel,0,0,2017,August,34,22,0,1,2,0.0,0,BB,ESP,Direct,Direct,0,0,0,F,F,0,No Deposit,,0,Transient,180.0,0,0
Resort Hotel,0,330,2017,August,34,20,2,1,2,0.0,0,BB,IRL,Online TA,TA/TO,0,0,0,E,F,1,No Deposit,240.0,0,Transient,172.8,0,2
Resort Hotel,0,199,2017,August,33,15,2,6,2,0.0,0,BB,GBR,Offline TA/TO,TA/TO,0,0,0,A,A,0,No Deposit,6.0,0,Transient,112.45,0,0
Resort Hotel,0,12,2017,August,34,21,1,1,2,0.0,0,BB,BRA,Online TA,TA/TO,0,0,0,A,E,0,No Deposit,240.0,0,Transient,224.0,0,3
Resort Hotel,0,186,2017,August,32,12,4,7,2,0.0,0,HB,PRT,Offline TA/TO,TA/TO,0,0,0,A,A,2,No Deposit,8.0,0,Transient,151.0,0,2
Resort Hotel,0,189,2017,August,32,12,4,8,2,0.0,0,BB,FRA,Direct,Direct,0,0,0,E,E,1,No Deposit,,0,Transient,158.0,0,1
Resort Hotel,0,189,2017,August,32,12,4,8,2,0.0,0,BB,FRA,Direct,Direct,0,0,0,E,E,1,No Deposit,,0,Transient,172.0,1,1
Resort Hotel,0,223,2017,August,33,17,2,5,2,0.0,0,BB,GBR,Offline TA/TO,TA/TO,0,0,0,A,A,0,No Deposit,143.0,0,Transient,106.85,0,0
Resort Hotel,0,290,2017,August,34,20,2,2,2,0.0,0,BB,GBR,Online TA,TA/TO,0,0,0,A,A,0,No Deposit,240.0,0,Transient,140.38,0,1
Resort Hotel,0,342,2017,August,33,17,2,5,2,0.0,0,BB,GBR,Online TA,TA/TO,0,0,0,A,A,0,No Deposit,314.0,0,Transient-Party,112.7,0,0
Resort Hotel,0,342,2017,August,33,17,2,5,2,0.0,0,BB,GBR,Online TA,TA/TO,0,0,0,A,A,0,No Deposit,314.0,0,Transient-Party,110.7,0,0
Resort Hotel,0,12,2017,August,33,13,4,7,2,0.0,0,HB,PRT,Offline TA/TO,TA/TO,0,0,0,D,D,0,No Deposit,40.0,0,Contract,163.0,0,2
Resort Hotel,0,199,2017,August,33,19,2,3,2,0.0,0,BB,AUS,Online TA,TA/TO,0,0,0,A,A,0,No Deposit,241.0,0,Transient,125.2,0,1
Resort Hotel,0,94,2017,August,33,14,3,7,2,0.0,0,BB,GBR,Offline TA/TO,TA/TO,0,0,0,D,D,0,No Deposit,40.0,0,Contract,135.0,0,0
Resort Hotel,0,189,2017,August,33,14,3,7,2,0.0,0,HB,GBR,Offline TA/TO,TA/TO,0,0,0,A,A,0,No Deposit,40.0,0,Contract,134.85,0,1
Resort Hotel,0,82,2017,August,33,17,2,5,2,0.0,0,BB,ESP,Online TA,TA/TO,0,0,0,E,E,0,No Deposit,175.0,0,Transient,216.0,0,0
Resort Hotel,0,79,2017,August,33,18,2,4,2,0.0,0,BB,BEL,Online TA,TA/TO,0,0,0,E,E,1,No Deposit,240.0,0,Transient,284.0,1,2
Resort Hotel,0,18,2017,August,33,19,2,3,2,0.0,0,BB,ROU,Online TA,TA/TO,0,0,0,F,F,0,No Deposit,241.0,0,Transient,219.2,0,1
Resort Hotel,0,1,2017,August,34,23,0,1,2,0.0,0,BB,ESP,Online TA,TA/TO,0,0,0,D,D,0,No Deposit,241.0,0,Transient,159.2,0,1
Resort Hotel,0,7,2017,August,34,21,1,2,2,0.0,0,HB,ESP,Online TA,TA/TO,0,0,0,E,E,0,No Deposit,240.0,0,Transient,274.67,0,2
Resort Hotel,0,3,2017,August,34,23,0,1,2,0.0,0,BB,ESP,Online TA,TA/TO,0,0,0,A,A,0,No Deposit,240.0,0,Transient,189.0,0,2
Resort Hotel,0,19,2017,August,34,21,1,2,2,0.0,0,BB,ESP,Online TA,TA/TO,0,0,0,A,A,0,No Deposit,240.0,0,Transient,210.0,0,2
Resort Hotel,0,1,2017,August,34,23,0,1,2,0.0,0,BB,CHE,Online TA,TA/TO,0,0,0,D,D,0,No Deposit,240.0,0,Transient,209.0,0,2
Resort Hotel,0,258,2017,August,34,20,2,2,2,0.0,0,BB,CN,Offline TA/TO,TA/TO,0,0,0,A,A,0,No Deposit,410.0,0,Transient,118.5,0,2
Resort Hotel,0,184,2017,August,34,20,2,2,2,0.0,0,BB,CN,Offline TA/TO,TA/TO,0,0,0,A,A,1,No Deposit,410.0,0,Transient,116.5,0,0
Resort Hotel,0,23,2017,August,34,22,0,2,2,0.0,0,BB,COL,Online TA,TA/TO,0,0,0,A,E,0,No Deposit,241.0,0,Transient,185.99,0,1
Resort Hotel,0,178,2017,August,34,20,2,2,2,0.0,0,BB,CN,Offline TA/TO,TA/TO,0,0,0,A,A,0,No Deposit,410.0,0,Transient,116.5,0,0
Resort Hotel,0,1,2017,August,34,22,0,2,2,0.0,0,BB,PRT,Online TA,TA/TO,0,0,0,D,D,0,No Deposit,306.0,0,Transient,151.29,0,0
Resort Hotel,0,18,2017,August,34,21,1,3,2,0.0,0,BB,CN,Online TA,TA/TO,0,0,0,A,A,0,No Deposit,241.0,0,Transient,168.0,0,1
Resort Hotel,0,244,2017,August,33,15,2,8,2,0.0,0,HB,GBR,Offline TA/TO,TA/TO,0,0,0,A,A,0,No Deposit,40.0,0,Contract,136.85,0,0
Resort Hotel,0,81,2017,August,33,18,2,5,2,0.0,0,BB,GBR,Offline TA/TO,TA/TO,0,0,0,D,D,0,No Deposit,40.0,0,Contract,137.0,0,0
Resort Hotel,0,134,2017,August,33,15,2,8,2,0.0,0,BB,IRL,Offline TA/TO,TA/TO,0,0,0,A,A,0,No Deposit,40.0,0,Contract,118.5,0,1
Resort Hotel,0,188,2017,August,33,16,2,7,2,0.0,0,BB,NLD,Online TA,TA/TO,0,0,0,E,E,0,No Deposit,240.0,0,Transient,200.0,0,2
Resort Hotel,0,197,2017,August,33,18,2,5,2,0.0,0,BB,ESP,Online TA,TA/TO,0,0,0,A,A,0,No Deposit,240.0,0,Transient,160.0,0,1
Resort Hotel,0,160,2017,August,33,18,2,5,2,0.0,0,HB,PRT,Online TA,TA/TO,0,0,0,D,D,1,No Deposit,314.0,0,Transient,203.71,0,0
Resort Hotel,0,288,2017,August,33,15,2,8,2,0.0,0,BB,GBR,Offline TA/TO,TA/TO,0,0,0,A,A,0,No Deposit,40.0,0,Contract,104.85,0,0
Resort Hotel,0,12,2017,August,34,21,1,3,2,0.0,0,HB,ESP,Online TA,TA/TO,0,0,0,A,A,0,No Deposit,240.0,0,Transient,256.0,0,2
Resort Hotel,0,65,2017,August,33,18,2,5,2,0.0,0,BB,IRL,Online TA,TA/TO,0,0,0,A,A,0,No Deposit,508.0,0,Transient,190.6,0,1
Resort Hotel,0,150,2017,August,33,18,2,5,2,0.0,0,BB,PRT,Offline TA/TO,TA/TO,0,0,0,D,D,0,No Deposit,40.0,0,Contract,121.5,0,0
Resort Hotel,0,124,2017,August,33,16,2,7,2,0.0,0,HB,ESP,Online TA,TA/TO,0,0,0,A,A,0,No Deposit,240.0,0,Transient,262.0,0,3
Resort Hotel,0,177,2017,August,33,19,2,4,2,0.0,0,BB,PRT,Direct,Direct,0,0,0,F,F,0,No Deposit,250.0,0,Transient,239.0,0,1
Resort Hotel,0,199,2017,August,33,18,2,5,2,0.0,0,BB,GBR,Offline TA/TO,TA/TO,0,0,0,A,A,0,No Deposit,171.0,0,Transient,112.41,0,0
Resort Hotel,0,218,2017,August,33,15,2,8,2,0.0,0,HB,AUT,Online TA,TA/TO,0,0,0,D,D,0,No Deposit,240.0,0,Transient,217.6,0,2
Resort Hotel,0,84,2017,August,34,20,2,3,2,0.0,0,HB,PRT,Online TA,TA/TO,0,0,0,A,A,0,No Deposit,240.0,0,Transient,262.0,0,3
Resort Hotel,0,21,2017,August,34,22,0,3,2,0.0,0,BB,PRT,Direct,Direct,0,0,0,E,E,0,No Deposit,250.0,0,Transient,261.0,1,1
Resort Hotel,0,42,2017,August,34,21,1,3,2,0.0,0,HB,PRT,Online TA,TA/TO,0,0,0,A,A,0,No Deposit,314.0,0,Transient,242.84,0,0
Resort Hotel,0,55,2017,August,34,22,0,3,2,0.0,0,BB,PRT,Online TA,TA/TO,0,0,0,D,D,0,No Deposit,240.0,0,Transient,264.0,0,2
Resort Hotel,0,62,2017,August,34,21,1,3,2,0.0,0,BB,PRT,Online TA,TA/TO,0,0,0,D,D,0,No Deposit,15.0,0,Transient,205.0,0,2
Resort Hotel,0,146,2017,August,33,19,2,5,2,0.0,0,BB,CHE,Online TA,TA/TO,0,0,0,E,E,0,No Deposit,240.0,0,Transient-Party,237.71,0,1
Resort Hotel,0,204,2017,August,33,16,2,8,2,0.0,0,HB,PRT,Offline TA/TO,TA/TO,0,0,0,D,D,0,No Deposit,69.0,0,Transient,148.7,0,0
Resort Hotel,0,125,2017,August,34,20,2,4,2,0.0,0,HB,ESP,Online TA,TA/TO,0,0,0,A,A,0,No Deposit,240.0,0,Transient,276.0,1,2
Resort Hotel,0,209,2017,August,34,21,1,4,2,0.0,0,HB,PRT,Direct,Direct,0,0,0,E,E,1,No Deposit,250.0,0,Transient,218.8,1,2
Resort Hotel,0,181,2017,August,34,22,0,4,2,0.0,0,BB,CN,Offline TA/TO,TA/TO,0,0,0,A,A,0,No Deposit,410.0,0,Transient,118.5,0,1
Resort Hotel,0,169,2017,August,34,21,1,4,2,0.0,0,BB,PRT,Online TA,TA/TO,0,0,0,E,E,2,No Deposit,240.0,0,Transient,234.0,0,2
Resort Hotel,0,157,2017,August,33,19,2,5,2,0.0,0,HB,PRT,Online TA,TA/TO,0,0,0,D,D,0,No Deposit,468.0,0,Transient-Party,198.17,0,1
Resort Hotel,0,157,2017,August,33,19,2,5,2,0.0,0,HB,ESP,Online TA,TA/TO,0,0,0,D,D,1,No Deposit,468.0,0,Transient-Party,211.6,1,1
Resort Hotel,0,0,2017,August,34,25,0,1,2,0.0,0,BB,PRT,Direct,Direct,0,0,0,F,F,0,No Deposit,,0,Transient,244.0,1,0
Resort Hotel,0,210,2017,August,33,19,2,5,2,0.0,0,HB,PRT,Offline TA/TO,TA/TO,0,0,0,A,A,0,No Deposit,261.0,0,Transient,135.9,1,0
Resort Hotel,0,212,2017,August,34,21,1,4,2,0.0,0,BB,PRT,Online TA,TA/TO,0,0,0,A,A,4,No Deposit,240.0,0,Transient,156.25,0,1
Resort Hotel,0,7,2017,August,34,21,1,4,2,0.0,0,BB,ESP,Online TA,TA/TO,0,0,0,A,A,0,No Deposit,240.0,0,Transient,210.0,0,2
Resort Hotel,0,1,2017,August,34,25,0,1,2,0.0,0,BB,PRT,Online TA,TA/TO,0,0,0,A,D,0,No Deposit,241.0,0,Transient,154.0,0,1
Resort Hotel,0,0,2017,August,34,25,0,1,2,0.0,0,BB,ESP,Online TA,TA/TO,0,0,0,A,A,0,No Deposit,306.0,0,Transient,116.61,0,0
Resort Hotel,0,144,2017,August,33,19,2,5,2,0.0,0,BB,GBR,Offline TA/TO,TA/TO,0,0,0,D,D,0,No Deposit,40.0,0,Contract,123.21,0,0
Resort Hotel,0,1,2017,August,34,25,0,1,2,0.0,0,BB,PRT,Online TA,TA/TO,0,0,0,D,D,0,No Deposit,240.0,0,Transient,171.5,0,1
Resort Hotel,0,0,2017,August,34,26,0,1,2,0.0,0,BB,PRT,Direct,Direct,1,0,0,E,E,0,No Deposit,,0,Transient,200.0,0,1
Resort Hotel,0,207,2017,August,34,22,0,5,2,0.0,0,BB,CHE,Online TA,TA/TO,0,0,0,A,A,0,No Deposit,240.0,0,Transient,162.0,0,1
Resort Hotel,0,324,2017,August,33,13,4,10,2,0.0,0,HB,GBR,Offline TA/TO,TA/TO,0,0,0,A,A,0,No Deposit,243.0,0,Contract,134.85,0,0
Resort Hotel,0,315,2017,August,33,14,3,10,2,0.0,0,HB,GBR,Offline TA/TO,TA/TO,0,0,0,A,A,0,No Deposit,40.0,0,Contract,134.85,0,0
Resort Hotel,0,71,2017,August,34,23,0,4,2,0.0,0,HB,ITA,Online TA,TA/TO,0,0,0,A,A,0,No Deposit,468.0,0,Transient,228.84,0,0
Resort Hotel,0,327,2017,August,33,17,2,8,2,0.0,0,BB,ESP,Online TA,TA/TO,0,0,0,A,A,0,No Deposit,196.0,0,Transient,142.58,1,2
Resort Hotel,0,134,2017,August,34,22,0,5,2,0.0,0,BB,ESP,Online TA,TA/TO,0,0,0,A,A,0,No Deposit,240.0,0,Transient-Party,225.0,0,2
Resort Hotel,0,134,2017,August,34,22,0,5,2,0.0,0,BB,ESP,Online TA,TA/TO,0,0,0,A,A,0,No Deposit,240.0,0,Transient-Party,239.0,0,2
Resort Hotel,0,62,2017,August,34,20,2,5,2,0.0,0,BB,IRL,Online TA,TA/TO,0,0,0,D,D,0,No Deposit,241.0,0,Transient,182.5,0,1
Resort Hotel,0,29,2017,August,34,20,2,5,2,0.0,0,HB,GBR,Offline TA/TO,TA/TO,0,0,0,D,D,0,No Deposit,40.0,0,Group,164.71,0,0
Resort Hotel,0,296,2017,August,34,20,2,5,2,0.0,0,HB,PRT,Online TA,TA/TO,0,0,0,A,A,0,No Deposit,15.0,0,Transient,143.73,1,0
Resort Hotel,0,42,2017,August,34,23,0,4,2,0.0,0,HB,ESP,Online TA,TA/TO,0,0,0,A,A,0,No Deposit,240.0,0,Transient,262.0,0,1
Resort Hotel,0,0,2017,August,34,26,0,1,2,0.0,0,BB,ITA,Online TA,TA/TO,0,0,0,E,E,0,No Deposit,240.0,0,Transient,230.0,0,1
Resort Hotel,0,12,2017,August,33,13,4,10,2,0.0,0,BB,GBR,Offline TA/TO,TA/TO,0,0,0,D,D,0,No Deposit,40.0,0,Contract,135.0,0,1
Resort Hotel,0,58,2017,August,34,23,0,4,2,0.0,0,HB,ESP,Online TA,TA/TO,0,0,0,D,D,0,No Deposit,175.0,0,Transient,239.6,0,0
Resort Hotel,0,26,2017,August,34,21,1,5,2,0.0,0,BB,IRL,Online TA,TA/TO,0,0,0,A,A,0,No Deposit,240.0,0,Transient,230.0,0,1
Resort Hotel,0,2,2017,August,34,25,0,2,2,0.0,0,BB,PRT,Online TA,TA/TO,0,0,0,D,D,0,No Deposit,240.0,0,Transient,196.25,0,2
Resort Hotel,0,220,2017,August,34,23,0,4,2,0.0,0,BB,PRT,Direct,Direct,0,0,0,A,A,0,No Deposit,250.0,0,Transient,123.77,0,1
Resort Hotel,0,23,2017,August,34,25,0,2,2,0.0,0,BB,PRT,Online TA,TA/TO,0,0,0,D,D,0,No Deposit,240.0,0,Transient,240.0,0,2
Resort Hotel,0,5,2017,August,34,25,0,2,2,0.0,0,BB,ESP,Online TA,TA/TO,0,0,0,E,E,0,No Deposit,240.0,0,Transient,274.0,1,2
Resort Hotel,0,0,2017,August,34,25,0,2,2,0.0,0,BB,PRT,Online TA,TA/TO,0,0,0,F,F,0,No Deposit,241.0,0,Transient,188.0,0,2
Resort Hotel,0,4,2017,August,34,25,0,2,2,0.0,0,BB,ROU,Online TA,TA/TO,0,0,0,A,A,0,No Deposit,242.0,0,Transient,214.0,0,2
Resort Hotel,0,204,2017,August,34,23,0,4,2,0.0,0,BB,IRL,Online TA,TA/TO,0,0,0,A,A,0,No Deposit,240.0,0,Transient,160.0,0,1
Resort Hotel,0,0,2017,August,34,26,0,1,2,0.0,0,BB,PRT,Online TA,TA/TO,0,0,0,G,G,1,No Deposit,240.0,0,Transient,235.0,0,0
Resort Hotel,0,60,2017,August,34,25,0,2,2,0.0,0,BB,IRL,Online TA,TA/TO,0,0,0,A,C,1,No Deposit,240.0,0,Transient,230.0,0,2
Resort Hotel,0,64,2017,August,34,23,0,4,2,0.0,0,BB,USA,Direct,Direct,0,0,0,E,E,2,No Deposit,250.0,0,Transient,265.0,0,1
Resort Hotel,0,191,2017,August,34,20,2,5,2,0.0,0,BB,GBR,Offline TA/TO,TA/TO,0,0,0,D,D,0,No Deposit,243.0,0,Contract,121.5,0,2
Resort Hotel,0,11,2017,August,34,24,1,3,2,0.0,0,BB,GBR,Online TA,TA/TO,0,0,0,A,E,0,No Deposit,241.0,0,Transient,157.42,0,1
Resort Hotel,0,49,2017,August,34,25,1,2,2,0.0,0,BB,USA,Online TA,TA/TO,0,0,0,A,A,0,No Deposit,241.0,0,Transient,157.99,0,1
Resort Hotel,0,154,2017,August,34,21,2,5,2,0.0,0,HB,GBR,Offline TA/TO,TA/TO,0,0,0,A,A,1,No Deposit,40.0,0,Contract,132.86,0,1
Resort Hotel,0,126,2017,August,34,21,2,5,2,0.0,0,HB,GBR,Offline TA/TO,TA/TO,0,0,0,D,D,0,No Deposit,40.0,0,Group,167.0,0,1
Resort Hotel,0,136,2017,August,34,21,2,5,2,0.0,0,BB,IRL,Offline TA/TO,TA/TO,0,0,0,A,E,0,No Deposit,40.0,0,Contract,116.5,0,0
Resort Hotel,0,199,2017,August,33,18,3,7,2,0.0,0,HB,GBR,Offline TA/TO,TA/TO,0,0,0,A,A,0,No Deposit,40.0,0,Contract,132.85,0,0
Resort Hotel,0,218,2017,August,34,22,1,5,2,0.0,0,HB,IRL,Direct,Direct,0,0,0,A,A,1,No Deposit,250.0,0,Transient,170.38,0,1
Resort Hotel,0,140,2017,August,34,21,2,5,2,0.0,0,BB,PRT,Online TA,TA/TO,0,0,0,A,A,0,No Deposit,15.0,0,Transient,166.91,0,0
Resort Hotel,0,20,2017,August,34,21,2,5,2,0.0,0,BB,GBR,Offline TA/TO,TA/TO,0,0,0,D,D,0,No Deposit,40.0,0,Contract,137.0,0,0
Resort Hotel,0,189,2017,August,34,21,2,5,2,0.0,0,HB,PRT,Online TA,TA/TO,0,0,0,A,A,0,No Deposit,240.0,0,Transient,192.0,0,2
Resort Hotel,0,220,2017,August,35,27,1,0,2,0.0,0,BB,PRT,Offline TA/TO,TA/TO,0,0,0,D,D,1,No Deposit,251.0,0,Transient-Party,128.7,0,0
Resort Hotel,0,220,2017,August,35,27,1,0,2,0.0,0,BB,ITA,Offline TA/TO,TA/TO,0,0,0,D,D,1,No Deposit,251.0,0,Transient-Party,128.7,0,0
Resort Hotel,0,220,2017,August,35,27,1,0,2,0.0,0,BB,ITA,Offline TA/TO,TA/TO,0,0,0,D,D,1,No Deposit,251.0,0,Transient-Party,128.7,0,0
Resort Hotel,0,58,2017,August,34,25,1,2,2,0.0,0,BB,GBR,Online TA,TA/TO,0,0,0,A,A,0,No Deposit,240.0,0,Transient,195.0,0,2
Resort Hotel,0,0,2017,August,35,27,1,0,2,0.0,0,BB,CHE,Direct,Direct,0,0,0,C,C,0,No Deposit,,0,Transient,185.0,1,0
Resort Hotel,0,0,2017,August,35,28,1,0,2,0.0,0,BB,CHE,Direct,Direct,1,0,0,E,E,0,No Deposit,,0,Transient,194.0,1,0
Resort Hotel,0,30,2017,August,34,23,1,4,2,0.0,0,BB,DEU,Direct,Direct,0,0,0,D,D,0,No Deposit,250.0,0,Transient,251.0,1,1
Resort Hotel,0,220,2017,August,35,27,1,0,2,0.0,0,BB,PRT,Offline TA/TO,TA/TO,0,0,0,D,D,1,No Deposit,251.0,0,Transient-Party,128.7,0,0
Resort Hotel,0,2,2017,August,34,25,1,2,2,0.0,0,HB,BRA,Online TA,TA/TO,0,0,0,D,D,0,No Deposit,314.0,0,Transient-Party,227.81,0,0
Resort Hotel,0,2,2017,August,34,25,1,2,2,0.0,0,HB,PAK,Online TA,TA/TO,0,0,0,D,D,0,No Deposit,314.0,0,Transient-Party,243.81,1,0
Resort Hotel,0,13,2017,August,34,26,1,1,2,0.0,0,HB,ESP,Online TA,TA/TO,0,0,0,E,E,0,No Deposit,240.0,0,Transient,292.0,0,3
Resort Hotel,0,30,2017,August,34,26,1,1,2,0.0,0,BB,USA,Online TA,TA/TO,0,0,0,A,C,1,No Deposit,241.0,0,Transient,182.0,1,1
Resort Hotel,0,25,2017,August,34,22,1,5,2,0.0,0,BB,ESP,Online TA,TA/TO,0,0,0,E,E,0,No Deposit,240.0,0,Transient,279.33,1,3
Resort Hotel,0,0,2017,August,35,27,1,0,2,0.0,0,BB,PRT,Direct,Direct,0,0,0,C,C,0,No Deposit,,0,Transient,185.0,0,0
Resort Hotel,0,225,2017,August,34,22,1,5,2,0.0,0,BB,PRT,Direct,Direct,0,0,0,A,A,0,No Deposit,250.0,0,Transient,138.38,0,0
Resort Hotel,0,203,2017,August,34,21,2,5,2,0.0,0,Undefined,ESP,Direct,Direct,0,0,0,D,D,1,No Deposit,250.0,0,Transient,240.8,0,3
Resort Hotel,0,0,2017,August,35,27,1,0,2,0.0,0,BB,PRT,Direct,Direct,0,0,0,A,A,0,No Deposit,,0,Transient,185.0,0,0
Resort Hotel,0,6,2017,August,34,24,1,3,2,0.0,0,HB,ESP,Online TA,TA/TO,0,0,0,D,E,0,No Deposit,240.0,0,Transient,267.0,0,2
Resort Hotel,0,102,2017,August,34,21,2,5,2,0.0,0,BB,ESP,Online TA,TA/TO,0,0,0,E,E,0,No Deposit,196.0,0,Transient,281.43,1,0
Resort Hotel,0,5,2017,August,34,24,1,3,2,0.0,0,BB,PRT,Online TA,TA/TO,0,0,0,E,E,0,No Deposit,240.0,0,Transient,269.0,0,3
Resort Hotel,0,3,2017,August,35,27,1,0,2,0.0,0,BB,PRT,Offline TA/TO,TA/TO,0,0,0,A,D,0,No Deposit,330.0,0,Transient-Party,80.0,0,2
Resort Hotel,0,34,2017,August,34,23,2,4,2,0.0,0,HB,GBR,Online TA,TA/TO,0,0,0,D,A,0,No Deposit,241.0,0,Transient,207.52,0,1
Resort Hotel,0,39,2017,August,34,26,2,1,2,0.0,0,BB,CHL,Online TA,TA/TO,0,0,0,A,A,0,No Deposit,240.0,0,Transient,217.33,0,2
Resort Hotel,0,0,2017,August,35,27,2,0,2,0.0,0,BB,HRV,Online TA,TA/TO,0,0,0,E,E,0,No Deposit,240.0,0,Transient,244.0,1,0
Resort Hotel,0,23,2017,August,34,26,2,1,2,0.0,0,BB,ESP,Online TA,TA/TO,0,0,0,A,A,0,No Deposit,241.0,0,Transient,168.0,0,1
Resort Hotel,0,10,2017,August,34,23,2,4,2,0.0,0,BB,PRT,Online TA,TA/TO,0,0,0,A,I,0,No Deposit,240.0,0,Transient,225.67,0,2
Resort Hotel,0,1,2017,August,35,29,0,1,2,0.0,0,BB,PRT,Direct,Direct,0,0,0,A,A,0,No Deposit,,0,Transient,204.0,0,2
Resort Hotel,0,9,2017,August,34,22,2,5,2,0.0,0,BB,PRT,Online TA,TA/TO,0,0,0,A,A,0,No Deposit,240.0,0,Transient,210.0,0,2
Resort Hotel,0,21,2017,August,34,25,2,2,2,0.0,0,BB,ESP,Online TA,TA/TO,0,0,0,A,A,0,No Deposit,240.0,0,Transient,224.0,0,2
Resort Hotel,0,191,2017,August,34,20,4,5,2,0.0,0,SC,GBR,Offline TA/TO,TA/TO,0,0,0,D,I,2,No Deposit,243.0,0,Contract,1.56,0,2
Resort Hotel,0,228,2017,August,34,23,2,5,2,0.0,0,HB,IRL,Online TA,TA/TO,0,0,0,A,A,0,No Deposit,240.0,0,Transient-Party,185.46,0,2
Resort Hotel,0,41,2017,August,34,26,2,2,2,0.0,0,HB,ESP,Online TA,TA/TO,0,0,0,D,D,0,No Deposit,240.0,0,Transient,266.0,1,2
Resort Hotel,0,85,2017,August,35,27,2,1,2,0.0,0,HB,ESP,Online TA,TA/TO,0,0,0,A,A,0,No Deposit,240.0,0,Transient,236.0,1,2
Resort Hotel,0,125,2017,August,35,28,1,1,2,0.0,0,BB,USA,Online TA,TA/TO,0,0,0,C,C,0,No Deposit,241.0,0,Transient,204.0,0,1
Resort Hotel,0,28,2017,August,35,27,2,1,2,0.0,0,BB,BEL,Online TA,TA/TO,0,0,0,A,A,0,No Deposit,240.0,0,Transient,204.0,1,2
Resort Hotel,0,73,2017,August,34,26,2,2,2,0.0,0,BB,CN,Online TA,TA/TO,0,0,0,D,D,0,No Deposit,241.0,0,Transient,167.2,0,1
Resort Hotel,0,165,2017,August,34,20,4,6,2,0.0,0,BB,IRL,Online TA,TA/TO,0,0,0,D,D,0,No Deposit,241.0,0,Transient,172.4,0,1
Resort Hotel,0,69,2017,August,35,27,2,1,2,0.0,0,BB,GBR,Online TA,TA/TO,0,0,0,A,A,0,No Deposit,240.0,0,Transient,190.0,0,2
Resort Hotel,0,23,2017,August,34,23,2,5,2,0.0,0,HB,BEL,Offline TA/TO,TA/TO,0,0,0,A,A,0,No Deposit,479.0,0,Transient,146.5,0,1
Resort Hotel,0,228,2017,August,35,30,0,3,2,0.0,0,HB,PRT,Direct,Direct,0,0,0,A,C,3,No Deposit,250.0,0,Transient,28.0,0,1
Resort Hotel,0,64,2017,August,35,28,1,1,2,0.0,0,BB,PRT,Online TA,TA/TO,0,0,0,A,E,0,No Deposit,240.0,0,Transient,185.0,0,1
Resort Hotel,0,0,2017,August,35,30,0,0,2,0.0,0,BB,PRT,Online TA,TA/TO,1,0,0,A,A,0,No Deposit,306.0,0,Transient,0.0,0,0
Resort Hotel,0,148,2017,August,34,24,2,5,2,0.0,0,BB,IRL,Offline TA/TO,TA/TO,0,0,0,D,E,0,No Deposit,243.0,0,Transient,123.5,0,0
Resort Hotel,0,99,2017,August,34,24,2,5,2,0.0,0,BB,GBR,Offline TA/TO,TA/TO,0,0,0,D,D,0,No Deposit,40.0,0,Contract,135.0,0,1
Resort Hotel,0,176,2017,August,34,24,2,5,2,0.0,0,BB,GBR,Offline TA/TO,TA/TO,0,0,0,A,A,0,No Deposit,243.0,0,Contract,104.85,0,1
Resort Hotel,0,176,2017,August,34,24,2,5,2,0.0,0,BB,GBR,Offline TA/TO,TA/TO,0,0,0,A,A,0,No Deposit,243.0,0,Contract,104.85,0,1
Resort Hotel,0,269,2017,August,34,24,2,5,2,0.0,0,BB,GBR,Offline TA/TO,TA/TO,0,0,0,D,D,0,No Deposit,40.0,0,Contract,123.5,0,2
Resort Hotel,0,3,2017,August,35,28,1,2,2,0.0,0,HB,GBR,Online TA,TA/TO,0,0,0,E,E,0,No Deposit,240.0,0,Transient,235.8,0,2
Resort Hotel,0,112,2017,August,34,24,2,5,2,0.0,0,HB,GBR,Offline TA/TO,TA/TO,0,0,0,A,A,0,No Deposit,40.0,0,Contract,146.5,0,3
Resort Hotel,0,14,2017,August,34,24,2,5,2,0.0,0,BB,GBR,Offline TA/TO,TA/TO,0,0,0,D,D,0,No Deposit,40.0,0,Contract,135.0,0,2
Resort Hotel,0,14,2017,August,34,24,2,5,2,0.0,0,BB,GBR,Offline TA/TO,TA/TO,0,0,0,D,D,0,No Deposit,40.0,0,Group,135.0,0,0
Resort Hotel,0,172,2017,August,34,24,2,5,2,0.0,0,BB,ITA,Direct,Direct,0,0,0,D,D,0,No Deposit,250.0,0,Transient,205.0,0,2
Resort Hotel,0,0,2017,August,35,30,0,1,2,0.0,0,BB,PRT,Direct,Direct,0,0,0,A,A,0,No Deposit,250.0,0,Transient,175.0,0,1
Resort Hotel,0,407,2017,August,34,24,2,5,2,0.0,0,BB,GBR,Offline TA/TO,TA/TO,0,0,0,D,D,0,No Deposit,243.0,0,Contract,121.5,0,2
Resort Hotel,0,407,2017,August,34,24,2,5,2,0.0,0,BB,GBR,Offline TA/TO,TA/TO,0,0,0,D,D,0,No Deposit,243.0,0,Contract,121.5,0,2
Resort Hotel,0,162,2017,August,34,24,2,5,2,0.0,0,HB,PRT,Offline TA/TO,TA/TO,0,0,0,A,A,0,No Deposit,6.0,0,Transient,152.43,1,2
Resort Hotel,0,211,2017,August,34,22,2,7,2,0.0,0,BB,EST,Direct,Direct,0,0,0,A,A,0,No Deposit,250.0,0,Transient,124.54,0,1
Resort Hotel,0,34,2017,August,34,24,2,5,2,0.0,0,BB,PRT,Direct,Direct,0,0,0,F,F,0,No Deposit,,0,Transient,256.0,1,3
Resort Hotel,0,59,2017,August,34,26,2,3,2,0.0,0,HB,ESP,Online TA,TA/TO,0,0,0,A,A,0,No Deposit,240.0,0,Transient,230.0,0,4
Resort Hotel,0,7,2017,August,34,25,2,4,2,0.0,0,HB,PRT,Online TA,TA/TO,0,0,0,A,A,0,No Deposit,241.0,0,Transient,190.27,0,1
Resort Hotel,0,28,2017,August,35,28,1,2,2,0.0,0,HB,LUX,Online TA,TA/TO,0,0,0,E,E,0,No Deposit,240.0,0,Transient-Party,276.0,1,2
Resort Hotel,0,4,2017,August,35,27,2,2,2,0.0,0,BB,PRT,Direct,Direct,0,0,0,D,D,0,No Deposit,250.0,0,Transient,210.0,0,2
Resort Hotel,0,123,2017,August,35,27,2,2,2,0.0,0,BB,PRT,Offline TA/TO,TA/TO,0,0,0,A,A,0,No Deposit,410.0,0,Transient,118.5,0,0
Resort Hotel,0,185,2017,August,35,27,2,2,2,0.0,0,BB,CN,Offline TA/TO,TA/TO,0,0,0,A,A,0,No Deposit,410.0,0,Transient,116.5,0,2
Resort Hotel,0,229,2017,August,35,27,2,2,2,0.0,0,BB,CN,Offline TA/TO,TA/TO,0,0,0,A,B,0,No Deposit,410.0,0,Transient,104.85,0,0
Resort Hotel,0,56,2017,August,35,27,2,2,2,0.0,0,HB,CHE,Online TA,TA/TO,0,0,0,D,D,0,No Deposit,240.0,0,Transient-Party,242.0,0,3
Resort Hotel,0,56,2017,August,35,27,2,2,2,0.0,0,HB,CHE,Online TA,TA/TO,0,0,0,A,A,0,No Deposit,240.0,0,Transient-Party,222.0,0,3
Resort Hotel,0,56,2017,August,35,27,2,2,2,0.0,0,HB,CHE,Online TA,TA/TO,0,0,0,E,F,0,No Deposit,240.0,0,Transient-Party,262.0,0,3
Resort Hotel,0,56,2017,August,35,27,2,2,2,0.0,0,HB,CHE,Online TA,TA/TO,0,0,0,A,A,0,No Deposit,240.0,0,Transient-Party,222.0,0,3
Resort Hotel,0,5,2017,August,35,30,0,1,2,0.0,0,BB,NLD,Online TA,TA/TO,0,0,0,A,A,0,No Deposit,240.0,0,Transient,171.0,0,1
Resort Hotel,0,10,2017,August,35,31,0,2,2,0.0,0,BB,NLD,Online TA,TA/TO,0,0,0,A,A,0,No Deposit,240.0,0,Transient,175.0,0,2
Resort Hotel,0,59,2017,August,34,26,2,3,2,0.0,0,HB,ESP,Online TA,TA/TO,0,0,0,A,A,0,No Deposit,240.0,0,Transient,230.0,0,4
Resort Hotel,0,28,2017,August,35,28,1,2,2,0.0,0,HB,PRT,Online TA,TA/TO,0,0,0,E,E,0,No Deposit,240.0,0,Transient-Party,262.0,0,2
Resort Hotel,0,34,2017,August,34,24,2,5,2,0.0,0,BB,PRT,Direct,Direct,0,0,0,F,F,0,No Deposit,,0,Transient,256.0,0,3
Resort Hotel,0,56,2017,August,35,28,1,2,2,0.0,0,HB,ESP,Online TA,TA/TO,0,0,0,A,A,0,No Deposit,175.0,0,Transient,191.6,1,0
Resort Hotel,0,169,2017,August,34,25,2,5,2,0.0,0,BB,GBR,Offline TA/TO,TA/TO,0,0,0,D,D,0,No Deposit,40.0,0,Contract,123.5,0,0
Resort Hotel,0,23,2017,August,35,31,0,1,2,0.0,0,BB,RUS,Online TA,TA/TO,0,0,0,E,F,0,No Deposit,240.0,0,Transient,217.0,0,2
Resort Hotel,0,238,2017,August,34,25,2,5,2,0.0,0,HB,PRT,Online TA,TA/TO,0,0,0,A,A,1,No Deposit,314.0,0,Transient,134.1,0,0
Resort Hotel,0,172,2017,August,34,25,2,5,2,0.0,0,FB,PRT,Online TA,TA/TO,0,0,0,A,A,2,No Deposit,5.0,0,Transient,202.0,0,0
Resort Hotel,0,8,2017,August,35,30,0,2,2,0.0,0,Undefined,PRT,Direct,Direct,0,0,0,D,D,1,No Deposit,250.0,0,Transient,266.06,1,0
Resort Hotel,0,19,2017,August,35,30,0,2,2,0.0,0,BB,BRA,Online TA,TA/TO,0,0,0,A,C,0,No Deposit,241.0,0,Transient,139.0,0,1
Resort Hotel,0,50,2017,August,34,22,2,8,2,0.0,0,BB,CHE,Direct,Direct,0,0,0,D,A,0,No Deposit,250.0,0,Transient,241.75,1,1
Resort Hotel,0,108,2017,August,34,22,2,8,2,0.0,0,BB,GBR,Offline TA/TO,TA/TO,0,0,0,E,E,0,No Deposit,26.0,0,Transient,208.28,0,0
Resort Hotel,0,190,2017,August,34,22,2,8,2,0.0,0,BB,FRA,Online TA,TA/TO,0,0,0,E,E,2,No Deposit,240.0,0,Transient,207.4,0,1
Resort Hotel,0,31,2017,August,35,28,1,3,2,0.0,0,BB,ESP,Online TA,TA/TO,0,0,0,A,A,0,No Deposit,240.0,0,Transient,196.75,1,2
Resort Hotel,0,1,2017,August,35,28,1,3,2,0.0,0,BB,ESP,Online TA,TA/TO,0,0,0,E,E,1,No Deposit,240.0,0,Transient,212.5,0,3
Resort Hotel,0,43,2017,August,35,30,0,2,2,0.0,0,BB,GBR,Direct,Direct,0,0,0,A,A,2,No Deposit,250.0,0,Transient,177.75,0,1
Resort Hotel,0,82,2017,August,35,29,0,3,2,0.0,0,BB,SWE,Online TA,TA/TO,0,0,0,E,E,1,No Deposit,240.0,0,Transient,230.0,0,3
Resort Hotel,0,42,2017,August,34,23,2,7,2,0.0,0,BB,IRL,Online TA,TA/TO,0,0,0,E,E,0,No Deposit,314.0,0,Transient,205.18,0,0
Resort Hotel,0,37,2017,August,34,26,2,4,2,0.0,0,HB,ESP,Direct,Direct,0,0,0,E,E,1,No Deposit,250.0,0,Transient,277.67,1,1
Resort Hotel,0,74,2017,August,35,28,1,4,2,0.0,0,BB,SVK,Online TA,TA/TO,0,0,0,D,D,0,No Deposit,240.0,0,Transient,199.4,1,2
Resort Hotel,0,222,2017,August,34,24,2,7,2,0.0,0,BB,GBR,Offline TA/TO,TA/TO,0,0,0,A,A,0,No Deposit,40.0,0,Contract,106.64,0,1
Resort Hotel,0,5,2017,August,35,28,1,4,2,0.0,0,BB,CN,Online TA,TA/TO,0,0,0,D,D,0,No Deposit,240.0,0,Transient,218.0,0,2
Resort Hotel,0,162,2017,August,33,19,4,10,2,0.0,0,BB,GBR,Offline TA/TO,TA/TO,0,0,0,D,D,0,No Deposit,40.0,0,Contract,135.0,0,0
Resort Hotel,0,142,2017,August,34,26,2,5,2,0.0,0,HB,PRT,Offline TA/TO,TA/TO,0,0,0,D,D,0,No Deposit,96.0,0,Transient,169.0,0,0
Resort Hotel,0,277,2017,August,34,26,2,5,2,0.0,0,HB,PRT,Direct,Direct,0,0,0,E,E,0,No Deposit,,0,Transient,182.06,0,2
Resort Hotel,0,115,2017,August,35,28,1,4,2,0.0,0,FB,PRT,Offline TA/TO,TA/TO,0,0,0,D,D,3,No Deposit,6.0,0,Transient,207.0,1,1
Resort Hotel,0,115,2017,August,35,28,1,4,2,0.0,0,FB,PRT,Offline TA/TO,TA/TO,0,0,0,D,D,1,No Deposit,6.0,0,Transient,191.0,0,1
Resort Hotel,0,75,2017,August,35,30,0,3,2,0.0,0,BB,CN,Offline TA/TO,TA/TO,0,0,0,D,D,0,No Deposit,8.0,0,Transient,160.33,1,0
Resort Hotel,0,30,2017,August,35,31,0,2,2,0.0,0,BB,TUR,Online TA,TA/TO,0,0,0,A,A,0,No Deposit,241.0,0,Transient,142.0,0,4
Resort Hotel,0,0,2017,August,35,28,1,4,2,0.0,0,BB,PRT,Online TA,TA/TO,0,0,0,A,A,1,No Deposit,240.0,0,Transient,192.8,0,1
Resort Hotel,0,30,2017,August,35,29,0,4,2,0.0,0,BB,ESP,Online TA,TA/TO,0,0,0,A,A,0,No Deposit,240.0,0,Transient,196.5,1,2
Resort Hotel,0,128,2017,August,35,28,1,4,2,0.0,0,HB,ESP,Online TA,TA/TO,0,0,0,A,A,0,No Deposit,240.0,0,Transient,237.0,0,2
Resort Hotel,0,10,2017,August,34,26,2,5,2,0.0,0,BB,CHE,Online TA,TA/TO,0,0,0,F,F,0,No Deposit,241.0,0,Transient,176.86,1,1
Resort Hotel,0,45,2017,August,35,31,0,2,2,0.0,0,BB,USA,Online TA,TA/TO,0,0,0,D,D,0,No Deposit,240.0,0,Transient,214.0,0,2
Resort Hotel,0,59,2017,August,35,27,2,4,2,0.0,0,BB,BGR,Online TA,TA/TO,0,0,0,A,A,0,No Deposit,240.0,0,Transient,168.0,0,0
Resort Hotel,0,50,2017,August,35,28,1,4,2,0.0,0,HB,PRT,Online TA,TA/TO,0,0,0,A,A,0,No Deposit,241.0,0,Transient,174.4,0,1
Resort Hotel,0,217,2017,August,35,29,0,4,2,0.0,0,BB,CN,Offline TA/TO,TA/TO,0,0,0,A,A,2,No Deposit,410.0,0,Transient,106.35,0,1
Resort Hotel,0,40,2017,August,35,31,0,2,2,0.0,0,BB,NLD,Online TA,TA/TO,0,0,0,A,A,0,No Deposit,240.0,0,Transient,180.0,0,3
Resort Hotel,0,142,2017,August,34,26,2,5,2,0.0,0,HB,PRT,Offline TA/TO,TA/TO,0,0,0,D,D,0,No Deposit,96.0,0,Transient,169.0,0,0
Resort Hotel,0,6,2017,August,35,29,0,4,2,0.0,0,BB,GBR,Online TA,TA/TO,0,0,0,D,F,0,No Deposit,314.0,0,Transient,149.45,0,0
Resort Hotel,0,1,2017,August,35,31,0,2,2,0.0,0,BB,ESP,Direct,Direct,0,0,0,A,A,0,No Deposit,250.0,0,Transient,184.0,1,0
Resort Hotel,0,26,2017,August,34,26,2,5,2,0.0,0,HB,BEL,Offline TA/TO,TA/TO,0,0,0,D,D,0,No Deposit,479.0,0,Transient,166.71,0,0
Resort Hotel,0,81,2017,August,35,27,2,5,2,0.0,0,BB,GBR,Offline TA/TO,TA/TO,0,0,0,D,D,0,No Deposit,243.0,0,Group,135.0,0,0
Resort Hotel,0,63,2017,August,35,28,1,5,2,0.0,0,BB,GBR,Offline TA/TO,TA/TO,0,0,0,A,A,0,No Deposit,40.0,0,Contract,118.5,0,1
Resort Hotel,0,151,2017,August,35,27,2,5,2,0.0,0,FB,PRT,Offline TA/TO,TA/TO,0,0,0,D,D,0,No Deposit,243.0,0,Transient,171.5,0,0
Resort Hotel,0,95,2017,August,35,27,2,5,2,0.0,0,BB,PRT,Online TA,TA/TO,0,0,0,A,A,4,No Deposit,240.0,0,Transient,184.29,1,2
Resort Hotel,0,2,2017,August,35,31,0,3,2,0.0,0,Undefined,PRT,Direct,Direct,0,0,0,A,D,2,No Deposit,250.0,0,Transient,245.33,0,2
Resort Hotel,0,202,2017,August,35,27,2,5,2,0.0,0,BB,GBR,Online TA,TA/TO,0,0,0,A,A,0,No Deposit,241.0,0,Transient,118.75,0,1
Resort Hotel,0,51,2017,August,35,28,1,5,2,0.0,0,BB,PRT,Online TA,TA/TO,0,0,0,A,A,3,No Deposit,15.0,0,Transient,161.33,1,1
Resort Hotel,0,202,2017,August,35,27,2,5,2,0.0,0,BB,IRL,Online TA,TA/TO,0,0,0,A,A,0,No Deposit,241.0,0,Transient,118.75,0,1
Resort Hotel,0,46,2017,August,35,31,0,3,2,0.0,0,BB,CN,Online TA,TA/TO,0,0,0,A,A,0,No Deposit,241.0,0,Transient,127.2,0,1
Resort Hotel,0,126,2017,August,35,29,0,5,2,0.0,0,BB,USA,Direct,Direct,0,0,0,E,E,2,No Deposit,250.0,0,Transient,240.6,1,1
Resort Hotel,0,171,2017,August,35,27,2,5,2,0.0,0,BB,PRT,Offline TA/TO,TA/TO,0,0,0,E,E,0,No Deposit,75.0,0,Transient,131.4,1,0
Resort Hotel,0,171,2017,August,35,27,2,5,2,0.0,0,BB,PRT,Offline TA/TO,TA/TO,0,0,0,D,D,0,No Deposit,75.0,0,Transient,121.5,0,0
Resort Hotel,0,2,2017,August,35,31,0,3,2,0.0,0,BB,PRT,Direct,Direct,0,0,0,A,F,0,No Deposit,,0,Transient-Party,174.0,1,0
Resort Hotel,0,3,2017,August,35,31,0,3,2,0.0,0,HB,DEU,Online TA,TA/TO,0,0,0,E,E,0,No Deposit,240.0,0,Transient,261.0,1,2
Resort Hotel,0,17,2017,August,35,31,0,3,2,0.0,0,HB,ESP,Online TA,TA/TO,0,0,0,A,A,0,No Deposit,240.0,0,Transient-Party,207.0,0,3
Resort Hotel,0,17,2017,August,35,31,0,3,2,0.0,0,HB,ESP,Online TA,TA/TO,0,0,0,A,A,0,No Deposit,240.0,0,Transient-Party,221.0,0,3
Resort Hotel,0,193,2017,August,35,28,1,5,2,0.0,0,BB,PRT,Direct,Direct,0,0,0,E,G,0,No Deposit,250.0,0,Transient,205.7,1,2
Resort Hotel,0,15,2017,August,35,30,0,4,2,0.0,0,HB,PRT,Online TA,TA/TO,0,0,0,A,A,0,No Deposit,240.0,0,Transient,210.75,0,3
Resort Hotel,0,111,2017,August,35,27,2,5,2,0.0,0,BB,GBR,Offline TA/TO,TA/TO,0,0,0,E,E,0,No Deposit,40.0,0,Contract,148.0,0,0
Resort Hotel,0,97,2017,August,35,27,2,5,2,0.0,0,BB,GBR,Offline TA/TO,TA/TO,0,0,0,A,A,0,No Deposit,40.0,0,Contract,118.5,0,1
Resort Hotel,0,97,2017,August,35,27,2,5,2,0.0,0,BB,GBR,Offline TA/TO,TA/TO,0,0,0,A,A,0,No Deposit,40.0,0,Contract,118.5,0,1
Resort Hotel,0,18,2017,August,35,28,1,5,2,0.0,0,BB,GBR,Offline TA/TO,TA/TO,0,0,0,D,D,0,No Deposit,40.0,0,Group,135.0,0,2
Resort Hotel,0,19,2017,August,35,31,0,3,2,0.0,0,HB,ESP,Online TA,TA/TO,0,0,0,A,A,0,No Deposit,15.0,0,Transient,165.6,0,0
Resort Hotel,0,161,2017,August,34,23,3,9,2,0.0,0,HB,DEU,Offline TA/TO,TA/TO,0,0,0,E,E,0,No Deposit,75.0,0,Transient,158.6,0,1
Resort Hotel,0,61,2017,August,35,28,2,5,2,0.0,0,BB,GBR,Offline TA/TO,TA/TO,0,0,0,D,D,0,No Deposit,243.0,0,Transient,137.0,0,2
Resort Hotel,0,34,2017,August,35,28,2,5,2,0.0,0,BB,GBR,Offline TA/TO,TA/TO,0,0,0,D,D,0,No Deposit,40.0,0,Contract,137.0,0,0
Resort Hotel,0,7,2017,August,35,30,1,4,2,0.0,0,BB,ESP,Online TA,TA/TO,0,0,0,A,A,0,No Deposit,240.0,0,Transient,192.0,1,1
Resort Hotel,0,42,2017,August,35,28,2,5,2,0.0,0,BB,GBR,Offline TA/TO,TA/TO,0,0,0,A,A,0,No Deposit,40.0,0,Contract,118.5,0,0
Resort Hotel,0,153,2017,August,35,28,2,5,2,0.0,0,HB,PRT,Direct,Direct,0,0,0,D,D,0,No Deposit,,0,Transient,204.93,0,3
Resort Hotel,0,73,2017,August,35,28,2,5,2,0.0,0,HB,IRL,Online TA,TA/TO,0,0,0,D,D,1,No Deposit,314.0,0,Transient,221.41,0,0
Resort Hotel,0,27,2017,August,35,28,2,5,2,0.0,0,BB,CHE,Direct,Direct,0,0,0,F,F,0,No Deposit,250.0,0,Transient,234.29,0,1
Resort Hotel,0,34,2017,August,35,29,2,5,2,0.0,0,HB,BEL,Offline TA/TO,TA/TO,0,0,0,D,D,0,No Deposit,479.0,0,Transient,165.0,0,0
Resort Hotel,0,137,2017,August,34,26,4,6,2,0.0,0,BB,GBR,Offline TA/TO,TA/TO,0,0,0,A,A,0,No Deposit,40.0,0,Contract,118.5,0,0
Resort Hotel,0,19,2017,August,35,29,2,5,2,0.0,0,BB,GBR,Offline TA/TO,TA/TO,0,0,0,D,D,0,No Deposit,40.0,0,Transient,135.0,0,2
Resort Hotel,0,229,2017,August,35,27,4,5,2,0.0,0,BB,GBR,Offline TA/TO,TA/TO,0,0,0,E,E,0,No Deposit,40.0,0,Transient,131.4,0,0
Resort Hotel,0,97,2017,August,35,27,4,5,2,0.0,0,BB,ESP,Offline TA/TO,TA/TO,0,0,0,E,E,0,No Deposit,134.0,0,Transient,156.0,0,0
Resort Hotel,0,51,2017,August,35,31,2,3,2,0.0,0,BB,GBR,Offline TA/TO,TA/TO,0,0,0,A,A,0,No Deposit,40.0,0,Contract,116.5,0,0
Resort Hotel,0,64,2017,August,35,31,2,3,2,0.0,0,BB,GBR,Online TA,TA/TO,0,0,0,F,F,0,No Deposit,241.0,0,Transient,187.19,0,1
Resort Hotel,0,6,2017,August,35,29,2,5,2,0.0,0,BB,IRL,Online TA,TA/TO,0,0,0,A,A,0,No Deposit,241.0,0,Transient,130.23,0,1
Resort Hotel,0,117,2017,August,35,29,2,5,2,0.0,0,BB,ITA,Offline TA/TO,TA/TO,0,0,0,D,D,0,No Deposit,8.0,0,Transient,152.43,1,0
Resort Hotel,0,33,2017,August,35,31,2,3,2,0.0,0,BB,PRT,Online TA,TA/TO,0,0,0,A,A,0,No Deposit,241.0,0,Transient,154.0,0,1
Resort Hotel,0,292,2017,August,35,28,3,5,2,0.0,0,HB,ROU,Offline TA/TO,TA/TO,0,0,0,E,E,5,No Deposit,11.0,0,Transient-Party,166.6,0,1
Resort Hotel,0,293,2017,August,35,29,2,5,2,0.0,0,HB,ROU,Offline TA/TO,TA/TO,0,0,0,E,E,5,No Deposit,11.0,0,Transient-Party,166.6,0,1
Resort Hotel,0,30,2017,August,35,31,2,3,2,0.0,0,HB,GBR,Online TA,TA/TO,0,0,0,A,A,0,No Deposit,241.0,0,Transient,149.45,0,1
Resort Hotel,0,137,2017,August,34,26,4,6,2,0.0,0,BB,GBR,Offline TA/TO,TA/TO,0,0,0,A,A,0,No Deposit,40.0,0,Contract,118.5,0,1
Resort Hotel,0,0,2017,August,35,29,2,5,2,0.0,0,BB,PRT,Online TA,TA/TO,0,0,0,A,A,0,No Deposit,240.0,0,Transient,186.43,1,2
Resort Hotel,0,87,2017,August,35,30,2,4,2,0.0,0,HB,ESP,Online TA,TA/TO,0,0,0,D,I,0,No Deposit,429.0,0,Transient,0.0,0,0
Resort Hotel,0,191,2017,August,35,28,3,6,2,0.0,0,BB,DEU,Offline TA/TO,TA/TO,0,0,0,D,D,0,No Deposit,8.0,0,Transient,99.0,0,0
Resort Hotel,0,58,2017,August,35,30,2,5,2,0.0,0,BB,GBR,Online TA,TA/TO,0,0,0,A,A,0,No Deposit,241.0,0,Transient,140.57,0,0
Resort Hotel,0,172,2017,August,35,28,3,6,2,0.0,0,BB,GBR,Online TA,TA/TO,0,0,0,D,D,0,No Deposit,240.0,0,Transient,195.11,0,2
Resort Hotel,0,20,2017,August,35,30,2,5,2,0.0,0,BB,GBR,Offline TA/TO,TA/TO,0,0,0,D,D,0,No Deposit,40.0,0,Group,92.0,0,0
Resort Hotel,0,50,2017,August,35,30,2,5,2,0.0,0,BB,IRL,Online TA,TA/TO,0,0,0,A,A,0,No Deposit,241.0,0,Transient,123.88,0,1
Resort Hotel,0,88,2017,August,34,26,4,7,2,0.0,0,HB,PRT,Direct,Direct,0,0,0,A,A,0,No Deposit,,0,Transient,211.2,0,2
Resort Hotel,0,41,2017,August,35,29,2,6,2,0.0,0,BB,PRT,Online TA,TA/TO,0,0,0,A,A,0,No Deposit,240.0,0,Transient,177.5,0,2
Resort Hotel,0,161,2017,August,35,30,2,5,2,0.0,0,BB,PRT,Online TA,TA/TO,0,0,0,E,E,0,No Deposit,240.0,0,Transient,213.43,0,2
Resort Hotel,0,138,2017,August,35,30,2,5,2,0.0,0,BB,IRL,Offline TA/TO,TA/TO,0,0,0,D,D,0,No Deposit,436.0,0,Transient,99.0,0,0
Resort Hotel,0,151,2017,August,35,31,2,5,2,0.0,0,BB,IRL,Direct,Direct,0,0,0,A,A,0,No Deposit,250.0,0,Transient,167.43,0,0
Resort Hotel,0,135,2017,August,35,30,2,6,2,0.0,0,HB,BEL,Offline TA/TO,TA/TO,0,0,0,D,D,1,No Deposit,479.0,0,Group,122.0,0,2
Resort Hotel,0,301,2017,August,35,31,2,5,2,0.0,0,HB,GBR,Offline TA/TO,TA/TO,0,0,0,D,D,0,No Deposit,143.0,0,Transient,110.8,0,2
Resort Hotel,0,21,2017,August,35,31,2,5,2,0.0,0,BB,GBR,Offline TA/TO,TA/TO,0,0,0,E,E,0,No Deposit,40.0,0,Contract,101.7,0,2
Resort Hotel,0,379,2017,August,34,24,4,10,2,0.0,0,BB,GBR,Offline TA/TO,TA/TO,0,0,0,A,A,0,No Deposit,243.0,0,Contract,72.2,0,1
Resort Hotel,0,279,2017,August,35,31,2,5,2,0.0,0,BB,GBR,Offline TA/TO,TA/TO,0,0,0,A,A,0,No Deposit,40.0,0,Contract,72.2,0,1
Resort Hotel,0,21,2017,August,35,31,2,5,2,0.0,0,BB,GBR,Offline TA/TO,TA/TO,0,0,0,E,E,0,No Deposit,40.0,0,Contract,101.7,0,2
Resort Hotel,0,279,2017,August,35,31,2,5,2,0.0,0,BB,GBR,Offline TA/TO,TA/TO,0,0,0,A,A,0,No Deposit,40.0,0,Contract,72.2,0,1
Resort Hotel,0,191,2017,August,35,31,2,5,2,0.0,0,HB,GBR,Offline TA/TO,TA/TO,0,0,0,D,D,0,No Deposit,40.0,0,Contract,114.8,0,0
Resort Hotel,0,108,2017,August,35,31,2,5,2,0.0,0,HB,GBR,Online TA,TA/TO,0,0,0,E,E,0,No Deposit,241.0,0,Transient,207.03,0,1
Resort Hotel,0,210,2017,August,35,31,2,5,2,0.0,0,BB,GBR,Direct,Direct,0,0,0,F,F,0,No Deposit,250.0,0,Transient,187.0,0,1
Resort Hotel,0,270,2017,August,34,25,4,10,2,0.0,0,HB,GBR,Offline TA/TO,TA/TO,0,0,0,D,D,0,No Deposit,40.0,0,Contract,112.8,0,0
Resort Hotel,0,210,2017,August,34,25,4,10,2,0.0,0,BB,IRL,Offline TA/TO,TA/TO,0,0,0,E,E,0,No Deposit,171.0,0,Transient,103.7,0,0
Resort Hotel,0,208,2017,August,34,26,4,9,2,0.0,0,HB,DEU,Offline TA/TO,TA/TO,0,0,0,A,A,0,No Deposit,177.0,0,Transient,101.75,0,0
Resort Hotel,0,214,2017,August,35,29,2,8,2,0.0,0,BB,GBR,Offline TA/TO,TA/TO,0,0,0,D,D,0,No Deposit,40.0,0,Contract,85.8,0,0
Resort Hotel,0,239,2017,August,35,29,2,9,2,0.0,0,BB,ESP,Online TA,TA/TO,0,0,0,E,E,0,No Deposit,240.0,0,Transient,184.73,0,2
Resort Hotel,0,217,2017,August,35,31,2,7,2,0.0,0,HB,GBR,Offline TA/TO,TA/TO,0,0,0,D,E,0,No Deposit,40.0,0,Contract,110.8,0,0
Resort Hotel,0,173,2017,August,35,27,4,9,2,0.0,0,HB,PRT,Offline TA/TO,TA/TO,0,0,0,D,D,1,No Deposit,181.0,0,Transient-Party,168.92,0,1
Resort Hotel,0,264,2017,August,34,26,4,10,2,0.0,0,BB,NLD,Offline TA/TO,TA/TO,0,0,0,D,D,2,No Deposit,71.0,0,Transient,89.79,0,0
Resort Hotel,0,207,2017,August,34,26,4,10,2,0.0,0,HB,GBR,Offline TA/TO,TA/TO,0,0,0,E,E,0,No Deposit,143.0,0,Transient,131.7,0,2
Resort Hotel,0,269,2017,August,34,24,4,13,2,0.0,0,BB,GBR,Offline TA/TO,TA/TO,0,0,0,D,D,0,No Deposit,40.0,0,Contract,84.8,0,2
Resort Hotel,0,169,2017,August,35,30,2,9,2,0.0,0,BB,IRL,Direct,Direct,0,0,0,E,E,0,No Deposit,250.0,0,Transient-Party,204.27,0,1
Resort Hotel,0,169,2017,August,35,30,2,9,2,0.0,0,BB,IRL,Direct,Direct,0,0,0,E,E,0,No Deposit,250.0,0,Transient-Party,202.27,0,1
Resort Hotel,0,204,2017,August,35,29,4,10,2,0.0,0,BB,IRL,Direct,Direct,0,0,0,E,E,0,No Deposit,250.0,0,Transient,153.57,0,3
Resort Hotel,0,211,2017,August,35,31,4,10,2,0.0,0,HB,GBR,Offline TA/TO,TA/TO,0,0,0,D,D,0,No Deposit,40.0,0,Contract,112.8,0,1
Resort Hotel,0,161,2017,August,35,31,4,10,2,0.0,0,HB,DEU,Offline TA/TO,TA/TO,0,0,0,A,A,0,No Deposit,69.0,0,Transient,99.06,0,0
City Hotel,1,88,2015,July,27,1,0,4,2,0.0,0,BB,PRT,Online TA,TA/TO,0,0,0,A,A,0,No Deposit,9.0,0,Transient,76.5,0,1
City Hotel,1,92,2015,July,27,1,2,4,2,0.0,0,BB,PRT,Online TA,TA/TO,0,0,0,A,A,0,No Deposit,9.0,0,Transient,76.5,0,2
City Hotel,1,100,2015,July,27,2,0,2,2,0.0,0,BB,PRT,Online TA,TA/TO,0,0,0,A,A,0,No Deposit,9.0,0,Transient,76.5,0,1
City Hotel,1,79,2015,July,27,2,0,3,2,0.0,0,BB,PRT,Online TA,TA/TO,0,0,0,A,A,0,No Deposit,9.0,0,Transient,76.5,0,1
City Hotel,1,62,2015,July,27,2,2,3,2,0.0,0,BB,PRT,Online TA,TA/TO,0,0,0,A,A,0,No Deposit,8.0,0,Transient,76.5,0,1
City Hotel,1,62,2015,July,27,2,2,3,2,0.0,0,BB,PRT,Online TA,TA/TO,0,0,0,A,A,0,No Deposit,8.0,0,Transient,76.5,0,1
City Hotel,0,43,2015,July,27,3,0,2,2,0.0,0,HB,PRT,Groups,TA/TO,0,0,0,A,A,0,No Deposit,1.0,0,Transient-Party,86.0,0,0
City Hotel,0,43,2015,July,27,3,0,2,2,0.0,0,HB,PRT,Groups,TA/TO,0,0,0,A,A,1,No Deposit,1.0,0,Transient-Party,43.0,0,0
City Hotel,0,43,2015,July,27,3,0,2,2,0.0,0,HB,PRT,Groups,TA/TO,0,0,0,A,A,0,No Deposit,1.0,0,Transient-Party,86.0,0,0
City Hotel,1,43,2015,July,27,3,0,2,2,0.0,0,HB,PRT,Groups,TA/TO,0,0,0,A,A,0,No Deposit,1.0,0,Transient-Party,86.0,0,0
City Hotel,0,43,2015,July,27,3,0,2,2,0.0,0,HB,PRT,Groups,TA/TO,0,0,0,A,A,0,No Deposit,1.0,0,Transient-Party,86.0,0,0
City Hotel,0,43,2015,July,27,3,0,2,2,0.0,0,HB,PRT,Groups,TA/TO,0,0,0,A,A,0,No Deposit,1.0,0,Transient-Party,86.0,0,0
City Hotel,1,43,2015,July,27,3,0,2,2,0.0,0,HB,PRT,Groups,TA/TO,0,0,0,A,A,0,No Deposit,1.0,0,Transient-Party,86.0,0,0
City Hotel,1,97,2015,July,27,3,0,2,2,0.0,0,BB,PRT,Offline TA/TO,TA/TO,0,0,0,A,A,0,No Deposit,13.0,0,Transient,63.75,0,1
City Hotel,0,43,2015,July,27,3,0,2,2,0.0,0,HB,PRT,Groups,TA/TO,0,0,0,A,A,0,No Deposit,1.0,0,Transient-Party,86.0,0,0
City Hotel,0,43,2015,July,27,3,0,2,2,0.0,0,HB,PRT,Groups,TA/TO,0,0,0,A,A,0,No Deposit,1.0,0,Transient-Party,86.0,0,0
City Hotel,1,80,2015,July,27,3,1,2,2,0.0,0,BB,PRT,Online TA,TA/TO,0,0,0,A,A,0,No Deposit,9.0,0,Transient,76.5,0,1
City Hotel,0,60,2015,July,27,3,2,5,2,0.0,0,SC,PRT,Online TA,TA/TO,0,0,0,A,A,1,No Deposit,11.0,0,Transient,60.27,0,0
City Hotel,1,92,2015,July,27,4,2,1,2,0.0,0,BB,PRT,Online TA,TA/TO,0,0,0,A,A,1,No Deposit,9.0,0,Transient,76.5,0,1
City Hotel,1,71,2015,July,28,5,2,1,2,0.0,0,SC,PRT,Online TA,TA/TO,0,0,0,A,A,1,No Deposit,11.0,0,Transient,55.8,0,0
City Hotel,1,85,2015,July,28,5,2,1,2,0.0,0,BB,PRT,Online TA,TA/TO,0,0,0,A,A,0,No Deposit,7.0,0,Transient,52.36,0,0
City Hotel,1,92,2015,July,28,5,2,3,2,0.0,0,BB,PRT,Online TA,TA/TO,0,0,0,A,A,0,No Deposit,7.0,0,Transient,49.74,0,0
City Hotel,1,75,2015,July,28,6,1,1,2,0.0,0,BB,PRT,Online TA,TA/TO,0,0,0,A,A,0,No Deposit,9.0,0,Transient,76.5,0,1
City Hotel,1,83,2015,July,28,6,2,5,2,0.0,0,BB,PRT,Online TA,TA/TO,0,0,0,A,A,0,No Deposit,9.0,0,Transient,76.5,0,1
City Hotel,1,72,2015,July,28,6,3,6,2,0.0,0,BB,PRT,Online TA,TA/TO,0,0,0,A,A,0,No Deposit,9.0,0,Transient,76.5,0,1
City Hotel,1,111,2015,July,28,6,1,2,2,0.0,0,BB,PRT,Online TA,TA/TO,0,0,0,A,A,0,No Deposit,9.0,0,Transient,76.5,0,1
City Hotel,1,86,2015,July,28,6,1,3,2,0.0,0,BB,PRT,Online TA,TA/TO,0,0,0,A,A,0,No Deposit,9.0,0,Transient,76.5,0,0
City Hotel,1,73,2015,July,28,7,0,4,2,0.0,0,BB,PRT,Online TA,TA/TO,0,0,0,A,A,0,No Deposit,7.0,0,Transient,68.0,0,0
City Hotel,1,55,2015,July,28,7,0,4,2,0.0,0,BB,PRT,Online TA,TA/TO,0,0,0,A,A,1,No Deposit,9.0,0,Transient-Party,81.0,0,2
City Hotel,1,76,2015,July,28,7,0,3,2,0.0,0,BB,PRT,Online TA,TA/TO,0,0,0,A,A,0,No Deposit,9.0,0,Transient-Party,76.5,0,2
City Hotel,1,76,2015,July,28,7,0,3,2,0.0,0,BB,PRT,Online TA,TA/TO,0,0,0,A,A,0,No Deposit,9.0,0,Transient-Party,76.5,0,1
City Hotel,1,79,2015,July,28,7,0,3,2,0.0,0,BB,PRT,Complementary,TA/TO,0,0,0,A,A,0,No Deposit,,0,Transient,37.33,0,1
City Hotel,1,61,2015,July,28,7,0,4,2,0.0,0,BB,PRT,Online TA,TA/TO,0,0,0,A,A,0,No Deposit,9.0,0,Transient,76.5,0,1
City Hotel,1,55,2015,July,28,7,0,4,2,0.0,0,BB,PRT,Online TA,TA/TO,0,0,0,A,A,1,No Deposit,9.0,0,Transient-Party,90.0,0,2
City Hotel,1,63,2015,July,28,7,2,5,2,0.0,0,BB,PRT,Direct,Direct,0,0,0,B,B,0,No Deposit,,0,Transient-Party,45.0,0,1
City Hotel,1,63,2015,July,28,7,2,5,2,0.0,0,BB,PRT,Direct,Direct,0,0,0,B,B,2,No Deposit,,0,Transient-Party,45.0,0,1
City Hotel,1,77,2015,July,28,7,2,5,2,0.0,0,BB,PRT,Online TA,TA/TO,0,0,0,A,A,0,No Deposit,8.0,0,Transient,76.5,0,0
City Hotel,0,54,2015,July,28,7,2,8,2,0.0,0,BB,PRT,Online TA,TA/TO,0,0,0,A,A,0,No Deposit,7.0,0,Transient,62.37,0,0
City Hotel,0,6,2015,July,28,8,0,2,2,0.0,0,BB,PRT,Groups,TA/TO,0,0,0,A,A,0,No Deposit,1.0,0,Transient-Party,62.0,0,0
City Hotel,1,105,2015,July,28,8,0,2,2,0.0,0,BB,PRT,Online TA,TA/TO,0,0,0,A,A,0,No Deposit,9.0,0,Transient,76.5,0,1
City Hotel,0,51,2015,July,28,8,1,4,2,0.0,0,BB,PRT,Offline TA/TO,TA/TO,0,0,0,A,A,0,No Deposit,27.0,0,Transient,67.5,0,0
City Hotel,1,97,2015,July,28,8,1,4,2,0.0,0,BB,PRT,Online TA,TA/TO,0,0,0,A,A,0,No Deposit,9.0,0,Transient,76.5,0,2
City Hotel,0,72,2015,July,28,8,1,4,2,0.0,0,BB,PRT,Online TA,TA/TO,0,0,0,A,A,0,No Deposit,8.0,0,Transient,76.5,0,0
City Hotel,1,72,2015,July,28,8,2,5,2,0.0,0,BB,PRT,Online TA,TA/TO,0,0,0,A,A,0,No Deposit,9.0,0,Transient,76.5,0,1
City Hotel,1,61,2015,July,28,8,2,8,2,0.0,0,BB,PRT,Online TA,TA/TO,0,0,0,A,A,0,No Deposit,8.0,0,Transient,68.85,0,0
City Hotel,1,63,2015,July,28,8,2,8,2,0.0,0,SC,PRT,Online TA,TA/TO,0,0,0,A,A,0,No Deposit,8.0,0,Transient,68.85,0,0
City Hotel,1,89,2015,July,28,9,0,3,2,0.0,0,BB,PRT,Online TA,TA/TO,0,0,0,A,A,0,No Deposit,9.0,0,Transient,76.5,0,1
City Hotel,0,92,2015,July,28,9,2,3,2,0.0,0,BB,PRT,Online TA,TA/TO,0,0,0,A,A,0,No Deposit,7.0,0,Transient,58.9,0,1
City Hotel,1,84,2015,July,28,10,0,1,2,0.0,0,BB,PRT,Groups,TA/TO,0,0,0,A,A,0,No Deposit,1.0,0,Transient,63.75,0,0
City Hotel,1,65,2015,July,28,10,0,2,2,0.0,0,BB,PRT,Online TA,TA/TO,0,0,0,A,A,0,No Deposit,9.0,0,Transient,68.85,0,1
City Hotel,1,85,2015,July,28,10,1,2,2,0.0,0,BB,PRT,Direct,Direct,0,0,0,A,A,0,No Deposit,14.0,0,Transient,76.5,0,0
City Hotel,1,87,2015,July,28,10,3,7,2,0.0,0,BB,PRT,Online TA,TA/TO,0,0,0,A,A,0,No Deposit,7.0,0,Transient,58.9,0,1
City Hotel,1,87,2015,July,28,10,3,7,2,0.0,0,BB,PRT,Online TA,TA/TO,0,0,0,A,A,0,No Deposit,7.0,0,Transient,58.9,0,1
City Hotel,0,3,2015,July,28,11,0,1,2,0.0,0,BB,PRT,Offline TA/TO,TA/TO,0,0,0,A,A,0,No Deposit,17.0,0,Transient-Party,75.0,0,0
City Hotel,1,109,2015,July,28,11,2,1,2,0.0,0,BB,PRT,Online TA,TA/TO,0,0,0,A,A,0,No Deposit,9.0,0,Transient,76.5,0,1
City Hotel,0,96,2015,July,28,11,2,1,2,0.0,0,HB,PRT,Offline TA/TO,TA/TO,0,0,0,A,A,0,No Deposit,17.0,0,Transient-Party,94.5,0,0
City Hotel,0,96,2015,July,28,11,2,1,2,0.0,0,HB,PRT,Offline TA/TO,TA/TO,0,0,0,A,A,0,No Deposit,17.0,0,Transient-Party,94.5,0,0
City Hotel,1,65,2015,July,28,11,2,1,2,0.0,0,BB,PRT,Online TA,TA/TO,0,0,0,A,A,0,No Deposit,9.0,0,Transient,76.5,0,1
City Hotel,1,114,2015,July,28,11,2,1,2,0.0,0,BB,PRT,Online TA,TA/TO,0,0,0,A,A,0,No Deposit,8.0,0,Transient,76.5,0,0
City Hotel,0,96,2015,July,28,11,2,1,2,0.0,0,HB,PRT,Offline TA/TO,TA/TO,0,0,0,A,A,0,No Deposit,17.0,0,Transient-Party,94.5,0,0
City Hotel,1,96,2015,July,28,11,2,1,2,0.0,0,HB,ITA,Offline TA/TO,TA/TO,0,0,0,A,A,0,No Deposit,17.0,0,Transient-Party,94.5,0,0
City Hotel,0,61,2015,July,28,11,2,1,2,0.0,0,BB,PRT,Online TA,TA/TO,0,0,0,A,A,0,No Deposit,7.0,0,Transient,55.96,0,0
City Hotel,0,96,2015,July,28,11,2,1,2,0.0,0,HB,PRT,Offline TA/TO,TA/TO,0,0,0,A,A,0,No Deposit,17.0,0,Transient-Party,94.5,0,0
City Hotel,0,96,2015,July,28,11,2,1,2,0.0,0,HB,PRT,Offline TA/TO,TA/TO,0,0,0,A,A,0,No Deposit,17.0,0,Transient-Party,94.5,0,0
City Hotel,1,96,2015,July,28,11,2,1,2,0.0,0,HB,ITA,Offline TA/TO,TA/TO,0,0,0,A,A,0,No Deposit,17.0,0,Transient-Party,94.5,0,0
City Hotel,1,96,2015,July,28,11,2,1,2,0.0,0,HB,ITA,Offline TA/TO,TA/TO,0,0,0,A,A,0,No Deposit,17.0,0,Transient-Party,94.5,0,0
City Hotel,0,96,2015,July,28,11,2,1,2,0.0,0,HB,PRT,Offline TA/TO,TA/TO,0,0,0,A,A,0,No Deposit,17.0,0,Transient-Party,94.5,0,0
City Hotel,1,96,2015,July,28,11,2,1,2,0.0,0,HB,ITA,Offline TA/TO,TA/TO,0,0,0,A,A,0,No Deposit,17.0,0,Transient-Party,94.5,0,0
City Hotel,0,96,2015,July,28,11,2,1,2,0.0,0,HB,PRT,Offline TA/TO,TA/TO,0,0,0,A,A,0,No Deposit,17.0,0,Transient-Party,94.5,0,0
City Hotel,1,96,2015,July,28,11,2,1,2,0.0,0,HB,ITA,Offline TA/TO,TA/TO,0,0,0,A,A,0,No Deposit,17.0,0,Transient-Party,94.5,0,0
City Hotel,1,96,2015,July,28,11,2,1,2,0.0,0,HB,ITA,Offline TA/TO,TA/TO,0,0,0,A,A,0,No Deposit,17.0,0,Transient-Party,94.5,0,0
City Hotel,0,96,2015,July,28,11,2,1,2,0.0,0,HB,PRT,Offline TA/TO,TA/TO,0,0,0,A,A,0,No Deposit,17.0,0,Transient-Party,94.5,0,0
City Hotel,1,96,2015,July,28,11,2,1,2,0.0,0,HB,ITA,Offline TA/TO,TA/TO,0,0,0,A,A,0,No Deposit,17.0,0,Transient-Party,94.5,0,0
City Hotel,0,61,2015,July,28,11,2,1,2,0.0,0,BB,PRT,Online TA,TA/TO,0,0,0,A,A,0,No Deposit,7.0,0,Transient,55.96,0,0
City Hotel,0,66,2015,July,28,11,2,1,2,0.0,0,BB,PRT,Online TA,TA/TO,0,0,0,A,A,0,No Deposit,7.0,0,Transient,58.9,0,0
City Hotel,0,96,2015,July,28,11,2,1,2,0.0,0,HB,PRT,Offline TA/TO,TA/TO,0,0,0,A,A,0,No Deposit,17.0,0,Transient-Party,94.5,0,0
City Hotel,0,96,2015,July,28,11,2,1,2,0.0,0,HB,PRT,Offline TA/TO,TA/TO,0,0,0,A,A,0,No Deposit,17.0,0,Transient-Party,94.5,0,0
City Hotel,0,96,2015,July,28,11,2,1,2,0.0,0,HB,PRT,Offline TA/TO,TA/TO,0,0,0,A,A,0,No Deposit,17.0,0,Transient-Party,94.5,0,0
City Hotel,0,96,2015,July,28,11,2,1,2,0.0,0,HB,PRT,Offline TA/TO,TA/TO,0,0,0,A,A,0,No Deposit,17.0,0,Transient-Party,94.5,0,0
City Hotel,1,96,2015,July,28,11,2,1,2,0.0,0,HB,ITA,Offline TA/TO,TA/TO,0,0,0,A,A,0,No Deposit,17.0,0,Transient-Party,94.5,0,0
City Hotel,1,114,2015,July,28,11,2,1,2,0.0,0,BB,PRT,Online TA,TA/TO,0,0,0,A,A,0,No Deposit,8.0,0,Transient,76.5,0,0
City Hotel,0,96,2015,July,28,11,2,1,2,0.0,0,HB,PRT,Offline TA/TO,TA/TO,0,0,0,A,A,0,No Deposit,17.0,0,Transient-Party,94.5,0,0
City Hotel,1,96,2015,July,28,11,2,1,2,0.0,0,HB,ITA,Offline TA/TO,TA/TO,0,0,0,A,A,0,No Deposit,17.0,0,Transient-Party,94.5,0,0
City Hotel,0,96,2015,July,28,11,2,1,2,0.0,0,HB,PRT,Offline TA/TO,TA/TO,0,0,0,A,A,0,No Deposit,17.0,0,Transient-Party,94.5,0,0
City Hotel,1,96,2015,July,28,11,2,1,2,0.0,0,HB,ITA,Offline TA/TO,TA/TO,0,0,0,A,A,0,No Deposit,17.0,0,Transient-Party,94.5,0,0
City Hotel,1,96,2015,July,28,11,2,1,2,0.0,0,HB,ITA,Offline TA/TO,TA/TO,0,0,0,A,A,0,No Deposit,17.0,0,Transient-Party,94.5,0,0
City Hotel,1,69,2015,July,29,12,2,0,2,0.0,0,BB,PRT,Online TA,TA/TO,0,0,0,A,A,1,No Deposit,9.0,0,Transient,76.5,0,1
City Hotel,1,59,2015,July,29,12,2,4,2,0.0,0,BB,PRT,Online TA,TA/TO,0,0,0,A,A,0,No Deposit,9.0,0,Transient,76.5,0,0
City Hotel,0,96,2015,July,29,13,1,0,2,0.0,0,BB,PRT,Offline TA/TO,TA/TO,0,0,0,A,A,0,No Deposit,13.0,0,Transient,63.75,0,0
City Hotel,1,60,2015,July,29,13,1,0,2,0.0,0,BB,PRT,Direct,Direct,0,0,0,A,A,0,No Deposit,14.0,0,Transient,76.5,0,0
City Hotel,1,122,2015,July,29,13,1,0,2,0.0,0,BB,PRT,Online TA,TA/TO,0,0,0,A,A,0,No Deposit,9.0,0,Transient-Party,76.5,0,2
City Hotel,1,60,2015,July,29,13,1,0,2,0.0,0,BB,PRT,Direct,Direct,0,0,0,A,A,0,No Deposit,14.0,0,Transient,91.33,0,0
City Hotel,1,60,2015,July,29,13,1,0,2,0.0,0,BB,PRT,Direct,Direct,0,0,0,A,A,0,No Deposit,14.0,0,Transient,76.5,0,0
City Hotel,1,122,2015,July,29,13,1,0,2,0.0,0,BB,PRT,Online TA,TA/TO,0,0,0,A,A,0,No Deposit,9.0,0,Transient-Party,76.5,0,2
City Hotel,1,60,2015,July,29,13,1,0,2,0.0,0,BB,PRT,Direct,Direct,0,0,0,A,A,0,No Deposit,14.0,0,Transient,91.33,0,0
City Hotel,1,123,2015,July,29,13,1,0,2,0.0,0,BB,PRT,Online TA,TA/TO,0,0,0,A,A,0,No Deposit,9.0,0,Transient,76.5,0,1
City Hotel,1,73,2015,July,29,13,1,2,2,0.0,0,BB,PRT,Online TA,TA/TO,0,0,0,A,A,0,No Deposit,8.0,0,Transient,76.5,0,0
City Hotel,1,77,2015,July,29,13,1,2,2,0.0,0,BB,PRT,Online TA,TA/TO,0,0,0,A,A,0,No Deposit,9.0,0,Transient,76.5,0,1
City Hotel,1,123,2015,July,29,13,1,3,2,0.0,0,BB,PRT,Online TA,TA/TO,0,0,0,A,A,0,No Deposit,9.0,0,Transient,76.5,0,0
City Hotel,1,94,2015,July,29,14,0,3,2,0.0,0,BB,PRT,Online TA,TA/TO,0,0,0,A,A,0,No Deposit,9.0,0,Transient,76.5,0,1
City Hotel,1,120,2015,July,29,14,0,5,2,0.0,0,BB,PRT,Online TA,TA/TO,0,0,0,A,A,0,No Deposit,9.0,0,Transient,76.5,0,1
City Hotel,1,94,2015,July,29,14,2,7,2,0.0,0,BB,PRT,Online TA,TA/TO,0,0,0,A,A,0,No Deposit,7.0,0,Transient,55.96,0,0
City Hotel,1,0,2015,July,29,15,0,1,2,0.0,0,SC,PRT,Direct,Direct,0,0,0,A,F,0,No Deposit,,0,Transient,0.0,0,0
City Hotel,1,79,2015,July,29,15,0,4,2,0.0,0,BB,PRT,Online TA,TA/TO,0,0,0,A,A,0,No Deposit,9.0,0,Transient,85.5,0,1
City Hotel,1,92,2015,July,29,15,0,4,2,0.0,0,BB,PRT,Online TA,TA/TO,0,0,0,D,D,0,No Deposit,8.0,0,Transient,89.25,0,2
City Hotel,1,92,2015,July,29,15,0,4,2,0.0,0,BB,PRT,Online TA,TA/TO,0,0,0,D,D,0,No Deposit,8.0,0,Transient,89.25,0,1
City Hotel,1,125,2015,July,29,15,2,4,2,0.0,0,BB,PRT,Online TA,TA/TO,0,0,0,A,A,0,No Deposit,9.0,0,Transient,76.5,0,0
City Hotel,0,0,2015,July,29,15,2,5,2,0.0,0,SC,PRT,Direct,Direct,0,0,0,F,A,4,No Deposit,,0,Transient,0.0,0,0
City Hotel,1,109,2015,July,29,16,0,1,2,0.0,0,BB,PRT,Online TA,TA/TO,0,0,0,A,A,0,No Deposit,8.0,0,Transient,76.5,0,0
City Hotel,1,109,2015,July,29,16,0,1,2,0.0,0,BB,PRT,Online TA,TA/TO,0,0,0,A,A,0,No Deposit,8.0,0,Transient,76.5,0,1
City Hotel,1,80,2015,July,29,16,0,2,2,0.0,0,BB,PRT,Online TA,TA/TO,0,0,0,A,A,0,No Deposit,9.0,0,Transient,76.5,0,1
City Hotel,1,122,2015,July,29,16,0,2,2,0.0,0,BB,PRT,Online TA,TA/TO,0,0,0,A,A,0,No Deposit,9.0,0,Transient,85.5,0,0
City Hotel,1,82,2015,July,29,16,2,5,2,0.0,0,BB,PRT,Online TA,TA/TO,0,0,0,A,A,0,No Deposit,9.0,0,Transient,76.5,0,0
City Hotel,1,82,2015,July,29,16,0,3,2,0.0,0,BB,PRT,Online TA,TA/TO,0,0,0,A,A,0,No Deposit,9.0,0,Transient,76.5,0,0
City Hotel,0,18,2015,July,29,18,1,1,2,0.0,0,BB,PRT,Groups,TA/TO,0,0,0,A,A,0,No Deposit,1.0,0,Transient-Party,75.0,0,0
City Hotel,0,18,2015,July,29,18,1,1,2,0.0,0,BB,PRT,Groups,TA/TO,0,0,0,A,A,0,No Deposit,1.0,0,Transient-Party,75.0,0,0
City Hotel,0,18,2015,July,29,18,1,1,2,0.0,0,BB,PRT,Groups,TA/TO,0,0,0,A,A,0,No Deposit,1.0,0,Transient-Party,75.0,0,0
City Hotel,0,18,2015,July,29,18,1,1,2,0.0,0,BB,PRT,Groups,TA/TO,0,0,0,A,A,0,No Deposit,1.0,0,Transient-Party,75.0,0,0
City Hotel,0,18,2015,July,29,18,1,1,2,0.0,0,BB,PRT,Groups,TA/TO,0,0,0,A,A,0,No Deposit,1.0,0,Transient-Party,75.0,0,0
City Hotel,0,18,2015,July,29,18,1,1,2,0.0,0,BB,PRT,Groups,TA/TO,0,0,0,A,A,0,No Deposit,1.0,0,Transient-Party,75.0,0,0
City Hotel,0,18,2015,July,29,18,1,1,2,0.0,0,BB,PRT,Groups,TA/TO,0,0,0,A,A,0,No Deposit,1.0,0,Transient-Party,75.0,0,0
City Hotel,0,18,2015,July,29,18,1,1,2,0.0,0,BB,PRT,Groups,TA/TO,0,0,0,A,A,0,No Deposit,1.0,0,Transient-Party,75.0,0,0
City Hotel,0,18,2015,July,29,18,1,1,2,0.0,0,BB,PRT,Groups,TA/TO,0,0,0,A,A,0,No Deposit,1.0,0,Transient-Party,75.0,0,0
City Hotel,0,18,2015,July,29,18,1,1,2,0.0,0,BB,PRT,Groups,TA/TO,0,0,0,A,A,0,No Deposit,1.0,0,Transient-Party,75.0,0,0
City Hotel,0,18,2015,July,29,18,1,1,2,0.0,0,BB,PRT,Groups,TA/TO,0,0,0,A,A,0,No Deposit,1.0,0,Transient-Party,75.0,0,0
City Hotel,0,18,2015,July,29,18,1,1,2,0.0,0,BB,PRT,Groups,TA/TO,0,0,0,A,A,0,No Deposit,1.0,0,Transient-Party,75.0,0,0
City Hotel,0,18,2015,July,29,18,1,1,2,0.0,0,BB,PRT,Groups,TA/TO,0,0,0,A,A,0,No Deposit,1.0,0,Transient-Party,75.0,0,0
City Hotel,1,103,2015,July,29,18,2,1,2,0.0,0,HB,ITA,Offline TA/TO,TA/TO,0,0,0,A,A,0,No Deposit,17.0,0,Transient-Party,94.5,0,0
City Hotel,1,103,2015,July,29,18,2,1,2,0.0,0,HB,ITA,Offline TA/TO,TA/TO,0,0,0,A,A,0,No Deposit,17.0,0,Transient-Party,94.5,0,0
City Hotel,0,103,2015,July,29,18,2,1,2,0.0,0,HB,PRT,Offline TA/TO,TA/TO,0,0,0,A,A,0,No Deposit,17.0,0,Transient-Party,94.5,0,0
City Hotel,1,103,2015,July,29,18,2,1,2,0.0,0,HB,ITA,Offline TA/TO,TA/TO,0,0,0,A,A,0,No Deposit,17.0,0,Transient-Party,94.5,0,0
City Hotel,1,103,2015,July,29,18,2,1,2,0.0,0,HB,ITA,Offline TA/TO,TA/TO,0,0,0,A,A,0,No Deposit,17.0,0,Transient-Party,94.5,0,0
City Hotel,1,103,2015,July,29,18,2,1,2,0.0,0,HB,ITA,Offline TA/TO,TA/TO,0,0,0,A,A,0,No Deposit,17.0,0,Transient-Party,94.5,0,0
City Hotel,1,103,2015,July,29,18,2,1,2,0.0,0,HB,ITA,Offline TA/TO,TA/TO,0,0,0,A,A,0,No Deposit,17.0,0,Transient-Party,94.5,0,0
City Hotel,1,103,2015,July,29,18,2,1,2,0.0,0,HB,ITA,Offline TA/TO,TA/TO,0,0,0,A,A,0,No Deposit,17.0,0,Transient-Party,94.5,0,0
City Hotel,0,103,2015,July,29,18,2,1,2,0.0,0,HB,PRT,Offline TA/TO,TA/TO,0,0,0,A,A,0,No Deposit,17.0,0,Transient-Party,94.5,0,0
City Hotel,0,103,2015,July,29,18,2,1,2,0.0,0,HB,PRT,Offline TA/TO,TA/TO,0,0,0,A,A,0,No Deposit,17.0,0,Transient-Party,94.5,0,0
City Hotel,1,103,2015,July,29,18,2,1,2,0.0,0,HB,ITA,Offline TA/TO,TA/TO,0,0,0,A,A,0,No Deposit,17.0,0,Transient-Party,94.5,0,0
City Hotel,1,103,2015,July,29,18,2,1,2,0.0,0,HB,ITA,Offline TA/TO,TA/TO,0,0,0,A,A,0,No Deposit,17.0,0,Transient-Party,94.5,0,0
City Hotel,0,103,2015,July,29,18,2,1,2,0.0,0,HB,PRT,Offline TA/TO,TA/TO,0,0,0,A,A,0,No Deposit,17.0,0,Transient-Party,94.5,0,0
City Hotel,1,103,2015,July,29,18,2,1,2,0.0,0,HB,ITA,Offline TA/TO,TA/TO,0,0,0,A,A,0,No Deposit,17.0,0,Transient-Party,94.5,0,0
City Hotel,1,103,2015,July,29,18,2,1,2,0.0,0,HB,ITA,Offline TA/TO,TA/TO,0,0,0,A,A,0,No Deposit,17.0,0,Transient-Party,94.5,0,0
City Hotel,1,103,2015,July,29,18,2,1,2,0.0,0,HB,ITA,Offline TA/TO,TA/TO,0,0,0,A,A,0,No Deposit,17.0,0,Transient-Party,94.5,0,0
City Hotel,1,103,2015,July,29,18,2,1,2,0.0,0,HB,ITA,Offline TA/TO,TA/TO,0,0,0,A,A,0,No Deposit,17.0,0,Transient-Party,94.5,0,0
City Hotel,1,103,2015,July,29,18,2,1,2,0.0,0,HB,ITA,Offline TA/TO,TA/TO,0,0,0,A,A,0,No Deposit,17.0,0,Transient-Party,94.5,0,0
City Hotel,1,103,2015,July,29,18,2,1,2,0.0,0,HB,ITA,Offline TA/TO,TA/TO,0,0,0,A,A,0,No Deposit,17.0,0,Transient-Party,94.5,0,0
City Hotel,1,103,2015,July,29,18,2,1,2,0.0,0,HB,ITA,Offline TA/TO,TA/TO,0,0,0,A,A,0,No Deposit,17.0,0,Transient-Party,94.5,0,0
City Hotel,1,103,2015,July,29,18,2,1,2,0.0,0,HB,ITA,Offline TA/TO,TA/TO,0,0,0,A,A,0,No Deposit,17.0,0,Transient-Party,94.5,0,0
City Hotel,1,103,2015,July,29,18,2,1,2,0.0,0,HB,ITA,Offline TA/TO,TA/TO,0,0,0,A,A,0,No Deposit,17.0,0,Transient-Party,94.5,0,0
City Hotel,0,12,2015,July,29,18,2,2,2,0.0,0,BB,PRT,Groups,TA/TO,0,0,0,A,A,0,No Deposit,1.0,0,Transient-Party,62.0,0,0
City Hotel,0,12,2015,July,29,18,2,2,2,0.0,0,BB,PRT,Groups,TA/TO,0,0,0,A,A,0,No Deposit,1.0,0,Transient-Party,62.0,0,0
City Hotel,1,12,2015,July,29,18,2,2,2,0.0,0,BB,PRT,Groups,TA/TO,0,0,0,A,A,0,No Deposit,1.0,0,Transient-Party,62.0,0,0
City Hotel,1,12,2015,July,29,18,2,2,2,0.0,0,BB,PRT,Groups,TA/TO,0,0,0,A,A,0,No Deposit,1.0,0,Transient-Party,62.0,0,0
City Hotel,1,12,2015,July,29,18,2,2,2,0.0,0,BB,PRT,Groups,TA/TO,0,0,0,A,A,0,No Deposit,1.0,0,Transient-Party,62.0,0,0
City Hotel,1,12,2015,July,29,18,2,2,2,0.0,0,BB,PRT,Groups,TA/TO,0,0,0,A,A,0,No Deposit,1.0,0,Transient-Party,62.0,0,0
City Hotel,1,12,2015,July,29,18,2,2,2,0.0,0,BB,PRT,Groups,TA/TO,0,0,0,A,A,0,No Deposit,1.0,0,Transient-Party,62.0,0,0
City Hotel,1,12,2015,July,29,18,2,2,2,0.0,0,BB,PRT,Groups,TA/TO,0,0,0,A,A,0,No Deposit,1.0,0,Transient-Party,62.0,0,0
City Hotel,1,12,2015,July,29,18,2,2,2,0.0,0,BB,PRT,Groups,TA/TO,0,0,0,A,A,0,No Deposit,1.0,0,Transient-Party,62.0,0,0
City Hotel,0,12,2015,July,29,18,2,2,2,0.0,0,BB,PRT,Groups,TA/TO,0,0,0,A,A,0,No Deposit,1.0,0,Transient-Party,62.0,0,0
City Hotel,0,12,2015,July,29,18,2,2,2,0.0,0,BB,PRT,Groups,TA/TO,0,0,0,A,A,0,No Deposit,1.0,0,Transient-Party,62.0,0,0
City Hotel,1,12,2015,July,29,18,2,2,2,0.0,0,BB,PRT,Groups,TA/TO,0,0,0,A,A,0,No Deposit,1.0,0,Transient-Party,62.0,0,0
City Hotel,1,12,2015,July,29,18,2,2,2,0.0,0,BB,PRT,Groups,TA/TO,0,0,0,A,A,0,No Deposit,1.0,0,Transient-Party,62.0,0,0
City Hotel,0,12,2015,July,29,18,2,2,2,0.0,0,BB,PRT,Groups,TA/TO,0,0,0,A,A,0,No Deposit,1.0,0,Transient-Party,62.0,0,0
City Hotel,0,12,2015,July,29,18,2,2,2,0.0,0,BB,PRT,Groups,TA/TO,0,0,0,A,A,0,No Deposit,1.0,0,Transient-Party,62.0,0,0
City Hotel,1,12,2015,July,29,18,2,2,2,0.0,0,BB,PRT,Groups,TA/TO,0,0,0,A,A,0,No Deposit,1.0,0,Transient-Party,62.0,0,0
City Hotel,1,12,2015,July,29,18,2,2,2,0.0,0,BB,PRT,Groups,TA/TO,0,0,0,A,A,0,No Deposit,1.0,0,Transient-Party,62.0,0,0
City Hotel,1,12,2015,July,29,18,2,2,2,0.0,0,BB,PRT,Groups,TA/TO,0,0,0,A,A,0,No Deposit,1.0,0,Transient-Party,62.0,0,0
City Hotel,1,12,2015,July,29,18,2,2,2,0.0,0,BB,PRT,Groups,TA/TO,0,0,0,A,A,0,No Deposit,1.0,0,Transient-Party,62.0,0,0
City Hotel,0,12,2015,July,29,18,2,2,2,0.0,0,BB,PRT,Groups,TA/TO,0,0,0,A,A,0,No Deposit,1.0,0,Transient-Party,62.0,0,0
City Hotel,1,12,2015,July,29,18,2,2,2,0.0,0,BB,PRT,Groups,TA/TO,0,0,0,A,A,0,No Deposit,1.0,0,Transient-Party,62.0,0,0
City Hotel,0,12,2015,July,29,18,2,2,2,0.0,0,BB,PRT,Groups,TA/TO,0,0,0,A,A,0,No Deposit,1.0,0,Transient-Party,62.0,0,0
City Hotel,1,12,2015,July,29,18,2,2,2,0.0,0,BB,PRT,Groups,TA/TO,0,0,0,A,A,0,No Deposit,1.0,0,Transient-Party,62.0,0,0
City Hotel,0,12,2015,July,29,18,2,2,2,0.0,0,BB,PRT,Groups,TA/TO,0,0,0,A,A,0,No Deposit,1.0,0,Transient-Party,62.0,0,0
City Hotel,0,12,2015,July,29,18,2,2,2,0.0,0,BB,PRT,Groups,TA/TO,0,0,0,A,A,0,No Deposit,1.0,0,Transient-Party,62.0,0,0
City Hotel,1,12,2015,July,29,18,2,2,2,0.0,0,BB,PRT,Groups,TA/TO,0,0,0,A,A,0,No Deposit,1.0,0,Transient-Party,62.0,0,0
City Hotel,0,12,2015,July,29,18,2,3,2,0.0,0,BB,PRT,Groups,TA/TO,0,0,0,A,A,1,No Deposit,1.0,0,Transient,62.0,0,0
City Hotel,1,118,2015,July,30,19,2,0,2,0.0,0,BB,PRT,Online TA,TA/TO,0,0,0,A,A,0,No Deposit,9.0,0,Transient,85.5,0,1
City Hotel,1,82,2015,July,30,19,2,2,2,0.0,0,BB,PRT,Online TA,TA/TO,0,0,0,B,B,0,No Deposit,8.0,0,Transient-Party,76.5,0,1
City Hotel,1,82,2015,July,30,19,2,2,2,0.0,0,BB,PRT,Online TA,TA/TO,0,0,0,B,B,0,No Deposit,8.0,0,Transient-Party,76.5,0,1
City Hotel,1,108,2015,July,30,19,4,7,2,0.0,0,BB,PRT,Online TA,TA/TO,0,0,0,A,A,0,No Deposit,9.0,0,Transient,76.5,0,1
City Hotel,1,119,2015,July,30,20,1,0,2,0.0,0,BB,PRT,Online TA,TA/TO,0,0,0,A,A,0,No Deposit,9.0,0,Transient-Party,76.5,0,1
City Hotel,0,90,2015,July,30,20,1,1,2,0.0,0,SC,PRT,Online TA,TA/TO,0,0,0,A,A,1,No Deposit,11.0,0,Transient,46.66,0,0
City Hotel,0,62,2015,July,30,20,1,3,2,0.0,0,HB,PRT,Offline TA/TO,TA/TO,0,0,0,A,A,0,No Deposit,28.0,0,Transient,104.0,0,0
City Hotel,1,67,2015,July,30,20,3,8,2,0.0,0,BB,PRT,Online TA,TA/TO,0,0,0,A,A,0,No Deposit,8.0,0,Transient,76.5,0,0
City Hotel,1,106,2015,July,30,21,0,2,2,0.0,0,SC,PRT,Online TA,TA/TO,0,0,0,A,A,0,No Deposit,11.0,0,Transient,55.08,0,0
City Hotel,0,20,2015,July,30,22,0,2,2,0.0,0,BB,PRT,Groups,TA/TO,0,0,0,A,D,0,No Deposit,1.0,0,Transient-Party,62.0,0,0
City Hotel,0,20,2015,July,30,22,0,2,2,0.0,0,BB,PRT,Groups,TA/TO,0,0,0,A,A,0,No Deposit,1.0,0,Transient-Party,62.0,0,0
City Hotel,1,22,2015,July,30,22,0,2,2,0.0,0,BB,PRT,Groups,TA/TO,0,0,0,A,A,0,Non Refund,1.0,0,Transient-Party,62.0,0,0
City Hotel,1,22,2015,July,30,22,0,2,2,0.0,0,BB,PRT,Groups,TA/TO,0,0,0,A,A,0,Non Refund,1.0,0,Transient-Party,62.0,0,0
City Hotel,0,20,2015,July,30,22,0,2,2,0.0,0,BB,PRT,Groups,TA/TO,0,0,0,A,A,0,No Deposit,1.0,0,Transient-Party,62.0,0,0
City Hotel,1,20,2015,July,30,22,0,2,2,0.0,0,BB,PRT,Groups,TA/TO,0,0,0,A,A,0,No Deposit,1.0,0,Transient-Party,62.0,0,0
City Hotel,1,22,2015,July,30,22,0,2,2,0.0,0,BB,PRT,Groups,TA/TO,0,0,0,A,A,0,Non Refund,1.0,0,Transient-Party,62.0,0,0
City Hotel,1,22,2015,July,30,22,0,2,2,0.0,0,BB,PRT,Groups,TA/TO,0,0,0,A,A,0,Non Refund,1.0,0,Transient-Party,62.0,0,0
City Hotel,0,20,2015,July,30,22,0,2,2,0.0,0,BB,PRT,Groups,TA/TO,0,0,0,A,A,0,No Deposit,1.0,0,Transient-Party,62.0,0,0
City Hotel,1,20,2015,July,30,22,0,2,2,0.0,0,BB,PRT,Groups,TA/TO,0,0,0,A,A,0,No Deposit,1.0,0,Transient-Party,62.0,0,0
City Hotel,1,22,2015,July,30,22,0,2,2,0.0,0,BB,PRT,Groups,TA/TO,0,0,0,A,A,0,Non Refund,1.0,0,Transient-Party,62.0,0,0
City Hotel,0,20,2015,July,30,22,0,2,2,0.0,0,BB,PRT,Groups,TA/TO,0,0,0,A,A,0,No Deposit,1.0,0,Transient-Party,62.0,0,0
City Hotel,0,20,2015,July,30,22,0,2,2,0.0,0,BB,PRT,Groups,TA/TO,0,0,0,A,D,0,No Deposit,1.0,0,Transient-Party,62.0,0,0
City Hotel,0,20,2015,July,30,22,0,2,2,0.0,0,BB,PRT,Groups,TA/TO,0,0,0,A,D,0,No Deposit,1.0,0,Transient-Party,62.0,0,0
City Hotel,0,20,2015,July,30,22,0,2,2,0.0,0,BB,PRT,Groups,TA/TO,0,0,0,A,A,0,No Deposit,1.0,0,Transient-Party,62.0,0,0
City Hotel,1,22,2015,July,30,22,0,2,2,0.0,0,BB,PRT,Groups,TA/TO,0,0,0,A,A,0,Non Refund,1.0,0,Transient-Party,62.0,0,0
City Hotel,1,22,2015,July,30,22,0,2,2,0.0,0,BB,PRT,Groups,TA/TO,0,0,0,A,A,0,Non Refund,1.0,0,Transient-Party,62.0,0,0
City Hotel,0,20,2015,July,30,22,0,2,2,0.0,0,BB,PRT,Groups,TA/TO,0,0,0,A,A,0,No Deposit,1.0,0,Transient-Party,62.0,0,0
City Hotel,1,20,2015,July,30,22,0,2,2,0.0,0,BB,PRT,Groups,TA/TO,0,0,0,A,A,0,No Deposit,1.0,0,Transient-Party,62.0,0,0
City Hotel,1,22,2015,July,30,22,0,2,2,0.0,0,BB,PRT,Groups,TA/TO,0,0,0,A,A,0,Non Refund,1.0,0,Transient-Party,62.0,0,0
City Hotel,1,22,2015,July,30,22,0,2,2,0.0,0,BB,PRT,Groups,TA/TO,0,0,0,A,A,0,Non Refund,1.0,0,Transient-Party,62.0,0,0
City Hotel,1,22,2015,July,30,22,0,2,2,0.0,0,BB,PRT,Groups,TA/TO,0,0,0,A,A,0,Non Refund,1.0,0,Transient-Party,62.0,0,0
City Hotel,0,20,2015,July,30,22,0,2,2,0.0,0,BB,PRT,Groups,TA/TO,0,0,0,A,A,0,No Deposit,1.0,0,Transient-Party,62.0,0,0
City Hotel,1,20,2015,July,30,22,0,2,2,0.0,0,BB,PRT,Groups,TA/TO,0,0,0,A,A,0,No Deposit,1.0,0,Transient-Party,62.0,0,0
City Hotel,0,20,2015,July,30,22,0,2,2,0.0,0,BB,PRT,Groups,TA/TO,0,0,0,A,A,7,No Deposit,1.0,0,Transient,62.0,0,0
City Hotel,0,20,2015,July,30,22,0,2,2,0.0,0,BB,PRT,Groups,TA/TO,0,0,0,A,A,0,No Deposit,1.0,0,Transient-Party,62.0,0,0
City Hotel,0,20,2015,July,30,22,0,2,2,0.0,0,BB,PRT,Groups,TA/TO,0,0,0,A,G,1,No Deposit,1.0,0,Transient-Party,62.0,0,0
City Hotel,0,20,2015,July,30,22,0,2,2,0.0,0,BB,PRT,Groups,TA/TO,0,0,0,A,A,0,No Deposit,1.0,0,Transient-Party,62.0,0,0
City Hotel,1,20,2015,July,30,22,0,2,2,0.0,0,BB,PRT,Groups,TA/TO,0,0,0,A,A,0,No Deposit,1.0,0,Transient-Party,62.0,0,0
City Hotel,1,99,2015,July,30,22,0,3,2,0.0,0,BB,PRT,Direct,Direct,0,0,0,A,A,1,No Deposit,14.0,0,Transient,68.5,0,0
City Hotel,1,112,2015,July,30,22,0,4,2,0.0,0,BB,PRT,Online TA,TA/TO,0,0,0,A,A,0,No Deposit,9.0,0,Transient,76.5,0,0
City Hotel,1,96,2015,July,30,22,1,4,2,0.0,0,BB,PRT,Online TA,TA/TO,0,0,0,A,A,0,No Deposit,9.0,0,Transient,76.5,0,1
City Hotel,1,72,2015,July,30,22,2,5,2,0.0,0,BB,PRT,Online TA,TA/TO,0,0,0,A,A,0,No Deposit,8.0,0,Transient,76.5,0,0
City Hotel,1,69,2015,July,30,22,2,5,2,0.0,0,BB,PRT,Online TA,TA/TO,0,0,0,A,A,0,No Deposit,9.0,0,Transient-Party,76.5,0,1
City Hotel,1,69,2015,July,30,22,2,5,2,0.0,0,BB,PRT,Online TA,TA/TO,0,0,0,A,A,0,No Deposit,9.0,0,Transient-Party,76.5,0,2
City Hotel,1,22,2015,July,30,22,0,2,2,0.0,0,BB,PRT,Groups,TA/TO,0,0,0,A,A,0,Non Refund,1.0,0,Transient-Party,62.0,0,0
City Hotel,0,20,2015,July,30,22,0,2,2,0.0,0,BB,PRT,Groups,TA/TO,0,0,0,A,A,0,No Deposit,1.0,0,Transient-Party,62.0,0,0
City Hotel,0,20,2015,July,30,22,0,2,2,0.0,0,BB,PRT,Groups,TA/TO,0,0,0,A,D,0,No Deposit,1.0,0,Transient-Party,62.0,0,0
City Hotel,1,22,2015,July,30,22,0,2,2,0.0,0,BB,PRT,Groups,TA/TO,0,0,0,A,A,0,Non Refund,1.0,0,Transient-Party,62.0,0,0
City Hotel,1,20,2015,July,30,22,0,2,2,0.0,0,BB,PRT,Groups,TA/TO,0,0,0,A,A,0,No Deposit,1.0,0,Transient-Party,62.0,0,0
City Hotel,0,20,2015,July,30,22,0,2,2,0.0,0,BB,PRT,Groups,TA/TO,0,0,0,A,A,0,No Deposit,1.0,0,Transient-Party,62.0,0,0
City Hotel,1,22,2015,July,30,22,0,2,2,0.0,0,BB,PRT,Groups,TA/TO,0,0,0,A,A,0,Non Refund,1.0,0,Transient-Party,62.0,0,0
City Hotel,1,93,2015,July,30,23,0,2,2,0.0,0,BB,PRT,Online TA,TA/TO,0,0,0,A,A,0,No Deposit,9.0,0,Transient,76.5,0,1
City Hotel,0,132,2015,July,30,23,0,1,2,0.0,0,HB,PRT,Groups,TA/TO,0,0,0,A,A,0,No Deposit,1.0,0,Transient-Party,90.0,0,0
City Hotel,0,132,2015,July,30,23,0,1,2,0.0,0,HB,PRT,Groups,TA/TO,0,0,0,A,D,0,No Deposit,1.0,0,Transient-Party,90.0,0,0
City Hotel,0,132,2015,July,30,23,0,1,2,0.0,0,HB,PRT,Groups,TA/TO,0,0,0,A,D,0,No Deposit,1.0,0,Transient-Party,90.0,0,0
City Hotel,0,132,2015,July,30,23,0,1,2,0.0,0,HB,PRT,Groups,TA/TO,0,0,0,A,A,0,No Deposit,1.0,0,Transient-Party,90.0,0,0
City Hotel,0,132,2015,July,30,23,0,1,2,0.0,0,HB,PRT,Groups,TA/TO,0,0,0,A,A,0,No Deposit,1.0,0,Transient-Party,90.0,0,0
City Hotel,0,132,2015,July,30,23,0,1,2,0.0,0,HB,PRT,Groups,TA/TO,0,0,0,A,A,0,No Deposit,1.0,0,Transient-Party,90.0,0,0
City Hotel,0,132,2015,July,30,23,0,1,2,0.0,0,HB,PRT,Groups,TA/TO,0,0,0,A,A,0,No Deposit,1.0,0,Transient-Party,90.0,0,0
City Hotel,0,132,2015,July,30,23,0,1,2,0.0,0,HB,PRT,Groups,TA/TO,0,0,0,A,A,0,No Deposit,1.0,0,Transient-Party,90.0,0,0
City Hotel,0,132,2015,July,30,23,0,1,2,0.0,0,HB,PRT,Groups,TA/TO,0,0,0,A,A,0,No Deposit,1.0,0,Transient-Party,90.0,0,0
City Hotel,0,132,2015,July,30,23,0,1,2,0.0,0,HB,PRT,Groups,TA/TO,0,0,0,A,A,0,No Deposit,1.0,0,Transient-Party,90.0,0,0
City Hotel,0,132,2015,July,30,23,0,1,2,0.0,0,HB,PRT,Groups,TA/TO,0,0,0,A,A,0,No Deposit,1.0,0,Transient-Party,90.0,0,0
City Hotel,0,132,2015,July,30,23,0,1,2,0.0,0,HB,PRT,Groups,TA/TO,0,0,0,A,A,0,No Deposit,1.0,0,Transient-Party,90.0,0,0
City Hotel,0,132,2015,July,30,23,0,1,2,0.0,0,HB,PRT,Groups,TA/TO,0,0,0,A,A,0,No Deposit,1.0,0,Transient-Party,90.0,0,0
City Hotel,0,132,2015,July,30,23,0,1,2,0.0,0,HB,PRT,Groups,TA/TO,0,0,0,A,D,0,No Deposit,1.0,0,Transient-Party,90.0,0,0
City Hotel,0,132,2015,July,30,23,0,1,2,0.0,0,HB,PRT,Groups,TA/TO,0,0,0,A,D,0,No Deposit,1.0,0,Transient-Party,90.0,0,0
City Hotel,0,132,2015,July,30,23,0,1,2,0.0,0,HB,PRT,Groups,TA/TO,0,0,0,A,A,0,No Deposit,1.0,0,Transient-Party,90.0,0,0
City Hotel,0,132,2015,July,30,23,0,1,2,0.0,0,HB,PRT,Groups,TA/TO,0,0,0,A,B,0,No Deposit,1.0,0,Transient-Party,90.0,0,0
City Hotel,0,132,2015,July,30,23,0,1,2,0.0,0,HB,PRT,Groups,TA/TO,0,0,0,A,A,0,No Deposit,1.0,0,Transient-Party,90.0,0,0
City Hotel,0,132,2015,July,30,23,0,1,2,0.0,0,HB,PRT,Groups,TA/TO,0,0,0,A,D,0,No Deposit,1.0,0,Transient-Party,90.0,0,0
City Hotel,0,132,2015,July,30,23,0,1,2,0.0,0,HB,PRT,Groups,TA/TO,0,0,0,A,F,0,No Deposit,1.0,0,Transient-Party,90.0,0,0
City Hotel,0,132,2015,July,30,23,0,1,2,0.0,0,HB,PRT,Groups,TA/TO,0,0,0,A,D,0,No Deposit,1.0,0,Transient-Party,90.0,0,0
City Hotel,0,132,2015,July,30,23,0,1,2,0.0,0,HB,PRT,Groups,TA/TO,0,0,0,A,A,0,No Deposit,1.0,0,Transient-Party,90.0,0,0
City Hotel,0,110,2015,July,30,23,0,1,2,0.0,0,HB,PRT,Offline TA/TO,TA/TO,0,0,0,B,D,0,No Deposit,13.0,0,Transient-Party,98.2,0,1
City Hotel,0,132,2015,July,30,23,0,1,2,0.0,0,HB,PRT,Groups,TA/TO,0,0,0,A,A,0,No Deposit,1.0,0,Transient-Party,90.0,0,0
City Hotel,0,132,2015,July,30,23,0,1,2,0.0,0,HB,PRT,Groups,TA/TO,0,0,0,A,E,0,No Deposit,1.0,0,Transient-Party,90.0,0,0
City Hotel,0,132,2015,July,30,23,0,1,2,0.0,0,HB,PRT,Groups,TA/TO,0,0,0,A,B,0,No Deposit,1.0,0,Transient-Party,90.0,0,0
City Hotel,0,132,2015,July,30,23,0,1,2,0.0,0,HB,PRT,Groups,TA/TO,0,0,0,A,D,0,No Deposit,1.0,0,Transient-Party,90.0,0,0
City Hotel,0,132,2015,July,30,23,0,1,2,0.0,0,HB,PRT,Groups,TA/TO,0,0,0,A,A,0,No Deposit,1.0,0,Transient-Party,90.0,0,0
City Hotel,0,110,2015,July,30,23,0,1,2,0.0,0,HB,PRT,Offline TA/TO,TA/TO,0,0,0,B,B,0,No Deposit,13.0,0,Transient-Party,98.2,0,1
City Hotel,0,132,2015,July,30,23,0,1,2,0.0,0,HB,PRT,Groups,TA/TO,0,0,0,A,A,0,No Deposit,1.0,0,Transient-Party,90.0,0,0
City Hotel,0,132,2015,July,30,23,0,1,2,0.0,0,HB,PRT,Groups,TA/TO,0,0,0,A,A,0,No Deposit,1.0,0,Transient-Party,90.0,0,0
City Hotel,0,132,2015,July,30,23,0,1,2,0.0,0,HB,PRT,Groups,TA/TO,0,0,0,A,A,0,No Deposit,1.0,0,Transient-Party,90.0,0,0
City Hotel,0,132,2015,July,30,23,0,1,2,0.0,0,HB,PRT,Groups,TA/TO,0,0,0,A,A,0,No Deposit,1.0,0,Transient-Party,90.0,0,0
City Hotel,1,132,2015,July,30,23,1,3,2,0.0,0,HB,PRT,Groups,TA/TO,0,0,0,A,A,0,No Deposit,1.0,0,Transient-Party,85.0,0,0
City Hotel,1,132,2015,July,30,23,1,3,2,0.0,0,HB,PRT,Groups,TA/TO,0,0,0,A,A,0,No Deposit,1.0,0,Transient-Party,85.0,0,0
City Hotel,1,132,2015,July,30,23,1,3,2,0.0,0,HB,PRT,Groups,TA/TO,0,0,0,A,A,0,No Deposit,1.0,0,Transient-Party,85.0,0,0
City Hotel,1,85,2015,July,30,24,2,3,2,0.0,0,BB,PRT,Online TA,TA/TO,0,0,0,A,A,0,No Deposit,9.0,0,Transient,76.5,0,0
City Hotel,0,0,2015,July,30,24,0,1,2,0.0,0,SC,PRT,Direct,Direct,0,0,0,A,A,0,No Deposit,,0,Transient,0.0,0,0
City Hotel,0,84,2015,July,30,25,0,1,2,0.0,0,BB,PRT,Online TA,TA/TO,0,0,0,A,D,0,No Deposit,8.0,0,Transient,76.5,0,2
City Hotel,1,124,2015,July,30,25,1,1,2,0.0,0,BB,PRT,Online TA,TA/TO,0,0,0,A,A,0,No Deposit,9.0,0,Transient,76.5,0,2
City Hotel,1,110,2015,July,30,25,2,1,2,0.0,0,HB,ITA,Offline TA/TO,TA/TO,0,0,0,A,A,0,No Deposit,17.0,0,Transient-Party,94.5,0,0
City Hotel,1,110,2015,July,30,25,2,1,2,0.0,0,HB,ITA,Offline TA/TO,TA/TO,0,0,0,A,A,0,No Deposit,17.0,0,Transient-Party,94.5,0,0
City Hotel,0,16,2015,July,30,25,2,1,2,0.0,0,HB,ITA,Groups,TA/TO,0,0,0,A,D,0,No Deposit,1.0,0,Transient-Party,86.0,0,0
City Hotel,1,110,2015,July,30,25,2,1,2,0.0,0,HB,ITA,Offline TA/TO,TA/TO,0,0,0,A,A,0,No Deposit,17.0,0,Transient-Party,94.5,0,0
City Hotel,1,110,2015,July,30,25,2,1,2,0.0,0,HB,ITA,Offline TA/TO,TA/TO,0,0,0,A,A,0,No Deposit,17.0,0,Transient-Party,94.5,0,0
City Hotel,1,110,2015,July,30,25,2,1,2,0.0,0,HB,ITA,Offline TA/TO,TA/TO,0,0,0,A,A,0,No Deposit,17.0,0,Transient-Party,94.5,0,0
City Hotel,1,110,2015,July,30,25,2,1,2,0.0,0,HB,ITA,Offline TA/TO,TA/TO,0,0,0,A,A,0,No Deposit,17.0,0,Transient-Party,94.5,0,0
City Hotel,0,110,2015,July,30,25,2,1,2,0.0,0,HB,ITA,Offline TA/TO,TA/TO,0,0,0,A,A,0,No Deposit,17.0,0,Transient-Party,94.5,0,0
City Hotel,1,110,2015,July,30,25,2,1,2,0.0,0,HB,ITA,Offline TA/TO,TA/TO,0,0,0,A,A,0,No Deposit,17.0,0,Transient-Party,94.5,0,0
City Hotel,1,110,2015,July,30,25,2,1,2,0.0,0,HB,ITA,Offline TA/TO,TA/TO,0,0,0,A,A,0,No Deposit,17.0,0,Transient-Party,94.5,0,0
City Hotel,1,110,2015,July,30,25,2,1,2,0.0,0,HB,ITA,Offline TA/TO,TA/TO,0,0,0,A,A,0,No Deposit,17.0,0,Transient-Party,94.5,0,0
City Hotel,1,110,2015,July,30,25,2,1,2,0.0,0,HB,ITA,Offline TA/TO,TA/TO,0,0,0,A,A,0,No Deposit,17.0,0,Transient-Party,94.5,0,0
City Hotel,1,110,2015,July,30,25,2,1,2,0.0,0,HB,ITA,Offline TA/TO,TA/TO,0,0,0,A,A,0,No Deposit,17.0,0,Transient-Party,94.5,0,0
City Hotel,1,110,2015,July,30,25,2,1,2,0.0,0,HB,ITA,Offline TA/TO,TA/TO,0,0,0,A,A,0,No Deposit,17.0,0,Transient-Party,94.5,0,0
City Hotel,1,110,2015,July,30,25,2,1,2,0.0,0,HB,ITA,Offline TA/TO,TA/TO,0,0,0,A,A,0,No Deposit,17.0,0,Transient-Party,94.5,0,0
City Hotel,1,110,2015,July,30,25,2,1,2,0.0,0,HB,ITA,Offline TA/TO,TA/TO,0,0,0,A,A,0,No Deposit,17.0,0,Transient-Party,94.5,0,0
City Hotel,0,110,2015,July,30,25,2,1,2,0.0,0,HB,ITA,Offline TA/TO,TA/TO,0,0,0,A,A,0,No Deposit,17.0,0,Transient-Party,94.5,0,0
City Hotel,1,110,2015,July,30,25,2,1,2,0.0,0,HB,ITA,Offline TA/TO,TA/TO,0,0,0,A,A,0,No Deposit,17.0,0,Transient-Party,94.5,0,0
City Hotel,1,110,2015,July,30,25,2,1,2,0.0,0,HB,ITA,Offline TA/TO,TA/TO,0,0,0,A,A,0,No Deposit,17.0,0,Transient-Party,94.5,0,0
City Hotel,0,16,2015,July,30,25,2,1,2,0.0,0,HB,PRT,Groups,TA/TO,0,0,0,A,A,0,No Deposit,1.0,0,Transient-Party,86.0,0,0
City Hotel,0,16,2015,July,30,25,2,1,2,0.0,0,HB,PRT,Groups,TA/TO,0,0,0,A,A,0,No Deposit,1.0,0,Transient-Party,86.0,0,0
City Hotel,1,110,2015,July,30,25,2,1,2,0.0,0,HB,ITA,Offline TA/TO,TA/TO,0,0,0,A,A,0,No Deposit,17.0,0,Transient-Party,94.5,0,0
City Hotel,0,16,2015,July,30,25,2,1,2,0.0,0,HB,PRT,Groups,TA/TO,0,0,0,A,A,0,No Deposit,1.0,0,Transient-Party,86.0,0,0
City Hotel,0,16,2015,July,30,25,2,1,2,0.0,0,HB,PRT,Groups,TA/TO,0,0,0,A,A,0,No Deposit,1.0,0,Transient-Party,86.0,0,0
City Hotel,0,110,2015,July,30,25,2,1,2,0.0,0,HB,ITA,Offline TA/TO,TA/TO,0,0,0,A,D,0,No Deposit,17.0,0,Transient-Party,94.5,0,0
City Hotel,1,110,2015,July,30,25,2,1,2,0.0,0,HB,ITA,Offline TA/TO,TA/TO,0,0,0,A,A,0,No Deposit,17.0,0,Transient-Party,94.5,0,0
City Hotel,0,16,2015,July,30,25,2,1,2,0.0,0,HB,PRT,Groups,TA/TO,0,0,0,A,A,0,No Deposit,1.0,0,Transient-Party,86.0,0,0
City Hotel,1,110,2015,July,30,25,2,1,2,0.0,0,HB,ITA,Offline TA/TO,TA/TO,0,0,0,A,A,0,No Deposit,17.0,0,Transient-Party,94.5,0,0
City Hotel,1,110,2015,July,30,25,2,1,2,0.0,0,HB,ITA,Offline TA/TO,TA/TO,0,0,0,A,A,0,No Deposit,17.0,0,Transient-Party,94.5,0,0
City Hotel,0,19,2015,July,30,25,2,2,2,0.0,0,BB,PRT,Groups,TA/TO,0,0,0,A,A,0,No Deposit,1.0,0,Transient-Party,62.0,0,1
City Hotel,0,19,2015,July,30,25,2,2,2,0.0,0,BB,ESP,Groups,TA/TO,0,0,0,A,A,0,No Deposit,1.0,0,Transient-Party,62.0,0,0
City Hotel,0,19,2015,July,30,25,2,2,2,0.0,0,BB,PRT,Groups,TA/TO,0,0,0,A,D,0,No Deposit,1.0,0,Transient-Party,62.0,0,0
City Hotel,0,19,2015,July,30,25,2,2,2,0.0,0,BB,PRT,Groups,TA/TO,0,0,0,A,A,0,No Deposit,1.0,0,Transient-Party,62.0,0,0
City Hotel,0,19,2015,July,30,25,2,2,2,0.0,0,BB,PRT,Groups,TA/TO,0,0,0,A,D,0,No Deposit,1.0,0,Transient-Party,62.0,0,0
City Hotel,1,19,2015,July,30,25,2,2,2,0.0,0,BB,PRT,Groups,TA/TO,0,0,0,A,A,0,No Deposit,1.0,0,Transient-Party,62.0,0,0
City Hotel,1,19,2015,July,30,25,2,2,2,0.0,0,BB,PRT,Groups,TA/TO,0,0,0,A,A,0,No Deposit,1.0,0,Transient-Party,62.0,0,0
City Hotel,1,19,2015,July,30,25,2,2,2,0.0,0,BB,PRT,Groups,TA/TO,0,0,0,A,A,0,No Deposit,1.0,0,Transient-Party,62.0,0,0
City Hotel,1,19,2015,July,30,25,2,2,2,0.0,0,BB,PRT,Groups,TA/TO,0,0,0,A,A,0,No Deposit,1.0,0,Transient-Party,62.0,0,0
City Hotel,0,19,2015,July,30,25,2,2,2,0.0,0,BB,PRT,Groups,TA/TO,0,0,0,A,D,1,No Deposit,1.0,0,Transient-Party,62.0,0,0
City Hotel,0,19,2015,July,30,25,2,2,2,0.0,0,BB,PRT,Groups,TA/TO,0,0,0,A,D,0,No Deposit,1.0,0,Transient-Party,62.0,0,0
City Hotel,0,2,2015,July,30,25,2,2,2,0.0,0,BB,PRT,Groups,TA/TO,0,0,0,A,D,0,No Deposit,1.0,0,Transient-Party,62.0,0,0
City Hotel,0,19,2015,July,30,25,2,2,2,0.0,0,BB,PRT,Groups,TA/TO,0,0,0,A,D,0,No Deposit,1.0,0,Transient-Party,62.0,0,0
City Hotel,0,19,2015,July,30,25,2,2,2,0.0,0,BB,PRT,Groups,TA/TO,0,0,0,A,D,0,No Deposit,1.0,0,Transient-Party,62.0,0,0
City Hotel,0,19,2015,July,30,25,2,2,2,0.0,0,BB,PRT,Groups,TA/TO,0,0,0,A,B,0,No Deposit,1.0,0,Transient-Party,62.0,0,1
City Hotel,0,19,2015,July,30,25,2,2,2,0.0,0,BB,PRT,Groups,TA/TO,0,0,0,A,A,0,No Deposit,1.0,0,Transient-Party,62.0,0,0
City Hotel,1,19,2015,July,30,25,2,2,2,0.0,0,BB,PRT,Groups,TA/TO,0,0,0,A,A,0,No Deposit,1.0,0,Transient-Party,62.0,0,0
City Hotel,1,19,2015,July,30,25,2,2,2,0.0,0,BB,PRT,Groups,TA/TO,0,0,0,A,A,0,No Deposit,1.0,0,Transient-Party,62.0,0,0
City Hotel,0,19,2015,July,30,25,2,2,2,0.0,0,BB,PRT,Groups,TA/TO,0,0,0,A,D,0,No Deposit,1.0,0,Transient-Party,62.0,0,0
City Hotel,1,19,2015,July,30,25,2,2,2,0.0,0,BB,PRT,Groups,TA/TO,0,0,0,A,A,0,No Deposit,1.0,0,Transient-Party,62.0,0,0
City Hotel,0,19,2015,July,30,25,2,2,2,0.0,0,BB,ITA,Groups,TA/TO,0,0,0,A,A,0,No Deposit,1.0,0,Transient-Party,62.0,0,0
City Hotel,1,19,2015,July,30,25,2,2,2,0.0,0,BB,PRT,Groups,TA/TO,0,0,0,A,A,0,No Deposit,1.0,0,Transient-Party,62.0,0,0
City Hotel,1,19,2015,July,30,25,2,2,2,0.0,0,BB,PRT,Groups,TA/TO,0,0,0,A,A,0,No Deposit,1.0,0,Transient-Party,62.0,0,0
City Hotel,0,19,2015,July,30,25,2,2,2,0.0,0,BB,ESP,Groups,TA/TO,0,0,0,A,B,0,No Deposit,1.0,0,Transient-Party,62.0,0,1
City Hotel,0,19,2015,July,30,25,2,2,2,0.0,0,BB,PRT,Groups,TA/TO,0,0,0,A,A,0,No Deposit,1.0,0,Transient-Party,62.0,0,0
City Hotel,1,19,2015,July,30,25,2,2,2,0.0,0,BB,PRT,Groups,TA/TO,0,0,0,A,A,0,No Deposit,1.0,0,Transient-Party,62.0,0,0
City Hotel,1,19,2015,July,30,25,2,2,2,0.0,0,BB,PRT,Groups,TA/TO,0,0,0,A,A,0,No Deposit,1.0,0,Transient-Party,62.0,0,0
City Hotel,1,19,2015,July,30,25,2,2,2,0.0,0,BB,PRT,Groups,TA/TO,0,0,0,A,A,0,No Deposit,1.0,0,Transient-Party,62.0,0,0
City Hotel,1,125,2015,July,31,26,1,0,2,0.0,0,BB,PRT,Online TA,TA/TO,0,0,0,A,A,0,No Deposit,9.0,0,Transient,85.5,0,0
City Hotel,0,0,2015,July,31,26,1,0,2,0.0,0,BB,PRT,Direct,Direct,0,0,0,A,D,0,No Deposit,,0,Transient,0.0,0,0
City Hotel,1,81,2015,July,31,26,2,1,2,0.0,0,BB,PRT,Online TA,TA/TO,0,0,0,A,A,0,No Deposit,9.0,0,Transient,76.5,0,1
City Hotel,0,5,2015,July,31,26,2,3,2,0.0,0,BB,PRT,Groups,TA/TO,0,0,0,A,A,1,No Deposit,1.0,0,Transient,0.0,0,0
City Hotel,1,87,2015,July,31,26,2,3,2,0.0,0,BB,PRT,Online TA,TA/TO,0,0,0,A,A,0,No Deposit,7.0,0,Transient,58.9,0,0
City Hotel,1,27,2015,July,31,27,1,1,2,0.0,0,BB,PRT,Groups,TA/TO,0,0,0,A,A,0,Non Refund,1.0,0,Transient-Party,62.0,0,0
City Hotel,0,25,2015,July,31,27,1,1,2,0.0,0,BB,ESP,Groups,TA/TO,0,0,0,A,A,0,No Deposit,1.0,0,Transient-Party,62.0,0,0
City Hotel,1,25,2015,July,31,27,1,1,2,0.0,0,BB,PRT,Groups,TA/TO,0,0,0,A,A,0,No Deposit,1.0,0,Transient-Party,62.0,0,0
City Hotel,1,25,2015,July,31,27,1,1,2,0.0,0,BB,PRT,Groups,TA/TO,0,0,0,A,A,0,No Deposit,1.0,0,Transient-Party,62.0,0,0
City Hotel,0,25,2015,July,31,27,1,1,2,0.0,0,BB,ESP,Groups,TA/TO,0,0,0,A,A,0,No Deposit,1.0,0,Transient-Party,62.0,0,0
City Hotel,1,27,2015,July,31,27,1,1,2,0.0,0,BB,PRT,Groups,TA/TO,0,0,0,A,A,0,Non Refund,1.0,0,Transient-Party,62.0,0,0
City Hotel,1,27,2015,July,31,27,1,1,2,0.0,0,BB,PRT,Groups,TA/TO,0,0,0,A,A,0,Non Refund,1.0,0,Transient-Party,62.0,0,0
City Hotel,1,25,2015,July,31,27,1,1,2,0.0,0,BB,PRT,Groups,TA/TO,0,0,0,A,A,0,No Deposit,1.0,0,Transient-Party,62.0,0,0
City Hotel,1,25,2015,July,31,27,1,1,2,0.0,0,BB,PRT,Groups,TA/TO,0,0,0,A,A,0,No Deposit,1.0,0,Transient-Party,62.0,0,0
City Hotel,1,27,2015,July,31,27,1,1,2,0.0,0,BB,PRT,Groups,TA/TO,0,0,0,A,A,0,Non Refund,1.0,0,Transient-Party,62.0,0,0
City Hotel,1,27,2015,July,31,27,1,1,2,0.0,0,BB,PRT,Groups,TA/TO,0,0,0,A,A,0,Non Refund,1.0,0,Transient-Party,62.0,0,0
City Hotel,1,25,2015,July,31,27,1,1,2,0.0,0,BB,PRT,Groups,TA/TO,0,0,0,A,A,0,No Deposit,1.0,0,Transient-Party,62.0,0,0
City Hotel,0,25,2015,July,31,27,1,1,2,0.0,0,BB,ESP,Groups,TA/TO,0,0,0,A,A,0,No Deposit,1.0,0,Transient-Party,62.0,0,0
City Hotel,0,25,2015,July,31,27,1,1,2,0.0,0,BB,ESP,Groups,TA/TO,0,0,0,A,A,0,No Deposit,1.0,0,Transient-Party,62.0,0,0
City Hotel,0,25,2015,July,31,27,1,1,2,0.0,0,BB,PRT,Groups,TA/TO,0,0,0,A,A,0,No Deposit,1.0,0,Transient-Party,62.0,0,0
City Hotel,1,27,2015,July,31,27,1,1,2,0.0,0,BB,PRT,Groups,TA/TO,0,0,0,A,A,0,Non Refund,1.0,0,Transient-Party,62.0,0,0
City Hotel,1,27,2015,July,31,27,1,1,2,0.0,0,BB,PRT,Groups,TA/TO,0,0,0,A,A,0,Non Refund,1.0,0,Transient-Party,62.0,0,0
City Hotel,1,89,2015,July,31,27,1,1,2,0.0,0,BB,PRT,Online TA,TA/TO,0,0,0,A,A,0,No Deposit,8.0,0,Transient,76.5,0,0
City Hotel,0,25,2015,July,31,27,1,1,2,0.0,0,BB,ESP,Groups,TA/TO,0,0,0,A,A,0,No Deposit,1.0,0,Transient-Party,62.0,0,0
City Hotel,0,25,2015,July,31,27,1,1,2,0.0,0,BB,ESP,Groups,TA/TO,0,0,0,A,A,0,No Deposit,1.0,0,Transient-Party,62.0,0,0
City Hotel,1,27,2015,July,31,27,1,1,2,0.0,0,BB,PRT,Groups,TA/TO,0,0,0,A,A,0,Non Refund,1.0,0,Transient-Party,62.0,0,0
City Hotel,1,27,2015,July,31,27,1,1,2,0.0,0,BB,PRT,Groups,TA/TO,0,0,0,A,A,0,Non Refund,1.0,0,Transient-Party,62.0,0,0
City Hotel,1,27,2015,July,31,27,1,1,2,0.0,0,BB,PRT,Groups,TA/TO,0,0,0,A,A,0,Non Refund,1.0,0,Transient-Party,62.0,0,0
City Hotel,1,27,2015,July,31,27,1,1,2,0.0,0,BB,PRT,Groups,TA/TO,0,0,0,A,A,0,Non Refund,1.0,0,Transient-Party,62.0,0,0
City Hotel,1,25,2015,July,31,27,1,1,2,0.0,0,BB,PRT,Groups,TA/TO,0,0,0,A,A,0,No Deposit,1.0,0,Transient-Party,62.0,0,0
City Hotel,1,27,2015,July,31,27,1,1,2,0.0,0,BB,PRT,Groups,TA/TO,0,0,0,A,A,0,Non Refund,1.0,0,Transient-Party,62.0,0,0
City Hotel,1,27,2015,July,31,27,1,1,2,0.0,0,BB,PRT,Groups,TA/TO,0,0,0,A,A,0,Non Refund,1.0,0,Transient-Party,62.0,0,0
City Hotel,1,27,2015,July,31,27,1,1,2,0.0,0,BB,PRT,Groups,TA/TO,0,0,0,A,A,0,Non Refund,1.0,0,Transient-Party,62.0,0,0
City Hotel,1,25,2015,July,31,27,1,1,2,0.0,0,BB,PRT,Groups,TA/TO,0,0,0,A,A,0,No Deposit,1.0,0,Transient-Party,62.0,0,0
City Hotel,0,25,2015,July,31,27,1,1,2,0.0,0,BB,ESP,Groups,TA/TO,0,0,0,A,A,0,No Deposit,1.0,0,Transient-Party,62.0,0,0
City Hotel,0,25,2015,July,31,27,1,1,2,0.0,0,BB,PRT,Groups,TA/TO,0,0,0,A,A,0,No Deposit,1.0,0,Transient-Party,62.0,0,0
City Hotel,1,25,2015,July,31,27,1,1,2,0.0,0,BB,PRT,Groups,TA/TO,0,0,0,A,A,0,No Deposit,1.0,0,Transient-Party,62.0,0,0
City Hotel,1,27,2015,July,31,27,1,1,2,0.0,0,BB,PRT,Groups,TA/TO,0,0,0,A,A,0,Non Refund,1.0,0,Transient-Party,62.0,0,0
City Hotel,0,25,2015,July,31,27,1,1,2,0.0,0,BB,ESP,Groups,TA/TO,0,0,0,A,A,0,No Deposit,1.0,0,Transient-Party,62.0,0,0
City Hotel,0,25,2015,July,31,27,1,1,2,0.0,0,BB,ESP,Groups,TA/TO,0,0,0,A,A,0,No Deposit,1.0,0,Transient-Party,62.0,0,0
City Hotel,1,27,2015,July,31,27,1,1,2,0.0,0,BB,PRT,Groups,TA/TO,0,0,0,A,A,0,Non Refund,1.0,0,Transient-Party,62.0,0,0
City Hotel,1,27,2015,July,31,27,1,1,2,0.0,0,BB,PRT,Groups,TA/TO,0,0,0,A,A,0,Non Refund,1.0,0,Transient-Party,62.0,0,0
City Hotel,1,25,2015,July,31,27,1,1,2,0.0,0,BB,PRT,Groups,TA/TO,0,0,0,A,A,0,No Deposit,1.0,0,Transient-Party,62.0,0,0
City Hotel,1,27,2015,July,31,27,1,1,2,0.0,0,BB,PRT,Groups,TA/TO,0,0,0,A,A,0,Non Refund,1.0,0,Transient-Party,62.0,0,0
City Hotel,0,126,2015,July,31,27,1,2,2,0.0,0,BB,PRT,Online TA,TA/TO,0,0,0,A,D,0,No Deposit,9.0,0,Transient-Party,85.5,1,1
City Hotel,0,0,2015,July,31,27,1,2,2,0.0,0,BB,DEU,Offline TA/TO,TA/TO,0,0,0,A,A,1,No Deposit,27.0,0,Transient,75.0,0,0
City Hotel,0,126,2015,July,31,27,1,2,2,0.0,0,BB,FRA,Online TA,TA/TO,0,0,0,A,D,0,No Deposit,9.0,0,Transient-Party,76.5,0,1
City Hotel,1,81,2015,July,31,27,1,2,2,0.0,0,BB,PRT,Online TA,TA/TO,0,0,0,A,A,0,No Deposit,9.0,0,Transient,76.5,0,1
City Hotel,0,114,2015,July,31,27,1,2,2,0.0,0,BB,NLD,Online TA,TA/TO,0,0,0,A,A,1,No Deposit,9.0,0,Transient,76.5,0,2
City Hotel,0,74,2015,July,31,27,3,7,2,0.0,0,BB,PRT,Online TA,TA/TO,0,0,0,A,D,0,No Deposit,7.0,0,Transient,55.9,0,0
City Hotel,0,0,2015,July,31,28,0,0,2,0.0,0,BB,PRT,Direct,Direct,0,0,0,A,A,0,No Deposit,,0,Transient,0.0,0,0
City Hotel,0,0,2015,July,31,28,0,0,2,0.0,0,BB,PRT,Direct,Direct,0,0,0,A,A,2,No Deposit,,0,Transient,0.0,0,0
City Hotel,0,0,2015,July,31,28,0,2,2,0.0,0,BB,PRT,Direct,Direct,0,0,0,A,F,0,No Deposit,,0,Transient,0.0,0,0
City Hotel,0,0,2015,July,31,28,0,3,2,0.0,0,BB,PRT,Direct,Direct,0,0,0,A,D,1,No Deposit,,0,Transient,0.0,0,0
City Hotel,0,64,2015,July,31,28,2,5,2,0.0,0,BB,DEU,Offline TA/TO,TA/TO,0,0,0,A,A,0,No Deposit,27.0,0,Transient,88.4,0,1
City Hotel,0,0,2015,July,31,29,0,1,2,0.0,0,BB,PRT,Complementary,TA/TO,0,0,0,E,E,0,No Deposit,,0,Transient,0.0,0,2
City Hotel,0,138,2015,July,31,29,0,3,2,0.0,0,BB,BRA,Online TA,TA/TO,0,0,0,A,A,0,No Deposit,7.0,0,Transient,58.9,0,0
City Hotel,0,115,2015,July,31,29,2,5,2,0.0,0,BB,FRA,Online TA,TA/TO,0,0,0,A,A,0,No Deposit,9.0,0,Transient,76.5,0,1
City Hotel,0,102,2015,July,31,29,2,5,2,0.0,0,SC,SWE,Online TA,TA/TO,0,0,0,A,A,0,No Deposit,11.0,0,Transient,46.66,0,0
City Hotel,0,85,2015,July,31,30,0,3,2,0.0,0,BB,PRT,Online TA,TA/TO,0,0,0,A,D,0,No Deposit,9.0,0,Transient,76.5,0,1
City Hotel,1,115,2015,July,31,30,0,3,2,0.0,0,SC,PRT,Online TA,TA/TO,0,0,0,A,A,0,No Deposit,11.0,0,Transient,55.08,0,0
City Hotel,1,92,2015,July,31,31,0,1,2,0.0,0,BB,PRT,Online TA,TA/TO,0,0,0,A,A,0,No Deposit,9.0,0,Transient,76.5,0,1
City Hotel,0,100,2015,July,31,31,0,2,2,0.0,0,BB,DEU,Online TA,TA/TO,0,0,0,A,A,0,No Deposit,7.0,0,Transient,55.96,0,1
City Hotel,0,0,2015,July,31,31,2,2,2,0.0,0,BB,PRT,Groups,TA/TO,0,0,0,A,A,0,No Deposit,1.0,0,Transient,36.0,0,0
City Hotel,0,80,2015,July,31,31,2,7,2,0.0,0,BB,PRT,Online TA,TA/TO,0,0,0,A,A,0,No Deposit,15.0,0,Transient-Party,63.46,0,0
City Hotel,0,80,2015,July,31,31,2,7,2,0.0,0,BB,PRT,Online TA,TA/TO,0,0,0,A,A,0,No Deposit,15.0,0,Transient-Party,63.46,0,0
City Hotel,0,0,2015,August,31,1,0,1,2,0.0,0,BB,PRT,Direct,Direct,0,0,0,A,A,0,No Deposit,,0,Transient,75.0,0,0
City Hotel,0,117,2015,August,31,1,2,1,2,0.0,0,HB,ITA,Offline TA/TO,TA/TO,0,0,0,B,B,1,No Deposit,17.0,0,Transient-Party,89.75,0,0
City Hotel,1,117,2015,August,31,1,2,1,2,0.0,0,HB,ITA,Offline TA/TO,TA/TO,0,0,0,A,A,0,No Deposit,17.0,0,Transient-Party,94.5,0,0
City Hotel,1,117,2015,August,31,1,2,1,2,0.0,0,HB,ITA,Offline TA/TO,TA/TO,0,0,0,A,A,0,No Deposit,17.0,0,Transient-Party,94.5,0,0
City Hotel,1,130,2015,August,31,1,2,1,2,0.0,0,BB,PRT,Online TA,TA/TO,0,0,0,A,A,0,No Deposit,9.0,0,Transient-Party,76.5,0,1
City Hotel,0,117,2015,August,31,1,2,1,2,0.0,0,HB,ITA,Offline TA/TO,TA/TO,0,0,0,A,A,0,No Deposit,17.0,0,Transient-Party,94.5,0,0
City Hotel,0,117,2015,August,31,1,2,1,2,0.0,0,HB,ITA,Offline TA/TO,TA/TO,0,0,0,A,A,0,No Deposit,17.0,0,Transient-Party,94.5,0,0
City Hotel,1,117,2015,August,31,1,2,1,2,0.0,0,HB,ITA,Offline TA/TO,TA/TO,0,0,0,A,A,0,No Deposit,17.0,0,Transient-Party,94.5,0,0
City Hotel,1,117,2015,August,31,1,2,1,2,0.0,0,HB,ITA,Offline TA/TO,TA/TO,0,0,0,A,A,0,No Deposit,17.0,0,Transient-Party,94.5,0,0
City Hotel,1,117,2015,August,31,1,2,1,2,0.0,0,HB,ITA,Offline TA/TO,TA/TO,0,0,0,A,A,0,No Deposit,17.0,0,Transient-Party,94.5,0,0
City Hotel,1,130,2015,August,31,1,2,1,2,0.0,0,BB,PRT,Online TA,TA/TO,0,0,0,A,A,0,No Deposit,9.0,0,Transient-Party,85.5,0,1
City Hotel,1,117,2015,August,31,1,2,1,2,0.0,0,HB,ITA,Offline TA/TO,TA/TO,0,0,0,A,A,0,No Deposit,17.0,0,Transient-Party,94.5,0,0
City Hotel,1,2,2015,August,31,1,2,1,2,0.0,0,HB,ITA,Offline TA/TO,TA/TO,0,0,0,A,A,0,No Deposit,17.0,0,Transient-Party,94.5,0,0
City Hotel,1,117,2015,August,31,1,2,1,2,0.0,0,HB,ITA,Offline TA/TO,TA/TO,0,0,0,A,A,0,No Deposit,17.0,0,Transient-Party,94.5,0,0
City Hotel,0,117,2015,August,31,1,2,1,2,0.0,0,HB,ITA,Offline TA/TO,TA/TO,0,0,0,A,A,0,No Deposit,17.0,0,Transient-Party,94.5,0,0
City Hotel,1,117,2015,August,31,1,2,1,2,0.0,0,HB,ITA,Offline TA/TO,TA/TO,0,0,0,A,A,0,No Deposit,17.0,0,Transient-Party,94.5,0,0
City Hotel,1,117,2015,August,31,1,2,1,2,0.0,0,HB,ITA,Offline TA/TO,TA/TO,0,0,0,A,A,0,No Deposit,17.0,0,Transient-Party,94.5,0,0
City Hotel,1,2,2015,August,31,1,2,1,2,0.0,0,HB,ITA,Offline TA/TO,TA/TO,0,0,0,A,A,0,No Deposit,17.0,0,Transient-Party,94.5,0,0
City Hotel,0,117,2015,August,31,1,2,1,2,0.0,0,HB,ITA,Offline TA/TO,TA/TO,0,0,0,A,A,0,No Deposit,17.0,0,Transient-Party,94.5,0,0
City Hotel,1,117,2015,August,31,1,2,1,2,0.0,0,HB,ITA,Offline TA/TO,TA/TO,0,0,0,A,A,0,No Deposit,17.0,0,Transient-Party,94.5,0,0
City Hotel,1,117,2015,August,31,1,2,1,2,0.0,0,HB,ITA,Offline TA/TO,TA/TO,0,0,0,A,A,0,No Deposit,17.0,0,Transient-Party,94.5,0,0
City Hotel,1,117,2015,August,31,1,2,1,2,0.0,0,HB,ITA,Offline TA/TO,TA/TO,0,0,0,A,A,0,No Deposit,17.0,0,Transient-Party,94.5,0,0
City Hotel,1,117,2015,August,31,1,2,1,2,0.0,0,HB,ITA,Offline TA/TO,TA/TO,0,0,0,A,A,0,No Deposit,17.0,0,Transient-Party,94.5,0,0
City Hotel,1,2,2015,August,31,1,2,1,2,0.0,0,HB,ITA,Offline TA/TO,TA/TO,0,0,0,A,A,0,No Deposit,17.0,0,Transient-Party,94.5,0,0
City Hotel,0,117,2015,August,31,1,2,1,2,0.0,0,HB,ITA,Offline TA/TO,TA/TO,0,0,0,A,A,0,No Deposit,17.0,0,Transient-Party,94.5,0,0
City Hotel,0,117,2015,August,31,1,2,1,2,0.0,0,HB,ITA,Offline TA/TO,TA/TO,0,0,0,A,A,0,No Deposit,17.0,0,Transient-Party,94.5,0,0
City Hotel,0,135,2015,August,31,1,2,3,2,0.0,0,BB,AUT,Online TA,TA/TO,0,0,0,A,D,0,No Deposit,9.0,0,Transient,76.5,0,3
City Hotel,0,94,2015,August,31,1,2,4,2,0.0,0,BB,PRT,Online TA,TA/TO,0,0,0,A,D,0,No Deposit,9.0,0,Transient,76.5,0,0
City Hotel,0,83,2015,August,32,2,2,1,2,0.0,0,BB,BEL,Online TA,TA/TO,0,0,0,A,A,0,No Deposit,9.0,0,Transient,76.5,0,1
City Hotel,0,0,2015,August,32,3,1,0,2,0.0,0,BB,PRT,Complementary,Direct,0,0,0,D,D,0,No Deposit,,0,Transient,0.0,0,0
City Hotel,0,0,2015,August,32,3,1,0,2,0.0,0,BB,PRT,Complementary,Direct,0,0,0,A,D,0,No Deposit,,0,Transient,0.0,0,0
City Hotel,0,6,2015,August,32,3,1,0,2,0.0,0,BB,PRT,Direct,Direct,0,0,0,B,B,0,No Deposit,,0,Transient-Party,75.0,0,1
City Hotel,1,2,2015,August,32,3,1,0,2,,0,BB,PRT,Undefined,Undefined,0,0,0,B,B,0,No Deposit,,0,Transient-Party,12.0,0,1
City Hotel,1,76,2015,August,32,3,1,2,2,0.0,0,BB,PRT,Groups,TA/TO,0,0,0,A,A,0,Non Refund,1.0,0,Transient,12.0,0,0
City Hotel,0,84,2015,August,32,3,1,2,2,0.0,0,BB,PRT,Online TA,TA/TO,0,0,0,A,D,0,No Deposit,9.0,0,Transient,85.5,1,1
City Hotel,1,76,2015,August,32,3,1,2,2,0.0,0,BB,PRT,Groups,TA/TO,0,0,0,A,A,0,Non Refund,1.0,0,Transient,12.0,0,0
City Hotel,1,28,2015,August,32,3,1,3,2,0.0,0,BB,PRT,Groups,TA/TO,0,0,0,A,A,0,No Deposit,1.0,0,Transient-Party,62.0,0,0
City Hotel,1,28,2015,August,32,3,1,3,2,0.0,0,BB,PRT,Groups,TA/TO,0,0,0,A,A,0,No Deposit,1.0,0,Transient-Party,62.0,0,0
City Hotel,1,28,2015,August,32,3,1,3,2,0.0,0,BB,PRT,Groups,TA/TO,0,0,0,A,A,0,No Deposit,1.0,0,Transient-Party,62.0,0,0
City Hotel,0,28,2015,August,32,3,1,3,2,0.0,0,BB,ESP,Groups,TA/TO,0,0,0,A,A,0,No Deposit,1.0,0,Transient-Party,62.0,0,0
City Hotel,1,28,2015,August,32,3,1,3,2,0.0,0,BB,PRT,Groups,TA/TO,0,0,0,A,A,0,No Deposit,1.0,0,Transient-Party,62.0,0,0
City Hotel,0,28,2015,August,32,3,1,3,2,0.0,0,BB,ESP,Groups,TA/TO,0,0,0,A,A,0,No Deposit,1.0,0,Transient-Party,62.0,0,0
City Hotel,1,28,2015,August,32,3,1,3,2,0.0,0,BB,PRT,Groups,TA/TO,0,0,0,A,A,0,No Deposit,1.0,0,Transient-Party,62.0,0,0
City Hotel,0,28,2015,August,32,3,1,3,2,0.0,0,BB,ESP,Groups,TA/TO,0,0,0,A,A,0,No Deposit,1.0,0,Transient-Party,62.0,0,0
City Hotel,1,28,2015,August,32,3,1,3,2,0.0,0,BB,PRT,Groups,TA/TO,0,0,0,A,A,0,No Deposit,1.0,0,Transient-Party,62.0,0,0
City Hotel,1,28,2015,August,32,3,1,3,2,0.0,0,BB,PRT,Groups,TA/TO,0,0,0,A,A,0,No Deposit,1.0,0,Transient-Party,62.0,0,0
City Hotel,1,28,2015,August,32,3,1,3,2,0.0,0,BB,PRT,Groups,TA/TO,0,0,0,A,A,0,No Deposit,1.0,0,Transient-Party,62.0,0,0
City Hotel,0,28,2015,August,32,3,1,3,2,0.0,0,BB,ESP,Groups,TA/TO,0,0,0,A,A,0,No Deposit,1.0,0,Transient-Party,62.0,0,0
City Hotel,1,28,2015,August,32,3,1,3,2,0.0,0,BB,PRT,Groups,TA/TO,0,0,0,A,A,0,No Deposit,1.0,0,Transient-Party,62.0,0,0
City Hotel,1,28,2015,August,32,3,1,3,2,0.0,0,BB,PRT,Groups,TA/TO,0,0,0,A,A,0,No Deposit,1.0,0,Transient-Party,62.0,0,0
City Hotel,1,28,2015,August,32,3,1,3,2,0.0,0,BB,PRT,Groups,TA/TO,0,0,0,A,A,0,No Deposit,1.0,0,Transient-Party,62.0,0,0
City Hotel,0,28,2015,August,32,3,1,3,2,0.0,0,BB,ESP,Groups,TA/TO,0,0,0,A,A,0,No Deposit,1.0,0,Transient-Party,62.0,0,0
City Hotel,0,28,2015,August,32,3,1,3,2,0.0,0,BB,ESP,Groups,TA/TO,0,0,0,A,A,0,No Deposit,1.0,0,Transient,62.0,0,0
City Hotel,1,28,2015,August,32,3,1,3,2,0.0,0,BB,PRT,Groups,TA/TO,0,0,0,A,A,0,No Deposit,1.0,0,Transient-Party,62.0,0,0
City Hotel,0,28,2015,August,32,3,1,3,2,0.0,0,BB,ESP,Groups,TA/TO,0,0,0,A,A,0,No Deposit,1.0,0,Transient-Party,62.0,0,0
City Hotel,1,28,2015,August,32,3,1,3,2,0.0,0,BB,PRT,Groups,TA/TO,0,0,0,A,A,0,No Deposit,1.0,0,Transient-Party,62.0,0,0
City Hotel,1,28,2015,August,32,3,1,3,2,0.0,0,BB,PRT,Groups,TA/TO,0,0,0,A,A,0,No Deposit,1.0,0,Transient-Party,62.0,0,0
City Hotel,1,28,2015,August,32,3,1,3,2,0.0,0,BB,PRT,Groups,TA/TO,0,0,0,A,A,0,No Deposit,1.0,0,Transient-Party,62.0,0,0
City Hotel,1,28,2015,August,32,3,1,3,2,0.0,0,BB,PRT,Groups,TA/TO,0,0,0,A,A,0,No Deposit,1.0,0,Transient-Party,62.0,0,0
City Hotel,0,28,2015,August,32,3,1,3,2,0.0,0,BB,ESP,Groups,TA/TO,0,0,0,A,A,0,No Deposit,1.0,0,Transient-Party,62.0,0,0
City Hotel,0,28,2015,August,32,3,1,3,2,0.0,0,BB,ESP,Groups,TA/TO,0,0,0,A,A,0,No Deposit,1.0,0,Transient-Party,62.0,0,0
City Hotel,1,28,2015,August,32,3,1,3,2,0.0,0,BB,PRT,Groups,TA/TO,0,0,0,A,A,0,No Deposit,1.0,0,Transient-Party,62.0,0,0
City Hotel,1,28,2015,August,32,3,1,3,2,0.0,0,BB,PRT,Groups,TA/TO,0,0,0,A,A,0,No Deposit,1.0,0,Transient-Party,62.0,0,0
City Hotel,0,111,2015,August,32,3,1,4,2,0.0,0,BB,FRA,Online TA,TA/TO,0,0,0,A,D,0,No Deposit,9.0,0,Transient,76.5,0,0
City Hotel,1,81,2015,August,32,3,5,12,2,0.0,0,BB,PRT,Online TA,TA/TO,0,0,0,A,A,0,No Deposit,9.0,0,Transient,76.5,0,1
City Hotel,1,77,2015,August,32,3,5,12,2,0.0,0,BB,PRT,Online TA,TA/TO,0,0,0,A,A,0,No Deposit,9.0,0,Transient,76.5,0,0
City Hotel,0,0,2015,August,32,4,0,2,2,0.0,0,SC,BEL,Online TA,TA/TO,0,0,0,A,A,1,No Deposit,9.0,0,Contract,80.0,1,1
City Hotel,0,0,2015,August,32,4,0,2,2,0.0,0,BB,PRT,Complementary,Direct,0,0,0,A,D,0,No Deposit,,0,Transient,0.0,0,0
City Hotel,0,0,2015,August,32,4,0,2,2,0.0,0,SC,CHE,Online TA,TA/TO,0,0,0,A,A,1,No Deposit,9.0,0,Contract,80.0,1,1
City Hotel,1,0,2015,August,32,4,0,1,2,0.0,0,BB,PRT,Direct,Direct,0,0,0,A,A,0,No Deposit,,0,Transient,0.0,0,0
City Hotel,1,0,2015,August,32,4,0,1,2,0.0,0,BB,PRT,Direct,Direct,0,0,0,A,A,0,No Deposit,,0,Transient,0.0,0,0
City Hotel,0,0,2015,August,32,4,0,1,2,0.0,0,BB,PRT,Online TA,TA/TO,0,0,0,A,A,0,No Deposit,9.0,0,Transient,90.0,0,0
City Hotel,0,1,2015,August,32,4,1,5,2,0.0,0,BB,NOR,Online TA,TA/TO,0,0,0,A,A,0,No Deposit,9.0,0,Transient,80.0,0,2
City Hotel,1,34,2015,August,32,5,0,2,2,0.0,0,BB,PRT,Groups,TA/TO,0,0,0,A,A,0,No Deposit,1.0,0,Transient-Party,62.0,0,0
City Hotel,0,34,2015,August,32,5,0,2,2,0.0,0,BB,ESP,Groups,TA/TO,0,0,0,A,A,0,No Deposit,1.0,0,Transient-Party,62.0,0,0
City Hotel,1,34,2015,August,32,5,0,2,2,0.0,0,BB,PRT,Groups,TA/TO,0,0,0,A,A,0,No Deposit,1.0,0,Transient-Party,62.0,0,0
City Hotel,0,0,2015,August,32,5,0,1,2,0.0,0,BB,FRA,Direct,Direct,0,0,0,A,A,0,No Deposit,,0,Transient,75.0,0,0
City Hotel,0,0,2015,August,32,5,0,1,2,0.0,0,BB,PRT,Direct,Direct,0,0,0,D,D,0,No Deposit,,0,Transient,75.0,0,0
City Hotel,0,1,2015,August,32,5,0,1,2,0.0,0,BB,PRT,Direct,Direct,0,0,0,A,A,0,No Deposit,14.0,0,Transient,75.0,0,1
City Hotel,0,1,2015,August,32,5,0,1,2,0.0,0,BB,PRT,Direct,Direct,0,0,0,A,A,1,No Deposit,14.0,0,Transient,75.0,0,1
City Hotel,0,34,2015,August,32,5,0,2,2,0.0,0,BB,ESP,Groups,TA/TO,0,0,0,A,A,0,No Deposit,1.0,0,Transient-Party,62.0,0,0
City Hotel,1,34,2015,August,32,5,0,2,2,0.0,0,BB,PRT,Groups,TA/TO,0,0,0,A,A,0,No Deposit,1.0,0,Transient-Party,62.0,0,0
City Hotel,1,34,2015,August,32,5,0,2,2,0.0,0,BB,PRT,Groups,TA/TO,0,0,0,A,A,0,No Deposit,1.0,0,Transient-Party,62.0,0,0
City Hotel,1,34,2015,August,32,5,0,2,2,0.0,0,BB,PRT,Groups,TA/TO,0,0,0,A,A,0,No Deposit,1.0,0,Transient-Party,62.0,0,0
City Hotel,1,34,2015,August,32,5,0,2,2,0.0,0,BB,PRT,Groups,TA/TO,0,0,0,A,A,0,No Deposit,1.0,0,Transient-Party,62.0,0,0
City Hotel,0,141,2015,August,32,5,0,2,2,0.0,0,BB,FRA,Online TA,TA/TO,0,0,0,A,D,0,No Deposit,9.0,0,Transient,85.5,1,1
City Hotel,1,1,2015,August,32,5,0,2,2,,0,BB,PRT,Direct,Undefined,0,0,0,B,B,0,No Deposit,14.0,0,Transient-Party,12.0,0,1
City Hotel,0,0,2015,August,32,5,0,2,2,0.0,0,BB,ITA,Direct,Direct,0,0,0,A,A,0,No Deposit,,0,Transient,75.0,0,0
City Hotel,0,34,2015,August,32,5,0,2,2,0.0,0,BB,ESP,Groups,TA/TO,0,0,0,A,A,0,No Deposit,1.0,0,Transient-Party,62.0,0,0
City Hotel,1,34,2015,August,32,5,0,2,2,0.0,0,BB,PRT,Groups,TA/TO,0,0,0,A,A,0,No Deposit,1.0,0,Transient-Party,62.0,0,0
City Hotel,0,34,2015,August,32,5,0,2,2,0.0,0,BB,ESP,Groups,TA/TO,0,0,0,A,A,0,No Deposit,1.0,0,Transient-Party,62.0,0,0
City Hotel,1,34,2015,August,32,5,0,2,2,0.0,0,BB,PRT,Groups,TA/TO,0,0,0,A,A,0,No Deposit,1.0,0,Transient-Party,62.0,0,0
City Hotel,1,34,2015,August,32,5,0,2,2,0.0,0,BB,PRT,Groups,TA/TO,0,0,0,A,A,0,No Deposit,1.0,0,Transient-Party,62.0,0,0
City Hotel,0,34,2015,August,32,5,0,2,2,0.0,0,BB,ESP,Groups,TA/TO,0,0,0,A,A,0,No Deposit,1.0,0,Transient,62.0,0,0
City Hotel,0,34,2015,August,32,5,0,2,2,0.0,0,BB,ESP,Groups,TA/TO,0,0,0,A,A,0,No Deposit,1.0,0,Transient-Party,62.0,0,0
City Hotel,1,34,2015,August,32,5,0,2,2,0.0,0,BB,PRT,Groups,TA/TO,0,0,0,A,A,0,No Deposit,1.0,0,Transient-Party,62.0,0,0
City Hotel,1,34,2015,August,32,5,0,2,2,0.0,0,BB,PRT,Groups,TA/TO,0,0,0,A,A,0,No Deposit,1.0,0,Transient-Party,62.0,0,0
City Hotel,0,1,2015,August,32,5,0,2,2,0.0,0,BB,DEU,Direct,Direct,0,0,0,A,A,3,No Deposit,14.0,0,Transient-Party,75.0,0,1
City Hotel,1,34,2015,August,32,5,0,2,2,0.0,0,BB,PRT,Groups,TA/TO,0,0,0,A,A,0,No Deposit,1.0,0,Transient-Party,62.0,0,0
City Hotel,1,34,2015,August,32,5,0,2,2,0.0,0,BB,PRT,Groups,TA/TO,0,0,0,A,A,0,No Deposit,1.0,0,Transient-Party,62.0,0,0
City Hotel,1,34,2015,August,32,5,0,2,2,0.0,0,BB,PRT,Groups,TA/TO,0,0,0,A,A,0,No Deposit,1.0,0,Transient-Party,62.0,0,0
City Hotel,1,34,2015,August,32,5,0,2,2,0.0,0,BB,PRT,Groups,TA/TO,0,0,0,A,A,0,No Deposit,1.0,0,Transient-Party,62.0,0,0
City Hotel,0,119,2015,August,32,5,0,2,2,0.0,0,BB,ISR,Online TA,TA/TO,0,0,0,A,D,0,No Deposit,9.0,0,Transient,76.5,0,0
City Hotel,0,34,2015,August,32,5,0,2,2,0.0,0,BB,ESP,Groups,TA/TO,0,0,0,A,A,0,No Deposit,1.0,0,Transient-Party,62.0,0,0
City Hotel,0,34,2015,August,32,5,0,2,2,0.0,0,BB,ESP,Groups,TA/TO,0,0,0,A,A,0,No Deposit,1.0,0,Transient-Party,62.0,0,0
City Hotel,1,34,2015,August,32,5,0,2,2,0.0,0,BB,PRT,Groups,TA/TO,0,0,0,A,A,0,No Deposit,1.0,0,Transient-Party,62.0,0,0
City Hotel,0,12,2015,August,32,5,0,3,2,0.0,0,BB,RUS,Corporate,Corporate,0,0,0,A,D,0,No Deposit,,0,Transient-Party,65.0,0,0
City Hotel,0,12,2015,August,32,5,0,3,2,0.0,0,BB,RUS,Corporate,Corporate,0,0,0,A,D,0,No Deposit,,0,Transient-Party,65.0,0,0
City Hotel,0,12,2015,August,32,5,0,3,2,0.0,0,BB,RUS,Corporate,Corporate,0,0,0,A,D,0,No Deposit,,0,Transient-Party,65.0,0,0
City Hotel,0,135,2015,August,32,5,0,3,2,0.0,0,BB,IRL,Direct,Direct,0,0,0,B,D,2,No Deposit,14.0,0,Transient-Party,76.5,0,3
City Hotel,0,12,2015,August,32,5,0,3,2,0.0,0,BB,RUS,Corporate,Corporate,0,0,0,A,A,0,No Deposit,,0,Transient-Party,65.0,0,0
City Hotel,0,12,2015,August,32,5,0,3,2,0.0,0,BB,RUS,Corporate,Corporate,0,0,0,A,A,0,No Deposit,,0,Transient-Party,65.0,0,0
City Hotel,0,12,2015,August,32,5,0,3,2,0.0,0,BB,RUS,Corporate,Corporate,0,0,0,A,D,0,No Deposit,,0,Transient-Party,65.0,0,0
City Hotel,0,12,2015,August,32,5,0,3,2,0.0,0,BB,RUS,Corporate,Corporate,0,0,0,A,A,0,No Deposit,,0,Transient-Party,65.0,0,0
City Hotel,0,12,2015,August,32,5,0,3,2,0.0,0,BB,RUS,Corporate,Corporate,0,0,0,A,D,0,No Deposit,,0,Transient-Party,65.0,0,0
City Hotel,0,12,2015,August,32,5,0,3,2,0.0,0,BB,RUS,Corporate,Corporate,0,0,0,A,A,0,No Deposit,,0,Transient-Party,65.0,0,0
City Hotel,0,12,2015,August,32,5,0,3,2,0.0,0,BB,RUS,Corporate,Corporate,0,0,0,A,A,0,No Deposit,,0,Transient-Party,65.0,0,0
City Hotel,0,12,2015,August,32,5,0,3,2,0.0,0,BB,RUS,Corporate,Corporate,0,0,0,A,A,0,No Deposit,,0,Transient-Party,65.0,0,0
City Hotel,0,12,2015,August,32,5,0,3,2,0.0,0,BB,RUS,Corporate,Corporate,0,0,0,A,D,0,No Deposit,,0,Transient-Party,65.0,0,0
City Hotel,0,12,2015,August,32,5,0,3,2,0.0,0,BB,RUS,Corporate,Corporate,0,0,0,A,A,0,No Deposit,,0,Transient-Party,65.0,0,0
City Hotel,0,12,2015,August,32,5,0,3,2,0.0,0,BB,RUS,Corporate,Corporate,0,0,0,A,A,0,No Deposit,,0,Transient-Party,65.0,0,0
City Hotel,0,0,2015,August,32,5,0,3,2,0.0,0,BB,ESP,Online TA,TA/TO,0,0,0,A,A,0,No Deposit,9.0,0,Contract,90.0,0,2
City Hotel,0,12,2015,August,32,5,0,3,2,0.0,0,BB,RUS,Corporate,Corporate,0,0,0,A,A,0,No Deposit,,0,Transient-Party,65.0,0,0
City Hotel,0,12,2015,August,32,5,0,3,2,0.0,0,BB,RUS,Corporate,Corporate,0,0,0,A,A,0,No Deposit,,0,Transient-Party,65.0,0,0
City Hotel,0,12,2015,August,32,5,0,3,2,0.0,0,BB,RUS,Corporate,Corporate,0,0,0,A,D,0,No Deposit,,0,Transient-Party,65.0,0,0
City Hotel,0,7,2015,August,32,5,0,3,2,0.0,0,BB,PRT,Offline TA/TO,TA/TO,0,0,0,A,A,1,No Deposit,42.0,0,Transient-Party,66.0,0,1
City Hotel,0,12,2015,August,32,5,0,3,2,0.0,0,BB,RUS,Corporate,Corporate,0,0,0,A,A,0,No Deposit,,0,Transient-Party,65.0,0,0
City Hotel,0,12,2015,August,32,5,0,3,2,0.0,0,BB,RUS,Corporate,Corporate,0,0,0,A,A,0,No Deposit,,0,Transient-Party,65.0,0,0
City Hotel,0,12,2015,August,32,5,0,3,2,0.0,0,BB,RUS,Corporate,Corporate,0,0,0,A,D,0,No Deposit,,0,Transient-Party,65.0,0,0
City Hotel,0,12,2015,August,32,5,0,3,2,0.0,0,BB,RUS,Corporate,Corporate,0,0,0,A,A,0,No Deposit,,0,Transient-Party,65.0,0,0
City Hotel,0,12,2015,August,32,5,0,3,2,0.0,0,BB,RUS,Corporate,Corporate,0,0,0,A,A,0,No Deposit,,0,Transient-Party,65.0,0,0
City Hotel,0,1,2015,August,32,5,0,3,2,0.0,0,SC,FRA,Online TA,TA/TO,0,0,0,A,A,0,No Deposit,9.0,0,Contract,80.0,0,1
City Hotel,0,12,2015,August,32,5,0,3,2,0.0,0,BB,RUS,Corporate,Corporate,0,0,0,A,D,0,No Deposit,,0,Transient-Party,65.0,0,0
City Hotel,1,33,2015,August,32,5,0,4,2,0.0,0,BB,PRT,Online TA,TA/TO,0,0,0,B,B,0,No Deposit,15.0,0,Transient-Party,67.5,0,1
City Hotel,1,33,2015,August,32,5,0,4,2,0.0,0,BB,PRT,Online TA,TA/TO,0,0,0,B,B,0,No Deposit,15.0,0,Transient-Party,67.5,0,1
City Hotel,0,0,2015,August,32,5,0,4,2,0.0,0,BB,POL,Online TA,TA/TO,0,0,0,A,A,0,No Deposit,9.0,0,Contract,90.0,0,1
City Hotel,0,0,2015,August,32,5,1,4,2,0.0,0,BB,PRT,Direct,Direct,0,0,0,A,A,2,No Deposit,,0,Transient,75.0,0,0
City Hotel,0,83,2015,August,32,5,1,4,2,0.0,0,BB,FRA,Online TA,TA/TO,0,0,0,A,D,0,No Deposit,9.0,0,Transient-Party,76.5,1,1
City Hotel,0,83,2015,August,32,5,1,4,2,0.0,0,BB,FRA,Online TA,TA/TO,0,0,0,A,D,0,No Deposit,9.0,0,Transient-Party,85.5,1,1
City Hotel,0,34,2015,August,32,5,0,2,2,0.0,0,BB,ESP,Groups,TA/TO,0,0,0,A,A,0,No Deposit,1.0,0,Transient-Party,62.0,0,0
City Hotel,1,34,2015,August,32,5,0,2,2,0.0,0,BB,PRT,Groups,TA/TO,0,0,0,A,A,0,No Deposit,1.0,0,Transient-Party,62.0,0,0
City Hotel,0,6,2015,August,32,5,2,4,2,0.0,0,BB,PRT,Offline TA/TO,TA/TO,0,0,0,A,A,0,No Deposit,27.0,0,Transient,70.0,0,0
City Hotel,0,0,2015,August,32,6,0,1,2,0.0,0,BB,PRT,Direct,Direct,0,0,0,A,D,0,No Deposit,,0,Transient,70.0,0,0
City Hotel,0,0,2015,August,32,6,0,1,2,0.0,0,BB,PRT,Online TA,TA/TO,0,0,0,A,B,1,No Deposit,,0,Transient,81.0,0,0
City Hotel,0,0,2015,August,32,6,0,1,2,0.0,0,SC,USA,Online TA,TA/TO,0,0,0,A,A,0,No Deposit,,0,Transient,81.0,0,0
City Hotel,0,0,2015,August,32,6,0,1,2,0.0,0,SC,POL,Online TA,TA/TO,0,0,0,A,A,1,No Deposit,9.0,0,Contract,90.0,1,1
City Hotel,0,0,2015,August,32,6,0,1,2,0.0,0,SC,PRT,Online TA,TA/TO,0,0,0,A,A,0,No Deposit,9.0,0,Contract,81.0,0,2
City Hotel,0,0,2015,August,32,6,0,1,2,0.0,0,BB,PRT,Complementary,Direct,0,0,0,A,D,1,No Deposit,,0,Transient,0.0,0,0
City Hotel,0,0,2015,August,32,6,0,1,2,0.0,0,BB,ESP,Online TA,TA/TO,0,0,0,A,A,0,No Deposit,9.0,0,Contract,90.0,0,2
City Hotel,0,0,2015,August,32,6,0,1,2,0.0,0,BB,PRT,Direct,Direct,0,0,0,A,A,0,No Deposit,,0,Transient,75.0,0,0
City Hotel,0,0,2015,August,32,6,0,2,2,0.0,0,BB,ITA,Online TA,TA/TO,0,0,0,A,A,0,No Deposit,9.0,0,Contract,90.0,0,1
City Hotel,1,84,2015,August,32,6,0,3,2,0.0,0,BB,PRT,Online TA,TA/TO,0,0,0,A,A,0,No Deposit,9.0,0,Transient,76.5,0,1
City Hotel,0,92,2015,August,32,6,0,3,2,0.0,0,BB,FRA,Offline TA/TO,TA/TO,0,0,0,A,A,0,No Deposit,13.0,0,Transient-Party,63.75,0,1
City Hotel,0,11,2015,August,32,7,0,1,2,0.0,0,BB,PRT,Online TA,TA/TO,0,0,0,A,A,0,No Deposit,15.0,0,Transient-Party,75.0,0,1
City Hotel,1,0,2015,August,32,7,0,1,2,0.0,0,BB,PRT,Online TA,TA/TO,0,0,0,A,A,0,No Deposit,9.0,0,Transient,98.0,0,0
City Hotel,0,3,2015,August,32,7,0,1,2,0.0,0,BB,PRT,Direct,Direct,0,0,0,A,A,0,No Deposit,14.0,0,Transient,75.0,0,0
City Hotel,0,0,2015,August,32,7,0,1,2,0.0,0,SC,FRA,Online TA,TA/TO,0,0,0,A,A,0,No Deposit,9.0,0,Contract,81.0,0,2
City Hotel,0,36,2015,August,32,7,0,2,2,0.0,0,BB,ESP,Groups,TA/TO,0,0,0,A,A,0,No Deposit,1.0,0,Transient-Party,62.0,0,0
City Hotel,0,36,2015,August,32,7,0,2,2,0.0,0,BB,ESP,Groups,TA/TO,0,0,0,A,A,0,No Deposit,1.0,0,Transient-Party,62.0,0,0
City Hotel,1,36,2015,August,32,7,0,2,2,0.0,0,BB,PRT,Groups,TA/TO,0,0,0,A,A,0,No Deposit,1.0,0,Transient-Party,62.0,0,0
City Hotel,0,13,2015,August,32,7,0,1,2,0.0,0,BB,PRT,Online TA,TA/TO,0,0,0,A,B,2,No Deposit,15.0,0,Transient-Party,75.0,0,1
City Hotel,0,1,2015,August,32,7,0,1,2,0.0,0,SC,PRT,Online TA,TA/TO,0,0,0,A,A,2,No Deposit,9.0,0,Contract,81.0,0,2
City Hotel,0,36,2015,August,32,7,0,2,2,0.0,0,BB,ESP,Groups,TA/TO,0,0,0,A,A,0,No Deposit,1.0,0,Transient-Party,62.0,0,0
City Hotel,0,0,2015,August,32,7,0,2,2,0.0,0,BB,PRT,Direct,Direct,0,0,0,A,A,0,No Deposit,14.0,0,Transient,75.0,0,1
City Hotel,0,36,2015,August,32,7,0,2,2,0.0,0,BB,ESP,Groups,TA/TO,0,0,0,A,A,0,No Deposit,1.0,0,Transient-Party,62.0,0,0
City Hotel,1,36,2015,August,32,7,0,2,2,0.0,0,BB,PRT,Groups,TA/TO,0,0,0,A,A,0,No Deposit,1.0,0,Transient-Party,62.0,0,0
City Hotel,1,36,2015,August,32,7,0,2,2,0.0,0,BB,PRT,Groups,TA/TO,0,0,0,A,A,0,No Deposit,1.0,0,Transient-Party,62.0,0,0
City Hotel,0,0,2015,August,32,7,0,2,2,0.0,0,SC,PRT,Online TA,TA/TO,0,0,0,F,F,0,No Deposit,9.0,0,Contract,162.0,1,1
City Hotel,0,36,2015,August,32,7,0,2,2,0.0,0,BB,ESP,Groups,TA/TO,0,0,0,A,A,0,No Deposit,1.0,0,Transient-Party,62.0,0,0
City Hotel,0,36,2015,August,32,7,0,2,2,0.0,0,BB,ESP,Groups,TA/TO,0,0,0,A,A,0,No Deposit,1.0,0,Transient-Party,62.0,0,0
City Hotel,0,36,2015,August,32,7,0,2,2,0.0,0,BB,ESP,Groups,TA/TO,0,0,0,A,A,0,No Deposit,1.0,0,Transient-Party,62.0,0,0
City Hotel,1,36,2015,August,32,7,0,2,2,0.0,0,BB,PRT,Groups,TA/TO,0,0,0,A,A,0,No Deposit,1.0,0,Transient-Party,62.0,0,0
City Hotel,1,36,2015,August,32,7,0,2,2,0.0,0,BB,PRT,Groups,TA/TO,0,0,0,A,A,0,No Deposit,1.0,0,Transient-Party,62.0,0,0
City Hotel,1,36,2015,August,32,7,0,2,2,0.0,0,BB,PRT,Groups,TA/TO,0,0,0,A,A,0,No Deposit,1.0,0,Transient-Party,62.0,0,0
City Hotel,0,36,2015,August,32,7,0,2,2,0.0,0,BB,ESP,Groups,TA/TO,0,0,0,A,A,0,No Deposit,1.0,0,Transient-Party,62.0,0,0
City Hotel,1,36,2015,August,32,7,0,2,2,0.0,0,BB,PRT,Groups,TA/TO,0,0,0,A,A,0,No Deposit,1.0,0,Transient-Party,62.0,0,0
City Hotel,0,1,2015,August,32,7,0,2,2,0.0,0,SC,FRA,Online TA,TA/TO,0,0,0,A,A,0,No Deposit,9.0,0,Contract,81.0,0,1
City Hotel,0,36,2015,August,32,7,0,2,2,0.0,0,BB,ESP,Groups,TA/TO,0,0,0,A,A,0,No Deposit,1.0,0,Transient-Party,62.0,0,0
City Hotel,1,36,2015,August,32,7,0,2,2,0.0,0,BB,PRT,Groups,TA/TO,0,0,0,A,A,0,No Deposit,1.0,0,Transient-Party,62.0,0,0
City Hotel,0,36,2015,August,32,7,0,2,2,0.0,0,BB,ESP,Groups,TA/TO,0,0,0,A,A,0,No Deposit,1.0,0,Transient-Party,62.0,0,0
City Hotel,0,36,2015,August,32,7,0,2,2,0.0,0,BB,ESP,Groups,TA/TO,0,0,0,A,A,0,No Deposit,1.0,0,Transient-Party,62.0,0,0
City Hotel,0,36,2015,August,32,7,0,2,2,0.0,0,BB,ESP,Groups,TA/TO,0,0,0,A,A,0,No Deposit,1.0,0,Transient-Party,62.0,0,0
City Hotel,0,36,2015,August,32,7,0,2,2,0.0,0,BB,ESP,Groups,TA/TO,0,0,0,A,A,0,No Deposit,1.0,0,Transient-Party,62.0,0,0
City Hotel,0,36,2015,August,32,7,0,2,2,0.0,0,BB,ESP,Groups,TA/TO,0,0,0,A,A,0,No Deposit,1.0,0,Transient-Party,62.0,0,1
City Hotel,0,36,2015,August,32,7,0,2,2,0.0,0,BB,ESP,Groups,TA/TO,0,0,0,A,A,0,No Deposit,1.0,0,Transient-Party,62.0,0,0
City Hotel,0,0,2015,August,32,7,0,2,2,0.0,0,BB,PRT,Online TA,TA/TO,0,0,0,A,A,0,No Deposit,9.0,0,Transient,98.0,0,0
City Hotel,0,0,2015,August,32,7,0,2,2,0.0,0,BB,PRT,Direct,Direct,0,0,0,A,A,0,No Deposit,14.0,0,Transient,75.0,0,1
City Hotel,0,36,2015,August,32,7,0,2,2,0.0,0,BB,ESP,Groups,TA/TO,0,0,0,A,A,0,No Deposit,1.0,0,Transient-Party,62.0,0,0
City Hotel,0,36,2015,August,32,7,0,2,2,0.0,0,BB,ESP,Groups,TA/TO,0,0,0,A,A,0,No Deposit,1.0,0,Transient-Party,62.0,0,0
City Hotel,1,36,2015,August,32,7,0,2,2,0.0,0,BB,PRT,Groups,TA/TO,0,0,0,A,A,0,No Deposit,1.0,0,Transient-Party,62.0,0,0
City Hotel,0,0,2015,August,32,7,2,2,2,0.0,0,BB,PRT,Direct,Direct,0,0,0,A,A,0,No Deposit,,0,Transient,75.0,0,0
City Hotel,1,112,2015,August,32,7,2,2,2,0.0,0,BB,PRT,Online TA,TA/TO,0,0,0,A,A,0,No Deposit,9.0,0,Transient,76.5,0,1
City Hotel,1,125,2015,August,32,7,2,2,2,0.0,0,BB,PRT,Online TA,TA/TO,0,0,0,A,A,0,No Deposit,9.0,0,Transient,76.5,0,1
City Hotel,0,141,2015,August,32,7,2,3,2,0.0,0,BB,PRT,Online TA,TA/TO,0,0,0,A,A,0,No Deposit,9.0,0,Transient,76.5,0,0
City Hotel,0,0,2015,August,32,7,2,4,2,0.0,0,BB,PRT,Online TA,TA/TO,0,0,0,A,A,1,No Deposit,9.0,0,Contract,90.0,0,2
City Hotel,1,92,2015,August,32,7,2,4,2,0.0,0,BB,PRT,Online TA,TA/TO,0,0,0,A,A,0,No Deposit,9.0,0,Transient-Party,76.5,0,1
City Hotel,1,92,2015,August,32,7,2,4,2,0.0,0,BB,PRT,Online TA,TA/TO,0,0,0,A,A,0,No Deposit,9.0,0,Transient-Party,76.5,0,2
City Hotel,0,1,2015,August,32,8,0,1,2,0.0,0,BB,PRT,Direct,Direct,0,0,0,A,A,0,No Deposit,,0,Transient,75.0,0,2
City Hotel,0,0,2015,August,32,8,0,1,2,0.0,0,BB,CHE,Direct,Direct,0,0,0,A,A,0,No Deposit,14.0,0,Group,75.0,0,0
City Hotel,0,0,2015,August,32,8,0,1,2,0.0,0,BB,PRT,Online TA,TA/TO,0,0,0,A,A,0,No Deposit,9.0,0,Transient,98.0,0,1
City Hotel,0,0,2015,August,32,8,0,1,2,0.0,0,SC,PRT,Online TA,TA/TO,0,0,0,A,A,0,No Deposit,9.0,0,Transient,89.0,0,1
City Hotel,0,1,2015,August,32,8,0,1,2,0.0,0,BB,FRA,Direct,Direct,0,0,0,A,A,2,No Deposit,,0,Transient,75.0,0,2
City Hotel,0,0,2015,August,32,8,1,1,2,0.0,0,BB,PRT,Direct,Direct,0,0,0,A,D,1,No Deposit,,0,Transient,75.0,0,0
City Hotel,0,1,2015,August,32,8,1,1,2,0.0,0,BB,FRA,Online TA,TA/TO,0,0,0,A,D,0,No Deposit,9.0,0,Contract,90.0,0,2
City Hotel,0,0,2015,August,32,8,1,1,2,0.0,0,BB,PRT,Direct,Direct,0,0,0,D,D,1,No Deposit,,0,Transient,100.0,0,0
City Hotel,1,124,2015,August,32,8,2,1,2,0.0,0,HB,ITA,Offline TA/TO,TA/TO,0,0,0,A,A,0,No Deposit,17.0,0,Transient-Party,94.5,0,0
City Hotel,0,124,2015,August,32,8,2,1,2,0.0,0,HB,ITA,Offline TA/TO,TA/TO,0,0,0,A,A,0,No Deposit,17.0,0,Transient-Party,94.5,0,0
City Hotel,1,124,2015,August,32,8,2,1,2,0.0,0,HB,ITA,Offline TA/TO,TA/TO,0,0,0,A,A,0,No Deposit,17.0,0,Transient-Party,94.5,0,0
City Hotel,0,30,2015,August,32,8,2,1,2,0.0,0,HB,ITA,Groups,TA/TO,0,0,0,A,A,0,No Deposit,1.0,0,Transient-Party,86.0,0,0
City Hotel,1,30,2015,August,32,8,2,1,2,0.0,0,HB,PRT,Groups,TA/TO,0,0,0,A,A,0,No Deposit,1.0,0,Transient-Party,86.0,0,0
City Hotel,0,4,2015,August,32,8,2,1,2,0.0,0,HB,ITA,Offline TA/TO,TA/TO,0,0,0,A,A,0,No Deposit,17.0,0,Transient-Party,94.5,0,0
City Hotel,1,124,2015,August,32,8,2,1,2,0.0,0,HB,ITA,Offline TA/TO,TA/TO,0,0,0,A,A,0,No Deposit,17.0,0,Transient-Party,94.5,0,0
City Hotel,0,0,2015,August,32,8,0,1,2,0.0,0,SC,PRT,Online TA,TA/TO,0,0,0,A,A,0,No Deposit,9.0,0,Transient,89.0,0,1
City Hotel,1,1,2015,August,32,8,1,1,2,0.0,0,SC,PRT,Direct,Direct,0,0,0,A,A,1,No Deposit,,0,Transient,50.8,0,0
City Hotel,0,0,2015,August,32,8,1,1,2,0.0,0,BB,BRA,Direct,Direct,0,0,0,D,D,1,No Deposit,,0,Transient,100.0,0,0
City Hotel,0,103,2015,August,32,8,1,1,2,0.0,0,BB,PRT,Online TA,TA/TO,0,0,0,A,A,0,No Deposit,9.0,0,Transient,76.5,0,1
City Hotel,0,1,2015,August,32,8,1,1,2,0.0,0,BB,PRT,Direct,Direct,0,0,0,A,A,0,No Deposit,14.0,0,Transient,75.0,0,0
City Hotel,1,30,2015,August,32,8,2,1,2,0.0,0,HB,PRT,Groups,TA/TO,0,0,0,A,A,0,No Deposit,1.0,0,Transient-Party,86.0,0,0
City Hotel,0,124,2015,August,32,8,2,1,2,0.0,0,HB,ITA,Offline TA/TO,TA/TO,0,0,0,A,A,0,No Deposit,17.0,0,Transient-Party,94.5,0,0
City Hotel,1,30,2015,August,32,8,2,1,2,0.0,0,HB,PRT,Groups,TA/TO,0,0,0,A,A,0,No Deposit,1.0,0,Transient-Party,86.0,0,0
City Hotel,0,4,2015,August,32,8,2,1,2,0.0,0,HB,ITA,Offline TA/TO,TA/TO,0,0,0,A,A,0,No Deposit,17.0,0,Transient-Party,94.5,0,0
City Hotel,0,4,2015,August,32,8,2,1,2,0.0,0,HB,ITA,Offline TA/TO,TA/TO,0,0,0,A,A,0,No Deposit,17.0,0,Transient-Party,94.5,0,0
City Hotel,0,124,2015,August,32,8,2,1,2,0.0,0,HB,ITA,Offline TA/TO,TA/TO,0,0,0,A,A,0,No Deposit,17.0,0,Transient-Party,94.5,0,0
City Hotel,1,124,2015,August,32,8,2,1,2,0.0,0,HB,ITA,Offline TA/TO,TA/TO,0,0,0,A,A,0,No Deposit,17.0,0,Transient-Party,94.5,0,0
City Hotel,1,124,2015,August,32,8,2,1,2,0.0,0,HB,ITA,Offline TA/TO,TA/TO,0,0,0,A,A,0,No Deposit,17.0,0,Transient-Party,94.5,0,0
City Hotel,1,124,2015,August,32,8,2,1,2,0.0,0,HB,ITA,Offline TA/TO,TA/TO,0,0,0,A,A,0,No Deposit,17.0,0,Transient-Party,94.5,0,0
City Hotel,1,124,2015,August,32,8,2,1,2,0.0,0,HB,ITA,Offline TA/TO,TA/TO,0,0,0,A,A,0,No Deposit,17.0,0,Transient-Party,94.5,0,0
City Hotel,1,30,2015,August,32,8,2,1,2,0.0,0,HB,PRT,Groups,TA/TO,0,0,0,A,A,0,No Deposit,1.0,0,Transient-Party,86.0,0,0
City Hotel,0,124,2015,August,32,8,2,1,2,0.0,0,HB,ITA,Offline TA/TO,TA/TO,0,0,0,A,A,0,No Deposit,17.0,0,Transient-Party,94.5,0,0
City Hotel,1,124,2015,August,32,8,2,1,2,0.0,0,HB,ITA,Offline TA/TO,TA/TO,0,0,0,A,A,0,No Deposit,17.0,0,Transient-Party,94.5,0,0
City Hotel,1,30,2015,August,32,8,2,1,2,0.0,0,HB,PRT,Groups,TA/TO,0,0,0,A,A,0,No Deposit,1.0,0,Transient-Party,86.0,0,0
City Hotel,0,4,2015,August,32,8,2,1,2,0.0,0,HB,ITA,Offline TA/TO,TA/TO,0,0,0,A,A,0,No Deposit,17.0,0,Transient-Party,94.5,0,0
City Hotel,1,30,2015,August,32,8,2,1,2,0.0,0,HB,PRT,Groups,TA/TO,0,0,0,A,A,0,No Deposit,1.0,0,Transient-Party,86.0,0,0
City Hotel,1,124,2015,August,32,8,2,1,2,0.0,0,HB,ITA,Offline TA/TO,TA/TO,0,0,0,A,A,0,No Deposit,17.0,0,Transient-Party,94.5,0,0
City Hotel,1,124,2015,August,32,8,2,1,2,0.0,0,HB,ITA,Offline TA/TO,TA/TO,0,0,0,A,A,0,No Deposit,17.0,0,Transient-Party,94.5,0,0
City Hotel,1,30,2015,August,32,8,2,1,2,0.0,0,HB,PRT,Groups,TA/TO,0,0,0,A,A,0,No Deposit,1.0,0,Transient-Party,86.0,0,0
City Hotel,0,0,2015,August,32,8,2,1,2,0.0,0,BB,FRA,Online TA,TA/TO,0,0,0,A,A,0,No Deposit,9.0,0,Transient,98.0,1,0
City Hotel,1,124,2015,August,32,8,2,1,2,0.0,0,HB,ITA,Offline TA/TO,TA/TO,0,0,0,A,A,0,No Deposit,17.0,0,Transient-Party,94.5,0,0
City Hotel,1,124,2015,August,32,8,2,1,2,0.0,0,HB,ITA,Offline TA/TO,TA/TO,0,0,0,A,A,0,No Deposit,17.0,0,Transient-Party,94.5,0,0
City Hotel,0,124,2015,August,32,8,2,1,2,0.0,0,HB,ITA,Offline TA/TO,TA/TO,0,0,0,A,A,0,No Deposit,17.0,0,Transient-Party,94.5,0,0
City Hotel,1,124,2015,August,32,8,2,1,2,0.0,0,HB,ITA,Offline TA/TO,TA/TO,0,0,0,A,A,0,No Deposit,17.0,0,Transient-Party,94.5,0,0
City Hotel,1,124,2015,August,32,8,2,1,2,0.0,0,HB,ITA,Offline TA/TO,TA/TO,0,0,0,A,A,0,No Deposit,17.0,0,Transient-Party,94.5,0,0
City Hotel,0,30,2015,August,32,8,2,1,2,0.0,0,HB,ITA,Groups,TA/TO,0,0,0,A,A,0,No Deposit,1.0,0,Transient-Party,86.0,0,0
City Hotel,0,124,2015,August,32,8,2,1,2,0.0,0,HB,ITA,Offline TA/TO,TA/TO,0,0,0,A,A,0,No Deposit,17.0,0,Transient-Party,94.5,0,0
City Hotel,0,124,2015,August,32,8,2,1,2,0.0,0,HB,ITA,Offline TA/TO,TA/TO,0,0,0,A,A,0,No Deposit,17.0,0,Transient-Party,94.5,0,0
City Hotel,1,124,2015,August,32,8,2,1,2,0.0,0,HB,ITA,Offline TA/TO,TA/TO,0,0,0,A,A,0,No Deposit,17.0,0,Transient-Party,94.5,0,0
City Hotel,1,124,2015,August,32,8,2,1,2,0.0,0,HB,ITA,Offline TA/TO,TA/TO,0,0,0,A,A,0,No Deposit,17.0,0,Transient-Party,94.5,0,0
City Hotel,0,16,2015,August,32,8,2,2,2,0.0,0,BB,ESP,Groups,TA/TO,0,0,0,A,D,0,No Deposit,1.0,0,Transient-Party,62.0,0,0
City Hotel,0,16,2015,August,32,8,2,2,2,0.0,0,BB,ESP,Groups,TA/TO,0,0,0,A,A,0,No Deposit,1.0,0,Transient-Party,62.0,0,0
City Hotel,1,16,2015,August,32,8,2,2,2,0.0,0,BB,PRT,Groups,TA/TO,0,0,0,A,A,0,No Deposit,1.0,0,Transient-Party,62.0,0,0
City Hotel,0,16,2015,August,32,8,2,2,2,0.0,0,BB,ESP,Groups,TA/TO,0,0,0,A,A,0,No Deposit,1.0,0,Transient-Party,62.0,0,0
City Hotel,0,1,2015,August,32,8,2,2,2,0.0,0,SC,PRT,Online TA,TA/TO,0,0,0,A,A,0,No Deposit,9.0,0,Contract,81.0,0,0
City Hotel,0,16,2015,August,32,8,2,2,2,0.0,0,BB,ESP,Groups,TA/TO,0,0,0,A,D,0,No Deposit,1.0,0,Transient-Party,62.0,0,0
City Hotel,0,16,2015,August,32,8,2,2,2,0.0,0,BB,ESP,Groups,TA/TO,0,0,0,A,A,0,No Deposit,1.0,0,Transient-Party,62.0,0,0
City Hotel,1,16,2015,August,32,8,2,2,2,0.0,0,BB,PRT,Groups,TA/TO,0,0,0,A,A,0,No Deposit,1.0,0,Transient-Party,62.0,0,0
City Hotel,0,16,2015,August,32,8,2,2,2,0.0,0,BB,ESP,Groups,TA/TO,0,0,0,A,B,0,No Deposit,1.0,0,Transient-Party,62.0,0,0
City Hotel,0,16,2015,August,32,8,2,2,2,0.0,0,BB,ESP,Groups,TA/TO,0,0,0,A,A,0,No Deposit,1.0,0,Transient-Party,62.0,0,0
City Hotel,1,16,2015,August,32,8,2,2,2,0.0,0,BB,PRT,Groups,TA/TO,0,0,0,A,A,0,No Deposit,1.0,0,Transient-Party,62.0,0,0
City Hotel,0,16,2015,August,32,8,2,2,2,0.0,0,BB,ESP,Groups,TA/TO,0,0,0,A,A,0,No Deposit,1.0,0,Transient-Party,62.0,0,0
City Hotel,0,16,2015,August,32,8,2,2,2,0.0,0,BB,ESP,Groups,TA/TO,0,0,0,A,D,0,No Deposit,1.0,0,Transient-Party,62.0,0,0
City Hotel,0,1,2015,August,32,8,2,2,2,0.0,0,BB,ESP,Online TA,TA/TO,0,0,0,A,A,0,No Deposit,9.0,0,Contract,90.0,0,2
City Hotel,0,16,2015,August,32,8,2,2,2,0.0,0,BB,ESP,Groups,TA/TO,0,0,0,A,D,0,No Deposit,1.0,0,Transient-Party,62.0,0,0
City Hotel,0,16,2015,August,32,8,2,2,2,0.0,0,BB,ESP,Groups,TA/TO,0,0,0,A,D,0,No Deposit,1.0,0,Transient-Party,62.0,0,0
City Hotel,0,16,2015,August,32,8,2,2,2,0.0,0,BB,ESP,Groups,TA/TO,0,0,0,A,A,0,No Deposit,1.0,0,Transient-Party,62.0,0,0
City Hotel,0,16,2015,August,32,8,2,2,2,0.0,0,BB,ESP,Groups,TA/TO,0,0,0,A,A,0,No Deposit,1.0,0,Transient-Party,62.0,0,0
City Hotel,0,16,2015,August,32,8,2,2,2,0.0,0,BB,ESP,Groups,TA/TO,0,0,0,A,A,0,No Deposit,1.0,0,Transient-Party,62.0,0,0
City Hotel,0,16,2015,August,32,8,2,2,2,0.0,0,BB,ESP,Groups,TA/TO,0,0,0,A,B,0,No Deposit,1.0,0,Transient-Party,62.0,0,0
City Hotel,0,16,2015,August,32,8,2,2,2,0.0,0,BB,ESP,Groups,TA/TO,0,0,0,A,D,0,No Deposit,1.0,0,Transient-Party,62.0,0,0
City Hotel,0,16,2015,August,32,8,2,2,2,0.0,0,BB,ESP,Groups,TA/TO,0,0,0,A,A,0,No Deposit,1.0,0,Transient-Party,62.0,0,0
City Hotel,1,16,2015,August,32,8,2,2,2,0.0,0,BB,PRT,Groups,TA/TO,0,0,0,A,A,0,No Deposit,1.0,0,Transient-Party,62.0,0,0
City Hotel,0,16,2015,August,32,8,2,2,2,0.0,0,BB,ESP,Groups,TA/TO,0,0,0,A,A,0,No Deposit,1.0,0,Transient-Party,62.0,0,0
City Hotel,0,16,2015,August,32,8,2,2,2,0.0,0,BB,ESP,Groups,TA/TO,0,0,0,A,A,0,No Deposit,1.0,0,Transient-Party,62.0,0,0
City Hotel,0,16,2015,August,32,8,2,2,2,0.0,0,BB,ESP,Groups,TA/TO,0,0,0,A,A,0,No Deposit,1.0,0,Transient-Party,62.0,0,0
City Hotel,1,16,2015,August,32,8,2,2,2,0.0,0,BB,PRT,Groups,TA/TO,0,0,0,A,A,0,No Deposit,1.0,0,Transient-Party,62.0,0,0
City Hotel,0,0,2015,August,32,8,2,3,2,0.0,0,BB,PRT,Online TA,TA/TO,0,0,0,A,A,2,No Deposit,9.0,0,Transient,88.0,0,0
City Hotel,0,1,2015,August,32,8,2,3,2,0.0,0,BB,NLD,Online TA,TA/TO,0,0,0,A,A,0,No Deposit,9.0,0,Transient,98.0,0,0
City Hotel,0,1,2015,August,32,8,2,4,2,0.0,0,SC,FRA,Online TA,TA/TO,0,0,0,A,A,0,No Deposit,9.0,0,Contract,81.0,0,0
City Hotel,0,109,2015,August,33,9,2,3,2,0.0,0,BB,FRA,Online TA,TA/TO,0,0,0,A,A,0,No Deposit,9.0,0,Transient,76.5,0,1
City Hotel,1,107,2015,August,33,9,2,4,2,0.0,0,BB,PRT,Offline TA/TO,TA/TO,0,0,0,A,A,0,No Deposit,27.0,0,Transient,63.75,0,1
City Hotel,0,123,2015,August,33,9,2,4,2,0.0,0,BB,DEU,Offline TA/TO,TA/TO,0,0,0,A,E,0,No Deposit,27.0,0,Transient,63.75,0,1
City Hotel,0,2,2015,August,33,9,1,0,2,0.0,0,BB,PRT,Direct,Direct,0,0,0,E,E,0,No Deposit,,0,Transient,67.5,0,2
City Hotel,0,4,2015,August,33,9,1,0,2,0.0,0,BB,PRT,Direct,Direct,0,0,0,A,A,2,No Deposit,,0,Transient,75.0,0,0
City Hotel,0,0,2015,August,33,9,1,0,2,0.0,0,BB,PRT,Online TA,TA/TO,0,0,0,A,A,0,No Deposit,9.0,0,Transient,105.0,0,0
City Hotel,0,2,2015,August,33,9,1,0,2,0.0,0,BB,PRT,Direct,Direct,0,0,0,E,E,0,No Deposit,,0,Transient,67.5,0,2
City Hotel,0,2,2015,August,33,9,2,0,2,0.0,0,BB,ESP,Online TA,TA/TO,0,0,0,A,A,0,No Deposit,9.0,0,Contract,99.0,1,2
City Hotel,0,2,2015,August,33,9,2,0,2,0.0,0,BB,ESP,Online TA,TA/TO,0,0,0,A,A,0,No Deposit,9.0,0,Contract,99.0,1,2
City Hotel,0,0,2015,August,33,9,2,0,2,0.0,0,SC,CHE,Online TA,TA/TO,0,0,0,A,A,0,No Deposit,9.0,0,Transient,96.0,0,0
City Hotel,0,1,2015,August,33,9,2,0,2,0.0,0,BB,ESP,Online TA,TA/TO,0,0,0,A,A,0,No Deposit,9.0,0,Transient,98.0,0,0
City Hotel,0,0,2015,August,33,9,2,0,2,0.0,0,BB,ESP,Online TA,TA/TO,0,0,0,A,A,0,No Deposit,9.0,0,Contract,98.0,0,2
City Hotel,0,0,2015,August,33,9,2,0,2,0.0,0,BB,FRA,Direct,Direct,0,0,0,A,A,0,No Deposit,,0,Transient,105.0,0,0
City Hotel,1,145,2015,August,33,9,2,1,2,0.0,0,BB,PRT,Online TA,TA/TO,0,0,0,A,A,0,No Deposit,9.0,0,Transient,76.5,0,1
City Hotel,0,142,2015,August,33,9,2,1,2,0.0,0,BB,PRT,Online TA,TA/TO,0,0,0,A,A,0,No Deposit,,0,Transient,76.5,0,1
City Hotel,0,3,2015,August,33,9,2,1,2,0.0,0,BB,PRT,Offline TA/TO,TA/TO,0,0,0,B,B,0,No Deposit,3.0,0,Transient,0.0,0,2
City Hotel,0,120,2015,August,33,9,2,1,2,0.0,0,BB,ITA,Online TA,TA/TO,0,0,0,A,A,0,No Deposit,9.0,0,Transient,76.5,0,2
City Hotel,0,87,2015,August,33,9,2,1,2,0.0,0,BB,NOR,Online TA,TA/TO,0,0,0,A,A,0,No Deposit,9.0,0,Transient,76.5,0,2
City Hotel,0,3,2015,August,33,9,2,1,2,0.0,0,BB,PRT,Offline TA/TO,TA/TO,0,0,0,B,B,0,No Deposit,3.0,0,Transient,65.0,0,2
City Hotel,0,1,2015,August,33,9,2,2,2,0.0,0,SC,PRT,Online TA,TA/TO,0,0,0,A,D,0,No Deposit,9.0,0,Transient,89.0,0,1
City Hotel,0,0,2015,August,33,10,1,0,2,0.0,0,BB,PRT,Online TA,TA/TO,0,0,0,A,A,0,No Deposit,9.0,0,Transient,115.0,0,1
City Hotel,0,0,2015,August,33,10,1,0,2,0.0,0,SC,PRT,Online TA,TA/TO,0,0,0,A,A,2,No Deposit,9.0,0,Transient,115.0,0,0
City Hotel,0,0,2015,August,33,10,1,0,2,0.0,0,SC,PRT,Online TA,TA/TO,0,0,0,A,A,1,No Deposit,9.0,0,Transient,115.0,0,0
City Hotel,0,0,2015,August,33,10,1,0,2,0.0,0,SC,PRT,Online TA,TA/TO,0,0,0,A,A,0,No Deposit,9.0,0,Transient,115.0,0,0
City Hotel,0,39,2015,August,33,10,1,1,2,0.0,0,BB,PRT,Groups,TA/TO,0,0,0,A,D,0,No Deposit,1.0,0,Transient-Party,62.0,0,1
City Hotel,0,39,2015,August,33,10,1,1,2,0.0,0,BB,ESP,Groups,TA/TO,0,0,0,A,D,0,No Deposit,1.0,0,Transient-Party,62.0,0,1
City Hotel,1,39,2015,August,33,10,1,1,2,0.0,0,BB,PRT,Groups,TA/TO,0,0,0,A,A,0,No Deposit,1.0,0,Transient-Party,62.0,0,0
City Hotel,1,39,2015,August,33,10,1,1,2,0.0,0,BB,PRT,Groups,TA/TO,0,0,0,A,A,0,No Deposit,1.0,0,Transient-Party,62.0,0,0
City Hotel,0,1,2015,August,33,10,1,1,2,0.0,0,BB,SWE,Direct,Direct,0,0,0,B,B,3,No Deposit,,0,Transient-Party,75.0,0,0
City Hotel,0,39,2015,August,33,10,1,1,2,0.0,0,BB,ESP,Groups,TA/TO,0,0,0,A,D,0,No Deposit,1.0,0,Transient-Party,62.0,0,0
City Hotel,0,1,2015,August,33,10,1,0,2,0.0,0,BB,PRT,Online TA,TA/TO,0,0,0,A,A,0,No Deposit,9.0,0,Contract,96.0,0,0
City Hotel,0,1,2015,August,33,10,1,0,2,0.0,0,BB,FRA,Online TA,TA/TO,0,0,0,A,A,1,No Deposit,9.0,0,Contract,105.0,0,0
City Hotel,0,1,2015,August,33,10,1,0,2,0.0,0,SC,USA,Online TA,Direct,0,0,0,A,A,0,No Deposit,9.0,0,Contract,96.0,0,2
City Hotel,0,2,2015,August,33,10,1,1,2,0.0,0,SC,PRT,Online TA,TA/TO,0,0,0,A,A,0,No Deposit,9.0,0,Transient,89.0,0,2
City Hotel,0,39,2015,August,33,10,1,1,2,0.0,0,BB,ESP,Groups,TA/TO,0,0,0,A,D,0,No Deposit,1.0,0,Transient-Party,62.0,0,0
City Hotel,0,39,2015,August,33,10,1,1,2,0.0,0,BB,PRT,Groups,TA/TO,0,0,0,A,A,0,No Deposit,1.0,0,Transient-Party,62.0,0,0
City Hotel,0,39,2015,August,33,10,1,1,2,0.0,0,BB,ESP,Groups,TA/TO,0,0,0,A,A,0,No Deposit,1.0,0,Transient-Party,62.0,0,0
City Hotel,0,39,2015,August,33,10,1,1,2,0.0,0,BB,ESP,Groups,TA/TO,0,0,0,A,D,0,No Deposit,1.0,0,Transient-Party,62.0,0,1
City Hotel,1,2,2015,August,33,10,1,1,2,0.0,0,BB,PRT,Online TA,TA/TO,0,0,0,A,D,0,No Deposit,9.0,0,Transient,98.0,0,1
City Hotel,0,39,2015,August,33,10,1,1,2,0.0,0,BB,PRT,Groups,TA/TO,0,0,0,A,D,0,No Deposit,1.0,0,Transient-Party,62.0,0,0
City Hotel,0,39,2015,August,33,10,1,1,2,0.0,0,BB,PRT,Groups,TA/TO,0,0,0,A,D,0,No Deposit,1.0,0,Transient-Party,62.0,0,0
City Hotel,0,2,2015,August,33,10,1,1,2,0.0,0,BB,PRT,Direct,Direct,0,0,0,A,A,0,No Deposit,,0,Transient,75.0,0,1
City Hotel,0,39,2015,August,33,10,1,1,2,0.0,0,BB,PRT,Groups,TA/TO,0,0,0,A,D,0,No Deposit,1.0,0,Transient-Party,62.0,0,1
City Hotel,0,39,2015,August,33,10,1,1,2,0.0,0,BB,ESP,Groups,TA/TO,0,0,0,A,D,0,No Deposit,1.0,0,Transient-Party,62.0,0,1
City Hotel,1,39,2015,August,33,10,1,1,2,0.0,0,BB,PRT,Groups,TA/TO,0,0,0,A,A,0,No Deposit,1.0,0,Transient-Party,62.0,0,0
City Hotel,0,1,2015,August,33,10,1,1,2,0.0,0,BB,PRT,Online TA,TA/TO,0,0,0,A,D,0,No Deposit,9.0,0,Contract,105.0,0,1
City Hotel,0,39,2015,August,33,10,1,1,2,0.0,0,BB,PRT,Groups,TA/TO,0,0,0,A,A,0,No Deposit,1.0,0,Transient-Party,62.0,0,0
City Hotel,1,39,2015,August,33,10,1,1,2,0.0,0,BB,PRT,Groups,TA/TO,0,0,0,A,A,0,No Deposit,1.0,0,Transient-Party,62.0,0,0
City Hotel,0,39,2015,August,33,10,1,1,2,0.0,0,BB,PRT,Groups,TA/TO,0,0,0,A,D,0,No Deposit,1.0,0,Transient-Party,62.0,0,0
City Hotel,0,39,2015,August,33,10,1,1,2,0.0,0,BB,PRT,Groups,TA/TO,0,0,0,A,D,0,No Deposit,1.0,0,Transient-Party,62.0,0,1
City Hotel,1,39,2015,August,33,10,1,1,2,0.0,0,BB,PRT,Groups,TA/TO,0,0,0,A,A,0,No Deposit,1.0,0,Transient-Party,62.0,0,0
City Hotel,0,3,2015,August,33,10,1,1,2,0.0,0,BB,MAR,Online TA,TA/TO,0,0,0,A,A,0,No Deposit,9.0,0,Contract,90.0,0,1
City Hotel,1,4,2015,August,33,10,1,1,2,0.0,0,BB,PRT,Offline TA/TO,TA/TO,0,0,0,A,A,0,No Deposit,27.0,0,Transient,75.0,0,0
City Hotel,0,1,2015,August,33,10,1,1,2,0.0,0,BB,FRA,Online TA,TA/TO,0,0,0,A,D,0,No Deposit,9.0,0,Transient,114.0,0,0
City Hotel,0,39,2015,August,33,10,1,1,2,0.0,0,BB,ESP,Groups,TA/TO,0,0,0,A,D,0,No Deposit,1.0,0,Transient-Party,62.0,0,0
City Hotel,0,39,2015,August,33,10,1,1,2,0.0,0,BB,ESP,Groups,TA/TO,0,0,0,A,D,0,No Deposit,1.0,0,Transient-Party,62.0,0,1
City Hotel,0,39,2015,August,33,10,1,1,2,0.0,0,BB,ESP,Groups,TA/TO,0,0,0,A,D,0,No Deposit,1.0,0,Transient-Party,62.0,0,0
City Hotel,0,2,2015,August,33,10,1,1,2,0.0,0,BB,PRT,Online TA,TA/TO,0,0,0,A,D,0,No Deposit,9.0,0,Transient,98.0,0,1
City Hotel,0,39,2015,August,33,10,1,1,2,0.0,0,BB,ESP,Groups,TA/TO,0,0,0,A,D,0,No Deposit,1.0,0,Transient-Party,62.0,0,1
City Hotel,1,39,2015,August,33,10,1,1,2,0.0,0,BB,PRT,Groups,TA/TO,0,0,0,A,A,0,No Deposit,1.0,0,Transient-Party,62.0,0,0
City Hotel,1,39,2015,August,33,10,1,1,2,0.0,0,BB,PRT,Groups,TA/TO,0,0,0,A,A,0,No Deposit,1.0,0,Transient-Party,62.0,0,0
City Hotel,1,1,2015,August,33,10,1,1,2,0.0,0,BB,ITA,Online TA,TA/TO,0,0,0,A,A,0,No Deposit,9.0,0,Transient,105.0,0,0
City Hotel,0,39,2015,August,33,10,1,1,2,0.0,0,BB,PRT,Groups,TA/TO,0,0,0,A,A,0,No Deposit,1.0,0,Transient-Party,62.0,0,1
City Hotel,0,39,2015,August,33,10,1,1,2,0.0,0,BB,ESP,Groups,TA/TO,0,0,0,A,D,0,No Deposit,1.0,0,Transient-Party,62.0,0,1
City Hotel,0,0,2015,August,33,10,1,2,2,0.0,0,BB,PRT,Online TA,TA/TO,0,0,0,A,A,0,No Deposit,9.0,0,Transient,115.0,1,0
City Hotel,1,121,2015,August,33,10,1,2,2,0.0,0,BB,PRT,Online TA,TA/TO,0,0,0,A,A,0,No Deposit,9.0,0,Transient,76.5,0,0
City Hotel,0,105,2015,August,33,10,1,2,2,0.0,0,BB,ESP,Online TA,TA/TO,0,0,0,A,A,0,No Deposit,9.0,0,Transient,76.5,0,1
City Hotel,0,3,2015,August,33,10,1,2,2,0.0,0,BB,ESP,Offline TA/TO,TA/TO,0,0,0,A,D,0,No Deposit,,0,Transient,63.5,0,1
City Hotel,0,5,2015,August,33,10,1,2,2,0.0,0,BB,BEL,Direct,Direct,0,0,0,A,A,0,No Deposit,14.0,0,Transient,75.0,0,0
City Hotel,0,1,2015,August,33,10,1,3,2,0.0,0,BB,ESP,Online TA,TA/TO,0,0,0,A,A,0,No Deposit,9.0,0,Contract,105.0,0,0
City Hotel,0,0,2015,August,33,10,1,3,2,0.0,0,BB,DEU,Direct,Direct,0,0,0,A,A,1,No Deposit,14.0,0,Transient,75.0,0,1
City Hotel,0,3,2015,August,33,10,1,3,2,0.0,0,SC,PRT,Online TA,TA/TO,0,0,0,A,D,0,No Deposit,9.0,0,Contract,81.0,0,1
City Hotel,0,1,2015,August,33,10,1,3,2,0.0,0,SC,PRT,Online TA,TA/TO,0,0,0,A,A,0,No Deposit,9.0,0,Transient,96.0,0,0
City Hotel,0,3,2015,August,33,10,1,3,2,0.0,0,SC,AUS,Online TA,TA/TO,0,0,0,A,A,0,No Deposit,9.0,0,Contract,81.0,0,1
City Hotel,0,147,2015,August,33,10,1,3,2,0.0,0,BB,FRA,Online TA,TA/TO,0,0,0,A,A,0,No Deposit,7.0,0,Transient,55.96,0,0
City Hotel,0,0,2015,August,33,10,1,3,2,0.0,0,BB,ESP,Online TA,TA/TO,0,0,0,A,B,0,No Deposit,9.0,0,Transient,124.0,0,0
City Hotel,0,1,2015,August,33,10,1,3,2,0.0,0,SC,BRA,Online TA,TA/TO,0,0,0,A,A,0,No Deposit,9.0,0,Transient,96.0,0,1
City Hotel,0,1,2015,August,33,10,1,3,2,0.0,0,BB,PRT,Online TA,TA/TO,0,0,0,A,A,0,No Deposit,9.0,0,Contract,89.0,0,0
City Hotel,0,0,2015,August,33,10,1,3,2,0.0,0,SC,FRA,Online TA,TA/TO,0,0,0,A,A,1,No Deposit,9.0,0,Transient,115.0,0,0
City Hotel,0,0,2015,August,33,10,1,3,2,0.0,0,SC,FRA,Online TA,TA/TO,0,0,0,A,E,2,No Deposit,9.0,0,Transient,115.0,0,0
City Hotel,0,5,2015,August,33,10,1,4,2,0.0,0,BB,PRT,Online TA,TA/TO,0,0,0,A,A,0,No Deposit,9.0,0,Contract,90.0,0,2
City Hotel,1,5,2015,August,33,10,1,4,2,0.0,0,BB,PRT,Online TA,TA/TO,0,0,0,A,A,0,No Deposit,9.0,0,Contract,90.0,0,0
City Hotel,1,0,2015,August,33,10,1,4,2,0.0,0,BB,PRT,Direct,Direct,0,0,0,A,A,0,No Deposit,,0,Transient,75.0,0,2
City Hotel,0,6,2015,August,33,10,1,5,2,0.0,0,SC,ESP,Online TA,TA/TO,0,0,0,A,B,0,No Deposit,9.0,0,Contract,80.0,0,1
City Hotel,1,0,2015,August,33,10,1,5,2,0.0,0,BB,PRT,Direct,Direct,0,0,0,A,D,0,No Deposit,,0,Transient,115.0,0,0
City Hotel,0,5,2015,August,33,10,1,5,2,0.0,0,BB,PRT,Online TA,TA/TO,0,0,0,A,A,0,No Deposit,9.0,0,Contract,90.0,0,2
City Hotel,0,6,2015,August,33,10,1,5,2,0.0,0,SC,ESP,Online TA,TA/TO,0,0,0,A,B,0,No Deposit,9.0,0,Contract,80.0,0,1
City Hotel,0,5,2015,August,33,10,1,5,2,0.0,0,BB,PRT,Online TA,TA/TO,0,0,0,A,A,0,No Deposit,9.0,0,Contract,90.0,0,1
City Hotel,0,0,2015,August,33,10,1,1,2,0.0,0,BB,MOZ,Direct,Direct,0,0,0,A,A,1,No Deposit,,0,Transient,75.0,0,0
City Hotel,0,39,2015,August,33,10,1,1,2,0.0,0,BB,PRT,Groups,TA/TO,0,0,0,A,D,0,No Deposit,1.0,0,Transient-Party,62.0,0,0
City Hotel,0,39,2015,August,33,10,1,1,2,0.0,0,BB,PRT,Groups,TA/TO,0,0,0,A,D,0,No Deposit,1.0,0,Transient-Party,62.0,0,1
City Hotel,0,0,2015,August,33,10,2,5,2,0.0,0,BB,TUN,Direct,Direct,0,0,0,A,A,0,No Deposit,,0,Transient,75.0,0,1
City Hotel,0,1,2015,August,33,10,2,5,2,0.0,0,BB,ISR,Direct,Direct,0,0,0,A,A,1,No Deposit,14.0,0,Transient,75.0,0,0
City Hotel,0,140,2015,August,33,10,3,6,2,0.0,0,BB,NOR,Online TA,TA/TO,0,0,0,A,A,0,No Deposit,9.0,0,Transient,76.5,0,2
City Hotel,0,0,2015,August,33,11,0,0,2,0.0,0,BB,PRT,Direct,Direct,0,0,0,A,E,1,No Deposit,,0,Transient,0.0,0,0
City Hotel,0,1,2015,August,33,11,0,1,2,0.0,0,BB,PRT,Online TA,TA/TO,0,0,0,A,A,0,No Deposit,9.0,0,Transient,124.0,0,0
City Hotel,0,0,2015,August,33,11,0,1,2,0.0,0,BB,FRA,Direct,Direct,0,0,0,A,E,0,No Deposit,,0,Transient,90.0,0,1
City Hotel,0,0,2015,August,33,11,0,1,2,0.0,0,BB,PRT,Complementary,Direct,0,0,0,A,A,0,No Deposit,,0,Transient,0.0,0,0
City Hotel,0,0,2015,August,33,11,0,1,2,0.0,0,BB,PRT,Online TA,TA/TO,0,0,0,A,A,0,No Deposit,,0,Transient,75.0,0,0
City Hotel,0,0,2015,August,33,11,0,1,2,0.0,0,BB,PRT,Online TA,Direct,0,0,0,A,A,0,No Deposit,,0,Transient,111.6,0,0
City Hotel,0,0,2015,August,33,11,0,1,2,0.0,0,BB,PRT,Direct,Direct,0,0,0,A,D,1,No Deposit,,0,Transient,160.0,0,0
City Hotel,1,97,2015,August,33,11,0,2,2,0.0,0,BB,PRT,Online TA,TA/TO,0,0,0,A,A,0,No Deposit,9.0,0,Transient,76.5,0,0
City Hotel,0,0,2015,August,33,11,0,2,2,0.0,0,BB,PRT,Complementary,Direct,0,0,0,A,D,0,No Deposit,,0,Transient,0.0,0,0
City Hotel,0,0,2015,August,33,11,0,2,2,0.0,0,BB,PRT,Online TA,TA/TO,0,0,0,A,D,0,No Deposit,9.0,0,Transient,124.0,0,0
City Hotel,0,3,2015,August,33,11,0,2,2,0.0,0,SC,ESP,Online TA,TA/TO,0,0,0,A,A,1,No Deposit,9.0,0,Transient,89.0,0,0
City Hotel,1,3,2015,August,33,11,0,3,2,0.0,0,SC,PRT,Online TA,TA/TO,0,0,0,F,F,0,No Deposit,9.0,0,Transient,153.0,0,0
City Hotel,0,1,2015,August,33,11,0,3,2,0.0,0,BB,ESP,Online TA,TA/TO,0,0,0,A,A,0,No Deposit,9.0,0,Contract,105.0,0,3
City Hotel,0,1,2015,August,33,11,0,3,2,0.0,0,BB,ESP,Online TA,TA/TO,0,0,0,A,A,0,No Deposit,9.0,0,Contract,105.0,0,3
City Hotel,1,147,2015,August,33,11,0,3,2,0.0,0,BB,PRT,Online TA,TA/TO,0,0,0,A,A,0,No Deposit,9.0,0,Transient,76.5,0,0
City Hotel,0,0,2015,August,33,11,0,3,2,0.0,0,BB,FRA,Online TA,TA/TO,0,0,0,A,E,1,No Deposit,9.0,0,Contract,124.0,0,0
City Hotel,0,104,2015,August,33,11,0,3,2,0.0,0,BB,FRA,Online TA,TA/TO,0,0,0,B,B,0,No Deposit,7.0,0,Transient-Party,67.9,1,2
City Hotel,0,0,2015,August,33,11,0,4,2,0.0,0,BB,PRT,Direct,Direct,0,0,0,A,A,2,No Deposit,,0,Transient,114.0,0,0
City Hotel,0,1,2015,August,33,11,0,1,2,0.0,0,BB,FRA,Direct,Direct,0,0,0,A,A,1,No Deposit,,0,Transient,75.0,0,0
City Hotel,0,0,2015,August,33,11,0,2,2,0.0,0,BB,PRT,Direct,Direct,0,0,0,E,E,0,No Deposit,,0,Transient,95.0,0,0
City Hotel,0,2,2015,August,33,11,0,2,2,0.0,0,BB,FRA,Direct,Direct,0,0,0,A,A,0,No Deposit,,0,Transient,62.8,0,0
City Hotel,0,4,2015,August,33,11,0,5,2,0.0,0,BB,PRT,Online TA,TA/TO,0,0,0,A,A,0,No Deposit,9.0,0,Contract,90.0,0,2
City Hotel,0,4,2015,August,33,11,0,5,2,0.0,0,BB,FRA,Online TA,TA/TO,0,0,0,A,A,0,No Deposit,9.0,0,Contract,90.0,0,2
City Hotel,1,89,2015,August,33,11,0,4,2,0.0,0,BB,PRT,Online TA,TA/TO,0,0,0,A,A,0,No Deposit,9.0,0,Transient,76.5,0,0
City Hotel,0,1,2015,August,33,11,0,4,2,0.0,0,BB,PRT,Online TA,TA/TO,0,0,0,A,A,1,No Deposit,9.0,0,Contract,105.0,1,1
City Hotel,0,1,2015,August,33,11,3,10,2,0.0,0,BB,MOZ,Online TA,TA/TO,0,0,0,A,A,0,No Deposit,9.0,0,Transient,106.54,0,0
City Hotel,0,5,2015,August,33,11,4,15,2,0.0,0,BB,USA,Direct,Direct,0,0,0,A,A,4,No Deposit,14.0,0,Transient,75.0,0,2
City Hotel,0,0,2015,August,33,11,0,1,2,0.0,0,BB,PRT,Online TA,Direct,0,0,0,A,A,0,No Deposit,,0,Transient-Party,99.0,0,1
City Hotel,0,0,2015,August,33,11,0,1,2,0.0,0,BB,PRT,Online TA,Direct,0,0,0,A,A,0,No Deposit,,0,Transient,99.0,0,0
City Hotel,0,0,2015,August,33,11,0,1,2,0.0,0,BB,PRT,Direct,Direct,0,0,0,A,A,0,No Deposit,,0,Transient,80.0,0,0
City Hotel,0,0,2015,August,33,11,0,1,2,0.0,0,BB,FRA,Online TA,TA/TO,0,0,0,A,A,0,No Deposit,9.0,0,Contract,133.0,1,1
City Hotel,0,0,2015,August,33,11,0,1,2,0.0,0,BB,PRT,Direct,Direct,0,0,0,A,A,0,No Deposit,,0,Transient,80.0,0,0
City Hotel,0,107,2015,August,33,12,0,1,2,0.0,0,BB,PRT,Online TA,TA/TO,0,0,0,B,B,0,No Deposit,8.0,0,Transient-Party,76.5,0,0
City Hotel,0,107,2015,August,33,12,0,1,2,0.0,0,BB,PRT,Online TA,TA/TO,0,0,0,B,B,0,No Deposit,8.0,0,Transient-Party,76.5,0,1
City Hotel,0,0,2015,August,33,12,0,1,2,0.0,0,BB,PRT,Direct,Direct,0,0,0,D,D,0,No Deposit,14.0,0,Transient,105.0,0,1
City Hotel,0,0,2015,August,33,12,0,1,2,0.0,0,BB,ITA,Direct,Direct,0,0,0,A,A,0,No Deposit,,0,Transient,75.0,0,0
City Hotel,0,107,2015,August,33,12,0,1,2,0.0,0,BB,PRT,Online TA,TA/TO,0,0,0,B,B,1,No Deposit,8.0,0,Transient-Party,76.5,0,0
City Hotel,0,107,2015,August,33,12,0,1,2,0.0,0,BB,PRT,Online TA,TA/TO,0,0,0,B,B,0,No Deposit,8.0,0,Transient-Party,90.0,0,1
City Hotel,0,107,2015,August,33,12,0,1,2,0.0,0,BB,FRA,Online TA,TA/TO,0,0,0,A,D,0,No Deposit,8.0,0,Transient,76.5,0,0
City Hotel,0,1,2015,August,33,12,0,1,2,0.0,0,BB,PRT,Direct,Direct,0,0,0,A,A,0,No Deposit,,0,Transient,75.0,0,0
City Hotel,0,5,2015,August,33,12,0,1,2,0.0,0,BB,DEU,Offline TA/TO,TA/TO,0,0,0,A,A,0,No Deposit,27.0,0,Transient,75.0,0,0
City Hotel,0,41,2015,August,33,12,0,2,2,0.0,0,BB,PRT,Groups,TA/TO,0,0,0,A,A,2,No Deposit,1.0,0,Transient-Party,62.0,0,0
City Hotel,0,0,2015,August,33,12,0,1,2,0.0,0,BB,PRT,Direct,Direct,0,0,0,A,A,0,No Deposit,,0,Transient,70.0,0,0
City Hotel,1,0,2015,August,33,12,0,1,2,0.0,0,BB,FRA,Groups,TA/TO,0,0,0,A,A,0,No Deposit,1.0,0,Transient,62.8,0,0
City Hotel,0,2,2015,August,33,12,0,1,2,0.0,0,BB,FRA,Online TA,TA/TO,0,0,0,A,A,0,No Deposit,9.0,0,Contract,114.0,1,1
City Hotel,0,41,2015,August,33,12,0,2,2,0.0,0,BB,ESP,Groups,TA/TO,0,0,0,A,D,0,No Deposit,1.0,0,Transient-Party,62.0,0,0
City Hotel,0,41,2015,August,33,12,0,2,2,0.0,0,BB,PRT,Groups,TA/TO,0,0,0,A,A,0,No Deposit,1.0,0,Transient-Party,62.0,0,0
City Hotel,0,41,2015,August,33,12,0,2,2,0.0,0,BB,PRT,Groups,TA/TO,0,0,0,A,A,0,No Deposit,1.0,0,Transient-Party,62.0,0,0
City Hotel,0,41,2015,August,33,12,0,2,2,0.0,0,BB,PRT,Groups,TA/TO,0,0,0,A,A,0,No Deposit,1.0,0,Transient-Party,62.0,0,0
City Hotel,0,41,2015,August,33,12,0,2,2,0.0,0,BB,PRT,Groups,TA/TO,0,0,0,A,A,0,No Deposit,1.0,0,Transient-Party,62.0,0,0
City Hotel,0,41,2015,August,33,12,0,2,2,0.0,0,BB,PRT,Groups,TA/TO,0,0,0,A,D,0,No Deposit,1.0,0,Transient-Party,62.0,0,0
City Hotel,0,41,2015,August,33,12,0,2,2,0.0,0,BB,PRT,Groups,TA/TO,0,0,0,A,D,0,No Deposit,1.0,0,Transient-Party,62.0,0,0
City Hotel,1,41,2015,August,33,12,0,2,2,0.0,0,BB,PRT,Groups,TA/TO,0,0,0,A,A,0,No Deposit,1.0,0,Transient-Party,62.0,0,0
City Hotel,0,41,2015,August,33,12,0,2,2,0.0,0,BB,PRT,Groups,TA/TO,0,0,0,A,A,0,No Deposit,1.0,0,Transient-Party,62.0,0,0
City Hotel,0,41,2015,August,33,12,0,2,2,0.0,0,BB,PRT,Groups,TA/TO,0,0,0,A,A,0,No Deposit,1.0,0,Transient-Party,62.0,0,0
City Hotel,0,41,2015,August,33,12,0,2,2,0.0,0,BB,PRT,Groups,TA/TO,0,0,0,A,A,0,No Deposit,1.0,0,Transient-Party,62.0,0,0
City Hotel,0,41,2015,August,33,12,0,2,2,0.0,0,BB,PRT,Groups,TA/TO,0,0,0,A,D,0,No Deposit,1.0,0,Transient-Party,62.0,0,0
City Hotel,0,41,2015,August,33,12,0,2,2,0.0,0,BB,PRT,Groups,TA/TO,0,0,0,A,A,0,No Deposit,1.0,0,Transient-Party,62.0,0,0
City Hotel,0,41,2015,August,33,12,0,2,2,0.0,0,BB,PRT,Groups,TA/TO,0,0,0,A,A,0,No Deposit,1.0,0,Transient-Party,62.0,0,0
City Hotel,0,41,2015,August,33,12,0,2,2,0.0,0,BB,PRT,Groups,TA/TO,0,0,0,A,A,0,No Deposit,1.0,0,Transient-Party,62.0,0,0
City Hotel,0,41,2015,August,33,12,0,2,2,0.0,0,BB,PRT,Groups,TA/TO,0,0,0,A,A,0,No Deposit,1.0,0,Transient-Party,62.0,0,0
City Hotel,0,41,2015,August,33,12,0,2,2,0.0,0,BB,PRT,Groups,TA/TO,0,0,0,A,A,0,No Deposit,1.0,0,Transient-Party,62.0,0,0
City Hotel,0,41,2015,August,33,12,0,2,2,0.0,0,BB,PRT,Groups,TA/TO,0,0,0,A,A,0,No Deposit,1.0,0,Transient-Party,62.0,0,0
City Hotel,0,123,2015,August,33,12,0,2,2,0.0,0,BB,DZA,Online TA,TA/TO,0,0,0,A,A,2,No Deposit,9.0,0,Transient,76.5,0,1
City Hotel,0,41,2015,August,33,12,0,2,2,0.0,0,BB,PRT,Groups,TA/TO,0,0,0,A,A,0,No Deposit,1.0,0,Transient-Party,62.0,0,0
City Hotel,0,41,2015,August,33,12,0,2,2,0.0,0,BB,PRT,Groups,TA/TO,0,0,0,A,D,0,No Deposit,1.0,0,Transient-Party,62.0,0,0
City Hotel,0,41,2015,August,33,12,0,2,2,0.0,0,BB,PRT,Groups,TA/TO,0,0,0,A,A,0,No Deposit,1.0,0,Transient-Party,62.0,0,0
City Hotel,1,41,2015,August,33,12,0,2,2,0.0,0,BB,PRT,Groups,TA/TO,0,0,0,A,A,0,No Deposit,1.0,0,Transient-Party,62.0,0,0
City Hotel,1,41,2015,August,33,12,0,2,2,0.0,0,BB,PRT,Groups,TA/TO,0,0,0,A,A,0,No Deposit,1.0,0,Transient-Party,62.0,0,0
City Hotel,0,1,2015,August,33,12,0,2,2,0.0,0,BB,PRT,Offline TA/TO,TA/TO,0,0,0,B,B,2,No Deposit,20.0,0,Transient,0.0,0,3
City Hotel,0,41,2015,August,33,12,0,2,2,0.0,0,BB,PRT,Groups,TA/TO,0,0,0,A,A,0,No Deposit,1.0,0,Transient-Party,62.0,0,0
City Hotel,0,41,2015,August,33,12,0,2,2,0.0,0,BB,PRT,Groups,TA/TO,0,0,0,A,A,0,No Deposit,1.0,0,Transient-Party,62.0,0,0
City Hotel,1,41,2015,August,33,12,0,2,2,0.0,0,BB,PRT,Groups,TA/TO,0,0,0,A,A,0,No Deposit,1.0,0,Transient-Party,62.0,0,0
City Hotel,0,0,2015,August,33,12,0,3,2,0.0,0,BB,FRA,Online TA,TA/TO,0,0,0,A,D,0,No Deposit,9.0,0,Contract,138.0,0,0
City Hotel,0,0,2015,August,33,12,0,3,2,0.0,0,BB,FRA,Online TA,TA/TO,0,0,0,A,A,0,No Deposit,9.0,0,Contract,138.0,0,0
City Hotel,0,2,2015,August,33,12,0,3,2,0.0,0,BB,PRT,Online TA,TA/TO,0,0,0,A,A,0,No Deposit,9.0,0,Contract,98.0,0,2
City Hotel,1,1,2015,August,33,12,0,4,2,0.0,0,BB,PRT,Offline TA/TO,TA/TO,0,0,0,A,A,0,No Deposit,42.0,0,Transient,110.0,0,0
City Hotel,1,7,2015,August,33,12,1,4,2,0.0,0,BB,PRT,Online TA,TA/TO,0,0,0,A,A,0,No Deposit,9.0,0,Contract,90.0,0,1
City Hotel,0,6,2015,August,33,12,1,4,2,0.0,0,BB,TUN,Direct,Direct,0,0,0,A,A,0,No Deposit,14.0,0,Transient,75.0,0,0
City Hotel,0,6,2015,August,33,12,2,4,2,0.0,0,BB,PRT,Online TA,TA/TO,0,0,0,A,A,0,No Deposit,9.0,0,Contract,90.0,0,2
City Hotel,0,4,2015,August,33,12,2,7,2,0.0,0,BB,ITA,Online TA,TA/TO,0,0,0,A,A,1,No Deposit,9.0,0,Transient,93.56,0,2
City Hotel,0,6,2015,August,33,12,0,4,2,0.0,0,BB,BEL,Online TA,TA/TO,0,0,0,A,A,0,No Deposit,9.0,0,Contract,90.0,0,2
City Hotel,0,0,2015,August,33,12,0,4,2,0.0,0,BB,ITA,Online TA,TA/TO,0,0,0,A,A,0,No Deposit,9.0,0,Transient,76.5,0,1
City Hotel,0,0,2015,August,33,13,0,1,2,0.0,0,BB,DEU,Online TA,TA/TO,0,0,0,A,A,0,No Deposit,9.0,0,Transient,138.0,0,0
City Hotel,0,2,2015,August,33,13,0,2,2,0.0,0,BB,PRT,Online TA,TA/TO,0,0,0,A,A,0,No Deposit,,0,Transient,75.0,0,0
City Hotel,0,0,2015,August,33,13,0,0,2,0.0,0,BB,PRT,Online TA,TA/TO,0,0,0,A,K,0,No Deposit,,0,Contract,0.0,0,2
City Hotel,0,0,2015,August,33,13,0,1,2,0.0,0,BB,PRT,Direct,Direct,0,0,0,A,A,0,No Deposit,,0,Transient,124.0,0,0
City Hotel,0,2,2015,August,33,13,0,1,2,0.0,0,BB,PRT,Online TA,TA/TO,0,0,0,A,A,0,No Deposit,9.0,0,Contract,124.0,0,2
City Hotel,0,0,2015,August,33,13,0,2,2,0.0,0,BB,PRT,Online TA,TA/TO,0,0,0,A,B,0,No Deposit,9.0,0,Transient,85.0,0,0
City Hotel,1,0,2015,August,33,13,0,2,2,0.0,0,BB,PRT,Direct,Direct,0,0,0,D,D,0,No Deposit,,0,Transient,89.0,0,1
City Hotel,0,0,2015,August,33,13,0,2,2,0.0,0,BB,PRT,Online TA,TA/TO,0,0,0,A,B,0,No Deposit,9.0,0,Transient,85.0,0,0
City Hotel,0,0,2015,August,33,13,0,2,2,0.0,0,BB,CHN,Direct,Direct,0,0,0,A,A,3,No Deposit,,0,Transient,89.0,0,0
City Hotel,0,119,2015,August,33,13,0,3,2,0.0,0,BB,GBR,Online TA,TA/TO,0,0,0,A,D,0,No Deposit,9.0,0,Transient-Party,85.5,1,1
City Hotel,0,134,2015,August,33,13,0,3,2,0.0,0,BB,BEL,Online TA,TA/TO,0,0,0,A,A,0,No Deposit,9.0,0,Transient,76.5,0,2
City Hotel,0,150,2015,August,33,13,0,3,2,0.0,0,BB,PRT,Online TA,TA/TO,0,0,0,A,A,0,No Deposit,9.0,0,Transient,76.5,0,2
City Hotel,0,8,2015,August,33,13,0,3,2,0.0,0,BB,MAR,Online TA,TA/TO,0,0,0,A,A,0,No Deposit,9.0,0,Contract,90.0,0,2
City Hotel,0,119,2015,August,33,13,0,3,2,0.0,0,BB,GBR,Online TA,TA/TO,0,0,0,A,D,0,No Deposit,9.0,0,Transient-Party,76.5,1,2
City Hotel,1,5,2015,August,33,13,0,3,2,0.0,0,BB,PRT,Online TA,TA/TO,0,0,0,A,A,0,No Deposit,9.0,0,Transient,98.0,0,1
City Hotel,0,8,2015,August,33,13,0,3,2,0.0,0,BB,ESP,Online TA,TA/TO,0,0,0,A,A,0,No Deposit,9.0,0,Contract,99.0,1,2
City Hotel,1,0,2015,August,33,13,0,2,2,0.0,0,BB,PRT,Direct,Direct,0,0,0,D,D,0,No Deposit,,0,Transient,89.0,0,1
City Hotel,0,0,2015,August,33,13,1,3,2,0.0,0,BB,PRT,Online TA,TA/TO,0,0,0,A,A,0,No Deposit,9.0,0,Contract,146.0,0,1
City Hotel,0,16,2015,August,33,13,2,3,2,0.0,0,BB,CHE,Offline TA/TO,TA/TO,0,0,0,A,A,0,No Deposit,27.0,0,Transient,50.4,0,0
City Hotel,1,87,2015,August,33,13,2,3,2,0.0,0,BB,PRT,Online TA,TA/TO,0,0,0,A,A,0,No Deposit,9.0,0,Transient,76.5,0,0
City Hotel,0,3,2015,August,33,13,2,4,2,0.0,0,BB,FRA,Online TA,TA/TO,0,0,0,A,A,0,No Deposit,9.0,0,Contract,94.0,0,2
City Hotel,0,142,2015,August,33,13,2,5,2,0.0,0,BB,AUT,Online TA,TA/TO,0,0,0,A,A,0,No Deposit,9.0,0,Transient-Party,76.5,0,1
City Hotel,1,8,2015,August,33,13,2,5,2,,0,BB,PRT,Online TA,Undefined,0,0,0,B,B,0,No Deposit,9.0,0,Transient-Party,76.5,0,1
City Hotel,0,106,2015,August,33,13,2,7,2,0.0,0,BB,ITA,Online TA,TA/TO,0,0,0,A,A,0,No Deposit,9.0,0,Transient,76.5,0,1
City Hotel,1,87,2015,August,33,14,0,1,2,0.0,0,BB,PRT,Groups,TA/TO,0,0,0,A,A,0,Non Refund,1.0,0,Transient,12.0,0,0
City Hotel,1,87,2015,August,33,14,0,1,2,0.0,0,BB,PRT,Groups,TA/TO,0,0,0,A,A,0,Non Refund,1.0,0,Transient,12.0,0,0
City Hotel,0,39,2015,August,33,14,0,2,2,0.0,0,HB,PRT,Offline TA/TO,TA/TO,0,0,0,A,D,1,No Deposit,6.0,0,Transient-Party,109.0,0,0
City Hotel,0,39,2015,August,33,14,0,2,2,0.0,0,HB,PRT,Offline TA/TO,TA/TO,0,0,0,A,D,1,No Deposit,6.0,0,Transient-Party,109.0,0,0
City Hotel,0,39,2015,August,33,14,0,2,2,0.0,0,HB,PRT,Offline TA/TO,TA/TO,0,0,0,A,D,0,No Deposit,6.0,0,Transient-Party,109.0,0,0
City Hotel,0,39,2015,August,33,14,0,2,2,0.0,0,HB,DEU,Offline TA/TO,TA/TO,0,0,0,A,A,0,No Deposit,6.0,0,Transient-Party,109.0,0,0
City Hotel,0,39,2015,August,33,14,0,2,2,0.0,0,HB,PRT,Offline TA/TO,TA/TO,0,0,0,A,A,1,No Deposit,6.0,0,Transient-Party,109.0,0,0
City Hotel,1,39,2015,August,33,14,0,2,2,0.0,0,HB,PRT,Offline TA/TO,TA/TO,0,0,0,A,A,0,No Deposit,6.0,0,Transient-Party,101.5,0,0
City Hotel,1,39,2015,August,33,14,0,2,2,0.0,0,HB,PRT,Offline TA/TO,TA/TO,0,0,0,A,A,0,No Deposit,6.0,0,Transient-Party,101.5,0,0
City Hotel,1,39,2015,August,33,14,0,2,2,0.0,0,HB,PRT,Offline TA/TO,TA/TO,0,0,0,A,A,0,No Deposit,6.0,0,Transient-Party,101.5,0,0
City Hotel,1,39,2015,August,33,14,0,2,2,0.0,0,HB,PRT,Offline TA/TO,TA/TO,0,0,0,A,A,0,No Deposit,6.0,0,Transient-Party,101.5,0,0
City Hotel,1,39,2015,August,33,14,0,2,2,0.0,0,HB,PRT,Offline TA/TO,TA/TO,0,0,0,A,A,0,No Deposit,6.0,0,Transient-Party,101.5,0,0
City Hotel,1,1,2015,August,33,14,0,2,2,0.0,0,HB,PRT,Offline TA/TO,TA/TO,0,0,0,A,A,0,No Deposit,6.0,0,Transient-Party,101.5,0,0
City Hotel,1,0,2015,August,33,14,0,2,2,0.0,0,HB,PRT,Offline TA/TO,TA/TO,0,0,0,A,A,0,No Deposit,6.0,0,Transient-Party,109.0,0,0
City Hotel,1,0,2015,August,33,14,0,2,2,0.0,0,HB,PRT,Offline TA/TO,TA/TO,0,0,0,A,A,0,No Deposit,6.0,0,Transient-Party,109.0,0,0
City Hotel,0,39,2015,August,33,14,0,2,2,0.0,0,HB,PRT,Offline TA/TO,TA/TO,0,0,0,A,A,1,No Deposit,6.0,0,Transient-Party,109.0,0,0
City Hotel,1,39,2015,August,33,14,0,2,2,0.0,0,HB,PRT,Offline TA/TO,TA/TO,0,0,0,A,A,0,No Deposit,6.0,0,Transient-Party,101.5,0,0
City Hotel,0,39,2015,August,33,14,0,2,2,0.0,0,HB,DEU,Offline TA/TO,TA/TO,0,0,0,A,D,0,No Deposit,6.0,0,Transient-Party,109.0,0,0
City Hotel,1,39,2015,August,33,14,0,2,2,0.0,0,HB,PRT,Offline TA/TO,TA/TO,0,0,0,A,A,0,No Deposit,6.0,0,Transient-Party,101.5,0,0
City Hotel,1,39,2015,August,33,14,0,2,2,0.0,0,HB,PRT,Offline TA/TO,TA/TO,0,0,0,A,A,0,No Deposit,6.0,0,Transient-Party,101.5,0,0
City Hotel,1,39,2015,August,33,14,0,2,2,0.0,0,HB,PRT,Offline TA/TO,TA/TO,0,0,0,A,A,0,No Deposit,6.0,0,Transient-Party,101.5,0,0
City Hotel,1,87,2015,August,33,14,0,1,2,0.0,0,BB,PRT,Groups,TA/TO,0,0,0,A,A,0,Non Refund,1.0,0,Transient,12.0,0,0
City Hotel,0,39,2015,August,33,14,0,2,2,0.0,0,HB,DEU,Offline TA/TO,TA/TO,0,0,0,A,A,1,No Deposit,6.0,0,Transient-Party,109.0,0,0
City Hotel,0,39,2015,August,33,14,0,2,2,0.0,0,HB,PRT,Offline TA/TO,TA/TO,0,0,0,A,A,1,No Deposit,6.0,0,Transient-Party,109.0,0,0
City Hotel,0,39,2015,August,33,14,0,2,2,0.0,0,HB,DEU,Offline TA/TO,TA/TO,0,0,0,A,A,0,No Deposit,6.0,0,Transient-Party,109.0,0,0
City Hotel,0,39,2015,August,33,14,0,2,2,0.0,0,HB,DEU,Offline TA/TO,TA/TO,0,0,0,A,D,0,No Deposit,6.0,0,Transient-Party,109.0,0,0
City Hotel,1,39,2015,August,33,14,0,2,2,0.0,0,HB,PRT,Offline TA/TO,TA/TO,0,0,0,A,A,0,No Deposit,6.0,0,Transient-Party,101.5,0,0
City Hotel,1,39,2015,August,33,14,0,2,2,0.0,0,HB,PRT,Offline TA/TO,TA/TO,0,0,0,A,A,0,No Deposit,6.0,0,Transient-Party,101.5,0,0
City Hotel,1,39,2015,August,33,14,0,2,2,0.0,0,HB,PRT,Offline TA/TO,TA/TO,0,0,0,A,A,0,No Deposit,6.0,0,Transient-Party,101.5,0,0
City Hotel,1,39,2015,August,33,14,0,2,2,0.0,0,HB,PRT,Offline TA/TO,TA/TO,0,0,0,A,A,0,No Deposit,6.0,0,Transient-Party,101.5,0,0
City Hotel,1,0,2015,August,33,14,0,2,2,0.0,0,HB,PRT,Offline TA/TO,TA/TO,0,0,0,A,A,0,No Deposit,6.0,0,Transient-Party,109.0,0,0
City Hotel,1,0,2015,August,33,14,0,2,2,0.0,0,HB,PRT,Offline TA/TO,TA/TO,0,0,0,A,A,0,No Deposit,6.0,0,Transient-Party,109.0,0,0
City Hotel,1,0,2015,August,33,14,0,2,2,0.0,0,HB,PRT,Offline TA/TO,TA/TO,0,0,0,A,A,0,No Deposit,6.0,0,Transient-Party,109.0,0,0
City Hotel,0,39,2015,August,33,14,0,2,2,0.0,0,HB,DEU,Offline TA/TO,TA/TO,0,0,0,A,D,0,No Deposit,6.0,0,Transient-Party,109.0,0,0
City Hotel,1,39,2015,August,33,14,0,2,2,0.0,0,HB,PRT,Offline TA/TO,TA/TO,0,0,0,A,A,0,No Deposit,6.0,0,Transient-Party,101.5,0,0
City Hotel,1,39,2015,August,33,14,0,2,2,0.0,0,HB,PRT,Offline TA/TO,TA/TO,0,0,0,A,A,0,No Deposit,6.0,0,Transient-Party,101.5,0,0
City Hotel,1,39,2015,August,33,14,0,2,2,0.0,0,HB,PRT,Offline TA/TO,TA/TO,0,0,0,A,A,0,No Deposit,6.0,0,Transient-Party,101.5,0,0
City Hotel,1,39,2015,August,33,14,0,2,2,0.0,0,HB,PRT,Offline TA/TO,TA/TO,0,0,0,A,A,0,No Deposit,6.0,0,Transient-Party,101.5,0,0
City Hotel,1,0,2015,August,33,14,0,2,2,0.0,0,HB,PRT,Offline TA/TO,TA/TO,0,0,0,A,A,0,No Deposit,6.0,0,Transient-Party,109.0,0,0
City Hotel,1,0,2015,August,33,14,0,2,2,0.0,0,HB,PRT,Offline TA/TO,TA/TO,0,0,0,A,A,0,No Deposit,6.0,0,Transient-Party,109.0,0,0
City Hotel,1,0,2015,August,33,14,0,2,2,0.0,0,HB,PRT,Offline TA/TO,TA/TO,0,0,0,A,A,0,No Deposit,6.0,0,Transient-Party,109.0,0,0
City Hotel,1,0,2015,August,33,14,0,2,2,0.0,0,HB,PRT,Offline TA/TO,TA/TO,0,0,0,A,A,0,No Deposit,6.0,0,Transient-Party,109.0,0,0
City Hotel,0,39,2015,August,33,14,0,2,2,0.0,0,HB,DEU,Offline TA/TO,TA/TO,0,0,0,A,A,1,No Deposit,6.0,0,Transient-Party,109.0,0,0
City Hotel,0,39,2015,August,33,14,0,2,2,0.0,0,HB,DEU,Offline TA/TO,TA/TO,0,0,0,A,A,0,No Deposit,6.0,0,Transient-Party,109.0,0,0
City Hotel,0,39,2015,August,33,14,0,2,2,0.0,0,HB,DEU,Offline TA/TO,TA/TO,0,0,0,A,D,0,No Deposit,6.0,0,Transient-Party,109.0,0,0
City Hotel,0,39,2015,August,33,14,0,2,2,0.0,0,HB,DEU,Offline TA/TO,TA/TO,0,0,0,A,A,0,No Deposit,6.0,0,Transient-Party,109.0,0,0
City Hotel,1,39,2015,August,33,14,0,2,2,0.0,0,HB,PRT,Offline TA/TO,TA/TO,0,0,0,A,A,0,No Deposit,6.0,0,Transient-Party,101.5,0,0
City Hotel,1,39,2015,August,33,14,0,2,2,0.0,0,HB,PRT,Offline TA/TO,TA/TO,0,0,0,A,A,0,No Deposit,6.0,0,Transient-Party,101.5,0,0
City Hotel,1,39,2015,August,33,14,0,2,2,0.0,0,HB,PRT,Offline TA/TO,TA/TO,0,0,0,A,A,0,No Deposit,6.0,0,Transient-Party,101.5,0,0
City Hotel,1,0,2015,August,33,14,0,2,2,0.0,0,HB,PRT,Offline TA/TO,TA/TO,0,0,0,A,A,0,No Deposit,6.0,0,Transient-Party,109.0,0,0
City Hotel,1,0,2015,August,33,14,0,2,2,0.0,0,HB,PRT,Offline TA/TO,TA/TO,0,0,0,A,A,0,No Deposit,6.0,0,Transient-Party,109.0,0,0
City Hotel,0,39,2015,August,33,14,0,2,2,0.0,0,HB,PRT,Offline TA/TO,TA/TO,0,0,0,A,D,1,No Deposit,6.0,0,Transient-Party,109.0,0,0
City Hotel,0,39,2015,August,33,14,0,2,2,0.0,0,HB,DEU,Offline TA/TO,TA/TO,0,0,0,A,A,1,No Deposit,6.0,0,Transient-Party,109.0,0,0
City Hotel,0,39,2015,August,33,14,0,2,2,0.0,0,HB,DEU,Offline TA/TO,TA/TO,0,0,0,A,A,1,No Deposit,6.0,0,Transient-Party,109.0,0,0
City Hotel,0,39,2015,August,33,14,0,2,2,0.0,0,HB,DEU,Offline TA/TO,TA/TO,0,0,0,A,D,0,No Deposit,6.0,0,Transient-Party,109.0,0,0
City Hotel,0,39,2015,August,33,14,0,2,2,0.0,0,HB,DEU,Offline TA/TO,TA/TO,0,0,0,A,A,0,No Deposit,6.0,0,Transient-Party,109.0,0,0
City Hotel,1,39,2015,August,33,14,0,2,2,0.0,0,HB,PRT,Offline TA/TO,TA/TO,0,0,0,A,A,0,No Deposit,6.0,0,Transient-Party,101.5,0,0
City Hotel,1,39,2015,August,33,14,0,2,2,0.0,0,HB,PRT,Offline TA/TO,TA/TO,0,0,0,A,A,0,No Deposit,6.0,0,Transient-Party,101.5,0,0
City Hotel,1,39,2015,August,33,14,0,2,2,0.0,0,HB,PRT,Offline TA/TO,TA/TO,0,0,0,A,A,0,No Deposit,6.0,0,Transient-Party,101.5,0,0
City Hotel,1,39,2015,August,33,14,0,2,2,0.0,0,HB,PRT,Offline TA/TO,TA/TO,0,0,0,A,A,0,No Deposit,6.0,0,Transient-Party,101.5,0,0
City Hotel,1,39,2015,August,33,14,0,2,2,0.0,0,HB,PRT,Offline TA/TO,TA/TO,0,0,0,A,A,0,No Deposit,6.0,0,Transient-Party,101.5,0,0
City Hotel,1,39,2015,August,33,14,0,2,2,0.0,0,HB,PRT,Offline TA/TO,TA/TO,0,0,0,A,A,0,No Deposit,6.0,0,Transient-Party,101.5,0,0
City Hotel,1,0,2015,August,33,14,0,2,2,0.0,0,HB,PRT,Offline TA/TO,TA/TO,0,0,0,A,A,0,No Deposit,6.0,0,Transient-Party,109.0,0,0
City Hotel,0,39,2015,August,33,14,0,2,2,0.0,0,HB,PRT,Offline TA/TO,TA/TO,0,0,0,A,A,1,No Deposit,6.0,0,Transient-Party,109.0,0,0
City Hotel,0,39,2015,August,33,14,0,2,2,0.0,0,HB,DEU,Offline TA/TO,TA/TO,0,0,0,A,A,0,No Deposit,6.0,0,Transient-Party,109.0,0,0
City Hotel,1,39,2015,August,33,14,0,2,2,0.0,0,HB,PRT,Offline TA/TO,TA/TO,0,0,0,A,A,0,No Deposit,6.0,0,Transient-Party,101.5,0,0
City Hotel,1,39,2015,August,33,14,0,2,2,0.0,0,HB,PRT,Offline TA/TO,TA/TO,0,0,0,A,A,0,No Deposit,6.0,0,Transient-Party,101.5,0,0
City Hotel,0,39,2015,August,33,14,0,2,2,0.0,0,HB,DEU,Offline TA/TO,TA/TO,0,0,0,A,A,1,No Deposit,6.0,0,Transient-Party,109.0,0,0
City Hotel,0,39,2015,August,33,14,0,2,2,0.0,0,HB,PRT,Offline TA/TO,TA/TO,0,0,0,A,A,1,No Deposit,6.0,0,Transient-Party,109.0,0,0
City Hotel,0,39,2015,August,33,14,0,2,2,0.0,0,HB,DEU,Offline TA/TO,TA/TO,0,0,0,A,A,0,No Deposit,6.0,0,Transient-Party,109.0,0,0
City Hotel,0,39,2015,August,33,14,0,2,2,0.0,0,HB,DEU,Offline TA/TO,TA/TO,0,0,0,A,A,0,No Deposit,6.0,0,Transient-Party,109.0,0,0
City Hotel,0,39,2015,August,33,14,0,2,2,0.0,0,HB,DEU,Offline TA/TO,TA/TO,0,0,0,A,D,0,No Deposit,6.0,0,Transient-Party,109.0,0,0
City Hotel,1,39,2015,August,33,14,0,2,2,0.0,0,HB,PRT,Offline TA/TO,TA/TO,0,0,0,A,A,0,No Deposit,6.0,0,Transient-Party,101.5,0,0
City Hotel,1,39,2015,August,33,14,0,2,2,0.0,0,HB,PRT,Offline TA/TO,TA/TO,0,0,0,A,A,0,No Deposit,6.0,0,Transient-Party,101.5,0,0
City Hotel,1,39,2015,August,33,14,0,2,2,0.0,0,HB,PRT,Offline TA/TO,TA/TO,0,0,0,A,A,0,No Deposit,6.0,0,Transient-Party,101.5,0,0
City Hotel,1,39,2015,August,33,14,0,2,2,0.0,0,HB,PRT,Offline TA/TO,TA/TO,0,0,0,A,A,0,No Deposit,6.0,0,Transient-Party,101.5,0,0
City Hotel,1,39,2015,August,33,14,0,2,2,0.0,0,HB,PRT,Offline TA/TO,TA/TO,0,0,0,A,A,0,No Deposit,6.0,0,Transient-Party,101.5,0,0
City Hotel,1,39,2015,August,33,14,0,2,2,0.0,0,HB,PRT,Offline TA/TO,TA/TO,0,0,0,A,A,0,No Deposit,6.0,0,Transient-Party,101.5,0,0
City Hotel,1,39,2015,August,33,14,0,2,2,0.0,0,HB,PRT,Offline TA/TO,TA/TO,0,0,0,A,A,0,No Deposit,6.0,0,Transient-Party,101.5,0,0
City Hotel,0,39,2015,August,33,14,0,2,2,0.0,0,HB,PRT,Offline TA/TO,TA/TO,0,0,0,A,A,1,No Deposit,6.0,0,Transient-Party,109.0,0,0
City Hotel,0,39,2015,August,33,14,0,2,2,0.0,0,HB,DEU,Offline TA/TO,TA/TO,0,0,0,A,A,0,No Deposit,6.0,0,Transient-Party,109.0,0,0
City Hotel,0,39,2015,August,33,14,0,2,2,0.0,0,HB,DEU,Offline TA/TO,TA/TO,0,0,0,A,D,0,No Deposit,6.0,0,Transient-Party,109.0,0,0
City Hotel,0,39,2015,August,33,14,0,2,2,0.0,0,HB,DEU,Offline TA/TO,TA/TO,0,0,0,A,D,0,No Deposit,6.0,0,Transient-Party,109.0,0,0
City Hotel,1,39,2015,August,33,14,0,2,2,0.0,0,HB,PRT,Offline TA/TO,TA/TO,0,0,0,A,A,0,No Deposit,6.0,0,Transient-Party,101.5,0,0
City Hotel,1,39,2015,August,33,14,0,2,2,0.0,0,HB,PRT,Offline TA/TO,TA/TO,0,0,0,A,A,0,No Deposit,6.0,0,Transient-Party,101.5,0,0
City Hotel,1,39,2015,August,33,14,0,2,2,0.0,0,HB,PRT,Offline TA/TO,TA/TO,0,0,0,A,A,0,No Deposit,6.0,0,Transient-Party,101.5,0,0
City Hotel,1,39,2015,August,33,14,0,2,2,0.0,0,HB,PRT,Offline TA/TO,TA/TO,0,0,0,A,A,0,No Deposit,6.0,0,Transient-Party,101.5,0,0
City Hotel,1,39,2015,August,33,14,0,2,2,0.0,0,HB,PRT,Offline TA/TO,TA/TO,0,0,0,A,A,0,No Deposit,6.0,0,Transient-Party,101.5,0,0
City Hotel,1,0,2015,August,33,14,0,2,2,0.0,0,HB,PRT,Offline TA/TO,TA/TO,0,0,0,A,A,0,No Deposit,6.0,0,Transient-Party,109.0,0,0
City Hotel,1,0,2015,August,33,14,0,2,2,0.0,0,HB,PRT,Offline TA/TO,TA/TO,0,0,0,A,A,0,No Deposit,6.0,0,Transient-Party,109.0,0,0
City Hotel,1,0,2015,August,33,14,0,2,2,0.0,0,HB,PRT,Offline TA/TO,TA/TO,0,0,0,A,A,0,No Deposit,6.0,0,Transient-Party,109.0,0,0
City Hotel,0,39,2015,August,33,14,0,2,2,0.0,0,HB,PRT,Offline TA/TO,TA/TO,0,0,0,A,A,1,No Deposit,6.0,0,Transient-Party,109.0,0,0
City Hotel,0,39,2015,August,33,14,0,2,2,0.0,0,HB,PRT,Offline TA/TO,TA/TO,0,0,0,A,D,1,No Deposit,6.0,0,Transient-Party,109.0,0,0
City Hotel,0,39,2015,August,33,14,0,2,2,0.0,0,HB,DEU,Offline TA/TO,TA/TO,0,0,0,A,A,0,No Deposit,6.0,0,Transient-Party,109.0,0,0
City Hotel,0,39,2015,August,33,14,0,2,2,0.0,0,HB,DEU,Offline TA/TO,TA/TO,0,0,0,A,A,0,No Deposit,6.0,0,Transient-Party,109.0,0,0
City Hotel,0,39,2015,August,33,14,0,2,2,0.0,0,HB,DEU,Offline TA/TO,TA/TO,0,0,0,A,A,0,No Deposit,6.0,0,Transient-Party,109.0,0,0
City Hotel,1,39,2015,August,33,14,0,2,2,0.0,0,HB,PRT,Offline TA/TO,TA/TO,0,0,0,A,A,0,No Deposit,6.0,0,Transient-Party,101.5,0,0
City Hotel,1,39,2015,August,33,14,0,2,2,0.0,0,HB,PRT,Offline TA/TO,TA/TO,0,0,0,A,A,0,No Deposit,6.0,0,Transient-Party,101.5,0,0
City Hotel,1,39,2015,August,33,14,0,2,2,0.0,0,HB,PRT,Offline TA/TO,TA/TO,0,0,0,A,A,0,No Deposit,6.0,0,Transient-Party,101.5,0,0
City Hotel,1,39,2015,August,33,14,0,2,2,0.0,0,HB,PRT,Offline TA/TO,TA/TO,0,0,0,A,A,0,No Deposit,6.0,0,Transient-Party,101.5,0,0
City Hotel,1,39,2015,August,33,14,0,2,2,0.0,0,HB,PRT,Offline TA/TO,TA/TO,0,0,0,A,A,0,No Deposit,6.0,0,Transient-Party,101.5,0,0
City Hotel,1,39,2015,August,33,14,0,2,2,0.0,0,HB,PRT,Offline TA/TO,TA/TO,0,0,0,A,A,0,No Deposit,6.0,0,Transient-Party,101.5,0,0
City Hotel,1,39,2015,August,33,14,0,2,2,0.0,0,HB,PRT,Offline TA/TO,TA/TO,0,0,0,A,A,0,No Deposit,6.0,0,Transient-Party,101.5,0,0
City Hotel,1,0,2015,August,33,14,0,2,2,0.0,0,HB,PRT,Offline TA/TO,TA/TO,0,0,0,A,A,0,No Deposit,6.0,0,Transient-Party,109.0,0,0
City Hotel,1,0,2015,August,33,14,0,2,2,0.0,0,HB,PRT,Offline TA/TO,TA/TO,0,0,0,A,A,0,No Deposit,6.0,0,Transient-Party,109.0,0,0
City Hotel,1,0,2015,August,33,14,0,2,2,0.0,0,HB,PRT,Offline TA/TO,TA/TO,0,0,0,A,A,0,No Deposit,6.0,0,Transient-Party,109.0,0,0
City Hotel,1,0,2015,August,33,14,0,2,2,0.0,0,HB,PRT,Offline TA/TO,TA/TO,0,0,0,A,A,0,No Deposit,6.0,0,Transient-Party,109.0,0,0
City Hotel,0,39,2015,August,33,14,0,2,2,0.0,0,HB,PRT,Offline TA/TO,TA/TO,0,0,0,A,D,1,No Deposit,6.0,0,Transient-Party,109.0,0,0
City Hotel,0,39,2015,August,33,14,0,2,2,0.0,0,HB,PRT,Offline TA/TO,TA/TO,0,0,0,A,A,1,No Deposit,6.0,0,Transient-Party,109.0,0,0
City Hotel,1,39,2015,August,33,14,0,2,2,0.0,0,HB,PRT,Offline TA/TO,TA/TO,0,0,0,A,A,0,No Deposit,6.0,0,Transient-Party,101.5,0,0
City Hotel,1,39,2015,August,33,14,0,2,2,0.0,0,HB,PRT,Offline TA/TO,TA/TO,0,0,0,A,A,0,No Deposit,6.0,0,Transient-Party,101.5,0,0
City Hotel,1,39,2015,August,33,14,0,2,2,0.0,0,HB,PRT,Offline TA/TO,TA/TO,0,0,0,A,A,0,No Deposit,6.0,0,Transient-Party,101.5,0,0
City Hotel,1,39,2015,August,33,14,0,2,2,0.0,0,HB,PRT,Offline TA/TO,TA/TO,0,0,0,A,A,0,No Deposit,6.0,0,Transient-Party,101.5,0,0
City Hotel,1,0,2015,August,33,14,0,2,2,0.0,0,HB,PRT,Offline TA/TO,TA/TO,0,0,0,A,A,0,No Deposit,6.0,0,Transient-Party,109.0,0,0
City Hotel,1,0,2015,August,33,14,0,2,2,0.0,0,HB,PRT,Offline TA/TO,TA/TO,0,0,0,A,A,0,No Deposit,6.0,0,Transient-Party,109.0,0,0
City Hotel,1,0,2015,August,33,14,0,2,2,0.0,0,HB,PRT,Offline TA/TO,TA/TO,0,0,0,A,A,0,No Deposit,6.0,0,Transient-Party,109.0,0,0
City Hotel,1,0,2015,August,33,14,0,2,2,0.0,0,HB,PRT,Offline TA/TO,TA/TO,0,0,0,A,A,0,No Deposit,6.0,0,Transient-Party,109.0,0,0
City Hotel,1,0,2015,August,33,14,0,2,2,0.0,0,HB,PRT,Offline TA/TO,TA/TO,0,0,0,A,A,0,No Deposit,6.0,0,Transient-Party,109.0,0,0
City Hotel,0,39,2015,August,33,14,0,2,2,0.0,0,HB,DEU,Offline TA/TO,TA/TO,0,0,0,A,A,0,No Deposit,6.0,0,Transient-Party,109.0,0,0
City Hotel,1,39,2015,August,33,14,0,2,2,0.0,0,HB,PRT,Offline TA/TO,TA/TO,0,0,0,A,A,0,No Deposit,6.0,0,Transient-Party,101.5,0,0
City Hotel,1,39,2015,August,33,14,0,2,2,0.0,0,HB,PRT,Offline TA/TO,TA/TO,0,0,0,A,A,0,No Deposit,6.0,0,Transient-Party,101.5,0,0
City Hotel,1,39,2015,August,33,14,0,2,2,0.0,0,HB,PRT,Offline TA/TO,TA/TO,0,0,0,A,A,0,No Deposit,6.0,0,Transient-Party,101.5,0,0
City Hotel,1,39,2015,August,33,14,0,2,2,0.0,0,HB,PRT,Offline TA/TO,TA/TO,0,0,0,A,A,0,No Deposit,6.0,0,Transient-Party,101.5,0,0
City Hotel,1,0,2015,August,33,14,0,2,2,0.0,0,HB,PRT,Offline TA/TO,TA/TO,0,0,0,A,A,0,No Deposit,6.0,0,Transient-Party,109.0,0,0
City Hotel,1,0,2015,August,33,14,0,2,2,0.0,0,HB,PRT,Offline TA/TO,TA/TO,0,0,0,A,A,0,No Deposit,6.0,0,Transient-Party,109.0,0,0
City Hotel,0,39,2015,August,33,14,0,2,2,0.0,0,HB,DEU,Offline TA/TO,TA/TO,0,0,0,A,D,1,No Deposit,6.0,0,Transient-Party,109.0,0,0
City Hotel,0,39,2015,August,33,14,0,2,2,0.0,0,HB,DEU,Offline TA/TO,TA/TO,0,0,0,A,D,0,No Deposit,6.0,0,Transient-Party,109.0,0,0
City Hotel,0,39,2015,August,33,14,0,2,2,0.0,0,HB,DEU,Offline TA/TO,TA/TO,0,0,0,A,D,0,No Deposit,6.0,0,Transient-Party,109.0,0,0
City Hotel,0,39,2015,August,33,14,0,2,2,0.0,0,HB,DEU,Offline TA/TO,TA/TO,0,0,0,A,A,0,No Deposit,6.0,0,Transient-Party,109.0,0,0
City Hotel,1,39,2015,August,33,14,0,2,2,0.0,0,HB,PRT,Offline TA/TO,TA/TO,0,0,0,A,A,0,No Deposit,6.0,0,Transient-Party,101.5,0,0
City Hotel,1,39,2015,August,33,14,0,2,2,0.0,0,HB,PRT,Offline TA/TO,TA/TO,0,0,0,A,A,0,No Deposit,6.0,0,Transient-Party,101.5,0,0
City Hotel,0,39,2015,August,33,14,0,2,2,0.0,0,HB,DEU,Offline TA/TO,TA/TO,0,0,0,A,D,0,No Deposit,6.0,0,Transient-Party,109.0,0,0
City Hotel,0,39,2015,August,33,14,0,2,2,0.0,0,HB,DEU,Offline TA/TO,TA/TO,0,0,0,A,A,0,No Deposit,6.0,0,Transient-Party,109.0,0,0
City Hotel,1,39,2015,August,33,14,0,2,2,0.0,0,HB,PRT,Offline TA/TO,TA/TO,0,0,0,A,A,0,No Deposit,6.0,0,Transient-Party,101.5,0,0
City Hotel,1,39,2015,August,33,14,0,2,2,0.0,0,HB,PRT,Offline TA/TO,TA/TO,0,0,0,A,A,0,No Deposit,6.0,0,Transient-Party,101.5,0,0
City Hotel,1,39,2015,August,33,14,0,2,2,0.0,0,HB,PRT,Offline TA/TO,TA/TO,0,0,0,A,A,0,No Deposit,6.0,0,Transient-Party,101.5,0,0
City Hotel,1,0,2015,August,33,14,0,2,2,0.0,0,HB,PRT,Offline TA/TO,TA/TO,0,0,0,A,A,0,No Deposit,6.0,0,Transient-Party,109.0,0,0
City Hotel,1,0,2015,August,33,14,0,2,2,0.0,0,HB,PRT,Offline TA/TO,TA/TO,0,0,0,A,A,0,No Deposit,6.0,0,Transient-Party,109.0,0,0
City Hotel,0,88,2015,August,33,14,0,2,2,0.0,0,BB,NLD,Online TA,TA/TO,0,0,0,A,A,0,No Deposit,9.0,0,Transient,76.5,0,0
City Hotel,0,39,2015,August,33,14,0,2,2,0.0,0,HB,PRT,Offline TA/TO,TA/TO,0,0,0,A,D,1,No Deposit,6.0,0,Transient-Party,109.0,0,0
City Hotel,0,39,2015,August,33,14,0,2,2,0.0,0,HB,PRT,Offline TA/TO,TA/TO,0,0,0,A,A,1,No Deposit,6.0,0,Transient-Party,109.0,0,0
City Hotel,0,39,2015,August,33,14,0,2,2,0.0,0,HB,DEU,Offline TA/TO,TA/TO,0,0,0,A,A,0,No Deposit,6.0,0,Transient-Party,109.0,0,0
City Hotel,0,39,2015,August,33,14,0,2,2,0.0,0,HB,DEU,Offline TA/TO,TA/TO,0,0,0,A,A,0,No Deposit,6.0,0,Transient-Party,109.0,0,0
City Hotel,1,39,2015,August,33,14,0,2,2,0.0,0,HB,PRT,Offline TA/TO,TA/TO,0,0,0,A,A,0,No Deposit,6.0,0,Transient-Party,101.5,0,0
City Hotel,1,39,2015,August,33,14,0,2,2,0.0,0,HB,PRT,Offline TA/TO,TA/TO,0,0,0,A,A,0,No Deposit,6.0,0,Transient-Party,101.5,0,0
City Hotel,1,39,2015,August,33,14,0,2,2,0.0,0,HB,PRT,Offline TA/TO,TA/TO,0,0,0,A,A,0,No Deposit,6.0,0,Transient-Party,101.5,0,0
City Hotel,1,39,2015,August,33,14,0,2,2,0.0,0,HB,PRT,Offline TA/TO,TA/TO,0,0,0,A,A,0,No Deposit,6.0,0,Transient-Party,101.5,0,0
City Hotel,1,39,2015,August,33,14,0,2,2,0.0,0,HB,PRT,Offline TA/TO,TA/TO,0,0,0,A,A,0,No Deposit,6.0,0,Transient-Party,101.5,0,0
City Hotel,0,39,2015,August,33,14,0,2,2,0.0,0,HB,DEU,Offline TA/TO,TA/TO,0,0,0,A,A,1,No Deposit,6.0,0,Transient-Party,109.0,0,0
City Hotel,0,39,2015,August,33,14,0,2,2,0.0,0,HB,DEU,Offline TA/TO,TA/TO,0,0,0,A,B,1,No Deposit,6.0,0,Transient-Party,109.0,0,1
City Hotel,0,39,2015,August,33,14,0,2,2,0.0,0,HB,DEU,Offline TA/TO,TA/TO,0,0,0,A,D,0,No Deposit,6.0,0,Transient-Party,109.0,0,0
City Hotel,1,39,2015,August,33,14,0,2,2,0.0,0,HB,PRT,Offline TA/TO,TA/TO,0,0,0,A,A,0,No Deposit,6.0,0,Transient-Party,101.5,0,0
City Hotel,1,39,2015,August,33,14,0,2,2,0.0,0,HB,PRT,Offline TA/TO,TA/TO,0,0,0,A,A,0,No Deposit,6.0,0,Transient-Party,101.5,0,0
City Hotel,1,39,2015,August,33,14,0,2,2,0.0,0,HB,PRT,Offline TA/TO,TA/TO,0,0,0,A,A,0,No Deposit,6.0,0,Transient-Party,101.5,0,0
City Hotel,1,39,2015,August,33,14,0,2,2,0.0,0,HB,PRT,Offline TA/TO,TA/TO,0,0,0,A,A,0,No Deposit,6.0,0,Transient-Party,101.5,0,0
City Hotel,1,39,2015,August,33,14,0,2,2,0.0,0,HB,PRT,Offline TA/TO,TA/TO,0,0,0,A,A,0,No Deposit,6.0,0,Transient-Party,101.5,0,0
City Hotel,1,39,2015,August,33,14,0,2,2,0.0,0,HB,PRT,Offline TA/TO,TA/TO,0,0,0,A,A,0,No Deposit,6.0,0,Transient-Party,101.5,0,0
City Hotel,1,0,2015,August,33,14,0,2,2,0.0,0,HB,PRT,Offline TA/TO,TA/TO,0,0,0,A,A,0,No Deposit,6.0,0,Transient-Party,109.0,0,0
City Hotel,1,0,2015,August,33,14,0,2,2,0.0,0,HB,PRT,Offline TA/TO,TA/TO,0,0,0,A,A,0,No Deposit,6.0,0,Transient-Party,109.0,0,0
City Hotel,1,6,2015,August,33,14,1,2,2,0.0,0,BB,PRT,Online TA,TA/TO,0,0,0,A,A,0,No Deposit,9.0,0,Transient-Party,95.33,0,2
City Hotel,1,3,2015,August,33,14,1,2,2,0.0,0,BB,PRT,Online TA,TA/TO,0,0,0,A,A,0,No Deposit,9.0,0,Contract,126.67,0,2
City Hotel,0,150,2015,August,33,14,1,2,2,0.0,0,BB,FRA,Online TA,TA/TO,0,0,0,A,A,0,No Deposit,9.0,0,Transient,76.5,0,1
City Hotel,0,1,2015,August,33,14,1,2,2,0.0,0,BB,PRT,Complementary,Direct,0,0,0,B,B,2,No Deposit,,0,Transient,0.0,0,0
City Hotel,1,6,2015,August,33,14,1,2,2,0.0,0,BB,PRT,Online TA,TA/TO,0,0,0,A,A,0,No Deposit,9.0,0,Transient-Party,95.33,0,2
City Hotel,0,1,2015,August,33,14,1,2,2,0.0,0,BB,PRT,Complementary,Direct,0,0,0,B,B,2,No Deposit,,0,Transient,0.0,0,0
City Hotel,0,133,2015,August,33,14,2,2,2,0.0,0,BB,FRA,Online TA,TA/TO,0,0,0,A,A,0,No Deposit,8.0,0,Transient,76.5,0,1
City Hotel,0,119,2015,August,33,14,2,2,2,0.0,0,BB,BEL,Online TA,TA/TO,0,0,0,A,A,0,No Deposit,9.0,0,Transient,76.5,0,1
City Hotel,0,6,2015,August,33,14,2,3,2,0.0,0,BB,FRA,Online TA,TA/TO,0,0,0,A,A,0,No Deposit,9.0,0,Transient-Party,93.2,0,0
City Hotel,0,4,2015,August,33,14,2,5,2,0.0,0,BB,FRA,Online TA,TA/TO,0,0,0,A,A,0,No Deposit,9.0,0,Transient-Party,106.14,0,1
City Hotel,0,10,2015,August,33,14,2,6,2,0.0,0,BB,FRA,Direct,Direct,0,0,0,A,A,1,No Deposit,14.0,0,Transient,75.0,0,1
City Hotel,0,4,2015,August,33,15,0,1,2,0.0,0,BB,PRT,Online TA,TA/TO,0,0,0,A,E,0,No Deposit,9.0,0,Contract,124.0,0,1
City Hotel,0,0,2015,August,33,15,0,1,2,0.0,0,BB,PRT,Direct,Direct,0,0,0,B,B,0,No Deposit,,0,Transient,120.0,0,0
City Hotel,0,4,2015,August,33,15,0,1,2,0.0,0,BB,FRA,Online TA,TA/TO,0,0,0,A,B,0,No Deposit,9.0,0,Contract,124.0,0,1
City Hotel,0,4,2015,August,33,15,0,1,2,0.0,0,BB,FRA,Online TA,TA/TO,0,0,0,A,B,0,No Deposit,9.0,0,Contract,124.0,0,1
City Hotel,0,5,2015,August,33,15,0,1,2,0.0,0,BB,FRA,Online TA,TA/TO,0,0,0,A,E,0,No Deposit,9.0,0,Transient,124.0,0,2
City Hotel,0,16,2015,August,33,15,1,1,2,0.0,0,HB,ITA,Offline TA/TO,TA/TO,0,0,0,A,B,0,No Deposit,17.0,0,Transient-Party,104.0,0,0
City Hotel,0,40,2015,August,33,15,2,2,2,0.0,0,BB,ESP,Groups,TA/TO,0,0,0,A,D,0,No Deposit,1.0,0,Transient-Party,62.0,0,0
City Hotel,0,40,2015,August,33,15,2,2,2,0.0,0,BB,ESP,Groups,TA/TO,0,0,0,A,A,0,No Deposit,1.0,0,Transient-Party,62.0,0,0
City Hotel,0,40,2015,August,33,15,2,2,2,0.0,0,BB,ESP,Groups,TA/TO,0,0,0,A,A,0,No Deposit,1.0,0,Transient-Party,62.0,0,0
City Hotel,0,40,2015,August,33,15,2,2,2,0.0,0,BB,ESP,Groups,TA/TO,0,0,0,A,A,0,No Deposit,1.0,0,Transient-Party,62.0,0,0
City Hotel,1,40,2015,August,33,15,2,2,2,0.0,0,BB,PRT,Groups,TA/TO,0,0,0,A,A,0,No Deposit,1.0,0,Transient-Party,62.0,0,0
City Hotel,0,40,2015,August,33,15,2,2,2,0.0,0,BB,ESP,Groups,TA/TO,0,0,0,A,A,0,No Deposit,1.0,0,Transient-Party,62.0,0,0
City Hotel,0,40,2015,August,33,15,2,2,2,0.0,0,BB,ESP,Groups,TA/TO,0,0,0,A,A,0,No Deposit,1.0,0,Transient-Party,62.0,0,0
City Hotel,1,40,2015,August,33,15,2,2,2,0.0,0,BB,PRT,Groups,TA/TO,0,0,0,A,A,0,No Deposit,1.0,0,Transient-Party,62.0,0,0
City Hotel,1,40,2015,August,33,15,2,2,2,0.0,0,BB,PRT,Groups,TA/TO,0,0,0,A,A,0,No Deposit,1.0,0,Transient-Party,62.0,0,0
City Hotel,0,40,2015,August,33,15,2,2,2,0.0,0,BB,ESP,Groups,TA/TO,0,0,0,A,A,0,No Deposit,1.0,0,Transient-Party,62.0,0,0
City Hotel,0,40,2015,August,33,15,2,2,2,0.0,0,BB,ESP,Groups,TA/TO,0,0,0,A,A,0,No Deposit,1.0,0,Transient-Party,62.0,0,0
City Hotel,0,2,2015,August,33,15,2,2,2,0.0,0,BB,ESP,Groups,TA/TO,0,0,0,A,E,0,No Deposit,1.0,0,Transient-Party,62.0,0,0
City Hotel,1,40,2015,August,33,15,2,2,2,0.0,0,BB,PRT,Groups,TA/TO,0,0,0,A,A,0,No Deposit,1.0,0,Transient-Party,62.0,0,0
City Hotel,0,145,2015,August,33,15,2,2,2,0.0,0,BB,PRT,Online TA,TA/TO,0,0,0,A,D,0,No Deposit,9.0,0,Transient,76.5,0,1
City Hotel,0,40,2015,August,33,15,2,2,2,0.0,0,BB,ESP,Groups,TA/TO,0,0,0,A,A,0,No Deposit,1.0,0,Transient-Party,62.0,0,0
City Hotel,0,40,2015,August,33,15,2,2,2,0.0,0,BB,ESP,Groups,TA/TO,0,0,0,A,A,0,No Deposit,1.0,0,Transient-Party,62.0,0,0
City Hotel,0,40,2015,August,33,15,2,2,2,0.0,0,BB,ESP,Groups,TA/TO,0,0,0,A,A,0,No Deposit,1.0,0,Transient-Party,62.0,0,0
City Hotel,0,40,2015,August,33,15,2,2,2,0.0,0,BB,ESP,Groups,TA/TO,0,0,0,A,A,0,No Deposit,1.0,0,Transient-Party,62.0,0,0
City Hotel,0,40,2015,August,33,15,2,2,2,0.0,0,BB,ESP,Groups,TA/TO,0,0,0,A,A,0,No Deposit,1.0,0,Transient-Party,62.0,0,0
City Hotel,1,40,2015,August,33,15,2,2,2,0.0,0,BB,PRT,Groups,TA/TO,0,0,0,A,A,0,No Deposit,1.0,0,Transient-Party,62.0,0,0
City Hotel,1,40,2015,August,33,15,2,2,2,0.0,0,BB,PRT,Groups,TA/TO,0,0,0,A,A,0,No Deposit,1.0,0,Transient-Party,62.0,0,0
City Hotel,0,40,2015,August,33,15,2,2,2,0.0,0,BB,ESP,Groups,TA/TO,0,0,0,A,B,0,No Deposit,1.0,0,Transient-Party,62.0,0,0
City Hotel,1,40,2015,August,33,15,2,2,2,0.0,0,BB,PRT,Groups,TA/TO,0,0,0,A,A,0,No Deposit,1.0,0,Transient-Party,62.0,0,0
City Hotel,1,40,2015,August,33,15,2,2,2,0.0,0,BB,PRT,Groups,TA/TO,0,0,0,A,A,0,No Deposit,1.0,0,Transient-Party,62.0,0,0
City Hotel,0,8,2015,August,33,15,2,3,2,0.0,0,BB,NLD,Direct,Direct,0,0,0,A,A,0,No Deposit,14.0,0,Transient,75.0,0,0
City Hotel,1,93,2015,August,33,15,2,3,2,0.0,0,BB,PRT,Online TA,TA/TO,0,0,0,A,A,0,No Deposit,9.0,0,Transient,76.5,0,2
City Hotel,1,93,2015,August,33,15,2,3,2,0.0,0,BB,PRT,Online TA,TA/TO,0,0,0,A,A,0,No Deposit,9.0,0,Transient,85.5,0,1
City Hotel,0,8,2015,August,33,15,2,5,2,0.0,0,BB,PRT,Direct,Direct,0,0,0,A,A,1,No Deposit,14.0,0,Transient,75.0,0,0
City Hotel,1,40,2015,August,33,15,2,2,2,0.0,0,BB,PRT,Groups,TA/TO,0,0,0,A,A,0,No Deposit,1.0,0,Transient-Party,62.0,0,0
City Hotel,1,40,2015,August,33,15,2,2,2,0.0,0,BB,PRT,Groups,TA/TO,0,0,0,A,A,0,No Deposit,1.0,0,Transient-Party,62.0,0,0
City Hotel,0,40,2015,August,33,15,2,2,2,0.0,0,BB,ESP,Groups,TA/TO,0,0,0,A,A,0,No Deposit,1.0,0,Transient-Party,62.0,0,0
City Hotel,1,40,2015,August,33,15,2,2,2,0.0,0,BB,PRT,Groups,TA/TO,0,0,0,A,A,0,No Deposit,1.0,0,Transient-Party,62.0,0,0
City Hotel,0,131,2015,August,33,15,2,1,2,0.0,0,HB,ITA,Offline TA/TO,TA/TO,0,0,0,A,A,0,No Deposit,17.0,0,Transient-Party,94.5,0,0
City Hotel,0,131,2015,August,33,15,2,1,2,0.0,0,HB,ITA,Offline TA/TO,TA/TO,0,0,0,A,A,0,No Deposit,17.0,0,Transient-Party,94.5,0,0
City Hotel,1,131,2015,August,33,15,2,1,2,0.0,0,HB,ITA,Offline TA/TO,TA/TO,0,0,0,A,A,0,No Deposit,17.0,0,Transient-Party,94.5,0,0
City Hotel,1,131,2015,August,33,15,2,1,2,0.0,0,HB,ITA,Offline TA/TO,TA/TO,0,0,0,A,A,0,No Deposit,17.0,0,Transient-Party,94.5,0,0
City Hotel,0,5,2015,August,33,15,2,1,2,0.0,0,HB,ITA,Offline TA/TO,TA/TO,0,0,0,A,D,0,No Deposit,17.0,0,Transient-Party,94.5,0,0
City Hotel,1,131,2015,August,33,15,2,1,2,0.0,0,HB,ITA,Offline TA/TO,TA/TO,0,0,0,A,A,0,No Deposit,17.0,0,Transient-Party,94.5,0,0
City Hotel,1,131,2015,August,33,15,2,1,2,0.0,0,HB,ITA,Offline TA/TO,TA/TO,0,0,0,A,A,0,No Deposit,17.0,0,Transient-Party,94.5,0,0
City Hotel,0,131,2015,August,33,15,2,1,2,0.0,0,HB,ITA,Offline TA/TO,TA/TO,0,0,0,A,E,0,No Deposit,17.0,0,Transient-Party,94.5,0,0
City Hotel,1,131,2015,August,33,15,2,1,2,0.0,0,HB,ITA,Offline TA/TO,TA/TO,0,0,0,A,A,0,No Deposit,17.0,0,Transient-Party,94.5,0,0
City Hotel,1,131,2015,August,33,15,2,1,2,0.0,0,HB,ITA,Offline TA/TO,TA/TO,0,0,0,A,A,0,No Deposit,17.0,0,Transient-Party,94.5,0,0
City Hotel,0,5,2015,August,33,15,2,1,2,0.0,0,HB,ITA,Offline TA/TO,TA/TO,0,0,0,A,D,0,No Deposit,17.0,0,Transient-Party,94.5,0,0
City Hotel,0,131,2015,August,33,15,2,1,2,0.0,0,HB,ITA,Offline TA/TO,TA/TO,0,0,0,A,A,2,No Deposit,17.0,0,Transient-Party,94.5,0,0
City Hotel,0,131,2015,August,33,15,2,1,2,0.0,0,HB,ITA,Offline TA/TO,TA/TO,0,0,0,A,A,0,No Deposit,17.0,0,Transient-Party,94.5,0,0
City Hotel,1,131,2015,August,33,15,2,1,2,0.0,0,HB,ITA,Offline TA/TO,TA/TO,0,0,0,A,A,0,No Deposit,17.0,0,Transient-Party,94.5,0,0
City Hotel,0,131,2015,August,33,15,2,1,2,0.0,0,HB,ITA,Offline TA/TO,TA/TO,0,0,0,A,A,0,No Deposit,17.0,0,Transient-Party,94.5,0,0
City Hotel,1,131,2015,August,33,15,2,1,2,0.0,0,HB,ITA,Offline TA/TO,TA/TO,0,0,0,A,A,0,No Deposit,17.0,0,Transient-Party,94.5,0,0
City Hotel,1,131,2015,August,33,15,2,1,2,0.0,0,HB,ITA,Offline TA/TO,TA/TO,0,0,0,A,A,0,No Deposit,17.0,0,Transient-Party,94.5,0,0
City Hotel,0,131,2015,August,33,15,2,1,2,0.0,0,HB,ITA,Offline TA/TO,TA/TO,0,0,0,A,A,0,No Deposit,17.0,0,Transient-Party,94.5,0,0
City Hotel,1,131,2015,August,33,15,2,1,2,0.0,0,HB,ITA,Offline TA/TO,TA/TO,0,0,0,A,A,0,No Deposit,17.0,0,Transient-Party,94.5,0,0
City Hotel,1,131,2015,August,33,15,2,1,2,0.0,0,HB,ITA,Offline TA/TO,TA/TO,0,0,0,A,A,0,No Deposit,17.0,0,Transient-Party,94.5,0,0
City Hotel,1,131,2015,August,33,15,2,1,2,0.0,0,HB,ITA,Offline TA/TO,TA/TO,0,0,0,A,A,0,No Deposit,17.0,0,Transient-Party,94.5,0,0
City Hotel,0,0,2015,August,33,15,2,1,2,0.0,0,BB,PRT,Online TA,TA/TO,0,0,0,A,A,0,No Deposit,9.0,0,Transient,90.0,0,0
City Hotel,1,131,2015,August,33,15,2,1,2,0.0,0,HB,ITA,Offline TA/TO,TA/TO,0,0,0,A,A,0,No Deposit,17.0,0,Transient-Party,94.5,0,0
City Hotel,1,131,2015,August,33,15,2,1,2,0.0,0,HB,ITA,Offline TA/TO,TA/TO,0,0,0,A,A,0,No Deposit,17.0,0,Transient-Party,94.5,0,0
City Hotel,0,5,2015,August,33,15,2,1,2,0.0,0,HB,ITA,Offline TA/TO,TA/TO,0,0,0,A,A,0,No Deposit,17.0,0,Transient-Party,47.25,0,0
City Hotel,0,5,2015,August,33,15,2,1,2,0.0,0,HB,ITA,Offline TA/TO,TA/TO,0,0,0,A,D,0,No Deposit,17.0,0,Transient-Party,94.5,0,0
City Hotel,0,11,2015,August,33,15,2,1,2,0.0,0,HB,ITA,Offline TA/TO,TA/TO,0,0,0,A,A,0,No Deposit,17.0,0,Transient-Party,94.5,0,0
City Hotel,0,131,2015,August,33,15,2,1,2,0.0,0,HB,ITA,Offline TA/TO,TA/TO,0,0,0,A,E,0,No Deposit,17.0,0,Transient-Party,94.5,0,0
City Hotel,0,131,2015,August,33,15,2,1,2,0.0,0,HB,ITA,Offline TA/TO,TA/TO,0,0,0,A,D,0,No Deposit,17.0,0,Transient-Party,94.5,0,0
City Hotel,1,131,2015,August,33,15,2,1,2,0.0,0,HB,ITA,Offline TA/TO,TA/TO,0,0,0,A,A,0,No Deposit,17.0,0,Transient-Party,94.5,0,0
City Hotel,0,5,2015,August,34,16,2,2,2,0.0,0,BB,PRT,Direct,Direct,0,0,0,A,A,0,No Deposit,,0,Transient,75.0,0,0
City Hotel,1,8,2015,August,34,16,1,0,2,0.0,0,BB,PRT,Online TA,TA/TO,0,0,0,A,A,1,No Deposit,9.0,0,Transient,99.0,0,1
City Hotel,0,137,2015,August,34,16,1,0,2,0.0,0,BB,GBR,Online TA,TA/TO,0,0,0,A,A,0,No Deposit,9.0,0,Transient,76.5,0,0
City Hotel,0,3,2015,August,34,16,2,0,2,0.0,0,BB,PRT,Direct,Direct,0,0,0,B,B,0,No Deposit,,0,Transient-Party,75.0,0,1
City Hotel,0,0,2015,August,34,16,2,1,2,0.0,0,BB,PRT,Direct,Direct,0,0,0,A,A,2,No Deposit,,0,Transient,124.0,0,0
City Hotel,0,1,2015,August,34,16,2,1,2,0.0,0,BB,FRA,Direct,Direct,0,0,0,D,D,1,No Deposit,14.0,0,Group,139.0,0,0
City Hotel,0,3,2015,August,34,16,2,1,2,0.0,0,BB,BEL,Direct,Direct,0,0,0,A,A,0,No Deposit,14.0,0,Transient,75.0,0,0
City Hotel,1,127,2015,August,34,16,2,1,2,0.0,0,BB,PRT,Offline TA/TO,TA/TO,0,0,0,A,A,0,No Deposit,13.0,0,Transient,63.75,0,1
City Hotel,0,1,2015,August,34,16,2,1,2,0.0,0,BB,FRA,Online TA,TA/TO,0,0,0,A,D,0,No Deposit,9.0,0,Transient,138.0,0,2
City Hotel,0,5,2015,August,34,16,2,1,2,0.0,0,BB,BEL,Online TA,TA/TO,0,0,0,A,A,0,No Deposit,9.0,0,Contract,105.0,0,2
City Hotel,0,5,2015,August,34,16,2,1,2,0.0,0,BB,BEL,Online TA,TA/TO,0,0,0,A,A,0,No Deposit,9.0,0,Contract,105.0,0,2
City Hotel,0,6,2015,August,34,16,2,1,2,0.0,0,BB,ESP,Direct,Direct,0,0,0,A,D,0,No Deposit,14.0,0,Transient,90.0,0,1
City Hotel,0,5,2015,August,34,16,2,2,2,0.0,0,SC,PRT,Online TA,TA/TO,0,0,0,A,A,0,No Deposit,9.0,0,Contract,92.25,0,0
City Hotel,1,90,2015,August,34,16,2,4,2,0.0,0,BB,PRT,Online TA,TA/TO,0,0,0,A,A,0,No Deposit,9.0,0,Transient,76.5,0,0
City Hotel,0,0,2015,August,34,17,1,0,2,0.0,0,BB,PRT,Direct,Direct,0,0,0,A,D,1,No Deposit,,0,Transient,124.0,0,0
City Hotel,0,0,2015,August,34,17,1,0,2,0.0,0,BB,AGO,Direct,Direct,0,0,0,A,A,2,No Deposit,,0,Transient,124.0,0,0
City Hotel,0,0,2015,August,34,17,1,0,2,0.0,0,SC,FRA,Online TA,TA/TO,0,0,0,D,D,1,No Deposit,9.0,0,Contract,129.0,0,0
City Hotel,0,0,2015,August,34,17,1,0,2,0.0,0,BB,ROU,Online TA,TA/TO,0,0,0,A,D,0,No Deposit,9.0,0,Contract,138.0,0,0
City Hotel,0,46,2015,August,34,17,1,1,2,0.0,0,BB,ESP,Groups,TA/TO,0,0,0,A,A,0,No Deposit,1.0,0,Transient-Party,62.0,0,0
City Hotel,0,46,2015,August,34,17,1,1,2,0.0,0,BB,ESP,Groups,TA/TO,0,0,0,A,A,0,No Deposit,1.0,0,Transient-Party,62.0,0,0
City Hotel,0,46,2015,August,34,17,1,1,2,0.0,0,BB,ESP,Groups,TA/TO,0,0,0,A,A,0,No Deposit,1.0,0,Transient-Party,62.0,0,0
City Hotel,0,46,2015,August,34,17,1,1,2,0.0,0,BB,ESP,Groups,TA/TO,0,0,0,A,A,0,No Deposit,1.0,0,Transient-Party,62.0,0,0
City Hotel,0,46,2015,August,34,17,1,1,2,0.0,0,BB,ESP,Groups,TA/TO,0,0,0,A,A,0,No Deposit,1.0,0,Transient-Party,62.0,0,0
City Hotel,0,46,2015,August,34,17,1,1,2,0.0,0,BB,ESP,Groups,TA/TO,0,0,0,A,D,0,No Deposit,1.0,0,Transient-Party,62.0,0,1
City Hotel,0,46,2015,August,34,17,1,1,2,0.0,0,BB,ESP,Groups,TA/TO,0,0,0,A,A,0,No Deposit,1.0,0,Transient-Party,62.0,0,1
City Hotel,0,46,2015,August,34,17,1,1,2,0.0,0,BB,ESP,Groups,TA/TO,0,0,0,A,A,0,No Deposit,1.0,0,Transient-Party,62.0,0,1
City Hotel,0,46,2015,August,34,17,1,1,2,0.0,0,BB,ESP,Groups,TA/TO,0,0,0,A,A,0,No Deposit,1.0,0,Transient-Party,62.0,0,0
City Hotel,0,46,2015,August,34,17,1,1,2,0.0,0,BB,ESP,Groups,TA/TO,0,0,0,A,A,0,No Deposit,1.0,0,Transient-Party,62.0,0,0
City Hotel,0,46,2015,August,34,17,1,1,2,0.0,0,BB,ESP,Groups,TA/TO,0,0,0,A,A,0,No Deposit,1.0,0,Transient-Party,62.0,0,0
City Hotel,0,46,2015,August,34,17,1,1,2,0.0,0,BB,ESP,Groups,TA/TO,0,0,0,A,A,0,No Deposit,1.0,0,Transient-Party,62.0,0,0
City Hotel,0,5,2015,August,34,17,1,1,2,0.0,0,BB,ESP,Direct,Direct,0,0,0,A,A,0,No Deposit,,0,Transient,75.0,0,0
City Hotel,0,46,2015,August,34,17,1,1,2,0.0,0,BB,ESP,Groups,TA/TO,0,0,0,A,A,0,No Deposit,1.0,0,Transient-Party,62.0,0,1
City Hotel,0,92,2015,August,34,17,1,1,2,0.0,0,BB,ESP,Online TA,TA/TO,0,0,0,A,A,0,No Deposit,9.0,0,Transient,85.5,1,0
City Hotel,0,46,2015,August,34,17,1,1,2,0.0,0,BB,ESP,Groups,TA/TO,0,0,0,A,D,0,No Deposit,1.0,0,Transient-Party,62.0,0,1
City Hotel,0,46,2015,August,34,17,1,1,2,0.0,0,BB,ESP,Groups,TA/TO,0,0,0,A,A,0,No Deposit,1.0,0,Transient-Party,62.0,0,0
City Hotel,0,46,2015,August,34,17,1,1,2,0.0,0,BB,ESP,Groups,TA/TO,0,0,0,A,A,0,No Deposit,1.0,0,Transient-Party,62.0,0,1
City Hotel,0,46,2015,August,34,17,1,1,2,0.0,0,BB,ESP,Groups,TA/TO,0,0,0,A,A,0,No Deposit,1.0,0,Transient-Party,62.0,0,0
City Hotel,0,2,2015,August,34,17,1,2,2,0.0,0,BB,PRT,Online TA,TA/TO,0,0,0,A,A,2,No Deposit,9.0,0,Transient,127.33,0,1
City Hotel,0,6,2015,August,34,17,1,2,2,0.0,0,BB,PRT,Online TA,TA/TO,0,0,0,A,A,0,No Deposit,9.0,0,Contract,100.0,0,2
City Hotel,1,6,2015,August,34,17,1,2,2,0.0,0,BB,PRT,Direct,Direct,0,0,0,A,D,1,No Deposit,14.0,0,Transient,75.0,0,2
City Hotel,0,7,2015,August,34,17,1,2,2,0.0,0,BB,ESP,Online TA,TA/TO,0,0,0,A,A,0,No Deposit,9.0,0,Transient,90.0,0,1
City Hotel,0,112,2015,August,34,17,1,2,2,0.0,0,BB,ITA,Online TA,TA/TO,0,0,0,A,A,0,No Deposit,9.0,0,Transient,76.5,0,1
City Hotel,1,3,2015,August,34,17,1,2,2,0.0,0,BB,PRT,Corporate,Corporate,0,0,0,A,A,0,No Deposit,,0,Transient,120.0,0,0
City Hotel,1,3,2015,August,34,17,1,2,2,0.0,0,BB,PRT,Corporate,Corporate,0,0,0,A,A,0,No Deposit,,0,Transient,120.0,0,0
City Hotel,0,2,2015,August,34,17,1,3,2,0.0,0,BB,CHN,Online TA,TA/TO,0,0,0,A,A,0,No Deposit,9.0,0,Transient,122.0,0,2
City Hotel,0,7,2015,August,34,17,1,3,2,0.0,0,BB,PRT,Direct,Direct,0,0,0,A,A,0,No Deposit,14.0,0,Transient,75.0,0,0
City Hotel,0,46,2015,August,34,17,1,3,2,0.0,0,BB,ESP,Groups,TA/TO,0,0,0,A,A,1,No Deposit,1.0,0,Transient-Party,62.0,0,1
City Hotel,1,3,2015,August,34,17,1,3,2,0.0,0,BB,PRT,Corporate,Corporate,0,0,0,A,A,0,No Deposit,,0,Transient,130.0,0,0
City Hotel,0,4,2015,August,34,17,1,3,2,0.0,0,BB,ESP,Online TA,TA/TO,0,0,0,A,A,0,No Deposit,9.0,0,Contract,122.0,0,3
City Hotel,0,4,2015,August,34,17,1,3,2,0.0,0,BB,ESP,Online TA,TA/TO,0,0,0,A,D,0,No Deposit,9.0,0,Contract,122.0,0,3
City Hotel,0,2,2015,August,34,17,1,3,2,0.0,0,BB,ESP,Online TA,TA/TO,0,0,0,A,A,0,No Deposit,9.0,0,Transient,122.0,0,2
City Hotel,0,4,2015,August,34,17,1,3,2,0.0,0,BB,ESP,Online TA,TA/TO,0,0,0,A,A,0,No Deposit,9.0,0,Contract,122.0,0,3
City Hotel,1,3,2015,August,34,17,1,3,2,0.0,0,BB,PRT,Corporate,Corporate,0,0,0,A,A,0,No Deposit,,0,Transient,99.0,0,0
City Hotel,1,10,2015,August,34,17,1,3,2,0.0,0,BB,PRT,Online TA,TA/TO,0,0,0,A,A,0,No Deposit,9.0,0,Transient,99.0,0,1
City Hotel,0,137,2015,August,34,17,1,4,2,0.0,0,HB,FRA,Offline TA/TO,TA/TO,0,0,0,A,A,0,No Deposit,13.0,0,Transient,83.47,0,0
City Hotel,1,3,2015,August,34,17,1,4,2,0.0,0,BB,PRT,Corporate,Corporate,0,0,0,A,A,0,No Deposit,,0,Transient,119.0,0,0
City Hotel,1,11,2015,August,34,17,1,4,2,0.0,0,BB,PRT,Online TA,TA/TO,0,0,0,A,A,0,No Deposit,9.0,0,Contract,90.0,0,2
City Hotel,0,5,2015,August,34,17,1,5,2,0.0,0,BB,ESP,Direct,Direct,0,0,0,B,B,0,No Deposit,14.0,0,Transient,75.0,1,1
City Hotel,1,3,2015,August,34,17,1,5,2,0.0,0,BB,PRT,Corporate,Corporate,0,0,0,A,A,0,No Deposit,,0,Transient,79.2,0,0
City Hotel,0,5,2015,August,34,17,1,5,2,0.0,0,BB,ESP,Direct,Direct,0,0,0,B,B,0,No Deposit,14.0,0,Transient,75.0,0,1
City Hotel,1,3,2015,August,34,17,2,5,2,0.0,0,BB,PRT,Corporate,Corporate,0,0,0,A,A,0,No Deposit,,0,Transient,136.0,0,0
City Hotel,0,4,2015,August,34,17,2,5,2,0.0,0,BB,ESP,Direct,Direct,0,0,0,A,A,0,No Deposit,,0,Transient,75.0,0,0
City Hotel,0,4,2015,August,34,17,2,5,2,0.0,0,BB,ESP,Direct,Direct,0,0,0,A,A,0,No Deposit,,0,Transient,75.0,0,0
City Hotel,1,3,2015,August,34,17,2,5,2,0.0,0,BB,PRT,Corporate,Corporate,0,0,0,A,A,0,No Deposit,,0,Transient,79.2,0,0
City Hotel,0,0,2015,August,34,17,1,1,2,0.0,0,BB,ESP,Corporate,Direct,0,0,0,A,D,2,No Deposit,,0,Transient,72.0,0,0
City Hotel,0,46,2015,August,34,17,1,1,2,0.0,0,BB,ESP,Groups,TA/TO,0,0,0,A,A,0,No Deposit,1.0,0,Transient-Party,62.0,0,1
City Hotel,0,46,2015,August,34,17,1,1,2,0.0,0,BB,ESP,Groups,TA/TO,0,0,0,A,A,0,No Deposit,1.0,0,Transient-Party,62.0,0,0
City Hotel,0,46,2015,August,34,17,1,1,2,0.0,0,BB,ESP,Groups,TA/TO,0,0,0,A,A,0,No Deposit,1.0,0,Transient-Party,62.0,0,0
City Hotel,0,46,2015,August,34,17,1,1,2,0.0,0,BB,ESP,Groups,TA/TO,0,0,0,A,A,0,No Deposit,1.0,0,Transient-Party,62.0,0,0
City Hotel,0,46,2015,August,34,17,1,1,2,0.0,0,BB,ESP,Groups,TA/TO,0,0,0,A,A,0,No Deposit,1.0,0,Transient-Party,62.0,0,0
City Hotel,0,46,2015,August,34,17,1,1,2,0.0,0,BB,ESP,Groups,TA/TO,0,0,0,A,A,0,No Deposit,1.0,0,Transient-Party,62.0,0,0
City Hotel,1,1,2015,August,34,18,0,1,2,0.0,0,BB,PRT,Direct,Direct,0,0,0,A,A,0,No Deposit,,0,Transient,114.0,0,0
City Hotel,0,0,2015,August,34,18,0,1,2,0.0,0,SC,PRT,Online TA,TA/TO,0,0,0,D,D,0,No Deposit,9.0,0,Contract,129.0,0,0
City Hotel,0,0,2015,August,34,18,0,1,2,0.0,0,BB,PRT,Direct,Direct,0,0,0,A,A,0,No Deposit,,0,Transient,129.0,0,0
City Hotel,0,0,2015,August,34,18,0,1,2,0.0,0,BB,PRT,Direct,Direct,0,0,0,A,A,0,No Deposit,,0,Transient,124.0,0,0
City Hotel,1,1,2015,August,34,18,0,1,2,0.0,0,BB,PRT,Direct,Direct,0,0,0,A,A,0,No Deposit,,0,Transient,114.0,0,0
City Hotel,0,0,2015,August,34,18,0,1,2,0.0,0,BB,PRT,Direct,Direct,0,0,0,A,A,0,No Deposit,,0,Transient,75.0,0,0
City Hotel,0,0,2015,August,34,18,0,1,2,0.0,0,BB,PRT,Direct,Direct,0,0,0,A,A,0,No Deposit,,0,Transient,124.0,0,0
City Hotel,0,0,2015,August,34,18,0,1,2,0.0,0,BB,PRT,Direct,Direct,0,0,0,A,A,0,No Deposit,,0,Transient,129.0,0,0
City Hotel,1,1,2015,August,34,18,0,1,2,0.0,0,BB,PRT,Direct,Direct,0,0,0,A,A,0,No Deposit,,0,Transient,114.0,0,0
City Hotel,0,0,2015,August,34,18,0,1,2,0.0,0,BB,ROU,Online TA,Direct,0,0,0,A,D,0,No Deposit,,0,Transient,124.0,0,0
City Hotel,0,0,2015,August,34,18,0,1,2,0.0,0,BB,PRT,Direct,Direct,0,0,0,A,A,0,No Deposit,,0,Transient,124.0,0,0
City Hotel,0,14,2015,August,34,18,0,2,2,0.0,0,SC,NLD,Online TA,TA/TO,0,0,0,A,A,0,No Deposit,9.0,0,Contract,80.0,0,1
City Hotel,1,11,2015,August,34,18,0,2,2,0.0,0,BB,PRT,Corporate,Corporate,0,0,0,A,A,1,Non Refund,,0,Transient,75.0,0,0
City Hotel,1,11,2015,August,34,18,0,2,2,0.0,0,BB,PRT,Corporate,Corporate,0,0,0,A,A,1,Non Refund,,0,Transient,75.0,0,0
City Hotel,1,11,2015,August,34,18,0,2,2,0.0,0,BB,PRT,Corporate,Corporate,0,0,0,A,A,1,Non Refund,,0,Transient,75.0,0,0
City Hotel,0,11,2015,August,34,18,0,2,2,0.0,0,BB,PRT,Online TA,TA/TO,0,0,0,A,A,0,No Deposit,9.0,0,Contract,90.0,0,1
City Hotel,0,1,2015,August,34,18,0,4,2,0.0,0,HB,ITA,Offline TA/TO,TA/TO,0,0,0,A,A,0,No Deposit,17.0,0,Transient,109.8,0,0
City Hotel,0,4,2015,August,34,18,0,4,2,0.0,0,BB,PRT,Online TA,TA/TO,0,0,0,A,B,1,No Deposit,9.0,0,Contract,90.5,0,2
City Hotel,0,15,2015,August,34,18,0,4,2,0.0,0,BB,DEU,Offline TA/TO,TA/TO,0,0,0,A,A,0,No Deposit,27.0,0,Transient,75.0,0,0
City Hotel,0,6,2015,August,34,18,0,4,2,0.0,0,BB,ESP,Groups,TA/TO,0,0,0,A,A,0,No Deposit,1.0,0,Transient,75.0,0,1
City Hotel,1,7,2015,August,34,18,0,4,2,0.0,0,BB,MOZ,Direct,Direct,0,0,0,A,A,1,No Deposit,,0,Transient,75.0,0,0
City Hotel,0,10,2015,August,34,18,0,5,2,0.0,0,BB,ESP,Online TA,TA/TO,0,0,0,A,A,1,No Deposit,9.0,0,Transient,90.0,0,1
City Hotel,0,8,2015,August,34,18,0,5,2,0.0,0,BB,ESP,Online TA,TA/TO,0,0,0,A,A,0,No Deposit,9.0,0,Transient,93.0,1,1
City Hotel,0,10,2015,August,34,18,0,5,2,0.0,0,BB,PRT,Online TA,TA/TO,0,0,0,A,D,1,No Deposit,9.0,0,Transient,90.0,0,2
City Hotel,0,14,2015,August,34,18,1,5,2,0.0,0,BB,NLD,Direct,Direct,0,0,0,A,A,0,No Deposit,14.0,0,Transient,75.0,0,0
City Hotel,0,8,2015,August,34,18,1,5,2,0.0,0,BB,CN,Online TA,TA/TO,0,0,0,A,A,0,No Deposit,9.0,0,Contract,90.0,0,1
City Hotel,0,4,2015,August,34,18,2,10,2,0.0,0,BB,AGO,Online TA,TA/TO,0,0,0,A,E,0,No Deposit,9.0,0,Contract,99.33,0,0
City Hotel,1,5,2015,August,34,18,3,10,2,0.0,0,BB,PRT,Online TA,TA/TO,0,0,0,A,D,0,No Deposit,9.0,0,Contract,98.62,0,2
City Hotel,0,3,2015,August,34,18,0,2,2,0.0,0,BB,FRA,Online TA,TA/TO,0,0,0,A,A,0,No Deposit,9.0,0,Transient,122.0,0,2
City Hotel,1,13,2015,August,34,18,0,2,2,0.0,0,BB,PRT,Online TA,TA/TO,0,0,0,A,A,0,No Deposit,9.0,0,Contract,90.0,0,2
City Hotel,0,6,2015,August,34,18,0,3,2,0.0,0,BB,ESP,Direct,Direct,0,0,0,A,E,0,No Deposit,14.0,0,Transient,75.0,0,2
City Hotel,0,8,2015,August,34,18,0,3,2,0.0,0,BB,ESP,Online TA,TA/TO,0,0,0,A,A,0,No Deposit,9.0,0,Transient,95.0,0,2
City Hotel,1,104,2015,August,34,18,0,3,2,0.0,0,BB,PRT,Online TA,TA/TO,0,0,0,A,A,0,No Deposit,9.0,0,Transient,76.5,0,0
City Hotel,0,6,2015,August,34,18,0,3,2,0.0,0,BB,ESP,Direct,Direct,0,0,0,A,D,0,No Deposit,14.0,0,Transient,75.0,0,2
City Hotel,0,10,2015,August,34,18,0,3,2,0.0,0,SC,FRA,Online TA,TA/TO,0,0,0,A,A,0,No Deposit,9.0,0,Transient,81.0,0,2
City Hotel,0,6,2015,August,34,18,0,3,2,0.0,0,BB,PRT,Direct,Direct,0,0,0,A,D,0,No Deposit,14.0,0,Transient,75.0,0,2
City Hotel,1,11,2015,August,34,18,0,2,2,0.0,0,BB,PRT,Corporate,Corporate,0,0,0,A,A,1,Non Refund,,0,Transient,75.0,0,0
City Hotel,0,6,2015,August,34,19,0,3,2,0.0,0,BB,BEL,Direct,Direct,0,0,0,D,D,0,No Deposit,14.0,0,Transient,79.0,0,0
City Hotel,0,8,2015,August,34,19,0,3,2,0.0,0,SC,FRA,Online TA,TA/TO,0,0,0,A,A,0,No Deposit,9.0,0,Contract,81.0,0,2
City Hotel,0,9,2015,August,34,19,0,3,2,0.0,0,BB,FRA,Online TA,TA/TO,0,0,0,A,A,0,No Deposit,9.0,0,Transient,81.0,0,1
City Hotel,0,97,2015,August,34,19,0,3,2,0.0,0,BB,FRA,Online TA,TA/TO,0,0,0,A,A,0,No Deposit,9.0,0,Transient,76.5,0,0
City Hotel,1,135,2015,August,34,19,0,4,2,0.0,0,SC,PRT,Online TA,TA/TO,0,0,0,A,A,0,No Deposit,11.0,0,Transient,55.08,0,0
City Hotel,0,6,2015,August,34,19,0,4,2,0.0,0,BB,PRT,Online TA,TA/TO,0,0,0,A,A,0,No Deposit,9.0,0,Contract,106.0,0,2
City Hotel,0,9,2015,August,34,19,0,4,2,0.0,0,BB,NOR,Online TA,TA/TO,0,0,0,A,A,0,No Deposit,9.0,0,Contract,90.0,0,1
City Hotel,0,7,2015,August,34,19,1,4,2,0.0,0,BB,ESP,Direct,Direct,0,0,0,A,B,0,No Deposit,,0,Transient,67.0,0,0
City Hotel,0,7,2015,August,34,19,1,4,2,0.0,0,BB,ESP,Direct,Direct,0,0,0,A,B,1,No Deposit,,0,Transient,75.0,0,0
City Hotel,0,2,2015,August,34,19,1,4,2,0.0,0,BB,PRT,Online TA,TA/TO,0,0,0,A,A,0,No Deposit,9.0,0,Contract,102.8,0,1
City Hotel,0,4,2015,August,34,19,1,4,2,0.0,0,BB,FRA,Direct,Direct,0,0,0,E,E,1,No Deposit,14.0,0,Group,89.0,0,0
City Hotel,0,4,2015,August,34,19,0,2,2,0.0,0,BB,GBR,Online TA,TA/TO,0,0,0,A,A,0,No Deposit,9.0,0,Transient,106.0,0,2
City Hotel,0,7,2015,August,34,19,0,2,2,0.0,0,BB,PRT,Corporate,Corporate,0,0,0,A,A,2,No Deposit,,0,Transient,65.0,0,0
City Hotel,0,0,2015,August,34,19,0,2,2,0.0,0,SC,ESP,Online TA,TA/TO,0,0,0,A,A,0,No Deposit,9.0,0,Contract,97.0,0,1
City Hotel,0,4,2015,August,34,19,0,2,2,0.0,0,BB,RUS,Online TA,TA/TO,0,0,0,A,A,0,No Deposit,9.0,0,Transient,106.0,0,1
City Hotel,0,9,2015,August,34,19,0,2,2,0.0,0,BB,FIN,Direct,Direct,0,0,0,A,A,1,No Deposit,14.0,0,Transient,75.0,0,0
City Hotel,0,6,2015,August,34,19,2,4,2,0.0,0,BB,HRV,Online TA,TA/TO,0,0,0,A,A,0,No Deposit,9.0,0,Contract,100.67,0,2
City Hotel,0,9,2015,August,34,19,2,5,2,0.0,0,BB,DEU,Direct,Direct,0,0,0,A,A,0,No Deposit,14.0,0,Transient,75.0,0,0
City Hotel,0,2,2015,August,34,19,2,5,2,0.0,0,BB,BEL,Online TA,TA/TO,0,0,0,A,A,0,No Deposit,9.0,0,Contract,99.14,0,0
City Hotel,0,0,2015,August,34,19,3,9,2,0.0,0,BB,AGO,Online TA,TA/TO,0,0,0,A,D,2,No Deposit,,0,Contract,106.84,0,2
City Hotel,0,0,2015,August,34,19,4,9,2,0.0,0,SC,AGO,Online TA,TA/TO,0,0,0,A,D,0,No Deposit,9.0,0,Contract,85.92,0,1
City Hotel,0,0,2015,August,34,19,0,1,2,0.0,0,BB,PRT,Direct,Direct,0,0,0,A,A,0,No Deposit,,0,Transient,124.0,0,0
City Hotel,0,97,2015,August,34,19,0,1,2,0.0,0,BB,ITA,Online TA,TA/TO,0,0,0,A,A,0,No Deposit,9.0,0,Transient,76.5,0,1
City Hotel,0,0,2015,August,34,19,0,1,2,0.0,0,BB,FRA,Online TA,TA/TO,0,0,0,A,A,0,No Deposit,9.0,0,Contract,106.0,0,2
City Hotel,0,0,2015,August,34,19,0,1,2,0.0,0,BB,FRA,Online TA,TA/TO,0,0,0,A,A,0,No Deposit,9.0,0,Contract,106.0,0,2
City Hotel,0,0,2015,August,34,19,0,1,2,0.0,0,BB,FRA,Online TA,TA/TO,0,0,0,A,A,0,No Deposit,9.0,0,Contract,106.0,0,2
City Hotel,0,5,2015,August,34,20,0,1,2,0.0,0,BB,PRT,Online TA,TA/TO,0,0,0,A,A,0,No Deposit,9.0,0,Transient,105.0,0,2
City Hotel,0,1,2015,August,34,20,0,1,2,0.0,0,BB,PRT,Direct,Direct,0,0,0,A,A,0,No Deposit,14.0,0,Transient,75.0,0,2
City Hotel,0,0,2015,August,34,20,0,1,2,0.0,0,BB,PRT,Direct,Direct,0,0,0,A,A,0,No Deposit,,0,Transient,124.0,0,0
City Hotel,1,118,2015,August,34,20,0,1,2,0.0,0,BB,PRT,Offline TA/TO,TA/TO,0,0,0,A,A,0,No Deposit,27.0,0,Transient,63.75,0,0
City Hotel,0,134,2015,August,34,20,0,1,2,0.0,0,BB,PRT,Offline TA/TO,TA/TO,0,0,0,A,E,0,No Deposit,27.0,0,Transient,63.75,0,1
City Hotel,0,0,2015,August,34,20,0,1,2,0.0,0,BB,STP,Direct,Direct,0,0,0,A,A,0,No Deposit,,0,Transient,124.0,0,3
City Hotel,0,0,2015,August,34,20,0,1,2,0.0,0,BB,PRT,Direct,Direct,0,0,0,A,A,0,No Deposit,,0,Transient,124.0,0,0
City Hotel,0,10,2015,August,34,20,0,2,2,0.0,0,SC,FRA,Online TA,TA/TO,0,0,0,A,A,0,No Deposit,9.0,0,Contract,90.0,1,2
City Hotel,1,3,2015,August,34,20,0,2,2,0.0,0,BB,PRT,Direct,Direct,0,0,0,A,A,0,No Deposit,,0,Transient,75.0,0,1
City Hotel,0,9,2015,August,34,20,0,2,2,0.0,0,BB,PRT,Online TA,TA/TO,0,0,0,A,D,0,No Deposit,9.0,0,Contract,99.0,1,3
City Hotel,1,1,2015,August,34,20,0,2,2,0.0,0,BB,PRT,Online TA,TA/TO,0,0,0,A,A,0,No Deposit,9.0,0,Contract,106.0,0,3
City Hotel,1,1,2015,August,34,20,0,2,2,0.0,0,BB,PRT,Online TA,TA/TO,0,0,0,A,A,0,No Deposit,9.0,0,Contract,106.0,0,3
City Hotel,0,1,2015,August,34,20,0,2,2,0.0,0,BB,DEU,Online TA,TA/TO,0,0,0,A,A,0,No Deposit,9.0,0,Contract,106.0,0,2
City Hotel,0,13,2015,August,34,20,0,3,2,0.0,0,BB,PRT,Online TA,TA/TO,0,0,0,A,A,0,No Deposit,9.0,0,Contract,90.0,0,2
City Hotel,0,10,2015,August,34,20,0,3,2,0.0,0,BB,ITA,Direct,Direct,0,0,0,A,A,0,No Deposit,14.0,0,Transient,75.0,0,0
City Hotel,0,10,2015,August,34,20,1,3,2,0.0,0,SC,PRT,Online TA,TA/TO,0,0,0,A,D,1,No Deposit,9.0,0,Transient,106.5,0,2
City Hotel,0,10,2015,August,34,20,1,3,2,0.0,0,BB,PRT,Direct,Direct,0,0,0,A,A,1,No Deposit,14.0,0,Transient,75.0,0,1
City Hotel,0,6,2015,August,34,20,2,4,2,0.0,0,BB,ITA,Online TA,TA/TO,0,0,0,A,A,0,No Deposit,9.0,0,Transient,98.0,0,1
City Hotel,0,120,2015,August,34,20,2,5,2,0.0,0,HB,PRT,Offline TA/TO,TA/TO,0,0,0,A,A,0,No Deposit,13.0,0,Transient-Party,88.38,0,2
City Hotel,0,0,2015,August,34,20,2,5,2,0.0,0,BB,POL,Direct,Direct,0,0,0,A,A,1,No Deposit,,0,Transient,96.0,0,0
City Hotel,0,5,2015,August,34,20,3,8,2,0.0,0,BB,PRT,Direct,Direct,0,0,0,A,A,0,No Deposit,14.0,0,Transient,75.0,0,0
City Hotel,0,22,2015,August,34,21,0,1,2,0.0,0,BB,ITA,Offline TA/TO,TA/TO,0,0,0,A,A,2,No Deposit,17.0,0,Transient-Party,75.0,0,0
City Hotel,0,0,2015,August,34,21,0,1,2,0.0,0,BB,AGO,Direct,Direct,0,0,0,D,A,0,No Deposit,,0,Transient,115.0,0,0
City Hotel,0,22,2015,August,34,21,0,1,2,0.0,0,BB,ITA,Offline TA/TO,TA/TO,0,0,0,A,A,1,No Deposit,17.0,0,Transient-Party,75.0,0,0
City Hotel,0,10,2015,August,34,21,0,1,2,0.0,0,BB,PRT,Complementary,Direct,0,0,0,D,D,0,No Deposit,,0,Transient,0.0,0,2
City Hotel,0,2,2015,August,34,21,0,2,2,0.0,0,BB,POL,Online TA,TA/TO,0,0,0,A,A,0,No Deposit,9.0,0,Contract,106.0,0,2
City Hotel,0,4,2015,August,34,21,0,2,2,0.0,0,BB,PRT,Online TA,TA/TO,0,0,0,A,A,0,No Deposit,9.0,0,Contract,106.0,0,1
City Hotel,0,4,2015,August,34,21,0,2,2,0.0,0,BB,ESP,Online TA,TA/TO,0,0,0,A,A,0,No Deposit,9.0,0,Contract,106.0,0,1
City Hotel,0,3,2015,August,34,21,0,2,2,0.0,0,BB,FRA,Online TA,TA/TO,0,0,0,A,A,0,No Deposit,9.0,0,Contract,106.0,0,2
City Hotel,0,102,2015,August,34,21,0,2,2,0.0,0,BB,PRT,Online TA,TA/TO,0,0,0,A,A,0,No Deposit,9.0,0,Transient,76.5,0,1
City Hotel,1,107,2015,August,34,21,1,2,2,0.0,0,BB,PRT,Online TA,TA/TO,0,0,0,A,A,0,No Deposit,9.0,0,Transient,76.5,0,1
City Hotel,0,2,2015,August,34,21,1,2,2,0.0,0,BB,ESP,Online TA,TA/TO,0,0,0,A,A,0,No Deposit,9.0,0,Contract,100.67,0,2
City Hotel,1,0,2015,August,34,21,1,2,2,0.0,0,BB,PRT,Online TA,TA/TO,0,0,0,A,A,0,No Deposit,9.0,0,Transient,124.0,0,0
City Hotel,0,1,2015,August,34,21,1,2,2,0.0,0,BB,ESP,Online TA,TA/TO,0,0,0,A,E,0,No Deposit,9.0,0,Transient,90.0,0,0
City Hotel,1,0,2015,August,34,21,1,2,2,0.0,0,BB,PRT,Online TA,TA/TO,0,0,0,A,A,0,No Deposit,9.0,0,Transient,124.0,0,0
City Hotel,0,11,2015,August,34,21,1,2,2,0.0,0,BB,POL,Online TA,TA/TO,0,0,0,A,A,0,No Deposit,9.0,0,Contract,90.0,0,0
City Hotel,1,0,2015,August,34,21,1,2,2,0.0,0,BB,PRT,Online TA,TA/TO,0,0,0,A,E,0,No Deposit,9.0,0,Transient,90.0,0,0
City Hotel,1,0,2015,August,34,21,1,2,2,0.0,0,BB,PRT,Online TA,TA/TO,0,0,0,A,A,0,No Deposit,9.0,0,Transient,124.0,0,0
City Hotel,0,2,2015,August,34,21,1,2,2,0.0,0,BB,RUS,Online TA,TA/TO,0,0,0,A,A,0,No Deposit,9.0,0,Contract,100.67,0,2
City Hotel,0,43,2015,August,34,21,2,2,2,0.0,0,HB,ITA,Groups,TA/TO,0,0,0,A,D,1,No Deposit,1.0,0,Transient-Party,80.25,0,0
City Hotel,0,2,2015,August,34,21,2,2,2,0.0,0,BB,ESP,Direct,Direct,0,0,0,D,D,0,No Deposit,14.0,0,Transient,79.0,0,0
City Hotel,0,2,2015,August,34,21,2,2,2,0.0,0,SC,MEX,Online TA,TA/TO,0,0,0,A,A,0,No Deposit,9.0,0,Contract,89.0,0,2
City Hotel,0,43,2015,August,34,21,2,2,2,0.0,0,HB,ITA,Groups,TA/TO,0,0,0,A,A,1,No Deposit,1.0,0,Transient-Party,80.25,0,0
City Hotel,0,151,2015,August,34,21,2,3,2,0.0,0,BB,DEU,Online TA,TA/TO,0,0,0,A,A,0,No Deposit,9.0,0,Transient-Party,76.5,0,2
City Hotel,0,151,2015,August,34,21,2,3,2,0.0,0,BB,DEU,Online TA,TA/TO,0,0,0,A,A,0,No Deposit,9.0,0,Transient-Party,76.5,0,2
City Hotel,1,99,2015,August,34,21,2,5,2,0.0,0,BB,PRT,Online TA,TA/TO,0,0,0,A,A,0,No Deposit,9.0,0,Transient,76.5,0,0
City Hotel,0,8,2015,August,34,21,2,5,2,0.0,0,BB,FRA,Online TA,TA/TO,0,0,0,A,A,0,No Deposit,9.0,0,Transient,85.57,0,0
City Hotel,0,14,2015,August,34,21,4,11,2,0.0,0,BB,PRT,Online TA,TA/TO,0,0,0,A,A,0,No Deposit,9.0,0,Contract,94.0,0,3
City Hotel,0,6,2015,August,34,21,2,3,2,0.0,0,BB,ESP,Online TA,TA/TO,0,0,0,A,A,0,No Deposit,9.0,0,Transient,96.4,0,0
City Hotel,1,138,2015,August,34,22,2,1,2,0.0,0,HB,ITA,Offline TA/TO,TA/TO,0,0,0,A,A,0,No Deposit,17.0,0,Transient-Party,94.5,0,0
City Hotel,1,17,2015,August,34,22,2,1,2,0.0,0,HB,PRT,Groups,TA/TO,0,0,0,A,A,0,No Deposit,1.0,0,Transient-Party,35.2,0,0
City Hotel,1,44,2015,August,34,22,2,1,2,0.0,0,HB,PRT,Groups,TA/TO,0,0,0,A,A,0,No Deposit,1.0,0,Transient-Party,86.0,0,0
City Hotel,0,138,2015,August,34,22,2,1,2,0.0,0,HB,ITA,Offline TA/TO,TA/TO,0,0,0,A,D,0,No Deposit,17.0,0,Transient-Party,94.5,0,0
City Hotel,1,138,2015,August,34,22,2,1,2,0.0,0,HB,ITA,Offline TA/TO,TA/TO,0,0,0,A,A,0,No Deposit,17.0,0,Transient-Party,94.5,0,0
City Hotel,0,138,2015,August,34,22,2,1,2,0.0,0,HB,ITA,Offline TA/TO,TA/TO,0,0,0,A,A,0,No Deposit,17.0,0,Transient-Party,94.5,0,0
City Hotel,0,138,2015,August,34,22,2,1,2,0.0,0,HB,ITA,Offline TA/TO,TA/TO,0,0,0,A,A,0,No Deposit,17.0,0,Transient-Party,47.25,0,0
City Hotel,1,138,2015,August,34,22,2,1,2,0.0,0,HB,ITA,Offline TA/TO,TA/TO,0,0,0,A,A,0,No Deposit,17.0,0,Transient-Party,94.5,0,0
City Hotel,1,138,2015,August,34,22,2,1,2,0.0,0,HB,ITA,Offline TA/TO,TA/TO,0,0,0,A,A,0,No Deposit,17.0,0,Transient-Party,94.5,0,0
City Hotel,0,18,2015,August,34,22,0,1,2,0.0,0,BB,PRT,Direct,Direct,0,0,0,A,A,0,No Deposit,14.0,0,Transient,75.0,0,1
City Hotel,1,117,2015,August,34,22,0,1,2,0.0,0,BB,PRT,Online TA,TA/TO,0,0,0,A,A,0,No Deposit,9.0,0,Transient,76.5,0,0
City Hotel,0,18,2015,August,34,22,0,1,2,0.0,0,BB,PRT,Direct,Direct,0,0,0,A,A,0,No Deposit,14.0,0,Transient,75.0,0,1
City Hotel,0,12,2015,August,34,22,0,1,2,0.0,0,SC,DEU,Online TA,TA/TO,0,0,0,A,A,2,No Deposit,9.0,0,Transient,81.0,0,0
City Hotel,1,113,2015,August,34,22,0,1,2,0.0,0,BB,PRT,Online TA,TA/TO,0,0,0,A,A,0,No Deposit,9.0,0,Transient-Party,76.5,0,1
City Hotel,0,4,2015,August,34,22,0,1,2,0.0,0,BB,PRT,Direct,Direct,0,0,0,D,D,0,No Deposit,,0,Transient,79.0,0,1
City Hotel,1,113,2015,August,34,22,0,1,2,0.0,0,BB,PRT,Online TA,TA/TO,0,0,0,A,A,0,No Deposit,9.0,0,Transient-Party,76.5,0,2
City Hotel,1,5,2015,August,34,22,1,1,2,0.0,0,BB,PRT,Direct,Direct,0,0,0,A,A,0,No Deposit,14.0,0,Contract,75.0,0,0
City Hotel,0,0,2015,August,34,22,1,1,2,0.0,0,SC,NLD,Online TA,TA/TO,0,0,0,A,A,0,No Deposit,9.0,0,Transient,98.0,0,1
City Hotel,0,5,2015,August,34,22,1,1,2,0.0,0,BB,ITA,Direct,Direct,0,0,0,A,A,0,No Deposit,14.0,0,Transient,75.0,0,0
City Hotel,1,3,2015,August,34,22,1,1,2,0.0,0,BB,PRT,Online TA,TA/TO,0,0,0,A,A,0,No Deposit,9.0,0,Contract,98.0,0,2
City Hotel,0,44,2015,August,34,22,2,1,2,0.0,0,HB,PRT,Groups,TA/TO,0,0,0,A,A,0,No Deposit,1.0,0,Transient-Party,86.0,0,0
City Hotel,1,138,2015,August,34,22,2,1,2,0.0,0,HB,ITA,Offline TA/TO,TA/TO,0,0,0,A,A,0,No Deposit,17.0,0,Transient-Party,94.5,0,0
City Hotel,1,138,2015,August,34,22,2,1,2,0.0,0,HB,ITA,Offline TA/TO,TA/TO,0,0,0,A,A,0,No Deposit,17.0,0,Transient-Party,94.5,0,0
City Hotel,1,138,2015,August,34,22,2,1,2,0.0,0,HB,ITA,Offline TA/TO,TA/TO,0,0,0,A,A,0,No Deposit,17.0,0,Transient-Party,94.5,0,0
City Hotel,1,44,2015,August,34,22,2,1,2,0.0,0,HB,PRT,Groups,TA/TO,0,0,0,A,A,0,No Deposit,1.0,0,Transient-Party,86.0,0,0
City Hotel,0,138,2015,August,34,22,2,1,2,0.0,0,HB,ITA,Offline TA/TO,TA/TO,0,0,0,A,D,0,No Deposit,17.0,0,Transient-Party,94.5,0,0
City Hotel,0,138,2015,August,34,22,2,1,2,0.0,0,HB,ITA,Offline TA/TO,TA/TO,0,0,0,A,A,0,No Deposit,17.0,0,Transient-Party,94.5,0,0
City Hotel,1,138,2015,August,34,22,2,1,2,0.0,0,HB,ITA,Offline TA/TO,TA/TO,0,0,0,A,A,0,No Deposit,17.0,0,Transient-Party,94.5,0,0
City Hotel,1,17,2015,August,34,22,2,1,2,0.0,0,HB,PRT,Groups,TA/TO,0,0,0,A,A,0,No Deposit,1.0,0,Transient-Party,35.2,0,0
City Hotel,0,44,2015,August,34,22,2,1,2,0.0,0,HB,ITA,Groups,TA/TO,0,0,0,A,A,0,No Deposit,1.0,0,Transient-Party,86.0,0,0
City Hotel,0,138,2015,August,34,22,2,1,2,0.0,0,HB,PRT,Offline TA/TO,TA/TO,0,0,0,A,A,0,No Deposit,17.0,0,Transient-Party,94.5,0,0
City Hotel,1,138,2015,August,34,22,2,1,2,0.0,0,HB,ITA,Offline TA/TO,TA/TO,0,0,0,A,A,0,No Deposit,17.0,0,Transient-Party,94.5,0,0
City Hotel,0,1,2015,August,34,22,2,1,2,0.0,0,HB,ITA,Offline TA/TO,TA/TO,0,0,0,A,A,0,No Deposit,17.0,0,Transient-Party,94.5,0,0
City Hotel,1,138,2015,August,34,22,2,1,2,0.0,0,HB,ITA,Offline TA/TO,TA/TO,0,0,0,A,A,0,No Deposit,17.0,0,Transient-Party,94.5,0,0
City Hotel,0,138,2015,August,34,22,2,1,2,0.0,0,HB,ITA,Offline TA/TO,TA/TO,0,0,0,A,A,0,No Deposit,17.0,0,Transient-Party,94.5,0,0
City Hotel,0,44,2015,August,34,22,2,1,2,0.0,0,HB,ITA,Groups,TA/TO,0,0,0,A,A,0,No Deposit,1.0,0,Transient-Party,86.0,0,0
City Hotel,0,44,2015,August,34,22,2,1,2,0.0,0,HB,PRT,Groups,TA/TO,0,0,0,A,A,0,No Deposit,1.0,0,Transient-Party,86.0,0,0
City Hotel,0,0,2015,August,34,22,2,1,2,0.0,0,BB,PRT,Online TA,TA/TO,0,0,0,A,A,1,No Deposit,9.0,0,Transient-Party,106.67,0,1
City Hotel,1,138,2015,August,34,22,2,1,2,0.0,0,HB,ITA,Offline TA/TO,TA/TO,0,0,0,A,A,0,No Deposit,17.0,0,Transient-Party,94.5,0,0
City Hotel,1,138,2015,August,34,22,2,1,2,0.0,0,HB,ITA,Offline TA/TO,TA/TO,0,0,0,A,A,0,No Deposit,17.0,0,Transient-Party,94.5,0,0
City Hotel,0,138,2015,August,34,22,2,1,2,0.0,0,HB,ITA,Offline TA/TO,TA/TO,0,0,0,A,A,0,No Deposit,17.0,0,Transient-Party,94.5,0,0
City Hotel,0,0,2015,August,34,22,2,1,2,0.0,0,BB,PRT,Online TA,TA/TO,0,0,0,A,A,1,No Deposit,9.0,0,Transient-Party,124.0,0,1
City Hotel,1,1,2015,August,34,22,2,2,2,0.0,0,BB,PRT,Online TA,TA/TO,0,0,0,A,A,1,No Deposit,9.0,0,Transient,12.0,0,0
City Hotel,1,11,2015,August,34,22,2,2,2,0.0,0,BB,PRT,Online TA,TA/TO,0,0,0,A,A,0,No Deposit,9.0,0,Contract,90.0,0,2
City Hotel,1,96,2015,August,34,22,2,5,2,0.0,0,BB,PRT,Online TA,TA/TO,0,0,0,A,A,0,No Deposit,9.0,0,Transient,76.5,0,0
City Hotel,0,103,2015,August,34,22,2,5,2,0.0,0,BB,PRT,Online TA,TA/TO,0,0,0,A,A,0,No Deposit,7.0,0,Transient,55.96,0,0
City Hotel,0,6,2015,August,35,23,1,0,2,0.0,0,SC,PRT,Online TA,TA/TO,0,0,0,A,A,0,No Deposit,9.0,0,Contract,81.0,0,0
City Hotel,1,15,2015,August,35,23,1,0,2,0.0,0,BB,PRT,Online TA,TA/TO,0,0,0,A,A,0,No Deposit,9.0,0,Transient,99.0,0,0
City Hotel,0,3,2015,August,35,23,2,0,2,0.0,0,BB,ESP,Direct,Direct,0,0,0,A,A,0,No Deposit,14.0,0,Transient,75.0,0,1
City Hotel,0,9,2015,August,35,23,2,0,2,0.0,0,BB,ESP,Direct,Direct,0,0,0,A,A,0,No Deposit,14.0,0,Transient,75.0,0,0
City Hotel,0,1,2015,August,35,23,2,0,2,0.0,0,BB,FRA,Online TA,TA/TO,0,0,0,A,A,0,No Deposit,9.0,0,Transient,98.0,0,2
City Hotel,0,12,2015,August,35,23,2,2,2,0.0,0,BB,PRT,Online TA,TA/TO,0,0,0,A,B,0,No Deposit,9.0,0,Contract,90.0,0,3
City Hotel,0,12,2015,August,35,23,2,2,2,0.0,0,BB,ESP,Online TA,TA/TO,0,0,0,A,B,0,No Deposit,9.0,0,Contract,99.0,1,3
City Hotel,0,9,2015,August,35,23,2,3,2,0.0,0,BB,FRA,Online TA,TA/TO,0,0,0,A,D,0,No Deposit,9.0,0,Contract,90.0,0,2
City Hotel,0,9,2015,August,35,23,2,4,2,0.0,0,BB,FRA,Online TA,TA/TO,0,0,0,A,A,0,No Deposit,9.0,0,Contract,90.0,0,2
City Hotel,0,90,2015,August,35,23,2,3,2,0.0,0,BB,FRA,Online TA,TA/TO,0,0,0,A,A,0,No Deposit,8.0,0,Transient,76.5,0,0
City Hotel,0,90,2015,August,35,23,2,3,2,0.0,0,BB,FRA,Online TA,TA/TO,0,0,0,A,A,0,No Deposit,8.0,0,Transient,76.5,0,1
City Hotel,0,11,2015,August,35,24,1,0,2,0.0,0,BB,PRT,Online TA,TA/TO,0,0,0,A,A,0,No Deposit,9.0,0,Transient,90.0,0,1
City Hotel,0,4,2015,August,35,24,1,0,2,0.0,0,BB,PRT,Direct,Direct,0,0,0,A,A,0,No Deposit,,0,Transient,75.0,0,1
City Hotel,0,53,2015,August,35,24,1,1,2,0.0,0,BB,ESP,Groups,TA/TO,0,0,0,A,A,0,No Deposit,1.0,0,Transient-Party,62.0,0,0
City Hotel,0,53,2015,August,35,24,1,1,2,0.0,0,BB,ESP,Groups,TA/TO,0,0,0,A,A,0,No Deposit,1.0,0,Transient-Party,62.0,0,0
City Hotel,1,53,2015,August,35,24,1,1,2,0.0,0,BB,PRT,Groups,TA/TO,0,0,0,A,A,0,No Deposit,1.0,0,Transient-Party,62.0,0,0
City Hotel,0,53,2015,August,35,24,1,1,2,0.0,0,BB,ESP,Groups,TA/TO,0,0,0,A,A,0,No Deposit,1.0,0,Transient-Party,62.0,0,0
City Hotel,0,53,2015,August,35,24,1,1,2,0.0,0,BB,ESP,Groups,TA/TO,0,0,0,A,D,0,No Deposit,1.0,0,Transient-Party,62.0,0,0
City Hotel,0,13,2015,August,35,24,1,1,2,0.0,0,BB,ESP,Online TA,TA/TO,0,0,0,F,F,0,No Deposit,9.0,0,Contract,153.0,0,0
City Hotel,0,53,2015,August,35,24,1,1,2,0.0,0,BB,ESP,Groups,TA/TO,0,0,0,A,A,0,No Deposit,1.0,0,Transient-Party,62.0,0,0
City Hotel,0,53,2015,August,35,24,1,1,2,0.0,0,BB,ESP,Groups,TA/TO,0,0,0,A,D,0,No Deposit,1.0,0,Transient-Party,62.0,0,0
City Hotel,0,53,2015,August,35,24,1,1,2,0.0,0,BB,ESP,Groups,TA/TO,0,0,0,A,A,0,No Deposit,1.0,0,Transient-Party,62.0,0,0
City Hotel,0,53,2015,August,35,24,1,1,2,0.0,0,BB,ESP,Groups,TA/TO,0,0,0,A,A,0,No Deposit,1.0,0,Transient-Party,62.0,0,0
City Hotel,0,53,2015,August,35,24,1,1,2,0.0,0,BB,ESP,Groups,TA/TO,0,0,0,A,A,0,No Deposit,1.0,0,Transient-Party,62.0,0,0
City Hotel,0,53,2015,August,35,24,1,1,2,0.0,0,BB,PRT,Groups,TA/TO,0,0,0,A,B,0,No Deposit,1.0,0,Transient-Party,62.0,0,0
City Hotel,0,53,2015,August,35,24,1,1,2,0.0,0,BB,ESP,Groups,TA/TO,0,0,0,A,A,0,No Deposit,1.0,0,Transient-Party,62.0,0,0
City Hotel,0,53,2015,August,35,24,1,1,2,0.0,0,BB,ESP,Groups,TA/TO,0,0,0,A,D,0,No Deposit,1.0,0,Transient-Party,62.0,0,0
City Hotel,0,53,2015,August,35,24,1,1,2,0.0,0,BB,ESP,Groups,TA/TO,0,0,0,A,D,0,No Deposit,1.0,0,Transient-Party,62.0,0,0
City Hotel,0,53,2015,August,35,24,1,1,2,0.0,0,BB,ESP,Groups,TA/TO,0,0,0,A,A,0,No Deposit,1.0,0,Transient-Party,62.0,0,0
City Hotel,0,53,2015,August,35,24,1,1,2,0.0,0,BB,ESP,Groups,TA/TO,0,0,0,A,A,0,No Deposit,1.0,0,Transient-Party,62.0,0,0
City Hotel,0,53,2015,August,35,24,1,1,2,0.0,0,BB,ESP,Groups,TA/TO,0,0,0,A,A,0,No Deposit,1.0,0,Transient-Party,62.0,0,0
City Hotel,0,53,2015,August,35,24,1,1,2,0.0,0,BB,ESP,Groups,TA/TO,0,0,0,A,A,0,No Deposit,1.0,0,Transient-Party,62.0,0,0
City Hotel,1,53,2015,August,35,24,1,1,2,0.0,0,BB,PRT,Groups,TA/TO,0,0,0,A,A,0,No Deposit,1.0,0,Transient-Party,62.0,0,0
City Hotel,0,53,2015,August,35,24,1,1,2,0.0,0,BB,ESP,Groups,TA/TO,0,0,0,A,A,0,No Deposit,1.0,0,Transient-Party,62.0,0,0
City Hotel,0,53,2015,August,35,24,1,1,2,0.0,0,BB,ESP,Groups,TA/TO,0,0,0,A,A,0,No Deposit,1.0,0,Transient-Party,62.0,0,0
City Hotel,0,53,2015,August,35,24,1,1,2,0.0,0,BB,ESP,Groups,TA/TO,0,0,0,A,A,0,No Deposit,1.0,0,Transient-Party,62.0,0,0
City Hotel,0,53,2015,August,35,24,1,1,2,0.0,0,BB,ESP,Groups,TA/TO,0,0,0,A,A,0,No Deposit,1.0,0,Transient-Party,62.0,0,0
City Hotel,1,53,2015,August,35,24,1,1,2,0.0,0,BB,PRT,Groups,TA/TO,0,0,0,A,A,0,No Deposit,1.0,0,Transient-Party,62.0,0,0
City Hotel,0,6,2015,August,35,24,1,2,2,0.0,0,BB,ESP,Online TA,TA/TO,0,0,0,A,D,0,No Deposit,9.0,0,Contract,90.0,0,0
City Hotel,0,7,2015,August,35,24,1,2,2,0.0,0,BB,PRT,Online TA,TA/TO,0,0,0,A,A,0,No Deposit,9.0,0,Contract,90.0,0,1
City Hotel,0,13,2015,August,35,24,1,2,2,0.0,0,BB,FRA,Online TA,TA/TO,0,0,0,A,A,0,No Deposit,9.0,0,Contract,90.0,0,2
City Hotel,0,108,2015,August,35,24,1,2,2,0.0,0,BB,ESP,Online TA,TA/TO,0,0,0,A,A,0,No Deposit,9.0,0,Transient,76.5,0,1
City Hotel,0,5,2015,August,35,24,1,3,2,0.0,0,BB,FRA,Online TA,TA/TO,0,0,0,A,D,0,No Deposit,9.0,0,Contract,90.0,0,2
City Hotel,0,14,2015,August,35,24,1,3,2,0.0,0,BB,ESP,Online TA,TA/TO,0,0,0,A,A,0,No Deposit,9.0,0,Contract,90.0,0,1
City Hotel,0,11,2015,August,35,24,1,3,2,0.0,0,BB,SWE,Online TA,TA/TO,0,0,0,A,D,0,No Deposit,9.0,0,Contract,90.0,0,2
City Hotel,0,5,2015,August,35,24,1,3,2,0.0,0,BB,ESP,Online TA,TA/TO,0,0,0,A,D,0,No Deposit,9.0,0,Contract,90.0,0,2
City Hotel,0,10,2015,August,35,24,1,4,2,0.0,0,BB,PRT,Direct,Direct,0,0,0,B,B,0,No Deposit,,0,Transient,75.0,0,1
City Hotel,0,10,2015,August,35,24,1,4,2,0.0,0,BB,PRT,Direct,Direct,0,0,0,B,B,0,No Deposit,,0,Transient,75.0,0,1
City Hotel,0,11,2015,August,35,24,3,5,2,0.0,0,BB,FRA,Direct,Direct,0,0,0,D,A,0,No Deposit,14.0,0,Transient,79.0,0,1
City Hotel,0,10,2015,August,35,24,1,2,2,0.0,0,BB,PRT,Online TA,TA/TO,0,0,0,A,A,0,No Deposit,9.0,0,Contract,90.0,0,2
City Hotel,0,0,2015,August,35,24,1,2,2,0.0,0,BB,PRT,Direct,Direct,0,0,0,B,B,1,No Deposit,,0,Transient-Party,67.5,0,0
City Hotel,0,50,2015,August,35,25,0,4,2,0.0,0,BB,ESP,Groups,TA/TO,0,0,0,A,D,0,No Deposit,1.0,0,Transient-Party,62.0,0,0
City Hotel,1,50,2015,August,35,25,0,4,2,0.0,0,BB,PRT,Groups,TA/TO,0,0,0,A,A,0,No Deposit,1.0,0,Transient-Party,62.0,0,0
City Hotel,0,50,2015,August,35,25,0,4,2,0.0,0,BB,ESP,Groups,TA/TO,0,0,0,A,D,0,No Deposit,1.0,0,Transient-Party,62.0,0,0
City Hotel,0,4,2015,August,35,25,0,4,2,0.0,0,BB,ESP,Groups,TA/TO,0,0,0,A,A,0,No Deposit,1.0,0,Transient-Party,62.0,0,0
City Hotel,0,50,2015,August,35,25,0,4,2,0.0,0,BB,ESP,Groups,TA/TO,0,0,0,A,D,0,No Deposit,1.0,0,Transient-Party,62.0,0,0
City Hotel,1,50,2015,August,35,25,0,4,2,0.0,0,BB,PRT,Groups,TA/TO,0,0,0,A,A,0,No Deposit,1.0,0,Transient-Party,62.0,0,0
City Hotel,0,50,2015,August,35,25,0,4,2,0.0,0,BB,ESP,Groups,TA/TO,0,0,0,A,A,0,No Deposit,1.0,0,Transient-Party,62.0,0,0
City Hotel,1,50,2015,August,35,25,0,4,2,0.0,0,BB,PRT,Groups,TA/TO,0,0,0,A,A,0,No Deposit,1.0,0,Transient-Party,62.0,0,0
City Hotel,0,4,2015,August,35,25,0,4,2,0.0,0,BB,ESP,Groups,TA/TO,0,0,0,A,A,0,No Deposit,1.0,0,Transient-Party,62.0,0,0
City Hotel,0,4,2015,August,35,25,0,4,2,0.0,0,BB,ESP,Groups,TA/TO,0,0,0,A,D,0,No Deposit,1.0,0,Transient-Party,62.0,0,0
City Hotel,1,50,2015,August,35,25,0,4,2,0.0,0,BB,PRT,Groups,TA/TO,0,0,0,A,A,0,No Deposit,1.0,0,Transient-Party,62.0,0,0
City Hotel,1,50,2015,August,35,25,0,4,2,0.0,0,BB,PRT,Groups,TA/TO,0,0,0,A,A,0,No Deposit,1.0,0,Transient-Party,62.0,0,0
City Hotel,0,4,2015,August,35,25,0,4,2,0.0,0,BB,PRT,Groups,TA/TO,0,0,0,A,D,0,No Deposit,1.0,0,Transient-Party,62.0,0,0
City Hotel,1,50,2015,August,35,25,0,4,2,0.0,0,BB,PRT,Groups,TA/TO,0,0,0,A,A,0,No Deposit,1.0,0,Transient-Party,62.0,0,0
City Hotel,0,4,2015,August,35,25,0,4,2,0.0,0,BB,ESP,Groups,TA/TO,0,0,0,A,A,0,No Deposit,1.0,0,Transient-Party,62.0,0,0
City Hotel,0,50,2015,August,35,25,0,4,2,0.0,0,BB,ESP,Groups,TA/TO,0,0,0,A,D,0,No Deposit,1.0,0,Transient-Party,62.0,0,0
City Hotel,1,50,2015,August,35,25,0,4,2,0.0,0,BB,PRT,Groups,TA/TO,0,0,0,A,A,0,No Deposit,1.0,0,Transient-Party,62.0,0,0
City Hotel,1,50,2015,August,35,25,0,4,2,0.0,0,BB,PRT,Groups,TA/TO,0,0,0,A,A,0,No Deposit,1.0,0,Transient-Party,62.0,0,0
City Hotel,0,50,2015,August,35,25,0,4,2,0.0,0,BB,PRT,Groups,TA/TO,0,0,0,A,A,0,No Deposit,1.0,0,Transient-Party,62.0,0,0
City Hotel,0,50,2015,August,35,25,0,4,2,0.0,0,BB,PRT,Groups,TA/TO,0,0,0,A,A,0,No Deposit,1.0,0,Transient-Party,62.0,0,0
City Hotel,1,50,2015,August,35,25,0,4,2,0.0,0,BB,PRT,Groups,TA/TO,0,0,0,A,A,0,No Deposit,1.0,0,Transient-Party,62.0,0,0
City Hotel,1,50,2015,August,35,25,0,4,2,0.0,0,BB,PRT,Groups,TA/TO,0,0,0,A,A,0,No Deposit,1.0,0,Transient-Party,62.0,0,0
City Hotel,0,50,2015,August,35,25,0,4,2,0.0,0,BB,PRT,Groups,TA/TO,0,0,0,A,A,0,No Deposit,1.0,0,Transient-Party,62.0,0,0
City Hotel,1,50,2015,August,35,25,0,4,2,0.0,0,BB,PRT,Groups,TA/TO,0,0,0,A,A,0,No Deposit,1.0,0,Transient-Party,62.0,0,0
City Hotel,0,50,2015,August,35,25,0,4,2,0.0,0,BB,ESP,Groups,TA/TO,0,0,0,A,A,0,No Deposit,1.0,0,Transient-Party,62.0,0,0
City Hotel,1,50,2015,August,35,25,0,4,2,0.0,0,BB,PRT,Groups,TA/TO,0,0,0,A,A,0,No Deposit,1.0,0,Transient-Party,62.0,0,0
City Hotel,0,4,2015,August,35,25,0,4,2,0.0,0,BB,ESP,Groups,TA/TO,0,0,0,A,A,0,No Deposit,1.0,0,Transient-Party,62.0,0,0
City Hotel,0,4,2015,August,35,25,0,4,2,0.0,0,BB,PRT,Groups,TA/TO,0,0,0,A,A,0,No Deposit,1.0,0,Transient-Party,62.0,0,0
City Hotel,0,4,2015,August,35,25,0,4,2,0.0,0,BB,ESP,Groups,TA/TO,0,0,0,A,D,0,No Deposit,1.0,0,Transient-Party,62.0,0,0
City Hotel,0,50,2015,August,35,25,0,5,2,0.0,0,BB,ESP,Groups,TA/TO,0,0,0,A,A,0,No Deposit,1.0,0,Transient,62.0,0,0
City Hotel,0,5,2015,August,35,25,2,5,2,0.0,0,HB,FRA,Offline TA/TO,TA/TO,0,0,0,A,A,0,No Deposit,20.0,0,Transient,100.0,0,1
City Hotel,0,1,2015,August,35,25,0,1,2,0.0,0,BB,FRA,Online TA,TA/TO,0,0,0,A,A,0,No Deposit,9.0,0,Contract,106.0,0,2
City Hotel,0,4,2015,August,35,25,0,1,2,0.0,0,BB,ITA,Direct,Direct,0,0,0,A,A,2,No Deposit,14.0,0,Transient,75.0,0,0
City Hotel,0,0,2015,August,35,25,0,1,2,0.0,0,BB,ESP,Direct,Direct,0,0,0,A,A,0,No Deposit,,0,Transient,106.0,0,0
City Hotel,0,0,2015,August,35,25,0,1,2,0.0,0,BB,AGO,Direct,Direct,0,0,0,A,A,0,No Deposit,,0,Transient,106.0,0,0
City Hotel,0,13,2015,August,35,25,0,2,2,0.0,0,BB,SWE,Online TA,TA/TO,0,0,0,A,A,0,No Deposit,9.0,0,Transient,90.0,0,1
City Hotel,0,0,2015,August,35,25,0,2,2,0.0,0,BB,PRT,Online TA,TA/TO,0,0,0,A,A,0,No Deposit,9.0,0,Contract,106.0,0,2
City Hotel,1,12,2015,August,35,25,0,2,2,0.0,0,BB,PRT,Online TA,TA/TO,0,0,0,A,A,0,No Deposit,9.0,0,Contract,12.0,0,1
City Hotel,1,50,2015,August,35,25,0,4,2,0.0,0,BB,PRT,Groups,TA/TO,0,0,0,A,A,0,No Deposit,1.0,0,Transient-Party,62.0,0,0
City Hotel,0,4,2015,August,35,25,0,4,2,0.0,0,BB,ESP,Groups,TA/TO,0,0,0,A,D,0,No Deposit,1.0,0,Transient-Party,62.0,0,0
City Hotel,1,50,2015,August,35,25,0,4,2,0.0,0,BB,PRT,Groups,TA/TO,0,0,0,A,A,0,No Deposit,1.0,0,Transient-Party,62.0,0,0
City Hotel,0,6,2015,August,35,26,0,1,2,0.0,0,SC,FRA,Online TA,TA/TO,0,0,0,A,D,0,No Deposit,9.0,0,Contract,97.0,0,2
City Hotel,0,1,2015,August,35,26,0,1,2,0.0,0,BB,PRT,Complementary,Direct,0,0,0,A,G,2,No Deposit,,0,Transient,0.0,0,0
City Hotel,0,0,2015,August,35,26,0,1,2,0.0,0,BB,PRT,Direct,Direct,0,0,0,A,A,0,No Deposit,,0,Transient,106.0,0,0
City Hotel,0,55,2015,August,35,26,0,2,2,0.0,0,BB,ESP,Groups,TA/TO,0,0,0,A,A,0,No Deposit,1.0,0,Transient-Party,62.0,0,0
City Hotel,0,55,2015,August,35,26,0,2,2,0.0,0,BB,ESP,Groups,TA/TO,0,0,0,A,A,0,No Deposit,1.0,0,Transient-Party,62.0,0,0
City Hotel,1,55,2015,August,35,26,0,2,2,0.0,0,BB,PRT,Groups,TA/TO,0,0,0,A,A,0,No Deposit,1.0,0,Transient-Party,62.0,0,0
City Hotel,0,8,2015,August,35,26,0,2,2,0.0,0,BB,NLD,Online TA,TA/TO,0,0,0,A,D,0,No Deposit,9.0,0,Contract,90.0,0,2
City Hotel,0,55,2015,August,35,26,0,2,2,0.0,0,BB,ESP,Groups,TA/TO,0,0,0,A,B,0,No Deposit,1.0,0,Transient-Party,62.0,0,0
City Hotel,0,55,2015,August,35,26,0,2,2,0.0,0,BB,ESP,Groups,TA/TO,0,0,0,A,A,0,No Deposit,1.0,0,Transient-Party,62.0,0,0
City Hotel,0,55,2015,August,35,26,0,2,2,0.0,0,BB,ESP,Groups,TA/TO,0,0,0,A,A,0,No Deposit,1.0,0,Transient-Party,62.0,0,0
City Hotel,0,55,2015,August,35,26,0,2,2,0.0,0,BB,ESP,Groups,TA/TO,0,0,0,A,A,0,No Deposit,1.0,0,Transient-Party,62.0,0,0
City Hotel,0,55,2015,August,35,26,0,2,2,0.0,0,BB,ESP,Groups,TA/TO,0,0,0,A,A,0,No Deposit,1.0,0,Transient-Party,62.0,0,0
City Hotel,1,2,2015,August,35,26,0,2,2,0.0,0,BB,PRT,Groups,TA/TO,0,0,0,A,A,0,No Deposit,1.0,0,Transient-Party,62.0,0,0
City Hotel,0,55,2015,August,35,26,0,2,2,0.0,0,BB,ESP,Groups,TA/TO,0,0,0,A,D,0,No Deposit,1.0,0,Transient-Party,62.0,0,0
City Hotel,0,55,2015,August,35,26,0,2,2,0.0,0,BB,ESP,Groups,TA/TO,0,0,0,A,A,0,No Deposit,1.0,0,Transient-Party,62.0,0,0
City Hotel,0,55,2015,August,35,26,0,2,2,0.0,0,BB,ESP,Groups,TA/TO,0,0,0,A,A,0,No Deposit,1.0,0,Transient-Party,62.0,0,0
City Hotel,0,0,2015,August,35,26,0,2,2,0.0,0,BB,PRT,Direct,Direct,0,0,0,E,E,1,No Deposit,14.0,0,Transient,148.0,0,0
City Hotel,0,55,2015,August,35,26,0,2,2,0.0,0,BB,PRT,Groups,TA/TO,0,0,0,A,D,0,No Deposit,1.0,0,Transient-Party,62.0,0,0
City Hotel,0,55,2015,August,35,26,0,2,2,0.0,0,BB,PRT,Groups,TA/TO,0,0,0,A,A,0,No Deposit,1.0,0,Transient-Party,62.0,0,0
City Hotel,1,2,2015,August,35,26,0,2,2,0.0,0,BB,PRT,Groups,TA/TO,0,0,0,A,A,0,No Deposit,1.0,0,Transient-Party,62.0,0,0
City Hotel,1,55,2015,August,35,26,0,2,2,0.0,0,BB,PRT,Groups,TA/TO,0,0,0,A,A,0,No Deposit,1.0,0,Transient-Party,62.0,0,0
City Hotel,1,2,2015,August,35,26,0,2,2,0.0,0,BB,PRT,Groups,TA/TO,0,0,0,A,A,0,No Deposit,1.0,0,Transient-Party,62.0,0,0
City Hotel,0,55,2015,August,35,26,0,2,2,0.0,0,BB,ESP,Groups,TA/TO,0,0,0,A,A,0,No Deposit,1.0,0,Transient-Party,62.0,0,0
City Hotel,1,55,2015,August,35,26,0,2,2,0.0,0,BB,PRT,Groups,TA/TO,0,0,0,A,A,0,No Deposit,1.0,0,Transient-Party,62.0,0,0
City Hotel,0,55,2015,August,35,26,0,2,2,0.0,0,BB,ESP,Groups,TA/TO,0,0,0,A,B,0,No Deposit,1.0,0,Transient-Party,62.0,0,0
City Hotel,0,55,2015,August,35,26,0,2,2,0.0,0,BB,ESP,Groups,TA/TO,0,0,0,A,A,0,No Deposit,1.0,0,Transient-Party,62.0,0,0
City Hotel,0,55,2015,August,35,26,0,2,2,0.0,0,BB,ESP,Groups,TA/TO,0,0,0,A,A,0,No Deposit,1.0,0,Transient-Party,62.0,0,0
City Hotel,0,55,2015,August,35,26,0,2,2,0.0,0,BB,ESP,Groups,TA/TO,0,0,0,A,A,0,No Deposit,1.0,0,Transient-Party,62.0,0,0
City Hotel,0,7,2015,August,35,26,0,2,2,0.0,0,BB,AUT,Online TA,TA/TO,0,0,0,A,A,0,No Deposit,9.0,0,Contract,90.0,0,2
City Hotel,0,55,2015,August,35,26,0,2,2,0.0,0,BB,ESP,Groups,TA/TO,0,0,0,A,B,0,No Deposit,1.0,0,Transient-Party,62.0,0,0
City Hotel,0,18,2015,August,35,26,0,3,2,0.0,0,BB,ESP,Online TA,TA/TO,0,0,0,A,A,0,No Deposit,8.0,0,Transient,93.0,1,0
City Hotel,0,8,2015,August,35,26,0,4,2,0.0,0,BB,PRT,Online TA,TA/TO,0,0,0,A,E,0,No Deposit,9.0,0,Contract,90.0,0,2
City Hotel,1,118,2015,August,35,26,0,4,2,0.0,0,BB,PRT,Online TA,TA/TO,0,0,0,A,A,0,No Deposit,7.0,0,Transient,58.9,0,1
City Hotel,0,7,2015,August,35,26,0,4,2,0.0,0,BB,ESP,Online TA,TA/TO,0,0,0,A,A,0,No Deposit,9.0,0,Contract,90.0,0,2
City Hotel,0,14,2015,August,35,26,0,4,2,0.0,0,BB,ITA,Direct,Direct,0,0,0,A,A,0,No Deposit,14.0,0,Transient,75.0,0,1
City Hotel,1,118,2015,August,35,26,0,4,2,0.0,0,BB,PRT,Online TA,TA/TO,0,0,0,A,A,0,No Deposit,7.0,0,Transient,58.9,0,1
City Hotel,1,118,2015,August,35,26,0,4,2,0.0,0,BB,PRT,Online TA,TA/TO,0,0,0,A,A,0,No Deposit,7.0,0,Transient,58.9,0,1
City Hotel,0,1,2015,August,35,26,1,4,2,0.0,0,BB,PRT,Online TA,TA/TO,0,0,0,A,A,0,No Deposit,9.0,0,Transient,110.8,0,1
City Hotel,0,0,2015,August,35,27,0,1,2,0.0,0,BB,PRT,Online TA,TA/TO,0,0,0,A,A,0,No Deposit,9.0,0,Contract,122.0,0,2
City Hotel,1,1,2015,August,35,27,0,1,2,0.0,0,BB,PRT,Direct,Direct,0,0,0,E,E,0,No Deposit,,0,Transient,160.0,0,0
City Hotel,0,8,2015,August,35,27,0,1,2,0.0,0,BB,NLD,Online TA,TA/TO,0,0,0,A,D,0,No Deposit,9.0,0,Contract,90.0,0,1
City Hotel,0,15,2015,August,35,27,0,2,2,0.0,0,BB,ESP,Online TA,TA/TO,0,0,0,A,A,0,No Deposit,9.0,0,Contract,90.0,0,1
City Hotel,0,4,2015,August,35,27,0,2,2,0.0,0,BB,FRA,Online TA,TA/TO,0,0,0,A,A,0,No Deposit,,0,Transient,79.0,0,2
City Hotel,0,17,2015,August,35,27,2,3,2,0.0,0,BB,FRA,Online TA,TA/TO,0,0,0,A,D,0,No Deposit,9.0,0,Transient,90.0,0,1
City Hotel,0,17,2015,August,35,27,2,3,2,0.0,0,BB,PRT,Online TA,TA/TO,0,0,0,A,D,0,No Deposit,9.0,0,Contract,105.0,0,2
City Hotel,1,13,2015,August,35,27,2,5,2,0.0,0,BB,PRT,Online TA,TA/TO,0,0,0,B,B,0,No Deposit,9.0,0,Transient,85.29,0,1
City Hotel,1,15,2015,August,35,27,2,5,2,0.0,0,BB,PRT,Online TA,TA/TO,0,0,0,B,B,0,No Deposit,9.0,0,Transient,85.29,0,1
City Hotel,0,119,2015,August,35,27,2,6,2,0.0,0,BB,ISR,Online TA,TA/TO,0,0,0,A,A,1,No Deposit,9.0,0,Transient,82.87,0,1
City Hotel,1,0,2015,August,35,27,2,6,2,0.0,0,BB,PRT,Direct,Direct,0,0,0,A,A,0,No Deposit,,0,Transient,62.8,0,0
City Hotel,0,24,2015,August,35,28,0,1,2,0.0,0,BB,PRT,Direct,Direct,0,0,0,A,A,0,No Deposit,14.0,0,Transient,75.0,1,1
City Hotel,1,11,2015,August,35,28,0,1,2,0.0,0,BB,PRT,Online TA,TA/TO,0,0,0,A,A,0,No Deposit,9.0,0,Contract,90.0,0,2
City Hotel,0,11,2015,August,35,28,0,2,2,0.0,0,SC,FRA,Online TA,TA/TO,0,0,0,A,D,0,No Deposit,9.0,0,Contract,81.0,0,2
City Hotel,0,11,2015,August,35,28,0,2,2,0.0,0,BB,GBR,Direct,Direct,0,0,0,D,D,0,No Deposit,14.0,0,Transient,79.0,0,0
City Hotel,1,162,2015,August,35,28,1,2,2,0.0,0,BB,PRT,Online TA,TA/TO,0,0,0,A,A,1,No Deposit,9.0,0,Transient,76.5,0,1
City Hotel,0,1,2015,August,35,28,1,2,2,0.0,0,BB,FRA,Online TA,TA/TO,0,0,0,A,A,0,No Deposit,9.0,0,Contract,106.0,0,2
City Hotel,0,11,2015,August,35,28,2,2,2,0.0,0,BB,FRA,Direct,Direct,0,0,0,A,A,0,No Deposit,14.0,0,Transient,85.0,0,0
City Hotel,1,148,2015,August,35,28,2,3,2,0.0,0,BB,PRT,Online TA,TA/TO,0,0,0,A,A,0,No Deposit,9.0,0,Transient,79.9,0,2
City Hotel,0,8,2015,August,35,28,2,4,2,0.0,0,BB,ITA,Online TA,TA/TO,0,0,0,A,A,0,No Deposit,9.0,0,Contract,105.67,0,2
City Hotel,0,4,2015,August,35,28,2,6,2,0.0,0,BB,FRA,Direct,Direct,0,0,0,A,A,0,No Deposit,14.0,0,Transient,75.0,0,1
City Hotel,1,11,2015,August,35,29,0,1,2,0.0,0,BB,PRT,Online TA,TA/TO,0,0,0,A,A,0,No Deposit,9.0,0,Contract,90.0,0,2
City Hotel,0,1,2015,August,35,29,0,1,2,0.0,0,BB,DEU,Online TA,TA/TO,0,0,0,A,D,0,No Deposit,9.0,0,Contract,106.0,1,2
City Hotel,1,12,2015,August,35,29,0,1,2,0.0,0,BB,PRT,Online TA,TA/TO,0,0,0,A,A,1,No Deposit,9.0,0,Contract,90.0,0,2
City Hotel,0,17,2015,August,35,29,0,1,2,0.0,0,BB,PRT,Online TA,TA/TO,0,0,0,A,D,0,No Deposit,9.0,0,Transient-Party,90.0,0,1
City Hotel,0,11,2015,August,35,29,0,1,2,0.0,0,BB,PRT,Online TA,TA/TO,0,0,0,A,A,0,No Deposit,9.0,0,Contract,90.0,0,1
City Hotel,0,0,2015,August,35,29,0,1,2,0.0,0,BB,PRT,Direct,Direct,0,0,0,A,A,0,No Deposit,,0,Transient,106.0,0,0
City Hotel,0,16,2015,August,35,29,1,1,2,0.0,0,BB,PRT,Online TA,TA/TO,0,0,0,A,A,0,No Deposit,9.0,0,Contract,90.0,0,2
City Hotel,0,15,2015,August,35,29,1,1,2,0.0,0,BB,PRT,Direct,Direct,0,0,0,A,D,0,No Deposit,,0,Transient,75.0,0,1
City Hotel,0,15,2015,August,35,29,1,1,2,0.0,0,BB,PRT,Direct,Direct,0,0,0,A,A,0,No Deposit,,0,Transient,75.0,0,1
City Hotel,0,16,2015,August,35,29,1,1,2,0.0,0,BB,FRA,Online TA,TA/TO,0,0,0,A,A,0,No Deposit,9.0,0,Contract,90.0,0,2
City Hotel,0,145,2015,August,35,29,2,1,2,0.0,0,HB,ITA,Offline TA/TO,TA/TO,0,0,0,A,A,0,No Deposit,17.0,0,Transient-Party,94.5,0,0
City Hotel,1,145,2015,August,35,29,2,1,2,0.0,0,HB,ITA,Offline TA/TO,TA/TO,0,0,0,A,A,0,No Deposit,17.0,0,Transient-Party,94.5,0,0
City Hotel,0,145,2015,August,35,29,2,1,2,0.0,0,HB,ITA,Offline TA/TO,TA/TO,0,0,0,A,A,0,No Deposit,17.0,0,Transient-Party,94.5,0,0
City Hotel,0,12,2015,August,35,29,2,1,2,0.0,0,BB,AUT,Online TA,TA/TO,0,0,0,A,A,0,No Deposit,9.0,0,Contract,105.0,0,1
City Hotel,0,145,2015,August,35,29,2,1,2,0.0,0,HB,ITA,Offline TA/TO,TA/TO,0,0,0,A,A,0,No Deposit,17.0,0,Transient-Party,94.5,0,0
City Hotel,0,145,2015,August,35,29,2,1,2,0.0,0,HB,ITA,Offline TA/TO,TA/TO,0,0,0,A,A,0,No Deposit,17.0,0,Transient-Party,94.5,0,0
City Hotel,0,145,2015,August,35,29,2,1,2,0.0,0,HB,ITA,Offline TA/TO,TA/TO,0,0,0,A,D,0,No Deposit,17.0,0,Transient-Party,94.5,0,0
City Hotel,0,145,2015,August,35,29,2,1,2,0.0,0,HB,ITA,Offline TA/TO,TA/TO,0,0,0,A,A,0,No Deposit,17.0,0,Transient-Party,94.5,0,0
City Hotel,0,1,2015,August,35,29,2,1,2,0.0,0,HB,ITA,Offline TA/TO,TA/TO,0,0,0,A,A,0,No Deposit,17.0,0,Transient-Party,47.25,0,0
City Hotel,0,145,2015,August,35,29,2,1,2,0.0,0,HB,ITA,Offline TA/TO,TA/TO,0,0,0,A,A,0,No Deposit,17.0,0,Transient-Party,94.5,0,0
City Hotel,0,145,2015,August,35,29,2,1,2,0.0,0,HB,ITA,Offline TA/TO,TA/TO,0,0,0,A,A,0,No Deposit,17.0,0,Transient-Party,94.5,0,0
City Hotel,1,145,2015,August,35,29,2,1,2,0.0,0,HB,ITA,Offline TA/TO,TA/TO,0,0,0,A,A,0,No Deposit,17.0,0,Transient-Party,94.5,0,0
City Hotel,0,145,2015,August,35,29,2,1,2,0.0,0,HB,ITA,Offline TA/TO,TA/TO,0,0,0,A,D,0,No Deposit,17.0,0,Transient-Party,94.5,0,0
City Hotel,0,145,2015,August,35,29,2,1,2,0.0,0,HB,ITA,Offline TA/TO,TA/TO,0,0,0,A,A,0,No Deposit,17.0,0,Transient-Party,94.5,0,0
City Hotel,0,145,2015,August,35,29,2,1,2,0.0,0,HB,ITA,Offline TA/TO,TA/TO,0,0,0,A,D,0,No Deposit,17.0,0,Transient-Party,94.5,0,0
City Hotel,0,145,2015,August,35,29,2,1,2,0.0,0,HB,ITA,Offline TA/TO,TA/TO,0,0,0,A,A,0,No Deposit,17.0,0,Transient-Party,94.5,0,0
City Hotel,1,145,2015,August,35,29,2,1,2,0.0,0,HB,ITA,Offline TA/TO,TA/TO,0,0,0,A,A,0,No Deposit,17.0,0,Transient-Party,94.5,0,0
City Hotel,0,10,2015,August,35,29,2,1,2,0.0,0,BB,ESP,Online TA,TA/TO,0,0,0,A,A,1,No Deposit,9.0,0,Contract,90.0,0,1
City Hotel,0,145,2015,August,35,29,2,1,2,0.0,0,HB,ITA,Offline TA/TO,TA/TO,0,0,0,A,A,0,No Deposit,17.0,0,Transient-Party,94.5,0,0
City Hotel,0,145,2015,August,35,29,2,1,2,0.0,0,HB,ITA,Offline TA/TO,TA/TO,0,0,0,A,A,0,No Deposit,17.0,0,Transient-Party,94.5,0,0
City Hotel,0,145,2015,August,35,29,2,1,2,0.0,0,HB,ITA,Offline TA/TO,TA/TO,0,0,0,A,D,0,No Deposit,17.0,0,Transient-Party,94.5,0,0
City Hotel,0,145,2015,August,35,29,2,1,2,0.0,0,HB,ITA,Offline TA/TO,TA/TO,0,0,0,A,A,0,No Deposit,17.0,0,Transient-Party,94.5,0,0
City Hotel,0,145,2015,August,35,29,2,1,2,0.0,0,HB,ITA,Offline TA/TO,TA/TO,0,0,0,A,A,0,No Deposit,17.0,0,Transient-Party,94.5,0,0
City Hotel,0,5,2015,August,35,29,2,2,2,0.0,0,BB,ESP,Direct,Direct,0,0,0,E,E,0,No Deposit,14.0,0,Transient,89.0,0,0
City Hotel,1,10,2015,August,35,29,2,2,2,0.0,0,BB,PRT,Online TA,TA/TO,0,0,0,F,F,0,No Deposit,9.0,0,Contract,156.0,0,1
City Hotel,1,149,2015,August,35,29,2,2,2,0.0,0,BB,PRT,Online TA,TA/TO,0,0,0,A,A,0,No Deposit,9.0,0,Transient,80.75,0,0
City Hotel,1,17,2015,August,35,29,2,4,2,0.0,0,BB,PRT,Online TA,TA/TO,0,0,0,A,A,1,No Deposit,9.0,0,Transient,97.5,0,1
City Hotel,0,0,2015,August,35,29,2,5,2,0.0,0,SC,AUS,Online TA,TA/TO,0,0,0,A,A,0,No Deposit,9.0,0,Transient,99.14,0,0
City Hotel,1,18,2015,August,35,29,2,5,2,0.0,0,BB,PRT,Online TA,TA/TO,0,0,0,A,A,0,No Deposit,9.0,0,Contract,98.57,0,2
City Hotel,0,14,2015,August,35,29,2,5,2,0.0,0,BB,PRT,Direct,Direct,0,0,0,D,D,0,No Deposit,14.0,0,Transient,79.0,0,0
City Hotel,0,12,2015,August,36,30,1,0,2,0.0,0,BB,PRT,Direct,Direct,0,0,0,D,D,0,No Deposit,14.0,0,Transient,79.0,0,0
City Hotel,1,12,2015,August,36,30,1,0,2,0.0,0,BB,PRT,Online TA,TA/TO,0,0,0,A,A,0,No Deposit,9.0,0,Contract,90.0,0,2
City Hotel,1,104,2015,August,36,30,2,1,2,0.0,0,HB,ESP,Groups,TA/TO,0,0,0,A,A,0,Non Refund,1.0,0,Transient,90.0,0,0
City Hotel,1,104,2015,August,36,30,2,1,2,0.0,0,HB,ESP,Groups,TA/TO,0,0,0,A,A,0,Non Refund,1.0,0,Transient,90.0,0,0
City Hotel,1,104,2015,August,36,30,2,1,2,0.0,0,HB,ESP,Groups,TA/TO,0,0,0,A,A,0,Non Refund,1.0,0,Transient,90.0,0,0
City Hotel,1,104,2015,August,36,30,2,1,2,0.0,0,HB,ESP,Groups,TA/TO,0,0,0,A,A,0,Non Refund,1.0,0,Transient,90.0,0,0
City Hotel,1,104,2015,August,36,30,2,1,2,0.0,0,HB,ESP,Groups,TA/TO,0,0,0,A,A,0,Non Refund,1.0,0,Transient,90.0,0,0
City Hotel,1,104,2015,August,36,30,2,1,2,0.0,0,HB,ESP,Groups,TA/TO,0,0,0,A,A,0,Non Refund,1.0,0,Transient,90.0,0,0
City Hotel,1,104,2015,August,36,30,2,1,2,0.0,0,HB,ESP,Groups,TA/TO,0,0,0,A,A,0,Non Refund,1.0,0,Transient,90.0,0,0
City Hotel,1,104,2015,August,36,30,2,1,2,0.0,0,HB,ESP,Groups,TA/TO,0,0,0,A,A,0,Non Refund,1.0,0,Transient,90.0,0,0
City Hotel,1,104,2015,August,36,30,2,1,2,0.0,0,HB,ESP,Groups,TA/TO,0,0,0,A,A,0,Non Refund,1.0,0,Transient,90.0,0,0
City Hotel,1,104,2015,August,36,30,2,1,2,0.0,0,HB,ESP,Groups,TA/TO,0,0,0,A,A,0,Non Refund,1.0,0,Transient,90.0,0,0
City Hotel,1,104,2015,August,36,30,2,1,2,0.0,0,HB,ESP,Groups,TA/TO,0,0,0,A,A,0,Non Refund,1.0,0,Transient,90.0,0,0
City Hotel,1,104,2015,August,36,30,2,1,2,0.0,0,HB,ESP,Groups,TA/TO,0,0,0,A,A,0,Non Refund,1.0,0,Transient,90.0,0,0
City Hotel,1,104,2015,August,36,30,2,1,2,0.0,0,HB,ESP,Groups,TA/TO,0,0,0,A,A,0,Non Refund,1.0,0,Transient,90.0,0,0
City Hotel,1,104,2015,August,36,30,2,1,2,0.0,0,HB,ESP,Groups,TA/TO,0,0,0,A,A,0,Non Refund,1.0,0,Transient,90.0,0,0
City Hotel,1,104,2015,August,36,30,2,1,2,0.0,0,HB,ESP,Groups,TA/TO,0,0,0,A,A,0,Non Refund,1.0,0,Transient,90.0,0,0
City Hotel,1,104,2015,August,36,30,2,1,2,0.0,0,HB,ESP,Groups,TA/TO,0,0,0,A,A,0,Non Refund,1.0,0,Transient,90.0,0,0
City Hotel,1,104,2015,August,36,30,2,1,2,0.0,0,HB,ESP,Groups,TA/TO,0,0,0,A,A,0,Non Refund,1.0,0,Transient,90.0,0,0
City Hotel,1,104,2015,August,36,30,2,1,2,0.0,0,HB,ESP,Groups,TA/TO,0,0,0,A,A,0,Non Refund,1.0,0,Transient,90.0,0,0
City Hotel,1,104,2015,August,36,30,2,1,2,0.0,0,HB,ESP,Groups,TA/TO,0,0,0,A,A,0,Non Refund,1.0,0,Transient,90.0,0,0
City Hotel,1,104,2015,August,36,30,2,1,2,0.0,0,HB,ESP,Groups,TA/TO,0,0,0,A,A,0,Non Refund,1.0,0,Transient,90.0,0,0
City Hotel,1,104,2015,August,36,30,2,1,2,0.0,0,HB,ESP,Groups,TA/TO,0,0,0,A,A,0,Non Refund,1.0,0,Transient,90.0,0,0
City Hotel,1,104,2015,August,36,30,2,1,2,0.0,0,HB,ESP,Groups,TA/TO,0,0,0,A,A,0,Non Refund,1.0,0,Transient,90.0,0,0
City Hotel,1,104,2015,August,36,30,2,1,2,0.0,0,HB,ESP,Groups,TA/TO,0,0,0,A,A,0,Non Refund,1.0,0,Transient,90.0,0,0
City Hotel,1,104,2015,August,36,30,2,1,2,0.0,0,HB,ESP,Groups,TA/TO,0,0,0,A,A,0,Non Refund,1.0,0,Transient,90.0,0,0
City Hotel,1,104,2015,August,36,30,2,1,2,0.0,0,HB,ESP,Groups,TA/TO,0,0,0,A,A,0,Non Refund,1.0,0,Transient,90.0,0,0
City Hotel,1,104,2015,August,36,30,2,1,2,0.0,0,HB,ESP,Groups,TA/TO,0,0,0,A,A,0,Non Refund,1.0,0,Transient,90.0,0,0
City Hotel,1,104,2015,August,36,30,2,1,2,0.0,0,HB,ESP,Groups,TA/TO,0,0,0,A,A,0,Non Refund,1.0,0,Transient,90.0,0,0
City Hotel,1,104,2015,August,36,30,2,1,2,0.0,0,HB,ESP,Groups,TA/TO,0,0,0,A,A,0,Non Refund,1.0,0,Transient,90.0,0,0
City Hotel,1,104,2015,August,36,30,2,1,2,0.0,0,HB,ESP,Groups,TA/TO,0,0,0,A,A,0,Non Refund,1.0,0,Transient,90.0,0,0
City Hotel,1,104,2015,August,36,30,2,1,2,0.0,0,HB,ESP,Groups,TA/TO,0,0,0,A,A,0,Non Refund,1.0,0,Transient,90.0,0,0
City Hotel,1,104,2015,August,36,30,2,1,2,0.0,0,HB,ESP,Groups,TA/TO,0,0,0,A,A,0,Non Refund,1.0,0,Transient,90.0,0,0
City Hotel,1,104,2015,August,36,30,2,1,2,0.0,0,HB,ESP,Groups,TA/TO,0,0,0,A,A,0,Non Refund,1.0,0,Transient,90.0,0,0
City Hotel,1,104,2015,August,36,30,2,1,2,0.0,0,HB,ESP,Groups,TA/TO,0,0,0,A,A,0,Non Refund,1.0,0,Transient,90.0,0,0
City Hotel,1,104,2015,August,36,30,2,1,2,0.0,0,HB,ESP,Groups,TA/TO,0,0,0,A,A,0,Non Refund,1.0,0,Transient,90.0,0,0
City Hotel,1,104,2015,August,36,30,2,1,2,0.0,0,HB,ESP,Groups,TA/TO,0,0,0,A,A,0,Non Refund,1.0,0,Transient,90.0,0,0
City Hotel,1,104,2015,August,36,30,2,1,2,0.0,0,HB,ESP,Groups,TA/TO,0,0,0,A,A,0,Non Refund,1.0,0,Transient,90.0,0,0
City Hotel,1,104,2015,August,36,30,2,1,2,0.0,0,HB,ESP,Groups,TA/TO,0,0,0,A,A,0,Non Refund,1.0,0,Transient,90.0,0,0
City Hotel,1,104,2015,August,36,30,2,1,2,0.0,0,HB,ESP,Groups,TA/TO,0,0,0,A,A,0,Non Refund,1.0,0,Transient,90.0,0,0
City Hotel,1,104,2015,August,36,30,2,1,2,0.0,0,HB,ESP,Groups,TA/TO,0,0,0,A,A,0,Non Refund,1.0,0,Transient,90.0,0,0
City Hotel,1,104,2015,August,36,30,2,1,2,0.0,0,HB,ESP,Groups,TA/TO,0,0,0,A,A,0,Non Refund,1.0,0,Transient,90.0,0,0
City Hotel,0,1,2015,August,36,30,2,2,2,0.0,0,BB,PRT,Direct,Direct,0,0,0,A,A,1,No Deposit,,0,Transient,114.0,0,0
City Hotel,0,13,2015,August,36,30,2,3,2,0.0,0,BB,BEL,Online TA,TA/TO,0,0,0,A,A,0,No Deposit,9.0,0,Contract,99.0,0,2
City Hotel,1,18,2015,August,36,30,2,3,2,0.0,0,BB,PRT,Online TA,TA/TO,0,0,0,A,A,0,No Deposit,9.0,0,Transient,89.0,0,1
City Hotel,0,5,2015,August,36,30,2,5,2,0.0,0,BB,FRA,Online TA,TA/TO,0,0,0,A,A,0,No Deposit,9.0,0,Contract,110.71,0,1
City Hotel,0,0,2015,August,36,31,1,0,2,0.0,0,BB,PRT,Direct,Direct,0,0,0,A,D,1,No Deposit,,0,Transient,85.0,0,0
City Hotel,0,0,2015,August,36,31,1,0,2,0.0,0,BB,PRT,Direct,Direct,0,0,0,A,A,1,No Deposit,,0,Transient,85.0,0,0
City Hotel,0,0,2015,August,36,31,1,0,2,0.0,0,BB,PRT,Direct,Direct,0,0,0,A,A,1,No Deposit,,0,Transient,85.0,0,0
City Hotel,0,0,2015,August,36,31,1,0,2,0.0,0,BB,FRA,Direct,Direct,0,0,0,D,E,0,No Deposit,,0,Transient,126.0,0,0
City Hotel,0,0,2015,August,36,31,1,0,2,0.0,0,BB,ITA,Online TA,TA/TO,0,0,0,A,D,0,No Deposit,9.0,0,Transient,106.0,0,0
City Hotel,0,145,2015,August,36,31,1,2,2,0.0,0,HB,ISR,Groups,TA/TO,0,0,0,A,A,0,No Deposit,1.0,0,Transient-Party,105.0,0,0
City Hotel,1,145,2015,August,36,31,1,2,2,0.0,0,HB,PRT,Groups,TA/TO,0,0,0,A,A,0,No Deposit,1.0,0,Transient-Party,90.0,0,0
City Hotel,0,145,2015,August,36,31,1,2,2,0.0,0,HB,ISR,Groups,TA/TO,0,0,0,A,A,0,No Deposit,1.0,0,Transient-Party,80.0,0,1
City Hotel,0,145,2015,August,36,31,1,2,2,0.0,0,HB,ISR,Groups,TA/TO,0,0,0,A,A,0,No Deposit,1.0,0,Transient-Party,80.0,0,1
City Hotel,0,145,2015,August,36,31,1,2,2,0.0,0,HB,ISR,Groups,TA/TO,0,0,0,A,A,0,No Deposit,1.0,0,Transient-Party,80.0,0,1
City Hotel,0,145,2015,August,36,31,1,2,2,0.0,0,HB,ISR,Groups,TA/TO,0,0,0,A,A,0,No Deposit,1.0,0,Transient-Party,80.0,0,1
City Hotel,1,145,2015,August,36,31,1,2,2,0.0,0,HB,PRT,Groups,TA/TO,0,0,0,A,A,0,No Deposit,1.0,0,Transient-Party,90.0,0,0
City Hotel,0,145,2015,August,36,31,1,2,2,0.0,0,HB,ISR,Groups,TA/TO,0,0,0,A,A,0,No Deposit,1.0,0,Transient-Party,80.0,0,1
City Hotel,1,145,2015,August,36,31,1,2,2,0.0,0,HB,PRT,Groups,TA/TO,0,0,0,A,A,0,No Deposit,1.0,0,Transient-Party,80.0,0,0
City Hotel,0,145,2015,August,36,31,1,2,2,0.0,0,HB,ISR,Groups,TA/TO,0,0,0,A,A,0,No Deposit,1.0,0,Transient-Party,80.0,0,1
City Hotel,0,145,2015,August,36,31,1,2,2,0.0,0,HB,ISR,Groups,TA/TO,0,0,0,A,A,0,No Deposit,1.0,0,Transient-Party,80.0,0,1
City Hotel,1,145,2015,August,36,31,1,2,2,0.0,0,HB,PRT,Groups,TA/TO,0,0,0,A,A,0,No Deposit,1.0,0,Transient-Party,90.0,0,0
City Hotel,0,145,2015,August,36,31,1,2,2,0.0,0,HB,ISR,Groups,TA/TO,0,0,0,A,A,0,No Deposit,1.0,0,Transient-Party,80.0,0,1
City Hotel,0,145,2015,August,36,31,1,2,2,0.0,0,HB,ISR,Groups,TA/TO,0,0,0,A,D,0,No Deposit,1.0,0,Transient-Party,80.0,0,1
City Hotel,1,145,2015,August,36,31,1,2,2,0.0,0,HB,PRT,Groups,TA/TO,0,0,0,A,A,0,No Deposit,1.0,0,Transient-Party,90.0,0,0
City Hotel,0,3,2015,August,36,31,1,2,2,0.0,0,BB,PRT,Direct,Direct,0,0,0,A,A,0,No Deposit,14.0,0,Transient,105.33,1,1
City Hotel,0,0,2015,August,36,31,1,2,2,0.0,0,SC,GBR,Online TA,TA/TO,0,0,0,A,D,0,No Deposit,8.0,0,Transient,96.33,0,1
City Hotel,0,5,2015,August,36,31,1,3,2,0.0,0,BB,FRA,Online TA,TA/TO,0,0,0,A,A,0,No Deposit,9.0,0,Transient,105.25,0,2
City Hotel,0,13,2015,August,36,31,1,3,2,0.0,0,BB,NLD,Direct,Direct,0,0,0,A,A,0,No Deposit,14.0,0,Transient,75.0,0,0
City Hotel,0,5,2015,August,36,31,1,3,2,0.0,0,BB,ITA,Online TA,TA/TO,0,0,0,F,F,0,No Deposit,9.0,0,Contract,155.25,0,1
City Hotel,1,18,2015,August,36,31,1,3,2,0.0,0,BB,PRT,Online TA,TA/TO,0,0,0,A,A,0,No Deposit,9.0,0,Contract,101.25,0,1
City Hotel,0,5,2015,August,36,31,1,3,2,0.0,0,BB,PRT,Direct,Direct,0,0,0,A,A,2,No Deposit,14.0,0,Group,85.0,0,0
City Hotel,0,3,2015,August,36,31,1,3,2,0.0,0,BB,DEU,Offline TA/TO,TA/TO,0,0,0,A,A,0,No Deposit,27.0,0,Transient,46.54,0,0
City Hotel,0,19,2015,August,36,31,1,4,2,0.0,0,BB,BEL,Online TA,TA/TO,0,0,0,A,A,0,No Deposit,9.0,0,Contract,102.0,0,0
City Hotel,0,27,2015,August,36,31,1,4,2,0.0,0,BB,PRT,Direct,Direct,0,0,0,A,A,0,No Deposit,14.0,0,Transient,75.0,0,0
City Hotel,0,9,2015,August,36,31,1,4,2,0.0,0,BB,DEU,Online TA,TA/TO,0,0,0,A,D,0,No Deposit,9.0,0,Transient,109.0,0,2
City Hotel,1,9,2015,August,36,31,1,4,2,0.0,0,BB,PRT,Online TA,TA/TO,0,0,0,A,A,0,No Deposit,9.0,0,Transient,109.0,0,2
City Hotel,0,9,2015,August,36,31,1,4,2,0.0,0,BB,DEU,Online TA,TA/TO,0,0,0,A,D,0,No Deposit,9.0,0,Transient,109.0,0,2
City Hotel,0,21,2015,August,36,31,1,5,2,0.0,0,BB,ITA,Direct,Direct,0,0,0,A,A,0,No Deposit,14.0,0,Transient,75.0,0,0
City Hotel,0,7,2015,August,36,31,1,5,2,0.0,0,BB,FRA,Direct,Direct,0,0,0,A,A,0,No Deposit,14.0,0,Transient,75.0,0,0
City Hotel,0,10,2015,August,36,31,2,5,2,0.0,0,BB,ESP,Offline TA/TO,TA/TO,0,0,0,A,A,0,No Deposit,57.0,0,Transient,85.0,0,0
City Hotel,0,21,2015,August,36,31,3,5,2,0.0,0,BB,DEU,Online TA,TA/TO,0,0,0,A,A,0,No Deposit,9.0,0,Transient,103.13,0,0
City Hotel,0,16,2015,August,36,31,1,1,2,0.0,0,BB,ITA,Online TA,TA/TO,0,0,0,A,A,0,No Deposit,9.0,0,Transient,97.5,0,0
City Hotel,0,0,2015,September,36,1,0,1,2,0.0,0,BB,PRT,Complementary,Direct,0,0,0,A,E,0,No Deposit,,0,Transient,0.0,0,0
City Hotel,0,1,2015,September,36,1,0,1,2,0.0,0,BB,PRT,Online TA,TA/TO,0,0,0,A,A,0,No Deposit,9.0,0,Contract,105.0,0,0
City Hotel,0,1,2015,September,36,1,0,1,2,0.0,0,BB,PRT,Direct,Direct,0,0,0,A,B,0,No Deposit,14.0,0,Transient,105.0,0,1
City Hotel,0,12,2015,September,36,1,0,4,2,0.0,0,BB,ESP,Direct,Direct,0,0,0,E,E,3,No Deposit,14.0,0,Transient,89.0,0,1
City Hotel,0,21,2015,September,36,1,0,4,2,0.0,0,BB,BEL,Online TA,TA/TO,0,0,0,A,A,2,No Deposit,9.0,0,Transient,105.0,0,0
City Hotel,0,7,2015,September,36,1,0,5,2,0.0,0,BB,PRT,Direct,Direct,0,0,0,A,A,0,No Deposit,14.0,0,Transient,75.0,0,0
City Hotel,0,22,2015,September,36,1,1,5,2,0.0,0,BB,ITA,Online TA,TA/TO,0,0,0,A,A,0,No Deposit,9.0,0,Contract,105.0,0,2
City Hotel,0,20,2015,September,36,1,2,5,2,0.0,0,BB,ITA,Offline TA/TO,TA/TO,0,0,0,B,B,0,No Deposit,61.0,0,Transient-Party,86.4,0,1
City Hotel,0,20,2015,September,36,1,2,5,2,0.0,0,BB,FRA,Online TA,TA/TO,0,0,0,A,A,0,No Deposit,7.0,0,Transient,76.81,0,0
City Hotel,0,24,2015,September,36,1,2,6,2,0.0,0,BB,DEU,Offline TA/TO,TA/TO,0,0,0,A,A,1,No Deposit,16.0,0,Transient,53.85,0,0
City Hotel,0,96,2015,September,36,1,2,7,2,0.0,0,BB,DEU,Offline TA/TO,TA/TO,0,0,0,A,A,0,No Deposit,27.0,0,Transient,76.5,0,0
City Hotel,1,6,2015,September,36,1,3,10,2,0.0,0,BB,PRT,Online TA,TA/TO,0,0,0,A,A,0,No Deposit,9.0,0,Contract,116.62,0,1
City Hotel,0,17,2015,September,36,1,0,3,2,0.0,0,BB,AUT,Online TA,TA/TO,0,0,0,A,D,0,No Deposit,9.0,0,Transient,105.0,0,0
City Hotel,0,5,2015,September,36,1,0,3,2,0.0,0,SC,FRA,Online TA,TA/TO,0,0,0,A,A,0,No Deposit,9.0,0,Contract,96.0,0,0
City Hotel,0,22,2015,September,36,1,0,3,2,0.0,0,BB,FRA,Online TA,TA/TO,0,0,0,A,A,0,No Deposit,9.0,0,Contract,105.0,0,2
City Hotel,0,4,2015,September,36,1,0,2,2,0.0,0,SC,CHN,Online TA,TA/TO,0,0,0,A,A,0,No Deposit,9.0,0,Contract,96.0,0,1
City Hotel,0,23,2015,September,36,2,0,1,2,0.0,0,BB,CN,Direct,Direct,0,0,0,A,D,0,No Deposit,14.0,0,Transient,105.0,0,1
City Hotel,0,2,2015,September,36,2,0,1,2,0.0,0,SC,PRT,Online TA,TA/TO,0,0,0,D,D,0,No Deposit,9.0,0,Contract,115.0,0,1
City Hotel,0,6,2015,September,36,2,0,4,2,0.0,0,BB,ESP,Online TA,TA/TO,0,0,0,A,D,0,No Deposit,9.0,0,Contract,114.5,0,2
City Hotel,0,20,2015,September,36,2,0,4,2,0.0,0,BB,TWN,Online TA,TA/TO,0,0,0,A,D,0,No Deposit,7.0,0,Transient,80.85,0,2
City Hotel,0,53,2015,September,36,2,2,5,2,0.0,0,SC,NLD,Online TA,TA/TO,0,0,0,A,D,0,No Deposit,7.0,0,Transient,66.53,0,2
City Hotel,0,14,2015,September,36,2,2,5,2,0.0,0,BB,PRT,Online TA,TA/TO,0,0,0,D,D,0,No Deposit,7.0,0,Transient,74.61,0,2
City Hotel,0,55,2015,September,36,2,2,6,2,0.0,0,BB,FRA,Online TA,TA/TO,0,0,0,A,A,0,No Deposit,9.0,0,Transient,97.93,0,1
City Hotel,0,14,2015,September,36,2,0,1,2,0.0,0,BB,DEU,Online TA,TA/TO,0,0,0,A,D,0,No Deposit,10.0,0,Transient,94.5,0,1
City Hotel,1,37,2015,September,36,2,0,1,2,0.0,0,BB,PRT,Online TA,TA/TO,0,0,0,A,A,0,No Deposit,9.0,0,Contract,103.5,0,2
City Hotel,0,4,2015,September,36,2,0,2,2,0.0,0,SC,FRA,Online TA,TA/TO,0,0,0,A,D,0,No Deposit,7.0,0,Group,73.92,0,1
City Hotel,1,21,2015,September,36,2,0,2,2,0.0,0,BB,IRN,Online TA,TA/TO,0,0,0,A,A,0,No Deposit,9.0,0,Transient,105.0,0,0
City Hotel,0,23,2015,September,36,2,0,2,2,0.0,0,SC,RUS,Online TA,TA/TO,0,0,0,A,A,1,No Deposit,9.0,0,Contract,96.0,0,2
City Hotel,0,0,2015,September,36,2,0,2,2,0.0,0,SC,AUS,Online TA,TA/TO,0,0,0,D,D,0,No Deposit,9.0,0,Contract,105.5,0,0
City Hotel,0,63,2015,September,36,2,0,3,2,0.0,0,BB,BRA,Groups,TA/TO,0,0,0,A,A,0,No Deposit,1.0,0,Transient-Party,60.0,0,0
City Hotel,0,63,2015,September,36,2,0,3,2,0.0,0,BB,BRA,Groups,TA/TO,0,0,0,A,B,0,No Deposit,1.0,0,Transient,60.0,0,1
City Hotel,0,63,2015,September,36,2,0,3,2,0.0,0,BB,BRA,Groups,TA/TO,0,0,0,A,D,0,No Deposit,1.0,0,Transient-Party,60.0,0,1
City Hotel,1,79,2015,September,36,2,0,3,2,0.0,0,BB,PRT,Online TA,TA/TO,0,0,0,A,A,0,No Deposit,9.0,0,Transient,89.25,0,0
City Hotel,1,49,2015,September,36,2,0,3,2,0.0,0,BB,PRT,Offline TA/TO,TA/TO,0,0,0,A,A,0,No Deposit,13.0,0,Transient-Party,76.5,0,0
City Hotel,0,63,2015,September,36,2,0,3,2,0.0,0,BB,ESP,Groups,TA/TO,0,0,0,A,A,0,No Deposit,1.0,0,Transient-Party,60.0,0,0
City Hotel,0,63,2015,September,36,2,0,3,2,0.0,0,BB,BRA,Groups,TA/TO,0,0,0,A,A,0,No Deposit,1.0,0,Transient-Party,60.0,0,0
City Hotel,0,18,2015,September,36,2,0,3,2,0.0,0,BB,ITA,Online TA,TA/TO,0,0,0,A,A,3,No Deposit,7.0,0,Transient,12.0,0,2
City Hotel,0,63,2015,September,36,2,0,3,2,0.0,0,BB,BRA,Groups,TA/TO,0,0,0,A,A,0,No Deposit,1.0,0,Transient-Party,60.0,0,1
City Hotel,0,63,2015,September,36,2,0,3,2,0.0,0,BB,BRA,Groups,TA/TO,0,0,0,A,E,0,No Deposit,1.0,0,Transient-Party,60.0,0,0
City Hotel,1,49,2015,September,36,2,0,3,2,0.0,0,BB,PRT,Offline TA/TO,TA/TO,0,0,0,A,A,0,No Deposit,13.0,0,Transient-Party,76.5,0,0
City Hotel,0,63,2015,September,36,2,0,3,2,0.0,0,BB,BRA,Groups,TA/TO,0,0,0,A,A,0,No Deposit,1.0,0,Transient-Party,60.0,0,1
City Hotel,0,63,2015,September,36,2,0,3,2,0.0,0,BB,BRA,Groups,TA/TO,0,0,0,A,B,0,No Deposit,1.0,0,Transient-Party,60.0,0,0
City Hotel,0,16,2015,September,36,2,0,3,2,0.0,0,BB,NLD,Online TA,TA/TO,0,0,0,A,A,0,No Deposit,8.0,0,Transient,105.0,0,0
City Hotel,0,18,2015,September,36,2,0,3,2,0.0,0,BB,ITA,Online TA,TA/TO,0,0,0,A,A,3,No Deposit,7.0,0,Transient,76.81,0,2
City Hotel,0,63,2015,September,36,2,0,3,2,0.0,0,BB,BRA,Groups,TA/TO,0,0,0,A,A,0,No Deposit,1.0,0,Transient-Party,60.0,0,0
City Hotel,0,63,2015,September,36,2,0,3,2,0.0,0,BB,BRA,Groups,TA/TO,0,0,0,A,D,0,No Deposit,1.0,0,Transient-Party,60.0,0,0
City Hotel,0,20,2015,September,36,2,0,4,2,0.0,0,BB,TWN,Online TA,TA/TO,0,0,0,A,D,0,No Deposit,7.0,0,Transient,80.85,0,2
City Hotel,0,9,2015,September,36,2,0,4,2,0.0,0,BB,DEU,Online TA,TA/TO,0,0,0,A,A,0,No Deposit,10.0,0,Transient,103.05,0,0
City Hotel,0,16,2015,September,36,2,0,4,2,0.0,0,BB,PRT,Direct,Direct,0,0,0,A,A,0,No Deposit,14.0,0,Transient,105.0,0,0
City Hotel,0,20,2015,September,36,2,0,4,2,0.0,0,BB,FRA,Online TA,TA/TO,0,0,0,A,A,0,No Deposit,7.0,0,Transient,80.85,0,2
City Hotel,0,19,2015,September,36,2,0,4,2,0.0,0,BB,FRA,Offline TA/TO,TA/TO,0,0,0,E,E,0,No Deposit,6.0,0,Transient,83.55,0,1
City Hotel,0,1,2015,September,36,3,0,1,2,0.0,0,BB,ITA,Online TA,TA/TO,0,0,0,A,A,0,No Deposit,9.0,0,Contract,105.0,0,0
City Hotel,0,0,2015,September,36,3,0,1,2,0.0,0,BB,FRA,Direct,Direct,0,0,0,A,A,0,No Deposit,,0,Transient,115.0,0,0
City Hotel,0,0,2015,September,36,3,0,1,2,0.0,0,BB,FRA,Direct,Direct,0,0,0,A,A,0,No Deposit,,0,Transient,115.0,0,0
City Hotel,0,1,2015,September,36,3,0,1,2,0.0,0,SC,PRT,Online TA,TA/TO,0,0,0,D,D,0,No Deposit,9.0,0,Contract,96.0,0,2
City Hotel,0,2,2015,September,36,3,0,2,2,0.0,0,BB,PRT,Online TA,TA/TO,0,0,0,A,A,0,No Deposit,9.0,0,Contract,133.5,0,2
City Hotel,0,21,2015,September,36,3,0,2,2,0.0,0,BB,SWE,Online TA,TA/TO,0,0,0,A,A,0,No Deposit,9.0,0,Contract,105.0,0,0
City Hotel,0,3,2015,September,36,3,0,2,2,0.0,0,BB,BEL,Online TA,TA/TO,0,0,0,A,A,0,No Deposit,9.0,0,Contract,114.5,0,0
City Hotel,0,5,2015,September,36,3,0,2,2,0.0,0,SC,ESP,Online TA,TA/TO,0,0,0,D,D,0,No Deposit,9.0,0,Transient,124.5,0,3
City Hotel,0,5,2015,September,36,3,0,2,2,0.0,0,SC,ESP,Online TA,TA/TO,0,0,0,D,D,1,No Deposit,9.0,0,Transient,124.5,0,3
City Hotel,0,97,2015,September,36,3,0,3,2,0.0,0,BB,NLD,Online TA,TA/TO,0,0,0,A,A,1,No Deposit,9.0,0,Transient,89.25,0,0
City Hotel,1,8,2015,September,36,3,0,3,2,0.0,0,BB,PRT,Online TA,TA/TO,0,0,0,A,D,0,No Deposit,9.0,0,Contract,117.67,0,2
City Hotel,0,80,2015,September,36,3,0,3,2,0.0,0,BB,CHN,Online TA,TA/TO,0,0,0,A,A,0,No Deposit,9.0,0,Transient,89.25,0,0
City Hotel,0,10,2015,September,36,3,0,3,2,0.0,0,BB,PRT,Online TA,TA/TO,0,0,0,A,A,0,No Deposit,9.0,0,Contract,117.67,0,1
City Hotel,0,21,2015,September,36,3,0,3,2,0.0,0,BB,DEU,Online TA,TA/TO,0,0,0,A,A,0,No Deposit,9.0,0,Contract,105.0,0,2
City Hotel,0,0,2015,September,36,3,0,3,2,0.0,0,SC,PRT,Online TA,TA/TO,0,0,0,D,D,0,No Deposit,9.0,0,Contract,121.33,0,0
City Hotel,0,5,2015,September,36,3,0,3,2,0.0,0,BB,MEX,Online TA,TA/TO,0,0,0,A,A,0,No Deposit,9.0,0,Transient,117.67,0,2
City Hotel,0,8,2015,September,36,3,0,3,2,0.0,0,BB,ESP,Online TA,TA/TO,0,0,0,A,D,0,No Deposit,9.0,0,Contract,117.67,0,2
City Hotel,0,13,2015,September,36,3,1,3,2,0.0,0,BB,FRA,Offline TA/TO,TA/TO,0,0,0,A,A,0,No Deposit,13.0,0,Transient,84.0,0,1
City Hotel,0,80,2015,September,36,3,1,3,2,0.0,0,SC,PRT,Online TA,TA/TO,0,0,0,A,A,0,No Deposit,7.0,0,Transient,62.83,0,1
City Hotel,0,10,2015,September,36,3,1,3,2,0.0,0,BB,ESP,Offline TA/TO,TA/TO,0,0,0,A,A,0,No Deposit,22.0,0,Transient,85.0,0,0
City Hotel,0,21,2015,September,36,3,2,3,2,0.0,0,BB,PRT,Online TA,TA/TO,0,0,0,A,A,0,No Deposit,9.0,0,Contract,105.0,0,0
City Hotel,0,28,2015,September,36,3,2,3,2,0.0,0,BB,ITA,Online TA,TA/TO,0,0,0,A,D,0,No Deposit,9.0,0,Contract,96.6,0,2
City Hotel,0,9,2015,September,36,3,2,4,2,0.0,0,BB,FRA,Online TA,TA/TO,0,0,0,A,A,0,No Deposit,9.0,0,Contract,122.33,0,2
City Hotel,0,28,2015,September,36,3,2,5,2,0.0,0,BB,ESP,Offline TA/TO,TA/TO,0,0,0,A,A,0,No Deposit,13.0,0,Contract,90.51,0,0
City Hotel,0,10,2015,September,36,3,0,3,2,0.0,0,BB,PRT,Online TA,TA/TO,0,0,0,A,A,0,No Deposit,9.0,0,Contract,117.67,0,1
City Hotel,0,6,2015,September,36,3,0,3,2,0.0,0,BB,PRT,Online TA,TA/TO,0,0,0,A,A,0,No Deposit,9.0,0,Contract,117.67,0,2
City Hotel,0,1,2015,September,36,3,0,3,2,0.0,0,SC,PRT,Online TA,TA/TO,0,0,0,D,D,0,No Deposit,9.0,0,Contract,121.33,0,1
City Hotel,0,41,2015,September,36,4,0,1,2,0.0,0,HB,ITA,Offline TA/TO,TA/TO,0,0,0,A,A,0,No Deposit,39.0,38,Transient-Party,110.0,0,0
City Hotel,0,23,2015,September,36,4,0,1,2,0.0,0,BB,DEU,Online TA,TA/TO,0,0,0,A,A,0,No Deposit,8.0,0,Transient,105.0,0,0
City Hotel,0,41,2015,September,36,4,0,1,2,0.0,0,HB,ITA,Offline TA/TO,TA/TO,0,0,0,A,D,0,No Deposit,39.0,38,Transient-Party,110.0,0,0
City Hotel,0,41,2015,September,36,4,0,1,2,0.0,0,HB,ITA,Offline TA/TO,TA/TO,0,0,0,A,A,0,No Deposit,39.0,38,Transient-Party,110.0,0,0
City Hotel,0,63,2015,September,36,4,0,2,2,0.0,0,HB,PRT,Offline TA/TO,TA/TO,0,0,0,A,D,0,No Deposit,21.0,0,Transient-Party,116.0,0,0
City Hotel,0,63,2015,September,36,4,0,2,2,0.0,0,HB,ITA,Offline TA/TO,TA/TO,0,0,0,A,D,0,No Deposit,21.0,0,Transient-Party,116.0,0,0
City Hotel,0,63,2015,September,36,4,0,2,2,0.0,0,HB,PRT,Offline TA/TO,TA/TO,0,0,0,A,D,0,No Deposit,21.0,0,Transient-Party,116.0,0,0
City Hotel,0,8,2015,September,36,4,0,2,2,0.0,0,BB,NLD,Online TA,TA/TO,0,0,0,A,A,0,No Deposit,9.0,0,Contract,124.0,0,2
City Hotel,0,18,2015,September,36,4,0,2,2,0.0,0,SC,ESP,Online TA,TA/TO,0,0,0,A,D,0,No Deposit,9.0,0,Contract,96.0,0,1
City Hotel,0,63,2015,September,36,4,0,2,2,0.0,0,HB,ITA,Offline TA/TO,TA/TO,0,0,0,A,A,0,No Deposit,21.0,0,Transient-Party,116.0,0,0
City Hotel,1,63,2015,September,36,4,0,2,2,0.0,0,HB,PRT,Offline TA/TO,TA/TO,0,0,0,A,A,0,No Deposit,21.0,0,Transient-Party,116.0,0,0
City Hotel,0,63,2015,September,36,4,0,2,2,0.0,0,HB,PRT,Offline TA/TO,TA/TO,0,0,0,A,D,0,No Deposit,21.0,0,Transient-Party,116.0,0,0
City Hotel,1,63,2015,September,36,4,0,2,2,0.0,0,HB,PRT,Offline TA/TO,TA/TO,0,0,0,A,A,0,No Deposit,21.0,0,Transient-Party,116.0,0,0
City Hotel,1,63,2015,September,36,4,0,2,2,0.0,0,HB,PRT,Offline TA/TO,TA/TO,0,0,0,A,A,0,No Deposit,21.0,0,Transient-Party,116.0,0,0
City Hotel,0,63,2015,September,36,4,0,2,2,0.0,0,HB,PRT,Offline TA/TO,TA/TO,0,0,0,A,D,0,No Deposit,21.0,0,Transient-Party,116.0,0,0
City Hotel,1,63,2015,September,36,4,0,2,2,0.0,0,HB,PRT,Offline TA/TO,TA/TO,0,0,0,A,A,0,No Deposit,21.0,0,Transient-Party,116.0,0,0
City Hotel,0,63,2015,September,36,4,0,2,2,0.0,0,HB,ITA,Offline TA/TO,TA/TO,0,0,0,A,D,0,No Deposit,21.0,0,Transient-Party,116.0,0,0
City Hotel,0,63,2015,September,36,4,0,2,2,0.0,0,HB,PRT,Offline TA/TO,TA/TO,0,0,0,A,D,0,No Deposit,21.0,0,Transient-Party,116.0,0,0
City Hotel,0,11,2015,September,36,4,0,2,2,0.0,0,BB,FRA,Online TA,TA/TO,0,0,0,A,A,0,No Deposit,9.0,0,Contract,124.0,0,2
City Hotel,0,4,2015,September,36,4,0,2,2,0.0,0,BB,GBR,Online TA,TA/TO,0,0,0,A,A,0,No Deposit,9.0,0,Contract,124.0,1,1
City Hotel,0,63,2015,September,36,4,0,2,2,0.0,0,HB,PRT,Offline TA/TO,TA/TO,0,0,0,A,A,0,No Deposit,21.0,0,Transient-Party,116.0,0,0
City Hotel,1,63,2015,September,36,4,0,2,2,0.0,0,HB,PRT,Offline TA/TO,TA/TO,0,0,0,A,A,0,No Deposit,21.0,0,Transient-Party,116.0,0,0
City Hotel,1,63,2015,September,36,4,0,2,2,0.0,0,HB,PRT,Offline TA/TO,TA/TO,0,0,0,A,A,0,No Deposit,21.0,0,Transient-Party,56.0,0,0
City Hotel,1,63,2015,September,36,4,0,2,2,0.0,0,HB,PRT,Offline TA/TO,TA/TO,0,0,0,A,A,0,No Deposit,21.0,0,Transient-Party,116.0,0,0
City Hotel,0,63,2015,September,36,4,0,2,2,0.0,0,HB,PRT,Offline TA/TO,TA/TO,0,0,0,A,A,1,No Deposit,21.0,0,Transient-Party,116.0,0,0
City Hotel,0,63,2015,September,36,4,0,2,2,0.0,0,HB,PRT,Offline TA/TO,TA/TO,0,0,0,A,A,0,No Deposit,21.0,0,Transient-Party,116.0,0,0
City Hotel,1,63,2015,September,36,4,0,2,2,0.0,0,HB,PRT,Offline TA/TO,TA/TO,0,0,0,A,A,0,No Deposit,21.0,0,Transient-Party,116.0,0,0
City Hotel,1,63,2015,September,36,4,0,2,2,0.0,0,HB,PRT,Offline TA/TO,TA/TO,0,0,0,A,A,0,No Deposit,21.0,0,Transient-Party,116.0,0,0
City Hotel,0,1,2015,September,36,4,0,2,2,0.0,0,BB,ITA,Offline TA/TO,TA/TO,0,0,0,A,E,0,No Deposit,21.0,0,Transient-Party,116.0,0,0
City Hotel,1,106,2015,September,36,4,0,2,2,0.0,0,BB,PRT,Online TA,TA/TO,0,0,0,A,A,0,No Deposit,9.0,0,Transient,89.25,0,0
City Hotel,0,63,2015,September,36,4,0,2,2,0.0,0,HB,PRT,Offline TA/TO,TA/TO,0,0,0,A,D,0,No Deposit,21.0,0,Transient-Party,116.0,0,0
City Hotel,0,63,2015,September,36,4,0,2,2,0.0,0,HB,PRT,Offline TA/TO,TA/TO,0,0,0,A,D,0,No Deposit,21.0,0,Transient-Party,116.0,0,0
City Hotel,0,3,2015,September,36,4,0,2,2,0.0,0,BB,PRT,Online TA,TA/TO,0,0,0,A,A,1,No Deposit,9.0,0,Contract,143.0,0,1
City Hotel,0,162,2015,September,36,4,1,2,2,0.0,0,HB,PRT,Offline TA/TO,TA/TO,0,0,0,A,A,0,No Deposit,24.0,0,Transient-Party,85.17,0,2
City Hotel,0,16,2015,September,36,4,0,1,2,0.0,0,BB,TUR,Online TA,TA/TO,0,0,0,A,A,0,No Deposit,9.0,0,Contract,105.0,0,2
City Hotel,0,23,2015,September,36,4,0,1,2,0.0,0,BB,DEU,Online TA,TA/TO,0,0,0,A,A,0,No Deposit,8.0,0,Transient,105.0,0,0
City Hotel,0,41,2015,September,36,4,0,1,2,0.0,0,HB,ITA,Offline TA/TO,TA/TO,0,0,0,A,A,0,No Deposit,39.0,38,Transient-Party,110.0,0,0
City Hotel,0,1,2015,September,36,4,0,1,2,0.0,0,HB,PRT,Offline TA/TO,TA/TO,0,0,0,A,A,0,No Deposit,6.0,0,Transient-Party,108.0,0,0
City Hotel,0,41,2015,September,36,4,0,1,2,0.0,0,HB,ITA,Offline TA/TO,TA/TO,0,0,0,A,A,0,No Deposit,39.0,38,Transient-Party,110.0,0,0
City Hotel,0,162,2015,September,36,4,1,2,2,0.0,0,HB,FRA,Offline TA/TO,TA/TO,0,0,0,A,A,0,No Deposit,24.0,0,Transient-Party,85.17,0,2
City Hotel,0,9,2015,September,36,4,1,2,2,0.0,0,BB,AUT,Direct,Direct,0,0,0,A,A,0,No Deposit,,0,Transient,124.0,0,0
City Hotel,0,14,2015,September,36,4,2,2,2,0.0,0,HB,ESP,Online TA,TA/TO,0,0,0,A,B,0,No Deposit,15.0,0,Transient,113.0,1,3
City Hotel,0,21,2015,September,36,4,2,2,2,0.0,0,BB,PRT,Online TA,TA/TO,0,0,0,A,A,0,No Deposit,9.0,0,Contract,105.0,0,2
City Hotel,0,14,2015,September,36,4,2,2,2,0.0,0,HB,ESP,Online TA,TA/TO,0,0,0,A,B,0,No Deposit,15.0,0,Transient,113.0,1,3
City Hotel,0,22,2015,September,36,4,2,3,2,0.0,0,BB,IRL,Online TA,TA/TO,0,0,0,A,A,0,No Deposit,11.0,0,Transient,75.6,0,0
City Hotel,0,162,2015,September,36,4,1,2,2,0.0,0,HB,FRA,Offline TA/TO,TA/TO,0,0,0,A,A,0,No Deposit,24.0,0,Transient-Party,85.17,0,1
City Hotel,0,22,2015,September,36,4,1,2,2,0.0,0,BB,FRA,Online TA,TA/TO,0,0,0,A,A,0,No Deposit,7.0,0,Transient,76.81,0,0
City Hotel,0,22,2015,September,36,4,1,2,2,0.0,0,BB,PRT,Online TA,TA/TO,0,0,0,A,D,2,No Deposit,9.0,0,Contract,105.0,0,2
City Hotel,0,22,2015,September,36,4,2,3,2,0.0,0,BB,IRL,Online TA,TA/TO,0,0,0,A,A,0,No Deposit,11.0,0,Transient,75.6,0,0
City Hotel,0,14,2015,September,36,4,2,3,2,0.0,0,BB,FRA,Online TA,TA/TO,0,0,0,D,D,0,No Deposit,7.0,0,Transient,78.54,0,1
City Hotel,0,14,2015,September,36,4,2,3,2,0.0,0,BB,FRA,Online TA,TA/TO,0,0,0,D,D,0,No Deposit,7.0,0,Transient,78.54,0,1
City Hotel,1,69,2015,September,36,4,2,4,2,0.0,0,BB,PRT,Online TA,TA/TO,0,0,0,A,A,0,No Deposit,9.0,0,Transient,97.33,0,1
City Hotel,0,82,2015,September,36,5,0,1,2,0.0,0,BB,AUT,Online TA,TA/TO,0,0,0,A,A,0,No Deposit,9.0,0,Transient,98.25,1,2
City Hotel,0,10,2015,September,36,5,0,1,2,0.0,0,BB,PRT,Offline TA/TO,TA/TO,0,0,0,A,A,0,No Deposit,6.0,0,Group,85.0,0,1
City Hotel,0,12,2015,September,36,5,0,1,2,0.0,0,BB,FRA,Online TA,TA/TO,0,0,0,A,E,0,No Deposit,9.0,0,Contract,124.0,0,2
City Hotel,0,3,2015,September,36,5,0,1,2,0.0,0,BB,USA,Online TA,TA/TO,0,0,0,A,A,0,No Deposit,9.0,0,Contract,143.0,0,1
City Hotel,0,0,2015,September,36,5,0,1,2,0.0,0,BB,ESP,Direct,Direct,0,0,0,A,A,0,No Deposit,,0,Transient,143.0,0,0
City Hotel,0,0,2015,September,36,5,0,1,2,0.0,0,BB,ESP,Online TA,TA/TO,0,0,0,A,A,0,No Deposit,9.0,0,Transient,143.0,0,1
City Hotel,0,10,2015,September,36,5,0,1,2,0.0,0,BB,PRT,Offline TA/TO,TA/TO,0,0,0,A,A,0,No Deposit,6.0,0,Group,85.0,0,1
City Hotel,1,5,2015,September,36,5,0,1,2,0.0,0,BB,PRT,Online TA,TA/TO,0,0,0,A,A,0,No Deposit,9.0,0,Contract,124.0,0,1
City Hotel,0,0,2015,September,36,5,0,1,2,0.0,0,BB,PRT,Direct,Direct,0,0,0,A,A,0,No Deposit,14.0,0,Group,143.0,0,1
City Hotel,1,25,2015,September,36,5,0,1,2,0.0,0,BB,PRT,Online TA,TA/TO,0,0,0,A,A,0,No Deposit,9.0,0,Contract,105.0,0,1
City Hotel,0,82,2015,September,36,5,0,1,2,0.0,0,BB,USA,Online TA,TA/TO,0,0,0,A,A,0,No Deposit,9.0,0,Transient,89.25,0,2
City Hotel,0,9,2015,September,36,5,0,1,2,0.0,0,BB,PRT,Complementary,Direct,0,0,0,E,G,2,No Deposit,,0,Transient,0.0,0,1
City Hotel,0,7,2015,September,36,5,0,1,2,0.0,0,SC,AUT,Online TA,TA/TO,0,0,0,A,A,1,No Deposit,9.0,0,Transient,115.0,0,2
City Hotel,1,65,2015,September,36,5,1,1,2,0.0,0,BB,PRT,Groups,TA/TO,0,0,0,A,A,0,Non Refund,1.0,0,Transient,62.0,0,0
City Hotel,1,65,2015,September,36,5,1,1,2,0.0,0,BB,PRT,Groups,TA/TO,0,0,0,A,A,0,Non Refund,1.0,0,Transient,62.0,0,0
City Hotel,1,65,2015,September,36,5,1,1,2,0.0,0,BB,PRT,Groups,TA/TO,0,0,0,A,A,0,Non Refund,1.0,0,Transient,62.0,0,0
City Hotel,1,65,2015,September,36,5,1,1,2,0.0,0,BB,PRT,Groups,TA/TO,0,0,0,A,A,0,Non Refund,1.0,0,Transient,62.0,0,0
City Hotel,1,65,2015,September,36,5,1,1,2,0.0,0,BB,PRT,Groups,TA/TO,0,0,0,A,A,0,Non Refund,1.0,0,Transient,62.0,0,0
City Hotel,1,65,2015,September,36,5,1,1,2,0.0,0,BB,PRT,Groups,TA/TO,0,0,0,A,A,0,Non Refund,1.0,0,Transient,62.0,0,0
City Hotel,1,65,2015,September,36,5,1,1,2,0.0,0,BB,PRT,Groups,TA/TO,0,0,0,A,A,0,Non Refund,1.0,0,Transient,62.0,0,0
City Hotel,1,65,2015,September,36,5,1,1,2,0.0,0,BB,PRT,Groups,TA/TO,0,0,0,A,A,0,Non Refund,1.0,0,Transient,62.0,0,0
City Hotel,1,65,2015,September,36,5,1,1,2,0.0,0,BB,PRT,Groups,TA/TO,0,0,0,A,A,0,Non Refund,1.0,0,Transient,62.0,0,0
City Hotel,1,65,2015,September,36,5,1,1,2,0.0,0,BB,PRT,Groups,TA/TO,0,0,0,A,A,0,Non Refund,1.0,0,Transient,62.0,0,0
City Hotel,1,65,2015,September,36,5,1,1,2,0.0,0,BB,PRT,Groups,TA/TO,0,0,0,A,A,0,Non Refund,1.0,0,Transient,62.0,0,0
City Hotel,1,65,2015,September,36,5,1,1,2,0.0,0,BB,PRT,Groups,TA/TO,0,0,0,A,A,0,Non Refund,1.0,0,Transient,62.0,0,0
City Hotel,1,65,2015,September,36,5,1,1,2,0.0,0,BB,PRT,Groups,TA/TO,0,0,0,A,A,0,Non Refund,1.0,0,Transient,62.0,0,0
City Hotel,1,65,2015,September,36,5,1,1,2,0.0,0,BB,PRT,Groups,TA/TO,0,0,0,A,A,0,Non Refund,1.0,0,Transient,62.0,0,0
City Hotel,1,65,2015,September,36,5,1,1,2,0.0,0,BB,PRT,Groups,TA/TO,0,0,0,A,A,0,Non Refund,1.0,0,Transient,62.0,0,0
City Hotel,1,65,2015,September,36,5,1,1,2,0.0,0,BB,PRT,Groups,TA/TO,0,0,0,A,A,0,Non Refund,1.0,0,Transient,62.0,0,0
City Hotel,1,65,2015,September,36,5,1,1,2,0.0,0,BB,PRT,Groups,TA/TO,0,0,0,A,A,0,Non Refund,1.0,0,Transient,62.0,0,0
City Hotel,1,65,2015,September,36,5,1,1,2,0.0,0,BB,PRT,Groups,TA/TO,0,0,0,A,A,0,Non Refund,1.0,0,Transient,62.0,0,0
City Hotel,1,65,2015,September,36,5,1,1,2,0.0,0,BB,PRT,Groups,TA/TO,0,0,0,A,A,0,Non Refund,1.0,0,Transient,62.0,0,0
City Hotel,1,65,2015,September,36,5,1,1,2,0.0,0,BB,PRT,Groups,TA/TO,0,0,0,A,A,0,Non Refund,1.0,0,Transient,62.0,0,0
City Hotel,0,16,2015,September,36,5,1,1,2,0.0,0,BB,ESP,Direct,Direct,0,0,0,A,D,0,No Deposit,,0,Transient,105.0,0,2
City Hotel,1,65,2015,September,36,5,1,1,2,0.0,0,BB,PRT,Groups,TA/TO,0,0,0,A,A,0,Non Refund,1.0,0,Transient,62.0,0,0
City Hotel,1,65,2015,September,36,5,1,1,2,0.0,0,BB,PRT,Groups,TA/TO,0,0,0,A,A,0,Non Refund,1.0,0,Transient,62.0,0,0
City Hotel,1,65,2015,September,36,5,1,1,2,0.0,0,BB,PRT,Groups,TA/TO,0,0,0,A,A,0,Non Refund,1.0,0,Transient,62.0,0,0
City Hotel,1,65,2015,September,36,5,1,1,2,0.0,0,BB,PRT,Groups,TA/TO,0,0,0,A,A,0,Non Refund,1.0,0,Transient,62.0,0,0
City Hotel,1,65,2015,September,36,5,1,1,2,0.0,0,BB,PRT,Groups,TA/TO,0,0,0,A,A,0,Non Refund,1.0,0,Transient,62.0,0,0
City Hotel,0,14,2015,September,36,5,1,1,2,0.0,0,SC,GBR,Online TA,TA/TO,0,0,0,A,A,0,No Deposit,9.0,0,Transient,115.0,0,0
City Hotel,0,18,2015,September,36,5,1,1,2,0.0,0,BB,PRT,Online TA,TA/TO,0,0,0,A,D,0,No Deposit,7.0,0,Transient,80.85,0,1
City Hotel,1,65,2015,September,36,5,1,1,2,0.0,0,BB,PRT,Groups,TA/TO,0,0,0,A,A,0,Non Refund,1.0,0,Transient,62.0,0,0
City Hotel,0,21,2015,September,36,5,1,1,2,0.0,0,BB,CHE,Online TA,TA/TO,0,0,0,A,A,0,No Deposit,9.0,0,Transient,105.0,0,2
City Hotel,1,65,2015,September,36,5,1,1,2,0.0,0,BB,PRT,Groups,TA/TO,0,0,0,A,A,0,Non Refund,1.0,0,Transient,62.0,0,0
City Hotel,1,65,2015,September,36,5,1,1,2,0.0,0,BB,PRT,Groups,TA/TO,0,0,0,A,A,0,Non Refund,1.0,0,Transient,62.0,0,0
City Hotel,1,65,2015,September,36,5,1,1,2,0.0,0,BB,PRT,Groups,TA/TO,0,0,0,A,A,0,Non Refund,1.0,0,Transient,62.0,0,0
City Hotel,0,47,2015,September,36,5,1,1,2,0.0,0,BB,BLR,Online TA,TA/TO,0,0,0,A,D,0,No Deposit,9.0,0,Transient,86.4,0,1
City Hotel,0,19,2015,September,36,5,2,1,2,0.0,0,BB,FRA,Online TA,TA/TO,0,0,0,F,F,1,No Deposit,9.0,0,Contract,165.0,0,1
City Hotel,0,32,2015,September,36,5,2,1,2,0.0,0,BB,PRT,Online TA,TA/TO,0,0,0,A,D,0,No Deposit,9.0,0,Contract,94.5,0,3
City Hotel,0,32,2015,September,36,5,2,1,2,0.0,0,BB,ITA,Online TA,TA/TO,0,0,0,A,D,0,No Deposit,9.0,0,Contract,94.5,0,3
City Hotel,1,61,2015,September,36,5,2,2,2,0.0,0,BB,PRT,Groups,TA/TO,0,0,0,A,A,0,No Deposit,1.0,0,Transient-Party,62.0,0,0
City Hotel,1,61,2015,September,36,5,2,2,2,0.0,0,BB,PRT,Groups,TA/TO,0,0,0,A,A,0,No Deposit,1.0,0,Transient-Party,62.0,0,0
City Hotel,0,3,2015,September,36,5,2,2,2,0.0,0,BB,ESP,Groups,TA/TO,0,0,0,A,D,0,No Deposit,1.0,0,Transient-Party,62.0,0,0
City Hotel,1,61,2015,September,36,5,2,2,2,0.0,0,BB,PRT,Groups,TA/TO,0,0,0,A,A,0,No Deposit,1.0,0,Transient-Party,62.0,0,0
City Hotel,1,61,2015,September,36,5,2,2,2,0.0,0,BB,PRT,Groups,TA/TO,0,0,0,A,A,0,No Deposit,1.0,0,Transient-Party,62.0,0,0
City Hotel,0,61,2015,September,36,5,2,2,2,0.0,0,BB,ESP,Groups,TA/TO,0,0,0,A,D,1,No Deposit,1.0,0,Transient-Party,62.0,0,0
City Hotel,0,21,2015,September,36,5,2,2,2,0.0,0,BB,TUN,Online TA,TA/TO,0,0,0,A,A,0,No Deposit,9.0,0,Transient,105.0,0,3
City Hotel,0,61,2015,September,36,5,2,2,2,0.0,0,BB,ESP,Groups,TA/TO,0,0,0,A,A,0,No Deposit,1.0,0,Transient-Party,62.0,0,0
City Hotel,1,61,2015,September,36,5,2,2,2,0.0,0,BB,PRT,Groups,TA/TO,0,0,0,A,A,0,No Deposit,1.0,0,Transient-Party,62.0,0,0
City Hotel,0,3,2015,September,36,5,2,2,2,0.0,0,BB,ESP,Groups,TA/TO,0,0,0,A,A,0,No Deposit,1.0,0,Transient-Party,62.0,0,0
City Hotel,0,61,2015,September,36,5,2,2,2,0.0,0,BB,ESP,Groups,TA/TO,0,0,0,A,A,0,No Deposit,1.0,0,Transient-Party,62.0,0,0
City Hotel,1,61,2015,September,36,5,2,2,2,0.0,0,BB,PRT,Groups,TA/TO,0,0,0,A,A,0,No Deposit,1.0,0,Transient-Party,62.0,0,0
City Hotel,1,61,2015,September,36,5,2,2,2,0.0,0,BB,PRT,Groups,TA/TO,0,0,0,A,A,0,No Deposit,1.0,0,Transient-Party,62.0,0,0
City Hotel,1,61,2015,September,36,5,2,2,2,0.0,0,BB,PRT,Groups,TA/TO,0,0,0,A,A,0,No Deposit,1.0,0,Transient-Party,62.0,0,0
City Hotel,0,30,2015,September,36,5,2,2,2,0.0,0,BB,FRA,Online TA,TA/TO,0,0,0,A,A,0,No Deposit,8.0,0,Transient,94.5,0,1
City Hotel,0,61,2015,September,36,5,2,2,2,0.0,0,BB,ESP,Groups,TA/TO,0,0,0,A,D,2,No Deposit,1.0,0,Transient-Party,62.0,0,0
City Hotel,0,21,2015,September,36,5,2,2,2,0.0,0,BB,TUN,Online TA,TA/TO,0,0,0,A,A,0,No Deposit,9.0,0,Transient,105.0,0,3
City Hotel,0,3,2015,September,36,5,2,2,2,0.0,0,BB,ESP,Groups,TA/TO,0,0,0,A,A,0,No Deposit,1.0,0,Transient-Party,62.0,0,0
City Hotel,0,3,2015,September,36,5,2,2,2,0.0,0,BB,ESP,Groups,TA/TO,0,0,0,A,A,0,No Deposit,1.0,0,Transient-Party,62.0,0,0
City Hotel,0,2,2015,September,36,5,2,2,2,0.0,0,BB,ESP,Groups,TA/TO,0,0,0,A,A,0,No Deposit,1.0,0,Transient-Party,62.0,0,0
City Hotel,1,61,2015,September,36,5,2,2,2,0.0,0,BB,PRT,Groups,TA/TO,0,0,0,A,A,0,No Deposit,1.0,0,Transient-Party,62.0,0,0
City Hotel,1,61,2015,September,36,5,2,2,2,0.0,0,BB,PRT,Groups,TA/TO,0,0,0,A,A,0,No Deposit,1.0,0,Transient-Party,62.0,0,0
City Hotel,0,61,2015,September,36,5,2,2,2,0.0,0,BB,ESP,Groups,TA/TO,0,0,0,A,A,2,No Deposit,1.0,0,Transient-Party,62.0,0,0
City Hotel,1,61,2015,September,36,5,2,2,2,0.0,0,BB,PRT,Groups,TA/TO,0,0,0,A,A,0,No Deposit,1.0,0,Transient-Party,62.0,0,0
City Hotel,1,61,2015,September,36,5,2,2,2,0.0,0,BB,PRT,Groups,TA/TO,0,0,0,A,A,0,No Deposit,1.0,0,Transient-Party,62.0,0,0
City Hotel,0,4,2015,September,36,5,2,2,2,0.0,0,BB,ESP,Groups,TA/TO,0,0,0,A,D,1,No Deposit,1.0,0,Transient-Party,62.0,0,0
City Hotel,1,61,2015,September,36,5,2,2,2,0.0,0,BB,PRT,Groups,TA/TO,0,0,0,A,A,0,No Deposit,1.0,0,Transient-Party,62.0,0,0
City Hotel,1,61,2015,September,36,5,2,2,2,0.0,0,BB,PRT,Groups,TA/TO,0,0,0,A,A,0,No Deposit,1.0,0,Transient-Party,62.0,0,0
City Hotel,1,61,2015,September,36,5,2,2,2,0.0,0,BB,PRT,Groups,TA/TO,0,0,0,A,A,0,No Deposit,1.0,0,Transient-Party,62.0,0,0
City Hotel,0,3,2015,September,36,5,2,2,2,0.0,0,BB,ESP,Groups,TA/TO,0,0,0,A,A,0,No Deposit,1.0,0,Transient-Party,62.0,0,0
City Hotel,1,61,2015,September,36,5,2,2,2,0.0,0,BB,PRT,Groups,TA/TO,0,0,0,A,A,0,No Deposit,1.0,0,Transient-Party,62.0,0,0
City Hotel,1,61,2015,September,36,5,2,2,2,0.0,0,BB,PRT,Groups,TA/TO,0,0,0,A,A,0,No Deposit,1.0,0,Transient-Party,62.0,0,0
City Hotel,0,3,2015,September,36,5,2,2,2,0.0,0,BB,PRT,Groups,TA/TO,0,0,0,A,C,0,No Deposit,1.0,0,Transient-Party,62.0,0,0
City Hotel,0,2,2015,September,36,5,2,2,2,0.0,0,BB,ESP,Groups,TA/TO,0,0,0,A,A,0,No Deposit,1.0,0,Transient-Party,0.0,0,0
City Hotel,0,10,2015,September,36,5,2,3,2,0.0,0,BB,FRA,Online TA,TA/TO,0,0,0,A,A,1,No Deposit,9.0,0,Contract,122.0,0,2
City Hotel,0,10,2015,September,36,5,2,4,2,0.0,0,BB,ROU,Online TA,TA/TO,0,0,0,D,D,0,No Deposit,8.0,0,Transient,110.08,0,1
City Hotel,0,10,2015,September,36,5,2,4,2,0.0,0,SC,ESP,Online TA,TA/TO,0,0,0,A,D,0,No Deposit,9.0,0,Contract,110.17,0,2
City Hotel,1,26,2015,September,36,5,2,4,2,0.0,0,BB,PRT,Online TA,TA/TO,0,0,0,A,A,0,No Deposit,9.0,0,Contract,116.85,0,1
City Hotel,0,61,2015,September,36,5,2,2,2,0.0,0,BB,PRT,Groups,TA/TO,0,0,0,A,D,0,No Deposit,1.0,0,Transient-Party,62.0,0,0
City Hotel,0,61,2015,September,36,5,2,2,2,0.0,0,BB,ESP,Groups,TA/TO,0,0,0,A,B,0,No Deposit,1.0,0,Transient-Party,62.0,0,1
City Hotel,1,61,2015,September,36,5,2,2,2,0.0,0,BB,PRT,Groups,TA/TO,0,0,0,A,A,0,No Deposit,1.0,0,Transient-Party,62.0,0,0
City Hotel,1,61,2015,September,36,5,2,2,2,0.0,0,BB,PRT,Groups,TA/TO,0,0,0,A,A,0,No Deposit,1.0,0,Transient-Party,62.0,0,0
City Hotel,0,72,2015,September,36,5,2,2,2,0.0,0,BB,DEU,Offline TA/TO,TA/TO,0,0,0,A,A,0,No Deposit,27.0,0,Transient,72.25,0,0
City Hotel,0,55,2015,September,37,6,2,0,2,0.0,0,BB,ESP,Groups,TA/TO,0,0,0,A,A,0,No Deposit,1.0,0,Transient-Party,75.0,0,0
City Hotel,0,55,2015,September,37,6,2,0,2,0.0,0,BB,ESP,Groups,TA/TO,0,0,0,A,A,0,No Deposit,1.0,0,Transient-Party,75.0,0,0
City Hotel,0,55,2015,September,37,6,2,0,2,0.0,0,BB,FRA,Groups,TA/TO,0,0,0,A,D,0,No Deposit,1.0,0,Transient-Party,75.0,0,0
City Hotel,1,55,2015,September,37,6,2,0,2,0.0,0,BB,PRT,Groups,TA/TO,0,0,0,A,A,0,No Deposit,1.0,0,Transient-Party,75.0,0,0
City Hotel,1,55,2015,September,37,6,2,0,2,0.0,0,BB,PRT,Groups,TA/TO,0,0,0,A,A,0,No Deposit,1.0,0,Transient-Party,75.0,0,0
City Hotel,0,63,2015,September,37,6,1,0,2,0.0,0,BB,ROU,Online TA,TA/TO,0,0,0,A,G,0,No Deposit,9.0,0,Transient,89.25,0,0
City Hotel,0,22,2015,September,37,6,1,0,2,0.0,0,BB,ITA,Online TA,TA/TO,0,0,0,A,F,0,No Deposit,9.0,0,Transient,105.0,0,0
City Hotel,0,55,2015,September,37,6,2,0,2,0.0,0,BB,ESP,Groups,TA/TO,0,0,0,A,A,0,No Deposit,1.0,0,Transient-Party,75.0,0,0
City Hotel,0,55,2015,September,37,6,2,0,2,0.0,0,BB,ESP,Groups,TA/TO,0,0,0,A,A,0,No Deposit,1.0,0,Transient-Party,75.0,0,0
City Hotel,0,55,2015,September,37,6,2,0,2,0.0,0,BB,FRA,Groups,TA/TO,0,0,0,A,D,0,No Deposit,1.0,0,Transient-Party,75.0,0,0
City Hotel,0,55,2015,September,37,6,2,0,2,0.0,0,BB,PRT,Groups,TA/TO,0,0,0,A,D,0,No Deposit,1.0,0,Transient-Party,75.0,0,0
City Hotel,1,55,2015,September,37,6,2,0,2,0.0,0,BB,PRT,Groups,TA/TO,0,0,0,A,A,0,No Deposit,1.0,0,Transient-Party,75.0,0,0
City Hotel,0,55,2015,September,37,6,2,0,2,0.0,0,BB,ESP,Groups,TA/TO,0,0,0,A,A,0,No Deposit,1.0,0,Transient-Party,75.0,0,0
City Hotel,0,55,2015,September,37,6,2,0,2,0.0,0,BB,ESP,Groups,TA/TO,0,0,0,A,A,0,No Deposit,1.0,0,Transient-Party,75.0,0,0
City Hotel,0,55,2015,September,37,6,2,0,2,0.0,0,BB,PRT,Groups,TA/TO,0,0,0,A,B,0,No Deposit,1.0,0,Transient-Party,75.0,0,0
City Hotel,0,55,2015,September,37,6,2,0,2,0.0,0,BB,ESP,Groups,TA/TO,0,0,0,A,A,0,No Deposit,1.0,0,Transient-Party,75.0,0,0
City Hotel,0,55,2015,September,37,6,2,0,2,0.0,0,BB,ESP,Groups,TA/TO,0,0,0,A,A,0,No Deposit,1.0,0,Transient-Party,75.0,0,0
City Hotel,0,55,2015,September,37,6,2,0,2,0.0,0,BB,FRA,Groups,TA/TO,0,0,0,A,D,0,No Deposit,1.0,0,Transient-Party,75.0,0,0
City Hotel,0,55,2015,September,37,6,2,0,2,0.0,0,BB,FRA,Groups,TA/TO,0,0,0,A,A,0,No Deposit,1.0,0,Transient-Party,75.0,0,0
City Hotel,0,55,2015,September,37,6,2,0,2,0.0,0,BB,PRT,Groups,TA/TO,0,0,0,A,A,0,No Deposit,1.0,0,Transient-Party,75.0,0,0
City Hotel,0,55,2015,September,37,6,2,0,2,0.0,0,BB,ESP,Groups,TA/TO,0,0,0,A,A,0,No Deposit,1.0,0,Transient-Party,75.0,0,0
City Hotel,0,55,2015,September,37,6,2,0,2,0.0,0,BB,ESP,Groups,TA/TO,0,0,0,A,A,0,No Deposit,1.0,0,Transient-Party,75.0,0,0
City Hotel,0,55,2015,September,37,6,2,0,2,0.0,0,BB,FRA,Groups,TA/TO,0,0,0,A,D,0,No Deposit,1.0,0,Transient-Party,75.0,0,0
City Hotel,0,55,2015,September,37,6,2,0,2,0.0,0,BB,FRA,Groups,TA/TO,0,0,0,A,D,0,No Deposit,1.0,0,Transient-Party,75.0,0,0
City Hotel,0,55,2015,September,37,6,2,0,2,0.0,0,BB,PRT,Groups,TA/TO,0,0,0,A,A,0,No Deposit,1.0,0,Transient-Party,75.0,0,0
City Hotel,0,55,2015,September,37,6,2,0,2,0.0,0,BB,PRT,Groups,TA/TO,0,0,0,A,A,0,No Deposit,1.0,0,Transient-Party,75.0,0,0
City Hotel,0,55,2015,September,37,6,2,0,2,0.0,0,BB,ESP,Groups,TA/TO,0,0,0,A,A,0,No Deposit,1.0,0,Transient-Party,75.0,0,0
City Hotel,0,55,2015,September,37,6,2,0,2,0.0,0,BB,FRA,Groups,TA/TO,0,0,0,A,D,0,No Deposit,1.0,0,Transient-Party,75.0,0,0
City Hotel,1,55,2015,September,37,6,2,0,2,0.0,0,BB,PRT,Groups,TA/TO,0,0,0,A,A,0,No Deposit,1.0,0,Transient-Party,75.0,0,0
City Hotel,0,55,2015,September,37,6,2,0,2,0.0,0,BB,ESP,Groups,TA/TO,0,0,0,A,A,0,No Deposit,1.0,0,Transient-Party,75.0,0,0
City Hotel,0,55,2015,September,37,6,2,0,2,0.0,0,BB,PRT,Groups,TA/TO,0,0,0,A,D,0,No Deposit,1.0,0,Transient-Party,75.0,0,0
City Hotel,0,55,2015,September,37,6,2,0,2,0.0,0,BB,ESP,Groups,TA/TO,0,0,0,A,A,0,No Deposit,1.0,0,Transient-Party,75.0,0,0
City Hotel,0,55,2015,September,37,6,2,0,2,0.0,0,BB,ESP,Groups,TA/TO,0,0,0,A,A,0,No Deposit,1.0,0,Transient-Party,75.0,0,0
City Hotel,0,55,2015,September,37,6,2,0,2,0.0,0,BB,FRA,Groups,TA/TO,0,0,0,A,A,0,No Deposit,1.0,0,Transient-Party,75.0,0,0
City Hotel,0,55,2015,September,37,6,2,0,2,0.0,0,BB,FRA,Groups,TA/TO,0,0,0,A,B,0,No Deposit,1.0,0,Transient-Party,75.0,0,0
City Hotel,1,55,2015,September,37,6,2,0,2,0.0,0,BB,PRT,Groups,TA/TO,0,0,0,A,A,0,No Deposit,1.0,0,Transient-Party,75.0,0,0
City Hotel,0,55,2015,September,37,6,2,0,2,0.0,0,BB,FRA,Groups,TA/TO,0,0,0,A,D,0,No Deposit,1.0,0,Transient-Party,75.0,0,0
City Hotel,0,55,2015,September,37,6,2,0,2,0.0,0,BB,PRT,Groups,TA/TO,0,0,0,A,A,0,No Deposit,1.0,0,Transient-Party,75.0,0,0
City Hotel,0,55,2015,September,37,6,2,0,2,0.0,0,BB,ESP,Groups,TA/TO,0,0,0,A,A,0,No Deposit,1.0,0,Transient-Party,75.0,0,0
City Hotel,0,55,2015,September,37,6,2,0,2,0.0,0,BB,ESP,Groups,TA/TO,0,0,0,A,A,0,No Deposit,1.0,0,Transient-Party,75.0,0,0
City Hotel,0,55,2015,September,37,6,2,0,2,0.0,0,BB,ESP,Groups,TA/TO,0,0,0,A,A,0,No Deposit,1.0,0,Transient-Party,75.0,0,0
City Hotel,0,55,2015,September,37,6,2,0,2,0.0,0,BB,FRA,Groups,TA/TO,0,0,0,A,B,0,No Deposit,1.0,0,Transient-Party,75.0,0,0
City Hotel,0,55,2015,September,37,6,2,0,2,0.0,0,BB,ESP,Groups,TA/TO,0,0,0,A,A,0,No Deposit,1.0,0,Transient-Party,75.0,0,0
City Hotel,0,55,2015,September,37,6,2,0,2,0.0,0,BB,FRA,Groups,TA/TO,0,0,0,A,D,0,No Deposit,1.0,0,Transient-Party,75.0,0,0
City Hotel,0,55,2015,September,37,6,2,0,2,0.0,0,BB,ESP,Groups,TA/TO,0,0,0,A,A,0,No Deposit,1.0,0,Transient-Party,75.0,0,0
City Hotel,0,55,2015,September,37,6,2,0,2,0.0,0,BB,FRA,Groups,TA/TO,0,0,0,A,B,0,No Deposit,1.0,0,Transient-Party,75.0,0,0
City Hotel,0,55,2015,September,37,6,2,0,2,0.0,0,BB,ESP,Groups,TA/TO,0,0,0,A,A,0,No Deposit,1.0,0,Transient-Party,75.0,0,0
City Hotel,0,55,2015,September,37,6,2,0,2,0.0,0,BB,ESP,Groups,TA/TO,0,0,0,A,A,0,No Deposit,1.0,0,Transient-Party,75.0,0,0
City Hotel,0,55,2015,September,37,6,2,0,2,0.0,0,BB,ESP,Groups,TA/TO,0,0,0,A,A,0,No Deposit,1.0,0,Transient-Party,75.0,0,0
City Hotel,0,55,2015,September,37,6,2,0,2,0.0,0,BB,FRA,Groups,TA/TO,0,0,0,A,A,0,No Deposit,1.0,0,Transient-Party,75.0,0,0
City Hotel,0,55,2015,September,37,6,2,0,2,0.0,0,BB,PRT,Groups,TA/TO,0,0,0,A,A,0,No Deposit,1.0,0,Transient-Party,75.0,0,0
City Hotel,0,55,2015,September,37,6,2,0,2,0.0,0,BB,PRT,Groups,TA/TO,0,0,0,A,A,0,No Deposit,1.0,0,Transient-Party,75.0,0,0
City Hotel,0,55,2015,September,37,6,2,0,2,0.0,0,BB,ESP,Groups,TA/TO,0,0,0,A,A,0,No Deposit,1.0,0,Transient-Party,75.0,0,0
City Hotel,0,55,2015,September,37,6,2,0,2,0.0,0,BB,ESP,Groups,TA/TO,0,0,0,A,A,0,No Deposit,1.0,0,Transient-Party,75.0,0,0
City Hotel,0,55,2015,September,37,6,2,0,2,0.0,0,BB,FRA,Groups,TA/TO,0,0,0,A,D,0,No Deposit,1.0,0,Transient-Party,75.0,0,0
City Hotel,0,55,2015,September,37,6,2,0,2,0.0,0,BB,FRA,Groups,TA/TO,0,0,0,A,D,0,No Deposit,1.0,0,Transient-Party,75.0,0,0
City Hotel,0,55,2015,September,37,6,2,0,2,0.0,0,BB,PRT,Groups,TA/TO,0,0,0,A,A,0,No Deposit,1.0,0,Transient-Party,75.0,0,0
City Hotel,0,55,2015,September,37,6,2,0,2,0.0,0,BB,PRT,Groups,TA/TO,0,0,0,A,D,0,No Deposit,1.0,0,Transient-Party,75.0,0,0
City Hotel,0,55,2015,September,37,6,2,0,2,0.0,0,BB,ESP,Groups,TA/TO,0,0,0,A,A,0,No Deposit,1.0,0,Transient-Party,75.0,0,0
City Hotel,0,55,2015,September,37,6,2,0,2,0.0,0,BB,ESP,Groups,TA/TO,0,0,0,A,A,0,No Deposit,1.0,0,Transient-Party,75.0,0,0
City Hotel,0,55,2015,September,37,6,2,0,2,0.0,0,BB,FRA,Groups,TA/TO,0,0,0,A,A,0,No Deposit,1.0,0,Transient-Party,75.0,0,0
City Hotel,0,55,2015,September,37,6,2,0,2,0.0,0,BB,PRT,Groups,TA/TO,0,0,0,A,A,0,No Deposit,1.0,0,Transient-Party,75.0,0,0
City Hotel,0,55,2015,September,37,6,2,0,2,0.0,0,BB,PRT,Groups,TA/TO,0,0,0,A,A,0,No Deposit,1.0,0,Transient-Party,75.0,0,0
City Hotel,0,67,2015,September,37,6,2,2,2,0.0,0,HB,FRA,Complementary,Direct,0,0,0,D,D,0,No Deposit,,0,Transient,29.0,0,1
City Hotel,0,69,2015,September,37,6,2,2,2,0.0,0,BB,AUT,Offline TA/TO,TA/TO,0,0,0,A,E,0,No Deposit,13.0,0,Transient,81.09,0,0
City Hotel,0,1,2015,September,37,6,2,2,2,0.0,0,BB,ESP,Online TA,TA/TO,0,0,0,A,E,0,No Deposit,9.0,0,Transient,135.75,0,2
City Hotel,0,67,2015,September,37,6,2,2,2,0.0,0,HB,FRA,Direct,Direct,0,0,0,D,D,0,No Deposit,,0,Transient,80.0,0,1
City Hotel,0,67,2015,September,37,6,2,2,2,0.0,0,HB,FRA,Direct,Direct,0,0,0,D,D,0,No Deposit,,0,Transient,80.0,0,1
City Hotel,0,23,2015,September,37,6,2,2,2,0.0,0,BB,DEU,Offline TA/TO,TA/TO,0,0,0,A,A,0,No Deposit,27.0,0,Transient,54.75,0,0
City Hotel,0,23,2015,September,37,6,2,3,2,0.0,0,BB,GBR,Online TA,TA/TO,0,0,0,A,A,0,No Deposit,9.0,0,Transient,118.8,0,0
City Hotel,0,15,2015,September,37,6,2,3,2,0.0,0,BB,CHE,Online TA,TA/TO,0,0,0,A,A,0,No Deposit,11.0,0,Group,91.73,0,0
City Hotel,0,81,2015,September,37,6,2,5,2,0.0,0,BB,AUT,Offline TA/TO,TA/TO,0,0,0,A,A,0,No Deposit,27.0,0,Transient,72.25,0,0
City Hotel,0,2,2015,September,37,6,2,5,2,0.0,0,BB,CHE,Direct,Direct,0,0,0,A,A,0,No Deposit,14.0,0,Transient,133.43,0,0
City Hotel,0,0,2015,September,37,7,1,0,2,0.0,0,BB,PRT,Online TA,TA/TO,0,0,0,A,A,0,No Deposit,9.0,0,Transient,133.0,0,0
City Hotel,1,28,2015,September,37,7,1,0,2,0.0,0,BB,PRT,Online TA,TA/TO,0,0,0,A,A,0,No Deposit,11.0,0,Transient,79.25,0,1
City Hotel,1,7,2015,September,37,7,1,0,2,0.0,0,BB,PRT,Online TA,TA/TO,0,0,0,A,A,0,No Deposit,9.0,0,Contract,124.0,0,1
City Hotel,1,32,2015,September,37,7,1,1,2,0.0,0,BB,PRT,Online TA,TA/TO,0,0,0,A,A,0,No Deposit,9.0,0,Contract,103.5,0,2
City Hotel,0,0,2015,September,37,7,1,1,2,0.0,0,BB,USA,Online TA,TA/TO,0,0,0,A,A,0,No Deposit,9.0,0,Contract,133.5,0,1
City Hotel,0,9,2015,September,37,7,1,1,2,0.0,0,BB,NLD,Online TA,TA/TO,0,0,0,A,A,0,No Deposit,15.0,0,Group,91.6,0,0
City Hotel,0,0,2015,September,37,7,1,1,2,0.0,0,BB,PRT,Direct,Direct,0,0,0,A,A,1,No Deposit,,0,Transient,120.0,0,0
City Hotel,0,0,2015,September,37,7,1,1,2,0.0,0,BB,PRT,Direct,Direct,0,0,0,A,A,0,No Deposit,,0,Transient,133.5,0,2
City Hotel,0,4,2015,September,37,7,1,1,2,0.0,0,BB,POL,Online TA,TA/TO,0,0,0,A,A,0,No Deposit,9.0,0,Contract,133.5,0,2
City Hotel,0,0,2015,September,37,7,1,1,2,0.0,0,BB,ESP,Offline TA/TO,TA/TO,0,0,0,A,A,0,No Deposit,13.0,0,Contract,99.2,0,0
City Hotel,0,52,2015,September,37,7,1,1,2,0.0,0,BB,USA,Online TA,TA/TO,0,0,0,A,A,0,No Deposit,7.0,0,Transient,72.76,0,2
City Hotel,0,10,2015,September,37,7,1,2,2,0.0,0,SC,ESP,Online TA,TA/TO,0,0,0,A,A,0,No Deposit,9.0,0,Contract,102.33,0,2
City Hotel,0,14,2015,September,37,7,1,2,2,0.0,0,BB,PRT,Online TA,TA/TO,0,0,0,A,D,0,No Deposit,9.0,0,Contract,111.33,0,1
City Hotel,0,13,2015,September,37,7,1,2,2,0.0,0,SC,BEL,Online TA,TA/TO,0,0,0,A,A,0,No Deposit,9.0,0,Contract,102.33,0,2
City Hotel,0,9,2015,September,37,7,1,2,2,0.0,0,BB,CHN,Online TA,TA/TO,0,0,0,A,G,0,No Deposit,9.0,0,Transient,161.33,0,0
City Hotel,0,7,2015,September,37,7,1,2,2,0.0,0,BB,BEL,Online TA,TA/TO,0,0,0,A,A,0,No Deposit,9.0,0,Contract,111.33,0,0
City Hotel,0,3,2015,September,37,7,1,2,2,0.0,0,BB,BEL,Online TA,TA/TO,0,0,0,A,A,1,No Deposit,9.0,0,Contract,130.33,0,2
City Hotel,0,16,2015,September,37,7,1,3,2,0.0,0,BB,BEL,Online TA,TA/TO,0,0,0,A,A,1,No Deposit,9.0,0,Transient,135.0,0,0
City Hotel,0,28,2015,September,37,7,1,3,2,0.0,0,BB,FRA,Online TA,TA/TO,0,0,0,A,D,0,No Deposit,9.0,0,Contract,125.4,0,1
City Hotel,0,0,2015,September,37,7,1,3,2,0.0,0,BB,PRT,Online TA,TA/TO,0,0,0,A,A,1,No Deposit,11.0,0,Transient,115.8,0,0
City Hotel,0,14,2015,September,37,7,1,3,2,0.0,0,BB,PRT,Online TA,TA/TO,0,0,0,A,A,0,No Deposit,9.0,0,Contract,109.75,0,1
City Hotel,0,5,2015,September,37,7,1,1,2,0.0,0,BB,PRT,Online TA,TA/TO,0,0,0,A,A,0,No Deposit,11.0,0,Transient,75.24,0,0
City Hotel,0,9,2015,September,37,7,1,1,2,0.0,0,BB,PRT,Online TA,TA/TO,0,0,0,A,A,0,No Deposit,9.0,0,Transient,114.5,0,2
City Hotel,1,0,2015,September,37,7,1,1,2,0.0,0,BB,PRT,Offline TA/TO,TA/TO,0,0,0,D,D,0,No Deposit,13.0,0,Transient,118.8,0,0
City Hotel,0,5,2015,September,37,7,1,3,2,0.0,0,BB,ESP,Direct,Direct,0,0,0,A,A,0,No Deposit,,0,Transient,109.75,0,0
City Hotel,0,6,2015,September,37,7,1,3,2,0.0,0,BB,FRA,Online TA,TA/TO,0,0,0,A,A,0,No Deposit,9.0,0,Contract,109.75,0,1
City Hotel,0,6,2015,September,37,7,1,3,2,0.0,0,BB,NLD,Online TA,TA/TO,0,0,0,D,D,0,No Deposit,7.0,0,Transient,77.57,0,1
City Hotel,0,14,2015,September,37,7,1,3,2,0.0,0,BB,GBR,Online TA,TA/TO,0,0,0,A,A,0,No Deposit,9.0,0,Contract,109.75,0,2
City Hotel,1,9,2015,September,37,7,1,4,2,0.0,0,HB,PRT,Offline TA/TO,TA/TO,0,0,0,A,A,0,No Deposit,13.0,0,Transient,116.04,0,0
City Hotel,0,3,2015,September,37,7,1,4,2,0.0,0,BB,ESP,Direct,Direct,0,0,0,A,A,0,No Deposit,14.0,0,Transient,127.8,0,0
City Hotel,0,21,2015,September,37,7,1,4,2,0.0,0,BB,FRA,Online TA,TA/TO,0,0,0,A,A,0,No Deposit,9.0,0,Contract,139.2,0,2
City Hotel,0,13,2015,September,37,7,3,6,2,0.0,0,BB,CHE,Direct,Direct,0,0,0,A,A,0,No Deposit,14.0,0,Transient,112.33,0,1
City Hotel,0,23,2015,September,37,7,3,7,2,0.0,0,BB,GBR,Online TA,TA/TO,0,0,0,A,A,0,No Deposit,7.0,0,Transient,95.98,0,0
City Hotel,1,18,2015,September,37,7,1,5,2,0.0,0,BB,PRT,Online TA,TA/TO,0,0,0,A,A,0,No Deposit,9.0,0,Contract,143.0,0,1
City Hotel,0,1,2015,September,37,8,0,1,2,0.0,0,BB,PRT,Offline TA/TO,TA/TO,0,0,0,A,A,0,No Deposit,13.0,0,Transient,91.2,0,0
City Hotel,0,0,2015,September,37,8,0,1,2,0.0,0,BB,PRT,Direct,Direct,0,0,0,A,A,0,No Deposit,,0,Transient,124.0,0,0
City Hotel,0,0,2015,September,37,8,0,1,2,0.0,0,BB,FRA,Direct,Direct,0,0,0,A,A,0,No Deposit,,0,Transient,114.0,0,0
City Hotel,0,0,2015,September,37,8,0,1,2,0.0,0,BB,PRT,Direct,Direct,0,0,0,A,A,0,No Deposit,,0,Transient,114.0,0,0
City Hotel,0,0,2015,September,37,8,0,1,2,0.0,0,BB,PRT,Direct,Direct,0,0,0,A,A,0,No Deposit,,0,Transient,114.0,0,0
City Hotel,0,26,2015,September,37,8,0,1,2,0.0,0,BB,AUS,Online TA,TA/TO,0,0,0,A,A,0,No Deposit,9.0,0,Contract,105.0,0,0
City Hotel,0,0,2015,September,37,8,0,1,2,0.0,0,SC,AGO,Direct,Direct,0,0,0,A,A,1,No Deposit,,0,Transient,115.0,0,0
City Hotel,0,0,2015,September,37,8,0,1,2,0.0,0,BB,PRT,Online TA,TA/TO,0,0,0,A,A,0,No Deposit,9.0,0,Contract,124.0,0,0
City Hotel,0,1,2015,September,37,8,0,2,2,0.0,0,BB,PRT,Direct,Direct,0,0,0,A,A,1,No Deposit,,0,Transient,200.0,0,0
City Hotel,0,0,2015,September,37,8,0,2,2,0.0,0,BB,PRT,Offline TA/TO,TA/TO,0,0,0,A,A,0,No Deposit,13.0,0,Transient-Party,110.4,0,0
City Hotel,1,1,2015,September,37,8,0,2,2,0.0,0,BB,PRT,Direct,Direct,0,0,0,A,A,0,No Deposit,,0,Transient,200.0,0,0
City Hotel,0,8,2015,September,37,8,0,2,2,0.0,0,BB,USA,Online TA,TA/TO,0,0,0,A,A,1,No Deposit,7.0,0,Transient,80.85,0,2
City Hotel,0,0,2015,September,37,8,0,2,2,0.0,0,BB,PRT,Offline TA/TO,TA/TO,0,0,0,A,A,0,No Deposit,13.0,0,Transient-Party,102.4,0,1
City Hotel,0,5,2015,September,37,8,0,3,2,0.0,0,BB,PRT,Online TA,TA/TO,0,0,0,A,A,1,No Deposit,9.0,0,Contract,105.0,0,0
City Hotel,0,8,2015,September,37,8,0,3,2,0.0,0,BB,JPN,Online TA,TA/TO,0,0,0,D,D,0,No Deposit,7.0,0,Transient,87.78,0,1
City Hotel,0,11,2015,September,37,8,0,3,2,0.0,0,BB,PRT,Direct,Direct,0,0,0,D,D,0,No Deposit,,0,Transient,120.0,1,1
City Hotel,0,14,2015,September,37,8,0,3,2,0.0,0,BB,ESP,Online TA,TA/TO,0,0,0,A,A,0,No Deposit,9.0,0,Contract,105.0,0,1
City Hotel,0,173,2015,September,37,8,0,3,2,0.0,0,BB,IRL,Online TA,TA/TO,0,0,0,A,A,0,No Deposit,8.0,0,Transient,85.0,0,0
City Hotel,0,15,2015,September,37,8,0,3,2,0.0,0,BB,PRT,Offline TA/TO,TA/TO,0,0,0,A,A,0,No Deposit,13.0,0,Transient,84.0,0,1
City Hotel,0,15,2015,September,37,8,0,3,2,0.0,0,BB,PRT,Offline TA/TO,TA/TO,0,0,0,A,A,0,No Deposit,13.0,0,Transient,84.0,0,1
City Hotel,0,15,2015,September,37,8,0,4,2,0.0,0,BB,ESP,Online TA,TA/TO,0,0,0,A,A,0,No Deposit,9.0,0,Contract,105.0,0,1
City Hotel,0,4,2015,September,37,8,0,4,2,0.0,0,BB,ESP,Direct,Direct,0,0,0,D,D,0,No Deposit,,0,Transient,75.0,0,2
City Hotel,0,3,2015,September,37,8,0,4,2,0.0,0,BB,PRT,Online TA,TA/TO,0,0,0,A,A,0,No Deposit,9.0,0,Transient,124.0,0,0
City Hotel,0,5,2015,September,37,8,0,4,2,0.0,0,SC,GBR,Offline TA/TO,TA/TO,0,0,0,A,A,0,No Deposit,13.0,0,Contract,76.8,0,0
City Hotel,0,0,2015,September,37,8,0,1,2,0.0,0,BB,PRT,Direct,Direct,0,0,0,A,A,0,No Deposit,,0,Transient,124.0,0,0
City Hotel,0,22,2015,September,37,8,0,1,2,0.0,0,BB,FRA,Online TA,TA/TO,0,0,0,D,D,0,No Deposit,8.0,0,Transient,120.0,0,1
City Hotel,0,0,2015,September,37,8,0,1,2,0.0,0,BB,PRT,Direct,Direct,0,0,0,A,A,0,No Deposit,,0,Transient,114.0,0,0
City Hotel,0,10,2015,September,37,8,0,4,2,0.0,0,BB,NOR,Online TA,TA/TO,0,0,0,A,A,0,No Deposit,9.0,0,Transient,105.0,0,2
City Hotel,1,11,2015,September,37,8,0,4,2,0.0,0,BB,PRT,Offline TA/TO,TA/TO,0,0,0,B,B,0,No Deposit,6.0,0,Transient,78.94,0,1
City Hotel,0,0,2015,September,37,8,0,5,2,0.0,0,BB,GBR,Online TA,TA/TO,0,0,0,A,A,0,No Deposit,9.0,0,Contract,146.4,0,2
City Hotel,0,45,2015,September,37,8,0,5,2,0.0,0,BB,CHE,Online TA,TA/TO,0,0,0,A,A,0,No Deposit,11.0,0,Transient,82.98,0,0
City Hotel,1,164,2015,September,37,8,1,5,2,0.0,0,BB,PRT,Online TA,TA/TO,0,0,0,A,A,0,No Deposit,9.0,0,Transient,93.5,0,2
City Hotel,0,13,2015,September,37,8,1,5,2,0.0,0,SC,ITA,Offline TA/TO,TA/TO,0,0,0,D,D,0,No Deposit,22.0,0,Transient,85.0,0,0
City Hotel,0,7,2015,September,37,8,2,5,2,0.0,0,BB,FRA,Online TA,TA/TO,0,0,0,A,A,0,No Deposit,9.0,0,Contract,111.71,0,2
City Hotel,0,15,2015,September,37,8,2,5,2,0.0,0,BB,FRA,Direct,Direct,0,0,0,A,A,0,No Deposit,14.0,0,Transient,111.71,0,0
City Hotel,0,4,2015,September,37,8,2,6,2,0.0,0,BB,PRT,Online TA,TA/TO,0,0,0,A,A,0,No Deposit,9.0,0,Transient,132.13,0,0
City Hotel,0,42,2015,September,37,8,2,7,2,0.0,0,HB,DEU,Offline TA/TO,TA/TO,0,0,0,A,A,0,No Deposit,16.0,0,Transient,79.64,0,0
City Hotel,0,8,2015,September,37,9,0,2,2,0.0,0,BB,DNK,Direct,Direct,0,0,0,A,A,0,No Deposit,,0,Transient,113.71,0,1
City Hotel,0,2,2015,September,37,9,0,2,2,0.0,0,BB,AGO,Direct,Direct,0,0,0,A,A,0,No Deposit,,0,Transient,154.0,0,0
City Hotel,0,69,2015,September,37,9,0,2,2,0.0,0,BB,PRT,Groups,TA/TO,0,0,0,A,A,0,No Deposit,1.0,0,Transient-Party,62.0,0,0
City Hotel,0,1,2015,September,37,9,0,2,2,0.0,0,SC,FRA,Online TA,TA/TO,0,0,0,A,A,0,No Deposit,8.0,0,Transient,115.0,0,1
City Hotel,0,16,2015,September,37,9,0,2,2,0.0,0,BB,RUS,Online TA,TA/TO,0,0,0,A,A,0,No Deposit,9.0,0,Contract,105.0,0,2
City Hotel,0,86,2015,September,37,9,0,2,2,0.0,0,BB,FRA,Corporate,Corporate,0,0,0,A,A,0,No Deposit,,0,Transient-Party,100.0,0,0
City Hotel,0,86,2015,September,37,9,0,2,2,0.0,0,BB,FRA,Corporate,Corporate,0,0,0,A,D,0,No Deposit,,0,Transient-Party,100.0,0,0
City Hotel,1,86,2015,September,37,9,0,2,2,0.0,0,BB,FRA,Groups,Corporate,0,0,0,A,A,0,No Deposit,,0,Transient-Party,110.0,0,0
City Hotel,0,69,2015,September,37,9,0,2,2,0.0,0,BB,PRT,Groups,TA/TO,0,0,0,A,A,0,No Deposit,1.0,0,Transient-Party,62.0,0,0
City Hotel,0,0,2015,September,37,9,0,1,2,0.0,0,BB,PRT,Online TA,Direct,0,0,0,A,A,0,No Deposit,,0,Transient,124.0,0,0
City Hotel,0,5,2015,September,37,9,0,1,2,0.0,0,SC,ESP,Online TA,TA/TO,0,0,0,A,A,0,No Deposit,9.0,0,Contract,115.0,0,1
City Hotel,0,103,2015,September,37,9,0,1,2,0.0,0,BB,DEU,Online TA,TA/TO,0,0,0,A,E,0,No Deposit,8.0,0,Transient,89.25,0,0
City Hotel,0,8,2015,September,37,9,0,1,2,0.0,0,BB,PRT,Online TA,TA/TO,0,0,0,A,A,0,No Deposit,9.0,0,Contract,105.0,0,2
City Hotel,0,0,2015,September,37,9,0,1,2,0.0,0,SC,BRA,Direct,Direct,0,0,0,A,D,0,No Deposit,,0,Transient,115.0,0,0
City Hotel,0,12,2015,September,37,9,0,2,2,0.0,0,BB,NOR,Online TA,TA/TO,0,0,0,A,A,0,No Deposit,7.0,0,Transient,80.85,0,2
City Hotel,0,69,2015,September,37,9,0,2,2,0.0,0,BB,PRT,Groups,TA/TO,0,0,0,A,D,0,No Deposit,1.0,0,Transient-Party,62.0,0,0
City Hotel,0,69,2015,September,37,9,0,2,2,0.0,0,BB,PRT,Groups,TA/TO,0,0,0,A,A,0,No Deposit,1.0,0,Transient-Party,62.0,0,0
City Hotel,0,86,2015,September,37,9,0,2,2,0.0,0,BB,FRA,Corporate,Corporate,0,0,0,A,A,0,No Deposit,,0,Transient-Party,100.0,0,0
City Hotel,0,86,2015,September,37,9,0,2,2,0.0,0,BB,FRA,Corporate,Corporate,0,0,0,A,D,0,No Deposit,,0,Transient-Party,100.0,0,0
City Hotel,0,69,2015,September,37,9,0,2,2,0.0,0,BB,PRT,Groups,TA/TO,0,0,0,A,A,0,No Deposit,1.0,0,Transient-Party,62.0,0,0
City Hotel,0,69,2015,September,37,9,0,2,2,0.0,0,BB,PRT,Groups,TA/TO,0,0,0,A,A,0,No Deposit,1.0,0,Transient-Party,62.0,0,0
City Hotel,1,69,2015,September,37,9,0,2,2,0.0,0,BB,PRT,Groups,TA/TO,0,0,0,A,A,0,No Deposit,1.0,0,Transient-Party,62.0,0,0
City Hotel,1,86,2015,September,37,9,0,2,2,0.0,0,BB,FRA,Groups,Corporate,0,0,0,A,A,0,No Deposit,,0,Transient-Party,110.0,0,0
City Hotel,1,86,2015,September,37,9,0,2,2,0.0,0,BB,FRA,Corporate,Corporate,0,0,0,A,A,0,No Deposit,,0,Transient-Party,100.0,0,0
City Hotel,1,86,2015,September,37,9,0,2,2,0.0,0,BB,FRA,Groups,Corporate,0,0,0,A,A,0,No Deposit,,0,Transient-Party,110.0,0,0
City Hotel,1,55,2015,September,37,9,0,2,2,0.0,0,BB,FRA,Corporate,Corporate,0,0,0,A,B,0,No Deposit,,0,Transient-Party,100.0,0,0
City Hotel,0,69,2015,September,37,9,0,2,2,0.0,0,BB,PRT,Groups,TA/TO,0,0,0,A,B,0,No Deposit,1.0,0,Transient-Party,62.0,0,0
City Hotel,0,69,2015,September,37,9,0,2,2,0.0,0,BB,PRT,Groups,TA/TO,0,0,0,A,A,0,No Deposit,1.0,0,Transient-Party,62.0,0,0
City Hotel,0,69,2015,September,37,9,0,2,2,0.0,0,BB,PRT,Groups,TA/TO,0,0,0,A,A,0,No Deposit,1.0,0,Transient-Party,62.0,0,0
City Hotel,1,69,2015,September,37,9,0,2,2,0.0,0,BB,PRT,Groups,TA/TO,0,0,0,A,A,0,No Deposit,1.0,0,Transient-Party,62.0,0,0
City Hotel,0,86,2015,September,37,9,0,2,2,0.0,0,BB,PRT,Corporate,Corporate,0,0,0,A,D,0,No Deposit,,0,Transient-Party,100.0,0,0
City Hotel,0,15,2015,September,37,9,0,2,2,0.0,0,BB,FRA,Online TA,TA/TO,0,0,0,A,A,0,No Deposit,9.0,0,Transient,105.0,1,1
City Hotel,0,86,2015,September,37,9,0,2,2,0.0,0,BB,FRA,Corporate,Corporate,0,0,0,A,A,0,No Deposit,,0,Transient-Party,95.0,0,0
City Hotel,1,85,2015,September,37,9,0,2,2,0.0,0,BB,FRA,Groups,Corporate,0,0,0,A,A,0,No Deposit,,0,Transient-Party,110.0,0,0
City Hotel,0,69,2015,September,37,9,0,2,2,0.0,0,BB,PRT,Groups,TA/TO,0,0,0,A,B,0,No Deposit,1.0,0,Transient-Party,62.0,0,0
City Hotel,0,69,2015,September,37,9,0,2,2,0.0,0,BB,PRT,Groups,TA/TO,0,0,0,A,A,0,No Deposit,1.0,0,Transient-Party,62.0,0,0
City Hotel,1,69,2015,September,37,9,0,2,2,0.0,0,BB,PRT,Groups,TA/TO,0,0,0,A,A,0,No Deposit,1.0,0,Transient-Party,62.0,0,0
City Hotel,1,1,2015,September,37,9,0,2,2,0.0,0,BB,PRT,Online TA,TA/TO,0,0,0,A,D,0,No Deposit,9.0,0,Transient,142.0,0,1
City Hotel,0,86,2015,September,37,9,0,2,2,0.0,0,BB,FRA,Corporate,Corporate,0,0,0,A,A,0,No Deposit,,0,Transient-Party,100.0,0,0
City Hotel,1,86,2015,September,37,9,0,2,2,0.0,0,BB,FRA,Corporate,Corporate,0,0,0,A,D,0,No Deposit,,0,Transient-Party,100.0,0,0
City Hotel,0,86,2015,September,37,9,0,2,2,0.0,0,BB,FRA,Corporate,Corporate,0,0,0,A,D,0,No Deposit,,0,Transient-Party,100.0,0,0
City Hotel,1,86,2015,September,37,9,0,2,2,0.0,0,BB,FRA,Groups,Corporate,0,0,0,A,A,0,No Deposit,,0,Transient-Party,110.0,0,0
City Hotel,0,69,2015,September,37,9,0,2,2,0.0,0,BB,PRT,Groups,TA/TO,0,0,0,A,A,0,No Deposit,1.0,0,Transient-Party,62.0,0,0
City Hotel,0,69,2015,September,37,9,0,2,2,0.0,0,BB,PRT,Groups,TA/TO,0,0,0,A,A,0,No Deposit,1.0,0,Transient-Party,62.0,0,0
City Hotel,0,69,2015,September,37,9,0,2,2,0.0,0,BB,PRT,Groups,TA/TO,0,0,0,A,A,0,No Deposit,1.0,0,Transient-Party,62.0,0,0
City Hotel,0,69,2015,September,37,9,0,2,2,0.0,0,BB,PRT,Groups,TA/TO,0,0,0,A,A,0,No Deposit,1.0,0,Transient-Party,62.0,0,0
City Hotel,0,86,2015,September,37,9,0,2,2,0.0,0,BB,FRA,Corporate,Corporate,0,0,0,A,A,0,No Deposit,,0,Transient-Party,100.0,0,0
City Hotel,1,86,2015,September,37,9,0,2,2,0.0,0,BB,FRA,Groups,Corporate,0,0,0,A,A,0,No Deposit,,0,Transient-Party,110.0,0,0
City Hotel,1,86,2015,September,37,9,0,2,2,0.0,0,BB,FRA,Groups,Corporate,0,0,0,A,A,0,No Deposit,,0,Transient-Party,110.0,0,0
City Hotel,0,69,2015,September,37,9,0,2,2,0.0,0,BB,PRT,Groups,TA/TO,0,0,0,A,A,0,No Deposit,1.0,0,Transient-Party,62.0,0,0
City Hotel,0,69,2015,September,37,9,0,2,2,0.0,0,BB,PRT,Groups,TA/TO,0,0,0,A,A,0,No Deposit,1.0,0,Transient-Party,62.0,0,0
City Hotel,1,69,2015,September,37,9,0,2,2,0.0,0,BB,PRT,Groups,TA/TO,0,0,0,A,A,0,No Deposit,1.0,0,Transient-Party,62.0,0,0
City Hotel,0,107,2015,September,37,9,0,2,2,0.0,0,BB,NLD,Online TA,TA/TO,0,0,0,A,A,0,No Deposit,9.0,0,Transient,89.25,0,1
City Hotel,0,86,2015,September,37,9,0,2,2,0.0,0,BB,FRA,Corporate,Corporate,0,0,0,A,D,0,No Deposit,,0,Transient-Party,100.0,0,0
City Hotel,0,86,2015,September,37,9,0,2,2,0.0,0,BB,FRA,Corporate,Corporate,0,0,0,A,D,2,No Deposit,,0,Transient-Party,100.0,0,0
City Hotel,0,69,2015,September,37,9,0,2,2,0.0,0,BB,ESP,Groups,TA/TO,0,0,0,A,A,0,No Deposit,1.0,0,Transient-Party,62.0,0,0
City Hotel,0,69,2015,September,37,9,0,2,2,0.0,0,BB,PRT,Groups,TA/TO,0,0,0,A,A,0,No Deposit,1.0,0,Transient-Party,62.0,0,0
City Hotel,0,69,2015,September,37,9,0,2,2,0.0,0,BB,PRT,Groups,TA/TO,0,0,0,A,A,0,No Deposit,1.0,0,Transient-Party,62.0,0,0
City Hotel,0,86,2015,September,37,9,0,2,2,0.0,0,BB,FRA,Corporate,Corporate,0,0,0,A,D,0,No Deposit,,0,Transient-Party,100.0,0,0
City Hotel,1,85,2015,September,37,9,0,2,2,0.0,0,BB,FRA,Groups,Corporate,0,0,0,A,A,0,No Deposit,,0,Transient-Party,110.0,0,0
City Hotel,0,86,2015,September,37,9,0,2,2,0.0,0,BB,FRA,Corporate,Corporate,0,0,0,A,D,0,No Deposit,,0,Transient-Party,100.0,0,0
City Hotel,0,86,2015,September,37,9,0,2,2,0.0,0,BB,FRA,Corporate,Corporate,0,0,0,A,D,0,No Deposit,,0,Transient-Party,100.0,0,0
City Hotel,0,69,2015,September,37,9,0,2,2,0.0,0,BB,PRT,Groups,TA/TO,0,0,0,A,D,0,No Deposit,1.0,0,Transient-Party,62.0,0,0
City Hotel,0,69,2015,September,37,9,0,2,2,0.0,0,BB,PRT,Groups,TA/TO,0,0,0,A,A,0,No Deposit,1.0,0,Transient-Party,62.0,0,0
City Hotel,0,86,2015,September,37,9,0,2,2,0.0,0,BB,FRA,Corporate,Corporate,0,0,0,A,A,0,No Deposit,,0,Transient-Party,100.0,0,0
City Hotel,1,86,2015,September,37,9,0,2,2,0.0,0,BB,FRA,Groups,Corporate,0,0,0,A,A,0,No Deposit,,0,Transient-Party,110.0,0,0
City Hotel,0,69,2015,September,37,9,0,2,2,0.0,0,BB,PRT,Groups,TA/TO,0,0,0,A,A,0,No Deposit,1.0,0,Transient-Party,62.0,0,0
City Hotel,0,69,2015,September,37,9,0,2,2,0.0,0,BB,PRT,Groups,TA/TO,0,0,0,A,A,0,No Deposit,1.0,0,Transient-Party,62.0,0,0
City Hotel,1,86,2015,September,37,9,0,2,2,0.0,0,BB,FRA,Corporate,Corporate,0,0,0,A,D,0,No Deposit,,0,Transient-Party,100.0,0,0
City Hotel,0,86,2015,September,37,9,0,3,2,0.0,0,BB,FRA,Corporate,Corporate,0,0,0,A,A,1,No Deposit,,0,Transient-Party,100.0,0,0
City Hotel,0,86,2015,September,37,9,0,3,2,0.0,0,BB,FRA,Corporate,Corporate,0,0,0,A,D,1,No Deposit,,0,Transient-Party,100.0,0,0
City Hotel,0,0,2015,September,37,9,0,3,2,0.0,0,BB,USA,Online TA,TA/TO,0,0,0,A,A,0,No Deposit,9.0,0,Contract,152.0,0,2
City Hotel,0,11,2015,September,37,9,0,3,2,0.0,0,BB,PRT,Online TA,TA/TO,0,0,0,A,A,0,No Deposit,7.0,0,Transient,80.85,0,1
City Hotel,0,0,2015,September,37,9,0,3,2,0.0,0,BB,USA,Online TA,TA/TO,0,0,0,A,A,0,No Deposit,9.0,0,Contract,152.0,0,2
City Hotel,0,16,2015,September,37,9,0,3,2,0.0,0,BB,RUS,Online TA,TA/TO,0,0,0,A,A,0,No Deposit,9.0,0,Contract,105.0,0,2
City Hotel,0,1,2015,September,37,9,0,3,2,0.0,0,BB,FRA,Online TA,TA/TO,0,0,0,A,D,0,No Deposit,9.0,0,Contract,152.0,0,2
City Hotel,0,14,2015,September,37,9,0,3,2,0.0,0,HB,ESP,Offline TA/TO,TA/TO,0,0,0,A,A,0,No Deposit,13.0,0,Contract,113.0,0,2
City Hotel,0,15,2015,September,37,9,0,4,2,0.0,0,BB,PRT,Online TA,TA/TO,0,0,0,A,A,0,No Deposit,9.0,0,Transient,116.75,0,1
City Hotel,1,18,2015,September,37,9,0,4,2,0.0,0,SC,PRT,Online TA,TA/TO,0,0,0,A,A,0,No Deposit,8.0,0,Transient,93.0,0,0
City Hotel,1,15,2015,September,37,9,0,4,2,0.0,0,SC,PRT,Offline TA/TO,TA/TO,0,0,0,A,A,0,No Deposit,6.0,0,Transient,58.35,0,1
City Hotel,0,8,2015,September,37,9,0,4,2,0.0,0,BB,DEU,Offline TA/TO,TA/TO,0,0,0,A,A,0,No Deposit,27.0,0,Transient,54.75,0,0
City Hotel,0,16,2015,September,37,9,0,4,2,0.0,0,BB,PRT,Online TA,TA/TO,0,0,0,A,A,0,No Deposit,9.0,0,Contract,116.75,0,3
City Hotel,0,1,2015,September,37,10,0,1,2,0.0,0,BB,NLD,Online TA,TA/TO,0,0,0,A,A,0,No Deposit,8.0,0,Transient,114.0,0,1
City Hotel,1,6,2015,September,37,10,0,1,2,0.0,0,BB,PRT,Direct,Direct,0,0,0,A,A,0,No Deposit,,0,Transient,111.6,0,0
City Hotel,0,2,2015,September,37,10,0,1,2,0.0,0,BB,PRT,Corporate,Corporate,0,0,0,A,D,0,No Deposit,69.0,0,Transient,0.0,0,1
City Hotel,1,87,2015,September,37,10,0,1,2,0.0,0,BB,FRA,Corporate,Corporate,0,0,0,A,A,1,No Deposit,,0,Transient-Party,100.0,0,0
City Hotel,1,6,2015,September,37,10,0,1,2,0.0,0,BB,PRT,Direct,Direct,0,0,0,A,A,0,No Deposit,,0,Transient,111.6,0,0
City Hotel,1,6,2015,September,37,10,0,1,2,0.0,0,BB,PRT,Direct,Direct,0,0,0,A,A,0,No Deposit,,0,Transient,111.6,0,0
City Hotel,1,44,2015,September,37,10,0,2,2,0.0,0,HB,PRT,Groups,TA/TO,0,0,0,A,A,0,Non Refund,41.0,0,Transient,126.0,0,0
City Hotel,1,44,2015,September,37,10,0,2,2,0.0,0,HB,PRT,Groups,TA/TO,0,0,0,A,A,0,Non Refund,41.0,0,Transient,126.0,0,0
City Hotel,1,44,2015,September,37,10,0,2,2,0.0,0,HB,PRT,Groups,TA/TO,0,0,0,A,A,0,Non Refund,41.0,0,Transient,126.0,0,0
City Hotel,1,44,2015,September,37,10,0,2,2,0.0,0,HB,PRT,Groups,TA/TO,0,0,0,A,A,0,Non Refund,41.0,0,Transient,126.0,0,0
City Hotel,1,44,2015,September,37,10,0,2,2,0.0,0,HB,PRT,Groups,TA/TO,0,0,0,A,A,0,Non Refund,41.0,0,Transient,126.0,0,0
City Hotel,0,28,2015,September,37,10,0,2,2,0.0,0,BB,CN,Offline TA/TO,TA/TO,0,0,0,D,D,0,No Deposit,50.0,0,Transient,97.0,0,0
City Hotel,1,44,2015,September,37,10,0,2,2,0.0,0,HB,PRT,Groups,TA/TO,0,0,0,A,A,0,Non Refund,41.0,0,Transient,126.0,0,0
City Hotel,0,2,2015,September,37,10,0,2,2,0.0,0,BB,RUS,Online TA,TA/TO,0,0,0,A,A,0,No Deposit,9.0,0,Contract,152.0,0,2
City Hotel,0,12,2015,September,37,10,0,2,2,0.0,0,BB,PRT,Direct,Direct,0,0,0,A,A,0,No Deposit,14.0,0,Group,105.0,0,0
City Hotel,1,44,2015,September,37,10,0,2,2,0.0,0,HB,PRT,Groups,TA/TO,0,0,0,A,A,0,Non Refund,41.0,0,Transient,126.0,0,0
City Hotel,1,44,2015,September,37,10,0,2,2,0.0,0,HB,PRT,Groups,TA/TO,0,0,0,A,A,0,Non Refund,41.0,0,Transient,126.0,0,0
City Hotel,1,44,2015,September,37,10,0,2,2,0.0,0,HB,PRT,Groups,TA/TO,0,0,0,A,A,0,Non Refund,41.0,0,Transient,126.0,0,0
City Hotel,1,44,2015,September,37,10,0,2,2,0.0,0,HB,PRT,Groups,TA/TO,0,0,0,A,A,0,Non Refund,41.0,0,Transient,126.0,0,0
City Hotel,1,44,2015,September,37,10,0,2,2,0.0,0,HB,PRT,Groups,TA/TO,0,0,0,A,A,0,Non Refund,41.0,0,Transient,126.0,0,0
City Hotel,1,44,2015,September,37,10,0,2,2,0.0,0,HB,PRT,Groups,TA/TO,0,0,0,A,A,0,Non Refund,41.0,0,Transient,126.0,0,0
City Hotel,1,44,2015,September,37,10,0,2,2,0.0,0,HB,PRT,Groups,TA/TO,0,0,0,A,A,0,Non Refund,41.0,0,Transient,126.0,0,0
City Hotel,1,44,2015,September,37,10,0,2,2,0.0,0,HB,PRT,Groups,TA/TO,0,0,0,A,A,0,Non Refund,41.0,0,Transient,126.0,0,0
City Hotel,1,44,2015,September,37,10,0,2,2,0.0,0,HB,PRT,Groups,TA/TO,0,0,0,A,A,0,Non Refund,41.0,0,Transient,126.0,0,0
City Hotel,0,17,2015,September,37,10,0,2,2,0.0,0,SC,USA,Online TA,TA/TO,0,0,0,A,A,0,No Deposit,7.0,0,Transient,73.92,0,0
City Hotel,1,44,2015,September,37,10,0,2,2,0.0,0,HB,PRT,Groups,TA/TO,0,0,0,A,A,0,Non Refund,41.0,0,Transient,126.0,0,0
City Hotel,1,44,2015,September,37,10,0,2,2,0.0,0,HB,PRT,Groups,TA/TO,0,0,0,A,A,0,Non Refund,41.0,0,Transient,126.0,0,0
City Hotel,1,44,2015,September,37,10,0,2,2,0.0,0,HB,PRT,Groups,TA/TO,0,0,0,A,A,0,Non Refund,41.0,0,Transient,126.0,0,0
City Hotel,1,44,2015,September,37,10,0,2,2,0.0,0,HB,PRT,Groups,TA/TO,0,0,0,A,A,0,Non Refund,41.0,0,Transient,126.0,0,0
City Hotel,1,44,2015,September,37,10,0,2,2,0.0,0,HB,PRT,Groups,TA/TO,0,0,0,A,A,0,Non Refund,41.0,0,Transient,126.0,0,0
City Hotel,1,44,2015,September,37,10,0,2,2,0.0,0,HB,PRT,Groups,TA/TO,0,0,0,A,A,0,Non Refund,41.0,0,Transient,126.0,0,0
City Hotel,1,44,2015,September,37,10,0,2,2,0.0,0,HB,PRT,Groups,TA/TO,0,0,0,A,A,0,Non Refund,41.0,0,Transient,126.0,0,0
City Hotel,1,44,2015,September,37,10,0,2,2,0.0,0,HB,PRT,Groups,TA/TO,0,0,0,A,A,0,Non Refund,41.0,0,Transient,126.0,0,0
City Hotel,0,58,2015,September,37,10,2,3,2,0.0,0,BB,BEL,Online TA,TA/TO,0,0,0,A,A,0,No Deposit,9.0,0,Transient,121.56,0,0
City Hotel,0,17,2015,September,37,10,2,3,2,0.0,0,BB,DEU,Online TA,TA/TO,0,0,0,A,D,0,No Deposit,9.0,0,Contract,114.4,0,2
City Hotel,0,5,2015,September,37,10,2,4,2,0.0,0,BB,ESP,Online TA,TA/TO,0,0,0,A,A,0,No Deposit,9.0,0,Transient,134.83,0,0
City Hotel,0,6,2015,September,37,10,2,4,2,0.0,0,BB,FRA,Online TA,TA/TO,0,0,0,A,A,0,No Deposit,9.0,0,Contract,134.83,0,1
City Hotel,0,3,2015,September,37,10,2,5,2,0.0,0,BB,DEU,Online TA,TA/TO,0,0,0,A,A,0,No Deposit,9.0,0,Contract,137.29,0,2
City Hotel,1,17,2015,September,37,10,2,8,2,0.0,0,BB,PRT,Online TA,TA/TO,0,0,0,A,A,0,No Deposit,9.0,0,Contract,103.5,0,1
City Hotel,1,44,2015,September,37,10,0,2,2,0.0,0,HB,PRT,Groups,TA/TO,0,0,0,A,A,0,Non Refund,41.0,0,Transient,126.0,0,0
City Hotel,1,44,2015,September,37,10,0,2,2,0.0,0,HB,PRT,Groups,TA/TO,0,0,0,A,A,0,Non Refund,41.0,0,Transient,126.0,0,0
City Hotel,1,5,2015,September,37,10,0,2,2,0.0,0,BB,PRT,Online TA,TA/TO,0,0,0,A,A,0,No Deposit,9.0,0,Transient,124.0,0,1
City Hotel,0,34,2015,September,37,10,0,3,2,0.0,0,BB,USA,Online TA,TA/TO,0,0,0,A,A,0,No Deposit,9.0,0,Contract,145.8,0,2
City Hotel,0,3,2015,September,37,10,1,3,2,0.0,0,BB,DNK,Online TA,TA/TO,0,0,0,A,A,0,No Deposit,9.0,0,Contract,126.25,0,2
City Hotel,0,24,2015,September,37,10,1,3,2,0.0,0,BB,GBR,Online TA,TA/TO,0,0,0,A,A,0,No Deposit,7.0,0,Transient,108.08,0,1
City Hotel,1,21,2015,September,37,10,1,3,2,0.0,0,BB,PRT,Offline TA/TO,TA/TO,0,0,0,A,A,0,No Deposit,6.0,0,Transient,65.55,0,0
City Hotel,0,9,2015,September,37,10,1,3,2,0.0,0,BB,AUT,Offline TA/TO,TA/TO,0,0,0,D,D,0,No Deposit,27.0,0,Transient,63.75,0,0
City Hotel,0,23,2015,September,37,10,1,3,2,0.0,0,BB,CN,Offline TA/TO,TA/TO,0,0,0,A,A,0,No Deposit,6.0,0,Transient,65.55,0,1
City Hotel,0,6,2015,September,37,10,1,3,2,0.0,0,BB,NLD,Online TA,TA/TO,0,0,0,A,A,0,No Deposit,9.0,0,Contract,116.25,0,2
City Hotel,1,22,2015,September,37,10,1,3,2,0.0,0,BB,PRT,Online TA,TA/TO,0,0,0,A,A,0,No Deposit,9.0,0,Contract,147.75,0,2
City Hotel,0,115,2015,September,37,10,1,3,2,0.0,0,BB,DEU,Online TA,TA/TO,0,0,0,A,A,0,No Deposit,9.0,0,Transient,89.25,0,0
City Hotel,1,15,2015,September,37,10,1,3,2,0.0,0,BB,PRT,Online TA,TA/TO,0,0,0,A,A,0,No Deposit,9.0,0,Contract,116.75,0,0
City Hotel,1,48,2015,September,37,11,1,2,2,0.0,0,HB,PRT,Groups,TA/TO,0,0,0,A,A,0,No Deposit,1.0,0,Transient-Party,90.0,0,0
City Hotel,0,168,2015,September,37,11,0,2,2,0.0,0,BB,PRT,Groups,TA/TO,0,0,0,A,A,0,No Deposit,1.0,0,Transient-Party,60.0,0,0
City Hotel,0,168,2015,September,37,11,0,2,2,0.0,0,BB,PRT,Groups,TA/TO,0,0,0,A,D,0,No Deposit,1.0,0,Transient-Party,60.0,0,0
City Hotel,1,168,2015,September,37,11,0,2,2,0.0,0,BB,PRT,Groups,TA/TO,0,0,0,A,A,0,No Deposit,1.0,0,Transient-Party,60.0,0,0
City Hotel,1,87,2015,September,37,11,0,2,2,0.0,0,BB,FRA,Groups,Corporate,0,0,0,A,D,0,Non Refund,,0,Transient,100.0,0,0
City Hotel,0,72,2015,September,37,11,0,2,2,0.0,0,HB,LUX,Groups,TA/TO,0,0,0,A,D,2,No Deposit,30.0,0,Transient-Party,63.0,0,0
City Hotel,0,72,2015,September,37,11,0,2,2,0.0,0,HB,LUX,Groups,TA/TO,0,0,0,A,D,0,No Deposit,30.0,0,Transient-Party,126.0,0,0
City Hotel,0,148,2015,September,37,11,0,2,2,0.0,0,BB,ESP,Online TA,TA/TO,0,0,0,A,D,0,No Deposit,9.0,0,Transient-Party,93.5,0,1
City Hotel,0,8,2015,September,37,11,0,2,2,0.0,0,BB,PRT,Direct,Direct,0,0,0,A,D,0,No Deposit,,0,Transient,100.0,0,0
City Hotel,0,48,2015,September,37,11,1,2,2,0.0,0,BB,PRT,Groups,TA/TO,0,0,0,A,A,0,No Deposit,1.0,0,Transient-Party,60.0,0,0
City Hotel,0,48,2015,September,37,11,1,2,2,0.0,0,BB,PRT,Groups,TA/TO,0,0,0,A,A,0,No Deposit,1.0,0,Transient-Party,60.0,0,0
City Hotel,0,31,2015,September,37,11,1,2,2,0.0,0,BB,GBR,Online TA,TA/TO,0,0,0,A,A,0,No Deposit,9.0,0,Contract,134.1,0,1
City Hotel,0,168,2015,September,37,11,1,2,2,0.0,0,BB,PRT,Groups,TA/TO,0,0,0,A,A,1,No Deposit,1.0,0,Transient-Party,56.67,0,0
City Hotel,0,48,2015,September,37,11,1,2,2,0.0,0,BB,PRT,Groups,TA/TO,0,0,0,A,A,0,No Deposit,1.0,0,Transient-Party,60.0,0,0
City Hotel,0,48,2015,September,37,11,1,2,2,0.0,0,BB,PRT,Groups,TA/TO,0,0,0,A,D,0,No Deposit,1.0,0,Transient-Party,60.0,0,0
City Hotel,0,48,2015,September,37,11,1,2,2,0.0,0,BB,PRT,Groups,TA/TO,0,0,0,A,A,0,No Deposit,1.0,0,Transient-Party,60.0,0,0
City Hotel,1,48,2015,September,37,11,1,2,2,0.0,0,HB,PRT,Groups,TA/TO,0,0,0,A,A,0,No Deposit,1.0,0,Transient-Party,90.0,0,0
City Hotel,1,48,2015,September,37,11,1,2,2,0.0,0,HB,PRT,Groups,TA/TO,0,0,0,A,A,0,No Deposit,1.0,0,Transient-Party,90.0,0,0
City Hotel,0,168,2015,September,37,11,0,2,2,0.0,0,BB,PRT,Groups,TA/TO,0,0,0,A,A,0,No Deposit,1.0,0,Transient-Party,60.0,0,0
City Hotel,0,168,2015,September,37,11,0,2,2,0.0,0,BB,PRT,Groups,TA/TO,0,0,0,A,A,0,No Deposit,1.0,0,Transient-Party,60.0,0,0
City Hotel,1,168,2015,September,37,11,0,2,2,0.0,0,BB,PRT,Groups,TA/TO,0,0,0,A,A,0,No Deposit,1.0,0,Transient-Party,60.0,0,0
City Hotel,0,41,2015,September,37,11,0,2,2,0.0,0,BB,PRT,Direct,Direct,0,0,0,A,A,0,No Deposit,,0,Transient,100.0,0,0
City Hotel,0,32,2015,September,37,11,0,2,2,0.0,0,BB,PRT,Direct,Direct,0,0,0,A,A,0,No Deposit,,0,Transient,100.0,0,0
City Hotel,0,148,2015,September,37,11,0,2,2,0.0,0,BB,ESP,Online TA,TA/TO,0,0,0,A,D,0,No Deposit,9.0,0,Transient-Party,93.5,0,1
City Hotel,0,72,2015,September,37,11,0,2,2,0.0,0,HB,LUX,Groups,TA/TO,0,0,0,A,D,0,No Deposit,30.0,0,Transient-Party,126.0,0,0
City Hotel,0,168,2015,September,37,11,0,2,2,0.0,0,BB,PRT,Groups,TA/TO,0,0,0,A,A,0,No Deposit,1.0,0,Transient-Party,60.0,0,0
City Hotel,0,168,2015,September,37,11,0,2,2,0.0,0,BB,PRT,Groups,TA/TO,0,0,0,A,A,0,No Deposit,1.0,0,Transient-Party,60.0,0,0
City Hotel,1,72,2015,September,37,11,0,2,2,0.0,0,HB,PRT,Groups,TA/TO,0,0,0,A,A,0,No Deposit,30.0,0,Transient-Party,126.0,0,0
City Hotel,0,72,2015,September,37,11,0,2,2,0.0,0,HB,LUX,Groups,TA/TO,0,0,0,A,D,0,No Deposit,30.0,0,Transient-Party,126.0,0,0
City Hotel,0,168,2015,September,37,11,0,2,2,0.0,0,BB,PRT,Groups,TA/TO,0,0,0,A,A,0,No Deposit,1.0,0,Transient-Party,60.0,0,0
City Hotel,0,168,2015,September,37,11,0,2,2,0.0,0,BB,PRT,Groups,TA/TO,0,0,0,A,A,0,No Deposit,1.0,0,Transient-Party,60.0,0,0
City Hotel,0,10,2015,September,37,11,0,2,2,0.0,0,BB,PRT,Direct,Direct,0,0,0,A,A,1,No Deposit,,0,Transient,120.67,0,1
City Hotel,0,58,2015,September,37,11,0,2,2,0.0,0,BB,FRA,Direct,Direct,0,0,0,A,A,0,No Deposit,,0,Transient,100.0,0,0
City Hotel,1,168,2015,September,37,11,0,2,2,0.0,0,BB,PRT,Groups,TA/TO,0,0,0,A,A,0,No Deposit,1.0,0,Transient-Party,60.0,0,0
City Hotel,0,168,2015,September,37,11,0,2,2,0.0,0,BB,PRT,Groups,TA/TO,0,0,0,A,B,0,No Deposit,1.0,0,Transient-Party,60.0,0,0
City Hotel,1,168,2015,September,37,11,0,2,2,0.0,0,BB,PRT,Groups,TA/TO,0,0,0,A,A,0,No Deposit,1.0,0,Transient-Party,60.0,0,0
City Hotel,1,72,2015,September,37,11,0,2,2,0.0,0,HB,PRT,Groups,TA/TO,0,0,0,A,A,0,No Deposit,30.0,0,Transient-Party,126.0,0,0
City Hotel,0,168,2015,September,37,11,0,2,2,0.0,0,BB,PRT,Groups,TA/TO,0,0,0,A,A,0,No Deposit,1.0,0,Transient-Party,60.0,0,0
City Hotel,0,168,2015,September,37,11,0,2,2,0.0,0,BB,PRT,Groups,TA/TO,0,0,0,A,E,0,No Deposit,1.0,0,Transient-Party,60.0,0,0
City Hotel,1,168,2015,September,37,11,0,2,2,0.0,0,BB,PRT,Groups,TA/TO,0,0,0,A,A,0,No Deposit,1.0,0,Transient-Party,60.0,0,0
City Hotel,0,72,2015,September,37,11,0,2,2,0.0,0,HB,LUX,Groups,TA/TO,0,0,0,A,A,0,No Deposit,30.0,0,Transient-Party,126.0,0,0
City Hotel,0,168,2015,September,37,11,0,2,2,0.0,0,BB,PRT,Groups,TA/TO,0,0,0,A,A,0,No Deposit,1.0,0,Transient-Party,60.0,0,0
City Hotel,0,16,2015,September,37,11,0,2,2,0.0,0,BB,PRT,Direct,Direct,0,0,0,A,A,0,No Deposit,,0,Transient,100.0,0,0
City Hotel,0,48,2015,September,37,11,1,2,2,0.0,0,BB,PRT,Groups,TA/TO,0,0,0,A,A,0,No Deposit,1.0,0,Transient-Party,60.0,0,0
City Hotel,1,38,2015,September,37,11,1,2,2,0.0,0,BB,PRT,Direct,Direct,0,0,0,A,A,0,No Deposit,,0,Transient,100.0,0,0
City Hotel,1,6,2015,September,37,11,1,2,2,0.0,0,BB,PRT,Online TA,TA/TO,0,0,0,A,A,0,No Deposit,9.0,0,Transient,127.0,0,0
City Hotel,1,18,2015,September,37,11,2,2,2,0.0,0,BB,PRT,Online TA,TA/TO,0,0,0,A,A,1,No Deposit,9.0,0,Contract,116.75,0,1
City Hotel,0,175,2015,September,37,11,2,2,2,0.0,0,BB,NLD,Online TA,TA/TO,0,0,0,A,D,0,No Deposit,9.0,0,Transient,93.5,0,2
City Hotel,0,15,2015,September,37,11,2,2,2,0.0,0,SC,CZE,Online TA,TA/TO,0,0,0,A,A,0,No Deposit,9.0,0,Contract,107.75,0,1
City Hotel,0,46,2015,September,37,11,2,4,2,0.0,0,BB,IRL,Offline TA/TO,TA/TO,0,0,0,A,D,0,No Deposit,13.0,0,Contract,90.09,0,2
City Hotel,1,28,2015,September,37,11,2,5,2,0.0,0,BB,PRT,Online TA,TA/TO,0,0,0,A,A,0,No Deposit,9.0,0,Transient-Party,113.79,0,1
City Hotel,1,28,2015,September,37,11,2,5,2,0.0,0,BB,PRT,Online TA,TA/TO,0,0,0,A,A,0,No Deposit,9.0,0,Transient-Party,113.79,0,2
City Hotel,0,9,2015,September,37,11,0,2,2,0.0,0,BB,FRA,Online TA,TA/TO,0,0,0,A,A,0,No Deposit,9.0,0,Contract,128.5,0,2
City Hotel,1,17,2015,September,37,11,0,2,2,0.0,0,HB,PRT,Groups,TA/TO,0,0,0,A,A,0,No Deposit,30.0,0,Transient-Party,126.0,0,0
City Hotel,0,168,2015,September,37,11,0,2,2,0.0,0,BB,PRT,Groups,TA/TO,0,0,0,A,B,0,No Deposit,1.0,0,Transient-Party,60.0,0,0
City Hotel,0,168,2015,September,37,11,0,2,2,0.0,0,BB,PRT,Groups,TA/TO,0,0,0,A,A,0,No Deposit,1.0,0,Transient-Party,60.0,0,0
City Hotel,1,168,2015,September,37,11,0,2,2,0.0,0,BB,PRT,Groups,TA/TO,0,0,0,A,A,0,No Deposit,1.0,0,Transient-Party,60.0,0,0
City Hotel,1,168,2015,September,37,11,0,2,2,0.0,0,BB,PRT,Groups,TA/TO,0,0,0,A,A,0,No Deposit,1.0,0,Transient-Party,0.0,0,0
City Hotel,1,17,2015,September,37,11,0,2,2,0.0,0,HB,PRT,Groups,TA/TO,0,0,0,A,A,0,No Deposit,30.0,0,Transient-Party,126.0,0,0
City Hotel,0,9,2015,September,37,11,0,2,2,0.0,0,BB,BEL,Online TA,TA/TO,0,0,0,A,A,0,No Deposit,9.0,0,Contract,128.5,0,1
City Hotel,0,2,2015,September,37,11,0,2,2,0.0,0,BB,FRA,Corporate,Corporate,0,0,0,A,A,0,No Deposit,,0,Transient,100.0,0,0
City Hotel,0,72,2015,September,37,11,0,2,2,0.0,0,HB,LUX,Groups,TA/TO,0,0,0,A,D,0,No Deposit,30.0,0,Transient-Party,126.0,0,0
City Hotel,1,168,2015,September,37,11,0,2,2,0.0,0,BB,PRT,Groups,TA/TO,0,0,0,A,A,0,No Deposit,1.0,0,Transient-Party,60.0,0,0
City Hotel,0,17,2015,September,37,11,0,2,2,0.0,0,HB,BEL,Groups,TA/TO,0,0,0,A,D,0,No Deposit,30.0,0,Transient-Party,126.0,0,0
City Hotel,1,9,2015,September,37,11,0,1,2,0.0,0,BB,PRT,Online TA,TA/TO,0,0,0,A,A,0,No Deposit,9.0,0,Contract,105.0,0,2
City Hotel,0,48,2015,September,37,11,0,1,2,0.0,0,HB,PRT,Offline TA/TO,TA/TO,0,0,0,A,D,0,No Deposit,39.0,48,Transient-Party,104.0,0,0
City Hotel,1,87,2015,September,37,11,0,1,2,0.0,0,BB,FRA,Corporate,Corporate,0,0,0,A,A,0,No Deposit,,0,Transient-Party,100.0,0,0
City Hotel,0,48,2015,September,37,11,0,1,2,0.0,0,HB,PRT,Offline TA/TO,TA/TO,0,0,0,A,E,0,No Deposit,39.0,48,Transient-Party,104.0,0,0
City Hotel,0,48,2015,September,37,11,0,1,2,0.0,0,HB,PRT,Offline TA/TO,TA/TO,0,0,0,A,E,0,No Deposit,39.0,48,Transient-Party,104.0,0,0
City Hotel,0,48,2015,September,37,11,0,1,2,0.0,0,HB,PRT,Offline TA/TO,TA/TO,0,0,0,A,E,0,No Deposit,39.0,48,Transient-Party,104.0,0,0
City Hotel,0,0,2015,September,37,11,0,1,2,0.0,0,BB,PRT,Online TA,TA/TO,0,0,0,A,A,1,No Deposit,9.0,0,Transient,124.0,0,1
City Hotel,0,9,2015,September,37,11,0,1,2,0.0,0,BB,FRA,Direct,Direct,0,0,0,A,D,0,No Deposit,,0,Contract,105.0,0,2
City Hotel,1,17,2015,September,37,11,0,1,2,0.0,0,BB,PRT,Online TA,TA/TO,0,0,0,A,A,0,No Deposit,7.0,0,Transient,76.81,0,1
City Hotel,0,48,2015,September,37,11,0,1,2,0.0,0,HB,PRT,Offline TA/TO,TA/TO,0,0,0,A,D,0,No Deposit,39.0,48,Transient-Party,104.0,0,0
City Hotel,1,87,2015,September,37,11,0,1,2,0.0,0,BB,FRA,Corporate,Corporate,0,0,0,A,A,0,No Deposit,,0,Transient-Party,100.0,0,0
City Hotel,1,168,2015,September,37,11,0,2,2,0.0,0,BB,PRT,Groups,TA/TO,0,0,0,A,A,0,No Deposit,1.0,0,Transient-Party,60.0,0,0
City Hotel,0,3,2015,September,37,11,0,2,2,0.0,0,BB,PRT,Direct,Direct,0,0,0,A,D,0,No Deposit,,0,Transient,100.0,0,0
City Hotel,0,168,2015,September,37,11,0,2,2,0.0,0,BB,PRT,Groups,TA/TO,0,0,0,A,A,0,No Deposit,1.0,0,Transient-Party,60.0,0,0
City Hotel,0,168,2015,September,37,11,0,2,2,0.0,0,BB,PRT,Groups,TA/TO,0,0,0,A,A,0,No Deposit,1.0,0,Transient-Party,60.0,0,0
City Hotel,1,168,2015,September,37,11,0,2,2,0.0,0,BB,PRT,Groups,TA/TO,0,0,0,A,A,0,No Deposit,1.0,0,Transient-Party,60.0,0,0
City Hotel,1,168,2015,September,37,11,0,2,2,0.0,0,BB,PRT,Groups,TA/TO,0,0,0,A,A,0,No Deposit,1.0,0,Transient-Party,60.0,0,0
City Hotel,0,148,2015,September,37,11,0,2,2,0.0,0,BB,ESP,Online TA,TA/TO,0,0,0,A,A,0,No Deposit,9.0,0,Transient-Party,93.5,0,1
City Hotel,1,72,2015,September,37,11,0,2,2,0.0,0,HB,PRT,Groups,TA/TO,0,0,0,A,A,0,No Deposit,30.0,0,Transient-Party,126.0,0,0
City Hotel,0,168,2015,September,37,11,0,2,2,0.0,0,BB,PRT,Groups,TA/TO,0,0,0,A,A,0,No Deposit,1.0,0,Transient-Party,60.0,0,0
City Hotel,0,168,2015,September,37,11,0,2,2,0.0,0,BB,PRT,Groups,TA/TO,0,0,0,A,A,0,No Deposit,1.0,0,Transient-Party,60.0,0,0
City Hotel,0,10,2015,September,37,11,0,2,2,0.0,0,BB,FRA,Online TA,TA/TO,0,0,0,A,A,0,No Deposit,9.0,0,Contract,128.5,0,2
City Hotel,0,0,2015,September,37,11,0,2,2,0.0,0,BB,FRA,Groups,Corporate,0,0,0,A,D,2,No Deposit,,0,Transient,100.0,0,0
City Hotel,0,168,2015,September,37,11,0,2,2,0.0,0,BB,PRT,Groups,TA/TO,0,0,0,A,A,0,No Deposit,1.0,0,Transient-Party,60.0,0,0
City Hotel,1,168,2015,September,37,11,0,2,2,0.0,0,BB,PRT,Groups,TA/TO,0,0,0,A,A,0,No Deposit,1.0,0,Transient-Party,60.0,0,0
City Hotel,1,7,2015,September,37,11,0,2,2,0.0,0,BB,PRT,Online TA,TA/TO,0,0,0,A,A,0,No Deposit,9.0,0,Contract,138.0,0,2
City Hotel,0,3,2015,September,37,12,0,1,2,0.0,0,BB,ESP,Online TA,TA/TO,0,0,0,A,D,0,No Deposit,9.0,0,Contract,152.0,0,3
City Hotel,0,170,2015,September,37,12,0,1,2,0.0,0,HB,PRT,Offline TA/TO,TA/TO,0,0,0,A,A,0,No Deposit,24.0,0,Transient-Party,96.9,0,2
City Hotel,0,170,2015,September,37,12,0,1,2,0.0,0,HB,PRT,Offline TA/TO,TA/TO,0,0,0,A,A,0,No Deposit,24.0,0,Transient-Party,96.9,0,2
City Hotel,0,11,2015,September,37,12,0,1,2,0.0,0,BB,PRT,Direct,Direct,0,0,0,D,E,0,No Deposit,,0,Transient,187.0,0,2
City Hotel,0,29,2015,September,37,12,0,1,2,0.0,0,BB,DEU,Offline TA/TO,TA/TO,0,0,0,A,A,0,No Deposit,27.0,0,Transient,76.5,0,0
City Hotel,0,170,2015,September,37,12,0,1,2,0.0,0,HB,PRT,Offline TA/TO,TA/TO,0,0,0,A,A,0,No Deposit,24.0,0,Transient-Party,96.9,0,1
City Hotel,0,26,2015,September,37,12,1,1,2,0.0,0,BB,HUN,Online TA,TA/TO,0,0,0,A,A,0,No Deposit,9.0,0,Contract,133.5,0,2
City Hotel,0,4,2015,September,37,12,1,1,2,0.0,0,BB,DEU,Online TA,TA/TO,0,0,0,A,D,0,No Deposit,9.0,0,Contract,128.5,0,2
City Hotel,1,65,2015,September,37,12,2,1,2,0.0,0,HB,PRT,Groups,TA/TO,0,0,0,A,A,0,Non Refund,1.0,0,Transient,86.0,0,0
City Hotel,1,65,2015,September,37,12,2,1,2,0.0,0,HB,PRT,Groups,TA/TO,0,0,0,A,A,0,Non Refund,1.0,0,Transient,86.0,0,0
City Hotel,1,65,2015,September,37,12,2,1,2,0.0,0,HB,PRT,Groups,TA/TO,0,0,0,A,A,0,Non Refund,1.0,0,Transient,86.0,0,0
City Hotel,1,65,2015,September,37,12,2,1,2,0.0,0,HB,PRT,Groups,TA/TO,0,0,0,A,A,0,Non Refund,1.0,0,Transient,86.0,0,0
City Hotel,1,65,2015,September,37,12,2,1,2,0.0,0,HB,PRT,Groups,TA/TO,0,0,0,A,A,0,Non Refund,1.0,0,Transient,86.0,0,0
City Hotel,1,28,2015,September,37,12,2,1,2,0.0,0,BB,PRT,Online TA,TA/TO,0,0,0,A,A,0,No Deposit,9.0,0,Transient,117.0,0,1
City Hotel,1,65,2015,September,37,12,2,1,2,0.0,0,HB,PRT,Groups,TA/TO,0,0,0,A,A,0,Non Refund,1.0,0,Transient,86.0,0,0
City Hotel,1,65,2015,September,37,12,2,1,2,0.0,0,HB,PRT,Groups,TA/TO,0,0,0,A,A,0,Non Refund,1.0,0,Transient,86.0,0,0
City Hotel,1,65,2015,September,37,12,2,1,2,0.0,0,HB,PRT,Groups,TA/TO,0,0,0,A,A,0,Non Refund,1.0,0,Transient,86.0,0,0
City Hotel,0,26,2015,September,37,12,2,1,2,0.0,0,BB,FRA,Online TA,TA/TO,0,0,0,A,A,0,No Deposit,9.0,0,Contract,124.0,0,3
City Hotel,0,12,2015,September,37,12,2,1,2,0.0,0,BB,FRA,Online TA,TA/TO,0,0,0,A,A,0,No Deposit,7.0,0,Transient,95.48,0,1
City Hotel,1,65,2015,September,37,12,2,1,2,0.0,0,HB,PRT,Groups,TA/TO,0,0,0,A,A,0,Non Refund,1.0,0,Transient,86.0,0,0
City Hotel,0,44,2015,September,37,12,2,1,2,0.0,0,BB,IRL,Online TA,TA/TO,0,0,0,A,A,0,No Deposit,9.0,0,Contract,120.6,1,2
City Hotel,1,65,2015,September,37,12,2,1,2,0.0,0,HB,PRT,Groups,TA/TO,0,0,0,A,A,0,Non Refund,1.0,0,Transient,86.0,0,0
City Hotel,1,68,2015,September,37,12,2,2,2,0.0,0,BB,PRT,Groups,TA/TO,0,0,0,A,A,0,No Deposit,1.0,0,Transient-Party,62.0,0,0
City Hotel,1,68,2015,September,37,12,2,2,2,0.0,0,BB,PRT,Groups,TA/TO,0,0,0,A,A,0,No Deposit,1.0,0,Transient-Party,62.0,0,0
City Hotel,0,60,2015,September,37,12,2,2,2,0.0,0,BB,BEL,Online TA,TA/TO,0,0,0,A,D,0,No Deposit,11.0,0,Transient,71.4,0,0
City Hotel,0,68,2015,September,37,12,2,2,2,0.0,0,BB,PRT,Groups,TA/TO,0,0,0,A,D,0,No Deposit,1.0,0,Transient-Party,62.0,0,0
City Hotel,0,68,2015,September,37,12,2,2,2,0.0,0,BB,PRT,Groups,TA/TO,0,0,0,A,D,0,No Deposit,1.0,0,Transient-Party,62.0,0,1
City Hotel,0,68,2015,September,37,12,2,2,2,0.0,0,BB,PRT,Groups,TA/TO,0,0,0,A,D,0,No Deposit,1.0,0,Transient-Party,62.0,0,0
City Hotel,0,68,2015,September,37,12,2,2,2,0.0,0,BB,PRT,Groups,TA/TO,0,0,0,A,B,0,No Deposit,1.0,0,Transient-Party,62.0,0,0
City Hotel,0,68,2015,September,37,12,2,2,2,0.0,0,BB,PRT,Groups,TA/TO,0,0,0,A,A,0,No Deposit,1.0,0,Transient-Party,62.0,0,0
City Hotel,0,68,2015,September,37,12,2,2,2,0.0,0,BB,PRT,Groups,TA/TO,0,0,0,A,D,0,No Deposit,1.0,0,Transient-Party,62.0,0,0
City Hotel,0,68,2015,September,37,12,2,2,2,0.0,0,BB,PRT,Groups,TA/TO,0,0,0,A,A,0,No Deposit,1.0,0,Transient-Party,62.0,0,0
City Hotel,0,68,2015,September,37,12,2,2,2,0.0,0,BB,PRT,Groups,TA/TO,0,0,0,A,D,0,No Deposit,1.0,0,Transient-Party,62.0,0,0
City Hotel,0,68,2015,September,37,12,2,2,2,0.0,0,BB,PRT,Groups,TA/TO,0,0,0,A,D,0,No Deposit,1.0,0,Transient-Party,62.0,0,0
City Hotel,0,68,2015,September,37,12,2,2,2,0.0,0,BB,PRT,Groups,TA/TO,0,0,0,A,B,0,No Deposit,1.0,0,Transient-Party,62.0,0,0
City Hotel,0,68,2015,September,37,12,2,2,2,0.0,0,BB,PRT,Groups,TA/TO,0,0,0,A,D,0,No Deposit,1.0,0,Transient-Party,62.0,0,0
City Hotel,0,68,2015,September,37,12,2,2,2,0.0,0,BB,PRT,Groups,TA/TO,0,0,0,A,D,0,No Deposit,1.0,0,Transient-Party,62.0,0,0
City Hotel,1,68,2015,September,37,12,2,2,2,0.0,0,BB,PRT,Groups,TA/TO,0,0,0,A,A,0,No Deposit,1.0,0,Transient-Party,62.0,0,0
City Hotel,0,68,2015,September,37,12,2,2,2,0.0,0,BB,PRT,Groups,TA/TO,0,0,0,A,D,0,No Deposit,1.0,0,Transient-Party,62.0,0,0
City Hotel,0,68,2015,September,37,12,2,2,2,0.0,0,BB,PRT,Groups,TA/TO,0,0,0,A,A,0,No Deposit,1.0,0,Transient-Party,62.0,0,0
City Hotel,0,68,2015,September,37,12,2,2,2,0.0,0,BB,PRT,Groups,TA/TO,0,0,0,A,D,0,No Deposit,1.0,0,Transient-Party,62.0,0,0
City Hotel,1,68,2015,September,37,12,2,2,2,0.0,0,BB,PRT,Groups,TA/TO,0,0,0,A,A,0,No Deposit,1.0,0,Transient-Party,62.0,0,0
City Hotel,0,68,2015,September,37,12,2,2,2,0.0,0,BB,PRT,Groups,TA/TO,0,0,0,A,D,0,No Deposit,1.0,0,Transient-Party,62.0,0,0
City Hotel,1,68,2015,September,37,12,2,2,2,0.0,0,BB,PRT,Groups,TA/TO,0,0,0,A,A,0,No Deposit,1.0,0,Transient-Party,62.0,0,0
City Hotel,0,68,2015,September,37,12,2,2,2,0.0,0,BB,PRT,Groups,TA/TO,0,0,0,A,A,0,No Deposit,1.0,0,Transient-Party,62.0,0,0
City Hotel,0,60,2015,September,37,12,2,3,2,0.0,0,BB,PRT,Online TA,TA/TO,0,0,0,A,A,0,No Deposit,9.0,0,Transient,98.94,0,1
City Hotel,0,7,2015,September,37,12,2,3,2,0.0,0,BB,NLD,Online TA,TA/TO,0,0,0,A,D,0,No Deposit,9.0,0,Transient,142.6,0,1
City Hotel,0,30,2015,September,37,12,2,4,2,0.0,0,BB,PRT,Online TA,TA/TO,0,0,0,A,A,0,No Deposit,9.0,0,Contract,105.75,0,1
City Hotel,0,9,2015,September,37,12,2,4,2,0.0,0,BB,ESP,Online TA,TA/TO,0,0,0,A,A,1,No Deposit,9.0,0,Contract,130.17,0,2
City Hotel,0,68,2015,September,37,12,2,5,2,0.0,0,BB,BEL,Online TA,TA/TO,0,0,0,A,A,0,No Deposit,9.0,0,Transient,96.17,0,2
City Hotel,1,10,2015,September,37,12,2,5,2,0.0,0,BB,PRT,Online TA,TA/TO,0,0,0,A,A,0,No Deposit,9.0,0,Contract,136.14,0,2
City Hotel,0,68,2015,September,37,12,2,2,2,0.0,0,BB,PRT,Groups,TA/TO,0,0,0,A,A,0,No Deposit,1.0,0,Transient-Party,62.0,0,0
City Hotel,0,12,2015,September,37,12,2,2,2,0.0,0,BB,DEU,Direct,Direct,0,0,0,A,A,0,No Deposit,14.0,0,Transient,116.75,0,2
City Hotel,0,30,2015,September,38,13,2,0,2,0.0,0,BB,DEU,Online TA,TA/TO,0,0,0,A,A,0,No Deposit,9.0,0,Contract,94.5,0,1
City Hotel,1,30,2015,September,38,13,2,0,2,0.0,0,BB,PRT,Online TA,TA/TO,0,0,0,A,A,0,No Deposit,9.0,0,Contract,94.5,0,1
City Hotel,1,90,2015,September,38,13,2,1,2,0.0,0,BB,PRT,Online TA,TA/TO,0,0,0,A,A,0,No Deposit,9.0,0,Transient,89.25,0,0
City Hotel,0,16,2015,September,38,13,2,1,2,0.0,0,BB,BEL,Online TA,TA/TO,0,0,0,A,A,0,No Deposit,9.0,0,Contract,105.0,0,2
City Hotel,0,16,2015,September,38,13,2,1,2,0.0,0,BB,BEL,Online TA,TA/TO,0,0,0,A,A,0,No Deposit,9.0,0,Contract,105.0,0,2
City Hotel,0,11,2015,September,38,13,2,2,2,0.0,0,BB,FRA,Online TA,TA/TO,0,0,0,A,A,1,No Deposit,11.0,0,Transient,94.6,0,0
City Hotel,0,30,2015,September,38,13,2,2,2,0.0,0,BB,GBR,Online TA,TA/TO,0,0,0,A,A,0,No Deposit,9.0,0,Contract,94.5,0,2
City Hotel,0,34,2015,September,38,13,2,2,2,0.0,0,BB,DEU,Online TA,TA/TO,0,0,0,A,A,0,No Deposit,9.0,0,Contract,94.5,1,2
City Hotel,0,39,2015,September,38,13,2,2,2,0.0,0,BB,BRA,Online TA,TA/TO,0,0,0,A,A,0,No Deposit,9.0,0,Contract,94.5,0,2
City Hotel,0,18,2015,September,38,13,2,2,2,0.0,0,BB,SWE,Online TA,TA/TO,0,0,0,A,A,0,No Deposit,9.0,0,Contract,96.0,0,2
City Hotel,0,25,2015,September,38,13,2,3,2,0.0,0,BB,PRT,Online TA,TA/TO,0,0,0,A,A,0,No Deposit,11.0,0,Transient,75.6,0,0
City Hotel,0,19,2015,September,38,13,2,3,2,0.0,0,BB,FRA,Online TA,TA/TO,0,0,0,A,A,0,No Deposit,9.0,0,Contract,105.0,0,1
City Hotel,0,13,2015,September,38,13,2,3,2,0.0,0,HB,FRA,Offline TA/TO,TA/TO,0,0,0,A,A,0,No Deposit,13.0,0,Contract,113.0,0,0
City Hotel,0,6,2015,September,38,13,2,3,2,0.0,0,BB,BEL,Online TA,TA/TO,0,0,0,D,D,0,No Deposit,7.0,0,Transient,103.15,0,1
City Hotel,1,40,2015,September,38,13,2,3,2,0.0,0,BB,PRT,Online TA,TA/TO,0,0,0,A,A,0,No Deposit,9.0,0,Contract,94.5,0,2
City Hotel,0,34,2015,September,38,13,2,4,2,0.0,0,SC,FRA,Online TA,TA/TO,0,0,0,A,A,0,No Deposit,9.0,0,Contract,94.95,0,1
City Hotel,0,18,2015,September,38,13,2,5,2,0.0,0,BB,DEU,Direct,Direct,0,0,0,A,A,0,No Deposit,14.0,0,Transient,110.43,0,0
City Hotel,0,35,2015,September,38,14,1,0,2,0.0,0,SC,GBR,Online TA,TA/TO,0,0,0,A,A,0,No Deposit,9.0,0,Contract,86.4,0,2
City Hotel,1,135,2015,September,38,14,1,2,2,0.0,0,BB,PRT,Offline TA/TO,TA/TO,0,0,0,A,A,0,No Deposit,6.0,0,Transient-Party,90.0,0,0
City Hotel,0,135,2015,September,38,14,1,2,2,0.0,0,BB,CN,Offline TA/TO,TA/TO,0,0,0,A,A,0,No Deposit,6.0,0,Transient-Party,90.0,0,0
City Hotel,0,19,2015,September,38,14,1,2,2,0.0,0,BB,AZE,Online TA,TA/TO,0,0,0,A,A,0,No Deposit,9.0,0,Contract,105.0,0,2
City Hotel,0,135,2015,September,38,14,1,2,2,0.0,0,BB,CN,Offline TA/TO,TA/TO,0,0,0,A,A,0,No Deposit,6.0,0,Transient-Party,90.0,0,0
City Hotel,0,135,2015,September,38,14,1,2,2,0.0,0,BB,PRT,Offline TA/TO,TA/TO,0,0,0,A,A,0,No Deposit,6.0,0,Transient-Party,90.0,0,0
City Hotel,0,135,2015,September,38,14,1,2,2,0.0,0,BB,CN,Offline TA/TO,TA/TO,0,0,0,A,A,0,No Deposit,6.0,0,Transient-Party,90.0,0,0
City Hotel,0,135,2015,September,38,14,1,2,2,0.0,0,BB,CN,Offline TA/TO,TA/TO,0,0,0,A,A,0,No Deposit,6.0,0,Transient-Party,90.0,0,0
City Hotel,0,135,2015,September,38,14,1,2,2,0.0,0,BB,CN,Offline TA/TO,TA/TO,0,0,0,A,A,0,No Deposit,6.0,0,Transient-Party,90.0,0,0
City Hotel,0,135,2015,September,38,14,1,2,2,0.0,0,BB,CN,Offline TA/TO,TA/TO,0,0,0,A,A,0,No Deposit,6.0,0,Transient-Party,90.0,0,0
City Hotel,0,12,2015,September,38,14,1,2,2,0.0,0,BB,ROU,Online TA,TA/TO,0,0,0,A,D,0,No Deposit,9.0,0,Contract,124.0,0,3
City Hotel,0,20,2015,September,38,14,1,2,2,0.0,0,BB,BEL,Online TA,TA/TO,0,0,0,A,A,0,No Deposit,9.0,0,Contract,105.0,0,1
City Hotel,1,135,2015,September,38,14,1,2,2,0.0,0,BB,PRT,Offline TA/TO,TA/TO,0,0,0,A,A,0,No Deposit,6.0,0,Transient-Party,90.0,0,0
City Hotel,0,17,2015,September,38,14,1,2,2,0.0,0,BB,GBR,Offline TA/TO,TA/TO,0,0,0,A,A,0,No Deposit,13.0,0,Contract,84.0,0,0
City Hotel,0,135,2015,September,38,14,1,2,2,0.0,0,BB,PRT,Offline TA/TO,TA/TO,0,0,0,A,A,0,No Deposit,6.0,0,Transient-Party,90.0,0,0
City Hotel,0,135,2015,September,38,14,1,2,2,0.0,0,BB,CN,Offline TA/TO,TA/TO,0,0,0,A,A,0,No Deposit,6.0,0,Transient-Party,90.0,0,0
City Hotel,0,7,2015,September,38,14,1,2,2,0.0,0,BB,DEU,Online TA,TA/TO,0,0,0,A,A,0,No Deposit,9.0,0,Contract,152.0,0,1
City Hotel,0,135,2015,September,38,14,1,2,2,0.0,0,BB,CN,Offline TA/TO,TA/TO,0,0,0,A,A,0,No Deposit,6.0,0,Transient-Party,90.0,0,0
City Hotel,0,135,2015,September,38,14,1,2,2,0.0,0,BB,PRT,Offline TA/TO,TA/TO,0,0,0,A,A,0,No Deposit,6.0,0,Transient-Party,90.0,0,0
City Hotel,0,6,2015,September,38,14,1,3,2,0.0,0,BB,GBR,Online TA,TA/TO,0,0,0,D,D,0,No Deposit,7.0,0,Transient,103.84,0,1
City Hotel,0,20,2015,September,38,14,1,3,2,0.0,0,BB,FRA,Online TA,TA/TO,0,0,0,A,A,0,No Deposit,9.0,0,Contract,105.0,0,2
City Hotel,0,25,2015,September,38,14,1,3,2,0.0,0,BB,ESP,Online TA,TA/TO,0,0,0,D,D,0,No Deposit,7.0,0,Transient,78.54,0,1
City Hotel,1,38,2015,September,38,14,1,3,2,0.0,0,BB,PRT,Online TA,TA/TO,0,0,0,A,A,0,No Deposit,9.0,0,Contract,94.5,0,2
City Hotel,0,23,2015,September,38,14,1,3,2,0.0,0,BB,PRT,Online TA,TA/TO,0,0,0,A,A,0,No Deposit,9.0,0,Transient,105.0,0,2
City Hotel,0,30,2015,September,38,14,1,3,2,0.0,0,BB,CHE,Online TA,TA/TO,0,0,0,A,A,0,No Deposit,9.0,0,Transient,94.5,0,2
City Hotel,0,20,2015,September,38,14,1,4,2,0.0,0,BB,ITA,Online TA,TA/TO,0,0,0,A,A,0,No Deposit,9.0,0,Contract,108.8,0,1
City Hotel,0,17,2015,September,38,14,1,3,2,0.0,0,BB,ITA,Online TA,TA/TO,0,0,0,D,D,0,No Deposit,7.0,0,Transient,74.61,0,1
City Hotel,0,38,2015,September,38,14,2,5,2,0.0,0,BB,BEL,Online TA,TA/TO,0,0,0,A,A,0,No Deposit,9.0,0,Contract,101.83,0,1
City Hotel,0,35,2015,September,38,14,2,5,2,0.0,0,BB,PRT,Online TA,TA/TO,0,0,0,A,A,1,No Deposit,11.0,0,Transient,67.49,0,0
City Hotel,0,29,2015,September,38,15,0,1,2,0.0,0,BB,PRT,Online TA,TA/TO,0,0,0,A,D,5,No Deposit,9.0,0,Contract,105.0,0,1
City Hotel,0,18,2015,September,38,15,0,1,2,0.0,0,SC,PRT,Offline TA/TO,TA/TO,0,0,0,A,A,0,No Deposit,13.0,0,Contract,76.8,0,0
City Hotel,0,61,2015,September,38,15,0,1,2,0.0,0,BB,RUS,Online TA,TA/TO,0,0,0,A,D,0,No Deposit,9.0,0,Transient,98.25,1,1
City Hotel,0,14,2015,September,38,15,0,1,2,0.0,0,BB,PRT,Online TA,TA/TO,0,0,0,A,A,1,No Deposit,9.0,0,Contract,96.0,0,1
City Hotel,0,74,2015,September,38,15,0,2,2,0.0,0,BB,DEU,Online TA,TA/TO,0,0,0,A,B,0,No Deposit,9.0,0,Transient,89.25,0,3
City Hotel,0,29,2015,September,38,15,0,2,2,0.0,0,BB,FRA,Online TA,TA/TO,0,0,0,A,D,0,No Deposit,9.0,0,Contract,94.5,0,2
City Hotel,0,29,2015,September,38,15,0,2,2,0.0,0,BB,AUT,Online TA,TA/TO,0,0,0,A,D,0,No Deposit,9.0,0,Contract,94.5,0,0
City Hotel,0,31,2015,September,38,15,0,2,2,0.0,0,BB,PRT,Online TA,TA/TO,0,0,0,A,D,0,No Deposit,9.0,0,Transient,94.5,0,1
City Hotel,0,7,2015,September,38,15,0,2,2,0.0,0,BB,FRA,Online TA,TA/TO,0,0,0,A,A,0,No Deposit,9.0,0,Contract,152.0,0,2
City Hotel,0,22,2015,September,38,15,0,3,2,0.0,0,BB,KAZ,Online TA,TA/TO,0,0,0,A,A,0,No Deposit,9.0,0,Contract,105.0,0,2
City Hotel,0,33,2015,September,38,15,0,3,2,0.0,0,BB,DEU,Online TA,TA/TO,0,0,0,A,D,0,No Deposit,9.0,0,Contract,94.5,0,2
City Hotel,0,24,2015,September,38,15,0,3,2,0.0,0,BB,ITA,Online TA,TA/TO,0,0,0,A,A,0,No Deposit,9.0,0,Transient,105.0,0,0
City Hotel,0,87,2015,September,38,15,0,3,2,0.0,0,BB,FRA,Online TA,TA/TO,0,0,0,A,A,0,No Deposit,9.0,0,Transient,89.25,1,2
City Hotel,0,18,2015,September,38,15,0,3,2,0.0,0,SC,USA,Online TA,TA/TO,0,0,0,A,A,0,No Deposit,7.0,0,Transient,73.92,0,1
City Hotel,0,6,2015,September,38,15,0,3,2,0.0,0,BB,GBR,Online TA,TA/TO,0,0,0,A,D,0,No Deposit,11.0,0,Transient,108.72,0,0
City Hotel,0,28,2015,September,38,15,0,3,2,0.0,0,BB,DEU,Online TA,TA/TO,0,0,0,A,B,0,No Deposit,15.0,0,Transient,84.0,0,0
City Hotel,0,87,2015,September,38,15,0,3,2,0.0,0,BB,FRA,Online TA,TA/TO,0,0,0,A,B,0,No Deposit,9.0,0,Transient,98.25,1,1
City Hotel,0,28,2015,September,38,15,0,3,2,0.0,0,BB,FRA,Direct,Direct,0,0,0,A,A,0,No Deposit,14.0,0,Transient,105.0,1,1
City Hotel,0,14,2015,September,38,15,2,5,2,0.0,0,BB,FRA,Online TA,TA/TO,0,0,0,A,A,0,No Deposit,9.0,0,Contract,132.0,0,2
City Hotel,0,26,2015,September,38,15,2,6,2,0.0,0,BB,DEU,Offline TA/TO,TA/TO,0,0,0,A,D,0,No Deposit,27.0,0,Transient,56.25,0,1
City Hotel,0,20,2015,September,38,15,0,5,2,0.0,0,BB,FRA,Direct,Direct,0,0,0,A,D,0,No Deposit,14.0,0,Transient,112.6,0,3
City Hotel,0,32,2015,September,38,15,1,5,2,0.0,0,BB,DEU,Offline TA/TO,TA/TO,0,0,0,A,D,0,No Deposit,27.0,0,Transient,60.83,0,0
City Hotel,0,13,2015,September,38,16,0,1,2,0.0,0,BB,IND,Online TA,TA/TO,0,0,0,A,A,0,No Deposit,11.0,0,Transient,98.4,0,0
City Hotel,0,27,2015,September,38,16,0,1,2,0.0,0,BB,PRT,Direct,Direct,0,0,0,A,D,0,No Deposit,,0,Transient,105.0,0,1
City Hotel,0,76,2015,September,38,16,0,2,2,0.0,0,BB,ESP,Groups,TA/TO,0,0,0,A,D,0,No Deposit,1.0,0,Transient-Party,62.0,0,0
City Hotel,0,76,2015,September,38,16,0,2,2,0.0,0,BB,ESP,Groups,TA/TO,0,0,0,A,A,0,No Deposit,1.0,0,Transient-Party,62.0,0,0
City Hotel,0,37,2015,September,38,16,0,2,2,0.0,0,BB,NZL,Direct,Direct,0,0,0,A,D,0,No Deposit,14.0,0,Transient-Party,105.0,0,0
City Hotel,0,76,2015,September,38,16,0,2,2,0.0,0,BB,ESP,Groups,TA/TO,0,0,0,A,A,0,No Deposit,1.0,0,Transient-Party,62.0,0,0
City Hotel,0,76,2015,September,38,16,0,2,2,0.0,0,BB,ESP,Groups,TA/TO,0,0,0,A,B,0,No Deposit,1.0,0,Transient-Party,62.0,0,0
City Hotel,0,76,2015,September,38,16,0,2,2,0.0,0,BB,ESP,Groups,TA/TO,0,0,0,A,D,0,No Deposit,1.0,0,Transient-Party,62.0,0,0
City Hotel,0,37,2015,September,38,16,0,2,2,0.0,0,BB,CZE,Online TA,TA/TO,0,0,0,A,D,0,No Deposit,9.0,0,Transient-Party,94.5,0,0
City Hotel,0,76,2015,September,38,16,0,2,2,0.0,0,BB,ESP,Groups,TA/TO,0,0,0,A,A,0,No Deposit,1.0,0,Transient-Party,62.0,0,0
City Hotel,0,76,2015,September,38,16,0,2,2,0.0,0,BB,ESP,Groups,TA/TO,0,0,0,A,D,0,No Deposit,1.0,0,Transient-Party,62.0,0,0
City Hotel,0,76,2015,September,38,16,0,2,2,0.0,0,BB,ESP,Groups,TA/TO,0,0,0,A,B,0,No Deposit,1.0,0,Transient-Party,62.0,0,0
City Hotel,0,76,2015,September,38,16,0,2,2,0.0,0,BB,ESP,Groups,TA/TO,0,0,0,A,A,0,No Deposit,1.0,0,Transient-Party,62.0,0,0
City Hotel,0,76,2015,September,38,16,0,2,2,0.0,0,BB,PRT,Groups,TA/TO,0,0,0,A,K,0,No Deposit,1.0,0,Transient-Party,0.0,0,0
City Hotel,0,76,2015,September,38,16,0,2,2,0.0,0,BB,ESP,Groups,TA/TO,0,0,0,A,B,0,No Deposit,1.0,0,Transient-Party,62.0,0,0
City Hotel,0,76,2015,September,38,16,0,2,2,0.0,0,BB,ESP,Groups,TA/TO,0,0,0,A,B,0,No Deposit,1.0,0,Transient-Party,62.0,0,0
City Hotel,0,15,2015,September,38,16,0,1,2,0.0,0,SC,PRT,Online TA,TA/TO,0,0,0,D,E,0,No Deposit,9.0,0,Contract,115.0,0,2
City Hotel,0,15,2015,September,38,16,0,2,2,0.0,0,SC,PRT,Online TA,TA/TO,0,0,0,D,D,0,No Deposit,9.0,0,Contract,115.0,0,2
City Hotel,0,76,2015,September,38,16,0,2,2,0.0,0,BB,ESP,Groups,TA/TO,0,0,0,A,A,0,No Deposit,1.0,0,Transient-Party,62.0,0,0
City Hotel,0,76,2015,September,38,16,0,2,2,0.0,0,BB,ESP,Groups,TA/TO,0,0,0,A,A,0,No Deposit,1.0,0,Transient-Party,62.0,0,0
City Hotel,1,76,2015,September,38,16,0,2,2,0.0,0,BB,PRT,Groups,TA/TO,0,0,0,A,D,0,No Deposit,1.0,0,Transient-Party,62.0,0,0
City Hotel,0,37,2015,September,38,16,0,2,2,0.0,0,BB,NZL,Online TA,TA/TO,0,0,0,A,A,0,No Deposit,9.0,0,Transient-Party,94.5,0,0
City Hotel,0,76,2015,September,38,16,0,2,2,0.0,0,BB,ESP,Groups,TA/TO,0,0,0,A,A,0,No Deposit,1.0,0,Transient-Party,62.0,0,0
City Hotel,0,76,2015,September,38,16,0,2,2,0.0,0,BB,ESP,Groups,TA/TO,0,0,0,A,B,0,No Deposit,1.0,0,Transient-Party,62.0,0,0
City Hotel,0,76,2015,September,38,16,0,2,2,0.0,0,BB,ESP,Groups,TA/TO,0,0,0,A,B,0,No Deposit,1.0,0,Transient-Party,62.0,0,0
City Hotel,0,76,2015,September,38,16,0,2,2,0.0,0,BB,PRT,Groups,TA/TO,0,0,0,A,A,0,No Deposit,1.0,0,Transient-Party,62.0,0,0
City Hotel,1,76,2015,September,38,16,0,2,2,0.0,0,BB,PRT,Groups,TA/TO,0,0,0,A,A,0,No Deposit,1.0,0,Transient-Party,62.0,0,0
City Hotel,0,76,2015,September,38,16,0,2,2,0.0,0,BB,ESP,Groups,TA/TO,0,0,0,A,A,0,No Deposit,1.0,0,Transient-Party,62.0,0,0
City Hotel,0,76,2015,September,38,16,0,2,2,0.0,0,BB,ESP,Groups,TA/TO,0,0,0,A,B,0,No Deposit,1.0,0,Transient-Party,62.0,0,0
City Hotel,0,76,2015,September,38,16,0,2,2,0.0,0,BB,ESP,Groups,TA/TO,0,0,0,A,B,0,No Deposit,1.0,0,Transient-Party,62.0,0,0
City Hotel,0,37,2015,September,38,16,0,2,2,0.0,0,BB,PRT,Online TA,TA/TO,0,0,0,A,D,0,No Deposit,9.0,0,Transient-Party,94.5,0,0
City Hotel,1,72,2015,September,38,16,0,2,2,0.0,0,BB,PRT,Online TA,TA/TO,0,0,0,A,A,0,No Deposit,9.0,0,Transient,89.25,0,0
City Hotel,0,76,2015,September,38,16,0,2,2,0.0,0,BB,ESP,Groups,TA/TO,0,0,0,A,D,0,No Deposit,1.0,0,Transient-Party,62.0,0,0
City Hotel,0,76,2015,September,38,16,0,2,2,0.0,0,BB,ESP,Groups,TA/TO,0,0,0,A,D,0,No Deposit,1.0,0,Transient-Party,62.0,0,0
City Hotel,0,15,2015,September,38,16,0,2,2,0.0,0,SC,USA,Online TA,TA/TO,0,0,0,D,A,0,No Deposit,9.0,0,Contract,115.0,0,2
City Hotel,0,22,2015,September,38,16,0,2,2,0.0,0,BB,PRT,Corporate,Corporate,0,0,0,A,A,1,No Deposit,40.0,0,Transient,75.0,0,0
City Hotel,0,76,2015,September,38,16,0,2,2,0.0,0,BB,ESP,Groups,TA/TO,0,0,0,A,B,0,No Deposit,1.0,0,Transient-Party,62.0,0,0
City Hotel,0,76,2015,September,38,16,0,2,2,0.0,0,BB,ESP,Groups,TA/TO,0,0,0,A,D,0,No Deposit,1.0,0,Transient-Party,62.0,0,0
City Hotel,0,21,2015,September,38,16,0,3,2,0.0,0,BB,BEL,Online TA,TA/TO,0,0,0,F,F,0,No Deposit,9.0,0,Contract,161.33,0,0
City Hotel,0,167,2015,September,38,16,0,4,2,0.0,0,BB,PRT,Online TA,TA/TO,0,0,0,D,D,0,No Deposit,8.0,0,Transient,102.0,0,0
City Hotel,0,16,2015,September,38,16,0,4,2,0.0,0,BB,GBR,Direct,Direct,0,0,0,A,E,0,No Deposit,14.0,0,Transient,114.5,0,1
City Hotel,0,22,2015,September,38,16,0,4,2,0.0,0,BB,ESP,Online TA,TA/TO,0,0,0,A,E,0,No Deposit,9.0,0,Contract,114.5,0,1
City Hotel,0,105,2015,September,38,16,0,4,2,0.0,0,BB,PRT,Online TA,TA/TO,0,0,0,A,A,0,No Deposit,11.0,0,Transient,71.4,0,0
City Hotel,0,166,2015,September,38,16,0,4,2,0.0,0,BB,PRT,Online TA,TA/TO,0,0,0,A,A,0,No Deposit,8.0,0,Transient,93.5,0,0
City Hotel,0,23,2015,September,38,16,1,4,2,0.0,0,BB,USA,Offline TA/TO,TA/TO,0,0,0,D,D,0,No Deposit,27.0,0,Transient,68.0,0,1
City Hotel,0,16,2015,September,38,16,1,4,2,0.0,0,BB,PRT,Online TA,TA/TO,0,0,0,A,A,0,No Deposit,9.0,0,Contract,116.4,0,2
City Hotel,0,22,2015,September,38,16,2,4,2,0.0,0,BB,PRT,Online TA,TA/TO,0,0,0,A,E,0,No Deposit,9.0,0,Contract,117.67,0,2
City Hotel,0,81,2015,September,38,16,2,4,2,0.0,0,BB,BEL,Online TA,TA/TO,0,0,0,A,A,0,No Deposit,9.0,0,Transient,89.25,0,0
City Hotel,0,51,2015,September,38,16,2,5,2,0.0,0,BB,ISR,Offline TA/TO,TA/TO,0,0,0,A,A,0,No Deposit,13.0,0,Contract,75.6,0,1
City Hotel,0,76,2015,September,38,16,2,5,2,0.0,0,BB,PRT,Offline TA/TO,TA/TO,0,0,0,A,A,0,No Deposit,13.0,0,Transient,71.4,0,1
City Hotel,0,43,2015,September,38,17,0,1,2,0.0,0,BB,RUS,Online TA,TA/TO,0,0,0,A,A,0,No Deposit,9.0,0,Contract,94.5,0,2
City Hotel,0,15,2015,September,38,17,0,1,2,0.0,0,SC,CHN,Online TA,TA/TO,0,0,0,D,A,0,No Deposit,9.0,0,Contract,115.0,0,3
City Hotel,1,12,2015,September,38,17,0,1,2,0.0,0,BB,PRT,Online TA,TA/TO,0,0,0,A,A,0,No Deposit,9.0,0,Transient,152.0,0,1
City Hotel,0,19,2015,September,38,17,0,1,2,0.0,0,SC,DEU,Online TA,TA/TO,0,0,0,A,D,0,No Deposit,9.0,0,Transient,96.0,0,0
City Hotel,0,1,2015,September,38,17,0,1,2,0.0,0,BB,NOR,Direct,Direct,0,0,0,A,A,0,No Deposit,,0,Transient,62.8,0,0
City Hotel,0,13,2015,September,38,17,0,1,2,0.0,0,BB,FRA,Online TA,TA/TO,0,0,0,A,E,0,No Deposit,9.0,0,Contract,152.0,0,2
City Hotel,0,12,2015,September,38,17,0,1,2,0.0,0,BB,ISR,Online TA,TA/TO,0,0,0,A,E,0,No Deposit,9.0,0,Transient,152.0,0,1
City Hotel,0,10,2015,September,38,17,0,1,2,0.0,0,BB,BEL,Online TA,TA/TO,0,0,0,A,E,0,No Deposit,9.0,0,Contract,152.0,0,1
City Hotel,0,15,2015,September,38,17,0,1,2,0.0,0,SC,CHN,Online TA,TA/TO,0,0,0,D,A,0,No Deposit,9.0,0,Contract,115.0,0,3
City Hotel,0,15,2015,September,38,17,0,1,2,0.0,0,BB,ITA,Online TA,TA/TO,0,0,0,A,A,0,No Deposit,7.0,0,Transient,95.48,0,1
City Hotel,0,15,2015,September,38,17,0,1,2,0.0,0,SC,CHN,Online TA,TA/TO,0,0,0,D,D,0,No Deposit,9.0,0,Contract,115.0,0,3
City Hotel,0,14,2015,September,38,17,0,2,2,0.0,0,HB,PRT,Offline TA/TO,TA/TO,0,0,0,A,A,0,No Deposit,20.0,0,Transient-Party,82.0,0,0
City Hotel,0,17,2015,September,38,17,0,2,2,0.0,0,BB,ITA,Online TA,TA/TO,0,0,0,A,A,0,No Deposit,9.0,0,Contract,114.5,0,2
City Hotel,0,56,2015,September,38,17,0,2,2,0.0,0,HB,PRT,Offline TA/TO,TA/TO,0,0,0,A,D,0,No Deposit,20.0,0,Transient-Party,82.0,0,0
City Hotel,0,56,2015,September,38,17,0,2,2,0.0,0,HB,FRA,Offline TA/TO,TA/TO,0,0,0,A,D,0,No Deposit,20.0,0,Transient-Party,82.0,0,0
City Hotel,0,56,2015,September,38,17,0,2,2,0.0,0,HB,PRT,Offline TA/TO,TA/TO,0,0,0,A,D,0,No Deposit,20.0,0,Transient-Party,82.0,0,0
City Hotel,0,56,2015,September,38,17,0,2,2,0.0,0,HB,FRA,Offline TA/TO,TA/TO,0,0,0,A,B,0,No Deposit,20.0,0,Transient-Party,82.0,0,0
City Hotel,0,17,2015,September,38,17,0,2,2,0.0,0,BB,ESP,Online TA,TA/TO,0,0,0,A,A,1,No Deposit,9.0,0,Transient,124.0,0,2
City Hotel,0,56,2015,September,38,17,0,2,2,0.0,0,HB,PRT,Offline TA/TO,TA/TO,0,0,0,A,D,0,No Deposit,20.0,0,Transient-Party,82.0,0,0
City Hotel,0,56,2015,September,38,17,0,2,2,0.0,0,HB,FRA,Offline TA/TO,TA/TO,0,0,0,A,D,0,No Deposit,20.0,0,Transient-Party,82.0,0,0
City Hotel,0,56,2015,September,38,17,0,2,2,0.0,0,HB,FRA,Offline TA/TO,TA/TO,0,0,0,A,D,0,No Deposit,20.0,0,Transient-Party,82.0,0,0
City Hotel,0,56,2015,September,38,17,0,2,2,0.0,0,HB,PRT,Offline TA/TO,TA/TO,0,0,0,A,D,0,No Deposit,20.0,0,Transient-Party,82.0,0,0
City Hotel,0,56,2015,September,38,17,0,2,2,0.0,0,HB,FRA,Offline TA/TO,TA/TO,0,0,0,A,D,0,No Deposit,20.0,0,Transient-Party,82.0,0,0
City Hotel,0,56,2015,September,38,17,0,2,2,0.0,0,HB,PRT,Offline TA/TO,TA/TO,0,0,0,A,D,0,No Deposit,20.0,0,Transient-Party,82.0,0,0
City Hotel,0,56,2015,September,38,17,0,2,2,0.0,0,HB,FRA,Offline TA/TO,TA/TO,0,0,0,A,A,0,No Deposit,20.0,0,Transient-Party,82.0,0,0
City Hotel,0,56,2015,September,38,17,0,2,2,0.0,0,HB,PRT,Offline TA/TO,TA/TO,0,0,0,A,D,0,No Deposit,20.0,0,Transient-Party,82.0,0,0
City Hotel,0,56,2015,September,38,17,0,2,2,0.0,0,HB,PRT,Offline TA/TO,TA/TO,0,0,0,A,D,0,No Deposit,20.0,0,Transient-Party,82.0,0,0
City Hotel,0,14,2015,September,38,17,0,2,2,0.0,0,HB,PRT,Offline TA/TO,TA/TO,0,0,0,A,A,0,No Deposit,20.0,0,Transient-Party,82.0,0,0
City Hotel,0,56,2015,September,38,17,0,2,2,0.0,0,HB,PRT,Offline TA/TO,TA/TO,0,0,0,A,D,0,No Deposit,20.0,0,Transient-Party,82.0,0,0
City Hotel,0,56,2015,September,38,17,0,2,2,0.0,0,HB,FRA,Offline TA/TO,TA/TO,0,0,0,A,D,0,No Deposit,20.0,0,Transient-Party,82.0,0,0
City Hotel,0,56,2015,September,38,17,0,2,2,0.0,0,HB,PRT,Offline TA/TO,TA/TO,0,0,0,A,D,0,No Deposit,20.0,0,Transient-Party,82.0,0,0
City Hotel,0,56,2015,September,38,17,0,2,2,0.0,0,HB,FRA,Offline TA/TO,TA/TO,0,0,0,A,D,0,No Deposit,20.0,0,Transient-Party,82.0,0,0
City Hotel,0,56,2015,September,38,17,0,2,2,0.0,0,HB,FRA,Offline TA/TO,TA/TO,0,0,0,A,D,0,No Deposit,20.0,0,Transient-Party,82.0,0,0
City Hotel,0,14,2015,September,38,17,0,2,2,0.0,0,HB,FRA,Offline TA/TO,TA/TO,0,0,0,A,A,0,No Deposit,20.0,0,Transient-Party,82.0,0,0
City Hotel,0,162,2015,September,38,17,0,3,2,0.0,0,BB,PRT,Offline TA/TO,TA/TO,0,0,0,A,A,0,No Deposit,3.0,0,Transient-Party,70.0,0,0
City Hotel,1,26,2015,September,38,17,0,3,2,0.0,0,BB,PRT,Online TA,TA/TO,0,0,0,A,A,0,No Deposit,9.0,0,Transient,117.67,0,1
City Hotel,0,162,2015,September,38,17,0,3,2,0.0,0,BB,FRA,Offline TA/TO,TA/TO,0,0,0,A,A,0,No Deposit,3.0,0,Transient-Party,70.0,0,0
City Hotel,0,162,2015,September,38,17,0,3,2,0.0,0,BB,PRT,Offline TA/TO,TA/TO,0,0,0,A,A,0,No Deposit,3.0,0,Transient-Party,70.0,0,0
City Hotel,0,24,2015,September,38,17,0,3,2,0.0,0,BB,FRA,Online TA,TA/TO,0,0,0,A,A,0,No Deposit,9.0,0,Contract,117.67,0,1
City Hotel,0,162,2015,September,38,17,0,3,2,0.0,0,BB,FRA,Offline TA/TO,TA/TO,0,0,0,A,A,0,No Deposit,3.0,0,Transient-Party,70.0,0,0
City Hotel,0,162,2015,September,38,17,0,3,2,0.0,0,BB,PRT,Offline TA/TO,TA/TO,0,0,0,A,A,0,No Deposit,3.0,0,Transient-Party,70.0,0,0
City Hotel,0,162,2015,September,38,17,0,3,2,0.0,0,BB,PRT,Offline TA/TO,TA/TO,0,0,0,A,A,0,No Deposit,3.0,0,Transient-Party,70.0,0,0
City Hotel,0,162,2015,September,38,17,0,3,2,0.0,0,BB,PRT,Offline TA/TO,TA/TO,0,0,0,A,A,2,No Deposit,3.0,0,Transient-Party,70.0,0,0
City Hotel,0,162,2015,September,38,17,0,3,2,0.0,0,BB,FRA,Offline TA/TO,TA/TO,0,0,0,A,A,1,No Deposit,3.0,0,Transient-Party,35.0,0,0
City Hotel,0,162,2015,September,38,17,0,3,2,0.0,0,BB,PRT,Offline TA/TO,TA/TO,0,0,0,A,A,0,No Deposit,3.0,0,Transient-Party,70.0,0,0
City Hotel,0,42,2015,September,38,17,0,3,2,0.0,0,BB,BEL,Online TA,TA/TO,0,0,0,A,A,0,No Deposit,9.0,0,Contract,111.6,0,3
City Hotel,0,162,2015,September,38,17,0,3,2,0.0,0,BB,PRT,Offline TA/TO,TA/TO,0,0,0,A,A,0,No Deposit,3.0,0,Transient-Party,70.0,0,1
City Hotel,1,162,2015,September,38,17,0,3,2,0.0,0,BB,PRT,Offline TA/TO,TA/TO,0,0,0,A,A,0,No Deposit,3.0,0,Transient-Party,70.0,0,0
City Hotel,1,97,2015,September,38,17,0,3,2,0.0,0,BB,PRT,Online TA,TA/TO,0,0,0,D,D,0,No Deposit,8.0,0,Transient,102.0,0,0
City Hotel,0,162,2015,September,38,17,0,3,2,0.0,0,BB,FRA,Offline TA/TO,TA/TO,0,0,0,A,A,0,No Deposit,3.0,0,Transient-Party,70.0,0,0
City Hotel,0,162,2015,September,38,17,0,3,2,0.0,0,BB,PRT,Offline TA/TO,TA/TO,0,0,0,A,A,0,No Deposit,3.0,0,Transient-Party,70.0,0,0
City Hotel,0,56,2015,September,38,17,0,2,2,0.0,0,HB,FRA,Offline TA/TO,TA/TO,0,0,0,A,D,0,No Deposit,20.0,0,Transient-Party,82.0,0,0
City Hotel,0,162,2015,September,38,17,0,3,2,0.0,0,BB,FRA,Offline TA/TO,TA/TO,0,0,0,A,A,0,No Deposit,3.0,0,Transient-Party,70.0,0,1
City Hotel,0,162,2015,September,38,17,0,3,2,0.0,0,BB,CHN,Offline TA/TO,TA/TO,0,0,0,A,A,0,No Deposit,3.0,0,Transient,70.0,0,0
City Hotel,0,24,2015,September,38,17,0,3,2,0.0,0,BB,ESP,Online TA,TA/TO,0,0,0,A,E,0,No Deposit,9.0,0,Contract,117.67,0,2
City Hotel,0,22,2015,September,38,17,1,3,2,0.0,0,BB,PRT,Online TA,TA/TO,0,0,0,A,A,0,No Deposit,9.0,0,Contract,119.25,0,3
City Hotel,0,26,2015,September,38,17,1,3,2,0.0,0,BB,AUT,Offline TA/TO,TA/TO,0,0,0,A,A,0,No Deposit,27.0,0,Transient,76.5,0,0
City Hotel,0,24,2015,September,38,17,1,3,2,0.0,0,BB,ITA,Online TA,TA/TO,0,0,0,A,D,0,No Deposit,9.0,0,Contract,119.25,0,0
City Hotel,0,36,2015,September,38,18,0,1,2,0.0,0,BB,PRT,Offline TA/TO,TA/TO,0,0,0,A,E,0,No Deposit,50.0,0,Transient-Party,85.0,0,1
City Hotel,0,72,2015,September,38,18,0,1,2,0.0,0,HB,PRT,Offline TA/TO,TA/TO,0,0,0,A,B,0,No Deposit,6.0,0,Transient-Party,108.0,0,0
City Hotel,0,72,2015,September,38,18,0,1,2,0.0,0,HB,PRT,Offline TA/TO,TA/TO,0,0,0,A,A,0,No Deposit,6.0,0,Transient-Party,108.0,0,0
City Hotel,0,0,2015,September,38,18,0,1,2,0.0,0,SC,PRT,Online TA,TA/TO,0,0,0,D,D,1,No Deposit,9.0,0,Contract,115.0,0,2
City Hotel,0,74,2015,September,38,18,0,1,2,0.0,0,HB,PRT,Offline TA/TO,TA/TO,0,0,0,A,A,0,No Deposit,6.0,0,Transient-Party,109.0,0,0
City Hotel,0,72,2015,September,38,18,0,1,2,0.0,0,HB,PRT,Offline TA/TO,TA/TO,0,0,0,A,E,0,No Deposit,6.0,0,Transient-Party,108.0,0,0
City Hotel,1,72,2015,September,38,18,0,1,2,0.0,0,HB,PRT,Offline TA/TO,TA/TO,0,0,0,A,A,0,No Deposit,6.0,0,Transient-Party,108.0,0,0
City Hotel,0,72,2015,September,38,18,0,1,2,0.0,0,HB,PRT,Offline TA/TO,TA/TO,0,0,0,A,A,0,No Deposit,6.0,0,Transient-Party,108.0,0,0
City Hotel,1,72,2015,September,38,18,0,1,2,0.0,0,HB,PRT,Offline TA/TO,TA/TO,0,0,0,A,A,0,No Deposit,6.0,0,Transient-Party,108.0,0,0
City Hotel,0,72,2015,September,38,18,0,1,2,0.0,0,HB,PRT,Offline TA/TO,TA/TO,0,0,0,A,D,0,No Deposit,6.0,0,Transient-Party,108.0,0,0
City Hotel,1,72,2015,September,38,18,0,1,2,0.0,0,HB,PRT,Offline TA/TO,TA/TO,0,0,0,A,A,0,No Deposit,6.0,0,Transient-Party,108.0,0,0
City Hotel,1,79,2015,September,38,18,0,1,2,0.0,0,BB,PRT,Online TA,TA/TO,0,0,0,A,A,0,No Deposit,9.0,0,Transient,89.25,0,0
City Hotel,0,72,2015,September,38,18,0,1,2,0.0,0,HB,PRT,Offline TA/TO,TA/TO,0,0,0,A,A,0,No Deposit,6.0,0,Transient-Party,108.0,0,0
City Hotel,0,72,2015,September,38,18,0,1,2,0.0,0,HB,PRT,Offline TA/TO,TA/TO,0,0,0,A,A,0,No Deposit,6.0,0,Transient-Party,108.0,0,0
City Hotel,0,72,2015,September,38,18,0,1,2,0.0,0,HB,PRT,Offline TA/TO,TA/TO,0,0,0,A,A,0,No Deposit,6.0,0,Transient-Party,108.0,0,0
City Hotel,1,72,2015,September,38,18,0,1,2,0.0,0,HB,PRT,Offline TA/TO,TA/TO,0,0,0,A,A,0,No Deposit,6.0,0,Transient-Party,108.0,0,0
City Hotel,0,0,2015,September,38,18,0,1,2,0.0,0,BB,ISR,Direct,TA/TO,0,0,0,A,E,0,No Deposit,,0,Transient,152.0,0,1
City Hotel,0,36,2015,September,38,18,0,1,2,0.0,0,BB,PRT,Offline TA/TO,TA/TO,0,0,0,A,D,0,No Deposit,50.0,0,Transient-Party,85.0,0,1
City Hotel,0,72,2015,September,38,18,0,1,2,0.0,0,HB,PRT,Offline TA/TO,TA/TO,0,0,0,A,B,0,No Deposit,6.0,0,Transient-Party,108.0,0,0
City Hotel,0,72,2015,September,38,18,0,1,2,0.0,0,HB,PRT,Offline TA/TO,TA/TO,0,0,0,A,A,0,No Deposit,6.0,0,Transient-Party,108.0,0,0
City Hotel,0,72,2015,September,38,18,0,1,2,0.0,0,HB,PRT,Offline TA/TO,TA/TO,0,0,0,A,A,0,No Deposit,6.0,0,Transient-Party,108.0,0,0
City Hotel,1,72,2015,September,38,18,0,1,2,0.0,0,HB,PRT,Offline TA/TO,TA/TO,0,0,0,A,A,0,No Deposit,6.0,0,Transient-Party,108.0,0,0
City Hotel,0,46,2015,September,38,18,0,1,2,0.0,0,BB,PRT,Online TA,TA/TO,0,0,0,A,A,0,No Deposit,9.0,0,Transient,94.5,0,0
City Hotel,0,72,2015,September,38,18,0,1,2,0.0,0,HB,PRT,Offline TA/TO,TA/TO,0,0,0,A,D,0,No Deposit,6.0,0,Transient-Party,108.0,0,0
City Hotel,0,72,2015,September,38,18,0,1,2,0.0,0,HB,PRT,Offline TA/TO,TA/TO,0,0,0,A,A,0,No Deposit,6.0,0,Transient-Party,108.0,0,0
City Hotel,0,74,2015,September,38,18,0,2,2,0.0,0,HB,PRT,Offline TA/TO,TA/TO,0,0,0,A,A,0,No Deposit,6.0,0,Transient-Party,109.0,0,0
City Hotel,0,74,2015,September,38,18,0,2,2,0.0,0,HB,PRT,Offline TA/TO,TA/TO,0,0,0,A,A,0,No Deposit,6.0,0,Transient-Party,109.0,0,0
City Hotel,0,74,2015,September,38,18,0,2,2,0.0,0,HB,PRT,Offline TA/TO,TA/TO,0,0,0,A,D,0,No Deposit,6.0,0,Transient-Party,109.0,0,0
City Hotel,1,74,2015,September,38,18,0,2,2,0.0,0,HB,PRT,Offline TA/TO,TA/TO,0,0,0,A,A,0,Non Refund,6.0,0,Transient-Party,101.5,0,0
City Hotel,1,74,2015,September,38,18,0,2,2,0.0,0,HB,PRT,Offline TA/TO,TA/TO,0,0,0,A,A,0,Non Refund,6.0,0,Transient-Party,101.5,0,0
City Hotel,1,74,2015,September,38,18,0,2,2,0.0,0,HB,PRT,Offline TA/TO,TA/TO,0,0,0,A,A,0,Non Refund,6.0,0,Transient-Party,101.5,0,0
City Hotel,1,74,2015,September,38,18,0,2,2,0.0,0,HB,PRT,Offline TA/TO,TA/TO,0,0,0,A,A,0,Non Refund,6.0,0,Transient-Party,101.5,0,0
City Hotel,1,74,2015,September,38,18,0,2,2,0.0,0,HB,PRT,Offline TA/TO,TA/TO,0,0,0,A,A,0,Non Refund,6.0,0,Transient-Party,101.5,0,0
City Hotel,1,74,2015,September,38,18,0,2,2,0.0,0,HB,PRT,Offline TA/TO,TA/TO,0,0,0,A,A,0,Non Refund,6.0,0,Transient-Party,101.5,0,0
City Hotel,1,74,2015,September,38,18,0,2,2,0.0,0,HB,PRT,Offline TA/TO,TA/TO,0,0,0,A,A,0,Non Refund,6.0,0,Transient-Party,101.5,0,0
City Hotel,1,74,2015,September,38,18,0,2,2,0.0,0,HB,PRT,Offline TA/TO,TA/TO,0,0,0,A,A,0,Non Refund,6.0,0,Transient-Party,101.5,0,0
City Hotel,1,74,2015,September,38,18,0,2,2,0.0,0,HB,PRT,Offline TA/TO,TA/TO,0,0,0,A,A,0,Non Refund,6.0,0,Transient-Party,101.5,0,0
City Hotel,0,74,2015,September,38,18,0,2,2,0.0,0,HB,PRT,Offline TA/TO,TA/TO,0,0,0,A,A,0,No Deposit,6.0,0,Transient-Party,109.0,0,0
City Hotel,0,74,2015,September,38,18,0,2,2,0.0,0,HB,PRT,Offline TA/TO,TA/TO,0,0,0,A,B,0,No Deposit,6.0,0,Transient-Party,109.0,0,0
City Hotel,0,74,2015,September,38,18,0,2,2,0.0,0,HB,PRT,Offline TA/TO,TA/TO,0,0,0,A,E,0,No Deposit,6.0,0,Transient-Party,109.0,0,0
City Hotel,0,74,2015,September,38,18,0,2,2,0.0,0,HB,PRT,Offline TA/TO,TA/TO,0,0,0,A,G,0,No Deposit,6.0,0,Transient-Party,109.0,0,0
City Hotel,0,74,2015,September,38,18,0,2,2,0.0,0,HB,PRT,Offline TA/TO,TA/TO,0,0,0,A,B,0,No Deposit,6.0,0,Transient-Party,109.0,0,0
City Hotel,1,74,2015,September,38,18,0,2,2,0.0,0,HB,PRT,Offline TA/TO,TA/TO,0,0,0,A,A,0,Non Refund,6.0,0,Transient-Party,101.5,0,0
City Hotel,1,74,2015,September,38,18,0,2,2,0.0,0,HB,PRT,Offline TA/TO,TA/TO,0,0,0,A,A,0,Non Refund,6.0,0,Transient-Party,101.5,0,0
City Hotel,1,74,2015,September,38,18,0,2,2,0.0,0,HB,PRT,Offline TA/TO,TA/TO,0,0,0,A,A,0,Non Refund,6.0,0,Transient-Party,101.5,0,0
City Hotel,1,74,2015,September,38,18,0,2,2,0.0,0,HB,PRT,Offline TA/TO,TA/TO,0,0,0,A,A,0,Non Refund,6.0,0,Transient-Party,101.5,0,0
City Hotel,1,74,2015,September,38,18,0,2,2,0.0,0,HB,PRT,Offline TA/TO,TA/TO,0,0,0,A,A,0,Non Refund,6.0,0,Transient-Party,101.5,0,0
City Hotel,1,74,2015,September,38,18,0,2,2,0.0,0,HB,PRT,Offline TA/TO,TA/TO,0,0,0,A,A,0,Non Refund,6.0,0,Transient-Party,101.5,0,0
City Hotel,0,74,2015,September,38,18,0,2,2,0.0,0,HB,PRT,Offline TA/TO,TA/TO,0,0,0,A,A,0,No Deposit,6.0,0,Transient-Party,109.0,0,0
City Hotel,0,74,2015,September,38,18,0,2,2,0.0,0,HB,PRT,Offline TA/TO,TA/TO,0,0,0,A,A,0,No Deposit,6.0,0,Transient-Party,109.0,0,0
City Hotel,0,74,2015,September,38,18,0,2,2,0.0,0,HB,PRT,Offline TA/TO,TA/TO,0,0,0,A,A,0,No Deposit,6.0,0,Transient-Party,109.0,0,0
City Hotel,0,74,2015,September,38,18,0,2,2,0.0,0,HB,PRT,Offline TA/TO,TA/TO,0,0,0,A,A,0,No Deposit,6.0,0,Transient-Party,109.0,0,0
City Hotel,0,74,2015,September,38,18,0,2,2,0.0,0,HB,PRT,Offline TA/TO,TA/TO,0,0,0,A,D,0,No Deposit,6.0,0,Transient-Party,109.0,0,0
City Hotel,0,74,2015,September,38,18,0,2,2,0.0,0,HB,PRT,Offline TA/TO,TA/TO,0,0,0,A,D,0,No Deposit,6.0,0,Transient-Party,109.0,0,0
City Hotel,1,27,2015,September,38,18,0,2,2,0.0,0,BB,PRT,Online TA,TA/TO,0,0,0,A,A,0,No Deposit,9.0,0,Transient,124.0,0,2
City Hotel,0,74,2015,September,38,18,0,2,2,0.0,0,HB,DEU,Offline TA/TO,TA/TO,0,0,0,A,A,0,No Deposit,6.0,0,Transient-Party,109.0,0,0
City Hotel,0,74,2015,September,38,18,0,2,2,0.0,0,HB,PRT,Offline TA/TO,TA/TO,0,0,0,A,A,0,No Deposit,6.0,0,Transient-Party,109.0,0,0
City Hotel,0,74,2015,September,38,18,0,2,2,0.0,0,HB,PRT,Offline TA/TO,TA/TO,0,0,0,A,D,0,No Deposit,6.0,0,Transient-Party,109.0,0,0
City Hotel,0,74,2015,September,38,18,0,2,2,0.0,0,HB,PRT,Offline TA/TO,TA/TO,0,0,0,A,A,0,No Deposit,6.0,0,Transient-Party,109.0,0,0
City Hotel,1,74,2015,September,38,18,0,2,2,0.0,0,HB,PRT,Offline TA/TO,TA/TO,0,0,0,A,A,0,Non Refund,6.0,0,Transient-Party,101.5,0,0
City Hotel,1,74,2015,September,38,18,0,2,2,0.0,0,HB,PRT,Offline TA/TO,TA/TO,0,0,0,A,A,0,Non Refund,6.0,0,Transient-Party,101.5,0,0
City Hotel,1,74,2015,September,38,18,0,2,2,0.0,0,HB,PRT,Offline TA/TO,TA/TO,0,0,0,A,A,0,Non Refund,6.0,0,Transient-Party,101.5,0,0
City Hotel,1,74,2015,September,38,18,0,2,2,0.0,0,HB,PRT,Offline TA/TO,TA/TO,0,0,0,A,A,0,Non Refund,6.0,0,Transient-Party,101.5,0,0
City Hotel,1,74,2015,September,38,18,0,2,2,0.0,0,HB,PRT,Offline TA/TO,TA/TO,0,0,0,A,A,0,Non Refund,6.0,0,Transient-Party,101.5,0,0
City Hotel,1,74,2015,September,38,18,0,2,2,0.0,0,HB,PRT,Offline TA/TO,TA/TO,0,0,0,A,A,0,Non Refund,6.0,0,Transient-Party,101.5,0,0
City Hotel,0,74,2015,September,38,18,0,2,2,0.0,0,HB,PRT,Offline TA/TO,TA/TO,0,0,0,A,A,0,No Deposit,6.0,0,Transient-Party,109.0,0,0
City Hotel,0,74,2015,September,38,18,0,2,2,0.0,0,HB,PRT,Offline TA/TO,TA/TO,0,0,0,A,B,0,No Deposit,6.0,0,Transient-Party,109.0,0,0
City Hotel,1,27,2015,September,38,18,0,2,2,0.0,0,BB,PRT,Online TA,TA/TO,0,0,0,A,A,0,No Deposit,9.0,0,Transient,124.0,0,2
City Hotel,0,35,2015,September,38,18,0,2,2,0.0,0,BB,PRT,Online TA,TA/TO,0,0,0,A,F,0,No Deposit,9.0,0,Transient,145.35,0,1
City Hotel,0,74,2015,September,38,18,0,2,2,0.0,0,HB,PRT,Offline TA/TO,TA/TO,0,0,0,A,A,0,No Deposit,6.0,0,Transient-Party,109.0,0,0
City Hotel,0,74,2015,September,38,18,0,2,2,0.0,0,HB,PRT,Offline TA/TO,TA/TO,0,0,0,A,A,1,No Deposit,6.0,0,Transient-Party,109.0,0,0
City Hotel,0,74,2015,September,38,18,0,2,2,0.0,0,HB,PRT,Offline TA/TO,TA/TO,0,0,0,A,A,0,No Deposit,6.0,0,Transient-Party,109.0,0,0
City Hotel,1,74,2015,September,38,18,0,2,2,0.0,0,HB,PRT,Offline TA/TO,TA/TO,0,0,0,A,A,0,Non Refund,6.0,0,Transient-Party,101.5,0,0
City Hotel,1,74,2015,September,38,18,0,2,2,0.0,0,HB,PRT,Offline TA/TO,TA/TO,0,0,0,A,A,0,Non Refund,6.0,0,Transient-Party,101.5,0,0
City Hotel,1,74,2015,September,38,18,0,2,2,0.0,0,HB,PRT,Offline TA/TO,TA/TO,0,0,0,A,A,0,Non Refund,6.0,0,Transient-Party,101.5,0,0
City Hotel,1,27,2015,September,38,18,0,2,2,0.0,0,BB,PRT,Online TA,TA/TO,0,0,0,A,A,0,No Deposit,9.0,0,Transient,124.0,0,2
City Hotel,0,74,2015,September,38,18,0,2,2,0.0,0,HB,PRT,Offline TA/TO,TA/TO,0,0,0,A,D,0,No Deposit,6.0,0,Transient-Party,109.0,0,0
City Hotel,0,74,2015,September,38,18,0,2,2,0.0,0,HB,PRT,Offline TA/TO,TA/TO,0,0,0,A,A,0,No Deposit,6.0,0,Transient-Party,109.0,0,0
City Hotel,0,74,2015,September,38,18,0,2,2,0.0,0,HB,PRT,Offline TA/TO,TA/TO,0,0,0,A,D,0,No Deposit,6.0,0,Transient-Party,109.0,0,0
City Hotel,0,74,2015,September,38,18,0,2,2,0.0,0,HB,PRT,Offline TA/TO,TA/TO,0,0,0,A,D,0,No Deposit,6.0,0,Transient-Party,109.0,0,0
City Hotel,1,74,2015,September,38,18,0,2,2,0.0,0,HB,PRT,Offline TA/TO,TA/TO,0,0,0,A,A,0,Non Refund,6.0,0,Transient-Party,101.5,0,0
City Hotel,1,74,2015,September,38,18,0,2,2,0.0,0,HB,PRT,Offline TA/TO,TA/TO,0,0,0,A,A,0,Non Refund,6.0,0,Transient-Party,101.5,0,0
City Hotel,1,74,2015,September,38,18,0,2,2,0.0,0,HB,PRT,Offline TA/TO,TA/TO,0,0,0,A,A,0,Non Refund,6.0,0,Transient-Party,101.5,0,0
City Hotel,1,74,2015,September,38,18,0,2,2,0.0,0,HB,PRT,Offline TA/TO,TA/TO,0,0,0,A,A,0,Non Refund,6.0,0,Transient-Party,101.5,0,0
City Hotel,1,74,2015,September,38,18,0,2,2,0.0,0,HB,PRT,Offline TA/TO,TA/TO,0,0,0,A,A,0,Non Refund,6.0,0,Transient-Party,101.5,0,0
City Hotel,1,22,2015,September,38,18,0,2,2,0.0,0,BB,PRT,Online TA,TA/TO,0,0,0,A,A,0,No Deposit,9.0,0,Contract,124.0,0,1
City Hotel,0,74,2015,September,38,18,0,2,2,0.0,0,HB,PRT,Offline TA/TO,TA/TO,0,0,0,A,A,0,No Deposit,6.0,0,Transient-Party,109.0,0,0
City Hotel,0,74,2015,September,38,18,0,2,2,0.0,0,HB,PRT,Offline TA/TO,TA/TO,0,0,0,A,A,0,No Deposit,6.0,0,Transient-Party,109.0,0,0
City Hotel,1,74,2015,September,38,18,0,2,2,0.0,0,HB,PRT,Offline TA/TO,TA/TO,0,0,0,A,A,0,Non Refund,6.0,0,Transient-Party,101.5,0,0
City Hotel,0,74,2015,September,38,18,0,2,2,0.0,0,HB,PRT,Offline TA/TO,TA/TO,0,0,0,A,A,0,No Deposit,6.0,0,Transient-Party,109.0,0,0
City Hotel,0,74,2015,September,38,18,0,2,2,0.0,0,HB,PRT,Offline TA/TO,TA/TO,0,0,0,A,B,0,No Deposit,6.0,0,Transient-Party,109.0,0,0
City Hotel,0,74,2015,September,38,18,0,2,2,0.0,0,HB,PRT,Offline TA/TO,TA/TO,0,0,0,A,D,0,No Deposit,6.0,0,Transient-Party,109.0,0,0
City Hotel,0,74,2015,September,38,18,0,2,2,0.0,0,HB,PRT,Offline TA/TO,TA/TO,0,0,0,A,A,0,No Deposit,6.0,0,Transient-Party,109.0,0,0
City Hotel,0,74,2015,September,38,18,0,2,2,0.0,0,HB,PRT,Offline TA/TO,TA/TO,0,0,0,A,A,0,No Deposit,6.0,0,Transient-Party,109.0,0,0
City Hotel,1,74,2015,September,38,18,0,2,2,0.0,0,HB,PRT,Offline TA/TO,TA/TO,0,0,0,A,A,0,Non Refund,6.0,0,Transient-Party,101.5,0,0
City Hotel,1,74,2015,September,38,18,0,2,2,0.0,0,HB,PRT,Offline TA/TO,TA/TO,0,0,0,A,A,0,Non Refund,6.0,0,Transient-Party,101.5,0,0
City Hotel,1,74,2015,September,38,18,0,2,2,0.0,0,HB,PRT,Offline TA/TO,TA/TO,0,0,0,A,A,0,Non Refund,6.0,0,Transient-Party,101.5,0,0
City Hotel,1,74,2015,September,38,18,0,2,2,0.0,0,HB,PRT,Offline TA/TO,TA/TO,0,0,0,A,A,0,Non Refund,6.0,0,Transient-Party,101.5,0,0
City Hotel,0,74,2015,September,38,18,0,2,2,0.0,0,HB,PRT,Offline TA/TO,TA/TO,0,0,0,A,B,0,No Deposit,6.0,0,Transient-Party,109.0,0,0
City Hotel,0,74,2015,September,38,18,0,2,2,0.0,0,HB,PRT,Offline TA/TO,TA/TO,0,0,0,A,A,0,No Deposit,6.0,0,Transient-Party,109.0,0,0
City Hotel,0,74,2015,September,38,18,0,2,2,0.0,0,HB,PRT,Offline TA/TO,TA/TO,0,0,0,A,A,0,No Deposit,6.0,0,Transient-Party,109.0,0,0
City Hotel,1,74,2015,September,38,18,0,2,2,0.0,0,HB,PRT,Offline TA/TO,TA/TO,0,0,0,A,A,0,Non Refund,6.0,0,Transient-Party,101.5,0,0
City Hotel,1,74,2015,September,38,18,0,2,2,0.0,0,HB,PRT,Offline TA/TO,TA/TO,0,0,0,A,A,0,Non Refund,6.0,0,Transient-Party,101.5,0,0
City Hotel,1,74,2015,September,38,18,0,2,2,0.0,0,HB,PRT,Offline TA/TO,TA/TO,0,0,0,A,A,0,Non Refund,6.0,0,Transient-Party,101.5,0,0
City Hotel,1,74,2015,September,38,18,0,2,2,0.0,0,HB,PRT,Offline TA/TO,TA/TO,0,0,0,A,A,0,Non Refund,6.0,0,Transient-Party,101.5,0,0
City Hotel,0,74,2015,September,38,18,0,2,2,0.0,0,HB,PRT,Offline TA/TO,TA/TO,0,0,0,A,A,0,No Deposit,6.0,0,Transient-Party,109.0,0,0
City Hotel,0,74,2015,September,38,18,0,2,2,0.0,0,HB,PRT,Offline TA/TO,TA/TO,0,0,0,A,A,0,No Deposit,6.0,0,Transient-Party,109.0,0,0
City Hotel,0,74,2015,September,38,18,0,2,2,0.0,0,HB,PRT,Offline TA/TO,TA/TO,0,0,0,A,D,0,No Deposit,6.0,0,Transient-Party,109.0,0,0
City Hotel,0,74,2015,September,38,18,0,2,2,0.0,0,HB,PRT,Offline TA/TO,TA/TO,0,0,0,A,A,0,No Deposit,6.0,0,Transient-Party,109.0,0,0
City Hotel,0,74,2015,September,38,18,0,2,2,0.0,0,HB,PRT,Offline TA/TO,TA/TO,0,0,0,A,D,0,No Deposit,6.0,0,Transient-Party,109.0,0,0
City Hotel,1,74,2015,September,38,18,0,2,2,0.0,0,HB,PRT,Offline TA/TO,TA/TO,0,0,0,A,A,0,Non Refund,6.0,0,Transient-Party,101.5,0,0
City Hotel,1,74,2015,September,38,18,0,2,2,0.0,0,HB,PRT,Offline TA/TO,TA/TO,0,0,0,A,A,0,Non Refund,6.0,0,Transient-Party,101.5,0,0
City Hotel,1,74,2015,September,38,18,0,2,2,0.0,0,HB,PRT,Offline TA/TO,TA/TO,0,0,0,A,A,0,Non Refund,6.0,0,Transient-Party,101.5,0,0
City Hotel,1,74,2015,September,38,18,0,2,2,0.0,0,HB,PRT,Offline TA/TO,TA/TO,0,0,0,A,A,0,Non Refund,6.0,0,Transient-Party,101.5,0,0
City Hotel,1,74,2015,September,38,18,0,2,2,0.0,0,HB,PRT,Offline TA/TO,TA/TO,0,0,0,A,A,0,Non Refund,6.0,0,Transient-Party,101.5,0,0
City Hotel,1,74,2015,September,38,18,0,2,2,0.0,0,HB,PRT,Offline TA/TO,TA/TO,0,0,0,A,A,0,Non Refund,6.0,0,Transient-Party,101.5,0,0
City Hotel,1,74,2015,September,38,18,0,2,2,0.0,0,HB,PRT,Offline TA/TO,TA/TO,0,0,0,A,A,0,Non Refund,6.0,0,Transient-Party,101.5,0,0
City Hotel,1,74,2015,September,38,18,0,2,2,0.0,0,HB,PRT,Offline TA/TO,TA/TO,0,0,0,A,A,0,Non Refund,6.0,0,Transient-Party,101.5,0,0
City Hotel,1,74,2015,September,38,18,0,2,2,0.0,0,HB,PRT,Offline TA/TO,TA/TO,0,0,0,A,A,0,Non Refund,6.0,0,Transient-Party,101.5,0,0
City Hotel,1,74,2015,September,38,18,0,2,2,0.0,0,HB,PRT,Offline TA/TO,TA/TO,0,0,0,A,A,0,Non Refund,6.0,0,Transient-Party,101.5,0,0
City Hotel,0,74,2015,September,38,18,0,2,2,0.0,0,HB,PRT,Offline TA/TO,TA/TO,0,0,0,A,A,0,No Deposit,6.0,0,Transient-Party,109.0,0,0
City Hotel,0,74,2015,September,38,18,0,2,2,0.0,0,HB,PRT,Offline TA/TO,TA/TO,0,0,0,A,A,0,No Deposit,6.0,0,Transient-Party,109.0,0,0
City Hotel,0,74,2015,September,38,18,0,2,2,0.0,0,HB,PRT,Offline TA/TO,TA/TO,0,0,0,A,B,0,No Deposit,6.0,0,Transient-Party,109.0,0,0
City Hotel,0,74,2015,September,38,18,0,2,2,0.0,0,HB,PRT,Offline TA/TO,TA/TO,0,0,0,A,A,0,No Deposit,6.0,0,Transient-Party,109.0,0,0
City Hotel,0,74,2015,September,38,18,0,2,2,0.0,0,HB,PRT,Offline TA/TO,TA/TO,0,0,0,A,A,0,No Deposit,6.0,0,Transient-Party,109.0,0,0
City Hotel,1,74,2015,September,38,18,0,2,2,0.0,0,HB,PRT,Offline TA/TO,TA/TO,0,0,0,A,A,0,Non Refund,6.0,0,Transient-Party,101.5,0,0
City Hotel,1,74,2015,September,38,18,0,2,2,0.0,0,HB,PRT,Offline TA/TO,TA/TO,0,0,0,A,A,0,Non Refund,6.0,0,Transient-Party,101.5,0,0
City Hotel,1,74,2015,September,38,18,0,2,2,0.0,0,HB,PRT,Offline TA/TO,TA/TO,0,0,0,A,A,0,Non Refund,6.0,0,Transient-Party,101.5,0,0
City Hotel,1,74,2015,September,38,18,0,2,2,0.0,0,HB,PRT,Offline TA/TO,TA/TO,0,0,0,A,A,0,Non Refund,6.0,0,Transient-Party,101.5,0,0
City Hotel,1,74,2015,September,38,18,0,2,2,0.0,0,HB,PRT,Offline TA/TO,TA/TO,0,0,0,A,A,0,Non Refund,6.0,0,Transient-Party,101.5,0,0
City Hotel,0,74,2015,September,38,18,0,2,2,0.0,0,HB,PRT,Offline TA/TO,TA/TO,0,0,0,A,A,0,No Deposit,6.0,0,Transient-Party,109.0,0,0
City Hotel,0,74,2015,September,38,18,0,2,2,0.0,0,HB,PRT,Offline TA/TO,TA/TO,0,0,0,A,A,0,No Deposit,6.0,0,Transient-Party,109.0,0,0
City Hotel,0,74,2015,September,38,18,0,2,2,0.0,0,HB,PRT,Offline TA/TO,TA/TO,0,0,0,A,D,0,No Deposit,6.0,0,Transient-Party,109.0,0,0
City Hotel,1,74,2015,September,38,18,0,2,2,0.0,0,HB,PRT,Offline TA/TO,TA/TO,0,0,0,A,A,0,Non Refund,6.0,0,Transient-Party,101.5,0,0
City Hotel,1,74,2015,September,38,18,0,2,2,0.0,0,HB,PRT,Offline TA/TO,TA/TO,0,0,0,A,A,0,Non Refund,6.0,0,Transient-Party,101.5,0,0
City Hotel,1,74,2015,September,38,18,0,2,2,0.0,0,HB,PRT,Offline TA/TO,TA/TO,0,0,0,A,A,0,Non Refund,6.0,0,Transient-Party,101.5,0,0
City Hotel,1,74,2015,September,38,18,0,2,2,0.0,0,HB,PRT,Offline TA/TO,TA/TO,0,0,0,A,A,0,Non Refund,6.0,0,Transient-Party,101.5,0,0
City Hotel,0,74,2015,September,38,18,0,2,2,0.0,0,HB,PRT,Offline TA/TO,TA/TO,0,0,0,A,A,0,No Deposit,6.0,0,Transient-Party,109.0,0,2
City Hotel,0,74,2015,September,38,18,0,2,2,0.0,0,HB,PRT,Offline TA/TO,TA/TO,0,0,0,A,A,0,No Deposit,6.0,0,Transient-Party,109.0,0,0
City Hotel,0,74,2015,September,38,18,0,2,2,0.0,0,HB,PRT,Offline TA/TO,TA/TO,0,0,0,A,A,0,No Deposit,6.0,0,Transient-Party,109.0,0,0
City Hotel,0,74,2015,September,38,18,0,2,2,0.0,0,HB,PRT,Offline TA/TO,TA/TO,0,0,0,A,A,0,No Deposit,6.0,0,Transient-Party,109.0,0,0
City Hotel,0,74,2015,September,38,18,0,2,2,0.0,0,HB,PRT,Offline TA/TO,TA/TO,0,0,0,A,B,0,No Deposit,6.0,0,Transient-Party,109.0,0,0
City Hotel,1,49,2015,September,38,18,1,2,2,0.0,0,BB,PRT,Online TA,TA/TO,0,0,0,A,A,0,No Deposit,9.0,0,Contract,94.5,0,1
City Hotel,0,22,2015,September,38,18,1,2,2,0.0,0,BB,PRT,Direct,Direct,0,0,0,A,A,2,No Deposit,14.0,0,Transient,100.7,0,0
City Hotel,1,24,2015,September,38,18,1,2,2,0.0,0,BB,PRT,Online TA,TA/TO,0,0,0,A,A,0,No Deposit,9.0,0,Contract,124.0,0,1
City Hotel,1,116,2015,September,38,18,1,2,2,0.0,0,HB,PRT,Online TA,TA/TO,0,0,0,A,A,0,No Deposit,15.0,0,Transient-Party,96.05,0,1
City Hotel,0,27,2015,September,38,18,1,2,2,0.0,0,SC,POL,Online TA,TA/TO,0,0,0,A,D,0,No Deposit,9.0,0,Transient-Party,115.0,0,1
City Hotel,0,87,2015,September,38,18,1,2,2,0.0,0,BB,PRT,Online TA,TA/TO,0,0,0,A,F,0,No Deposit,9.0,0,Transient-Party,89.25,0,1
City Hotel,0,95,2015,September,38,18,1,2,2,0.0,0,BB,ROU,Online TA,TA/TO,0,0,0,A,A,1,No Deposit,9.0,0,Transient,89.25,0,2
City Hotel,0,27,2015,September,38,18,1,2,2,0.0,0,SC,POL,Online TA,TA/TO,0,0,0,A,D,0,No Deposit,9.0,0,Transient-Party,115.0,0,1
City Hotel,1,24,2015,September,38,18,1,2,2,0.0,0,BB,PRT,Online TA,TA/TO,0,0,0,A,A,0,No Deposit,9.0,0,Contract,124.0,0,2
City Hotel,1,116,2015,September,38,18,1,2,2,0.0,0,HB,PRT,Online TA,TA/TO,0,0,0,A,A,0,No Deposit,15.0,0,Transient-Party,96.05,0,0
City Hotel,0,87,2015,September,38,18,1,2,2,0.0,0,BB,PRT,Online TA,TA/TO,0,0,0,A,A,0,No Deposit,9.0,0,Transient-Party,89.25,0,1
City Hotel,1,87,2015,September,38,18,1,2,2,0.0,0,BB,PRT,Online TA,TA/TO,0,0,0,A,A,0,No Deposit,9.0,0,Transient,89.25,0,0
City Hotel,0,87,2015,September,38,18,1,2,2,0.0,0,BB,PRT,Online TA,TA/TO,0,0,0,A,A,0,No Deposit,9.0,0,Transient-Party,89.25,0,1
City Hotel,0,95,2015,September,38,18,1,2,2,0.0,0,BB,ROU,Online TA,TA/TO,0,0,0,A,A,1,No Deposit,9.0,0,Transient,89.25,0,2
City Hotel,0,27,2015,September,38,18,1,2,2,0.0,0,SC,PRT,Online TA,TA/TO,0,0,0,A,D,0,No Deposit,9.0,0,Transient-Party,115.0,0,1
City Hotel,0,77,2015,September,38,18,2,2,2,0.0,0,BB,NLD,Online TA,TA/TO,0,0,0,A,A,0,No Deposit,9.0,0,Transient,89.25,0,0
City Hotel,1,27,2015,September,38,18,2,2,2,0.0,0,BB,PRT,Online TA,TA/TO,0,0,0,A,A,0,No Deposit,9.0,0,Transient,120.9,0,0
City Hotel,0,17,2015,September,38,18,2,2,2,0.0,0,BB,ESP,Online TA,TA/TO,0,0,0,A,D,0,No Deposit,9.0,0,Contract,138.0,0,1
City Hotel,1,74,2015,September,38,18,0,2,2,0.0,0,HB,PRT,Offline TA/TO,TA/TO,0,0,0,A,A,0,Non Refund,6.0,0,Transient-Party,101.5,0,0
City Hotel,0,74,2015,September,38,18,0,2,2,0.0,0,HB,PRT,Offline TA/TO,TA/TO,0,0,0,A,A,0,No Deposit,6.0,0,Transient-Party,109.0,0,0
City Hotel,0,71,2015,September,38,18,0,2,2,0.0,0,BB,DEU,Online TA,TA/TO,0,0,0,A,A,0,No Deposit,9.0,0,Transient,89.25,0,1
City Hotel,1,16,2015,September,38,18,2,3,2,0.0,0,BB,PRT,Online TA,TA/TO,0,0,0,A,A,0,No Deposit,9.0,0,Contract,154.4,0,1
City Hotel,0,41,2015,September,38,18,2,3,2,0.0,0,BB,USA,Online TA,TA/TO,0,0,0,A,A,0,No Deposit,7.0,0,Transient,74.4,0,0
City Hotel,1,19,2015,September,38,19,0,1,2,0.0,0,BB,PRT,Online TA,TA/TO,0,0,0,A,A,0,No Deposit,9.0,0,Contract,124.0,0,2
City Hotel,0,24,2015,September,38,19,0,1,2,0.0,0,SC,TUR,Online TA,TA/TO,0,0,0,A,D,0,No Deposit,9.0,0,Contract,115.0,0,2
City Hotel,1,19,2015,September,38,19,0,1,2,0.0,0,BB,PRT,Online TA,TA/TO,0,0,0,A,A,0,No Deposit,9.0,0,Contract,124.0,0,2
City Hotel,0,114,2015,September,38,19,0,1,2,0.0,0,BB,PRT,Direct,Direct,0,0,0,A,A,0,No Deposit,14.0,0,Transient,89.25,0,0
City Hotel,0,22,2015,September,38,19,1,1,2,0.0,0,BB,PRT,Online TA,TA/TO,0,0,0,A,A,0,No Deposit,9.0,0,Contract,124.0,0,0
City Hotel,0,24,2015,September,38,19,1,1,2,0.0,0,BB,LTU,Online TA,TA/TO,0,0,0,A,A,0,No Deposit,9.0,0,Contract,124.0,0,2
City Hotel,0,42,2015,September,38,19,2,1,2,0.0,0,BB,DEU,Offline TA/TO,TA/TO,0,0,0,A,A,0,No Deposit,27.0,0,Transient,76.5,0,0
City Hotel,0,40,2015,September,38,19,2,1,2,0.0,0,BB,AUS,Online TA,TA/TO,0,0,0,A,A,0,No Deposit,7.0,0,Transient,72.76,0,0
City Hotel,1,108,2015,September,38,19,2,1,2,0.0,0,BB,PRT,Online TA,TA/TO,0,0,0,A,A,0,No Deposit,9.0,0,Transient,98.25,0,0
City Hotel,0,42,2015,September,38,19,2,1,2,0.0,0,BB,DEU,Offline TA/TO,TA/TO,0,0,0,A,A,0,No Deposit,27.0,0,Transient,76.5,0,0
City Hotel,0,75,2015,September,38,19,2,2,2,0.0,0,BB,ESP,Groups,TA/TO,0,0,0,A,D,0,No Deposit,1.0,0,Transient-Party,62.0,0,0
City Hotel,1,75,2015,September,38,19,2,2,2,0.0,0,BB,PRT,Groups,TA/TO,0,0,0,A,A,0,No Deposit,1.0,0,Transient-Party,62.0,0,0
City Hotel,1,75,2015,September,38,19,2,2,2,0.0,0,BB,PRT,Groups,TA/TO,0,0,0,A,A,0,No Deposit,1.0,0,Transient-Party,62.0,0,0
City Hotel,0,75,2015,September,38,19,2,2,2,0.0,0,BB,ESP,Groups,TA/TO,0,0,0,A,A,0,No Deposit,1.0,0,Transient-Party,62.0,0,0
City Hotel,0,75,2015,September,38,19,2,2,2,0.0,0,BB,PRT,Groups,TA/TO,0,0,0,A,D,0,No Deposit,1.0,0,Transient-Party,62.0,0,0
City Hotel,1,75,2015,September,38,19,2,2,2,0.0,0,BB,PRT,Groups,TA/TO,0,0,0,A,A,0,No Deposit,1.0,0,Transient-Party,62.0,0,0
City Hotel,1,75,2015,September,38,19,2,2,2,0.0,0,BB,PRT,Groups,TA/TO,0,0,0,A,A,0,No Deposit,1.0,0,Transient-Party,62.0,0,0
City Hotel,0,75,2015,September,38,19,2,2,2,0.0,0,BB,PRT,Groups,TA/TO,0,0,0,A,B,0,No Deposit,1.0,0,Transient-Party,62.0,0,0
City Hotel,1,75,2015,September,38,19,2,2,2,0.0,0,BB,PRT,Groups,TA/TO,0,0,0,A,A,0,No Deposit,1.0,0,Transient-Party,62.0,0,0
City Hotel,0,75,2015,September,38,19,2,2,2,0.0,0,BB,ESP,Groups,TA/TO,0,0,0,A,A,0,No Deposit,1.0,0,Transient-Party,62.0,0,0
City Hotel,0,75,2015,September,38,19,2,2,2,0.0,0,BB,ESP,Groups,TA/TO,0,0,0,A,A,0,No Deposit,1.0,0,Transient-Party,62.0,0,0
City Hotel,1,75,2015,September,38,19,2,2,2,0.0,0,BB,PRT,Groups,TA/TO,0,0,0,A,A,0,No Deposit,1.0,0,Transient-Party,62.0,0,0
City Hotel,1,75,2015,September,38,19,2,2,2,0.0,0,BB,PRT,Groups,TA/TO,0,0,0,A,A,0,No Deposit,1.0,0,Transient-Party,62.0,0,0
City Hotel,0,75,2015,September,38,19,2,2,2,0.0,0,BB,RUS,Groups,TA/TO,0,0,0,A,A,0,No Deposit,1.0,0,Transient-Party,62.0,0,0
City Hotel,0,40,2015,September,38,19,2,2,2,0.0,0,BB,POL,Online TA,TA/TO,0,0,0,A,A,0,No Deposit,9.0,0,Contract,94.5,0,2
City Hotel,1,75,2015,September,38,19,2,2,2,0.0,0,BB,PRT,Groups,TA/TO,0,0,0,A,A,0,No Deposit,1.0,0,Transient-Party,62.0,0,0
City Hotel,0,75,2015,September,38,19,2,2,2,0.0,0,BB,ESP,Groups,TA/TO,0,0,0,A,A,0,No Deposit,1.0,0,Transient-Party,62.0,0,0
City Hotel,0,75,2015,September,38,19,2,2,2,0.0,0,BB,ESP,Groups,TA/TO,0,0,0,A,A,0,No Deposit,1.0,0,Transient-Party,62.0,0,0
City Hotel,0,75,2015,September,38,19,2,2,2,0.0,0,BB,PRT,Groups,TA/TO,0,0,0,A,A,0,No Deposit,1.0,0,Transient-Party,62.0,0,0
City Hotel,1,75,2015,September,38,19,2,2,2,0.0,0,BB,PRT,Groups,TA/TO,0,0,0,A,A,0,No Deposit,1.0,0,Transient-Party,62.0,0,0
City Hotel,1,75,2015,September,38,19,2,2,2,0.0,0,BB,PRT,Groups,TA/TO,0,0,0,A,A,0,No Deposit,1.0,0,Transient-Party,62.0,0,0
City Hotel,0,75,2015,September,38,19,2,2,2,0.0,0,BB,ESP,Groups,TA/TO,0,0,0,A,A,0,No Deposit,1.0,0,Transient-Party,62.0,0,0
City Hotel,0,75,2015,September,38,19,2,2,2,0.0,0,BB,PRT,Groups,TA/TO,0,0,0,A,A,0,No Deposit,1.0,0,Transient-Party,62.0,0,0
City Hotel,1,75,2015,September,38,19,2,2,2,0.0,0,BB,PRT,Groups,TA/TO,0,0,0,A,A,0,No Deposit,1.0,0,Transient-Party,62.0,0,0
City Hotel,0,75,2015,September,38,19,2,2,2,0.0,0,BB,ESP,Groups,TA/TO,0,0,0,A,A,0,No Deposit,1.0,0,Transient-Party,62.0,0,0
City Hotel,1,75,2015,September,38,19,2,2,2,0.0,0,BB,PRT,Groups,TA/TO,0,0,0,A,A,0,No Deposit,1.0,0,Transient-Party,62.0,0,0
City Hotel,1,75,2015,September,38,19,2,2,2,0.0,0,BB,PRT,Groups,TA/TO,0,0,0,A,A,0,No Deposit,1.0,0,Transient-Party,62.0,0,0
City Hotel,1,75,2015,September,38,19,2,2,2,0.0,0,BB,PRT,Groups,TA/TO,0,0,0,A,A,0,No Deposit,1.0,0,Transient-Party,62.0,0,0
City Hotel,1,26,2015,September,38,19,2,4,2,0.0,0,BB,PRT,Online TA,TA/TO,0,0,0,A,A,0,No Deposit,9.0,0,Contract,119.87,0,1
City Hotel,0,25,2015,September,38,19,2,4,2,0.0,0,BB,PRT,Online TA,TA/TO,0,0,0,D,D,0,No Deposit,8.0,0,Transient,118.15,0,1
City Hotel,0,82,2015,September,38,19,2,4,2,0.0,0,BB,GBR,Online TA,TA/TO,0,0,0,A,A,0,No Deposit,9.0,0,Transient,89.25,0,1
City Hotel,1,28,2015,September,38,19,2,3,2,0.0,0,BB,PRT,Online TA,TA/TO,0,0,0,A,A,0,No Deposit,9.0,0,Transient,116.56,0,2
City Hotel,0,57,2015,September,38,19,2,3,2,0.0,0,SC,FRA,Online TA,TA/TO,0,0,0,A,A,0,No Deposit,7.0,0,Transient,66.53,0,1
City Hotel,1,28,2015,September,38,19,2,3,2,0.0,0,BB,PRT,Online TA,TA/TO,0,0,0,A,A,0,No Deposit,9.0,0,Transient,116.56,0,2
City Hotel,0,141,2015,September,39,20,1,0,2,0.0,0,BB,CN,Offline TA/TO,TA/TO,0,0,0,A,A,0,No Deposit,6.0,0,Transient-Party,90.0,0,0
City Hotel,1,141,2015,September,39,20,1,0,2,0.0,0,BB,PRT,Offline TA/TO,TA/TO,0,0,0,A,A,0,No Deposit,6.0,0,Transient-Party,90.0,0,0
City Hotel,0,141,2015,September,39,20,1,0,2,0.0,0,BB,CN,Offline TA/TO,TA/TO,0,0,0,A,A,0,No Deposit,6.0,0,Transient-Party,90.0,0,0
City Hotel,0,141,2015,September,39,20,1,0,2,0.0,0,BB,CN,Offline TA/TO,TA/TO,0,0,0,A,A,0,No Deposit,6.0,0,Transient-Party,90.0,0,0
City Hotel,0,141,2015,September,39,20,1,0,2,0.0,0,BB,CN,Offline TA/TO,TA/TO,0,0,0,A,A,0,No Deposit,6.0,0,Transient-Party,90.0,0,0
City Hotel,0,141,2015,September,39,20,1,0,2,0.0,0,BB,CN,Offline TA/TO,TA/TO,0,0,0,A,A,0,No Deposit,6.0,0,Transient-Party,90.0,0,0
City Hotel,0,141,2015,September,39,20,1,0,2,0.0,0,BB,CN,Offline TA/TO,TA/TO,0,0,0,A,A,0,No Deposit,6.0,0,Transient-Party,90.0,0,0
City Hotel,1,141,2015,September,39,20,1,0,2,0.0,0,BB,PRT,Offline TA/TO,TA/TO,0,0,0,A,A,0,No Deposit,6.0,0,Transient-Party,90.0,0,0
City Hotel,0,141,2015,September,39,20,1,0,2,0.0,0,BB,CN,Offline TA/TO,TA/TO,0,0,0,A,A,0,No Deposit,6.0,0,Transient-Party,90.0,0,0
City Hotel,0,141,2015,September,39,20,1,0,2,0.0,0,BB,CN,Offline TA/TO,TA/TO,0,0,0,A,A,0,No Deposit,6.0,0,Transient-Party,90.0,0,0
City Hotel,0,141,2015,September,39,20,1,0,2,0.0,0,BB,CN,Offline TA/TO,TA/TO,0,0,0,A,A,0,No Deposit,6.0,0,Transient-Party,90.0,0,0
City Hotel,0,141,2015,September,39,20,1,0,2,0.0,0,BB,CN,Offline TA/TO,TA/TO,0,0,0,A,A,0,No Deposit,6.0,0,Transient-Party,90.0,0,0
City Hotel,1,141,2015,September,39,20,1,0,2,0.0,0,BB,PRT,Offline TA/TO,TA/TO,0,0,0,A,A,0,No Deposit,6.0,0,Transient-Party,90.0,0,0
City Hotel,0,12,2015,September,39,20,2,1,2,0.0,0,BB,PRT,Online TA,TA/TO,0,0,0,A,A,0,No Deposit,9.0,0,Contract,124.0,0,2
City Hotel,1,22,2015,September,39,20,2,2,2,0.0,0,BB,TUR,Online TA,TA/TO,0,0,0,A,A,0,No Deposit,9.0,0,Transient,124.0,0,0
City Hotel,0,141,2015,September,39,20,1,0,2,0.0,0,BB,CN,Offline TA/TO,TA/TO,0,0,0,A,A,0,No Deposit,6.0,0,Transient-Party,90.0,0,1
City Hotel,0,179,2015,September,39,20,1,0,2,0.0,0,BB,PRT,Online TA,TA/TO,0,0,0,A,D,0,No Deposit,10.0,0,Transient,93.5,0,0
City Hotel,0,19,2015,September,39,20,1,0,2,0.0,0,BB,PRT,Direct,Direct,0,0,0,A,E,1,No Deposit,14.0,0,Transient,124.0,0,0
City Hotel,0,23,2015,September,39,20,2,2,2,0.0,0,BB,FRA,Online TA,TA/TO,0,0,0,A,A,0,No Deposit,9.0,0,Contract,124.0,0,2
City Hotel,0,13,2015,September,39,20,2,3,2,0.0,0,BB,PRT,Online TA,TA/TO,0,0,0,A,G,0,No Deposit,10.0,0,Transient,111.6,0,1
City Hotel,0,62,2015,September,39,20,2,3,2,0.0,0,BB,ESP,Online TA,TA/TO,0,0,0,A,A,0,No Deposit,7.0,0,Transient,68.72,0,0
City Hotel,0,20,2015,September,39,20,2,3,2,0.0,0,BB,CHE,Online TA,TA/TO,0,0,0,D,D,0,No Deposit,8.0,0,Transient,118.15,0,1
City Hotel,0,66,2015,September,39,20,2,3,2,0.0,0,BB,CHE,Online TA,TA/TO,0,0,0,A,A,0,No Deposit,9.0,0,Transient,89.25,0,1
City Hotel,0,15,2015,September,39,20,2,3,2,0.0,0,BB,FRA,Online TA,TA/TO,0,0,0,A,A,0,No Deposit,9.0,0,Transient,124.0,0,2
City Hotel,0,11,2015,September,39,20,2,3,2,0.0,0,BB,PRT,Offline TA/TO,TA/TO,0,0,0,D,A,0,No Deposit,28.0,0,Transient,75.0,0,0
City Hotel,0,24,2015,September,39,20,2,4,2,0.0,0,BB,ESP,Offline TA/TO,TA/TO,0,0,0,A,A,0,No Deposit,28.0,0,Transient,85.0,0,0
City Hotel,0,27,2015,September,39,20,3,5,2,0.0,0,BB,PRT,Direct,Direct,0,0,0,A,A,0,No Deposit,14.0,0,Transient,152.5,0,0
City Hotel,0,60,2015,September,39,21,1,1,2,0.0,0,BB,PRT,Offline TA/TO,TA/TO,0,0,0,A,A,0,No Deposit,20.0,0,Transient-Party,65.0,0,0
City Hotel,0,60,2015,September,39,21,1,1,2,0.0,0,BB,FRA,Offline TA/TO,TA/TO,0,0,0,A,D,0,No Deposit,20.0,0,Transient-Party,65.0,0,0
City Hotel,0,60,2015,September,39,21,1,1,2,0.0,0,BB,PRT,Offline TA/TO,TA/TO,0,0,0,A,A,0,No Deposit,20.0,0,Transient-Party,65.0,0,0
City Hotel,1,19,2015,September,39,21,1,1,2,0.0,0,BB,PRT,Offline TA/TO,TA/TO,0,0,0,A,A,0,No Deposit,20.0,0,Transient-Party,48.0,0,0
City Hotel,0,21,2015,September,39,21,1,1,2,0.0,0,BB,FRA,Online TA,TA/TO,0,0,0,A,A,0,No Deposit,9.0,0,Contract,124.0,0,2
City Hotel,0,60,2015,September,39,21,1,1,2,0.0,0,BB,FRA,Offline TA/TO,TA/TO,0,0,0,A,A,0,No Deposit,20.0,0,Transient-Party,65.0,0,0
City Hotel,0,60,2015,September,39,21,1,1,2,0.0,0,BB,PRT,Offline TA/TO,TA/TO,0,0,0,A,A,0,No Deposit,20.0,0,Transient-Party,65.0,0,0
City Hotel,0,60,2015,September,39,21,1,1,2,0.0,0,BB,PRT,Offline TA/TO,TA/TO,0,0,0,A,A,0,No Deposit,20.0,0,Transient-Party,65.0,0,0
City Hotel,0,19,2015,September,39,21,1,1,2,0.0,0,BB,ESP,Online TA,TA/TO,0,0,0,A,A,0,No Deposit,9.0,0,Contract,124.0,0,0
City Hotel,1,19,2015,September,39,21,1,1,2,0.0,0,BB,PRT,Offline TA/TO,TA/TO,0,0,0,A,A,0,No Deposit,20.0,0,Transient-Party,48.0,0,0
City Hotel,0,60,2015,September,39,21,1,1,2,0.0,0,BB,PRT,Offline TA/TO,TA/TO,0,0,0,A,A,0,No Deposit,20.0,0,Transient-Party,65.0,0,0
City Hotel,1,19,2015,September,39,21,1,1,2,0.0,0,BB,PRT,Offline TA/TO,TA/TO,0,0,0,A,A,0,No Deposit,20.0,0,Transient-Party,48.0,0,0
City Hotel,0,60,2015,September,39,21,1,1,2,0.0,0,BB,FRA,Offline TA/TO,TA/TO,0,0,0,A,A,0,No Deposit,20.0,0,Transient-Party,65.0,0,0
City Hotel,1,60,2015,September,39,21,1,1,2,0.0,0,BB,PRT,Offline TA/TO,TA/TO,0,0,0,A,A,0,No Deposit,20.0,0,Transient-Party,48.0,0,0
City Hotel,0,21,2015,September,39,21,1,1,2,0.0,0,BB,DEU,Online TA,TA/TO,0,0,0,A,A,0,No Deposit,9.0,0,Contract,124.0,0,1
City Hotel,1,19,2015,September,39,21,1,1,2,0.0,0,BB,PRT,Offline TA/TO,TA/TO,0,0,0,A,A,0,No Deposit,20.0,0,Transient-Party,48.0,0,0
City Hotel,0,60,2015,September,39,21,1,1,2,0.0,0,BB,PRT,Offline TA/TO,TA/TO,0,0,0,A,A,0,No Deposit,20.0,0,Transient-Party,65.0,0,0
City Hotel,1,60,2015,September,39,21,1,1,2,0.0,0,BB,PRT,Offline TA/TO,TA/TO,0,0,0,A,A,0,No Deposit,20.0,0,Transient-Party,48.0,0,0
City Hotel,0,44,2015,September,39,21,1,1,2,0.0,0,BB,CN,Online TA,TA/TO,0,0,0,A,A,0,No Deposit,9.0,0,Transient,95.4,1,0
City Hotel,0,60,2015,September,39,21,1,1,2,0.0,0,BB,PRT,Offline TA/TO,TA/TO,0,0,0,A,A,0,No Deposit,20.0,0,Transient-Party,65.0,0,0
City Hotel,0,60,2015,September,39,21,1,1,2,0.0,0,BB,FRA,Offline TA/TO,TA/TO,0,0,0,A,A,0,No Deposit,20.0,0,Transient-Party,65.0,0,0
City Hotel,1,60,2015,September,39,21,1,1,2,0.0,0,BB,PRT,Offline TA/TO,TA/TO,0,0,0,A,A,0,No Deposit,20.0,0,Transient-Party,48.0,0,0
City Hotel,0,60,2015,September,39,21,1,1,2,0.0,0,BB,PRT,Offline TA/TO,TA/TO,0,0,0,A,A,0,No Deposit,20.0,0,Transient-Party,65.0,0,0
City Hotel,0,60,2015,September,39,21,1,1,2,0.0,0,BB,PRT,Offline TA/TO,TA/TO,0,0,0,A,A,0,No Deposit,20.0,0,Transient-Party,65.0,0,0
City Hotel,0,60,2015,September,39,21,1,1,2,0.0,0,BB,PRT,Offline TA/TO,TA/TO,0,0,0,A,A,0,No Deposit,20.0,0,Transient-Party,65.0,0,0
City Hotel,0,60,2015,September,39,21,1,1,2,0.0,0,BB,FRA,Offline TA/TO,TA/TO,0,0,0,A,A,0,No Deposit,20.0,0,Transient-Party,65.0,0,0
City Hotel,0,60,2015,September,39,21,1,1,2,0.0,0,BB,FRA,Offline TA/TO,TA/TO,0,0,0,A,A,0,No Deposit,20.0,0,Transient-Party,65.0,0,0
City Hotel,0,60,2015,September,39,21,1,1,2,0.0,0,BB,PRT,Offline TA/TO,TA/TO,0,0,0,A,A,0,No Deposit,20.0,0,Transient-Party,65.0,0,0
City Hotel,1,60,2015,September,39,21,1,1,2,0.0,0,BB,PRT,Offline TA/TO,TA/TO,0,0,0,A,A,0,No Deposit,20.0,0,Transient-Party,48.0,0,0
City Hotel,0,14,2015,September,39,21,1,2,2,0.0,0,BB,FRA,Online TA,TA/TO,0,0,0,A,A,0,No Deposit,9.0,0,Contract,124.0,0,0
City Hotel,0,0,2015,September,39,21,1,2,2,0.0,0,BB,TUR,Online TA,TA/TO,0,0,0,A,A,1,No Deposit,9.0,0,Transient,124.0,0,0
City Hotel,0,12,2015,September,39,21,1,2,2,0.0,0,BB,FRA,Online TA,TA/TO,0,0,0,A,A,0,No Deposit,9.0,0,Contract,124.0,0,2
City Hotel,0,27,2015,September,39,21,1,2,2,0.0,0,BB,GBR,Offline TA/TO,TA/TO,0,0,0,D,D,0,No Deposit,22.0,0,Transient,97.0,0,0
City Hotel,0,38,2015,September,39,21,1,2,2,0.0,0,BB,DEU,Online TA,TA/TO,0,0,0,A,A,0,No Deposit,8.0,0,Transient,145.8,0,1
City Hotel,1,37,2015,September,39,21,1,3,2,0.0,0,BB,PRT,Online TA,TA/TO,0,0,0,A,A,0,No Deposit,9.0,0,Transient,145.8,0,2
City Hotel,0,17,2015,September,39,21,1,3,2,0.0,0,BB,FRA,Online TA,TA/TO,0,0,0,A,A,0,No Deposit,9.0,0,Contract,133.0,1,1
City Hotel,0,25,2015,September,39,21,1,3,2,0.0,0,BB,DEU,Online TA,TA/TO,0,0,0,D,D,0,No Deposit,7.0,0,Transient,90.98,0,1
City Hotel,0,19,2015,September,39,21,1,3,2,0.0,0,BB,GBR,Online TA,TA/TO,0,0,0,D,D,0,No Deposit,7.0,0,Transient,90.98,0,1
City Hotel,0,16,2015,September,39,21,1,3,2,0.0,0,BB,IND,Online TA,TA/TO,0,0,0,A,A,0,No Deposit,9.0,0,Transient,124.0,0,2
City Hotel,1,37,2015,September,39,21,1,3,2,0.0,0,BB,PRT,Online TA,TA/TO,0,0,0,A,A,0,No Deposit,9.0,0,Transient,145.8,0,2
City Hotel,1,98,2015,September,39,21,1,3,2,0.0,0,BB,PRT,Offline TA/TO,TA/TO,0,0,0,A,A,0,No Deposit,13.0,0,Transient,71.4,0,0
City Hotel,0,30,2015,September,39,21,1,3,2,0.0,0,BB,NLD,Online TA,TA/TO,0,0,0,A,A,0,No Deposit,9.0,0,Transient,111.6,0,1
City Hotel,0,28,2015,September,39,21,1,4,2,0.0,0,BB,PRT,Offline TA/TO,TA/TO,0,0,0,D,D,0,No Deposit,27.0,0,Transient,68.0,0,1
City Hotel,0,20,2015,September,39,21,1,5,2,0.0,0,SC,GBR,Online TA,TA/TO,0,0,0,A,A,0,No Deposit,9.0,0,Contract,140.33,0,2
City Hotel,0,26,2015,September,39,21,1,3,2,0.0,0,BB,FRA,Direct,Direct,0,0,0,A,A,0,No Deposit,14.0,0,Transient,124.0,0,0
City Hotel,0,47,2015,September,39,22,0,1,2,0.0,0,BB,FRA,Online TA,TA/TO,0,0,0,A,F,0,No Deposit,7.0,0,Transient,72.76,0,1
City Hotel,0,69,2015,September,39,22,0,2,2,0.0,0,HB,ITA,Offline TA/TO,TA/TO,0,0,0,A,A,0,No Deposit,3.0,65,Transient-Party,106.0,0,0
City Hotel,0,69,2015,September,39,22,0,2,2,0.0,0,HB,ITA,Offline TA/TO,TA/TO,0,0,0,A,A,0,No Deposit,3.0,65,Transient-Party,106.0,0,0
City Hotel,0,69,2015,September,39,22,0,2,2,0.0,0,HB,ITA,Offline TA/TO,TA/TO,0,0,0,A,A,0,No Deposit,3.0,65,Transient-Party,106.0,0,0
City Hotel,0,69,2015,September,39,22,0,2,2,0.0,0,HB,ITA,Offline TA/TO,TA/TO,0,0,0,A,A,0,No Deposit,3.0,65,Transient-Party,106.0,0,0
City Hotel,0,69,2015,September,39,22,0,2,2,0.0,0,HB,ITA,Offline TA/TO,TA/TO,0,0,0,A,A,0,No Deposit,3.0,65,Transient-Party,106.0,0,0
City Hotel,1,20,2015,September,39,22,0,3,2,0.0,0,BB,PRT,Online TA,TA/TO,0,0,0,A,A,1,No Deposit,9.0,0,Contract,124.0,0,2
City Hotel,0,71,2015,September,39,22,0,3,2,0.0,0,BB,DEU,Offline TA/TO,TA/TO,0,0,0,A,E,0,No Deposit,21.0,0,Transient-Party,95.0,0,0
City Hotel,1,71,2015,September,39,22,0,3,2,0.0,0,BB,PRT,Offline TA/TO,TA/TO,0,0,0,A,A,0,No Deposit,21.0,0,Transient-Party,95.0,0,0
City Hotel,0,18,2015,September,39,22,0,3,2,0.0,0,BB,CHE,Online TA,TA/TO,0,0,0,A,A,0,No Deposit,9.0,0,Contract,133.0,1,1
City Hotel,0,71,2015,September,39,22,0,3,2,0.0,0,BB,DEU,Offline TA/TO,TA/TO,0,0,0,A,B,0,No Deposit,21.0,0,Transient-Party,95.0,0,0
City Hotel,1,71,2015,September,39,22,0,3,2,0.0,0,HB,PRT,Offline TA/TO,TA/TO,0,0,0,A,A,0,No Deposit,21.0,0,Transient-Party,127.0,0,0
City Hotel,0,24,2015,September,39,22,0,3,2,0.0,0,BB,PRT,Online TA,TA/TO,0,0,0,A,A,0,No Deposit,7.0,0,Group,95.48,0,1
City Hotel,0,25,2015,September,39,22,0,3,2,0.0,0,BB,BRA,Online TA,TA/TO,0,0,0,D,D,0,No Deposit,7.0,0,Transient,107.03,0,1
City Hotel,1,71,2015,September,39,22,0,3,2,0.0,0,HB,PRT,Offline TA/TO,TA/TO,0,0,0,A,A,0,No Deposit,21.0,0,Transient-Party,127.0,0,0
City Hotel,1,13,2015,September,39,22,0,3,2,0.0,0,BB,PRT,Online TA,TA/TO,0,0,0,A,A,0,No Deposit,9.0,0,Contract,124.0,0,2
City Hotel,0,71,2015,September,39,22,0,3,2,0.0,0,BB,DEU,Offline TA/TO,TA/TO,0,0,0,A,E,0,No Deposit,21.0,0,Transient-Party,95.0,0,0
City Hotel,1,77,2015,September,39,22,0,4,2,0.0,0,BB,PRT,Online TA,TA/TO,0,0,0,A,A,0,No Deposit,9.0,0,Transient,116.94,0,0
City Hotel,0,28,2015,September,39,22,0,4,2,0.0,0,BB,BRA,Online TA,TA/TO,0,0,0,A,A,0,No Deposit,7.0,0,Transient,103.87,0,1
City Hotel,0,62,2015,September,39,23,0,1,2,0.0,0,BB,PRT,Offline TA/TO,TA/TO,0,0,0,A,A,0,No Deposit,13.0,0,Contract,71.4,0,0
City Hotel,1,27,2015,September,39,23,0,1,2,0.0,0,BB,PRT,Offline TA/TO,TA/TO,0,0,0,A,A,0,No Deposit,13.0,0,Contract,99.2,0,0
City Hotel,0,34,2015,September,39,23,0,1,2,0.0,0,FB,PRT,Offline TA/TO,TA/TO,0,0,0,A,A,0,No Deposit,52.0,33,Transient-Party,206.0,0,0
City Hotel,0,3,2015,September,39,23,0,1,2,0.0,0,HB,ITA,Offline TA/TO,TA/TO,0,0,0,A,D,2,No Deposit,3.0,0,Transient-Party,106.0,0,0
City Hotel,0,83,2015,September,39,23,0,2,2,0.0,0,BB,ESP,Groups,TA/TO,0,0,0,A,A,0,No Deposit,1.0,0,Transient-Party,62.0,0,0
City Hotel,0,47,2015,September,39,23,0,2,2,0.0,0,BB,BEL,Online TA,TA/TO,0,0,0,A,A,0,No Deposit,9.0,0,Contract,94.5,0,1
City Hotel,0,83,2015,September,39,23,0,2,2,0.0,0,BB,ESP,Groups,TA/TO,0,0,0,A,A,0,No Deposit,1.0,0,Transient-Party,62.0,0,0
City Hotel,0,83,2015,September,39,23,0,2,2,0.0,0,BB,ESP,Groups,TA/TO,0,0,0,A,A,0,No Deposit,1.0,0,Transient-Party,62.0,0,0
City Hotel,0,83,2015,September,39,23,0,2,2,0.0,0,BB,ESP,Groups,TA/TO,0,0,0,A,D,0,No Deposit,1.0,0,Transient-Party,62.0,0,0
City Hotel,0,83,2015,September,39,23,0,2,2,0.0,0,BB,ESP,Groups,TA/TO,0,0,0,A,D,0,No Deposit,1.0,0,Transient-Party,62.0,0,0
City Hotel,0,83,2015,September,39,23,0,2,2,0.0,0,BB,ESP,Groups,TA/TO,0,0,0,A,A,0,No Deposit,1.0,0,Transient-Party,62.0,0,0
City Hotel,0,83,2015,September,39,23,0,2,2,0.0,0,BB,ESP,Groups,TA/TO,0,0,0,A,A,0,No Deposit,1.0,0,Transient-Party,62.0,0,0
City Hotel,0,83,2015,September,39,23,0,2,2,0.0,0,BB,ESP,Groups,TA/TO,0,0,0,A,A,0,No Deposit,1.0,0,Transient-Party,62.0,0,0
City Hotel,0,83,2015,September,39,23,0,2,2,0.0,0,BB,PRT,Groups,TA/TO,0,0,0,A,D,0,No Deposit,1.0,0,Transient-Party,62.0,0,0
City Hotel,0,83,2015,September,39,23,0,2,2,0.0,0,BB,PRT,Groups,TA/TO,0,0,0,A,A,0,No Deposit,1.0,0,Transient-Party,62.0,0,0
City Hotel,0,83,2015,September,39,23,0,2,2,0.0,0,BB,ESP,Groups,TA/TO,0,0,0,A,E,0,No Deposit,1.0,0,Transient-Party,62.0,0,0
City Hotel,0,83,2015,September,39,23,0,2,2,0.0,0,BB,ESP,Groups,TA/TO,0,0,0,A,A,0,No Deposit,1.0,0,Transient-Party,62.0,0,0
City Hotel,0,83,2015,September,39,23,0,2,2,0.0,0,BB,ESP,Groups,TA/TO,0,0,0,A,A,0,No Deposit,1.0,0,Transient-Party,62.0,0,0
City Hotel,0,83,2015,September,39,23,0,2,2,0.0,0,BB,ESP,Groups,TA/TO,0,0,0,A,A,0,No Deposit,1.0,0,Transient-Party,62.0,0,0
City Hotel,0,83,2015,September,39,23,0,2,2,0.0,0,BB,PRT,Groups,TA/TO,0,0,0,A,A,0,No Deposit,1.0,0,Transient-Party,62.0,0,0
City Hotel,0,83,2015,September,39,23,0,2,2,0.0,0,BB,ESP,Groups,TA/TO,0,0,0,A,D,0,No Deposit,1.0,0,Transient-Party,62.0,0,0
City Hotel,0,83,2015,September,39,23,0,2,2,0.0,0,BB,PRT,Groups,TA/TO,0,0,0,A,A,0,No Deposit,1.0,0,Transient-Party,62.0,0,0
City Hotel,0,83,2015,September,39,23,0,2,2,0.0,0,BB,ESP,Groups,TA/TO,0,0,0,A,D,0,No Deposit,1.0,0,Transient-Party,62.0,0,0
City Hotel,0,83,2015,September,39,23,0,2,2,0.0,0,BB,ESP,Groups,TA/TO,0,0,0,A,A,0,No Deposit,1.0,0,Transient-Party,62.0,0,0
City Hotel,0,83,2015,September,39,23,0,2,2,0.0,0,BB,ESP,Groups,TA/TO,0,0,0,A,E,0,No Deposit,1.0,0,Transient-Party,62.0,0,0
City Hotel,1,83,2015,September,39,23,0,2,2,0.0,0,BB,PRT,Groups,TA/TO,0,0,0,A,A,0,No Deposit,1.0,0,Transient-Party,62.0,0,0
City Hotel,0,83,2015,September,39,23,0,2,2,0.0,0,BB,PRT,Groups,TA/TO,0,0,0,A,A,0,No Deposit,1.0,0,Transient-Party,62.0,0,0
City Hotel,0,34,2015,September,39,23,0,3,2,0.0,0,HB,ESP,Offline TA/TO,TA/TO,0,0,0,A,A,0,No Deposit,52.0,33,Transient-Party,224.67,0,0
City Hotel,0,34,2015,September,39,23,0,3,2,0.0,0,HB,ESP,Offline TA/TO,TA/TO,0,0,0,A,A,0,No Deposit,52.0,33,Transient-Party,224.67,0,0
City Hotel,0,34,2015,September,39,23,0,3,2,0.0,0,HB,ESP,Offline TA/TO,TA/TO,0,0,0,A,A,0,No Deposit,52.0,33,Transient-Party,224.67,0,0
City Hotel,0,34,2015,September,39,23,0,3,2,0.0,0,HB,PRT,Offline TA/TO,TA/TO,0,0,0,A,A,0,No Deposit,52.0,33,Transient-Party,224.67,0,0
City Hotel,0,34,2015,September,39,23,0,3,2,0.0,0,HB,ESP,Offline TA/TO,TA/TO,0,0,0,A,B,0,No Deposit,52.0,33,Transient-Party,224.67,0,0
City Hotel,0,34,2015,September,39,23,0,3,2,0.0,0,HB,PRT,Offline TA/TO,TA/TO,0,0,0,A,A,0,No Deposit,52.0,33,Transient-Party,224.67,0,0
City Hotel,0,34,2015,September,39,23,0,3,2,0.0,0,HB,PRT,Offline TA/TO,TA/TO,0,0,0,A,A,0,No Deposit,52.0,33,Transient-Party,224.67,0,0
City Hotel,0,34,2015,September,39,23,0,3,2,0.0,0,HB,ESP,Offline TA/TO,TA/TO,0,0,0,A,A,0,No Deposit,52.0,33,Transient-Party,224.67,0,0
City Hotel,0,34,2015,September,39,23,0,3,2,0.0,0,HB,ESP,Offline TA/TO,TA/TO,0,0,0,A,A,0,No Deposit,52.0,33,Transient-Party,224.67,0,0
City Hotel,0,34,2015,September,39,23,0,3,2,0.0,0,HB,ESP,Offline TA/TO,TA/TO,0,0,0,A,A,0,No Deposit,52.0,33,Transient-Party,224.67,0,0
City Hotel,0,34,2015,September,39,23,0,3,2,0.0,0,HB,PRT,Offline TA/TO,TA/TO,0,0,0,A,A,0,No Deposit,52.0,33,Transient-Party,224.67,0,0
City Hotel,0,34,2015,September,39,23,0,3,2,0.0,0,HB,ESP,Offline TA/TO,TA/TO,0,0,0,A,A,0,No Deposit,52.0,33,Transient-Party,224.67,0,0
City Hotel,0,34,2015,September,39,23,0,3,2,0.0,0,HB,ESP,Offline TA/TO,TA/TO,0,0,0,A,A,0,No Deposit,52.0,33,Transient-Party,224.67,0,0
City Hotel,0,34,2015,September,39,23,0,3,2,0.0,0,HB,PRT,Offline TA/TO,TA/TO,0,0,0,A,A,0,No Deposit,52.0,33,Transient-Party,224.67,0,0
City Hotel,0,34,2015,September,39,23,0,3,2,0.0,0,HB,ESP,Offline TA/TO,TA/TO,0,0,0,A,A,0,No Deposit,52.0,33,Transient-Party,224.67,0,0
City Hotel,0,34,2015,September,39,23,0,3,2,0.0,0,HB,ESP,Offline TA/TO,TA/TO,0,0,0,A,A,0,No Deposit,52.0,33,Transient-Party,224.67,0,0
City Hotel,0,34,2015,September,39,23,0,3,2,0.0,0,HB,ESP,Offline TA/TO,TA/TO,0,0,0,A,A,0,No Deposit,52.0,33,Transient-Party,224.67,0,0
City Hotel,0,34,2015,September,39,23,0,3,2,0.0,0,HB,ESP,Offline TA/TO,TA/TO,0,0,0,A,A,0,No Deposit,52.0,33,Transient-Party,224.67,0,0
City Hotel,0,34,2015,September,39,23,0,3,2,0.0,0,HB,ESP,Offline TA/TO,TA/TO,0,0,0,A,A,0,No Deposit,52.0,33,Transient-Party,224.67,0,0
City Hotel,0,32,2015,September,39,23,0,4,2,0.0,0,BB,USA,Online TA,TA/TO,0,0,0,A,A,0,No Deposit,9.0,0,Transient,155.8,0,1
City Hotel,0,34,2015,September,39,23,0,3,2,0.0,0,HB,ESP,Offline TA/TO,TA/TO,0,0,0,A,A,0,No Deposit,52.0,33,Transient-Party,224.67,0,0
City Hotel,0,34,2015,September,39,23,0,3,2,0.0,0,HB,ESP,Offline TA/TO,TA/TO,0,0,0,A,A,0,No Deposit,52.0,33,Transient-Party,224.67,0,0
City Hotel,0,34,2015,September,39,23,0,3,2,0.0,0,HB,PRT,Offline TA/TO,TA/TO,0,0,0,A,A,0,No Deposit,52.0,33,Transient-Party,224.67,0,0
City Hotel,0,34,2015,September,39,23,0,3,2,0.0,0,HB,ESP,Offline TA/TO,TA/TO,0,0,0,A,A,0,No Deposit,52.0,33,Transient-Party,224.67,0,0
City Hotel,0,34,2015,September,39,23,0,3,2,0.0,0,HB,PRT,Offline TA/TO,TA/TO,0,0,0,A,A,0,No Deposit,52.0,33,Transient-Party,224.67,0,0
City Hotel,0,34,2015,September,39,23,0,3,2,0.0,0,HB,ESP,Offline TA/TO,TA/TO,0,0,0,A,A,0,No Deposit,52.0,33,Transient-Party,224.67,0,0
City Hotel,0,39,2015,September,39,23,1,4,2,0.0,0,BB,ITA,Online TA,TA/TO,0,0,0,A,D,0,No Deposit,9.0,0,Transient,175.08,0,1
City Hotel,0,27,2015,September,39,24,0,1,2,0.0,0,BB,BRA,Online TA,TA/TO,0,0,0,D,D,0,No Deposit,7.0,0,Transient,107.03,0,1
City Hotel,0,50,2015,September,39,24,0,1,2,0.0,0,SC,PRT,Online TA,TA/TO,0,0,0,A,A,0,No Deposit,9.0,0,Contract,86.4,0,1
City Hotel,0,42,2015,September,39,24,0,1,2,0.0,0,BB,LBN,Offline TA/TO,TA/TO,0,0,0,A,A,1,No Deposit,50.0,0,Transient-Party,85.0,0,1
City Hotel,0,86,2015,September,39,24,0,1,2,0.0,0,HB,FRA,Offline TA/TO,TA/TO,0,0,0,A,A,1,No Deposit,12.0,0,Transient-Party,120.0,0,0
City Hotel,0,86,2015,September,39,24,0,2,2,0.0,0,BB,FRA,Offline TA/TO,TA/TO,0,0,0,A,A,0,No Deposit,12.0,0,Transient-Party,105.0,0,0
City Hotel,0,86,2015,September,39,24,0,2,2,0.0,0,BB,FRA,Offline TA/TO,TA/TO,0,0,0,A,A,0,No Deposit,12.0,0,Transient-Party,105.0,0,0
City Hotel,0,86,2015,September,39,24,0,2,2,0.0,0,BB,SRB,Offline TA/TO,TA/TO,0,0,0,A,A,0,No Deposit,12.0,0,Transient-Party,105.0,0,0
City Hotel,0,86,2015,September,39,24,0,2,2,0.0,0,BB,FRA,Offline TA/TO,TA/TO,0,0,0,A,A,0,No Deposit,12.0,0,Transient-Party,105.0,0,0
City Hotel,0,86,2015,September,39,24,0,2,2,0.0,0,BB,FRA,Offline TA/TO,TA/TO,0,0,0,A,B,0,No Deposit,12.0,0,Transient-Party,105.0,0,0
City Hotel,0,42,2015,September,39,24,0,1,2,0.0,0,BB,ITA,Offline TA/TO,TA/TO,0,0,0,A,A,0,No Deposit,50.0,0,Transient-Party,85.0,0,1
City Hotel,0,86,2015,September,39,24,0,2,2,0.0,0,BB,PRT,Offline TA/TO,TA/TO,0,0,0,A,A,0,No Deposit,12.0,0,Transient-Party,105.0,0,0
City Hotel,0,86,2015,September,39,24,0,2,2,0.0,0,BB,FRA,Offline TA/TO,TA/TO,0,0,0,A,B,0,No Deposit,12.0,0,Transient-Party,105.0,0,0
City Hotel,0,86,2015,September,39,24,0,2,2,0.0,0,BB,FRA,Offline TA/TO,TA/TO,0,0,0,A,A,0,No Deposit,12.0,0,Transient-Party,105.0,0,0
City Hotel,0,86,2015,September,39,24,0,2,2,0.0,0,BB,PRT,Offline TA/TO,TA/TO,0,0,0,A,A,0,No Deposit,12.0,0,Transient-Party,105.0,0,1
City Hotel,0,86,2015,September,39,24,0,2,2,0.0,0,BB,PRT,Offline TA/TO,TA/TO,0,0,0,A,A,0,No Deposit,12.0,0,Transient-Party,105.0,0,0
City Hotel,0,86,2015,September,39,24,0,2,2,0.0,0,BB,FRA,Offline TA/TO,TA/TO,0,0,0,A,B,0,No Deposit,12.0,0,Transient-Party,105.0,0,0
City Hotel,0,86,2015,September,39,24,0,2,2,0.0,0,BB,FRA,Offline TA/TO,TA/TO,0,0,0,A,A,0,No Deposit,12.0,0,Transient-Party,105.0,0,0
City Hotel,0,86,2015,September,39,24,0,2,2,0.0,0,BB,FRA,Offline TA/TO,TA/TO,0,0,0,A,A,0,No Deposit,12.0,0,Transient-Party,105.0,0,0
City Hotel,0,86,2015,September,39,24,0,2,2,0.0,0,BB,FRA,Offline TA/TO,TA/TO,0,0,0,A,D,0,No Deposit,12.0,0,Transient-Party,105.0,0,0
City Hotel,0,86,2015,September,39,24,0,2,2,0.0,0,BB,PRT,Offline TA/TO,TA/TO,0,0,0,A,A,0,No Deposit,12.0,0,Transient-Party,105.0,0,0
City Hotel,1,86,2015,September,39,24,0,2,2,0.0,0,HB,PRT,Offline TA/TO,TA/TO,0,0,0,A,A,0,No Deposit,12.0,0,Transient-Party,120.0,0,0
City Hotel,0,86,2015,September,39,24,0,2,2,0.0,0,BB,FRA,Offline TA/TO,TA/TO,0,0,0,A,A,0,No Deposit,12.0,0,Transient-Party,105.0,0,0
City Hotel,1,86,2015,September,39,24,0,2,2,0.0,0,HB,PRT,Offline TA/TO,TA/TO,0,0,0,A,A,0,No Deposit,12.0,0,Transient-Party,120.0,0,0
City Hotel,1,86,2015,September,39,24,0,2,2,0.0,0,HB,PRT,Offline TA/TO,TA/TO,0,0,0,A,A,0,No Deposit,12.0,0,Transient-Party,120.0,0,0
City Hotel,0,86,2015,September,39,24,0,2,2,0.0,0,BB,FRA,Offline TA/TO,TA/TO,0,0,0,A,A,0,No Deposit,12.0,0,Transient-Party,105.0,0,0
City Hotel,0,86,2015,September,39,24,0,2,2,0.0,0,BB,PRT,Offline TA/TO,TA/TO,0,0,0,A,A,0,No Deposit,12.0,0,Transient-Party,105.0,0,0
City Hotel,0,86,2015,September,39,24,0,2,2,0.0,0,BB,PRT,Offline TA/TO,TA/TO,0,0,0,A,A,0,No Deposit,12.0,0,Transient-Party,105.0,0,0
City Hotel,1,86,2015,September,39,24,0,2,2,0.0,0,HB,PRT,Offline TA/TO,TA/TO,0,0,0,A,A,0,No Deposit,12.0,0,Transient-Party,120.0,0,0
City Hotel,0,86,2015,September,39,24,0,2,2,0.0,0,BB,FRA,Offline TA/TO,TA/TO,0,0,0,A,A,0,No Deposit,12.0,0,Transient-Party,105.0,0,0
City Hotel,0,86,2015,September,39,24,0,2,2,0.0,0,BB,FRA,Offline TA/TO,TA/TO,0,0,0,A,B,0,No Deposit,12.0,0,Transient-Party,105.0,0,0
City Hotel,0,86,2015,September,39,24,0,2,2,0.0,0,BB,FRA,Offline TA/TO,TA/TO,0,0,0,A,A,0,No Deposit,12.0,0,Transient-Party,105.0,0,0
City Hotel,0,86,2015,September,39,24,0,2,2,0.0,0,BB,FRA,Offline TA/TO,TA/TO,0,0,0,A,A,0,No Deposit,12.0,0,Transient-Party,105.0,0,0
City Hotel,0,51,2015,September,39,24,0,3,2,0.0,0,BB,BEL,Offline TA/TO,TA/TO,0,0,0,A,A,0,No Deposit,13.0,0,Contract,121.2,0,0
City Hotel,0,29,2015,September,39,24,2,5,2,0.0,0,BB,PRT,Direct,Direct,0,0,0,A,A,1,No Deposit,,0,Transient,170.0,0,1
City Hotel,1,31,2015,September,39,25,0,2,2,0.0,0,BB,PRT,Online TA,TA/TO,0,0,0,A,A,0,No Deposit,9.0,0,Contract,200.0,0,2
City Hotel,1,20,2015,September,39,25,1,2,2,0.0,0,BB,PRT,Offline TA/TO,TA/TO,0,0,0,A,D,0,No Deposit,13.0,0,Group,160.0,0,0
City Hotel,0,56,2015,September,39,25,1,2,2,0.0,0,BB,GRC,Offline TA/TO,TA/TO,0,0,0,A,E,0,No Deposit,44.0,0,Transient-Party,185.0,0,0
City Hotel,0,77,2015,September,39,25,1,2,2,0.0,0,BB,GBR,Offline TA/TO,TA/TO,0,0,0,A,D,1,No Deposit,13.0,0,Transient,136.0,0,0
City Hotel,0,56,2015,September,39,25,2,2,2,0.0,0,BB,PRT,Offline TA/TO,TA/TO,0,0,0,A,F,0,No Deposit,44.0,0,Transient-Party,185.0,0,0
City Hotel,0,56,2015,September,39,25,2,2,2,0.0,0,BB,PRT,Offline TA/TO,TA/TO,0,0,0,A,E,0,No Deposit,44.0,0,Transient-Party,185.0,0,0
City Hotel,0,56,2015,September,39,25,2,2,2,0.0,0,BB,PRT,Offline TA/TO,TA/TO,0,0,0,A,E,0,No Deposit,44.0,0,Transient-Party,185.0,0,0
City Hotel,0,56,2015,September,39,25,2,2,2,0.0,0,BB,PRT,Offline TA/TO,TA/TO,0,0,0,A,F,0,No Deposit,44.0,0,Transient-Party,185.0,0,0
City Hotel,0,56,2015,September,39,25,2,2,2,0.0,0,BB,PRT,Offline TA/TO,TA/TO,0,0,0,A,D,0,No Deposit,44.0,0,Transient-Party,185.0,0,0
City Hotel,0,56,2015,September,39,25,2,2,2,0.0,0,BB,PRT,Offline TA/TO,TA/TO,0,0,0,A,F,0,No Deposit,44.0,0,Transient-Party,185.0,0,0
City Hotel,0,56,2015,September,39,25,2,2,2,0.0,0,BB,GRC,Offline TA/TO,TA/TO,0,0,0,A,D,0,No Deposit,44.0,0,Transient-Party,185.0,0,0
City Hotel,0,56,2015,September,39,25,2,2,2,0.0,0,BB,PRT,Offline TA/TO,TA/TO,0,0,0,A,D,0,No Deposit,44.0,0,Transient-Party,185.0,0,0
City Hotel,0,56,2015,September,39,25,2,2,2,0.0,0,BB,GRC,Offline TA/TO,TA/TO,0,0,0,A,D,0,No Deposit,44.0,0,Transient-Party,185.0,0,0
City Hotel,0,56,2015,September,39,25,2,2,2,0.0,0,BB,PRT,Offline TA/TO,TA/TO,0,0,0,A,D,0,No Deposit,44.0,0,Transient-Party,185.0,0,0
City Hotel,0,56,2015,September,39,25,2,2,2,0.0,0,BB,PRT,Offline TA/TO,TA/TO,0,0,0,A,E,0,No Deposit,44.0,0,Transient-Party,185.0,0,0
City Hotel,0,56,2015,September,39,25,2,2,2,0.0,0,BB,PRT,Offline TA/TO,TA/TO,0,0,0,A,F,0,No Deposit,44.0,0,Transient-Party,185.0,0,0
City Hotel,0,56,2015,September,39,25,2,2,2,0.0,0,BB,PRT,Offline TA/TO,TA/TO,0,0,0,A,E,0,No Deposit,44.0,0,Transient-Party,185.0,0,0
City Hotel,0,56,2015,September,39,25,2,2,2,0.0,0,BB,PRT,Offline TA/TO,TA/TO,0,0,0,A,E,0,No Deposit,44.0,0,Transient-Party,185.0,0,0
City Hotel,0,56,2015,September,39,25,2,2,2,0.0,0,BB,PRT,Offline TA/TO,TA/TO,0,0,0,A,D,0,No Deposit,44.0,0,Transient-Party,185.0,0,0
City Hotel,0,56,2015,September,39,25,2,2,2,0.0,0,BB,PRT,Offline TA/TO,TA/TO,0,0,0,A,E,0,No Deposit,44.0,0,Transient-Party,185.0,0,0
City Hotel,0,56,2015,September,39,25,2,2,2,0.0,0,BB,PRT,Offline TA/TO,TA/TO,0,0,0,A,F,0,No Deposit,44.0,0,Transient-Party,185.0,0,0
City Hotel,0,56,2015,September,39,25,2,2,2,0.0,0,BB,GRC,Offline TA/TO,TA/TO,0,0,0,A,E,0,No Deposit,44.0,0,Transient-Party,185.0,0,0
City Hotel,0,192,2015,September,39,25,2,3,2,0.0,0,BB,PRT,Offline TA/TO,TA/TO,0,0,0,A,A,0,No Deposit,6.0,0,Transient-Party,102.0,0,0
City Hotel,0,192,2015,September,39,25,2,3,2,0.0,0,BB,PRT,Offline TA/TO,TA/TO,0,0,0,A,A,0,No Deposit,6.0,0,Transient-Party,102.0,0,0
City Hotel,1,87,2015,September,39,25,2,3,2,0.0,0,BB,PRT,Groups,TA/TO,0,0,0,A,A,0,Non Refund,1.0,0,Transient,170.0,0,0
City Hotel,1,87,2015,September,39,25,2,3,2,0.0,0,BB,PRT,Groups,TA/TO,0,0,0,A,A,0,Non Refund,1.0,0,Transient,170.0,0,0
City Hotel,1,87,2015,September,39,25,2,3,2,0.0,0,BB,PRT,Groups,TA/TO,0,0,0,A,A,0,Non Refund,1.0,0,Transient,170.0,0,0
City Hotel,1,87,2015,September,39,25,2,3,2,0.0,0,BB,PRT,Groups,TA/TO,0,0,0,A,A,0,Non Refund,1.0,0,Transient,170.0,0,0
City Hotel,1,87,2015,September,39,25,2,3,2,0.0,0,BB,PRT,Groups,TA/TO,0,0,0,A,A,0,Non Refund,1.0,0,Transient,170.0,0,0
City Hotel,0,56,2015,September,39,25,2,2,2,0.0,0,BB,GRC,Offline TA/TO,TA/TO,0,0,0,A,D,0,No Deposit,44.0,0,Transient-Party,185.0,0,0
City Hotel,0,56,2015,September,39,25,2,2,2,0.0,0,BB,PRT,Offline TA/TO,TA/TO,0,0,0,A,F,0,No Deposit,44.0,0,Transient-Party,185.0,0,0
City Hotel,1,35,2015,September,39,25,2,3,2,0.0,0,BB,PRT,Groups,TA/TO,0,0,0,A,A,0,Non Refund,1.0,0,Transient,170.0,0,0
City Hotel,1,87,2015,September,39,25,2,3,2,0.0,0,BB,PRT,Groups,TA/TO,0,0,0,A,A,0,Non Refund,1.0,0,Transient,170.0,0,0
City Hotel,1,87,2015,September,39,25,2,3,2,0.0,0,BB,PRT,Groups,TA/TO,0,0,0,A,A,0,Non Refund,1.0,0,Transient,170.0,0,0
City Hotel,0,192,2015,September,39,25,2,3,2,0.0,0,BB,PRT,Offline TA/TO,TA/TO,0,0,0,A,A,0,No Deposit,6.0,0,Transient-Party,102.0,0,0
City Hotel,1,87,2015,September,39,25,2,3,2,0.0,0,BB,PRT,Groups,TA/TO,0,0,0,A,A,0,Non Refund,1.0,0,Transient,170.0,0,0
City Hotel,1,87,2015,September,39,25,2,3,2,0.0,0,BB,PRT,Groups,TA/TO,0,0,0,A,A,0,Non Refund,1.0,0,Transient,170.0,0,0
City Hotel,1,87,2015,September,39,25,2,3,2,0.0,0,BB,PRT,Groups,TA/TO,0,0,0,A,A,0,Non Refund,1.0,0,Transient,170.0,0,0
City Hotel,1,87,2015,September,39,25,2,3,2,0.0,0,BB,PRT,Groups,TA/TO,0,0,0,A,A,0,Non Refund,1.0,0,Transient,170.0,0,0
City Hotel,1,87,2015,September,39,25,2,3,2,0.0,0,BB,PRT,Groups,TA/TO,0,0,0,A,A,0,Non Refund,1.0,0,Transient,170.0,0,0
City Hotel,1,87,2015,September,39,25,2,3,2,0.0,0,BB,PRT,Groups,TA/TO,0,0,0,A,A,0,Non Refund,1.0,0,Transient,170.0,0,0
City Hotel,1,87,2015,September,39,25,2,3,2,0.0,0,BB,PRT,Groups,TA/TO,0,0,0,A,A,0,Non Refund,1.0,0,Transient,170.0,0,0
City Hotel,1,87,2015,September,39,25,2,3,2,0.0,0,BB,PRT,Groups,TA/TO,0,0,0,A,A,0,Non Refund,1.0,0,Transient,170.0,0,0
City Hotel,1,87,2015,September,39,25,2,3,2,0.0,0,BB,PRT,Groups,TA/TO,0,0,0,A,A,0,Non Refund,1.0,0,Transient,170.0,0,0
City Hotel,1,87,2015,September,39,25,2,3,2,0.0,0,BB,PRT,Groups,TA/TO,0,0,0,A,A,0,Non Refund,1.0,0,Transient,170.0,0,0
City Hotel,1,192,2015,September,39,25,2,3,2,0.0,0,BB,PRT,Offline TA/TO,TA/TO,0,0,0,A,A,0,No Deposit,6.0,0,Transient-Party,19.15,0,0
City Hotel,1,192,2015,September,39,25,2,3,2,0.0,0,BB,PRT,Offline TA/TO,TA/TO,0,0,0,A,A,0,No Deposit,6.0,0,Transient-Party,19.15,0,0
City Hotel,1,35,2015,September,39,25,2,3,2,0.0,0,BB,PRT,Groups,TA/TO,0,0,0,A,A,0,Non Refund,1.0,0,Transient,170.0,0,0
City Hotel,1,87,2015,September,39,25,2,3,2,0.0,0,BB,PRT,Groups,TA/TO,0,0,0,A,A,0,Non Refund,1.0,0,Transient,170.0,0,0
City Hotel,1,87,2015,September,39,25,2,3,2,0.0,0,BB,PRT,Groups,TA/TO,0,0,0,A,A,0,Non Refund,1.0,0,Transient,170.0,0,0
City Hotel,1,87,2015,September,39,25,2,3,2,0.0,0,BB,PRT,Groups,TA/TO,0,0,0,A,A,0,Non Refund,1.0,0,Transient,170.0,0,0
City Hotel,1,87,2015,September,39,25,2,3,2,0.0,0,BB,PRT,Groups,TA/TO,0,0,0,A,A,0,Non Refund,1.0,0,Transient,170.0,0,0
City Hotel,1,87,2015,September,39,25,2,3,2,0.0,0,BB,PRT,Groups,TA/TO,0,0,0,A,A,0,Non Refund,1.0,0,Transient,170.0,0,0
City Hotel,1,87,2015,September,39,25,2,3,2,0.0,0,BB,PRT,Groups,TA/TO,0,0,0,A,A,0,Non Refund,1.0,0,Transient,170.0,0,0
City Hotel,0,192,2015,September,39,25,2,3,2,0.0,0,BB,PRT,Offline TA/TO,TA/TO,0,0,0,A,A,0,No Deposit,6.0,0,Transient-Party,102.0,0,0
City Hotel,0,192,2015,September,39,25,2,3,2,0.0,0,BB,PRT,Offline TA/TO,TA/TO,0,0,0,A,A,0,No Deposit,6.0,0,Transient-Party,102.0,0,0
City Hotel,1,87,2015,September,39,25,2,3,2,0.0,0,BB,PRT,Groups,TA/TO,0,0,0,A,A,0,Non Refund,1.0,0,Transient,170.0,0,0
City Hotel,1,87,2015,September,39,25,2,3,2,0.0,0,BB,PRT,Groups,TA/TO,0,0,0,A,A,0,Non Refund,1.0,0,Transient,170.0,0,0
City Hotel,1,87,2015,September,39,25,2,3,2,0.0,0,BB,PRT,Groups,TA/TO,0,0,0,A,A,0,Non Refund,1.0,0,Transient,170.0,0,0
City Hotel,1,87,2015,September,39,25,2,3,2,0.0,0,BB,PRT,Groups,TA/TO,0,0,0,A,A,0,Non Refund,1.0,0,Transient,170.0,0,0
City Hotel,0,192,2015,September,39,25,2,3,2,0.0,0,BB,PRT,Offline TA/TO,TA/TO,0,0,0,A,A,0,No Deposit,6.0,0,Transient-Party,102.0,0,0
City Hotel,1,35,2015,September,39,25,2,3,2,0.0,0,BB,PRT,Groups,TA/TO,0,0,0,A,A,0,Non Refund,1.0,0,Transient,170.0,0,0
City Hotel,1,35,2015,September,39,25,2,3,2,0.0,0,BB,PRT,Groups,TA/TO,0,0,0,A,A,0,Non Refund,1.0,0,Transient,170.0,0,0
City Hotel,1,87,2015,September,39,25,2,3,2,0.0,0,BB,PRT,Groups,TA/TO,0,0,0,A,A,0,Non Refund,1.0,0,Transient,170.0,0,0
City Hotel,1,87,2015,September,39,25,2,3,2,0.0,0,BB,PRT,Groups,TA/TO,0,0,0,A,A,0,Non Refund,1.0,0,Transient,170.0,0,0
City Hotel,1,87,2015,September,39,25,2,3,2,0.0,0,BB,PRT,Groups,TA/TO,0,0,0,A,A,0,Non Refund,1.0,0,Transient,170.0,0,0
City Hotel,1,87,2015,September,39,25,2,3,2,0.0,0,BB,PRT,Groups,TA/TO,0,0,0,A,A,0,Non Refund,1.0,0,Transient,170.0,0,0
City Hotel,1,87,2015,September,39,25,2,3,2,0.0,0,BB,PRT,Groups,TA/TO,0,0,0,A,A,0,Non Refund,1.0,0,Transient,170.0,0,0
City Hotel,1,87,2015,September,39,25,2,3,2,0.0,0,BB,PRT,Groups,TA/TO,0,0,0,A,A,0,Non Refund,1.0,0,Transient,170.0,0,0
City Hotel,1,192,2015,September,39,25,2,3,2,0.0,0,BB,PRT,Offline TA/TO,TA/TO,0,0,0,A,A,0,No Deposit,6.0,0,Transient-Party,19.15,0,0
City Hotel,1,87,2015,September,39,25,2,3,2,0.0,0,BB,PRT,Groups,TA/TO,0,0,0,A,A,0,Non Refund,1.0,0,Transient,170.0,0,0
City Hotel,0,192,2015,September,39,25,2,3,2,0.0,0,BB,PRT,Offline TA/TO,TA/TO,0,0,0,A,A,0,No Deposit,6.0,0,Transient-Party,102.0,0,0
City Hotel,0,192,2015,September,39,25,2,3,2,0.0,0,BB,PRT,Offline TA/TO,TA/TO,0,0,0,A,A,0,No Deposit,6.0,0,Transient-Party,102.0,0,0
City Hotel,0,192,2015,September,39,25,2,3,2,0.0,0,BB,PRT,Offline TA/TO,TA/TO,0,0,0,A,A,0,No Deposit,6.0,0,Transient-Party,102.0,0,0
City Hotel,1,87,2015,September,39,25,2,3,2,0.0,0,BB,PRT,Groups,TA/TO,0,0,0,A,A,0,Non Refund,1.0,0,Transient,170.0,0,0
City Hotel,1,87,2015,September,39,25,2,3,2,0.0,0,BB,PRT,Groups,TA/TO,0,0,0,A,A,0,Non Refund,1.0,0,Transient,170.0,0,0
City Hotel,1,87,2015,September,39,25,2,3,2,0.0,0,BB,PRT,Groups,TA/TO,0,0,0,A,A,0,Non Refund,1.0,0,Transient,170.0,0,0
City Hotel,1,35,2015,September,39,25,2,3,2,0.0,0,BB,PRT,Groups,TA/TO,0,0,0,A,A,0,Non Refund,1.0,0,Transient,170.0,0,0
City Hotel,1,87,2015,September,39,25,2,3,2,0.0,0,BB,PRT,Groups,TA/TO,0,0,0,A,A,0,Non Refund,1.0,0,Transient,170.0,0,0
City Hotel,1,87,2015,September,39,25,2,3,2,0.0,0,BB,PRT,Groups,TA/TO,0,0,0,A,A,0,Non Refund,1.0,0,Transient,170.0,0,0
City Hotel,1,87,2015,September,39,25,2,3,2,0.0,0,BB,PRT,Groups,TA/TO,0,0,0,A,A,0,Non Refund,1.0,0,Transient,170.0,0,0
City Hotel,1,87,2015,September,39,25,2,3,2,0.0,0,BB,PRT,Groups,TA/TO,0,0,0,A,A,0,Non Refund,1.0,0,Transient,170.0,0,0
City Hotel,1,87,2015,September,39,25,2,3,2,0.0,0,BB,PRT,Groups,TA/TO,0,0,0,A,A,0,Non Refund,1.0,0,Transient,170.0,0,0
City Hotel,1,87,2015,September,39,25,2,3,2,0.0,0,BB,PRT,Groups,TA/TO,0,0,0,A,A,0,Non Refund,1.0,0,Transient,170.0,0,0
City Hotel,1,87,2015,September,39,25,2,3,2,0.0,0,BB,PRT,Groups,TA/TO,0,0,0,A,A,0,Non Refund,1.0,0,Transient,170.0,0,0
City Hotel,0,192,2015,September,39,25,2,3,2,0.0,0,BB,PRT,Offline TA/TO,TA/TO,0,0,0,A,A,0,No Deposit,6.0,0,Transient-Party,102.0,0,0
City Hotel,1,35,2015,September,39,25,2,3,2,0.0,0,BB,PRT,Groups,TA/TO,0,0,0,A,A,0,Non Refund,1.0,0,Transient,170.0,0,0
City Hotel,1,87,2015,September,39,25,2,3,2,0.0,0,BB,PRT,Groups,TA/TO,0,0,0,A,A,0,Non Refund,1.0,0,Transient,170.0,0,0
City Hotel,1,87,2015,September,39,25,2,3,2,0.0,0,BB,PRT,Groups,TA/TO,0,0,0,A,A,0,Non Refund,1.0,0,Transient,170.0,0,0
City Hotel,1,87,2015,September,39,25,2,3,2,0.0,0,BB,PRT,Groups,TA/TO,0,0,0,A,A,0,Non Refund,1.0,0,Transient,170.0,0,0
City Hotel,1,87,2015,September,39,25,2,3,2,0.0,0,BB,PRT,Groups,TA/TO,0,0,0,A,A,0,Non Refund,1.0,0,Transient,170.0,0,0
City Hotel,1,87,2015,September,39,25,2,3,2,0.0,0,BB,PRT,Groups,TA/TO,0,0,0,A,A,0,Non Refund,1.0,0,Transient,170.0,0,0
City Hotel,1,87,2015,September,39,25,2,3,2,0.0,0,BB,PRT,Groups,TA/TO,0,0,0,A,A,0,Non Refund,1.0,0,Transient,170.0,0,0
City Hotel,0,192,2015,September,39,25,2,3,2,0.0,0,BB,PRT,Offline TA/TO,TA/TO,0,0,0,A,A,0,No Deposit,6.0,0,Transient-Party,102.0,0,0
City Hotel,1,87,2015,September,39,25,2,3,2,0.0,0,BB,PRT,Groups,TA/TO,0,0,0,A,A,0,Non Refund,1.0,0,Transient,170.0,0,0
City Hotel,1,87,2015,September,39,25,2,3,2,0.0,0,BB,PRT,Groups,TA/TO,0,0,0,A,A,0,Non Refund,1.0,0,Transient,170.0,0,0
City Hotel,1,87,2015,September,39,25,2,3,2,0.0,0,BB,PRT,Groups,TA/TO,0,0,0,A,A,0,Non Refund,1.0,0,Transient,170.0,0,0
City Hotel,1,87,2015,September,39,25,2,3,2,0.0,0,BB,PRT,Groups,TA/TO,0,0,0,A,A,0,Non Refund,1.0,0,Transient,170.0,0,0
City Hotel,1,87,2015,September,39,25,2,3,2,0.0,0,BB,PRT,Groups,TA/TO,0,0,0,A,A,0,Non Refund,1.0,0,Transient,170.0,0,0
City Hotel,1,35,2015,September,39,25,2,3,2,0.0,0,BB,PRT,Groups,TA/TO,0,0,0,A,A,0,Non Refund,1.0,0,Transient,170.0,0,0
City Hotel,1,35,2015,September,39,25,2,3,2,0.0,0,BB,PRT,Groups,TA/TO,0,0,0,A,A,0,Non Refund,1.0,0,Transient,170.0,0,0
City Hotel,1,35,2015,September,39,25,2,3,2,0.0,0,BB,PRT,Groups,TA/TO,0,0,0,A,A,0,Non Refund,1.0,0,Transient,170.0,0,0
City Hotel,1,35,2015,September,39,25,2,3,2,0.0,0,BB,PRT,Groups,TA/TO,0,0,0,A,A,0,Non Refund,1.0,0,Transient,170.0,0,0
City Hotel,1,87,2015,September,39,25,2,3,2,0.0,0,BB,PRT,Groups,TA/TO,0,0,0,A,A,0,Non Refund,1.0,0,Transient,170.0,0,0
City Hotel,1,87,2015,September,39,25,2,3,2,0.0,0,BB,PRT,Groups,TA/TO,0,0,0,A,A,0,Non Refund,1.0,0,Transient,170.0,0,0
City Hotel,1,87,2015,September,39,25,2,3,2,0.0,0,BB,PRT,Groups,TA/TO,0,0,0,A,A,0,Non Refund,1.0,0,Transient,170.0,0,0
City Hotel,1,87,2015,September,39,25,2,3,2,0.0,0,BB,PRT,Groups,TA/TO,0,0,0,A,A,0,Non Refund,1.0,0,Transient,170.0,0,0
City Hotel,1,87,2015,September,39,25,2,3,2,0.0,0,BB,PRT,Groups,TA/TO,0,0,0,A,A,0,Non Refund,1.0,0,Transient,170.0,0,0
City Hotel,1,35,2015,September,39,25,2,3,2,0.0,0,BB,PRT,Groups,TA/TO,0,0,0,A,A,0,Non Refund,1.0,0,Transient,170.0,0,0
City Hotel,1,87,2015,September,39,25,2,3,2,0.0,0,BB,PRT,Groups,TA/TO,0,0,0,A,A,0,Non Refund,1.0,0,Transient,170.0,0,0
City Hotel,1,87,2015,September,39,25,2,3,2,0.0,0,BB,PRT,Groups,TA/TO,0,0,0,A,A,0,Non Refund,1.0,0,Transient,170.0,0,0
City Hotel,1,87,2015,September,39,25,2,3,2,0.0,0,BB,PRT,Groups,TA/TO,0,0,0,A,A,0,Non Refund,1.0,0,Transient,170.0,0,0
City Hotel,1,87,2015,September,39,25,2,3,2,0.0,0,BB,PRT,Groups,TA/TO,0,0,0,A,A,0,Non Refund,1.0,0,Transient,170.0,0,0
City Hotel,0,192,2015,September,39,25,2,3,2,0.0,0,BB,PRT,Offline TA/TO,TA/TO,0,0,0,A,A,0,No Deposit,6.0,0,Transient-Party,102.0,0,0
City Hotel,1,87,2015,September,39,25,2,3,2,0.0,0,BB,PRT,Groups,TA/TO,0,0,0,A,A,0,Non Refund,1.0,0,Transient,170.0,0,0
City Hotel,1,192,2015,September,39,25,2,3,2,0.0,0,BB,PRT,Offline TA/TO,TA/TO,0,0,0,A,A,0,No Deposit,6.0,0,Transient-Party,19.15,0,0
City Hotel,0,35,2015,September,39,26,1,1,2,0.0,0,BB,BRA,Online TA,TA/TO,0,0,0,A,A,0,No Deposit,9.0,0,Transient,200.0,0,1
City Hotel,1,88,2015,September,39,26,2,2,2,0.0,0,BB,PRT,Groups,TA/TO,0,0,0,A,A,0,Non Refund,1.0,0,Transient,170.0,0,0
City Hotel,1,88,2015,September,39,26,2,2,2,0.0,0,BB,PRT,Groups,TA/TO,0,0,0,A,A,0,Non Refund,1.0,0,Transient,170.0,0,0
City Hotel,1,88,2015,September,39,26,2,2,2,0.0,0,BB,PRT,Groups,TA/TO,0,0,0,A,A,0,Non Refund,1.0,0,Transient,170.0,0,0
City Hotel,1,88,2015,September,39,26,2,2,2,0.0,0,BB,PRT,Groups,TA/TO,0,0,0,A,A,0,Non Refund,1.0,0,Transient,170.0,0,0
City Hotel,1,88,2015,September,39,26,2,2,2,0.0,0,BB,PRT,Groups,TA/TO,0,0,0,A,A,0,Non Refund,1.0,0,Transient,170.0,0,0
City Hotel,1,88,2015,September,39,26,2,2,2,0.0,0,BB,PRT,Groups,TA/TO,0,0,0,A,A,0,Non Refund,1.0,0,Transient,170.0,0,0
City Hotel,1,88,2015,September,39,26,2,2,2,0.0,0,BB,PRT,Groups,TA/TO,0,0,0,A,A,0,Non Refund,1.0,0,Transient,170.0,0,0
City Hotel,1,88,2015,September,39,26,2,2,2,0.0,0,BB,PRT,Groups,TA/TO,0,0,0,A,A,0,Non Refund,1.0,0,Transient,170.0,0,0
City Hotel,1,88,2015,September,39,26,2,2,2,0.0,0,BB,PRT,Groups,TA/TO,0,0,0,A,A,0,Non Refund,1.0,0,Transient,170.0,0,0
City Hotel,1,88,2015,September,39,26,2,2,2,0.0,0,BB,PRT,Groups,TA/TO,0,0,0,A,A,0,Non Refund,1.0,0,Transient,170.0,0,0
City Hotel,1,88,2015,September,39,26,2,2,2,0.0,0,BB,PRT,Groups,TA/TO,0,0,0,A,A,0,Non Refund,1.0,0,Transient,170.0,0,0
City Hotel,1,88,2015,September,39,26,2,2,2,0.0,0,BB,PRT,Groups,TA/TO,0,0,0,A,A,0,Non Refund,1.0,0,Transient,170.0,0,0
City Hotel,1,88,2015,September,39,26,2,2,2,0.0,0,BB,PRT,Groups,TA/TO,0,0,0,A,A,0,Non Refund,1.0,0,Transient,170.0,0,0
City Hotel,1,88,2015,September,39,26,2,2,2,0.0,0,BB,PRT,Groups,TA/TO,0,0,0,A,A,0,Non Refund,1.0,0,Transient,170.0,0,0
City Hotel,1,88,2015,September,39,26,2,2,2,0.0,0,BB,PRT,Groups,TA/TO,0,0,0,A,A,0,Non Refund,1.0,0,Transient,170.0,0,0
City Hotel,1,88,2015,September,39,26,2,2,2,0.0,0,BB,PRT,Groups,TA/TO,0,0,0,A,A,0,Non Refund,1.0,0,Transient,170.0,0,0
City Hotel,1,88,2015,September,39,26,2,2,2,0.0,0,BB,PRT,Groups,TA/TO,0,0,0,A,A,0,Non Refund,1.0,0,Transient,170.0,0,0
City Hotel,1,88,2015,September,39,26,2,2,2,0.0,0,BB,PRT,Groups,TA/TO,0,0,0,A,A,0,Non Refund,1.0,0,Transient,170.0,0,0
City Hotel,1,88,2015,September,39,26,2,2,2,0.0,0,BB,PRT,Groups,TA/TO,0,0,0,A,A,0,Non Refund,1.0,0,Transient,170.0,0,0
City Hotel,0,65,2015,September,39,26,2,2,2,0.0,0,BB,GRC,Offline TA/TO,TA/TO,0,0,0,A,D,0,No Deposit,13.0,0,Contract,129.2,0,0
City Hotel,1,88,2015,September,39,26,2,2,2,0.0,0,BB,PRT,Groups,TA/TO,0,0,0,A,A,0,Non Refund,1.0,0,Transient,170.0,0,0
City Hotel,1,88,2015,September,39,26,2,2,2,0.0,0,BB,PRT,Groups,TA/TO,0,0,0,A,A,0,Non Refund,1.0,0,Transient,170.0,0,0
City Hotel,1,88,2015,September,39,26,2,2,2,0.0,0,BB,PRT,Groups,TA/TO,0,0,0,A,A,0,Non Refund,1.0,0,Transient,170.0,0,0
City Hotel,1,88,2015,September,39,26,2,2,2,0.0,0,BB,PRT,Groups,TA/TO,0,0,0,A,A,0,Non Refund,1.0,0,Transient,170.0,0,0
City Hotel,1,88,2015,September,39,26,2,2,2,0.0,0,BB,PRT,Groups,TA/TO,0,0,0,A,A,0,Non Refund,1.0,0,Transient,170.0,0,0
City Hotel,1,88,2015,September,39,26,2,2,2,0.0,0,BB,PRT,Groups,TA/TO,0,0,0,A,A,0,Non Refund,1.0,0,Transient,170.0,0,0
City Hotel,1,88,2015,September,39,26,2,2,2,0.0,0,BB,PRT,Groups,TA/TO,0,0,0,A,A,0,Non Refund,1.0,0,Transient,170.0,0,0
City Hotel,1,88,2015,September,39,26,2,2,2,0.0,0,BB,PRT,Groups,TA/TO,0,0,0,A,A,0,Non Refund,1.0,0,Transient,170.0,0,0
City Hotel,1,88,2015,September,39,26,2,2,2,0.0,0,BB,PRT,Groups,TA/TO,0,0,0,A,A,0,Non Refund,1.0,0,Transient,170.0,0,0
City Hotel,1,88,2015,September,39,26,2,2,2,0.0,0,BB,PRT,Groups,TA/TO,0,0,0,A,A,0,Non Refund,1.0,0,Transient,170.0,0,0
City Hotel,1,88,2015,September,39,26,2,2,2,0.0,0,BB,PRT,Groups,TA/TO,0,0,0,A,A,0,Non Refund,1.0,0,Transient,170.0,0,0
City Hotel,1,88,2015,September,39,26,2,2,2,0.0,0,BB,PRT,Groups,TA/TO,0,0,0,A,A,0,Non Refund,1.0,0,Transient,170.0,0,0
City Hotel,1,88,2015,September,39,26,2,2,2,0.0,0,BB,PRT,Groups,TA/TO,0,0,0,A,A,0,Non Refund,1.0,0,Transient,170.0,0,0
City Hotel,1,88,2015,September,39,26,2,2,2,0.0,0,BB,PRT,Groups,TA/TO,0,0,0,A,A,0,Non Refund,1.0,0,Transient,170.0,0,0
City Hotel,1,88,2015,September,39,26,2,2,2,0.0,0,BB,PRT,Groups,TA/TO,0,0,0,A,A,0,Non Refund,1.0,0,Transient,170.0,0,0
City Hotel,1,88,2015,September,39,26,2,2,2,0.0,0,BB,PRT,Groups,TA/TO,0,0,0,A,A,0,Non Refund,1.0,0,Transient,170.0,0,0
City Hotel,1,88,2015,September,39,26,2,2,2,0.0,0,BB,PRT,Groups,TA/TO,0,0,0,A,A,0,Non Refund,1.0,0,Transient,170.0,0,0
City Hotel,1,88,2015,September,39,26,2,2,2,0.0,0,BB,PRT,Groups,TA/TO,0,0,0,A,A,0,Non Refund,1.0,0,Transient,170.0,0,0
City Hotel,1,88,2015,September,39,26,2,2,2,0.0,0,BB,PRT,Groups,TA/TO,0,0,0,A,A,0,Non Refund,1.0,0,Transient,170.0,0,0
City Hotel,1,33,2015,September,39,26,2,3,2,0.0,0,BB,PRT,Offline TA/TO,TA/TO,0,0,0,A,A,0,No Deposit,16.0,0,Transient,57.92,0,1
City Hotel,1,33,2015,September,39,26,2,3,2,0.0,0,BB,PRT,Offline TA/TO,TA/TO,0,0,0,A,A,0,No Deposit,16.0,0,Transient,57.92,0,1
City Hotel,0,35,2015,September,39,26,2,4,2,0.0,0,BB,NOR,Online TA,TA/TO,0,0,0,A,A,0,No Deposit,9.0,0,Transient,166.58,0,2
City Hotel,0,35,2015,September,39,26,2,4,2,0.0,0,BB,NOR,Online TA,TA/TO,0,0,0,A,A,0,No Deposit,9.0,0,Transient,166.58,0,2
City Hotel,0,169,2015,September,40,27,2,2,2,0.0,0,BB,SVK,Direct,Direct,0,0,0,A,A,1,No Deposit,,0,Transient,163.0,0,0
City Hotel,0,62,2015,September,40,27,4,5,2,0.0,0,BB,USA,Online TA,TA/TO,0,0,0,A,A,0,No Deposit,9.0,0,Contract,131.51,0,3
City Hotel,1,96,2015,September,40,28,1,1,2,0.0,0,HB,PRT,Offline TA/TO,TA/TO,0,0,0,E,E,0,No Deposit,3.0,0,Transient-Party,138.0,0,0
City Hotel,1,96,2015,September,40,28,1,1,2,0.0,0,HB,PRT,Offline TA/TO,TA/TO,0,0,0,E,E,0,No Deposit,3.0,0,Transient-Party,138.0,0,0
City Hotel,1,96,2015,September,40,28,1,1,2,0.0,0,HB,PRT,Offline TA/TO,TA/TO,0,0,0,E,E,1,No Deposit,3.0,0,Transient-Party,138.0,0,0
City Hotel,1,96,2015,September,40,28,1,1,2,0.0,0,HB,PRT,Offline TA/TO,TA/TO,0,0,0,E,E,0,No Deposit,3.0,0,Transient-Party,138.0,0,0
City Hotel,0,193,2015,September,40,28,1,3,2,0.0,0,BB,NLD,Online TA,TA/TO,0,0,0,A,A,0,No Deposit,9.0,0,Transient,149.81,0,1
City Hotel,0,27,2015,September,40,28,1,3,2,0.0,0,BB,BEL,Online TA,TA/TO,0,0,0,A,A,0,No Deposit,9.0,0,Contract,149.88,0,0
City Hotel,0,68,2015,September,40,29,0,2,2,0.0,0,BB,FRA,Offline TA/TO,TA/TO,0,0,0,A,A,0,No Deposit,20.0,0,Transient-Party,65.0,0,0
City Hotel,0,68,2015,September,40,29,0,2,2,0.0,0,BB,PRT,Offline TA/TO,TA/TO,0,0,0,A,A,0,No Deposit,20.0,0,Transient-Party,65.0,0,0
City Hotel,1,68,2015,September,40,29,0,2,2,0.0,0,HB,PRT,Offline TA/TO,TA/TO,0,0,0,A,A,0,No Deposit,20.0,0,Transient-Party,0.0,0,0
City Hotel,1,68,2015,September,40,29,0,2,2,0.0,0,BB,PRT,Offline TA/TO,TA/TO,0,0,0,A,A,0,No Deposit,20.0,0,Transient-Party,48.0,0,0
City Hotel,0,68,2015,September,40,29,0,2,2,0.0,0,BB,FRA,Offline TA/TO,TA/TO,0,0,0,A,A,0,No Deposit,20.0,0,Transient-Party,65.0,0,0
City Hotel,0,68,2015,September,40,29,0,2,2,0.0,0,BB,FRA,Offline TA/TO,TA/TO,0,0,0,A,D,0,No Deposit,20.0,0,Transient-Party,65.0,0,0
City Hotel,0,68,2015,September,40,29,0,2,2,0.0,0,BB,FRA,Offline TA/TO,TA/TO,0,0,0,A,D,0,No Deposit,20.0,0,Transient-Party,65.0,0,0
City Hotel,0,68,2015,September,40,29,0,2,2,0.0,0,BB,FRA,Offline TA/TO,TA/TO,0,0,0,A,D,0,No Deposit,20.0,0,Transient-Party,65.0,0,0
City Hotel,0,68,2015,September,40,29,0,2,2,0.0,0,BB,FRA,Offline TA/TO,TA/TO,0,0,0,A,A,0,No Deposit,20.0,0,Transient-Party,65.0,0,0
City Hotel,0,68,2015,September,40,29,0,2,2,0.0,0,BB,FRA,Offline TA/TO,TA/TO,0,0,0,A,A,0,No Deposit,20.0,0,Transient-Party,65.0,0,0
City Hotel,0,68,2015,September,40,29,0,2,2,0.0,0,BB,FRA,Offline TA/TO,TA/TO,0,0,0,A,D,0,No Deposit,20.0,0,Transient-Party,65.0,0,0
City Hotel,0,68,2015,September,40,29,0,2,2,0.0,0,BB,FRA,Offline TA/TO,TA/TO,0,0,0,A,D,0,No Deposit,20.0,0,Transient-Party,65.0,0,0
City Hotel,0,68,2015,September,40,29,0,2,2,0.0,0,BB,FRA,Offline TA/TO,TA/TO,0,0,0,A,A,0,No Deposit,20.0,0,Transient-Party,65.0,0,0
City Hotel,1,68,2015,September,40,29,0,2,2,0.0,0,BB,PRT,Offline TA/TO,TA/TO,0,0,0,A,A,0,No Deposit,20.0,0,Transient-Party,48.0,0,0
City Hotel,0,68,2015,September,40,29,0,2,2,0.0,0,BB,FRA,Offline TA/TO,TA/TO,0,0,0,A,D,0,No Deposit,20.0,0,Transient-Party,65.0,0,0
City Hotel,0,68,2015,September,40,29,0,2,2,0.0,0,BB,FRA,Offline TA/TO,TA/TO,0,0,0,A,D,0,No Deposit,20.0,0,Transient-Party,65.0,0,0
City Hotel,0,68,2015,September,40,29,0,2,2,0.0,0,BB,PRT,Offline TA/TO,TA/TO,0,0,0,A,A,0,No Deposit,20.0,0,Transient-Party,65.0,0,0
City Hotel,0,68,2015,September,40,29,0,2,2,0.0,0,BB,FRA,Offline TA/TO,TA/TO,0,0,0,A,A,0,No Deposit,20.0,0,Transient-Party,65.0,0,0
City Hotel,0,68,2015,September,40,29,0,2,2,0.0,0,BB,FRA,Offline TA/TO,TA/TO,0,0,0,A,A,0,No Deposit,20.0,0,Transient-Party,65.0,0,0
City Hotel,1,68,2015,September,40,29,0,2,2,0.0,0,BB,PRT,Offline TA/TO,TA/TO,0,0,0,A,A,0,No Deposit,20.0,0,Transient-Party,48.0,0,0
City Hotel,1,68,2015,September,40,29,0,2,2,0.0,0,BB,PRT,Offline TA/TO,TA/TO,0,0,0,A,A,0,No Deposit,20.0,0,Transient-Party,48.0,0,0
City Hotel,0,68,2015,September,40,29,0,2,2,0.0,0,BB,FRA,Offline TA/TO,TA/TO,0,0,0,A,D,0,No Deposit,20.0,0,Transient-Party,65.0,0,0
City Hotel,0,28,2015,September,40,29,0,3,2,0.0,0,BB,PRT,Online TA,TA/TO,0,0,0,A,A,0,No Deposit,9.0,0,Contract,133.17,0,0
City Hotel,0,28,2015,September,40,29,0,4,2,0.0,0,BB,IRL,Online TA,TA/TO,0,0,0,A,A,0,No Deposit,7.0,0,Transient,96.36,0,1
City Hotel,1,21,2015,September,40,29,0,4,2,0.0,0,BB,PRT,Online TA,TA/TO,0,0,0,A,A,0,No Deposit,9.0,0,Contract,133.5,0,0
City Hotel,0,35,2015,September,40,29,0,4,2,0.0,0,BB,GBR,Online TA,TA/TO,0,0,0,D,D,0,No Deposit,7.0,0,Transient,92.33,0,1
City Hotel,1,20,2015,September,40,29,0,3,2,0.0,0,BB,PRT,Online TA,TA/TO,0,0,0,A,A,0,No Deposit,9.0,0,Contract,136.67,0,2
City Hotel,1,20,2015,September,40,29,0,3,2,0.0,0,BB,PRT,Online TA,TA/TO,0,0,0,A,A,0,No Deposit,9.0,0,Contract,136.67,0,2
City Hotel,0,0,2015,September,40,30,0,1,2,0.0,0,HB,ITA,Offline TA/TO,TA/TO,0,0,0,A,D,0,No Deposit,26.0,0,Transient-Party,112.2,0,0
City Hotel,1,92,2015,September,40,30,0,1,2,0.0,0,BB,PRT,Groups,TA/TO,0,0,0,A,A,0,Non Refund,1.0,0,Transient,170.0,0,0
City Hotel,0,83,2015,September,40,30,0,1,2,0.0,0,HB,PRT,Offline TA/TO,TA/TO,0,0,0,A,A,0,No Deposit,26.0,77,Transient-Party,112.2,0,0
City Hotel,0,83,2015,September,40,30,0,1,2,0.0,0,HB,ITA,Offline TA/TO,TA/TO,0,0,0,A,D,0,No Deposit,26.0,77,Transient-Party,112.2,0,0
City Hotel,1,83,2015,September,40,30,0,1,2,0.0,0,HB,ITA,Offline TA/TO,TA/TO,0,0,0,A,D,0,No Deposit,26.0,77,Transient-Party,112.2,0,0
City Hotel,1,92,2015,September,40,30,0,1,2,0.0,0,BB,PRT,Groups,TA/TO,0,0,0,A,A,0,Non Refund,1.0,0,Transient,170.0,0,0
City Hotel,1,92,2015,September,40,30,0,1,2,0.0,0,BB,PRT,Groups,TA/TO,0,0,0,A,A,0,Non Refund,1.0,0,Transient,170.0,0,0
City Hotel,0,83,2015,September,40,30,0,1,2,0.0,0,HB,ITA,Offline TA/TO,TA/TO,0,0,0,A,A,0,No Deposit,26.0,77,Transient-Party,112.2,0,0
City Hotel,1,92,2015,September,40,30,0,1,2,0.0,0,BB,PRT,Groups,TA/TO,0,0,0,A,A,0,Non Refund,1.0,0,Transient,170.0,0,0
City Hotel,1,92,2015,September,40,30,0,1,2,0.0,0,BB,PRT,Groups,TA/TO,0,0,0,A,A,0,Non Refund,1.0,0,Transient,170.0,0,0
City Hotel,1,92,2015,September,40,30,0,1,2,0.0,0,BB,PRT,Groups,TA/TO,0,0,0,A,A,0,Non Refund,1.0,0,Transient,170.0,0,0
City Hotel,1,92,2015,September,40,30,0,1,2,0.0,0,BB,PRT,Groups,TA/TO,0,0,0,A,A,0,Non Refund,1.0,0,Transient,170.0,0,0
City Hotel,1,92,2015,September,40,30,0,1,2,0.0,0,BB,PRT,Groups,TA/TO,0,0,0,A,A,0,Non Refund,1.0,0,Transient,170.0,0,0
City Hotel,1,92,2015,September,40,30,0,1,2,0.0,0,BB,PRT,Groups,TA/TO,0,0,0,A,A,0,Non Refund,1.0,0,Transient,170.0,0,0
City Hotel,1,92,2015,September,40,30,0,1,2,0.0,0,BB,PRT,Groups,TA/TO,0,0,0,A,A,0,Non Refund,1.0,0,Transient,170.0,0,0
City Hotel,0,83,2015,September,40,30,0,1,2,0.0,0,HB,PRT,Offline TA/TO,TA/TO,0,0,0,A,A,0,No Deposit,26.0,77,Transient-Party,112.2,0,0
City Hotel,0,83,2015,September,40,30,0,1,2,0.0,0,HB,PRT,Offline TA/TO,TA/TO,0,0,0,A,D,0,No Deposit,26.0,77,Transient-Party,112.2,0,0
City Hotel,0,83,2015,September,40,30,0,1,2,0.0,0,HB,PRT,Offline TA/TO,TA/TO,0,0,0,A,A,0,No Deposit,26.0,77,Transient-Party,112.2,0,0
City Hotel,1,92,2015,September,40,30,0,1,2,0.0,0,BB,PRT,Groups,TA/TO,0,0,0,A,A,0,Non Refund,1.0,0,Transient,170.0,0,0
City Hotel,1,92,2015,September,40,30,0,1,2,0.0,0,BB,PRT,Groups,TA/TO,0,0,0,A,A,0,Non Refund,1.0,0,Transient,170.0,0,0
City Hotel,1,92,2015,September,40,30,0,1,2,0.0,0,BB,PRT,Groups,TA/TO,0,0,0,A,A,0,Non Refund,1.0,0,Transient,170.0,0,0
City Hotel,0,83,2015,September,40,30,0,1,2,0.0,0,HB,PRT,Offline TA/TO,TA/TO,0,0,0,A,A,0,No Deposit,26.0,77,Transient-Party,112.2,0,0
City Hotel,0,83,2015,September,40,30,0,1,2,0.0,0,HB,ITA,Offline TA/TO,TA/TO,0,0,0,A,A,0,No Deposit,26.0,77,Transient-Party,112.2,0,0
City Hotel,1,92,2015,September,40,30,0,1,2,0.0,0,BB,PRT,Groups,TA/TO,0,0,0,A,A,0,Non Refund,1.0,0,Transient,170.0,0,0
City Hotel,1,92,2015,September,40,30,0,1,2,0.0,0,BB,PRT,Groups,TA/TO,0,0,0,A,A,0,Non Refund,1.0,0,Transient,170.0,0,0
City Hotel,0,83,2015,September,40,30,0,1,2,0.0,0,HB,PRT,Offline TA/TO,TA/TO,0,0,0,A,D,0,No Deposit,26.0,77,Transient-Party,112.2,0,0
City Hotel,0,83,2015,September,40,30,0,1,2,0.0,0,HB,PRT,Offline TA/TO,TA/TO,0,0,0,A,A,0,No Deposit,26.0,77,Transient-Party,112.2,0,0
City Hotel,1,92,2015,September,40,30,0,1,2,0.0,0,BB,PRT,Groups,TA/TO,0,0,0,A,A,0,Non Refund,1.0,0,Transient,170.0,0,0
City Hotel,1,92,2015,September,40,30,0,1,2,0.0,0,BB,PRT,Groups,TA/TO,0,0,0,A,A,0,Non Refund,1.0,0,Transient,170.0,0,0
City Hotel,1,92,2015,September,40,30,0,1,2,0.0,0,BB,PRT,Groups,TA/TO,0,0,0,A,A,0,Non Refund,1.0,0,Transient,170.0,0,0
City Hotel,0,83,2015,September,40,30,0,1,2,0.0,0,HB,PRT,Offline TA/TO,TA/TO,0,0,0,A,A,0,No Deposit,26.0,77,Transient-Party,112.2,0,0
City Hotel,0,42,2015,September,40,30,0,1,2,0.0,0,BB,USA,Online TA,TA/TO,0,0,0,A,A,0,No Deposit,8.0,0,Transient,86.4,0,1
City Hotel,0,83,2015,September,40,30,0,1,2,0.0,0,HB,ITA,Offline TA/TO,TA/TO,0,0,0,A,A,1,No Deposit,26.0,77,Transient-Party,56.1,0,0
City Hotel,1,92,2015,September,40,30,0,1,2,0.0,0,BB,PRT,Groups,TA/TO,0,0,0,A,A,0,Non Refund,1.0,0,Transient,170.0,0,0
City Hotel,1,92,2015,September,40,30,0,1,2,0.0,0,BB,PRT,Groups,TA/TO,0,0,0,A,A,0,Non Refund,1.0,0,Transient,170.0,0,0
City Hotel,1,92,2015,September,40,30,0,1,2,0.0,0,BB,PRT,Groups,TA/TO,0,0,0,A,A,0,Non Refund,1.0,0,Transient,170.0,0,0
City Hotel,0,83,2015,September,40,30,0,1,2,0.0,0,HB,ITA,Offline TA/TO,TA/TO,0,0,0,A,A,0,No Deposit,26.0,77,Transient-Party,112.2,0,0
City Hotel,1,92,2015,September,40,30,0,1,2,0.0,0,BB,PRT,Groups,TA/TO,0,0,0,A,A,0,Non Refund,1.0,0,Transient,170.0,0,0
City Hotel,1,92,2015,September,40,30,0,1,2,0.0,0,BB,PRT,Groups,TA/TO,0,0,0,A,A,0,Non Refund,1.0,0,Transient,170.0,0,0
City Hotel,1,92,2015,September,40,30,0,1,2,0.0,0,BB,PRT,Groups,TA/TO,0,0,0,A,A,0,Non Refund,1.0,0,Transient,170.0,0,0
City Hotel,0,83,2015,September,40,30,0,1,2,0.0,0,HB,PRT,Offline TA/TO,TA/TO,0,0,0,A,A,0,No Deposit,26.0,77,Transient-Party,112.2,0,0
City Hotel,1,92,2015,September,40,30,0,1,2,0.0,0,BB,PRT,Groups,TA/TO,0,0,0,A,A,0,Non Refund,1.0,0,Transient,170.0,0,0
City Hotel,1,92,2015,September,40,30,0,1,2,0.0,0,BB,PRT,Groups,TA/TO,0,0,0,A,A,0,Non Refund,1.0,0,Transient,170.0,0,0
City Hotel,0,69,2015,September,40,30,0,1,2,0.0,0,BB,CN,Offline TA/TO,TA/TO,0,0,0,A,A,0,No Deposit,13.0,0,Contract,71.4,0,0
City Hotel,0,83,2015,September,40,30,0,1,2,0.0,0,HB,ITA,Offline TA/TO,TA/TO,0,0,0,A,A,0,No Deposit,26.0,77,Transient-Party,112.2,0,0
City Hotel,0,83,2015,September,40,30,0,1,2,0.0,0,HB,ITA,Offline TA/TO,TA/TO,0,0,0,A,A,0,No Deposit,26.0,77,Transient-Party,112.2,0,0
City Hotel,1,92,2015,September,40,30,0,1,2,0.0,0,BB,PRT,Groups,TA/TO,0,0,0,A,A,0,Non Refund,1.0,0,Transient,170.0,0,0
City Hotel,1,92,2015,September,40,30,0,1,2,0.0,0,BB,PRT,Groups,TA/TO,0,0,0,A,A,0,Non Refund,1.0,0,Transient,170.0,0,0
City Hotel,1,92,2015,September,40,30,0,1,2,0.0,0,BB,PRT,Groups,TA/TO,0,0,0,A,A,0,Non Refund,1.0,0,Transient,170.0,0,0
City Hotel,1,92,2015,September,40,30,0,1,2,0.0,0,BB,PRT,Groups,TA/TO,0,0,0,A,A,0,Non Refund,1.0,0,Transient,170.0,0,0
City Hotel,1,92,2015,September,40,30,0,1,2,0.0,0,BB,PRT,Groups,TA/TO,0,0,0,A,A,0,Non Refund,1.0,0,Transient,170.0,0,0
City Hotel,1,92,2015,September,40,30,0,1,2,0.0,0,BB,PRT,Groups,TA/TO,0,0,0,A,A,0,Non Refund,1.0,0,Transient,170.0,0,0
City Hotel,1,92,2015,September,40,30,0,1,2,0.0,0,BB,PRT,Groups,TA/TO,0,0,0,A,A,0,Non Refund,1.0,0,Transient,170.0,0,0
City Hotel,1,30,2015,September,40,30,0,2,2,0.0,0,HB,PRT,Offline TA/TO,TA/TO,0,0,0,A,A,0,Non Refund,3.0,0,Transient,121.0,0,0
City Hotel,1,30,2015,September,40,30,0,2,2,0.0,0,HB,PRT,Offline TA/TO,TA/TO,0,0,0,A,A,0,Non Refund,3.0,0,Transient,121.0,0,0
City Hotel,1,27,2015,September,40,30,0,2,2,0.0,0,BB,PRT,Offline TA/TO,TA/TO,0,0,0,A,A,0,Non Refund,64.0,21,Transient,108.0,0,0
City Hotel,1,27,2015,September,40,30,0,2,2,0.0,0,BB,PRT,Offline TA/TO,TA/TO,0,0,0,A,A,0,Non Refund,64.0,21,Transient,108.0,0,0
City Hotel,1,30,2015,September,40,30,0,2,2,0.0,0,HB,PRT,Offline TA/TO,TA/TO,0,0,0,A,A,0,Non Refund,3.0,0,Transient,121.0,0,0
City Hotel,1,30,2015,September,40,30,0,2,2,0.0,0,HB,PRT,Offline TA/TO,TA/TO,0,0,0,A,A,0,Non Refund,3.0,0,Transient,121.0,0,0
City Hotel,1,27,2015,September,40,30,0,2,2,0.0,0,BB,PRT,Offline TA/TO,TA/TO,0,0,0,A,A,0,Non Refund,64.0,21,Transient,108.0,0,0
City Hotel,1,27,2015,September,40,30,0,2,2,0.0,0,BB,PRT,Offline TA/TO,TA/TO,0,0,0,A,A,0,Non Refund,64.0,21,Transient,108.0,0,0
City Hotel,1,30,2015,September,40,30,0,2,2,0.0,0,HB,PRT,Offline TA/TO,TA/TO,0,0,0,A,A,0,Non Refund,3.0,0,Transient,121.0,0,0
City Hotel,1,30,2015,September,40,30,0,2,2,0.0,0,HB,PRT,Offline TA/TO,TA/TO,0,0,0,A,A,0,Non Refund,3.0,0,Transient,121.0,0,0
City Hotel,1,27,2015,September,40,30,0,2,2,0.0,0,BB,PRT,Offline TA/TO,TA/TO,0,0,0,A,A,0,Non Refund,64.0,21,Transient,108.0,0,0
City Hotel,1,27,2015,September,40,30,0,2,2,0.0,0,BB,PRT,Offline TA/TO,TA/TO,0,0,0,A,A,0,Non Refund,64.0,21,Transient,108.0,0,0
City Hotel,1,30,2015,September,40,30,0,2,2,0.0,0,HB,PRT,Offline TA/TO,TA/TO,0,0,0,A,A,0,Non Refund,3.0,0,Transient,121.0,0,0
City Hotel,1,30,2015,September,40,30,0,2,2,0.0,0,HB,PRT,Offline TA/TO,TA/TO,0,0,0,A,A,0,Non Refund,3.0,0,Transient,121.0,0,0
City Hotel,1,30,2015,September,40,30,0,2,2,0.0,0,HB,PRT,Offline TA/TO,TA/TO,0,0,0,A,A,0,Non Refund,3.0,0,Transient,121.0,0,0
City Hotel,1,27,2015,September,40,30,0,2,2,0.0,0,BB,PRT,Offline TA/TO,TA/TO,0,0,0,A,A,0,Non Refund,64.0,21,Transient,108.0,0,0
City Hotel,1,27,2015,September,40,30,0,2,2,0.0,0,BB,PRT,Offline TA/TO,TA/TO,0,0,0,A,A,0,Non Refund,64.0,21,Transient,108.0,0,0
City Hotel,1,27,2015,September,40,30,0,2,2,0.0,0,BB,PRT,Offline TA/TO,TA/TO,0,0,0,A,A,0,Non Refund,64.0,21,Transient,108.0,0,0
City Hotel,1,27,2015,September,40,30,0,2,2,0.0,0,BB,PRT,Offline TA/TO,TA/TO,0,0,0,A,A,0,Non Refund,64.0,21,Transient,108.0,0,0
City Hotel,1,30,2015,September,40,30,0,2,2,0.0,0,HB,PRT,Offline TA/TO,TA/TO,0,0,0,A,A,0,Non Refund,3.0,0,Transient,121.0,0,0
City Hotel,1,27,2015,September,40,30,0,2,2,0.0,0,BB,PRT,Offline TA/TO,TA/TO,0,0,0,A,A,0,Non Refund,64.0,21,Transient,108.0,0,0
City Hotel,1,30,2015,September,40,30,0,2,2,0.0,0,HB,PRT,Offline TA/TO,TA/TO,0,0,0,A,A,0,Non Refund,3.0,0,Transient,121.0,0,0
City Hotel,1,27,2015,September,40,30,0,2,2,0.0,0,BB,PRT,Offline TA/TO,TA/TO,0,0,0,A,A,0,Non Refund,64.0,21,Transient,108.0,0,0
City Hotel,1,27,2015,September,40,30,0,2,2,0.0,0,BB,PRT,Offline TA/TO,TA/TO,0,0,0,A,A,0,Non Refund,64.0,21,Transient,108.0,0,0
City Hotel,0,21,2015,September,40,30,0,2,2,0.0,0,BB,GBR,Direct,Direct,0,0,0,A,A,0,No Deposit,14.0,0,Transient,105.0,0,0
City Hotel,1,30,2015,September,40,30,0,2,2,0.0,0,HB,PRT,Offline TA/TO,TA/TO,0,0,0,A,A,0,Non Refund,3.0,0,Transient,121.0,0,0
City Hotel,1,27,2015,September,40,30,0,2,2,0.0,0,BB,PRT,Offline TA/TO,TA/TO,0,0,0,A,A,0,Non Refund,64.0,21,Transient,108.0,0,0
City Hotel,1,27,2015,September,40,30,0,2,2,0.0,0,BB,PRT,Offline TA/TO,TA/TO,0,0,0,A,A,0,Non Refund,64.0,21,Transient,108.0,0,0
City Hotel,1,28,2015,September,40,30,0,2,2,0.0,0,BB,PRT,Online TA,TA/TO,0,0,0,A,A,0,No Deposit,9.0,0,Contract,105.0,0,1
City Hotel,1,27,2015,September,40,30,0,2,2,0.0,0,BB,PRT,Offline TA/TO,TA/TO,0,0,0,A,A,0,Non Refund,64.0,21,Transient,108.0,0,0
City Hotel,1,27,2015,September,40,30,0,2,2,0.0,0,BB,PRT,Offline TA/TO,TA/TO,0,0,0,A,A,0,Non Refund,64.0,21,Transient,108.0,0,0
City Hotel,1,30,2015,September,40,30,0,2,2,0.0,0,HB,PRT,Offline TA/TO,TA/TO,0,0,0,A,A,0,Non Refund,3.0,0,Transient,121.0,0,0
City Hotel,1,30,2015,September,40,30,0,2,2,0.0,0,HB,PRT,Offline TA/TO,TA/TO,0,0,0,A,A,0,Non Refund,3.0,0,Transient,121.0,0,0
City Hotel,1,30,2015,September,40,30,0,2,2,0.0,0,HB,PRT,Offline TA/TO,TA/TO,0,0,0,A,A,0,Non Refund,3.0,0,Transient,121.0,0,0
City Hotel,1,27,2015,September,40,30,0,2,2,0.0,0,BB,PRT,Offline TA/TO,TA/TO,0,0,0,A,A,0,Non Refund,64.0,21,Transient,108.0,0,0
City Hotel,1,27,2015,September,40,30,0,2,2,0.0,0,BB,PRT,Offline TA/TO,TA/TO,0,0,0,A,A,0,Non Refund,64.0,21,Transient,108.0,0,0
City Hotel,1,30,2015,September,40,30,0,2,2,0.0,0,HB,PRT,Offline TA/TO,TA/TO,0,0,0,A,A,0,Non Refund,3.0,0,Transient,121.0,0,0
City Hotel,1,30,2015,September,40,30,0,2,2,0.0,0,HB,PRT,Offline TA/TO,TA/TO,0,0,0,A,A,0,Non Refund,3.0,0,Transient,121.0,0,0
City Hotel,1,27,2015,September,40,30,0,2,2,0.0,0,BB,PRT,Offline TA/TO,TA/TO,0,0,0,A,A,0,Non Refund,64.0,21,Transient,108.0,0,0
City Hotel,1,27,2015,September,40,30,0,2,2,0.0,0,BB,PRT,Offline TA/TO,TA/TO,0,0,0,A,A,0,Non Refund,64.0,21,Transient,108.0,0,0
City Hotel,1,30,2015,September,40,30,0,2,2,0.0,0,HB,PRT,Offline TA/TO,TA/TO,0,0,0,A,A,0,Non Refund,3.0,0,Transient,121.0,0,0
City Hotel,1,30,2015,September,40,30,0,2,2,0.0,0,HB,PRT,Offline TA/TO,TA/TO,0,0,0,A,A,0,Non Refund,3.0,0,Transient,121.0,0,0
City Hotel,0,85,2015,September,40,30,0,3,2,0.0,0,HB,DEU,Offline TA/TO,TA/TO,0,0,0,A,A,0,No Deposit,31.0,80,Transient-Party,125.0,0,0
City Hotel,1,27,2015,September,40,30,0,2,2,0.0,0,BB,PRT,Offline TA/TO,TA/TO,0,0,0,A,A,0,Non Refund,64.0,21,Transient,108.0,0,0
City Hotel,1,30,2015,September,40,30,0,2,2,0.0,0,HB,PRT,Offline TA/TO,TA/TO,0,0,0,A,A,0,Non Refund,3.0,0,Transient,121.0,0,0
City Hotel,0,23,2015,September,40,30,0,3,2,0.0,0,BB,PRT,Online TA,TA/TO,0,0,0,A,E,0,No Deposit,9.0,0,Contract,111.33,0,1
City Hotel,0,85,2015,September,40,30,0,3,2,0.0,0,HB,DEU,Offline TA/TO,TA/TO,0,0,0,A,A,0,No Deposit,31.0,80,Transient-Party,125.0,0,0
City Hotel,0,85,2015,September,40,30,0,3,2,0.0,0,HB,DEU,Offline TA/TO,TA/TO,0,0,0,A,A,0,No Deposit,31.0,80,Transient-Party,125.0,0,0
City Hotel,0,85,2015,September,40,30,0,3,2,0.0,0,HB,DEU,Offline TA/TO,TA/TO,0,0,0,A,A,0,No Deposit,31.0,80,Transient-Party,125.0,0,0
City Hotel,0,23,2015,September,40,30,0,4,2,0.0,0,BB,SWE,Online TA,TA/TO,0,0,0,D,D,0,No Deposit,8.0,0,Transient,116.03,0,1
City Hotel,0,152,2015,September,40,30,0,4,2,0.0,0,SC,AUS,Online TA,TA/TO,0,0,0,A,A,0,No Deposit,11.0,0,Transient,84.52,0,0
City Hotel,0,40,2015,September,40,30,1,4,2,0.0,0,BB,ESP,Online TA,TA/TO,0,0,0,A,A,0,No Deposit,7.0,0,Transient,75.53,1,1
City Hotel,0,85,2015,September,40,30,0,3,2,0.0,0,HB,DEU,Offline TA/TO,TA/TO,0,0,0,A,A,0,No Deposit,31.0,80,Transient-Party,125.0,0,0
City Hotel,0,41,2015,October,40,1,0,2,2,0.0,0,BB,BRA,Online TA,TA/TO,0,0,0,A,A,0,No Deposit,9.0,0,Contract,103.05,0,0
City Hotel,0,22,2015,October,40,1,0,2,2,0.0,0,BB,DEU,Online TA,TA/TO,0,0,0,A,A,0,No Deposit,7.0,0,Transient,88.17,0,1
City Hotel,0,33,2015,October,40,1,0,2,2,0.0,0,BB,CHE,Online TA,TA/TO,0,0,0,A,A,0,No Deposit,7.0,0,Group,79.35,0,1
City Hotel,0,33,2015,October,40,1,0,2,2,0.0,0,BB,ITA,Online TA,TA/TO,0,0,0,A,A,0,No Deposit,7.0,0,Group,79.35,0,1
City Hotel,1,33,2015,October,40,1,0,2,2,0.0,0,BB,PRT,Direct,Direct,0,0,0,A,A,0,No Deposit,,0,Transient,79.35,0,1
City Hotel,0,22,2015,October,40,1,0,3,2,0.0,0,BB,ITA,Online TA,TA/TO,0,0,0,A,A,0,No Deposit,9.0,0,Contract,127.0,0,1
City Hotel,0,48,2015,October,40,1,0,3,2,0.0,0,BB,SWE,Online TA,TA/TO,0,0,0,A,A,0,No Deposit,9.0,0,Contract,105.9,0,1
City Hotel,0,47,2015,October,40,1,1,3,2,0.0,0,BB,PRT,Online TA,TA/TO,0,0,0,A,A,0,No Deposit,9.0,0,Transient,103.05,0,1
City Hotel,0,47,2015,October,40,1,1,3,2,0.0,0,BB,NLD,Online TA,TA/TO,0,0,0,A,A,0,No Deposit,9.0,0,Transient,103.05,0,2
City Hotel,0,3,2015,October,40,1,1,3,2,0.0,0,BB,DEU,Offline TA/TO,TA/TO,0,0,0,A,A,0,No Deposit,27.0,0,Transient,54.75,0,1
City Hotel,0,48,2015,October,40,1,2,3,2,0.0,0,BB,DNK,Online TA,TA/TO,0,0,0,A,A,0,No Deposit,9.0,0,Transient,111.6,0,0
City Hotel,1,199,2015,October,40,1,2,7,2,0.0,0,BB,PRT,Online TA,TA/TO,0,0,0,A,A,0,No Deposit,8.0,0,Transient,94.5,0,0
City Hotel,0,164,2015,October,40,2,0,1,2,0.0,0,BB,PRT,Offline TA/TO,TA/TO,0,0,0,A,A,1,No Deposit,19.0,0,Transient-Party,100.0,0,1
City Hotel,0,24,2015,October,40,2,0,1,2,0.0,0,BB,LBN,Offline TA/TO,TA/TO,0,0,0,A,A,0,No Deposit,50.0,0,Transient,111.6,0,0
City Hotel,1,31,2015,October,40,2,0,1,2,0.0,0,BB,PRT,Online TA,TA/TO,0,0,0,A,A,0,No Deposit,9.0,0,Group,111.6,0,1
City Hotel,0,48,2015,October,40,2,0,2,2,0.0,0,BB,GBR,Online TA,TA/TO,0,0,0,A,A,0,No Deposit,9.0,0,Transient,111.6,0,2
City Hotel,0,48,2015,October,40,2,1,2,2,0.0,0,BB,GBR,Online TA,TA/TO,0,0,0,A,A,0,No Deposit,7.0,0,Transient,73.51,0,0
City Hotel,0,48,2015,October,40,2,1,2,2,0.0,0,BB,GBR,Online TA,TA/TO,0,0,0,A,A,0,No Deposit,7.0,0,Transient,73.51,0,0
City Hotel,0,200,2015,October,40,2,1,2,2,0.0,0,BB,IRL,Online TA,TA/TO,0,0,0,A,A,0,No Deposit,8.0,0,Transient,89.25,0,1
City Hotel,0,204,2015,October,40,2,2,2,2,0.0,0,BB,IRL,Online TA,TA/TO,0,0,0,A,A,0,No Deposit,9.0,0,Transient,98.44,0,1
City Hotel,0,125,2015,October,40,2,2,2,2,0.0,0,BB,PRT,Direct,Direct,0,0,0,A,A,0,No Deposit,14.0,0,Transient,97.33,0,0
City Hotel,0,30,2015,October,40,2,2,2,2,0.0,0,BB,ESP,Online TA,TA/TO,0,0,0,A,A,0,No Deposit,9.0,0,Contract,109.35,0,0
City Hotel,0,43,2015,October,40,2,2,3,2,0.0,0,BB,DEU,Offline TA/TO,TA/TO,0,0,0,A,A,0,No Deposit,27.0,0,Transient,58.4,0,0
City Hotel,0,198,2015,October,40,3,1,1,2,0.0,0,BB,FRA,Groups,TA/TO,0,0,0,A,A,0,No Deposit,1.0,0,Transient-Party,60.0,0,0
City Hotel,0,198,2015,October,40,3,1,1,2,0.0,0,BB,ESP,Groups,TA/TO,0,0,0,A,E,0,No Deposit,1.0,0,Transient-Party,60.0,0,0
City Hotel,1,198,2015,October,40,3,1,1,2,0.0,0,BB,PRT,Groups,TA/TO,0,0,0,A,A,0,No Deposit,1.0,0,Transient-Party,60.0,0,0
City Hotel,0,198,2015,October,40,3,1,1,2,0.0,0,BB,FRA,Groups,TA/TO,0,0,0,A,A,0,No Deposit,1.0,0,Transient-Party,60.0,0,1
City Hotel,0,198,2015,October,40,3,1,1,2,0.0,0,BB,FRA,Groups,TA/TO,0,0,0,A,A,0,No Deposit,1.0,0,Transient-Party,60.0,0,0
City Hotel,0,198,2015,October,40,3,1,1,2,0.0,0,BB,FRA,Groups,TA/TO,0,0,0,A,A,0,No Deposit,1.0,0,Transient-Party,60.0,0,0
City Hotel,0,198,2015,October,40,3,1,1,2,0.0,0,BB,FRA,Groups,TA/TO,0,0,0,A,A,0,No Deposit,1.0,0,Transient-Party,60.0,0,0
City Hotel,1,198,2015,October,40,3,1,1,2,0.0,0,BB,PRT,Groups,TA/TO,0,0,0,A,A,0,No Deposit,1.0,0,Transient-Party,60.0,0,0
City Hotel,1,198,2015,October,40,3,1,1,2,0.0,0,BB,PRT,Groups,TA/TO,0,0,0,A,A,0,No Deposit,1.0,0,Transient-Party,60.0,0,0
City Hotel,0,198,2015,October,40,3,1,1,2,0.0,0,BB,PRT,Groups,TA/TO,0,0,0,A,A,0,No Deposit,1.0,0,Transient-Party,60.0,0,0
City Hotel,0,198,2015,October,40,3,1,1,2,0.0,0,BB,FRA,Groups,TA/TO,0,0,0,A,A,0,No Deposit,1.0,0,Transient-Party,60.0,0,0
City Hotel,0,198,2015,October,40,3,1,1,2,0.0,0,BB,PRT,Groups,TA/TO,0,0,0,A,A,0,No Deposit,1.0,0,Transient-Party,60.0,0,0
City Hotel,1,86,2015,October,40,3,2,1,2,0.0,0,HB,PRT,Groups,TA/TO,0,0,0,A,A,0,No Deposit,1.0,0,Transient-Party,86.0,0,0
City Hotel,1,86,2015,October,40,3,2,1,2,0.0,0,HB,PRT,Groups,TA/TO,0,0,0,A,A,0,No Deposit,1.0,0,Transient-Party,86.0,0,0
City Hotel,1,86,2015,October,40,3,2,1,2,0.0,0,HB,PRT,Groups,TA/TO,0,0,0,A,A,0,No Deposit,1.0,0,Transient-Party,86.0,0,0
City Hotel,1,86,2015,October,40,3,2,1,2,0.0,0,HB,PRT,Groups,TA/TO,0,0,0,A,A,0,No Deposit,1.0,0,Transient-Party,86.0,0,0
City Hotel,0,86,2015,October,40,3,2,1,2,0.0,0,HB,ITA,Groups,TA/TO,0,0,0,A,A,0,No Deposit,1.0,0,Transient-Party,86.0,0,0
City Hotel,1,86,2015,October,40,3,2,1,2,0.0,0,HB,PRT,Groups,TA/TO,0,0,0,A,A,0,No Deposit,1.0,0,Transient-Party,86.0,0,0
City Hotel,1,86,2015,October,40,3,2,1,2,0.0,0,HB,PRT,Groups,TA/TO,0,0,0,A,A,0,No Deposit,1.0,0,Transient-Party,86.0,0,0
City Hotel,0,54,2015,October,40,3,2,1,2,0.0,0,BB,FRA,Online TA,TA/TO,0,0,0,A,A,0,No Deposit,9.0,0,Contract,100.2,0,1
City Hotel,1,86,2015,October,40,3,2,1,2,0.0,0,HB,PRT,Groups,TA/TO,0,0,0,A,A,0,No Deposit,1.0,0,Transient-Party,86.0,0,0
City Hotel,1,86,2015,October,40,3,2,1,2,0.0,0,HB,PRT,Groups,TA/TO,0,0,0,A,A,0,No Deposit,1.0,0,Transient-Party,86.0,0,0
City Hotel,1,89,2015,October,40,3,2,2,2,0.0,0,BB,PRT,Groups,TA/TO,0,0,0,A,A,0,Non Refund,1.0,0,Transient,62.0,0,0
City Hotel,1,89,2015,October,40,3,2,2,2,0.0,0,BB,PRT,Groups,TA/TO,0,0,0,A,A,0,Non Refund,1.0,0,Transient,62.0,0,0
City Hotel,1,89,2015,October,40,3,2,2,2,0.0,0,BB,PRT,Groups,TA/TO,0,0,0,A,A,0,Non Refund,1.0,0,Transient,62.0,0,0
City Hotel,1,89,2015,October,40,3,2,2,2,0.0,0,BB,PRT,Groups,TA/TO,0,0,0,A,A,0,Non Refund,1.0,0,Transient,62.0,0,0
City Hotel,1,89,2015,October,40,3,2,2,2,0.0,0,BB,PRT,Groups,TA/TO,0,0,0,A,A,0,Non Refund,1.0,0,Transient,62.0,0,0
City Hotel,1,89,2015,October,40,3,2,2,2,0.0,0,BB,PRT,Groups,TA/TO,0,0,0,A,A,0,Non Refund,1.0,0,Transient,62.0,0,0
City Hotel,1,89,2015,October,40,3,2,2,2,0.0,0,BB,PRT,Groups,TA/TO,0,0,0,A,A,0,Non Refund,1.0,0,Transient,62.0,0,0
City Hotel,1,89,2015,October,40,3,2,2,2,0.0,0,BB,PRT,Groups,TA/TO,0,0,0,A,A,0,Non Refund,1.0,0,Transient,62.0,0,0
City Hotel,1,89,2015,October,40,3,2,2,2,0.0,0,BB,PRT,Groups,TA/TO,0,0,0,A,A,0,Non Refund,1.0,0,Transient,62.0,0,0
City Hotel,1,89,2015,October,40,3,2,2,2,0.0,0,BB,PRT,Groups,TA/TO,0,0,0,A,A,0,Non Refund,1.0,0,Transient,62.0,0,0
City Hotel,1,89,2015,October,40,3,2,2,2,0.0,0,BB,PRT,Groups,TA/TO,0,0,0,A,A,0,Non Refund,1.0,0,Transient,62.0,0,0
City Hotel,1,89,2015,October,40,3,2,2,2,0.0,0,BB,PRT,Groups,TA/TO,0,0,0,A,A,0,Non Refund,1.0,0,Transient,62.0,0,0
City Hotel,1,89,2015,October,40,3,2,2,2,0.0,0,BB,PRT,Groups,TA/TO,0,0,0,A,A,0,Non Refund,1.0,0,Transient,62.0,0,0
City Hotel,1,89,2015,October,40,3,2,2,2,0.0,0,BB,PRT,Groups,TA/TO,0,0,0,A,A,0,Non Refund,1.0,0,Transient,62.0,0,0
City Hotel,1,89,2015,October,40,3,2,2,2,0.0,0,BB,PRT,Groups,TA/TO,0,0,0,A,A,0,Non Refund,1.0,0,Transient,62.0,0,0
City Hotel,1,89,2015,October,40,3,2,2,2,0.0,0,BB,PRT,Groups,TA/TO,0,0,0,A,A,0,Non Refund,1.0,0,Transient,62.0,0,0
City Hotel,1,89,2015,October,40,3,2,2,2,0.0,0,BB,PRT,Groups,TA/TO,0,0,0,A,A,0,Non Refund,1.0,0,Transient,62.0,0,0
City Hotel,1,89,2015,October,40,3,2,2,2,0.0,0,BB,PRT,Groups,TA/TO,0,0,0,A,A,0,Non Refund,1.0,0,Transient,62.0,0,0
City Hotel,1,89,2015,October,40,3,2,2,2,0.0,0,BB,PRT,Groups,TA/TO,0,0,0,A,A,0,Non Refund,1.0,0,Transient,62.0,0,0
City Hotel,1,89,2015,October,40,3,2,2,2,0.0,0,BB,PRT,Groups,TA/TO,0,0,0,A,A,0,Non Refund,1.0,0,Transient,62.0,0,0
City Hotel,1,89,2015,October,40,3,2,2,2,0.0,0,BB,PRT,Groups,TA/TO,0,0,0,A,A,0,Non Refund,1.0,0,Transient,62.0,0,0
City Hotel,1,89,2015,October,40,3,2,2,2,0.0,0,BB,PRT,Groups,TA/TO,0,0,0,A,A,0,Non Refund,1.0,0,Transient,62.0,0,0
City Hotel,1,89,2015,October,40,3,2,2,2,0.0,0,BB,PRT,Groups,TA/TO,0,0,0,A,A,0,Non Refund,1.0,0,Transient,62.0,0,0
City Hotel,1,89,2015,October,40,3,2,2,2,0.0,0,BB,PRT,Groups,TA/TO,0,0,0,A,A,0,Non Refund,1.0,0,Transient,62.0,0,0
City Hotel,1,89,2015,October,40,3,2,2,2,0.0,0,BB,PRT,Groups,TA/TO,0,0,0,A,A,0,Non Refund,1.0,0,Transient,62.0,0,0
City Hotel,1,89,2015,October,40,3,2,2,2,0.0,0,BB,PRT,Groups,TA/TO,0,0,0,A,A,0,Non Refund,1.0,0,Transient,62.0,0,0
City Hotel,1,89,2015,October,40,3,2,2,2,0.0,0,BB,PRT,Groups,TA/TO,0,0,0,A,A,0,Non Refund,1.0,0,Transient,62.0,0,0
City Hotel,1,89,2015,October,40,3,2,2,2,0.0,0,BB,PRT,Groups,TA/TO,0,0,0,A,A,0,Non Refund,1.0,0,Transient,62.0,0,0
City Hotel,1,89,2015,October,40,3,2,2,2,0.0,0,BB,PRT,Groups,TA/TO,0,0,0,A,A,0,Non Refund,1.0,0,Transient,62.0,0,0
City Hotel,0,54,2015,October,40,3,2,3,2,0.0,0,BB,FRA,Online TA,TA/TO,0,0,0,A,A,0,No Deposit,7.0,0,Transient,74.15,0,2
City Hotel,0,54,2015,October,40,3,2,3,2,0.0,0,BB,FRA,Online TA,TA/TO,0,0,0,A,D,0,No Deposit,7.0,0,Transient,74.15,0,2
City Hotel,1,31,2015,October,40,3,2,5,2,0.0,0,BB,PRT,Online TA,TA/TO,0,0,0,A,A,0,No Deposit,9.0,0,Contract,102.99,0,2
City Hotel,0,69,2015,October,41,4,1,0,2,0.0,0,BB,DEU,Online TA,TA/TO,0,0,0,A,E,0,No Deposit,7.0,0,Transient,68.72,0,1
City Hotel,0,61,2015,October,41,4,2,0,2,0.0,0,BB,PRT,Offline TA/TO,TA/TO,0,0,0,A,A,0,No Deposit,12.0,0,Transient-Party,91.0,0,0
City Hotel,0,61,2015,October,41,4,2,0,2,0.0,0,BB,FRA,Offline TA/TO,TA/TO,0,0,0,A,A,0,No Deposit,12.0,0,Transient-Party,91.0,0,0
City Hotel,0,61,2015,October,41,4,2,0,2,0.0,0,BB,FRA,Offline TA/TO,TA/TO,0,0,0,A,A,0,No Deposit,12.0,0,Transient-Party,91.0,0,0
City Hotel,0,61,2015,October,41,4,2,0,2,0.0,0,BB,PRT,Offline TA/TO,TA/TO,0,0,0,A,A,0,No Deposit,12.0,0,Transient-Party,91.0,0,0
City Hotel,1,61,2015,October,41,4,2,0,2,0.0,0,HB,PRT,Offline TA/TO,TA/TO,0,0,0,A,A,0,No Deposit,12.0,0,Transient-Party,35.2,0,0
City Hotel,0,27,2015,October,41,4,1,0,2,0.0,0,BB,USA,Online TA,TA/TO,0,0,0,A,E,0,No Deposit,7.0,0,Transient,80.85,0,1
City Hotel,0,61,2015,October,41,4,2,0,2,0.0,0,BB,FRA,Offline TA/TO,TA/TO,0,0,0,A,A,0,No Deposit,12.0,0,Transient-Party,91.0,0,0
City Hotel,0,61,2015,October,41,4,2,0,2,0.0,0,BB,FRA,Offline TA/TO,TA/TO,0,0,0,A,A,0,No Deposit,12.0,0,Transient-Party,91.0,0,0
City Hotel,0,61,2015,October,41,4,2,0,2,0.0,0,BB,FRA,Offline TA/TO,TA/TO,0,0,0,A,A,0,No Deposit,12.0,0,Transient-Party,91.0,0,0
City Hotel,0,61,2015,October,41,4,2,0,2,0.0,0,BB,FRA,Offline TA/TO,TA/TO,0,0,0,A,A,0,No Deposit,12.0,0,Transient-Party,91.0,0,0
City Hotel,0,61,2015,October,41,4,2,0,2,0.0,0,BB,FRA,Offline TA/TO,TA/TO,0,0,0,A,A,0,No Deposit,12.0,0,Transient-Party,91.0,0,0
City Hotel,0,61,2015,October,41,4,2,0,2,0.0,0,BB,FRA,Offline TA/TO,TA/TO,0,0,0,A,A,0,No Deposit,12.0,0,Transient-Party,91.0,0,0
City Hotel,0,61,2015,October,41,4,2,0,2,0.0,0,BB,FRA,Offline TA/TO,TA/TO,0,0,0,A,A,0,No Deposit,12.0,0,Transient-Party,91.0,0,1
City Hotel,0,61,2015,October,41,4,2,0,2,0.0,0,BB,FRA,Offline TA/TO,TA/TO,0,0,0,A,A,0,No Deposit,12.0,0,Transient-Party,91.0,0,0
City Hotel,0,61,2015,October,41,4,2,0,2,0.0,0,BB,FRA,Offline TA/TO,TA/TO,0,0,0,A,A,0,No Deposit,12.0,0,Transient-Party,91.0,0,0
City Hotel,0,29,2015,October,41,4,2,0,2,0.0,0,BB,DEU,Online TA,TA/TO,0,0,0,A,A,0,No Deposit,7.0,0,Group,76.81,0,0
City Hotel,0,61,2015,October,41,4,2,0,2,0.0,0,BB,FRA,Offline TA/TO,TA/TO,0,0,0,A,A,0,No Deposit,12.0,0,Transient-Party,91.0,0,0
City Hotel,0,61,2015,October,41,4,2,0,2,0.0,0,BB,FRA,Offline TA/TO,TA/TO,0,0,0,A,A,0,No Deposit,12.0,0,Transient-Party,91.0,0,0
City Hotel,0,61,2015,October,41,4,2,0,2,0.0,0,BB,FRA,Offline TA/TO,TA/TO,0,0,0,A,A,0,No Deposit,12.0,0,Transient-Party,91.0,0,0
City Hotel,0,61,2015,October,41,4,2,0,2,0.0,0,BB,FRA,Offline TA/TO,TA/TO,0,0,0,A,A,0,No Deposit,12.0,0,Transient-Party,91.0,0,0
City Hotel,0,61,2015,October,41,4,2,0,2,0.0,0,BB,FRA,Offline TA/TO,TA/TO,0,0,0,A,A,0,No Deposit,12.0,0,Transient-Party,91.0,0,0
City Hotel,0,61,2015,October,41,4,2,0,2,0.0,0,BB,FRA,Offline TA/TO,TA/TO,0,0,0,A,D,0,No Deposit,12.0,0,Transient-Party,91.0,0,0
City Hotel,0,31,2015,October,41,4,2,1,2,0.0,0,BB,GBR,Online TA,TA/TO,0,0,0,A,A,0,No Deposit,9.0,0,Contract,94.5,0,1
City Hotel,0,25,2015,October,41,4,2,1,2,0.0,0,BB,GBR,Online TA,TA/TO,0,0,0,A,A,0,No Deposit,7.0,0,Transient,80.85,0,1
City Hotel,0,26,2015,October,41,4,2,1,2,0.0,0,BB,GBR,Online TA,TA/TO,0,0,0,A,D,0,No Deposit,7.0,0,Transient,80.85,0,1
City Hotel,0,25,2015,October,41,4,2,2,2,0.0,0,BB,BEL,Online TA,TA/TO,0,0,0,A,A,0,No Deposit,15.0,0,Transient,84.0,0,2
City Hotel,0,29,2015,October,41,4,2,2,2,0.0,0,BB,DEU,Offline TA/TO,TA/TO,0,0,0,A,A,0,No Deposit,27.0,0,Group,46.54,0,0
City Hotel,0,34,2015,October,41,4,2,2,2,0.0,0,BB,DEU,Online TA,TA/TO,0,0,0,A,A,0,No Deposit,9.0,0,Transient,94.5,0,1
City Hotel,1,39,2015,October,41,4,2,2,2,0.0,0,BB,PRT,Online TA,TA/TO,0,0,0,A,A,0,No Deposit,9.0,0,Contract,94.5,0,2
City Hotel,1,26,2015,October,41,4,2,3,2,0.0,0,BB,PRT,Online TA,TA/TO,0,0,0,D,D,0,No Deposit,7.0,0,Transient,79.85,0,1
City Hotel,1,32,2015,October,41,4,2,3,2,0.0,0,BB,PRT,Online TA,TA/TO,0,0,0,A,A,0,No Deposit,9.0,0,Contract,94.5,0,1
City Hotel,0,28,2015,October,41,5,1,0,2,0.0,0,BB,USA,Online TA,TA/TO,0,0,0,A,A,0,No Deposit,9.0,0,Contract,94.5,0,2
City Hotel,0,40,2015,October,41,5,1,1,2,0.0,0,BB,ITA,Offline TA/TO,TA/TO,0,0,0,A,A,0,No Deposit,3.0,40,Transient-Party,70.0,0,0
City Hotel,0,40,2015,October,41,5,1,1,2,0.0,0,BB,ITA,Offline TA/TO,TA/TO,0,0,0,A,D,0,No Deposit,3.0,40,Transient-Party,70.0,0,0
City Hotel,0,88,2015,October,41,5,1,1,2,0.0,0,HB,ITA,Offline TA/TO,TA/TO,0,0,0,A,A,0,No Deposit,26.0,77,Transient-Party,112.2,0,0
City Hotel,0,88,2015,October,41,5,1,1,2,0.0,0,HB,ITA,Offline TA/TO,TA/TO,0,0,0,A,D,0,No Deposit,26.0,77,Transient-Party,112.2,0,0
City Hotel,0,88,2015,October,41,5,1,1,2,0.0,0,HB,ITA,Offline TA/TO,TA/TO,0,0,0,A,D,0,No Deposit,26.0,77,Transient-Party,112.2,0,0
City Hotel,0,88,2015,October,41,5,1,1,2,0.0,0,HB,PRT,Offline TA/TO,TA/TO,0,0,0,A,D,0,No Deposit,26.0,77,Transient-Party,112.2,0,0
City Hotel,0,40,2015,October,41,5,1,1,2,0.0,0,BB,ITA,Offline TA/TO,TA/TO,0,0,0,A,D,0,No Deposit,3.0,40,Transient-Party,70.0,0,0
City Hotel,0,88,2015,October,41,5,1,1,2,0.0,0,HB,PRT,Offline TA/TO,TA/TO,0,0,0,A,A,0,No Deposit,26.0,77,Transient-Party,112.2,0,0
City Hotel,0,88,2015,October,41,5,1,1,2,0.0,0,HB,PRT,Offline TA/TO,TA/TO,0,0,0,A,A,0,No Deposit,26.0,77,Transient-Party,112.2,0,0
City Hotel,0,40,2015,October,41,5,1,1,2,0.0,0,BB,ITA,Offline TA/TO,TA/TO,0,0,0,A,D,0,No Deposit,3.0,40,Transient-Party,70.0,0,0
City Hotel,0,88,2015,October,41,5,1,1,2,0.0,0,HB,PRT,Offline TA/TO,TA/TO,0,0,0,A,D,0,No Deposit,26.0,77,Transient-Party,112.2,0,0
City Hotel,1,28,2015,October,41,5,1,1,2,0.0,0,BB,PRT,Offline TA/TO,TA/TO,0,0,0,A,A,0,No Deposit,3.0,0,Transient-Party,70.0,0,0
City Hotel,0,88,2015,October,41,5,1,1,2,0.0,0,HB,ITA,Offline TA/TO,TA/TO,0,0,0,A,A,0,No Deposit,26.0,77,Transient-Party,56.1,0,0
City Hotel,0,88,2015,October,41,5,1,1,2,0.0,0,HB,ITA,Offline TA/TO,TA/TO,0,0,0,A,D,0,No Deposit,26.0,77,Transient-Party,112.2,0,0
City Hotel,0,88,2015,October,41,5,1,1,2,0.0,0,HB,PRT,Offline TA/TO,TA/TO,0,0,0,A,D,0,No Deposit,26.0,77,Transient-Party,112.2,0,0
City Hotel,1,28,2015,October,41,5,1,1,2,0.0,0,BB,PRT,Offline TA/TO,TA/TO,0,0,0,A,A,0,No Deposit,3.0,0,Transient-Party,70.0,0,0
City Hotel,0,88,2015,October,41,5,1,1,2,0.0,0,HB,PRT,Offline TA/TO,TA/TO,0,0,0,A,A,0,No Deposit,26.0,77,Transient-Party,112.2,0,0
City Hotel,1,33,2015,October,41,5,1,1,2,0.0,0,HB,PRT,Groups,TA/TO,0,0,0,A,A,1,No Deposit,37.0,0,Transient,147.6,0,0
City Hotel,0,40,2015,October,41,5,1,1,2,0.0,0,BB,PRT,Offline TA/TO,TA/TO,0,0,0,A,D,0,No Deposit,3.0,40,Transient-Party,70.0,0,0
City Hotel,0,88,2015,October,41,5,1,1,2,0.0,0,HB,ITA,Offline TA/TO,TA/TO,0,0,0,A,A,0,No Deposit,26.0,77,Transient-Party,112.2,0,0
City Hotel,0,88,2015,October,41,5,1,1,2,0.0,0,HB,ITA,Offline TA/TO,TA/TO,0,0,0,A,A,0,No Deposit,26.0,77,Transient-Party,112.2,0,0
City Hotel,0,40,2015,October,41,5,1,1,2,0.0,0,BB,PRT,Offline TA/TO,TA/TO,0,0,0,A,D,0,No Deposit,3.0,40,Transient-Party,70.0,0,0
City Hotel,0,88,2015,October,41,5,1,1,2,0.0,0,HB,PRT,Offline TA/TO,TA/TO,0,0,0,A,A,0,No Deposit,26.0,77,Transient-Party,112.2,0,0
City Hotel,0,158,2015,October,41,5,1,1,2,0.0,0,BB,BEL,Online TA,TA/TO,0,0,0,A,A,0,No Deposit,9.0,0,Transient,89.25,0,1
City Hotel,0,88,2015,October,41,5,1,1,2,0.0,0,HB,PRT,Offline TA/TO,TA/TO,0,0,0,A,A,0,No Deposit,26.0,77,Transient-Party,112.2,0,0
City Hotel,0,40,2015,October,41,5,1,1,2,0.0,0,BB,ITA,Offline TA/TO,TA/TO,0,0,0,A,D,0,No Deposit,3.0,40,Transient-Party,70.0,0,0
City Hotel,1,40,2015,October,41,5,1,2,2,0.0,0,BB,PRT,Online TA,TA/TO,0,0,0,A,A,0,No Deposit,9.0,0,Contract,94.5,0,2
City Hotel,1,40,2015,October,41,5,1,2,2,0.0,0,BB,PRT,Online TA,TA/TO,0,0,0,A,A,0,No Deposit,9.0,0,Contract,94.5,0,2
City Hotel,0,32,2015,October,41,5,1,3,2,0.0,0,BB,DEU,Offline TA/TO,TA/TO,0,0,0,D,D,0,No Deposit,27.0,0,Transient,63.75,0,0
City Hotel,0,111,2015,October,41,5,1,3,2,0.0,0,BB,DEU,Offline TA/TO,TA/TO,0,0,0,A,A,0,No Deposit,27.0,0,Transient,72.25,0,0
City Hotel,0,32,2015,October,41,5,1,4,2,0.0,0,BB,FRA,Online TA,TA/TO,0,0,0,A,A,0,No Deposit,9.0,0,Contract,97.92,0,2
City Hotel,0,40,2015,October,41,5,1,3,2,0.0,0,BB,POL,Online TA,TA/TO,0,0,0,A,A,0,No Deposit,9.0,0,Contract,94.5,0,1
City Hotel,0,32,2015,October,41,5,1,4,2,0.0,0,BB,PRT,Online TA,TA/TO,0,0,0,A,A,0,No Deposit,9.0,0,Contract,97.92,0,2
City Hotel,0,27,2015,October,41,5,1,4,2,0.0,0,BB,PRT,Online TA,TA/TO,0,0,0,A,A,0,No Deposit,9.0,0,Contract,106.02,0,2
City Hotel,1,30,2015,October,41,5,1,4,2,0.0,0,BB,PRT,Online TA,TA/TO,0,0,0,A,A,0,No Deposit,9.0,0,Transient,97.92,0,1
City Hotel,0,26,2015,October,41,5,1,4,2,0.0,0,BB,MAR,Online TA,TA/TO,0,0,0,D,D,0,No Deposit,8.0,0,Transient,106.93,0,1
City Hotel,1,42,2015,October,41,6,0,1,2,0.0,0,BB,PRT,Online TA,TA/TO,0,0,0,A,A,1,No Deposit,8.0,0,Transient,86.4,0,1
City Hotel,1,104,2015,October,41,6,0,2,2,0.0,0,HB,PRT,Offline TA/TO,TA/TO,0,0,0,A,A,1,No Deposit,3.0,0,Transient-Party,114.0,0,1
City Hotel,1,104,2015,October,41,6,0,2,2,0.0,0,HB,PRT,Offline TA/TO,TA/TO,0,0,0,A,A,1,No Deposit,3.0,0,Transient-Party,114.0,0,1
City Hotel,1,104,2015,October,41,6,0,2,2,0.0,0,HB,PRT,Offline TA/TO,TA/TO,0,0,0,A,A,1,No Deposit,3.0,0,Transient-Party,114.0,0,1
City Hotel,1,104,2015,October,41,6,0,2,2,0.0,0,HB,PRT,Offline TA/TO,TA/TO,0,0,0,A,A,1,No Deposit,3.0,0,Transient-Party,114.0,0,1
City Hotel,1,104,2015,October,41,6,0,2,2,0.0,0,HB,PRT,Offline TA/TO,TA/TO,0,0,0,A,A,1,No Deposit,3.0,0,Transient-Party,114.0,0,1
City Hotel,0,34,2015,October,41,6,0,2,2,0.0,0,BB,CMR,Online TA,TA/TO,0,0,0,A,A,0,No Deposit,7.0,0,Transient,66.53,0,1
City Hotel,1,41,2015,October,41,6,0,3,2,0.0,0,BB,PRT,Online TA,TA/TO,0,0,0,A,A,0,No Deposit,9.0,0,Contract,98.67,0,2
City Hotel,0,36,2015,October,41,6,0,3,2,0.0,0,BB,BEL,Online TA,TA/TO,0,0,0,A,A,0,No Deposit,9.0,0,Contract,94.5,0,1
City Hotel,1,32,2015,October,41,6,0,3,2,0.0,0,BB,PRT,Online TA,TA/TO,0,0,0,A,A,0,No Deposit,9.0,0,Contract,94.5,0,2
City Hotel,0,38,2015,October,41,6,0,3,2,0.0,0,BB,PRT,Online TA,TA/TO,0,0,0,A,A,0,No Deposit,9.0,0,Transient,94.5,0,1
City Hotel,0,34,2015,October,41,6,0,3,2,0.0,0,BB,GBR,Online TA,TA/TO,0,0,0,A,B,0,No Deposit,9.0,0,Contract,94.5,0,2
City Hotel,1,41,2015,October,41,6,0,3,2,0.0,0,BB,PRT,Online TA,TA/TO,0,0,0,A,A,0,No Deposit,9.0,0,Contract,98.67,0,2
City Hotel,0,32,2015,October,41,6,0,4,2,0.0,0,BB,ISR,Direct,Direct,0,0,0,D,D,0,No Deposit,14.0,0,Transient,124.75,0,0
City Hotel,0,92,2015,October,41,6,0,5,2,0.0,0,BB,PRT,Online TA,TA/TO,0,0,0,A,A,1,No Deposit,8.0,0,Transient,89.25,0,1
City Hotel,0,60,2015,October,41,6,2,7,2,0.0,0,BB,BRA,Online TA,TA/TO,0,0,0,A,A,0,No Deposit,9.0,0,Contract,89.25,0,3
City Hotel,0,33,2015,October,41,7,0,0,2,0.0,0,SC,PRT,Online TA,TA/TO,0,0,0,A,K,0,No Deposit,11.0,0,Transient,0.0,0,0
City Hotel,0,97,2015,October,41,7,0,2,2,0.0,0,BB,PRT,Groups,TA/TO,0,0,0,A,A,0,No Deposit,1.0,0,Transient-Party,62.0,0,0
City Hotel,0,97,2015,October,41,7,0,2,2,0.0,0,BB,PRT,Groups,TA/TO,0,0,0,A,G,0,No Deposit,1.0,0,Transient-Party,62.0,0,0
City Hotel,0,97,2015,October,41,7,0,2,2,0.0,0,BB,PRT,Groups,TA/TO,0,0,0,A,A,0,No Deposit,1.0,0,Transient-Party,62.0,0,1
City Hotel,0,97,2015,October,41,7,0,2,2,0.0,0,BB,PRT,Groups,TA/TO,0,0,0,A,A,0,No Deposit,1.0,0,Transient-Party,62.0,0,0
City Hotel,0,97,2015,October,41,7,0,2,2,0.0,0,BB,PRT,Groups,TA/TO,0,0,0,A,A,0,No Deposit,1.0,0,Transient-Party,62.0,0,0
City Hotel,0,97,2015,October,41,7,0,2,2,0.0,0,BB,PRT,Groups,TA/TO,0,0,0,A,D,0,No Deposit,1.0,0,Transient-Party,62.0,0,0
City Hotel,0,97,2015,October,41,7,0,2,2,0.0,0,BB,PRT,Groups,TA/TO,0,0,0,A,A,0,No Deposit,1.0,0,Transient-Party,62.0,0,0
City Hotel,0,97,2015,October,41,7,0,2,2,0.0,0,BB,PRT,Groups,TA/TO,0,0,0,A,A,0,No Deposit,1.0,0,Transient-Party,62.0,0,1
City Hotel,0,97,2015,October,41,7,0,2,2,0.0,0,BB,PRT,Groups,TA/TO,0,0,0,A,A,0,No Deposit,1.0,0,Transient-Party,62.0,0,0
City Hotel,0,97,2015,October,41,7,0,2,2,0.0,0,BB,PRT,Groups,TA/TO,0,0,0,A,F,0,No Deposit,1.0,0,Transient-Party,62.0,0,0
City Hotel,1,97,2015,October,41,7,0,2,2,0.0,0,BB,PRT,Groups,TA/TO,0,0,0,A,A,0,No Deposit,1.0,0,Transient-Party,62.0,0,0
City Hotel,0,35,2015,October,41,7,0,2,2,0.0,0,SC,PRT,Online TA,TA/TO,0,0,0,A,A,0,No Deposit,7.0,0,Transient,66.53,0,1
City Hotel,0,97,2015,October,41,7,0,2,2,0.0,0,BB,PRT,Groups,TA/TO,0,0,0,A,A,0,No Deposit,1.0,0,Transient-Party,62.0,0,0
City Hotel,0,97,2015,October,41,7,0,2,2,0.0,0,BB,PRT,Groups,TA/TO,0,0,0,A,A,0,No Deposit,1.0,0,Transient-Party,62.0,0,0
City Hotel,0,97,2015,October,41,7,0,2,2,0.0,0,BB,PRT,Groups,TA/TO,0,0,0,A,A,0,No Deposit,1.0,0,Transient-Party,0.0,0,0
City Hotel,0,97,2015,October,41,7,0,2,2,0.0,0,BB,PRT,Groups,TA/TO,0,0,0,A,D,0,No Deposit,1.0,0,Transient-Party,62.0,0,0
City Hotel,0,97,2015,October,41,7,0,2,2,0.0,0,BB,PRT,Groups,TA/TO,0,0,0,A,A,0,No Deposit,1.0,0,Transient-Party,62.0,0,0
City Hotel,0,97,2015,October,41,7,0,2,2,0.0,0,BB,PRT,Groups,TA/TO,0,0,0,A,A,0,No Deposit,1.0,0,Transient-Party,62.0,0,1
City Hotel,0,97,2015,October,41,7,0,2,2,0.0,0,BB,PRT,Groups,TA/TO,0,0,0,A,A,0,No Deposit,1.0,0,Transient-Party,62.0,0,0
City Hotel,0,97,2015,October,41,7,0,2,2,0.0,0,BB,PRT,Groups,TA/TO,0,0,0,A,D,0,No Deposit,1.0,0,Transient-Party,62.0,0,0
City Hotel,0,97,2015,October,41,7,0,2,2,0.0,0,BB,PRT,Groups,TA/TO,0,0,0,A,B,0,No Deposit,1.0,0,Transient-Party,62.0,0,0
City Hotel,0,97,2015,October,41,7,0,2,2,0.0,0,BB,PRT,Groups,TA/TO,0,0,0,A,G,0,No Deposit,1.0,0,Transient,62.0,0,0
City Hotel,0,97,2015,October,41,7,0,2,2,0.0,0,BB,PRT,Groups,TA/TO,0,0,0,A,A,0,No Deposit,1.0,0,Transient-Party,62.0,0,1
City Hotel,0,97,2015,October,41,7,0,2,2,0.0,0,BB,PRT,Groups,TA/TO,0,0,0,A,B,0,No Deposit,1.0,0,Transient-Party,62.0,0,0
City Hotel,0,97,2015,October,41,7,0,2,2,0.0,0,BB,PRT,Groups,TA/TO,0,0,0,A,A,0,No Deposit,1.0,0,Transient-Party,62.0,0,0
City Hotel,0,97,2015,October,41,7,0,2,2,0.0,0,BB,PRT,Groups,TA/TO,0,0,0,A,A,0,No Deposit,1.0,0,Transient-Party,62.0,0,0
City Hotel,0,97,2015,October,41,7,0,2,2,0.0,0,BB,PRT,Groups,TA/TO,0,0,0,A,A,0,No Deposit,1.0,0,Transient-Party,62.0,0,0
City Hotel,0,97,2015,October,41,7,0,2,2,0.0,0,BB,PRT,Groups,TA/TO,0,0,0,A,D,0,No Deposit,1.0,0,Transient-Party,62.0,0,0
City Hotel,1,30,2015,October,41,7,0,3,2,0.0,0,BB,PRT,Online TA,TA/TO,0,0,0,A,A,0,No Deposit,8.0,0,Transient,94.5,0,2
City Hotel,0,34,2015,October,41,7,0,3,2,0.0,0,BB,BEL,Online TA,TA/TO,0,0,0,A,B,0,No Deposit,9.0,0,Contract,100.2,0,0
City Hotel,0,92,2015,October,41,7,0,4,2,0.0,0,BB,PRT,Offline TA/TO,TA/TO,0,0,0,A,B,0,No Deposit,3.0,58,Transient-Party,70.0,0,0
City Hotel,0,92,2015,October,41,7,0,4,2,0.0,0,BB,PRT,Offline TA/TO,TA/TO,0,0,0,A,A,0,No Deposit,3.0,58,Transient-Party,70.0,0,0
City Hotel,0,92,2015,October,41,7,0,4,2,0.0,0,BB,PRT,Offline TA/TO,TA/TO,0,0,0,A,A,0,No Deposit,3.0,58,Transient-Party,70.0,0,0
City Hotel,1,135,2015,October,41,7,0,4,2,0.0,0,BB,PRT,Online TA,TA/TO,0,0,0,A,A,0,No Deposit,9.0,0,Transient,89.25,0,0
City Hotel,0,93,2015,October,41,7,0,4,2,0.0,0,BB,PRT,Online TA,TA/TO,0,0,0,A,A,0,No Deposit,8.0,89,Transient,89.25,0,1
City Hotel,0,92,2015,October,41,7,0,4,2,0.0,0,BB,PRT,Offline TA/TO,TA/TO,0,0,0,A,A,0,No Deposit,3.0,58,Transient-Party,70.0,0,0
City Hotel,0,92,2015,October,41,7,0,4,2,0.0,0,BB,PRT,Offline TA/TO,TA/TO,0,0,0,A,B,0,No Deposit,3.0,58,Transient-Party,70.0,0,0
City Hotel,0,93,2015,October,41,7,0,4,2,0.0,0,BB,PRT,Online TA,TA/TO,0,0,0,A,A,0,No Deposit,8.0,0,Transient,89.25,0,1
City Hotel,0,92,2015,October,41,7,0,4,2,0.0,0,BB,PRT,Offline TA/TO,TA/TO,0,0,0,A,B,0,No Deposit,3.0,58,Transient-Party,70.0,0,0
City Hotel,0,93,2015,October,41,7,0,4,2,0.0,0,BB,PRT,Online TA,TA/TO,0,0,0,A,A,0,No Deposit,8.0,0,Transient,89.25,0,1
City Hotel,0,74,2015,October,41,7,0,4,2,0.0,0,BB,PRT,Online TA,TA/TO,0,0,0,A,A,0,No Deposit,8.0,0,Transient,89.25,0,0
City Hotel,0,92,2015,October,41,7,0,4,2,0.0,0,BB,PRT,Offline TA/TO,TA/TO,0,0,0,A,B,0,No Deposit,3.0,58,Transient-Party,70.0,0,0
City Hotel,1,3,2015,October,41,7,0,4,2,0.0,0,BB,PRT,Offline TA/TO,TA/TO,0,0,0,A,A,0,No Deposit,3.0,0,Transient,70.0,0,0
City Hotel,0,92,2015,October,41,7,0,4,2,0.0,0,BB,PRT,Offline TA/TO,TA/TO,0,0,0,A,A,0,No Deposit,3.0,58,Transient-Party,70.0,0,0
City Hotel,0,92,2015,October,41,7,0,4,2,0.0,0,BB,PRT,Offline TA/TO,TA/TO,0,0,0,A,B,0,No Deposit,3.0,58,Transient-Party,70.0,0,0
City Hotel,0,92,2015,October,41,7,0,4,2,0.0,0,BB,PRT,Offline TA/TO,TA/TO,0,0,0,A,A,0,No Deposit,3.0,58,Transient-Party,70.0,0,0
City Hotel,0,92,2015,October,41,7,0,4,2,0.0,0,BB,PRT,Offline TA/TO,TA/TO,0,0,0,A,A,0,No Deposit,3.0,58,Transient-Party,70.0,0,0
City Hotel,0,93,2015,October,41,7,0,4,2,0.0,0,BB,USA,Online TA,TA/TO,0,0,0,A,A,0,No Deposit,8.0,0,Transient,89.25,0,1
City Hotel,1,34,2015,October,41,7,2,4,2,0.0,0,BB,PRT,Offline TA/TO,TA/TO,0,0,0,D,D,0,No Deposit,27.0,0,Transient,70.83,0,0
City Hotel,1,30,2015,October,41,7,0,3,2,0.0,0,BB,PRT,Online TA,TA/TO,0,0,0,A,A,0,No Deposit,8.0,0,Transient,94.5,0,2
City Hotel,0,34,2015,October,41,7,0,3,2,0.0,0,BB,DEU,Online TA,TA/TO,0,0,0,A,A,0,No Deposit,7.0,0,Transient,72.76,0,1
City Hotel,0,30,2015,October,41,8,0,0,2,0.0,0,BB,PRT,Offline TA/TO,TA/TO,0,0,0,A,K,0,No Deposit,50.0,0,Transient,0.0,0,0
City Hotel,0,34,2015,October,41,8,0,1,2,0.0,0,SC,PRT,Online TA,TA/TO,0,0,0,A,K,0,No Deposit,9.0,0,Contract,86.4,0,2
City Hotel,0,65,2015,October,41,8,0,3,2,0.0,0,BB,DEU,Offline TA/TO,TA/TO,0,0,0,A,A,0,No Deposit,27.0,0,Transient,72.25,0,0
City Hotel,0,65,2015,October,41,8,0,3,2,0.0,0,BB,DEU,Offline TA/TO,TA/TO,0,0,0,A,A,0,No Deposit,27.0,0,Transient,72.25,0,0
City Hotel,0,210,2015,October,41,8,1,3,2,0.0,0,BB,PRT,Offline TA/TO,TA/TO,0,0,0,A,D,0,No Deposit,12.0,0,Transient-Party,72.75,0,0
City Hotel,1,210,2015,October,41,8,1,3,2,0.0,0,HB,PRT,Offline TA/TO,TA/TO,0,0,0,A,A,0,No Deposit,12.0,0,Transient-Party,86.0,0,0
City Hotel,1,210,2015,October,41,8,1,3,2,0.0,0,HB,PRT,Offline TA/TO,TA/TO,0,0,0,A,A,0,No Deposit,12.0,0,Transient-Party,86.0,0,0
City Hotel,0,210,2015,October,41,8,1,3,2,0.0,0,BB,FRA,Offline TA/TO,TA/TO,0,0,0,A,D,0,No Deposit,12.0,0,Transient-Party,72.75,0,0
City Hotel,0,210,2015,October,41,8,1,3,2,0.0,0,BB,FRA,Offline TA/TO,TA/TO,0,0,0,A,D,0,No Deposit,12.0,0,Transient-Party,72.75,0,0
City Hotel,0,210,2015,October,41,8,1,3,2,0.0,0,BB,PRT,Offline TA/TO,TA/TO,0,0,0,A,A,0,No Deposit,12.0,0,Transient-Party,72.75,0,0
City Hotel,0,210,2015,October,41,8,1,3,2,0.0,0,BB,PRT,Offline TA/TO,TA/TO,0,0,0,A,A,0,No Deposit,12.0,0,Transient-Party,72.75,0,0
City Hotel,1,210,2015,October,41,8,1,3,2,0.0,0,HB,PRT,Offline TA/TO,TA/TO,0,0,0,A,A,0,No Deposit,12.0,0,Transient-Party,86.0,0,0
City Hotel,0,210,2015,October,41,8,1,3,2,0.0,0,BB,FRA,Offline TA/TO,TA/TO,0,0,0,A,A,0,No Deposit,12.0,0,Transient-Party,36.38,0,0
City Hotel,0,210,2015,October,41,8,1,3,2,0.0,0,BB,PRT,Offline TA/TO,TA/TO,0,0,0,A,A,0,No Deposit,12.0,0,Transient-Party,72.75,0,0
City Hotel,1,210,2015,October,41,8,1,3,2,0.0,0,HB,PRT,Offline TA/TO,TA/TO,0,0,0,A,A,0,No Deposit,12.0,0,Transient-Party,86.0,0,0
City Hotel,0,71,2015,October,41,8,1,3,2,0.0,0,BB,PRT,Online TA,TA/TO,0,0,0,A,D,0,No Deposit,9.0,0,Contract,90.56,0,1
City Hotel,0,210,2015,October,41,8,1,3,2,0.0,0,BB,PRT,Offline TA/TO,TA/TO,0,0,0,A,A,1,No Deposit,12.0,0,Transient-Party,72.75,0,0
City Hotel,1,210,2015,October,41,8,1,3,2,0.0,0,HB,PRT,Offline TA/TO,TA/TO,0,0,0,A,A,0,No Deposit,12.0,0,Transient-Party,86.0,0,0
City Hotel,0,210,2015,October,41,8,1,3,2,0.0,0,BB,PRT,Offline TA/TO,TA/TO,0,0,0,A,A,0,No Deposit,12.0,0,Transient-Party,72.75,0,0
City Hotel,1,210,2015,October,41,8,1,3,2,0.0,0,HB,PRT,Offline TA/TO,TA/TO,0,0,0,A,A,0,No Deposit,12.0,0,Transient-Party,86.0,0,0
City Hotel,0,210,2015,October,41,8,1,3,2,0.0,0,BB,FRA,Offline TA/TO,TA/TO,0,0,0,A,A,0,No Deposit,12.0,0,Transient-Party,72.75,0,0
City Hotel,0,210,2015,October,41,8,1,3,2,0.0,0,BB,PRT,Offline TA/TO,TA/TO,0,0,0,A,D,1,No Deposit,12.0,0,Transient-Party,72.75,0,0
City Hotel,0,210,2015,October,41,8,1,3,2,0.0,0,BB,FRA,Offline TA/TO,TA/TO,0,0,0,A,A,0,No Deposit,12.0,0,Transient-Party,72.75,0,0
City Hotel,1,210,2015,October,41,8,1,3,2,0.0,0,HB,PRT,Offline TA/TO,TA/TO,0,0,0,A,A,0,No Deposit,12.0,0,Transient-Party,86.0,0,0
City Hotel,0,210,2015,October,41,8,1,3,2,0.0,0,BB,PRT,Offline TA/TO,TA/TO,0,0,0,A,D,0,No Deposit,12.0,0,Transient-Party,72.75,0,0
City Hotel,1,210,2015,October,41,8,1,3,2,0.0,0,HB,PRT,Offline TA/TO,TA/TO,0,0,0,A,A,0,No Deposit,12.0,0,Transient-Party,86.0,0,0
City Hotel,0,210,2015,October,41,8,1,3,2,0.0,0,BB,FRA,Offline TA/TO,TA/TO,0,0,0,A,D,0,No Deposit,12.0,0,Transient-Party,72.75,0,0
City Hotel,1,210,2015,October,41,8,1,3,2,0.0,0,HB,PRT,Offline TA/TO,TA/TO,0,0,0,A,A,0,No Deposit,12.0,0,Transient-Party,86.0,0,0
City Hotel,0,210,2015,October,41,8,1,3,2,0.0,0,BB,PRT,Offline TA/TO,TA/TO,0,0,0,A,D,0,No Deposit,12.0,0,Transient-Party,72.75,0,0
City Hotel,1,210,2015,October,41,8,1,3,2,0.0,0,HB,PRT,Offline TA/TO,TA/TO,0,0,0,A,A,0,No Deposit,12.0,0,Transient-Party,86.0,0,0
City Hotel,0,210,2015,October,41,8,1,3,2,0.0,0,BB,FRA,Offline TA/TO,TA/TO,0,0,0,A,A,0,No Deposit,12.0,0,Transient-Party,72.75,0,0
City Hotel,0,210,2015,October,41,8,1,3,2,0.0,0,BB,FRA,Offline TA/TO,TA/TO,0,0,0,A,D,0,No Deposit,12.0,0,Transient-Party,72.75,0,0
City Hotel,1,210,2015,October,41,8,1,3,2,0.0,0,HB,PRT,Offline TA/TO,TA/TO,0,0,0,A,A,0,No Deposit,12.0,0,Transient-Party,86.0,0,0
City Hotel,0,210,2015,October,41,8,1,3,2,0.0,0,BB,PRT,Offline TA/TO,TA/TO,0,0,0,A,D,0,No Deposit,12.0,0,Transient-Party,72.75,0,0
City Hotel,1,210,2015,October,41,8,1,3,2,0.0,0,HB,PRT,Offline TA/TO,TA/TO,0,0,0,A,A,0,No Deposit,12.0,0,Transient-Party,86.0,0,0
City Hotel,0,62,2015,October,41,8,1,3,2,0.0,0,BB,SRB,Online TA,TA/TO,0,0,0,A,A,0,No Deposit,9.0,0,Contract,89.25,0,2
City Hotel,1,210,2015,October,41,8,1,3,2,0.0,0,HB,PRT,Offline TA/TO,TA/TO,0,0,0,A,D,0,No Deposit,12.0,0,Transient-Party,72.75,0,0
City Hotel,0,210,2015,October,41,8,1,3,2,0.0,0,BB,FRA,Offline TA/TO,TA/TO,0,0,0,A,D,0,No Deposit,12.0,0,Transient-Party,72.75,0,0
City Hotel,1,210,2015,October,41,8,1,3,2,0.0,0,HB,PRT,Offline TA/TO,TA/TO,0,0,0,A,A,0,No Deposit,12.0,0,Transient-Party,86.0,0,0
City Hotel,1,210,2015,October,41,8,1,3,2,0.0,0,HB,PRT,Offline TA/TO,TA/TO,0,0,0,A,A,0,No Deposit,12.0,0,Transient-Party,86.0,0,0
City Hotel,1,210,2015,October,41,8,1,3,2,0.0,0,HB,PRT,Offline TA/TO,TA/TO,0,0,0,A,A,0,No Deposit,12.0,0,Transient-Party,86.0,0,0
City Hotel,1,59,2015,October,41,8,2,3,2,0.0,0,BB,PRT,Online TA,TA/TO,0,0,0,A,A,0,No Deposit,9.0,0,Contract,89.25,0,2
City Hotel,0,35,2015,October,41,8,0,2,2,0.0,0,BB,TUR,Online TA,TA/TO,0,0,0,A,A,0,No Deposit,9.0,0,Contract,103.05,0,3
City Hotel,0,35,2015,October,41,8,0,2,2,0.0,0,BB,IRN,Online TA,TA/TO,0,0,0,A,A,0,No Deposit,9.0,0,Contract,103.05,0,3
City Hotel,0,65,2015,October,41,8,0,3,2,0.0,0,BB,DEU,Offline TA/TO,TA/TO,0,0,0,A,A,0,No Deposit,27.0,0,Transient,72.25,0,0
City Hotel,0,65,2015,October,41,8,0,3,2,0.0,0,BB,DEU,Offline TA/TO,TA/TO,0,0,0,A,A,0,No Deposit,27.0,0,Transient,72.25,0,0
City Hotel,0,62,2015,October,41,8,0,3,2,0.0,0,BB,AUT,Groups,TA/TO,0,0,0,A,D,1,Refundable,30.0,53,Transient-Party,72.25,0,0
City Hotel,0,80,2015,October,41,9,0,2,2,0.0,0,HB,PRT,Offline TA/TO,TA/TO,0,0,0,D,D,0,No Deposit,12.0,50,Transient-Party,136.0,0,0
City Hotel,0,80,2015,October,41,9,0,2,2,0.0,0,HB,PRT,Offline TA/TO,TA/TO,0,0,0,D,D,0,No Deposit,12.0,50,Transient-Party,136.0,0,0
City Hotel,0,80,2015,October,41,9,0,2,2,0.0,0,HB,PRT,Offline TA/TO,TA/TO,0,0,0,D,A,0,No Deposit,12.0,50,Transient-Party,136.0,0,0
City Hotel,0,50,2015,October,41,9,0,2,2,0.0,0,BB,PRT,Groups,TA/TO,0,0,0,A,A,0,No Deposit,32.0,49,Transient-Party,85.0,0,0
City Hotel,0,50,2015,October,41,9,0,2,2,0.0,0,BB,PRT,Groups,TA/TO,0,0,0,A,A,0,No Deposit,32.0,49,Transient-Party,85.0,0,0
City Hotel,0,80,2015,October,41,9,0,2,2,0.0,0,HB,PRT,Offline TA/TO,TA/TO,0,0,0,D,A,0,No Deposit,12.0,50,Transient-Party,136.0,0,0
City Hotel,0,80,2015,October,41,9,0,2,2,0.0,0,HB,PRT,Offline TA/TO,TA/TO,0,0,0,D,E,0,No Deposit,12.0,50,Transient-Party,136.0,0,0
City Hotel,0,50,2015,October,41,9,0,2,2,0.0,0,BB,PRT,Groups,TA/TO,0,0,0,A,A,0,No Deposit,32.0,49,Transient-Party,85.0,0,0
City Hotel,0,50,2015,October,41,9,0,2,2,0.0,0,BB,PRT,Groups,TA/TO,0,0,0,A,A,0,No Deposit,32.0,49,Transient-Party,85.0,0,0
City Hotel,0,80,2015,October,41,9,0,2,2,0.0,0,HB,PRT,Offline TA/TO,TA/TO,0,0,0,D,D,0,No Deposit,12.0,50,Transient-Party,136.0,0,0
City Hotel,0,80,2015,October,41,9,0,2,2,0.0,0,HB,PRT,Offline TA/TO,TA/TO,0,0,0,D,E,0,No Deposit,12.0,50,Transient-Party,136.0,0,0
City Hotel,0,50,2015,October,41,9,0,2,2,0.0,0,BB,PRT,Groups,TA/TO,0,0,0,A,A,0,No Deposit,32.0,49,Transient-Party,85.0,0,0
City Hotel,0,50,2015,October,41,9,0,2,2,0.0,0,BB,PRT,Groups,TA/TO,0,0,0,A,A,0,No Deposit,32.0,49,Transient-Party,85.0,0,0
City Hotel,0,80,2015,October,41,9,0,2,2,0.0,0,HB,PRT,Offline TA/TO,TA/TO,0,0,0,D,A,0,No Deposit,12.0,50,Transient-Party,136.0,0,0
City Hotel,0,50,2015,October,41,9,0,2,2,0.0,0,BB,PRT,Groups,TA/TO,0,0,0,A,A,0,No Deposit,32.0,49,Transient-Party,85.0,0,0
City Hotel,0,50,2015,October,41,9,0,2,2,0.0,0,BB,PRT,Groups,TA/TO,0,0,0,A,A,0,No Deposit,32.0,49,Transient-Party,85.0,0,0
City Hotel,1,48,2015,October,41,9,0,2,2,0.0,0,BB,PRT,Offline TA/TO,TA/TO,0,0,0,D,D,0,No Deposit,22.0,0,Transient,87.3,0,0
City Hotel,0,80,2015,October,41,9,0,2,2,0.0,0,HB,PRT,Offline TA/TO,TA/TO,0,0,0,D,A,0,No Deposit,12.0,50,Transient-Party,136.0,0,0
City Hotel,0,58,2015,October,41,9,0,2,2,0.0,0,BB,FRA,Online TA,TA/TO,0,0,0,A,A,0,No Deposit,9.0,0,Contract,94.5,0,1
City Hotel,0,80,2015,October,41,9,0,2,2,0.0,0,HB,PRT,Offline TA/TO,TA/TO,0,0,0,D,A,0,No Deposit,12.0,50,Transient-Party,136.0,0,0
City Hotel,0,80,2015,October,41,9,0,2,2,0.0,0,HB,PRT,Offline TA/TO,TA/TO,0,0,0,D,A,0,No Deposit,12.0,50,Transient-Party,136.0,0,0
City Hotel,0,80,2015,October,41,9,0,2,2,0.0,0,HB,PRT,Offline TA/TO,TA/TO,0,0,0,D,D,0,No Deposit,12.0,50,Transient-Party,136.0,0,0
City Hotel,0,80,2015,October,41,9,0,2,2,0.0,0,HB,PRT,Offline TA/TO,TA/TO,0,0,0,D,A,0,No Deposit,12.0,50,Transient-Party,136.0,0,0
City Hotel,0,80,2015,October,41,9,0,2,2,0.0,0,HB,PRT,Offline TA/TO,TA/TO,0,0,0,D,D,0,No Deposit,12.0,50,Transient-Party,136.0,0,0
City Hotel,0,50,2015,October,41,9,0,2,2,0.0,0,BB,PRT,Groups,TA/TO,0,0,0,A,A,0,No Deposit,32.0,49,Transient-Party,85.0,0,0
City Hotel,0,50,2015,October,41,9,0,2,2,0.0,0,BB,PRT,Groups,TA/TO,0,0,0,A,A,2,No Deposit,32.0,49,Transient-Party,85.0,0,0
City Hotel,0,50,2015,October,41,9,0,2,2,0.0,0,BB,PRT,Groups,TA/TO,0,0,0,A,A,0,No Deposit,32.0,49,Transient-Party,85.0,0,0
City Hotel,0,80,2015,October,41,9,0,2,2,0.0,0,HB,PRT,Offline TA/TO,TA/TO,0,0,0,D,D,0,No Deposit,12.0,50,Transient-Party,136.0,0,0
City Hotel,0,80,2015,October,41,9,0,2,2,0.0,0,HB,PRT,Offline TA/TO,TA/TO,0,0,0,D,D,0,No Deposit,12.0,50,Transient-Party,136.0,0,0
City Hotel,0,55,2015,October,41,9,0,2,2,0.0,0,BB,PRT,Online TA,TA/TO,0,0,0,A,A,0,No Deposit,9.0,0,Transient,94.5,0,1
City Hotel,0,50,2015,October,41,9,0,2,2,0.0,0,BB,PRT,Groups,TA/TO,0,0,0,A,A,0,No Deposit,32.0,49,Transient-Party,85.0,0,0
City Hotel,1,66,2015,October,41,9,1,2,2,0.0,0,BB,PRT,Offline TA/TO,TA/TO,0,0,0,A,A,0,No Deposit,21.0,0,Transient-Party,75.0,0,0
City Hotel,0,66,2015,October,41,9,1,2,2,0.0,0,BB,PRT,Offline TA/TO,TA/TO,0,0,0,A,A,0,No Deposit,21.0,0,Transient-Party,75.0,0,0
City Hotel,1,66,2015,October,41,9,1,2,2,0.0,0,BB,PRT,Offline TA/TO,TA/TO,0,0,0,A,A,0,No Deposit,21.0,0,Transient-Party,75.0,0,0
City Hotel,0,66,2015,October,41,9,1,2,2,0.0,0,BB,PRT,Offline TA/TO,TA/TO,0,0,0,A,A,0,No Deposit,21.0,0,Transient-Party,75.0,0,0
City Hotel,0,66,2015,October,41,9,1,2,2,0.0,0,BB,PRT,Offline TA/TO,TA/TO,0,0,0,A,A,0,No Deposit,21.0,0,Transient-Party,75.0,0,0
City Hotel,1,66,2015,October,41,9,1,2,2,0.0,0,BB,PRT,Offline TA/TO,TA/TO,0,0,0,A,A,0,No Deposit,21.0,0,Transient-Party,75.0,0,0
City Hotel,1,66,2015,October,41,9,1,2,2,0.0,0,BB,PRT,Offline TA/TO,TA/TO,0,0,0,A,A,0,No Deposit,21.0,0,Transient-Party,75.0,0,0
City Hotel,1,76,2015,October,41,9,1,2,2,0.0,0,BB,PRT,Online TA,TA/TO,0,0,0,A,A,0,No Deposit,9.0,0,Contract,98.25,0,2
City Hotel,1,66,2015,October,41,9,1,2,2,0.0,0,BB,PRT,Offline TA/TO,TA/TO,0,0,0,A,A,0,No Deposit,21.0,0,Transient-Party,75.0,0,0
City Hotel,1,66,2015,October,41,9,1,2,2,0.0,0,BB,PRT,Offline TA/TO,TA/TO,0,0,0,A,A,0,No Deposit,21.0,0,Transient-Party,75.0,0,0
City Hotel,0,53,2015,October,41,9,1,2,2,0.0,0,BB,GBR,Online TA,TA/TO,0,0,0,A,A,0,No Deposit,9.0,0,Contract,94.5,0,0
City Hotel,0,156,2015,October,41,9,1,2,2,0.0,0,BB,PRT,Online TA,TA/TO,0,0,0,A,A,0,No Deposit,9.0,0,Transient,89.25,0,1
City Hotel,0,66,2015,October,41,9,1,2,2,0.0,0,BB,PRT,Offline TA/TO,TA/TO,0,0,0,A,A,0,No Deposit,21.0,0,Transient,75.0,0,0
City Hotel,1,66,2015,October,41,9,1,2,2,0.0,0,BB,PRT,Offline TA/TO,TA/TO,0,0,0,A,A,0,No Deposit,21.0,0,Transient-Party,75.0,0,0
City Hotel,1,66,2015,October,41,9,1,2,2,0.0,0,BB,PRT,Offline TA/TO,TA/TO,0,0,0,A,A,0,No Deposit,21.0,0,Transient-Party,75.0,0,0
City Hotel,0,66,2015,October,41,9,1,2,2,0.0,0,BB,PRT,Offline TA/TO,TA/TO,0,0,0,A,A,0,No Deposit,21.0,0,Transient-Party,75.0,0,0
City Hotel,1,66,2015,October,41,9,1,2,2,0.0,0,BB,PRT,Offline TA/TO,TA/TO,0,0,0,A,A,0,No Deposit,21.0,0,Transient-Party,75.0,0,0
City Hotel,1,66,2015,October,41,9,1,2,2,0.0,0,BB,PRT,Offline TA/TO,TA/TO,0,0,0,A,A,0,No Deposit,21.0,0,Transient-Party,75.0,0,0
City Hotel,0,66,2015,October,41,9,1,2,2,0.0,0,BB,PRT,Offline TA/TO,TA/TO,0,0,0,A,A,0,No Deposit,21.0,0,Transient,75.0,0,0
City Hotel,0,66,2015,October,41,9,1,2,2,0.0,0,BB,PRT,Offline TA/TO,TA/TO,0,0,0,A,A,0,No Deposit,21.0,0,Transient-Party,75.0,0,0
City Hotel,0,204,2015,October,41,9,2,2,2,0.0,0,BB,PRT,Offline TA/TO,TA/TO,0,0,0,A,A,0,No Deposit,12.0,0,Transient-Party,72.75,0,0
City Hotel,0,170,2015,October,41,9,2,2,2,0.0,0,BB,DEU,Online TA,TA/TO,0,0,0,A,A,0,No Deposit,10.0,0,Transient,119.0,0,0
City Hotel,0,204,2015,October,41,9,2,2,2,0.0,0,BB,PRT,Offline TA/TO,TA/TO,0,0,0,A,A,0,No Deposit,12.0,0,Transient-Party,72.75,0,0
City Hotel,0,204,2015,October,41,9,2,2,2,0.0,0,BB,PRT,Offline TA/TO,TA/TO,0,0,0,A,A,0,No Deposit,12.0,0,Transient-Party,72.75,0,0
City Hotel,0,204,2015,October,41,9,2,2,2,0.0,0,BB,PRT,Offline TA/TO,TA/TO,0,0,0,A,A,0,No Deposit,12.0,0,Transient-Party,72.75,0,0
City Hotel,0,204,2015,October,41,9,2,2,2,0.0,0,BB,PRT,Offline TA/TO,TA/TO,0,0,0,A,A,0,No Deposit,12.0,0,Transient-Party,72.75,0,0
City Hotel,1,66,2015,October,41,9,1,2,2,0.0,0,BB,PRT,Offline TA/TO,TA/TO,0,0,0,A,A,0,No Deposit,21.0,0,Transient-Party,75.0,0,0
City Hotel,1,66,2015,October,41,9,1,2,2,0.0,0,BB,PRT,Offline TA/TO,TA/TO,0,0,0,A,A,0,No Deposit,21.0,0,Transient-Party,75.0,0,0
City Hotel,1,98,2015,October,41,9,1,2,2,0.0,0,BB,PRT,Groups,TA/TO,0,0,0,A,A,0,No Deposit,32.0,0,Contract,85.0,0,0
City Hotel,1,66,2015,October,41,9,1,2,2,0.0,0,BB,PRT,Offline TA/TO,TA/TO,0,0,0,A,A,0,No Deposit,21.0,0,Transient-Party,75.0,0,0
City Hotel,1,66,2015,October,41,9,1,2,2,0.0,0,BB,PRT,Offline TA/TO,TA/TO,0,0,0,A,A,0,No Deposit,21.0,0,Transient-Party,75.0,0,0
City Hotel,0,66,2015,October,41,9,1,2,2,0.0,0,BB,PRT,Offline TA/TO,TA/TO,0,0,0,A,A,0,No Deposit,21.0,0,Transient-Party,75.0,0,0
City Hotel,0,66,2015,October,41,9,1,2,2,0.0,0,BB,PRT,Offline TA/TO,TA/TO,0,0,0,A,A,0,No Deposit,21.0,0,Transient-Party,75.0,0,0
City Hotel,1,66,2015,October,41,9,1,2,2,0.0,0,BB,PRT,Offline TA/TO,TA/TO,0,0,0,A,A,0,No Deposit,21.0,0,Transient-Party,75.0,0,0
City Hotel,0,204,2015,October,41,9,2,2,2,0.0,0,BB,PRT,Offline TA/TO,TA/TO,0,0,0,A,A,0,No Deposit,12.0,0,Transient-Party,72.75,0,0
City Hotel,0,204,2015,October,41,9,2,2,2,0.0,0,BB,FRA,Offline TA/TO,TA/TO,0,0,0,A,A,0,No Deposit,12.0,0,Transient-Party,72.75,0,0
City Hotel,0,204,2015,October,41,9,2,2,2,0.0,0,BB,PRT,Offline TA/TO,TA/TO,0,0,0,A,A,0,No Deposit,12.0,0,Transient-Party,72.75,0,0
City Hotel,0,204,2015,October,41,9,2,2,2,0.0,0,BB,PRT,Offline TA/TO,TA/TO,0,0,0,A,A,0,No Deposit,12.0,0,Transient-Party,72.75,0,0
City Hotel,0,204,2015,October,41,9,2,2,2,0.0,0,BB,PRT,Offline TA/TO,TA/TO,0,0,0,A,A,0,No Deposit,12.0,0,Transient-Party,72.75,0,0
City Hotel,0,204,2015,October,41,9,2,2,2,0.0,0,BB,PRT,Offline TA/TO,TA/TO,0,0,0,A,A,0,No Deposit,12.0,0,Transient-Party,72.75,0,0
City Hotel,0,204,2015,October,41,9,2,2,2,0.0,0,BB,PRT,Offline TA/TO,TA/TO,0,0,0,A,A,0,No Deposit,12.0,0,Transient-Party,72.75,0,0
City Hotel,0,204,2015,October,41,9,2,2,2,0.0,0,BB,FRA,Offline TA/TO,TA/TO,0,0,0,A,A,0,No Deposit,12.0,0,Transient-Party,72.75,0,0
City Hotel,0,204,2015,October,41,9,2,2,2,0.0,0,BB,FRA,Offline TA/TO,TA/TO,0,0,0,A,B,0,No Deposit,12.0,0,Transient-Party,72.75,0,0
City Hotel,1,56,2015,October,41,9,2,4,2,0.0,0,BB,PRT,Online TA,TA/TO,0,0,0,B,B,1,No Deposit,7.0,0,Transient-Party,68.72,0,0
City Hotel,1,46,2015,October,41,10,0,1,2,0.0,0,HB,PRT,Offline TA/TO,TA/TO,0,0,0,D,D,0,No Deposit,28.0,0,Transient,118.8,0,0
City Hotel,0,79,2015,October,41,10,1,1,2,0.0,0,BB,ESP,Groups,TA/TO,0,0,0,A,D,0,No Deposit,1.0,0,Transient-Party,62.0,0,0
City Hotel,0,79,2015,October,41,10,1,1,2,0.0,0,BB,ESP,Groups,TA/TO,0,0,0,A,D,0,No Deposit,1.0,0,Transient-Party,62.0,0,0
City Hotel,0,79,2015,October,41,10,1,1,2,0.0,0,BB,ESP,Groups,TA/TO,0,0,0,A,D,0,No Deposit,1.0,0,Transient-Party,62.0,0,0
City Hotel,0,79,2015,October,41,10,1,1,2,0.0,0,BB,ESP,Groups,TA/TO,0,0,0,A,D,0,No Deposit,1.0,0,Transient-Party,62.0,0,0
City Hotel,1,174,2015,October,41,10,1,1,2,0.0,0,BB,PRT,Offline TA/TO,TA/TO,0,0,0,A,A,0,Non Refund,3.0,0,Transient,70.0,0,0
City Hotel,1,174,2015,October,41,10,1,1,2,0.0,0,BB,PRT,Offline TA/TO,TA/TO,0,0,0,A,A,0,Non Refund,3.0,0,Transient,70.0,0,0
City Hotel,0,79,2015,October,41,10,1,1,2,0.0,0,BB,PRT,Groups,TA/TO,0,0,0,A,B,0,No Deposit,1.0,0,Transient-Party,62.0,0,1
City Hotel,0,79,2015,October,41,10,1,1,2,0.0,0,BB,ESP,Groups,TA/TO,0,0,0,A,A,0,No Deposit,1.0,0,Transient-Party,62.0,0,0
City Hotel,1,79,2015,October,41,10,1,1,2,0.0,0,BB,PRT,Groups,TA/TO,0,0,0,A,A,0,No Deposit,1.0,0,Transient-Party,62.0,0,0
City Hotel,1,174,2015,October,41,10,1,1,2,0.0,0,BB,PRT,Offline TA/TO,TA/TO,0,0,0,A,A,0,Non Refund,3.0,0,Transient,70.0,0,0
City Hotel,1,174,2015,October,41,10,1,1,2,0.0,0,BB,PRT,Offline TA/TO,TA/TO,0,0,0,A,A,0,Non Refund,3.0,0,Transient,70.0,0,0
City Hotel,1,174,2015,October,41,10,1,1,2,0.0,0,BB,PRT,Offline TA/TO,TA/TO,0,0,0,A,A,0,Non Refund,3.0,0,Transient,70.0,0,0
City Hotel,0,79,2015,October,41,10,1,1,2,0.0,0,BB,ESP,Groups,TA/TO,0,0,0,A,A,0,No Deposit,1.0,0,Transient-Party,62.0,0,0
City Hotel,0,79,2015,October,41,10,1,1,2,0.0,0,BB,CHL,Groups,TA/TO,0,0,0,A,D,0,No Deposit,1.0,0,Transient-Party,62.0,0,0
City Hotel,1,174,2015,October,41,10,1,1,2,0.0,0,BB,PRT,Offline TA/TO,TA/TO,0,0,0,A,A,0,Non Refund,3.0,0,Transient,70.0,0,0
City Hotel,1,174,2015,October,41,10,1,1,2,0.0,0,BB,PRT,Offline TA/TO,TA/TO,0,0,0,A,A,0,Non Refund,3.0,0,Transient,70.0,0,0
City Hotel,1,174,2015,October,41,10,1,1,2,0.0,0,BB,PRT,Offline TA/TO,TA/TO,0,0,0,A,A,0,Non Refund,3.0,0,Transient,70.0,0,0
City Hotel,1,174,2015,October,41,10,1,1,2,0.0,0,BB,PRT,Offline TA/TO,TA/TO,0,0,0,A,A,0,Non Refund,3.0,0,Transient,70.0,0,0
City Hotel,1,174,2015,October,41,10,1,1,2,0.0,0,BB,PRT,Offline TA/TO,TA/TO,0,0,0,A,A,0,Non Refund,3.0,0,Transient,70.0,0,0
City Hotel,1,174,2015,October,41,10,1,1,2,0.0,0,BB,PRT,Offline TA/TO,TA/TO,0,0,0,A,A,0,Non Refund,3.0,0,Transient,70.0,0,0
City Hotel,0,79,2015,October,41,10,1,1,2,0.0,0,BB,PRT,Groups,TA/TO,0,0,0,A,A,0,No Deposit,1.0,0,Transient-Party,62.0,0,0
City Hotel,0,79,2015,October,41,10,1,1,2,0.0,0,BB,ESP,Groups,TA/TO,0,0,0,A,A,0,No Deposit,1.0,0,Transient-Party,62.0,0,0
City Hotel,0,79,2015,October,41,10,1,1,2,0.0,0,BB,ESP,Groups,TA/TO,0,0,0,A,A,0,No Deposit,1.0,0,Transient-Party,62.0,0,0
City Hotel,0,79,2015,October,41,10,1,1,2,0.0,0,BB,ESP,Groups,TA/TO,0,0,0,A,A,0,No Deposit,1.0,0,Transient-Party,62.0,0,0
City Hotel,0,79,2015,October,41,10,1,1,2,0.0,0,BB,ESP,Groups,TA/TO,0,0,0,A,A,0,No Deposit,1.0,0,Transient-Party,62.0,0,0
City Hotel,1,174,2015,October,41,10,1,1,2,0.0,0,BB,PRT,Offline TA/TO,TA/TO,0,0,0,A,A,0,Non Refund,3.0,0,Transient,70.0,0,0
City Hotel,1,174,2015,October,41,10,1,1,2,0.0,0,BB,PRT,Offline TA/TO,TA/TO,0,0,0,A,A,0,Non Refund,3.0,0,Transient,70.0,0,0
City Hotel,1,174,2015,October,41,10,1,1,2,0.0,0,BB,PRT,Offline TA/TO,TA/TO,0,0,0,A,A,0,Non Refund,3.0,0,Transient,70.0,0,0
City Hotel,0,79,2015,October,41,10,1,1,2,0.0,0,BB,PRT,Groups,TA/TO,0,0,0,A,D,0,No Deposit,1.0,0,Transient-Party,62.0,0,0
City Hotel,0,79,2015,October,41,10,1,1,2,0.0,0,BB,ESP,Groups,TA/TO,0,0,0,A,E,0,No Deposit,1.0,0,Transient-Party,62.0,0,0
City Hotel,0,79,2015,October,41,10,1,1,2,0.0,0,BB,ESP,Groups,TA/TO,0,0,0,A,D,0,No Deposit,1.0,0,Transient-Party,62.0,0,0
City Hotel,0,79,2015,October,41,10,1,1,2,0.0,0,BB,ARG,Groups,TA/TO,0,0,0,A,A,0,No Deposit,1.0,0,Transient-Party,62.0,0,0
City Hotel,0,79,2015,October,41,10,1,1,2,0.0,0,BB,ITA,Groups,TA/TO,0,0,0,A,D,0,No Deposit,1.0,0,Transient-Party,62.0,0,0
City Hotel,1,174,2015,October,41,10,1,1,2,0.0,0,BB,PRT,Offline TA/TO,TA/TO,0,0,0,A,A,0,Non Refund,3.0,0,Transient,70.0,0,0
City Hotel,0,63,2015,October,41,10,1,1,2,0.0,0,BB,ESP,Online TA,TA/TO,0,0,0,A,A,1,No Deposit,9.0,0,Transient,89.25,0,1
City Hotel,0,79,2015,October,41,10,1,1,2,0.0,0,BB,ESP,Groups,TA/TO,0,0,0,A,B,0,No Deposit,1.0,0,Transient-Party,62.0,0,0
City Hotel,0,79,2015,October,41,10,1,1,2,0.0,0,BB,ESP,Groups,TA/TO,0,0,0,A,A,0,No Deposit,1.0,0,Transient-Party,62.0,0,0
City Hotel,1,174,2015,October,41,10,1,1,2,0.0,0,BB,PRT,Offline TA/TO,TA/TO,0,0,0,A,A,0,Non Refund,3.0,0,Transient,70.0,0,0
City Hotel,1,174,2015,October,41,10,1,1,2,0.0,0,BB,PRT,Offline TA/TO,TA/TO,0,0,0,A,A,0,Non Refund,3.0,0,Transient,70.0,0,0
City Hotel,1,174,2015,October,41,10,1,1,2,0.0,0,BB,PRT,Offline TA/TO,TA/TO,0,0,0,A,A,0,Non Refund,3.0,0,Transient,70.0,0,0
City Hotel,0,79,2015,October,41,10,1,1,2,0.0,0,BB,PRT,Groups,TA/TO,0,0,0,A,D,0,No Deposit,1.0,0,Transient-Party,62.0,0,0
City Hotel,0,79,2015,October,41,10,1,1,2,0.0,0,BB,ESP,Groups,TA/TO,0,0,0,A,D,0,No Deposit,1.0,0,Transient-Party,62.0,0,0
City Hotel,0,79,2015,October,41,10,1,1,2,0.0,0,BB,ESP,Groups,TA/TO,0,0,0,A,A,0,No Deposit,1.0,0,Transient-Party,62.0,0,0
City Hotel,1,174,2015,October,41,10,1,1,2,0.0,0,BB,PRT,Offline TA/TO,TA/TO,0,0,0,A,A,0,Non Refund,3.0,0,Transient,70.0,0,0
City Hotel,1,174,2015,October,41,10,1,1,2,0.0,0,BB,PRT,Offline TA/TO,TA/TO,0,0,0,A,A,0,Non Refund,3.0,0,Transient,70.0,0,0
City Hotel,1,174,2015,October,41,10,1,1,2,0.0,0,BB,PRT,Offline TA/TO,TA/TO,0,0,0,A,A,0,Non Refund,3.0,0,Transient,70.0,0,0
City Hotel,0,79,2015,October,41,10,1,1,2,0.0,0,BB,ESP,Groups,TA/TO,0,0,0,A,A,0,No Deposit,1.0,0,Transient-Party,62.0,0,0
City Hotel,0,79,2015,October,41,10,1,1,2,0.0,0,BB,ESP,Groups,TA/TO,0,0,0,A,D,0,No Deposit,1.0,0,Transient-Party,62.0,0,1
City Hotel,1,174,2015,October,41,10,1,1,2,0.0,0,BB,PRT,Offline TA/TO,TA/TO,0,0,0,A,A,0,Non Refund,3.0,0,Transient,70.0,0,0
City Hotel,1,174,2015,October,41,10,1,1,2,0.0,0,BB,PRT,Offline TA/TO,TA/TO,0,0,0,A,A,0,Non Refund,3.0,0,Transient,70.0,0,0
City Hotel,0,99,2015,October,41,10,2,1,2,0.0,0,BB,FRA,Online TA,TA/TO,0,0,0,A,A,0,No Deposit,8.0,0,Transient,89.25,0,3
City Hotel,0,57,2015,October,41,10,2,1,2,0.0,0,SC,CHE,Online TA,TA/TO,0,0,0,A,E,1,No Deposit,11.0,0,Transient,84.69,0,1
City Hotel,0,99,2015,October,41,10,2,1,2,0.0,0,BB,PRT,Online TA,TA/TO,0,0,0,A,A,0,No Deposit,8.0,0,Transient,89.25,0,3
City Hotel,0,57,2015,October,41,10,2,1,2,0.0,0,SC,CHE,Online TA,TA/TO,0,0,0,A,E,1,No Deposit,11.0,0,Transient,78.69,0,1
City Hotel,0,99,2015,October,41,10,2,1,2,0.0,0,BB,FRA,Online TA,TA/TO,0,0,0,A,A,0,No Deposit,8.0,0,Transient,89.25,0,3
City Hotel,0,63,2015,October,41,10,2,3,2,0.0,0,BB,CN,Online TA,TA/TO,0,0,0,A,E,0,No Deposit,8.0,0,Transient,89.25,0,0
City Hotel,0,51,2015,October,42,11,1,0,2,0.0,0,BB,GBR,Online TA,TA/TO,0,0,0,A,A,0,No Deposit,8.0,0,Transient,94.5,0,1
City Hotel,0,34,2015,October,42,11,2,0,2,0.0,0,BB,ESP,Online TA,TA/TO,0,0,0,A,D,1,No Deposit,9.0,0,Contract,103.05,0,2
City Hotel,0,0,2015,October,42,11,2,0,2,0.0,0,BB,PRT,Direct,TA/TO,0,0,0,F,F,3,No Deposit,,0,Transient,167.0,0,1
City Hotel,0,34,2015,October,42,11,2,0,2,0.0,0,BB,ESP,Online TA,TA/TO,0,0,0,A,A,1,No Deposit,9.0,0,Contract,103.05,0,2
City Hotel,1,68,2015,October,42,11,2,2,2,0.0,0,BB,PRT,Online TA,TA/TO,0,0,0,A,B,0,No Deposit,8.0,0,Transient-Party,89.25,0,1
City Hotel,1,68,2015,October,42,11,2,2,2,0.0,0,BB,PRT,Online TA,TA/TO,0,0,0,A,B,0,No Deposit,8.0,0,Transient-Party,89.25,0,1
City Hotel,1,73,2015,October,42,11,2,5,2,0.0,0,BB,PRT,Online TA,TA/TO,0,0,0,A,A,0,No Deposit,9.0,0,Contract,89.25,0,3
City Hotel,1,73,2015,October,42,11,2,5,2,0.0,0,BB,PRT,Online TA,TA/TO,0,0,0,A,A,0,No Deposit,9.0,0,Contract,89.25,0,3
City Hotel,0,34,2015,October,42,11,3,5,2,0.0,0,BB,DEU,Online TA,TA/TO,0,0,0,D,D,0,No Deposit,7.0,0,Transient,82.94,0,0
City Hotel,0,34,2015,October,42,12,1,1,2,0.0,0,BB,FRA,Online TA,TA/TO,0,0,0,A,A,0,No Deposit,9.0,0,Contract,103.5,0,2
City Hotel,0,60,2015,October,42,12,1,1,2,0.0,0,BB,PRT,Offline TA/TO,TA/TO,0,0,0,A,A,1,No Deposit,3.0,0,Transient-Party,65.0,0,1
City Hotel,0,60,2015,October,42,12,1,1,2,0.0,0,BB,PRT,Offline TA/TO,TA/TO,0,0,0,A,A,1,No Deposit,3.0,0,Transient-Party,65.0,0,1
City Hotel,0,60,2015,October,42,12,1,1,2,0.0,0,BB,PRT,Offline TA/TO,TA/TO,0,0,0,A,A,1,No Deposit,3.0,0,Transient-Party,65.0,0,1
City Hotel,0,60,2015,October,42,12,1,1,2,0.0,0,BB,PRT,Offline TA/TO,TA/TO,0,0,0,A,D,1,No Deposit,3.0,0,Transient-Party,65.0,0,1
City Hotel,0,60,2015,October,42,12,1,1,2,0.0,0,BB,PRT,Offline TA/TO,TA/TO,0,0,0,A,A,2,No Deposit,3.0,0,Transient-Party,65.0,0,1
City Hotel,1,105,2015,October,42,12,1,2,2,0.0,0,HB,PRT,Offline TA/TO,TA/TO,0,0,0,A,A,0,Non Refund,21.0,0,Transient,110.0,0,0
City Hotel,1,105,2015,October,42,12,1,2,2,0.0,0,HB,PRT,Offline TA/TO,TA/TO,0,0,0,A,A,0,Non Refund,21.0,0,Transient,110.0,0,0
City Hotel,0,34,2015,October,42,12,1,2,2,0.0,0,BB,FRA,Online TA,TA/TO,0,0,0,A,A,0,No Deposit,9.0,0,Contract,103.5,0,1
City Hotel,0,44,2015,October,42,12,1,2,2,0.0,0,BB,AUS,Online TA,TA/TO,0,0,0,A,A,0,No Deposit,9.0,0,Transient,94.5,0,0
City Hotel,1,105,2015,October,42,12,1,2,2,0.0,0,HB,PRT,Offline TA/TO,TA/TO,0,0,0,A,A,0,Non Refund,21.0,0,Transient,110.0,0,0
City Hotel,1,105,2015,October,42,12,1,2,2,0.0,0,HB,PRT,Offline TA/TO,TA/TO,0,0,0,A,A,0,Non Refund,21.0,0,Transient,110.0,0,0
City Hotel,1,105,2015,October,42,12,1,2,2,0.0,0,HB,PRT,Offline TA/TO,TA/TO,0,0,0,A,A,0,Non Refund,21.0,0,Transient,110.0,0,0
City Hotel,1,105,2015,October,42,12,1,2,2,0.0,0,HB,PRT,Offline TA/TO,TA/TO,0,0,0,A,A,0,Non Refund,21.0,0,Transient,110.0,0,0
City Hotel,1,105,2015,October,42,12,1,2,2,0.0,0,HB,PRT,Offline TA/TO,TA/TO,0,0,0,A,A,0,Non Refund,21.0,0,Transient,110.0,0,0
City Hotel,0,39,2015,October,42,12,1,2,2,0.0,0,BB,GBR,Online TA,TA/TO,0,0,0,D,D,0,No Deposit,7.0,0,Transient,83.16,0,2
City Hotel,1,105,2015,October,42,12,1,2,2,0.0,0,HB,PRT,Offline TA/TO,TA/TO,0,0,0,A,A,0,Non Refund,21.0,0,Transient,110.0,0,0
City Hotel,1,105,2015,October,42,12,1,2,2,0.0,0,HB,PRT,Offline TA/TO,TA/TO,0,0,0,A,A,0,Non Refund,21.0,0,Transient,110.0,0,0
City Hotel,0,2,2015,October,42,12,1,2,2,0.0,0,BB,PRT,Direct,TA/TO,0,0,0,A,A,0,No Deposit,,0,Transient,109.0,0,0
City Hotel,0,34,2015,October,42,12,1,2,2,0.0,0,BB,FRA,Online TA,TA/TO,0,0,0,A,A,0,No Deposit,9.0,0,Contract,103.5,0,1
City Hotel,1,105,2015,October,42,12,1,2,2,0.0,0,HB,PRT,Offline TA/TO,TA/TO,0,0,0,A,A,0,Non Refund,21.0,0,Transient,110.0,0,0
City Hotel,1,105,2015,October,42,12,1,2,2,0.0,0,HB,PRT,Offline TA/TO,TA/TO,0,0,0,A,A,0,Non Refund,21.0,0,Transient,110.0,0,0
City Hotel,1,105,2015,October,42,12,1,2,2,0.0,0,HB,PRT,Offline TA/TO,TA/TO,0,0,0,A,A,0,Non Refund,21.0,0,Transient,110.0,0,0
City Hotel,0,34,2015,October,42,12,1,2,2,0.0,0,BB,PRT,Online TA,TA/TO,0,0,0,A,D,0,No Deposit,9.0,0,Contract,103.5,0,1
City Hotel,1,105,2015,October,42,12,1,2,2,0.0,0,HB,PRT,Offline TA/TO,TA/TO,0,0,0,A,A,0,Non Refund,21.0,0,Transient,110.0,0,0
City Hotel,1,105,2015,October,42,12,1,2,2,0.0,0,HB,PRT,Offline TA/TO,TA/TO,0,0,0,A,A,0,Non Refund,21.0,0,Transient,110.0,0,0
City Hotel,1,105,2015,October,42,12,1,2,2,0.0,0,HB,PRT,Offline TA/TO,TA/TO,0,0,0,A,A,0,Non Refund,21.0,0,Transient,110.0,0,0
City Hotel,1,105,2015,October,42,12,1,2,2,0.0,0,HB,PRT,Offline TA/TO,TA/TO,0,0,0,A,A,0,Non Refund,21.0,0,Transient,110.0,0,0
City Hotel,1,105,2015,October,42,12,1,2,2,0.0,0,HB,PRT,Offline TA/TO,TA/TO,0,0,0,A,A,0,Non Refund,21.0,0,Transient,110.0,0,0
City Hotel,1,105,2015,October,42,12,1,2,2,0.0,0,HB,PRT,Offline TA/TO,TA/TO,0,0,0,A,A,0,Non Refund,21.0,0,Transient,110.0,0,0
City Hotel,0,39,2015,October,42,12,1,3,2,0.0,0,BB,ESP,Online TA,TA/TO,0,0,0,A,A,0,No Deposit,9.0,0,Contract,94.5,0,2
City Hotel,0,51,2015,October,42,12,1,3,2,0.0,0,BB,GBR,Online TA,TA/TO,0,0,0,A,A,1,No Deposit,11.0,0,Group,69.11,0,0
City Hotel,0,60,2015,October,42,12,1,3,2,0.0,0,BB,PRT,Offline TA/TO,TA/TO,0,0,0,A,D,0,No Deposit,3.0,0,Transient-Party,65.0,0,1
City Hotel,0,166,2015,October,42,12,1,3,2,0.0,0,BB,PRT,Online TA,TA/TO,0,0,0,A,A,0,No Deposit,9.0,0,Transient-Party,89.25,0,2
City Hotel,0,60,2015,October,42,12,1,3,2,0.0,0,BB,PRT,Offline TA/TO,TA/TO,0,0,0,A,A,0,No Deposit,3.0,0,Transient-Party,65.0,0,1
City Hotel,0,60,2015,October,42,12,1,3,2,0.0,0,BB,PRT,Offline TA/TO,TA/TO,0,0,0,A,D,0,No Deposit,3.0,0,Transient-Party,65.0,0,1
City Hotel,0,60,2015,October,42,12,1,3,2,0.0,0,BB,PRT,Offline TA/TO,TA/TO,0,0,0,A,D,0,No Deposit,3.0,0,Transient-Party,65.0,0,1
City Hotel,0,184,2015,October,42,12,1,3,2,0.0,0,BB,BRA,Online TA,TA/TO,0,0,0,A,A,0,No Deposit,9.0,0,Transient,89.25,0,0
City Hotel,0,166,2015,October,42,12,1,3,2,0.0,0,BB,CHE,Online TA,TA/TO,0,0,0,A,A,0,No Deposit,9.0,0,Transient-Party,89.25,0,2
City Hotel,0,60,2015,October,42,12,1,3,2,0.0,0,BB,PRT,Offline TA/TO,TA/TO,0,0,0,A,A,0,No Deposit,3.0,0,Transient-Party,65.0,0,1
City Hotel,0,60,2015,October,42,12,1,3,2,0.0,0,BB,PRT,Offline TA/TO,TA/TO,0,0,0,A,A,0,No Deposit,3.0,0,Transient-Party,65.0,0,1
City Hotel,0,60,2015,October,42,12,1,3,2,0.0,0,BB,PRT,Offline TA/TO,TA/TO,0,0,0,A,D,0,No Deposit,3.0,0,Transient-Party,65.0,0,1
City Hotel,0,60,2015,October,42,12,1,3,2,0.0,0,BB,PRT,Offline TA/TO,TA/TO,0,0,0,A,A,0,No Deposit,3.0,0,Transient-Party,65.0,0,1
City Hotel,1,53,2015,October,42,12,1,3,2,0.0,0,BB,PRT,Direct,Direct,0,0,0,A,A,0,No Deposit,14.0,0,Transient,105.0,0,0
City Hotel,0,60,2015,October,42,12,1,3,2,0.0,0,BB,PRT,Offline TA/TO,TA/TO,0,0,0,A,D,0,No Deposit,3.0,0,Transient-Party,65.0,0,1
City Hotel,1,38,2015,October,42,13,0,1,2,0.0,0,BB,PRT,Offline TA/TO,TA/TO,0,0,0,A,A,0,No Deposit,13.0,0,Group,84.0,0,0
City Hotel,0,43,2015,October,42,13,0,1,2,0.0,0,BB,PRT,Offline TA/TO,TA/TO,0,0,0,A,A,0,No Deposit,63.0,0,Transient-Party,85.0,0,0
City Hotel,0,43,2015,October,42,13,0,1,2,0.0,0,BB,PRT,Offline TA/TO,TA/TO,0,0,0,A,A,0,No Deposit,63.0,0,Transient-Party,85.0,0,0
City Hotel,0,43,2015,October,42,13,0,1,2,0.0,0,BB,PRT,Offline TA/TO,TA/TO,0,0,0,A,A,0,No Deposit,63.0,0,Transient-Party,85.0,0,0
City Hotel,0,43,2015,October,42,13,0,1,2,0.0,0,BB,PRT,Offline TA/TO,TA/TO,0,0,0,A,A,0,No Deposit,63.0,0,Transient-Party,85.0,0,0
City Hotel,0,43,2015,October,42,13,0,1,2,0.0,0,BB,PRT,Offline TA/TO,TA/TO,0,0,0,A,A,0,No Deposit,63.0,0,Transient-Party,85.0,0,0
City Hotel,0,43,2015,October,42,13,0,1,2,0.0,0,BB,PRT,Offline TA/TO,TA/TO,0,0,0,A,A,0,No Deposit,63.0,0,Transient-Party,85.0,0,0
City Hotel,0,34,2015,October,42,13,0,2,2,0.0,0,BB,PRT,Offline TA/TO,TA/TO,0,0,0,A,A,0,No Deposit,83.0,0,Contract,82.8,0,0
City Hotel,1,36,2015,October,42,13,0,2,2,0.0,0,BB,PRT,Offline TA/TO,TA/TO,0,0,0,A,A,0,No Deposit,13.0,0,Group,75.6,0,0
City Hotel,0,76,2015,October,42,13,0,2,2,0.0,0,BB,ESP,Online TA,TA/TO,0,0,0,A,A,0,No Deposit,9.0,0,Contract,98.25,1,1
City Hotel,0,36,2015,October,42,13,0,3,2,0.0,0,HB,PRT,Offline TA/TO,TA/TO,0,0,0,A,A,0,No Deposit,26.0,0,Transient-Party,112.0,0,0
City Hotel,0,36,2015,October,42,13,0,3,2,0.0,0,HB,PRT,Offline TA/TO,TA/TO,0,0,0,A,A,0,No Deposit,26.0,0,Transient-Party,112.0,0,0
City Hotel,0,36,2015,October,42,13,0,3,2,0.0,0,HB,PRT,Offline TA/TO,TA/TO,0,0,0,A,D,0,No Deposit,26.0,0,Transient-Party,112.0,0,0
City Hotel,0,36,2015,October,42,13,0,3,2,0.0,0,HB,PRT,Offline TA/TO,TA/TO,0,0,0,A,B,0,No Deposit,26.0,0,Transient-Party,112.0,0,0
City Hotel,0,36,2015,October,42,13,0,3,2,0.0,0,HB,PRT,Offline TA/TO,TA/TO,0,0,0,A,A,0,No Deposit,26.0,0,Transient-Party,112.0,0,0
City Hotel,0,36,2015,October,42,13,0,3,2,0.0,0,HB,PRT,Offline TA/TO,TA/TO,0,0,0,A,A,0,No Deposit,26.0,0,Transient-Party,112.0,0,0
City Hotel,0,36,2015,October,42,13,0,3,2,0.0,0,HB,PRT,Offline TA/TO,TA/TO,0,0,0,A,B,0,No Deposit,26.0,0,Transient-Party,112.0,0,0
City Hotel,0,34,2015,October,42,13,0,3,2,0.0,0,BB,GBR,Offline TA/TO,TA/TO,0,0,0,A,A,0,No Deposit,22.0,0,Transient,76.5,0,0
City Hotel,0,36,2015,October,42,13,0,3,2,0.0,0,HB,PRT,Offline TA/TO,TA/TO,0,0,0,A,A,0,No Deposit,26.0,0,Transient-Party,112.0,0,0
City Hotel,0,36,2015,October,42,13,0,3,2,0.0,0,HB,PRT,Offline TA/TO,TA/TO,0,0,0,A,A,0,No Deposit,26.0,0,Transient-Party,112.0,0,0
City Hotel,0,42,2015,October,42,13,0,3,2,0.0,0,BB,FRA,Online TA,TA/TO,0,0,0,A,A,0,No Deposit,9.0,0,Contract,94.5,0,1
City Hotel,0,36,2015,October,42,13,0,3,2,0.0,0,HB,PRT,Offline TA/TO,TA/TO,0,0,0,A,D,0,No Deposit,26.0,0,Transient-Party,112.0,0,0
City Hotel,0,36,2015,October,42,13,0,3,2,0.0,0,HB,PRT,Offline TA/TO,TA/TO,0,0,0,A,A,0,No Deposit,26.0,0,Transient-Party,112.0,0,0
City Hotel,0,36,2015,October,42,13,0,3,2,0.0,0,HB,PRT,Offline TA/TO,TA/TO,0,0,0,A,B,0,No Deposit,26.0,0,Transient-Party,112.0,0,0
City Hotel,0,36,2015,October,42,13,0,3,2,0.0,0,HB,PRT,Offline TA/TO,TA/TO,0,0,0,A,A,0,No Deposit,26.0,0,Transient-Party,112.0,0,0
City Hotel,0,36,2015,October,42,13,0,3,2,0.0,0,HB,PRT,Offline TA/TO,TA/TO,0,0,0,A,B,0,No Deposit,26.0,0,Transient-Party,112.0,0,0
City Hotel,0,36,2015,October,42,13,0,3,2,0.0,0,HB,PRT,Offline TA/TO,TA/TO,0,0,0,A,A,0,No Deposit,26.0,0,Transient-Party,112.0,0,0
City Hotel,0,61,2015,October,42,13,0,4,2,0.0,0,BB,GBR,Online TA,TA/TO,0,0,0,A,A,0,No Deposit,8.0,0,Transient,89.25,0,1
City Hotel,0,47,2015,October,42,13,0,4,2,0.0,0,BB,FIN,Online TA,TA/TO,0,0,0,A,A,0,No Deposit,9.0,0,Contract,94.5,0,1
City Hotel,0,40,2015,October,42,14,0,2,2,0.0,0,BB,PRT,Online TA,TA/TO,0,0,0,A,A,0,No Deposit,7.0,0,Transient,72.76,0,1
City Hotel,1,63,2015,October,42,14,0,2,2,0.0,0,BB,PRT,Online TA,TA/TO,0,0,0,A,A,0,No Deposit,7.0,0,Transient,89.25,0,0
City Hotel,0,41,2015,October,42,14,0,4,2,0.0,0,BB,PRT,Online TA,TA/TO,0,0,0,D,D,0,No Deposit,7.0,0,Transient,78.54,0,1
City Hotel,0,41,2015,October,42,14,0,4,2,0.0,0,BB,BRA,Online TA,TA/TO,0,0,0,D,D,0,No Deposit,7.0,0,Transient,87.54,0,1
City Hotel,0,65,2015,October,42,14,0,4,2,0.0,0,BB,JPN,Online TA,TA/TO,0,0,0,A,A,0,No Deposit,9.0,0,Contract,89.25,0,1
City Hotel,0,77,2015,October,42,14,1,4,2,0.0,0,BB,DEU,Online TA,TA/TO,0,0,0,A,A,0,No Deposit,9.0,0,Contract,89.25,0,2
City Hotel,0,48,2015,October,42,14,1,4,2,0.0,0,BB,PRT,Online TA,TA/TO,0,0,0,D,D,0,No Deposit,7.0,0,Transient,78.54,0,1
City Hotel,0,0,2015,October,42,15,0,0,2,0.0,0,HB,PRT,Offline TA/TO,TA/TO,0,0,0,D,D,0,No Deposit,28.0,0,Transient,0.0,0,0
City Hotel,0,63,2015,October,42,15,0,1,2,0.0,0,BB,ESP,Online TA,TA/TO,0,0,0,A,A,0,No Deposit,9.0,0,Contract,89.25,0,2
City Hotel,1,59,2015,October,42,15,0,2,2,0.0,0,BB,PRT,Online TA,TA/TO,0,0,0,A,A,0,No Deposit,9.0,0,Contract,89.25,0,2
City Hotel,1,44,2015,October,42,15,0,2,2,0.0,0,BB,PRT,Online TA,TA/TO,0,0,0,A,A,0,No Deposit,9.0,0,Contract,103.05,0,1
City Hotel,1,193,2015,October,42,15,0,3,2,0.0,0,BB,,Offline TA/TO,TA/TO,0,0,0,A,A,0,Non Refund,12.0,0,Transient,65.0,0,0
City Hotel,1,193,2015,October,42,15,0,3,2,0.0,0,BB,,Offline TA/TO,TA/TO,0,0,0,A,A,0,Non Refund,12.0,0,Transient,65.0,0,0
City Hotel,1,193,2015,October,42,15,0,3,2,0.0,0,BB,,Offline TA/TO,TA/TO,0,0,0,A,A,0,Non Refund,12.0,0,Transient,65.0,0,0
City Hotel,1,193,2015,October,42,15,0,3,2,0.0,0,BB,,Offline TA/TO,TA/TO,0,0,0,A,A,0,Non Refund,12.0,0,Transient,65.0,0,0
City Hotel,1,193,2015,October,42,15,0,3,2,0.0,0,BB,,Offline TA/TO,TA/TO,0,0,0,A,A,0,Non Refund,12.0,0,Transient,65.0,0,0
City Hotel,1,193,2015,October,42,15,0,3,2,0.0,0,BB,,Offline TA/TO,TA/TO,0,0,0,A,A,0,Non Refund,12.0,0,Transient,65.0,0,0
City Hotel,1,193,2015,October,42,15,0,3,2,0.0,0,BB,,Offline TA/TO,TA/TO,0,0,0,A,A,0,Non Refund,12.0,0,Transient,65.0,0,0
City Hotel,1,193,2015,October,42,15,0,3,2,0.0,0,BB,,Offline TA/TO,TA/TO,0,0,0,A,A,0,Non Refund,12.0,0,Transient,65.0,0,0
City Hotel,1,193,2015,October,42,15,0,3,2,0.0,0,BB,,Offline TA/TO,TA/TO,0,0,0,A,A,0,Non Refund,12.0,0,Transient,65.0,0,0
City Hotel,1,56,2015,October,42,15,0,3,2,0.0,0,BB,PRT,Online TA,TA/TO,0,0,0,A,A,0,No Deposit,7.0,0,Transient,72.76,0,1
City Hotel,1,193,2015,October,42,15,0,3,2,0.0,0,BB,,Offline TA/TO,TA/TO,0,0,0,A,A,0,Non Refund,12.0,0,Transient,65.0,0,0
City Hotel,1,193,2015,October,42,15,0,3,2,0.0,0,BB,,Offline TA/TO,TA/TO,0,0,0,A,A,0,Non Refund,12.0,0,Transient,65.0,0,0
City Hotel,1,193,2015,October,42,15,0,3,2,0.0,0,BB,,Offline TA/TO,TA/TO,0,0,0,A,A,0,Non Refund,12.0,0,Transient,65.0,0,0
City Hotel,1,193,2015,October,42,15,0,3,2,0.0,0,BB,,Offline TA/TO,TA/TO,0,0,0,A,A,0,Non Refund,12.0,0,Transient,65.0,0,0
City Hotel,1,193,2015,October,42,15,0,3,2,0.0,0,BB,,Offline TA/TO,TA/TO,0,0,0,A,A,0,Non Refund,12.0,0,Transient,65.0,0,0
City Hotel,0,43,2015,October,42,15,1,3,2,0.0,0,SC,GBR,Online TA,TA/TO,0,0,0,A,A,0,No Deposit,9.0,0,Contract,99.0,0,2
City Hotel,0,100,2015,October,42,15,1,3,2,0.0,0,BB,PRT,Online TA,TA/TO,0,0,0,A,A,0,No Deposit,9.0,0,Transient,89.25,0,1
City Hotel,0,59,2015,October,42,15,2,3,2,0.0,0,BB,NLD,Offline TA/TO,TA/TO,0,0,0,A,A,0,No Deposit,83.0,0,Contract,76.5,0,1
City Hotel,0,59,2015,October,42,15,2,3,2,0.0,0,BB,NLD,Offline TA/TO,TA/TO,0,0,0,A,A,0,No Deposit,83.0,0,Contract,76.5,0,1
City Hotel,0,125,2015,October,42,15,2,3,2,0.0,0,BB,DEU,Online TA,TA/TO,0,0,0,A,A,0,No Deposit,9.0,0,Transient,89.25,0,1
City Hotel,0,173,2015,October,42,15,2,4,2,0.0,0,BB,DEU,Online TA,TA/TO,0,0,0,A,A,0,No Deposit,9.0,0,Transient,89.25,0,0
City Hotel,0,59,2015,October,42,15,2,4,2,0.0,0,BB,FIN,Online TA,TA/TO,0,0,0,A,A,0,No Deposit,9.0,0,Contract,89.25,0,2
City Hotel,1,100,2015,October,42,16,0,1,2,0.0,0,HB,PRT,Offline TA/TO,TA/TO,0,0,0,A,A,0,Non Refund,6.0,0,Transient,108.0,0,0
City Hotel,1,100,2015,October,42,16,0,1,2,0.0,0,HB,PRT,Offline TA/TO,TA/TO,0,0,0,A,A,0,Non Refund,6.0,0,Transient,108.0,0,0
City Hotel,1,180,2015,October,42,16,0,1,2,0.0,0,BB,PRT,Offline TA/TO,TA/TO,0,0,0,A,A,0,Non Refund,3.0,0,Transient,70.0,0,0
City Hotel,1,100,2015,October,42,16,0,1,2,0.0,0,HB,PRT,Offline TA/TO,TA/TO,0,0,0,A,A,0,Non Refund,6.0,0,Transient,108.0,0,0
City Hotel,1,100,2015,October,42,16,0,1,2,0.0,0,HB,PRT,Offline TA/TO,TA/TO,0,0,0,A,A,0,Non Refund,6.0,0,Transient,108.0,0,0
City Hotel,1,100,2015,October,42,16,0,1,2,0.0,0,HB,PRT,Offline TA/TO,TA/TO,0,0,0,A,A,0,Non Refund,6.0,0,Transient,108.0,0,0
City Hotel,1,180,2015,October,42,16,0,1,2,0.0,0,BB,PRT,Offline TA/TO,TA/TO,0,0,0,A,A,0,Non Refund,3.0,0,Transient,70.0,0,0
City Hotel,1,180,2015,October,42,16,0,1,2,0.0,0,BB,PRT,Offline TA/TO,TA/TO,0,0,0,A,A,0,Non Refund,3.0,0,Transient,70.0,0,0
City Hotel,1,180,2015,October,42,16,0,1,2,0.0,0,BB,PRT,Offline TA/TO,TA/TO,0,0,0,A,A,0,Non Refund,3.0,0,Transient,70.0,0,0
City Hotel,1,180,2015,October,42,16,0,1,2,0.0,0,BB,PRT,Offline TA/TO,TA/TO,0,0,0,A,A,0,Non Refund,3.0,0,Transient,70.0,0,0
City Hotel,1,180,2015,October,42,16,0,1,2,0.0,0,BB,PRT,Offline TA/TO,TA/TO,0,0,0,A,A,0,Non Refund,3.0,0,Transient,70.0,0,0
City Hotel,1,100,2015,October,42,16,0,1,2,0.0,0,HB,PRT,Offline TA/TO,TA/TO,0,0,0,A,A,0,Non Refund,6.0,0,Transient,108.0,0,0
City Hotel,1,100,2015,October,42,16,0,1,2,0.0,0,HB,PRT,Offline TA/TO,TA/TO,0,0,0,A,A,0,Non Refund,6.0,0,Transient,108.0,0,0
City Hotel,0,65,2015,October,42,16,0,1,2,0.0,0,BB,BRA,Online TA,TA/TO,0,0,0,A,A,0,No Deposit,10.0,0,Transient,89.2,0,1
City Hotel,1,180,2015,October,42,16,0,1,2,0.0,0,BB,PRT,Offline TA/TO,TA/TO,0,0,0,A,A,0,Non Refund,3.0,0,Transient,70.0,0,0
City Hotel,1,100,2015,October,42,16,0,1,2,0.0,0,HB,PRT,Offline TA/TO,TA/TO,0,0,0,A,A,0,Non Refund,6.0,0,Transient,108.0,0,0
City Hotel,1,100,2015,October,42,16,0,1,2,0.0,0,HB,PRT,Offline TA/TO,TA/TO,0,0,0,A,A,0,Non Refund,6.0,0,Transient,108.0,0,0
City Hotel,1,100,2015,October,42,16,0,1,2,0.0,0,HB,PRT,Offline TA/TO,TA/TO,0,0,0,A,A,0,Non Refund,6.0,0,Transient,108.0,0,0
City Hotel,1,100,2015,October,42,16,0,1,2,0.0,0,HB,PRT,Offline TA/TO,TA/TO,0,0,0,A,A,0,Non Refund,6.0,0,Transient,108.0,0,0
City Hotel,1,180,2015,October,42,16,0,1,2,0.0,0,BB,PRT,Offline TA/TO,TA/TO,0,0,0,A,A,0,Non Refund,3.0,0,Transient,70.0,0,0
City Hotel,1,180,2015,October,42,16,0,1,2,0.0,0,BB,PRT,Offline TA/TO,TA/TO,0,0,0,A,A,0,Non Refund,3.0,0,Transient,70.0,0,0
City Hotel,1,100,2015,October,42,16,0,1,2,0.0,0,HB,PRT,Offline TA/TO,TA/TO,0,0,0,A,A,0,Non Refund,6.0,0,Transient,108.0,0,0
City Hotel,1,100,2015,October,42,16,0,1,2,0.0,0,HB,PRT,Offline TA/TO,TA/TO,0,0,0,A,A,0,Non Refund,6.0,0,Transient,108.0,0,0
City Hotel,1,180,2015,October,42,16,0,1,2,0.0,0,BB,PRT,Offline TA/TO,TA/TO,0,0,0,A,A,0,Non Refund,3.0,0,Transient,70.0,0,0
City Hotel,1,180,2015,October,42,16,0,1,2,0.0,0,BB,PRT,Offline TA/TO,TA/TO,0,0,0,A,A,0,Non Refund,3.0,0,Transient,70.0,0,0
City Hotel,1,180,2015,October,42,16,0,1,2,0.0,0,BB,PRT,Offline TA/TO,TA/TO,0,0,0,A,A,0,Non Refund,3.0,0,Transient,70.0,0,0
City Hotel,1,100,2015,October,42,16,0,1,2,0.0,0,HB,PRT,Offline TA/TO,TA/TO,0,0,0,A,A,0,Non Refund,6.0,0,Transient,108.0,0,0
City Hotel,1,180,2015,October,42,16,0,1,2,0.0,0,BB,PRT,Offline TA/TO,TA/TO,0,0,0,A,A,0,Non Refund,3.0,0,Transient,70.0,0,0
City Hotel,1,180,2015,October,42,16,0,1,2,0.0,0,BB,PRT,Offline TA/TO,TA/TO,0,0,0,A,A,0,Non Refund,3.0,0,Transient,70.0,0,0
City Hotel,1,180,2015,October,42,16,0,1,2,0.0,0,BB,PRT,Offline TA/TO,TA/TO,0,0,0,A,A,0,Non Refund,3.0,0,Transient,70.0,0,0
City Hotel,1,180,2015,October,42,16,0,1,2,0.0,0,BB,PRT,Offline TA/TO,TA/TO,0,0,0,A,A,0,Non Refund,3.0,0,Transient,70.0,0,0
City Hotel,1,100,2015,October,42,16,0,1,2,0.0,0,HB,PRT,Offline TA/TO,TA/TO,0,0,0,A,A,0,Non Refund,6.0,0,Transient,108.0,0,0
City Hotel,1,180,2015,October,42,16,0,1,2,0.0,0,BB,PRT,Offline TA/TO,TA/TO,0,0,0,A,A,0,Non Refund,3.0,0,Transient,70.0,0,0
City Hotel,1,180,2015,October,42,16,0,1,2,0.0,0,BB,PRT,Offline TA/TO,TA/TO,0,0,0,A,A,0,Non Refund,3.0,0,Transient,70.0,0,0
City Hotel,1,100,2015,October,42,16,0,1,2,0.0,0,HB,PRT,Offline TA/TO,TA/TO,0,0,0,A,A,0,Non Refund,6.0,0,Transient,108.0,0,0
City Hotel,1,100,2015,October,42,16,0,1,2,0.0,0,HB,PRT,Offline TA/TO,TA/TO,0,0,0,A,A,0,Non Refund,6.0,0,Transient,108.0,0,0
City Hotel,1,180,2015,October,42,16,0,1,2,0.0,0,BB,PRT,Offline TA/TO,TA/TO,0,0,0,A,A,0,Non Refund,3.0,0,Transient,70.0,0,0
City Hotel,0,102,2015,October,42,16,0,1,2,0.0,0,HB,DEU,Offline TA/TO,TA/TO,0,0,0,A,B,0,No Deposit,6.0,0,Transient-Party,109.0,0,0
City Hotel,1,180,2015,October,42,16,0,1,2,0.0,0,BB,PRT,Offline TA/TO,TA/TO,0,0,0,A,A,0,Non Refund,3.0,0,Transient,70.0,0,0
City Hotel,1,180,2015,October,42,16,0,1,2,0.0,0,BB,PRT,Offline TA/TO,TA/TO,0,0,0,A,A,0,Non Refund,3.0,0,Transient,70.0,0,0
City Hotel,1,100,2015,October,42,16,0,1,2,0.0,0,HB,PRT,Offline TA/TO,TA/TO,0,0,0,A,A,0,Non Refund,6.0,0,Transient,108.0,0,0
City Hotel,1,100,2015,October,42,16,0,1,2,0.0,0,HB,PRT,Offline TA/TO,TA/TO,0,0,0,A,A,0,Non Refund,6.0,0,Transient,108.0,0,0
City Hotel,1,180,2015,October,42,16,0,1,2,0.0,0,BB,PRT,Offline TA/TO,TA/TO,0,0,0,A,A,0,Non Refund,3.0,0,Transient,70.0,0,0
City Hotel,0,102,2015,October,42,16,0,2,2,0.0,0,HB,DEU,Offline TA/TO,TA/TO,0,0,0,A,B,0,No Deposit,6.0,0,Transient-Party,109.0,0,0
City Hotel,0,102,2015,October,42,16,0,2,2,0.0,0,HB,DEU,Offline TA/TO,TA/TO,0,0,0,A,D,0,No Deposit,6.0,0,Transient-Party,109.0,0,0
City Hotel,0,102,2015,October,42,16,0,2,2,0.0,0,HB,DEU,Offline TA/TO,TA/TO,0,0,0,A,A,0,No Deposit,6.0,0,Transient-Party,109.0,0,0
City Hotel,0,102,2015,October,42,16,0,2,2,0.0,0,HB,DEU,Offline TA/TO,TA/TO,0,0,0,A,A,0,No Deposit,6.0,0,Transient-Party,109.0,0,0
City Hotel,0,102,2015,October,42,16,0,2,2,0.0,0,HB,DEU,Offline TA/TO,TA/TO,0,0,0,A,A,0,No Deposit,6.0,0,Transient-Party,109.0,0,0
City Hotel,1,102,2015,October,42,16,0,2,2,0.0,0,HB,PRT,Offline TA/TO,TA/TO,0,0,0,A,A,0,Non Refund,6.0,0,Transient-Party,101.5,0,0
City Hotel,1,102,2015,October,42,16,0,2,2,0.0,0,HB,PRT,Offline TA/TO,TA/TO,0,0,0,A,A,0,Non Refund,6.0,0,Transient-Party,101.5,0,0
City Hotel,1,102,2015,October,42,16,0,2,2,0.0,0,HB,PRT,Offline TA/TO,TA/TO,0,0,0,A,A,0,Non Refund,6.0,0,Transient-Party,101.5,0,0
City Hotel,1,102,2015,October,42,16,0,2,2,0.0,0,HB,PRT,Offline TA/TO,TA/TO,0,0,0,A,A,0,Non Refund,6.0,0,Transient-Party,101.5,0,0
City Hotel,1,180,2015,October,42,16,0,1,2,0.0,0,BB,PRT,Offline TA/TO,TA/TO,0,0,0,A,A,0,Non Refund,3.0,0,Transient,70.0,0,0
City Hotel,1,100,2015,October,42,16,0,1,2,0.0,0,HB,PRT,Offline TA/TO,TA/TO,0,0,0,A,A,0,Non Refund,6.0,0,Transient,108.0,0,0
City Hotel,0,102,2015,October,42,16,0,2,2,0.0,0,HB,DEU,Offline TA/TO,TA/TO,0,0,0,A,B,0,No Deposit,6.0,0,Transient-Party,109.0,0,0
City Hotel,0,102,2015,October,42,16,0,2,2,0.0,0,HB,DEU,Offline TA/TO,TA/TO,0,0,0,A,F,0,No Deposit,6.0,0,Transient-Party,109.0,0,0
City Hotel,0,102,2015,October,42,16,0,2,2,0.0,0,HB,DEU,Offline TA/TO,TA/TO,0,0,0,A,A,0,No Deposit,6.0,0,Transient-Party,109.0,0,0
City Hotel,0,102,2015,October,42,16,0,2,2,0.0,0,HB,DEU,Offline TA/TO,TA/TO,0,0,0,A,A,0,No Deposit,6.0,0,Transient-Party,109.0,0,0
City Hotel,0,102,2015,October,42,16,0,2,2,0.0,0,HB,DEU,Offline TA/TO,TA/TO,0,0,0,A,A,0,No Deposit,6.0,0,Transient-Party,109.0,0,0
City Hotel,0,102,2015,October,42,16,0,2,2,0.0,0,HB,DEU,Offline TA/TO,TA/TO,0,0,0,A,A,0,No Deposit,6.0,0,Transient-Party,109.0,0,0
City Hotel,0,102,2015,October,42,16,0,2,2,0.0,0,HB,DEU,Offline TA/TO,TA/TO,0,0,0,A,D,0,No Deposit,6.0,0,Transient-Party,109.0,0,0
City Hotel,0,102,2015,October,42,16,0,2,2,0.0,0,HB,PRT,Offline TA/TO,TA/TO,0,0,0,A,A,0,No Deposit,6.0,0,Transient-Party,109.0,0,0
City Hotel,0,102,2015,October,42,16,0,2,2,0.0,0,HB,DEU,Offline TA/TO,TA/TO,0,0,0,A,A,0,No Deposit,6.0,0,Transient-Party,109.0,0,0
City Hotel,1,102,2015,October,42,16,0,2,2,0.0,0,HB,PRT,Offline TA/TO,TA/TO,0,0,0,A,A,0,Non Refund,6.0,0,Transient-Party,101.5,0,0
City Hotel,1,102,2015,October,42,16,0,2,2,0.0,0,HB,PRT,Offline TA/TO,TA/TO,0,0,0,A,A,0,Non Refund,6.0,0,Transient-Party,101.5,0,0
City Hotel,1,102,2015,October,42,16,0,2,2,0.0,0,HB,PRT,Offline TA/TO,TA/TO,0,0,0,A,A,0,Non Refund,6.0,0,Transient-Party,101.5,0,0
City Hotel,1,102,2015,October,42,16,0,2,2,0.0,0,HB,PRT,Offline TA/TO,TA/TO,0,0,0,A,A,0,Non Refund,6.0,0,Transient-Party,101.5,0,0
City Hotel,0,102,2015,October,42,16,0,2,2,0.0,0,HB,PRT,Offline TA/TO,TA/TO,0,0,0,A,A,0,No Deposit,6.0,0,Transient-Party,109.0,0,0
City Hotel,0,102,2015,October,42,16,0,2,2,0.0,0,HB,DEU,Offline TA/TO,TA/TO,0,0,0,A,A,0,No Deposit,6.0,0,Transient-Party,109.0,0,0
City Hotel,0,102,2015,October,42,16,0,2,2,0.0,0,HB,DEU,Offline TA/TO,TA/TO,0,0,0,A,A,0,No Deposit,6.0,0,Transient-Party,109.0,0,0
City Hotel,0,102,2015,October,42,16,0,2,2,0.0,0,HB,DEU,Offline TA/TO,TA/TO,0,0,0,A,D,0,No Deposit,6.0,0,Transient-Party,109.0,0,0
City Hotel,0,102,2015,October,42,16,0,2,2,0.0,0,HB,DEU,Offline TA/TO,TA/TO,0,0,0,A,D,0,No Deposit,6.0,0,Transient-Party,109.0,0,0
City Hotel,0,102,2015,October,42,16,0,2,2,0.0,0,HB,DEU,Offline TA/TO,TA/TO,0,0,0,A,A,0,No Deposit,6.0,0,Transient-Party,109.0,0,0
City Hotel,1,102,2015,October,42,16,0,2,2,0.0,0,HB,PRT,Offline TA/TO,TA/TO,0,0,0,A,A,0,Non Refund,6.0,0,Transient-Party,101.5,0,0
City Hotel,1,102,2015,October,42,16,0,2,2,0.0,0,HB,PRT,Offline TA/TO,TA/TO,0,0,0,A,A,0,Non Refund,6.0,0,Transient-Party,101.5,0,0
City Hotel,1,102,2015,October,42,16,0,2,2,0.0,0,HB,PRT,Offline TA/TO,TA/TO,0,0,0,A,A,0,Non Refund,6.0,0,Transient-Party,101.5,0,0
City Hotel,1,102,2015,October,42,16,0,2,2,0.0,0,HB,PRT,Offline TA/TO,TA/TO,0,0,0,A,A,0,Non Refund,6.0,0,Transient-Party,101.5,0,0
City Hotel,1,102,2015,October,42,16,0,2,2,0.0,0,HB,PRT,Offline TA/TO,TA/TO,0,0,0,A,A,0,Non Refund,6.0,0,Transient-Party,101.5,0,0
City Hotel,1,102,2015,October,42,16,0,2,2,0.0,0,HB,PRT,Offline TA/TO,TA/TO,0,0,0,A,A,0,Non Refund,6.0,0,Transient-Party,101.5,0,0
City Hotel,0,102,2015,October,42,16,0,2,2,0.0,0,HB,DEU,Offline TA/TO,TA/TO,0,0,0,A,E,0,No Deposit,6.0,0,Transient-Party,109.0,0,0
City Hotel,0,102,2015,October,42,16,0,2,2,0.0,0,HB,DEU,Offline TA/TO,TA/TO,0,0,0,A,B,0,No Deposit,6.0,0,Transient-Party,109.0,0,0
City Hotel,0,102,2015,October,42,16,0,2,2,0.0,0,HB,DEU,Offline TA/TO,TA/TO,0,0,0,A,A,0,No Deposit,6.0,0,Transient-Party,109.0,0,0
City Hotel,0,102,2015,October,42,16,0,2,2,0.0,0,HB,DEU,Offline TA/TO,TA/TO,0,0,0,A,D,0,No Deposit,6.0,0,Transient-Party,109.0,0,0
City Hotel,1,102,2015,October,42,16,0,2,2,0.0,0,HB,PRT,Offline TA/TO,TA/TO,0,0,0,A,A,0,Non Refund,6.0,0,Transient-Party,101.5,0,0
City Hotel,1,102,2015,October,42,16,0,2,2,0.0,0,HB,PRT,Offline TA/TO,TA/TO,0,0,0,A,A,0,Non Refund,6.0,0,Transient-Party,101.5,0,0
City Hotel,1,102,2015,October,42,16,0,2,2,0.0,0,HB,PRT,Offline TA/TO,TA/TO,0,0,0,A,A,0,Non Refund,6.0,0,Transient-Party,101.5,0,0
City Hotel,1,102,2015,October,42,16,0,2,2,0.0,0,HB,PRT,Offline TA/TO,TA/TO,0,0,0,A,A,0,Non Refund,6.0,0,Transient-Party,101.5,0,0
City Hotel,1,102,2015,October,42,16,0,2,2,0.0,0,HB,PRT,Offline TA/TO,TA/TO,0,0,0,A,A,0,Non Refund,6.0,0,Transient-Party,101.5,0,0
City Hotel,0,102,2015,October,42,16,0,2,2,0.0,0,HB,DEU,Offline TA/TO,TA/TO,0,0,0,A,D,0,No Deposit,6.0,0,Transient-Party,109.0,0,0
City Hotel,1,102,2015,October,42,16,0,2,2,0.0,0,HB,PRT,Offline TA/TO,TA/TO,0,0,0,A,A,0,Non Refund,6.0,0,Transient-Party,101.5,0,0
City Hotel,1,102,2015,October,42,16,0,2,2,0.0,0,HB,PRT,Offline TA/TO,TA/TO,0,0,0,A,A,0,Non Refund,6.0,0,Transient-Party,101.5,0,0
City Hotel,1,102,2015,October,42,16,0,2,2,0.0,0,HB,PRT,Offline TA/TO,TA/TO,0,0,0,A,A,0,Non Refund,6.0,0,Transient-Party,101.5,0,0
City Hotel,1,102,2015,October,42,16,0,2,2,0.0,0,HB,PRT,Offline TA/TO,TA/TO,0,0,0,A,A,0,Non Refund,6.0,0,Transient-Party,101.5,0,0
City Hotel,1,102,2015,October,42,16,0,2,2,0.0,0,HB,PRT,Offline TA/TO,TA/TO,0,0,0,A,A,0,Non Refund,6.0,0,Transient-Party,101.5,0,0
City Hotel,1,102,2015,October,42,16,0,2,2,0.0,0,HB,PRT,Offline TA/TO,TA/TO,0,0,0,A,A,0,Non Refund,6.0,0,Transient-Party,101.5,0,0
City Hotel,1,102,2015,October,42,16,0,2,2,0.0,0,HB,PRT,Offline TA/TO,TA/TO,0,0,0,A,A,0,Non Refund,6.0,0,Transient-Party,101.5,0,0
City Hotel,1,102,2015,October,42,16,0,2,2,0.0,0,HB,PRT,Offline TA/TO,TA/TO,0,0,0,A,A,0,Non Refund,6.0,0,Transient-Party,101.5,0,0
City Hotel,1,102,2015,October,42,16,0,2,2,0.0,0,HB,PRT,Offline TA/TO,TA/TO,0,0,0,A,A,0,Non Refund,6.0,0,Transient-Party,101.5,0,0
City Hotel,0,102,2015,October,42,16,0,2,2,0.0,0,HB,DEU,Offline TA/TO,TA/TO,0,0,0,A,A,0,No Deposit,6.0,0,Transient-Party,109.0,0,0
City Hotel,0,102,2015,October,42,16,0,2,2,0.0,0,HB,DEU,Offline TA/TO,TA/TO,0,0,0,A,A,0,No Deposit,6.0,0,Transient-Party,109.0,0,0
City Hotel,0,102,2015,October,42,16,0,2,2,0.0,0,HB,DEU,Offline TA/TO,TA/TO,0,0,0,A,A,0,No Deposit,6.0,0,Transient-Party,109.0,0,0
City Hotel,0,102,2015,October,42,16,0,2,2,0.0,0,HB,DEU,Offline TA/TO,TA/TO,0,0,0,A,A,0,No Deposit,6.0,0,Transient-Party,109.0,0,0
City Hotel,0,102,2015,October,42,16,0,2,2,0.0,0,HB,DEU,Offline TA/TO,TA/TO,0,0,0,A,A,0,No Deposit,6.0,0,Transient-Party,109.0,0,0
City Hotel,0,102,2015,October,42,16,0,2,2,0.0,0,HB,DEU,Offline TA/TO,TA/TO,0,0,0,A,A,0,No Deposit,6.0,0,Transient-Party,109.0,0,0
City Hotel,1,102,2015,October,42,16,0,2,2,0.0,0,HB,PRT,Offline TA/TO,TA/TO,0,0,0,A,A,0,Non Refund,6.0,0,Transient-Party,101.5,0,0
City Hotel,0,102,2015,October,42,16,0,2,2,0.0,0,HB,PRT,Offline TA/TO,TA/TO,0,0,0,A,A,0,No Deposit,6.0,0,Transient-Party,109.0,0,0
City Hotel,0,102,2015,October,42,16,0,2,2,0.0,0,HB,DEU,Offline TA/TO,TA/TO,0,0,0,A,E,0,No Deposit,6.0,0,Transient-Party,109.0,0,0
City Hotel,0,102,2015,October,42,16,0,2,2,0.0,0,HB,DEU,Offline TA/TO,TA/TO,0,0,0,A,A,0,No Deposit,6.0,0,Transient-Party,109.0,0,0
City Hotel,0,102,2015,October,42,16,0,2,2,0.0,0,HB,DEU,Offline TA/TO,TA/TO,0,0,0,A,D,0,No Deposit,6.0,0,Transient-Party,109.0,0,0
City Hotel,0,102,2015,October,42,16,0,2,2,0.0,0,HB,DEU,Offline TA/TO,TA/TO,0,0,0,A,G,0,No Deposit,6.0,0,Transient-Party,109.0,0,0
City Hotel,0,102,2015,October,42,16,0,2,2,0.0,0,HB,DEU,Offline TA/TO,TA/TO,0,0,0,A,D,0,No Deposit,6.0,0,Transient-Party,109.0,0,0
City Hotel,1,102,2015,October,42,16,0,2,2,0.0,0,HB,PRT,Offline TA/TO,TA/TO,0,0,0,A,A,0,Non Refund,6.0,0,Transient-Party,101.5,0,0
City Hotel,1,102,2015,October,42,16,0,2,2,0.0,0,HB,PRT,Offline TA/TO,TA/TO,0,0,0,A,A,0,Non Refund,6.0,0,Transient-Party,101.5,0,0
City Hotel,1,102,2015,October,42,16,0,2,2,0.0,0,HB,PRT,Offline TA/TO,TA/TO,0,0,0,A,A,0,Non Refund,6.0,0,Transient-Party,101.5,0,0
City Hotel,1,102,2015,October,42,16,0,2,2,0.0,0,HB,PRT,Offline TA/TO,TA/TO,0,0,0,A,A,0,Non Refund,6.0,0,Transient-Party,101.5,0,0
City Hotel,1,102,2015,October,42,16,0,2,2,0.0,0,HB,PRT,Offline TA/TO,TA/TO,0,0,0,A,A,0,Non Refund,6.0,0,Transient-Party,101.5,0,0
City Hotel,1,102,2015,October,42,16,0,2,2,0.0,0,HB,PRT,Offline TA/TO,TA/TO,0,0,0,A,A,0,Non Refund,6.0,0,Transient-Party,101.5,0,0
City Hotel,0,102,2015,October,42,16,0,2,2,0.0,0,HB,DEU,Offline TA/TO,TA/TO,0,0,0,A,A,0,No Deposit,6.0,0,Transient-Party,109.0,0,0
City Hotel,1,102,2015,October,42,16,0,2,2,0.0,0,HB,PRT,Offline TA/TO,TA/TO,0,0,0,A,A,0,Non Refund,6.0,0,Transient-Party,101.5,0,0
City Hotel,1,102,2015,October,42,16,0,2,2,0.0,0,HB,PRT,Offline TA/TO,TA/TO,0,0,0,A,A,0,Non Refund,6.0,0,Transient-Party,101.5,0,0
City Hotel,1,102,2015,October,42,16,0,2,2,0.0,0,HB,PRT,Offline TA/TO,TA/TO,0,0,0,A,A,0,Non Refund,6.0,0,Transient-Party,101.5,0,0
City Hotel,1,102,2015,October,42,16,0,2,2,0.0,0,HB,PRT,Offline TA/TO,TA/TO,0,0,0,A,A,0,Non Refund,6.0,0,Transient-Party,101.5,0,0
City Hotel,1,102,2015,October,42,16,0,2,2,0.0,0,HB,PRT,Offline TA/TO,TA/TO,0,0,0,A,A,0,Non Refund,6.0,0,Transient-Party,101.5,0,0
City Hotel,1,102,2015,October,42,16,0,2,2,0.0,0,HB,PRT,Offline TA/TO,TA/TO,0,0,0,A,A,0,Non Refund,6.0,0,Transient-Party,101.5,0,0
City Hotel,1,102,2015,October,42,16,0,2,2,0.0,0,HB,PRT,Offline TA/TO,TA/TO,0,0,0,A,A,0,Non Refund,6.0,0,Transient-Party,101.5,0,0
City Hotel,1,102,2015,October,42,16,0,2,2,0.0,0,HB,PRT,Offline TA/TO,TA/TO,0,0,0,A,A,0,Non Refund,6.0,0,Transient-Party,101.5,0,0
City Hotel,0,102,2015,October,42,16,0,2,2,0.0,0,HB,DEU,Offline TA/TO,TA/TO,0,0,0,A,B,0,No Deposit,6.0,0,Transient-Party,109.0,0,0
City Hotel,0,102,2015,October,42,16,0,2,2,0.0,0,HB,DEU,Offline TA/TO,TA/TO,0,0,0,A,E,0,No Deposit,6.0,0,Transient-Party,109.0,0,0
City Hotel,0,102,2015,October,42,16,0,2,2,0.0,0,HB,DEU,Offline TA/TO,TA/TO,0,0,0,A,B,0,No Deposit,6.0,0,Transient-Party,109.0,0,0
City Hotel,0,102,2015,October,42,16,0,2,2,0.0,0,HB,DEU,Offline TA/TO,TA/TO,0,0,0,A,A,0,No Deposit,6.0,0,Transient-Party,109.0,0,0
City Hotel,0,62,2015,October,42,16,0,2,2,0.0,0,BB,GBR,Online TA,TA/TO,0,0,0,D,D,0,No Deposit,7.0,0,Transient,78.54,0,0
City Hotel,0,102,2015,October,42,16,0,2,2,0.0,0,HB,DEU,Offline TA/TO,TA/TO,0,0,0,A,D,0,No Deposit,6.0,0,Transient-Party,109.0,0,0
City Hotel,0,102,2015,October,42,16,0,2,2,0.0,0,HB,DEU,Offline TA/TO,TA/TO,0,0,0,A,A,0,No Deposit,6.0,0,Transient-Party,109.0,0,0
City Hotel,0,102,2015,October,42,16,0,2,2,0.0,0,HB,DEU,Offline TA/TO,TA/TO,0,0,0,A,A,0,No Deposit,6.0,0,Transient-Party,109.0,0,0
City Hotel,0,102,2015,October,42,16,0,2,2,0.0,0,HB,DEU,Offline TA/TO,TA/TO,0,0,0,A,A,0,No Deposit,6.0,0,Transient-Party,109.0,0,0
City Hotel,0,102,2015,October,42,16,0,2,2,0.0,0,HB,DEU,Offline TA/TO,TA/TO,0,0,0,A,A,0,No Deposit,6.0,0,Transient-Party,109.0,0,0
City Hotel,1,102,2015,October,42,16,0,2,2,0.0,0,HB,PRT,Offline TA/TO,TA/TO,0,0,0,A,A,0,Non Refund,6.0,0,Transient-Party,101.5,0,0
City Hotel,1,102,2015,October,42,16,0,2,2,0.0,0,HB,PRT,Offline TA/TO,TA/TO,0,0,0,A,A,0,Non Refund,6.0,0,Transient-Party,101.5,0,0
City Hotel,1,102,2015,October,42,16,0,2,2,0.0,0,HB,PRT,Offline TA/TO,TA/TO,0,0,0,A,A,0,Non Refund,6.0,0,Transient-Party,101.5,0,0
City Hotel,1,102,2015,October,42,16,0,2,2,0.0,0,HB,PRT,Offline TA/TO,TA/TO,0,0,0,A,A,0,Non Refund,6.0,0,Transient-Party,101.5,0,0
City Hotel,1,102,2015,October,42,16,0,2,2,0.0,0,HB,PRT,Offline TA/TO,TA/TO,0,0,0,A,A,0,Non Refund,6.0,0,Transient-Party,101.5,0,0
City Hotel,1,102,2015,October,42,16,0,2,2,0.0,0,HB,PRT,Offline TA/TO,TA/TO,0,0,0,A,A,0,Non Refund,6.0,0,Transient-Party,101.5,0,0
City Hotel,1,102,2015,October,42,16,0,2,2,0.0,0,HB,PRT,Offline TA/TO,TA/TO,0,0,0,A,A,0,Non Refund,6.0,0,Transient-Party,101.5,0,0
City Hotel,1,102,2015,October,42,16,0,2,2,0.0,0,HB,PRT,Offline TA/TO,TA/TO,0,0,0,A,A,0,Non Refund,6.0,0,Transient-Party,101.5,0,0
City Hotel,1,102,2015,October,42,16,0,2,2,0.0,0,HB,PRT,Offline TA/TO,TA/TO,0,0,0,A,A,0,Non Refund,6.0,0,Transient-Party,101.5,0,0
City Hotel,1,102,2015,October,42,16,0,2,2,0.0,0,HB,PRT,Offline TA/TO,TA/TO,0,0,0,A,A,0,Non Refund,6.0,0,Transient-Party,101.5,0,0
City Hotel,0,102,2015,October,42,16,0,2,2,0.0,0,HB,DEU,Offline TA/TO,TA/TO,0,0,0,A,A,0,No Deposit,6.0,0,Transient-Party,109.0,0,0
City Hotel,0,102,2015,October,42,16,0,2,2,0.0,0,HB,DEU,Offline TA/TO,TA/TO,0,0,0,A,D,0,No Deposit,6.0,0,Transient-Party,109.0,0,0
City Hotel,0,102,2015,October,42,16,0,2,2,0.0,0,HB,DEU,Offline TA/TO,TA/TO,0,0,0,A,A,0,No Deposit,6.0,0,Transient-Party,109.0,0,0
City Hotel,0,102,2015,October,42,16,0,2,2,0.0,0,HB,AUT,Offline TA/TO,TA/TO,0,0,0,A,A,0,No Deposit,6.0,0,Transient-Party,109.0,0,0
City Hotel,0,102,2015,October,42,16,0,2,2,0.0,0,HB,DEU,Offline TA/TO,TA/TO,0,0,0,A,A,0,No Deposit,6.0,0,Transient-Party,109.0,0,0
City Hotel,0,102,2015,October,42,16,0,2,2,0.0,0,HB,DEU,Offline TA/TO,TA/TO,0,0,0,A,B,0,No Deposit,6.0,0,Transient-Party,109.0,0,0
City Hotel,0,102,2015,October,42,16,0,2,2,0.0,0,HB,DEU,Offline TA/TO,TA/TO,0,0,0,A,D,0,No Deposit,6.0,0,Transient-Party,109.0,0,0
City Hotel,1,102,2015,October,42,16,0,2,2,0.0,0,HB,PRT,Offline TA/TO,TA/TO,0,0,0,A,A,0,Non Refund,6.0,0,Transient-Party,101.5,0,0
City Hotel,1,102,2015,October,42,16,0,2,2,0.0,0,HB,PRT,Offline TA/TO,TA/TO,0,0,0,A,A,0,Non Refund,6.0,0,Transient-Party,101.5,0,0
City Hotel,1,102,2015,October,42,16,0,2,2,0.0,0,HB,PRT,Offline TA/TO,TA/TO,0,0,0,A,A,0,Non Refund,6.0,0,Transient-Party,101.5,0,0
City Hotel,1,102,2015,October,42,16,0,2,2,0.0,0,HB,PRT,Offline TA/TO,TA/TO,0,0,0,A,A,0,Non Refund,6.0,0,Transient-Party,101.5,0,0
City Hotel,1,102,2015,October,42,16,0,2,2,0.0,0,HB,PRT,Offline TA/TO,TA/TO,0,0,0,A,A,0,Non Refund,6.0,0,Transient-Party,101.5,0,0
City Hotel,0,102,2015,October,42,16,0,2,2,0.0,0,HB,DEU,Offline TA/TO,TA/TO,0,0,0,A,B,0,No Deposit,6.0,0,Transient-Party,109.0,0,0
City Hotel,0,102,2015,October,42,16,0,2,2,0.0,0,HB,DEU,Offline TA/TO,TA/TO,0,0,0,A,E,0,No Deposit,6.0,0,Transient-Party,109.0,0,0
City Hotel,0,102,2015,October,42,16,1,2,2,0.0,0,BB,GBR,Online TA,TA/TO,0,0,0,A,F,0,No Deposit,9.0,0,Transient,89.25,0,0
City Hotel,0,41,2015,October,42,16,1,2,2,0.0,0,BB,PRT,Online TA,TA/TO,0,0,0,A,A,0,No Deposit,9.0,0,Transient,105.9,0,2
City Hotel,0,41,2015,October,42,16,1,2,2,0.0,0,BB,PRT,Online TA,TA/TO,0,0,0,A,A,0,No Deposit,9.0,0,Transient,105.9,0,2
City Hotel,0,84,2015,October,42,16,1,2,2,0.0,0,BB,PRT,Online TA,TA/TO,0,0,0,A,A,0,No Deposit,8.0,0,Transient,89.25,0,2
City Hotel,0,84,2015,October,42,16,1,2,2,0.0,0,BB,NOR,Online TA,TA/TO,0,0,0,A,A,0,No Deposit,8.0,0,Transient,89.25,0,2
City Hotel,0,41,2015,October,42,16,1,2,2,0.0,0,BB,FRA,Online TA,TA/TO,0,0,0,A,D,0,No Deposit,9.0,0,Transient,105.9,0,2
City Hotel,0,41,2015,October,42,16,1,2,2,0.0,0,BB,LUX,Online TA,TA/TO,0,0,0,A,A,0,No Deposit,9.0,0,Transient,105.9,0,2
City Hotel,0,147,2015,October,42,16,1,2,2,0.0,0,BB,PRT,Online TA,TA/TO,0,0,0,A,D,0,No Deposit,9.0,0,Transient,89.25,0,0
City Hotel,0,84,2015,October,42,16,1,2,2,0.0,0,BB,NOR,Online TA,TA/TO,0,0,0,A,E,0,No Deposit,8.0,0,Transient,89.25,0,2
City Hotel,0,41,2015,October,42,16,1,2,2,0.0,0,BB,PRT,Online TA,TA/TO,0,0,0,A,D,0,No Deposit,9.0,0,Transient,105.9,0,2
City Hotel,0,118,2015,October,42,16,1,2,2,0.0,0,BB,BEL,Online TA,TA/TO,0,0,0,A,A,1,No Deposit,9.0,0,Transient,98.25,1,1
City Hotel,0,41,2015,October,42,16,1,2,2,0.0,0,BB,PRT,Online TA,TA/TO,0,0,0,A,A,0,No Deposit,9.0,0,Transient,105.9,0,2
City Hotel,0,84,2015,October,42,16,1,2,2,0.0,0,BB,NOR,Online TA,TA/TO,0,0,0,A,E,0,No Deposit,8.0,0,Transient,89.25,0,2
City Hotel,0,84,2015,October,42,16,1,2,2,0.0,0,BB,NOR,Online TA,TA/TO,0,0,0,A,A,0,No Deposit,8.0,0,Transient,89.25,0,2
City Hotel,0,45,2015,October,42,16,2,2,2,0.0,0,BB,SGP,Online TA,TA/TO,0,0,0,D,D,0,No Deposit,7.0,0,Transient,78.54,0,2
City Hotel,0,45,2015,October,42,16,2,2,2,0.0,0,BB,USA,Online TA,TA/TO,0,0,0,D,A,0,No Deposit,7.0,0,Transient,78.54,0,2
City Hotel,0,43,2015,October,42,17,0,0,2,0.0,0,BB,PRT,Online TA,TA/TO,0,0,0,A,A,0,No Deposit,9.0,0,Contract,0.0,0,1
City Hotel,0,74,2015,October,42,17,2,2,2,0.0,0,BB,BRA,Online TA,TA/TO,0,0,0,A,A,0,No Deposit,15.0,0,Transient,68.5,0,0
City Hotel,1,195,2015,October,42,17,2,2,2,0.0,0,BB,PRT,Online TA,TA/TO,0,0,0,A,A,0,No Deposit,9.0,0,Transient,89.25,0,1
City Hotel,1,38,2015,October,42,17,2,3,2,0.0,0,BB,PRT,Online TA,TA/TO,0,0,0,A,A,0,No Deposit,9.0,0,Contract,105.12,0,2
City Hotel,0,68,2015,October,42,17,2,4,2,0.0,0,BB,AUT,Online TA,TA/TO,0,0,0,A,A,0,No Deposit,7.0,0,Transient,65.29,0,1
City Hotel,0,184,2015,October,42,17,2,6,2,0.0,0,BB,DEU,Online TA,TA/TO,0,0,0,B,A,0,No Deposit,7.0,0,Transient-Party,65.29,0,1
City Hotel,0,184,2015,October,42,17,2,6,2,0.0,0,BB,DEU,Online TA,TA/TO,0,0,0,B,A,0,No Deposit,7.0,0,Transient-Party,65.29,0,1
City Hotel,0,43,2015,October,43,18,1,0,2,0.0,0,BB,CN,Online TA,TA/TO,0,0,0,A,A,0,No Deposit,9.0,0,Transient,94.5,0,2
City Hotel,1,50,2015,October,43,18,2,3,2,0.0,0,BB,PRT,Online TA,TA/TO,0,0,0,A,A,0,No Deposit,9.0,0,Transient,94.5,0,0
City Hotel,0,50,2015,October,43,18,2,3,2,0.0,0,BB,GBR,Online TA,TA/TO,0,0,0,A,D,0,No Deposit,9.0,0,Transient,94.5,0,1
City Hotel,0,48,2015,October,43,18,2,3,2,0.0,0,BB,BEL,Online TA,TA/TO,0,0,0,A,A,0,No Deposit,9.0,0,Contract,94.5,0,2
City Hotel,1,42,2015,October,43,19,1,1,2,0.0,0,BB,PRT,Online TA,TA/TO,0,0,0,A,A,0,No Deposit,9.0,0,Contract,94.5,0,2
City Hotel,1,216,2015,October,43,19,1,2,2,0.0,0,BB,PRT,Groups,TA/TO,0,0,0,A,A,0,No Deposit,1.0,0,Transient-Party,12.0,0,0
City Hotel,1,216,2015,October,43,19,1,2,2,0.0,0,BB,PRT,Groups,TA/TO,0,0,0,A,A,0,No Deposit,1.0,0,Transient-Party,12.0,0,0
City Hotel,0,91,2015,October,43,19,1,2,2,0.0,0,BB,FRA,Online TA,TA/TO,0,0,0,A,A,0,No Deposit,9.0,0,Transient,89.25,0,3
City Hotel,0,41,2015,October,43,19,1,2,2,0.0,0,BB,VEN,Online TA,TA/TO,0,0,0,A,A,0,No Deposit,9.0,0,Contract,103.5,0,2
City Hotel,0,65,2015,October,43,19,1,2,2,0.0,0,BB,SWE,Online TA,TA/TO,0,0,0,A,A,0,No Deposit,8.0,0,Transient,111.0,0,0
City Hotel,1,216,2015,October,43,19,1,2,2,0.0,0,BB,PRT,Groups,TA/TO,0,0,0,A,A,0,No Deposit,1.0,0,Transient-Party,12.0,0,0
City Hotel,1,216,2015,October,43,19,1,2,2,0.0,0,BB,PRT,Groups,TA/TO,0,0,0,A,A,0,No Deposit,1.0,0,Transient-Party,12.0,0,0
City Hotel,0,97,2015,October,43,19,1,2,2,0.0,0,BB,FRA,Online TA,TA/TO,0,0,0,B,B,0,No Deposit,7.0,0,Transient-Party,68.65,0,2
City Hotel,0,41,2015,October,43,19,1,2,2,0.0,0,BB,VEN,Online TA,TA/TO,0,0,0,A,A,0,No Deposit,9.0,0,Contract,103.5,0,2
City Hotel,0,97,2015,October,43,19,1,2,2,0.0,0,BB,PRT,Online TA,TA/TO,0,0,0,B,B,1,No Deposit,7.0,0,Transient-Party,68.79,0,2
City Hotel,1,48,2015,October,43,19,1,3,2,0.0,0,BB,PRT,Offline TA/TO,TA/TO,0,0,0,B,B,0,No Deposit,13.0,0,Transient-Party,72.36,0,1
City Hotel,0,47,2015,October,43,19,1,3,2,0.0,0,BB,CHE,Offline TA/TO,TA/TO,0,0,0,B,B,0,No Deposit,83.0,0,Transient,72.36,0,1
City Hotel,0,48,2015,October,43,19,1,3,2,0.0,0,BB,DEU,Online TA,TA/TO,0,0,0,A,A,0,No Deposit,9.0,0,Contract,94.5,0,1
City Hotel,0,66,2015,October,43,19,1,3,2,0.0,0,BB,FRA,Online TA,TA/TO,0,0,0,A,A,0,No Deposit,9.0,0,Contract,89.25,0,1
City Hotel,0,47,2015,October,43,19,1,3,2,0.0,0,BB,CHE,Offline TA/TO,TA/TO,0,0,0,B,B,0,No Deposit,83.0,0,Transient,72.36,0,1
City Hotel,0,66,2015,October,43,19,1,3,2,0.0,0,BB,IRL,Online TA,TA/TO,0,0,0,A,A,0,No Deposit,9.0,0,Contract,89.25,0,2
City Hotel,0,61,2015,October,43,19,1,3,2,0.0,0,BB,CHE,Online TA,TA/TO,0,0,0,D,D,0,No Deposit,7.0,0,Transient,78.54,0,2
City Hotel,0,61,2015,October,43,19,1,4,2,0.0,0,BB,FRA,Online TA,TA/TO,0,0,0,A,A,0,No Deposit,9.0,0,Contract,89.25,0,2
City Hotel,0,40,2015,October,43,19,1,5,2,0.0,0,BB,HRV,Online TA,TA/TO,0,0,0,A,A,0,No Deposit,9.0,0,Contract,104.85,0,1
City Hotel,0,45,2015,October,43,19,1,5,2,0.0,0,BB,HUN,Online TA,TA/TO,0,0,0,A,A,0,No Deposit,9.0,0,Contract,94.5,0,2
City Hotel,0,47,2015,October,43,20,0,2,2,0.0,0,BB,FRA,Online TA,TA/TO,0,0,0,A,A,0,No Deposit,9.0,0,Contract,94.5,0,2
City Hotel,0,47,2015,October,43,20,0,4,2,0.0,0,BB,NLD,Online TA,TA/TO,0,0,0,A,D,0,No Deposit,9.0,0,Contract,94.5,0,2
City Hotel,0,75,2015,October,43,20,1,5,2,0.0,0,BB,DEU,Offline TA/TO,TA/TO,0,0,0,B,B,0,No Deposit,16.0,0,Transient,67.83,0,0
City Hotel,0,64,2015,October,43,20,2,6,2,0.0,0,BB,POL,Online TA,TA/TO,0,0,0,A,A,0,No Deposit,9.0,0,Contract,89.25,0,2
City Hotel,0,75,2015,October,43,20,1,5,2,0.0,0,BB,PRT,Offline TA/TO,TA/TO,0,0,0,B,B,0,No Deposit,16.0,0,Transient,67.83,0,0
City Hotel,1,67,2015,October,43,21,0,1,2,0.0,0,BB,PRT,Direct,Direct,0,0,0,A,A,0,No Deposit,14.0,0,Transient,89.25,0,0
City Hotel,0,50,2015,October,43,21,0,2,2,0.0,0,BB,PRT,Online TA,TA/TO,0,0,0,A,D,0,No Deposit,9.0,0,Contract,94.5,0,1
City Hotel,0,56,2015,October,43,21,0,3,2,0.0,0,BB,ITA,Online TA,TA/TO,0,0,0,A,A,0,No Deposit,9.0,0,Contract,94.5,0,3
City Hotel,0,56,2015,October,43,21,0,3,2,0.0,0,BB,ITA,Online TA,TA/TO,0,0,0,A,A,0,No Deposit,9.0,0,Contract,103.5,0,3
City Hotel,0,56,2015,October,43,21,0,3,2,0.0,0,BB,ITA,Online TA,TA/TO,0,0,0,A,A,0,No Deposit,9.0,0,Contract,94.5,0,3
City Hotel,0,56,2015,October,43,21,0,3,2,0.0,0,BB,ITA,Online TA,TA/TO,0,0,0,A,A,0,No Deposit,9.0,0,Contract,94.5,0,3
City Hotel,0,46,2015,October,43,21,0,4,2,0.0,0,BB,POL,Online TA,TA/TO,0,0,0,A,A,1,No Deposit,9.0,0,Transient,94.5,0,1
City Hotel,0,72,2015,October,43,21,0,4,2,0.0,0,BB,NLD,Online TA,TA/TO,0,0,0,A,A,0,No Deposit,9.0,0,Transient,89.25,0,1
City Hotel,0,70,2015,October,43,22,0,1,2,0.0,0,BB,FRA,Offline TA/TO,TA/TO,0,0,0,A,A,0,No Deposit,50.0,0,Transient-Party,85.0,0,0
City Hotel,0,47,2015,October,43,22,0,1,2,0.0,0,BB,SWE,Online TA,TA/TO,0,0,0,A,A,0,No Deposit,9.0,0,Transient,94.5,0,1
City Hotel,0,57,2015,October,43,22,0,1,2,0.0,0,BB,USA,Online TA,TA/TO,0,0,0,A,A,1,No Deposit,9.0,0,Contract,94.5,0,1
City Hotel,0,70,2015,October,43,22,0,1,2,0.0,0,BB,FRA,Offline TA/TO,TA/TO,0,0,0,A,A,0,No Deposit,50.0,0,Transient-Party,85.0,0,0
City Hotel,0,45,2015,October,43,22,0,2,2,0.0,0,BB,RUS,Online TA,TA/TO,0,0,0,A,A,0,No Deposit,9.0,0,Contract,94.5,0,1
City Hotel,1,65,2015,October,43,22,0,3,2,0.0,0,BB,PRT,Online TA,TA/TO,0,0,0,A,A,0,No Deposit,9.0,0,Contract,89.25,0,2
City Hotel,1,45,2015,October,43,22,0,3,2,0.0,0,BB,PRT,Online TA,TA/TO,0,0,0,A,A,1,No Deposit,9.0,0,Contract,94.5,0,2
City Hotel,0,73,2015,October,43,22,0,3,2,0.0,0,BB,ROU,Online TA,TA/TO,0,0,0,A,A,0,No Deposit,9.0,0,Contract,89.25,0,2
City Hotel,0,70,2015,October,43,22,0,3,2,0.0,0,BB,DEU,Online TA,TA/TO,0,0,0,A,A,0,No Deposit,9.0,0,Contract,89.25,0,1
City Hotel,0,76,2015,October,43,22,1,3,2,0.0,0,SC,CHE,Online TA,TA/TO,0,0,0,A,D,0,No Deposit,11.0,0,Transient,58.76,0,1
City Hotel,0,45,2015,October,43,22,1,3,2,0.0,0,BB,GBR,Online TA,TA/TO,0,0,0,D,D,0,No Deposit,7.0,0,Transient,78.54,0,1
City Hotel,0,52,2015,October,43,23,0,1,2,0.0,0,BB,PRT,Online TA,TA/TO,0,0,0,A,A,2,No Deposit,7.0,0,Transient,72.76,0,1
City Hotel,0,45,2015,October,43,23,0,1,2,0.0,0,BB,PRT,Online TA,TA/TO,0,0,0,A,A,0,No Deposit,7.0,0,Group,88.55,0,0
City Hotel,0,52,2015,October,43,23,1,2,2,0.0,0,BB,CZE,Online TA,TA/TO,0,0,0,A,A,0,No Deposit,9.0,0,Contract,94.5,0,3
City Hotel,0,52,2015,October,43,23,1,2,2,0.0,0,BB,CZE,Online TA,TA/TO,0,0,0,A,A,0,No Deposit,9.0,0,Contract,94.5,0,3
City Hotel,0,85,2015,October,43,23,1,2,2,0.0,0,BB,DEU,Online TA,TA/TO,0,0,0,A,A,0,No Deposit,9.0,0,Transient,89.25,0,2
City Hotel,0,48,2015,October,43,23,2,2,2,0.0,0,BB,BRA,Online TA,TA/TO,0,0,0,A,A,0,No Deposit,9.0,0,Transient,94.5,0,0
City Hotel,0,49,2015,October,43,23,2,6,2,0.0,0,BB,DEU,Online TA,TA/TO,0,0,0,A,A,0,No Deposit,9.0,0,Contract,94.5,0,1
City Hotel,1,50,2015,October,43,24,0,1,2,0.0,0,HB,PRT,Groups,TA/TO,0,0,0,A,A,0,Non Refund,,0,Transient,146.0,0,0
City Hotel,1,50,2015,October,43,24,0,1,2,0.0,0,HB,PRT,Groups,TA/TO,0,0,0,A,A,0,Non Refund,,0,Transient,146.0,0,0
City Hotel,1,50,2015,October,43,24,0,1,2,0.0,0,HB,PRT,Groups,TA/TO,0,0,0,A,A,0,Non Refund,,0,Transient,146.0,0,0
City Hotel,1,50,2015,October,43,24,0,1,2,0.0,0,HB,PRT,Groups,TA/TO,0,0,0,A,A,0,Non Refund,,0,Transient,146.0,0,0
City Hotel,1,50,2015,October,43,24,0,1,2,0.0,0,HB,PRT,Groups,TA/TO,0,0,0,A,A,0,Non Refund,,0,Transient,146.0,0,0
City Hotel,1,50,2015,October,43,24,0,1,2,0.0,0,HB,PRT,Groups,TA/TO,0,0,0,A,A,0,Non Refund,,0,Transient,146.0,0,0
City Hotel,1,50,2015,October,43,24,0,1,2,0.0,0,HB,PRT,Groups,TA/TO,0,0,0,A,A,0,Non Refund,,0,Transient,146.0,0,0
City Hotel,1,50,2015,October,43,24,0,1,2,0.0,0,HB,PRT,Groups,TA/TO,0,0,0,A,A,0,Non Refund,,0,Transient,146.0,0,0
City Hotel,1,50,2015,October,43,24,0,1,2,0.0,0,HB,PRT,Groups,TA/TO,0,0,0,A,A,0,Non Refund,,0,Transient,146.0,0,0
City Hotel,1,50,2015,October,43,24,0,1,2,0.0,0,HB,PRT,Groups,TA/TO,0,0,0,A,A,0,Non Refund,,0,Transient,146.0,0,0
City Hotel,1,50,2015,October,43,24,0,1,2,0.0,0,HB,PRT,Groups,TA/TO,0,0,0,A,A,0,Non Refund,,0,Transient,146.0,0,0
City Hotel,1,50,2015,October,43,24,0,1,2,0.0,0,HB,PRT,Groups,TA/TO,0,0,0,A,A,0,Non Refund,,0,Transient,146.0,0,0
City Hotel,1,50,2015,October,43,24,0,1,2,0.0,0,HB,PRT,Groups,TA/TO,0,0,0,A,A,0,Non Refund,,0,Transient,146.0,0,0
City Hotel,1,50,2015,October,43,24,0,1,2,0.0,0,HB,PRT,Groups,TA/TO,0,0,0,A,A,0,Non Refund,,0,Transient,146.0,0,0
City Hotel,1,50,2015,October,43,24,0,1,2,0.0,0,HB,PRT,Groups,TA/TO,0,0,0,A,A,0,Non Refund,,0,Transient,146.0,0,0
City Hotel,1,50,2015,October,43,24,0,1,2,0.0,0,HB,PRT,Groups,TA/TO,0,0,0,A,A,0,Non Refund,,0,Transient,146.0,0,0
City Hotel,1,50,2015,October,43,24,0,1,2,0.0,0,HB,PRT,Groups,TA/TO,0,0,0,A,A,0,Non Refund,,0,Transient,146.0,0,0
City Hotel,1,50,2015,October,43,24,0,1,2,0.0,0,HB,PRT,Groups,TA/TO,0,0,0,A,A,0,Non Refund,,0,Transient,146.0,0,0
City Hotel,1,50,2015,October,43,24,0,1,2,0.0,0,HB,PRT,Groups,TA/TO,0,0,0,A,A,0,Non Refund,,0,Transient,146.0,0,0
City Hotel,1,50,2015,October,43,24,1,1,2,0.0,0,BB,PRT,Groups,Direct,0,0,0,A,A,0,Non Refund,,0,Transient,75.0,0,0
City Hotel,1,50,2015,October,43,24,1,1,2,0.0,0,BB,PRT,Groups,Direct,0,0,0,A,A,0,Non Refund,,0,Transient,75.0,0,0
City Hotel,1,50,2015,October,43,24,1,1,2,0.0,0,BB,PRT,Groups,Direct,0,0,0,A,A,0,Non Refund,,0,Transient,75.0,0,0
City Hotel,1,50,2015,October,43,24,1,1,2,0.0,0,BB,PRT,Groups,Direct,0,0,0,A,A,0,Non Refund,,0,Transient,75.0,0,0
City Hotel,1,50,2015,October,43,24,1,1,2,0.0,0,BB,PRT,Groups,Direct,0,0,0,A,A,0,Non Refund,,0,Transient,75.0,0,0
City Hotel,1,50,2015,October,43,24,0,1,2,0.0,0,HB,PRT,Groups,TA/TO,0,0,0,A,A,0,Non Refund,,0,Transient,146.0,0,0
City Hotel,1,50,2015,October,43,24,0,1,2,0.0,0,HB,PRT,Groups,TA/TO,0,0,0,A,A,0,Non Refund,,0,Transient,146.0,0,0
City Hotel,1,50,2015,October,43,24,0,1,2,0.0,0,HB,PRT,Groups,TA/TO,0,0,0,A,A,0,Non Refund,,0,Transient,146.0,0,0
City Hotel,1,50,2015,October,43,24,0,1,2,0.0,0,HB,PRT,Groups,TA/TO,0,0,0,A,A,0,Non Refund,,0,Transient,146.0,0,0
City Hotel,1,50,2015,October,43,24,0,1,2,0.0,0,HB,PRT,Groups,TA/TO,0,0,0,A,A,0,Non Refund,,0,Transient,146.0,0,0
City Hotel,1,50,2015,October,43,24,0,1,2,0.0,0,HB,PRT,Groups,TA/TO,0,0,0,A,A,0,Non Refund,,0,Transient,146.0,0,0
City Hotel,1,50,2015,October,43,24,1,1,2,0.0,0,BB,PRT,Groups,Direct,0,0,0,A,A,0,Non Refund,,0,Transient,75.0,0,0
City Hotel,1,50,2015,October,43,24,1,1,2,0.0,0,BB,PRT,Groups,Direct,0,0,0,A,A,0,Non Refund,,0,Transient,75.0,0,0
City Hotel,1,50,2015,October,43,24,1,1,2,0.0,0,BB,PRT,Groups,Direct,0,0,0,A,A,0,Non Refund,,0,Transient,75.0,0,0
City Hotel,1,50,2015,October,43,24,1,1,2,0.0,0,BB,PRT,Groups,Direct,0,0,0,A,A,0,Non Refund,,0,Transient,75.0,0,0
City Hotel,1,50,2015,October,43,24,1,1,2,0.0,0,BB,PRT,Groups,Direct,0,0,0,A,A,0,Non Refund,,0,Transient,75.0,0,0
City Hotel,1,50,2015,October,43,24,1,1,2,0.0,0,BB,PRT,Groups,Direct,0,0,0,A,A,0,Non Refund,,0,Transient,75.0,0,0
City Hotel,1,50,2015,October,43,24,1,1,2,0.0,0,BB,PRT,Groups,Direct,0,0,0,A,A,0,Non Refund,,0,Transient,75.0,0,0
City Hotel,1,50,2015,October,43,24,1,1,2,0.0,0,BB,PRT,Groups,Direct,0,0,0,A,A,0,Non Refund,,0,Transient,75.0,0,0
City Hotel,1,50,2015,October,43,24,1,1,2,0.0,0,BB,PRT,Groups,Direct,0,0,0,A,A,0,Non Refund,,0,Transient,75.0,0,0
City Hotel,1,50,2015,October,43,24,1,1,2,0.0,0,BB,PRT,Groups,Direct,0,0,0,A,A,0,Non Refund,,0,Transient,75.0,0,0
City Hotel,1,50,2015,October,43,24,1,1,2,0.0,0,BB,PRT,Groups,Direct,0,0,0,A,A,0,Non Refund,,0,Transient,75.0,0,0
City Hotel,1,50,2015,October,43,24,1,1,2,0.0,0,BB,PRT,Groups,Direct,0,0,0,A,A,0,Non Refund,,0,Transient,75.0,0,0
City Hotel,1,50,2015,October,43,24,1,1,2,0.0,0,BB,PRT,Groups,Direct,0,0,0,A,A,0,Non Refund,,0,Transient,75.0,0,0
City Hotel,1,50,2015,October,43,24,1,1,2,0.0,0,BB,PRT,Groups,Direct,0,0,0,A,A,0,Non Refund,,0,Transient,75.0,0,0
City Hotel,1,50,2015,October,43,24,1,1,2,0.0,0,BB,PRT,Groups,Direct,0,0,0,A,A,0,Non Refund,,0,Transient,75.0,0,0
City Hotel,0,71,2015,October,43,24,2,1,2,0.0,0,BB,FIN,Online TA,TA/TO,0,0,0,A,A,0,No Deposit,9.0,0,Contract,89.25,0,2
City Hotel,0,45,2015,October,43,24,2,2,2,0.0,0,BB,CHE,Online TA,TA/TO,0,0,0,B,B,0,No Deposit,15.0,0,Transient,76.77,0,0
City Hotel,0,45,2015,October,43,24,2,2,2,0.0,0,BB,CHE,Online TA,TA/TO,0,0,0,B,B,0,No Deposit,15.0,0,Transient,76.77,0,0
City Hotel,0,81,2015,October,43,24,2,3,2,0.0,0,BB,NLD,Online TA,TA/TO,0,0,0,A,A,0,No Deposit,9.0,0,Contract,89.25,0,2
City Hotel,0,69,2015,October,44,25,2,1,2,0.0,0,BB,PRT,Groups,TA/TO,0,0,0,A,A,0,No Deposit,37.0,58,Transient-Party,85.67,0,0
City Hotel,0,69,2015,October,44,25,2,1,2,0.0,0,BB,PRT,Groups,TA/TO,0,0,0,A,D,0,No Deposit,37.0,58,Transient-Party,85.67,0,0
City Hotel,0,69,2015,October,44,25,2,1,2,0.0,0,BB,PRT,Groups,TA/TO,0,0,0,A,A,0,No Deposit,37.0,58,Transient-Party,85.67,0,0
City Hotel,0,69,2015,October,44,25,2,1,2,0.0,0,BB,PRT,Groups,TA/TO,0,0,0,A,A,0,No Deposit,37.0,58,Transient-Party,85.67,0,0
City Hotel,0,69,2015,October,44,25,2,1,2,0.0,0,BB,PRT,Groups,TA/TO,0,0,0,A,A,0,No Deposit,37.0,58,Transient-Party,85.67,0,0
City Hotel,0,69,2015,October,44,25,2,1,2,0.0,0,BB,PRT,Groups,TA/TO,0,0,0,A,A,0,No Deposit,37.0,58,Transient-Party,85.67,0,0
City Hotel,0,69,2015,October,44,25,2,1,2,0.0,0,BB,PRT,Groups,TA/TO,0,0,0,A,A,0,No Deposit,37.0,58,Transient-Party,85.67,0,0
City Hotel,0,69,2015,October,44,25,2,1,2,0.0,0,BB,PRT,Groups,TA/TO,0,0,0,A,A,0,No Deposit,37.0,58,Transient-Party,85.67,0,0
City Hotel,0,69,2015,October,44,25,2,1,2,0.0,0,BB,PRT,Groups,TA/TO,0,0,0,A,A,0,No Deposit,37.0,58,Transient-Party,85.67,0,0
City Hotel,0,69,2015,October,44,25,2,1,2,0.0,0,BB,PRT,Groups,TA/TO,0,0,0,A,D,0,No Deposit,37.0,58,Transient-Party,85.67,0,0
City Hotel,0,69,2015,October,44,25,2,1,2,0.0,0,BB,PRT,Groups,TA/TO,0,0,0,A,A,0,No Deposit,37.0,58,Transient-Party,85.67,0,0
City Hotel,0,69,2015,October,44,25,2,1,2,0.0,0,BB,PRT,Groups,TA/TO,0,0,0,A,D,0,No Deposit,37.0,58,Transient-Party,85.67,0,0
City Hotel,0,69,2015,October,44,25,2,1,2,0.0,0,BB,PRT,Groups,TA/TO,0,0,0,A,A,0,No Deposit,37.0,58,Transient-Party,85.67,0,0
City Hotel,0,69,2015,October,44,25,2,1,2,0.0,0,BB,PRT,Groups,TA/TO,0,0,0,A,A,0,No Deposit,37.0,58,Transient-Party,85.67,0,0
City Hotel,0,69,2015,October,44,25,2,1,2,0.0,0,BB,PRT,Groups,TA/TO,0,0,0,A,A,0,No Deposit,37.0,58,Transient-Party,85.67,0,0
City Hotel,0,69,2015,October,44,25,2,1,2,0.0,0,BB,PRT,Groups,TA/TO,0,0,0,A,A,0,No Deposit,37.0,58,Transient-Party,85.67,0,0
City Hotel,0,69,2015,October,44,25,2,1,2,0.0,0,BB,PRT,Groups,TA/TO,0,0,0,A,A,0,No Deposit,37.0,58,Transient-Party,85.67,0,0
City Hotel,1,48,2015,October,44,25,2,1,2,0.0,0,BB,PRT,Online TA,TA/TO,0,0,0,A,A,0,No Deposit,9.0,0,Contract,94.5,0,0
City Hotel,0,69,2015,October,44,25,2,1,2,0.0,0,BB,PRT,Groups,TA/TO,0,0,0,A,D,0,No Deposit,37.0,58,Transient-Party,85.67,0,0
City Hotel,0,69,2015,October,44,25,2,1,2,0.0,0,BB,PRT,Groups,TA/TO,0,0,0,A,D,0,No Deposit,37.0,58,Transient-Party,85.67,0,0
City Hotel,0,69,2015,October,44,25,2,1,2,0.0,0,BB,PRT,Groups,TA/TO,0,0,0,A,D,0,No Deposit,37.0,58,Transient-Party,85.67,0,0
City Hotel,0,69,2015,October,44,25,2,1,2,0.0,0,BB,PRT,Groups,TA/TO,0,0,0,A,A,0,No Deposit,37.0,58,Transient-Party,85.67,0,0
City Hotel,0,69,2015,October,44,25,2,1,2,0.0,0,BB,PRT,Groups,TA/TO,0,0,0,A,D,0,No Deposit,37.0,58,Transient-Party,85.67,0,0
City Hotel,0,69,2015,October,44,25,2,1,2,0.0,0,BB,ISR,Groups,TA/TO,0,0,0,A,A,0,No Deposit,37.0,58,Transient-Party,85.67,0,0
City Hotel,0,69,2015,October,44,25,2,1,2,0.0,0,BB,PRT,Groups,TA/TO,0,0,0,A,A,0,No Deposit,37.0,58,Transient-Party,85.67,0,0
City Hotel,0,69,2015,October,44,25,2,1,2,0.0,0,BB,PRT,Groups,TA/TO,0,0,0,A,D,0,No Deposit,37.0,58,Transient-Party,85.67,0,0
City Hotel,0,69,2015,October,44,25,2,1,2,0.0,0,BB,PRT,Groups,TA/TO,0,0,0,A,A,0,No Deposit,37.0,58,Transient-Party,85.67,0,0
City Hotel,0,69,2015,October,44,25,2,1,2,0.0,0,BB,PRT,Groups,TA/TO,0,0,0,A,A,0,No Deposit,37.0,58,Transient-Party,85.67,0,0
City Hotel,0,69,2015,October,44,25,2,1,2,0.0,0,BB,GRC,Online TA,TA/TO,0,0,0,A,A,0,No Deposit,9.0,0,Contract,98.25,0,2
City Hotel,0,69,2015,October,44,25,2,1,2,0.0,0,BB,PRT,Groups,TA/TO,0,0,0,A,D,0,No Deposit,37.0,58,Transient-Party,85.67,0,0
City Hotel,0,69,2015,October,44,25,2,1,2,0.0,0,BB,PRT,Groups,TA/TO,0,0,0,A,D,0,No Deposit,37.0,58,Transient-Party,85.67,0,0
City Hotel,0,69,2015,October,44,25,2,1,2,0.0,0,BB,PRT,Groups,TA/TO,0,0,0,A,D,0,No Deposit,37.0,58,Transient-Party,85.67,0,0
City Hotel,0,69,2015,October,44,25,2,1,2,0.0,0,BB,PRT,Groups,TA/TO,0,0,0,A,A,0,No Deposit,37.0,58,Transient-Party,85.67,0,0
City Hotel,0,69,2015,October,44,25,2,1,2,0.0,0,BB,PRT,Groups,TA/TO,0,0,0,A,E,0,No Deposit,37.0,58,Transient-Party,85.67,0,0
City Hotel,0,69,2015,October,44,25,2,1,2,0.0,0,BB,PRT,Groups,TA/TO,0,0,0,A,A,0,No Deposit,37.0,58,Transient-Party,85.67,0,0
City Hotel,0,69,2015,October,44,25,2,1,2,0.0,0,BB,PRT,Groups,TA/TO,0,0,0,A,A,0,No Deposit,37.0,58,Transient-Party,85.67,0,0
City Hotel,0,69,2015,October,44,25,2,1,2,0.0,0,BB,PRT,Groups,TA/TO,0,0,0,A,A,0,No Deposit,37.0,58,Transient-Party,85.67,0,0
City Hotel,0,69,2015,October,44,25,2,1,2,0.0,0,BB,PRT,Groups,TA/TO,0,0,0,A,A,0,No Deposit,37.0,58,Transient-Party,85.67,0,0
City Hotel,0,69,2015,October,44,25,2,1,2,0.0,0,BB,PRT,Groups,TA/TO,0,0,0,A,A,0,No Deposit,37.0,58,Transient-Party,85.67,0,0
City Hotel,0,69,2015,October,44,25,2,1,2,0.0,0,BB,PRT,Groups,TA/TO,0,0,0,A,A,0,No Deposit,37.0,58,Transient-Party,85.67,0,0
City Hotel,0,69,2015,October,44,25,2,1,2,0.0,0,BB,PRT,Groups,TA/TO,0,0,0,A,A,0,No Deposit,37.0,58,Transient-Party,85.67,0,0
City Hotel,0,69,2015,October,44,25,2,1,2,0.0,0,BB,PRT,Groups,TA/TO,0,0,0,A,D,0,No Deposit,37.0,58,Transient-Party,85.67,0,0
City Hotel,0,69,2015,October,44,25,2,1,2,0.0,0,BB,PRT,Groups,TA/TO,0,0,0,A,A,0,No Deposit,37.0,58,Transient-Party,85.67,0,0
City Hotel,0,69,2015,October,44,25,2,1,2,0.0,0,BB,PRT,Groups,TA/TO,0,0,0,A,D,0,No Deposit,37.0,58,Transient-Party,85.67,0,0
City Hotel,0,69,2015,October,44,25,2,1,2,0.0,0,BB,PRT,Groups,TA/TO,0,0,0,A,D,0,No Deposit,37.0,58,Transient-Party,85.67,0,0
City Hotel,0,69,2015,October,44,25,2,1,2,0.0,0,BB,ISR,Groups,TA/TO,0,0,0,A,D,0,No Deposit,37.0,58,Transient-Party,85.67,0,0
City Hotel,0,69,2015,October,44,25,2,1,2,0.0,0,BB,PRT,Groups,TA/TO,0,0,0,A,D,0,No Deposit,37.0,58,Transient-Party,85.67,0,0
City Hotel,0,69,2015,October,44,25,2,1,2,0.0,0,BB,PRT,Groups,TA/TO,0,0,0,A,A,0,No Deposit,37.0,58,Transient-Party,85.67,0,0
City Hotel,0,69,2015,October,44,25,2,1,2,0.0,0,BB,PRT,Groups,TA/TO,0,0,0,A,D,0,No Deposit,37.0,58,Transient-Party,85.67,0,0
City Hotel,0,69,2015,October,44,25,2,1,2,0.0,0,BB,PRT,Groups,TA/TO,0,0,0,A,A,0,No Deposit,37.0,58,Transient-Party,85.67,0,0
City Hotel,0,69,2015,October,44,25,2,1,2,0.0,0,BB,PRT,Groups,TA/TO,0,0,0,A,D,0,No Deposit,37.0,58,Transient-Party,85.67,0,0
City Hotel,0,69,2015,October,44,25,2,1,2,0.0,0,BB,PRT,Groups,TA/TO,0,0,0,A,D,0,No Deposit,37.0,58,Transient-Party,85.67,0,0
City Hotel,0,69,2015,October,44,25,2,1,2,0.0,0,BB,PRT,Groups,TA/TO,0,0,0,A,D,0,No Deposit,37.0,58,Transient-Party,85.67,0,0
City Hotel,0,69,2015,October,44,25,2,1,2,0.0,0,BB,PRT,Groups,TA/TO,0,0,0,A,D,0,No Deposit,37.0,58,Transient-Party,85.67,0,0
City Hotel,0,69,2015,October,44,25,2,1,2,0.0,0,BB,PRT,Groups,TA/TO,0,0,0,A,A,0,No Deposit,37.0,58,Transient-Party,85.67,0,0
City Hotel,0,69,2015,October,44,25,2,1,2,0.0,0,BB,PRT,Groups,TA/TO,0,0,0,A,A,0,No Deposit,37.0,58,Transient-Party,85.67,0,0
City Hotel,0,69,2015,October,44,25,2,1,2,0.0,0,BB,PRT,Groups,TA/TO,0,0,0,A,A,0,No Deposit,37.0,58,Transient-Party,85.67,0,0
City Hotel,0,69,2015,October,44,25,2,1,2,0.0,0,BB,PRT,Groups,TA/TO,0,0,0,A,A,0,No Deposit,37.0,58,Transient-Party,85.67,0,0
City Hotel,0,69,2015,October,44,25,2,1,2,0.0,0,BB,PRT,Groups,TA/TO,0,0,0,A,A,0,No Deposit,37.0,58,Transient-Party,85.67,0,0
City Hotel,0,69,2015,October,44,25,2,1,2,0.0,0,BB,PRT,Groups,TA/TO,0,0,0,A,A,0,No Deposit,37.0,58,Transient-Party,85.67,0,0
City Hotel,0,69,2015,October,44,25,2,1,2,0.0,0,BB,PRT,Groups,TA/TO,0,0,0,A,A,0,No Deposit,37.0,58,Transient-Party,85.67,0,0
City Hotel,0,69,2015,October,44,25,2,1,2,0.0,0,BB,PRT,Groups,TA/TO,0,0,0,A,D,0,No Deposit,37.0,58,Transient-Party,85.67,0,0
City Hotel,0,69,2015,October,44,25,2,1,2,0.0,0,BB,PRT,Groups,TA/TO,0,0,0,A,A,0,No Deposit,37.0,58,Transient-Party,85.67,0,0
City Hotel,0,69,2015,October,44,25,2,1,2,0.0,0,BB,PRT,Groups,TA/TO,0,0,0,A,A,0,No Deposit,37.0,58,Transient-Party,85.67,0,0
City Hotel,0,69,2015,October,44,25,2,1,2,0.0,0,BB,PRT,Groups,TA/TO,0,0,0,A,A,0,No Deposit,37.0,58,Transient-Party,85.67,0,0
City Hotel,0,69,2015,October,44,25,2,1,2,0.0,0,BB,PRT,Groups,TA/TO,0,0,0,A,A,0,No Deposit,37.0,58,Transient-Party,85.67,0,0
City Hotel,0,69,2015,October,44,25,2,1,2,0.0,0,BB,PRT,Groups,TA/TO,0,0,0,A,D,0,No Deposit,37.0,58,Transient-Party,85.67,0,0
City Hotel,0,69,2015,October,44,25,2,1,2,0.0,0,BB,PRT,Groups,TA/TO,0,0,0,A,A,0,No Deposit,37.0,58,Transient-Party,85.67,0,0
City Hotel,0,69,2015,October,44,25,2,1,2,0.0,0,BB,PRT,Groups,TA/TO,0,0,0,A,A,0,No Deposit,37.0,58,Transient-Party,85.67,0,0
City Hotel,0,69,2015,October,44,25,2,1,2,0.0,0,BB,PRT,Groups,TA/TO,0,0,0,A,A,0,No Deposit,37.0,58,Transient-Party,85.67,0,0
City Hotel,0,69,2015,October,44,25,2,1,2,0.0,0,BB,PRT,Groups,TA/TO,0,0,0,A,A,0,No Deposit,37.0,58,Transient-Party,85.67,0,0
City Hotel,1,60,2015,October,44,25,2,2,2,0.0,0,BB,PRT,Online TA,TA/TO,0,0,0,A,A,0,No Deposit,9.0,0,Contract,89.25,0,2
City Hotel,1,81,2015,October,44,25,2,2,2,0.0,0,BB,PRT,Online TA,TA/TO,0,0,0,A,A,0,No Deposit,9.0,0,Contract,89.25,0,1
City Hotel,0,48,2015,October,44,25,2,3,2,0.0,0,HB,FRA,Offline TA/TO,TA/TO,0,0,0,B,B,0,No Deposit,66.0,0,Transient-Party,94.88,0,0
City Hotel,0,132,2015,October,44,25,2,3,2,0.0,0,BB,FRA,Online TA,TA/TO,0,0,0,A,A,0,No Deposit,9.0,0,Transient-Party,89.25,0,1
City Hotel,0,48,2015,October,44,25,2,3,2,0.0,0,HB,PRT,Offline TA/TO,TA/TO,0,0,0,B,B,0,No Deposit,66.0,0,Transient-Party,112.88,0,0
City Hotel,0,60,2015,October,44,25,2,4,2,0.0,0,BB,NLD,Direct,Direct,0,0,0,B,B,0,No Deposit,14.0,0,Transient-Party,85.42,0,1
City Hotel,0,90,2015,October,44,25,2,4,2,0.0,0,BB,NLD,Online TA,TA/TO,0,0,0,A,A,0,No Deposit,9.0,0,Contract,89.25,0,0
City Hotel,0,60,2015,October,44,25,2,4,2,0.0,0,BB,NLD,Direct,Direct,0,0,0,B,B,0,No Deposit,14.0,0,Transient-Party,85.43,0,1
City Hotel,0,122,2015,October,44,25,2,2,2,0.0,0,BB,BEL,Online TA,TA/TO,0,0,0,A,A,0,No Deposit,9.0,0,Transient,89.25,0,1
City Hotel,1,81,2015,October,44,25,2,2,2,0.0,0,BB,PRT,Online TA,TA/TO,0,0,0,A,A,0,No Deposit,9.0,0,Contract,89.25,0,1
City Hotel,0,132,2015,October,44,25,2,3,2,0.0,0,BB,FRA,Online TA,TA/TO,0,0,0,A,A,0,No Deposit,9.0,0,Transient-Party,89.25,0,1
City Hotel,1,61,2015,October,44,26,1,1,2,0.0,0,BB,PRT,Offline TA/TO,TA/TO,0,0,0,A,A,0,No Deposit,6.0,0,Transient,72.24,0,1
City Hotel,1,61,2015,October,44,26,1,1,2,0.0,0,BB,PRT,Offline TA/TO,TA/TO,0,0,0,A,A,0,No Deposit,6.0,0,Transient,72.24,0,1
City Hotel,0,61,2015,October,44,26,1,1,2,0.0,0,BB,PRT,Offline TA/TO,TA/TO,0,0,0,A,A,0,No Deposit,6.0,0,Transient,72.24,0,1
City Hotel,0,35,2015,October,44,26,1,1,2,0.0,0,BB,PRT,Offline TA/TO,TA/TO,0,0,0,A,A,0,No Deposit,6.0,0,Transient,76.5,0,1
City Hotel,1,61,2015,October,44,26,1,1,2,0.0,0,BB,PRT,Offline TA/TO,TA/TO,0,0,0,A,A,0,No Deposit,6.0,0,Transient,72.24,0,1
City Hotel,1,61,2015,October,44,26,1,1,2,0.0,0,BB,PRT,Offline TA/TO,TA/TO,0,0,0,A,A,0,No Deposit,6.0,0,Transient,72.24,0,1
City Hotel,0,35,2015,October,44,26,1,1,2,0.0,0,BB,PRT,Offline TA/TO,TA/TO,0,0,0,A,A,0,No Deposit,6.0,0,Transient,76.5,0,1
City Hotel,0,61,2015,October,44,26,1,1,2,0.0,0,BB,PRT,Offline TA/TO,TA/TO,0,0,0,A,A,0,No Deposit,6.0,0,Transient,72.24,0,1
City Hotel,0,35,2015,October,44,26,1,1,2,0.0,0,BB,PRT,Offline TA/TO,TA/TO,0,0,0,A,A,0,No Deposit,6.0,0,Transient,76.5,0,1
City Hotel,1,61,2015,October,44,26,1,1,2,0.0,0,BB,PRT,Offline TA/TO,TA/TO,0,0,0,A,A,0,No Deposit,6.0,0,Transient,72.24,0,1
City Hotel,0,61,2015,October,44,26,1,1,2,0.0,0,BB,CHN,Offline TA/TO,TA/TO,0,0,0,A,A,0,No Deposit,6.0,0,Transient,72.24,0,1
City Hotel,0,35,2015,October,44,26,1,1,2,0.0,0,BB,PRT,Offline TA/TO,TA/TO,0,0,0,A,A,0,No Deposit,6.0,0,Transient,76.5,0,1
City Hotel,0,35,2015,October,44,26,1,1,2,0.0,0,BB,PRT,Offline TA/TO,TA/TO,0,0,0,A,A,0,No Deposit,6.0,0,Transient,76.5,0,1
City Hotel,0,53,2015,October,44,26,1,2,2,0.0,0,BB,NLD,Online TA,TA/TO,0,0,0,A,A,0,No Deposit,9.0,0,Contract,94.5,0,1
City Hotel,0,73,2015,October,44,26,1,3,2,0.0,0,BB,IRL,Online TA,TA/TO,0,0,0,A,A,0,No Deposit,9.0,0,Contract,89.25,0,1
City Hotel,0,116,2015,October,44,27,0,3,2,0.0,0,BB,NLD,Online TA,TA/TO,0,0,0,A,A,0,No Deposit,9.0,0,Transient,89.25,0,0
City Hotel,0,61,2015,October,44,27,0,5,2,0.0,0,BB,GBR,Online TA,TA/TO,0,0,0,D,A,0,No Deposit,7.0,0,Transient,74.61,0,1
City Hotel,0,63,2015,October,44,27,0,5,2,0.0,0,BB,GBR,Online TA,TA/TO,0,0,0,A,A,0,No Deposit,9.0,0,Contract,72.25,0,3
City Hotel,0,63,2015,October,44,27,0,5,2,0.0,0,BB,GBR,Online TA,TA/TO,0,0,0,A,A,0,No Deposit,9.0,0,Contract,72.25,0,3
City Hotel,0,74,2015,October,44,28,0,2,2,0.0,0,BB,ITA,Online TA,TA/TO,0,0,0,A,A,0,No Deposit,9.0,0,Transient,89.25,0,1
City Hotel,1,65,2015,October,44,28,0,2,2,0.0,0,BB,PRT,Online TA,TA/TO,0,0,0,A,A,0,No Deposit,9.0,0,Contract,97.33,0,2
City Hotel,0,61,2015,October,44,28,0,2,2,0.0,0,BB,FRA,Online TA,TA/TO,0,0,0,A,A,0,No Deposit,9.0,0,Contract,89.25,0,2
City Hotel,0,72,2015,October,44,28,0,3,2,0.0,0,BB,ISR,Groups,TA/TO,0,0,0,A,A,0,No Deposit,37.0,58,Transient-Party,85.67,0,0
City Hotel,0,72,2015,October,44,28,0,3,2,0.0,0,BB,ISR,Groups,TA/TO,0,0,0,A,A,0,No Deposit,37.0,58,Transient-Party,85.67,0,0
City Hotel,0,72,2015,October,44,28,0,3,2,0.0,0,BB,ISR,Groups,TA/TO,0,0,0,A,D,0,No Deposit,37.0,58,Transient-Party,85.67,0,0
City Hotel,0,72,2015,October,44,28,0,3,2,0.0,0,BB,ISR,Groups,TA/TO,0,0,0,A,A,0,No Deposit,37.0,58,Transient-Party,85.67,0,0
City Hotel,0,72,2015,October,44,28,0,3,2,0.0,0,BB,ISR,Groups,TA/TO,0,0,0,A,A,0,No Deposit,37.0,58,Transient-Party,85.67,0,0
City Hotel,0,72,2015,October,44,28,0,3,2,0.0,0,BB,ISR,Groups,TA/TO,0,0,0,A,A,0,No Deposit,37.0,58,Transient-Party,85.67,0,1
City Hotel,0,72,2015,October,44,28,0,3,2,0.0,0,BB,ISR,Groups,TA/TO,0,0,0,A,A,0,No Deposit,37.0,58,Transient-Party,85.67,0,1
City Hotel,0,72,2015,October,44,28,0,3,2,0.0,0,BB,ISR,Groups,TA/TO,0,0,0,A,D,0,No Deposit,37.0,58,Transient-Party,85.67,0,0
City Hotel,0,72,2015,October,44,28,0,3,2,0.0,0,BB,ISR,Groups,TA/TO,0,0,0,A,D,0,No Deposit,37.0,58,Transient-Party,85.67,0,0
City Hotel,0,72,2015,October,44,28,0,3,2,0.0,0,BB,ISR,Groups,TA/TO,0,0,0,A,A,0,No Deposit,37.0,58,Transient-Party,85.67,0,0
City Hotel,0,72,2015,October,44,28,0,3,2,0.0,0,BB,ISR,Groups,TA/TO,0,0,0,A,D,0,No Deposit,37.0,58,Transient-Party,85.67,0,0
City Hotel,0,72,2015,October,44,28,0,3,2,0.0,0,BB,ISR,Groups,TA/TO,0,0,0,A,D,0,No Deposit,37.0,58,Transient-Party,85.67,0,0
City Hotel,0,72,2015,October,44,28,0,3,2,0.0,0,BB,ISR,Groups,TA/TO,0,0,0,A,A,0,No Deposit,37.0,58,Transient-Party,85.67,0,1
City Hotel,0,72,2015,October,44,28,0,3,2,0.0,0,BB,ISR,Groups,TA/TO,0,0,0,A,A,0,No Deposit,37.0,58,Transient-Party,85.67,0,0
City Hotel,0,72,2015,October,44,28,0,3,2,0.0,0,BB,ISR,Groups,TA/TO,0,0,0,A,D,0,No Deposit,37.0,58,Transient-Party,85.67,0,0
City Hotel,0,72,2015,October,44,28,0,3,2,0.0,0,BB,PRT,Groups,TA/TO,0,0,0,A,D,0,No Deposit,37.0,58,Transient-Party,85.67,0,0
City Hotel,0,72,2015,October,44,28,0,3,2,0.0,0,BB,PRT,Groups,TA/TO,0,0,0,A,A,0,No Deposit,37.0,58,Transient-Party,85.67,0,0
City Hotel,0,72,2015,October,44,28,0,3,2,0.0,0,BB,ISR,Groups,TA/TO,0,0,0,A,A,0,No Deposit,37.0,58,Transient-Party,85.67,0,1
City Hotel,0,72,2015,October,44,28,0,3,2,0.0,0,BB,ISR,Groups,TA/TO,0,0,0,A,A,0,No Deposit,37.0,58,Transient-Party,85.67,0,1
City Hotel,0,72,2015,October,44,28,0,3,2,0.0,0,BB,ISR,Groups,TA/TO,0,0,0,A,A,0,No Deposit,37.0,58,Transient-Party,85.67,0,0
City Hotel,0,72,2015,October,44,28,0,3,2,0.0,0,BB,ISR,Groups,TA/TO,0,0,0,A,A,0,No Deposit,37.0,58,Transient-Party,85.67,0,0
City Hotel,0,72,2015,October,44,28,0,3,2,0.0,0,BB,PRT,Groups,TA/TO,0,0,0,A,A,0,No Deposit,37.0,58,Transient-Party,85.67,0,0
City Hotel,0,72,2015,October,44,28,0,3,2,0.0,0,BB,PRT,Groups,TA/TO,0,0,0,A,A,0,No Deposit,37.0,58,Transient-Party,85.67,0,0
City Hotel,0,72,2015,October,44,28,0,3,2,0.0,0,BB,ISR,Groups,TA/TO,0,0,0,A,D,0,No Deposit,37.0,58,Transient-Party,85.67,0,1
City Hotel,0,72,2015,October,44,28,0,3,2,0.0,0,BB,ISR,Groups,TA/TO,0,0,0,A,A,0,No Deposit,37.0,58,Transient-Party,85.67,0,1
City Hotel,0,72,2015,October,44,28,0,3,2,0.0,0,BB,ISR,Groups,TA/TO,0,0,0,A,D,0,No Deposit,37.0,58,Transient-Party,85.67,0,0
City Hotel,0,72,2015,October,44,28,0,3,2,0.0,0,BB,ISR,Groups,TA/TO,0,0,0,A,D,0,No Deposit,37.0,58,Transient-Party,85.67,0,0
City Hotel,0,72,2015,October,44,28,0,3,2,0.0,0,BB,PRT,Groups,TA/TO,0,0,0,A,A,0,No Deposit,37.0,58,Transient-Party,85.67,0,0
City Hotel,0,72,2015,October,44,28,0,3,2,0.0,0,BB,PRT,Groups,TA/TO,0,0,0,A,A,0,No Deposit,37.0,58,Transient-Party,85.67,0,0
City Hotel,0,72,2015,October,44,28,0,3,2,0.0,0,BB,ISR,Groups,TA/TO,0,0,0,A,A,0,No Deposit,37.0,58,Transient-Party,85.67,0,0
City Hotel,0,72,2015,October,44,28,0,3,2,0.0,0,BB,ISR,Groups,TA/TO,0,0,0,A,D,0,No Deposit,37.0,58,Transient-Party,85.67,0,1
City Hotel,0,72,2015,October,44,28,0,3,2,0.0,0,BB,ISR,Groups,TA/TO,0,0,0,A,D,0,No Deposit,37.0,58,Transient-Party,85.67,0,0
City Hotel,0,72,2015,October,44,28,0,3,2,0.0,0,BB,ISR,Groups,TA/TO,0,0,0,A,D,0,No Deposit,37.0,58,Transient-Party,85.67,0,0
City Hotel,0,72,2015,October,44,28,0,3,2,0.0,0,BB,ISR,Groups,TA/TO,0,0,0,A,A,0,No Deposit,37.0,58,Transient-Party,85.67,0,0
City Hotel,0,72,2015,October,44,28,0,3,2,0.0,0,BB,ISR,Groups,TA/TO,0,0,0,A,A,0,No Deposit,37.0,58,Transient-Party,85.67,0,1
City Hotel,0,72,2015,October,44,28,0,3,2,0.0,0,BB,ISR,Groups,TA/TO,0,0,0,A,A,0,No Deposit,37.0,58,Transient-Party,85.67,0,1
City Hotel,0,72,2015,October,44,28,0,3,2,0.0,0,BB,ISR,Groups,TA/TO,0,0,0,A,A,0,No Deposit,37.0,58,Transient-Party,85.67,0,0
City Hotel,0,72,2015,October,44,28,0,3,2,0.0,0,BB,ISR,Groups,TA/TO,0,0,0,A,A,0,No Deposit,37.0,58,Transient-Party,85.67,0,0
City Hotel,0,72,2015,October,44,28,0,3,2,0.0,0,BB,PRT,Groups,TA/TO,0,0,0,A,A,0,No Deposit,37.0,58,Transient-Party,85.67,0,0
City Hotel,0,72,2015,October,44,28,0,3,2,0.0,0,BB,ISR,Groups,TA/TO,0,0,0,A,A,0,No Deposit,37.0,58,Transient-Party,85.67,0,0
City Hotel,0,72,2015,October,44,28,0,3,2,0.0,0,BB,PRT,Groups,TA/TO,0,0,0,A,A,0,No Deposit,37.0,58,Transient-Party,85.67,0,0
City Hotel,0,72,2015,October,44,28,0,3,2,0.0,0,BB,ISR,Groups,TA/TO,0,0,0,A,A,0,No Deposit,37.0,58,Transient-Party,85.67,0,1
City Hotel,0,72,2015,October,44,28,0,3,2,0.0,0,BB,ISR,Groups,TA/TO,0,0,0,A,A,0,No Deposit,37.0,58,Transient-Party,85.67,0,0
City Hotel,0,72,2015,October,44,28,0,3,2,0.0,0,BB,PRT,Groups,TA/TO,0,0,0,A,A,0,No Deposit,37.0,58,Transient-Party,85.67,0,0
City Hotel,0,72,2015,October,44,28,0,3,2,0.0,0,BB,ISR,Groups,TA/TO,0,0,0,A,D,0,No Deposit,37.0,58,Transient-Party,85.67,0,0
City Hotel,0,72,2015,October,44,28,0,3,2,0.0,0,BB,ISR,Groups,TA/TO,0,0,0,A,D,0,No Deposit,37.0,58,Transient-Party,85.67,0,0
City Hotel,0,72,2015,October,44,28,0,3,2,0.0,0,BB,ISR,Groups,TA/TO,0,0,0,A,A,0,No Deposit,37.0,58,Transient-Party,85.67,0,1
City Hotel,0,72,2015,October,44,28,0,3,2,0.0,0,BB,ISR,Groups,TA/TO,0,0,0,A,A,0,No Deposit,37.0,58,Transient-Party,85.67,0,1
City Hotel,0,72,2015,October,44,28,0,3,2,0.0,0,BB,ISR,Groups,TA/TO,0,0,0,A,A,0,No Deposit,37.0,58,Transient-Party,85.67,0,0
City Hotel,0,72,2015,October,44,28,0,3,2,0.0,0,BB,PRT,Groups,TA/TO,0,0,0,A,A,0,No Deposit,37.0,58,Transient-Party,85.67,0,0
City Hotel,0,72,2015,October,44,28,0,3,2,0.0,0,BB,ISR,Groups,TA/TO,0,0,0,A,A,0,No Deposit,37.0,58,Transient-Party,85.67,0,0
City Hotel,0,72,2015,October,44,28,0,3,2,0.0,0,BB,ISR,Groups,TA/TO,0,0,0,A,D,0,No Deposit,37.0,58,Transient-Party,85.67,0,0
City Hotel,0,72,2015,October,44,28,0,3,2,0.0,0,BB,ISR,Groups,TA/TO,0,0,0,A,D,0,No Deposit,37.0,58,Transient-Party,85.67,0,0
City Hotel,0,72,2015,October,44,28,0,3,2,0.0,0,BB,ISR,Groups,TA/TO,0,0,0,A,A,0,No Deposit,37.0,58,Transient-Party,85.67,0,0
City Hotel,0,72,2015,October,44,28,0,3,2,0.0,0,BB,ISR,Groups,TA/TO,0,0,0,A,A,0,No Deposit,37.0,58,Transient-Party,85.67,0,0
City Hotel,0,72,2015,October,44,28,0,3,2,0.0,0,BB,ISR,Groups,TA/TO,0,0,0,A,A,0,No Deposit,37.0,58,Transient-Party,85.67,0,0
City Hotel,0,72,2015,October,44,28,0,3,2,0.0,0,BB,PRT,Groups,TA/TO,0,0,0,A,A,0,No Deposit,37.0,58,Transient-Party,85.67,0,0
City Hotel,0,72,2015,October,44,28,0,3,2,0.0,0,BB,ISR,Groups,TA/TO,0,0,0,A,A,0,No Deposit,37.0,58,Transient-Party,85.67,0,0
City Hotel,0,72,2015,October,44,28,0,3,2,0.0,0,BB,ISR,Groups,TA/TO,0,0,0,A,A,0,No Deposit,37.0,58,Transient-Party,85.67,0,1
City Hotel,0,72,2015,October,44,28,0,3,2,0.0,0,BB,ISR,Groups,TA/TO,0,0,0,A,D,0,No Deposit,37.0,58,Transient-Party,85.67,0,0
City Hotel,0,72,2015,October,44,28,0,3,2,0.0,0,BB,ISR,Groups,TA/TO,0,0,0,A,A,0,No Deposit,37.0,58,Transient-Party,85.67,0,0
City Hotel,0,72,2015,October,44,28,0,3,2,0.0,0,BB,ISR,Groups,TA/TO,0,0,0,A,A,0,No Deposit,37.0,58,Transient-Party,85.67,0,0
City Hotel,0,72,2015,October,44,28,0,3,2,0.0,0,BB,ISR,Groups,TA/TO,0,0,0,A,A,0,No Deposit,37.0,58,Transient-Party,85.67,0,0
City Hotel,0,72,2015,October,44,28,0,3,2,0.0,0,BB,ISR,Groups,TA/TO,0,0,0,A,A,0,No Deposit,37.0,58,Transient-Party,85.67,0,0
City Hotel,0,72,2015,October,44,28,0,3,2,0.0,0,BB,ISR,Groups,TA/TO,0,0,0,A,A,0,No Deposit,37.0,58,Transient-Party,85.67,0,1
City Hotel,0,72,2015,October,44,28,0,3,2,0.0,0,BB,ISR,Groups,TA/TO,0,0,0,A,A,0,No Deposit,37.0,58,Transient-Party,85.67,0,1
City Hotel,0,72,2015,October,44,28,0,3,2,0.0,0,BB,ISR,Groups,TA/TO,0,0,0,A,A,0,No Deposit,37.0,58,Transient-Party,85.67,0,0
City Hotel,0,72,2015,October,44,28,0,3,2,0.0,0,BB,ISR,Groups,TA/TO,0,0,0,A,D,0,No Deposit,37.0,58,Transient-Party,85.67,0,0
City Hotel,0,72,2015,October,44,28,0,3,2,0.0,0,BB,ISR,Groups,TA/TO,0,0,0,A,A,0,No Deposit,37.0,58,Transient-Party,85.67,0,0
City Hotel,0,72,2015,October,44,28,0,3,2,0.0,0,BB,ISR,Groups,TA/TO,0,0,0,A,D,0,No Deposit,37.0,58,Transient-Party,85.67,0,0
City Hotel,0,72,2015,October,44,28,0,3,2,0.0,0,BB,ISR,Groups,TA/TO,0,0,0,A,A,0,No Deposit,37.0,58,Transient-Party,85.67,0,1
City Hotel,0,51,2015,October,44,28,0,4,2,0.0,0,SC,FRA,Online TA,TA/TO,0,0,0,A,A,0,No Deposit,11.0,0,Transient,62.21,0,0
City Hotel,0,59,2015,October,44,29,0,2,2,0.0,0,BB,PRT,Offline TA/TO,TA/TO,0,0,0,A,A,0,No Deposit,63.0,0,Transient-Party,85.0,0,0
City Hotel,0,59,2015,October,44,29,0,2,2,0.0,0,BB,PRT,Offline TA/TO,TA/TO,0,0,0,A,A,0,No Deposit,63.0,0,Transient-Party,85.0,0,0
City Hotel,0,59,2015,October,44,29,0,2,2,0.0,0,BB,PRT,Offline TA/TO,TA/TO,0,0,0,A,A,0,No Deposit,63.0,0,Transient-Party,85.0,0,0
City Hotel,0,59,2015,October,44,29,0,2,2,0.0,0,BB,PRT,Offline TA/TO,TA/TO,0,0,0,A,E,0,No Deposit,63.0,0,Transient-Party,85.0,0,0
City Hotel,0,59,2015,October,44,29,0,2,2,0.0,0,BB,PRT,Offline TA/TO,TA/TO,0,0,0,A,A,0,No Deposit,63.0,0,Transient-Party,85.0,0,0
City Hotel,0,59,2015,October,44,29,0,2,2,0.0,0,BB,PRT,Offline TA/TO,TA/TO,0,0,0,A,A,0,No Deposit,63.0,0,Transient-Party,85.0,0,0
City Hotel,0,59,2015,October,44,29,0,2,2,0.0,0,BB,PRT,Offline TA/TO,TA/TO,0,0,0,A,A,0,No Deposit,63.0,0,Transient-Party,85.0,0,0
City Hotel,0,59,2015,October,44,29,0,3,2,0.0,0,BB,FRA,Online TA,TA/TO,0,0,0,A,A,0,No Deposit,9.0,0,Contract,72.25,0,2
City Hotel,0,59,2015,October,44,29,0,3,2,0.0,0,BB,FRA,Online TA,TA/TO,0,0,0,A,A,0,No Deposit,9.0,0,Contract,72.25,0,2
City Hotel,0,65,2015,October,44,29,1,3,2,0.0,0,BB,ESP,Online TA,TA/TO,0,0,0,A,A,0,No Deposit,9.0,0,Contract,93.08,0,2
City Hotel,0,152,2015,October,44,29,1,3,2,0.0,0,BB,DEU,Offline TA/TO,TA/TO,0,0,0,A,A,0,No Deposit,16.0,0,Transient,56.52,0,0
City Hotel,0,58,2015,October,44,29,2,3,2,0.0,0,BB,DEU,Online TA,TA/TO,0,0,0,A,A,0,No Deposit,9.0,0,Transient,97.47,0,1
City Hotel,1,64,2015,October,44,30,0,2,2,0.0,0,BB,PRT,Direct,Direct,0,0,0,A,A,0,No Deposit,,0,Transient,76.5,0,0
City Hotel,0,58,2015,October,44,30,0,2,2,0.0,0,SC,IRL,Online TA,TA/TO,0,0,0,A,A,0,No Deposit,7.0,0,Transient,66.53,0,1
City Hotel,1,64,2015,October,44,30,0,2,2,0.0,0,BB,PRT,Direct,Direct,0,0,0,A,A,0,No Deposit,,0,Transient,76.5,0,0
City Hotel,1,99,2015,October,44,30,2,2,2,0.0,0,BB,PRT,Offline TA/TO,TA/TO,0,0,0,A,A,0,Non Refund,3.0,0,Transient,65.0,0,0
City Hotel,1,99,2015,October,44,30,2,2,2,0.0,0,BB,PRT,Offline TA/TO,TA/TO,0,0,0,A,A,0,Non Refund,3.0,0,Transient,65.0,0,0
City Hotel,1,99,2015,October,44,30,2,2,2,0.0,0,BB,PRT,Offline TA/TO,TA/TO,0,0,0,A,A,0,Non Refund,3.0,0,Transient,65.0,0,0
City Hotel,1,99,2015,October,44,30,2,2,2,0.0,0,BB,PRT,Offline TA/TO,TA/TO,0,0,0,A,A,0,Non Refund,3.0,0,Transient,65.0,0,0
City Hotel,1,99,2015,October,44,30,2,2,2,0.0,0,BB,PRT,Offline TA/TO,TA/TO,0,0,0,A,A,0,Non Refund,3.0,0,Transient,65.0,0,0
City Hotel,1,99,2015,October,44,30,2,2,2,0.0,0,BB,PRT,Offline TA/TO,TA/TO,0,0,0,A,A,0,Non Refund,3.0,0,Transient,65.0,0,0
City Hotel,1,99,2015,October,44,30,2,2,2,0.0,0,BB,PRT,Offline TA/TO,TA/TO,0,0,0,A,A,0,Non Refund,3.0,0,Transient,65.0,0,0
City Hotel,1,99,2015,October,44,30,2,2,2,0.0,0,BB,PRT,Offline TA/TO,TA/TO,0,0,0,A,A,0,Non Refund,3.0,0,Transient,65.0,0,0
City Hotel,1,99,2015,October,44,30,2,2,2,0.0,0,BB,PRT,Offline TA/TO,TA/TO,0,0,0,A,A,0,Non Refund,3.0,0,Transient,65.0,0,0
City Hotel,1,99,2015,October,44,30,2,2,2,0.0,0,BB,PRT,Offline TA/TO,TA/TO,0,0,0,A,A,0,Non Refund,3.0,0,Transient,65.0,0,0
City Hotel,1,99,2015,October,44,30,2,2,2,0.0,0,BB,PRT,Offline TA/TO,TA/TO,0,0,0,A,A,0,Non Refund,3.0,0,Transient,65.0,0,0
City Hotel,1,99,2015,October,44,30,2,2,2,0.0,0,BB,PRT,Offline TA/TO,TA/TO,0,0,0,A,A,0,Non Refund,3.0,0,Transient,65.0,0,0
City Hotel,1,99,2015,October,44,30,2,2,2,0.0,0,BB,PRT,Offline TA/TO,TA/TO,0,0,0,A,A,0,Non Refund,3.0,0,Transient,65.0,0,0
City Hotel,1,99,2015,October,44,30,2,2,2,0.0,0,BB,PRT,Offline TA/TO,TA/TO,0,0,0,A,A,0,Non Refund,3.0,0,Transient,65.0,0,0
City Hotel,1,99,2015,October,44,30,2,2,2,0.0,0,BB,PRT,Offline TA/TO,TA/TO,0,0,0,A,A,0,Non Refund,3.0,0,Transient,65.0,0,0
City Hotel,1,99,2015,October,44,30,2,2,2,0.0,0,BB,PRT,Offline TA/TO,TA/TO,0,0,0,A,A,0,Non Refund,3.0,0,Transient,65.0,0,0
City Hotel,1,99,2015,October,44,30,2,2,2,0.0,0,BB,PRT,Offline TA/TO,TA/TO,0,0,0,A,A,0,Non Refund,3.0,0,Transient,65.0,0,0
City Hotel,1,99,2015,October,44,30,2,2,2,0.0,0,BB,PRT,Offline TA/TO,TA/TO,0,0,0,A,A,0,Non Refund,3.0,0,Transient,65.0,0,0
City Hotel,1,99,2015,October,44,30,2,2,2,0.0,0,BB,PRT,Offline TA/TO,TA/TO,0,0,0,A,A,0,Non Refund,3.0,0,Transient,65.0,0,0
City Hotel,1,99,2015,October,44,30,2,2,2,0.0,0,BB,PRT,Offline TA/TO,TA/TO,0,0,0,A,A,0,Non Refund,3.0,0,Transient,65.0,0,0
City Hotel,1,99,2015,October,44,30,2,2,2,0.0,0,BB,PRT,Offline TA/TO,TA/TO,0,0,0,A,A,0,Non Refund,3.0,0,Transient,65.0,0,0
City Hotel,1,99,2015,October,44,30,2,2,2,0.0,0,BB,PRT,Offline TA/TO,TA/TO,0,0,0,A,A,0,Non Refund,3.0,0,Transient,65.0,0,0
City Hotel,1,99,2015,October,44,30,2,2,2,0.0,0,BB,PRT,Offline TA/TO,TA/TO,0,0,0,A,A,0,Non Refund,3.0,0,Transient,65.0,0,0
City Hotel,1,99,2015,October,44,30,2,2,2,0.0,0,BB,PRT,Offline TA/TO,TA/TO,0,0,0,A,A,0,Non Refund,3.0,0,Transient,65.0,0,0
City Hotel,1,99,2015,October,44,30,2,2,2,0.0,0,BB,PRT,Offline TA/TO,TA/TO,0,0,0,A,A,0,Non Refund,3.0,0,Transient,65.0,0,0
City Hotel,0,100,2015,October,44,31,1,1,2,0.0,0,BB,ESP,Groups,TA/TO,0,0,0,A,A,0,No Deposit,1.0,0,Transient-Party,62.0,0,0
City Hotel,0,100,2015,October,44,31,1,1,2,0.0,0,BB,ESP,Groups,TA/TO,0,0,0,A,A,0,No Deposit,1.0,0,Transient-Party,62.0,0,0
City Hotel,1,100,2015,October,44,31,1,1,2,0.0,0,BB,PRT,Groups,TA/TO,0,0,0,A,A,0,No Deposit,1.0,0,Transient-Party,62.0,0,0
City Hotel,1,100,2015,October,44,31,1,1,2,0.0,0,BB,PRT,Groups,TA/TO,0,0,0,A,A,0,No Deposit,1.0,0,Transient-Party,62.0,0,0
City Hotel,1,100,2015,October,44,31,1,1,2,0.0,0,BB,PRT,Groups,TA/TO,0,0,0,A,A,0,No Deposit,1.0,0,Transient-Party,62.0,0,0
City Hotel,1,100,2015,October,44,31,1,1,2,0.0,0,BB,PRT,Groups,TA/TO,0,0,0,A,A,0,No Deposit,1.0,0,Transient-Party,62.0,0,0
City Hotel,1,100,2015,October,44,31,1,1,2,0.0,0,BB,PRT,Groups,TA/TO,0,0,0,A,A,0,No Deposit,1.0,0,Transient-Party,62.0,0,0
City Hotel,0,100,2015,October,44,31,1,1,2,0.0,0,BB,ESP,Groups,TA/TO,0,0,0,A,A,0,No Deposit,1.0,0,Transient-Party,62.0,0,0
City Hotel,1,100,2015,October,44,31,1,1,2,0.0,0,BB,PRT,Groups,TA/TO,0,0,0,A,A,0,No Deposit,1.0,0,Transient-Party,62.0,0,0
City Hotel,0,100,2015,October,44,31,1,1,2,0.0,0,BB,ESP,Groups,TA/TO,0,0,0,A,A,0,No Deposit,1.0,0,Transient-Party,62.0,0,0
City Hotel,0,100,2015,October,44,31,1,1,2,0.0,0,BB,ESP,Groups,TA/TO,0,0,0,A,A,0,No Deposit,1.0,0,Transient-Party,62.0,0,0
City Hotel,1,100,2015,October,44,31,1,1,2,0.0,0,BB,PRT,Groups,TA/TO,0,0,0,A,A,0,No Deposit,1.0,0,Transient-Party,62.0,0,0
City Hotel,1,100,2015,October,44,31,1,1,2,0.0,0,BB,PRT,Groups,TA/TO,0,0,0,A,A,0,No Deposit,1.0,0,Transient-Party,62.0,0,0
City Hotel,1,100,2015,October,44,31,1,1,2,0.0,0,BB,PRT,Groups,TA/TO,0,0,0,A,A,0,No Deposit,1.0,0,Transient-Party,62.0,0,0
City Hotel,1,100,2015,October,44,31,1,1,2,0.0,0,BB,PRT,Groups,TA/TO,0,0,0,A,A,0,No Deposit,1.0,0,Transient-Party,62.0,0,0
City Hotel,1,100,2015,October,44,31,1,1,2,0.0,0,BB,PRT,Groups,TA/TO,0,0,0,A,A,0,No Deposit,1.0,0,Transient-Party,62.0,0,0
City Hotel,1,100,2015,October,44,31,1,1,2,0.0,0,BB,PRT,Groups,TA/TO,0,0,0,A,A,0,No Deposit,1.0,0,Transient-Party,62.0,0,0
City Hotel,1,100,2015,October,44,31,1,1,2,0.0,0,BB,PRT,Groups,TA/TO,0,0,0,A,A,0,No Deposit,1.0,0,Transient-Party,62.0,0,0
City Hotel,1,100,2015,October,44,31,1,1,2,0.0,0,BB,PRT,Groups,TA/TO,0,0,0,A,A,0,No Deposit,1.0,0,Transient-Party,62.0,0,0
City Hotel,1,100,2015,October,44,31,1,1,2,0.0,0,BB,PRT,Groups,TA/TO,0,0,0,A,A,0,No Deposit,1.0,0,Transient-Party,62.0,0,0
City Hotel,1,100,2015,October,44,31,1,1,2,0.0,0,BB,PRT,Groups,TA/TO,0,0,0,A,A,0,No Deposit,1.0,0,Transient-Party,62.0,0,0
City Hotel,0,100,2015,October,44,31,1,1,2,0.0,0,BB,ESP,Groups,TA/TO,0,0,0,A,A,0,No Deposit,1.0,0,Transient-Party,62.0,0,0
City Hotel,1,100,2015,October,44,31,1,1,2,0.0,0,BB,PRT,Groups,TA/TO,0,0,0,A,A,0,No Deposit,1.0,0,Transient-Party,62.0,0,0
City Hotel,0,100,2015,October,44,31,1,1,2,0.0,0,BB,ESP,Groups,TA/TO,0,0,0,A,A,0,No Deposit,1.0,0,Transient-Party,62.0,0,0
City Hotel,1,100,2015,October,44,31,1,1,2,0.0,0,BB,PRT,Groups,TA/TO,0,0,0,A,A,0,No Deposit,1.0,0,Transient-Party,62.0,0,0
City Hotel,0,100,2015,October,44,31,1,1,2,0.0,0,BB,ESP,Groups,TA/TO,0,0,0,A,A,0,No Deposit,1.0,0,Transient-Party,62.0,0,0
City Hotel,1,75,2015,October,44,31,2,2,2,0.0,0,BB,PRT,Online TA,TA/TO,0,0,0,A,A,0,No Deposit,9.0,0,Contract,76.5,0,1
City Hotel,0,88,2015,October,44,31,2,5,2,0.0,0,BB,DEU,Online TA,TA/TO,0,0,0,A,A,0,No Deposit,7.0,0,Transient,54.63,0,0
City Hotel,1,78,2015,October,44,31,3,6,2,0.0,0,BB,PRT,Online TA,TA/TO,0,0,0,A,A,0,No Deposit,9.0,0,Contract,89.25,0,1
City Hotel,0,67,2015,November,45,1,2,1,2,0.0,0,BB,GBR,Offline TA/TO,TA/TO,0,0,0,A,A,0,No Deposit,6.0,0,Group,32.71,0,0
City Hotel,0,67,2015,November,45,1,2,1,2,0.0,0,BB,GBR,Offline TA/TO,TA/TO,0,0,0,A,A,0,No Deposit,6.0,0,Group,32.71,0,0
City Hotel,0,76,2015,November,45,1,2,2,2,0.0,0,BB,GBR,Online TA,TA/TO,0,0,0,A,A,0,No Deposit,9.0,0,Contract,72.25,0,1
City Hotel,0,62,2015,November,45,1,2,2,2,0.0,0,BB,GBR,Offline TA/TO,TA/TO,0,0,0,D,D,0,No Deposit,6.0,0,Transient,63.3,0,0
City Hotel,1,80,2015,November,45,2,1,1,2,0.0,0,HB,PRT,Groups,TA/TO,0,0,0,A,A,0,Non Refund,,60,Transient,111.0,0,0
City Hotel,1,80,2015,November,45,2,1,1,2,0.0,0,HB,PRT,Groups,TA/TO,0,0,0,A,A,0,Non Refund,,60,Transient,111.0,0,0
City Hotel,1,80,2015,November,45,2,1,1,2,0.0,0,HB,PRT,Groups,TA/TO,0,0,0,A,A,0,Non Refund,,60,Transient,111.0,0,0
City Hotel,1,80,2015,November,45,2,1,1,2,0.0,0,HB,PRT,Groups,TA/TO,0,0,0,A,A,0,Non Refund,,60,Transient,111.0,0,0
City Hotel,1,80,2015,November,45,2,1,1,2,0.0,0,HB,PRT,Groups,TA/TO,0,0,0,A,A,0,Non Refund,,60,Transient,111.0,0,0
City Hotel,1,80,2015,November,45,2,1,1,2,0.0,0,HB,PRT,Groups,TA/TO,0,0,0,A,A,0,Non Refund,,60,Transient,111.0,0,0
City Hotel,1,80,2015,November,45,2,1,1,2,0.0,0,HB,PRT,Groups,TA/TO,0,0,0,A,A,0,Non Refund,,60,Transient,111.0,0,0
City Hotel,1,80,2015,November,45,2,1,1,2,0.0,0,HB,PRT,Groups,TA/TO,0,0,0,A,A,0,Non Refund,,60,Transient,111.0,0,0
City Hotel,1,80,2015,November,45,2,1,1,2,0.0,0,HB,PRT,Groups,TA/TO,0,0,0,A,A,0,Non Refund,,60,Transient,111.0,0,0
City Hotel,1,80,2015,November,45,2,1,1,2,0.0,0,HB,PRT,Groups,TA/TO,0,0,0,A,A,0,Non Refund,,60,Transient,111.0,0,0
City Hotel,0,82,2015,November,45,2,1,2,2,0.0,0,BB,DEU,Online TA,TA/TO,0,0,0,A,A,0,No Deposit,9.0,0,Contract,72.25,0,2
City Hotel,0,156,2015,November,45,2,1,2,2,0.0,0,BB,PRT,Offline TA/TO,TA/TO,0,0,0,A,E,1,No Deposit,16.0,0,Transient,45.87,0,0
City Hotel,1,82,2015,November,45,2,1,3,2,0.0,0,BB,PRT,Online TA,TA/TO,0,0,0,A,A,0,No Deposit,9.0,0,Contract,72.25,0,1
City Hotel,0,80,2015,November,45,6,0,2,2,0.0,0,BB,PRT,Online TA,TA/TO,0,0,0,A,A,1,No Deposit,7.0,0,Transient,86.47,0,2
City Hotel,0,123,2015,November,45,6,1,2,2,0.0,0,BB,FRA,Groups,TA/TO,0,0,0,A,A,0,No Deposit,1.0,0,Transient-Party,60.0,0,0
City Hotel,0,123,2015,November,45,6,1,2,2,0.0,0,BB,FRA,Groups,TA/TO,0,0,0,A,A,0,No Deposit,1.0,0,Transient-Party,60.0,0,0
City Hotel,0,123,2015,November,45,6,1,2,2,0.0,0,BB,FRA,Groups,TA/TO,0,0,0,A,A,0,No Deposit,1.0,0,Transient-Party,60.0,0,0
City Hotel,0,56,2015,November,45,6,1,2,2,0.0,0,BB,ESP,Offline TA/TO,TA/TO,0,0,0,D,D,0,No Deposit,28.0,0,Transient,60.0,0,1
City Hotel,0,123,2015,November,45,6,1,2,2,0.0,0,BB,JPN,Groups,TA/TO,0,0,0,A,A,0,No Deposit,1.0,0,Transient-Party,60.0,0,0
City Hotel,0,123,2015,November,45,6,1,2,2,0.0,0,BB,FRA,Groups,TA/TO,0,0,0,A,A,0,No Deposit,1.0,0,Transient-Party,60.0,0,0
City Hotel,0,123,2015,November,45,6,1,2,2,0.0,0,BB,FRA,Groups,TA/TO,0,0,0,A,A,0,No Deposit,1.0,0,Transient-Party,60.0,0,0
City Hotel,0,123,2015,November,45,6,1,2,2,0.0,0,BB,FRA,Groups,TA/TO,0,0,0,A,A,0,No Deposit,1.0,0,Transient-Party,60.0,0,0
City Hotel,0,56,2015,November,45,6,1,2,2,0.0,0,BB,ESP,Offline TA/TO,TA/TO,0,0,0,D,A,0,No Deposit,28.0,0,Transient,60.0,0,1
City Hotel,0,123,2015,November,45,6,1,2,2,0.0,0,BB,SEN,Groups,TA/TO,0,0,0,A,A,0,No Deposit,1.0,0,Transient-Party,60.0,0,0
City Hotel,1,123,2015,November,45,6,1,2,2,0.0,0,BB,PRT,Groups,TA/TO,0,0,0,A,A,0,No Deposit,1.0,0,Transient-Party,60.0,0,0
City Hotel,0,123,2015,November,45,6,1,2,2,0.0,0,BB,FRA,Groups,TA/TO,0,0,0,A,A,0,No Deposit,1.0,0,Transient-Party,60.0,0,0
City Hotel,0,123,2015,November,45,6,1,2,2,0.0,0,BB,FRA,Groups,TA/TO,0,0,0,A,A,0,No Deposit,1.0,0,Transient-Party,60.0,0,0
City Hotel,0,123,2015,November,45,6,1,2,2,0.0,0,BB,FRA,Groups,TA/TO,0,0,0,A,A,0,No Deposit,1.0,0,Transient-Party,60.0,0,0
City Hotel,0,123,2015,November,45,6,1,2,2,0.0,0,BB,FRA,Groups,TA/TO,0,0,0,A,A,0,No Deposit,1.0,0,Transient-Party,60.0,0,0
City Hotel,0,123,2015,November,45,6,1,2,2,0.0,0,BB,FRA,Groups,TA/TO,0,0,0,A,A,0,No Deposit,1.0,0,Transient-Party,60.0,0,0
City Hotel,0,123,2015,November,45,6,1,2,2,0.0,0,BB,FRA,Groups,TA/TO,0,0,0,A,A,0,No Deposit,1.0,0,Transient-Party,60.0,0,0
City Hotel,1,123,2015,November,45,6,1,2,2,0.0,0,BB,PRT,Groups,TA/TO,0,0,0,A,A,0,No Deposit,1.0,0,Transient-Party,60.0,0,0
City Hotel,0,86,2015,November,45,6,2,3,2,0.0,0,BB,POL,Online TA,TA/TO,0,0,0,A,A,0,No Deposit,9.0,0,Contract,72.25,0,1
City Hotel,1,85,2015,November,45,7,1,1,2,0.0,0,HB,PRT,Groups,TA/TO,0,0,0,A,A,0,Non Refund,37.0,60,Transient,111.0,0,0
City Hotel,0,233,2015,November,45,7,1,1,2,0.0,0,BB,ESP,Groups,TA/TO,0,0,0,A,D,0,No Deposit,1.0,0,Transient-Party,60.0,0,0
City Hotel,1,233,2015,November,45,7,1,1,2,0.0,0,BB,PRT,Groups,TA/TO,0,0,0,A,A,0,No Deposit,1.0,0,Transient-Party,60.0,0,0
City Hotel,1,85,2015,November,45,7,1,1,2,0.0,0,HB,PRT,Groups,TA/TO,0,0,0,A,A,0,Non Refund,37.0,60,Transient,111.0,0,0
City Hotel,1,85,2015,November,45,7,1,1,2,0.0,0,HB,PRT,Groups,TA/TO,0,0,0,A,A,0,Non Refund,37.0,60,Transient,111.0,0,0
City Hotel,0,233,2015,November,45,7,1,1,2,0.0,0,BB,USA,Groups,TA/TO,0,0,0,A,A,0,No Deposit,1.0,0,Transient-Party,60.0,0,1
City Hotel,1,85,2015,November,45,7,1,1,2,0.0,0,HB,PRT,Groups,TA/TO,0,0,0,A,A,0,Non Refund,37.0,60,Transient,111.0,0,0
City Hotel,0,233,2015,November,45,7,1,1,2,0.0,0,BB,FRA,Groups,TA/TO,0,0,0,A,A,0,No Deposit,1.0,0,Transient-Party,60.0,0,0
City Hotel,1,85,2015,November,45,7,1,1,2,0.0,0,HB,PRT,Groups,TA/TO,0,0,0,A,A,0,Non Refund,37.0,60,Transient,111.0,0,0
City Hotel,1,85,2015,November,45,7,1,1,2,0.0,0,HB,PRT,Groups,TA/TO,0,0,0,A,A,0,Non Refund,37.0,60,Transient,111.0,0,0
City Hotel,0,233,2015,November,45,7,1,1,2,0.0,0,BB,FRA,Groups,TA/TO,0,0,0,A,D,0,No Deposit,1.0,0,Transient-Party,60.0,0,0
City Hotel,0,233,2015,November,45,7,1,1,2,0.0,0,BB,ESP,Groups,TA/TO,0,0,0,A,A,0,No Deposit,1.0,0,Transient-Party,60.0,0,0
City Hotel,0,233,2015,November,45,7,1,1,2,0.0,0,BB,FRA,Groups,TA/TO,0,0,0,A,A,0,No Deposit,1.0,0,Transient-Party,60.0,0,0
City Hotel,1,233,2015,November,45,7,1,1,2,0.0,0,BB,PRT,Groups,TA/TO,0,0,0,A,A,0,No Deposit,1.0,0,Transient-Party,60.0,0,0
City Hotel,0,233,2015,November,45,7,1,1,2,0.0,0,BB,FRA,Groups,TA/TO,0,0,0,A,B,0,No Deposit,1.0,0,Transient-Party,60.0,0,0
City Hotel,0,233,2015,November,45,7,1,1,2,0.0,0,BB,FRA,Groups,TA/TO,0,0,0,A,A,0,No Deposit,1.0,0,Transient-Party,60.0,0,0
City Hotel,1,85,2015,November,45,7,1,1,2,0.0,0,HB,PRT,Groups,TA/TO,0,0,0,A,A,0,Non Refund,37.0,60,Transient,111.0,0,0
City Hotel,0,233,2015,November,45,7,1,1,2,0.0,0,BB,FRA,Groups,TA/TO,0,0,0,A,A,0,No Deposit,1.0,0,Transient-Party,60.0,0,0
City Hotel,1,85,2015,November,45,7,1,1,2,0.0,0,HB,PRT,Groups,TA/TO,0,0,0,A,A,0,Non Refund,37.0,60,Transient,111.0,0,0
City Hotel,1,85,2015,November,45,7,1,1,2,0.0,0,HB,PRT,Groups,TA/TO,0,0,0,A,A,0,Non Refund,37.0,60,Transient,111.0,0,0
City Hotel,0,233,2015,November,45,7,1,1,2,0.0,0,BB,FRA,Groups,TA/TO,0,0,0,A,A,0,No Deposit,1.0,0,Transient-Party,60.0,0,0
City Hotel,1,85,2015,November,45,7,1,1,2,0.0,0,HB,PRT,Groups,TA/TO,0,0,0,A,A,0,Non Refund,37.0,60,Transient,111.0,0,0
City Hotel,0,76,2015,November,46,8,2,1,2,0.0,0,BB,GBR,Offline TA/TO,TA/TO,0,0,0,A,A,0,No Deposit,6.0,0,Transient,49.07,0,0
City Hotel,1,67,2015,November,46,10,0,2,2,0.0,0,BB,PRT,Online TA,TA/TO,0,0,0,A,A,1,No Deposit,9.0,0,Contract,104.55,0,1
City Hotel,1,92,2015,November,46,10,0,4,2,0.0,0,BB,PRT,Online TA,TA/TO,0,0,0,A,A,1,No Deposit,9.0,0,Transient,72.25,0,2
City Hotel,0,92,2015,November,46,11,0,3,2,0.0,0,BB,FRA,Online TA,TA/TO,0,0,0,A,A,0,No Deposit,9.0,0,Transient,72.25,0,0
City Hotel,0,77,2015,November,46,12,0,3,2,0.0,0,BB,NLD,Online TA,TA/TO,0,0,0,A,A,0,No Deposit,9.0,0,Contract,72.25,0,1
City Hotel,1,67,2015,November,46,13,0,1,2,0.0,0,BB,PRT,Online TA,TA/TO,0,0,0,A,A,0,No Deposit,9.0,0,Contract,72.25,0,2
City Hotel,0,67,2015,November,46,13,0,1,2,0.0,0,BB,PRT,Online TA,TA/TO,0,0,0,A,A,0,No Deposit,9.0,0,Contract,72.25,0,2
City Hotel,1,79,2015,November,46,13,0,2,2,0.0,0,BB,PRT,Offline TA/TO,TA/TO,0,0,0,A,A,0,Non Refund,60.0,69,Transient,75.0,0,0
City Hotel,1,79,2015,November,46,13,0,2,2,0.0,0,BB,PRT,Offline TA/TO,TA/TO,0,0,0,A,A,0,Non Refund,60.0,69,Transient,75.0,0,0
City Hotel,1,79,2015,November,46,13,0,2,2,0.0,0,BB,PRT,Offline TA/TO,TA/TO,0,0,0,A,A,0,Non Refund,60.0,69,Transient,75.0,0,0
City Hotel,1,79,2015,November,46,13,0,2,2,0.0,0,BB,PRT,Offline TA/TO,TA/TO,0,0,0,A,A,0,Non Refund,60.0,69,Transient,75.0,0,0
City Hotel,1,79,2015,November,46,13,0,2,2,0.0,0,BB,PRT,Offline TA/TO,TA/TO,0,0,0,A,A,0,Non Refund,60.0,69,Transient,75.0,0,0
City Hotel,1,72,2015,November,46,13,0,2,2,0.0,0,BB,PRT,Online TA,TA/TO,0,0,0,A,A,0,No Deposit,9.0,0,Contract,72.25,0,1
City Hotel,1,79,2015,November,46,13,0,2,2,0.0,0,BB,PRT,Offline TA/TO,TA/TO,0,0,0,A,A,0,Non Refund,60.0,69,Transient,75.0,0,0
City Hotel,1,79,2015,November,46,13,0,2,2,0.0,0,BB,PRT,Offline TA/TO,TA/TO,0,0,0,A,A,0,Non Refund,60.0,69,Transient,75.0,0,0
City Hotel,1,79,2015,November,46,13,0,2,2,0.0,0,BB,PRT,Offline TA/TO,TA/TO,0,0,0,A,A,0,Non Refund,60.0,69,Transient,75.0,0,0
City Hotel,1,79,2015,November,46,13,0,2,2,0.0,0,BB,PRT,Offline TA/TO,TA/TO,0,0,0,A,A,0,Non Refund,60.0,69,Transient,75.0,0,0
City Hotel,1,79,2015,November,46,13,0,2,2,0.0,0,BB,PRT,Offline TA/TO,TA/TO,0,0,0,A,A,0,Non Refund,60.0,69,Transient,75.0,0,0
City Hotel,1,79,2015,November,46,13,0,2,2,0.0,0,BB,PRT,Offline TA/TO,TA/TO,0,0,0,A,A,0,Non Refund,60.0,69,Transient,75.0,0,0
City Hotel,1,79,2015,November,46,13,0,2,2,0.0,0,BB,PRT,Offline TA/TO,TA/TO,0,0,0,A,A,0,Non Refund,60.0,69,Transient,75.0,0,0
City Hotel,1,79,2015,November,46,13,0,2,2,0.0,0,BB,PRT,Offline TA/TO,TA/TO,0,0,0,A,A,0,Non Refund,60.0,69,Transient,75.0,0,0
City Hotel,1,79,2015,November,46,13,0,2,2,0.0,0,BB,PRT,Offline TA/TO,TA/TO,0,0,0,A,A,0,Non Refund,60.0,69,Transient,75.0,0,0
City Hotel,1,79,2015,November,46,13,0,2,2,0.0,0,BB,PRT,Offline TA/TO,TA/TO,0,0,0,A,A,0,Non Refund,60.0,69,Transient,75.0,0,0
City Hotel,1,79,2015,November,46,13,0,2,2,0.0,0,BB,PRT,Offline TA/TO,TA/TO,0,0,0,A,A,0,Non Refund,60.0,69,Transient,75.0,0,0
City Hotel,0,0,2015,November,46,14,0,0,2,0.0,0,BB,PRT,Online TA,TA/TO,0,0,0,A,A,1,No Deposit,9.0,0,Contract,0.0,0,2
City Hotel,0,80,2015,November,46,14,2,1,2,0.0,0,BB,CHE,Online TA,TA/TO,0,0,0,D,D,0,No Deposit,7.0,0,Transient,65.45,0,1
City Hotel,1,212,2015,November,46,14,2,3,2,0.0,0,BB,PRT,Direct,Direct,0,0,0,A,A,0,No Deposit,,0,Transient,72.25,0,1
City Hotel,0,69,2015,November,47,15,1,0,2,0.0,0,BB,PRT,Online TA,TA/TO,0,0,0,A,A,0,No Deposit,9.0,0,Contract,72.25,0,2
City Hotel,1,75,2015,November,47,15,1,0,2,0.0,0,BB,PRT,Online TA,TA/TO,0,0,0,A,A,0,No Deposit,9.0,0,Contract,72.25,0,2
City Hotel,0,75,2015,November,47,16,1,2,2,0.0,0,BB,NLD,Online TA,TA/TO,0,0,0,A,A,0,No Deposit,7.0,0,Transient,52.85,0,1
City Hotel,1,77,2015,November,47,16,1,4,2,0.0,0,BB,PRT,Online TA,TA/TO,0,0,0,A,A,0,No Deposit,9.0,0,Contract,72.25,0,2
City Hotel,1,94,2015,November,47,17,0,1,2,0.0,0,BB,PRT,Online TA,TA/TO,0,0,0,A,A,0,No Deposit,9.0,0,Transient,72.25,0,0
City Hotel,1,140,2015,November,47,18,0,3,2,0.0,0,BB,PRT,Groups,TA/TO,0,0,0,A,A,0,No Deposit,29.0,87,Transient-Party,75.0,0,0
City Hotel,0,140,2015,November,47,18,0,3,2,0.0,0,BB,PRT,Groups,TA/TO,0,0,0,A,A,0,No Deposit,29.0,87,Transient-Party,75.0,0,0
City Hotel,0,140,2015,November,47,18,0,3,2,0.0,0,BB,PRT,Groups,TA/TO,0,0,0,A,A,0,No Deposit,29.0,87,Transient-Party,75.0,0,1
City Hotel,0,140,2015,November,47,18,0,3,2,0.0,0,BB,PRT,Groups,TA/TO,0,0,0,A,A,0,No Deposit,29.0,87,Transient-Party,75.0,0,0
City Hotel,0,140,2015,November,47,18,0,3,2,0.0,0,BB,PRT,Groups,TA/TO,0,0,0,A,E,1,No Deposit,29.0,87,Transient-Party,75.0,0,0
City Hotel,0,140,2015,November,47,18,0,3,2,0.0,0,BB,PRT,Groups,TA/TO,0,0,0,A,A,0,No Deposit,29.0,87,Transient-Party,75.0,0,0
City Hotel,0,140,2015,November,47,18,0,3,2,0.0,0,BB,PRT,Groups,TA/TO,0,0,0,A,A,0,No Deposit,29.0,87,Transient-Party,75.0,0,0
City Hotel,0,140,2015,November,47,18,0,3,2,0.0,0,BB,PRT,Groups,TA/TO,0,0,0,A,A,0,No Deposit,29.0,87,Transient-Party,75.0,0,0
City Hotel,0,140,2015,November,47,18,0,3,2,0.0,0,BB,PRT,Groups,TA/TO,0,0,0,A,A,0,No Deposit,29.0,87,Transient-Party,75.0,0,0
City Hotel,0,140,2015,November,47,18,0,3,2,0.0,0,BB,PRT,Groups,TA/TO,0,0,0,A,A,0,No Deposit,29.0,87,Transient-Party,75.0,0,1
City Hotel,0,140,2015,November,47,18,0,3,2,0.0,0,BB,PRT,Groups,TA/TO,0,0,0,A,A,0,No Deposit,29.0,87,Transient-Party,75.0,0,0
City Hotel,0,140,2015,November,47,18,0,3,2,0.0,0,BB,PRT,Groups,TA/TO,0,0,0,A,A,0,No Deposit,29.0,87,Transient-Party,75.0,0,0
City Hotel,0,140,2015,November,47,18,0,3,2,0.0,0,BB,PRT,Groups,TA/TO,0,0,0,A,A,0,No Deposit,29.0,87,Transient-Party,75.0,0,1
City Hotel,1,140,2015,November,47,18,0,3,2,0.0,0,BB,PRT,Groups,TA/TO,0,0,0,A,A,0,No Deposit,29.0,87,Transient-Party,75.0,0,0
City Hotel,0,140,2015,November,47,18,0,3,2,0.0,0,BB,PRT,Groups,TA/TO,0,0,0,A,A,0,No Deposit,29.0,87,Transient-Party,75.0,0,0
City Hotel,1,140,2015,November,47,18,0,3,2,0.0,0,BB,PRT,Groups,TA/TO,0,0,0,A,A,0,No Deposit,29.0,87,Transient-Party,75.0,0,0
City Hotel,0,140,2015,November,47,18,0,3,2,0.0,0,BB,PRT,Groups,TA/TO,0,0,0,A,A,0,No Deposit,29.0,87,Transient-Party,75.0,0,1
City Hotel,0,140,2015,November,47,18,0,3,2,0.0,0,BB,PRT,Groups,TA/TO,0,0,0,A,A,0,No Deposit,29.0,87,Transient-Party,75.0,0,0
City Hotel,0,140,2015,November,47,18,0,3,2,0.0,0,BB,PRT,Groups,TA/TO,0,0,0,A,E,1,No Deposit,29.0,87,Transient-Party,75.0,0,0
City Hotel,0,140,2015,November,47,18,0,3,2,0.0,0,BB,PRT,Groups,TA/TO,0,0,0,A,G,1,No Deposit,29.0,87,Transient-Party,75.0,0,0
City Hotel,0,140,2015,November,47,18,0,3,2,0.0,0,BB,PRT,Groups,TA/TO,0,0,0,A,A,3,No Deposit,29.0,87,Transient-Party,75.0,0,1
City Hotel,0,140,2015,November,47,18,0,4,2,0.0,0,BB,PRT,Groups,TA/TO,0,0,0,A,K,1,No Deposit,29.0,87,Transient-Party,75.0,0,0
City Hotel,0,140,2015,November,47,18,0,4,2,0.0,0,BB,PRT,Groups,TA/TO,0,0,0,A,A,3,No Deposit,29.0,87,Transient-Party,75.0,0,0
City Hotel,0,79,2015,November,47,18,0,4,2,0.0,0,BB,PRT,Online TA,TA/TO,0,0,0,A,A,0,No Deposit,7.0,0,Transient,52.85,0,2
City Hotel,0,140,2015,November,47,18,0,3,2,0.0,0,BB,PRT,Groups,TA/TO,0,0,0,A,A,0,No Deposit,29.0,87,Transient-Party,75.0,0,0
City Hotel,1,140,2015,November,47,18,0,3,2,0.0,0,BB,PRT,Groups,TA/TO,0,0,0,A,A,0,No Deposit,29.0,87,Transient-Party,75.0,0,0
City Hotel,0,140,2015,November,47,18,0,3,2,0.0,0,BB,PRT,Groups,TA/TO,0,0,0,A,A,0,No Deposit,29.0,87,Transient-Party,75.0,0,0
City Hotel,0,140,2015,November,47,18,0,3,2,0.0,0,BB,PRT,Groups,TA/TO,0,0,0,A,A,0,No Deposit,29.0,87,Transient-Party,75.0,0,1
City Hotel,0,140,2015,November,47,18,0,4,2,0.0,0,BB,PRT,Groups,TA/TO,0,0,0,A,A,1,No Deposit,29.0,87,Transient-Party,75.0,0,0
City Hotel,0,140,2015,November,47,18,0,4,2,0.0,0,BB,PRT,Groups,TA/TO,0,0,0,A,E,2,No Deposit,29.0,87,Transient-Party,75.0,0,0
City Hotel,0,140,2015,November,47,18,0,4,2,0.0,0,BB,LUX,Groups,TA/TO,0,0,0,A,E,1,No Deposit,29.0,87,Transient-Party,75.0,0,0
City Hotel,0,79,2015,November,47,18,0,4,2,0.0,0,BB,PRT,Online TA,TA/TO,0,0,0,A,A,0,No Deposit,7.0,0,Transient,52.85,0,2
City Hotel,0,140,2015,November,47,18,0,4,2,0.0,0,BB,PRT,Groups,TA/TO,0,0,0,A,A,1,No Deposit,29.0,87,Transient-Party,75.0,0,0
City Hotel,0,140,2015,November,47,18,0,4,2,0.0,0,BB,PRT,Groups,TA/TO,0,0,0,A,A,1,No Deposit,29.0,87,Transient-Party,75.0,0,0
City Hotel,0,72,2015,November,47,19,0,2,2,0.0,0,BB,PRT,Online TA,TA/TO,0,0,0,A,A,0,No Deposit,9.0,0,Contract,85.0,0,2
City Hotel,0,76,2015,November,47,19,0,3,2,0.0,0,BB,PRT,Online TA,TA/TO,0,0,0,A,A,0,No Deposit,9.0,0,Contract,72.25,0,2
City Hotel,0,76,2015,November,47,19,0,3,2,0.0,0,BB,PRT,Online TA,TA/TO,0,0,0,A,A,0,No Deposit,9.0,0,Contract,72.25,0,2
City Hotel,0,80,2015,November,47,20,0,2,2,0.0,0,BB,BEL,Online TA,TA/TO,0,0,0,A,A,0,No Deposit,9.0,0,Contract,72.25,0,2
City Hotel,1,90,2015,November,47,20,0,2,2,0.0,0,BB,PRT,Online TA,TA/TO,0,0,0,A,A,0,No Deposit,9.0,0,Transient,72.25,0,1
City Hotel,0,80,2015,November,47,20,1,2,2,0.0,0,BB,GBR,Direct,Direct,0,0,0,A,A,0,No Deposit,14.0,0,Group,94.0,1,0
City Hotel,0,87,2015,November,47,20,1,2,2,0.0,0,BB,GBR,Offline TA/TO,TA/TO,0,0,0,A,D,0,No Deposit,6.0,0,Transient,49.07,0,0
City Hotel,0,86,2015,November,47,20,1,2,2,0.0,0,BB,GBR,Offline TA/TO,TA/TO,0,0,0,A,A,0,No Deposit,6.0,0,Transient,49.07,0,0
City Hotel,0,95,2015,November,47,20,2,4,2,0.0,0,BB,AUT,Groups,TA/TO,0,0,0,A,D,2,No Deposit,37.0,0,Transient-Party,75.0,0,0
City Hotel,0,82,2015,November,47,21,0,1,2,0.0,0,BB,BRA,Online TA,TA/TO,0,0,0,A,A,0,No Deposit,9.0,0,Contract,72.25,0,0
City Hotel,0,96,2015,November,47,21,2,4,2,0.0,0,BB,KOR,Groups,TA/TO,0,0,0,A,A,3,No Deposit,37.0,0,Transient-Party,75.0,0,0
City Hotel,0,96,2015,November,47,21,2,4,2,0.0,0,BB,KOR,Groups,TA/TO,0,0,0,A,A,3,No Deposit,37.0,0,Transient-Party,75.0,0,0
City Hotel,0,242,2015,November,48,22,2,2,2,0.0,0,BB,FRA,Online TA,TA/TO,0,0,0,A,A,0,No Deposit,9.0,0,Transient,72.25,0,1
City Hotel,0,98,2015,November,48,23,1,2,2,0.0,0,BB,IND,Groups,TA/TO,0,0,0,A,A,1,No Deposit,37.0,0,Transient-Party,75.0,0,1
City Hotel,1,89,2015,November,48,23,1,2,2,0.0,0,BB,PRT,Online TA,TA/TO,0,0,0,A,A,0,No Deposit,9.0,0,Contract,72.25,0,2
City Hotel,0,94,2015,November,48,23,1,2,2,0.0,0,BB,GBR,Online TA,TA/TO,0,0,0,D,D,0,No Deposit,7.0,0,Transient,65.45,0,2
City Hotel,1,89,2015,November,48,23,1,2,2,0.0,0,BB,PRT,Online TA,TA/TO,0,0,0,A,A,0,No Deposit,9.0,0,Contract,72.25,0,2
City Hotel,1,89,2015,November,48,23,1,2,2,0.0,0,BB,PRT,Online TA,TA/TO,0,0,0,A,A,0,No Deposit,9.0,0,Contract,72.25,0,2
City Hotel,0,94,2015,November,48,23,1,2,2,0.0,0,BB,GBR,Online TA,TA/TO,0,0,0,D,D,0,No Deposit,7.0,0,Transient,65.45,0,2
City Hotel,1,89,2015,November,48,23,1,2,2,0.0,0,BB,PRT,Online TA,TA/TO,0,0,0,A,A,0,No Deposit,9.0,0,Contract,72.25,0,2
City Hotel,0,98,2015,November,48,23,1,2,2,0.0,0,BB,SGP,Groups,TA/TO,0,0,0,A,A,1,No Deposit,37.0,0,Transient-Party,75.0,0,0
City Hotel,0,98,2015,November,48,23,1,2,2,0.0,0,BB,PRT,Groups,TA/TO,0,0,0,A,A,1,No Deposit,37.0,0,Transient-Party,75.0,0,1
City Hotel,0,94,2015,November,48,23,1,2,2,0.0,0,BB,GBR,Online TA,TA/TO,0,0,0,D,D,0,No Deposit,7.0,0,Transient,65.45,0,2
City Hotel,1,89,2015,November,48,23,1,2,2,0.0,0,BB,PRT,Online TA,TA/TO,0,0,0,A,A,0,No Deposit,9.0,0,Contract,72.25,0,2
City Hotel,1,89,2015,November,48,23,1,2,2,0.0,0,BB,PRT,Online TA,TA/TO,0,0,0,A,A,0,No Deposit,9.0,0,Contract,72.25,0,2
City Hotel,0,98,2015,November,48,23,1,2,2,0.0,0,BB,MYS,Groups,TA/TO,0,0,0,A,A,1,No Deposit,37.0,0,Transient-Party,75.0,0,1
City Hotel,1,89,2015,November,48,23,1,2,2,0.0,0,BB,PRT,Online TA,TA/TO,0,0,0,A,A,0,No Deposit,9.0,0,Contract,72.25,0,2
City Hotel,1,89,2015,November,48,23,1,2,2,0.0,0,BB,PRT,Online TA,TA/TO,0,0,0,A,A,0,No Deposit,9.0,0,Contract,72.25,0,2
City Hotel,0,98,2015,November,48,23,1,2,2,0.0,0,BB,PRT,Groups,TA/TO,0,0,0,A,A,1,No Deposit,37.0,0,Transient-Party,75.0,0,1
City Hotel,0,98,2015,November,48,23,1,3,2,0.0,0,BB,IDN,Groups,TA/TO,0,0,0,A,A,2,No Deposit,37.0,0,Transient-Party,75.0,0,1
City Hotel,1,98,2015,November,48,23,1,3,2,0.0,0,BB,PRT,Groups,TA/TO,0,0,0,A,D,2,No Deposit,37.0,0,Transient-Party,75.0,0,0
City Hotel,0,98,2015,November,48,23,1,3,2,0.0,0,BB,JOR,Groups,TA/TO,0,0,0,A,A,1,No Deposit,37.0,0,Transient-Party,75.0,0,0
City Hotel,0,98,2015,November,48,23,1,3,2,0.0,0,BB,CHL,Groups,TA/TO,0,0,0,A,A,2,No Deposit,37.0,0,Transient-Party,75.0,0,1
City Hotel,0,98,2015,November,48,23,1,3,2,0.0,0,BB,KWT,Groups,TA/TO,0,0,0,A,A,2,No Deposit,37.0,0,Transient-Party,75.0,0,0
City Hotel,0,98,2015,November,48,23,1,4,2,0.0,0,BB,MEX,Groups,TA/TO,0,0,0,A,A,3,No Deposit,37.0,0,Transient-Party,75.0,0,0
City Hotel,0,98,2015,November,48,23,1,4,2,0.0,0,BB,LKA,Groups,TA/TO,0,0,0,A,A,3,No Deposit,37.0,0,Transient-Party,75.0,0,1
City Hotel,0,98,2015,November,48,23,1,5,2,0.0,0,BB,LBN,Groups,TA/TO,0,0,0,A,D,4,No Deposit,37.0,0,Transient-Party,75.0,0,0
City Hotel,0,98,2015,November,48,23,1,3,2,0.0,0,BB,JOR,Groups,TA/TO,0,0,0,A,A,2,No Deposit,37.0,0,Transient-Party,75.0,0,0
City Hotel,0,98,2015,November,48,23,1,3,2,0.0,0,BB,JOR,Groups,TA/TO,0,0,0,A,A,2,No Deposit,37.0,0,Transient-Party,75.0,0,0
City Hotel,0,124,2015,November,48,24,0,4,2,0.0,0,BB,FRA,Online TA,TA/TO,0,0,0,A,A,0,No Deposit,8.0,0,Transient,72.25,0,1
City Hotel,0,90,2015,November,48,24,2,5,2,0.0,0,BB,PRT,Online TA,TA/TO,0,0,0,A,A,0,No Deposit,9.0,0,Contract,72.25,0,2
City Hotel,0,92,2015,November,48,26,0,3,2,0.0,0,BB,GBR,Offline TA/TO,TA/TO,0,0,0,A,A,0,No Deposit,6.0,0,Transient,49.07,0,1
City Hotel,0,92,2015,November,48,26,0,3,2,0.0,0,BB,GBR,Offline TA/TO,TA/TO,0,0,0,A,A,0,No Deposit,6.0,0,Transient,49.07,0,1
City Hotel,1,105,2015,November,48,26,0,3,2,0.0,0,BB,PRT,Online TA,TA/TO,0,0,0,A,A,0,No Deposit,9.0,0,Contract,72.25,0,3
City Hotel,1,105,2015,November,48,26,0,3,2,0.0,0,BB,PRT,Online TA,TA/TO,0,0,0,A,A,0,No Deposit,9.0,0,Contract,72.25,0,3
City Hotel,1,92,2015,November,48,26,0,3,2,0.0,0,BB,PRT,Online TA,TA/TO,0,0,0,A,A,0,No Deposit,9.0,0,Contract,72.25,0,1
City Hotel,1,95,2015,November,48,27,0,2,2,0.0,0,BB,PRT,Online TA,TA/TO,0,0,0,A,A,0,No Deposit,9.0,0,Contract,72.25,0,1
City Hotel,0,84,2015,November,48,27,1,2,2,0.0,0,BB,PRT,Groups,TA/TO,0,0,0,A,A,0,No Deposit,1.0,0,Transient-Party,64.0,0,0
City Hotel,0,84,2015,November,48,27,1,2,2,0.0,0,BB,PRT,Groups,TA/TO,0,0,0,A,A,0,No Deposit,1.0,0,Transient-Party,64.0,0,0
City Hotel,0,84,2015,November,48,27,1,2,2,0.0,0,BB,PRT,Groups,TA/TO,0,0,0,A,A,0,No Deposit,1.0,0,Transient-Party,64.0,0,0
City Hotel,0,84,2015,November,48,27,1,2,2,0.0,0,BB,PRT,Groups,TA/TO,0,0,0,A,A,0,No Deposit,1.0,0,Transient-Party,64.0,0,0
City Hotel,1,84,2015,November,48,27,1,2,2,0.0,0,BB,PRT,Groups,TA/TO,0,0,0,A,A,0,No Deposit,1.0,0,Transient-Party,64.0,0,0
City Hotel,0,84,2015,November,48,27,1,2,2,0.0,0,BB,PRT,Groups,TA/TO,0,0,0,A,A,0,No Deposit,1.0,0,Transient-Party,64.0,0,0
City Hotel,0,84,2015,November,48,27,1,2,2,0.0,0,BB,PRT,Groups,TA/TO,0,0,0,A,A,0,No Deposit,1.0,0,Transient-Party,64.0,0,0
City Hotel,0,84,2015,November,48,27,1,2,2,0.0,0,BB,PRT,Groups,TA/TO,0,0,0,A,A,0,No Deposit,1.0,0,Transient-Party,64.0,0,0
City Hotel,0,84,2015,November,48,27,1,2,2,0.0,0,BB,PRT,Groups,TA/TO,0,0,0,A,A,0,No Deposit,1.0,0,Transient-Party,64.0,0,0
City Hotel,0,84,2015,November,48,27,1,2,2,0.0,0,BB,PRT,Groups,TA/TO,0,0,0,A,A,0,No Deposit,1.0,0,Transient-Party,64.0,0,0
City Hotel,0,84,2015,November,48,27,1,2,2,0.0,0,BB,PRT,Groups,TA/TO,0,0,0,A,A,0,No Deposit,1.0,0,Transient-Party,64.0,0,0
City Hotel,0,84,2015,November,48,27,1,2,2,0.0,0,BB,PRT,Groups,TA/TO,0,0,0,A,A,0,No Deposit,1.0,0,Transient-Party,64.0,0,0
City Hotel,0,84,2015,November,48,27,1,2,2,0.0,0,BB,PRT,Groups,TA/TO,0,0,0,A,A,0,No Deposit,1.0,0,Transient-Party,64.0,0,1
City Hotel,0,84,2015,November,48,27,1,2,2,0.0,0,BB,PRT,Groups,TA/TO,0,0,0,A,A,0,No Deposit,1.0,0,Transient-Party,64.0,0,1
City Hotel,1,84,2015,November,48,27,1,2,2,0.0,0,BB,PRT,Groups,TA/TO,0,0,0,A,A,0,No Deposit,1.0,0,Transient-Party,64.0,0,0
City Hotel,0,84,2015,November,48,27,1,2,2,0.0,0,BB,PRT,Groups,TA/TO,0,0,0,A,A,0,No Deposit,1.0,0,Transient-Party,64.0,0,0
City Hotel,0,84,2015,November,48,27,1,2,2,0.0,0,BB,PRT,Groups,TA/TO,0,0,0,A,A,0,No Deposit,1.0,0,Transient-Party,64.0,0,0
City Hotel,0,84,2015,November,48,27,1,2,2,0.0,0,BB,PRT,Groups,TA/TO,0,0,0,A,A,3,No Deposit,1.0,0,Transient-Party,64.0,0,0
City Hotel,0,84,2015,November,48,27,1,2,2,0.0,0,BB,PRT,Groups,TA/TO,0,0,0,A,A,0,No Deposit,1.0,0,Transient-Party,64.0,0,1
City Hotel,0,105,2015,November,48,27,1,2,2,0.0,0,BB,NLD,Online TA,TA/TO,0,0,0,A,A,0,No Deposit,9.0,0,Contract,72.25,0,2
City Hotel,0,84,2015,November,48,27,1,2,2,0.0,0,BB,PRT,Groups,TA/TO,0,0,0,A,A,0,No Deposit,1.0,0,Transient-Party,64.0,0,0
City Hotel,0,84,2015,November,48,27,1,2,2,0.0,0,BB,PRT,Groups,TA/TO,0,0,0,A,A,0,No Deposit,1.0,0,Transient-Party,64.0,0,0
City Hotel,0,84,2015,November,48,27,1,2,2,0.0,0,BB,PRT,Groups,TA/TO,0,0,0,A,A,0,No Deposit,1.0,0,Transient-Party,64.0,0,0
City Hotel,0,84,2015,November,48,27,1,2,2,0.0,0,BB,PRT,Groups,TA/TO,0,0,0,A,A,0,No Deposit,1.0,0,Transient-Party,64.0,0,0
City Hotel,0,84,2015,November,48,27,1,2,2,0.0,0,BB,PRT,Groups,TA/TO,0,0,0,A,A,0,No Deposit,1.0,0,Transient-Party,64.0,0,0
City Hotel,0,84,2015,November,48,27,1,2,2,0.0,0,BB,PRT,Groups,TA/TO,0,0,0,A,A,0,No Deposit,1.0,0,Transient-Party,64.0,0,0
City Hotel,1,96,2015,November,48,28,0,1,2,0.0,0,BB,PRT,Online TA,TA/TO,0,0,0,A,A,0,No Deposit,9.0,0,Contract,72.25,0,1
City Hotel,0,89,2015,November,48,28,2,1,2,0.0,0,BB,BEL,Online TA,TA/TO,0,0,0,A,B,0,No Deposit,7.0,0,Transient,55.63,0,2
City Hotel,0,89,2015,November,48,28,2,1,2,0.0,0,BB,BEL,Online TA,TA/TO,0,0,0,A,B,0,No Deposit,7.0,0,Transient,55.63,0,2
City Hotel,1,208,2015,November,48,28,2,1,2,0.0,0,BB,PRT,Online TA,TA/TO,0,0,0,A,A,0,No Deposit,9.0,0,Transient,72.25,0,1
City Hotel,1,81,2015,November,49,29,1,0,2,0.0,0,BB,PRT,Online TA,TA/TO,0,0,0,A,A,1,No Deposit,9.0,0,Contract,85.0,0,1
City Hotel,0,89,2015,November,49,30,1,4,2,0.0,0,BB,FIN,Online TA,TA/TO,0,0,0,A,A,0,No Deposit,7.0,0,Transient,52.85,0,2
City Hotel,0,114,2015,November,49,30,2,5,2,0.0,0,BB,DEU,Offline TA/TO,TA/TO,0,0,0,A,A,0,No Deposit,27.0,0,Transient,41.43,0,0
City Hotel,1,208,2015,December,49,1,0,3,2,0.0,0,BB,PRT,Online TA,TA/TO,0,0,0,A,A,1,No Deposit,9.0,0,Transient,72.25,0,1
City Hotel,0,0,2015,December,49,2,0,4,2,0.0,0,SC,MEX,Online TA,TA/TO,0,0,0,A,A,0,No Deposit,10.0,0,Transient,67.95,0,0
City Hotel,1,139,2015,December,49,3,0,1,2,0.0,0,BB,PRT,Online TA,TA/TO,0,0,0,A,A,0,No Deposit,9.0,0,Transient,72.25,0,1
City Hotel,0,94,2015,December,49,3,0,2,2,0.0,0,BB,LUX,Online TA,TA/TO,0,0,0,A,A,0,No Deposit,9.0,0,Contract,72.25,0,1
City Hotel,0,94,2015,December,49,3,0,2,2,0.0,0,BB,PRT,Online TA,TA/TO,0,0,0,A,A,0,No Deposit,9.0,0,Contract,72.25,0,1
City Hotel,1,104,2015,December,49,3,0,3,2,0.0,0,BB,PRT,Offline TA/TO,TA/TO,0,0,0,A,A,0,Non Refund,55.0,0,Transient,75.0,0,0
City Hotel,1,104,2015,December,49,3,0,3,2,0.0,0,BB,PRT,Offline TA/TO,TA/TO,0,0,0,A,A,0,Non Refund,55.0,0,Transient,75.0,0,0
City Hotel,1,104,2015,December,49,3,0,3,2,0.0,0,BB,PRT,Offline TA/TO,TA/TO,0,0,0,A,A,0,Non Refund,55.0,0,Transient,75.0,0,0
City Hotel,1,104,2015,December,49,3,0,3,2,0.0,0,BB,PRT,Offline TA/TO,TA/TO,0,0,0,A,A,0,Non Refund,55.0,0,Transient,75.0,0,0
City Hotel,1,104,2015,December,49,3,0,3,2,0.0,0,BB,PRT,Offline TA/TO,TA/TO,0,0,0,A,A,0,Non Refund,55.0,0,Transient,75.0,0,0
City Hotel,1,104,2015,December,49,3,0,3,2,0.0,0,BB,PRT,Offline TA/TO,TA/TO,0,0,0,A,A,0,Non Refund,55.0,0,Transient,75.0,0,0
City Hotel,1,104,2015,December,49,3,0,3,2,0.0,0,BB,PRT,Offline TA/TO,TA/TO,0,0,0,A,A,0,Non Refund,55.0,0,Transient,75.0,0,0
City Hotel,0,94,2015,December,49,3,0,2,2,0.0,0,BB,ITA,Online TA,TA/TO,0,0,0,A,A,0,No Deposit,9.0,0,Contract,72.25,0,1
City Hotel,1,104,2015,December,49,3,0,3,2,0.0,0,BB,PRT,Offline TA/TO,TA/TO,0,0,0,A,A,0,Non Refund,55.0,0,Transient,75.0,0,0
City Hotel,1,104,2015,December,49,3,0,3,2,0.0,0,BB,PRT,Offline TA/TO,TA/TO,0,0,0,A,A,0,Non Refund,55.0,0,Transient,75.0,0,0
City Hotel,1,104,2015,December,49,3,0,3,2,0.0,0,BB,PRT,Offline TA/TO,TA/TO,0,0,0,A,A,0,Non Refund,55.0,0,Transient,75.0,0,0
City Hotel,1,104,2015,December,49,3,0,3,2,0.0,0,BB,PRT,Offline TA/TO,TA/TO,0,0,0,A,A,0,Non Refund,55.0,0,Transient,75.0,0,0
City Hotel,1,104,2015,December,49,3,0,3,2,0.0,0,BB,PRT,Offline TA/TO,TA/TO,0,0,0,A,A,0,Non Refund,55.0,0,Transient,75.0,0,0
City Hotel,1,104,2015,December,49,3,0,3,2,0.0,0,BB,PRT,Offline TA/TO,TA/TO,0,0,0,A,A,0,Non Refund,55.0,0,Transient,75.0,0,0
City Hotel,0,93,2015,December,49,3,1,3,2,0.0,0,BB,ESP,Online TA,TA/TO,0,0,0,A,A,0,No Deposit,9.0,0,Contract,72.25,0,2
City Hotel,0,93,2015,December,49,3,1,3,2,0.0,0,BB,ESP,Online TA,TA/TO,0,0,0,A,A,0,No Deposit,9.0,0,Contract,72.25,0,2
City Hotel,1,104,2015,December,49,3,0,3,2,0.0,0,BB,PRT,Offline TA/TO,TA/TO,0,0,0,A,A,0,Non Refund,55.0,0,Transient,75.0,0,0
City Hotel,1,111,2015,December,49,3,2,3,2,0.0,0,BB,PRT,Online TA,TA/TO,0,0,0,A,A,0,No Deposit,9.0,0,Contract,72.25,0,1
City Hotel,0,3,2015,December,49,4,0,1,2,0.0,0,SC,ESP,Online TA,TA/TO,0,0,0,A,A,0,No Deposit,9.0,0,Transient,75.0,0,0
City Hotel,0,88,2015,December,49,4,0,2,2,0.0,0,BB,PRT,Complementary,Direct,0,0,0,A,A,0,No Deposit,,0,Transient,0.0,0,0
City Hotel,0,88,2015,December,49,4,0,2,2,0.0,0,BB,PRT,Complementary,Direct,0,0,0,A,A,0,No Deposit,,0,Transient,0.0,0,1
City Hotel,0,94,2015,December,49,4,1,2,2,0.0,0,BB,BEL,Online TA,TA/TO,0,0,0,A,A,0,No Deposit,9.0,0,Contract,72.25,0,3
City Hotel,0,94,2015,December,49,4,1,2,2,0.0,0,BB,NLD,Online TA,TA/TO,0,0,0,A,A,0,No Deposit,9.0,0,Contract,72.25,0,3
City Hotel,1,134,2015,December,49,4,2,2,2,0.0,0,BB,PRT,Offline TA/TO,TA/TO,0,0,0,A,A,0,Non Refund,3.0,91,Transient,65.0,0,0
City Hotel,1,134,2015,December,49,4,2,2,2,0.0,0,BB,PRT,Offline TA/TO,TA/TO,0,0,0,A,A,0,Non Refund,3.0,91,Transient,65.0,0,0
City Hotel,1,134,2015,December,49,4,2,2,2,0.0,0,BB,PRT,Offline TA/TO,TA/TO,0,0,0,A,A,0,Non Refund,3.0,91,Transient,65.0,0,0
City Hotel,1,134,2015,December,49,4,2,2,2,0.0,0,BB,PRT,Offline TA/TO,TA/TO,0,0,0,A,A,0,Non Refund,3.0,91,Transient,65.0,0,0
City Hotel,0,15,2015,December,49,4,2,2,2,0.0,0,BB,ESP,Online TA,TA/TO,0,0,0,A,B,2,No Deposit,9.0,0,Transient-Party,113.5,1,1
City Hotel,1,134,2015,December,49,4,2,2,2,0.0,0,BB,PRT,Offline TA/TO,TA/TO,0,0,0,A,A,0,Non Refund,3.0,91,Transient,65.0,0,0
City Hotel,1,134,2015,December,49,4,2,2,2,0.0,0,BB,PRT,Offline TA/TO,TA/TO,0,0,0,A,A,0,Non Refund,3.0,91,Transient,65.0,0,0
City Hotel,1,134,2015,December,49,4,2,2,2,0.0,0,BB,PRT,Offline TA/TO,TA/TO,0,0,0,A,A,0,Non Refund,3.0,91,Transient,65.0,0,0
City Hotel,1,134,2015,December,49,4,2,2,2,0.0,0,BB,PRT,Offline TA/TO,TA/TO,0,0,0,A,A,0,Non Refund,3.0,91,Transient,65.0,0,0
City Hotel,0,15,2015,December,49,4,2,2,2,0.0,0,BB,ESP,Online TA,TA/TO,0,0,0,A,B,0,No Deposit,9.0,0,Transient-Party,104.5,0,1
City Hotel,1,134,2015,December,49,4,2,2,2,0.0,0,BB,PRT,Offline TA/TO,TA/TO,0,0,0,A,A,0,Non Refund,3.0,91,Transient,65.0,0,0
City Hotel,1,134,2015,December,49,4,2,2,2,0.0,0,BB,PRT,Offline TA/TO,TA/TO,0,0,0,A,A,0,Non Refund,3.0,91,Transient,65.0,0,0
City Hotel,1,134,2015,December,49,4,2,2,2,0.0,0,BB,PRT,Offline TA/TO,TA/TO,0,0,0,A,A,0,Non Refund,3.0,91,Transient,65.0,0,0
City Hotel,1,134,2015,December,49,4,2,2,2,0.0,0,BB,PRT,Offline TA/TO,TA/TO,0,0,0,A,A,0,Non Refund,3.0,91,Transient,65.0,0,0
City Hotel,1,134,2015,December,49,4,2,2,2,0.0,0,BB,PRT,Offline TA/TO,TA/TO,0,0,0,A,A,0,Non Refund,3.0,91,Transient,65.0,0,0
City Hotel,1,134,2015,December,49,4,2,2,2,0.0,0,BB,PRT,Offline TA/TO,TA/TO,0,0,0,A,A,0,Non Refund,3.0,91,Transient,65.0,0,0
City Hotel,1,134,2015,December,49,4,2,2,2,0.0,0,BB,PRT,Offline TA/TO,TA/TO,0,0,0,A,A,0,Non Refund,3.0,91,Transient,65.0,0,0
City Hotel,1,134,2015,December,49,4,2,2,2,0.0,0,BB,PRT,Offline TA/TO,TA/TO,0,0,0,A,A,0,Non Refund,3.0,91,Transient,65.0,0,0
City Hotel,0,90,2015,December,49,4,2,2,2,0.0,0,BB,ITA,Online TA,TA/TO,0,0,0,A,A,0,No Deposit,9.0,0,Transient,72.25,0,1
City Hotel,1,134,2015,December,49,4,2,2,2,0.0,0,BB,PRT,Offline TA/TO,TA/TO,0,0,0,A,A,0,Non Refund,3.0,91,Transient,65.0,0,0
City Hotel,1,134,2015,December,49,4,2,2,2,0.0,0,BB,PRT,Offline TA/TO,TA/TO,0,0,0,A,A,0,Non Refund,3.0,91,Transient,65.0,0,0
City Hotel,1,134,2015,December,49,4,2,2,2,0.0,0,BB,PRT,Offline TA/TO,TA/TO,0,0,0,A,A,0,Non Refund,3.0,91,Transient,65.0,0,0
City Hotel,1,106,2015,December,49,4,2,2,2,0.0,0,BB,PRT,Online TA,TA/TO,0,0,0,A,A,0,No Deposit,9.0,0,Contract,72.25,0,2
City Hotel,0,112,2015,December,49,4,2,2,2,0.0,0,BB,ESP,Online TA,TA/TO,0,0,0,A,A,0,No Deposit,7.0,0,Transient,52.85,0,1
City Hotel,1,134,2015,December,49,4,2,2,2,0.0,0,BB,PRT,Offline TA/TO,TA/TO,0,0,0,A,A,0,Non Refund,3.0,91,Transient,65.0,0,0
City Hotel,1,134,2015,December,49,4,2,2,2,0.0,0,BB,PRT,Offline TA/TO,TA/TO,0,0,0,A,A,0,Non Refund,3.0,91,Transient,65.0,0,0
City Hotel,1,134,2015,December,49,4,2,2,2,0.0,0,BB,PRT,Offline TA/TO,TA/TO,0,0,0,A,A,0,Non Refund,3.0,91,Transient,65.0,0,0
City Hotel,1,134,2015,December,49,4,2,2,2,0.0,0,BB,PRT,Offline TA/TO,TA/TO,0,0,0,A,A,0,Non Refund,3.0,91,Transient,65.0,0,0
City Hotel,1,134,2015,December,49,4,2,2,2,0.0,0,BB,PRT,Offline TA/TO,TA/TO,0,0,0,A,A,0,Non Refund,3.0,91,Transient,65.0,0,0
City Hotel,1,134,2015,December,49,4,2,2,2,0.0,0,BB,PRT,Offline TA/TO,TA/TO,0,0,0,A,A,0,Non Refund,3.0,91,Transient,65.0,0,0
City Hotel,1,95,2015,December,49,4,2,2,2,0.0,0,BB,PRT,Online TA,TA/TO,0,0,0,A,A,0,No Deposit,9.0,0,Contract,72.25,0,2
City Hotel,0,95,2015,December,49,5,0,1,2,0.0,0,BB,PRT,Online TA,TA/TO,0,0,0,A,A,0,No Deposit,9.0,0,Contract,72.25,0,2
City Hotel,0,135,2015,December,49,5,2,1,2,0.0,0,BB,PRT,Groups,TA/TO,0,0,0,A,D,0,No Deposit,1.0,0,Transient-Party,62.0,0,0
City Hotel,0,135,2015,December,49,5,2,1,2,0.0,0,BB,ESP,Groups,TA/TO,0,0,0,A,A,0,No Deposit,1.0,0,Transient-Party,62.0,0,0
City Hotel,1,198,2015,December,49,5,2,1,2,0.0,0,HB,ESP,Groups,TA/TO,0,0,0,A,A,0,Non Refund,1.0,0,Transient,90.0,0,0
City Hotel,1,198,2015,December,49,5,2,1,2,0.0,0,HB,ESP,Groups,TA/TO,0,0,0,A,A,0,Non Refund,1.0,0,Transient,90.0,0,0
City Hotel,0,135,2015,December,49,5,2,1,2,0.0,0,BB,ESP,Groups,TA/TO,0,0,0,A,D,0,No Deposit,1.0,0,Transient-Party,62.0,0,0
City Hotel,0,135,2015,December,49,5,2,1,2,0.0,0,BB,ESP,Groups,TA/TO,0,0,0,A,D,0,No Deposit,1.0,0,Transient-Party,62.0,0,0
City Hotel,1,198,2015,December,49,5,2,1,2,0.0,0,HB,ESP,Groups,TA/TO,0,0,0,A,A,0,Non Refund,1.0,0,Transient,90.0,0,0
City Hotel,0,135,2015,December,49,5,2,1,2,0.0,0,BB,ESP,Groups,TA/TO,0,0,0,A,A,0,No Deposit,1.0,0,Transient-Party,62.0,0,0
City Hotel,1,198,2015,December,49,5,2,1,2,0.0,0,HB,ESP,Groups,TA/TO,0,0,0,A,A,0,Non Refund,1.0,0,Transient,90.0,0,0
City Hotel,1,198,2015,December,49,5,2,1,2,0.0,0,HB,ESP,Groups,TA/TO,0,0,0,A,A,0,Non Refund,1.0,0,Transient,90.0,0,0
City Hotel,1,198,2015,December,49,5,2,1,2,0.0,0,HB,ESP,Groups,TA/TO,0,0,0,A,A,0,Non Refund,1.0,0,Transient,90.0,0,0
City Hotel,0,135,2015,December,49,5,2,1,2,0.0,0,BB,ESP,Groups,TA/TO,0,0,0,A,A,0,No Deposit,1.0,0,Transient-Party,71.0,0,0
City Hotel,0,135,2015,December,49,5,2,1,2,0.0,0,BB,ESP,Groups,TA/TO,0,0,0,A,A,0,No Deposit,1.0,0,Transient-Party,62.0,0,0
City Hotel,1,198,2015,December,49,5,2,1,2,0.0,0,HB,ESP,Groups,TA/TO,0,0,0,A,A,0,Non Refund,1.0,0,Transient,90.0,0,0
City Hotel,1,198,2015,December,49,5,2,1,2,0.0,0,HB,ESP,Groups,TA/TO,0,0,0,A,A,0,Non Refund,1.0,0,Transient,90.0,0,0
City Hotel,1,198,2015,December,49,5,2,1,2,0.0,0,HB,ESP,Groups,TA/TO,0,0,0,A,A,0,Non Refund,1.0,0,Transient,90.0,0,0
City Hotel,0,135,2015,December,49,5,2,1,2,0.0,0,BB,PRT,Groups,TA/TO,0,0,0,A,A,0,No Deposit,1.0,0,Transient-Party,62.0,0,0
City Hotel,0,135,2015,December,49,5,2,1,2,0.0,0,BB,ESP,Groups,TA/TO,0,0,0,A,D,0,No Deposit,1.0,0,Transient-Party,62.0,0,0
City Hotel,0,135,2015,December,49,5,2,1,2,0.0,0,BB,ESP,Groups,TA/TO,0,0,0,A,D,0,No Deposit,1.0,0,Transient-Party,62.0,0,0
City Hotel,0,99,2015,December,49,5,2,1,2,0.0,0,BB,ESP,Online TA,TA/TO,0,0,0,A,A,0,No Deposit,9.0,0,Contract,72.25,0,2
City Hotel,0,135,2015,December,49,5,2,1,2,0.0,0,BB,ESP,Groups,TA/TO,0,0,0,A,A,0,No Deposit,1.0,0,Transient-Party,62.0,0,0
City Hotel,0,135,2015,December,49,5,2,1,2,0.0,0,BB,ESP,Groups,TA/TO,0,0,0,A,D,0,No Deposit,1.0,0,Transient-Party,62.0,0,0
City Hotel,1,198,2015,December,49,5,2,1,2,0.0,0,HB,ESP,Groups,TA/TO,0,0,0,A,A,0,Non Refund,1.0,0,Transient,90.0,0,0
City Hotel,1,198,2015,December,49,5,2,1,2,0.0,0,HB,ESP,Groups,TA/TO,0,0,0,A,A,0,Non Refund,1.0,0,Transient,90.0,0,0
City Hotel,0,135,2015,December,49,5,2,1,2,0.0,0,BB,PRT,Groups,TA/TO,0,0,0,A,D,0,No Deposit,1.0,0,Transient-Party,62.0,0,0
City Hotel,0,135,2015,December,49,5,2,1,2,0.0,0,BB,PRT,Groups,TA/TO,0,0,0,A,A,0,No Deposit,1.0,0,Transient-Party,62.0,0,0
City Hotel,0,135,2015,December,49,5,2,1,2,0.0,0,BB,PRT,Groups,TA/TO,0,0,0,A,D,0,No Deposit,1.0,0,Transient-Party,62.0,0,0
City Hotel,1,198,2015,December,49,5,2,1,2,0.0,0,HB,ESP,Groups,TA/TO,0,0,0,A,A,0,Non Refund,1.0,0,Transient,90.0,0,0
City Hotel,1,102,2015,December,49,5,2,1,2,0.0,0,BB,PRT,Online TA,TA/TO,0,0,0,A,A,0,No Deposit,9.0,0,Contract,72.25,0,0
City Hotel,0,135,2015,December,49,5,2,1,2,0.0,0,BB,PRT,Groups,TA/TO,0,0,0,A,A,0,No Deposit,1.0,0,Transient-Party,62.0,0,0
City Hotel,1,198,2015,December,49,5,2,1,2,0.0,0,HB,ESP,Groups,TA/TO,0,0,0,A,A,0,Non Refund,1.0,0,Transient,90.0,0,0
City Hotel,1,198,2015,December,49,5,2,1,2,0.0,0,HB,ESP,Groups,TA/TO,0,0,0,A,A,0,Non Refund,1.0,0,Transient,90.0,0,0
City Hotel,0,135,2015,December,49,5,2,1,2,0.0,0,BB,ESP,Groups,TA/TO,0,0,0,A,A,0,No Deposit,1.0,0,Transient-Party,62.0,0,0
City Hotel,0,135,2015,December,49,5,2,1,2,0.0,0,BB,ESP,Groups,TA/TO,0,0,0,A,A,0,No Deposit,1.0,0,Transient-Party,62.0,0,0
City Hotel,0,135,2015,December,49,5,2,1,2,0.0,0,BB,ESP,Groups,TA/TO,0,0,0,A,A,0,No Deposit,1.0,0,Transient-Party,62.0,0,0
City Hotel,0,135,2015,December,49,5,2,1,2,0.0,0,BB,PRT,Groups,TA/TO,0,0,0,A,A,0,No Deposit,1.0,0,Transient-Party,62.0,0,0
City Hotel,1,198,2015,December,49,5,2,1,2,0.0,0,HB,ESP,Groups,TA/TO,0,0,0,A,A,0,Non Refund,1.0,0,Transient,90.0,0,0
City Hotel,1,198,2015,December,49,5,2,1,2,0.0,0,HB,ESP,Groups,TA/TO,0,0,0,A,A,0,Non Refund,1.0,0,Transient,90.0,0,0
City Hotel,0,135,2015,December,49,5,2,1,2,0.0,0,BB,ESP,Groups,TA/TO,0,0,0,A,D,0,No Deposit,1.0,0,Transient-Party,62.0,0,0
City Hotel,0,135,2015,December,49,5,2,1,2,0.0,0,BB,ESP,Groups,TA/TO,0,0,0,A,A,0,No Deposit,1.0,0,Transient-Party,62.0,0,0
City Hotel,1,198,2015,December,49,5,2,1,2,0.0,0,HB,ESP,Groups,TA/TO,0,0,0,A,A,0,Non Refund,1.0,0,Transient,90.0,0,0
City Hotel,1,198,2015,December,49,5,2,1,2,0.0,0,HB,ESP,Groups,TA/TO,0,0,0,A,A,0,Non Refund,1.0,0,Transient,90.0,0,0
City Hotel,0,135,2015,December,49,5,2,1,2,0.0,0,BB,ESP,Groups,TA/TO,0,0,0,A,D,0,No Deposit,1.0,0,Transient-Party,62.0,0,0
City Hotel,1,198,2015,December,49,5,2,1,2,0.0,0,HB,ESP,Groups,TA/TO,0,0,0,A,A,0,Non Refund,1.0,0,Transient,90.0,0,0
City Hotel,1,198,2015,December,49,5,2,1,2,0.0,0,HB,ESP,Groups,TA/TO,0,0,0,A,A,0,Non Refund,1.0,0,Transient,90.0,0,0
City Hotel,1,198,2015,December,49,5,2,1,2,0.0,0,HB,ESP,Groups,TA/TO,0,0,0,A,A,0,Non Refund,1.0,0,Transient,90.0,0,0
City Hotel,1,198,2015,December,49,5,2,1,2,0.0,0,HB,ESP,Groups,TA/TO,0,0,0,A,A,0,Non Refund,1.0,0,Transient,90.0,0,0
City Hotel,0,96,2015,December,50,6,2,1,2,0.0,0,BB,PRT,Direct,Direct,0,0,0,A,A,0,No Deposit,14.0,0,Transient,72.25,0,1
City Hotel,0,5,2015,December,50,8,0,1,2,0.0,0,SC,PRT,Online TA,TA/TO,0,0,0,A,A,0,No Deposit,9.0,0,Transient,84.0,1,1
City Hotel,0,110,2015,December,50,9,0,1,2,0.0,0,BB,FRA,Offline TA/TO,TA/TO,0,0,0,A,D,1,No Deposit,56.0,69,Transient-Party,70.0,0,0
City Hotel,1,106,2015,December,50,9,0,2,2,0.0,0,BB,PRT,Groups,TA/TO,0,0,0,A,A,0,Non Refund,37.0,57,Transient,75.0,0,0
City Hotel,1,106,2015,December,50,9,0,2,2,0.0,0,BB,PRT,Groups,TA/TO,0,0,0,A,A,0,Non Refund,37.0,57,Transient,75.0,0,0
City Hotel,1,106,2015,December,50,9,0,2,2,0.0,0,BB,PRT,Groups,TA/TO,0,0,0,A,A,0,Non Refund,37.0,57,Transient,75.0,0,0
City Hotel,1,106,2015,December,50,9,0,2,2,0.0,0,BB,PRT,Groups,TA/TO,0,0,0,A,A,0,Non Refund,37.0,57,Transient,75.0,0,0
City Hotel,1,106,2015,December,50,9,0,2,2,0.0,0,BB,PRT,Groups,TA/TO,0,0,0,A,A,0,Non Refund,37.0,57,Transient,75.0,0,0
City Hotel,1,106,2015,December,50,9,0,2,2,0.0,0,BB,PRT,Groups,TA/TO,0,0,0,A,A,0,Non Refund,37.0,57,Transient,75.0,0,0
City Hotel,1,106,2015,December,50,9,0,2,2,0.0,0,BB,PRT,Groups,TA/TO,0,0,0,A,A,0,Non Refund,37.0,57,Transient,75.0,0,0
City Hotel,1,106,2015,December,50,9,0,2,2,0.0,0,BB,PRT,Groups,TA/TO,0,0,0,A,A,0,Non Refund,37.0,57,Transient,75.0,0,0
City Hotel,1,106,2015,December,50,9,0,2,2,0.0,0,BB,PRT,Groups,TA/TO,0,0,0,A,A,0,Non Refund,37.0,57,Transient,75.0,0,0
City Hotel,1,106,2015,December,50,9,0,2,2,0.0,0,BB,PRT,Groups,TA/TO,0,0,0,A,A,0,Non Refund,37.0,57,Transient,75.0,0,0
City Hotel,1,106,2015,December,50,9,0,2,2,0.0,0,BB,PRT,Groups,TA/TO,0,0,0,A,A,0,Non Refund,37.0,57,Transient,75.0,0,0
City Hotel,1,106,2015,December,50,9,0,2,2,0.0,0,BB,PRT,Groups,TA/TO,0,0,0,A,A,0,Non Refund,37.0,57,Transient,75.0,0,0
City Hotel,1,106,2015,December,50,9,0,2,2,0.0,0,BB,PRT,Groups,TA/TO,0,0,0,A,A,0,Non Refund,37.0,57,Transient,75.0,0,0
City Hotel,1,106,2015,December,50,9,0,2,2,0.0,0,BB,PRT,Groups,TA/TO,0,0,0,A,A,0,Non Refund,37.0,57,Transient,75.0,0,0
City Hotel,1,106,2015,December,50,9,0,2,2,0.0,0,BB,PRT,Groups,TA/TO,0,0,0,A,A,0,Non Refund,37.0,57,Transient,75.0,0,0
City Hotel,1,106,2015,December,50,9,0,2,2,0.0,0,BB,PRT,Groups,TA/TO,0,0,0,A,A,0,Non Refund,37.0,57,Transient,75.0,0,0
City Hotel,1,106,2015,December,50,9,0,2,2,0.0,0,BB,PRT,Groups,TA/TO,0,0,0,A,A,0,Non Refund,37.0,57,Transient,75.0,0,0
City Hotel,1,106,2015,December,50,9,0,2,2,0.0,0,BB,PRT,Groups,TA/TO,0,0,0,A,A,0,Non Refund,37.0,57,Transient,75.0,0,0
City Hotel,1,106,2015,December,50,9,0,2,2,0.0,0,BB,PRT,Groups,TA/TO,0,0,0,A,A,0,Non Refund,37.0,57,Transient,75.0,0,0
City Hotel,1,106,2015,December,50,9,0,2,2,0.0,0,BB,PRT,Groups,TA/TO,0,0,0,A,A,0,Non Refund,37.0,57,Transient,75.0,0,0
City Hotel,0,110,2015,December,50,9,0,4,2,0.0,0,BB,FRA,Offline TA/TO,TA/TO,0,0,0,A,A,0,No Deposit,56.0,69,Transient-Party,70.0,0,0
City Hotel,0,110,2015,December,50,9,0,4,2,0.0,0,BB,FRA,Offline TA/TO,TA/TO,0,0,0,A,A,0,No Deposit,56.0,69,Transient-Party,70.0,0,0
City Hotel,0,110,2015,December,50,9,0,4,2,0.0,0,BB,FRA,Offline TA/TO,TA/TO,0,0,0,A,A,0,No Deposit,56.0,69,Transient-Party,70.0,0,1
City Hotel,0,110,2015,December,50,9,0,4,2,0.0,0,BB,FRA,Offline TA/TO,TA/TO,0,0,0,A,A,0,No Deposit,56.0,69,Transient-Party,70.0,0,0
City Hotel,0,110,2015,December,50,9,0,4,2,0.0,0,BB,FRA,Offline TA/TO,TA/TO,0,0,0,A,A,0,No Deposit,56.0,69,Transient-Party,70.0,0,0
City Hotel,0,110,2015,December,50,9,0,4,2,0.0,0,BB,FRA,Offline TA/TO,TA/TO,0,0,0,A,D,0,No Deposit,56.0,69,Transient-Party,70.0,0,0
City Hotel,0,110,2015,December,50,9,0,4,2,0.0,0,BB,FRA,Offline TA/TO,TA/TO,0,0,0,A,A,0,No Deposit,56.0,69,Transient-Party,70.0,0,0
City Hotel,0,110,2015,December,50,9,0,4,2,0.0,0,BB,FRA,Offline TA/TO,TA/TO,0,0,0,A,A,0,No Deposit,56.0,69,Transient-Party,70.0,0,0
City Hotel,0,110,2015,December,50,9,0,4,2,0.0,0,BB,FRA,Offline TA/TO,TA/TO,0,0,0,A,D,0,No Deposit,56.0,69,Transient-Party,70.0,0,0
City Hotel,0,110,2015,December,50,9,0,4,2,0.0,0,BB,FRA,Offline TA/TO,TA/TO,0,0,0,A,A,0,No Deposit,56.0,69,Transient-Party,70.0,0,0
City Hotel,0,110,2015,December,50,9,0,4,2,0.0,0,BB,FRA,Offline TA/TO,TA/TO,0,0,0,A,A,0,No Deposit,56.0,69,Transient-Party,70.0,0,0
City Hotel,0,110,2015,December,50,9,0,4,2,0.0,0,BB,FRA,Offline TA/TO,TA/TO,0,0,0,A,A,0,No Deposit,56.0,69,Transient-Party,70.0,0,1
City Hotel,0,110,2015,December,50,9,0,4,2,0.0,0,BB,FRA,Offline TA/TO,TA/TO,0,0,0,A,A,0,No Deposit,56.0,69,Transient-Party,70.0,0,0
City Hotel,0,110,2015,December,50,9,0,4,2,0.0,0,BB,FRA,Offline TA/TO,TA/TO,0,0,0,A,A,0,No Deposit,56.0,69,Transient-Party,70.0,0,0
City Hotel,0,1,2015,December,50,10,0,1,2,0.0,0,SC,PRT,Online TA,TA/TO,0,0,0,A,A,0,No Deposit,9.0,0,Transient,85.0,0,0
City Hotel,0,10,2015,December,50,11,0,1,2,0.0,0,BB,PRT,Online TA,TA/TO,0,0,0,D,F,0,No Deposit,9.0,0,Transient,97.0,0,0
City Hotel,0,2,2015,December,50,11,0,1,2,0.0,0,SC,PRT,Online TA,TA/TO,0,0,0,A,A,0,No Deposit,9.0,0,Transient,94.0,1,0
City Hotel,0,98,2015,December,50,11,0,2,2,0.0,0,BB,PRT,Direct,Direct,0,0,0,B,B,0,No Deposit,14.0,0,Transient,72.25,0,0
City Hotel,0,2,2015,December,50,11,0,2,2,0.0,0,BB,ESP,Online TA,TA/TO,0,0,0,D,D,0,No Deposit,9.0,0,Transient,116.0,1,0
City Hotel,0,4,2015,December,50,11,0,2,2,0.0,0,BB,PRT,Online TA,TA/TO,0,0,0,D,D,0,No Deposit,9.0,0,Transient,116.0,1,0
City Hotel,1,125,2015,December,50,11,0,2,2,0.0,0,BB,PRT,Online TA,TA/TO,0,0,0,A,A,0,No Deposit,9.0,0,Transient,72.25,0,1
City Hotel,0,98,2015,December,50,11,0,2,2,0.0,0,BB,PRT,Direct,Direct,0,0,0,B,B,0,No Deposit,14.0,0,Transient,72.25,0,0
City Hotel,0,100,2015,December,50,12,2,1,2,0.0,0,BB,PRT,Online TA,TA/TO,0,0,0,A,A,0,No Deposit,9.0,0,Contract,72.25,0,2
City Hotel,0,100,2015,December,50,12,2,1,2,0.0,0,BB,FRA,Online TA,TA/TO,0,0,0,A,A,0,No Deposit,9.0,0,Contract,72.25,0,2
City Hotel,0,100,2015,December,50,12,2,1,2,0.0,0,BB,FRA,Online TA,TA/TO,0,0,0,A,A,0,No Deposit,9.0,0,Contract,72.25,0,2
City Hotel,0,100,2015,December,50,12,2,1,2,0.0,0,BB,FRA,Online TA,TA/TO,0,0,0,A,A,0,No Deposit,9.0,0,Contract,72.25,0,2
City Hotel,1,8,2015,December,51,13,1,0,2,0.0,0,BB,PRT,Online TA,TA/TO,0,0,0,B,B,0,No Deposit,8.0,0,Transient-Party,104.25,0,1
City Hotel,1,99,2015,December,51,15,0,3,2,0.0,0,BB,PRT,Online TA,TA/TO,0,0,0,A,A,0,No Deposit,9.0,0,Contract,72.25,0,1
City Hotel,0,2,2015,December,51,16,0,1,2,0.0,0,BB,PRT,Direct,Direct,0,0,0,A,A,0,No Deposit,14.0,0,Transient,85.0,0,0
City Hotel,1,11,2015,December,51,16,0,1,2,0.0,0,BB,PRT,Direct,Direct,0,0,0,A,A,0,No Deposit,14.0,0,Transient,95.0,0,0
City Hotel,1,2,2015,December,51,16,0,4,2,0.0,0,BB,FRA,Direct,Direct,0,0,0,A,A,0,No Deposit,14.0,0,Transient,85.0,0,0
City Hotel,0,8,2015,December,51,16,0,4,2,0.0,0,BB,FRA,Online TA,TA/TO,0,0,0,A,A,0,No Deposit,8.0,0,Transient,77.6,0,0
City Hotel,0,2,2015,December,51,17,0,2,2,0.0,0,SC,ITA,Online TA,TA/TO,0,0,0,A,D,0,No Deposit,9.0,0,Transient,63.75,0,1
City Hotel,1,124,2015,December,51,17,0,3,2,0.0,0,BB,PRT,Online TA,TA/TO,0,0,0,A,A,0,No Deposit,9.0,0,Transient,72.25,0,1
City Hotel,0,8,2015,December,51,17,0,3,2,0.0,0,BB,BRA,Direct,Direct,0,0,0,A,A,4,No Deposit,14.0,0,Transient,95.0,0,0
City Hotel,0,6,2015,December,51,18,0,1,2,0.0,0,BB,PRT,Online TA,TA/TO,0,0,0,B,B,3,No Deposit,9.0,0,Transient-Party,86.5,1,0
City Hotel,0,9,2015,December,51,18,0,1,2,0.0,0,SC,PRT,Online TA,TA/TO,0,0,0,A,A,0,No Deposit,9.0,0,Transient,85.0,0,1
City Hotel,1,17,2015,December,51,18,0,2,2,0.0,0,BB,ITA,Online TA,TA/TO,0,0,0,A,A,0,No Deposit,9.0,0,Transient,87.0,0,1
City Hotel,0,3,2015,December,51,18,0,2,2,0.0,0,BB,ALB,Direct,Direct,0,0,0,D,D,0,No Deposit,14.0,0,Transient,65.89,0,0
City Hotel,1,6,2015,December,51,18,1,2,2,0.0,0,BB,FRA,Online TA,TA/TO,0,0,0,A,A,0,No Deposit,9.0,0,Transient,87.0,0,0
City Hotel,1,107,2015,December,51,18,2,2,2,0.0,0,BB,PRT,Online TA,TA/TO,0,0,0,A,A,0,No Deposit,7.0,0,Transient,55.63,0,0
City Hotel,0,0,2015,December,51,19,0,1,2,0.0,0,SC,PRT,Online TA,TA/TO,0,0,0,A,A,0,No Deposit,9.0,0,Transient,75.0,0,0
City Hotel,0,3,2015,December,51,19,0,1,2,0.0,0,SC,PRT,Online TA,TA/TO,0,0,0,A,A,0,No Deposit,9.0,0,Transient,75.0,0,0
City Hotel,0,5,2015,December,51,19,0,1,2,0.0,0,BB,PRT,Online TA,TA/TO,0,0,0,B,B,1,No Deposit,9.0,0,Transient,77.25,0,2
City Hotel,0,1,2015,December,51,19,0,1,2,0.0,0,BB,PRT,Online TA,TA/TO,0,0,0,B,B,1,No Deposit,9.0,0,Transient,77.25,0,1
City Hotel,0,1,2015,December,51,19,0,1,2,0.0,0,BB,PRT,Online TA,TA/TO,0,0,0,B,B,0,No Deposit,9.0,0,Transient,77.25,0,0
City Hotel,0,8,2015,December,51,19,1,1,2,0.0,0,BB,CN,Direct,Direct,0,0,0,D,D,2,No Deposit,14.0,0,Transient,91.0,0,0
City Hotel,0,4,2015,December,51,19,0,1,2,0.0,0,BB,PRT,Online TA,TA/TO,0,0,0,B,B,0,No Deposit,9.0,0,Transient,77.25,0,1
City Hotel,1,102,2015,December,51,19,2,4,2,0.0,0,BB,PRT,Online TA,TA/TO,0,0,0,A,A,0,No Deposit,9.0,0,Contract,72.25,0,1
City Hotel,0,5,2015,December,52,20,1,0,2,0.0,0,SC,PRT,Online TA,TA/TO,0,0,0,A,A,3,No Deposit,8.0,0,Transient,75.0,0,1
City Hotel,0,6,2015,December,52,20,1,0,2,0.0,0,BB,DEU,Online TA,TA/TO,0,0,0,B,B,0,No Deposit,9.0,0,Transient,77.25,0,0
City Hotel,0,132,2015,December,52,20,2,2,2,0.0,0,BB,CN,Online TA,TA/TO,0,0,0,A,A,0,No Deposit,7.0,0,Transient,55.63,0,0
City Hotel,0,132,2015,December,52,20,2,2,2,0.0,0,BB,CN,Online TA,TA/TO,0,0,0,A,A,0,No Deposit,7.0,0,Transient,55.63,0,0
City Hotel,0,7,2015,December,52,20,1,0,2,0.0,0,BB,DEU,Online TA,TA/TO,0,0,0,B,B,0,No Deposit,9.0,0,Transient,77.25,0,0
City Hotel,0,10,2015,December,52,20,2,2,2,0.0,0,SC,USA,Online TA,TA/TO,0,0,0,A,A,0,No Deposit,7.0,0,Transient,52.36,0,1
City Hotel,0,0,2015,December,52,21,1,0,2,0.0,0,SC,CHE,Online TA,TA/TO,0,0,0,A,A,0,No Deposit,9.0,0,Transient,75.0,0,0
City Hotel,0,0,2015,December,52,21,1,0,2,0.0,0,SC,GBR,Online TA,TA/TO,0,0,0,A,A,1,No Deposit,9.0,0,Transient,75.0,1,0
City Hotel,0,4,2015,December,52,21,1,1,2,0.0,0,BB,MAR,Online TA,TA/TO,0,0,0,A,A,1,No Deposit,9.0,0,Transient,96.0,1,0
City Hotel,0,108,2015,December,52,21,1,3,2,0.0,0,BB,BEL,Online TA,TA/TO,0,0,0,A,B,0,No Deposit,9.0,0,Contract,72.25,0,3
City Hotel,0,108,2015,December,52,21,1,3,2,0.0,0,BB,BEL,Online TA,TA/TO,0,0,0,A,B,0,No Deposit,9.0,0,Contract,72.25,0,3
City Hotel,0,0,2015,December,52,22,0,1,2,0.0,0,BB,PRT,Online TA,TA/TO,0,0,0,A,A,0,No Deposit,9.0,0,Transient,96.0,1,1
City Hotel,0,19,2015,December,52,23,0,1,2,0.0,0,BB,CHN,Online TA,TA/TO,0,0,0,B,B,0,No Deposit,9.0,0,Transient,77.25,0,1
City Hotel,0,19,2015,December,52,23,0,1,2,0.0,0,BB,CHN,Online TA,TA/TO,0,0,0,B,B,0,No Deposit,9.0,0,Transient,77.25,0,1
City Hotel,0,15,2015,December,52,23,0,1,2,0.0,0,BB,PRT,Online TA,TA/TO,0,0,0,A,A,0,No Deposit,8.0,0,Transient,97.0,0,0
City Hotel,0,1,2015,December,52,23,0,3,2,0.0,0,BB,DEU,Online TA,TA/TO,0,0,0,B,B,1,No Deposit,9.0,0,Transient-Party,86.25,1,0
City Hotel,1,10,2015,December,52,23,0,4,2,0.0,0,BB,ITA,Online TA,TA/TO,0,0,0,A,A,0,No Deposit,9.0,0,Transient,87.0,0,0
City Hotel,0,125,2015,December,52,23,0,4,2,0.0,0,BB,GBR,Online TA,TA/TO,0,0,0,A,A,0,No Deposit,9.0,0,Contract,72.25,0,2
City Hotel,1,10,2015,December,52,23,0,4,2,0.0,0,BB,ITA,Online TA,TA/TO,0,0,0,A,A,0,No Deposit,9.0,0,Transient,87.0,0,0
City Hotel,0,0,2015,December,52,24,0,1,2,0.0,0,SC,PRT,Online TA,TA/TO,0,0,0,A,A,0,No Deposit,9.0,0,Transient,85.0,0,0
City Hotel,0,2,2015,December,52,24,0,1,2,0.0,0,SC,PRT,Online TA,TA/TO,0,0,0,A,A,1,No Deposit,9.0,0,Transient,67.5,0,1
City Hotel,1,12,2015,December,52,24,0,2,2,0.0,0,BB,BEL,Online TA,TA/TO,0,0,0,B,B,1,No Deposit,9.0,0,Transient-Party,77.25,0,1
City Hotel,0,5,2015,December,52,24,0,2,2,0.0,0,SC,PRT,Online TA,TA/TO,0,0,0,A,A,0,No Deposit,9.0,0,Transient,72.75,1,1
City Hotel,0,2,2015,December,52,24,0,3,2,0.0,0,BB,BEL,Online TA,TA/TO,0,0,0,A,A,0,No Deposit,7.0,0,Transient,66.99,0,1
City Hotel,1,115,2015,December,52,24,0,3,2,0.0,0,BB,PRT,Online TA,TA/TO,0,0,0,A,A,0,No Deposit,9.0,0,Contract,72.25,0,1
City Hotel,0,22,2015,December,52,24,1,3,2,0.0,0,BB,MEX,Online TA,TA/TO,0,0,0,A,A,0,No Deposit,9.0,0,Transient,87.0,0,1
City Hotel,0,125,2015,December,52,25,0,1,2,0.0,0,BB,BEL,Online TA,TA/TO,0,0,0,A,A,0,No Deposit,9.0,0,Transient,72.25,0,1
City Hotel,0,17,2015,December,52,25,0,0,2,0.0,0,BB,PRT,Direct,Direct,0,0,0,A,A,1,No Deposit,14.0,0,Transient,0.0,0,0
City Hotel,0,17,2015,December,52,25,0,2,2,0.0,0,BB,PRT,Direct,Direct,0,0,0,A,A,0,No Deposit,14.0,0,Transient,76.5,0,0
City Hotel,0,11,2015,December,52,25,1,2,2,0.0,0,BB,FRA,Online TA,TA/TO,0,0,0,B,B,0,No Deposit,9.0,0,Transient,80.41,0,0
City Hotel,0,4,2015,December,52,25,1,2,2,0.0,0,BB,ESP,Online TA,TA/TO,0,0,0,A,A,0,No Deposit,9.0,0,Transient,90.33,0,0
City Hotel,0,12,2015,December,52,25,1,2,2,0.0,0,BB,FRA,Online TA,TA/TO,0,0,0,B,B,1,No Deposit,9.0,0,Transient,80.42,0,0
City Hotel,0,9,2015,December,52,25,2,3,2,0.0,0,BB,THA,Online TA,TA/TO,0,0,0,E,E,0,No Deposit,11.0,0,Transient,98.64,0,0
City Hotel,0,3,2015,December,52,26,0,1,2,0.0,0,SC,PRT,Online TA,TA/TO,0,0,0,A,A,0,No Deposit,9.0,0,Transient,75.0,0,0
City Hotel,0,19,2015,December,52,26,1,1,2,0.0,0,BB,BRA,Online TA,TA/TO,0,0,0,B,B,0,No Deposit,9.0,0,Transient,86.75,0,1
City Hotel,0,19,2015,December,52,26,1,1,2,0.0,0,BB,BRA,Online TA,TA/TO,0,0,0,B,B,1,No Deposit,9.0,0,Transient,86.75,0,1
City Hotel,0,10,2015,December,52,26,2,1,2,0.0,0,BB,ESP,Online TA,TA/TO,0,0,0,B,B,0,No Deposit,9.0,0,Transient-Party,83.58,0,0
City Hotel,1,18,2015,December,52,26,2,1,2,0.0,0,BB,ESP,Online TA,TA/TO,0,0,0,A,A,0,No Deposit,9.0,0,Transient,97.0,0,0
City Hotel,0,8,2015,December,52,26,2,1,2,0.0,0,BB,ESP,Online TA,TA/TO,0,0,0,B,B,1,No Deposit,9.0,0,Transient-Party,92.58,1,0
City Hotel,0,119,2015,December,52,26,2,1,2,0.0,0,BB,BEL,Online TA,TA/TO,0,0,0,A,A,0,No Deposit,9.0,0,Transient,72.25,0,3
City Hotel,0,22,2015,December,52,26,2,1,2,0.0,0,BB,FRA,Online TA,TA/TO,0,0,0,A,A,0,No Deposit,11.0,0,Transient,59.09,0,0
City Hotel,0,119,2015,December,52,26,2,1,2,0.0,0,BB,BEL,Online TA,TA/TO,0,0,0,A,A,0,No Deposit,9.0,0,Transient,72.25,0,3
City Hotel,0,14,2015,December,52,26,2,1,2,0.0,0,BB,ESP,Online TA,TA/TO,0,0,0,A,A,0,No Deposit,9.0,0,Transient-Party,111.67,1,0
City Hotel,0,14,2015,December,52,26,2,1,2,0.0,0,BB,ESP,Online TA,TA/TO,0,0,0,A,A,0,No Deposit,9.0,0,Transient-Party,93.67,0,1
City Hotel,1,14,2015,December,52,26,2,2,2,0.0,0,BB,FRA,Online TA,TA/TO,0,0,0,A,A,0,No Deposit,9.0,0,Transient,99.5,0,0
City Hotel,1,14,2015,December,52,26,2,2,2,0.0,0,BB,FRA,Online TA,TA/TO,0,0,0,A,A,0,No Deposit,9.0,0,Transient,99.5,0,0
City Hotel,0,0,2015,December,52,26,2,2,2,0.0,0,SC,EGY,Online TA,TA/TO,0,0,0,A,A,0,No Deposit,9.0,0,Transient,90.0,0,1
City Hotel,0,10,2015,December,52,26,2,2,2,0.0,0,BB,ESP,Direct,Direct,0,0,0,A,A,0,No Deposit,14.0,0,Transient,65.05,1,0
City Hotel,0,37,2015,December,52,26,2,2,2,0.0,0,BB,SWE,Online TA,TA/TO,0,0,0,A,A,1,No Deposit,,0,Transient,87.3,0,0
City Hotel,0,5,2015,December,52,26,2,2,2,0.0,0,SC,FIN,Online TA,TA/TO,0,0,0,A,A,0,No Deposit,11.0,0,Transient,63.0,0,0
City Hotel,0,8,2015,December,52,26,2,3,2,0.0,0,SC,PRT,Online TA,TA/TO,0,0,0,A,A,0,No Deposit,9.0,0,Transient,77.35,0,1
City Hotel,0,4,2015,December,52,26,2,5,2,0.0,0,BB,USA,Online TA,TA/TO,0,0,0,D,D,0,No Deposit,7.0,0,Transient,92.43,0,1
City Hotel,0,1,2015,December,53,27,2,0,2,0.0,0,SC,PRT,Online TA,TA/TO,0,0,0,A,A,0,No Deposit,11.0,0,Transient,68.0,0,0
City Hotel,0,15,2015,December,53,27,2,1,2,0.0,0,SC,FIN,Online TA,TA/TO,0,0,0,A,A,0,No Deposit,11.0,0,Transient,66.0,0,0
City Hotel,0,8,2015,December,53,27,2,1,2,0.0,0,SC,JPN,Online TA,TA/TO,0,0,0,A,A,0,No Deposit,9.0,0,Transient-Party,77.92,0,1
City Hotel,0,21,2015,December,53,27,2,1,2,0.0,0,BB,CHN,Online TA,TA/TO,0,0,0,A,A,0,No Deposit,9.0,0,Transient,103.67,0,0
City Hotel,0,9,2015,December,53,27,2,1,2,0.0,0,BB,ESP,Online TA,TA/TO,0,0,0,A,A,0,No Deposit,9.0,0,Transient,103.67,0,1
City Hotel,0,3,2015,December,53,27,2,1,2,0.0,0,BB,ESP,Online TA,TA/TO,0,0,0,A,A,2,No Deposit,9.0,0,Transient,81.3,1,1
City Hotel,0,8,2015,December,53,27,2,1,2,0.0,0,SC,JPN,Online TA,TA/TO,0,0,0,A,A,0,No Deposit,9.0,0,Transient-Party,77.92,0,0
City Hotel,0,11,2015,December,53,27,2,1,2,0.0,0,BB,ESP,Online TA,TA/TO,0,0,0,D,D,0,No Deposit,9.0,0,Transient,122.67,0,1
City Hotel,0,0,2015,December,53,27,2,1,2,0.0,0,SC,BEL,Online TA,TA/TO,0,0,0,A,A,0,No Deposit,9.0,0,Transient,91.67,0,0
City Hotel,1,14,2015,December,53,27,2,2,2,0.0,0,BB,FRA,Online TA,TA/TO,0,0,0,A,A,0,No Deposit,9.0,0,Transient-Party,107.0,0,0
City Hotel,0,14,2015,December,53,27,2,2,2,0.0,0,BB,FRA,Direct,Direct,0,0,0,A,A,0,No Deposit,14.0,0,Transient-Party,105.0,0,2
City Hotel,1,14,2015,December,53,27,2,2,2,0.0,0,BB,FRA,Online TA,TA/TO,0,0,0,A,A,0,No Deposit,9.0,0,Transient-Party,107.0,0,0
City Hotel,0,14,2015,December,53,27,2,2,2,0.0,0,BB,FRA,Direct,Direct,0,0,0,A,A,0,No Deposit,14.0,0,Transient-Party,105.0,0,1
City Hotel,0,121,2015,December,53,27,2,2,2,0.0,0,BB,PRT,Online TA,TA/TO,0,0,0,A,A,0,No Deposit,9.0,0,Contract,72.25,0,1
City Hotel,0,5,2015,December,53,27,2,4,2,0.0,0,BB,FRA,Online TA,TA/TO,0,0,0,D,D,1,No Deposit,9.0,0,Transient,104.5,0,0
City Hotel,0,17,2015,December,53,28,1,0,2,0.0,0,BB,ESP,Online TA,TA/TO,0,0,0,A,A,0,No Deposit,9.0,0,Transient,106.0,1,2
City Hotel,0,17,2015,December,53,28,1,0,2,0.0,0,BB,ESP,Online TA,TA/TO,0,0,0,A,A,0,No Deposit,9.0,0,Transient,97.0,0,2
City Hotel,0,0,2015,December,53,28,1,0,2,0.0,0,BB,PRT,Online TA,TA/TO,0,0,0,A,A,0,No Deposit,9.0,0,Transient,106.0,0,0
City Hotel,0,12,2015,December,53,28,1,0,2,0.0,0,SC,ITA,Online TA,TA/TO,0,0,0,A,A,0,No Deposit,9.0,0,Transient,85.0,0,0
City Hotel,0,0,2015,December,53,28,1,0,2,0.0,0,BB,USA,Online TA,TA/TO,0,0,0,A,A,0,No Deposit,7.0,0,Transient,74.69,0,1
City Hotel,0,21,2015,December,53,28,1,1,2,0.0,0,BB,FRA,Online TA,TA/TO,0,0,0,A,A,0,No Deposit,9.0,0,Transient-Party,125.0,1,2
City Hotel,0,1,2015,December,53,28,1,1,2,0.0,0,SC,CHE,Online TA,TA/TO,0,0,0,A,A,0,No Deposit,9.0,0,Transient,95.0,0,1
City Hotel,0,21,2015,December,53,28,1,1,2,0.0,0,BB,FRA,Online TA,TA/TO,0,0,0,A,A,0,No Deposit,9.0,0,Transient-Party,107.0,0,2
City Hotel,0,20,2015,December,53,28,1,2,2,0.0,0,BB,FRA,Online TA,TA/TO,0,0,0,D,A,0,No Deposit,7.0,0,Transient,70.42,0,0
City Hotel,0,17,2015,December,53,28,1,3,2,0.0,0,BB,ESP,Online TA,TA/TO,0,0,0,D,D,0,No Deposit,9.0,0,Transient,136.0,1,1
City Hotel,0,10,2015,December,53,28,1,3,2,0.0,0,BB,FRA,Online TA,TA/TO,0,0,0,D,D,0,No Deposit,9.0,0,Transient,136.0,1,1
City Hotel,1,133,2015,December,53,28,1,3,2,0.0,0,BB,PRT,Online TA,TA/TO,0,0,0,A,A,0,No Deposit,8.0,0,Transient,72.25,0,1
City Hotel,0,1,2015,December,53,28,1,3,2,0.0,0,BB,FRA,Direct,Direct,0,0,0,A,A,0,No Deposit,14.0,0,Transient,115.0,0,1
City Hotel,0,124,2015,December,53,28,1,3,2,0.0,0,BB,DEU,Online TA,TA/TO,0,0,0,A,A,1,No Deposit,9.0,0,Contract,72.25,0,2
City Hotel,0,118,2015,December,53,28,1,4,2,0.0,0,BB,PRT,Online TA,TA/TO,0,0,0,A,A,0,No Deposit,8.0,0,Transient,110.8,0,2
City Hotel,0,118,2015,December,53,28,1,4,2,0.0,0,BB,ESP,Online TA,TA/TO,0,0,0,A,A,0,No Deposit,8.0,0,Transient,110.8,0,2
City Hotel,1,17,2015,December,53,28,1,5,2,0.0,0,BB,ITA,Online TA,TA/TO,0,0,0,D,D,0,No Deposit,9.0,0,Transient,125.33,0,0
City Hotel,1,119,2015,December,53,28,2,5,2,0.0,0,SC,PRT,Online TA,TA/TO,0,0,0,A,A,1,No Deposit,11.0,0,Transient,46.51,0,1
City Hotel,0,2,2015,December,53,28,2,5,2,0.0,0,BB,DZA,Online TA,TA/TO,0,0,0,A,A,0,No Deposit,9.0,0,Transient,113.57,0,1
City Hotel,1,118,2015,December,53,28,1,4,2,0.0,0,BB,PRT,Online TA,TA/TO,0,0,0,A,A,0,No Deposit,8.0,0,Transient,110.8,0,2
City Hotel,0,0,2015,December,53,29,0,1,2,0.0,0,BB,BEL,Online TA,TA/TO,0,0,0,A,A,0,No Deposit,9.0,0,Transient,117.0,0,0
City Hotel,0,2,2015,December,53,29,0,2,2,0.0,0,BB,BEL,Direct,Direct,0,0,0,A,A,0,No Deposit,14.0,0,Transient,115.0,0,0
City Hotel,0,120,2015,December,53,29,0,2,2,0.0,0,BB,GBR,Online TA,TA/TO,0,0,0,A,A,0,No Deposit,9.0,0,Transient,72.25,0,1
City Hotel,0,119,2015,December,53,29,0,1,2,0.0,0,SC,PRT,Online TA,TA/TO,0,0,0,A,A,0,No Deposit,11.0,0,Transient,51.69,0,0
City Hotel,0,0,2015,December,53,29,0,1,2,0.0,0,BB,PRT,Direct,Direct,0,0,0,A,A,0,No Deposit,14.0,0,Transient,115.0,0,0
City Hotel,1,146,2015,December,53,29,0,3,2,0.0,0,BB,PRT,Offline TA/TO,TA/TO,0,0,0,A,A,0,No Deposit,21.0,99,Transient-Party,85.0,0,0
City Hotel,0,146,2015,December,53,29,0,3,2,0.0,0,BB,AUT,Offline TA/TO,TA/TO,0,0,0,A,A,0,No Deposit,21.0,99,Transient-Party,75.0,0,0
City Hotel,0,7,2015,December,53,29,0,3,2,0.0,0,BB,FRA,Direct,Direct,0,0,0,E,E,0,No Deposit,14.0,0,Transient,178.67,1,0
City Hotel,1,146,2015,December,53,29,0,3,2,0.0,0,BB,PRT,Offline TA/TO,TA/TO,0,0,0,A,A,0,No Deposit,21.0,99,Transient-Party,85.0,0,0
City Hotel,0,146,2015,December,53,29,0,3,2,0.0,0,BB,AUT,Offline TA/TO,TA/TO,0,0,0,A,A,0,No Deposit,21.0,99,Transient-Party,75.0,0,0
City Hotel,0,146,2015,December,53,29,0,3,2,0.0,0,BB,AUT,Offline TA/TO,TA/TO,0,0,0,A,D,0,No Deposit,21.0,99,Transient-Party,37.5,0,0
City Hotel,0,146,2015,December,53,29,0,3,2,0.0,0,BB,AUT,Offline TA/TO,TA/TO,0,0,0,A,A,0,No Deposit,21.0,99,Transient-Party,75.0,0,0
City Hotel,0,144,2015,December,53,29,0,3,2,0.0,0,BB,DEU,Online TA,TA/TO,0,0,0,A,A,0,No Deposit,9.0,0,Contract,72.25,0,2
City Hotel,0,146,2015,December,53,29,0,3,2,0.0,0,BB,AUT,Offline TA/TO,TA/TO,0,0,0,A,A,0,No Deposit,21.0,99,Transient-Party,75.0,0,0
City Hotel,0,146,2015,December,53,29,0,3,2,0.0,0,BB,PRT,Offline TA/TO,TA/TO,0,0,0,A,A,0,No Deposit,21.0,99,Transient-Party,75.0,0,0
City Hotel,0,146,2015,December,53,29,0,3,2,0.0,0,BB,AUT,Offline TA/TO,TA/TO,0,0,0,A,A,0,No Deposit,21.0,99,Transient-Party,75.0,0,0
City Hotel,0,140,2015,December,53,29,0,3,2,0.0,0,BB,PRT,Online TA,TA/TO,0,0,0,A,A,0,No Deposit,9.0,0,Contract,72.25,0,2
City Hotel,1,8,2015,December,53,29,0,3,2,0.0,0,BB,BRA,Online TA,TA/TO,0,0,0,D,D,0,No Deposit,9.0,0,Transient,142.67,0,0
City Hotel,0,146,2015,December,53,29,0,3,2,0.0,0,BB,AUT,Offline TA/TO,TA/TO,0,0,0,A,A,0,No Deposit,21.0,99,Transient-Party,75.0,0,0
City Hotel,1,146,2015,December,53,29,0,3,2,0.0,0,BB,PRT,Offline TA/TO,TA/TO,0,0,0,A,A,0,No Deposit,21.0,99,Transient-Party,85.0,0,0
City Hotel,1,147,2015,December,53,29,0,3,2,0.0,0,BB,PRT,Online TA,TA/TO,0,0,0,A,A,0,No Deposit,9.0,0,Contract,72.25,0,2
City Hotel,0,146,2015,December,53,29,0,3,2,0.0,0,BB,AUT,Offline TA/TO,TA/TO,0,0,0,A,A,0,No Deposit,21.0,99,Transient-Party,75.0,0,0
City Hotel,0,120,2015,December,53,29,0,3,2,0.0,0,BB,PRT,Online TA,TA/TO,0,0,0,A,A,0,No Deposit,9.0,0,Contract,72.25,0,2
City Hotel,1,123,2015,December,53,29,0,3,2,0.0,0,BB,PRT,Online TA,TA/TO,0,0,0,A,A,0,No Deposit,9.0,0,Transient,72.25,0,2
City Hotel,0,144,2015,December,53,29,0,3,2,0.0,0,BB,DEU,Online TA,TA/TO,0,0,0,A,A,0,No Deposit,9.0,0,Contract,72.25,0,2
City Hotel,0,146,2015,December,53,29,0,3,2,0.0,0,BB,AUT,Offline TA/TO,TA/TO,0,0,0,A,A,0,No Deposit,21.0,99,Transient-Party,75.0,0,0
City Hotel,0,146,2015,December,53,29,0,3,2,0.0,0,BB,AUT,Offline TA/TO,TA/TO,0,0,0,A,A,0,No Deposit,21.0,99,Transient-Party,75.0,0,0
City Hotel,0,159,2015,December,53,29,0,4,2,0.0,0,BB,ITA,Offline TA/TO,TA/TO,0,0,0,A,A,1,No Deposit,3.0,111,Transient-Party,70.5,0,0
City Hotel,0,159,2015,December,53,29,0,4,2,0.0,0,BB,ITA,Offline TA/TO,TA/TO,0,0,0,A,A,1,No Deposit,3.0,111,Transient-Party,70.5,0,0
City Hotel,0,159,2015,December,53,29,0,4,2,0.0,0,BB,ITA,Offline TA/TO,TA/TO,0,0,0,A,A,1,No Deposit,3.0,111,Transient-Party,70.5,0,0
City Hotel,0,159,2015,December,53,29,0,4,2,0.0,0,BB,ITA,Offline TA/TO,TA/TO,0,0,0,A,A,1,No Deposit,3.0,111,Transient-Party,70.5,0,0
City Hotel,0,116,2015,December,53,29,0,4,2,0.0,0,BB,NLD,Online TA,TA/TO,0,0,0,A,A,0,No Deposit,8.0,0,Transient,85.5,0,1
City Hotel,0,22,2015,December,53,29,0,4,2,0.0,0,BB,BEL,Online TA,TA/TO,0,0,0,D,D,0,No Deposit,9.0,0,Transient,132.0,0,0
City Hotel,1,208,2015,December,53,29,0,4,2,0.0,0,BB,PRT,Online TA,TA/TO,0,0,0,A,A,0,No Deposit,8.0,0,Transient,75.44,0,0
City Hotel,0,159,2015,December,53,29,0,4,2,0.0,0,BB,PRT,Offline TA/TO,TA/TO,0,0,0,A,A,1,No Deposit,3.0,111,Transient-Party,70.5,0,0
City Hotel,1,197,2015,December,53,29,0,4,2,0.0,0,BB,PRT,Online TA,TA/TO,0,0,0,A,A,0,No Deposit,8.0,0,Transient,110.43,0,0
City Hotel,1,140,2015,December,53,29,0,5,2,0.0,0,BB,PRT,Offline TA/TO,TA/TO,0,0,0,A,A,0,Non Refund,3.0,0,Transient,70.0,0,0
City Hotel,1,140,2015,December,53,29,0,5,2,0.0,0,BB,PRT,Offline TA/TO,TA/TO,0,0,0,A,A,0,Non Refund,3.0,0,Transient,70.0,0,0
City Hotel,1,140,2015,December,53,29,0,5,2,0.0,0,BB,PRT,Offline TA/TO,TA/TO,0,0,0,A,A,0,Non Refund,3.0,0,Transient,70.0,0,0
City Hotel,1,140,2015,December,53,29,0,5,2,0.0,0,BB,PRT,Offline TA/TO,TA/TO,0,0,0,A,A,0,Non Refund,3.0,0,Transient,70.0,0,0
City Hotel,1,140,2015,December,53,29,0,5,2,0.0,0,BB,PRT,Offline TA/TO,TA/TO,0,0,0,A,A,0,Non Refund,3.0,0,Transient,70.0,0,0
City Hotel,1,140,2015,December,53,29,0,5,2,0.0,0,BB,PRT,Offline TA/TO,TA/TO,0,0,0,A,A,0,Non Refund,3.0,0,Transient,70.0,0,0
City Hotel,1,140,2015,December,53,29,0,5,2,0.0,0,BB,PRT,Offline TA/TO,TA/TO,0,0,0,A,A,0,Non Refund,3.0,0,Transient,70.0,0,0
City Hotel,1,140,2015,December,53,29,0,5,2,0.0,0,BB,PRT,Offline TA/TO,TA/TO,0,0,0,A,A,0,Non Refund,3.0,0,Transient,70.0,0,0
City Hotel,1,140,2015,December,53,29,0,5,2,0.0,0,BB,PRT,Offline TA/TO,TA/TO,0,0,0,A,A,0,Non Refund,3.0,0,Transient,70.0,0,0
City Hotel,1,140,2015,December,53,29,0,5,2,0.0,0,BB,PRT,Offline TA/TO,TA/TO,0,0,0,A,A,0,Non Refund,3.0,0,Transient,70.0,0,0
City Hotel,1,140,2015,December,53,29,0,5,2,0.0,0,BB,PRT,Offline TA/TO,TA/TO,0,0,0,A,A,0,Non Refund,3.0,0,Transient,70.0,0,0
City Hotel,1,140,2015,December,53,29,0,5,2,0.0,0,BB,PRT,Offline TA/TO,TA/TO,0,0,0,A,A,0,Non Refund,3.0,0,Transient,70.0,0,0
City Hotel,1,140,2015,December,53,29,0,5,2,0.0,0,BB,PRT,Offline TA/TO,TA/TO,0,0,0,A,A,0,Non Refund,3.0,0,Transient,70.0,0,0
City Hotel,1,140,2015,December,53,29,0,5,2,0.0,0,BB,PRT,Offline TA/TO,TA/TO,0,0,0,A,A,0,Non Refund,3.0,0,Transient,70.0,0,0
City Hotel,1,140,2015,December,53,29,0,5,2,0.0,0,BB,PRT,Offline TA/TO,TA/TO,0,0,0,A,A,0,Non Refund,3.0,0,Transient,70.0,0,0
City Hotel,1,140,2015,December,53,29,0,5,2,0.0,0,BB,PRT,Offline TA/TO,TA/TO,0,0,0,A,A,0,Non Refund,3.0,0,Transient,70.0,0,0
City Hotel,1,140,2015,December,53,29,0,5,2,0.0,0,BB,PRT,Offline TA/TO,TA/TO,0,0,0,A,A,0,Non Refund,3.0,0,Transient,70.0,0,0
City Hotel,1,140,2015,December,53,29,0,5,2,0.0,0,BB,PRT,Offline TA/TO,TA/TO,0,0,0,A,A,0,Non Refund,3.0,0,Transient,70.0,0,0
City Hotel,0,129,2015,December,53,29,0,5,2,0.0,0,BB,DEU,Offline TA/TO,TA/TO,0,0,0,A,A,0,No Deposit,27.0,0,Transient,47.2,0,0
City Hotel,1,140,2015,December,53,29,0,5,2,0.0,0,BB,PRT,Offline TA/TO,TA/TO,0,0,0,A,A,0,Non Refund,3.0,0,Transient,70.0,0,0
City Hotel,1,140,2015,December,53,29,0,5,2,0.0,0,BB,PRT,Offline TA/TO,TA/TO,0,0,0,A,A,0,Non Refund,3.0,0,Transient,70.0,0,0
City Hotel,1,140,2015,December,53,29,0,5,2,0.0,0,BB,PRT,Offline TA/TO,TA/TO,0,0,0,A,A,0,Non Refund,3.0,0,Transient,70.0,0,0
City Hotel,1,140,2015,December,53,29,0,5,2,0.0,0,BB,PRT,Offline TA/TO,TA/TO,0,0,0,A,A,0,Non Refund,3.0,0,Transient,70.0,0,0
City Hotel,1,140,2015,December,53,29,0,5,2,0.0,0,BB,PRT,Offline TA/TO,TA/TO,0,0,0,A,A,0,Non Refund,3.0,0,Transient,70.0,0,0
City Hotel,1,140,2015,December,53,29,0,5,2,0.0,0,BB,PRT,Offline TA/TO,TA/TO,0,0,0,A,A,0,Non Refund,3.0,0,Transient,70.0,0,0
City Hotel,1,140,2015,December,53,29,0,5,2,0.0,0,BB,PRT,Offline TA/TO,TA/TO,0,0,0,A,A,0,Non Refund,3.0,0,Transient,70.0,0,0
City Hotel,0,1,2015,December,53,30,0,1,2,0.0,0,SC,FRA,Online TA,TA/TO,0,0,0,A,A,0,No Deposit,9.0,0,Transient,114.0,1,1
City Hotel,0,0,2015,December,53,30,0,1,2,0.0,0,BB,FRA,Online TA,TA/TO,0,0,0,A,A,0,No Deposit,9.0,0,Transient,117.0,0,0
City Hotel,0,1,2015,December,53,30,0,1,2,0.0,0,BB,PRT,Direct,Direct,0,0,0,A,A,0,No Deposit,14.0,0,Transient,115.0,0,1
City Hotel,1,4,2015,December,53,30,0,2,2,0.0,0,BB,ESP,Online TA,TA/TO,0,0,0,D,D,0,No Deposit,9.0,0,Transient,137.0,0,1
City Hotel,1,160,2015,December,53,30,0,3,2,0.0,0,BB,PRT,Offline TA/TO,TA/TO,0,0,0,A,A,0,No Deposit,3.0,111,Transient-Party,70.0,0,0
City Hotel,0,160,2015,December,53,30,0,3,2,0.0,0,BB,ITA,Offline TA/TO,TA/TO,0,0,0,A,A,0,No Deposit,3.0,111,Transient-Party,130.67,0,0
City Hotel,0,15,2015,December,53,30,0,2,2,0.0,0,BB,ESP,Online TA,TA/TO,0,0,0,D,F,0,No Deposit,9.0,0,Transient,146.0,1,2
City Hotel,1,160,2015,December,53,30,0,3,2,0.0,0,BB,PRT,Offline TA/TO,TA/TO,0,0,0,A,A,0,No Deposit,3.0,111,Transient-Party,70.0,0,0
City Hotel,0,1,2015,December,53,30,0,3,2,0.0,0,BB,FRA,Online TA,TA/TO,0,0,0,A,A,0,No Deposit,9.0,0,Transient,127.0,0,1
City Hotel,0,160,2015,December,53,30,0,3,2,0.0,0,BB,ITA,Offline TA/TO,TA/TO,0,0,0,A,A,0,No Deposit,3.0,111,Transient-Party,70.67,0,0
City Hotel,0,160,2015,December,53,30,0,3,2,0.0,0,BB,ITA,Offline TA/TO,TA/TO,0,0,0,A,A,0,No Deposit,3.0,111,Transient-Party,70.67,0,0
City Hotel,0,160,2015,December,53,30,0,3,2,0.0,0,BB,ITA,Offline TA/TO,TA/TO,0,0,0,A,A,0,No Deposit,3.0,111,Transient-Party,70.67,0,0
City Hotel,0,160,2015,December,53,30,0,3,2,0.0,0,BB,ITA,Offline TA/TO,TA/TO,0,0,0,A,A,0,No Deposit,3.0,111,Transient-Party,70.67,0,0
City Hotel,1,160,2015,December,53,30,0,3,2,0.0,0,BB,PRT,Offline TA/TO,TA/TO,0,0,0,A,A,0,No Deposit,3.0,111,Transient-Party,70.0,0,0
City Hotel,1,160,2015,December,53,30,0,3,2,0.0,0,BB,PRT,Offline TA/TO,TA/TO,0,0,0,A,A,0,No Deposit,3.0,111,Transient-Party,70.0,0,0
City Hotel,0,1,2015,December,53,30,0,3,2,0.0,0,BB,FRA,Online TA,TA/TO,0,0,0,D,G,0,No Deposit,9.0,0,Transient,197.0,0,1
City Hotel,1,160,2015,December,53,30,0,3,2,0.0,0,BB,PRT,Offline TA/TO,TA/TO,0,0,0,A,A,0,No Deposit,3.0,111,Transient-Party,70.0,0,0
City Hotel,0,160,2015,December,53,30,0,3,2,0.0,0,BB,ITA,Offline TA/TO,TA/TO,0,0,0,A,A,0,No Deposit,3.0,111,Transient-Party,70.67,0,0
City Hotel,0,160,2015,December,53,30,0,3,2,0.0,0,BB,PRT,Offline TA/TO,TA/TO,0,0,0,A,A,0,No Deposit,3.0,111,Transient-Party,70.67,0,0
City Hotel,1,160,2015,December,53,30,0,3,2,0.0,0,BB,PRT,Offline TA/TO,TA/TO,0,0,0,A,A,0,No Deposit,3.0,111,Transient-Party,70.0,0,0
City Hotel,1,160,2015,December,53,30,0,3,2,0.0,0,BB,PRT,Offline TA/TO,TA/TO,0,0,0,A,A,0,No Deposit,3.0,111,Transient-Party,70.0,0,0
City Hotel,1,160,2015,December,53,30,0,3,2,0.0,0,BB,PRT,Offline TA/TO,TA/TO,0,0,0,A,A,0,No Deposit,3.0,111,Transient-Party,70.0,0,0
City Hotel,0,9,2015,December,53,30,0,3,2,0.0,0,BB,LUX,Online TA,TA/TO,0,0,0,D,D,0,No Deposit,9.0,0,Transient,142.67,0,1
City Hotel,1,11,2015,December,53,30,0,4,2,0.0,0,BB,ESP,Online TA,TA/TO,0,0,0,D,D,0,No Deposit,9.0,0,Transient,129.5,0,0
City Hotel,0,0,2015,December,53,30,0,4,2,0.0,0,BB,FRA,Online TA,TA/TO,0,0,0,A,A,0,No Deposit,9.0,0,Transient,122.5,0,1
City Hotel,1,148,2015,December,53,30,1,4,2,0.0,0,BB,PRT,Offline TA/TO,TA/TO,0,0,0,A,A,0,Non Refund,21.0,79,Transient,67.0,0,0
City Hotel,1,148,2015,December,53,30,1,4,2,0.0,0,BB,PRT,Offline TA/TO,TA/TO,0,0,0,A,A,0,Non Refund,21.0,79,Transient,67.0,0,0
City Hotel,1,148,2015,December,53,30,1,4,2,0.0,0,BB,PRT,Offline TA/TO,TA/TO,0,0,0,A,A,0,Non Refund,21.0,79,Transient,67.0,0,0
City Hotel,1,148,2015,December,53,30,1,4,2,0.0,0,BB,PRT,Offline TA/TO,TA/TO,0,0,0,A,A,0,Non Refund,21.0,79,Transient,67.0,0,0
City Hotel,1,148,2015,December,53,30,1,4,2,0.0,0,BB,PRT,Offline TA/TO,TA/TO,0,0,0,A,A,0,Non Refund,21.0,79,Transient,67.0,0,0
City Hotel,1,148,2015,December,53,30,1,4,2,0.0,0,BB,PRT,Offline TA/TO,TA/TO,0,0,0,A,A,0,Non Refund,21.0,79,Transient,67.0,0,0
City Hotel,1,148,2015,December,53,30,1,4,2,0.0,0,BB,PRT,Offline TA/TO,TA/TO,0,0,0,A,A,0,Non Refund,21.0,79,Transient,67.0,0,0
City Hotel,1,148,2015,December,53,30,1,4,2,0.0,0,BB,PRT,Offline TA/TO,TA/TO,0,0,0,A,A,0,Non Refund,21.0,79,Transient,67.0,0,0
City Hotel,1,148,2015,December,53,30,1,4,2,0.0,0,BB,PRT,Offline TA/TO,TA/TO,0,0,0,A,A,0,Non Refund,21.0,79,Transient,67.0,0,0
City Hotel,1,148,2015,December,53,30,1,4,2,0.0,0,BB,PRT,Offline TA/TO,TA/TO,0,0,0,A,A,0,Non Refund,21.0,79,Transient,67.0,0,0
City Hotel,1,148,2015,December,53,30,1,4,2,0.0,0,BB,PRT,Offline TA/TO,TA/TO,0,0,0,A,A,0,Non Refund,21.0,79,Transient,67.0,0,0
City Hotel,1,148,2015,December,53,30,1,4,2,0.0,0,BB,PRT,Offline TA/TO,TA/TO,0,0,0,A,A,0,Non Refund,21.0,79,Transient,67.0,0,0
City Hotel,1,148,2015,December,53,30,1,4,2,0.0,0,BB,PRT,Offline TA/TO,TA/TO,0,0,0,A,A,0,Non Refund,21.0,79,Transient,67.0,0,0
City Hotel,1,148,2015,December,53,30,1,4,2,0.0,0,BB,PRT,Offline TA/TO,TA/TO,0,0,0,A,A,0,Non Refund,21.0,79,Transient,67.0,0,0
City Hotel,1,148,2015,December,53,30,1,4,2,0.0,0,BB,PRT,Offline TA/TO,TA/TO,0,0,0,A,A,0,Non Refund,21.0,79,Transient,67.0,0,0
City Hotel,1,148,2015,December,53,30,1,4,2,0.0,0,BB,PRT,Offline TA/TO,TA/TO,0,0,0,A,A,0,Non Refund,21.0,79,Transient,67.0,0,0
City Hotel,1,15,2015,December,53,30,1,4,2,0.0,0,BB,ESP,Online TA,TA/TO,0,0,0,D,D,0,No Deposit,9.0,0,Transient,123.0,0,2
City Hotel,1,148,2015,December,53,30,1,4,2,0.0,0,BB,PRT,Offline TA/TO,TA/TO,0,0,0,A,A,0,Non Refund,21.0,79,Transient,67.0,0,0
City Hotel,1,148,2015,December,53,30,1,4,2,0.0,0,BB,PRT,Offline TA/TO,TA/TO,0,0,0,A,A,0,Non Refund,21.0,79,Transient,67.0,0,0
City Hotel,1,148,2015,December,53,30,1,4,2,0.0,0,BB,PRT,Offline TA/TO,TA/TO,0,0,0,A,A,0,Non Refund,21.0,79,Transient,67.0,0,0
City Hotel,1,148,2015,December,53,30,1,4,2,0.0,0,BB,PRT,Offline TA/TO,TA/TO,0,0,0,A,A,0,Non Refund,21.0,79,Transient,67.0,0,0
City Hotel,1,12,2015,December,53,30,2,4,2,0.0,0,BB,BRA,Online TA,TA/TO,0,0,0,D,D,0,No Deposit,9.0,0,Transient,118.67,0,0
City Hotel,0,1,2015,December,53,31,0,1,2,0.0,0,BB,FRA,Online TA,TA/TO,0,0,0,A,A,1,No Deposit,9.0,0,Transient-Party,135.0,0,1
City Hotel,0,1,2015,December,53,31,0,1,2,0.0,0,BB,PRT,Online TA,TA/TO,0,0,0,A,A,0,No Deposit,9.0,0,Transient,135.0,0,1
City Hotel,0,0,2015,December,53,31,0,1,2,0.0,0,BB,FRA,Online TA,TA/TO,0,0,0,A,A,0,No Deposit,9.0,0,Transient,135.0,0,0
City Hotel,0,1,2015,December,53,31,0,1,2,0.0,0,BB,FRA,Online TA,TA/TO,0,0,0,A,A,2,No Deposit,9.0,0,Transient-Party,135.0,1,1
City Hotel,0,0,2015,December,53,31,0,1,2,0.0,0,SC,TUN,Online TA,TA/TO,0,0,0,A,A,0,No Deposit,9.0,0,Transient,135.0,0,0
City Hotel,0,1,2015,December,53,31,0,1,2,0.0,0,BB,PRT,Online TA,TA/TO,0,0,0,A,A,0,No Deposit,9.0,0,Transient,135.0,0,1
City Hotel,1,22,2015,December,53,31,0,2,2,0.0,0,BB,PRT,Online TA,TA/TO,0,0,0,D,D,0,No Deposit,9.0,0,Transient,146.0,0,0
City Hotel,1,4,2015,December,53,31,0,2,2,0.0,0,BB,PRT,Online TA,TA/TO,0,0,0,A,A,0,No Deposit,9.0,0,Transient,127.0,0,2
City Hotel,0,0,2015,December,53,31,0,2,2,0.0,0,BB,BRA,Online TA,TA/TO,0,0,0,A,A,0,No Deposit,9.0,0,Transient,135.0,0,1
City Hotel,0,2,2015,December,53,31,0,2,2,0.0,0,BB,PHL,Direct,Direct,0,0,0,A,A,0,No Deposit,14.0,0,Transient,139.0,1,0
City Hotel,0,6,2015,December,53,31,0,2,2,0.0,0,BB,RUS,Online TA,TA/TO,0,0,0,D,D,0,No Deposit,9.0,0,Transient,137.0,0,1
City Hotel,0,1,2015,December,53,31,0,1,2,0.0,0,BB,PRT,Online TA,TA/TO,0,0,0,A,A,0,No Deposit,9.0,0,Transient,135.0,0,2
City Hotel,1,148,2015,December,53,31,1,3,2,0.0,0,BB,PRT,Groups,TA/TO,0,0,0,A,A,0,Non Refund,1.0,98,Transient,77.5,0,0
City Hotel,1,148,2015,December,53,31,1,3,2,0.0,0,BB,PRT,Groups,TA/TO,0,0,0,A,A,0,Non Refund,1.0,98,Transient,77.5,0,0
City Hotel,1,148,2015,December,53,31,1,3,2,0.0,0,BB,PRT,Groups,TA/TO,0,0,0,A,A,0,Non Refund,1.0,98,Transient,77.5,0,0
City Hotel,1,148,2015,December,53,31,1,3,2,0.0,0,BB,PRT,Groups,TA/TO,0,0,0,A,A,0,Non Refund,1.0,98,Transient,77.5,0,0
City Hotel,1,148,2015,December,53,31,1,3,2,0.0,0,BB,PRT,Groups,TA/TO,0,0,0,A,A,0,Non Refund,1.0,98,Transient,77.5,0,0
City Hotel,1,148,2015,December,53,31,1,3,2,0.0,0,BB,PRT,Groups,TA/TO,0,0,0,A,A,0,Non Refund,1.0,98,Transient,77.5,0,0
City Hotel,1,148,2015,December,53,31,1,3,2,0.0,0,BB,PRT,Groups,TA/TO,0,0,0,A,A,0,Non Refund,1.0,98,Transient,77.5,0,0
City Hotel,1,148,2015,December,53,31,1,3,2,0.0,0,BB,PRT,Groups,TA/TO,0,0,0,A,A,0,Non Refund,1.0,98,Transient,77.5,0,0
City Hotel,1,148,2015,December,53,31,1,3,2,0.0,0,BB,PRT,Groups,TA/TO,0,0,0,A,A,0,Non Refund,1.0,98,Transient,77.5,0,0
City Hotel,1,148,2015,December,53,31,1,3,2,0.0,0,BB,PRT,Groups,TA/TO,0,0,0,A,A,0,Non Refund,1.0,98,Transient,77.5,0,0
City Hotel,0,2,2015,December,53,31,1,3,2,0.0,0,BB,ITA,Online TA,TA/TO,0,0,0,A,A,0,No Deposit,9.0,0,Transient,119.0,0,1
City Hotel,1,148,2015,December,53,31,1,3,2,0.0,0,BB,PRT,Groups,TA/TO,0,0,0,A,A,0,Non Refund,1.0,98,Transient,77.5,0,0
City Hotel,1,148,2015,December,53,31,1,3,2,0.0,0,BB,PRT,Groups,TA/TO,0,0,0,A,A,0,Non Refund,1.0,98,Transient,77.5,0,0
City Hotel,1,148,2015,December,53,31,1,3,2,0.0,0,BB,PRT,Groups,TA/TO,0,0,0,A,A,0,Non Refund,1.0,98,Transient,77.5,0,0
City Hotel,1,148,2015,December,53,31,1,3,2,0.0,0,BB,PRT,Groups,TA/TO,0,0,0,A,A,0,Non Refund,1.0,98,Transient,77.5,0,0
City Hotel,1,28,2015,December,53,31,0,3,2,0.0,0,BB,FRA,Online TA,TA/TO,0,0,0,D,D,0,No Deposit,9.0,0,Transient,130.33,0,0
City Hotel,1,148,2015,December,53,31,1,3,2,0.0,0,BB,PRT,Groups,TA/TO,0,0,0,A,A,0,Non Refund,1.0,98,Transient,77.5,0,0
City Hotel,0,4,2015,December,53,31,2,7,2,0.0,0,SC,TUR,Online TA,TA/TO,0,0,0,A,D,0,No Deposit,9.0,0,Transient,90.78,0,2
City Hotel,1,119,2016,January,1,1,0,1,2,0.0,0,BB,PRT,Direct,Direct,0,0,0,A,A,1,No Deposit,14.0,0,Transient,74.25,0,0
City Hotel,0,0,2016,January,1,1,0,1,2,0.0,0,BB,TUN,Online TA,Direct,0,0,0,A,A,0,No Deposit,9.0,0,Transient,105.0,0,0
City Hotel,0,0,2016,January,1,1,0,1,2,0.0,0,SC,ITA,Online TA,TA/TO,0,0,0,A,A,0,No Deposit,9.0,0,Transient,86.0,0,0
City Hotel,0,30,2016,January,1,1,0,2,2,0.0,0,SC,USA,Online TA,TA/TO,0,0,0,A,A,0,No Deposit,8.0,0,Transient,92.0,0,1
City Hotel,0,17,2016,January,1,1,1,2,2,0.0,0,BB,ESP,Online TA,TA/TO,0,0,0,B,B,0,No Deposit,9.0,0,Transient,96.08,0,1
City Hotel,0,19,2016,January,1,1,1,2,2,0.0,0,BB,PRT,Online TA,TA/TO,0,0,0,A,A,0,No Deposit,7.0,0,Transient,81.82,0,1
City Hotel,0,22,2016,January,1,1,2,2,2,0.0,0,BB,ESP,Online TA,TA/TO,0,0,0,D,D,1,No Deposit,9.0,0,Transient,120.5,1,0
City Hotel,0,0,2016,January,1,2,0,1,2,0.0,0,BB,USA,Online TA,TA/TO,0,0,0,A,A,0,No Deposit,11.0,0,Transient,74.67,0,0
City Hotel,0,0,2016,January,1,2,0,1,2,0.0,0,SC,BRA,Online TA,TA/TO,0,0,0,A,A,0,No Deposit,9.0,0,Transient,95.0,0,0
City Hotel,0,18,2016,January,1,2,0,1,2,0.0,0,BB,PRT,Online TA,TA/TO,0,0,0,A,A,0,No Deposit,9.0,0,Transient,109.0,0,1
City Hotel,0,7,2016,January,1,2,0,1,2,0.0,0,BB,DEU,Online TA,TA/TO,0,0,0,A,A,0,No Deposit,9.0,0,Transient,119.0,0,1
City Hotel,0,1,2016,January,1,2,0,1,2,0.0,0,BB,BRA,Direct,TA/TO,0,0,0,A,A,2,No Deposit,,0,Transient,107.0,0,1
City Hotel,0,6,2016,January,1,2,1,1,2,0.0,0,BB,ESP,Online TA,TA/TO,0,0,0,D,D,0,No Deposit,9.0,0,Transient,123.0,1,1
City Hotel,1,150,2016,January,1,2,2,1,2,0.0,0,HB,PRT,Offline TA/TO,TA/TO,0,0,0,A,A,0,Non Refund,21.0,91,Transient,101.0,0,0
City Hotel,0,1,2016,January,1,2,2,1,2,0.0,0,BB,BEL,Online TA,TA/TO,0,0,0,A,A,0,No Deposit,11.0,0,Transient,71.84,0,0
City Hotel,1,150,2016,January,1,2,2,1,2,0.0,0,HB,PRT,Offline TA/TO,TA/TO,0,0,0,A,A,0,Non Refund,21.0,91,Transient,101.0,0,0
City Hotel,1,150,2016,January,1,2,2,1,2,0.0,0,HB,PRT,Offline TA/TO,TA/TO,0,0,0,A,A,0,Non Refund,21.0,91,Transient,101.0,0,0
City Hotel,1,150,2016,January,1,2,2,1,2,0.0,0,HB,PRT,Offline TA/TO,TA/TO,0,0,0,A,A,0,Non Refund,21.0,91,Transient,101.0,0,0
City Hotel,1,150,2016,January,1,2,2,1,2,0.0,0,HB,PRT,Offline TA/TO,TA/TO,0,0,0,A,A,0,Non Refund,21.0,91,Transient,101.0,0,0
City Hotel,1,150,2016,January,1,2,2,1,2,0.0,0,HB,PRT,Offline TA/TO,TA/TO,0,0,0,A,A,0,Non Refund,21.0,91,Transient,101.0,0,0
City Hotel,1,11,2016,January,1,2,2,1,2,0.0,0,BB,ESP,Online TA,TA/TO,0,0,0,B,B,1,No Deposit,9.0,0,Transient,83.58,0,0
City Hotel,1,10,2016,January,1,2,2,1,2,0.0,0,BB,ESP,Online TA,TA/TO,0,0,0,B,B,0,No Deposit,9.0,0,Transient,83.58,0,0
City Hotel,1,8,2016,January,1,2,2,1,2,0.0,0,BB,ESP,Online TA,TA/TO,0,0,0,A,A,0,No Deposit,9.0,0,Transient,91.45,0,0
City Hotel,1,150,2016,January,1,2,2,1,2,0.0,0,HB,PRT,Offline TA/TO,TA/TO,0,0,0,A,A,0,Non Refund,21.0,91,Transient,101.0,0,0
City Hotel,0,1,2016,January,1,2,2,1,2,0.0,0,BB,ESP,Direct,Direct,0,0,0,A,D,0,No Deposit,14.0,0,Transient-Party,97.0,0,0
City Hotel,1,150,2016,January,1,2,2,1,2,0.0,0,HB,PRT,Offline TA/TO,TA/TO,0,0,0,A,A,0,Non Refund,21.0,91,Transient,101.0,0,0
City Hotel,1,150,2016,January,1,2,2,1,2,0.0,0,HB,PRT,Offline TA/TO,TA/TO,0,0,0,A,A,0,Non Refund,21.0,91,Transient,101.0,0,0
City Hotel,1,150,2016,January,1,2,2,1,2,0.0,0,HB,PRT,Offline TA/TO,TA/TO,0,0,0,A,A,0,Non Refund,21.0,91,Transient,101.0,0,0
City Hotel,1,150,2016,January,1,2,2,1,2,0.0,0,HB,PRT,Offline TA/TO,TA/TO,0,0,0,A,A,0,Non Refund,21.0,91,Transient,101.0,0,0
City Hotel,0,1,2016,January,1,2,2,1,2,0.0,0,BB,PRT,Online TA,TA/TO,0,0,0,A,A,0,No Deposit,9.0,0,Transient,74.93,0,0
City Hotel,0,1,2016,January,1,2,2,1,2,0.0,0,BB,ESP,Direct,Direct,0,0,0,A,A,0,No Deposit,14.0,0,Transient,97.0,0,1
City Hotel,1,150,2016,January,1,2,2,1,2,0.0,0,HB,PRT,Offline TA/TO,TA/TO,0,0,0,A,A,0,Non Refund,21.0,91,Transient,101.0,0,0
City Hotel,1,150,2016,January,1,2,2,1,2,0.0,0,HB,PRT,Offline TA/TO,TA/TO,0,0,0,A,A,0,Non Refund,21.0,91,Transient,101.0,0,0
City Hotel,1,150,2016,January,1,2,2,1,2,0.0,0,HB,PRT,Offline TA/TO,TA/TO,0,0,0,A,A,0,Non Refund,21.0,91,Transient,101.0,0,0
City Hotel,1,150,2016,January,1,2,2,1,2,0.0,0,HB,PRT,Offline TA/TO,TA/TO,0,0,0,A,A,0,Non Refund,21.0,91,Transient,101.0,0,0
City Hotel,1,150,2016,January,1,2,2,1,2,0.0,0,HB,PRT,Offline TA/TO,TA/TO,0,0,0,A,A,0,Non Refund,21.0,91,Transient,101.0,0,0
City Hotel,1,150,2016,January,1,2,2,1,2,0.0,0,HB,PRT,Offline TA/TO,TA/TO,0,0,0,A,A,0,Non Refund,21.0,91,Transient,101.0,0,0
City Hotel,1,150,2016,January,1,2,2,1,2,0.0,0,HB,PRT,Offline TA/TO,TA/TO,0,0,0,A,A,0,Non Refund,21.0,91,Transient,101.0,0,0
City Hotel,1,150,2016,January,1,2,2,1,2,0.0,0,HB,PRT,Offline TA/TO,TA/TO,0,0,0,A,A,0,Non Refund,21.0,91,Transient,101.0,0,0
City Hotel,1,150,2016,January,1,2,2,1,2,0.0,0,HB,PRT,Offline TA/TO,TA/TO,0,0,0,A,A,0,Non Refund,21.0,91,Transient,101.0,0,0
City Hotel,1,150,2016,January,1,2,2,1,2,0.0,0,HB,PRT,Offline TA/TO,TA/TO,0,0,0,A,A,0,Non Refund,21.0,91,Transient,101.0,0,0
City Hotel,0,8,2016,January,1,2,2,1,2,0.0,0,BB,DEU,Online TA,TA/TO,0,0,0,D,A,0,No Deposit,9.0,0,Transient,92.95,0,1
City Hotel,1,150,2016,January,1,2,2,1,2,0.0,0,HB,PRT,Offline TA/TO,TA/TO,0,0,0,A,A,0,Non Refund,21.0,91,Transient,101.0,0,0
City Hotel,1,150,2016,January,1,2,2,1,2,0.0,0,HB,PRT,Offline TA/TO,TA/TO,0,0,0,A,A,0,Non Refund,21.0,91,Transient,101.0,0,0
City Hotel,1,150,2016,January,1,2,2,1,2,0.0,0,HB,PRT,Offline TA/TO,TA/TO,0,0,0,A,A,0,Non Refund,21.0,91,Transient,101.0,0,0
City Hotel,1,150,2016,January,1,2,2,1,2,0.0,0,HB,PRT,Offline TA/TO,TA/TO,0,0,0,A,A,0,Non Refund,21.0,91,Transient,101.0,0,0
City Hotel,0,12,2016,January,1,2,2,2,2,0.0,0,BB,BRA,Online TA,TA/TO,0,0,0,A,A,0,No Deposit,9.0,0,Transient,92.0,0,1
City Hotel,0,4,2016,January,1,2,2,2,2,0.0,0,BB,FRA,Direct,Direct,0,0,0,A,A,0,No Deposit,14.0,0,Transient,99.0,0,0
City Hotel,0,3,2016,January,1,2,2,3,2,0.0,0,BB,ESP,Online TA,TA/TO,0,0,0,A,A,0,No Deposit,9.0,0,Transient,102.0,1,1
City Hotel,0,8,2016,January,1,2,2,4,2,0.0,0,BB,ESP,Online TA,TA/TO,0,0,0,A,A,0,No Deposit,9.0,0,Transient,89.2,1,0
City Hotel,0,2,2016,January,1,2,2,4,2,0.0,0,HB,FRA,Online TA,TA/TO,0,0,0,A,A,0,No Deposit,15.0,0,Transient,86.32,0,0
City Hotel,0,0,2016,January,2,3,1,0,2,0.0,0,BB,CHN,Online TA,TA/TO,0,0,0,D,D,0,No Deposit,9.0,0,Transient,99.0,0,0
City Hotel,0,2,2016,January,2,3,2,0,2,0.0,0,BB,ESP,Online TA,TA/TO,0,0,0,A,A,0,No Deposit,9.0,0,Transient,80.6,1,0
City Hotel,0,2,2016,January,2,3,2,0,2,0.0,0,BB,USA,Online TA,TA/TO,0,0,0,A,A,0,No Deposit,11.0,0,Transient,67.66,0,0
City Hotel,1,145,2016,January,2,3,2,1,2,0.0,0,BB,PRT,Offline TA/TO,TA/TO,0,0,0,A,A,0,Non Refund,3.0,85,Transient,65.0,0,0
City Hotel,0,2,2016,January,2,3,1,0,2,0.0,0,BB,PRT,Online TA,TA/TO,0,0,0,D,D,0,No Deposit,9.0,0,Transient,79.6,0,0
City Hotel,1,1,2016,January,2,3,1,0,2,0.0,0,SC,SAU,Online TA,TA/TO,0,0,0,A,A,0,No Deposit,9.0,0,Transient,75.0,0,0
City Hotel,0,0,2016,January,2,3,1,0,2,0.0,0,BB,ESP,Online TA,TA/TO,0,0,0,D,D,0,No Deposit,9.0,0,Transient,97.0,0,0
City Hotel,0,31,2016,January,2,3,1,0,2,0.0,0,BB,BRA,Online TA,TA/TO,0,0,0,B,B,4,No Deposit,9.0,0,Transient-Party,71.52,0,1
City Hotel,0,2,2016,January,2,3,1,0,2,0.0,0,BB,ITA,Online TA,TA/TO,0,0,0,A,A,0,No Deposit,9.0,0,Transient,71.6,0,0
City Hotel,1,145,2016,January,2,3,2,1,2,0.0,0,BB,PRT,Offline TA/TO,TA/TO,0,0,0,A,A,0,Non Refund,3.0,85,Transient,65.0,0,0
City Hotel,1,145,2016,January,2,3,2,1,2,0.0,0,BB,PRT,Offline TA/TO,TA/TO,0,0,0,A,A,0,Non Refund,3.0,85,Transient,65.0,0,0
City Hotel,1,145,2016,January,2,3,2,1,2,0.0,0,BB,PRT,Offline TA/TO,TA/TO,0,0,0,A,A,0,Non Refund,3.0,85,Transient,65.0,0,0
City Hotel,1,145,2016,January,2,3,2,1,2,0.0,0,BB,PRT,Offline TA/TO,TA/TO,0,0,0,A,A,0,Non Refund,3.0,85,Transient,65.0,0,0
City Hotel,1,145,2016,January,2,3,2,1,2,0.0,0,BB,PRT,Offline TA/TO,TA/TO,0,0,0,A,A,0,Non Refund,3.0,85,Transient,65.0,0,0
City Hotel,1,145,2016,January,2,3,2,1,2,0.0,0,BB,PRT,Offline TA/TO,TA/TO,0,0,0,A,A,0,Non Refund,3.0,85,Transient,65.0,0,0
City Hotel,1,145,2016,January,2,3,2,1,2,0.0,0,BB,PRT,Offline TA/TO,TA/TO,0,0,0,A,A,0,Non Refund,3.0,85,Transient,65.0,0,0
City Hotel,1,145,2016,January,2,3,2,1,2,0.0,0,BB,PRT,Offline TA/TO,TA/TO,0,0,0,A,A,0,Non Refund,3.0,85,Transient,65.0,0,0
City Hotel,1,145,2016,January,2,3,2,1,2,0.0,0,BB,PRT,Offline TA/TO,TA/TO,0,0,0,A,A,0,Non Refund,3.0,85,Transient,65.0,0,0
City Hotel,1,145,2016,January,2,3,2,1,2,0.0,0,BB,PRT,Offline TA/TO,TA/TO,0,0,0,A,A,0,Non Refund,3.0,85,Transient,65.0,0,0
City Hotel,1,145,2016,January,2,3,2,1,2,0.0,0,BB,PRT,Offline TA/TO,TA/TO,0,0,0,A,A,0,Non Refund,3.0,85,Transient,65.0,0,0
City Hotel,1,145,2016,January,2,3,2,1,2,0.0,0,BB,PRT,Offline TA/TO,TA/TO,0,0,0,A,A,0,Non Refund,3.0,85,Transient,65.0,0,0
City Hotel,1,145,2016,January,2,3,2,1,2,0.0,0,BB,PRT,Offline TA/TO,TA/TO,0,0,0,A,A,0,Non Refund,3.0,85,Transient,65.0,0,0
City Hotel,1,145,2016,January,2,3,2,1,2,0.0,0,BB,PRT,Offline TA/TO,TA/TO,0,0,0,A,A,0,Non Refund,3.0,85,Transient,65.0,0,0
City Hotel,0,2,2016,January,2,3,2,2,2,0.0,0,BB,FRA,Online TA,TA/TO,0,0,0,D,D,0,No Deposit,9.0,0,Transient,79.6,0,0
City Hotel,0,29,2016,January,2,4,1,0,2,0.0,0,BB,DEU,Online TA,TA/TO,0,0,0,A,A,0,No Deposit,9.0,0,Transient,75.95,0,1
City Hotel,0,9,2016,January,2,4,1,0,2,0.0,0,BB,ITA,Online TA,TA/TO,0,0,0,A,A,0,No Deposit,9.0,0,Transient-Party,89.0,0,1
City Hotel,0,1,2016,January,2,4,1,0,2,0.0,0,BB,DEU,Online TA,TA/TO,0,0,0,D,D,0,No Deposit,9.0,0,Transient,106.0,1,1
City Hotel,0,9,2016,January,2,4,1,0,2,0.0,0,BB,ITA,Online TA,TA/TO,0,0,0,A,A,0,No Deposit,9.0,0,Transient-Party,89.0,0,1
City Hotel,0,1,2016,January,2,4,1,0,2,0.0,0,BB,CHE,Online TA,TA/TO,0,0,0,D,D,0,No Deposit,9.0,0,Transient,99.0,0,1
City Hotel,0,1,2016,January,2,4,1,1,2,0.0,0,BB,BRA,Online TA,TA/TO,0,0,0,B,B,0,No Deposit,,0,Transient-Party,74.25,0,1
City Hotel,0,2,2016,January,2,4,1,1,2,0.0,0,SC,ITA,Online TA,TA/TO,0,0,0,A,A,0,No Deposit,9.0,0,Transient,75.0,0,1
City Hotel,0,1,2016,January,2,4,1,1,2,0.0,0,SC,PRT,Online TA,TA/TO,0,0,0,A,A,0,No Deposit,9.0,0,Transient,86.0,0,1
City Hotel,0,1,2016,January,2,4,1,1,2,0.0,0,BB,BRA,Online TA,TA/TO,0,0,0,B,B,0,No Deposit,,0,Transient-Party,76.25,0,1
City Hotel,0,9,2016,January,2,4,1,2,2,0.0,0,BB,GBR,Online TA,TA/TO,0,0,0,A,D,0,No Deposit,8.0,0,Transient,87.0,0,2
City Hotel,0,28,2016,January,2,4,1,3,2,0.0,0,BB,ESP,Offline TA/TO,TA/TO,0,0,0,A,A,0,No Deposit,159.0,0,Transient-Party,87.0,0,1
City Hotel,0,2,2016,January,2,4,1,3,2,0.0,0,SC,ITA,Online TA,TA/TO,0,0,0,A,D,0,No Deposit,9.0,0,Transient,75.0,0,0
City Hotel,0,1,2016,January,2,4,1,3,2,0.0,0,BB,ITA,Online TA,TA/TO,0,0,0,D,E,0,No Deposit,9.0,0,Transient,99.0,0,0
City Hotel,0,28,2016,January,2,4,1,3,2,0.0,0,BB,ESP,Offline TA/TO,TA/TO,0,0,0,A,A,0,No Deposit,159.0,0,Transient-Party,87.0,0,1
City Hotel,0,3,2016,January,2,5,0,1,2,0.0,0,SC,PRT,Online TA,TA/TO,0,0,0,A,A,0,No Deposit,9.0,0,Transient,75.0,0,1
City Hotel,0,0,2016,January,2,5,0,2,2,0.0,0,SC,ESP,Online TA,TA/TO,0,0,0,A,A,1,No Deposit,9.0,0,Transient,44.0,1,1
City Hotel,0,0,2016,January,2,5,0,2,2,0.0,0,BB,CHN,Online TA,TA/TO,0,0,0,A,A,0,No Deposit,9.0,0,Transient,80.3,0,1
City Hotel,0,33,2016,January,2,5,0,3,2,0.0,0,BB,FRA,Direct,Direct,0,0,0,D,D,0,No Deposit,14.0,0,Transient,87.5,0,0
City Hotel,0,1,2016,January,2,5,4,13,2,0.0,0,BB,PRT,Direct,Direct,0,0,0,A,A,6,No Deposit,,0,Transient,70.67,0,0
City Hotel,0,3,2016,January,2,6,0,1,2,0.0,0,SC,PRT,Online TA,TA/TO,0,0,0,A,A,0,No Deposit,9.0,0,Transient,77.0,0,0
City Hotel,0,4,2016,January,2,6,0,1,2,0.0,0,SC,BRA,Online TA,TA/TO,0,0,0,A,A,0,No Deposit,9.0,0,Transient,86.0,1,0
City Hotel,0,1,2016,January,2,6,0,1,2,0.0,0,BB,COL,Online TA,TA/TO,0,0,0,A,B,0,No Deposit,9.0,0,Transient-Party,107.0,1,0
City Hotel,0,1,2016,January,2,6,0,1,2,0.0,0,BB,USA,Online TA,TA/TO,0,0,0,A,B,0,No Deposit,9.0,0,Transient-Party,89.0,0,0
City Hotel,0,0,2016,January,2,6,0,2,2,0.0,0,BB,ITA,Online TA,TA/TO,0,0,0,A,A,0,No Deposit,9.0,0,Transient,80.3,0,1
City Hotel,0,24,2016,January,2,6,0,2,2,0.0,0,BB,BRA,Online TA,TA/TO,0,0,0,A,A,0,No Deposit,9.0,0,Transient-Party,89.0,0,0
City Hotel,0,24,2016,January,2,6,0,2,2,0.0,0,BB,BRA,Online TA,TA/TO,0,0,0,A,A,0,No Deposit,9.0,0,Transient-Party,115.5,1,1
City Hotel,0,0,2016,January,2,6,0,1,2,0.0,0,SC,MEX,Online TA,TA/TO,0,0,0,A,A,0,No Deposit,9.0,0,Transient,75.0,0,0
City Hotel,0,34,2016,January,2,6,0,2,2,0.0,0,BB,BRA,Online TA,TA/TO,0,0,0,B,B,0,No Deposit,9.0,0,Transient-Party,71.55,0,1
City Hotel,0,24,2016,January,2,6,0,2,2,0.0,0,BB,BRA,Online TA,TA/TO,0,0,0,A,A,0,No Deposit,9.0,0,Transient-Party,89.0,0,0
City Hotel,0,2,2016,January,2,6,0,3,2,0.0,0,SC,ESP,Online TA,TA/TO,0,0,0,A,A,0,No Deposit,9.0,0,Transient,84.0,0,1
City Hotel,0,4,2016,January,2,6,0,4,2,0.0,0,BB,ITA,Online TA,TA/TO,0,0,0,A,A,0,No Deposit,9.0,0,Transient,89.0,0,0
City Hotel,0,24,2016,January,2,6,1,4,2,0.0,0,BB,FIN,Online TA,TA/TO,0,0,0,A,A,0,No Deposit,7.0,0,Transient,68.99,0,2
City Hotel,0,0,2016,January,2,7,0,1,2,0.0,0,BB,FRA,Online TA,TA/TO,0,0,0,B,B,0,No Deposit,9.0,0,Transient-Party,88.25,0,0
City Hotel,1,5,2016,January,2,7,0,1,2,0.0,0,SC,ESP,Online TA,TA/TO,0,0,0,A,A,0,No Deposit,9.0,0,Transient,75.0,0,0
City Hotel,0,2,2016,January,2,7,0,3,2,0.0,0,BB,IND,Online TA,TA/TO,0,0,0,B,B,1,No Deposit,9.0,0,Transient-Party,77.25,0,0
City Hotel,0,6,2016,January,2,7,0,3,2,0.0,0,BB,ESP,Online TA,TA/TO,0,0,0,A,A,0,No Deposit,9.0,0,Transient-Party,89.0,0,0
City Hotel,1,2,2016,January,2,7,0,3,2,0.0,0,BB,PRT,Online TA,TA/TO,0,0,0,A,A,0,No Deposit,9.0,0,Transient,96.0,0,1
City Hotel,0,2,2016,January,2,7,0,3,2,0.0,0,BB,GBR,Online TA,TA/TO,0,0,0,B,B,0,No Deposit,9.0,0,Transient-Party,77.25,0,0
City Hotel,0,6,2016,January,2,7,0,3,2,0.0,0,BB,ESP,Online TA,TA/TO,0,0,0,A,A,0,No Deposit,9.0,0,Transient-Party,89.0,0,0
City Hotel,1,23,2016,January,2,7,1,3,2,0.0,0,BB,ITA,Online TA,TA/TO,0,0,0,A,A,0,No Deposit,9.0,0,Transient,87.0,0,2
City Hotel,1,12,2016,January,2,7,2,3,2,0.0,0,BB,FRA,Online TA,TA/TO,0,0,0,A,A,0,No Deposit,9.0,0,Transient,87.0,0,0
City Hotel,0,1,2016,January,2,8,0,2,2,0.0,0,SC,BEL,Online TA,TA/TO,0,0,0,A,A,0,No Deposit,9.0,0,Transient,68.5,0,1
City Hotel,0,12,2016,January,2,8,1,2,2,0.0,0,BB,ESP,Online TA,TA/TO,0,0,0,A,A,0,No Deposit,9.0,0,Transient,87.0,0,1
City Hotel,0,2,2016,January,2,8,1,2,2,0.0,0,BB,CHE,Online TA,TA/TO,0,0,0,A,A,0,No Deposit,9.0,0,Transient,87.3,1,1
City Hotel,0,1,2016,January,2,8,1,2,2,0.0,0,SC,CHN,Online TA,TA/TO,0,0,0,A,A,0,No Deposit,9.0,0,Transient,78.5,0,0
City Hotel,0,126,2016,January,2,8,2,2,2,0.0,0,BB,FRA,Online TA,TA/TO,0,0,0,D,D,0,No Deposit,8.0,0,Transient,87.0,0,1
City Hotel,0,7,2016,January,2,8,2,3,2,0.0,0,BB,MAR,Online TA,TA/TO,0,0,0,A,A,0,No Deposit,9.0,0,Transient,71.6,0,0
City Hotel,0,8,2016,January,2,8,2,3,2,0.0,0,BB,CN,Online TA,TA/TO,0,0,0,A,A,0,No Deposit,15.0,0,Transient,59.16,0,0
City Hotel,1,29,2016,January,2,8,2,5,2,0.0,0,BB,BRA,Online TA,TA/TO,0,0,0,A,B,0,No Deposit,9.0,0,Transient,79.54,0,1
City Hotel,1,29,2016,January,2,8,2,5,2,0.0,0,BB,BRA,Online TA,TA/TO,0,0,0,A,B,0,No Deposit,9.0,0,Transient,79.54,0,1
City Hotel,0,1,2016,January,2,8,0,0,2,0.0,0,SC,ITA,Online TA,TA/TO,0,0,0,A,A,0,No Deposit,9.0,0,Transient,0.0,0,1
City Hotel,0,3,2016,January,2,8,0,1,2,0.0,0,SC,PER,Online TA,TA/TO,0,0,0,A,A,0,No Deposit,9.0,0,Transient-Party,67.5,0,0
City Hotel,0,3,2016,January,2,8,0,1,2,0.0,0,BB,GBR,Online TA,TA/TO,0,0,0,A,A,0,No Deposit,9.0,0,Transient,78.3,0,0
City Hotel,0,3,2016,January,2,8,0,1,2,0.0,0,SC,PER,Online TA,TA/TO,0,0,0,A,A,0,No Deposit,9.0,0,Transient-Party,67.5,0,0
City Hotel,0,4,2016,January,2,8,0,2,2,0.0,0,BB,FRA,Online TA,TA/TO,0,0,0,A,A,0,No Deposit,9.0,0,Transient,87.0,0,1
City Hotel,0,2,2016,January,2,9,0,1,2,0.0,0,SC,PRT,Online TA,TA/TO,0,0,0,A,A,0,No Deposit,9.0,0,Transient,69.5,0,0
City Hotel,0,17,2016,January,2,9,1,1,2,0.0,0,BB,ESP,Online TA,TA/TO,0,0,0,A,A,0,No Deposit,155.0,0,Transient,119.0,0,1
City Hotel,1,3,2016,January,2,9,1,1,2,0.0,0,SC,UKR,Online TA,TA/TO,0,0,0,A,A,0,No Deposit,9.0,0,Transient,67.5,0,0
City Hotel,1,3,2016,January,2,9,1,1,2,0.0,0,BB,AGO,Online TA,TA/TO,0,0,0,A,A,0,No Deposit,9.0,0,Transient,78.3,0,1
City Hotel,0,2,2016,January,2,9,0,1,2,0.0,0,SC,GBR,Online TA,TA/TO,0,0,0,A,A,0,No Deposit,9.0,0,Transient,69.5,0,1
City Hotel,0,22,2016,January,2,9,2,1,2,0.0,0,SC,ITA,Online TA,TA/TO,0,0,0,A,A,0,No Deposit,9.0,0,Transient,65.75,0,0
City Hotel,0,18,2016,January,2,9,2,2,2,0.0,0,BB,POL,Direct,Direct,0,0,0,D,D,0,No Deposit,14.0,0,Transient,93.0,0,1
City Hotel,0,3,2016,January,3,10,0,0,2,0.0,0,SC,GBR,Online TA,TA/TO,0,0,0,A,A,0,No Deposit,9.0,0,Transient,0.0,0,1
City Hotel,0,27,2016,January,3,10,1,0,2,0.0,0,BB,IRL,Online TA,TA/TO,0,0,0,A,A,0,No Deposit,9.0,0,Transient,89.0,0,1
City Hotel,0,18,2016,January,3,10,2,1,2,0.0,0,BB,FRA,Online TA,TA/TO,0,0,0,A,A,0,No Deposit,155.0,0,Transient,97.33,0,1
City Hotel,0,7,2016,January,3,10,2,1,2,0.0,0,BB,ITA,Online TA,TA/TO,0,0,0,A,A,0,No Deposit,9.0,0,Transient,89.0,0,1
City Hotel,1,79,2016,January,3,10,2,2,2,0.0,0,BB,PRT,Offline TA/TO,TA/TO,0,0,0,A,A,0,No Deposit,28.0,0,Transient,70.0,0,0
City Hotel,0,5,2016,January,3,10,2,2,2,0.0,0,BB,POL,Online TA,TA/TO,0,0,0,A,A,0,No Deposit,11.0,0,Transient,64.64,0,0
City Hotel,0,9,2016,January,3,10,2,2,2,0.0,0,BB,FIN,Online TA,TA/TO,0,0,0,A,A,0,No Deposit,9.0,0,Transient,71.6,0,1
City Hotel,0,6,2016,January,3,10,6,14,2,0.0,0,BB,PRT,Online TA,TA/TO,0,0,0,A,A,0,No Deposit,9.0,0,Transient,87.7,0,1
City Hotel,0,12,2016,January,3,10,2,5,2,0.0,0,BB,GBR,Online TA,TA/TO,0,0,0,D,D,0,No Deposit,7.0,0,Transient,72.96,0,0
City Hotel,0,23,2016,January,3,11,1,0,2,0.0,0,SC,USA,Online TA,TA/TO,0,0,0,A,A,0,No Deposit,11.0,0,Transient,62.0,0,0
City Hotel,0,5,2016,January,3,11,1,2,2,0.0,0,BB,FRA,Online TA,TA/TO,0,0,0,D,D,0,No Deposit,9.0,0,Transient,99.0,0,1
City Hotel,1,12,2016,January,3,12,0,1,2,0.0,0,BB,PRT,Online TA,TA/TO,0,0,0,A,A,0,No Deposit,9.0,0,Transient,69.6,0,0
City Hotel,1,0,2016,January,3,12,0,1,2,0.0,0,BB,PRT,Direct,Direct,0,0,0,A,A,0,No Deposit,,0,Transient,89.0,0,0
City Hotel,0,6,2016,January,3,12,0,2,2,0.0,0,SC,CHN,Online TA,TA/TO,0,0,0,A,A,0,No Deposit,9.0,0,Transient-Party,69.5,0,2
City Hotel,1,18,2016,January,3,12,0,2,2,0.0,0,BB,ITA,Online TA,TA/TO,0,0,0,A,A,0,No Deposit,9.0,0,Transient,73.95,0,0
City Hotel,1,11,2016,January,3,12,0,2,2,0.0,0,BB,ITA,Online TA,TA/TO,0,0,0,A,A,0,No Deposit,9.0,0,Transient,69.6,0,0
City Hotel,0,6,2016,January,3,12,0,2,2,0.0,0,SC,CHN,Online TA,TA/TO,0,0,0,A,A,0,No Deposit,9.0,0,Transient-Party,69.5,0,2
City Hotel,0,33,2016,January,3,12,0,4,2,0.0,0,BB,DEU,Online TA,TA/TO,0,0,0,A,A,0,No Deposit,7.0,0,Transient,55.59,0,0
City Hotel,1,36,2016,January,3,12,0,4,2,0.0,0,BB,PRT,Online TA,TA/TO,0,0,0,A,A,0,No Deposit,7.0,0,Transient,60.29,0,0
City Hotel,0,24,2016,January,3,12,0,4,2,0.0,0,BB,ITA,Online TA,TA/TO,0,0,0,A,A,0,No Deposit,9.0,0,Transient,89.0,0,2
City Hotel,0,9,2016,January,3,12,0,4,2,0.0,0,BB,FRA,Online TA,TA/TO,0,0,0,A,A,0,No Deposit,9.0,0,Transient,89.0,0,1
City Hotel,0,6,2016,January,3,12,0,2,2,0.0,0,SC,CHN,Online TA,TA/TO,0,0,0,A,A,0,No Deposit,9.0,0,Transient-Party,69.5,0,2
City Hotel,0,6,2016,January,3,12,0,2,2,0.0,0,SC,CHN,Online TA,TA/TO,0,0,0,A,A,0,No Deposit,9.0,0,Transient-Party,69.5,0,3
City Hotel,1,4,2016,January,3,13,0,1,2,0.0,0,SC,PRT,Direct,Direct,0,0,0,A,A,0,No Deposit,,0,Transient,77.0,0,0
City Hotel,1,35,2016,January,3,13,0,2,2,0.0,0,BB,PRT,Online TA,TA/TO,0,0,0,A,A,0,No Deposit,9.0,0,Transient,78.3,0,0
City Hotel,0,8,2016,January,3,13,0,3,2,0.0,0,SC,PRT,Online TA,TA/TO,0,0,0,A,A,0,No Deposit,9.0,0,Transient,69.5,0,0
City Hotel,1,9,2016,January,3,13,4,12,2,0.0,0,SC,ECU,Online TA,TA/TO,0,0,0,A,A,0,No Deposit,9.0,0,Transient,69.5,0,1
City Hotel,0,7,2016,January,3,13,0,1,2,0.0,0,BB,PRT,Online TA,TA/TO,0,0,0,A,A,0,No Deposit,9.0,0,Transient,80.3,0,1
City Hotel,1,4,2016,January,3,14,0,1,2,0.0,0,SC,PRT,Online TA,TA/TO,0,0,0,A,A,0,No Deposit,9.0,0,Transient,69.5,0,0
City Hotel,1,10,2016,January,3,14,0,1,2,0.0,0,BB,PRT,Online TA,TA/TO,0,0,0,A,A,0,No Deposit,9.0,0,Transient,89.3,0,0
City Hotel,1,9,2016,January,3,14,0,2,2,0.0,0,SC,PRT,Online TA,TA/TO,0,0,0,A,A,0,No Deposit,9.0,0,Transient,67.5,0,0
City Hotel,1,9,2016,January,3,14,0,2,2,0.0,0,SC,PRT,Online TA,TA/TO,0,0,0,A,A,0,No Deposit,9.0,0,Transient,67.5,0,0
City Hotel,0,40,2016,January,3,14,0,3,2,0.0,0,BB,ESP,Online TA,TA/TO,0,0,0,B,B,0,No Deposit,9.0,0,Transient,77.55,0,1
City Hotel,0,40,2016,January,3,14,0,3,2,0.0,0,BB,ESP,Online TA,TA/TO,0,0,0,B,B,0,No Deposit,9.0,0,Transient,77.55,0,1
City Hotel,1,43,2016,January,3,14,0,3,2,0.0,0,BB,ESP,Online TA,TA/TO,0,0,0,B,B,0,No Deposit,9.0,0,Transient,86.75,0,0
City Hotel,1,43,2016,January,3,14,0,3,2,0.0,0,BB,ESP,Online TA,TA/TO,0,0,0,B,B,0,No Deposit,9.0,0,Transient-Party,86.75,0,1
City Hotel,0,40,2016,January,3,14,0,3,2,0.0,0,BB,ESP,Online TA,TA/TO,0,0,0,B,B,0,No Deposit,9.0,0,Transient,77.55,0,1
City Hotel,1,38,2016,January,3,14,0,3,2,0.0,0,BB,FRA,Online TA,TA/TO,0,0,0,A,A,0,No Deposit,9.0,0,Transient,78.3,0,1
City Hotel,0,40,2016,January,3,14,1,3,2,0.0,0,SC,FRA,Online TA,TA/TO,0,0,0,A,A,0,No Deposit,9.0,0,Transient,69.5,0,1
City Hotel,1,12,2016,January,3,15,0,1,2,0.0,0,SC,PRT,Online TA,TA/TO,0,0,0,A,A,3,No Deposit,9.0,0,Transient,75.0,0,0
City Hotel,0,14,2016,January,3,15,0,1,2,0.0,0,BB,PRT,Online TA,TA/TO,0,0,0,A,A,0,No Deposit,9.0,0,Transient,71.6,0,1
City Hotel,0,11,2016,January,3,15,0,2,2,0.0,0,BB,ESP,Online TA,TA/TO,0,0,0,A,A,0,No Deposit,9.0,0,Transient,89.0,0,1
City Hotel,1,30,2016,January,3,15,0,2,2,0.0,0,BB,ESP,Online TA,TA/TO,0,0,0,F,F,0,No Deposit,9.0,0,Transient,75.15,0,1
City Hotel,0,9,2016,January,3,15,0,2,2,0.0,0,BB,USA,Online TA,TA/TO,0,0,0,A,A,0,No Deposit,9.0,0,Transient,80.3,0,1
City Hotel,0,11,2016,January,3,15,0,2,2,0.0,0,BB,PRT,Direct,Direct,0,0,0,B,B,0,No Deposit,14.0,0,Transient,76.25,0,1
City Hotel,0,13,2016,January,3,15,0,2,2,0.0,0,BB,PRT,Online TA,TA/TO,0,0,0,A,A,0,No Deposit,9.0,0,Transient,89.0,0,2
City Hotel,0,12,2016,January,3,15,0,2,2,0.0,0,SC,NLD,Online TA,TA/TO,0,0,0,A,A,0,No Deposit,9.0,0,Transient,77.0,0,1
City Hotel,0,12,2016,January,3,15,0,2,2,0.0,0,BB,PRT,Direct,Direct,0,0,0,B,B,1,No Deposit,14.0,0,Transient,85.25,0,1
City Hotel,1,10,2016,January,3,15,0,2,2,0.0,0,BB,ITA,Online TA,TA/TO,0,0,0,A,A,0,No Deposit,9.0,0,Transient,87.0,0,1
City Hotel,0,9,2016,January,3,15,1,2,2,0.0,0,BB,DZA,Online TA,TA/TO,0,0,0,A,A,0,No Deposit,9.0,0,Transient,80.3,0,1
City Hotel,0,16,2016,January,3,15,1,2,2,0.0,0,BB,NLD,Online TA,TA/TO,0,0,0,A,A,0,No Deposit,9.0,0,Transient,98.0,0,1
City Hotel,0,12,2016,January,3,15,1,2,2,0.0,0,BB,ITA,Online TA,TA/TO,0,0,0,A,A,0,No Deposit,9.0,0,Transient,89.0,0,1
City Hotel,0,38,2016,January,3,15,1,2,2,0.0,0,BB,ITA,Online TA,TA/TO,0,0,0,A,A,0,No Deposit,7.0,0,Transient,55.59,0,0
City Hotel,1,11,2016,January,3,15,1,2,2,0.0,0,SC,IRL,Online TA,TA/TO,0,0,0,A,A,0,No Deposit,9.0,0,Transient,75.0,0,0
City Hotel,1,9,2016,January,3,15,1,2,2,0.0,0,BB,DEU,Online TA,TA/TO,0,0,0,A,A,0,No Deposit,9.0,0,Transient,87.0,0,0
City Hotel,1,43,2016,January,3,15,1,2,2,0.0,0,BB,PRT,Online TA,TA/TO,0,0,0,A,A,0,No Deposit,7.0,0,Transient,60.29,0,0
City Hotel,1,12,2016,January,3,15,2,2,2,0.0,0,SC,OMN,Online TA,TA/TO,0,0,0,A,A,2,No Deposit,9.0,0,Transient-Party,77.0,0,0
City Hotel,0,18,2016,January,3,15,2,3,2,0.0,0,BB,IRQ,Online TA,TA/TO,0,0,0,A,A,1,No Deposit,9.0,0,Transient-Party,89.0,0,1
City Hotel,1,18,2016,January,3,15,2,5,2,0.0,0,BB,KOR,Online TA,TA/TO,0,0,0,D,D,0,No Deposit,9.0,0,Transient,97.0,0,0
City Hotel,1,10,2016,January,3,15,8,22,2,0.0,0,SC,PRT,Online TA,TA/TO,0,0,0,A,A,0,No Deposit,9.0,0,Transient,72.97,0,1
City Hotel,1,31,2016,January,3,16,0,1,2,0.0,0,BB,PRT,Online TA,TA/TO,0,0,0,A,A,0,No Deposit,9.0,0,Transient,78.3,0,0
City Hotel,1,32,2016,January,3,16,0,1,2,0.0,0,BB,PRT,Online TA,TA/TO,0,0,0,A,A,0,No Deposit,9.0,0,Transient,78.3,0,0
City Hotel,0,13,2016,January,3,16,0,1,2,0.0,0,BB,FRA,Online TA,TA/TO,0,0,0,D,D,0,No Deposit,9.0,0,Transient,97.0,0,1
City Hotel,0,42,2016,January,3,16,0,1,2,0.0,0,BB,GBR,Online TA,TA/TO,0,0,0,A,A,0,No Deposit,9.0,0,Transient,80.3,0,1
City Hotel,0,18,2016,January,3,16,0,1,2,0.0,0,BB,PRT,Online TA,TA/TO,0,0,0,A,A,0,No Deposit,9.0,0,Transient,89.0,0,1
City Hotel,0,28,2016,January,3,16,0,1,2,0.0,0,BB,PRT,Online TA,TA/TO,0,0,0,A,A,0,No Deposit,9.0,0,Transient,89.0,0,1
City Hotel,0,13,2016,January,3,16,0,1,2,0.0,0,SC,AGO,Online TA,TA/TO,0,0,0,A,A,0,No Deposit,9.0,0,Transient,75.0,0,1
City Hotel,0,41,2016,January,3,16,0,1,2,0.0,0,BB,PRT,Online TA,TA/TO,0,0,0,D,D,0,No Deposit,9.0,0,Transient,93.45,1,1
City Hotel,1,92,2016,January,3,16,1,1,2,0.0,0,BB,PRT,Online TA,TA/TO,0,0,0,A,A,0,No Deposit,8.0,0,Transient,90.0,0,1
City Hotel,1,4,2016,January,3,16,1,1,2,0.0,0,SC,ITA,Online TA,TA/TO,0,0,0,A,A,0,No Deposit,9.0,0,Transient,67.5,0,0
City Hotel,0,42,2016,January,3,16,2,1,2,0.0,0,BB,NLD,Online TA,TA/TO,0,0,0,A,A,0,No Deposit,9.0,0,Transient-Party,78.3,0,1
City Hotel,1,34,2016,January,3,16,2,1,2,0.0,0,BB,ITA,Online TA,TA/TO,0,0,0,A,A,0,No Deposit,9.0,0,Transient,78.3,0,1
City Hotel,1,7,2016,January,3,16,2,1,2,0.0,0,BB,DEU,Online TA,TA/TO,0,0,0,A,A,0,No Deposit,9.0,0,Transient,78.3,0,0
City Hotel,0,42,2016,January,3,16,2,1,2,0.0,0,BB,NLD,Online TA,TA/TO,0,0,0,A,A,0,No Deposit,9.0,0,Transient-Party,78.3,0,1
City Hotel,1,11,2016,January,3,16,2,1,2,0.0,0,SC,ITA,Online TA,TA/TO,0,0,0,A,A,0,No Deposit,9.0,0,Transient,67.5,0,0
City Hotel,0,18,2016,January,3,16,2,2,2,0.0,0,SC,FRA,Online TA,TA/TO,0,0,0,A,A,0,No Deposit,11.0,0,Transient,65.0,0,0
City Hotel,1,8,2016,January,3,16,2,5,2,0.0,0,BB,FIN,Online TA,TA/TO,0,0,0,A,A,0,No Deposit,9.0,0,Transient,78.3,0,0
City Hotel,0,12,2016,January,3,16,2,5,2,0.0,0,BB,ITA,Online TA,TA/TO,0,0,0,A,A,0,No Deposit,9.0,0,Transient,89.0,0,1
City Hotel,1,7,2016,January,3,16,2,1,2,0.0,0,BB,DEU,Online TA,TA/TO,0,0,0,A,A,0,No Deposit,9.0,0,Transient,78.3,0,0
City Hotel,0,10,2016,January,4,17,2,5,2,0.0,0,SC,NLD,Online TA,TA/TO,0,0,0,A,A,0,No Deposit,9.0,0,Transient,78.5,1,2
City Hotel,0,10,2016,January,4,17,0,0,2,0.0,0,SC,GBR,Online TA,TA/TO,0,0,0,A,A,0,No Deposit,9.0,0,Transient,0.0,0,1
City Hotel,0,0,2016,January,4,17,1,0,2,0.0,0,BB,ESP,Direct,Direct,0,0,0,A,A,0,No Deposit,14.0,0,Transient,89.0,0,1
City Hotel,1,9,2016,January,4,17,2,0,2,0.0,0,BB,ESP,Online TA,TA/TO,0,0,0,B,B,2,No Deposit,9.0,0,Transient,86.25,0,0
City Hotel,1,9,2016,January,4,17,2,0,2,0.0,0,BB,ESP,Online TA,TA/TO,0,0,0,B,B,0,No Deposit,9.0,0,Transient,77.25,0,0
City Hotel,0,42,2016,January,4,17,2,0,2,0.0,0,BB,BEL,Online TA,TA/TO,0,0,0,A,A,0,No Deposit,9.0,0,Transient,75.95,0,1
City Hotel,0,39,2016,January,4,17,2,0,2,0.0,0,BB,GBR,Online TA,TA/TO,0,0,0,D,D,0,No Deposit,9.0,0,Transient,89.3,0,1
City Hotel,0,11,2016,January,4,17,2,0,2,0.0,0,BB,USA,Online TA,TA/TO,0,0,0,A,A,0,No Deposit,9.0,0,Transient,98.0,1,2
City Hotel,1,10,2016,January,4,17,2,0,2,0.0,0,SC,AND,Online TA,TA/TO,0,0,0,A,A,0,No Deposit,9.0,0,Transient,75.0,0,1
City Hotel,0,16,2016,January,4,17,2,1,2,0.0,0,BB,FRA,Online TA,TA/TO,0,0,0,A,A,0,No Deposit,9.0,0,Transient,71.6,0,2
City Hotel,0,2,2016,January,4,17,2,1,2,0.0,0,BB,ITA,Direct,Direct,0,0,0,D,E,1,No Deposit,,0,Transient,126.33,0,2
City Hotel,0,0,2016,January,4,18,1,0,2,0.0,0,BB,PRT,Direct,Direct,0,0,0,A,A,0,No Deposit,,0,Transient,70.2,0,0
City Hotel,0,28,2016,January,4,18,1,1,2,0.0,0,BB,ESP,Online TA,TA/TO,0,0,0,D,D,0,No Deposit,7.0,0,Transient,76.69,0,0
City Hotel,1,15,2016,January,4,18,1,2,2,0.0,0,BB,TUR,Online TA,TA/TO,0,0,0,A,A,0,No Deposit,9.0,0,Transient,87.0,0,0
City Hotel,1,16,2016,January,4,18,1,3,2,0.0,0,BB,BRA,Online TA,TA/TO,0,0,0,B,B,1,No Deposit,9.0,0,Transient-Party,86.25,0,0
City Hotel,0,0,2016,January,4,18,1,3,2,0.0,0,BB,AGO,Direct,Direct,0,0,0,A,A,0,No Deposit,,0,Transient,89.0,0,0
City Hotel,0,18,2016,January,4,18,1,2,2,0.0,0,BB,PRT,Direct,Direct,0,0,0,A,A,0,No Deposit,14.0,0,Transient,87.0,0,1
City Hotel,1,1,2016,January,4,19,0,1,2,0.0,0,BB,PRT,Direct,Direct,0,0,0,A,A,0,No Deposit,,0,Transient,81.0,0,1
City Hotel,1,12,2016,January,4,19,0,2,2,0.0,0,BB,PRT,Offline TA/TO,TA/TO,0,0,0,A,D,0,No Deposit,19.0,0,Transient-Party,80.0,0,0
City Hotel,0,151,2016,January,4,19,0,2,2,0.0,0,BB,ESP,Offline TA/TO,TA/TO,0,0,0,A,A,4,No Deposit,19.0,63,Transient-Party,86.5,0,0
City Hotel,0,43,2016,January,4,19,0,5,2,0.0,0,BB,ROU,Online TA,TA/TO,0,0,0,A,A,1,No Deposit,9.0,0,Transient,77.69,0,1
City Hotel,0,48,2016,January,4,19,2,5,2,0.0,0,BB,PRT,Direct,Direct,0,0,0,A,A,1,No Deposit,14.0,0,Transient,63.75,0,1
City Hotel,1,1,2016,January,4,20,0,2,2,0.0,0,SC,PRT,Online TA,TA/TO,0,0,0,A,A,0,No Deposit,9.0,0,Transient,79.0,0,0
City Hotel,1,13,2016,January,4,20,0,2,2,0.0,0,BB,BRA,Online TA,TA/TO,0,0,0,A,A,0,No Deposit,9.0,0,Transient,96.0,0,1
City Hotel,1,13,2016,January,4,20,0,2,2,0.0,0,BB,BRA,Online TA,TA/TO,0,0,0,A,A,0,No Deposit,9.0,0,Transient,96.0,0,1
City Hotel,0,41,2016,January,4,20,0,4,2,0.0,0,SC,IRL,Online TA,TA/TO,0,0,0,A,A,0,No Deposit,8.0,0,Transient,62.0,0,0
City Hotel,1,18,2016,January,4,20,0,4,2,0.0,0,BB,FRA,Online TA,TA/TO,0,0,0,A,A,0,No Deposit,9.0,0,Transient,87.0,0,2
City Hotel,1,9,2016,January,4,20,2,9,2,0.0,0,BB,SAU,Online TA,TA/TO,0,0,0,A,A,0,No Deposit,9.0,0,Transient,88.27,0,0
City Hotel,0,47,2016,January,4,20,1,4,2,0.0,0,BB,GBR,Online TA,TA/TO,0,0,0,E,E,1,No Deposit,9.0,0,Transient,120.95,0,2
City Hotel,0,15,2016,January,4,21,0,1,2,0.0,0,SC,PRT,Online TA,TA/TO,0,0,0,A,A,2,No Deposit,9.0,0,Transient-Party,86.0,1,1
City Hotel,1,0,2016,January,4,21,0,1,2,0.0,0,SC,PRT,Online TA,TA/TO,0,0,0,A,A,0,No Deposit,9.0,0,Transient,79.0,0,0
City Hotel,1,1,2016,January,4,21,0,1,2,0.0,0,BB,NLD,Direct,Direct,0,0,0,A,A,0,No Deposit,,0,Transient,91.0,0,1
City Hotel,0,19,2016,January,4,21,0,1,2,0.0,0,SC,NLD,Online TA,TA/TO,0,0,0,A,A,0,No Deposit,9.0,0,Transient-Party,77.0,0,1
City Hotel,0,17,2016,January,4,21,0,1,2,0.0,0,BB,FRA,Online TA,TA/TO,0,0,0,A,D,0,No Deposit,9.0,0,Transient,80.3,0,1
City Hotel,0,18,2016,January,4,21,0,3,2,0.0,0,SC,BRA,Online TA,TA/TO,0,0,0,A,A,0,No Deposit,9.0,0,Transient,77.0,0,1
City Hotel,0,20,2016,January,4,21,0,2,2,0.0,0,BB,ITA,Online TA,TA/TO,0,0,0,D,D,0,No Deposit,9.0,0,Transient,99.0,0,1
City Hotel,0,18,2016,January,4,21,0,2,2,0.0,0,SC,BRA,Online TA,TA/TO,0,0,0,A,D,0,No Deposit,9.0,0,Transient-Party,75.0,0,0
City Hotel,1,11,2016,January,4,22,0,1,2,0.0,0,SC,GBR,Online TA,TA/TO,0,0,0,A,A,0,No Deposit,9.0,0,Transient,68.5,0,1
City Hotel,1,20,2016,January,4,22,0,1,2,0.0,0,BB,ESP,Online TA,TA/TO,0,0,0,A,A,0,No Deposit,9.0,0,Transient,87.0,0,0
City Hotel,1,33,2016,January,4,22,0,1,2,0.0,0,SC,PRT,Online TA,TA/TO,0,0,0,A,A,0,No Deposit,7.0,0,Transient,51.97,0,0
City Hotel,0,38,2016,January,4,22,0,2,2,0.0,0,BB,BEL,Online TA,TA/TO,0,0,0,A,A,1,No Deposit,9.0,0,Transient,79.4,0,1
City Hotel,1,12,2016,January,4,22,0,2,2,0.0,0,SC,ITA,Online TA,TA/TO,0,0,0,A,A,0,No Deposit,9.0,0,Transient,75.0,0,0
City Hotel,0,16,2016,January,4,22,0,2,2,0.0,0,BB,ITA,Online TA,TA/TO,0,0,0,A,A,0,No Deposit,9.0,0,Transient,80.3,0,1
City Hotel,1,4,2016,January,4,22,0,2,2,0.0,0,SC,PRT,Online TA,TA/TO,0,0,0,A,A,0,No Deposit,9.0,0,Transient,84.0,0,0
City Hotel,1,12,2016,January,4,22,0,2,2,0.0,0,SC,ITA,Online TA,TA/TO,0,0,0,A,A,0,No Deposit,9.0,0,Transient,75.0,0,0
City Hotel,0,15,2016,January,4,22,0,2,2,0.0,0,BB,BEL,Online TA,TA/TO,0,0,0,A,A,0,No Deposit,9.0,0,Transient,80.3,0,1
City Hotel,0,40,2016,January,4,22,1,2,2,0.0,0,BB,RUS,Online TA,TA/TO,0,0,0,A,A,1,No Deposit,9.0,0,Transient,73.9,0,1
City Hotel,0,46,2016,January,4,22,0,2,2,0.0,0,BB,FRA,Online TA,TA/TO,0,0,0,A,A,0,No Deposit,9.0,0,Transient,80.3,0,1
City Hotel,1,9,2016,January,4,22,2,2,2,0.0,0,SC,ISR,Online TA,TA/TO,0,0,0,A,A,0,No Deposit,9.0,0,Transient,68.4,0,0
City Hotel,1,17,2016,January,4,22,2,3,2,0.0,0,SC,CPV,Online TA,TA/TO,0,0,0,A,A,0,No Deposit,9.0,0,Transient,75.0,0,0
City Hotel,0,17,2016,January,4,23,0,1,2,0.0,0,SC,PRT,Online TA,TA/TO,0,0,0,A,A,0,No Deposit,9.0,0,Transient,69.5,0,1
City Hotel,0,38,2016,January,4,23,0,1,2,0.0,0,BB,PRT,Online TA,TA/TO,0,0,0,A,A,0,No Deposit,9.0,0,Transient,80.3,0,1
City Hotel,0,27,2016,January,4,23,0,1,2,0.0,0,BB,PRT,Direct,Direct,0,0,0,D,D,0,No Deposit,14.0,0,Transient,93.0,0,0
City Hotel,0,23,2016,January,4,23,0,1,2,0.0,0,BB,ITA,Direct,Direct,0,0,0,A,A,0,No Deposit,14.0,0,Transient,87.0,0,1
City Hotel,1,17,2016,January,4,23,0,1,2,0.0,0,BB,GBR,Online TA,TA/TO,0,0,0,A,A,0,No Deposit,9.0,0,Transient,78.3,0,0
City Hotel,0,45,2016,January,4,23,1,1,2,0.0,0,BB,BEL,Online TA,TA/TO,0,0,0,A,A,0,No Deposit,9.0,0,Transient-Party,80.3,0,0
City Hotel,0,45,2016,January,4,23,1,1,2,0.0,0,BB,BEL,Online TA,TA/TO,0,0,0,A,A,0,No Deposit,9.0,0,Transient-Party,79.8,0,0
City Hotel,1,15,2016,January,4,23,1,1,2,0.0,0,SC,ESP,Online TA,TA/TO,0,0,0,A,A,0,No Deposit,9.0,0,Transient,76.5,0,0
City Hotel,0,20,2016,January,4,23,2,1,2,0.0,0,BB,CN,Direct,Direct,0,0,0,E,E,0,No Deposit,14.0,0,Transient,122.33,0,0
City Hotel,1,1,2016,January,4,23,2,1,2,0.0,0,SC,AGO,Online TA,TA/TO,0,0,0,A,A,0,No Deposit,9.0,0,Transient,79.0,0,0
City Hotel,1,29,2016,January,5,24,2,1,2,0.0,0,BB,PRT,Online TA,TA/TO,0,0,0,A,A,0,No Deposit,7.0,0,Transient,81.2,0,0
City Hotel,1,16,2016,January,5,24,2,1,2,0.0,0,BB,BRA,Online TA,TA/TO,0,0,0,A,A,0,No Deposit,9.0,0,Transient,87.3,0,0
City Hotel,1,20,2016,January,5,24,2,2,2,0.0,0,SC,BRA,Online TA,TA/TO,0,0,0,A,A,0,No Deposit,9.0,0,Transient,69.5,0,1
City Hotel,0,50,2016,January,5,24,2,3,2,0.0,0,BB,BEL,Online TA,TA/TO,0,0,0,A,A,0,No Deposit,7.0,0,Transient,58.94,0,1
City Hotel,0,49,2016,January,5,24,2,3,2,0.0,0,BB,BEL,Online TA,TA/TO,0,0,0,A,A,0,No Deposit,9.0,0,Transient,75.95,0,1
City Hotel,0,50,2016,January,5,24,2,3,2,0.0,0,BB,BEL,Online TA,TA/TO,0,0,0,A,A,0,No Deposit,8.0,0,Transient,75.95,0,1
City Hotel,1,33,2016,January,5,25,1,1,2,0.0,0,BB,PRT,Corporate,Corporate,0,0,0,A,A,0,No Deposit,38.0,15,Transient-Party,62.0,0,0
City Hotel,1,33,2016,January,5,25,1,1,2,0.0,0,BB,PRT,Corporate,Corporate,0,0,0,A,A,0,No Deposit,38.0,15,Transient-Party,62.0,0,0
City Hotel,1,33,2016,January,5,25,1,1,2,0.0,0,BB,PRT,Corporate,Corporate,0,0,0,A,A,0,No Deposit,38.0,15,Transient-Party,62.0,0,0
City Hotel,1,33,2016,January,5,25,1,1,2,0.0,0,BB,PRT,Corporate,Corporate,0,0,0,A,A,0,No Deposit,38.0,15,Transient-Party,62.0,0,0
City Hotel,1,33,2016,January,5,25,1,1,2,0.0,0,BB,PRT,Corporate,Corporate,0,0,0,A,A,0,No Deposit,38.0,15,Transient-Party,62.0,0,0
City Hotel,1,33,2016,January,5,25,1,1,2,0.0,0,BB,PRT,Corporate,Corporate,0,0,0,A,A,0,No Deposit,38.0,15,Transient-Party,62.0,0,0
City Hotel,0,28,2016,January,5,25,1,2,2,0.0,0,BB,PRT,Online TA,TA/TO,0,0,0,A,A,0,No Deposit,9.0,0,Transient,86.1,0,1
City Hotel,0,41,2016,January,5,25,1,2,2,0.0,0,BB,CHE,Direct,Direct,0,0,0,D,D,1,No Deposit,14.0,0,Transient,78.5,0,0
City Hotel,1,20,2016,January,5,25,1,3,2,0.0,0,BB,FRA,Online TA,TA/TO,0,0,0,A,A,2,No Deposit,9.0,0,Transient,91.0,0,1
City Hotel,1,0,2016,January,5,25,1,3,2,0.0,0,BB,PRT,Online TA,TA/TO,0,0,0,A,A,0,No Deposit,9.0,0,Transient,100.0,0,1
City Hotel,0,55,2016,January,5,25,1,3,2,0.0,0,BB,POL,Online TA,TA/TO,0,0,0,A,A,0,No Deposit,7.0,0,Transient,58.94,0,1
City Hotel,1,16,2016,January,5,25,1,4,2,0.0,0,BB,MAR,Online TA,TA/TO,0,0,0,B,B,0,No Deposit,9.0,0,Transient-Party,77.25,0,0
City Hotel,1,22,2016,January,5,25,5,15,2,0.0,0,SC,AGO,Online TA,TA/TO,0,0,0,A,A,0,No Deposit,9.0,0,Transient,71.2,0,0
City Hotel,1,17,2016,January,5,25,1,4,2,0.0,0,BB,MAR,Online TA,TA/TO,0,0,0,B,B,1,No Deposit,9.0,0,Transient-Party,77.25,0,0
City Hotel,1,4,2016,January,5,26,0,1,2,0.0,0,BB,FRA,Online TA,TA/TO,0,0,0,A,A,0,No Deposit,9.0,0,Transient,93.0,0,1
City Hotel,1,11,2016,January,5,26,0,2,2,0.0,0,BB,PRT,Online TA,TA/TO,0,0,0,A,A,0,No Deposit,7.0,0,Transient,70.07,0,0
City Hotel,1,11,2016,January,5,26,0,2,2,0.0,0,BB,PRT,Online TA,TA/TO,0,0,0,A,A,0,No Deposit,7.0,0,Transient,70.07,0,0
City Hotel,0,29,2016,January,5,26,0,3,2,0.0,0,SC,ESP,Online TA,TA/TO,0,0,0,A,A,0,No Deposit,9.0,0,Transient,72.0,0,1
City Hotel,1,116,2016,January,5,26,0,5,2,0.0,0,BB,PRT,Offline TA/TO,TA/TO,0,0,0,A,A,0,No Deposit,22.0,0,Transient,70.0,0,0
City Hotel,1,12,2016,January,5,26,7,20,2,0.0,0,SC,BRA,Online TA,TA/TO,0,0,0,A,A,0,No Deposit,9.0,0,Transient,76.55,0,0
City Hotel,1,9,2016,January,5,27,0,2,2,0.0,0,BB,BEL,Online TA,TA/TO,0,0,0,A,A,0,No Deposit,9.0,0,Transient,72.8,0,0
City Hotel,1,14,2016,January,5,27,0,2,2,0.0,0,BB,BEL,Online TA,TA/TO,0,0,0,A,A,0,No Deposit,9.0,0,Transient,81.9,0,1
City Hotel,0,36,2016,January,5,27,0,3,2,0.0,0,BB,ITA,Online TA,TA/TO,0,0,0,D,D,3,No Deposit,9.0,0,Transient,88.63,0,1
City Hotel,0,39,2016,January,5,27,0,3,2,0.0,0,BB,IRL,Online TA,TA/TO,0,0,0,D,D,0,No Deposit,7.0,0,Transient,69.22,0,1
City Hotel,0,26,2016,January,5,27,1,4,2,0.0,0,SC,IRL,Online TA,TA/TO,0,0,0,A,A,0,No Deposit,9.0,0,Transient,60.0,0,1
City Hotel,0,173,2016,January,5,27,2,5,2,0.0,0,BB,DEU,Offline TA/TO,TA/TO,0,0,0,D,D,0,No Deposit,27.0,0,Transient,52.0,0,0
City Hotel,1,36,2016,January,5,28,0,2,2,0.0,0,BB,ESP,Online TA,TA/TO,0,0,0,D,D,0,No Deposit,9.0,0,Transient,87.3,0,0
City Hotel,1,86,2016,January,5,28,0,3,2,0.0,0,BB,PRT,Direct,Direct,0,0,0,D,D,0,No Deposit,14.0,0,Transient,87.0,0,0
City Hotel,1,30,2016,January,5,28,0,3,2,0.0,0,SC,ROU,Online TA,TA/TO,0,0,0,A,A,0,No Deposit,9.0,0,Transient,67.5,0,1
City Hotel,0,37,2016,January,5,28,1,3,2,0.0,0,BB,GBR,Online TA,TA/TO,0,0,0,A,A,0,No Deposit,11.0,0,Transient,58.37,0,1
City Hotel,1,23,2016,January,5,28,1,3,2,0.0,0,BB,ITA,Online TA,TA/TO,0,0,0,A,A,0,No Deposit,9.0,0,Transient,78.3,0,1
City Hotel,1,9,2016,January,5,28,1,3,2,0.0,0,BB,ITA,Online TA,TA/TO,0,0,0,A,A,0,No Deposit,9.0,0,Transient,70.4,0,0
City Hotel,0,22,2016,January,5,28,0,3,2,0.0,0,BB,ITA,Online TA,TA/TO,0,0,0,A,A,0,No Deposit,9.0,0,Transient,80.3,0,1
City Hotel,1,14,2016,January,5,28,2,4,2,0.0,0,BB,CHN,Online TA,TA/TO,0,0,0,B,B,0,No Deposit,9.0,0,Transient-Party,77.88,0,0
City Hotel,1,15,2016,January,5,28,2,4,2,0.0,0,BB,CHN,Online TA,TA/TO,0,0,0,B,B,1,No Deposit,9.0,0,Transient-Party,77.88,0,0
City Hotel,1,9,2016,January,5,29,0,1,2,0.0,0,SC,PRT,Online TA,TA/TO,0,0,0,A,A,0,No Deposit,9.0,0,Transient,75.0,0,0
City Hotel,1,25,2016,January,5,29,0,2,2,0.0,0,BB,DEU,Online TA,TA/TO,0,0,0,A,A,0,No Deposit,9.0,0,Transient,78.3,0,0
City Hotel,1,27,2016,January,5,29,0,2,2,0.0,0,SC,ESP,Online TA,TA/TO,0,0,0,A,A,0,No Deposit,9.0,0,Transient,77.0,0,1
City Hotel,1,20,2016,January,5,29,0,2,2,0.0,0,BB,POL,Online TA,TA/TO,0,0,0,D,D,2,No Deposit,9.0,0,Transient,77.6,0,0
City Hotel,1,23,2016,January,5,29,1,2,2,0.0,0,BB,BRA,Online TA,TA/TO,0,0,0,B,B,0,No Deposit,9.0,0,Transient,77.25,0,1
City Hotel,1,24,2016,January,5,29,1,2,2,0.0,0,BB,BRA,Online TA,TA/TO,0,0,0,B,B,1,No Deposit,9.0,0,Transient,77.25,0,1
City Hotel,1,24,2016,January,5,29,1,2,2,0.0,0,BB,BRA,Online TA,TA/TO,0,0,0,D,D,1,No Deposit,9.0,0,Transient,87.3,0,1
City Hotel,1,35,2016,January,5,29,1,2,2,0.0,0,BB,FRA,Online TA,TA/TO,0,0,0,D,D,0,No Deposit,9.0,0,Transient,82.45,0,1
City Hotel,0,36,2016,January,5,29,1,2,2,0.0,0,SC,JPN,Online TA,TA/TO,0,0,0,A,A,0,No Deposit,7.0,0,Transient,53.97,0,1
City Hotel,0,55,2016,January,5,29,2,2,2,0.0,0,BB,DEU,Online TA,TA/TO,0,0,0,D,D,0,No Deposit,9.0,0,Transient,84.45,0,1
City Hotel,0,44,2016,January,5,29,2,3,2,0.0,0,BB,FRA,Online TA,TA/TO,0,0,0,A,A,0,No Deposit,9.0,0,Transient,74.82,0,1
City Hotel,1,18,2016,January,5,29,3,7,2,0.0,0,SC,AGO,Online TA,TA/TO,0,0,0,A,A,2,No Deposit,9.0,0,Transient,77.2,0,0
City Hotel,1,17,2016,January,5,30,1,1,2,0.0,0,SC,NLD,Online TA,TA/TO,0,0,0,A,A,2,No Deposit,9.0,0,Transient,60.0,0,1
City Hotel,0,34,2016,January,5,30,1,1,2,0.0,0,SC,GBR,Direct,Direct,0,0,0,A,A,0,No Deposit,14.0,0,Transient,90.5,1,0
City Hotel,0,26,2016,January,5,30,1,1,2,0.0,0,BB,FRA,Online TA,TA/TO,0,0,0,A,A,0,No Deposit,8.0,0,Transient,91.0,0,1
City Hotel,1,18,2016,January,5,30,1,1,2,0.0,0,SC,FRA,Online TA,TA/TO,0,0,0,A,A,0,No Deposit,9.0,0,Transient,77.0,0,2
City Hotel,1,29,2016,January,5,30,2,1,2,0.0,0,BB,GBR,Online TA,TA/TO,0,0,0,D,D,0,No Deposit,9.0,0,Transient,77.6,0,0
City Hotel,1,16,2016,January,5,30,2,1,2,0.0,0,BB,CHE,Online TA,TA/TO,0,0,0,A,A,0,No Deposit,9.0,0,Transient,88.33,0,0
City Hotel,1,20,2016,January,5,30,2,1,2,0.0,0,SC,FRA,Online TA,TA/TO,0,0,0,A,A,0,No Deposit,9.0,0,Transient,75.0,0,0
City Hotel,0,47,2016,January,5,30,2,2,2,0.0,0,BB,BEL,Online TA,TA/TO,0,0,0,A,A,0,No Deposit,11.0,0,Transient,55.24,0,0
City Hotel,0,47,2016,January,5,30,2,2,2,0.0,0,BB,BEL,Online TA,TA/TO,0,0,0,A,A,0,No Deposit,11.0,0,Transient,55.24,0,0
City Hotel,1,10,2016,January,5,30,2,6,2,0.0,0,SC,TUR,Online TA,TA/TO,0,0,0,A,A,0,No Deposit,9.0,0,Transient,79.75,0,0
City Hotel,0,28,2016,January,6,31,2,0,2,0.0,0,BB,DEU,Online TA,TA/TO,0,0,0,A,A,0,No Deposit,9.0,0,Transient,89.0,0,1
City Hotel,0,30,2016,January,6,31,2,0,2,0.0,0,BB,GBR,Online TA,TA/TO,0,0,0,D,E,0,No Deposit,9.0,0,Transient,79.6,0,1
City Hotel,0,24,2016,January,6,31,2,1,2,0.0,0,HB,POL,Online TA,TA/TO,0,0,0,A,A,1,No Deposit,9.0,0,Transient,122.0,0,0
City Hotel,0,47,2016,January,6,31,2,2,2,0.0,0,BB,DEU,Online TA,TA/TO,0,0,0,A,A,0,No Deposit,7.0,0,Transient,58.94,0,2
City Hotel,0,47,2016,January,6,31,2,2,2,0.0,0,BB,DEU,Online TA,TA/TO,0,0,0,A,A,0,No Deposit,7.0,0,Transient,58.94,0,2
City Hotel,1,29,2016,January,6,31,2,4,2,0.0,0,BB,GBR,Online TA,TA/TO,0,0,0,A,A,0,No Deposit,9.0,0,Transient,79.75,0,1
City Hotel,0,34,2016,January,6,31,2,5,2,0.0,0,BB,PRT,Online TA,TA/TO,0,0,0,B,B,1,No Deposit,9.0,0,Transient,71.52,0,0
City Hotel,0,33,2016,January,6,31,2,5,2,0.0,0,BB,DEU,Online TA,TA/TO,0,0,0,B,B,0,No Deposit,9.0,0,Transient,71.53,0,0
City Hotel,0,27,2016,February,6,1,1,0,2,0.0,0,BB,FRA,Online TA,TA/TO,0,0,0,A,A,0,No Deposit,9.0,0,Transient,98.0,1,1
City Hotel,0,55,2016,February,6,1,1,3,2,0.0,0,BB,POL,Online TA,TA/TO,0,0,0,A,A,0,No Deposit,9.0,0,Transient,75.95,0,0
City Hotel,1,11,2016,February,6,1,2,5,2,0.0,0,SC,USA,Online TA,TA/TO,0,0,0,A,A,0,No Deposit,9.0,0,Transient,79.0,0,0
City Hotel,0,26,2016,February,6,1,1,3,2,0.0,0,BB,HUN,Online TA,TA/TO,0,0,0,D,D,0,No Deposit,9.0,0,Transient,99.0,0,1
City Hotel,0,0,2016,February,6,2,0,2,2,0.0,0,BB,FRA,Direct,Direct,0,0,0,A,A,0,No Deposit,,0,Transient,100.0,1,1
City Hotel,0,57,2016,February,6,3,0,3,2,0.0,0,BB,FRA,Online TA,TA/TO,0,0,0,A,A,0,No Deposit,7.0,0,Transient,62.29,0,1
City Hotel,0,42,2016,February,6,3,0,3,2,0.0,0,BB,BEL,Online TA,TA/TO,0,0,0,A,A,0,No Deposit,9.0,0,Transient-Party,80.3,0,1
City Hotel,1,24,2016,February,6,3,0,3,2,0.0,0,BB,BRA,Online TA,TA/TO,0,0,0,A,A,0,No Deposit,9.0,0,Transient,96.0,0,0
City Hotel,0,29,2016,February,6,3,0,3,2,0.0,0,BB,ARG,Online TA,TA/TO,0,0,0,D,D,0,No Deposit,9.0,0,Transient,104.77,1,0
City Hotel,0,42,2016,February,6,3,0,3,2,0.0,0,BB,BEL,Online TA,TA/TO,0,0,0,A,A,0,No Deposit,9.0,0,Transient-Party,80.3,0,1
City Hotel,1,20,2016,February,6,3,0,3,2,0.0,0,BB,PRT,Online TA,TA/TO,0,0,0,A,A,0,No Deposit,9.0,0,Transient,91.0,0,0
City Hotel,0,31,2016,February,6,3,0,4,2,0.0,0,BB,DEU,Online TA,TA/TO,0,0,0,D,D,0,No Deposit,9.0,0,Transient-Party,89.3,0,0
City Hotel,0,31,2016,February,6,3,0,4,2,0.0,0,BB,DEU,Online TA,TA/TO,0,0,0,A,A,0,No Deposit,9.0,0,Transient-Party,80.3,0,0
City Hotel,1,14,2016,February,6,3,6,16,2,0.0,0,SC,AGO,Online TA,TA/TO,0,0,0,A,A,0,No Deposit,9.0,0,Transient,64.05,0,0
City Hotel,1,0,2016,February,6,4,0,1,2,0.0,0,SC,ITA,Online TA,TA/TO,0,0,0,A,A,0,No Deposit,9.0,0,Transient,79.0,0,0
City Hotel,1,29,2016,February,6,4,0,1,2,0.0,0,SC,CHN,Online TA,TA/TO,0,0,0,A,A,0,No Deposit,9.0,0,Transient,75.0,0,0
City Hotel,0,58,2016,February,6,4,0,3,2,0.0,0,SC,MUS,Online TA,TA/TO,0,0,0,A,A,0,No Deposit,7.0,0,Transient,53.97,0,1
City Hotel,0,33,2016,February,6,4,0,3,2,0.0,0,BB,IRL,Online TA,TA/TO,0,0,0,A,A,0,No Deposit,9.0,0,Transient,69.5,0,0
City Hotel,1,41,2016,February,6,4,0,3,2,0.0,0,BB,DEU,Online TA,TA/TO,0,0,0,D,D,0,No Deposit,9.0,0,Transient,82.45,0,0
City Hotel,1,9,2016,February,6,4,0,3,2,0.0,0,SC,DEU,Online TA,TA/TO,0,0,0,A,A,0,No Deposit,9.0,0,Transient,79.0,0,0
City Hotel,0,31,2016,February,6,4,0,3,2,0.0,0,BB,BRA,Online TA,TA/TO,0,0,0,A,A,0,No Deposit,9.0,0,Transient,80.3,0,1
City Hotel,0,37,2016,February,6,4,1,3,2,0.0,0,SC,ITA,Online TA,TA/TO,0,0,0,A,A,0,No Deposit,9.0,0,Transient,69.5,0,1
City Hotel,0,63,2016,February,6,4,1,3,2,0.0,0,BB,ITA,Online TA,TA/TO,0,0,0,D,D,0,No Deposit,7.0,0,Transient,62.32,0,3
City Hotel,1,52,2016,February,6,4,2,3,2,0.0,0,BB,ITA,Online TA,TA/TO,0,0,0,A,A,0,No Deposit,9.0,0,Transient,73.95,0,0
City Hotel,0,53,2016,February,6,4,2,3,2,0.0,0,BB,USA,Direct,Direct,0,0,0,A,A,0,No Deposit,14.0,0,Transient,65.75,0,0
City Hotel,0,31,2016,February,6,5,0,1,2,0.0,0,BB,USA,Online TA,TA/TO,0,0,0,A,A,0,No Deposit,9.0,0,Transient,80.3,0,1
City Hotel,1,0,2016,February,6,5,0,1,2,0.0,0,BB,PRT,Direct,Direct,0,0,0,A,A,0,No Deposit,,0,Transient,12.0,0,0
City Hotel,0,31,2016,February,6,5,0,1,2,0.0,0,BB,USA,Online TA,TA/TO,0,0,0,A,A,0,No Deposit,9.0,0,Transient,89.3,1,1
City Hotel,1,0,2016,February,6,5,0,1,2,0.0,0,BB,PRT,Direct,Direct,0,0,0,A,A,0,No Deposit,,0,Transient,12.0,0,0
City Hotel,0,32,2016,February,6,5,0,2,2,0.0,0,BB,FRA,Online TA,TA/TO,0,0,0,D,D,2,No Deposit,9.0,0,Transient,89.3,0,1
City Hotel,1,6,2016,February,6,5,0,2,2,0.0,0,BB,ITA,Online TA,TA/TO,0,0,0,D,D,0,No Deposit,9.0,0,Transient-Party,106.0,0,0
City Hotel,1,31,2016,February,6,5,0,2,2,0.0,0,SC,ESP,Online TA,TA/TO,0,0,0,A,A,0,No Deposit,9.0,0,Transient,67.5,0,0
City Hotel,1,38,2016,February,6,5,0,2,2,0.0,0,BB,GBR,Online TA,TA/TO,0,0,0,D,D,0,No Deposit,9.0,0,Transient,87.3,0,1
City Hotel,0,29,2016,February,6,5,0,2,2,0.0,0,BB,PRT,Online TA,TA/TO,0,0,0,A,A,0,No Deposit,9.0,0,Transient,84.65,0,0
City Hotel,1,31,2016,February,6,5,0,2,2,0.0,0,SC,FRA,Online TA,TA/TO,0,0,0,A,A,0,No Deposit,9.0,0,Transient,67.5,0,0
City Hotel,1,8,2016,February,6,5,0,2,2,0.0,0,BB,ESP,Online TA,TA/TO,0,0,0,A,A,0,No Deposit,9.0,0,Transient,91.0,0,1
City Hotel,0,60,2016,February,6,5,1,2,2,0.0,0,BB,CHN,Online TA,TA/TO,0,0,0,A,A,0,No Deposit,9.0,0,Transient,78.3,0,0
City Hotel,0,33,2016,February,6,5,1,2,2,0.0,0,BB,FRA,Online TA,TA/TO,0,0,0,A,A,0,No Deposit,9.0,0,Transient,80.3,0,1
City Hotel,0,55,2016,February,6,5,1,2,2,0.0,0,BB,FRA,Online TA,TA/TO,0,0,0,A,A,0,No Deposit,7.0,0,Transient,59.28,0,1
City Hotel,1,7,2016,February,6,5,1,2,2,0.0,0,SC,BRA,Online TA,TA/TO,0,0,0,A,A,0,No Deposit,9.0,0,Transient,79.0,0,0
City Hotel,1,43,2016,February,6,5,1,2,2,0.0,0,BB,BEL,Online TA,TA/TO,0,0,0,B,B,1,No Deposit,9.0,0,Transient,69.52,0,0
City Hotel,0,30,2016,February,6,5,2,2,2,0.0,0,BB,DEU,Online TA,TA/TO,0,0,0,D,D,0,No Deposit,9.0,0,Transient,89.3,0,1
City Hotel,1,4,2016,February,6,5,2,2,2,0.0,0,BB,ITA,Online TA,TA/TO,0,0,0,A,A,0,No Deposit,9.0,0,Transient,91.0,0,0
City Hotel,1,4,2016,February,6,5,2,2,2,0.0,0,SC,AGO,Online TA,TA/TO,0,0,0,A,A,0,No Deposit,9.0,0,Transient,81.0,0,0
City Hotel,0,41,2016,February,6,5,2,3,2,0.0,0,BB,ROU,Online TA,TA/TO,0,0,0,A,A,0,No Deposit,9.0,0,Transient,79.43,0,0
City Hotel,1,13,2016,February,6,5,2,4,2,0.0,0,SC,AGO,Online TA,TA/TO,0,0,0,A,A,0,No Deposit,9.0,0,Transient,79.0,0,0
City Hotel,1,16,2016,February,6,5,2,6,2,0.0,0,SC,CHN,Online TA,TA/TO,0,0,0,A,A,0,No Deposit,9.0,0,Transient,63.2,0,0
City Hotel,0,32,2016,February,6,6,0,1,2,0.0,0,BB,PRT,Direct,Direct,0,0,0,A,A,0,No Deposit,14.0,0,Transient,69.5,0,0
City Hotel,1,21,2016,February,6,6,0,1,2,0.0,0,BB,ESP,Online TA,TA/TO,0,0,0,A,A,0,No Deposit,9.0,0,Transient,91.0,0,0
City Hotel,0,48,2016,February,6,6,0,1,2,0.0,0,BB,CHE,Online TA,TA/TO,0,0,0,A,A,0,No Deposit,9.0,0,Transient,80.3,0,0
City Hotel,1,32,2016,February,6,6,0,1,2,0.0,0,BB,PRT,Online TA,TA/TO,0,0,0,A,A,0,No Deposit,9.0,0,Transient,78.3,0,0
City Hotel,1,32,2016,February,6,6,1,1,2,0.0,0,SC,BRA,Online TA,TA/TO,0,0,0,A,A,0,No Deposit,9.0,0,Transient,67.5,0,2
City Hotel,0,33,2016,February,6,6,1,1,2,0.0,0,BB,ESP,Online TA,TA/TO,0,0,0,D,D,0,No Deposit,9.0,0,Transient,98.3,1,1
City Hotel,1,85,2016,February,6,6,1,1,2,0.0,0,BB,PRT,Offline TA/TO,TA/TO,0,0,0,A,D,1,No Deposit,28.0,0,Contract,57.0,0,0
City Hotel,1,27,2016,February,6,6,1,1,2,0.0,0,SC,NLD,Online TA,TA/TO,0,0,0,A,A,0,No Deposit,9.0,0,Transient,75.0,0,0
City Hotel,0,37,2016,February,6,6,1,1,2,0.0,0,BB,PRT,Online TA,TA/TO,0,0,0,B,B,0,No Deposit,9.0,0,Transient-Party,81.55,1,1
City Hotel,1,32,2016,February,6,6,1,1,2,0.0,0,SC,BRA,Online TA,TA/TO,0,0,0,A,A,0,No Deposit,9.0,0,Transient,67.5,0,1
City Hotel,0,31,2016,February,6,6,2,1,2,0.0,0,SC,ITA,Online TA,TA/TO,0,0,0,A,A,0,No Deposit,9.0,0,Transient-Party,69.5,0,1
City Hotel,0,31,2016,February,6,6,2,1,2,0.0,0,SC,ITA,Online TA,TA/TO,0,0,0,A,A,0,No Deposit,9.0,0,Transient-Party,69.5,0,1
City Hotel,0,31,2016,February,6,6,2,1,2,0.0,0,SC,ITA,Online TA,TA/TO,0,0,0,A,A,0,No Deposit,9.0,0,Transient-Party,69.5,0,1
City Hotel,0,45,2016,February,6,6,2,2,2,0.0,0,BB,CHE,Online TA,TA/TO,0,0,0,A,A,0,No Deposit,11.0,0,Transient,55.24,0,1
City Hotel,0,49,2016,February,6,6,2,2,2,0.0,0,BB,NLD,Online TA,TA/TO,0,0,0,D,D,0,No Deposit,9.0,0,Transient,84.45,0,2
City Hotel,0,31,2016,February,6,6,2,2,2,0.0,0,SC,GBR,Online TA,TA/TO,0,0,0,A,A,0,No Deposit,11.0,0,Transient,50.6,0,0
City Hotel,0,38,2016,February,6,6,2,2,2,0.0,0,SC,NLD,Online TA,TA/TO,0,0,0,A,A,0,No Deposit,7.0,0,Transient,53.97,0,2
City Hotel,1,58,2016,February,6,6,2,2,2,0.0,0,BB,DEU,Online TA,TA/TO,0,0,0,A,A,0,No Deposit,9.0,0,Transient,73.95,0,0
City Hotel,1,4,2016,February,6,6,2,4,2,0.0,0,SC,SEN,Online TA,TA/TO,0,0,0,A,A,2,No Deposit,9.0,0,Transient,81.0,0,0
City Hotel,1,3,2016,February,6,6,2,6,2,0.0,0,SC,BRA,Online TA,TA/TO,0,0,0,A,A,0,No Deposit,9.0,0,Transient,79.0,0,0
City Hotel,1,12,2016,February,7,7,1,0,2,0.0,0,BB,THA,Online TA,TA/TO,0,0,0,A,A,0,No Deposit,9.0,0,Transient,93.0,0,2
City Hotel,1,12,2016,February,7,7,1,0,2,0.0,0,BB,THA,Online TA,TA/TO,0,0,0,A,A,0,No Deposit,9.0,0,Transient,93.0,0,2
City Hotel,1,12,2016,February,7,7,1,0,2,0.0,0,BB,THA,Online TA,TA/TO,0,0,0,A,A,0,No Deposit,9.0,0,Transient,93.0,0,1
City Hotel,1,12,2016,February,7,7,1,0,2,0.0,0,BB,THA,Online TA,TA/TO,0,0,0,A,A,0,No Deposit,9.0,0,Transient,93.0,0,2
City Hotel,1,31,2016,February,7,7,2,0,2,0.0,0,BB,BEL,Online TA,TA/TO,0,0,0,A,A,0,No Deposit,9.0,0,Transient,78.3,0,0
City Hotel,1,3,2016,February,7,7,2,0,2,0.0,0,SC,ESP,Online TA,TA/TO,0,0,0,A,A,0,No Deposit,9.0,0,Transient,79.0,0,0
City Hotel,1,47,2016,February,7,7,2,0,2,0.0,0,BB,PRT,Online TA,TA/TO,0,0,0,A,A,0,No Deposit,9.0,0,Transient,78.3,0,1
City Hotel,1,12,2016,February,7,7,2,1,2,0.0,0,HB,BEL,Online TA,TA/TO,0,0,0,A,A,0,No Deposit,9.0,0,Transient,129.0,0,0
City Hotel,0,35,2016,February,7,7,2,1,2,0.0,0,BB,BEL,Direct,Direct,0,0,0,A,A,0,No Deposit,14.0,0,Transient,69.5,0,0
City Hotel,0,33,2016,February,7,7,2,2,2,0.0,0,BB,DEU,Online TA,TA/TO,0,0,0,D,D,0,No Deposit,7.0,0,Transient,61.75,0,1
City Hotel,1,14,2016,February,7,7,2,2,2,0.0,0,BB,NLD,Online TA,TA/TO,0,0,0,A,A,0,No Deposit,9.0,0,Transient,91.0,0,1
City Hotel,0,35,2016,February,7,7,2,2,2,0.0,0,BB,ITA,Online TA,TA/TO,0,0,0,A,A,0,No Deposit,9.0,0,Transient,80.3,0,1
City Hotel,0,46,2016,February,7,7,2,3,2,0.0,0,BB,DEU,Direct,Direct,0,0,0,B,B,1,No Deposit,14.0,0,Transient,65.11,0,0
City Hotel,1,46,2016,February,7,7,2,3,2,0.0,0,BB,DEU,Direct,Direct,0,0,0,D,D,0,No Deposit,14.0,0,Transient,79.35,0,1
City Hotel,0,33,2016,February,7,8,1,0,2,0.0,0,BB,BEL,Online TA,TA/TO,0,0,0,A,A,0,No Deposit,9.0,0,Transient,80.3,0,1
City Hotel,0,39,2016,February,7,8,1,1,2,0.0,0,BB,CHN,Online TA,TA/TO,0,0,0,A,A,0,No Deposit,15.0,0,Transient,64.64,0,1
City Hotel,0,57,2016,February,7,8,1,2,2,0.0,0,BB,BRA,Online TA,TA/TO,0,0,0,B,B,0,No Deposit,9.0,0,Transient,23.0,0,0
City Hotel,0,56,2016,February,7,8,1,2,2,0.0,0,BB,BRA,Online TA,TA/TO,0,0,0,B,B,0,No Deposit,9.0,0,Transient,71.52,0,0
City Hotel,0,33,2016,February,7,8,1,3,2,0.0,0,BB,PRT,Online TA,TA/TO,0,0,0,A,A,0,No Deposit,9.0,0,Transient,80.3,0,1
City Hotel,0,37,2016,February,7,8,1,4,2,0.0,0,SC,FRA,Online TA,TA/TO,0,0,0,A,A,0,No Deposit,9.0,0,Transient,78.5,1,1
City Hotel,0,54,2016,February,7,8,1,4,2,0.0,0,BB,DEU,Online TA,TA/TO,0,0,0,A,A,0,No Deposit,9.0,0,Transient,75.95,0,1
City Hotel,1,1,2016,February,7,9,0,1,2,0.0,0,SC,ESP,Online TA,TA/TO,0,0,0,A,A,0,No Deposit,9.0,0,Transient,81.0,0,1
City Hotel,1,1,2016,February,7,9,0,1,2,0.0,0,SC,ESP,Online TA,TA/TO,0,0,0,A,A,0,No Deposit,9.0,0,Transient,79.0,0,0
City Hotel,0,66,2016,February,7,9,0,3,2,0.0,0,BB,POL,Online TA,TA/TO,0,0,0,B,B,1,No Deposit,9.0,0,Transient-Party,80.55,1,1
City Hotel,1,34,2016,February,7,9,0,4,2,0.0,0,SC,LUX,Online TA,TA/TO,0,0,0,A,A,0,No Deposit,9.0,0,Transient,67.5,0,0
City Hotel,0,45,2016,February,7,9,0,4,2,0.0,0,BB,FRA,Direct,Direct,0,0,0,A,A,0,No Deposit,14.0,0,Transient,65.75,0,1
City Hotel,1,35,2016,February,7,9,0,5,2,0.0,0,SC,BRA,Online TA,TA/TO,0,0,0,A,A,0,No Deposit,9.0,0,Transient,67.5,0,1
City Hotel,1,3,2016,February,7,9,0,3,2,0.0,0,BB,FRA,Online TA,TA/TO,0,0,0,A,A,0,No Deposit,9.0,0,Transient,100.0,0,1
City Hotel,1,0,2016,February,7,10,0,1,2,0.0,0,BB,PRT,Complementary,Direct,0,0,0,E,E,0,No Deposit,,0,Transient,0.0,0,2
City Hotel,1,34,2016,February,7,10,0,2,2,0.0,0,BB,PRT,Direct,Direct,0,0,0,A,A,0,No Deposit,,0,Transient,67.5,0,1
City Hotel,1,119,2016,February,7,10,0,3,2,0.0,0,BB,PRT,Online TA,TA/TO,0,0,0,B,B,0,No Deposit,8.0,0,Transient,81.0,0,1
City Hotel,1,119,2016,February,7,10,0,3,2,0.0,0,BB,PRT,Online TA,TA/TO,0,0,0,B,B,0,No Deposit,8.0,0,Transient,81.0,0,1
City Hotel,0,39,2016,February,7,10,0,3,2,0.0,0,BB,CN,Online TA,TA/TO,0,0,0,A,A,0,No Deposit,7.0,0,Transient,57.28,0,1
City Hotel,1,35,2016,February,7,10,0,4,2,0.0,0,BB,ESP,Online TA,TA/TO,0,0,0,A,A,0,No Deposit,9.0,0,Transient,87.3,0,0
City Hotel,1,23,2016,February,7,10,0,4,2,0.0,0,BB,MAR,Online TA,TA/TO,0,0,0,A,A,0,No Deposit,9.0,0,Transient,72.8,0,0
City Hotel,1,20,2016,February,7,10,0,4,2,0.0,0,SC,IND,Online TA,TA/TO,0,0,0,A,A,0,No Deposit,9.0,0,Transient,63.2,0,0
City Hotel,0,37,2016,February,7,10,1,4,2,0.0,0,BB,FRA,Online TA,TA/TO,0,0,0,A,A,0,No Deposit,9.0,0,Transient,80.3,0,1
City Hotel,1,29,2016,February,7,10,7,19,2,0.0,0,SC,AGO,Online TA,TA/TO,0,0,0,A,A,0,No Deposit,9.0,0,Transient,68.34,0,0
City Hotel,1,2,2016,February,7,11,0,2,2,0.0,0,SC,PRT,Direct,Direct,0,0,0,A,A,0,No Deposit,14.0,0,Transient,79.0,0,0
City Hotel,0,48,2016,February,7,11,0,2,2,0.0,0,BB,DEU,Online TA,TA/TO,0,0,0,A,A,0,No Deposit,8.0,0,Transient,89.3,0,0
City Hotel,0,37,2016,February,7,11,0,3,2,0.0,0,BB,ESP,Online TA,TA/TO,0,0,0,A,A,0,No Deposit,9.0,0,Transient,89.3,1,0
City Hotel,0,70,2016,February,7,11,0,3,2,0.0,0,BB,ITA,Direct,Direct,0,0,0,D,D,0,No Deposit,14.0,0,Transient,76.5,0,0
City Hotel,0,57,2016,February,7,11,0,3,2,0.0,0,BB,POL,Online TA,TA/TO,0,0,0,A,A,0,No Deposit,9.0,0,Transient,80.3,0,0
City Hotel,1,35,2016,February,7,11,0,3,2,0.0,0,SC,USA,Online TA,TA/TO,0,0,0,A,A,0,No Deposit,9.0,0,Transient,67.5,0,0
City Hotel,0,50,2016,February,7,11,1,3,2,0.0,0,SC,CHE,Online TA,TA/TO,0,0,0,A,A,0,No Deposit,7.0,0,Transient,51.09,0,1
City Hotel,1,24,2016,February,7,11,1,3,2,0.0,0,BB,GBR,Online TA,TA/TO,0,0,0,A,A,0,No Deposit,9.0,0,Transient,91.0,0,0
City Hotel,1,7,2016,February,7,11,1,3,2,0.0,0,BB,PRT,Groups,TA/TO,0,0,0,A,A,1,No Deposit,37.0,0,Transient,60.0,0,0
City Hotel,0,41,2016,February,7,11,1,3,2,0.0,0,BB,GBR,Direct,Direct,0,0,0,B,B,1,No Deposit,14.0,0,Transient-Party,67.15,0,0
City Hotel,0,35,2016,February,7,11,1,3,2,0.0,0,BB,LTU,Online TA,TA/TO,0,0,0,A,A,0,No Deposit,15.0,0,Transient,61.16,0,0
City Hotel,0,44,2016,February,7,11,1,3,2,0.0,0,BB,CZE,Direct,Direct,0,0,0,A,A,0,No Deposit,14.0,0,Transient,67.5,0,0
City Hotel,1,70,2016,February,7,11,0,3,2,0.0,0,SC,ITA,Online TA,TA/TO,0,0,0,A,A,1,No Deposit,9.0,0,Transient,78.3,0,1
City Hotel,0,39,2016,February,7,11,2,3,2,0.0,0,BB,BEL,Online TA,TA/TO,0,0,0,A,A,0,No Deposit,9.0,0,Transient,80.3,0,1
City Hotel,1,38,2016,February,7,11,2,3,2,0.0,0,SC,DEU,Online TA,TA/TO,0,0,0,A,A,0,No Deposit,9.0,0,Transient,67.5,0,0
City Hotel,1,14,2016,February,7,12,0,1,2,0.0,0,SC,BRA,Online TA,TA/TO,0,0,0,A,A,0,No Deposit,9.0,0,Transient,79.0,0,1
City Hotel,1,35,2016,February,7,12,0,2,2,0.0,0,SC,ITA,Online TA,TA/TO,0,0,0,A,A,0,No Deposit,9.0,0,Transient,67.5,0,0
City Hotel,1,15,2016,February,7,12,0,2,2,0.0,0,SC,AUS,Online TA,TA/TO,0,0,0,A,A,0,No Deposit,9.0,0,Transient,79.0,0,0
City Hotel,1,44,2016,February,7,12,0,2,2,0.0,0,SC,GBR,Online TA,TA/TO,0,0,0,A,A,0,No Deposit,9.0,0,Transient,67.5,0,0
City Hotel,1,15,2016,February,7,12,0,2,2,0.0,0,SC,AUS,Online TA,TA/TO,0,0,0,A,A,0,No Deposit,9.0,0,Transient,79.0,0,0
City Hotel,1,9,2016,February,7,12,0,2,2,0.0,0,SC,ESP,Online TA,TA/TO,0,0,0,A,A,0,No Deposit,9.0,0,Transient,79.0,0,1
City Hotel,1,15,2016,February,7,12,0,2,2,0.0,0,SC,AUS,Online TA,TA/TO,0,0,0,A,A,0,No Deposit,9.0,0,Transient,79.0,0,0
City Hotel,1,15,2016,February,7,12,0,2,2,0.0,0,SC,AUS,Online TA,TA/TO,0,0,0,A,A,0,No Deposit,9.0,0,Transient,79.0,0,0
City Hotel,1,5,2016,February,7,12,0,2,2,0.0,0,BB,PRT,Online TA,TA/TO,0,0,0,A,A,0,No Deposit,8.0,0,Transient,91.0,0,1
City Hotel,1,12,2016,February,7,12,0,2,2,0.0,0,BB,ESP,Online TA,TA/TO,0,0,0,D,D,0,No Deposit,9.0,0,Transient,106.0,0,1
City Hotel,1,15,2016,February,7,12,0,2,2,0.0,0,SC,AUS,Online TA,TA/TO,0,0,0,A,A,0,No Deposit,9.0,0,Transient,79.0,0,0
City Hotel,1,7,2016,February,7,12,0,2,2,0.0,0,BB,DEU,Online TA,TA/TO,0,0,0,D,D,0,No Deposit,9.0,0,Transient,106.0,0,0
City Hotel,1,15,2016,February,7,12,0,2,2,0.0,0,SC,AUS,Online TA,TA/TO,0,0,0,A,A,0,No Deposit,9.0,0,Transient,79.0,0,0
City Hotel,1,15,2016,February,7,12,0,2,2,0.0,0,SC,AUS,Online TA,TA/TO,0,0,0,A,A,0,No Deposit,9.0,0,Transient,79.0,0,0
City Hotel,1,20,2016,February,7,12,0,2,2,0.0,0,SC,ITA,Online TA,TA/TO,0,0,0,A,A,0,No Deposit,9.0,0,Transient,79.0,0,0
City Hotel,0,50,2016,February,7,12,0,2,2,0.0,0,BB,DEU,Online TA,TA/TO,0,0,0,A,A,0,No Deposit,7.0,0,Transient,62.29,0,1
City Hotel,1,35,2016,February,7,12,0,2,2,0.0,0,SC,ITA,Online TA,TA/TO,0,0,0,A,A,0,No Deposit,9.0,0,Transient,67.5,0,0
City Hotel,1,19,2016,February,7,12,0,2,2,0.0,0,BB,ITA,Online TA,TA/TO,0,0,0,A,A,0,No Deposit,9.0,0,Transient,91.0,0,1
City Hotel,1,15,2016,February,7,12,0,2,2,0.0,0,SC,AUS,Online TA,TA/TO,0,0,0,A,A,0,No Deposit,9.0,0,Transient,79.0,0,0
City Hotel,1,40,2016,February,7,12,1,2,2,0.0,0,BB,FRA,Online TA,TA/TO,0,0,0,A,A,0,No Deposit,9.0,0,Transient,78.3,0,1
City Hotel,0,42,2016,February,7,12,1,2,2,0.0,0,BB,PRT,Online TA,TA/TO,0,0,0,A,A,0,No Deposit,9.0,0,Transient,71.6,0,0
City Hotel,1,17,2016,February,7,12,1,2,2,0.0,0,BB,FRA,Online TA,TA/TO,0,0,0,A,A,0,No Deposit,9.0,0,Transient,93.0,0,0
City Hotel,1,6,2016,February,7,12,1,2,2,0.0,0,BB,PRT,Online TA,TA/TO,0,0,0,D,D,0,No Deposit,9.0,0,Transient,106.0,0,2
City Hotel,0,37,2016,February,7,12,1,2,2,0.0,0,BB,PRT,Online TA,TA/TO,0,0,0,B,B,1,No Deposit,9.0,0,Transient,71.55,0,0
City Hotel,1,23,2016,February,7,12,1,2,2,0.0,0,SC,ITA,Online TA,TA/TO,0,0,0,A,A,0,No Deposit,9.0,0,Transient,79.0,0,1
City Hotel,1,23,2016,February,7,12,1,2,2,0.0,0,BB,NLD,Online TA,TA/TO,0,0,0,A,A,0,No Deposit,9.0,0,Transient,72.8,0,0
City Hotel,1,41,2016,February,7,12,1,2,2,0.0,0,SC,DEU,Online TA,TA/TO,0,0,0,A,A,0,No Deposit,9.0,0,Transient,67.5,0,1
City Hotel,0,41,2016,February,7,12,1,2,2,0.0,0,BB,PRT,Online TA,TA/TO,0,0,0,A,A,0,No Deposit,9.0,0,Transient,80.3,0,0
City Hotel,1,18,2016,February,7,12,1,2,2,0.0,0,SC,GBR,Online TA,TA/TO,0,0,0,A,A,0,No Deposit,9.0,0,Transient,79.0,0,0
City Hotel,1,19,2016,February,7,12,1,2,2,0.0,0,HB,ESP,Online TA,TA/TO,0,0,0,A,A,0,No Deposit,9.0,0,Transient,138.0,0,1
City Hotel,1,23,2016,February,7,12,1,2,2,0.0,0,SC,ITA,Online TA,TA/TO,0,0,0,A,A,0,No Deposit,9.0,0,Transient,79.0,0,1
City Hotel,1,64,2016,February,7,12,2,2,2,0.0,0,BB,CHE,Online TA,TA/TO,0,0,0,A,A,0,No Deposit,9.0,0,Transient,73.95,0,0
City Hotel,1,64,2016,February,7,12,2,2,2,0.0,0,BB,CHE,Online TA,TA/TO,0,0,0,A,A,0,No Deposit,9.0,0,Transient,73.95,0,0
City Hotel,1,38,2016,February,7,12,2,2,2,0.0,0,BB,FRA,Online TA,TA/TO,0,0,0,A,A,0,No Deposit,9.0,0,Transient,78.3,0,1
City Hotel,0,154,2016,February,7,12,1,2,2,0.0,0,BB,PRT,Offline TA/TO,TA/TO,0,0,0,D,D,0,No Deposit,28.0,0,Transient,62.0,0,1
City Hotel,1,22,2016,February,7,12,2,2,2,0.0,0,BB,USA,Online TA,TA/TO,0,0,0,D,D,0,No Deposit,9.0,0,Transient,80.8,0,0
City Hotel,0,37,2016,February,7,12,2,3,2,0.0,0,BB,GBR,Online TA,TA/TO,0,0,0,D,D,0,No Deposit,9.0,0,Transient,87.3,0,0
City Hotel,1,9,2016,February,7,12,3,7,2,0.0,0,BB,SAU,Online TA,TA/TO,0,0,0,A,A,0,No Deposit,9.0,0,Transient,91.0,0,0
City Hotel,1,5,2016,February,7,12,4,8,2,0.0,0,BB,SAU,Online TA,TA/TO,0,0,0,D,D,0,No Deposit,9.0,0,Transient,106.83,0,0
City Hotel,1,17,2016,February,7,13,0,1,2,0.0,0,BB,PRT,Direct,Direct,0,0,0,D,D,0,No Deposit,14.0,0,Transient,95.0,0,2
City Hotel,0,38,2016,February,7,13,0,1,2,0.0,0,BB,DEU,Online TA,TA/TO,0,0,0,B,B,1,No Deposit,9.0,0,Transient-Party,69.52,0,0
City Hotel,0,159,2016,February,7,13,0,1,2,0.0,0,BB,FRA,Offline TA/TO,TA/TO,0,0,0,A,A,0,No Deposit,22.0,0,Transient,70.0,0,0
City Hotel,1,36,2016,February,7,13,0,1,2,0.0,0,SC,CHN,Online TA,TA/TO,0,0,0,A,A,0,No Deposit,9.0,0,Transient,67.5,0,0
City Hotel,0,37,2016,February,7,13,0,1,2,0.0,0,BB,DEU,Online TA,TA/TO,0,0,0,B,B,0,No Deposit,9.0,0,Transient-Party,69.53,0,0
City Hotel,1,2,2016,February,7,13,0,1,2,0.0,0,SC,BRA,Online TA,TA/TO,0,0,0,A,A,0,No Deposit,9.0,0,Transient,79.0,0,0
City Hotel,0,159,2016,February,7,13,0,1,2,0.0,0,BB,FRA,Offline TA/TO,TA/TO,0,0,0,A,A,0,No Deposit,22.0,0,Transient,70.0,0,0
City Hotel,1,85,2016,February,7,13,0,1,2,0.0,0,BB,PRT,Online TA,TA/TO,0,0,0,A,A,0,No Deposit,9.0,0,Contract,87.0,0,0
City Hotel,1,30,2016,February,7,13,0,1,2,0.0,0,BB,PRT,Online TA,TA/TO,0,0,0,A,A,0,No Deposit,9.0,0,Transient,81.9,0,0
City Hotel,1,4,2016,February,7,13,0,1,2,0.0,0,BB,PRT,Online TA,TA/TO,0,0,0,A,A,0,No Deposit,9.0,0,Transient,91.0,0,0
City Hotel,1,25,2016,February,7,13,0,1,2,0.0,0,BB,FRA,Online TA,TA/TO,0,0,0,A,A,0,No Deposit,9.0,0,Transient,91.0,0,0
City Hotel,0,159,2016,February,7,13,0,1,2,0.0,0,BB,FRA,Offline TA/TO,TA/TO,0,0,0,A,A,0,No Deposit,22.0,0,Transient,70.0,0,0
City Hotel,1,2,2016,February,7,13,0,1,2,0.0,0,SC,PRT,Online TA,TA/TO,0,0,0,A,A,0,No Deposit,9.0,0,Transient,79.0,0,1
City Hotel,0,39,2016,February,7,13,0,1,2,0.0,0,SC,PRT,Online TA,TA/TO,0,0,0,A,A,0,No Deposit,9.0,0,Transient,67.5,0,0
City Hotel,1,46,2016,February,7,13,0,1,2,0.0,0,SC,PRT,Online TA,TA/TO,0,0,0,A,A,0,No Deposit,11.0,0,Transient,48.6,0,0
City Hotel,1,30,2016,February,7,13,0,1,2,0.0,0,BB,PRT,Online TA,TA/TO,0,0,0,A,A,0,No Deposit,9.0,0,Transient,81.9,0,0
City Hotel,1,0,2016,February,7,13,1,1,2,0.0,0,BB,PRT,Online TA,TA/TO,0,0,0,D,E,0,No Deposit,9.0,0,Transient-Party,106.0,0,0
City Hotel,1,21,2016,February,7,13,1,1,2,0.0,0,BB,ITA,Online TA,TA/TO,0,0,0,A,A,0,No Deposit,9.0,0,Transient,91.0,0,0
City Hotel,0,68,2016,February,7,13,1,1,2,0.0,0,BB,FRA,Online TA,TA/TO,0,0,0,A,A,0,No Deposit,9.0,0,Transient,78.3,0,1
City Hotel,1,0,2016,February,7,13,1,1,2,0.0,0,BB,PRT,Online TA,TA/TO,0,0,0,D,F,0,No Deposit,9.0,0,Transient-Party,106.0,0,0
City Hotel,1,0,2016,February,7,13,1,1,2,0.0,0,BB,PRT,Online TA,TA/TO,0,0,0,D,E,0,No Deposit,9.0,0,Transient-Party,106.0,0,0
City Hotel,1,21,2016,February,7,13,1,1,2,0.0,0,BB,ITA,Online TA,TA/TO,0,0,0,A,A,0,No Deposit,9.0,0,Transient,91.0,0,0
City Hotel,1,68,2016,February,7,13,1,1,2,0.0,0,BB,FRA,Online TA,TA/TO,0,0,0,A,A,0,No Deposit,9.0,0,Transient,78.3,0,0
City Hotel,0,39,2016,February,7,13,1,1,2,0.0,0,BB,ITA,Online TA,TA/TO,0,0,0,A,A,0,No Deposit,9.0,0,Transient,78.3,0,1
City Hotel,1,0,2016,February,7,13,1,1,2,0.0,0,BB,PRT,Online TA,TA/TO,0,0,0,D,E,0,No Deposit,9.0,0,Transient-Party,106.0,0,0
City Hotel,1,0,2016,February,7,13,1,1,2,0.0,0,BB,PRT,Online TA,TA/TO,0,0,0,D,E,0,No Deposit,9.0,0,Transient-Party,106.0,0,0
City Hotel,1,5,2016,February,7,13,2,1,2,0.0,0,SC,IND,Online TA,TA/TO,0,0,0,A,A,0,No Deposit,9.0,0,Transient,79.0,0,0
City Hotel,0,60,2016,February,7,13,2,1,2,0.0,0,BB,IRL,Direct,Direct,0,0,0,A,A,0,No Deposit,14.0,0,Transient,67.5,0,0
City Hotel,1,38,2016,February,7,13,2,1,2,0.0,0,SC,BRA,Online TA,TA/TO,0,0,0,A,A,0,No Deposit,9.0,0,Transient,67.5,0,0
City Hotel,0,39,2016,February,7,13,2,1,2,0.0,0,SC,PRT,Online TA,TA/TO,0,0,0,A,A,0,No Deposit,9.0,0,Transient,67.5,0,1
City Hotel,0,38,2016,February,7,13,2,1,2,0.0,0,BB,FRA,Direct,Direct,0,0,0,A,A,0,No Deposit,14.0,0,Transient-Party,67.5,0,0
City Hotel,1,10,2016,February,7,13,2,1,2,0.0,0,SC,TUR,Online TA,TA/TO,0,0,0,A,A,0,No Deposit,9.0,0,Transient,79.0,0,0
City Hotel,0,38,2016,February,7,13,2,1,2,0.0,0,BB,FRA,Direct,Direct,0,0,0,A,A,0,No Deposit,14.0,0,Transient-Party,67.5,0,0
City Hotel,1,4,2016,February,8,14,1,0,2,0.0,0,SC,PRT,Offline TA/TO,TA/TO,0,0,0,A,A,0,No Deposit,118.0,0,Transient,60.4,0,0
City Hotel,1,1,2016,February,8,14,1,0,2,0.0,0,SC,PRT,Online TA,TA/TO,0,0,0,A,A,0,No Deposit,9.0,0,Transient,79.0,0,0
City Hotel,1,1,2016,February,8,14,1,0,2,0.0,0,SC,PRT,Online TA,TA/TO,0,0,0,A,A,0,No Deposit,9.0,0,Transient,79.0,0,0
City Hotel,1,1,2016,February,8,14,1,0,2,0.0,0,SC,PRT,Online TA,TA/TO,0,0,0,A,A,0,No Deposit,9.0,0,Transient,79.0,0,0
City Hotel,1,1,2016,February,8,14,1,0,2,0.0,0,SC,PRT,Online TA,TA/TO,0,0,0,A,A,0,No Deposit,9.0,0,Transient,79.0,0,0
City Hotel,0,43,2016,February,8,14,2,1,2,0.0,0,BB,GBR,Online TA,TA/TO,0,0,0,D,D,0,No Deposit,9.0,0,Transient,87.97,0,0
City Hotel,0,54,2016,February,8,14,2,1,2,0.0,0,BB,FRA,Direct,Direct,0,0,0,A,D,0,No Deposit,14.0,0,Transient,69.5,0,2
City Hotel,1,40,2016,February,8,14,2,1,2,0.0,0,SC,RUS,Online TA,TA/TO,0,0,0,A,A,0,No Deposit,9.0,0,Transient,67.5,0,1
City Hotel,1,17,2016,February,8,14,2,1,2,0.0,0,BB,HUN,Online TA,TA/TO,0,0,0,A,A,0,No Deposit,9.0,0,Transient,91.0,0,1
City Hotel,1,25,2016,February,8,14,2,1,2,0.0,0,BB,CHN,Online TA,TA/TO,0,0,0,A,A,0,No Deposit,9.0,0,Transient,72.8,0,0
City Hotel,0,42,2016,February,8,14,2,3,2,0.0,0,BB,PRT,Online TA,TA/TO,0,0,0,D,D,0,No Deposit,9.0,0,Transient,90.76,0,1
City Hotel,1,40,2016,February,8,14,2,5,2,0.0,0,SC,CPV,Online TA,TA/TO,0,0,0,A,A,0,No Deposit,9.0,0,Transient,77.23,0,0
City Hotel,1,33,2016,February,8,15,1,0,2,0.0,0,SC,BRA,Online TA,TA/TO,0,0,0,A,A,0,No Deposit,9.0,0,Transient,67.5,0,0
City Hotel,0,62,2016,February,8,15,1,1,2,0.0,0,SC,CHE,Online TA,TA/TO,0,0,0,A,A,0,No Deposit,11.0,0,Transient,48.6,0,0
City Hotel,0,62,2016,February,8,15,1,1,2,0.0,0,SC,CHE,Online TA,TA/TO,0,0,0,A,A,0,No Deposit,11.0,0,Transient,48.6,0,0
City Hotel,1,39,2016,February,8,15,1,1,2,0.0,0,SC,CHN,Online TA,TA/TO,0,0,0,A,A,0,No Deposit,9.0,0,Transient,67.5,0,0
City Hotel,0,63,2016,February,8,15,1,3,2,0.0,0,BB,GBR,Online TA,TA/TO,0,0,0,B,B,1,No Deposit,9.0,0,Transient,65.66,0,1
City Hotel,0,62,2016,February,8,15,1,3,2,0.0,0,BB,GBR,Online TA,TA/TO,0,0,0,B,B,0,No Deposit,9.0,0,Transient,65.66,0,1
City Hotel,1,19,2016,February,8,15,1,4,2,0.0,0,BB,ESP,Online TA,TA/TO,0,0,0,A,A,0,No Deposit,9.0,0,Transient,91.0,0,2
City Hotel,0,71,2016,February,8,15,1,4,2,0.0,0,BB,DEU,Online TA,TA/TO,0,0,0,D,D,0,No Deposit,7.0,0,Transient,63.49,0,1
City Hotel,1,6,2016,February,8,16,0,1,2,0.0,0,BB,PRT,Online TA,TA/TO,0,0,0,A,A,0,No Deposit,9.0,0,Transient,91.0,0,1
City Hotel,1,15,2016,February,8,16,0,2,2,0.0,0,BB,ITA,Online TA,TA/TO,0,0,0,A,A,0,No Deposit,9.0,0,Transient,91.0,0,1
City Hotel,1,15,2016,February,8,16,0,2,2,0.0,0,BB,ITA,Online TA,TA/TO,0,0,0,A,A,0,No Deposit,9.0,0,Transient,91.0,0,1
City Hotel,1,3,2016,February,8,16,0,4,2,0.0,0,BB,ESP,Online TA,TA/TO,0,0,0,D,D,0,No Deposit,9.0,0,Transient,106.0,0,0
City Hotel,1,17,2016,February,8,16,0,4,2,0.0,0,SC,CHN,Online TA,TA/TO,0,0,0,A,A,0,No Deposit,9.0,0,Transient,79.0,0,2
City Hotel,1,3,2016,February,8,16,0,4,2,0.0,0,BB,ESP,Online TA,TA/TO,0,0,0,D,D,0,No Deposit,9.0,0,Transient,106.0,0,0
City Hotel,1,44,2016,February,8,17,0,3,2,0.0,0,BB,PRT,Offline TA/TO,TA/TO,0,0,0,A,A,0,Non Refund,44.0,3,Transient,75.0,0,0
City Hotel,1,44,2016,February,8,17,0,3,2,0.0,0,BB,PRT,Offline TA/TO,TA/TO,0,0,0,A,A,0,Non Refund,44.0,3,Transient,75.0,0,0
City Hotel,1,44,2016,February,8,17,0,3,2,0.0,0,BB,PRT,Offline TA/TO,TA/TO,0,0,0,A,A,0,Non Refund,44.0,3,Transient,75.0,0,0
City Hotel,1,71,2016,February,8,17,0,3,2,0.0,0,BB,GBR,Online TA,TA/TO,0,0,0,A,A,0,No Deposit,9.0,0,Transient,78.3,0,0
City Hotel,1,44,2016,February,8,17,0,3,2,0.0,0,BB,PRT,Offline TA/TO,TA/TO,0,0,0,A,A,0,Non Refund,44.0,3,Transient,75.0,0,0
City Hotel,1,44,2016,February,8,17,0,3,2,0.0,0,BB,PRT,Offline TA/TO,TA/TO,0,0,0,A,A,0,Non Refund,44.0,3,Transient,75.0,0,0
City Hotel,1,44,2016,February,8,17,0,3,2,0.0,0,BB,PRT,Offline TA/TO,TA/TO,0,0,0,A,A,0,Non Refund,44.0,3,Transient,75.0,0,0
City Hotel,1,44,2016,February,8,17,0,3,2,0.0,0,BB,PRT,Offline TA/TO,TA/TO,0,0,0,A,A,0,Non Refund,44.0,3,Transient,75.0,0,0
City Hotel,1,44,2016,February,8,17,0,3,2,0.0,0,BB,PRT,Offline TA/TO,TA/TO,0,0,0,A,A,0,Non Refund,44.0,3,Transient,75.0,0,0
City Hotel,1,44,2016,February,8,17,0,3,2,0.0,0,BB,PRT,Offline TA/TO,TA/TO,0,0,0,A,A,0,Non Refund,44.0,3,Transient,75.0,0,0
City Hotel,1,44,2016,February,8,17,0,3,2,0.0,0,BB,PRT,Offline TA/TO,TA/TO,0,0,0,A,A,0,Non Refund,44.0,3,Transient,75.0,0,0
City Hotel,1,44,2016,February,8,17,0,3,2,0.0,0,BB,PRT,Offline TA/TO,TA/TO,0,0,0,A,A,0,Non Refund,44.0,3,Transient,75.0,0,0
City Hotel,1,44,2016,February,8,17,0,3,2,0.0,0,BB,PRT,Offline TA/TO,TA/TO,0,0,0,A,A,0,Non Refund,44.0,3,Transient,75.0,0,0
City Hotel,1,44,2016,February,8,17,0,3,2,0.0,0,BB,PRT,Offline TA/TO,TA/TO,0,0,0,A,A,0,Non Refund,44.0,3,Transient,75.0,0,0
City Hotel,1,44,2016,February,8,17,0,3,2,0.0,0,BB,PRT,Offline TA/TO,TA/TO,0,0,0,A,A,0,Non Refund,44.0,3,Transient,75.0,0,0
City Hotel,1,44,2016,February,8,17,0,3,2,0.0,0,BB,PRT,Offline TA/TO,TA/TO,0,0,0,A,A,0,Non Refund,44.0,3,Transient,75.0,0,0
City Hotel,1,44,2016,February,8,17,0,3,2,0.0,0,BB,PRT,Offline TA/TO,TA/TO,0,0,0,A,A,0,Non Refund,44.0,3,Transient,75.0,0,0
City Hotel,1,44,2016,February,8,17,0,3,2,0.0,0,BB,PRT,Offline TA/TO,TA/TO,0,0,0,A,A,0,Non Refund,44.0,3,Transient,75.0,0,0
City Hotel,1,44,2016,February,8,17,0,3,2,0.0,0,BB,PRT,Offline TA/TO,TA/TO,0,0,0,A,A,0,Non Refund,44.0,3,Transient,75.0,0,0
City Hotel,1,44,2016,February,8,17,0,3,2,0.0,0,BB,PRT,Offline TA/TO,TA/TO,0,0,0,A,A,0,Non Refund,44.0,3,Transient,75.0,0,0
City Hotel,1,44,2016,February,8,17,0,3,2,0.0,0,BB,PRT,Offline TA/TO,TA/TO,0,0,0,A,A,0,Non Refund,44.0,3,Transient,75.0,0,0
City Hotel,1,44,2016,February,8,17,0,3,2,0.0,0,BB,PRT,Offline TA/TO,TA/TO,0,0,0,A,A,0,Non Refund,44.0,3,Transient,75.0,0,0
City Hotel,1,44,2016,February,8,17,0,3,2,0.0,0,BB,PRT,Offline TA/TO,TA/TO,0,0,0,A,A,0,Non Refund,44.0,3,Transient,75.0,0,0
City Hotel,1,44,2016,February,8,17,0,3,2,0.0,0,BB,PRT,Offline TA/TO,TA/TO,0,0,0,A,A,0,Non Refund,44.0,3,Transient,75.0,0,0
City Hotel,1,44,2016,February,8,17,0,3,2,0.0,0,BB,PRT,Offline TA/TO,TA/TO,0,0,0,A,A,0,Non Refund,44.0,3,Transient,75.0,0,0
City Hotel,1,44,2016,February,8,17,0,3,2,0.0,0,BB,PRT,Offline TA/TO,TA/TO,0,0,0,A,A,0,Non Refund,44.0,3,Transient,75.0,0,0
City Hotel,1,44,2016,February,8,17,0,3,2,0.0,0,BB,PRT,Offline TA/TO,TA/TO,0,0,0,A,A,0,Non Refund,44.0,3,Transient,75.0,0,0
City Hotel,1,44,2016,February,8,17,0,3,2,0.0,0,BB,PRT,Offline TA/TO,TA/TO,0,0,0,A,A,0,Non Refund,44.0,3,Transient,75.0,0,0
City Hotel,1,44,2016,February,8,17,0,3,2,0.0,0,BB,PRT,Offline TA/TO,TA/TO,0,0,0,A,A,0,Non Refund,44.0,3,Transient,75.0,0,0
City Hotel,1,44,2016,February,8,17,0,3,2,0.0,0,BB,PRT,Offline TA/TO,TA/TO,0,0,0,A,A,0,Non Refund,44.0,3,Transient,75.0,0,0
City Hotel,1,44,2016,February,8,17,0,3,2,0.0,0,BB,PRT,Offline TA/TO,TA/TO,0,0,0,A,A,0,Non Refund,44.0,3,Transient,75.0,0,0
City Hotel,1,44,2016,February,8,17,0,3,2,0.0,0,BB,PRT,Offline TA/TO,TA/TO,0,0,0,A,A,0,Non Refund,44.0,3,Transient,75.0,0,0
City Hotel,1,44,2016,February,8,17,0,3,2,0.0,0,BB,PRT,Offline TA/TO,TA/TO,0,0,0,A,A,0,Non Refund,44.0,3,Transient,75.0,0,0
City Hotel,1,44,2016,February,8,17,0,3,2,0.0,0,BB,PRT,Offline TA/TO,TA/TO,0,0,0,A,A,0,Non Refund,44.0,3,Transient,75.0,0,0
City Hotel,1,44,2016,February,8,17,0,3,2,0.0,0,BB,PRT,Offline TA/TO,TA/TO,0,0,0,A,A,0,Non Refund,44.0,3,Transient,75.0,0,0
City Hotel,1,44,2016,February,8,17,0,3,2,0.0,0,BB,PRT,Offline TA/TO,TA/TO,0,0,0,A,A,0,Non Refund,44.0,3,Transient,75.0,0,0
City Hotel,1,44,2016,February,8,17,0,3,2,0.0,0,BB,PRT,Offline TA/TO,TA/TO,0,0,0,A,A,0,Non Refund,44.0,3,Transient,75.0,0,0
City Hotel,1,44,2016,February,8,17,0,3,2,0.0,0,BB,PRT,Offline TA/TO,TA/TO,0,0,0,A,A,0,Non Refund,44.0,3,Transient,75.0,0,0
City Hotel,1,44,2016,February,8,17,0,3,2,0.0,0,BB,PRT,Offline TA/TO,TA/TO,0,0,0,A,A,0,Non Refund,44.0,3,Transient,75.0,0,0
City Hotel,1,44,2016,February,8,17,0,3,2,0.0,0,BB,PRT,Offline TA/TO,TA/TO,0,0,0,A,A,0,Non Refund,44.0,3,Transient,75.0,0,0
City Hotel,1,44,2016,February,8,17,0,3,2,0.0,0,BB,PRT,Offline TA/TO,TA/TO,0,0,0,A,A,0,Non Refund,44.0,3,Transient,75.0,0,0
City Hotel,1,44,2016,February,8,17,0,3,2,0.0,0,BB,PRT,Offline TA/TO,TA/TO,0,0,0,A,A,0,Non Refund,44.0,3,Transient,75.0,0,0
City Hotel,1,44,2016,February,8,17,0,3,2,0.0,0,BB,PRT,Offline TA/TO,TA/TO,0,0,0,A,A,0,Non Refund,44.0,3,Transient,75.0,0,0
City Hotel,1,44,2016,February,8,17,0,3,2,0.0,0,BB,PRT,Offline TA/TO,TA/TO,0,0,0,A,A,0,Non Refund,44.0,3,Transient,75.0,0,0
City Hotel,1,44,2016,February,8,17,0,3,2,0.0,0,BB,PRT,Offline TA/TO,TA/TO,0,0,0,A,A,0,Non Refund,44.0,3,Transient,75.0,0,0
City Hotel,1,44,2016,February,8,17,0,3,2,0.0,0,BB,PRT,Offline TA/TO,TA/TO,0,0,0,A,A,0,Non Refund,44.0,3,Transient,75.0,0,0
City Hotel,1,44,2016,February,8,17,0,3,2,0.0,0,BB,PRT,Offline TA/TO,TA/TO,0,0,0,A,A,0,Non Refund,44.0,3,Transient,75.0,0,0
City Hotel,1,44,2016,February,8,17,0,3,2,0.0,0,BB,PRT,Offline TA/TO,TA/TO,0,0,0,A,A,0,Non Refund,44.0,3,Transient,75.0,0,0
City Hotel,1,44,2016,February,8,17,0,3,2,0.0,0,BB,PRT,Offline TA/TO,TA/TO,0,0,0,A,A,0,Non Refund,44.0,3,Transient,75.0,0,0
City Hotel,1,44,2016,February,8,17,0,3,2,0.0,0,BB,PRT,Offline TA/TO,TA/TO,0,0,0,A,A,0,Non Refund,44.0,3,Transient,75.0,0,0
City Hotel,1,44,2016,February,8,17,0,3,2,0.0,0,BB,PRT,Offline TA/TO,TA/TO,0,0,0,A,A,0,Non Refund,44.0,3,Transient,75.0,0,0
City Hotel,1,44,2016,February,8,17,0,3,2,0.0,0,BB,PRT,Offline TA/TO,TA/TO,0,0,0,A,A,0,Non Refund,44.0,3,Transient,75.0,0,0
City Hotel,1,44,2016,February,8,17,0,3,2,0.0,0,BB,PRT,Offline TA/TO,TA/TO,0,0,0,A,A,0,Non Refund,44.0,3,Transient,75.0,0,0
City Hotel,1,44,2016,February,8,17,0,3,2,0.0,0,BB,PRT,Offline TA/TO,TA/TO,0,0,0,A,A,0,Non Refund,44.0,3,Transient,75.0,0,0
City Hotel,1,44,2016,February,8,17,0,3,2,0.0,0,BB,PRT,Offline TA/TO,TA/TO,0,0,0,A,A,0,Non Refund,44.0,3,Transient,75.0,0,0
City Hotel,1,44,2016,February,8,17,0,3,2,0.0,0,BB,PRT,Offline TA/TO,TA/TO,0,0,0,A,A,0,Non Refund,44.0,3,Transient,75.0,0,0
City Hotel,1,16,2016,February,8,17,0,4,2,0.0,0,SC,FRA,Online TA,TA/TO,0,0,0,A,A,0,No Deposit,9.0,0,Transient,79.0,0,0
City Hotel,0,74,2016,February,8,17,1,4,2,0.0,0,BB,PRT,Online TA,TA/TO,0,0,0,A,A,0,No Deposit,11.0,0,Transient,55.24,0,0
City Hotel,1,46,2016,February,8,18,0,2,2,0.0,0,SC,TWN,Online TA,TA/TO,0,0,0,A,A,0,No Deposit,9.0,0,Transient,72.0,0,1
City Hotel,0,52,2016,February,8,18,0,2,2,0.0,0,BB,DEU,Online TA,TA/TO,0,0,0,A,A,0,No Deposit,8.0,0,Transient,84.8,0,1
City Hotel,0,76,2016,February,8,18,0,3,2,0.0,0,BB,DEU,Online TA,TA/TO,0,0,0,A,A,0,No Deposit,9.0,0,Transient,80.3,0,0
City Hotel,0,45,2016,February,8,18,0,3,2,0.0,0,BB,BEL,Online TA,TA/TO,0,0,0,A,A,0,No Deposit,9.0,0,Transient,83.3,0,1
City Hotel,0,70,2016,February,8,18,0,3,2,0.0,0,BB,PRT,Online TA,TA/TO,0,0,0,A,A,0,No Deposit,9.0,0,Transient,87.3,1,0
City Hotel,0,43,2016,February,8,18,0,3,2,0.0,0,BB,NLD,Online TA,TA/TO,0,0,0,D,D,0,No Deposit,9.0,0,Transient,96.3,0,1
City Hotel,0,47,2016,February,8,18,0,3,2,0.0,0,BB,NLD,Online TA,TA/TO,0,0,0,D,D,0,No Deposit,9.0,0,Transient,90.3,0,0
City Hotel,0,45,2016,February,8,18,0,3,2,0.0,0,SC,ESP,Online TA,TA/TO,0,0,0,A,A,0,No Deposit,9.0,0,Transient,70.5,0,1
City Hotel,1,62,2016,February,8,18,2,3,2,0.0,0,BB,UKR,Online TA,TA/TO,0,0,0,B,B,0,No Deposit,9.0,0,Transient,65.66,0,0
City Hotel,1,42,2016,February,8,18,2,3,2,0.0,0,BB,CHN,Online TA,TA/TO,0,0,0,A,A,0,No Deposit,9.0,0,Transient-Party,75.56,0,0
City Hotel,1,42,2016,February,8,18,2,3,2,0.0,0,BB,CHN,Online TA,TA/TO,0,0,0,A,A,0,No Deposit,9.0,0,Transient-Party,75.56,0,0
City Hotel,1,63,2016,February,8,18,2,3,2,0.0,0,BB,UKR,Online TA,TA/TO,0,0,0,B,B,1,No Deposit,9.0,0,Transient,65.66,0,0
City Hotel,1,42,2016,February,8,18,2,3,2,0.0,0,BB,CHN,Online TA,TA/TO,0,0,0,A,A,0,No Deposit,9.0,0,Transient-Party,73.56,0,0
City Hotel,1,4,2016,February,8,19,0,1,2,0.0,0,BB,PRT,Corporate,TA/TO,0,0,0,A,A,0,No Deposit,,0,Transient-Party,80.0,0,0
City Hotel,1,4,2016,February,8,19,0,1,2,0.0,0,BB,PRT,Corporate,TA/TO,0,0,0,A,A,0,No Deposit,,0,Transient-Party,80.0,0,0
City Hotel,1,4,2016,February,8,19,0,1,2,0.0,0,BB,PRT,Corporate,TA/TO,0,0,0,A,A,0,No Deposit,,0,Transient-Party,80.0,0,0
City Hotel,1,99,2016,February,8,19,0,1,2,0.0,0,BB,PRT,Corporate,TA/TO,0,0,0,A,A,2,No Deposit,,0,Transient-Party,90.0,0,0
City Hotel,1,26,2016,February,8,19,0,2,2,0.0,0,BB,FRA,Online TA,TA/TO,0,0,0,A,A,0,No Deposit,9.0,0,Transient,91.0,0,0
City Hotel,1,29,2016,February,8,19,0,2,2,0.0,0,SC,CHE,Online TA,TA/TO,0,0,0,A,A,0,No Deposit,9.0,0,Transient,75.05,0,0
City Hotel,1,52,2016,February,8,19,0,2,2,0.0,0,BB,GBR,Online TA,TA/TO,0,0,0,A,A,0,No Deposit,9.0,0,Transient,78.3,0,1
City Hotel,0,47,2016,February,8,19,0,2,2,0.0,0,BB,NLD,Online TA,TA/TO,0,0,0,A,A,0,No Deposit,9.0,0,Transient,80.3,0,1
City Hotel,0,77,2016,February,8,19,1,2,2,0.0,0,BB,FRA,Online TA,TA/TO,0,0,0,A,D,0,No Deposit,9.0,0,Transient,80.3,0,1
City Hotel,1,48,2016,February,8,19,1,2,2,0.0,0,SC,ESP,Online TA,TA/TO,0,0,0,A,A,0,No Deposit,9.0,0,Transient,67.5,0,0
City Hotel,0,44,2016,February,8,19,1,2,2,0.0,0,BB,ECU,Online TA,TA/TO,0,0,0,A,A,0,No Deposit,9.0,0,Transient,80.3,0,0
City Hotel,1,34,2016,February,8,19,4,9,2,0.0,0,BB,AGO,Online TA,TA/TO,0,0,0,A,A,2,No Deposit,9.0,0,Transient,84.69,0,0
City Hotel,1,130,2016,February,8,20,0,1,2,0.0,0,BB,PRT,Online TA,TA/TO,0,0,0,B,B,0,No Deposit,7.0,0,Transient,61.25,0,0
City Hotel,0,47,2016,February,8,20,0,1,2,0.0,0,BB,GBR,Online TA,TA/TO,0,0,0,B,B,0,No Deposit,9.0,0,Transient-Party,69.53,0,0
City Hotel,1,130,2016,February,8,20,0,1,2,0.0,0,BB,PRT,Online TA,TA/TO,0,0,0,B,B,0,No Deposit,7.0,0,Transient,61.25,0,0
City Hotel,1,24,2016,February,8,20,0,1,2,0.0,0,SC,GBR,Online TA,TA/TO,0,0,0,A,A,0,No Deposit,9.0,0,Transient,79.0,0,0
City Hotel,0,47,2016,February,8,20,0,1,2,0.0,0,BB,GBR,Online TA,TA/TO,0,0,0,B,B,1,No Deposit,9.0,0,Transient-Party,71.52,0,0
City Hotel,0,53,2016,February,8,20,1,1,2,0.0,0,BB,ITA,Online TA,TA/TO,0,0,0,A,A,0,No Deposit,9.0,0,Transient,80.3,0,1
City Hotel,1,31,2016,February,8,20,1,1,2,0.0,0,BB,IRL,Online TA,TA/TO,0,0,0,A,A,0,No Deposit,9.0,0,Transient,72.8,0,2
City Hotel,0,48,2016,February,8,20,1,1,2,0.0,0,BB,DEU,Online TA,TA/TO,0,0,0,A,A,0,No Deposit,7.0,0,Transient,57.28,0,1
City Hotel,1,27,2016,February,8,20,1,1,2,0.0,0,BB,FRA,Online TA,TA/TO,0,0,0,A,A,0,No Deposit,9.0,0,Transient,91.0,0,1
City Hotel,1,31,2016,February,8,20,2,1,2,0.0,0,SC,PRT,Online TA,TA/TO,0,0,0,A,A,0,No Deposit,7.0,0,Transient,71.1,0,0
City Hotel,0,47,2016,February,8,20,2,1,2,0.0,0,BB,HRV,Online TA,TA/TO,0,0,0,D,D,0,No Deposit,9.0,0,Transient,89.3,0,1
City Hotel,1,49,2016,February,8,20,2,1,2,0.0,0,SC,ITA,Online TA,TA/TO,0,0,0,A,A,0,No Deposit,9.0,0,Transient,67.5,0,0
City Hotel,0,47,2016,February,8,20,2,2,2,0.0,0,BB,IRL,Direct,Direct,0,0,0,D,D,0,No Deposit,14.0,0,Transient,79.35,0,0
City Hotel,0,53,2016,February,8,20,2,2,2,0.0,0,BB,NLD,Online TA,TA/TO,0,0,0,A,A,0,No Deposit,9.0,0,Transient,75.95,0,1
City Hotel,0,53,2016,February,8,20,2,2,2,0.0,0,BB,PRT,Direct,Direct,0,0,0,A,A,0,No Deposit,14.0,0,Transient,65.75,0,0
City Hotel,1,38,2016,February,8,20,2,3,2,0.0,0,BB,PRT,Online TA,TA/TO,0,0,0,D,D,0,No Deposit,7.0,0,Transient,69.44,0,0
City Hotel,1,23,2016,February,9,21,1,0,2,0.0,0,BB,ESP,Online TA,TA/TO,0,0,0,A,A,0,No Deposit,9.0,0,Transient,91.0,0,1
City Hotel,1,19,2016,February,9,21,2,0,2,0.0,0,BB,ESP,Online TA,TA/TO,0,0,0,A,A,0,No Deposit,9.0,0,Transient,91.0,0,1
City Hotel,0,3,2016,February,9,21,2,0,2,0.0,0,BB,NLD,Online TA,Direct,0,0,0,D,D,0,No Deposit,,0,Transient,105.0,0,0
City Hotel,1,7,2016,February,9,21,2,0,2,0.0,0,SC,ZAF,Online TA,TA/TO,0,0,0,A,A,0,No Deposit,9.0,0,Transient,79.0,0,2
City Hotel,0,73,2016,February,9,21,2,1,2,0.0,0,BB,FRA,Online TA,TA/TO,0,0,0,B,B,3,No Deposit,9.0,0,Transient-Party,71.52,0,1
City Hotel,1,19,2016,February,9,21,2,0,2,0.0,0,BB,ESP,Online TA,TA/TO,0,0,0,A,A,0,No Deposit,9.0,0,Transient,100.0,0,1
City Hotel,0,76,2016,February,9,21,2,1,2,0.0,0,BB,FRA,Online TA,TA/TO,0,0,0,A,A,0,No Deposit,9.0,0,Transient,80.3,0,1
City Hotel,1,23,2016,February,9,21,2,1,2,0.0,0,SC,DEU,Online TA,TA/TO,0,0,0,A,A,0,No Deposit,9.0,0,Transient,79.0,0,1
City Hotel,0,49,2016,February,9,21,2,3,2,0.0,0,BB,DEU,Direct,Direct,0,0,0,A,A,0,No Deposit,14.0,0,Transient,65.75,0,0
City Hotel,0,64,2016,February,9,21,2,3,2,0.0,0,SC,ITA,Online TA,TA/TO,0,0,0,A,A,0,No Deposit,9.0,0,Transient,65.75,0,0
City Hotel,0,50,2016,February,9,21,2,3,2,0.0,0,BB,CHE,Direct,Direct,0,0,0,B,B,1,No Deposit,14.0,0,Transient-Party,65.11,0,0
City Hotel,0,48,2016,February,9,21,2,5,2,0.0,0,BB,GBR,Direct,Direct,0,0,0,A,A,0,No Deposit,14.0,0,Transient,65.75,0,0
City Hotel,1,1,2016,February,9,22,1,0,2,0.0,0,SC,USA,Online TA,TA/TO,0,0,0,A,A,0,No Deposit,9.0,0,Transient,85.0,0,0
City Hotel,1,24,2016,February,9,22,1,2,2,0.0,0,BB,PRT,Offline TA/TO,TA/TO,0,0,0,A,A,0,No Deposit,86.0,0,Transient,72.8,0,0
City Hotel,1,37,2016,February,9,22,1,2,2,0.0,0,SC,GBR,Online TA,TA/TO,0,0,0,A,A,0,No Deposit,9.0,0,Transient,69.9,0,0
City Hotel,0,49,2016,February,9,22,1,3,2,0.0,0,SC,GBR,Online TA,TA/TO,0,0,0,A,A,0,No Deposit,9.0,0,Transient,65.75,0,1
City Hotel,0,49,2016,February,9,22,1,3,2,0.0,0,SC,GBR,Online TA,TA/TO,0,0,0,A,A,0,No Deposit,9.0,0,Transient,65.75,0,1
City Hotel,1,50,2016,February,9,22,2,5,2,0.0,0,BB,BRA,Online TA,TA/TO,0,0,0,D,D,0,No Deposit,9.0,0,Transient,83.66,0,1
City Hotel,1,50,2016,February,9,22,2,5,2,0.0,0,BB,PRT,Offline TA/TO,TA/TO,0,0,0,E,E,0,No Deposit,86.0,0,Transient,12.0,0,0
City Hotel,1,12,2016,February,9,22,9,20,2,0.0,0,BB,AGO,Online TA,TA/TO,0,0,0,D,D,0,No Deposit,9.0,0,Transient,102.81,0,0
City Hotel,1,12,2016,February,9,23,0,1,2,0.0,0,SC,HND,Online TA,TA/TO,0,0,0,A,A,0,No Deposit,9.0,0,Transient,79.0,0,0
City Hotel,0,48,2016,February,9,23,0,2,2,0.0,0,BB,PRT,Online TA,TA/TO,0,0,0,A,A,0,No Deposit,9.0,0,Transient,89.3,1,1
City Hotel,0,49,2016,February,9,23,0,4,2,0.0,0,BB,GBR,Online TA,TA/TO,0,0,0,A,A,0,No Deposit,9.0,0,Transient,73.95,0,1
City Hotel,0,71,2016,February,9,23,0,4,2,0.0,0,BB,ITA,Online TA,TA/TO,0,0,0,A,A,0,No Deposit,9.0,0,Transient,75.95,0,0
City Hotel,1,43,2016,February,9,23,0,5,2,0.0,0,BB,GBR,Online TA,TA/TO,0,0,0,B,B,0,No Deposit,9.0,0,Transient,66.43,0,0
City Hotel,1,5,2016,February,9,23,2,9,2,0.0,0,HB,SAU,Online TA,TA/TO,0,0,0,D,D,0,No Deposit,9.0,0,Transient,146.0,0,0
City Hotel,1,44,2016,February,9,23,0,5,2,0.0,0,BB,GBR,Online TA,TA/TO,0,0,0,B,B,1,No Deposit,9.0,0,Transient,75.43,0,0
City Hotel,1,9,2016,February,9,24,0,1,2,0.0,0,BB,PRT,Online TA,TA/TO,0,0,0,A,A,0,No Deposit,7.0,0,Transient,70.07,0,0
City Hotel,1,55,2016,February,9,24,0,2,2,0.0,0,BB,PRT,Offline TA/TO,TA/TO,0,0,0,A,A,0,No Deposit,85.0,0,Transient,56.0,0,0
City Hotel,1,77,2016,February,9,24,0,2,2,0.0,0,BB,PRT,Groups,TA/TO,0,0,0,A,A,0,Non Refund,1.0,0,Transient,64.0,0,0
City Hotel,1,77,2016,February,9,24,0,2,2,0.0,0,BB,PRT,Groups,TA/TO,0,0,0,A,A,0,Non Refund,1.0,0,Transient,64.0,0,0
City Hotel,1,77,2016,February,9,24,0,2,2,0.0,0,BB,PRT,Groups,TA/TO,0,0,0,A,A,0,Non Refund,1.0,0,Transient,64.0,0,0
City Hotel,1,77,2016,February,9,24,0,2,2,0.0,0,BB,PRT,Groups,TA/TO,0,0,0,A,A,0,Non Refund,1.0,0,Transient,64.0,0,0
City Hotel,1,77,2016,February,9,24,0,2,2,0.0,0,BB,PRT,Groups,TA/TO,0,0,0,A,A,0,Non Refund,1.0,0,Transient,64.0,0,0
City Hotel,1,77,2016,February,9,24,0,2,2,0.0,0,BB,PRT,Groups,TA/TO,0,0,0,A,A,0,Non Refund,1.0,0,Transient,64.0,0,0
City Hotel,1,77,2016,February,9,24,0,2,2,0.0,0,BB,PRT,Groups,TA/TO,0,0,0,A,A,0,Non Refund,1.0,0,Transient,64.0,0,0
City Hotel,1,77,2016,February,9,24,0,2,2,0.0,0,BB,PRT,Groups,TA/TO,0,0,0,A,A,0,Non Refund,1.0,0,Transient,64.0,0,0
City Hotel,1,77,2016,February,9,24,0,2,2,0.0,0,BB,PRT,Groups,TA/TO,0,0,0,A,A,0,Non Refund,1.0,0,Transient,64.0,0,0
City Hotel,1,77,2016,February,9,24,0,2,2,0.0,0,BB,PRT,Groups,TA/TO,0,0,0,A,A,0,Non Refund,1.0,0,Transient,64.0,0,0
City Hotel,1,77,2016,February,9,24,0,2,2,0.0,0,BB,PRT,Groups,TA/TO,0,0,0,A,A,0,Non Refund,1.0,0,Transient,64.0,0,0
City Hotel,1,77,2016,February,9,24,0,2,2,0.0,0,BB,PRT,Groups,TA/TO,0,0,0,A,A,0,Non Refund,1.0,0,Transient,64.0,0,0
City Hotel,1,77,2016,February,9,24,0,2,2,0.0,0,BB,PRT,Groups,TA/TO,0,0,0,A,A,0,Non Refund,1.0,0,Transient,64.0,0,0
City Hotel,1,77,2016,February,9,24,0,2,2,0.0,0,BB,PRT,Groups,TA/TO,0,0,0,A,A,0,Non Refund,1.0,0,Transient,64.0,0,0
City Hotel,1,77,2016,February,9,24,0,2,2,0.0,0,BB,PRT,Groups,TA/TO,0,0,0,A,A,0,Non Refund,1.0,0,Transient,64.0,0,0
City Hotel,0,80,2016,February,9,24,0,2,2,0.0,0,BB,BRA,Online TA,TA/TO,0,0,0,A,A,0,No Deposit,9.0,0,Transient,84.95,1,0
City Hotel,1,77,2016,February,9,24,0,2,2,0.0,0,BB,PRT,Groups,TA/TO,0,0,0,A,A,0,Non Refund,1.0,0,Transient,64.0,0,0
City Hotel,1,77,2016,February,9,24,0,2,2,0.0,0,BB,PRT,Groups,TA/TO,0,0,0,A,A,0,Non Refund,1.0,0,Transient,64.0,0,0
City Hotel,1,77,2016,February,9,24,0,2,2,0.0,0,BB,PRT,Groups,TA/TO,0,0,0,A,A,0,Non Refund,1.0,0,Transient,64.0,0,0
City Hotel,1,77,2016,February,9,24,0,2,2,0.0,0,BB,PRT,Groups,TA/TO,0,0,0,A,A,0,Non Refund,1.0,0,Transient,64.0,0,0
City Hotel,1,77,2016,February,9,24,0,2,2,0.0,0,BB,PRT,Groups,TA/TO,0,0,0,A,A,0,Non Refund,1.0,0,Transient,64.0,0,0
City Hotel,1,34,2016,February,9,24,0,3,2,0.0,0,BB,ESP,Online TA,TA/TO,0,0,0,A,A,0,No Deposit,9.0,0,Transient,89.7,0,0
City Hotel,1,45,2016,February,9,24,0,3,2,0.0,0,SC,NLD,Online TA,TA/TO,0,0,0,A,A,0,No Deposit,9.0,0,Transient,67.5,0,1
City Hotel,1,53,2016,February,9,24,0,3,2,0.0,0,SC,ESP,Online TA,TA/TO,0,0,0,A,A,0,No Deposit,9.0,0,Transient,67.5,0,0
City Hotel,1,18,2016,February,9,24,0,4,2,0.0,0,SC,IRL,Online TA,TA/TO,0,0,0,A,A,0,No Deposit,9.0,0,Transient,79.0,0,1
City Hotel,1,18,2016,February,9,24,0,4,2,0.0,0,SC,IRL,Online TA,TA/TO,0,0,0,A,A,0,No Deposit,9.0,0,Transient,79.0,0,1
City Hotel,1,40,2016,February,9,24,0,4,2,0.0,0,SC,ITA,Online TA,TA/TO,0,0,0,A,A,0,No Deposit,9.0,0,Transient,67.5,0,1
City Hotel,1,18,2016,February,9,24,0,4,2,0.0,0,SC,IRL,Online TA,TA/TO,0,0,0,A,A,0,No Deposit,9.0,0,Transient,79.0,0,1
City Hotel,1,24,2016,February,9,24,0,4,2,0.0,0,BB,ESP,Online TA,TA/TO,0,0,0,A,A,0,No Deposit,9.0,0,Transient,100.0,0,1
City Hotel,0,48,2016,February,9,24,0,4,2,0.0,0,SC,PRT,Online TA,TA/TO,0,0,0,A,A,0,No Deposit,7.0,0,Transient,51.09,0,0
City Hotel,1,23,2016,February,9,25,0,1,2,0.0,0,BB,TUR,Online TA,TA/TO,0,0,0,A,A,0,No Deposit,9.0,0,Transient,91.0,0,0
City Hotel,1,0,2016,February,9,25,0,2,2,0.0,0,BB,PRT,Online TA,TA/TO,0,0,0,A,A,0,No Deposit,8.0,0,Transient,91.0,0,0
City Hotel,1,30,2016,February,9,25,0,3,2,0.0,0,SC,FRA,Online TA,TA/TO,0,0,0,A,A,0,No Deposit,9.0,0,Transient,69.9,0,0
City Hotel,1,10,2016,February,9,25,0,3,2,0.0,0,BB,USA,Online TA,TA/TO,0,0,0,A,A,0,No Deposit,9.0,0,Transient,93.0,0,0
City Hotel,1,34,2016,February,9,25,0,3,2,0.0,0,SC,SRB,Online TA,TA/TO,0,0,0,A,A,0,No Deposit,9.0,0,Transient,68.7,0,1
City Hotel,0,51,2016,February,9,25,0,3,2,0.0,0,BB,GBR,Online TA,TA/TO,0,0,0,A,A,0,No Deposit,9.0,0,Transient,80.3,0,1
City Hotel,1,19,2016,February,9,25,0,3,2,0.0,0,SC,IRL,Online TA,TA/TO,0,0,0,A,A,0,No Deposit,9.0,0,Transient,79.0,0,1
City Hotel,1,52,2016,February,9,25,0,3,2,0.0,0,SC,GBR,Online TA,TA/TO,0,0,0,A,A,0,No Deposit,9.0,0,Transient,67.5,0,0
City Hotel,1,4,2016,February,9,25,4,11,2,0.0,0,BB,AGO,Online TA,TA/TO,0,0,0,D,D,0,No Deposit,9.0,0,Transient,110.53,0,1
City Hotel,1,44,2016,February,9,25,7,18,2,0.0,0,BB,AGO,Online TA,TA/TO,0,0,0,D,D,1,No Deposit,9.0,0,Transient,86.39,0,0
City Hotel,1,0,2016,February,9,26,0,1,2,0.0,0,BB,PRT,Direct,Direct,0,0,0,A,A,0,No Deposit,,0,Transient,89.0,0,0
City Hotel,1,0,2016,February,9,26,0,1,2,0.0,0,BB,PRT,Direct,Direct,0,0,0,A,A,0,No Deposit,,0,Transient,89.0,0,0
City Hotel,1,51,2016,February,9,26,0,2,2,0.0,0,SC,FRA,Online TA,TA/TO,0,0,0,A,A,0,No Deposit,9.0,0,Transient,67.5,0,0
City Hotel,1,56,2016,February,9,26,0,2,2,0.0,0,BB,CHE,Online TA,TA/TO,0,0,0,A,A,0,No Deposit,9.0,0,Transient,69.6,0,0
City Hotel,1,6,2016,February,9,26,0,2,2,0.0,0,SC,ESP,Online TA,TA/TO,0,0,0,A,A,0,No Deposit,9.0,0,Transient,79.0,0,0
City Hotel,0,55,2016,February,9,26,0,2,2,0.0,0,BB,ESP,Online TA,TA/TO,0,0,0,A,A,0,No Deposit,9.0,0,Transient,80.3,0,0
City Hotel,0,54,2016,February,9,26,0,2,2,0.0,0,BB,NLD,Online TA,TA/TO,0,0,0,A,A,0,No Deposit,9.0,0,Transient,80.3,0,0
City Hotel,1,6,2016,February,9,26,0,2,2,0.0,0,SC,MAR,Online TA,TA/TO,0,0,0,A,A,0,No Deposit,9.0,0,Transient,79.0,0,0
City Hotel,1,16,2016,February,9,26,0,2,2,0.0,0,BB,PRT,Complementary,Corporate,0,0,0,A,A,0,No Deposit,,0,Transient,2.0,0,0
City Hotel,1,51,2016,February,9,26,0,2,2,0.0,0,SC,FRA,Online TA,TA/TO,0,0,0,A,A,0,No Deposit,9.0,0,Transient,67.5,0,0
City Hotel,1,52,2016,February,9,26,0,2,2,0.0,0,BB,ESP,Online TA,TA/TO,0,0,0,A,A,0,No Deposit,9.0,0,Transient,78.3,0,1
City Hotel,1,7,2016,February,9,26,0,2,2,0.0,0,BB,PRT,Complementary,Direct,0,0,0,D,D,0,No Deposit,,0,Transient,0.0,0,2
City Hotel,1,50,2016,February,9,26,0,2,2,0.0,0,BB,FRA,Online TA,TA/TO,0,0,0,A,A,0,No Deposit,9.0,0,Transient,78.3,0,0
City Hotel,0,54,2016,February,9,26,0,2,2,0.0,0,BB,FRA,Online TA,TA/TO,0,0,0,A,A,0,No Deposit,9.0,0,Transient,78.3,0,1
City Hotel,1,24,2016,February,9,26,1,2,2,0.0,0,BB,GBR,Online TA,TA/TO,0,0,0,D,D,0,No Deposit,9.0,0,Transient,109.33,0,1
City Hotel,1,35,2016,February,9,26,1,2,2,0.0,0,BB,PRT,Direct,Direct,0,0,0,D,D,0,No Deposit,,0,Transient,84.9,0,1
City Hotel,0,60,2016,February,9,26,1,2,2,0.0,0,BB,ESP,Online TA,TA/TO,0,0,0,A,A,0,No Deposit,9.0,0,Transient,83.3,0,1
City Hotel,1,35,2016,February,9,26,1,2,2,0.0,0,BB,PRT,Direct,Direct,0,0,0,D,D,0,No Deposit,,0,Transient,84.9,0,1
City Hotel,1,16,2016,February,9,26,1,2,2,0.0,0,BB,TUR,Online TA,TA/TO,0,0,0,D,D,0,No Deposit,9.0,0,Transient,106.0,0,1
City Hotel,0,55,2016,February,9,26,1,2,2,0.0,0,BB,FRA,Online TA,TA/TO,0,0,0,A,A,0,No Deposit,9.0,0,Transient,83.3,0,1
City Hotel,0,68,2016,February,9,26,1,2,2,0.0,0,BB,FRA,Online TA,TA/TO,0,0,0,A,A,0,No Deposit,9.0,0,Transient,80.3,0,0
City Hotel,1,52,2016,February,9,26,1,2,2,0.0,0,SC,ESP,Online TA,TA/TO,0,0,0,A,A,0,No Deposit,9.0,0,Transient,79.5,0,1
City Hotel,1,10,2016,February,9,26,1,2,2,0.0,0,BB,POL,Online TA,TA/TO,0,0,0,D,D,0,No Deposit,9.0,0,Transient,106.0,0,0
City Hotel,1,62,2016,February,9,26,2,3,2,0.0,0,BB,ITA,Online TA,TA/TO,0,0,0,A,A,0,No Deposit,9.0,0,Transient,73.95,0,1
City Hotel,1,43,2016,February,9,26,2,4,2,0.0,0,BB,GBR,Direct,Direct,0,0,0,A,A,0,No Deposit,14.0,0,Transient,73.8,0,0
City Hotel,1,1,2016,February,9,27,0,1,2,0.0,0,SC,ESP,Online TA,TA/TO,0,0,0,A,A,0,No Deposit,9.0,0,Transient,81.0,0,1
City Hotel,1,0,2016,February,9,27,0,1,2,0.0,0,BB,PRT,Direct,Direct,0,0,0,A,A,0,No Deposit,14.0,0,Transient,89.0,0,0
City Hotel,1,39,2016,February,9,27,0,1,2,0.0,0,BB,PRT,Direct,Direct,0,0,0,A,A,0,No Deposit,14.0,0,Transient,67.5,0,0
City Hotel,1,37,2016,February,9,27,1,1,2,0.0,0,SC,ESP,Online TA,TA/TO,0,0,0,A,A,0,No Deposit,9.0,0,Transient,69.3,0,1
City Hotel,1,9,2016,February,9,27,1,1,2,0.0,0,BB,ESP,Online TA,TA/TO,0,0,0,D,D,0,No Deposit,9.0,0,Transient,115.0,0,1
City Hotel,1,39,2016,February,9,27,1,1,2,0.0,0,BB,ESP,Online TA,TA/TO,0,0,0,A,A,0,No Deposit,9.0,0,Transient,80.1,0,0
City Hotel,1,53,2016,February,9,27,2,1,2,0.0,0,BB,ESP,Online TA,TA/TO,0,0,0,A,A,3,No Deposit,9.0,0,Transient,84.3,0,2
City Hotel,1,21,2016,February,9,27,2,1,2,0.0,0,BB,FRA,Online TA,TA/TO,0,0,0,D,D,0,No Deposit,9.0,0,Transient,112.67,0,0
City Hotel,1,54,2016,February,9,27,2,1,2,0.0,0,SC,ITA,Online TA,TA/TO,0,0,0,A,A,0,No Deposit,9.0,0,Transient,73.5,0,1
City Hotel,1,66,2016,February,9,27,2,2,2,0.0,0,BB,ITA,Online TA,TA/TO,0,0,0,B,B,1,No Deposit,9.0,0,Transient,65.66,0,0
City Hotel,0,57,2016,February,9,27,2,4,2,0.0,0,BB,CHE,Online TA,TA/TO,0,0,0,A,A,0,No Deposit,7.0,0,Transient,59.21,0,1
City Hotel,0,53,2016,February,9,27,2,4,2,0.0,0,BB,FRA,Online TA,TA/TO,0,0,0,A,A,0,No Deposit,9.0,0,Transient,80.2,0,0
City Hotel,0,57,2016,February,9,27,2,4,2,0.0,0,BB,CHE,Online TA,TA/TO,0,0,0,A,A,0,No Deposit,7.0,0,Transient,59.21,0,1
City Hotel,1,3,2016,February,9,27,4,6,2,0.0,0,HB,SAU,Online TA,TA/TO,0,0,0,D,D,0,No Deposit,9.0,0,Transient-Party,150.8,0,0
City Hotel,1,3,2016,February,9,27,4,6,2,0.0,0,HB,SAU,Online TA,TA/TO,0,0,0,D,D,0,No Deposit,9.0,0,Transient-Party,150.8,0,0
City Hotel,1,16,2016,February,10,28,2,0,2,0.0,0,BB,FRA,Online TA,TA/TO,0,0,0,D,D,2,No Deposit,9.0,0,Transient,106.0,0,0
City Hotel,1,16,2016,February,10,28,2,0,2,0.0,0,BB,FRA,Online TA,TA/TO,0,0,0,D,D,0,No Deposit,9.0,0,Transient,106.0,0,0
City Hotel,0,54,2016,February,10,28,1,0,2,0.0,0,SC,FRA,Online TA,TA/TO,0,0,0,A,A,0,No Deposit,9.0,0,Transient,87.5,1,0
City Hotel,1,53,2016,February,10,28,2,0,2,0.0,0,BB,BEL,Online TA,TA/TO,0,0,0,D,D,0,No Deposit,9.0,0,Transient,96.3,0,1
City Hotel,1,43,2016,February,10,28,2,0,2,0.0,0,BB,BEL,Online TA,TA/TO,0,0,0,D,D,0,No Deposit,9.0,0,Transient,90.9,0,0
City Hotel,1,116,2016,February,10,28,2,1,2,0.0,0,BB,PRT,Offline TA/TO,TA/TO,0,0,0,A,A,1,No Deposit,134.0,0,Transient-Party,70.0,0,0
City Hotel,1,116,2016,February,10,28,2,1,2,0.0,0,BB,PRT,Offline TA/TO,TA/TO,0,0,0,A,A,1,No Deposit,134.0,0,Transient-Party,70.0,0,0
City Hotel,1,116,2016,February,10,28,2,1,2,0.0,0,BB,PRT,Offline TA/TO,TA/TO,0,0,0,A,A,1,No Deposit,134.0,0,Transient-Party,72.0,0,0
City Hotel,1,116,2016,February,10,28,2,1,2,0.0,0,BB,PRT,Offline TA/TO,TA/TO,0,0,0,A,A,1,No Deposit,134.0,0,Transient-Party,70.0,0,0
City Hotel,1,138,2016,February,10,28,2,1,2,0.0,0,SC,PRT,Online TA,TA/TO,0,0,0,A,A,0,No Deposit,15.0,0,Transient,63.36,0,0
City Hotel,1,8,2016,February,10,28,2,2,2,0.0,0,BB,NLD,Online TA,TA/TO,0,0,0,D,D,0,No Deposit,9.0,0,Transient,112.5,0,0
City Hotel,1,1,2016,February,10,28,2,2,2,0.0,0,BB,PRT,Offline TA/TO,TA/TO,0,0,0,A,A,0,No Deposit,134.0,0,Transient-Party,70.0,0,0
City Hotel,1,116,2016,February,10,28,2,2,2,0.0,0,BB,PRT,Offline TA/TO,TA/TO,0,0,0,A,A,2,No Deposit,134.0,0,Transient-Party,72.0,0,0
City Hotel,1,50,2016,February,10,29,1,0,2,0.0,0,SC,CN,Online TA,TA/TO,0,0,0,A,A,0,No Deposit,9.0,0,Transient,76.5,0,0
City Hotel,0,57,2016,February,10,29,1,2,2,0.0,0,BB,CHE,Online TA,TA/TO,0,0,0,D,D,0,No Deposit,9.0,0,Transient,95.3,0,1
City Hotel,1,88,2016,February,10,29,1,3,2,0.0,0,BB,PRT,Online TA,TA/TO,0,0,0,A,A,0,No Deposit,7.0,0,Transient,56.94,0,0
City Hotel,1,88,2016,March,10,1,0,1,2,0.0,0,SC,PRT,Online TA,TA/TO,0,0,0,A,A,0,No Deposit,,0,Transient,70.0,0,0
City Hotel,1,31,2016,March,10,1,0,1,2,0.0,0,BB,ITA,Online TA,TA/TO,0,0,0,D,D,0,No Deposit,9.0,0,Transient,106.4,0,1
City Hotel,1,37,2016,March,10,1,0,2,2,0.0,0,BB,ITA,Online TA,TA/TO,0,0,0,A,A,0,No Deposit,9.0,0,Transient,81.9,0,1
City Hotel,0,55,2016,March,10,1,0,2,2,0.0,0,BB,PRT,Online TA,TA/TO,0,0,0,A,A,0,No Deposit,9.0,0,Transient,84.8,0,1
City Hotel,0,54,2016,March,10,1,0,4,2,0.0,0,BB,FRA,Online TA,TA/TO,0,0,0,D,D,0,No Deposit,9.0,0,Transient,86.58,0,0
City Hotel,1,17,2016,March,10,1,0,4,2,0.0,0,HB,AGO,Online TA,TA/TO,0,0,0,A,A,1,No Deposit,9.0,0,Transient,92.53,0,0
City Hotel,1,54,2016,March,10,1,0,4,2,0.0,0,SC,PRT,Online TA,TA/TO,0,0,0,A,A,0,No Deposit,11.0,0,Transient,47.43,0,0
City Hotel,0,67,2016,March,10,1,0,4,2,0.0,0,BB,PRT,Offline TA/TO,TA/TO,0,0,0,A,A,0,No Deposit,86.0,0,Transient,61.16,0,0
City Hotel,1,54,2016,March,10,1,0,4,2,0.0,0,SC,PRT,Online TA,TA/TO,0,0,0,A,A,0,No Deposit,11.0,0,Transient,47.43,0,0
City Hotel,1,37,2016,March,10,1,0,4,2,0.0,0,BB,DEU,Online TA,TA/TO,0,0,0,D,D,0,No Deposit,9.0,0,Transient,95.4,0,1
City Hotel,0,55,2016,March,10,1,0,4,2,0.0,0,BB,FRA,Online TA,TA/TO,0,0,0,A,A,0,No Deposit,9.0,0,Transient,78.08,0,1
City Hotel,1,49,2016,March,10,1,0,5,2,0.0,0,BB,PRT,Online TA,TA/TO,0,0,0,A,A,0,No Deposit,8.0,0,Transient,76.33,0,0
City Hotel,0,58,2016,March,10,1,2,8,2,0.0,0,BB,DEU,Online TA,TA/TO,0,0,0,D,D,0,No Deposit,9.0,0,Transient,85.3,0,1
City Hotel,0,78,2016,March,10,1,2,8,2,0.0,0,BB,NLD,Online TA,TA/TO,0,0,0,D,D,0,No Deposit,9.0,0,Transient,83.85,0,1
City Hotel,1,12,2016,March,10,1,0,5,2,0.0,0,HB,DEU,Online TA,TA/TO,0,0,0,A,A,1,No Deposit,9.0,0,Transient,130.22,0,2
City Hotel,1,6,2016,March,10,2,0,1,2,0.0,0,BB,GBR,Online TA,TA/TO,0,0,0,A,A,0,No Deposit,9.0,0,Transient,93.0,0,1
City Hotel,1,35,2016,March,10,2,0,2,2,0.0,0,SC,FRA,Online TA,TA/TO,0,0,0,A,A,0,No Deposit,9.0,0,Transient,73.1,0,0
City Hotel,1,3,2016,March,10,2,0,2,2,0.0,0,BB,FRA,Online TA,TA/TO,0,0,0,A,A,0,No Deposit,9.0,0,Transient,101.0,0,0
City Hotel,1,54,2016,March,10,2,0,2,2,0.0,0,BB,BRA,Online TA,TA/TO,0,0,0,A,A,0,No Deposit,9.0,0,Transient,87.3,0,0
City Hotel,1,8,2016,March,10,2,0,2,2,0.0,0,BB,PRT,Offline TA/TO,TA/TO,0,0,0,A,A,0,No Deposit,94.0,0,Transient-Party,67.0,0,0
City Hotel,1,55,2016,March,10,2,0,3,2,0.0,0,SC,CHN,Online TA,TA/TO,0,0,0,A,A,0,No Deposit,9.0,0,Transient,69.5,0,0
City Hotel,0,59,2016,March,10,2,0,3,2,0.0,0,BB,BEL,Online TA,TA/TO,0,0,0,A,A,0,No Deposit,9.0,0,Transient,80.3,0,2
City Hotel,1,12,2016,March,10,2,0,3,2,0.0,0,BB,PRT,Online TA,TA/TO,0,0,0,D,D,0,No Deposit,8.0,0,Transient,109.33,0,0
City Hotel,1,48,2016,March,10,2,0,3,2,0.0,0,SC,BEL,Online TA,TA/TO,0,0,0,A,A,2,No Deposit,9.0,0,Transient,73.1,0,1
City Hotel,1,33,2016,March,10,2,0,4,2,0.0,0,BB,EST,Online TA,TA/TO,0,0,0,A,A,0,No Deposit,9.0,0,Transient,83.9,0,1
City Hotel,1,33,2016,March,10,2,0,4,2,0.0,0,SC,PRT,Online TA,TA/TO,0,0,0,A,A,0,No Deposit,9.0,0,Transient,73.1,0,0
City Hotel,1,29,2016,March,10,2,0,4,2,0.0,0,SC,CHN,Online TA,TA/TO,0,0,0,A,A,0,No Deposit,9.0,0,Transient,73.08,0,0
City Hotel,1,29,2016,March,10,2,2,5,2,0.0,0,SC,PRT,Online TA,TA/TO,0,0,0,A,A,0,No Deposit,8.0,0,Transient,74.23,0,1
City Hotel,1,70,2016,March,10,3,0,2,2,0.0,0,BB,CHN,Online TA,TA/TO,0,0,0,A,A,0,No Deposit,9.0,0,Transient,78.3,0,0
City Hotel,1,44,2016,March,10,3,0,3,2,0.0,0,BB,ITA,Online TA,TA/TO,0,0,0,A,A,0,No Deposit,9.0,0,Transient,78.3,0,0
City Hotel,1,84,2016,March,10,3,0,3,2,0.0,0,BB,ESP,Online TA,TA/TO,0,0,0,A,A,0,No Deposit,9.0,0,Transient,78.3,0,0
City Hotel,1,6,2016,March,10,3,0,3,2,0.0,0,BB,MAR,Online TA,TA/TO,0,0,0,D,D,0,No Deposit,9.0,0,Transient,116.0,0,0
City Hotel,0,66,2016,March,10,3,0,3,2,0.0,0,BB,ESP,Online TA,TA/TO,0,0,0,A,A,0,No Deposit,9.0,0,Transient,80.3,0,1
City Hotel,1,52,2016,March,10,3,0,3,2,0.0,0,BB,GBR,Online TA,TA/TO,0,0,0,A,A,0,No Deposit,9.0,0,Transient,78.3,0,0
City Hotel,0,89,2016,March,10,3,0,3,2,0.0,0,BB,FRA,Online TA,TA/TO,0,0,0,A,A,0,No Deposit,9.0,0,Transient,80.3,0,0
City Hotel,1,60,2016,March,10,3,0,3,2,0.0,0,BB,ITA,Online TA,TA/TO,0,0,0,D,D,3,No Deposit,9.0,0,Transient,87.3,0,1
City Hotel,1,16,2016,March,10,3,0,3,2,0.0,0,SC,DEU,Online TA,TA/TO,0,0,0,A,A,0,No Deposit,9.0,0,Transient,84.33,0,0
City Hotel,1,45,2016,March,10,3,0,3,2,0.0,0,BB,IRL,Online TA,TA/TO,0,0,0,A,A,0,No Deposit,9.0,0,Transient,78.3,0,0
City Hotel,0,80,2016,March,10,3,0,3,2,0.0,0,BB,GBR,Online TA,TA/TO,0,0,0,A,A,0,No Deposit,8.0,0,Transient,80.3,0,1
City Hotel,1,81,2016,March,10,3,0,3,2,0.0,0,BB,CZE,Online TA,TA/TO,0,0,0,D,D,0,No Deposit,9.0,0,Transient,96.3,0,0
City Hotel,1,22,2016,March,10,3,0,3,2,0.0,0,BB,ESP,Online TA,TA/TO,0,0,0,A,A,2,No Deposit,9.0,0,Transient,94.33,0,2
City Hotel,1,16,2016,March,10,3,0,3,2,0.0,0,BB,ITA,Online TA,TA/TO,0,0,0,D,D,0,No Deposit,9.0,0,Transient,109.33,0,0
City Hotel,0,71,2016,March,10,3,1,3,2,0.0,0,BB,FRA,Online TA,TA/TO,0,0,0,A,A,0,No Deposit,155.0,0,Transient,95.25,0,0
City Hotel,1,11,2016,March,10,3,1,3,2,0.0,0,HB,ITA,Online TA,TA/TO,0,0,0,A,A,0,No Deposit,9.0,0,Transient,138.0,0,0
City Hotel,1,39,2016,March,10,3,1,3,2,0.0,0,SC,NLD,Online TA,TA/TO,0,0,0,A,A,0,No Deposit,9.0,0,Transient,71.1,0,0
City Hotel,0,74,2016,March,10,3,1,3,2,0.0,0,BB,FRA,Direct,Direct,0,0,0,A,A,0,No Deposit,14.0,0,Transient,65.75,0,0
City Hotel,1,35,2016,March,10,3,1,3,2,0.0,0,SC,SWE,Online TA,TA/TO,0,0,0,A,A,0,No Deposit,9.0,0,Transient,71.1,0,0
City Hotel,1,65,2016,March,10,3,2,3,2,0.0,0,BB,GBR,Online TA,TA/TO,0,0,0,A,A,0,No Deposit,9.0,0,Transient,73.95,0,2
City Hotel,0,70,2016,March,10,3,2,3,2,0.0,0,BB,PRT,Online TA,TA/TO,0,0,0,A,A,0,No Deposit,8.0,0,Transient,75.95,0,0
City Hotel,1,12,2016,March,10,3,2,5,2,0.0,0,BB,RUS,Online TA,TA/TO,0,0,0,D,D,0,No Deposit,9.0,0,Transient,111.14,0,0
City Hotel,0,62,2016,March,10,3,2,3,2,0.0,0,BB,PRT,Online TA,TA/TO,0,0,0,A,A,0,No Deposit,9.0,0,Transient,71.6,0,0
City Hotel,0,61,2016,March,10,3,2,3,2,0.0,0,BB,GBR,Online TA,TA/TO,0,0,0,A,A,2,No Deposit,9.0,0,Transient,79.36,0,1
City Hotel,1,21,2016,March,10,4,0,1,2,0.0,0,HB,SVN,Online TA,TA/TO,0,0,0,A,A,0,No Deposit,9.0,0,Transient-Party,129.0,0,0
City Hotel,1,21,2016,March,10,4,0,1,2,0.0,0,HB,SVN,Online TA,TA/TO,0,0,0,A,A,0,No Deposit,9.0,0,Transient-Party,129.0,0,0
City Hotel,1,21,2016,March,10,4,0,1,2,0.0,0,HB,SVN,Online TA,TA/TO,0,0,0,A,A,0,No Deposit,9.0,0,Transient-Party,129.0,0,0
City Hotel,1,15,2016,March,10,4,0,2,2,0.0,0,BB,PRT,Online TA,TA/TO,0,0,0,D,D,0,No Deposit,8.0,0,Transient,88.8,0,0
City Hotel,1,46,2016,March,10,4,0,2,2,0.0,0,SC,ITA,Online TA,TA/TO,0,0,0,A,A,0,No Deposit,9.0,0,Transient,67.5,0,0
City Hotel,0,58,2016,March,10,4,0,2,2,0.0,0,BB,BEL,Online TA,TA/TO,0,0,0,A,A,0,No Deposit,9.0,0,Transient-Party,80.3,0,1
City Hotel,0,61,2016,March,10,4,0,2,2,0.0,0,SC,HUN,Online TA,TA/TO,0,0,0,A,A,2,No Deposit,9.0,0,Transient,89.5,0,0
City Hotel,1,29,2016,March,10,4,0,2,2,0.0,0,SC,IRL,Online TA,TA/TO,0,0,0,A,A,2,No Deposit,9.0,0,Transient,81.55,0,2
City Hotel,0,58,2016,March,10,4,0,2,2,0.0,0,BB,BEL,Online TA,TA/TO,0,0,0,A,A,0,No Deposit,9.0,0,Transient-Party,80.3,0,0
City Hotel,1,19,2016,March,10,4,0,2,2,0.0,0,BB,ITA,Online TA,TA/TO,0,0,0,D,D,0,No Deposit,9.0,0,Transient,111.0,0,0
City Hotel,1,71,2016,March,10,4,0,2,2,0.0,0,BB,RUS,Online TA,TA/TO,0,0,0,A,A,0,No Deposit,9.0,0,Transient,78.3,0,1
City Hotel,1,79,2016,March,10,4,0,2,2,0.0,0,BB,DNK,Online TA,TA/TO,0,0,0,D,D,0,No Deposit,9.0,0,Transient,87.3,0,0
City Hotel,0,58,2016,March,10,4,0,2,2,0.0,0,BB,BEL,Online TA,TA/TO,0,0,0,A,A,0,No Deposit,9.0,0,Transient-Party,80.3,0,1
City Hotel,1,46,2016,March,10,4,0,2,2,0.0,0,SC,ITA,Online TA,TA/TO,0,0,0,A,A,0,No Deposit,9.0,0,Transient,67.5,0,0
City Hotel,1,46,2016,March,10,4,0,2,2,0.0,0,SC,ITA,Online TA,TA/TO,0,0,0,A,A,0,No Deposit,9.0,0,Transient,67.5,0,0
City Hotel,1,39,2016,March,10,4,1,2,2,0.0,0,SC,GBR,Online TA,TA/TO,0,0,0,A,A,0,No Deposit,9.0,0,Transient,71.1,0,1
City Hotel,1,14,2016,March,10,4,1,2,2,0.0,0,BB,GBR,Online TA,TA/TO,0,0,0,A,A,0,No Deposit,9.0,0,Transient,97.67,0,1
City Hotel,0,73,2016,March,10,4,1,2,2,0.0,0,BB,IRL,Online TA,TA/TO,0,0,0,A,A,0,No Deposit,7.0,0,Transient,62.29,0,1
City Hotel,1,61,2016,March,10,4,1,2,2,0.0,0,BB,ITA,Online TA,TA/TO,0,0,0,A,A,0,No Deposit,9.0,0,Transient,78.3,0,0
City Hotel,1,62,2016,March,10,4,1,2,2,0.0,0,BB,DEU,Online TA,TA/TO,0,0,0,A,A,0,No Deposit,9.0,0,Transient,80.3,0,0
City Hotel,1,19,2016,March,10,4,1,2,2,0.0,0,BB,ITA,Online TA,TA/TO,0,0,0,A,A,0,No Deposit,7.0,0,Transient,74.64,0,0
City Hotel,1,49,2016,March,10,4,1,2,2,0.0,0,BB,ITA,Online TA,TA/TO,0,0,0,A,A,0,No Deposit,9.0,0,Transient,78.3,0,0
City Hotel,0,62,2016,March,10,4,1,2,2,0.0,0,SC,PRT,Online TA,TA/TO,0,0,0,A,A,0,No Deposit,9.0,0,Transient,69.5,0,1
City Hotel,0,62,2016,March,10,4,2,2,2,0.0,0,BB,GBR,Online TA,TA/TO,0,0,0,A,A,0,No Deposit,7.0,0,Transient,58.94,0,1
City Hotel,1,8,2016,March,10,4,2,2,2,0.0,0,BB,CHN,Online TA,TA/TO,0,0,0,B,B,1,No Deposit,9.0,0,Transient-Party,85.96,0,1
City Hotel,1,14,2016,March,10,4,2,7,2,0.0,0,HB,CHN,Online TA,TA/TO,0,0,0,A,A,0,No Deposit,9.0,0,Transient,132.33,0,0
City Hotel,1,17,2016,March,10,4,3,7,2,0.0,0,SC,DZA,Online TA,TA/TO,0,0,0,A,A,0,No Deposit,9.0,0,Transient,83.4,0,0
City Hotel,1,38,2016,March,10,4,2,4,2,0.0,0,SC,BRA,Online TA,TA/TO,0,0,0,A,A,0,No Deposit,9.0,0,Transient,73.1,0,0
City Hotel,1,21,2016,March,10,4,0,1,2,0.0,0,HB,SVN,Online TA,TA/TO,0,0,0,A,A,0,No Deposit,9.0,0,Transient-Party,129.0,0,0
City Hotel,1,21,2016,March,10,4,0,1,2,0.0,0,HB,SVN,Online TA,TA/TO,0,0,0,A,A,0,No Deposit,9.0,0,Transient-Party,129.0,0,0
City Hotel,1,52,2016,March,10,5,0,1,2,0.0,0,BB,PRT,Online TA,TA/TO,0,0,0,A,A,0,No Deposit,9.0,0,Transient,78.3,0,0
City Hotel,1,4,2016,March,10,5,0,1,2,0.0,0,HB,PRT,Online TA,TA/TO,0,0,0,D,D,0,No Deposit,9.0,0,Transient,154.0,0,0
City Hotel,1,16,2016,March,10,5,1,1,2,0.0,0,SC,ZAF,Online TA,TA/TO,0,0,0,A,A,0,No Deposit,9.0,0,Transient,84.0,0,0
City Hotel,1,35,2016,March,10,5,1,1,2,0.0,0,BB,ITA,Online TA,TA/TO,0,0,0,D,D,0,No Deposit,9.0,0,Transient,95.4,0,0
City Hotel,1,66,2016,March,10,5,1,1,2,0.0,0,HB,ESP,Online TA,TA/TO,0,0,0,A,A,1,No Deposit,155.0,0,Transient,126.0,0,0
City Hotel,0,80,2016,March,10,5,1,1,2,0.0,0,SC,FRA,Online TA,TA/TO,0,0,0,A,A,0,No Deposit,7.0,0,Transient,53.97,0,1
City Hotel,1,28,2016,March,10,5,2,1,2,0.0,0,BB,PRT,Online TA,TA/TO,0,0,0,D,D,0,No Deposit,9.0,0,Transient,105.8,0,0
City Hotel,1,48,2016,March,10,5,2,1,2,0.0,0,SC,ITA,Online TA,TA/TO,0,0,0,A,A,0,No Deposit,9.0,0,Transient,67.5,0,0
City Hotel,0,63,2016,March,10,5,2,1,2,0.0,0,BB,PRT,Online TA,TA/TO,0,0,0,A,B,0,No Deposit,9.0,0,Transient-Party,80.3,0,0
City Hotel,1,63,2016,March,10,5,2,1,2,0.0,0,BB,GBR,Online TA,TA/TO,0,0,0,D,D,0,No Deposit,9.0,0,Transient,87.3,0,0
City Hotel,1,31,2016,March,10,5,2,1,2,0.0,0,BB,BEL,Online TA,TA/TO,0,0,0,A,A,0,No Deposit,9.0,0,Transient,84.9,0,0
City Hotel,0,63,2016,March,10,5,2,1,2,0.0,0,BB,ITA,Online TA,TA/TO,0,0,0,A,B,0,No Deposit,9.0,0,Transient-Party,80.3,0,0
City Hotel,1,9,2016,March,10,5,2,1,2,0.0,0,BB,PRT,Offline TA/TO,TA/TO,0,0,0,D,D,0,No Deposit,85.0,0,Transient,92.0,0,0
City Hotel,1,4,2016,March,10,5,2,1,2,0.0,0,BB,USA,Online TA,TA/TO,0,0,0,D,D,0,No Deposit,9.0,0,Transient,118.0,0,0
City Hotel,1,50,2016,March,10,5,2,2,2,0.0,0,BB,RUS,Online TA,TA/TO,0,0,0,B,B,0,No Deposit,9.0,0,Transient-Party,67.66,0,0
City Hotel,0,81,2016,March,10,5,2,2,2,0.0,0,BB,PRT,Online TA,TA/TO,0,0,0,A,A,0,No Deposit,8.0,0,Transient,75.95,0,1
City Hotel,0,64,2016,March,10,5,2,2,2,0.0,0,BB,FRA,Online TA,TA/TO,0,0,0,A,A,0,No Deposit,9.0,0,Transient,71.6,0,0
City Hotel,1,50,2016,March,10,5,2,2,2,0.0,0,BB,RUS,Online TA,TA/TO,0,0,0,B,B,1,No Deposit,9.0,0,Transient-Party,65.66,0,0
City Hotel,1,40,2016,March,10,5,2,3,2,0.0,0,BB,ITA,Online TA,TA/TO,0,0,0,A,A,0,No Deposit,9.0,0,Transient-Party,81.9,0,0
City Hotel,0,60,2016,March,10,5,2,3,2,0.0,0,BB,CHE,Online TA,TA/TO,0,0,0,D,D,0,No Deposit,9.0,0,Transient,84.45,0,0
City Hotel,1,50,2016,March,10,5,2,5,2,0.0,0,SC,BRA,Online TA,TA/TO,0,0,0,A,A,0,No Deposit,9.0,0,Transient,63.75,0,0
City Hotel,1,29,2016,March,11,6,2,0,2,0.0,0,BB,PRT,Online TA,TA/TO,0,0,0,D,D,0,No Deposit,9.0,0,Transient,100.7,0,0
City Hotel,1,53,2016,March,11,6,2,1,2,0.0,0,BB,BRA,Online TA,TA/TO,0,0,0,D,D,0,No Deposit,9.0,0,Transient,96.3,0,0
City Hotel,0,64,2016,March,11,6,2,2,2,0.0,0,BB,CZE,Online TA,TA/TO,0,0,0,A,A,2,No Deposit,9.0,0,Transient,83.48,0,0
City Hotel,0,77,2016,March,11,6,2,2,2,0.0,0,BB,IRL,Online TA,TA/TO,0,0,0,A,A,0,No Deposit,9.0,0,Transient,78.2,0,1
City Hotel,1,42,2016,March,11,6,2,2,2,0.0,0,BB,GBR,Online TA,TA/TO,0,0,0,A,A,0,No Deposit,9.0,0,Transient,80.76,0,1
City Hotel,0,90,2016,March,11,6,2,3,2,0.0,0,BB,ITA,Online TA,TA/TO,0,0,0,D,D,0,No Deposit,9.0,0,Transient,84.45,0,0
City Hotel,1,39,2016,March,11,6,2,3,2,0.0,0,BB,ITA,Online TA,TA/TO,0,0,0,A,A,0,No Deposit,9.0,0,Transient,116.1,0,1
City Hotel,1,60,2016,March,11,6,2,5,2,0.0,0,BB,ESP,Online TA,TA/TO,0,0,0,A,A,0,No Deposit,9.0,0,Transient,82.95,0,0
City Hotel,1,56,2016,March,11,6,2,5,2,0.0,0,BB,DEU,Online TA,TA/TO,0,0,0,D,D,0,No Deposit,9.0,0,Transient,82.45,0,0
City Hotel,1,21,2016,March,11,7,1,0,2,0.0,0,BB,CHN,Online TA,TA/TO,0,0,0,A,A,0,No Deposit,9.0,0,Transient,91.0,0,0
City Hotel,1,21,2016,March,11,7,1,0,2,0.0,0,BB,CHN,Online TA,TA/TO,0,0,0,A,A,0,No Deposit,9.0,0,Transient,91.0,0,0
City Hotel,1,10,2016,March,11,7,1,2,2,0.0,0,SC,ITA,Online TA,TA/TO,0,0,0,A,A,0,No Deposit,9.0,0,Transient,79.0,0,0
City Hotel,1,5,2016,March,11,7,1,2,2,0.0,0,SC,TUR,Online TA,TA/TO,0,0,0,A,A,0,No Deposit,9.0,0,Transient,89.0,0,1
City Hotel,1,80,2016,March,11,7,1,2,2,0.0,0,BB,FRA,Online TA,TA/TO,0,0,0,A,A,0,No Deposit,9.0,0,Transient,78.3,0,1
City Hotel,1,49,2016,March,11,7,1,2,2,0.0,0,BB,IRL,Online TA,TA/TO,0,0,0,A,A,0,No Deposit,9.0,0,Transient,78.3,0,0
City Hotel,1,49,2016,March,11,7,1,2,2,0.0,0,BB,IRL,Online TA,TA/TO,0,0,0,D,D,0,No Deposit,9.0,0,Transient,87.3,0,0
City Hotel,1,35,2016,March,11,7,1,2,2,0.0,0,BB,NLD,Online TA,TA/TO,0,0,0,A,A,0,No Deposit,9.0,0,Transient,81.9,0,0
City Hotel,0,92,2016,March,11,7,1,2,2,0.0,0,BB,FRA,Online TA,TA/TO,0,0,0,A,A,0,No Deposit,9.0,0,Transient,80.3,0,1
City Hotel,1,48,2016,March,11,7,1,3,2,0.0,0,BB,POL,Online TA,TA/TO,0,0,0,A,A,1,No Deposit,9.0,0,Transient,73.95,0,1
City Hotel,0,76,2016,March,11,7,1,3,2,0.0,0,SC,IRL,Online TA,TA/TO,0,0,0,A,A,0,No Deposit,9.0,0,Transient,65.75,0,1
City Hotel,1,45,2016,March,11,7,1,3,2,0.0,0,SC,CHE,Online TA,TA/TO,0,0,0,A,A,0,No Deposit,9.0,0,Transient,63.75,0,0
City Hotel,1,3,2016,March,11,7,1,4,2,0.0,0,SC,GEO,Online TA,TA/TO,0,0,0,A,A,0,No Deposit,9.0,0,Transient,90.6,0,0
City Hotel,1,90,2016,March,11,7,1,4,2,0.0,0,BB,FRA,Online TA,TA/TO,0,0,0,A,A,0,No Deposit,9.0,0,Transient,73.95,0,0
City Hotel,1,62,2016,March,11,7,1,4,2,0.0,0,SC,BEL,Online TA,TA/TO,0,0,0,A,A,0,No Deposit,9.0,0,Transient,72.75,0,0
City Hotel,1,3,2016,March,11,7,1,4,2,0.0,0,SC,GEO,Online TA,TA/TO,0,0,0,A,A,0,No Deposit,9.0,0,Transient,92.6,0,1
City Hotel,1,45,2016,March,11,8,0,1,2,0.0,0,SC,PRT,Online TA,TA/TO,0,0,0,A,A,0,No Deposit,9.0,0,Transient,67.5,0,0
City Hotel,1,5,2016,March,11,8,0,3,2,0.0,0,BB,NLD,Online TA,TA/TO,0,0,0,A,A,0,No Deposit,9.0,0,Transient,101.0,0,0
City Hotel,1,17,2016,March,11,8,0,3,2,0.0,0,BB,PRT,Direct,Direct,0,0,0,A,A,0,No Deposit,14.0,0,Transient,98.0,0,0
City Hotel,1,38,2016,March,11,8,0,4,2,0.0,0,BB,ESP,Online TA,TA/TO,0,0,0,A,A,0,No Deposit,9.0,0,Transient,81.9,0,1
City Hotel,1,72,2016,March,11,8,0,4,2,0.0,0,BB,PRT,Online TA,TA/TO,0,0,0,D,D,0,No Deposit,8.0,0,Transient,82.45,0,1
City Hotel,1,16,2016,March,11,8,0,4,2,0.0,0,SC,ITA,Online TA,TA/TO,0,0,0,A,A,0,No Deposit,9.0,0,Transient,83.5,0,0
City Hotel,0,80,2016,March,11,8,0,4,2,0.0,0,BB,DEU,Online TA,TA/TO,0,0,0,A,A,0,No Deposit,9.0,0,Transient,75.95,0,0
City Hotel,1,49,2016,March,11,8,0,4,2,0.0,0,SC,ITA,Online TA,TA/TO,0,0,0,A,A,0,No Deposit,9.0,0,Transient,63.75,0,0
City Hotel,1,35,2016,March,11,8,2,5,2,0.0,0,BB,GBR,Online TA,TA/TO,0,0,0,A,A,0,No Deposit,9.0,0,Transient,81.9,0,1
City Hotel,1,36,2016,March,11,8,2,5,2,0.0,0,SC,GBR,Online TA,TA/TO,0,0,0,A,A,0,No Deposit,9.0,0,Transient,71.1,0,0
City Hotel,1,25,2016,March,11,8,2,5,2,0.0,0,SC,BRA,Online TA,TA/TO,0,0,0,A,A,2,No Deposit,9.0,0,Transient,81.86,0,1
City Hotel,1,31,2016,March,11,9,0,1,2,0.0,0,BB,HUN,Online TA,TA/TO,0,0,0,A,A,0,No Deposit,9.0,0,Transient,81.9,0,0
City Hotel,0,2,2016,March,11,9,0,1,2,0.0,0,BB,PRT,Corporate,Corporate,0,0,0,A,A,1,No Deposit,,0,Transient-Party,40.0,0,1
City Hotel,1,59,2016,March,11,9,0,2,2,0.0,0,SC,SGP,Online TA,TA/TO,0,0,0,A,A,0,No Deposit,9.0,0,Transient,67.5,0,0
City Hotel,1,70,2016,March,11,9,0,2,2,0.0,0,SC,USA,Online TA,TA/TO,0,0,0,A,A,0,No Deposit,9.0,0,Transient,67.5,0,1
City Hotel,0,81,2016,March,11,9,0,3,2,0.0,0,SC,GBR,Online TA,TA/TO,0,0,0,A,A,0,No Deposit,8.0,0,Transient,67.5,0,1
City Hotel,0,94,2016,March,11,9,0,3,2,0.0,0,BB,FRA,Online TA,TA/TO,0,0,0,D,D,0,No Deposit,9.0,0,Transient,96.3,1,0
City Hotel,1,8,2016,March,11,9,0,3,2,0.0,0,BB,PRT,Groups,TA/TO,0,0,0,A,A,0,No Deposit,,0,Transient-Party,100.0,0,0
City Hotel,1,19,2016,March,11,9,0,3,2,0.0,0,SC,ITA,Online TA,TA/TO,0,0,0,A,A,0,No Deposit,9.0,0,Transient,85.0,0,0
City Hotel,0,66,2016,March,11,9,0,3,2,0.0,0,BB,CHE,Online TA,TA/TO,0,0,0,D,D,0,No Deposit,9.0,0,Transient,96.3,1,0
City Hotel,1,52,2016,March,11,9,0,4,2,0.0,0,SC,HUN,Online TA,TA/TO,0,0,0,A,A,0,No Deposit,9.0,0,Transient,63.75,0,0
City Hotel,1,36,2016,March,11,9,0,4,2,0.0,0,BB,PRT,Online TA,TA/TO,0,0,0,A,A,0,No Deposit,7.0,0,Transient,63.06,0,1
City Hotel,1,62,2016,March,11,9,0,4,2,0.0,0,SC,GBR,Online TA,TA/TO,0,0,0,A,A,0,No Deposit,9.0,0,Transient,63.75,0,0
City Hotel,1,52,2016,March,11,9,0,4,2,0.0,0,SC,HUN,Online TA,TA/TO,0,0,0,A,A,0,No Deposit,9.0,0,Transient,63.75,0,0
City Hotel,1,21,2016,March,11,9,0,4,2,0.0,0,BB,NLD,Online TA,TA/TO,0,0,0,A,A,0,No Deposit,9.0,0,Transient,93.5,0,0
City Hotel,1,64,2016,March,11,9,1,4,2,0.0,0,BB,SWE,Online TA,TA/TO,0,0,0,A,A,0,No Deposit,9.0,0,Transient,73.95,0,1
City Hotel,1,35,2016,March,11,9,2,5,2,0.0,0,BB,GBR,Online TA,TA/TO,0,0,0,A,A,0,No Deposit,9.0,0,Transient,81.9,0,0
City Hotel,1,51,2016,March,11,9,2,6,2,0.0,0,SC,BRA,Online TA,TA/TO,0,0,0,A,A,0,No Deposit,9.0,0,Transient,63.75,0,0
City Hotel,1,60,2016,March,11,10,0,1,2,0.0,0,SC,PRT,Online TA,TA/TO,0,0,0,A,A,0,No Deposit,9.0,0,Transient,76.5,0,0
City Hotel,1,0,2016,March,11,10,0,1,2,0.0,0,SC,PRT,Complementary,Direct,0,0,0,G,A,1,No Deposit,,0,Transient,0.0,0,1
City Hotel,1,36,2016,March,11,10,0,1,2,0.0,0,BB,PRT,Online TA,TA/TO,0,0,0,A,A,0,No Deposit,8.0,0,Transient,81.9,0,2
City Hotel,0,65,2016,March,11,10,0,1,2,0.0,0,SC,DEU,Online TA,TA/TO,0,0,0,A,A,0,No Deposit,9.0,0,Transient,76.5,1,0
City Hotel,1,36,2016,March,11,10,0,1,2,0.0,0,BB,SWE,Online TA,TA/TO,0,0,0,A,A,0,No Deposit,9.0,0,Transient,81.9,0,0
City Hotel,1,2,2016,March,11,10,0,1,2,0.0,0,SC,USA,Online TA,TA/TO,0,0,0,A,A,0,No Deposit,9.0,0,Transient,89.0,0,0
City Hotel,0,67,2016,March,11,10,0,3,2,0.0,0,SC,GBR,Online TA,TA/TO,0,0,0,A,A,2,No Deposit,9.0,0,Transient-Party,67.5,0,1
City Hotel,0,67,2016,March,11,10,0,3,2,0.0,0,BB,GBR,Online TA,TA/TO,0,0,0,A,A,0,No Deposit,9.0,0,Transient,78.3,0,1
City Hotel,0,64,2016,March,11,10,0,3,2,0.0,0,BB,AUT,Online TA,TA/TO,0,0,0,D,D,0,No Deposit,8.0,0,Transient,87.3,0,1
City Hotel,0,86,2016,March,11,10,0,3,2,0.0,0,BB,GBR,Online TA,TA/TO,0,0,0,D,D,0,No Deposit,9.0,0,Transient,87.3,0,2
City Hotel,1,47,2016,March,11,10,0,3,2,0.0,0,BB,FRA,Online TA,TA/TO,0,0,0,D,D,0,No Deposit,9.0,0,Transient,91.8,0,0
City Hotel,1,61,2016,March,11,10,0,3,2,0.0,0,BB,GBR,Online TA,TA/TO,0,0,0,D,D,0,No Deposit,9.0,0,Transient,87.3,0,0
City Hotel,0,74,2016,March,11,10,0,3,2,0.0,0,BB,DEU,Online TA,TA/TO,0,0,0,D,D,0,No Deposit,9.0,0,Transient,89.3,0,1
City Hotel,0,64,2016,March,11,10,0,3,2,0.0,0,BB,AUT,Online TA,TA/TO,0,0,0,D,D,0,No Deposit,8.0,0,Transient,89.3,0,1
City Hotel,1,60,2016,March,11,10,0,3,2,0.0,0,BB,PRT,Online TA,TA/TO,0,0,0,D,D,0,No Deposit,8.0,0,Transient,87.3,0,0
City Hotel,1,59,2016,March,11,10,1,3,2,0.0,0,BB,ITA,Online TA,TA/TO,0,0,0,D,D,0,No Deposit,9.0,0,Transient,82.45,0,0
City Hotel,1,68,2016,March,11,10,1,3,2,0.0,0,BB,CHE,Online TA,TA/TO,0,0,0,A,A,0,No Deposit,9.0,0,Transient,73.95,0,0
City Hotel,0,67,2016,March,11,10,1,3,2,0.0,0,BB,DEU,Online TA,TA/TO,0,0,0,A,A,0,No Deposit,9.0,0,Transient-Party,75.95,0,0
City Hotel,0,69,2016,March,11,10,1,3,2,0.0,0,BB,CZE,Online TA,TA/TO,0,0,0,A,A,0,No Deposit,9.0,0,Transient,69.6,0,0
City Hotel,0,67,2016,March,11,10,1,3,2,0.0,0,BB,PRT,Online TA,TA/TO,0,0,0,A,A,0,No Deposit,9.0,0,Transient-Party,73.95,0,0
City Hotel,1,23,2016,March,11,10,1,3,2,0.0,0,BB,FRA,Online TA,TA/TO,0,0,0,A,A,0,No Deposit,9.0,0,Transient,96.0,0,0
City Hotel,1,39,2016,March,11,10,2,3,2,0.0,0,BB,CN,Online TA,TA/TO,0,0,0,A,A,0,No Deposit,9.0,0,Transient,81.9,0,1
City Hotel,0,67,2016,March,11,10,2,3,2,0.0,0,SC,GBR,Online TA,TA/TO,0,0,0,A,A,0,No Deposit,9.0,0,Transient,63.75,0,1
City Hotel,1,15,2016,March,11,10,2,4,2,0.0,0,SC,RUS,Online TA,TA/TO,0,0,0,A,A,0,No Deposit,9.0,0,Transient,88.0,0,0
City Hotel,1,27,2016,March,11,10,2,5,2,0.0,0,SC,ITA,Online TA,TA/TO,0,0,0,A,A,0,No Deposit,9.0,0,Transient,77.2,0,2
City Hotel,1,64,2016,March,11,10,6,13,2,0.0,0,SC,BRA,Online TA,TA/TO,0,0,0,A,A,0,No Deposit,9.0,0,Transient,70.46,0,0
City Hotel,1,39,2016,March,11,11,0,1,2,0.0,0,SC,PRT,Online TA,TA/TO,0,0,0,A,A,0,No Deposit,9.0,0,Transient,71.1,0,0
City Hotel,1,17,2016,March,11,11,0,1,2,0.0,0,SC,SWE,Online TA,TA/TO,0,0,0,A,A,2,No Deposit,9.0,0,Transient,97.0,0,0
City Hotel,0,68,2016,March,11,11,0,2,2,0.0,0,SC,PRT,Online TA,TA/TO,0,0,0,A,D,1,No Deposit,9.0,0,Transient,67.5,0,1
City Hotel,0,65,2016,March,11,11,0,2,2,0.0,0,BB,BEL,Online TA,TA/TO,0,0,0,A,A,0,No Deposit,9.0,0,Transient,78.3,0,1
City Hotel,1,39,2016,March,11,11,0,2,2,0.0,0,SC,CHN,Online TA,TA/TO,0,0,0,A,A,0,No Deposit,9.0,0,Transient,71.1,0,1
City Hotel,0,68,2016,March,11,11,0,2,2,0.0,0,SC,GBR,Online TA,TA/TO,0,0,0,A,A,1,No Deposit,9.0,0,Transient-Party,67.5,0,1
City Hotel,1,17,2016,March,11,11,0,2,2,0.0,0,SC,BEL,Online TA,TA/TO,0,0,0,A,A,0,No Deposit,9.0,0,Transient,97.0,0,1
City Hotel,1,45,2016,March,11,11,0,2,2,0.0,0,SC,PRT,Online TA,TA/TO,0,0,0,A,A,0,No Deposit,9.0,0,Transient,71.1,0,0
City Hotel,0,68,2016,March,11,11,0,2,2,0.0,0,SC,PRT,Online TA,TA/TO,0,0,0,A,A,1,No Deposit,9.0,0,Transient,67.5,0,1
City Hotel,1,6,2016,March,11,11,0,2,2,0.0,0,BB,ESP,Online TA,TA/TO,0,0,0,A,A,0,No Deposit,9.0,0,Transient,118.0,0,0
City Hotel,1,51,2016,March,11,11,1,2,2,0.0,0,SC,ARG,Online TA,TA/TO,0,0,0,A,A,0,No Deposit,9.0,0,Transient,76.5,0,0
City Hotel,0,64,2016,March,11,11,1,2,2,0.0,0,SC,GBR,Online TA,TA/TO,0,0,0,A,A,0,No Deposit,7.0,0,Transient,51.97,0,1
City Hotel,1,17,2016,March,11,11,1,2,2,0.0,0,SC,FRA,Online TA,TA/TO,0,0,0,A,A,0,No Deposit,9.0,0,Transient,97.0,0,0
City Hotel,1,133,2016,March,11,11,1,2,2,0.0,0,BB,PRT,Offline TA/TO,TA/TO,0,0,0,B,B,0,No Deposit,129.0,0,Transient-Party,75.0,0,0
City Hotel,0,74,2016,March,11,11,1,2,2,0.0,0,BB,NLD,Online TA,TA/TO,0,0,0,A,A,0,No Deposit,9.0,0,Transient,78.3,0,1
City Hotel,1,8,2016,March,11,11,1,2,2,0.0,0,BB,FRA,Online TA,TA/TO,0,0,0,D,D,0,No Deposit,9.0,0,Transient,124.0,0,0
City Hotel,1,24,2016,March,11,11,1,2,2,0.0,0,BB,FRA,Online TA,TA/TO,0,0,0,A,A,0,No Deposit,9.0,0,Transient,97.67,0,1
City Hotel,0,87,2016,March,11,11,1,2,2,0.0,0,SC,GBR,Online TA,TA/TO,0,0,0,A,A,0,No Deposit,7.0,0,Transient,51.97,0,1
City Hotel,1,8,2016,March,11,11,1,2,2,0.0,0,BB,FRA,Online TA,TA/TO,0,0,0,D,D,0,No Deposit,9.0,0,Transient,124.0,0,0
City Hotel,1,57,2016,March,11,11,1,2,2,0.0,0,SC,DEU,Online TA,TA/TO,0,0,0,A,A,0,No Deposit,9.0,0,Transient,67.5,0,0
City Hotel,1,34,2016,March,11,11,1,2,2,0.0,0,SC,ESP,Online TA,TA/TO,0,0,0,A,A,0,No Deposit,9.0,0,Transient,80.1,0,1
City Hotel,0,69,2016,March,11,11,1,2,2,0.0,0,SC,NLD,Online TA,TA/TO,0,0,0,A,A,0,No Deposit,11.0,0,Transient,48.6,0,0
City Hotel,1,31,2016,March,11,11,1,2,2,0.0,0,BB,GBR,Online TA,TA/TO,0,0,0,D,D,0,No Deposit,9.0,0,Transient,95.4,0,0
City Hotel,1,5,2016,March,11,11,1,2,2,0.0,0,BB,BEL,Online TA,TA/TO,0,0,0,A,A,0,No Deposit,9.0,0,Transient,109.0,0,0
City Hotel,1,57,2016,March,11,11,1,2,2,0.0,0,BB,GBR,Online TA,TA/TO,0,0,0,A,A,0,No Deposit,9.0,0,Transient,78.3,0,0
City Hotel,0,67,2016,March,11,11,1,2,2,0.0,0,BB,POL,Direct,Direct,0,0,0,A,A,0,No Deposit,14.0,0,Transient,67.5,0,1
City Hotel,1,40,2016,March,11,11,2,2,2,0.0,0,SC,ITA,Online TA,TA/TO,0,0,0,A,A,0,No Deposit,9.0,0,Transient,71.1,0,0
City Hotel,1,50,2016,March,11,11,2,2,2,0.0,0,BB,TUR,Online TA,TA/TO,0,0,0,D,D,0,No Deposit,9.0,0,Transient,82.45,0,0
City Hotel,1,50,2016,March,11,11,2,2,2,0.0,0,SC,TUR,Online TA,TA/TO,0,0,0,A,A,0,No Deposit,9.0,0,Transient,63.75,0,0
City Hotel,1,38,2016,March,11,11,2,2,2,0.0,0,BB,NLD,Online TA,TA/TO,0,0,0,A,A,0,No Deposit,9.0,0,Transient,81.9,0,1
City Hotel,1,50,2016,March,11,11,2,2,2,0.0,0,BB,TUR,Online TA,TA/TO,0,0,0,D,D,0,No Deposit,9.0,0,Transient,82.45,0,0
City Hotel,1,51,2016,March,11,11,2,2,2,0.0,0,BB,PRT,Online TA,TA/TO,0,0,0,A,A,0,No Deposit,7.0,0,Transient,54.09,0,0
City Hotel,1,64,2016,March,11,11,2,2,2,0.0,0,BB,FRA,Online TA,TA/TO,0,0,0,A,A,0,No Deposit,9.0,0,Transient,73.95,0,0
City Hotel,1,75,2016,March,11,12,0,1,2,0.0,0,BB,PRT,Direct,Direct,0,0,0,A,A,2,No Deposit,14.0,0,Transient,71.1,0,1
City Hotel,1,75,2016,March,11,12,0,1,2,0.0,0,BB,PRT,Direct,Direct,0,0,0,A,A,2,No Deposit,14.0,0,Transient,71.1,0,1
City Hotel,1,45,2016,March,11,12,1,1,2,0.0,0,SC,BRA,Online TA,TA/TO,0,0,0,A,A,0,No Deposit,9.0,0,Transient,71.1,0,0
City Hotel,1,97,2016,March,11,12,1,1,2,0.0,0,BB,FRA,Online TA,TA/TO,0,0,0,A,A,0,No Deposit,9.0,0,Transient,78.3,0,0
City Hotel,1,69,2016,March,11,12,1,1,2,0.0,0,BB,USA,Online TA,TA/TO,0,0,0,A,A,1,No Deposit,9.0,0,Transient,72.9,0,1
City Hotel,1,29,2016,March,11,12,1,1,2,0.0,0,SC,FRA,Online TA,TA/TO,0,0,0,A,A,0,No Deposit,9.0,0,Transient,84.55,0,0
City Hotel,0,83,2016,March,11,12,2,1,2,0.0,0,BB,FRA,Online TA,TA/TO,0,0,0,A,A,0,No Deposit,9.0,0,Transient,78.3,0,0
City Hotel,1,70,2016,March,11,12,2,1,2,0.0,0,BB,GBR,Online TA,TA/TO,0,0,0,A,A,0,No Deposit,9.0,0,Transient,78.3,0,0
City Hotel,1,15,2016,March,11,12,2,1,2,0.0,0,BB,BEL,Online TA,TA/TO,0,0,0,A,A,0,No Deposit,9.0,0,Transient,103.0,0,0
City Hotel,1,70,2016,March,11,12,2,1,2,0.0,0,SC,GBR,Online TA,TA/TO,0,0,0,A,A,0,No Deposit,9.0,0,Transient,67.5,0,0
City Hotel,1,64,2016,March,11,12,2,2,2,0.0,0,SC,DEU,Online TA,TA/TO,0,0,0,A,A,0,No Deposit,9.0,0,Transient,63.75,0,0
City Hotel,0,99,2016,March,11,12,2,2,2,0.0,0,BB,FRA,Online TA,TA/TO,0,0,0,D,D,0,No Deposit,9.0,0,Transient,91.45,1,0
City Hotel,1,44,2016,March,11,12,2,3,2,0.0,0,BB,DEU,Online TA,TA/TO,0,0,0,A,A,0,No Deposit,9.0,0,Transient,78.26,0,0
City Hotel,0,71,2016,March,11,12,2,3,2,0.0,0,SC,SWE,Online TA,TA/TO,0,0,0,A,A,0,No Deposit,11.0,0,Transient,45.9,0,0
City Hotel,0,83,2016,March,11,12,2,4,2,0.0,0,BB,PRT,Online TA,TA/TO,0,0,0,D,D,0,No Deposit,,0,Transient,82.45,0,0
City Hotel,0,79,2016,March,11,12,2,5,2,0.0,0,BB,FRA,Online TA,TA/TO,0,0,0,A,A,0,No Deposit,7.0,0,Transient,56.94,0,1
City Hotel,0,84,2016,March,11,12,2,5,2,0.0,0,BB,DEU,Offline TA/TO,TA/TO,0,0,0,A,A,0,No Deposit,159.0,0,Transient,73.95,0,0
City Hotel,1,6,2016,March,12,13,1,0,2,0.0,0,BB,PRT,Corporate,Corporate,0,0,0,A,A,1,No Deposit,179.0,0,Transient,84.0,0,0
City Hotel,1,10,2016,March,12,13,1,0,2,0.0,0,SC,BRA,Online TA,TA/TO,0,0,0,A,A,0,No Deposit,9.0,0,Transient,97.0,0,0
City Hotel,1,10,2016,March,12,13,1,0,2,0.0,0,SC,BRA,Online TA,TA/TO,0,0,0,A,A,0,No Deposit,9.0,0,Transient,97.0,0,0
City Hotel,0,67,2016,March,12,13,2,0,2,0.0,0,BB,ITA,Online TA,TA/TO,0,0,0,A,A,0,No Deposit,9.0,0,Transient,78.3,0,0
City Hotel,1,70,2016,March,12,13,2,1,2,0.0,0,BB,SWE,Online TA,TA/TO,0,0,0,D,D,0,No Deposit,9.0,0,Transient,87.3,0,0
City Hotel,0,68,2016,March,12,13,2,2,2,0.0,0,SC,PRT,Online TA,TA/TO,0,0,0,A,A,0,No Deposit,9.0,0,Transient,63.75,0,1
City Hotel,1,44,2016,March,12,13,2,2,2,0.0,0,BB,DEU,Online TA,TA/TO,0,0,0,A,A,0,No Deposit,9.0,0,Transient,78.49,0,1
City Hotel,0,67,2016,March,12,13,2,2,2,0.0,0,SC,GBR,Online TA,TA/TO,0,0,0,A,A,0,No Deposit,7.0,0,Transient,49.09,0,1
City Hotel,1,46,2016,March,12,13,2,2,2,0.0,0,SC,GBR,Online TA,TA/TO,0,0,0,A,A,0,No Deposit,9.0,0,Transient,67.15,0,0
City Hotel,1,59,2016,March,12,13,2,2,2,0.0,0,BB,IRL,Online TA,TA/TO,0,0,0,D,D,0,No Deposit,9.0,0,Transient,82.45,0,0
City Hotel,1,33,2016,March,12,13,2,2,2,0.0,0,SC,TUR,Online TA,TA/TO,0,0,0,A,A,0,No Deposit,9.0,0,Transient,71.1,0,0
City Hotel,0,69,2016,March,12,13,2,3,2,0.0,0,BB,IRL,Online TA,TA/TO,0,0,0,D,D,0,No Deposit,8.0,0,Transient,82.45,0,0
City Hotel,1,71,2016,March,12,13,2,3,2,0.0,0,BB,DEU,Online TA,TA/TO,0,0,0,A,A,0,No Deposit,9.0,0,Transient,73.95,0,0
City Hotel,1,72,2016,March,12,13,2,3,2,0.0,0,SC,DEU,Online TA,TA/TO,0,0,0,A,A,3,No Deposit,9.0,0,Transient,63.75,0,0
City Hotel,1,15,2016,March,12,13,2,3,2,0.0,0,SC,PRT,Online TA,TA/TO,0,0,0,A,A,0,No Deposit,7.0,0,Transient,63.6,0,0
City Hotel,1,66,2016,March,12,13,2,5,2,0.0,0,BB,ESP,Online TA,TA/TO,0,0,0,A,A,0,No Deposit,9.0,0,Transient,85.38,0,0
City Hotel,1,46,2016,March,12,13,3,5,2,0.0,0,BB,FRA,Online TA,TA/TO,0,0,0,D,D,0,No Deposit,9.0,0,Transient,96.16,0,1
City Hotel,1,43,2016,March,12,14,1,1,2,0.0,0,BB,GBR,Online TA,TA/TO,0,0,0,A,A,0,No Deposit,9.0,0,Transient,81.9,0,1
City Hotel,0,75,2016,March,12,14,1,2,2,0.0,0,BB,PRT,Online TA,TA/TO,0,0,0,B,B,0,No Deposit,9.0,0,Transient-Party,69.53,0,0
City Hotel,1,35,2016,March,12,14,1,2,2,0.0,0,SC,USA,Online TA,TA/TO,0,0,0,A,A,0,No Deposit,9.0,0,Transient,71.1,0,0
City Hotel,0,76,2016,March,12,14,1,2,2,0.0,0,BB,PRT,Online TA,TA/TO,0,0,0,B,B,1,No Deposit,9.0,0,Transient-Party,69.52,0,1
City Hotel,0,72,2016,March,12,14,1,2,2,0.0,0,BB,DNK,Online TA,TA/TO,0,0,0,D,D,2,No Deposit,9.0,0,Transient,104.4,0,1
City Hotel,1,33,2016,March,12,14,1,2,2,0.0,0,BB,PRT,Offline TA/TO,TA/TO,0,0,0,A,D,0,No Deposit,28.0,0,Transient,85.0,0,0
City Hotel,1,72,2016,March,12,14,1,3,2,0.0,0,SC,POL,Online TA,TA/TO,0,0,0,A,A,2,No Deposit,9.0,0,Transient,68.4,0,1
City Hotel,0,71,2016,March,12,14,1,4,2,0.0,0,BB,FRA,Online TA,TA/TO,0,0,0,A,A,0,No Deposit,7.0,0,Transient,58.25,0,1
City Hotel,1,37,2016,March,12,14,1,3,2,0.0,0,BB,FRA,Online TA,TA/TO,0,0,0,D,D,0,No Deposit,9.0,0,Transient,95.4,0,1
City Hotel,1,42,2016,March,12,14,1,4,2,0.0,0,HB,DEU,Online TA,TA/TO,0,0,0,D,D,1,No Deposit,9.0,0,Transient,129.95,0,0
City Hotel,1,68,2016,March,12,15,0,1,2,0.0,0,SC,AGO,Online TA,TA/TO,0,0,0,A,A,0,No Deposit,9.0,0,Transient,67.5,0,0
City Hotel,0,75,2016,March,12,15,0,2,2,0.0,0,SC,ITA,Online TA,TA/TO,0,0,0,A,A,0,No Deposit,9.0,0,Transient,67.5,0,0
City Hotel,1,101,2016,March,12,15,0,3,2,0.0,0,BB,FRA,Online TA,TA/TO,0,0,0,A,A,0,No Deposit,9.0,0,Transient,78.3,0,0
City Hotel,1,99,2016,March,12,15,0,4,2,0.0,0,BB,BEL,Online TA,TA/TO,0,0,0,A,A,0,No Deposit,9.0,0,Transient,73.95,0,0
City Hotel,0,93,2016,March,12,15,0,4,2,0.0,0,SC,LUX,Offline TA/TO,TA/TO,0,0,0,A,A,0,No Deposit,159.0,0,Transient,63.75,0,0
City Hotel,1,80,2016,March,12,15,0,4,2,0.0,0,BB,DEU,Online TA,TA/TO,0,0,0,A,A,0,No Deposit,9.0,0,Transient,73.95,0,0
City Hotel,1,99,2016,March,12,15,0,4,2,0.0,0,BB,BEL,Online TA,TA/TO,0,0,0,A,A,0,No Deposit,9.0,0,Transient,73.95,0,0
City Hotel,1,56,2016,March,12,15,0,4,2,0.0,0,SC,TUN,Online TA,TA/TO,0,0,0,A,A,0,No Deposit,9.0,0,Transient,68.64,0,0
City Hotel,1,18,2016,March,12,15,0,5,2,0.0,0,BB,PRT,Direct,Direct,0,0,0,E,E,0,No Deposit,,0,Transient,128.8,0,0
City Hotel,1,106,2016,March,12,15,2,9,2,0.0,0,BB,PRT,Online TA,TA/TO,0,0,0,D,D,0,No Deposit,8.0,0,Transient,110.77,0,0
City Hotel,1,17,2016,March,12,16,0,1,2,0.0,0,SC,PRT,Online TA,TA/TO,0,0,0,A,A,0,No Deposit,9.0,0,Transient,97.0,0,0
City Hotel,1,72,2016,March,12,16,0,1,2,0.0,0,SC,RUS,Online TA,TA/TO,0,0,0,A,A,0,No Deposit,9.0,0,Transient,67.5,0,0
City Hotel,0,72,2016,March,12,16,0,1,2,0.0,0,BB,RUS,Direct,Direct,0,0,0,A,A,0,No Deposit,14.0,0,Transient,67.5,0,1
City Hotel,1,35,2016,March,12,16,0,2,2,0.0,0,HB,BRA,Online TA,TA/TO,0,0,0,A,A,1,No Deposit,9.0,0,Transient,116.1,0,0
City Hotel,1,35,2016,March,12,16,0,2,2,0.0,0,HB,BRA,Online TA,TA/TO,0,0,0,A,A,1,No Deposit,9.0,0,Transient,116.1,0,0
City Hotel,0,72,2016,March,12,16,0,3,2,0.0,0,BB,USA,Online TA,TA/TO,0,0,0,A,A,0,No Deposit,9.0,0,Transient,81.3,0,1
City Hotel,1,66,2016,March,12,16,0,3,2,0.0,0,SC,GBR,Online TA,TA/TO,0,0,0,A,A,0,No Deposit,9.0,0,Transient,73.5,0,0
City Hotel,1,9,2016,March,12,16,0,3,2,0.0,0,BB,PRT,Groups,TA/TO,0,0,0,A,A,0,No Deposit,29.0,0,Transient,79.0,0,1
City Hotel,0,81,2016,March,12,16,0,3,2,0.0,0,HB,IRL,Online TA,TA/TO,0,0,0,A,D,0,No Deposit,15.0,0,Transient,85.68,0,0
City Hotel,1,54,2016,March,12,16,0,4,2,0.0,0,BB,DEU,Online TA,TA/TO,0,0,0,A,A,0,No Deposit,9.0,0,Transient,83.73,0,0
City Hotel,0,98,2016,March,12,16,0,4,2,0.0,0,BB,ESP,Online TA,TA/TO,0,0,0,A,A,0,No Deposit,9.0,0,Transient,73.95,0,0
City Hotel,0,100,2016,March,12,16,0,4,2,0.0,0,BB,FRA,Online TA,TA/TO,0,0,0,A,A,0,No Deposit,11.0,0,Transient,53.24,0,0
City Hotel,0,70,2016,March,12,16,0,4,2,0.0,0,SC,IRL,Online TA,TA/TO,0,0,0,A,A,0,No Deposit,9.0,0,Transient,68.0,0,2
City Hotel,1,72,2016,March,12,16,0,4,2,0.0,0,BB,GBR,Online TA,TA/TO,0,0,0,A,A,0,No Deposit,9.0,0,Transient,78.2,0,1
City Hotel,1,69,2016,March,12,16,1,4,2,0.0,0,BB,PRT,Online TA,TA/TO,0,0,0,A,A,6,No Deposit,8.0,0,Transient,79.05,0,0
City Hotel,1,73,2016,March,12,16,1,4,2,0.0,0,BB,DNK,Online TA,TA/TO,0,0,0,A,A,0,No Deposit,9.0,0,Transient,79.05,0,1
City Hotel,1,55,2016,March,12,16,1,4,2,0.0,0,BB,PRT,Offline TA/TO,TA/TO,0,0,0,A,A,0,No Deposit,118.0,0,Transient,74.8,0,0
City Hotel,0,77,2016,March,12,16,1,4,2,0.0,0,SC,FRA,Online TA,TA/TO,0,0,0,A,A,0,No Deposit,9.0,0,Transient,68.85,0,0
City Hotel,1,49,2016,March,12,17,0,1,2,0.0,0,SC,ESP,Online TA,TA/TO,0,0,0,A,A,0,No Deposit,9.0,0,Transient,71.1,0,1
City Hotel,0,73,2016,March,12,17,0,1,2,0.0,0,SC,BRA,Online TA,TA/TO,0,0,0,A,A,0,No Deposit,8.0,0,Transient,67.5,0,1
City Hotel,1,47,2016,March,12,17,0,1,2,0.0,0,SC,ESP,Online TA,TA/TO,0,0,0,A,A,0,No Deposit,9.0,0,Transient,71.1,0,0
City Hotel,0,99,2016,March,12,17,0,2,2,0.0,0,SC,KWT,Online TA,TA/TO,0,0,0,A,A,0,No Deposit,9.0,0,Transient,67.5,0,0
City Hotel,1,17,2016,March,12,17,0,2,2,0.0,0,BB,PRT,Corporate,Corporate,0,0,0,A,A,0,No Deposit,174.0,0,Transient-Party,80.0,0,0
City Hotel,1,17,2016,March,12,17,0,2,2,0.0,0,BB,PRT,Corporate,Corporate,0,0,0,A,A,0,No Deposit,174.0,0,Transient-Party,80.0,0,0
City Hotel,1,45,2016,March,12,17,0,2,2,0.0,0,BB,CN,Online TA,TA/TO,0,0,0,D,D,0,No Deposit,9.0,0,Transient,103.95,0,1
City Hotel,0,71,2016,March,12,17,0,2,2,0.0,0,BB,USA,Online TA,TA/TO,0,0,0,B,B,1,No Deposit,9.0,0,Transient-Party,69.05,0,0
City Hotel,0,71,2016,March,12,17,0,2,2,0.0,0,BB,USA,Online TA,TA/TO,0,0,0,B,B,0,No Deposit,9.0,0,Transient-Party,69.0,0,1
City Hotel,1,21,2016,March,12,17,0,2,2,0.0,0,SC,ITA,Online TA,TA/TO,0,0,0,A,A,0,No Deposit,9.0,0,Transient,79.0,0,0
City Hotel,1,75,2016,March,12,17,0,2,2,0.0,0,SC,ESP,Online TA,TA/TO,0,0,0,A,A,0,No Deposit,9.0,0,Transient,72.0,0,0
City Hotel,1,17,2016,March,12,17,0,2,2,0.0,0,BB,PRT,Corporate,Corporate,0,0,0,A,A,0,No Deposit,174.0,0,Transient-Party,80.0,0,0
City Hotel,1,73,2016,March,12,17,0,3,2,0.0,0,BB,ITA,Online TA,TA/TO,0,0,0,A,A,0,No Deposit,9.0,0,Transient,84.3,0,1
City Hotel,1,18,2016,March,12,17,0,3,2,0.0,0,BB,BRA,Online TA,TA/TO,0,0,0,A,A,0,No Deposit,9.0,0,Transient,109.0,0,0
City Hotel,1,46,2016,March,12,17,0,3,2,0.0,0,BB,CN,Online TA,TA/TO,0,0,0,D,D,0,No Deposit,9.0,0,Transient,106.8,0,1
City Hotel,1,17,2016,March,12,17,0,3,2,0.0,0,BB,PRT,Offline TA/TO,TA/TO,0,0,0,A,A,0,No Deposit,85.0,0,Transient,80.0,0,0
City Hotel,1,54,2016,March,12,17,1,3,2,0.0,0,BB,BRA,Online TA,TA/TO,0,0,0,A,A,0,No Deposit,9.0,0,Transient,89.46,0,0
City Hotel,1,75,2016,March,12,17,1,3,2,0.0,0,BB,PRT,Offline TA/TO,TA/TO,0,0,0,A,A,0,Non Refund,6.0,0,Transient,80.0,0,0
City Hotel,1,75,2016,March,12,17,1,3,2,0.0,0,BB,PRT,Offline TA/TO,TA/TO,0,0,0,A,A,0,Non Refund,6.0,0,Transient,80.0,0,0
City Hotel,1,54,2016,March,12,17,1,3,2,0.0,0,BB,BRA,Online TA,TA/TO,0,0,0,A,A,0,No Deposit,9.0,0,Transient,89.46,0,1
City Hotel,1,75,2016,March,12,17,1,3,2,0.0,0,BB,PRT,Offline TA/TO,TA/TO,0,0,0,A,A,0,Non Refund,6.0,0,Transient,80.0,0,0
City Hotel,0,100,2016,March,12,17,1,3,2,0.0,0,BB,NLD,Online TA,TA/TO,0,0,0,A,A,0,No Deposit,9.0,0,Transient,73.95,0,0
City Hotel,1,61,2016,March,12,17,1,3,2,0.0,0,SC,SWE,Online TA,TA/TO,0,0,0,A,A,0,No Deposit,9.0,0,Transient,78.41,0,0
City Hotel,1,75,2016,March,12,17,1,3,2,0.0,0,BB,PRT,Offline TA/TO,TA/TO,0,0,0,A,A,0,Non Refund,6.0,0,Transient,80.0,0,0
City Hotel,1,75,2016,March,12,17,1,3,2,0.0,0,BB,PRT,Offline TA/TO,TA/TO,0,0,0,A,A,0,Non Refund,6.0,0,Transient,80.0,0,0
City Hotel,1,10,2016,March,12,17,0,3,2,0.0,0,BB,ESP,Online TA,TA/TO,0,0,0,A,A,0,No Deposit,9.0,0,Transient,109.0,0,0
City Hotel,1,59,2016,March,12,17,0,3,2,0.0,0,BB,PRT,Online TA,TA/TO,0,0,0,D,D,0,No Deposit,7.0,0,Transient,77.85,0,0
City Hotel,1,75,2016,March,12,17,1,3,2,0.0,0,BB,PRT,Offline TA/TO,TA/TO,0,0,0,A,A,0,Non Refund,6.0,0,Transient,80.0,0,0
City Hotel,1,75,2016,March,12,17,1,3,2,0.0,0,BB,PRT,Offline TA/TO,TA/TO,0,0,0,A,A,0,Non Refund,6.0,0,Transient,80.0,0,0
City Hotel,1,17,2016,March,12,17,1,3,2,0.0,0,SC,FRA,Online TA,TA/TO,0,0,0,A,A,0,No Deposit,9.0,0,Transient,97.0,0,0
City Hotel,1,75,2016,March,12,17,1,3,2,0.0,0,BB,PRT,Offline TA/TO,TA/TO,0,0,0,A,A,0,Non Refund,6.0,0,Transient,80.0,0,0
City Hotel,1,75,2016,March,12,17,1,3,2,0.0,0,BB,PRT,Offline TA/TO,TA/TO,0,0,0,A,A,0,Non Refund,6.0,0,Transient,80.0,0,0
City Hotel,1,54,2016,March,12,17,1,3,2,0.0,0,BB,BRA,Online TA,TA/TO,0,0,0,A,A,0,No Deposit,9.0,0,Transient,89.46,0,0
City Hotel,1,75,2016,March,12,17,1,3,2,0.0,0,BB,PRT,Offline TA/TO,TA/TO,0,0,0,A,A,0,No Deposit,6.0,0,Transient,12.0,0,0
City Hotel,0,80,2016,March,12,17,1,3,2,0.0,0,BB,FRA,Online TA,TA/TO,0,0,0,A,A,0,No Deposit,9.0,0,Transient,80.33,0,1
City Hotel,1,54,2016,March,12,17,1,3,2,0.0,0,BB,BRA,Online TA,TA/TO,0,0,0,A,A,0,No Deposit,9.0,0,Transient,89.46,0,0
City Hotel,1,75,2016,March,12,17,1,3,2,0.0,0,BB,PRT,Offline TA/TO,TA/TO,0,0,0,A,A,0,Non Refund,6.0,0,Transient,80.0,0,0
City Hotel,1,75,2016,March,12,17,1,3,2,0.0,0,BB,PRT,Offline TA/TO,TA/TO,0,0,0,A,A,0,Non Refund,6.0,0,Transient,80.0,0,0
City Hotel,1,75,2016,March,12,17,1,3,2,0.0,0,BB,PRT,Offline TA/TO,TA/TO,0,0,0,A,A,0,Non Refund,6.0,0,Transient,80.0,0,0
City Hotel,0,75,2016,March,12,17,1,3,2,0.0,0,BB,IRL,Online TA,TA/TO,0,0,0,D,D,0,No Deposit,9.0,0,Transient,88.83,0,0
City Hotel,1,75,2016,March,12,17,1,3,2,0.0,0,BB,PRT,Offline TA/TO,TA/TO,0,0,0,A,A,0,No Deposit,6.0,0,Transient,12.0,0,0
City Hotel,1,75,2016,March,12,17,1,3,2,0.0,0,BB,PRT,Offline TA/TO,TA/TO,0,0,0,A,A,0,Non Refund,6.0,0,Transient,80.0,0,0
City Hotel,1,75,2016,March,12,17,1,3,2,0.0,0,BB,PRT,Offline TA/TO,TA/TO,0,0,0,A,A,0,Non Refund,6.0,0,Transient,80.0,0,0
City Hotel,0,85,2016,March,12,17,2,3,2,0.0,0,BB,PRT,Online TA,TA/TO,0,0,0,A,A,0,No Deposit,9.0,0,Transient-Party,73.95,0,2
City Hotel,1,73,2016,March,12,17,2,3,2,0.0,0,BB,AUT,Online TA,TA/TO,0,0,0,B,B,0,No Deposit,9.0,0,Transient-Party,72.12,0,1
City Hotel,0,93,2016,March,12,17,2,3,2,0.0,0,BB,PRT,Online TA,TA/TO,0,0,0,A,A,0,No Deposit,9.0,0,Transient,73.95,0,1
City Hotel,0,98,2016,March,12,17,2,3,2,0.0,0,BB,ITA,Online TA,TA/TO,0,0,0,A,A,0,No Deposit,9.0,0,Transient,73.95,0,0
City Hotel,0,95,2016,March,12,17,2,3,2,0.0,0,BB,ITA,Online TA,TA/TO,0,0,0,A,A,0,No Deposit,9.0,0,Transient,73.95,0,1
City Hotel,1,73,2016,March,12,17,2,3,2,0.0,0,BB,AUT,Online TA,TA/TO,0,0,0,B,B,1,No Deposit,9.0,0,Transient-Party,72.12,0,1
City Hotel,0,88,2016,March,12,17,2,7,2,0.0,0,BB,BRA,Online TA,TA/TO,0,0,0,A,D,2,No Deposit,9.0,0,Transient,85.51,0,1
City Hotel,1,25,2016,March,12,18,0,1,2,0.0,0,BB,ESP,Online TA,TA/TO,0,0,0,A,A,0,No Deposit,9.0,0,Transient,91.0,0,0
City Hotel,0,73,2016,March,12,18,0,2,2,0.0,0,SC,ESP,Online TA,TA/TO,0,0,0,A,A,0,No Deposit,9.0,0,Transient,85.5,0,0
City Hotel,0,76,2016,March,12,18,0,2,2,0.0,0,SC,IRL,Online TA,TA/TO,0,0,0,A,A,0,No Deposit,9.0,0,Transient,76.5,0,1
City Hotel,1,28,2016,March,12,18,0,1,2,0.0,0,SC,CHE,Online TA,TA/TO,0,0,0,A,A,0,No Deposit,9.0,0,Transient,79.0,0,0
City Hotel,1,18,2016,March,12,18,0,2,2,0.0,0,SC,FRA,Online TA,TA/TO,0,0,0,A,A,0,No Deposit,9.0,0,Transient,97.0,0,1
City Hotel,1,47,2016,March,12,18,0,2,2,0.0,0,BB,GBR,Online TA,TA/TO,0,0,0,D,D,0,No Deposit,9.0,0,Transient,112.5,0,1
City Hotel,0,103,2016,March,12,18,0,2,2,0.0,0,BB,ITA,Online TA,TA/TO,0,0,0,A,A,1,No Deposit,9.0,0,Transient,78.3,0,0
City Hotel,1,46,2016,March,12,18,0,2,2,0.0,0,BB,ESP,Online TA,TA/TO,0,0,0,D,D,0,No Deposit,9.0,0,Transient,112.5,0,0
City Hotel,1,65,2016,March,12,18,0,2,2,0.0,0,SC,ESP,Online TA,TA/TO,0,0,0,A,A,0,No Deposit,9.0,0,Transient,94.5,0,0
City Hotel,1,115,2016,March,12,18,0,2,2,0.0,0,HB,PRT,Groups,TA/TO,0,0,0,A,A,0,No Deposit,1.0,0,Transient-Party,112.2,0,0
City Hotel,1,16,2016,March,12,18,0,2,2,0.0,0,BB,ESP,Online TA,TA/TO,0,0,0,A,A,0,No Deposit,9.0,0,Transient,109.0,0,0
City Hotel,0,101,2016,March,12,18,0,2,2,0.0,0,BB,PRT,Online TA,TA/TO,0,0,0,A,A,0,No Deposit,9.0,0,Transient,78.3,0,0
City Hotel,0,92,2016,March,12,18,0,2,2,0.0,0,BB,PRT,Online TA,TA/TO,0,0,0,D,D,0,No Deposit,9.0,0,Transient,87.3,0,0
City Hotel,1,16,2016,March,12,18,0,2,2,0.0,0,BB,ISR,Online TA,TA/TO,0,0,0,A,A,0,No Deposit,9.0,0,Transient,109.0,0,0
City Hotel,1,10,2016,March,12,18,0,2,2,0.0,0,BB,DEU,Online TA,TA/TO,0,0,0,A,A,0,No Deposit,9.0,0,Transient,118.0,0,0
City Hotel,1,19,2016,March,12,18,0,2,2,0.0,0,HB,ITA,Online TA,TA/TO,0,0,0,A,A,0,No Deposit,9.0,0,Transient,147.0,0,0
City Hotel,1,54,2016,March,12,18,1,2,2,0.0,0,SC,POL,Online TA,TA/TO,0,0,0,A,A,0,No Deposit,9.0,0,Transient,88.2,0,0
City Hotel,0,103,2016,March,12,18,1,2,2,0.0,0,BB,ESP,Online TA,TA/TO,0,0,0,A,A,0,No Deposit,9.0,0,Transient,78.3,0,0
City Hotel,0,199,2016,March,12,18,1,2,2,0.0,0,BB,AUS,Online TA,TA/TO,0,0,0,A,A,0,No Deposit,7.0,0,Transient,65.45,0,1
City Hotel,0,90,2016,March,12,18,1,2,2,0.0,0,BB,GBR,Online TA,TA/TO,0,0,0,A,A,0,No Deposit,9.0,0,Transient,78.3,0,0
City Hotel,1,101,2016,March,12,18,1,2,2,0.0,0,BB,PRT,Online TA,TA/TO,0,0,0,A,A,0,No Deposit,9.0,0,Transient,78.3,0,0
City Hotel,0,71,2016,March,12,18,1,2,2,0.0,0,BB,GBR,Online TA,TA/TO,0,0,0,D,D,0,No Deposit,9.0,0,Transient,96.3,0,0
City Hotel,0,94,2016,March,12,18,1,2,2,0.0,0,BB,CHE,Online TA,TA/TO,0,0,0,D,D,0,No Deposit,9.0,0,Transient,87.3,0,1
City Hotel,1,54,2016,March,12,18,1,2,2,0.0,0,SC,POL,Online TA,TA/TO,0,0,0,A,A,0,No Deposit,9.0,0,Transient,88.2,0,0
City Hotel,1,18,2016,March,12,18,1,2,2,0.0,0,SC,FRA,Online TA,TA/TO,0,0,0,A,A,0,No Deposit,9.0,0,Transient,97.0,0,0
City Hotel,0,76,2016,March,12,18,2,2,2,0.0,0,BB,FRA,Online TA,TA/TO,0,0,0,A,A,0,No Deposit,9.0,0,Transient,82.45,0,0
City Hotel,0,92,2016,March,12,18,2,2,2,0.0,0,BB,DEU,Online TA,TA/TO,0,0,0,D,D,0,No Deposit,7.0,0,Transient,72.49,0,1
City Hotel,0,76,2016,March,12,18,2,2,2,0.0,0,SC,GBR,Online TA,TA/TO,0,0,0,A,A,0,No Deposit,9.0,0,Transient,72.25,0,0
City Hotel,1,72,2016,March,12,18,2,3,2,0.0,0,SC,NLD,Online TA,TA/TO,0,0,0,A,A,0,No Deposit,9.0,0,Transient,72.25,0,1
City Hotel,1,46,2016,March,12,18,2,4,2,0.0,0,BB,PRT,Offline TA/TO,TA/TO,0,0,0,A,A,0,No Deposit,138.0,0,Transient,63.58,0,0
City Hotel,1,83,2016,March,12,18,2,5,2,0.0,0,BB,AUT,Online TA,TA/TO,0,0,0,A,A,0,No Deposit,9.0,0,Transient,76.38,0,0
City Hotel,0,85,2016,March,12,19,0,1,2,0.0,0,BB,FRA,Direct,Direct,0,0,0,A,A,0,No Deposit,14.0,0,Transient,67.5,0,0
City Hotel,1,72,2016,March,12,19,0,1,2,0.0,0,BB,PRT,Online TA,TA/TO,0,0,0,B,B,1,No Deposit,9.0,0,Transient-Party,78.15,0,0
City Hotel,1,18,2016,March,12,19,1,1,2,0.0,0,BB,ITA,Online TA,TA/TO,0,0,0,A,A,0,No Deposit,9.0,0,Transient,109.0,0,0
City Hotel,1,62,2016,March,12,19,1,1,2,0.0,0,BB,BRA,Online TA,TA/TO,0,0,0,A,A,0,No Deposit,9.0,0,Transient,99.0,0,0
City Hotel,1,5,2016,March,12,19,2,1,2,0.0,0,BB,PRT,Groups,TA/TO,0,0,0,A,A,0,Non Refund,1.0,0,Transient,90.0,0,0
City Hotel,1,5,2016,March,12,19,2,1,2,0.0,0,BB,PRT,Groups,TA/TO,0,0,0,A,A,0,No Deposit,1.0,0,Transient-Party,90.0,0,0
City Hotel,1,393,2016,March,12,19,2,1,2,0.0,0,BB,PRT,Groups,TA/TO,0,0,0,A,A,0,Non Refund,1.0,0,Transient,70.53,0,0
City Hotel,1,393,2016,March,12,19,2,1,2,0.0,0,BB,PRT,Groups,TA/TO,0,0,0,A,A,2,Non Refund,1.0,0,Transient,70.53,0,0
City Hotel,1,393,2016,March,12,19,2,1,2,0.0,0,BB,PRT,Groups,TA/TO,0,0,0,A,A,0,Non Refund,1.0,0,Transient,62.8,0,0
City Hotel,1,393,2016,March,12,19,2,1,2,0.0,0,BB,PRT,Groups,TA/TO,0,0,0,A,A,0,Non Refund,1.0,0,Transient,62.8,0,0
City Hotel,1,0,2016,March,12,19,1,1,2,0.0,0,BB,GBR,Online TA,TA/TO,0,0,0,A,A,0,No Deposit,9.0,0,Transient,141.0,0,1
City Hotel,0,83,2016,March,12,19,1,1,2,0.0,0,BB,ESP,Online TA,TA/TO,0,0,0,A,A,0,No Deposit,9.0,0,Transient,105.3,1,1
City Hotel,1,393,2016,March,12,19,2,1,2,0.0,0,BB,PRT,Groups,TA/TO,0,0,0,A,A,0,Non Refund,1.0,0,Transient,70.53,0,0
City Hotel,1,393,2016,March,12,19,2,1,2,0.0,0,BB,PRT,Groups,TA/TO,0,0,0,A,A,0,Non Refund,1.0,0,Transient,70.53,0,0
City Hotel,1,393,2016,March,12,19,2,1,2,0.0,0,BB,PRT,Groups,TA/TO,0,0,0,A,A,0,Non Refund,1.0,0,Transient,62.8,0,0
City Hotel,1,393,2016,March,12,19,2,1,2,0.0,0,BB,PRT,Groups,TA/TO,0,0,0,A,A,0,Non Refund,1.0,0,Transient,70.53,0,0
City Hotel,1,45,2016,March,12,19,2,1,2,0.0,0,BB,ESP,Online TA,TA/TO,0,0,0,D,D,0,No Deposit,9.0,0,Transient,112.5,0,1
City Hotel,1,18,2016,March,12,19,2,1,2,0.0,0,BB,ESP,Online TA,TA/TO,0,0,0,A,A,0,No Deposit,9.0,0,Transient,113.67,0,0
City Hotel,1,393,2016,March,12,19,2,1,2,0.0,0,BB,PRT,Groups,TA/TO,0,0,0,A,A,0,Non Refund,1.0,0,Transient,70.53,0,0
City Hotel,1,393,2016,March,12,19,2,1,2,0.0,0,BB,PRT,Groups,TA/TO,0,0,0,A,A,0,Non Refund,1.0,0,Transient,70.53,0,0
City Hotel,1,393,2016,March,12,19,2,1,2,0.0,0,BB,PRT,Groups,TA/TO,0,0,0,A,A,0,Non Refund,1.0,0,Transient,62.8,0,0
City Hotel,1,393,2016,March,12,19,2,1,2,0.0,0,BB,PRT,Groups,TA/TO,0,0,0,A,A,0,Non Refund,1.0,0,Transient,70.53,0,0
City Hotel,1,5,2016,March,12,19,2,1,2,0.0,0,BB,PRT,Groups,TA/TO,0,0,0,A,A,0,No Deposit,1.0,0,Transient-Party,90.0,0,0
City Hotel,1,393,2016,March,12,19,2,1,2,0.0,0,BB,PRT,Groups,TA/TO,0,0,0,A,B,1,Non Refund,1.0,0,Transient,70.53,0,0
City Hotel,1,393,2016,March,12,19,2,1,2,0.0,0,BB,PRT,Groups,TA/TO,0,0,0,A,A,0,Non Refund,1.0,0,Transient,62.8,0,0
City Hotel,1,393,2016,March,12,19,2,1,2,0.0,0,BB,PRT,Groups,TA/TO,0,0,0,A,A,0,Non Refund,1.0,0,Transient,70.53,0,0
City Hotel,1,393,2016,March,12,19,2,1,2,0.0,0,BB,PRT,Groups,TA/TO,0,0,0,A,A,0,Non Refund,1.0,0,Transient,62.8,0,0
City Hotel,1,393,2016,March,12,19,2,1,2,0.0,0,BB,PRT,Groups,TA/TO,0,0,0,A,A,0,Non Refund,1.0,0,Transient,70.53,0,0
City Hotel,1,393,2016,March,12,19,2,1,2,0.0,0,BB,PRT,Groups,TA/TO,0,0,0,A,A,0,Non Refund,1.0,0,Transient,70.53,0,0
City Hotel,1,393,2016,March,12,19,2,1,2,0.0,0,BB,PRT,Groups,TA/TO,0,0,0,A,A,0,Non Refund,1.0,0,Transient,70.53,0,0
City Hotel,1,393,2016,March,12,19,2,1,2,0.0,0,BB,PRT,Groups,TA/TO,0,0,0,A,A,0,Non Refund,1.0,0,Transient,62.8,0,0
City Hotel,1,76,2016,March,12,19,2,1,2,0.0,0,BB,MEX,Online TA,TA/TO,0,0,0,B,B,1,No Deposit,9.0,0,Transient,78.15,0,0
City Hotel,1,393,2016,March,12,19,2,1,2,0.0,0,BB,PRT,Groups,TA/TO,0,0,0,A,A,0,Non Refund,1.0,0,Transient,70.53,0,0
City Hotel,1,5,2016,March,12,19,2,1,2,0.0,0,BB,PRT,Groups,TA/TO,0,0,0,A,A,0,No Deposit,1.0,0,Transient-Party,90.0,0,0
City Hotel,1,393,2016,March,12,19,2,1,2,0.0,0,BB,PRT,Groups,TA/TO,0,0,0,A,A,0,Non Refund,1.0,0,Transient,70.53,0,0
City Hotel,1,393,2016,March,12,19,2,1,2,0.0,0,BB,PRT,Groups,TA/TO,0,0,0,A,A,0,Non Refund,1.0,0,Transient,70.53,0,0
City Hotel,1,393,2016,March,12,19,2,1,2,0.0,0,BB,PRT,Groups,TA/TO,0,0,0,A,A,0,Non Refund,1.0,0,Transient,62.8,0,0
City Hotel,1,393,2016,March,12,19,2,1,2,0.0,0,BB,PRT,Groups,TA/TO,0,0,0,A,A,0,Non Refund,1.0,0,Transient,62.8,0,0
City Hotel,1,393,2016,March,12,19,2,1,2,0.0,0,BB,PRT,Groups,TA/TO,0,0,0,A,A,0,Non Refund,1.0,0,Transient,70.53,0,0
City Hotel,1,393,2016,March,12,19,2,1,2,0.0,0,BB,PRT,Groups,TA/TO,0,0,0,A,A,0,Non Refund,1.0,0,Transient,70.53,0,0
City Hotel,1,393,2016,March,12,19,2,1,2,0.0,0,BB,PRT,Groups,TA/TO,0,0,0,A,A,0,Non Refund,1.0,0,Transient,70.53,0,0
City Hotel,1,5,2016,March,12,19,2,1,2,0.0,0,BB,PRT,Groups,TA/TO,0,0,0,A,A,0,No Deposit,1.0,0,Transient-Party,90.0,0,0
City Hotel,1,67,2016,March,12,19,2,1,2,0.0,0,SC,ITA,Online TA,TA/TO,0,0,0,A,A,0,No Deposit,9.0,0,Transient,85.5,0,0
City Hotel,1,393,2016,March,12,19,2,1,2,0.0,0,BB,PRT,Groups,TA/TO,0,0,0,A,A,0,Non Refund,1.0,0,Transient,70.53,0,0
City Hotel,1,393,2016,March,12,19,2,1,2,0.0,0,BB,PRT,Groups,TA/TO,0,0,0,A,A,0,Non Refund,1.0,0,Transient,70.53,0,0
City Hotel,1,94,2016,March,12,19,2,2,2,0.0,0,BB,ITA,Online TA,TA/TO,0,0,0,A,A,0,No Deposit,9.0,0,Transient,73.95,0,0
City Hotel,1,56,2016,March,12,19,2,4,2,0.0,0,BB,ESP,Online TA,TA/TO,0,0,0,A,A,0,No Deposit,9.0,0,Transient,93.5,0,0
City Hotel,1,127,2016,March,12,19,2,5,2,0.0,0,BB,PRT,Online TA,TA/TO,0,0,0,B,B,0,No Deposit,8.0,0,Transient,94.7,0,1
City Hotel,1,127,2016,March,12,19,2,5,2,0.0,0,BB,PRT,Online TA,TA/TO,0,0,0,B,B,0,No Deposit,8.0,0,Transient,94.7,0,1
City Hotel,1,87,2016,March,13,20,2,1,2,0.0,0,BB,FRA,Online TA,TA/TO,0,0,0,A,A,0,No Deposit,9.0,0,Transient,78.3,0,0
City Hotel,1,60,2016,March,13,20,2,2,2,0.0,0,BB,PRT,Offline TA/TO,TA/TO,0,0,0,A,A,0,Non Refund,3.0,0,Transient,75.0,0,0
City Hotel,1,60,2016,March,13,20,2,2,2,0.0,0,BB,PRT,Offline TA/TO,TA/TO,0,0,0,A,A,0,Non Refund,3.0,0,Transient,75.0,0,0
City Hotel,1,60,2016,March,13,20,2,2,2,0.0,0,BB,PRT,Offline TA/TO,TA/TO,0,0,0,A,A,0,Non Refund,3.0,0,Transient,75.0,0,0
City Hotel,1,60,2016,March,13,20,2,2,2,0.0,0,BB,PRT,Offline TA/TO,TA/TO,0,0,0,A,A,0,Non Refund,3.0,0,Transient,75.0,0,0
City Hotel,0,86,2016,March,13,20,2,2,2,0.0,0,BB,PRT,Online TA,TA/TO,0,0,0,A,A,0,No Deposit,9.0,0,Transient-Party,73.95,0,1
City Hotel,1,42,2016,March,13,20,2,2,2,0.0,0,SC,ESP,Online TA,TA/TO,0,0,0,A,A,0,No Deposit,9.0,0,Transient,86.98,0,0
City Hotel,1,60,2016,March,13,20,2,2,2,0.0,0,BB,PRT,Offline TA/TO,TA/TO,0,0,0,A,A,0,Non Refund,3.0,0,Transient,75.0,0,0
City Hotel,1,42,2016,March,13,20,2,2,2,0.0,0,BB,ESP,Online TA,TA/TO,0,0,0,A,A,0,No Deposit,9.0,0,Transient,97.63,0,0
City Hotel,1,60,2016,March,13,20,2,2,2,0.0,0,BB,PRT,Offline TA/TO,TA/TO,0,0,0,A,A,0,Non Refund,3.0,0,Transient,75.0,0,0
City Hotel,1,60,2016,March,13,20,2,2,2,0.0,0,BB,PRT,Offline TA/TO,TA/TO,0,0,0,A,A,0,Non Refund,3.0,0,Transient,75.0,0,0
City Hotel,1,60,2016,March,13,20,2,2,2,0.0,0,BB,PRT,Offline TA/TO,TA/TO,0,0,0,A,A,0,Non Refund,3.0,0,Transient,75.0,0,0
City Hotel,1,47,2016,March,13,20,2,2,2,0.0,0,BB,PRT,Offline TA/TO,TA/TO,0,0,0,A,D,0,No Deposit,28.0,0,Transient,85.0,0,0
City Hotel,0,87,2016,March,13,20,2,2,2,0.0,0,BB,ARG,Online TA,TA/TO,0,0,0,A,A,0,No Deposit,7.0,0,Transient,56.94,0,1
City Hotel,1,60,2016,March,13,20,2,2,2,0.0,0,BB,PRT,Offline TA/TO,TA/TO,0,0,0,A,A,0,Non Refund,3.0,0,Transient,75.0,0,0
City Hotel,1,60,2016,March,13,20,2,2,2,0.0,0,BB,PRT,Offline TA/TO,TA/TO,0,0,0,A,A,0,Non Refund,3.0,0,Transient,75.0,0,0
City Hotel,1,60,2016,March,13,20,2,2,2,0.0,0,BB,PRT,Offline TA/TO,TA/TO,0,0,0,A,A,0,Non Refund,3.0,0,Transient,75.0,0,0
City Hotel,1,60,2016,March,13,20,2,2,2,0.0,0,BB,PRT,Offline TA/TO,TA/TO,0,0,0,A,A,0,Non Refund,3.0,0,Transient,75.0,0,0
City Hotel,0,77,2016,March,13,20,2,2,2,0.0,0,BB,DEU,Online TA,TA/TO,0,0,0,D,D,0,No Deposit,9.0,0,Transient,90.95,0,0
City Hotel,1,60,2016,March,13,20,2,2,2,0.0,0,BB,PRT,Offline TA/TO,TA/TO,0,0,0,A,A,0,Non Refund,3.0,0,Transient,75.0,0,0
City Hotel,1,60,2016,March,13,20,2,2,2,0.0,0,BB,PRT,Offline TA/TO,TA/TO,0,0,0,A,A,0,Non Refund,3.0,0,Transient,75.0,0,0
City Hotel,0,86,2016,March,13,20,2,2,2,0.0,0,BB,PRT,Online TA,TA/TO,0,0,0,A,A,0,No Deposit,9.0,0,Transient-Party,73.95,0,0
City Hotel,1,60,2016,March,13,20,2,2,2,0.0,0,BB,PRT,Offline TA/TO,TA/TO,0,0,0,A,A,0,Non Refund,3.0,0,Transient,75.0,0,0
City Hotel,0,74,2016,March,13,20,2,2,2,0.0,0,BB,ITA,Online TA,TA/TO,0,0,0,A,A,0,No Deposit,9.0,0,Transient,82.45,0,1
City Hotel,0,90,2016,March,13,20,2,3,2,0.0,0,SC,IRL,Online TA,TA/TO,0,0,0,A,A,0,No Deposit,7.0,0,Transient,51.71,0,1
City Hotel,0,76,2016,March,13,20,2,3,2,0.0,0,BB,AUT,Online TA,TA/TO,0,0,0,D,D,1,No Deposit,9.0,0,Transient,110.15,0,1
City Hotel,0,88,2016,March,13,20,2,3,2,0.0,0,BB,ESP,Online TA,TA/TO,0,0,0,A,A,0,No Deposit,9.0,0,Transient,77.35,0,1
City Hotel,0,105,2016,March,13,20,2,4,2,0.0,0,BB,DEU,Online TA,TA/TO,0,0,0,D,D,0,No Deposit,9.0,0,Transient,97.12,1,0
City Hotel,0,105,2016,March,13,20,2,4,2,0.0,0,BB,NLD,Online TA,TA/TO,0,0,0,D,D,0,No Deposit,9.0,0,Transient,88.12,0,0
City Hotel,0,83,2016,March,13,20,2,4,2,0.0,0,BB,FIN,Online TA,TA/TO,0,0,0,A,A,0,No Deposit,11.0,0,Transient,61.41,0,0
City Hotel,1,90,2016,March,13,20,2,5,2,0.0,0,BB,PRT,Online TA,TA/TO,0,0,0,D,D,0,No Deposit,8.0,0,Transient,89.74,0,1
City Hotel,1,0,2016,March,13,21,1,0,2,0.0,0,BB,PRT,Online TA,TA/TO,0,0,0,A,A,0,No Deposit,9.0,0,Transient,101.0,0,0
City Hotel,0,75,2016,March,13,21,1,1,2,0.0,0,BB,USA,Online TA,TA/TO,0,0,0,B,B,1,No Deposit,9.0,0,Transient-Party,78.15,0,0
City Hotel,1,22,2016,March,13,21,1,1,2,0.0,0,SC,ESP,Online TA,TA/TO,0,0,0,A,A,0,No Deposit,9.0,0,Transient,129.0,0,0
City Hotel,0,75,2016,March,13,21,1,1,2,0.0,0,BB,USA,Online TA,TA/TO,0,0,0,B,B,0,No Deposit,9.0,0,Transient-Party,78.0,0,0
City Hotel,1,22,2016,March,13,21,1,1,2,0.0,0,SC,ESP,Online TA,TA/TO,0,0,0,A,A,0,No Deposit,9.0,0,Transient,129.0,0,0
City Hotel,1,46,2016,March,13,21,1,2,2,0.0,0,BB,PRT,Offline TA/TO,TA/TO,0,0,0,A,D,0,No Deposit,28.0,0,Transient,85.0,0,0
City Hotel,1,42,2016,March,13,21,1,2,2,0.0,0,BB,PRT,Offline TA/TO,TA/TO,0,0,0,A,A,0,No Deposit,22.0,0,Transient,63.0,0,0
City Hotel,0,79,2016,March,13,21,1,2,2,0.0,0,SC,GBR,Online TA,TA/TO,0,0,0,A,A,0,No Deposit,9.0,0,Transient-Party,76.5,0,0
City Hotel,1,79,2016,March,13,21,1,2,2,0.0,0,BB,ESP,Online TA,TA/TO,0,0,0,A,A,0,No Deposit,9.0,0,Transient,96.3,0,0
City Hotel,1,57,2016,March,13,21,1,2,2,0.0,0,BB,PRT,Online TA,TA/TO,0,0,0,A,A,0,No Deposit,9.0,0,Transient,108.0,0,1
City Hotel,0,79,2016,March,13,21,1,2,2,0.0,0,BB,ITA,Online TA,TA/TO,0,0,0,D,D,0,No Deposit,9.0,0,Transient-Party,96.3,0,0
City Hotel,1,48,2016,March,13,21,1,3,2,0.0,0,BB,ESP,Online TA,TA/TO,0,0,0,A,A,1,No Deposit,9.0,0,Transient,138.5,0,1
City Hotel,1,51,2016,March,13,21,1,3,2,0.0,0,HB,BEL,Online TA,TA/TO,0,0,0,A,A,1,No Deposit,9.0,0,Transient,125.8,0,1
City Hotel,1,58,2016,March,13,21,1,3,2,0.0,0,SC,DEU,Online TA,TA/TO,0,0,0,A,A,0,No Deposit,9.0,0,Transient,83.3,0,1
City Hotel,0,91,2016,March,13,21,1,3,2,0.0,0,SC,AUT,Online TA,TA/TO,0,0,0,A,A,0,No Deposit,10.0,0,Transient,67.95,0,0
City Hotel,0,76,2016,March,13,21,1,5,2,0.0,0,SC,BRA,Online TA,TA/TO,0,0,0,A,A,0,No Deposit,9.0,0,Transient,76.5,0,1
City Hotel,0,89,2016,March,13,21,2,5,2,0.0,0,BB,PRT,Online TA,TA/TO,0,0,0,A,A,0,No Deposit,8.0,0,Transient,83.66,0,1
City Hotel,1,103,2016,March,13,21,2,5,2,0.0,0,BB,TUN,Online TA,TA/TO,0,0,0,A,A,3,No Deposit,9.0,0,Transient,83.66,0,1
City Hotel,0,89,2016,March,13,21,2,5,2,0.0,0,BB,USA,Online TA,TA/TO,0,0,0,A,A,0,No Deposit,8.0,0,Transient,83.66,0,1
City Hotel,0,89,2016,March,13,21,2,5,2,0.0,0,BB,PRT,Online TA,TA/TO,0,0,0,A,A,0,No Deposit,8.0,0,Transient,83.66,0,1
City Hotel,0,105,2016,March,13,22,0,1,2,0.0,0,BB,ESP,Online TA,TA/TO,0,0,0,A,A,0,No Deposit,9.0,0,Transient,78.3,0,0
City Hotel,0,0,2016,March,13,22,0,1,2,0.0,0,BB,PRT,Complementary,Direct,0,0,0,A,A,0,No Deposit,,0,Transient,0.0,0,1
City Hotel,0,0,2016,March,13,22,0,1,2,0.0,0,BB,PRT,Complementary,Direct,0,0,0,A,A,1,No Deposit,,0,Transient,0.0,0,1
City Hotel,1,7,2016,March,13,22,0,1,2,0.0,0,BB,PRT,Online TA,TA/TO,0,0,0,A,A,0,No Deposit,9.0,0,Transient,101.0,0,0
City Hotel,1,6,2016,March,13,22,0,2,2,0.0,0,SC,ESP,Online TA,TA/TO,0,0,0,A,A,0,No Deposit,9.0,0,Transient,89.0,0,0
City Hotel,1,45,2016,March,13,22,0,2,2,0.0,0,SC,GBR,Online TA,TA/TO,0,0,0,A,A,0,No Deposit,9.0,0,Transient,88.2,0,0
City Hotel,1,6,2016,March,13,22,0,2,2,0.0,0,SC,ESP,Online TA,TA/TO,0,0,0,A,A,0,No Deposit,9.0,0,Transient,89.0,0,0
City Hotel,1,251,2016,March,13,22,0,3,2,0.0,0,BB,PRT,Groups,TA/TO,0,0,0,A,A,0,Non Refund,29.0,93,Transient,125.0,0,0
City Hotel,1,251,2016,March,13,22,0,3,2,0.0,0,BB,PRT,Groups,TA/TO,0,0,0,A,A,0,Non Refund,29.0,93,Transient,125.0,0,0
City Hotel,1,251,2016,March,13,22,0,3,2,0.0,0,BB,PRT,Groups,TA/TO,0,0,0,A,A,0,Non Refund,29.0,93,Transient,125.0,0,0
City Hotel,1,251,2016,March,13,22,0,3,2,0.0,0,BB,PRT,Groups,TA/TO,0,0,0,A,A,0,Non Refund,29.0,93,Transient,125.0,0,0
City Hotel,1,251,2016,March,13,22,0,3,2,0.0,0,BB,PRT,Groups,TA/TO,0,0,0,A,A,0,Non Refund,29.0,93,Transient,125.0,0,0
City Hotel,1,251,2016,March,13,22,0,3,2,0.0,0,BB,PRT,Groups,TA/TO,0,0,0,A,A,0,Non Refund,29.0,93,Transient,125.0,0,0
City Hotel,1,27,2016,March,13,22,0,3,2,0.0,0,SC,GBR,Online TA,TA/TO,0,0,0,A,A,0,No Deposit,9.0,0,Transient,129.0,0,0
City Hotel,1,251,2016,March,13,22,0,3,2,0.0,0,BB,PRT,Groups,TA/TO,0,0,0,A,A,0,Non Refund,29.0,93,Transient,125.0,0,0
City Hotel,1,251,2016,March,13,22,0,3,2,0.0,0,BB,PRT,Groups,TA/TO,0,0,0,A,A,0,Non Refund,29.0,93,Transient,125.0,0,0
City Hotel,1,251,2016,March,13,22,0,3,2,0.0,0,BB,PRT,Groups,TA/TO,0,0,0,A,A,0,Non Refund,29.0,93,Transient,125.0,0,0
City Hotel,1,251,2016,March,13,22,0,3,2,0.0,0,BB,PRT,Groups,TA/TO,0,0,0,A,A,0,Non Refund,29.0,93,Transient,125.0,0,0
City Hotel,1,251,2016,March,13,22,0,3,2,0.0,0,BB,PRT,Groups,TA/TO,0,0,0,A,A,0,Non Refund,29.0,93,Transient,125.0,0,0
City Hotel,1,251,2016,March,13,22,0,3,2,0.0,0,BB,PRT,Groups,TA/TO,0,0,0,A,A,0,Non Refund,29.0,93,Transient,125.0,0,0
City Hotel,1,251,2016,March,13,22,0,3,2,0.0,0,BB,PRT,Groups,TA/TO,0,0,0,A,A,0,Non Refund,29.0,93,Transient,125.0,0,0
City Hotel,1,251,2016,March,13,22,0,3,2,0.0,0,BB,PRT,Groups,TA/TO,0,0,0,A,A,0,Non Refund,29.0,93,Transient,125.0,0,0
City Hotel,1,55,2016,March,13,22,0,3,2,0.0,0,BB,GIB,Online TA,TA/TO,0,0,0,A,A,0,No Deposit,9.0,0,Transient,99.0,0,1
City Hotel,1,251,2016,March,13,22,0,3,2,0.0,0,BB,PRT,Groups,TA/TO,0,0,0,A,A,0,Non Refund,29.0,93,Transient,125.0,0,0
City Hotel,1,251,2016,March,13,22,0,3,2,0.0,0,BB,PRT,Groups,TA/TO,0,0,0,A,A,0,Non Refund,29.0,93,Transient,125.0,0,0
City Hotel,1,251,2016,March,13,22,0,3,2,0.0,0,BB,PRT,Groups,TA/TO,0,0,0,A,A,0,Non Refund,29.0,93,Transient,125.0,0,0
City Hotel,1,43,2016,March,13,22,0,3,2,0.0,0,SC,IRL,Online TA,TA/TO,0,0,0,A,A,0,No Deposit,9.0,0,Transient,88.2,0,0
City Hotel,1,251,2016,March,13,22,0,3,2,0.0,0,BB,PRT,Groups,TA/TO,0,0,0,A,A,0,Non Refund,29.0,93,Transient,125.0,0,0
City Hotel,1,251,2016,March,13,22,0,3,2,0.0,0,BB,PRT,Groups,TA/TO,0,0,0,A,A,0,Non Refund,29.0,93,Transient,125.0,0,0
City Hotel,1,251,2016,March,13,22,0,3,2,0.0,0,BB,PRT,Groups,TA/TO,0,0,0,A,A,0,Non Refund,29.0,93,Transient,125.0,0,0
City Hotel,1,27,2016,March,13,22,0,3,2,0.0,0,SC,GBR,Online TA,TA/TO,0,0,0,A,A,0,No Deposit,9.0,0,Transient,129.0,0,0
City Hotel,1,251,2016,March,13,22,0,3,2,0.0,0,BB,PRT,Groups,TA/TO,0,0,0,A,A,0,Non Refund,29.0,93,Transient,125.0,0,0
City Hotel,1,251,2016,March,13,22,0,3,2,0.0,0,BB,PRT,Groups,TA/TO,0,0,0,A,A,0,Non Refund,29.0,93,Transient,125.0,0,0
City Hotel,1,251,2016,March,13,22,0,3,2,0.0,0,BB,PRT,Groups,TA/TO,0,0,0,A,A,0,Non Refund,29.0,93,Transient,125.0,0,0
City Hotel,1,251,2016,March,13,22,0,3,2,0.0,0,BB,PRT,Groups,TA/TO,0,0,0,A,A,0,Non Refund,29.0,93,Transient,125.0,0,0
City Hotel,1,251,2016,March,13,22,0,3,2,0.0,0,BB,PRT,Groups,TA/TO,0,0,0,A,A,0,Non Refund,29.0,93,Transient,125.0,0,0
City Hotel,1,251,2016,March,13,22,0,3,2,0.0,0,BB,PRT,Groups,TA/TO,0,0,0,A,A,0,Non Refund,29.0,93,Transient,125.0,0,0
City Hotel,1,64,2016,March,13,22,0,4,2,0.0,0,HB,PRT,Offline TA/TO,TA/TO,0,0,0,A,A,0,No Deposit,16.0,0,Transient,88.5,0,0
City Hotel,1,5,2016,March,13,22,0,5,2,0.0,0,BB,PRT,Online TA,TA/TO,0,0,0,A,A,0,No Deposit,9.0,0,Transient,129.0,0,0
City Hotel,0,77,2016,March,13,22,0,5,2,0.0,0,SC,DNK,Online TA,TA/TO,0,0,0,A,A,0,No Deposit,9.0,0,Transient,77.35,0,0
City Hotel,0,77,2016,March,13,22,2,5,2,0.0,0,BB,CHE,Online TA,TA/TO,0,0,0,A,A,1,No Deposit,9.0,0,Transient-Party,87.31,0,0
City Hotel,1,8,2016,March,13,22,2,7,2,0.0,0,BB,CHN,Online TA,TA/TO,0,0,0,D,D,1,No Deposit,9.0,0,Transient,158.22,0,0
City Hotel,1,77,2016,March,13,22,0,4,2,0.0,0,BB,ESP,Online TA,TA/TO,0,0,0,A,A,0,No Deposit,9.0,0,Transient,95.7,0,2
City Hotel,1,31,2016,March,13,23,0,1,2,0.0,0,BB,ESP,Online TA,TA/TO,0,0,0,A,A,0,No Deposit,9.0,0,Transient,126.9,0,0
City Hotel,1,7,2016,March,13,23,0,1,2,0.0,0,BB,PRT,Online TA,TA/TO,0,0,0,A,A,0,No Deposit,9.0,0,Transient,101.0,0,0
City Hotel,1,31,2016,March,13,23,0,1,2,0.0,0,BB,ESP,Online TA,TA/TO,0,0,0,A,A,0,No Deposit,9.0,0,Transient,126.9,0,0
City Hotel,1,5,2016,March,13,23,0,1,2,0.0,0,SC,ESP,Online TA,TA/TO,0,0,0,A,A,0,No Deposit,9.0,0,Transient,89.0,0,0
City Hotel,1,45,2016,March,13,23,0,2,2,0.0,0,BB,ESP,Direct,Direct,0,0,0,A,A,0,No Deposit,14.0,0,Transient,92.7,0,0
City Hotel,1,49,2016,March,13,23,0,2,2,0.0,0,BB,ESP,Online TA,TA/TO,0,0,0,A,A,0,No Deposit,9.0,0,Transient,99.0,0,0
City Hotel,0,99,2016,March,13,23,0,2,2,0.0,0,BB,PRT,Online TA,TA/TO,0,0,0,A,A,0,No Deposit,9.0,0,Transient-Party,89.3,0,1
City Hotel,0,99,2016,March,13,23,0,2,2,0.0,0,BB,PRT,Online TA,TA/TO,0,0,0,A,A,0,No Deposit,9.0,0,Transient-Party,89.3,0,1
City Hotel,1,61,2016,March,13,23,0,2,2,0.0,0,BB,ESP,Online TA,TA/TO,0,0,0,A,A,1,No Deposit,9.0,0,Transient,117.0,0,0
City Hotel,1,5,2016,March,13,23,0,1,2,0.0,0,BB,GBR,Online TA,TA/TO,0,0,0,A,A,0,No Deposit,9.0,0,Transient,101.0,0,0
City Hotel,1,45,2016,March,13,23,0,2,2,0.0,0,BB,ESP,Direct,Direct,0,0,0,A,A,0,No Deposit,14.0,0,Transient,101.7,0,0
City Hotel,1,49,2016,March,13,23,0,2,2,0.0,0,BB,ESP,Online TA,TA/TO,0,0,0,A,A,0,No Deposit,9.0,0,Transient,99.0,0,1
City Hotel,1,39,2016,March,13,23,0,3,2,0.0,0,BB,ESP,Online TA,TA/TO,0,0,0,D,D,0,No Deposit,9.0,0,Transient,121.8,0,1
City Hotel,0,95,2016,March,13,23,0,3,2,0.0,0,SC,DEU,Online TA,TA/TO,0,0,0,A,A,0,No Deposit,10.0,0,Transient,81.5,0,0
City Hotel,0,95,2016,March,13,23,0,3,2,0.0,0,SC,DEU,Online TA,TA/TO,0,0,0,A,A,0,No Deposit,10.0,0,Transient,81.5,0,0
City Hotel,1,21,2016,March,13,23,0,3,2,0.0,0,BB,PRT,Groups,TA/TO,0,0,0,A,A,0,No Deposit,1.0,0,Transient-Party,60.0,0,0
City Hotel,1,103,2016,March,13,23,0,3,2,0.0,0,BB,FRA,Online TA,TA/TO,0,0,0,A,A,0,No Deposit,9.0,0,Transient,99.3,0,0
City Hotel,1,86,2016,March,13,23,0,4,2,0.0,0,BB,ESP,Online TA,TA/TO,0,0,0,A,A,0,No Deposit,9.0,0,Transient,88.83,0,1
City Hotel,0,97,2016,March,13,23,0,4,2,0.0,0,BB,PRT,Online TA,TA/TO,0,0,0,A,A,0,No Deposit,7.0,0,Transient,65.42,0,1
City Hotel,0,88,2016,March,13,23,0,4,2,0.0,0,BB,FRA,Online TA,TA/TO,0,0,0,A,A,0,No Deposit,9.0,0,Transient,88.7,0,0
City Hotel,1,40,2016,March,13,23,0,4,2,0.0,0,SC,FRA,Online TA,TA/TO,0,0,0,A,A,0,No Deposit,9.0,0,Transient,102.15,0,1
City Hotel,1,40,2016,March,13,23,0,4,2,0.0,0,BB,ESP,Online TA,TA/TO,0,0,0,A,A,0,No Deposit,9.0,0,Transient,112.95,0,0
City Hotel,1,77,2016,March,13,23,0,4,2,0.0,0,BB,DEU,Online TA,TA/TO,0,0,0,A,A,0,No Deposit,8.0,0,Transient,88.83,0,0
City Hotel,1,81,2016,March,13,23,1,4,2,0.0,0,BB,SWE,Online TA,TA/TO,0,0,0,D,D,0,No Deposit,9.0,0,Transient,97.75,0,1
City Hotel,1,36,2016,March,13,23,2,4,2,0.0,0,BB,DEU,Online TA,TA/TO,0,0,0,D,D,0,No Deposit,9.0,0,Transient,125.1,0,1
City Hotel,0,108,2016,March,13,23,2,5,2,0.0,0,BB,CHE,Direct,Direct,0,0,0,B,B,1,No Deposit,14.0,0,Transient-Party,75.99,0,1
City Hotel,1,36,2016,March,13,23,2,4,2,0.0,0,BB,DEU,Online TA,TA/TO,0,0,0,D,D,0,No Deposit,9.0,0,Transient,125.1,0,2
City Hotel,0,81,2016,March,13,23,2,5,2,0.0,0,BB,CHE,Online TA,TA/TO,0,0,0,A,A,0,No Deposit,9.0,0,Transient,89.31,0,0
City Hotel,1,58,2016,March,13,24,0,1,2,0.0,0,SC,COL,Online TA,TA/TO,0,0,0,A,A,0,No Deposit,9.0,0,Transient,88.2,0,0
City Hotel,1,46,2016,March,13,24,0,1,2,0.0,0,BB,ESP,Online TA,TA/TO,0,0,0,A,A,0,No Deposit,9.0,0,Transient,99.0,0,0
City Hotel,1,38,2016,March,13,24,0,1,2,0.0,0,SC,ESP,Online TA,TA/TO,0,0,0,A,A,0,No Deposit,9.0,0,Transient,88.2,0,0
City Hotel,1,33,2016,March,13,24,0,2,2,0.0,0,BB,ESP,Online TA,TA/TO,0,0,0,D,D,0,No Deposit,9.0,0,Transient,140.4,0,0
City Hotel,1,33,2016,March,13,24,0,2,2,0.0,0,BB,ESP,Online TA,TA/TO,0,0,0,D,D,0,No Deposit,9.0,0,Transient,140.4,0,0
City Hotel,1,4,2016,March,13,24,0,2,2,0.0,0,SC,ESP,Online TA,TA/TO,0,0,0,A,A,0,No Deposit,9.0,0,Transient,134.0,0,0
City Hotel,1,76,2016,March,13,24,0,3,2,0.0,0,BB,GBR,Online TA,TA/TO,0,0,0,A,A,0,No Deposit,9.0,0,Transient,105.3,0,0
City Hotel,0,99,2016,March,13,24,0,3,2,0.0,0,SC,HRV,Online TA,TA/TO,0,0,0,A,A,3,No Deposit,9.0,0,Transient-Party,85.5,0,0
City Hotel,1,35,2016,March,13,24,0,3,2,0.0,0,SC,ESP,Online TA,TA/TO,0,0,0,A,A,0,No Deposit,9.0,0,Transient,125.1,0,0
City Hotel,0,99,2016,March,13,24,0,3,2,0.0,0,SC,PER,Online TA,TA/TO,0,0,0,A,A,2,No Deposit,9.0,0,Transient-Party,85.5,0,0
City Hotel,0,78,2016,March,13,24,0,3,2,0.0,0,BB,ESP,Online TA,TA/TO,0,0,0,A,A,0,No Deposit,9.0,0,Transient,105.3,1,1
City Hotel,1,74,2016,March,13,24,0,3,2,0.0,0,BB,ESP,Online TA,TA/TO,0,0,0,D,D,0,No Deposit,9.0,0,Transient,114.3,0,0
City Hotel,0,99,2016,March,13,24,0,3,2,0.0,0,SC,ESP,Online TA,TA/TO,0,0,0,A,A,2,No Deposit,9.0,0,Transient-Party,101.5,1,0
City Hotel,1,33,2016,March,13,24,0,3,2,0.0,0,BB,ESP,Online TA,TA/TO,0,0,0,A,A,0,No Deposit,9.0,0,Transient,126.9,0,0
City Hotel,1,3,2016,March,13,24,0,3,2,0.0,0,BB,PRT,Online TA,TA/TO,0,0,0,A,A,0,No Deposit,8.0,0,Transient,147.67,0,0
City Hotel,1,106,2016,March,13,24,0,3,2,0.0,0,BB,ESP,Online TA,TA/TO,0,0,0,A,A,1,No Deposit,9.0,0,Transient,96.3,0,1
City Hotel,1,87,2016,March,13,24,0,3,2,0.0,0,BB,ESP,Online TA,TA/TO,0,0,0,A,A,0,No Deposit,9.0,0,Transient,105.3,0,1
City Hotel,1,8,2016,March,13,24,0,3,2,0.0,0,BB,ESP,Online TA,TA/TO,0,0,0,D,D,0,No Deposit,9.0,0,Transient,171.67,0,0
City Hotel,0,78,2016,March,13,24,1,3,2,0.0,0,BB,DEU,Online TA,TA/TO,0,0,0,A,A,0,No Deposit,7.0,0,Transient,70.03,0,1
City Hotel,1,34,2016,March,13,24,1,3,2,0.0,0,SC,ESP,Online TA,TA/TO,0,0,0,A,A,0,No Deposit,9.0,0,Transient,113.85,0,0
City Hotel,1,87,2016,March,13,24,1,3,2,0.0,0,SC,PRT,Online TA,TA/TO,0,0,0,A,A,0,No Deposit,7.0,0,Transient,62.18,0,0
City Hotel,0,87,2016,March,13,24,1,3,2,0.0,0,BB,DEU,Online TA,TA/TO,0,0,0,A,A,0,No Deposit,7.0,0,Transient,70.03,0,1
City Hotel,1,79,2016,March,13,24,1,3,2,0.0,0,BB,ITA,Online TA,TA/TO,0,0,0,A,A,0,No Deposit,9.0,0,Transient,90.95,0,1
City Hotel,0,84,2016,March,13,24,1,3,2,0.0,0,BB,ESP,Online TA,TA/TO,0,0,0,D,A,0,No Deposit,9.0,0,Transient-Party,99.45,0,0
City Hotel,1,34,2016,March,13,24,1,3,2,0.0,0,BB,ESP,Online TA,TA/TO,0,0,0,A,A,0,No Deposit,9.0,0,Transient,124.65,0,0
City Hotel,1,157,2016,March,13,24,1,3,2,0.0,0,BB,PRT,Online TA,TA/TO,0,0,0,A,A,0,No Deposit,9.0,0,Contract,106.2,0,2
City Hotel,1,79,2016,March,13,24,1,3,2,0.0,0,BB,ITA,Online TA,TA/TO,0,0,0,A,A,0,No Deposit,9.0,0,Transient,90.95,0,1
City Hotel,0,97,2016,March,13,24,1,3,2,0.0,0,BB,DEU,Online TA,TA/TO,0,0,0,A,A,0,No Deposit,7.0,0,Transient,64.98,0,1
City Hotel,0,96,2016,March,13,24,1,3,2,0.0,0,BB,ESP,Online TA,TA/TO,0,0,0,D,A,0,No Deposit,9.0,0,Transient-Party,99.45,0,0
City Hotel,1,79,2016,March,13,24,1,3,2,0.0,0,BB,ITA,Online TA,TA/TO,0,0,0,A,A,0,No Deposit,9.0,0,Transient,90.95,0,1
City Hotel,0,97,2016,March,13,24,1,3,2,0.0,0,BB,DEU,Online TA,TA/TO,0,0,0,A,A,0,No Deposit,7.0,0,Transient,64.98,0,1
City Hotel,1,81,2016,March,13,24,1,3,2,0.0,0,BB,CHE,Online TA,TA/TO,0,0,0,D,D,0,No Deposit,9.0,0,Transient,99.45,0,1
City Hotel,0,83,2016,March,13,24,1,3,2,0.0,0,BB,GBR,Online TA,TA/TO,0,0,0,A,A,3,No Deposit,7.0,0,Transient,70.03,0,1
City Hotel,0,108,2016,March,13,24,2,3,2,0.0,0,BB,SWE,Online TA,TA/TO,0,0,0,B,B,0,No Deposit,8.0,0,Transient-Party,120.0,0,1
City Hotel,1,85,2016,March,13,24,2,3,2,0.0,0,BB,ESP,Online TA,TA/TO,0,0,0,D,D,1,No Deposit,9.0,0,Transient-Party,97.75,0,0
City Hotel,0,106,2016,March,13,24,1,3,2,0.0,0,BB,ESP,Direct,Direct,0,0,0,D,A,2,No Deposit,14.0,0,Transient,108.5,0,0
City Hotel,1,83,2016,March,13,24,1,3,2,0.0,0,BB,CHE,Online TA,TA/TO,0,0,0,D,D,0,No Deposit,9.0,0,Transient,93.6,0,0
City Hotel,0,84,2016,March,13,24,1,3,2,0.0,0,SC,ESP,Online TA,TA/TO,0,0,0,A,A,1,No Deposit,9.0,0,Transient-Party,89.75,1,0
City Hotel,1,82,2016,March,13,24,1,3,2,0.0,0,BB,DEU,Online TA,TA/TO,0,0,0,D,D,0,No Deposit,9.0,0,Transient,99.45,0,0
City Hotel,0,82,2016,March,13,24,1,3,2,0.0,0,BB,CHE,Online TA,TA/TO,0,0,0,D,D,0,No Deposit,9.0,0,Transient,99.45,0,0
City Hotel,1,41,2016,March,13,25,0,2,2,0.0,0,BB,ESP,Online TA,TA/TO,0,0,0,D,D,0,No Deposit,9.0,0,Transient,140.4,0,0
City Hotel,1,32,2016,March,13,25,0,2,2,0.0,0,BB,USA,Online TA,TA/TO,0,0,0,D,D,0,No Deposit,9.0,0,Transient,149.4,0,0
City Hotel,1,35,2016,March,13,25,0,2,2,0.0,0,BB,CHE,Online TA,TA/TO,0,0,0,D,D,0,No Deposit,9.0,0,Transient,140.4,0,0
City Hotel,0,80,2016,March,13,25,1,2,2,0.0,0,BB,FRA,Online TA,TA/TO,0,0,0,A,A,1,No Deposit,9.0,0,Transient-Party,85.5,0,2
City Hotel,1,76,2016,March,13,25,1,2,2,0.0,0,BB,PRT,Offline TA/TO,TA/TO,0,0,0,A,A,0,No Deposit,85.0,0,Transient,59.5,0,0
City Hotel,1,161,2016,March,13,25,1,2,2,0.0,0,HB,PRT,Offline TA/TO,TA/TO,0,0,0,A,A,0,Non Refund,12.0,101,Transient,130.0,0,0
City Hotel,1,161,2016,March,13,25,1,2,2,0.0,0,HB,PRT,Offline TA/TO,TA/TO,0,0,0,A,A,0,Non Refund,12.0,101,Transient,130.0,0,0
City Hotel,1,161,2016,March,13,25,1,2,2,0.0,0,HB,PRT,Offline TA/TO,TA/TO,0,0,0,A,A,0,Non Refund,12.0,101,Transient,130.0,0,0
City Hotel,0,94,2016,March,13,25,1,2,2,0.0,0,BB,CHE,Online TA,TA/TO,0,0,0,E,E,0,No Deposit,11.0,0,Transient,95.25,0,0
City Hotel,1,161,2016,March,13,25,1,2,2,0.0,0,HB,PRT,Offline TA/TO,TA/TO,0,0,0,B,B,0,Non Refund,12.0,101,Transient,130.0,0,0
City Hotel,1,87,2016,March,13,25,1,2,2,0.0,0,SC,NLD,Online TA,TA/TO,0,0,0,A,A,0,No Deposit,9.0,0,Transient,85.5,0,1
City Hotel,1,78,2016,March,13,25,1,2,2,0.0,0,BB,PRT,Offline TA/TO,TA/TO,0,0,0,A,A,0,Non Refund,154.0,0,Transient,100.0,0,0
City Hotel,1,78,2016,March,13,25,1,2,2,0.0,0,BB,PRT,Offline TA/TO,TA/TO,0,0,0,A,A,0,Non Refund,154.0,0,Transient,100.0,0,0
City Hotel,1,78,2016,March,13,25,1,2,2,0.0,0,BB,PRT,Offline TA/TO,TA/TO,0,0,0,A,A,0,Non Refund,154.0,0,Transient,100.0,0,0
City Hotel,1,78,2016,March,13,25,1,2,2,0.0,0,BB,PRT,Offline TA/TO,TA/TO,0,0,0,A,A,0,Non Refund,154.0,0,Transient,100.0,0,0
City Hotel,1,161,2016,March,13,25,1,2,2,0.0,0,HB,PRT,Offline TA/TO,TA/TO,0,0,0,A,A,0,Non Refund,12.0,101,Transient,130.0,0,0
City Hotel,1,161,2016,March,13,25,1,2,2,0.0,0,HB,PRT,Offline TA/TO,TA/TO,0,0,0,A,A,0,Non Refund,12.0,101,Transient,130.0,0,0
City Hotel,1,161,2016,March,13,25,1,2,2,0.0,0,HB,PRT,Offline TA/TO,TA/TO,0,0,0,A,A,0,Non Refund,12.0,101,Transient,130.0,0,0
City Hotel,1,161,2016,March,13,25,1,2,2,0.0,0,HB,PRT,Offline TA/TO,TA/TO,0,0,0,A,A,0,Non Refund,12.0,101,Transient,130.0,0,0
City Hotel,0,90,2016,March,13,25,1,2,2,0.0,0,BB,DEU,Online TA,TA/TO,0,0,0,A,A,0,No Deposit,9.0,0,Transient-Party,96.3,0,0
City Hotel,0,86,2016,March,13,25,1,2,2,0.0,0,BB,GBR,Direct,Direct,0,0,0,A,A,0,No Deposit,14.0,0,Transient,85.5,0,0
City Hotel,1,80,2016,March,13,25,1,2,2,0.0,0,SC,GBR,Online TA,TA/TO,0,0,0,A,D,0,No Deposit,9.0,0,Transient,85.5,0,0
City Hotel,1,78,2016,March,13,25,1,2,2,0.0,0,BB,PRT,Offline TA/TO,TA/TO,0,0,0,A,A,0,Non Refund,154.0,0,Transient,100.0,0,0
City Hotel,1,78,2016,March,13,25,1,2,2,0.0,0,BB,PRT,Offline TA/TO,TA/TO,0,0,0,A,A,0,Non Refund,154.0,0,Transient,100.0,0,0
City Hotel,1,161,2016,March,13,25,1,2,2,0.0,0,HB,PRT,Offline TA/TO,TA/TO,0,0,0,A,A,0,Non Refund,12.0,101,Transient,130.0,0,0
City Hotel,1,161,2016,March,13,25,1,2,2,0.0,0,HB,PRT,Offline TA/TO,TA/TO,0,0,0,A,A,0,Non Refund,12.0,101,Transient,130.0,0,0
City Hotel,1,161,2016,March,13,25,1,2,2,0.0,0,HB,PRT,Offline TA/TO,TA/TO,0,0,0,B,B,0,Non Refund,12.0,101,Transient,130.0,0,0
City Hotel,1,161,2016,March,13,25,1,2,2,0.0,0,HB,PRT,Offline TA/TO,TA/TO,0,0,0,A,A,0,Non Refund,12.0,101,Transient,130.0,0,0
City Hotel,1,78,2016,March,13,25,1,2,2,0.0,0,BB,PRT,Offline TA/TO,TA/TO,0,0,0,A,A,0,Non Refund,154.0,0,Transient,100.0,0,0
City Hotel,1,78,2016,March,13,25,1,2,2,0.0,0,BB,ITA,Online TA,TA/TO,0,0,0,D,D,0,No Deposit,9.0,0,Transient,105.3,0,0
City Hotel,1,83,2016,March,13,25,1,2,2,0.0,0,BB,CHE,Online TA,TA/TO,0,0,0,D,D,0,No Deposit,7.0,0,Transient,105.3,0,0
City Hotel,1,161,2016,March,13,25,1,2,2,0.0,0,HB,PRT,Offline TA/TO,TA/TO,0,0,0,A,A,0,Non Refund,12.0,101,Transient,130.0,0,0
City Hotel,1,161,2016,March,13,25,1,2,2,0.0,0,HB,PRT,Offline TA/TO,TA/TO,0,0,0,A,A,0,Non Refund,12.0,101,Transient,130.0,0,0
City Hotel,1,161,2016,March,13,25,1,2,2,0.0,0,HB,PRT,Offline TA/TO,TA/TO,0,0,0,A,A,0,Non Refund,12.0,101,Transient,130.0,0,0
City Hotel,1,78,2016,March,13,25,1,2,2,0.0,0,BB,PRT,Offline TA/TO,TA/TO,0,0,0,A,A,0,Non Refund,154.0,0,Transient,100.0,0,0
City Hotel,1,78,2016,March,13,25,1,2,2,0.0,0,BB,PRT,Offline TA/TO,TA/TO,0,0,0,A,A,0,Non Refund,154.0,0,Transient,100.0,0,0
City Hotel,1,78,2016,March,13,25,1,2,2,0.0,0,BB,PRT,Offline TA/TO,TA/TO,0,0,0,A,A,0,Non Refund,154.0,0,Transient,100.0,0,0
City Hotel,1,78,2016,March,13,25,1,2,2,0.0,0,BB,PRT,Offline TA/TO,TA/TO,0,0,0,A,A,0,Non Refund,154.0,0,Transient,100.0,0,0
City Hotel,1,161,2016,March,13,25,1,2,2,0.0,0,HB,PRT,Offline TA/TO,TA/TO,0,0,0,A,A,0,Non Refund,12.0,101,Transient,130.0,0,0
City Hotel,1,161,2016,March,13,25,1,2,2,0.0,0,HB,PRT,Offline TA/TO,TA/TO,0,0,0,A,A,0,Non Refund,12.0,101,Transient,130.0,0,0
City Hotel,1,161,2016,March,13,25,1,2,2,0.0,0,HB,PRT,Offline TA/TO,TA/TO,0,0,0,A,A,0,Non Refund,12.0,101,Transient,130.0,0,0
City Hotel,1,161,2016,March,13,25,1,2,2,0.0,0,HB,PRT,Offline TA/TO,TA/TO,0,0,0,A,A,0,Non Refund,12.0,101,Transient,130.0,0,0
City Hotel,1,78,2016,March,13,25,1,2,2,0.0,0,BB,PRT,Offline TA/TO,TA/TO,0,0,0,A,A,0,Non Refund,154.0,0,Transient,100.0,0,0
City Hotel,1,161,2016,March,13,25,1,2,2,0.0,0,HB,PRT,Offline TA/TO,TA/TO,0,0,0,A,A,0,Non Refund,12.0,101,Transient,130.0,0,0
City Hotel,1,161,2016,March,13,25,1,2,2,0.0,0,HB,PRT,Offline TA/TO,TA/TO,0,0,0,A,A,0,Non Refund,12.0,101,Transient,130.0,0,0
City Hotel,1,161,2016,March,13,25,1,2,2,0.0,0,HB,PRT,Offline TA/TO,TA/TO,0,0,0,A,A,0,Non Refund,12.0,101,Transient,130.0,0,0
City Hotel,1,78,2016,March,13,25,1,2,2,0.0,0,BB,PRT,Offline TA/TO,TA/TO,0,0,0,A,A,0,Non Refund,154.0,0,Transient,100.0,0,0
City Hotel,1,78,2016,March,13,25,1,2,2,0.0,0,BB,PRT,Offline TA/TO,TA/TO,0,0,0,A,A,0,Non Refund,154.0,0,Transient,100.0,0,0
City Hotel,1,161,2016,March,13,25,1,2,2,0.0,0,HB,PRT,Offline TA/TO,TA/TO,0,0,0,A,A,0,Non Refund,12.0,101,Transient,130.0,0,0
City Hotel,1,161,2016,March,13,25,1,2,2,0.0,0,HB,PRT,Offline TA/TO,TA/TO,0,0,0,A,A,0,Non Refund,12.0,101,Transient,130.0,0,0
City Hotel,1,161,2016,March,13,25,1,2,2,0.0,0,HB,PRT,Offline TA/TO,TA/TO,0,0,0,B,B,0,Non Refund,12.0,101,Transient,130.0,0,0
City Hotel,1,89,2016,March,13,25,1,2,2,0.0,0,BB,DEU,Online TA,TA/TO,0,0,0,D,D,0,No Deposit,9.0,0,Transient,105.3,0,1
City Hotel,1,100,2016,March,13,25,1,2,2,0.0,0,BB,DEU,Online TA,TA/TO,0,0,0,A,A,0,No Deposit,9.0,0,Transient,93.3,0,1
City Hotel,1,174,2016,March,13,25,1,2,2,0.0,0,BB,PRT,Online TA,TA/TO,0,0,0,A,A,0,No Deposit,9.0,0,Transient,115.2,0,1
City Hotel,1,161,2016,March,13,25,1,2,2,0.0,0,HB,PRT,Offline TA/TO,TA/TO,0,0,0,A,A,0,Non Refund,12.0,101,Transient,130.0,0,0
City Hotel,1,161,2016,March,13,25,1,2,2,0.0,0,HB,PRT,Offline TA/TO,TA/TO,0,0,0,A,A,0,Non Refund,12.0,101,Transient,130.0,0,0
City Hotel,1,161,2016,March,13,25,1,2,2,0.0,0,HB,PRT,Offline TA/TO,TA/TO,0,0,0,A,A,0,Non Refund,12.0,101,Transient,130.0,0,0
City Hotel,0,80,2016,March,13,25,1,2,2,0.0,0,BB,FRA,Online TA,TA/TO,0,0,0,A,A,1,No Deposit,9.0,0,Transient-Party,85.5,0,2
City Hotel,1,78,2016,March,13,25,1,2,2,0.0,0,BB,PRT,Offline TA/TO,TA/TO,0,0,0,A,A,0,Non Refund,154.0,0,Transient,100.0,0,0
City Hotel,1,161,2016,March,13,25,1,2,2,0.0,0,HB,PRT,Offline TA/TO,TA/TO,0,0,0,A,A,0,Non Refund,12.0,101,Transient,130.0,0,0
City Hotel,1,136,2016,March,13,25,1,2,2,0.0,0,BB,PRT,Online TA,TA/TO,0,0,0,A,A,0,No Deposit,8.0,0,Transient,106.2,0,1
City Hotel,1,93,2016,March,13,25,1,2,2,0.0,0,BB,ITA,Online TA,TA/TO,0,0,0,D,D,0,No Deposit,9.0,0,Transient,105.3,0,2
City Hotel,1,161,2016,March,13,25,1,2,2,0.0,0,HB,PRT,Offline TA/TO,TA/TO,0,0,0,A,A,0,Non Refund,12.0,101,Transient,130.0,0,0
City Hotel,1,161,2016,March,13,25,1,2,2,0.0,0,HB,PRT,Offline TA/TO,TA/TO,0,0,0,A,A,0,Non Refund,12.0,101,Transient,130.0,0,0
City Hotel,1,161,2016,March,13,25,1,2,2,0.0,0,HB,PRT,Offline TA/TO,TA/TO,0,0,0,A,A,0,Non Refund,12.0,101,Transient,130.0,0,0
City Hotel,0,90,2016,March,13,25,1,2,2,0.0,0,BB,DEU,Online TA,TA/TO,0,0,0,A,A,0,No Deposit,9.0,0,Transient-Party,96.3,0,0
City Hotel,0,83,2016,March,13,25,1,2,2,0.0,0,BB,DEU,Online TA,TA/TO,0,0,0,D,D,0,No Deposit,9.0,0,Transient,105.3,0,1
City Hotel,1,78,2016,March,13,25,1,2,2,0.0,0,BB,PRT,Offline TA/TO,TA/TO,0,0,0,A,A,0,Non Refund,154.0,0,Transient,100.0,0,0
City Hotel,0,80,2016,March,13,25,1,2,2,0.0,0,SC,NZL,Online TA,TA/TO,0,0,0,A,G,0,No Deposit,7.0,0,Transient,65.83,0,0
City Hotel,1,78,2016,March,13,25,1,2,2,0.0,0,BB,PRT,Offline TA/TO,TA/TO,0,0,0,A,A,0,Non Refund,154.0,0,Transient,100.0,0,0
City Hotel,1,78,2016,March,13,25,1,2,2,0.0,0,BB,PRT,Offline TA/TO,TA/TO,0,0,0,A,A,0,Non Refund,154.0,0,Transient,100.0,0,0
City Hotel,1,161,2016,March,13,25,1,2,2,0.0,0,HB,PRT,Offline TA/TO,TA/TO,0,0,0,A,A,0,Non Refund,12.0,101,Transient,130.0,0,0
City Hotel,1,161,2016,March,13,25,1,2,2,0.0,0,HB,PRT,Offline TA/TO,TA/TO,0,0,0,A,A,0,Non Refund,12.0,101,Transient,130.0,0,0
City Hotel,1,161,2016,March,13,25,1,2,2,0.0,0,HB,PRT,Offline TA/TO,TA/TO,0,0,0,A,A,0,Non Refund,12.0,101,Transient,130.0,0,0
City Hotel,1,161,2016,March,13,25,1,2,2,0.0,0,HB,PRT,Offline TA/TO,TA/TO,0,0,0,A,A,0,Non Refund,12.0,101,Transient,130.0,0,0
City Hotel,1,161,2016,March,13,25,1,2,2,0.0,0,HB,PRT,Offline TA/TO,TA/TO,0,0,0,B,B,0,Non Refund,12.0,101,Transient,130.0,0,0
City Hotel,1,161,2016,March,13,25,1,2,2,0.0,0,HB,PRT,Offline TA/TO,TA/TO,0,0,0,B,B,0,Non Refund,12.0,101,Transient,130.0,0,0
City Hotel,1,36,2016,March,13,25,1,2,2,0.0,0,BB,FRA,Online TA,TA/TO,0,0,0,D,D,0,No Deposit,9.0,0,Transient,137.4,0,1
City Hotel,1,161,2016,March,13,25,1,2,2,0.0,0,HB,PRT,Offline TA/TO,TA/TO,0,0,0,A,A,0,Non Refund,12.0,101,Transient,130.0,0,0
City Hotel,1,161,2016,March,13,25,1,2,2,0.0,0,HB,PRT,Offline TA/TO,TA/TO,0,0,0,A,A,0,Non Refund,12.0,101,Transient,130.0,0,0
City Hotel,1,161,2016,March,13,25,1,2,2,0.0,0,HB,PRT,Offline TA/TO,TA/TO,0,0,0,B,B,0,Non Refund,12.0,101,Transient,130.0,0,0
City Hotel,1,161,2016,March,13,25,1,2,2,0.0,0,HB,PRT,Offline TA/TO,TA/TO,0,0,0,A,A,0,Non Refund,12.0,101,Transient,130.0,0,0
City Hotel,1,78,2016,March,13,25,1,2,2,0.0,0,BB,PRT,Offline TA/TO,TA/TO,0,0,0,A,A,0,Non Refund,154.0,0,Transient,100.0,0,0
City Hotel,1,78,2016,March,13,25,1,2,2,0.0,0,BB,PRT,Offline TA/TO,TA/TO,0,0,0,A,A,0,Non Refund,154.0,0,Transient,100.0,0,0
City Hotel,0,89,2016,March,13,25,1,2,2,0.0,0,BB,DEU,Online TA,TA/TO,0,0,0,A,A,0,No Deposit,9.0,0,Transient,96.3,0,1
City Hotel,1,8,2016,March,13,25,1,2,2,0.0,0,HB,ESP,Online TA,TA/TO,0,0,0,A,A,0,No Deposit,9.0,0,Transient,185.67,0,0
City Hotel,1,43,2016,March,13,25,2,2,2,0.0,0,HB,BEL,Online TA,TA/TO,0,0,0,A,A,1,No Deposit,9.0,0,Transient,148.13,0,1
City Hotel,1,80,2016,March,13,25,2,2,2,0.0,0,BB,PRT,Offline TA/TO,TA/TO,0,0,0,A,A,0,No Deposit,118.0,0,Transient,74.8,0,1
City Hotel,1,116,2016,March,13,25,2,2,2,0.0,0,BB,PRT,Offline TA/TO,TA/TO,0,0,0,A,A,0,No Deposit,118.0,0,Transient,59.5,0,0
City Hotel,0,90,2016,March,13,25,2,2,2,0.0,0,BB,AUT,Online TA,TA/TO,0,0,0,B,B,1,No Deposit,9.0,0,Transient,79.8,0,1
City Hotel,1,116,2016,March,13,25,2,2,2,0.0,0,BB,PRT,Offline TA/TO,TA/TO,0,0,0,A,A,0,No Deposit,118.0,0,Transient,59.5,0,0
City Hotel,1,81,2016,March,13,25,2,2,2,0.0,0,BB,PRT,Offline TA/TO,TA/TO,0,0,0,A,A,0,No Deposit,3.0,4,Transient-Party,65.0,0,0
City Hotel,1,81,2016,March,13,25,2,2,2,0.0,0,BB,PRT,Offline TA/TO,TA/TO,0,0,0,A,A,0,No Deposit,3.0,4,Transient-Party,65.0,0,0
City Hotel,1,7,2016,March,13,25,2,2,2,0.0,0,BB,ARE,Online TA,TA/TO,0,0,0,D,D,0,No Deposit,9.0,0,Transient,161.0,0,0
City Hotel,1,81,2016,March,13,25,2,2,2,0.0,0,BB,ESP,Online TA,TA/TO,0,0,0,A,A,0,No Deposit,9.0,0,Transient,88.83,0,1
City Hotel,1,81,2016,March,13,25,2,2,2,0.0,0,BB,PRT,Offline TA/TO,TA/TO,0,0,0,A,A,0,No Deposit,3.0,4,Transient-Party,65.0,0,0
City Hotel,1,81,2016,March,13,25,2,2,2,0.0,0,BB,PRT,Offline TA/TO,TA/TO,0,0,0,A,A,0,No Deposit,3.0,4,Transient-Party,65.0,0,0
City Hotel,1,81,2016,March,13,25,2,2,2,0.0,0,BB,PRT,Offline TA/TO,TA/TO,0,0,0,A,A,0,No Deposit,3.0,4,Transient-Party,65.0,0,0
City Hotel,1,81,2016,March,13,25,2,2,2,0.0,0,BB,PRT,Offline TA/TO,TA/TO,0,0,0,A,A,0,No Deposit,3.0,4,Transient-Party,65.0,0,0
City Hotel,1,80,2016,March,13,25,2,2,2,0.0,0,BB,PRT,Offline TA/TO,TA/TO,0,0,0,A,A,0,No Deposit,118.0,0,Transient,74.8,0,0
City Hotel,1,35,2016,March,13,25,2,2,2,0.0,0,BB,PRT,Offline TA/TO,TA/TO,0,0,0,A,A,0,No Deposit,3.0,0,Transient,63.0,0,0
City Hotel,1,81,2016,March,13,25,2,2,2,0.0,0,BB,PRT,Offline TA/TO,TA/TO,0,0,0,A,A,0,No Deposit,3.0,4,Transient-Party,65.0,0,0
City Hotel,1,72,2016,March,13,26,1,1,2,0.0,0,HB,PRT,Groups,TA/TO,0,0,0,A,A,0,Non Refund,1.0,0,Transient,96.0,0,0
City Hotel,1,72,2016,March,13,26,1,1,2,0.0,0,HB,PRT,Groups,TA/TO,0,0,0,A,A,0,Non Refund,1.0,0,Transient,96.0,0,0
City Hotel,1,72,2016,March,13,26,1,1,2,0.0,0,HB,PRT,Groups,TA/TO,0,0,0,A,A,0,Non Refund,1.0,0,Transient,96.0,0,0
City Hotel,1,72,2016,March,13,26,1,1,2,0.0,0,HB,PRT,Groups,TA/TO,0,0,0,A,A,0,Non Refund,1.0,0,Transient,96.0,0,0
City Hotel,1,31,2016,March,13,26,1,1,2,0.0,0,SC,IRL,Online TA,TA/TO,0,0,0,A,A,0,No Deposit,9.0,0,Transient,116.1,0,0
City Hotel,1,72,2016,March,13,26,1,1,2,0.0,0,HB,PRT,Groups,TA/TO,0,0,0,A,A,0,Non Refund,1.0,0,Transient,96.0,0,0
City Hotel,1,72,2016,March,13,26,1,1,2,0.0,0,HB,PRT,Groups,TA/TO,0,0,0,A,A,0,Non Refund,1.0,0,Transient,96.0,0,0
City Hotel,1,72,2016,March,13,26,1,1,2,0.0,0,HB,PRT,Groups,TA/TO,0,0,0,A,A,0,Non Refund,1.0,0,Transient,96.0,0,0
City Hotel,1,72,2016,March,13,26,1,1,2,0.0,0,HB,PRT,Groups,TA/TO,0,0,0,A,A,0,Non Refund,1.0,0,Transient,96.0,0,0
City Hotel,1,72,2016,March,13,26,1,1,2,0.0,0,HB,PRT,Groups,TA/TO,0,0,0,A,A,0,Non Refund,1.0,0,Transient,96.0,0,0
City Hotel,1,72,2016,March,13,26,1,1,2,0.0,0,HB,PRT,Groups,TA/TO,0,0,0,A,A,0,Non Refund,1.0,0,Transient,96.0,0,0
City Hotel,0,100,2016,March,13,26,2,1,2,0.0,0,BB,FRA,Online TA,TA/TO,0,0,0,A,A,0,No Deposit,9.0,0,Transient,90.3,0,1
City Hotel,1,67,2016,March,13,26,2,1,2,0.0,0,BB,PRT,Offline TA/TO,TA/TO,0,0,0,A,A,0,No Deposit,83.0,0,Transient-Party,76.16,0,1
City Hotel,1,92,2016,March,13,26,2,1,2,0.0,0,BB,PRT,Offline TA/TO,TA/TO,0,0,0,A,A,0,Non Refund,170.0,0,Transient,100.0,0,0
City Hotel,1,67,2016,March,13,26,2,1,2,0.0,0,BB,PRT,Offline TA/TO,TA/TO,0,0,0,A,A,0,No Deposit,83.0,0,Transient-Party,76.16,0,1
City Hotel,1,92,2016,March,13,26,2,1,2,0.0,0,BB,PRT,Offline TA/TO,TA/TO,0,0,0,A,A,0,Non Refund,170.0,0,Transient,100.0,0,0
City Hotel,1,92,2016,March,13,26,2,1,2,0.0,0,BB,PRT,Offline TA/TO,TA/TO,0,0,0,A,A,0,Non Refund,170.0,0,Transient,100.0,0,0
City Hotel,1,92,2016,March,13,26,2,1,2,0.0,0,BB,PRT,Offline TA/TO,TA/TO,0,0,0,A,A,0,Non Refund,170.0,0,Transient,100.0,0,0
City Hotel,1,9,2016,March,13,26,2,1,2,0.0,0,BB,ITA,Online TA,TA/TO,0,0,0,A,A,0,No Deposit,9.0,0,Transient,144.33,0,0
City Hotel,1,92,2016,March,13,26,2,1,2,0.0,0,BB,PRT,Offline TA/TO,TA/TO,0,0,0,A,A,0,Non Refund,170.0,0,Transient,100.0,0,0
City Hotel,1,92,2016,March,13,26,2,1,2,0.0,0,BB,PRT,Offline TA/TO,TA/TO,0,0,0,A,A,0,Non Refund,170.0,0,Transient,100.0,0,0
City Hotel,1,67,2016,March,13,26,2,1,2,0.0,0,BB,PRT,Offline TA/TO,TA/TO,0,0,0,A,A,0,No Deposit,83.0,0,Transient,76.16,0,1
City Hotel,1,92,2016,March,13,26,2,1,2,0.0,0,BB,PRT,Offline TA/TO,TA/TO,0,0,0,A,A,0,Non Refund,170.0,0,Transient,100.0,0,0
City Hotel,1,92,2016,March,13,26,2,1,2,0.0,0,BB,PRT,Offline TA/TO,TA/TO,0,0,0,A,A,0,Non Refund,170.0,0,Transient,100.0,0,0
City Hotel,1,92,2016,March,13,26,2,1,2,0.0,0,BB,PRT,Offline TA/TO,TA/TO,0,0,0,A,A,0,Non Refund,170.0,0,Transient,100.0,0,0
City Hotel,1,92,2016,March,13,26,2,1,2,0.0,0,BB,PRT,Offline TA/TO,TA/TO,0,0,0,A,A,0,Non Refund,170.0,0,Transient,100.0,0,0
City Hotel,1,8,2016,March,13,26,2,1,2,0.0,0,BB,ITA,Online TA,TA/TO,0,0,0,A,A,0,No Deposit,9.0,0,Transient,144.33,0,0
City Hotel,1,92,2016,March,13,26,2,1,2,0.0,0,BB,PRT,Offline TA/TO,TA/TO,0,0,0,A,A,0,Non Refund,170.0,0,Transient,100.0,0,0
City Hotel,1,10,2016,March,13,26,2,2,2,0.0,0,BB,FRA,Online TA,TA/TO,0,0,0,D,D,1,No Deposit,9.0,0,Transient,148.5,0,0
City Hotel,1,81,2016,March,13,26,2,2,2,0.0,0,BB,NGA,Online TA,TA/TO,0,0,0,D,D,0,No Deposit,9.0,0,Transient,95.2,0,0
City Hotel,1,23,2016,March,13,26,2,2,2,0.0,0,BB,GBR,Online TA,TA/TO,0,0,0,A,A,0,No Deposit,9.0,0,Transient,136.0,0,0
City Hotel,1,76,2016,March,13,26,2,3,2,0.0,0,BB,DEU,Online TA,TA/TO,0,0,0,D,D,0,No Deposit,9.0,0,Transient,99.45,0,0
City Hotel,0,86,2016,March,13,26,2,3,2,0.0,0,BB,USA,Online TA,TA/TO,0,0,0,A,A,1,No Deposit,9.0,0,Transient,95.85,0,1
City Hotel,1,77,2016,March,13,26,2,5,2,0.0,0,BB,FRA,Online TA,TA/TO,0,0,0,D,D,0,No Deposit,9.0,0,Transient,97.02,0,0
City Hotel,1,5,2016,March,13,26,2,5,2,0.0,0,BB,USA,Online TA,TA/TO,0,0,0,D,D,0,No Deposit,9.0,0,Transient,146.0,0,0
City Hotel,0,1,2016,March,14,27,1,0,2,0.0,0,BB,PRT,Direct,Direct,0,0,0,A,A,0,No Deposit,,0,Transient,99.0,0,1
City Hotel,0,81,2016,March,14,27,1,0,2,0.0,0,BB,GBR,Online TA,TA/TO,0,0,0,A,A,1,No Deposit,9.0,0,Transient,96.3,0,0
City Hotel,1,122,2016,March,14,27,2,1,2,0.0,0,HB,PRT,Offline TA/TO,TA/TO,0,0,0,A,A,0,No Deposit,26.0,0,Transient-Party,107.0,0,1
City Hotel,1,84,2016,March,14,27,2,1,2,0.0,0,BB,GBR,Online TA,TA/TO,0,0,0,A,A,0,No Deposit,9.0,0,Transient,90.3,0,1
City Hotel,1,109,2016,March,14,27,2,2,2,0.0,0,SC,KWT,Online TA,TA/TO,0,0,0,A,A,0,No Deposit,9.0,0,Transient,81.25,0,0
City Hotel,1,125,2016,March,14,27,2,2,2,0.0,0,BB,PRT,Offline TA/TO,TA/TO,0,0,0,A,D,0,No Deposit,28.0,0,Transient,55.0,0,0
City Hotel,1,120,2016,March,14,27,2,3,2,0.0,0,BB,PRT,Online TA,TA/TO,0,0,0,A,A,2,No Deposit,8.0,0,Transient,84.15,0,0
City Hotel,0,82,2016,March,14,27,2,3,2,0.0,0,BB,NLD,Online TA,TA/TO,0,0,0,A,A,0,No Deposit,9.0,0,Transient,84.15,0,1
City Hotel,1,70,2016,March,14,27,2,4,2,0.0,0,BB,PRT,Online TA,TA/TO,0,0,0,E,E,0,No Deposit,11.0,0,Transient,86.4,0,0
City Hotel,1,54,2016,March,14,28,1,1,2,0.0,0,SC,MEX,Online TA,TA/TO,0,0,0,A,A,0,No Deposit,9.0,0,Transient,80.1,0,0
City Hotel,1,63,2016,March,14,28,1,1,2,0.0,0,SC,GBR,Online TA,TA/TO,0,0,0,A,A,0,No Deposit,9.0,0,Transient,80.1,0,0
City Hotel,1,63,2016,March,14,28,1,1,2,0.0,0,SC,GBR,Online TA,TA/TO,0,0,0,A,A,0,No Deposit,9.0,0,Transient,80.1,0,0
City Hotel,1,63,2016,March,14,28,1,1,2,0.0,0,SC,GBR,Online TA,TA/TO,0,0,0,A,A,0,No Deposit,9.0,0,Transient,80.1,0,0
City Hotel,1,12,2016,March,14,28,1,2,2,0.0,0,BB,PRT,Offline TA/TO,TA/TO,0,0,0,A,A,0,No Deposit,27.0,0,Transient,38.67,0,0
City Hotel,0,85,2016,March,14,28,1,2,2,0.0,0,SC,GBR,Online TA,TA/TO,0,0,0,A,A,7,No Deposit,9.0,0,Transient,76.5,0,1
City Hotel,1,52,2016,March,14,28,1,3,2,0.0,0,BB,FIN,Online TA,TA/TO,0,0,0,A,A,0,No Deposit,9.0,0,Transient,85.85,0,0
City Hotel,1,45,2016,March,14,28,1,3,2,0.0,0,BB,FRA,Online TA,TA/TO,0,0,0,D,D,0,No Deposit,9.0,0,Transient,143.65,0,0
City Hotel,1,7,2016,March,14,28,1,3,2,0.0,0,SC,ESP,Online TA,TA/TO,0,0,0,A,A,0,No Deposit,9.0,0,Transient,109.0,0,1
City Hotel,1,50,2016,March,14,28,1,3,2,0.0,0,BB,HRV,Online TA,TA/TO,0,0,0,D,D,0,No Deposit,9.0,0,Transient,98.6,0,0
City Hotel,1,79,2016,March,14,28,1,4,2,0.0,0,SC,GBR,Online TA,TA/TO,0,0,0,A,A,0,No Deposit,9.0,0,Transient,72.25,0,0
City Hotel,0,84,2016,March,14,28,1,4,2,0.0,0,BB,DEU,Online TA,TA/TO,0,0,0,A,A,0,No Deposit,9.0,0,Transient,82.45,0,1
City Hotel,1,58,2016,March,14,28,1,4,2,0.0,0,BB,FRA,Online TA,TA/TO,0,0,0,A,A,0,No Deposit,9.0,0,Transient,85.85,0,1
City Hotel,0,85,2016,March,14,28,1,5,2,0.0,0,SC,GBR,Online TA,TA/TO,0,0,0,A,A,0,No Deposit,9.0,0,Transient-Party,72.25,0,1
City Hotel,1,56,2016,March,14,28,1,5,2,0.0,0,BB,BRA,Online TA,TA/TO,0,0,0,A,A,0,No Deposit,9.0,0,Transient,85.85,0,1
City Hotel,0,85,2016,March,14,28,1,5,2,0.0,0,SC,PRT,Online TA,TA/TO,0,0,0,A,A,0,No Deposit,9.0,0,Transient-Party,72.25,0,2
City Hotel,1,182,2016,March,14,28,2,5,2,0.0,0,BB,PRT,Online TA,TA/TO,0,0,0,A,A,0,No Deposit,9.0,0,Contract,96.94,0,1
City Hotel,1,1,2016,March,14,29,0,1,2,0.0,0,SC,PRT,Direct,Direct,0,0,0,A,A,0,No Deposit,,0,Transient,89.0,0,1
City Hotel,1,50,2016,March,14,29,0,1,2,0.0,0,SC,RUS,Online TA,TA/TO,0,0,0,A,A,0,No Deposit,9.0,0,Transient,80.1,0,2
City Hotel,1,51,2016,March,14,29,0,1,2,0.0,0,BB,NLD,Online TA,TA/TO,0,0,0,A,A,0,No Deposit,9.0,0,Transient,90.9,0,0
City Hotel,1,1,2016,March,14,29,0,1,2,0.0,0,SC,PRT,Online TA,TA/TO,0,0,0,A,A,0,No Deposit,9.0,0,Transient,89.0,0,0
City Hotel,1,11,2016,March,14,29,0,1,2,0.0,0,HB,PRT,Direct,Direct,0,0,0,A,A,0,No Deposit,,0,Transient,135.0,0,1
City Hotel,1,24,2016,March,14,29,0,3,2,0.0,0,BB,PRT,Online TA,TA/TO,0,0,0,A,A,0,No Deposit,9.0,0,Transient,134.33,0,0
City Hotel,0,84,2016,March,14,29,0,3,2,0.0,0,BB,BEL,Online TA,TA/TO,0,0,0,A,A,0,No Deposit,9.0,0,Transient,87.3,0,1
City Hotel,0,82,2016,March,14,29,0,4,2,0.0,0,BB,ITA,Online TA,TA/TO,0,0,0,A,A,0,No Deposit,9.0,0,Transient,82.45,0,0
City Hotel,0,86,2016,March,14,29,0,4,2,0.0,0,BB,DEU,Online TA,TA/TO,0,0,0,A,A,0,No Deposit,9.0,0,Transient,82.45,0,1
City Hotel,1,46,2016,March,14,29,0,4,2,0.0,0,BB,AGO,Direct,Direct,0,0,0,F,F,0,No Deposit,14.0,0,Transient,161.5,0,0
City Hotel,0,85,2016,March,14,29,0,4,2,0.0,0,BB,DEU,Online TA,TA/TO,0,0,0,A,A,0,No Deposit,9.0,0,Transient-Party,82.45,0,0
City Hotel,0,113,2016,March,14,29,0,4,2,0.0,0,SC,PRT,Online TA,TA/TO,0,0,0,A,B,1,No Deposit,7.0,0,Transient,55.63,0,0
City Hotel,0,85,2016,March,14,29,0,4,2,0.0,0,BB,DEU,Online TA,TA/TO,0,0,0,A,A,0,No Deposit,9.0,0,Transient-Party,82.45,0,1
City Hotel,0,85,2016,March,14,29,0,4,2,0.0,0,BB,NLD,Online TA,TA/TO,0,0,0,A,A,0,No Deposit,9.0,0,Transient,82.45,0,0
City Hotel,1,49,2016,March,14,29,0,4,2,0.0,0,BB,PRT,Online TA,TA/TO,0,0,0,E,E,0,No Deposit,11.0,0,Transient,86.28,0,0
City Hotel,0,113,2016,March,14,29,0,4,2,0.0,0,SC,GBR,Online TA,TA/TO,0,0,0,A,B,1,No Deposit,7.0,0,Transient,55.63,0,0
City Hotel,1,53,2016,March,14,29,0,5,2,0.0,0,BB,PRT,Offline TA/TO,TA/TO,0,0,0,A,D,0,No Deposit,28.0,0,Transient,85.0,0,0
City Hotel,0,84,2016,March,14,29,2,5,2,0.0,0,BB,ESP,Online TA,TA/TO,0,0,0,A,A,0,No Deposit,8.0,0,Transient,82.45,0,0
City Hotel,1,112,2016,March,14,30,0,2,2,0.0,0,BB,PRT,Groups,TA/TO,0,0,0,A,A,0,Non Refund,1.0,0,Transient,64.0,0,0
City Hotel,1,112,2016,March,14,30,0,2,2,0.0,0,BB,PRT,Groups,TA/TO,0,0,0,A,A,0,Non Refund,1.0,0,Transient,64.0,0,0
City Hotel,1,112,2016,March,14,30,0,2,2,0.0,0,BB,PRT,Groups,TA/TO,0,0,0,A,A,0,Non Refund,1.0,0,Transient,64.0,0,0
City Hotel,1,112,2016,March,14,30,0,2,2,0.0,0,BB,PRT,Groups,TA/TO,0,0,0,A,A,0,Non Refund,1.0,0,Transient,64.0,0,0
City Hotel,1,112,2016,March,14,30,0,2,2,0.0,0,BB,PRT,Groups,TA/TO,0,0,0,A,A,0,Non Refund,1.0,0,Transient,64.0,0,0
City Hotel,1,112,2016,March,14,30,0,2,2,0.0,0,BB,PRT,Groups,TA/TO,0,0,0,A,A,0,Non Refund,1.0,0,Transient,64.0,0,0
City Hotel,1,112,2016,March,14,30,0,2,2,0.0,0,BB,PRT,Groups,TA/TO,0,0,0,A,A,0,Non Refund,1.0,0,Transient,64.0,0,0
City Hotel,1,112,2016,March,14,30,0,2,2,0.0,0,BB,PRT,Groups,TA/TO,0,0,0,A,A,0,Non Refund,1.0,0,Transient,64.0,0,0
City Hotel,1,112,2016,March,14,30,0,2,2,0.0,0,BB,PRT,Groups,TA/TO,0,0,0,A,A,0,Non Refund,1.0,0,Transient,64.0,0,0
City Hotel,1,112,2016,March,14,30,0,2,2,0.0,0,BB,PRT,Groups,TA/TO,0,0,0,A,A,0,Non Refund,1.0,0,Transient,64.0,0,0
City Hotel,1,112,2016,March,14,30,0,2,2,0.0,0,BB,PRT,Groups,TA/TO,0,0,0,A,A,0,Non Refund,1.0,0,Transient,64.0,0,0
City Hotel,1,112,2016,March,14,30,0,2,2,0.0,0,BB,PRT,Groups,TA/TO,0,0,0,A,A,0,Non Refund,1.0,0,Transient,64.0,0,0
City Hotel,1,112,2016,March,14,30,0,2,2,0.0,0,BB,PRT,Groups,TA/TO,0,0,0,A,A,0,Non Refund,1.0,0,Transient,64.0,0,0
City Hotel,1,112,2016,March,14,30,0,2,2,0.0,0,BB,PRT,Groups,TA/TO,0,0,0,A,A,0,Non Refund,1.0,0,Transient,64.0,0,0
City Hotel,1,112,2016,March,14,30,0,2,2,0.0,0,BB,PRT,Groups,TA/TO,0,0,0,A,A,0,Non Refund,1.0,0,Transient,64.0,0,0
City Hotel,1,112,2016,March,14,30,0,2,2,0.0,0,BB,PRT,Groups,TA/TO,0,0,0,A,A,0,Non Refund,1.0,0,Transient,64.0,0,0
City Hotel,1,112,2016,March,14,30,0,2,2,0.0,0,BB,PRT,Groups,TA/TO,0,0,0,A,A,0,Non Refund,1.0,0,Transient,64.0,0,0
City Hotel,1,112,2016,March,14,30,0,2,2,0.0,0,BB,PRT,Groups,TA/TO,0,0,0,A,A,0,Non Refund,1.0,0,Transient,64.0,0,0
City Hotel,1,112,2016,March,14,30,0,2,2,0.0,0,BB,PRT,Groups,TA/TO,0,0,0,A,A,0,Non Refund,1.0,0,Transient,64.0,0,0
City Hotel,1,112,2016,March,14,30,0,2,2,0.0,0,BB,PRT,Groups,TA/TO,0,0,0,A,A,0,Non Refund,1.0,0,Transient,64.0,0,0
City Hotel,1,123,2016,March,14,30,0,3,2,0.0,0,BB,PRT,Online TA,TA/TO,0,0,0,B,B,0,No Deposit,9.0,0,Transient-Party,89.92,0,0
City Hotel,1,29,2016,March,14,30,0,3,2,0.0,0,BB,IRN,Direct,Direct,0,0,0,D,D,0,No Deposit,14.0,0,Transient,140.0,0,0
City Hotel,1,123,2016,March,14,30,0,3,2,0.0,0,BB,PRT,Online TA,TA/TO,0,0,0,D,D,0,No Deposit,9.0,0,Transient,110.33,0,0
City Hotel,1,108,2016,March,14,30,0,3,2,0.0,0,BB,BRA,Online TA,TA/TO,0,0,0,A,A,0,No Deposit,9.0,0,Transient,87.3,0,2
City Hotel,0,89,2016,March,14,30,0,3,2,0.0,0,SC,DEU,Online TA,TA/TO,0,0,0,A,A,0,No Deposit,9.0,0,Transient,76.5,0,0
City Hotel,1,69,2016,March,14,30,0,4,2,0.0,0,BB,SWE,Online TA,TA/TO,0,0,0,A,A,0,No Deposit,9.0,0,Transient,82.45,0,0
City Hotel,1,75,2016,March,14,30,0,4,2,0.0,0,BB,BEL,Online TA,TA/TO,0,0,0,A,A,0,No Deposit,9.0,0,Transient,82.45,0,0
City Hotel,1,57,2016,March,14,30,0,4,2,0.0,0,SC,HUN,Online TA,TA/TO,0,0,0,A,A,4,No Deposit,9.0,0,Transient,76.76,0,0
City Hotel,1,49,2016,March,14,30,0,4,2,0.0,0,HB,ARE,Online TA,TA/TO,0,0,0,D,D,1,No Deposit,9.0,0,Transient,130.9,0,1
City Hotel,1,57,2016,March,14,30,0,4,2,0.0,0,SC,HUN,Online TA,TA/TO,0,0,0,A,A,3,No Deposit,9.0,0,Transient,76.76,0,0
City Hotel,1,12,2016,March,14,30,1,4,2,0.0,0,BB,GBR,Online TA,TA/TO,0,0,0,D,D,0,No Deposit,9.0,0,Transient,140.0,0,0
City Hotel,1,12,2016,March,14,30,1,4,2,0.0,0,BB,GBR,Online TA,TA/TO,0,0,0,D,D,0,No Deposit,9.0,0,Transient,140.0,0,0
City Hotel,0,87,2016,March,14,30,1,4,2,0.0,0,BB,DEU,Online TA,TA/TO,0,0,0,A,A,0,No Deposit,9.0,0,Transient,82.45,0,1
City Hotel,1,74,2016,March,14,30,1,4,2,0.0,0,BB,GBR,Online TA,TA/TO,0,0,0,A,A,0,No Deposit,9.0,0,Transient,82.45,0,0
City Hotel,1,79,2016,March,14,30,2,4,2,0.0,0,BB,ITA,Online TA,TA/TO,0,0,0,A,A,0,No Deposit,9.0,0,Transient,82.45,0,0
City Hotel,0,88,2016,March,14,30,2,5,2,0.0,0,BB,GBR,Online TA,TA/TO,0,0,0,A,A,0,No Deposit,9.0,0,Transient,82.45,0,1
City Hotel,1,3,2016,March,14,30,2,5,2,0.0,0,SC,CPV,Online TA,TA/TO,0,0,0,A,A,0,No Deposit,9.0,0,Transient,93.29,0,0
City Hotel,1,14,2016,March,14,30,2,8,2,0.0,0,BB,AGO,Online TA,TA/TO,0,0,0,D,D,0,No Deposit,9.0,0,Transient,132.0,0,0
City Hotel,1,80,2016,March,14,30,2,8,2,0.0,0,SC,ARG,Online TA,TA/TO,0,0,0,A,A,0,No Deposit,9.0,0,Transient,73.1,0,0
City Hotel,1,17,2016,March,14,31,0,1,2,0.0,0,BB,PRT,Offline TA/TO,TA/TO,0,0,0,A,A,0,No Deposit,138.0,0,Transient,72.4,0,0
City Hotel,1,17,2016,March,14,31,0,1,2,0.0,0,BB,PRT,Offline TA/TO,TA/TO,0,0,0,A,A,0,No Deposit,138.0,0,Transient,72.4,0,0
City Hotel,0,88,2016,March,14,31,0,1,2,0.0,0,BB,BEL,Direct,Direct,0,0,0,A,A,0,No Deposit,14.0,0,Transient,76.5,0,0
City Hotel,1,267,2016,March,14,31,0,2,2,0.0,0,BB,PRT,Groups,TA/TO,0,0,0,A,A,0,Non Refund,1.0,0,Transient,62.0,0,0
City Hotel,1,267,2016,March,14,31,0,2,2,0.0,0,BB,PRT,Groups,TA/TO,0,0,0,A,A,0,Non Refund,1.0,0,Transient,62.0,0,0
City Hotel,1,267,2016,March,14,31,0,2,2,0.0,0,BB,PRT,Groups,TA/TO,0,0,0,A,A,0,Non Refund,1.0,0,Transient,62.0,0,0
City Hotel,1,267,2016,March,14,31,0,2,2,0.0,0,BB,PRT,Groups,TA/TO,0,0,0,A,A,0,Non Refund,1.0,0,Transient,62.0,0,0
City Hotel,1,267,2016,March,14,31,0,2,2,0.0,0,BB,PRT,Groups,TA/TO,0,0,0,A,A,0,Non Refund,1.0,0,Transient,62.0,0,0
City Hotel,1,267,2016,March,14,31,0,2,2,0.0,0,BB,PRT,Groups,TA/TO,0,0,0,A,A,0,Non Refund,1.0,0,Transient,62.0,0,0
City Hotel,1,267,2016,March,14,31,0,2,2,0.0,0,BB,PRT,Groups,TA/TO,0,0,0,A,A,0,Non Refund,1.0,0,Transient,62.0,0,0
City Hotel,1,30,2016,March,14,31,0,2,2,0.0,0,BB,IRN,Direct,Direct,0,0,0,E,F,0,No Deposit,14.0,0,Transient,165.0,0,0
City Hotel,1,267,2016,March,14,31,0,2,2,0.0,0,BB,PRT,Groups,TA/TO,0,0,0,A,A,0,Non Refund,1.0,0,Transient,62.0,0,0
City Hotel,1,267,2016,March,14,31,0,2,2,0.0,0,BB,PRT,Groups,TA/TO,0,0,0,A,A,0,Non Refund,1.0,0,Transient,62.0,0,0
City Hotel,1,267,2016,March,14,31,0,2,2,0.0,0,BB,PRT,Groups,TA/TO,0,0,0,A,A,0,Non Refund,1.0,0,Transient,62.0,0,0
City Hotel,1,267,2016,March,14,31,0,2,2,0.0,0,BB,PRT,Groups,TA/TO,0,0,0,A,A,0,Non Refund,1.0,0,Transient,62.0,0,0
City Hotel,1,267,2016,March,14,31,0,2,2,0.0,0,BB,PRT,Groups,TA/TO,0,0,0,A,A,0,Non Refund,1.0,0,Transient,62.0,0,0
City Hotel,1,267,2016,March,14,31,0,2,2,0.0,0,BB,PRT,Groups,TA/TO,0,0,0,A,A,0,Non Refund,1.0,0,Transient,62.0,0,0
City Hotel,1,267,2016,March,14,31,0,2,2,0.0,0,BB,PRT,Groups,TA/TO,0,0,0,A,A,0,Non Refund,1.0,0,Transient,62.0,0,0
City Hotel,1,267,2016,March,14,31,0,2,2,0.0,0,BB,PRT,Groups,TA/TO,0,0,0,A,A,0,Non Refund,1.0,0,Transient,62.0,0,0
City Hotel,1,267,2016,March,14,31,0,2,2,0.0,0,BB,PRT,Groups,TA/TO,0,0,0,A,A,0,Non Refund,1.0,0,Transient,62.0,0,0
City Hotel,1,267,2016,March,14,31,0,2,2,0.0,0,BB,PRT,Groups,TA/TO,0,0,0,A,A,0,Non Refund,1.0,0,Transient,62.0,0,0
City Hotel,1,267,2016,March,14,31,0,2,2,0.0,0,BB,PRT,Groups,TA/TO,0,0,0,A,A,0,Non Refund,1.0,0,Transient,62.0,0,0
City Hotel,1,30,2016,March,14,31,0,2,2,0.0,0,BB,IRN,Direct,Direct,0,0,0,E,E,0,No Deposit,14.0,0,Transient,165.0,0,0
City Hotel,1,30,2016,March,14,31,0,2,2,0.0,0,BB,IRN,Direct,Direct,0,0,0,E,F,0,No Deposit,14.0,0,Transient,165.0,0,0
City Hotel,1,267,2016,March,14,31,0,2,2,0.0,0,BB,PRT,Groups,TA/TO,0,0,0,A,A,0,Non Refund,1.0,0,Transient,62.0,0,0
City Hotel,1,267,2016,March,14,31,0,2,2,0.0,0,BB,PRT,Groups,TA/TO,0,0,0,A,A,0,Non Refund,1.0,0,Transient,62.0,0,0
City Hotel,1,267,2016,March,14,31,0,2,2,0.0,0,BB,PRT,Groups,TA/TO,0,0,0,A,A,0,Non Refund,1.0,0,Transient,62.0,0,0
City Hotel,1,267,2016,March,14,31,0,2,2,0.0,0,BB,PRT,Groups,TA/TO,0,0,0,A,A,0,Non Refund,1.0,0,Transient,62.0,0,0
City Hotel,1,267,2016,March,14,31,0,2,2,0.0,0,BB,PRT,Groups,TA/TO,0,0,0,A,A,0,Non Refund,1.0,0,Transient,62.0,0,0
City Hotel,1,267,2016,March,14,31,0,2,2,0.0,0,BB,PRT,Groups,TA/TO,0,0,0,A,A,0,Non Refund,1.0,0,Transient,62.0,0,0
City Hotel,1,267,2016,March,14,31,0,2,2,0.0,0,BB,PRT,Groups,TA/TO,0,0,0,A,A,0,Non Refund,1.0,0,Transient,62.0,0,0
City Hotel,1,267,2016,March,14,31,0,2,2,0.0,0,BB,PRT,Groups,TA/TO,0,0,0,A,A,0,Non Refund,1.0,0,Transient,62.0,0,0
City Hotel,1,267,2016,March,14,31,0,2,2,0.0,0,BB,PRT,Groups,TA/TO,0,0,0,A,A,0,Non Refund,1.0,0,Transient,62.0,0,0
City Hotel,1,267,2016,March,14,31,0,2,2,0.0,0,BB,PRT,Groups,TA/TO,0,0,0,A,A,0,Non Refund,1.0,0,Transient,62.0,0,0
City Hotel,1,267,2016,March,14,31,0,2,2,0.0,0,BB,PRT,Groups,TA/TO,0,0,0,A,A,0,Non Refund,1.0,0,Transient,62.0,0,0
City Hotel,1,267,2016,March,14,31,0,2,2,0.0,0,BB,PRT,Groups,TA/TO,0,0,0,A,A,0,Non Refund,1.0,0,Transient,62.0,0,0
City Hotel,1,173,2016,March,14,31,0,3,2,0.0,0,BB,PRT,Online TA,TA/TO,0,0,0,A,A,0,No Deposit,9.0,0,Contract,100.8,0,2
City Hotel,1,76,2016,March,14,31,0,3,2,0.0,0,SC,PRT,Online TA,TA/TO,0,0,0,A,A,1,No Deposit,8.0,0,Transient,80.1,0,0
City Hotel,1,173,2016,March,14,31,0,3,2,0.0,0,BB,PRT,Online TA,TA/TO,0,0,0,A,A,0,No Deposit,9.0,0,Contract,100.8,0,2
City Hotel,0,90,2016,March,14,31,0,3,2,0.0,0,BB,DEU,Online TA,TA/TO,0,0,0,D,D,0,No Deposit,9.0,0,Transient,96.3,0,0
City Hotel,1,173,2016,March,14,31,0,3,2,0.0,0,BB,PRT,Online TA,TA/TO,0,0,0,A,A,0,No Deposit,9.0,0,Contract,100.8,0,2
City Hotel,1,58,2016,March,14,31,0,3,2,0.0,0,BB,CZE,Online TA,TA/TO,0,0,0,A,A,0,No Deposit,9.0,0,Transient,90.9,0,1
City Hotel,0,113,2016,March,14,31,0,3,2,0.0,0,BB,BEL,Online TA,TA/TO,0,0,0,B,B,1,No Deposit,9.0,0,Transient-Party,78.15,0,1
City Hotel,1,77,2016,March,14,31,0,3,2,0.0,0,SC,IRL,Online TA,TA/TO,0,0,0,A,A,0,No Deposit,9.0,0,Transient,76.5,0,0
City Hotel,1,65,2016,March,14,31,1,3,2,0.0,0,SC,GBR,Online TA,TA/TO,0,0,0,A,A,0,No Deposit,9.0,0,Transient,76.93,0,0
City Hotel,1,50,2016,March,14,31,1,3,2,0.0,0,BB,PRT,Groups,TA/TO,0,0,0,A,A,0,No Deposit,1.0,0,Transient-Party,65.0,0,0
City Hotel,0,86,2016,March,14,31,1,3,2,0.0,0,BB,FRA,Online TA,TA/TO,0,0,0,A,A,0,No Deposit,9.0,0,Transient-Party,82.45,0,1
City Hotel,1,42,2016,March,14,31,1,3,2,0.0,0,BB,BEL,Online TA,TA/TO,0,0,0,A,A,0,No Deposit,9.0,0,Transient,116.26,0,0
City Hotel,0,86,2016,March,14,31,1,3,2,0.0,0,BB,FRA,Online TA,TA/TO,0,0,0,A,A,0,No Deposit,9.0,0,Transient-Party,82.45,0,1
City Hotel,1,50,2016,March,14,31,1,3,2,0.0,0,BB,PRT,Groups,TA/TO,0,0,0,A,A,0,No Deposit,1.0,0,Transient-Party,65.0,0,0
City Hotel,0,86,2016,March,14,31,1,3,2,0.0,0,BB,FRA,Online TA,TA/TO,0,0,0,A,A,0,No Deposit,9.0,0,Transient-Party,82.45,0,1
City Hotel,0,86,2016,March,14,31,1,3,2,0.0,0,BB,PRT,Online TA,TA/TO,0,0,0,A,A,0,No Deposit,9.0,0,Transient-Party,82.45,0,1
City Hotel,1,92,2016,March,14,31,2,3,2,0.0,0,SC,DEU,Online TA,TA/TO,0,0,0,A,A,0,No Deposit,9.0,0,Transient,76.5,0,1
City Hotel,1,22,2016,March,14,31,2,3,2,0.0,0,BB,BEL,Online TA,TA/TO,0,0,0,A,A,0,No Deposit,9.0,0,Transient,137.0,0,0
City Hotel,0,88,2016,March,14,31,2,6,2,0.0,0,SC,FRA,Online TA,TA/TO,0,0,0,A,A,0,No Deposit,9.0,0,Transient,72.25,0,1
City Hotel,1,46,2016,April,14,1,0,2,2,0.0,0,BB,FRA,Online TA,TA/TO,0,0,0,D,D,0,No Deposit,9.0,0,Transient,104.4,0,0
City Hotel,1,93,2016,April,14,1,0,2,2,0.0,0,BB,ESP,Direct,Direct,0,0,0,A,A,0,No Deposit,14.0,0,Transient,76.5,0,0
City Hotel,1,4,2016,April,14,1,0,2,2,0.0,0,BB,ESP,Online TA,TA/TO,0,0,0,A,A,0,No Deposit,9.0,0,Transient,111.0,0,0
City Hotel,1,65,2016,April,14,1,0,2,2,0.0,0,BB,PRT,Online TA,TA/TO,0,0,0,A,A,0,No Deposit,9.0,0,Transient,90.9,0,0
City Hotel,1,71,2016,April,14,1,0,2,2,0.0,0,BB,AUT,Online TA,TA/TO,0,0,0,A,A,0,No Deposit,9.0,0,Transient,87.3,0,0
City Hotel,1,36,2016,April,14,1,0,2,2,0.0,0,BB,GBR,Online TA,TA/TO,0,0,0,D,D,0,No Deposit,9.0,0,Transient,131.4,0,0
City Hotel,1,82,2016,April,14,1,0,2,2,0.0,0,BB,ITA,Online TA,TA/TO,0,0,0,D,D,0,No Deposit,9.0,0,Transient,96.3,0,0
City Hotel,0,89,2016,April,14,1,0,2,2,0.0,0,BB,DEU,Online TA,TA/TO,0,0,0,A,A,0,No Deposit,9.0,0,Transient,87.3,0,1
City Hotel,0,90,2016,April,14,1,0,2,2,0.0,0,BB,DEU,Online TA,TA/TO,0,0,0,A,A,0,No Deposit,7.0,0,Transient,63.86,0,1
City Hotel,1,60,2016,April,14,1,1,2,2,0.0,0,BB,ITA,Online TA,TA/TO,0,0,0,A,A,0,No Deposit,9.0,0,Transient,92.7,0,1
City Hotel,1,57,2016,April,14,1,1,2,2,0.0,0,SC,CHE,Online TA,TA/TO,0,0,0,A,A,0,No Deposit,9.0,0,Transient-Party,81.9,0,0
City Hotel,1,77,2016,April,14,1,1,2,2,0.0,0,SC,BRA,Online TA,TA/TO,0,0,0,A,A,0,No Deposit,9.0,0,Transient,85.5,0,0
City Hotel,1,40,2016,April,14,1,1,2,2,0.0,0,SC,ESP,Online TA,TA/TO,0,0,0,A,A,0,No Deposit,9.0,0,Transient,107.1,0,0
City Hotel,1,32,2016,April,14,1,1,2,2,0.0,0,BB,DEU,Online TA,TA/TO,0,0,0,D,D,0,No Deposit,9.0,0,Transient,131.4,0,0
City Hotel,1,60,2016,April,14,1,1,2,2,0.0,0,BB,ITA,Online TA,TA/TO,0,0,0,A,A,0,No Deposit,9.0,0,Transient,92.7,0,1
City Hotel,0,91,2016,April,14,1,2,2,2,0.0,0,SC,CHE,Online TA,TA/TO,0,0,0,A,B,1,No Deposit,11.0,0,Transient,52.02,0,0
City Hotel,0,93,2016,April,14,1,2,2,2,0.0,0,BB,BEL,Online TA,TA/TO,0,0,0,A,A,0,No Deposit,9.0,0,Transient,82.45,0,1
City Hotel,1,68,2016,April,14,1,2,2,2,0.0,0,SC,FRA,Online TA,TA/TO,0,0,0,A,A,0,No Deposit,9.0,0,Transient,75.65,0,1
City Hotel,1,48,2016,April,14,1,2,3,2,0.0,0,BB,DEU,Online TA,TA/TO,0,0,0,D,D,2,No Deposit,9.0,0,Transient,131.4,0,0
City Hotel,1,75,2016,April,14,1,2,3,2,0.0,0,BB,DNK,Online TA,TA/TO,0,0,0,A,A,0,No Deposit,9.0,0,Transient,82.45,0,0
City Hotel,1,50,2016,April,14,1,2,3,2,0.0,0,BB,ARG,Online TA,TA/TO,0,0,0,A,A,0,No Deposit,9.0,0,Transient,101.31,0,0
City Hotel,0,111,2016,April,14,1,2,4,2,0.0,0,BB,POL,Online TA,TA/TO,0,0,0,B,B,1,No Deposit,9.0,0,Transient,73.74,0,1
City Hotel,1,31,2016,April,14,2,0,1,2,0.0,0,BB,PRT,Online TA,TA/TO,0,0,0,A,A,0,No Deposit,9.0,0,Transient,117.9,0,0
City Hotel,1,0,2016,April,14,2,0,1,2,0.0,0,BB,PRT,Direct,Direct,0,0,0,A,A,0,No Deposit,,0,Transient,89.0,0,0
City Hotel,1,53,2016,April,14,2,0,1,2,0.0,0,BB,PRT,Online TA,TA/TO,0,0,0,A,A,0,No Deposit,9.0,0,Transient,90.9,0,0
City Hotel,1,53,2016,April,14,2,0,1,2,0.0,0,BB,PRT,Online TA,TA/TO,0,0,0,D,D,0,No Deposit,9.0,0,Transient,123.3,0,0
City Hotel,1,50,2016,April,14,2,0,1,2,0.0,0,SC,FRA,Online TA,TA/TO,0,0,0,A,A,0,No Deposit,9.0,0,Transient,80.1,0,0
City Hotel,0,97,2016,April,14,2,0,1,2,0.0,0,SC,SWE,Online TA,TA/TO,0,0,0,A,A,2,No Deposit,9.0,0,Transient,76.5,1,1
City Hotel,1,53,2016,April,14,2,0,1,2,0.0,0,BB,PRT,Online TA,TA/TO,0,0,0,D,D,0,No Deposit,9.0,0,Transient,123.3,0,0
City Hotel,1,79,2016,April,14,2,1,1,2,0.0,0,BB,AUT,Online TA,TA/TO,0,0,0,A,A,0,No Deposit,9.0,0,Transient,87.3,0,0
City Hotel,1,79,2016,April,14,2,1,1,2,0.0,0,SC,AUT,Online TA,TA/TO,0,0,0,A,A,0,No Deposit,9.0,0,Transient,76.5,0,0
City Hotel,1,57,2016,April,14,2,1,1,2,0.0,0,BB,BEL,Direct,Direct,0,0,0,A,A,0,No Deposit,14.0,0,Transient,82.8,0,0
City Hotel,1,44,2016,April,14,2,1,1,2,0.0,0,SC,CHN,Online TA,TA/TO,0,0,0,A,A,0,No Deposit,9.0,0,Transient,107.1,0,0
City Hotel,1,88,2016,April,14,2,2,1,2,0.0,0,BB,DEU,Online TA,TA/TO,0,0,0,A,A,0,No Deposit,9.0,0,Transient,87.3,0,0
City Hotel,0,102,2016,April,14,2,2,1,2,0.0,0,BB,BEL,Online TA,TA/TO,0,0,0,A,A,0,No Deposit,7.0,0,Transient,63.86,0,1
City Hotel,1,70,2016,April,14,2,2,1,2,0.0,0,BB,ITA,Online TA,TA/TO,0,0,0,A,A,0,No Deposit,9.0,0,Transient,87.3,0,0
City Hotel,1,86,2016,April,14,2,2,1,2,0.0,0,SC,FRA,Online TA,TA/TO,0,0,0,A,A,0,No Deposit,9.0,0,Transient,76.5,0,1
City Hotel,0,86,2016,April,14,2,2,1,2,0.0,0,BB,FRA,Direct,Direct,0,0,0,A,A,1,No Deposit,14.0,0,Transient,85.5,0,0
City Hotel,0,92,2016,April,14,2,2,2,2,0.0,0,BB,FRA,Online TA,TA/TO,0,0,0,A,A,0,No Deposit,9.0,0,Transient,77.6,0,0
City Hotel,1,30,2016,April,14,2,2,2,2,0.0,0,SC,BRA,Online TA,TA/TO,0,0,0,A,A,0,No Deposit,9.0,0,Transient,112.58,0,0
City Hotel,1,69,2016,April,14,2,2,2,2,0.0,0,BB,PRT,Online TA,TA/TO,0,0,0,A,A,0,No Deposit,7.0,0,Transient,85.85,0,0
City Hotel,0,88,2016,April,14,2,2,2,2,0.0,0,SC,BEL,Online TA,TA/TO,0,0,0,A,A,0,No Deposit,9.0,0,Transient,72.25,0,0
City Hotel,0,91,2016,April,14,2,2,2,2,0.0,0,BB,CHE,Online TA,TA/TO,0,0,0,A,A,0,No Deposit,11.0,0,Transient,59.37,0,0
City Hotel,1,13,2016,April,14,2,2,2,2,0.0,0,BB,FRA,Online TA,TA/TO,0,0,0,A,A,0,No Deposit,9.0,0,Transient,120.0,0,0
City Hotel,1,104,2016,April,14,2,2,4,2,0.0,0,BB,PRT,Online TA,TA/TO,0,0,0,A,A,0,No Deposit,8.0,0,Transient,82.45,0,2
City Hotel,1,102,2016,April,14,2,2,4,2,0.0,0,SC,USA,Direct,Direct,0,0,0,A,A,0,No Deposit,14.0,0,Transient,80.75,0,2
City Hotel,1,91,2016,April,14,2,2,4,2,0.0,0,SC,BRA,Online TA,TA/TO,0,0,0,A,A,0,No Deposit,9.0,0,Transient,81.25,0,1
City Hotel,0,99,2016,April,14,2,2,4,2,0.0,0,BB,PRT,Online TA,TA/TO,0,0,0,A,A,0,No Deposit,11.0,0,Transient,62.37,0,0
City Hotel,0,109,2016,April,14,2,2,5,2,0.0,0,BB,PRT,Online TA,TA/TO,0,0,0,B,B,1,No Deposit,9.0,0,Transient,74.89,0,0
City Hotel,0,108,2016,April,14,2,2,5,2,0.0,0,BB,FRA,Online TA,TA/TO,0,0,0,B,B,0,No Deposit,9.0,0,Transient,74.89,0,0
City Hotel,1,89,2016,April,15,3,1,0,2,0.0,0,BB,ARG,Online TA,TA/TO,0,0,0,A,A,0,No Deposit,9.0,0,Transient,96.3,0,0
City Hotel,1,50,2016,April,15,3,1,0,2,0.0,0,BB,SWE,Online TA,TA/TO,0,0,0,A,A,0,No Deposit,9.0,0,Transient,96.3,0,0
City Hotel,1,18,2016,April,15,3,2,0,2,0.0,0,BB,ITA,Online TA,TA/TO,0,0,0,A,A,0,No Deposit,9.0,0,Transient,101.0,0,0
City Hotel,1,14,2016,April,15,3,2,0,2,0.0,0,SC,USA,Online TA,TA/TO,0,0,0,A,A,0,No Deposit,9.0,0,Transient,89.0,0,1
City Hotel,1,7,2016,April,15,3,2,1,2,0.0,0,BB,DEU,Online TA,TA/TO,0,0,0,A,A,0,No Deposit,9.0,0,Transient,101.0,0,0
City Hotel,1,118,2016,April,15,3,2,1,2,0.0,0,BB,BRA,Online TA,TA/TO,0,0,0,A,A,0,No Deposit,9.0,0,Transient,87.3,0,1
City Hotel,1,0,2016,April,15,3,2,1,2,0.0,0,BB,FRA,Online TA,TA/TO,0,0,0,D,D,0,No Deposit,9.0,0,Transient-Party,44.6,0,0
City Hotel,1,88,2016,April,15,3,2,0,2,0.0,0,SC,ITA,Online TA,TA/TO,0,0,0,A,A,0,No Deposit,9.0,0,Transient,85.5,0,1
City Hotel,1,73,2016,April,15,3,2,1,2,0.0,0,BB,GBR,Online TA,TA/TO,0,0,0,D,D,0,No Deposit,9.0,0,Transient,96.3,0,0
City Hotel,1,73,2016,April,15,3,2,1,2,0.0,0,SC,GBR,Online TA,TA/TO,0,0,0,A,A,0,No Deposit,9.0,0,Transient,76.5,0,0
City Hotel,1,67,2016,April,15,3,2,1,2,0.0,0,SC,GBR,Online TA,TA/TO,0,0,0,A,A,0,No Deposit,9.0,0,Transient,85.5,0,0
City Hotel,1,72,2016,April,15,3,2,1,2,0.0,0,BB,PRT,Online TA,TA/TO,0,0,0,D,D,0,No Deposit,8.0,0,Transient,100.8,0,0
City Hotel,1,73,2016,April,15,3,2,1,2,0.0,0,SC,GBR,Online TA,TA/TO,0,0,0,A,A,0,No Deposit,9.0,0,Transient,76.5,0,0
City Hotel,1,118,2016,April,15,3,2,1,2,0.0,0,BB,BRA,Online TA,TA/TO,0,0,0,A,A,0,No Deposit,9.0,0,Transient,87.3,0,1
City Hotel,0,95,2016,April,15,3,2,1,2,0.0,0,SC,AZE,Online TA,TA/TO,0,0,0,A,A,0,No Deposit,9.0,0,Transient,76.5,0,0
City Hotel,1,87,2016,April,15,3,2,2,2,0.0,0,SC,BRA,Online TA,TA/TO,0,0,0,A,A,0,No Deposit,9.0,0,Transient-Party,72.25,0,0
City Hotel,0,104,2016,April,15,3,2,2,2,0.0,0,BB,ITA,Online TA,TA/TO,0,0,0,A,A,0,No Deposit,9.0,0,Transient,82.45,0,1
City Hotel,0,91,2016,April,15,3,2,2,2,0.0,0,BB,BEL,Direct,Direct,0,0,0,A,A,0,No Deposit,14.0,0,Transient,72.25,0,0
City Hotel,1,87,2016,April,15,3,2,2,2,0.0,0,SC,BRA,Online TA,TA/TO,0,0,0,A,A,0,No Deposit,9.0,0,Transient-Party,72.25,0,0
City Hotel,0,109,2016,April,15,3,2,2,2,0.0,0,BB,BEL,Online TA,TA/TO,0,0,0,A,A,3,No Deposit,9.0,0,Transient,82.45,0,1
City Hotel,1,81,2016,April,15,3,2,3,2,0.0,0,SC,PRT,Online TA,TA/TO,0,0,0,A,A,0,No Deposit,10.0,0,Transient,73.9,0,0
City Hotel,0,91,2016,April,15,3,2,3,2,0.0,0,HB,PRT,Direct,Direct,0,0,0,B,B,2,No Deposit,14.0,0,Transient,95.94,0,0
City Hotel,0,90,2016,April,15,3,2,3,2,0.0,0,HB,BEL,Direct,Direct,0,0,0,B,B,1,No Deposit,14.0,0,Transient,95.94,0,0
City Hotel,0,91,2016,April,15,3,2,4,2,0.0,0,BB,FRA,Online TA,TA/TO,0,0,0,A,A,0,No Deposit,9.0,0,Transient,83.87,0,1
City Hotel,1,79,2016,April,15,3,2,4,2,0.0,0,BB,USA,Online TA,TA/TO,0,0,0,D,D,0,No Deposit,9.0,0,Transient,95.2,0,0
City Hotel,1,6,2016,April,15,4,1,0,2,0.0,0,SC,BRA,Online TA,TA/TO,0,0,0,A,A,0,No Deposit,9.0,0,Transient,89.0,0,0
City Hotel,1,44,2016,April,15,4,1,0,2,0.0,0,SC,ITA,Online TA,TA/TO,0,0,0,A,A,0,No Deposit,9.0,0,Transient,107.1,0,0
City Hotel,1,46,2016,April,15,4,1,1,2,0.0,0,SC,USA,Online TA,TA/TO,0,0,0,A,A,0,No Deposit,9.0,0,Transient,107.1,0,0
City Hotel,1,41,2016,April,15,4,1,1,2,0.0,0,SC,ZMB,Online TA,TA/TO,0,0,0,A,A,0,No Deposit,9.0,0,Transient,107.1,0,1
City Hotel,1,101,2016,April,15,4,1,2,2,0.0,0,BB,PRT,Offline TA/TO,TA/TO,0,0,0,A,A,0,Non Refund,3.0,41,Transient,80.0,0,0
City Hotel,1,101,2016,April,15,4,1,2,2,0.0,0,BB,PRT,Offline TA/TO,TA/TO,0,0,0,A,A,0,Non Refund,3.0,41,Transient,80.0,0,0
City Hotel,1,101,2016,April,15,4,1,2,2,0.0,0,BB,PRT,Offline TA/TO,TA/TO,0,0,0,A,A,0,Non Refund,3.0,41,Transient,80.0,0,0
City Hotel,0,102,2016,April,15,4,1,2,2,0.0,0,BB,GBR,Online TA,TA/TO,0,0,0,D,D,0,No Deposit,9.0,0,Transient,96.3,0,0
City Hotel,1,91,2016,April,15,4,1,2,2,0.0,0,BB,PRT,Offline TA/TO,TA/TO,0,0,0,A,A,0,Non Refund,3.0,0,Transient,80.0,0,0
City Hotel,1,91,2016,April,15,4,1,2,2,0.0,0,BB,PRT,Offline TA/TO,TA/TO,0,0,0,A,A,0,Non Refund,3.0,0,Transient,80.0,0,0
City Hotel,1,101,2016,April,15,4,1,2,2,0.0,0,BB,PRT,Offline TA/TO,TA/TO,0,0,0,A,A,0,Non Refund,3.0,41,Transient,80.0,0,0
City Hotel,1,101,2016,April,15,4,1,2,2,0.0,0,BB,PRT,Offline TA/TO,TA/TO,0,0,0,A,A,0,Non Refund,3.0,41,Transient,80.0,0,0
City Hotel,1,91,2016,April,15,4,1,2,2,0.0,0,BB,PRT,Offline TA/TO,TA/TO,0,0,0,A,A,0,Non Refund,3.0,0,Transient,80.0,0,0
City Hotel,1,91,2016,April,15,4,1,2,2,0.0,0,BB,PRT,Offline TA/TO,TA/TO,0,0,0,A,A,0,Non Refund,3.0,0,Transient,80.0,0,0
City Hotel,1,91,2016,April,15,4,1,2,2,0.0,0,BB,PRT,Offline TA/TO,TA/TO,0,0,0,A,A,0,Non Refund,3.0,0,Transient,80.0,0,0
City Hotel,1,68,2016,April,15,4,1,2,2,0.0,0,SC,GBR,Online TA,TA/TO,0,0,0,A,A,0,No Deposit,9.0,0,Transient,85.5,0,0
City Hotel,1,101,2016,April,15,4,1,2,2,0.0,0,BB,PRT,Offline TA/TO,TA/TO,0,0,0,A,A,0,Non Refund,3.0,41,Transient,80.0,0,0
City Hotel,1,101,2016,April,15,4,1,2,2,0.0,0,BB,PRT,Offline TA/TO,TA/TO,0,0,0,A,A,0,Non Refund,3.0,41,Transient,80.0,0,0
City Hotel,1,91,2016,April,15,4,1,2,2,0.0,0,BB,PRT,Offline TA/TO,TA/TO,0,0,0,A,A,0,Non Refund,3.0,0,Transient,80.0,0,0
City Hotel,1,91,2016,April,15,4,1,2,2,0.0,0,BB,PRT,Offline TA/TO,TA/TO,0,0,0,A,A,0,Non Refund,3.0,0,Transient,80.0,0,0
City Hotel,1,91,2016,April,15,4,1,2,2,0.0,0,BB,PRT,Offline TA/TO,TA/TO,0,0,0,A,A,0,Non Refund,3.0,0,Transient,80.0,0,0
City Hotel,1,101,2016,April,15,4,1,2,2,0.0,0,BB,PRT,Offline TA/TO,TA/TO,0,0,0,A,A,0,Non Refund,3.0,41,Transient,80.0,0,0
City Hotel,1,101,2016,April,15,4,1,2,2,0.0,0,BB,PRT,Offline TA/TO,TA/TO,0,0,0,A,A,0,Non Refund,3.0,41,Transient,80.0,0,0
City Hotel,1,101,2016,April,15,4,1,2,2,0.0,0,BB,PRT,Offline TA/TO,TA/TO,0,0,0,A,A,0,Non Refund,3.0,41,Transient,80.0,0,0
City Hotel,1,101,2016,April,15,4,1,2,2,0.0,0,BB,PRT,Offline TA/TO,TA/TO,0,0,0,A,A,0,Non Refund,3.0,41,Transient,80.0,0,0
City Hotel,1,91,2016,April,15,4,1,2,2,0.0,0,BB,PRT,Offline TA/TO,TA/TO,0,0,0,A,A,0,Non Refund,3.0,0,Transient,80.0,0,0
City Hotel,1,147,2016,April,15,4,1,3,2,0.0,0,BB,PRT,Online TA,TA/TO,0,0,0,B,B,1,No Deposit,9.0,0,Transient-Party,96.5,0,1
City Hotel,0,111,2016,April,15,4,1,3,2,0.0,0,BB,FRA,Online TA,TA/TO,0,0,0,A,A,0,No Deposit,9.0,0,Transient-Party,82.45,0,1
City Hotel,0,113,2016,April,15,4,1,3,2,0.0,0,BB,USA,Online TA,TA/TO,0,0,0,A,A,0,No Deposit,7.0,0,Transient,63.49,0,2
City Hotel,1,50,2016,April,15,4,1,3,2,0.0,0,BB,FRA,Online TA,TA/TO,0,0,0,D,D,0,No Deposit,9.0,0,Transient,112.2,0,0
City Hotel,0,111,2016,April,15,4,1,3,2,0.0,0,BB,FRA,Online TA,TA/TO,0,0,0,A,A,0,No Deposit,9.0,0,Transient-Party,82.45,0,1
City Hotel,0,93,2016,April,15,4,1,3,2,0.0,0,BB,PRT,Online TA,TA/TO,0,0,0,B,B,3,No Deposit,9.0,0,Transient-Party,73.74,0,0
City Hotel,0,89,2016,April,15,4,1,3,2,0.0,0,BB,FRA,Online TA,TA/TO,0,0,0,A,A,0,No Deposit,9.0,0,Transient,82.45,0,0
City Hotel,0,90,2016,April,15,4,1,3,2,0.0,0,BB,BEL,Online TA,TA/TO,0,0,0,A,D,0,No Deposit,9.0,0,Transient,82.45,0,1
City Hotel,1,67,2016,April,15,4,1,4,2,0.0,0,SC,FIN,Online TA,TA/TO,0,0,0,A,A,0,No Deposit,9.0,0,Transient,80.75,0,0
City Hotel,1,34,2016,April,15,4,1,4,2,0.0,0,BB,SWE,Online TA,TA/TO,0,0,0,D,D,0,No Deposit,9.0,0,Transient,131.4,0,0
City Hotel,1,5,2016,April,15,4,3,5,2,0.0,0,BB,CHN,Online TA,TA/TO,0,0,0,D,D,0,No Deposit,9.0,0,Transient,126.75,0,0
City Hotel,1,5,2016,April,15,4,3,5,2,0.0,0,BB,CHN,Online TA,TA/TO,0,0,0,D,D,0,No Deposit,9.0,0,Transient,126.75,0,0
City Hotel,1,5,2016,April,15,4,3,5,2,0.0,0,BB,CHN,Online TA,TA/TO,0,0,0,D,D,0,No Deposit,9.0,0,Transient,126.75,0,0
City Hotel,1,79,2016,April,15,4,1,5,2,0.0,0,BB,BRA,Online TA,TA/TO,0,0,0,D,D,0,No Deposit,9.0,0,Transient,96.62,0,1
City Hotel,0,113,2016,April,15,5,0,1,2,0.0,0,BB,TWN,Direct,Direct,0,0,0,A,D,0,No Deposit,14.0,0,Transient,95.0,0,0
City Hotel,1,104,2016,April,15,5,0,2,2,0.0,0,HB,PRT,Groups,TA/TO,0,0,0,A,A,0,Non Refund,1.0,0,Transient,96.0,0,0
City Hotel,1,104,2016,April,15,5,0,2,2,0.0,0,HB,PRT,Groups,TA/TO,0,0,0,A,A,0,Non Refund,1.0,0,Transient,96.0,0,0
City Hotel,1,104,2016,April,15,5,0,2,2,0.0,0,HB,PRT,Groups,TA/TO,0,0,0,A,A,0,Non Refund,1.0,0,Transient,96.0,0,0
City Hotel,1,104,2016,April,15,5,0,2,2,0.0,0,HB,PRT,Groups,TA/TO,0,0,0,A,A,0,Non Refund,1.0,0,Transient,96.0,0,0
City Hotel,1,104,2016,April,15,5,0,2,2,0.0,0,HB,PRT,Groups,TA/TO,0,0,0,A,A,0,Non Refund,1.0,0,Transient,96.0,0,0
City Hotel,1,104,2016,April,15,5,0,2,2,0.0,0,HB,PRT,Groups,TA/TO,0,0,0,A,A,0,Non Refund,1.0,0,Transient,96.0,0,0
City Hotel,1,104,2016,April,15,5,0,2,2,0.0,0,HB,PRT,Groups,TA/TO,0,0,0,A,A,0,Non Refund,1.0,0,Transient,96.0,0,0
City Hotel,1,104,2016,April,15,5,0,2,2,0.0,0,HB,PRT,Groups,TA/TO,0,0,0,A,A,0,Non Refund,1.0,0,Transient,96.0,0,0
City Hotel,1,104,2016,April,15,5,0,2,2,0.0,0,HB,PRT,Groups,TA/TO,0,0,0,A,A,0,Non Refund,1.0,0,Transient,96.0,0,0
City Hotel,1,104,2016,April,15,5,0,2,2,0.0,0,HB,PRT,Groups,TA/TO,0,0,0,A,A,0,Non Refund,1.0,0,Transient,96.0,0,0
City Hotel,1,104,2016,April,15,5,0,2,2,0.0,0,HB,PRT,Groups,TA/TO,0,0,0,A,A,0,Non Refund,1.0,0,Transient,96.0,0,0
City Hotel,1,104,2016,April,15,5,0,2,2,0.0,0,HB,PRT,Groups,TA/TO,0,0,0,A,A,0,Non Refund,1.0,0,Transient,96.0,0,0
City Hotel,1,104,2016,April,15,5,0,2,2,0.0,0,HB,PRT,Groups,TA/TO,0,0,0,A,A,0,Non Refund,1.0,0,Transient,96.0,0,0
City Hotel,1,104,2016,April,15,5,0,2,2,0.0,0,HB,PRT,Groups,TA/TO,0,0,0,A,A,0,Non Refund,1.0,0,Transient,96.0,0,0
City Hotel,1,104,2016,April,15,5,0,2,2,0.0,0,HB,PRT,Groups,TA/TO,0,0,0,A,A,0,Non Refund,1.0,0,Transient,96.0,0,0
City Hotel,1,104,2016,April,15,5,0,2,2,0.0,0,HB,PRT,Groups,TA/TO,0,0,0,A,A,0,Non Refund,1.0,0,Transient,96.0,0,0
City Hotel,1,104,2016,April,15,5,0,2,2,0.0,0,HB,PRT,Groups,TA/TO,0,0,0,A,A,0,Non Refund,1.0,0,Transient,96.0,0,0
City Hotel,1,16,2016,April,15,5,0,3,2,0.0,0,BB,FRA,Online TA,TA/TO,0,0,0,D,D,0,No Deposit,9.0,0,Transient,129.33,0,0
City Hotel,0,94,2016,April,15,5,0,3,2,0.0,0,BB,BEL,Direct,Direct,0,0,0,D,D,0,No Deposit,14.0,0,Transient,90.9,0,0
City Hotel,1,78,2016,April,15,5,0,4,2,0.0,0,BB,HUN,Online TA,TA/TO,0,0,0,D,D,0,No Deposit,9.0,0,Transient,97.33,0,0
City Hotel,1,120,2016,April,15,5,0,4,2,0.0,0,BB,PRT,Online TA,TA/TO,0,0,0,E,E,0,No Deposit,11.0,0,Transient,94.86,0,0
City Hotel,0,120,2016,April,15,5,0,4,2,0.0,0,BB,DEU,Online TA,TA/TO,0,0,0,E,E,0,No Deposit,11.0,0,Transient,94.86,0,0
City Hotel,0,95,2016,April,15,5,0,4,2,0.0,0,BB,DEU,Online TA,TA/TO,0,0,0,D,D,0,No Deposit,8.0,0,Transient,93.08,0,1
City Hotel,0,103,2016,April,15,5,0,4,2,0.0,0,BB,ITA,Online TA,TA/TO,0,0,0,A,A,0,No Deposit,9.0,0,Transient,84.58,0,1
City Hotel,0,100,2016,April,15,5,0,4,2,0.0,0,BB,FRA,Online TA,TA/TO,0,0,0,A,A,0,No Deposit,9.0,0,Transient,84.58,0,1
City Hotel,1,68,2016,April,15,5,0,4,2,0.0,0,BB,ITA,Online TA,TA/TO,0,0,0,A,A,0,No Deposit,9.0,0,Transient,90.95,0,0
City Hotel,1,105,2016,April,15,6,0,1,2,0.0,0,BB,PRT,Offline TA/TO,TA/TO,0,0,0,A,A,0,Non Refund,12.0,0,Transient,75.0,0,0
City Hotel,1,105,2016,April,15,6,0,1,2,0.0,0,BB,PRT,Offline TA/TO,TA/TO,0,0,0,A,A,0,Non Refund,12.0,0,Transient,75.0,0,0
City Hotel,1,105,2016,April,15,6,0,1,2,0.0,0,BB,PRT,Offline TA/TO,TA/TO,0,0,0,A,A,0,Non Refund,12.0,0,Transient,75.0,0,0
City Hotel,1,105,2016,April,15,6,0,1,2,0.0,0,BB,PRT,Offline TA/TO,TA/TO,0,0,0,A,A,0,Non Refund,12.0,0,Transient,75.0,0,0
City Hotel,1,105,2016,April,15,6,0,1,2,0.0,0,BB,PRT,Offline TA/TO,TA/TO,0,0,0,A,A,0,Non Refund,12.0,0,Transient,75.0,0,0
City Hotel,1,105,2016,April,15,6,0,1,2,0.0,0,BB,PRT,Offline TA/TO,TA/TO,0,0,0,A,A,0,Non Refund,12.0,0,Transient,75.0,0,0
City Hotel,1,105,2016,April,15,6,0,1,2,0.0,0,BB,PRT,Offline TA/TO,TA/TO,0,0,0,A,A,0,Non Refund,12.0,0,Transient,75.0,0,0
City Hotel,1,105,2016,April,15,6,0,1,2,0.0,0,BB,PRT,Offline TA/TO,TA/TO,0,0,0,A,A,0,Non Refund,12.0,0,Transient,75.0,0,0
City Hotel,1,105,2016,April,15,6,0,1,2,0.0,0,BB,PRT,Offline TA/TO,TA/TO,0,0,0,A,A,0,Non Refund,12.0,0,Transient,75.0,0,0
City Hotel,1,105,2016,April,15,6,0,1,2,0.0,0,BB,PRT,Offline TA/TO,TA/TO,0,0,0,A,A,0,Non Refund,12.0,0,Transient,75.0,0,0
City Hotel,1,105,2016,April,15,6,0,1,2,0.0,0,BB,PRT,Offline TA/TO,TA/TO,0,0,0,A,A,0,Non Refund,12.0,0,Transient,75.0,0,0
City Hotel,1,105,2016,April,15,6,0,1,2,0.0,0,BB,PRT,Offline TA/TO,TA/TO,0,0,0,A,A,0,Non Refund,12.0,0,Transient,75.0,0,0
City Hotel,1,105,2016,April,15,6,0,1,2,0.0,0,BB,PRT,Offline TA/TO,TA/TO,0,0,0,A,A,0,Non Refund,12.0,0,Transient,75.0,0,0
City Hotel,1,105,2016,April,15,6,0,1,2,0.0,0,BB,PRT,Offline TA/TO,TA/TO,0,0,0,A,A,0,Non Refund,12.0,0,Transient,75.0,0,0
City Hotel,1,105,2016,April,15,6,0,1,2,0.0,0,BB,PRT,Offline TA/TO,TA/TO,0,0,0,A,A,0,Non Refund,12.0,0,Transient,75.0,0,0
City Hotel,1,105,2016,April,15,6,0,1,2,0.0,0,BB,PRT,Offline TA/TO,TA/TO,0,0,0,A,A,0,Non Refund,12.0,0,Transient,75.0,0,0
City Hotel,1,105,2016,April,15,6,0,1,2,0.0,0,BB,PRT,Offline TA/TO,TA/TO,0,0,0,A,A,0,Non Refund,12.0,0,Transient,75.0,0,0
City Hotel,1,105,2016,April,15,6,0,1,2,0.0,0,BB,PRT,Offline TA/TO,TA/TO,0,0,0,A,A,0,Non Refund,12.0,0,Transient,75.0,0,0
City Hotel,1,105,2016,April,15,6,0,1,2,0.0,0,BB,PRT,Offline TA/TO,TA/TO,0,0,0,A,A,0,Non Refund,12.0,0,Transient,75.0,0,0
City Hotel,1,105,2016,April,15,6,0,1,2,0.0,0,BB,PRT,Offline TA/TO,TA/TO,0,0,0,A,A,0,Non Refund,12.0,0,Transient,75.0,0,0
City Hotel,1,55,2016,April,15,6,0,1,2,0.0,0,BB,PRT,Offline TA/TO,TA/TO,0,0,0,A,A,0,No Deposit,56.0,0,Transient-Party,80.0,0,0
City Hotel,1,105,2016,April,15,6,0,1,2,0.0,0,BB,PRT,Offline TA/TO,TA/TO,0,0,0,A,A,0,Non Refund,12.0,0,Transient,75.0,0,0
City Hotel,1,105,2016,April,15,6,0,1,2,0.0,0,BB,PRT,Offline TA/TO,TA/TO,0,0,0,A,A,0,Non Refund,12.0,0,Transient,75.0,0,0
City Hotel,1,105,2016,April,15,6,0,1,2,0.0,0,BB,PRT,Offline TA/TO,TA/TO,0,0,0,A,A,0,Non Refund,12.0,0,Transient,75.0,0,0
City Hotel,1,105,2016,April,15,6,0,1,2,0.0,0,BB,PRT,Offline TA/TO,TA/TO,0,0,0,A,A,0,Non Refund,12.0,0,Transient,75.0,0,0
City Hotel,1,105,2016,April,15,6,0,1,2,0.0,0,BB,PRT,Offline TA/TO,TA/TO,0,0,0,A,A,0,Non Refund,12.0,0,Transient,75.0,0,0
City Hotel,1,105,2016,April,15,6,0,1,2,0.0,0,BB,PRT,Offline TA/TO,TA/TO,0,0,0,A,A,0,Non Refund,12.0,0,Transient,75.0,0,0
City Hotel,1,105,2016,April,15,6,0,1,2,0.0,0,BB,PRT,Offline TA/TO,TA/TO,0,0,0,A,A,0,Non Refund,12.0,0,Transient,75.0,0,0
City Hotel,1,105,2016,April,15,6,0,1,2,0.0,0,BB,PRT,Offline TA/TO,TA/TO,0,0,0,A,A,0,Non Refund,12.0,0,Transient,75.0,0,0
City Hotel,1,105,2016,April,15,6,0,1,2,0.0,0,BB,PRT,Offline TA/TO,TA/TO,0,0,0,A,A,0,Non Refund,12.0,0,Transient,75.0,0,0
City Hotel,1,105,2016,April,15,6,0,1,2,0.0,0,BB,PRT,Offline TA/TO,TA/TO,0,0,0,A,A,0,Non Refund,12.0,0,Transient,75.0,0,0
City Hotel,1,105,2016,April,15,6,0,1,2,0.0,0,BB,PRT,Offline TA/TO,TA/TO,0,0,0,A,A,0,Non Refund,12.0,0,Transient,75.0,0,0
City Hotel,1,105,2016,April,15,6,0,1,2,0.0,0,BB,PRT,Offline TA/TO,TA/TO,0,0,0,A,A,0,Non Refund,12.0,0,Transient,75.0,0,0
City Hotel,1,105,2016,April,15,6,0,1,2,0.0,0,BB,PRT,Offline TA/TO,TA/TO,0,0,0,A,A,0,Non Refund,12.0,0,Transient,75.0,0,0
City Hotel,1,105,2016,April,15,6,0,1,2,0.0,0,BB,PRT,Offline TA/TO,TA/TO,0,0,0,A,A,0,Non Refund,12.0,0,Transient,75.0,0,0
City Hotel,1,55,2016,April,15,6,0,1,2,0.0,0,BB,PRT,Offline TA/TO,TA/TO,0,0,0,A,A,0,No Deposit,56.0,0,Transient-Party,80.0,0,0
City Hotel,1,55,2016,April,15,6,0,1,2,0.0,0,BB,PRT,Offline TA/TO,TA/TO,0,0,0,A,A,0,No Deposit,56.0,0,Transient-Party,80.0,0,0
City Hotel,1,105,2016,April,15,6,0,1,2,0.0,0,BB,PRT,Offline TA/TO,TA/TO,0,0,0,A,A,0,Non Refund,12.0,0,Transient,75.0,0,0
City Hotel,1,105,2016,April,15,6,0,1,2,0.0,0,BB,PRT,Offline TA/TO,TA/TO,0,0,0,A,A,0,Non Refund,12.0,0,Transient,75.0,0,0
City Hotel,1,105,2016,April,15,6,0,1,2,0.0,0,BB,PRT,Offline TA/TO,TA/TO,0,0,0,A,A,0,Non Refund,12.0,0,Transient,75.0,0,0
City Hotel,1,105,2016,April,15,6,0,1,2,0.0,0,BB,PRT,Offline TA/TO,TA/TO,0,0,0,A,A,0,Non Refund,12.0,0,Transient,75.0,0,0
City Hotel,1,105,2016,April,15,6,0,1,2,0.0,0,BB,PRT,Offline TA/TO,TA/TO,0,0,0,A,A,0,Non Refund,12.0,0,Transient,75.0,0,0
City Hotel,1,105,2016,April,15,6,0,1,2,0.0,0,BB,PRT,Offline TA/TO,TA/TO,0,0,0,A,A,0,Non Refund,12.0,0,Transient,75.0,0,0
City Hotel,1,105,2016,April,15,6,0,1,2,0.0,0,BB,PRT,Offline TA/TO,TA/TO,0,0,0,A,A,0,Non Refund,12.0,0,Transient,75.0,0,0
City Hotel,1,105,2016,April,15,6,0,1,2,0.0,0,BB,PRT,Offline TA/TO,TA/TO,0,0,0,A,A,0,Non Refund,12.0,0,Transient,75.0,0,0
City Hotel,1,105,2016,April,15,6,0,1,2,0.0,0,BB,PRT,Offline TA/TO,TA/TO,0,0,0,A,A,0,Non Refund,12.0,0,Transient,75.0,0,0
City Hotel,1,105,2016,April,15,6,0,1,2,0.0,0,BB,PRT,Offline TA/TO,TA/TO,0,0,0,A,A,0,Non Refund,12.0,0,Transient,75.0,0,0
City Hotel,1,105,2016,April,15,6,0,1,2,0.0,0,BB,PRT,Offline TA/TO,TA/TO,0,0,0,A,A,0,Non Refund,12.0,0,Transient,75.0,0,0
City Hotel,1,105,2016,April,15,6,0,1,2,0.0,0,BB,PRT,Offline TA/TO,TA/TO,0,0,0,A,A,0,Non Refund,12.0,0,Transient,75.0,0,0
City Hotel,1,105,2016,April,15,6,0,1,2,0.0,0,BB,PRT,Offline TA/TO,TA/TO,0,0,0,A,A,0,Non Refund,12.0,0,Transient,75.0,0,0
City Hotel,1,105,2016,April,15,6,0,1,2,0.0,0,BB,PRT,Offline TA/TO,TA/TO,0,0,0,A,A,0,Non Refund,12.0,0,Transient,75.0,0,0
City Hotel,1,105,2016,April,15,6,0,1,2,0.0,0,BB,PRT,Offline TA/TO,TA/TO,0,0,0,A,A,0,Non Refund,12.0,0,Transient,75.0,0,0
City Hotel,1,105,2016,April,15,6,0,1,2,0.0,0,BB,PRT,Offline TA/TO,TA/TO,0,0,0,A,A,0,Non Refund,12.0,0,Transient,75.0,0,0
City Hotel,1,105,2016,April,15,6,0,1,2,0.0,0,BB,PRT,Offline TA/TO,TA/TO,0,0,0,A,A,0,Non Refund,12.0,0,Transient,75.0,0,0
City Hotel,1,55,2016,April,15,6,0,1,2,0.0,0,HB,PRT,Offline TA/TO,TA/TO,0,0,0,A,A,0,No Deposit,56.0,0,Transient-Party,104.0,0,0
City Hotel,1,105,2016,April,15,6,0,1,2,0.0,0,BB,PRT,Offline TA/TO,TA/TO,0,0,0,A,A,0,Non Refund,12.0,0,Transient,75.0,0,0
City Hotel,1,105,2016,April,15,6,0,1,2,0.0,0,BB,PRT,Offline TA/TO,TA/TO,0,0,0,A,A,0,Non Refund,12.0,0,Transient,75.0,0,0
City Hotel,1,105,2016,April,15,6,0,1,2,0.0,0,BB,PRT,Offline TA/TO,TA/TO,0,0,0,A,A,0,Non Refund,12.0,0,Transient,75.0,0,0
City Hotel,1,105,2016,April,15,6,0,1,2,0.0,0,BB,PRT,Offline TA/TO,TA/TO,0,0,0,A,A,0,Non Refund,12.0,0,Transient,75.0,0,0
City Hotel,1,105,2016,April,15,6,0,1,2,0.0,0,BB,PRT,Offline TA/TO,TA/TO,0,0,0,A,A,0,Non Refund,12.0,0,Transient,75.0,0,0
City Hotel,1,105,2016,April,15,6,0,1,2,0.0,0,BB,PRT,Offline TA/TO,TA/TO,0,0,0,A,A,0,Non Refund,12.0,0,Transient,75.0,0,0
City Hotel,1,105,2016,April,15,6,0,1,2,0.0,0,BB,PRT,Offline TA/TO,TA/TO,0,0,0,A,A,0,Non Refund,12.0,0,Transient,75.0,0,0
City Hotel,1,105,2016,April,15,6,0,1,2,0.0,0,BB,PRT,Offline TA/TO,TA/TO,0,0,0,A,A,0,Non Refund,12.0,0,Transient,75.0,0,0
City Hotel,1,105,2016,April,15,6,0,1,2,0.0,0,BB,PRT,Offline TA/TO,TA/TO,0,0,0,A,A,0,Non Refund,12.0,0,Transient,75.0,0,0
City Hotel,1,105,2016,April,15,6,0,1,2,0.0,0,BB,PRT,Offline TA/TO,TA/TO,0,0,0,A,A,0,Non Refund,12.0,0,Transient,75.0,0,0
City Hotel,1,105,2016,April,15,6,0,1,2,0.0,0,BB,PRT,Offline TA/TO,TA/TO,0,0,0,A,A,0,Non Refund,12.0,0,Transient,75.0,0,0
City Hotel,1,55,2016,April,15,6,0,1,2,0.0,0,HB,PRT,Offline TA/TO,TA/TO,0,0,0,A,A,0,No Deposit,56.0,0,Transient-Party,104.0,0,0
City Hotel,0,92,2016,April,15,6,0,1,2,0.0,0,SC,BEL,Online TA,TA/TO,0,0,0,A,A,0,No Deposit,9.0,0,Transient,76.5,0,1
City Hotel,1,105,2016,April,15,6,0,1,2,0.0,0,BB,PRT,Offline TA/TO,TA/TO,0,0,0,A,A,0,Non Refund,12.0,0,Transient,75.0,0,0
City Hotel,1,105,2016,April,15,6,0,1,2,0.0,0,BB,PRT,Offline TA/TO,TA/TO,0,0,0,A,A,0,Non Refund,12.0,0,Transient,75.0,0,0
City Hotel,1,105,2016,April,15,6,0,1,2,0.0,0,BB,PRT,Offline TA/TO,TA/TO,0,0,0,A,A,0,Non Refund,12.0,0,Transient,75.0,0,0
City Hotel,0,105,2016,April,15,6,0,2,2,0.0,0,BB,NLD,Online TA,TA/TO,0,0,0,A,A,0,No Deposit,11.0,0,Transient,62.86,0,0
City Hotel,0,105,2016,April,15,6,0,2,2,0.0,0,BB,NLD,Online TA,TA/TO,0,0,0,A,A,0,No Deposit,11.0,0,Transient,62.86,0,0
City Hotel,1,132,2016,April,15,6,0,2,2,0.0,0,BB,PRT,Online TA,TA/TO,0,0,0,A,A,0,No Deposit,9.0,0,Contract,107.0,0,1
City Hotel,1,55,2016,April,15,6,0,3,2,0.0,0,BB,FRA,Online TA,TA/TO,0,0,0,A,A,1,No Deposit,155.0,0,Transient,118.33,0,1
City Hotel,0,93,2016,April,15,6,0,3,2,0.0,0,BB,FRA,Online TA,TA/TO,0,0,0,A,A,0,No Deposit,9.0,0,Transient,90.3,0,1
City Hotel,1,93,2016,April,15,6,0,3,2,0.0,0,SC,FRA,Online TA,TA/TO,0,0,0,A,A,0,No Deposit,9.0,0,Transient,79.5,0,0
City Hotel,0,101,2016,April,15,6,0,3,2,0.0,0,BB,AUS,Online TA,TA/TO,0,0,0,A,A,0,No Deposit,9.0,0,Transient,90.3,0,1
City Hotel,1,62,2016,April,15,6,0,4,2,0.0,0,BB,FRA,Online TA,TA/TO,0,0,0,D,D,0,No Deposit,9.0,0,Transient,112.2,0,1
City Hotel,1,17,2016,April,15,6,0,4,2,0.0,0,BB,CHN,Online TA,TA/TO,0,0,0,D,D,0,No Deposit,9.0,0,Transient,133.5,0,0
City Hotel,1,86,2016,April,15,6,0,4,2,0.0,0,BB,DEU,Online TA,TA/TO,0,0,0,A,A,0,No Deposit,9.0,0,Transient,84.58,0,0
City Hotel,1,29,2016,April,15,6,0,4,2,0.0,0,SC,PRT,Offline TA/TO,TA/TO,0,0,0,A,A,0,No Deposit,85.0,0,Transient,85.0,0,0
City Hotel,0,91,2016,April,15,6,0,4,2,0.0,0,BB,DEU,Direct,Direct,0,0,0,A,D,0,No Deposit,14.0,0,Transient,76.5,0,0
City Hotel,1,92,2016,April,15,6,0,4,2,0.0,0,BB,FRA,Online TA,TA/TO,0,0,0,D,D,0,No Deposit,9.0,0,Transient,95.2,0,0
City Hotel,0,91,2016,April,15,6,0,4,2,0.0,0,BB,DEU,Online TA,TA/TO,0,0,0,D,D,0,No Deposit,7.0,0,Transient,69.64,0,0
City Hotel,0,103,2016,April,15,6,1,4,2,0.0,0,BB,PRT,Online TA,TA/TO,0,0,0,D,D,0,No Deposit,9.0,0,Transient,96.05,0,0
City Hotel,0,117,2016,April,15,6,1,4,2,0.0,0,BB,PRT,Online TA,TA/TO,0,0,0,D,D,0,No Deposit,9.0,0,Transient,96.05,0,0
City Hotel,1,82,2016,April,15,6,1,4,2,0.0,0,BB,TWN,Online TA,TA/TO,0,0,0,D,D,0,No Deposit,9.0,0,Transient,99.45,0,0
City Hotel,0,97,2016,April,15,6,2,5,2,0.0,0,BB,ITA,Direct,Direct,0,0,0,A,A,0,No Deposit,14.0,0,Transient,75.89,0,0
City Hotel,1,10,2016,April,15,7,0,1,2,0.0,0,BB,PRT,Online TA,TA/TO,0,0,0,A,A,0,No Deposit,9.0,0,Transient,101.0,0,0
City Hotel,1,274,2016,April,15,7,0,2,2,0.0,0,BB,PRT,Groups,TA/TO,0,0,0,A,A,0,Non Refund,1.0,0,Transient,62.0,0,0
City Hotel,1,274,2016,April,15,7,0,2,2,0.0,0,BB,PRT,Groups,TA/TO,0,0,0,A,A,0,Non Refund,1.0,0,Transient,62.0,0,0
City Hotel,1,274,2016,April,15,7,0,2,2,0.0,0,BB,PRT,Groups,TA/TO,0,0,0,A,A,0,Non Refund,1.0,0,Transient,62.0,0,0
City Hotel,1,274,2016,April,15,7,0,2,2,0.0,0,BB,PRT,Groups,TA/TO,0,0,0,A,A,0,Non Refund,1.0,0,Transient,62.0,0,0
City Hotel,1,274,2016,April,15,7,0,2,2,0.0,0,BB,PRT,Groups,TA/TO,0,0,0,A,A,0,Non Refund,1.0,0,Transient,62.0,0,0
City Hotel,1,274,2016,April,15,7,0,2,2,0.0,0,BB,PRT,Groups,TA/TO,0,0,0,A,A,0,Non Refund,1.0,0,Transient,62.0,0,0
City Hotel,1,274,2016,April,15,7,0,2,2,0.0,0,BB,PRT,Groups,TA/TO,0,0,0,A,A,0,Non Refund,1.0,0,Transient,62.0,0,0
City Hotel,1,274,2016,April,15,7,0,2,2,0.0,0,BB,PRT,Groups,TA/TO,0,0,0,A,A,0,Non Refund,1.0,0,Transient,62.0,0,0
City Hotel,1,274,2016,April,15,7,0,2,2,0.0,0,BB,PRT,Groups,TA/TO,0,0,0,A,A,0,Non Refund,1.0,0,Transient,62.0,0,0
City Hotel,1,274,2016,April,15,7,0,2,2,0.0,0,BB,PRT,Groups,TA/TO,0,0,0,A,A,0,Non Refund,1.0,0,Transient,62.0,0,0
City Hotel,1,274,2016,April,15,7,0,2,2,0.0,0,BB,PRT,Groups,TA/TO,0,0,0,A,A,0,Non Refund,1.0,0,Transient,62.0,0,0
City Hotel,1,274,2016,April,15,7,0,2,2,0.0,0,BB,PRT,Groups,TA/TO,0,0,0,A,A,0,Non Refund,1.0,0,Transient,62.0,0,0
City Hotel,1,274,2016,April,15,7,0,2,2,0.0,0,BB,PRT,Groups,TA/TO,0,0,0,A,A,0,Non Refund,1.0,0,Transient,62.0,0,0
City Hotel,1,274,2016,April,15,7,0,2,2,0.0,0,BB,PRT,Groups,TA/TO,0,0,0,A,A,0,Non Refund,1.0,0,Transient,62.0,0,0
City Hotel,1,274,2016,April,15,7,0,2,2,0.0,0,BB,PRT,Groups,TA/TO,0,0,0,A,A,0,Non Refund,1.0,0,Transient,62.0,0,0
City Hotel,1,274,2016,April,15,7,0,2,2,0.0,0,BB,PRT,Groups,TA/TO,0,0,0,A,A,0,Non Refund,1.0,0,Transient,62.0,0,0
City Hotel,1,88,2016,April,15,7,0,2,2,0.0,0,SC,NLD,Online TA,TA/TO,0,0,0,A,A,0,No Deposit,9.0,0,Transient,76.5,0,0
City Hotel,1,274,2016,April,15,7,0,2,2,0.0,0,BB,PRT,Groups,TA/TO,0,0,0,A,A,0,Non Refund,1.0,0,Transient,62.0,0,0
City Hotel,1,274,2016,April,15,7,0,2,2,0.0,0,BB,PRT,Groups,TA/TO,0,0,0,A,A,0,Non Refund,1.0,0,Transient,62.0,0,0
City Hotel,1,274,2016,April,15,7,0,2,2,0.0,0,BB,PRT,Groups,TA/TO,0,0,0,A,A,0,Non Refund,1.0,0,Transient,62.0,0,0
City Hotel,1,274,2016,April,15,7,0,2,2,0.0,0,BB,PRT,Groups,TA/TO,0,0,0,A,A,0,Non Refund,1.0,0,Transient,62.0,0,0
City Hotel,1,274,2016,April,15,7,0,2,2,0.0,0,BB,PRT,Groups,TA/TO,0,0,0,A,A,0,Non Refund,1.0,0,Transient,62.0,0,0
City Hotel,1,274,2016,April,15,7,0,2,2,0.0,0,BB,PRT,Groups,TA/TO,0,0,0,A,A,0,Non Refund,1.0,0,Transient,62.0,0,0
City Hotel,1,274,2016,April,15,7,0,2,2,0.0,0,BB,PRT,Groups,TA/TO,0,0,0,A,A,0,Non Refund,1.0,0,Transient,62.0,0,0
City Hotel,1,274,2016,April,15,7,0,2,2,0.0,0,BB,PRT,Groups,TA/TO,0,0,0,A,A,0,Non Refund,1.0,0,Transient,62.0,0,0
City Hotel,1,274,2016,April,15,7,0,2,2,0.0,0,BB,PRT,Groups,TA/TO,0,0,0,A,A,0,Non Refund,1.0,0,Transient,62.0,0,0
City Hotel,1,274,2016,April,15,7,0,2,2,0.0,0,BB,PRT,Groups,TA/TO,0,0,0,A,A,0,Non Refund,1.0,0,Transient,62.0,0,0
City Hotel,1,88,2016,April,15,7,0,2,2,0.0,0,SC,NLD,Online TA,TA/TO,0,0,0,A,A,0,No Deposit,9.0,0,Transient,76.5,0,0
City Hotel,1,274,2016,April,15,7,0,2,2,0.0,0,BB,PRT,Groups,TA/TO,0,0,0,A,A,0,Non Refund,1.0,0,Transient,62.0,0,0
City Hotel,1,274,2016,April,15,7,0,2,2,0.0,0,BB,PRT,Groups,TA/TO,0,0,0,A,A,0,Non Refund,1.0,0,Transient,62.0,0,0
City Hotel,1,274,2016,April,15,7,0,2,2,0.0,0,BB,PRT,Groups,TA/TO,0,0,0,A,A,0,Non Refund,1.0,0,Transient,62.0,0,0
City Hotel,1,274,2016,April,15,7,0,2,2,0.0,0,BB,PRT,Groups,TA/TO,0,0,0,A,A,0,Non Refund,1.0,0,Transient,62.0,0,0
City Hotel,1,85,2016,April,15,7,0,3,2,0.0,0,BB,ITA,Online TA,TA/TO,0,0,0,D,D,1,No Deposit,9.0,0,Transient,99.3,0,0
City Hotel,1,14,2016,April,15,7,0,3,2,0.0,0,BB,ESP,Online TA,TA/TO,0,0,0,D,D,0,No Deposit,9.0,0,Transient,126.0,0,0
City Hotel,1,10,2016,April,15,7,0,3,2,0.0,0,BB,FRA,Online TA,TA/TO,0,0,0,A,A,0,No Deposit,9.0,0,Transient,111.0,0,0
City Hotel,1,14,2016,April,15,7,0,3,2,0.0,0,BB,ESP,Online TA,TA/TO,0,0,0,D,D,0,No Deposit,9.0,0,Transient,126.0,0,0
City Hotel,0,92,2016,April,15,7,0,3,2,0.0,0,BB,ITA,Online TA,TA/TO,0,0,0,A,A,0,No Deposit,9.0,0,Transient,93.3,0,1
City Hotel,1,85,2016,April,15,7,0,3,2,0.0,0,BB,ITA,Online TA,TA/TO,0,0,0,D,D,0,No Deposit,9.0,0,Transient,99.3,0,0
City Hotel,1,65,2016,April,15,7,0,3,2,0.0,0,BB,FRA,Online TA,TA/TO,0,0,0,D,D,0,No Deposit,9.0,0,Transient,118.8,0,0
City Hotel,1,14,2016,April,15,7,2,3,2,0.0,0,BB,QAT,Online TA,TA/TO,0,0,0,D,D,0,No Deposit,9.0,0,Transient,125.2,0,0
City Hotel,1,73,2016,April,15,7,2,3,2,0.0,0,BB,GBR,Online TA,TA/TO,0,0,0,D,D,0,No Deposit,9.0,0,Transient,107.1,0,0
City Hotel,1,14,2016,April,15,7,2,3,2,0.0,0,BB,QAT,Online TA,TA/TO,0,0,0,D,D,0,No Deposit,9.0,0,Transient,125.2,0,0
City Hotel,0,120,2016,April,15,7,2,5,2,0.0,0,BB,GBR,Online TA,TA/TO,0,0,0,A,A,0,No Deposit,9.0,0,Transient,89.74,0,0
City Hotel,1,94,2016,April,15,7,2,5,2,0.0,0,SC,GRC,Online TA,TA/TO,0,0,0,A,A,0,No Deposit,9.0,0,Transient,75.89,0,1
City Hotel,1,3,2016,April,15,8,0,1,2,0.0,0,SC,PRT,Online TA,TA/TO,0,0,0,A,A,0,No Deposit,9.0,0,Transient,89.0,0,0
City Hotel,0,103,2016,April,15,8,0,1,2,0.0,0,BB,SWE,Online TA,TA/TO,0,0,0,A,A,1,No Deposit,9.0,0,Transient,99.9,1,1
City Hotel,1,74,2016,April,15,8,0,1,2,0.0,0,SC,GBR,Online TA,TA/TO,0,0,0,A,A,0,No Deposit,9.0,0,Transient,85.5,0,0
City Hotel,1,9,2016,April,15,8,0,1,2,0.0,0,SC,ESP,Online TA,TA/TO,0,0,0,A,A,0,No Deposit,9.0,0,Transient,89.0,0,0
City Hotel,1,18,2016,April,15,8,0,1,2,0.0,0,SC,GBR,Online TA,TA/TO,0,0,0,A,A,0,No Deposit,9.0,0,Transient,89.0,0,0
City Hotel,1,78,2016,April,15,8,0,2,2,0.0,0,SC,NLD,Online TA,TA/TO,0,0,0,B,B,2,No Deposit,9.0,0,Transient,85.5,0,0
City Hotel,0,97,2016,April,15,8,0,2,2,0.0,0,BB,ESP,Online TA,TA/TO,0,0,0,A,A,0,No Deposit,9.0,0,Transient-Party,96.3,0,2
City Hotel,1,115,2016,April,15,8,0,2,2,0.0,0,BB,PRT,Groups,TA/TO,0,0,0,A,B,1,No Deposit,1.0,34,Transient-Party,65.0,0,0
City Hotel,1,99,2016,April,15,8,0,2,2,0.0,0,SC,BRA,Online TA,TA/TO,0,0,0,B,B,1,No Deposit,9.0,0,Transient,85.5,0,1
City Hotel,1,98,2016,April,15,8,0,2,2,0.0,0,BB,ITA,Online TA,TA/TO,0,0,0,A,A,0,No Deposit,9.0,0,Transient,85.6,0,1
City Hotel,1,115,2016,April,15,8,0,2,2,0.0,0,BB,PRT,Groups,TA/TO,0,0,0,A,B,1,No Deposit,1.0,34,Transient-Party,65.0,0,0
City Hotel,1,115,2016,April,15,8,0,2,2,0.0,0,BB,PRT,Groups,TA/TO,0,0,0,A,A,0,No Deposit,1.0,34,Transient-Party,65.0,0,0
City Hotel,1,78,2016,April,15,8,0,2,2,0.0,0,SC,NLD,Online TA,TA/TO,0,0,0,B,B,2,No Deposit,9.0,0,Transient,85.5,0,0
City Hotel,0,97,2016,April,15,8,0,2,2,0.0,0,BB,ESP,Online TA,TA/TO,0,0,0,A,A,0,No Deposit,9.0,0,Transient-Party,96.3,0,1
City Hotel,1,115,2016,April,15,8,0,2,2,0.0,0,BB,PRT,Groups,TA/TO,0,0,0,A,A,0,No Deposit,1.0,34,Transient-Party,65.0,0,0
City Hotel,1,115,2016,April,15,8,0,2,2,0.0,0,BB,PRT,Groups,TA/TO,0,0,0,A,B,1,No Deposit,1.0,34,Transient-Party,65.0,0,0
City Hotel,0,112,2016,April,15,8,0,2,2,0.0,0,SC,PRT,Online TA,TA/TO,0,0,0,A,A,0,No Deposit,7.0,0,Transient,65.83,0,1
City Hotel,1,10,2016,April,15,8,0,2,2,0.0,0,BB,AUT,Online TA,TA/TO,0,0,0,D,D,0,No Deposit,9.0,0,Transient,131.0,0,1
City Hotel,1,99,2016,April,15,8,0,2,2,0.0,0,SC,BRA,Online TA,TA/TO,0,0,0,B,B,1,No Deposit,9.0,0,Transient,85.5,0,1
City Hotel,1,115,2016,April,15,8,0,2,2,0.0,0,BB,PRT,Groups,TA/TO,0,0,0,A,A,0,No Deposit,1.0,34,Transient-Party,65.0,0,0
City Hotel,1,115,2016,April,15,8,0,2,2,0.0,0,BB,PRT,Groups,TA/TO,0,0,0,A,B,1,No Deposit,1.0,34,Transient-Party,65.0,0,0
City Hotel,1,115,2016,April,15,8,0,2,2,0.0,0,BB,PRT,Groups,TA/TO,0,0,0,A,A,0,No Deposit,1.0,34,Transient-Party,65.0,0,0
City Hotel,1,141,2016,April,15,8,1,2,2,0.0,0,BB,PRT,Offline TA/TO,TA/TO,0,0,0,A,A,0,No Deposit,138.0,0,Transient,72.25,0,1
City Hotel,1,94,2016,April,15,8,1,2,2,0.0,0,BB,NOR,Online TA,TA/TO,0,0,0,A,A,0,No Deposit,9.0,0,Transient,96.3,0,0
City Hotel,1,8,2016,April,15,8,1,2,2,0.0,0,BB,ITA,Online TA,TA/TO,0,0,0,A,A,0,No Deposit,9.0,0,Transient,116.33,0,0
City Hotel,1,65,2016,April,15,8,1,2,2,0.0,0,BB,NLD,Online TA,TA/TO,0,0,0,D,D,0,No Deposit,9.0,0,Transient,118.8,0,1
City Hotel,1,84,2016,April,15,8,2,2,2,0.0,0,BB,BRA,Online TA,TA/TO,0,0,0,A,A,0,No Deposit,9.0,0,Transient,90.95,0,0
City Hotel,1,99,2016,April,15,8,2,2,2,0.0,0,SC,GRC,Online TA,TA/TO,0,0,0,A,A,0,No Deposit,9.0,0,Transient,83.25,0,0
City Hotel,0,96,2016,April,15,8,2,2,2,0.0,0,BB,NLD,Online TA,TA/TO,0,0,0,A,A,0,No Deposit,9.0,0,Transient-Party,88.83,0,1
City Hotel,0,96,2016,April,15,8,2,2,2,0.0,0,BB,NLD,Online TA,TA/TO,0,0,0,A,A,0,No Deposit,9.0,0,Transient-Party,88.83,0,0
City Hotel,1,104,2016,April,15,8,2,2,2,0.0,0,BB,GBR,Online TA,TA/TO,0,0,0,D,D,1,No Deposit,9.0,0,Transient,90.95,0,0
City Hotel,1,63,2016,April,15,8,2,2,2,0.0,0,BB,CHN,Online TA,TA/TO,0,0,0,D,D,0,No Deposit,9.0,0,Transient,112.2,0,0
City Hotel,1,60,2016,April,15,8,2,2,2,0.0,0,BB,PRT,Offline TA/TO,TA/TO,0,0,0,A,D,0,No Deposit,28.0,0,Transient-Party,75.0,0,1
City Hotel,1,120,2016,April,15,8,2,3,2,0.0,0,BB,POL,Online TA,TA/TO,0,0,0,A,A,0,No Deposit,9.0,0,Transient,90.95,0,0
City Hotel,0,96,2016,April,15,8,2,3,2,0.0,0,BB,PRT,Online TA,TA/TO,0,0,0,A,B,1,No Deposit,9.0,0,Transient-Party,87.55,0,1
City Hotel,1,81,2016,April,15,8,2,3,2,0.0,0,BB,GBR,Online TA,TA/TO,0,0,0,A,A,0,No Deposit,9.0,0,Transient,90.95,0,0
City Hotel,1,268,2016,April,15,8,2,3,2,0.0,0,BB,PRT,Offline TA/TO,TA/TO,0,0,0,A,A,0,No Deposit,21.0,224,Transient-Party,78.0,0,0
City Hotel,0,96,2016,April,15,8,2,3,2,0.0,0,BB,FRA,Online TA,TA/TO,0,0,0,A,B,1,No Deposit,9.0,0,Transient-Party,87.55,0,1
City Hotel,1,268,2016,April,15,8,2,3,2,0.0,0,BB,PRT,Offline TA/TO,TA/TO,0,0,0,A,A,0,No Deposit,21.0,224,Transient-Party,78.0,0,0
City Hotel,0,268,2016,April,15,8,2,3,2,0.0,0,BB,DEU,Offline TA/TO,TA/TO,0,0,0,A,A,0,No Deposit,21.0,224,Transient-Party,78.0,0,0
City Hotel,1,268,2016,April,15,8,2,3,2,0.0,0,BB,PRT,Offline TA/TO,TA/TO,0,0,0,A,A,0,No Deposit,21.0,224,Transient-Party,78.0,0,0
City Hotel,1,16,2016,April,15,8,2,3,2,0.0,0,BB,CHE,Online TA,TA/TO,0,0,0,D,D,0,No Deposit,9.0,0,Transient,131.2,0,0
City Hotel,1,268,2016,April,15,8,2,3,2,0.0,0,BB,PRT,Offline TA/TO,TA/TO,0,0,0,A,A,0,No Deposit,21.0,224,Transient-Party,78.0,0,0
City Hotel,1,268,2016,April,15,8,2,3,2,0.0,0,BB,PRT,Offline TA/TO,TA/TO,0,0,0,A,A,0,No Deposit,21.0,224,Transient-Party,78.0,0,0
City Hotel,0,100,2016,April,15,8,2,5,2,0.0,0,BB,BRA,Online TA,TA/TO,0,0,0,A,A,0,No Deposit,9.0,0,Transient,86.09,0,1
City Hotel,0,268,2016,April,15,8,2,3,2,0.0,0,BB,PRT,Offline TA/TO,TA/TO,0,0,0,A,A,1,No Deposit,21.0,224,Transient-Party,78.0,0,0
City Hotel,1,268,2016,April,15,8,2,3,2,0.0,0,BB,PRT,Offline TA/TO,TA/TO,0,0,0,A,A,0,No Deposit,21.0,224,Transient-Party,78.0,0,0
City Hotel,0,268,2016,April,15,8,2,3,2,0.0,0,BB,PRT,Offline TA/TO,TA/TO,0,0,0,A,A,0,No Deposit,21.0,224,Transient-Party,78.0,0,0
City Hotel,0,268,2016,April,15,8,2,3,2,0.0,0,BB,PRT,Offline TA/TO,TA/TO,0,0,0,A,A,0,No Deposit,21.0,224,Transient,78.0,0,0
City Hotel,0,112,2016,April,15,9,0,1,2,0.0,0,BB,FRA,Online TA,TA/TO,0,0,0,A,A,0,No Deposit,9.0,0,Transient,96.3,0,0
City Hotel,1,67,2016,April,15,9,1,1,2,0.0,0,BB,GBR,Online TA,TA/TO,0,0,0,D,D,0,No Deposit,9.0,0,Transient,137.7,0,0
City Hotel,1,20,2016,April,15,9,1,1,2,0.0,0,BB,ITA,Online TA,TA/TO,0,0,0,D,D,0,No Deposit,9.0,0,Transient,139.0,0,0
City Hotel,1,87,2016,April,15,9,1,1,2,0.0,0,BB,CHN,Online TA,TA/TO,0,0,0,D,D,2,No Deposit,9.0,0,Transient,105.3,0,0
City Hotel,1,190,2016,April,15,9,1,1,2,0.0,0,BB,PRT,Groups,TA/TO,0,0,0,A,A,0,No Deposit,,31,Transient-Party,70.0,0,0
City Hotel,1,134,2016,April,15,9,1,1,2,0.0,0,HB,PRT,Groups,TA/TO,0,0,0,A,A,0,No Deposit,1.0,0,Transient-Party,90.0,0,0
City Hotel,1,101,2016,April,15,9,1,1,2,0.0,0,BB,ITA,Online TA,TA/TO,0,0,0,A,A,0,No Deposit,9.0,0,Transient,96.3,0,1
City Hotel,1,150,2016,April,15,9,2,1,2,0.0,0,SC,PRT,Online TA,TA/TO,0,0,0,B,B,0,No Deposit,9.0,0,Contract,0.0,0,1
City Hotel,1,128,2016,April,15,9,2,1,2,0.0,0,BB,IRL,Online TA,TA/TO,0,0,0,D,D,0,No Deposit,9.0,0,Transient,117.0,0,2
City Hotel,0,98,2016,April,15,9,2,1,2,0.0,0,SC,CHE,Online TA,TA/TO,0,0,0,A,A,0,No Deposit,9.0,0,Transient,82.5,0,0
City Hotel,0,110,2016,April,15,9,2,1,2,0.0,0,BB,DEU,Online TA,TA/TO,0,0,0,A,A,0,No Deposit,9.0,0,Transient-Party,93.3,0,0
City Hotel,0,110,2016,April,15,9,2,1,2,0.0,0,BB,DEU,Online TA,TA/TO,0,0,0,A,A,0,No Deposit,9.0,0,Transient-Party,93.3,0,0
City Hotel,1,150,2016,April,15,9,2,1,2,0.0,0,SC,PRT,Online TA,TA/TO,0,0,0,B,B,1,No Deposit,9.0,0,Contract,86.62,0,1
City Hotel,1,98,2016,April,15,9,2,2,2,0.0,0,BB,BRA,Online TA,TA/TO,0,0,0,A,A,0,No Deposit,9.0,0,Transient,86.7,0,1
City Hotel,1,73,2016,April,15,9,2,2,2,0.0,0,BB,GBR,Online TA,TA/TO,0,0,0,D,D,0,No Deposit,9.0,0,Transient,107.95,0,1
City Hotel,1,110,2016,April,15,9,2,2,2,0.0,0,SC,PRT,Online TA,TA/TO,0,0,0,A,A,0,No Deposit,8.0,0,Transient,76.5,0,1
City Hotel,1,110,2016,April,15,9,2,2,2,0.0,0,SC,PRT,Online TA,TA/TO,0,0,0,A,A,0,No Deposit,8.0,0,Transient,76.5,0,1
City Hotel,0,96,2016,April,15,9,2,3,2,0.0,0,BB,DEU,Online TA,TA/TO,0,0,0,D,D,0,No Deposit,9.0,0,Transient,94.35,0,1
City Hotel,1,7,2016,April,15,9,2,4,2,0.0,0,BB,BRA,Online TA,TA/TO,0,0,0,D,D,1,No Deposit,9.0,0,Transient,138.0,0,0
City Hotel,0,101,2016,April,15,9,2,5,2,0.0,0,BB,FIN,Online TA,TA/TO,0,0,0,A,A,0,No Deposit,11.0,0,Transient,70.99,0,2
City Hotel,1,81,2016,April,16,10,2,0,2,0.0,0,SC,IDN,Online TA,TA/TO,0,0,0,A,A,0,No Deposit,9.0,0,Transient,85.5,0,0
City Hotel,1,68,2016,April,16,10,2,0,2,0.0,0,BB,IRL,Online TA,TA/TO,0,0,0,D,D,0,No Deposit,9.0,0,Transient,118.8,0,0
City Hotel,1,18,2016,April,16,10,2,0,2,0.0,0,SC,ESP,Online TA,TA/TO,0,0,0,A,A,0,No Deposit,9.0,0,Transient,106.0,0,0
City Hotel,1,86,2016,April,16,10,2,1,2,0.0,0,SC,ESP,Online TA,TA/TO,0,0,0,A,A,0,No Deposit,9.0,0,Transient,94.5,0,1
City Hotel,1,91,2016,April,16,10,2,1,2,0.0,0,BB,HUN,Direct,Direct,0,0,0,A,A,0,No Deposit,14.0,0,Transient,82.5,0,0
City Hotel,1,23,2016,April,16,10,2,2,2,0.0,0,SC,CHN,Online TA,TA/TO,0,0,0,A,A,0,No Deposit,9.0,0,Transient,98.0,0,0
City Hotel,0,96,2016,April,16,10,2,2,2,0.0,0,SC,DEU,Online TA,TA/TO,0,0,0,A,A,0,No Deposit,9.0,0,Transient,76.93,0,0
City Hotel,1,110,2016,April,16,10,2,2,2,0.0,0,BB,NZL,Online TA,TA/TO,0,0,0,D,D,0,No Deposit,9.0,0,Transient,93.08,0,3
City Hotel,0,96,2016,April,16,10,2,3,2,0.0,0,BB,CHE,Online TA,TA/TO,0,0,0,A,A,0,No Deposit,9.0,0,Transient,84.15,0,1
City Hotel,1,54,2016,April,16,10,2,3,2,0.0,0,BB,BRA,Online TA,TA/TO,0,0,0,D,D,0,No Deposit,9.0,0,Transient,112.2,0,0
City Hotel,1,44,2016,April,16,10,2,3,2,0.0,0,BB,NLD,Online TA,TA/TO,0,0,0,D,D,2,No Deposit,9.0,0,Transient,113.52,0,0
City Hotel,0,118,2016,April,16,10,2,3,2,0.0,0,BB,DEU,Online TA,TA/TO,0,0,0,A,A,0,No Deposit,9.0,0,Transient,90.95,0,1
City Hotel,1,99,2016,April,16,10,2,4,2,0.0,0,BB,CHE,Online TA,TA/TO,0,0,0,D,D,0,No Deposit,9.0,0,Transient,93.78,0,1
City Hotel,1,45,2016,April,16,10,2,4,2,0.0,0,BB,CHN,Online TA,TA/TO,0,0,0,D,D,0,No Deposit,9.0,0,Transient,113.62,0,0
City Hotel,1,99,2016,April,16,10,2,4,2,0.0,0,BB,CHE,Online TA,TA/TO,0,0,0,D,D,0,No Deposit,9.0,0,Transient,93.78,0,1
City Hotel,1,23,2016,April,16,10,2,4,2,0.0,0,BB,FRA,Online TA,TA/TO,0,0,0,D,D,0,No Deposit,9.0,0,Transient,128.0,0,0
City Hotel,0,103,2016,April,16,11,1,0,2,0.0,0,BB,BRA,Online TA,TA/TO,0,0,0,A,A,0,No Deposit,7.0,0,Transient,76.22,0,1
City Hotel,1,0,2016,April,16,11,1,0,2,0.0,0,BB,PRT,Direct,Direct,0,0,0,A,A,0,No Deposit,,0,Transient,89.0,0,0
City Hotel,1,47,2016,April,16,11,1,1,2,0.0,0,BB,GBR,Online TA,TA/TO,0,0,0,A,A,0,No Deposit,9.0,0,Transient,105.3,0,0
City Hotel,1,37,2016,April,16,11,1,1,2,0.0,0,BB,ARE,Online TA,TA/TO,0,0,0,A,A,0,No Deposit,9.0,0,Transient,105.3,0,0
City Hotel,1,64,2016,April,16,11,1,1,2,0.0,0,SC,USA,Online TA,TA/TO,0,0,0,A,A,0,No Deposit,9.0,0,Transient,94.5,0,1
City Hotel,1,48,2016,April,16,11,1,1,2,0.0,0,SC,GBR,Online TA,TA/TO,0,0,0,A,A,0,No Deposit,9.0,0,Transient,94.5,0,0
City Hotel,0,112,2016,April,16,11,1,2,2,0.0,0,BB,FRA,Online TA,TA/TO,0,0,0,A,A,0,No Deposit,9.0,0,Transient,87.3,0,1
City Hotel,0,101,2016,April,16,11,1,2,2,0.0,0,BB,FRA,Online TA,TA/TO,0,0,0,D,D,0,No Deposit,9.0,0,Transient-Party,85.6,0,0
City Hotel,1,75,2016,April,16,11,1,2,2,0.0,0,SC,ESP,Online TA,TA/TO,0,0,0,A,A,0,No Deposit,9.0,0,Transient,85.5,0,1
City Hotel,0,95,2016,April,16,11,1,2,2,0.0,0,BB,POL,Online TA,TA/TO,0,0,0,D,D,0,No Deposit,9.0,0,Transient,68.2,0,0
City Hotel,1,57,2016,April,16,11,1,2,2,0.0,0,SC,BEL,Online TA,TA/TO,0,0,0,A,A,0,No Deposit,9.0,0,Transient,94.5,0,0
City Hotel,1,57,2016,April,16,11,1,2,2,0.0,0,BB,POL,Online TA,TA/TO,0,0,0,A,A,0,No Deposit,9.0,0,Transient,105.3,0,0
City Hotel,0,101,2016,April,16,11,1,2,2,0.0,0,BB,FRA,Online TA,TA/TO,0,0,0,D,D,0,No Deposit,9.0,0,Transient-Party,103.6,1,0
City Hotel,0,129,2016,April,16,11,1,3,2,0.0,0,SC,DEU,Online TA,TA/TO,0,0,0,A,A,0,No Deposit,9.0,0,Transient,80.75,0,1
City Hotel,1,50,2016,April,16,11,1,3,2,0.0,0,BB,BRA,Online TA,TA/TO,0,0,0,A,A,0,No Deposit,9.0,0,Transient,99.45,0,0
City Hotel,1,67,2016,April,16,11,1,3,2,0.0,0,SC,FIN,Online TA,TA/TO,0,0,0,A,A,0,No Deposit,9.0,0,Transient,89.25,0,0
City Hotel,1,99,2016,April,16,11,1,3,2,0.0,0,BB,PRT,Online TA,TA/TO,0,0,0,A,A,0,No Deposit,8.0,0,Transient,82.45,0,0
City Hotel,1,24,2016,April,16,11,1,3,2,0.0,0,BB,PRT,Online TA,TA/TO,0,0,0,A,A,0,No Deposit,8.0,0,Transient,108.5,0,0
City Hotel,1,24,2016,April,16,11,1,3,2,0.0,0,BB,ITA,Online TA,TA/TO,0,0,0,D,D,0,No Deposit,7.0,0,Transient,123.5,0,0
City Hotel,1,61,2016,April,16,11,1,3,2,0.0,0,BB,PRT,Online TA,TA/TO,0,0,0,A,A,0,No Deposit,7.0,0,Transient,76.58,0,0
City Hotel,1,50,2016,April,16,11,1,3,2,0.0,0,BB,BRA,Online TA,TA/TO,0,0,0,A,A,0,No Deposit,9.0,0,Transient,99.45,0,0
City Hotel,1,50,2016,April,16,11,1,3,2,0.0,0,BB,FRA,Online TA,TA/TO,0,0,0,A,A,0,No Deposit,9.0,0,Transient,99.45,0,1
City Hotel,1,0,2016,April,16,11,1,3,2,0.0,0,BB,SVK,Online TA,TA/TO,0,0,0,A,A,0,No Deposit,9.0,0,Transient,116.0,0,0
City Hotel,1,27,2016,April,16,11,1,3,2,0.0,0,HB,FRA,Online TA,TA/TO,0,0,0,A,A,0,No Deposit,9.0,0,Transient,142.78,0,0
City Hotel,1,19,2016,April,16,11,1,4,2,0.0,0,SC,FRA,Online TA,TA/TO,0,0,0,A,A,0,No Deposit,9.0,0,Transient,111.4,0,0
City Hotel,1,75,2016,April,16,11,1,4,2,0.0,0,BB,DEU,Online TA,TA/TO,0,0,0,A,A,0,No Deposit,9.0,0,Transient,90.95,0,0
City Hotel,1,147,2016,April,16,11,1,5,2,0.0,0,SC,PRT,Online TA,TA/TO,0,0,0,A,A,0,No Deposit,9.0,0,Contract,90.95,0,0
City Hotel,0,104,2016,April,16,11,1,5,2,0.0,0,BB,FRA,Online TA,TA/TO,0,0,0,A,A,0,No Deposit,7.0,0,Transient,65.67,0,1
City Hotel,1,92,2016,April,16,11,1,5,2,0.0,0,BB,DEU,Online TA,TA/TO,0,0,0,D,D,0,No Deposit,9.0,0,Transient,99.45,0,0
City Hotel,1,27,2016,April,16,12,0,2,2,0.0,0,SC,DEU,Online TA,TA/TO,0,0,0,A,A,0,No Deposit,9.0,0,Transient,99.0,0,1
City Hotel,1,29,2016,April,16,12,0,2,2,0.0,0,BB,FRA,Online TA,TA/TO,0,0,0,A,A,0,No Deposit,9.0,0,Transient,111.15,0,0
City Hotel,1,80,2016,April,16,12,0,3,2,0.0,0,SC,GBR,Online TA,TA/TO,0,0,0,A,A,0,No Deposit,9.0,0,Transient,85.5,0,1
City Hotel,1,72,2016,April,16,12,0,3,2,0.0,0,BB,FRA,Online TA,TA/TO,0,0,0,A,A,0,No Deposit,9.0,0,Transient,105.3,0,0
City Hotel,0,100,2016,April,16,12,0,3,2,0.0,0,BB,FRA,Online TA,TA/TO,0,0,0,A,A,0,No Deposit,11.0,0,Transient,62.86,0,0
City Hotel,1,197,2016,April,16,12,0,3,2,0.0,0,BB,PRT,Online TA,TA/TO,0,0,0,A,A,0,No Deposit,9.0,0,Contract,106.2,0,2
City Hotel,1,64,2016,April,16,12,0,3,2,0.0,0,SC,BEL,Online TA,TA/TO,0,0,0,A,A,0,No Deposit,9.0,0,Transient,94.5,0,0
City Hotel,1,52,2016,April,16,12,0,3,2,0.0,0,SC,FRA,Online TA,TA/TO,0,0,0,A,A,0,No Deposit,9.0,0,Transient,94.5,0,0
City Hotel,1,29,2016,April,16,12,0,3,2,0.0,0,SC,ITA,Online TA,TA/TO,0,0,0,A,A,0,No Deposit,9.0,0,Transient,98.0,0,0
City Hotel,1,197,2016,April,16,12,0,3,2,0.0,0,BB,PRT,Online TA,TA/TO,0,0,0,A,A,0,No Deposit,9.0,0,Contract,106.2,0,2
City Hotel,1,158,2016,April,16,12,0,3,2,0.0,0,BB,PRT,Online TA,TA/TO,0,0,0,A,A,0,No Deposit,9.0,0,Contract,107.0,0,0
City Hotel,1,76,2016,April,16,12,0,4,2,0.0,0,SC,ARG,Online TA,TA/TO,0,0,0,A,A,0,No Deposit,9.0,0,Transient,80.75,0,0
City Hotel,1,78,2016,April,16,12,0,4,2,0.0,0,SC,PRT,Online TA,TA/TO,0,0,0,A,A,0,No Deposit,7.0,0,Transient,62.18,0,0
City Hotel,0,120,2016,April,16,12,0,4,2,0.0,0,SC,IRL,Online TA,TA/TO,0,0,0,A,A,0,No Deposit,8.0,0,Transient,80.75,0,1
City Hotel,0,125,2016,April,16,12,0,5,2,0.0,0,BB,IRL,Online TA,TA/TO,0,0,0,D,D,0,No Deposit,8.0,0,Transient,99.45,0,0
City Hotel,1,9,2016,April,16,12,0,5,2,0.0,0,BB,GEO,Online TA,TA/TO,0,0,0,D,D,0,No Deposit,9.0,0,Transient,143.6,0,0
City Hotel,1,90,2016,April,16,12,0,4,2,0.0,0,BB,FRA,Online TA,TA/TO,0,0,0,D,D,2,No Deposit,9.0,0,Transient,99.45,0,0
City Hotel,1,78,2016,April,16,12,0,4,2,0.0,0,HB,FRA,Online TA,TA/TO,0,0,0,D,D,1,No Deposit,9.0,0,Transient,136.0,0,1
City Hotel,0,124,2016,April,16,12,0,5,2,0.0,0,BB,FRA,Online TA,TA/TO,0,0,0,B,B,1,No Deposit,9.0,0,Transient-Party,82.13,0,0
City Hotel,0,101,2016,April,16,12,1,5,2,0.0,0,SC,CHE,Online TA,TA/TO,0,0,0,A,A,0,No Deposit,11.0,0,Transient,54.06,0,0
City Hotel,0,101,2016,April,16,12,2,5,2,0.0,0,BB,LUX,Online TA,TA/TO,0,0,0,D,D,0,No Deposit,9.0,0,Transient,93.38,0,0
City Hotel,1,1,2016,April,16,13,0,1,2,0.0,0,SC,RUS,Online TA,TA/TO,0,0,0,A,A,0,No Deposit,9.0,0,Transient,89.0,0,0
City Hotel,1,138,2016,April,16,13,0,1,2,0.0,0,HB,PRT,Groups,TA/TO,0,0,0,A,A,0,No Deposit,1.0,0,Transient-Party,90.0,0,0
City Hotel,1,58,2016,April,16,13,0,2,2,0.0,0,BB,ITA,Online TA,TA/TO,0,0,0,A,A,0,No Deposit,9.0,0,Transient,105.3,0,0
City Hotel,1,58,2016,April,16,13,0,2,2,0.0,0,BB,ITA,Online TA,TA/TO,0,0,0,A,A,0,No Deposit,9.0,0,Transient,105.3,0,0
City Hotel,1,21,2016,April,16,13,0,2,2,0.0,0,SC,FRA,Online TA,TA/TO,0,0,0,A,A,0,No Deposit,9.0,0,Transient,117.0,0,0
City Hotel,1,99,2016,April,16,13,0,2,2,0.0,0,BB,DEU,Online TA,TA/TO,0,0,0,A,A,0,No Deposit,9.0,0,Transient,96.3,0,1
City Hotel,0,101,2016,April,16,13,0,3,2,0.0,0,BB,IRL,Direct,Direct,0,0,0,D,D,0,No Deposit,14.0,0,Transient,93.9,0,0
City Hotel,1,32,2016,April,16,13,0,3,2,0.0,0,BB,PRT,Online TA,TA/TO,0,0,0,A,A,0,No Deposit,7.0,0,Transient,108.3,0,0
City Hotel,0,108,2016,April,16,13,0,3,2,0.0,0,BB,FRA,Online TA,TA/TO,0,0,0,A,A,0,No Deposit,9.0,0,Transient,90.3,0,0
City Hotel,1,11,2016,April,16,13,0,3,2,0.0,0,BB,DEU,Online TA,TA/TO,0,0,0,D,D,0,No Deposit,9.0,0,Transient,143.33,0,0
City Hotel,1,90,2016,April,16,13,0,4,2,0.0,0,SC,NLD,Online TA,TA/TO,0,0,0,A,A,0,No Deposit,9.0,0,Transient,80.75,0,0
City Hotel,0,118,2016,April,16,13,0,4,2,0.0,0,BB,BEL,Online TA,TA/TO,0,0,0,A,A,0,No Deposit,8.0,0,Transient,90.95,0,1
City Hotel,1,30,2016,April,16,13,0,4,2,0.0,0,SC,KHM,Online TA,TA/TO,0,0,0,A,A,0,No Deposit,9.0,0,Transient,99.0,0,0
City Hotel,1,63,2016,April,16,13,0,4,2,0.0,0,HB,ITA,Online TA,TA/TO,0,0,0,D,D,3,No Deposit,9.0,0,Transient,144.5,0,2
City Hotel,1,30,2016,April,16,13,0,4,2,0.0,0,SC,KHM,Online TA,TA/TO,0,0,0,A,A,0,No Deposit,9.0,0,Transient,99.0,0,0
City Hotel,1,85,2016,April,16,13,2,5,2,0.0,0,BB,DEU,Online TA,TA/TO,0,0,0,A,A,0,No Deposit,9.0,0,Transient,90.95,0,0
City Hotel,1,85,2016,April,16,13,2,5,2,0.0,0,BB,DEU,Online TA,TA/TO,0,0,0,A,A,0,No Deposit,9.0,0,Transient,90.95,0,0
City Hotel,1,87,2016,April,16,14,0,1,2,0.0,0,BB,PRT,Online TA,TA/TO,0,0,0,A,A,0,No Deposit,7.0,0,Transient,74.15,0,0
City Hotel,1,31,2016,April,16,14,0,1,2,0.0,0,SC,PHL,Online TA,TA/TO,0,0,0,A,A,0,No Deposit,9.0,0,Transient,94.5,0,0
City Hotel,1,13,2016,April,16,14,0,1,2,0.0,0,HB,PRT,Offline TA/TO,TA/TO,0,0,0,A,A,1,No Deposit,83.0,0,Transient,131.6,0,0
City Hotel,1,281,2016,April,16,14,0,2,2,0.0,0,BB,PRT,Groups,TA/TO,0,0,0,A,A,0,Non Refund,1.0,0,Transient,62.0,0,0
City Hotel,1,281,2016,April,16,14,0,2,2,0.0,0,BB,PRT,Groups,TA/TO,0,0,0,A,A,0,Non Refund,1.0,0,Transient,62.0,0,0
City Hotel,1,281,2016,April,16,14,0,2,2,0.0,0,BB,PRT,Groups,TA/TO,0,0,0,A,A,0,Non Refund,1.0,0,Transient,62.0,0,0
City Hotel,1,281,2016,April,16,14,0,2,2,0.0,0,BB,PRT,Groups,TA/TO,0,0,0,A,A,0,Non Refund,1.0,0,Transient,62.0,0,0
City Hotel,1,281,2016,April,16,14,0,2,2,0.0,0,BB,PRT,Groups,TA/TO,0,0,0,A,A,0,Non Refund,1.0,0,Transient,62.0,0,0
City Hotel,1,281,2016,April,16,14,0,2,2,0.0,0,BB,PRT,Groups,TA/TO,0,0,0,A,A,0,Non Refund,1.0,0,Transient,62.0,0,0
City Hotel,1,281,2016,April,16,14,0,2,2,0.0,0,BB,PRT,Groups,TA/TO,0,0,0,A,A,0,Non Refund,1.0,0,Transient,62.0,0,0
City Hotel,1,281,2016,April,16,14,0,2,2,0.0,0,BB,PRT,Groups,TA/TO,0,0,0,A,A,0,Non Refund,1.0,0,Transient,62.0,0,0
City Hotel,1,281,2016,April,16,14,0,2,2,0.0,0,BB,PRT,Groups,TA/TO,0,0,0,A,A,0,Non Refund,1.0,0,Transient,62.0,0,0
City Hotel,1,281,2016,April,16,14,0,2,2,0.0,0,BB,PRT,Groups,TA/TO,0,0,0,A,A,0,Non Refund,1.0,0,Transient,62.0,0,0
City Hotel,1,13,2016,April,16,14,0,1,2,0.0,0,HB,PRT,Offline TA/TO,TA/TO,0,0,0,A,A,1,No Deposit,83.0,0,Transient,131.6,0,0
City Hotel,1,87,2016,April,16,14,0,1,2,0.0,0,BB,PRT,Online TA,TA/TO,0,0,0,A,A,0,No Deposit,7.0,0,Transient,74.15,0,0
City Hotel,1,16,2016,April,16,14,0,1,2,0.0,0,BB,FRA,Online TA,TA/TO,0,0,0,D,D,1,No Deposit,9.0,0,Transient,142.0,0,0
City Hotel,1,31,2016,April,16,14,0,1,2,0.0,0,SC,PHL,Online TA,TA/TO,0,0,0,A,A,0,No Deposit,9.0,0,Transient,94.5,0,0
City Hotel,1,281,2016,April,16,14,0,2,2,0.0,0,BB,PRT,Groups,TA/TO,0,0,0,A,A,0,Non Refund,1.0,0,Transient,62.0,0,0
City Hotel,1,281,2016,April,16,14,0,2,2,0.0,0,BB,PRT,Groups,TA/TO,0,0,0,A,A,0,Non Refund,1.0,0,Transient,62.0,0,0
City Hotel,1,281,2016,April,16,14,0,2,2,0.0,0,BB,PRT,Groups,TA/TO,0,0,0,A,A,0,Non Refund,1.0,0,Transient,62.0,0,0
City Hotel,1,281,2016,April,16,14,0,2,2,0.0,0,BB,PRT,Groups,TA/TO,0,0,0,A,A,0,Non Refund,1.0,0,Transient,62.0,0,0
City Hotel,1,281,2016,April,16,14,0,2,2,0.0,0,BB,PRT,Groups,TA/TO,0,0,0,A,A,0,Non Refund,1.0,0,Transient,62.0,0,0
City Hotel,1,281,2016,April,16,14,0,2,2,0.0,0,BB,PRT,Groups,TA/TO,0,0,0,A,A,0,Non Refund,1.0,0,Transient,62.0,0,0
City Hotel,1,281,2016,April,16,14,0,2,2,0.0,0,BB,PRT,Groups,TA/TO,0,0,0,A,A,0,Non Refund,1.0,0,Transient,62.0,0,0
City Hotel,1,281,2016,April,16,14,0,2,2,0.0,0,BB,PRT,Groups,TA/TO,0,0,0,A,A,0,Non Refund,1.0,0,Transient,62.0,0,0
City Hotel,1,281,2016,April,16,14,0,2,2,0.0,0,BB,PRT,Groups,TA/TO,0,0,0,A,A,0,Non Refund,1.0,0,Transient,62.0,0,0
City Hotel,1,281,2016,April,16,14,0,2,2,0.0,0,BB,PRT,Groups,TA/TO,0,0,0,A,A,0,Non Refund,1.0,0,Transient,62.0,0,0
City Hotel,1,281,2016,April,16,14,0,2,2,0.0,0,BB,PRT,Groups,TA/TO,0,0,0,A,A,0,Non Refund,1.0,0,Transient,62.0,0,0
City Hotel,1,281,2016,April,16,14,0,2,2,0.0,0,BB,PRT,Groups,TA/TO,0,0,0,A,A,0,Non Refund,1.0,0,Transient,62.0,0,0
City Hotel,1,30,2016,April,16,14,0,2,2,0.0,0,HB,CHE,Online TA,TA/TO,0,0,0,D,D,0,No Deposit,9.0,0,Transient,157.5,0,0
City Hotel,1,281,2016,April,16,14,0,2,2,0.0,0,BB,PRT,Groups,TA/TO,0,0,0,A,A,0,Non Refund,1.0,0,Transient,62.0,0,0
City Hotel,1,281,2016,April,16,14,0,2,2,0.0,0,BB,PRT,Groups,TA/TO,0,0,0,A,A,0,Non Refund,1.0,0,Transient,62.0,0,0
City Hotel,1,281,2016,April,16,14,0,2,2,0.0,0,BB,PRT,Groups,TA/TO,0,0,0,A,A,0,Non Refund,1.0,0,Transient,62.0,0,0
City Hotel,1,281,2016,April,16,14,0,2,2,0.0,0,BB,PRT,Groups,TA/TO,0,0,0,A,A,0,Non Refund,1.0,0,Transient,62.0,0,0
City Hotel,1,281,2016,April,16,14,0,2,2,0.0,0,BB,PRT,Groups,TA/TO,0,0,0,A,A,0,Non Refund,1.0,0,Transient,62.0,0,0
City Hotel,1,281,2016,April,16,14,0,2,2,0.0,0,BB,PRT,Groups,TA/TO,0,0,0,A,A,0,Non Refund,1.0,0,Transient,62.0,0,0
City Hotel,1,281,2016,April,16,14,0,2,2,0.0,0,BB,PRT,Groups,TA/TO,0,0,0,A,A,0,Non Refund,1.0,0,Transient,62.0,0,0
City Hotel,1,18,2016,April,16,14,0,2,2,0.0,0,SC,LTU,Online TA,TA/TO,0,0,0,A,A,0,No Deposit,9.0,0,Transient,115.0,0,0
City Hotel,1,281,2016,April,16,14,0,2,2,0.0,0,BB,PRT,Groups,TA/TO,0,0,0,A,A,0,Non Refund,1.0,0,Transient,62.0,0,0
City Hotel,1,126,2016,April,16,14,0,3,2,0.0,0,BB,PRT,Groups,TA/TO,0,0,0,A,A,0,Non Refund,1.0,39,Transient,65.0,0,0
City Hotel,1,126,2016,April,16,14,0,3,2,0.0,0,BB,PRT,Groups,TA/TO,0,0,0,A,A,0,Non Refund,1.0,39,Transient,65.0,0,0
City Hotel,1,126,2016,April,16,14,0,3,2,0.0,0,BB,PRT,Groups,TA/TO,0,0,0,A,A,0,Non Refund,1.0,39,Transient,65.0,0,0
City Hotel,1,126,2016,April,16,14,0,3,2,0.0,0,BB,PRT,Groups,TA/TO,0,0,0,A,A,0,Non Refund,1.0,39,Transient,65.0,0,0
City Hotel,1,126,2016,April,16,14,0,3,2,0.0,0,BB,PRT,Groups,TA/TO,0,0,0,A,A,0,Non Refund,1.0,39,Transient,65.0,0,0
City Hotel,1,94,2016,April,16,14,0,3,2,0.0,0,BB,IRL,Online TA,TA/TO,0,0,0,D,D,0,No Deposit,9.0,0,Transient,105.3,0,0
City Hotel,1,101,2016,April,16,14,0,3,2,0.0,0,BB,PRT,Groups,TA/TO,0,0,0,A,A,0,Non Refund,,0,Transient,130.0,0,0
City Hotel,1,126,2016,April,16,14,0,3,2,0.0,0,BB,PRT,Groups,TA/TO,0,0,0,A,A,0,Non Refund,1.0,39,Transient,65.0,0,0
City Hotel,1,126,2016,April,16,14,0,3,2,0.0,0,BB,PRT,Groups,TA/TO,0,0,0,A,A,0,Non Refund,1.0,39,Transient,65.0,0,0
City Hotel,1,126,2016,April,16,14,0,3,2,0.0,0,BB,PRT,Groups,TA/TO,0,0,0,A,A,0,Non Refund,1.0,39,Transient,65.0,0,0
City Hotel,1,126,2016,April,16,14,0,3,2,0.0,0,BB,PRT,Groups,TA/TO,0,0,0,A,A,0,Non Refund,1.0,39,Transient,65.0,0,0
City Hotel,1,126,2016,April,16,14,0,3,2,0.0,0,BB,PRT,Groups,TA/TO,0,0,0,A,A,0,Non Refund,1.0,39,Transient,65.0,0,0
City Hotel,1,107,2016,April,16,14,0,3,2,0.0,0,BB,IRL,Online TA,TA/TO,0,0,0,D,D,0,No Deposit,9.0,0,Transient,102.3,0,1
City Hotel,1,101,2016,April,16,14,0,3,2,0.0,0,BB,PRT,Groups,TA/TO,0,0,0,A,A,0,Non Refund,,0,Transient,130.0,0,0
City Hotel,1,101,2016,April,16,14,0,3,2,0.0,0,BB,PRT,Groups,TA/TO,0,0,0,A,A,0,Non Refund,,0,Transient,130.0,0,0
City Hotel,1,101,2016,April,16,14,0,3,2,0.0,0,BB,PRT,Groups,TA/TO,0,0,0,A,A,0,Non Refund,,0,Transient,130.0,0,0
City Hotel,1,126,2016,April,16,14,0,3,2,0.0,0,BB,PRT,Groups,TA/TO,0,0,0,A,A,0,Non Refund,1.0,39,Transient,65.0,0,0
City Hotel,1,126,2016,April,16,14,0,3,2,0.0,0,BB,PRT,Groups,TA/TO,0,0,0,A,A,0,Non Refund,1.0,39,Transient,65.0,0,0
City Hotel,1,126,2016,April,16,14,0,3,2,0.0,0,BB,PRT,Groups,TA/TO,0,0,0,A,A,0,Non Refund,1.0,39,Transient,65.0,0,0
City Hotel,1,86,2016,April,16,14,0,3,2,0.0,0,SC,DEU,Online TA,TA/TO,0,0,0,A,A,0,No Deposit,9.0,0,Transient,85.5,0,0
City Hotel,1,101,2016,April,16,14,0,3,2,0.0,0,BB,PRT,Groups,TA/TO,0,0,0,A,A,0,Non Refund,,0,Transient,130.0,0,0
City Hotel,1,101,2016,April,16,14,0,3,2,0.0,0,BB,PRT,Groups,TA/TO,0,0,0,A,A,0,Non Refund,,0,Transient,130.0,0,0
City Hotel,1,126,2016,April,16,14,0,3,2,0.0,0,BB,PRT,Groups,TA/TO,0,0,0,A,A,0,Non Refund,1.0,39,Transient,65.0,0,0
City Hotel,1,126,2016,April,16,14,0,3,2,0.0,0,BB,PRT,Groups,TA/TO,0,0,0,A,A,0,Non Refund,1.0,39,Transient,65.0,0,0
City Hotel,0,108,2016,April,16,14,0,3,2,0.0,0,BB,CHE,Online TA,TA/TO,0,0,0,D,D,0,No Deposit,9.0,0,Transient,102.3,0,2
City Hotel,1,101,2016,April,16,14,0,3,2,0.0,0,BB,PRT,Groups,TA/TO,0,0,0,A,A,0,Non Refund,,0,Transient,130.0,0,0
City Hotel,1,126,2016,April,16,14,0,3,2,0.0,0,BB,PRT,Groups,TA/TO,0,0,0,A,A,0,Non Refund,1.0,39,Transient,65.0,0,0
City Hotel,1,126,2016,April,16,14,0,3,2,0.0,0,BB,PRT,Groups,TA/TO,0,0,0,A,A,0,Non Refund,1.0,39,Transient,65.0,0,0
City Hotel,1,126,2016,April,16,14,0,3,2,0.0,0,BB,PRT,Groups,TA/TO,0,0,0,A,A,0,Non Refund,1.0,39,Transient,65.0,0,0
City Hotel,1,126,2016,April,16,14,0,3,2,0.0,0,BB,PRT,Groups,TA/TO,0,0,0,A,A,0,Non Refund,1.0,39,Transient,65.0,0,0
City Hotel,1,126,2016,April,16,14,0,3,2,0.0,0,BB,PRT,Groups,TA/TO,0,0,0,A,A,0,Non Refund,1.0,39,Transient,65.0,0,0
City Hotel,1,126,2016,April,16,14,0,3,2,0.0,0,BB,PRT,Groups,TA/TO,0,0,0,A,A,0,Non Refund,1.0,39,Transient,65.0,0,0
City Hotel,1,72,2016,April,16,14,0,3,2,0.0,0,BB,SWE,Online TA,TA/TO,0,0,0,D,D,0,No Deposit,9.0,0,Transient,118.8,0,0
City Hotel,1,87,2016,April,16,14,0,3,2,0.0,0,BB,BRA,Online TA,TA/TO,0,0,0,A,A,0,No Deposit,9.0,0,Transient,96.3,0,0
City Hotel,1,101,2016,April,16,14,0,3,2,0.0,0,BB,PRT,Groups,TA/TO,0,0,0,A,A,0,Non Refund,,0,Transient,130.0,0,0
City Hotel,1,126,2016,April,16,14,0,3,2,0.0,0,BB,PRT,Groups,TA/TO,0,0,0,A,A,0,Non Refund,1.0,39,Transient,65.0,0,0
City Hotel,1,8,2016,April,16,14,0,3,2,0.0,0,SC,ESP,Direct,Direct,0,0,0,A,A,0,No Deposit,14.0,0,Transient,124.0,0,1
City Hotel,1,101,2016,April,16,14,0,3,2,0.0,0,BB,PRT,Groups,TA/TO,0,0,0,A,A,0,Non Refund,,0,Transient,130.0,0,0
City Hotel,1,101,2016,April,16,14,0,3,2,0.0,0,BB,PRT,Groups,TA/TO,0,0,0,A,A,0,Non Refund,,0,Transient,130.0,0,0
City Hotel,1,126,2016,April,16,14,0,3,2,0.0,0,BB,PRT,Groups,TA/TO,0,0,0,A,A,0,Non Refund,1.0,39,Transient,65.0,0,0
City Hotel,1,101,2016,April,16,14,0,3,2,0.0,0,BB,PRT,Groups,TA/TO,0,0,0,A,A,0,Non Refund,,0,Transient,130.0,0,0
City Hotel,1,94,2016,April,16,14,0,3,2,0.0,0,BB,DEU,Online TA,TA/TO,0,0,0,D,D,2,No Deposit,9.0,0,Transient,105.3,0,0
City Hotel,1,34,2016,April,16,14,0,3,2,0.0,0,SC,AGO,Online TA,TA/TO,0,0,0,A,A,0,No Deposit,9.0,0,Transient,100.5,0,0
City Hotel,1,101,2016,April,16,14,0,3,2,0.0,0,BB,PRT,Groups,TA/TO,0,0,0,A,A,0,Non Refund,,0,Transient,130.0,0,0
City Hotel,1,101,2016,April,16,14,0,3,2,0.0,0,BB,PRT,Groups,TA/TO,0,0,0,A,A,0,Non Refund,,0,Transient,130.0,0,0
City Hotel,1,126,2016,April,16,14,0,3,2,0.0,0,BB,PRT,Groups,TA/TO,0,0,0,A,A,0,Non Refund,1.0,39,Transient,65.0,0,0
City Hotel,1,126,2016,April,16,14,0,3,2,0.0,0,BB,PRT,Groups,TA/TO,0,0,0,A,A,0,Non Refund,1.0,39,Transient,65.0,0,0
City Hotel,1,126,2016,April,16,14,0,3,2,0.0,0,BB,PRT,Groups,TA/TO,0,0,0,A,A,0,Non Refund,1.0,39,Transient,65.0,0,0
City Hotel,1,126,2016,April,16,14,0,3,2,0.0,0,BB,PRT,Groups,TA/TO,0,0,0,A,A,0,Non Refund,1.0,39,Transient,65.0,0,0
City Hotel,1,101,2016,April,16,14,0,3,2,0.0,0,BB,PRT,Groups,TA/TO,0,0,0,A,A,0,Non Refund,,0,Transient,130.0,0,0
City Hotel,1,126,2016,April,16,14,0,3,2,0.0,0,BB,PRT,Groups,TA/TO,0,0,0,A,A,0,Non Refund,1.0,39,Transient,65.0,0,0
City Hotel,1,126,2016,April,16,14,0,3,2,0.0,0,BB,PRT,Groups,TA/TO,0,0,0,A,A,0,Non Refund,1.0,39,Transient,65.0,0,0
City Hotel,1,74,2016,April,16,14,0,3,2,0.0,0,BB,NLD,Online TA,TA/TO,0,0,0,A,A,0,No Deposit,9.0,0,Transient,105.3,0,2
City Hotel,1,126,2016,April,16,14,0,3,2,0.0,0,BB,PRT,Groups,TA/TO,0,0,0,A,A,0,Non Refund,1.0,39,Transient,65.0,0,0
City Hotel,1,126,2016,April,16,14,0,3,2,0.0,0,BB,PRT,Groups,TA/TO,0,0,0,A,A,0,Non Refund,1.0,39,Transient,65.0,0,0
City Hotel,1,126,2016,April,16,14,0,3,2,0.0,0,BB,PRT,Groups,TA/TO,0,0,0,A,A,0,Non Refund,1.0,39,Transient,65.0,0,0
City Hotel,1,88,2016,April,16,14,1,3,2,0.0,0,BB,ITA,Direct,Direct,0,0,0,A,A,0,No Deposit,14.0,0,Transient-Party,80.75,0,0
City Hotel,1,70,2016,April,16,14,1,3,2,0.0,0,SC,FRA,Online TA,TA/TO,0,0,0,A,A,0,No Deposit,9.0,0,Transient,89.25,0,0
City Hotel,1,32,2016,April,16,14,1,3,2,0.0,0,BB,FRA,Online TA,TA/TO,0,0,0,A,A,0,No Deposit,9.0,0,Transient,109.8,0,0
City Hotel,1,31,2016,April,16,14,1,3,2,0.0,0,BB,ESP,Online TA,TA/TO,0,0,0,A,A,0,No Deposit,9.0,0,Transient,109.8,0,0
City Hotel,0,102,2016,April,16,14,1,3,2,0.0,0,BB,CHE,Online TA,TA/TO,0,0,0,B,B,3,No Deposit,9.0,0,Transient-Party,77.78,0,1
City Hotel,1,68,2016,April,16,14,1,3,2,0.0,0,BB,SWE,Online TA,TA/TO,0,0,0,D,D,0,No Deposit,9.0,0,Transient,112.2,0,0
City Hotel,1,101,2016,April,16,14,0,3,2,0.0,0,BB,PRT,Groups,TA/TO,0,0,0,A,A,0,Non Refund,,0,Transient,130.0,0,0
City Hotel,0,101,2016,April,16,14,1,3,2,0.0,0,BB,CHE,Online TA,TA/TO,0,0,0,B,B,0,No Deposit,9.0,0,Transient-Party,77.78,0,1
City Hotel,1,29,2016,April,16,14,1,3,2,0.0,0,SC,DEU,Online TA,TA/TO,0,0,0,A,A,0,No Deposit,9.0,0,Transient,96.53,0,0
City Hotel,1,82,2016,April,16,14,1,3,2,0.0,0,BB,MCO,Online TA,TA/TO,0,0,0,D,D,0,No Deposit,9.0,0,Transient,103.7,0,1
City Hotel,1,124,2016,April,16,14,1,3,2,0.0,0,BB,ESP,Online TA,TA/TO,0,0,0,A,A,0,No Deposit,9.0,0,Transient,87.55,0,0
City Hotel,1,19,2016,April,16,14,2,3,2,0.0,0,BB,USA,Online TA,TA/TO,0,0,0,D,D,0,No Deposit,9.0,0,Transient,131.6,0,0
City Hotel,1,65,2016,April,16,14,2,5,2,0.0,0,BB,DEU,Online TA,TA/TO,0,0,0,D,D,0,No Deposit,9.0,0,Transient,110.99,0,1
City Hotel,1,69,2016,April,16,14,2,5,2,0.0,0,BB,FRA,Online TA,TA/TO,0,0,0,D,D,0,No Deposit,9.0,0,Transient,110.99,0,1
City Hotel,1,122,2016,April,16,15,0,2,2,0.0,0,BB,PRT,Offline TA/TO,TA/TO,0,0,0,A,A,0,No Deposit,151.0,56,Transient-Party,85.0,0,0
City Hotel,1,81,2016,April,16,15,0,2,2,0.0,0,BB,BRA,Online TA,TA/TO,0,0,0,A,A,0,No Deposit,9.0,0,Transient,96.3,0,0
City Hotel,1,26,2016,April,16,15,0,2,2,0.0,0,SC,FRA,Online TA,TA/TO,0,0,0,A,A,0,No Deposit,9.0,0,Transient,115.0,0,0
City Hotel,1,3,2016,April,16,15,0,2,2,0.0,0,BB,ESP,Online TA,TA/TO,0,0,0,D,D,0,No Deposit,9.0,0,Transient,146.0,0,0
City Hotel,1,116,2016,April,16,15,0,2,2,0.0,0,BB,ITA,Online TA,TA/TO,0,0,0,D,D,0,No Deposit,9.0,0,Transient,105.3,0,0
City Hotel,1,122,2016,April,16,15,0,2,2,0.0,0,BB,PRT,Offline TA/TO,TA/TO,0,0,0,A,A,0,No Deposit,151.0,56,Transient-Party,85.0,0,0
City Hotel,1,4,2016,April,16,15,0,2,2,0.0,0,BB,PRT,Offline TA/TO,TA/TO,0,0,0,A,A,0,No Deposit,138.0,0,Transient,85.0,0,0
City Hotel,1,122,2016,April,16,15,0,2,2,0.0,0,BB,PRT,Offline TA/TO,TA/TO,0,0,0,A,A,0,No Deposit,151.0,56,Transient-Party,85.0,0,0
City Hotel,1,14,2016,April,16,15,0,2,2,0.0,0,BB,ITA,Online TA,TA/TO,0,0,0,D,D,0,No Deposit,9.0,0,Transient,142.0,0,0
City Hotel,1,17,2016,April,16,15,0,2,2,0.0,0,BB,FRA,Online TA,TA/TO,0,0,0,D,D,0,No Deposit,9.0,0,Transient,142.0,0,0
City Hotel,1,26,2016,April,16,15,0,2,2,0.0,0,SC,FRA,Online TA,TA/TO,0,0,0,A,A,0,No Deposit,9.0,0,Transient,115.0,0,0
City Hotel,1,26,2016,April,16,15,0,2,2,0.0,0,BB,SWE,Online TA,TA/TO,0,0,0,D,D,0,No Deposit,9.0,0,Transient,142.0,0,0
City Hotel,1,122,2016,April,16,15,0,2,2,0.0,0,BB,PRT,Offline TA/TO,TA/TO,0,0,0,A,A,0,No Deposit,151.0,56,Transient-Party,85.0,0,0
City Hotel,1,122,2016,April,16,15,0,2,2,0.0,0,BB,PRT,Offline TA/TO,TA/TO,0,0,0,A,A,0,No Deposit,151.0,56,Transient-Party,85.0,0,0
City Hotel,1,122,2016,April,16,15,0,2,2,0.0,0,BB,PRT,Offline TA/TO,TA/TO,0,0,0,A,A,0,No Deposit,151.0,56,Transient-Party,85.0,0,0
City Hotel,1,26,2016,April,16,15,0,2,2,0.0,0,BB,SWE,Online TA,TA/TO,0,0,0,D,D,0,No Deposit,9.0,0,Transient,142.0,0,0
City Hotel,1,122,2016,April,16,15,0,2,2,0.0,0,BB,PRT,Offline TA/TO,TA/TO,0,0,0,A,A,0,No Deposit,151.0,56,Transient-Party,85.0,0,0
City Hotel,1,122,2016,April,16,15,0,2,2,0.0,0,BB,PRT,Offline TA/TO,TA/TO,0,0,0,A,A,0,No Deposit,151.0,56,Transient-Party,85.0,0,0
City Hotel,1,59,2016,April,16,15,0,2,2,0.0,0,BB,ITA,Online TA,TA/TO,0,0,0,D,D,0,No Deposit,9.0,0,Transient,127.8,0,0
City Hotel,1,31,2016,April,16,15,0,2,2,0.0,0,SC,ESP,Online TA,TA/TO,0,0,0,A,A,0,No Deposit,9.0,0,Transient,103.5,0,0
City Hotel,0,113,2016,April,16,15,0,2,2,0.0,0,BB,FRA,Online TA,TA/TO,0,0,0,A,A,0,No Deposit,9.0,0,Transient,96.3,0,1
City Hotel,1,15,2016,April,16,15,1,2,2,0.0,0,SC,GBR,Online TA,TA/TO,0,0,0,A,A,0,No Deposit,9.0,0,Transient,106.33,0,0
City Hotel,1,85,2016,April,16,15,1,2,2,0.0,0,BB,FRA,Online TA,TA/TO,0,0,0,A,A,0,No Deposit,9.0,0,Transient,96.3,0,0
City Hotel,1,61,2016,April,16,15,1,2,2,0.0,0,BB,BEL,Online TA,TA/TO,0,0,0,D,D,0,No Deposit,9.0,0,Transient,124.8,0,0
City Hotel,1,4,2016,April,16,15,1,2,2,0.0,0,SC,PRT,Online TA,TA/TO,0,0,0,A,A,0,No Deposit,7.0,0,Transient,83.93,0,0
City Hotel,1,15,2016,April,16,15,1,2,2,0.0,0,SC,GBR,Online TA,TA/TO,0,0,0,A,A,0,No Deposit,9.0,0,Transient,106.33,0,0
City Hotel,1,75,2016,April,16,15,2,2,2,0.0,0,BB,FRA,Online TA,TA/TO,0,0,0,A,A,0,No Deposit,9.0,0,Transient,97.33,0,1
City Hotel,0,107,2016,April,16,15,2,2,2,0.0,0,BB,AUT,Online TA,TA/TO,0,0,0,D,D,0,No Deposit,9.0,0,Transient,95.2,0,1
City Hotel,1,104,2016,April,16,15,2,2,2,0.0,0,BB,ITA,Online TA,TA/TO,0,0,0,A,A,0,No Deposit,9.0,0,Transient,76.5,0,1
City Hotel,0,136,2016,April,16,15,2,2,2,0.0,0,BB,FRA,Direct,Direct,0,0,0,D,D,0,No Deposit,14.0,0,Transient,89.25,0,0
City Hotel,1,25,2016,April,16,15,2,3,2,0.0,0,HB,ESP,Online TA,TA/TO,0,0,0,A,A,0,No Deposit,9.0,0,Transient,149.4,0,0
City Hotel,1,108,2016,April,16,15,2,3,2,0.0,0,BB,LUX,Online TA,TA/TO,0,0,0,A,A,0,No Deposit,9.0,0,Transient,85.85,0,0
City Hotel,1,90,2016,April,16,15,2,5,2,0.0,0,BB,HUN,Online TA,TA/TO,0,0,0,A,A,0,No Deposit,9.0,0,Transient,90.95,0,0
City Hotel,1,95,2016,April,16,15,2,3,2,0.0,0,SC,IRL,Online TA,TA/TO,0,0,0,A,A,0,No Deposit,9.0,0,Transient,77.35,0,0
City Hotel,0,127,2016,April,16,15,2,3,2,0.0,0,BB,GBR,Online TA,TA/TO,0,0,0,D,D,0,No Deposit,9.0,0,Transient,91.29,0,0
City Hotel,1,72,2016,April,16,16,0,1,2,0.0,0,BB,FRA,Online TA,TA/TO,0,0,0,A,A,0,No Deposit,9.0,0,Transient,105.3,0,0
City Hotel,1,1,2016,April,16,16,0,1,2,0.0,0,HB,PRT,Direct,Direct,0,0,0,A,A,0,No Deposit,14.0,0,Transient,147.0,0,1
City Hotel,1,65,2016,April,16,16,0,1,2,0.0,0,BB,ESP,Online TA,TA/TO,0,0,0,D,D,0,No Deposit,9.0,0,Transient,118.8,0,0
City Hotel,1,6,2016,April,16,16,1,1,2,0.0,0,SC,BGD,Online TA,TA/TO,0,0,0,A,A,0,No Deposit,9.0,0,Transient,104.0,0,0
City Hotel,1,6,2016,April,16,16,1,1,2,0.0,0,SC,BGD,Online TA,TA/TO,0,0,0,A,A,0,No Deposit,9.0,0,Transient,104.0,0,0
City Hotel,1,118,2016,April,16,16,2,1,2,0.0,0,BB,GBR,Online TA,TA/TO,0,0,0,D,D,0,No Deposit,9.0,0,Transient,95.7,0,0
City Hotel,1,89,2016,April,16,16,2,1,2,0.0,0,BB,GBR,Direct,Direct,0,0,0,A,A,0,No Deposit,14.0,0,Transient,85.5,0,1
City Hotel,1,0,2016,April,16,16,2,1,2,0.0,0,BB,PRT,Offline TA/TO,TA/TO,0,0,0,A,A,0,No Deposit,28.0,0,Transient,98.0,0,0
City Hotel,1,62,2016,April,16,16,2,1,2,0.0,0,BB,IRL,Online TA,TA/TO,0,0,0,D,D,0,No Deposit,9.0,0,Transient,118.8,0,0
City Hotel,1,89,2016,April,16,16,2,1,2,0.0,0,BB,GBR,Direct,Direct,0,0,0,A,A,0,No Deposit,14.0,0,Transient,85.5,0,1
City Hotel,0,109,2016,April,16,16,2,2,2,0.0,0,BB,ITA,Online TA,TA/TO,0,0,0,B,B,1,No Deposit,9.0,0,Transient,75.76,0,0
City Hotel,1,77,2016,April,16,16,2,2,2,0.0,0,BB,AUT,Online TA,TA/TO,0,0,0,D,D,0,No Deposit,9.0,0,Transient,107.95,0,0
City Hotel,1,70,2016,April,16,16,2,2,2,0.0,0,BB,IRL,Online TA,TA/TO,0,0,0,D,D,0,No Deposit,9.0,0,Transient,107.95,0,2
City Hotel,1,94,2016,April,16,16,2,2,2,0.0,0,SC,IRL,Online TA,TA/TO,0,0,0,A,A,0,No Deposit,9.0,0,Transient,76.5,0,0
City Hotel,0,109,2016,April,16,16,2,2,2,0.0,0,BB,FRA,Online TA,TA/TO,0,0,0,B,B,1,No Deposit,9.0,0,Transient,75.76,0,0
City Hotel,0,108,2016,April,16,16,2,2,2,0.0,0,BB,FRA,Online TA,TA/TO,0,0,0,B,B,0,No Deposit,9.0,0,Transient,75.76,0,0
City Hotel,0,108,2016,April,16,16,2,2,2,0.0,0,BB,FRA,Online TA,TA/TO,0,0,0,B,B,0,No Deposit,9.0,0,Transient,75.76,0,0
City Hotel,0,131,2016,April,16,16,2,3,2,0.0,0,BB,PRT,Online TA,TA/TO,0,0,0,A,A,0,No Deposit,9.0,0,Transient,82.79,0,2
City Hotel,0,111,2016,April,16,16,2,3,2,0.0,0,BB,FRA,Direct,Direct,0,0,0,A,A,0,No Deposit,14.0,0,Transient,68.0,0,1
City Hotel,0,127,2016,April,16,16,2,3,2,0.0,0,SC,FRA,Online TA,TA/TO,0,0,0,A,A,0,No Deposit,7.0,0,Transient,55.9,0,1
City Hotel,1,82,2016,April,16,16,2,4,2,0.0,0,BB,USA,Online TA,TA/TO,0,0,0,D,D,0,No Deposit,9.0,0,Transient,109.37,0,0
City Hotel,1,10,2016,April,16,16,2,5,2,0.0,0,BB,TUR,Online TA,TA/TO,0,0,0,D,D,0,No Deposit,9.0,0,Transient,128.86,0,0
City Hotel,0,130,2016,April,16,16,2,3,2,0.0,0,BB,FRA,Online TA,TA/TO,0,0,0,A,B,1,No Deposit,9.0,0,Transient,82.59,0,2
City Hotel,0,137,2016,April,17,17,1,0,2,0.0,0,SC,PRT,Online TA,TA/TO,0,0,0,A,D,0,No Deposit,9.0,0,Transient,94.5,0,0
City Hotel,1,10,2016,April,17,17,1,0,2,0.0,0,SC,BRA,Online TA,TA/TO,0,0,0,A,A,0,No Deposit,9.0,0,Transient,89.0,0,0
City Hotel,1,56,2016,April,17,17,2,0,2,0.0,0,SC,USA,Online TA,TA/TO,0,0,0,A,A,0,No Deposit,9.0,0,Transient,90.0,0,0
City Hotel,1,40,2016,April,17,17,2,0,2,0.0,0,BB,ITA,Online TA,TA/TO,0,0,0,D,D,2,No Deposit,9.0,0,Transient,114.3,0,0
City Hotel,1,275,2016,April,17,17,2,0,2,0.0,0,HB,PRT,Offline TA/TO,TA/TO,0,0,0,A,A,0,Non Refund,12.0,0,Transient,110.0,0,0
City Hotel,1,275,2016,April,17,17,2,0,2,0.0,0,HB,PRT,Offline TA/TO,TA/TO,0,0,0,A,A,0,Non Refund,12.0,0,Transient,110.0,0,0
City Hotel,1,275,2016,April,17,17,2,0,2,0.0,0,HB,PRT,Offline TA/TO,TA/TO,0,0,0,A,A,0,Non Refund,12.0,0,Transient,110.0,0,0
City Hotel,1,275,2016,April,17,17,2,0,2,0.0,0,HB,PRT,Offline TA/TO,TA/TO,0,0,0,A,A,0,Non Refund,12.0,0,Transient,110.0,0,0
City Hotel,1,275,2016,April,17,17,2,0,2,0.0,0,HB,PRT,Offline TA/TO,TA/TO,0,0,0,A,A,0,Non Refund,12.0,0,Transient,110.0,0,0
City Hotel,1,275,2016,April,17,17,2,0,2,0.0,0,HB,PRT,Offline TA/TO,TA/TO,0,0,0,A,A,0,Non Refund,12.0,0,Transient,110.0,0,0
City Hotel,1,9,2016,April,17,17,1,0,2,0.0,0,BB,PRT,Online TA,TA/TO,0,0,0,A,A,0,No Deposit,8.0,0,Transient,101.0,0,0
City Hotel,1,275,2016,April,17,17,2,0,2,0.0,0,HB,PRT,Offline TA/TO,TA/TO,0,0,0,A,A,0,Non Refund,12.0,0,Transient,110.0,0,0
City Hotel,1,275,2016,April,17,17,2,0,2,0.0,0,HB,PRT,Offline TA/TO,TA/TO,0,0,0,A,A,0,Non Refund,12.0,0,Transient,110.0,0,0
City Hotel,1,275,2016,April,17,17,2,0,2,0.0,0,HB,PRT,Offline TA/TO,TA/TO,0,0,0,A,A,0,Non Refund,12.0,0,Transient,110.0,0,0
City Hotel,1,275,2016,April,17,17,2,0,2,0.0,0,HB,PRT,Offline TA/TO,TA/TO,0,0,0,A,A,0,Non Refund,12.0,0,Transient,110.0,0,0
City Hotel,1,275,2016,April,17,17,2,0,2,0.0,0,HB,PRT,Offline TA/TO,TA/TO,0,0,0,A,A,0,Non Refund,12.0,0,Transient,110.0,0,0
City Hotel,1,275,2016,April,17,17,2,0,2,0.0,0,HB,PRT,Offline TA/TO,TA/TO,0,0,0,A,A,0,Non Refund,12.0,0,Transient,110.0,0,0
City Hotel,1,275,2016,April,17,17,2,0,2,0.0,0,HB,PRT,Offline TA/TO,TA/TO,0,0,0,A,A,0,Non Refund,12.0,0,Transient,110.0,0,0
City Hotel,1,275,2016,April,17,17,2,0,2,0.0,0,HB,PRT,Offline TA/TO,TA/TO,0,0,0,A,A,0,Non Refund,12.0,0,Transient,110.0,0,0
City Hotel,1,28,2016,April,17,17,2,0,2,0.0,0,SC,ITA,Online TA,TA/TO,0,0,0,A,A,0,No Deposit,9.0,0,Transient,89.0,0,0
City Hotel,1,36,2016,April,17,17,2,0,2,0.0,0,BB,ITA,Online TA,TA/TO,0,0,0,A,A,0,No Deposit,9.0,0,Transient,100.8,0,0
City Hotel,1,275,2016,April,17,17,2,0,2,0.0,0,HB,PRT,Offline TA/TO,TA/TO,0,0,0,A,A,0,Non Refund,12.0,0,Transient,110.0,0,0
City Hotel,1,275,2016,April,17,17,2,0,2,0.0,0,HB,PRT,Offline TA/TO,TA/TO,0,0,0,A,A,0,Non Refund,12.0,0,Transient,110.0,0,0
City Hotel,1,275,2016,April,17,17,2,0,2,0.0,0,HB,PRT,Offline TA/TO,TA/TO,0,0,0,A,A,0,Non Refund,12.0,0,Transient,110.0,0,0
City Hotel,1,275,2016,April,17,17,2,0,2,0.0,0,HB,PRT,Offline TA/TO,TA/TO,0,0,0,A,A,0,Non Refund,12.0,0,Transient,110.0,0,0
City Hotel,1,275,2016,April,17,17,2,0,2,0.0,0,HB,PRT,Offline TA/TO,TA/TO,0,0,0,A,A,0,Non Refund,12.0,0,Transient,110.0,0,0
City Hotel,1,275,2016,April,17,17,2,0,2,0.0,0,HB,PRT,Offline TA/TO,TA/TO,0,0,0,A,A,0,Non Refund,12.0,0,Transient,110.0,0,0
City Hotel,1,275,2016,April,17,17,2,0,2,0.0,0,HB,PRT,Offline TA/TO,TA/TO,0,0,0,A,A,0,Non Refund,12.0,0,Transient,110.0,0,0
City Hotel,1,275,2016,April,17,17,2,0,2,0.0,0,HB,PRT,Offline TA/TO,TA/TO,0,0,0,A,A,0,Non Refund,12.0,0,Transient,110.0,0,0
City Hotel,1,275,2016,April,17,17,2,0,2,0.0,0,HB,PRT,Offline TA/TO,TA/TO,0,0,0,A,A,0,Non Refund,12.0,0,Transient,110.0,0,0
City Hotel,1,275,2016,April,17,17,2,0,2,0.0,0,HB,PRT,Offline TA/TO,TA/TO,0,0,0,A,A,0,Non Refund,12.0,0,Transient,110.0,0,0
City Hotel,1,275,2016,April,17,17,2,0,2,0.0,0,HB,PRT,Offline TA/TO,TA/TO,0,0,0,A,A,0,Non Refund,12.0,0,Transient,110.0,0,0
City Hotel,1,275,2016,April,17,17,2,0,2,0.0,0,HB,PRT,Offline TA/TO,TA/TO,0,0,0,A,A,0,Non Refund,12.0,0,Transient,110.0,0,0
City Hotel,1,275,2016,April,17,17,2,0,2,0.0,0,HB,PRT,Offline TA/TO,TA/TO,0,0,0,A,A,0,Non Refund,12.0,0,Transient,110.0,0,0
City Hotel,1,275,2016,April,17,17,2,0,2,0.0,0,HB,PRT,Offline TA/TO,TA/TO,0,0,0,A,A,0,Non Refund,12.0,0,Transient,110.0,0,0
City Hotel,1,34,2016,April,17,17,2,1,2,0.0,0,BB,GBR,Online TA,TA/TO,0,0,0,A,A,0,No Deposit,9.0,0,Transient,99.3,0,0
City Hotel,1,14,2016,April,17,17,2,1,2,0.0,0,SC,ITA,Online TA,TA/TO,0,0,0,A,A,0,No Deposit,9.0,0,Transient,89.0,0,0
City Hotel,1,45,2016,April,17,17,2,1,2,0.0,0,BB,PRT,Online TA,TA/TO,0,0,0,D,D,0,No Deposit,8.0,0,Transient,112.8,0,1
City Hotel,0,105,2016,April,17,17,2,1,2,0.0,0,BB,GBR,Online TA,TA/TO,0,0,0,D,D,0,No Deposit,9.0,0,Transient-Party,96.3,0,0
City Hotel,1,28,2016,April,17,17,2,1,2,0.0,0,BB,FRA,Online TA,TA/TO,0,0,0,A,A,1,No Deposit,9.0,0,Transient,97.63,0,1
City Hotel,1,79,2016,April,17,17,2,1,2,0.0,0,SC,PHL,Online TA,TA/TO,0,0,0,A,A,0,No Deposit,9.0,0,Transient,88.5,0,0
City Hotel,0,105,2016,April,17,17,2,1,2,0.0,0,BB,GBR,Online TA,TA/TO,0,0,0,D,D,0,No Deposit,9.0,0,Transient-Party,96.3,0,0
City Hotel,0,116,2016,April,17,17,2,1,2,0.0,0,BB,DEU,Online TA,TA/TO,0,0,0,A,A,0,No Deposit,8.0,0,Transient,81.9,0,1
City Hotel,1,3,2016,April,17,17,2,1,2,0.0,0,SC,FRA,Online TA,TA/TO,0,0,0,A,A,0,No Deposit,9.0,0,Transient,89.0,0,0
City Hotel,0,134,2016,April,17,17,2,2,2,0.0,0,BB,FRA,Online TA,TA/TO,0,0,0,A,A,0,No Deposit,9.0,0,Transient,80.75,0,1
City Hotel,1,160,2016,April,17,17,2,2,2,0.0,0,BB,PRT,Online TA,TA/TO,0,0,0,A,A,0,No Deposit,9.0,0,Contract,107.0,0,1
City Hotel,0,106,2016,April,17,17,2,2,2,0.0,0,BB,DEU,Online TA,TA/TO,0,0,0,D,D,0,No Deposit,9.0,0,Transient,90.95,0,1
City Hotel,1,99,2016,April,17,17,2,2,2,0.0,0,BB,CHE,Online TA,TA/TO,0,0,0,D,D,0,No Deposit,9.0,0,Transient,93.08,0,0
City Hotel,0,117,2016,April,17,17,2,2,2,0.0,0,BB,BEL,Online TA,TA/TO,0,0,0,D,D,0,No Deposit,9.0,0,Transient,89.25,0,2
City Hotel,1,95,2016,April,17,17,2,2,2,0.0,0,BB,CHE,Online TA,TA/TO,0,0,0,A,A,2,No Deposit,9.0,0,Transient,86.7,0,3
City Hotel,1,28,2016,April,17,17,2,2,2,0.0,0,BB,FRA,Online TA,TA/TO,0,0,0,A,A,0,No Deposit,9.0,0,Transient,101.8,0,0
City Hotel,0,106,2016,April,17,17,2,3,2,0.0,0,BB,FRA,Online TA,TA/TO,0,0,0,A,A,0,No Deposit,9.0,0,Transient,82.45,0,0
City Hotel,1,57,2016,April,17,17,2,5,2,0.0,0,HB,ISR,Online TA,TA/TO,0,0,0,D,D,1,No Deposit,9.0,0,Transient,143.29,0,0
City Hotel,1,77,2016,April,17,17,2,5,2,0.0,0,HB,ISR,Online TA,TA/TO,0,0,0,D,D,1,No Deposit,9.0,0,Transient,146.93,0,1
City Hotel,1,54,2016,April,17,18,1,0,2,0.0,0,SC,ISR,Online TA,TA/TO,0,0,0,A,A,0,No Deposit,9.0,0,Transient-Party,85.5,0,0
City Hotel,1,54,2016,April,17,18,1,0,2,0.0,0,SC,ISR,Online TA,TA/TO,0,0,0,A,A,0,No Deposit,9.0,0,Transient-Party,85.5,0,0
City Hotel,1,72,2016,April,17,18,1,0,2,0.0,0,SC,FRA,Online TA,TA/TO,0,0,0,A,A,0,No Deposit,9.0,0,Transient,85.5,0,1
City Hotel,1,47,2016,April,17,18,1,1,2,0.0,0,SC,IRL,Online TA,TA/TO,0,0,0,A,A,0,No Deposit,9.0,0,Transient,85.5,0,0
City Hotel,1,57,2016,April,17,18,1,1,2,0.0,0,BB,BRA,Online TA,TA/TO,0,0,0,A,A,0,No Deposit,9.0,0,Transient,96.3,0,0
City Hotel,1,23,2016,April,17,18,1,1,2,0.0,0,SC,CHN,Online TA,TA/TO,0,0,0,A,A,0,No Deposit,9.0,0,Transient,89.0,0,0
City Hotel,1,95,2016,April,17,18,1,2,2,0.0,0,BB,SWE,Online TA,TA/TO,0,0,0,A,A,0,No Deposit,9.0,0,Transient,96.3,0,0
City Hotel,1,104,2016,April,17,18,1,3,2,0.0,0,SC,CHN,Online TA,TA/TO,0,0,0,A,A,0,No Deposit,9.0,0,Transient,72.25,0,1
City Hotel,1,64,2016,April,17,18,1,3,2,0.0,0,BB,FRA,Online TA,TA/TO,0,0,0,D,D,0,No Deposit,9.0,0,Transient,110.08,0,0
City Hotel,1,109,2016,April,17,18,1,3,2,0.0,0,SC,FRA,Online TA,TA/TO,0,0,0,A,A,0,No Deposit,9.0,0,Transient,76.5,0,1
City Hotel,0,122,2016,April,17,18,1,3,2,0.0,0,BB,PRT,Online TA,TA/TO,0,0,0,A,A,0,No Deposit,11.0,0,Transient,60.59,0,0
City Hotel,1,101,2016,April,17,18,1,3,2,0.0,0,BB,PRT,Online TA,TA/TO,0,0,0,D,D,1,No Deposit,7.0,0,Transient,70.03,0,0
City Hotel,0,105,2016,April,17,18,1,3,2,0.0,0,BB,LUX,Online TA,TA/TO,0,0,0,A,A,0,No Deposit,9.0,0,Transient,82.45,0,0
City Hotel,1,104,2016,April,17,18,1,3,2,0.0,0,SC,CHN,Online TA,TA/TO,0,0,0,A,A,0,No Deposit,9.0,0,Transient,72.25,0,1
City Hotel,0,137,2016,April,17,18,1,3,2,0.0,0,SC,FRA,Online TA,TA/TO,0,0,0,A,A,0,No Deposit,9.0,0,Transient,80.75,0,1
City Hotel,0,122,2016,April,17,18,1,3,2,0.0,0,BB,BEL,Online TA,TA/TO,0,0,0,A,A,0,No Deposit,7.0,0,Transient,64.8,0,1
City Hotel,0,105,2016,April,17,18,1,3,2,0.0,0,BB,LUX,Online TA,TA/TO,0,0,0,A,A,0,No Deposit,9.0,0,Transient,82.45,0,0
City Hotel,0,130,2016,April,17,18,1,3,2,0.0,0,BB,DEU,Online TA,TA/TO,0,0,0,A,A,0,No Deposit,9.0,0,Transient,84.15,0,0
City Hotel,0,127,2016,April,17,18,1,3,2,0.0,0,SC,CHE,Online TA,TA/TO,0,0,0,A,A,0,No Deposit,11.0,0,Transient,53.25,0,0
City Hotel,1,104,2016,April,17,18,1,3,2,0.0,0,SC,CHN,Online TA,TA/TO,0,0,0,A,A,0,No Deposit,9.0,0,Transient,72.25,0,1
City Hotel,0,111,2016,April,17,18,1,4,2,0.0,0,BB,PRT,Online TA,TA/TO,0,0,0,B,B,0,No Deposit,9.0,0,Transient,76.97,0,0
City Hotel,1,33,2016,April,17,18,1,4,2,0.0,0,SC,ARE,Online TA,TA/TO,0,0,0,A,A,0,No Deposit,9.0,0,Transient,90.54,0,0
City Hotel,0,112,2016,April,17,18,1,4,2,0.0,0,BB,DEU,Online TA,TA/TO,0,0,0,B,B,1,No Deposit,9.0,0,Transient,76.97,0,0
City Hotel,1,108,2016,April,17,18,1,4,2,0.0,0,BB,IRL,Online TA,TA/TO,0,0,0,A,A,0,No Deposit,9.0,0,Transient,82.4,0,0
City Hotel,1,14,2016,April,17,19,0,1,2,0.0,0,SC,ESP,Online TA,TA/TO,0,0,0,A,A,0,No Deposit,9.0,0,Transient,89.0,0,0
City Hotel,1,9,2016,April,17,19,0,1,2,0.0,0,SC,FIN,Online TA,TA/TO,0,0,0,A,A,0,No Deposit,9.0,0,Transient,89.0,0,0
City Hotel,1,9,2016,April,17,19,0,1,2,0.0,0,SC,FIN,Online TA,TA/TO,0,0,0,A,A,0,No Deposit,9.0,0,Transient,89.0,0,0
City Hotel,1,1,2016,April,17,19,0,2,2,0.0,0,BB,PRT,Offline TA/TO,TA/TO,0,0,0,D,E,1,No Deposit,214.0,0,Transient-Party,107.0,0,0
City Hotel,1,92,2016,April,17,19,0,2,2,0.0,0,BB,ITA,Online TA,TA/TO,0,0,0,A,A,0,No Deposit,9.0,0,Transient,96.3,0,0
City Hotel,1,88,2016,April,17,19,0,1,2,0.0,0,BB,RUS,Direct,Direct,0,0,0,A,A,0,No Deposit,14.0,0,Transient,85.5,0,0
City Hotel,0,104,2016,April,17,19,0,3,2,0.0,0,BB,AUT,Online TA,TA/TO,0,0,0,A,A,1,No Deposit,11.0,0,Transient,68.42,0,0
City Hotel,1,29,2016,April,17,19,0,4,2,0.0,0,BB,FRA,Online TA,TA/TO,0,0,0,D,D,0,No Deposit,9.0,0,Transient,120.35,0,0
City Hotel,1,85,2016,April,17,19,0,4,2,0.0,0,BB,AUT,Online TA,TA/TO,0,0,0,D,D,0,No Deposit,9.0,0,Transient,124.53,0,0
City Hotel,0,130,2016,April,17,19,0,4,2,0.0,0,BB,DEU,Offline TA/TO,TA/TO,0,0,0,A,A,1,No Deposit,159.0,0,Transient,87.55,0,0
City Hotel,0,109,2016,April,17,19,0,4,2,0.0,0,BB,FRA,Online TA,TA/TO,0,0,0,A,A,0,No Deposit,8.0,0,Transient,88.83,0,0
City Hotel,0,126,2016,April,17,19,1,5,2,0.0,0,BB,FRA,Online TA,TA/TO,0,0,0,A,A,0,No Deposit,9.0,0,Transient,88.68,0,1
City Hotel,0,110,2016,April,17,20,0,2,2,0.0,0,BB,ISR,Online TA,TA/TO,0,0,0,A,D,3,No Deposit,9.0,0,Transient-Party,72.8,0,0
City Hotel,1,95,2016,April,17,20,0,2,2,0.0,0,HB,PRT,Groups,TA/TO,0,0,0,A,A,0,No Deposit,35.0,0,Transient-Party,98.0,0,0
City Hotel,0,110,2016,April,17,20,0,2,2,0.0,0,BB,ISR,Online TA,TA/TO,0,0,0,D,D,1,No Deposit,9.0,0,Transient-Party,90.95,0,0
City Hotel,0,110,2016,April,17,20,0,2,2,0.0,0,BB,ISR,Online TA,TA/TO,0,0,0,A,A,3,No Deposit,9.0,0,Transient-Party,72.8,0,0
City Hotel,0,270,2016,April,17,20,0,4,2,0.0,0,BB,PRT,Offline TA/TO,TA/TO,0,0,0,A,A,0,No Deposit,21.0,187,Transient-Party,80.0,0,0
City Hotel,0,270,2016,April,17,20,0,4,2,0.0,0,BB,ISL,Offline TA/TO,TA/TO,0,0,0,A,A,0,No Deposit,21.0,187,Transient-Party,80.0,0,0
City Hotel,1,270,2016,April,17,20,0,4,2,0.0,0,BB,PRT,Offline TA/TO,TA/TO,0,0,0,A,A,0,No Deposit,21.0,187,Transient-Party,62.8,0,0
City Hotel,1,270,2016,April,17,20,0,4,2,0.0,0,BB,PRT,Offline TA/TO,TA/TO,0,0,0,A,A,0,No Deposit,21.0,187,Transient-Party,62.8,0,0
City Hotel,1,265,2016,April,17,20,0,4,2,0.0,0,BB,PRT,Groups,TA/TO,0,0,0,A,A,0,Non Refund,30.0,0,Transient,101.0,0,0
City Hotel,1,265,2016,April,17,20,0,4,2,0.0,0,BB,PRT,Groups,TA/TO,0,0,0,A,A,0,Non Refund,30.0,0,Transient,101.0,0,0
City Hotel,0,265,2016,April,17,20,0,4,2,0.0,0,BB,AUT,Groups,TA/TO,0,0,0,A,A,0,No Deposit,30.0,176,Transient-Party,99.0,0,0
City Hotel,0,265,2016,April,17,20,0,4,2,0.0,0,BB,AUT,Groups,TA/TO,0,0,0,A,A,0,No Deposit,30.0,176,Transient-Party,99.0,0,0
City Hotel,0,270,2016,April,17,20,0,4,2,0.0,0,BB,ISL,Offline TA/TO,TA/TO,0,0,0,A,A,0,No Deposit,21.0,187,Transient-Party,80.0,0,0
City Hotel,0,270,2016,April,17,20,0,4,2,0.0,0,BB,ISL,Offline TA/TO,TA/TO,0,0,0,A,A,0,No Deposit,21.0,187,Transient-Party,80.0,0,0
City Hotel,1,270,2016,April,17,20,0,4,2,0.0,0,BB,PRT,Offline TA/TO,TA/TO,0,0,0,A,A,0,No Deposit,21.0,187,Transient-Party,62.8,0,0
City Hotel,1,265,2016,April,17,20,0,4,2,0.0,0,BB,PRT,Groups,TA/TO,0,0,0,A,A,0,Non Refund,30.0,0,Transient,101.0,0,0
City Hotel,1,265,2016,April,17,20,0,4,2,0.0,0,BB,PRT,Groups,TA/TO,0,0,0,A,A,0,Non Refund,30.0,0,Transient,101.0,0,0
City Hotel,0,265,2016,April,17,20,0,4,2,0.0,0,BB,AUT,Groups,TA/TO,0,0,0,A,A,0,No Deposit,30.0,176,Transient-Party,99.0,0,0
City Hotel,1,138,2016,April,17,20,0,4,2,0.0,0,BB,DEU,Online TA,TA/TO,0,0,0,A,A,0,No Deposit,9.0,0,Transient,90.95,0,1
City Hotel,1,270,2016,April,17,20,0,4,2,0.0,0,BB,PRT,Offline TA/TO,TA/TO,0,0,0,A,A,0,No Deposit,21.0,187,Transient-Party,62.8,0,0
City Hotel,1,265,2016,April,17,20,0,4,2,0.0,0,BB,PRT,Groups,TA/TO,0,0,0,A,A,0,Non Refund,30.0,0,Transient,101.0,0,0
City Hotel,0,265,2016,April,17,20,0,4,2,0.0,0,BB,AUT,Groups,TA/TO,0,0,0,A,A,0,No Deposit,30.0,176,Transient-Party,99.0,0,0
City Hotel,0,265,2016,April,17,20,0,4,2,0.0,0,BB,AUT,Groups,TA/TO,0,0,0,A,A,0,No Deposit,30.0,176,Transient-Party,99.0,0,0
City Hotel,1,265,2016,April,17,20,0,4,2,0.0,0,BB,PRT,Groups,TA/TO,0,0,0,A,A,0,No Deposit,30.0,176,Transient-Party,101.0,0,0
City Hotel,1,265,2016,April,17,20,0,4,2,0.0,0,BB,PRT,Groups,TA/TO,0,0,0,A,A,0,No Deposit,30.0,176,Transient-Party,101.0,0,0
City Hotel,1,265,2016,April,17,20,0,4,2,0.0,0,BB,PRT,Groups,TA/TO,0,0,0,A,A,0,Non Refund,30.0,0,Transient,101.0,0,0
City Hotel,1,270,2016,April,17,20,0,4,2,0.0,0,BB,PRT,Offline TA/TO,TA/TO,0,0,0,A,A,0,No Deposit,21.0,187,Transient-Party,62.8,0,0
City Hotel,1,117,2016,April,17,20,0,4,2,0.0,0,BB,DEU,Online TA,TA/TO,0,0,0,D,D,0,No Deposit,9.0,0,Transient,99.45,0,0
City Hotel,1,270,2016,April,17,20,0,4,2,0.0,0,BB,PRT,Offline TA/TO,TA/TO,0,0,0,A,A,0,No Deposit,21.0,187,Transient-Party,62.8,0,0
City Hotel,1,265,2016,April,17,20,0,4,2,0.0,0,BB,PRT,Groups,TA/TO,0,0,0,A,A,0,Non Refund,30.0,0,Transient,101.0,0,0
City Hotel,0,265,2016,April,17,20,0,4,2,0.0,0,BB,AUT,Groups,TA/TO,0,0,0,A,A,0,No Deposit,30.0,176,Transient-Party,99.0,0,0
City Hotel,0,265,2016,April,17,20,0,4,2,0.0,0,BB,AUT,Groups,TA/TO,0,0,0,A,A,0,No Deposit,30.0,176,Transient-Party,99.0,0,0
City Hotel,0,270,2016,April,17,20,0,4,2,0.0,0,BB,PRT,Offline TA/TO,TA/TO,0,0,0,A,A,1,No Deposit,21.0,187,Transient-Party,80.0,0,0
City Hotel,0,270,2016,April,17,20,0,4,2,0.0,0,BB,PRT,Offline TA/TO,TA/TO,0,0,0,A,A,0,No Deposit,21.0,187,Transient-Party,80.0,0,0
City Hotel,1,270,2016,April,17,20,0,4,2,0.0,0,BB,PRT,Offline TA/TO,TA/TO,0,0,0,A,A,0,No Deposit,21.0,187,Transient-Party,62.8,0,0
City Hotel,1,265,2016,April,17,20,0,4,2,0.0,0,BB,PRT,Groups,TA/TO,0,0,0,A,A,0,Non Refund,30.0,0,Transient,101.0,0,0
City Hotel,1,265,2016,April,17,20,0,4,2,0.0,0,BB,PRT,Groups,TA/TO,0,0,0,A,A,0,Non Refund,30.0,0,Transient,101.0,0,0
City Hotel,1,265,2016,April,17,20,0,4,2,0.0,0,BB,PRT,Groups,TA/TO,0,0,0,A,A,0,Non Refund,30.0,0,Transient,101.0,0,0
City Hotel,0,265,2016,April,17,20,0,4,2,0.0,0,BB,AUT,Groups,TA/TO,0,0,0,A,A,2,No Deposit,30.0,176,Transient-Party,99.0,0,0
City Hotel,0,270,2016,April,17,20,0,4,2,0.0,0,BB,ISL,Offline TA/TO,TA/TO,0,0,0,A,A,0,No Deposit,21.0,187,Transient-Party,80.0,0,1
City Hotel,1,270,2016,April,17,20,0,4,2,0.0,0,BB,PRT,Offline TA/TO,TA/TO,0,0,0,A,A,0,No Deposit,21.0,187,Transient-Party,62.8,0,0
City Hotel,1,265,2016,April,17,20,0,4,2,0.0,0,BB,PRT,Groups,TA/TO,0,0,0,A,A,0,Non Refund,30.0,0,Transient,101.0,0,0
City Hotel,1,265,2016,April,17,20,0,4,2,0.0,0,BB,PRT,Groups,TA/TO,0,0,0,A,A,0,Non Refund,30.0,0,Transient,101.0,0,0
City Hotel,1,265,2016,April,17,20,0,4,2,0.0,0,BB,PRT,Groups,TA/TO,0,0,0,A,A,0,No Deposit,30.0,176,Transient-Party,101.0,0,0
City Hotel,0,265,2016,April,17,20,0,4,2,0.0,0,BB,AUT,Groups,TA/TO,0,0,0,A,A,0,No Deposit,30.0,176,Transient-Party,99.0,0,0
City Hotel,1,265,2016,April,17,20,0,4,2,0.0,0,BB,PRT,Groups,TA/TO,0,0,0,A,A,0,No Deposit,30.0,176,Transient-Party,101.0,0,0
City Hotel,0,270,2016,April,17,20,0,4,2,0.0,0,BB,ISL,Offline TA/TO,TA/TO,0,0,0,A,D,0,No Deposit,21.0,187,Transient-Party,80.0,0,2
City Hotel,0,270,2016,April,17,20,0,4,2,0.0,0,BB,ISL,Offline TA/TO,TA/TO,0,0,0,A,A,0,No Deposit,21.0,187,Transient-Party,80.0,0,0
City Hotel,1,270,2016,April,17,20,0,4,2,0.0,0,BB,PRT,Offline TA/TO,TA/TO,0,0,0,A,A,0,No Deposit,21.0,187,Transient-Party,62.8,0,0
City Hotel,1,270,2016,April,17,20,0,4,2,0.0,0,BB,PRT,Offline TA/TO,TA/TO,0,0,0,A,A,0,No Deposit,21.0,187,Transient-Party,62.8,0,0
City Hotel,1,5,2016,April,17,20,0,2,2,0.0,0,BB,ESP,Online TA,TA/TO,0,0,0,D,D,0,No Deposit,9.0,0,Transient,116.0,0,0
City Hotel,0,110,2016,April,17,20,0,2,2,0.0,0,BB,ISR,Online TA,TA/TO,0,0,0,D,D,1,No Deposit,9.0,0,Transient-Party,90.95,0,0
City Hotel,1,86,2016,April,17,20,0,2,2,0.0,0,BB,CN,Online TA,TA/TO,0,0,0,D,D,0,No Deposit,9.0,0,Transient,127.8,0,0
City Hotel,1,95,2016,April,17,20,0,2,2,0.0,0,HB,PRT,Groups,TA/TO,0,0,0,A,A,0,No Deposit,35.0,0,Transient-Party,98.0,0,0
City Hotel,0,270,2016,April,17,20,0,4,2,0.0,0,BB,PRT,Offline TA/TO,TA/TO,0,0,0,A,A,0,No Deposit,21.0,187,Transient-Party,80.0,0,0
City Hotel,1,270,2016,April,17,20,0,4,2,0.0,0,BB,PRT,Offline TA/TO,TA/TO,0,0,0,A,A,0,No Deposit,21.0,187,Transient-Party,62.8,0,0
City Hotel,1,265,2016,April,17,20,0,4,2,0.0,0,BB,PRT,Groups,TA/TO,0,0,0,A,A,0,Non Refund,30.0,0,Transient,101.0,0,0
City Hotel,1,265,2016,April,17,20,0,4,2,0.0,0,BB,PRT,Groups,TA/TO,0,0,0,A,A,0,Non Refund,30.0,0,Transient,101.0,0,0
City Hotel,0,265,2016,April,17,20,0,4,2,0.0,0,BB,AUT,Groups,TA/TO,0,0,0,A,A,0,No Deposit,30.0,176,Transient-Party,99.0,0,0
City Hotel,0,265,2016,April,17,20,0,4,2,0.0,0,BB,AUT,Groups,TA/TO,0,0,0,A,B,0,No Deposit,30.0,176,Transient-Party,99.0,0,0
City Hotel,1,64,2016,April,17,20,0,4,2,0.0,0,BB,ESP,Online TA,TA/TO,0,0,0,D,D,0,No Deposit,9.0,0,Transient,114.33,0,1
City Hotel,0,270,2016,April,17,20,0,4,2,0.0,0,BB,ISL,Offline TA/TO,TA/TO,0,0,0,A,A,0,No Deposit,21.0,187,Transient-Party,80.0,0,0
City Hotel,1,270,2016,April,17,20,0,4,2,0.0,0,BB,PRT,Offline TA/TO,TA/TO,0,0,0,A,A,0,No Deposit,21.0,187,Transient-Party,62.8,0,0
City Hotel,1,270,2016,April,17,20,0,4,2,0.0,0,BB,PRT,Offline TA/TO,TA/TO,0,0,0,A,A,0,No Deposit,21.0,187,Transient-Party,62.8,0,0
City Hotel,0,270,2016,April,17,20,0,4,2,0.0,0,BB,ISL,Offline TA/TO,TA/TO,0,0,0,A,A,0,No Deposit,21.0,187,Transient-Party,80.0,0,0
City Hotel,0,270,2016,April,17,20,0,4,2,0.0,0,BB,ISL,Offline TA/TO,TA/TO,0,0,0,A,A,0,No Deposit,21.0,187,Transient-Party,80.0,0,0
City Hotel,1,270,2016,April,17,20,0,4,2,0.0,0,BB,PRT,Offline TA/TO,TA/TO,0,0,0,A,A,0,No Deposit,21.0,187,Transient-Party,62.8,0,0
City Hotel,1,270,2016,April,17,20,0,4,2,0.0,0,BB,PRT,Offline TA/TO,TA/TO,0,0,0,A,A,0,No Deposit,21.0,187,Transient-Party,62.8,0,0
City Hotel,1,265,2016,April,17,20,0,4,2,0.0,0,BB,PRT,Groups,TA/TO,0,0,0,A,A,0,Non Refund,30.0,0,Transient,101.0,0,0
City Hotel,1,265,2016,April,17,20,0,4,2,0.0,0,BB,PRT,Groups,TA/TO,0,0,0,A,A,0,Non Refund,30.0,0,Transient,101.0,0,0
City Hotel,0,265,2016,April,17,20,0,4,2,0.0,0,BB,AUT,Groups,TA/TO,0,0,0,A,A,0,No Deposit,30.0,176,Transient-Party,99.0,0,0
City Hotel,0,265,2016,April,17,20,0,4,2,0.0,0,BB,AUT,Groups,TA/TO,0,0,0,A,A,0,No Deposit,30.0,176,Transient-Party,99.0,0,0
City Hotel,1,265,2016,April,17,20,0,4,2,0.0,0,BB,PRT,Groups,TA/TO,0,0,0,A,A,0,Non Refund,30.0,0,Transient,101.0,0,0
City Hotel,1,265,2016,April,17,20,0,4,2,0.0,0,BB,PRT,Groups,TA/TO,0,0,0,A,A,0,Non Refund,30.0,0,Transient,101.0,0,0
City Hotel,0,270,2016,April,17,20,0,4,2,0.0,0,BB,PRT,Offline TA/TO,TA/TO,0,0,0,A,A,0,No Deposit,21.0,187,Transient-Party,80.0,0,0
City Hotel,1,270,2016,April,17,20,0,4,2,0.0,0,BB,PRT,Offline TA/TO,TA/TO,0,0,0,A,A,0,No Deposit,21.0,187,Transient-Party,62.8,0,0
City Hotel,1,270,2016,April,17,20,0,4,2,0.0,0,BB,PRT,Offline TA/TO,TA/TO,0,0,0,A,A,0,No Deposit,21.0,187,Transient-Party,62.8,0,0
City Hotel,0,270,2016,April,17,20,0,4,2,0.0,0,BB,ISL,Offline TA/TO,TA/TO,0,0,0,A,A,0,No Deposit,21.0,187,Transient-Party,80.0,0,0
City Hotel,0,270,2016,April,17,20,0,4,2,0.0,0,BB,ISL,Offline TA/TO,TA/TO,0,0,0,A,A,0,No Deposit,21.0,187,Transient-Party,80.0,0,0
City Hotel,1,270,2016,April,17,20,0,4,2,0.0,0,BB,PRT,Offline TA/TO,TA/TO,0,0,0,A,A,0,No Deposit,21.0,187,Transient-Party,62.8,0,0
City Hotel,1,270,2016,April,17,20,0,4,2,0.0,0,BB,PRT,Offline TA/TO,TA/TO,0,0,0,A,A,0,No Deposit,21.0,187,Transient-Party,62.8,0,0
City Hotel,1,265,2016,April,17,20,0,4,2,0.0,0,BB,PRT,Groups,TA/TO,0,0,0,A,A,0,Non Refund,30.0,0,Transient,101.0,0,0
City Hotel,1,265,2016,April,17,20,0,4,2,0.0,0,BB,PRT,Groups,TA/TO,0,0,0,A,A,0,Non Refund,30.0,0,Transient,101.0,0,0
City Hotel,0,265,2016,April,17,20,0,4,2,0.0,0,BB,AUT,Groups,TA/TO,0,0,0,A,A,0,No Deposit,30.0,176,Transient-Party,99.0,0,0
City Hotel,0,265,2016,April,17,20,0,4,2,0.0,0,BB,AUT,Groups,TA/TO,0,0,0,A,A,0,No Deposit,30.0,176,Transient-Party,99.0,0,0
City Hotel,0,270,2016,April,17,20,0,4,2,0.0,0,BB,ISL,Offline TA/TO,TA/TO,0,0,0,A,A,0,No Deposit,21.0,187,Transient-Party,80.0,0,0
City Hotel,1,270,2016,April,17,20,0,4,2,0.0,0,BB,PRT,Offline TA/TO,TA/TO,0,0,0,A,A,0,No Deposit,21.0,187,Transient-Party,62.8,0,0
City Hotel,1,270,2016,April,17,20,0,4,2,0.0,0,BB,PRT,Offline TA/TO,TA/TO,0,0,0,A,A,0,No Deposit,21.0,187,Transient-Party,62.8,0,0
City Hotel,1,270,2016,April,17,20,0,4,2,0.0,0,BB,PRT,Offline TA/TO,TA/TO,0,0,0,A,A,0,No Deposit,21.0,187,Transient-Party,62.8,0,0
City Hotel,1,265,2016,April,17,20,0,4,2,0.0,0,BB,PRT,Groups,TA/TO,0,0,0,A,A,0,Non Refund,30.0,0,Transient,101.0,0,0
City Hotel,1,265,2016,April,17,20,0,4,2,0.0,0,BB,PRT,Groups,TA/TO,0,0,0,A,A,0,Non Refund,30.0,0,Transient,101.0,0,0
City Hotel,1,265,2016,April,17,20,0,4,2,0.0,0,BB,PRT,Groups,TA/TO,0,0,0,A,A,0,Non Refund,30.0,0,Transient,101.0,0,0
City Hotel,0,265,2016,April,17,20,0,4,2,0.0,0,BB,AUT,Groups,TA/TO,0,0,0,A,A,0,No Deposit,30.0,176,Transient-Party,99.0,0,0
City Hotel,0,270,2016,April,17,20,0,4,2,0.0,0,BB,ISL,Offline TA/TO,TA/TO,0,0,0,A,A,1,No Deposit,21.0,187,Transient-Party,80.0,0,0
City Hotel,0,270,2016,April,17,20,0,4,2,0.0,0,BB,ISL,Offline TA/TO,TA/TO,0,0,0,A,A,0,No Deposit,21.0,187,Transient-Party,80.0,0,0
City Hotel,1,270,2016,April,17,20,0,4,2,0.0,0,BB,PRT,Offline TA/TO,TA/TO,0,0,0,A,A,0,No Deposit,21.0,187,Transient-Party,62.8,0,0
City Hotel,1,265,2016,April,17,20,0,4,2,0.0,0,BB,PRT,Groups,TA/TO,0,0,0,A,A,0,Non Refund,30.0,0,Transient,101.0,0,0
City Hotel,1,265,2016,April,17,20,0,4,2,0.0,0,BB,PRT,Groups,TA/TO,0,0,0,A,A,0,Non Refund,30.0,0,Transient,101.0,0,0
City Hotel,0,265,2016,April,17,20,0,4,2,0.0,0,BB,AUT,Groups,TA/TO,0,0,0,A,A,0,No Deposit,30.0,176,Transient-Party,99.0,0,0
City Hotel,1,265,2016,April,17,20,0,4,2,0.0,0,BB,PRT,Groups,TA/TO,0,0,0,A,A,0,No Deposit,30.0,176,Transient-Party,101.0,0,0
City Hotel,1,39,2016,April,17,20,1,4,2,0.0,0,BB,POL,Online TA,TA/TO,0,0,0,D,D,0,No Deposit,9.0,0,Transient,120.6,0,0
City Hotel,0,109,2016,April,17,20,1,4,2,0.0,0,BB,DEU,Online TA,TA/TO,0,0,0,A,A,0,No Deposit,7.0,0,Transient,77.89,0,1
City Hotel,1,136,2016,April,17,20,2,9,2,0.0,0,BB,BRA,Online TA,TA/TO,0,0,0,A,A,0,No Deposit,9.0,0,Transient,99.95,0,0
City Hotel,1,41,2016,April,17,21,0,1,2,0.0,0,BB,PRT,Online TA,TA/TO,0,0,0,A,A,0,No Deposit,7.0,0,Transient,81.08,0,0
City Hotel,1,8,2016,April,17,21,0,1,2,0.0,0,BB,GBR,Online TA,TA/TO,0,0,0,D,D,0,No Deposit,9.0,0,Transient,146.0,0,0
City Hotel,1,103,2016,April,17,21,0,1,2,0.0,0,SC,DEU,Online TA,TA/TO,0,0,0,A,A,0,No Deposit,9.0,0,Transient,76.5,0,0
City Hotel,1,2,2016,April,17,21,0,1,2,0.0,0,BB,PRT,Corporate,Corporate,0,0,0,D,D,1,No Deposit,,0,Transient,99.0,0,0
City Hotel,1,41,2016,April,17,21,0,1,2,0.0,0,BB,PRT,Online TA,TA/TO,0,0,0,A,A,0,No Deposit,7.0,0,Transient,81.08,0,0
City Hotel,1,288,2016,April,17,21,0,2,2,0.0,0,BB,PRT,Groups,TA/TO,0,0,0,A,A,0,Non Refund,1.0,0,Transient,62.0,0,0
City Hotel,1,288,2016,April,17,21,0,2,2,0.0,0,BB,PRT,Groups,TA/TO,0,0,0,A,A,0,Non Refund,1.0,0,Transient,62.0,0,0
City Hotel,1,288,2016,April,17,21,0,2,2,0.0,0,BB,PRT,Groups,TA/TO,0,0,0,A,A,0,Non Refund,1.0,0,Transient,62.0,0,0
City Hotel,1,288,2016,April,17,21,0,2,2,0.0,0,BB,PRT,Groups,TA/TO,0,0,0,A,A,0,Non Refund,1.0,0,Transient,62.0,0,0
City Hotel,1,288,2016,April,17,21,0,2,2,0.0,0,BB,PRT,Groups,TA/TO,0,0,0,A,A,0,Non Refund,1.0,0,Transient,62.0,0,0
City Hotel,1,288,2016,April,17,21,0,2,2,0.0,0,BB,PRT,Groups,TA/TO,0,0,0,A,A,0,Non Refund,1.0,0,Transient,62.0,0,0
City Hotel,1,288,2016,April,17,21,0,2,2,0.0,0,BB,PRT,Groups,TA/TO,0,0,0,A,A,0,Non Refund,1.0,0,Transient,62.0,0,0
City Hotel,1,52,2016,April,17,21,0,2,2,0.0,0,SC,AGO,Online TA,TA/TO,0,0,0,A,A,0,No Deposit,9.0,0,Transient,94.5,0,0
City Hotel,1,288,2016,April,17,21,0,2,2,0.0,0,BB,PRT,Groups,TA/TO,0,0,0,A,A,0,Non Refund,1.0,0,Transient,62.0,0,0
City Hotel,1,288,2016,April,17,21,0,2,2,0.0,0,BB,PRT,Groups,TA/TO,0,0,0,A,A,0,Non Refund,1.0,0,Transient,62.0,0,0
City Hotel,1,288,2016,April,17,21,0,2,2,0.0,0,BB,PRT,Groups,TA/TO,0,0,0,A,A,0,Non Refund,1.0,0,Transient,62.0,0,0
City Hotel,1,288,2016,April,17,21,0,2,2,0.0,0,BB,PRT,Groups,TA/TO,0,0,0,A,A,0,Non Refund,1.0,0,Transient,62.0,0,0
City Hotel,1,288,2016,April,17,21,0,2,2,0.0,0,BB,PRT,Groups,TA/TO,0,0,0,A,A,0,Non Refund,1.0,0,Transient,62.0,0,0
City Hotel,1,288,2016,April,17,21,0,2,2,0.0,0,BB,PRT,Groups,TA/TO,0,0,0,A,A,0,Non Refund,1.0,0,Transient,62.0,0,0
City Hotel,1,288,2016,April,17,21,0,2,2,0.0,0,BB,PRT,Groups,TA/TO,0,0,0,A,A,0,Non Refund,1.0,0,Transient,62.0,0,0
City Hotel,1,288,2016,April,17,21,0,2,2,0.0,0,BB,PRT,Groups,TA/TO,0,0,0,A,A,0,Non Refund,1.0,0,Transient,62.0,0,0
City Hotel,1,288,2016,April,17,21,0,2,2,0.0,0,BB,PRT,Groups,TA/TO,0,0,0,A,A,0,Non Refund,1.0,0,Transient,62.0,0,0
City Hotel,1,288,2016,April,17,21,0,2,2,0.0,0,BB,PRT,Groups,TA/TO,0,0,0,A,A,0,Non Refund,1.0,0,Transient,62.0,0,0
City Hotel,1,288,2016,April,17,21,0,2,2,0.0,0,BB,PRT,Groups,TA/TO,0,0,0,A,A,0,Non Refund,1.0,0,Transient,62.0,0,0
City Hotel,1,24,2016,April,17,21,0,2,2,0.0,0,BB,DZA,Online TA,TA/TO,0,0,0,A,A,0,No Deposit,9.0,0,Transient,117.0,0,0
City Hotel,1,288,2016,April,17,21,0,2,2,0.0,0,BB,PRT,Groups,TA/TO,0,0,0,A,A,0,Non Refund,1.0,0,Transient,62.0,0,0
City Hotel,1,288,2016,April,17,21,0,2,2,0.0,0,BB,PRT,Groups,TA/TO,0,0,0,A,A,0,Non Refund,1.0,0,Transient,62.0,0,0
City Hotel,1,288,2016,April,17,21,0,2,2,0.0,0,BB,PRT,Groups,TA/TO,0,0,0,A,A,0,Non Refund,1.0,0,Transient,62.0,0,0
City Hotel,1,288,2016,April,17,21,0,2,2,0.0,0,BB,PRT,Groups,TA/TO,0,0,0,A,A,0,Non Refund,1.0,0,Transient,62.0,0,0
City Hotel,1,288,2016,April,17,21,0,2,2,0.0,0,BB,PRT,Groups,TA/TO,0,0,0,A,A,0,Non Refund,1.0,0,Transient,62.0,0,0
City Hotel,1,43,2016,April,17,21,0,2,2,0.0,0,BB,PRT,Offline TA/TO,TA/TO,0,0,0,D,D,0,No Deposit,168.0,0,Transient,96.3,0,0
City Hotel,1,288,2016,April,17,21,0,2,2,0.0,0,BB,PRT,Groups,TA/TO,0,0,0,A,A,0,Non Refund,1.0,0,Transient,62.0,0,0
City Hotel,1,288,2016,April,17,21,0,2,2,0.0,0,BB,PRT,Groups,TA/TO,0,0,0,A,A,0,Non Refund,1.0,0,Transient,62.0,0,0
City Hotel,1,288,2016,April,17,21,0,2,2,0.0,0,BB,PRT,Groups,TA/TO,0,0,0,A,A,0,Non Refund,1.0,0,Transient,62.0,0,0
City Hotel,1,288,2016,April,17,21,0,2,2,0.0,0,BB,PRT,Groups,TA/TO,0,0,0,A,A,0,Non Refund,1.0,0,Transient,62.0,0,0
City Hotel,1,288,2016,April,17,21,0,2,2,0.0,0,BB,PRT,Groups,TA/TO,0,0,0,A,A,0,Non Refund,1.0,0,Transient,62.0,0,0
City Hotel,1,288,2016,April,17,21,0,2,2,0.0,0,BB,PRT,Groups,TA/TO,0,0,0,A,A,0,Non Refund,1.0,0,Transient,62.0,0,0
City Hotel,1,288,2016,April,17,21,0,2,2,0.0,0,BB,PRT,Groups,TA/TO,0,0,0,A,A,0,Non Refund,1.0,0,Transient,62.0,0,0
City Hotel,1,63,2016,April,17,21,0,3,2,0.0,0,SC,IRL,Online TA,TA/TO,0,0,0,A,A,0,No Deposit,9.0,0,Transient,94.5,0,0
City Hotel,0,137,2016,April,17,21,0,3,2,0.0,0,BB,FRA,Online TA,TA/TO,0,0,0,D,D,0,No Deposit,9.0,0,Transient,105.3,0,0
City Hotel,0,123,2016,April,17,21,1,3,2,0.0,0,BB,CHE,Online TA,TA/TO,0,0,0,A,A,0,No Deposit,9.0,0,Transient,93.08,0,0
City Hotel,1,56,2016,April,17,21,1,3,2,0.0,0,BB,NLD,Online TA,TA/TO,0,0,0,D,D,0,No Deposit,9.0,0,Transient,130.05,0,0
City Hotel,1,57,2016,April,17,21,2,3,2,0.0,0,BB,FRA,Online TA,TA/TO,0,0,0,D,D,0,No Deposit,9.0,0,Transient,112.2,0,0
City Hotel,1,16,2016,April,17,22,0,1,2,0.0,0,BB,PRT,Online TA,TA/TO,0,0,0,A,A,0,No Deposit,9.0,0,Transient,117.0,0,0
City Hotel,1,15,2016,April,17,22,0,1,2,0.0,0,BB,TUR,Online TA,TA/TO,0,0,0,A,A,0,No Deposit,9.0,0,Transient,131.0,0,0
City Hotel,1,7,2016,April,17,22,0,2,2,0.0,0,SC,DEU,Online TA,TA/TO,0,0,0,A,A,0,No Deposit,9.0,0,Transient,119.0,0,1
City Hotel,1,70,2016,April,17,22,0,2,2,0.0,0,BB,ESP,Online TA,TA/TO,0,0,0,A,B,1,No Deposit,9.0,0,Transient,105.3,0,2
City Hotel,1,57,2016,April,17,22,0,2,2,0.0,0,BB,GBR,Online TA,TA/TO,0,0,0,D,D,0,No Deposit,9.0,0,Transient,118.8,0,0
City Hotel,1,40,2016,April,17,22,0,2,2,0.0,0,BB,NLD,Online TA,TA/TO,0,0,0,D,D,0,No Deposit,9.0,0,Transient,118.8,0,0
City Hotel,1,58,2016,April,17,22,0,2,2,0.0,0,BB,CZE,Online TA,TA/TO,0,0,0,D,D,2,No Deposit,9.0,0,Transient,118.8,0,0
City Hotel,1,70,2016,April,17,22,0,2,2,0.0,0,BB,ESP,Online TA,TA/TO,0,0,0,A,B,1,No Deposit,9.0,0,Transient,105.3,0,1
City Hotel,1,168,2016,April,17,22,1,2,2,0.0,0,BB,PRT,Offline TA/TO,TA/TO,0,0,0,A,A,0,Non Refund,26.0,77,Transient,85.0,0,0
City Hotel,1,168,2016,April,17,22,1,2,2,0.0,0,BB,PRT,Offline TA/TO,TA/TO,0,0,0,A,A,0,Non Refund,26.0,77,Transient,85.0,0,0
City Hotel,1,168,2016,April,17,22,1,2,2,0.0,0,BB,PRT,Offline TA/TO,TA/TO,0,0,0,A,A,0,Non Refund,26.0,77,Transient,85.0,0,0
City Hotel,1,168,2016,April,17,22,1,2,2,0.0,0,BB,PRT,Offline TA/TO,TA/TO,0,0,0,A,A,0,Non Refund,26.0,77,Transient,85.0,0,0
City Hotel,1,58,2016,April,17,22,1,2,2,0.0,0,BB,FRA,Online TA,TA/TO,0,0,0,D,D,0,No Deposit,9.0,0,Transient,118.8,0,0
City Hotel,1,168,2016,April,17,22,1,2,2,0.0,0,BB,PRT,Offline TA/TO,TA/TO,0,0,0,A,A,0,Non Refund,26.0,77,Transient,85.0,0,0
City Hotel,1,61,2016,April,17,22,1,2,2,0.0,0,BB,ITA,Online TA,TA/TO,0,0,0,D,D,0,No Deposit,9.0,0,Transient,118.8,0,0
City Hotel,1,168,2016,April,17,22,1,2,2,0.0,0,BB,PRT,Offline TA/TO,TA/TO,0,0,0,A,A,0,Non Refund,26.0,77,Transient,85.0,0,0
City Hotel,1,168,2016,April,17,22,1,2,2,0.0,0,BB,PRT,Offline TA/TO,TA/TO,0,0,0,A,A,0,Non Refund,26.0,77,Transient,85.0,0,0
City Hotel,1,168,2016,April,17,22,1,2,2,0.0,0,BB,PRT,Offline TA/TO,TA/TO,0,0,0,A,A,0,Non Refund,26.0,77,Transient,85.0,0,0
City Hotel,1,168,2016,April,17,22,1,2,2,0.0,0,BB,PRT,Offline TA/TO,TA/TO,0,0,0,A,A,0,Non Refund,26.0,77,Transient,85.0,0,0
City Hotel,1,168,2016,April,17,22,1,2,2,0.0,0,BB,PRT,Offline TA/TO,TA/TO,0,0,0,A,A,0,Non Refund,26.0,77,Transient,85.0,0,0
City Hotel,1,168,2016,April,17,22,1,2,2,0.0,0,BB,PRT,Offline TA/TO,TA/TO,0,0,0,A,A,0,Non Refund,26.0,77,Transient,85.0,0,0
City Hotel,1,168,2016,April,17,22,1,2,2,0.0,0,BB,PRT,Offline TA/TO,TA/TO,0,0,0,A,A,0,Non Refund,26.0,77,Transient,85.0,0,0
City Hotel,1,168,2016,April,17,22,1,2,2,0.0,0,BB,PRT,Offline TA/TO,TA/TO,0,0,0,A,A,0,Non Refund,26.0,77,Transient,85.0,0,0
City Hotel,1,168,2016,April,17,22,1,2,2,0.0,0,BB,PRT,Offline TA/TO,TA/TO,0,0,0,A,A,0,Non Refund,26.0,77,Transient,85.0,0,0
City Hotel,1,56,2016,April,17,22,1,2,2,0.0,0,BB,FRA,Online TA,TA/TO,0,0,0,D,D,0,No Deposit,9.0,0,Transient,118.8,0,0
City Hotel,1,69,2016,April,17,22,1,2,2,0.0,0,BB,FRA,Online TA,TA/TO,0,0,0,D,D,0,No Deposit,9.0,0,Transient,118.8,0,0
City Hotel,1,168,2016,April,17,22,1,2,2,0.0,0,BB,PRT,Offline TA/TO,TA/TO,0,0,0,A,A,0,Non Refund,26.0,77,Transient,85.0,0,0
City Hotel,1,168,2016,April,17,22,1,2,2,0.0,0,BB,PRT,Offline TA/TO,TA/TO,0,0,0,A,A,0,Non Refund,26.0,77,Transient,85.0,0,0
City Hotel,1,168,2016,April,17,22,1,2,2,0.0,0,BB,PRT,Offline TA/TO,TA/TO,0,0,0,A,A,0,Non Refund,26.0,77,Transient,85.0,0,0
City Hotel,1,61,2016,April,17,22,1,2,2,0.0,0,BB,ITA,Online TA,TA/TO,0,0,0,D,D,0,No Deposit,9.0,0,Transient,118.8,0,0
City Hotel,1,168,2016,April,17,22,1,2,2,0.0,0,BB,PRT,Offline TA/TO,TA/TO,0,0,0,A,A,0,Non Refund,26.0,77,Transient,85.0,0,0
City Hotel,1,168,2016,April,17,22,1,2,2,0.0,0,BB,PRT,Offline TA/TO,TA/TO,0,0,0,A,A,0,Non Refund,26.0,77,Transient,85.0,0,0
City Hotel,1,168,2016,April,17,22,1,2,2,0.0,0,BB,PRT,Offline TA/TO,TA/TO,0,0,0,A,A,0,Non Refund,26.0,77,Transient,85.0,0,0
City Hotel,1,168,2016,April,17,22,1,2,2,0.0,0,BB,PRT,Offline TA/TO,TA/TO,0,0,0,A,A,0,Non Refund,26.0,77,Transient,85.0,0,0
City Hotel,1,63,2016,April,17,22,1,2,2,0.0,0,BB,ITA,Online TA,TA/TO,0,0,0,A,A,0,No Deposit,9.0,0,Transient,105.3,0,1
City Hotel,1,61,2016,April,17,22,1,2,2,0.0,0,BB,ITA,Online TA,TA/TO,0,0,0,D,D,0,No Deposit,9.0,0,Transient,118.8,0,0
City Hotel,1,168,2016,April,17,22,1,2,2,0.0,0,BB,PRT,Offline TA/TO,TA/TO,0,0,0,A,A,0,Non Refund,26.0,77,Transient,85.0,0,0
City Hotel,1,168,2016,April,17,22,1,2,2,0.0,0,BB,PRT,Offline TA/TO,TA/TO,0,0,0,A,A,0,Non Refund,26.0,77,Transient,85.0,0,0
City Hotel,1,168,2016,April,17,22,1,2,2,0.0,0,BB,PRT,Offline TA/TO,TA/TO,0,0,0,A,A,0,Non Refund,26.0,77,Transient,85.0,0,0
City Hotel,1,168,2016,April,17,22,1,2,2,0.0,0,BB,PRT,Offline TA/TO,TA/TO,0,0,0,A,A,0,Non Refund,26.0,77,Transient,85.0,0,0
City Hotel,1,169,2016,April,17,22,2,2,2,0.0,0,HB,PRT,Offline TA/TO,TA/TO,0,0,0,A,A,0,No Deposit,2.0,48,Transient-Party,106.0,0,0
City Hotel,1,169,2016,April,17,22,2,2,2,0.0,0,HB,PRT,Offline TA/TO,TA/TO,0,0,0,A,A,0,No Deposit,2.0,48,Transient-Party,106.0,0,0
City Hotel,1,169,2016,April,17,22,2,2,2,0.0,0,HB,PRT,Offline TA/TO,TA/TO,0,0,0,A,A,0,No Deposit,2.0,48,Transient-Party,106.0,0,0
City Hotel,1,59,2016,April,17,22,2,2,2,0.0,0,BB,ITA,Online TA,TA/TO,0,0,0,D,D,0,No Deposit,9.0,0,Transient,112.2,0,0
City Hotel,1,169,2016,April,17,22,2,2,2,0.0,0,HB,PRT,Offline TA/TO,TA/TO,0,0,0,A,A,0,No Deposit,2.0,48,Transient-Party,106.0,0,0
City Hotel,1,169,2016,April,17,22,2,2,2,0.0,0,HB,PRT,Offline TA/TO,TA/TO,0,0,0,A,A,0,No Deposit,2.0,48,Transient-Party,106.0,0,0
City Hotel,1,169,2016,April,17,22,2,2,2,0.0,0,HB,PRT,Offline TA/TO,TA/TO,0,0,0,A,A,0,No Deposit,2.0,48,Transient-Party,106.0,0,0
City Hotel,1,169,2016,April,17,22,2,2,2,0.0,0,HB,PRT,Offline TA/TO,TA/TO,0,0,0,A,A,0,No Deposit,2.0,48,Transient-Party,106.0,0,0
City Hotel,1,169,2016,April,17,22,2,2,2,0.0,0,HB,PRT,Offline TA/TO,TA/TO,0,0,0,A,A,0,No Deposit,2.0,48,Transient-Party,106.0,0,0
City Hotel,1,169,2016,April,17,22,2,2,2,0.0,0,HB,PRT,Offline TA/TO,TA/TO,0,0,0,A,A,0,No Deposit,2.0,48,Transient-Party,106.0,0,0
City Hotel,1,169,2016,April,17,22,2,2,2,0.0,0,HB,PRT,Offline TA/TO,TA/TO,0,0,0,A,A,0,No Deposit,2.0,48,Transient-Party,106.0,0,0
City Hotel,1,169,2016,April,17,22,2,2,2,0.0,0,HB,PRT,Offline TA/TO,TA/TO,0,0,0,A,A,0,No Deposit,2.0,48,Transient-Party,106.0,0,0
City Hotel,1,169,2016,April,17,22,2,2,2,0.0,0,HB,PRT,Offline TA/TO,TA/TO,0,0,0,A,A,0,No Deposit,2.0,48,Transient-Party,106.0,0,0
City Hotel,1,169,2016,April,17,22,2,2,2,0.0,0,HB,PRT,Offline TA/TO,TA/TO,0,0,0,A,A,0,No Deposit,2.0,48,Transient-Party,106.0,0,0
City Hotel,1,71,2016,April,17,22,2,2,2,0.0,0,SC,ITA,Online TA,TA/TO,0,0,0,A,A,0,No Deposit,9.0,0,Transient,87.13,0,0
City Hotel,1,169,2016,April,17,22,2,2,2,0.0,0,HB,PRT,Offline TA/TO,TA/TO,0,0,0,A,A,0,No Deposit,2.0,48,Transient-Party,106.0,0,0
City Hotel,1,142,2016,April,17,22,2,3,2,0.0,0,BB,POL,Groups,TA/TO,0,0,0,A,A,0,Non Refund,37.0,0,Transient,103.0,0,0
City Hotel,1,142,2016,April,17,22,2,3,2,0.0,0,BB,POL,Groups,TA/TO,0,0,0,A,A,0,Non Refund,37.0,0,Transient,103.0,0,0
City Hotel,1,142,2016,April,17,22,2,3,2,0.0,0,BB,POL,Groups,TA/TO,0,0,0,A,A,0,Non Refund,37.0,0,Transient,103.0,0,0
City Hotel,1,142,2016,April,17,22,2,3,2,0.0,0,BB,POL,Groups,TA/TO,0,0,0,A,A,0,Non Refund,37.0,0,Transient,103.0,0,0
City Hotel,1,142,2016,April,17,22,2,3,2,0.0,0,BB,POL,Groups,TA/TO,0,0,0,A,A,0,Non Refund,37.0,0,Transient,103.0,0,0
City Hotel,1,142,2016,April,17,22,2,3,2,0.0,0,BB,POL,Groups,TA/TO,0,0,0,A,A,0,Non Refund,37.0,0,Transient,103.0,0,0
City Hotel,1,142,2016,April,17,22,2,3,2,0.0,0,BB,POL,Groups,TA/TO,0,0,0,A,A,0,Non Refund,37.0,0,Transient,103.0,0,0
City Hotel,1,142,2016,April,17,22,2,3,2,0.0,0,BB,POL,Groups,TA/TO,0,0,0,A,A,0,Non Refund,37.0,0,Transient,103.0,0,0
City Hotel,1,142,2016,April,17,22,2,3,2,0.0,0,BB,POL,Groups,TA/TO,0,0,0,A,A,0,Non Refund,37.0,0,Transient,103.0,0,0
City Hotel,1,142,2016,April,17,22,2,3,2,0.0,0,BB,POL,Groups,TA/TO,0,0,0,A,A,0,Non Refund,37.0,0,Transient,103.0,0,0
City Hotel,1,142,2016,April,17,22,2,3,2,0.0,0,BB,POL,Groups,TA/TO,0,0,0,A,A,0,Non Refund,37.0,0,Transient,103.0,0,0
City Hotel,1,142,2016,April,17,22,2,3,2,0.0,0,BB,POL,Groups,TA/TO,0,0,0,A,A,0,Non Refund,37.0,0,Transient,103.0,0,0
City Hotel,1,142,2016,April,17,22,2,3,2,0.0,0,BB,POL,Groups,TA/TO,0,0,0,A,A,0,Non Refund,37.0,0,Transient,103.0,0,0
City Hotel,1,142,2016,April,17,22,2,3,2,0.0,0,BB,POL,Groups,TA/TO,0,0,0,A,A,0,Non Refund,37.0,0,Transient,103.0,0,0
City Hotel,1,142,2016,April,17,22,2,3,2,0.0,0,BB,POL,Groups,TA/TO,0,0,0,A,A,0,Non Refund,37.0,0,Transient,103.0,0,0
City Hotel,1,142,2016,April,17,22,2,3,2,0.0,0,BB,POL,Groups,TA/TO,0,0,0,A,A,0,Non Refund,37.0,0,Transient,103.0,0,0
City Hotel,1,169,2016,April,17,22,2,2,2,0.0,0,HB,PRT,Offline TA/TO,TA/TO,0,0,0,A,A,0,No Deposit,2.0,48,Transient-Party,106.0,0,0
City Hotel,1,169,2016,April,17,22,2,2,2,0.0,0,HB,PRT,Offline TA/TO,TA/TO,0,0,0,A,A,0,No Deposit,2.0,48,Transient-Party,106.0,0,0
City Hotel,1,142,2016,April,17,22,2,3,2,0.0,0,BB,POL,Groups,TA/TO,0,0,0,A,A,0,Non Refund,37.0,0,Transient,103.0,0,0
City Hotel,1,142,2016,April,17,22,2,3,2,0.0,0,BB,POL,Groups,TA/TO,0,0,0,A,A,0,Non Refund,37.0,0,Transient,103.0,0,0
City Hotel,1,142,2016,April,17,22,2,3,2,0.0,0,BB,POL,Groups,TA/TO,0,0,0,A,A,0,Non Refund,37.0,0,Transient,103.0,0,0
City Hotel,1,142,2016,April,17,22,2,3,2,0.0,0,BB,POL,Groups,TA/TO,0,0,0,A,A,0,Non Refund,37.0,0,Transient,103.0,0,0
City Hotel,1,142,2016,April,17,22,2,3,2,0.0,0,BB,POL,Groups,TA/TO,0,0,0,A,A,0,Non Refund,37.0,0,Transient,103.0,0,0
City Hotel,1,142,2016,April,17,22,2,3,2,0.0,0,BB,POL,Groups,TA/TO,0,0,0,A,A,0,Non Refund,37.0,0,Transient,103.0,0,0
City Hotel,1,142,2016,April,17,22,2,3,2,0.0,0,BB,POL,Groups,TA/TO,0,0,0,A,A,0,Non Refund,37.0,0,Transient,103.0,0,0
City Hotel,1,142,2016,April,17,22,2,3,2,0.0,0,BB,POL,Groups,TA/TO,0,0,0,A,A,0,Non Refund,37.0,0,Transient,103.0,0,0
City Hotel,1,47,2016,April,17,23,0,1,2,0.0,0,BB,ESP,Online TA,TA/TO,0,0,0,D,D,0,No Deposit,9.0,0,Transient,118.8,0,0
City Hotel,1,100,2016,April,17,23,1,1,2,0.0,0,HB,PRT,Groups,TA/TO,0,0,0,A,A,0,Non Refund,1.0,0,Transient,96.0,0,0
City Hotel,1,100,2016,April,17,23,1,1,2,0.0,0,HB,PRT,Groups,TA/TO,0,0,0,A,A,0,Non Refund,1.0,0,Transient,96.0,0,0
City Hotel,0,120,2016,April,17,23,1,1,2,0.0,0,BB,CHE,Online TA,TA/TO,0,0,0,A,A,0,No Deposit,9.0,0,Transient-Party,95.2,0,0
City Hotel,1,10,2016,April,17,23,1,1,2,0.0,0,BB,DEU,Online TA,TA/TO,0,0,0,D,D,0,No Deposit,9.0,0,Transient,146.0,0,1
City Hotel,0,120,2016,April,17,23,1,1,2,0.0,0,BB,CHE,Online TA,TA/TO,0,0,0,A,A,0,No Deposit,9.0,0,Transient-Party,95.2,0,0
City Hotel,1,100,2016,April,17,23,1,1,2,0.0,0,HB,PRT,Groups,TA/TO,0,0,0,A,A,0,Non Refund,1.0,0,Transient,96.0,0,0
City Hotel,1,100,2016,April,17,23,1,1,2,0.0,0,HB,PRT,Groups,TA/TO,0,0,0,A,A,0,Non Refund,1.0,0,Transient,96.0,0,0
City Hotel,1,100,2016,April,17,23,1,1,2,0.0,0,HB,PRT,Groups,TA/TO,0,0,0,A,A,0,Non Refund,1.0,0,Transient,96.0,0,0
City Hotel,1,100,2016,April,17,23,1,1,2,0.0,0,HB,PRT,Groups,TA/TO,0,0,0,A,A,0,Non Refund,1.0,0,Transient,96.0,0,0
City Hotel,1,100,2016,April,17,23,1,1,2,0.0,0,HB,PRT,Groups,TA/TO,0,0,0,A,A,0,Non Refund,1.0,0,Transient,96.0,0,0
City Hotel,1,66,2016,April,17,23,1,1,2,0.0,0,BB,ITA,Online TA,TA/TO,0,0,0,A,A,0,No Deposit,9.0,0,Transient,105.3,0,0
City Hotel,1,70,2016,April,17,23,1,1,2,0.0,0,SC,ITA,Online TA,TA/TO,0,0,0,A,A,0,No Deposit,9.0,0,Transient,94.5,0,0
City Hotel,1,100,2016,April,17,23,1,1,2,0.0,0,HB,PRT,Groups,TA/TO,0,0,0,A,A,0,Non Refund,1.0,0,Transient,96.0,0,0
City Hotel,1,100,2016,April,17,23,1,1,2,0.0,0,HB,PRT,Groups,TA/TO,0,0,0,A,A,0,Non Refund,1.0,0,Transient,96.0,0,0
City Hotel,0,120,2016,April,17,23,1,1,2,0.0,0,BB,CHE,Online TA,TA/TO,0,0,0,A,A,0,No Deposit,9.0,0,Transient-Party,95.2,0,0
City Hotel,1,100,2016,April,17,23,1,1,2,0.0,0,HB,PRT,Groups,TA/TO,0,0,0,A,A,0,Non Refund,1.0,0,Transient,96.0,0,0
City Hotel,1,64,2016,April,17,23,2,1,2,0.0,0,BB,BRA,Online TA,TA/TO,0,0,0,D,D,0,No Deposit,9.0,0,Transient,118.8,0,1
City Hotel,1,2,2016,April,17,23,2,1,2,0.0,0,BB,RUS,Online TA,TA/TO,0,0,0,D,D,0,No Deposit,9.0,0,Transient,136.0,0,0
City Hotel,0,120,2016,April,17,23,2,2,2,0.0,0,BB,FRA,Online TA,TA/TO,0,0,0,A,A,0,No Deposit,7.0,0,Transient,71.67,0,1
City Hotel,0,138,2016,April,17,23,2,2,2,0.0,0,BB,DEU,Online TA,TA/TO,0,0,0,A,A,2,No Deposit,9.0,0,Transient,90.95,0,0
City Hotel,0,138,2016,April,17,23,2,2,2,0.0,0,BB,DEU,Online TA,TA/TO,0,0,0,A,D,2,No Deposit,9.0,0,Transient,90.95,0,0
City Hotel,1,70,2016,April,17,23,2,2,2,0.0,0,BB,TUN,Online TA,TA/TO,0,0,0,A,A,0,No Deposit,9.0,0,Transient,95.2,0,0
City Hotel,1,71,2016,April,17,23,2,3,2,0.0,0,SC,CHL,Online TA,TA/TO,0,0,0,A,A,0,No Deposit,9.0,0,Transient,84.15,0,0
City Hotel,1,71,2016,April,17,23,2,3,2,0.0,0,SC,CHL,Online TA,TA/TO,0,0,0,A,A,0,No Deposit,9.0,0,Transient,84.15,0,1
City Hotel,1,90,2016,April,17,23,2,5,2,0.0,0,HB,RUS,Online TA,TA/TO,0,0,0,A,B,2,No Deposit,9.0,0,Transient,99.45,0,1
City Hotel,1,8,2016,April,18,24,1,0,2,0.0,0,BB,PRT,Online TA,TA/TO,0,0,0,A,A,0,No Deposit,9.0,0,Transient,101.0,0,0
City Hotel,1,2,2016,April,18,24,1,0,2,0.0,0,SC,PRT,Online TA,TA/TO,0,0,0,A,A,0,No Deposit,9.0,0,Transient,89.0,0,0
City Hotel,1,1,2016,April,18,24,1,0,2,0.0,0,BB,PRT,Online TA,TA/TO,0,0,0,A,A,0,No Deposit,9.0,0,Transient,131.0,0,0
City Hotel,1,31,2016,April,18,24,1,0,2,0.0,0,SC,DEU,Online TA,TA/TO,0,0,0,A,A,0,No Deposit,9.0,0,Transient,94.5,0,0
City Hotel,1,31,2016,April,18,24,1,0,2,0.0,0,SC,CHN,Online TA,TA/TO,0,0,0,A,A,0,No Deposit,9.0,0,Transient,94.5,0,0
City Hotel,1,2,2016,April,18,24,1,0,2,0.0,0,SC,PRT,Online TA,TA/TO,0,0,0,A,A,0,No Deposit,9.0,0,Transient,89.0,0,0
City Hotel,1,31,2016,April,18,24,1,0,2,0.0,0,SC,CHN,Online TA,TA/TO,0,0,0,A,A,0,No Deposit,9.0,0,Transient,94.5,0,0
City Hotel,1,146,2016,April,18,24,2,0,2,0.0,0,BB,PRT,Offline TA/TO,TA/TO,0,0,0,A,A,0,Non Refund,26.0,50,Transient,95.0,0,0
City Hotel,1,146,2016,April,18,24,2,0,2,0.0,0,BB,PRT,Offline TA/TO,TA/TO,0,0,0,A,A,0,Non Refund,26.0,50,Transient,95.0,0,0
City Hotel,1,146,2016,April,18,24,2,0,2,0.0,0,BB,PRT,Offline TA/TO,TA/TO,0,0,0,A,A,0,Non Refund,26.0,50,Transient,95.0,0,0
City Hotel,1,146,2016,April,18,24,2,0,2,0.0,0,BB,PRT,Offline TA/TO,TA/TO,0,0,0,A,A,0,Non Refund,26.0,50,Transient,95.0,0,0
City Hotel,1,146,2016,April,18,24,2,0,2,0.0,0,BB,PRT,Offline TA/TO,TA/TO,0,0,0,A,A,0,Non Refund,26.0,50,Transient,95.0,0,0
City Hotel,1,146,2016,April,18,24,2,0,2,0.0,0,BB,PRT,Offline TA/TO,TA/TO,0,0,0,A,A,0,Non Refund,26.0,50,Transient,95.0,0,0
City Hotel,1,146,2016,April,18,24,2,0,2,0.0,0,BB,PRT,Offline TA/TO,TA/TO,0,0,0,A,A,0,Non Refund,26.0,50,Transient,95.0,0,0
City Hotel,1,146,2016,April,18,24,2,0,2,0.0,0,BB,PRT,Offline TA/TO,TA/TO,0,0,0,A,A,0,Non Refund,26.0,50,Transient,95.0,0,0
City Hotel,1,146,2016,April,18,24,2,0,2,0.0,0,BB,PRT,Offline TA/TO,TA/TO,0,0,0,A,A,0,Non Refund,26.0,50,Transient,95.0,0,0
City Hotel,1,146,2016,April,18,24,2,0,2,0.0,0,BB,PRT,Offline TA/TO,TA/TO,0,0,0,A,A,0,Non Refund,26.0,50,Transient,95.0,0,0
City Hotel,1,146,2016,April,18,24,2,0,2,0.0,0,BB,PRT,Offline TA/TO,TA/TO,0,0,0,A,A,0,Non Refund,26.0,50,Transient,95.0,0,0
City Hotel,1,146,2016,April,18,24,2,0,2,0.0,0,BB,PRT,Offline TA/TO,TA/TO,0,0,0,A,A,0,Non Refund,26.0,50,Transient,95.0,0,0
City Hotel,1,146,2016,April,18,24,2,0,2,0.0,0,BB,PRT,Offline TA/TO,TA/TO,0,0,0,A,A,0,Non Refund,26.0,50,Transient,95.0,0,0
City Hotel,1,146,2016,April,18,24,2,0,2,0.0,0,BB,PRT,Online TA,TA/TO,0,0,0,A,A,0,No Deposit,9.0,0,Contract,107.0,0,1
City Hotel,1,146,2016,April,18,24,2,0,2,0.0,0,BB,PRT,Offline TA/TO,TA/TO,0,0,0,A,A,0,Non Refund,26.0,50,Transient,95.0,0,0
City Hotel,1,146,2016,April,18,24,2,0,2,0.0,0,BB,PRT,Offline TA/TO,TA/TO,0,0,0,A,A,0,Non Refund,26.0,50,Transient,95.0,0,0
City Hotel,1,146,2016,April,18,24,2,0,2,0.0,0,BB,PRT,Offline TA/TO,TA/TO,0,0,0,A,A,0,Non Refund,26.0,50,Transient,95.0,0,0
City Hotel,1,146,2016,April,18,24,2,0,2,0.0,0,BB,PRT,Offline TA/TO,TA/TO,0,0,0,A,A,0,Non Refund,26.0,50,Transient,95.0,0,0
City Hotel,1,146,2016,April,18,24,2,0,2,0.0,0,BB,PRT,Offline TA/TO,TA/TO,0,0,0,A,A,0,Non Refund,26.0,50,Transient,95.0,0,0
City Hotel,1,146,2016,April,18,24,2,0,2,0.0,0,BB,PRT,Offline TA/TO,TA/TO,0,0,0,A,A,0,Non Refund,26.0,50,Transient,95.0,0,0
City Hotel,1,146,2016,April,18,24,2,0,2,0.0,0,BB,PRT,Offline TA/TO,TA/TO,0,0,0,A,A,0,Non Refund,26.0,50,Transient,95.0,0,0
City Hotel,1,146,2016,April,18,24,2,0,2,0.0,0,BB,PRT,Offline TA/TO,TA/TO,0,0,0,A,A,0,Non Refund,26.0,50,Transient,95.0,0,0
City Hotel,1,146,2016,April,18,24,2,0,2,0.0,0,BB,PRT,Offline TA/TO,TA/TO,0,0,0,A,A,0,Non Refund,26.0,50,Transient,95.0,0,0
City Hotel,1,146,2016,April,18,24,2,0,2,0.0,0,BB,PRT,Offline TA/TO,TA/TO,0,0,0,A,A,0,Non Refund,26.0,50,Transient,95.0,0,0
City Hotel,1,146,2016,April,18,24,2,0,2,0.0,0,BB,PRT,Offline TA/TO,TA/TO,0,0,0,A,A,0,Non Refund,26.0,50,Transient,95.0,0,0
City Hotel,1,146,2016,April,18,24,2,0,2,0.0,0,BB,PRT,Offline TA/TO,TA/TO,0,0,0,A,A,0,Non Refund,26.0,50,Transient,95.0,0,0
City Hotel,1,59,2016,April,18,24,2,1,2,0.0,0,BB,SVK,Online TA,TA/TO,0,0,0,A,A,0,No Deposit,9.0,0,Transient,105.3,0,0
City Hotel,0,111,2016,April,18,24,2,2,2,0.0,0,BB,FRA,Online TA,TA/TO,0,0,0,B,B,0,No Deposit,9.0,0,Transient,85.86,0,0
City Hotel,1,198,2016,April,18,24,2,2,2,0.0,0,BB,PRT,Direct,Direct,0,0,0,A,A,2,No Deposit,14.0,0,Group,95.4,0,0
City Hotel,0,113,2016,April,18,24,2,2,2,0.0,0,BB,FRA,Online TA,TA/TO,0,0,0,B,B,1,No Deposit,9.0,0,Transient,85.85,0,0
City Hotel,1,68,2016,April,18,24,2,2,2,0.0,0,BB,NLD,Online TA,TA/TO,0,0,0,A,A,1,No Deposit,9.0,0,Transient,108.38,0,1
City Hotel,1,45,2016,April,18,24,2,2,2,0.0,0,BB,GBR,Direct,Direct,0,0,0,E,E,0,No Deposit,14.0,0,Transient,128.56,0,0
City Hotel,1,71,2016,April,18,24,2,3,2,0.0,0,BB,GBR,Online TA,TA/TO,0,0,0,D,D,0,No Deposit,9.0,0,Transient,105.4,0,0
City Hotel,1,81,2016,April,18,24,2,3,2,0.0,0,HB,IRL,Online TA,TA/TO,0,0,0,D,D,1,No Deposit,9.0,0,Transient,110.16,0,0
City Hotel,1,12,2016,April,18,25,1,0,2,0.0,0,BB,FRA,Online TA,TA/TO,0,0,0,A,A,0,No Deposit,9.0,0,Transient,131.0,0,0
City Hotel,1,80,2016,April,18,25,1,0,2,0.0,0,BB,CN,Online TA,TA/TO,0,0,0,A,A,0,No Deposit,9.0,0,Transient,96.3,0,0
City Hotel,1,82,2016,April,18,25,1,0,2,0.0,0,BB,PRT,Online TA,TA/TO,0,0,0,A,A,0,No Deposit,7.0,0,Transient,74.15,0,1
City Hotel,1,59,2016,April,18,25,1,2,2,0.0,0,BB,ESP,Online TA,TA/TO,0,0,0,A,A,0,No Deposit,9.0,0,Transient,105.6,0,0
City Hotel,0,113,2016,April,18,25,1,2,2,0.0,0,BB,AUS,Online TA,TA/TO,0,0,0,A,A,0,No Deposit,9.0,0,Transient,96.3,0,0
City Hotel,1,91,2016,April,18,25,1,2,2,0.0,0,SC,FRA,Online TA,TA/TO,0,0,0,A,A,0,No Deposit,9.0,0,Transient,85.5,0,0
City Hotel,1,53,2016,April,18,25,1,2,2,0.0,0,BB,POL,Online TA,TA/TO,0,0,0,D,D,0,No Deposit,9.0,0,Transient,119.1,0,1
City Hotel,1,53,2016,April,18,25,1,2,2,0.0,0,BB,POL,Online TA,TA/TO,0,0,0,D,D,0,No Deposit,9.0,0,Transient,119.1,0,1
City Hotel,1,13,2016,April,18,25,1,2,2,0.0,0,SC,ALB,Online TA,TA/TO,0,0,0,A,A,0,No Deposit,9.0,0,Transient,109.0,0,0
City Hotel,0,113,2016,April,18,25,1,3,2,0.0,0,BB,FRA,Online TA,TA/TO,0,0,0,A,B,2,No Deposit,9.0,0,Transient-Party,100.75,0,1
City Hotel,1,92,2016,April,18,25,1,3,2,0.0,0,BB,ITA,Online TA,TA/TO,0,0,0,A,A,0,No Deposit,9.0,0,Transient,90.95,0,0
City Hotel,1,99,2016,April,18,25,1,3,2,0.0,0,BB,DEU,Online TA,TA/TO,0,0,0,A,A,0,No Deposit,9.0,0,Transient,90.95,0,0
City Hotel,0,113,2016,April,18,25,1,3,2,0.0,0,BB,FRA,Online TA,TA/TO,0,0,0,A,B,2,No Deposit,9.0,0,Transient-Party,100.75,0,1
City Hotel,1,63,2016,April,18,25,1,4,2,0.0,0,BB,PRT,Offline TA/TO,TA/TO,0,0,0,A,A,0,No Deposit,83.0,0,Transient,87.98,0,0
City Hotel,1,10,2016,April,18,25,1,4,2,0.0,0,HB,ESP,Online TA,TA/TO,0,0,0,A,A,0,No Deposit,9.0,0,Transient,174.0,0,1
City Hotel,0,122,2016,April,18,25,1,5,2,0.0,0,BB,DEU,Online TA,TA/TO,0,0,0,A,A,0,No Deposit,7.0,0,Transient,66.53,0,1
City Hotel,1,86,2016,April,18,25,3,5,2,0.0,0,BB,BRA,Online TA,TA/TO,0,0,0,A,A,0,No Deposit,9.0,0,Transient,105.4,0,1
City Hotel,1,86,2016,April,18,25,3,5,2,0.0,0,BB,BRA,Online TA,TA/TO,0,0,0,A,A,0,No Deposit,9.0,0,Transient,105.4,0,1
City Hotel,1,84,2016,April,18,25,3,6,2,0.0,0,BB,PRT,Direct,Direct,0,0,0,E,E,0,No Deposit,,0,Transient,135.91,0,2
City Hotel,1,101,2016,April,18,26,0,1,2,0.0,0,HB,PRT,Groups,TA/TO,0,0,0,A,A,0,No Deposit,35.0,0,Transient-Party,98.0,0,0
City Hotel,1,7,2016,April,18,26,0,1,2,0.0,0,BB,PRT,Offline TA/TO,TA/TO,0,0,0,A,A,0,No Deposit,85.0,0,Transient,90.0,0,0
City Hotel,0,111,2016,April,18,26,0,1,2,0.0,0,BB,RUS,Online TA,TA/TO,0,0,0,A,A,0,No Deposit,9.0,0,Transient,96.3,0,1
City Hotel,1,101,2016,April,18,26,0,1,2,0.0,0,HB,PRT,Groups,TA/TO,0,0,0,A,A,0,No Deposit,35.0,0,Transient-Party,98.0,0,0
City Hotel,1,72,2016,April,18,26,0,3,2,0.0,0,BB,ITA,Online TA,TA/TO,0,0,0,D,D,0,No Deposit,9.0,0,Transient,109.8,0,0
City Hotel,1,65,2016,April,18,26,0,3,2,0.0,0,BB,CHE,Online TA,TA/TO,0,0,0,A,A,0,No Deposit,9.0,0,Transient,105.9,0,0
City Hotel,1,73,2016,April,18,26,0,3,2,0.0,0,BB,PRT,Offline TA/TO,TA/TO,0,0,0,A,A,0,No Deposit,83.0,0,Transient,77.04,0,0
City Hotel,1,69,2016,April,18,26,0,3,2,0.0,0,SC,CHE,Online TA,TA/TO,0,0,0,A,A,0,No Deposit,9.0,0,Transient,94.5,0,0
City Hotel,1,88,2016,April,18,26,0,4,2,0.0,0,BB,DEU,Online TA,TA/TO,0,0,0,A,A,0,No Deposit,9.0,0,Transient,98.18,0,0
City Hotel,1,100,2016,April,18,26,0,4,2,0.0,0,SC,FRA,Online TA,TA/TO,0,0,0,A,A,0,No Deposit,9.0,0,Transient,82.88,0,0
City Hotel,1,45,2016,April,18,26,0,4,2,0.0,0,BB,ITA,Online TA,TA/TO,0,0,0,A,A,0,No Deposit,9.0,0,Transient,104.98,0,0
City Hotel,0,115,2016,April,18,26,0,4,2,0.0,0,BB,PRT,Online TA,TA/TO,0,0,0,A,A,0,No Deposit,7.0,0,Transient,70.03,0,2
City Hotel,1,64,2016,April,18,26,0,4,2,0.0,0,SC,ESP,Online TA,TA/TO,0,0,0,A,A,0,No Deposit,9.0,0,Transient,94.78,0,0
City Hotel,1,61,2016,April,18,26,0,4,2,0.0,0,SC,GBR,Online TA,TA/TO,0,0,0,A,A,0,No Deposit,9.0,0,Transient,94.78,0,0
City Hotel,1,106,2016,April,18,26,2,6,2,0.0,0,SC,DEU,Online TA,TA/TO,0,0,0,A,A,0,No Deposit,9.0,0,Transient,86.06,0,0
City Hotel,1,116,2016,April,18,26,4,10,2,0.0,0,SC,BRA,Online TA,TA/TO,0,0,0,A,A,0,No Deposit,9.0,0,Transient,86.21,0,0
City Hotel,1,69,2016,April,18,27,0,2,2,0.0,0,BB,PRT,Online TA,TA/TO,0,0,0,A,A,0,No Deposit,8.0,0,Transient,105.3,0,0
City Hotel,1,69,2016,April,18,27,0,2,2,0.0,0,BB,PRT,Online TA,TA/TO,0,0,0,A,A,0,No Deposit,8.0,0,Transient,105.3,0,0
City Hotel,1,69,2016,April,18,27,0,2,2,0.0,0,BB,PRT,Online TA,TA/TO,0,0,0,A,A,0,No Deposit,8.0,0,Transient,105.3,0,0
City Hotel,1,69,2016,April,18,27,0,2,2,0.0,0,BB,PRT,Online TA,TA/TO,0,0,0,A,A,0,No Deposit,8.0,0,Transient,105.3,0,0
City Hotel,1,69,2016,April,18,27,0,2,2,0.0,0,BB,PRT,Online TA,TA/TO,0,0,0,A,A,0,No Deposit,8.0,0,Transient,105.3,0,0
City Hotel,1,100,2016,April,18,27,0,3,2,0.0,0,SC,ITA,Online TA,TA/TO,0,0,0,A,A,0,No Deposit,9.0,0,Transient,91.5,0,0
City Hotel,1,76,2016,April,18,27,0,3,2,0.0,0,BB,DEU,Online TA,TA/TO,0,0,0,A,A,0,No Deposit,9.0,0,Transient,106.5,0,1
City Hotel,1,100,2016,April,18,27,0,3,2,0.0,0,SC,ITA,Online TA,TA/TO,0,0,0,A,A,0,No Deposit,9.0,0,Transient,91.5,0,0
City Hotel,1,36,2016,April,18,27,0,3,2,0.0,0,BB,GBR,Online TA,TA/TO,0,0,0,A,A,0,No Deposit,9.0,0,Transient,113.1,0,0
City Hotel,1,15,2016,April,18,27,0,3,2,0.0,0,BB,PRT,Online TA,TA/TO,0,0,0,A,A,0,No Deposit,7.0,0,Transient,103.44,0,0
City Hotel,1,15,2016,April,18,27,0,3,2,0.0,0,BB,PRT,Online TA,TA/TO,0,0,0,A,A,0,No Deposit,7.0,0,Transient,103.44,0,2
City Hotel,1,26,2016,April,18,27,0,3,2,0.0,0,BB,TUR,Online TA,TA/TO,0,0,0,D,D,0,No Deposit,9.0,0,Transient,140.67,0,0
City Hotel,1,88,2016,April,18,27,0,4,2,0.0,0,BB,URY,Online TA,TA/TO,0,0,0,A,A,0,No Deposit,9.0,0,Transient,105.4,0,3
City Hotel,1,67,2016,April,18,27,0,4,2,0.0,0,BB,ITA,Online TA,TA/TO,0,0,0,A,A,0,No Deposit,9.0,0,Transient,110.08,0,0
City Hotel,1,59,2016,April,18,27,0,4,2,0.0,0,SC,PRT,Online TA,TA/TO,0,0,0,A,A,0,No Deposit,10.0,0,Transient,99.85,0,0
City Hotel,1,106,2016,April,18,27,0,4,2,0.0,0,SC,FRA,Online TA,TA/TO,0,0,0,A,A,0,No Deposit,9.0,0,Transient,85.0,0,0
City Hotel,1,112,2016,April,18,27,0,4,2,0.0,0,BB,ROU,Online TA,TA/TO,0,0,0,D,D,0,No Deposit,9.0,0,Transient,99.45,0,0
City Hotel,1,106,2016,April,18,27,0,4,2,0.0,0,SC,FRA,Online TA,TA/TO,0,0,0,A,A,0,No Deposit,9.0,0,Transient,85.0,0,0
City Hotel,1,59,2016,April,18,27,0,4,2,0.0,0,BB,DEU,Online TA,TA/TO,0,0,0,D,D,0,No Deposit,9.0,0,Transient,122.83,0,0
City Hotel,1,95,2016,April,18,27,0,4,2,0.0,0,BB,PRT,Online TA,TA/TO,0,0,0,D,D,0,No Deposit,7.0,0,Transient,82.07,0,1
City Hotel,1,117,2016,April,18,27,1,4,2,0.0,0,SC,ROU,Online TA,TA/TO,0,0,0,A,A,0,No Deposit,9.0,0,Transient,82.45,0,0
City Hotel,1,11,2016,April,18,27,1,4,2,0.0,0,BB,ROU,Online TA,TA/TO,0,0,0,A,A,0,No Deposit,9.0,0,Transient,135.0,0,2
City Hotel,1,104,2016,April,18,27,1,4,2,0.0,0,BB,DEU,Online TA,TA/TO,0,0,0,D,D,3,No Deposit,9.0,0,Transient,104.55,0,0
City Hotel,1,160,2016,April,18,27,2,4,2,0.0,0,BB,PRT,Offline TA/TO,TA/TO,0,0,0,A,A,0,Non Refund,147.0,71,Transient,90.0,0,0
City Hotel,1,160,2016,April,18,27,2,4,2,0.0,0,BB,PRT,Offline TA/TO,TA/TO,0,0,0,A,A,0,Non Refund,147.0,71,Transient,90.0,0,0
City Hotel,1,160,2016,April,18,27,2,4,2,0.0,0,BB,PRT,Offline TA/TO,TA/TO,0,0,0,A,A,0,Non Refund,147.0,71,Transient,90.0,0,0
City Hotel,1,160,2016,April,18,27,2,4,2,0.0,0,BB,PRT,Offline TA/TO,TA/TO,0,0,0,A,A,0,Non Refund,147.0,71,Transient,90.0,0,0
City Hotel,1,160,2016,April,18,27,2,4,2,0.0,0,BB,PRT,Offline TA/TO,TA/TO,0,0,0,A,A,0,Non Refund,147.0,71,Transient,90.0,0,0
City Hotel,1,96,2016,April,18,27,2,4,2,0.0,0,BB,AUT,Online TA,TA/TO,0,0,0,A,A,0,No Deposit,9.0,0,Transient,99.45,0,0
City Hotel,1,160,2016,April,18,27,2,4,2,0.0,0,BB,PRT,Offline TA/TO,TA/TO,0,0,0,A,A,0,Non Refund,147.0,71,Transient,90.0,0,0
City Hotel,1,160,2016,April,18,27,2,4,2,0.0,0,BB,PRT,Offline TA/TO,TA/TO,0,0,0,A,A,0,Non Refund,147.0,71,Transient,90.0,0,0
City Hotel,1,174,2016,April,18,27,1,4,2,0.0,0,BB,PRT,Online TA,TA/TO,0,0,0,A,A,2,No Deposit,8.0,0,Transient,92.65,0,0
City Hotel,1,129,2016,April,18,27,2,5,2,0.0,0,SC,RUS,Direct,Direct,0,0,0,A,A,0,No Deposit,14.0,0,Transient,92.89,0,0
City Hotel,1,106,2016,April,18,27,2,9,2,0.0,0,BB,BRA,Online TA,TA/TO,0,0,0,A,A,0,No Deposit,9.0,0,Transient,102.39,0,0
City Hotel,1,21,2016,April,18,28,0,1,2,0.0,0,BB,PRT,Offline TA/TO,TA/TO,0,0,0,A,A,0,No Deposit,85.0,0,Transient,95.0,0,0
City Hotel,1,13,2016,April,18,28,0,1,2,0.0,0,HB,ESP,Online TA,TA/TO,0,0,0,A,A,0,No Deposit,9.0,0,Transient,169.0,0,0
City Hotel,1,21,2016,April,18,28,0,1,2,0.0,0,BB,PRT,Offline TA/TO,TA/TO,0,0,0,A,A,0,No Deposit,85.0,0,Transient,95.0,0,0
City Hotel,1,13,2016,April,18,28,0,1,2,0.0,0,HB,ESP,Online TA,TA/TO,0,0,0,A,A,0,No Deposit,9.0,0,Transient,169.0,0,0
City Hotel,0,148,2016,April,18,28,0,1,2,0.0,0,BB,ROU,Online TA,TA/TO,0,0,0,A,A,0,No Deposit,9.0,0,Transient,105.3,1,0
City Hotel,1,295,2016,April,18,28,0,2,2,0.0,0,BB,PRT,Groups,TA/TO,0,0,0,A,A,0,Non Refund,1.0,0,Transient,62.0,0,0
City Hotel,1,295,2016,April,18,28,0,2,2,0.0,0,BB,PRT,Groups,TA/TO,0,0,0,A,A,0,Non Refund,1.0,0,Transient,62.0,0,0
City Hotel,1,295,2016,April,18,28,0,2,2,0.0,0,BB,PRT,Groups,TA/TO,0,0,0,A,A,0,Non Refund,1.0,0,Transient,62.0,0,0
City Hotel,1,295,2016,April,18,28,0,2,2,0.0,0,BB,PRT,Groups,TA/TO,0,0,0,A,A,0,Non Refund,1.0,0,Transient,62.0,0,0
City Hotel,1,295,2016,April,18,28,0,2,2,0.0,0,BB,PRT,Groups,TA/TO,0,0,0,A,A,0,Non Refund,1.0,0,Transient,62.0,0,0
City Hotel,1,295,2016,April,18,28,0,2,2,0.0,0,BB,PRT,Groups,TA/TO,0,0,0,A,A,0,Non Refund,1.0,0,Transient,62.0,0,0
City Hotel,1,295,2016,April,18,28,0,2,2,0.0,0,BB,PRT,Groups,TA/TO,0,0,0,A,A,0,Non Refund,1.0,0,Transient,62.0,0,0
City Hotel,1,295,2016,April,18,28,0,2,2,0.0,0,BB,PRT,Groups,TA/TO,0,0,0,A,A,0,Non Refund,1.0,0,Transient,62.0,0,0
City Hotel,1,295,2016,April,18,28,0,2,2,0.0,0,BB,PRT,Groups,TA/TO,0,0,0,A,A,0,Non Refund,1.0,0,Transient,62.0,0,0
City Hotel,1,295,2016,April,18,28,0,2,2,0.0,0,BB,PRT,Groups,TA/TO,0,0,0,A,A,0,Non Refund,1.0,0,Transient,62.0,0,0
City Hotel,1,295,2016,April,18,28,0,2,2,0.0,0,BB,PRT,Groups,TA/TO,0,0,0,A,A,0,Non Refund,1.0,0,Transient,62.0,0,0
City Hotel,1,295,2016,April,18,28,0,2,2,0.0,0,BB,PRT,Groups,TA/TO,0,0,0,A,A,0,Non Refund,1.0,0,Transient,62.0,0,0
City Hotel,1,295,2016,April,18,28,0,2,2,0.0,0,BB,PRT,Groups,TA/TO,0,0,0,A,A,0,Non Refund,1.0,0,Transient,62.0,0,0
City Hotel,1,295,2016,April,18,28,0,2,2,0.0,0,BB,PRT,Groups,TA/TO,0,0,0,A,A,0,Non Refund,1.0,0,Transient,62.0,0,0
City Hotel,1,295,2016,April,18,28,0,2,2,0.0,0,BB,PRT,Groups,TA/TO,0,0,0,A,A,0,Non Refund,1.0,0,Transient,62.0,0,0
City Hotel,1,295,2016,April,18,28,0,2,2,0.0,0,BB,PRT,Groups,TA/TO,0,0,0,A,A,0,Non Refund,1.0,0,Transient,62.0,0,0
City Hotel,1,295,2016,April,18,28,0,2,2,0.0,0,BB,PRT,Groups,TA/TO,0,0,0,A,A,0,Non Refund,1.0,0,Transient,62.0,0,0
City Hotel,1,295,2016,April,18,28,0,2,2,0.0,0,BB,PRT,Groups,TA/TO,0,0,0,A,A,0,Non Refund,1.0,0,Transient,62.0,0,0
City Hotel,1,295,2016,April,18,28,0,2,2,0.0,0,BB,PRT,Groups,TA/TO,0,0,0,A,A,0,Non Refund,1.0,0,Transient,62.0,0,0
City Hotel,1,90,2016,April,18,28,0,2,2,0.0,0,BB,ITA,Online TA,TA/TO,0,0,0,A,B,1,No Deposit,9.0,0,Transient,127.8,0,1
City Hotel,1,295,2016,April,18,28,0,2,2,0.0,0,BB,PRT,Groups,TA/TO,0,0,0,A,A,0,Non Refund,1.0,0,Transient,62.0,0,0
City Hotel,1,295,2016,April,18,28,0,2,2,0.0,0,BB,PRT,Groups,TA/TO,0,0,0,A,A,0,Non Refund,1.0,0,Transient,62.0,0,0
City Hotel,1,295,2016,April,18,28,0,2,2,0.0,0,BB,PRT,Groups,TA/TO,0,0,0,A,A,0,Non Refund,1.0,0,Transient,62.0,0,0
City Hotel,1,295,2016,April,18,28,0,2,2,0.0,0,BB,PRT,Groups,TA/TO,0,0,0,A,A,0,Non Refund,1.0,0,Transient,62.0,0,0
City Hotel,1,295,2016,April,18,28,0,2,2,0.0,0,BB,PRT,Groups,TA/TO,0,0,0,A,A,0,Non Refund,1.0,0,Transient,62.0,0,0
City Hotel,1,24,2016,April,18,28,0,2,2,0.0,0,BB,ITA,Online TA,TA/TO,0,0,0,D,E,0,No Deposit,9.0,0,Transient,144.5,0,0
City Hotel,1,295,2016,April,18,28,0,2,2,0.0,0,BB,PRT,Groups,TA/TO,0,0,0,A,A,0,Non Refund,1.0,0,Transient,62.0,0,0
City Hotel,1,295,2016,April,18,28,0,2,2,0.0,0,BB,PRT,Groups,TA/TO,0,0,0,A,A,0,Non Refund,1.0,0,Transient,62.0,0,0
City Hotel,1,295,2016,April,18,28,0,2,2,0.0,0,BB,PRT,Groups,TA/TO,0,0,0,A,A,0,Non Refund,1.0,0,Transient,62.0,0,0
City Hotel,1,295,2016,April,18,28,0,2,2,0.0,0,BB,PRT,Groups,TA/TO,0,0,0,A,A,0,Non Refund,1.0,0,Transient,62.0,0,0
City Hotel,1,295,2016,April,18,28,0,2,2,0.0,0,BB,PRT,Groups,TA/TO,0,0,0,A,A,0,Non Refund,1.0,0,Transient,62.0,0,0
City Hotel,1,295,2016,April,18,28,0,2,2,0.0,0,BB,PRT,Groups,TA/TO,0,0,0,A,A,0,Non Refund,1.0,0,Transient,62.0,0,0
City Hotel,1,58,2016,April,18,28,0,3,2,0.0,0,BB,FRA,Online TA,TA/TO,0,0,0,A,A,0,No Deposit,9.0,0,Transient,120.0,0,0
City Hotel,1,104,2016,April,18,28,0,3,2,0.0,0,BB,NOR,Online TA,TA/TO,0,0,0,A,A,0,No Deposit,9.0,0,Transient,102.3,0,0
City Hotel,1,76,2016,April,18,28,0,3,2,0.0,0,BB,BRA,Online TA,TA/TO,0,0,0,A,A,0,No Deposit,9.0,0,Transient,116.7,0,0
City Hotel,1,13,2016,April,18,28,0,3,2,0.0,0,BB,GBR,Online TA,TA/TO,0,0,0,A,A,0,No Deposit,9.0,0,Transient,137.67,0,1
City Hotel,1,85,2016,April,18,28,1,3,2,0.0,0,SC,BEL,Online TA,TA/TO,0,0,0,A,A,0,No Deposit,9.0,0,Transient,102.43,0,0
City Hotel,1,116,2016,April,18,28,1,3,2,0.0,0,BB,BEL,Online TA,TA/TO,0,0,0,D,D,0,No Deposit,9.0,0,Transient,101.58,0,1
City Hotel,1,127,2016,April,18,28,1,3,2,0.0,0,BB,PRT,Offline TA/TO,TA/TO,0,0,0,A,A,0,No Deposit,3.0,0,Transient-Party,90.0,0,0
City Hotel,1,104,2016,April,18,28,1,3,2,0.0,0,BB,LUX,Online TA,TA/TO,0,0,0,A,A,0,No Deposit,9.0,0,Transient,97.33,0,0
City Hotel,1,85,2016,April,18,28,1,3,2,0.0,0,SC,BEL,Online TA,TA/TO,0,0,0,A,A,0,No Deposit,9.0,0,Transient,102.43,0,0
City Hotel,1,51,2016,April,18,28,2,3,2,0.0,0,BB,GRC,Online TA,TA/TO,0,0,0,B,B,0,No Deposit,9.0,0,Transient-Party,116.1,0,0
City Hotel,1,51,2016,April,18,28,2,3,2,0.0,0,BB,GRC,Online TA,TA/TO,0,0,0,B,B,1,No Deposit,9.0,0,Transient-Party,116.1,0,0
City Hotel,1,59,2016,April,18,28,2,3,2,0.0,0,BB,IRL,Online TA,TA/TO,0,0,0,D,D,0,No Deposit,9.0,0,Transient,128.69,0,0
City Hotel,0,136,2016,April,18,28,2,3,2,0.0,0,BB,FRA,Online TA,TA/TO,0,0,0,D,D,0,No Deposit,9.0,0,Transient,102.85,0,0
City Hotel,1,119,2016,April,18,28,2,4,2,0.0,0,BB,PRT,Online TA,TA/TO,0,0,0,D,D,0,No Deposit,8.0,0,Transient,103.7,0,0
City Hotel,0,116,2016,April,18,28,2,5,2,0.0,0,BB,SWE,Online TA,TA/TO,0,0,0,A,A,0,No Deposit,7.0,0,Transient,73.77,0,1
City Hotel,1,443,2016,April,18,29,0,1,2,0.0,0,BB,PRT,Offline TA/TO,TA/TO,0,0,0,A,A,0,Non Refund,3.0,0,Transient,65.0,0,0
City Hotel,1,443,2016,April,18,29,0,1,2,0.0,0,BB,PRT,Offline TA/TO,TA/TO,0,0,0,A,A,0,Non Refund,3.0,0,Transient,65.0,0,0
City Hotel,1,443,2016,April,18,29,0,1,2,0.0,0,BB,PRT,Offline TA/TO,TA/TO,0,0,0,A,A,0,Non Refund,3.0,0,Transient,65.0,0,0
City Hotel,1,443,2016,April,18,29,0,1,2,0.0,0,BB,PRT,Offline TA/TO,TA/TO,0,0,0,A,A,0,Non Refund,3.0,0,Transient,65.0,0,0
City Hotel,1,443,2016,April,18,29,0,1,2,0.0,0,BB,PRT,Offline TA/TO,TA/TO,0,0,0,A,A,0,Non Refund,3.0,0,Transient,65.0,0,0
City Hotel,1,443,2016,April,18,29,0,1,2,0.0,0,BB,PRT,Offline TA/TO,TA/TO,0,0,0,A,A,0,Non Refund,3.0,0,Transient,65.0,0,0
City Hotel,1,443,2016,April,18,29,0,1,2,0.0,0,BB,PRT,Offline TA/TO,TA/TO,0,0,0,A,A,0,Non Refund,3.0,0,Transient,65.0,0,0
City Hotel,1,443,2016,April,18,29,0,1,2,0.0,0,BB,PRT,Offline TA/TO,TA/TO,0,0,0,A,A,0,Non Refund,3.0,0,Transient,65.0,0,0
City Hotel,1,443,2016,April,18,29,0,1,2,0.0,0,BB,PRT,Offline TA/TO,TA/TO,0,0,0,A,A,0,Non Refund,3.0,0,Transient,65.0,0,0
City Hotel,1,443,2016,April,18,29,0,1,2,0.0,0,BB,PRT,Offline TA/TO,TA/TO,0,0,0,A,A,0,Non Refund,3.0,0,Transient,65.0,0,0
City Hotel,1,443,2016,April,18,29,0,1,2,0.0,0,BB,PRT,Offline TA/TO,TA/TO,0,0,0,A,A,0,Non Refund,3.0,0,Transient,65.0,0,0
City Hotel,1,443,2016,April,18,29,0,1,2,0.0,0,BB,PRT,Offline TA/TO,TA/TO,0,0,0,A,A,0,Non Refund,3.0,0,Transient,65.0,0,0
City Hotel,1,443,2016,April,18,29,0,1,2,0.0,0,BB,PRT,Offline TA/TO,TA/TO,0,0,0,A,A,0,Non Refund,3.0,0,Transient,65.0,0,0
City Hotel,1,443,2016,April,18,29,0,1,2,0.0,0,BB,PRT,Offline TA/TO,TA/TO,0,0,0,A,A,0,Non Refund,3.0,0,Transient,65.0,0,0
City Hotel,1,443,2016,April,18,29,0,1,2,0.0,0,BB,PRT,Offline TA/TO,TA/TO,0,0,0,A,A,0,Non Refund,3.0,0,Transient,65.0,0,0
City Hotel,1,443,2016,April,18,29,0,1,2,0.0,0,BB,PRT,Offline TA/TO,TA/TO,0,0,0,A,A,0,Non Refund,3.0,0,Transient,65.0,0,0
City Hotel,1,443,2016,April,18,29,0,1,2,0.0,0,BB,PRT,Offline TA/TO,TA/TO,0,0,0,A,A,0,Non Refund,3.0,0,Transient,65.0,0,0
City Hotel,1,443,2016,April,18,29,0,1,2,0.0,0,BB,PRT,Offline TA/TO,TA/TO,0,0,0,A,A,0,Non Refund,3.0,0,Transient,65.0,0,0
City Hotel,1,443,2016,April,18,29,0,1,2,0.0,0,BB,PRT,Offline TA/TO,TA/TO,0,0,0,A,A,0,Non Refund,3.0,0,Transient,65.0,0,0
City Hotel,1,443,2016,April,18,29,0,1,2,0.0,0,BB,PRT,Offline TA/TO,TA/TO,0,0,0,A,A,0,Non Refund,3.0,0,Transient,65.0,0,0
City Hotel,0,134,2016,April,18,29,0,2,2,0.0,0,BB,DEU,Online TA,TA/TO,0,0,0,A,A,0,No Deposit,9.0,0,Transient,96.3,0,0
City Hotel,1,142,2016,April,18,29,0,2,2,0.0,0,BB,PRT,Groups,TA/TO,0,0,0,A,A,0,No Deposit,1.0,0,Transient-Party,65.0,0,0
City Hotel,1,117,2016,April,18,29,0,2,2,0.0,0,BB,PRT,Online TA,TA/TO,0,0,0,A,A,0,No Deposit,11.0,0,Transient,72.67,0,0
City Hotel,1,117,2016,April,18,29,0,2,2,0.0,0,BB,PRT,Online TA,TA/TO,0,0,0,E,E,0,No Deposit,11.0,0,Transient,99.85,0,0
City Hotel,1,117,2016,April,18,29,0,2,2,0.0,0,BB,PRT,Online TA,TA/TO,0,0,0,E,E,0,No Deposit,11.0,0,Transient,105.84,0,0
City Hotel,1,124,2016,April,18,29,0,2,2,0.0,0,BB,ITA,Online TA,TA/TO,0,0,0,A,A,0,No Deposit,9.0,0,Transient,96.3,0,0
City Hotel,0,134,2016,April,18,29,0,2,2,0.0,0,BB,DEU,Online TA,TA/TO,0,0,0,A,A,0,No Deposit,9.0,0,Transient,96.3,0,2
City Hotel,0,119,2016,April,18,29,1,2,2,0.0,0,BB,DEU,Online TA,TA/TO,0,0,0,A,B,1,No Deposit,9.0,0,Transient,99.3,0,0
City Hotel,1,199,2016,April,18,29,1,2,2,0.0,0,BB,PRT,Online TA,TA/TO,0,0,0,A,A,0,No Deposit,9.0,0,Contract,106.2,0,1
City Hotel,1,11,2016,April,18,29,1,2,2,0.0,0,SC,ESP,Online TA,TA/TO,0,0,0,A,A,0,No Deposit,9.0,0,Transient,122.33,0,0
City Hotel,1,15,2016,April,18,29,1,2,2,0.0,0,SC,GBR,Online TA,TA/TO,0,0,0,A,A,0,No Deposit,9.0,0,Transient,125.67,0,0
City Hotel,1,12,2016,April,18,29,1,2,2,0.0,0,SC,NLD,Online TA,TA/TO,0,0,0,A,A,3,No Deposit,9.0,0,Transient,122.33,0,0
City Hotel,1,123,2016,April,18,29,1,2,2,0.0,0,BB,ESP,Online TA,TA/TO,0,0,0,A,A,0,No Deposit,9.0,0,Transient,108.3,0,0
City Hotel,1,8,2016,April,18,29,1,2,2,0.0,0,BB,PRT,Offline TA/TO,TA/TO,0,0,0,A,A,0,No Deposit,138.0,0,Transient,95.0,0,1
City Hotel,1,64,2016,April,18,29,1,2,2,0.0,0,BB,LUX,Online TA,TA/TO,0,0,0,A,B,1,No Deposit,9.0,0,Transient,126.9,0,1
City Hotel,1,29,2016,April,18,29,1,2,2,0.0,0,BB,GBR,Online TA,TA/TO,0,0,0,D,D,0,No Deposit,9.0,0,Transient,145.6,0,0
City Hotel,1,118,2016,April,18,29,1,2,2,0.0,0,BB,BEL,Online TA,TA/TO,0,0,0,A,A,0,No Deposit,9.0,0,Transient,99.3,0,1
City Hotel,1,64,2016,April,18,29,1,2,2,0.0,0,BB,LUX,Online TA,TA/TO,0,0,0,A,B,1,No Deposit,9.0,0,Transient,126.9,0,1
City Hotel,1,96,2016,April,18,29,1,2,2,0.0,0,BB,GBR,Online TA,TA/TO,0,0,0,A,A,0,No Deposit,9.0,0,Transient,126.9,0,1
City Hotel,0,133,2016,April,18,29,1,2,2,0.0,0,BB,DEU,Online TA,TA/TO,0,0,0,A,A,0,No Deposit,9.0,0,Transient,99.3,0,1
City Hotel,0,119,2016,April,18,29,1,2,2,0.0,0,BB,DEU,Online TA,TA/TO,0,0,0,A,B,1,No Deposit,9.0,0,Transient-Party,99.3,0,1
City Hotel,0,119,2016,April,18,29,1,2,2,0.0,0,BB,PRT,Online TA,TA/TO,0,0,0,A,B,1,No Deposit,9.0,0,Transient,99.3,0,0
City Hotel,1,12,2016,April,18,29,1,2,2,0.0,0,SC,NLD,Online TA,TA/TO,0,0,0,A,A,2,No Deposit,9.0,0,Transient,122.33,0,0
City Hotel,1,133,2016,April,18,29,1,2,2,0.0,0,SC,DEU,Online TA,TA/TO,0,0,0,A,A,0,No Deposit,9.0,0,Transient,88.5,0,0
City Hotel,0,119,2016,April,18,29,1,2,2,0.0,0,BB,DEU,Online TA,TA/TO,0,0,0,A,B,1,No Deposit,9.0,0,Transient-Party,99.3,0,1
City Hotel,1,122,2016,April,18,29,2,2,2,0.0,0,BB,ITA,Online TA,TA/TO,0,0,0,A,A,0,No Deposit,9.0,0,Transient,95.2,0,0
City Hotel,1,14,2016,April,18,29,2,2,2,0.0,0,BB,ESP,Online TA,TA/TO,0,0,0,A,A,0,No Deposit,9.0,0,Transient,147.5,0,0
City Hotel,0,117,2016,April,18,29,2,2,2,0.0,0,BB,BGR,Online TA,TA/TO,0,0,0,A,A,0,No Deposit,9.0,0,Transient,95.2,0,1
City Hotel,1,37,2016,April,18,29,2,2,2,0.0,0,BB,USA,Online TA,TA/TO,0,0,0,A,A,0,No Deposit,9.0,0,Transient,126.9,0,0
City Hotel,1,115,2016,April,18,29,2,3,2,0.0,0,BB,POL,Online TA,TA/TO,0,0,0,D,D,1,No Deposit,9.0,0,Transient,104.55,0,1
City Hotel,1,115,2016,April,18,29,2,3,2,0.0,0,BB,POL,Online TA,TA/TO,0,0,0,D,D,1,No Deposit,9.0,0,Transient,104.55,0,1
City Hotel,1,88,2016,April,18,29,2,3,2,0.0,0,BB,BRA,Online TA,TA/TO,0,0,0,A,A,0,No Deposit,9.0,0,Transient,119.85,0,1
City Hotel,1,115,2016,April,18,29,2,3,2,0.0,0,BB,POL,Online TA,TA/TO,0,0,0,D,D,1,No Deposit,9.0,0,Transient,104.55,0,1
City Hotel,1,28,2016,April,18,29,2,4,2,0.0,0,BB,SWE,Online TA,TA/TO,0,0,0,A,A,0,No Deposit,9.0,0,Transient,131.6,0,0
City Hotel,0,145,2016,April,18,29,2,4,2,0.0,0,BB,NLD,Online TA,TA/TO,0,0,0,A,A,1,No Deposit,11.0,0,Transient,69.56,0,0
City Hotel,0,148,2016,April,18,29,2,7,2,0.0,0,BB,FRA,Online TA,TA/TO,0,0,0,A,A,0,No Deposit,7.0,0,Transient,71.37,0,0
City Hotel,1,19,2016,April,18,30,0,1,2,0.0,0,BB,DEU,Online TA,TA/TO,0,0,0,D,D,0,No Deposit,9.0,0,Transient,156.0,0,0
City Hotel,1,152,2016,April,18,30,0,1,2,0.0,0,BB,PRT,Online TA,TA/TO,0,0,0,A,A,0,No Deposit,9.0,0,Contract,107.0,0,1
City Hotel,1,43,2016,April,18,30,0,1,2,0.0,0,BB,PRT,Online TA,TA/TO,0,0,0,A,A,0,No Deposit,9.0,0,Transient,126.9,0,0
City Hotel,1,184,2016,April,18,30,0,1,2,0.0,0,BB,PRT,Online TA,TA/TO,0,0,0,A,A,0,No Deposit,9.0,0,Transient,118.0,0,1
City Hotel,1,62,2016,April,18,30,1,1,2,0.0,0,BB,ESP,Online TA,TA/TO,0,0,0,D,D,0,No Deposit,9.0,0,Transient,140.4,0,0
City Hotel,1,62,2016,April,18,30,1,1,2,0.0,0,BB,ESP,Online TA,TA/TO,0,0,0,D,D,0,No Deposit,9.0,0,Transient,140.4,0,0
City Hotel,1,69,2016,April,18,30,1,1,2,0.0,0,BB,JPN,Online TA,TA/TO,0,0,0,D,D,0,No Deposit,9.0,0,Transient,140.4,0,0
City Hotel,1,123,2016,April,18,30,1,1,2,0.0,0,BB,ESP,Online TA,TA/TO,0,0,0,A,A,0,No Deposit,9.0,0,Transient,100.8,0,1
City Hotel,0,121,2016,April,18,30,2,1,2,0.0,0,SC,FRA,Online TA,TA/TO,0,0,0,A,A,0,No Deposit,9.0,0,Transient,91.5,0,0
City Hotel,1,89,2016,April,18,30,2,1,2,0.0,0,BB,CHE,Online TA,TA/TO,0,0,0,D,D,0,No Deposit,9.0,0,Transient,159.3,0,1
City Hotel,1,194,2016,April,18,30,2,1,2,0.0,0,BB,PRT,Online TA,TA/TO,0,0,0,A,A,0,No Deposit,9.0,0,Contract,106.2,0,1
City Hotel,1,79,2016,April,18,30,2,1,2,0.0,0,BB,DEU,Online TA,TA/TO,0,0,0,A,A,0,No Deposit,9.0,0,Transient,126.9,0,0
City Hotel,1,110,2016,April,18,30,2,2,2,0.0,0,SC,ITA,Online TA,TA/TO,0,0,0,A,A,0,No Deposit,9.0,0,Transient,89.25,0,0
City Hotel,1,120,2016,April,18,30,2,2,2,0.0,0,SC,GBR,Online TA,TA/TO,0,0,0,A,A,0,No Deposit,9.0,0,Transient,87.13,0,0
City Hotel,0,118,2016,April,18,30,2,3,2,0.0,0,BB,BEL,Online TA,TA/TO,0,0,0,A,A,0,No Deposit,9.0,0,Transient-Party,97.75,0,1
City Hotel,0,118,2016,April,18,30,2,3,2,0.0,0,BB,BEL,Online TA,TA/TO,0,0,0,A,A,0,No Deposit,9.0,0,Transient-Party,97.75,0,1
City Hotel,1,87,2016,April,18,30,2,3,2,0.0,0,SC,BGR,Online TA,TA/TO,0,0,0,A,A,0,No Deposit,9.0,0,Transient,109.65,0,0
City Hotel,0,123,2016,April,18,30,2,5,2,0.0,0,BB,FIN,Online TA,TA/TO,0,0,0,A,A,0,No Deposit,11.0,0,Transient,70.73,0,0
City Hotel,1,114,2016,April,18,30,2,5,2,0.0,0,BB,FRA,Online TA,TA/TO,0,0,0,D,D,0,No Deposit,9.0,0,Transient,106.74,0,1
City Hotel,0,123,2016,April,18,30,2,5,2,0.0,0,BB,FIN,Online TA,TA/TO,0,0,0,A,A,0,No Deposit,11.0,0,Transient,70.73,0,1
City Hotel,0,139,2016,April,18,30,2,5,2,0.0,0,BB,FIN,Online TA,TA/TO,0,0,0,E,E,0,No Deposit,11.0,0,Transient,104.21,0,0
City Hotel,1,120,2016,May,19,1,2,0,2,0.0,0,BB,GBR,Online TA,TA/TO,0,0,0,A,A,0,No Deposit,9.0,0,Transient,105.3,0,1
City Hotel,1,103,2016,May,19,1,2,0,2,0.0,0,BB,ESP,Online TA,TA/TO,0,0,0,A,A,0,No Deposit,9.0,0,Transient,114.3,0,1
City Hotel,1,22,2016,May,19,1,2,1,2,0.0,0,BB,DEU,Online TA,TA/TO,0,0,0,A,A,0,No Deposit,9.0,0,Transient,137.67,0,0
City Hotel,1,72,2016,May,19,1,2,1,2,0.0,0,BB,GBR,Online TA,TA/TO,0,0,0,D,D,0,No Deposit,9.0,0,Transient,140.4,0,1
City Hotel,1,34,2016,May,19,1,2,1,2,0.0,0,BB,SAU,Online TA,TA/TO,0,0,0,A,A,0,No Deposit,9.0,0,Transient,126.9,0,0
City Hotel,1,71,2016,May,19,1,2,2,2,0.0,0,BB,GBR,Online TA,TA/TO,0,0,0,D,D,0,No Deposit,9.0,0,Transient,132.6,0,0
City Hotel,1,71,2016,May,19,1,2,2,2,0.0,0,BB,GBR,Online TA,TA/TO,0,0,0,D,D,0,No Deposit,9.0,0,Transient,132.6,0,0
City Hotel,1,71,2016,May,19,1,2,2,2,0.0,0,BB,ESP,Online TA,TA/TO,0,0,0,D,D,3,No Deposit,9.0,0,Transient,132.6,0,0
City Hotel,1,71,2016,May,19,1,2,2,2,0.0,0,BB,GBR,Online TA,TA/TO,0,0,0,D,D,0,No Deposit,9.0,0,Transient,132.6,0,0
City Hotel,1,83,2016,May,19,1,2,2,2,0.0,0,BB,PRT,Offline TA/TO,TA/TO,0,0,0,A,D,0,No Deposit,28.0,0,Transient-Party,75.0,0,1
City Hotel,1,99,2016,May,19,1,2,2,2,0.0,0,SC,CHE,Online TA,TA/TO,0,0,0,A,A,0,No Deposit,9.0,0,Transient,89.25,0,0
City Hotel,0,130,2016,May,19,1,2,2,2,0.0,0,BB,GBR,Online TA,TA/TO,0,0,0,A,A,0,No Deposit,11.0,0,Transient,71.6,0,3
City Hotel,0,118,2016,May,19,1,2,3,2,0.0,0,BB,FRA,Online TA,TA/TO,0,0,0,D,D,0,No Deposit,9.0,0,Transient-Party,107.95,0,0
City Hotel,0,118,2016,May,19,1,2,3,2,0.0,0,BB,FRA,Online TA,TA/TO,0,0,0,D,D,0,No Deposit,9.0,0,Transient-Party,107.95,0,0
City Hotel,1,97,2016,May,19,1,2,4,2,0.0,0,SC,PRT,Online TA,TA/TO,0,0,0,A,A,0,No Deposit,7.0,0,Transient,84.43,0,0
City Hotel,1,93,2016,May,19,2,1,0,2,0.0,0,BB,DEU,Online TA,TA/TO,0,0,0,A,A,0,No Deposit,9.0,0,Transient,126.9,0,0
City Hotel,1,3,2016,May,19,2,1,0,2,0.0,0,BB,PRT,Complementary,Direct,0,0,0,A,A,0,No Deposit,,0,Transient,0.0,0,0
City Hotel,0,121,2016,May,19,2,1,0,2,0.0,0,SC,FIN,Online TA,TA/TO,0,0,0,A,A,6,No Deposit,9.0,0,Transient,129.0,0,1
City Hotel,1,93,2016,May,19,2,1,0,2,0.0,0,SC,DEU,Online TA,TA/TO,0,0,0,A,A,0,No Deposit,9.0,0,Transient,116.1,0,0
City Hotel,0,120,2016,May,19,2,1,1,2,0.0,0,SC,ITA,Online TA,TA/TO,0,0,0,A,A,0,No Deposit,9.0,0,Transient-Party,103.5,1,1
City Hotel,0,120,2016,May,19,2,1,1,2,0.0,0,SC,FRA,Online TA,TA/TO,0,0,0,A,A,0,No Deposit,9.0,0,Transient-Party,94.5,0,1
City Hotel,1,33,2016,May,19,2,1,1,2,0.0,0,BB,PRT,Online TA,TA/TO,0,0,0,A,A,0,No Deposit,9.0,0,Transient,126.9,0,0
City Hotel,1,437,2016,May,19,2,1,2,2,0.0,0,BB,PRT,Groups,TA/TO,0,0,0,A,A,0,Non Refund,1.0,0,Transient,60.0,0,0
City Hotel,1,437,2016,May,19,2,1,2,2,0.0,0,BB,PRT,Groups,TA/TO,0,0,0,A,A,0,Non Refund,1.0,0,Transient,60.0,0,0
City Hotel,1,437,2016,May,19,2,1,2,2,0.0,0,BB,PRT,Groups,TA/TO,0,0,0,A,A,0,Non Refund,1.0,0,Transient,60.0,0,0
City Hotel,1,437,2016,May,19,2,1,2,2,0.0,0,BB,PRT,Groups,TA/TO,0,0,0,A,A,0,Non Refund,1.0,0,Transient,60.0,0,0
City Hotel,1,437,2016,May,19,2,1,2,2,0.0,0,BB,PRT,Groups,TA/TO,0,0,0,A,A,0,Non Refund,1.0,0,Transient,60.0,0,0
City Hotel,1,437,2016,May,19,2,1,2,2,0.0,0,BB,PRT,Groups,TA/TO,0,0,0,A,A,0,Non Refund,1.0,0,Transient,60.0,0,0
City Hotel,1,437,2016,May,19,2,1,2,2,0.0,0,BB,PRT,Groups,TA/TO,0,0,0,A,A,0,Non Refund,1.0,0,Transient,60.0,0,0
City Hotel,1,437,2016,May,19,2,1,2,2,0.0,0,BB,PRT,Groups,TA/TO,0,0,0,A,A,0,Non Refund,1.0,0,Transient,60.0,0,0
City Hotel,1,56,2016,May,19,2,1,2,2,0.0,0,BB,DEU,Online TA,TA/TO,0,0,0,D,D,0,No Deposit,9.0,0,Transient,140.4,0,0
City Hotel,1,437,2016,May,19,2,1,2,2,0.0,0,BB,PRT,Groups,TA/TO,0,0,0,A,A,0,Non Refund,1.0,0,Transient,60.0,0,0
City Hotel,1,437,2016,May,19,2,1,2,2,0.0,0,BB,PRT,Groups,TA/TO,0,0,0,A,A,0,Non Refund,1.0,0,Transient,60.0,0,0
City Hotel,1,75,2016,May,19,2,1,2,2,0.0,0,BB,ISR,Online TA,TA/TO,0,0,0,D,D,0,No Deposit,9.0,0,Transient,140.4,0,1
City Hotel,1,437,2016,May,19,2,1,2,2,0.0,0,BB,PRT,Groups,TA/TO,0,0,0,A,A,0,Non Refund,1.0,0,Transient,60.0,0,0
City Hotel,1,437,2016,May,19,2,1,2,2,0.0,0,BB,PRT,Groups,TA/TO,0,0,0,A,A,0,Non Refund,1.0,0,Transient,60.0,0,0
City Hotel,1,437,2016,May,19,2,1,2,2,0.0,0,BB,PRT,Groups,TA/TO,0,0,0,A,A,0,Non Refund,1.0,0,Transient,60.0,0,0
City Hotel,1,437,2016,May,19,2,1,2,2,0.0,0,BB,PRT,Groups,TA/TO,0,0,0,A,A,0,Non Refund,1.0,0,Transient,60.0,0,0
City Hotel,1,437,2016,May,19,2,1,2,2,0.0,0,BB,PRT,Groups,TA/TO,0,0,0,A,A,0,Non Refund,1.0,0,Transient,60.0,0,0
City Hotel,1,437,2016,May,19,2,1,2,2,0.0,0,BB,PRT,Groups,TA/TO,0,0,0,A,A,0,Non Refund,1.0,0,Transient,60.0,0,0
City Hotel,1,437,2016,May,19,2,1,2,2,0.0,0,BB,PRT,Groups,TA/TO,0,0,0,A,A,0,Non Refund,1.0,0,Transient,60.0,0,0
City Hotel,1,437,2016,May,19,2,1,2,2,0.0,0,BB,PRT,Groups,TA/TO,0,0,0,A,A,0,Non Refund,1.0,0,Transient,60.0,0,0
City Hotel,1,88,2016,May,19,2,1,2,2,0.0,0,SC,ITA,Online TA,TA/TO,0,0,0,A,B,1,No Deposit,9.0,0,Transient,116.1,0,0
City Hotel,1,437,2016,May,19,2,1,2,2,0.0,0,BB,PRT,Groups,TA/TO,0,0,0,A,A,0,Non Refund,1.0,0,Transient,60.0,0,0
City Hotel,1,437,2016,May,19,2,1,2,2,0.0,0,BB,PRT,Groups,TA/TO,0,0,0,A,A,0,Non Refund,1.0,0,Transient,60.0,0,0
City Hotel,1,437,2016,May,19,2,1,2,2,0.0,0,BB,PRT,Groups,TA/TO,0,0,0,A,A,0,Non Refund,1.0,0,Transient,60.0,0,0
City Hotel,1,437,2016,May,19,2,1,2,2,0.0,0,BB,PRT,Groups,TA/TO,0,0,0,A,A,0,Non Refund,1.0,0,Transient,60.0,0,0
City Hotel,1,437,2016,May,19,2,1,2,2,0.0,0,BB,PRT,Groups,TA/TO,0,0,0,A,A,0,Non Refund,1.0,0,Transient,60.0,0,0
City Hotel,1,437,2016,May,19,2,1,2,2,0.0,0,BB,PRT,Groups,TA/TO,0,0,0,A,A,0,Non Refund,1.0,0,Transient,60.0,0,0
City Hotel,1,437,2016,May,19,2,1,2,2,0.0,0,BB,PRT,Groups,TA/TO,0,0,0,A,A,0,Non Refund,1.0,0,Transient,60.0,0,0
City Hotel,1,437,2016,May,19,2,1,2,2,0.0,0,BB,PRT,Groups,TA/TO,0,0,0,A,A,0,Non Refund,1.0,0,Transient,60.0,0,0
City Hotel,1,437,2016,May,19,2,1,2,2,0.0,0,BB,PRT,Groups,TA/TO,0,0,0,A,A,0,Non Refund,1.0,0,Transient,60.0,0,0
City Hotel,1,437,2016,May,19,2,1,2,2,0.0,0,BB,PRT,Groups,TA/TO,0,0,0,A,A,0,Non Refund,1.0,0,Transient,60.0,0,0
City Hotel,1,437,2016,May,19,2,1,2,2,0.0,0,BB,PRT,Groups,TA/TO,0,0,0,A,A,0,Non Refund,1.0,0,Transient,60.0,0,0
City Hotel,1,437,2016,May,19,2,1,2,2,0.0,0,BB,PRT,Groups,TA/TO,0,0,0,A,A,0,Non Refund,1.0,0,Transient,60.0,0,0
City Hotel,1,16,2016,May,19,2,1,3,2,0.0,0,BB,ITA,Online TA,TA/TO,0,0,0,D,D,0,No Deposit,9.0,0,Transient,156.0,0,0
City Hotel,0,121,2016,May,19,2,1,3,2,0.0,0,BB,IRL,Online TA,TA/TO,0,0,0,A,A,0,No Deposit,9.0,0,Transient,99.45,0,1
City Hotel,1,152,2016,May,19,2,1,3,2,0.0,0,BB,PRT,Online TA,TA/TO,0,0,0,A,A,0,No Deposit,7.0,0,Transient,76.58,0,1
City Hotel,1,115,2016,May,19,2,1,3,2,0.0,0,SC,NLD,Online TA,TA/TO,0,0,0,A,A,0,No Deposit,9.0,0,Transient,89.25,0,0
City Hotel,1,120,2016,May,19,2,1,3,2,0.0,0,SC,IRL,Online TA,TA/TO,0,0,0,A,A,0,No Deposit,9.0,0,Transient,89.25,0,1
City Hotel,1,199,2016,May,19,2,1,3,2,0.0,0,SC,PRT,Online TA,TA/TO,0,0,0,A,B,1,No Deposit,9.0,0,Contract,95.4,0,1
City Hotel,1,106,2016,May,19,2,1,3,2,0.0,0,SC,PRT,Online TA,TA/TO,0,0,0,A,A,0,No Deposit,11.0,0,Transient,65.79,0,0
City Hotel,1,200,2016,May,19,2,1,3,2,0.0,0,BB,PRT,Online TA,TA/TO,0,0,0,A,B,1,No Deposit,9.0,0,Contract,106.2,0,2
City Hotel,1,152,2016,May,19,2,1,3,2,0.0,0,BB,PRT,Online TA,TA/TO,0,0,0,A,A,0,No Deposit,7.0,0,Transient,76.58,0,1
City Hotel,0,126,2016,May,19,2,1,3,2,0.0,0,BB,FRA,Online TA,TA/TO,0,0,0,D,D,0,No Deposit,15.0,0,Transient,86.36,0,0
City Hotel,0,122,2016,May,19,2,1,3,2,0.0,0,BB,IRL,Online TA,TA/TO,0,0,0,A,D,0,No Deposit,9.0,0,Transient,99.45,0,0
City Hotel,0,143,2016,May,19,2,1,4,2,0.0,0,SC,CHE,Online TA,TA/TO,0,0,0,A,A,0,No Deposit,11.0,0,Transient,64.26,0,0
City Hotel,1,102,2016,May,19,2,1,4,2,0.0,0,SC,GRC,Online TA,TA/TO,0,0,0,A,A,0,No Deposit,9.0,0,Transient,95.03,0,0
City Hotel,1,70,2016,May,19,2,1,4,2,0.0,0,BB,PRT,Offline TA/TO,TA/TO,0,0,0,A,A,0,No Deposit,16.0,0,Transient,80.75,0,0
City Hotel,1,75,2016,May,19,3,0,2,2,0.0,0,BB,KOR,Online TA,TA/TO,0,0,0,D,D,0,No Deposit,9.0,0,Transient,140.4,0,1
City Hotel,1,81,2016,May,19,3,0,2,2,0.0,0,SC,BRA,Online TA,TA/TO,0,0,0,A,A,0,No Deposit,9.0,0,Transient,116.1,0,1
City Hotel,1,75,2016,May,19,3,0,2,2,0.0,0,BB,KOR,Online TA,TA/TO,0,0,0,D,D,0,No Deposit,9.0,0,Transient,140.4,0,1
City Hotel,1,106,2016,May,19,3,0,3,2,0.0,0,BB,BRA,Online TA,TA/TO,0,0,0,A,A,0,No Deposit,9.0,0,Transient,108.3,0,0
City Hotel,1,74,2016,May,19,3,0,3,2,0.0,0,BB,PRT,Offline TA/TO,TA/TO,0,0,0,A,A,0,No Deposit,173.0,0,Transient,80.75,0,1
City Hotel,1,110,2016,May,19,3,0,4,2,0.0,0,BB,BEL,Online TA,TA/TO,0,0,0,A,A,0,No Deposit,9.0,0,Transient,106.68,0,0
City Hotel,0,145,2016,May,19,3,0,4,2,0.0,0,BB,DEU,Online TA,TA/TO,0,0,0,A,A,0,No Deposit,9.0,0,Transient-Party,99.45,0,0
City Hotel,0,145,2016,May,19,3,0,4,2,0.0,0,BB,DEU,Online TA,TA/TO,0,0,0,A,A,0,No Deposit,9.0,0,Transient-Party,99.45,0,0
City Hotel,0,122,2016,May,19,3,0,4,2,0.0,0,BB,DNK,Online TA,TA/TO,0,0,0,A,A,0,No Deposit,9.0,0,Transient,99.45,0,0
City Hotel,1,122,2016,May,19,3,0,4,2,0.0,0,BB,IRL,Online TA,TA/TO,0,0,0,A,A,0,No Deposit,9.0,0,Transient,99.45,0,0
City Hotel,0,147,2016,May,19,3,0,4,2,0.0,0,BB,FRA,Online TA,TA/TO,0,0,0,A,B,0,No Deposit,9.0,0,Transient,99.45,0,0
City Hotel,1,94,2016,May,19,3,2,5,2,0.0,0,HB,FRA,Online TA,TA/TO,0,0,0,D,D,1,No Deposit,9.0,0,Transient,164.9,0,1
City Hotel,1,67,2016,May,19,4,0,1,2,0.0,0,BB,GBR,Online TA,TA/TO,0,0,0,D,D,0,No Deposit,9.0,0,Transient,140.4,0,0
City Hotel,0,123,2016,May,19,4,0,3,2,0.0,0,BB,FRA,Online TA,TA/TO,0,0,0,A,A,0,No Deposit,9.0,0,Transient,105.3,0,0
City Hotel,1,103,2016,May,19,4,0,3,2,0.0,0,BB,PRT,Offline TA/TO,TA/TO,0,0,0,A,A,0,No Deposit,154.0,0,Transient-Party,95.0,0,0
City Hotel,1,103,2016,May,19,4,0,3,2,0.0,0,BB,PRT,Groups,TA/TO,0,0,0,A,A,0,No Deposit,,0,Transient-Party,95.0,0,0
City Hotel,1,103,2016,May,19,4,0,3,2,0.0,0,BB,PRT,Offline TA/TO,TA/TO,0,0,0,A,A,0,No Deposit,154.0,0,Transient-Party,95.0,0,0
City Hotel,1,103,2016,May,19,4,0,3,2,0.0,0,BB,PRT,Offline TA/TO,TA/TO,0,0,0,A,A,0,No Deposit,154.0,0,Transient-Party,95.0,0,0
City Hotel,1,103,2016,May,19,4,0,3,2,0.0,0,BB,PRT,Offline TA/TO,TA/TO,0,0,0,A,A,0,No Deposit,154.0,0,Transient-Party,95.0,0,0
City Hotel,1,253,2016,May,19,4,0,4,2,0.0,0,BB,PRT,Offline TA/TO,TA/TO,0,0,0,A,A,0,Non Refund,58.0,55,Transient,90.0,0,0
City Hotel,1,253,2016,May,19,4,0,4,2,0.0,0,BB,PRT,Offline TA/TO,TA/TO,0,0,0,A,A,0,Non Refund,58.0,55,Transient,90.0,0,0
City Hotel,1,253,2016,May,19,4,0,4,2,0.0,0,BB,PRT,Offline TA/TO,TA/TO,0,0,0,A,A,0,Non Refund,58.0,55,Transient,90.0,0,0
City Hotel,1,104,2016,May,19,4,0,4,2,0.0,0,BB,ITA,Online TA,TA/TO,0,0,0,A,B,1,No Deposit,9.0,0,Transient,111.78,0,0
City Hotel,1,100,2016,May,19,4,0,4,2,0.0,0,BB,CZE,Online TA,TA/TO,0,0,0,A,A,0,No Deposit,9.0,0,Transient,119.85,0,0
City Hotel,0,123,2016,May,19,4,0,4,2,0.0,0,BB,FRA,Online TA,TA/TO,0,0,0,A,A,0,No Deposit,11.0,0,Transient,71.6,0,0
City Hotel,1,207,2016,May,19,4,0,4,2,0.0,0,BB,PRT,Online TA,TA/TO,0,0,0,A,A,0,No Deposit,9.0,0,Contract,106.2,0,1
City Hotel,0,126,2016,May,19,4,0,4,2,0.0,0,BB,DEU,Online TA,TA/TO,0,0,0,A,A,0,No Deposit,7.0,0,Transient,76.58,0,1
City Hotel,1,253,2016,May,19,4,0,4,2,0.0,0,BB,PRT,Offline TA/TO,TA/TO,0,0,0,A,A,0,Non Refund,58.0,55,Transient,90.0,0,0
City Hotel,1,253,2016,May,19,4,0,4,2,0.0,0,BB,PRT,Offline TA/TO,TA/TO,0,0,0,A,A,0,Non Refund,58.0,55,Transient,90.0,0,0
City Hotel,0,126,2016,May,19,4,0,4,2,0.0,0,BB,DEU,Online TA,TA/TO,0,0,0,A,A,0,No Deposit,7.0,0,Transient,76.58,0,1
City Hotel,1,147,2016,May,19,4,0,4,2,0.0,0,BB,FIN,Online TA,TA/TO,0,0,0,A,A,0,No Deposit,9.0,0,Transient,101.7,0,0
City Hotel,1,104,2016,May,19,4,0,4,2,0.0,0,BB,ITA,Online TA,TA/TO,0,0,0,A,B,1,No Deposit,9.0,0,Transient,111.78,0,0
City Hotel,1,253,2016,May,19,4,0,4,2,0.0,0,BB,PRT,Offline TA/TO,TA/TO,0,0,0,A,A,0,Non Refund,58.0,55,Transient,90.0,0,0
City Hotel,1,253,2016,May,19,4,0,4,2,0.0,0,BB,PRT,Offline TA/TO,TA/TO,0,0,0,A,A,0,Non Refund,58.0,55,Transient,90.0,0,0
City Hotel,1,253,2016,May,19,4,0,4,2,0.0,0,BB,PRT,Offline TA/TO,TA/TO,0,0,0,A,A,0,Non Refund,58.0,55,Transient,90.0,0,0
City Hotel,1,253,2016,May,19,4,0,4,2,0.0,0,BB,PRT,Offline TA/TO,TA/TO,0,0,0,A,A,0,Non Refund,58.0,55,Transient,90.0,0,0
City Hotel,1,253,2016,May,19,4,0,4,2,0.0,0,BB,PRT,Offline TA/TO,TA/TO,0,0,0,A,A,0,Non Refund,58.0,55,Transient,90.0,0,0
City Hotel,1,123,2016,May,19,4,0,4,2,0.0,0,BB,SWE,Online TA,TA/TO,0,0,0,D,D,0,No Deposit,9.0,0,Transient,107.95,0,0
City Hotel,1,133,2016,May,19,4,0,4,2,0.0,0,BB,FRA,Online TA,TA/TO,0,0,0,D,D,0,No Deposit,9.0,0,Transient,116.95,0,0
City Hotel,0,122,2016,May,19,4,1,4,2,0.0,0,BB,DEU,Online TA,TA/TO,0,0,0,A,A,0,No Deposit,9.0,0,Transient,99.45,0,1
City Hotel,1,122,2016,May,19,4,2,4,2,0.0,0,BB,ROU,Online TA,TA/TO,0,0,0,A,A,0,No Deposit,9.0,0,Transient,99.45,0,0
City Hotel,1,288,2016,May,19,5,0,3,2,0.0,0,BB,PRT,Groups,TA/TO,0,0,0,A,A,0,No Deposit,1.0,236,Transient-Party,65.0,0,0
City Hotel,0,288,2016,May,19,5,0,3,2,0.0,0,HB,FRA,Groups,TA/TO,0,0,0,A,A,0,No Deposit,1.0,236,Transient-Party,81.67,0,0
City Hotel,0,288,2016,May,19,5,0,3,2,0.0,0,BB,FRA,Groups,TA/TO,0,0,0,A,B,0,No Deposit,1.0,259,Transient-Party,62.5,0,1
City Hotel,1,259,2016,May,19,5,0,3,2,0.0,0,BB,PRT,Offline TA/TO,TA/TO,0,0,0,A,A,0,Non Refund,53.0,60,Transient,90.0,0,0
City Hotel,1,204,2016,May,19,5,0,3,2,0.0,0,BB,PRT,Offline TA/TO,TA/TO,0,0,0,A,A,0,Non Refund,34.0,96,Transient,100.0,0,0
City Hotel,1,204,2016,May,19,5,0,3,2,0.0,0,BB,PRT,Offline TA/TO,TA/TO,0,0,0,A,A,0,Non Refund,34.0,96,Transient,100.0,0,0
City Hotel,1,259,2016,May,19,5,0,3,2,0.0,0,BB,PRT,Offline TA/TO,TA/TO,0,0,0,A,A,0,Non Refund,53.0,60,Transient,90.0,0,0
City Hotel,1,204,2016,May,19,5,0,3,2,0.0,0,BB,PRT,Offline TA/TO,TA/TO,0,0,0,A,A,0,Non Refund,34.0,96,Transient,100.0,0,0
City Hotel,1,204,2016,May,19,5,0,3,2,0.0,0,BB,PRT,Offline TA/TO,TA/TO,0,0,0,A,A,0,Non Refund,34.0,96,Transient,100.0,0,0
City Hotel,0,148,2016,May,19,5,0,3,2,0.0,0,BB,DEU,Online TA,TA/TO,0,0,0,A,A,0,No Deposit,9.0,0,Transient,105.3,0,0
City Hotel,1,130,2016,May,19,5,0,3,2,0.0,0,BB,ESP,Online TA,TA/TO,0,0,0,A,A,0,No Deposit,9.0,0,Transient,105.3,0,1
City Hotel,1,178,2016,May,19,5,0,3,2,0.0,0,BB,DEU,Direct,Direct,0,0,0,E,E,0,No Deposit,14.0,0,Transient,145.0,0,1
City Hotel,0,288,2016,May,19,5,0,3,2,0.0,0,HB,PRT,Groups,TA/TO,0,0,0,A,A,0,No Deposit,1.0,236,Transient-Party,81.67,0,0
City Hotel,1,288,2016,May,19,5,0,3,2,0.0,0,BB,PRT,Groups,TA/TO,0,0,0,A,A,0,No Deposit,1.0,236,Transient-Party,65.0,0,0
City Hotel,0,128,2016,May,19,5,0,3,2,0.0,0,BB,ESP,Online TA,TA/TO,0,0,0,B,B,0,No Deposit,9.0,0,Transient-Party,104.18,0,0
City Hotel,1,137,2016,May,19,5,0,3,2,0.0,0,BB,DEU,Online TA,TA/TO,0,0,0,A,A,0,No Deposit,9.0,0,Transient,105.3,0,0
City Hotel,0,288,2016,May,19,5,0,3,2,0.0,0,BB,FRA,Groups,TA/TO,0,0,0,A,A,0,No Deposit,1.0,259,Transient-Party,65.0,0,0
City Hotel,1,288,2016,May,19,5,0,3,2,0.0,0,BB,PRT,Groups,TA/TO,0,0,0,A,A,0,No Deposit,1.0,236,Transient-Party,65.0,0,0
City Hotel,0,148,2016,May,19,5,0,3,2,0.0,0,BB,DEU,Online TA,TA/TO,0,0,0,A,A,0,No Deposit,9.0,0,Transient-Party,105.3,0,0
City Hotel,0,148,2016,May,19,5,0,3,2,0.0,0,BB,DEU,Online TA,TA/TO,0,0,0,A,A,0,No Deposit,9.0,0,Transient-Party,105.3,0,0
City Hotel,0,288,2016,May,19,5,0,3,2,0.0,0,BB,PRT,Groups,TA/TO,0,0,0,A,A,0,No Deposit,1.0,259,Transient-Party,65.0,0,1
City Hotel,1,204,2016,May,19,5,0,3,2,0.0,0,BB,PRT,Offline TA/TO,TA/TO,0,0,0,A,A,0,Non Refund,34.0,96,Transient,100.0,0,0
City Hotel,1,204,2016,May,19,5,0,3,2,0.0,0,BB,PRT,Offline TA/TO,TA/TO,0,0,0,A,A,0,Non Refund,34.0,96,Transient,100.0,0,0
City Hotel,1,259,2016,May,19,5,0,3,2,0.0,0,BB,PRT,Offline TA/TO,TA/TO,0,0,0,A,A,0,Non Refund,53.0,60,Transient,90.0,0,0
City Hotel,1,204,2016,May,19,5,0,3,2,0.0,0,BB,PRT,Offline TA/TO,TA/TO,0,0,0,A,A,0,Non Refund,34.0,96,Transient,100.0,0,0
City Hotel,1,259,2016,May,19,5,0,3,2,0.0,0,BB,PRT,Offline TA/TO,TA/TO,0,0,0,A,A,0,Non Refund,53.0,60,Transient,90.0,0,0
City Hotel,0,288,2016,May,19,5,0,3,2,0.0,0,HB,FRA,Groups,TA/TO,0,0,0,A,A,0,No Deposit,1.0,236,Transient-Party,81.67,0,0
City Hotel,0,288,2016,May,19,5,0,3,2,0.0,0,HB,FRA,Groups,TA/TO,0,0,0,A,A,0,No Deposit,1.0,236,Transient-Party,81.67,0,0
City Hotel,0,288,2016,May,19,5,0,3,2,0.0,0,BB,PRT,Groups,TA/TO,0,0,0,A,B,0,No Deposit,1.0,259,Transient-Party,62.5,0,0
City Hotel,0,288,2016,May,19,5,0,3,2,0.0,0,BB,FRA,Groups,TA/TO,0,0,0,A,D,0,No Deposit,1.0,259,Transient-Party,62.5,0,1
City Hotel,0,288,2016,May,19,5,0,3,2,0.0,0,HB,FRA,Groups,TA/TO,0,0,0,A,A,0,No Deposit,1.0,236,Transient-Party,81.67,0,0
City Hotel,0,148,2016,May,19,5,0,3,2,0.0,0,BB,DEU,Online TA,TA/TO,0,0,0,A,A,0,No Deposit,9.0,0,Transient-Party,105.3,0,0
City Hotel,0,154,2016,May,19,5,0,3,2,0.0,0,BB,BEL,Direct,Direct,0,0,0,D,D,0,No Deposit,14.0,0,Transient-Party,103.5,0,1
City Hotel,1,204,2016,May,19,5,0,3,2,0.0,0,BB,PRT,Offline TA/TO,TA/TO,0,0,0,A,A,0,Non Refund,34.0,96,Transient,100.0,0,0
City Hotel,1,9,2016,May,19,5,0,1,2,0.0,0,BB,FRA,Online TA,TA/TO,0,0,0,D,D,0,No Deposit,9.0,0,Transient,156.0,0,0
City Hotel,1,302,2016,May,19,5,0,2,2,0.0,0,BB,PRT,Groups,TA/TO,0,0,0,A,A,0,Non Refund,1.0,0,Transient,62.0,0,0
City Hotel,1,302,2016,May,19,5,0,2,2,0.0,0,BB,PRT,Groups,TA/TO,0,0,0,A,A,0,Non Refund,1.0,0,Transient,62.0,0,0
City Hotel,1,302,2016,May,19,5,0,2,2,0.0,0,BB,PRT,Groups,TA/TO,0,0,0,A,A,0,Non Refund,1.0,0,Transient,62.0,0,0
City Hotel,1,302,2016,May,19,5,0,2,2,0.0,0,BB,PRT,Groups,TA/TO,0,0,0,A,A,0,Non Refund,1.0,0,Transient,62.0,0,0
City Hotel,1,302,2016,May,19,5,0,2,2,0.0,0,BB,PRT,Groups,TA/TO,0,0,0,A,A,0,Non Refund,1.0,0,Transient,62.0,0,0
City Hotel,1,302,2016,May,19,5,0,2,2,0.0,0,BB,PRT,Groups,TA/TO,0,0,0,A,A,0,Non Refund,1.0,0,Transient,62.0,0,0
City Hotel,1,302,2016,May,19,5,0,2,2,0.0,0,BB,PRT,Groups,TA/TO,0,0,0,A,A,0,Non Refund,1.0,0,Transient,62.0,0,0
City Hotel,1,302,2016,May,19,5,0,2,2,0.0,0,BB,PRT,Groups,TA/TO,0,0,0,A,A,0,Non Refund,1.0,0,Transient,62.0,0,0
City Hotel,1,302,2016,May,19,5,0,2,2,0.0,0,BB,PRT,Groups,TA/TO,0,0,0,A,A,0,Non Refund,1.0,0,Transient,62.0,0,0
City Hotel,1,302,2016,May,19,5,0,2,2,0.0,0,BB,PRT,Groups,TA/TO,0,0,0,A,A,0,Non Refund,1.0,0,Transient,62.0,0,0
City Hotel,1,302,2016,May,19,5,0,2,2,0.0,0,BB,PRT,Groups,TA/TO,0,0,0,A,A,0,Non Refund,1.0,0,Transient,62.0,0,0
City Hotel,1,134,2016,May,19,5,0,2,2,0.0,0,BB,DEU,Online TA,TA/TO,0,0,0,A,A,0,No Deposit,9.0,0,Transient,105.3,0,0
City Hotel,1,302,2016,May,19,5,0,2,2,0.0,0,BB,PRT,Groups,TA/TO,0,0,0,A,A,0,Non Refund,1.0,0,Transient,62.0,0,0
City Hotel,1,302,2016,May,19,5,0,2,2,0.0,0,BB,PRT,Groups,TA/TO,0,0,0,A,A,0,Non Refund,1.0,0,Transient,62.0,0,0
City Hotel,1,302,2016,May,19,5,0,2,2,0.0,0,BB,PRT,Groups,TA/TO,0,0,0,A,A,0,Non Refund,1.0,0,Transient,62.0,0,0
City Hotel,1,302,2016,May,19,5,0,2,2,0.0,0,BB,PRT,Groups,TA/TO,0,0,0,A,A,0,Non Refund,1.0,0,Transient,62.0,0,0
City Hotel,1,302,2016,May,19,5,0,2,2,0.0,0,BB,PRT,Groups,TA/TO,0,0,0,A,A,0,Non Refund,1.0,0,Transient,62.0,0,0
City Hotel,1,302,2016,May,19,5,0,2,2,0.0,0,BB,PRT,Groups,TA/TO,0,0,0,A,A,0,Non Refund,1.0,0,Transient,62.0,0,0
City Hotel,1,302,2016,May,19,5,0,2,2,0.0,0,BB,PRT,Groups,TA/TO,0,0,0,A,A,0,Non Refund,1.0,0,Transient,62.0,0,0
City Hotel,1,302,2016,May,19,5,0,2,2,0.0,0,BB,PRT,Groups,TA/TO,0,0,0,A,A,0,Non Refund,1.0,0,Transient,62.0,0,0
City Hotel,1,302,2016,May,19,5,0,2,2,0.0,0,BB,PRT,Groups,TA/TO,0,0,0,A,A,0,Non Refund,1.0,0,Transient,62.0,0,0
City Hotel,1,302,2016,May,19,5,0,2,2,0.0,0,BB,PRT,Groups,TA/TO,0,0,0,A,A,0,Non Refund,1.0,0,Transient,62.0,0,0
City Hotel,1,302,2016,May,19,5,0,2,2,0.0,0,BB,PRT,Groups,TA/TO,0,0,0,A,A,0,Non Refund,1.0,0,Transient,62.0,0,0
City Hotel,1,302,2016,May,19,5,0,2,2,0.0,0,BB,PRT,Groups,TA/TO,0,0,0,A,A,0,Non Refund,1.0,0,Transient,62.0,0,0
City Hotel,1,302,2016,May,19,5,0,2,2,0.0,0,BB,PRT,Groups,TA/TO,0,0,0,A,A,0,Non Refund,1.0,0,Transient,62.0,0,0
City Hotel,1,302,2016,May,19,5,0,2,2,0.0,0,BB,PRT,Groups,TA/TO,0,0,0,A,A,0,Non Refund,1.0,0,Transient,62.0,0,0
City Hotel,1,302,2016,May,19,5,0,2,2,0.0,0,BB,PRT,Groups,TA/TO,0,0,0,A,A,0,Non Refund,1.0,0,Transient,62.0,0,0
City Hotel,1,302,2016,May,19,5,0,2,2,0.0,0,BB,PRT,Groups,TA/TO,0,0,0,A,A,0,Non Refund,1.0,0,Transient,62.0,0,0
City Hotel,1,302,2016,May,19,5,0,2,2,0.0,0,BB,PRT,Groups,TA/TO,0,0,0,A,A,0,Non Refund,1.0,0,Transient,62.0,0,0
City Hotel,1,302,2016,May,19,5,0,2,2,0.0,0,BB,PRT,Groups,TA/TO,0,0,0,A,A,0,Non Refund,1.0,0,Transient,62.0,0,0
City Hotel,1,302,2016,May,19,5,0,2,2,0.0,0,BB,PRT,Groups,TA/TO,0,0,0,A,A,0,Non Refund,1.0,0,Transient,62.0,0,0
City Hotel,1,259,2016,May,19,5,0,3,2,0.0,0,BB,PRT,Offline TA/TO,TA/TO,0,0,0,A,A,0,Non Refund,53.0,60,Transient,90.0,0,0
City Hotel,1,259,2016,May,19,5,0,3,2,0.0,0,BB,PRT,Offline TA/TO,TA/TO,0,0,0,A,A,0,Non Refund,53.0,60,Transient,90.0,0,0
City Hotel,1,259,2016,May,19,5,0,3,2,0.0,0,BB,PRT,Offline TA/TO,TA/TO,0,0,0,A,A,0,Non Refund,53.0,60,Transient,90.0,0,0
City Hotel,1,204,2016,May,19,5,0,3,2,0.0,0,BB,PRT,Offline TA/TO,TA/TO,0,0,0,A,A,0,Non Refund,34.0,96,Transient,100.0,0,0
City Hotel,1,204,2016,May,19,5,0,3,2,0.0,0,BB,PRT,Offline TA/TO,TA/TO,0,0,0,A,A,0,Non Refund,34.0,96,Transient,100.0,0,0
City Hotel,0,288,2016,May,19,5,0,3,2,0.0,0,HB,FRA,Groups,TA/TO,0,0,0,A,A,0,No Deposit,1.0,236,Transient-Party,81.67,0,0
City Hotel,1,130,2016,May,19,5,0,3,2,0.0,0,BB,ESP,Online TA,TA/TO,0,0,0,D,D,0,No Deposit,9.0,0,Transient-Party,114.3,0,0
City Hotel,1,124,2016,May,19,5,0,3,2,0.0,0,SC,ITA,Online TA,TA/TO,0,0,0,A,A,0,No Deposit,9.0,0,Transient,94.5,0,1
City Hotel,1,190,2016,May,19,5,0,3,2,0.0,0,BB,PRT,Direct,Direct,0,0,0,A,A,1,No Deposit,14.0,0,Transient-Party,95.4,0,1
City Hotel,1,259,2016,May,19,5,0,3,2,0.0,0,BB,PRT,Offline TA/TO,TA/TO,0,0,0,A,A,0,Non Refund,53.0,60,Transient,90.0,0,0
City Hotel,1,259,2016,May,19,5,0,3,2,0.0,0,BB,PRT,Offline TA/TO,TA/TO,0,0,0,A,A,0,Non Refund,53.0,60,Transient,90.0,0,0
City Hotel,1,204,2016,May,19,5,0,3,2,0.0,0,BB,PRT,Offline TA/TO,TA/TO,0,0,0,A,A,0,Non Refund,34.0,96,Transient,100.0,0,0
City Hotel,1,204,2016,May,19,5,0,3,2,0.0,0,BB,PRT,Offline TA/TO,TA/TO,0,0,0,A,A,0,Non Refund,34.0,96,Transient,100.0,0,0
City Hotel,0,288,2016,May,19,5,0,3,2,0.0,0,BB,FRA,Groups,TA/TO,0,0,0,A,A,0,No Deposit,1.0,259,Transient-Party,65.0,0,0
City Hotel,0,154,2016,May,19,5,0,3,2,0.0,0,BB,NLD,Direct,Direct,0,0,0,D,D,0,No Deposit,14.0,0,Transient-Party,103.5,0,1
City Hotel,1,288,2016,May,19,5,0,3,2,0.0,0,BB,PRT,Groups,TA/TO,0,0,0,A,A,0,No Deposit,1.0,236,Transient-Party,65.0,0,0
City Hotel,0,288,2016,May,19,5,0,3,2,0.0,0,BB,PRT,Groups,TA/TO,0,0,0,A,A,0,No Deposit,1.0,259,Transient-Party,65.0,0,0
City Hotel,0,148,2016,May,19,5,0,3,2,0.0,0,BB,DEU,Online TA,TA/TO,0,0,0,A,A,0,No Deposit,9.0,0,Transient,105.3,0,0
City Hotel,1,204,2016,May,19,5,0,3,2,0.0,0,BB,PRT,Offline TA/TO,TA/TO,0,0,0,A,A,0,Non Refund,34.0,96,Transient,100.0,0,0
City Hotel,1,259,2016,May,19,5,0,3,2,0.0,0,BB,PRT,Offline TA/TO,TA/TO,0,0,0,A,A,0,Non Refund,53.0,60,Transient,90.0,0,0
City Hotel,1,31,2016,May,19,5,0,3,2,0.0,0,BB,PRT,Groups,TA/TO,0,0,0,A,A,0,No Deposit,1.0,0,Transient-Party,65.0,0,0
City Hotel,0,288,2016,May,19,5,0,3,2,0.0,0,HB,FRA,Groups,TA/TO,0,0,0,A,D,0,No Deposit,1.0,236,Transient-Party,81.67,0,0
City Hotel,1,288,2016,May,19,5,0,3,2,0.0,0,BB,PRT,Groups,TA/TO,0,0,0,A,A,0,No Deposit,1.0,236,Transient-Party,65.0,0,0
City Hotel,0,148,2016,May,19,5,0,3,2,0.0,0,BB,DEU,Online TA,TA/TO,0,0,0,A,A,0,No Deposit,9.0,0,Transient-Party,105.3,0,0
City Hotel,1,178,2016,May,19,5,0,3,2,0.0,0,BB,DEU,Direct,Direct,0,0,0,E,E,0,No Deposit,14.0,0,Transient,145.0,0,1
City Hotel,1,259,2016,May,19,5,0,3,2,0.0,0,BB,PRT,Offline TA/TO,TA/TO,0,0,0,A,A,0,Non Refund,53.0,60,Transient,90.0,0,0
City Hotel,1,259,2016,May,19,5,0,3,2,0.0,0,BB,PRT,Offline TA/TO,TA/TO,0,0,0,A,A,0,Non Refund,53.0,60,Transient,90.0,0,0
City Hotel,0,288,2016,May,19,5,0,3,2,0.0,0,HB,FRA,Groups,TA/TO,0,0,0,A,A,0,No Deposit,1.0,236,Transient-Party,81.67,0,0
City Hotel,0,288,2016,May,19,5,0,3,2,0.0,0,HB,FRA,Groups,TA/TO,0,0,0,A,A,0,No Deposit,1.0,236,Transient-Party,81.67,0,0
City Hotel,0,288,2016,May,19,5,0,3,2,0.0,0,BB,FRA,Groups,TA/TO,0,0,0,A,D,0,No Deposit,1.0,259,Transient-Party,65.0,0,0
City Hotel,0,154,2016,May,19,5,0,3,2,0.0,0,BB,BEL,Direct,Direct,0,0,0,D,D,0,No Deposit,14.0,0,Transient-Party,103.5,0,1
City Hotel,1,204,2016,May,19,5,0,3,2,0.0,0,BB,PRT,Offline TA/TO,TA/TO,0,0,0,A,A,0,Non Refund,34.0,96,Transient,100.0,0,0
City Hotel,1,204,2016,May,19,5,0,3,2,0.0,0,BB,PRT,Offline TA/TO,TA/TO,0,0,0,A,A,0,Non Refund,34.0,96,Transient,100.0,0,0
City Hotel,1,288,2016,May,19,5,0,3,2,0.0,0,BB,PRT,Groups,TA/TO,0,0,0,A,A,0,No Deposit,1.0,236,Transient-Party,65.0,0,0
City Hotel,1,137,2016,May,19,5,0,3,2,0.0,0,BB,DEU,Online TA,TA/TO,0,0,0,A,A,0,No Deposit,9.0,0,Transient,105.3,0,0
City Hotel,1,131,2016,May,19,5,0,3,2,0.0,0,BB,DEU,Online TA,TA/TO,0,0,0,D,D,0,No Deposit,9.0,0,Transient,114.3,0,1
City Hotel,1,116,2016,May,19,5,0,3,2,0.0,0,BB,IMN,Online TA,TA/TO,0,0,0,A,A,0,No Deposit,9.0,0,Transient,105.3,0,0
City Hotel,1,259,2016,May,19,5,0,3,2,0.0,0,BB,PRT,Offline TA/TO,TA/TO,0,0,0,A,A,0,Non Refund,53.0,60,Transient,90.0,0,0
City Hotel,1,259,2016,May,19,5,0,3,2,0.0,0,BB,PRT,Offline TA/TO,TA/TO,0,0,0,A,A,0,Non Refund,53.0,60,Transient,90.0,0,0
City Hotel,0,139,2016,May,19,5,1,3,2,0.0,0,BB,DNK,Online TA,TA/TO,0,0,0,A,A,0,No Deposit,8.0,0,Transient,99.45,0,2
City Hotel,1,103,2016,May,19,5,1,3,2,0.0,0,BB,PRT,Online TA,TA/TO,0,0,0,D,D,0,No Deposit,7.0,0,Transient,124.53,0,0
City Hotel,0,139,2016,May,19,5,1,3,2,0.0,0,BB,DNK,Online TA,TA/TO,0,0,0,A,A,0,No Deposit,8.0,0,Transient,99.45,0,2
City Hotel,0,134,2016,May,19,5,2,3,2,0.0,0,BB,DEU,Online TA,TA/TO,0,0,0,A,B,1,No Deposit,9.0,0,Transient,99.45,0,1
City Hotel,1,110,2016,May,19,6,0,1,2,0.0,0,BB,GBR,Online TA,TA/TO,0,0,0,A,A,0,No Deposit,9.0,0,Transient,135.9,0,0
City Hotel,1,53,2016,May,19,6,0,1,2,0.0,0,SC,FRA,Online TA,TA/TO,0,0,0,A,A,0,No Deposit,9.0,0,Transient,125.1,0,0
City Hotel,1,53,2016,May,19,6,0,2,2,0.0,0,SC,ESP,Online TA,TA/TO,0,0,0,A,A,0,No Deposit,9.0,0,Transient,116.1,0,0
City Hotel,1,144,2016,May,19,6,0,2,2,0.0,0,BB,PRT,Online TA,TA/TO,0,0,0,D,D,0,No Deposit,8.0,0,Transient,114.3,0,1
City Hotel,0,136,2016,May,19,6,0,2,2,0.0,0,BB,ESP,Online TA,TA/TO,0,0,0,A,A,0,No Deposit,9.0,0,Transient,105.3,0,1
City Hotel,1,144,2016,May,19,6,0,2,2,0.0,0,BB,PRT,Online TA,TA/TO,0,0,0,D,D,0,No Deposit,8.0,0,Transient,114.3,0,1
City Hotel,0,132,2016,May,19,6,0,2,2,0.0,0,BB,ESP,Online TA,TA/TO,0,0,0,A,A,0,No Deposit,9.0,0,Transient-Party,105.3,0,1
City Hotel,1,119,2016,May,19,6,0,2,2,0.0,0,SC,ESP,Online TA,TA/TO,0,0,0,A,A,0,No Deposit,9.0,0,Transient,94.5,0,0
City Hotel,1,125,2016,May,19,6,0,2,2,0.0,0,SC,BEL,Online TA,TA/TO,0,0,0,A,A,0,No Deposit,9.0,0,Transient,94.5,0,0
City Hotel,1,127,2016,May,19,6,0,2,2,0.0,0,BB,ESP,Online TA,TA/TO,0,0,0,A,A,0,No Deposit,9.0,0,Transient,105.3,0,0
City Hotel,1,49,2016,May,19,6,0,2,2,0.0,0,SC,ESP,Online TA,TA/TO,0,0,0,A,A,0,No Deposit,9.0,0,Transient,116.1,0,0
City Hotel,0,289,2016,May,19,6,0,2,2,0.0,0,BB,FRA,Groups,TA/TO,0,0,0,A,A,1,No Deposit,1.0,259,Transient-Party,65.0,0,0
City Hotel,0,132,2016,May,19,6,0,2,2,0.0,0,BB,ESP,Online TA,TA/TO,0,0,0,A,A,0,No Deposit,9.0,0,Transient-Party,105.3,0,0
City Hotel,1,101,2016,May,19,6,0,2,2,0.0,0,BB,ESP,Online TA,TA/TO,0,0,0,A,A,0,No Deposit,9.0,0,Transient,126.9,0,0
City Hotel,0,129,2016,May,19,6,0,2,2,0.0,0,SC,ESP,Online TA,TA/TO,0,0,0,A,A,0,No Deposit,9.0,0,Transient,103.5,0,1
City Hotel,0,124,2016,May,19,6,0,2,2,0.0,0,BB,GBR,Online TA,TA/TO,0,0,0,D,A,1,No Deposit,9.0,0,Transient,114.3,0,1
City Hotel,0,130,2016,May,19,6,0,2,2,0.0,0,BB,ESP,Online TA,TA/TO,0,0,0,A,A,0,No Deposit,9.0,0,Transient,114.3,0,1
City Hotel,1,54,2016,May,19,6,0,2,2,0.0,0,SC,FRA,Online TA,TA/TO,0,0,0,A,A,0,No Deposit,9.0,0,Transient,116.1,0,0
City Hotel,0,142,2016,May,19,6,1,2,2,0.0,0,BB,FRA,Online TA,TA/TO,0,0,0,D,D,0,No Deposit,9.0,0,Transient,114.3,0,0
City Hotel,0,150,2016,May,19,6,1,2,2,0.0,0,BB,DEU,Online TA,TA/TO,0,0,0,D,D,0,No Deposit,9.0,0,Transient,114.3,0,0
City Hotel,0,124,2016,May,19,6,1,2,2,0.0,0,BB,DEU,Online TA,TA/TO,0,0,0,D,D,0,No Deposit,9.0,0,Transient,114.3,0,1
City Hotel,0,124,2016,May,19,6,1,2,2,0.0,0,BB,DEU,Online TA,TA/TO,0,0,0,D,D,0,No Deposit,9.0,0,Transient,114.3,0,0
City Hotel,1,117,2016,May,19,6,1,2,2,0.0,0,BB,ITA,Online TA,TA/TO,0,0,0,A,A,0,No Deposit,9.0,0,Transient,105.3,0,0
City Hotel,1,149,2016,May,19,6,2,2,2,0.0,0,BB,FRA,Online TA,TA/TO,0,0,0,A,A,0,No Deposit,9.0,0,Transient,99.45,0,0
City Hotel,0,148,2016,May,19,6,2,3,2,0.0,0,BB,DEU,Online TA,TA/TO,0,0,0,A,A,0,No Deposit,9.0,0,Transient,99.45,0,0
City Hotel,0,127,2016,May,19,6,2,3,2,0.0,0,BB,GBR,Online TA,TA/TO,0,0,0,A,A,0,No Deposit,9.0,0,Transient,99.45,0,0
City Hotel,1,62,2016,May,19,7,0,1,2,0.0,0,BB,ESP,Online TA,TA/TO,0,0,0,D,D,0,No Deposit,9.0,0,Transient,140.4,0,0
City Hotel,1,126,2016,May,19,7,0,1,2,0.0,0,SC,ESP,Online TA,TA/TO,0,0,0,A,A,0,No Deposit,9.0,0,Transient,103.5,0,0
City Hotel,1,95,2016,May,19,7,0,1,2,0.0,0,BB,ESP,Online TA,TA/TO,0,0,0,A,A,0,No Deposit,9.0,0,Transient,126.9,0,0
City Hotel,1,73,2016,May,19,7,0,1,2,0.0,0,BB,CHN,Online TA,TA/TO,0,0,0,A,A,0,No Deposit,9.0,0,Transient,126.9,0,0
City Hotel,0,138,2016,May,19,7,0,1,2,0.0,0,BB,PRT,Online TA,TA/TO,0,0,0,A,A,0,No Deposit,9.0,0,Transient,114.3,1,1
City Hotel,0,138,2016,May,19,7,0,1,2,0.0,0,BB,ESP,Online TA,TA/TO,0,0,0,A,A,0,No Deposit,9.0,0,Transient,114.3,1,1
City Hotel,1,98,2016,May,19,7,0,1,2,0.0,0,SC,PRT,Online TA,TA/TO,0,0,0,A,A,0,No Deposit,9.0,0,Transient,116.1,0,0
City Hotel,1,39,2016,May,19,7,0,1,2,0.0,0,BB,SWE,Online TA,TA/TO,0,0,0,A,A,0,No Deposit,9.0,0,Transient,126.9,0,0
City Hotel,1,98,2016,May,19,7,0,1,2,0.0,0,BB,PRT,Online TA,TA/TO,0,0,0,A,A,0,No Deposit,9.0,0,Transient,126.9,0,0
City Hotel,1,37,2016,May,19,7,0,1,2,0.0,0,SC,ESP,Online TA,TA/TO,0,0,0,A,A,0,No Deposit,9.0,0,Transient,116.1,0,0
City Hotel,1,73,2016,May,19,7,0,1,2,0.0,0,BB,CHN,Online TA,TA/TO,0,0,0,A,A,0,No Deposit,9.0,0,Transient,126.9,0,0
City Hotel,1,11,2016,May,19,7,0,1,2,0.0,0,BB,PRT,Online TA,TA/TO,0,0,0,A,A,0,No Deposit,9.0,0,Transient,141.0,0,0
City Hotel,1,19,2016,May,19,7,1,1,2,0.0,0,SC,TUR,Online TA,TA/TO,0,0,0,A,A,0,No Deposit,9.0,0,Transient,114.0,0,0
City Hotel,1,71,2016,May,19,7,1,1,2,0.0,0,SC,FRA,Online TA,TA/TO,0,0,0,A,A,0,No Deposit,9.0,0,Transient,116.1,0,1
City Hotel,0,127,2016,May,19,7,2,1,2,0.0,0,BB,GBR,Direct,Direct,0,0,0,A,A,2,No Deposit,14.0,0,Transient-Party,94.5,0,0
City Hotel,1,15,2016,May,19,7,2,1,2,0.0,0,SC,ITA,Online TA,TA/TO,0,0,0,A,A,0,No Deposit,9.0,0,Transient,109.0,0,0
City Hotel,1,19,2016,May,19,7,2,1,2,0.0,0,BB,FRA,Online TA,TA/TO,0,0,0,A,A,0,No Deposit,9.0,0,Transient,121.0,0,0
City Hotel,0,126,2016,May,19,7,2,1,2,0.0,0,BB,FRA,Online TA,TA/TO,0,0,0,D,D,0,No Deposit,9.0,0,Transient,114.3,0,0
City Hotel,1,127,2016,May,19,7,2,1,2,0.0,0,BB,GBR,Direct,Direct,0,0,0,A,A,0,No Deposit,14.0,0,Transient-Party,94.5,0,0
City Hotel,1,38,2016,May,19,7,1,1,2,0.0,0,BB,USA,Online TA,TA/TO,0,0,0,A,A,0,No Deposit,9.0,0,Transient,135.9,0,0
City Hotel,1,89,2016,May,19,7,1,1,2,0.0,0,BB,GBR,Online TA,TA/TO,0,0,0,A,A,0,No Deposit,9.0,0,Transient,126.9,0,0
City Hotel,1,18,2016,May,19,7,1,1,2,0.0,0,BB,BEL,Online TA,TA/TO,0,0,0,D,D,0,No Deposit,9.0,0,Transient,141.0,0,0
City Hotel,0,125,2016,May,19,7,2,1,2,0.0,0,BB,ITA,Online TA,TA/TO,0,0,0,D,A,0,No Deposit,9.0,0,Transient,114.3,0,1
City Hotel,0,127,2016,May,19,7,2,1,2,0.0,0,BB,GBR,Direct,Direct,0,0,0,A,A,2,No Deposit,14.0,0,Transient-Party,94.5,0,0
City Hotel,1,83,2016,May,19,7,2,2,2,0.0,0,BB,FRA,Online TA,TA/TO,0,0,0,D,D,1,No Deposit,9.0,0,Transient,132.6,0,0
City Hotel,1,109,2016,May,19,7,2,2,2,0.0,0,SC,ITA,Online TA,TA/TO,0,0,0,A,A,0,No Deposit,9.0,0,Transient,94.35,0,0
City Hotel,0,152,2016,May,19,7,2,2,2,0.0,0,BB,DEU,Online TA,TA/TO,0,0,0,A,A,0,No Deposit,7.0,0,Transient,76.58,0,1
City Hotel,1,18,2016,May,19,7,2,3,2,0.0,0,BB,FRA,Online TA,TA/TO,0,0,0,D,D,0,No Deposit,9.0,0,Transient,138.0,0,0
City Hotel,1,73,2016,May,19,7,2,4,2,0.0,0,BB,PRT,Online TA,TA/TO,0,0,0,F,F,0,No Deposit,7.0,0,Transient,170.17,0,0
City Hotel,1,48,2016,May,19,7,2,4,2,0.0,0,SC,DEU,Online TA,TA/TO,0,0,0,A,A,2,No Deposit,9.0,0,Transient,109.65,0,0
City Hotel,1,52,2016,May,19,7,2,5,2,0.0,0,SC,ITA,Online TA,TA/TO,0,0,0,A,A,0,No Deposit,9.0,0,Transient,109.65,0,0
City Hotel,1,49,2016,May,19,7,2,5,2,0.0,0,BB,USA,Online TA,TA/TO,0,0,0,A,A,0,No Deposit,9.0,0,Transient,119.85,0,0
City Hotel,0,127,2016,May,19,7,2,5,2,0.0,0,BB,GBR,Online TA,TA/TO,0,0,0,A,A,0,No Deposit,9.0,0,Transient,99.45,0,1
City Hotel,1,96,2016,May,19,7,2,3,2,0.0,0,BB,DEU,Online TA,TA/TO,0,0,0,A,A,0,No Deposit,9.0,0,Transient,119.85,0,0
City Hotel,0,1,2016,May,20,8,1,0,2,0.0,0,BB,FRA,Direct,TA/TO,0,0,0,A,D,0,No Deposit,,0,Transient,100.0,0,0
City Hotel,1,108,2016,May,20,8,2,0,2,0.0,0,HB,PRT,Offline TA/TO,TA/TO,0,0,0,A,A,0,No Deposit,16.0,0,Transient,110.75,0,0
City Hotel,0,131,2016,May,20,8,2,1,2,0.0,0,SC,FRA,Online TA,TA/TO,0,0,0,A,A,1,No Deposit,9.0,0,Transient,94.5,0,1
City Hotel,1,110,2016,May,20,8,2,1,2,0.0,0,BB,BEL,Direct,Direct,0,0,0,A,A,0,No Deposit,14.0,0,Transient,94.5,0,0
City Hotel,1,15,2016,May,20,8,2,1,2,0.0,0,BB,HUN,Online TA,TA/TO,0,0,0,A,A,0,No Deposit,9.0,0,Transient,111.0,0,0
City Hotel,1,10,2016,May,20,8,2,1,2,0.0,0,BB,ITA,Online TA,TA/TO,0,0,0,D,D,0,No Deposit,9.0,0,Transient,126.0,0,0
City Hotel,1,32,2016,May,20,8,2,1,2,0.0,0,BB,BEL,Online TA,TA/TO,0,0,0,A,A,0,No Deposit,9.0,0,Transient,126.9,0,0
City Hotel,0,136,2016,May,20,8,2,2,2,0.0,0,BB,ITA,Online TA,TA/TO,0,0,0,A,A,1,No Deposit,9.0,0,Transient,99.45,0,1
City Hotel,1,121,2016,May,20,8,2,2,2,0.0,0,BB,BEL,Online TA,TA/TO,0,0,0,A,A,0,No Deposit,9.0,0,Transient,99.45,0,0
City Hotel,1,31,2016,May,20,8,2,2,2,0.0,0,BB,PRT,Online TA,TA/TO,0,0,0,A,A,0,No Deposit,7.0,0,Transient,97.71,0,0
City Hotel,1,98,2016,May,20,8,2,3,2,0.0,0,SC,SWE,Online TA,TA/TO,0,0,0,A,A,0,No Deposit,9.0,0,Transient,109.65,0,1
City Hotel,1,35,2016,May,20,8,2,4,2,0.0,0,BB,DEU,Direct,Direct,0,0,0,D,D,2,No Deposit,14.0,0,Transient,140.33,0,0
City Hotel,1,106,2016,May,20,8,2,5,2,0.0,0,BB,ITA,Online TA,TA/TO,0,0,0,A,A,0,No Deposit,9.0,0,Transient,105.28,0,0
City Hotel,1,0,2016,May,20,9,1,0,2,0.0,0,BB,PRT,Direct,Direct,0,0,0,F,F,0,No Deposit,,0,Transient,115.0,0,0
City Hotel,1,0,2016,May,20,9,1,0,2,0.0,0,SC,ITA,Online TA,TA/TO,0,0,0,A,A,0,No Deposit,9.0,0,Transient,89.0,0,0
City Hotel,1,110,2016,May,20,9,1,1,2,0.0,0,BB,DEU,Online TA,TA/TO,0,0,0,A,A,0,No Deposit,9.0,0,Transient,105.3,0,0
City Hotel,1,33,2016,May,20,9,1,1,2,0.0,0,SC,CHN,Online TA,TA/TO,0,0,0,A,A,0,No Deposit,9.0,0,Transient,104.49,0,0
City Hotel,1,33,2016,May,20,9,1,1,2,0.0,0,SC,CHN,Online TA,TA/TO,0,0,0,A,A,0,No Deposit,9.0,0,Transient,104.49,0,0
City Hotel,1,75,2016,May,20,9,1,1,2,0.0,0,SC,LUX,Online TA,TA/TO,0,0,0,A,A,0,No Deposit,9.0,0,Transient,116.1,0,0
City Hotel,1,115,2016,May,20,9,1,2,2,0.0,0,SC,GBR,Online TA,TA/TO,0,0,0,A,A,0,No Deposit,9.0,0,Transient,94.5,0,0
City Hotel,0,127,2016,May,20,9,1,2,2,0.0,0,BB,DEU,Online TA,TA/TO,0,0,0,A,A,0,No Deposit,9.0,0,Transient,105.3,0,1
City Hotel,0,142,2016,May,20,9,1,2,2,0.0,0,BB,FRA,Online TA,TA/TO,0,0,0,A,A,0,No Deposit,155.0,0,Transient,125.33,0,1
City Hotel,1,43,2016,May,20,9,1,2,2,0.0,0,BB,AUT,Online TA,TA/TO,0,0,0,A,A,0,No Deposit,9.0,0,Transient,126.9,0,0
City Hotel,1,35,2016,May,20,9,1,2,2,0.0,0,BB,DEU,Online TA,TA/TO,0,0,0,A,A,0,No Deposit,9.0,0,Transient,126.9,0,0
City Hotel,1,55,2016,May,20,9,1,2,2,0.0,0,SC,CN,Online TA,TA/TO,0,0,0,A,A,0,No Deposit,9.0,0,Transient,116.1,0,1
City Hotel,0,154,2016,May,20,9,1,3,2,0.0,0,BB,DEU,Online TA,TA/TO,0,0,0,A,K,0,No Deposit,11.0,0,Transient,71.6,0,0
City Hotel,1,127,2016,May,20,9,1,3,2,0.0,0,SC,IRL,Online TA,TA/TO,0,0,0,A,A,0,No Deposit,9.0,0,Transient,89.25,0,1
City Hotel,1,114,2016,May,20,9,1,3,2,0.0,0,BB,NLD,Online TA,TA/TO,0,0,0,D,D,0,No Deposit,9.0,0,Transient,107.95,0,0
City Hotel,1,41,2016,May,20,9,1,3,2,0.0,0,SC,NLD,Online TA,TA/TO,0,0,0,A,A,0,No Deposit,9.0,0,Transient,116.1,0,0
City Hotel,1,41,2016,May,20,9,1,3,2,0.0,0,SC,NLD,Online TA,TA/TO,0,0,0,A,A,0,No Deposit,9.0,0,Transient,116.1,0,0
City Hotel,1,120,2016,May,20,9,1,3,2,0.0,0,BB,ITA,Online TA,TA/TO,0,0,0,A,A,0,No Deposit,9.0,0,Transient,99.45,0,0
City Hotel,1,120,2016,May,20,9,1,3,2,0.0,0,BB,ITA,Online TA,TA/TO,0,0,0,A,A,0,No Deposit,9.0,0,Transient,99.45,0,0
City Hotel,1,135,2016,May,20,9,1,4,2,0.0,0,BB,PRT,Online TA,TA/TO,0,0,0,A,A,0,No Deposit,7.0,0,Transient,79.72,0,1
City Hotel,1,135,2016,May,20,9,1,4,2,0.0,0,BB,PRT,Online TA,TA/TO,0,0,0,A,A,0,No Deposit,7.0,0,Transient,79.72,0,1
City Hotel,0,134,2016,May,20,9,1,4,2,0.0,0,BB,FRA,Online TA,TA/TO,0,0,0,A,A,0,No Deposit,7.0,0,Transient,76.58,0,1
City Hotel,0,133,2016,May,20,9,1,4,2,0.0,0,BB,FRA,Online TA,TA/TO,0,0,0,A,A,0,No Deposit,8.0,0,Transient,99.45,0,1
City Hotel,0,134,2016,May,20,9,1,4,2,0.0,0,BB,FRA,Online TA,TA/TO,0,0,0,A,A,0,No Deposit,7.0,0,Transient,76.58,0,1
City Hotel,0,126,2016,May,20,9,1,5,2,0.0,0,BB,AUT,Online TA,TA/TO,0,0,0,D,D,0,No Deposit,9.0,0,Transient-Party,111.35,0,1
City Hotel,0,126,2016,May,20,9,1,5,2,0.0,0,BB,AUT,Online TA,TA/TO,0,0,0,D,D,0,No Deposit,9.0,0,Transient-Party,111.35,0,1
City Hotel,1,41,2016,May,20,9,1,4,2,0.0,0,SC,FRA,Online TA,TA/TO,0,0,0,A,A,0,No Deposit,9.0,0,Transient,116.1,0,1
City Hotel,1,1,2016,May,20,10,0,1,2,0.0,0,BB,PRT,Online TA,Corporate,0,0,0,A,A,0,No Deposit,,0,Transient,84.0,0,0
City Hotel,0,298,2016,May,20,10,0,2,2,0.0,0,BB,NZL,Offline TA/TO,TA/TO,0,0,0,A,A,0,No Deposit,12.0,207,Transient-Party,93.0,0,0
City Hotel,1,298,2016,May,20,10,0,2,2,0.0,0,BB,PRT,Offline TA/TO,TA/TO,0,0,0,A,A,0,No Deposit,12.0,207,Transient-Party,75.0,0,0
City Hotel,1,298,2016,May,20,10,0,2,2,0.0,0,BB,PRT,Offline TA/TO,TA/TO,0,0,0,A,A,0,No Deposit,12.0,207,Transient-Party,75.0,0,0
City Hotel,0,298,2016,May,20,10,0,2,2,0.0,0,BB,NZL,Offline TA/TO,TA/TO,0,0,0,A,A,0,No Deposit,12.0,207,Transient-Party,93.0,0,0
City Hotel,1,91,2016,May,20,10,0,2,2,0.0,0,BB,PRT,Offline TA/TO,TA/TO,0,0,0,A,A,0,No Deposit,12.0,0,Transient-Party,75.0,0,0
City Hotel,0,298,2016,May,20,10,0,2,2,0.0,0,BB,NZL,Offline TA/TO,TA/TO,0,0,0,A,A,0,No Deposit,12.0,207,Transient-Party,93.0,0,0
City Hotel,0,298,2016,May,20,10,0,2,2,0.0,0,BB,NZL,Offline TA/TO,TA/TO,0,0,0,A,A,0,No Deposit,12.0,207,Transient-Party,93.0,0,0
City Hotel,1,91,2016,May,20,10,0,2,2,0.0,0,BB,PRT,Offline TA/TO,TA/TO,0,0,0,A,A,0,No Deposit,12.0,0,Transient-Party,75.0,0,0
City Hotel,1,298,2016,May,20,10,0,2,2,0.0,0,BB,PRT,Offline TA/TO,TA/TO,0,0,0,A,A,0,No Deposit,12.0,207,Transient-Party,75.0,0,0
City Hotel,0,298,2016,May,20,10,0,2,2,0.0,0,BB,NZL,Offline TA/TO,TA/TO,0,0,0,A,A,0,No Deposit,12.0,207,Transient-Party,93.0,0,0
City Hotel,1,298,2016,May,20,10,0,2,2,0.0,0,BB,PRT,Offline TA/TO,TA/TO,0,0,0,A,A,0,No Deposit,12.0,207,Transient-Party,75.0,0,0
City Hotel,1,27,2016,May,20,10,0,3,2,0.0,0,BB,TJK,Online TA,TA/TO,0,0,0,A,A,0,No Deposit,9.0,0,Transient,141.0,0,0
City Hotel,1,71,2016,May,20,10,0,3,2,0.0,0,BB,PRT,Offline TA/TO,TA/TO,0,0,0,A,A,0,No Deposit,58.0,0,Transient-Party,90.0,0,0
City Hotel,1,27,2016,May,20,10,0,3,2,0.0,0,BB,TJK,Online TA,TA/TO,0,0,0,A,A,0,No Deposit,9.0,0,Transient,141.0,0,0
City Hotel,1,27,2016,May,20,10,0,3,2,0.0,0,BB,TJK,Online TA,TA/TO,0,0,0,A,A,0,No Deposit,9.0,0,Transient,141.0,0,0
City Hotel,1,71,2016,May,20,10,0,3,2,0.0,0,BB,PRT,Offline TA/TO,TA/TO,0,0,0,A,A,0,No Deposit,58.0,0,Transient-Party,90.0,0,0
City Hotel,1,68,2016,May,20,10,0,3,2,0.0,0,SC,FRA,Online TA,TA/TO,0,0,0,A,A,0,No Deposit,9.0,0,Transient,116.1,0,0
City Hotel,1,27,2016,May,20,10,0,3,2,0.0,0,BB,TJK,Online TA,TA/TO,0,0,0,A,A,0,No Deposit,9.0,0,Transient,141.0,0,0
City Hotel,1,63,2016,May,20,10,0,3,2,0.0,0,BB,GBR,Online TA,TA/TO,0,0,0,D,D,0,No Deposit,9.0,0,Transient,140.4,0,0
City Hotel,1,27,2016,May,20,10,0,3,2,0.0,0,BB,TJK,Online TA,TA/TO,0,0,0,A,A,0,No Deposit,9.0,0,Transient,141.0,0,0
City Hotel,1,27,2016,May,20,10,0,3,2,0.0,0,BB,TJK,Online TA,TA/TO,0,0,0,A,A,0,No Deposit,9.0,0,Transient,141.0,0,0
City Hotel,1,27,2016,May,20,10,0,3,2,0.0,0,BB,TJK,Online TA,TA/TO,0,0,0,A,A,0,No Deposit,9.0,0,Transient,141.0,0,0
City Hotel,1,71,2016,May,20,10,0,3,2,0.0,0,BB,PRT,Offline TA/TO,TA/TO,0,0,0,A,A,0,No Deposit,58.0,0,Transient-Party,90.0,0,0
City Hotel,1,27,2016,May,20,10,0,3,2,0.0,0,BB,TJK,Online TA,TA/TO,0,0,0,A,A,0,No Deposit,9.0,0,Transient,141.0,0,0
City Hotel,1,68,2016,May,20,10,0,3,2,0.0,0,SC,FRA,Online TA,TA/TO,0,0,0,A,A,0,No Deposit,9.0,0,Transient,116.1,0,0
City Hotel,0,129,2016,May,20,10,0,4,2,0.0,0,BB,DEU,Online TA,TA/TO,0,0,0,A,B,1,No Deposit,9.0,0,Transient-Party,99.45,0,0
City Hotel,1,6,2016,May,20,10,0,4,2,0.0,0,SC,BRA,Online TA,TA/TO,0,0,0,A,A,0,No Deposit,9.0,0,Transient,129.0,0,0
City Hotel,0,129,2016,May,20,10,0,4,2,0.0,0,BB,DEU,Online TA,TA/TO,0,0,0,A,B,1,No Deposit,9.0,0,Transient-Party,99.45,0,0
City Hotel,1,87,2016,May,20,10,0,5,2,0.0,0,BB,CN,Direct,Direct,0,0,0,D,D,0,No Deposit,14.0,0,Transient,127.5,0,0
City Hotel,1,116,2016,May,20,10,1,5,2,0.0,0,BB,AUS,Direct,Direct,0,0,0,D,D,0,No Deposit,14.0,0,Transient,109.65,0,0
City Hotel,1,34,2016,May,20,11,0,1,2,0.0,0,BB,IRL,Online TA,TA/TO,0,0,0,A,A,0,No Deposit,9.0,0,Transient,126.9,0,0
City Hotel,1,122,2016,May,20,11,0,1,2,0.0,0,BB,RUS,Online TA,TA/TO,0,0,0,A,A,0,No Deposit,9.0,0,Transient,105.3,0,0
City Hotel,1,7,2016,May,20,11,0,3,2,0.0,0,BB,GBR,Online TA,TA/TO,0,0,0,A,A,0,No Deposit,9.0,0,Transient,143.0,0,0
City Hotel,1,162,2016,May,20,11,0,3,2,0.0,0,BB,PRT,Online TA,TA/TO,0,0,0,D,D,0,No Deposit,9.0,0,Contract,135.0,0,0
City Hotel,1,135,2016,May,20,11,0,3,2,0.0,0,BB,ISR,Online TA,TA/TO,0,0,0,A,A,1,No Deposit,9.0,0,Transient,105.3,0,2
City Hotel,1,61,2016,May,20,11,0,3,2,0.0,0,SC,FRA,Online TA,TA/TO,0,0,0,A,A,0,No Deposit,9.0,0,Transient,116.1,0,0
City Hotel,0,286,2016,May,20,11,0,4,2,0.0,0,BB,AUT,Groups,TA/TO,0,0,0,A,A,1,No Deposit,30.0,176,Transient-Party,99.0,0,1
City Hotel,1,286,2016,May,20,11,0,4,2,0.0,0,BB,PRT,Groups,TA/TO,0,0,0,A,A,0,No Deposit,30.0,176,Transient-Party,101.0,0,0
City Hotel,0,286,2016,May,20,11,0,4,2,0.0,0,BB,AUT,Groups,TA/TO,0,0,0,A,A,0,No Deposit,30.0,176,Transient-Party,99.0,0,1
City Hotel,1,52,2016,May,20,11,0,3,2,0.0,0,BB,GBR,Online TA,TA/TO,0,0,0,D,D,0,No Deposit,9.0,0,Transient,140.4,0,0
City Hotel,1,115,2016,May,20,11,0,4,2,0.0,0,BB,HUN,Online TA,TA/TO,0,0,0,A,A,0,No Deposit,9.0,0,Transient,109.65,0,0
City Hotel,0,286,2016,May,20,11,0,4,2,0.0,0,BB,AUT,Groups,TA/TO,0,0,0,A,A,0,No Deposit,30.0,176,Transient-Party,99.0,0,1
City Hotel,0,286,2016,May,20,11,0,4,2,0.0,0,BB,AUT,Groups,TA/TO,0,0,0,A,A,1,No Deposit,30.0,176,Transient-Party,99.0,0,1
City Hotel,0,286,2016,May,20,11,0,4,2,0.0,0,BB,AUT,Groups,TA/TO,0,0,0,A,A,1,No Deposit,30.0,176,Transient-Party,99.0,0,1
City Hotel,1,286,2016,May,20,11,0,4,2,0.0,0,BB,PRT,Groups,TA/TO,0,0,0,A,A,0,No Deposit,30.0,176,Transient-Party,101.0,0,0
City Hotel,1,286,2016,May,20,11,0,4,2,0.0,0,BB,PRT,Groups,TA/TO,0,0,0,A,A,0,No Deposit,30.0,176,Transient-Party,101.0,0,0
City Hotel,1,61,2016,May,20,11,0,4,2,0.0,0,BB,DEU,Online TA,TA/TO,0,0,0,A,A,0,No Deposit,7.0,0,Transient,92.28,0,0
City Hotel,0,286,2016,May,20,11,0,4,2,0.0,0,BB,AUT,Groups,TA/TO,0,0,0,A,A,0,No Deposit,30.0,176,Transient-Party,99.0,0,1
City Hotel,0,286,2016,May,20,11,0,4,2,0.0,0,BB,PRT,Groups,TA/TO,0,0,0,A,A,0,No Deposit,30.0,176,Transient-Party,99.0,0,1
City Hotel,0,286,2016,May,20,11,0,4,2,0.0,0,BB,AUT,Groups,TA/TO,0,0,0,A,A,1,No Deposit,30.0,176,Transient-Party,99.0,0,1
City Hotel,0,286,2016,May,20,11,0,4,2,0.0,0,BB,AUT,Groups,TA/TO,0,0,0,A,A,1,No Deposit,30.0,176,Transient-Party,99.0,0,1
City Hotel,1,286,2016,May,20,11,0,4,2,0.0,0,BB,PRT,Groups,TA/TO,0,0,0,A,A,0,No Deposit,30.0,176,Transient-Party,101.0,0,0
City Hotel,0,286,2016,May,20,11,0,4,2,0.0,0,BB,AUT,Groups,TA/TO,0,0,0,A,A,0,No Deposit,30.0,176,Transient-Party,99.0,0,1
City Hotel,0,286,2016,May,20,11,0,4,2,0.0,0,BB,AUT,Groups,TA/TO,0,0,0,A,A,0,No Deposit,30.0,176,Transient-Party,99.0,0,1
City Hotel,1,61,2016,May,20,11,0,4,2,0.0,0,BB,DEU,Online TA,TA/TO,0,0,0,A,A,0,No Deposit,7.0,0,Transient,92.28,0,0
City Hotel,0,286,2016,May,20,11,0,4,2,0.0,0,BB,AUT,Groups,TA/TO,0,0,0,A,A,0,No Deposit,30.0,176,Transient-Party,99.0,0,1
City Hotel,0,286,2016,May,20,11,0,4,2,0.0,0,BB,AUT,Groups,TA/TO,0,0,0,A,A,1,No Deposit,30.0,176,Transient-Party,99.0,0,1
City Hotel,1,286,2016,May,20,11,0,4,2,0.0,0,BB,PRT,Groups,TA/TO,0,0,0,A,A,0,No Deposit,30.0,176,Transient-Party,101.0,0,0
City Hotel,0,286,2016,May,20,11,0,4,2,0.0,0,BB,AUT,Groups,TA/TO,0,0,0,A,A,0,No Deposit,30.0,176,Transient-Party,99.0,0,1
City Hotel,0,286,2016,May,20,11,0,4,2,0.0,0,BB,AUT,Groups,TA/TO,0,0,0,A,A,1,No Deposit,30.0,176,Transient-Party,99.0,0,1
City Hotel,1,286,2016,May,20,11,0,4,2,0.0,0,BB,PRT,Groups,TA/TO,0,0,0,A,A,0,No Deposit,30.0,176,Transient-Party,101.0,0,0
City Hotel,1,30,2016,May,20,11,0,4,2,0.0,0,BB,ESP,Online TA,TA/TO,0,0,0,D,D,0,No Deposit,9.0,0,Transient,149.4,0,0
City Hotel,0,286,2016,May,20,11,0,4,2,0.0,0,BB,AUT,Groups,TA/TO,0,0,0,A,A,0,No Deposit,30.0,176,Transient-Party,99.0,0,1
City Hotel,0,286,2016,May,20,11,0,4,2,0.0,0,BB,AUT,Groups,TA/TO,0,0,0,A,A,0,No Deposit,30.0,176,Transient-Party,99.0,0,1
City Hotel,1,129,2016,May,20,11,1,4,2,0.0,0,BB,FRA,Online TA,TA/TO,0,0,0,D,D,0,No Deposit,9.0,0,Transient,112.03,0,1
City Hotel,1,26,2016,May,20,11,2,4,2,0.0,0,SC,BRA,Online TA,TA/TO,0,0,0,A,A,0,No Deposit,9.0,0,Transient,124.7,0,0
City Hotel,1,104,2016,May,20,11,2,5,2,0.0,0,SC,DEU,Online TA,TA/TO,0,0,0,A,A,0,No Deposit,9.0,0,Transient,109.65,0,0
City Hotel,1,309,2016,May,20,12,0,2,2,0.0,0,BB,PRT,Groups,TA/TO,0,0,0,A,A,0,Non Refund,1.0,0,Transient,62.0,0,0
City Hotel,1,309,2016,May,20,12,0,2,2,0.0,0,BB,PRT,Groups,TA/TO,0,0,0,A,A,0,Non Refund,1.0,0,Transient,62.0,0,0
City Hotel,1,309,2016,May,20,12,0,2,2,0.0,0,BB,PRT,Groups,TA/TO,0,0,0,A,A,0,Non Refund,1.0,0,Transient,62.0,0,0
City Hotel,1,309,2016,May,20,12,0,2,2,0.0,0,BB,PRT,Groups,TA/TO,0,0,0,A,A,0,Non Refund,1.0,0,Transient,62.0,0,0
City Hotel,1,309,2016,May,20,12,0,2,2,0.0,0,BB,PRT,Groups,TA/TO,0,0,0,A,A,0,Non Refund,1.0,0,Transient,62.0,0,0
City Hotel,1,309,2016,May,20,12,0,2,2,0.0,0,BB,PRT,Groups,TA/TO,0,0,0,A,A,0,Non Refund,1.0,0,Transient,62.0,0,0
City Hotel,1,122,2016,May,20,12,0,2,2,0.0,0,BB,FRA,Online TA,TA/TO,0,0,0,A,A,0,No Deposit,9.0,0,Transient,105.3,0,0
City Hotel,1,309,2016,May,20,12,0,2,2,0.0,0,BB,PRT,Groups,TA/TO,0,0,0,A,A,0,Non Refund,1.0,0,Transient,62.0,0,0
City Hotel,1,309,2016,May,20,12,0,2,2,0.0,0,BB,PRT,Groups,TA/TO,0,0,0,A,A,0,Non Refund,1.0,0,Transient,62.0,0,0
City Hotel,1,309,2016,May,20,12,0,2,2,0.0,0,BB,PRT,Groups,TA/TO,0,0,0,A,A,0,Non Refund,1.0,0,Transient,62.0,0,0
City Hotel,1,309,2016,May,20,12,0,2,2,0.0,0,BB,PRT,Groups,TA/TO,0,0,0,A,A,0,Non Refund,1.0,0,Transient,62.0,0,0
City Hotel,1,309,2016,May,20,12,0,2,2,0.0,0,BB,PRT,Groups,TA/TO,0,0,0,A,A,0,Non Refund,1.0,0,Transient,62.0,0,0
City Hotel,1,309,2016,May,20,12,0,2,2,0.0,0,BB,PRT,Groups,TA/TO,0,0,0,A,A,0,Non Refund,1.0,0,Transient,62.0,0,0
City Hotel,1,122,2016,May,20,12,0,2,2,0.0,0,BB,FRA,Online TA,TA/TO,0,0,0,A,A,0,No Deposit,9.0,0,Transient,114.3,0,0
City Hotel,1,309,2016,May,20,12,0,2,2,0.0,0,BB,PRT,Groups,TA/TO,0,0,0,A,A,0,Non Refund,1.0,0,Transient,62.0,0,0
City Hotel,1,309,2016,May,20,12,0,2,2,0.0,0,BB,PRT,Groups,TA/TO,0,0,0,A,A,0,Non Refund,1.0,0,Transient,62.0,0,0
City Hotel,1,309,2016,May,20,12,0,2,2,0.0,0,BB,PRT,Groups,TA/TO,0,0,0,A,A,0,Non Refund,1.0,0,Transient,62.0,0,0
City Hotel,1,309,2016,May,20,12,0,2,2,0.0,0,BB,PRT,Groups,TA/TO,0,0,0,A,A,0,Non Refund,1.0,0,Transient,62.0,0,0
City Hotel,1,309,2016,May,20,12,0,2,2,0.0,0,BB,PRT,Groups,TA/TO,0,0,0,A,A,0,Non Refund,1.0,0,Transient,62.0,0,0
City Hotel,1,309,2016,May,20,12,0,2,2,0.0,0,BB,PRT,Groups,TA/TO,0,0,0,A,A,0,Non Refund,1.0,0,Transient,62.0,0,0
City Hotel,1,309,2016,May,20,12,0,2,2,0.0,0,BB,PRT,Groups,TA/TO,0,0,0,A,A,0,Non Refund,1.0,0,Transient,62.0,0,0
City Hotel,1,309,2016,May,20,12,0,2,2,0.0,0,BB,PRT,Groups,TA/TO,0,0,0,A,A,0,Non Refund,1.0,0,Transient,62.0,0,0
City Hotel,0,129,2016,May,20,12,0,2,2,0.0,0,SC,ITA,Online TA,TA/TO,0,0,0,A,A,0,No Deposit,9.0,0,Transient,94.5,0,1
City Hotel,1,309,2016,May,20,12,0,2,2,0.0,0,BB,PRT,Groups,TA/TO,0,0,0,A,A,0,Non Refund,1.0,0,Transient,62.0,0,0
City Hotel,1,131,2016,May,20,12,0,2,2,0.0,0,SC,FRA,Online TA,TA/TO,0,0,0,A,A,0,No Deposit,9.0,0,Transient,94.5,0,0
City Hotel,1,309,2016,May,20,12,0,2,2,0.0,0,BB,PRT,Groups,TA/TO,0,0,0,A,A,0,Non Refund,1.0,0,Transient,62.0,0,0
City Hotel,1,309,2016,May,20,12,0,2,2,0.0,0,BB,PRT,Groups,TA/TO,0,0,0,A,A,0,Non Refund,1.0,0,Transient,62.0,0,0
City Hotel,1,309,2016,May,20,12,0,2,2,0.0,0,BB,PRT,Groups,TA/TO,0,0,0,A,A,0,Non Refund,1.0,0,Transient,62.0,0,0
City Hotel,1,309,2016,May,20,12,0,2,2,0.0,0,BB,PRT,Groups,TA/TO,0,0,0,A,A,0,Non Refund,1.0,0,Transient,62.0,0,0
City Hotel,1,309,2016,May,20,12,0,2,2,0.0,0,BB,PRT,Groups,TA/TO,0,0,0,A,A,0,Non Refund,1.0,0,Transient,62.0,0,0
City Hotel,1,309,2016,May,20,12,0,2,2,0.0,0,BB,PRT,Groups,TA/TO,0,0,0,A,A,0,Non Refund,1.0,0,Transient,62.0,0,0
City Hotel,1,309,2016,May,20,12,0,2,2,0.0,0,BB,PRT,Groups,TA/TO,0,0,0,A,A,0,Non Refund,1.0,0,Transient,62.0,0,0
City Hotel,1,39,2016,May,20,12,0,2,2,0.0,0,SC,BEL,Online TA,TA/TO,0,0,0,A,A,0,No Deposit,9.0,0,Transient,116.1,0,0
City Hotel,1,101,2016,May,20,12,0,3,2,0.0,0,BB,PRT,Offline TA/TO,TA/TO,0,0,0,A,A,0,No Deposit,85.0,0,Transient,80.75,0,1
City Hotel,1,309,2016,May,20,12,0,2,2,0.0,0,BB,PRT,Groups,TA/TO,0,0,0,A,A,0,Non Refund,1.0,0,Transient,62.0,0,0
City Hotel,1,309,2016,May,20,12,0,2,2,0.0,0,BB,PRT,Groups,TA/TO,0,0,0,A,A,0,Non Refund,1.0,0,Transient,62.0,0,0
City Hotel,1,52,2016,May,20,12,0,3,2,0.0,0,BB,BEL,Online TA,TA/TO,0,0,0,A,A,0,No Deposit,9.0,0,Transient,126.9,0,0
City Hotel,1,130,2016,May,20,12,1,3,2,0.0,0,BB,USA,Online TA,TA/TO,0,0,0,D,D,0,No Deposit,9.0,0,Transient,113.05,0,1
City Hotel,1,130,2016,May,20,12,1,3,2,0.0,0,BB,PRT,Online TA,TA/TO,0,0,0,A,A,0,No Deposit,8.0,0,Transient,104.55,0,0
City Hotel,1,196,2016,May,20,12,1,3,2,0.0,0,BB,PRT,Offline TA/TO,TA/TO,0,0,0,A,A,0,No Deposit,128.0,0,Transient-Party,76.5,0,0
City Hotel,1,39,2016,May,20,12,1,3,2,0.0,0,SC,USA,Online TA,TA/TO,0,0,0,A,A,0,No Deposit,9.0,0,Transient,116.1,0,0
City Hotel,1,90,2016,May,20,12,1,3,2,0.0,0,BB,ESP,Online TA,TA/TO,0,0,0,A,A,0,No Deposit,9.0,0,Transient,119.85,0,0
City Hotel,1,96,2016,May,20,12,2,3,2,0.0,0,BB,FRA,Online TA,TA/TO,0,0,0,D,D,0,No Deposit,9.0,0,Transient,132.6,0,1
City Hotel,1,54,2016,May,20,12,2,3,2,0.0,0,BB,NOR,Online TA,TA/TO,0,0,0,D,D,0,No Deposit,9.0,0,Transient,132.6,0,0
City Hotel,1,114,2016,May,20,12,2,4,2,0.0,0,BB,BRA,Online TA,TA/TO,0,0,0,A,A,0,No Deposit,9.0,0,Transient,115.25,0,0
City Hotel,1,131,2016,May,20,13,0,1,2,0.0,0,BB,GBR,Online TA,TA/TO,0,0,0,D,D,0,No Deposit,9.0,0,Transient,114.3,0,1
City Hotel,1,79,2016,May,20,13,0,2,2,0.0,0,BB,GBR,Online TA,TA/TO,0,0,0,D,D,0,No Deposit,9.0,0,Transient,159.3,0,1
City Hotel,1,59,2016,May,20,13,0,2,2,0.0,0,BB,DEU,Online TA,TA/TO,0,0,0,A,A,0,No Deposit,9.0,0,Transient,126.9,0,0
City Hotel,1,35,2016,May,20,13,0,2,2,0.0,0,BB,PRT,Offline TA/TO,TA/TO,0,0,0,A,A,0,No Deposit,138.0,0,Transient,95.0,0,0
City Hotel,1,24,2016,May,20,13,0,2,2,0.0,0,BB,PRT,Complementary,Direct,0,0,0,A,A,0,No Deposit,,0,Transient,0.0,0,0
City Hotel,1,18,2016,May,20,13,0,2,2,0.0,0,BB,ESP,Online TA,TA/TO,0,0,0,D,D,0,No Deposit,9.0,0,Transient,156.0,0,0
City Hotel,1,67,2016,May,20,13,0,2,2,0.0,0,SC,ESP,Online TA,TA/TO,0,0,0,A,A,0,No Deposit,9.0,0,Transient,116.1,0,0
City Hotel,1,91,2016,May,20,13,1,2,2,0.0,0,BB,FRA,Online TA,TA/TO,0,0,0,D,D,0,No Deposit,9.0,0,Transient-Party,140.4,0,0
City Hotel,1,309,2016,May,20,13,1,2,2,0.0,0,HB,PRT,Offline TA/TO,TA/TO,0,0,0,A,A,0,No Deposit,3.0,215,Transient-Party,101.0,0,0
City Hotel,1,309,2016,May,20,13,1,2,2,0.0,0,HB,PRT,Offline TA/TO,TA/TO,0,0,0,A,A,0,No Deposit,3.0,215,Transient-Party,101.0,0,0
City Hotel,1,273,2016,May,20,13,1,2,2,0.0,0,BB,PRT,Offline TA/TO,TA/TO,0,0,0,A,A,0,Non Refund,21.0,0,Transient,95.0,0,0
City Hotel,1,273,2016,May,20,13,1,2,2,0.0,0,BB,PRT,Offline TA/TO,TA/TO,0,0,0,A,A,0,Non Refund,21.0,0,Transient,95.0,0,0
City Hotel,1,273,2016,May,20,13,1,2,2,0.0,0,BB,PRT,Offline TA/TO,TA/TO,0,0,0,A,A,0,Non Refund,21.0,0,Transient,95.0,0,0
City Hotel,1,273,2016,May,20,13,1,2,2,0.0,0,BB,PRT,Offline TA/TO,TA/TO,0,0,0,A,A,0,Non Refund,21.0,0,Transient,95.0,0,0
City Hotel,1,273,2016,May,20,13,1,2,2,0.0,0,BB,PRT,Offline TA/TO,TA/TO,0,0,0,A,A,0,Non Refund,21.0,0,Transient,95.0,0,0
City Hotel,1,273,2016,May,20,13,1,2,2,0.0,0,BB,PRT,Offline TA/TO,TA/TO,0,0,0,A,A,0,Non Refund,21.0,0,Transient,95.0,0,0
City Hotel,1,273,2016,May,20,13,1,2,2,0.0,0,BB,PRT,Offline TA/TO,TA/TO,0,0,0,A,A,0,Non Refund,21.0,0,Transient,95.0,0,0
City Hotel,0,309,2016,May,20,13,1,2,2,0.0,0,BB,FRA,Offline TA/TO,TA/TO,0,0,0,A,A,0,No Deposit,3.0,215,Transient-Party,65.0,0,0
City Hotel,1,309,2016,May,20,13,1,2,2,0.0,0,HB,PRT,Offline TA/TO,TA/TO,0,0,0,A,A,0,No Deposit,3.0,215,Transient-Party,101.0,0,0
City Hotel,1,56,2016,May,20,13,0,2,2,0.0,0,SC,ITA,Online TA,TA/TO,0,0,0,A,A,0,No Deposit,9.0,0,Transient,116.1,0,0
City Hotel,0,309,2016,May,20,13,1,2,2,0.0,0,BB,PRT,Offline TA/TO,TA/TO,0,0,0,A,A,0,No Deposit,3.0,215,Transient-Party,65.0,0,0
City Hotel,0,309,2016,May,20,13,1,2,2,0.0,0,BB,FRA,Offline TA/TO,TA/TO,0,0,0,A,A,0,No Deposit,3.0,215,Transient-Party,65.0,0,0
City Hotel,1,273,2016,May,20,13,1,2,2,0.0,0,BB,PRT,Offline TA/TO,TA/TO,0,0,0,A,A,0,Non Refund,21.0,0,Transient,95.0,0,0
City Hotel,1,273,2016,May,20,13,1,2,2,0.0,0,BB,PRT,Offline TA/TO,TA/TO,0,0,0,A,A,0,Non Refund,21.0,0,Transient,95.0,0,0
City Hotel,1,273,2016,May,20,13,1,2,2,0.0,0,BB,PRT,Offline TA/TO,TA/TO,0,0,0,A,A,0,Non Refund,21.0,0,Transient,95.0,0,0
City Hotel,1,273,2016,May,20,13,1,2,2,0.0,0,BB,PRT,Offline TA/TO,TA/TO,0,0,0,A,A,0,Non Refund,21.0,0,Transient,95.0,0,0
City Hotel,1,91,2016,May,20,13,1,2,2,0.0,0,BB,FRA,Online TA,TA/TO,0,0,0,D,D,0,No Deposit,9.0,0,Transient-Party,140.4,0,0
City Hotel,0,129,2016,May,20,13,1,2,2,0.0,0,BB,DEU,Online TA,TA/TO,0,0,0,D,D,1,No Deposit,9.0,0,Transient,121.5,0,1
City Hotel,1,273,2016,May,20,13,1,2,2,0.0,0,BB,PRT,Offline TA/TO,TA/TO,0,0,0,A,A,0,Non Refund,21.0,0,Transient,95.0,0,0
City Hotel,1,273,2016,May,20,13,1,2,2,0.0,0,BB,PRT,Offline TA/TO,TA/TO,0,0,0,A,A,0,Non Refund,21.0,0,Transient,95.0,0,0
City Hotel,1,273,2016,May,20,13,1,2,2,0.0,0,BB,PRT,Offline TA/TO,TA/TO,0,0,0,A,A,0,Non Refund,21.0,0,Transient,95.0,0,0
City Hotel,1,273,2016,May,20,13,1,2,2,0.0,0,BB,PRT,Offline TA/TO,TA/TO,0,0,0,A,A,0,Non Refund,21.0,0,Transient,95.0,0,0
City Hotel,1,273,2016,May,20,13,1,2,2,0.0,0,BB,PRT,Offline TA/TO,TA/TO,0,0,0,A,A,0,Non Refund,21.0,0,Transient,95.0,0,0
City Hotel,0,309,2016,May,20,13,1,2,2,0.0,0,BB,FRA,Offline TA/TO,TA/TO,0,0,0,A,A,0,No Deposit,3.0,215,Transient-Party,65.0,0,0
City Hotel,0,309,2016,May,20,13,1,2,2,0.0,0,BB,FRA,Offline TA/TO,TA/TO,0,0,0,A,A,0,No Deposit,3.0,215,Transient-Party,65.0,0,0
City Hotel,1,309,2016,May,20,13,1,2,2,0.0,0,HB,PRT,Offline TA/TO,TA/TO,0,0,0,A,A,0,No Deposit,3.0,215,Transient-Party,101.0,0,0
City Hotel,1,309,2016,May,20,13,1,2,2,0.0,0,HB,PRT,Offline TA/TO,TA/TO,0,0,0,A,A,0,No Deposit,3.0,215,Transient-Party,101.0,0,0
City Hotel,1,273,2016,May,20,13,1,2,2,0.0,0,BB,PRT,Offline TA/TO,TA/TO,0,0,0,A,A,0,Non Refund,21.0,0,Transient,95.0,0,0
City Hotel,1,273,2016,May,20,13,1,2,2,0.0,0,BB,PRT,Offline TA/TO,TA/TO,0,0,0,A,A,0,Non Refund,21.0,0,Transient,95.0,0,0
City Hotel,1,273,2016,May,20,13,1,2,2,0.0,0,BB,PRT,Offline TA/TO,TA/TO,0,0,0,A,A,0,Non Refund,21.0,0,Transient,95.0,0,0
City Hotel,1,309,2016,May,20,13,1,2,2,0.0,0,HB,PRT,Offline TA/TO,TA/TO,0,0,0,A,A,0,No Deposit,3.0,215,Transient-Party,101.0,0,0
City Hotel,1,273,2016,May,20,13,1,2,2,0.0,0,BB,PRT,Offline TA/TO,TA/TO,0,0,0,A,A,0,Non Refund,21.0,0,Transient,95.0,0,0
City Hotel,1,273,2016,May,20,13,1,2,2,0.0,0,BB,PRT,Offline TA/TO,TA/TO,0,0,0,A,A,0,Non Refund,21.0,0,Transient,95.0,0,0
City Hotel,1,273,2016,May,20,13,1,2,2,0.0,0,BB,PRT,Offline TA/TO,TA/TO,0,0,0,A,A,0,Non Refund,21.0,0,Transient,95.0,0,0
City Hotel,1,273,2016,May,20,13,1,2,2,0.0,0,BB,PRT,Offline TA/TO,TA/TO,0,0,0,A,A,0,Non Refund,21.0,0,Transient,95.0,0,0
City Hotel,0,309,2016,May,20,13,1,2,2,0.0,0,BB,FRA,Offline TA/TO,TA/TO,0,0,0,A,A,0,No Deposit,3.0,215,Transient-Party,65.0,0,0
City Hotel,1,273,2016,May,20,13,1,2,2,0.0,0,BB,PRT,Offline TA/TO,TA/TO,0,0,0,A,A,0,Non Refund,21.0,0,Transient,95.0,0,0
City Hotel,1,273,2016,May,20,13,1,2,2,0.0,0,BB,PRT,Offline TA/TO,TA/TO,0,0,0,A,A,0,Non Refund,21.0,0,Transient,95.0,0,0
City Hotel,1,273,2016,May,20,13,1,2,2,0.0,0,BB,PRT,Offline TA/TO,TA/TO,0,0,0,A,A,0,Non Refund,21.0,0,Transient,95.0,0,0
City Hotel,1,273,2016,May,20,13,1,2,2,0.0,0,BB,PRT,Offline TA/TO,TA/TO,0,0,0,A,A,0,Non Refund,21.0,0,Transient,95.0,0,0
City Hotel,1,273,2016,May,20,13,1,2,2,0.0,0,BB,PRT,Offline TA/TO,TA/TO,0,0,0,A,A,0,Non Refund,21.0,0,Transient,95.0,0,0
City Hotel,0,309,2016,May,20,13,1,2,2,0.0,0,BB,FRA,Offline TA/TO,TA/TO,0,0,0,A,A,0,No Deposit,3.0,215,Transient-Party,65.0,0,0
City Hotel,1,309,2016,May,20,13,1,2,2,0.0,0,HB,PRT,Offline TA/TO,TA/TO,0,0,0,A,A,0,No Deposit,3.0,215,Transient-Party,101.0,0,0
City Hotel,1,273,2016,May,20,13,1,2,2,0.0,0,BB,PRT,Offline TA/TO,TA/TO,0,0,0,A,A,0,Non Refund,21.0,0,Transient,95.0,0,0
City Hotel,1,273,2016,May,20,13,1,2,2,0.0,0,BB,PRT,Offline TA/TO,TA/TO,0,0,0,A,A,0,Non Refund,21.0,0,Transient,95.0,0,0
City Hotel,1,273,2016,May,20,13,1,2,2,0.0,0,BB,PRT,Offline TA/TO,TA/TO,0,0,0,A,A,0,Non Refund,21.0,0,Transient,95.0,0,0
City Hotel,1,273,2016,May,20,13,1,2,2,0.0,0,BB,PRT,Offline TA/TO,TA/TO,0,0,0,A,A,0,Non Refund,21.0,0,Transient,95.0,0,0
City Hotel,1,91,2016,May,20,13,1,2,2,0.0,0,BB,FRA,Online TA,TA/TO,0,0,0,F,F,0,No Deposit,9.0,0,Transient-Party,198.9,0,0
City Hotel,1,38,2016,May,20,13,1,2,2,0.0,0,BB,FRA,Online TA,TA/TO,0,0,0,D,D,0,No Deposit,9.0,0,Transient,140.4,0,0
City Hotel,1,273,2016,May,20,13,1,2,2,0.0,0,BB,PRT,Offline TA/TO,TA/TO,0,0,0,A,A,0,Non Refund,21.0,0,Transient,95.0,0,0
City Hotel,1,273,2016,May,20,13,1,2,2,0.0,0,BB,PRT,Offline TA/TO,TA/TO,0,0,0,A,A,0,Non Refund,21.0,0,Transient,95.0,0,0
City Hotel,1,273,2016,May,20,13,1,2,2,0.0,0,BB,PRT,Offline TA/TO,TA/TO,0,0,0,A,A,0,Non Refund,21.0,0,Transient,95.0,0,0
City Hotel,0,309,2016,May,20,13,1,2,2,0.0,0,BB,FRA,Offline TA/TO,TA/TO,0,0,0,A,A,0,No Deposit,3.0,215,Transient-Party,65.0,0,0
City Hotel,1,309,2016,May,20,13,1,2,2,0.0,0,HB,PRT,Offline TA/TO,TA/TO,0,0,0,A,A,0,No Deposit,3.0,215,Transient-Party,101.0,0,0
City Hotel,1,273,2016,May,20,13,1,2,2,0.0,0,BB,PRT,Offline TA/TO,TA/TO,0,0,0,A,A,0,Non Refund,21.0,0,Transient,95.0,0,0
City Hotel,1,273,2016,May,20,13,1,2,2,0.0,0,BB,PRT,Offline TA/TO,TA/TO,0,0,0,A,A,0,Non Refund,21.0,0,Transient,95.0,0,0
City Hotel,1,273,2016,May,20,13,1,2,2,0.0,0,BB,PRT,Offline TA/TO,TA/TO,0,0,0,A,A,0,Non Refund,21.0,0,Transient,95.0,0,0
City Hotel,1,309,2016,May,20,13,1,2,2,0.0,0,HB,PRT,Offline TA/TO,TA/TO,0,0,0,A,A,0,No Deposit,3.0,215,Transient-Party,101.0,0,0
City Hotel,1,91,2016,May,20,13,1,2,2,0.0,0,BB,FRA,Online TA,TA/TO,0,0,0,D,D,0,No Deposit,9.0,0,Transient-Party,140.4,0,0
City Hotel,1,91,2016,May,20,13,1,2,2,0.0,0,BB,FRA,Online TA,TA/TO,0,0,0,D,D,0,No Deposit,9.0,0,Transient-Party,140.4,0,0
City Hotel,1,309,2016,May,20,13,1,2,2,0.0,0,HB,PRT,Offline TA/TO,TA/TO,0,0,0,A,A,0,No Deposit,3.0,215,Transient-Party,101.0,0,0
City Hotel,1,309,2016,May,20,13,1,2,2,0.0,0,HB,PRT,Offline TA/TO,TA/TO,0,0,0,A,A,0,No Deposit,3.0,215,Transient-Party,101.0,0,0
City Hotel,1,273,2016,May,20,13,1,2,2,0.0,0,BB,PRT,Offline TA/TO,TA/TO,0,0,0,A,A,0,Non Refund,21.0,0,Transient,95.0,0,0
City Hotel,1,273,2016,May,20,13,1,2,2,0.0,0,BB,PRT,Offline TA/TO,TA/TO,0,0,0,A,A,0,Non Refund,21.0,0,Transient,95.0,0,0
City Hotel,1,273,2016,May,20,13,1,2,2,0.0,0,BB,PRT,Offline TA/TO,TA/TO,0,0,0,A,A,0,Non Refund,21.0,0,Transient,95.0,0,0
City Hotel,1,273,2016,May,20,13,1,2,2,0.0,0,BB,PRT,Offline TA/TO,TA/TO,0,0,0,A,A,0,Non Refund,21.0,0,Transient,95.0,0,0
City Hotel,1,309,2016,May,20,13,1,2,2,0.0,0,HB,PRT,Offline TA/TO,TA/TO,0,0,0,A,A,0,No Deposit,3.0,215,Transient-Party,101.0,0,0
City Hotel,1,309,2016,May,20,13,1,2,2,0.0,0,HB,PRT,Offline TA/TO,TA/TO,0,0,0,A,A,0,No Deposit,3.0,215,Transient-Party,101.0,0,0
City Hotel,1,273,2016,May,20,13,1,2,2,0.0,0,BB,PRT,Offline TA/TO,TA/TO,0,0,0,A,A,0,Non Refund,21.0,0,Transient,95.0,0,0
City Hotel,1,273,2016,May,20,13,1,2,2,0.0,0,BB,PRT,Offline TA/TO,TA/TO,0,0,0,A,A,0,Non Refund,21.0,0,Transient,95.0,0,0
City Hotel,1,273,2016,May,20,13,1,2,2,0.0,0,BB,PRT,Offline TA/TO,TA/TO,0,0,0,A,A,0,Non Refund,21.0,0,Transient,95.0,0,0
City Hotel,0,159,2016,May,20,13,2,2,2,0.0,0,BB,DEU,Online TA,TA/TO,0,0,0,A,A,1,No Deposit,9.0,0,Transient,114.75,0,1
City Hotel,1,123,2016,May,20,13,2,2,2,0.0,0,BB,FRA,Online TA,TA/TO,0,0,0,A,A,0,No Deposit,9.0,0,Transient,113.55,0,0
City Hotel,0,159,2016,May,20,13,2,2,2,0.0,0,BB,DEU,Online TA,TA/TO,0,0,0,A,A,2,No Deposit,9.0,0,Transient,114.75,0,1
City Hotel,0,132,2016,May,20,13,2,2,2,0.0,0,BB,AUT,Online TA,TA/TO,0,0,0,D,D,0,No Deposit,9.0,0,Transient,113.05,0,1
City Hotel,1,51,2016,May,20,13,2,2,2,0.0,0,BB,DEU,Online TA,TA/TO,0,0,0,D,D,0,No Deposit,9.0,0,Transient,140.4,0,0
City Hotel,0,132,2016,May,20,13,2,2,2,0.0,0,BB,AUT,Online TA,TA/TO,0,0,0,D,D,0,No Deposit,9.0,0,Transient,113.05,0,1
City Hotel,1,276,2016,May,20,13,2,3,2,0.0,0,BB,PRT,Offline TA/TO,TA/TO,0,0,0,A,A,0,Non Refund,21.0,160,Transient,61.0,0,0
City Hotel,1,276,2016,May,20,13,2,3,2,0.0,0,BB,PRT,Offline TA/TO,TA/TO,0,0,0,A,A,0,Non Refund,21.0,160,Transient,61.0,0,0
City Hotel,1,276,2016,May,20,13,2,3,2,0.0,0,BB,PRT,Offline TA/TO,TA/TO,0,0,0,A,A,0,Non Refund,21.0,160,Transient,61.0,0,0
City Hotel,1,276,2016,May,20,13,2,3,2,0.0,0,BB,PRT,Offline TA/TO,TA/TO,0,0,0,A,A,0,Non Refund,21.0,160,Transient,61.0,0,0
City Hotel,1,276,2016,May,20,13,2,3,2,0.0,0,BB,PRT,Offline TA/TO,TA/TO,0,0,0,A,A,0,Non Refund,21.0,160,Transient,61.0,0,0
City Hotel,1,276,2016,May,20,13,2,3,2,0.0,0,BB,PRT,Offline TA/TO,TA/TO,0,0,0,A,A,0,Non Refund,21.0,160,Transient,61.0,0,0
City Hotel,1,276,2016,May,20,13,2,3,2,0.0,0,BB,PRT,Offline TA/TO,TA/TO,0,0,0,A,A,0,Non Refund,21.0,160,Transient,61.0,0,0
City Hotel,1,276,2016,May,20,13,2,3,2,0.0,0,BB,PRT,Offline TA/TO,TA/TO,0,0,0,A,A,0,Non Refund,21.0,160,Transient,61.0,0,0
City Hotel,1,276,2016,May,20,13,2,3,2,0.0,0,BB,PRT,Offline TA/TO,TA/TO,0,0,0,A,A,0,Non Refund,21.0,160,Transient,61.0,0,0
City Hotel,1,276,2016,May,20,13,2,3,2,0.0,0,BB,PRT,Offline TA/TO,TA/TO,0,0,0,A,A,0,Non Refund,21.0,160,Transient,61.0,0,0
City Hotel,1,276,2016,May,20,13,2,3,2,0.0,0,BB,PRT,Offline TA/TO,TA/TO,0,0,0,A,A,0,Non Refund,21.0,160,Transient,61.0,0,0
City Hotel,1,276,2016,May,20,13,2,3,2,0.0,0,BB,PRT,Offline TA/TO,TA/TO,0,0,0,A,A,0,Non Refund,21.0,160,Transient,61.0,0,0
City Hotel,1,276,2016,May,20,13,2,3,2,0.0,0,BB,PRT,Offline TA/TO,TA/TO,0,0,0,A,A,0,Non Refund,21.0,160,Transient,61.0,0,0
City Hotel,1,57,2016,May,20,13,2,3,2,0.0,0,SC,NLD,Online TA,TA/TO,0,0,0,A,A,0,No Deposit,9.0,0,Transient,109.65,0,0
City Hotel,1,276,2016,May,20,13,2,3,2,0.0,0,BB,PRT,Offline TA/TO,TA/TO,0,0,0,A,A,0,Non Refund,21.0,160,Transient,61.0,0,0
City Hotel,1,276,2016,May,20,13,2,3,2,0.0,0,BB,PRT,Offline TA/TO,TA/TO,0,0,0,A,A,0,Non Refund,21.0,160,Transient,61.0,0,0
City Hotel,1,276,2016,May,20,13,2,3,2,0.0,0,BB,PRT,Offline TA/TO,TA/TO,0,0,0,A,A,0,Non Refund,21.0,160,Transient,61.0,0,0
City Hotel,1,276,2016,May,20,13,2,3,2,0.0,0,BB,PRT,Offline TA/TO,TA/TO,0,0,0,A,A,0,Non Refund,21.0,160,Transient,61.0,0,0
City Hotel,1,76,2016,May,20,13,2,3,2,0.0,0,BB,HUN,Online TA,TA/TO,0,0,0,A,A,2,No Deposit,9.0,0,Transient,119.85,0,0
City Hotel,1,276,2016,May,20,13,2,3,2,0.0,0,BB,PRT,Offline TA/TO,TA/TO,0,0,0,A,A,0,Non Refund,21.0,160,Transient,61.0,0,0
City Hotel,1,276,2016,May,20,13,2,3,2,0.0,0,BB,PRT,Offline TA/TO,TA/TO,0,0,0,A,A,0,Non Refund,21.0,160,Transient,61.0,0,0
City Hotel,1,276,2016,May,20,13,2,3,2,0.0,0,BB,PRT,Offline TA/TO,TA/TO,0,0,0,A,A,0,Non Refund,21.0,160,Transient,61.0,0,0
City Hotel,1,276,2016,May,20,13,2,3,2,0.0,0,BB,PRT,Offline TA/TO,TA/TO,0,0,0,A,A,0,Non Refund,21.0,160,Transient,61.0,0,0
City Hotel,1,276,2016,May,20,13,2,3,2,0.0,0,BB,PRT,Offline TA/TO,TA/TO,0,0,0,A,A,0,Non Refund,21.0,160,Transient,61.0,0,0
City Hotel,1,276,2016,May,20,13,2,3,2,0.0,0,BB,PRT,Offline TA/TO,TA/TO,0,0,0,A,A,0,Non Refund,21.0,160,Transient,61.0,0,0
City Hotel,1,57,2016,May,20,13,2,3,2,0.0,0,BB,DEU,Online TA,TA/TO,0,0,0,A,A,0,No Deposit,9.0,0,Transient,119.85,0,0
City Hotel,1,276,2016,May,20,13,2,3,2,0.0,0,BB,PRT,Offline TA/TO,TA/TO,0,0,0,A,A,0,Non Refund,21.0,160,Transient,61.0,0,0
City Hotel,1,276,2016,May,20,13,2,3,2,0.0,0,BB,PRT,Offline TA/TO,TA/TO,0,0,0,A,A,0,Non Refund,21.0,160,Transient,61.0,0,0
City Hotel,1,56,2016,May,20,13,2,5,2,0.0,0,BB,AUT,Online TA,TA/TO,0,0,0,D,D,0,No Deposit,9.0,0,Transient,132.6,0,0
City Hotel,1,43,2016,May,20,14,0,1,2,0.0,0,BB,PRT,Online TA,TA/TO,0,0,0,D,D,0,No Deposit,9.0,0,Transient,140.4,0,0
City Hotel,1,121,2016,May,20,14,1,1,2,0.0,0,HB,PRT,Groups,TA/TO,0,0,0,A,A,0,Non Refund,1.0,0,Transient,96.0,0,0
City Hotel,1,121,2016,May,20,14,1,1,2,0.0,0,HB,PRT,Groups,TA/TO,0,0,0,A,A,0,Non Refund,1.0,0,Transient,96.0,0,0
City Hotel,0,297,2016,May,20,14,1,1,2,0.0,0,BB,FRA,Groups,TA/TO,0,0,0,A,A,0,No Deposit,1.0,236,Transient-Party,65.0,0,0
City Hotel,0,297,2016,May,20,14,1,1,2,0.0,0,BB,FRA,Groups,TA/TO,0,0,0,A,A,0,No Deposit,1.0,236,Transient-Party,65.0,0,0
City Hotel,1,121,2016,May,20,14,1,1,2,0.0,0,HB,PRT,Groups,TA/TO,0,0,0,A,A,0,Non Refund,1.0,0,Transient,96.0,0,0
City Hotel,0,297,2016,May,20,14,1,1,2,0.0,0,BB,FRA,Groups,TA/TO,0,0,0,A,A,0,No Deposit,1.0,236,Transient-Party,65.0,0,0
City Hotel,0,297,2016,May,20,14,1,1,2,0.0,0,BB,FRA,Groups,TA/TO,0,0,0,A,A,0,No Deposit,1.0,236,Transient-Party,65.0,0,0
City Hotel,0,297,2016,May,20,14,1,1,2,0.0,0,BB,FRA,Groups,TA/TO,0,0,0,A,A,0,No Deposit,1.0,236,Transient-Party,65.0,0,0
City Hotel,0,297,2016,May,20,14,1,1,2,0.0,0,BB,FRA,Groups,TA/TO,0,0,0,A,A,0,No Deposit,1.0,236,Transient-Party,65.0,0,0
City Hotel,1,121,2016,May,20,14,1,1,2,0.0,0,HB,PRT,Groups,TA/TO,0,0,0,A,A,0,Non Refund,1.0,0,Transient,96.0,0,0
City Hotel,1,121,2016,May,20,14,1,1,2,0.0,0,HB,PRT,Groups,TA/TO,0,0,0,A,A,0,Non Refund,1.0,0,Transient,96.0,0,0
City Hotel,0,297,2016,May,20,14,1,1,2,0.0,0,BB,FRA,Groups,TA/TO,0,0,0,A,A,0,No Deposit,1.0,236,Transient-Party,65.0,0,0
City Hotel,1,121,2016,May,20,14,1,1,2,0.0,0,HB,PRT,Groups,TA/TO,0,0,0,A,A,0,Non Refund,1.0,0,Transient,96.0,0,0
City Hotel,0,297,2016,May,20,14,1,1,2,0.0,0,BB,FRA,Groups,TA/TO,0,0,0,A,A,0,No Deposit,1.0,236,Transient-Party,65.0,0,0
City Hotel,1,121,2016,May,20,14,1,1,2,0.0,0,HB,PRT,Groups,TA/TO,0,0,0,A,A,0,Non Refund,1.0,0,Transient,96.0,0,0
City Hotel,0,297,2016,May,20,14,1,1,2,0.0,0,BB,FRA,Groups,TA/TO,0,0,0,A,A,0,No Deposit,1.0,236,Transient-Party,65.0,0,0
City Hotel,0,297,2016,May,20,14,1,1,2,0.0,0,BB,FRA,Groups,TA/TO,0,0,0,A,A,0,No Deposit,1.0,236,Transient-Party,65.0,0,0
City Hotel,1,121,2016,May,20,14,1,1,2,0.0,0,HB,PRT,Groups,TA/TO,0,0,0,A,A,0,Non Refund,1.0,0,Transient,96.0,0,0
City Hotel,0,297,2016,May,20,14,1,1,2,0.0,0,BB,FRA,Groups,TA/TO,0,0,0,A,A,0,No Deposit,1.0,236,Transient-Party,65.0,0,0
City Hotel,0,297,2016,May,20,14,1,1,2,0.0,0,BB,FRA,Groups,TA/TO,0,0,0,A,A,0,No Deposit,1.0,236,Transient-Party,65.0,0,0
City Hotel,0,297,2016,May,20,14,1,1,2,0.0,0,BB,FRA,Groups,TA/TO,0,0,0,A,A,0,No Deposit,1.0,236,Transient-Party,65.0,0,0
City Hotel,0,297,2016,May,20,14,1,1,2,0.0,0,BB,FRA,Groups,TA/TO,0,0,0,A,A,0,No Deposit,1.0,236,Transient-Party,65.0,0,0
City Hotel,0,297,2016,May,20,14,1,1,2,0.0,0,BB,FRA,Groups,TA/TO,0,0,0,A,A,0,No Deposit,1.0,236,Transient-Party,65.0,0,0
City Hotel,0,297,2016,May,20,14,1,1,2,0.0,0,BB,FRA,Groups,TA/TO,0,0,0,A,A,1,No Deposit,1.0,236,Transient-Party,32.5,0,0
City Hotel,0,297,2016,May,20,14,1,1,2,0.0,0,BB,PRT,Groups,TA/TO,0,0,0,A,A,0,No Deposit,1.0,236,Transient-Party,65.0,0,0
City Hotel,1,121,2016,May,20,14,1,1,2,0.0,0,HB,PRT,Groups,TA/TO,0,0,0,A,A,0,Non Refund,1.0,0,Transient,96.0,0,0
City Hotel,1,121,2016,May,20,14,1,1,2,0.0,0,HB,PRT,Groups,TA/TO,0,0,0,A,A,0,Non Refund,1.0,0,Transient,96.0,0,0
City Hotel,0,297,2016,May,20,14,1,1,2,0.0,0,BB,FRA,Groups,TA/TO,0,0,0,A,A,0,No Deposit,1.0,236,Transient-Party,65.0,0,0
City Hotel,0,297,2016,May,20,14,1,1,2,0.0,0,BB,FRA,Groups,TA/TO,0,0,0,A,A,0,No Deposit,1.0,236,Transient-Party,65.0,0,0
City Hotel,0,297,2016,May,20,14,1,1,2,0.0,0,BB,FRA,Groups,TA/TO,0,0,0,A,A,0,No Deposit,1.0,236,Transient-Party,65.0,0,0
City Hotel,1,80,2016,May,20,14,2,1,2,0.0,0,BB,AUT,Online TA,TA/TO,0,0,0,A,A,0,No Deposit,9.0,0,Transient,126.9,0,0
City Hotel,0,133,2016,May,20,14,2,2,2,0.0,0,BB,NLD,Online TA,TA/TO,0,0,0,D,D,0,No Deposit,9.0,0,Transient,113.05,0,0
City Hotel,0,136,2016,May,20,14,2,2,2,0.0,0,BB,NOR,Online TA,TA/TO,0,0,0,D,D,2,No Deposit,9.0,0,Transient,113.05,0,1
City Hotel,1,81,2016,May,20,14,2,2,2,0.0,0,BB,ITA,Online TA,TA/TO,0,0,0,A,A,0,No Deposit,9.0,0,Transient,119.85,0,0
City Hotel,1,72,2016,May,20,14,2,2,2,0.0,0,BB,ESP,Online TA,TA/TO,0,0,0,A,A,0,No Deposit,9.0,0,Transient,119.85,0,1
City Hotel,1,121,2016,May,20,14,2,2,2,0.0,0,BB,DEU,Online TA,TA/TO,0,0,0,D,D,0,No Deposit,9.0,0,Transient,113.05,0,0
City Hotel,1,85,2016,May,20,14,2,4,2,0.0,0,SC,ITA,Online TA,TA/TO,0,0,0,A,A,0,No Deposit,9.0,0,Transient,109.65,0,0
City Hotel,0,138,2016,May,20,14,2,5,2,0.0,0,BB,FRA,Online TA,TA/TO,0,0,0,A,A,0,No Deposit,8.0,0,Transient,105.28,0,1
City Hotel,1,191,2016,May,21,15,1,0,2,0.0,0,BB,PRT,Online TA,TA/TO,0,0,0,A,A,1,No Deposit,8.0,0,Transient,106.2,0,1
City Hotel,1,81,2016,May,21,15,2,0,2,0.0,0,BB,PRT,Groups,TA/TO,0,0,0,A,A,0,No Deposit,133.0,0,Transient-Party,90.0,0,0
City Hotel,1,81,2016,May,21,15,2,0,2,0.0,0,BB,PRT,Groups,TA/TO,0,0,0,A,A,0,No Deposit,133.0,0,Transient-Party,90.0,0,0
City Hotel,1,81,2016,May,21,15,2,0,2,0.0,0,BB,PRT,Groups,TA/TO,0,0,0,A,A,0,No Deposit,133.0,0,Transient-Party,90.0,0,0
City Hotel,1,127,2016,May,21,15,2,1,2,0.0,0,BB,FRA,Direct,Direct,0,0,0,A,A,0,No Deposit,14.0,0,Transient,103.5,0,0
City Hotel,1,63,2016,May,21,15,2,1,2,0.0,0,BB,BRA,Online TA,TA/TO,0,0,0,A,A,0,No Deposit,9.0,0,Transient,126.9,0,0
City Hotel,1,36,2016,May,21,15,2,1,2,0.0,0,BB,CHE,Direct,Direct,0,0,0,A,A,2,No Deposit,14.0,0,Transient,118.65,0,2
City Hotel,0,132,2016,May,21,15,2,1,2,0.0,0,BB,GBR,Online TA,TA/TO,0,0,0,D,D,0,No Deposit,9.0,0,Transient,114.3,0,1
City Hotel,0,131,2016,May,21,15,2,1,2,0.0,0,BB,BEL,Direct,Direct,0,0,0,E,E,0,No Deposit,14.0,0,Transient,135.9,0,2
City Hotel,0,134,2016,May,21,15,2,2,2,0.0,0,SC,FRA,Online TA,TA/TO,0,0,0,A,A,0,No Deposit,9.0,0,Transient,89.25,0,1
City Hotel,1,30,2016,May,21,15,2,2,2,0.0,0,BB,FRA,Online TA,TA/TO,0,0,0,A,A,0,No Deposit,9.0,0,Transient,126.9,0,1
City Hotel,0,141,2016,May,21,15,2,2,2,0.0,0,BB,DEU,Online TA,TA/TO,0,0,0,A,A,0,No Deposit,9.0,0,Transient-Party,104.55,0,1
City Hotel,1,126,2016,May,21,15,2,2,2,0.0,0,SC,CHE,Online TA,TA/TO,0,0,0,A,A,0,No Deposit,9.0,0,Transient,89.25,0,0
City Hotel,0,141,2016,May,21,15,2,2,2,0.0,0,BB,DEU,Online TA,TA/TO,0,0,0,A,A,0,No Deposit,9.0,0,Transient-Party,104.55,0,2
City Hotel,1,116,2016,May,21,15,2,3,2,0.0,0,SC,FRA,Online TA,TA/TO,0,0,0,A,A,0,No Deposit,9.0,0,Transient,89.25,0,0
City Hotel,1,74,2016,May,21,15,2,3,2,0.0,0,BB,DEU,Online TA,TA/TO,0,0,0,D,D,0,No Deposit,9.0,0,Transient,132.6,0,0
City Hotel,1,41,2016,May,21,16,1,0,2,0.0,0,BB,GBR,Online TA,TA/TO,0,0,0,A,A,0,No Deposit,9.0,0,Transient,126.9,0,0
City Hotel,1,84,2016,May,21,16,1,2,2,0.0,0,BB,AUS,Online TA,TA/TO,0,0,0,A,A,0,No Deposit,9.0,0,Transient,126.9,0,0
City Hotel,1,451,2016,May,21,16,1,2,2,0.0,0,BB,PRT,Groups,TA/TO,0,0,0,A,A,0,Non Refund,1.0,0,Transient,60.0,0,0
City Hotel,1,451,2016,May,21,16,1,2,2,0.0,0,BB,PRT,Groups,TA/TO,0,0,0,A,A,0,Non Refund,1.0,0,Transient,60.0,0,0
City Hotel,1,451,2016,May,21,16,1,2,2,0.0,0,BB,PRT,Groups,TA/TO,0,0,0,A,A,0,Non Refund,1.0,0,Transient,60.0,0,0
City Hotel,1,451,2016,May,21,16,1,2,2,0.0,0,BB,PRT,Groups,TA/TO,0,0,0,A,A,0,Non Refund,1.0,0,Transient,60.0,0,0
City Hotel,1,451,2016,May,21,16,1,2,2,0.0,0,BB,PRT,Groups,TA/TO,0,0,0,A,A,0,Non Refund,1.0,0,Transient,60.0,0,0
City Hotel,1,451,2016,May,21,16,1,2,2,0.0,0,BB,PRT,Groups,TA/TO,0,0,0,A,A,0,Non Refund,1.0,0,Transient,60.0,0,0
City Hotel,1,451,2016,May,21,16,1,2,2,0.0,0,BB,PRT,Groups,TA/TO,0,0,0,A,A,0,Non Refund,1.0,0,Transient,60.0,0,0
City Hotel,1,451,2016,May,21,16,1,2,2,0.0,0,BB,PRT,Groups,TA/TO,0,0,0,A,A,0,Non Refund,1.0,0,Transient,60.0,0,0
City Hotel,1,451,2016,May,21,16,1,2,2,0.0,0,BB,PRT,Groups,TA/TO,0,0,0,A,A,0,Non Refund,1.0,0,Transient,60.0,0,0
City Hotel,1,451,2016,May,21,16,1,2,2,0.0,0,BB,PRT,Groups,TA/TO,0,0,0,A,A,0,Non Refund,1.0,0,Transient,60.0,0,0
City Hotel,1,451,2016,May,21,16,1,2,2,0.0,0,BB,PRT,Groups,TA/TO,0,0,0,A,A,0,Non Refund,1.0,0,Transient,60.0,0,0
City Hotel,1,451,2016,May,21,16,1,2,2,0.0,0,BB,PRT,Groups,TA/TO,0,0,0,A,A,0,Non Refund,1.0,0,Transient,60.0,0,0
City Hotel,1,451,2016,May,21,16,1,2,2,0.0,0,BB,PRT,Groups,TA/TO,0,0,0,A,A,0,Non Refund,1.0,0,Transient,60.0,0,0
City Hotel,1,451,2016,May,21,16,1,2,2,0.0,0,BB,PRT,Groups,TA/TO,0,0,0,A,A,0,Non Refund,1.0,0,Transient,60.0,0,0
City Hotel,1,451,2016,May,21,16,1,2,2,0.0,0,BB,PRT,Groups,TA/TO,0,0,0,A,A,0,Non Refund,1.0,0,Transient,60.0,0,0
City Hotel,1,451,2016,May,21,16,1,2,2,0.0,0,BB,PRT,Groups,TA/TO,0,0,0,A,A,0,Non Refund,1.0,0,Transient,60.0,0,0
City Hotel,1,451,2016,May,21,16,1,2,2,0.0,0,BB,PRT,Groups,TA/TO,0,0,0,A,A,0,Non Refund,1.0,0,Transient,60.0,0,0
City Hotel,1,451,2016,May,21,16,1,2,2,0.0,0,BB,PRT,Groups,TA/TO,0,0,0,A,A,0,Non Refund,1.0,0,Transient,60.0,0,0
City Hotel,1,451,2016,May,21,16,1,2,2,0.0,0,BB,PRT,Groups,TA/TO,0,0,0,A,A,0,Non Refund,1.0,0,Transient,60.0,0,0
City Hotel,1,451,2016,May,21,16,1,2,2,0.0,0,BB,PRT,Groups,TA/TO,0,0,0,A,A,0,Non Refund,1.0,0,Transient,60.0,0,0
City Hotel,1,451,2016,May,21,16,1,2,2,0.0,0,BB,PRT,Groups,TA/TO,0,0,0,A,A,0,Non Refund,1.0,0,Transient,60.0,0,0
City Hotel,1,451,2016,May,21,16,1,2,2,0.0,0,BB,PRT,Groups,TA/TO,0,0,0,A,A,0,Non Refund,1.0,0,Transient,60.0,0,0
City Hotel,1,451,2016,May,21,16,1,2,2,0.0,0,BB,PRT,Groups,TA/TO,0,0,0,A,A,0,Non Refund,1.0,0,Transient,60.0,0,0
City Hotel,1,451,2016,May,21,16,1,2,2,0.0,0,BB,PRT,Groups,TA/TO,0,0,0,A,A,0,Non Refund,1.0,0,Transient,60.0,0,0
City Hotel,1,451,2016,May,21,16,1,2,2,0.0,0,BB,PRT,Groups,TA/TO,0,0,0,A,A,0,Non Refund,1.0,0,Transient,60.0,0,0
City Hotel,1,451,2016,May,21,16,1,2,2,0.0,0,BB,PRT,Groups,TA/TO,0,0,0,A,A,0,Non Refund,1.0,0,Transient,60.0,0,0
City Hotel,1,451,2016,May,21,16,1,2,2,0.0,0,BB,PRT,Groups,TA/TO,0,0,0,A,A,0,Non Refund,1.0,0,Transient,60.0,0,0
City Hotel,1,451,2016,May,21,16,1,2,2,0.0,0,BB,PRT,Groups,TA/TO,0,0,0,A,A,0,Non Refund,1.0,0,Transient,60.0,0,0
City Hotel,1,451,2016,May,21,16,1,2,2,0.0,0,BB,PRT,Groups,TA/TO,0,0,0,A,A,0,Non Refund,1.0,0,Transient,60.0,0,0
City Hotel,1,451,2016,May,21,16,1,2,2,0.0,0,BB,PRT,Groups,TA/TO,0,0,0,A,A,0,Non Refund,1.0,0,Transient,60.0,0,0
City Hotel,0,132,2016,May,21,16,1,2,2,0.0,0,BB,NLD,Online TA,TA/TO,0,0,0,A,A,0,No Deposit,9.0,0,Transient,105.3,0,1
City Hotel,0,155,2016,May,21,16,1,3,2,0.0,0,BB,LUX,Online TA,TA/TO,0,0,0,A,A,0,No Deposit,7.0,0,Transient,76.58,0,1
City Hotel,0,136,2016,May,21,16,1,3,2,0.0,0,BB,NLD,Online TA,TA/TO,0,0,0,D,E,0,No Deposit,9.0,0,Transient,107.95,0,0
City Hotel,0,138,2016,May,21,16,1,3,2,0.0,0,BB,DEU,Direct,Direct,0,0,0,B,B,0,No Deposit,14.0,0,Transient,87.34,0,1
City Hotel,1,132,2016,May,21,16,1,3,2,0.0,0,SC,FRA,Online TA,TA/TO,0,0,0,A,A,0,No Deposit,9.0,0,Transient,89.25,0,0
City Hotel,0,139,2016,May,21,16,1,3,2,0.0,0,BB,DEU,Direct,Direct,0,0,0,B,B,1,No Deposit,14.0,0,Transient,87.34,0,1
City Hotel,1,84,2016,May,21,16,1,3,2,0.0,0,SC,CHN,Online TA,TA/TO,0,0,0,A,A,0,No Deposit,9.0,0,Transient,109.65,0,1
City Hotel,1,286,2016,May,21,17,0,1,2,0.0,0,BB,PRT,Groups,TA/TO,0,0,0,A,A,0,Non Refund,1.0,75,Transient,65.0,0,0
City Hotel,1,286,2016,May,21,17,0,1,2,0.0,0,BB,PRT,Groups,TA/TO,0,0,0,A,A,0,Non Refund,1.0,75,Transient,65.0,0,0
City Hotel,1,286,2016,May,21,17,0,1,2,0.0,0,BB,PRT,Groups,TA/TO,0,0,0,A,A,0,Non Refund,1.0,75,Transient,65.0,0,0
City Hotel,1,286,2016,May,21,17,0,1,2,0.0,0,BB,PRT,Groups,TA/TO,0,0,0,A,A,0,Non Refund,1.0,75,Transient,65.0,0,0
City Hotel,1,286,2016,May,21,17,0,1,2,0.0,0,BB,PRT,Groups,TA/TO,0,0,0,A,A,0,Non Refund,1.0,75,Transient,65.0,0,0
City Hotel,1,286,2016,May,21,17,0,1,2,0.0,0,BB,PRT,Groups,TA/TO,0,0,0,A,A,0,Non Refund,1.0,75,Transient,65.0,0,0
City Hotel,1,286,2016,May,21,17,0,1,2,0.0,0,BB,PRT,Groups,TA/TO,0,0,0,A,A,0,Non Refund,1.0,75,Transient,65.0,0,0
City Hotel,1,286,2016,May,21,17,0,1,2,0.0,0,BB,PRT,Groups,TA/TO,0,0,0,A,A,0,Non Refund,1.0,75,Transient,65.0,0,0
City Hotel,1,286,2016,May,21,17,0,1,2,0.0,0,BB,PRT,Groups,TA/TO,0,0,0,A,A,0,Non Refund,1.0,75,Transient,65.0,0,0
City Hotel,1,286,2016,May,21,17,0,1,2,0.0,0,BB,PRT,Groups,TA/TO,0,0,0,A,A,0,Non Refund,1.0,75,Transient,65.0,0,0
City Hotel,1,286,2016,May,21,17,0,1,2,0.0,0,BB,PRT,Groups,TA/TO,0,0,0,A,A,0,Non Refund,1.0,75,Transient,65.0,0,0
City Hotel,1,286,2016,May,21,17,0,1,2,0.0,0,BB,PRT,Groups,TA/TO,0,0,0,A,A,0,Non Refund,1.0,75,Transient,65.0,0,0
City Hotel,1,286,2016,May,21,17,0,1,2,0.0,0,BB,PRT,Groups,TA/TO,0,0,0,A,A,0,Non Refund,1.0,75,Transient,65.0,0,0
City Hotel,1,286,2016,May,21,17,0,1,2,0.0,0,BB,PRT,Groups,TA/TO,0,0,0,A,A,0,Non Refund,1.0,75,Transient,65.0,0,0
City Hotel,1,0,2016,May,21,17,0,1,2,0.0,0,BB,PRT,Direct,Direct,0,0,0,A,A,1,No Deposit,,0,Transient,12.0,0,0
City Hotel,1,286,2016,May,21,17,0,1,2,0.0,0,BB,PRT,Groups,TA/TO,0,0,0,A,A,0,Non Refund,1.0,75,Transient,65.0,0,0
City Hotel,1,286,2016,May,21,17,0,1,2,0.0,0,BB,PRT,Groups,TA/TO,0,0,0,A,A,0,Non Refund,1.0,75,Transient,65.0,0,0
City Hotel,1,286,2016,May,21,17,0,1,2,0.0,0,BB,PRT,Groups,TA/TO,0,0,0,A,A,0,Non Refund,1.0,75,Transient,65.0,0,0
City Hotel,1,286,2016,May,21,17,0,1,2,0.0,0,BB,PRT,Groups,TA/TO,0,0,0,A,A,0,Non Refund,1.0,75,Transient,65.0,0,0
City Hotel,1,286,2016,May,21,17,0,1,2,0.0,0,BB,PRT,Groups,TA/TO,0,0,0,A,A,0,Non Refund,1.0,75,Transient,65.0,0,0
City Hotel,1,286,2016,May,21,17,0,1,2,0.0,0,BB,PRT,Groups,TA/TO,0,0,0,A,A,0,Non Refund,1.0,75,Transient,65.0,0,0
City Hotel,1,64,2016,May,21,17,0,2,2,0.0,0,BB,PRT,Corporate,TA/TO,0,0,0,A,A,0,No Deposit,,0,Transient-Party,140.0,0,0
City Hotel,1,64,2016,May,21,17,0,2,2,0.0,0,BB,PRT,Corporate,TA/TO,0,0,0,A,A,0,No Deposit,,0,Transient-Party,140.0,0,0
City Hotel,1,82,2016,May,21,17,0,2,2,0.0,0,BB,PRT,Offline TA/TO,TA/TO,0,0,0,A,A,0,No Deposit,27.0,0,Transient,80.75,0,0
City Hotel,1,64,2016,May,21,17,0,2,2,0.0,0,BB,PRT,Corporate,TA/TO,0,0,0,A,B,1,No Deposit,,0,Transient-Party,140.0,0,0
City Hotel,1,217,2016,May,21,17,0,2,2,0.0,0,BB,PRT,Direct,Direct,0,0,0,A,A,0,No Deposit,14.0,0,Transient,95.4,0,0
City Hotel,1,45,2016,May,21,17,0,2,2,0.0,0,BB,PRT,Offline TA/TO,TA/TO,0,0,0,F,F,0,No Deposit,79.0,0,Transient,159.12,0,1
City Hotel,1,64,2016,May,21,17,0,2,2,0.0,0,BB,PRT,Corporate,TA/TO,0,0,0,A,A,0,No Deposit,,0,Transient-Party,140.0,0,0
City Hotel,1,64,2016,May,21,17,0,2,2,0.0,0,BB,PRT,Corporate,TA/TO,0,0,0,A,A,0,No Deposit,,0,Transient-Party,140.0,0,0
City Hotel,1,64,2016,May,21,17,0,2,2,0.0,0,BB,PRT,Corporate,TA/TO,0,0,0,A,B,1,No Deposit,,0,Transient-Party,140.0,0,0
City Hotel,1,31,2016,May,21,17,0,2,2,0.0,0,SC,CHE,Online TA,TA/TO,0,0,0,A,A,0,No Deposit,9.0,0,Transient,125.1,0,0
City Hotel,1,64,2016,May,21,17,0,2,2,0.0,0,BB,PRT,Corporate,TA/TO,0,0,0,A,A,0,No Deposit,,0,Transient-Party,140.0,0,0
City Hotel,1,64,2016,May,21,17,0,2,2,0.0,0,BB,PRT,Corporate,TA/TO,0,0,0,A,A,0,No Deposit,,0,Transient-Party,140.0,0,0
City Hotel,1,74,2016,May,21,17,0,3,2,0.0,0,BB,BRA,Online TA,TA/TO,0,0,0,A,A,0,No Deposit,9.0,0,Transient,126.9,0,0
City Hotel,1,134,2016,May,21,17,0,3,2,0.0,0,SC,NLD,Online TA,TA/TO,0,0,0,A,A,0,No Deposit,9.0,0,Transient,94.5,0,0
City Hotel,1,77,2016,May,21,17,0,3,2,0.0,0,BB,DEU,Online TA,TA/TO,0,0,0,D,D,0,No Deposit,9.0,0,Transient,140.4,0,0
City Hotel,0,133,2016,May,21,17,0,3,2,0.0,0,BB,NLD,Online TA,TA/TO,0,0,0,A,B,1,No Deposit,9.0,0,Transient-Party,105.3,0,0
City Hotel,1,134,2016,May,21,17,0,3,2,0.0,0,SC,NLD,Online TA,TA/TO,0,0,0,A,A,1,No Deposit,9.0,0,Transient,94.5,0,0
City Hotel,1,58,2016,May,21,17,0,3,2,0.0,0,SC,BRA,Online TA,TA/TO,0,0,0,A,A,0,No Deposit,9.0,0,Transient,116.1,0,0
City Hotel,0,133,2016,May,21,17,0,3,2,0.0,0,BB,NLD,Online TA,TA/TO,0,0,0,A,B,1,No Deposit,9.0,0,Transient-Party,99.9,0,0
City Hotel,0,323,2016,May,21,17,0,4,2,0.0,0,HB,PRT,Offline TA/TO,TA/TO,0,0,0,A,A,0,No Deposit,3.0,0,Transient-Party,112.0,0,1
City Hotel,0,323,2016,May,21,17,0,4,2,0.0,0,HB,PRT,Offline TA/TO,TA/TO,0,0,0,A,A,0,No Deposit,3.0,0,Transient-Party,112.0,0,1
City Hotel,1,323,2016,May,21,17,0,4,2,0.0,0,BB,PRT,Offline TA/TO,TA/TO,0,0,0,A,A,0,No Deposit,3.0,0,Transient-Party,70.0,0,0
City Hotel,1,323,2016,May,21,17,0,4,2,0.0,0,BB,PRT,Offline TA/TO,TA/TO,0,0,0,A,A,0,No Deposit,3.0,0,Transient-Party,70.0,0,0
City Hotel,0,323,2016,May,21,17,0,4,2,0.0,0,HB,PRT,Offline TA/TO,TA/TO,0,0,0,A,A,0,No Deposit,3.0,0,Transient-Party,112.0,0,1
City Hotel,0,323,2016,May,21,17,0,4,2,0.0,0,HB,PRT,Offline TA/TO,TA/TO,0,0,0,A,A,0,No Deposit,3.0,0,Transient-Party,112.0,0,1
City Hotel,1,323,2016,May,21,17,0,4,2,0.0,0,BB,PRT,Offline TA/TO,TA/TO,0,0,0,A,A,0,No Deposit,3.0,0,Transient-Party,70.0,0,0
City Hotel,1,323,2016,May,21,17,0,4,2,0.0,0,BB,PRT,Offline TA/TO,TA/TO,0,0,0,A,A,0,No Deposit,3.0,0,Transient-Party,70.0,0,0
City Hotel,1,323,2016,May,21,17,0,4,2,0.0,0,BB,PRT,Offline TA/TO,TA/TO,0,0,0,A,A,0,No Deposit,3.0,0,Transient-Party,70.0,0,0
City Hotel,0,323,2016,May,21,17,0,4,2,0.0,0,HB,PRT,Offline TA/TO,TA/TO,0,0,0,A,B,0,No Deposit,3.0,0,Transient-Party,112.0,0,1
City Hotel,1,323,2016,May,21,17,0,4,2,0.0,0,BB,PRT,Offline TA/TO,TA/TO,0,0,0,A,A,0,No Deposit,3.0,0,Transient-Party,70.0,0,0
City Hotel,0,323,2016,May,21,17,0,4,2,0.0,0,HB,PRT,Offline TA/TO,TA/TO,0,0,0,A,A,0,No Deposit,3.0,0,Transient-Party,112.0,0,1
City Hotel,0,323,2016,May,21,17,0,4,2,0.0,0,HB,PRT,Offline TA/TO,TA/TO,0,0,0,A,A,0,No Deposit,3.0,0,Transient-Party,112.0,0,1
City Hotel,0,323,2016,May,21,17,0,4,2,0.0,0,HB,PRT,Offline TA/TO,TA/TO,0,0,0,A,A,0,No Deposit,3.0,0,Transient-Party,112.0,0,1
City Hotel,0,323,2016,May,21,17,0,4,2,0.0,0,HB,PRT,Offline TA/TO,TA/TO,0,0,0,A,A,0,No Deposit,3.0,0,Transient-Party,112.0,0,1
City Hotel,1,323,2016,May,21,17,0,4,2,0.0,0,BB,PRT,Offline TA/TO,TA/TO,0,0,0,A,A,0,No Deposit,3.0,0,Transient-Party,70.0,0,0
City Hotel,1,323,2016,May,21,17,0,4,2,0.0,0,BB,PRT,Offline TA/TO,TA/TO,0,0,0,A,A,0,No Deposit,3.0,0,Transient-Party,70.0,0,0
City Hotel,1,323,2016,May,21,17,0,4,2,0.0,0,BB,PRT,Offline TA/TO,TA/TO,0,0,0,A,A,0,No Deposit,3.0,0,Transient-Party,70.0,0,0
City Hotel,0,323,2016,May,21,17,0,4,2,0.0,0,HB,PRT,Offline TA/TO,TA/TO,0,0,0,A,A,0,No Deposit,3.0,0,Transient-Party,112.0,0,1
City Hotel,1,1,2016,May,21,18,0,1,2,0.0,0,BB,PRT,Direct,Direct,0,0,0,A,A,1,No Deposit,,0,Transient,120.0,0,0
City Hotel,1,156,2016,May,21,18,0,1,2,0.0,0,BB,PRT,Online TA,TA/TO,0,0,0,A,A,0,No Deposit,11.0,0,Transient,84.24,0,0
City Hotel,1,27,2016,May,21,18,0,1,2,0.0,0,BB,PRT,Offline TA/TO,TA/TO,0,0,0,A,A,0,No Deposit,86.0,0,Transient,112.8,0,0
City Hotel,1,116,2016,May,21,18,0,1,2,0.0,0,BB,USA,Online TA,TA/TO,0,0,0,A,A,1,No Deposit,9.0,0,Transient,104.5,0,0
City Hotel,1,29,2016,May,21,18,0,1,2,0.0,0,BB,ISR,Online TA,TA/TO,0,0,0,D,D,0,No Deposit,9.0,0,Transient,156.0,0,0
City Hotel,1,29,2016,May,21,18,0,1,2,0.0,0,BB,ISR,Online TA,TA/TO,0,0,0,D,D,0,No Deposit,9.0,0,Transient,156.0,0,0
City Hotel,1,10,2016,May,21,18,0,2,2,0.0,0,BB,GBR,Online TA,TA/TO,0,0,0,B,B,1,No Deposit,9.0,0,Transient,119.5,0,0
City Hotel,1,81,2016,May,21,18,0,2,2,0.0,0,BB,GBR,Online TA,TA/TO,0,0,0,A,A,0,No Deposit,9.0,0,Transient,126.9,0,0
City Hotel,1,40,2016,May,21,18,0,2,2,0.0,0,BB,GBR,Online TA,TA/TO,0,0,0,D,D,0,No Deposit,9.0,0,Transient,140.4,0,0
City Hotel,1,134,2016,May,21,18,0,2,2,0.0,0,BB,NLD,Online TA,TA/TO,0,0,0,A,A,0,No Deposit,9.0,0,Transient,105.3,0,1
City Hotel,1,53,2016,May,21,18,0,2,2,0.0,0,BB,BRA,Online TA,TA/TO,0,0,0,A,A,0,No Deposit,9.0,0,Transient,126.9,0,0
City Hotel,1,97,2016,May,21,18,0,4,2,0.0,0,SC,GBR,Online TA,TA/TO,0,0,0,A,A,0,No Deposit,9.0,0,Transient-Party,130.9,0,0
City Hotel,1,94,2016,May,21,18,0,4,2,0.0,0,BB,DEU,Online TA,TA/TO,0,0,0,A,A,0,No Deposit,9.0,0,Transient,127.93,0,0
City Hotel,0,148,2016,May,21,18,0,4,2,0.0,0,BB,CHE,Online TA,TA/TO,0,0,0,D,D,0,No Deposit,7.0,0,Transient,86.43,0,1
City Hotel,1,113,2016,May,21,18,1,4,2,0.0,0,SC,GBR,Online TA,TA/TO,0,0,0,A,A,0,No Deposit,9.0,0,Transient,126.65,0,0
City Hotel,1,99,2016,May,21,19,0,1,2,0.0,0,BB,PRT,Online TA,TA/TO,0,0,0,A,A,0,No Deposit,9.0,0,Transient,135.9,0,1
City Hotel,1,81,2016,May,21,19,0,1,2,0.0,0,SC,USA,Online TA,TA/TO,0,0,0,A,A,0,No Deposit,9.0,0,Transient,116.1,0,0
City Hotel,1,21,2016,May,21,19,0,1,2,0.0,0,BB,PRT,Offline TA/TO,TA/TO,0,0,0,D,D,0,No Deposit,86.0,0,Transient,124.8,0,0
City Hotel,1,157,2016,May,21,19,0,1,2,0.0,0,BB,PRT,Online TA,TA/TO,0,0,0,A,A,0,No Deposit,11.0,0,Transient,84.24,0,0
City Hotel,1,316,2016,May,21,19,0,2,2,0.0,0,BB,PRT,Groups,TA/TO,0,0,0,A,A,0,Non Refund,1.0,0,Transient,62.0,0,0
City Hotel,1,316,2016,May,21,19,0,2,2,0.0,0,BB,PRT,Groups,TA/TO,0,0,0,A,A,0,Non Refund,1.0,0,Transient,62.0,0,0
City Hotel,1,316,2016,May,21,19,0,2,2,0.0,0,BB,PRT,Groups,TA/TO,0,0,0,A,A,0,Non Refund,1.0,0,Transient,62.0,0,0
City Hotel,1,316,2016,May,21,19,0,2,2,0.0,0,BB,PRT,Groups,TA/TO,0,0,0,A,A,0,Non Refund,1.0,0,Transient,62.0,0,0
City Hotel,1,316,2016,May,21,19,0,2,2,0.0,0,BB,PRT,Groups,TA/TO,0,0,0,A,A,0,Non Refund,1.0,0,Transient,62.0,0,0
City Hotel,1,316,2016,May,21,19,0,2,2,0.0,0,BB,PRT,Groups,TA/TO,0,0,0,A,A,0,Non Refund,1.0,0,Transient,62.0,0,0
City Hotel,1,316,2016,May,21,19,0,2,2,0.0,0,BB,PRT,Groups,TA/TO,0,0,0,A,A,0,Non Refund,1.0,0,Transient,62.0,0,0
City Hotel,1,28,2016,May,21,19,0,2,2,0.0,0,BB,PRT,Corporate,Corporate,0,0,0,A,A,0,No Deposit,,0,Transient-Party,100.0,0,0
City Hotel,1,316,2016,May,21,19,0,2,2,0.0,0,BB,PRT,Groups,TA/TO,0,0,0,A,A,0,Non Refund,1.0,0,Transient,62.0,0,0
City Hotel,1,316,2016,May,21,19,0,2,2,0.0,0,BB,PRT,Groups,TA/TO,0,0,0,A,A,0,Non Refund,1.0,0,Transient,62.0,0,0
City Hotel,1,316,2016,May,21,19,0,2,2,0.0,0,BB,PRT,Groups,TA/TO,0,0,0,A,A,0,Non Refund,1.0,0,Transient,62.0,0,0
City Hotel,1,2,2016,May,21,19,0,2,2,0.0,0,BB,PRT,Direct,Direct,0,0,0,G,G,0,No Deposit,,0,Transient,100.0,0,0
City Hotel,1,316,2016,May,21,19,0,2,2,0.0,0,BB,PRT,Groups,TA/TO,0,0,0,A,A,0,Non Refund,1.0,0,Transient,62.0,0,0
City Hotel,1,316,2016,May,21,19,0,2,2,0.0,0,BB,PRT,Groups,TA/TO,0,0,0,A,A,0,Non Refund,1.0,0,Transient,62.0,0,0
City Hotel,1,28,2016,May,21,19,0,2,2,0.0,0,BB,PRT,Corporate,Corporate,0,0,0,A,A,0,No Deposit,,0,Transient-Party,100.0,0,0
City Hotel,1,316,2016,May,21,19,0,2,2,0.0,0,BB,PRT,Groups,TA/TO,0,0,0,A,A,0,Non Refund,1.0,0,Transient,62.0,0,0
City Hotel,1,316,2016,May,21,19,0,2,2,0.0,0,BB,PRT,Groups,TA/TO,0,0,0,A,A,0,Non Refund,1.0,0,Transient,62.0,0,0
City Hotel,1,316,2016,May,21,19,0,2,2,0.0,0,BB,PRT,Groups,TA/TO,0,0,0,A,A,0,Non Refund,1.0,0,Transient,62.0,0,0
City Hotel,1,2,2016,May,21,19,0,2,2,0.0,0,BB,PRT,Direct,Direct,0,0,0,G,G,0,No Deposit,,0,Transient,100.0,0,0
City Hotel,1,316,2016,May,21,19,0,2,2,0.0,0,BB,PRT,Groups,TA/TO,0,0,0,A,A,0,Non Refund,1.0,0,Transient,62.0,0,0
City Hotel,1,316,2016,May,21,19,0,2,2,0.0,0,BB,PRT,Groups,TA/TO,0,0,0,A,A,0,Non Refund,1.0,0,Transient,62.0,0,0
City Hotel,1,316,2016,May,21,19,0,2,2,0.0,0,BB,PRT,Groups,TA/TO,0,0,0,A,A,0,Non Refund,1.0,0,Transient,62.0,0,0
City Hotel,1,316,2016,May,21,19,0,2,2,0.0,0,BB,PRT,Groups,TA/TO,0,0,0,A,A,0,Non Refund,1.0,0,Transient,62.0,0,0
City Hotel,1,316,2016,May,21,19,0,2,2,0.0,0,BB,PRT,Groups,TA/TO,0,0,0,A,A,0,Non Refund,1.0,0,Transient,62.0,0,0
City Hotel,1,28,2016,May,21,19,0,2,2,0.0,0,BB,PRT,Corporate,Corporate,0,0,0,A,A,0,No Deposit,,0,Transient-Party,100.0,0,0
City Hotel,1,316,2016,May,21,19,0,2,2,0.0,0,BB,PRT,Groups,TA/TO,0,0,0,A,A,0,Non Refund,1.0,0,Transient,62.0,0,0
City Hotel,1,316,2016,May,21,19,0,2,2,0.0,0,BB,PRT,Groups,TA/TO,0,0,0,A,A,0,Non Refund,1.0,0,Transient,62.0,0,0
City Hotel,1,316,2016,May,21,19,0,2,2,0.0,0,BB,PRT,Groups,TA/TO,0,0,0,A,A,0,Non Refund,1.0,0,Transient,62.0,0,0
City Hotel,1,316,2016,May,21,19,0,2,2,0.0,0,BB,PRT,Groups,TA/TO,0,0,0,A,A,0,Non Refund,1.0,0,Transient,62.0,0,0
City Hotel,1,28,2016,May,21,19,0,2,2,0.0,0,BB,PRT,Corporate,Corporate,0,0,0,A,A,0,No Deposit,,0,Transient-Party,100.0,0,0
City Hotel,1,316,2016,May,21,19,0,2,2,0.0,0,BB,PRT,Groups,TA/TO,0,0,0,A,A,0,Non Refund,1.0,0,Transient,62.0,0,0
City Hotel,1,316,2016,May,21,19,0,2,2,0.0,0,BB,PRT,Groups,TA/TO,0,0,0,A,A,0,Non Refund,1.0,0,Transient,62.0,0,0
City Hotel,1,316,2016,May,21,19,0,2,2,0.0,0,BB,PRT,Groups,TA/TO,0,0,0,A,A,0,Non Refund,1.0,0,Transient,62.0,0,0
City Hotel,1,316,2016,May,21,19,0,2,2,0.0,0,BB,PRT,Groups,TA/TO,0,0,0,A,A,0,Non Refund,1.0,0,Transient,62.0,0,0
City Hotel,1,316,2016,May,21,19,0,2,2,0.0,0,BB,PRT,Groups,TA/TO,0,0,0,A,A,0,Non Refund,1.0,0,Transient,62.0,0,0
City Hotel,1,316,2016,May,21,19,0,2,2,0.0,0,BB,PRT,Groups,TA/TO,0,0,0,A,A,0,Non Refund,1.0,0,Transient,62.0,0,0
City Hotel,1,161,2016,May,21,19,0,3,2,0.0,0,BB,PRT,Online TA,TA/TO,0,0,0,D,D,0,No Deposit,8.0,0,Transient,128.7,0,0
City Hotel,1,189,2016,May,21,19,0,3,2,0.0,0,BB,PRT,Groups,TA/TO,0,0,0,A,A,0,No Deposit,1.0,0,Transient-Party,65.0,0,0
City Hotel,1,189,2016,May,21,19,0,3,2,0.0,0,BB,PRT,Groups,TA/TO,0,0,0,A,A,0,No Deposit,1.0,0,Transient-Party,65.0,0,0
City Hotel,1,189,2016,May,21,19,0,3,2,0.0,0,BB,PRT,Groups,TA/TO,0,0,0,A,A,0,No Deposit,1.0,0,Transient-Party,65.0,0,0
City Hotel,0,146,2016,May,21,19,0,3,2,0.0,0,BB,IRL,Online TA,TA/TO,0,0,0,D,D,0,No Deposit,9.0,0,Transient,121.55,0,1
City Hotel,1,189,2016,May,21,19,0,3,2,0.0,0,BB,PRT,Groups,TA/TO,0,0,0,A,A,0,No Deposit,1.0,0,Transient-Party,65.0,0,0
City Hotel,1,322,2016,May,21,19,1,3,2,0.0,0,BB,PRT,Offline TA/TO,TA/TO,0,0,0,A,A,0,Non Refund,31.0,120,Transient,80.0,0,0
City Hotel,1,322,2016,May,21,19,1,3,2,0.0,0,BB,PRT,Offline TA/TO,TA/TO,0,0,0,A,A,0,Non Refund,31.0,120,Transient,80.0,0,0
City Hotel,1,322,2016,May,21,19,1,3,2,0.0,0,BB,PRT,Offline TA/TO,TA/TO,0,0,0,A,A,0,Non Refund,31.0,120,Transient,80.0,0,0
City Hotel,1,322,2016,May,21,19,1,3,2,0.0,0,BB,PRT,Offline TA/TO,TA/TO,0,0,0,A,A,0,Non Refund,31.0,120,Transient,80.0,0,0
City Hotel,1,322,2016,May,21,19,1,3,2,0.0,0,BB,PRT,Offline TA/TO,TA/TO,0,0,0,A,A,0,Non Refund,31.0,120,Transient,80.0,0,0
City Hotel,1,322,2016,May,21,19,1,3,2,0.0,0,BB,PRT,Offline TA/TO,TA/TO,0,0,0,A,A,0,Non Refund,31.0,120,Transient,80.0,0,0
City Hotel,1,322,2016,May,21,19,1,3,2,0.0,0,BB,PRT,Offline TA/TO,TA/TO,0,0,0,A,A,0,Non Refund,31.0,120,Transient,80.0,0,0
City Hotel,1,322,2016,May,21,19,1,3,2,0.0,0,BB,PRT,Offline TA/TO,TA/TO,0,0,0,A,A,0,Non Refund,31.0,120,Transient,80.0,0,0
City Hotel,1,322,2016,May,21,19,1,3,2,0.0,0,BB,PRT,Offline TA/TO,TA/TO,0,0,0,A,A,0,Non Refund,31.0,120,Transient,80.0,0,0
City Hotel,1,322,2016,May,21,19,1,3,2,0.0,0,BB,PRT,Offline TA/TO,TA/TO,0,0,0,A,A,0,Non Refund,31.0,120,Transient,80.0,0,0
City Hotel,1,322,2016,May,21,19,1,3,2,0.0,0,BB,PRT,Offline TA/TO,TA/TO,0,0,0,A,A,0,Non Refund,31.0,120,Transient,80.0,0,0
City Hotel,1,322,2016,May,21,19,1,3,2,0.0,0,BB,PRT,Offline TA/TO,TA/TO,0,0,0,A,A,0,Non Refund,31.0,120,Transient,80.0,0,0
City Hotel,1,322,2016,May,21,19,1,3,2,0.0,0,BB,PRT,Offline TA/TO,TA/TO,0,0,0,A,A,0,Non Refund,31.0,120,Transient,80.0,0,0
City Hotel,1,322,2016,May,21,19,1,3,2,0.0,0,BB,PRT,Offline TA/TO,TA/TO,0,0,0,A,A,0,Non Refund,31.0,120,Transient,80.0,0,0
City Hotel,1,322,2016,May,21,19,1,3,2,0.0,0,BB,PRT,Offline TA/TO,TA/TO,0,0,0,A,A,0,Non Refund,31.0,120,Transient,80.0,0,0
City Hotel,1,322,2016,May,21,19,1,3,2,0.0,0,BB,PRT,Offline TA/TO,TA/TO,0,0,0,A,A,0,Non Refund,31.0,120,Transient,80.0,0,0
City Hotel,1,322,2016,May,21,19,1,3,2,0.0,0,BB,PRT,Offline TA/TO,TA/TO,0,0,0,A,A,0,Non Refund,31.0,120,Transient,80.0,0,0
City Hotel,1,25,2016,May,21,19,1,3,2,0.0,0,BB,PRT,Online TA,TA/TO,0,0,0,F,F,0,No Deposit,7.0,0,Transient,158.0,0,0
City Hotel,1,116,2016,May,21,19,1,3,2,0.0,0,BB,FRA,Online TA,TA/TO,0,0,0,A,A,0,No Deposit,9.0,0,Transient,136.0,0,1
City Hotel,1,100,2016,May,21,19,1,3,2,0.0,0,BB,FRA,Online TA,TA/TO,0,0,0,A,B,1,No Deposit,9.0,0,Transient-Party,136.0,0,0
City Hotel,1,322,2016,May,21,19,1,3,2,0.0,0,BB,PRT,Offline TA/TO,TA/TO,0,0,0,A,A,0,Non Refund,31.0,120,Transient,80.0,0,0
City Hotel,1,322,2016,May,21,19,1,3,2,0.0,0,BB,PRT,Offline TA/TO,TA/TO,0,0,0,A,A,0,Non Refund,31.0,120,Transient,80.0,0,0
City Hotel,1,322,2016,May,21,19,1,3,2,0.0,0,BB,PRT,Offline TA/TO,TA/TO,0,0,0,A,A,0,Non Refund,31.0,120,Transient,80.0,0,0
City Hotel,1,322,2016,May,21,19,1,3,2,0.0,0,BB,PRT,Offline TA/TO,TA/TO,0,0,0,A,A,0,Non Refund,31.0,120,Transient,80.0,0,0
City Hotel,1,322,2016,May,21,19,1,3,2,0.0,0,BB,PRT,Offline TA/TO,TA/TO,0,0,0,A,A,0,Non Refund,31.0,120,Transient,80.0,0,0
City Hotel,1,322,2016,May,21,19,1,3,2,0.0,0,BB,PRT,Offline TA/TO,TA/TO,0,0,0,A,A,0,Non Refund,31.0,120,Transient,80.0,0,0
City Hotel,1,322,2016,May,21,19,1,3,2,0.0,0,BB,PRT,Offline TA/TO,TA/TO,0,0,0,A,A,0,Non Refund,31.0,120,Transient,80.0,0,0
City Hotel,1,322,2016,May,21,19,1,3,2,0.0,0,BB,PRT,Offline TA/TO,TA/TO,0,0,0,A,A,0,Non Refund,31.0,120,Transient,80.0,0,0
City Hotel,1,84,2016,May,21,19,2,5,2,0.0,0,HB,PRT,Offline TA/TO,TA/TO,0,0,0,A,A,0,No Deposit,173.0,0,Transient,106.25,0,0
City Hotel,0,166,2016,May,21,19,2,5,2,0.0,0,BB,FRA,Online TA,TA/TO,0,0,0,A,A,0,No Deposit,8.0,0,Transient,105.28,0,1
City Hotel,1,0,2016,May,21,20,0,1,2,0.0,0,SC,PRT,Online TA,TA/TO,0,0,0,A,A,0,No Deposit,152.0,0,Transient,88.56,0,0
City Hotel,1,198,2016,May,21,20,0,1,2,0.0,0,BB,PRT,Groups,TA/TO,0,0,0,A,A,0,No Deposit,1.0,98,Transient-Party,65.0,0,0
City Hotel,1,198,2016,May,21,20,0,1,2,0.0,0,BB,PRT,Groups,TA/TO,0,0,0,A,B,1,No Deposit,1.0,98,Transient-Party,65.0,0,0
City Hotel,1,4,2016,May,21,20,0,1,2,0.0,0,BB,PRT,Corporate,Corporate,0,0,0,D,D,0,No Deposit,,0,Transient,90.0,0,0
City Hotel,1,198,2016,May,21,20,0,1,2,0.0,0,BB,PRT,Groups,TA/TO,0,0,0,A,B,1,No Deposit,1.0,98,Transient-Party,65.0,0,0
City Hotel,1,1,2016,May,21,20,0,1,2,0.0,0,BB,PRT,Direct,Direct,0,0,0,D,D,0,No Deposit,,0,Transient,172.0,0,0
City Hotel,1,3,2016,May,21,20,0,1,2,0.0,0,BB,ITA,Online TA,TA/TO,0,0,0,D,D,0,No Deposit,9.0,0,Transient,156.0,0,0
City Hotel,1,198,2016,May,21,20,0,1,2,0.0,0,BB,PRT,Groups,TA/TO,0,0,0,A,A,0,No Deposit,1.0,98,Transient-Party,65.0,0,0
City Hotel,1,198,2016,May,21,20,0,1,2,0.0,0,BB,PRT,Groups,TA/TO,0,0,0,A,B,1,No Deposit,1.0,98,Transient-Party,65.0,0,0
City Hotel,1,198,2016,May,21,20,0,1,2,0.0,0,BB,PRT,Groups,TA/TO,0,0,0,A,B,1,No Deposit,1.0,98,Transient-Party,65.0,0,0
City Hotel,1,198,2016,May,21,20,0,1,2,0.0,0,BB,PRT,Groups,TA/TO,0,0,0,A,B,1,No Deposit,1.0,98,Transient-Party,65.0,0,0
City Hotel,1,198,2016,May,21,20,0,1,2,0.0,0,BB,PRT,Groups,TA/TO,0,0,0,A,B,1,No Deposit,1.0,98,Transient-Party,65.0,0,0
City Hotel,1,211,2016,May,21,20,0,2,2,0.0,0,BB,PRT,Offline TA/TO,TA/TO,0,0,0,A,A,0,Non Refund,6.0,111,Transient,100.0,0,0
City Hotel,1,211,2016,May,21,20,0,2,2,0.0,0,BB,PRT,Offline TA/TO,TA/TO,0,0,0,A,A,0,Non Refund,6.0,111,Transient,100.0,0,0
City Hotel,1,211,2016,May,21,20,0,2,2,0.0,0,BB,PRT,Offline TA/TO,TA/TO,0,0,0,A,A,0,Non Refund,6.0,111,Transient,100.0,0,0
City Hotel,1,211,2016,May,21,20,0,2,2,0.0,0,BB,PRT,Offline TA/TO,TA/TO,0,0,0,A,A,0,Non Refund,6.0,111,Transient,100.0,0,0
City Hotel,1,211,2016,May,21,20,0,2,2,0.0,0,BB,PRT,Offline TA/TO,TA/TO,0,0,0,A,A,0,Non Refund,6.0,111,Transient,100.0,0,0
City Hotel,1,211,2016,May,21,20,0,2,2,0.0,0,BB,PRT,Offline TA/TO,TA/TO,0,0,0,A,A,0,Non Refund,6.0,111,Transient,100.0,0,0
City Hotel,1,211,2016,May,21,20,0,2,2,0.0,0,BB,PRT,Offline TA/TO,TA/TO,0,0,0,A,A,0,Non Refund,6.0,111,Transient,100.0,0,0
City Hotel,1,211,2016,May,21,20,0,2,2,0.0,0,BB,PRT,Offline TA/TO,TA/TO,0,0,0,A,A,0,Non Refund,6.0,111,Transient,100.0,0,0
City Hotel,1,211,2016,May,21,20,0,2,2,0.0,0,BB,PRT,Offline TA/TO,TA/TO,0,0,0,A,A,0,Non Refund,6.0,111,Transient,100.0,0,0
City Hotel,1,22,2016,May,21,20,0,2,2,0.0,0,BB,PRT,Offline TA/TO,TA/TO,0,0,0,A,A,0,Non Refund,34.0,0,Transient,140.0,0,0
City Hotel,1,22,2016,May,21,20,0,2,2,0.0,0,BB,PRT,Offline TA/TO,TA/TO,0,0,0,A,A,0,Non Refund,34.0,0,Transient,140.0,0,0
City Hotel,1,211,2016,May,21,20,0,2,2,0.0,0,BB,PRT,Offline TA/TO,TA/TO,0,0,0,A,A,0,Non Refund,6.0,111,Transient,100.0,0,0
City Hotel,1,211,2016,May,21,20,0,2,2,0.0,0,BB,PRT,Offline TA/TO,TA/TO,0,0,0,A,A,0,Non Refund,6.0,111,Transient,100.0,0,0
City Hotel,1,211,2016,May,21,20,0,2,2,0.0,0,BB,PRT,Offline TA/TO,TA/TO,0,0,0,A,A,0,Non Refund,6.0,111,Transient,100.0,0,0
City Hotel,1,211,2016,May,21,20,0,2,2,0.0,0,BB,PRT,Offline TA/TO,TA/TO,0,0,0,A,A,0,Non Refund,6.0,111,Transient,100.0,0,0
City Hotel,1,211,2016,May,21,20,0,2,2,0.0,0,BB,PRT,Offline TA/TO,TA/TO,0,0,0,A,A,0,Non Refund,6.0,111,Transient,100.0,0,0
City Hotel,1,211,2016,May,21,20,0,2,2,0.0,0,BB,PRT,Offline TA/TO,TA/TO,0,0,0,A,A,0,Non Refund,6.0,111,Transient,100.0,0,0
City Hotel,1,211,2016,May,21,20,0,2,2,0.0,0,BB,PRT,Offline TA/TO,TA/TO,0,0,0,A,A,0,Non Refund,6.0,111,Transient,100.0,0,0
City Hotel,1,211,2016,May,21,20,0,2,2,0.0,0,BB,PRT,Offline TA/TO,TA/TO,0,0,0,A,A,0,Non Refund,6.0,111,Transient,100.0,0,0
City Hotel,1,211,2016,May,21,20,0,2,2,0.0,0,BB,PRT,Offline TA/TO,TA/TO,0,0,0,A,A,0,Non Refund,6.0,111,Transient,100.0,0,0
City Hotel,1,22,2016,May,21,20,0,2,2,0.0,0,BB,PRT,Offline TA/TO,TA/TO,0,0,0,A,A,0,Non Refund,34.0,0,Transient,140.0,0,0
City Hotel,1,211,2016,May,21,20,0,2,2,0.0,0,BB,PRT,Offline TA/TO,TA/TO,0,0,0,A,A,0,Non Refund,6.0,111,Transient,100.0,0,0
City Hotel,1,211,2016,May,21,20,0,2,2,0.0,0,BB,PRT,Offline TA/TO,TA/TO,0,0,0,A,A,0,Non Refund,6.0,111,Transient,100.0,0,0
City Hotel,1,211,2016,May,21,20,0,2,2,0.0,0,BB,PRT,Offline TA/TO,TA/TO,0,0,0,A,A,0,Non Refund,6.0,111,Transient,100.0,0,0
City Hotel,1,211,2016,May,21,20,0,2,2,0.0,0,BB,PRT,Offline TA/TO,TA/TO,0,0,0,A,A,0,Non Refund,6.0,111,Transient,100.0,0,0
City Hotel,1,211,2016,May,21,20,0,2,2,0.0,0,BB,PRT,Offline TA/TO,TA/TO,0,0,0,A,A,0,Non Refund,6.0,111,Transient,100.0,0,0
City Hotel,1,211,2016,May,21,20,0,2,2,0.0,0,BB,PRT,Offline TA/TO,TA/TO,0,0,0,A,A,0,Non Refund,6.0,111,Transient,100.0,0,0
City Hotel,1,211,2016,May,21,20,0,2,2,0.0,0,BB,PRT,Offline TA/TO,TA/TO,0,0,0,A,A,0,Non Refund,6.0,111,Transient,100.0,0,0
City Hotel,1,211,2016,May,21,20,0,2,2,0.0,0,BB,PRT,Offline TA/TO,TA/TO,0,0,0,A,A,0,Non Refund,6.0,111,Transient,100.0,0,0
City Hotel,1,22,2016,May,21,20,0,2,2,0.0,0,BB,PRT,Offline TA/TO,TA/TO,0,0,0,A,A,0,Non Refund,34.0,0,Transient,140.0,0,0
City Hotel,1,22,2016,May,21,20,0,2,2,0.0,0,BB,PRT,Offline TA/TO,TA/TO,0,0,0,A,A,0,Non Refund,34.0,0,Transient,140.0,0,0
City Hotel,1,28,2016,May,21,20,0,2,2,0.0,0,BB,ESP,Online TA,TA/TO,0,0,0,D,D,0,No Deposit,9.0,0,Transient,156.0,0,0
City Hotel,1,211,2016,May,21,20,0,2,2,0.0,0,BB,PRT,Offline TA/TO,TA/TO,0,0,0,A,A,0,Non Refund,6.0,111,Transient,100.0,0,0
City Hotel,1,211,2016,May,21,20,0,2,2,0.0,0,BB,PRT,Offline TA/TO,TA/TO,0,0,0,A,A,0,Non Refund,6.0,111,Transient,100.0,0,0
City Hotel,1,211,2016,May,21,20,0,2,2,0.0,0,BB,PRT,Offline TA/TO,TA/TO,0,0,0,A,A,0,Non Refund,6.0,111,Transient,100.0,0,0
City Hotel,1,22,2016,May,21,20,0,2,2,0.0,0,BB,PRT,Offline TA/TO,TA/TO,0,0,0,A,A,0,Non Refund,34.0,0,Transient,140.0,0,0
City Hotel,1,211,2016,May,21,20,0,2,2,0.0,0,BB,PRT,Offline TA/TO,TA/TO,0,0,0,A,A,0,Non Refund,6.0,111,Transient,100.0,0,0
City Hotel,1,211,2016,May,21,20,0,2,2,0.0,0,BB,PRT,Offline TA/TO,TA/TO,0,0,0,A,A,0,Non Refund,6.0,111,Transient,100.0,0,0
City Hotel,1,211,2016,May,21,20,0,2,2,0.0,0,BB,PRT,Offline TA/TO,TA/TO,0,0,0,A,A,0,Non Refund,6.0,111,Transient,100.0,0,0
City Hotel,1,211,2016,May,21,20,0,2,2,0.0,0,BB,PRT,Offline TA/TO,TA/TO,0,0,0,A,A,0,Non Refund,6.0,111,Transient,100.0,0,0
City Hotel,1,22,2016,May,21,20,0,2,2,0.0,0,BB,PRT,Offline TA/TO,TA/TO,0,0,0,A,A,0,Non Refund,34.0,0,Transient,140.0,0,0
City Hotel,1,22,2016,May,21,20,0,2,2,0.0,0,BB,PRT,Offline TA/TO,TA/TO,0,0,0,A,A,0,Non Refund,34.0,0,Transient,140.0,0,0
City Hotel,1,211,2016,May,21,20,0,2,2,0.0,0,BB,PRT,Offline TA/TO,TA/TO,0,0,0,A,A,0,Non Refund,6.0,111,Transient,100.0,0,0
City Hotel,1,211,2016,May,21,20,0,2,2,0.0,0,BB,PRT,Offline TA/TO,TA/TO,0,0,0,A,A,0,Non Refund,6.0,111,Transient,100.0,0,0
City Hotel,1,211,2016,May,21,20,0,2,2,0.0,0,BB,PRT,Offline TA/TO,TA/TO,0,0,0,A,A,0,Non Refund,6.0,111,Transient,100.0,0,0
City Hotel,1,211,2016,May,21,20,0,2,2,0.0,0,BB,PRT,Offline TA/TO,TA/TO,0,0,0,A,A,0,Non Refund,6.0,111,Transient,100.0,0,0
City Hotel,1,211,2016,May,21,20,0,2,2,0.0,0,BB,PRT,Offline TA/TO,TA/TO,0,0,0,A,A,0,Non Refund,6.0,111,Transient,100.0,0,0
City Hotel,1,22,2016,May,21,20,0,2,2,0.0,0,BB,PRT,Offline TA/TO,TA/TO,0,0,0,A,A,0,Non Refund,34.0,0,Transient,140.0,0,0
City Hotel,1,22,2016,May,21,20,0,2,2,0.0,0,BB,PRT,Offline TA/TO,TA/TO,0,0,0,A,A,0,Non Refund,34.0,0,Transient,140.0,0,0
City Hotel,1,211,2016,May,21,20,0,2,2,0.0,0,BB,PRT,Offline TA/TO,TA/TO,0,0,0,A,A,0,Non Refund,6.0,111,Transient,100.0,0,0
City Hotel,1,211,2016,May,21,20,0,2,2,0.0,0,BB,PRT,Offline TA/TO,TA/TO,0,0,0,A,A,0,Non Refund,6.0,111,Transient,100.0,0,0
City Hotel,1,211,2016,May,21,20,0,2,2,0.0,0,BB,PRT,Offline TA/TO,TA/TO,0,0,0,A,A,0,Non Refund,6.0,111,Transient,100.0,0,0
City Hotel,1,211,2016,May,21,20,0,2,2,0.0,0,BB,PRT,Offline TA/TO,TA/TO,0,0,0,A,A,0,Non Refund,6.0,111,Transient,100.0,0,0
City Hotel,1,211,2016,May,21,20,0,2,2,0.0,0,BB,PRT,Offline TA/TO,TA/TO,0,0,0,A,A,0,Non Refund,6.0,111,Transient,100.0,0,0
City Hotel,1,211,2016,May,21,20,0,2,2,0.0,0,BB,PRT,Offline TA/TO,TA/TO,0,0,0,A,A,0,Non Refund,6.0,111,Transient,100.0,0,0
City Hotel,1,211,2016,May,21,20,0,2,2,0.0,0,BB,PRT,Offline TA/TO,TA/TO,0,0,0,A,A,0,Non Refund,6.0,111,Transient,100.0,0,0
City Hotel,1,211,2016,May,21,20,0,2,2,0.0,0,BB,PRT,Offline TA/TO,TA/TO,0,0,0,A,A,0,Non Refund,6.0,111,Transient,100.0,0,0
City Hotel,1,52,2016,May,21,20,0,2,2,0.0,0,BB,PRT,Offline TA/TO,TA/TO,0,0,0,A,A,0,Non Refund,34.0,30,Transient,140.0,0,0
City Hotel,1,211,2016,May,21,20,0,2,2,0.0,0,BB,PRT,Offline TA/TO,TA/TO,0,0,0,A,A,0,Non Refund,6.0,111,Transient,100.0,0,0
City Hotel,1,211,2016,May,21,20,0,2,2,0.0,0,BB,PRT,Offline TA/TO,TA/TO,0,0,0,A,A,0,Non Refund,6.0,111,Transient,100.0,0,0
City Hotel,1,211,2016,May,21,20,0,2,2,0.0,0,BB,PRT,Offline TA/TO,TA/TO,0,0,0,A,A,0,Non Refund,6.0,111,Transient,100.0,0,0
City Hotel,1,211,2016,May,21,20,0,2,2,0.0,0,BB,PRT,Offline TA/TO,TA/TO,0,0,0,A,A,0,Non Refund,6.0,111,Transient,100.0,0,0
City Hotel,1,22,2016,May,21,20,0,2,2,0.0,0,BB,PRT,Offline TA/TO,TA/TO,0,0,0,A,A,0,Non Refund,34.0,0,Transient,140.0,0,0
City Hotel,1,22,2016,May,21,20,0,2,2,0.0,0,BB,PRT,Offline TA/TO,TA/TO,0,0,0,A,A,0,Non Refund,34.0,0,Transient,140.0,0,0
City Hotel,1,22,2016,May,21,20,0,2,2,0.0,0,BB,PRT,Offline TA/TO,TA/TO,0,0,0,A,A,0,Non Refund,34.0,0,Transient,140.0,0,0
City Hotel,1,94,2016,May,21,20,1,2,2,0.0,0,BB,PRT,Direct,Direct,0,0,0,D,D,0,No Deposit,,0,Transient,121.5,0,0
City Hotel,1,29,2016,May,21,20,1,2,2,0.0,0,BB,FRA,Online TA,TA/TO,0,0,0,D,D,0,No Deposit,9.0,0,Transient,139.6,0,0
City Hotel,0,163,2016,May,21,20,1,2,2,0.0,0,BB,GBR,Online TA,TA/TO,0,0,0,A,A,0,No Deposit,8.0,0,Transient,119.7,0,1
City Hotel,1,26,2016,May,21,20,1,2,2,0.0,0,BB,ESP,Online TA,TA/TO,0,0,0,D,D,0,No Deposit,9.0,0,Transient,158.33,0,0
City Hotel,1,94,2016,May,21,20,1,2,2,0.0,0,HB,GBR,Online TA,TA/TO,0,0,0,D,D,1,No Deposit,9.0,0,Transient,174.6,0,0
City Hotel,0,167,2016,May,21,20,1,2,2,0.0,0,BB,SWE,Online TA,TA/TO,0,0,0,A,D,0,No Deposit,8.0,0,Transient,119.7,0,1
City Hotel,1,30,2016,May,21,20,2,2,2,0.0,0,BB,BRA,Online TA,TA/TO,0,0,0,D,D,0,No Deposit,9.0,0,Transient,140.4,0,0
City Hotel,1,29,2016,May,21,20,2,2,2,0.0,0,BB,GBR,Online TA,TA/TO,0,0,0,D,D,0,No Deposit,9.0,0,Transient,135.3,0,0
City Hotel,1,212,2016,May,21,20,2,3,2,0.0,0,BB,PRT,Offline TA/TO,TA/TO,0,0,0,A,A,0,No Deposit,21.0,0,Transient-Party,78.0,0,0
City Hotel,1,212,2016,May,21,20,2,3,2,0.0,0,BB,PRT,Offline TA/TO,TA/TO,0,0,0,A,A,0,No Deposit,21.0,0,Transient-Party,78.0,0,0
City Hotel,1,29,2016,May,21,20,2,3,2,0.0,0,BB,USA,Online TA,TA/TO,0,0,0,D,D,0,No Deposit,9.0,0,Transient,132.72,0,1
City Hotel,1,212,2016,May,21,20,2,3,2,0.0,0,BB,PRT,Offline TA/TO,TA/TO,0,0,0,A,A,0,No Deposit,21.0,0,Transient-Party,78.0,0,0
City Hotel,1,212,2016,May,21,20,2,3,2,0.0,0,BB,PRT,Offline TA/TO,TA/TO,0,0,0,A,A,0,No Deposit,21.0,0,Transient-Party,78.0,0,0
City Hotel,1,212,2016,May,21,20,2,3,2,0.0,0,BB,PRT,Offline TA/TO,TA/TO,0,0,0,A,A,0,No Deposit,21.0,0,Transient-Party,78.0,0,0
City Hotel,1,27,2016,May,21,20,2,4,2,0.0,0,BB,ITA,Online TA,TA/TO,0,0,0,D,D,0,No Deposit,9.0,0,Transient,135.87,0,0
City Hotel,1,1,2016,May,21,21,0,1,2,0.0,0,BB,PRT,Online TA,TA/TO,0,0,0,D,D,0,No Deposit,9.0,0,Transient,176.0,0,1
City Hotel,1,30,2016,May,21,21,0,1,2,0.0,0,SC,PRT,Online TA,TA/TO,0,0,0,A,A,0,No Deposit,9.0,0,Transient,116.1,0,0
City Hotel,1,50,2016,May,21,21,0,1,2,0.0,0,BB,PRT,Online TA,TA/TO,0,0,0,A,A,0,No Deposit,9.0,0,Transient,126.9,0,0
City Hotel,1,23,2016,May,21,21,0,1,2,0.0,0,BB,CHN,Online TA,TA/TO,0,0,0,D,D,0,No Deposit,9.0,0,Transient,140.4,0,0
City Hotel,1,28,2016,May,21,21,0,1,2,0.0,0,BB,PRT,Online TA,TA/TO,0,0,0,A,A,0,No Deposit,9.0,0,Transient,141.0,0,1
City Hotel,1,40,2016,May,21,21,0,1,2,0.0,0,SC,FRA,Online TA,TA/TO,0,0,0,A,A,0,No Deposit,7.0,0,Transient,89.4,0,0
City Hotel,1,40,2016,May,21,21,0,1,2,0.0,0,SC,PRT,Online TA,TA/TO,0,0,0,A,A,0,No Deposit,7.0,0,Transient,89.4,0,0
City Hotel,1,49,2016,May,21,21,0,1,2,0.0,0,BB,PRT,Online TA,TA/TO,0,0,0,A,A,0,No Deposit,9.0,0,Transient,126.9,0,0
City Hotel,1,54,2016,May,21,21,0,1,2,0.0,0,SC,PRT,Online TA,TA/TO,0,0,0,A,A,0,No Deposit,9.0,0,Transient,116.1,0,0
City Hotel,1,32,2016,May,21,21,0,1,2,0.0,0,BB,PRT,Direct,Direct,0,0,0,D,D,0,No Deposit,14.0,0,Transient,129.2,0,0
City Hotel,1,168,2016,May,21,21,0,1,2,0.0,0,BB,NLD,Online TA,TA/TO,0,0,0,D,D,0,No Deposit,9.0,0,Transient,144.9,0,0
City Hotel,1,4,2016,May,21,21,0,1,2,0.0,0,BB,PRT,Direct,Direct,0,0,0,E,E,0,No Deposit,,0,Transient,167.0,0,0
City Hotel,1,49,2016,May,21,21,0,1,2,0.0,0,HB,PRT,Direct,Direct,0,0,0,D,D,1,No Deposit,14.0,0,Transient,172.8,0,0
City Hotel,1,64,2016,May,21,21,1,1,2,0.0,0,SC,FRA,Online TA,TA/TO,0,0,0,A,A,0,No Deposit,9.0,0,Transient,116.1,0,0
City Hotel,1,90,2016,May,21,21,1,1,2,0.0,0,SC,ESP,Online TA,TA/TO,0,0,0,A,A,0,No Deposit,9.0,0,Transient,116.1,0,0
City Hotel,1,32,2016,May,21,21,1,1,2,0.0,0,BB,ITA,Online TA,TA/TO,0,0,0,A,A,0,No Deposit,9.0,0,Transient,117.9,0,1
City Hotel,1,29,2016,May,21,21,1,1,2,0.0,0,SC,ARM,Online TA,TA/TO,0,0,0,A,A,0,No Deposit,9.0,0,Transient,113.55,0,0
City Hotel,1,47,2016,May,21,21,1,1,2,0.0,0,SC,ITA,Online TA,TA/TO,0,0,0,A,A,0,No Deposit,9.0,0,Transient,116.1,0,0
City Hotel,1,111,2016,May,21,21,1,1,2,0.0,0,BB,DEU,Online TA,TA/TO,0,0,0,D,D,0,No Deposit,9.0,0,Transient,140.4,0,1
City Hotel,1,32,2016,May,21,21,1,1,2,0.0,0,BB,ESP,Online TA,TA/TO,0,0,0,A,A,0,No Deposit,9.0,0,Transient,117.9,0,0
City Hotel,1,35,2016,May,21,21,1,1,2,0.0,0,BB,AUS,Online TA,TA/TO,0,0,0,D,D,0,No Deposit,9.0,0,Transient,140.4,0,0
City Hotel,1,55,2016,May,21,21,2,1,2,0.0,0,SC,ITA,Online TA,TA/TO,0,0,0,A,A,0,No Deposit,9.0,0,Transient,116.1,0,0
City Hotel,1,62,2016,May,21,21,2,1,2,0.0,0,BB,PRT,Offline TA/TO,TA/TO,0,0,0,A,A,0,No Deposit,83.0,0,Transient,95.88,0,0
City Hotel,1,55,2016,May,21,21,2,1,2,0.0,0,SC,ITA,Online TA,TA/TO,0,0,0,A,A,0,No Deposit,9.0,0,Transient,116.1,0,0
City Hotel,1,25,2016,May,21,21,2,1,2,0.0,0,BB,ISR,Online TA,TA/TO,0,0,0,A,A,0,No Deposit,9.0,0,Transient,127.67,0,0
City Hotel,1,80,2016,May,21,21,2,1,2,0.0,0,BB,NLD,Online TA,TA/TO,0,0,0,D,D,0,No Deposit,9.0,0,Transient,140.4,0,0
City Hotel,1,48,2016,May,21,21,2,1,2,0.0,0,SC,CHN,Online TA,TA/TO,0,0,0,A,A,0,No Deposit,9.0,0,Transient,104.49,0,0
City Hotel,1,39,2016,May,21,21,2,1,2,0.0,0,BB,NLD,Online TA,TA/TO,0,0,0,A,A,0,No Deposit,9.0,0,Transient,126.9,0,0
City Hotel,1,139,2016,May,21,21,2,1,2,0.0,0,BB,GBR,Online TA,TA/TO,0,0,0,D,D,0,No Deposit,9.0,0,Transient,124.5,0,1
City Hotel,1,21,2016,May,21,21,2,1,2,0.0,0,BB,DEU,Online TA,TA/TO,0,0,0,D,D,0,No Deposit,9.0,0,Transient,156.0,0,0
City Hotel,1,56,2016,May,21,21,2,1,2,0.0,0,BB,GBR,Online TA,TA/TO,0,0,0,A,A,0,No Deposit,9.0,0,Transient,126.9,0,0
City Hotel,1,95,2016,May,21,21,2,2,2,0.0,0,SC,BGR,Online TA,TA/TO,0,0,0,A,A,0,No Deposit,9.0,0,Transient,109.65,0,0
City Hotel,1,106,2016,May,21,21,2,2,2,0.0,0,BB,GBR,Online TA,TA/TO,0,0,0,A,A,0,No Deposit,9.0,0,Transient,120.28,0,0
City Hotel,1,27,2016,May,21,21,2,2,2,0.0,0,BB,NOR,Online TA,TA/TO,0,0,0,D,D,0,No Deposit,9.0,0,Transient,137.6,0,0
City Hotel,1,37,2016,May,21,21,2,2,2,0.0,0,BB,FRA,Online TA,TA/TO,0,0,0,A,A,0,No Deposit,9.0,0,Transient,126.9,0,0
City Hotel,1,95,2016,May,21,21,2,2,2,0.0,0,SC,BGR,Online TA,TA/TO,0,0,0,A,A,0,No Deposit,9.0,0,Transient,109.65,0,0
City Hotel,1,81,2016,May,21,21,2,2,2,0.0,0,BB,ESP,Online TA,TA/TO,0,0,0,D,D,0,No Deposit,9.0,0,Transient,132.6,0,0
City Hotel,1,95,2016,May,21,21,2,2,2,0.0,0,SC,BGR,Online TA,TA/TO,0,0,0,A,A,0,No Deposit,9.0,0,Transient,109.65,0,0
City Hotel,1,93,2016,May,21,21,2,3,2,0.0,0,BB,BRA,Online TA,TA/TO,0,0,0,A,A,0,No Deposit,9.0,0,Transient,119.85,0,0
City Hotel,1,59,2016,May,21,21,2,3,2,0.0,0,SC,BRA,Online TA,TA/TO,0,0,0,A,A,0,No Deposit,9.0,0,Transient,116.1,0,1
City Hotel,1,40,2016,May,21,21,2,3,2,0.0,0,BB,ESP,Online TA,TA/TO,0,0,0,A,A,0,No Deposit,9.0,0,Transient,126.9,0,0
City Hotel,1,68,2016,May,21,21,2,3,2,0.0,0,BB,DEU,Online TA,TA/TO,0,0,0,D,D,0,No Deposit,9.0,0,Transient,132.6,0,0
City Hotel,1,28,2016,May,21,21,2,3,2,0.0,0,BB,ESP,Online TA,TA/TO,0,0,0,A,A,0,No Deposit,9.0,0,Transient,117.74,0,0
City Hotel,1,59,2016,May,21,21,2,3,2,0.0,0,SC,BRA,Online TA,TA/TO,0,0,0,A,A,0,No Deposit,9.0,0,Transient,116.1,0,1
City Hotel,1,23,2016,May,21,21,2,4,2,0.0,0,BB,IND,Online TA,TA/TO,0,0,0,B,B,1,No Deposit,9.0,0,Transient,128.49,0,0
City Hotel,1,138,2016,May,21,21,2,5,2,0.0,0,BB,DEU,Online TA,TA/TO,0,0,0,D,D,0,No Deposit,9.0,0,Transient,117.91,0,1
City Hotel,1,76,2016,May,22,22,1,0,2,0.0,0,SC,USA,Online TA,TA/TO,0,0,0,A,A,0,No Deposit,9.0,0,Transient,116.1,0,0
City Hotel,1,36,2016,May,22,22,1,0,2,0.0,0,BB,THA,Online TA,TA/TO,0,0,0,A,A,0,No Deposit,9.0,0,Transient,126.9,0,1
City Hotel,1,31,2016,May,22,22,2,0,2,0.0,0,SC,GBR,Online TA,TA/TO,0,0,0,A,A,0,No Deposit,9.0,0,Transient,98.1,0,0
City Hotel,1,36,2016,May,22,22,2,0,2,0.0,0,SC,PRT,Offline TA/TO,TA/TO,0,0,0,A,A,0,No Deposit,83.0,0,Transient,92.88,0,0
City Hotel,0,142,2016,May,22,22,2,1,2,0.0,0,BB,GBR,Online TA,TA/TO,0,0,0,D,D,0,No Deposit,9.0,0,Transient-Party,114.3,0,0
City Hotel,1,87,2016,May,22,22,2,1,2,0.0,0,BB,FRA,Online TA,TA/TO,0,0,0,A,A,2,No Deposit,9.0,0,Transient,126.9,0,0
City Hotel,1,172,2016,May,22,22,2,1,2,0.0,0,BB,PRT,Online TA,TA/TO,0,0,0,D,D,0,No Deposit,7.0,0,Transient,115.2,0,0
City Hotel,1,35,2016,May,22,22,2,1,2,0.0,0,SC,GBR,Online TA,TA/TO,0,0,0,A,A,0,No Deposit,9.0,0,Transient,98.1,0,0
City Hotel,1,127,2016,May,22,22,2,1,2,0.0,0,BB,DEU,Online TA,TA/TO,0,0,0,A,A,0,No Deposit,9.0,0,Transient,105.3,0,0
City Hotel,0,172,2016,May,22,22,2,1,2,0.0,0,BB,GBR,Online TA,TA/TO,0,0,0,D,D,0,No Deposit,7.0,0,Transient,88.7,0,1
City Hotel,0,142,2016,May,22,22,2,1,2,0.0,0,BB,GBR,Online TA,TA/TO,0,0,0,D,D,0,No Deposit,9.0,0,Transient-Party,114.3,0,0
City Hotel,0,142,2016,May,22,22,2,1,2,0.0,0,BB,GBR,Online TA,TA/TO,0,0,0,D,D,0,No Deposit,9.0,0,Transient-Party,114.3,0,0
City Hotel,0,161,2016,May,22,22,2,1,2,0.0,0,BB,GBR,Online TA,TA/TO,0,0,0,D,D,0,No Deposit,8.0,0,Transient,114.3,0,1
City Hotel,1,105,2016,May,22,22,2,2,2,0.0,0,BB,DEU,Online TA,TA/TO,0,0,0,A,A,0,No Deposit,9.0,0,Transient,119.85,0,0
City Hotel,1,35,2016,May,22,22,2,2,2,0.0,0,SC,NLD,Online TA,TA/TO,0,0,0,A,A,0,No Deposit,9.0,0,Transient,98.1,0,0
City Hotel,1,96,2016,May,22,22,2,2,2,0.0,0,BB,DEU,Online TA,TA/TO,0,0,0,B,B,0,No Deposit,9.0,0,Transient,112.01,0,0
City Hotel,0,147,2016,May,22,22,2,2,2,0.0,0,BB,NLD,Online TA,TA/TO,0,0,0,A,A,0,No Deposit,9.0,0,Transient,99.45,0,1
City Hotel,0,160,2016,May,22,22,2,2,2,0.0,0,BB,GBR,Online TA,TA/TO,0,0,0,A,A,0,No Deposit,9.0,0,Transient,99.45,0,1
City Hotel,1,28,2016,May,22,22,2,2,2,0.0,0,SC,MDV,Online TA,TA/TO,0,0,0,A,A,0,No Deposit,9.0,0,Transient,103.55,0,0
City Hotel,1,97,2016,May,22,22,2,2,2,0.0,0,BB,DEU,Online TA,TA/TO,0,0,0,B,B,1,No Deposit,9.0,0,Transient,112.01,0,0
City Hotel,1,126,2016,May,22,22,2,2,2,0.0,0,SC,IRL,Online TA,TA/TO,0,0,0,A,A,0,No Deposit,9.0,0,Transient,89.25,0,0
City Hotel,1,72,2016,May,22,22,2,3,2,0.0,0,BB,DEU,Online TA,TA/TO,0,0,0,D,D,0,No Deposit,9.0,0,Transient,132.6,0,0
City Hotel,1,72,2016,May,22,22,2,3,2,0.0,0,BB,DEU,Online TA,TA/TO,0,0,0,D,D,0,No Deposit,9.0,0,Transient,132.6,0,0
City Hotel,0,137,2016,May,22,22,2,3,2,0.0,0,BB,FRA,Online TA,TA/TO,0,0,0,A,A,0,No Deposit,7.0,0,Transient,79.72,0,1
City Hotel,0,144,2016,May,22,22,2,3,2,0.0,0,BB,AUT,Online TA,TA/TO,0,0,0,D,D,0,No Deposit,9.0,0,Transient-Party,112.03,0,1
City Hotel,1,84,2016,May,22,22,2,3,2,0.0,0,BB,ESP,Online TA,TA/TO,0,0,0,A,A,0,No Deposit,9.0,0,Transient,135.31,0,1
City Hotel,1,123,2016,May,22,22,2,4,2,0.0,0,BB,FRA,Online TA,TA/TO,0,0,0,D,D,0,No Deposit,9.0,0,Transient,114.75,0,1
City Hotel,0,144,2016,May,22,22,2,3,2,0.0,0,BB,PRT,Online TA,TA/TO,0,0,0,D,D,0,No Deposit,9.0,0,Transient-Party,112.03,0,1
City Hotel,0,155,2016,May,22,22,3,5,2,0.0,0,BB,AUT,Online TA,TA/TO,0,0,0,F,F,9,No Deposit,9.0,0,Transient,177.35,0,0
City Hotel,1,0,2016,May,22,23,1,0,2,0.0,0,BB,PRT,Direct,Direct,0,0,0,A,A,0,No Deposit,,0,Transient,99.0,0,1
City Hotel,0,141,2016,May,22,23,1,0,2,0.0,0,SC,BRA,Online TA,TA/TO,0,0,0,A,A,0,No Deposit,7.0,0,Transient,72.76,0,1
City Hotel,1,30,2016,May,22,23,1,1,2,0.0,0,BB,ESP,Online TA,TA/TO,0,0,0,A,A,0,No Deposit,9.0,0,Transient,117.9,0,0
City Hotel,1,130,2016,May,22,23,1,1,2,0.0,0,BB,FIN,Online TA,TA/TO,0,0,0,A,A,0,No Deposit,9.0,0,Transient,105.3,0,0
City Hotel,1,38,2016,May,22,23,1,2,2,0.0,0,BB,DEU,Online TA,TA/TO,0,0,0,A,A,0,No Deposit,9.0,0,Transient,126.9,0,1
City Hotel,0,157,2016,May,22,23,1,2,2,0.0,0,BB,IRL,Online TA,TA/TO,0,0,0,D,D,0,No Deposit,9.0,0,Transient,114.3,0,2
City Hotel,0,138,2016,May,22,23,1,2,2,0.0,0,BB,NLD,Direct,Direct,0,0,0,E,E,0,No Deposit,14.0,0,Transient,135.9,0,0
City Hotel,1,141,2016,May,22,23,1,2,2,0.0,0,BB,TUN,Online TA,TA/TO,0,0,0,D,D,0,No Deposit,9.0,0,Transient,114.3,0,1
City Hotel,1,99,2016,May,22,23,1,3,2,0.0,0,BB,FRA,Online TA,TA/TO,0,0,0,D,D,0,No Deposit,9.0,0,Transient,132.6,0,0
City Hotel,0,142,2016,May,22,23,1,3,2,0.0,0,BB,AUT,Online TA,TA/TO,0,0,0,D,D,0,No Deposit,9.0,0,Transient,113.05,0,1
City Hotel,1,160,2016,May,22,23,1,4,2,0.0,0,BB,FIN,Online TA,TA/TO,0,0,0,A,A,0,No Deposit,9.0,0,Transient,107.61,0,1
City Hotel,1,141,2016,May,22,23,1,4,2,0.0,0,BB,TUN,Online TA,TA/TO,0,0,0,D,D,0,No Deposit,9.0,0,Transient,116.11,0,0
City Hotel,1,5,2016,May,22,24,0,2,2,0.0,0,BB,PRT,Corporate,Corporate,0,0,0,A,A,0,No Deposit,,0,Transient-Party,110.0,0,0
City Hotel,1,21,2016,May,22,24,0,2,2,0.0,0,BB,FRA,Online TA,TA/TO,0,0,0,A,A,0,No Deposit,9.0,0,Transient,141.0,0,0
City Hotel,1,30,2016,May,22,24,0,2,2,0.0,0,SC,CHE,Online TA,TA/TO,0,0,0,A,A,0,No Deposit,9.0,0,Transient,98.1,0,1
City Hotel,1,11,2016,May,22,24,0,3,2,0.0,0,HB,PRT,Offline TA/TO,TA/TO,0,0,0,A,A,0,No Deposit,12.0,3,Transient-Party,160.0,0,0
City Hotel,1,11,2016,May,22,24,0,3,2,0.0,0,HB,PRT,Offline TA/TO,TA/TO,0,0,0,A,A,0,No Deposit,12.0,3,Transient-Party,160.0,0,0
City Hotel,1,11,2016,May,22,24,0,3,2,0.0,0,HB,PRT,Offline TA/TO,TA/TO,0,0,0,A,A,0,No Deposit,12.0,3,Transient-Party,160.0,0,0
City Hotel,1,11,2016,May,22,24,0,3,2,0.0,0,HB,PRT,Offline TA/TO,TA/TO,0,0,0,A,A,0,No Deposit,12.0,0,Transient-Party,160.0,0,0
City Hotel,1,11,2016,May,22,24,0,3,2,0.0,0,HB,PRT,Offline TA/TO,TA/TO,0,0,0,A,A,0,No Deposit,12.0,3,Transient-Party,160.0,0,0
City Hotel,1,84,2016,May,22,24,0,4,2,0.0,0,BB,TUR,Online TA,TA/TO,0,0,0,D,D,0,No Deposit,9.0,0,Transient,132.6,0,0
City Hotel,1,8,2016,May,22,25,0,1,2,0.0,0,BB,PRT,Online TA,TA/TO,0,0,0,A,A,0,No Deposit,9.0,0,Transient,111.35,0,0
City Hotel,1,30,2016,May,22,25,0,1,2,0.0,0,SC,PRT,Online TA,TA/TO,0,0,0,A,A,0,No Deposit,8.0,0,Transient,98.1,0,0
City Hotel,1,30,2016,May,22,25,0,1,2,0.0,0,SC,PRT,Online TA,TA/TO,0,0,0,A,A,0,No Deposit,8.0,0,Transient,98.1,0,0
City Hotel,0,158,2016,May,22,25,0,4,2,0.0,0,BB,AUT,Online TA,TA/TO,0,0,0,F,F,9,No Deposit,9.0,0,Transient,198.9,0,0
City Hotel,1,113,2016,May,22,25,0,4,2,0.0,0,BB,AUT,Online TA,TA/TO,0,0,0,D,D,0,No Deposit,9.0,0,Transient,132.6,0,0
City Hotel,0,158,2016,May,22,25,0,4,2,0.0,0,BB,AUT,Online TA,TA/TO,0,0,0,D,D,13,No Deposit,9.0,0,Transient,123.25,0,1
City Hotel,0,169,2016,May,22,25,0,4,2,0.0,0,BB,USA,Online TA,TA/TO,0,0,0,D,D,0,No Deposit,9.0,0,Transient-Party,123.25,0,0
City Hotel,0,169,2016,May,22,25,0,4,2,0.0,0,BB,USA,Online TA,TA/TO,0,0,0,D,D,0,No Deposit,9.0,0,Transient-Party,123.25,0,0
City Hotel,0,144,2016,May,22,25,1,4,2,0.0,0,BB,DEU,Online TA,TA/TO,0,0,0,D,D,0,No Deposit,7.0,0,Transient,92.55,0,1
City Hotel,0,144,2016,May,22,25,1,4,2,0.0,0,BB,DEU,Online TA,TA/TO,0,0,0,D,D,0,No Deposit,7.0,0,Transient,92.55,0,0
City Hotel,0,144,2016,May,22,25,1,4,2,0.0,0,BB,DEU,Online TA,TA/TO,0,0,0,D,D,0,No Deposit,7.0,0,Transient,92.55,0,0
City Hotel,1,0,2016,May,22,26,0,1,2,0.0,0,BB,PRT,Online TA,TA/TO,0,0,0,A,D,0,No Deposit,9.0,0,Transient,161.0,0,0
City Hotel,1,75,2016,May,22,26,0,2,2,0.0,0,BB,FRA,Online TA,TA/TO,0,0,0,D,D,0,No Deposit,9.0,0,Transient,140.4,0,0
City Hotel,1,323,2016,May,22,26,0,2,2,0.0,0,BB,PRT,Groups,TA/TO,0,0,0,A,A,0,Non Refund,1.0,0,Transient,62.0,0,0
City Hotel,1,323,2016,May,22,26,0,2,2,0.0,0,BB,PRT,Groups,TA/TO,0,0,0,A,A,0,Non Refund,1.0,0,Transient,62.0,0,0
City Hotel,1,323,2016,May,22,26,0,2,2,0.0,0,BB,PRT,Groups,TA/TO,0,0,0,A,A,0,Non Refund,1.0,0,Transient,62.0,0,0
City Hotel,1,323,2016,May,22,26,0,2,2,0.0,0,BB,PRT,Groups,TA/TO,0,0,0,A,A,0,Non Refund,1.0,0,Transient,62.0,0,0
City Hotel,1,323,2016,May,22,26,0,2,2,0.0,0,BB,PRT,Groups,TA/TO,0,0,0,A,A,0,Non Refund,1.0,0,Transient,62.0,0,0
City Hotel,1,323,2016,May,22,26,0,2,2,0.0,0,BB,PRT,Groups,TA/TO,0,0,0,A,A,0,Non Refund,1.0,0,Transient,62.0,0,0
City Hotel,1,323,2016,May,22,26,0,2,2,0.0,0,BB,PRT,Groups,TA/TO,0,0,0,A,A,0,Non Refund,1.0,0,Transient,62.0,0,0
City Hotel,1,323,2016,May,22,26,0,2,2,0.0,0,BB,PRT,Groups,TA/TO,0,0,0,A,A,0,Non Refund,1.0,0,Transient,62.0,0,0
City Hotel,1,323,2016,May,22,26,0,2,2,0.0,0,BB,PRT,Groups,TA/TO,0,0,0,A,A,0,Non Refund,1.0,0,Transient,62.0,0,0
City Hotel,1,86,2016,May,22,26,0,2,2,0.0,0,BB,ESP,Online TA,TA/TO,0,0,0,D,D,0,No Deposit,9.0,0,Transient,140.4,0,0
City Hotel,1,85,2016,May,22,26,0,2,2,0.0,0,BB,BEL,Online TA,TA/TO,0,0,0,D,D,0,No Deposit,9.0,0,Transient,140.4,0,0
City Hotel,1,323,2016,May,22,26,0,2,2,0.0,0,BB,PRT,Groups,TA/TO,0,0,0,A,A,0,Non Refund,1.0,0,Transient,62.0,0,0
City Hotel,1,323,2016,May,22,26,0,2,2,0.0,0,BB,PRT,Groups,TA/TO,0,0,0,A,A,0,Non Refund,1.0,0,Transient,62.0,0,0
City Hotel,1,323,2016,May,22,26,0,2,2,0.0,0,BB,PRT,Groups,TA/TO,0,0,0,A,A,0,Non Refund,1.0,0,Transient,62.0,0,0
City Hotel,1,323,2016,May,22,26,0,2,2,0.0,0,BB,PRT,Groups,TA/TO,0,0,0,A,A,0,Non Refund,1.0,0,Transient,62.0,0,0
City Hotel,1,323,2016,May,22,26,0,2,2,0.0,0,BB,PRT,Groups,TA/TO,0,0,0,A,A,0,Non Refund,1.0,0,Transient,62.0,0,0
City Hotel,1,323,2016,May,22,26,0,2,2,0.0,0,BB,PRT,Groups,TA/TO,0,0,0,A,A,0,Non Refund,1.0,0,Transient,62.0,0,0
City Hotel,1,323,2016,May,22,26,0,2,2,0.0,0,BB,PRT,Groups,TA/TO,0,0,0,A,A,0,Non Refund,1.0,0,Transient,62.0,0,0
City Hotel,1,86,2016,May,22,26,0,2,2,0.0,0,BB,ESP,Online TA,TA/TO,0,0,0,D,D,0,No Deposit,9.0,0,Transient,140.4,0,0
City Hotel,1,85,2016,May,22,26,0,2,2,0.0,0,BB,BEL,Online TA,TA/TO,0,0,0,D,D,0,No Deposit,9.0,0,Transient,140.4,0,1
City Hotel,1,323,2016,May,22,26,0,2,2,0.0,0,BB,PRT,Groups,TA/TO,0,0,0,A,A,0,Non Refund,1.0,0,Transient,62.0,0,0
City Hotel,1,323,2016,May,22,26,0,2,2,0.0,0,BB,PRT,Groups,TA/TO,0,0,0,A,A,0,Non Refund,1.0,0,Transient,62.0,0,0
City Hotel,1,323,2016,May,22,26,0,2,2,0.0,0,BB,PRT,Groups,TA/TO,0,0,0,A,A,0,Non Refund,1.0,0,Transient,62.0,0,0
City Hotel,1,323,2016,May,22,26,0,2,2,0.0,0,BB,PRT,Groups,TA/TO,0,0,0,A,A,0,Non Refund,1.0,0,Transient,62.0,0,0
City Hotel,1,323,2016,May,22,26,0,2,2,0.0,0,BB,PRT,Groups,TA/TO,0,0,0,A,A,0,Non Refund,1.0,0,Transient,62.0,0,0
City Hotel,1,323,2016,May,22,26,0,2,2,0.0,0,BB,PRT,Groups,TA/TO,0,0,0,A,A,0,Non Refund,1.0,0,Transient,62.0,0,0
City Hotel,1,323,2016,May,22,26,0,2,2,0.0,0,BB,PRT,Groups,TA/TO,0,0,0,A,A,0,Non Refund,1.0,0,Transient,62.0,0,0
City Hotel,1,323,2016,May,22,26,0,2,2,0.0,0,BB,PRT,Groups,TA/TO,0,0,0,A,A,0,Non Refund,1.0,0,Transient,62.0,0,0
City Hotel,1,323,2016,May,22,26,0,2,2,0.0,0,BB,PRT,Groups,TA/TO,0,0,0,A,A,0,Non Refund,1.0,0,Transient,62.0,0,0
City Hotel,1,323,2016,May,22,26,0,2,2,0.0,0,BB,PRT,Groups,TA/TO,0,0,0,A,A,0,Non Refund,1.0,0,Transient,62.0,0,0
City Hotel,1,323,2016,May,22,26,0,2,2,0.0,0,BB,PRT,Groups,TA/TO,0,0,0,A,A,0,Non Refund,1.0,0,Transient,62.0,0,0
City Hotel,1,323,2016,May,22,26,0,2,2,0.0,0,BB,PRT,Groups,TA/TO,0,0,0,A,A,0,Non Refund,1.0,0,Transient,62.0,0,0
City Hotel,1,323,2016,May,22,26,0,2,2,0.0,0,BB,PRT,Groups,TA/TO,0,0,0,A,A,0,Non Refund,1.0,0,Transient,62.0,0,0
City Hotel,1,323,2016,May,22,26,0,2,2,0.0,0,BB,PRT,Groups,TA/TO,0,0,0,A,A,0,Non Refund,1.0,0,Transient,62.0,0,0
City Hotel,0,316,2016,May,22,26,0,3,2,0.0,0,BB,AUT,Groups,TA/TO,0,0,0,A,A,0,No Deposit,30.0,0,Transient-Party,110.0,0,0
City Hotel,0,316,2016,May,22,26,0,3,2,0.0,0,BB,AUT,Groups,TA/TO,0,0,0,A,A,0,No Deposit,30.0,0,Transient-Party,110.0,0,0
City Hotel,0,316,2016,May,22,26,0,3,2,0.0,0,BB,AUT,Groups,TA/TO,0,0,0,A,A,0,No Deposit,30.0,0,Transient-Party,110.0,0,0
City Hotel,0,316,2016,May,22,26,0,3,2,0.0,0,BB,PRT,Groups,TA/TO,0,0,0,A,A,0,No Deposit,30.0,0,Transient-Party,110.0,0,0
City Hotel,0,316,2016,May,22,26,0,3,2,0.0,0,BB,AUT,Groups,TA/TO,0,0,0,A,A,0,No Deposit,30.0,0,Transient-Party,110.0,0,0
City Hotel,0,316,2016,May,22,26,0,3,2,0.0,0,BB,AUT,Groups,TA/TO,0,0,0,A,D,0,No Deposit,30.0,0,Transient-Party,110.0,0,0
City Hotel,0,316,2016,May,22,26,0,3,2,0.0,0,BB,AUT,Groups,TA/TO,0,0,0,A,A,0,No Deposit,30.0,0,Transient-Party,110.0,0,0
City Hotel,0,316,2016,May,22,26,0,3,2,0.0,0,BB,AUT,Groups,TA/TO,0,0,0,A,D,0,No Deposit,30.0,0,Transient-Party,110.0,0,0
City Hotel,0,316,2016,May,22,26,0,3,2,0.0,0,BB,AUT,Groups,TA/TO,0,0,0,A,A,0,No Deposit,30.0,0,Transient-Party,110.0,0,0
City Hotel,0,316,2016,May,22,26,0,3,2,0.0,0,BB,AUT,Groups,TA/TO,0,0,0,A,A,0,No Deposit,30.0,0,Transient-Party,110.0,0,0
City Hotel,1,316,2016,May,22,26,0,3,2,0.0,0,BB,PRT,Groups,TA/TO,0,0,0,A,A,0,No Deposit,30.0,0,Transient-Party,110.0,0,0
City Hotel,0,316,2016,May,22,26,0,3,2,0.0,0,BB,AUT,Groups,TA/TO,0,0,0,A,A,0,No Deposit,30.0,0,Transient-Party,110.0,0,0
City Hotel,0,316,2016,May,22,26,0,3,2,0.0,0,BB,AUT,Groups,TA/TO,0,0,0,A,A,0,No Deposit,30.0,0,Transient-Party,110.0,0,0
City Hotel,0,316,2016,May,22,26,0,3,2,0.0,0,BB,AUT,Groups,TA/TO,0,0,0,A,D,0,No Deposit,30.0,0,Transient-Party,110.0,0,0
City Hotel,0,316,2016,May,22,26,0,3,2,0.0,0,BB,AUT,Groups,TA/TO,0,0,0,A,B,0,No Deposit,30.0,0,Transient-Party,110.0,0,0
City Hotel,0,316,2016,May,22,26,0,3,2,0.0,0,BB,AUT,Groups,TA/TO,0,0,0,A,A,0,No Deposit,30.0,0,Transient-Party,110.0,0,0
City Hotel,0,316,2016,May,22,26,0,3,2,0.0,0,BB,AUT,Groups,TA/TO,0,0,0,A,A,2,No Deposit,30.0,0,Transient-Party,110.0,0,0
City Hotel,0,316,2016,May,22,26,0,3,2,0.0,0,BB,PRT,Groups,TA/TO,0,0,0,A,A,0,No Deposit,30.0,0,Transient-Party,110.0,0,0
City Hotel,0,316,2016,May,22,26,0,3,2,0.0,0,BB,AUT,Groups,TA/TO,0,0,0,D,D,1,No Deposit,30.0,0,Transient-Party,110.0,0,1
City Hotel,1,159,2016,May,22,26,0,3,2,0.0,0,BB,AUT,Online TA,TA/TO,0,0,0,F,F,8,No Deposit,9.0,0,Transient-Party,198.9,0,0
City Hotel,0,316,2016,May,22,26,0,3,2,0.0,0,BB,PRT,Groups,TA/TO,0,0,0,A,A,0,No Deposit,30.0,0,Transient-Party,110.0,0,0
City Hotel,0,316,2016,May,22,26,0,3,2,0.0,0,BB,AUT,Groups,TA/TO,0,0,0,A,A,0,No Deposit,30.0,0,Transient-Party,110.0,0,0
City Hotel,0,316,2016,May,22,26,0,3,2,0.0,0,BB,AUT,Groups,TA/TO,0,0,0,A,A,0,No Deposit,30.0,0,Transient-Party,110.0,0,0
City Hotel,0,316,2016,May,22,26,0,3,2,0.0,0,BB,PRT,Groups,TA/TO,0,0,0,A,A,0,No Deposit,30.0,0,Transient-Party,110.0,0,0
City Hotel,0,316,2016,May,22,26,0,3,2,0.0,0,BB,PRT,Groups,TA/TO,0,0,0,A,A,0,No Deposit,30.0,0,Transient-Party,110.0,0,0
City Hotel,0,316,2016,May,22,26,0,3,2,0.0,0,BB,PRT,Groups,TA/TO,0,0,0,A,B,0,No Deposit,30.0,0,Transient-Party,110.0,0,0
City Hotel,0,316,2016,May,22,26,0,3,2,0.0,0,BB,PRT,Groups,TA/TO,0,0,0,A,A,0,No Deposit,30.0,0,Transient-Party,110.0,0,0
City Hotel,0,316,2016,May,22,26,0,3,2,0.0,0,BB,AUT,Groups,TA/TO,0,0,0,A,A,0,No Deposit,30.0,0,Transient-Party,110.0,0,0
City Hotel,0,316,2016,May,22,26,0,3,2,0.0,0,BB,PRT,Groups,TA/TO,0,0,0,A,A,0,No Deposit,30.0,0,Transient-Party,110.0,0,0
City Hotel,0,316,2016,May,22,26,0,3,2,0.0,0,BB,AUT,Groups,TA/TO,0,0,0,A,A,0,No Deposit,30.0,0,Transient-Party,110.0,0,0
City Hotel,0,316,2016,May,22,26,0,3,2,0.0,0,BB,AUT,Groups,TA/TO,0,0,0,A,A,0,No Deposit,30.0,0,Transient-Party,110.0,0,0
City Hotel,0,316,2016,May,22,26,0,3,2,0.0,0,BB,PRT,Groups,TA/TO,0,0,0,A,A,0,No Deposit,30.0,0,Transient-Party,110.0,0,0
City Hotel,0,316,2016,May,22,26,0,3,2,0.0,0,BB,PRT,Groups,TA/TO,0,0,0,A,A,0,No Deposit,30.0,0,Transient-Party,110.0,0,0
City Hotel,0,316,2016,May,22,26,0,3,2,0.0,0,BB,AUT,Groups,TA/TO,0,0,0,A,A,0,No Deposit,30.0,0,Transient-Party,110.0,0,0
City Hotel,0,316,2016,May,22,26,0,3,2,0.0,0,BB,AUT,Groups,TA/TO,0,0,0,A,A,0,No Deposit,30.0,0,Transient-Party,110.0,0,0
City Hotel,0,316,2016,May,22,26,0,3,2,0.0,0,BB,PRT,Groups,TA/TO,0,0,0,A,A,3,No Deposit,30.0,0,Transient-Party,110.0,0,0
City Hotel,1,316,2016,May,22,26,0,3,2,0.0,0,BB,PRT,Groups,TA/TO,0,0,0,A,A,2,No Deposit,30.0,0,Transient-Party,110.0,0,0
City Hotel,0,316,2016,May,22,26,0,3,2,0.0,0,BB,AUT,Groups,TA/TO,0,0,0,A,A,0,No Deposit,30.0,0,Transient-Party,110.0,0,0
City Hotel,0,316,2016,May,22,26,0,3,2,0.0,0,BB,AUT,Groups,TA/TO,0,0,0,A,A,0,No Deposit,30.0,0,Transient-Party,110.0,0,0
City Hotel,0,316,2016,May,22,26,0,3,2,0.0,0,BB,AUT,Groups,TA/TO,0,0,0,A,A,0,No Deposit,30.0,0,Transient-Party,110.0,0,0
City Hotel,0,316,2016,May,22,26,0,3,2,0.0,0,BB,PRT,Groups,TA/TO,0,0,0,A,A,0,No Deposit,30.0,0,Transient-Party,110.0,0,0
City Hotel,0,316,2016,May,22,26,0,3,2,0.0,0,BB,AUT,Groups,TA/TO,0,0,0,A,A,0,No Deposit,30.0,0,Transient-Party,110.0,0,0
City Hotel,0,316,2016,May,22,26,0,3,2,0.0,0,BB,AUT,Groups,TA/TO,0,0,0,A,D,0,No Deposit,30.0,0,Transient-Party,110.0,0,0
City Hotel,0,316,2016,May,22,26,0,3,2,0.0,0,BB,PRT,Groups,TA/TO,0,0,0,A,B,0,No Deposit,30.0,0,Transient-Party,110.0,0,0
City Hotel,0,316,2016,May,22,26,0,3,2,0.0,0,BB,AUT,Groups,TA/TO,0,0,0,A,A,0,No Deposit,30.0,0,Transient-Party,110.0,0,0
City Hotel,0,316,2016,May,22,26,0,3,2,0.0,0,BB,AUT,Groups,TA/TO,0,0,0,A,A,0,No Deposit,30.0,0,Transient-Party,110.0,0,0
City Hotel,0,316,2016,May,22,26,0,3,2,0.0,0,BB,PRT,Groups,TA/TO,0,0,0,A,A,0,No Deposit,30.0,0,Transient-Party,110.0,0,0
City Hotel,0,316,2016,May,22,26,0,3,2,0.0,0,BB,PRT,Groups,TA/TO,0,0,0,A,A,0,No Deposit,30.0,0,Transient-Party,110.0,0,0
City Hotel,0,316,2016,May,22,26,0,3,2,0.0,0,BB,AUT,Groups,TA/TO,0,0,0,A,A,0,No Deposit,30.0,0,Transient-Party,110.0,0,0
City Hotel,0,316,2016,May,22,26,0,3,2,0.0,0,BB,PRT,Groups,TA/TO,0,0,0,A,A,0,No Deposit,30.0,0,Transient-Party,110.0,0,0
City Hotel,0,316,2016,May,22,26,0,3,2,0.0,0,BB,AUT,Groups,TA/TO,0,0,0,A,A,0,No Deposit,30.0,0,Transient-Party,110.0,0,0
City Hotel,0,316,2016,May,22,26,0,3,2,0.0,0,BB,AUT,Groups,TA/TO,0,0,0,A,A,0,No Deposit,30.0,0,Transient-Party,110.0,0,0
City Hotel,0,316,2016,May,22,26,0,3,2,0.0,0,BB,PRT,Groups,TA/TO,0,0,0,A,A,0,No Deposit,30.0,0,Transient-Party,110.0,0,0
City Hotel,0,159,2016,May,22,26,0,3,2,0.0,0,BB,AUT,Online TA,TA/TO,0,0,0,F,F,7,No Deposit,9.0,0,Transient,198.9,0,0
City Hotel,0,316,2016,May,22,26,0,3,2,0.0,0,BB,PRT,Groups,TA/TO,0,0,0,A,A,0,No Deposit,30.0,0,Transient-Party,110.0,0,0
City Hotel,0,316,2016,May,22,26,0,3,2,0.0,0,BB,PRT,Groups,TA/TO,0,0,0,A,A,0,No Deposit,30.0,0,Transient-Party,110.0,0,0
City Hotel,0,316,2016,May,22,26,0,3,2,0.0,0,BB,AUT,Groups,TA/TO,0,0,0,A,A,0,No Deposit,30.0,0,Transient-Party,110.0,0,0
City Hotel,0,316,2016,May,22,26,0,3,2,0.0,0,BB,AUT,Groups,TA/TO,0,0,0,A,A,0,No Deposit,30.0,0,Transient-Party,110.0,0,0
City Hotel,0,316,2016,May,22,26,0,3,2,0.0,0,BB,AUT,Groups,TA/TO,0,0,0,A,A,0,No Deposit,30.0,0,Transient-Party,110.0,0,0
City Hotel,0,316,2016,May,22,26,0,3,2,0.0,0,BB,AUT,Groups,TA/TO,0,0,0,A,A,0,No Deposit,30.0,0,Transient-Party,110.0,0,0
City Hotel,0,316,2016,May,22,26,0,3,2,0.0,0,BB,AUT,Groups,TA/TO,0,0,0,A,A,0,No Deposit,30.0,0,Transient-Party,110.0,0,0
City Hotel,0,316,2016,May,22,26,0,3,2,0.0,0,BB,AUT,Groups,TA/TO,0,0,0,A,A,0,No Deposit,30.0,0,Transient-Party,110.0,0,0
City Hotel,0,316,2016,May,22,26,0,3,2,0.0,0,BB,PRT,Groups,TA/TO,0,0,0,A,A,0,No Deposit,30.0,0,Transient-Party,110.0,0,0
City Hotel,0,316,2016,May,22,26,0,3,2,0.0,0,BB,PRT,Groups,TA/TO,0,0,0,A,A,0,No Deposit,30.0,0,Transient-Party,110.0,0,0
City Hotel,0,316,2016,May,22,26,0,3,2,0.0,0,BB,PRT,Groups,TA/TO,0,0,0,A,A,0,No Deposit,30.0,0,Transient-Party,110.0,0,0
City Hotel,0,316,2016,May,22,26,0,3,2,0.0,0,BB,PRT,Groups,TA/TO,0,0,0,A,A,0,No Deposit,30.0,0,Transient-Party,110.0,0,0
City Hotel,0,316,2016,May,22,26,0,3,2,0.0,0,BB,AUT,Groups,TA/TO,0,0,0,A,B,0,No Deposit,30.0,0,Transient-Party,110.0,0,0
City Hotel,0,316,2016,May,22,26,0,3,2,0.0,0,BB,AUT,Groups,TA/TO,0,0,0,A,A,0,No Deposit,30.0,0,Transient-Party,110.0,0,0
City Hotel,0,316,2016,May,22,26,0,3,2,0.0,0,BB,PRT,Groups,TA/TO,0,0,0,A,A,0,No Deposit,30.0,0,Transient-Party,110.0,0,0
City Hotel,0,316,2016,May,22,26,0,3,2,0.0,0,BB,AUT,Groups,TA/TO,0,0,0,A,A,0,No Deposit,30.0,0,Transient-Party,110.0,0,0
City Hotel,0,316,2016,May,22,26,0,3,2,0.0,0,BB,PRT,Groups,TA/TO,0,0,0,A,A,0,No Deposit,30.0,0,Transient-Party,110.0,0,0
City Hotel,0,316,2016,May,22,26,0,3,2,0.0,0,BB,AUT,Groups,TA/TO,0,0,0,A,A,0,No Deposit,30.0,0,Transient-Party,110.0,0,0
City Hotel,0,316,2016,May,22,26,0,3,2,0.0,0,BB,PRT,Groups,TA/TO,0,0,0,A,A,0,No Deposit,30.0,0,Transient-Party,110.0,0,0
City Hotel,0,316,2016,May,22,26,0,3,2,0.0,0,BB,AUT,Groups,TA/TO,0,0,0,A,A,0,No Deposit,30.0,0,Transient-Party,110.0,0,0
City Hotel,0,316,2016,May,22,26,0,3,2,0.0,0,BB,AUT,Groups,TA/TO,0,0,0,A,B,0,No Deposit,30.0,0,Transient-Party,110.0,0,0
City Hotel,0,316,2016,May,22,26,0,3,2,0.0,0,BB,AUT,Groups,TA/TO,0,0,0,A,D,0,No Deposit,30.0,0,Transient-Party,110.0,0,0
City Hotel,0,316,2016,May,22,26,0,3,2,0.0,0,BB,PRT,Groups,TA/TO,0,0,0,A,A,0,No Deposit,30.0,0,Transient-Party,110.0,0,0
City Hotel,0,316,2016,May,22,26,0,3,2,0.0,0,BB,PRT,Groups,TA/TO,0,0,0,A,A,0,No Deposit,30.0,0,Transient-Party,110.0,0,0
City Hotel,0,316,2016,May,22,26,0,3,2,0.0,0,BB,AUT,Groups,TA/TO,0,0,0,A,A,0,No Deposit,30.0,0,Transient-Party,110.0,0,0
City Hotel,0,316,2016,May,22,26,0,3,2,0.0,0,BB,PRT,Groups,TA/TO,0,0,0,A,A,0,No Deposit,30.0,0,Transient-Party,110.0,0,0
City Hotel,0,316,2016,May,22,26,0,3,2,0.0,0,BB,PRT,Groups,TA/TO,0,0,0,A,A,0,No Deposit,30.0,0,Transient-Party,110.0,0,0
City Hotel,0,316,2016,May,22,26,0,3,2,0.0,0,BB,PRT,Groups,TA/TO,0,0,0,A,A,0,No Deposit,30.0,0,Transient-Party,110.0,0,0
City Hotel,0,316,2016,May,22,26,0,3,2,0.0,0,BB,AUT,Groups,TA/TO,0,0,0,A,A,0,No Deposit,30.0,0,Transient-Party,110.0,0,0
City Hotel,0,316,2016,May,22,26,0,3,2,0.0,0,BB,AUT,Groups,TA/TO,0,0,0,A,A,0,No Deposit,30.0,0,Transient-Party,110.0,0,0
City Hotel,0,316,2016,May,22,26,0,3,2,0.0,0,BB,AUT,Groups,TA/TO,0,0,0,A,A,0,No Deposit,30.0,0,Transient-Party,110.0,0,0
City Hotel,0,316,2016,May,22,26,0,3,2,0.0,0,BB,AUT,Groups,TA/TO,0,0,0,A,A,0,No Deposit,30.0,0,Transient-Party,110.0,0,0
City Hotel,0,316,2016,May,22,26,0,3,2,0.0,0,BB,AUT,Groups,TA/TO,0,0,0,A,A,0,No Deposit,30.0,0,Transient-Party,110.0,0,0
City Hotel,0,316,2016,May,22,26,0,3,2,0.0,0,BB,AUT,Groups,TA/TO,0,0,0,A,A,0,No Deposit,30.0,0,Transient-Party,110.0,0,0
City Hotel,0,316,2016,May,22,26,0,3,2,0.0,0,BB,AUT,Groups,TA/TO,0,0,0,A,A,0,No Deposit,30.0,0,Transient-Party,110.0,0,0
City Hotel,0,316,2016,May,22,26,0,3,2,0.0,0,BB,PRT,Groups,TA/TO,0,0,0,A,A,0,No Deposit,30.0,0,Transient-Party,110.0,0,0
City Hotel,0,316,2016,May,22,26,0,3,2,0.0,0,BB,AUT,Groups,TA/TO,0,0,0,A,A,0,No Deposit,30.0,0,Transient-Party,110.0,0,0
City Hotel,0,316,2016,May,22,26,0,3,2,0.0,0,BB,AUT,Groups,TA/TO,0,0,0,A,A,0,No Deposit,30.0,0,Transient-Party,110.0,0,0
City Hotel,0,316,2016,May,22,26,0,3,2,0.0,0,BB,PRT,Groups,TA/TO,0,0,0,A,A,2,No Deposit,30.0,0,Transient-Party,110.0,0,0
City Hotel,0,316,2016,May,22,26,0,3,2,0.0,0,BB,PRT,Groups,TA/TO,0,0,0,A,E,3,No Deposit,30.0,0,Transient-Party,110.0,0,2
City Hotel,0,316,2016,May,22,26,0,3,2,0.0,0,BB,PRT,Groups,TA/TO,0,0,0,A,A,0,No Deposit,30.0,0,Transient-Party,110.0,0,0
City Hotel,0,316,2016,May,22,26,0,3,2,0.0,0,BB,AUT,Groups,TA/TO,0,0,0,A,A,0,No Deposit,30.0,0,Transient-Party,110.0,0,0
City Hotel,0,316,2016,May,22,26,0,3,2,0.0,0,BB,PRT,Groups,TA/TO,0,0,0,A,A,0,No Deposit,30.0,0,Transient-Party,110.0,0,0
City Hotel,0,316,2016,May,22,26,0,3,2,0.0,0,BB,PRT,Groups,TA/TO,0,0,0,A,A,0,No Deposit,30.0,0,Transient-Party,110.0,0,0
City Hotel,0,316,2016,May,22,26,0,3,2,0.0,0,BB,AUT,Groups,TA/TO,0,0,0,A,A,0,No Deposit,30.0,0,Transient-Party,110.0,0,0
City Hotel,0,316,2016,May,22,26,0,3,2,0.0,0,BB,AUT,Groups,TA/TO,0,0,0,A,A,0,No Deposit,30.0,0,Transient-Party,110.0,0,0
City Hotel,0,316,2016,May,22,26,0,3,2,0.0,0,BB,FRA,Groups,TA/TO,0,0,0,A,A,0,No Deposit,30.0,0,Transient-Party,110.0,0,0
City Hotel,0,316,2016,May,22,26,0,3,2,0.0,0,BB,PRT,Groups,TA/TO,0,0,0,A,A,0,No Deposit,30.0,0,Transient-Party,110.0,0,0
City Hotel,0,172,2016,May,22,26,1,3,2,0.0,0,BB,PRT,Online TA,TA/TO,0,0,0,D,D,0,No Deposit,9.0,0,Transient,123.25,0,0
City Hotel,1,51,2016,May,22,27,0,1,2,0.0,0,BB,GBR,Online TA,TA/TO,0,0,0,D,D,4,No Deposit,9.0,0,Transient,158.0,0,0
City Hotel,1,37,2016,May,22,27,0,1,2,0.0,0,BB,PRT,Online TA,TA/TO,0,0,0,D,D,0,No Deposit,7.0,0,Transient,140.4,0,0
City Hotel,1,64,2016,May,22,27,0,2,2,0.0,0,BB,GBR,Online TA,TA/TO,0,0,0,D,D,0,No Deposit,9.0,0,Transient,140.4,0,0
City Hotel,1,64,2016,May,22,27,0,2,2,0.0,0,BB,GBR,Online TA,TA/TO,0,0,0,D,D,0,No Deposit,9.0,0,Transient,140.4,0,0
City Hotel,0,160,2016,May,22,27,0,2,2,0.0,0,BB,AUT,Online TA,TA/TO,0,0,0,A,E,8,No Deposit,9.0,0,Transient,119.85,0,0
City Hotel,1,64,2016,May,22,27,0,2,2,0.0,0,BB,GBR,Online TA,TA/TO,0,0,0,D,D,0,No Deposit,9.0,0,Transient,140.4,0,0
City Hotel,1,64,2016,May,22,27,0,2,2,0.0,0,BB,GBR,Online TA,TA/TO,0,0,0,D,D,0,No Deposit,9.0,0,Transient,140.4,0,0
City Hotel,1,64,2016,May,22,27,0,2,2,0.0,0,BB,GBR,Online TA,TA/TO,0,0,0,D,D,0,No Deposit,9.0,0,Transient,140.4,0,0
City Hotel,0,160,2016,May,22,27,0,2,2,0.0,0,BB,PRT,Online TA,TA/TO,0,0,0,D,E,15,No Deposit,9.0,0,Transient-Party,128.35,0,1
City Hotel,0,178,2016,May,22,27,0,2,2,0.0,0,SC,DEU,Online TA,TA/TO,0,0,0,A,D,0,No Deposit,9.0,0,Transient,114.3,1,1
City Hotel,1,0,2016,May,22,27,0,2,2,0.0,0,BB,AUT,Online TA,TA/TO,0,0,0,D,E,0,No Deposit,,0,Transient,182.33,0,1
City Hotel,1,119,2016,May,22,27,1,2,2,0.0,0,BB,GBR,Online TA,TA/TO,0,0,0,D,D,0,No Deposit,9.0,0,Transient,140.4,0,0
City Hotel,1,144,2016,May,22,27,2,2,2,0.0,0,BB,USA,Online TA,TA/TO,0,0,0,D,D,1,No Deposit,9.0,0,Transient,118.15,0,1
City Hotel,1,133,2016,May,22,27,2,2,2,0.0,0,BB,FRA,Online TA,TA/TO,0,0,0,D,D,0,No Deposit,9.0,0,Transient,118.15,0,0
City Hotel,0,147,2016,May,22,27,2,2,2,0.0,0,BB,GBR,Online TA,TA/TO,0,0,0,D,D,0,No Deposit,9.0,0,Transient,118.15,0,1
City Hotel,1,61,2016,May,22,28,0,1,2,0.0,0,BB,FRA,Online TA,TA/TO,0,0,0,D,D,0,No Deposit,9.0,0,Transient,140.4,0,0
City Hotel,1,135,2016,May,22,28,1,1,2,0.0,0,HB,PRT,Groups,TA/TO,0,0,0,A,A,0,Non Refund,1.0,0,Transient,96.0,0,0
City Hotel,1,135,2016,May,22,28,1,1,2,0.0,0,HB,PRT,Groups,TA/TO,0,0,0,A,A,0,Non Refund,1.0,0,Transient,96.0,0,0
City Hotel,1,135,2016,May,22,28,1,1,2,0.0,0,HB,PRT,Groups,TA/TO,0,0,0,A,A,0,Non Refund,1.0,0,Transient,96.0,0,0
City Hotel,1,135,2016,May,22,28,1,1,2,0.0,0,HB,PRT,Groups,TA/TO,0,0,0,A,A,0,Non Refund,1.0,0,Transient,96.0,0,0
City Hotel,1,51,2016,May,22,28,1,1,2,0.0,0,BB,CHN,Online TA,TA/TO,0,0,0,D,D,0,No Deposit,9.0,0,Transient,126.36,0,0
City Hotel,1,135,2016,May,22,28,1,1,2,0.0,0,HB,PRT,Groups,TA/TO,0,0,0,A,A,0,Non Refund,1.0,0,Transient,96.0,0,0
City Hotel,1,135,2016,May,22,28,1,1,2,0.0,0,HB,PRT,Groups,TA/TO,0,0,0,A,A,0,Non Refund,1.0,0,Transient,96.0,0,0
City Hotel,1,135,2016,May,22,28,1,1,2,0.0,0,HB,PRT,Groups,TA/TO,0,0,0,A,A,0,Non Refund,1.0,0,Transient,96.0,0,0
City Hotel,1,135,2016,May,22,28,1,1,2,0.0,0,HB,PRT,Groups,TA/TO,0,0,0,A,A,0,Non Refund,1.0,0,Transient,96.0,0,0
City Hotel,1,135,2016,May,22,28,1,1,2,0.0,0,HB,PRT,Groups,TA/TO,0,0,0,A,A,0,Non Refund,1.0,0,Transient,96.0,0,0
City Hotel,1,135,2016,May,22,28,1,1,2,0.0,0,HB,PRT,Groups,TA/TO,0,0,0,A,A,0,Non Refund,1.0,0,Transient,96.0,0,0
City Hotel,1,153,2016,May,22,28,2,1,2,0.0,0,BB,FRA,Online TA,TA/TO,0,0,0,D,D,0,No Deposit,9.0,0,Transient,121.5,0,1
City Hotel,1,52,2016,May,22,28,2,2,2,0.0,0,BB,PRT,Online TA,TA/TO,0,0,0,D,D,0,No Deposit,8.0,0,Transient,140.4,0,0
City Hotel,1,63,2016,May,22,28,2,1,2,0.0,0,BB,CHN,Online TA,TA/TO,0,0,0,D,D,0,No Deposit,9.0,0,Transient,140.4,0,0
City Hotel,1,2,2016,May,22,28,2,3,2,0.0,0,BB,ITA,Online TA,TA/TO,0,0,0,A,A,0,No Deposit,9.0,0,Transient,113.05,0,0
City Hotel,1,57,2016,May,22,28,2,5,2,0.0,0,BB,FRA,Online TA,TA/TO,0,0,0,D,D,0,No Deposit,9.0,0,Transient,140.4,0,1
City Hotel,1,16,2016,May,23,29,1,0,2,0.0,0,BB,GBR,Online TA,TA/TO,0,0,0,A,A,0,No Deposit,9.0,0,Transient,111.0,0,0
City Hotel,0,168,2016,May,23,29,1,0,2,0.0,0,BB,DEU,Online TA,TA/TO,0,0,0,D,D,1,No Deposit,9.0,0,Transient,132.3,1,3
City Hotel,1,95,2016,May,23,29,2,0,2,0.0,0,BB,PRT,Groups,TA/TO,0,0,0,A,A,0,No Deposit,1.0,0,Transient-Party,65.0,0,0
City Hotel,1,95,2016,May,23,29,2,0,2,0.0,0,BB,PRT,Groups,TA/TO,0,0,0,A,A,0,No Deposit,1.0,0,Transient-Party,65.0,0,0
City Hotel,1,95,2016,May,23,29,2,0,2,0.0,0,BB,PRT,Groups,TA/TO,0,0,0,A,A,0,No Deposit,1.0,0,Transient-Party,65.0,0,0
City Hotel,1,15,2016,May,23,29,2,0,2,0.0,0,BB,BEL,Online TA,TA/TO,0,0,0,A,A,0,No Deposit,9.0,0,Transient,111.0,0,0
City Hotel,1,48,2016,May,23,29,2,0,2,0.0,0,BB,KOR,Online TA,TA/TO,0,0,0,D,D,0,No Deposit,9.0,0,Transient,159.3,0,0
City Hotel,1,95,2016,May,23,29,2,0,2,0.0,0,BB,PRT,Groups,TA/TO,0,0,0,A,A,0,No Deposit,1.0,0,Transient-Party,65.0,0,0
City Hotel,1,48,2016,May,23,29,2,0,2,0.0,0,BB,KOR,Online TA,TA/TO,0,0,0,A,A,0,No Deposit,9.0,0,Transient,121.5,0,0
City Hotel,1,107,2016,May,23,29,2,1,2,0.0,0,BB,PRT,Offline TA/TO,TA/TO,0,0,0,A,A,0,No Deposit,85.0,0,Transient-Party,80.75,0,1
City Hotel,1,205,2016,May,23,29,2,1,2,0.0,0,BB,PRT,Offline TA/TO,TA/TO,0,0,0,A,A,0,Non Refund,26.0,0,Transient,90.0,0,0
City Hotel,1,205,2016,May,23,29,2,1,2,0.0,0,BB,PRT,Offline TA/TO,TA/TO,0,0,0,A,A,0,Non Refund,26.0,0,Transient,90.0,0,0
City Hotel,1,205,2016,May,23,29,2,1,2,0.0,0,BB,PRT,Offline TA/TO,TA/TO,0,0,0,A,A,0,Non Refund,26.0,0,Transient,90.0,0,0
City Hotel,1,205,2016,May,23,29,2,1,2,0.0,0,BB,PRT,Offline TA/TO,TA/TO,0,0,0,A,A,0,Non Refund,26.0,0,Transient,90.0,0,0
City Hotel,1,148,2016,May,23,29,2,1,2,0.0,0,BB,ITA,Online TA,TA/TO,0,0,0,A,A,0,No Deposit,9.0,0,Transient,114.3,0,0
City Hotel,1,202,2016,May,23,29,2,1,2,0.0,0,BB,PRT,Offline TA/TO,TA/TO,0,0,0,A,A,0,Non Refund,26.0,0,Transient,90.0,0,0
City Hotel,1,205,2016,May,23,29,2,1,2,0.0,0,BB,PRT,Offline TA/TO,TA/TO,0,0,0,A,A,0,Non Refund,26.0,0,Transient,90.0,0,0
City Hotel,1,16,2016,May,23,29,2,1,2,0.0,0,BB,CHN,Direct,Direct,0,0,0,A,A,0,No Deposit,14.0,0,Transient,112.33,0,1
City Hotel,1,89,2016,May,23,29,2,1,2,0.0,0,SC,FRA,Online TA,TA/TO,0,0,0,A,A,0,No Deposit,9.0,0,Transient,116.1,0,0
City Hotel,1,102,2016,May,23,29,2,1,2,0.0,0,BB,PRT,Offline TA/TO,TA/TO,0,0,0,A,A,0,No Deposit,27.0,0,Transient-Party,80.75,0,0
City Hotel,1,202,2016,May,23,29,2,1,2,0.0,0,BB,PRT,Offline TA/TO,TA/TO,0,0,0,A,A,0,Non Refund,26.0,0,Transient,90.0,0,0
City Hotel,1,107,2016,May,23,29,2,1,2,0.0,0,BB,PRT,Offline TA/TO,TA/TO,0,0,0,A,A,0,No Deposit,85.0,0,Transient-Party,80.75,0,1
City Hotel,1,205,2016,May,23,29,2,1,2,0.0,0,BB,PRT,Offline TA/TO,TA/TO,0,0,0,A,A,0,Non Refund,26.0,0,Transient,90.0,0,0
City Hotel,1,205,2016,May,23,29,2,1,2,0.0,0,BB,PRT,Offline TA/TO,TA/TO,0,0,0,A,A,0,Non Refund,26.0,0,Transient,90.0,0,0
City Hotel,1,30,2016,May,23,29,2,1,2,0.0,0,BB,CHN,Direct,Direct,0,0,0,A,A,1,No Deposit,14.0,0,Transient,129.9,0,1
City Hotel,1,205,2016,May,23,29,2,1,2,0.0,0,BB,PRT,Offline TA/TO,TA/TO,0,0,0,A,A,0,Non Refund,26.0,0,Transient,90.0,0,0
City Hotel,1,205,2016,May,23,29,2,1,2,0.0,0,BB,PRT,Offline TA/TO,TA/TO,0,0,0,A,A,0,Non Refund,26.0,0,Transient,90.0,0,0
City Hotel,1,205,2016,May,23,29,2,1,2,0.0,0,BB,PRT,Offline TA/TO,TA/TO,0,0,0,A,A,0,Non Refund,26.0,0,Transient,90.0,0,0
City Hotel,1,205,2016,May,23,29,2,1,2,0.0,0,BB,PRT,Offline TA/TO,TA/TO,0,0,0,A,A,0,Non Refund,26.0,0,Transient,90.0,0,0
City Hotel,1,205,2016,May,23,29,2,1,2,0.0,0,BB,PRT,Offline TA/TO,TA/TO,0,0,0,A,A,0,Non Refund,26.0,0,Transient,90.0,0,0
City Hotel,1,72,2016,May,23,29,2,2,2,0.0,0,SC,GBR,Online TA,TA/TO,0,0,0,A,A,0,No Deposit,9.0,0,Transient,109.65,0,0
City Hotel,0,148,2016,May,23,29,2,2,2,0.0,0,BB,GBR,Online TA,TA/TO,0,0,0,D,D,0,No Deposit,8.0,0,Transient,108.16,0,1
City Hotel,0,148,2016,May,23,29,2,2,2,0.0,0,BB,GBR,Online TA,TA/TO,0,0,0,D,D,0,No Deposit,8.0,0,Transient,108.16,0,1
City Hotel,1,202,2016,May,23,29,2,1,2,0.0,0,BB,PRT,Offline TA/TO,TA/TO,0,0,0,A,A,0,Non Refund,26.0,0,Transient,90.0,0,0
City Hotel,0,148,2016,May,23,29,2,2,2,0.0,0,BB,GBR,Online TA,TA/TO,0,0,0,D,D,0,No Deposit,8.0,0,Transient,108.16,0,1
City Hotel,1,27,2016,May,23,29,2,2,2,0.0,0,BB,PRT,Offline TA/TO,TA/TO,0,0,0,A,A,0,No Deposit,42.0,0,Transient,80.75,0,1
City Hotel,1,5,2016,May,23,29,2,2,2,0.0,0,BB,GBR,Online TA,TA/TO,0,0,0,D,D,0,No Deposit,9.0,0,Transient,117.73,0,0
City Hotel,1,18,2016,May,23,29,2,2,2,0.0,0,BB,FRA,Online TA,TA/TO,0,0,0,A,A,0,No Deposit,9.0,0,Transient,98.6,0,0
City Hotel,1,27,2016,May,23,29,2,2,2,0.0,0,BB,PRT,Offline TA/TO,TA/TO,0,0,0,A,A,0,No Deposit,42.0,0,Transient,80.75,0,1
City Hotel,0,143,2016,May,23,29,2,3,2,0.0,0,BB,PRT,Online TA,TA/TO,0,0,0,A,A,0,No Deposit,9.0,0,Transient-Party,99.79,0,0
City Hotel,0,143,2016,May,23,29,2,3,2,0.0,0,BB,SWE,Online TA,TA/TO,0,0,0,A,A,0,No Deposit,9.0,0,Transient-Party,99.79,0,0
City Hotel,1,15,2016,May,23,29,2,5,2,0.0,0,HB,GBR,Online TA,TA/TO,0,0,0,D,D,0,No Deposit,9.0,0,Transient,216.86,0,0
City Hotel,1,115,2016,May,23,29,2,4,2,0.0,0,BB,DEU,Online TA,TA/TO,0,0,0,D,D,0,No Deposit,9.0,0,Transient,132.6,0,1
City Hotel,1,14,2016,May,23,30,1,0,2,0.0,0,BB,GBR,Online TA,TA/TO,0,0,0,A,A,0,No Deposit,9.0,0,Transient,94.35,0,0
City Hotel,1,136,2016,May,23,30,1,2,2,0.0,0,BB,PRT,Online TA,TA/TO,0,0,0,A,A,0,No Deposit,8.0,0,Transient,105.6,0,1
City Hotel,1,17,2016,May,23,30,1,2,2,0.0,0,BB,PRT,Online TA,TA/TO,0,0,0,D,D,0,No Deposit,7.0,0,Transient,102.15,0,0
City Hotel,1,12,2016,May,23,30,1,2,2,0.0,0,BB,PRT,Online TA,TA/TO,0,0,0,D,D,0,No Deposit,7.0,0,Transient,112.42,0,0
City Hotel,1,25,2016,May,23,30,1,2,2,0.0,0,BB,FRA,Online TA,TA/TO,0,0,0,A,A,0,No Deposit,9.0,0,Transient,123.0,0,0
City Hotel,1,12,2016,May,23,30,1,2,2,0.0,0,BB,PRT,Online TA,TA/TO,0,0,0,A,A,0,No Deposit,7.0,0,Transient,100.87,0,0
City Hotel,1,146,2016,May,23,30,1,2,2,0.0,0,SC,FRA,Online TA,TA/TO,0,0,0,A,A,0,No Deposit,9.0,0,Transient,94.8,0,1
City Hotel,1,141,2016,May,23,30,1,4,2,0.0,0,BB,BRA,Online TA,TA/TO,0,0,0,A,A,0,No Deposit,9.0,0,Transient,99.96,0,0
City Hotel,1,15,2016,May,23,30,2,5,2,0.0,0,BB,FRA,Direct,Direct,0,0,0,D,D,0,No Deposit,14.0,0,Transient,115.84,0,0
City Hotel,1,15,2016,May,23,30,2,5,2,0.0,0,BB,FRA,Direct,Direct,0,0,0,D,D,0,No Deposit,14.0,0,Transient,115.84,0,0
City Hotel,1,15,2016,May,23,30,2,5,2,0.0,0,BB,FRA,Online TA,TA/TO,0,0,0,D,D,0,No Deposit,9.0,0,Transient,128.84,0,0
City Hotel,1,9,2016,May,23,31,0,1,2,0.0,0,BB,ESP,Online TA,TA/TO,0,0,0,A,A,0,No Deposit,9.0,0,Transient,111.35,0,0
City Hotel,1,11,2016,May,23,31,0,2,2,0.0,0,SC,ITA,Online TA,TA/TO,0,0,0,A,A,0,No Deposit,9.0,0,Transient,119.0,0,1
City Hotel,1,73,2016,May,23,31,0,2,2,0.0,0,SC,CHN,Online TA,TA/TO,0,0,0,A,A,0,No Deposit,9.0,0,Transient,116.1,0,0
City Hotel,1,44,2016,May,23,31,0,2,2,0.0,0,SC,ESP,Online TA,TA/TO,0,0,0,A,A,0,No Deposit,9.0,0,Transient,93.6,0,0
City Hotel,1,11,2016,May,23,31,0,2,2,0.0,0,SC,ITA,Online TA,TA/TO,0,0,0,A,A,1,No Deposit,9.0,0,Transient,119.0,0,1
City Hotel,1,53,2016,May,23,31,0,2,2,0.0,0,SC,CHN,Online TA,TA/TO,0,0,0,A,A,0,No Deposit,9.0,0,Transient,116.1,0,0
City Hotel,0,151,2016,May,23,31,0,3,2,0.0,0,BB,GBR,Online TA,TA/TO,0,0,0,B,B,1,No Deposit,9.0,0,Transient-Party,95.82,0,0
City Hotel,1,12,2016,May,23,31,0,3,2,0.0,0,BB,DNK,Online TA,TA/TO,0,0,0,A,A,0,No Deposit,9.0,0,Transient,111.35,0,0
City Hotel,1,15,2016,May,23,31,0,3,2,0.0,0,SC,GBR,Online TA,TA/TO,0,0,0,A,A,0,No Deposit,9.0,0,Transient,109.0,0,0
City Hotel,1,18,2016,May,23,31,0,4,2,0.0,0,BB,PRT,Online TA,TA/TO,0,0,0,D,D,0,No Deposit,15.0,0,Transient,112.8,0,0
City Hotel,1,25,2016,May,23,31,0,4,2,0.0,0,BB,ITA,Online TA,TA/TO,0,0,0,D,D,0,No Deposit,9.0,0,Transient,146.11,0,0
City Hotel,1,18,2016,May,23,31,0,4,2,0.0,0,BB,PRT,Online TA,TA/TO,0,0,0,D,D,0,No Deposit,15.0,0,Transient,112.8,0,0
City Hotel,1,120,2016,May,23,31,2,7,2,0.0,0,SC,FRA,Online TA,TA/TO,0,0,0,A,A,0,No Deposit,9.0,0,Transient,109.65,0,1
City Hotel,1,40,2016,June,23,1,0,1,2,0.0,0,BB,THA,Direct,Direct,0,0,0,A,A,0,No Deposit,14.0,0,Transient,109.0,0,0
City Hotel,1,60,2016,June,23,1,0,1,2,0.0,0,SC,FRA,Online TA,TA/TO,0,0,0,A,A,0,No Deposit,9.0,0,Transient,116.1,0,0
City Hotel,1,31,2016,June,23,1,0,1,2,0.0,0,SC,RUS,Online TA,TA/TO,0,0,0,A,A,0,No Deposit,9.0,0,Transient,89.1,0,0
City Hotel,1,35,2016,June,23,1,0,2,2,0.0,0,SC,CHN,Online TA,TA/TO,0,0,0,A,A,0,No Deposit,9.0,0,Transient,84.24,0,0
City Hotel,1,148,2016,June,23,1,0,2,2,0.0,0,BB,CHE,Online TA,TA/TO,0,0,0,D,D,0,No Deposit,9.0,0,Transient,115.2,0,1
City Hotel,1,147,2016,June,23,1,0,3,2,0.0,0,BB,IRL,Online TA,TA/TO,0,0,0,A,A,0,No Deposit,9.0,0,Transient,106.2,0,0
City Hotel,1,77,2016,June,23,1,0,3,2,0.0,0,SC,AUS,Online TA,TA/TO,0,0,0,A,A,0,No Deposit,9.0,0,Transient,116.1,0,0
City Hotel,1,58,2016,June,23,1,0,3,2,0.0,0,BB,FRA,Online TA,TA/TO,0,0,0,D,D,0,No Deposit,9.0,0,Transient,140.4,0,0
City Hotel,1,92,2016,June,23,1,0,3,2,0.0,0,BB,ITA,Online TA,TA/TO,0,0,0,D,D,0,No Deposit,9.0,0,Transient,140.4,0,0
City Hotel,1,101,2016,June,23,1,0,4,2,0.0,0,BB,ITA,Online TA,TA/TO,0,0,0,D,D,0,No Deposit,9.0,0,Transient,132.6,0,0
City Hotel,1,146,2016,June,23,1,0,4,2,0.0,0,BB,DEU,Online TA,TA/TO,0,0,0,A,A,0,No Deposit,9.0,0,Transient,100.3,0,0
City Hotel,1,112,2016,June,23,1,0,4,2,0.0,0,BB,PRT,Online TA,TA/TO,0,0,0,D,D,0,No Deposit,8.0,0,Transient,132.6,0,0
City Hotel,0,164,2016,June,23,2,0,1,2,0.0,0,BB,PRT,Direct,Direct,0,0,0,A,A,0,No Deposit,14.0,0,Transient,94.5,0,2
City Hotel,1,85,2016,June,23,2,0,1,2,0.0,0,BB,BRA,Online TA,TA/TO,0,0,0,D,D,0,No Deposit,9.0,0,Transient,140.4,0,0
City Hotel,1,85,2016,June,23,2,0,1,2,0.0,0,BB,BRA,Online TA,TA/TO,0,0,0,D,D,0,No Deposit,9.0,0,Transient,140.4,0,0
City Hotel,1,85,2016,June,23,2,0,1,2,0.0,0,BB,BRA,Online TA,TA/TO,0,0,0,D,D,0,No Deposit,9.0,0,Transient,140.4,0,0
City Hotel,1,11,2016,June,23,2,0,1,2,0.0,0,BB,CHE,Online TA,TA/TO,0,0,0,A,A,0,No Deposit,9.0,0,Transient,111.35,0,0
City Hotel,1,85,2016,June,23,2,0,1,2,0.0,0,BB,BRA,Online TA,TA/TO,0,0,0,D,D,0,No Deposit,9.0,0,Transient,140.4,0,0
City Hotel,1,20,2016,June,23,2,0,1,2,0.0,0,BB,PRT,Online TA,TA/TO,0,0,0,A,A,0,No Deposit,9.0,0,Transient,121.0,0,0
City Hotel,1,85,2016,June,23,2,0,1,2,0.0,0,BB,BRA,Online TA,TA/TO,0,0,0,D,D,0,No Deposit,9.0,0,Transient,140.4,0,0
City Hotel,1,85,2016,June,23,2,0,1,2,0.0,0,BB,BRA,Online TA,TA/TO,0,0,0,D,D,0,No Deposit,9.0,0,Transient,140.4,0,0
City Hotel,1,30,2016,June,23,2,0,2,2,0.0,0,BB,PRT,Offline TA/TO,TA/TO,0,0,0,A,A,0,Non Refund,235.0,0,Transient,140.0,0,0
City Hotel,1,112,2016,June,23,2,0,2,2,0.0,0,BB,PRT,Offline TA/TO,TA/TO,0,0,0,A,A,0,No Deposit,3.0,0,Transient-Party,100.0,0,0
City Hotel,1,30,2016,June,23,2,0,2,2,0.0,0,BB,PRT,Offline TA/TO,TA/TO,0,0,0,A,A,0,Non Refund,235.0,0,Transient,140.0,0,0
City Hotel,1,30,2016,June,23,2,0,2,2,0.0,0,BB,PRT,Offline TA/TO,TA/TO,0,0,0,A,A,0,Non Refund,235.0,0,Transient,140.0,0,0
City Hotel,1,330,2016,June,23,2,0,2,2,0.0,0,BB,PRT,Groups,TA/TO,0,0,0,A,A,0,Non Refund,1.0,0,Transient,62.0,0,0
City Hotel,1,330,2016,June,23,2,0,2,2,0.0,0,BB,PRT,Groups,TA/TO,0,0,0,A,A,0,Non Refund,1.0,0,Transient,62.0,0,0
City Hotel,1,330,2016,June,23,2,0,2,2,0.0,0,BB,PRT,Groups,TA/TO,0,0,0,A,A,0,Non Refund,1.0,0,Transient,62.0,0,0
City Hotel,1,330,2016,June,23,2,0,2,2,0.0,0,BB,PRT,Groups,TA/TO,0,0,0,A,A,0,Non Refund,1.0,0,Transient,62.0,0,0
City Hotel,1,30,2016,June,23,2,0,2,2,0.0,0,BB,PRT,Offline TA/TO,TA/TO,0,0,0,A,A,0,Non Refund,235.0,0,Transient,140.0,0,0
City Hotel,1,30,2016,June,23,2,0,2,2,0.0,0,BB,PRT,Offline TA/TO,TA/TO,0,0,0,A,A,0,Non Refund,235.0,0,Transient,140.0,0,0
City Hotel,1,330,2016,June,23,2,0,2,2,0.0,0,BB,PRT,Groups,TA/TO,0,0,0,A,A,0,Non Refund,1.0,0,Transient,62.0,0,0
City Hotel,1,330,2016,June,23,2,0,2,2,0.0,0,BB,PRT,Groups,TA/TO,0,0,0,A,A,0,Non Refund,1.0,0,Transient,62.0,0,0
City Hotel,1,330,2016,June,23,2,0,2,2,0.0,0,BB,PRT,Groups,TA/TO,0,0,0,A,A,0,Non Refund,1.0,0,Transient,62.0,0,0
City Hotel,1,330,2016,June,23,2,0,2,2,0.0,0,BB,PRT,Groups,TA/TO,0,0,0,A,A,0,Non Refund,1.0,0,Transient,62.0,0,0
City Hotel,1,330,2016,June,23,2,0,2,2,0.0,0,BB,PRT,Groups,TA/TO,0,0,0,A,A,0,Non Refund,1.0,0,Transient,62.0,0,0
City Hotel,0,172,2016,June,23,2,0,2,2,0.0,0,SC,FRA,Online TA,TA/TO,0,0,0,A,A,0,No Deposit,8.0,0,Transient,94.95,0,0
City Hotel,1,330,2016,June,23,2,0,2,2,0.0,0,BB,PRT,Groups,TA/TO,0,0,0,A,A,0,Non Refund,1.0,0,Transient,62.0,0,0
City Hotel,1,330,2016,June,23,2,0,2,2,0.0,0,BB,PRT,Groups,TA/TO,0,0,0,A,A,0,Non Refund,1.0,0,Transient,62.0,0,0
City Hotel,1,30,2016,June,23,2,0,2,2,0.0,0,BB,PRT,Offline TA/TO,TA/TO,0,0,0,A,A,0,Non Refund,235.0,0,Transient,140.0,0,0
City Hotel,1,30,2016,June,23,2,0,2,2,0.0,0,BB,PRT,Offline TA/TO,TA/TO,0,0,0,A,A,0,Non Refund,235.0,0,Transient,140.0,0,0
City Hotel,1,30,2016,June,23,2,0,2,2,0.0,0,BB,PRT,Offline TA/TO,TA/TO,0,0,0,A,A,0,Non Refund,235.0,0,Transient,140.0,0,0
City Hotel,1,30,2016,June,23,2,0,2,2,0.0,0,BB,PRT,Offline TA/TO,TA/TO,0,0,0,A,A,0,Non Refund,235.0,0,Transient,140.0,0,0
City Hotel,1,330,2016,June,23,2,0,2,2,0.0,0,BB,PRT,Groups,TA/TO,0,0,0,A,A,0,Non Refund,1.0,0,Transient,62.0,0,0
City Hotel,1,30,2016,June,23,2,0,2,2,0.0,0,BB,PRT,Offline TA/TO,TA/TO,0,0,0,A,A,0,Non Refund,235.0,0,Transient,140.0,0,0
City Hotel,1,30,2016,June,23,2,0,2,2,0.0,0,BB,PRT,Offline TA/TO,TA/TO,0,0,0,A,A,0,Non Refund,235.0,0,Transient,140.0,0,0
City Hotel,1,30,2016,June,23,2,0,2,2,0.0,0,BB,PRT,Offline TA/TO,TA/TO,0,0,0,A,A,0,Non Refund,235.0,0,Transient,140.0,0,0
City Hotel,1,30,2016,June,23,2,0,2,2,0.0,0,BB,PRT,Offline TA/TO,TA/TO,0,0,0,A,A,0,Non Refund,235.0,0,Transient,140.0,0,0
City Hotel,1,30,2016,June,23,2,0,2,2,0.0,0,BB,PRT,Offline TA/TO,TA/TO,0,0,0,A,A,0,Non Refund,235.0,0,Transient,140.0,0,0
City Hotel,1,30,2016,June,23,2,0,2,2,0.0,0,BB,PRT,Offline TA/TO,TA/TO,0,0,0,A,A,0,Non Refund,235.0,0,Transient,140.0,0,0
City Hotel,1,30,2016,June,23,2,0,2,2,0.0,0,BB,PRT,Offline TA/TO,TA/TO,0,0,0,A,A,0,Non Refund,235.0,0,Transient,140.0,0,0
City Hotel,1,30,2016,June,23,2,0,2,2,0.0,0,BB,PRT,Offline TA/TO,TA/TO,0,0,0,A,A,0,Non Refund,235.0,0,Transient,140.0,0,0
City Hotel,1,30,2016,June,23,2,0,2,2,0.0,0,BB,PRT,Offline TA/TO,TA/TO,0,0,0,A,A,0,Non Refund,235.0,0,Transient,140.0,0,0
City Hotel,1,330,2016,June,23,2,0,2,2,0.0,0,BB,PRT,Groups,TA/TO,0,0,0,A,A,0,Non Refund,1.0,0,Transient,62.0,0,0
City Hotel,1,330,2016,June,23,2,0,2,2,0.0,0,BB,PRT,Groups,TA/TO,0,0,0,A,A,0,Non Refund,1.0,0,Transient,62.0,0,0
City Hotel,1,330,2016,June,23,2,0,2,2,0.0,0,BB,PRT,Groups,TA/TO,0,0,0,A,A,0,Non Refund,1.0,0,Transient,62.0,0,0
City Hotel,1,330,2016,June,23,2,0,2,2,0.0,0,BB,PRT,Groups,TA/TO,0,0,0,A,A,0,Non Refund,1.0,0,Transient,62.0,0,0
City Hotel,1,330,2016,June,23,2,0,2,2,0.0,0,BB,PRT,Groups,TA/TO,0,0,0,A,A,0,Non Refund,1.0,0,Transient,62.0,0,0
City Hotel,1,330,2016,June,23,2,0,2,2,0.0,0,BB,PRT,Groups,TA/TO,0,0,0,A,A,0,Non Refund,1.0,0,Transient,62.0,0,0
City Hotel,1,30,2016,June,23,2,0,2,2,0.0,0,BB,PRT,Offline TA/TO,TA/TO,0,0,0,A,A,0,Non Refund,235.0,0,Transient,140.0,0,0
City Hotel,1,330,2016,June,23,2,0,2,2,0.0,0,BB,PRT,Groups,TA/TO,0,0,0,A,A,0,Non Refund,1.0,0,Transient,62.0,0,0
City Hotel,1,30,2016,June,23,2,0,2,2,0.0,0,BB,PRT,Offline TA/TO,TA/TO,0,0,0,A,A,0,Non Refund,235.0,0,Transient,140.0,0,0
City Hotel,1,57,2016,June,23,2,0,2,2,0.0,0,HB,CHN,Online TA,TA/TO,0,0,0,D,D,0,No Deposit,9.0,0,Transient,157.14,0,1
City Hotel,1,330,2016,June,23,2,0,2,2,0.0,0,BB,PRT,Groups,TA/TO,0,0,0,A,A,0,Non Refund,1.0,0,Transient,62.0,0,0
City Hotel,1,330,2016,June,23,2,0,2,2,0.0,0,BB,PRT,Groups,TA/TO,0,0,0,A,A,0,Non Refund,1.0,0,Transient,62.0,0,0
City Hotel,1,330,2016,June,23,2,0,2,2,0.0,0,BB,PRT,Groups,TA/TO,0,0,0,A,A,0,Non Refund,1.0,0,Transient,62.0,0,0
City Hotel,1,30,2016,June,23,2,0,2,2,0.0,0,BB,PRT,Offline TA/TO,TA/TO,0,0,0,A,A,0,Non Refund,235.0,0,Transient,140.0,0,0
City Hotel,1,330,2016,June,23,2,0,2,2,0.0,0,BB,PRT,Groups,TA/TO,0,0,0,A,A,0,Non Refund,1.0,0,Transient,62.0,0,0
City Hotel,1,330,2016,June,23,2,0,2,2,0.0,0,BB,PRT,Groups,TA/TO,0,0,0,A,A,0,Non Refund,1.0,0,Transient,62.0,0,0
City Hotel,1,330,2016,June,23,2,0,2,2,0.0,0,BB,PRT,Groups,TA/TO,0,0,0,A,A,0,Non Refund,1.0,0,Transient,62.0,0,0
City Hotel,1,30,2016,June,23,2,0,2,2,0.0,0,BB,PRT,Offline TA/TO,TA/TO,0,0,0,A,A,0,Non Refund,235.0,0,Transient,140.0,0,0
City Hotel,1,30,2016,June,23,2,0,2,2,0.0,0,BB,PRT,Offline TA/TO,TA/TO,0,0,0,A,A,0,Non Refund,235.0,0,Transient,140.0,0,0
City Hotel,1,30,2016,June,23,2,0,2,2,0.0,0,BB,PRT,Offline TA/TO,TA/TO,0,0,0,A,A,0,Non Refund,235.0,0,Transient,140.0,0,0
City Hotel,1,30,2016,June,23,2,0,2,2,0.0,0,BB,PRT,Offline TA/TO,TA/TO,0,0,0,A,A,0,Non Refund,235.0,0,Transient,140.0,0,0
City Hotel,1,30,2016,June,23,2,0,2,2,0.0,0,BB,PRT,Offline TA/TO,TA/TO,0,0,0,A,A,0,Non Refund,235.0,0,Transient,140.0,0,0
City Hotel,1,330,2016,June,23,2,0,2,2,0.0,0,BB,PRT,Groups,TA/TO,0,0,0,A,A,0,Non Refund,1.0,0,Transient,62.0,0,0
City Hotel,1,330,2016,June,23,2,0,2,2,0.0,0,BB,PRT,Groups,TA/TO,0,0,0,A,A,0,Non Refund,1.0,0,Transient,62.0,0,0
City Hotel,1,330,2016,June,23,2,0,2,2,0.0,0,BB,PRT,Groups,TA/TO,0,0,0,A,A,0,Non Refund,1.0,0,Transient,62.0,0,0
City Hotel,1,330,2016,June,23,2,0,2,2,0.0,0,BB,PRT,Groups,TA/TO,0,0,0,A,A,0,Non Refund,1.0,0,Transient,62.0,0,0
City Hotel,1,330,2016,June,23,2,0,2,2,0.0,0,BB,PRT,Groups,TA/TO,0,0,0,A,A,0,Non Refund,1.0,0,Transient,62.0,0,0
City Hotel,1,30,2016,June,23,2,0,2,2,0.0,0,BB,PRT,Offline TA/TO,TA/TO,0,0,0,A,A,0,Non Refund,235.0,0,Transient,140.0,0,0
City Hotel,1,30,2016,June,23,2,0,2,2,0.0,0,BB,PRT,Offline TA/TO,TA/TO,0,0,0,A,A,0,Non Refund,235.0,0,Transient,140.0,0,0
City Hotel,1,62,2016,June,23,2,0,2,2,0.0,0,BB,PRT,Offline TA/TO,TA/TO,0,0,0,A,A,0,Non Refund,235.0,32,Transient,140.0,0,0
City Hotel,1,112,2016,June,23,2,0,3,2,0.0,0,BB,PRT,Offline TA/TO,TA/TO,0,0,0,A,A,0,No Deposit,192.0,0,Transient-Party,120.0,0,1
City Hotel,0,151,2016,June,23,2,0,3,2,0.0,0,SC,ITA,Online TA,TA/TO,0,0,0,A,A,0,No Deposit,9.0,0,Transient,95.4,0,0
City Hotel,1,147,2016,June,23,2,0,3,2,0.0,0,BB,PRT,Offline TA/TO,TA/TO,0,0,0,A,A,0,No Deposit,118.0,0,Transient,95.0,0,0
City Hotel,1,130,2016,June,23,2,0,3,2,0.0,0,SC,DEU,Online TA,TA/TO,0,0,0,A,A,0,No Deposit,9.0,0,Transient,116.1,0,0
City Hotel,1,188,2016,June,23,2,0,3,2,0.0,0,BB,PRT,Offline TA/TO,TA/TO,0,0,0,A,A,1,No Deposit,118.0,0,Transient,80.75,0,0
City Hotel,1,22,2016,June,23,2,0,3,2,0.0,0,BB,ITA,Online TA,TA/TO,0,0,0,D,D,0,No Deposit,9.0,0,Transient,149.33,0,0
City Hotel,1,112,2016,June,23,2,0,3,2,0.0,0,BB,PRT,Offline TA/TO,TA/TO,0,0,0,A,A,0,No Deposit,192.0,0,Transient-Party,120.0,0,0
City Hotel,1,112,2016,June,23,2,0,3,2,0.0,0,BB,PRT,Offline TA/TO,TA/TO,0,0,0,A,A,0,No Deposit,192.0,0,Transient-Party,120.0,0,0
City Hotel,1,129,2016,June,23,2,0,3,2,0.0,0,BB,ESP,Online TA,TA/TO,0,0,0,A,A,0,No Deposit,9.0,0,Transient,126.9,0,0
City Hotel,1,114,2016,June,23,2,0,3,2,0.0,0,BB,BEL,Online TA,TA/TO,0,0,0,D,D,0,No Deposit,9.0,0,Transient,140.4,0,0
City Hotel,1,118,2016,June,23,2,0,3,2,0.0,0,SC,BEL,Online TA,TA/TO,0,0,0,A,A,0,No Deposit,9.0,0,Transient,116.1,0,0
City Hotel,1,13,2016,June,23,2,0,3,2,0.0,0,BB,DNK,Online TA,TA/TO,0,0,0,D,D,0,No Deposit,9.0,0,Transient,152.67,0,0
City Hotel,1,112,2016,June,23,2,0,3,2,0.0,0,BB,PRT,Offline TA/TO,TA/TO,0,0,0,A,A,0,No Deposit,192.0,0,Transient-Party,120.0,0,0
City Hotel,1,150,2016,June,23,2,0,3,2,0.0,0,BB,ITA,Online TA,TA/TO,0,0,0,A,A,0,No Deposit,9.0,0,Transient,106.2,0,1
City Hotel,1,129,2016,June,23,2,0,3,2,0.0,0,BB,ESP,Online TA,TA/TO,0,0,0,A,A,0,No Deposit,9.0,0,Transient,126.9,0,0
City Hotel,1,118,2016,June,23,2,0,3,2,0.0,0,SC,BEL,Online TA,TA/TO,0,0,0,A,A,0,No Deposit,9.0,0,Transient,116.1,0,0
City Hotel,1,118,2016,June,23,2,0,3,2,0.0,0,SC,BEL,Online TA,TA/TO,0,0,0,A,A,0,No Deposit,9.0,0,Transient,116.1,0,0
City Hotel,1,129,2016,June,23,2,0,3,2,0.0,0,BB,ESP,Online TA,TA/TO,0,0,0,A,A,0,No Deposit,9.0,0,Transient,126.9,0,0
City Hotel,1,130,2016,June,23,2,0,3,2,0.0,0,SC,DEU,Online TA,TA/TO,0,0,0,A,A,0,No Deposit,9.0,0,Transient,116.1,0,0
City Hotel,1,5,2016,June,23,2,0,3,2,0.0,0,BB,SWE,Online TA,TA/TO,0,0,0,A,A,0,No Deposit,9.0,0,Transient,137.67,0,0
City Hotel,1,116,2016,June,23,2,1,3,2,0.0,0,BB,IRL,Direct,Direct,0,0,0,D,D,0,No Deposit,14.0,0,Transient-Party,127.5,0,0
City Hotel,1,111,2016,June,23,2,1,3,2,0.0,0,BB,FRA,Online TA,TA/TO,0,0,0,D,D,0,No Deposit,9.0,0,Transient,132.6,0,0
City Hotel,1,23,2016,June,23,2,1,3,2,0.0,0,BB,CHL,Online TA,TA/TO,0,0,0,D,D,0,No Deposit,9.0,0,Transient,140.9,0,0
City Hotel,1,133,2016,June,23,2,1,3,2,0.0,0,SC,IRL,Online TA,TA/TO,0,0,0,A,A,0,No Deposit,9.0,0,Transient,104.76,0,1
City Hotel,1,143,2016,June,23,2,2,3,2,0.0,0,BB,CHE,Online TA,TA/TO,0,0,0,A,A,0,No Deposit,9.0,0,Transient,100.3,0,0
City Hotel,1,143,2016,June,23,2,2,3,2,0.0,0,BB,CHE,Online TA,TA/TO,0,0,0,A,A,0,No Deposit,9.0,0,Transient,100.3,0,0
City Hotel,0,149,2016,June,23,3,0,1,2,0.0,0,SC,GRC,Online TA,TA/TO,0,0,0,A,D,0,No Deposit,9.0,0,Transient,95.4,0,0
City Hotel,1,57,2016,June,23,3,0,1,2,0.0,0,BB,CHN,Online TA,TA/TO,0,0,0,D,D,0,No Deposit,9.0,0,Transient,126.36,0,0
City Hotel,0,149,2016,June,23,3,0,1,2,0.0,0,BB,DEU,Online TA,TA/TO,0,0,0,A,A,1,No Deposit,9.0,0,Transient,124.2,1,0
City Hotel,1,177,2016,June,23,3,0,2,2,0.0,0,BB,PRT,Offline TA/TO,TA/TO,0,0,0,A,A,0,No Deposit,119.0,0,Transient-Party,100.0,0,0
City Hotel,1,177,2016,June,23,3,0,2,2,0.0,0,BB,PRT,Offline TA/TO,TA/TO,0,0,0,A,A,0,No Deposit,119.0,0,Transient-Party,100.0,0,0
City Hotel,1,177,2016,June,23,3,0,2,2,0.0,0,BB,PRT,Offline TA/TO,TA/TO,0,0,0,A,A,0,No Deposit,119.0,0,Transient-Party,100.0,0,0
City Hotel,1,177,2016,June,23,3,0,2,2,0.0,0,BB,PRT,Offline TA/TO,TA/TO,0,0,0,A,A,0,No Deposit,119.0,0,Transient-Party,100.0,0,0
City Hotel,1,177,2016,June,23,3,0,2,2,0.0,0,BB,PRT,Offline TA/TO,TA/TO,0,0,0,A,A,0,No Deposit,119.0,0,Transient-Party,100.0,0,0
City Hotel,1,177,2016,June,23,3,0,2,2,0.0,0,BB,PRT,Offline TA/TO,TA/TO,0,0,0,A,A,0,No Deposit,119.0,0,Transient-Party,100.0,0,0
City Hotel,1,177,2016,June,23,3,0,2,2,0.0,0,BB,PRT,Offline TA/TO,TA/TO,0,0,0,A,A,0,No Deposit,119.0,0,Transient-Party,100.0,0,0
City Hotel,1,177,2016,June,23,3,0,2,2,0.0,0,BB,PRT,Offline TA/TO,TA/TO,0,0,0,A,A,0,No Deposit,119.0,0,Transient-Party,100.0,0,0
City Hotel,1,177,2016,June,23,3,0,2,2,0.0,0,BB,PRT,Offline TA/TO,TA/TO,0,0,0,A,A,0,No Deposit,119.0,0,Transient-Party,100.0,0,0
City Hotel,1,177,2016,June,23,3,0,2,2,0.0,0,BB,PRT,Offline TA/TO,TA/TO,0,0,0,A,A,0,No Deposit,119.0,0,Transient-Party,100.0,0,0
City Hotel,1,177,2016,June,23,3,0,2,2,0.0,0,BB,PRT,Offline TA/TO,TA/TO,0,0,0,A,A,0,No Deposit,119.0,0,Transient-Party,100.0,0,0
City Hotel,1,177,2016,June,23,3,0,2,2,0.0,0,BB,PRT,Offline TA/TO,TA/TO,0,0,0,A,A,0,No Deposit,119.0,0,Transient-Party,100.0,0,0
City Hotel,1,70,2016,June,23,3,0,2,2,0.0,0,BB,PRT,Offline TA/TO,TA/TO,0,0,0,A,A,0,No Deposit,20.0,0,Transient-Party,100.0,0,0
City Hotel,1,177,2016,June,23,3,0,2,2,0.0,0,BB,PRT,Offline TA/TO,TA/TO,0,0,0,A,A,0,No Deposit,119.0,0,Transient-Party,100.0,0,0
City Hotel,1,177,2016,June,23,3,0,2,2,0.0,0,BB,PRT,Offline TA/TO,TA/TO,0,0,0,A,A,0,No Deposit,119.0,0,Transient-Party,100.0,0,0
City Hotel,1,177,2016,June,23,3,0,2,2,0.0,0,BB,PRT,Offline TA/TO,TA/TO,0,0,0,A,A,0,No Deposit,119.0,0,Transient-Party,100.0,0,0
City Hotel,1,177,2016,June,23,3,0,2,2,0.0,0,BB,PRT,Offline TA/TO,TA/TO,0,0,0,A,A,0,No Deposit,119.0,0,Transient-Party,100.0,0,0
City Hotel,1,177,2016,June,23,3,0,2,2,0.0,0,BB,PRT,Offline TA/TO,TA/TO,0,0,0,A,A,0,No Deposit,119.0,0,Transient-Party,100.0,0,0
City Hotel,1,177,2016,June,23,3,0,2,2,0.0,0,BB,PRT,Offline TA/TO,TA/TO,0,0,0,A,A,0,No Deposit,119.0,0,Transient-Party,100.0,0,0
City Hotel,1,177,2016,June,23,3,0,2,2,0.0,0,BB,PRT,Offline TA/TO,TA/TO,0,0,0,A,A,0,No Deposit,119.0,0,Transient-Party,100.0,0,0
City Hotel,1,177,2016,June,23,3,0,2,2,0.0,0,BB,PRT,Offline TA/TO,TA/TO,0,0,0,A,A,0,No Deposit,119.0,0,Transient-Party,100.0,0,0
City Hotel,1,177,2016,June,23,3,0,2,2,0.0,0,BB,PRT,Offline TA/TO,TA/TO,0,0,0,A,A,0,No Deposit,119.0,0,Transient-Party,100.0,0,0
City Hotel,0,179,2016,June,23,3,0,2,2,0.0,0,BB,ESP,Online TA,TA/TO,0,0,0,D,D,0,No Deposit,7.0,0,Transient,97.7,0,1
City Hotel,1,177,2016,June,23,3,0,2,2,0.0,0,BB,PRT,Offline TA/TO,TA/TO,0,0,0,A,A,0,No Deposit,119.0,0,Transient-Party,100.0,0,0
City Hotel,1,177,2016,June,23,3,0,2,2,0.0,0,BB,PRT,Offline TA/TO,TA/TO,0,0,0,A,A,0,No Deposit,119.0,0,Transient-Party,100.0,0,0
City Hotel,1,70,2016,June,23,3,0,2,2,0.0,0,BB,PRT,Offline TA/TO,TA/TO,0,0,0,A,A,0,No Deposit,20.0,0,Transient-Party,100.0,0,0
City Hotel,1,177,2016,June,23,3,0,2,2,0.0,0,BB,PRT,Offline TA/TO,TA/TO,0,0,0,A,A,0,No Deposit,119.0,0,Transient-Party,100.0,0,0
City Hotel,1,114,2016,June,23,3,1,2,2,0.0,0,BB,PRT,Offline TA/TO,TA/TO,0,0,0,A,A,0,No Deposit,3.0,0,Transient-Party,75.0,0,0
City Hotel,1,141,2016,June,23,3,1,2,2,0.0,0,BB,PRT,Offline TA/TO,TA/TO,0,0,0,A,A,0,No Deposit,3.0,27,Transient-Party,75.0,0,0
City Hotel,1,49,2016,June,23,3,1,2,2,0.0,0,BB,ESP,Online TA,TA/TO,0,0,0,D,D,0,No Deposit,9.0,0,Transient,131.4,0,0
City Hotel,1,91,2016,June,23,3,1,2,2,0.0,0,BB,PRT,Offline TA/TO,TA/TO,0,0,0,D,D,0,No Deposit,28.0,0,Transient,90.95,0,0
City Hotel,1,94,2016,June,23,3,1,2,2,0.0,0,BB,FRA,Online TA,TA/TO,0,0,0,D,D,0,No Deposit,9.0,0,Transient,137.4,0,0
City Hotel,1,58,2016,June,23,3,1,2,2,0.0,0,BB,SWE,Online TA,TA/TO,0,0,0,D,D,0,No Deposit,9.0,0,Transient,137.4,0,0
City Hotel,0,151,2016,June,23,3,2,2,2,0.0,0,BB,GBR,Online TA,TA/TO,0,0,0,A,A,0,No Deposit,7.0,0,Transient,77.23,0,1
City Hotel,1,54,2016,June,23,4,0,1,2,0.0,0,BB,KOR,Online TA,TA/TO,0,0,0,D,D,0,No Deposit,9.0,0,Transient,140.4,0,0
City Hotel,1,54,2016,June,23,4,0,1,2,0.0,0,BB,KOR,Online TA,TA/TO,0,0,0,D,D,0,No Deposit,9.0,0,Transient,159.3,0,0
City Hotel,1,96,2016,June,23,4,0,1,2,0.0,0,BB,FRA,Online TA,TA/TO,0,0,0,A,A,0,No Deposit,9.0,0,Transient,126.9,0,0
City Hotel,1,0,2016,June,23,4,0,1,2,0.0,0,BB,PRT,Direct,Direct,0,0,0,A,A,0,No Deposit,,0,Transient,129.0,0,0
City Hotel,1,56,2016,June,23,4,0,1,2,0.0,0,BB,GBR,Online TA,TA/TO,0,0,0,D,D,0,No Deposit,9.0,0,Transient,140.4,0,0
City Hotel,1,275,2016,June,23,4,1,1,2,0.0,0,BB,PRT,Offline TA/TO,TA/TO,0,0,0,A,A,0,Non Refund,5.0,69,Transient,62.8,0,0
City Hotel,1,275,2016,June,23,4,1,1,2,0.0,0,BB,PRT,Offline TA/TO,TA/TO,0,0,0,A,A,0,Non Refund,5.0,69,Transient,62.8,0,0
City Hotel,1,275,2016,June,23,4,1,1,2,0.0,0,BB,PRT,Offline TA/TO,TA/TO,0,0,0,A,A,0,Non Refund,5.0,69,Transient,62.8,0,0
City Hotel,1,275,2016,June,23,4,1,1,2,0.0,0,BB,PRT,Offline TA/TO,TA/TO,0,0,0,A,A,0,Non Refund,5.0,69,Transient,62.8,0,0
City Hotel,1,275,2016,June,23,4,1,1,2,0.0,0,BB,PRT,Offline TA/TO,TA/TO,0,0,0,A,A,0,Non Refund,5.0,69,Transient,62.8,0,0
City Hotel,1,275,2016,June,23,4,1,1,2,0.0,0,BB,PRT,Offline TA/TO,TA/TO,0,0,0,A,A,0,Non Refund,5.0,69,Transient,62.8,0,0
City Hotel,1,275,2016,June,23,4,1,1,2,0.0,0,BB,PRT,Offline TA/TO,TA/TO,0,0,0,A,A,0,Non Refund,5.0,69,Transient,62.8,0,0
City Hotel,1,37,2016,June,23,4,1,1,2,0.0,0,BB,USA,Online TA,TA/TO,0,0,0,D,D,0,No Deposit,9.0,0,Transient,131.4,0,0
City Hotel,1,275,2016,June,23,4,1,1,2,0.0,0,BB,PRT,Offline TA/TO,TA/TO,0,0,0,A,A,0,Non Refund,5.0,69,Transient,62.8,0,0
City Hotel,1,275,2016,June,23,4,1,1,2,0.0,0,BB,PRT,Offline TA/TO,TA/TO,0,0,0,A,A,0,Non Refund,5.0,69,Transient,62.8,0,0
City Hotel,1,275,2016,June,23,4,1,1,2,0.0,0,BB,PRT,Offline TA/TO,TA/TO,0,0,0,A,A,0,Non Refund,5.0,69,Transient,62.8,0,0
City Hotel,1,275,2016,June,23,4,1,1,2,0.0,0,BB,PRT,Offline TA/TO,TA/TO,0,0,0,A,A,0,Non Refund,5.0,69,Transient,62.8,0,0
City Hotel,1,275,2016,June,23,4,1,1,2,0.0,0,BB,PRT,Offline TA/TO,TA/TO,0,0,0,A,A,0,Non Refund,5.0,69,Transient,62.8,0,0
City Hotel,1,275,2016,June,23,4,1,1,2,0.0,0,BB,PRT,Offline TA/TO,TA/TO,0,0,0,A,A,0,Non Refund,5.0,69,Transient,62.8,0,0
City Hotel,1,275,2016,June,23,4,1,1,2,0.0,0,BB,PRT,Offline TA/TO,TA/TO,0,0,0,A,A,0,Non Refund,5.0,69,Transient,62.8,0,0
City Hotel,1,275,2016,June,23,4,1,1,2,0.0,0,BB,PRT,Offline TA/TO,TA/TO,0,0,0,A,A,0,Non Refund,5.0,69,Transient,62.8,0,0
City Hotel,1,275,2016,June,23,4,1,1,2,0.0,0,BB,PRT,Offline TA/TO,TA/TO,0,0,0,A,A,0,Non Refund,5.0,69,Transient,62.8,0,0
City Hotel,1,275,2016,June,23,4,1,1,2,0.0,0,BB,PRT,Offline TA/TO,TA/TO,0,0,0,A,A,0,Non Refund,5.0,69,Transient,62.8,0,0
City Hotel,1,275,2016,June,23,4,1,1,2,0.0,0,BB,PRT,Offline TA/TO,TA/TO,0,0,0,A,A,0,Non Refund,5.0,69,Transient,62.8,0,0
City Hotel,1,47,2016,June,23,4,1,1,2,0.0,0,BB,CHE,Online TA,TA/TO,0,0,0,D,D,0,No Deposit,9.0,0,Transient,131.4,0,0
City Hotel,1,275,2016,June,23,4,1,1,2,0.0,0,BB,PRT,Offline TA/TO,TA/TO,0,0,0,A,A,0,Non Refund,5.0,69,Transient,62.8,0,0
City Hotel,1,275,2016,June,23,4,1,1,2,0.0,0,BB,PRT,Offline TA/TO,TA/TO,0,0,0,A,A,0,Non Refund,5.0,69,Transient,62.8,0,0
City Hotel,1,275,2016,June,23,4,1,1,2,0.0,0,BB,PRT,Offline TA/TO,TA/TO,0,0,0,A,A,0,Non Refund,5.0,69,Transient,62.8,0,0
City Hotel,1,275,2016,June,23,4,1,1,2,0.0,0,BB,PRT,Offline TA/TO,TA/TO,0,0,0,A,A,0,Non Refund,5.0,69,Transient,62.8,0,0
City Hotel,1,59,2016,June,23,4,1,1,2,0.0,0,HB,CHN,Online TA,TA/TO,0,0,0,D,D,0,No Deposit,9.0,0,Transient,153.09,0,1
City Hotel,1,275,2016,June,23,4,1,1,2,0.0,0,BB,PRT,Offline TA/TO,TA/TO,0,0,0,A,A,0,Non Refund,5.0,69,Transient,62.8,0,0
City Hotel,1,275,2016,June,23,4,1,1,2,0.0,0,BB,PRT,Offline TA/TO,TA/TO,0,0,0,A,A,0,Non Refund,5.0,69,Transient,62.8,0,0
City Hotel,1,275,2016,June,23,4,1,1,2,0.0,0,BB,PRT,Offline TA/TO,TA/TO,0,0,0,A,A,0,Non Refund,5.0,69,Transient,62.8,0,0
City Hotel,1,275,2016,June,23,4,1,1,2,0.0,0,BB,PRT,Offline TA/TO,TA/TO,0,0,0,A,A,0,Non Refund,5.0,69,Transient,62.8,0,0
City Hotel,1,275,2016,June,23,4,1,1,2,0.0,0,BB,PRT,Offline TA/TO,TA/TO,0,0,0,A,A,0,Non Refund,5.0,69,Transient,62.8,0,0
City Hotel,1,275,2016,June,23,4,1,1,2,0.0,0,BB,PRT,Offline TA/TO,TA/TO,0,0,0,A,A,0,Non Refund,5.0,69,Transient,62.8,0,0
City Hotel,1,141,2016,June,23,4,2,1,2,0.0,0,SC,GBR,Online TA,TA/TO,0,0,0,A,A,0,No Deposit,9.0,0,Transient,109.2,0,0
City Hotel,0,153,2016,June,23,4,2,1,2,0.0,0,BB,FRA,Online TA,TA/TO,0,0,0,A,A,0,No Deposit,9.0,0,Transient,115.2,1,1
City Hotel,0,153,2016,June,23,4,2,1,2,0.0,0,BB,FRA,Online TA,TA/TO,0,0,0,A,A,0,No Deposit,9.0,0,Transient,106.2,0,1
City Hotel,1,220,2016,June,23,4,2,1,2,0.0,0,BB,PRT,Groups,TA/TO,0,0,0,A,A,0,No Deposit,1.0,0,Transient-Party,65.0,0,0
City Hotel,0,172,2016,June,23,4,2,2,2,0.0,0,BB,GBR,Online TA,TA/TO,0,0,0,A,A,0,No Deposit,9.0,0,Transient,100.3,0,1
City Hotel,0,150,2016,June,23,4,2,2,2,0.0,0,BB,CHE,Direct,Direct,0,0,0,D,D,0,No Deposit,14.0,0,Transient,108.59,0,0
City Hotel,0,178,2016,June,23,4,2,3,2,0.0,0,BB,FRA,Online TA,TA/TO,0,0,0,A,A,0,No Deposit,9.0,0,Transient-Party,100.3,0,0
City Hotel,0,178,2016,June,23,4,2,3,2,0.0,0,BB,FRA,Online TA,TA/TO,0,0,0,A,A,0,No Deposit,9.0,0,Transient-Party,100.3,0,0
City Hotel,0,150,2016,June,23,4,2,5,2,0.0,0,BB,BEL,Direct,Direct,0,0,0,A,D,1,No Deposit,14.0,0,Transient,95.69,0,0
City Hotel,1,102,2016,June,24,5,1,0,2,0.0,0,BB,PRT,Groups,TA/TO,0,0,0,A,A,0,No Deposit,1.0,0,Transient-Party,65.0,0,0
City Hotel,1,102,2016,June,24,5,1,0,2,0.0,0,BB,PRT,Groups,TA/TO,0,0,0,A,A,0,No Deposit,1.0,0,Transient-Party,65.0,0,0
City Hotel,1,102,2016,June,24,5,1,0,2,0.0,0,BB,PRT,Groups,TA/TO,0,0,0,A,A,0,No Deposit,1.0,0,Transient-Party,65.0,0,0
City Hotel,1,102,2016,June,24,5,1,0,2,0.0,0,BB,PRT,Groups,TA/TO,0,0,0,A,A,0,No Deposit,1.0,0,Transient-Party,65.0,0,0
City Hotel,0,174,2016,June,24,5,2,0,2,0.0,0,BB,JPN,Online TA,TA/TO,0,0,0,D,D,0,No Deposit,9.0,0,Transient-Party,115.2,0,0
City Hotel,0,174,2016,June,24,5,2,0,2,0.0,0,BB,JPN,Online TA,TA/TO,0,0,0,D,D,0,No Deposit,9.0,0,Transient-Party,115.2,0,0
City Hotel,0,156,2016,June,24,5,2,4,2,0.0,0,BB,BRA,Online TA,TA/TO,0,0,0,D,D,0,No Deposit,9.0,0,Transient,116.82,0,1
City Hotel,1,247,2016,June,24,6,1,1,2,0.0,0,HB,PRT,Offline TA/TO,TA/TO,0,0,0,A,A,0,No Deposit,6.0,0,Transient-Party,109.0,0,0
City Hotel,1,247,2016,June,24,6,1,1,2,0.0,0,HB,PRT,Offline TA/TO,TA/TO,0,0,0,A,A,0,No Deposit,6.0,0,Transient-Party,109.0,0,0
City Hotel,1,118,2016,June,24,6,1,1,2,0.0,0,BB,PRT,Groups,TA/TO,0,0,0,A,A,1,No Deposit,37.0,0,Transient-Party,120.0,0,0
City Hotel,1,118,2016,June,24,6,1,1,2,0.0,0,BB,PRT,Groups,TA/TO,0,0,0,A,A,1,No Deposit,37.0,0,Transient-Party,120.0,0,0
City Hotel,1,118,2016,June,24,6,1,1,2,0.0,0,BB,PRT,Groups,TA/TO,0,0,0,A,A,1,No Deposit,37.0,0,Transient-Party,120.0,0,0
City Hotel,1,247,2016,June,24,6,1,1,2,0.0,0,HB,PRT,Offline TA/TO,TA/TO,0,0,0,A,A,0,No Deposit,6.0,0,Transient-Party,109.0,0,0
City Hotel,1,118,2016,June,24,6,1,1,2,0.0,0,BB,PRT,Groups,TA/TO,0,0,0,A,A,1,No Deposit,37.0,0,Transient-Party,120.0,0,0
City Hotel,1,247,2016,June,24,6,1,1,2,0.0,0,HB,PRT,Offline TA/TO,TA/TO,0,0,0,A,A,0,No Deposit,6.0,0,Transient-Party,109.0,0,0
City Hotel,1,118,2016,June,24,6,1,1,2,0.0,0,BB,PRT,Groups,TA/TO,0,0,0,A,A,1,No Deposit,37.0,0,Transient-Party,120.0,0,0
City Hotel,1,118,2016,June,24,6,1,1,2,0.0,0,BB,PRT,Groups,TA/TO,0,0,0,A,A,1,No Deposit,37.0,0,Transient-Party,120.0,0,0
City Hotel,1,247,2016,June,24,6,1,1,2,0.0,0,HB,PRT,Offline TA/TO,TA/TO,0,0,0,A,A,0,No Deposit,6.0,0,Transient-Party,109.0,0,0
City Hotel,1,118,2016,June,24,6,1,1,2,0.0,0,BB,PRT,Groups,TA/TO,0,0,0,A,A,1,No Deposit,37.0,0,Transient-Party,120.0,0,0
City Hotel,1,118,2016,June,24,6,1,1,2,0.0,0,BB,PRT,Groups,TA/TO,0,0,0,A,A,1,No Deposit,37.0,0,Transient-Party,120.0,0,0
City Hotel,1,118,2016,June,24,6,1,1,2,0.0,0,BB,PRT,Groups,TA/TO,0,0,0,A,A,1,No Deposit,37.0,0,Transient-Party,120.0,0,0
City Hotel,1,247,2016,June,24,6,1,1,2,0.0,0,HB,PRT,Offline TA/TO,TA/TO,0,0,0,A,A,0,No Deposit,6.0,0,Transient-Party,109.0,0,0
City Hotel,1,118,2016,June,24,6,1,1,2,0.0,0,BB,PRT,Groups,TA/TO,0,0,0,A,A,1,No Deposit,37.0,0,Transient-Party,120.0,0,0
City Hotel,1,184,2016,June,24,6,1,5,2,0.0,0,BB,DEU,Online TA,TA/TO,0,0,0,D,D,0,No Deposit,9.0,0,Transient-Party,115.32,0,1
City Hotel,0,184,2016,June,24,6,1,5,2,0.0,0,BB,DEU,Online TA,TA/TO,0,0,0,D,D,0,No Deposit,9.0,0,Transient-Party,115.32,0,1
City Hotel,1,213,2016,June,24,7,0,3,2,0.0,0,BB,PRT,Offline TA/TO,TA/TO,0,0,0,A,A,0,Non Refund,19.0,62,Transient,130.0,0,0
City Hotel,1,213,2016,June,24,7,0,3,2,0.0,0,BB,PRT,Offline TA/TO,TA/TO,0,0,0,A,A,0,Non Refund,19.0,62,Transient,130.0,0,0
City Hotel,1,213,2016,June,24,7,0,3,2,0.0,0,BB,PRT,Offline TA/TO,TA/TO,0,0,0,A,A,0,Non Refund,19.0,62,Transient,130.0,0,0
City Hotel,1,213,2016,June,24,7,0,3,2,0.0,0,BB,PRT,Offline TA/TO,TA/TO,0,0,0,A,A,0,Non Refund,19.0,62,Transient,130.0,0,0
City Hotel,1,213,2016,June,24,7,0,3,2,0.0,0,BB,PRT,Offline TA/TO,TA/TO,0,0,0,A,A,0,Non Refund,19.0,62,Transient,130.0,0,0
City Hotel,1,213,2016,June,24,7,0,3,2,0.0,0,BB,PRT,Offline TA/TO,TA/TO,0,0,0,A,A,0,Non Refund,19.0,62,Transient,130.0,0,0
City Hotel,1,213,2016,June,24,7,0,3,2,0.0,0,BB,PRT,Offline TA/TO,TA/TO,0,0,0,A,A,0,Non Refund,19.0,62,Transient,130.0,0,0
City Hotel,1,213,2016,June,24,7,0,3,2,0.0,0,BB,PRT,Offline TA/TO,TA/TO,0,0,0,A,A,0,Non Refund,19.0,62,Transient,130.0,0,0
City Hotel,1,213,2016,June,24,7,0,3,2,0.0,0,BB,PRT,Offline TA/TO,TA/TO,0,0,0,A,A,0,Non Refund,19.0,62,Transient,130.0,0,0
City Hotel,1,213,2016,June,24,7,0,3,2,0.0,0,BB,PRT,Offline TA/TO,TA/TO,0,0,0,A,A,0,Non Refund,19.0,62,Transient,130.0,0,0
City Hotel,1,213,2016,June,24,7,0,3,2,0.0,0,BB,PRT,Offline TA/TO,TA/TO,0,0,0,A,A,0,Non Refund,19.0,62,Transient,130.0,0,0
City Hotel,1,213,2016,June,24,7,0,3,2,0.0,0,BB,PRT,Offline TA/TO,TA/TO,0,0,0,A,A,0,Non Refund,19.0,62,Transient,130.0,0,0
City Hotel,1,213,2016,June,24,7,0,3,2,0.0,0,BB,PRT,Offline TA/TO,TA/TO,0,0,0,A,A,0,Non Refund,19.0,62,Transient,130.0,0,0
City Hotel,1,213,2016,June,24,7,0,3,2,0.0,0,BB,PRT,Offline TA/TO,TA/TO,0,0,0,A,A,0,Non Refund,19.0,62,Transient,130.0,0,0
City Hotel,1,157,2016,June,24,7,0,3,2,0.0,0,BB,DNK,Online TA,TA/TO,0,0,0,A,A,0,No Deposit,9.0,0,Transient,113.1,0,0
City Hotel,1,213,2016,June,24,7,0,3,2,0.0,0,BB,PRT,Offline TA/TO,TA/TO,0,0,0,A,A,0,Non Refund,19.0,62,Transient,130.0,0,0
City Hotel,1,213,2016,June,24,7,0,3,2,0.0,0,BB,PRT,Offline TA/TO,TA/TO,0,0,0,A,A,0,Non Refund,19.0,62,Transient,130.0,0,0
City Hotel,1,213,2016,June,24,7,0,3,2,0.0,0,BB,PRT,Offline TA/TO,TA/TO,0,0,0,A,A,0,Non Refund,19.0,62,Transient,130.0,0,0
City Hotel,1,213,2016,June,24,7,0,3,2,0.0,0,BB,PRT,Offline TA/TO,TA/TO,0,0,0,A,A,0,Non Refund,19.0,62,Transient,130.0,0,0
City Hotel,1,213,2016,June,24,7,0,3,2,0.0,0,BB,PRT,Offline TA/TO,TA/TO,0,0,0,A,A,0,Non Refund,19.0,62,Transient,130.0,0,0
City Hotel,1,213,2016,June,24,7,0,3,2,0.0,0,BB,PRT,Offline TA/TO,TA/TO,0,0,0,A,A,0,Non Refund,19.0,62,Transient,130.0,0,0
City Hotel,1,213,2016,June,24,7,0,3,2,0.0,0,BB,PRT,Offline TA/TO,TA/TO,0,0,0,A,A,0,Non Refund,19.0,62,Transient,130.0,0,0
City Hotel,1,213,2016,June,24,7,0,3,2,0.0,0,BB,PRT,Offline TA/TO,TA/TO,0,0,0,A,A,0,Non Refund,19.0,62,Transient,130.0,0,0
City Hotel,1,213,2016,June,24,7,0,3,2,0.0,0,BB,PRT,Offline TA/TO,TA/TO,0,0,0,A,A,0,Non Refund,19.0,62,Transient,130.0,0,0
City Hotel,1,213,2016,June,24,7,0,3,2,0.0,0,BB,PRT,Offline TA/TO,TA/TO,0,0,0,A,A,0,Non Refund,19.0,62,Transient,130.0,0,0
City Hotel,1,213,2016,June,24,7,0,3,2,0.0,0,BB,PRT,Offline TA/TO,TA/TO,0,0,0,A,A,0,Non Refund,19.0,62,Transient,130.0,0,0
City Hotel,1,213,2016,June,24,7,0,3,2,0.0,0,BB,PRT,Offline TA/TO,TA/TO,0,0,0,A,A,0,Non Refund,19.0,62,Transient,130.0,0,0
City Hotel,1,213,2016,June,24,7,0,3,2,0.0,0,BB,PRT,Offline TA/TO,TA/TO,0,0,0,A,A,0,Non Refund,19.0,62,Transient,130.0,0,0
City Hotel,1,213,2016,June,24,7,0,3,2,0.0,0,BB,PRT,Offline TA/TO,TA/TO,0,0,0,A,A,0,Non Refund,19.0,62,Transient,130.0,0,0
City Hotel,1,213,2016,June,24,7,0,3,2,0.0,0,BB,PRT,Offline TA/TO,TA/TO,0,0,0,A,A,0,Non Refund,19.0,62,Transient,130.0,0,0
City Hotel,1,213,2016,June,24,7,0,3,2,0.0,0,BB,PRT,Offline TA/TO,TA/TO,0,0,0,A,A,0,Non Refund,19.0,62,Transient,130.0,0,0
City Hotel,1,213,2016,June,24,7,0,3,2,0.0,0,BB,PRT,Offline TA/TO,TA/TO,0,0,0,A,A,0,Non Refund,19.0,62,Transient,130.0,0,0
City Hotel,1,213,2016,June,24,7,0,3,2,0.0,0,BB,PRT,Offline TA/TO,TA/TO,0,0,0,A,A,0,Non Refund,19.0,62,Transient,130.0,0,0
City Hotel,1,213,2016,June,24,7,0,3,2,0.0,0,BB,PRT,Offline TA/TO,TA/TO,0,0,0,A,A,0,Non Refund,19.0,62,Transient,130.0,0,0
City Hotel,1,213,2016,June,24,7,0,3,2,0.0,0,BB,PRT,Offline TA/TO,TA/TO,0,0,0,A,A,0,Non Refund,19.0,62,Transient,130.0,0,0
City Hotel,1,213,2016,June,24,7,0,3,2,0.0,0,BB,PRT,Offline TA/TO,TA/TO,0,0,0,A,A,0,Non Refund,19.0,62,Transient,130.0,0,0
City Hotel,1,213,2016,June,24,7,0,3,2,0.0,0,BB,PRT,Offline TA/TO,TA/TO,0,0,0,A,A,0,Non Refund,19.0,62,Transient,130.0,0,0
City Hotel,1,213,2016,June,24,7,0,3,2,0.0,0,BB,PRT,Offline TA/TO,TA/TO,0,0,0,A,A,0,Non Refund,19.0,62,Transient,130.0,0,0
City Hotel,1,213,2016,June,24,7,0,3,2,0.0,0,BB,PRT,Offline TA/TO,TA/TO,0,0,0,A,A,0,Non Refund,19.0,62,Transient,130.0,0,0
City Hotel,1,213,2016,June,24,7,0,3,2,0.0,0,BB,PRT,Offline TA/TO,TA/TO,0,0,0,A,A,0,Non Refund,19.0,62,Transient,130.0,0,0
City Hotel,1,213,2016,June,24,7,0,3,2,0.0,0,BB,PRT,Offline TA/TO,TA/TO,0,0,0,A,A,0,Non Refund,19.0,62,Transient,130.0,0,0
City Hotel,1,213,2016,June,24,7,0,3,2,0.0,0,BB,PRT,Offline TA/TO,TA/TO,0,0,0,A,A,0,Non Refund,19.0,62,Transient,130.0,0,0
City Hotel,1,213,2016,June,24,7,0,3,2,0.0,0,BB,PRT,Offline TA/TO,TA/TO,0,0,0,A,A,0,Non Refund,19.0,62,Transient,130.0,0,0
City Hotel,1,213,2016,June,24,7,0,3,2,0.0,0,BB,PRT,Offline TA/TO,TA/TO,0,0,0,A,A,0,Non Refund,19.0,62,Transient,130.0,0,0
City Hotel,1,213,2016,June,24,7,0,3,2,0.0,0,BB,PRT,Offline TA/TO,TA/TO,0,0,0,A,A,0,Non Refund,19.0,62,Transient,130.0,0,0
City Hotel,1,213,2016,June,24,7,0,3,2,0.0,0,BB,PRT,Offline TA/TO,TA/TO,0,0,0,A,A,0,Non Refund,19.0,62,Transient,130.0,0,0
City Hotel,1,213,2016,June,24,7,0,3,2,0.0,0,BB,PRT,Offline TA/TO,TA/TO,0,0,0,A,A,0,Non Refund,19.0,62,Transient,130.0,0,0
City Hotel,1,213,2016,June,24,7,0,3,2,0.0,0,BB,PRT,Offline TA/TO,TA/TO,0,0,0,A,A,0,Non Refund,19.0,62,Transient,130.0,0,0
City Hotel,1,213,2016,June,24,7,0,3,2,0.0,0,BB,PRT,Offline TA/TO,TA/TO,0,0,0,A,A,0,Non Refund,19.0,62,Transient,130.0,0,0
City Hotel,1,213,2016,June,24,7,0,3,2,0.0,0,BB,PRT,Offline TA/TO,TA/TO,0,0,0,A,A,0,Non Refund,19.0,62,Transient,130.0,0,0
City Hotel,1,213,2016,June,24,7,0,3,2,0.0,0,BB,PRT,Offline TA/TO,TA/TO,0,0,0,A,A,0,Non Refund,19.0,62,Transient,130.0,0,0
City Hotel,1,213,2016,June,24,7,0,3,2,0.0,0,BB,PRT,Offline TA/TO,TA/TO,0,0,0,A,A,0,Non Refund,19.0,62,Transient,130.0,0,0
City Hotel,1,213,2016,June,24,7,0,3,2,0.0,0,BB,PRT,Offline TA/TO,TA/TO,0,0,0,A,A,0,Non Refund,19.0,62,Transient,130.0,0,0
City Hotel,1,213,2016,June,24,7,0,3,2,0.0,0,BB,PRT,Offline TA/TO,TA/TO,0,0,0,A,A,0,Non Refund,19.0,62,Transient,130.0,0,0
City Hotel,1,213,2016,June,24,7,0,3,2,0.0,0,BB,PRT,Offline TA/TO,TA/TO,0,0,0,A,A,0,Non Refund,19.0,62,Transient,130.0,0,0
City Hotel,1,213,2016,June,24,7,0,3,2,0.0,0,BB,PRT,Offline TA/TO,TA/TO,0,0,0,A,A,0,Non Refund,19.0,62,Transient,130.0,0,0
City Hotel,1,213,2016,June,24,7,0,3,2,0.0,0,BB,PRT,Offline TA/TO,TA/TO,0,0,0,A,A,0,Non Refund,19.0,62,Transient,130.0,0,0
City Hotel,1,213,2016,June,24,7,0,3,2,0.0,0,BB,PRT,Offline TA/TO,TA/TO,0,0,0,A,A,0,Non Refund,19.0,62,Transient,130.0,0,0
City Hotel,1,213,2016,June,24,7,0,3,2,0.0,0,BB,PRT,Offline TA/TO,TA/TO,0,0,0,A,A,0,Non Refund,19.0,62,Transient,130.0,0,0
City Hotel,1,213,2016,June,24,7,0,3,2,0.0,0,BB,PRT,Offline TA/TO,TA/TO,0,0,0,A,A,0,Non Refund,19.0,62,Transient,130.0,0,0
City Hotel,1,213,2016,June,24,7,0,3,2,0.0,0,BB,PRT,Offline TA/TO,TA/TO,0,0,0,A,A,0,Non Refund,19.0,62,Transient,130.0,0,0
City Hotel,0,153,2016,June,24,7,2,6,2,0.0,0,BB,NOR,Online TA,TA/TO,0,0,0,A,A,0,No Deposit,9.0,0,Transient-Party,111.78,0,0
City Hotel,0,153,2016,June,24,7,2,6,2,0.0,0,BB,SWE,Online TA,TA/TO,0,0,0,A,A,0,No Deposit,9.0,0,Transient-Party,111.78,0,0
City Hotel,1,18,2016,June,24,7,2,7,2,0.0,0,BB,BRA,Online TA,TA/TO,0,0,0,D,D,0,No Deposit,9.0,0,Transient,141.56,0,0
City Hotel,1,56,2016,June,24,8,0,1,2,0.0,0,BB,PRT,Offline TA/TO,Corporate,0,0,0,A,A,0,No Deposit,191.0,0,Transient-Party,120.0,0,0
City Hotel,1,56,2016,June,24,8,0,1,2,0.0,0,BB,PRT,Offline TA/TO,Corporate,0,0,0,A,A,0,No Deposit,191.0,0,Transient-Party,120.0,0,0
City Hotel,1,56,2016,June,24,8,0,1,2,0.0,0,BB,PRT,Offline TA/TO,Corporate,0,0,0,A,A,0,No Deposit,191.0,0,Transient-Party,120.0,0,0
City Hotel,1,56,2016,June,24,8,0,1,2,0.0,0,BB,PRT,Offline TA/TO,Corporate,0,0,0,A,A,0,No Deposit,191.0,0,Transient-Party,120.0,0,0
City Hotel,1,56,2016,June,24,8,0,1,2,0.0,0,BB,PRT,Offline TA/TO,Corporate,0,0,0,A,A,0,No Deposit,191.0,0,Transient-Party,120.0,0,0
City Hotel,1,56,2016,June,24,8,0,1,2,0.0,0,BB,PRT,Offline TA/TO,Corporate,0,0,0,A,A,0,No Deposit,191.0,0,Transient-Party,120.0,0,0
City Hotel,1,56,2016,June,24,8,0,1,2,0.0,0,BB,PRT,Offline TA/TO,Corporate,0,0,0,A,A,0,No Deposit,191.0,0,Transient-Party,120.0,0,0
City Hotel,1,56,2016,June,24,8,0,1,2,0.0,0,BB,PRT,Offline TA/TO,Corporate,0,0,0,A,A,0,No Deposit,191.0,0,Transient-Party,120.0,0,0
City Hotel,1,56,2016,June,24,8,0,1,2,0.0,0,BB,PRT,Offline TA/TO,Corporate,0,0,0,A,A,0,No Deposit,191.0,0,Transient-Party,120.0,0,0
City Hotel,1,56,2016,June,24,8,0,1,2,0.0,0,BB,PRT,Offline TA/TO,Corporate,0,0,0,A,A,0,No Deposit,191.0,0,Transient-Party,120.0,0,0
City Hotel,1,26,2016,June,24,8,0,1,2,0.0,0,BB,PRT,Offline TA/TO,Corporate,0,0,0,A,A,0,No Deposit,191.0,0,Transient-Party,120.0,0,0
City Hotel,1,26,2016,June,24,8,0,1,2,0.0,0,BB,PRT,Offline TA/TO,Corporate,0,0,0,A,A,0,No Deposit,191.0,0,Transient-Party,120.0,0,0
City Hotel,1,101,2016,June,24,8,0,1,2,0.0,0,BB,PRT,Online TA,TA/TO,0,0,0,A,A,0,No Deposit,7.0,0,Transient,97.71,0,0
City Hotel,1,26,2016,June,24,8,0,1,2,0.0,0,BB,PRT,Offline TA/TO,Corporate,0,0,0,A,A,0,No Deposit,191.0,0,Transient-Party,120.0,0,0
City Hotel,1,56,2016,June,24,8,0,1,2,0.0,0,BB,PRT,Offline TA/TO,Corporate,0,0,0,A,A,0,No Deposit,191.0,0,Transient-Party,120.0,0,0
City Hotel,1,56,2016,June,24,8,0,1,2,0.0,0,BB,PRT,Offline TA/TO,Corporate,0,0,0,A,A,0,No Deposit,191.0,0,Transient-Party,120.0,0,0
City Hotel,1,56,2016,June,24,8,0,1,2,0.0,0,BB,PRT,Offline TA/TO,Corporate,0,0,0,A,A,0,No Deposit,191.0,0,Transient-Party,120.0,0,0
City Hotel,1,56,2016,June,24,8,0,1,2,0.0,0,BB,PRT,Offline TA/TO,Corporate,0,0,0,A,A,0,No Deposit,191.0,0,Transient-Party,120.0,0,0
City Hotel,1,56,2016,June,24,8,0,1,2,0.0,0,BB,PRT,Offline TA/TO,Corporate,0,0,0,A,A,0,No Deposit,191.0,0,Transient-Party,120.0,0,0
City Hotel,1,26,2016,June,24,8,0,1,2,0.0,0,BB,PRT,Offline TA/TO,Corporate,0,0,0,A,A,0,No Deposit,191.0,0,Transient-Party,120.0,0,0
City Hotel,1,56,2016,June,24,8,0,1,2,0.0,0,BB,PRT,Offline TA/TO,Corporate,0,0,0,A,A,0,No Deposit,191.0,0,Transient-Party,120.0,0,0
City Hotel,1,56,2016,June,24,8,0,1,2,0.0,0,BB,PRT,Offline TA/TO,Corporate,0,0,0,A,A,0,No Deposit,191.0,0,Transient-Party,120.0,0,0
City Hotel,1,56,2016,June,24,8,0,1,2,0.0,0,BB,PRT,Offline TA/TO,Corporate,0,0,0,A,A,0,No Deposit,191.0,0,Transient-Party,120.0,0,0
City Hotel,1,56,2016,June,24,8,0,1,2,0.0,0,BB,PRT,Offline TA/TO,Corporate,0,0,0,A,A,0,No Deposit,191.0,0,Transient-Party,120.0,0,0
City Hotel,1,56,2016,June,24,8,0,1,2,0.0,0,BB,PRT,Offline TA/TO,Corporate,0,0,0,A,A,0,No Deposit,191.0,0,Transient-Party,120.0,0,0
City Hotel,1,26,2016,June,24,8,0,1,2,0.0,0,BB,PRT,Offline TA/TO,Corporate,0,0,0,A,A,0,No Deposit,191.0,0,Transient-Party,120.0,0,0
City Hotel,1,56,2016,June,24,8,0,1,2,0.0,0,BB,PRT,Offline TA/TO,Corporate,0,0,0,A,A,0,No Deposit,191.0,0,Transient-Party,120.0,0,0
City Hotel,1,56,2016,June,24,8,0,1,2,0.0,0,BB,PRT,Offline TA/TO,Corporate,0,0,0,A,A,0,No Deposit,191.0,0,Transient-Party,120.0,0,0
City Hotel,1,56,2016,June,24,8,0,1,2,0.0,0,BB,PRT,Offline TA/TO,Corporate,0,0,0,A,A,0,No Deposit,191.0,0,Transient-Party,120.0,0,0
City Hotel,1,56,2016,June,24,8,0,1,2,0.0,0,BB,PRT,Offline TA/TO,Corporate,0,0,0,A,A,0,No Deposit,191.0,0,Transient-Party,120.0,0,0
City Hotel,1,56,2016,June,24,8,0,1,2,0.0,0,BB,PRT,Offline TA/TO,Corporate,0,0,0,A,A,0,No Deposit,191.0,0,Transient-Party,120.0,0,0
City Hotel,1,56,2016,June,24,8,0,1,2,0.0,0,BB,PRT,Offline TA/TO,Corporate,0,0,0,A,A,0,No Deposit,191.0,0,Transient-Party,120.0,0,0
City Hotel,1,56,2016,June,24,8,0,1,2,0.0,0,BB,PRT,Offline TA/TO,Corporate,0,0,0,A,A,0,No Deposit,191.0,0,Transient-Party,120.0,0,0
City Hotel,1,56,2016,June,24,8,0,1,2,0.0,0,BB,PRT,Offline TA/TO,Corporate,0,0,0,A,A,0,No Deposit,191.0,0,Transient-Party,120.0,0,0
City Hotel,1,56,2016,June,24,8,0,1,2,0.0,0,BB,PRT,Offline TA/TO,Corporate,0,0,0,A,A,0,No Deposit,191.0,0,Transient-Party,120.0,0,0
City Hotel,1,56,2016,June,24,8,0,1,2,0.0,0,BB,PRT,Offline TA/TO,Corporate,0,0,0,A,A,0,No Deposit,191.0,0,Transient-Party,120.0,0,0
City Hotel,1,56,2016,June,24,8,0,1,2,0.0,0,BB,PRT,Offline TA/TO,Corporate,0,0,0,A,A,0,No Deposit,191.0,0,Transient-Party,120.0,0,0
City Hotel,1,16,2016,June,24,8,0,1,2,0.0,0,BB,PRT,Groups,Direct,0,0,0,A,A,0,No Deposit,,0,Transient-Party,92.65,0,0
City Hotel,1,26,2016,June,24,8,0,1,2,0.0,0,BB,PRT,Offline TA/TO,Corporate,0,0,0,A,A,0,No Deposit,191.0,0,Transient-Party,120.0,0,0
City Hotel,1,26,2016,June,24,8,0,1,2,0.0,0,BB,PRT,Offline TA/TO,Corporate,0,0,0,A,A,0,No Deposit,191.0,0,Transient-Party,120.0,0,0
City Hotel,1,26,2016,June,24,8,0,1,2,0.0,0,BB,PRT,Offline TA/TO,Corporate,0,0,0,A,A,0,No Deposit,191.0,0,Transient-Party,120.0,0,0
City Hotel,1,26,2016,June,24,8,0,1,2,0.0,0,BB,PRT,Offline TA/TO,Corporate,0,0,0,A,A,0,No Deposit,191.0,0,Transient-Party,120.0,0,0
City Hotel,1,56,2016,June,24,8,0,1,2,0.0,0,BB,PRT,Offline TA/TO,Corporate,0,0,0,A,A,0,No Deposit,191.0,0,Transient-Party,120.0,0,0
City Hotel,1,56,2016,June,24,8,0,1,2,0.0,0,BB,PRT,Offline TA/TO,Corporate,0,0,0,A,A,0,No Deposit,191.0,0,Transient-Party,120.0,0,0
City Hotel,1,56,2016,June,24,8,0,1,2,0.0,0,BB,PRT,Offline TA/TO,Corporate,0,0,0,A,A,0,No Deposit,191.0,0,Transient-Party,120.0,0,0
City Hotel,1,56,2016,June,24,8,0,1,2,0.0,0,BB,PRT,Offline TA/TO,Corporate,0,0,0,A,A,0,No Deposit,191.0,0,Transient-Party,120.0,0,0
City Hotel,1,56,2016,June,24,8,0,1,2,0.0,0,BB,PRT,Offline TA/TO,Corporate,0,0,0,A,A,0,No Deposit,191.0,0,Transient-Party,120.0,0,0
City Hotel,1,26,2016,June,24,8,0,1,2,0.0,0,BB,PRT,Offline TA/TO,Corporate,0,0,0,A,A,0,No Deposit,191.0,0,Transient-Party,120.0,0,0
City Hotel,1,26,2016,June,24,8,0,1,2,0.0,0,BB,PRT,Offline TA/TO,Corporate,0,0,0,A,A,0,No Deposit,191.0,0,Transient-Party,120.0,0,0
City Hotel,1,26,2016,June,24,8,0,1,2,0.0,0,BB,PRT,Offline TA/TO,Corporate,0,0,0,A,A,0,No Deposit,191.0,0,Transient-Party,120.0,0,0
City Hotel,1,56,2016,June,24,8,0,1,2,0.0,0,BB,PRT,Offline TA/TO,Corporate,0,0,0,A,A,0,No Deposit,191.0,0,Transient-Party,120.0,0,0
City Hotel,1,56,2016,June,24,8,0,1,2,0.0,0,BB,PRT,Offline TA/TO,Corporate,0,0,0,A,A,0,No Deposit,191.0,0,Transient-Party,120.0,0,0
City Hotel,1,56,2016,June,24,8,0,1,2,0.0,0,BB,PRT,Offline TA/TO,Corporate,0,0,0,A,A,0,No Deposit,191.0,0,Transient-Party,120.0,0,0
City Hotel,1,56,2016,June,24,8,0,1,2,0.0,0,BB,PRT,Offline TA/TO,Corporate,0,0,0,A,A,0,No Deposit,191.0,0,Transient-Party,120.0,0,0
City Hotel,1,56,2016,June,24,8,0,1,2,0.0,0,BB,PRT,Offline TA/TO,Corporate,0,0,0,A,A,0,No Deposit,191.0,0,Transient-Party,120.0,0,0
City Hotel,1,56,2016,June,24,8,0,1,2,0.0,0,BB,PRT,Offline TA/TO,Corporate,0,0,0,A,A,0,No Deposit,191.0,0,Transient-Party,120.0,0,0
City Hotel,1,56,2016,June,24,8,0,1,2,0.0,0,BB,PRT,Offline TA/TO,Corporate,0,0,0,A,A,0,No Deposit,191.0,0,Transient-Party,120.0,0,0
City Hotel,1,56,2016,June,24,8,0,1,2,0.0,0,BB,PRT,Offline TA/TO,Corporate,0,0,0,A,A,0,No Deposit,191.0,0,Transient-Party,120.0,0,0
City Hotel,1,56,2016,June,24,8,0,1,2,0.0,0,BB,PRT,Offline TA/TO,Corporate,0,0,0,A,A,0,No Deposit,191.0,0,Transient-Party,120.0,0,0
City Hotel,1,56,2016,June,24,8,0,1,2,0.0,0,BB,PRT,Offline TA/TO,Corporate,0,0,0,A,A,0,No Deposit,191.0,0,Transient-Party,120.0,0,0
City Hotel,1,56,2016,June,24,8,0,1,2,0.0,0,BB,PRT,Offline TA/TO,Corporate,0,0,0,A,A,0,No Deposit,191.0,0,Transient-Party,120.0,0,0
City Hotel,1,56,2016,June,24,8,0,1,2,0.0,0,BB,PRT,Offline TA/TO,Corporate,0,0,0,A,A,0,No Deposit,191.0,0,Transient-Party,120.0,0,0
City Hotel,1,56,2016,June,24,8,0,1,2,0.0,0,BB,PRT,Offline TA/TO,Corporate,0,0,0,A,A,0,No Deposit,191.0,0,Transient-Party,120.0,0,0
City Hotel,1,56,2016,June,24,8,0,1,2,0.0,0,BB,PRT,Offline TA/TO,Corporate,0,0,0,A,A,0,No Deposit,191.0,0,Transient-Party,120.0,0,0
City Hotel,1,56,2016,June,24,8,0,1,2,0.0,0,BB,PRT,Offline TA/TO,Corporate,0,0,0,A,A,0,No Deposit,191.0,0,Transient-Party,120.0,0,0
City Hotel,1,26,2016,June,24,8,0,1,2,0.0,0,BB,PRT,Offline TA/TO,Corporate,0,0,0,A,A,0,No Deposit,191.0,0,Transient-Party,120.0,0,0
City Hotel,1,26,2016,June,24,8,0,1,2,0.0,0,BB,PRT,Offline TA/TO,Corporate,0,0,0,A,A,0,No Deposit,191.0,0,Transient-Party,120.0,0,0
City Hotel,1,56,2016,June,24,8,0,1,2,0.0,0,BB,PRT,Offline TA/TO,Corporate,0,0,0,A,A,0,No Deposit,191.0,0,Transient-Party,120.0,0,0
City Hotel,1,56,2016,June,24,8,0,1,2,0.0,0,BB,PRT,Offline TA/TO,Corporate,0,0,0,A,A,0,No Deposit,191.0,0,Transient-Party,120.0,0,0
City Hotel,1,56,2016,June,24,8,0,1,2,0.0,0,BB,PRT,Offline TA/TO,Corporate,0,0,0,A,A,0,No Deposit,191.0,0,Transient-Party,120.0,0,0
City Hotel,1,56,2016,June,24,8,0,1,2,0.0,0,BB,PRT,Offline TA/TO,Corporate,0,0,0,A,A,0,No Deposit,191.0,0,Transient-Party,120.0,0,0
City Hotel,1,56,2016,June,24,8,0,1,2,0.0,0,BB,PRT,Offline TA/TO,Corporate,0,0,0,A,A,0,No Deposit,191.0,0,Transient-Party,120.0,0,0
City Hotel,1,56,2016,June,24,8,0,1,2,0.0,0,BB,PRT,Offline TA/TO,Corporate,0,0,0,A,A,0,No Deposit,191.0,0,Transient-Party,120.0,0,0
City Hotel,1,56,2016,June,24,8,0,1,2,0.0,0,BB,PRT,Offline TA/TO,Corporate,0,0,0,A,A,0,No Deposit,191.0,0,Transient-Party,120.0,0,0
City Hotel,1,56,2016,June,24,8,0,1,2,0.0,0,BB,PRT,Offline TA/TO,Corporate,0,0,0,A,A,0,No Deposit,191.0,0,Transient-Party,120.0,0,0
City Hotel,1,56,2016,June,24,8,0,1,2,0.0,0,BB,PRT,Offline TA/TO,Corporate,0,0,0,A,A,0,No Deposit,191.0,0,Transient-Party,120.0,0,0
City Hotel,1,26,2016,June,24,8,0,1,2,0.0,0,BB,PRT,Offline TA/TO,Corporate,0,0,0,A,A,0,No Deposit,191.0,0,Transient-Party,120.0,0,0
City Hotel,1,31,2016,June,24,8,0,2,2,0.0,0,BB,USA,Online TA,TA/TO,0,0,0,A,A,0,No Deposit,9.0,0,Transient,110.7,0,1
City Hotel,1,12,2016,June,24,8,0,2,2,0.0,0,BB,NLD,Online TA,TA/TO,0,0,0,A,A,0,No Deposit,9.0,0,Transient,121.0,0,1
City Hotel,1,18,2016,June,24,8,0,2,2,0.0,0,BB,PRT,Online TA,TA/TO,0,0,0,A,A,0,No Deposit,9.0,0,Transient,121.0,0,0
City Hotel,1,5,2016,June,24,8,0,2,2,0.0,0,SC,BRA,Online TA,TA/TO,0,0,0,A,A,0,No Deposit,9.0,0,Transient,109.0,0,1
City Hotel,1,56,2016,June,24,8,0,2,2,0.0,0,BB,ISR,Online TA,TA/TO,0,0,0,A,A,0,No Deposit,9.0,0,Transient,113.4,0,0
City Hotel,1,8,2016,June,24,8,0,3,2,0.0,0,BB,SWE,Online TA,TA/TO,0,0,0,D,D,0,No Deposit,9.0,0,Transient,142.67,0,0
City Hotel,1,57,2016,June,24,8,0,3,2,0.0,0,BB,ARG,Online TA,TA/TO,0,0,0,A,A,0,No Deposit,9.0,0,Transient,117.9,0,0
City Hotel,1,26,2016,June,24,8,0,3,2,0.0,0,BB,SWE,Online TA,TA/TO,0,0,0,D,D,0,No Deposit,9.0,0,Transient,163.67,0,0
City Hotel,1,133,2016,June,24,8,0,3,2,0.0,0,BB,PRT,Offline TA/TO,TA/TO,0,0,0,D,D,0,No Deposit,27.0,0,Transient,90.95,0,0
City Hotel,1,57,2016,June,24,8,0,3,2,0.0,0,BB,ARG,Online TA,TA/TO,0,0,0,A,A,0,No Deposit,9.0,0,Transient,117.9,0,0
City Hotel,1,40,2016,June,24,8,0,3,2,0.0,0,BB,DEU,Online TA,TA/TO,0,0,0,D,D,0,No Deposit,9.0,0,Transient,128.4,0,0
City Hotel,0,190,2016,June,24,8,0,4,2,0.0,0,BB,DEU,Online TA,TA/TO,0,0,0,D,D,0,No Deposit,7.0,0,Transient,90.65,0,2
City Hotel,0,190,2016,June,24,8,0,4,2,0.0,0,BB,DEU,Online TA,TA/TO,0,0,0,D,D,0,No Deposit,7.0,0,Transient,90.65,0,2
City Hotel,1,86,2016,June,24,8,0,4,2,0.0,0,BB,GBR,Direct,Direct,0,0,0,A,A,0,No Deposit,14.0,0,Transient,109.65,0,0
City Hotel,1,156,2016,June,24,8,0,4,2,0.0,0,SC,FRA,Online TA,TA/TO,0,0,0,A,A,0,No Deposit,9.0,0,Transient,99.88,0,1
City Hotel,0,190,2016,June,24,8,0,4,2,0.0,0,BB,DEU,Online TA,TA/TO,0,0,0,D,D,0,No Deposit,7.0,0,Transient,90.65,0,2
City Hotel,1,88,2016,June,24,8,1,4,2,0.0,0,BB,PRT,Offline TA/TO,TA/TO,0,0,0,A,A,0,No Deposit,85.0,0,Transient,80.75,0,0
City Hotel,1,87,2016,June,24,8,2,5,2,0.0,0,SC,PRT,Online TA,TA/TO,0,0,0,A,A,0,No Deposit,89.0,0,Transient,93.55,0,0
City Hotel,1,30,2016,June,24,8,2,9,2,0.0,0,BB,AGO,Online TA,TA/TO,0,0,0,D,D,0,No Deposit,9.0,0,Transient,138.93,0,0
City Hotel,1,4,2016,June,24,9,0,1,2,0.0,0,BB,PRT,Online TA,TA/TO,0,0,0,A,A,0,No Deposit,9.0,0,Transient,121.0,0,0
City Hotel,1,27,2016,June,24,9,0,1,2,0.0,0,BB,PRT,Offline TA/TO,Corporate,0,0,0,A,A,0,No Deposit,191.0,0,Transient-Party,120.0,0,0
City Hotel,1,27,2016,June,24,9,0,1,2,0.0,0,BB,PRT,Offline TA/TO,Corporate,0,0,0,A,A,0,No Deposit,191.0,0,Transient-Party,120.0,0,0
City Hotel,1,27,2016,June,24,9,0,1,2,0.0,0,BB,PRT,Offline TA/TO,Corporate,0,0,0,A,A,0,No Deposit,191.0,0,Transient-Party,120.0,0,0
City Hotel,1,27,2016,June,24,9,0,1,2,0.0,0,BB,PRT,Offline TA/TO,Corporate,0,0,0,A,A,0,No Deposit,191.0,0,Transient-Party,120.0,0,0
City Hotel,1,27,2016,June,24,9,0,1,2,0.0,0,BB,PRT,Offline TA/TO,Corporate,0,0,0,A,A,0,No Deposit,191.0,0,Transient-Party,120.0,0,0
City Hotel,1,27,2016,June,24,9,0,1,2,0.0,0,BB,PRT,Offline TA/TO,Corporate,0,0,0,A,A,0,No Deposit,191.0,0,Transient-Party,120.0,0,0
City Hotel,1,27,2016,June,24,9,0,1,2,0.0,0,BB,PRT,Offline TA/TO,Corporate,0,0,0,A,A,0,No Deposit,191.0,0,Transient-Party,120.0,0,0
City Hotel,1,27,2016,June,24,9,0,1,2,0.0,0,BB,PRT,Offline TA/TO,Corporate,0,0,0,A,A,0,No Deposit,191.0,0,Transient-Party,120.0,0,0
City Hotel,1,27,2016,June,24,9,0,1,2,0.0,0,BB,PRT,Offline TA/TO,Corporate,0,0,0,A,A,0,No Deposit,191.0,0,Transient-Party,120.0,0,0
City Hotel,1,71,2016,June,24,9,0,1,2,0.0,0,SC,JPN,Online TA,TA/TO,0,0,0,A,A,0,No Deposit,9.0,0,Transient,116.1,0,0
City Hotel,1,71,2016,June,24,9,0,1,2,0.0,0,BB,JPN,Online TA,TA/TO,0,0,0,A,A,0,No Deposit,9.0,0,Transient,126.9,0,0
City Hotel,1,27,2016,June,24,9,0,1,2,0.0,0,BB,PRT,Offline TA/TO,Corporate,0,0,0,A,A,0,No Deposit,191.0,0,Transient-Party,120.0,0,0
City Hotel,1,27,2016,June,24,9,0,1,2,0.0,0,BB,PRT,Offline TA/TO,Corporate,0,0,0,A,A,0,No Deposit,191.0,0,Transient-Party,120.0,0,0
City Hotel,1,121,2016,June,24,9,0,1,2,0.0,0,BB,PRT,Offline TA/TO,Corporate,0,0,0,A,A,1,No Deposit,191.0,0,Transient-Party,120.0,0,0
City Hotel,1,27,2016,June,24,9,0,1,2,0.0,0,BB,PRT,Offline TA/TO,Corporate,0,0,0,A,A,0,No Deposit,191.0,0,Transient-Party,120.0,0,0
City Hotel,1,33,2016,June,24,9,0,1,2,0.0,0,SC,BEL,Online TA,TA/TO,0,0,0,A,A,0,No Deposit,9.0,0,Transient,98.1,0,0
City Hotel,1,27,2016,June,24,9,0,1,2,0.0,0,BB,PRT,Offline TA/TO,Corporate,0,0,0,A,A,0,No Deposit,191.0,0,Transient-Party,120.0,0,0
City Hotel,1,27,2016,June,24,9,0,1,2,0.0,0,BB,PRT,Offline TA/TO,Corporate,0,0,0,A,A,0,No Deposit,191.0,0,Transient-Party,120.0,0,0
City Hotel,1,27,2016,June,24,9,0,1,2,0.0,0,BB,PRT,Offline TA/TO,Corporate,0,0,0,A,A,0,No Deposit,191.0,0,Transient-Party,120.0,0,0
City Hotel,1,27,2016,June,24,9,0,1,2,0.0,0,BB,PRT,Offline TA/TO,Corporate,0,0,0,A,A,0,No Deposit,191.0,0,Transient-Party,120.0,0,0
City Hotel,1,43,2016,June,24,9,0,1,2,0.0,0,SC,PRT,Online TA,TA/TO,0,0,0,A,A,0,No Deposit,7.0,0,Transient,75.54,0,1
City Hotel,1,27,2016,June,24,9,0,1,2,0.0,0,BB,PRT,Offline TA/TO,Corporate,0,0,0,A,A,0,No Deposit,191.0,0,Transient-Party,120.0,0,0
City Hotel,1,27,2016,June,24,9,0,1,2,0.0,0,BB,PRT,Offline TA/TO,Corporate,0,0,0,A,A,0,No Deposit,191.0,0,Transient-Party,120.0,0,0
City Hotel,1,27,2016,June,24,9,0,1,2,0.0,0,BB,PRT,Offline TA/TO,Corporate,0,0,0,A,A,0,No Deposit,191.0,0,Transient-Party,120.0,0,0
City Hotel,1,36,2016,June,24,9,0,2,2,0.0,0,BB,SWE,Online TA,TA/TO,0,0,0,D,D,0,No Deposit,9.0,0,Transient,133.2,0,0
City Hotel,1,27,2016,June,24,9,0,1,2,0.0,0,BB,PRT,Offline TA/TO,Corporate,0,0,0,A,A,0,No Deposit,191.0,0,Transient-Party,120.0,0,0
City Hotel,1,27,2016,June,24,9,0,1,2,0.0,0,BB,PRT,Offline TA/TO,Corporate,0,0,0,A,A,0,No Deposit,191.0,0,Transient-Party,120.0,0,0
City Hotel,1,71,2016,June,24,9,0,1,2,0.0,0,BB,JPN,Online TA,TA/TO,0,0,0,A,A,0,No Deposit,9.0,0,Transient,126.9,0,0
City Hotel,1,337,2016,June,24,9,0,2,2,0.0,0,BB,PRT,Groups,TA/TO,0,0,0,A,A,0,Non Refund,1.0,0,Transient,62.0,0,0
City Hotel,1,337,2016,June,24,9,0,2,2,0.0,0,BB,PRT,Groups,TA/TO,0,0,0,A,A,0,Non Refund,1.0,0,Transient,62.0,0,0
City Hotel,1,337,2016,June,24,9,0,2,2,0.0,0,BB,PRT,Groups,TA/TO,0,0,0,A,A,0,Non Refund,1.0,0,Transient,62.0,0,0
City Hotel,1,337,2016,June,24,9,0,2,2,0.0,0,BB,PRT,Groups,TA/TO,0,0,0,A,A,0,Non Refund,1.0,0,Transient,62.0,0,0
City Hotel,1,337,2016,June,24,9,0,2,2,0.0,0,BB,PRT,Groups,TA/TO,0,0,0,A,A,0,Non Refund,1.0,0,Transient,62.0,0,0
City Hotel,1,337,2016,June,24,9,0,2,2,0.0,0,BB,PRT,Groups,TA/TO,0,0,0,A,A,0,Non Refund,1.0,0,Transient,62.0,0,0
City Hotel,1,337,2016,June,24,9,0,2,2,0.0,0,BB,PRT,Groups,TA/TO,0,0,0,A,A,0,Non Refund,1.0,0,Transient,62.0,0,0
City Hotel,1,337,2016,June,24,9,0,2,2,0.0,0,BB,PRT,Groups,TA/TO,0,0,0,A,A,0,Non Refund,1.0,0,Transient,62.0,0,0
City Hotel,1,337,2016,June,24,9,0,2,2,0.0,0,BB,PRT,Groups,TA/TO,0,0,0,A,A,0,Non Refund,1.0,0,Transient,62.0,0,0
City Hotel,1,337,2016,June,24,9,0,2,2,0.0,0,BB,PRT,Groups,TA/TO,0,0,0,A,A,0,Non Refund,1.0,0,Transient,62.0,0,0
City Hotel,1,337,2016,June,24,9,0,2,2,0.0,0,BB,PRT,Groups,TA/TO,0,0,0,A,A,0,Non Refund,1.0,0,Transient,62.0,0,0
City Hotel,1,337,2016,June,24,9,0,2,2,0.0,0,BB,PRT,Groups,TA/TO,0,0,0,A,A,0,Non Refund,1.0,0,Transient,62.0,0,0
City Hotel,1,337,2016,June,24,9,0,2,2,0.0,0,BB,PRT,Groups,TA/TO,0,0,0,A,A,0,Non Refund,1.0,0,Transient,62.0,0,0
City Hotel,1,337,2016,June,24,9,0,2,2,0.0,0,BB,PRT,Groups,TA/TO,0,0,0,A,A,0,Non Refund,1.0,0,Transient,62.0,0,0
City Hotel,1,337,2016,June,24,9,0,2,2,0.0,0,BB,PRT,Groups,TA/TO,0,0,0,A,A,0,Non Refund,1.0,0,Transient,62.0,0,0
City Hotel,1,337,2016,June,24,9,0,2,2,0.0,0,BB,PRT,Groups,TA/TO,0,0,0,A,A,0,Non Refund,1.0,0,Transient,62.0,0,0
City Hotel,1,337,2016,June,24,9,0,2,2,0.0,0,BB,PRT,Groups,TA/TO,0,0,0,A,A,0,Non Refund,1.0,0,Transient,62.0,0,0
City Hotel,1,337,2016,June,24,9,0,2,2,0.0,0,BB,PRT,Groups,TA/TO,0,0,0,A,A,0,Non Refund,1.0,0,Transient,62.0,0,0
City Hotel,1,337,2016,June,24,9,0,2,2,0.0,0,BB,PRT,Groups,TA/TO,0,0,0,A,A,0,Non Refund,1.0,0,Transient,62.0,0,0
City Hotel,1,337,2016,June,24,9,0,2,2,0.0,0,BB,PRT,Groups,TA/TO,0,0,0,A,A,0,Non Refund,1.0,0,Transient,62.0,0,0
City Hotel,1,337,2016,June,24,9,0,2,2,0.0,0,BB,PRT,Groups,TA/TO,0,0,0,A,A,0,Non Refund,1.0,0,Transient,62.0,0,0
City Hotel,1,337,2016,June,24,9,0,2,2,0.0,0,BB,PRT,Groups,TA/TO,0,0,0,A,A,0,Non Refund,1.0,0,Transient,62.0,0,0
City Hotel,1,337,2016,June,24,9,0,2,2,0.0,0,BB,PRT,Groups,TA/TO,0,0,0,A,A,0,Non Refund,1.0,0,Transient,62.0,0,0
City Hotel,1,337,2016,June,24,9,0,2,2,0.0,0,BB,PRT,Groups,TA/TO,0,0,0,A,A,0,Non Refund,1.0,0,Transient,62.0,0,0
City Hotel,1,40,2016,June,24,9,0,2,2,0.0,0,HB,ARG,Online TA,TA/TO,0,0,0,D,D,0,No Deposit,9.0,0,Transient,165.6,0,0
City Hotel,1,337,2016,June,24,9,0,2,2,0.0,0,BB,PRT,Groups,TA/TO,0,0,0,A,A,0,Non Refund,1.0,0,Transient,62.0,0,0
City Hotel,1,337,2016,June,24,9,0,2,2,0.0,0,BB,PRT,Groups,TA/TO,0,0,0,A,A,0,Non Refund,1.0,0,Transient,62.0,0,0
City Hotel,1,337,2016,June,24,9,0,2,2,0.0,0,BB,PRT,Groups,TA/TO,0,0,0,A,A,0,Non Refund,1.0,0,Transient,62.0,0,0
City Hotel,1,337,2016,June,24,9,0,2,2,0.0,0,BB,PRT,Groups,TA/TO,0,0,0,A,A,0,Non Refund,1.0,0,Transient,62.0,0,0
City Hotel,1,337,2016,June,24,9,0,2,2,0.0,0,BB,PRT,Groups,TA/TO,0,0,0,A,A,0,Non Refund,1.0,0,Transient,62.0,0,0
City Hotel,1,337,2016,June,24,9,0,2,2,0.0,0,BB,PRT,Groups,TA/TO,0,0,0,A,A,0,Non Refund,1.0,0,Transient,62.0,0,0
City Hotel,1,53,2016,June,24,9,0,3,2,0.0,0,BB,FRA,Online TA,TA/TO,0,0,0,D,D,0,No Deposit,9.0,0,Transient,134.4,0,1
City Hotel,1,282,2016,June,24,9,0,3,2,0.0,0,BB,PRT,Groups,TA/TO,0,0,0,A,A,0,No Deposit,1.0,48,Transient-Party,73.33,0,0
City Hotel,1,149,2016,June,24,9,0,3,2,0.0,0,BB,GBR,Online TA,TA/TO,0,0,0,D,D,0,No Deposit,9.0,0,Transient,129.0,0,0
City Hotel,0,282,2016,June,24,9,0,3,2,0.0,0,BB,PRT,Groups,TA/TO,0,0,0,A,A,0,No Deposit,1.0,48,Transient-Party,73.33,0,1
City Hotel,0,282,2016,June,24,9,0,3,2,0.0,0,BB,FRA,Groups,TA/TO,0,0,0,A,A,0,No Deposit,1.0,48,Transient-Party,73.33,0,1
City Hotel,1,282,2016,June,24,9,0,3,2,0.0,0,BB,PRT,Groups,TA/TO,0,0,0,A,A,0,No Deposit,1.0,48,Transient-Party,73.33,0,0
City Hotel,0,282,2016,June,24,9,0,3,2,0.0,0,BB,FRA,Groups,TA/TO,0,0,0,A,A,0,No Deposit,1.0,48,Transient-Party,73.33,0,1
City Hotel,0,282,2016,June,24,9,0,3,2,0.0,0,BB,FRA,Groups,TA/TO,0,0,0,A,A,0,No Deposit,1.0,48,Transient-Party,73.33,0,1
City Hotel,1,104,2016,June,24,9,0,3,2,0.0,0,BB,BRA,Online TA,TA/TO,0,0,0,A,A,0,No Deposit,9.0,0,Transient,126.9,0,0
City Hotel,0,282,2016,June,24,9,0,3,2,0.0,0,BB,FRA,Groups,TA/TO,0,0,0,A,A,0,No Deposit,1.0,48,Transient-Party,73.33,0,1
City Hotel,1,282,2016,June,24,9,0,3,2,0.0,0,BB,PRT,Groups,TA/TO,0,0,0,A,A,0,No Deposit,1.0,48,Transient-Party,73.33,0,0
City Hotel,1,149,2016,June,24,9,0,3,2,0.0,0,BB,GBR,Online TA,TA/TO,0,0,0,D,D,0,No Deposit,9.0,0,Transient,129.0,0,0
City Hotel,0,282,2016,June,24,9,0,3,2,0.0,0,BB,FRA,Groups,TA/TO,0,0,0,A,A,0,No Deposit,1.0,48,Transient-Party,73.33,0,1
City Hotel,1,87,2016,June,24,9,0,3,2,0.0,0,BB,PRT,Online TA,TA/TO,0,0,0,A,A,0,No Deposit,7.0,0,Transient,97.71,0,0
City Hotel,1,122,2016,June,24,9,0,3,2,0.0,0,SC,AUT,Online TA,TA/TO,0,0,0,A,A,0,No Deposit,9.0,0,Transient,116.1,0,0
City Hotel,1,62,2016,June,24,9,0,3,2,0.0,0,BB,ESP,Online TA,TA/TO,0,0,0,A,A,0,No Deposit,9.0,0,Transient,117.9,0,0
City Hotel,0,282,2016,June,24,9,0,3,2,0.0,0,BB,FRA,Groups,TA/TO,0,0,0,A,A,0,No Deposit,1.0,48,Transient-Party,73.33,0,1
City Hotel,1,135,2016,June,24,9,0,3,2,0.0,0,SC,ESP,Online TA,TA/TO,0,0,0,A,A,0,No Deposit,9.0,0,Transient,116.1,0,0
City Hotel,0,282,2016,June,24,9,0,3,2,0.0,0,BB,FRA,Groups,TA/TO,0,0,0,A,A,0,No Deposit,1.0,48,Transient-Party,73.33,0,1
City Hotel,0,282,2016,June,24,9,0,3,2,0.0,0,BB,FRA,Groups,TA/TO,0,0,0,A,A,0,No Deposit,1.0,48,Transient-Party,73.33,0,1
City Hotel,0,282,2016,June,24,9,0,3,2,0.0,0,BB,FRA,Groups,TA/TO,0,0,0,A,A,0,No Deposit,1.0,48,Transient-Party,73.33,0,1
City Hotel,0,282,2016,June,24,9,0,3,2,0.0,0,BB,FRA,Groups,TA/TO,0,0,0,A,A,0,No Deposit,1.0,48,Transient-Party,73.33,0,1
City Hotel,1,63,2016,June,24,9,0,3,2,0.0,0,BB,ESP,Online TA,TA/TO,0,0,0,A,A,0,No Deposit,9.0,0,Transient,126.9,0,1
City Hotel,0,282,2016,June,24,9,0,3,2,0.0,0,BB,FRA,Groups,TA/TO,0,0,0,A,A,0,No Deposit,1.0,48,Transient-Party,73.33,0,1
City Hotel,0,282,2016,June,24,9,0,3,2,0.0,0,BB,PRT,Groups,TA/TO,0,0,0,A,A,0,No Deposit,1.0,48,Transient-Party,73.33,0,1
City Hotel,1,73,2016,June,24,9,1,3,2,0.0,0,BB,FRA,Online TA,TA/TO,0,0,0,A,A,0,No Deposit,9.0,0,Transient,126.9,0,0
City Hotel,1,112,2016,June,24,9,1,3,2,0.0,0,BB,DEU,Online TA,TA/TO,0,0,0,D,D,0,No Deposit,9.0,0,Transient,132.6,0,0
City Hotel,1,134,2016,June,24,9,2,5,2,0.0,0,BB,CHE,Online TA,TA/TO,0,0,0,A,A,0,No Deposit,9.0,0,Transient,119.85,0,1
City Hotel,1,134,2016,June,24,9,2,5,2,0.0,0,BB,CHE,Online TA,TA/TO,0,0,0,A,A,0,No Deposit,9.0,0,Transient,119.85,0,1
City Hotel,0,190,2016,June,24,9,2,8,2,0.0,0,BB,AUT,Online TA,TA/TO,0,0,0,A,A,0,No Deposit,11.0,0,Transient,83.79,0,0
City Hotel,1,1,2016,June,24,10,0,1,2,0.0,0,BB,PRT,Direct,Direct,0,0,0,A,E,0,No Deposit,,0,Transient,132.0,0,1
City Hotel,1,107,2016,June,24,10,0,2,2,0.0,0,BB,PRT,Offline TA/TO,TA/TO,0,0,0,A,A,0,No Deposit,187.0,0,Transient-Party,130.0,0,0
City Hotel,1,64,2016,June,24,10,0,2,2,0.0,0,BB,DEU,Online TA,TA/TO,0,0,0,A,A,0,No Deposit,9.0,0,Transient,126.9,0,0
City Hotel,1,8,2016,June,24,10,0,2,2,0.0,0,BB,AUS,Online TA,TA/TO,0,0,0,D,D,0,No Deposit,9.0,0,Transient,156.0,0,0
City Hotel,1,107,2016,June,24,10,0,2,2,0.0,0,BB,PRT,Offline TA/TO,TA/TO,0,0,0,A,A,0,No Deposit,187.0,0,Transient-Party,144.0,0,1
City Hotel,1,4,2016,June,24,10,0,2,2,0.0,0,BB,PRT,Online TA,TA/TO,0,0,0,D,D,0,No Deposit,15.0,0,Transient,108.8,0,0
City Hotel,1,84,2016,June,24,10,0,2,2,0.0,0,SC,GBR,Online TA,TA/TO,0,0,0,A,A,1,No Deposit,9.0,0,Transient,116.1,0,0
City Hotel,1,120,2016,June,24,10,1,2,2,0.0,0,BB,NZL,Online TA,TA/TO,0,0,0,A,A,0,No Deposit,9.0,0,Transient,126.9,0,0
City Hotel,1,43,2016,June,24,10,1,2,2,0.0,0,BB,NLD,Online TA,TA/TO,0,0,0,D,D,0,No Deposit,9.0,0,Transient,140.4,0,0
City Hotel,1,57,2016,June,24,10,1,2,2,0.0,0,BB,PRT,Offline TA/TO,TA/TO,0,0,0,A,A,0,No Deposit,6.0,0,Transient-Party,90.67,0,1
City Hotel,1,88,2016,June,24,10,1,2,2,0.0,0,SC,ITA,Online TA,TA/TO,0,0,0,A,A,0,No Deposit,9.0,0,Transient,116.1,0,0
City Hotel,1,57,2016,June,24,10,1,2,2,0.0,0,BB,PRT,Offline TA/TO,TA/TO,0,0,0,A,A,0,No Deposit,6.0,0,Transient-Party,90.67,0,1
City Hotel,1,152,2016,June,24,10,1,2,2,0.0,0,BB,PRT,Online TA,TA/TO,0,0,0,D,D,0,No Deposit,9.0,0,Transient,132.9,0,0
City Hotel,1,128,2016,June,24,10,1,2,2,0.0,0,SC,IRL,Online TA,TA/TO,0,0,0,A,A,0,No Deposit,9.0,0,Transient,116.1,0,0
City Hotel,1,120,2016,June,24,10,1,2,2,0.0,0,BB,NZL,Online TA,TA/TO,0,0,0,A,A,0,No Deposit,9.0,0,Transient,126.9,0,0
City Hotel,1,141,2016,June,24,10,2,3,2,0.0,0,BB,FRA,Online TA,TA/TO,0,0,0,D,D,0,No Deposit,9.0,0,Transient,116.62,0,0
City Hotel,1,18,2016,June,24,11,0,1,2,0.0,0,BB,ESP,Online TA,TA/TO,0,0,0,D,D,0,No Deposit,9.0,0,Transient,156.0,0,0
City Hotel,1,103,2016,June,24,11,1,1,2,0.0,0,BB,FRA,Online TA,TA/TO,0,0,0,A,A,0,No Deposit,9.0,0,Transient,126.9,0,0
City Hotel,1,103,2016,June,24,11,1,1,2,0.0,0,BB,FRA,Online TA,TA/TO,0,0,0,A,A,0,No Deposit,9.0,0,Transient,126.9,0,0
City Hotel,1,116,2016,June,24,11,1,1,2,0.0,0,BB,PRT,Offline TA/TO,TA/TO,0,0,0,C,C,0,No Deposit,3.0,0,Transient,80.75,0,0
City Hotel,1,53,2016,June,25,12,1,0,2,0.0,0,BB,USA,Direct,Direct,0,0,0,D,D,0,No Deposit,14.0,0,Transient,129.2,0,1
City Hotel,1,18,2016,June,25,12,2,0,2,0.0,0,SC,BRA,Online TA,TA/TO,0,0,0,A,A,0,No Deposit,9.0,0,Transient,99.0,0,0
City Hotel,1,27,2016,June,25,12,2,0,2,0.0,0,BB,BRA,Online TA,TA/TO,0,0,0,A,A,0,No Deposit,9.0,0,Transient,94.35,0,0
City Hotel,1,15,2016,June,25,12,2,1,2,0.0,0,BB,ESP,Online TA,TA/TO,0,0,0,A,A,0,No Deposit,9.0,0,Transient,114.33,0,0
City Hotel,1,9,2016,June,25,12,2,1,2,0.0,0,BB,ESP,Online TA,TA/TO,0,0,0,A,A,0,No Deposit,9.0,0,Transient,123.33,0,0
City Hotel,1,27,2016,June,25,12,2,1,2,0.0,0,BB,ESP,Online TA,TA/TO,0,0,0,D,D,0,No Deposit,9.0,0,Transient,107.1,0,0
City Hotel,1,160,2016,June,25,12,2,2,2,0.0,0,BB,USA,Online TA,TA/TO,0,0,0,B,B,1,No Deposit,9.0,0,Transient-Party,103.22,0,1
City Hotel,1,12,2016,June,25,12,2,2,2,0.0,0,BB,BEL,Online TA,TA/TO,0,0,0,D,D,0,No Deposit,9.0,0,Transient,136.0,0,0
City Hotel,1,159,2016,June,25,12,2,2,2,0.0,0,BB,USA,Online TA,TA/TO,0,0,0,B,B,0,No Deposit,9.0,0,Transient-Party,103.21,0,0
City Hotel,1,27,2016,June,25,12,2,3,2,0.0,0,SC,ESP,Online TA,TA/TO,0,0,0,A,A,0,No Deposit,9.0,0,Transient,105.84,0,0
City Hotel,1,26,2016,June,25,12,4,6,2,0.0,0,BB,BRA,Direct,Direct,0,0,0,D,D,0,No Deposit,14.0,0,Transient,116.45,0,0
City Hotel,1,10,2016,June,25,12,4,6,2,0.0,0,BB,SAU,Online TA,TA/TO,0,0,0,D,D,0,No Deposit,9.0,0,Transient,148.0,0,0
City Hotel,1,27,2016,June,25,12,4,6,2,0.0,0,BB,BRA,Online TA,TA/TO,0,0,0,D,D,0,No Deposit,9.0,0,Transient,132.24,0,0
City Hotel,1,120,2016,June,25,13,1,0,2,0.0,0,BB,USA,Online TA,TA/TO,0,0,0,D,D,0,No Deposit,9.0,0,Transient-Party,140.4,0,0
City Hotel,1,28,2016,June,25,13,1,1,2,0.0,0,BB,BRA,Online TA,TA/TO,0,0,0,A,A,0,No Deposit,9.0,0,Transient,94.35,0,0
City Hotel,1,28,2016,June,25,13,1,2,2,0.0,0,BB,FRA,Online TA,TA/TO,0,0,0,A,A,0,No Deposit,9.0,0,Transient,102.85,0,0
City Hotel,1,28,2016,June,25,13,1,2,2,0.0,0,BB,FRA,Online TA,TA/TO,0,0,0,D,D,0,No Deposit,9.0,0,Transient,130.8,0,0
City Hotel,1,15,2016,June,25,13,1,3,2,0.0,0,BB,PRT,Online TA,TA/TO,0,0,0,D,D,2,No Deposit,8.0,0,Transient,136.0,0,0
City Hotel,1,33,2016,June,25,13,1,3,2,0.0,0,BB,DEU,Online TA,TA/TO,0,0,0,A,A,0,No Deposit,9.0,0,Transient,113.4,0,0
City Hotel,1,17,2016,June,25,13,1,3,2,0.0,0,BB,PRT,Offline TA/TO,TA/TO,0,0,0,A,A,1,No Deposit,118.0,0,Transient,95.0,0,0
City Hotel,1,111,2016,June,25,13,2,5,2,0.0,0,SC,ESP,Online TA,TA/TO,0,0,0,A,A,0,No Deposit,9.0,0,Transient,109.65,0,1
City Hotel,1,113,2016,June,25,13,2,5,2,0.0,0,BB,GBR,Online TA,TA/TO,0,0,0,A,A,0,No Deposit,9.0,0,Transient,119.85,0,0
City Hotel,1,18,2016,June,25,14,0,1,2,0.0,0,BB,BRA,Online TA,TA/TO,0,0,0,A,A,0,No Deposit,9.0,0,Transient,111.0,0,0
City Hotel,1,82,2016,June,25,14,0,1,2,0.0,0,SC,GBR,Online TA,TA/TO,0,0,0,A,A,0,No Deposit,9.0,0,Transient,143.1,0,0
City Hotel,1,103,2016,June,25,14,0,2,2,0.0,0,SC,CPV,Online TA,TA/TO,0,0,0,B,B,0,No Deposit,9.0,0,Transient,116.1,0,0
City Hotel,1,107,2016,June,25,14,0,2,2,0.0,0,SC,CPV,Online TA,TA/TO,0,0,0,B,B,0,No Deposit,9.0,0,Transient,116.1,0,0
City Hotel,1,4,2016,June,25,14,0,2,2,0.0,0,HB,FRA,Online TA,TA/TO,0,0,0,A,A,0,No Deposit,9.0,0,Transient,164.0,0,0
City Hotel,1,11,2016,June,25,14,0,3,2,0.0,0,BB,PRT,Corporate,Corporate,0,0,0,D,D,0,Non Refund,,0,Transient,90.0,0,0
City Hotel,1,11,2016,June,25,14,0,3,2,0.0,0,BB,PRT,Corporate,Corporate,0,0,0,D,D,0,Non Refund,,0,Transient,90.0,0,0
City Hotel,1,26,2016,June,25,14,0,3,2,0.0,0,BB,ITA,Online TA,TA/TO,0,0,0,A,A,0,No Deposit,9.0,0,Transient,111.35,0,0
City Hotel,1,5,2016,June,25,14,0,3,2,0.0,0,BB,PRT,Corporate,Corporate,0,0,0,A,A,0,No Deposit,,0,Transient,100.0,0,0
City Hotel,1,11,2016,June,25,14,0,3,2,0.0,0,BB,PRT,Corporate,Corporate,0,0,0,D,D,0,Non Refund,,0,Transient,90.0,0,0
City Hotel,1,11,2016,June,25,14,0,3,2,0.0,0,BB,PRT,Corporate,Corporate,0,0,0,D,D,0,Non Refund,,0,Transient,90.0,0,0
City Hotel,1,11,2016,June,25,14,0,3,2,0.0,0,BB,PRT,Corporate,Corporate,0,0,0,D,D,0,Non Refund,,0,Transient,90.0,0,0
City Hotel,1,11,2016,June,25,14,0,3,2,0.0,0,BB,PRT,Corporate,Corporate,0,0,0,D,D,0,Non Refund,,0,Transient,90.0,0,0
City Hotel,1,11,2016,June,25,14,0,3,2,0.0,0,BB,PRT,Corporate,Corporate,0,0,0,D,D,0,Non Refund,,0,Transient,90.0,0,0
City Hotel,1,11,2016,June,25,14,0,3,2,0.0,0,BB,PRT,Corporate,Corporate,0,0,0,D,D,0,Non Refund,,0,Transient,90.0,0,0
City Hotel,1,11,2016,June,25,14,0,3,2,0.0,0,BB,PRT,Corporate,Corporate,0,0,0,D,D,0,Non Refund,,0,Transient,90.0,0,0
City Hotel,1,11,2016,June,25,14,0,3,2,0.0,0,BB,PRT,Corporate,Corporate,0,0,0,D,D,0,Non Refund,,0,Transient,90.0,0,0
City Hotel,1,93,2016,June,25,14,0,4,2,0.0,0,SC,GBR,Online TA,TA/TO,0,0,0,A,A,0,No Deposit,9.0,0,Transient,128.78,0,0
City Hotel,1,135,2016,June,25,14,0,4,2,0.0,0,BB,PRT,Online TA,TA/TO,0,0,0,A,A,0,No Deposit,7.0,0,Transient,92.28,0,1
City Hotel,1,90,2016,June,25,14,2,5,2,0.0,0,BB,FRA,Online TA,TA/TO,0,0,0,A,A,0,No Deposit,9.0,0,Transient,130.78,0,2
City Hotel,1,103,2016,June,25,15,0,1,2,0.0,0,SC,DEU,Online TA,TA/TO,0,0,0,A,A,0,No Deposit,9.0,0,Transient,116.1,0,0
City Hotel,1,23,2016,June,25,15,0,1,2,0.0,0,BB,DEU,Online TA,TA/TO,0,0,0,A,A,0,No Deposit,9.0,0,Transient,114.75,0,0
City Hotel,1,8,2016,June,25,15,0,2,2,0.0,0,BB,PRT,Online TA,TA/TO,0,0,0,D,D,0,No Deposit,9.0,0,Transient,156.0,0,0
City Hotel,1,70,2016,June,25,15,0,2,2,0.0,0,HB,NLD,Offline TA/TO,TA/TO,0,0,0,A,A,0,No Deposit,6.0,0,Transient-Party,109.0,0,0
City Hotel,1,239,2016,June,25,15,0,2,2,0.0,0,HB,PRT,Offline TA/TO,TA/TO,0,0,0,A,A,0,Non Refund,6.0,80,Transient,112.2,0,0
City Hotel,1,239,2016,June,25,15,0,2,2,0.0,0,HB,PRT,Offline TA/TO,TA/TO,0,0,0,A,A,0,Non Refund,6.0,80,Transient,112.2,0,0
City Hotel,1,239,2016,June,25,15,0,2,2,0.0,0,HB,PRT,Offline TA/TO,TA/TO,0,0,0,A,A,0,Non Refund,6.0,80,Transient,112.2,0,0
City Hotel,1,239,2016,June,25,15,0,2,2,0.0,0,HB,PRT,Offline TA/TO,TA/TO,0,0,0,A,A,0,Non Refund,6.0,80,Transient,112.2,0,0
City Hotel,1,239,2016,June,25,15,0,2,2,0.0,0,HB,PRT,Offline TA/TO,TA/TO,0,0,0,A,A,0,Non Refund,6.0,80,Transient,112.2,0,0
City Hotel,1,239,2016,June,25,15,0,2,2,0.0,0,HB,PRT,Offline TA/TO,TA/TO,0,0,0,A,A,0,Non Refund,6.0,80,Transient,112.2,0,0
City Hotel,1,239,2016,June,25,15,0,2,2,0.0,0,HB,PRT,Offline TA/TO,TA/TO,0,0,0,A,A,0,Non Refund,6.0,80,Transient,112.2,0,0
City Hotel,1,22,2016,June,25,15,0,2,2,0.0,0,BB,PRT,Online TA,TA/TO,0,0,0,A,A,0,No Deposit,9.0,0,Transient,141.0,0,0
City Hotel,1,239,2016,June,25,15,0,2,2,0.0,0,HB,PRT,Offline TA/TO,TA/TO,0,0,0,A,A,0,Non Refund,6.0,80,Transient,112.2,0,0
City Hotel,1,239,2016,June,25,15,0,2,2,0.0,0,HB,PRT,Offline TA/TO,TA/TO,0,0,0,A,A,0,Non Refund,6.0,80,Transient,112.2,0,0
City Hotel,1,239,2016,June,25,15,0,2,2,0.0,0,HB,PRT,Offline TA/TO,TA/TO,0,0,0,A,A,0,Non Refund,6.0,80,Transient,112.2,0,0
City Hotel,1,239,2016,June,25,15,0,2,2,0.0,0,HB,PRT,Offline TA/TO,TA/TO,0,0,0,A,A,0,Non Refund,6.0,80,Transient,112.2,0,0
City Hotel,1,239,2016,June,25,15,0,2,2,0.0,0,HB,PRT,Offline TA/TO,TA/TO,0,0,0,A,A,0,Non Refund,6.0,80,Transient,112.2,0,0
City Hotel,1,256,2016,June,25,15,0,2,2,0.0,0,HB,PRT,Offline TA/TO,TA/TO,0,0,0,A,A,0,No Deposit,6.0,0,Transient-Party,109.0,0,0
City Hotel,1,27,2016,June,25,15,0,3,2,0.0,0,BB,DEU,Direct,Direct,0,0,0,A,A,0,No Deposit,14.0,0,Transient,109.65,0,0
City Hotel,1,119,2016,June,25,15,0,4,2,0.0,0,BB,GBR,Online TA,TA/TO,0,0,0,A,A,0,No Deposit,9.0,0,Transient,119.85,0,1
City Hotel,0,188,2016,June,25,15,2,5,2,0.0,0,BB,GBR,Direct,Direct,0,0,0,D,D,0,No Deposit,14.0,0,Transient-Party,114.87,0,1
City Hotel,0,188,2016,June,25,15,2,5,2,0.0,0,BB,GBR,Direct,Direct,0,0,0,D,D,0,No Deposit,14.0,0,Transient-Party,114.87,0,1
City Hotel,1,0,2016,June,25,16,0,1,2,0.0,0,BB,PRT,Complementary,Corporate,0,0,0,A,F,0,No Deposit,,0,Transient,0.0,0,1
City Hotel,1,31,2016,June,25,16,0,1,2,0.0,0,BB,FRA,Online TA,TA/TO,0,0,0,D,D,0,No Deposit,9.0,0,Transient,132.6,0,0
City Hotel,1,0,2016,June,25,16,0,1,2,0.0,0,BB,PRT,Complementary,Direct,0,0,0,A,F,0,No Deposit,,0,Transient,0.0,0,0
City Hotel,1,37,2016,June,25,16,0,1,2,0.0,0,SC,GBR,Online TA,TA/TO,0,0,0,A,A,0,No Deposit,9.0,0,Transient,116.1,0,0
City Hotel,1,344,2016,June,25,16,0,2,2,0.0,0,BB,PRT,Groups,TA/TO,0,0,0,A,A,0,Non Refund,1.0,0,Transient,62.0,0,0
City Hotel,1,344,2016,June,25,16,0,2,2,0.0,0,BB,PRT,Groups,TA/TO,0,0,0,A,A,0,Non Refund,1.0,0,Transient,62.0,0,0
City Hotel,1,344,2016,June,25,16,0,2,2,0.0,0,BB,PRT,Groups,TA/TO,0,0,0,A,A,0,Non Refund,1.0,0,Transient,62.0,0,0
City Hotel,1,344,2016,June,25,16,0,2,2,0.0,0,BB,PRT,Groups,TA/TO,0,0,0,A,A,0,Non Refund,1.0,0,Transient,62.0,0,0
City Hotel,1,344,2016,June,25,16,0,2,2,0.0,0,BB,PRT,Groups,TA/TO,0,0,0,A,A,0,Non Refund,1.0,0,Transient,62.0,0,0
City Hotel,1,344,2016,June,25,16,0,2,2,0.0,0,BB,PRT,Groups,TA/TO,0,0,0,A,A,0,Non Refund,1.0,0,Transient,62.0,0,0
City Hotel,1,344,2016,June,25,16,0,2,2,0.0,0,BB,PRT,Groups,TA/TO,0,0,0,A,A,0,Non Refund,1.0,0,Transient,62.0,0,0
City Hotel,1,344,2016,June,25,16,0,2,2,0.0,0,BB,PRT,Groups,TA/TO,0,0,0,A,A,0,Non Refund,1.0,0,Transient,62.0,0,0
City Hotel,1,344,2016,June,25,16,0,2,2,0.0,0,BB,PRT,Groups,TA/TO,0,0,0,A,A,0,Non Refund,1.0,0,Transient,62.0,0,0
City Hotel,1,344,2016,June,25,16,0,2,2,0.0,0,BB,PRT,Groups,TA/TO,0,0,0,A,A,0,Non Refund,1.0,0,Transient,62.0,0,0
City Hotel,1,344,2016,June,25,16,0,2,2,0.0,0,BB,PRT,Groups,TA/TO,0,0,0,A,A,0,Non Refund,1.0,0,Transient,62.0,0,0
City Hotel,1,344,2016,June,25,16,0,2,2,0.0,0,BB,PRT,Groups,TA/TO,0,0,0,A,A,0,Non Refund,1.0,0,Transient,62.0,0,0
City Hotel,1,344,2016,June,25,16,0,2,2,0.0,0,BB,PRT,Groups,TA/TO,0,0,0,A,A,0,Non Refund,1.0,0,Transient,62.0,0,0
City Hotel,1,344,2016,June,25,16,0,2,2,0.0,0,BB,PRT,Groups,TA/TO,0,0,0,A,A,0,Non Refund,1.0,0,Transient,62.0,0,0
City Hotel,1,344,2016,June,25,16,0,2,2,0.0,0,BB,PRT,Groups,TA/TO,0,0,0,A,A,0,Non Refund,1.0,0,Transient,62.0,0,0
City Hotel,1,344,2016,June,25,16,0,2,2,0.0,0,BB,PRT,Groups,TA/TO,0,0,0,A,A,0,Non Refund,1.0,0,Transient,62.0,0,0
City Hotel,1,344,2016,June,25,16,0,2,2,0.0,0,BB,PRT,Groups,TA/TO,0,0,0,A,A,0,Non Refund,1.0,0,Transient,62.0,0,0
City Hotel,1,344,2016,June,25,16,0,2,2,0.0,0,BB,PRT,Groups,TA/TO,0,0,0,A,A,0,Non Refund,1.0,0,Transient,62.0,0,0
City Hotel,1,344,2016,June,25,16,0,2,2,0.0,0,BB,PRT,Groups,TA/TO,0,0,0,A,A,0,Non Refund,1.0,0,Transient,62.0,0,0
City Hotel,1,344,2016,June,25,16,0,2,2,0.0,0,BB,PRT,Groups,TA/TO,0,0,0,A,A,0,Non Refund,1.0,0,Transient,62.0,0,0
City Hotel,1,344,2016,June,25,16,0,2,2,0.0,0,BB,PRT,Groups,TA/TO,0,0,0,A,A,0,Non Refund,1.0,0,Transient,62.0,0,0
City Hotel,1,344,2016,June,25,16,0,2,2,0.0,0,BB,PRT,Groups,TA/TO,0,0,0,A,A,0,Non Refund,1.0,0,Transient,62.0,0,0
City Hotel,1,344,2016,June,25,16,0,2,2,0.0,0,BB,PRT,Groups,TA/TO,0,0,0,A,A,0,Non Refund,1.0,0,Transient,62.0,0,0
City Hotel,1,344,2016,June,25,16,0,2,2,0.0,0,BB,PRT,Groups,TA/TO,0,0,0,A,A,0,Non Refund,1.0,0,Transient,62.0,0,0
City Hotel,1,344,2016,June,25,16,0,2,2,0.0,0,BB,PRT,Groups,TA/TO,0,0,0,A,A,0,Non Refund,1.0,0,Transient,62.0,0,0
City Hotel,1,344,2016,June,25,16,0,2,2,0.0,0,BB,PRT,Groups,TA/TO,0,0,0,A,A,0,Non Refund,1.0,0,Transient,62.0,0,0
City Hotel,1,344,2016,June,25,16,0,2,2,0.0,0,BB,PRT,Groups,TA/TO,0,0,0,A,A,0,Non Refund,1.0,0,Transient,62.0,0,0
City Hotel,1,344,2016,June,25,16,0,2,2,0.0,0,BB,PRT,Groups,TA/TO,0,0,0,A,A,0,Non Refund,1.0,0,Transient,62.0,0,0
City Hotel,1,344,2016,June,25,16,0,2,2,0.0,0,BB,PRT,Groups,TA/TO,0,0,0,A,A,0,Non Refund,1.0,0,Transient,62.0,0,0
City Hotel,1,344,2016,June,25,16,0,2,2,0.0,0,BB,PRT,Groups,TA/TO,0,0,0,A,A,0,Non Refund,1.0,0,Transient,62.0,0,0
City Hotel,1,150,2016,June,25,16,0,3,2,0.0,0,BB,PRT,Offline TA/TO,TA/TO,0,0,0,A,A,0,No Deposit,12.0,0,Transient-Party,96.0,0,0
City Hotel,1,10,2016,June,25,16,0,3,2,0.0,0,SC,CN,Online TA,TA/TO,0,0,0,A,A,0,No Deposit,9.0,0,Transient,129.0,0,1
City Hotel,1,150,2016,June,25,16,0,3,2,0.0,0,BB,PRT,Offline TA/TO,TA/TO,0,0,0,A,A,0,No Deposit,12.0,0,Transient-Party,96.0,0,0
City Hotel,1,47,2016,June,25,16,1,3,2,0.0,0,BB,NLD,Online TA,TA/TO,0,0,0,D,D,2,No Deposit,9.0,0,Transient,140.4,0,0
City Hotel,1,76,2016,June,25,16,2,3,2,0.0,0,BB,GBR,Online TA,TA/TO,0,0,0,D,D,0,No Deposit,9.0,0,Transient,145.8,0,0
City Hotel,1,7,2016,June,25,16,2,4,2,0.0,0,BB,LBN,Online TA,TA/TO,0,0,0,D,D,0,No Deposit,9.0,0,Transient,156.0,0,1
City Hotel,1,166,2016,June,25,16,2,5,2,0.0,0,BB,DEU,Online TA,TA/TO,0,0,0,D,D,0,No Deposit,9.0,0,Transient,117.18,0,0
City Hotel,1,151,2016,June,25,16,2,5,2,0.0,0,BB,DEU,Online TA,TA/TO,0,0,0,D,D,0,No Deposit,9.0,0,Transient,119.97,0,0
City Hotel,1,66,2016,June,25,17,0,1,2,0.0,0,BB,PRT,Online TA,TA/TO,0,0,0,D,D,0,No Deposit,7.0,0,Transient,108.11,0,0
City Hotel,1,245,2016,June,25,17,0,2,2,0.0,0,BB,PRT,Offline TA/TO,TA/TO,0,0,0,A,A,0,Non Refund,12.0,0,Transient,75.0,0,0
City Hotel,1,245,2016,June,25,17,0,2,2,0.0,0,BB,PRT,Offline TA/TO,TA/TO,0,0,0,A,A,0,Non Refund,12.0,0,Transient,75.0,0,0
City Hotel,1,245,2016,June,25,17,0,2,2,0.0,0,BB,PRT,Offline TA/TO,TA/TO,0,0,0,A,A,0,Non Refund,12.0,0,Transient,75.0,0,0
City Hotel,1,245,2016,June,25,17,0,2,2,0.0,0,BB,PRT,Offline TA/TO,TA/TO,0,0,0,A,A,0,Non Refund,12.0,0,Transient,75.0,0,0
City Hotel,1,245,2016,June,25,17,0,2,2,0.0,0,BB,PRT,Offline TA/TO,TA/TO,0,0,0,A,A,0,Non Refund,12.0,0,Transient,75.0,0,0
City Hotel,1,245,2016,June,25,17,0,2,2,0.0,0,BB,PRT,Offline TA/TO,TA/TO,0,0,0,A,A,0,Non Refund,12.0,0,Transient,75.0,0,0
City Hotel,1,245,2016,June,25,17,0,2,2,0.0,0,BB,PRT,Offline TA/TO,TA/TO,0,0,0,A,A,0,Non Refund,12.0,0,Transient,75.0,0,0
City Hotel,1,245,2016,June,25,17,0,2,2,0.0,0,BB,PRT,Offline TA/TO,TA/TO,0,0,0,A,A,0,Non Refund,12.0,0,Transient,75.0,0,0
City Hotel,1,113,2016,June,25,17,0,2,2,0.0,0,BB,GBR,Online TA,TA/TO,0,0,0,A,A,0,No Deposit,9.0,0,Transient,126.9,0,0
City Hotel,1,350,2016,June,25,17,0,2,2,0.0,0,BB,PRT,Groups,TA/TO,0,0,0,A,A,0,Non Refund,29.0,0,Transient,140.0,0,0
City Hotel,1,245,2016,June,25,17,0,2,2,0.0,0,BB,PRT,Offline TA/TO,TA/TO,0,0,0,A,A,0,Non Refund,12.0,0,Transient,75.0,0,0
City Hotel,1,350,2016,June,25,17,0,2,2,0.0,0,BB,PRT,Groups,TA/TO,0,0,0,A,A,0,Non Refund,29.0,0,Transient,140.0,0,0
City Hotel,1,350,2016,June,25,17,0,2,2,0.0,0,BB,PRT,Groups,TA/TO,0,0,0,A,A,0,Non Refund,29.0,0,Transient,140.0,0,0
City Hotel,1,350,2016,June,25,17,0,2,2,0.0,0,BB,PRT,Groups,TA/TO,0,0,0,A,A,0,Non Refund,29.0,0,Transient,140.0,0,0
City Hotel,1,245,2016,June,25,17,0,2,2,0.0,0,BB,PRT,Offline TA/TO,TA/TO,0,0,0,A,A,0,Non Refund,12.0,0,Transient,75.0,0,0
City Hotel,1,245,2016,June,25,17,0,2,2,0.0,0,BB,PRT,Offline TA/TO,TA/TO,0,0,0,A,A,0,Non Refund,12.0,0,Transient,75.0,0,0
City Hotel,1,245,2016,June,25,17,0,2,2,0.0,0,BB,PRT,Offline TA/TO,TA/TO,0,0,0,A,A,0,Non Refund,12.0,0,Transient,75.0,0,0
City Hotel,1,245,2016,June,25,17,0,2,2,0.0,0,BB,PRT,Offline TA/TO,TA/TO,0,0,0,A,A,0,Non Refund,12.0,0,Transient,75.0,0,0
City Hotel,1,245,2016,June,25,17,0,2,2,0.0,0,BB,PRT,Offline TA/TO,TA/TO,0,0,0,A,A,0,Non Refund,12.0,0,Transient,75.0,0,0
City Hotel,1,350,2016,June,25,17,0,2,2,0.0,0,BB,PRT,Groups,TA/TO,0,0,0,A,A,0,Non Refund,29.0,0,Transient,140.0,0,0
City Hotel,1,350,2016,June,25,17,0,2,2,0.0,0,BB,PRT,Groups,TA/TO,0,0,0,A,A,0,Non Refund,29.0,0,Transient,140.0,0,0
City Hotel,1,350,2016,June,25,17,0,2,2,0.0,0,BB,PRT,Groups,TA/TO,0,0,0,A,A,0,Non Refund,29.0,0,Transient,140.0,0,0
City Hotel,1,350,2016,June,25,17,0,2,2,0.0,0,BB,PRT,Groups,TA/TO,0,0,0,A,A,0,Non Refund,29.0,0,Transient,140.0,0,0
City Hotel,1,350,2016,June,25,17,0,2,2,0.0,0,BB,PRT,Groups,TA/TO,0,0,0,A,A,0,Non Refund,29.0,0,Transient,140.0,0,0
City Hotel,1,350,2016,June,25,17,0,2,2,0.0,0,BB,PRT,Groups,TA/TO,0,0,0,A,A,0,Non Refund,29.0,0,Transient,140.0,0,0
City Hotel,1,350,2016,June,25,17,0,2,2,0.0,0,BB,PRT,Groups,TA/TO,0,0,0,A,A,0,Non Refund,29.0,0,Transient,140.0,0,0
City Hotel,1,350,2016,June,25,17,0,2,2,0.0,0,BB,PRT,Groups,TA/TO,0,0,0,A,A,0,Non Refund,29.0,0,Transient,140.0,0,0
City Hotel,1,245,2016,June,25,17,0,2,2,0.0,0,BB,PRT,Offline TA/TO,TA/TO,0,0,0,A,A,0,Non Refund,12.0,0,Transient,75.0,0,0
City Hotel,1,245,2016,June,25,17,0,2,2,0.0,0,BB,PRT,Offline TA/TO,TA/TO,0,0,0,A,A,0,Non Refund,12.0,0,Transient,75.0,0,0
City Hotel,1,245,2016,June,25,17,0,2,2,0.0,0,BB,PRT,Offline TA/TO,TA/TO,0,0,0,A,A,0,Non Refund,12.0,0,Transient,75.0,0,0
City Hotel,1,350,2016,June,25,17,0,2,2,0.0,0,BB,PRT,Groups,TA/TO,0,0,0,A,A,0,Non Refund,29.0,0,Transient,140.0,0,0
City Hotel,1,350,2016,June,25,17,0,2,2,0.0,0,BB,PRT,Groups,TA/TO,0,0,0,A,A,0,Non Refund,29.0,0,Transient,140.0,0,0
City Hotel,1,245,2016,June,25,17,0,2,2,0.0,0,BB,PRT,Offline TA/TO,TA/TO,0,0,0,A,A,0,Non Refund,12.0,0,Transient,75.0,0,0
City Hotel,1,245,2016,June,25,17,0,2,2,0.0,0,BB,PRT,Offline TA/TO,TA/TO,0,0,0,A,A,0,Non Refund,12.0,0,Transient,75.0,0,0
City Hotel,1,245,2016,June,25,17,0,2,2,0.0,0,BB,PRT,Offline TA/TO,TA/TO,0,0,0,A,A,0,Non Refund,12.0,0,Transient,75.0,0,0
City Hotel,1,245,2016,June,25,17,0,2,2,0.0,0,BB,PRT,Offline TA/TO,TA/TO,0,0,0,A,A,0,Non Refund,12.0,0,Transient,75.0,0,0
City Hotel,1,245,2016,June,25,17,0,2,2,0.0,0,BB,PRT,Offline TA/TO,TA/TO,0,0,0,A,A,0,Non Refund,12.0,0,Transient,75.0,0,0
City Hotel,1,350,2016,June,25,17,0,2,2,0.0,0,BB,PRT,Groups,TA/TO,0,0,0,A,A,0,Non Refund,29.0,0,Transient,140.0,0,0
City Hotel,1,350,2016,June,25,17,0,2,2,0.0,0,BB,PRT,Groups,TA/TO,0,0,0,A,A,0,Non Refund,29.0,0,Transient,140.0,0,0
City Hotel,1,61,2016,June,25,17,0,2,2,0.0,0,BB,SWE,Online TA,TA/TO,0,0,0,D,D,0,No Deposit,9.0,0,Transient,140.4,0,0
City Hotel,1,350,2016,June,25,17,0,2,2,0.0,0,BB,PRT,Groups,TA/TO,0,0,0,A,A,0,Non Refund,29.0,0,Transient,140.0,0,0
City Hotel,1,350,2016,June,25,17,0,2,2,0.0,0,BB,PRT,Groups,TA/TO,0,0,0,A,A,0,Non Refund,29.0,0,Transient,140.0,0,0
City Hotel,1,350,2016,June,25,17,0,2,2,0.0,0,BB,PRT,Groups,TA/TO,0,0,0,A,A,0,Non Refund,29.0,0,Transient,140.0,0,0
City Hotel,1,350,2016,June,25,17,0,2,2,0.0,0,BB,PRT,Groups,TA/TO,0,0,0,A,A,0,Non Refund,29.0,0,Transient,140.0,0,0
City Hotel,1,350,2016,June,25,17,0,2,2,0.0,0,BB,PRT,Groups,TA/TO,0,0,0,A,A,0,Non Refund,29.0,0,Transient,140.0,0,0
City Hotel,1,350,2016,June,25,17,0,2,2,0.0,0,BB,PRT,Groups,TA/TO,0,0,0,A,A,0,Non Refund,29.0,0,Transient,140.0,0,0
City Hotel,1,11,2016,June,25,17,0,2,2,0.0,0,BB,ESP,Online TA,TA/TO,0,0,0,A,A,0,No Deposit,9.0,0,Transient,141.0,0,1
City Hotel,1,77,2016,June,25,17,0,2,2,0.0,0,SC,HKG,Online TA,TA/TO,0,0,0,A,A,0,No Deposit,9.0,0,Transient,116.1,0,0
City Hotel,1,18,2016,June,25,17,0,2,2,0.0,0,BB,AUT,Online TA,TA/TO,0,0,0,A,A,0,No Deposit,9.0,0,Transient,150.0,0,0
City Hotel,1,350,2016,June,25,17,0,2,2,0.0,0,BB,PRT,Groups,TA/TO,0,0,0,A,A,0,Non Refund,29.0,0,Transient,140.0,0,0
City Hotel,1,350,2016,June,25,17,0,2,2,0.0,0,BB,PRT,Groups,TA/TO,0,0,0,A,A,0,Non Refund,29.0,0,Transient,140.0,0,0
City Hotel,1,245,2016,June,25,17,0,2,2,0.0,0,BB,PRT,Offline TA/TO,TA/TO,0,0,0,A,A,0,Non Refund,12.0,0,Transient,75.0,0,0
City Hotel,1,245,2016,June,25,17,0,2,2,0.0,0,BB,PRT,Offline TA/TO,TA/TO,0,0,0,A,A,0,Non Refund,12.0,0,Transient,75.0,0,0
City Hotel,1,245,2016,June,25,17,0,2,2,0.0,0,BB,PRT,Offline TA/TO,TA/TO,0,0,0,A,A,0,Non Refund,12.0,0,Transient,75.0,0,0
City Hotel,1,245,2016,June,25,17,0,2,2,0.0,0,BB,PRT,Offline TA/TO,TA/TO,0,0,0,A,A,0,Non Refund,12.0,0,Transient,75.0,0,0
City Hotel,1,245,2016,June,25,17,0,2,2,0.0,0,BB,PRT,Offline TA/TO,TA/TO,0,0,0,A,A,0,Non Refund,12.0,0,Transient,75.0,0,0
City Hotel,1,101,2016,June,25,17,0,2,2,0.0,0,BB,PRT,Offline TA/TO,TA/TO,0,0,0,A,A,0,No Deposit,83.0,0,Transient,95.88,0,0
City Hotel,1,245,2016,June,25,17,0,2,2,0.0,0,BB,PRT,Offline TA/TO,TA/TO,0,0,0,A,A,0,Non Refund,12.0,0,Transient,75.0,0,0
City Hotel,1,245,2016,June,25,17,0,2,2,0.0,0,BB,PRT,Offline TA/TO,TA/TO,0,0,0,A,A,0,Non Refund,12.0,0,Transient,75.0,0,0
City Hotel,1,245,2016,June,25,17,0,2,2,0.0,0,BB,PRT,Offline TA/TO,TA/TO,0,0,0,A,A,0,Non Refund,12.0,0,Transient,75.0,0,0
City Hotel,1,350,2016,June,25,17,0,2,2,0.0,0,BB,PRT,Groups,TA/TO,0,0,0,A,A,0,Non Refund,29.0,0,Transient,140.0,0,0
City Hotel,1,350,2016,June,25,17,0,2,2,0.0,0,BB,PRT,Groups,TA/TO,0,0,0,A,A,0,Non Refund,29.0,0,Transient,140.0,0,0
City Hotel,1,350,2016,June,25,17,0,2,2,0.0,0,BB,PRT,Groups,TA/TO,0,0,0,A,A,0,Non Refund,29.0,0,Transient,140.0,0,0
City Hotel,1,37,2016,June,25,17,0,2,2,0.0,0,HB,PRT,Offline TA/TO,TA/TO,0,0,0,E,E,0,No Deposit,42.0,0,Transient,134.1,0,1
City Hotel,1,245,2016,June,25,17,0,2,2,0.0,0,BB,PRT,Offline TA/TO,TA/TO,0,0,0,A,A,0,Non Refund,12.0,0,Transient,75.0,0,0
City Hotel,1,245,2016,June,25,17,0,2,2,0.0,0,BB,PRT,Offline TA/TO,TA/TO,0,0,0,A,A,0,Non Refund,12.0,0,Transient,75.0,0,0
City Hotel,1,245,2016,June,25,17,0,2,2,0.0,0,BB,PRT,Offline TA/TO,TA/TO,0,0,0,A,A,0,Non Refund,12.0,0,Transient,75.0,0,0
City Hotel,1,245,2016,June,25,17,0,2,2,0.0,0,BB,PRT,Offline TA/TO,TA/TO,0,0,0,A,A,0,Non Refund,12.0,0,Transient,75.0,0,0
City Hotel,1,101,2016,June,25,17,0,2,2,0.0,0,BB,PRT,Offline TA/TO,TA/TO,0,0,0,A,A,0,No Deposit,83.0,0,Transient,95.88,0,0
City Hotel,1,101,2016,June,25,17,0,2,2,0.0,0,BB,PRT,Offline TA/TO,TA/TO,0,0,0,A,A,0,No Deposit,83.0,0,Transient,95.88,0,0
City Hotel,1,350,2016,June,25,17,0,2,2,0.0,0,BB,PRT,Groups,TA/TO,0,0,0,A,A,0,Non Refund,29.0,0,Transient,140.0,0,0
City Hotel,1,350,2016,June,25,17,0,2,2,0.0,0,BB,PRT,Groups,TA/TO,0,0,0,A,A,0,Non Refund,29.0,0,Transient,140.0,0,0
City Hotel,1,350,2016,June,25,17,0,2,2,0.0,0,BB,PRT,Groups,TA/TO,0,0,0,A,A,0,Non Refund,29.0,0,Transient,140.0,0,0
City Hotel,1,350,2016,June,25,17,0,2,2,0.0,0,BB,PRT,Groups,TA/TO,0,0,0,A,A,0,Non Refund,29.0,0,Transient,140.0,0,0
City Hotel,1,63,2016,June,25,17,0,2,2,0.0,0,SC,GBR,Online TA,TA/TO,0,0,0,A,A,0,No Deposit,9.0,0,Transient,116.1,0,0
City Hotel,1,101,2016,June,25,17,0,2,2,0.0,0,BB,PRT,Offline TA/TO,TA/TO,0,0,0,A,A,0,No Deposit,83.0,0,Transient,95.88,0,0
City Hotel,1,245,2016,June,25,17,0,2,2,0.0,0,BB,PRT,Offline TA/TO,TA/TO,0,0,0,A,A,0,Non Refund,12.0,0,Transient,75.0,0,0
City Hotel,1,245,2016,June,25,17,0,2,2,0.0,0,BB,PRT,Offline TA/TO,TA/TO,0,0,0,A,A,0,Non Refund,12.0,0,Transient,75.0,0,0
City Hotel,1,245,2016,June,25,17,0,2,2,0.0,0,BB,PRT,Offline TA/TO,TA/TO,0,0,0,A,A,0,Non Refund,12.0,0,Transient,75.0,0,0
City Hotel,1,245,2016,June,25,17,0,2,2,0.0,0,BB,PRT,Offline TA/TO,TA/TO,0,0,0,A,A,0,Non Refund,12.0,0,Transient,75.0,0,0
City Hotel,1,350,2016,June,25,17,0,2,2,0.0,0,BB,PRT,Groups,TA/TO,0,0,0,A,A,0,Non Refund,29.0,0,Transient,140.0,0,0
City Hotel,1,350,2016,June,25,17,0,2,2,0.0,0,BB,PRT,Groups,TA/TO,0,0,0,A,A,0,Non Refund,29.0,0,Transient,140.0,0,0
City Hotel,1,350,2016,June,25,17,0,2,2,0.0,0,BB,PRT,Groups,TA/TO,0,0,0,A,A,0,Non Refund,29.0,0,Transient,140.0,0,0
City Hotel,1,350,2016,June,25,17,0,2,2,0.0,0,BB,PRT,Groups,TA/TO,0,0,0,A,A,0,Non Refund,29.0,0,Transient,140.0,0,0
City Hotel,1,148,2016,June,25,17,0,2,2,0.0,0,SC,GBR,Online TA,TA/TO,0,0,0,A,A,0,No Deposit,9.0,0,Transient,116.1,0,0
City Hotel,1,245,2016,June,25,17,0,2,2,0.0,0,BB,PRT,Offline TA/TO,TA/TO,0,0,0,A,A,0,Non Refund,12.0,0,Transient,75.0,0,0
City Hotel,1,245,2016,June,25,17,0,2,2,0.0,0,BB,PRT,Offline TA/TO,TA/TO,0,0,0,A,A,0,Non Refund,12.0,0,Transient,75.0,0,0
City Hotel,1,245,2016,June,25,17,0,2,2,0.0,0,BB,PRT,Offline TA/TO,TA/TO,0,0,0,A,A,0,Non Refund,12.0,0,Transient,75.0,0,0
City Hotel,1,245,2016,June,25,17,0,2,2,0.0,0,BB,PRT,Offline TA/TO,TA/TO,0,0,0,A,A,0,Non Refund,12.0,0,Transient,75.0,0,0
City Hotel,1,245,2016,June,25,17,0,2,2,0.0,0,BB,PRT,Offline TA/TO,TA/TO,0,0,0,A,A,0,Non Refund,12.0,0,Transient,75.0,0,0
City Hotel,1,41,2016,June,25,17,0,2,2,0.0,0,BB,FRA,Online TA,TA/TO,0,0,0,D,D,0,No Deposit,9.0,0,Transient,142.2,0,0
City Hotel,1,350,2016,June,25,17,0,2,2,0.0,0,BB,PRT,Groups,TA/TO,0,0,0,A,A,0,Non Refund,29.0,0,Transient,140.0,0,0
City Hotel,1,350,2016,June,25,17,0,2,2,0.0,0,BB,PRT,Groups,TA/TO,0,0,0,A,A,0,Non Refund,29.0,0,Transient,140.0,0,0
City Hotel,1,350,2016,June,25,17,0,2,2,0.0,0,BB,PRT,Groups,TA/TO,0,0,0,A,A,0,Non Refund,29.0,0,Transient,140.0,0,0
City Hotel,1,350,2016,June,25,17,0,2,2,0.0,0,BB,PRT,Groups,TA/TO,0,0,0,A,A,0,Non Refund,29.0,0,Transient,140.0,0,0
City Hotel,1,350,2016,June,25,17,0,2,2,0.0,0,BB,PRT,Groups,TA/TO,0,0,0,A,A,0,Non Refund,29.0,0,Transient,140.0,0,0
City Hotel,1,245,2016,June,25,17,0,2,2,0.0,0,BB,PRT,Offline TA/TO,TA/TO,0,0,0,A,A,0,Non Refund,12.0,0,Transient,75.0,0,0
City Hotel,1,245,2016,June,25,17,0,2,2,0.0,0,BB,PRT,Offline TA/TO,TA/TO,0,0,0,A,A,0,Non Refund,12.0,0,Transient,75.0,0,0
City Hotel,1,245,2016,June,25,17,0,2,2,0.0,0,BB,PRT,Offline TA/TO,TA/TO,0,0,0,A,A,0,Non Refund,12.0,0,Transient,75.0,0,0
City Hotel,1,245,2016,June,25,17,0,2,2,0.0,0,BB,PRT,Offline TA/TO,TA/TO,0,0,0,A,A,0,Non Refund,12.0,0,Transient,75.0,0,0
City Hotel,1,350,2016,June,25,17,0,2,2,0.0,0,BB,PRT,Groups,TA/TO,0,0,0,A,A,0,Non Refund,29.0,0,Transient,140.0,0,0
City Hotel,1,350,2016,June,25,17,0,2,2,0.0,0,BB,PRT,Groups,TA/TO,0,0,0,A,A,0,Non Refund,29.0,0,Transient,140.0,0,0
City Hotel,1,350,2016,June,25,17,0,2,2,0.0,0,BB,PRT,Groups,TA/TO,0,0,0,A,A,0,Non Refund,29.0,0,Transient,140.0,0,0
City Hotel,1,350,2016,June,25,17,0,2,2,0.0,0,BB,PRT,Groups,TA/TO,0,0,0,A,A,0,Non Refund,29.0,0,Transient,140.0,0,0
City Hotel,1,350,2016,June,25,17,0,2,2,0.0,0,BB,PRT,Groups,TA/TO,0,0,0,A,A,0,Non Refund,29.0,0,Transient,140.0,0,0
City Hotel,1,245,2016,June,25,17,0,2,2,0.0,0,BB,PRT,Offline TA/TO,TA/TO,0,0,0,A,A,0,Non Refund,12.0,0,Transient,75.0,0,0
City Hotel,1,245,2016,June,25,17,0,2,2,0.0,0,BB,PRT,Offline TA/TO,TA/TO,0,0,0,A,A,0,Non Refund,12.0,0,Transient,75.0,0,0
City Hotel,1,245,2016,June,25,17,0,2,2,0.0,0,BB,PRT,Offline TA/TO,TA/TO,0,0,0,A,A,0,Non Refund,12.0,0,Transient,75.0,0,0
City Hotel,1,245,2016,June,25,17,0,2,2,0.0,0,BB,PRT,Offline TA/TO,TA/TO,0,0,0,A,A,0,Non Refund,12.0,0,Transient,75.0,0,0
City Hotel,1,245,2016,June,25,17,0,2,2,0.0,0,BB,PRT,Offline TA/TO,TA/TO,0,0,0,A,A,0,Non Refund,12.0,0,Transient,75.0,0,0
City Hotel,1,350,2016,June,25,17,0,2,2,0.0,0,BB,PRT,Groups,TA/TO,0,0,0,A,A,0,Non Refund,29.0,0,Transient,140.0,0,0
City Hotel,1,350,2016,June,25,17,0,2,2,0.0,0,BB,PRT,Groups,TA/TO,0,0,0,A,A,0,Non Refund,29.0,0,Transient,140.0,0,0
City Hotel,1,350,2016,June,25,17,0,2,2,0.0,0,BB,PRT,Groups,TA/TO,0,0,0,A,A,0,Non Refund,29.0,0,Transient,140.0,0,0
City Hotel,1,350,2016,June,25,17,0,2,2,0.0,0,BB,PRT,Groups,TA/TO,0,0,0,A,A,0,Non Refund,29.0,0,Transient,140.0,0,0
City Hotel,1,350,2016,June,25,17,0,2,2,0.0,0,BB,PRT,Groups,TA/TO,0,0,0,A,A,0,Non Refund,29.0,0,Transient,140.0,0,0
City Hotel,1,290,2016,June,25,17,1,2,2,0.0,0,BB,PRT,Offline TA/TO,TA/TO,0,0,0,A,A,0,No Deposit,3.0,108,Transient-Party,72.0,0,0
City Hotel,1,290,2016,June,25,17,1,2,2,0.0,0,BB,PRT,Offline TA/TO,TA/TO,0,0,0,A,A,0,No Deposit,3.0,108,Transient-Party,72.0,0,0
City Hotel,1,77,2016,June,25,17,0,2,2,0.0,0,SC,HKG,Online TA,TA/TO,0,0,0,A,A,0,No Deposit,9.0,0,Transient,116.1,0,0
City Hotel,1,37,2016,June,25,17,0,2,2,0.0,0,HB,PRT,Offline TA/TO,TA/TO,0,0,0,E,E,0,No Deposit,42.0,0,Transient,134.1,0,1
City Hotel,1,88,2016,June,25,17,0,2,2,0.0,0,SC,NLD,Online TA,TA/TO,0,0,0,A,A,0,No Deposit,9.0,0,Transient,116.1,0,0
City Hotel,1,66,2016,June,25,17,1,2,2,0.0,0,BB,DEU,Online TA,TA/TO,0,0,0,A,A,0,No Deposit,9.0,0,Transient,126.9,0,0
City Hotel,0,290,2016,June,25,17,1,2,2,0.0,0,BB,FRA,Offline TA/TO,TA/TO,0,0,0,A,D,1,No Deposit,3.0,108,Transient-Party,72.0,0,0
City Hotel,1,290,2016,June,25,17,1,2,2,0.0,0,BB,PRT,Offline TA/TO,TA/TO,0,0,0,A,A,0,No Deposit,3.0,108,Transient-Party,72.0,0,0
City Hotel,1,290,2016,June,25,17,1,2,2,0.0,0,BB,PRT,Offline TA/TO,TA/TO,0,0,0,A,A,0,No Deposit,3.0,108,Transient-Party,72.0,0,0
City Hotel,1,290,2016,June,25,17,1,2,2,0.0,0,BB,PRT,Offline TA/TO,TA/TO,0,0,0,A,A,0,No Deposit,3.0,108,Transient-Party,72.0,0,0
City Hotel,1,290,2016,June,25,17,1,2,2,0.0,0,BB,PRT,Offline TA/TO,TA/TO,0,0,0,A,A,0,No Deposit,3.0,108,Transient-Party,72.0,0,0
City Hotel,0,290,2016,June,25,17,1,2,2,0.0,0,BB,PRT,Offline TA/TO,TA/TO,0,0,0,A,D,0,No Deposit,3.0,108,Transient-Party,72.0,0,1
City Hotel,1,290,2016,June,25,17,1,2,2,0.0,0,BB,PRT,Offline TA/TO,TA/TO,0,0,0,A,A,0,No Deposit,3.0,108,Transient-Party,72.0,0,0
City Hotel,1,61,2016,June,25,17,1,2,2,0.0,0,BB,GBR,Online TA,TA/TO,0,0,0,A,A,0,No Deposit,9.0,0,Transient,126.9,0,0
City Hotel,1,290,2016,June,25,17,1,2,2,0.0,0,BB,PRT,Offline TA/TO,TA/TO,0,0,0,A,A,0,No Deposit,3.0,108,Transient-Party,72.0,0,0
City Hotel,1,16,2016,June,25,17,1,2,2,0.0,0,SC,NLD,Online TA,TA/TO,0,0,0,A,A,2,No Deposit,9.0,0,Transient,129.0,0,0
City Hotel,1,290,2016,June,25,17,1,2,2,0.0,0,BB,PRT,Offline TA/TO,TA/TO,0,0,0,A,A,0,No Deposit,3.0,108,Transient-Party,72.0,0,0
City Hotel,1,290,2016,June,25,17,1,2,2,0.0,0,BB,PRT,Offline TA/TO,TA/TO,0,0,0,A,A,0,No Deposit,3.0,108,Transient-Party,72.0,0,0
City Hotel,0,290,2016,June,25,17,1,2,2,0.0,0,BB,PRT,Offline TA/TO,TA/TO,0,0,0,A,A,0,No Deposit,3.0,108,Transient-Party,72.0,0,0
City Hotel,1,290,2016,June,25,17,1,2,2,0.0,0,BB,PRT,Offline TA/TO,TA/TO,0,0,0,A,A,0,No Deposit,3.0,108,Transient-Party,72.0,0,0
City Hotel,1,9,2016,June,25,17,1,2,2,0.0,0,SC,FRA,Online TA,TA/TO,0,0,0,A,A,0,No Deposit,9.0,0,Transient,129.0,0,1
City Hotel,0,290,2016,June,25,17,1,2,2,0.0,0,BB,FRA,Offline TA/TO,TA/TO,0,0,0,A,A,0,No Deposit,3.0,108,Transient-Party,72.0,0,1
City Hotel,0,290,2016,June,25,17,1,2,2,0.0,0,BB,FRA,Offline TA/TO,TA/TO,0,0,0,A,A,0,No Deposit,3.0,108,Transient-Party,72.0,0,1
City Hotel,1,290,2016,June,25,17,1,2,2,0.0,0,BB,PRT,Offline TA/TO,TA/TO,0,0,0,A,A,0,No Deposit,3.0,108,Transient-Party,72.0,0,0
City Hotel,0,290,2016,June,25,17,1,2,2,0.0,0,BB,FRA,Offline TA/TO,TA/TO,0,0,0,A,A,0,No Deposit,3.0,108,Transient-Party,72.0,0,1
City Hotel,1,45,2016,June,25,17,2,2,2,0.0,0,BB,PRT,Direct,Direct,0,0,0,B,B,0,No Deposit,,0,Transient-Party,119.22,0,1
City Hotel,1,71,2016,June,25,17,2,2,2,0.0,0,BB,PRT,Offline TA/TO,TA/TO,0,0,0,A,A,0,No Deposit,3.0,0,Transient-Party,80.75,0,1
City Hotel,1,161,2016,June,25,17,2,5,2,0.0,0,SC,IRL,Online TA,TA/TO,0,0,0,A,A,0,No Deposit,9.0,0,Transient,95.69,0,2
City Hotel,1,91,2016,June,25,18,1,1,2,0.0,0,SC,FRA,Online TA,TA/TO,0,0,0,A,A,0,No Deposit,9.0,0,Transient,116.1,0,0
City Hotel,1,91,2016,June,25,18,1,1,2,0.0,0,SC,FRA,Online TA,TA/TO,0,0,0,A,A,0,No Deposit,9.0,0,Transient,116.1,0,0
City Hotel,1,156,2016,June,25,18,1,1,2,0.0,0,HB,PRT,Groups,TA/TO,0,0,0,A,A,0,Non Refund,1.0,0,Transient,96.0,0,0
City Hotel,1,156,2016,June,25,18,1,1,2,0.0,0,HB,PRT,Groups,TA/TO,0,0,0,A,A,0,Non Refund,1.0,0,Transient,96.0,0,0
City Hotel,1,156,2016,June,25,18,1,1,2,0.0,0,HB,PRT,Groups,TA/TO,0,0,0,A,A,0,Non Refund,1.0,0,Transient,96.0,0,0
City Hotel,1,91,2016,June,25,18,1,1,2,0.0,0,SC,FRA,Online TA,TA/TO,0,0,0,A,A,0,No Deposit,9.0,0,Transient,116.1,0,0
City Hotel,1,44,2016,June,25,18,1,1,2,0.0,0,BB,PRT,Offline TA/TO,TA/TO,0,0,0,D,D,0,No Deposit,6.0,0,Transient,96.3,0,0
City Hotel,1,156,2016,June,25,18,1,1,2,0.0,0,HB,PRT,Groups,TA/TO,0,0,0,A,A,0,Non Refund,1.0,0,Transient,96.0,0,0
City Hotel,1,156,2016,June,25,18,1,1,2,0.0,0,HB,PRT,Groups,TA/TO,0,0,0,A,A,0,Non Refund,1.0,0,Transient,96.0,0,0
City Hotel,1,156,2016,June,25,18,1,1,2,0.0,0,HB,PRT,Groups,TA/TO,0,0,0,A,A,0,Non Refund,1.0,0,Transient,96.0,0,0
City Hotel,1,156,2016,June,25,18,1,1,2,0.0,0,HB,PRT,Groups,TA/TO,0,0,0,A,A,0,Non Refund,1.0,0,Transient,96.0,0,0
City Hotel,1,156,2016,June,25,18,1,1,2,0.0,0,HB,PRT,Groups,TA/TO,0,0,0,A,A,0,Non Refund,1.0,0,Transient,96.0,0,0
City Hotel,0,168,2016,June,25,18,1,1,2,0.0,0,BB,PRT,Online TA,TA/TO,0,0,0,A,A,0,No Deposit,9.0,0,Transient,116.55,0,2
City Hotel,1,91,2016,June,25,18,1,1,2,0.0,0,SC,FRA,Online TA,TA/TO,0,0,0,A,A,0,No Deposit,9.0,0,Transient,116.1,0,0
City Hotel,1,58,2016,June,25,18,1,1,2,0.0,0,SC,GBR,Online TA,TA/TO,0,0,0,A,A,0,No Deposit,9.0,0,Transient,116.1,0,0
City Hotel,1,156,2016,June,25,18,1,1,2,0.0,0,HB,PRT,Groups,TA/TO,0,0,0,A,A,0,Non Refund,1.0,0,Transient,96.0,0,0
City Hotel,1,44,2016,June,25,18,1,1,2,0.0,0,BB,PRT,Offline TA/TO,TA/TO,0,0,0,D,D,0,No Deposit,6.0,0,Transient,96.3,0,0
City Hotel,1,156,2016,June,25,18,1,1,2,0.0,0,HB,PRT,Groups,TA/TO,0,0,0,A,A,0,Non Refund,1.0,0,Transient,96.0,0,0
City Hotel,1,68,2016,June,25,18,2,1,2,0.0,0,BB,ESP,Online TA,TA/TO,0,0,0,A,A,0,No Deposit,7.0,0,Transient,92.83,0,0
City Hotel,1,68,2016,June,25,18,2,1,2,0.0,0,BB,ESP,Online TA,TA/TO,0,0,0,A,A,0,No Deposit,7.0,0,Transient,92.83,0,0
City Hotel,1,25,2016,June,25,18,2,4,2,0.0,0,BB,IRN,Direct,Direct,0,0,0,D,D,0,No Deposit,14.0,0,Transient,142.0,0,0
City Hotel,1,7,2016,June,25,18,2,3,2,0.0,0,BB,BRA,Online TA,TA/TO,0,0,0,D,D,0,No Deposit,9.0,0,Transient,156.0,0,0
City Hotel,1,91,2016,June,26,19,2,1,2,0.0,0,BB,GBR,Online TA,TA/TO,0,0,0,A,A,0,No Deposit,9.0,0,Transient,135.9,0,0
City Hotel,1,34,2016,June,26,19,2,1,2,0.0,0,SC,AUS,Online TA,TA/TO,0,0,0,A,A,0,No Deposit,9.0,0,Transient,98.1,0,0
City Hotel,1,34,2016,June,26,19,2,1,2,0.0,0,BB,ESP,Online TA,TA/TO,0,0,0,D,D,0,No Deposit,9.0,0,Transient,122.4,0,0
City Hotel,1,34,2016,June,26,19,2,1,2,0.0,0,BB,ESP,Online TA,TA/TO,0,0,0,D,D,0,No Deposit,9.0,0,Transient,122.4,0,0
City Hotel,0,173,2016,June,26,19,2,2,2,0.0,0,BB,AUT,Online TA,TA/TO,0,0,0,A,A,0,No Deposit,7.0,0,Transient,73.37,0,1
City Hotel,1,44,2016,June,26,19,2,2,2,0.0,0,BB,GBR,Online TA,TA/TO,0,0,0,A,A,0,No Deposit,9.0,0,Transient,108.45,0,0
City Hotel,0,173,2016,June,26,19,2,2,2,0.0,0,BB,AUT,Online TA,TA/TO,0,0,0,A,A,0,No Deposit,7.0,0,Transient,73.37,0,1
City Hotel,0,166,2016,June,26,19,2,2,2,0.0,0,BB,ITA,Online TA,TA/TO,0,0,0,A,A,0,No Deposit,9.0,0,Transient-Party,100.3,0,1
City Hotel,1,62,2016,June,26,19,2,2,2,0.0,0,BB,PRT,Online TA,TA/TO,0,0,0,A,A,0,No Deposit,8.0,0,Transient,106.65,0,0
City Hotel,0,166,2016,June,26,19,2,2,2,0.0,0,BB,ITA,Online TA,TA/TO,0,0,0,A,A,0,No Deposit,9.0,0,Transient-Party,100.3,0,1
City Hotel,1,64,2016,June,26,19,2,2,2,0.0,0,SC,GBR,Online TA,TA/TO,0,0,0,A,A,0,No Deposit,9.0,0,Transient,116.1,0,0
City Hotel,1,27,2016,June,26,19,2,3,2,0.0,0,BB,ARE,Online TA,TA/TO,0,0,0,D,D,0,No Deposit,9.0,0,Transient,137.76,0,0
City Hotel,1,152,2016,June,26,19,2,3,2,0.0,0,BB,PRT,Online TA,TA/TO,0,0,0,A,A,0,No Deposit,8.0,0,Transient,108.12,0,0
City Hotel,1,131,2016,June,26,19,2,3,2,0.0,0,BB,PRT,Offline TA/TO,TA/TO,0,0,0,A,A,0,No Deposit,22.0,0,Transient-Party,80.75,0,0
City Hotel,1,131,2016,June,26,19,2,3,2,0.0,0,BB,NLD,Online TA,TA/TO,0,0,0,A,A,0,No Deposit,9.0,0,Transient,115.94,0,0
City Hotel,1,54,2016,June,26,20,1,0,2,0.0,0,BB,FRA,Online TA,TA/TO,0,0,0,A,A,2,No Deposit,9.0,0,Transient,99.9,0,0
City Hotel,1,82,2016,June,26,20,1,1,2,0.0,0,BB,IRL,Online TA,TA/TO,0,0,0,A,A,0,No Deposit,9.0,0,Transient,126.9,0,0
City Hotel,1,31,2016,June,26,20,1,1,2,0.0,0,BB,KOR,Online TA,TA/TO,0,0,0,D,D,0,No Deposit,9.0,0,Transient,107.1,0,0
City Hotel,1,65,2016,June,26,20,1,1,2,0.0,0,BB,DEU,Online TA,TA/TO,0,0,0,A,A,0,No Deposit,9.0,0,Transient,126.9,0,0
City Hotel,1,11,2016,June,26,20,1,1,2,0.0,0,BB,GBR,Online TA,TA/TO,0,0,0,D,D,0,No Deposit,9.0,0,Transient,156.0,0,1
City Hotel,1,62,2016,June,26,20,1,1,2,0.0,0,BB,DEU,Online TA,TA/TO,0,0,0,A,A,0,No Deposit,9.0,0,Transient,99.9,0,0
City Hotel,1,31,2016,June,26,20,1,1,2,0.0,0,BB,KOR,Online TA,TA/TO,0,0,0,D,D,0,No Deposit,9.0,0,Transient,107.1,0,0
City Hotel,1,93,2016,June,26,20,1,1,2,0.0,0,BB,ESP,Online TA,TA/TO,0,0,0,A,A,2,No Deposit,9.0,0,Transient,121.5,0,1
City Hotel,1,31,2016,June,26,20,1,1,2,0.0,0,BB,KOR,Online TA,TA/TO,0,0,0,D,D,0,No Deposit,9.0,0,Transient,107.1,0,0
City Hotel,1,31,2016,June,26,20,1,1,2,0.0,0,BB,KOR,Online TA,TA/TO,0,0,0,F,F,0,No Deposit,9.0,0,Transient,162.35,0,0
City Hotel,1,193,2016,June,26,20,1,2,2,0.0,0,BB,PRT,Offline TA/TO,TA/TO,0,0,0,A,A,0,Non Refund,162.0,39,Transient,120.0,0,0
City Hotel,1,193,2016,June,26,20,1,2,2,0.0,0,BB,PRT,Offline TA/TO,TA/TO,0,0,0,A,A,0,Non Refund,162.0,39,Transient,120.0,0,0
City Hotel,1,193,2016,June,26,20,1,2,2,0.0,0,BB,PRT,Offline TA/TO,TA/TO,0,0,0,A,A,0,Non Refund,162.0,39,Transient,120.0,0,0
City Hotel,1,193,2016,June,26,20,1,2,2,0.0,0,BB,PRT,Offline TA/TO,TA/TO,0,0,0,A,A,0,Non Refund,162.0,39,Transient,120.0,0,0
City Hotel,1,193,2016,June,26,20,1,2,2,0.0,0,BB,PRT,Offline TA/TO,TA/TO,0,0,0,A,A,0,Non Refund,162.0,39,Transient,120.0,0,0
City Hotel,1,193,2016,June,26,20,1,2,2,0.0,0,BB,PRT,Offline TA/TO,TA/TO,0,0,0,A,A,0,Non Refund,162.0,39,Transient,120.0,0,0
City Hotel,1,193,2016,June,26,20,1,2,2,0.0,0,BB,PRT,Offline TA/TO,TA/TO,0,0,0,A,A,0,Non Refund,162.0,39,Transient,120.0,0,0
City Hotel,1,193,2016,June,26,20,1,2,2,0.0,0,BB,PRT,Offline TA/TO,TA/TO,0,0,0,A,A,0,Non Refund,162.0,39,Transient,120.0,0,0
City Hotel,1,193,2016,June,26,20,1,2,2,0.0,0,BB,PRT,Offline TA/TO,TA/TO,0,0,0,A,A,0,Non Refund,162.0,39,Transient,120.0,0,0
City Hotel,1,193,2016,June,26,20,1,2,2,0.0,0,BB,PRT,Offline TA/TO,TA/TO,0,0,0,A,A,0,Non Refund,162.0,39,Transient,120.0,0,0
City Hotel,1,193,2016,June,26,20,1,2,2,0.0,0,BB,PRT,Offline TA/TO,TA/TO,0,0,0,A,A,0,Non Refund,162.0,39,Transient,120.0,0,0
City Hotel,1,153,2016,June,26,20,1,2,2,0.0,0,BB,CN,Online TA,TA/TO,0,0,0,A,A,0,No Deposit,9.0,0,Transient,113.1,0,0
City Hotel,1,193,2016,June,26,20,1,2,2,0.0,0,BB,PRT,Offline TA/TO,TA/TO,0,0,0,A,A,0,Non Refund,162.0,39,Transient,120.0,0,0
City Hotel,1,193,2016,June,26,20,1,2,2,0.0,0,BB,PRT,Offline TA/TO,TA/TO,0,0,0,A,A,0,Non Refund,162.0,39,Transient,120.0,0,0
City Hotel,1,128,2016,June,26,20,1,2,2,0.0,0,BB,NLD,Online TA,TA/TO,0,0,0,A,A,0,No Deposit,9.0,0,Transient,120.0,0,0
City Hotel,1,193,2016,June,26,20,1,2,2,0.0,0,BB,PRT,Offline TA/TO,TA/TO,0,0,0,A,A,0,Non Refund,162.0,39,Transient,120.0,0,0
City Hotel,1,193,2016,June,26,20,1,2,2,0.0,0,BB,PRT,Offline TA/TO,TA/TO,0,0,0,A,A,0,Non Refund,162.0,39,Transient,120.0,0,0
City Hotel,1,193,2016,June,26,20,1,2,2,0.0,0,BB,PRT,Offline TA/TO,TA/TO,0,0,0,A,A,0,Non Refund,162.0,39,Transient,120.0,0,0
City Hotel,1,193,2016,June,26,20,1,2,2,0.0,0,BB,PRT,Offline TA/TO,TA/TO,0,0,0,A,A,0,Non Refund,162.0,39,Transient,120.0,0,0
City Hotel,1,193,2016,June,26,20,1,2,2,0.0,0,BB,PRT,Offline TA/TO,TA/TO,0,0,0,A,A,0,Non Refund,162.0,39,Transient,120.0,0,0
City Hotel,1,193,2016,June,26,20,1,2,2,0.0,0,BB,PRT,Offline TA/TO,TA/TO,0,0,0,A,A,0,Non Refund,162.0,39,Transient,120.0,0,0
City Hotel,1,193,2016,June,26,20,1,2,2,0.0,0,BB,PRT,Offline TA/TO,TA/TO,0,0,0,A,A,0,Non Refund,162.0,39,Transient,120.0,0,0
City Hotel,1,193,2016,June,26,20,1,2,2,0.0,0,BB,PRT,Offline TA/TO,TA/TO,0,0,0,A,A,0,Non Refund,162.0,39,Transient,120.0,0,0
City Hotel,1,193,2016,June,26,20,1,2,2,0.0,0,BB,PRT,Offline TA/TO,TA/TO,0,0,0,A,A,0,Non Refund,162.0,39,Transient,120.0,0,0
City Hotel,1,193,2016,June,26,20,1,2,2,0.0,0,BB,PRT,Offline TA/TO,TA/TO,0,0,0,A,A,0,Non Refund,162.0,39,Transient,120.0,0,0
City Hotel,1,193,2016,June,26,20,1,2,2,0.0,0,BB,PRT,Offline TA/TO,TA/TO,0,0,0,A,A,0,Non Refund,162.0,39,Transient,120.0,0,0
City Hotel,1,193,2016,June,26,20,1,2,2,0.0,0,BB,PRT,Offline TA/TO,TA/TO,0,0,0,A,A,0,Non Refund,162.0,39,Transient,120.0,0,0
City Hotel,1,193,2016,June,26,20,1,2,2,0.0,0,BB,PRT,Offline TA/TO,TA/TO,0,0,0,A,A,0,Non Refund,162.0,39,Transient,120.0,0,0
City Hotel,1,58,2016,June,26,20,1,2,2,0.0,0,BB,DEU,Online TA,TA/TO,0,0,0,D,D,0,No Deposit,9.0,0,Transient,113.4,0,0
City Hotel,1,193,2016,June,26,20,1,2,2,0.0,0,BB,PRT,Offline TA/TO,TA/TO,0,0,0,A,A,0,Non Refund,162.0,39,Transient,120.0,0,0
City Hotel,1,193,2016,June,26,20,1,2,2,0.0,0,BB,PRT,Offline TA/TO,TA/TO,0,0,0,A,A,0,Non Refund,162.0,39,Transient,120.0,0,0
City Hotel,1,193,2016,June,26,20,1,2,2,0.0,0,BB,PRT,Offline TA/TO,TA/TO,0,0,0,A,A,0,Non Refund,162.0,39,Transient,120.0,0,0
City Hotel,1,193,2016,June,26,20,1,2,2,0.0,0,BB,PRT,Offline TA/TO,TA/TO,0,0,0,A,A,0,Non Refund,162.0,39,Transient,120.0,0,0
City Hotel,1,193,2016,June,26,20,1,2,2,0.0,0,BB,PRT,Offline TA/TO,TA/TO,0,0,0,A,A,0,Non Refund,162.0,39,Transient,120.0,0,0
City Hotel,1,193,2016,June,26,20,1,2,2,0.0,0,BB,PRT,Offline TA/TO,TA/TO,0,0,0,A,A,0,Non Refund,162.0,39,Transient,120.0,0,0
City Hotel,1,85,2016,June,26,20,1,2,2,0.0,0,BB,TUN,Online TA,TA/TO,0,0,0,A,A,0,No Deposit,9.0,0,Transient,126.9,0,0
City Hotel,1,107,2016,June,26,20,1,2,2,0.0,0,HB,DEU,Online TA,TA/TO,0,0,0,D,D,2,No Deposit,9.0,0,Transient,174.6,0,0
City Hotel,1,193,2016,June,26,20,1,2,2,0.0,0,BB,PRT,Offline TA/TO,TA/TO,0,0,0,A,A,0,Non Refund,162.0,39,Transient,120.0,0,0
City Hotel,1,193,2016,June,26,20,1,2,2,0.0,0,BB,PRT,Offline TA/TO,TA/TO,0,0,0,A,A,0,Non Refund,162.0,39,Transient,120.0,0,0
City Hotel,1,45,2016,June,26,20,1,2,2,0.0,0,BB,BEL,Online TA,TA/TO,0,0,0,A,A,0,No Deposit,9.0,0,Transient,101.7,0,1
City Hotel,1,193,2016,June,26,20,1,2,2,0.0,0,BB,PRT,Offline TA/TO,TA/TO,0,0,0,A,A,0,Non Refund,162.0,39,Transient,120.0,0,0
City Hotel,1,193,2016,June,26,20,1,2,2,0.0,0,BB,PRT,Offline TA/TO,TA/TO,0,0,0,A,A,0,Non Refund,162.0,39,Transient,120.0,0,0
City Hotel,1,118,2016,June,26,20,1,3,2,0.0,0,BB,FRA,Online TA,TA/TO,0,0,0,A,A,0,No Deposit,9.0,0,Transient,109.86,0,0
City Hotel,1,38,2016,June,26,20,1,3,2,0.0,0,BB,PRT,Offline TA/TO,TA/TO,0,0,0,A,A,0,No Deposit,83.0,0,Transient,88.8,0,0
City Hotel,1,5,2016,June,26,20,1,3,2,0.0,0,BB,BEL,Online TA,TA/TO,0,0,0,D,D,0,No Deposit,9.0,0,Transient,143.5,0,1
City Hotel,1,57,2016,June,26,20,1,3,2,0.0,0,BB,ESP,Online TA,TA/TO,0,0,0,A,A,0,No Deposit,9.0,0,Transient,94.5,0,0
City Hotel,1,37,2016,June,26,20,1,3,2,0.0,0,BB,GBR,Online TA,TA/TO,0,0,0,D,D,0,No Deposit,9.0,0,Transient,113.4,0,0
City Hotel,1,205,2016,June,26,20,2,5,2,0.0,0,BB,PRT,Offline TA/TO,TA/TO,0,0,0,A,A,0,No Deposit,79.0,0,Transient,80.24,0,0
City Hotel,0,202,2016,June,26,20,2,5,2,0.0,0,BB,GBR,Offline TA/TO,TA/TO,0,0,0,A,A,0,No Deposit,79.0,0,Transient,80.24,0,0
City Hotel,0,174,2016,June,26,20,3,5,2,0.0,0,BB,DEU,Direct,Direct,0,0,0,D,D,0,No Deposit,14.0,0,Transient,120.35,0,0
City Hotel,1,80,2016,June,26,21,0,1,2,0.0,0,SC,CHN,Online TA,TA/TO,0,0,0,A,A,0,No Deposit,9.0,0,Transient,104.49,0,0
City Hotel,1,40,2016,June,26,21,0,1,2,0.0,0,BB,PRT,Online TA,TA/TO,0,0,0,A,A,0,No Deposit,7.0,0,Transient,76.92,0,0
City Hotel,1,40,2016,June,26,21,0,1,2,0.0,0,BB,PRT,Online TA,TA/TO,0,0,0,A,A,0,No Deposit,7.0,0,Transient,76.92,0,0
City Hotel,1,35,2016,June,26,21,0,1,2,0.0,0,SC,SGP,Online TA,TA/TO,0,0,0,A,A,0,No Deposit,9.0,0,Transient,89.1,0,0
City Hotel,1,35,2016,June,26,21,0,1,2,0.0,0,SC,MOZ,Online TA,TA/TO,0,0,0,A,A,0,No Deposit,9.0,0,Transient,89.1,0,1
City Hotel,1,28,2016,June,26,21,0,1,2,0.0,0,BB,USA,Online TA,TA/TO,0,0,0,D,D,0,No Deposit,9.0,0,Transient,126.0,0,1
City Hotel,1,35,2016,June,26,21,0,1,2,0.0,0,SC,MOZ,Online TA,TA/TO,0,0,0,A,A,0,No Deposit,9.0,0,Transient,89.1,0,1
City Hotel,1,56,2016,June,26,21,0,2,2,0.0,0,BB,ITA,Online TA,TA/TO,0,0,0,A,A,0,No Deposit,9.0,0,Transient,99.9,0,0
City Hotel,1,145,2016,June,26,21,0,2,2,0.0,0,BB,HKG,Online TA,TA/TO,0,0,0,A,A,0,No Deposit,9.0,0,Transient,116.55,0,1
City Hotel,1,50,2016,June,26,21,0,3,2,0.0,0,SC,GBR,Online TA,TA/TO,0,0,0,A,A,0,No Deposit,9.0,0,Transient,89.1,0,0
City Hotel,1,42,2016,June,26,21,0,3,2,0.0,0,BB,PRT,Direct,Direct,0,0,0,A,A,0,No Deposit,14.0,0,Transient,84.15,0,0
City Hotel,1,65,2016,June,26,21,0,3,2,0.0,0,SC,ESP,Online TA,TA/TO,0,0,0,A,A,0,No Deposit,9.0,0,Transient,89.1,0,0
City Hotel,1,65,2016,June,26,21,0,3,2,0.0,0,SC,ESP,Online TA,TA/TO,0,0,0,A,A,0,No Deposit,9.0,0,Transient,89.1,0,0
City Hotel,1,23,2016,June,26,21,0,3,2,0.0,0,BB,NLD,Online TA,TA/TO,0,0,0,A,A,0,No Deposit,9.0,0,Transient,127.67,0,0
City Hotel,1,99,2016,June,26,21,0,3,2,0.0,0,BB,ISR,Online TA,TA/TO,0,0,0,A,A,1,No Deposit,9.0,0,Transient,88.6,0,1
City Hotel,1,22,2016,June,26,21,0,3,2,0.0,0,BB,AUT,Online TA,TA/TO,0,0,0,A,A,0,No Deposit,9.0,0,Transient,127.67,0,0
City Hotel,0,0,2016,June,26,22,0,0,2,0.0,0,BB,PRT,Complementary,Direct,0,0,0,A,F,0,No Deposit,,0,Transient,0.0,0,1
City Hotel,1,30,2016,June,26,22,0,1,2,0.0,0,BB,GBR,Online TA,TA/TO,0,0,0,A,A,0,No Deposit,9.0,0,Transient,126.9,0,0
City Hotel,1,22,2016,June,26,22,0,1,2,0.0,0,SC,PRT,Online TA,TA/TO,0,0,0,A,A,0,No Deposit,9.0,0,Transient,129.0,0,0
City Hotel,1,44,2016,June,26,22,0,2,2,0.0,0,SC,GBR,Online TA,TA/TO,0,0,0,A,A,0,No Deposit,9.0,0,Transient,89.1,0,1
City Hotel,1,19,2016,June,26,22,0,2,2,0.0,0,BB,PRT,Corporate,Corporate,0,0,0,A,A,0,No Deposit,215.0,0,Transient-Party,100.0,0,0
City Hotel,1,44,2016,June,26,22,0,2,2,0.0,0,SC,GBR,Online TA,TA/TO,0,0,0,A,A,0,No Deposit,9.0,0,Transient,89.1,0,0
City Hotel,1,77,2016,June,26,22,0,4,2,0.0,0,BB,PRT,Offline TA/TO,TA/TO,0,0,0,A,A,0,No Deposit,34.0,0,Transient-Party,110.0,0,0
City Hotel,1,98,2016,June,26,23,0,1,2,0.0,0,SC,DEU,Online TA,TA/TO,0,0,0,A,A,0,No Deposit,9.0,0,Transient,85.5,0,1
City Hotel,1,23,2016,June,26,23,0,1,2,0.0,0,SC,ESP,Online TA,TA/TO,0,0,0,A,A,0,No Deposit,9.0,0,Transient,89.0,0,0
City Hotel,1,15,2016,June,26,23,0,1,2,0.0,0,SC,FRA,Online TA,TA/TO,0,0,0,A,A,0,No Deposit,9.0,0,Transient,89.0,0,1
City Hotel,1,82,2016,June,26,23,0,1,2,0.0,0,SC,ISR,Online TA,TA/TO,0,0,0,A,A,0,No Deposit,9.0,0,Transient,85.5,0,0
City Hotel,1,26,2016,June,26,23,0,1,2,0.0,0,BB,PRT,Online TA,TA/TO,0,0,0,A,A,0,No Deposit,9.0,0,Transient,101.0,0,0
City Hotel,1,82,2016,June,26,23,0,1,2,0.0,0,SC,ISR,Online TA,TA/TO,0,0,0,A,A,0,No Deposit,9.0,0,Transient,85.5,0,0
City Hotel,1,82,2016,June,26,23,0,1,2,0.0,0,SC,ISR,Online TA,TA/TO,0,0,0,A,A,0,No Deposit,9.0,0,Transient,85.5,0,0
City Hotel,1,17,2016,June,26,23,0,1,2,0.0,0,SC,GBR,Online TA,TA/TO,0,0,0,A,A,0,No Deposit,9.0,0,Transient,89.0,0,0
City Hotel,1,351,2016,June,26,23,0,2,2,0.0,0,BB,PRT,Groups,TA/TO,0,0,0,A,A,0,Non Refund,1.0,0,Transient,62.0,0,0
City Hotel,1,351,2016,June,26,23,0,2,2,0.0,0,BB,PRT,Groups,TA/TO,0,0,0,A,A,0,Non Refund,1.0,0,Transient,62.0,0,0
City Hotel,1,351,2016,June,26,23,0,2,2,0.0,0,BB,PRT,Groups,TA/TO,0,0,0,A,A,0,Non Refund,1.0,0,Transient,62.0,0,0
City Hotel,1,351,2016,June,26,23,0,2,2,0.0,0,BB,PRT,Groups,TA/TO,0,0,0,A,A,0,Non Refund,1.0,0,Transient,62.0,0,0
City Hotel,1,351,2016,June,26,23,0,2,2,0.0,0,BB,PRT,Groups,TA/TO,0,0,0,A,A,0,Non Refund,1.0,0,Transient,62.0,0,0
City Hotel,1,351,2016,June,26,23,0,2,2,0.0,0,BB,PRT,Groups,TA/TO,0,0,0,A,A,0,Non Refund,1.0,0,Transient,62.0,0,0
City Hotel,1,351,2016,June,26,23,0,2,2,0.0,0,BB,PRT,Groups,TA/TO,0,0,0,A,A,0,Non Refund,1.0,0,Transient,62.0,0,0
City Hotel,1,351,2016,June,26,23,0,2,2,0.0,0,BB,PRT,Groups,TA/TO,0,0,0,A,A,0,Non Refund,1.0,0,Transient,62.0,0,0
City Hotel,1,351,2016,June,26,23,0,2,2,0.0,0,BB,PRT,Groups,TA/TO,0,0,0,A,A,0,Non Refund,1.0,0,Transient,62.0,0,0
City Hotel,1,351,2016,June,26,23,0,2,2,0.0,0,BB,PRT,Groups,TA/TO,0,0,0,A,A,0,Non Refund,1.0,0,Transient,62.0,0,0
City Hotel,1,351,2016,June,26,23,0,2,2,0.0,0,BB,PRT,Groups,TA/TO,0,0,0,A,A,0,Non Refund,1.0,0,Transient,62.0,0,0
City Hotel,1,351,2016,June,26,23,0,2,2,0.0,0,BB,PRT,Groups,TA/TO,0,0,0,A,A,0,Non Refund,1.0,0,Transient,62.0,0,0
City Hotel,1,351,2016,June,26,23,0,2,2,0.0,0,BB,PRT,Groups,TA/TO,0,0,0,A,A,0,Non Refund,1.0,0,Transient,62.0,0,0
City Hotel,1,351,2016,June,26,23,0,2,2,0.0,0,BB,PRT,Groups,TA/TO,0,0,0,A,A,0,Non Refund,1.0,0,Transient,62.0,0,0
City Hotel,1,351,2016,June,26,23,0,2,2,0.0,0,BB,PRT,Groups,TA/TO,0,0,0,A,A,0,Non Refund,1.0,0,Transient,62.0,0,0
City Hotel,1,351,2016,June,26,23,0,2,2,0.0,0,BB,PRT,Groups,TA/TO,0,0,0,A,A,0,Non Refund,1.0,0,Transient,62.0,0,0
City Hotel,1,351,2016,June,26,23,0,2,2,0.0,0,BB,PRT,Groups,TA/TO,0,0,0,A,A,0,Non Refund,1.0,0,Transient,62.0,0,0
City Hotel,1,351,2016,June,26,23,0,2,2,0.0,0,BB,PRT,Groups,TA/TO,0,0,0,A,A,0,Non Refund,1.0,0,Transient,62.0,0,0
City Hotel,1,351,2016,June,26,23,0,2,2,0.0,0,BB,PRT,Groups,TA/TO,0,0,0,A,A,0,Non Refund,1.0,0,Transient,62.0,0,0
City Hotel,1,351,2016,June,26,23,0,2,2,0.0,0,BB,PRT,Groups,TA/TO,0,0,0,A,A,0,Non Refund,1.0,0,Transient,62.0,0,0
City Hotel,1,351,2016,June,26,23,0,2,2,0.0,0,BB,PRT,Groups,TA/TO,0,0,0,A,A,0,Non Refund,1.0,0,Transient,62.0,0,0
City Hotel,1,351,2016,June,26,23,0,2,2,0.0,0,BB,PRT,Groups,TA/TO,0,0,0,A,A,0,Non Refund,1.0,0,Transient,62.0,0,0
City Hotel,1,351,2016,June,26,23,0,2,2,0.0,0,BB,PRT,Groups,TA/TO,0,0,0,A,A,0,Non Refund,1.0,0,Transient,62.0,0,0
City Hotel,1,351,2016,June,26,23,0,2,2,0.0,0,BB,PRT,Groups,TA/TO,0,0,0,A,A,0,Non Refund,1.0,0,Transient,62.0,0,0
City Hotel,1,351,2016,June,26,23,0,2,2,0.0,0,BB,PRT,Groups,TA/TO,0,0,0,A,A,0,Non Refund,1.0,0,Transient,62.0,0,0
City Hotel,1,351,2016,June,26,23,0,2,2,0.0,0,BB,PRT,Groups,TA/TO,0,0,0,A,A,0,Non Refund,1.0,0,Transient,62.0,0,0
City Hotel,1,351,2016,June,26,23,0,2,2,0.0,0,BB,PRT,Groups,TA/TO,0,0,0,A,A,0,Non Refund,1.0,0,Transient,62.0,0,0
City Hotel,1,351,2016,June,26,23,0,2,2,0.0,0,BB,PRT,Groups,TA/TO,0,0,0,A,A,0,Non Refund,1.0,0,Transient,62.0,0,0
City Hotel,1,351,2016,June,26,23,0,2,2,0.0,0,BB,PRT,Groups,TA/TO,0,0,0,A,A,0,Non Refund,1.0,0,Transient,62.0,0,0
City Hotel,1,351,2016,June,26,23,0,2,2,0.0,0,BB,PRT,Groups,TA/TO,0,0,0,A,A,0,Non Refund,1.0,0,Transient,62.0,0,0
City Hotel,1,8,2016,June,26,23,0,1,2,0.0,0,SC,IRL,Online TA,TA/TO,0,0,0,A,A,0,No Deposit,9.0,0,Transient,79.0,0,1
City Hotel,1,15,2016,June,26,23,0,1,2,0.0,0,SC,FRA,Online TA,TA/TO,0,0,0,A,A,0,No Deposit,9.0,0,Transient,89.0,0,1
City Hotel,1,9,2016,June,26,23,0,1,2,0.0,0,BB,PRT,Online TA,TA/TO,0,0,0,A,A,0,No Deposit,9.0,0,Transient,91.0,0,0
City Hotel,1,82,2016,June,26,23,0,1,2,0.0,0,SC,ISR,Online TA,TA/TO,0,0,0,A,A,0,No Deposit,9.0,0,Transient,85.5,0,0
City Hotel,1,7,2016,June,26,23,0,1,2,0.0,0,BB,PRT,Online TA,TA/TO,0,0,0,A,A,0,No Deposit,8.0,0,Transient,91.0,0,1
City Hotel,1,233,2016,June,26,23,1,3,2,0.0,0,SC,PRT,Online TA,TA/TO,0,0,0,A,A,0,No Deposit,9.0,0,Contract,100.3,0,0
City Hotel,1,234,2016,June,26,24,0,2,2,0.0,0,BB,PRT,Groups,TA/TO,0,0,0,A,A,0,No Deposit,1.0,0,Transient-Party,65.0,0,0
City Hotel,1,265,2016,June,26,24,0,2,2,0.0,0,HB,PRT,Offline TA/TO,TA/TO,0,0,0,A,A,0,No Deposit,6.0,0,Transient-Party,109.0,0,0
City Hotel,1,234,2016,June,26,24,0,2,2,0.0,0,BB,PRT,Groups,TA/TO,0,0,0,A,A,0,No Deposit,1.0,0,Transient-Party,65.0,0,0
City Hotel,1,265,2016,June,26,24,0,2,2,0.0,0,HB,PRT,Offline TA/TO,TA/TO,0,0,0,A,A,0,No Deposit,6.0,0,Transient-Party,109.0,0,0
City Hotel,1,234,2016,June,26,24,0,2,2,0.0,0,BB,PRT,Groups,TA/TO,0,0,0,A,A,0,No Deposit,1.0,0,Transient-Party,65.0,0,0
City Hotel,1,79,2016,June,26,24,0,2,2,0.0,0,HB,PRT,Offline TA/TO,TA/TO,0,0,0,A,A,0,No Deposit,6.0,0,Transient-Party,109.0,0,0
City Hotel,1,265,2016,June,26,24,0,2,2,0.0,0,HB,PRT,Offline TA/TO,TA/TO,0,0,0,A,A,0,No Deposit,6.0,0,Transient-Party,109.0,0,0
City Hotel,1,79,2016,June,26,24,0,2,2,0.0,0,HB,PRT,Offline TA/TO,TA/TO,0,0,0,A,A,0,No Deposit,6.0,0,Transient-Party,109.0,0,0
City Hotel,1,121,2016,June,26,24,1,2,2,0.0,0,BB,PRT,Offline TA/TO,TA/TO,0,0,0,A,A,0,Non Refund,3.0,0,Transient,90.0,0,0
City Hotel,1,121,2016,June,26,24,1,2,2,0.0,0,BB,PRT,Offline TA/TO,TA/TO,0,0,0,A,B,1,Non Refund,3.0,0,Transient,90.0,0,0
City Hotel,1,121,2016,June,26,24,1,2,2,0.0,0,BB,PRT,Offline TA/TO,TA/TO,0,0,0,A,B,1,Non Refund,3.0,0,Transient,90.0,0,0
City Hotel,1,121,2016,June,26,24,1,2,2,0.0,0,BB,PRT,Offline TA/TO,TA/TO,0,0,0,A,B,1,Non Refund,3.0,0,Transient,90.0,0,0
City Hotel,1,121,2016,June,26,24,1,2,2,0.0,0,BB,PRT,Offline TA/TO,TA/TO,0,0,0,A,A,0,Non Refund,3.0,0,Transient,90.0,0,0
City Hotel,1,121,2016,June,26,24,1,2,2,0.0,0,BB,PRT,Offline TA/TO,TA/TO,0,0,0,A,A,0,Non Refund,3.0,0,Transient,90.0,0,0
City Hotel,1,121,2016,June,26,24,1,2,2,0.0,0,BB,PRT,Offline TA/TO,TA/TO,0,0,0,A,B,1,Non Refund,3.0,0,Transient,90.0,0,0
City Hotel,1,121,2016,June,26,24,1,2,2,0.0,0,BB,PRT,Offline TA/TO,TA/TO,0,0,0,A,B,1,Non Refund,3.0,0,Transient,90.0,0,0
City Hotel,1,121,2016,June,26,24,1,2,2,0.0,0,BB,PRT,Offline TA/TO,TA/TO,0,0,0,A,A,0,Non Refund,3.0,0,Transient,90.0,0,0
City Hotel,1,121,2016,June,26,24,1,2,2,0.0,0,BB,PRT,Offline TA/TO,TA/TO,0,0,0,A,A,0,Non Refund,3.0,0,Transient,90.0,0,0
City Hotel,1,273,2016,June,26,24,1,2,2,0.0,0,BB,PRT,Online TA,TA/TO,0,0,0,A,B,1,No Deposit,8.0,0,Transient,94.5,0,0
City Hotel,1,121,2016,June,26,24,1,2,2,0.0,0,BB,PRT,Offline TA/TO,TA/TO,0,0,0,A,A,0,Non Refund,3.0,0,Transient,90.0,0,0
City Hotel,1,121,2016,June,26,24,1,2,2,0.0,0,BB,PRT,Offline TA/TO,TA/TO,0,0,0,A,A,0,Non Refund,3.0,0,Transient,90.0,0,0
City Hotel,1,121,2016,June,26,24,1,2,2,0.0,0,BB,PRT,Offline TA/TO,TA/TO,0,0,0,A,A,0,Non Refund,3.0,0,Transient,90.0,0,0
City Hotel,1,121,2016,June,26,24,1,2,2,0.0,0,BB,PRT,Offline TA/TO,TA/TO,0,0,0,A,A,0,Non Refund,3.0,0,Transient,90.0,0,0
City Hotel,1,121,2016,June,26,24,1,2,2,0.0,0,BB,PRT,Offline TA/TO,TA/TO,0,0,0,A,B,1,Non Refund,3.0,0,Transient,90.0,0,0
City Hotel,1,273,2016,June,26,24,1,2,2,0.0,0,BB,PRT,Online TA,TA/TO,0,0,0,A,B,1,No Deposit,8.0,0,Transient,94.5,0,0
City Hotel,1,121,2016,June,26,24,1,2,2,0.0,0,BB,PRT,Offline TA/TO,TA/TO,0,0,0,A,B,1,Non Refund,3.0,0,Transient,90.0,0,0
City Hotel,1,121,2016,June,26,24,1,2,2,0.0,0,BB,PRT,Offline TA/TO,TA/TO,0,0,0,A,B,1,Non Refund,3.0,0,Transient,90.0,0,0
City Hotel,1,121,2016,June,26,24,1,2,2,0.0,0,BB,PRT,Offline TA/TO,TA/TO,0,0,0,A,B,1,Non Refund,3.0,0,Transient,90.0,0,0
City Hotel,1,121,2016,June,26,24,1,2,2,0.0,0,BB,PRT,Offline TA/TO,TA/TO,0,0,0,A,B,1,Non Refund,3.0,0,Transient,90.0,0,0
City Hotel,1,121,2016,June,26,24,1,2,2,0.0,0,BB,PRT,Offline TA/TO,TA/TO,0,0,0,A,A,0,Non Refund,3.0,0,Transient,90.0,0,0
City Hotel,1,148,2016,June,26,25,2,5,2,0.0,0,BB,PRT,Offline TA/TO,TA/TO,0,0,0,A,A,0,No Deposit,85.0,0,Transient,79.53,0,0
City Hotel,1,102,2016,June,26,25,4,10,2,0.0,0,BB,PRT,Offline TA/TO,TA/TO,0,0,0,A,A,0,No Deposit,138.0,0,Transient,79.29,0,0
City Hotel,1,163,2016,June,26,25,1,1,2,0.0,0,HB,PRT,Groups,TA/TO,0,0,0,A,A,0,Non Refund,1.0,0,Transient,96.0,0,0
City Hotel,1,163,2016,June,26,25,1,1,2,0.0,0,HB,PRT,Groups,TA/TO,0,0,0,A,A,0,Non Refund,1.0,0,Transient,96.0,0,0
City Hotel,1,163,2016,June,26,25,1,1,2,0.0,0,HB,PRT,Groups,TA/TO,0,0,0,A,A,0,Non Refund,1.0,0,Transient,96.0,0,0
City Hotel,1,163,2016,June,26,25,1,1,2,0.0,0,HB,PRT,Groups,TA/TO,0,0,0,A,A,0,Non Refund,1.0,0,Transient,96.0,0,0
City Hotel,1,163,2016,June,26,25,1,1,2,0.0,0,HB,PRT,Groups,TA/TO,0,0,0,A,A,0,Non Refund,1.0,0,Transient,96.0,0,0
City Hotel,1,163,2016,June,26,25,1,1,2,0.0,0,HB,PRT,Groups,TA/TO,0,0,0,A,A,0,Non Refund,1.0,0,Transient,96.0,0,0
City Hotel,1,163,2016,June,26,25,1,1,2,0.0,0,HB,PRT,Groups,TA/TO,0,0,0,A,A,0,Non Refund,1.0,0,Transient,96.0,0,0
City Hotel,1,163,2016,June,26,25,1,1,2,0.0,0,HB,PRT,Groups,TA/TO,0,0,0,A,A,0,Non Refund,1.0,0,Transient,96.0,0,0
City Hotel,1,163,2016,June,26,25,1,1,2,0.0,0,HB,PRT,Groups,TA/TO,0,0,0,A,A,0,Non Refund,1.0,0,Transient,96.0,0,0
City Hotel,1,163,2016,June,26,25,1,1,2,0.0,0,HB,PRT,Groups,TA/TO,0,0,0,A,A,0,Non Refund,1.0,0,Transient,96.0,0,0
City Hotel,1,88,2016,June,27,26,1,0,2,0.0,0,BB,DEU,Online TA,TA/TO,0,0,0,A,A,0,No Deposit,9.0,0,Transient,96.3,0,0
City Hotel,1,61,2016,June,27,26,1,0,2,0.0,0,BB,FRA,Online TA,TA/TO,0,0,0,A,A,0,No Deposit,9.0,0,Transient,99.9,0,0
City Hotel,1,77,2016,June,27,26,1,0,2,0.0,0,BB,DEU,Online TA,TA/TO,0,0,0,A,A,0,No Deposit,9.0,0,Transient,105.3,0,1
City Hotel,1,14,2016,June,27,26,1,0,2,0.0,0,SC,DEU,Online TA,TA/TO,0,0,0,A,A,0,No Deposit,9.0,0,Transient,89.0,0,0
City Hotel,1,87,2016,June,27,26,1,0,2,0.0,0,BB,TUR,Online TA,TA/TO,0,0,0,A,A,1,No Deposit,9.0,0,Transient,96.3,0,0
City Hotel,1,91,2016,June,27,26,1,0,2,0.0,0,SC,FRA,Online TA,TA/TO,0,0,0,A,A,0,No Deposit,9.0,0,Transient,85.5,0,0
City Hotel,1,156,2016,June,27,26,1,0,2,0.0,0,BB,GBR,Online TA,TA/TO,0,0,0,A,A,0,No Deposit,9.0,0,Transient,96.3,0,0
City Hotel,1,10,2016,June,27,26,1,0,2,0.0,0,BB,ISR,Online TA,TA/TO,0,0,0,A,A,0,No Deposit,9.0,0,Transient,100.0,0,0
City Hotel,1,18,2016,June,27,26,2,0,2,0.0,0,SC,BRA,Online TA,TA/TO,0,0,0,A,A,0,No Deposit,9.0,0,Transient,114.0,0,0
City Hotel,1,87,2016,June,27,26,2,0,2,0.0,0,SC,TUR,Online TA,TA/TO,0,0,0,A,A,0,No Deposit,9.0,0,Transient,85.5,0,0
City Hotel,1,36,2016,June,27,26,2,0,2,0.0,0,BB,FRA,Online TA,TA/TO,0,0,0,A,A,0,No Deposit,9.0,0,Transient,94.35,0,0
City Hotel,1,11,2016,June,27,26,2,0,2,0.0,0,BB,DEU,Online TA,TA/TO,0,0,0,A,A,0,No Deposit,9.0,0,Transient,116.0,0,0
City Hotel,1,172,2016,June,27,26,2,0,2,0.0,0,SC,FRA,Online TA,TA/TO,0,0,0,A,A,0,No Deposit,9.0,0,Transient,85.5,0,0
City Hotel,1,39,2016,June,27,26,2,0,2,0.0,0,SC,DEU,Online TA,TA/TO,0,0,0,A,A,0,No Deposit,9.0,0,Transient,89.1,0,0
City Hotel,1,18,2016,June,27,26,2,0,2,0.0,0,SC,BRA,Online TA,TA/TO,0,0,0,A,A,0,No Deposit,9.0,0,Transient,114.0,0,0
City Hotel,1,26,2016,June,27,26,2,1,2,0.0,0,BB,DEU,Online TA,TA/TO,0,0,0,A,A,0,No Deposit,9.0,0,Transient,137.67,0,1
City Hotel,1,40,2016,June,27,26,2,1,2,0.0,0,BB,BEL,Online TA,TA/TO,0,0,0,A,A,0,No Deposit,9.0,0,Transient,100.02,0,0
City Hotel,1,27,2016,June,27,26,2,1,2,0.0,0,BB,DEU,Online TA,TA/TO,0,0,0,D,D,0,No Deposit,9.0,0,Transient,152.67,0,0
City Hotel,1,43,2016,June,27,26,2,1,2,0.0,0,SC,LUX,Online TA,TA/TO,0,0,0,A,A,0,No Deposit,9.0,0,Transient,95.1,0,0
City Hotel,1,98,2016,June,27,26,2,1,2,0.0,0,SC,GBR,Online TA,TA/TO,0,0,0,A,A,0,No Deposit,9.0,0,Transient,91.5,0,0
City Hotel,1,60,2016,June,27,26,2,1,2,0.0,0,SC,RUS,Online TA,TA/TO,0,0,0,A,A,0,No Deposit,9.0,0,Transient,95.1,0,0
City Hotel,1,27,2016,June,27,26,2,1,2,0.0,0,BB,DEU,Online TA,TA/TO,0,0,0,D,D,0,No Deposit,9.0,0,Transient,152.67,0,0
City Hotel,1,60,2016,June,27,26,2,2,2,0.0,0,BB,CHE,Online TA,TA/TO,0,0,0,A,A,0,No Deposit,9.0,0,Transient,108.9,0,1
City Hotel,1,55,2016,June,27,26,2,2,2,0.0,0,BB,CHE,Online TA,TA/TO,0,0,0,A,A,0,No Deposit,9.0,0,Transient,108.9,0,1
City Hotel,1,6,2016,June,27,26,2,3,2,0.0,0,BB,PRT,Online TA,TA/TO,0,0,0,A,A,0,No Deposit,7.0,0,Transient,103.64,0,0
City Hotel,1,157,2016,June,27,26,2,3,2,0.0,0,BB,DEU,Online TA,TA/TO,0,0,0,A,A,0,No Deposit,9.0,0,Transient,90.95,0,0
City Hotel,1,71,2016,June,27,26,2,3,2,0.0,0,BB,DEU,Online TA,TA/TO,0,0,0,A,A,0,No Deposit,9.0,0,Transient,107.1,0,0
City Hotel,1,87,2016,June,27,26,2,3,2,0.0,0,HB,ESP,Online TA,TA/TO,0,0,0,A,A,0,No Deposit,9.0,0,Transient,141.3,0,0
City Hotel,1,5,2016,June,27,26,2,3,2,0.0,0,SC,PRT,Online TA,TA/TO,0,0,0,A,A,0,No Deposit,10.0,0,Transient,116.42,0,0
City Hotel,1,157,2016,June,27,26,2,3,2,0.0,0,BB,DEU,Online TA,TA/TO,0,0,0,A,A,0,No Deposit,9.0,0,Transient,90.95,0,0
City Hotel,1,191,2016,June,27,26,2,4,2,0.0,0,BB,ITA,Direct,Direct,0,0,0,A,A,0,No Deposit,14.0,0,Transient,91.94,0,1
City Hotel,1,145,2016,June,27,26,2,4,2,0.0,0,BB,ITA,Online TA,TA/TO,0,0,0,A,A,0,No Deposit,9.0,0,Transient,90.95,0,2
City Hotel,1,57,2016,June,27,26,2,4,2,0.0,0,BB,CHE,Direct,Direct,0,0,0,D,D,2,No Deposit,14.0,0,Transient,139.8,0,1
City Hotel,1,118,2016,June,27,26,2,5,2,0.0,0,BB,FRA,Online TA,TA/TO,0,0,0,A,A,0,No Deposit,9.0,0,Transient,95.81,0,0
City Hotel,1,89,2016,June,27,26,4,5,2,0.0,0,BB,RUS,Online TA,TA/TO,0,0,0,A,A,0,No Deposit,9.0,0,Transient,110.3,0,0
City Hotel,1,24,2016,June,27,27,1,0,2,0.0,0,BB,PRT,Online TA,TA/TO,0,0,0,D,D,2,No Deposit,9.0,0,Transient,166.0,0,0
City Hotel,1,150,2016,June,27,27,1,0,2,0.0,0,SC,GBR,Online TA,TA/TO,0,0,0,A,A,0,No Deposit,9.0,0,Transient,85.5,0,1
City Hotel,1,151,2016,June,27,27,1,0,2,0.0,0,BB,PRT,Offline TA/TO,Corporate,0,0,0,E,E,0,Non Refund,191.0,0,Transient,200.0,0,0
City Hotel,1,82,2016,June,27,27,1,0,2,0.0,0,BB,DEU,Online TA,TA/TO,0,0,0,A,A,0,No Deposit,9.0,0,Transient,96.3,0,0
City Hotel,1,151,2016,June,27,27,1,0,2,0.0,0,BB,PRT,Offline TA/TO,Corporate,0,0,0,E,E,0,Non Refund,191.0,0,Transient,200.0,0,0
City Hotel,1,39,2016,June,27,27,1,0,2,0.0,0,SC,PRT,Online TA,TA/TO,0,0,0,A,A,0,No Deposit,9.0,0,Transient,89.1,0,0
City Hotel,1,92,2016,June,27,27,1,0,2,0.0,0,BB,BRA,Online TA,TA/TO,0,0,0,A,A,0,No Deposit,9.0,0,Transient,96.3,0,0
City Hotel,1,151,2016,June,27,27,1,0,2,0.0,0,BB,PRT,Offline TA/TO,Corporate,0,0,0,E,E,0,Non Refund,191.0,0,Transient,200.0,0,0
City Hotel,1,151,2016,June,27,27,1,0,2,0.0,0,BB,PRT,Offline TA/TO,Corporate,0,0,0,E,E,0,Non Refund,191.0,0,Transient,200.0,0,0
City Hotel,1,151,2016,June,27,27,1,0,2,0.0,0,BB,PRT,Offline TA/TO,Corporate,0,0,0,E,E,0,Non Refund,191.0,0,Transient,200.0,0,0
City Hotel,1,109,2016,June,27,27,1,1,2,0.0,0,BB,PRT,Online TA,TA/TO,0,0,0,D,D,0,No Deposit,7.0,0,Transient,86.9,0,0
City Hotel,1,105,2016,June,27,27,1,1,2,0.0,0,BB,ISR,Online TA,TA/TO,0,0,0,A,A,0,No Deposit,9.0,0,Transient,105.3,0,0
City Hotel,1,146,2016,June,27,27,1,1,2,0.0,0,SC,ITA,Online TA,TA/TO,0,0,0,A,A,0,No Deposit,9.0,0,Transient,85.5,0,1
City Hotel,1,41,2016,June,27,27,1,1,2,0.0,0,SC,ESP,Online TA,TA/TO,0,0,0,A,A,0,No Deposit,9.0,0,Transient,98.1,0,1
City Hotel,1,59,2016,June,27,27,1,2,2,0.0,0,SC,USA,Online TA,TA/TO,0,0,0,A,A,0,No Deposit,9.0,0,Transient,101.1,0,0
City Hotel,1,133,2016,June,27,27,1,2,2,0.0,0,BB,FRA,Online TA,TA/TO,0,0,0,D,D,0,No Deposit,9.0,0,Transient,109.8,0,0
City Hotel,1,69,2016,June,27,27,1,2,2,0.0,0,BB,PRT,Online TA,TA/TO,0,0,0,A,A,0,No Deposit,8.0,0,Transient,111.9,0,0
City Hotel,1,128,2016,June,27,27,1,2,2,0.0,0,SC,BEL,Online TA,TA/TO,0,0,0,A,A,0,No Deposit,9.0,0,Transient,85.5,0,0
City Hotel,1,155,2016,June,27,27,1,2,2,0.0,0,BB,BEL,Online TA,TA/TO,0,0,0,A,A,0,No Deposit,9.0,0,Transient,96.3,0,0
City Hotel,1,57,2016,June,27,27,1,2,2,0.0,0,SC,PRT,Online TA,TA/TO,0,0,0,A,A,0,No Deposit,7.0,0,Transient,77.85,0,0
City Hotel,1,33,2016,June,27,27,1,2,2,0.0,0,BB,BEL,Online TA,TA/TO,0,0,0,A,A,0,No Deposit,9.0,0,Transient,111.9,0,0
City Hotel,1,59,2016,June,27,27,1,2,2,0.0,0,SC,USA,Online TA,TA/TO,0,0,0,A,A,0,No Deposit,9.0,0,Transient,101.1,0,0
City Hotel,1,53,2016,June,27,27,1,2,2,0.0,0,SC,ESP,Online TA,TA/TO,0,0,0,A,A,0,No Deposit,9.0,0,Transient,101.1,0,0
City Hotel,1,39,2016,June,27,27,1,3,2,0.0,0,BB,FRA,Online TA,TA/TO,0,0,0,A,A,0,No Deposit,9.0,0,Transient,113.4,0,0
City Hotel,1,53,2016,June,27,27,1,2,2,0.0,0,SC,ESP,Online TA,TA/TO,0,0,0,A,A,0,No Deposit,9.0,0,Transient,101.1,0,0
City Hotel,1,9,2016,June,27,27,1,3,2,0.0,0,HB,NOR,Online TA,TA/TO,0,0,0,D,D,0,No Deposit,9.0,0,Transient,194.0,0,2
City Hotel,1,59,2016,June,27,27,1,3,2,0.0,0,SC,GBR,Online TA,TA/TO,0,0,0,A,A,0,No Deposit,9.0,0,Transient,102.6,0,0
City Hotel,1,40,2016,June,27,27,1,3,2,0.0,0,SC,FRA,Online TA,TA/TO,0,0,0,A,A,0,No Deposit,9.0,0,Transient,102.6,0,0
City Hotel,1,129,2016,June,27,27,1,4,2,0.0,0,SC,USA,Online TA,TA/TO,0,0,0,A,A,0,No Deposit,9.0,0,Transient,80.75,0,1
City Hotel,1,172,2016,June,27,27,1,4,2,0.0,0,SC,ITA,Online TA,TA/TO,0,0,0,A,A,0,No Deposit,9.0,0,Transient,80.75,0,0
City Hotel,1,133,2016,June,27,27,1,4,2,0.0,0,BB,ESP,Online TA,TA/TO,0,0,0,D,D,0,No Deposit,9.0,0,Transient,103.7,0,0
City Hotel,1,35,2016,June,27,27,1,5,2,0.0,0,BB,FIN,Online TA,TA/TO,0,0,0,D,D,0,No Deposit,9.0,0,Transient,128.4,0,0
City Hotel,1,22,2016,June,27,27,1,5,2,0.0,0,BB,GBR,Online TA,TA/TO,0,0,0,D,D,0,No Deposit,9.0,0,Transient,164.33,0,0
City Hotel,1,41,2016,June,27,27,2,5,2,0.0,0,SC,NOR,Online TA,TA/TO,0,0,0,A,A,0,No Deposit,9.0,0,Transient,104.53,0,0
City Hotel,1,119,2016,June,27,28,0,1,2,0.0,0,SC,FRA,Online TA,TA/TO,0,0,0,A,A,0,No Deposit,9.0,0,Transient,85.5,0,0
City Hotel,1,2,2016,June,27,28,0,1,2,0.0,0,BB,PRT,Online TA,TA/TO,0,0,0,A,A,0,No Deposit,9.0,0,Transient,139.0,0,0
City Hotel,1,77,2016,June,27,28,0,1,2,0.0,0,BB,PRT,Online TA,TA/TO,0,0,0,D,D,0,No Deposit,7.0,0,Transient,98.41,0,0
City Hotel,1,119,2016,June,27,28,0,1,2,0.0,0,SC,FRA,Online TA,TA/TO,0,0,0,A,A,0,No Deposit,9.0,0,Transient,85.5,0,0
City Hotel,1,28,2016,June,27,28,0,2,2,0.0,0,BB,ESP,Online TA,TA/TO,0,0,0,D,D,1,No Deposit,9.0,0,Transient,166.0,0,0
City Hotel,1,142,2016,June,27,28,0,2,2,0.0,0,SC,DEU,Online TA,TA/TO,0,0,0,A,A,0,No Deposit,9.0,0,Transient,85.5,0,0
City Hotel,1,93,2016,June,27,28,0,2,2,0.0,0,SC,GBR,Online TA,TA/TO,0,0,0,A,A,0,No Deposit,9.0,0,Transient,103.5,0,0
City Hotel,1,142,2016,June,27,28,0,2,2,0.0,0,SC,DEU,Online TA,TA/TO,0,0,0,A,A,0,No Deposit,9.0,0,Transient,85.5,0,0
City Hotel,1,46,2016,June,27,28,0,2,2,0.0,0,SC,RUS,Online TA,TA/TO,0,0,0,A,A,0,No Deposit,9.0,0,Transient,107.1,0,0
City Hotel,1,27,2016,June,27,28,0,2,2,0.0,0,BB,ESP,Online TA,TA/TO,0,0,0,D,D,0,No Deposit,9.0,0,Transient,166.0,0,0
City Hotel,1,20,2016,June,27,28,0,2,2,0.0,0,BB,ESP,Online TA,TA/TO,0,0,0,D,D,0,No Deposit,9.0,0,Transient,156.0,0,1
City Hotel,1,14,2016,June,27,28,0,3,2,0.0,0,BB,QAT,Online TA,TA/TO,0,0,0,D,D,0,No Deposit,9.0,0,Transient,152.67,0,1
City Hotel,1,118,2016,June,27,28,0,3,2,0.0,0,BB,ITA,Online TA,TA/TO,0,0,0,A,A,0,No Deposit,9.0,0,Transient,96.3,0,0
City Hotel,1,136,2016,June,27,28,0,3,2,0.0,0,BB,AUS,Online TA,TA/TO,0,0,0,A,A,0,No Deposit,9.0,0,Transient,96.3,0,0
City Hotel,1,154,2016,June,27,28,0,4,2,0.0,0,BB,ROU,Online TA,TA/TO,0,0,0,A,A,0,No Deposit,9.0,0,Transient,90.95,0,0
City Hotel,1,137,2016,June,27,28,0,4,2,0.0,0,BB,FRA,Online TA,TA/TO,0,0,0,A,A,0,No Deposit,9.0,0,Transient,90.95,0,0
City Hotel,1,137,2016,June,27,28,0,4,2,0.0,0,BB,AUS,Online TA,TA/TO,0,0,0,D,D,0,No Deposit,9.0,0,Transient,103.7,0,1
City Hotel,1,167,2016,June,27,28,0,4,2,0.0,0,SC,PRT,Online TA,TA/TO,0,0,0,A,A,0,No Deposit,7.0,0,Transient,62.18,0,0
City Hotel,1,167,2016,June,27,28,0,4,2,0.0,0,SC,BRA,Online TA,TA/TO,0,0,0,A,A,0,No Deposit,9.0,0,Transient,80.75,0,0
City Hotel,1,130,2016,June,27,28,0,5,2,0.0,0,BB,ITA,Online TA,TA/TO,0,0,0,A,A,0,No Deposit,9.0,0,Transient,90.95,0,1
City Hotel,1,90,2016,June,27,28,1,5,2,0.0,0,BB,USA,Online TA,TA/TO,0,0,0,A,A,0,No Deposit,9.0,0,Transient,114.3,0,0
City Hotel,1,58,2016,June,27,28,1,5,2,0.0,0,BB,FRA,Online TA,TA/TO,0,0,0,D,D,0,No Deposit,9.0,0,Transient,131.4,0,0
City Hotel,1,119,2016,June,27,28,2,5,2,0.0,0,SC,SWE,Online TA,TA/TO,0,0,0,A,A,0,No Deposit,9.0,0,Transient,85.61,0,0
City Hotel,1,10,2016,June,27,29,0,2,2,0.0,0,SC,GBR,Online TA,TA/TO,0,0,0,A,A,0,No Deposit,9.0,0,Transient,129.0,0,0
City Hotel,1,138,2016,June,27,29,0,3,2,0.0,0,BB,PRT,Online TA,TA/TO,0,0,0,D,D,0,No Deposit,8.0,0,Transient,109.8,0,1
City Hotel,1,50,2016,June,27,29,0,3,2,0.0,0,SC,BRA,Online TA,TA/TO,0,0,0,A,A,0,No Deposit,9.0,0,Transient,107.1,0,0
City Hotel,1,8,2016,June,27,29,0,3,2,0.0,0,BB,FRA,Online TA,TA/TO,0,0,0,D,D,0,No Deposit,9.0,0,Transient,159.33,0,1
City Hotel,1,136,2016,June,27,29,0,3,2,0.0,0,SC,ITA,Online TA,TA/TO,0,0,0,A,A,0,No Deposit,9.0,0,Transient,85.5,0,0
City Hotel,1,166,2016,June,27,29,0,4,2,0.0,0,BB,ITA,Online TA,TA/TO,0,0,0,D,D,0,No Deposit,9.0,0,Transient,99.45,0,0
City Hotel,1,21,2016,June,27,29,0,4,2,0.0,0,BB,PRT,Direct,Direct,0,0,0,D,D,0,No Deposit,,0,Transient,124.2,0,0
City Hotel,1,2,2016,June,27,29,0,4,2,0.0,0,BB,PRT,Online TA,TA/TO,0,0,0,F,F,0,No Deposit,7.0,0,Transient,214.0,0,0
City Hotel,1,95,2016,June,27,29,0,4,2,0.0,0,SC,BRA,Online TA,TA/TO,0,0,0,A,A,0,No Deposit,9.0,0,Transient,103.5,0,0
City Hotel,1,5,2016,June,27,29,0,4,2,0.0,0,SC,IRL,Online TA,TA/TO,0,0,0,A,A,0,No Deposit,9.0,0,Transient,134.0,0,0
City Hotel,1,165,2016,June,27,29,2,4,2,0.0,0,BB,DEU,Direct,Direct,0,0,0,A,A,2,No Deposit,14.0,0,Transient,89.75,0,0
City Hotel,1,6,2016,June,27,30,0,1,2,0.0,0,SC,LUX,Online TA,TA/TO,0,0,0,A,A,0,No Deposit,9.0,0,Transient,139.0,0,1
City Hotel,1,6,2016,June,27,30,0,1,2,0.0,0,SC,LUX,Online TA,TA/TO,0,0,0,A,A,0,No Deposit,9.0,0,Transient,139.0,0,0
City Hotel,1,358,2016,June,27,30,0,2,2,0.0,0,BB,PRT,Groups,TA/TO,0,0,0,A,A,0,Non Refund,1.0,0,Transient,62.0,0,0
City Hotel,1,358,2016,June,27,30,0,2,2,0.0,0,BB,PRT,Groups,TA/TO,0,0,0,A,A,0,Non Refund,1.0,0,Transient,62.0,0,0
City Hotel,1,169,2016,June,27,30,0,2,2,0.0,0,BB,ITA,Online TA,TA/TO,0,0,0,A,A,0,No Deposit,9.0,0,Transient,96.3,0,0
City Hotel,1,358,2016,June,27,30,0,2,2,0.0,0,BB,PRT,Groups,TA/TO,0,0,0,A,A,0,Non Refund,1.0,0,Transient,62.0,0,0
City Hotel,1,358,2016,June,27,30,0,2,2,0.0,0,BB,PRT,Groups,TA/TO,0,0,0,A,A,0,Non Refund,1.0,0,Transient,62.0,0,0
City Hotel,1,358,2016,June,27,30,0,2,2,0.0,0,BB,PRT,Groups,TA/TO,0,0,0,A,A,0,Non Refund,1.0,0,Transient,62.0,0,0
City Hotel,1,358,2016,June,27,30,0,2,2,0.0,0,BB,PRT,Groups,TA/TO,0,0,0,A,A,0,Non Refund,1.0,0,Transient,62.0,0,0
City Hotel,1,162,2016,June,27,30,0,1,2,0.0,0,SC,FRA,Online TA,TA/TO,0,0,0,A,A,0,No Deposit,9.0,0,Transient,85.5,0,0
City Hotel,1,358,2016,June,27,30,0,2,2,0.0,0,BB,PRT,Groups,TA/TO,0,0,0,A,A,0,Non Refund,1.0,0,Transient,62.0,0,0
City Hotel,1,358,2016,June,27,30,0,2,2,0.0,0,BB,PRT,Groups,TA/TO,0,0,0,A,A,0,Non Refund,1.0,0,Transient,62.0,0,0
City Hotel,1,358,2016,June,27,30,0,2,2,0.0,0,BB,PRT,Groups,TA/TO,0,0,0,A,A,0,Non Refund,1.0,0,Transient,62.0,0,0
City Hotel,1,358,2016,June,27,30,0,2,2,0.0,0,BB,PRT,Groups,TA/TO,0,0,0,A,A,0,Non Refund,1.0,0,Transient,62.0,0,0
City Hotel,1,358,2016,June,27,30,0,2,2,0.0,0,BB,PRT,Groups,TA/TO,0,0,0,A,A,0,Non Refund,1.0,0,Transient,62.0,0,0
City Hotel,1,358,2016,June,27,30,0,2,2,0.0,0,BB,PRT,Groups,TA/TO,0,0,0,A,A,0,Non Refund,1.0,0,Transient,62.0,0,0
City Hotel,1,358,2016,June,27,30,0,2,2,0.0,0,BB,PRT,Groups,TA/TO,0,0,0,A,A,0,Non Refund,1.0,0,Transient,62.0,0,0
City Hotel,1,358,2016,June,27,30,0,2,2,0.0,0,BB,PRT,Groups,TA/TO,0,0,0,A,A,0,Non Refund,1.0,0,Transient,62.0,0,0
City Hotel,1,358,2016,June,27,30,0,2,2,0.0,0,BB,PRT,Groups,TA/TO,0,0,0,A,A,0,Non Refund,1.0,0,Transient,62.0,0,0
City Hotel,1,358,2016,June,27,30,0,2,2,0.0,0,BB,PRT,Groups,TA/TO,0,0,0,A,A,0,Non Refund,1.0,0,Transient,62.0,0,0
City Hotel,1,358,2016,June,27,30,0,2,2,0.0,0,BB,PRT,Groups,TA/TO,0,0,0,A,A,0,Non Refund,1.0,0,Transient,62.0,0,0
City Hotel,1,358,2016,June,27,30,0,2,2,0.0,0,BB,PRT,Groups,TA/TO,0,0,0,A,A,0,Non Refund,1.0,0,Transient,62.0,0,0
City Hotel,1,358,2016,June,27,30,0,2,2,0.0,0,BB,PRT,Groups,TA/TO,0,0,0,A,A,0,Non Refund,1.0,0,Transient,62.0,0,0
City Hotel,1,358,2016,June,27,30,0,2,2,0.0,0,BB,PRT,Groups,TA/TO,0,0,0,A,A,0,Non Refund,1.0,0,Transient,62.0,0,0
City Hotel,1,358,2016,June,27,30,0,2,2,0.0,0,BB,PRT,Groups,TA/TO,0,0,0,A,A,0,Non Refund,1.0,0,Transient,62.0,0,0
City Hotel,1,68,2016,June,27,30,0,2,2,0.0,0,BB,ESP,Online TA,TA/TO,0,0,0,D,D,0,No Deposit,9.0,0,Transient,131.4,0,1
City Hotel,1,358,2016,June,27,30,0,2,2,0.0,0,BB,PRT,Groups,TA/TO,0,0,0,A,A,0,Non Refund,1.0,0,Transient,62.0,0,0
City Hotel,1,358,2016,June,27,30,0,2,2,0.0,0,BB,PRT,Groups,TA/TO,0,0,0,A,A,0,Non Refund,1.0,0,Transient,62.0,0,0
City Hotel,1,358,2016,June,27,30,0,2,2,0.0,0,BB,PRT,Groups,TA/TO,0,0,0,A,A,0,Non Refund,1.0,0,Transient,62.0,0,0
City Hotel,1,358,2016,June,27,30,0,2,2,0.0,0,BB,PRT,Groups,TA/TO,0,0,0,A,A,0,Non Refund,1.0,0,Transient,62.0,0,0
City Hotel,1,358,2016,June,27,30,0,2,2,0.0,0,BB,PRT,Groups,TA/TO,0,0,0,A,A,0,Non Refund,1.0,0,Transient,62.0,0,0
City Hotel,1,358,2016,June,27,30,0,2,2,0.0,0,BB,PRT,Groups,TA/TO,0,0,0,A,A,0,Non Refund,1.0,0,Transient,62.0,0,0
City Hotel,1,358,2016,June,27,30,0,2,2,0.0,0,BB,PRT,Groups,TA/TO,0,0,0,A,A,0,Non Refund,1.0,0,Transient,62.0,0,0
City Hotel,1,157,2016,June,27,30,0,3,2,0.0,0,SC,GBR,Online TA,TA/TO,0,0,0,A,A,0,No Deposit,9.0,0,Transient,85.5,0,0
City Hotel,1,132,2016,June,27,30,0,3,2,0.0,0,BB,PRT,Online TA,TA/TO,0,0,0,A,A,0,No Deposit,7.0,0,Transient,96.3,0,0
City Hotel,1,35,2016,June,27,30,0,3,2,0.0,0,BB,FRA,Online TA,TA/TO,0,0,0,A,A,0,No Deposit,9.0,0,Transient,117.9,0,0
City Hotel,1,358,2016,June,27,30,0,2,2,0.0,0,BB,PRT,Groups,TA/TO,0,0,0,A,A,0,Non Refund,1.0,0,Transient,62.0,0,0
City Hotel,1,358,2016,June,27,30,0,2,2,0.0,0,BB,PRT,Groups,TA/TO,0,0,0,A,A,0,Non Refund,1.0,0,Transient,62.0,0,0
City Hotel,1,141,2016,June,27,30,0,3,2,0.0,0,BB,GBR,Online TA,TA/TO,0,0,0,D,D,0,No Deposit,9.0,0,Transient,109.8,0,1
City Hotel,1,11,2016,June,27,30,0,3,2,0.0,0,SC,FRA,Online TA,TA/TO,0,0,0,A,A,0,No Deposit,9.0,0,Transient,139.0,0,1
City Hotel,1,17,2016,June,27,30,0,3,2,0.0,0,BB,ESP,Online TA,TA/TO,0,0,0,A,A,0,No Deposit,9.0,0,Transient,151.0,0,1
City Hotel,1,132,2016,June,27,30,0,3,2,0.0,0,BB,PRT,Online TA,TA/TO,0,0,0,A,A,0,No Deposit,8.0,0,Transient,96.3,0,0
City Hotel,1,85,2016,June,27,30,0,3,2,0.0,0,SC,TUR,Online TA,TA/TO,0,0,0,A,A,0,No Deposit,9.0,0,Transient,103.5,0,0
City Hotel,1,44,2016,June,27,30,0,3,2,0.0,0,SC,ITA,Online TA,TA/TO,0,0,0,A,A,0,No Deposit,9.0,0,Transient,107.1,0,0
City Hotel,1,51,2016,June,27,30,0,3,2,0.0,0,BB,GBR,Online TA,TA/TO,0,0,0,A,A,0,No Deposit,9.0,0,Transient,117.9,0,0
City Hotel,1,113,2016,June,27,30,1,3,2,0.0,0,BB,PRT,Offline TA/TO,TA/TO,0,0,0,A,A,0,Non Refund,192.0,0,Transient,85.0,0,0
City Hotel,1,113,2016,June,27,30,1,3,2,0.0,0,BB,PRT,Offline TA/TO,TA/TO,0,0,0,A,A,0,Non Refund,192.0,0,Transient,85.0,0,0
City Hotel,1,113,2016,June,27,30,1,3,2,0.0,0,BB,PRT,Offline TA/TO,TA/TO,0,0,0,A,A,0,Non Refund,192.0,0,Transient,85.0,0,0
City Hotel,1,123,2016,June,27,30,1,3,2,0.0,0,BB,GBR,Online TA,TA/TO,0,0,0,A,A,0,No Deposit,9.0,0,Transient,99.45,0,0
City Hotel,1,113,2016,June,27,30,1,3,2,0.0,0,BB,PRT,Offline TA/TO,TA/TO,0,0,0,A,A,0,Non Refund,192.0,0,Transient,85.0,0,0
City Hotel,1,153,2016,June,27,30,1,3,2,0.0,0,BB,PRT,Offline TA/TO,TA/TO,0,0,0,A,A,0,Non Refund,192.0,40,Transient,85.0,0,0
City Hotel,1,158,2016,June,27,30,1,3,2,0.0,0,BB,NLD,Online TA,TA/TO,0,0,0,A,A,0,No Deposit,9.0,0,Transient,90.95,0,1
City Hotel,1,113,2016,June,27,30,1,3,2,0.0,0,BB,PRT,Offline TA/TO,TA/TO,0,0,0,A,A,0,Non Refund,192.0,0,Transient,85.0,0,0
City Hotel,0,206,2016,June,27,30,1,3,2,0.0,0,BB,USA,Online TA,TA/TO,0,0,0,E,E,0,No Deposit,11.0,0,Transient,101.83,0,0
City Hotel,1,113,2016,June,27,30,1,3,2,0.0,0,BB,PRT,Offline TA/TO,TA/TO,0,0,0,A,A,0,Non Refund,192.0,0,Transient,85.0,0,0
City Hotel,1,113,2016,June,27,30,1,3,2,0.0,0,BB,PRT,Offline TA/TO,TA/TO,0,0,0,A,A,0,Non Refund,192.0,0,Transient,85.0,0,0
City Hotel,1,113,2016,June,27,30,1,3,2,0.0,0,BB,PRT,Offline TA/TO,TA/TO,0,0,0,A,A,0,Non Refund,192.0,0,Transient,85.0,0,0
City Hotel,1,113,2016,June,27,30,1,3,2,0.0,0,BB,PRT,Offline TA/TO,TA/TO,0,0,0,A,A,0,Non Refund,192.0,0,Transient,85.0,0,0
City Hotel,1,179,2016,July,27,1,0,1,2,0.0,0,BB,ESP,Online TA,TA/TO,0,0,0,A,A,0,No Deposit,9.0,0,Transient,96.3,0,1
City Hotel,1,179,2016,July,27,1,0,1,2,0.0,0,BB,ESP,Online TA,TA/TO,0,0,0,A,A,0,No Deposit,9.0,0,Transient,96.3,0,1
City Hotel,1,80,2016,July,27,1,0,1,2,0.0,0,BB,PRT,Online TA,TA/TO,0,0,0,D,D,0,No Deposit,7.0,0,Transient,98.41,0,0
City Hotel,1,37,2016,July,27,1,0,1,2,0.0,0,BB,ITA,Online TA,TA/TO,0,0,0,D,D,0,No Deposit,9.0,0,Transient,131.4,0,0
City Hotel,1,179,2016,July,27,1,0,2,2,0.0,0,BB,PRT,Groups,TA/TO,0,0,0,A,A,0,Non Refund,1.0,0,Transient,65.0,0,0
City Hotel,1,179,2016,July,27,1,0,2,2,0.0,0,BB,PRT,Groups,TA/TO,0,0,0,A,A,0,Non Refund,1.0,0,Transient,65.0,0,0
City Hotel,1,14,2016,July,27,1,0,1,2,0.0,0,BB,HKG,Online TA,TA/TO,0,0,0,A,A,0,No Deposit,9.0,0,Transient,151.0,0,0
City Hotel,1,179,2016,July,27,1,0,2,2,0.0,0,BB,PRT,Groups,TA/TO,0,0,0,A,A,0,Non Refund,1.0,0,Transient,65.0,0,0
City Hotel,1,179,2016,July,27,1,0,2,2,0.0,0,BB,PRT,Groups,TA/TO,0,0,0,A,A,0,Non Refund,1.0,0,Transient,65.0,0,0
City Hotel,1,179,2016,July,27,1,0,2,2,0.0,0,BB,PRT,Groups,TA/TO,0,0,0,A,A,0,Non Refund,1.0,0,Transient,65.0,0,0
City Hotel,1,140,2016,July,27,1,0,2,2,0.0,0,BB,ITA,Online TA,TA/TO,0,0,0,A,A,0,No Deposit,9.0,0,Transient,96.3,0,0
City Hotel,1,49,2016,July,27,1,0,2,2,0.0,0,SC,RUS,Online TA,TA/TO,0,0,0,A,A,0,No Deposit,9.0,0,Transient,107.1,0,0
City Hotel,1,179,2016,July,27,1,0,2,2,0.0,0,BB,PRT,Groups,TA/TO,0,0,0,A,A,0,Non Refund,1.0,0,Transient,65.0,0,0
City Hotel,1,179,2016,July,27,1,0,2,2,0.0,0,BB,PRT,Groups,TA/TO,0,0,0,A,A,0,Non Refund,1.0,0,Transient,65.0,0,0
City Hotel,1,179,2016,July,27,1,0,2,2,0.0,0,BB,PRT,Groups,TA/TO,0,0,0,A,A,0,Non Refund,1.0,0,Transient,65.0,0,0
City Hotel,1,142,2016,July,27,1,0,2,2,0.0,0,SC,GBR,Online TA,TA/TO,0,0,0,A,A,0,No Deposit,9.0,0,Transient-Party,85.5,0,0
City Hotel,1,142,2016,July,27,1,0,2,2,0.0,0,SC,GBR,Online TA,TA/TO,0,0,0,A,A,0,No Deposit,9.0,0,Transient-Party,85.5,0,0
City Hotel,1,179,2016,July,27,1,0,2,2,0.0,0,BB,PRT,Groups,TA/TO,0,0,0,A,A,0,Non Refund,1.0,0,Transient,65.0,0,0
City Hotel,1,179,2016,July,27,1,0,2,2,0.0,0,BB,PRT,Groups,TA/TO,0,0,0,A,A,0,Non Refund,1.0,0,Transient,65.0,0,0
City Hotel,1,43,2016,July,27,1,0,2,2,0.0,0,BB,FRA,Online TA,TA/TO,0,0,0,A,A,0,No Deposit,9.0,0,Transient,117.9,0,0
City Hotel,1,179,2016,July,27,1,0,2,2,0.0,0,BB,PRT,Groups,TA/TO,0,0,0,A,A,0,Non Refund,1.0,0,Transient,65.0,0,0
City Hotel,1,179,2016,July,27,1,0,2,2,0.0,0,BB,PRT,Groups,TA/TO,0,0,0,A,A,0,Non Refund,1.0,0,Transient,65.0,0,0
City Hotel,1,179,2016,July,27,1,0,2,2,0.0,0,BB,PRT,Groups,TA/TO,0,0,0,A,A,0,Non Refund,1.0,0,Transient,65.0,0,0
City Hotel,1,179,2016,July,27,1,0,2,2,0.0,0,BB,PRT,Groups,TA/TO,0,0,0,A,A,0,Non Refund,1.0,0,Transient,65.0,0,0
City Hotel,0,180,2016,July,27,1,0,2,2,0.0,0,BB,FRA,Online TA,TA/TO,0,0,0,D,A,0,No Deposit,9.0,0,Transient,105.3,0,0
City Hotel,1,142,2016,July,27,1,0,2,2,0.0,0,SC,GBR,Online TA,TA/TO,0,0,0,A,A,0,No Deposit,9.0,0,Transient-Party,85.5,0,0
City Hotel,1,179,2016,July,27,1,0,2,2,0.0,0,BB,PRT,Groups,TA/TO,0,0,0,A,A,0,Non Refund,1.0,0,Transient,65.0,0,0
City Hotel,1,179,2016,July,27,1,0,2,2,0.0,0,BB,PRT,Groups,TA/TO,0,0,0,A,A,0,Non Refund,1.0,0,Transient,65.0,0,0
City Hotel,1,44,2016,July,27,1,0,2,2,0.0,0,BB,PRT,Direct,Direct,0,0,0,A,A,0,No Deposit,,0,Transient-Party,101.15,0,0
City Hotel,1,179,2016,July,27,1,0,2,2,0.0,0,BB,PRT,Groups,TA/TO,0,0,0,A,A,0,Non Refund,1.0,0,Transient,65.0,0,0
City Hotel,1,179,2016,July,27,1,0,2,2,0.0,0,BB,PRT,Groups,TA/TO,0,0,0,A,A,0,Non Refund,1.0,0,Transient,65.0,0,0
City Hotel,1,179,2016,July,27,1,0,2,2,0.0,0,BB,PRT,Groups,TA/TO,0,0,0,A,A,0,Non Refund,1.0,0,Transient,65.0,0,0
City Hotel,1,179,2016,July,27,1,0,2,2,0.0,0,BB,PRT,Groups,TA/TO,0,0,0,A,A,0,Non Refund,1.0,0,Transient,65.0,0,0
City Hotel,1,162,2016,July,27,1,1,2,2,0.0,0,BB,SWE,Online TA,TA/TO,0,0,0,A,A,0,No Deposit,9.0,0,Transient,96.3,0,0
City Hotel,1,75,2016,July,27,1,1,2,2,0.0,0,BB,FRA,Online TA,TA/TO,0,0,0,D,D,0,No Deposit,9.0,0,Transient,131.4,0,0
City Hotel,1,144,2016,July,27,1,1,2,2,0.0,0,BB,PRT,Offline TA/TO,TA/TO,0,0,0,A,A,0,No Deposit,28.0,0,Transient,75.0,0,0
City Hotel,1,162,2016,July,27,1,1,2,2,0.0,0,BB,SWE,Online TA,TA/TO,0,0,0,A,A,0,No Deposit,9.0,0,Transient,105.3,0,0
City Hotel,0,184,2016,July,27,1,2,2,2,0.0,0,BB,POL,Online TA,TA/TO,0,0,0,A,A,0,No Deposit,9.0,0,Transient,90.95,0,1
City Hotel,0,198,2016,July,27,1,2,5,2,0.0,0,BB,BEL,Online TA,TA/TO,0,0,0,A,A,0,No Deposit,9.0,0,Transient,90.95,0,1
City Hotel,1,139,2016,July,27,2,0,1,2,0.0,0,SC,ESP,Online TA,TA/TO,0,0,0,A,A,0,No Deposit,9.0,0,Transient,85.5,0,0
City Hotel,1,76,2016,July,27,2,0,1,2,0.0,0,BB,FRA,Online TA,TA/TO,0,0,0,D,D,0,No Deposit,9.0,0,Transient,131.4,0,0
City Hotel,1,139,2016,July,27,2,0,1,2,0.0,0,SC,ESP,Online TA,TA/TO,0,0,0,A,A,0,No Deposit,9.0,0,Transient,85.5,0,0
City Hotel,1,139,2016,July,27,2,0,1,2,0.0,0,SC,ESP,Online TA,TA/TO,0,0,0,A,A,0,No Deposit,9.0,0,Transient,85.5,0,0
City Hotel,1,76,2016,July,27,2,0,1,2,0.0,0,BB,FRA,Online TA,TA/TO,0,0,0,D,D,0,No Deposit,9.0,0,Transient,131.4,0,0
City Hotel,1,8,2016,July,27,2,0,1,2,0.0,0,BB,GBR,Online TA,TA/TO,0,0,0,A,A,0,No Deposit,9.0,0,Transient,151.0,0,1
City Hotel,1,26,2016,July,27,2,1,1,2,0.0,0,BB,DEU,Online TA,TA/TO,0,0,0,A,A,0,No Deposit,9.0,0,Transient,151.0,0,1
City Hotel,1,6,2016,July,27,2,1,1,2,0.0,0,SC,ITA,Online TA,TA/TO,0,0,0,A,A,0,No Deposit,9.0,0,Transient,132.0,0,0
City Hotel,1,39,2016,July,27,2,2,1,2,0.0,0,BB,GGY,Online TA,TA/TO,0,0,0,A,A,0,No Deposit,9.0,0,Transient,117.9,0,0
City Hotel,0,179,2016,July,27,2,2,1,2,0.0,0,BB,PRT,Online TA,TA/TO,0,0,0,A,A,0,No Deposit,9.0,0,Transient,96.3,0,2
City Hotel,1,39,2016,July,27,2,2,1,2,0.0,0,BB,GGY,Online TA,TA/TO,0,0,0,A,A,0,No Deposit,9.0,0,Transient,117.9,0,0
City Hotel,1,11,2016,July,27,2,2,2,2,0.0,0,BB,CZE,Online TA,TA/TO,0,0,0,A,A,0,No Deposit,9.0,0,Transient,151.0,0,1
City Hotel,1,136,2016,July,27,2,2,2,2,0.0,0,BB,CHE,Online TA,TA/TO,0,0,0,A,A,0,No Deposit,9.0,0,Transient,93.08,0,0
City Hotel,1,123,2016,July,27,2,2,2,2,0.0,0,BB,FIN,Online TA,TA/TO,0,0,0,A,A,0,No Deposit,9.0,0,Transient,97.33,0,0
City Hotel,1,39,2016,July,27,2,2,2,2,0.0,0,BB,BEL,Online TA,TA/TO,0,0,0,A,A,0,No Deposit,9.0,0,Transient,117.9,0,0
City Hotel,1,136,2016,July,27,2,2,2,2,0.0,0,BB,CHE,Online TA,TA/TO,0,0,0,A,A,0,No Deposit,9.0,0,Transient,93.08,0,0
City Hotel,1,19,2016,July,27,2,2,2,2,0.0,0,SC,TUR,Online TA,TA/TO,0,0,0,A,A,0,No Deposit,9.0,0,Transient,139.0,0,1
City Hotel,1,156,2016,July,27,2,2,2,2,0.0,0,BB,ITA,Online TA,TA/TO,0,0,0,A,A,2,No Deposit,9.0,0,Transient,93.08,0,1
City Hotel,0,209,2016,July,27,2,2,4,2,0.0,0,BB,AUT,Online TA,TA/TO,0,0,0,D,D,0,No Deposit,7.0,0,Transient,72.75,0,1
City Hotel,0,209,2016,July,27,2,2,4,2,0.0,0,BB,AUT,Online TA,TA/TO,0,0,0,A,A,0,No Deposit,7.0,0,Transient,66.53,0,1
City Hotel,1,54,2016,July,27,2,2,5,2,0.0,0,BB,PRT,Online TA,TA/TO,0,0,0,A,A,0,No Deposit,8.0,0,Transient,119.7,0,0
City Hotel,1,32,2016,July,28,3,2,0,2,0.0,0,SC,CHN,Online TA,TA/TO,0,0,0,A,A,0,No Deposit,9.0,0,Transient,112.59,0,0
City Hotel,1,100,2016,July,28,3,2,0,2,0.0,0,BB,DEU,Online TA,TA/TO,0,0,0,A,A,0,No Deposit,9.0,0,Transient,114.3,0,0
City Hotel,1,54,2016,July,28,3,2,1,2,0.0,0,BB,GBR,Online TA,TA/TO,0,0,0,A,A,0,No Deposit,9.0,0,Transient,117.9,0,0
City Hotel,1,5,2016,July,28,3,2,1,2,0.0,0,BB,BEL,Online TA,TA/TO,0,0,0,A,A,0,No Deposit,9.0,0,Transient,142.33,0,1
City Hotel,1,39,2016,July,28,3,2,1,2,0.0,0,BB,BEL,Online TA,TA/TO,0,0,0,A,A,0,No Deposit,9.0,0,Transient,117.9,0,0
City Hotel,1,109,2016,July,28,3,2,1,2,0.0,0,BB,GBR,Online TA,TA/TO,0,0,0,A,A,0,No Deposit,9.0,0,Transient,114.3,0,0
City Hotel,1,56,2016,July,28,3,2,1,2,0.0,0,HB,ESP,Online TA,TA/TO,0,0,0,A,A,0,No Deposit,9.0,0,Transient,162.9,0,0
City Hotel,1,81,2016,July,28,3,2,1,2,0.0,0,SC,USA,Online TA,TA/TO,0,0,0,A,A,0,No Deposit,9.0,0,Transient,103.5,0,1
City Hotel,1,14,2016,July,28,3,2,1,2,0.0,0,BB,BRA,Online TA,TA/TO,0,0,0,D,D,1,No Deposit,9.0,0,Transient,187.0,0,0
City Hotel,1,121,2016,July,28,3,2,2,2,0.0,0,BB,ITA,Online TA,TA/TO,0,0,0,A,A,0,No Deposit,9.0,0,Transient,107.95,0,0
City Hotel,1,138,2016,July,28,3,2,2,2,0.0,0,BB,GBR,Online TA,TA/TO,0,0,0,A,A,0,No Deposit,9.0,0,Transient,97.33,0,1
City Hotel,1,141,2016,July,28,3,2,2,2,0.0,0,HB,PRT,Offline TA/TO,TA/TO,0,0,0,D,D,1,No Deposit,83.0,0,Transient,118.06,0,0
City Hotel,1,125,2016,July,28,3,2,2,2,0.0,0,SC,SGP,Online TA,TA/TO,0,0,0,A,A,0,No Deposit,9.0,0,Transient,87.13,0,0
City Hotel,1,2,2016,July,28,4,1,0,2,0.0,0,BB,USA,Direct,Direct,0,0,0,A,A,1,No Deposit,,0,Transient,116.45,0,0
City Hotel,1,38,2016,July,28,4,1,0,2,0.0,0,BB,BEL,Online TA,TA/TO,0,0,0,A,A,0,No Deposit,9.0,0,Transient,117.9,0,0
City Hotel,1,149,2016,July,28,4,1,1,2,0.0,0,BB,CHE,Online TA,TA/TO,0,0,0,D,D,0,No Deposit,9.0,0,Transient,114.3,0,1
City Hotel,1,52,2016,July,28,4,1,1,2,0.0,0,BB,ESP,Online TA,TA/TO,0,0,0,A,A,0,No Deposit,9.0,0,Transient,117.9,0,0
City Hotel,1,264,2016,July,28,4,1,2,2,0.0,0,BB,PRT,Online TA,TA/TO,0,0,0,A,A,1,No Deposit,9.0,0,Contract,95.4,0,1
City Hotel,1,78,2016,July,28,4,1,2,2,0.0,0,SC,FRA,Online TA,TA/TO,0,0,0,A,A,0,No Deposit,9.0,0,Transient,107.1,0,0
City Hotel,1,174,2016,July,28,4,1,2,2,0.0,0,SC,ESP,Online TA,TA/TO,0,0,0,A,A,0,No Deposit,9.0,0,Transient,85.5,0,0
City Hotel,1,174,2016,July,28,4,1,2,2,0.0,0,SC,ESP,Online TA,TA/TO,0,0,0,A,A,0,No Deposit,9.0,0,Transient,85.5,0,0
City Hotel,1,168,2016,July,28,4,1,3,2,0.0,0,BB,DEU,Online TA,TA/TO,0,0,0,A,A,0,No Deposit,9.0,0,Transient,90.95,0,0
City Hotel,1,153,2016,July,28,4,1,3,2,0.0,0,BB,ESP,Online TA,TA/TO,0,0,0,A,A,0,No Deposit,9.0,0,Transient,133.88,0,2
City Hotel,1,183,2016,July,28,4,1,3,2,0.0,0,SC,DEU,Online TA,TA/TO,0,0,0,A,A,1,No Deposit,9.0,0,Transient,98.25,0,1
City Hotel,1,20,2016,July,28,4,1,5,2,0.0,0,SC,ARE,Online TA,TA/TO,0,0,0,A,A,0,No Deposit,9.0,0,Transient,139.0,0,0
City Hotel,1,146,2016,July,28,4,1,5,2,0.0,0,BB,MDV,Online TA,TA/TO,0,0,0,D,D,0,No Deposit,9.0,0,Transient,116.45,0,0
City Hotel,1,140,2016,July,28,4,1,5,2,0.0,0,BB,ISR,Online TA,TA/TO,0,0,0,D,D,0,No Deposit,9.0,0,Transient,116.45,0,1
City Hotel,1,101,2016,July,28,4,2,5,2,0.0,0,BB,ESP,Online TA,TA/TO,0,0,0,A,A,2,No Deposit,9.0,0,Transient,114.3,0,0
City Hotel,1,140,2016,July,28,4,1,5,2,0.0,0,BB,ISR,Online TA,TA/TO,0,0,0,D,D,0,No Deposit,9.0,0,Transient,116.45,0,0
City Hotel,0,196,2016,July,28,4,3,10,2,0.0,0,BB,DEU,Online TA,TA/TO,0,0,0,B,B,1,No Deposit,9.0,0,Transient,81.81,0,3
City Hotel,1,188,2016,July,28,4,7,17,2,0.0,0,BB,AGO,Online TA,TA/TO,0,0,0,A,A,0,No Deposit,9.0,0,Transient,90.95,0,1
City Hotel,1,89,2016,July,28,5,0,3,2,0.0,0,BB,PRT,Online TA,TA/TO,0,0,0,A,A,0,No Deposit,8.0,0,Transient,114.3,0,0
City Hotel,1,132,2016,July,28,5,0,4,2,0.0,0,BB,CHE,Online TA,TA/TO,0,0,0,A,A,0,No Deposit,9.0,0,Transient,105.83,0,0
City Hotel,1,185,2016,July,28,5,0,4,2,0.0,0,BB,DEU,Online TA,TA/TO,0,0,0,A,A,0,No Deposit,9.0,0,Transient,90.95,0,1
City Hotel,0,189,2016,July,28,5,0,4,2,0.0,0,BB,CN,Online TA,TA/TO,0,0,0,A,A,0,No Deposit,9.0,0,Transient,90.95,0,1
City Hotel,1,132,2016,July,28,5,0,4,2,0.0,0,BB,CHE,Online TA,TA/TO,0,0,0,A,A,0,No Deposit,9.0,0,Transient,105.83,0,0
City Hotel,1,83,2016,July,28,5,0,5,2,0.0,0,BB,FRA,Online TA,TA/TO,0,0,0,D,D,0,No Deposit,9.0,0,Transient,127.8,0,0
City Hotel,1,153,2016,July,28,5,1,5,2,0.0,0,BB,BRA,Online TA,TA/TO,0,0,0,D,D,1,No Deposit,9.0,0,Transient,119.28,0,0
City Hotel,1,152,2016,July,28,5,1,5,2,0.0,0,BB,BRA,Online TA,TA/TO,0,0,0,D,D,0,No Deposit,9.0,0,Transient,119.28,0,0
City Hotel,1,139,2016,July,28,5,2,5,2,0.0,0,BB,PRT,Offline TA/TO,TA/TO,0,0,0,A,A,0,No Deposit,22.0,0,Transient,72.25,0,0
City Hotel,1,51,2016,July,28,6,0,1,2,0.0,0,SC,SAU,Online TA,TA/TO,0,0,0,A,A,0,No Deposit,9.0,0,Transient,107.1,0,0
City Hotel,1,129,2016,July,28,6,0,1,2,0.0,0,SC,GBR,Online TA,TA/TO,0,0,0,A,A,0,No Deposit,9.0,0,Transient,112.5,0,0
City Hotel,1,72,2016,July,28,6,0,1,2,0.0,0,SC,DEU,Online TA,TA/TO,0,0,0,A,A,0,No Deposit,9.0,0,Transient,107.1,0,0
City Hotel,1,76,2016,July,28,6,0,4,2,0.0,0,BB,PRT,Offline TA/TO,TA/TO,0,0,0,A,A,0,No Deposit,52.0,0,Transient,72.25,0,0
City Hotel,1,144,2016,July,28,6,0,4,2,0.0,0,SC,GBR,Online TA,TA/TO,0,0,0,A,A,0,No Deposit,9.0,0,Transient,97.75,0,0
City Hotel,1,157,2016,July,28,6,0,4,2,0.0,0,BB,GBR,Online TA,TA/TO,0,0,0,D,D,2,No Deposit,9.0,0,Transient,120.7,0,2
City Hotel,1,126,2016,July,28,6,0,4,2,0.0,0,SC,ESP,Online TA,TA/TO,0,0,0,A,A,0,No Deposit,9.0,0,Transient,97.75,0,0
City Hotel,1,157,2016,July,28,6,0,4,2,0.0,0,BB,GBR,Online TA,TA/TO,0,0,0,A,A,0,No Deposit,9.0,0,Transient,107.95,0,0
City Hotel,1,160,2016,July,28,6,0,4,2,0.0,0,SC,ESP,Online TA,TA/TO,0,0,0,A,A,0,No Deposit,9.0,0,Transient,97.75,0,0
City Hotel,1,133,2016,July,28,6,0,4,2,0.0,0,BB,DEU,Online TA,TA/TO,0,0,0,D,D,3,No Deposit,9.0,0,Transient-Party,120.7,0,0
City Hotel,1,95,2016,July,28,6,0,4,2,0.0,0,BB,GBR,Online TA,TA/TO,0,0,0,D,D,0,No Deposit,9.0,0,Transient,127.8,0,0
City Hotel,1,134,2016,July,28,6,1,4,2,0.0,0,BB,FRA,Direct,Direct,0,0,0,A,A,0,No Deposit,14.0,0,Transient,97.75,0,0
City Hotel,0,184,2016,July,28,6,2,4,2,0.0,0,BB,PRT,Direct,Direct,0,0,0,A,A,0,No Deposit,14.0,0,Transient,80.75,0,0
City Hotel,1,164,2016,July,28,6,2,4,2,0.0,0,BB,ROU,Online TA,TA/TO,0,0,0,A,A,0,No Deposit,9.0,0,Transient,99.45,0,0
City Hotel,1,135,2016,July,28,6,1,4,2,0.0,0,BB,FRA,Online TA,TA/TO,0,0,0,A,A,0,No Deposit,9.0,0,Transient,107.95,0,1
City Hotel,1,155,2016,July,28,6,2,4,2,0.0,0,BB,AUS,Direct,Direct,0,0,0,A,A,2,No Deposit,14.0,0,Transient-Party,97.75,0,0
City Hotel,1,159,2016,July,28,6,2,5,2,0.0,0,BB,GBR,Online TA,TA/TO,0,0,0,A,A,0,No Deposit,9.0,0,Transient,106.74,0,1
City Hotel,0,215,2016,July,28,6,3,9,2,0.0,0,BB,GBR,Online TA,TA/TO,0,0,0,D,A,0,No Deposit,9.0,0,Transient,99.45,0,1
City Hotel,1,1,2016,July,28,7,0,1,2,0.0,0,SC,GBR,Online TA,TA/TO,0,0,0,A,A,0,No Deposit,9.0,0,Transient,149.0,0,0
City Hotel,1,0,2016,July,28,7,0,1,2,0.0,0,BB,PRT,Direct,Direct,0,0,0,A,A,0,No Deposit,,0,Transient,249.0,0,0
City Hotel,1,98,2016,July,28,7,0,1,2,0.0,0,BB,CHE,Online TA,TA/TO,0,0,0,A,A,0,No Deposit,9.0,0,Transient,114.3,0,1
City Hotel,1,0,2016,July,28,7,0,1,2,0.0,0,BB,PRT,Direct,Direct,0,0,0,G,G,0,No Deposit,,0,Transient,215.0,0,0
City Hotel,1,70,2016,July,28,7,0,1,2,0.0,0,SC,IDN,Online TA,TA/TO,0,0,0,A,A,0,No Deposit,9.0,0,Transient,107.1,0,0
City Hotel,1,365,2016,July,28,7,0,2,2,0.0,0,BB,PRT,Groups,TA/TO,0,0,0,A,A,0,Non Refund,1.0,0,Transient,62.0,0,0
City Hotel,1,365,2016,July,28,7,0,2,2,0.0,0,BB,PRT,Groups,TA/TO,0,0,0,A,A,0,Non Refund,1.0,0,Transient,62.0,0,0
City Hotel,1,365,2016,July,28,7,0,2,2,0.0,0,BB,PRT,Groups,TA/TO,0,0,0,A,A,0,Non Refund,1.0,0,Transient,62.0,0,0
City Hotel,1,365,2016,July,28,7,0,2,2,0.0,0,BB,PRT,Groups,TA/TO,0,0,0,A,A,0,Non Refund,1.0,0,Transient,62.0,0,0
City Hotel,1,365,2016,July,28,7,0,2,2,0.0,0,BB,PRT,Groups,TA/TO,0,0,0,A,A,0,Non Refund,1.0,0,Transient,62.0,0,0
City Hotel,1,365,2016,July,28,7,0,2,2,0.0,0,BB,PRT,Groups,TA/TO,0,0,0,A,A,0,Non Refund,1.0,0,Transient,62.0,0,0
City Hotel,1,365,2016,July,28,7,0,2,2,0.0,0,BB,PRT,Groups,TA/TO,0,0,0,A,A,0,Non Refund,1.0,0,Transient,62.0,0,0
City Hotel,1,365,2016,July,28,7,0,2,2,0.0,0,BB,PRT,Groups,TA/TO,0,0,0,A,A,0,Non Refund,1.0,0,Transient,62.0,0,0
City Hotel,1,365,2016,July,28,7,0,2,2,0.0,0,BB,PRT,Groups,TA/TO,0,0,0,A,A,0,Non Refund,1.0,0,Transient,62.0,0,0
City Hotel,1,365,2016,July,28,7,0,2,2,0.0,0,BB,PRT,Groups,TA/TO,0,0,0,A,A,0,Non Refund,1.0,0,Transient,62.0,0,0
City Hotel,1,365,2016,July,28,7,0,2,2,0.0,0,BB,PRT,Groups,TA/TO,0,0,0,A,A,0,Non Refund,1.0,0,Transient,62.0,0,0
City Hotel,1,365,2016,July,28,7,0,2,2,0.0,0,BB,PRT,Groups,TA/TO,0,0,0,A,A,0,Non Refund,1.0,0,Transient,62.0,0,0
City Hotel,1,365,2016,July,28,7,0,2,2,0.0,0,BB,PRT,Groups,TA/TO,0,0,0,A,A,0,Non Refund,1.0,0,Transient,62.0,0,0
City Hotel,1,365,2016,July,28,7,0,2,2,0.0,0,BB,PRT,Groups,TA/TO,0,0,0,A,A,0,Non Refund,1.0,0,Transient,62.0,0,0
City Hotel,1,365,2016,July,28,7,0,2,2,0.0,0,BB,PRT,Groups,TA/TO,0,0,0,A,A,0,Non Refund,1.0,0,Transient,62.0,0,0
City Hotel,1,365,2016,July,28,7,0,2,2,0.0,0,BB,PRT,Groups,TA/TO,0,0,0,A,A,0,Non Refund,1.0,0,Transient,62.0,0,0
City Hotel,1,365,2016,July,28,7,0,2,2,0.0,0,BB,PRT,Groups,TA/TO,0,0,0,A,A,0,Non Refund,1.0,0,Transient,62.0,0,0
City Hotel,1,365,2016,July,28,7,0,2,2,0.0,0,BB,PRT,Groups,TA/TO,0,0,0,A,A,0,Non Refund,1.0,0,Transient,62.0,0,0
City Hotel,1,365,2016,July,28,7,0,2,2,0.0,0,BB,PRT,Groups,TA/TO,0,0,0,A,A,0,Non Refund,1.0,0,Transient,62.0,0,0
City Hotel,1,365,2016,July,28,7,0,2,2,0.0,0,BB,PRT,Groups,TA/TO,0,0,0,A,A,0,Non Refund,1.0,0,Transient,62.0,0,0
City Hotel,1,365,2016,July,28,7,0,2,2,0.0,0,BB,PRT,Groups,TA/TO,0,0,0,A,A,0,Non Refund,1.0,0,Transient,62.0,0,0
City Hotel,0,188,2016,July,28,7,0,2,2,0.0,0,BB,GBR,Online TA,TA/TO,0,0,0,B,B,1,No Deposit,9.0,0,Transient-Party,86.75,0,1
City Hotel,1,365,2016,July,28,7,0,2,2,0.0,0,BB,PRT,Groups,TA/TO,0,0,0,A,A,0,Non Refund,1.0,0,Transient,62.0,0,0
City Hotel,1,365,2016,July,28,7,0,2,2,0.0,0,BB,PRT,Groups,TA/TO,0,0,0,A,A,0,Non Refund,1.0,0,Transient,62.0,0,0
City Hotel,1,365,2016,July,28,7,0,2,2,0.0,0,BB,PRT,Groups,TA/TO,0,0,0,A,A,0,Non Refund,1.0,0,Transient,62.0,0,0
City Hotel,1,365,2016,July,28,7,0,2,2,0.0,0,BB,PRT,Groups,TA/TO,0,0,0,A,A,0,Non Refund,1.0,0,Transient,62.0,0,0
City Hotel,0,188,2016,July,28,7,0,2,2,0.0,0,BB,GBR,Online TA,TA/TO,0,0,0,B,A,1,No Deposit,9.0,0,Transient-Party,86.75,0,1
City Hotel,1,365,2016,July,28,7,0,2,2,0.0,0,BB,PRT,Groups,TA/TO,0,0,0,A,A,0,Non Refund,1.0,0,Transient,62.0,0,0
City Hotel,1,365,2016,July,28,7,0,2,2,0.0,0,BB,PRT,Groups,TA/TO,0,0,0,A,A,0,Non Refund,1.0,0,Transient,62.0,0,0
City Hotel,1,365,2016,July,28,7,0,2,2,0.0,0,BB,PRT,Groups,TA/TO,0,0,0,A,A,0,Non Refund,1.0,0,Transient,62.0,0,0
City Hotel,1,365,2016,July,28,7,0,2,2,0.0,0,BB,PRT,Groups,TA/TO,0,0,0,A,A,0,Non Refund,1.0,0,Transient,62.0,0,0
City Hotel,1,365,2016,July,28,7,0,2,2,0.0,0,BB,PRT,Groups,TA/TO,0,0,0,A,A,0,Non Refund,1.0,0,Transient,62.0,0,0
City Hotel,1,115,2016,July,28,7,0,3,2,0.0,0,BB,PRT,Direct,Direct,0,0,0,A,A,0,No Deposit,14.0,0,Transient,112.5,0,0
City Hotel,1,128,2016,July,28,7,0,3,2,0.0,0,SC,PRT,Online TA,TA/TO,0,0,0,A,A,0,No Deposit,9.0,0,Transient,103.5,0,0
City Hotel,1,145,2016,July,28,7,0,3,2,0.0,0,BB,PRT,Online TA,TA/TO,0,0,0,A,A,0,No Deposit,9.0,0,Transient,114.3,0,1
City Hotel,1,158,2016,July,28,7,0,3,2,0.0,0,BB,ESP,Online TA,TA/TO,0,0,0,A,A,0,No Deposit,9.0,0,Transient-Party,114.3,0,0
City Hotel,1,117,2016,July,28,7,0,3,2,0.0,0,BB,PRT,Online TA,TA/TO,0,0,0,A,A,0,No Deposit,9.0,0,Transient,114.3,0,0
City Hotel,1,128,2016,July,28,7,0,3,2,0.0,0,SC,GBR,Online TA,TA/TO,0,0,0,A,A,0,No Deposit,9.0,0,Transient,103.5,0,0
City Hotel,1,132,2016,July,28,7,0,3,2,0.0,0,SC,IRL,Online TA,TA/TO,0,0,0,A,A,2,No Deposit,9.0,0,Transient,139.0,0,0
City Hotel,1,128,2016,July,28,7,0,3,2,0.0,0,SC,GBR,Online TA,TA/TO,0,0,0,A,A,0,No Deposit,9.0,0,Transient,103.5,0,0
City Hotel,1,155,2016,July,28,7,0,3,2,0.0,0,SC,DEU,Online TA,TA/TO,0,0,0,A,A,0,No Deposit,9.0,0,Transient,103.5,0,0
City Hotel,1,127,2016,July,28,7,0,3,2,0.0,0,SC,ESP,Online TA,TA/TO,0,0,0,A,A,0,No Deposit,9.0,0,Transient,103.5,0,0
City Hotel,1,128,2016,July,28,7,0,3,2,0.0,0,SC,GBR,Online TA,TA/TO,0,0,0,A,A,0,No Deposit,9.0,0,Transient,103.5,0,0
City Hotel,1,128,2016,July,28,7,0,3,2,0.0,0,SC,GBR,Online TA,TA/TO,0,0,0,A,A,0,No Deposit,9.0,0,Transient,103.5,0,0
City Hotel,1,107,2016,July,28,7,0,3,2,0.0,0,SC,ESP,Online TA,TA/TO,0,0,0,A,A,0,No Deposit,9.0,0,Transient,103.5,0,0
City Hotel,1,145,2016,July,28,7,0,3,2,0.0,0,BB,PRT,Online TA,TA/TO,0,0,0,A,A,0,No Deposit,9.0,0,Transient,114.3,0,1
City Hotel,1,158,2016,July,28,7,0,3,2,0.0,0,BB,ESP,Online TA,TA/TO,0,0,0,A,A,0,No Deposit,9.0,0,Transient-Party,114.3,0,0
City Hotel,1,158,2016,July,28,7,1,3,2,0.0,0,SC,GBR,Online TA,TA/TO,0,0,0,A,A,0,No Deposit,9.0,0,Transient,97.75,0,1
City Hotel,0,184,2016,July,28,7,1,3,2,0.0,0,SC,GBR,Online TA,TA/TO,0,0,0,A,A,0,No Deposit,9.0,0,Transient,80.75,0,1
City Hotel,1,166,2016,July,28,7,1,3,2,0.0,0,BB,BEL,Online TA,TA/TO,0,0,0,A,A,0,No Deposit,9.0,0,Transient,90.95,0,0
City Hotel,1,24,2016,July,28,7,1,3,2,0.0,0,BB,USA,Direct,Direct,0,0,0,E,E,0,No Deposit,14.0,0,Transient,187.0,0,0
City Hotel,1,77,2016,July,28,7,1,3,2,0.0,0,BB,PRT,Online TA,TA/TO,0,0,0,D,D,0,No Deposit,8.0,0,Transient,129.6,0,0
City Hotel,1,166,2016,July,28,7,1,3,2,0.0,0,BB,GBR,Online TA,TA/TO,0,0,0,A,A,2,No Deposit,9.0,0,Transient,96.79,0,1
City Hotel,1,170,2016,July,28,7,1,3,2,0.0,0,BB,GBR,Online TA,TA/TO,0,0,0,A,A,0,No Deposit,9.0,0,Transient,90.95,0,0
City Hotel,1,154,2016,July,28,7,1,3,2,0.0,0,BB,IRL,Online TA,TA/TO,0,0,0,D,D,0,No Deposit,9.0,0,Transient,120.7,0,1
City Hotel,1,161,2016,July,28,7,1,3,2,0.0,0,SC,BRA,Online TA,TA/TO,0,0,0,A,A,0,No Deposit,9.0,0,Transient,97.75,0,1
City Hotel,1,166,2016,July,28,7,2,3,2,0.0,0,BB,GBR,Online TA,TA/TO,0,0,0,A,A,0,No Deposit,9.0,0,Transient-Party,99.45,0,0
City Hotel,1,168,2016,July,28,7,2,4,2,0.0,0,BB,DNK,Online TA,TA/TO,0,0,0,A,A,0,No Deposit,9.0,0,Transient,90.95,0,0
City Hotel,1,1,2016,July,28,8,0,1,2,0.0,0,SC,ITA,Online TA,TA/TO,0,0,0,A,A,0,No Deposit,9.0,0,Transient,139.0,0,0
City Hotel,1,5,2016,July,28,8,0,1,2,0.0,0,SC,ARE,Online TA,TA/TO,0,0,0,A,A,0,No Deposit,9.0,0,Transient,139.0,0,2
City Hotel,1,13,2016,July,28,8,0,1,2,0.0,0,SC,ISR,Online TA,TA/TO,0,0,0,A,A,0,No Deposit,9.0,0,Transient,137.0,0,0
City Hotel,1,27,2016,July,28,8,0,1,2,0.0,0,SC,SWE,Online TA,TA/TO,0,0,0,A,A,0,No Deposit,9.0,0,Transient,139.0,0,0
City Hotel,1,13,2016,July,28,8,0,1,2,0.0,0,SC,ISR,Online TA,TA/TO,0,0,0,A,A,0,No Deposit,9.0,0,Transient,137.0,0,0
City Hotel,1,30,2016,July,28,8,0,1,2,0.0,0,BB,NLD,Online TA,TA/TO,0,0,0,A,A,0,No Deposit,9.0,0,Transient,135.9,0,0
City Hotel,1,158,2016,July,28,8,0,2,2,0.0,0,BB,ISR,Online TA,TA/TO,0,0,0,A,A,0,No Deposit,9.0,0,Transient,114.3,0,2
City Hotel,1,15,2016,July,28,8,0,2,2,0.0,0,BB,PRT,Offline TA/TO,TA/TO,0,0,0,A,A,0,No Deposit,270.0,0,Transient,118.15,0,2
City Hotel,1,173,2016,July,28,8,0,2,2,0.0,0,SC,ITA,Online TA,TA/TO,0,0,0,A,A,0,No Deposit,9.0,0,Transient,85.5,0,0
City Hotel,1,3,2016,July,28,8,0,2,2,0.0,0,SC,ESP,Online TA,TA/TO,0,0,0,A,A,0,No Deposit,9.0,0,Transient,139.0,0,0
City Hotel,1,165,2016,July,28,8,0,2,2,0.0,0,SC,ESP,Online TA,TA/TO,0,0,0,A,A,0,No Deposit,9.0,0,Transient,94.5,0,0
City Hotel,1,148,2016,July,28,8,0,2,2,0.0,0,BB,ESP,Online TA,TA/TO,0,0,0,D,D,0,No Deposit,9.0,0,Transient,136.8,0,1
City Hotel,1,187,2016,July,28,8,0,2,2,0.0,0,BB,GBR,Online TA,TA/TO,0,0,0,D,D,0,No Deposit,9.0,0,Transient,105.3,0,0
City Hotel,1,17,2016,July,28,8,0,2,2,0.0,0,BB,ITA,Online TA,TA/TO,0,0,0,D,D,0,No Deposit,9.0,0,Transient,166.0,0,1
City Hotel,1,165,2016,July,28,8,0,2,2,0.0,0,SC,ESP,Online TA,TA/TO,0,0,0,A,A,0,No Deposit,9.0,0,Transient,94.5,0,0
City Hotel,1,115,2016,July,28,8,0,2,2,0.0,0,BB,FRA,Online TA,TA/TO,0,0,0,A,A,0,No Deposit,9.0,0,Transient,114.3,0,0
City Hotel,1,215,2016,July,28,8,1,2,2,0.0,0,BB,ESP,Online TA,TA/TO,0,0,0,A,A,0,No Deposit,9.0,0,Transient,96.3,0,0
City Hotel,1,18,2016,July,28,8,1,2,2,0.0,0,BB,FRA,Online TA,TA/TO,0,0,0,D,D,0,No Deposit,9.0,0,Transient,166.0,0,0
City Hotel,1,75,2016,July,28,8,1,2,2,0.0,0,BB,GBR,Online TA,TA/TO,0,0,0,D,D,0,No Deposit,9.0,0,Transient,129.0,0,0
City Hotel,0,185,2016,July,28,8,2,2,2,0.0,0,BB,GBR,Online TA,TA/TO,0,0,0,A,A,0,No Deposit,7.0,0,Transient,70.03,0,2
City Hotel,1,167,2016,July,28,8,2,2,2,0.0,0,BB,ESP,Online TA,TA/TO,0,0,0,A,A,2,No Deposit,9.0,0,Transient,105.83,0,1
City Hotel,1,98,2016,July,28,8,2,3,2,0.0,0,BB,CHE,Online TA,TA/TO,0,0,0,D,D,0,No Deposit,9.0,0,Transient,144.9,0,0
City Hotel,1,173,2016,July,28,8,2,5,2,0.0,0,SC,GBR,Online TA,TA/TO,0,0,0,A,A,0,No Deposit,9.0,0,Transient,80.75,0,0
City Hotel,1,10,2016,July,28,9,0,1,2,0.0,0,BB,USA,Direct,Direct,0,0,0,D,D,2,No Deposit,14.0,0,Transient,99.52,0,0
City Hotel,1,74,2016,July,28,9,0,1,2,0.0,0,BB,ISR,Online TA,TA/TO,0,0,0,D,D,0,No Deposit,9.0,0,Transient,127.8,0,0
City Hotel,1,74,2016,July,28,9,0,1,2,0.0,0,BB,ISR,Online TA,TA/TO,0,0,0,D,D,0,No Deposit,9.0,0,Transient,127.8,0,0
City Hotel,1,108,2016,July,28,9,0,1,2,0.0,0,SC,BEL,Online TA,TA/TO,0,0,0,A,A,0,No Deposit,9.0,0,Transient,103.5,0,0
City Hotel,0,202,2016,July,28,9,1,1,2,0.0,0,BB,PRT,Online TA,TA/TO,0,0,0,A,A,0,No Deposit,9.0,0,Transient,96.3,0,1
City Hotel,1,49,2016,July,28,9,1,1,2,0.0,0,SC,ITA,Online TA,TA/TO,0,0,0,A,A,0,No Deposit,9.0,0,Transient,105.3,0,0
City Hotel,1,17,2016,July,28,9,1,1,2,0.0,0,BB,ESP,Online TA,TA/TO,0,0,0,D,D,0,No Deposit,9.0,0,Transient,166.0,0,0
City Hotel,1,194,2016,July,28,9,2,1,2,0.0,0,BB,NLD,Online TA,TA/TO,0,0,0,B,B,4,No Deposit,9.0,0,Transient,86.62,0,0
City Hotel,0,193,2016,July,28,9,2,1,2,0.0,0,BB,SWE,Online TA,TA/TO,0,0,0,A,A,0,No Deposit,7.0,0,Transient,70.44,0,0
City Hotel,0,193,2016,July,28,9,2,1,2,0.0,0,BB,SWE,Online TA,TA/TO,0,0,0,A,A,0,No Deposit,7.0,0,Transient,70.44,0,1
City Hotel,0,193,2016,July,28,9,2,1,2,0.0,0,BB,SWE,Online TA,TA/TO,0,0,0,B,B,0,No Deposit,7.0,0,Transient,76.85,0,1
City Hotel,1,76,2016,July,28,9,2,1,2,0.0,0,BB,CN,Online TA,TA/TO,0,0,0,D,D,0,No Deposit,9.0,0,Transient,127.8,0,0
City Hotel,0,194,2016,July,28,9,2,1,2,0.0,0,BB,SWE,Online TA,TA/TO,0,0,0,B,B,1,No Deposit,7.0,0,Transient,76.85,0,1
City Hotel,1,25,2016,July,28,9,2,1,2,0.0,0,SC,ITA,Online TA,TA/TO,0,0,0,A,A,0,No Deposit,9.0,0,Transient,139.0,0,0
City Hotel,1,52,2016,July,28,9,2,1,2,0.0,0,BB,CHN,Online TA,TA/TO,0,0,0,D,D,0,No Deposit,9.0,0,Transient,116.1,0,0
City Hotel,1,79,2016,July,28,9,2,2,2,0.0,0,BB,BRA,Online TA,TA/TO,0,0,0,A,A,0,No Deposit,9.0,0,Transient,112.05,0,0
City Hotel,1,101,2016,July,28,9,2,2,2,0.0,0,BB,PRT,Offline TA/TO,TA/TO,0,0,0,A,A,0,No Deposit,85.0,0,Transient,68.0,0,0
City Hotel,1,110,2016,July,28,9,2,3,2,0.0,0,HB,ARG,Online TA,TA/TO,0,0,0,D,D,0,No Deposit,9.0,0,Transient,153.0,0,0
City Hotel,1,151,2016,July,28,9,2,5,2,0.0,0,BB,GBR,Online TA,TA/TO,0,0,0,A,A,0,No Deposit,9.0,0,Transient,103.09,0,0
City Hotel,0,193,2016,July,28,9,2,5,2,0.0,0,BB,FRA,Online TA,TA/TO,0,0,0,A,A,0,No Deposit,8.0,0,Transient,90.95,0,1
City Hotel,1,113,2016,July,29,10,1,0,2,0.0,0,SC,USA,Online TA,TA/TO,0,0,0,A,A,0,No Deposit,9.0,0,Transient,103.5,0,0
City Hotel,1,165,2016,July,29,10,1,0,2,0.0,0,SC,CN,Online TA,TA/TO,0,0,0,A,A,0,No Deposit,9.0,0,Transient,103.5,0,1
City Hotel,0,189,2016,July,29,10,2,0,2,0.0,0,SC,PRT,Online TA,TA/TO,0,0,0,A,A,2,No Deposit,9.0,0,Transient,112.5,1,1
City Hotel,1,53,2016,July,29,10,2,0,2,0.0,0,SC,CHE,Online TA,TA/TO,0,0,0,A,A,0,No Deposit,9.0,0,Transient,103.5,0,0
City Hotel,1,164,2016,July,29,10,2,0,2,0.0,0,BB,DEU,Online TA,TA/TO,0,0,0,A,A,0,No Deposit,9.0,0,Transient,114.3,0,0
City Hotel,1,2,2016,July,29,10,2,0,2,0.0,0,BB,PRT,Complementary,Direct,0,0,0,A,A,0,No Deposit,,0,Transient,0.0,0,1
City Hotel,1,54,2016,July,29,10,2,0,2,0.0,0,SC,ZAF,Online TA,TA/TO,0,0,0,A,A,0,No Deposit,9.0,0,Transient,103.5,0,0
City Hotel,1,54,2016,July,29,10,2,0,2,0.0,0,SC,ZAF,Online TA,TA/TO,0,0,0,A,A,0,No Deposit,9.0,0,Transient,103.5,0,0
City Hotel,1,3,2016,July,29,10,2,1,2,0.0,0,BB,GBR,Online TA,TA/TO,0,0,0,D,D,0,No Deposit,9.0,0,Transient,162.67,0,0
City Hotel,0,194,2016,July,29,10,2,2,2,0.0,0,BB,PRT,Online TA,TA/TO,0,0,0,B,A,1,No Deposit,9.0,0,Transient-Party,81.82,0,1
City Hotel,1,149,2016,July,29,10,2,4,2,0.0,0,BB,PRT,Offline TA/TO,TA/TO,0,0,0,A,A,0,No Deposit,138.0,0,Transient,72.25,0,0
City Hotel,1,49,2016,July,29,11,1,0,2,0.0,0,SC,CHN,Online TA,TA/TO,0,0,0,A,A,0,No Deposit,9.0,0,Transient,93.15,0,0
City Hotel,1,49,2016,July,29,11,1,0,2,0.0,0,SC,CHN,Online TA,TA/TO,0,0,0,A,A,0,No Deposit,9.0,0,Transient,93.15,0,0
City Hotel,1,49,2016,July,29,11,1,0,2,0.0,0,SC,CHN,Online TA,TA/TO,0,0,0,A,A,0,No Deposit,9.0,0,Transient,93.15,0,0
City Hotel,1,49,2016,July,29,11,1,0,2,0.0,0,SC,CHN,Online TA,TA/TO,0,0,0,A,A,0,No Deposit,9.0,0,Transient,93.15,0,0
City Hotel,1,49,2016,July,29,11,1,0,2,0.0,0,SC,CHN,Online TA,TA/TO,0,0,0,A,A,0,No Deposit,9.0,0,Transient,93.15,0,0
City Hotel,1,49,2016,July,29,11,1,0,2,0.0,0,SC,CHN,Online TA,TA/TO,0,0,0,A,A,0,No Deposit,9.0,0,Transient,93.15,0,0
City Hotel,1,49,2016,July,29,11,1,0,2,0.0,0,SC,CHN,Online TA,TA/TO,0,0,0,A,A,0,No Deposit,9.0,0,Transient,93.15,0,0
City Hotel,1,49,2016,July,29,11,1,0,2,0.0,0,SC,CHN,Online TA,TA/TO,0,0,0,A,A,0,No Deposit,9.0,0,Transient,93.15,0,0
City Hotel,1,49,2016,July,29,11,1,0,2,0.0,0,SC,CHN,Online TA,TA/TO,0,0,0,A,A,0,No Deposit,9.0,0,Transient,93.15,0,0
City Hotel,1,49,2016,July,29,11,1,0,2,0.0,0,SC,CHN,Online TA,TA/TO,0,0,0,A,A,0,No Deposit,9.0,0,Transient,93.15,0,0
City Hotel,1,49,2016,July,29,11,1,0,2,0.0,0,SC,CHN,Online TA,TA/TO,0,0,0,A,A,0,No Deposit,9.0,0,Transient,93.15,0,0
City Hotel,1,49,2016,July,29,11,1,0,2,0.0,0,SC,CHN,Online TA,TA/TO,0,0,0,A,A,0,No Deposit,9.0,0,Transient,93.15,0,0
City Hotel,1,49,2016,July,29,11,1,0,2,0.0,0,SC,CHN,Online TA,TA/TO,0,0,0,A,A,0,No Deposit,9.0,0,Transient,93.15,0,0
City Hotel,1,49,2016,July,29,11,1,0,2,0.0,0,SC,CHN,Online TA,TA/TO,0,0,0,A,A,0,No Deposit,9.0,0,Transient,93.15,0,0
City Hotel,1,49,2016,July,29,11,1,0,2,0.0,0,SC,CHN,Online TA,TA/TO,0,0,0,A,A,0,No Deposit,9.0,0,Transient,93.15,0,0
City Hotel,1,151,2016,July,29,11,1,1,2,0.0,0,BB,PRT,Offline TA/TO,TA/TO,0,0,0,D,D,0,No Deposit,85.0,0,Transient-Party,82.45,0,1
City Hotel,1,151,2016,July,29,11,1,1,2,0.0,0,SC,PRT,Offline TA/TO,TA/TO,0,0,0,A,A,0,No Deposit,85.0,0,Transient-Party,63.75,0,1
City Hotel,1,126,2016,July,29,11,1,2,2,0.0,0,SC,USA,Online TA,TA/TO,0,0,0,A,A,0,No Deposit,9.0,0,Transient-Party,73.12,0,0
City Hotel,1,33,2016,July,29,11,1,2,2,0.0,0,HB,MAR,Online TA,TA/TO,0,0,0,A,A,0,No Deposit,9.0,0,Transient,170.1,0,0
City Hotel,1,106,2016,July,29,11,1,2,2,0.0,0,BB,ESP,Online TA,TA/TO,0,0,0,A,A,0,No Deposit,9.0,0,Transient,108.3,0,0
City Hotel,1,148,2016,July,29,11,1,2,2,0.0,0,SC,ITA,Online TA,TA/TO,0,0,0,A,A,0,No Deposit,9.0,0,Transient,97.5,0,0
City Hotel,1,157,2016,July,29,11,1,3,2,0.0,0,SC,IRL,Online TA,TA/TO,0,0,0,A,A,0,No Deposit,9.0,0,Transient,91.38,0,0
City Hotel,1,157,2016,July,29,11,1,3,2,0.0,0,BB,IRL,Online TA,TA/TO,0,0,0,A,A,0,No Deposit,9.0,0,Transient,101.58,0,2
City Hotel,1,157,2016,July,29,11,1,3,2,0.0,0,SC,IRL,Online TA,TA/TO,0,0,0,A,A,0,No Deposit,9.0,0,Transient,91.38,0,0
City Hotel,1,157,2016,July,29,11,1,3,2,0.0,0,BB,IRL,Online TA,TA/TO,0,0,0,A,A,0,No Deposit,9.0,0,Transient,101.58,0,1
City Hotel,1,60,2016,July,29,11,1,4,2,0.0,0,BB,USA,Online TA,TA/TO,0,0,0,D,D,0,No Deposit,9.0,0,Transient,120.6,0,0
City Hotel,1,145,2016,July,29,11,1,4,2,0.0,0,BB,PRT,Offline TA/TO,TA/TO,0,0,0,A,A,0,No Deposit,118.0,0,Transient,72.25,0,0
City Hotel,1,174,2016,July,29,11,1,4,2,0.0,0,BB,GBR,Online TA,TA/TO,0,0,0,A,A,0,No Deposit,9.0,0,Transient,90.95,0,0
City Hotel,1,171,2016,July,29,11,1,4,2,0.0,0,SC,GBR,Online TA,TA/TO,0,0,0,A,A,1,No Deposit,9.0,0,Transient,80.75,0,0
City Hotel,1,107,2016,July,29,11,1,5,2,0.0,0,HB,HUN,Online TA,TA/TO,0,0,0,A,A,0,No Deposit,9.0,0,Transient,141.0,0,0
City Hotel,1,207,2016,July,29,11,1,5,2,0.0,0,BB,FRA,Direct,Direct,0,0,0,A,A,2,No Deposit,14.0,0,Transient,80.75,0,0
City Hotel,1,187,2016,July,29,11,2,5,2,0.0,0,BB,SWE,Online TA,TA/TO,0,0,0,D,D,0,No Deposit,9.0,0,Transient-Party,99.45,0,1
City Hotel,1,98,2016,July,29,12,0,1,2,0.0,0,SC,TUR,Online TA,TA/TO,0,0,0,A,A,0,No Deposit,9.0,0,Transient,94.5,0,0
City Hotel,1,60,2016,July,29,12,0,1,2,0.0,0,BB,USA,Online TA,TA/TO,0,0,0,A,A,0,No Deposit,9.0,0,Transient,105.3,0,0
City Hotel,1,77,2016,July,29,12,0,2,2,0.0,0,SC,RUS,Online TA,TA/TO,0,0,0,A,A,0,No Deposit,9.0,0,Transient,94.5,0,0
City Hotel,1,56,2016,July,29,12,0,3,2,0.0,0,BB,GBR,Direct,Direct,0,0,0,E,E,0,No Deposit,14.0,0,Transient,137.7,0,0
City Hotel,1,176,2016,July,29,12,0,4,2,0.0,0,BB,GBR,Online TA,TA/TO,0,0,0,A,A,0,No Deposit,9.0,0,Transient,90.95,0,0
City Hotel,0,215,2016,July,29,12,0,4,2,0.0,0,BB,FRA,Online TA,TA/TO,0,0,0,B,B,0,No Deposit,9.0,0,Transient-Party,91.13,1,1
City Hotel,1,176,2016,July,29,12,0,4,2,0.0,0,BB,GBR,Online TA,TA/TO,0,0,0,A,A,0,No Deposit,9.0,0,Transient,90.95,0,0
City Hotel,0,204,2016,July,29,12,0,4,2,0.0,0,BB,NLD,Online TA,TA/TO,0,0,0,B,B,1,No Deposit,9.0,0,Transient-Party,81.81,0,0
City Hotel,0,201,2016,July,29,12,0,4,2,0.0,0,BB,PRT,Online TA,TA/TO,0,0,0,B,B,0,No Deposit,9.0,0,Transient-Party,81.82,0,0
City Hotel,0,214,2016,July,29,12,0,4,2,0.0,0,BB,FRA,Online TA,TA/TO,0,0,0,B,B,0,No Deposit,9.0,0,Transient-Party,81.5,0,1
City Hotel,1,142,2016,July,29,12,0,5,2,0.0,0,BB,ITA,Online TA,TA/TO,0,0,0,A,A,0,No Deposit,9.0,0,Transient,99.45,0,0
City Hotel,1,94,2016,July,29,12,1,5,2,0.0,0,SC,AUS,Online TA,TA/TO,0,0,0,A,A,0,No Deposit,9.0,0,Transient,94.5,0,0
City Hotel,1,113,2016,July,29,12,2,5,2,0.0,0,BB,RUS,Online TA,TA/TO,0,0,0,A,A,2,No Deposit,9.0,0,Transient,105.3,0,0
City Hotel,1,106,2016,July,29,12,2,6,2,0.0,0,SC,IRL,Online TA,TA/TO,0,0,0,A,A,0,No Deposit,9.0,0,Transient,94.5,0,0
City Hotel,1,70,2016,July,29,12,2,6,2,0.0,0,BB,PRT,Offline TA/TO,TA/TO,0,0,0,A,A,0,No Deposit,86.0,0,Transient,93.6,0,0
City Hotel,1,149,2016,July,29,12,2,6,2,0.0,0,SC,PRT,Online TA,TA/TO,0,0,0,A,A,0,No Deposit,7.0,0,Transient,89.25,0,0
City Hotel,1,71,2016,July,29,12,2,6,2,0.0,0,BB,PRT,Offline TA/TO,TA/TO,0,0,0,A,A,0,No Deposit,86.0,0,Transient,93.6,0,0
City Hotel,1,90,2016,July,29,13,0,1,2,0.0,0,BB,PRT,Online TA,TA/TO,0,0,0,A,A,0,No Deposit,9.0,0,Transient,105.3,0,0
City Hotel,1,119,2016,July,29,13,0,3,2,0.0,0,HB,PRT,Offline TA/TO,TA/TO,0,0,0,A,A,0,No Deposit,42.0,0,Transient-Party,97.75,0,1
City Hotel,1,101,2016,July,29,13,0,3,2,0.0,0,BB,FRA,Online TA,TA/TO,0,0,0,A,A,0,No Deposit,9.0,0,Transient,105.3,0,0
City Hotel,1,8,2016,July,29,13,0,3,2,0.0,0,BB,FRA,Online TA,TA/TO,0,0,0,A,A,0,No Deposit,9.0,0,Transient,151.0,0,1
City Hotel,1,111,2016,July,29,13,0,3,2,0.0,0,BB,PRT,Offline TA/TO,TA/TO,0,0,0,A,A,0,No Deposit,28.0,0,Transient,72.25,0,0
City Hotel,1,84,2016,July,29,13,0,4,2,0.0,0,SC,DEU,Online TA,TA/TO,0,0,0,A,A,0,No Deposit,9.0,0,Transient,94.5,0,0
City Hotel,1,76,2016,July,29,13,0,4,2,0.0,0,BB,PRT,Offline TA/TO,TA/TO,0,0,0,A,A,0,No Deposit,86.0,0,Transient,79.56,0,0
City Hotel,1,86,2016,July,29,13,0,4,2,0.0,0,BB,ESP,Online TA,TA/TO,0,0,0,D,D,0,No Deposit,9.0,0,Transient,118.8,0,0
City Hotel,1,85,2016,July,29,13,0,4,2,0.0,0,SC,ITA,Online TA,TA/TO,0,0,0,A,A,0,No Deposit,9.0,0,Transient,94.5,0,0
City Hotel,1,107,2016,July,29,13,1,4,2,0.0,0,BB,GBR,Online TA,TA/TO,0,0,0,A,A,0,No Deposit,9.0,0,Transient,105.3,0,0
City Hotel,1,50,2016,July,29,13,2,4,2,0.0,0,BB,PRT,Offline TA/TO,TA/TO,0,0,0,A,A,0,No Deposit,157.0,0,Transient,79.56,0,0
City Hotel,1,139,2016,July,29,13,2,7,2,0.0,0,BB,BRA,Online TA,TA/TO,0,0,0,D,D,3,No Deposit,9.0,0,Transient,130.99,0,0
City Hotel,1,193,2016,July,29,13,2,7,2,0.0,0,BB,DEU,Online TA,TA/TO,0,0,0,A,A,0,No Deposit,9.0,0,Transient,90.95,0,0
City Hotel,0,193,2016,July,29,13,2,7,2,0.0,0,BB,DEU,Online TA,TA/TO,0,0,0,A,A,0,No Deposit,9.0,0,Transient,90.95,0,0
City Hotel,1,372,2016,July,29,14,0,2,2,0.0,0,BB,PRT,Groups,TA/TO,0,0,0,A,A,0,Non Refund,1.0,0,Transient,62.0,0,0
City Hotel,1,372,2016,July,29,14,0,2,2,0.0,0,BB,PRT,Groups,TA/TO,0,0,0,A,A,0,Non Refund,1.0,0,Transient,62.0,0,0
City Hotel,1,372,2016,July,29,14,0,2,2,0.0,0,BB,PRT,Groups,TA/TO,0,0,0,A,A,0,Non Refund,1.0,0,Transient,62.0,0,0
City Hotel,1,372,2016,July,29,14,0,2,2,0.0,0,BB,PRT,Groups,TA/TO,0,0,0,A,A,0,Non Refund,1.0,0,Transient,62.0,0,0
City Hotel,1,372,2016,July,29,14,0,2,2,0.0,0,BB,PRT,Groups,TA/TO,0,0,0,A,A,0,Non Refund,1.0,0,Transient,62.0,0,0
City Hotel,1,372,2016,July,29,14,0,2,2,0.0,0,BB,PRT,Groups,TA/TO,0,0,0,A,A,0,Non Refund,1.0,0,Transient,62.0,0,0
City Hotel,1,372,2016,July,29,14,0,2,2,0.0,0,BB,PRT,Groups,TA/TO,0,0,0,A,A,0,Non Refund,1.0,0,Transient,62.0,0,0
City Hotel,1,372,2016,July,29,14,0,2,2,0.0,0,BB,PRT,Groups,TA/TO,0,0,0,A,A,0,Non Refund,1.0,0,Transient,62.0,0,0
City Hotel,1,372,2016,July,29,14,0,2,2,0.0,0,BB,PRT,Groups,TA/TO,0,0,0,A,A,0,Non Refund,1.0,0,Transient,62.0,0,0
City Hotel,1,372,2016,July,29,14,0,2,2,0.0,0,BB,PRT,Groups,TA/TO,0,0,0,A,A,0,Non Refund,1.0,0,Transient,62.0,0,0
City Hotel,1,372,2016,July,29,14,0,2,2,0.0,0,BB,PRT,Groups,TA/TO,0,0,0,A,A,0,Non Refund,1.0,0,Transient,62.0,0,0
City Hotel,1,64,2016,July,29,14,0,2,2,0.0,0,HB,DEU,Online TA,TA/TO,0,0,0,D,D,0,No Deposit,9.0,0,Transient,153.0,0,0
City Hotel,1,372,2016,July,29,14,0,2,2,0.0,0,BB,PRT,Groups,TA/TO,0,0,0,A,A,0,Non Refund,1.0,0,Transient,62.0,0,0
City Hotel,1,372,2016,July,29,14,0,2,2,0.0,0,BB,PRT,Groups,TA/TO,0,0,0,A,A,0,Non Refund,1.0,0,Transient,62.0,0,0
City Hotel,1,372,2016,July,29,14,0,2,2,0.0,0,BB,PRT,Groups,TA/TO,0,0,0,A,A,0,Non Refund,1.0,0,Transient,62.0,0,0
City Hotel,1,372,2016,July,29,14,0,2,2,0.0,0,BB,PRT,Groups,TA/TO,0,0,0,A,A,0,Non Refund,1.0,0,Transient,62.0,0,0
City Hotel,1,372,2016,July,29,14,0,2,2,0.0,0,BB,PRT,Groups,TA/TO,0,0,0,A,A,0,Non Refund,1.0,0,Transient,62.0,0,0
City Hotel,1,372,2016,July,29,14,0,2,2,0.0,0,BB,PRT,Groups,TA/TO,0,0,0,A,A,0,Non Refund,1.0,0,Transient,62.0,0,0
City Hotel,1,372,2016,July,29,14,0,2,2,0.0,0,BB,PRT,Groups,TA/TO,0,0,0,A,A,0,Non Refund,1.0,0,Transient,62.0,0,0
City Hotel,1,89,2016,July,29,14,0,2,2,0.0,0,BB,ESP,Online TA,TA/TO,0,0,0,D,D,0,No Deposit,9.0,0,Transient,127.8,0,1
City Hotel,1,372,2016,July,29,14,0,2,2,0.0,0,BB,PRT,Groups,TA/TO,0,0,0,A,A,0,Non Refund,1.0,0,Transient,62.0,0,0
City Hotel,1,372,2016,July,29,14,0,2,2,0.0,0,BB,PRT,Groups,TA/TO,0,0,0,A,A,0,Non Refund,1.0,0,Transient,62.0,0,0
City Hotel,1,372,2016,July,29,14,0,2,2,0.0,0,BB,PRT,Groups,TA/TO,0,0,0,A,A,0,Non Refund,1.0,0,Transient,62.0,0,0
City Hotel,1,372,2016,July,29,14,0,2,2,0.0,0,BB,PRT,Groups,TA/TO,0,0,0,A,A,0,Non Refund,1.0,0,Transient,62.0,0,0
City Hotel,1,372,2016,July,29,14,0,2,2,0.0,0,BB,PRT,Groups,TA/TO,0,0,0,A,A,0,Non Refund,1.0,0,Transient,62.0,0,0
City Hotel,1,372,2016,July,29,14,0,2,2,0.0,0,BB,PRT,Groups,TA/TO,0,0,0,A,A,0,Non Refund,1.0,0,Transient,62.0,0,0
City Hotel,1,372,2016,July,29,14,0,2,2,0.0,0,BB,PRT,Groups,TA/TO,0,0,0,A,A,0,Non Refund,1.0,0,Transient,62.0,0,0
City Hotel,1,372,2016,July,29,14,0,2,2,0.0,0,BB,PRT,Groups,TA/TO,0,0,0,A,A,0,Non Refund,1.0,0,Transient,62.0,0,0
City Hotel,1,372,2016,July,29,14,0,2,2,0.0,0,BB,PRT,Groups,TA/TO,0,0,0,A,A,0,Non Refund,1.0,0,Transient,62.0,0,0
City Hotel,1,372,2016,July,29,14,0,2,2,0.0,0,BB,PRT,Groups,TA/TO,0,0,0,A,A,0,Non Refund,1.0,0,Transient,62.0,0,0
City Hotel,1,372,2016,July,29,14,0,2,2,0.0,0,BB,PRT,Groups,TA/TO,0,0,0,A,A,0,Non Refund,1.0,0,Transient,62.0,0,0
City Hotel,1,372,2016,July,29,14,0,2,2,0.0,0,BB,PRT,Groups,TA/TO,0,0,0,A,A,0,Non Refund,1.0,0,Transient,62.0,0,0
City Hotel,1,30,2016,July,29,14,0,3,2,0.0,0,BB,SWE,Online TA,TA/TO,0,0,0,D,D,0,No Deposit,9.0,0,Transient,149.4,0,0
City Hotel,1,112,2016,July,29,14,0,3,2,0.0,0,BB,DNK,Online TA,TA/TO,0,0,0,A,A,0,No Deposit,9.0,0,Transient,105.3,0,0
City Hotel,1,94,2016,July,29,14,0,3,2,0.0,0,BB,FRA,Online TA,TA/TO,0,0,0,A,A,0,No Deposit,9.0,0,Transient,105.3,0,0
City Hotel,1,160,2016,July,29,14,0,3,2,0.0,0,SC,GBR,Online TA,TA/TO,0,0,0,A,A,0,No Deposit,9.0,0,Transient,94.5,0,0
City Hotel,1,65,2016,July,29,14,0,3,2,0.0,0,BB,PRT,Direct,Direct,0,0,0,E,E,0,No Deposit,14.0,0,Transient,139.5,0,0
City Hotel,1,91,2016,July,29,14,1,3,2,0.0,0,BB,FRA,Online TA,TA/TO,0,0,0,D,D,0,No Deposit,9.0,0,Transient,118.8,0,0
City Hotel,1,162,2016,July,29,14,2,5,2,0.0,0,SC,GBR,Online TA,TA/TO,0,0,0,A,A,0,No Deposit,9.0,0,Transient,86.82,0,0
City Hotel,1,150,2016,July,29,14,2,8,2,0.0,0,BB,FRA,Online TA,TA/TO,0,0,0,A,A,0,No Deposit,9.0,0,Transient,101.15,0,1
City Hotel,0,194,2016,July,29,15,0,1,2,0.0,0,BB,CHE,Online TA,TA/TO,0,0,0,B,B,1,No Deposit,9.0,0,Transient-Party,86.75,0,0
City Hotel,0,193,2016,July,29,15,0,1,2,0.0,0,BB,CHE,Online TA,TA/TO,0,0,0,B,A,0,No Deposit,9.0,0,Transient-Party,86.5,0,0
City Hotel,1,106,2016,July,29,15,0,1,2,0.0,0,SC,FRA,Online TA,TA/TO,0,0,0,A,A,0,No Deposit,9.0,0,Transient,94.5,0,0
City Hotel,0,194,2016,July,29,15,0,1,2,0.0,0,BB,CHE,Online TA,TA/TO,0,0,0,B,B,1,No Deposit,9.0,0,Transient-Party,86.75,0,0
City Hotel,1,18,2016,July,29,15,0,2,2,0.0,0,SC,ESP,Online TA,TA/TO,0,0,0,A,A,0,No Deposit,9.0,0,Transient,139.0,0,1
City Hotel,1,88,2016,July,29,15,1,2,2,0.0,0,BB,PRT,Offline TA/TO,TA/TO,0,0,0,D,A,0,No Deposit,3.0,0,Transient,82.45,0,0
City Hotel,1,175,2016,July,29,15,1,2,2,0.0,0,SC,PRT,Online TA,TA/TO,0,0,0,A,A,0,No Deposit,7.0,0,Transient,65.83,0,0
City Hotel,1,210,2016,July,29,15,2,2,2,0.0,0,HB,PRT,Groups,TA/TO,0,0,0,A,A,0,Non Refund,1.0,0,Transient,96.0,0,0
City Hotel,1,210,2016,July,29,15,2,2,2,0.0,0,HB,PRT,Groups,TA/TO,0,0,0,A,A,0,Non Refund,1.0,0,Transient,96.0,0,0
City Hotel,1,210,2016,July,29,15,2,2,2,0.0,0,HB,PRT,Groups,TA/TO,0,0,0,A,A,0,Non Refund,1.0,0,Transient,96.0,0,0
City Hotel,1,210,2016,July,29,15,2,2,2,0.0,0,HB,PRT,Groups,TA/TO,0,0,0,A,A,0,Non Refund,1.0,0,Transient,96.0,0,0
City Hotel,1,210,2016,July,29,15,2,2,2,0.0,0,HB,PRT,Groups,TA/TO,0,0,0,A,A,0,Non Refund,1.0,0,Transient,96.0,0,0
City Hotel,1,210,2016,July,29,15,2,2,2,0.0,0,HB,PRT,Groups,TA/TO,0,0,0,A,A,0,Non Refund,1.0,0,Transient,96.0,0,0
City Hotel,1,210,2016,July,29,15,2,2,2,0.0,0,HB,PRT,Groups,TA/TO,0,0,0,A,A,0,Non Refund,1.0,0,Transient,96.0,0,0
City Hotel,1,210,2016,July,29,15,2,2,2,0.0,0,HB,PRT,Groups,TA/TO,0,0,0,A,A,0,Non Refund,1.0,0,Transient,96.0,0,0
City Hotel,1,210,2016,July,29,15,2,2,2,0.0,0,HB,PRT,Groups,TA/TO,0,0,0,A,A,0,Non Refund,1.0,0,Transient,96.0,0,0
City Hotel,1,210,2016,July,29,15,2,2,2,0.0,0,HB,PRT,Groups,TA/TO,0,0,0,A,A,0,Non Refund,1.0,0,Transient,96.0,0,0
City Hotel,1,118,2016,July,29,15,2,3,2,0.0,0,BB,GBR,Online TA,TA/TO,0,0,0,A,A,0,No Deposit,9.0,0,Transient,99.45,0,0
City Hotel,1,144,2016,July,29,15,2,4,2,0.0,0,SC,GBR,Online TA,TA/TO,0,0,0,A,A,0,No Deposit,9.0,0,Transient,89.25,0,0
City Hotel,1,200,2016,July,29,15,3,7,2,0.0,0,BB,GBR,Online TA,TA/TO,0,0,0,A,A,0,No Deposit,9.0,0,Transient,90.95,0,1
City Hotel,1,200,2016,July,29,15,3,7,2,0.0,0,BB,GBR,Online TA,TA/TO,0,0,0,A,A,0,No Deposit,9.0,0,Transient,90.95,0,1
City Hotel,1,5,2016,July,29,16,0,1,2,0.0,0,BB,ESP,Online TA,TA/TO,0,0,0,A,A,0,No Deposit,9.0,0,Transient,151.0,0,0
City Hotel,1,10,2016,July,29,16,0,1,2,0.0,0,SC,PRT,Online TA,TA/TO,0,0,0,A,A,1,No Deposit,9.0,0,Transient,139.0,0,1
City Hotel,1,104,2016,July,29,16,0,1,2,0.0,0,SC,DEU,Online TA,TA/TO,0,0,0,A,A,0,No Deposit,9.0,0,Transient,94.5,0,0
City Hotel,1,145,2016,July,29,16,0,1,2,0.0,0,SC,ISR,Online TA,TA/TO,0,0,0,A,A,0,No Deposit,9.0,0,Transient,94.5,0,0
City Hotel,1,8,2016,July,29,16,1,1,2,0.0,0,SC,PRT,Online TA,TA/TO,0,0,0,A,A,0,No Deposit,9.0,0,Transient,139.0,0,0
City Hotel,1,104,2016,July,29,16,0,1,2,0.0,0,SC,DEU,Online TA,TA/TO,0,0,0,A,A,0,No Deposit,9.0,0,Transient,94.5,0,0
City Hotel,1,184,2016,July,29,16,1,1,2,0.0,0,HB,PRT,Groups,TA/TO,0,0,0,A,A,0,No Deposit,1.0,0,Transient-Party,96.0,0,0
City Hotel,1,104,2016,July,29,16,1,1,2,0.0,0,BB,PRT,Online TA,TA/TO,0,0,0,A,A,0,No Deposit,7.0,0,Transient,105.3,0,0
City Hotel,1,19,2016,July,29,16,1,1,2,0.0,0,BB,CZE,Online TA,TA/TO,0,0,0,A,A,0,No Deposit,9.0,0,Transient,151.0,0,1
City Hotel,1,124,2016,July,29,16,2,1,2,0.0,0,BB,CN,Online TA,TA/TO,0,0,0,D,D,0,No Deposit,9.0,0,Transient,118.8,0,1
City Hotel,1,99,2016,July,29,16,2,1,2,0.0,0,SC,USA,Online TA,TA/TO,0,0,0,A,A,0,No Deposit,9.0,0,Transient,94.5,0,1
City Hotel,1,124,2016,July,29,16,2,1,2,0.0,0,BB,CN,Online TA,TA/TO,0,0,0,D,D,0,No Deposit,9.0,0,Transient,118.8,0,1
City Hotel,1,4,2016,July,29,16,2,2,2,0.0,0,BB,PRT,Offline TA/TO,TA/TO,0,0,0,A,A,0,No Deposit,118.0,0,Transient,72.25,0,0
City Hotel,1,157,2016,July,29,16,2,2,2,0.0,0,SC,ROU,Online TA,TA/TO,0,0,0,A,A,0,No Deposit,9.0,0,Transient,87.13,0,0
City Hotel,0,207,2016,July,29,16,2,2,2,0.0,0,BB,PRT,Direct,Direct,0,0,0,B,B,1,No Deposit,14.0,0,Transient-Party,83.76,0,1
City Hotel,1,157,2016,July,29,16,2,2,2,0.0,0,SC,ROU,Online TA,TA/TO,0,0,0,A,A,0,No Deposit,9.0,0,Transient,87.13,0,0
City Hotel,1,152,2016,July,29,16,2,4,2,0.0,0,HB,ITA,Online TA,TA/TO,0,0,0,A,A,1,No Deposit,9.0,0,Transient,133.17,0,0
City Hotel,1,108,2016,July,29,16,2,5,2,0.0,0,BB,NLD,Online TA,TA/TO,0,0,0,D,D,0,No Deposit,9.0,0,Transient,121.37,0,0
City Hotel,0,210,2016,July,29,16,2,5,2,0.0,0,SC,CHL,Online TA,TA/TO,0,0,0,A,A,0,No Deposit,9.0,0,Transient,87.18,0,1
City Hotel,1,108,2016,July,29,16,2,5,2,0.0,0,BB,NLD,Online TA,TA/TO,0,0,0,D,D,0,No Deposit,9.0,0,Transient,121.37,0,0
City Hotel,1,108,2016,July,29,16,2,5,2,0.0,0,BB,NLD,Online TA,TA/TO,0,0,0,D,D,0,No Deposit,9.0,0,Transient,121.37,0,0
City Hotel,1,68,2016,July,29,16,2,5,2,0.0,0,BB,FRA,Online TA,TA/TO,0,0,0,D,D,0,No Deposit,9.0,0,Transient,123.17,0,0
City Hotel,1,134,2016,July,30,17,1,0,2,0.0,0,SC,USA,Online TA,TA/TO,0,0,0,A,A,0,No Deposit,9.0,0,Transient,94.5,0,1
City Hotel,1,25,2016,July,30,17,1,0,2,0.0,0,SC,BRA,Direct,Direct,0,0,0,A,A,0,No Deposit,14.0,0,Transient,139.0,0,0
City Hotel,1,179,2016,July,30,17,1,0,2,0.0,0,SC,GBR,Online TA,TA/TO,0,0,0,A,D,0,No Deposit,9.0,0,Transient,85.5,0,1
City Hotel,0,198,2016,July,30,17,1,0,2,0.0,0,BB,GBR,Online TA,TA/TO,0,0,0,B,B,1,No Deposit,9.0,0,Transient-Party,86.75,0,0
City Hotel,1,12,2016,July,30,17,1,0,2,0.0,0,BB,PRT,Offline TA/TO,TA/TO,0,0,0,A,A,0,No Deposit,138.0,0,Transient,85.0,0,0
City Hotel,1,61,2016,July,30,17,2,0,2,0.0,0,SC,ITA,Online TA,TA/TO,0,0,0,A,A,0,No Deposit,9.0,0,Transient,94.5,0,0
City Hotel,1,140,2016,July,30,17,2,0,2,0.0,0,SC,RUS,Online TA,TA/TO,0,0,0,A,A,0,No Deposit,9.0,0,Transient,94.5,0,0
City Hotel,1,85,2016,July,30,17,2,2,2,0.0,0,SC,ESP,Online TA,TA/TO,0,0,0,A,A,0,No Deposit,9.0,0,Transient,94.5,0,0
City Hotel,1,85,2016,July,30,17,2,2,2,0.0,0,SC,ESP,Online TA,TA/TO,0,0,0,A,A,0,No Deposit,9.0,0,Transient,94.5,0,0
City Hotel,1,64,2016,July,30,17,2,2,2,0.0,0,BB,GBR,Online TA,TA/TO,0,0,0,A,A,0,No Deposit,9.0,0,Transient,105.3,0,0
City Hotel,1,65,2016,July,30,17,2,3,2,0.0,0,BB,PRT,Direct,Direct,0,0,0,E,E,0,No Deposit,,0,Transient-Party,131.75,0,1
City Hotel,1,84,2016,July,30,17,2,3,2,0.0,0,SC,FRA,Online TA,TA/TO,0,0,0,A,A,0,No Deposit,9.0,0,Transient,96.3,0,0
City Hotel,1,5,2016,July,30,17,2,3,2,0.0,0,BB,PRT,Corporate,Corporate,0,0,0,E,E,0,No Deposit,,0,Transient,143.0,0,1
City Hotel,1,155,2016,July,30,17,2,5,2,0.0,0,BB,FRA,Online TA,TA/TO,0,0,0,A,A,6,No Deposit,9.0,0,Transient,101.88,0,1
City Hotel,1,155,2016,July,30,17,2,5,2,0.0,0,BB,FRA,Online TA,TA/TO,0,0,0,A,A,6,No Deposit,9.0,0,Transient,101.88,0,1
City Hotel,1,78,2016,July,30,18,1,1,2,0.0,0,BB,AUT,Online TA,TA/TO,0,0,0,A,A,0,No Deposit,8.0,0,Transient,105.3,0,0
City Hotel,1,216,2016,July,30,18,1,1,2,0.0,0,BB,AUT,Online TA,TA/TO,0,0,0,B,B,0,No Deposit,9.0,0,Transient,86.63,0,1
City Hotel,1,217,2016,July,30,18,1,1,2,0.0,0,BB,FRA,Online TA,TA/TO,0,0,0,B,B,0,No Deposit,9.0,0,Transient,95.63,0,1
City Hotel,1,78,2016,July,30,18,1,1,2,0.0,0,BB,AUT,Online TA,TA/TO,0,0,0,A,A,0,No Deposit,8.0,0,Transient,105.3,0,0
City Hotel,1,58,2016,July,30,18,1,2,2,0.0,0,SC,FRA,Online TA,TA/TO,0,0,0,A,A,0,No Deposit,9.0,0,Transient,94.5,0,0
City Hotel,1,112,2016,July,30,18,1,2,2,0.0,0,BB,DEU,Online TA,TA/TO,0,0,0,A,A,0,No Deposit,9.0,0,Transient,105.3,0,0
City Hotel,1,52,2016,July,30,18,1,2,2,0.0,0,SC,ESP,Online TA,TA/TO,0,0,0,A,A,0,No Deposit,9.0,0,Transient,94.5,0,0
City Hotel,1,112,2016,July,30,18,1,2,2,0.0,0,BB,BEL,Online TA,TA/TO,0,0,0,A,A,0,No Deposit,9.0,0,Transient,105.3,0,0
City Hotel,1,54,2016,July,30,18,1,2,2,0.0,0,SC,RUS,Online TA,TA/TO,0,0,0,A,A,0,No Deposit,9.0,0,Transient,94.5,0,0
City Hotel,1,103,2016,July,30,18,1,3,2,0.0,0,BB,PRT,Offline TA/TO,TA/TO,0,0,0,A,B,0,No Deposit,85.0,0,Transient,72.25,0,0
City Hotel,1,165,2016,July,30,18,1,3,2,0.0,0,SC,MOZ,Online TA,TA/TO,0,0,0,A,A,0,No Deposit,9.0,0,Transient,85.0,0,1
City Hotel,1,179,2016,July,30,18,1,3,2,0.0,0,SC,ITA,Online TA,TA/TO,0,0,0,A,A,0,No Deposit,9.0,0,Transient,80.75,0,0
City Hotel,1,170,2016,July,30,18,1,3,2,0.0,0,BB,DEU,Online TA,TA/TO,0,0,0,A,A,0,No Deposit,9.0,0,Transient,95.2,0,1
City Hotel,1,113,2016,July,30,18,1,3,2,0.0,0,BB,POL,Online TA,TA/TO,0,0,0,A,A,0,No Deposit,9.0,0,Transient,107.55,0,0
City Hotel,1,87,2016,July,30,18,1,3,2,0.0,0,HB,ESP,Online TA,TA/TO,0,0,0,A,A,0,No Deposit,9.0,0,Transient,141.75,0,1
City Hotel,0,198,2016,July,30,18,1,3,2,0.0,0,BB,POL,Online TA,TA/TO,0,0,0,A,A,0,No Deposit,9.0,0,Transient,90.95,0,1
City Hotel,1,147,2016,July,30,18,1,5,2,0.0,0,BB,PRT,Online TA,TA/TO,0,0,0,A,A,0,No Deposit,7.0,0,Transient,78.76,0,0
City Hotel,1,116,2016,July,30,18,2,5,2,0.0,0,BB,ITA,Online TA,TA/TO,0,0,0,D,D,0,No Deposit,9.0,0,Transient,121.37,0,0
City Hotel,1,185,2016,July,30,18,2,5,2,0.0,0,BB,SWE,Online TA,TA/TO,0,0,0,A,A,0,No Deposit,9.0,0,Transient,90.95,0,0
City Hotel,1,106,2016,July,30,18,2,5,2,0.0,0,BB,RUS,Online TA,TA/TO,0,0,0,D,D,0,No Deposit,9.0,0,Transient,121.37,0,0
City Hotel,1,109,2016,July,30,18,3,6,2,0.0,0,BB,PRT,Offline TA/TO,TA/TO,0,0,0,A,A,0,No Deposit,3.0,0,Transient,72.25,0,0
City Hotel,0,204,2016,July,30,18,3,8,2,0.0,0,BB,BEL,Online TA,TA/TO,0,0,0,A,B,1,No Deposit,9.0,0,Transient-Party,90.95,0,1
City Hotel,0,204,2016,July,30,18,3,8,2,0.0,0,BB,BEL,Online TA,TA/TO,0,0,0,A,B,1,No Deposit,9.0,0,Transient-Party,90.95,0,1
City Hotel,1,111,2016,July,30,18,7,19,2,0.0,0,BB,CPV,Online TA,TA/TO,0,0,0,D,D,0,No Deposit,9.0,0,Transient,122.61,0,0
City Hotel,1,1,2016,July,30,19,0,1,2,0.0,0,SC,FRA,Online TA,TA/TO,0,0,0,A,A,0,No Deposit,9.0,0,Transient,139.0,0,1
City Hotel,1,143,2016,July,30,19,0,3,2,0.0,0,BB,ESP,Online TA,TA/TO,0,0,0,D,D,0,No Deposit,9.0,0,Transient,121.8,0,0
City Hotel,1,12,2016,July,30,19,0,3,2,0.0,0,BB,GBR,Online TA,TA/TO,0,0,0,A,A,0,No Deposit,9.0,0,Transient,134.33,0,2
City Hotel,1,43,2016,July,30,19,0,3,2,0.0,0,BB,SWE,Online TA,TA/TO,0,0,0,A,A,0,No Deposit,9.0,0,Transient,123.9,0,0
City Hotel,1,42,2016,July,30,19,0,3,2,0.0,0,BB,PRT,Offline TA/TO,TA/TO,0,0,0,A,A,0,No Deposit,138.0,0,Transient,85.0,0,0
City Hotel,1,66,2016,July,30,19,0,3,2,0.0,0,BB,ITA,Online TA,TA/TO,0,0,0,D,D,2,No Deposit,9.0,0,Transient,126.0,0,0
City Hotel,1,43,2016,July,30,19,0,3,2,0.0,0,BB,SWE,Online TA,TA/TO,0,0,0,A,A,0,No Deposit,9.0,0,Transient,123.9,0,0
City Hotel,1,143,2016,July,30,19,0,3,2,0.0,0,BB,ESP,Online TA,TA/TO,0,0,0,D,D,0,No Deposit,9.0,0,Transient,121.8,0,0
City Hotel,1,87,2016,July,30,19,0,4,2,0.0,0,BB,PRT,Offline TA/TO,TA/TO,0,0,0,A,A,0,No Deposit,85.0,0,Transient,72.25,0,0
City Hotel,1,186,2016,July,30,19,0,5,2,0.0,0,BB,ITA,Online TA,TA/TO,0,0,0,A,A,1,No Deposit,9.0,0,Transient,90.95,0,1
City Hotel,1,203,2016,July,30,19,0,5,2,0.0,0,BB,ITA,Online TA,TA/TO,0,0,0,A,A,2,No Deposit,9.0,0,Transient,90.95,0,1
City Hotel,1,106,2016,July,30,19,2,5,2,0.0,0,BB,ITA,Online TA,TA/TO,0,0,0,D,D,0,No Deposit,9.0,0,Transient,121.37,0,0
City Hotel,1,80,2016,July,30,20,0,1,2,0.0,0,BB,PRT,Online TA,TA/TO,0,0,0,A,A,0,No Deposit,8.0,0,Transient,105.3,0,0
City Hotel,1,80,2016,July,30,20,0,1,2,0.0,0,BB,PRT,Online TA,TA/TO,0,0,0,A,A,0,No Deposit,8.0,0,Transient,105.3,0,0
City Hotel,1,38,2016,July,30,20,0,1,2,0.0,0,BB,FRA,Online TA,TA/TO,0,0,0,A,A,0,No Deposit,9.0,0,Transient,117.9,0,0
City Hotel,1,15,2016,July,30,20,0,1,2,0.0,0,SC,ESP,Online TA,TA/TO,0,0,0,A,A,0,No Deposit,9.0,0,Transient,89.0,0,0
City Hotel,1,384,2016,July,30,20,0,2,2,0.0,0,BB,PRT,Groups,TA/TO,0,0,0,A,A,0,Non Refund,1.0,0,Transient,65.0,0,0
City Hotel,1,384,2016,July,30,20,0,2,2,0.0,0,BB,PRT,Groups,TA/TO,0,0,0,A,A,0,Non Refund,1.0,0,Transient,65.0,0,0
City Hotel,1,384,2016,July,30,20,0,2,2,0.0,0,BB,PRT,Groups,TA/TO,0,0,0,A,A,0,Non Refund,1.0,0,Transient,65.0,0,0
City Hotel,1,384,2016,July,30,20,0,2,2,0.0,0,BB,PRT,Groups,TA/TO,0,0,0,A,A,0,Non Refund,1.0,0,Transient,65.0,0,0
City Hotel,1,384,2016,July,30,20,0,2,2,0.0,0,BB,PRT,Groups,TA/TO,0,0,0,A,A,0,Non Refund,1.0,0,Transient,65.0,0,0
City Hotel,1,384,2016,July,30,20,0,2,2,0.0,0,BB,PRT,Groups,TA/TO,0,0,0,A,A,0,Non Refund,1.0,0,Transient,65.0,0,0
City Hotel,1,384,2016,July,30,20,0,2,2,0.0,0,BB,PRT,Groups,TA/TO,0,0,0,A,A,0,Non Refund,1.0,0,Transient,65.0,0,0
City Hotel,1,384,2016,July,30,20,0,2,2,0.0,0,BB,PRT,Groups,TA/TO,0,0,0,A,A,0,Non Refund,1.0,0,Transient,65.0,0,0
City Hotel,1,384,2016,July,30,20,0,2,2,0.0,0,BB,PRT,Groups,TA/TO,0,0,0,A,A,0,Non Refund,1.0,0,Transient,65.0,0,0
City Hotel,1,384,2016,July,30,20,0,2,2,0.0,0,BB,PRT,Groups,TA/TO,0,0,0,A,A,0,Non Refund,1.0,0,Transient,65.0,0,0
City Hotel,1,125,2016,July,30,20,0,2,2,0.0,0,BB,PRT,Offline TA/TO,TA/TO,0,0,0,B,B,0,No Deposit,16.0,0,Transient-Party,72.25,0,0
City Hotel,1,384,2016,July,30,20,0,2,2,0.0,0,BB,PRT,Groups,TA/TO,0,0,0,A,A,0,Non Refund,1.0,0,Transient,65.0,0,0
City Hotel,1,384,2016,July,30,20,0,2,2,0.0,0,BB,PRT,Groups,TA/TO,0,0,0,A,A,0,Non Refund,1.0,0,Transient,65.0,0,0
City Hotel,1,125,2016,July,30,20,0,2,2,0.0,0,BB,PRT,Offline TA/TO,TA/TO,0,0,0,B,B,0,No Deposit,16.0,0,Transient-Party,72.25,0,0
City Hotel,1,384,2016,July,30,20,0,2,2,0.0,0,BB,PRT,Groups,TA/TO,0,0,0,A,A,0,Non Refund,1.0,0,Transient,65.0,0,0
City Hotel,1,384,2016,July,30,20,0,2,2,0.0,0,BB,PRT,Groups,TA/TO,0,0,0,A,A,0,Non Refund,1.0,0,Transient,65.0,0,0
City Hotel,1,384,2016,July,30,20,0,2,2,0.0,0,BB,PRT,Groups,TA/TO,0,0,0,A,A,0,Non Refund,1.0,0,Transient,65.0,0,0
City Hotel,1,384,2016,July,30,20,0,2,2,0.0,0,BB,PRT,Groups,TA/TO,0,0,0,A,A,0,Non Refund,1.0,0,Transient,65.0,0,0
City Hotel,1,384,2016,July,30,20,0,2,2,0.0,0,BB,PRT,Groups,TA/TO,0,0,0,A,A,0,Non Refund,1.0,0,Transient,65.0,0,0
City Hotel,1,384,2016,July,30,20,0,2,2,0.0,0,BB,PRT,Groups,TA/TO,0,0,0,A,A,0,Non Refund,1.0,0,Transient,65.0,0,0
City Hotel,1,384,2016,July,30,20,0,2,2,0.0,0,BB,PRT,Groups,TA/TO,0,0,0,A,A,0,Non Refund,1.0,0,Transient,65.0,0,0
City Hotel,1,384,2016,July,30,20,0,2,2,0.0,0,BB,PRT,Groups,TA/TO,0,0,0,A,A,0,Non Refund,1.0,0,Transient,65.0,0,0
City Hotel,1,384,2016,July,30,20,0,2,2,0.0,0,BB,PRT,Groups,TA/TO,0,0,0,A,A,0,Non Refund,1.0,0,Transient,65.0,0,0
City Hotel,1,384,2016,July,30,20,0,2,2,0.0,0,BB,PRT,Groups,TA/TO,0,0,0,A,A,0,Non Refund,1.0,0,Transient,65.0,0,0
City Hotel,1,384,2016,July,30,20,0,2,2,0.0,0,BB,PRT,Groups,TA/TO,0,0,0,A,A,0,Non Refund,1.0,0,Transient,65.0,0,0
City Hotel,1,149,2016,July,30,20,0,3,2,0.0,0,BB,DNK,Online TA,TA/TO,0,0,0,A,A,0,No Deposit,9.0,0,Transient,105.9,0,0
City Hotel,1,120,2016,July,30,20,0,4,2,0.0,0,BB,PRT,Offline TA/TO,TA/TO,0,0,0,A,A,0,No Deposit,42.0,0,Transient,72.25,0,0
City Hotel,0,0,2016,July,30,20,0,4,2,0.0,0,BB,DEU,Direct,Direct,0,0,0,A,A,3,No Deposit,,0,Transient,99.7,0,0
City Hotel,0,207,2016,July,30,20,1,4,2,0.0,0,BB,BEL,Direct,Direct,0,0,0,A,A,0,No Deposit,14.0,0,Transient,80.75,0,0
City Hotel,0,207,2016,July,30,20,1,4,2,0.0,0,BB,BEL,Direct,Direct,0,0,0,A,A,0,No Deposit,14.0,0,Transient,80.75,0,0
City Hotel,0,195,2016,July,30,20,2,4,2,0.0,0,SC,PRT,Online TA,TA/TO,0,0,0,A,A,1,No Deposit,8.0,0,Transient,0.0,0,1
City Hotel,0,202,2016,July,30,21,0,1,2,0.0,0,BB,GBR,Online TA,TA/TO,0,0,0,B,A,4,No Deposit,9.0,0,Transient-Party,86.75,0,0
City Hotel,1,150,2016,July,30,21,0,1,2,0.0,0,SC,PRT,Offline TA/TO,TA/TO,0,0,0,A,A,0,No Deposit,85.0,0,Transient,63.75,0,0
City Hotel,1,379,2016,July,30,21,0,2,2,0.0,0,BB,PRT,Groups,TA/TO,0,0,0,A,A,0,Non Refund,1.0,0,Transient,62.0,0,0
City Hotel,1,379,2016,July,30,21,0,2,2,0.0,0,BB,PRT,Groups,TA/TO,0,0,0,A,A,0,Non Refund,1.0,0,Transient,62.0,0,0
City Hotel,1,150,2016,July,30,21,0,1,2,0.0,0,SC,PRT,Offline TA/TO,TA/TO,0,0,0,A,A,0,No Deposit,85.0,0,Transient,63.75,0,0
City Hotel,1,9,2016,July,30,21,0,1,2,0.0,0,BB,DEU,Online TA,TA/TO,0,0,0,D,D,0,No Deposit,9.0,0,Transient,166.0,0,0
City Hotel,1,292,2016,July,30,21,0,2,2,0.0,0,HB,PRT,Offline TA/TO,TA/TO,0,0,0,A,A,0,No Deposit,6.0,0,Transient-Party,109.0,0,0
City Hotel,1,379,2016,July,30,21,0,2,2,0.0,0,BB,PRT,Groups,TA/TO,0,0,0,A,A,0,Non Refund,1.0,0,Transient,62.0,0,0
City Hotel,1,379,2016,July,30,21,0,2,2,0.0,0,BB,PRT,Groups,TA/TO,0,0,0,A,A,0,Non Refund,1.0,0,Transient,62.0,0,0
City Hotel,1,379,2016,July,30,21,0,2,2,0.0,0,BB,PRT,Groups,TA/TO,0,0,0,A,A,0,Non Refund,1.0,0,Transient,62.0,0,0
City Hotel,1,379,2016,July,30,21,0,2,2,0.0,0,BB,PRT,Groups,TA/TO,0,0,0,A,A,0,Non Refund,1.0,0,Transient,62.0,0,0
City Hotel,1,379,2016,July,30,21,0,2,2,0.0,0,BB,PRT,Groups,TA/TO,0,0,0,A,A,0,Non Refund,1.0,0,Transient,62.0,0,0
City Hotel,1,379,2016,July,30,21,0,2,2,0.0,0,BB,PRT,Groups,TA/TO,0,0,0,A,A,0,Non Refund,1.0,0,Transient,62.0,0,0
City Hotel,1,379,2016,July,30,21,0,2,2,0.0,0,BB,PRT,Groups,TA/TO,0,0,0,A,A,0,Non Refund,1.0,0,Transient,62.0,0,0
City Hotel,1,379,2016,July,30,21,0,2,2,0.0,0,BB,PRT,Groups,TA/TO,0,0,0,A,A,0,Non Refund,1.0,0,Transient,62.0,0,0
City Hotel,1,379,2016,July,30,21,0,2,2,0.0,0,BB,PRT,Groups,TA/TO,0,0,0,A,A,0,Non Refund,1.0,0,Transient,62.0,0,0
City Hotel,1,379,2016,July,30,21,0,2,2,0.0,0,BB,PRT,Groups,TA/TO,0,0,0,A,A,0,Non Refund,1.0,0,Transient,62.0,0,0
City Hotel,1,379,2016,July,30,21,0,2,2,0.0,0,BB,PRT,Groups,TA/TO,0,0,0,A,A,0,Non Refund,1.0,0,Transient,62.0,0,0
City Hotel,1,379,2016,July,30,21,0,2,2,0.0,0,BB,PRT,Groups,TA/TO,0,0,0,A,A,0,Non Refund,1.0,0,Transient,62.0,0,0
City Hotel,1,379,2016,July,30,21,0,2,2,0.0,0,BB,PRT,Groups,TA/TO,0,0,0,A,A,0,Non Refund,1.0,0,Transient,62.0,0,0
City Hotel,1,379,2016,July,30,21,0,2,2,0.0,0,BB,PRT,Groups,TA/TO,0,0,0,A,A,0,Non Refund,1.0,0,Transient,62.0,0,0
City Hotel,1,379,2016,July,30,21,0,2,2,0.0,0,BB,PRT,Groups,TA/TO,0,0,0,A,A,0,Non Refund,1.0,0,Transient,62.0,0,0
City Hotel,1,379,2016,July,30,21,0,2,2,0.0,0,BB,PRT,Groups,TA/TO,0,0,0,A,A,0,Non Refund,1.0,0,Transient,62.0,0,0
City Hotel,0,205,2016,July,30,21,0,2,2,0.0,0,BB,ESP,Online TA,TA/TO,0,0,0,B,B,0,No Deposit,9.0,0,Transient,86.63,0,0
City Hotel,1,379,2016,July,30,21,0,2,2,0.0,0,BB,PRT,Groups,TA/TO,0,0,0,A,A,0,Non Refund,1.0,0,Transient,62.0,0,0
City Hotel,1,379,2016,July,30,21,0,2,2,0.0,0,BB,PRT,Groups,TA/TO,0,0,0,A,A,0,Non Refund,1.0,0,Transient,62.0,0,0
City Hotel,1,379,2016,July,30,21,0,2,2,0.0,0,BB,PRT,Groups,TA/TO,0,0,0,A,A,0,Non Refund,1.0,0,Transient,62.0,0,0
City Hotel,0,208,2016,July,30,21,0,2,2,0.0,0,BB,ESP,Online TA,TA/TO,0,0,0,B,B,1,No Deposit,9.0,0,Transient,104.62,1,0
City Hotel,1,14,2016,July,30,21,0,2,2,0.0,0,BB,PRT,Corporate,Corporate,0,0,0,A,A,0,No Deposit,,0,Transient-Party,105.0,0,0
City Hotel,1,292,2016,July,30,21,0,2,2,0.0,0,HB,PRT,Offline TA/TO,TA/TO,0,0,0,A,A,0,No Deposit,6.0,0,Transient-Party,109.0,0,0
City Hotel,1,379,2016,July,30,21,0,2,2,0.0,0,BB,PRT,Groups,TA/TO,0,0,0,A,A,0,Non Refund,1.0,0,Transient,62.0,0,0
City Hotel,1,379,2016,July,30,21,0,2,2,0.0,0,BB,PRT,Groups,TA/TO,0,0,0,A,A,0,Non Refund,1.0,0,Transient,62.0,0,0
City Hotel,1,379,2016,July,30,21,0,2,2,0.0,0,BB,PRT,Groups,TA/TO,0,0,0,A,A,0,Non Refund,1.0,0,Transient,62.0,0,0
City Hotel,1,379,2016,July,30,21,0,2,2,0.0,0,BB,PRT,Groups,TA/TO,0,0,0,A,A,0,Non Refund,1.0,0,Transient,62.0,0,0
City Hotel,1,379,2016,July,30,21,0,2,2,0.0,0,BB,PRT,Groups,TA/TO,0,0,0,A,A,0,Non Refund,1.0,0,Transient,62.0,0,0
City Hotel,1,379,2016,July,30,21,0,2,2,0.0,0,BB,PRT,Groups,TA/TO,0,0,0,A,A,0,Non Refund,1.0,0,Transient,62.0,0,0
City Hotel,1,379,2016,July,30,21,0,2,2,0.0,0,BB,PRT,Groups,TA/TO,0,0,0,A,A,0,Non Refund,1.0,0,Transient,62.0,0,0
City Hotel,1,98,2016,July,30,21,0,3,2,0.0,0,BB,BEN,Online TA,TA/TO,0,0,0,D,D,0,No Deposit,9.0,0,Transient,124.8,0,0
City Hotel,1,164,2016,July,30,21,0,3,2,0.0,0,SC,ESP,Online TA,TA/TO,0,0,0,A,A,0,No Deposit,9.0,0,Transient,94.5,0,0
City Hotel,1,379,2016,July,30,21,0,2,2,0.0,0,BB,PRT,Groups,TA/TO,0,0,0,A,A,0,Non Refund,1.0,0,Transient,62.0,0,0
City Hotel,1,379,2016,July,30,21,0,2,2,0.0,0,BB,PRT,Groups,TA/TO,0,0,0,A,A,0,Non Refund,1.0,0,Transient,62.0,0,0
City Hotel,1,132,2016,July,30,21,2,4,2,0.0,0,BB,DEU,Online TA,TA/TO,0,0,0,A,A,0,No Deposit,9.0,0,Transient,102.28,0,0
City Hotel,1,0,2016,July,30,22,0,1,2,0.0,0,BB,PRT,Corporate,Corporate,0,0,0,A,E,0,No Deposit,,0,Transient-Party,75.0,0,0
City Hotel,1,65,2016,July,30,22,0,2,2,0.0,0,BB,PRT,Groups,TA/TO,0,0,0,A,A,0,No Deposit,1.0,0,Transient-Party,64.0,0,0
City Hotel,1,65,2016,July,30,22,0,2,2,0.0,0,BB,PRT,Groups,TA/TO,0,0,0,A,A,0,No Deposit,1.0,0,Transient-Party,64.0,0,0
City Hotel,1,226,2016,July,30,22,0,2,2,0.0,0,BB,PRT,Groups,TA/TO,0,0,0,A,A,0,No Deposit,1.0,96,Transient-Party,64.0,0,0
City Hotel,1,101,2016,July,30,22,0,2,2,0.0,0,BB,ITA,Online TA,TA/TO,0,0,0,D,D,0,No Deposit,9.0,0,Transient,123.3,0,0
City Hotel,1,101,2016,July,30,22,0,2,2,0.0,0,BB,ITA,Online TA,TA/TO,0,0,0,D,D,0,No Deposit,9.0,0,Transient,123.3,0,0
City Hotel,1,65,2016,July,30,22,0,2,2,0.0,0,BB,PRT,Groups,TA/TO,0,0,0,A,A,0,No Deposit,1.0,0,Transient-Party,64.0,0,0
City Hotel,1,65,2016,July,30,22,0,2,2,0.0,0,BB,PRT,Groups,TA/TO,0,0,0,A,A,0,No Deposit,1.0,0,Transient-Party,64.0,0,0
City Hotel,1,65,2016,July,30,22,0,2,2,0.0,0,BB,PRT,Groups,TA/TO,0,0,0,A,A,0,No Deposit,1.0,0,Transient-Party,64.0,0,0
City Hotel,1,178,2016,July,30,22,1,2,2,0.0,0,SC,MAC,Online TA,TA/TO,0,0,0,A,A,0,No Deposit,9.0,0,Transient,88.5,0,0
City Hotel,1,178,2016,July,30,22,1,2,2,0.0,0,SC,MAC,Online TA,TA/TO,0,0,0,A,A,0,No Deposit,9.0,0,Transient,88.5,0,0
City Hotel,1,205,2016,July,30,22,2,3,2,0.0,0,BB,GBR,Online TA,TA/TO,0,0,0,A,A,0,No Deposit,9.0,0,Transient-Party,90.95,0,0
City Hotel,1,205,2016,July,30,22,2,3,2,0.0,0,BB,GBR,Online TA,TA/TO,0,0,0,A,A,0,No Deposit,9.0,0,Transient-Party,90.95,0,0
City Hotel,1,152,2016,July,30,22,2,3,2,0.0,0,BB,ARE,Online TA,TA/TO,0,0,0,A,A,0,No Deposit,9.0,0,Transient,101.15,0,0
City Hotel,1,152,2016,July,30,22,2,3,2,0.0,0,BB,ARE,Online TA,TA/TO,0,0,0,A,A,0,No Deposit,9.0,0,Transient,101.15,0,0
City Hotel,1,205,2016,July,30,22,2,3,2,0.0,0,BB,GBR,Online TA,TA/TO,0,0,0,A,A,0,No Deposit,9.0,0,Transient-Party,90.95,0,1
City Hotel,1,205,2016,July,30,22,2,3,2,0.0,0,BB,GBR,Online TA,TA/TO,0,0,0,A,A,0,No Deposit,9.0,0,Transient-Party,90.95,0,0
City Hotel,1,205,2016,July,30,22,2,3,2,0.0,0,BB,GBR,Online TA,TA/TO,0,0,0,A,A,0,No Deposit,9.0,0,Transient-Party,90.95,0,0
City Hotel,1,125,2016,July,30,22,2,5,2,0.0,0,BB,POL,Online TA,TA/TO,0,0,0,D,D,0,No Deposit,9.0,0,Transient,113.41,0,0
City Hotel,1,171,2016,July,30,22,2,6,2,0.0,0,BB,PRT,Offline TA/TO,TA/TO,0,0,0,A,A,0,No Deposit,138.0,0,Transient,81.25,0,2
City Hotel,1,171,2016,July,30,22,2,6,2,0.0,0,SC,PRT,Offline TA/TO,TA/TO,0,0,0,A,A,0,No Deposit,28.0,0,Transient,63.75,0,0
City Hotel,1,17,2016,July,30,23,0,1,2,0.0,0,SC,PRT,Online TA,TA/TO,0,0,0,A,A,0,No Deposit,9.0,0,Transient,139.0,0,1
City Hotel,1,180,2016,July,30,23,1,1,2,0.0,0,BB,GBR,Online TA,TA/TO,0,0,0,B,B,0,No Deposit,9.0,0,Transient,96.3,0,0
City Hotel,1,61,2016,July,30,23,1,1,2,0.0,0,BB,ESP,Online TA,TA/TO,0,0,0,A,A,0,No Deposit,9.0,0,Transient,105.3,0,0
City Hotel,1,180,2016,July,30,23,1,1,2,0.0,0,BB,GBR,Online TA,TA/TO,0,0,0,B,B,0,No Deposit,9.0,0,Transient,96.3,0,0
City Hotel,1,185,2016,July,30,23,1,1,2,0.0,0,SC,FRA,Online TA,TA/TO,0,0,0,A,A,0,No Deposit,9.0,0,Transient,94.5,0,1
City Hotel,1,4,2016,July,30,23,1,1,2,0.0,0,BB,FRA,Online TA,TA/TO,0,0,0,A,A,0,No Deposit,9.0,0,Transient,141.0,0,0
City Hotel,1,61,2016,July,30,23,1,1,2,0.0,0,BB,ESP,Online TA,TA/TO,0,0,0,A,A,0,No Deposit,9.0,0,Transient,99.9,0,0
City Hotel,1,61,2016,July,30,23,1,1,2,0.0,0,BB,ESP,Online TA,TA/TO,0,0,0,A,A,0,No Deposit,9.0,0,Transient,105.3,0,0
City Hotel,0,199,2016,July,30,23,2,1,2,0.0,0,BB,NOR,Online TA,TA/TO,0,0,0,D,A,2,No Deposit,9.0,0,Transient-Party,105.3,0,2
City Hotel,1,64,2016,July,30,23,2,2,2,0.0,0,BB,ROU,Online TA,TA/TO,0,0,0,A,A,0,No Deposit,9.0,0,Transient,105.3,0,0
City Hotel,1,135,2016,July,30,23,2,2,2,0.0,0,BB,ISR,Online TA,TA/TO,0,0,0,A,A,0,No Deposit,9.0,0,Transient,99.45,0,0
City Hotel,1,192,2016,July,30,23,2,3,2,0.0,0,BB,FRA,Online TA,TA/TO,0,0,0,D,D,0,No Deposit,9.0,0,Transient,99.45,0,0
City Hotel,1,144,2016,July,30,23,2,5,2,0.0,0,BB,FRA,Online TA,TA/TO,0,0,0,D,D,0,No Deposit,9.0,0,Transient,112.2,0,1
City Hotel,1,167,2016,July,30,23,2,5,2,0.0,0,BB,RUS,Online TA,TA/TO,0,0,0,A,A,0,No Deposit,9.0,0,Transient,99.45,0,0
City Hotel,1,144,2016,July,30,23,2,5,2,0.0,0,BB,FRA,Online TA,TA/TO,0,0,0,A,A,0,No Deposit,9.0,0,Transient,99.45,0,1
City Hotel,1,63,2016,July,30,23,2,5,2,0.0,0,BB,TUN,Online TA,TA/TO,0,0,0,A,A,0,No Deposit,9.0,0,Transient,105.3,0,0
City Hotel,1,77,2016,July,30,23,2,4,2,0.0,0,SC,IRL,Online TA,TA/TO,0,0,0,A,A,0,No Deposit,9.0,0,Transient,94.5,0,0
City Hotel,1,172,2016,July,30,23,2,6,2,0.0,0,SC,BRA,Online TA,TA/TO,0,0,0,A,A,0,No Deposit,9.0,0,Transient,89.25,0,1
City Hotel,0,206,2016,July,30,23,14,34,2,0.0,0,SC,PRT,Online TA,TA/TO,0,0,0,A,K,6,No Deposit,9.0,0,Transient-Party,0.0,0,1
City Hotel,1,88,2016,July,31,24,1,0,2,0.0,0,BB,FRA,Online TA,TA/TO,0,0,0,A,A,0,No Deposit,9.0,0,Transient,105.3,0,0
City Hotel,1,223,2016,July,31,24,2,1,2,0.0,0,BB,DNK,Online TA,TA/TO,0,0,0,B,B,1,No Deposit,9.0,0,Transient-Party,86.63,0,0
City Hotel,1,91,2016,July,31,24,2,1,2,0.0,0,BB,FRA,Online TA,TA/TO,0,0,0,A,A,0,No Deposit,9.0,0,Transient,114.3,0,0
City Hotel,1,224,2016,July,31,24,2,1,2,0.0,0,BB,DNK,Online TA,TA/TO,0,0,0,B,B,5,No Deposit,9.0,0,Transient-Party,86.62,0,0
City Hotel,1,64,2016,July,31,24,2,2,2,0.0,0,SC,ISR,Online TA,TA/TO,0,0,0,A,A,0,No Deposit,9.0,0,Transient,94.5,0,0
City Hotel,1,158,2016,July,31,24,2,2,2,0.0,0,SC,BEL,Online TA,TA/TO,0,0,0,A,A,0,No Deposit,9.0,0,Transient,89.25,0,0
City Hotel,0,205,2016,July,31,24,2,2,2,0.0,0,BB,BEL,Online TA,TA/TO,0,0,0,A,A,0,No Deposit,9.0,0,Transient,90.95,0,0
City Hotel,1,65,2016,July,31,24,2,2,2,0.0,0,BB,GBR,Online TA,TA/TO,0,0,0,A,A,0,No Deposit,9.0,0,Transient,105.3,0,0
City Hotel,1,166,2016,July,31,24,2,2,2,0.0,0,HB,PRT,Offline TA/TO,TA/TO,0,0,0,D,D,0,No Deposit,6.0,0,Transient-Party,107.95,0,0
City Hotel,1,101,2016,July,31,24,2,3,2,0.0,0,BB,PRT,Offline TA/TO,TA/TO,0,0,0,A,A,0,No Deposit,22.0,0,Transient,72.25,0,0
City Hotel,1,135,2016,July,31,24,2,3,2,0.0,0,BB,ARG,Online TA,TA/TO,0,0,0,A,A,0,No Deposit,9.0,0,Transient,99.45,0,0
City Hotel,1,59,2016,July,31,24,2,4,2,0.0,0,BB,PRT,Direct,Direct,0,0,0,B,B,0,No Deposit,,0,Transient,103.5,0,2
City Hotel,0,206,2016,July,31,25,1,0,2,0.0,0,BB,FRA,Online TA,TA/TO,0,0,0,A,A,0,No Deposit,9.0,0,Transient,96.3,0,2
City Hotel,1,19,2016,July,31,25,1,0,2,0.0,0,BB,ISR,Online TA,TA/TO,0,0,0,A,A,0,No Deposit,9.0,0,Transient,151.0,0,1
City Hotel,1,35,2016,July,31,25,1,0,2,0.0,0,SC,BEL,Online TA,TA/TO,0,0,0,A,A,0,No Deposit,9.0,0,Transient,125.1,0,0
City Hotel,1,76,2016,July,31,25,1,1,2,0.0,0,SC,PRT,Offline TA/TO,TA/TO,0,0,0,A,A,0,No Deposit,22.0,0,Transient,63.75,0,0
City Hotel,1,106,2016,July,31,25,1,1,2,0.0,0,SC,CHE,Online TA,TA/TO,0,0,0,A,A,0,No Deposit,9.0,0,Transient,94.5,0,0
City Hotel,1,155,2016,July,31,25,1,1,2,0.0,0,BB,ISR,Online TA,TA/TO,0,0,0,A,A,0,No Deposit,9.0,0,Transient,105.3,0,0
City Hotel,1,101,2016,July,31,25,1,1,2,0.0,0,BB,ESP,Online TA,TA/TO,0,0,0,A,A,0,No Deposit,9.0,0,Transient,105.3,0,1
City Hotel,1,121,2016,July,31,25,1,2,2,0.0,0,BB,ITA,Online TA,TA/TO,0,0,0,B,B,0,No Deposit,9.0,0,Transient-Party,97.54,0,0
City Hotel,1,174,2016,July,31,25,1,2,2,0.0,0,BB,PRT,Offline TA/TO,TA/TO,0,0,0,A,D,0,No Deposit,28.0,0,Transient-Party,112.0,0,1
City Hotel,1,160,2016,July,31,25,1,2,2,0.0,0,SC,NLD,Online TA,TA/TO,0,0,0,A,A,0,No Deposit,9.0,0,Transient,94.5,0,0
City Hotel,1,122,2016,July,31,25,1,2,2,0.0,0,BB,ITA,Online TA,TA/TO,0,0,0,B,B,1,No Deposit,9.0,0,Transient-Party,97.54,0,0
City Hotel,1,156,2016,July,31,25,1,2,2,0.0,0,BB,FRA,Online TA,TA/TO,0,0,0,A,A,0,No Deposit,9.0,0,Transient,105.3,0,0
City Hotel,1,160,2016,July,31,25,1,2,2,0.0,0,SC,NLD,Online TA,TA/TO,0,0,0,A,A,0,No Deposit,9.0,0,Transient,94.5,0,0
City Hotel,1,195,2016,July,31,25,1,3,2,0.0,0,SC,NLD,Online TA,TA/TO,0,0,0,A,A,0,No Deposit,9.0,0,Transient,80.75,0,0
City Hotel,1,99,2016,July,31,25,1,3,2,0.0,0,SC,ITA,Online TA,TA/TO,0,0,0,A,A,0,No Deposit,9.0,0,Transient,94.5,0,0
City Hotel,1,127,2016,July,31,25,1,3,2,0.0,0,SC,ITA,Online TA,TA/TO,0,0,0,A,A,0,No Deposit,9.0,0,Transient,89.25,0,0
City Hotel,0,206,2016,July,31,25,1,4,2,0.0,0,BB,DEU,Online TA,TA/TO,0,0,0,A,A,0,No Deposit,9.0,0,Transient,90.95,0,0
City Hotel,1,129,2016,July,31,25,1,4,2,0.0,0,HB,ESP,Online TA,TA/TO,0,0,0,A,A,0,No Deposit,9.0,0,Transient,131.75,0,0
City Hotel,0,200,2016,July,31,25,1,4,2,0.0,0,BB,SVN,Direct,Direct,0,0,0,A,A,0,No Deposit,14.0,0,Transient,80.75,0,0
City Hotel,1,148,2016,July,31,25,2,5,2,0.0,0,SC,NLD,Online TA,TA/TO,0,0,0,A,A,0,No Deposit,9.0,0,Transient,91.68,0,0
City Hotel,1,148,2016,July,31,25,2,5,2,0.0,0,SC,NLD,Online TA,TA/TO,0,0,0,A,A,0,No Deposit,9.0,0,Transient,91.68,0,0
City Hotel,1,160,2016,July,31,25,3,5,2,0.0,0,BB,PRT,Online TA,TA/TO,0,0,0,A,A,0,No Deposit,11.0,0,Transient,71.6,0,0
City Hotel,1,150,2016,July,31,25,5,15,2,0.0,0,SC,AGO,Online TA,TA/TO,0,0,0,A,A,0,No Deposit,9.0,0,Transient,90.1,0,0
City Hotel,1,156,2016,July,31,26,0,1,2,0.0,0,BB,ISR,Online TA,TA/TO,0,0,0,A,A,1,No Deposit,9.0,0,Transient,105.3,0,1
City Hotel,1,38,2016,July,31,26,0,2,2,0.0,0,SC,ESP,Online TA,TA/TO,0,0,0,A,A,0,No Deposit,9.0,0,Transient,125.1,0,1
City Hotel,1,102,2016,July,31,26,0,2,2,0.0,0,SC,NLD,Online TA,TA/TO,0,0,0,A,A,0,No Deposit,9.0,0,Transient,94.5,0,1
City Hotel,1,61,2016,July,31,26,0,2,2,0.0,0,SC,USA,Online TA,TA/TO,0,0,0,A,A,0,No Deposit,9.0,0,Transient,94.5,0,0
City Hotel,1,230,2016,July,31,26,0,3,2,0.0,0,BB,BEL,Online TA,TA/TO,0,0,0,B,B,1,No Deposit,9.0,0,Transient-Party,95.75,0,1
City Hotel,1,62,2016,July,31,26,0,3,2,0.0,0,BB,ESP,Online TA,TA/TO,0,0,0,A,A,2,No Deposit,9.0,0,Transient,114.3,0,1
City Hotel,1,30,2016,July,31,26,0,4,2,0.0,0,BB,FRA,Online TA,TA/TO,0,0,0,A,A,0,No Deposit,9.0,0,Transient,135.9,0,1
City Hotel,1,182,2016,July,31,26,0,4,2,0.0,0,BB,FRA,Direct,Direct,0,0,0,A,A,0,No Deposit,14.0,0,Transient-Party,85.25,0,0
City Hotel,1,186,2016,July,31,26,0,4,2,0.0,0,BB,ROU,Online TA,TA/TO,0,0,0,D,D,0,No Deposit,9.0,0,Transient,103.7,0,0
City Hotel,1,135,2016,July,31,26,0,4,2,0.0,0,SC,BEL,Online TA,TA/TO,0,0,0,A,A,0,No Deposit,9.0,0,Transient,89.25,0,0
City Hotel,1,182,2016,July,31,26,0,4,2,0.0,0,BB,FRA,Direct,Direct,0,0,0,A,A,0,No Deposit,14.0,0,Transient-Party,85.25,0,0
City Hotel,1,177,2016,July,31,26,0,4,2,0.0,0,SC,ROU,Online TA,TA/TO,0,0,0,A,A,0,No Deposit,9.0,0,Transient,80.75,0,1
City Hotel,1,4,2016,July,31,26,2,5,2,0.0,0,BB,PRT,Direct,Direct,0,0,0,A,A,0,No Deposit,,0,Transient,160.0,0,0
City Hotel,0,205,2016,July,31,26,0,5,2,0.0,0,BB,GBR,Online TA,TA/TO,0,0,0,A,A,0,No Deposit,7.0,0,Transient,70.03,0,1
City Hotel,1,109,2016,July,31,27,0,1,2,0.0,0,SC,BRA,Online TA,TA/TO,0,0,0,A,A,0,No Deposit,9.0,0,Transient,94.5,0,1
City Hotel,1,109,2016,July,31,27,0,1,2,0.0,0,SC,BRA,Online TA,TA/TO,0,0,0,A,A,0,No Deposit,9.0,0,Transient,94.5,0,1
City Hotel,1,163,2016,July,31,27,0,2,2,0.0,0,BB,PRT,Direct,Direct,0,0,0,B,B,0,No Deposit,,0,Transient-Party,94.5,0,1
City Hotel,1,391,2016,July,31,27,0,2,2,0.0,0,BB,PRT,Groups,TA/TO,0,0,0,A,A,0,Non Refund,1.0,0,Transient,65.0,0,0
City Hotel,1,391,2016,July,31,27,0,2,2,0.0,0,BB,PRT,Groups,TA/TO,0,0,0,A,A,0,Non Refund,1.0,0,Transient,65.0,0,0
City Hotel,1,391,2016,July,31,27,0,2,2,0.0,0,BB,PRT,Groups,TA/TO,0,0,0,A,A,0,Non Refund,1.0,0,Transient,65.0,0,0
City Hotel,1,391,2016,July,31,27,0,2,2,0.0,0,BB,PRT,Groups,TA/TO,0,0,0,A,A,0,Non Refund,1.0,0,Transient,65.0,0,0
City Hotel,1,391,2016,July,31,27,0,2,2,0.0,0,BB,PRT,Groups,TA/TO,0,0,0,A,A,0,Non Refund,1.0,0,Transient,65.0,0,0
City Hotel,1,391,2016,July,31,27,0,2,2,0.0,0,BB,PRT,Groups,TA/TO,0,0,0,A,A,0,Non Refund,1.0,0,Transient,65.0,0,0
City Hotel,1,391,2016,July,31,27,0,2,2,0.0,0,BB,PRT,Groups,TA/TO,0,0,0,A,A,0,Non Refund,1.0,0,Transient,65.0,0,0
City Hotel,1,391,2016,July,31,27,0,2,2,0.0,0,BB,PRT,Groups,TA/TO,0,0,0,A,A,0,Non Refund,1.0,0,Transient,65.0,0,0
City Hotel,1,391,2016,July,31,27,0,2,2,0.0,0,BB,PRT,Groups,TA/TO,0,0,0,A,A,0,Non Refund,1.0,0,Transient,65.0,0,0
City Hotel,1,391,2016,July,31,27,0,2,2,0.0,0,BB,PRT,Groups,TA/TO,0,0,0,A,A,0,Non Refund,1.0,0,Transient,65.0,0,0
City Hotel,1,391,2016,July,31,27,0,2,2,0.0,0,BB,PRT,Groups,TA/TO,0,0,0,A,A,0,Non Refund,1.0,0,Transient,65.0,0,0
City Hotel,1,391,2016,July,31,27,0,2,2,0.0,0,BB,PRT,Groups,TA/TO,0,0,0,A,A,0,Non Refund,1.0,0,Transient,65.0,0,0
City Hotel,1,391,2016,July,31,27,0,2,2,0.0,0,BB,PRT,Groups,TA/TO,0,0,0,A,A,0,Non Refund,1.0,0,Transient,65.0,0,0
City Hotel,1,391,2016,July,31,27,0,2,2,0.0,0,BB,PRT,Groups,TA/TO,0,0,0,A,A,0,Non Refund,1.0,0,Transient,65.0,0,0
City Hotel,1,40,2016,July,31,27,0,2,2,0.0,0,BB,FRA,Online TA,TA/TO,0,0,0,A,A,0,No Deposit,9.0,0,Transient,135.9,0,1
City Hotel,1,391,2016,July,31,27,0,2,2,0.0,0,BB,PRT,Groups,TA/TO,0,0,0,A,A,0,Non Refund,1.0,0,Transient,65.0,0,0
City Hotel,1,391,2016,July,31,27,0,2,2,0.0,0,BB,PRT,Groups,TA/TO,0,0,0,A,A,0,Non Refund,1.0,0,Transient,65.0,0,0
City Hotel,1,56,2016,July,31,27,0,2,2,0.0,0,BB,FRA,Online TA,TA/TO,0,0,0,A,A,0,No Deposit,9.0,0,Transient,135.9,0,0
City Hotel,1,391,2016,July,31,27,0,2,2,0.0,0,BB,PRT,Groups,TA/TO,0,0,0,A,A,0,Non Refund,1.0,0,Transient,65.0,0,0
City Hotel,1,391,2016,July,31,27,0,2,2,0.0,0,BB,PRT,Groups,TA/TO,0,0,0,A,A,0,Non Refund,1.0,0,Transient,65.0,0,0
City Hotel,1,391,2016,July,31,27,0,2,2,0.0,0,BB,PRT,Groups,TA/TO,0,0,0,A,A,0,Non Refund,1.0,0,Transient,65.0,0,0
City Hotel,1,391,2016,July,31,27,0,2,2,0.0,0,BB,PRT,Groups,TA/TO,0,0,0,A,A,0,Non Refund,1.0,0,Transient,65.0,0,0
City Hotel,1,391,2016,July,31,27,0,2,2,0.0,0,BB,PRT,Groups,TA/TO,0,0,0,A,A,0,Non Refund,1.0,0,Transient,65.0,0,0
City Hotel,1,177,2016,July,31,27,0,2,2,0.0,0,BB,PRT,Offline TA/TO,TA/TO,0,0,0,D,D,0,No Deposit,83.0,0,Transient,82.96,0,0
City Hotel,1,391,2016,July,31,27,0,2,2,0.0,0,BB,PRT,Groups,TA/TO,0,0,0,A,A,0,Non Refund,1.0,0,Transient,65.0,0,0
City Hotel,1,121,2016,July,31,27,0,2,2,0.0,0,BB,PRT,Online TA,TA/TO,0,0,0,D,D,0,No Deposit,7.0,0,Transient,91.48,0,0
City Hotel,1,31,2016,July,31,27,0,2,2,0.0,0,BB,FRA,Online TA,TA/TO,0,0,0,A,A,0,No Deposit,9.0,0,Transient,135.9,0,1
City Hotel,1,391,2016,July,31,27,0,2,2,0.0,0,BB,PRT,Groups,TA/TO,0,0,0,A,A,0,Non Refund,1.0,0,Transient,65.0,0,0
City Hotel,1,163,2016,July,31,27,0,2,2,0.0,0,BB,PRT,Direct,Direct,0,0,0,B,B,0,No Deposit,,0,Transient-Party,94.5,0,1
City Hotel,1,52,2016,July,31,27,0,3,2,0.0,0,BB,NLD,Online TA,TA/TO,0,0,0,A,A,0,No Deposit,9.0,0,Transient,135.9,0,0
City Hotel,1,68,2016,July,31,27,0,3,2,0.0,0,BB,PRT,Online TA,TA/TO,0,0,0,A,A,0,No Deposit,8.0,0,Transient,105.3,0,1
City Hotel,1,52,2016,July,31,27,0,3,2,0.0,0,BB,NLD,Online TA,TA/TO,0,0,0,A,A,0,No Deposit,9.0,0,Transient,135.9,0,0
City Hotel,1,63,2016,July,31,27,0,4,2,0.0,0,BB,IRL,Online TA,TA/TO,0,0,0,D,D,0,No Deposit,9.0,0,Transient,121.05,0,0
City Hotel,1,55,2016,July,31,27,0,4,2,0.0,0,BB,ITA,Online TA,TA/TO,0,0,0,D,D,0,No Deposit,9.0,0,Transient,149.4,0,0
City Hotel,1,191,2016,July,31,27,1,4,2,0.0,0,BB,GBR,Online TA,TA/TO,0,0,0,D,A,0,No Deposit,9.0,0,Transient,99.45,0,1
City Hotel,1,164,2016,July,31,27,2,5,2,0.0,0,BB,FRA,Online TA,TA/TO,0,0,0,A,A,0,No Deposit,9.0,0,Transient,99.45,0,0
City Hotel,1,212,2016,July,31,27,4,10,2,0.0,0,BB,GBR,Online TA,TA/TO,0,0,0,A,A,0,No Deposit,9.0,0,Transient,90.95,0,2
City Hotel,1,212,2016,July,31,27,4,10,2,0.0,0,BB,GBR,Online TA,TA/TO,0,0,0,A,A,0,No Deposit,9.0,0,Transient,90.95,0,2
City Hotel,1,386,2016,July,31,28,0,2,2,0.0,0,BB,PRT,Groups,TA/TO,0,0,0,A,A,0,Non Refund,1.0,0,Transient,62.0,0,0
City Hotel,1,386,2016,July,31,28,0,2,2,0.0,0,BB,PRT,Groups,TA/TO,0,0,0,A,A,0,Non Refund,1.0,0,Transient,62.0,0,0
City Hotel,1,386,2016,July,31,28,0,2,2,0.0,0,BB,PRT,Groups,TA/TO,0,0,0,A,A,0,Non Refund,1.0,0,Transient,62.0,0,0
City Hotel,1,386,2016,July,31,28,0,2,2,0.0,0,BB,PRT,Groups,TA/TO,0,0,0,A,A,0,Non Refund,1.0,0,Transient,62.0,0,0
City Hotel,1,386,2016,July,31,28,0,2,2,0.0,0,BB,PRT,Groups,TA/TO,0,0,0,A,A,0,Non Refund,1.0,0,Transient,62.0,0,0
City Hotel,1,386,2016,July,31,28,0,2,2,0.0,0,BB,PRT,Groups,TA/TO,0,0,0,A,A,0,Non Refund,1.0,0,Transient,62.0,0,0
City Hotel,1,386,2016,July,31,28,0,2,2,0.0,0,BB,PRT,Groups,TA/TO,0,0,0,A,A,0,Non Refund,1.0,0,Transient,62.0,0,0
City Hotel,0,213,2016,July,31,28,0,2,2,0.0,0,BB,FRA,Direct,Direct,0,0,0,B,B,1,No Deposit,14.0,0,Transient,83.92,0,0
City Hotel,1,386,2016,July,31,28,0,2,2,0.0,0,BB,PRT,Groups,TA/TO,0,0,0,A,A,0,Non Refund,1.0,0,Transient,62.0,0,0
City Hotel,1,386,2016,July,31,28,0,2,2,0.0,0,BB,PRT,Groups,TA/TO,0,0,0,A,A,0,Non Refund,1.0,0,Transient,62.0,0,0
City Hotel,1,5,2016,July,31,28,0,2,2,0.0,0,SC,ESP,Online TA,TA/TO,0,0,0,A,A,0,No Deposit,9.0,0,Transient,124.0,0,0
City Hotel,1,386,2016,July,31,28,0,2,2,0.0,0,BB,PRT,Groups,TA/TO,0,0,0,A,A,0,Non Refund,1.0,0,Transient,62.0,0,0
City Hotel,1,386,2016,July,31,28,0,2,2,0.0,0,BB,PRT,Groups,TA/TO,0,0,0,A,A,0,Non Refund,1.0,0,Transient,62.0,0,0
City Hotel,1,386,2016,July,31,28,0,2,2,0.0,0,BB,PRT,Groups,TA/TO,0,0,0,A,A,0,Non Refund,1.0,0,Transient,62.0,0,0
City Hotel,1,5,2016,July,31,28,0,2,2,0.0,0,SC,ESP,Online TA,TA/TO,0,0,0,A,A,0,No Deposit,9.0,0,Transient,124.0,0,0
City Hotel,1,16,2016,July,31,28,0,2,2,0.0,0,BB,MAR,Online TA,TA/TO,0,0,0,A,A,0,No Deposit,9.0,0,Transient,131.0,0,1
City Hotel,1,386,2016,July,31,28,0,2,2,0.0,0,BB,PRT,Groups,TA/TO,0,0,0,A,A,0,Non Refund,1.0,0,Transient,62.0,0,0
City Hotel,1,14,2016,July,31,28,0,2,2,0.0,0,HB,DEU,Online TA,TA/TO,0,0,0,A,A,2,No Deposit,9.0,0,Transient,169.0,0,0
City Hotel,1,386,2016,July,31,28,0,2,2,0.0,0,BB,PRT,Groups,TA/TO,0,0,0,A,A,0,Non Refund,1.0,0,Transient,62.0,0,0
City Hotel,1,386,2016,July,31,28,0,2,2,0.0,0,BB,PRT,Groups,TA/TO,0,0,0,A,A,0,Non Refund,1.0,0,Transient,62.0,0,0
City Hotel,1,386,2016,July,31,28,0,2,2,0.0,0,BB,PRT,Groups,TA/TO,0,0,0,A,A,0,Non Refund,1.0,0,Transient,62.0,0,0
City Hotel,1,386,2016,July,31,28,0,2,2,0.0,0,BB,PRT,Groups,TA/TO,0,0,0,A,A,0,Non Refund,1.0,0,Transient,62.0,0,0
City Hotel,1,386,2016,July,31,28,0,2,2,0.0,0,BB,PRT,Groups,TA/TO,0,0,0,A,A,0,Non Refund,1.0,0,Transient,62.0,0,0
City Hotel,1,386,2016,July,31,28,0,2,2,0.0,0,BB,PRT,Groups,TA/TO,0,0,0,A,A,0,Non Refund,1.0,0,Transient,62.0,0,0
City Hotel,1,386,2016,July,31,28,0,2,2,0.0,0,BB,PRT,Groups,TA/TO,0,0,0,A,A,0,Non Refund,1.0,0,Transient,62.0,0,0
City Hotel,1,386,2016,July,31,28,0,2,2,0.0,0,BB,PRT,Groups,TA/TO,0,0,0,A,A,0,Non Refund,1.0,0,Transient,62.0,0,0
City Hotel,1,386,2016,July,31,28,0,2,2,0.0,0,BB,PRT,Groups,TA/TO,0,0,0,A,A,0,Non Refund,1.0,0,Transient,62.0,0,0
City Hotel,1,386,2016,July,31,28,0,2,2,0.0,0,BB,PRT,Groups,TA/TO,0,0,0,A,A,0,Non Refund,1.0,0,Transient,62.0,0,0
City Hotel,1,386,2016,July,31,28,0,2,2,0.0,0,BB,PRT,Groups,TA/TO,0,0,0,A,A,0,Non Refund,1.0,0,Transient,62.0,0,0
City Hotel,1,386,2016,July,31,28,0,2,2,0.0,0,BB,PRT,Groups,TA/TO,0,0,0,A,A,0,Non Refund,1.0,0,Transient,62.0,0,0
City Hotel,1,386,2016,July,31,28,0,2,2,0.0,0,BB,PRT,Groups,TA/TO,0,0,0,A,A,0,Non Refund,1.0,0,Transient,62.0,0,0
City Hotel,0,213,2016,July,31,28,0,2,2,0.0,0,BB,FRA,Direct,Direct,0,0,0,B,B,0,No Deposit,14.0,0,Transient,83.93,0,0
City Hotel,1,386,2016,July,31,28,0,2,2,0.0,0,BB,PRT,Groups,TA/TO,0,0,0,A,A,0,Non Refund,1.0,0,Transient,62.0,0,0
City Hotel,1,386,2016,July,31,28,0,2,2,0.0,0,BB,PRT,Groups,TA/TO,0,0,0,A,A,0,Non Refund,1.0,0,Transient,62.0,0,0
City Hotel,1,386,2016,July,31,28,0,2,2,0.0,0,BB,PRT,Groups,TA/TO,0,0,0,A,A,0,Non Refund,1.0,0,Transient,62.0,0,0
City Hotel,1,386,2016,July,31,28,0,2,2,0.0,0,BB,PRT,Groups,TA/TO,0,0,0,A,A,0,Non Refund,1.0,0,Transient,62.0,0,0
City Hotel,1,4,2016,July,31,28,0,2,2,0.0,0,SC,ARE,Online TA,TA/TO,0,0,0,A,A,0,No Deposit,9.0,0,Transient,124.0,0,0
City Hotel,1,92,2016,July,31,28,0,3,2,0.0,0,BB,PAK,Online TA,TA/TO,0,0,0,D,D,0,No Deposit,9.0,0,Transient,121.8,0,0
City Hotel,0,206,2016,July,31,28,1,3,2,0.0,0,SC,IRL,Online TA,TA/TO,0,0,0,A,A,0,No Deposit,11.0,0,Transient,58.14,0,0
City Hotel,0,207,2016,July,31,28,2,4,2,0.0,0,SC,GBR,Online TA,TA/TO,0,0,0,A,A,0,No Deposit,9.0,0,Transient,80.75,0,1
City Hotel,0,237,2016,July,31,28,2,4,2,0.0,0,BB,NLD,Online TA,TA/TO,0,0,0,B,B,1,No Deposit,9.0,0,Transient-Party,81.5,0,1
City Hotel,0,207,2016,July,31,28,2,4,2,0.0,0,SC,GBR,Online TA,TA/TO,0,0,0,A,A,0,No Deposit,9.0,0,Transient,80.75,0,0
City Hotel,1,188,2016,July,31,28,2,5,2,0.0,0,BB,BGR,Online TA,TA/TO,0,0,0,A,A,0,No Deposit,9.0,0,Transient,90.95,0,0
City Hotel,1,188,2016,July,31,28,2,5,2,0.0,0,BB,BGR,Online TA,TA/TO,0,0,0,A,A,0,No Deposit,9.0,0,Transient,90.95,0,0
City Hotel,1,1,2016,July,31,29,0,1,2,0.0,0,SC,PRT,Online TA,TA/TO,0,0,0,A,A,0,No Deposit,9.0,0,Transient,109.0,0,0
City Hotel,1,167,2016,July,31,29,0,2,2,0.0,0,SC,IRL,Online TA,TA/TO,0,0,0,A,A,0,No Deposit,9.0,0,Transient,94.5,0,0
City Hotel,0,228,2016,July,31,29,1,2,2,0.0,0,BB,PRT,Online TA,TA/TO,0,0,0,B,B,0,No Deposit,7.0,0,Transient,76.85,0,1
City Hotel,0,230,2016,July,31,29,1,2,2,0.0,0,BB,GBR,Online TA,TA/TO,0,0,0,B,B,1,No Deposit,7.0,0,Transient,76.85,0,1
City Hotel,0,214,2016,July,31,29,2,2,2,0.0,0,SC,BEL,Online TA,TA/TO,0,0,0,A,A,2,No Deposit,9.0,0,Transient-Party,89.75,1,1
City Hotel,1,171,2016,July,31,29,2,2,2,0.0,0,BB,GBR,Online TA,TA/TO,0,0,0,A,A,0,No Deposit,9.0,0,Transient,99.45,0,0
City Hotel,0,214,2016,July,31,29,2,2,2,0.0,0,SC,BEL,Online TA,TA/TO,0,0,0,A,A,1,No Deposit,9.0,0,Transient-Party,80.75,0,1
City Hotel,1,164,2016,July,31,29,2,5,2,0.0,0,SC,ITA,Online TA,TA/TO,0,0,0,A,A,0,No Deposit,9.0,0,Transient,89.25,0,1
City Hotel,1,177,2016,July,31,30,0,1,2,0.0,0,BB,AUT,Online TA,TA/TO,0,0,0,A,A,0,No Deposit,9.0,0,Transient,105.3,0,0
City Hotel,1,301,2016,July,31,30,1,1,2,0.0,0,HB,PRT,Offline TA/TO,TA/TO,0,0,0,A,A,0,No Deposit,6.0,0,Transient-Party,109.0,0,0
City Hotel,1,301,2016,July,31,30,1,1,2,0.0,0,HB,PRT,Offline TA/TO,TA/TO,0,0,0,A,A,0,No Deposit,6.0,0,Transient-Party,109.0,0,0
City Hotel,1,301,2016,July,31,30,1,1,2,0.0,0,HB,PRT,Offline TA/TO,TA/TO,0,0,0,A,A,0,No Deposit,6.0,0,Transient-Party,109.0,0,0
City Hotel,1,301,2016,July,31,30,1,1,2,0.0,0,HB,PRT,Offline TA/TO,TA/TO,0,0,0,A,A,0,No Deposit,6.0,0,Transient-Party,109.0,0,0
City Hotel,1,145,2016,July,31,30,1,1,2,0.0,0,BB,ZAF,Online TA,TA/TO,0,0,0,A,A,0,No Deposit,9.0,0,Transient,114.3,0,0
City Hotel,1,301,2016,July,31,30,1,1,2,0.0,0,HB,PRT,Offline TA/TO,TA/TO,0,0,0,A,A,0,No Deposit,6.0,0,Transient-Party,109.0,0,0
City Hotel,1,301,2016,July,31,30,1,1,2,0.0,0,HB,PRT,Offline TA/TO,TA/TO,0,0,0,A,A,0,No Deposit,6.0,0,Transient-Party,109.0,0,0
City Hotel,1,186,2016,July,31,30,2,1,2,0.0,0,BB,GBR,Online TA,TA/TO,0,0,0,D,D,0,No Deposit,9.0,0,Transient,121.8,0,1
City Hotel,1,208,2016,July,31,30,2,2,2,0.0,0,SC,GBR,Online TA,TA/TO,0,0,0,A,A,0,No Deposit,9.0,0,Transient,80.75,0,0
City Hotel,1,208,2016,July,31,30,2,2,2,0.0,0,SC,GBR,Online TA,TA/TO,0,0,0,A,A,0,No Deposit,9.0,0,Transient,80.75,0,0
City Hotel,1,208,2016,July,31,30,2,2,2,0.0,0,SC,GBR,Online TA,TA/TO,0,0,0,A,A,0,No Deposit,9.0,0,Transient,80.75,0,0
City Hotel,1,208,2016,July,31,30,2,2,2,0.0,0,SC,GBR,Online TA,TA/TO,0,0,0,A,A,0,No Deposit,9.0,0,Transient,80.75,0,0
City Hotel,1,208,2016,July,31,30,2,2,2,0.0,0,SC,GBR,Online TA,TA/TO,0,0,0,A,A,0,No Deposit,9.0,0,Transient,80.75,0,0
City Hotel,1,208,2016,July,31,30,2,2,2,0.0,0,SC,GBR,Online TA,TA/TO,0,0,0,A,A,0,No Deposit,9.0,0,Transient,80.75,0,0
City Hotel,1,208,2016,July,31,30,2,2,2,0.0,0,SC,GBR,Online TA,TA/TO,0,0,0,A,A,0,No Deposit,9.0,0,Transient,80.75,0,0
City Hotel,1,150,2016,July,31,30,2,2,2,0.0,0,BB,PRT,Online TA,TA/TO,0,0,0,D,D,2,No Deposit,8.0,0,Transient,123.3,0,0
City Hotel,1,208,2016,July,31,30,2,2,2,0.0,0,SC,GBR,Online TA,TA/TO,0,0,0,A,A,0,No Deposit,9.0,0,Transient,80.75,0,0
City Hotel,1,211,2016,July,31,30,2,3,2,0.0,0,BB,CYP,Online TA,TA/TO,0,0,0,A,A,0,No Deposit,9.0,0,Transient,90.95,0,0
City Hotel,1,70,2016,July,32,31,1,0,2,0.0,0,BB,BRA,Online TA,TA/TO,0,0,0,D,D,0,No Deposit,9.0,0,Transient,127.8,0,0
City Hotel,1,210,2016,July,32,31,2,0,2,0.0,0,BB,GBR,Online TA,TA/TO,0,0,0,A,A,0,No Deposit,9.0,0,Transient,96.3,0,2
City Hotel,1,115,2016,July,32,31,2,1,2,0.0,0,BB,PRT,Offline TA/TO,TA/TO,0,0,0,A,A,0,No Deposit,85.0,0,Transient,72.25,0,0
City Hotel,1,139,2016,July,32,31,2,2,2,0.0,0,BB,FRA,Online TA,TA/TO,0,0,0,D,D,0,No Deposit,9.0,0,Transient,114.33,0,0
City Hotel,1,155,2016,July,32,31,2,2,2,0.0,0,SC,FRA,Online TA,TA/TO,0,0,0,A,A,3,No Deposit,9.0,0,Transient,91.38,0,0
City Hotel,1,140,2016,July,32,31,2,3,2,0.0,0,BB,FRA,Online TA,TA/TO,0,0,0,D,D,0,No Deposit,9.0,0,Transient,113.9,0,0
City Hotel,1,41,2016,July,32,31,2,3,2,0.0,0,BB,PRT,Offline TA/TO,TA/TO,0,0,0,E,E,0,No Deposit,3.0,0,Transient,158.95,0,1
City Hotel,1,105,2016,July,32,31,2,3,2,0.0,0,BB,BEL,Online TA,TA/TO,0,0,0,D,D,0,No Deposit,9.0,0,Transient,139.5,0,0
City Hotel,1,129,2016,July,32,31,2,3,2,0.0,0,BB,ITA,Online TA,TA/TO,0,0,0,D,D,0,No Deposit,9.0,0,Transient,120.6,0,0
City Hotel,1,165,2016,July,32,31,2,4,2,0.0,0,BB,PRT,Offline TA/TO,TA/TO,0,0,0,A,A,0,No Deposit,3.0,0,Transient-Party,72.25,0,2
City Hotel,1,132,2016,July,32,31,2,5,2,0.0,0,BB,ESP,Online TA,TA/TO,0,0,0,D,D,0,No Deposit,9.0,0,Transient,121.37,0,0
City Hotel,1,132,2016,July,32,31,2,5,2,0.0,0,BB,ESP,Online TA,TA/TO,0,0,0,D,D,0,No Deposit,9.0,0,Transient,121.37,0,0
City Hotel,1,208,2016,July,32,31,2,5,2,0.0,0,BB,FRA,Online TA,TA/TO,0,0,0,A,A,0,No Deposit,9.0,0,Transient,90.95,0,0
City Hotel,1,0,2016,August,32,1,1,0,2,0.0,0,SC,USA,Online TA,TA/TO,0,0,0,A,A,0,No Deposit,9.0,0,Transient,109.0,0,1
City Hotel,1,4,2016,August,32,1,1,1,2,0.0,0,SC,IRL,Online TA,TA/TO,0,0,0,A,A,0,No Deposit,9.0,0,Transient,109.0,0,0
City Hotel,1,48,2016,August,32,1,1,1,2,0.0,0,BB,IRL,Online TA,TA/TO,0,0,0,D,D,0,No Deposit,9.0,0,Transient,149.4,0,1
City Hotel,1,113,2016,August,32,1,1,1,2,0.0,0,BB,FRA,Online TA,TA/TO,0,0,0,A,A,0,No Deposit,9.0,0,Transient,105.3,0,0
City Hotel,1,4,2016,August,32,1,1,1,2,0.0,0,SC,IRL,Online TA,TA/TO,0,0,0,A,A,0,No Deposit,9.0,0,Transient,109.0,0,0
City Hotel,1,34,2016,August,32,1,1,2,2,0.0,0,BB,SWE,Online TA,TA/TO,0,0,0,A,A,0,No Deposit,9.0,0,Transient,135.9,0,0
City Hotel,0,224,2016,August,32,1,1,2,2,0.0,0,BB,NLD,Online TA,TA/TO,0,0,0,B,B,1,No Deposit,9.0,0,Transient,86.62,0,1
City Hotel,1,95,2016,August,32,1,1,2,2,0.0,0,SC,ESP,Online TA,TA/TO,0,0,0,A,A,0,No Deposit,9.0,0,Transient,107.1,0,0
City Hotel,0,224,2016,August,32,1,1,2,2,0.0,0,BB,NLD,Online TA,TA/TO,0,0,0,B,B,0,No Deposit,9.0,0,Transient,86.63,0,1
City Hotel,1,123,2016,August,32,1,1,3,2,0.0,0,BB,DEU,Online TA,TA/TO,0,0,0,A,A,0,No Deposit,9.0,0,Transient,105.3,0,0
City Hotel,1,127,2016,August,32,1,1,3,2,0.0,0,SC,ITA,Online TA,TA/TO,0,0,0,A,A,0,No Deposit,9.0,0,Transient,94.5,0,0
City Hotel,1,123,2016,August,32,1,1,3,2,0.0,0,BB,DEU,Online TA,TA/TO,0,0,0,A,A,0,No Deposit,9.0,0,Transient,105.3,0,0
City Hotel,1,44,2016,August,32,1,1,3,2,0.0,0,BB,IRL,Direct,Direct,0,0,0,A,A,0,No Deposit,14.0,0,Transient,118.15,0,0
City Hotel,1,21,2016,August,32,1,1,3,2,0.0,0,SC,ESP,Online TA,TA/TO,0,0,0,A,A,1,No Deposit,9.0,0,Transient,138.0,0,0
City Hotel,1,124,2016,August,32,1,1,3,2,0.0,0,SC,NOR,Online TA,TA/TO,0,0,0,A,A,0,No Deposit,9.0,0,Transient,94.5,0,0
City Hotel,1,37,2016,August,32,1,1,3,2,0.0,0,BB,CHE,Online TA,TA/TO,0,0,0,A,A,0,No Deposit,9.0,0,Transient,135.9,0,0
City Hotel,1,168,2016,August,32,1,1,4,2,0.0,0,BB,BEL,Online TA,TA/TO,0,0,0,A,A,0,No Deposit,9.0,0,Transient,99.45,0,0
City Hotel,1,164,2016,August,32,1,1,4,2,0.0,0,SC,GBR,Online TA,TA/TO,0,0,0,A,A,0,No Deposit,9.0,0,Transient,89.25,0,0
City Hotel,1,148,2016,August,32,1,1,4,2,0.0,0,BB,BEL,Online TA,TA/TO,0,0,0,D,D,0,No Deposit,9.0,0,Transient,112.2,0,1
City Hotel,1,158,2016,August,32,1,2,5,2,0.0,0,BB,FRA,Online TA,TA/TO,0,0,0,A,A,0,No Deposit,9.0,0,Transient,99.45,0,0
City Hotel,1,166,2016,August,32,1,2,5,2,0.0,0,BB,ESP,Online TA,TA/TO,0,0,0,A,A,0,No Deposit,9.0,0,Transient,99.45,0,0
City Hotel,1,232,2016,August,32,1,3,7,2,0.0,0,BB,FRA,Online TA,TA/TO,0,0,0,B,B,1,No Deposit,9.0,0,Transient,81.82,0,2
City Hotel,1,231,2016,August,32,1,3,7,2,0.0,0,BB,FRA,Online TA,TA/TO,0,0,0,B,B,0,No Deposit,9.0,0,Transient,81.82,0,2
City Hotel,1,173,2016,August,32,2,0,2,2,0.0,0,BB,DEU,Online TA,TA/TO,0,0,0,A,A,0,No Deposit,9.0,0,Transient,105.3,0,0
City Hotel,1,175,2016,August,32,2,0,3,2,0.0,0,BB,ESP,Online TA,TA/TO,0,0,0,A,A,0,No Deposit,9.0,0,Transient,105.3,0,0
City Hotel,1,166,2016,August,32,2,0,3,2,0.0,0,BB,NOR,Online TA,TA/TO,0,0,0,D,D,0,No Deposit,9.0,0,Transient,118.8,0,2
City Hotel,1,47,2016,August,32,2,0,3,2,0.0,0,BB,ESP,Direct,Direct,0,0,0,B,B,0,No Deposit,14.0,0,Transient,118.15,0,1
City Hotel,1,131,2016,August,32,2,0,4,2,0.0,0,BB,DEU,Online TA,TA/TO,0,0,0,A,A,0,No Deposit,9.0,0,Transient,105.3,0,0
City Hotel,1,244,2016,August,32,2,0,4,2,0.0,0,BB,CHE,Online TA,TA/TO,0,0,0,A,A,3,No Deposit,9.0,0,Transient,90.95,0,0
City Hotel,1,180,2016,August,32,2,0,4,2,0.0,0,SC,PRT,Online TA,TA/TO,0,0,0,A,A,2,No Deposit,9.0,0,Transient,89.25,0,0
City Hotel,1,131,2016,August,32,2,0,4,2,0.0,0,BB,DEU,Online TA,TA/TO,0,0,0,A,A,0,No Deposit,9.0,0,Transient,105.3,0,0
City Hotel,1,108,2016,August,32,2,0,5,2,0.0,0,BB,ITA,Online TA,TA/TO,0,0,0,D,D,0,No Deposit,9.0,0,Transient,120.6,0,0
City Hotel,0,213,2016,August,32,2,0,5,2,0.0,0,BB,FRA,Online TA,TA/TO,0,0,0,A,A,1,No Deposit,9.0,0,Transient,108.95,1,1
City Hotel,1,107,2016,August,32,2,0,5,2,0.0,0,BB,ITA,Online TA,TA/TO,0,0,0,A,A,0,No Deposit,9.0,0,Transient,107.1,0,0
City Hotel,1,171,2016,August,32,2,0,5,2,0.0,0,SC,FRA,Online TA,TA/TO,0,0,0,A,A,0,No Deposit,9.0,0,Transient,89.25,0,0
City Hotel,1,166,2016,August,32,2,1,5,2,0.0,0,BB,PRT,Offline TA/TO,TA/TO,0,0,0,A,A,0,No Deposit,85.0,0,Transient,72.25,0,0
City Hotel,1,137,2016,August,32,2,2,5,2,0.0,0,BB,FRA,Online TA,TA/TO,0,0,0,A,A,0,No Deposit,9.0,0,Transient,103.09,0,0
City Hotel,1,206,2016,August,32,2,4,10,2,0.0,0,BB,GBR,Online TA,TA/TO,0,0,0,A,A,0,No Deposit,9.0,0,Transient,90.95,0,0
City Hotel,1,126,2016,August,32,3,0,1,2,0.0,0,HB,ISR,Online TA,TA/TO,0,0,0,A,A,0,No Deposit,9.0,0,Transient,139.5,0,0
City Hotel,1,126,2016,August,32,3,0,1,2,0.0,0,HB,ISR,Online TA,TA/TO,0,0,0,A,A,0,No Deposit,9.0,0,Transient,139.5,0,0
City Hotel,1,157,2016,August,32,3,0,1,2,0.0,0,SC,PRT,Online TA,TA/TO,0,0,0,A,A,0,No Deposit,7.0,0,Transient,94.5,0,0
City Hotel,0,217,2016,August,32,3,0,3,2,0.0,0,BB,NLD,Online TA,TA/TO,0,0,0,B,B,0,No Deposit,9.0,0,Transient,86.63,0,0
City Hotel,0,218,2016,August,32,3,0,3,2,0.0,0,BB,NLD,Online TA,TA/TO,0,0,0,B,B,1,No Deposit,9.0,0,Transient,86.62,0,0
City Hotel,1,103,2016,August,32,3,0,3,2,0.0,0,BB,NLD,Online TA,TA/TO,0,0,0,D,D,0,No Deposit,9.0,0,Transient,118.8,0,0
City Hotel,1,85,2016,August,32,3,0,3,2,0.0,0,BB,ITA,Online TA,TA/TO,0,0,0,A,A,0,No Deposit,9.0,0,Transient,119.7,0,0
City Hotel,1,126,2016,August,32,3,0,3,2,0.0,0,BB,PRT,Offline TA/TO,TA/TO,0,0,0,A,A,0,No Deposit,22.0,0,Transient,72.25,0,0
City Hotel,1,85,2016,August,32,3,0,3,2,0.0,0,BB,ITA,Online TA,TA/TO,0,0,0,A,A,0,No Deposit,9.0,0,Transient,119.7,0,0
City Hotel,1,166,2016,August,32,3,0,3,2,0.0,0,BB,ITA,Online TA,TA/TO,0,0,0,A,A,0,No Deposit,9.0,0,Transient,114.3,0,1
City Hotel,1,195,2016,August,32,3,0,4,2,0.0,0,BB,ESP,Online TA,TA/TO,0,0,0,A,A,0,No Deposit,9.0,0,Transient,99.95,0,0
City Hotel,1,186,2016,August,32,3,2,5,2,0.0,0,BB,PRT,Online TA,TA/TO,0,0,0,D,D,0,No Deposit,8.0,0,Transient,112.2,0,0
City Hotel,1,199,2016,August,32,3,2,5,2,0.0,0,BB,FRA,Direct,Direct,0,0,0,A,A,0,No Deposit,14.0,0,Transient,80.75,0,2
City Hotel,1,180,2016,August,32,3,2,5,2,0.0,0,BB,PRT,Online TA,TA/TO,0,0,0,D,D,0,No Deposit,8.0,0,Transient,112.2,0,0
City Hotel,1,199,2016,August,32,3,2,5,2,0.0,0,SC,FRA,Online TA,TA/TO,0,0,0,A,A,0,No Deposit,9.0,0,Transient,80.75,0,0
City Hotel,1,101,2016,August,32,3,2,6,2,0.0,0,SC,ESP,Online TA,TA/TO,0,0,0,A,A,0,No Deposit,9.0,0,Transient,107.1,0,0
City Hotel,1,142,2016,August,32,3,2,6,2,0.0,0,BB,FRA,Online TA,TA/TO,0,0,0,A,A,0,No Deposit,9.0,0,Transient,104.76,0,0
City Hotel,1,142,2016,August,32,3,2,6,2,0.0,0,BB,FRA,Online TA,TA/TO,0,0,0,A,A,0,No Deposit,9.0,0,Transient,104.76,0,0
City Hotel,1,391,2016,August,32,4,0,2,2,0.0,0,BB,PRT,Groups,TA/TO,0,0,0,A,A,0,Non Refund,1.0,0,Transient,62.0,0,0
City Hotel,1,391,2016,August,32,4,0,2,2,0.0,0,BB,PRT,Groups,TA/TO,0,0,0,A,A,0,Non Refund,1.0,0,Transient,62.0,0,0
City Hotel,1,391,2016,August,32,4,0,2,2,0.0,0,BB,PRT,Groups,TA/TO,0,0,0,A,A,0,Non Refund,1.0,0,Transient,62.0,0,0
City Hotel,1,391,2016,August,32,4,0,2,2,0.0,0,BB,PRT,Groups,TA/TO,0,0,0,A,A,0,Non Refund,1.0,0,Transient,62.0,0,0
City Hotel,1,391,2016,August,32,4,0,2,2,0.0,0,BB,PRT,Groups,TA/TO,0,0,0,A,A,0,Non Refund,1.0,0,Transient,62.0,0,0
City Hotel,1,160,2016,August,32,4,0,2,2,0.0,0,SC,GBR,Online TA,TA/TO,0,0,0,A,A,0,No Deposit,9.0,0,Transient,94.5,0,0
City Hotel,1,391,2016,August,32,4,0,2,2,0.0,0,BB,PRT,Groups,TA/TO,0,0,0,A,A,0,Non Refund,1.0,0,Transient,62.0,0,0
City Hotel,1,391,2016,August,32,4,0,2,2,0.0,0,BB,PRT,Groups,TA/TO,0,0,0,A,A,0,Non Refund,1.0,0,Transient,62.0,0,0
City Hotel,1,391,2016,August,32,4,0,2,2,0.0,0,BB,PRT,Groups,TA/TO,0,0,0,A,A,0,Non Refund,1.0,0,Transient,62.0,0,0
City Hotel,1,391,2016,August,32,4,0,2,2,0.0,0,BB,PRT,Groups,TA/TO,0,0,0,A,A,0,Non Refund,1.0,0,Transient,62.0,0,0
City Hotel,1,391,2016,August,32,4,0,2,2,0.0,0,BB,PRT,Groups,TA/TO,0,0,0,A,A,0,Non Refund,1.0,0,Transient,62.0,0,0
City Hotel,1,391,2016,August,32,4,0,2,2,0.0,0,BB,PRT,Groups,TA/TO,0,0,0,A,A,0,Non Refund,1.0,0,Transient,62.0,0,0
City Hotel,1,391,2016,August,32,4,0,2,2,0.0,0,BB,PRT,Groups,TA/TO,0,0,0,A,A,0,Non Refund,1.0,0,Transient,62.0,0,0
City Hotel,1,391,2016,August,32,4,0,2,2,0.0,0,BB,PRT,Groups,TA/TO,0,0,0,A,A,0,Non Refund,1.0,0,Transient,62.0,0,0
City Hotel,1,391,2016,August,32,4,0,2,2,0.0,0,BB,PRT,Groups,TA/TO,0,0,0,A,A,0,Non Refund,1.0,0,Transient,62.0,0,0
City Hotel,1,391,2016,August,32,4,0,2,2,0.0,0,BB,PRT,Groups,TA/TO,0,0,0,A,A,0,Non Refund,1.0,0,Transient,62.0,0,0
City Hotel,1,391,2016,August,32,4,0,2,2,0.0,0,BB,PRT,Groups,TA/TO,0,0,0,A,A,0,Non Refund,1.0,0,Transient,62.0,0,0
City Hotel,1,206,2016,August,32,4,0,2,2,0.0,0,BB,ESP,Online TA,TA/TO,0,0,0,A,A,0,No Deposit,9.0,0,Transient,105.3,0,0
City Hotel,1,391,2016,August,32,4,0,2,2,0.0,0,BB,PRT,Groups,TA/TO,0,0,0,A,A,0,Non Refund,1.0,0,Transient,62.0,0,0
City Hotel,1,391,2016,August,32,4,0,2,2,0.0,0,BB,PRT,Groups,TA/TO,0,0,0,A,A,0,Non Refund,1.0,0,Transient,62.0,0,0
City Hotel,1,391,2016,August,32,4,0,2,2,0.0,0,BB,PRT,Groups,TA/TO,0,0,0,A,A,0,Non Refund,1.0,0,Transient,62.0,0,0
City Hotel,1,391,2016,August,32,4,0,2,2,0.0,0,BB,PRT,Groups,TA/TO,0,0,0,A,A,0,Non Refund,1.0,0,Transient,62.0,0,0
City Hotel,1,391,2016,August,32,4,0,2,2,0.0,0,BB,PRT,Groups,TA/TO,0,0,0,A,A,0,Non Refund,1.0,0,Transient,62.0,0,0
City Hotel,1,391,2016,August,32,4,0,2,2,0.0,0,BB,PRT,Groups,TA/TO,0,0,0,A,A,0,Non Refund,1.0,0,Transient,62.0,0,0
City Hotel,0,214,2016,August,32,4,0,2,2,0.0,0,BB,IRL,Online TA,TA/TO,0,0,0,D,D,2,No Deposit,9.0,0,Transient,105.3,1,1
City Hotel,1,391,2016,August,32,4,0,2,2,0.0,0,BB,PRT,Groups,TA/TO,0,0,0,A,A,0,Non Refund,1.0,0,Transient,62.0,0,0
City Hotel,1,391,2016,August,32,4,0,2,2,0.0,0,BB,PRT,Groups,TA/TO,0,0,0,A,A,0,Non Refund,1.0,0,Transient,62.0,0,0
City Hotel,1,391,2016,August,32,4,0,2,2,0.0,0,BB,PRT,Groups,TA/TO,0,0,0,A,A,0,Non Refund,1.0,0,Transient,62.0,0,0
City Hotel,1,391,2016,August,32,4,0,2,2,0.0,0,BB,PRT,Groups,TA/TO,0,0,0,A,A,0,Non Refund,1.0,0,Transient,62.0,0,0
City Hotel,1,391,2016,August,32,4,0,2,2,0.0,0,BB,PRT,Groups,TA/TO,0,0,0,A,A,0,Non Refund,1.0,0,Transient,62.0,0,0
City Hotel,1,391,2016,August,32,4,0,2,2,0.0,0,BB,PRT,Groups,TA/TO,0,0,0,A,A,0,Non Refund,1.0,0,Transient,62.0,0,0
City Hotel,1,391,2016,August,32,4,0,2,2,0.0,0,BB,PRT,Groups,TA/TO,0,0,0,A,A,0,Non Refund,1.0,0,Transient,62.0,0,0
City Hotel,1,250,2016,August,32,4,0,2,2,0.0,0,BB,PRT,Direct,Direct,0,0,0,B,B,0,No Deposit,14.0,0,Transient-Party,90.25,0,1
City Hotel,1,391,2016,August,32,4,0,2,2,0.0,0,BB,PRT,Groups,TA/TO,0,0,0,A,A,0,Non Refund,1.0,0,Transient,62.0,0,0
City Hotel,1,250,2016,August,32,4,0,2,2,0.0,0,BB,PRT,Direct,Direct,0,0,0,B,B,1,No Deposit,14.0,0,Transient-Party,90.25,0,0
City Hotel,1,196,2016,August,32,4,0,3,2,0.0,0,BB,ESP,Online TA,TA/TO,0,0,0,A,A,0,No Deposit,9.0,0,Transient,105.3,0,0
City Hotel,1,6,2016,August,32,4,0,3,2,0.0,0,BB,FRA,Online TA,TA/TO,0,0,0,D,D,1,No Deposit,9.0,0,Transient,166.0,0,0
City Hotel,1,178,2016,August,32,4,0,3,2,0.0,0,BB,ITA,Online TA,TA/TO,0,0,0,A,A,2,No Deposit,9.0,0,Transient,108.3,0,0
City Hotel,1,205,2016,August,32,4,1,3,2,0.0,0,SC,PRT,Online TA,TA/TO,0,0,0,A,A,2,No Deposit,7.0,0,Transient,80.75,0,0
City Hotel,1,53,2016,August,32,4,1,3,2,0.0,0,BB,DEU,Online TA,TA/TO,0,0,0,A,A,0,No Deposit,9.0,0,Transient,135.9,0,0
City Hotel,1,205,2016,August,32,4,1,3,2,0.0,0,SC,PRT,Online TA,TA/TO,0,0,0,A,A,2,No Deposit,7.0,0,Transient,80.75,0,0
City Hotel,1,7,2016,August,32,4,0,3,2,0.0,0,BB,ESP,Online TA,TA/TO,0,0,0,A,A,0,No Deposit,9.0,0,Transient,151.0,0,2
City Hotel,1,192,2016,August,32,4,1,3,2,0.0,0,BB,FRA,Online TA,TA/TO,0,0,0,A,A,0,No Deposit,9.0,0,Transient,99.45,0,0
City Hotel,1,138,2016,August,32,4,2,3,2,0.0,0,BB,BRA,Online TA,TA/TO,0,0,0,A,A,0,No Deposit,9.0,0,Transient,104.55,0,0
City Hotel,1,86,2016,August,32,4,2,3,2,0.0,0,BB,PRT,Offline TA/TO,TA/TO,0,0,0,D,D,0,No Deposit,85.0,0,Transient,82.45,0,0
City Hotel,1,171,2016,August,32,4,2,3,2,0.0,0,SC,FRA,Online TA,TA/TO,0,0,0,A,A,2,No Deposit,9.0,0,Transient,92.82,0,0
City Hotel,1,181,2016,August,32,4,2,5,2,0.0,0,BB,PRT,Online TA,TA/TO,0,0,0,D,D,0,No Deposit,8.0,0,Transient,112.2,0,1
City Hotel,1,216,2016,August,32,5,0,1,2,0.0,0,BB,GBR,Online TA,TA/TO,0,0,0,A,A,1,No Deposit,9.0,0,Transient-Party,96.3,0,1
City Hotel,1,81,2016,August,32,5,0,2,2,0.0,0,BB,GBR,Online TA,TA/TO,0,0,0,D,D,0,No Deposit,9.0,0,Transient,131.4,0,0
City Hotel,1,238,2016,August,32,5,0,2,2,0.0,0,BB,NLD,Online TA,TA/TO,0,0,0,B,B,1,No Deposit,9.0,0,Transient-Party,86.75,0,0
City Hotel,1,207,2016,August,32,5,0,2,2,0.0,0,BB,BRA,Online TA,TA/TO,0,0,0,D,D,0,No Deposit,9.0,0,Transient,105.3,0,1
City Hotel,1,81,2016,August,32,5,0,2,2,0.0,0,BB,GBR,Online TA,TA/TO,0,0,0,D,D,0,No Deposit,9.0,0,Transient,131.4,0,0
City Hotel,0,229,2016,August,32,5,1,2,2,0.0,0,BB,DEU,Online TA,TA/TO,0,0,0,A,A,0,No Deposit,9.0,0,Transient-Party,96.3,0,1
City Hotel,1,109,2016,August,32,5,1,2,2,0.0,0,SC,VGB,Online TA,TA/TO,0,0,0,A,A,0,No Deposit,9.0,0,Transient,100.5,0,0
City Hotel,0,229,2016,August,32,5,1,2,2,0.0,0,BB,DEU,Online TA,TA/TO,0,0,0,A,A,0,No Deposit,9.0,0,Transient-Party,96.3,0,1
City Hotel,1,115,2016,August,32,5,1,2,2,0.0,0,BB,HUN,Online TA,TA/TO,0,0,0,A,A,0,No Deposit,9.0,0,Transient,120.3,0,0
City Hotel,0,229,2016,August,32,5,1,2,2,0.0,0,BB,DEU,Online TA,TA/TO,0,0,0,A,A,0,No Deposit,9.0,0,Transient-Party,96.3,0,1
City Hotel,1,166,2016,August,32,5,2,2,2,0.0,0,BB,GBR,Online TA,TA/TO,0,0,0,A,A,0,No Deposit,9.0,0,Transient,99.45,0,0
City Hotel,1,166,2016,August,32,5,2,2,2,0.0,0,BB,GBR,Online TA,TA/TO,0,0,0,A,A,0,No Deposit,9.0,0,Transient,99.45,0,0
City Hotel,1,171,2016,August,32,5,2,2,2,0.0,0,BB,ITA,Online TA,TA/TO,0,0,0,A,A,0,No Deposit,9.0,0,Transient,99.45,0,0
City Hotel,1,207,2016,August,32,5,2,3,2,0.0,0,BB,ITA,Online TA,TA/TO,0,0,0,A,A,0,No Deposit,9.0,0,Transient,90.95,0,0
City Hotel,1,166,2016,August,32,5,2,5,2,0.0,0,SC,MAR,Online TA,TA/TO,0,0,0,A,A,0,No Deposit,9.0,0,Transient,89.25,0,0
City Hotel,1,3,2016,August,32,6,0,1,2,0.0,0,SC,ESP,Online TA,TA/TO,0,0,0,A,A,0,No Deposit,9.0,0,Transient,139.0,0,0
City Hotel,1,147,2016,August,32,6,0,1,2,0.0,0,BB,FRA,Online TA,TA/TO,0,0,0,A,A,0,No Deposit,9.0,0,Transient,114.3,0,1
City Hotel,1,218,2016,August,32,6,0,1,2,0.0,0,BB,FRA,Online TA,TA/TO,0,0,0,A,A,0,No Deposit,9.0,0,Transient,96.3,0,1
City Hotel,1,78,2016,August,32,6,0,1,2,0.0,0,BB,GBR,Direct,Direct,0,0,0,A,A,0,No Deposit,14.0,0,Transient,101.15,0,0
City Hotel,1,167,2016,August,32,6,0,1,2,0.0,0,BB,ISR,Online TA,TA/TO,0,0,0,A,A,0,No Deposit,9.0,0,Transient,105.3,0,0
City Hotel,1,167,2016,August,32,6,0,1,2,0.0,0,BB,ISR,Online TA,TA/TO,0,0,0,A,A,0,No Deposit,9.0,0,Transient,105.3,0,0
City Hotel,0,235,2016,August,32,6,1,1,2,0.0,0,BB,PRT,Online TA,TA/TO,0,0,0,A,A,0,No Deposit,9.0,0,Transient-Party,105.3,1,2
City Hotel,1,196,2016,August,32,6,1,1,2,0.0,0,SC,GBR,Online TA,TA/TO,0,0,0,A,A,0,No Deposit,9.0,0,Transient,85.5,0,0
City Hotel,1,73,2016,August,32,6,1,1,2,0.0,0,BB,FRA,Online TA,TA/TO,0,0,0,D,D,0,No Deposit,9.0,0,Transient,140.4,0,1
City Hotel,1,73,2016,August,32,6,1,1,2,0.0,0,BB,FRA,Online TA,TA/TO,0,0,0,D,D,0,No Deposit,9.0,0,Transient,131.4,0,1
City Hotel,1,92,2016,August,32,6,1,1,2,0.0,0,BB,PRT,Direct,Direct,0,0,0,A,A,0,No Deposit,14.0,0,Transient,101.15,0,0
City Hotel,0,235,2016,August,32,6,1,1,2,0.0,0,BB,FRA,Online TA,TA/TO,0,0,0,A,A,0,No Deposit,9.0,0,Transient-Party,96.3,0,1
City Hotel,1,8,2016,August,32,6,2,1,2,0.0,0,BB,DEU,Online TA,TA/TO,0,0,0,A,A,0,No Deposit,9.0,0,Transient,151.0,0,0
City Hotel,1,31,2016,August,32,6,2,1,2,0.0,0,SC,CHN,Online TA,TA/TO,0,0,0,A,A,0,No Deposit,9.0,0,Transient,125.1,0,0
City Hotel,1,101,2016,August,32,6,2,1,2,0.0,0,SC,KOR,Online TA,TA/TO,0,0,0,A,A,0,No Deposit,9.0,0,Transient,107.1,0,0
City Hotel,1,122,2016,August,32,6,2,2,2,0.0,0,BB,HKG,Online TA,TA/TO,0,0,0,A,A,0,No Deposit,9.0,0,Transient,114.3,0,1
City Hotel,1,18,2016,August,32,6,2,2,2,0.0,0,BB,ESP,Online TA,TA/TO,0,0,0,A,A,0,No Deposit,9.0,0,Transient,151.0,0,2
City Hotel,1,129,2016,August,32,6,2,3,2,0.0,0,BB,GBR,Direct,Direct,0,0,0,A,A,1,No Deposit,14.0,0,Transient,103.5,0,1
City Hotel,1,30,2016,August,32,6,2,3,2,0.0,0,BB,GBR,Direct,Direct,0,0,0,A,A,0,No Deposit,14.0,0,Transient,103.5,0,1
City Hotel,1,129,2016,August,32,6,2,3,2,0.0,0,BB,GBR,Direct,Direct,0,0,0,A,A,1,No Deposit,14.0,0,Transient,103.5,0,2
City Hotel,1,129,2016,August,32,6,2,3,2,0.0,0,BB,GBR,Direct,Direct,0,0,0,A,A,1,No Deposit,14.0,0,Transient,103.5,0,2
City Hotel,1,129,2016,August,32,6,2,4,2,0.0,0,BB,GBR,Online TA,TA/TO,0,0,0,A,A,0,No Deposit,9.0,0,Transient,114.3,0,0
City Hotel,1,129,2016,August,32,6,2,4,2,0.0,0,BB,GBR,Online TA,TA/TO,0,0,0,A,A,0,No Deposit,9.0,0,Transient,114.3,0,0
City Hotel,1,129,2016,August,32,6,2,4,2,0.0,0,BB,GBR,Online TA,TA/TO,0,0,0,A,A,0,No Deposit,9.0,0,Transient,114.3,0,0
City Hotel,1,189,2016,August,32,6,2,5,2,0.0,0,BB,ITA,Online TA,TA/TO,0,0,0,A,A,0,No Deposit,9.0,0,Transient,99.45,0,1
City Hotel,0,236,2016,August,32,6,3,6,2,0.0,0,BB,DEU,Direct,Direct,0,0,0,B,B,0,No Deposit,14.0,0,Transient,93.25,0,0
City Hotel,0,237,2016,August,32,6,3,6,2,0.0,0,BB,DEU,Direct,Direct,0,0,0,B,B,1,No Deposit,14.0,0,Transient,93.25,0,0
City Hotel,1,151,2016,August,32,6,3,6,2,0.0,0,SC,MOZ,Online TA,TA/TO,0,0,0,A,A,0,No Deposit,9.0,0,Transient,97.75,0,0
City Hotel,0,236,2016,August,32,6,3,6,2,0.0,0,BB,DEU,Direct,Direct,0,0,0,B,B,0,No Deposit,14.0,0,Transient,93.25,0,0
City Hotel,1,187,2016,August,32,6,4,6,2,0.0,0,BB,FRA,Online TA,TA/TO,0,0,0,A,A,0,No Deposit,9.0,0,Transient,99.45,0,1
City Hotel,1,148,2016,August,33,7,1,0,2,0.0,0,BB,FRA,Online TA,TA/TO,0,0,0,A,A,0,No Deposit,9.0,0,Transient,114.3,0,0
City Hotel,1,78,2016,August,33,7,1,0,2,0.0,0,BB,GBR,Online TA,TA/TO,0,0,0,A,A,0,No Deposit,9.0,0,Transient,117.9,0,0
City Hotel,1,0,2016,August,33,7,1,0,2,0.0,0,SC,RUS,Online TA,TA/TO,0,0,0,A,D,0,No Deposit,9.0,0,Transient,98.0,0,1
City Hotel,1,78,2016,August,33,7,1,0,2,0.0,0,BB,GBR,Online TA,TA/TO,0,0,0,A,A,0,No Deposit,9.0,0,Transient,117.9,0,0
City Hotel,1,124,2016,August,33,7,2,1,2,0.0,0,BB,DEU,Online TA,TA/TO,0,0,0,A,A,0,No Deposit,9.0,0,Transient,114.3,0,0
City Hotel,1,159,2016,August,33,7,2,1,2,0.0,0,BB,FRA,Online TA,TA/TO,0,0,0,A,A,0,No Deposit,9.0,0,Transient,114.3,0,0
City Hotel,1,195,2016,August,33,7,2,1,2,0.0,0,SC,ESP,Online TA,TA/TO,0,0,0,A,A,0,No Deposit,9.0,0,Transient,99.0,0,1
City Hotel,1,10,2016,August,33,7,2,2,2,0.0,0,SC,ESP,Online TA,TA/TO,0,0,0,A,A,0,No Deposit,9.0,0,Transient,139.0,0,2
City Hotel,1,7,2016,August,33,7,2,2,2,0.0,0,BB,ESP,Online TA,TA/TO,0,0,0,A,A,0,No Deposit,9.0,0,Transient,151.0,0,0
City Hotel,1,207,2016,August,33,7,2,2,2,0.0,0,BB,PRT,Online TA,TA/TO,0,0,0,D,D,0,No Deposit,7.0,0,Transient,99.45,0,0
City Hotel,0,214,2016,August,33,7,2,2,2,0.0,0,BB,NLD,Online TA,TA/TO,0,0,0,A,D,1,No Deposit,9.0,0,Transient-Party,90.95,0,1
City Hotel,0,214,2016,August,33,7,2,3,2,0.0,0,BB,DEU,Online TA,TA/TO,0,0,0,A,A,0,No Deposit,9.0,0,Transient,90.95,0,1
City Hotel,0,217,2016,August,33,7,2,4,2,0.0,0,SC,BEL,Online TA,TA/TO,0,0,0,A,A,0,No Deposit,9.0,0,Transient-Party,80.75,0,1
City Hotel,0,217,2016,August,33,7,2,4,2,0.0,0,SC,BEL,Online TA,TA/TO,0,0,0,A,A,0,No Deposit,9.0,0,Transient-Party,80.75,0,1
City Hotel,1,136,2016,August,33,7,2,5,2,0.0,0,BB,PRT,Online TA,TA/TO,0,0,0,A,A,0,No Deposit,7.0,0,Transient,107.95,0,0
City Hotel,1,7,2016,August,33,7,2,5,2,0.0,0,SC,TUR,Online TA,TA/TO,0,0,0,A,A,0,No Deposit,9.0,0,Transient,139.0,0,0
City Hotel,1,186,2016,August,33,7,4,8,2,0.0,0,BB,MAR,Online TA,TA/TO,0,0,0,A,A,0,No Deposit,9.0,0,Transient,108.45,0,0
City Hotel,1,10,2016,August,33,8,1,0,2,0.0,0,SC,GBR,Online TA,TA/TO,0,0,0,A,A,0,No Deposit,9.0,0,Transient,139.0,0,1
City Hotel,1,8,2016,August,33,8,1,1,2,0.0,0,HB,PRT,Online TA,TA/TO,0,0,0,A,A,0,No Deposit,9.0,0,Transient,189.0,0,1
City Hotel,1,33,2016,August,33,8,1,1,2,0.0,0,SC,FRA,Online TA,TA/TO,0,0,0,A,A,1,No Deposit,9.0,0,Transient,125.1,0,1
City Hotel,1,99,2016,August,33,8,1,2,2,0.0,0,BB,ESP,Online TA,TA/TO,0,0,0,D,D,0,No Deposit,9.0,0,Transient,140.4,0,2
City Hotel,1,215,2016,August,33,8,1,2,2,0.0,0,BB,ITA,Online TA,TA/TO,0,0,0,A,A,0,No Deposit,9.0,0,Transient,96.3,0,1
City Hotel,0,215,2016,August,33,8,1,2,2,0.0,0,BB,BEL,Online TA,TA/TO,0,0,0,A,B,1,No Deposit,9.0,0,Transient-Party,96.3,0,2
City Hotel,1,162,2016,August,33,8,1,2,2,0.0,0,SC,GBR,Online TA,TA/TO,0,0,0,A,A,0,No Deposit,9.0,0,Transient,103.5,0,0
City Hotel,1,159,2016,August,33,8,1,2,2,0.0,0,BB,FRA,Online TA,TA/TO,0,0,0,A,A,0,No Deposit,9.0,0,Transient,114.3,0,0
City Hotel,0,215,2016,August,33,8,1,2,2,0.0,0,BB,BEL,Online TA,TA/TO,0,0,0,A,B,1,No Deposit,9.0,0,Transient-Party,96.3,0,2
City Hotel,1,33,2016,August,33,8,1,2,2,0.0,0,BB,FRA,Online TA,TA/TO,0,0,0,A,A,0,No Deposit,9.0,0,Transient,135.9,0,1
City Hotel,1,128,2016,August,33,8,1,2,2,0.0,0,BB,GBR,Online TA,TA/TO,0,0,0,A,A,0,No Deposit,9.0,0,Transient,114.3,0,0
City Hotel,1,33,2016,August,33,8,1,2,2,0.0,0,BB,PRT,Online TA,TA/TO,0,0,0,A,A,0,No Deposit,8.0,0,Transient,135.9,0,1
City Hotel,1,120,2016,August,33,8,1,3,2,0.0,0,BB,FRA,Online TA,TA/TO,0,0,0,D,D,2,No Deposit,9.0,0,Transient,127.8,0,0
City Hotel,1,147,2016,August,33,8,1,3,2,0.0,0,SC,CHE,Online TA,TA/TO,0,0,0,A,A,0,No Deposit,9.0,0,Transient,97.75,0,0
City Hotel,1,167,2016,August,33,8,1,3,2,0.0,0,BB,ESP,Online TA,TA/TO,0,0,0,A,A,0,No Deposit,9.0,0,Transient,99.45,0,1
City Hotel,1,204,2016,August,33,8,1,3,2,0.0,0,BB,FRA,Online TA,TA/TO,0,0,0,D,D,0,No Deposit,9.0,0,Transient,99.45,0,0
City Hotel,1,147,2016,August,33,8,1,3,2,0.0,0,SC,CHE,Online TA,TA/TO,0,0,0,A,A,0,No Deposit,9.0,0,Transient,97.75,0,0
City Hotel,1,189,2016,August,33,8,1,3,2,0.0,0,BB,PRT,Offline TA/TO,TA/TO,0,0,0,A,D,0,No Deposit,22.0,0,Transient-Party,72.25,0,0
City Hotel,1,213,2016,August,33,8,1,3,2,0.0,0,SC,ITA,Online TA,TA/TO,0,0,0,A,A,0,No Deposit,9.0,0,Transient,80.75,0,0
City Hotel,1,198,2016,August,33,8,1,4,2,0.0,0,BB,ESP,Online TA,TA/TO,0,0,0,A,A,0,No Deposit,9.0,0,Transient,99.95,0,0
City Hotel,1,125,2016,August,33,8,1,4,2,0.0,0,BB,FRA,Online TA,TA/TO,0,0,0,A,A,0,No Deposit,9.0,0,Transient,114.3,0,0
City Hotel,1,128,2016,August,33,8,1,4,2,0.0,0,BB,FRA,Online TA,TA/TO,0,0,0,A,A,4,No Deposit,9.0,0,Transient,119.7,0,0
City Hotel,1,124,2016,August,33,8,1,4,2,0.0,0,BB,FRA,Online TA,TA/TO,0,0,0,A,A,0,No Deposit,9.0,0,Transient,114.3,0,0
City Hotel,1,124,2016,August,33,8,1,5,2,0.0,0,BB,FRA,Online TA,TA/TO,0,0,0,A,A,0,No Deposit,9.0,0,Transient,114.3,0,0
City Hotel,0,226,2016,August,33,8,2,5,2,0.0,0,BB,DEU,Online TA,TA/TO,0,0,0,A,A,0,No Deposit,9.0,0,Transient,90.95,0,1
City Hotel,1,165,2016,August,33,8,2,5,2,0.0,0,BB,FRA,Online TA,TA/TO,0,0,0,A,A,0,No Deposit,9.0,0,Transient,99.45,0,0
City Hotel,1,14,2016,August,33,8,2,5,2,0.0,0,HB,PRT,Offline TA/TO,TA/TO,0,0,0,A,A,0,No Deposit,28.0,0,Transient,116.0,0,0
City Hotel,1,101,2016,August,33,9,0,2,2,0.0,0,HB,RUS,Online TA,TA/TO,0,0,0,D,D,0,No Deposit,9.0,0,Transient,165.6,0,0
City Hotel,1,99,2016,August,33,9,0,2,2,0.0,0,BB,ROU,Direct,Direct,0,0,0,A,A,0,No Deposit,14.0,0,Transient,101.15,0,0
City Hotel,1,200,2016,August,33,9,0,3,2,0.0,0,BB,PRT,Offline TA/TO,TA/TO,0,0,0,A,A,0,No Deposit,27.0,0,Transient-Party,72.25,0,1
City Hotel,1,11,2016,August,33,9,0,3,2,0.0,0,BB,GBR,Online TA,TA/TO,0,0,0,A,A,0,No Deposit,9.0,0,Transient,151.0,0,0
City Hotel,1,183,2016,August,33,9,0,3,2,0.0,0,BB,PRT,Offline TA/TO,TA/TO,0,0,0,A,A,0,No Deposit,28.0,0,Transient-Party,112.0,0,1
City Hotel,1,203,2016,August,33,9,0,3,2,0.0,0,BB,RUS,Online TA,TA/TO,0,0,0,A,A,0,No Deposit,9.0,0,Transient,96.3,0,0
City Hotel,1,183,2016,August,33,9,0,3,2,0.0,0,BB,PRT,Offline TA/TO,TA/TO,0,0,0,A,A,0,No Deposit,28.0,0,Transient-Party,112.0,0,1
City Hotel,1,45,2016,August,33,9,0,3,2,0.0,0,SC,BEL,Direct,Direct,0,0,0,A,A,0,No Deposit,,0,Transient,0.0,0,0
City Hotel,1,5,2016,August,33,9,0,3,2,0.0,0,BB,ITA,Online TA,TA/TO,0,0,0,A,A,0,No Deposit,9.0,0,Transient,151.0,0,0
City Hotel,1,184,2016,August,33,9,0,4,2,0.0,0,SC,DEU,Online TA,TA/TO,0,0,0,A,A,0,No Deposit,9.0,0,Transient,89.25,0,0
City Hotel,1,133,2016,August,33,9,0,4,2,0.0,0,BB,ROU,Online TA,TA/TO,0,0,0,A,A,0,No Deposit,9.0,0,Transient,114.3,0,0
City Hotel,0,218,2016,August,33,9,0,4,2,0.0,0,BB,ITA,Online TA,TA/TO,0,0,0,A,A,0,No Deposit,9.0,0,Transient,99.95,0,1
City Hotel,1,197,2016,August,33,9,0,4,2,0.0,0,BB,FRA,Online TA,TA/TO,0,0,0,A,A,0,No Deposit,9.0,0,Transient,108.45,0,1
City Hotel,1,220,2016,August,33,9,0,5,2,0.0,0,BB,ITA,Online TA,TA/TO,0,0,0,A,A,0,No Deposit,9.0,0,Transient,90.95,0,1
City Hotel,1,128,2016,August,33,9,0,5,2,0.0,0,SC,ITA,Online TA,TA/TO,0,0,0,A,A,0,No Deposit,9.0,0,Transient,103.5,0,0
City Hotel,1,161,2016,August,33,9,2,6,2,0.0,0,SC,BRA,Online TA,TA/TO,0,0,0,A,A,0,No Deposit,9.0,0,Transient,97.75,0,1
City Hotel,1,213,2016,August,33,9,2,8,2,0.0,0,BB,ROU,Direct,Direct,0,0,0,A,A,0,No Deposit,14.0,0,Transient,80.75,0,1
City Hotel,1,91,2016,August,33,9,4,10,2,0.0,0,BB,AGO,Direct,Direct,0,0,0,G,G,0,No Deposit,14.0,0,Transient,247.0,0,0
City Hotel,1,162,2016,August,33,9,1,5,2,0.0,0,HB,FRA,Direct,Direct,0,0,0,A,A,0,No Deposit,,0,Transient,134.25,0,0
City Hotel,1,121,2016,August,33,9,2,5,2,0.0,0,HB,ITA,Online TA,TA/TO,0,0,0,D,D,0,No Deposit,9.0,0,Transient,162.0,0,0
City Hotel,1,19,2016,August,33,10,0,1,2,0.0,0,BB,FRA,Online TA,TA/TO,0,0,0,D,D,0,No Deposit,9.0,0,Transient,166.0,0,1
City Hotel,1,34,2016,August,33,10,0,1,2,0.0,0,BB,USA,Online TA,TA/TO,0,0,0,D,D,0,No Deposit,9.0,0,Transient,149.4,0,0
City Hotel,1,35,2016,August,33,10,0,1,2,0.0,0,SC,PRT,Online TA,TA/TO,0,0,0,A,A,0,No Deposit,8.0,0,Transient,125.1,0,1
City Hotel,1,405,2016,August,33,10,0,2,2,0.0,0,BB,PRT,Groups,TA/TO,0,0,0,A,A,0,Non Refund,1.0,0,Transient,65.0,0,0
City Hotel,1,405,2016,August,33,10,0,2,2,0.0,0,BB,PRT,Groups,TA/TO,0,0,0,A,A,0,Non Refund,1.0,0,Transient,65.0,0,0
City Hotel,1,405,2016,August,33,10,0,2,2,0.0,0,BB,PRT,Groups,TA/TO,0,0,0,A,A,0,Non Refund,1.0,0,Transient,65.0,0,0
City Hotel,1,405,2016,August,33,10,0,2,2,0.0,0,BB,PRT,Groups,TA/TO,0,0,0,A,A,0,Non Refund,1.0,0,Transient,65.0,0,0
City Hotel,1,36,2016,August,33,10,0,2,2,0.0,0,BB,TUR,Online TA,TA/TO,0,0,0,A,A,0,No Deposit,9.0,0,Transient,135.9,0,1
City Hotel,1,405,2016,August,33,10,0,2,2,0.0,0,BB,PRT,Groups,TA/TO,0,0,0,A,A,0,Non Refund,1.0,0,Transient,65.0,0,0
City Hotel,1,405,2016,August,33,10,0,2,2,0.0,0,BB,PRT,Groups,TA/TO,0,0,0,A,A,0,Non Refund,1.0,0,Transient,65.0,0,0
City Hotel,1,405,2016,August,33,10,0,2,2,0.0,0,BB,PRT,Groups,TA/TO,0,0,0,A,A,0,Non Refund,1.0,0,Transient,65.0,0,0
City Hotel,1,186,2016,August,33,10,0,2,2,0.0,0,BB,FRA,Online TA,TA/TO,0,0,0,D,D,0,No Deposit,9.0,0,Transient,118.8,0,1
City Hotel,1,405,2016,August,33,10,0,2,2,0.0,0,BB,PRT,Groups,TA/TO,0,0,0,A,A,0,Non Refund,1.0,0,Transient,65.0,0,0
City Hotel,1,405,2016,August,33,10,0,2,2,0.0,0,BB,PRT,Groups,TA/TO,0,0,0,A,A,0,Non Refund,1.0,0,Transient,65.0,0,0
City Hotel,1,217,2016,August,33,10,0,2,2,0.0,0,BB,GBR,Online TA,TA/TO,0,0,0,A,A,0,No Deposit,9.0,0,Transient,96.3,0,0
City Hotel,1,405,2016,August,33,10,0,2,2,0.0,0,BB,PRT,Groups,TA/TO,0,0,0,A,A,0,Non Refund,1.0,0,Transient,65.0,0,0
City Hotel,1,405,2016,August,33,10,0,2,2,0.0,0,BB,PRT,Groups,TA/TO,0,0,0,A,A,0,Non Refund,1.0,0,Transient,65.0,0,0
City Hotel,1,35,2016,August,33,10,0,2,2,0.0,0,SC,TUR,Online TA,TA/TO,0,0,0,A,A,0,No Deposit,9.0,0,Transient,125.1,0,0
City Hotel,1,405,2016,August,33,10,0,2,2,0.0,0,BB,PRT,Groups,TA/TO,0,0,0,A,A,0,Non Refund,1.0,0,Transient,65.0,0,0
City Hotel,1,405,2016,August,33,10,0,2,2,0.0,0,BB,PRT,Groups,TA/TO,0,0,0,A,A,0,Non Refund,1.0,0,Transient,65.0,0,0
City Hotel,1,405,2016,August,33,10,0,2,2,0.0,0,BB,PRT,Groups,TA/TO,0,0,0,A,A,0,Non Refund,1.0,0,Transient,65.0,0,0
City Hotel,1,405,2016,August,33,10,0,2,2,0.0,0,BB,PRT,Groups,TA/TO,0,0,0,A,A,0,Non Refund,1.0,0,Transient,65.0,0,0
City Hotel,1,405,2016,August,33,10,0,2,2,0.0,0,BB,PRT,Groups,TA/TO,0,0,0,A,A,0,Non Refund,1.0,0,Transient,65.0,0,0
City Hotel,1,405,2016,August,33,10,0,2,2,0.0,0,BB,PRT,Groups,TA/TO,0,0,0,A,A,0,Non Refund,1.0,0,Transient,65.0,0,0
City Hotel,1,405,2016,August,33,10,0,2,2,0.0,0,BB,PRT,Groups,TA/TO,0,0,0,A,A,0,Non Refund,1.0,0,Transient,65.0,0,0
City Hotel,1,405,2016,August,33,10,0,2,2,0.0,0,BB,PRT,Groups,TA/TO,0,0,0,A,A,0,Non Refund,1.0,0,Transient,65.0,0,0
City Hotel,1,134,2016,August,33,10,0,2,2,0.0,0,SC,FRA,Online TA,TA/TO,0,0,0,A,A,0,No Deposit,9.0,0,Transient,103.5,0,0
City Hotel,1,405,2016,August,33,10,0,2,2,0.0,0,BB,PRT,Groups,TA/TO,0,0,0,A,A,0,Non Refund,1.0,0,Transient,65.0,0,0
City Hotel,1,405,2016,August,33,10,0,2,2,0.0,0,BB,PRT,Groups,TA/TO,0,0,0,A,A,0,Non Refund,1.0,0,Transient,65.0,0,0
City Hotel,1,405,2016,August,33,10,0,2,2,0.0,0,BB,PRT,Groups,TA/TO,0,0,0,A,A,0,Non Refund,1.0,0,Transient,65.0,0,0
City Hotel,1,405,2016,August,33,10,0,2,2,0.0,0,BB,PRT,Groups,TA/TO,0,0,0,A,A,0,Non Refund,1.0,0,Transient,65.0,0,0
City Hotel,1,221,2016,August,33,10,0,3,2,0.0,0,BB,MAR,Online TA,TA/TO,0,0,0,B,B,1,No Deposit,9.0,0,Transient-Party,86.75,0,0
City Hotel,1,178,2016,August,33,10,0,4,2,0.0,0,SC,BEL,Online TA,TA/TO,0,0,0,A,A,0,No Deposit,9.0,0,Transient,89.25,0,0
City Hotel,0,237,2016,August,33,10,0,4,2,0.0,0,SC,CHN,Online TA,TA/TO,0,0,0,A,A,0,No Deposit,8.0,0,Transient,80.75,0,0
City Hotel,1,76,2016,August,33,10,0,4,2,0.0,0,BB,ESP,Online TA,TA/TO,0,0,0,A,A,2,No Deposit,9.0,0,Transient,122.4,0,1
City Hotel,1,120,2016,August,33,10,0,4,2,0.0,0,BB,ITA,Online TA,TA/TO,0,0,0,A,A,0,No Deposit,9.0,0,Transient,114.3,0,0
City Hotel,1,72,2016,August,33,10,0,4,2,0.0,0,BB,DEU,Direct,Direct,0,0,0,A,A,1,No Deposit,14.0,0,Transient,118.15,0,0
City Hotel,1,175,2016,August,33,10,0,4,2,0.0,0,BB,GBR,Online TA,TA/TO,0,0,0,A,A,0,No Deposit,9.0,0,Transient,99.45,0,0
City Hotel,1,178,2016,August,33,10,0,4,2,0.0,0,SC,BEL,Online TA,TA/TO,0,0,0,A,A,0,No Deposit,9.0,0,Transient,89.25,0,0
City Hotel,1,180,2016,August,33,10,2,4,2,0.0,0,BB,CHE,Online TA,TA/TO,0,0,0,D,D,0,No Deposit,9.0,0,Transient,112.2,0,1
City Hotel,1,182,2016,August,33,10,2,7,2,0.0,0,BB,FRA,Online TA,TA/TO,0,0,0,D,D,0,No Deposit,9.0,0,Transient,112.2,0,2
City Hotel,1,18,2016,August,33,11,0,1,2,0.0,0,SC,IRL,Direct,Direct,0,0,0,A,A,0,No Deposit,14.0,0,Transient,139.0,0,0
City Hotel,1,36,2016,August,33,11,0,1,2,0.0,0,BB,FRA,Online TA,TA/TO,0,0,0,A,A,0,No Deposit,9.0,0,Transient,135.9,0,1
City Hotel,0,220,2016,August,33,11,0,1,2,0.0,0,BB,BEL,Online TA,TA/TO,0,0,0,B,B,0,No Deposit,9.0,0,Transient,95.62,0,0
City Hotel,0,222,2016,August,33,11,0,1,2,0.0,0,BB,BEL,Online TA,TA/TO,0,0,0,B,B,1,No Deposit,9.0,0,Transient,86.63,0,0
City Hotel,1,156,2016,August,33,11,0,1,2,0.0,0,SC,FRA,Online TA,TA/TO,0,0,0,A,A,0,No Deposit,9.0,0,Transient,103.5,0,0
City Hotel,1,398,2016,August,33,11,0,2,2,0.0,0,BB,PRT,Groups,TA/TO,0,0,0,A,A,0,Non Refund,1.0,0,Transient,62.0,0,0
City Hotel,1,398,2016,August,33,11,0,2,2,0.0,0,BB,PRT,Groups,TA/TO,0,0,0,A,A,0,Non Refund,1.0,0,Transient,62.0,0,0
City Hotel,1,398,2016,August,33,11,0,2,2,0.0,0,BB,PRT,Groups,TA/TO,0,0,0,A,A,0,Non Refund,1.0,0,Transient,62.0,0,0
City Hotel,1,398,2016,August,33,11,0,2,2,0.0,0,BB,PRT,Groups,TA/TO,0,0,0,A,A,0,Non Refund,1.0,0,Transient,62.0,0,0
City Hotel,1,398,2016,August,33,11,0,2,2,0.0,0,BB,PRT,Groups,TA/TO,0,0,0,A,A,0,Non Refund,1.0,0,Transient,62.0,0,0
City Hotel,1,398,2016,August,33,11,0,2,2,0.0,0,BB,PRT,Groups,TA/TO,0,0,0,A,A,0,Non Refund,1.0,0,Transient,62.0,0,0
City Hotel,1,233,2016,August,33,11,0,2,2,0.0,0,BB,RUS,Online TA,TA/TO,0,0,0,B,B,1,No Deposit,9.0,0,Transient,86.62,0,0
City Hotel,1,398,2016,August,33,11,0,2,2,0.0,0,BB,PRT,Groups,TA/TO,0,0,0,A,A,0,Non Refund,1.0,0,Transient,62.0,0,0
City Hotel,1,398,2016,August,33,11,0,2,2,0.0,0,BB,PRT,Groups,TA/TO,0,0,0,A,A,0,Non Refund,1.0,0,Transient,62.0,0,0
City Hotel,1,398,2016,August,33,11,0,2,2,0.0,0,BB,PRT,Groups,TA/TO,0,0,0,A,A,0,Non Refund,1.0,0,Transient,62.0,0,0
City Hotel,1,398,2016,August,33,11,0,2,2,0.0,0,BB,PRT,Groups,TA/TO,0,0,0,A,A,0,Non Refund,1.0,0,Transient,62.0,0,0
City Hotel,1,231,2016,August,33,11,0,2,2,0.0,0,BB,RUS,Online TA,TA/TO,0,0,0,B,B,0,No Deposit,9.0,0,Transient,86.63,0,0
City Hotel,1,398,2016,August,33,11,0,2,2,0.0,0,BB,PRT,Groups,TA/TO,0,0,0,A,A,0,Non Refund,1.0,0,Transient,62.0,0,0
City Hotel,1,398,2016,August,33,11,0,2,2,0.0,0,BB,PRT,Groups,TA/TO,0,0,0,A,A,0,Non Refund,1.0,0,Transient,62.0,0,0
City Hotel,1,398,2016,August,33,11,0,2,2,0.0,0,BB,PRT,Groups,TA/TO,0,0,0,A,A,0,Non Refund,1.0,0,Transient,62.0,0,0
City Hotel,1,398,2016,August,33,11,0,2,2,0.0,0,BB,PRT,Groups,TA/TO,0,0,0,A,A,0,Non Refund,1.0,0,Transient,62.0,0,0
City Hotel,1,398,2016,August,33,11,0,2,2,0.0,0,BB,PRT,Groups,TA/TO,0,0,0,A,A,0,Non Refund,1.0,0,Transient,62.0,0,0
City Hotel,1,398,2016,August,33,11,0,2,2,0.0,0,BB,PRT,Groups,TA/TO,0,0,0,A,A,0,Non Refund,1.0,0,Transient,62.0,0,0
City Hotel,1,398,2016,August,33,11,0,2,2,0.0,0,BB,PRT,Groups,TA/TO,0,0,0,A,A,0,Non Refund,1.0,0,Transient,62.0,0,0
City Hotel,1,247,2016,August,33,11,0,2,2,0.0,0,BB,PRT,Online TA,TA/TO,0,0,0,A,A,0,No Deposit,7.0,0,Transient,96.3,0,0
City Hotel,1,398,2016,August,33,11,0,2,2,0.0,0,BB,PRT,Groups,TA/TO,0,0,0,A,A,0,Non Refund,1.0,0,Transient,62.0,0,0
City Hotel,1,398,2016,August,33,11,0,2,2,0.0,0,BB,PRT,Groups,TA/TO,0,0,0,A,A,0,Non Refund,1.0,0,Transient,62.0,0,0
City Hotel,1,398,2016,August,33,11,0,2,2,0.0,0,BB,PRT,Groups,TA/TO,0,0,0,A,A,0,Non Refund,1.0,0,Transient,62.0,0,0
City Hotel,1,398,2016,August,33,11,0,2,2,0.0,0,BB,PRT,Groups,TA/TO,0,0,0,A,A,0,Non Refund,1.0,0,Transient,62.0,0,0
City Hotel,1,398,2016,August,33,11,0,2,2,0.0,0,BB,PRT,Groups,TA/TO,0,0,0,A,A,0,Non Refund,1.0,0,Transient,62.0,0,0
City Hotel,1,398,2016,August,33,11,0,2,2,0.0,0,BB,PRT,Groups,TA/TO,0,0,0,A,A,0,Non Refund,1.0,0,Transient,62.0,0,0
City Hotel,1,398,2016,August,33,11,0,2,2,0.0,0,BB,PRT,Groups,TA/TO,0,0,0,A,A,0,Non Refund,1.0,0,Transient,62.0,0,0
City Hotel,1,398,2016,August,33,11,0,2,2,0.0,0,BB,PRT,Groups,TA/TO,0,0,0,A,A,0,Non Refund,1.0,0,Transient,62.0,0,0
City Hotel,1,398,2016,August,33,11,0,2,2,0.0,0,BB,PRT,Groups,TA/TO,0,0,0,A,A,0,Non Refund,1.0,0,Transient,62.0,0,0
City Hotel,1,398,2016,August,33,11,0,2,2,0.0,0,BB,PRT,Groups,TA/TO,0,0,0,A,A,0,Non Refund,1.0,0,Transient,62.0,0,0
City Hotel,1,398,2016,August,33,11,0,2,2,0.0,0,BB,PRT,Groups,TA/TO,0,0,0,A,A,0,Non Refund,1.0,0,Transient,62.0,0,0
City Hotel,1,398,2016,August,33,11,0,2,2,0.0,0,BB,PRT,Groups,TA/TO,0,0,0,A,A,0,Non Refund,1.0,0,Transient,62.0,0,0
City Hotel,1,398,2016,August,33,11,0,2,2,0.0,0,BB,PRT,Groups,TA/TO,0,0,0,A,A,0,Non Refund,1.0,0,Transient,62.0,0,0
City Hotel,1,212,2016,August,33,11,1,3,2,0.0,0,SC,FRA,Online TA,TA/TO,0,0,0,A,A,0,No Deposit,9.0,0,Transient,80.75,0,0
City Hotel,1,181,2016,August,33,11,2,3,2,0.0,0,BB,PRT,Online TA,TA/TO,0,0,0,A,A,0,No Deposit,8.0,0,Transient,99.45,0,1
City Hotel,1,170,2016,August,33,11,2,3,2,0.0,0,BB,ITA,Online TA,TA/TO,0,0,0,D,D,3,No Deposit,9.0,0,Transient,112.2,0,1
City Hotel,1,54,2016,August,33,11,2,3,2,0.0,0,BB,PRT,Offline TA/TO,TA/TO,0,0,0,A,A,0,No Deposit,138.0,0,Transient,85.0,0,0
City Hotel,1,129,2016,August,33,11,2,3,2,0.0,0,SC,NLD,Online TA,TA/TO,0,0,0,A,A,0,No Deposit,9.0,0,Transient,103.5,0,0
City Hotel,1,170,2016,August,33,11,2,3,2,0.0,0,BB,ITA,Online TA,TA/TO,0,0,0,D,D,3,No Deposit,9.0,0,Transient,112.2,0,1
City Hotel,1,199,2016,August,33,11,2,7,2,0.0,0,BB,ITA,Online TA,TA/TO,0,0,0,A,A,0,No Deposit,9.0,0,Transient,97.56,0,0
City Hotel,1,221,2016,August,33,12,0,1,2,0.0,0,BB,PRT,Offline TA/TO,TA/TO,0,0,0,A,A,0,No Deposit,6.0,147,Transient-Party,80.0,0,0
City Hotel,1,221,2016,August,33,12,0,1,2,0.0,0,BB,PRT,Offline TA/TO,TA/TO,0,0,0,A,A,0,No Deposit,6.0,147,Transient-Party,80.0,0,0
City Hotel,1,221,2016,August,33,12,0,1,2,0.0,0,BB,PRT,Offline TA/TO,TA/TO,0,0,0,A,A,0,No Deposit,6.0,147,Transient-Party,80.0,0,0
City Hotel,1,280,2016,August,33,12,0,1,2,0.0,0,BB,PRT,Online TA,TA/TO,0,0,0,B,B,0,No Deposit,8.0,0,Transient,94.95,0,1
City Hotel,1,221,2016,August,33,12,0,1,2,0.0,0,BB,PRT,Offline TA/TO,TA/TO,0,0,0,A,A,0,No Deposit,6.0,147,Transient-Party,80.0,0,0
City Hotel,1,221,2016,August,33,12,0,1,2,0.0,0,BB,PRT,Offline TA/TO,TA/TO,0,0,0,A,A,0,No Deposit,6.0,147,Transient-Party,80.0,0,0
City Hotel,1,221,2016,August,33,12,0,1,2,0.0,0,BB,PRT,Offline TA/TO,TA/TO,0,0,0,A,A,0,No Deposit,6.0,147,Transient-Party,80.0,0,0
City Hotel,1,221,2016,August,33,12,0,1,2,0.0,0,BB,PRT,Offline TA/TO,TA/TO,0,0,0,A,A,0,No Deposit,6.0,147,Transient-Party,80.0,0,0
City Hotel,1,221,2016,August,33,12,0,1,2,0.0,0,BB,PRT,Offline TA/TO,TA/TO,0,0,0,A,A,0,No Deposit,6.0,147,Transient-Party,80.0,0,0
City Hotel,1,221,2016,August,33,12,0,1,2,0.0,0,BB,PRT,Offline TA/TO,TA/TO,0,0,0,A,A,0,No Deposit,6.0,147,Transient-Party,80.0,0,0
City Hotel,0,225,2016,August,33,12,0,2,2,0.0,0,BB,BRA,Online TA,TA/TO,0,0,0,A,A,0,No Deposit,8.0,0,Transient,96.3,0,0
City Hotel,1,9,2016,August,33,12,0,2,2,0.0,0,BB,FRA,Online TA,TA/TO,0,0,0,A,A,1,No Deposit,9.0,0,Transient,156.0,0,1
City Hotel,1,83,2016,August,33,12,0,2,2,0.0,0,BB,FRA,Online TA,TA/TO,0,0,0,D,D,1,No Deposit,9.0,0,Transient,140.4,0,1
City Hotel,1,222,2016,August,33,12,0,2,2,0.0,0,SC,DEU,Online TA,TA/TO,0,0,0,A,A,0,No Deposit,9.0,0,Transient,85.5,0,1
City Hotel,1,225,2016,August,33,12,0,2,2,0.0,0,BB,PRT,Online TA,TA/TO,0,0,0,A,A,0,No Deposit,8.0,0,Transient,96.3,0,0
City Hotel,0,225,2016,August,33,12,0,2,2,0.0,0,BB,BRA,Online TA,TA/TO,0,0,0,A,A,0,No Deposit,8.0,0,Transient,96.3,0,0
City Hotel,1,93,2016,August,33,12,1,2,2,0.0,0,BB,FRA,Online TA,TA/TO,0,0,0,A,A,0,No Deposit,9.0,0,Transient,117.9,0,2
City Hotel,1,177,2016,August,33,12,1,2,2,0.0,0,BB,ESP,Online TA,TA/TO,0,0,0,D,D,0,No Deposit,9.0,0,Transient,127.8,0,1
City Hotel,0,219,2016,August,33,12,1,2,2,0.0,0,BB,AUT,Online TA,TA/TO,0,0,0,A,A,0,No Deposit,11.0,0,Transient,69.33,0,0
City Hotel,1,206,2016,August,33,12,2,2,2,0.0,0,SC,ITA,Online TA,TA/TO,0,0,0,A,A,0,No Deposit,9.0,0,Transient,80.75,0,0
City Hotel,0,221,2016,August,33,12,2,2,2,0.0,0,BB,DEU,Online TA,TA/TO,0,0,0,D,D,0,No Deposit,7.0,0,Transient,72.75,0,1
City Hotel,1,235,2016,August,33,12,2,3,2,0.0,0,BB,GBR,Online TA,TA/TO,0,0,0,A,A,0,No Deposit,9.0,0,Transient,90.95,0,1
City Hotel,1,201,2016,August,33,12,2,4,2,0.0,0,BB,ITA,Online TA,TA/TO,0,0,0,A,A,0,No Deposit,9.0,0,Transient,96.62,0,1
City Hotel,1,199,2016,August,33,12,2,4,2,0.0,0,HB,ESP,Online TA,TA/TO,0,0,0,A,A,1,No Deposit,9.0,0,Transient,128.92,0,0
City Hotel,1,11,2016,August,33,12,2,6,2,0.0,0,SC,GRC,Online TA,TA/TO,0,0,0,A,A,0,No Deposit,9.0,0,Transient,139.0,0,0
City Hotel,1,123,2016,August,33,13,0,1,2,0.0,0,BB,HUN,Online TA,TA/TO,0,0,0,A,A,0,No Deposit,9.0,0,Transient,123.3,0,0
City Hotel,1,157,2016,August,33,13,0,1,2,0.0,0,BB,AUT,Online TA,TA/TO,0,0,0,A,A,0,No Deposit,9.0,0,Transient,114.3,0,0
City Hotel,1,12,2016,August,33,13,0,1,2,0.0,0,BB,PRT,Direct,Direct,0,0,0,A,A,0,No Deposit,,0,Transient,149.0,0,0
City Hotel,1,188,2016,August,33,13,1,1,2,0.0,0,BB,ISR,Online TA,TA/TO,0,0,0,A,A,0,No Deposit,9.0,0,Transient,105.3,0,0
City Hotel,1,212,2016,August,33,13,1,1,2,0.0,0,HB,PRT,Groups,TA/TO,0,0,0,A,A,0,Non Refund,1.0,0,Transient,96.0,0,0
City Hotel,1,212,2016,August,33,13,1,1,2,0.0,0,HB,PRT,Groups,TA/TO,0,0,0,A,A,0,Non Refund,1.0,0,Transient,96.0,0,0
City Hotel,1,184,2016,August,33,13,1,1,2,0.0,0,SC,ITA,Online TA,TA/TO,0,0,0,A,A,0,No Deposit,9.0,0,Transient,94.5,0,0
City Hotel,1,212,2016,August,33,13,1,1,2,0.0,0,HB,PRT,Groups,TA/TO,0,0,0,A,A,0,Non Refund,1.0,0,Transient,96.0,0,0
City Hotel,1,212,2016,August,33,13,1,1,2,0.0,0,HB,PRT,Groups,TA/TO,0,0,0,A,A,0,Non Refund,1.0,0,Transient,96.0,0,0
City Hotel,1,188,2016,August,33,13,1,1,2,0.0,0,BB,ISR,Online TA,TA/TO,0,0,0,A,A,0,No Deposit,9.0,0,Transient,105.3,0,0
City Hotel,1,188,2016,August,33,13,1,1,2,0.0,0,BB,ISR,Online TA,TA/TO,0,0,0,A,A,0,No Deposit,9.0,0,Transient,105.3,0,0
City Hotel,1,151,2016,August,33,13,1,1,2,0.0,0,SC,USA,Online TA,TA/TO,0,0,0,A,A,1,No Deposit,9.0,0,Transient,103.5,0,0
City Hotel,1,188,2016,August,33,13,1,1,2,0.0,0,BB,ISR,Online TA,TA/TO,0,0,0,A,A,0,No Deposit,9.0,0,Transient,105.3,0,0
City Hotel,1,188,2016,August,33,13,1,1,2,0.0,0,BB,ISR,Online TA,TA/TO,0,0,0,A,A,0,No Deposit,9.0,0,Transient,105.3,0,0
City Hotel,1,212,2016,August,33,13,1,1,2,0.0,0,HB,PRT,Groups,TA/TO,0,0,0,A,A,0,Non Refund,1.0,0,Transient,96.0,0,0
City Hotel,1,82,2016,August,33,13,1,1,2,0.0,0,SC,FRA,Online TA,TA/TO,0,0,0,A,A,0,No Deposit,9.0,0,Transient,107.1,0,1
City Hotel,1,188,2016,August,33,13,1,1,2,0.0,0,BB,ISR,Online TA,TA/TO,0,0,0,A,A,0,No Deposit,9.0,0,Transient,105.3,0,0
City Hotel,1,174,2016,August,33,13,1,1,2,0.0,0,BB,ITA,Online TA,TA/TO,0,0,0,A,A,0,No Deposit,9.0,0,Transient,105.3,0,0
City Hotel,1,3,2016,August,33,13,1,1,2,0.0,0,BB,PRT,Online TA,TA/TO,0,0,0,A,A,0,No Deposit,9.0,0,Transient,207.0,0,0
City Hotel,1,158,2016,August,33,13,1,1,2,0.0,0,BB,ESP,Online TA,TA/TO,0,0,0,A,A,0,No Deposit,9.0,0,Transient,114.3,0,0
City Hotel,1,212,2016,August,33,13,1,1,2,0.0,0,HB,PRT,Groups,TA/TO,0,0,0,A,A,0,Non Refund,1.0,0,Transient,96.0,0,0
City Hotel,1,143,2016,August,33,13,1,1,2,0.0,0,BB,USA,Online TA,TA/TO,0,0,0,A,A,0,No Deposit,9.0,0,Transient,114.3,0,0
City Hotel,1,212,2016,August,33,13,1,1,2,0.0,0,HB,PRT,Groups,TA/TO,0,0,0,A,A,0,Non Refund,1.0,0,Transient,96.0,0,0
City Hotel,1,188,2016,August,33,13,1,1,2,0.0,0,BB,ISR,Online TA,TA/TO,0,0,0,A,A,0,No Deposit,9.0,0,Transient,105.3,0,0
City Hotel,1,151,2016,August,33,13,1,1,2,0.0,0,SC,USA,Online TA,TA/TO,0,0,0,A,A,1,No Deposit,9.0,0,Transient,103.5,0,0
City Hotel,1,212,2016,August,33,13,1,1,2,0.0,0,HB,PRT,Groups,TA/TO,0,0,0,A,A,0,Non Refund,1.0,0,Transient,96.0,0,0
City Hotel,1,212,2016,August,33,13,1,1,2,0.0,0,HB,PRT,Groups,TA/TO,0,0,0,A,A,0,Non Refund,1.0,0,Transient,96.0,0,0
City Hotel,1,212,2016,August,33,13,1,1,2,0.0,0,HB,PRT,Groups,TA/TO,0,0,0,A,A,0,Non Refund,1.0,0,Transient,96.0,0,0
City Hotel,1,188,2016,August,33,13,1,1,2,0.0,0,BB,ISR,Online TA,TA/TO,0,0,0,A,A,0,No Deposit,9.0,0,Transient,105.3,0,0
City Hotel,1,188,2016,August,33,13,1,1,2,0.0,0,BB,ISR,Online TA,TA/TO,0,0,0,A,A,0,No Deposit,9.0,0,Transient,105.3,0,0
City Hotel,1,143,2016,August,33,13,1,1,2,0.0,0,BB,USA,Online TA,TA/TO,0,0,0,A,A,0,No Deposit,9.0,0,Transient,114.3,0,0
City Hotel,1,7,2016,August,33,13,2,1,2,0.0,0,BB,PRT,Online TA,TA/TO,0,0,0,A,A,0,No Deposit,83.0,0,Transient,130.67,0,0
City Hotel,1,11,2016,August,33,13,2,1,2,0.0,0,BB,FRA,Online TA,TA/TO,0,0,0,A,A,0,No Deposit,9.0,0,Transient,151.0,0,1
City Hotel,1,263,2016,August,33,13,2,1,2,0.0,0,BB,PRT,Offline TA/TO,TA/TO,0,0,0,A,A,0,No Deposit,83.0,0,Contract,72.08,0,0
City Hotel,1,62,2016,August,33,13,2,1,2,0.0,0,BB,ESP,Online TA,TA/TO,0,0,0,D,D,0,No Deposit,9.0,0,Transient,149.4,0,0
City Hotel,1,225,2016,August,33,13,2,1,2,0.0,0,BB,FRA,Online TA,TA/TO,0,0,0,A,A,0,No Deposit,9.0,0,Transient,105.3,0,0
City Hotel,1,173,2016,August,33,13,2,1,2,0.0,0,SC,ESP,Online TA,TA/TO,0,0,0,A,A,0,No Deposit,9.0,0,Transient,94.5,0,1
City Hotel,1,173,2016,August,33,13,2,1,2,0.0,0,SC,ESP,Online TA,TA/TO,0,0,0,A,A,0,No Deposit,9.0,0,Transient,94.5,0,1
City Hotel,0,222,2016,August,33,13,2,2,2,0.0,0,BB,GRC,Online TA,TA/TO,0,0,0,A,A,2,No Deposit,9.0,0,Transient,90.95,0,1
City Hotel,1,217,2016,August,33,13,2,2,2,0.0,0,SC,GRC,Online TA,TA/TO,0,0,0,A,A,0,No Deposit,9.0,0,Transient,80.75,0,0
City Hotel,1,139,2016,August,33,13,2,2,2,0.0,0,BB,ITA,Online TA,TA/TO,0,0,0,A,A,0,No Deposit,9.0,0,Transient,114.3,0,0
City Hotel,1,164,2016,August,33,13,2,3,2,0.0,0,BB,GRC,Online TA,TA/TO,0,0,0,A,A,0,No Deposit,9.0,0,Transient,107.95,0,0
City Hotel,1,138,2016,August,33,13,2,4,2,0.0,0,BB,BRA,Online TA,TA/TO,0,0,0,D,D,0,No Deposit,9.0,0,Transient,145.2,0,1
City Hotel,1,185,2016,August,33,13,2,5,2,0.0,0,SC,FRA,Online TA,TA/TO,0,0,0,A,A,0,No Deposit,9.0,0,Transient,89.25,0,0
City Hotel,1,185,2016,August,33,13,2,5,2,0.0,0,SC,FRA,Online TA,TA/TO,0,0,0,A,A,0,No Deposit,9.0,0,Transient,89.25,0,0
City Hotel,1,208,2016,August,33,13,2,5,2,0.0,0,BB,PRT,Online TA,TA/TO,0,0,0,D,D,0,No Deposit,7.0,0,Transient,77.51,0,0
City Hotel,1,213,2016,August,33,13,2,5,2,0.0,0,BB,GBR,Online TA,TA/TO,0,0,0,D,D,0,No Deposit,9.0,0,Transient,109.66,0,0
City Hotel,1,207,2016,August,33,13,4,6,2,0.0,0,SC,GBR,Online TA,TA/TO,0,0,0,A,A,0,No Deposit,9.0,0,Transient,81.6,0,0
City Hotel,1,146,2016,August,34,14,1,0,2,0.0,0,SC,GBR,Online TA,TA/TO,0,0,0,A,C,0,No Deposit,9.0,0,Transient,103.5,0,1
City Hotel,1,75,2016,August,34,14,2,0,2,0.0,0,BB,BEL,Online TA,TA/TO,0,0,0,A,A,0,No Deposit,9.0,0,Transient,135.9,0,0
City Hotel,1,87,2016,August,34,14,2,1,2,0.0,0,BB,PRT,Online TA,TA/TO,0,0,0,A,A,0,No Deposit,8.0,0,Transient,117.9,0,1
City Hotel,1,186,2016,August,34,14,2,1,2,0.0,0,BB,PRT,Offline TA/TO,TA/TO,0,0,0,A,A,0,No Deposit,28.0,0,Transient,112.0,0,0
City Hotel,1,94,2016,August,34,14,2,2,2,0.0,0,HB,ESP,Online TA,TA/TO,0,0,0,A,A,0,No Deposit,9.0,0,Transient,152.1,0,0
City Hotel,1,12,2016,August,34,14,2,2,2,0.0,0,SC,FRA,Online TA,TA/TO,0,0,0,A,A,0,No Deposit,9.0,0,Transient,131.5,0,3
City Hotel,1,82,2016,August,34,14,2,2,2,0.0,0,SC,FRA,Online TA,TA/TO,0,0,0,A,A,0,No Deposit,9.0,0,Transient,107.1,0,1
City Hotel,1,28,2016,August,34,14,2,2,2,0.0,0,SC,DEU,Online TA,TA/TO,0,0,0,A,A,0,No Deposit,9.0,0,Transient,132.05,0,0
City Hotel,1,220,2016,August,34,14,2,2,2,0.0,0,BB,ITA,Online TA,TA/TO,0,0,0,D,D,0,No Deposit,9.0,0,Transient,108.45,0,0
City Hotel,1,164,2016,August,34,14,2,4,2,0.0,0,BB,POL,Online TA,TA/TO,0,0,0,A,A,0,No Deposit,9.0,0,Transient,106.53,0,0
City Hotel,1,158,2016,August,34,14,2,4,2,0.0,0,HB,ESP,Online TA,TA/TO,0,0,0,A,A,0,No Deposit,9.0,0,Transient,138.83,0,0
City Hotel,0,248,2016,August,34,14,2,5,2,0.0,0,BB,AUT,Online TA,TA/TO,0,0,0,A,A,0,No Deposit,9.0,0,Transient,90.95,0,1
City Hotel,0,221,2016,August,34,14,4,5,2,0.0,0,BB,BEL,Online TA,TA/TO,0,0,0,A,A,0,No Deposit,9.0,0,Transient,90.95,0,1
City Hotel,0,221,2016,August,34,14,4,5,2,0.0,0,BB,BEL,Online TA,TA/TO,0,0,0,A,A,0,No Deposit,9.0,0,Transient,90.95,0,1
City Hotel,1,38,2016,August,34,15,1,0,2,0.0,0,BB,ITA,Online TA,TA/TO,0,0,0,A,A,0,No Deposit,9.0,0,Transient,135.9,0,0
City Hotel,1,223,2016,August,34,15,1,0,2,0.0,0,SC,FRA,Online TA,TA/TO,0,0,0,A,A,0,No Deposit,9.0,0,Transient,85.5,0,1
City Hotel,1,219,2016,August,34,15,1,1,2,0.0,0,BB,ESP,Online TA,TA/TO,0,0,0,A,A,0,No Deposit,9.0,0,Transient,96.3,0,0
City Hotel,1,133,2016,August,34,15,1,2,2,0.0,0,BB,PRT,Offline TA/TO,TA/TO,0,0,0,D,D,0,No Deposit,83.0,0,Transient,113.6,0,0
City Hotel,1,133,2016,August,34,15,1,2,2,0.0,0,BB,PRT,Offline TA/TO,TA/TO,0,0,0,A,A,0,No Deposit,83.0,0,Transient,86.36,0,0
City Hotel,1,21,2016,August,34,15,1,2,2,0.0,0,BB,NLD,Online TA,TA/TO,0,0,0,A,A,0,No Deposit,9.0,0,Transient,151.0,0,0
City Hotel,1,21,2016,August,34,15,1,2,2,0.0,0,BB,NLD,Online TA,TA/TO,0,0,0,A,A,0,No Deposit,9.0,0,Transient,151.0,0,0
City Hotel,1,144,2016,August,34,15,1,2,2,0.0,0,SC,DEU,Online TA,TA/TO,0,0,0,A,A,0,No Deposit,9.0,0,Transient,103.5,0,0
City Hotel,1,7,2016,August,34,15,1,2,2,0.0,0,BB,GIB,Online TA,TA/TO,0,0,0,A,A,0,No Deposit,9.0,0,Transient,165.67,0,2
City Hotel,1,21,2016,August,34,15,1,2,2,0.0,0,BB,NLD,Online TA,TA/TO,0,0,0,A,A,0,No Deposit,9.0,0,Transient,151.0,0,0
City Hotel,1,29,2016,August,34,15,1,2,2,0.0,0,SC,ESP,Online TA,TA/TO,0,0,0,A,A,0,No Deposit,9.0,0,Transient,129.73,0,1
City Hotel,1,170,2016,August,34,15,1,3,2,0.0,0,BB,ESP,Online TA,TA/TO,0,0,0,A,A,0,No Deposit,9.0,0,Transient,99.45,0,1
City Hotel,1,120,2016,August,34,15,1,3,2,0.0,0,BB,ITA,Online TA,TA/TO,0,0,0,D,D,0,No Deposit,9.0,0,Transient,125.55,0,0
City Hotel,1,110,2016,August,34,15,1,3,2,0.0,0,BB,ESP,Online TA,TA/TO,0,0,0,A,A,0,No Deposit,9.0,0,Transient,117.9,0,0
City Hotel,1,12,2016,August,34,15,1,3,2,0.0,0,BB,FRA,Online TA,TA/TO,0,0,0,A,A,2,No Deposit,9.0,0,Transient,141.0,0,2
City Hotel,1,141,2016,August,34,15,1,5,2,0.0,0,BB,FRA,Online TA,TA/TO,0,0,0,D,D,0,No Deposit,9.0,0,Transient,124.8,0,0
City Hotel,1,172,2016,August,34,15,1,5,2,0.0,0,SC,ESP,Online TA,TA/TO,0,0,0,A,A,0,No Deposit,9.0,0,Transient,90.67,0,0
City Hotel,1,21,2016,August,34,15,2,5,2,0.0,0,BB,PRT,Direct,Direct,0,0,0,D,D,0,No Deposit,,0,Transient,137.7,0,1
City Hotel,1,5,2016,August,34,15,2,5,2,0.0,0,BB,PRT,Groups,TA/TO,0,0,0,A,A,0,No Deposit,37.0,0,Transient,150.0,0,1
City Hotel,1,204,2016,August,34,15,5,10,2,0.0,0,BB,FRA,Online TA,TA/TO,0,0,0,A,A,0,No Deposit,9.0,0,Transient,93.22,0,2
City Hotel,1,66,2016,August,34,16,0,2,2,0.0,0,SC,GBR,Online TA,TA/TO,0,0,0,A,A,0,No Deposit,9.0,0,Transient,125.1,0,0
City Hotel,1,133,2016,August,34,16,0,3,2,0.0,0,BB,DEU,Online TA,TA/TO,0,0,0,D,D,0,No Deposit,9.0,0,Transient,124.8,0,0
City Hotel,1,14,2016,August,34,16,0,2,2,0.0,0,BB,FRA,Online TA,TA/TO,0,0,0,A,A,0,No Deposit,9.0,0,Transient,136.0,0,0
City Hotel,1,8,2016,August,34,16,0,3,2,0.0,0,SC,PRT,Online TA,TA/TO,0,0,0,A,A,0,No Deposit,7.0,0,Transient,103.69,0,0
City Hotel,0,228,2016,August,34,16,0,3,2,0.0,0,BB,FRA,Online TA,TA/TO,0,0,0,A,A,2,No Deposit,9.0,0,Transient,118.9,1,1
City Hotel,1,50,2016,August,34,16,0,3,2,0.0,0,BB,FRA,Online TA,TA/TO,0,0,0,A,A,0,No Deposit,9.0,0,Transient,135.9,0,2
City Hotel,1,72,2016,August,34,16,0,3,2,0.0,0,BB,ESP,Online TA,TA/TO,0,0,0,A,A,0,No Deposit,9.0,0,Transient,135.9,0,0
City Hotel,1,55,2016,August,34,16,0,3,2,0.0,0,BB,ESP,Online TA,TA/TO,0,0,0,D,D,2,No Deposit,9.0,0,Transient,149.4,0,0
City Hotel,1,186,2016,August,34,16,0,4,2,0.0,0,SC,GBR,Online TA,TA/TO,0,0,0,A,A,0,No Deposit,9.0,0,Transient,89.25,0,0
City Hotel,1,170,2016,August,34,16,0,4,2,0.0,0,SC,GBR,Online TA,TA/TO,0,0,0,A,A,0,No Deposit,9.0,0,Transient,95.63,0,0
City Hotel,1,9,2016,August,34,16,1,5,2,0.0,0,BB,FRA,Online TA,TA/TO,0,0,0,A,A,0,No Deposit,9.0,0,Transient,142.0,0,0
City Hotel,1,148,2016,August,34,16,2,5,2,0.0,0,BB,SVN,Online TA,TA/TO,0,0,0,D,D,0,No Deposit,9.0,0,Transient,119.69,0,0
City Hotel,1,174,2016,August,34,16,2,8,2,0.0,0,HB,ESP,Online TA,TA/TO,0,0,0,A,A,0,No Deposit,9.0,0,Transient,131.75,0,0
City Hotel,1,184,2016,August,34,17,0,1,2,0.0,0,HB,DEU,Online TA,TA/TO,0,0,0,A,A,7,No Deposit,9.0,0,Transient-Party,139.5,0,1
City Hotel,1,184,2016,August,34,17,0,1,2,0.0,0,HB,DEU,Online TA,TA/TO,0,0,0,A,A,1,No Deposit,9.0,0,Transient-Party,139.5,0,1
City Hotel,1,14,2016,August,34,17,0,1,2,0.0,0,SC,GBR,Online TA,TA/TO,0,0,0,A,A,0,No Deposit,9.0,0,Transient,109.0,0,1
City Hotel,1,39,2016,August,34,17,0,1,2,0.0,0,SC,GBR,Online TA,TA/TO,0,0,0,A,A,0,No Deposit,9.0,0,Transient,145.1,0,2
City Hotel,1,184,2016,August,34,17,0,1,2,0.0,0,HB,DEU,Online TA,TA/TO,0,0,0,A,A,3,No Deposit,9.0,0,Transient-Party,139.5,0,1
City Hotel,1,172,2016,August,34,17,0,2,2,0.0,0,BB,ITA,Online TA,TA/TO,0,0,0,A,A,0,No Deposit,9.0,0,Transient,109.8,0,0
City Hotel,1,221,2016,August,34,17,0,2,2,0.0,0,SC,ITA,Online TA,TA/TO,0,0,0,A,A,0,No Deposit,9.0,0,Transient,85.5,0,0
City Hotel,1,145,2016,August,34,17,0,2,2,0.0,0,BB,PRT,Direct,Direct,0,0,0,A,A,0,No Deposit,,0,Transient-Party,117.0,0,0
City Hotel,1,217,2016,August,34,17,0,3,2,0.0,0,SC,ZAF,Online TA,TA/TO,0,0,0,A,A,0,No Deposit,9.0,0,Transient,88.5,0,0
City Hotel,1,232,2016,August,34,17,0,4,2,0.0,0,BB,ITA,Online TA,TA/TO,0,0,0,B,B,0,No Deposit,9.0,0,Transient,81.82,0,1
City Hotel,1,14,2016,August,34,17,0,4,2,0.0,0,BB,POL,Online TA,TA/TO,0,0,0,D,D,0,No Deposit,9.0,0,Transient,148.5,0,0
City Hotel,1,233,2016,August,34,17,0,4,2,0.0,0,BB,ITA,Online TA,TA/TO,0,0,0,B,B,1,No Deposit,9.0,0,Transient,81.81,0,1
City Hotel,1,128,2016,August,34,17,1,4,2,0.0,0,BB,ESP,Online TA,TA/TO,0,0,0,D,D,0,No Deposit,9.0,0,Transient,122.4,0,0
City Hotel,1,119,2016,August,34,17,2,8,2,0.0,0,BB,FRA,Online TA,TA/TO,0,0,0,D,D,0,No Deposit,9.0,0,Transient,118.8,0,1
City Hotel,1,0,2016,August,34,18,0,1,2,0.0,0,SC,PRT,Online TA,TA/TO,0,0,0,A,A,0,No Deposit,9.0,0,Transient,158.0,0,1
City Hotel,1,0,2016,August,34,18,0,1,2,0.0,0,SC,NLD,Online TA,TA/TO,0,0,0,A,A,0,No Deposit,9.0,0,Transient,158.0,0,0
City Hotel,1,155,2016,August,34,18,0,1,2,0.0,0,BB,NOR,Online TA,TA/TO,0,0,0,D,D,0,No Deposit,9.0,0,Transient,118.8,0,1
City Hotel,1,51,2016,August,34,18,0,2,2,0.0,0,SC,FRA,Online TA,TA/TO,0,0,0,A,A,0,No Deposit,9.0,0,Transient,125.1,0,0
City Hotel,1,107,2016,August,34,18,0,2,2,0.0,0,BB,PRT,Direct,Direct,0,0,0,E,E,0,No Deposit,,0,Transient-Party,135.27,0,0
City Hotel,1,85,2016,August,34,18,0,1,2,0.0,0,SC,ESP,Online TA,TA/TO,0,0,0,A,A,0,No Deposit,9.0,0,Transient,107.1,0,0
City Hotel,1,405,2016,August,34,18,0,2,2,0.0,0,BB,PRT,Groups,TA/TO,0,0,0,A,A,0,Non Refund,1.0,0,Transient,62.0,0,0
City Hotel,1,405,2016,August,34,18,0,2,2,0.0,0,BB,PRT,Groups,TA/TO,0,0,0,A,A,0,Non Refund,1.0,0,Transient,62.0,0,0
City Hotel,1,405,2016,August,34,18,0,2,2,0.0,0,BB,PRT,Groups,TA/TO,0,0,0,A,A,0,Non Refund,1.0,0,Transient,62.0,0,0
City Hotel,1,405,2016,August,34,18,0,2,2,0.0,0,BB,PRT,Groups,TA/TO,0,0,0,A,A,0,Non Refund,1.0,0,Transient,62.0,0,0
City Hotel,1,405,2016,August,34,18,0,2,2,0.0,0,BB,PRT,Groups,TA/TO,0,0,0,A,A,0,Non Refund,1.0,0,Transient,62.0,0,0
City Hotel,1,405,2016,August,34,18,0,2,2,0.0,0,BB,PRT,Groups,TA/TO,0,0,0,A,A,0,Non Refund,1.0,0,Transient,62.0,0,0
City Hotel,1,405,2016,August,34,18,0,2,2,0.0,0,BB,PRT,Groups,TA/TO,0,0,0,A,A,0,Non Refund,1.0,0,Transient,62.0,0,0
City Hotel,1,405,2016,August,34,18,0,2,2,0.0,0,BB,PRT,Groups,TA/TO,0,0,0,A,A,0,Non Refund,1.0,0,Transient,62.0,0,0
City Hotel,1,320,2016,August,34,18,0,2,2,0.0,0,HB,PRT,Offline TA/TO,TA/TO,0,0,0,A,A,0,No Deposit,6.0,0,Transient-Party,115.0,0,0
City Hotel,1,405,2016,August,34,18,0,2,2,0.0,0,BB,PRT,Groups,TA/TO,0,0,0,A,A,0,Non Refund,1.0,0,Transient,62.0,0,0
City Hotel,1,405,2016,August,34,18,0,2,2,0.0,0,BB,PRT,Groups,TA/TO,0,0,0,A,A,0,Non Refund,1.0,0,Transient,62.0,0,0
City Hotel,1,405,2016,August,34,18,0,2,2,0.0,0,BB,PRT,Groups,TA/TO,0,0,0,A,A,0,Non Refund,1.0,0,Transient,62.0,0,0
City Hotel,1,405,2016,August,34,18,0,2,2,0.0,0,BB,PRT,Groups,TA/TO,0,0,0,A,A,0,Non Refund,1.0,0,Transient,62.0,0,0
City Hotel,1,405,2016,August,34,18,0,2,2,0.0,0,BB,PRT,Groups,TA/TO,0,0,0,A,A,0,Non Refund,1.0,0,Transient,62.0,0,0
City Hotel,1,405,2016,August,34,18,0,2,2,0.0,0,BB,PRT,Groups,TA/TO,0,0,0,A,A,0,Non Refund,1.0,0,Transient,62.0,0,0
City Hotel,1,405,2016,August,34,18,0,2,2,0.0,0,BB,PRT,Groups,TA/TO,0,0,0,A,A,0,Non Refund,1.0,0,Transient,62.0,0,0
City Hotel,1,107,2016,August,34,18,0,2,2,0.0,0,BB,PRT,Direct,Direct,0,0,0,E,E,0,No Deposit,,0,Transient-Party,135.27,0,0
City Hotel,1,405,2016,August,34,18,0,2,2,0.0,0,BB,PRT,Groups,TA/TO,0,0,0,A,A,0,Non Refund,1.0,0,Transient,62.0,0,0
City Hotel,1,405,2016,August,34,18,0,2,2,0.0,0,BB,PRT,Groups,TA/TO,0,0,0,A,A,0,Non Refund,1.0,0,Transient,62.0,0,0
City Hotel,1,405,2016,August,34,18,0,2,2,0.0,0,BB,PRT,Groups,TA/TO,0,0,0,A,A,0,Non Refund,1.0,0,Transient,62.0,0,0
City Hotel,1,405,2016,August,34,18,0,2,2,0.0,0,BB,PRT,Groups,TA/TO,0,0,0,A,A,0,Non Refund,1.0,0,Transient,62.0,0,0
City Hotel,1,107,2016,August,34,18,0,2,2,0.0,0,BB,PRT,Direct,Direct,0,0,0,E,E,0,No Deposit,,0,Transient-Party,135.27,0,0
City Hotel,1,405,2016,August,34,18,0,2,2,0.0,0,BB,PRT,Groups,TA/TO,0,0,0,A,A,0,Non Refund,1.0,0,Transient,62.0,0,0
City Hotel,1,405,2016,August,34,18,0,2,2,0.0,0,BB,PRT,Groups,TA/TO,0,0,0,A,A,0,Non Refund,1.0,0,Transient,62.0,0,0
City Hotel,1,107,2016,August,34,18,0,2,2,0.0,0,BB,PRT,Direct,Direct,0,0,0,E,E,0,No Deposit,,0,Transient-Party,135.27,0,0
City Hotel,1,107,2016,August,34,18,0,2,2,0.0,0,BB,PRT,Direct,Direct,0,0,0,E,E,0,No Deposit,,0,Transient-Party,135.27,0,0
City Hotel,1,405,2016,August,34,18,0,2,2,0.0,0,BB,PRT,Groups,TA/TO,0,0,0,A,A,0,Non Refund,1.0,0,Transient,62.0,0,0
City Hotel,1,405,2016,August,34,18,0,2,2,0.0,0,BB,PRT,Groups,TA/TO,0,0,0,A,A,0,Non Refund,1.0,0,Transient,62.0,0,0
City Hotel,1,405,2016,August,34,18,0,2,2,0.0,0,BB,PRT,Groups,TA/TO,0,0,0,A,A,0,Non Refund,1.0,0,Transient,62.0,0,0
City Hotel,1,405,2016,August,34,18,0,2,2,0.0,0,BB,PRT,Groups,TA/TO,0,0,0,A,A,0,Non Refund,1.0,0,Transient,62.0,0,0
City Hotel,1,107,2016,August,34,18,0,2,2,0.0,0,BB,PRT,Direct,Direct,0,0,0,E,E,0,No Deposit,,0,Transient-Party,135.27,0,0
City Hotel,1,320,2016,August,34,18,0,2,2,0.0,0,HB,PRT,Offline TA/TO,TA/TO,0,0,0,A,A,0,No Deposit,6.0,0,Transient-Party,115.0,0,1
City Hotel,1,405,2016,August,34,18,0,2,2,0.0,0,BB,PRT,Groups,TA/TO,0,0,0,A,A,0,Non Refund,1.0,0,Transient,62.0,0,0
City Hotel,1,320,2016,August,34,18,0,2,2,0.0,0,HB,PRT,Offline TA/TO,TA/TO,0,0,0,A,A,0,No Deposit,6.0,0,Transient-Party,115.0,0,0
City Hotel,1,405,2016,August,34,18,0,2,2,0.0,0,BB,PRT,Groups,TA/TO,0,0,0,A,A,0,Non Refund,1.0,0,Transient,62.0,0,0
City Hotel,1,405,2016,August,34,18,0,2,2,0.0,0,BB,PRT,Groups,TA/TO,0,0,0,A,A,0,Non Refund,1.0,0,Transient,62.0,0,0
City Hotel,1,405,2016,August,34,18,0,2,2,0.0,0,BB,PRT,Groups,TA/TO,0,0,0,A,A,0,Non Refund,1.0,0,Transient,62.0,0,0
City Hotel,1,405,2016,August,34,18,0,2,2,0.0,0,BB,PRT,Groups,TA/TO,0,0,0,A,A,0,Non Refund,1.0,0,Transient,62.0,0,0
City Hotel,1,36,2016,August,34,18,0,3,2,0.0,0,BB,ESP,Online TA,TA/TO,0,0,0,A,A,0,No Deposit,9.0,0,Transient,135.9,0,0
City Hotel,0,240,2016,August,34,18,0,3,2,0.0,0,SC,AUS,Online TA,TA/TO,0,0,0,A,A,2,No Deposit,9.0,0,Transient-Party,85.5,0,1
City Hotel,1,143,2016,August,34,18,0,3,2,0.0,0,BB,ESP,Online TA,TA/TO,0,0,0,D,D,0,No Deposit,9.0,0,Transient,140.7,0,0
City Hotel,0,240,2016,August,34,18,0,3,2,0.0,0,SC,AUS,Online TA,TA/TO,0,0,0,A,A,2,No Deposit,9.0,0,Transient-Party,85.5,0,1
City Hotel,1,11,2016,August,34,18,1,3,2,0.0,0,BB,DEU,Online TA,TA/TO,0,0,0,D,D,0,No Deposit,9.0,0,Transient,155.5,0,1
City Hotel,1,108,2016,August,34,18,2,4,2,0.0,0,BB,ITA,Direct,Direct,0,0,0,A,A,0,No Deposit,14.0,0,Transient,116.1,0,0
City Hotel,1,108,2016,August,34,18,2,4,2,0.0,0,BB,ITA,Direct,Direct,0,0,0,A,A,0,No Deposit,14.0,0,Transient,116.1,0,0
City Hotel,1,192,2016,August,34,18,2,5,2,0.0,0,BB,FRA,Online TA,TA/TO,0,0,0,A,A,0,No Deposit,9.0,0,Transient-Party,99.45,0,1
City Hotel,1,204,2016,August,34,18,2,5,2,0.0,0,BB,ITA,Online TA,TA/TO,0,0,0,A,A,0,No Deposit,9.0,0,Transient,94.59,0,1
City Hotel,1,178,2016,August,34,18,2,5,2,0.0,0,BB,PRT,Offline TA/TO,TA/TO,0,0,0,A,A,0,No Deposit,138.0,0,Transient,72.25,0,0
City Hotel,1,166,2016,August,34,18,2,6,2,0.0,0,BB,ITA,Online TA,TA/TO,0,0,0,A,A,2,No Deposit,9.0,0,Transient,100.12,0,0
City Hotel,1,192,2016,August,34,18,2,5,2,0.0,0,BB,FRA,Online TA,TA/TO,0,0,0,A,A,0,No Deposit,9.0,0,Transient-Party,99.45,0,1
City Hotel,1,17,2016,August,34,19,0,2,2,0.0,0,BB,FRA,Online TA,TA/TO,0,0,0,A,A,0,No Deposit,9.0,0,Transient,136.0,0,1
City Hotel,1,291,2016,August,34,19,0,2,2,0.0,0,HB,PRT,Offline TA/TO,TA/TO,0,0,0,A,A,0,Non Refund,39.0,0,Transient,115.0,0,0
City Hotel,1,291,2016,August,34,19,0,2,2,0.0,0,HB,PRT,Offline TA/TO,TA/TO,0,0,0,A,A,0,Non Refund,39.0,0,Transient,115.0,0,0
City Hotel,1,209,2016,August,34,19,0,2,2,0.0,0,BB,ITA,Online TA,TA/TO,0,0,0,A,A,0,No Deposit,9.0,0,Transient,100.8,0,0
City Hotel,1,291,2016,August,34,19,0,2,2,0.0,0,HB,PRT,Offline TA/TO,TA/TO,0,0,0,A,A,0,Non Refund,39.0,0,Transient,115.0,0,0
City Hotel,1,291,2016,August,34,19,0,2,2,0.0,0,HB,PRT,Offline TA/TO,TA/TO,0,0,0,A,A,0,Non Refund,39.0,0,Transient,115.0,0,0
City Hotel,1,291,2016,August,34,19,0,2,2,0.0,0,HB,PRT,Offline TA/TO,TA/TO,0,0,0,A,A,0,Non Refund,39.0,0,Transient,115.0,0,0
City Hotel,1,291,2016,August,34,19,0,2,2,0.0,0,HB,PRT,Offline TA/TO,TA/TO,0,0,0,A,A,0,Non Refund,39.0,0,Transient,115.0,0,0
City Hotel,1,291,2016,August,34,19,0,2,2,0.0,0,HB,PRT,Offline TA/TO,TA/TO,0,0,0,A,A,0,Non Refund,39.0,0,Transient,115.0,0,0
City Hotel,1,291,2016,August,34,19,0,2,2,0.0,0,HB,PRT,Offline TA/TO,TA/TO,0,0,0,A,A,0,Non Refund,39.0,0,Transient,115.0,0,0
City Hotel,1,79,2016,August,34,19,0,2,2,0.0,0,BB,AUS,Online TA,TA/TO,0,0,0,D,D,0,No Deposit,9.0,0,Transient,149.4,0,0
City Hotel,1,291,2016,August,34,19,0,2,2,0.0,0,HB,PRT,Offline TA/TO,TA/TO,0,0,0,A,A,0,Non Refund,39.0,0,Transient,115.0,0,0
City Hotel,1,291,2016,August,34,19,0,2,2,0.0,0,HB,PRT,Offline TA/TO,TA/TO,0,0,0,A,A,0,Non Refund,39.0,0,Transient,115.0,0,0
City Hotel,1,291,2016,August,34,19,0,2,2,0.0,0,HB,PRT,Offline TA/TO,TA/TO,0,0,0,A,A,0,Non Refund,39.0,0,Transient,115.0,0,0
City Hotel,1,291,2016,August,34,19,0,2,2,0.0,0,HB,PRT,Offline TA/TO,TA/TO,0,0,0,A,A,0,Non Refund,39.0,0,Transient,115.0,0,0
City Hotel,1,291,2016,August,34,19,0,2,2,0.0,0,HB,PRT,Offline TA/TO,TA/TO,0,0,0,A,A,0,Non Refund,39.0,0,Transient,115.0,0,0
City Hotel,1,291,2016,August,34,19,0,2,2,0.0,0,HB,PRT,Offline TA/TO,TA/TO,0,0,0,A,A,0,Non Refund,39.0,0,Transient,115.0,0,0
City Hotel,1,291,2016,August,34,19,0,2,2,0.0,0,HB,PRT,Offline TA/TO,TA/TO,0,0,0,A,A,0,Non Refund,39.0,0,Transient,115.0,0,0
City Hotel,1,291,2016,August,34,19,0,2,2,0.0,0,HB,PRT,Offline TA/TO,TA/TO,0,0,0,A,A,0,Non Refund,39.0,0,Transient,115.0,0,0
City Hotel,1,291,2016,August,34,19,0,2,2,0.0,0,HB,PRT,Offline TA/TO,TA/TO,0,0,0,A,A,0,Non Refund,39.0,0,Transient,115.0,0,0
City Hotel,1,291,2016,August,34,19,0,2,2,0.0,0,HB,PRT,Offline TA/TO,TA/TO,0,0,0,A,A,0,Non Refund,39.0,0,Transient,115.0,0,0
City Hotel,1,242,2016,August,34,19,0,2,2,0.0,0,BB,GBR,Online TA,TA/TO,0,0,0,A,A,0,No Deposit,9.0,0,Transient,96.3,0,1
City Hotel,1,291,2016,August,34,19,0,2,2,0.0,0,HB,PRT,Offline TA/TO,TA/TO,0,0,0,A,A,0,Non Refund,39.0,0,Transient,115.0,0,0
City Hotel,1,291,2016,August,34,19,0,2,2,0.0,0,HB,PRT,Offline TA/TO,TA/TO,0,0,0,A,A,0,Non Refund,39.0,0,Transient,115.0,0,0
City Hotel,1,133,2016,August,34,19,1,2,2,0.0,0,BB,PRT,Offline TA/TO,TA/TO,0,0,0,D,D,0,No Deposit,85.0,0,Transient,82.45,0,0
City Hotel,1,187,2016,August,34,19,1,2,2,0.0,0,BB,IRL,Online TA,TA/TO,0,0,0,A,A,0,No Deposit,9.0,0,Transient,105.3,0,0
City Hotel,1,133,2016,August,34,19,1,2,2,0.0,0,BB,PRT,Offline TA/TO,TA/TO,0,0,0,D,D,0,No Deposit,85.0,0,Transient,82.45,0,0
City Hotel,1,133,2016,August,34,19,1,2,2,0.0,0,BB,PRT,Offline TA/TO,TA/TO,0,0,0,D,D,0,No Deposit,85.0,0,Transient,82.45,0,0
City Hotel,1,14,2016,August,34,19,2,3,2,0.0,0,HB,FRA,Online TA,TA/TO,0,0,0,A,A,0,No Deposit,9.0,0,Transient,178.8,0,0
City Hotel,1,303,2016,August,34,19,2,3,2,0.0,0,BB,PRT,Offline TA/TO,TA/TO,0,0,0,A,A,0,No Deposit,21.0,0,Transient-Party,78.0,0,0
City Hotel,1,24,2016,August,34,19,2,3,2,0.0,0,BB,PRT,Offline TA/TO,TA/TO,0,0,0,A,A,0,No Deposit,21.0,0,Transient-Party,78.0,0,0
City Hotel,1,152,2016,August,34,19,2,3,2,0.0,0,BB,POL,Online TA,TA/TO,0,0,0,D,D,0,No Deposit,9.0,0,Transient,113.9,0,0
City Hotel,1,303,2016,August,34,19,2,3,2,0.0,0,BB,PRT,Offline TA/TO,TA/TO,0,0,0,A,A,0,No Deposit,21.0,0,Transient-Party,78.0,0,0
City Hotel,1,164,2016,August,34,19,2,3,2,0.0,0,HB,POL,Online TA,TA/TO,0,0,0,A,A,1,No Deposit,9.0,0,Transient,133.45,0,0
City Hotel,1,303,2016,August,34,19,2,3,2,0.0,0,BB,PRT,Offline TA/TO,TA/TO,0,0,0,A,A,0,No Deposit,21.0,0,Transient-Party,78.0,0,0
City Hotel,1,303,2016,August,34,19,2,3,2,0.0,0,BB,PRT,Offline TA/TO,TA/TO,0,0,0,A,A,0,No Deposit,21.0,0,Transient-Party,78.0,0,0
City Hotel,1,303,2016,August,34,19,2,3,2,0.0,0,BB,PRT,Offline TA/TO,TA/TO,0,0,0,A,A,0,No Deposit,21.0,0,Transient-Party,78.0,0,0
City Hotel,1,303,2016,August,34,19,2,3,2,0.0,0,BB,PRT,Offline TA/TO,TA/TO,0,0,0,A,A,0,No Deposit,21.0,0,Transient-Party,78.0,0,0
City Hotel,1,303,2016,August,34,19,2,3,2,0.0,0,BB,PRT,Offline TA/TO,TA/TO,0,0,0,A,A,0,No Deposit,21.0,0,Transient-Party,78.0,0,0
City Hotel,1,303,2016,August,34,19,2,3,2,0.0,0,BB,PRT,Offline TA/TO,TA/TO,0,0,0,A,A,0,No Deposit,21.0,0,Transient-Party,78.0,0,0
City Hotel,1,303,2016,August,34,19,2,3,2,0.0,0,BB,PRT,Offline TA/TO,TA/TO,0,0,0,A,A,0,No Deposit,21.0,0,Transient-Party,78.0,0,0
City Hotel,1,303,2016,August,34,19,2,3,2,0.0,0,BB,PRT,Offline TA/TO,TA/TO,0,0,0,A,A,0,No Deposit,21.0,0,Transient-Party,78.0,0,0
City Hotel,1,303,2016,August,34,19,2,3,2,0.0,0,BB,PRT,Offline TA/TO,TA/TO,0,0,0,A,A,0,No Deposit,21.0,0,Transient-Party,78.0,0,0
City Hotel,1,152,2016,August,34,19,2,4,2,0.0,0,SC,CHE,Online TA,TA/TO,0,0,0,A,A,0,No Deposit,9.0,0,Transient,90.67,0,1
City Hotel,1,190,2016,August,34,19,2,5,2,0.0,0,SC,ITA,Online TA,TA/TO,0,0,0,A,A,0,No Deposit,9.0,0,Transient,89.25,0,0
City Hotel,1,240,2016,August,34,19,3,7,2,0.0,0,BB,ESP,Online TA,TA/TO,0,0,0,D,D,0,No Deposit,9.0,0,Transient,99.45,0,1
City Hotel,1,75,2016,August,34,20,0,1,2,0.0,0,BB,PRT,Direct,Direct,0,0,0,A,A,0,No Deposit,,0,Transient-Party,118.15,0,2
City Hotel,1,4,2016,August,34,20,0,1,2,0.0,0,BB,PRT,Online TA,Corporate,0,0,0,A,A,0,Non Refund,,0,Transient,121.6,0,0
City Hotel,1,4,2016,August,34,20,0,1,2,0.0,0,BB,PRT,Online TA,Corporate,0,0,0,A,A,0,Non Refund,,0,Transient,121.6,0,0
City Hotel,1,75,2016,August,34,20,0,1,2,0.0,0,BB,PRT,Direct,Direct,0,0,0,A,A,0,No Deposit,,0,Transient-Party,118.15,0,2
City Hotel,1,4,2016,August,34,20,0,1,2,0.0,0,BB,PRT,Online TA,Corporate,0,0,0,A,A,0,Non Refund,,0,Transient,121.6,0,0
City Hotel,1,9,2016,August,34,20,0,1,2,0.0,0,BB,PRT,Online TA,TA/TO,0,0,0,A,A,0,No Deposit,9.0,0,Transient,130.0,0,1
City Hotel,1,133,2016,August,34,20,0,1,2,0.0,0,SC,DEU,Online TA,TA/TO,0,0,0,A,A,0,No Deposit,9.0,0,Transient,94.5,0,0
City Hotel,1,181,2016,August,34,20,0,1,2,0.0,0,BB,GBR,Online TA,TA/TO,0,0,0,A,A,0,No Deposit,9.0,0,Transient,105.3,0,1
City Hotel,1,133,2016,August,34,20,0,1,2,0.0,0,SC,DEU,Online TA,TA/TO,0,0,0,A,A,0,No Deposit,9.0,0,Transient,94.5,0,0
City Hotel,1,4,2016,August,34,20,0,1,2,0.0,0,BB,PRT,Online TA,Corporate,0,0,0,A,A,0,Non Refund,,0,Transient,121.6,0,0
City Hotel,1,168,2016,August,34,20,1,1,2,0.0,0,BB,FRA,Online TA,TA/TO,0,0,0,A,A,0,No Deposit,9.0,0,Transient,105.3,0,0
City Hotel,1,168,2016,August,34,20,1,1,2,0.0,0,BB,FRA,Online TA,TA/TO,0,0,0,A,A,0,No Deposit,9.0,0,Transient,105.3,0,0
City Hotel,1,36,2016,August,34,20,2,1,2,0.0,0,BB,ITA,Online TA,TA/TO,0,0,0,A,A,0,No Deposit,9.0,0,Transient,135.9,0,0
City Hotel,1,149,2016,August,34,20,2,1,2,0.0,0,BB,ISR,Online TA,TA/TO,0,0,0,D,D,0,No Deposit,9.0,0,Transient,118.8,0,0
City Hotel,1,156,2016,August,34,20,2,2,2,0.0,0,BB,ISR,Online TA,TA/TO,0,0,0,D,D,0,No Deposit,9.0,0,Transient,112.2,0,0
City Hotel,1,15,2016,August,34,20,2,2,2,0.0,0,SC,TUN,Online TA,TA/TO,0,0,0,A,A,0,No Deposit,9.0,0,Transient,129.0,0,1
City Hotel,1,149,2016,August,34,20,2,2,2,0.0,0,BB,ESP,Online TA,TA/TO,0,0,0,A,A,0,No Deposit,9.0,0,Transient,105.3,0,0
City Hotel,1,19,2016,August,34,20,2,2,2,0.0,0,SC,DEU,Online TA,TA/TO,0,0,0,A,A,0,No Deposit,9.0,0,Transient,139.0,0,0
City Hotel,1,47,2016,August,34,20,2,3,2,0.0,0,BB,FRA,Online TA,TA/TO,0,0,0,A,A,0,No Deposit,9.0,0,Transient,135.9,0,1
City Hotel,1,92,2016,August,34,20,2,3,2,0.0,0,SC,FRA,Online TA,TA/TO,0,0,0,A,A,0,No Deposit,9.0,0,Transient,107.1,0,1
City Hotel,1,218,2016,August,34,20,2,3,2,0.0,0,BB,BGR,Online TA,TA/TO,0,0,0,A,A,3,No Deposit,9.0,0,Transient,90.95,0,1
City Hotel,1,152,2016,August,34,20,2,5,2,0.0,0,SC,ESP,Online TA,TA/TO,0,0,0,A,A,0,No Deposit,9.0,0,Transient,91.93,0,0
City Hotel,1,41,2016,August,34,20,2,5,2,0.0,0,BB,HUN,Online TA,TA/TO,0,0,0,A,A,0,No Deposit,9.0,0,Transient,135.9,0,0
City Hotel,1,152,2016,August,34,20,2,5,2,0.0,0,SC,ESP,Online TA,TA/TO,0,0,0,A,A,0,No Deposit,9.0,0,Transient,91.93,0,0
City Hotel,1,130,2016,August,34,20,6,13,2,0.0,0,SC,AGO,Online TA,TA/TO,0,0,0,A,A,0,No Deposit,9.0,0,Transient,101.98,0,0
City Hotel,1,5,2016,August,35,21,1,0,2,0.0,0,BB,PRT,Online TA,Corporate,0,0,0,A,A,0,Non Refund,,0,Transient,167.0,0,0
City Hotel,1,5,2016,August,35,21,1,0,2,0.0,0,BB,PRT,Online TA,Corporate,0,0,0,A,A,0,Non Refund,,0,Transient,167.0,0,0
City Hotel,1,16,2016,August,35,21,1,0,2,0.0,0,SC,MAR,Online TA,TA/TO,0,0,0,A,E,1,No Deposit,9.0,0,Transient,129.0,0,1
City Hotel,1,5,2016,August,35,21,1,0,2,0.0,0,BB,PRT,Online TA,Corporate,0,0,0,A,A,0,Non Refund,,0,Transient,167.0,0,0
City Hotel,1,38,2016,August,35,21,1,0,2,0.0,0,SC,PRT,Online TA,TA/TO,0,0,0,A,A,0,No Deposit,9.0,0,Transient,125.1,0,0
City Hotel,1,24,2016,August,35,21,1,0,2,0.0,0,SC,PRT,Online TA,TA/TO,0,0,0,A,A,0,No Deposit,9.0,0,Transient,139.0,0,1
City Hotel,1,5,2016,August,35,21,1,0,2,0.0,0,BB,PRT,Online TA,Corporate,0,0,0,A,A,0,Non Refund,,0,Transient,167.0,0,0
City Hotel,1,5,2016,August,35,21,1,0,2,0.0,0,BB,PRT,Online TA,Corporate,0,0,0,A,A,0,Non Refund,,0,Transient,167.0,0,0
City Hotel,1,196,2016,August,35,21,2,0,2,0.0,0,HB,ISR,Online TA,TA/TO,0,0,0,A,A,0,No Deposit,9.0,0,Transient,139.5,0,0
City Hotel,1,196,2016,August,35,21,2,0,2,0.0,0,HB,ISR,Online TA,TA/TO,0,0,0,A,A,0,No Deposit,9.0,0,Transient,139.5,0,0
City Hotel,1,22,2016,August,35,21,2,0,2,0.0,0,SC,BEL,Online TA,TA/TO,0,0,0,A,A,0,No Deposit,9.0,0,Transient,139.0,0,1
City Hotel,1,205,2016,August,35,21,2,1,2,0.0,0,SC,BEL,Online TA,TA/TO,0,0,0,A,A,0,No Deposit,9.0,0,Transient,94.5,0,1
City Hotel,1,104,2016,August,35,21,2,1,2,0.0,0,SC,ESP,Online TA,TA/TO,0,0,0,A,A,0,No Deposit,9.0,0,Transient,107.1,0,0
City Hotel,1,4,2016,August,35,21,2,2,2,0.0,0,BB,ESP,Online TA,TA/TO,0,0,0,A,A,0,No Deposit,9.0,0,Transient,140.0,0,0
City Hotel,0,231,2016,August,35,21,2,2,2,0.0,0,BB,SWE,Online TA,TA/TO,0,0,0,A,A,0,No Deposit,9.0,0,Transient-Party,90.95,0,1
City Hotel,1,38,2016,August,35,21,2,2,2,0.0,0,BB,ESP,Online TA,TA/TO,0,0,0,A,A,0,No Deposit,9.0,0,Transient,135.9,0,0
City Hotel,1,224,2016,August,35,21,2,2,2,0.0,0,SC,FRA,Online TA,TA/TO,0,0,0,A,A,0,No Deposit,9.0,0,Transient,80.75,0,0
City Hotel,1,22,2016,August,35,21,2,2,2,0.0,0,BB,DEU,Online TA,TA/TO,0,0,0,D,D,0,No Deposit,9.0,0,Transient,166.0,0,0
City Hotel,0,231,2016,August,35,21,2,2,2,0.0,0,BB,FIN,Online TA,TA/TO,0,0,0,A,A,0,No Deposit,9.0,0,Transient-Party,90.95,0,1
City Hotel,1,127,2016,August,35,21,3,5,2,0.0,0,BB,ESP,Direct,Direct,0,0,0,D,D,0,No Deposit,14.0,0,Transient,104.55,0,1
City Hotel,1,127,2016,August,35,21,3,5,2,0.0,0,BB,ESP,Direct,Direct,0,0,0,D,D,0,No Deposit,14.0,0,Transient,113.55,0,1
City Hotel,1,155,2016,August,35,21,3,5,2,0.0,0,BB,PRT,Online TA,TA/TO,0,0,0,A,A,0,No Deposit,9.0,0,Transient,95.2,0,0
City Hotel,1,14,2016,August,35,22,1,1,2,0.0,0,BB,FRA,Online TA,TA/TO,0,0,0,D,D,0,No Deposit,9.0,0,Transient,156.0,0,2
City Hotel,1,7,2016,August,35,22,1,1,2,0.0,0,BB,FRA,Online TA,TA/TO,0,0,0,A,A,0,No Deposit,9.0,0,Transient,140.0,0,1
City Hotel,1,155,2016,August,35,22,1,2,2,0.0,0,SC,CHE,Online TA,TA/TO,0,0,0,A,A,0,No Deposit,9.0,0,Transient,94.5,0,0
City Hotel,1,27,2016,August,35,22,1,2,2,0.0,0,SC,ESP,Online TA,TA/TO,0,0,0,A,A,1,No Deposit,9.0,0,Transient,139.0,0,1
City Hotel,1,27,2016,August,35,22,1,2,2,0.0,0,BB,ESP,Online TA,TA/TO,0,0,0,A,A,0,No Deposit,9.0,0,Transient,151.0,0,1
City Hotel,1,147,2016,August,35,22,1,2,2,0.0,0,BB,GBR,Online TA,TA/TO,0,0,0,D,D,0,No Deposit,9.0,0,Transient,118.8,0,0
City Hotel,1,194,2016,August,35,22,1,2,2,0.0,0,HB,PRT,Offline TA/TO,TA/TO,0,0,0,A,A,0,No Deposit,16.0,0,Transient,102.25,0,1
City Hotel,1,191,2016,August,35,22,1,2,2,0.0,0,SC,BEL,Online TA,TA/TO,0,0,0,A,A,0,No Deposit,9.0,0,Transient,94.5,0,0
City Hotel,1,27,2016,August,35,22,1,2,2,0.0,0,BB,ESP,Online TA,TA/TO,0,0,0,A,A,0,No Deposit,9.0,0,Transient,151.0,0,1
City Hotel,1,131,2016,August,35,22,1,3,2,0.0,0,SC,PRT,Online TA,TA/TO,0,0,0,A,A,0,No Deposit,8.0,0,Transient,92.25,0,0
City Hotel,1,139,2016,August,35,22,1,3,2,0.0,0,BB,ITA,Online TA,TA/TO,0,0,0,A,A,0,No Deposit,9.0,0,Transient,103.05,0,0
City Hotel,1,169,2016,August,35,22,1,3,2,0.0,0,SC,PRT,Online TA,TA/TO,0,0,0,A,A,0,No Deposit,11.0,0,Transient,62.73,0,0
City Hotel,1,141,2016,August,35,22,1,3,2,0.0,0,BB,ITA,Online TA,TA/TO,0,0,0,A,A,0,No Deposit,9.0,0,Transient,103.05,0,0
City Hotel,1,148,2016,August,35,22,1,4,2,0.0,0,SC,AUT,Online TA,TA/TO,0,0,0,A,A,0,No Deposit,9.0,0,Transient,90.9,0,0
City Hotel,1,148,2016,August,35,22,1,4,2,0.0,0,BB,AUT,Online TA,TA/TO,0,0,0,A,A,1,No Deposit,9.0,0,Transient,96.3,0,0
City Hotel,1,148,2016,August,35,22,1,4,2,0.0,0,BB,AUT,Online TA,TA/TO,0,0,0,A,A,1,No Deposit,9.0,0,Transient,96.3,0,0
City Hotel,1,148,2016,August,35,22,1,4,2,0.0,0,SC,AUT,Online TA,TA/TO,0,0,0,A,A,0,No Deposit,9.0,0,Transient,90.9,0,0
City Hotel,1,212,2016,August,35,22,1,4,2,0.0,0,BB,ITA,Online TA,TA/TO,0,0,0,A,A,0,No Deposit,9.0,0,Transient,90.95,0,0
City Hotel,1,236,2016,August,35,22,1,4,2,0.0,0,BB,FRA,Online TA,TA/TO,0,0,0,A,A,0,No Deposit,9.0,0,Transient,90.95,0,1
City Hotel,1,196,2016,August,35,22,1,5,2,0.0,0,BB,FRA,Online TA,TA/TO,0,0,0,A,A,0,No Deposit,9.0,0,Transient,99.45,0,0
City Hotel,1,116,2016,August,35,22,1,5,2,0.0,0,BB,FRA,Online TA,TA/TO,0,0,0,D,D,0,No Deposit,9.0,0,Transient,131.4,0,0
City Hotel,1,177,2016,August,35,22,2,5,2,0.0,0,SC,POL,Online TA,TA/TO,0,0,0,A,A,0,No Deposit,9.0,0,Transient,84.39,0,0
City Hotel,1,150,2016,August,35,22,3,7,2,0.0,0,HB,ITA,Direct,Direct,0,0,0,A,A,1,No Deposit,14.0,0,Transient,124.2,0,0
City Hotel,1,259,2016,August,35,22,3,7,2,0.0,0,BB,PRT,Online TA,TA/TO,0,0,0,A,A,0,No Deposit,11.0,0,Transient,65.49,0,0
City Hotel,1,15,2016,August,35,23,0,2,2,0.0,0,SC,FRA,Online TA,TA/TO,0,0,0,A,A,0,No Deposit,9.0,0,Transient,129.0,0,0
City Hotel,1,94,2016,August,35,23,0,2,2,0.0,0,BB,GBR,Online TA,TA/TO,0,0,0,A,A,0,No Deposit,9.0,0,Transient,117.9,0,0
City Hotel,1,13,2016,August,35,23,0,2,2,0.0,0,SC,KOR,Online TA,TA/TO,0,0,0,A,A,0,No Deposit,9.0,0,Transient,129.0,0,1
City Hotel,1,94,2016,August,35,23,0,2,2,0.0,0,BB,GBR,Online TA,TA/TO,0,0,0,A,A,0,No Deposit,9.0,0,Transient,117.9,0,0
City Hotel,1,3,2016,August,35,23,0,3,2,0.0,0,BB,DEU,Online TA,TA/TO,0,0,0,D,D,0,No Deposit,9.0,0,Transient,163.67,0,0
City Hotel,1,19,2016,August,35,23,0,3,2,0.0,0,BB,GBR,Online TA,TA/TO,0,0,0,D,D,0,No Deposit,9.0,0,Transient,156.0,0,2
City Hotel,1,178,2016,August,35,23,0,3,2,0.0,0,BB,ITA,Online TA,TA/TO,0,0,0,B,B,1,No Deposit,9.0,0,Transient-Party,94.62,0,0
City Hotel,1,133,2016,August,35,23,0,4,2,0.0,0,BB,ITA,Online TA,TA/TO,0,0,0,A,A,0,No Deposit,9.0,0,Transient,100.8,0,0
City Hotel,1,137,2016,August,35,23,0,4,2,0.0,0,BB,ITA,Online TA,TA/TO,0,0,0,A,A,0,No Deposit,9.0,0,Transient,100.8,0,0
City Hotel,1,179,2016,August,35,23,0,3,2,0.0,0,SC,NLD,Online TA,TA/TO,0,0,0,A,A,0,No Deposit,9.0,0,Transient,91.5,0,0
City Hotel,1,145,2016,August,35,23,0,5,2,0.0,0,BB,ITA,Online TA,TA/TO,0,0,0,A,A,0,No Deposit,9.0,0,Transient,99.9,0,0
City Hotel,1,163,2016,August,35,23,0,5,2,0.0,0,SC,FRA,Online TA,TA/TO,0,0,0,A,A,0,No Deposit,9.0,0,Transient,84.15,0,0
City Hotel,1,195,2016,August,35,23,1,5,2,0.0,0,HB,CHE,Online TA,TA/TO,0,0,0,D,D,5,No Deposit,9.0,0,Transient,147.0,0,0
City Hotel,1,43,2016,August,35,23,2,5,2,0.0,0,BB,RUS,Online TA,TA/TO,0,0,0,D,D,0,No Deposit,7.0,0,Transient,103.84,0,0
City Hotel,1,197,2016,August,35,23,2,5,2,0.0,0,BB,DEU,Online TA,TA/TO,0,0,0,A,A,0,No Deposit,9.0,0,Transient,97.02,0,0
City Hotel,1,10,2016,August,35,24,0,1,2,0.0,0,BB,GBR,Online TA,TA/TO,0,0,0,A,A,0,No Deposit,9.0,0,Transient,140.0,0,3
City Hotel,1,10,2016,August,35,24,0,1,2,0.0,0,BB,GBR,Online TA,TA/TO,0,0,0,A,A,0,No Deposit,9.0,0,Transient,140.0,0,3
City Hotel,1,28,2016,August,35,24,0,2,2,0.0,0,BB,CHN,Online TA,TA/TO,0,0,0,D,D,0,No Deposit,9.0,0,Transient,149.4,0,1
City Hotel,1,164,2016,August,35,24,0,3,2,0.0,0,BB,PRT,Online TA,TA/TO,0,0,0,A,A,0,No Deposit,7.0,0,Transient,76.46,0,0
City Hotel,1,165,2016,August,35,24,0,3,2,0.0,0,BB,ESP,Online TA,TA/TO,0,0,0,D,D,0,No Deposit,9.0,0,Transient,112.8,0,1
City Hotel,1,182,2016,August,35,24,0,3,2,0.0,0,BB,DEU,Direct,Direct,0,0,0,A,A,0,No Deposit,14.0,0,Transient,88.5,0,0
City Hotel,1,240,2016,August,35,24,0,3,2,0.0,0,BB,DEU,Online TA,TA/TO,0,0,0,A,A,0,No Deposit,9.0,0,Transient,105.3,0,1
City Hotel,1,182,2016,August,35,24,0,3,2,0.0,0,BB,DEU,Online TA,TA/TO,0,0,0,A,A,0,No Deposit,9.0,0,Transient,99.3,0,0
City Hotel,1,183,2016,August,35,24,0,4,2,0.0,0,BB,MAR,Online TA,TA/TO,0,0,0,A,A,0,No Deposit,9.0,0,Transient,93.08,0,1
City Hotel,1,109,2016,August,35,24,0,4,2,0.0,0,BB,ITA,Online TA,TA/TO,0,0,0,D,D,0,No Deposit,9.0,0,Transient,133.2,0,0
City Hotel,1,192,2016,August,35,24,0,4,2,0.0,0,SC,HUN,Online TA,TA/TO,0,0,0,A,A,0,No Deposit,9.0,0,Transient,89.25,0,0
City Hotel,1,195,2016,August,35,24,0,4,2,0.0,0,SC,IRL,Online TA,TA/TO,0,0,0,A,A,0,No Deposit,9.0,0,Transient,89.25,0,1
City Hotel,1,112,2016,August,35,24,0,4,2,0.0,0,BB,PRT,Offline TA/TO,TA/TO,0,0,0,E,E,0,No Deposit,157.0,0,Transient,116.28,0,0
City Hotel,1,112,2016,August,35,24,0,4,2,0.0,0,BB,PRT,Offline TA/TO,TA/TO,0,0,0,E,E,0,No Deposit,157.0,0,Transient,116.28,0,0
City Hotel,1,7,2016,August,35,24,0,4,2,0.0,0,BB,PRT,Online TA,TA/TO,0,0,0,D,D,0,No Deposit,7.0,0,Transient,101.45,0,1
City Hotel,1,94,2016,August,35,24,0,4,2,0.0,0,BB,USA,Online TA,TA/TO,0,0,0,D,D,0,No Deposit,9.0,0,Transient,131.4,0,0
City Hotel,1,117,2016,August,35,24,1,4,2,0.0,0,BB,PRT,Offline TA/TO,TA/TO,0,0,0,A,A,0,No Deposit,28.0,0,Transient,72.25,0,0
City Hotel,1,117,2016,August,35,24,1,4,2,0.0,0,BB,PRT,Offline TA/TO,TA/TO,0,0,0,A,A,0,No Deposit,28.0,0,Transient,72.25,0,0
City Hotel,1,227,2016,August,35,24,1,4,2,0.0,0,BB,DEU,Online TA,TA/TO,0,0,0,A,A,0,No Deposit,9.0,0,Transient,90.95,0,0
City Hotel,1,117,2016,August,35,24,2,5,2,0.0,0,BB,FRA,Online TA,TA/TO,0,0,0,D,D,0,No Deposit,9.0,0,Transient,131.4,0,1
City Hotel,1,125,2016,August,35,25,0,1,2,0.0,0,BB,FIN,Direct,Direct,0,0,0,A,A,0,No Deposit,,0,Transient-Party,90.95,0,1
City Hotel,1,180,2016,August,35,25,0,2,2,0.0,0,SC,BRA,Online TA,TA/TO,0,0,0,A,A,0,No Deposit,9.0,0,Transient,85.5,0,0
City Hotel,1,412,2016,August,35,25,0,2,2,0.0,0,BB,PRT,Groups,TA/TO,0,0,0,A,A,0,Non Refund,1.0,0,Transient,62.0,0,0
City Hotel,1,412,2016,August,35,25,0,2,2,0.0,0,BB,PRT,Groups,TA/TO,0,0,0,A,A,0,Non Refund,1.0,0,Transient,62.0,0,0
City Hotel,1,412,2016,August,35,25,0,2,2,0.0,0,BB,PRT,Groups,TA/TO,0,0,0,A,A,0,Non Refund,1.0,0,Transient,62.0,0,0
City Hotel,1,412,2016,August,35,25,0,2,2,0.0,0,BB,PRT,Groups,TA/TO,0,0,0,A,A,0,Non Refund,1.0,0,Transient,62.0,0,0
City Hotel,1,412,2016,August,35,25,0,2,2,0.0,0,BB,PRT,Groups,TA/TO,0,0,0,A,A,0,Non Refund,1.0,0,Transient,62.0,0,0
City Hotel,1,412,2016,August,35,25,0,2,2,0.0,0,BB,PRT,Groups,TA/TO,0,0,0,A,A,0,Non Refund,1.0,0,Transient,62.0,0,0
City Hotel,1,412,2016,August,35,25,0,2,2,0.0,0,BB,PRT,Groups,TA/TO,0,0,0,A,A,0,Non Refund,1.0,0,Transient,62.0,0,0
City Hotel,1,412,2016,August,35,25,0,2,2,0.0,0,BB,PRT,Groups,TA/TO,0,0,0,A,A,0,Non Refund,1.0,0,Transient,62.0,0,0
City Hotel,1,180,2016,August,35,25,0,2,2,0.0,0,SC,BRA,Online TA,TA/TO,0,0,0,A,A,0,No Deposit,9.0,0,Transient,85.5,0,0
City Hotel,1,412,2016,August,35,25,0,2,2,0.0,0,BB,PRT,Groups,TA/TO,0,0,0,A,A,0,Non Refund,1.0,0,Transient,62.0,0,0
City Hotel,1,412,2016,August,35,25,0,2,2,0.0,0,BB,PRT,Groups,TA/TO,0,0,0,A,A,0,Non Refund,1.0,0,Transient,62.0,0,0
City Hotel,1,412,2016,August,35,25,0,2,2,0.0,0,BB,PRT,Groups,TA/TO,0,0,0,A,A,0,Non Refund,1.0,0,Transient,62.0,0,0
City Hotel,1,412,2016,August,35,25,0,2,2,0.0,0,BB,PRT,Groups,TA/TO,0,0,0,A,A,0,Non Refund,1.0,0,Transient,62.0,0,0
City Hotel,1,412,2016,August,35,25,0,2,2,0.0,0,BB,PRT,Groups,TA/TO,0,0,0,A,A,0,Non Refund,1.0,0,Transient,62.0,0,0
City Hotel,1,161,2016,August,35,25,0,2,2,0.0,0,BB,CHE,Online TA,TA/TO,0,0,0,D,D,0,No Deposit,9.0,0,Transient,109.8,0,1
City Hotel,1,412,2016,August,35,25,0,2,2,0.0,0,BB,PRT,Groups,TA/TO,0,0,0,A,A,0,Non Refund,1.0,0,Transient,62.0,0,0
City Hotel,1,412,2016,August,35,25,0,2,2,0.0,0,BB,PRT,Groups,TA/TO,0,0,0,A,A,0,Non Refund,1.0,0,Transient,62.0,0,0
City Hotel,1,412,2016,August,35,25,0,2,2,0.0,0,BB,PRT,Groups,TA/TO,0,0,0,A,A,0,Non Refund,1.0,0,Transient,62.0,0,0
City Hotel,1,412,2016,August,35,25,0,2,2,0.0,0,BB,PRT,Groups,TA/TO,0,0,0,A,A,0,Non Refund,1.0,0,Transient,62.0,0,0
City Hotel,1,412,2016,August,35,25,0,2,2,0.0,0,BB,PRT,Groups,TA/TO,0,0,0,A,A,0,Non Refund,1.0,0,Transient,62.0,0,0
City Hotel,1,412,2016,August,35,25,0,2,2,0.0,0,BB,PRT,Groups,TA/TO,0,0,0,A,A,0,Non Refund,1.0,0,Transient,62.0,0,0
City Hotel,1,412,2016,August,35,25,0,2,2,0.0,0,BB,PRT,Groups,TA/TO,0,0,0,A,A,0,Non Refund,1.0,0,Transient,62.0,0,0
City Hotel,1,412,2016,August,35,25,0,2,2,0.0,0,BB,PRT,Groups,TA/TO,0,0,0,A,A,0,Non Refund,1.0,0,Transient,62.0,0,0
City Hotel,1,412,2016,August,35,25,0,2,2,0.0,0,BB,PRT,Groups,TA/TO,0,0,0,A,A,0,Non Refund,1.0,0,Transient,62.0,0,0
City Hotel,1,412,2016,August,35,25,0,2,2,0.0,0,BB,PRT,Groups,TA/TO,0,0,0,A,A,0,Non Refund,1.0,0,Transient,62.0,0,0
City Hotel,1,412,2016,August,35,25,0,2,2,0.0,0,BB,PRT,Groups,TA/TO,0,0,0,A,A,0,Non Refund,1.0,0,Transient,62.0,0,0
City Hotel,1,412,2016,August,35,25,0,2,2,0.0,0,BB,PRT,Groups,TA/TO,0,0,0,A,A,0,Non Refund,1.0,0,Transient,62.0,0,0
City Hotel,1,412,2016,August,35,25,0,2,2,0.0,0,BB,PRT,Groups,TA/TO,0,0,0,A,A,0,Non Refund,1.0,0,Transient,62.0,0,0
City Hotel,1,412,2016,August,35,25,0,2,2,0.0,0,BB,PRT,Groups,TA/TO,0,0,0,A,A,0,Non Refund,1.0,0,Transient,62.0,0,0
City Hotel,1,412,2016,August,35,25,0,2,2,0.0,0,BB,PRT,Groups,TA/TO,0,0,0,A,A,0,Non Refund,1.0,0,Transient,62.0,0,0
City Hotel,1,412,2016,August,35,25,0,2,2,0.0,0,BB,PRT,Groups,TA/TO,0,0,0,A,A,0,Non Refund,1.0,0,Transient,62.0,0,0
City Hotel,1,412,2016,August,35,25,0,2,2,0.0,0,BB,PRT,Groups,TA/TO,0,0,0,A,A,0,Non Refund,1.0,0,Transient,62.0,0,0
City Hotel,1,179,2016,August,35,25,0,3,2,0.0,0,BB,DEU,Online TA,TA/TO,0,0,0,B,B,1,No Deposit,9.0,0,Transient,88.76,0,0
City Hotel,1,178,2016,August,35,25,0,3,2,0.0,0,BB,DEU,Online TA,TA/TO,0,0,0,B,B,0,No Deposit,9.0,0,Transient,88.77,0,0
City Hotel,1,134,2016,August,35,25,0,3,2,0.0,0,BB,ESP,Online TA,TA/TO,0,0,0,D,D,0,No Deposit,9.0,0,Transient,109.8,0,0
City Hotel,1,152,2016,August,35,25,2,3,2,0.0,0,BB,DEU,Online TA,TA/TO,0,0,0,A,A,0,No Deposit,9.0,0,Transient,96.3,0,0
City Hotel,1,157,2016,August,35,25,2,5,2,0.0,0,SC,ROU,Online TA,TA/TO,0,0,0,A,A,0,No Deposit,9.0,0,Transient,80.75,0,0
City Hotel,1,279,2016,August,35,25,2,5,2,0.0,0,SC,PRT,Online TA,TA/TO,0,0,0,A,A,0,No Deposit,9.0,0,Contract,80.75,0,1
City Hotel,1,54,2016,August,35,26,0,1,2,0.0,0,SC,USA,Online TA,TA/TO,0,0,0,A,B,1,No Deposit,9.0,0,Transient,125.1,0,0
City Hotel,1,46,2016,August,35,26,0,1,2,0.0,0,SC,FRA,Online TA,TA/TO,0,0,0,A,A,0,No Deposit,9.0,0,Transient,125.1,0,0
City Hotel,1,96,2016,August,35,26,0,2,2,0.0,0,BB,FRA,Online TA,TA/TO,0,0,0,D,D,0,No Deposit,9.0,0,Transient,131.4,0,0
City Hotel,1,142,2016,August,35,26,0,2,2,0.0,0,BB,CHE,Online TA,TA/TO,0,0,0,D,D,0,No Deposit,9.0,0,Transient,109.8,0,0
City Hotel,1,180,2016,August,35,26,0,2,2,0.0,0,SC,CHE,Online TA,TA/TO,0,0,0,A,A,0,No Deposit,9.0,0,Transient,85.5,0,0
City Hotel,1,163,2016,August,35,26,0,2,2,0.0,0,BB,GBR,Online TA,TA/TO,0,0,0,A,A,0,No Deposit,9.0,0,Transient,96.3,0,0
City Hotel,1,139,2016,August,35,26,0,2,2,0.0,0,BB,FRA,Online TA,TA/TO,0,0,0,A,A,0,No Deposit,9.0,0,Transient,96.3,0,0
City Hotel,1,94,2016,August,35,26,1,2,2,0.0,0,BB,GBR,Online TA,TA/TO,0,0,0,D,D,0,No Deposit,9.0,0,Transient,131.4,0,1
City Hotel,1,105,2016,August,35,26,1,2,2,0.0,0,BB,USA,Online TA,TA/TO,0,0,0,D,D,0,No Deposit,9.0,0,Transient,131.4,0,0
City Hotel,1,179,2016,August,35,26,1,2,2,0.0,0,SC,GBR,Online TA,TA/TO,0,0,0,A,A,0,No Deposit,9.0,0,Transient,85.5,0,0
City Hotel,1,9,2016,August,35,26,1,2,2,0.0,0,BB,HUN,Online TA,TA/TO,0,0,0,D,D,0,No Deposit,9.0,0,Transient,151.67,0,1
City Hotel,1,19,2016,August,35,26,1,2,2,0.0,0,BB,DEU,Online TA,TA/TO,0,0,0,D,D,0,No Deposit,9.0,0,Transient,162.0,0,2
City Hotel,1,115,2016,August,35,26,2,2,2,0.0,0,BB,GBR,Online TA,TA/TO,0,0,0,D,D,0,No Deposit,9.0,0,Transient,131.4,0,0
City Hotel,1,148,2016,August,35,26,2,2,2,0.0,0,BB,GBR,Online TA,TA/TO,0,0,0,A,A,0,No Deposit,9.0,0,Transient,96.3,0,0
City Hotel,1,143,2016,August,35,26,2,2,2,0.0,0,SC,GEO,Online TA,TA/TO,0,0,0,A,A,0,No Deposit,9.0,0,Transient,85.5,0,0
City Hotel,1,79,2016,August,35,26,2,2,2,0.0,0,SC,FRA,Online TA,TA/TO,0,0,0,A,A,0,No Deposit,9.0,0,Transient,120.6,0,0
City Hotel,1,193,2016,August,35,26,2,2,2,0.0,0,BB,FRA,Online TA,TA/TO,0,0,0,A,A,0,No Deposit,9.0,0,Transient,95.2,0,0
City Hotel,1,143,2016,August,35,26,2,2,2,0.0,0,BB,GEO,Online TA,TA/TO,0,0,0,A,A,0,No Deposit,9.0,0,Transient,96.3,0,0
City Hotel,1,149,2016,August,35,26,2,2,2,0.0,0,SC,GBR,Online TA,TA/TO,0,0,0,A,A,0,No Deposit,9.0,0,Transient,85.5,0,0
City Hotel,0,162,2016,August,35,26,2,3,2,0.0,0,BB,BEL,Direct,Direct,0,0,0,B,B,1,No Deposit,,0,Transient-Party,92.7,1,1
City Hotel,1,39,2016,August,35,26,2,3,2,0.0,0,HB,ESP,Online TA,TA/TO,0,0,0,A,A,0,No Deposit,9.0,0,Transient,165.06,0,1
City Hotel,1,13,2016,August,35,26,2,3,2,0.0,0,BB,GBR,Online TA,TA/TO,0,0,0,D,D,0,No Deposit,9.0,0,Transient,149.0,0,0
City Hotel,1,48,2016,August,35,26,2,3,2,0.0,0,BB,DEU,Online TA,TA/TO,0,0,0,D,D,0,No Deposit,9.0,0,Transient,133.74,0,1
City Hotel,1,13,2016,August,35,26,2,3,2,0.0,0,SC,GBR,Online TA,TA/TO,0,0,0,A,A,0,No Deposit,9.0,0,Transient,122.0,0,0
City Hotel,1,105,2016,August,35,26,2,4,2,0.0,0,BB,PRT,Offline TA/TO,TA/TO,0,0,0,A,A,0,No Deposit,85.0,0,Transient,72.25,0,0
City Hotel,1,200,2016,August,35,26,2,4,2,0.0,0,SC,GBR,Online TA,TA/TO,0,0,0,A,A,0,No Deposit,9.0,0,Transient,83.58,0,0
City Hotel,1,187,2016,August,35,26,2,7,2,0.0,0,SC,ARG,Online TA,TA/TO,0,0,0,A,A,0,No Deposit,9.0,0,Transient,84.72,0,0
City Hotel,1,90,2016,August,35,27,0,1,2,0.0,0,BB,DEU,Online TA,TA/TO,0,0,0,A,A,0,No Deposit,9.0,0,Transient,135.9,0,0
City Hotel,1,162,2016,August,35,27,0,1,2,0.0,0,BB,PRT,Online TA,TA/TO,0,0,0,A,A,0,No Deposit,9.0,0,Transient,96.3,0,0
City Hotel,1,162,2016,August,35,27,0,1,2,0.0,0,BB,PRT,Online TA,TA/TO,0,0,0,A,A,0,No Deposit,9.0,0,Transient,96.3,0,0
City Hotel,1,5,2016,August,35,27,0,1,2,0.0,0,SC,ESP,Online TA,TA/TO,0,0,0,A,A,0,No Deposit,9.0,0,Transient,139.0,0,1
City Hotel,1,114,2016,August,35,27,0,1,2,0.0,0,BB,FRA,Online TA,TA/TO,0,0,0,A,A,0,No Deposit,9.0,0,Transient,128.7,0,0
City Hotel,1,226,2016,August,35,27,1,1,2,0.0,0,HB,PRT,Groups,TA/TO,0,0,0,A,A,0,Non Refund,1.0,0,Transient,96.0,0,0
City Hotel,1,226,2016,August,35,27,1,1,2,0.0,0,HB,PRT,Groups,TA/TO,0,0,0,A,A,0,Non Refund,1.0,0,Transient,96.0,0,0
City Hotel,1,226,2016,August,35,27,1,1,2,0.0,0,HB,PRT,Groups,TA/TO,0,0,0,A,A,0,Non Refund,1.0,0,Transient,96.0,0,0
City Hotel,1,226,2016,August,35,27,1,1,2,0.0,0,HB,PRT,Groups,TA/TO,0,0,0,A,A,0,Non Refund,1.0,0,Transient,96.0,0,0
City Hotel,1,226,2016,August,35,27,1,1,2,0.0,0,HB,PRT,Groups,TA/TO,0,0,0,A,A,0,Non Refund,1.0,0,Transient,96.0,0,0
City Hotel,1,176,2016,August,35,27,1,1,2,0.0,0,BB,USA,Online TA,TA/TO,0,0,0,A,A,0,No Deposit,9.0,0,Transient,96.3,0,0
City Hotel,1,226,2016,August,35,27,1,1,2,0.0,0,HB,PRT,Groups,TA/TO,0,0,0,A,A,0,Non Refund,1.0,0,Transient,96.0,0,0
City Hotel,1,226,2016,August,35,27,1,1,2,0.0,0,HB,PRT,Groups,TA/TO,0,0,0,A,A,0,Non Refund,1.0,0,Transient,96.0,0,0
City Hotel,1,231,2016,August,35,27,1,1,2,0.0,0,SC,GBR,Online TA,TA/TO,0,0,0,A,A,0,No Deposit,9.0,0,Transient,94.5,0,0
City Hotel,1,209,2016,August,35,27,1,1,2,0.0,0,SC,DEU,Online TA,TA/TO,0,0,0,A,A,0,No Deposit,9.0,0,Transient,90.0,0,1
City Hotel,1,226,2016,August,35,27,1,1,2,0.0,0,HB,PRT,Groups,TA/TO,0,0,0,A,A,0,Non Refund,1.0,0,Transient,96.0,0,0
City Hotel,1,226,2016,August,35,27,1,1,2,0.0,0,HB,PRT,Groups,TA/TO,0,0,0,A,A,0,Non Refund,1.0,0,Transient,96.0,0,0
City Hotel,1,226,2016,August,35,27,1,1,2,0.0,0,HB,PRT,Groups,TA/TO,0,0,0,A,A,0,Non Refund,1.0,0,Transient,96.0,0,0
City Hotel,1,64,2016,August,35,27,2,1,2,0.0,0,BB,GBR,Online TA,TA/TO,0,0,0,D,D,0,No Deposit,9.0,0,Transient,143.4,0,1
City Hotel,1,166,2016,August,35,27,2,1,2,0.0,0,BB,ITA,Online TA,TA/TO,0,0,0,A,A,0,No Deposit,9.0,0,Transient,96.3,0,0
City Hotel,1,56,2016,August,35,27,1,1,2,0.0,0,BB,IRL,Online TA,TA/TO,0,0,0,D,D,0,No Deposit,9.0,0,Transient,136.35,0,1
City Hotel,1,181,2016,August,35,27,2,1,2,0.0,0,SC,DEU,Online TA,TA/TO,0,0,0,A,A,0,No Deposit,9.0,0,Transient,85.5,0,0
City Hotel,1,166,2016,August,35,27,2,1,2,0.0,0,BB,ITA,Online TA,TA/TO,0,0,0,A,A,0,No Deposit,9.0,0,Transient,96.3,0,0
City Hotel,1,64,2016,August,35,27,2,1,2,0.0,0,BB,GBR,Online TA,TA/TO,0,0,0,D,D,0,No Deposit,9.0,0,Transient,143.4,0,1
City Hotel,1,53,2016,August,35,27,2,1,2,0.0,0,BB,PRT,Offline TA/TO,TA/TO,0,0,0,A,A,0,No Deposit,157.0,0,Transient,77.04,0,0
City Hotel,1,53,2016,August,35,27,2,1,2,0.0,0,BB,PRT,Offline TA/TO,TA/TO,0,0,0,A,A,0,No Deposit,157.0,0,Transient,77.04,0,0
City Hotel,1,183,2016,August,35,27,2,2,2,0.0,0,BB,CHE,Online TA,TA/TO,0,0,0,A,A,0,No Deposit,9.0,0,Transient,90.95,0,0
City Hotel,1,162,2016,August,35,27,2,2,2,0.0,0,SC,FRA,Online TA,TA/TO,0,0,0,A,A,0,No Deposit,9.0,0,Transient,80.75,0,0
City Hotel,1,228,2016,August,35,27,2,4,2,0.0,0,SC,RUS,Online TA,TA/TO,0,0,0,A,A,0,No Deposit,9.0,0,Transient,80.75,0,0
City Hotel,1,228,2016,August,35,27,2,4,2,0.0,0,BB,RUS,Online TA,TA/TO,0,0,0,A,A,0,No Deposit,9.0,0,Transient,90.95,0,0
City Hotel,1,18,2016,August,35,27,2,5,2,0.0,0,BB,RUS,Online TA,TA/TO,0,0,0,D,D,0,No Deposit,9.0,0,Transient,142.43,0,1
City Hotel,1,48,2016,August,35,27,2,5,2,0.0,0,BB,FRA,Online TA,TA/TO,0,0,0,D,D,0,No Deposit,9.0,0,Transient,127.03,0,0
City Hotel,1,47,2016,August,36,28,1,0,2,0.0,0,BB,IRL,Online TA,TA/TO,0,0,0,A,A,0,No Deposit,9.0,0,Transient,109.8,0,0
City Hotel,1,199,2016,August,36,28,1,0,2,0.0,0,SC,GBR,Online TA,TA/TO,0,0,0,A,A,0,No Deposit,9.0,0,Transient,85.5,0,0
City Hotel,1,2,2016,August,36,28,1,0,2,0.0,0,HB,PRT,Direct,Direct,0,0,0,D,D,0,No Deposit,14.0,0,Transient,186.0,0,0
City Hotel,1,12,2016,August,36,28,2,0,2,0.0,0,BB,FRA,Online TA,TA/TO,0,0,0,A,A,0,No Deposit,9.0,0,Transient,130.0,0,2
City Hotel,1,155,2016,August,36,28,2,0,2,0.0,0,SC,ESP,Online TA,TA/TO,0,0,0,A,A,2,No Deposit,9.0,0,Transient,86.4,0,0
City Hotel,1,149,2016,August,36,28,2,0,2,0.0,0,SC,ITA,Online TA,TA/TO,0,0,0,A,A,0,No Deposit,9.0,0,Transient,85.5,0,0
City Hotel,1,56,2016,August,36,28,2,1,2,0.0,0,BB,TUR,Online TA,TA/TO,0,0,0,A,A,0,No Deposit,9.0,0,Transient,109.8,0,0
City Hotel,1,3,2016,August,36,28,2,1,2,0.0,0,BB,DEU,Direct,Direct,0,0,0,D,D,0,No Deposit,14.0,0,Transient,159.0,0,0
City Hotel,1,56,2016,August,36,28,2,1,2,0.0,0,BB,TUR,Online TA,TA/TO,0,0,0,A,A,0,No Deposit,9.0,0,Transient,109.8,0,0
City Hotel,1,14,2016,August,36,28,2,1,2,0.0,0,BB,PRT,Online TA,TA/TO,0,0,0,A,A,0,No Deposit,8.0,0,Transient,130.0,0,2
City Hotel,1,56,2016,August,36,28,2,1,2,0.0,0,BB,TUR,Online TA,TA/TO,0,0,0,A,A,0,No Deposit,9.0,0,Transient,109.8,0,0
City Hotel,1,35,2016,August,36,28,2,2,2,0.0,0,BB,GEO,Online TA,TA/TO,0,0,0,A,A,0,No Deposit,9.0,0,Transient,111.83,0,0
City Hotel,1,22,2016,August,36,28,2,2,2,0.0,0,SC,DEU,Online TA,TA/TO,0,0,0,A,A,0,No Deposit,9.0,0,Transient,112.25,0,2
City Hotel,1,51,2016,August,36,28,2,3,2,0.0,0,BB,GBR,Online TA,TA/TO,0,0,0,D,D,0,No Deposit,9.0,0,Transient,123.3,0,1
City Hotel,1,45,2016,August,36,28,2,3,2,0.0,0,BB,GBR,Direct,Direct,0,0,0,E,E,0,No Deposit,14.0,0,Transient,159.8,0,0
City Hotel,1,23,2016,August,36,28,2,3,2,0.0,0,BB,FRA,Online TA,TA/TO,0,0,0,A,A,0,No Deposit,9.0,0,Transient,123.8,0,0
City Hotel,1,92,2016,August,36,28,2,3,2,0.0,0,SC,PRT,Offline TA/TO,TA/TO,0,0,0,A,A,0,No Deposit,85.0,0,Transient,63.75,0,0
City Hotel,1,28,2016,August,36,28,2,4,2,0.0,0,BB,AUT,Online TA,TA/TO,0,0,0,A,A,0,No Deposit,9.0,0,Transient,115.37,0,1
City Hotel,1,222,2016,August,36,28,2,4,2,0.0,0,BB,LBN,Online TA,TA/TO,0,0,0,A,A,2,No Deposit,9.0,0,Transient,100.58,0,1
City Hotel,1,34,2016,August,36,28,2,4,2,0.0,0,SC,ESP,Online TA,TA/TO,0,0,0,A,A,0,No Deposit,9.0,0,Transient,100.35,0,2
City Hotel,1,28,2016,August,36,28,2,4,2,0.0,0,BB,AUT,Online TA,TA/TO,0,0,0,A,A,0,No Deposit,9.0,0,Transient,115.37,0,1
City Hotel,1,222,2016,August,36,28,2,4,2,0.0,0,BB,LBN,Online TA,TA/TO,0,0,0,A,A,2,No Deposit,9.0,0,Transient,100.58,0,1
City Hotel,1,206,2016,August,36,28,2,5,2,0.0,0,BB,ROU,Online TA,TA/TO,0,0,0,A,A,0,No Deposit,9.0,0,Transient,99.21,0,1
City Hotel,1,187,2016,August,36,28,2,5,2,0.0,0,BB,ROU,Online TA,TA/TO,0,0,0,A,A,0,No Deposit,9.0,0,Transient,96.05,0,0
City Hotel,1,99,2016,August,36,29,1,1,2,0.0,0,SC,AUS,Online TA,TA/TO,0,0,0,A,A,0,No Deposit,9.0,0,Transient,107.1,0,0
City Hotel,1,33,2016,August,36,29,1,1,2,0.0,0,SC,FRA,Online TA,TA/TO,0,0,0,A,A,0,No Deposit,9.0,0,Transient,103.05,0,0
City Hotel,1,158,2016,August,36,29,1,2,2,0.0,0,BB,ITA,Online TA,TA/TO,0,0,0,A,A,0,No Deposit,9.0,0,Transient,96.3,0,0
City Hotel,1,51,2016,August,36,29,1,2,2,0.0,0,BB,ESP,Online TA,TA/TO,0,0,0,A,A,0,No Deposit,9.0,0,Transient,109.8,0,1
City Hotel,1,138,2016,August,36,29,1,2,2,0.0,0,BB,IRL,Direct,Direct,0,0,0,A,A,0,No Deposit,14.0,0,Transient,80.75,0,0
City Hotel,1,132,2016,August,36,29,1,2,2,0.0,0,BB,ITA,Online TA,TA/TO,0,0,0,A,A,0,No Deposit,9.0,0,Transient,96.3,0,0
City Hotel,1,28,2016,August,36,29,1,2,2,0.0,0,SC,ESP,Online TA,TA/TO,0,0,0,A,A,0,No Deposit,9.0,0,Transient,109.33,0,0
City Hotel,1,21,2016,August,36,29,1,2,2,0.0,0,BB,ESP,Online TA,TA/TO,0,0,0,D,D,0,No Deposit,9.0,0,Transient,140.0,0,1
City Hotel,1,48,2016,August,36,29,1,2,2,0.0,0,BB,BEL,Direct,Direct,0,0,0,A,A,0,No Deposit,14.0,0,Transient,96.05,0,0
City Hotel,1,164,2016,August,36,29,1,2,2,0.0,0,BB,ITA,Online TA,TA/TO,0,0,0,A,A,0,No Deposit,9.0,0,Transient,96.3,0,0
City Hotel,1,139,2016,August,36,29,1,2,2,0.0,0,BB,IRL,Direct,Direct,0,0,0,A,A,0,No Deposit,14.0,0,Transient,85.5,0,0
City Hotel,1,203,2016,August,36,29,1,3,2,0.0,0,BB,FRA,Online TA,TA/TO,0,0,0,A,A,0,No Deposit,9.0,0,Transient,90.95,0,0
City Hotel,1,32,2016,August,36,29,1,3,2,0.0,0,SC,GBR,Online TA,TA/TO,0,0,0,A,A,0,No Deposit,9.0,0,Transient,101.03,0,1
City Hotel,1,40,2016,August,36,29,1,3,2,0.0,0,BB,DEU,Online TA,TA/TO,0,0,0,A,A,0,No Deposit,9.0,0,Transient,111.83,0,0
City Hotel,1,21,2016,August,36,29,1,3,2,0.0,0,BB,DZA,Online TA,TA/TO,0,0,0,A,A,0,No Deposit,9.0,0,Transient,124.25,0,3
City Hotel,1,28,2016,August,36,29,1,3,2,0.0,0,BB,DEU,Online TA,TA/TO,0,0,0,A,A,0,No Deposit,9.0,0,Transient,118.15,0,0
City Hotel,1,206,2016,August,36,29,1,3,2,0.0,0,BB,ITA,Online TA,TA/TO,0,0,0,A,A,0,No Deposit,9.0,0,Transient,90.95,0,0
City Hotel,1,35,2016,August,36,29,1,4,2,0.0,0,BB,FRA,Online TA,TA/TO,0,0,0,A,A,0,No Deposit,9.0,0,Transient,111.42,0,2
City Hotel,1,233,2016,August,36,29,1,5,2,0.0,0,BB,FRA,Online TA,TA/TO,0,0,0,A,A,0,No Deposit,9.0,0,Transient,90.95,0,0
City Hotel,1,54,2016,August,36,29,2,5,2,0.0,0,BB,PRT,Direct,Direct,0,0,0,D,D,0,No Deposit,,0,Transient,113.05,0,0
City Hotel,1,57,2016,August,36,29,3,8,2,0.0,0,BB,FRA,Online TA,TA/TO,0,0,0,D,D,0,No Deposit,9.0,0,Transient,123.55,0,0
City Hotel,1,33,2016,August,36,30,0,2,2,0.0,0,SC,CHN,Online TA,TA/TO,0,0,0,A,A,2,No Deposit,9.0,0,Transient,89.1,0,1
City Hotel,1,45,2016,August,36,30,0,2,2,0.0,0,SC,ITA,Online TA,TA/TO,0,0,0,A,A,0,No Deposit,9.0,0,Transient,99.0,0,0
City Hotel,1,26,2016,August,36,30,0,2,2,0.0,0,BB,BRA,Online TA,TA/TO,0,0,0,A,A,0,No Deposit,9.0,0,Transient,122.0,0,2
City Hotel,1,14,2016,August,36,30,0,2,2,0.0,0,SC,DEU,Online TA,TA/TO,0,0,0,A,A,0,No Deposit,9.0,0,Transient,118.0,0,0
City Hotel,1,14,2016,August,36,30,0,2,2,0.0,0,SC,DEU,Online TA,TA/TO,0,0,0,A,A,0,No Deposit,9.0,0,Transient,118.0,0,0
City Hotel,1,196,2016,August,36,30,0,3,2,0.0,0,SC,CN,Online TA,TA/TO,0,0,0,A,A,0,No Deposit,9.0,0,Transient,85.5,0,0
City Hotel,1,53,2016,August,36,30,0,3,2,0.0,0,BB,PRT,Online TA,TA/TO,0,0,0,A,A,0,No Deposit,9.0,0,Transient,109.8,0,0
City Hotel,1,44,2016,August,36,30,0,3,2,0.0,0,SC,GBR,Online TA,TA/TO,0,0,0,A,A,0,No Deposit,9.0,0,Transient,99.0,0,0
City Hotel,1,208,2016,August,36,30,0,3,2,0.0,0,SC,CHE,Online TA,TA/TO,0,0,0,A,A,0,No Deposit,9.0,0,Transient,85.5,0,0
City Hotel,1,196,2016,August,36,30,0,3,2,0.0,0,SC,CN,Online TA,TA/TO,0,0,0,A,A,0,No Deposit,9.0,0,Transient,85.5,0,0
City Hotel,1,35,2016,August,36,30,0,4,2,0.0,0,BB,ESP,Online TA,TA/TO,0,0,0,A,A,0,No Deposit,9.0,0,Transient,109.8,0,1
City Hotel,1,29,2016,August,36,30,0,4,2,0.0,0,BB,FRA,Direct,Direct,0,0,0,A,A,0,No Deposit,14.0,0,Transient,93.5,0,1
City Hotel,1,223,2016,August,36,30,0,4,2,0.0,0,BB,EST,Online TA,TA/TO,0,0,0,A,A,0,No Deposit,9.0,0,Transient,90.95,0,2
City Hotel,1,55,2016,August,36,30,0,4,2,0.0,0,BB,DEU,Online TA,TA/TO,0,0,0,A,A,0,No Deposit,9.0,0,Transient,109.8,0,2
City Hotel,1,28,2016,August,36,30,0,4,2,0.0,0,SC,CHN,Online TA,TA/TO,0,0,0,A,A,0,No Deposit,9.0,0,Transient,94.05,0,0
City Hotel,1,31,2016,August,36,30,0,4,2,0.0,0,SC,ITA,Online TA,TA/TO,0,0,0,A,A,0,No Deposit,9.0,0,Transient,99.0,0,0
City Hotel,1,36,2016,August,36,30,0,4,2,0.0,0,BB,ESP,Online TA,TA/TO,0,0,0,A,A,0,No Deposit,9.0,0,Transient,109.8,0,0
City Hotel,1,11,2016,August,36,30,0,4,2,0.0,0,SC,AGO,Direct,Direct,0,0,0,A,A,0,No Deposit,14.0,0,Transient,118.0,0,0
City Hotel,1,50,2016,August,36,30,0,4,2,0.0,0,SC,ITA,Online TA,TA/TO,0,0,0,A,A,0,No Deposit,9.0,0,Transient,99.0,0,0
City Hotel,1,62,2016,August,36,30,0,5,2,0.0,0,BB,IRL,Online TA,TA/TO,0,0,0,D,D,0,No Deposit,9.0,0,Transient,111.6,0,0
City Hotel,1,46,2016,August,36,30,1,5,2,0.0,0,BB,MAR,Online TA,TA/TO,0,0,0,D,D,0,No Deposit,9.0,0,Transient,123.3,0,0
City Hotel,1,171,2016,August,36,30,2,5,2,0.0,0,BB,DEU,Online TA,TA/TO,0,0,0,A,A,0,No Deposit,9.0,0,Transient,111.59,0,0
City Hotel,1,227,2016,August,36,30,2,5,2,0.0,0,BB,ROU,Online TA,TA/TO,0,0,0,A,A,0,No Deposit,9.0,0,Transient,92.29,0,0
City Hotel,1,22,2016,August,36,31,0,1,2,0.0,0,BB,NLD,Online TA,TA/TO,0,0,0,A,A,0,No Deposit,9.0,0,Transient,122.0,0,3
City Hotel,1,18,2016,August,36,31,0,2,2,0.0,0,BB,PRT,Offline TA/TO,TA/TO,0,0,0,D,D,0,No Deposit,85.0,0,Transient,97.0,0,1
City Hotel,1,20,2016,August,36,31,0,2,2,0.0,0,BB,FRA,Online TA,TA/TO,0,0,0,A,A,0,No Deposit,9.0,0,Transient,122.0,0,1
City Hotel,1,179,2016,August,36,31,0,2,2,0.0,0,BB,GBR,Online TA,TA/TO,0,0,0,B,B,1,No Deposit,9.0,0,Transient-Party,103.69,0,0
City Hotel,1,178,2016,August,36,31,0,2,2,0.0,0,BB,GBR,Online TA,TA/TO,0,0,0,B,B,0,No Deposit,9.0,0,Transient-Party,103.69,0,0
City Hotel,1,69,2016,August,36,31,0,3,2,0.0,0,SC,CHN,Online TA,TA/TO,0,0,0,A,A,0,No Deposit,9.0,0,Transient,107.19,0,0
City Hotel,1,44,2016,August,36,31,0,3,2,0.0,0,HB,GBR,Online TA,TA/TO,0,0,0,D,D,0,No Deposit,9.0,0,Transient,157.5,0,0
City Hotel,1,157,2016,August,36,31,0,3,2,0.0,0,BB,ITA,Online TA,TA/TO,0,0,0,B,B,4,No Deposit,9.0,0,Transient,108.66,0,0
City Hotel,1,42,2016,August,36,31,0,3,2,0.0,0,HB,GBR,Online TA,TA/TO,0,0,0,D,D,0,No Deposit,9.0,0,Transient,157.5,0,0
City Hotel,1,55,2016,August,36,31,0,3,2,0.0,0,HB,GBR,Online TA,TA/TO,0,0,0,A,A,3,No Deposit,9.0,0,Transient,144.0,0,2
City Hotel,1,175,2016,August,36,31,0,4,2,0.0,0,BB,SWE,Online TA,TA/TO,0,0,0,A,A,0,No Deposit,9.0,0,Transient,112.63,0,0
City Hotel,1,234,2016,August,36,31,0,4,2,0.0,0,SC,DEU,Online TA,TA/TO,0,0,0,A,A,0,No Deposit,9.0,0,Transient,80.75,0,0
City Hotel,0,256,2016,August,36,31,0,4,2,0.0,0,BB,DEU,Online TA,TA/TO,0,0,0,A,A,0,No Deposit,9.0,0,Transient-Party,90.95,0,0
City Hotel,0,256,2016,August,36,31,0,4,2,0.0,0,BB,DEU,Online TA,TA/TO,0,0,0,A,A,0,No Deposit,9.0,0,Transient-Party,90.95,0,0
City Hotel,1,175,2016,August,36,31,0,4,2,0.0,0,BB,SWE,Online TA,TA/TO,0,0,0,A,A,0,No Deposit,9.0,0,Transient,112.63,0,0
City Hotel,0,256,2016,August,36,31,0,4,2,0.0,0,BB,DEU,Online TA,TA/TO,0,0,0,A,A,0,No Deposit,9.0,0,Transient-Party,90.95,0,0
City Hotel,1,175,2016,August,36,31,0,4,2,0.0,0,BB,SWE,Online TA,TA/TO,0,0,0,A,A,0,No Deposit,9.0,0,Transient,112.63,0,0
City Hotel,1,175,2016,August,36,31,0,4,2,0.0,0,BB,SWE,Online TA,TA/TO,0,0,0,A,A,0,No Deposit,9.0,0,Transient,112.63,0,0
City Hotel,1,66,2016,August,36,31,0,4,2,0.0,0,SC,GBR,Online TA,TA/TO,0,0,0,A,A,0,No Deposit,9.0,0,Transient,120.6,0,0
City Hotel,0,256,2016,August,36,31,0,4,2,0.0,0,BB,DEU,Online TA,TA/TO,0,0,0,A,A,0,No Deposit,9.0,0,Transient-Party,90.95,0,0
City Hotel,1,51,2016,August,36,31,1,4,2,0.0,0,BB,NOR,Online TA,TA/TO,0,0,0,D,D,0,No Deposit,9.0,0,Transient,123.3,0,0
City Hotel,1,83,2016,September,36,1,0,1,2,0.0,0,BB,PRT,Offline TA/TO,TA/TO,0,0,0,A,A,0,No Deposit,83.0,0,Transient,112.8,0,0
City Hotel,1,83,2016,September,36,1,0,1,2,0.0,0,BB,PRT,Offline TA/TO,TA/TO,0,0,0,A,A,0,No Deposit,83.0,0,Transient,112.8,0,0
City Hotel,1,419,2016,September,36,1,0,2,2,0.0,0,BB,PRT,Groups,TA/TO,0,0,0,A,A,0,Non Refund,1.0,0,Transient,62.0,0,0
City Hotel,1,419,2016,September,36,1,0,2,2,0.0,0,BB,PRT,Groups,TA/TO,0,0,0,A,A,0,Non Refund,1.0,0,Transient,62.0,0,0
City Hotel,1,419,2016,September,36,1,0,2,2,0.0,0,BB,PRT,Groups,TA/TO,0,0,0,A,A,0,Non Refund,1.0,0,Transient,62.0,0,0
City Hotel,1,419,2016,September,36,1,0,2,2,0.0,0,BB,PRT,Groups,TA/TO,0,0,0,A,A,0,Non Refund,1.0,0,Transient,62.0,0,0
City Hotel,1,419,2016,September,36,1,0,2,2,0.0,0,BB,PRT,Groups,TA/TO,0,0,0,A,A,0,Non Refund,1.0,0,Transient,62.0,0,0
City Hotel,1,419,2016,September,36,1,0,2,2,0.0,0,BB,PRT,Groups,TA/TO,0,0,0,A,A,0,Non Refund,1.0,0,Transient,62.0,0,0
City Hotel,1,419,2016,September,36,1,0,2,2,0.0,0,BB,PRT,Groups,TA/TO,0,0,0,A,A,0,Non Refund,1.0,0,Transient,62.0,0,0
City Hotel,1,419,2016,September,36,1,0,2,2,0.0,0,BB,PRT,Groups,TA/TO,0,0,0,A,A,0,Non Refund,1.0,0,Transient,62.0,0,0
City Hotel,1,419,2016,September,36,1,0,2,2,0.0,0,BB,PRT,Groups,TA/TO,0,0,0,A,A,0,Non Refund,1.0,0,Transient,62.0,0,0
City Hotel,1,419,2016,September,36,1,0,2,2,0.0,0,BB,PRT,Groups,TA/TO,0,0,0,A,A,0,Non Refund,1.0,0,Transient,62.0,0,0
City Hotel,1,419,2016,September,36,1,0,2,2,0.0,0,BB,PRT,Groups,TA/TO,0,0,0,A,A,0,Non Refund,1.0,0,Transient,62.0,0,0
City Hotel,1,419,2016,September,36,1,0,2,2,0.0,0,BB,PRT,Groups,TA/TO,0,0,0,A,A,0,Non Refund,1.0,0,Transient,62.0,0,0
City Hotel,1,419,2016,September,36,1,0,2,2,0.0,0,BB,PRT,Groups,TA/TO,0,0,0,A,A,0,Non Refund,1.0,0,Transient,62.0,0,0
City Hotel,1,28,2016,September,36,1,0,2,2,0.0,0,BB,ESP,Online TA,TA/TO,0,0,0,A,A,0,No Deposit,9.0,0,Transient,122.0,0,1
City Hotel,1,208,2016,September,36,1,0,1,2,0.0,0,BB,FRA,Online TA,TA/TO,0,0,0,A,A,0,No Deposit,9.0,0,Transient,96.3,0,1
City Hotel,1,419,2016,September,36,1,0,2,2,0.0,0,BB,PRT,Groups,TA/TO,0,0,0,A,A,0,Non Refund,1.0,0,Transient,62.0,0,0
City Hotel,1,419,2016,September,36,1,0,2,2,0.0,0,BB,PRT,Groups,TA/TO,0,0,0,A,A,0,Non Refund,1.0,0,Transient,62.0,0,0
City Hotel,1,419,2016,September,36,1,0,2,2,0.0,0,BB,PRT,Groups,TA/TO,0,0,0,A,A,0,Non Refund,1.0,0,Transient,62.0,0,0
City Hotel,1,419,2016,September,36,1,0,2,2,0.0,0,BB,PRT,Groups,TA/TO,0,0,0,A,A,0,Non Refund,1.0,0,Transient,62.0,0,0
City Hotel,1,419,2016,September,36,1,0,2,2,0.0,0,BB,PRT,Groups,TA/TO,0,0,0,A,A,0,Non Refund,1.0,0,Transient,62.0,0,0
City Hotel,1,419,2016,September,36,1,0,2,2,0.0,0,BB,PRT,Groups,TA/TO,0,0,0,A,A,0,Non Refund,1.0,0,Transient,62.0,0,0
City Hotel,1,419,2016,September,36,1,0,2,2,0.0,0,BB,PRT,Groups,TA/TO,0,0,0,A,A,0,Non Refund,1.0,0,Transient,62.0,0,0
City Hotel,1,419,2016,September,36,1,0,2,2,0.0,0,BB,PRT,Groups,TA/TO,0,0,0,A,A,0,Non Refund,1.0,0,Transient,62.0,0,0
City Hotel,1,419,2016,September,36,1,0,2,2,0.0,0,BB,PRT,Groups,TA/TO,0,0,0,A,A,0,Non Refund,1.0,0,Transient,62.0,0,0
City Hotel,1,419,2016,September,36,1,0,2,2,0.0,0,BB,PRT,Groups,TA/TO,0,0,0,A,A,0,Non Refund,1.0,0,Transient,62.0,0,0
City Hotel,1,419,2016,September,36,1,0,2,2,0.0,0,BB,PRT,Groups,TA/TO,0,0,0,A,A,0,Non Refund,1.0,0,Transient,62.0,0,0
City Hotel,1,28,2016,September,36,1,0,2,2,0.0,0,BB,ESP,Online TA,TA/TO,0,0,0,A,A,0,No Deposit,9.0,0,Transient,131.0,0,2
City Hotel,1,419,2016,September,36,1,0,2,2,0.0,0,BB,PRT,Groups,TA/TO,0,0,0,A,A,0,Non Refund,1.0,0,Transient,62.0,0,0
City Hotel,1,419,2016,September,36,1,0,2,2,0.0,0,BB,PRT,Groups,TA/TO,0,0,0,A,A,0,Non Refund,1.0,0,Transient,62.0,0,0
City Hotel,1,419,2016,September,36,1,0,2,2,0.0,0,BB,PRT,Groups,TA/TO,0,0,0,A,A,0,Non Refund,1.0,0,Transient,62.0,0,0
City Hotel,1,419,2016,September,36,1,0,2,2,0.0,0,BB,PRT,Groups,TA/TO,0,0,0,A,A,0,Non Refund,1.0,0,Transient,62.0,0,0
City Hotel,1,419,2016,September,36,1,0,2,2,0.0,0,BB,PRT,Groups,TA/TO,0,0,0,A,A,0,Non Refund,1.0,0,Transient,62.0,0,0
City Hotel,1,419,2016,September,36,1,0,2,2,0.0,0,BB,PRT,Groups,TA/TO,0,0,0,A,A,0,Non Refund,1.0,0,Transient,62.0,0,0
City Hotel,1,57,2016,September,36,1,0,3,2,0.0,0,BB,GBR,Online TA,TA/TO,0,0,0,D,D,0,No Deposit,9.0,0,Transient,123.3,0,1
City Hotel,1,78,2016,September,36,1,0,3,2,0.0,0,SC,CN,Online TA,TA/TO,0,0,0,A,A,0,No Deposit,9.0,0,Transient,122.1,0,0
City Hotel,1,317,2016,September,36,1,0,3,2,0.0,0,BB,PRT,Online TA,TA/TO,0,0,0,A,A,0,No Deposit,9.0,0,Contract,106.2,0,1
City Hotel,1,193,2016,September,36,1,0,3,2,0.0,0,BB,ITA,Online TA,TA/TO,0,0,0,A,A,0,No Deposit,9.0,0,Transient,108.9,0,0
City Hotel,1,109,2016,September,36,1,0,3,2,0.0,0,BB,GBR,Online TA,TA/TO,0,0,0,A,A,0,No Deposit,9.0,0,Transient,129.6,0,0
City Hotel,1,47,2016,September,36,1,0,3,2,0.0,0,BB,ESP,Online TA,TA/TO,0,0,0,D,D,1,No Deposit,9.0,0,Transient,123.3,0,2
City Hotel,1,107,2016,September,36,1,0,3,2,0.0,0,BB,PRT,Direct,Direct,0,0,0,A,A,0,No Deposit,,0,Transient,118.8,0,0
City Hotel,1,127,2016,September,36,1,1,3,2,0.0,0,BB,FRA,Online TA,TA/TO,0,0,0,D,D,0,No Deposit,9.0,0,Transient,143.1,0,0
City Hotel,1,194,2016,September,36,1,1,3,2,0.0,0,BB,DNK,Online TA,TA/TO,0,0,0,A,A,0,No Deposit,9.0,0,Transient,102.85,0,0
City Hotel,1,51,2016,September,36,1,1,3,2,0.0,0,BB,SWE,Online TA,TA/TO,0,0,0,D,D,0,No Deposit,9.0,0,Transient,123.3,0,1
City Hotel,1,100,2016,September,36,1,1,3,2,0.0,0,BB,AUT,Online TA,TA/TO,0,0,0,A,A,0,No Deposit,9.0,0,Transient,129.6,0,0
City Hotel,1,120,2016,September,36,1,1,3,2,0.0,0,SC,CN,Online TA,TA/TO,0,0,0,A,A,0,No Deposit,9.0,0,Transient,118.8,0,0
City Hotel,1,155,2016,September,36,1,2,3,2,0.0,0,HB,BEL,Online TA,TA/TO,0,0,0,A,A,0,No Deposit,9.0,0,Transient,161.1,0,0
City Hotel,0,238,2016,September,36,1,2,4,2,0.0,0,BB,BEL,Online TA,TA/TO,0,0,0,A,A,0,No Deposit,9.0,0,Transient,94.07,0,1
City Hotel,1,69,2016,September,36,1,2,6,2,0.0,0,SC,GBR,Online TA,TA/TO,0,0,0,A,A,0,No Deposit,9.0,0,Transient,123.98,0,0
City Hotel,1,69,2016,September,36,1,2,6,2,0.0,0,SC,GBR,Online TA,TA/TO,0,0,0,A,A,0,No Deposit,9.0,0,Transient,123.98,0,0
City Hotel,1,37,2016,September,36,2,0,1,2,0.0,0,SC,CHE,Online TA,TA/TO,0,0,0,A,A,0,No Deposit,9.0,0,Transient,99.0,0,1
City Hotel,1,3,2016,September,36,2,0,1,2,0.0,0,HB,PRT,Direct,Direct,0,0,0,A,A,0,No Deposit,,0,Transient,179.0,0,2
City Hotel,1,50,2016,September,36,2,0,1,2,0.0,0,SC,USA,Online TA,TA/TO,0,0,0,A,A,0,No Deposit,9.0,0,Transient,99.0,0,0
City Hotel,1,56,2016,September,36,2,0,1,2,0.0,0,SC,ITA,Online TA,TA/TO,0,0,0,A,A,0,No Deposit,9.0,0,Transient,99.0,0,0
City Hotel,1,34,2016,September,36,2,0,1,2,0.0,0,SC,CHE,Online TA,TA/TO,0,0,0,A,A,0,No Deposit,9.0,0,Transient,99.0,0,1
City Hotel,1,220,2016,September,36,2,0,2,2,0.0,0,SC,RUS,Online TA,TA/TO,0,0,0,A,A,0,No Deposit,9.0,0,Transient,85.5,0,0
City Hotel,1,89,2016,September,36,2,0,2,2,0.0,0,BB,ESP,Online TA,TA/TO,0,0,0,A,A,0,No Deposit,9.0,0,Transient,135.9,0,0
City Hotel,1,54,2016,September,36,2,0,2,2,0.0,0,BB,FRA,Online TA,TA/TO,0,0,0,D,D,0,No Deposit,9.0,0,Transient,123.3,0,1
City Hotel,1,89,2016,September,36,2,0,2,2,0.0,0,BB,ESP,Online TA,TA/TO,0,0,0,A,A,0,No Deposit,9.0,0,Transient,135.9,0,0
City Hotel,1,60,2016,September,36,2,0,2,2,0.0,0,BB,BRA,Online TA,TA/TO,0,0,0,D,D,0,No Deposit,9.0,0,Transient,123.3,0,0
City Hotel,1,60,2016,September,36,2,0,2,2,0.0,0,BB,BRA,Online TA,TA/TO,0,0,0,D,D,0,No Deposit,9.0,0,Transient,123.3,0,0
City Hotel,1,50,2016,September,36,2,1,2,2,0.0,0,BB,ITA,Online TA,TA/TO,0,0,0,D,D,0,No Deposit,9.0,0,Transient,123.3,0,1
City Hotel,1,155,2016,September,36,2,1,2,2,0.0,0,BB,GBR,Online TA,TA/TO,0,0,0,A,A,3,No Deposit,9.0,0,Transient,135.9,0,1
City Hotel,1,55,2016,September,36,2,1,2,2,0.0,0,SC,ESP,Online TA,TA/TO,0,0,0,A,A,0,No Deposit,9.0,0,Transient,108.0,0,1
City Hotel,1,226,2016,September,36,2,1,2,2,0.0,0,SC,DEU,Online TA,TA/TO,0,0,0,A,A,1,No Deposit,9.0,0,Transient,112.0,0,0
City Hotel,1,51,2016,September,36,2,1,2,2,0.0,0,BB,ITA,Online TA,TA/TO,0,0,0,D,D,0,No Deposit,9.0,0,Transient,123.3,0,0
City Hotel,1,54,2016,September,36,2,1,2,2,0.0,0,BB,HUN,Online TA,TA/TO,0,0,0,D,D,0,No Deposit,9.0,0,Transient,123.3,0,0
City Hotel,1,155,2016,September,36,2,1,2,2,0.0,0,BB,GBR,Online TA,TA/TO,0,0,0,A,A,3,No Deposit,9.0,0,Transient,126.9,0,1
City Hotel,1,241,2016,September,36,2,2,2,2,0.0,0,BB,AUS,Online TA,TA/TO,0,0,0,D,D,0,No Deposit,9.0,0,Transient,101.79,0,1
City Hotel,1,21,2016,September,36,2,2,2,2,0.0,0,BB,GBR,Online TA,TA/TO,0,0,0,D,D,0,No Deposit,9.0,0,Transient,141.0,0,1
City Hotel,1,59,2016,September,36,2,2,3,2,0.0,0,BB,CHE,Online TA,TA/TO,0,0,0,D,D,2,No Deposit,9.0,0,Transient,120.96,0,1
City Hotel,1,119,2016,September,36,2,2,3,2,0.0,0,BB,ESP,Online TA,TA/TO,0,0,0,A,A,0,No Deposit,9.0,0,Transient,131.4,0,0
City Hotel,1,179,2016,September,36,2,2,3,2,0.0,0,BB,DEU,Online TA,TA/TO,0,0,0,A,A,0,No Deposit,9.0,0,Transient,119.85,0,0
City Hotel,1,223,2016,September,36,2,4,12,2,0.0,0,SC,BEL,Online TA,TA/TO,0,0,0,A,A,0,No Deposit,9.0,0,Transient,89.73,0,1
City Hotel,1,178,2016,September,36,2,2,5,2,0.0,0,BB,ESP,Online TA,TA/TO,0,0,0,B,B,0,No Deposit,9.0,0,Transient-Party,112.01,0,0
City Hotel,1,229,2016,September,36,3,0,1,2,0.0,0,SC,DEU,Online TA,TA/TO,0,0,0,A,A,0,No Deposit,9.0,0,Transient,85.5,0,0
City Hotel,1,63,2016,September,36,3,0,1,2,0.0,0,SC,ISR,Online TA,TA/TO,0,0,0,A,A,0,No Deposit,9.0,0,Transient,99.0,0,0
City Hotel,1,10,2016,September,36,3,0,1,2,0.0,0,SC,PRT,Online TA,TA/TO,0,0,0,A,A,0,No Deposit,9.0,0,Transient,129.0,0,0
City Hotel,0,244,2016,September,36,3,0,1,2,0.0,0,SC,DEU,Online TA,TA/TO,0,0,0,A,B,1,No Deposit,9.0,0,Transient-Party,85.5,0,1
City Hotel,0,251,2016,September,36,3,0,1,2,0.0,0,BB,DEU,Online TA,TA/TO,0,0,0,A,A,0,No Deposit,9.0,0,Transient,96.3,0,1
City Hotel,0,244,2016,September,36,3,0,1,2,0.0,0,SC,DEU,Online TA,TA/TO,0,0,0,A,B,1,No Deposit,9.0,0,Transient-Party,85.5,0,1
City Hotel,1,193,2016,September,36,3,0,1,2,0.0,0,BB,USA,Online TA,TA/TO,0,0,0,A,A,1,No Deposit,9.0,0,Transient,108.9,0,1
City Hotel,1,229,2016,September,36,3,0,1,2,0.0,0,SC,DEU,Online TA,TA/TO,0,0,0,A,A,0,No Deposit,9.0,0,Transient,85.5,0,0
City Hotel,1,40,2016,September,36,3,1,1,2,0.0,0,HB,PRT,Groups,TA/TO,0,0,0,A,A,0,No Deposit,1.0,0,Transient-Party,96.0,0,0
City Hotel,1,60,2016,September,36,3,1,1,2,0.0,0,BB,SWE,Online TA,TA/TO,0,0,0,D,D,0,No Deposit,9.0,0,Transient,123.3,0,1
City Hotel,1,40,2016,September,36,3,1,1,2,0.0,0,HB,PRT,Groups,TA/TO,0,0,0,A,A,0,No Deposit,1.0,0,Transient-Party,96.0,0,0
City Hotel,1,40,2016,September,36,3,1,1,2,0.0,0,HB,PRT,Groups,TA/TO,0,0,0,A,A,0,No Deposit,1.0,0,Transient-Party,96.0,0,0
City Hotel,1,40,2016,September,36,3,1,1,2,0.0,0,HB,PRT,Groups,TA/TO,0,0,0,A,A,0,No Deposit,1.0,0,Transient-Party,96.0,0,0
City Hotel,1,40,2016,September,36,3,1,1,2,0.0,0,HB,PRT,Groups,TA/TO,0,0,0,A,A,0,No Deposit,1.0,0,Transient-Party,96.0,0,0
City Hotel,1,133,2016,September,36,3,2,1,2,0.0,0,SC,ITA,Online TA,TA/TO,0,0,0,A,A,0,No Deposit,9.0,0,Transient,118.8,0,0
City Hotel,0,250,2016,September,36,3,2,1,2,0.0,0,BB,CHE,Online TA,TA/TO,0,0,0,A,A,0,No Deposit,9.0,0,Transient,99.3,0,1
City Hotel,1,133,2016,September,36,3,2,1,2,0.0,0,SC,ITA,Online TA,TA/TO,0,0,0,A,A,0,No Deposit,9.0,0,Transient,118.8,0,0
City Hotel,1,420,2016,September,36,3,2,2,2,0.0,0,BB,PRT,Groups,TA/TO,0,0,0,A,A,0,Non Refund,35.0,0,Transient,75.0,0,0
City Hotel,1,420,2016,September,36,3,2,2,2,0.0,0,BB,PRT,Groups,TA/TO,0,0,0,A,A,0,Non Refund,35.0,0,Transient,75.0,0,0
City Hotel,1,420,2016,September,36,3,2,2,2,0.0,0,BB,PRT,Groups,TA/TO,0,0,0,A,A,0,Non Refund,35.0,0,Transient,75.0,0,0
City Hotel,1,420,2016,September,36,3,2,2,2,0.0,0,BB,PRT,Groups,TA/TO,0,0,0,A,A,0,Non Refund,35.0,0,Transient,75.0,0,0
City Hotel,1,420,2016,September,36,3,2,2,2,0.0,0,BB,PRT,Groups,TA/TO,0,0,0,A,A,0,Non Refund,35.0,0,Transient,75.0,0,0
City Hotel,1,420,2016,September,36,3,2,2,2,0.0,0,BB,PRT,Groups,TA/TO,0,0,0,A,A,0,Non Refund,35.0,0,Transient,75.0,0,0
City Hotel,1,420,2016,September,36,3,2,2,2,0.0,0,BB,PRT,Groups,TA/TO,0,0,0,A,A,0,Non Refund,35.0,0,Transient,75.0,0,0
City Hotel,1,420,2016,September,36,3,2,2,2,0.0,0,BB,PRT,Groups,TA/TO,0,0,0,A,A,0,Non Refund,35.0,0,Transient,75.0,0,0
City Hotel,1,420,2016,September,36,3,2,2,2,0.0,0,BB,PRT,Groups,TA/TO,0,0,0,A,A,0,Non Refund,35.0,0,Transient,75.0,0,0
City Hotel,1,420,2016,September,36,3,2,2,2,0.0,0,BB,PRT,Groups,TA/TO,0,0,0,A,A,0,Non Refund,35.0,0,Transient,75.0,0,0
City Hotel,1,420,2016,September,36,3,2,2,2,0.0,0,BB,PRT,Groups,TA/TO,0,0,0,A,A,0,Non Refund,35.0,0,Transient,75.0,0,0
City Hotel,1,420,2016,September,36,3,2,2,2,0.0,0,BB,PRT,Groups,TA/TO,0,0,0,A,A,0,Non Refund,35.0,0,Transient,75.0,0,0
City Hotel,1,420,2016,September,36,3,2,2,2,0.0,0,BB,PRT,Groups,TA/TO,0,0,0,A,A,0,Non Refund,35.0,0,Transient,75.0,0,0
City Hotel,1,420,2016,September,36,3,2,2,2,0.0,0,BB,PRT,Groups,TA/TO,0,0,0,A,A,0,Non Refund,35.0,0,Transient,75.0,0,0
City Hotel,1,10,2016,September,36,3,2,2,2,0.0,0,BB,FRA,Online TA,TA/TO,0,0,0,D,D,0,No Deposit,9.0,0,Transient,156.5,0,0
City Hotel,1,420,2016,September,36,3,2,2,2,0.0,0,BB,PRT,Groups,TA/TO,0,0,0,A,A,0,Non Refund,35.0,0,Transient,75.0,0,0
City Hotel,1,420,2016,September,36,3,2,2,2,0.0,0,BB,PRT,Groups,TA/TO,0,0,0,A,A,0,Non Refund,35.0,0,Transient,75.0,0,0
City Hotel,1,420,2016,September,36,3,2,2,2,0.0,0,BB,PRT,Groups,TA/TO,0,0,0,A,A,0,Non Refund,35.0,0,Transient,75.0,0,0
City Hotel,1,420,2016,September,36,3,2,2,2,0.0,0,BB,PRT,Groups,TA/TO,0,0,0,A,A,0,Non Refund,35.0,0,Transient,75.0,0,0
City Hotel,1,420,2016,September,36,3,2,2,2,0.0,0,BB,PRT,Groups,TA/TO,0,0,0,A,A,0,Non Refund,35.0,0,Transient,75.0,0,0
City Hotel,1,420,2016,September,36,3,2,2,2,0.0,0,BB,PRT,Groups,TA/TO,0,0,0,A,A,0,Non Refund,35.0,0,Transient,75.0,0,0
City Hotel,1,420,2016,September,36,3,2,2,2,0.0,0,BB,PRT,Groups,TA/TO,0,0,0,A,A,0,Non Refund,35.0,0,Transient,75.0,0,0
City Hotel,1,240,2016,September,36,3,2,2,2,0.0,0,BB,NLD,Online TA,TA/TO,0,0,0,A,A,0,No Deposit,9.0,0,Transient,95.63,0,1
City Hotel,1,420,2016,September,36,3,2,2,2,0.0,0,BB,PRT,Groups,TA/TO,0,0,0,A,A,0,Non Refund,35.0,0,Transient,75.0,0,0
City Hotel,1,420,2016,September,36,3,2,2,2,0.0,0,BB,PRT,Groups,TA/TO,0,0,0,A,A,0,Non Refund,35.0,0,Transient,75.0,0,0
City Hotel,1,420,2016,September,36,3,2,2,2,0.0,0,BB,PRT,Groups,TA/TO,0,0,0,A,A,0,Non Refund,35.0,0,Transient,75.0,0,0
City Hotel,1,420,2016,September,36,3,2,2,2,0.0,0,BB,PRT,Groups,TA/TO,0,0,0,A,A,0,Non Refund,35.0,0,Transient,75.0,0,0
City Hotel,1,420,2016,September,36,3,2,2,2,0.0,0,BB,PRT,Groups,TA/TO,0,0,0,A,A,0,Non Refund,35.0,0,Transient,75.0,0,0
City Hotel,1,62,2016,September,36,3,2,2,2,0.0,0,BB,AUT,Online TA,TA/TO,0,0,0,A,A,0,No Deposit,9.0,0,Transient,106.88,0,0
City Hotel,1,420,2016,September,36,3,2,2,2,0.0,0,BB,PRT,Groups,TA/TO,0,0,0,A,A,0,Non Refund,35.0,0,Transient,75.0,0,0
City Hotel,1,420,2016,September,36,3,2,2,2,0.0,0,BB,PRT,Groups,TA/TO,0,0,0,A,A,0,Non Refund,35.0,0,Transient,75.0,0,0
City Hotel,1,51,2016,September,36,3,2,2,2,0.0,0,BB,CN,Online TA,TA/TO,0,0,0,D,D,0,No Deposit,9.0,0,Transient,139.28,0,0
City Hotel,1,78,2016,September,36,3,2,3,2,0.0,0,BB,FRA,Online TA,TA/TO,0,0,0,A,A,0,No Deposit,9.0,0,Transient,135.9,0,0
City Hotel,1,420,2016,September,36,3,2,2,2,0.0,0,BB,PRT,Groups,TA/TO,0,0,0,A,A,0,Non Refund,35.0,0,Transient,75.0,0,0
City Hotel,1,420,2016,September,36,3,2,2,2,0.0,0,BB,PRT,Groups,TA/TO,0,0,0,A,A,0,Non Refund,35.0,0,Transient,75.0,0,0
City Hotel,1,70,2016,September,36,3,2,4,2,0.0,0,HB,FRA,Online TA,TA/TO,0,0,0,A,A,0,No Deposit,9.0,0,Transient,170.1,0,0
City Hotel,1,224,2016,September,36,3,2,4,2,0.0,0,BB,BRA,Online TA,TA/TO,0,0,0,A,A,2,No Deposit,9.0,0,Transient,97.18,0,1
City Hotel,1,167,2016,September,36,3,2,5,2,0.0,0,BB,FRA,Online TA,TA/TO,0,0,0,A,A,0,No Deposit,9.0,0,Transient,119.85,0,0
City Hotel,0,251,2016,September,36,3,2,5,2,0.0,0,BB,SWE,Online TA,TA/TO,0,0,0,D,D,0,No Deposit,9.0,0,Transient,105.64,0,1
City Hotel,1,196,2016,September,36,3,2,6,2,0.0,0,BB,NLD,Online TA,TA/TO,0,0,0,D,D,0,No Deposit,9.0,0,Transient,121.98,0,0
City Hotel,1,195,2016,September,36,3,2,6,2,0.0,0,BB,CHE,Online TA,TA/TO,0,0,0,A,A,0,No Deposit,8.0,0,Transient,109.23,0,0
City Hotel,1,167,2016,September,36,3,4,10,2,0.0,0,BB,NOR,Online TA,TA/TO,0,0,0,A,A,0,No Deposit,9.0,0,Transient,119.85,0,0
City Hotel,1,52,2016,September,37,4,1,0,2,0.0,0,BB,CHN,Online TA,TA/TO,0,0,0,A,A,0,No Deposit,9.0,0,Transient,98.82,0,0
City Hotel,1,62,2016,September,37,4,1,0,2,0.0,0,BB,DEU,Online TA,TA/TO,0,0,0,A,A,0,No Deposit,9.0,0,Transient,109.8,0,0
City Hotel,1,18,2016,September,37,4,1,0,2,0.0,0,SC,BEL,Online TA,TA/TO,0,0,0,A,A,0,No Deposit,9.0,0,Transient,118.0,0,0
City Hotel,1,18,2016,September,37,4,1,0,2,0.0,0,SC,BEL,Online TA,TA/TO,0,0,0,A,A,0,No Deposit,9.0,0,Transient,118.0,0,0
City Hotel,1,0,2016,September,37,4,1,0,2,0.0,0,BB,PRT,Direct,Direct,0,0,0,A,A,0,No Deposit,,0,Transient,89.0,0,0
City Hotel,1,62,2016,September,37,4,1,0,2,0.0,0,SC,DEU,Online TA,TA/TO,0,0,0,A,A,0,No Deposit,9.0,0,Transient,99.0,0,0
City Hotel,1,30,2016,September,37,4,2,0,2,0.0,0,BB,CHN,Online TA,TA/TO,0,0,0,D,D,0,No Deposit,9.0,0,Transient,110.97,0,0
City Hotel,1,29,2016,September,37,4,2,0,2,0.0,0,BB,USA,Online TA,TA/TO,0,0,0,D,D,0,No Deposit,9.0,0,Transient,130.15,0,1
City Hotel,1,12,2016,September,37,4,2,0,2,0.0,0,BB,USA,Online TA,TA/TO,0,0,0,D,D,0,No Deposit,9.0,0,Transient,154.0,0,0
City Hotel,1,153,2016,September,37,4,2,0,2,0.0,0,SC,ITA,Online TA,TA/TO,0,0,0,A,A,0,No Deposit,9.0,0,Transient,116.1,0,0
City Hotel,1,36,2016,September,37,4,2,1,2,0.0,0,BB,IRL,Online TA,TA/TO,0,0,0,D,D,2,No Deposit,9.0,0,Transient,123.97,0,1
City Hotel,1,57,2016,September,37,4,2,2,2,0.0,0,BB,SWE,Online TA,TA/TO,0,0,0,D,D,0,No Deposit,9.0,0,Transient,117.45,0,2
City Hotel,1,62,2016,September,37,4,2,2,2,0.0,0,BB,USA,Online TA,TA/TO,0,0,0,B,B,1,No Deposit,9.0,0,Transient,96.23,0,0
City Hotel,1,174,2016,September,37,4,2,2,2,0.0,0,SC,BEL,Online TA,TA/TO,0,0,0,A,A,0,No Deposit,9.0,0,Transient,109.65,0,0
City Hotel,1,164,2016,September,37,4,2,2,2,0.0,0,SC,GBR,Online TA,TA/TO,0,0,0,A,A,0,No Deposit,9.0,0,Transient,116.1,0,0
City Hotel,1,69,2016,September,37,4,2,3,2,0.0,0,BB,POL,Online TA,TA/TO,0,0,0,A,A,0,No Deposit,9.0,0,Transient,135.9,0,1
City Hotel,1,184,2016,September,37,4,2,3,2,0.0,0,HB,FRA,Online TA,TA/TO,0,0,0,A,A,2,No Deposit,9.0,0,Transient,152.15,0,0
City Hotel,1,4,2016,September,37,4,2,3,2,0.0,0,BB,BEL,Online TA,TA/TO,0,0,0,A,A,0,No Deposit,9.0,0,Transient,169.0,0,2
City Hotel,1,67,2016,September,37,4,2,3,2,0.0,0,BB,POL,Online TA,TA/TO,0,0,0,D,D,0,No Deposit,9.0,0,Transient,119.16,0,0
City Hotel,1,58,2016,September,37,4,2,4,2,0.0,0,BB,POL,Online TA,TA/TO,0,0,0,D,D,0,No Deposit,9.0,0,Transient,128.1,0,1
City Hotel,1,53,2016,September,37,4,2,5,2,0.0,0,BB,GBR,Online TA,TA/TO,0,0,0,D,D,0,No Deposit,9.0,0,Transient,131.14,0,0
City Hotel,1,88,2016,September,37,4,2,4,2,0.0,0,BB,PRT,Online TA,TA/TO,0,0,0,D,D,0,No Deposit,8.0,0,Transient,149.4,0,0
City Hotel,1,65,2016,September,37,4,2,5,2,0.0,0,BB,ITA,Direct,Direct,0,0,0,A,A,0,No Deposit,14.0,0,Transient,106.84,0,0
City Hotel,1,69,2016,September,37,4,2,5,2,0.0,0,BB,ISR,Online TA,TA/TO,0,0,0,D,D,0,No Deposit,9.0,0,Transient,149.4,0,1
City Hotel,1,64,2016,September,37,4,2,5,2,0.0,0,BB,ISR,Online TA,TA/TO,0,0,0,D,D,0,No Deposit,9.0,0,Transient,131.14,0,0
City Hotel,1,34,2016,September,37,4,3,5,2,0.0,0,BB,CN,Direct,Direct,0,0,0,G,G,0,No Deposit,14.0,0,Transient,211.86,0,0
City Hotel,1,196,2016,September,37,4,4,6,2,0.0,0,SC,AUS,Online TA,TA/TO,0,0,0,A,A,0,No Deposit,9.0,0,Transient,102.85,0,0
City Hotel,1,1,2016,September,37,5,0,0,2,0.0,0,BB,PRT,Complementary,Direct,0,0,0,A,A,0,No Deposit,,0,Transient,0.0,0,0
City Hotel,1,23,2016,September,37,5,1,0,2,0.0,0,BB,PRT,Online TA,TA/TO,0,0,0,A,A,0,No Deposit,7.0,0,Transient,93.94,0,0
City Hotel,1,4,2016,September,37,5,1,1,2,0.0,0,SC,KOR,Online TA,TA/TO,0,0,0,A,A,0,No Deposit,9.0,0,Transient,149.0,0,0
City Hotel,1,11,2016,September,37,5,1,1,2,0.0,0,BB,USA,Online TA,TA/TO,0,0,0,D,D,0,No Deposit,9.0,0,Transient,154.0,0,0
City Hotel,1,19,2016,September,37,5,1,1,2,0.0,0,BB,COL,Online TA,TA/TO,0,0,0,D,D,0,No Deposit,9.0,0,Transient,145.0,0,1
City Hotel,1,4,2016,September,37,5,1,1,2,0.0,0,SC,KOR,Online TA,TA/TO,0,0,0,A,A,0,No Deposit,9.0,0,Transient,149.0,0,0
City Hotel,1,65,2016,September,37,5,1,2,2,0.0,0,SC,FRA,Online TA,TA/TO,0,0,0,A,A,0,No Deposit,9.0,0,Transient,91.2,0,0
City Hotel,1,64,2016,September,37,5,1,2,2,0.0,0,SC,HUN,Online TA,TA/TO,0,0,0,A,A,0,No Deposit,9.0,0,Transient,91.2,0,0
City Hotel,1,11,2016,September,37,5,1,2,2,0.0,0,SC,ESP,Online TA,TA/TO,0,0,0,A,A,0,No Deposit,9.0,0,Transient,119.0,0,0
City Hotel,1,67,2016,September,37,5,1,2,2,0.0,0,SC,BRA,Online TA,TA/TO,0,0,0,A,A,0,No Deposit,9.0,0,Transient,91.2,0,1
City Hotel,1,45,2016,September,37,5,1,2,2,0.0,0,HB,FRA,Online TA,TA/TO,0,0,0,A,A,0,No Deposit,9.0,0,Transient,145.2,0,1
City Hotel,1,12,2016,September,37,5,1,2,2,0.0,0,BB,PRT,Online TA,TA/TO,0,0,0,D,D,0,No Deposit,7.0,0,Transient,154.0,0,0
City Hotel,1,100,2016,September,37,5,1,3,2,0.0,0,SC,PRT,Online TA,TA/TO,0,0,0,A,A,0,No Deposit,7.0,0,Transient,91.51,0,1
City Hotel,1,123,2016,September,37,5,1,3,2,0.0,0,SC,DEU,Online TA,TA/TO,0,0,0,A,A,0,No Deposit,9.0,0,Transient,118.8,0,1
City Hotel,1,107,2016,September,37,5,1,3,2,0.0,0,SC,VEN,Online TA,TA/TO,0,0,0,A,A,0,No Deposit,9.0,0,Transient,118.8,0,1
City Hotel,1,232,2016,September,37,5,1,3,2,0.0,0,BB,BEL,Online TA,TA/TO,0,0,0,A,A,0,No Deposit,9.0,0,Transient,100.3,0,0
City Hotel,1,26,2016,September,37,5,1,3,2,0.0,0,BB,PRT,Online TA,TA/TO,0,0,0,A,A,0,No Deposit,157.0,0,Transient,127.2,0,0
City Hotel,1,107,2016,September,37,5,1,3,2,0.0,0,SC,VEN,Online TA,TA/TO,0,0,0,A,A,0,No Deposit,9.0,0,Transient,118.8,0,1
City Hotel,1,107,2016,September,37,5,1,3,2,0.0,0,SC,VEN,Online TA,TA/TO,0,0,0,A,A,0,No Deposit,9.0,0,Transient,118.8,0,1
City Hotel,1,37,2016,September,37,5,1,4,2,0.0,0,BB,PRT,Groups,TA/TO,0,0,0,A,A,0,No Deposit,86.0,0,Transient-Party,95.0,0,0
City Hotel,1,81,2016,September,37,5,1,4,2,0.0,0,BB,PRT,Offline TA/TO,TA/TO,0,0,0,A,A,0,No Deposit,86.0,0,Transient-Party,95.0,0,0
City Hotel,1,60,2016,September,37,5,1,5,2,0.0,0,BB,ITA,Online TA,TA/TO,0,0,0,D,D,0,No Deposit,9.0,0,Transient,132.45,0,1
City Hotel,1,60,2016,September,37,5,1,3,2,0.0,0,BB,HRV,Online TA,TA/TO,0,0,0,D,D,0,No Deposit,9.0,0,Transient,123.98,0,1
City Hotel,1,277,2016,September,37,5,2,5,2,0.0,0,BB,PRT,Offline TA/TO,TA/TO,0,0,0,A,A,0,No Deposit,21.0,0,Transient-Party,80.0,0,0
City Hotel,1,277,2016,September,37,5,2,5,2,0.0,0,BB,PRT,Offline TA/TO,TA/TO,0,0,0,A,A,0,No Deposit,21.0,0,Transient-Party,80.0,0,0
City Hotel,1,277,2016,September,37,5,2,5,2,0.0,0,BB,PRT,Offline TA/TO,TA/TO,0,0,0,A,A,0,No Deposit,21.0,0,Transient-Party,80.0,0,0
City Hotel,1,277,2016,September,37,5,2,5,2,0.0,0,BB,PRT,Offline TA/TO,TA/TO,0,0,0,A,A,0,No Deposit,21.0,0,Transient-Party,80.0,0,0
City Hotel,1,277,2016,September,37,5,2,5,2,0.0,0,BB,PRT,Offline TA/TO,TA/TO,0,0,0,A,A,0,No Deposit,21.0,0,Transient-Party,80.0,0,0
City Hotel,1,5,2016,September,37,6,0,1,2,0.0,0,SC,CHN,Online TA,TA/TO,0,0,0,A,A,0,No Deposit,9.0,0,Transient,134.1,0,0
City Hotel,1,67,2016,September,37,6,0,2,2,0.0,0,BB,ESP,Online TA,TA/TO,0,0,0,A,A,0,No Deposit,9.0,0,Transient,98.1,0,1
City Hotel,1,22,2016,September,37,6,0,2,2,0.0,0,SC,ESP,Online TA,TA/TO,0,0,0,A,A,0,No Deposit,9.0,0,Transient,118.0,0,1
City Hotel,1,61,2016,September,37,6,0,2,2,0.0,0,BB,ESP,Online TA,TA/TO,0,0,0,D,D,0,No Deposit,9.0,0,Transient,120.6,0,1
City Hotel,1,49,2016,September,37,6,0,3,2,0.0,0,SC,CHN,Online TA,TA/TO,0,0,0,A,A,0,No Deposit,9.0,0,Transient,89.91,0,0
City Hotel,0,249,2016,September,37,6,0,3,2,0.0,0,BB,PRT,Direct,Direct,0,0,0,A,A,3,No Deposit,14.0,0,Transient,108.1,1,1
City Hotel,1,49,2016,September,37,6,0,3,2,0.0,0,BB,DEU,Online TA,TA/TO,0,0,0,A,A,0,No Deposit,9.0,0,Transient,110.7,0,0
City Hotel,1,71,2016,September,37,6,0,3,2,0.0,0,BB,GBR,Online TA,TA/TO,0,0,0,A,A,0,No Deposit,9.0,0,Transient,135.9,0,0
City Hotel,1,57,2016,September,37,6,0,3,2,0.0,0,BB,BEL,Online TA,TA/TO,0,0,0,D,D,0,No Deposit,9.0,0,Transient,124.2,0,0
City Hotel,1,230,2016,September,37,6,0,5,2,0.0,0,HB,PRT,Offline TA/TO,TA/TO,0,0,0,A,A,0,No Deposit,44.0,0,Transient-Party,137.0,0,0
City Hotel,1,230,2016,September,37,6,0,5,2,0.0,0,HB,PRT,Offline TA/TO,TA/TO,0,0,0,A,A,0,No Deposit,44.0,0,Transient-Party,137.0,0,0
City Hotel,1,230,2016,September,37,6,0,5,2,0.0,0,HB,PRT,Offline TA/TO,TA/TO,0,0,0,A,A,0,No Deposit,44.0,0,Transient-Party,137.0,0,0
City Hotel,1,230,2016,September,37,6,0,5,2,0.0,0,HB,PRT,Offline TA/TO,TA/TO,0,0,0,A,A,0,No Deposit,44.0,0,Transient-Party,137.0,0,0
City Hotel,1,230,2016,September,37,6,0,5,2,0.0,0,HB,PRT,Offline TA/TO,TA/TO,0,0,0,A,A,0,No Deposit,44.0,0,Transient-Party,137.0,0,0
City Hotel,1,230,2016,September,37,6,0,5,2,0.0,0,HB,PRT,Offline TA/TO,TA/TO,0,0,0,A,A,0,No Deposit,44.0,0,Transient-Party,137.0,0,0
City Hotel,1,230,2016,September,37,6,0,5,2,0.0,0,HB,PRT,Offline TA/TO,TA/TO,0,0,0,A,A,0,No Deposit,44.0,0,Transient-Party,137.0,0,0
City Hotel,1,230,2016,September,37,6,0,5,2,0.0,0,HB,PRT,Offline TA/TO,TA/TO,0,0,0,A,A,0,No Deposit,44.0,0,Transient-Party,137.0,0,0
City Hotel,1,64,2016,September,37,6,1,5,2,0.0,0,BB,FRA,Online TA,TA/TO,0,0,0,D,D,0,No Deposit,9.0,0,Transient,136.8,0,0
City Hotel,1,66,2016,September,37,6,2,5,2,0.0,0,BB,ESP,Online TA,TA/TO,0,0,0,D,D,0,No Deposit,9.0,0,Transient,138.6,0,0
City Hotel,1,68,2016,September,37,7,0,1,2,0.0,0,SC,ITA,Online TA,TA/TO,0,0,0,A,A,0,No Deposit,9.0,0,Transient,87.3,0,1
City Hotel,1,57,2016,September,37,7,0,1,2,0.0,0,SC,USA,Online TA,TA/TO,0,0,0,A,A,0,No Deposit,9.0,0,Transient,87.3,0,3
City Hotel,1,174,2016,September,37,7,0,1,2,0.0,0,BB,BEL,Online TA,TA/TO,0,0,0,A,A,0,No Deposit,9.0,0,Transient,126.9,0,2
City Hotel,1,30,2016,September,37,7,0,1,2,0.0,0,BB,BRA,Online TA,TA/TO,0,0,0,A,A,0,No Deposit,9.0,0,Transient,109.0,0,3
City Hotel,1,13,2016,September,37,7,0,1,2,0.0,0,SC,POL,Online TA,TA/TO,0,0,0,A,A,0,No Deposit,9.0,0,Transient,119.0,0,0
City Hotel,1,140,2016,September,37,7,0,2,2,0.0,0,SC,IRL,Online TA,TA/TO,0,0,0,A,A,0,No Deposit,9.0,0,Transient,116.1,0,0
City Hotel,1,163,2016,September,37,7,0,2,2,0.0,0,SC,FRA,Online TA,TA/TO,0,0,0,A,A,0,No Deposit,9.0,0,Transient,116.1,0,0
City Hotel,1,65,2016,September,37,7,0,3,2,0.0,0,BB,BRA,Online TA,TA/TO,0,0,0,D,D,0,No Deposit,9.0,0,Transient,136.8,0,0
City Hotel,1,65,2016,September,37,7,0,3,2,0.0,0,BB,BRA,Online TA,TA/TO,0,0,0,D,D,0,No Deposit,9.0,0,Transient,136.8,0,0
City Hotel,1,249,2016,September,37,7,0,3,2,0.0,0,BB,EST,Online TA,TA/TO,0,0,0,A,A,6,No Deposit,9.0,0,Transient,126.9,0,1
City Hotel,1,90,2016,September,37,7,0,4,2,0.0,0,BB,GBR,Online TA,TA/TO,0,0,0,D,D,0,No Deposit,9.0,0,Transient,149.4,0,0
City Hotel,1,113,2016,September,37,7,1,4,2,0.0,0,BB,PRT,Offline TA/TO,TA/TO,0,0,0,A,A,0,No Deposit,6.0,0,Transient,118.8,0,0
City Hotel,1,258,2016,September,37,8,0,1,2,0.0,0,BB,PRT,Groups,TA/TO,0,0,0,A,A,0,Non Refund,1.0,41,Transient,65.0,0,0
City Hotel,1,258,2016,September,37,8,0,1,2,0.0,0,BB,PRT,Groups,TA/TO,0,0,0,A,A,0,Non Refund,1.0,41,Transient,65.0,0,0
City Hotel,1,112,2016,September,37,8,0,1,2,0.0,0,BB,FRA,Online TA,TA/TO,0,0,0,A,A,0,No Deposit,9.0,0,Transient,129.6,0,0
City Hotel,1,258,2016,September,37,8,0,1,2,0.0,0,BB,PRT,Groups,TA/TO,0,0,0,A,A,0,Non Refund,1.0,41,Transient,65.0,0,0
City Hotel,1,258,2016,September,37,8,0,1,2,0.0,0,BB,PRT,Groups,TA/TO,0,0,0,A,A,0,Non Refund,1.0,41,Transient,65.0,0,0
City Hotel,1,258,2016,September,37,8,0,1,2,0.0,0,BB,PRT,Groups,TA/TO,0,0,0,A,A,0,Non Refund,1.0,41,Transient,65.0,0,0
City Hotel,1,258,2016,September,37,8,0,1,2,0.0,0,BB,PRT,Groups,TA/TO,0,0,0,A,A,0,Non Refund,1.0,41,Transient,65.0,0,0
City Hotel,1,258,2016,September,37,8,0,1,2,0.0,0,BB,PRT,Groups,TA/TO,0,0,0,A,A,0,Non Refund,1.0,41,Transient,65.0,0,0
City Hotel,1,258,2016,September,37,8,0,1,2,0.0,0,BB,PRT,Groups,TA/TO,0,0,0,A,A,0,Non Refund,1.0,41,Transient,65.0,0,0
City Hotel,1,258,2016,September,37,8,0,1,2,0.0,0,BB,PRT,Groups,TA/TO,0,0,0,A,A,0,Non Refund,1.0,41,Transient,65.0,0,0
City Hotel,1,258,2016,September,37,8,0,1,2,0.0,0,BB,PRT,Groups,TA/TO,0,0,0,A,A,0,Non Refund,1.0,41,Transient,65.0,0,0
City Hotel,1,23,2016,September,37,8,0,1,2,0.0,0,SC,PRT,Online TA,TA/TO,0,0,0,A,A,0,No Deposit,9.0,0,Transient,118.0,0,0
City Hotel,1,258,2016,September,37,8,0,1,2,0.0,0,BB,PRT,Groups,TA/TO,0,0,0,A,A,0,Non Refund,1.0,41,Transient,65.0,0,0
City Hotel,1,258,2016,September,37,8,0,1,2,0.0,0,BB,PRT,Groups,TA/TO,0,0,0,A,A,0,Non Refund,1.0,41,Transient,65.0,0,0
City Hotel,1,258,2016,September,37,8,0,1,2,0.0,0,BB,PRT,Groups,TA/TO,0,0,0,A,A,0,Non Refund,1.0,41,Transient,65.0,0,0
City Hotel,1,258,2016,September,37,8,0,1,2,0.0,0,BB,PRT,Groups,TA/TO,0,0,0,A,A,0,Non Refund,1.0,41,Transient,65.0,0,0
City Hotel,1,258,2016,September,37,8,0,1,2,0.0,0,BB,PRT,Groups,TA/TO,0,0,0,A,A,0,Non Refund,1.0,41,Transient,65.0,0,0
City Hotel,1,58,2016,September,37,8,0,1,2,0.0,0,SC,NLD,Online TA,TA/TO,0,0,0,A,A,0,No Deposit,9.0,0,Transient,125.1,0,0
City Hotel,1,426,2016,September,37,8,0,2,2,0.0,0,BB,PRT,Groups,TA/TO,0,0,0,A,A,0,Non Refund,1.0,0,Transient,62.0,0,0
City Hotel,1,426,2016,September,37,8,0,2,2,0.0,0,BB,PRT,Groups,TA/TO,0,0,0,A,A,0,Non Refund,1.0,0,Transient,62.0,0,0
City Hotel,1,426,2016,September,37,8,0,2,2,0.0,0,BB,PRT,Groups,TA/TO,0,0,0,A,A,0,Non Refund,1.0,0,Transient,62.0,0,0
City Hotel,1,426,2016,September,37,8,0,2,2,0.0,0,BB,PRT,Groups,TA/TO,0,0,0,A,A,0,Non Refund,1.0,0,Transient,62.0,0,0
City Hotel,1,426,2016,September,37,8,0,2,2,0.0,0,BB,PRT,Groups,TA/TO,0,0,0,A,A,0,Non Refund,1.0,0,Transient,62.0,0,0
City Hotel,1,426,2016,September,37,8,0,2,2,0.0,0,BB,PRT,Groups,TA/TO,0,0,0,A,A,0,Non Refund,1.0,0,Transient,62.0,0,0
City Hotel,1,426,2016,September,37,8,0,2,2,0.0,0,BB,PRT,Groups,TA/TO,0,0,0,A,A,0,Non Refund,1.0,0,Transient,62.0,0,0
City Hotel,1,426,2016,September,37,8,0,2,2,0.0,0,BB,PRT,Groups,TA/TO,0,0,0,A,A,0,Non Refund,1.0,0,Transient,62.0,0,0
City Hotel,1,426,2016,September,37,8,0,2,2,0.0,0,BB,PRT,Groups,TA/TO,0,0,0,A,A,0,Non Refund,1.0,0,Transient,62.0,0,0
City Hotel,1,426,2016,September,37,8,0,2,2,0.0,0,BB,PRT,Groups,TA/TO,0,0,0,A,A,0,Non Refund,1.0,0,Transient,62.0,0,0
City Hotel,1,426,2016,September,37,8,0,2,2,0.0,0,BB,PRT,Groups,TA/TO,0,0,0,A,A,0,Non Refund,1.0,0,Transient,62.0,0,0
City Hotel,1,426,2016,September,37,8,0,2,2,0.0,0,BB,PRT,Groups,TA/TO,0,0,0,A,A,0,Non Refund,1.0,0,Transient,62.0,0,0
City Hotel,1,426,2016,September,37,8,0,2,2,0.0,0,BB,PRT,Groups,TA/TO,0,0,0,A,A,0,Non Refund,1.0,0,Transient,62.0,0,0
City Hotel,1,426,2016,September,37,8,0,2,2,0.0,0,BB,PRT,Groups,TA/TO,0,0,0,A,A,0,Non Refund,1.0,0,Transient,62.0,0,0
City Hotel,1,426,2016,September,37,8,0,2,2,0.0,0,BB,PRT,Groups,TA/TO,0,0,0,A,A,0,Non Refund,1.0,0,Transient,62.0,0,0
City Hotel,1,426,2016,September,37,8,0,2,2,0.0,0,BB,PRT,Groups,TA/TO,0,0,0,A,A,0,Non Refund,1.0,0,Transient,62.0,0,0
City Hotel,1,426,2016,September,37,8,0,2,2,0.0,0,BB,PRT,Groups,TA/TO,0,0,0,A,A,0,Non Refund,1.0,0,Transient,62.0,0,0
City Hotel,1,426,2016,September,37,8,0,2,2,0.0,0,BB,PRT,Groups,TA/TO,0,0,0,A,A,0,Non Refund,1.0,0,Transient,62.0,0,0
City Hotel,1,426,2016,September,37,8,0,2,2,0.0,0,BB,PRT,Groups,TA/TO,0,0,0,A,A,0,Non Refund,1.0,0,Transient,62.0,0,0
City Hotel,1,426,2016,September,37,8,0,2,2,0.0,0,BB,PRT,Groups,TA/TO,0,0,0,A,A,0,Non Refund,1.0,0,Transient,62.0,0,0
City Hotel,1,25,2016,September,37,8,0,2,2,0.0,0,SC,PRT,Online TA,TA/TO,0,0,0,A,A,0,No Deposit,9.0,0,Transient,139.0,0,0
City Hotel,1,426,2016,September,37,8,0,2,2,0.0,0,BB,PRT,Groups,TA/TO,0,0,0,A,A,0,Non Refund,1.0,0,Transient,62.0,0,0
City Hotel,1,426,2016,September,37,8,0,2,2,0.0,0,BB,PRT,Groups,TA/TO,0,0,0,A,A,0,Non Refund,1.0,0,Transient,62.0,0,0
City Hotel,1,426,2016,September,37,8,0,2,2,0.0,0,BB,PRT,Groups,TA/TO,0,0,0,A,A,0,Non Refund,1.0,0,Transient,62.0,0,0
City Hotel,1,426,2016,September,37,8,0,2,2,0.0,0,BB,PRT,Groups,TA/TO,0,0,0,A,A,0,Non Refund,1.0,0,Transient,62.0,0,0
City Hotel,1,426,2016,September,37,8,0,2,2,0.0,0,BB,PRT,Groups,TA/TO,0,0,0,A,A,0,Non Refund,1.0,0,Transient,62.0,0,0
City Hotel,1,426,2016,September,37,8,0,2,2,0.0,0,BB,PRT,Groups,TA/TO,0,0,0,A,A,0,Non Refund,1.0,0,Transient,62.0,0,0
City Hotel,1,426,2016,September,37,8,0,2,2,0.0,0,BB,PRT,Groups,TA/TO,0,0,0,A,A,0,Non Refund,1.0,0,Transient,62.0,0,0
City Hotel,1,426,2016,September,37,8,0,2,2,0.0,0,BB,PRT,Groups,TA/TO,0,0,0,A,A,0,Non Refund,1.0,0,Transient,62.0,0,0
City Hotel,1,426,2016,September,37,8,0,2,2,0.0,0,BB,PRT,Groups,TA/TO,0,0,0,A,A,0,Non Refund,1.0,0,Transient,62.0,0,0
City Hotel,1,426,2016,September,37,8,0,2,2,0.0,0,BB,PRT,Groups,TA/TO,0,0,0,A,A,0,Non Refund,1.0,0,Transient,62.0,0,0
City Hotel,1,81,2016,September,37,8,0,3,2,0.0,0,BB,FRA,Online TA,TA/TO,0,0,0,D,D,0,No Deposit,9.0,0,Transient,149.4,0,1
City Hotel,1,433,2016,September,37,8,0,3,2,0.0,0,BB,PRT,Offline TA/TO,TA/TO,0,0,0,A,A,0,Non Refund,3.0,0,Transient,70.0,0,0
City Hotel,1,433,2016,September,37,8,0,3,2,0.0,0,BB,PRT,Offline TA/TO,TA/TO,0,0,0,A,A,0,Non Refund,3.0,0,Transient,70.0,0,0
City Hotel,1,433,2016,September,37,8,0,3,2,0.0,0,BB,PRT,Offline TA/TO,TA/TO,0,0,0,A,A,0,Non Refund,3.0,0,Transient,70.0,0,0
City Hotel,1,433,2016,September,37,8,0,3,2,0.0,0,BB,PRT,Offline TA/TO,TA/TO,0,0,0,A,A,0,Non Refund,3.0,0,Transient,70.0,0,0
City Hotel,1,28,2016,September,37,8,0,3,2,0.0,0,BB,MAR,Direct,Direct,0,0,0,E,E,0,No Deposit,14.0,0,Transient,158.95,0,0
City Hotel,1,163,2016,September,37,8,0,3,2,0.0,0,BB,PRT,Offline TA/TO,TA/TO,0,0,0,A,A,0,No Deposit,44.0,0,Transient-Party,110.0,0,0
City Hotel,1,433,2016,September,37,8,0,3,2,0.0,0,BB,PRT,Offline TA/TO,TA/TO,0,0,0,A,A,0,Non Refund,3.0,0,Transient,70.0,0,0
City Hotel,1,433,2016,September,37,8,0,3,2,0.0,0,BB,PRT,Offline TA/TO,TA/TO,0,0,0,A,A,0,Non Refund,3.0,0,Transient,70.0,0,0
City Hotel,1,126,2016,September,37,8,0,3,2,0.0,0,SC,IRL,Online TA,TA/TO,0,0,0,A,A,0,No Deposit,9.0,0,Transient,118.8,0,0
City Hotel,1,433,2016,September,37,8,0,3,2,0.0,0,BB,PRT,Offline TA/TO,TA/TO,0,0,0,A,A,0,Non Refund,3.0,0,Transient,70.0,0,0
City Hotel,1,433,2016,September,37,8,0,3,2,0.0,0,BB,PRT,Offline TA/TO,TA/TO,0,0,0,A,A,0,Non Refund,3.0,0,Transient,70.0,0,0
City Hotel,1,183,2016,September,37,8,0,3,2,0.0,0,BB,PRT,Offline TA/TO,TA/TO,0,0,0,A,A,0,No Deposit,44.0,0,Transient-Party,110.0,0,0
City Hotel,1,433,2016,September,37,8,0,3,2,0.0,0,BB,PRT,Offline TA/TO,TA/TO,0,0,0,A,A,0,Non Refund,3.0,0,Transient,70.0,0,0
City Hotel,1,190,2016,September,37,8,0,3,2,0.0,0,HB,FRA,Online TA,TA/TO,0,0,0,A,A,4,No Deposit,9.0,0,Transient,165.6,0,0
City Hotel,1,129,2016,September,37,8,0,3,2,0.0,0,SC,IRL,Online TA,TA/TO,0,0,0,A,A,0,No Deposit,9.0,0,Transient,118.8,0,0
City Hotel,1,433,2016,September,37,8,0,3,2,0.0,0,BB,PRT,Offline TA/TO,TA/TO,0,0,0,A,A,0,Non Refund,3.0,0,Transient,70.0,0,0
City Hotel,1,163,2016,September,37,8,0,3,2,0.0,0,BB,PRT,Offline TA/TO,TA/TO,0,0,0,A,A,0,No Deposit,44.0,0,Transient-Party,110.0,0,0
City Hotel,1,163,2016,September,37,8,0,3,2,0.0,0,BB,PRT,Offline TA/TO,TA/TO,0,0,0,A,A,0,No Deposit,44.0,0,Transient-Party,110.0,0,0
City Hotel,1,126,2016,September,37,8,0,3,2,0.0,0,SC,IRL,Online TA,TA/TO,0,0,0,A,A,0,No Deposit,9.0,0,Transient,118.8,0,0
City Hotel,0,246,2016,September,37,8,0,3,2,0.0,0,BB,GBR,Online TA,TA/TO,0,0,0,B,B,0,No Deposit,7.0,0,Transient,81.77,0,1
City Hotel,1,63,2016,September,37,8,0,3,2,0.0,0,BB,BRA,Online TA,TA/TO,0,0,0,D,D,0,No Deposit,9.0,0,Transient,149.4,0,1
City Hotel,1,163,2016,September,37,8,0,3,2,0.0,0,BB,PRT,Offline TA/TO,TA/TO,0,0,0,A,A,0,No Deposit,44.0,0,Transient-Party,110.0,0,0
City Hotel,0,246,2016,September,37,8,0,3,2,0.0,0,BB,GBR,Online TA,TA/TO,0,0,0,B,B,0,No Deposit,7.0,0,Transient,81.77,0,1
City Hotel,1,81,2016,September,37,8,0,3,2,0.0,0,BB,FRA,Online TA,TA/TO,0,0,0,D,D,0,No Deposit,9.0,0,Transient,149.4,0,1
City Hotel,1,126,2016,September,37,8,0,3,2,0.0,0,SC,IRL,Online TA,TA/TO,0,0,0,A,A,0,No Deposit,9.0,0,Transient,118.8,0,0
City Hotel,1,433,2016,September,37,8,0,3,2,0.0,0,BB,PRT,Offline TA/TO,TA/TO,0,0,0,A,A,0,Non Refund,3.0,0,Transient,70.0,0,0
City Hotel,1,433,2016,September,37,8,0,3,2,0.0,0,BB,PRT,Offline TA/TO,TA/TO,0,0,0,A,A,0,Non Refund,3.0,0,Transient,70.0,0,0
City Hotel,1,433,2016,September,37,8,0,3,2,0.0,0,BB,PRT,Offline TA/TO,TA/TO,0,0,0,A,A,0,Non Refund,3.0,0,Transient,70.0,0,0
City Hotel,1,433,2016,September,37,8,0,3,2,0.0,0,BB,PRT,Offline TA/TO,TA/TO,0,0,0,A,A,0,Non Refund,3.0,0,Transient,70.0,0,0
City Hotel,1,433,2016,September,37,8,0,3,2,0.0,0,BB,PRT,Offline TA/TO,TA/TO,0,0,0,A,A,0,Non Refund,3.0,0,Transient,70.0,0,0
City Hotel,1,433,2016,September,37,8,0,3,2,0.0,0,BB,PRT,Offline TA/TO,TA/TO,0,0,0,A,A,0,Non Refund,3.0,0,Transient,70.0,0,0
City Hotel,1,163,2016,September,37,8,0,3,2,0.0,0,BB,PRT,Offline TA/TO,TA/TO,0,0,0,A,A,0,No Deposit,44.0,0,Transient-Party,110.0,0,0
City Hotel,1,103,2016,September,37,8,0,3,2,0.0,0,BB,SWE,Online TA,TA/TO,0,0,0,D,D,0,No Deposit,9.0,0,Transient,149.4,0,0
City Hotel,1,433,2016,September,37,8,0,3,2,0.0,0,BB,PRT,Offline TA/TO,TA/TO,0,0,0,A,A,0,Non Refund,3.0,0,Transient,70.0,0,0
City Hotel,1,433,2016,September,37,8,0,3,2,0.0,0,BB,PRT,Offline TA/TO,TA/TO,0,0,0,A,A,0,Non Refund,3.0,0,Transient,70.0,0,0
City Hotel,1,433,2016,September,37,8,0,3,2,0.0,0,BB,PRT,Offline TA/TO,TA/TO,0,0,0,A,A,0,Non Refund,3.0,0,Transient,70.0,0,0
City Hotel,1,176,2016,September,37,8,0,3,2,0.0,0,BB,PRT,Offline TA/TO,TA/TO,0,0,0,A,A,0,No Deposit,171.0,0,Transient-Party,125.1,0,0
City Hotel,1,183,2016,September,37,8,0,3,2,0.0,0,BB,PRT,Offline TA/TO,TA/TO,0,0,0,A,A,0,No Deposit,44.0,0,Transient-Party,110.0,0,0
City Hotel,1,433,2016,September,37,8,0,3,2,0.0,0,BB,PRT,Offline TA/TO,TA/TO,0,0,0,A,A,0,Non Refund,3.0,0,Transient,70.0,0,0
City Hotel,1,50,2016,September,37,8,1,3,2,0.0,0,BB,GBR,Online TA,TA/TO,0,0,0,A,A,0,No Deposit,9.0,0,Transient,135.9,0,1
City Hotel,1,5,2016,September,37,8,1,3,2,0.0,0,SC,FRA,Online TA,TA/TO,0,0,0,A,A,0,No Deposit,9.0,0,Transient,141.5,0,2
City Hotel,1,66,2016,September,37,8,1,3,2,0.0,0,BB,CHE,Online TA,TA/TO,0,0,0,D,D,0,No Deposit,9.0,0,Transient,149.4,0,1
City Hotel,1,66,2016,September,37,8,1,3,2,0.0,0,BB,CHE,Online TA,TA/TO,0,0,0,D,D,0,No Deposit,9.0,0,Transient,149.4,0,0
City Hotel,1,33,2016,September,37,8,2,3,2,0.0,0,BB,ITA,Online TA,TA/TO,0,0,0,A,A,0,No Deposit,9.0,0,Transient,135.9,0,0
City Hotel,1,250,2016,September,37,8,2,3,2,0.0,0,BB,FRA,Online TA,TA/TO,0,0,0,A,A,0,No Deposit,9.0,0,Transient,100.3,0,2
City Hotel,1,66,2016,September,37,8,1,3,2,0.0,0,BB,CHE,Online TA,TA/TO,0,0,0,D,D,0,No Deposit,9.0,0,Transient,149.4,0,1
City Hotel,1,56,2016,September,37,8,2,5,2,0.0,0,BB,FRA,Online TA,TA/TO,0,0,0,D,D,2,No Deposit,9.0,0,Transient,149.4,0,0
City Hotel,1,25,2016,September,37,9,0,1,2,0.0,0,SC,USA,Online TA,TA/TO,0,0,0,A,B,1,No Deposit,9.0,0,Transient,106.2,0,0
City Hotel,1,12,2016,September,37,9,0,1,2,0.0,0,BB,PRT,Online TA,TA/TO,0,0,0,D,D,0,No Deposit,9.0,0,Transient,154.0,0,0
City Hotel,1,65,2016,September,37,9,0,1,2,0.0,0,BB,DEU,Online TA,TA/TO,0,0,0,D,D,0,No Deposit,9.0,0,Transient,149.4,0,1
City Hotel,1,266,2016,September,37,9,0,2,2,0.0,0,BB,PRT,Groups,TA/TO,0,0,0,A,A,0,Non Refund,37.0,32,Transient,105.0,0,0
City Hotel,1,266,2016,September,37,9,0,2,2,0.0,0,BB,PRT,Groups,TA/TO,0,0,0,A,A,0,Non Refund,37.0,32,Transient,105.0,0,0
City Hotel,1,266,2016,September,37,9,0,2,2,0.0,0,BB,PRT,Groups,TA/TO,0,0,0,A,A,0,Non Refund,37.0,32,Transient,105.0,0,0
City Hotel,1,266,2016,September,37,9,0,2,2,0.0,0,BB,PRT,Groups,TA/TO,0,0,0,A,A,0,Non Refund,37.0,32,Transient,105.0,0,0
City Hotel,1,47,2016,September,37,9,0,2,2,0.0,0,SC,NLD,Online TA,TA/TO,0,0,0,A,A,0,No Deposit,9.0,0,Transient,125.1,0,1
City Hotel,1,65,2016,September,37,9,0,2,2,0.0,0,BB,FRA,Online TA,TA/TO,0,0,0,D,D,0,No Deposit,9.0,0,Transient,149.4,0,1
City Hotel,1,266,2016,September,37,9,0,2,2,0.0,0,BB,PRT,Groups,TA/TO,0,0,0,A,A,0,Non Refund,37.0,32,Transient,105.0,0,0
City Hotel,1,266,2016,September,37,9,0,2,2,0.0,0,BB,PRT,Groups,TA/TO,0,0,0,A,A,0,Non Refund,37.0,32,Transient,105.0,0,0
City Hotel,1,53,2016,September,37,9,0,2,2,0.0,0,BB,GBR,Online TA,TA/TO,0,0,0,A,A,0,No Deposit,9.0,0,Transient,135.9,0,3
City Hotel,1,266,2016,September,37,9,0,2,2,0.0,0,BB,PRT,Groups,TA/TO,0,0,0,A,A,0,Non Refund,37.0,32,Transient,105.0,0,0
City Hotel,1,266,2016,September,37,9,0,2,2,0.0,0,BB,PRT,Groups,TA/TO,0,0,0,A,A,0,Non Refund,37.0,32,Transient,105.0,0,0
City Hotel,1,266,2016,September,37,9,0,2,2,0.0,0,BB,PRT,Groups,TA/TO,0,0,0,A,A,0,Non Refund,37.0,32,Transient,105.0,0,0
City Hotel,1,266,2016,September,37,9,0,2,2,0.0,0,BB,PRT,Groups,TA/TO,0,0,0,A,A,0,Non Refund,37.0,32,Transient,105.0,0,0
City Hotel,1,266,2016,September,37,9,0,2,2,0.0,0,BB,PRT,Groups,TA/TO,0,0,0,A,A,0,Non Refund,37.0,32,Transient,105.0,0,0
City Hotel,1,266,2016,September,37,9,0,2,2,0.0,0,BB,PRT,Groups,TA/TO,0,0,0,A,A,0,Non Refund,37.0,32,Transient,105.0,0,0
City Hotel,1,266,2016,September,37,9,0,2,2,0.0,0,BB,PRT,Groups,TA/TO,0,0,0,A,A,0,Non Refund,37.0,32,Transient,105.0,0,0
City Hotel,1,131,2016,September,37,9,0,2,2,0.0,0,BB,DEU,Online TA,TA/TO,0,0,0,A,A,0,No Deposit,9.0,0,Transient,129.6,0,0
City Hotel,1,266,2016,September,37,9,0,2,2,0.0,0,BB,PRT,Groups,TA/TO,0,0,0,A,A,0,Non Refund,37.0,32,Transient,105.0,0,0
City Hotel,1,29,2016,September,37,9,0,2,2,0.0,0,SC,GBR,Online TA,TA/TO,0,0,0,A,A,0,No Deposit,9.0,0,Transient,132.05,0,0
City Hotel,1,266,2016,September,37,9,0,2,2,0.0,0,BB,PRT,Groups,TA/TO,0,0,0,A,A,0,Non Refund,37.0,32,Transient,105.0,0,0
City Hotel,1,266,2016,September,37,9,0,2,2,0.0,0,BB,PRT,Groups,TA/TO,0,0,0,A,A,0,Non Refund,37.0,32,Transient,105.0,0,0
City Hotel,1,266,2016,September,37,9,0,2,2,0.0,0,BB,PRT,Groups,TA/TO,0,0,0,A,A,0,Non Refund,37.0,32,Transient,105.0,0,0
City Hotel,1,198,2016,September,37,9,1,2,2,0.0,0,BB,PRT,Offline TA/TO,TA/TO,0,0,0,A,A,0,Non Refund,3.0,0,Transient,90.0,0,0
City Hotel,1,198,2016,September,37,9,1,2,2,0.0,0,BB,PRT,Groups,TA/TO,0,0,0,A,A,0,Non Refund,37.0,0,Transient,120.0,0,0
City Hotel,1,198,2016,September,37,9,1,2,2,0.0,0,BB,PRT,Groups,TA/TO,0,0,0,A,A,0,Non Refund,37.0,0,Transient,120.0,0,0
City Hotel,1,198,2016,September,37,9,1,2,2,0.0,0,BB,PRT,Groups,TA/TO,0,0,0,A,A,0,Non Refund,37.0,0,Transient,120.0,0,0
City Hotel,1,198,2016,September,37,9,1,2,2,0.0,0,BB,PRT,Offline TA/TO,TA/TO,0,0,0,A,A,0,Non Refund,3.0,0,Transient,90.0,0,0
City Hotel,1,243,2016,September,37,9,1,2,2,0.0,0,SC,DEU,Online TA,TA/TO,0,0,0,A,A,0,No Deposit,9.0,0,Transient,104.4,0,0
City Hotel,1,198,2016,September,37,9,1,2,2,0.0,0,BB,PRT,Groups,TA/TO,0,0,0,A,A,0,Non Refund,37.0,0,Transient,120.0,0,0
City Hotel,1,198,2016,September,37,9,1,2,2,0.0,0,BB,PRT,Offline TA/TO,TA/TO,0,0,0,A,A,0,Non Refund,3.0,0,Transient,90.0,0,0
City Hotel,1,198,2016,September,37,9,1,2,2,0.0,0,BB,PRT,Offline TA/TO,TA/TO,0,0,0,A,A,0,Non Refund,3.0,0,Transient,90.0,0,0
City Hotel,1,198,2016,September,37,9,1,2,2,0.0,0,BB,PRT,Groups,TA/TO,0,0,0,A,A,0,Non Refund,37.0,0,Transient,120.0,0,0
City Hotel,1,198,2016,September,37,9,1,2,2,0.0,0,BB,PRT,Groups,TA/TO,0,0,0,A,A,0,Non Refund,37.0,0,Transient,120.0,0,0
City Hotel,1,198,2016,September,37,9,1,2,2,0.0,0,BB,PRT,Offline TA/TO,TA/TO,0,0,0,A,A,0,Non Refund,3.0,0,Transient,90.0,0,0
City Hotel,1,198,2016,September,37,9,1,2,2,0.0,0,BB,PRT,Offline TA/TO,TA/TO,0,0,0,A,A,0,Non Refund,3.0,0,Transient,90.0,0,0
City Hotel,1,198,2016,September,37,9,1,2,2,0.0,0,BB,PRT,Groups,TA/TO,0,0,0,A,A,0,Non Refund,37.0,0,Transient,120.0,0,0
City Hotel,1,198,2016,September,37,9,1,2,2,0.0,0,BB,PRT,Groups,TA/TO,0,0,0,A,A,0,Non Refund,37.0,0,Transient,120.0,0,0
City Hotel,1,198,2016,September,37,9,1,2,2,0.0,0,BB,PRT,Offline TA/TO,TA/TO,0,0,0,A,A,0,Non Refund,3.0,0,Transient,90.0,0,0
City Hotel,1,198,2016,September,37,9,1,2,2,0.0,0,BB,PRT,Offline TA/TO,TA/TO,0,0,0,A,A,0,Non Refund,3.0,0,Transient,90.0,0,0
City Hotel,1,198,2016,September,37,9,1,2,2,0.0,0,BB,PRT,Groups,TA/TO,0,0,0,A,A,0,Non Refund,37.0,0,Transient,120.0,0,0
City Hotel,1,198,2016,September,37,9,1,2,2,0.0,0,BB,PRT,Groups,TA/TO,0,0,0,A,A,0,Non Refund,37.0,0,Transient,120.0,0,0
City Hotel,1,198,2016,September,37,9,1,2,2,0.0,0,BB,PRT,Offline TA/TO,TA/TO,0,0,0,A,A,0,Non Refund,3.0,0,Transient,90.0,0,0
City Hotel,1,198,2016,September,37,9,1,2,2,0.0,0,BB,PRT,Offline TA/TO,TA/TO,0,0,0,A,A,0,Non Refund,3.0,0,Transient,90.0,0,0
City Hotel,1,198,2016,September,37,9,1,2,2,0.0,0,BB,PRT,Groups,TA/TO,0,0,0,A,A,0,Non Refund,37.0,0,Transient,120.0,0,0
City Hotel,1,198,2016,September,37,9,1,2,2,0.0,0,BB,PRT,Groups,TA/TO,0,0,0,A,A,0,Non Refund,37.0,0,Transient,120.0,0,0
City Hotel,1,198,2016,September,37,9,1,2,2,0.0,0,BB,PRT,Groups,TA/TO,0,0,0,A,A,0,Non Refund,37.0,0,Transient,120.0,0,0
City Hotel,1,198,2016,September,37,9,1,2,2,0.0,0,BB,PRT,Offline TA/TO,TA/TO,0,0,0,A,A,0,Non Refund,3.0,0,Transient,90.0,0,0
City Hotel,1,198,2016,September,37,9,1,2,2,0.0,0,BB,PRT,Offline TA/TO,TA/TO,0,0,0,A,A,0,Non Refund,3.0,0,Transient,90.0,0,0
City Hotel,1,198,2016,September,37,9,1,2,2,0.0,0,BB,PRT,Groups,TA/TO,0,0,0,A,A,0,Non Refund,37.0,0,Transient,120.0,0,0
City Hotel,1,131,2016,September,37,9,1,2,2,0.0,0,BB,ARE,Direct,Direct,0,0,0,A,A,0,No Deposit,14.0,0,Transient,142.0,0,0
City Hotel,1,198,2016,September,37,9,1,2,2,0.0,0,BB,PRT,Offline TA/TO,TA/TO,0,0,0,A,A,0,Non Refund,3.0,0,Transient,90.0,0,0
City Hotel,1,198,2016,September,37,9,1,2,2,0.0,0,BB,PRT,Offline TA/TO,TA/TO,0,0,0,A,A,0,Non Refund,3.0,0,Transient,90.0,0,0
City Hotel,1,198,2016,September,37,9,1,2,2,0.0,0,BB,PRT,Groups,TA/TO,0,0,0,A,A,0,Non Refund,37.0,0,Transient,120.0,0,0
City Hotel,1,198,2016,September,37,9,1,2,2,0.0,0,BB,PRT,Groups,TA/TO,0,0,0,A,A,0,Non Refund,37.0,0,Transient,120.0,0,0
City Hotel,1,198,2016,September,37,9,1,2,2,0.0,0,BB,PRT,Groups,TA/TO,0,0,0,A,A,0,Non Refund,37.0,0,Transient,120.0,0,0
City Hotel,1,198,2016,September,37,9,1,2,2,0.0,0,BB,PRT,Offline TA/TO,TA/TO,0,0,0,A,A,0,Non Refund,3.0,0,Transient,90.0,0,0
City Hotel,1,198,2016,September,37,9,1,2,2,0.0,0,BB,PRT,Offline TA/TO,TA/TO,0,0,0,A,A,0,Non Refund,3.0,0,Transient,90.0,0,0
City Hotel,1,198,2016,September,37,9,1,2,2,0.0,0,BB,PRT,Groups,TA/TO,0,0,0,A,A,0,Non Refund,37.0,0,Transient,120.0,0,0
City Hotel,1,198,2016,September,37,9,1,2,2,0.0,0,BB,PRT,Groups,TA/TO,0,0,0,A,A,0,Non Refund,37.0,0,Transient,120.0,0,0
City Hotel,1,198,2016,September,37,9,1,2,2,0.0,0,BB,PRT,Groups,TA/TO,0,0,0,A,A,0,Non Refund,37.0,0,Transient,120.0,0,0
City Hotel,1,198,2016,September,37,9,1,2,2,0.0,0,BB,PRT,Groups,TA/TO,0,0,0,A,A,0,Non Refund,37.0,0,Transient,120.0,0,0
City Hotel,1,198,2016,September,37,9,1,2,2,0.0,0,BB,PRT,Offline TA/TO,TA/TO,0,0,0,A,A,0,Non Refund,3.0,0,Transient,90.0,0,0
City Hotel,1,243,2016,September,37,9,1,2,2,0.0,0,SC,DEU,Online TA,TA/TO,0,0,0,A,A,0,No Deposit,9.0,0,Transient,95.4,0,0
City Hotel,1,198,2016,September,37,9,1,2,2,0.0,0,BB,PRT,Offline TA/TO,TA/TO,0,0,0,A,A,0,Non Refund,3.0,0,Transient,90.0,0,0
City Hotel,1,198,2016,September,37,9,1,2,2,0.0,0,BB,PRT,Offline TA/TO,TA/TO,0,0,0,A,A,0,Non Refund,3.0,0,Transient,90.0,0,0
City Hotel,1,198,2016,September,37,9,1,2,2,0.0,0,BB,PRT,Groups,TA/TO,0,0,0,A,A,0,Non Refund,37.0,0,Transient,120.0,0,0
City Hotel,1,198,2016,September,37,9,1,2,2,0.0,0,BB,PRT,Groups,TA/TO,0,0,0,A,A,0,Non Refund,37.0,0,Transient,120.0,0,0
City Hotel,1,198,2016,September,37,9,1,2,2,0.0,0,BB,PRT,Offline TA/TO,TA/TO,0,0,0,A,A,0,Non Refund,3.0,0,Transient,90.0,0,0
City Hotel,1,198,2016,September,37,9,1,2,2,0.0,0,BB,PRT,Groups,TA/TO,0,0,0,A,A,0,Non Refund,37.0,0,Transient,120.0,0,0
City Hotel,1,23,2016,September,37,9,2,2,2,0.0,0,BB,CHL,Online TA,TA/TO,0,0,0,D,D,0,No Deposit,9.0,0,Transient,135.0,0,0
City Hotel,1,6,2016,September,37,9,2,2,2,0.0,0,BB,GBR,Online TA,TA/TO,0,0,0,A,A,0,No Deposit,9.0,0,Transient,154.0,0,1
City Hotel,1,92,2016,September,37,9,2,2,2,0.0,0,BB,CZE,Online TA,TA/TO,0,0,0,D,D,0,No Deposit,9.0,0,Transient,149.4,0,0
City Hotel,1,24,2016,September,37,9,2,2,2,0.0,0,BB,FRA,Direct,Direct,0,0,0,E,E,0,No Deposit,14.0,0,Transient,136.5,0,0
City Hotel,1,38,2016,September,37,9,2,2,2,0.0,0,BB,FRA,Direct,Direct,0,0,0,D,D,0,No Deposit,14.0,0,Transient,137.7,0,0
City Hotel,1,97,2016,September,37,9,2,5,2,0.0,0,BB,DEU,Online TA,TA/TO,0,0,0,A,A,0,No Deposit,9.0,0,Transient,135.9,0,0
City Hotel,1,82,2016,September,37,10,0,1,2,0.0,0,SC,ITA,Online TA,TA/TO,0,0,0,A,A,0,No Deposit,9.0,0,Transient,125.1,0,0
City Hotel,1,78,2016,September,37,10,1,1,2,0.0,0,SC,GBR,Online TA,TA/TO,0,0,0,A,A,0,No Deposit,9.0,0,Transient,125.1,0,0
City Hotel,1,56,2016,September,37,10,2,1,2,0.0,0,BB,BEL,Online TA,TA/TO,0,0,0,A,A,0,No Deposit,9.0,0,Transient,135.9,0,0
City Hotel,1,203,2016,September,37,10,2,1,2,0.0,0,BB,CRI,Online TA,TA/TO,0,0,0,A,A,0,No Deposit,9.0,0,Transient,126.9,0,0
City Hotel,1,37,2016,September,37,10,2,1,2,0.0,0,BB,NLD,Online TA,TA/TO,0,0,0,D,D,0,No Deposit,9.0,0,Transient,149.4,0,2
City Hotel,1,38,2016,September,37,10,2,2,2,0.0,0,BB,FRA,Online TA,TA/TO,0,0,0,D,D,0,No Deposit,9.0,0,Transient,149.4,0,0
City Hotel,1,242,2016,September,37,10,2,2,2,0.0,0,BB,NOR,Online TA,TA/TO,0,0,0,D,D,0,No Deposit,9.0,0,Transient,108.8,0,0
City Hotel,1,242,2016,September,37,10,2,2,2,0.0,0,BB,NOR,Online TA,TA/TO,0,0,0,A,A,0,No Deposit,9.0,0,Transient,100.3,0,0
City Hotel,1,32,2016,September,37,10,2,2,2,0.0,0,BB,RUS,Online TA,TA/TO,0,0,0,D,D,0,No Deposit,9.0,0,Transient,149.4,0,2
City Hotel,1,242,2016,September,37,10,2,2,2,0.0,0,BB,NOR,Online TA,TA/TO,0,0,0,A,A,0,No Deposit,9.0,0,Transient,100.3,0,0
City Hotel,1,60,2016,September,37,10,2,2,2,0.0,0,BB,FRA,Online TA,TA/TO,0,0,0,A,A,0,No Deposit,9.0,0,Transient,135.9,0,1
City Hotel,1,93,2016,September,37,10,2,5,2,0.0,0,BB,FRA,Online TA,TA/TO,0,0,0,D,D,0,No Deposit,9.0,0,Transient,159.17,0,1
City Hotel,1,186,2016,September,37,10,4,6,2,0.0,0,SC,PRT,Online TA,TA/TO,0,0,0,A,A,0,No Deposit,7.0,0,Transient,84.43,0,0
City Hotel,1,3,2016,September,38,11,1,0,2,0.0,0,SC,ESP,Direct,Direct,0,0,0,A,A,0,No Deposit,14.0,0,Transient,155.0,0,0
City Hotel,1,13,2016,September,38,11,1,0,2,0.0,0,SC,BRA,Online TA,TA/TO,0,0,0,A,A,0,No Deposit,8.0,0,Transient,99.0,0,1
City Hotel,1,175,2016,September,38,11,1,0,2,0.0,0,BB,IRL,Online TA,TA/TO,0,0,0,A,A,0,No Deposit,9.0,0,Transient,126.9,0,0
City Hotel,1,20,2016,September,38,11,1,0,2,0.0,0,SC,PRT,Online TA,TA/TO,0,0,0,A,A,0,No Deposit,7.0,0,Transient,68.53,0,0
City Hotel,1,31,2016,September,38,11,1,0,2,0.0,0,SC,PRT,Online TA,TA/TO,0,0,0,A,A,0,No Deposit,9.0,0,Transient,125.1,0,2
City Hotel,1,52,2016,September,38,11,2,0,2,0.0,0,BB,PRT,Offline TA/TO,TA/TO,0,0,0,A,A,0,No Deposit,86.0,14,Transient-Party,130.0,0,0
City Hotel,1,19,2016,September,38,11,2,0,2,0.0,0,SC,PRT,Online TA,TA/TO,0,0,0,A,A,0,No Deposit,7.0,0,Transient,65.1,0,1
City Hotel,1,69,2016,September,38,11,2,0,2,0.0,0,BB,FRA,Online TA,TA/TO,0,0,0,A,A,0,No Deposit,9.0,0,Transient,135.9,0,0
City Hotel,1,196,2016,September,38,11,2,0,2,0.0,0,SC,POL,Online TA,TA/TO,0,0,0,A,A,0,No Deposit,9.0,0,Transient,116.1,0,0
City Hotel,1,208,2016,September,38,11,2,1,2,0.0,0,SC,CN,Online TA,TA/TO,0,0,0,B,B,0,No Deposit,9.0,0,Transient,116.1,0,0
City Hotel,1,31,2016,September,38,11,2,1,2,0.0,0,BB,PRT,Offline TA/TO,TA/TO,0,0,0,A,A,0,No Deposit,42.0,0,Transient,85.5,0,0
City Hotel,1,62,2016,September,38,11,2,1,2,0.0,0,BB,ITA,Online TA,TA/TO,0,0,0,A,A,0,No Deposit,9.0,0,Transient,135.9,0,0
City Hotel,1,32,2016,September,38,11,2,1,2,0.0,0,BB,IRL,Online TA,TA/TO,0,0,0,D,D,0,No Deposit,9.0,0,Transient,149.4,0,0
City Hotel,1,56,2016,September,38,11,2,1,2,0.0,0,SC,USA,Online TA,TA/TO,0,0,0,A,A,0,No Deposit,9.0,0,Transient,125.1,0,0
City Hotel,1,208,2016,September,38,11,2,1,2,0.0,0,SC,CN,Online TA,TA/TO,0,0,0,B,B,0,No Deposit,9.0,0,Transient,116.1,0,0
City Hotel,1,7,2016,September,38,11,2,2,2,0.0,0,BB,PRT,Online TA,TA/TO,0,0,0,F,F,0,No Deposit,7.0,0,Transient,144.14,0,1
City Hotel,1,111,2016,September,38,11,2,2,2,0.0,0,SC,DEU,Online TA,TA/TO,0,0,0,A,A,0,No Deposit,9.0,0,Transient,118.8,0,2
City Hotel,1,53,2016,September,38,11,2,2,2,0.0,0,BB,GBR,Online TA,TA/TO,0,0,0,D,D,0,No Deposit,9.0,0,Transient,149.4,0,0
City Hotel,1,46,2016,September,38,11,2,3,2,0.0,0,BB,COL,Online TA,TA/TO,0,0,0,D,D,0,No Deposit,9.0,0,Transient,149.4,0,1
City Hotel,1,0,2016,September,38,12,1,0,2,0.0,0,BB,NLD,Direct,Direct,0,0,0,A,D,0,No Deposit,14.0,0,Transient,160.0,0,0
City Hotel,1,15,2016,September,38,12,1,0,2,0.0,0,BB,PRT,Online TA,TA/TO,0,0,0,A,A,0,No Deposit,9.0,0,Transient,99.0,0,0
City Hotel,1,55,2016,September,38,12,1,0,2,0.0,0,SC,GBR,Online TA,TA/TO,0,0,0,A,A,0,No Deposit,9.0,0,Transient,134.1,0,1
City Hotel,1,61,2016,September,38,12,1,1,2,0.0,0,SC,USA,Online TA,TA/TO,0,0,0,A,A,0,No Deposit,9.0,0,Transient,125.1,0,0
City Hotel,1,5,2016,September,38,12,1,2,2,0.0,0,BB,TUR,Online TA,TA/TO,0,0,0,D,D,0,No Deposit,9.0,0,Transient,177.33,0,0
City Hotel,1,99,2016,September,38,12,1,2,2,0.0,0,SC,DEU,Online TA,TA/TO,0,0,0,A,A,0,No Deposit,9.0,0,Transient,125.1,0,0
City Hotel,1,163,2016,September,38,12,1,2,2,0.0,0,BB,DEU,Online TA,TA/TO,0,0,0,A,A,1,No Deposit,9.0,0,Transient,126.9,0,2
City Hotel,1,126,2016,September,38,12,1,2,2,0.0,0,BB,PRT,Offline TA/TO,TA/TO,0,0,0,A,A,0,No Deposit,173.0,0,Transient,80.75,0,1
City Hotel,1,163,2016,September,38,12,1,2,2,0.0,0,BB,DEU,Online TA,TA/TO,0,0,0,A,A,1,No Deposit,9.0,0,Transient,126.9,0,2
City Hotel,1,230,2016,September,38,12,1,3,2,0.0,0,BB,GBR,Direct,Direct,0,0,0,B,B,0,No Deposit,14.0,0,Transient,109.65,0,1
City Hotel,1,3,2016,September,38,12,1,3,2,0.0,0,BB,PRT,Direct,Direct,0,0,0,A,A,0,No Deposit,,0,Transient,148.31,0,0
City Hotel,1,230,2016,September,38,12,1,3,2,0.0,0,BB,GBR,Direct,Direct,0,0,0,B,B,0,No Deposit,14.0,0,Transient,109.65,0,1
City Hotel,1,144,2016,September,38,12,1,3,2,0.0,0,BB,GBR,Online TA,TA/TO,0,0,0,A,A,0,No Deposit,9.0,0,Transient,126.9,0,3
City Hotel,0,277,2016,September,38,12,1,4,2,0.0,0,BB,BEL,Online TA,TA/TO,0,0,0,A,A,0,No Deposit,9.0,0,Transient,100.3,0,0
City Hotel,1,33,2016,September,38,12,1,4,2,0.0,0,BB,SAU,Online TA,TA/TO,0,0,0,B,B,1,No Deposit,9.0,0,Transient,124.25,0,0
City Hotel,1,255,2016,September,38,12,1,5,2,0.0,0,BB,DEU,Online TA,TA/TO,0,0,0,A,A,1,No Deposit,9.0,0,Transient,100.3,0,0
City Hotel,1,147,2016,September,38,12,1,5,2,0.0,0,BB,FIN,Online TA,TA/TO,0,0,0,A,A,0,No Deposit,9.0,0,Transient,126.9,0,0
City Hotel,1,234,2016,September,38,12,2,5,2,0.0,0,BB,DEU,Online TA,TA/TO,0,0,0,A,A,0,No Deposit,9.0,0,Transient,105.04,0,0
City Hotel,1,147,2016,September,38,13,0,1,2,0.0,0,BB,PRT,Offline TA/TO,TA/TO,0,0,0,A,A,0,No Deposit,86.0,107,Transient-Party,130.0,0,0
City Hotel,1,4,2016,September,38,13,0,2,2,0.0,0,BB,PRT,Online TA,TA/TO,0,0,0,D,D,0,No Deposit,7.0,0,Transient,124.36,0,0
City Hotel,1,160,2016,September,38,13,0,2,2,0.0,0,HB,PRT,Offline TA/TO,TA/TO,0,0,0,A,A,0,No Deposit,6.0,0,Transient-Party,115.0,0,1
City Hotel,1,238,2016,September,38,13,0,3,2,0.0,0,BB,FRA,Online TA,TA/TO,0,0,0,A,A,0,No Deposit,9.0,0,Transient,106.2,0,1
City Hotel,1,96,2016,September,38,13,0,3,2,0.0,0,BB,PRT,Offline TA/TO,TA/TO,0,0,0,E,E,0,No Deposit,83.0,0,Transient,129.88,0,0
City Hotel,1,6,2016,September,38,13,0,3,2,0.0,0,BB,FRA,Online TA,TA/TO,0,0,0,D,D,0,No Deposit,9.0,0,Transient,184.0,0,2
City Hotel,1,235,2016,September,38,13,0,4,2,0.0,0,BB,ROU,Online TA,TA/TO,0,0,0,A,A,0,No Deposit,9.0,0,Transient,103.06,0,1
City Hotel,0,262,2016,September,38,13,0,4,2,0.0,0,BB,DEU,Online TA,TA/TO,0,0,0,A,A,0,No Deposit,9.0,0,Transient,100.3,0,0
City Hotel,1,40,2016,September,38,13,0,4,2,0.0,0,BB,PRT,Groups,TA/TO,0,0,0,A,A,0,No Deposit,86.0,0,Transient-Party,130.0,0,0
City Hotel,1,32,2016,September,38,13,2,5,2,0.0,0,BB,PRT,Online TA,TA/TO,0,0,0,E,E,0,No Deposit,83.0,0,Transient,137.52,0,0
City Hotel,1,32,2016,September,38,13,2,5,2,0.0,0,BB,PRT,Online TA,TA/TO,0,0,0,E,E,0,No Deposit,83.0,0,Transient,137.52,0,0
City Hotel,1,41,2016,September,38,14,0,2,2,0.0,0,BB,PRT,Groups,TA/TO,0,0,0,A,A,0,No Deposit,86.0,0,Transient-Party,130.0,0,0
City Hotel,1,41,2016,September,38,14,0,2,2,0.0,0,BB,PRT,Groups,TA/TO,0,0,0,A,A,0,No Deposit,86.0,0,Transient-Party,130.0,0,0
City Hotel,1,41,2016,September,38,14,0,2,2,0.0,0,BB,PRT,Groups,TA/TO,0,0,0,A,A,0,No Deposit,86.0,0,Transient-Party,130.0,0,0
City Hotel,1,48,2016,September,38,14,0,2,2,0.0,0,BB,PRT,Offline TA/TO,TA/TO,0,0,0,A,A,0,No Deposit,281.0,0,Transient-Party,130.0,0,0
City Hotel,1,41,2016,September,38,14,0,2,2,0.0,0,BB,PRT,Groups,TA/TO,0,0,0,A,A,0,No Deposit,86.0,0,Transient-Party,130.0,0,0
City Hotel,1,7,2016,September,38,14,0,2,2,0.0,0,BB,ESP,Online TA,TA/TO,0,0,0,D,D,0,No Deposit,9.0,0,Transient,184.0,0,0
City Hotel,1,41,2016,September,38,14,0,2,2,0.0,0,BB,PRT,Groups,TA/TO,0,0,0,A,A,0,No Deposit,86.0,0,Transient-Party,130.0,0,0
City Hotel,1,41,2016,September,38,14,0,2,2,0.0,0,BB,PRT,Groups,TA/TO,0,0,0,A,A,0,No Deposit,86.0,0,Transient-Party,130.0,0,0
City Hotel,1,41,2016,September,38,14,0,2,2,0.0,0,BB,PRT,Groups,TA/TO,0,0,0,A,A,0,No Deposit,86.0,0,Transient-Party,130.0,0,0
City Hotel,1,240,2016,September,38,14,0,2,2,0.0,0,SC,ROU,Online TA,TA/TO,0,0,0,A,A,0,No Deposit,9.0,0,Transient,95.4,0,0
City Hotel,1,41,2016,September,38,14,0,2,2,0.0,0,BB,PRT,Groups,TA/TO,0,0,0,A,A,0,No Deposit,86.0,0,Transient-Party,130.0,0,0
City Hotel,1,41,2016,September,38,14,0,2,2,0.0,0,BB,PRT,Groups,TA/TO,0,0,0,A,A,0,No Deposit,86.0,0,Transient-Party,130.0,0,0
City Hotel,1,41,2016,September,38,14,0,2,2,0.0,0,BB,PRT,Groups,TA/TO,0,0,0,A,A,0,No Deposit,86.0,0,Transient-Party,130.0,0,0
City Hotel,1,41,2016,September,38,14,0,2,2,0.0,0,BB,PRT,Groups,TA/TO,0,0,0,A,A,0,No Deposit,86.0,0,Transient-Party,130.0,0,0
City Hotel,1,41,2016,September,38,14,0,2,2,0.0,0,BB,PRT,Groups,TA/TO,0,0,0,A,A,0,No Deposit,86.0,0,Transient-Party,130.0,0,0
City Hotel,1,72,2016,September,38,14,0,2,2,0.0,0,SC,PRT,Corporate,Corporate,0,0,0,A,A,1,Non Refund,,0,Transient,100.0,0,1
City Hotel,1,77,2016,September,38,14,0,3,2,0.0,0,BB,BRA,Online TA,TA/TO,0,0,0,D,D,0,No Deposit,9.0,0,Transient,149.4,0,0
City Hotel,1,113,2016,September,38,14,0,3,2,0.0,0,BB,GBR,Online TA,TA/TO,0,0,0,A,A,0,No Deposit,9.0,0,Transient,129.6,0,0
City Hotel,1,148,2016,September,38,14,0,3,2,0.0,0,BB,PRT,Offline TA/TO,TA/TO,0,0,0,A,A,0,No Deposit,86.0,107,Transient-Party,130.0,0,0
City Hotel,1,224,2016,September,38,14,0,4,2,0.0,0,BB,SWE,Online TA,TA/TO,0,0,0,A,A,0,No Deposit,9.0,0,Transient,119.85,0,1
City Hotel,1,135,2016,September,38,14,1,4,2,0.0,0,BB,PRT,Offline TA/TO,TA/TO,0,0,0,A,A,0,No Deposit,85.0,0,Transient,80.75,0,2
City Hotel,1,62,2016,September,38,14,1,4,2,0.0,0,BB,CHE,Online TA,TA/TO,0,0,0,D,D,0,No Deposit,9.0,0,Transient,149.4,0,3
City Hotel,0,268,2016,September,38,14,2,4,2,0.0,0,BB,FRA,Direct,Direct,0,0,0,D,D,0,No Deposit,14.0,0,Transient,103.7,0,2
City Hotel,1,120,2016,September,38,14,2,4,2,0.0,0,BB,CN,Online TA,TA/TO,0,0,0,A,A,0,No Deposit,9.0,0,Transient,129.6,0,0
City Hotel,1,73,2016,September,38,15,0,1,2,0.0,0,SC,PRT,Corporate,Corporate,0,0,0,A,A,0,Non Refund,,0,Transient,100.0,0,1
City Hotel,1,198,2016,September,38,15,0,1,2,0.0,0,SC,USA,Online TA,TA/TO,0,0,0,A,A,0,No Deposit,9.0,0,Transient,116.1,0,3
City Hotel,1,176,2016,September,38,15,0,1,2,0.0,0,BB,PRT,Online TA,TA/TO,0,0,0,A,A,0,No Deposit,7.0,0,Transient,97.71,0,0
City Hotel,1,205,2016,September,38,15,0,1,2,0.0,0,SC,USA,Online TA,TA/TO,0,0,0,A,A,3,No Deposit,9.0,0,Transient,116.1,0,0
City Hotel,1,4,2016,September,38,15,0,1,2,0.0,0,BB,PRT,Online TA,TA/TO,0,0,0,A,A,0,No Deposit,9.0,0,Transient,169.0,0,0
City Hotel,1,13,2016,September,38,15,0,1,2,0.0,0,SC,PRT,Corporate,Corporate,0,0,0,A,A,0,No Deposit,,0,Transient-Party,100.0,0,1
City Hotel,1,73,2016,September,38,15,0,1,2,0.0,0,SC,PRT,Corporate,Corporate,0,0,0,A,A,0,Non Refund,,0,Transient,100.0,0,1
City Hotel,1,73,2016,September,38,15,0,1,2,0.0,0,SC,PRT,Corporate,Corporate,0,0,0,A,A,0,Non Refund,,0,Transient,100.0,0,1
City Hotel,1,73,2016,September,38,15,0,1,2,0.0,0,SC,PRT,Corporate,Corporate,0,0,0,A,A,0,Non Refund,,0,Transient,100.0,0,1
City Hotel,1,30,2016,September,38,15,0,2,2,0.0,0,BB,ESP,Online TA,TA/TO,0,0,0,A,A,0,No Deposit,9.0,0,Transient,135.9,0,1
City Hotel,1,317,2016,September,38,15,0,2,2,0.0,0,BB,PRT,Offline TA/TO,TA/TO,0,0,0,A,A,0,Non Refund,19.0,0,Transient,120.0,0,0
City Hotel,1,317,2016,September,38,15,0,2,2,0.0,0,BB,PRT,Offline TA/TO,TA/TO,0,0,0,A,A,0,Non Refund,19.0,0,Transient,120.0,0,0
City Hotel,1,317,2016,September,38,15,0,2,2,0.0,0,BB,PRT,Offline TA/TO,TA/TO,0,0,0,A,A,0,Non Refund,19.0,0,Transient,120.0,0,0
City Hotel,1,317,2016,September,38,15,0,2,2,0.0,0,BB,PRT,Offline TA/TO,TA/TO,0,0,0,A,A,0,Non Refund,19.0,0,Transient,120.0,0,0
City Hotel,1,70,2016,September,38,15,0,2,2,0.0,0,BB,PRT,Online TA,TA/TO,0,0,0,D,D,0,No Deposit,7.0,0,Transient,149.4,0,0
City Hotel,1,433,2016,September,38,15,0,2,2,0.0,0,BB,PRT,Groups,TA/TO,0,0,0,A,A,0,Non Refund,1.0,0,Transient,62.0,0,0
City Hotel,1,433,2016,September,38,15,0,2,2,0.0,0,BB,PRT,Groups,TA/TO,0,0,0,A,A,0,Non Refund,1.0,0,Transient,62.0,0,0
City Hotel,1,433,2016,September,38,15,0,2,2,0.0,0,BB,PRT,Groups,TA/TO,0,0,0,A,A,0,Non Refund,1.0,0,Transient,62.0,0,0
City Hotel,1,433,2016,September,38,15,0,2,2,0.0,0,BB,PRT,Groups,TA/TO,0,0,0,A,A,0,Non Refund,1.0,0,Transient,62.0,0,0
City Hotel,1,317,2016,September,38,15,0,2,2,0.0,0,BB,PRT,Offline TA/TO,TA/TO,0,0,0,A,A,0,Non Refund,19.0,0,Transient,120.0,0,0
City Hotel,1,317,2016,September,38,15,0,2,2,0.0,0,BB,PRT,Offline TA/TO,TA/TO,0,0,0,A,A,0,Non Refund,19.0,0,Transient,120.0,0,0
City Hotel,1,317,2016,September,38,15,0,2,2,0.0,0,BB,PRT,Offline TA/TO,TA/TO,0,0,0,A,A,0,Non Refund,19.0,0,Transient,120.0,0,0
City Hotel,1,18,2016,September,38,15,0,2,2,0.0,0,BB,FRA,Online TA,TA/TO,0,0,0,D,D,0,No Deposit,9.0,0,Transient,174.0,0,0
City Hotel,1,317,2016,September,38,15,0,2,2,0.0,0,BB,PRT,Offline TA/TO,TA/TO,0,0,0,A,A,0,Non Refund,19.0,0,Transient,120.0,0,0
City Hotel,1,433,2016,September,38,15,0,2,2,0.0,0,BB,PRT,Groups,TA/TO,0,0,0,A,A,0,Non Refund,1.0,0,Transient,62.0,0,0
City Hotel,1,433,2016,September,38,15,0,2,2,0.0,0,BB,PRT,Groups,TA/TO,0,0,0,A,A,0,Non Refund,1.0,0,Transient,62.0,0,0
City Hotel,1,19,2016,September,38,15,0,2,2,0.0,0,BB,FRA,Direct,Direct,0,0,0,D,D,0,No Deposit,14.0,0,Transient,170.0,0,1
City Hotel,1,15,2016,September,38,15,0,2,2,0.0,0,BB,PRT,Online TA,TA/TO,0,0,0,D,D,0,No Deposit,7.0,0,Transient,141.68,0,1
City Hotel,1,70,2016,September,38,15,0,2,2,0.0,0,BB,PRT,Online TA,TA/TO,0,0,0,D,D,0,No Deposit,7.0,0,Transient,149.4,0,0
City Hotel,1,317,2016,September,38,15,0,2,2,0.0,0,BB,PRT,Offline TA/TO,TA/TO,0,0,0,A,A,0,Non Refund,19.0,0,Transient,120.0,0,0
City Hotel,1,433,2016,September,38,15,0,2,2,0.0,0,BB,PRT,Groups,TA/TO,0,0,0,A,A,0,Non Refund,1.0,0,Transient,62.0,0,0
City Hotel,1,433,2016,September,38,15,0,2,2,0.0,0,BB,PRT,Groups,TA/TO,0,0,0,A,A,0,Non Refund,1.0,0,Transient,62.0,0,0
City Hotel,1,317,2016,September,38,15,0,2,2,0.0,0,BB,PRT,Offline TA/TO,TA/TO,0,0,0,A,A,0,Non Refund,19.0,0,Transient,120.0,0,0
City Hotel,1,317,2016,September,38,15,0,2,2,0.0,0,BB,PRT,Offline TA/TO,TA/TO,0,0,0,A,A,0,Non Refund,19.0,0,Transient,120.0,0,0
City Hotel,1,317,2016,September,38,15,0,2,2,0.0,0,BB,PRT,Offline TA/TO,TA/TO,0,0,0,A,A,0,Non Refund,19.0,0,Transient,120.0,0,0
City Hotel,1,317,2016,September,38,15,0,2,2,0.0,0,BB,PRT,Offline TA/TO,TA/TO,0,0,0,A,A,0,Non Refund,19.0,0,Transient,120.0,0,0
City Hotel,1,317,2016,September,38,15,0,2,2,0.0,0,BB,PRT,Offline TA/TO,TA/TO,0,0,0,A,A,0,Non Refund,19.0,0,Transient,120.0,0,0
City Hotel,1,317,2016,September,38,15,0,2,2,0.0,0,BB,PRT,Offline TA/TO,TA/TO,0,0,0,A,A,0,Non Refund,19.0,0,Transient,120.0,0,0
City Hotel,1,433,2016,September,38,15,0,2,2,0.0,0,BB,PRT,Groups,TA/TO,0,0,0,A,A,0,Non Refund,1.0,0,Transient,62.0,0,0
City Hotel,1,433,2016,September,38,15,0,2,2,0.0,0,BB,PRT,Groups,TA/TO,0,0,0,A,A,0,Non Refund,1.0,0,Transient,62.0,0,0
City Hotel,1,433,2016,September,38,15,0,2,2,0.0,0,BB,PRT,Groups,TA/TO,0,0,0,A,A,0,Non Refund,1.0,0,Transient,62.0,0,0
City Hotel,1,433,2016,September,38,15,0,2,2,0.0,0,BB,PRT,Groups,TA/TO,0,0,0,A,A,0,Non Refund,1.0,0,Transient,62.0,0,0
City Hotel,1,433,2016,September,38,15,0,2,2,0.0,0,BB,PRT,Groups,TA/TO,0,0,0,A,A,0,Non Refund,1.0,0,Transient,62.0,0,0
City Hotel,1,433,2016,September,38,15,0,2,2,0.0,0,BB,PRT,Groups,TA/TO,0,0,0,A,A,0,Non Refund,1.0,0,Transient,62.0,0,0
City Hotel,1,317,2016,September,38,15,0,2,2,0.0,0,BB,PRT,Offline TA/TO,TA/TO,0,0,0,A,A,0,Non Refund,19.0,0,Transient,120.0,0,0
City Hotel,1,317,2016,September,38,15,0,2,2,0.0,0,BB,PRT,Offline TA/TO,TA/TO,0,0,0,A,A,0,Non Refund,19.0,0,Transient,120.0,0,0
City Hotel,1,317,2016,September,38,15,0,2,2,0.0,0,BB,PRT,Offline TA/TO,TA/TO,0,0,0,A,A,0,Non Refund,19.0,0,Transient,120.0,0,0
City Hotel,1,433,2016,September,38,15,0,2,2,0.0,0,BB,PRT,Groups,TA/TO,0,0,0,A,A,0,Non Refund,1.0,0,Transient,62.0,0,0
City Hotel,1,433,2016,September,38,15,0,2,2,0.0,0,BB,PRT,Groups,TA/TO,0,0,0,A,A,0,Non Refund,1.0,0,Transient,62.0,0,0
City Hotel,1,317,2016,September,38,15,0,2,2,0.0,0,BB,PRT,Offline TA/TO,TA/TO,0,0,0,A,A,0,Non Refund,19.0,0,Transient,120.0,0,0
City Hotel,1,317,2016,September,38,15,0,2,2,0.0,0,BB,PRT,Offline TA/TO,TA/TO,0,0,0,A,A,0,Non Refund,19.0,0,Transient,120.0,0,0
City Hotel,1,317,2016,September,38,15,0,2,2,0.0,0,BB,PRT,Offline TA/TO,TA/TO,0,0,0,A,A,0,Non Refund,19.0,0,Transient,120.0,0,0
City Hotel,1,317,2016,September,38,15,0,2,2,0.0,0,BB,PRT,Offline TA/TO,TA/TO,0,0,0,A,A,0,Non Refund,19.0,0,Transient,120.0,0,0
City Hotel,1,39,2016,September,38,15,0,2,2,0.0,0,BB,BRA,Online TA,TA/TO,0,0,0,D,D,0,No Deposit,9.0,0,Transient,149.4,0,0
City Hotel,1,317,2016,September,38,15,0,2,2,0.0,0,BB,PRT,Offline TA/TO,TA/TO,0,0,0,A,A,0,Non Refund,19.0,0,Transient,120.0,0,0
City Hotel,1,317,2016,September,38,15,0,2,2,0.0,0,BB,PRT,Offline TA/TO,TA/TO,0,0,0,A,A,0,Non Refund,19.0,0,Transient,120.0,0,0
City Hotel,1,317,2016,September,38,15,0,2,2,0.0,0,BB,PRT,Offline TA/TO,TA/TO,0,0,0,A,A,0,Non Refund,19.0,0,Transient,120.0,0,0
City Hotel,1,317,2016,September,38,15,0,2,2,0.0,0,BB,PRT,Offline TA/TO,TA/TO,0,0,0,A,A,0,Non Refund,19.0,0,Transient,120.0,0,0
City Hotel,1,433,2016,September,38,15,0,2,2,0.0,0,BB,PRT,Groups,TA/TO,0,0,0,A,A,0,Non Refund,1.0,0,Transient,62.0,0,0
City Hotel,1,433,2016,September,38,15,0,2,2,0.0,0,BB,PRT,Groups,TA/TO,0,0,0,A,A,0,Non Refund,1.0,0,Transient,62.0,0,0
City Hotel,1,9,2016,September,38,15,0,2,2,0.0,0,SC,FRA,Online TA,TA/TO,0,0,0,A,A,0,No Deposit,9.0,0,Transient,149.0,0,1
City Hotel,1,433,2016,September,38,15,0,2,2,0.0,0,BB,PRT,Groups,TA/TO,0,0,0,A,A,0,Non Refund,1.0,0,Transient,62.0,0,0
City Hotel,1,317,2016,September,38,15,0,2,2,0.0,0,BB,PRT,Offline TA/TO,TA/TO,0,0,0,A,A,0,Non Refund,19.0,0,Transient,120.0,0,0
City Hotel,1,317,2016,September,38,15,0,2,2,0.0,0,BB,PRT,Offline TA/TO,TA/TO,0,0,0,A,A,0,Non Refund,19.0,0,Transient,120.0,0,0
City Hotel,1,317,2016,September,38,15,0,2,2,0.0,0,BB,PRT,Offline TA/TO,TA/TO,0,0,0,A,A,0,Non Refund,19.0,0,Transient,120.0,0,0
City Hotel,1,317,2016,September,38,15,0,2,2,0.0,0,BB,PRT,Offline TA/TO,TA/TO,0,0,0,A,A,0,Non Refund,19.0,0,Transient,120.0,0,0
City Hotel,1,70,2016,September,38,15,0,2,2,0.0,0,BB,PRT,Online TA,TA/TO,0,0,0,D,D,0,No Deposit,7.0,0,Transient,149.4,0,0
City Hotel,1,317,2016,September,38,15,0,2,2,0.0,0,BB,PRT,Offline TA/TO,TA/TO,0,0,0,A,A,0,Non Refund,19.0,0,Transient,120.0,0,0
City Hotel,1,317,2016,September,38,15,0,2,2,0.0,0,BB,PRT,Offline TA/TO,TA/TO,0,0,0,A,A,0,Non Refund,19.0,0,Transient,120.0,0,0
City Hotel,1,317,2016,September,38,15,0,2,2,0.0,0,BB,PRT,Offline TA/TO,TA/TO,0,0,0,A,A,0,Non Refund,19.0,0,Transient,120.0,0,0
City Hotel,1,317,2016,September,38,15,0,2,2,0.0,0,BB,PRT,Offline TA/TO,TA/TO,0,0,0,A,A,0,Non Refund,19.0,0,Transient,120.0,0,0
City Hotel,1,433,2016,September,38,15,0,2,2,0.0,0,BB,PRT,Groups,TA/TO,0,0,0,A,A,0,Non Refund,1.0,0,Transient,62.0,0,0
City Hotel,1,433,2016,September,38,15,0,2,2,0.0,0,BB,PRT,Groups,TA/TO,0,0,0,A,A,0,Non Refund,1.0,0,Transient,62.0,0,0
City Hotel,1,433,2016,September,38,15,0,2,2,0.0,0,BB,PRT,Groups,TA/TO,0,0,0,A,A,0,Non Refund,1.0,0,Transient,62.0,0,0
City Hotel,1,22,2016,September,38,15,0,2,2,0.0,0,SC,ARE,Online TA,TA/TO,0,0,0,A,A,0,No Deposit,9.0,0,Transient,139.0,0,1
City Hotel,1,433,2016,September,38,15,0,2,2,0.0,0,BB,PRT,Groups,TA/TO,0,0,0,A,A,0,Non Refund,1.0,0,Transient,62.0,0,0
City Hotel,1,433,2016,September,38,15,0,2,2,0.0,0,BB,PRT,Groups,TA/TO,0,0,0,A,A,0,Non Refund,1.0,0,Transient,62.0,0,0
City Hotel,1,433,2016,September,38,15,0,2,2,0.0,0,BB,PRT,Groups,TA/TO,0,0,0,A,A,0,Non Refund,1.0,0,Transient,62.0,0,0
City Hotel,1,317,2016,September,38,15,0,2,2,0.0,0,BB,PRT,Offline TA/TO,TA/TO,0,0,0,A,A,0,Non Refund,19.0,0,Transient,120.0,0,0
City Hotel,1,317,2016,September,38,15,0,2,2,0.0,0,BB,PRT,Offline TA/TO,TA/TO,0,0,0,A,A,0,Non Refund,19.0,0,Transient,120.0,0,0
City Hotel,1,317,2016,September,38,15,0,2,2,0.0,0,BB,PRT,Offline TA/TO,TA/TO,0,0,0,A,A,0,Non Refund,19.0,0,Transient,120.0,0,0
City Hotel,1,317,2016,September,38,15,0,2,2,0.0,0,BB,PRT,Offline TA/TO,TA/TO,0,0,0,A,A,0,Non Refund,19.0,0,Transient,120.0,0,0
City Hotel,1,433,2016,September,38,15,0,2,2,0.0,0,BB,PRT,Groups,TA/TO,0,0,0,A,A,0,Non Refund,1.0,0,Transient,62.0,0,0
City Hotel,1,433,2016,September,38,15,0,2,2,0.0,0,BB,PRT,Groups,TA/TO,0,0,0,A,A,0,Non Refund,1.0,0,Transient,62.0,0,0
City Hotel,1,317,2016,September,38,15,0,2,2,0.0,0,BB,PRT,Offline TA/TO,TA/TO,0,0,0,A,A,0,Non Refund,19.0,0,Transient,120.0,0,0
City Hotel,1,317,2016,September,38,15,0,2,2,0.0,0,BB,PRT,Offline TA/TO,TA/TO,0,0,0,A,A,0,Non Refund,19.0,0,Transient,120.0,0,0
City Hotel,1,317,2016,September,38,15,0,2,2,0.0,0,BB,PRT,Offline TA/TO,TA/TO,0,0,0,A,A,0,Non Refund,19.0,0,Transient,120.0,0,0
City Hotel,1,66,2016,September,38,15,0,2,2,0.0,0,BB,CHE,Online TA,TA/TO,0,0,0,D,D,0,No Deposit,9.0,0,Transient,149.4,0,0
City Hotel,1,433,2016,September,38,15,0,2,2,0.0,0,BB,PRT,Groups,TA/TO,0,0,0,A,A,0,Non Refund,1.0,0,Transient,62.0,0,0
City Hotel,1,317,2016,September,38,15,0,2,2,0.0,0,BB,PRT,Offline TA/TO,TA/TO,0,0,0,A,A,0,Non Refund,19.0,0,Transient,120.0,0,0
City Hotel,1,317,2016,September,38,15,0,2,2,0.0,0,BB,PRT,Offline TA/TO,TA/TO,0,0,0,A,A,0,Non Refund,19.0,0,Transient,120.0,0,0
City Hotel,1,317,2016,September,38,15,0,2,2,0.0,0,BB,PRT,Offline TA/TO,TA/TO,0,0,0,A,A,0,Non Refund,19.0,0,Transient,120.0,0,0
City Hotel,1,26,2016,September,38,15,0,2,2,0.0,0,SC,MAR,Online TA,TA/TO,0,0,0,A,A,0,No Deposit,9.0,0,Transient,139.0,0,0
City Hotel,1,317,2016,September,38,15,0,2,2,0.0,0,BB,PRT,Offline TA/TO,TA/TO,0,0,0,A,A,0,Non Refund,19.0,0,Transient,120.0,0,0
City Hotel,1,317,2016,September,38,15,0,2,2,0.0,0,BB,PRT,Offline TA/TO,TA/TO,0,0,0,A,A,0,Non Refund,19.0,0,Transient,120.0,0,0
City Hotel,1,317,2016,September,38,15,0,2,2,0.0,0,BB,PRT,Offline TA/TO,TA/TO,0,0,0,A,A,0,Non Refund,19.0,0,Transient,120.0,0,0
City Hotel,1,317,2016,September,38,15,0,2,2,0.0,0,BB,PRT,Offline TA/TO,TA/TO,0,0,0,A,A,0,Non Refund,19.0,0,Transient,120.0,0,0
City Hotel,1,317,2016,September,38,15,0,2,2,0.0,0,BB,PRT,Offline TA/TO,TA/TO,0,0,0,A,A,0,Non Refund,19.0,0,Transient,120.0,0,0
City Hotel,1,317,2016,September,38,15,0,2,2,0.0,0,BB,PRT,Offline TA/TO,TA/TO,0,0,0,A,A,0,Non Refund,19.0,0,Transient,120.0,0,0
City Hotel,1,433,2016,September,38,15,0,2,2,0.0,0,BB,PRT,Groups,TA/TO,0,0,0,A,A,0,Non Refund,1.0,0,Transient,62.0,0,0
City Hotel,1,433,2016,September,38,15,0,2,2,0.0,0,BB,PRT,Groups,TA/TO,0,0,0,A,A,0,Non Refund,1.0,0,Transient,62.0,0,0
City Hotel,1,185,2016,September,38,15,0,3,2,0.0,0,SC,GBR,Online TA,TA/TO,0,0,0,A,A,0,No Deposit,9.0,0,Transient,116.1,0,0
City Hotel,1,17,2016,September,38,15,0,3,2,0.0,0,SC,TUR,Online TA,TA/TO,0,0,0,A,A,0,No Deposit,9.0,0,Transient,125.67,0,0
City Hotel,1,113,2016,September,38,15,0,3,2,0.0,0,BB,CHE,Direct,Direct,0,0,0,A,A,0,No Deposit,14.0,0,Transient,112.2,0,0
City Hotel,1,23,2016,September,38,15,0,3,2,0.0,0,BB,IRL,Online TA,TA/TO,0,0,0,A,A,0,No Deposit,9.0,0,Transient,159.0,0,2
City Hotel,0,258,2016,September,38,15,0,3,2,0.0,0,BB,FRA,Online TA,TA/TO,0,0,0,A,A,0,No Deposit,9.0,0,Transient,106.2,0,0
City Hotel,0,258,2016,September,38,15,0,3,2,0.0,0,BB,FRA,Online TA,TA/TO,0,0,0,A,A,0,No Deposit,9.0,0,Transient,106.2,0,0
City Hotel,1,192,2016,September,38,15,0,3,2,0.0,0,BB,PRT,Online TA,TA/TO,0,0,0,D,D,0,No Deposit,8.0,0,Transient,140.4,0,2
City Hotel,1,82,2016,September,38,15,0,3,2,0.0,0,BB,GBR,Online TA,TA/TO,0,0,0,D,D,0,No Deposit,9.0,0,Transient,149.4,0,1
City Hotel,1,161,2016,September,38,15,1,3,2,0.0,0,BB,IRL,Online TA,TA/TO,0,0,0,A,A,0,No Deposit,9.0,0,Transient,126.9,0,0
City Hotel,1,23,2016,September,38,15,1,3,2,0.0,0,BB,MOZ,Online TA,TA/TO,0,0,0,A,A,0,No Deposit,9.0,0,Transient,156.5,0,0
City Hotel,1,79,2016,September,38,15,2,3,2,0.0,0,HB,GBR,Online TA,TA/TO,0,0,0,D,D,0,No Deposit,9.0,0,Transient,183.6,0,1
City Hotel,1,79,2016,September,38,15,2,3,2,0.0,0,HB,GBR,Online TA,TA/TO,0,0,0,D,D,0,No Deposit,9.0,0,Transient,183.6,0,1
City Hotel,1,25,2016,September,38,15,2,3,2,0.0,0,SC,IRN,Online TA,TA/TO,0,0,0,A,A,0,No Deposit,9.0,0,Transient,135.0,0,1
City Hotel,1,64,2016,September,38,16,0,1,2,0.0,0,BB,RUS,Online TA,TA/TO,0,0,0,D,D,0,No Deposit,9.0,0,Transient,149.4,0,0
City Hotel,1,25,2016,September,38,16,0,1,2,0.0,0,SC,PRT,Online TA,TA/TO,0,0,0,A,A,0,No Deposit,9.0,0,Transient,139.0,0,0
City Hotel,1,88,2016,September,38,16,0,1,2,0.0,0,BB,POL,Online TA,TA/TO,0,0,0,D,D,0,No Deposit,9.0,0,Transient,149.4,0,1
City Hotel,1,68,2016,September,38,16,0,1,2,0.0,0,SC,FRA,Online TA,TA/TO,0,0,0,A,A,0,No Deposit,9.0,0,Transient,125.1,0,0
City Hotel,1,64,2016,September,38,16,0,1,2,0.0,0,BB,RUS,Online TA,TA/TO,0,0,0,D,D,0,No Deposit,9.0,0,Transient,149.4,0,0
City Hotel,1,64,2016,September,38,16,0,1,2,0.0,0,BB,RUS,Online TA,TA/TO,0,0,0,D,D,0,No Deposit,9.0,0,Transient,149.4,0,0
City Hotel,1,64,2016,September,38,16,0,1,2,0.0,0,BB,RUS,Online TA,TA/TO,0,0,0,D,D,0,No Deposit,9.0,0,Transient,149.4,0,0
City Hotel,1,68,2016,September,38,16,0,1,2,0.0,0,BB,FRA,Online TA,TA/TO,0,0,0,D,D,0,No Deposit,9.0,0,Transient,149.4,0,0
City Hotel,1,2,2016,September,38,16,0,1,2,0.0,0,BB,USA,Direct,Direct,0,0,0,A,A,0,No Deposit,14.0,0,Transient,169.0,0,0
City Hotel,1,422,2016,September,38,16,0,2,2,0.0,0,BB,PRT,Groups,TA/TO,0,0,0,A,A,0,No Deposit,1.0,379,Transient-Party,65.0,0,0
City Hotel,1,422,2016,September,38,16,0,2,2,0.0,0,BB,PRT,Groups,TA/TO,0,0,0,A,A,0,No Deposit,1.0,379,Transient-Party,65.0,0,0
City Hotel,0,422,2016,September,38,16,0,2,2,0.0,0,HB,FRA,Groups,TA/TO,0,0,0,A,A,1,No Deposit,1.0,379,Transient-Party,90.0,0,1
City Hotel,0,422,2016,September,38,16,0,2,2,0.0,0,HB,FRA,Groups,TA/TO,0,0,0,A,A,0,No Deposit,1.0,379,Transient-Party,90.0,0,1
City Hotel,1,422,2016,September,38,16,0,2,2,0.0,0,BB,PRT,Groups,TA/TO,0,0,0,A,A,0,No Deposit,1.0,379,Transient-Party,65.0,0,0
City Hotel,1,43,2016,September,38,16,0,2,2,0.0,0,BB,PRT,Groups,TA/TO,0,0,0,A,A,0,No Deposit,86.0,0,Transient-Party,130.0,0,0
City Hotel,1,422,2016,September,38,16,0,2,2,0.0,0,BB,PRT,Groups,TA/TO,0,0,0,A,A,0,No Deposit,1.0,379,Transient-Party,65.0,0,0
City Hotel,1,422,2016,September,38,16,0,2,2,0.0,0,BB,PRT,Groups,TA/TO,0,0,0,A,A,0,No Deposit,1.0,379,Transient-Party,65.0,0,0
City Hotel,1,43,2016,September,38,16,0,2,2,0.0,0,BB,PRT,Groups,TA/TO,0,0,0,A,A,0,No Deposit,86.0,0,Transient-Party,130.0,0,0
City Hotel,1,43,2016,September,38,16,0,2,2,0.0,0,BB,PRT,Groups,TA/TO,0,0,0,A,A,0,No Deposit,86.0,0,Transient-Party,130.0,0,0
City Hotel,1,422,2016,September,38,16,0,2,2,0.0,0,BB,PRT,Groups,TA/TO,0,0,0,A,A,0,No Deposit,1.0,379,Transient-Party,65.0,0,0
City Hotel,1,422,2016,September,38,16,0,2,2,0.0,0,BB,PRT,Groups,TA/TO,0,0,0,A,A,0,No Deposit,1.0,379,Transient-Party,65.0,0,0
City Hotel,1,43,2016,September,38,16,0,2,2,0.0,0,BB,PRT,Groups,TA/TO,0,0,0,A,A,0,No Deposit,86.0,0,Transient-Party,130.0,0,0
City Hotel,1,43,2016,September,38,16,0,2,2,0.0,0,BB,PRT,Groups,TA/TO,0,0,0,A,A,0,No Deposit,86.0,0,Transient-Party,130.0,0,0
City Hotel,0,422,2016,September,38,16,0,2,2,0.0,0,HB,FRA,Groups,TA/TO,0,0,0,A,A,0,No Deposit,1.0,379,Transient-Party,90.0,0,1
City Hotel,1,422,2016,September,38,16,0,2,2,0.0,0,BB,PRT,Groups,TA/TO,0,0,0,A,A,0,No Deposit,1.0,379,Transient-Party,65.0,0,0
City Hotel,0,422,2016,September,38,16,0,2,2,0.0,0,HB,FRA,Groups,TA/TO,0,0,0,A,A,1,No Deposit,1.0,379,Transient-Party,90.0,0,1
City Hotel,1,43,2016,September,38,16,0,2,2,0.0,0,BB,PRT,Groups,TA/TO,0,0,0,A,A,0,No Deposit,86.0,0,Transient-Party,130.0,0,0
City Hotel,1,43,2016,September,38,16,0,2,2,0.0,0,BB,PRT,Groups,TA/TO,0,0,0,A,A,0,No Deposit,86.0,0,Transient-Party,130.0,0,0
City Hotel,0,422,2016,September,38,16,0,2,2,0.0,0,HB,FRA,Groups,TA/TO,0,0,0,A,A,0,No Deposit,1.0,379,Transient-Party,90.0,0,1
City Hotel,1,422,2016,September,38,16,0,2,2,0.0,0,BB,PRT,Groups,TA/TO,0,0,0,A,A,0,No Deposit,1.0,379,Transient-Party,65.0,0,0
City Hotel,1,43,2016,September,38,16,0,2,2,0.0,0,BB,PRT,Groups,TA/TO,0,0,0,A,A,0,No Deposit,86.0,0,Transient-Party,130.0,0,0
City Hotel,0,422,2016,September,38,16,0,2,2,0.0,0,HB,FRA,Groups,TA/TO,0,0,0,A,A,0,No Deposit,1.0,379,Transient-Party,90.0,0,1
City Hotel,1,43,2016,September,38,16,0,2,2,0.0,0,BB,PRT,Groups,TA/TO,0,0,0,A,A,0,No Deposit,86.0,0,Transient-Party,130.0,0,0
City Hotel,1,43,2016,September,38,16,0,2,2,0.0,0,BB,PRT,Groups,TA/TO,0,0,0,A,A,0,No Deposit,86.0,0,Transient-Party,130.0,0,0
City Hotel,1,80,2016,September,38,16,0,2,2,0.0,0,BB,ITA,Online TA,TA/TO,0,0,0,D,D,0,No Deposit,9.0,0,Transient,149.4,0,2
City Hotel,1,302,2016,September,38,16,1,2,2,0.0,0,BB,PRT,Offline TA/TO,TA/TO,0,0,0,A,A,0,Non Refund,12.0,70,Transient,100.0,0,0
City Hotel,1,205,2016,September,38,16,1,2,2,0.0,0,BB,PRT,Groups,TA/TO,0,0,0,A,A,0,Non Refund,37.0,0,Transient,120.0,0,0
City Hotel,1,31,2016,September,38,16,1,2,2,0.0,0,BB,PRT,Offline TA/TO,TA/TO,0,0,0,A,A,0,No Deposit,6.0,0,Transient-Party,75.0,0,0
City Hotel,1,205,2016,September,38,16,1,2,2,0.0,0,BB,PRT,Groups,TA/TO,0,0,0,A,A,0,Non Refund,37.0,0,Transient,120.0,0,0
City Hotel,1,302,2016,September,38,16,1,2,2,0.0,0,BB,PRT,Offline TA/TO,TA/TO,0,0,0,A,A,0,Non Refund,12.0,70,Transient,100.0,0,0
City Hotel,1,171,2016,September,38,16,1,2,2,0.0,0,BB,NLD,Online TA,TA/TO,0,0,0,A,A,0,No Deposit,9.0,0,Transient,126.9,0,0
City Hotel,1,302,2016,September,38,16,1,2,2,0.0,0,BB,PRT,Offline TA/TO,TA/TO,0,0,0,A,A,0,Non Refund,12.0,70,Transient,100.0,0,0
City Hotel,1,302,2016,September,38,16,1,2,2,0.0,0,BB,PRT,Offline TA/TO,TA/TO,0,0,0,A,A,0,Non Refund,12.0,70,Transient,100.0,0,0
City Hotel,1,205,2016,September,38,16,1,2,2,0.0,0,BB,PRT,Groups,TA/TO,0,0,0,A,A,0,Non Refund,37.0,0,Transient,120.0,0,0
City Hotel,1,302,2016,September,38,16,1,2,2,0.0,0,BB,PRT,Offline TA/TO,TA/TO,0,0,0,A,A,0,Non Refund,12.0,70,Transient,100.0,0,0
City Hotel,1,302,2016,September,38,16,1,2,2,0.0,0,BB,PRT,Offline TA/TO,TA/TO,0,0,0,A,A,0,Non Refund,12.0,70,Transient,100.0,0,0
City Hotel,1,205,2016,September,38,16,1,2,2,0.0,0,BB,PRT,Groups,TA/TO,0,0,0,A,A,0,Non Refund,37.0,0,Transient,120.0,0,0
City Hotel,1,205,2016,September,38,16,1,2,2,0.0,0,BB,PRT,Groups,TA/TO,0,0,0,A,A,0,Non Refund,37.0,0,Transient,120.0,0,0
City Hotel,1,205,2016,September,38,16,1,2,2,0.0,0,BB,PRT,Groups,TA/TO,0,0,0,A,A,0,Non Refund,37.0,0,Transient,120.0,0,0
City Hotel,1,205,2016,September,38,16,1,2,2,0.0,0,BB,PRT,Groups,TA/TO,0,0,0,A,A,0,Non Refund,37.0,0,Transient,120.0,0,0
City Hotel,1,205,2016,September,38,16,1,2,2,0.0,0,BB,PRT,Groups,TA/TO,0,0,0,A,A,0,Non Refund,37.0,0,Transient,120.0,0,0
City Hotel,1,205,2016,September,38,16,1,2,2,0.0,0,BB,PRT,Groups,TA/TO,0,0,0,A,A,0,Non Refund,37.0,0,Transient,120.0,0,0
City Hotel,1,205,2016,September,38,16,1,2,2,0.0,0,BB,PRT,Groups,TA/TO,0,0,0,A,A,0,Non Refund,37.0,0,Transient,120.0,0,0
City Hotel,1,302,2016,September,38,16,1,2,2,0.0,0,BB,PRT,Offline TA/TO,TA/TO,0,0,0,A,A,0,Non Refund,12.0,70,Transient,100.0,0,0
City Hotel,1,302,2016,September,38,16,1,2,2,0.0,0,BB,PRT,Offline TA/TO,TA/TO,0,0,0,A,A,0,Non Refund,12.0,70,Transient,100.0,0,0
City Hotel,1,205,2016,September,38,16,1,2,2,0.0,0,BB,PRT,Groups,TA/TO,0,0,0,A,A,0,Non Refund,37.0,0,Transient,120.0,0,0
City Hotel,1,302,2016,September,38,16,1,2,2,0.0,0,BB,PRT,Offline TA/TO,TA/TO,0,0,0,A,A,0,Non Refund,12.0,70,Transient,100.0,0,0
City Hotel,1,205,2016,September,38,16,1,2,2,0.0,0,BB,PRT,Groups,TA/TO,0,0,0,A,A,0,Non Refund,37.0,0,Transient,120.0,0,0
City Hotel,1,205,2016,September,38,16,1,2,2,0.0,0,BB,PRT,Groups,TA/TO,0,0,0,A,A,0,Non Refund,37.0,0,Transient,120.0,0,0
City Hotel,1,205,2016,September,38,16,1,2,2,0.0,0,BB,PRT,Groups,TA/TO,0,0,0,A,A,0,Non Refund,37.0,0,Transient,120.0,0,0
City Hotel,1,31,2016,September,38,16,1,2,2,0.0,0,BB,PRT,Offline TA/TO,TA/TO,0,0,0,A,A,0,No Deposit,6.0,0,Transient-Party,75.0,0,0
City Hotel,1,205,2016,September,38,16,1,2,2,0.0,0,BB,PRT,Groups,TA/TO,0,0,0,A,A,0,Non Refund,37.0,0,Transient,120.0,0,0
City Hotel,1,205,2016,September,38,16,1,2,2,0.0,0,BB,PRT,Groups,TA/TO,0,0,0,A,A,0,Non Refund,37.0,0,Transient,120.0,0,0
City Hotel,1,302,2016,September,38,16,1,2,2,0.0,0,BB,PRT,Offline TA/TO,TA/TO,0,0,0,A,A,0,Non Refund,12.0,70,Transient,100.0,0,0
City Hotel,1,302,2016,September,38,16,1,2,2,0.0,0,BB,PRT,Offline TA/TO,TA/TO,0,0,0,A,A,0,Non Refund,12.0,70,Transient,100.0,0,0
City Hotel,1,302,2016,September,38,16,1,2,2,0.0,0,BB,PRT,Offline TA/TO,TA/TO,0,0,0,A,A,0,Non Refund,12.0,70,Transient,100.0,0,0
City Hotel,1,302,2016,September,38,16,1,2,2,0.0,0,BB,PRT,Offline TA/TO,TA/TO,0,0,0,A,A,0,Non Refund,12.0,70,Transient,100.0,0,0
City Hotel,1,205,2016,September,38,16,1,2,2,0.0,0,BB,PRT,Groups,TA/TO,0,0,0,A,A,0,Non Refund,37.0,0,Transient,120.0,0,0
City Hotel,1,302,2016,September,38,16,1,2,2,0.0,0,BB,PRT,Offline TA/TO,TA/TO,0,0,0,A,A,0,Non Refund,12.0,70,Transient,100.0,0,0
City Hotel,1,302,2016,September,38,16,1,2,2,0.0,0,BB,PRT,Offline TA/TO,TA/TO,0,0,0,A,A,0,Non Refund,12.0,70,Transient,100.0,0,0
City Hotel,1,302,2016,September,38,16,1,2,2,0.0,0,BB,PRT,Offline TA/TO,TA/TO,0,0,0,A,A,0,Non Refund,12.0,70,Transient,100.0,0,0
City Hotel,1,205,2016,September,38,16,1,2,2,0.0,0,BB,PRT,Groups,TA/TO,0,0,0,A,A,0,Non Refund,37.0,0,Transient,120.0,0,0
City Hotel,1,205,2016,September,38,16,1,2,2,0.0,0,BB,PRT,Groups,TA/TO,0,0,0,A,A,0,Non Refund,37.0,0,Transient,120.0,0,0
City Hotel,1,31,2016,September,38,16,1,2,2,0.0,0,BB,PRT,Offline TA/TO,TA/TO,0,0,0,A,A,0,No Deposit,6.0,0,Transient-Party,75.0,0,0
City Hotel,1,31,2016,September,38,16,1,2,2,0.0,0,BB,PRT,Offline TA/TO,TA/TO,0,0,0,A,A,0,No Deposit,6.0,0,Transient-Party,75.0,0,0
City Hotel,1,0,2016,September,38,16,1,2,2,0.0,0,BB,CHE,Direct,Direct,0,0,0,A,K,0,No Deposit,14.0,0,Transient,78.8,0,0
City Hotel,1,302,2016,September,38,16,1,2,2,0.0,0,BB,PRT,Offline TA/TO,TA/TO,0,0,0,A,A,0,Non Refund,12.0,70,Transient,100.0,0,0
City Hotel,1,302,2016,September,38,16,1,2,2,0.0,0,BB,PRT,Offline TA/TO,TA/TO,0,0,0,A,A,0,Non Refund,12.0,70,Transient,100.0,0,0
City Hotel,1,205,2016,September,38,16,1,2,2,0.0,0,BB,PRT,Groups,TA/TO,0,0,0,A,A,0,Non Refund,37.0,0,Transient,120.0,0,0
City Hotel,1,205,2016,September,38,16,1,2,2,0.0,0,BB,PRT,Groups,TA/TO,0,0,0,A,A,0,Non Refund,37.0,0,Transient,120.0,0,0
City Hotel,1,205,2016,September,38,16,1,2,2,0.0,0,BB,PRT,Groups,TA/TO,0,0,0,A,A,0,Non Refund,37.0,0,Transient,120.0,0,0
City Hotel,1,205,2016,September,38,16,1,2,2,0.0,0,BB,PRT,Groups,TA/TO,0,0,0,A,A,0,Non Refund,37.0,0,Transient,120.0,0,0
City Hotel,1,205,2016,September,38,16,1,2,2,0.0,0,BB,PRT,Groups,TA/TO,0,0,0,A,A,0,Non Refund,37.0,0,Transient,120.0,0,0
City Hotel,1,145,2016,September,38,16,2,2,2,0.0,0,SC,GBR,Online TA,TA/TO,0,0,0,A,A,0,No Deposit,9.0,0,Transient,118.8,0,0
City Hotel,1,159,2016,September,38,16,2,3,2,0.0,0,BB,DEU,Online TA,TA/TO,0,0,0,A,A,3,No Deposit,9.0,0,Transient,130.14,0,2
City Hotel,1,69,2016,September,38,17,0,1,2,0.0,0,BB,CHE,Online TA,TA/TO,0,0,0,D,D,0,No Deposit,9.0,0,Transient,149.4,0,0
City Hotel,1,151,2016,September,38,17,0,1,2,0.0,0,BB,PRT,Offline TA/TO,TA/TO,0,0,0,A,A,0,No Deposit,86.0,107,Transient-Party,130.0,0,0
City Hotel,1,5,2016,September,38,17,0,1,2,0.0,0,SC,USA,Online TA,TA/TO,0,0,0,A,A,0,No Deposit,9.0,0,Transient,159.0,0,1
City Hotel,1,3,2016,September,38,17,0,1,2,0.0,0,BB,PRT,Direct,Direct,0,0,0,A,A,0,No Deposit,,0,Group,159.0,0,0
City Hotel,1,19,2016,September,38,17,0,1,2,0.0,0,BB,CHE,Direct,Direct,0,0,0,A,A,2,No Deposit,14.0,0,Transient,178.0,0,3
City Hotel,1,315,2016,September,38,17,1,1,2,0.0,0,BB,PRT,Groups,TA/TO,0,0,0,A,A,0,No Deposit,1.0,38,Transient-Party,65.0,0,0
City Hotel,1,315,2016,September,38,17,1,1,2,0.0,0,BB,PRT,Groups,TA/TO,0,0,0,A,A,0,No Deposit,1.0,38,Transient-Party,65.0,0,0
City Hotel,1,315,2016,September,38,17,1,1,2,0.0,0,BB,PRT,Groups,TA/TO,0,0,0,A,A,0,No Deposit,1.0,38,Transient-Party,65.0,0,0
City Hotel,1,315,2016,September,38,17,1,1,2,0.0,0,BB,PRT,Groups,TA/TO,0,0,0,A,A,0,No Deposit,1.0,38,Transient-Party,65.0,0,0
City Hotel,1,315,2016,September,38,17,1,1,2,0.0,0,BB,PRT,Groups,TA/TO,0,0,0,A,A,0,No Deposit,1.0,38,Transient-Party,65.0,0,0
City Hotel,1,315,2016,September,38,17,1,1,2,0.0,0,BB,PRT,Groups,TA/TO,0,0,0,A,A,0,No Deposit,1.0,38,Transient-Party,65.0,0,0
City Hotel,1,315,2016,September,38,17,1,1,2,0.0,0,BB,PRT,Groups,TA/TO,0,0,0,A,A,0,No Deposit,1.0,38,Transient-Party,65.0,0,0
City Hotel,1,175,2016,September,38,17,1,1,2,0.0,0,BB,GBR,Online TA,TA/TO,0,0,0,D,D,0,No Deposit,9.0,0,Transient,140.4,0,1
City Hotel,1,19,2016,September,38,17,1,1,2,0.0,0,SC,GBR,Online TA,TA/TO,0,0,0,A,A,1,No Deposit,9.0,0,Transient,134.0,0,1
City Hotel,1,315,2016,September,38,17,1,1,2,0.0,0,BB,PRT,Groups,TA/TO,0,0,0,A,A,0,No Deposit,1.0,38,Transient-Party,65.0,0,0
City Hotel,1,315,2016,September,38,17,1,1,2,0.0,0,BB,PRT,Groups,TA/TO,0,0,0,A,A,0,No Deposit,1.0,38,Transient-Party,65.0,0,0
City Hotel,1,141,2016,September,38,17,1,1,2,0.0,0,BB,DNK,Online TA,TA/TO,0,0,0,D,D,0,No Deposit,9.0,0,Transient,143.1,0,0
City Hotel,1,29,2016,September,38,17,1,1,2,0.0,0,SC,PRT,Offline TA/TO,TA/TO,0,0,0,A,A,0,No Deposit,138.0,0,Transient,85.0,0,0
City Hotel,1,315,2016,September,38,17,1,1,2,0.0,0,BB,PRT,Groups,TA/TO,0,0,0,A,A,0,No Deposit,1.0,38,Transient-Party,65.0,0,0
City Hotel,1,220,2016,September,38,17,2,1,2,0.0,0,HB,PRT,Offline TA/TO,TA/TO,0,0,0,A,A,0,No Deposit,177.0,0,Transient-Party,172.0,0,0
City Hotel,1,220,2016,September,38,17,2,1,2,0.0,0,HB,PRT,Offline TA/TO,TA/TO,0,0,0,A,A,0,No Deposit,177.0,0,Transient-Party,172.0,0,0
City Hotel,1,26,2016,September,38,17,2,1,2,0.0,0,BB,FRA,Online TA,TA/TO,0,0,0,A,A,0,No Deposit,9.0,0,Transient,152.33,0,2
City Hotel,1,220,2016,September,38,17,2,1,2,0.0,0,HB,PRT,Offline TA/TO,TA/TO,0,0,0,A,A,0,No Deposit,177.0,0,Transient-Party,172.0,0,0
City Hotel,1,115,2016,September,38,17,2,2,2,0.0,0,SC,CHN,Online TA,TA/TO,0,0,0,A,A,0,No Deposit,9.0,0,Transient,106.92,0,0
City Hotel,1,5,2016,September,38,17,2,2,2,0.0,0,BB,FRA,Online TA,TA/TO,0,0,0,A,A,0,No Deposit,9.0,0,Transient,166.5,0,1
City Hotel,1,2,2016,September,38,17,2,3,2,0.0,0,BB,PRT,Direct,Direct,0,0,0,E,E,0,No Deposit,,0,Transient,181.79,0,0
City Hotel,1,45,2016,September,39,18,1,0,2,0.0,0,SC,BRA,Online TA,TA/TO,0,0,0,A,A,0,No Deposit,9.0,0,Transient,125.1,0,3
City Hotel,1,130,2016,September,39,18,1,0,2,0.0,0,SC,BRA,Online TA,TA/TO,0,0,0,A,A,0,No Deposit,9.0,0,Transient,118.8,0,1
City Hotel,1,29,2016,September,39,18,2,0,2,0.0,0,SC,GBR,Online TA,TA/TO,0,0,0,A,A,0,No Deposit,9.0,0,Transient,122.55,0,0
City Hotel,1,76,2016,September,39,18,2,0,2,0.0,0,BB,PRT,Offline TA/TO,TA/TO,0,0,0,A,A,0,No Deposit,83.0,0,Transient,102.68,0,0
City Hotel,1,76,2016,September,39,18,2,0,2,0.0,0,BB,PRT,Offline TA/TO,TA/TO,0,0,0,A,A,0,No Deposit,83.0,0,Transient,102.68,0,0
City Hotel,1,155,2016,September,39,18,2,0,2,0.0,0,BB,ESP,Online TA,TA/TO,0,0,0,D,D,2,No Deposit,9.0,0,Transient,143.1,0,0
City Hotel,1,38,2016,September,39,18,2,0,2,0.0,0,SC,JOR,Online TA,TA/TO,0,0,0,A,A,0,No Deposit,9.0,0,Transient,125.1,0,0
City Hotel,1,175,2016,September,39,18,2,0,2,0.0,0,BB,JEY,Online TA,TA/TO,0,0,0,A,A,0,No Deposit,9.0,0,Transient,126.9,0,0
City Hotel,1,29,2016,September,39,18,2,0,2,0.0,0,SC,GBR,Online TA,TA/TO,0,0,0,A,A,0,No Deposit,9.0,0,Transient,122.55,0,0
City Hotel,1,41,2016,September,39,18,2,1,2,0.0,0,BB,GBR,Online TA,TA/TO,0,0,0,D,D,0,No Deposit,9.0,0,Transient,149.4,0,1
City Hotel,1,21,2016,September,39,18,2,1,2,0.0,0,SC,MYS,Online TA,TA/TO,0,0,0,A,A,0,No Deposit,9.0,0,Transient,129.0,0,1
City Hotel,1,104,2016,September,39,18,2,1,2,0.0,0,BB,DEU,Online TA,TA/TO,0,0,0,A,A,0,No Deposit,9.0,0,Transient,135.9,0,2
City Hotel,1,41,2016,September,39,18,2,1,2,0.0,0,BB,GBR,Online TA,TA/TO,0,0,0,D,D,0,No Deposit,9.0,0,Transient,149.4,0,1
City Hotel,1,61,2016,September,39,18,2,1,2,0.0,0,BB,LVA,Online TA,TA/TO,0,0,0,A,A,0,No Deposit,9.0,0,Transient,135.9,0,0
City Hotel,1,12,2016,September,39,18,2,1,2,0.0,0,BB,POL,Online TA,TA/TO,0,0,0,A,A,0,No Deposit,9.0,0,Transient,162.33,0,2
City Hotel,1,6,2016,September,39,18,2,1,2,0.0,0,BB,BEL,Online TA,TA/TO,0,0,0,A,A,0,No Deposit,9.0,0,Transient,162.33,0,0
City Hotel,1,20,2016,September,39,18,2,2,2,0.0,0,BB,PRT,Offline TA/TO,TA/TO,0,0,0,A,A,0,No Deposit,118.0,0,Transient,95.0,0,1
City Hotel,1,230,2016,September,39,18,2,2,2,0.0,0,BB,BEL,Online TA,TA/TO,0,0,0,A,A,3,No Deposit,9.0,0,Transient,109.65,0,1
City Hotel,1,30,2016,September,39,18,2,3,2,0.0,0,BB,PRT,Corporate,Corporate,0,0,0,E,E,0,No Deposit,,0,Transient,170.63,0,1
City Hotel,1,73,2016,September,39,18,2,3,2,0.0,0,SC,PRT,Offline TA/TO,TA/TO,0,0,0,A,A,0,No Deposit,138.0,0,Transient,85.0,0,0
City Hotel,1,19,2016,September,39,19,1,0,2,0.0,0,BB,PRT,Offline TA/TO,TA/TO,0,0,0,A,A,0,Non Refund,287.0,0,Transient,118.15,0,0
City Hotel,1,19,2016,September,39,19,1,0,2,0.0,0,BB,PRT,Offline TA/TO,TA/TO,0,0,0,A,A,0,Non Refund,287.0,0,Transient,118.15,0,0
City Hotel,1,21,2016,September,39,19,1,0,2,0.0,0,BB,GBR,Online TA,TA/TO,0,0,0,D,D,0,No Deposit,9.0,0,Transient,164.0,0,1
City Hotel,1,27,2016,September,39,19,1,0,2,0.0,0,BB,PRT,Offline TA/TO,TA/TO,0,0,0,A,A,0,Non Refund,287.0,8,Transient,118.15,0,0
City Hotel,1,19,2016,September,39,19,1,0,2,0.0,0,BB,PRT,Offline TA/TO,TA/TO,0,0,0,A,A,0,Non Refund,287.0,0,Transient,118.15,0,0
City Hotel,1,19,2016,September,39,19,1,0,2,0.0,0,BB,PRT,Offline TA/TO,TA/TO,0,0,0,A,A,0,Non Refund,287.0,0,Transient,118.15,0,0
City Hotel,1,19,2016,September,39,19,1,0,2,0.0,0,BB,PRT,Offline TA/TO,TA/TO,0,0,0,A,A,0,Non Refund,287.0,0,Transient,118.15,0,0
City Hotel,1,13,2016,September,39,19,1,1,2,0.0,0,BB,PRT,Direct,Direct,0,0,0,A,A,0,No Deposit,,0,Transient,134.0,0,1
City Hotel,1,280,2016,September,39,19,1,2,2,0.0,0,BB,PRT,Offline TA/TO,TA/TO,0,0,0,A,A,0,Non Refund,6.0,35,Transient,110.0,0,0
City Hotel,1,280,2016,September,39,19,1,2,2,0.0,0,BB,PRT,Offline TA/TO,TA/TO,0,0,0,A,A,0,Non Refund,6.0,35,Transient,110.0,0,0
City Hotel,1,42,2016,September,39,19,1,1,2,0.0,0,SC,CHN,Online TA,TA/TO,0,0,0,A,A,0,No Deposit,9.0,0,Transient,112.59,0,1
City Hotel,1,280,2016,September,39,19,1,2,2,0.0,0,BB,PRT,Offline TA/TO,TA/TO,0,0,0,A,A,0,Non Refund,6.0,35,Transient,110.0,0,0
City Hotel,1,280,2016,September,39,19,1,2,2,0.0,0,BB,PRT,Offline TA/TO,TA/TO,0,0,0,A,A,0,Non Refund,6.0,35,Transient,110.0,0,0
City Hotel,1,280,2016,September,39,19,1,2,2,0.0,0,BB,PRT,Offline TA/TO,TA/TO,0,0,0,A,A,0,Non Refund,6.0,35,Transient,110.0,0,0
City Hotel,1,280,2016,September,39,19,1,2,2,0.0,0,BB,PRT,Offline TA/TO,TA/TO,0,0,0,A,A,0,Non Refund,6.0,35,Transient,110.0,0,0
City Hotel,1,280,2016,September,39,19,1,2,2,0.0,0,BB,PRT,Offline TA/TO,TA/TO,0,0,0,A,A,0,Non Refund,6.0,35,Transient,110.0,0,0
City Hotel,1,280,2016,September,39,19,1,2,2,0.0,0,BB,PRT,Offline TA/TO,TA/TO,0,0,0,A,A,0,Non Refund,6.0,35,Transient,110.0,0,0
City Hotel,1,280,2016,September,39,19,1,2,2,0.0,0,BB,PRT,Offline TA/TO,TA/TO,0,0,0,A,A,0,Non Refund,6.0,35,Transient,110.0,0,0
City Hotel,1,280,2016,September,39,19,1,2,2,0.0,0,BB,PRT,Offline TA/TO,TA/TO,0,0,0,A,A,0,Non Refund,6.0,35,Transient,110.0,0,0
City Hotel,1,280,2016,September,39,19,1,2,2,0.0,0,BB,PRT,Offline TA/TO,TA/TO,0,0,0,A,A,0,Non Refund,6.0,35,Transient,110.0,0,0
City Hotel,1,280,2016,September,39,19,1,2,2,0.0,0,BB,PRT,Offline TA/TO,TA/TO,0,0,0,A,A,0,Non Refund,6.0,35,Transient,110.0,0,0
City Hotel,1,280,2016,September,39,19,1,2,2,0.0,0,BB,PRT,Offline TA/TO,TA/TO,0,0,0,A,A,0,Non Refund,6.0,35,Transient,110.0,0,0
City Hotel,1,280,2016,September,39,19,1,2,2,0.0,0,BB,PRT,Offline TA/TO,TA/TO,0,0,0,A,A,0,Non Refund,6.0,35,Transient,110.0,0,0
City Hotel,1,280,2016,September,39,19,1,2,2,0.0,0,BB,PRT,Offline TA/TO,TA/TO,0,0,0,A,A,0,Non Refund,6.0,35,Transient,110.0,0,0
City Hotel,1,280,2016,September,39,19,1,2,2,0.0,0,BB,PRT,Offline TA/TO,TA/TO,0,0,0,A,A,0,Non Refund,6.0,35,Transient,110.0,0,0
City Hotel,1,280,2016,September,39,19,1,2,2,0.0,0,BB,PRT,Offline TA/TO,TA/TO,0,0,0,A,A,0,Non Refund,6.0,35,Transient,110.0,0,0
City Hotel,1,280,2016,September,39,19,1,2,2,0.0,0,BB,PRT,Offline TA/TO,TA/TO,0,0,0,A,A,0,Non Refund,6.0,35,Transient,110.0,0,0
City Hotel,1,280,2016,September,39,19,1,2,2,0.0,0,BB,PRT,Offline TA/TO,TA/TO,0,0,0,A,A,0,Non Refund,6.0,35,Transient,110.0,0,0
City Hotel,1,280,2016,September,39,19,1,2,2,0.0,0,BB,PRT,Offline TA/TO,TA/TO,0,0,0,A,A,0,Non Refund,6.0,35,Transient,110.0,0,0
City Hotel,1,280,2016,September,39,19,1,2,2,0.0,0,BB,PRT,Offline TA/TO,TA/TO,0,0,0,A,A,0,Non Refund,6.0,35,Transient,110.0,0,0
City Hotel,1,280,2016,September,39,19,1,2,2,0.0,0,BB,PRT,Offline TA/TO,TA/TO,0,0,0,A,A,0,Non Refund,6.0,35,Transient,110.0,0,0
City Hotel,1,280,2016,September,39,19,1,2,2,0.0,0,BB,PRT,Offline TA/TO,TA/TO,0,0,0,A,A,0,Non Refund,6.0,35,Transient,110.0,0,0
City Hotel,1,280,2016,September,39,19,1,2,2,0.0,0,BB,PRT,Offline TA/TO,TA/TO,0,0,0,A,A,0,Non Refund,6.0,35,Transient,110.0,0,0
City Hotel,1,280,2016,September,39,19,1,2,2,0.0,0,BB,PRT,Offline TA/TO,TA/TO,0,0,0,A,A,0,Non Refund,6.0,35,Transient,110.0,0,0
City Hotel,1,280,2016,September,39,19,1,2,2,0.0,0,BB,PRT,Offline TA/TO,TA/TO,0,0,0,A,A,0,Non Refund,6.0,35,Transient,110.0,0,0
City Hotel,1,280,2016,September,39,19,1,2,2,0.0,0,BB,PRT,Offline TA/TO,TA/TO,0,0,0,A,A,0,Non Refund,6.0,35,Transient,110.0,0,0
City Hotel,1,280,2016,September,39,19,1,2,2,0.0,0,BB,PRT,Offline TA/TO,TA/TO,0,0,0,A,A,0,Non Refund,6.0,35,Transient,110.0,0,0
City Hotel,1,280,2016,September,39,19,1,2,2,0.0,0,BB,PRT,Offline TA/TO,TA/TO,0,0,0,A,A,0,Non Refund,6.0,35,Transient,110.0,0,0
City Hotel,1,280,2016,September,39,19,1,2,2,0.0,0,BB,PRT,Offline TA/TO,TA/TO,0,0,0,A,A,0,Non Refund,6.0,35,Transient,110.0,0,0
City Hotel,1,280,2016,September,39,19,1,2,2,0.0,0,BB,PRT,Offline TA/TO,TA/TO,0,0,0,A,A,0,Non Refund,6.0,35,Transient,110.0,0,0
City Hotel,1,280,2016,September,39,19,1,2,2,0.0,0,BB,PRT,Offline TA/TO,TA/TO,0,0,0,A,A,0,Non Refund,6.0,35,Transient,110.0,0,0
City Hotel,1,49,2016,September,39,19,1,3,2,0.0,0,HB,ESP,Online TA,TA/TO,0,0,0,D,D,0,No Deposit,9.0,0,Transient,192.6,0,1
City Hotel,1,163,2016,September,39,19,1,3,2,0.0,0,BB,NLD,Online TA,TA/TO,0,0,0,D,D,0,No Deposit,9.0,0,Transient,140.4,0,0
City Hotel,1,73,2016,September,39,19,1,3,2,0.0,0,BB,MEX,Online TA,TA/TO,0,0,0,D,D,0,No Deposit,9.0,0,Transient,149.4,0,1
City Hotel,1,73,2016,September,39,19,1,3,2,0.0,0,BB,MEX,Online TA,TA/TO,0,0,0,D,D,0,No Deposit,9.0,0,Transient,149.4,0,1
City Hotel,0,267,2016,September,39,19,2,5,2,0.0,0,BB,BEL,Online TA,TA/TO,0,0,0,A,A,0,No Deposit,7.0,0,Transient,73.37,0,1
City Hotel,1,213,2016,September,39,19,3,5,2,0.0,0,BB,BRA,Online TA,TA/TO,0,0,0,A,A,0,No Deposit,9.0,0,Transient,119.85,0,0
City Hotel,1,164,2016,September,39,19,3,6,2,0.0,0,SC,NOR,Online TA,TA/TO,0,0,0,A,A,0,No Deposit,9.0,0,Transient,116.1,0,0
City Hotel,1,141,2016,September,39,19,2,5,2,0.0,0,BB,GBR,Online TA,TA/TO,0,0,0,A,A,2,No Deposit,9.0,0,Transient,129.86,0,3
City Hotel,1,0,2016,September,39,20,0,1,2,0.0,0,BB,PRT,Direct,Direct,0,0,0,A,C,0,No Deposit,,0,Transient,190.0,0,0
City Hotel,1,71,2016,September,39,20,0,2,2,0.0,0,BB,PRT,Offline TA/TO,TA/TO,0,0,0,A,A,0,No Deposit,42.0,0,Transient,80.75,0,0
City Hotel,1,40,2016,September,39,20,0,3,2,0.0,0,BB,PRT,Online TA,TA/TO,0,0,0,F,F,0,No Deposit,8.0,0,Transient,207.9,0,2
City Hotel,1,125,2016,September,39,20,1,5,2,0.0,0,BB,GBR,Online TA,TA/TO,0,0,0,D,D,0,No Deposit,9.0,0,Transient,143.1,0,0
City Hotel,1,123,2016,September,39,20,1,5,2,0.0,0,BB,GBR,Online TA,TA/TO,0,0,0,D,D,0,No Deposit,9.0,0,Transient,143.1,0,1
City Hotel,1,120,2016,September,39,20,1,5,2,0.0,0,BB,GBR,Online TA,TA/TO,0,0,0,D,D,0,No Deposit,9.0,0,Transient,143.1,0,0
City Hotel,1,123,2016,September,39,20,1,5,2,0.0,0,BB,GBR,Online TA,TA/TO,0,0,0,D,D,0,No Deposit,9.0,0,Transient,143.1,0,1
City Hotel,1,106,2016,September,39,20,1,5,2,0.0,0,BB,GBR,Online TA,TA/TO,0,0,0,A,B,1,No Deposit,9.0,0,Transient,135.9,0,2
City Hotel,1,125,2016,September,39,20,1,5,2,0.0,0,BB,GBR,Online TA,TA/TO,0,0,0,D,D,0,No Deposit,9.0,0,Transient,143.1,0,0
City Hotel,1,142,2016,September,39,20,1,5,2,0.0,0,BB,GBR,Online TA,TA/TO,0,0,0,D,D,0,No Deposit,9.0,0,Transient,143.1,0,0
City Hotel,1,124,2016,September,39,20,1,5,2,0.0,0,BB,GBR,Online TA,TA/TO,0,0,0,D,D,0,No Deposit,9.0,0,Transient,143.1,0,0
City Hotel,1,123,2016,September,39,20,1,5,2,0.0,0,BB,GBR,Online TA,TA/TO,0,0,0,D,D,0,No Deposit,9.0,0,Transient,143.1,0,1
City Hotel,1,142,2016,September,39,20,1,5,2,0.0,0,BB,GBR,Online TA,TA/TO,0,0,0,A,B,1,No Deposit,9.0,0,Transient,129.6,0,1
City Hotel,1,123,2016,September,39,20,1,5,2,0.0,0,BB,GBR,Online TA,TA/TO,0,0,0,D,D,0,No Deposit,9.0,0,Transient,143.1,0,1
City Hotel,1,1,2016,September,39,20,0,3,2,0.0,0,BB,PRT,Direct,Direct,0,0,0,A,A,0,No Deposit,,0,Transient,160.0,0,0
City Hotel,1,55,2016,September,39,20,0,3,2,0.0,0,BB,GBR,Online TA,TA/TO,0,0,0,D,D,0,No Deposit,9.0,0,Transient,149.4,0,0
City Hotel,1,117,2016,September,39,20,0,3,2,0.0,0,BB,IRL,Online TA,TA/TO,0,0,0,D,D,0,No Deposit,9.0,0,Transient,143.1,0,0
City Hotel,1,232,2016,September,39,20,0,4,2,0.0,0,SC,IRL,Online TA,TA/TO,0,0,0,A,A,0,No Deposit,9.0,0,Transient,109.65,0,1
City Hotel,1,255,2016,September,39,20,0,4,2,0.0,0,BB,USA,Online TA,TA/TO,0,0,0,D,D,4,No Deposit,9.0,0,Transient,122.83,0,0
City Hotel,1,182,2016,September,39,20,0,4,2,0.0,0,BB,FIN,Online TA,TA/TO,0,0,0,A,A,0,No Deposit,9.0,0,Transient,126.9,0,0
City Hotel,1,171,2016,September,39,20,2,5,2,0.0,0,BB,PRT,Offline TA/TO,TA/TO,0,0,0,A,A,0,No Deposit,85.0,0,Transient,80.75,0,0
City Hotel,1,200,2016,September,39,20,2,8,2,0.0,0,BB,IRL,Online TA,TA/TO,0,0,0,A,A,0,No Deposit,9.0,0,Transient,129.54,0,0
City Hotel,1,20,2016,September,39,21,0,1,2,0.0,0,BB,PRT,Offline TA/TO,TA/TO,0,0,0,A,A,0,No Deposit,138.0,0,Transient,85.5,0,0
City Hotel,1,77,2016,September,39,21,0,3,2,0.0,0,BB,IRL,Online TA,TA/TO,0,0,0,B,B,1,No Deposit,9.0,0,Transient,127.38,0,3
City Hotel,1,296,2016,September,39,21,0,4,2,0.0,0,BB,PRT,Offline TA/TO,TA/TO,0,0,0,A,A,0,No Deposit,26.0,0,Transient-Party,85.0,0,0
City Hotel,1,296,2016,September,39,21,0,4,2,0.0,0,BB,PRT,Offline TA/TO,TA/TO,0,0,0,A,A,0,No Deposit,26.0,0,Transient-Party,85.0,0,0
City Hotel,1,296,2016,September,39,21,0,4,2,0.0,0,BB,PRT,Offline TA/TO,TA/TO,0,0,0,A,A,0,No Deposit,26.0,0,Transient-Party,85.0,0,0
City Hotel,1,136,2016,September,39,21,1,4,2,0.0,0,BB,GBR,Online TA,TA/TO,0,0,0,D,D,0,No Deposit,9.0,0,Transient,144.9,0,1
City Hotel,1,143,2016,September,39,21,1,4,2,0.0,0,BB,GBR,Online TA,TA/TO,0,0,0,A,A,0,No Deposit,9.0,0,Transient,129.6,0,2
City Hotel,1,143,2016,September,39,21,1,4,2,0.0,0,BB,GBR,Online TA,TA/TO,0,0,0,A,A,0,No Deposit,9.0,0,Transient,129.6,0,2
City Hotel,1,110,2016,September,39,21,1,4,2,0.0,0,BB,GBR,Online TA,TA/TO,0,0,0,D,D,0,No Deposit,9.0,0,Transient,149.4,0,1
City Hotel,1,124,2016,September,39,21,2,4,2,0.0,0,BB,GBR,Online TA,TA/TO,0,0,0,D,D,0,No Deposit,9.0,0,Transient,143.1,0,0
City Hotel,1,440,2016,September,39,22,0,2,2,0.0,0,BB,PRT,Groups,TA/TO,0,0,0,A,A,0,Non Refund,1.0,0,Transient,62.0,0,0
City Hotel,1,440,2016,September,39,22,0,2,2,0.0,0,BB,PRT,Groups,TA/TO,0,0,0,A,A,0,Non Refund,1.0,0,Transient,62.0,0,0
City Hotel,1,440,2016,September,39,22,0,2,2,0.0,0,BB,PRT,Groups,TA/TO,0,0,0,A,A,0,Non Refund,1.0,0,Transient,62.0,0,0
City Hotel,1,440,2016,September,39,22,0,2,2,0.0,0,BB,PRT,Groups,TA/TO,0,0,0,A,A,0,Non Refund,1.0,0,Transient,62.0,0,0
City Hotel,1,440,2016,September,39,22,0,2,2,0.0,0,BB,PRT,Groups,TA/TO,0,0,0,A,A,0,Non Refund,1.0,0,Transient,62.0,0,0
City Hotel,1,440,2016,September,39,22,0,2,2,0.0,0,BB,PRT,Groups,TA/TO,0,0,0,A,A,0,Non Refund,1.0,0,Transient,62.0,0,0
City Hotel,1,440,2016,September,39,22,0,2,2,0.0,0,BB,PRT,Groups,TA/TO,0,0,0,A,A,0,Non Refund,1.0,0,Transient,62.0,0,0
City Hotel,1,440,2016,September,39,22,0,2,2,0.0,0,BB,PRT,Groups,TA/TO,0,0,0,A,A,0,Non Refund,1.0,0,Transient,62.0,0,0
City Hotel,1,440,2016,September,39,22,0,2,2,0.0,0,BB,PRT,Groups,TA/TO,0,0,0,A,A,0,Non Refund,1.0,0,Transient,62.0,0,0
City Hotel,1,440,2016,September,39,22,0,2,2,0.0,0,BB,PRT,Groups,TA/TO,0,0,0,A,A,0,Non Refund,1.0,0,Transient,62.0,0,0
City Hotel,1,440,2016,September,39,22,0,2,2,0.0,0,BB,PRT,Groups,TA/TO,0,0,0,A,A,0,Non Refund,1.0,0,Transient,62.0,0,0
City Hotel,1,440,2016,September,39,22,0,2,2,0.0,0,BB,PRT,Groups,TA/TO,0,0,0,A,A,0,Non Refund,1.0,0,Transient,62.0,0,0
City Hotel,1,440,2016,September,39,22,0,2,2,0.0,0,BB,PRT,Groups,TA/TO,0,0,0,A,A,0,Non Refund,1.0,0,Transient,62.0,0,0
City Hotel,1,440,2016,September,39,22,0,2,2,0.0,0,BB,PRT,Groups,TA/TO,0,0,0,A,A,0,Non Refund,1.0,0,Transient,62.0,0,0
City Hotel,1,440,2016,September,39,22,0,2,2,0.0,0,BB,PRT,Groups,TA/TO,0,0,0,A,A,0,Non Refund,1.0,0,Transient,62.0,0,0
City Hotel,1,440,2016,September,39,22,0,2,2,0.0,0,BB,PRT,Groups,TA/TO,0,0,0,A,A,0,Non Refund,1.0,0,Transient,62.0,0,0
City Hotel,1,440,2016,September,39,22,0,2,2,0.0,0,BB,PRT,Groups,TA/TO,0,0,0,A,A,0,Non Refund,1.0,0,Transient,62.0,0,0
City Hotel,1,440,2016,September,39,22,0,2,2,0.0,0,BB,PRT,Groups,TA/TO,0,0,0,A,A,0,Non Refund,1.0,0,Transient,62.0,0,0
City Hotel,1,440,2016,September,39,22,0,2,2,0.0,0,BB,PRT,Groups,TA/TO,0,0,0,A,A,0,Non Refund,1.0,0,Transient,62.0,0,0
City Hotel,1,440,2016,September,39,22,0,2,2,0.0,0,BB,PRT,Groups,TA/TO,0,0,0,A,A,0,Non Refund,1.0,0,Transient,62.0,0,0
City Hotel,1,0,2016,September,39,22,0,1,2,0.0,0,BB,PRT,Direct,Direct,0,0,0,A,A,0,No Deposit,,0,Transient,89.0,0,0
City Hotel,1,440,2016,September,39,22,0,2,2,0.0,0,BB,PRT,Groups,TA/TO,0,0,0,A,A,0,Non Refund,1.0,0,Transient,62.0,0,0
City Hotel,1,440,2016,September,39,22,0,2,2,0.0,0,BB,PRT,Groups,TA/TO,0,0,0,A,A,0,Non Refund,1.0,0,Transient,62.0,0,0
City Hotel,1,440,2016,September,39,22,0,2,2,0.0,0,BB,PRT,Groups,TA/TO,0,0,0,A,A,0,Non Refund,1.0,0,Transient,62.0,0,0
City Hotel,1,440,2016,September,39,22,0,2,2,0.0,0,BB,PRT,Groups,TA/TO,0,0,0,A,A,0,Non Refund,1.0,0,Transient,62.0,0,0
City Hotel,1,440,2016,September,39,22,0,2,2,0.0,0,BB,PRT,Groups,TA/TO,0,0,0,A,A,0,Non Refund,1.0,0,Transient,62.0,0,0
City Hotel,1,440,2016,September,39,22,0,2,2,0.0,0,BB,PRT,Groups,TA/TO,0,0,0,A,A,0,Non Refund,1.0,0,Transient,62.0,0,0
City Hotel,1,440,2016,September,39,22,0,2,2,0.0,0,BB,PRT,Groups,TA/TO,0,0,0,A,A,0,Non Refund,1.0,0,Transient,62.0,0,0
City Hotel,1,440,2016,September,39,22,0,2,2,0.0,0,BB,PRT,Groups,TA/TO,0,0,0,A,A,0,Non Refund,1.0,0,Transient,62.0,0,0
City Hotel,1,440,2016,September,39,22,0,2,2,0.0,0,BB,PRT,Groups,TA/TO,0,0,0,A,A,0,Non Refund,1.0,0,Transient,62.0,0,0
City Hotel,1,440,2016,September,39,22,0,2,2,0.0,0,BB,PRT,Groups,TA/TO,0,0,0,A,A,0,Non Refund,1.0,0,Transient,62.0,0,0
City Hotel,1,276,2016,September,39,22,0,3,2,0.0,0,BB,PRT,Offline TA/TO,TA/TO,0,0,0,A,A,0,No Deposit,6.0,178,Transient-Party,95.0,0,0
City Hotel,1,260,2016,September,39,22,0,3,2,0.0,0,SC,GBR,Online TA,TA/TO,0,0,0,A,A,0,No Deposit,9.0,0,Transient-Party,113.4,0,0
City Hotel,1,260,2016,September,39,22,0,3,2,0.0,0,SC,GBR,Online TA,TA/TO,0,0,0,A,A,0,No Deposit,9.0,0,Transient-Party,113.4,0,0
City Hotel,1,276,2016,September,39,22,0,3,2,0.0,0,BB,PRT,Offline TA/TO,TA/TO,0,0,0,A,A,0,No Deposit,6.0,178,Transient-Party,95.0,0,0
City Hotel,1,276,2016,September,39,22,0,3,2,0.0,0,BB,PRT,Offline TA/TO,TA/TO,0,0,0,A,A,0,No Deposit,6.0,0,Transient-Party,95.0,0,0
City Hotel,1,276,2016,September,39,22,0,3,2,0.0,0,BB,PRT,Offline TA/TO,TA/TO,0,0,0,A,A,0,No Deposit,6.0,178,Transient-Party,95.0,0,0
City Hotel,1,260,2016,September,39,22,0,3,2,0.0,0,SC,GBR,Online TA,TA/TO,0,0,0,A,A,0,No Deposit,9.0,0,Transient-Party,113.4,0,0
City Hotel,1,260,2016,September,39,22,0,3,2,0.0,0,SC,GBR,Online TA,TA/TO,0,0,0,A,A,0,No Deposit,9.0,0,Transient-Party,113.4,0,0
City Hotel,1,276,2016,September,39,22,0,3,2,0.0,0,BB,PRT,Offline TA/TO,TA/TO,0,0,0,A,A,0,No Deposit,6.0,178,Transient-Party,95.0,0,0
City Hotel,1,260,2016,September,39,22,0,3,2,0.0,0,SC,GBR,Online TA,TA/TO,0,0,0,A,A,0,No Deposit,9.0,0,Transient-Party,113.4,0,0
City Hotel,1,276,2016,September,39,22,0,3,2,0.0,0,BB,PRT,Offline TA/TO,TA/TO,0,0,0,A,A,0,No Deposit,6.0,178,Transient-Party,95.0,0,0
City Hotel,1,276,2016,September,39,22,0,3,2,0.0,0,BB,PRT,Offline TA/TO,TA/TO,0,0,0,A,A,0,No Deposit,6.0,0,Transient-Party,95.0,0,0
City Hotel,1,143,2016,September,39,22,1,3,2,0.0,0,BB,GBR,Online TA,TA/TO,0,0,0,A,A,0,No Deposit,9.0,0,Transient,129.6,0,0
City Hotel,1,82,2016,September,39,22,1,3,2,0.0,0,BB,PRT,Offline TA/TO,TA/TO,0,0,0,A,A,0,No Deposit,138.0,0,Transient,95.0,0,0
City Hotel,1,187,2016,September,39,22,1,3,2,0.0,0,BB,GBR,Online TA,TA/TO,0,0,0,A,A,0,No Deposit,9.0,0,Transient,119.85,0,1
City Hotel,1,19,2016,September,39,22,1,3,2,0.0,0,SC,PRT,Online TA,TA/TO,0,0,0,A,A,0,No Deposit,9.0,0,Transient,141.5,0,0
City Hotel,1,144,2016,September,39,22,1,3,2,0.0,0,SC,GBR,Online TA,TA/TO,0,0,0,A,A,0,No Deposit,9.0,0,Transient,118.8,0,0
City Hotel,1,144,2016,September,39,22,1,3,2,0.0,0,BB,GBR,Online TA,TA/TO,0,0,0,A,A,0,No Deposit,9.0,0,Transient,129.6,0,2
City Hotel,1,110,2016,September,39,22,1,3,2,0.0,0,BB,FRA,Online TA,TA/TO,0,0,0,D,D,0,No Deposit,9.0,0,Transient,149.4,0,0
City Hotel,1,184,2016,September,39,22,2,3,2,0.0,0,BB,DNK,Online TA,TA/TO,0,0,0,D,D,0,No Deposit,9.0,0,Transient,137.28,0,0
City Hotel,1,251,2016,September,39,22,2,4,2,0.0,0,BB,AGO,Online TA,TA/TO,0,0,0,A,A,0,No Deposit,9.0,0,Transient,108.8,0,0
City Hotel,1,245,2016,September,39,22,2,5,2,0.0,0,BB,BEL,Online TA,TA/TO,0,0,0,A,A,0,No Deposit,9.0,0,Transient,107.59,0,0
City Hotel,1,163,2016,September,39,23,0,1,2,0.0,0,BB,BRA,Online TA,TA/TO,0,0,0,A,C,1,No Deposit,9.0,0,Transient,126.9,0,2
City Hotel,0,429,2016,September,39,23,0,2,2,0.0,0,BB,FRA,Groups,TA/TO,0,0,0,A,B,0,No Deposit,1.0,330,Transient-Party,65.0,0,0
City Hotel,0,429,2016,September,39,23,0,2,2,0.0,0,BB,FRA,Groups,TA/TO,0,0,0,A,A,0,No Deposit,1.0,330,Transient-Party,65.0,0,0
City Hotel,0,297,2016,September,39,23,0,2,2,0.0,0,BB,DEU,Online TA,TA/TO,0,0,0,A,E,1,No Deposit,9.0,0,Transient,118.0,0,1
City Hotel,0,271,2016,September,39,23,0,2,2,0.0,0,BB,GBR,Direct,Direct,0,0,0,A,A,0,No Deposit,14.0,0,Transient-Party,95.4,0,0
City Hotel,0,429,2016,September,39,23,0,2,2,0.0,0,BB,FRA,Groups,TA/TO,0,0,0,A,A,0,No Deposit,1.0,330,Transient-Party,65.0,0,0
City Hotel,0,429,2016,September,39,23,0,2,2,0.0,0,BB,FRA,Groups,TA/TO,0,0,0,A,A,0,No Deposit,1.0,330,Transient-Party,65.0,0,0
City Hotel,1,2,2016,September,39,23,0,2,2,0.0,0,BB,PRT,Groups,TA/TO,0,0,0,A,A,0,No Deposit,1.0,0,Transient-Party,65.0,0,0
City Hotel,1,2,2016,September,39,23,0,2,2,0.0,0,BB,PRT,Direct,Direct,0,0,0,A,A,0,No Deposit,,0,Transient,120.0,0,0
City Hotel,1,110,2016,September,39,23,0,2,2,0.0,0,BB,ESP,Online TA,TA/TO,0,0,0,D,D,0,No Deposit,9.0,0,Transient,149.4,0,0
City Hotel,1,244,2016,September,39,23,0,2,2,0.0,0,BB,GBR,Direct,Direct,0,0,0,A,A,0,No Deposit,14.0,0,Transient,95.4,0,0
City Hotel,1,193,2016,September,39,23,0,2,2,0.0,0,BB,FRA,Online TA,TA/TO,0,0,0,A,A,0,No Deposit,9.0,0,Transient,126.9,0,0
City Hotel,0,271,2016,September,39,23,0,2,2,0.0,0,BB,GBR,Direct,Direct,0,0,0,A,A,0,No Deposit,14.0,0,Transient-Party,95.4,0,0
City Hotel,1,2,2016,September,39,23,0,2,2,0.0,0,BB,PRT,Groups,TA/TO,0,0,0,A,A,0,No Deposit,1.0,0,Transient-Party,65.0,0,0
City Hotel,0,429,2016,September,39,23,0,2,2,0.0,0,BB,FRA,Groups,TA/TO,0,0,0,A,D,0,No Deposit,1.0,330,Transient,65.0,0,0
City Hotel,0,429,2016,September,39,23,0,2,2,0.0,0,BB,FRA,Groups,TA/TO,0,0,0,A,A,0,No Deposit,1.0,330,Transient-Party,65.0,0,0
City Hotel,1,2,2016,September,39,23,0,2,2,0.0,0,BB,PRT,Groups,TA/TO,0,0,0,A,A,0,No Deposit,1.0,0,Transient-Party,65.0,0,0
City Hotel,0,429,2016,September,39,23,0,2,2,0.0,0,BB,FRA,Groups,TA/TO,0,0,0,A,B,0,No Deposit,1.0,330,Transient-Party,65.0,0,0
City Hotel,0,429,2016,September,39,23,0,2,2,0.0,0,BB,FRA,Groups,TA/TO,0,0,0,A,B,0,No Deposit,1.0,330,Transient-Party,65.0,0,0
City Hotel,1,2,2016,September,39,23,0,2,2,0.0,0,BB,PRT,Direct,Direct,0,0,0,A,A,0,No Deposit,,0,Transient,120.0,0,0
City Hotel,0,429,2016,September,39,23,0,2,2,0.0,0,BB,FRA,Groups,TA/TO,0,0,0,A,A,0,No Deposit,1.0,330,Transient-Party,65.0,0,0
City Hotel,0,429,2016,September,39,23,0,2,2,0.0,0,BB,FRA,Groups,TA/TO,0,0,0,A,B,0,No Deposit,1.0,330,Transient-Party,65.0,0,0
City Hotel,0,271,2016,September,39,23,0,2,2,0.0,0,BB,GBR,Direct,Direct,0,0,0,A,A,0,No Deposit,14.0,0,Transient-Party,95.4,0,0
City Hotel,0,271,2016,September,39,23,0,2,2,0.0,0,BB,GBR,Direct,Direct,0,0,0,A,A,0,No Deposit,14.0,0,Transient-Party,95.4,0,0
City Hotel,1,429,2016,September,39,23,0,2,2,0.0,0,BB,PRT,Groups,TA/TO,0,0,0,A,A,0,No Deposit,1.0,330,Transient-Party,65.0,0,0
City Hotel,0,429,2016,September,39,23,0,2,2,0.0,0,BB,FRA,Groups,TA/TO,0,0,0,A,A,0,No Deposit,1.0,330,Transient-Party,65.0,0,0
City Hotel,0,429,2016,September,39,23,0,2,2,0.0,0,BB,FRA,Groups,TA/TO,0,0,0,A,A,0,No Deposit,1.0,330,Transient-Party,65.0,0,0
City Hotel,0,429,2016,September,39,23,0,2,2,0.0,0,BB,FRA,Groups,TA/TO,0,0,0,A,A,0,No Deposit,1.0,330,Transient-Party,65.0,0,0
City Hotel,0,271,2016,September,39,23,0,2,2,0.0,0,BB,IRL,Direct,Direct,0,0,0,A,A,0,No Deposit,14.0,0,Transient-Party,95.4,0,0
City Hotel,0,429,2016,September,39,23,0,2,2,0.0,0,BB,FRA,Groups,TA/TO,0,0,0,A,A,0,No Deposit,1.0,330,Transient-Party,65.0,0,0
City Hotel,1,19,2016,September,39,23,1,2,2,0.0,0,BB,DEU,Online TA,TA/TO,0,0,0,A,A,0,No Deposit,9.0,0,Transient,159.0,0,1
City Hotel,0,275,2016,September,39,23,1,2,2,0.0,0,BB,DEU,Online TA,TA/TO,0,0,0,A,D,2,No Deposit,9.0,0,Transient,118.2,0,2
City Hotel,1,112,2016,September,39,23,1,2,2,0.0,0,SC,DEU,Online TA,TA/TO,0,0,0,A,A,0,No Deposit,9.0,0,Transient,134.1,0,1
City Hotel,1,206,2016,September,39,23,2,3,2,0.0,0,HB,DEU,Online TA,TA/TO,0,0,0,A,A,0,No Deposit,9.0,0,Transient,132.77,0,0
City Hotel,1,206,2016,September,39,23,2,3,2,0.0,0,HB,DEU,Online TA,TA/TO,0,0,0,A,A,0,No Deposit,9.0,0,Transient,132.77,0,0
City Hotel,1,22,2016,September,39,24,0,1,2,0.0,0,BB,PRT,Direct,Direct,0,0,0,D,D,0,No Deposit,,0,Transient,157.5,0,1
City Hotel,1,34,2016,September,39,24,1,1,2,0.0,0,BB,ITA,Online TA,TA/TO,0,0,0,D,D,0,No Deposit,9.0,0,Transient,143.55,0,1
City Hotel,1,254,2016,September,39,24,1,1,2,0.0,0,HB,PRT,Groups,TA/TO,0,0,0,A,A,0,Non Refund,1.0,0,Transient,96.0,0,0
City Hotel,1,254,2016,September,39,24,1,1,2,0.0,0,HB,PRT,Groups,TA/TO,0,0,0,A,A,0,Non Refund,1.0,0,Transient,96.0,0,0
City Hotel,1,254,2016,September,39,24,1,1,2,0.0,0,HB,PRT,Groups,TA/TO,0,0,0,A,A,0,Non Refund,1.0,0,Transient,96.0,0,0
City Hotel,1,254,2016,September,39,24,1,1,2,0.0,0,HB,PRT,Groups,TA/TO,0,0,0,A,A,0,Non Refund,1.0,0,Transient,96.0,0,0
City Hotel,1,254,2016,September,39,24,1,1,2,0.0,0,HB,PRT,Groups,TA/TO,0,0,0,A,A,0,Non Refund,1.0,0,Transient,96.0,0,0
City Hotel,1,254,2016,September,39,24,1,1,2,0.0,0,HB,PRT,Groups,TA/TO,0,0,0,A,A,0,Non Refund,1.0,0,Transient,96.0,0,0
City Hotel,1,254,2016,September,39,24,1,1,2,0.0,0,HB,PRT,Groups,TA/TO,0,0,0,A,A,0,Non Refund,1.0,0,Transient,96.0,0,0
City Hotel,1,1,2016,September,39,24,0,1,2,0.0,0,SC,RUS,Online TA,TA/TO,0,0,0,A,A,0,No Deposit,9.0,0,Transient,180.0,0,0
City Hotel,1,254,2016,September,39,24,1,1,2,0.0,0,HB,PRT,Groups,TA/TO,0,0,0,A,A,0,Non Refund,1.0,0,Transient,96.0,0,0
City Hotel,1,254,2016,September,39,24,1,1,2,0.0,0,HB,PRT,Groups,TA/TO,0,0,0,A,A,0,Non Refund,1.0,0,Transient,96.0,0,0
City Hotel,1,254,2016,September,39,24,1,1,2,0.0,0,HB,PRT,Groups,TA/TO,0,0,0,A,A,0,Non Refund,1.0,0,Transient,96.0,0,0
City Hotel,1,254,2016,September,39,24,1,1,2,0.0,0,HB,PRT,Groups,TA/TO,0,0,0,A,A,0,Non Refund,1.0,0,Transient,96.0,0,0
City Hotel,1,254,2016,September,39,24,1,1,2,0.0,0,HB,PRT,Groups,TA/TO,0,0,0,A,A,0,Non Refund,1.0,0,Transient,96.0,0,0
City Hotel,1,254,2016,September,39,24,1,1,2,0.0,0,HB,PRT,Groups,TA/TO,0,0,0,A,A,0,Non Refund,1.0,0,Transient,96.0,0,0
City Hotel,1,19,2016,September,39,24,0,1,2,0.0,0,SC,PRT,Online TA,TA/TO,0,0,0,A,A,0,No Deposit,9.0,0,Transient,149.0,0,1
City Hotel,1,254,2016,September,39,24,1,1,2,0.0,0,HB,PRT,Groups,TA/TO,0,0,0,A,A,0,Non Refund,1.0,0,Transient,96.0,0,0
City Hotel,1,254,2016,September,39,24,1,1,2,0.0,0,HB,PRT,Groups,TA/TO,0,0,0,A,A,0,Non Refund,1.0,0,Transient,96.0,0,0
City Hotel,1,254,2016,September,39,24,1,1,2,0.0,0,HB,PRT,Groups,TA/TO,0,0,0,A,A,0,Non Refund,1.0,0,Transient,96.0,0,0
City Hotel,1,254,2016,September,39,24,1,1,2,0.0,0,HB,PRT,Groups,TA/TO,0,0,0,A,A,0,Non Refund,1.0,0,Transient,96.0,0,0
City Hotel,1,113,2016,September,39,24,1,1,2,0.0,0,BB,CZE,Online TA,TA/TO,0,0,0,A,A,0,No Deposit,9.0,0,Transient,135.9,0,0
City Hotel,1,254,2016,September,39,24,1,1,2,0.0,0,HB,PRT,Groups,TA/TO,0,0,0,A,A,0,Non Refund,1.0,0,Transient,96.0,0,0
City Hotel,1,254,2016,September,39,24,1,1,2,0.0,0,HB,PRT,Groups,TA/TO,0,0,0,A,A,0,Non Refund,1.0,0,Transient,96.0,0,0
City Hotel,1,254,2016,September,39,24,1,1,2,0.0,0,HB,PRT,Groups,TA/TO,0,0,0,A,A,0,Non Refund,1.0,0,Transient,96.0,0,0
City Hotel,1,19,2016,September,39,24,2,1,2,0.0,0,SC,FRA,Online TA,TA/TO,0,0,0,A,A,0,No Deposit,9.0,0,Transient,129.0,0,0
City Hotel,1,23,2016,September,39,24,2,2,2,0.0,0,BB,FRA,Online TA,TA/TO,0,0,0,D,D,0,No Deposit,9.0,0,Transient,161.5,0,2
City Hotel,1,20,2016,September,39,24,2,2,2,0.0,0,BB,PRT,Online TA,TA/TO,0,0,0,A,A,0,No Deposit,86.0,0,Transient,117.2,0,0
City Hotel,1,64,2016,September,39,24,2,2,2,0.0,0,BB,ITA,Online TA,TA/TO,0,0,0,D,D,0,No Deposit,9.0,0,Transient,149.4,0,1
City Hotel,1,153,2016,September,39,24,2,3,2,0.0,0,BB,FRA,Online TA,TA/TO,0,0,0,D,D,0,No Deposit,9.0,0,Transient,143.1,0,0
City Hotel,1,36,2016,September,39,24,2,3,2,0.0,0,BB,FRA,Online TA,TA/TO,0,0,0,D,D,0,No Deposit,9.0,0,Transient,139.14,0,0
City Hotel,1,50,2016,September,39,24,2,4,2,0.0,0,BB,PRT,Direct,Direct,0,0,0,A,A,0,No Deposit,14.0,0,Transient,145.8,0,3
City Hotel,1,50,2016,September,39,24,2,4,2,0.0,0,BB,PRT,Direct,Direct,0,0,0,A,A,0,No Deposit,14.0,0,Transient,145.8,0,3
City Hotel,1,38,2016,September,39,24,2,5,2,0.0,0,BB,DEU,Online TA,TA/TO,0,0,0,D,D,0,No Deposit,9.0,0,Transient,146.96,0,0
City Hotel,1,150,2016,September,39,24,2,5,2,0.0,0,BB,FRA,Online TA,TA/TO,0,0,0,A,A,0,No Deposit,9.0,0,Transient,129.6,0,2
City Hotel,1,57,2016,September,39,24,2,5,2,0.0,0,BB,CN,Online TA,TA/TO,0,0,0,D,D,0,No Deposit,9.0,0,Transient,146.96,0,0
City Hotel,1,21,2016,September,40,25,1,0,2,0.0,0,SC,NLD,Online TA,TA/TO,0,0,0,A,A,0,No Deposit,9.0,0,Transient,119.0,0,3
City Hotel,1,19,2016,September,40,25,1,0,2,0.0,0,SC,GBR,Online TA,TA/TO,0,0,0,A,A,0,No Deposit,9.0,0,Transient,129.0,0,0
City Hotel,1,27,2016,September,40,25,2,0,2,0.0,0,SC,CHN,Online TA,TA/TO,0,0,0,A,A,0,No Deposit,9.0,0,Transient,89.1,0,1
City Hotel,1,38,2016,September,40,25,2,0,2,0.0,0,BB,PRT,Online TA,TA/TO,0,0,0,A,A,0,No Deposit,7.0,0,Transient,104.64,0,1
City Hotel,1,12,2016,September,40,25,2,0,2,0.0,0,BB,USA,Online TA,TA/TO,0,0,0,A,A,0,No Deposit,9.0,0,Transient,149.0,0,0
City Hotel,1,30,2016,September,40,25,2,0,2,0.0,0,SC,CHN,Online TA,TA/TO,0,0,0,A,A,0,No Deposit,9.0,0,Transient,89.1,0,0
City Hotel,1,41,2016,September,40,25,2,0,2,0.0,0,BB,ARG,Online TA,TA/TO,0,0,0,A,A,0,No Deposit,9.0,0,Transient,135.9,0,1
City Hotel,1,12,2016,September,40,25,2,0,2,0.0,0,BB,CHN,Online TA,TA/TO,0,0,0,D,D,0,No Deposit,9.0,0,Transient,164.0,0,0
City Hotel,1,13,2016,September,40,25,2,0,2,0.0,0,BB,USA,Online TA,TA/TO,0,0,0,A,A,0,No Deposit,9.0,0,Transient,149.0,0,0
City Hotel,1,156,2016,September,40,25,2,1,2,0.0,0,SC,JPN,Online TA,TA/TO,0,0,0,A,A,2,No Deposit,9.0,0,Transient,116.1,0,0
City Hotel,1,44,2016,September,40,25,2,1,2,0.0,0,BB,USA,Online TA,TA/TO,0,0,0,D,D,0,No Deposit,9.0,0,Transient,149.4,0,0
City Hotel,1,60,2016,September,40,25,2,1,2,0.0,0,SC,COL,Online TA,TA/TO,0,0,0,A,A,0,No Deposit,9.0,0,Transient,125.1,0,1
City Hotel,1,24,2016,September,40,25,2,2,2,0.0,0,SC,NLD,Online TA,TA/TO,0,0,0,A,A,0,No Deposit,9.0,0,Transient,119.0,0,1
City Hotel,1,44,2016,September,40,25,2,2,2,0.0,0,BB,BEL,Online TA,TA/TO,0,0,0,D,D,0,No Deposit,9.0,0,Transient,149.4,0,2
City Hotel,1,20,2016,September,40,25,2,4,2,0.0,0,BB,PRT,Online TA,TA/TO,0,0,0,D,D,0,No Deposit,8.0,0,Transient,127.2,0,3
City Hotel,1,130,2016,September,40,25,3,5,2,0.0,0,BB,ESP,Online TA,TA/TO,0,0,0,D,D,0,No Deposit,9.0,0,Transient,140.4,0,0
City Hotel,1,35,2016,September,40,26,1,0,2,0.0,0,SC,ESP,Online TA,TA/TO,0,0,0,A,A,0,No Deposit,9.0,0,Transient,99.0,0,0
City Hotel,1,25,2016,September,40,26,1,0,2,0.0,0,SC,PRT,Online TA,TA/TO,0,0,0,A,A,0,No Deposit,9.0,0,Transient,119.0,0,0
City Hotel,1,18,2016,September,40,26,1,0,2,0.0,0,SC,KOR,Online TA,TA/TO,0,0,0,A,A,0,No Deposit,9.0,0,Transient,129.0,0,1
City Hotel,1,16,2016,September,40,26,1,0,2,0.0,0,BB,PRT,Online TA,TA/TO,0,0,0,D,D,0,No Deposit,9.0,0,Transient,164.0,0,0
City Hotel,1,53,2016,September,40,26,1,0,2,0.0,0,SC,UKR,Online TA,TA/TO,0,0,0,A,A,0,No Deposit,9.0,0,Transient,125.1,0,1
City Hotel,1,35,2016,September,40,26,1,0,2,0.0,0,SC,ESP,Online TA,TA/TO,0,0,0,A,A,0,No Deposit,9.0,0,Transient,99.0,0,0
City Hotel,1,51,2016,September,40,26,1,1,2,0.0,0,BB,ISR,Online TA,TA/TO,0,0,0,A,A,0,No Deposit,9.0,0,Transient,135.9,0,2
City Hotel,1,27,2016,September,40,26,1,1,2,0.0,0,BB,PRT,Online TA,TA/TO,0,0,0,A,A,0,No Deposit,83.0,0,Transient,111.2,0,0
City Hotel,1,24,2016,September,40,26,1,1,2,0.0,0,SC,CHN,Online TA,TA/TO,0,0,0,A,A,0,No Deposit,9.0,0,Transient,107.1,0,0
City Hotel,1,24,2016,September,40,26,1,1,2,0.0,0,SC,CHN,Online TA,TA/TO,0,0,0,A,A,0,No Deposit,9.0,0,Transient,107.1,0,0
City Hotel,1,24,2016,September,40,26,1,1,2,0.0,0,SC,CHN,Online TA,TA/TO,0,0,0,A,A,0,No Deposit,9.0,0,Transient,107.1,0,0
City Hotel,1,24,2016,September,40,26,1,1,2,0.0,0,SC,CHN,Online TA,TA/TO,0,0,0,A,A,0,No Deposit,9.0,0,Transient,107.1,0,0
City Hotel,1,24,2016,September,40,26,1,1,2,0.0,0,SC,CHN,Online TA,TA/TO,0,0,0,A,A,0,No Deposit,9.0,0,Transient,107.1,0,0
City Hotel,1,24,2016,September,40,26,1,1,2,0.0,0,SC,CHN,Online TA,TA/TO,0,0,0,A,A,0,No Deposit,9.0,0,Transient,107.1,0,0
City Hotel,1,53,2016,September,40,26,1,2,2,0.0,0,BB,PRT,Groups,TA/TO,0,0,0,A,A,0,Non Refund,37.0,0,Transient,105.0,0,0
City Hotel,1,53,2016,September,40,26,1,2,2,0.0,0,BB,PRT,Groups,TA/TO,0,0,0,A,A,0,Non Refund,37.0,0,Transient,105.0,0,0
City Hotel,1,53,2016,September,40,26,1,2,2,0.0,0,BB,PRT,Groups,TA/TO,0,0,0,A,A,0,Non Refund,37.0,0,Transient,105.0,0,0
City Hotel,0,418,2016,September,40,26,1,2,2,0.0,0,HB,DEU,Offline TA/TO,TA/TO,0,0,0,A,A,0,No Deposit,132.0,223,Transient-Party,107.0,0,0
City Hotel,0,418,2016,September,40,26,1,2,2,0.0,0,HB,DEU,Offline TA/TO,TA/TO,0,0,0,A,A,0,No Deposit,132.0,223,Transient-Party,107.0,0,0
City Hotel,0,418,2016,September,40,26,1,2,2,0.0,0,HB,PRT,Offline TA/TO,TA/TO,0,0,0,A,A,0,No Deposit,132.0,223,Transient-Party,107.0,0,0
City Hotel,0,418,2016,September,40,26,1,2,2,0.0,0,HB,PRT,Offline TA/TO,TA/TO,0,0,0,A,A,0,No Deposit,132.0,223,Transient-Party,107.0,0,0
City Hotel,1,418,2016,September,40,26,1,2,2,0.0,0,BB,PRT,Offline TA/TO,TA/TO,0,0,0,A,A,0,No Deposit,21.0,223,Transient-Party,75.0,0,0
City Hotel,1,418,2016,September,40,26,1,2,2,0.0,0,BB,PRT,Offline TA/TO,TA/TO,0,0,0,A,A,0,No Deposit,21.0,223,Transient-Party,75.0,0,0
City Hotel,0,418,2016,September,40,26,1,2,2,0.0,0,HB,DEU,Offline TA/TO,TA/TO,0,0,0,A,A,0,No Deposit,132.0,223,Transient-Party,107.0,0,0
City Hotel,0,418,2016,September,40,26,1,2,2,0.0,0,HB,DEU,Offline TA/TO,TA/TO,0,0,0,A,A,0,No Deposit,132.0,223,Transient-Party,107.0,0,0
City Hotel,1,418,2016,September,40,26,1,2,2,0.0,0,BB,PRT,Offline TA/TO,TA/TO,0,0,0,A,A,0,No Deposit,21.0,223,Transient-Party,75.0,0,0
City Hotel,0,418,2016,September,40,26,1,2,2,0.0,0,HB,DEU,Offline TA/TO,TA/TO,0,0,0,A,A,0,No Deposit,132.0,223,Transient-Party,107.0,0,0
City Hotel,0,418,2016,September,40,26,1,2,2,0.0,0,HB,DEU,Offline TA/TO,TA/TO,0,0,0,A,A,0,No Deposit,132.0,223,Transient-Party,107.0,0,0
City Hotel,0,418,2016,September,40,26,1,2,2,0.0,0,HB,PRT,Offline TA/TO,TA/TO,0,0,0,A,A,0,No Deposit,132.0,223,Transient-Party,107.0,0,0
City Hotel,1,418,2016,September,40,26,1,2,2,0.0,0,BB,PRT,Offline TA/TO,TA/TO,0,0,0,A,A,0,No Deposit,21.0,223,Transient-Party,75.0,0,0
City Hotel,1,418,2016,September,40,26,1,2,2,0.0,0,BB,PRT,Offline TA/TO,TA/TO,0,0,0,A,A,0,No Deposit,21.0,223,Transient-Party,75.0,0,0
City Hotel,1,418,2016,September,40,26,1,2,2,0.0,0,BB,PRT,Offline TA/TO,TA/TO,0,0,0,A,A,0,No Deposit,21.0,223,Transient-Party,75.0,0,0
City Hotel,1,80,2016,September,40,26,1,2,2,0.0,0,BB,PRT,Offline TA/TO,TA/TO,0,0,0,A,A,0,No Deposit,21.0,0,Transient-Party,75.0,0,0
City Hotel,1,53,2016,September,40,26,1,2,2,0.0,0,BB,PRT,Groups,TA/TO,0,0,0,A,A,0,Non Refund,37.0,0,Transient,105.0,0,0
City Hotel,1,53,2016,September,40,26,1,2,2,0.0,0,BB,PRT,Groups,TA/TO,0,0,0,A,A,0,Non Refund,37.0,0,Transient,105.0,0,0
City Hotel,1,53,2016,September,40,26,1,2,2,0.0,0,BB,PRT,Groups,TA/TO,0,0,0,A,A,0,Non Refund,37.0,0,Transient,105.0,0,0
City Hotel,0,418,2016,September,40,26,1,2,2,0.0,0,HB,DEU,Offline TA/TO,TA/TO,0,0,0,A,A,0,No Deposit,132.0,223,Transient-Party,107.0,0,0
City Hotel,0,418,2016,September,40,26,1,2,2,0.0,0,HB,PRT,Offline TA/TO,TA/TO,0,0,0,A,A,0,No Deposit,132.0,223,Transient-Party,107.0,0,0
City Hotel,1,418,2016,September,40,26,1,2,2,0.0,0,BB,PRT,Offline TA/TO,TA/TO,0,0,0,A,A,0,No Deposit,21.0,223,Transient-Party,75.0,0,0
City Hotel,1,418,2016,September,40,26,1,2,2,0.0,0,BB,PRT,Offline TA/TO,TA/TO,0,0,0,A,A,0,No Deposit,21.0,223,Transient-Party,75.0,0,0
City Hotel,1,53,2016,September,40,26,1,2,2,0.0,0,BB,PRT,Groups,TA/TO,0,0,0,A,A,0,Non Refund,37.0,0,Transient,105.0,0,0
City Hotel,0,418,2016,September,40,26,1,2,2,0.0,0,HB,DEU,Offline TA/TO,TA/TO,0,0,0,A,A,0,No Deposit,132.0,223,Transient-Party,107.0,0,0
City Hotel,0,418,2016,September,40,26,1,2,2,0.0,0,HB,PRT,Offline TA/TO,TA/TO,0,0,0,A,B,0,No Deposit,132.0,223,Transient-Party,107.0,0,0
City Hotel,0,418,2016,September,40,26,1,2,2,0.0,0,HB,DEU,Offline TA/TO,TA/TO,0,0,0,A,A,0,No Deposit,132.0,223,Transient-Party,107.0,0,0
City Hotel,1,418,2016,September,40,26,1,2,2,0.0,0,BB,PRT,Offline TA/TO,TA/TO,0,0,0,A,A,0,No Deposit,21.0,223,Transient-Party,75.0,0,0
City Hotel,1,418,2016,September,40,26,1,2,2,0.0,0,BB,PRT,Offline TA/TO,TA/TO,0,0,0,A,A,0,No Deposit,21.0,223,Transient-Party,75.0,0,0
City Hotel,1,53,2016,September,40,26,1,2,2,0.0,0,BB,PRT,Groups,TA/TO,0,0,0,A,A,0,Non Refund,37.0,0,Transient,105.0,0,0
City Hotel,0,418,2016,September,40,26,1,2,2,0.0,0,HB,DEU,Offline TA/TO,TA/TO,0,0,0,A,A,0,No Deposit,132.0,223,Transient-Party,107.0,0,0
City Hotel,0,418,2016,September,40,26,1,2,2,0.0,0,HB,DEU,Offline TA/TO,TA/TO,0,0,0,A,A,0,No Deposit,132.0,223,Transient-Party,107.0,0,0
City Hotel,0,418,2016,September,40,26,1,2,2,0.0,0,HB,PRT,Offline TA/TO,TA/TO,0,0,0,A,A,0,No Deposit,132.0,223,Transient-Party,107.0,0,0
City Hotel,1,418,2016,September,40,26,1,2,2,0.0,0,BB,PRT,Offline TA/TO,TA/TO,0,0,0,A,A,0,No Deposit,21.0,223,Transient-Party,75.0,0,0
City Hotel,1,418,2016,September,40,26,1,2,2,0.0,0,BB,PRT,Offline TA/TO,TA/TO,0,0,0,A,A,0,No Deposit,21.0,223,Transient-Party,75.0,0,0
City Hotel,0,418,2016,September,40,26,1,2,2,0.0,0,HB,DEU,Offline TA/TO,TA/TO,0,0,0,A,A,0,No Deposit,132.0,223,Transient-Party,107.0,0,0
City Hotel,0,418,2016,September,40,26,1,2,2,0.0,0,HB,PRT,Offline TA/TO,TA/TO,0,0,0,A,A,0,No Deposit,132.0,223,Transient-Party,107.0,0,0
City Hotel,0,418,2016,September,40,26,1,2,2,0.0,0,HB,DEU,Offline TA/TO,TA/TO,0,0,0,A,A,0,No Deposit,132.0,223,Transient-Party,107.0,0,0
City Hotel,1,418,2016,September,40,26,1,2,2,0.0,0,BB,PRT,Offline TA/TO,TA/TO,0,0,0,A,A,0,No Deposit,21.0,223,Transient-Party,75.0,0,0
City Hotel,1,53,2016,September,40,26,1,2,2,0.0,0,BB,PRT,Groups,TA/TO,0,0,0,A,A,0,Non Refund,37.0,0,Transient,105.0,0,0
City Hotel,1,53,2016,September,40,26,1,2,2,0.0,0,BB,PRT,Groups,TA/TO,0,0,0,A,A,0,Non Refund,37.0,0,Transient,105.0,0,0
City Hotel,1,51,2016,September,40,26,1,1,2,0.0,0,BB,ISR,Online TA,TA/TO,0,0,0,A,A,0,No Deposit,9.0,0,Transient,135.9,0,2
City Hotel,1,38,2016,September,40,26,1,1,2,0.0,0,SC,CHN,Online TA,TA/TO,0,0,0,A,A,0,No Deposit,9.0,0,Transient,112.59,0,0
City Hotel,0,418,2016,September,40,26,1,2,2,0.0,0,HB,DEU,Offline TA/TO,TA/TO,0,0,0,A,A,0,No Deposit,132.0,223,Transient-Party,107.0,0,0
City Hotel,0,418,2016,September,40,26,1,2,2,0.0,0,HB,PRT,Offline TA/TO,TA/TO,0,0,0,A,A,0,No Deposit,132.0,223,Transient-Party,107.0,0,0
City Hotel,1,418,2016,September,40,26,1,2,2,0.0,0,BB,PRT,Offline TA/TO,TA/TO,0,0,0,A,A,0,No Deposit,21.0,223,Transient-Party,75.0,0,0
City Hotel,1,418,2016,September,40,26,1,2,2,0.0,0,BB,PRT,Offline TA/TO,TA/TO,0,0,0,A,A,0,No Deposit,21.0,223,Transient-Party,75.0,0,0
City Hotel,1,418,2016,September,40,26,1,2,2,0.0,0,BB,PRT,Offline TA/TO,TA/TO,0,0,0,A,A,0,No Deposit,21.0,223,Transient-Party,75.0,0,0
City Hotel,1,418,2016,September,40,26,1,2,2,0.0,0,BB,PRT,Offline TA/TO,TA/TO,0,0,0,A,A,0,No Deposit,21.0,223,Transient-Party,75.0,0,0
City Hotel,1,53,2016,September,40,26,1,2,2,0.0,0,BB,PRT,Groups,TA/TO,0,0,0,A,A,0,Non Refund,37.0,0,Transient,105.0,0,0
City Hotel,0,418,2016,September,40,26,1,2,2,0.0,0,HB,PRT,Offline TA/TO,TA/TO,0,0,0,A,A,0,No Deposit,132.0,223,Transient-Party,107.0,0,0
City Hotel,0,418,2016,September,40,26,1,2,2,0.0,0,HB,PRT,Offline TA/TO,TA/TO,0,0,0,A,A,0,No Deposit,132.0,223,Transient-Party,107.0,0,0
City Hotel,0,418,2016,September,40,26,1,2,2,0.0,0,HB,DEU,Offline TA/TO,TA/TO,0,0,0,A,A,0,No Deposit,132.0,223,Transient-Party,107.0,0,0
City Hotel,1,418,2016,September,40,26,1,2,2,0.0,0,BB,PRT,Offline TA/TO,TA/TO,0,0,0,A,A,0,No Deposit,21.0,223,Transient-Party,75.0,0,0
City Hotel,1,418,2016,September,40,26,1,2,2,0.0,0,BB,PRT,Offline TA/TO,TA/TO,0,0,0,A,A,0,No Deposit,21.0,223,Transient-Party,75.0,0,0
City Hotel,0,418,2016,September,40,26,1,2,2,0.0,0,HB,DEU,Offline TA/TO,TA/TO,0,0,0,A,D,0,No Deposit,132.0,223,Transient-Party,107.0,0,0
City Hotel,1,53,2016,September,40,26,1,2,2,0.0,0,BB,PRT,Groups,TA/TO,0,0,0,A,A,0,Non Refund,37.0,0,Transient,105.0,0,0
City Hotel,1,38,2016,September,40,26,1,2,2,0.0,0,BB,ESP,Online TA,TA/TO,0,0,0,D,D,0,No Deposit,9.0,0,Transient,156.6,0,0
City Hotel,0,418,2016,September,40,26,1,2,2,0.0,0,HB,DEU,Offline TA/TO,TA/TO,0,0,0,A,A,0,No Deposit,132.0,223,Transient-Party,107.0,0,0
City Hotel,1,53,2016,September,40,26,1,2,2,0.0,0,BB,PRT,Groups,TA/TO,0,0,0,A,A,0,Non Refund,37.0,0,Transient,105.0,0,0
City Hotel,1,53,2016,September,40,26,1,2,2,0.0,0,BB,PRT,Groups,TA/TO,0,0,0,A,A,0,Non Refund,37.0,0,Transient,105.0,0,0
City Hotel,1,80,2016,September,40,26,1,2,2,0.0,0,BB,PRT,Offline TA/TO,TA/TO,0,0,0,A,A,0,No Deposit,21.0,0,Transient-Party,75.0,0,0
City Hotel,0,418,2016,September,40,26,1,2,2,0.0,0,HB,DEU,Offline TA/TO,TA/TO,0,0,0,A,A,0,No Deposit,132.0,223,Transient-Party,107.0,0,0
City Hotel,0,418,2016,September,40,26,1,2,2,0.0,0,HB,DEU,Offline TA/TO,TA/TO,0,0,0,A,D,0,No Deposit,132.0,223,Transient-Party,107.0,0,0
City Hotel,1,418,2016,September,40,26,1,2,2,0.0,0,BB,PRT,Offline TA/TO,TA/TO,0,0,0,A,A,0,No Deposit,21.0,223,Transient-Party,75.0,0,0
City Hotel,1,418,2016,September,40,26,1,2,2,0.0,0,BB,PRT,Offline TA/TO,TA/TO,0,0,0,A,A,0,No Deposit,21.0,223,Transient-Party,75.0,0,0
City Hotel,0,418,2016,September,40,26,1,2,2,0.0,0,HB,PRT,Offline TA/TO,TA/TO,0,0,0,A,A,0,No Deposit,132.0,223,Transient-Party,107.0,0,0
City Hotel,0,418,2016,September,40,26,1,2,2,0.0,0,HB,PRT,Offline TA/TO,TA/TO,0,0,0,A,A,0,No Deposit,132.0,223,Transient-Party,107.0,0,0
City Hotel,1,418,2016,September,40,26,1,2,2,0.0,0,BB,PRT,Offline TA/TO,TA/TO,0,0,0,A,A,0,No Deposit,21.0,223,Transient-Party,75.0,0,0
City Hotel,1,418,2016,September,40,26,1,2,2,0.0,0,BB,PRT,Offline TA/TO,TA/TO,0,0,0,A,A,0,No Deposit,21.0,223,Transient-Party,75.0,0,0
City Hotel,1,53,2016,September,40,26,1,2,2,0.0,0,BB,PRT,Groups,TA/TO,0,0,0,A,A,0,Non Refund,37.0,0,Transient,105.0,0,0
City Hotel,1,53,2016,September,40,26,1,2,2,0.0,0,BB,PRT,Groups,TA/TO,0,0,0,A,A,0,Non Refund,37.0,0,Transient,105.0,0,0
City Hotel,1,53,2016,September,40,26,1,2,2,0.0,0,BB,PRT,Groups,TA/TO,0,0,0,A,A,0,Non Refund,37.0,0,Transient,105.0,0,0
City Hotel,1,96,2016,September,40,26,1,2,2,0.0,0,BB,FRA,Online TA,TA/TO,0,0,0,A,A,0,No Deposit,9.0,0,Transient,135.9,0,0
City Hotel,1,53,2016,September,40,26,1,2,2,0.0,0,BB,PRT,Groups,TA/TO,0,0,0,A,A,0,Non Refund,37.0,0,Transient,105.0,0,0
City Hotel,0,418,2016,September,40,26,1,2,2,0.0,0,HB,DEU,Offline TA/TO,TA/TO,0,0,0,A,A,0,No Deposit,132.0,223,Transient-Party,107.0,0,0
City Hotel,1,53,2016,September,40,26,1,2,2,0.0,0,BB,PRT,Groups,TA/TO,0,0,0,A,A,0,Non Refund,37.0,0,Transient,105.0,0,0
City Hotel,0,418,2016,September,40,26,1,2,2,0.0,0,HB,DEU,Offline TA/TO,TA/TO,0,0,0,A,A,1,No Deposit,132.0,223,Transient,107.0,0,0
City Hotel,0,418,2016,September,40,26,1,2,2,0.0,0,HB,DEU,Offline TA/TO,TA/TO,0,0,0,A,A,0,No Deposit,132.0,223,Transient-Party,107.0,0,0
City Hotel,1,418,2016,September,40,26,1,2,2,0.0,0,BB,PRT,Offline TA/TO,TA/TO,0,0,0,A,A,0,No Deposit,21.0,223,Transient-Party,75.0,0,0
City Hotel,1,418,2016,September,40,26,1,2,2,0.0,0,BB,PRT,Offline TA/TO,TA/TO,0,0,0,A,A,0,No Deposit,21.0,223,Transient-Party,75.0,0,0
City Hotel,1,53,2016,September,40,26,1,2,2,0.0,0,BB,PRT,Groups,TA/TO,0,0,0,A,A,0,Non Refund,37.0,0,Transient,105.0,0,0
City Hotel,1,250,2016,September,40,26,1,3,2,0.0,0,BB,PRT,Offline TA/TO,TA/TO,0,0,0,A,A,0,Non Refund,3.0,0,Transient,95.0,0,0
City Hotel,1,250,2016,September,40,26,1,3,2,0.0,0,BB,PRT,Offline TA/TO,TA/TO,0,0,0,A,A,0,Non Refund,3.0,0,Transient,95.0,0,0
City Hotel,1,250,2016,September,40,26,1,3,2,0.0,0,BB,PRT,Offline TA/TO,TA/TO,0,0,0,A,A,0,Non Refund,3.0,0,Transient,95.0,0,0
City Hotel,1,250,2016,September,40,26,1,3,2,0.0,0,BB,PRT,Offline TA/TO,TA/TO,0,0,0,A,A,0,Non Refund,3.0,0,Transient,95.0,0,0
City Hotel,1,250,2016,September,40,26,1,3,2,0.0,0,BB,PRT,Offline TA/TO,TA/TO,0,0,0,A,A,0,Non Refund,3.0,0,Transient,95.0,0,0
City Hotel,1,250,2016,September,40,26,1,3,2,0.0,0,BB,PRT,Offline TA/TO,TA/TO,0,0,0,A,A,0,Non Refund,3.0,0,Transient,95.0,0,0
City Hotel,1,23,2016,September,40,26,1,3,2,0.0,0,SC,ESP,Online TA,TA/TO,0,0,0,A,A,0,No Deposit,9.0,0,Transient,119.0,0,1
City Hotel,1,22,2016,September,40,26,1,3,2,0.0,0,SC,FRA,Online TA,TA/TO,0,0,0,A,A,0,No Deposit,9.0,0,Transient,119.0,0,0
City Hotel,1,250,2016,September,40,26,1,3,2,0.0,0,BB,PRT,Offline TA/TO,TA/TO,0,0,0,A,A,0,Non Refund,3.0,0,Transient,95.0,0,0
City Hotel,1,250,2016,September,40,26,1,3,2,0.0,0,BB,PRT,Offline TA/TO,TA/TO,0,0,0,A,A,0,Non Refund,3.0,0,Transient,95.0,0,0
City Hotel,1,14,2016,September,40,26,1,3,2,0.0,0,BB,ESP,Online TA,TA/TO,0,0,0,D,D,0,No Deposit,9.0,0,Transient,164.0,0,1
City Hotel,1,250,2016,September,40,26,1,3,2,0.0,0,BB,PRT,Offline TA/TO,TA/TO,0,0,0,A,A,0,Non Refund,3.0,0,Transient,95.0,0,0
City Hotel,1,250,2016,September,40,26,1,3,2,0.0,0,BB,PRT,Offline TA/TO,TA/TO,0,0,0,A,A,0,Non Refund,3.0,0,Transient,95.0,0,0
City Hotel,1,20,2016,September,40,26,1,3,2,0.0,0,BB,PRT,Online TA,TA/TO,0,0,0,D,D,0,No Deposit,86.0,0,Transient,131.2,0,0
City Hotel,1,190,2016,September,40,26,1,3,2,0.0,0,BB,DEU,Online TA,TA/TO,0,0,0,A,A,0,No Deposit,9.0,0,Transient,119.85,0,0
City Hotel,1,250,2016,September,40,26,1,3,2,0.0,0,BB,PRT,Offline TA/TO,TA/TO,0,0,0,A,A,0,Non Refund,3.0,0,Transient,95.0,0,0
City Hotel,1,250,2016,September,40,26,1,3,2,0.0,0,BB,PRT,Offline TA/TO,TA/TO,0,0,0,A,A,0,Non Refund,3.0,0,Transient,95.0,0,0
City Hotel,1,250,2016,September,40,26,1,3,2,0.0,0,BB,PRT,Offline TA/TO,TA/TO,0,0,0,A,A,0,Non Refund,3.0,0,Transient,95.0,0,0
City Hotel,1,250,2016,September,40,26,1,3,2,0.0,0,BB,PRT,Offline TA/TO,TA/TO,0,0,0,A,A,0,Non Refund,3.0,0,Transient,95.0,0,0
City Hotel,1,22,2016,September,40,26,1,3,2,0.0,0,BB,GBR,Online TA,TA/TO,0,0,0,A,A,0,No Deposit,9.0,0,Transient,139.0,0,0
City Hotel,1,250,2016,September,40,26,1,3,2,0.0,0,BB,PRT,Offline TA/TO,TA/TO,0,0,0,A,A,0,Non Refund,3.0,0,Transient,95.0,0,0
City Hotel,1,250,2016,September,40,26,1,3,2,0.0,0,BB,PRT,Offline TA/TO,TA/TO,0,0,0,A,A,0,Non Refund,3.0,0,Transient,95.0,0,0
City Hotel,1,250,2016,September,40,26,1,3,2,0.0,0,BB,PRT,Offline TA/TO,TA/TO,0,0,0,A,A,0,Non Refund,3.0,0,Transient,95.0,0,0
City Hotel,1,250,2016,September,40,26,1,3,2,0.0,0,BB,PRT,Offline TA/TO,TA/TO,0,0,0,A,A,0,Non Refund,3.0,0,Transient,95.0,0,0
City Hotel,1,22,2016,September,40,26,1,3,2,0.0,0,BB,GBR,Online TA,TA/TO,0,0,0,D,D,0,No Deposit,9.0,0,Transient,154.0,0,0
City Hotel,1,250,2016,September,40,26,1,3,2,0.0,0,BB,PRT,Offline TA/TO,TA/TO,0,0,0,A,A,0,Non Refund,3.0,0,Transient,95.0,0,0
City Hotel,1,250,2016,September,40,26,1,3,2,0.0,0,BB,PRT,Offline TA/TO,TA/TO,0,0,0,A,A,0,Non Refund,3.0,0,Transient,95.0,0,0
City Hotel,1,14,2016,September,40,26,3,10,2,0.0,0,BB,AGO,Direct,Direct,0,0,0,E,E,0,No Deposit,14.0,0,Transient,191.31,0,0
City Hotel,1,20,2016,September,40,26,3,10,2,0.0,0,BB,AGO,Direct,Direct,0,0,0,E,E,0,No Deposit,14.0,0,Transient,193.92,0,0
City Hotel,1,4,2016,September,40,27,0,1,2,0.0,0,BB,PRT,Offline TA/TO,TA/TO,0,0,0,A,A,0,No Deposit,94.0,0,Transient,75.0,0,2
City Hotel,1,16,2016,September,40,27,0,2,2,0.0,0,SC,VEN,Online TA,TA/TO,0,0,0,A,A,0,No Deposit,9.0,0,Transient,129.0,0,1
City Hotel,1,40,2016,September,40,27,0,2,2,0.0,0,BB,CHN,Online TA,TA/TO,0,0,0,D,D,1,No Deposit,9.0,0,Transient,149.4,0,1
City Hotel,1,74,2016,September,40,27,0,2,2,0.0,0,BB,BRA,Online TA,TA/TO,0,0,0,D,D,0,No Deposit,9.0,0,Transient,149.4,0,0
City Hotel,1,32,2016,September,40,27,0,2,2,0.0,0,BB,DEU,Online TA,TA/TO,0,0,0,D,D,2,No Deposit,9.0,0,Transient,154.0,0,1
City Hotel,0,274,2016,September,40,27,0,2,2,0.0,0,BB,USA,Online TA,TA/TO,0,0,0,D,D,0,No Deposit,9.0,0,Transient,115.2,0,1
City Hotel,1,44,2016,September,40,27,0,2,2,0.0,0,BB,EGY,Online TA,TA/TO,0,0,0,D,D,0,No Deposit,9.0,0,Transient,149.4,0,1
City Hotel,1,32,2016,September,40,27,0,2,2,0.0,0,BB,DEU,Online TA,TA/TO,0,0,0,D,D,2,No Deposit,9.0,0,Transient,154.0,0,1
City Hotel,1,4,2016,September,40,27,0,2,2,0.0,0,BB,PRT,Offline TA/TO,TA/TO,0,0,0,A,A,0,No Deposit,37.0,0,Transient,188.0,0,0
City Hotel,1,203,2016,September,40,27,0,3,2,0.0,0,SC,FRA,Online TA,TA/TO,0,0,0,A,A,0,No Deposit,9.0,0,Transient,116.1,0,0
City Hotel,1,28,2016,September,40,27,0,3,2,0.0,0,BB,PRT,Online TA,TA/TO,0,0,0,A,A,0,No Deposit,7.0,0,Transient,103.46,0,1
City Hotel,1,96,2016,September,40,27,0,3,2,0.0,0,BB,CHN,Online TA,TA/TO,0,0,0,A,A,0,No Deposit,9.0,0,Transient,122.31,0,1
City Hotel,1,93,2016,September,40,27,0,3,2,0.0,0,BB,ESP,Online TA,TA/TO,0,0,0,D,D,0,No Deposit,9.0,0,Transient,177.3,0,2
City Hotel,1,60,2016,September,40,27,0,3,2,0.0,0,BB,FRA,Online TA,TA/TO,0,0,0,A,A,0,No Deposit,9.0,0,Transient,135.9,0,0
City Hotel,1,39,2016,September,40,27,0,4,2,0.0,0,BB,CHN,Online TA,TA/TO,0,0,0,D,D,0,No Deposit,9.0,0,Transient,128.99,0,1
City Hotel,1,47,2016,September,40,27,0,4,2,0.0,0,BB,CHN,Online TA,TA/TO,0,0,0,D,D,0,No Deposit,9.0,0,Transient,130.61,0,1
City Hotel,1,205,2016,September,40,27,2,6,2,0.0,0,BB,ITA,Online TA,TA/TO,0,0,0,A,A,0,No Deposit,9.0,0,Transient,111.35,0,0
City Hotel,1,2,2016,September,40,28,0,1,2,0.0,0,SC,USA,Online TA,TA/TO,0,0,0,A,A,1,No Deposit,,0,Transient,0.0,0,1
City Hotel,1,235,2016,September,40,28,0,2,2,0.0,0,BB,PRT,Online TA,TA/TO,0,0,0,A,A,0,No Deposit,7.0,0,Transient,97.71,0,0
City Hotel,1,55,2016,September,40,28,0,2,2,0.0,0,SC,CHN,Online TA,TA/TO,0,0,0,A,A,0,No Deposit,9.0,0,Transient,112.59,0,0
City Hotel,1,28,2016,September,40,28,0,2,2,0.0,0,BB,BRA,Online TA,TA/TO,0,0,0,D,D,0,No Deposit,9.0,0,Transient,154.0,0,2
City Hotel,1,215,2016,September,40,28,0,2,2,0.0,0,BB,PRT,Online TA,TA/TO,0,0,0,A,A,0,No Deposit,7.0,0,Transient,97.71,0,0
City Hotel,1,36,2016,September,40,28,0,3,2,0.0,0,BB,PRT,Groups,TA/TO,0,0,0,A,A,0,No Deposit,21.0,0,Transient-Party,75.0,0,0
City Hotel,1,36,2016,September,40,28,0,3,2,0.0,0,BB,PRT,Groups,TA/TO,0,0,0,A,A,0,No Deposit,21.0,0,Transient-Party,75.0,0,0
City Hotel,1,36,2016,September,40,28,0,3,2,0.0,0,BB,PRT,Groups,TA/TO,0,0,0,A,A,0,No Deposit,21.0,0,Transient-Party,75.0,0,0
City Hotel,1,36,2016,September,40,28,0,3,2,0.0,0,BB,PRT,Groups,TA/TO,0,0,0,A,A,0,No Deposit,21.0,0,Transient-Party,75.0,0,0
City Hotel,1,195,2016,September,40,28,0,3,2,0.0,0,BB,IRL,Online TA,TA/TO,0,0,0,A,A,0,No Deposit,9.0,0,Transient,126.9,0,0
City Hotel,1,36,2016,September,40,28,0,3,2,0.0,0,BB,PRT,Groups,TA/TO,0,0,0,A,A,0,No Deposit,21.0,0,Transient-Party,75.0,0,0
City Hotel,1,36,2016,September,40,28,0,3,2,0.0,0,BB,PRT,Groups,TA/TO,0,0,0,A,A,0,No Deposit,21.0,0,Transient-Party,75.0,0,0
City Hotel,1,42,2016,September,40,28,0,3,2,0.0,0,BB,PRT,Offline TA/TO,TA/TO,0,0,0,A,A,0,No Deposit,27.0,0,Transient,95.0,0,0
City Hotel,1,100,2016,September,40,28,0,4,2,0.0,0,BB,PRT,Offline TA/TO,TA/TO,0,0,0,A,A,0,No Deposit,26.0,0,Transient-Party,100.0,0,0
City Hotel,1,235,2016,September,40,28,0,4,2,0.0,0,BB,CN,Online TA,TA/TO,0,0,0,A,A,0,No Deposit,9.0,0,Transient,119.85,0,0
City Hotel,1,215,2016,September,40,28,0,4,2,0.0,0,BB,CN,Online TA,TA/TO,0,0,0,A,A,0,No Deposit,9.0,0,Transient,115.6,0,0
City Hotel,1,131,2016,September,40,28,0,4,2,0.0,0,BB,CHN,Online TA,TA/TO,0,0,0,D,D,0,No Deposit,9.0,0,Transient,126.36,0,0
City Hotel,1,100,2016,September,40,28,0,4,2,0.0,0,BB,PRT,Offline TA/TO,TA/TO,0,0,0,A,A,0,No Deposit,26.0,0,Transient-Party,100.0,0,0
City Hotel,1,100,2016,September,40,28,0,4,2,0.0,0,BB,PRT,Offline TA/TO,TA/TO,0,0,0,A,A,0,No Deposit,26.0,0,Transient-Party,100.0,0,0
City Hotel,1,100,2016,September,40,28,0,4,2,0.0,0,BB,PRT,Offline TA/TO,TA/TO,0,0,0,A,A,0,No Deposit,26.0,0,Transient-Party,100.0,0,0
City Hotel,1,258,2016,September,40,29,0,1,2,0.0,0,BB,CN,Online TA,TA/TO,0,0,0,A,A,0,No Deposit,9.0,0,Transient,106.2,0,1
City Hotel,1,258,2016,September,40,29,0,1,2,0.0,0,BB,CN,Online TA,TA/TO,0,0,0,A,A,0,No Deposit,9.0,0,Transient,106.2,0,1
City Hotel,1,80,2016,September,40,29,0,1,2,0.0,0,SC,GBR,Online TA,TA/TO,0,0,0,A,A,0,No Deposit,9.0,0,Transient,125.1,0,1
City Hotel,1,258,2016,September,40,29,0,1,2,0.0,0,BB,CN,Online TA,TA/TO,0,0,0,A,A,0,No Deposit,9.0,0,Transient,106.2,0,1
City Hotel,1,29,2016,September,40,29,0,1,2,0.0,0,BB,FRA,Online TA,TA/TO,0,0,0,A,A,0,No Deposit,9.0,0,Transient,139.0,0,1
City Hotel,1,10,2016,September,40,29,0,1,2,0.0,0,BB,PRT,Direct,Direct,0,0,0,E,E,0,No Deposit,,0,Transient,105.0,0,0
City Hotel,1,447,2016,September,40,29,0,2,2,0.0,0,BB,PRT,Groups,TA/TO,0,0,0,A,A,0,Non Refund,1.0,0,Transient,62.0,0,0
City Hotel,1,447,2016,September,40,29,0,2,2,0.0,0,BB,PRT,Groups,TA/TO,0,0,0,A,A,0,Non Refund,1.0,0,Transient,62.0,0,0
City Hotel,1,19,2016,September,40,29,0,2,2,0.0,0,BB,NLD,Online TA,TA/TO,0,0,0,D,D,0,No Deposit,9.0,0,Transient,174.0,0,2
City Hotel,1,447,2016,September,40,29,0,2,2,0.0,0,BB,PRT,Groups,TA/TO,0,0,0,A,A,0,Non Refund,1.0,0,Transient,62.0,0,0
City Hotel,1,447,2016,September,40,29,0,2,2,0.0,0,BB,PRT,Groups,TA/TO,0,0,0,A,A,0,Non Refund,1.0,0,Transient,62.0,0,0
City Hotel,1,447,2016,September,40,29,0,2,2,0.0,0,BB,PRT,Groups,TA/TO,0,0,0,A,A,0,Non Refund,1.0,0,Transient,62.0,0,0
City Hotel,1,447,2016,September,40,29,0,2,2,0.0,0,BB,PRT,Groups,TA/TO,0,0,0,A,A,0,Non Refund,1.0,0,Transient,62.0,0,0
City Hotel,1,447,2016,September,40,29,0,2,2,0.0,0,BB,PRT,Groups,TA/TO,0,0,0,A,A,0,Non Refund,1.0,0,Transient,62.0,0,0
City Hotel,1,447,2016,September,40,29,0,2,2,0.0,0,BB,PRT,Groups,TA/TO,0,0,0,A,A,0,Non Refund,1.0,0,Transient,62.0,0,0
City Hotel,1,447,2016,September,40,29,0,2,2,0.0,0,BB,PRT,Groups,TA/TO,0,0,0,A,A,0,Non Refund,1.0,0,Transient,62.0,0,0
City Hotel,1,447,2016,September,40,29,0,2,2,0.0,0,BB,PRT,Groups,TA/TO,0,0,0,A,A,0,Non Refund,1.0,0,Transient,62.0,0,0
City Hotel,1,447,2016,September,40,29,0,2,2,0.0,0,BB,PRT,Groups,TA/TO,0,0,0,A,A,0,Non Refund,1.0,0,Transient,62.0,0,0
City Hotel,1,447,2016,September,40,29,0,2,2,0.0,0,BB,PRT,Groups,TA/TO,0,0,0,A,A,0,Non Refund,1.0,0,Transient,62.0,0,0
City Hotel,1,447,2016,September,40,29,0,2,2,0.0,0,BB,PRT,Groups,TA/TO,0,0,0,A,A,0,Non Refund,1.0,0,Transient,62.0,0,0
City Hotel,1,447,2016,September,40,29,0,2,2,0.0,0,BB,PRT,Groups,TA/TO,0,0,0,A,A,0,Non Refund,1.0,0,Transient,62.0,0,0
City Hotel,1,447,2016,September,40,29,0,2,2,0.0,0,BB,PRT,Groups,TA/TO,0,0,0,A,A,0,Non Refund,1.0,0,Transient,62.0,0,0
City Hotel,1,447,2016,September,40,29,0,2,2,0.0,0,BB,PRT,Groups,TA/TO,0,0,0,A,A,0,Non Refund,1.0,0,Transient,62.0,0,0
City Hotel,1,447,2016,September,40,29,0,2,2,0.0,0,BB,PRT,Groups,TA/TO,0,0,0,A,A,0,Non Refund,1.0,0,Transient,62.0,0,0
City Hotel,1,447,2016,September,40,29,0,2,2,0.0,0,BB,PRT,Groups,TA/TO,0,0,0,A,A,0,Non Refund,1.0,0,Transient,62.0,0,0
City Hotel,1,447,2016,September,40,29,0,2,2,0.0,0,BB,PRT,Groups,TA/TO,0,0,0,A,A,0,Non Refund,1.0,0,Transient,62.0,0,0
City Hotel,1,447,2016,September,40,29,0,2,2,0.0,0,BB,PRT,Groups,TA/TO,0,0,0,A,A,0,Non Refund,1.0,0,Transient,62.0,0,0
City Hotel,1,447,2016,September,40,29,0,2,2,0.0,0,BB,PRT,Groups,TA/TO,0,0,0,A,A,0,Non Refund,1.0,0,Transient,62.0,0,0
City Hotel,1,447,2016,September,40,29,0,2,2,0.0,0,BB,PRT,Groups,TA/TO,0,0,0,A,A,0,Non Refund,1.0,0,Transient,62.0,0,0
City Hotel,1,447,2016,September,40,29,0,2,2,0.0,0,BB,PRT,Groups,TA/TO,0,0,0,A,A,0,Non Refund,1.0,0,Transient,62.0,0,0
City Hotel,1,447,2016,September,40,29,0,2,2,0.0,0,BB,PRT,Groups,TA/TO,0,0,0,A,A,0,Non Refund,1.0,0,Transient,62.0,0,0
City Hotel,1,447,2016,September,40,29,0,2,2,0.0,0,BB,PRT,Groups,TA/TO,0,0,0,A,A,0,Non Refund,1.0,0,Transient,62.0,0,0
City Hotel,1,130,2016,September,40,29,0,3,2,0.0,0,BB,NLD,Online TA,TA/TO,0,0,0,D,D,0,No Deposit,9.0,0,Transient,139.5,0,2
City Hotel,1,130,2016,September,40,29,0,3,2,0.0,0,BB,NLD,Online TA,TA/TO,0,0,0,D,D,0,No Deposit,9.0,0,Transient,139.5,0,2
City Hotel,1,37,2016,September,40,29,0,2,2,0.0,0,BB,CHN,Online TA,TA/TO,0,0,0,D,D,0,No Deposit,9.0,0,Transient,132.84,0,1
City Hotel,1,447,2016,September,40,29,0,2,2,0.0,0,BB,PRT,Groups,TA/TO,0,0,0,A,A,0,Non Refund,1.0,0,Transient,62.0,0,0
City Hotel,1,447,2016,September,40,29,0,2,2,0.0,0,BB,PRT,Groups,TA/TO,0,0,0,A,A,0,Non Refund,1.0,0,Transient,62.0,0,0
City Hotel,1,447,2016,September,40,29,0,2,2,0.0,0,BB,PRT,Groups,TA/TO,0,0,0,A,A,0,Non Refund,1.0,0,Transient,62.0,0,0
City Hotel,1,447,2016,September,40,29,0,2,2,0.0,0,BB,PRT,Groups,TA/TO,0,0,0,A,A,0,Non Refund,1.0,0,Transient,62.0,0,0
City Hotel,1,447,2016,September,40,29,0,2,2,0.0,0,BB,PRT,Groups,TA/TO,0,0,0,A,A,0,Non Refund,1.0,0,Transient,62.0,0,0
City Hotel,1,214,2016,September,40,29,0,3,2,0.0,0,BB,ITA,Online TA,TA/TO,0,0,0,A,A,0,No Deposit,9.0,0,Transient,120.9,0,0
City Hotel,1,287,2016,September,40,29,0,3,2,0.0,0,BB,DEU,Online TA,TA/TO,0,0,0,A,A,0,No Deposit,9.0,0,Transient,106.2,0,2
City Hotel,1,130,2016,September,40,29,0,3,2,0.0,0,BB,NLD,Online TA,TA/TO,0,0,0,D,D,0,No Deposit,9.0,0,Transient,139.5,0,2
City Hotel,1,130,2016,September,40,29,0,3,2,0.0,0,BB,NLD,Online TA,TA/TO,0,0,0,D,D,0,No Deposit,9.0,0,Transient,139.5,0,2
City Hotel,1,287,2016,September,40,29,0,3,2,0.0,0,BB,DEU,Online TA,TA/TO,0,0,0,A,A,0,No Deposit,9.0,0,Transient,106.2,0,2
City Hotel,1,130,2016,September,40,29,0,3,2,0.0,0,BB,NLD,Online TA,TA/TO,0,0,0,D,D,0,No Deposit,9.0,0,Transient,139.5,0,2
City Hotel,1,130,2016,September,40,29,0,3,2,0.0,0,BB,NLD,Online TA,TA/TO,0,0,0,D,D,0,No Deposit,9.0,0,Transient,139.5,0,2
City Hotel,1,160,2016,September,40,29,1,3,2,0.0,0,BB,DEU,Online TA,TA/TO,0,0,0,D,D,0,No Deposit,9.0,0,Transient,131.4,0,1
City Hotel,1,287,2016,September,40,29,1,3,2,0.0,0,BB,DEU,Online TA,TA/TO,0,0,0,A,A,0,No Deposit,9.0,0,Transient,100.3,0,0
City Hotel,1,160,2016,September,40,29,1,3,2,0.0,0,BB,DEU,Online TA,TA/TO,0,0,0,D,D,0,No Deposit,9.0,0,Transient,131.4,0,1
City Hotel,1,270,2016,September,40,29,1,3,2,0.0,0,BB,DEU,Online TA,TA/TO,0,0,0,D,D,0,No Deposit,9.0,0,Transient,108.8,0,1
City Hotel,1,134,2016,September,40,29,1,3,2,0.0,0,BB,ITA,Online TA,TA/TO,0,0,0,D,D,0,No Deposit,9.0,0,Transient,137.7,0,2
City Hotel,1,287,2016,September,40,29,1,3,2,0.0,0,BB,DEU,Online TA,TA/TO,0,0,0,A,A,0,No Deposit,9.0,0,Transient,100.3,0,0
City Hotel,1,287,2016,September,40,29,1,3,2,0.0,0,BB,DEU,Online TA,TA/TO,0,0,0,A,A,0,No Deposit,9.0,0,Transient,100.3,0,0
City Hotel,1,217,2016,September,40,29,1,3,2,0.0,0,SC,BRA,Online TA,TA/TO,0,0,0,A,A,0,No Deposit,9.0,0,Transient,101.15,0,0
City Hotel,1,134,2016,September,40,29,1,3,2,0.0,0,BB,ITA,Online TA,TA/TO,0,0,0,D,D,0,No Deposit,9.0,0,Transient,137.7,0,2
City Hotel,1,287,2016,September,40,29,1,3,2,0.0,0,BB,DEU,Online TA,TA/TO,0,0,0,A,A,0,No Deposit,9.0,0,Transient,100.3,0,0
City Hotel,1,287,2016,September,40,29,1,3,2,0.0,0,BB,DEU,Online TA,TA/TO,0,0,0,A,A,0,No Deposit,9.0,0,Transient,100.3,0,0
City Hotel,1,263,2016,September,40,29,2,4,2,0.0,0,BB,DEU,Online TA,TA/TO,0,0,0,A,A,0,No Deposit,9.0,0,Transient,100.3,0,0
City Hotel,1,263,2016,September,40,29,2,4,2,0.0,0,BB,DEU,Online TA,TA/TO,0,0,0,A,A,0,No Deposit,9.0,0,Transient,100.3,0,0
City Hotel,1,263,2016,September,40,29,2,4,2,0.0,0,BB,DEU,Online TA,TA/TO,0,0,0,A,A,0,No Deposit,9.0,0,Transient,100.3,0,0
City Hotel,1,263,2016,September,40,29,2,4,2,0.0,0,BB,DEU,Online TA,TA/TO,0,0,0,A,A,0,No Deposit,9.0,0,Transient,100.3,0,0
City Hotel,1,263,2016,September,40,29,2,4,2,0.0,0,BB,DEU,Online TA,TA/TO,0,0,0,A,A,0,No Deposit,9.0,0,Transient,100.3,0,0
City Hotel,1,167,2016,September,40,29,2,5,2,0.0,0,BB,PRT,Online TA,TA/TO,0,0,0,A,A,0,No Deposit,8.0,0,Transient,114.04,0,1
City Hotel,1,170,2016,September,40,29,2,5,2,0.0,0,BB,GBR,Online TA,TA/TO,0,0,0,A,A,2,No Deposit,9.0,0,Transient,114.04,0,0
City Hotel,1,61,2016,September,40,30,0,1,2,0.0,0,BB,DEU,Online TA,TA/TO,0,0,0,D,D,0,No Deposit,9.0,0,Transient,132.3,0,1
City Hotel,1,98,2016,September,40,30,0,2,2,0.0,0,BB,PRT,Offline TA/TO,TA/TO,0,0,0,A,A,0,No Deposit,138.0,0,Transient,95.0,0,0
City Hotel,1,240,2016,September,40,30,0,2,2,0.0,0,BB,GBR,Online TA,TA/TO,0,0,0,D,D,0,No Deposit,9.0,0,Transient,140.4,0,0
City Hotel,1,182,2016,September,40,30,0,2,2,0.0,0,BB,GBR,Online TA,TA/TO,0,0,0,A,A,0,No Deposit,9.0,0,Transient,117.9,0,2
City Hotel,1,240,2016,September,40,30,0,2,2,0.0,0,BB,GBR,Online TA,TA/TO,0,0,0,D,D,0,No Deposit,9.0,0,Transient,140.4,0,0
City Hotel,1,182,2016,September,40,30,0,2,2,0.0,0,BB,GBR,Online TA,TA/TO,0,0,0,A,A,0,No Deposit,9.0,0,Transient,117.9,0,2
City Hotel,1,240,2016,September,40,30,0,2,2,0.0,0,BB,GBR,Online TA,TA/TO,0,0,0,D,D,0,No Deposit,9.0,0,Transient,140.4,0,0
City Hotel,1,315,2016,September,40,30,1,2,2,0.0,0,HB,PRT,Offline TA/TO,TA/TO,0,0,0,A,A,0,Non Refund,31.0,69,Transient,160.0,0,0
City Hotel,1,315,2016,September,40,30,1,2,2,0.0,0,HB,PRT,Offline TA/TO,TA/TO,0,0,0,A,A,0,Non Refund,31.0,69,Transient,160.0,0,0
City Hotel,1,273,2016,September,40,30,1,2,2,0.0,0,BB,DEU,Online TA,TA/TO,0,0,0,A,A,0,No Deposit,9.0,0,Transient-Party,106.2,0,0
City Hotel,1,267,2016,September,40,30,1,2,2,0.0,0,BB,PRT,Offline TA/TO,TA/TO,0,0,0,A,A,0,Non Refund,26.0,0,Transient,95.0,0,0
City Hotel,1,267,2016,September,40,30,1,2,2,0.0,0,BB,PRT,Offline TA/TO,TA/TO,0,0,0,A,A,0,Non Refund,26.0,0,Transient,95.0,0,0
City Hotel,1,219,2016,September,40,30,1,2,2,0.0,0,BB,PRT,Groups,TA/TO,0,0,0,A,A,0,Non Refund,37.0,0,Transient,120.0,0,0
City Hotel,1,219,2016,September,40,30,1,2,2,0.0,0,BB,PRT,Groups,TA/TO,0,0,0,A,A,0,Non Refund,37.0,0,Transient,120.0,0,0
City Hotel,1,219,2016,September,40,30,1,2,2,0.0,0,BB,PRT,Groups,TA/TO,0,0,0,A,A,0,Non Refund,37.0,0,Transient,120.0,0,0
City Hotel,1,267,2016,September,40,30,1,2,2,0.0,0,BB,PRT,Offline TA/TO,TA/TO,0,0,0,A,A,0,Non Refund,26.0,0,Transient,95.0,0,0
City Hotel,1,91,2016,September,40,30,1,2,2,0.0,0,BB,PRT,Offline TA/TO,TA/TO,0,0,0,A,A,0,No Deposit,3.0,0,Transient-Party,80.0,0,0
City Hotel,1,267,2016,September,40,30,1,2,2,0.0,0,BB,PRT,Offline TA/TO,TA/TO,0,0,0,A,A,0,Non Refund,26.0,0,Transient,95.0,0,0
City Hotel,1,267,2016,September,40,30,1,2,2,0.0,0,BB,PRT,Offline TA/TO,TA/TO,0,0,0,A,A,0,Non Refund,26.0,0,Transient,95.0,0,0
City Hotel,1,219,2016,September,40,30,1,2,2,0.0,0,BB,PRT,Groups,TA/TO,0,0,0,A,A,0,Non Refund,37.0,0,Transient,120.0,0,0
City Hotel,1,219,2016,September,40,30,1,2,2,0.0,0,BB,PRT,Groups,TA/TO,0,0,0,A,A,0,Non Refund,37.0,0,Transient,120.0,0,0
City Hotel,1,157,2016,September,40,30,1,2,2,0.0,0,BB,FRA,Online TA,TA/TO,0,0,0,D,D,0,No Deposit,9.0,0,Transient,135.9,0,0
City Hotel,1,315,2016,September,40,30,1,2,2,0.0,0,HB,PRT,Offline TA/TO,TA/TO,0,0,0,A,A,0,Non Refund,31.0,69,Transient,160.0,0,0
City Hotel,1,315,2016,September,40,30,1,2,2,0.0,0,HB,PRT,Offline TA/TO,TA/TO,0,0,0,A,A,0,Non Refund,31.0,69,Transient,160.0,0,0
City Hotel,1,315,2016,September,40,30,1,2,2,0.0,0,HB,PRT,Offline TA/TO,TA/TO,0,0,0,A,A,0,Non Refund,31.0,69,Transient,160.0,0,0
City Hotel,0,269,2016,September,40,30,1,2,2,0.0,0,BB,DEU,Direct,Direct,0,0,0,A,A,0,No Deposit,14.0,0,Transient-Party,95.4,0,0
City Hotel,1,270,2016,September,40,30,1,2,2,0.0,0,SC,FRA,Online TA,TA/TO,0,0,0,A,A,0,No Deposit,9.0,0,Transient,95.4,0,1
City Hotel,1,315,2016,September,40,30,1,2,2,0.0,0,HB,PRT,Offline TA/TO,TA/TO,0,0,0,A,A,0,Non Refund,31.0,69,Transient,160.0,0,0
City Hotel,1,315,2016,September,40,30,1,2,2,0.0,0,HB,PRT,Offline TA/TO,TA/TO,0,0,0,A,A,0,Non Refund,31.0,69,Transient,160.0,0,0
City Hotel,1,273,2016,September,40,30,1,2,2,0.0,0,BB,DEU,Online TA,TA/TO,0,0,0,A,A,0,No Deposit,9.0,0,Transient-Party,106.2,0,0
City Hotel,1,267,2016,September,40,30,1,2,2,0.0,0,BB,PRT,Offline TA/TO,TA/TO,0,0,0,A,A,0,Non Refund,26.0,0,Transient,95.0,0,0
City Hotel,1,267,2016,September,40,30,1,2,2,0.0,0,BB,PRT,Offline TA/TO,TA/TO,0,0,0,A,A,0,Non Refund,26.0,0,Transient,95.0,0,0
City Hotel,1,219,2016,September,40,30,1,2,2,0.0,0,BB,PRT,Groups,TA/TO,0,0,0,A,A,0,Non Refund,37.0,0,Transient,120.0,0,0
City Hotel,1,219,2016,September,40,30,1,2,2,0.0,0,BB,PRT,Groups,TA/TO,0,0,0,A,A,0,Non Refund,37.0,0,Transient,120.0,0,0
City Hotel,1,315,2016,September,40,30,1,2,2,0.0,0,HB,PRT,Offline TA/TO,TA/TO,0,0,0,A,A,0,Non Refund,31.0,69,Transient,160.0,0,0
City Hotel,1,315,2016,September,40,30,1,2,2,0.0,0,HB,PRT,Offline TA/TO,TA/TO,0,0,0,A,A,0,Non Refund,31.0,69,Transient,160.0,0,0
City Hotel,1,267,2016,September,40,30,1,2,2,0.0,0,BB,PRT,Offline TA/TO,TA/TO,0,0,0,A,A,0,Non Refund,26.0,0,Transient,95.0,0,0
City Hotel,1,267,2016,September,40,30,1,2,2,0.0,0,BB,PRT,Offline TA/TO,TA/TO,0,0,0,A,A,0,Non Refund,26.0,0,Transient,95.0,0,0
City Hotel,1,219,2016,September,40,30,1,2,2,0.0,0,BB,PRT,Groups,TA/TO,0,0,0,A,A,0,Non Refund,37.0,0,Transient,120.0,0,0
City Hotel,0,269,2016,September,40,30,1,2,2,0.0,0,BB,DEU,Direct,Direct,0,0,0,A,A,0,No Deposit,14.0,0,Transient-Party,95.4,0,0
City Hotel,1,219,2016,September,40,30,1,2,2,0.0,0,BB,PRT,Groups,TA/TO,0,0,0,A,A,0,Non Refund,37.0,0,Transient,120.0,0,0
City Hotel,1,315,2016,September,40,30,1,2,2,0.0,0,HB,PRT,Offline TA/TO,TA/TO,0,0,0,A,A,0,Non Refund,31.0,69,Transient,160.0,0,0
City Hotel,1,315,2016,September,40,30,1,2,2,0.0,0,HB,PRT,Offline TA/TO,TA/TO,0,0,0,A,A,0,Non Refund,31.0,69,Transient,160.0,0,0
City Hotel,1,315,2016,September,40,30,1,2,2,0.0,0,HB,PRT,Offline TA/TO,TA/TO,0,0,0,A,A,0,Non Refund,31.0,69,Transient,160.0,0,0
City Hotel,1,175,2016,September,40,30,1,2,2,0.0,0,SC,NLD,Online TA,TA/TO,0,0,0,A,A,0,No Deposit,9.0,0,Transient,104.1,0,0
City Hotel,1,273,2016,September,40,30,1,2,2,0.0,0,BB,DEU,Online TA,TA/TO,0,0,0,A,A,0,No Deposit,9.0,0,Transient-Party,106.2,0,0
City Hotel,1,267,2016,September,40,30,1,2,2,0.0,0,BB,PRT,Offline TA/TO,TA/TO,0,0,0,A,A,0,Non Refund,26.0,0,Transient,95.0,0,0
City Hotel,1,315,2016,September,40,30,1,2,2,0.0,0,HB,PRT,Offline TA/TO,TA/TO,0,0,0,A,A,0,Non Refund,31.0,69,Transient,160.0,0,0
City Hotel,1,315,2016,September,40,30,1,2,2,0.0,0,HB,PRT,Offline TA/TO,TA/TO,0,0,0,A,A,0,Non Refund,31.0,69,Transient,160.0,0,0
City Hotel,1,273,2016,September,40,30,1,2,2,0.0,0,BB,DEU,Online TA,TA/TO,0,0,0,A,A,0,No Deposit,9.0,0,Transient-Party,106.2,0,0
City Hotel,1,267,2016,September,40,30,1,2,2,0.0,0,BB,PRT,Offline TA/TO,TA/TO,0,0,0,A,A,0,Non Refund,26.0,0,Transient,95.0,0,0
City Hotel,1,267,2016,September,40,30,1,2,2,0.0,0,BB,PRT,Offline TA/TO,TA/TO,0,0,0,A,A,0,Non Refund,26.0,0,Transient,95.0,0,0
City Hotel,1,219,2016,September,40,30,1,2,2,0.0,0,BB,PRT,Groups,TA/TO,0,0,0,A,A,0,Non Refund,37.0,0,Transient,120.0,0,0
City Hotel,1,219,2016,September,40,30,1,2,2,0.0,0,BB,PRT,Groups,TA/TO,0,0,0,A,A,0,Non Refund,37.0,0,Transient,120.0,0,0
City Hotel,1,219,2016,September,40,30,1,2,2,0.0,0,BB,PRT,Groups,TA/TO,0,0,0,A,A,0,Non Refund,37.0,0,Transient,120.0,0,0
City Hotel,1,219,2016,September,40,30,1,2,2,0.0,0,BB,PRT,Groups,TA/TO,0,0,0,A,A,0,Non Refund,37.0,0,Transient,120.0,0,0
City Hotel,1,315,2016,September,40,30,1,2,2,0.0,0,HB,PRT,Offline TA/TO,TA/TO,0,0,0,A,A,0,Non Refund,31.0,69,Transient,160.0,0,0
City Hotel,1,315,2016,September,40,30,1,2,2,0.0,0,HB,PRT,Offline TA/TO,TA/TO,0,0,0,A,A,0,Non Refund,31.0,69,Transient,160.0,0,0
City Hotel,1,267,2016,September,40,30,1,2,2,0.0,0,BB,PRT,Offline TA/TO,TA/TO,0,0,0,A,A,0,Non Refund,26.0,0,Transient,95.0,0,0
City Hotel,1,315,2016,September,40,30,1,2,2,0.0,0,HB,PRT,Offline TA/TO,TA/TO,0,0,0,A,A,0,Non Refund,31.0,69,Transient,160.0,0,0
City Hotel,1,219,2016,September,40,30,1,2,2,0.0,0,BB,PRT,Groups,TA/TO,0,0,0,A,A,0,Non Refund,37.0,0,Transient,120.0,0,0
City Hotel,1,219,2016,September,40,30,1,2,2,0.0,0,BB,PRT,Groups,TA/TO,0,0,0,A,A,0,Non Refund,37.0,0,Transient,120.0,0,0
City Hotel,0,269,2016,September,40,30,1,2,2,0.0,0,BB,DEU,Direct,Direct,0,0,0,A,A,0,No Deposit,14.0,0,Transient-Party,95.4,0,0
City Hotel,1,267,2016,September,40,30,1,2,2,0.0,0,BB,PRT,Offline TA/TO,TA/TO,0,0,0,A,A,0,Non Refund,26.0,0,Transient,95.0,0,0
City Hotel,1,267,2016,September,40,30,1,2,2,0.0,0,BB,PRT,Offline TA/TO,TA/TO,0,0,0,A,A,0,Non Refund,26.0,0,Transient,95.0,0,0
City Hotel,1,219,2016,September,40,30,1,2,2,0.0,0,BB,PRT,Groups,TA/TO,0,0,0,A,A,0,Non Refund,37.0,0,Transient,120.0,0,0
City Hotel,1,219,2016,September,40,30,1,2,2,0.0,0,BB,PRT,Groups,TA/TO,0,0,0,A,A,0,Non Refund,37.0,0,Transient,120.0,0,0
City Hotel,1,315,2016,September,40,30,1,2,2,0.0,0,HB,PRT,Offline TA/TO,TA/TO,0,0,0,A,A,0,Non Refund,31.0,69,Transient,160.0,0,0
City Hotel,1,315,2016,September,40,30,1,2,2,0.0,0,HB,PRT,Offline TA/TO,TA/TO,0,0,0,A,A,0,Non Refund,31.0,69,Transient,160.0,0,0
City Hotel,1,267,2016,September,40,30,1,2,2,0.0,0,BB,PRT,Offline TA/TO,TA/TO,0,0,0,A,A,0,Non Refund,26.0,0,Transient,95.0,0,0
City Hotel,1,267,2016,September,40,30,1,2,2,0.0,0,BB,PRT,Offline TA/TO,TA/TO,0,0,0,A,A,0,Non Refund,26.0,0,Transient,95.0,0,0
City Hotel,1,315,2016,September,40,30,1,2,2,0.0,0,HB,PRT,Offline TA/TO,TA/TO,0,0,0,A,A,0,Non Refund,31.0,69,Transient,160.0,0,0
City Hotel,1,315,2016,September,40,30,1,2,2,0.0,0,HB,PRT,Offline TA/TO,TA/TO,0,0,0,A,A,0,Non Refund,31.0,69,Transient,160.0,0,0
City Hotel,1,219,2016,September,40,30,1,2,2,0.0,0,BB,PRT,Groups,TA/TO,0,0,0,A,A,0,Non Refund,37.0,0,Transient,120.0,0,0
City Hotel,1,219,2016,September,40,30,1,2,2,0.0,0,BB,PRT,Groups,TA/TO,0,0,0,A,A,0,Non Refund,37.0,0,Transient,120.0,0,0
City Hotel,1,219,2016,September,40,30,1,2,2,0.0,0,BB,PRT,Groups,TA/TO,0,0,0,A,A,0,Non Refund,37.0,0,Transient,120.0,0,0
City Hotel,1,137,2016,September,40,30,1,2,2,0.0,0,BB,FRA,Online TA,TA/TO,0,0,0,D,D,0,No Deposit,9.0,0,Transient,135.9,0,0
City Hotel,1,267,2016,September,40,30,1,2,2,0.0,0,BB,PRT,Offline TA/TO,TA/TO,0,0,0,A,A,0,Non Refund,26.0,0,Transient,95.0,0,0
City Hotel,1,267,2016,September,40,30,1,2,2,0.0,0,BB,PRT,Offline TA/TO,TA/TO,0,0,0,A,A,0,Non Refund,26.0,0,Transient,95.0,0,0
City Hotel,1,219,2016,September,40,30,1,2,2,0.0,0,BB,PRT,Groups,TA/TO,0,0,0,A,A,0,Non Refund,37.0,0,Transient,120.0,0,0
City Hotel,1,219,2016,September,40,30,1,2,2,0.0,0,BB,PRT,Groups,TA/TO,0,0,0,A,A,0,Non Refund,37.0,0,Transient,120.0,0,0
City Hotel,1,315,2016,September,40,30,1,2,2,0.0,0,HB,PRT,Offline TA/TO,TA/TO,0,0,0,A,A,0,Non Refund,31.0,69,Transient,160.0,0,0
City Hotel,1,315,2016,September,40,30,1,2,2,0.0,0,HB,PRT,Offline TA/TO,TA/TO,0,0,0,A,A,0,Non Refund,31.0,69,Transient,160.0,0,0
City Hotel,1,267,2016,September,40,30,1,2,2,0.0,0,BB,PRT,Offline TA/TO,TA/TO,0,0,0,A,A,0,Non Refund,26.0,0,Transient,95.0,0,0
City Hotel,1,219,2016,September,40,30,1,2,2,0.0,0,BB,PRT,Groups,TA/TO,0,0,0,A,A,0,Non Refund,37.0,0,Transient,120.0,0,0
City Hotel,1,315,2016,September,40,30,1,2,2,0.0,0,HB,PRT,Offline TA/TO,TA/TO,0,0,0,A,A,0,Non Refund,31.0,69,Transient,160.0,0,0
City Hotel,1,315,2016,September,40,30,1,2,2,0.0,0,HB,PRT,Offline TA/TO,TA/TO,0,0,0,A,A,0,Non Refund,31.0,69,Transient,160.0,0,0
City Hotel,1,219,2016,September,40,30,1,2,2,0.0,0,BB,PRT,Groups,TA/TO,0,0,0,A,A,0,Non Refund,37.0,0,Transient,120.0,0,0
City Hotel,1,179,2016,September,40,30,2,2,2,0.0,0,BB,FRA,Online TA,TA/TO,0,0,0,A,A,0,No Deposit,9.0,0,Transient,113.4,0,0
City Hotel,1,179,2016,September,40,30,2,2,2,0.0,0,BB,GBR,Online TA,TA/TO,0,0,0,D,D,0,No Deposit,9.0,0,Transient,126.9,0,0
City Hotel,1,179,2016,September,40,30,2,2,2,0.0,0,BB,FRA,Online TA,TA/TO,0,0,0,A,A,0,No Deposit,9.0,0,Transient,113.4,0,0
City Hotel,1,179,2016,September,40,30,2,2,2,0.0,0,BB,FRA,Online TA,TA/TO,0,0,0,A,A,0,No Deposit,9.0,0,Transient,113.4,0,0
City Hotel,1,179,2016,September,40,30,2,2,2,0.0,0,BB,FRA,Online TA,TA/TO,0,0,0,A,A,0,No Deposit,9.0,0,Transient,113.4,0,0
City Hotel,1,179,2016,September,40,30,2,2,2,0.0,0,BB,FRA,Online TA,TA/TO,0,0,0,A,A,0,No Deposit,9.0,0,Transient,113.4,0,0
City Hotel,1,179,2016,September,40,30,2,2,2,0.0,0,BB,GBR,Online TA,TA/TO,0,0,0,A,A,0,No Deposit,9.0,0,Transient,113.4,0,0
City Hotel,1,179,2016,September,40,30,2,2,2,0.0,0,BB,FRA,Online TA,TA/TO,0,0,0,A,A,0,No Deposit,9.0,0,Transient,113.4,0,0
City Hotel,1,179,2016,September,40,30,2,2,2,0.0,0,BB,FRA,Online TA,TA/TO,0,0,0,A,A,0,No Deposit,9.0,0,Transient,113.4,0,0
City Hotel,1,179,2016,September,40,30,2,2,2,0.0,0,BB,FRA,Online TA,TA/TO,0,0,0,A,A,0,No Deposit,9.0,0,Transient,113.4,0,0
City Hotel,1,179,2016,September,40,30,2,2,2,0.0,0,BB,FRA,Online TA,TA/TO,0,0,0,A,A,0,No Deposit,9.0,0,Transient,113.4,0,0
City Hotel,1,223,2016,September,40,30,2,3,2,0.0,0,SC,PRT,Online TA,TA/TO,0,0,0,A,A,0,No Deposit,7.0,0,Transient,73.96,0,0
City Hotel,1,223,2016,September,40,30,2,3,2,0.0,0,SC,PRT,Online TA,TA/TO,0,0,0,A,A,0,No Deposit,7.0,0,Transient,73.96,0,0
City Hotel,1,223,2016,September,40,30,2,3,2,0.0,0,SC,PRT,Online TA,TA/TO,0,0,0,A,A,0,No Deposit,7.0,0,Transient,73.96,0,0
City Hotel,1,4,2016,October,40,1,0,1,2,0.0,0,BB,PRT,Complementary,Direct,0,0,0,E,E,0,No Deposit,,0,Transient,0.0,0,1
City Hotel,1,268,2016,October,40,1,1,1,2,0.0,0,SC,IRL,Online TA,TA/TO,0,0,0,A,A,0,No Deposit,9.0,0,Transient-Party,95.4,0,0
City Hotel,1,268,2016,October,40,1,1,1,2,0.0,0,SC,IRL,Online TA,TA/TO,0,0,0,A,A,0,No Deposit,9.0,0,Transient-Party,95.4,0,0
City Hotel,1,267,2016,October,40,1,1,1,2,0.0,0,BB,IRL,Online TA,TA/TO,0,0,0,D,D,0,No Deposit,9.0,0,Transient-Party,115.2,0,0
City Hotel,1,268,2016,October,40,1,1,1,2,0.0,0,SC,IRL,Online TA,TA/TO,0,0,0,A,A,0,No Deposit,9.0,0,Transient-Party,95.4,0,0
City Hotel,1,267,2016,October,40,1,1,1,2,0.0,0,BB,IRL,Online TA,TA/TO,0,0,0,D,D,0,No Deposit,9.0,0,Transient-Party,115.2,0,0
City Hotel,1,267,2016,October,40,1,1,1,2,0.0,0,BB,IRL,Online TA,TA/TO,0,0,0,D,D,0,No Deposit,9.0,0,Transient-Party,115.2,0,0
City Hotel,1,267,2016,October,40,1,1,1,2,0.0,0,BB,IRL,Online TA,TA/TO,0,0,0,D,D,0,No Deposit,9.0,0,Transient-Party,115.2,0,0
City Hotel,1,268,2016,October,40,1,1,1,2,0.0,0,SC,IRL,Online TA,TA/TO,0,0,0,A,A,0,No Deposit,9.0,0,Transient-Party,95.4,0,0
City Hotel,1,261,2016,October,40,1,1,1,2,0.0,0,HB,PRT,Groups,TA/TO,0,0,0,A,A,0,No Deposit,1.0,0,Transient-Party,96.0,0,0
City Hotel,1,267,2016,October,40,1,1,1,2,0.0,0,BB,IRL,Online TA,TA/TO,0,0,0,D,D,0,No Deposit,9.0,0,Transient-Party,115.2,0,0
City Hotel,1,267,2016,October,40,1,1,1,2,0.0,0,BB,IRL,Online TA,TA/TO,0,0,0,D,D,0,No Deposit,9.0,0,Transient-Party,115.2,0,0
City Hotel,1,268,2016,October,40,1,1,1,2,0.0,0,SC,IRL,Online TA,TA/TO,0,0,0,A,A,0,No Deposit,9.0,0,Transient-Party,95.4,0,0
City Hotel,1,268,2016,October,40,1,1,1,2,0.0,0,SC,IRL,Online TA,TA/TO,0,0,0,A,A,0,No Deposit,9.0,0,Transient-Party,95.4,0,0
City Hotel,1,261,2016,October,40,1,1,1,2,0.0,0,HB,PRT,Groups,TA/TO,0,0,0,A,A,0,No Deposit,1.0,0,Transient-Party,96.0,0,0
City Hotel,1,268,2016,October,40,1,1,1,2,0.0,0,SC,IRL,Online TA,TA/TO,0,0,0,A,A,0,No Deposit,9.0,0,Transient-Party,95.4,0,0
City Hotel,1,261,2016,October,40,1,1,1,2,0.0,0,HB,PRT,Groups,TA/TO,0,0,0,A,A,0,No Deposit,1.0,0,Transient-Party,96.0,0,0
City Hotel,1,201,2016,October,40,1,1,1,2,0.0,0,SC,GBR,Online TA,TA/TO,0,0,0,A,A,0,No Deposit,9.0,0,Transient,98.1,0,0
City Hotel,1,268,2016,October,40,1,1,1,2,0.0,0,SC,IRL,Online TA,TA/TO,0,0,0,A,A,0,No Deposit,9.0,0,Transient-Party,95.4,0,0
City Hotel,1,268,2016,October,40,1,1,1,2,0.0,0,SC,IRL,Online TA,TA/TO,0,0,0,A,A,0,No Deposit,9.0,0,Transient-Party,95.4,0,0
City Hotel,1,267,2016,October,40,1,1,1,2,0.0,0,BB,IRL,Online TA,TA/TO,0,0,0,D,D,0,No Deposit,9.0,0,Transient-Party,115.2,0,0
City Hotel,1,267,2016,October,40,1,1,1,2,0.0,0,BB,IRL,Online TA,TA/TO,0,0,0,D,D,0,No Deposit,9.0,0,Transient-Party,115.2,0,0
City Hotel,1,267,2016,October,40,1,1,1,2,0.0,0,BB,IRL,Online TA,TA/TO,0,0,0,D,D,0,No Deposit,9.0,0,Transient-Party,115.2,0,0
City Hotel,1,268,2016,October,40,1,1,1,2,0.0,0,SC,IRL,Online TA,TA/TO,0,0,0,A,A,0,No Deposit,9.0,0,Transient-Party,95.4,0,0
City Hotel,1,261,2016,October,40,1,1,1,2,0.0,0,HB,PRT,Groups,TA/TO,0,0,0,A,A,0,No Deposit,1.0,0,Transient-Party,96.0,0,0
City Hotel,1,281,2016,October,40,1,2,1,2,0.0,0,HB,PRT,Groups,TA/TO,0,0,0,A,A,0,No Deposit,1.0,174,Transient-Party,96.0,0,0
City Hotel,1,180,2016,October,40,1,2,1,2,0.0,0,BB,IRL,Online TA,TA/TO,0,0,0,A,A,0,No Deposit,9.0,0,Transient,108.9,0,0
City Hotel,1,179,2016,October,40,1,2,1,2,0.0,0,BB,IRL,Online TA,TA/TO,0,0,0,A,A,0,No Deposit,9.0,0,Transient,108.9,0,2
City Hotel,1,167,2016,October,40,1,2,1,2,0.0,0,SC,BEL,Online TA,TA/TO,0,0,0,A,A,0,No Deposit,9.0,0,Transient,98.1,0,0
City Hotel,1,281,2016,October,40,1,2,1,2,0.0,0,HB,PRT,Groups,TA/TO,0,0,0,A,A,0,No Deposit,1.0,174,Transient-Party,96.0,0,0
City Hotel,1,275,2016,October,40,1,2,1,2,0.0,0,BB,FRA,Online TA,TA/TO,0,0,0,A,A,0,No Deposit,9.0,0,Transient,106.2,0,0
City Hotel,1,179,2016,October,40,1,2,1,2,0.0,0,BB,IRL,Online TA,TA/TO,0,0,0,A,A,0,No Deposit,9.0,0,Transient,108.9,0,2
City Hotel,1,275,2016,October,40,1,2,1,2,0.0,0,BB,FRA,Online TA,TA/TO,0,0,0,A,A,0,No Deposit,9.0,0,Transient,106.2,0,0
City Hotel,1,281,2016,October,40,1,2,1,2,0.0,0,HB,PRT,Groups,TA/TO,0,0,0,A,A,0,No Deposit,1.0,174,Transient-Party,96.0,0,0
City Hotel,1,180,2016,October,40,1,2,1,2,0.0,0,BB,IRL,Online TA,TA/TO,0,0,0,A,A,0,No Deposit,9.0,0,Transient,108.9,0,1
City Hotel,1,180,2016,October,40,1,2,1,2,0.0,0,BB,IRL,Online TA,TA/TO,0,0,0,A,A,0,No Deposit,9.0,0,Transient,108.9,0,0
City Hotel,1,275,2016,October,40,1,2,1,2,0.0,0,BB,FRA,Online TA,TA/TO,0,0,0,A,A,0,No Deposit,9.0,0,Transient,106.2,0,0
City Hotel,1,275,2016,October,40,1,2,1,2,0.0,0,BB,FRA,Online TA,TA/TO,0,0,0,A,A,0,No Deposit,9.0,0,Transient,106.2,0,0
City Hotel,1,281,2016,October,40,1,2,1,2,0.0,0,HB,PRT,Groups,TA/TO,0,0,0,A,A,0,No Deposit,1.0,174,Transient-Party,96.0,0,0
City Hotel,1,180,2016,October,40,1,2,1,2,0.0,0,BB,IRL,Online TA,TA/TO,0,0,0,A,A,0,No Deposit,9.0,0,Transient,108.9,0,1
City Hotel,1,281,2016,October,40,1,2,1,2,0.0,0,HB,PRT,Groups,TA/TO,0,0,0,A,A,0,No Deposit,1.0,174,Transient-Party,96.0,0,0
City Hotel,1,180,2016,October,40,1,2,1,2,0.0,0,BB,IRL,Online TA,TA/TO,0,0,0,A,A,0,No Deposit,9.0,0,Transient,108.9,0,0
City Hotel,1,281,2016,October,40,1,2,1,2,0.0,0,HB,PRT,Groups,TA/TO,0,0,0,A,A,0,No Deposit,1.0,174,Transient-Party,96.0,0,0
City Hotel,1,135,2016,October,40,1,2,1,2,0.0,0,BB,TWN,Online TA,TA/TO,0,0,0,D,D,0,No Deposit,9.0,0,Transient,132.3,0,0
City Hotel,1,179,2016,October,40,1,2,1,2,0.0,0,BB,IRL,Online TA,TA/TO,0,0,0,A,A,0,No Deposit,9.0,0,Transient,108.9,0,2
City Hotel,1,275,2016,October,40,1,2,1,2,0.0,0,BB,FRA,Online TA,TA/TO,0,0,0,A,A,0,No Deposit,9.0,0,Transient,106.2,0,0
City Hotel,1,281,2016,October,40,1,2,1,2,0.0,0,HB,PRT,Groups,TA/TO,0,0,0,A,A,0,No Deposit,1.0,174,Transient-Party,96.0,0,0
City Hotel,1,179,2016,October,40,1,2,1,2,0.0,0,BB,IRL,Online TA,TA/TO,0,0,0,A,A,0,No Deposit,9.0,0,Transient,108.9,0,2
City Hotel,1,281,2016,October,40,1,2,1,2,0.0,0,HB,PRT,Groups,TA/TO,0,0,0,A,A,0,No Deposit,1.0,174,Transient-Party,96.0,0,0
City Hotel,1,275,2016,October,40,1,2,1,2,0.0,0,BB,FRA,Online TA,TA/TO,0,0,0,A,A,0,No Deposit,9.0,0,Transient,106.2,0,0
City Hotel,1,281,2016,October,40,1,2,1,2,0.0,0,HB,PRT,Groups,TA/TO,0,0,0,A,A,0,No Deposit,1.0,174,Transient-Party,96.0,0,0
City Hotel,1,281,2016,October,40,1,2,1,2,0.0,0,HB,PRT,Groups,TA/TO,0,0,0,A,A,0,No Deposit,1.0,174,Transient-Party,96.0,0,0
City Hotel,1,135,2016,October,40,1,2,1,2,0.0,0,BB,TWN,Online TA,TA/TO,0,0,0,D,D,0,No Deposit,9.0,0,Transient,132.3,0,0
City Hotel,1,281,2016,October,40,1,2,1,2,0.0,0,HB,PRT,Groups,TA/TO,0,0,0,A,A,0,No Deposit,1.0,174,Transient-Party,96.0,0,0
City Hotel,1,281,2016,October,40,1,2,1,2,0.0,0,HB,PRT,Groups,TA/TO,0,0,0,A,A,0,No Deposit,1.0,174,Transient-Party,96.0,0,0
City Hotel,1,180,2016,October,40,1,2,1,2,0.0,0,BB,IRL,Online TA,TA/TO,0,0,0,A,A,0,No Deposit,9.0,0,Transient,108.9,0,1
City Hotel,1,275,2016,October,40,1,2,1,2,0.0,0,BB,FRA,Online TA,TA/TO,0,0,0,A,A,0,No Deposit,9.0,0,Transient,106.2,0,0
City Hotel,1,281,2016,October,40,1,2,1,2,0.0,0,HB,PRT,Groups,TA/TO,0,0,0,A,A,0,No Deposit,1.0,174,Transient-Party,96.0,0,0
City Hotel,1,281,2016,October,40,1,2,1,2,0.0,0,HB,PRT,Groups,TA/TO,0,0,0,A,A,0,No Deposit,1.0,174,Transient-Party,96.0,0,0
City Hotel,1,281,2016,October,40,1,2,1,2,0.0,0,HB,PRT,Groups,TA/TO,0,0,0,A,A,0,No Deposit,1.0,174,Transient-Party,96.0,0,0
City Hotel,1,180,2016,October,40,1,2,1,2,0.0,0,BB,IRL,Online TA,TA/TO,0,0,0,A,A,0,No Deposit,9.0,0,Transient,108.9,0,0
City Hotel,1,213,2016,October,40,1,2,2,2,0.0,0,SC,IRL,Online TA,TA/TO,0,0,0,A,A,0,No Deposit,9.0,0,Transient,92.65,0,0
City Hotel,1,187,2016,October,40,1,2,2,2,0.0,0,BB,BEL,Online TA,TA/TO,0,0,0,D,D,0,No Deposit,9.0,0,Transient,122.4,0,1
City Hotel,1,213,2016,October,40,1,2,2,2,0.0,0,BB,BEL,Online TA,TA/TO,0,0,0,A,A,0,No Deposit,9.0,0,Transient,102.85,0,1
City Hotel,1,167,2016,October,40,1,2,2,2,0.0,0,BB,BEL,Online TA,TA/TO,0,0,0,D,D,0,No Deposit,9.0,0,Transient,122.4,0,0
City Hotel,1,157,2016,October,40,1,2,5,2,0.0,0,BB,FRA,Online TA,TA/TO,0,0,0,D,D,0,No Deposit,9.0,0,Transient,132.3,0,0
City Hotel,1,40,2016,October,41,2,1,0,2,0.0,0,SC,CHN,Online TA,TA/TO,0,0,0,A,A,0,No Deposit,9.0,0,Transient,97.2,0,1
City Hotel,1,4,2016,October,41,2,1,0,2,0.0,0,SC,PRT,Online TA,TA/TO,0,0,0,A,A,0,No Deposit,9.0,0,Transient,140.0,0,0
City Hotel,1,88,2016,October,41,2,2,0,2,0.0,0,BB,IRL,Online TA,TA/TO,0,0,0,D,D,0,No Deposit,9.0,0,Transient,132.3,0,1
City Hotel,1,11,2016,October,41,2,2,0,2,0.0,0,BB,GBR,Online TA,TA/TO,0,0,0,A,A,0,No Deposit,9.0,0,Transient,155.0,0,0
City Hotel,1,44,2016,October,41,2,2,0,2,0.0,0,BB,CHN,Online TA,TA/TO,0,0,0,A,A,0,No Deposit,9.0,0,Transient,113.4,0,0
City Hotel,1,34,2016,October,41,2,2,1,2,0.0,0,SC,ESP,Online TA,TA/TO,0,0,0,A,A,0,No Deposit,9.0,0,Transient,108.0,0,0
City Hotel,1,81,2016,October,41,2,2,1,2,0.0,0,BB,CHN,Online TA,TA/TO,0,0,0,D,D,0,No Deposit,9.0,0,Transient,119.07,0,0
City Hotel,1,59,2016,October,41,2,2,1,2,0.0,0,BB,IRL,Online TA,TA/TO,0,0,0,A,A,0,No Deposit,9.0,0,Transient,118.8,0,1
City Hotel,1,25,2016,October,41,2,2,1,2,0.0,0,SC,LUX,Online TA,TA/TO,0,0,0,A,A,0,No Deposit,9.0,0,Transient,133.0,0,1
City Hotel,1,39,2016,October,41,2,2,1,2,0.0,0,BB,ESP,Online TA,TA/TO,0,0,0,A,A,0,No Deposit,9.0,0,Transient,126.0,0,1
City Hotel,1,133,2016,October,41,2,2,1,2,0.0,0,SC,FRA,Online TA,TA/TO,0,0,0,A,A,0,No Deposit,9.0,0,Transient,108.0,0,0
City Hotel,1,44,2016,October,41,2,2,1,2,0.0,0,SC,PRT,Online TA,TA/TO,0,0,0,A,A,0,No Deposit,8.0,0,Transient,108.0,0,1
City Hotel,1,42,2016,October,41,2,2,1,2,0.0,0,BB,CHN,Online TA,TA/TO,0,0,0,A,A,0,No Deposit,9.0,0,Transient,113.4,0,0
City Hotel,1,19,2016,October,41,2,2,1,2,0.0,0,SC,CHN,Online TA,TA/TO,0,0,0,A,A,0,No Deposit,9.0,0,Transient,116.1,0,0
City Hotel,1,102,2016,October,41,2,2,1,2,0.0,0,SC,ITA,Online TA,TA/TO,0,0,0,A,A,0,No Deposit,9.0,0,Transient,108.0,0,0
City Hotel,1,34,2016,October,41,2,2,1,2,0.0,0,SC,ISR,Online TA,TA/TO,0,0,0,A,A,0,No Deposit,9.0,0,Transient,108.0,0,2
City Hotel,1,10,2016,October,41,2,2,2,2,0.0,0,BB,PRT,Offline TA/TO,TA/TO,0,0,0,D,D,0,No Deposit,85.0,0,Transient,107.0,0,0
City Hotel,1,24,2016,October,41,2,2,2,2,0.0,0,SC,ESP,Online TA,TA/TO,0,0,0,A,A,0,No Deposit,9.0,0,Transient,129.0,0,3
City Hotel,1,54,2016,October,41,2,2,2,2,0.0,0,SC,FRA,Online TA,TA/TO,0,0,0,A,A,0,No Deposit,9.0,0,Transient,108.0,0,0
City Hotel,1,30,2016,October,41,2,2,2,2,0.0,0,BB,DEU,Online TA,TA/TO,0,0,0,A,A,0,No Deposit,9.0,0,Transient,139.28,0,0
City Hotel,1,33,2016,October,41,2,2,3,2,0.0,0,HB,PRT,Online TA,TA/TO,0,0,0,D,D,0,No Deposit,7.0,0,Transient,123.82,0,0
City Hotel,1,249,2016,October,41,2,2,3,2,0.0,0,BB,DEU,Online TA,TA/TO,0,0,0,A,A,0,No Deposit,9.0,0,Transient,119.85,0,0
City Hotel,1,258,2016,October,41,2,2,5,2,0.0,0,SC,CHE,Online TA,TA/TO,0,0,0,A,A,0,No Deposit,9.0,0,Transient,90.1,0,0
City Hotel,1,258,2016,October,41,2,2,5,2,0.0,0,SC,CHE,Online TA,TA/TO,0,0,0,A,A,0,No Deposit,9.0,0,Transient,90.1,0,0
City Hotel,1,258,2016,October,41,2,2,5,2,0.0,0,BB,CHE,Online TA,TA/TO,0,0,0,A,A,0,No Deposit,9.0,0,Transient,100.3,0,0
City Hotel,1,258,2016,October,41,2,2,5,2,0.0,0,BB,CHE,Online TA,TA/TO,0,0,0,A,A,0,No Deposit,9.0,0,Transient,100.3,0,0
City Hotel,1,28,2016,October,41,3,1,0,2,0.0,0,SC,CHN,Online TA,TA/TO,0,0,0,A,A,0,No Deposit,9.0,0,Transient,126.0,0,0
City Hotel,1,208,2016,October,41,3,1,0,2,0.0,0,BB,PRT,Online TA,TA/TO,0,0,0,A,A,0,No Deposit,7.0,0,Transient,83.85,0,0
City Hotel,1,43,2016,October,41,3,1,0,2,0.0,0,SC,BRA,Online TA,TA/TO,0,0,0,A,A,0,No Deposit,9.0,0,Transient,108.0,0,1
City Hotel,1,66,2016,October,41,3,1,1,2,0.0,0,BB,CHN,Online TA,TA/TO,0,0,0,D,D,2,No Deposit,9.0,0,Transient,119.07,0,1
City Hotel,1,12,2016,October,41,3,1,1,2,0.0,0,SC,CN,Online TA,TA/TO,0,0,0,A,A,0,No Deposit,9.0,0,Transient,135.0,0,0
City Hotel,1,36,2016,October,41,3,1,1,2,0.0,0,SC,CHN,Online TA,TA/TO,0,0,0,A,A,0,No Deposit,9.0,0,Transient,97.2,0,0
City Hotel,1,25,2016,October,41,3,1,1,2,0.0,0,SC,CN,Online TA,TA/TO,0,0,0,A,A,0,No Deposit,9.0,0,Transient,129.0,0,1
City Hotel,1,45,2016,October,41,3,1,2,2,0.0,0,BB,ITA,Online TA,TA/TO,0,0,0,A,A,0,No Deposit,9.0,0,Transient,126.0,0,0
City Hotel,1,157,2016,October,41,3,1,2,2,0.0,0,SC,MEX,Online TA,TA/TO,0,0,0,A,A,0,No Deposit,9.0,0,Transient,108.0,0,0
City Hotel,1,10,2016,October,41,3,1,2,2,0.0,0,BB,PRT,Offline TA/TO,TA/TO,0,0,0,A,A,0,No Deposit,6.0,0,Transient,105.0,0,0
City Hotel,1,24,2016,October,41,3,1,2,2,0.0,0,SC,CHN,Online TA,TA/TO,0,0,0,A,A,0,No Deposit,9.0,0,Transient,116.1,0,0
City Hotel,1,19,2016,October,41,3,1,2,2,0.0,0,BB,NLD,Online TA,TA/TO,0,0,0,A,A,0,No Deposit,9.0,0,Transient,149.0,0,0
City Hotel,1,47,2016,October,41,3,1,2,2,0.0,0,HB,ESP,Online TA,TA/TO,0,0,0,A,A,0,No Deposit,9.0,0,Transient,153.0,0,1
City Hotel,1,219,2016,October,41,3,1,3,2,0.0,0,BB,MKD,Online TA,TA/TO,0,0,0,A,A,0,No Deposit,9.0,0,Transient-Party,102.85,0,0
City Hotel,1,285,2016,October,41,3,1,3,2,0.0,0,BB,PRT,Offline TA/TO,TA/TO,0,0,0,A,A,0,Non Refund,31.0,24,Transient,100.0,0,0
City Hotel,1,285,2016,October,41,3,1,3,2,0.0,0,BB,PRT,Offline TA/TO,TA/TO,0,0,0,A,A,0,Non Refund,31.0,24,Transient,100.0,0,0
City Hotel,1,49,2016,October,41,3,1,3,2,0.0,0,BB,DEU,Online TA,TA/TO,0,0,0,A,A,0,No Deposit,9.0,0,Transient,118.8,0,2
City Hotel,1,223,2016,October,41,3,1,3,2,0.0,0,BB,ISR,Online TA,TA/TO,0,0,0,A,A,0,No Deposit,9.0,0,Transient,102.85,0,0
City Hotel,1,285,2016,October,41,3,1,3,2,0.0,0,BB,PRT,Offline TA/TO,TA/TO,0,0,0,A,A,0,Non Refund,31.0,24,Transient,100.0,0,0
City Hotel,1,285,2016,October,41,3,1,3,2,0.0,0,BB,PRT,Offline TA/TO,TA/TO,0,0,0,A,A,0,Non Refund,31.0,24,Transient,100.0,0,0
City Hotel,1,285,2016,October,41,3,1,3,2,0.0,0,BB,PRT,Offline TA/TO,TA/TO,0,0,0,A,A,0,Non Refund,31.0,24,Transient,100.0,0,0
City Hotel,1,285,2016,October,41,3,1,3,2,0.0,0,BB,PRT,Offline TA/TO,TA/TO,0,0,0,A,A,0,Non Refund,31.0,24,Transient,100.0,0,0
City Hotel,1,49,2016,October,41,3,1,3,2,0.0,0,SC,DEU,Online TA,TA/TO,0,0,0,A,A,0,No Deposit,9.0,0,Transient,108.0,0,0
City Hotel,1,285,2016,October,41,3,1,3,2,0.0,0,BB,PRT,Offline TA/TO,TA/TO,0,0,0,A,A,0,Non Refund,31.0,24,Transient,100.0,0,0
City Hotel,1,285,2016,October,41,3,1,3,2,0.0,0,BB,PRT,Offline TA/TO,TA/TO,0,0,0,A,A,0,Non Refund,31.0,24,Transient,100.0,0,0
City Hotel,1,160,2016,October,41,3,1,3,2,0.0,0,BB,GBR,Online TA,TA/TO,0,0,0,D,D,0,No Deposit,9.0,0,Transient,132.3,0,0
City Hotel,1,30,2016,October,41,3,1,3,2,0.0,0,BB,DEU,Online TA,TA/TO,0,0,0,D,D,0,No Deposit,9.0,0,Transient,152.78,0,0
City Hotel,0,281,2016,October,41,3,1,3,2,0.0,0,BB,DEU,Online TA,TA/TO,0,0,0,D,D,2,No Deposit,9.0,0,Transient-Party,108.8,0,0
City Hotel,1,45,2016,October,41,3,1,3,2,0.0,0,BB,PRT,Online TA,TA/TO,0,0,0,D,D,0,No Deposit,83.0,0,Transient,111.6,0,0
City Hotel,1,285,2016,October,41,3,1,3,2,0.0,0,BB,PRT,Offline TA/TO,TA/TO,0,0,0,A,A,0,Non Refund,31.0,24,Transient,100.0,0,0
City Hotel,0,281,2016,October,41,3,1,3,2,0.0,0,BB,DEU,Online TA,TA/TO,0,0,0,D,D,2,No Deposit,9.0,0,Transient-Party,108.8,0,0
City Hotel,1,285,2016,October,41,3,1,3,2,0.0,0,BB,PRT,Offline TA/TO,TA/TO,0,0,0,A,A,0,Non Refund,31.0,24,Transient,100.0,0,0
City Hotel,1,219,2016,October,41,3,1,3,2,0.0,0,BB,MKD,Online TA,TA/TO,0,0,0,A,A,0,No Deposit,9.0,0,Transient-Party,102.85,0,1
City Hotel,1,285,2016,October,41,3,1,3,2,0.0,0,BB,PRT,Offline TA/TO,TA/TO,0,0,0,A,A,0,Non Refund,31.0,24,Transient,100.0,0,0
City Hotel,1,281,2016,October,41,3,1,3,2,0.0,0,BB,DEU,Online TA,TA/TO,0,0,0,D,D,0,No Deposit,9.0,0,Transient-Party,108.8,0,0
City Hotel,1,30,2016,October,41,3,1,3,2,0.0,0,BB,DEU,Online TA,TA/TO,0,0,0,A,A,0,No Deposit,9.0,0,Transient,139.28,0,0
City Hotel,1,285,2016,October,41,3,1,3,2,0.0,0,BB,PRT,Offline TA/TO,TA/TO,0,0,0,A,A,0,Non Refund,31.0,24,Transient,100.0,0,0
City Hotel,1,223,2016,October,41,3,1,3,2,0.0,0,BB,ISR,Online TA,TA/TO,0,0,0,A,A,0,No Deposit,9.0,0,Transient,102.85,0,0
City Hotel,1,35,2016,October,41,3,1,3,2,0.0,0,BB,CHE,Online TA,TA/TO,0,0,0,D,D,0,No Deposit,9.0,0,Transient,139.5,0,0
City Hotel,1,285,2016,October,41,3,1,3,2,0.0,0,BB,PRT,Offline TA/TO,TA/TO,0,0,0,A,A,0,Non Refund,31.0,24,Transient,100.0,0,0
City Hotel,1,285,2016,October,41,3,1,3,2,0.0,0,BB,PRT,Offline TA/TO,TA/TO,0,0,0,A,A,0,Non Refund,31.0,24,Transient,100.0,0,0
City Hotel,0,281,2016,October,41,3,1,3,2,0.0,0,BB,DEU,Online TA,TA/TO,0,0,0,F,F,2,No Deposit,9.0,0,Transient,168.3,0,0
City Hotel,1,285,2016,October,41,3,1,3,2,0.0,0,BB,PRT,Offline TA/TO,TA/TO,0,0,0,A,A,0,Non Refund,31.0,24,Transient,100.0,0,0
City Hotel,1,285,2016,October,41,3,1,3,2,0.0,0,BB,PRT,Offline TA/TO,TA/TO,0,0,0,A,A,0,Non Refund,31.0,24,Transient,100.0,0,0
City Hotel,1,285,2016,October,41,3,1,3,2,0.0,0,BB,PRT,Offline TA/TO,TA/TO,0,0,0,A,A,0,Non Refund,31.0,24,Transient,100.0,0,0
City Hotel,1,285,2016,October,41,3,1,3,2,0.0,0,BB,PRT,Offline TA/TO,TA/TO,0,0,0,A,A,0,Non Refund,31.0,24,Transient,100.0,0,0
City Hotel,1,27,2016,October,41,3,1,4,2,0.0,0,BB,SWE,Online TA,TA/TO,0,0,0,D,D,0,No Deposit,9.0,0,Transient,163.8,0,0
City Hotel,1,67,2016,October,41,3,2,5,2,0.0,0,BB,PRT,Offline TA/TO,TA/TO,0,0,0,A,A,0,No Deposit,6.0,0,Transient-Party,85.0,0,0
City Hotel,1,122,2016,October,41,4,0,1,2,0.0,0,SC,USA,Online TA,TA/TO,0,0,0,A,E,0,No Deposit,9.0,0,Transient,108.0,0,1
City Hotel,1,207,2016,October,41,4,0,1,2,0.0,0,SC,HKG,Online TA,TA/TO,0,0,0,A,A,0,No Deposit,9.0,0,Transient,98.1,0,0
City Hotel,1,207,2016,October,41,4,0,1,2,0.0,0,SC,HKG,Online TA,TA/TO,0,0,0,A,A,0,No Deposit,9.0,0,Transient,98.1,0,0
City Hotel,1,207,2016,October,41,4,0,1,2,0.0,0,SC,HKG,Online TA,TA/TO,0,0,0,A,A,0,No Deposit,9.0,0,Transient,98.1,0,0
City Hotel,1,207,2016,October,41,4,0,1,2,0.0,0,SC,HKG,Online TA,TA/TO,0,0,0,A,A,0,No Deposit,9.0,0,Transient,98.1,0,0
City Hotel,1,83,2016,October,41,4,0,1,2,0.0,0,BB,IRL,Online TA,TA/TO,0,0,0,A,A,0,No Deposit,9.0,0,Transient,118.8,0,1
City Hotel,1,48,2016,October,41,4,0,3,2,0.0,0,SC,ITA,Online TA,TA/TO,0,0,0,A,A,0,No Deposit,9.0,0,Transient,108.0,0,1
City Hotel,1,21,2016,October,41,4,0,3,2,0.0,0,SC,CHN,Online TA,TA/TO,0,0,0,A,A,0,No Deposit,9.0,0,Transient,116.1,0,0
City Hotel,1,184,2016,October,41,4,0,3,2,0.0,0,BB,NOR,Online TA,TA/TO,0,0,0,B,B,1,No Deposit,9.0,0,Transient,101.05,0,0
City Hotel,1,20,2016,October,41,4,0,3,2,0.0,0,SC,BRA,Online TA,TA/TO,0,0,0,A,A,0,No Deposit,9.0,0,Transient,129.0,0,0
City Hotel,1,184,2016,October,41,4,0,3,2,0.0,0,BB,NOR,Online TA,TA/TO,0,0,0,D,D,1,No Deposit,9.0,0,Transient,122.4,0,0
City Hotel,1,172,2016,October,41,4,0,3,2,0.0,0,BB,NOR,Online TA,TA/TO,0,0,0,F,F,0,No Deposit,9.0,0,Transient,180.9,0,0
City Hotel,1,184,2016,October,41,4,0,3,2,0.0,0,BB,NOR,Online TA,TA/TO,0,0,0,D,D,0,No Deposit,9.0,0,Transient,122.4,0,0
City Hotel,1,50,2016,October,41,4,0,3,2,0.0,0,BB,BEL,Online TA,TA/TO,0,0,0,A,A,0,No Deposit,9.0,0,Transient,118.8,0,0
City Hotel,1,38,2016,October,41,4,0,3,2,0.0,0,BB,CHN,Online TA,TA/TO,0,0,0,D,D,0,No Deposit,9.0,0,Transient,125.55,0,0
City Hotel,1,46,2016,October,41,4,0,4,2,0.0,0,BB,DEU,Online TA,TA/TO,0,0,0,D,D,0,No Deposit,9.0,0,Transient,139.5,0,1
City Hotel,1,206,2016,October,41,4,0,4,2,0.0,0,BB,ROU,Online TA,TA/TO,0,0,0,A,A,0,No Deposit,9.0,0,Transient,102.85,0,4
City Hotel,1,175,2016,October,41,4,0,4,2,0.0,0,BB,PRT,Offline TA/TO,TA/TO,0,0,0,A,A,0,No Deposit,83.0,0,Transient,82.28,0,0
City Hotel,1,168,2016,October,41,4,0,4,2,0.0,0,BB,PRT,Offline TA/TO,TA/TO,0,0,0,A,A,0,No Deposit,83.0,0,Transient,82.28,0,0
City Hotel,1,168,2016,October,41,4,0,4,2,0.0,0,BB,PRT,Offline TA/TO,TA/TO,0,0,0,A,A,0,No Deposit,83.0,0,Transient,96.8,0,0
City Hotel,1,28,2016,October,41,4,0,5,2,0.0,0,BB,BEL,Online TA,TA/TO,0,0,0,D,D,0,No Deposit,9.0,0,Transient,160.3,0,2
City Hotel,1,349,2016,October,41,4,1,5,2,0.0,0,BB,PRT,Offline TA/TO,TA/TO,0,0,0,A,A,0,No Deposit,58.0,162,Transient-Party,90.0,0,0
City Hotel,1,349,2016,October,41,4,1,5,2,0.0,0,BB,PRT,Offline TA/TO,TA/TO,0,0,0,A,A,0,No Deposit,58.0,162,Transient-Party,90.0,0,0
City Hotel,1,349,2016,October,41,4,1,5,2,0.0,0,BB,PRT,Offline TA/TO,TA/TO,0,0,0,A,A,0,No Deposit,58.0,162,Transient-Party,90.0,0,0
City Hotel,1,349,2016,October,41,4,1,5,2,0.0,0,BB,PRT,Offline TA/TO,TA/TO,0,0,0,A,A,0,No Deposit,58.0,162,Transient-Party,90.0,0,0
City Hotel,1,349,2016,October,41,4,1,5,2,0.0,0,BB,PRT,Offline TA/TO,TA/TO,0,0,0,A,A,0,No Deposit,58.0,162,Transient-Party,90.0,0,0
City Hotel,1,349,2016,October,41,4,1,5,2,0.0,0,BB,PRT,Offline TA/TO,TA/TO,0,0,0,A,A,0,No Deposit,58.0,162,Transient-Party,90.0,0,0
City Hotel,1,238,2016,October,41,4,2,5,2,0.0,0,BB,BEL,Online TA,TA/TO,0,0,0,D,D,0,No Deposit,9.0,0,Transient,132.6,0,1
City Hotel,1,56,2016,October,41,5,0,1,2,0.0,0,SC,CHN,Online TA,TA/TO,0,0,0,A,A,0,No Deposit,9.0,0,Transient,97.2,0,0
City Hotel,1,40,2016,October,41,5,0,1,2,0.0,0,BB,CHN,Online TA,TA/TO,0,0,0,D,D,0,No Deposit,9.0,0,Transient,125.55,0,0
City Hotel,1,48,2016,October,41,5,0,2,2,0.0,0,BB,PRT,Groups,TA/TO,0,0,0,A,A,0,Non Refund,3.0,0,Transient,120.0,0,0
City Hotel,1,48,2016,October,41,5,0,2,2,0.0,0,BB,PRT,Groups,TA/TO,0,0,0,A,A,0,Non Refund,3.0,0,Transient,120.0,0,0
City Hotel,1,48,2016,October,41,5,0,2,2,0.0,0,BB,PRT,Groups,TA/TO,0,0,0,A,A,0,Non Refund,3.0,0,Transient,120.0,0,0
City Hotel,1,48,2016,October,41,5,0,2,2,0.0,0,BB,PRT,Groups,TA/TO,0,0,0,A,A,0,Non Refund,3.0,0,Transient,120.0,0,0
City Hotel,1,40,2016,October,41,5,0,2,2,0.0,0,BB,AUT,Online TA,TA/TO,0,0,0,D,D,0,No Deposit,9.0,0,Transient,139.5,0,0
City Hotel,1,48,2016,October,41,5,0,2,2,0.0,0,BB,PRT,Groups,TA/TO,0,0,0,A,A,0,Non Refund,3.0,0,Transient,120.0,0,0
City Hotel,1,48,2016,October,41,5,0,2,2,0.0,0,BB,PRT,Groups,TA/TO,0,0,0,A,A,0,Non Refund,3.0,0,Transient,120.0,0,0
City Hotel,1,44,2016,October,41,5,0,2,2,0.0,0,BB,CHN,Online TA,TA/TO,0,0,0,D,D,0,No Deposit,9.0,0,Transient,125.55,0,1
City Hotel,1,48,2016,October,41,5,0,2,2,0.0,0,BB,PRT,Groups,TA/TO,0,0,0,A,A,0,Non Refund,3.0,0,Transient,120.0,0,0
City Hotel,1,0,2016,October,41,5,0,2,2,0.0,0,BB,PRT,Direct,Direct,0,0,0,A,A,0,No Deposit,,0,Transient,89.0,0,0
City Hotel,1,48,2016,October,41,5,0,2,2,0.0,0,BB,PRT,Groups,TA/TO,0,0,0,A,A,0,Non Refund,3.0,0,Transient,120.0,0,0
City Hotel,1,48,2016,October,41,5,0,2,2,0.0,0,BB,PRT,Groups,TA/TO,0,0,0,A,A,0,Non Refund,3.0,0,Transient,120.0,0,0
City Hotel,1,48,2016,October,41,5,0,2,2,0.0,0,BB,PRT,Groups,TA/TO,0,0,0,A,A,0,Non Refund,3.0,0,Transient,120.0,0,0
City Hotel,1,48,2016,October,41,5,0,2,2,0.0,0,BB,PRT,Groups,TA/TO,0,0,0,A,A,0,Non Refund,3.0,0,Transient,120.0,0,0
City Hotel,1,48,2016,October,41,5,0,2,2,0.0,0,BB,PRT,Groups,TA/TO,0,0,0,A,A,0,Non Refund,3.0,0,Transient,120.0,0,0
City Hotel,1,0,2016,October,41,5,0,2,2,0.0,0,BB,PRT,Direct,Direct,0,0,0,A,A,0,No Deposit,,0,Transient,89.0,0,0
City Hotel,1,48,2016,October,41,5,0,2,2,0.0,0,BB,PRT,Groups,TA/TO,0,0,0,A,A,0,Non Refund,3.0,0,Transient,120.0,0,0
City Hotel,1,51,2016,October,41,5,0,2,2,0.0,0,SC,ITA,Online TA,TA/TO,0,0,0,A,A,0,No Deposit,9.0,0,Transient,108.0,0,1
City Hotel,1,48,2016,October,41,5,0,2,2,0.0,0,BB,PRT,Groups,TA/TO,0,0,0,A,A,0,Non Refund,3.0,0,Transient,120.0,0,0
City Hotel,1,48,2016,October,41,5,0,2,2,0.0,0,BB,PRT,Groups,TA/TO,0,0,0,A,A,0,Non Refund,3.0,0,Transient,120.0,0,0
City Hotel,1,48,2016,October,41,5,0,2,2,0.0,0,BB,PRT,Groups,TA/TO,0,0,0,A,A,0,Non Refund,3.0,0,Transient,120.0,0,0
City Hotel,1,48,2016,October,41,5,0,2,2,0.0,0,BB,PRT,Groups,TA/TO,0,0,0,A,A,0,Non Refund,3.0,0,Transient,120.0,0,0
City Hotel,1,40,2016,October,41,5,0,2,2,0.0,0,BB,AUT,Online TA,TA/TO,0,0,0,D,D,0,No Deposit,9.0,0,Transient,139.5,0,0
City Hotel,1,218,2016,October,41,5,0,3,2,0.0,0,BB,FRA,Online TA,TA/TO,0,0,0,D,D,0,No Deposit,8.0,0,Transient,122.4,0,1
City Hotel,1,142,2016,October,41,5,0,3,2,0.0,0,SC,GBR,Online TA,TA/TO,0,0,0,A,A,0,No Deposit,9.0,0,Transient,108.0,0,0
City Hotel,1,30,2016,October,41,5,0,3,2,0.0,0,BB,JPN,Online TA,TA/TO,0,0,0,D,D,0,No Deposit,9.0,0,Transient,157.5,0,0
City Hotel,1,209,2016,October,41,5,0,3,2,0.0,0,SC,GBR,Online TA,TA/TO,0,0,0,A,A,0,No Deposit,9.0,0,Transient,98.1,0,1
City Hotel,1,259,2016,October,41,5,0,4,2,0.0,0,BB,PRT,Offline TA/TO,TA/TO,0,0,0,A,A,0,Non Refund,22.0,0,Transient,89.0,0,0
City Hotel,1,136,2016,October,41,5,0,4,2,0.0,0,BB,DEU,Online TA,TA/TO,0,0,0,A,A,0,No Deposit,9.0,0,Transient,118.8,0,0
City Hotel,1,259,2016,October,41,5,0,4,2,0.0,0,BB,PRT,Offline TA/TO,TA/TO,0,0,0,A,A,0,Non Refund,22.0,0,Transient,89.0,0,0
City Hotel,1,275,2016,October,41,5,1,4,2,0.0,0,BB,PRT,Offline TA/TO,TA/TO,0,0,0,A,A,0,Non Refund,44.0,0,Transient,90.0,0,0
City Hotel,1,275,2016,October,41,5,1,4,2,0.0,0,BB,PRT,Offline TA/TO,TA/TO,0,0,0,A,A,0,Non Refund,44.0,0,Transient,90.0,0,0
City Hotel,1,275,2016,October,41,5,1,4,2,0.0,0,BB,PRT,Offline TA/TO,TA/TO,0,0,0,A,A,0,Non Refund,44.0,0,Transient,90.0,0,0
City Hotel,1,275,2016,October,41,5,1,4,2,0.0,0,BB,PRT,Offline TA/TO,TA/TO,0,0,0,A,A,0,Non Refund,44.0,0,Transient,90.0,0,0
City Hotel,1,275,2016,October,41,5,1,4,2,0.0,0,BB,PRT,Offline TA/TO,TA/TO,0,0,0,A,A,0,Non Refund,44.0,0,Transient,90.0,0,0
City Hotel,1,275,2016,October,41,5,1,4,2,0.0,0,BB,PRT,Offline TA/TO,TA/TO,0,0,0,A,A,0,Non Refund,44.0,0,Transient,90.0,0,0
City Hotel,1,275,2016,October,41,5,1,4,2,0.0,0,BB,PRT,Offline TA/TO,TA/TO,0,0,0,A,A,0,Non Refund,44.0,0,Transient,90.0,0,0
City Hotel,1,275,2016,October,41,5,1,4,2,0.0,0,BB,PRT,Offline TA/TO,TA/TO,0,0,0,A,A,0,Non Refund,44.0,0,Transient,90.0,0,0
City Hotel,1,275,2016,October,41,5,1,4,2,0.0,0,BB,PRT,Offline TA/TO,TA/TO,0,0,0,A,A,0,Non Refund,44.0,0,Transient,90.0,0,0
City Hotel,1,275,2016,October,41,5,1,4,2,0.0,0,BB,PRT,Offline TA/TO,TA/TO,0,0,0,A,A,0,Non Refund,44.0,0,Transient,90.0,0,0
City Hotel,1,275,2016,October,41,5,1,4,2,0.0,0,BB,PRT,Offline TA/TO,TA/TO,0,0,0,A,A,0,Non Refund,44.0,0,Transient,90.0,0,0
City Hotel,1,275,2016,October,41,5,1,4,2,0.0,0,BB,PRT,Offline TA/TO,TA/TO,0,0,0,A,A,0,Non Refund,44.0,0,Transient,90.0,0,0
City Hotel,1,275,2016,October,41,5,1,4,2,0.0,0,BB,PRT,Offline TA/TO,TA/TO,0,0,0,A,A,0,Non Refund,44.0,0,Transient,90.0,0,0
City Hotel,1,275,2016,October,41,5,1,4,2,0.0,0,BB,PRT,Offline TA/TO,TA/TO,0,0,0,A,A,0,Non Refund,44.0,0,Transient,90.0,0,0
City Hotel,1,275,2016,October,41,5,1,4,2,0.0,0,BB,PRT,Offline TA/TO,TA/TO,0,0,0,A,A,0,Non Refund,44.0,0,Transient,90.0,0,0
City Hotel,1,275,2016,October,41,5,1,4,2,0.0,0,BB,PRT,Offline TA/TO,TA/TO,0,0,0,A,A,0,Non Refund,44.0,0,Transient,90.0,0,0
City Hotel,1,275,2016,October,41,5,1,4,2,0.0,0,BB,PRT,Offline TA/TO,TA/TO,0,0,0,A,A,0,Non Refund,44.0,0,Transient,90.0,0,0
City Hotel,1,275,2016,October,41,5,1,4,2,0.0,0,BB,PRT,Offline TA/TO,TA/TO,0,0,0,A,A,0,Non Refund,44.0,0,Transient,90.0,0,0
City Hotel,1,275,2016,October,41,5,1,4,2,0.0,0,BB,PRT,Offline TA/TO,TA/TO,0,0,0,A,A,0,Non Refund,44.0,0,Transient,90.0,0,0
City Hotel,1,275,2016,October,41,5,1,4,2,0.0,0,BB,PRT,Offline TA/TO,TA/TO,0,0,0,A,A,0,Non Refund,44.0,0,Transient,90.0,0,0
City Hotel,1,191,2016,October,41,5,1,4,2,0.0,0,SC,POL,Online TA,TA/TO,0,0,0,A,A,0,No Deposit,9.0,0,Transient,98.1,0,0
City Hotel,1,275,2016,October,41,5,1,4,2,0.0,0,BB,PRT,Offline TA/TO,TA/TO,0,0,0,A,A,0,Non Refund,44.0,0,Transient,90.0,0,0
City Hotel,1,275,2016,October,41,5,1,4,2,0.0,0,BB,PRT,Offline TA/TO,TA/TO,0,0,0,A,A,0,Non Refund,44.0,0,Transient,90.0,0,0
City Hotel,1,275,2016,October,41,5,1,4,2,0.0,0,BB,PRT,Offline TA/TO,TA/TO,0,0,0,A,A,0,Non Refund,44.0,0,Transient,90.0,0,0
City Hotel,1,275,2016,October,41,5,1,4,2,0.0,0,BB,PRT,Offline TA/TO,TA/TO,0,0,0,A,A,0,Non Refund,44.0,0,Transient,90.0,0,0
City Hotel,1,275,2016,October,41,5,1,4,2,0.0,0,BB,PRT,Offline TA/TO,TA/TO,0,0,0,A,A,0,Non Refund,44.0,0,Transient,90.0,0,0
City Hotel,1,136,2016,October,41,5,0,4,2,0.0,0,BB,DEU,Online TA,TA/TO,0,0,0,A,A,0,No Deposit,9.0,0,Transient,118.8,0,0
City Hotel,1,259,2016,October,41,5,0,4,2,0.0,0,BB,PRT,Offline TA/TO,TA/TO,0,0,0,A,A,0,Non Refund,22.0,0,Transient,89.0,0,0
City Hotel,1,259,2016,October,41,5,0,4,2,0.0,0,BB,PRT,Offline TA/TO,TA/TO,0,0,0,A,A,0,Non Refund,22.0,0,Transient,89.0,0,0
City Hotel,1,30,2016,October,41,6,0,1,2,0.0,0,SC,PRT,Online TA,TA/TO,0,0,0,A,A,0,No Deposit,7.0,0,Transient,97.02,0,0
City Hotel,1,454,2016,October,41,6,0,2,2,0.0,0,BB,PRT,Groups,TA/TO,0,0,0,A,A,0,Non Refund,1.0,0,Transient,62.0,0,0
City Hotel,1,454,2016,October,41,6,0,2,2,0.0,0,BB,PRT,Groups,TA/TO,0,0,0,A,A,0,Non Refund,1.0,0,Transient,62.0,0,0
City Hotel,1,454,2016,October,41,6,0,2,2,0.0,0,BB,PRT,Groups,TA/TO,0,0,0,A,A,0,Non Refund,1.0,0,Transient,62.0,0,0
City Hotel,1,454,2016,October,41,6,0,2,2,0.0,0,BB,PRT,Groups,TA/TO,0,0,0,A,A,0,Non Refund,1.0,0,Transient,62.0,0,0
City Hotel,1,454,2016,October,41,6,0,2,2,0.0,0,BB,PRT,Groups,TA/TO,0,0,0,A,A,0,Non Refund,1.0,0,Transient,62.0,0,0
City Hotel,1,454,2016,October,41,6,0,2,2,0.0,0,BB,PRT,Groups,TA/TO,0,0,0,A,A,0,Non Refund,1.0,0,Transient,62.0,0,0
City Hotel,1,454,2016,October,41,6,0,2,2,0.0,0,BB,PRT,Groups,TA/TO,0,0,0,A,A,0,Non Refund,1.0,0,Transient,62.0,0,0
City Hotel,1,454,2016,October,41,6,0,2,2,0.0,0,BB,PRT,Groups,TA/TO,0,0,0,A,A,0,Non Refund,1.0,0,Transient,62.0,0,0
City Hotel,1,454,2016,October,41,6,0,2,2,0.0,0,BB,PRT,Groups,TA/TO,0,0,0,A,A,0,Non Refund,1.0,0,Transient,62.0,0,0
City Hotel,1,454,2016,October,41,6,0,2,2,0.0,0,BB,PRT,Groups,TA/TO,0,0,0,A,A,0,Non Refund,1.0,0,Transient,62.0,0,0
City Hotel,1,454,2016,October,41,6,0,2,2,0.0,0,BB,PRT,Groups,TA/TO,0,0,0,A,A,0,Non Refund,1.0,0,Transient,62.0,0,0
City Hotel,1,51,2016,October,41,6,0,1,2,0.0,0,BB,PRT,Online TA,TA/TO,0,0,0,A,A,0,No Deposit,89.0,0,Transient,95.04,0,0
City Hotel,1,102,2016,October,41,6,0,1,2,0.0,0,BB,DEU,Online TA,TA/TO,0,0,0,A,A,0,No Deposit,9.0,0,Transient,118.8,0,1
City Hotel,1,454,2016,October,41,6,0,2,2,0.0,0,BB,PRT,Groups,TA/TO,0,0,0,A,A,0,Non Refund,1.0,0,Transient,62.0,0,0
City Hotel,1,454,2016,October,41,6,0,2,2,0.0,0,BB,PRT,Groups,TA/TO,0,0,0,A,A,0,Non Refund,1.0,0,Transient,62.0,0,0
City Hotel,1,454,2016,October,41,6,0,2,2,0.0,0,BB,PRT,Groups,TA/TO,0,0,0,A,A,0,Non Refund,1.0,0,Transient,62.0,0,0
City Hotel,1,454,2016,October,41,6,0,2,2,0.0,0,BB,PRT,Groups,TA/TO,0,0,0,A,A,0,Non Refund,1.0,0,Transient,62.0,0,0
City Hotel,1,454,2016,October,41,6,0,2,2,0.0,0,BB,PRT,Groups,TA/TO,0,0,0,A,A,0,Non Refund,1.0,0,Transient,62.0,0,0
City Hotel,1,454,2016,October,41,6,0,2,2,0.0,0,BB,PRT,Groups,TA/TO,0,0,0,A,A,0,Non Refund,1.0,0,Transient,62.0,0,0
City Hotel,1,454,2016,October,41,6,0,2,2,0.0,0,BB,PRT,Groups,TA/TO,0,0,0,A,A,0,Non Refund,1.0,0,Transient,62.0,0,0
City Hotel,1,454,2016,October,41,6,0,2,2,0.0,0,BB,PRT,Groups,TA/TO,0,0,0,A,A,0,Non Refund,1.0,0,Transient,62.0,0,0
City Hotel,1,454,2016,October,41,6,0,2,2,0.0,0,BB,PRT,Groups,TA/TO,0,0,0,A,A,0,Non Refund,1.0,0,Transient,62.0,0,0
City Hotel,1,454,2016,October,41,6,0,2,2,0.0,0,BB,PRT,Groups,TA/TO,0,0,0,A,A,0,Non Refund,1.0,0,Transient,62.0,0,0
City Hotel,1,454,2016,October,41,6,0,2,2,0.0,0,BB,PRT,Groups,TA/TO,0,0,0,A,A,0,Non Refund,1.0,0,Transient,62.0,0,0
City Hotel,1,454,2016,October,41,6,0,2,2,0.0,0,BB,PRT,Groups,TA/TO,0,0,0,A,A,0,Non Refund,1.0,0,Transient,62.0,0,0
City Hotel,1,454,2016,October,41,6,0,2,2,0.0,0,BB,PRT,Groups,TA/TO,0,0,0,A,A,0,Non Refund,1.0,0,Transient,62.0,0,0
City Hotel,1,454,2016,October,41,6,0,2,2,0.0,0,BB,PRT,Groups,TA/TO,0,0,0,A,A,0,Non Refund,1.0,0,Transient,62.0,0,0
City Hotel,1,454,2016,October,41,6,0,2,2,0.0,0,BB,PRT,Groups,TA/TO,0,0,0,A,A,0,Non Refund,1.0,0,Transient,62.0,0,0
City Hotel,1,154,2016,October,41,6,0,2,2,0.0,0,BB,IND,Online TA,TA/TO,0,0,0,A,A,4,No Deposit,9.0,0,Transient,118.8,0,1
City Hotel,1,454,2016,October,41,6,0,2,2,0.0,0,BB,PRT,Groups,TA/TO,0,0,0,A,A,0,Non Refund,1.0,0,Transient,62.0,0,0
City Hotel,1,454,2016,October,41,6,0,2,2,0.0,0,BB,PRT,Groups,TA/TO,0,0,0,A,A,0,Non Refund,1.0,0,Transient,62.0,0,0
City Hotel,1,454,2016,October,41,6,0,2,2,0.0,0,BB,PRT,Groups,TA/TO,0,0,0,A,A,0,Non Refund,1.0,0,Transient,62.0,0,0
City Hotel,1,454,2016,October,41,6,0,2,2,0.0,0,BB,PRT,Groups,TA/TO,0,0,0,A,A,0,Non Refund,1.0,0,Transient,62.0,0,0
City Hotel,1,80,2016,October,41,6,0,3,2,0.0,0,BB,CHN,Online TA,TA/TO,0,0,0,D,D,0,No Deposit,9.0,0,Transient,119.07,0,0
City Hotel,1,92,2016,October,41,6,0,3,2,0.0,0,SC,NLD,Online TA,TA/TO,0,0,0,A,A,0,No Deposit,9.0,0,Transient,108.0,0,2
City Hotel,1,77,2016,October,41,6,0,3,2,0.0,0,BB,ITA,Online TA,TA/TO,0,0,0,D,D,0,No Deposit,9.0,0,Transient,132.3,0,1
City Hotel,1,178,2016,October,41,6,0,3,2,0.0,0,BB,DEU,Online TA,TA/TO,0,0,0,D,D,0,No Deposit,9.0,0,Transient,122.4,0,2
City Hotel,1,87,2016,October,41,6,0,3,2,0.0,0,BB,ESP,Online TA,TA/TO,0,0,0,D,D,0,No Deposit,9.0,0,Transient,132.3,0,0
City Hotel,1,38,2016,October,41,6,0,3,2,0.0,0,BB,PRT,Groups,TA/TO,0,0,0,A,A,0,No Deposit,37.0,0,Transient-Party,109.0,0,0
City Hotel,1,46,2016,October,41,6,0,3,2,0.0,0,BB,CHN,Online TA,TA/TO,0,0,0,D,D,0,No Deposit,9.0,0,Transient,125.55,0,0
City Hotel,1,238,2016,October,41,6,0,3,2,0.0,0,BB,ESP,Online TA,TA/TO,0,0,0,D,D,0,No Deposit,9.0,0,Transient,140.4,0,0
City Hotel,1,41,2016,October,41,6,0,3,2,0.0,0,BB,PRT,Groups,TA/TO,0,0,0,A,A,0,No Deposit,37.0,0,Transient-Party,119.0,0,0
City Hotel,1,94,2016,October,41,6,1,3,2,0.0,0,SC,THA,Online TA,TA/TO,0,0,0,A,A,0,No Deposit,9.0,0,Transient,108.0,0,0
City Hotel,1,32,2016,October,41,6,1,3,2,0.0,0,BB,PRT,Online TA,TA/TO,0,0,0,D,D,0,No Deposit,8.0,0,Transient,140.0,0,2
City Hotel,1,219,2016,October,41,6,1,3,2,0.0,0,SC,ESP,Online TA,TA/TO,0,0,0,A,A,0,No Deposit,9.0,0,Transient,92.65,0,0
City Hotel,1,182,2016,October,41,6,1,3,2,0.0,0,BB,ITA,Online TA,TA/TO,0,0,0,D,D,0,No Deposit,9.0,0,Transient,122.4,0,1
City Hotel,1,92,2016,October,41,6,1,3,2,0.0,0,BB,PRT,Direct,Direct,0,0,0,A,A,0,No Deposit,,0,Transient,102.0,0,1
City Hotel,1,189,2016,October,41,6,1,3,2,0.0,0,BB,DEU,Online TA,TA/TO,0,0,0,A,A,0,No Deposit,9.0,0,Transient,108.9,0,0
City Hotel,1,28,2016,October,41,6,1,3,2,0.0,0,HB,FRA,Online TA,TA/TO,0,0,0,D,D,0,No Deposit,9.0,0,Transient,205.0,0,0
City Hotel,1,206,2016,October,41,6,2,5,2,0.0,0,BB,DEU,Online TA,TA/TO,0,0,0,A,A,0,No Deposit,9.0,0,Transient,102.85,0,0
City Hotel,1,104,2016,October,41,6,2,5,2,0.0,0,SC,GBR,Online TA,TA/TO,0,0,0,A,A,0,No Deposit,9.0,0,Transient,108.0,0,0
City Hotel,1,91,2016,October,41,7,0,1,2,0.0,0,BB,CHN,Online TA,TA/TO,0,0,0,A,A,0,No Deposit,9.0,0,Transient,106.92,0,1
City Hotel,1,16,2016,October,41,7,0,1,2,0.0,0,SC,CN,Online TA,TA/TO,0,0,0,A,A,0,No Deposit,9.0,0,Transient,135.0,0,0
City Hotel,1,78,2016,October,41,7,0,2,2,0.0,0,BB,FRA,Online TA,TA/TO,0,0,0,D,D,0,No Deposit,9.0,0,Transient,132.3,0,1
City Hotel,1,443,2016,October,41,7,0,2,2,0.0,0,BB,PRT,Groups,TA/TO,0,0,0,A,A,0,Non Refund,1.0,391,Transient,65.0,0,0
City Hotel,1,443,2016,October,41,7,0,2,2,0.0,0,BB,PRT,Groups,TA/TO,0,0,0,A,A,0,Non Refund,1.0,391,Transient,65.0,0,0
City Hotel,1,443,2016,October,41,7,0,2,2,0.0,0,BB,PRT,Groups,TA/TO,0,0,0,A,A,0,Non Refund,1.0,391,Transient,65.0,0,0
City Hotel,1,443,2016,October,41,7,0,2,2,0.0,0,BB,PRT,Groups,TA/TO,0,0,0,A,A,0,Non Refund,1.0,391,Transient,65.0,0,0
City Hotel,1,443,2016,October,41,7,0,2,2,0.0,0,BB,PRT,Groups,TA/TO,0,0,0,A,A,0,Non Refund,1.0,391,Transient,65.0,0,0
City Hotel,1,443,2016,October,41,7,0,2,2,0.0,0,BB,PRT,Groups,TA/TO,0,0,0,A,A,0,Non Refund,1.0,391,Transient,65.0,0,0
City Hotel,1,443,2016,October,41,7,0,2,2,0.0,0,BB,PRT,Groups,TA/TO,0,0,0,A,A,0,Non Refund,1.0,391,Transient,65.0,0,0
City Hotel,1,443,2016,October,41,7,0,2,2,0.0,0,BB,PRT,Groups,TA/TO,0,0,0,A,A,0,Non Refund,1.0,391,Transient,65.0,0,0
City Hotel,1,443,2016,October,41,7,0,2,2,0.0,0,BB,PRT,Groups,TA/TO,0,0,0,A,A,0,Non Refund,1.0,391,Transient,65.0,0,0
City Hotel,1,176,2016,October,41,7,0,2,2,0.0,0,BB,PRT,Online TA,TA/TO,0,0,0,A,A,0,No Deposit,9.0,0,Transient,108.9,0,0
City Hotel,1,17,2016,October,41,7,0,2,2,0.0,0,SC,PRT,Online TA,TA/TO,0,0,0,A,A,0,No Deposit,9.0,0,Transient,135.0,0,1
City Hotel,1,72,2016,October,41,7,0,2,2,0.0,0,BB,TUN,Offline TA/TO,TA/TO,0,0,0,A,A,1,No Deposit,85.0,0,Transient,85.5,0,0
City Hotel,1,443,2016,October,41,7,0,2,2,0.0,0,BB,PRT,Groups,TA/TO,0,0,0,A,A,0,Non Refund,1.0,391,Transient,65.0,0,0
City Hotel,1,14,2016,October,41,7,0,2,2,0.0,0,BB,FRA,Online TA,TA/TO,0,0,0,D,D,0,No Deposit,9.0,0,Transient,170.0,0,2
City Hotel,1,443,2016,October,41,7,0,2,2,0.0,0,BB,PRT,Groups,TA/TO,0,0,0,A,A,0,Non Refund,1.0,391,Transient,65.0,0,0
City Hotel,1,443,2016,October,41,7,0,2,2,0.0,0,BB,PRT,Groups,TA/TO,0,0,0,A,A,0,Non Refund,1.0,391,Transient,65.0,0,0
City Hotel,1,14,2016,October,41,7,0,2,2,0.0,0,BB,PRT,Corporate,Corporate,0,0,0,E,E,0,No Deposit,,0,Transient,166.25,0,0
City Hotel,1,232,2016,October,41,7,0,2,2,0.0,0,BB,CHE,Direct,Direct,0,0,0,A,A,0,No Deposit,14.0,0,Transient,98.1,0,0
City Hotel,1,443,2016,October,41,7,0,2,2,0.0,0,BB,PRT,Groups,TA/TO,0,0,0,A,A,0,Non Refund,1.0,391,Transient,65.0,0,0
City Hotel,1,443,2016,October,41,7,0,2,2,0.0,0,BB,PRT,Groups,TA/TO,0,0,0,A,A,0,Non Refund,1.0,391,Transient,65.0,0,0
City Hotel,1,443,2016,October,41,7,0,2,2,0.0,0,BB,PRT,Groups,TA/TO,0,0,0,A,A,0,Non Refund,1.0,391,Transient,65.0,0,0
City Hotel,1,338,2016,October,41,7,1,2,2,0.0,0,BB,PRT,Offline TA/TO,TA/TO,0,0,0,A,A,0,No Deposit,12.0,68,Transient-Party,80.0,0,0
City Hotel,1,338,2016,October,41,7,1,2,2,0.0,0,BB,PRT,Offline TA/TO,TA/TO,0,0,0,A,A,0,No Deposit,12.0,68,Transient-Party,80.0,0,0
City Hotel,1,338,2016,October,41,7,1,2,2,0.0,0,BB,PRT,Offline TA/TO,TA/TO,0,0,0,A,A,0,No Deposit,12.0,68,Transient-Party,80.0,0,0
City Hotel,1,94,2016,October,41,7,1,2,2,0.0,0,BB,GBR,Online TA,TA/TO,0,0,0,A,A,0,No Deposit,9.0,0,Transient,118.8,0,0
City Hotel,1,338,2016,October,41,7,1,2,2,0.0,0,BB,PRT,Offline TA/TO,TA/TO,0,0,0,A,A,0,No Deposit,12.0,68,Transient-Party,80.0,0,0
City Hotel,1,338,2016,October,41,7,1,2,2,0.0,0,BB,PRT,Offline TA/TO,TA/TO,0,0,0,A,A,0,No Deposit,12.0,68,Transient-Party,80.0,0,0
City Hotel,1,96,2016,October,41,7,1,2,2,0.0,0,BB,BRA,Online TA,TA/TO,0,0,0,A,A,0,No Deposit,9.0,0,Transient,118.8,0,1
City Hotel,1,106,2016,October,41,7,1,2,2,0.0,0,BB,GRC,Online TA,TA/TO,0,0,0,A,A,0,No Deposit,9.0,0,Transient,118.8,0,1
City Hotel,1,106,2016,October,41,7,1,2,2,0.0,0,BB,GRC,Online TA,TA/TO,0,0,0,A,A,0,No Deposit,9.0,0,Transient,118.8,0,1
City Hotel,1,338,2016,October,41,7,1,2,2,0.0,0,BB,PRT,Offline TA/TO,TA/TO,0,0,0,A,A,0,No Deposit,12.0,68,Transient-Party,80.0,0,0
City Hotel,1,106,2016,October,41,7,1,2,2,0.0,0,BB,GRC,Online TA,TA/TO,0,0,0,A,A,0,No Deposit,9.0,0,Transient,118.8,0,1
City Hotel,1,338,2016,October,41,7,1,2,2,0.0,0,BB,PRT,Offline TA/TO,TA/TO,0,0,0,A,A,0,No Deposit,12.0,68,Transient-Party,80.0,0,0
City Hotel,1,338,2016,October,41,7,1,2,2,0.0,0,BB,PRT,Offline TA/TO,TA/TO,0,0,0,A,A,0,No Deposit,12.0,68,Transient-Party,80.0,0,0
City Hotel,1,338,2016,October,41,7,1,2,2,0.0,0,BB,PRT,Offline TA/TO,TA/TO,0,0,0,A,A,0,No Deposit,12.0,68,Transient-Party,80.0,0,0
City Hotel,1,214,2016,October,41,7,1,2,2,0.0,0,BB,DEU,Online TA,TA/TO,0,0,0,A,A,0,No Deposit,9.0,0,Transient,103.5,0,0
City Hotel,1,71,2016,October,41,7,2,2,2,0.0,0,BB,PRT,Online TA,TA/TO,0,0,0,D,D,0,No Deposit,7.0,0,Transient,101.87,0,0
City Hotel,1,45,2016,October,41,7,2,2,2,0.0,0,BB,GBR,Online TA,TA/TO,0,0,0,D,D,0,No Deposit,9.0,0,Transient,139.5,0,1
City Hotel,1,8,2016,October,41,7,2,2,2,0.0,0,BB,PRT,Offline TA/TO,TA/TO,0,0,0,E,E,0,No Deposit,15.0,0,Transient,176.0,0,0
City Hotel,1,196,2016,October,41,8,1,1,2,0.0,0,BB,USA,Online TA,TA/TO,0,0,0,D,D,0,No Deposit,9.0,0,Transient,122.4,0,0
City Hotel,1,134,2016,October,41,8,1,1,2,0.0,0,BB,FRA,Online TA,TA/TO,0,0,0,A,A,4,No Deposit,9.0,0,Transient,118.8,0,0
City Hotel,1,130,2016,October,41,8,1,1,2,0.0,0,BB,FRA,Online TA,TA/TO,0,0,0,A,A,0,No Deposit,9.0,0,Transient,118.8,0,1
City Hotel,1,205,2016,October,41,8,1,1,2,0.0,0,SC,USA,Online TA,TA/TO,0,0,0,A,A,0,No Deposit,9.0,0,Transient,98.1,0,0
City Hotel,1,96,2016,October,41,8,1,1,2,0.0,0,BB,BEL,Online TA,TA/TO,0,0,0,A,A,0,No Deposit,9.0,0,Transient,118.8,0,3
City Hotel,1,197,2016,October,41,8,2,1,2,0.0,0,BB,DEU,Online TA,TA/TO,0,0,0,A,A,0,No Deposit,9.0,0,Transient,108.9,0,0
City Hotel,1,145,2016,October,41,8,2,1,2,0.0,0,SC,GBR,Online TA,TA/TO,0,0,0,A,A,0,No Deposit,9.0,0,Transient,108.0,0,1
City Hotel,1,50,2016,October,41,8,2,1,2,0.0,0,BB,ITA,Online TA,TA/TO,0,0,0,D,D,0,No Deposit,9.0,0,Transient,139.5,0,1
City Hotel,1,139,2016,October,41,8,2,1,2,0.0,0,BB,BRA,Online TA,TA/TO,0,0,0,A,A,0,No Deposit,9.0,0,Transient,118.8,0,0
City Hotel,1,23,2016,October,41,8,2,1,2,0.0,0,BB,ESP,Direct,Direct,0,0,0,D,D,0,No Deposit,14.0,0,Transient,137.38,0,0
City Hotel,1,91,2016,October,41,8,2,2,2,0.0,0,BB,SWE,Online TA,TA/TO,0,0,0,A,A,0,No Deposit,9.0,0,Transient,118.8,0,1
City Hotel,1,89,2016,October,41,8,2,2,2,0.0,0,BB,PRT,Offline TA/TO,TA/TO,0,0,0,A,A,0,No Deposit,85.0,0,Transient,80.75,0,0
City Hotel,1,99,2016,October,41,8,2,2,2,0.0,0,BB,IRL,Online TA,TA/TO,0,0,0,A,A,0,No Deposit,9.0,0,Transient,118.8,0,0
City Hotel,1,81,2016,October,41,8,2,3,2,0.0,0,BB,NOR,Online TA,TA/TO,0,0,0,D,D,0,No Deposit,9.0,0,Transient,132.3,0,0
City Hotel,1,102,2016,October,42,9,1,0,2,0.0,0,SC,FRA,Online TA,TA/TO,0,0,0,A,A,0,No Deposit,9.0,0,Transient,108.0,0,1
City Hotel,1,104,2016,October,42,9,1,0,2,0.0,0,SC,FRA,Online TA,TA/TO,0,0,0,A,A,0,No Deposit,9.0,0,Transient,108.0,0,1
City Hotel,1,104,2016,October,42,9,1,0,2,0.0,0,SC,FRA,Online TA,TA/TO,0,0,0,A,A,0,No Deposit,9.0,0,Transient,108.0,0,1
City Hotel,1,50,2016,October,42,9,1,0,2,0.0,0,SC,BEL,Online TA,TA/TO,0,0,0,A,A,0,No Deposit,9.0,0,Transient,97.2,0,2
City Hotel,1,104,2016,October,42,9,1,0,2,0.0,0,SC,FRA,Online TA,TA/TO,0,0,0,A,A,0,No Deposit,9.0,0,Transient,108.0,0,1
City Hotel,1,104,2016,October,42,9,1,0,2,0.0,0,SC,FRA,Online TA,TA/TO,0,0,0,A,B,0,No Deposit,9.0,0,Transient,108.0,0,1
City Hotel,1,104,2016,October,42,9,1,0,2,0.0,0,SC,FRA,Online TA,TA/TO,0,0,0,A,A,0,No Deposit,9.0,0,Transient,108.0,0,1
City Hotel,1,102,2016,October,42,9,1,0,2,0.0,0,SC,FRA,Online TA,TA/TO,0,0,0,A,A,0,No Deposit,9.0,0,Transient,108.0,0,1
City Hotel,1,26,2016,October,42,9,2,0,2,0.0,0,SC,CHE,Online TA,TA/TO,0,0,0,A,A,0,No Deposit,9.0,0,Transient,119.0,0,1
City Hotel,1,48,2016,October,42,9,2,0,2,0.0,0,BB,ECU,Online TA,TA/TO,0,0,0,D,D,0,No Deposit,9.0,0,Transient,139.5,0,1
City Hotel,1,51,2016,October,42,9,2,0,2,0.0,0,SC,ESP,Online TA,TA/TO,0,0,0,A,A,0,No Deposit,9.0,0,Transient,108.0,0,3
City Hotel,1,115,2016,October,42,9,2,1,2,0.0,0,BB,BRA,Online TA,TA/TO,0,0,0,D,D,0,No Deposit,9.0,0,Transient,132.3,0,2
City Hotel,1,33,2016,October,42,9,2,1,2,0.0,0,BB,GBR,Online TA,TA/TO,0,0,0,A,A,0,No Deposit,9.0,0,Transient,138.0,0,0
City Hotel,1,74,2016,October,42,9,2,1,2,0.0,0,BB,GBR,Online TA,TA/TO,0,0,0,A,A,0,No Deposit,9.0,0,Transient,118.8,0,0
City Hotel,1,212,2016,October,42,9,2,2,2,0.0,0,BB,PRT,Online TA,TA/TO,0,0,0,A,A,0,No Deposit,7.0,0,Transient,75.23,0,0
City Hotel,1,25,2016,October,42,9,2,2,2,0.0,0,BB,PRT,Offline TA/TO,TA/TO,0,0,0,A,A,0,No Deposit,28.0,0,Transient,85.0,0,0
City Hotel,1,110,2016,October,42,9,2,2,2,0.0,0,BB,PRT,Offline TA/TO,TA/TO,0,0,0,A,A,4,No Deposit,234.0,0,Transient-Party,130.0,0,2
City Hotel,1,265,2016,October,42,9,2,3,2,0.0,0,BB,DEU,Online TA,TA/TO,0,0,0,A,A,0,No Deposit,9.0,0,Transient,100.3,0,0
City Hotel,1,265,2016,October,42,9,2,3,2,0.0,0,BB,DEU,Online TA,TA/TO,0,0,0,A,A,0,No Deposit,9.0,0,Transient,100.3,0,0
City Hotel,1,265,2016,October,42,9,2,3,2,0.0,0,BB,DEU,Online TA,TA/TO,0,0,0,A,A,0,No Deposit,9.0,0,Transient,100.3,0,0
City Hotel,1,215,2016,October,42,9,2,3,2,0.0,0,BB,FRA,Online TA,TA/TO,0,0,0,A,A,0,No Deposit,9.0,0,Transient,106.25,0,0
City Hotel,1,265,2016,October,42,9,2,3,2,0.0,0,BB,DEU,Online TA,TA/TO,0,0,0,A,A,0,No Deposit,9.0,0,Transient,100.3,0,0
City Hotel,1,265,2016,October,42,9,2,3,2,0.0,0,BB,DEU,Online TA,TA/TO,0,0,0,A,A,0,No Deposit,9.0,0,Transient,100.3,0,0
City Hotel,1,96,2016,October,42,9,2,4,2,0.0,0,BB,ISR,Direct,Direct,0,0,0,E,E,0,No Deposit,14.0,0,Transient,143.79,0,1
City Hotel,0,298,2016,October,42,9,2,5,2,0.0,0,BB,AUS,Online TA,TA/TO,0,0,0,D,D,0,No Deposit,7.0,0,Transient,79.59,0,1
City Hotel,1,275,2016,October,42,9,3,5,2,0.0,0,SC,DEU,Online TA,TA/TO,0,0,0,A,A,0,No Deposit,9.0,0,Transient,91.69,0,0
City Hotel,1,42,2016,October,42,10,1,0,2,0.0,0,BB,DEU,Online TA,TA/TO,0,0,0,A,A,0,No Deposit,9.0,0,Transient,126.0,0,1
City Hotel,1,59,2016,October,42,10,1,0,2,0.0,0,SC,PRT,Online TA,TA/TO,0,0,0,A,A,0,No Deposit,8.0,0,Transient,108.0,0,1
City Hotel,1,89,2016,October,42,10,1,1,2,0.0,0,BB,KOR,Online TA,TA/TO,0,0,0,A,A,0,No Deposit,9.0,0,Transient,118.8,0,1
City Hotel,1,86,2016,October,42,10,1,2,2,0.0,0,SC,FRA,Online TA,TA/TO,0,0,0,A,A,0,No Deposit,9.0,0,Transient,108.0,0,2
City Hotel,1,54,2016,October,42,10,1,2,2,0.0,0,BB,IRL,Online TA,TA/TO,0,0,0,A,A,0,No Deposit,9.0,0,Transient,118.8,0,0
City Hotel,1,27,2016,October,42,10,1,2,2,0.0,0,BB,CHN,Online TA,TA/TO,0,0,0,D,D,0,No Deposit,9.0,0,Transient,144.9,0,0
City Hotel,1,18,2016,October,42,10,1,2,2,0.0,0,BB,ESP,Direct,Direct,0,0,0,F,F,0,No Deposit,14.0,0,Transient,224.0,0,0
City Hotel,1,68,2016,October,42,10,1,2,2,0.0,0,BB,IRL,Online TA,TA/TO,0,0,0,D,D,2,No Deposit,9.0,0,Transient,132.3,0,3
City Hotel,1,110,2016,October,42,10,1,2,2,0.0,0,BB,CN,Online TA,TA/TO,0,0,0,A,A,0,No Deposit,9.0,0,Transient,118.8,0,2
City Hotel,1,83,2016,October,42,10,1,3,2,0.0,0,BB,IRL,Online TA,TA/TO,0,0,0,D,D,0,No Deposit,9.0,0,Transient,132.3,0,0
City Hotel,1,180,2016,October,42,10,1,3,2,0.0,0,BB,DEU,Online TA,TA/TO,0,0,0,A,A,0,No Deposit,9.0,0,Transient,113.4,0,0
City Hotel,1,88,2016,October,42,10,1,3,2,0.0,0,SC,NOR,Online TA,TA/TO,0,0,0,A,A,0,No Deposit,9.0,0,Transient,108.0,0,0
City Hotel,1,180,2016,October,42,10,1,3,2,0.0,0,SC,GBR,Online TA,TA/TO,0,0,0,A,A,0,No Deposit,9.0,0,Transient,102.6,0,0
City Hotel,1,58,2016,October,42,10,1,3,2,0.0,0,BB,ITA,Online TA,TA/TO,0,0,0,D,D,0,No Deposit,9.0,0,Transient,132.3,0,1
City Hotel,1,269,2016,October,42,10,1,4,2,0.0,0,BB,NLD,Online TA,TA/TO,0,0,0,A,A,0,No Deposit,9.0,0,Transient,102.51,0,0
City Hotel,1,129,2016,October,42,10,1,5,2,0.0,0,BB,NOR,Online TA,TA/TO,0,0,0,D,D,0,No Deposit,9.0,0,Transient,132.3,0,0
City Hotel,1,129,2016,October,42,10,1,5,2,0.0,0,BB,NOR,Online TA,TA/TO,0,0,0,D,D,0,No Deposit,9.0,0,Transient,132.3,0,0
City Hotel,1,129,2016,October,42,10,1,5,2,0.0,0,BB,NOR,Online TA,TA/TO,0,0,0,D,D,0,No Deposit,9.0,0,Transient,132.3,0,0
City Hotel,1,129,2016,October,42,10,1,5,2,0.0,0,BB,NOR,Online TA,TA/TO,0,0,0,D,D,0,No Deposit,9.0,0,Transient,132.3,0,0
City Hotel,1,129,2016,October,42,10,1,5,2,0.0,0,BB,NOR,Online TA,TA/TO,0,0,0,D,D,0,No Deposit,9.0,0,Transient,132.3,0,0
City Hotel,1,52,2016,October,42,10,3,9,2,0.0,0,BB,AGO,Online TA,TA/TO,0,0,0,D,D,0,No Deposit,9.0,0,Transient,139.5,0,0
City Hotel,1,53,2016,October,42,11,0,1,2,0.0,0,SC,IRL,Online TA,TA/TO,0,0,0,A,A,0,No Deposit,9.0,0,Transient,108.0,0,0
City Hotel,1,109,2016,October,42,11,0,1,2,0.0,0,SC,FRA,Online TA,TA/TO,0,0,0,A,A,0,No Deposit,9.0,0,Transient,108.0,0,0
City Hotel,1,181,2016,October,42,11,0,1,2,0.0,0,BB,PRT,Offline TA/TO,TA/TO,0,0,0,E,E,0,No Deposit,234.0,0,Transient-Party,250.0,0,0
City Hotel,1,109,2016,October,42,11,0,1,2,0.0,0,SC,FRA,Online TA,TA/TO,0,0,0,A,A,0,No Deposit,9.0,0,Transient,108.0,0,0
City Hotel,1,109,2016,October,42,11,0,1,2,0.0,0,SC,FRA,Online TA,TA/TO,0,0,0,A,A,0,No Deposit,9.0,0,Transient,108.0,0,0
City Hotel,1,183,2016,October,42,11,0,1,2,0.0,0,SC,FRA,Online TA,TA/TO,0,0,0,A,A,0,No Deposit,9.0,0,Transient,98.1,0,0
City Hotel,1,109,2016,October,42,11,0,1,2,0.0,0,SC,FRA,Online TA,TA/TO,0,0,0,A,A,0,No Deposit,9.0,0,Transient,108.0,0,0
City Hotel,1,109,2016,October,42,11,0,1,2,0.0,0,SC,FRA,Online TA,TA/TO,0,0,0,A,A,0,No Deposit,9.0,0,Transient,108.0,0,0
City Hotel,1,181,2016,October,42,11,0,1,2,0.0,0,BB,PRT,Offline TA/TO,TA/TO,0,0,0,E,E,0,No Deposit,234.0,0,Transient-Party,250.0,0,0
City Hotel,1,181,2016,October,42,11,0,1,2,0.0,0,BB,PRT,Offline TA/TO,TA/TO,0,0,0,E,E,0,No Deposit,234.0,0,Transient-Party,250.0,0,0
City Hotel,1,67,2016,October,42,11,0,2,2,0.0,0,BB,PRT,Direct,Direct,0,0,0,A,A,0,No Deposit,,0,Transient-Party,99.71,0,0
City Hotel,1,67,2016,October,42,11,0,2,2,0.0,0,BB,PRT,Direct,Direct,0,0,0,A,A,0,No Deposit,,0,Transient-Party,99.71,0,0
City Hotel,1,97,2016,October,42,11,0,2,2,0.0,0,SC,CHN,Online TA,TA/TO,0,0,0,A,A,0,No Deposit,9.0,0,Transient,97.2,0,1
City Hotel,1,67,2016,October,42,11,0,2,2,0.0,0,BB,PRT,Direct,Direct,0,0,0,A,A,0,No Deposit,,0,Transient-Party,99.71,0,0
City Hotel,1,40,2016,October,42,11,0,3,2,0.0,0,BB,PRT,Offline TA/TO,TA/TO,0,0,0,D,D,0,No Deposit,85.0,0,Transient,96.3,0,0
City Hotel,1,71,2016,October,42,11,0,3,2,0.0,0,BB,PRT,Offline TA/TO,TA/TO,0,0,0,A,A,0,No Deposit,85.0,0,Transient,72.25,0,0
City Hotel,1,140,2016,October,42,11,0,3,2,0.0,0,SC,BEL,Online TA,TA/TO,0,0,0,A,D,0,No Deposit,9.0,0,Transient,108.0,0,2
City Hotel,1,128,2016,October,42,11,0,3,2,0.0,0,BB,RUS,Online TA,TA/TO,0,0,0,A,A,0,No Deposit,9.0,0,Transient,118.8,0,1
City Hotel,1,97,2016,October,42,11,0,5,2,0.0,0,BB,PRT,Direct,Direct,0,0,0,F,F,2,No Deposit,,0,Transient,176.8,0,0
City Hotel,1,128,2016,October,42,11,0,5,2,0.0,0,BB,NOR,Online TA,TA/TO,0,0,0,D,D,0,No Deposit,9.0,0,Transient,132.3,0,0
City Hotel,1,128,2016,October,42,11,0,5,2,0.0,0,BB,NOR,Online TA,TA/TO,0,0,0,D,D,0,No Deposit,9.0,0,Transient,132.3,0,0
City Hotel,1,128,2016,October,42,11,0,5,2,0.0,0,BB,NOR,Online TA,TA/TO,0,0,0,D,D,0,No Deposit,9.0,0,Transient,132.3,0,0
City Hotel,1,104,2016,October,42,11,2,5,2,0.0,0,BB,CHE,Online TA,TA/TO,0,0,0,D,D,0,No Deposit,9.0,0,Transient,132.3,0,0
City Hotel,1,35,2016,October,42,11,0,3,2,0.0,0,BB,USA,Online TA,TA/TO,0,0,0,D,D,0,No Deposit,9.0,0,Transient,151.5,0,1
City Hotel,1,182,2016,October,42,12,0,1,2,0.0,0,SC,FRA,Online TA,TA/TO,0,0,0,A,A,0,No Deposit,9.0,0,Transient,98.1,0,0
City Hotel,1,182,2016,October,42,12,0,1,2,0.0,0,SC,FRA,Online TA,TA/TO,0,0,0,A,A,0,No Deposit,9.0,0,Transient,98.1,0,0
City Hotel,1,182,2016,October,42,12,0,1,2,0.0,0,SC,FRA,Online TA,TA/TO,0,0,0,A,A,0,No Deposit,9.0,0,Transient,98.1,0,0
City Hotel,1,184,2016,October,42,12,0,1,2,0.0,0,SC,FRA,Online TA,TA/TO,0,0,0,A,A,0,No Deposit,9.0,0,Transient,98.1,0,0
City Hotel,1,110,2016,October,42,12,0,1,2,0.0,0,SC,FRA,Online TA,TA/TO,0,0,0,A,A,0,No Deposit,9.0,0,Transient,108.0,0,1
City Hotel,1,184,2016,October,42,12,0,1,2,0.0,0,SC,FRA,Online TA,TA/TO,0,0,0,A,A,0,No Deposit,9.0,0,Transient,98.1,0,0
City Hotel,1,184,2016,October,42,12,0,1,2,0.0,0,SC,FRA,Online TA,TA/TO,0,0,0,A,B,1,No Deposit,9.0,0,Transient,98.1,0,0
City Hotel,1,110,2016,October,42,12,0,1,2,0.0,0,SC,FRA,Online TA,TA/TO,0,0,0,A,A,0,No Deposit,9.0,0,Transient,108.0,0,1
City Hotel,1,182,2016,October,42,12,0,1,2,0.0,0,SC,FRA,Online TA,TA/TO,0,0,0,A,A,0,No Deposit,9.0,0,Transient,98.1,0,0
City Hotel,1,184,2016,October,42,12,0,1,2,0.0,0,SC,FRA,Online TA,TA/TO,0,0,0,A,B,1,No Deposit,9.0,0,Transient,98.1,0,0
City Hotel,1,110,2016,October,42,12,0,1,2,0.0,0,SC,FRA,Online TA,TA/TO,0,0,0,A,A,0,No Deposit,9.0,0,Transient,108.0,0,1
City Hotel,1,184,2016,October,42,12,0,1,2,0.0,0,SC,FRA,Online TA,TA/TO,0,0,0,A,A,0,No Deposit,9.0,0,Transient,98.1,0,0
City Hotel,1,182,2016,October,42,12,0,1,2,0.0,0,SC,FRA,Online TA,TA/TO,0,0,0,A,A,0,No Deposit,9.0,0,Transient,98.1,0,0
City Hotel,1,79,2016,October,42,12,0,2,2,0.0,0,BB,CHN,Online TA,TA/TO,0,0,0,D,D,0,No Deposit,9.0,0,Transient,119.07,0,0
City Hotel,1,105,2016,October,42,12,0,3,2,0.0,0,BB,PRT,Offline TA/TO,TA/TO,0,0,0,A,A,0,No Deposit,132.0,0,Transient-Party,75.0,0,0
City Hotel,1,105,2016,October,42,12,0,3,2,0.0,0,BB,PRT,Offline TA/TO,TA/TO,0,0,0,A,A,0,No Deposit,132.0,0,Transient-Party,75.0,0,0
City Hotel,1,279,2016,October,42,12,0,3,2,0.0,0,BB,PRT,Offline TA/TO,TA/TO,0,0,0,A,A,0,Non Refund,98.0,0,Transient,110.0,0,0
City Hotel,1,279,2016,October,42,12,0,3,2,0.0,0,BB,PRT,Offline TA/TO,TA/TO,0,0,0,A,A,0,Non Refund,98.0,0,Transient,110.0,0,0
City Hotel,1,279,2016,October,42,12,0,3,2,0.0,0,BB,PRT,Offline TA/TO,TA/TO,0,0,0,A,A,0,Non Refund,98.0,0,Transient,110.0,0,0
City Hotel,1,314,2016,October,42,12,0,3,2,0.0,0,BB,PRT,Offline TA/TO,TA/TO,0,0,0,A,A,0,Non Refund,21.0,68,Transient,75.0,0,0
City Hotel,1,314,2016,October,42,12,0,3,2,0.0,0,BB,PRT,Offline TA/TO,TA/TO,0,0,0,A,A,0,Non Refund,21.0,68,Transient,75.0,0,0
City Hotel,1,279,2016,October,42,12,0,3,2,0.0,0,BB,PRT,Offline TA/TO,TA/TO,0,0,0,A,A,0,Non Refund,98.0,0,Transient,110.0,0,0
City Hotel,1,279,2016,October,42,12,0,3,2,0.0,0,BB,PRT,Offline TA/TO,TA/TO,0,0,0,A,A,0,Non Refund,98.0,0,Transient,110.0,0,0
City Hotel,1,279,2016,October,42,12,0,3,2,0.0,0,BB,PRT,Offline TA/TO,TA/TO,0,0,0,A,A,0,Non Refund,98.0,0,Transient,110.0,0,0
City Hotel,1,279,2016,October,42,12,0,3,2,0.0,0,BB,PRT,Offline TA/TO,TA/TO,0,0,0,A,A,0,Non Refund,98.0,0,Transient,110.0,0,0
City Hotel,1,279,2016,October,42,12,0,3,2,0.0,0,BB,PRT,Offline TA/TO,TA/TO,0,0,0,A,A,0,Non Refund,98.0,0,Transient,110.0,0,0
City Hotel,1,279,2016,October,42,12,0,3,2,0.0,0,BB,PRT,Offline TA/TO,TA/TO,0,0,0,A,A,0,Non Refund,98.0,0,Transient,110.0,0,0
City Hotel,1,279,2016,October,42,12,0,3,2,0.0,0,BB,PRT,Offline TA/TO,TA/TO,0,0,0,A,A,0,Non Refund,98.0,0,Transient,110.0,0,0
City Hotel,1,314,2016,October,42,12,0,3,2,0.0,0,BB,PRT,Offline TA/TO,TA/TO,0,0,0,A,A,0,Non Refund,21.0,68,Transient,75.0,0,0
City Hotel,1,314,2016,October,42,12,0,3,2,0.0,0,BB,PRT,Offline TA/TO,TA/TO,0,0,0,A,A,0,Non Refund,21.0,68,Transient,75.0,0,0
City Hotel,1,314,2016,October,42,12,0,3,2,0.0,0,BB,PRT,Offline TA/TO,TA/TO,0,0,0,A,A,0,Non Refund,21.0,68,Transient,75.0,0,0
City Hotel,1,279,2016,October,42,12,0,3,2,0.0,0,BB,PRT,Offline TA/TO,TA/TO,0,0,0,A,A,0,Non Refund,98.0,0,Transient,110.0,0,0
City Hotel,1,279,2016,October,42,12,0,3,2,0.0,0,BB,PRT,Offline TA/TO,TA/TO,0,0,0,A,A,0,Non Refund,98.0,0,Transient,110.0,0,0
City Hotel,1,279,2016,October,42,12,0,3,2,0.0,0,BB,PRT,Offline TA/TO,TA/TO,0,0,0,A,A,0,Non Refund,98.0,0,Transient,110.0,0,0
City Hotel,1,279,2016,October,42,12,0,3,2,0.0,0,BB,PRT,Offline TA/TO,TA/TO,0,0,0,A,A,0,Non Refund,98.0,0,Transient,110.0,0,0
City Hotel,1,279,2016,October,42,12,0,3,2,0.0,0,BB,PRT,Offline TA/TO,TA/TO,0,0,0,A,A,0,Non Refund,98.0,0,Transient,110.0,0,0
City Hotel,1,314,2016,October,42,12,0,3,2,0.0,0,BB,PRT,Offline TA/TO,TA/TO,0,0,0,A,A,0,Non Refund,21.0,68,Transient,75.0,0,0
City Hotel,1,105,2016,October,42,12,0,3,2,0.0,0,BB,PRT,Offline TA/TO,TA/TO,0,0,0,A,A,0,No Deposit,132.0,0,Transient-Party,75.0,0,0
City Hotel,1,279,2016,October,42,12,0,3,2,0.0,0,BB,PRT,Offline TA/TO,TA/TO,0,0,0,A,A,0,Non Refund,98.0,0,Transient,110.0,0,0
City Hotel,1,279,2016,October,42,12,0,3,2,0.0,0,BB,PRT,Offline TA/TO,TA/TO,0,0,0,A,A,0,Non Refund,98.0,0,Transient,110.0,0,0
City Hotel,1,279,2016,October,42,12,0,3,2,0.0,0,BB,PRT,Offline TA/TO,TA/TO,0,0,0,A,A,0,Non Refund,98.0,0,Transient,110.0,0,0
City Hotel,1,279,2016,October,42,12,0,3,2,0.0,0,BB,PRT,Offline TA/TO,TA/TO,0,0,0,A,A,0,Non Refund,98.0,0,Transient,110.0,0,0
City Hotel,1,279,2016,October,42,12,0,3,2,0.0,0,BB,PRT,Offline TA/TO,TA/TO,0,0,0,A,A,0,Non Refund,98.0,0,Transient,110.0,0,0
City Hotel,1,314,2016,October,42,12,0,3,2,0.0,0,BB,PRT,Offline TA/TO,TA/TO,0,0,0,A,A,0,Non Refund,21.0,68,Transient,75.0,0,0
City Hotel,1,279,2016,October,42,12,0,3,2,0.0,0,BB,PRT,Offline TA/TO,TA/TO,0,0,0,A,A,0,Non Refund,98.0,0,Transient,110.0,0,0
City Hotel,1,279,2016,October,42,12,0,3,2,0.0,0,BB,PRT,Offline TA/TO,TA/TO,0,0,0,A,A,0,Non Refund,98.0,0,Transient,110.0,0,0
City Hotel,1,279,2016,October,42,12,0,3,2,0.0,0,BB,PRT,Offline TA/TO,TA/TO,0,0,0,A,A,0,Non Refund,98.0,0,Transient,110.0,0,0
City Hotel,1,279,2016,October,42,12,0,3,2,0.0,0,BB,PRT,Offline TA/TO,TA/TO,0,0,0,A,A,0,Non Refund,98.0,0,Transient,110.0,0,0
City Hotel,1,314,2016,October,42,12,0,3,2,0.0,0,BB,PRT,Offline TA/TO,TA/TO,0,0,0,A,A,0,Non Refund,21.0,68,Transient,75.0,0,0
City Hotel,1,279,2016,October,42,12,0,3,2,0.0,0,BB,PRT,Offline TA/TO,TA/TO,0,0,0,A,A,0,Non Refund,98.0,0,Transient,110.0,0,0
City Hotel,1,279,2016,October,42,12,0,3,2,0.0,0,BB,PRT,Offline TA/TO,TA/TO,0,0,0,A,A,0,Non Refund,98.0,0,Transient,110.0,0,0
City Hotel,1,314,2016,October,42,12,0,3,2,0.0,0,BB,PRT,Offline TA/TO,TA/TO,0,0,0,A,A,0,Non Refund,21.0,68,Transient,75.0,0,0
City Hotel,1,314,2016,October,42,12,0,3,2,0.0,0,BB,PRT,Offline TA/TO,TA/TO,0,0,0,A,A,0,Non Refund,21.0,68,Transient,75.0,0,0
City Hotel,1,314,2016,October,42,12,0,3,2,0.0,0,BB,PRT,Offline TA/TO,TA/TO,0,0,0,A,A,0,Non Refund,21.0,68,Transient,75.0,0,0
City Hotel,1,279,2016,October,42,12,0,3,2,0.0,0,BB,PRT,Offline TA/TO,TA/TO,0,0,0,A,A,0,Non Refund,98.0,0,Transient,110.0,0,0
City Hotel,1,279,2016,October,42,12,0,3,2,0.0,0,BB,PRT,Offline TA/TO,TA/TO,0,0,0,A,A,0,Non Refund,98.0,0,Transient,110.0,0,0
City Hotel,1,279,2016,October,42,12,0,3,2,0.0,0,BB,PRT,Offline TA/TO,TA/TO,0,0,0,A,A,0,Non Refund,98.0,0,Transient,110.0,0,0
City Hotel,1,279,2016,October,42,12,0,3,2,0.0,0,BB,PRT,Offline TA/TO,TA/TO,0,0,0,A,A,0,Non Refund,98.0,0,Transient,110.0,0,0
City Hotel,1,314,2016,October,42,12,0,3,2,0.0,0,BB,PRT,Offline TA/TO,TA/TO,0,0,0,A,A,0,Non Refund,21.0,68,Transient,75.0,0,0
City Hotel,1,279,2016,October,42,12,0,3,2,0.0,0,BB,PRT,Offline TA/TO,TA/TO,0,0,0,A,A,0,Non Refund,98.0,0,Transient,110.0,0,0
City Hotel,1,279,2016,October,42,12,0,3,2,0.0,0,BB,PRT,Offline TA/TO,TA/TO,0,0,0,A,A,0,Non Refund,98.0,0,Transient,110.0,0,0
City Hotel,1,279,2016,October,42,12,0,3,2,0.0,0,BB,PRT,Offline TA/TO,TA/TO,0,0,0,A,A,0,Non Refund,98.0,0,Transient,110.0,0,0
City Hotel,1,279,2016,October,42,12,0,3,2,0.0,0,BB,PRT,Offline TA/TO,TA/TO,0,0,0,A,A,0,Non Refund,98.0,0,Transient,110.0,0,0
City Hotel,1,127,2016,October,42,12,0,3,2,0.0,0,BB,BEL,Online TA,TA/TO,0,0,0,D,D,0,No Deposit,9.0,0,Transient,132.3,0,2
City Hotel,1,127,2016,October,42,12,0,3,2,0.0,0,BB,BEL,Online TA,TA/TO,0,0,0,D,D,0,No Deposit,9.0,0,Transient,132.3,0,2
City Hotel,1,314,2016,October,42,12,0,3,2,0.0,0,BB,PRT,Offline TA/TO,TA/TO,0,0,0,A,A,0,Non Refund,21.0,68,Transient,75.0,0,0
City Hotel,1,105,2016,October,42,12,0,3,2,0.0,0,BB,PRT,Offline TA/TO,TA/TO,0,0,0,A,A,0,No Deposit,132.0,0,Transient-Party,75.0,0,0
City Hotel,1,105,2016,October,42,12,0,3,2,0.0,0,BB,PRT,Offline TA/TO,TA/TO,0,0,0,A,A,0,No Deposit,132.0,0,Transient-Party,75.0,0,0
City Hotel,1,279,2016,October,42,12,0,3,2,0.0,0,BB,PRT,Offline TA/TO,TA/TO,0,0,0,A,A,0,Non Refund,98.0,0,Transient,110.0,0,0
City Hotel,1,279,2016,October,42,12,0,3,2,0.0,0,BB,PRT,Offline TA/TO,TA/TO,0,0,0,A,A,0,Non Refund,98.0,0,Transient,110.0,0,0
City Hotel,1,314,2016,October,42,12,0,3,2,0.0,0,BB,PRT,Offline TA/TO,TA/TO,0,0,0,A,A,0,Non Refund,21.0,68,Transient,75.0,0,0
City Hotel,1,314,2016,October,42,12,0,3,2,0.0,0,BB,PRT,Offline TA/TO,TA/TO,0,0,0,A,A,0,Non Refund,21.0,68,Transient,75.0,0,0
City Hotel,1,314,2016,October,42,12,0,3,2,0.0,0,BB,PRT,Offline TA/TO,TA/TO,0,0,0,A,A,0,Non Refund,21.0,68,Transient,75.0,0,0
City Hotel,1,279,2016,October,42,12,0,3,2,0.0,0,BB,PRT,Offline TA/TO,TA/TO,0,0,0,A,A,0,Non Refund,98.0,0,Transient,110.0,0,0
City Hotel,1,279,2016,October,42,12,0,3,2,0.0,0,BB,PRT,Offline TA/TO,TA/TO,0,0,0,A,A,0,Non Refund,98.0,0,Transient,110.0,0,0
City Hotel,1,279,2016,October,42,12,0,3,2,0.0,0,BB,PRT,Offline TA/TO,TA/TO,0,0,0,A,A,0,Non Refund,98.0,0,Transient,110.0,0,0
City Hotel,1,279,2016,October,42,12,0,3,2,0.0,0,BB,PRT,Offline TA/TO,TA/TO,0,0,0,A,A,0,Non Refund,98.0,0,Transient,110.0,0,0
City Hotel,1,314,2016,October,42,12,0,3,2,0.0,0,BB,PRT,Offline TA/TO,TA/TO,0,0,0,A,A,0,Non Refund,21.0,68,Transient,75.0,0,0
City Hotel,1,314,2016,October,42,12,0,3,2,0.0,0,BB,PRT,Offline TA/TO,TA/TO,0,0,0,A,A,0,Non Refund,21.0,68,Transient,75.0,0,0
City Hotel,1,279,2016,October,42,12,0,3,2,0.0,0,BB,PRT,Offline TA/TO,TA/TO,0,0,0,A,A,0,Non Refund,98.0,0,Transient,110.0,0,0
City Hotel,1,279,2016,October,42,12,0,3,2,0.0,0,BB,PRT,Offline TA/TO,TA/TO,0,0,0,A,A,0,Non Refund,98.0,0,Transient,110.0,0,0
City Hotel,1,314,2016,October,42,12,0,3,2,0.0,0,BB,PRT,Offline TA/TO,TA/TO,0,0,0,A,A,0,Non Refund,21.0,68,Transient,75.0,0,0
City Hotel,1,314,2016,October,42,12,0,3,2,0.0,0,BB,PRT,Offline TA/TO,TA/TO,0,0,0,A,A,0,Non Refund,21.0,68,Transient,75.0,0,0
City Hotel,1,279,2016,October,42,12,0,3,2,0.0,0,BB,PRT,Offline TA/TO,TA/TO,0,0,0,A,A,0,Non Refund,98.0,0,Transient,110.0,0,0
City Hotel,1,279,2016,October,42,12,0,3,2,0.0,0,BB,PRT,Offline TA/TO,TA/TO,0,0,0,A,A,0,Non Refund,98.0,0,Transient,110.0,0,0
City Hotel,1,279,2016,October,42,12,0,3,2,0.0,0,BB,PRT,Offline TA/TO,TA/TO,0,0,0,A,A,0,Non Refund,98.0,0,Transient,110.0,0,0
City Hotel,1,279,2016,October,42,12,0,3,2,0.0,0,BB,PRT,Offline TA/TO,TA/TO,0,0,0,A,A,0,Non Refund,98.0,0,Transient,110.0,0,0
City Hotel,1,279,2016,October,42,12,0,3,2,0.0,0,BB,PRT,Offline TA/TO,TA/TO,0,0,0,A,A,0,Non Refund,98.0,0,Transient,110.0,0,0
City Hotel,1,55,2016,October,42,12,0,3,2,0.0,0,BB,BEL,Online TA,TA/TO,0,0,0,D,D,0,No Deposit,9.0,0,Transient,139.5,0,1
City Hotel,1,279,2016,October,42,12,0,3,2,0.0,0,BB,PRT,Offline TA/TO,TA/TO,0,0,0,A,A,0,Non Refund,98.0,0,Transient,110.0,0,0
City Hotel,1,279,2016,October,42,12,0,3,2,0.0,0,BB,PRT,Offline TA/TO,TA/TO,0,0,0,A,A,0,Non Refund,98.0,0,Transient,110.0,0,0
City Hotel,1,279,2016,October,42,12,0,3,2,0.0,0,BB,PRT,Offline TA/TO,TA/TO,0,0,0,A,A,0,Non Refund,98.0,0,Transient,110.0,0,0
City Hotel,1,99,2016,October,42,12,0,4,2,0.0,0,BB,USA,Direct,Direct,0,0,0,F,F,0,No Deposit,14.0,0,Transient,187.2,0,0
City Hotel,1,97,2016,October,42,12,1,4,2,0.0,0,BB,USA,Direct,Direct,0,0,0,F,F,3,No Deposit,14.0,0,Transient,176.8,0,0
City Hotel,1,115,2016,October,42,13,0,1,2,0.0,0,SC,FRA,Online TA,TA/TO,0,0,0,A,A,0,No Deposit,9.0,0,Transient,108.0,0,0
City Hotel,1,3,2016,October,42,13,0,1,2,0.0,0,SC,FRA,Direct,Direct,0,0,0,A,A,0,No Deposit,14.0,0,Transient,120.0,0,0
City Hotel,1,113,2016,October,42,13,0,1,2,0.0,0,SC,FRA,Online TA,TA/TO,0,0,0,A,A,0,No Deposit,9.0,0,Transient,108.0,0,1
City Hotel,1,113,2016,October,42,13,0,1,2,0.0,0,SC,FRA,Online TA,TA/TO,0,0,0,A,A,0,No Deposit,9.0,0,Transient,108.0,0,1
City Hotel,1,115,2016,October,42,13,0,1,2,0.0,0,SC,FRA,Online TA,TA/TO,0,0,0,A,A,0,No Deposit,9.0,0,Transient,108.0,0,0
City Hotel,1,115,2016,October,42,13,0,1,2,0.0,0,SC,FRA,Online TA,TA/TO,0,0,0,A,A,0,No Deposit,9.0,0,Transient,108.0,0,0
City Hotel,1,113,2016,October,42,13,0,1,2,0.0,0,SC,FRA,Online TA,TA/TO,0,0,0,A,A,0,No Deposit,9.0,0,Transient,108.0,0,1
City Hotel,1,115,2016,October,42,13,0,1,2,0.0,0,SC,FRA,Online TA,TA/TO,0,0,0,A,A,0,No Deposit,9.0,0,Transient,108.0,0,0
City Hotel,1,115,2016,October,42,13,0,1,2,0.0,0,SC,FRA,Online TA,TA/TO,0,0,0,A,A,0,No Deposit,9.0,0,Transient,108.0,0,0
City Hotel,1,1,2016,October,42,13,0,1,2,0.0,0,SC,PRT,Offline TA/TO,TA/TO,0,0,0,A,A,0,No Deposit,28.0,0,Transient,85.0,0,0
City Hotel,1,461,2016,October,42,13,0,2,2,0.0,0,BB,PRT,Groups,TA/TO,0,0,0,A,A,0,Non Refund,1.0,0,Transient,62.0,0,0
City Hotel,1,461,2016,October,42,13,0,2,2,0.0,0,BB,PRT,Groups,TA/TO,0,0,0,A,A,0,Non Refund,1.0,0,Transient,62.0,0,0
City Hotel,1,461,2016,October,42,13,0,2,2,0.0,0,BB,PRT,Groups,TA/TO,0,0,0,A,A,0,Non Refund,1.0,0,Transient,62.0,0,0
City Hotel,1,461,2016,October,42,13,0,2,2,0.0,0,BB,PRT,Groups,TA/TO,0,0,0,A,A,0,Non Refund,1.0,0,Transient,62.0,0,0
City Hotel,1,461,2016,October,42,13,0,2,2,0.0,0,BB,PRT,Groups,TA/TO,0,0,0,A,A,0,Non Refund,1.0,0,Transient,62.0,0,0
City Hotel,1,461,2016,October,42,13,0,2,2,0.0,0,BB,PRT,Groups,TA/TO,0,0,0,A,A,0,Non Refund,1.0,0,Transient,62.0,0,0
City Hotel,1,461,2016,October,42,13,0,2,2,0.0,0,BB,PRT,Groups,TA/TO,0,0,0,A,A,0,Non Refund,1.0,0,Transient,62.0,0,0
City Hotel,1,461,2016,October,42,13,0,2,2,0.0,0,BB,PRT,Groups,TA/TO,0,0,0,A,A,0,Non Refund,1.0,0,Transient,62.0,0,0
City Hotel,1,461,2016,October,42,13,0,2,2,0.0,0,BB,PRT,Groups,TA/TO,0,0,0,A,A,0,Non Refund,1.0,0,Transient,62.0,0,0
City Hotel,1,461,2016,October,42,13,0,2,2,0.0,0,BB,PRT,Groups,TA/TO,0,0,0,A,A,0,Non Refund,1.0,0,Transient,62.0,0,0
City Hotel,1,461,2016,October,42,13,0,2,2,0.0,0,BB,PRT,Groups,TA/TO,0,0,0,A,A,0,Non Refund,1.0,0,Transient,62.0,0,0
City Hotel,1,461,2016,October,42,13,0,2,2,0.0,0,BB,PRT,Groups,TA/TO,0,0,0,A,A,0,Non Refund,1.0,0,Transient,62.0,0,0
City Hotel,1,461,2016,October,42,13,0,2,2,0.0,0,BB,PRT,Groups,TA/TO,0,0,0,A,A,0,Non Refund,1.0,0,Transient,62.0,0,0
City Hotel,1,461,2016,October,42,13,0,2,2,0.0,0,BB,PRT,Groups,TA/TO,0,0,0,A,A,0,Non Refund,1.0,0,Transient,62.0,0,0
City Hotel,1,461,2016,October,42,13,0,2,2,0.0,0,BB,PRT,Groups,TA/TO,0,0,0,A,A,0,Non Refund,1.0,0,Transient,62.0,0,0
City Hotel,1,461,2016,October,42,13,0,2,2,0.0,0,BB,PRT,Groups,TA/TO,0,0,0,A,A,0,Non Refund,1.0,0,Transient,62.0,0,0
City Hotel,1,461,2016,October,42,13,0,2,2,0.0,0,BB,PRT,Groups,TA/TO,0,0,0,A,A,0,Non Refund,1.0,0,Transient,62.0,0,0
City Hotel,1,461,2016,October,42,13,0,2,2,0.0,0,BB,PRT,Groups,TA/TO,0,0,0,A,A,0,Non Refund,1.0,0,Transient,62.0,0,0
City Hotel,1,461,2016,October,42,13,0,2,2,0.0,0,BB,PRT,Groups,TA/TO,0,0,0,A,A,0,Non Refund,1.0,0,Transient,62.0,0,0
City Hotel,1,461,2016,October,42,13,0,2,2,0.0,0,BB,PRT,Groups,TA/TO,0,0,0,A,A,0,Non Refund,1.0,0,Transient,62.0,0,0
City Hotel,1,461,2016,October,42,13,0,2,2,0.0,0,BB,PRT,Groups,TA/TO,0,0,0,A,A,0,Non Refund,1.0,0,Transient,62.0,0,0
City Hotel,1,461,2016,October,42,13,0,2,2,0.0,0,BB,PRT,Groups,TA/TO,0,0,0,A,A,0,Non Refund,1.0,0,Transient,62.0,0,0
City Hotel,1,461,2016,October,42,13,0,2,2,0.0,0,BB,PRT,Groups,TA/TO,0,0,0,A,A,0,Non Refund,1.0,0,Transient,62.0,0,0
City Hotel,1,461,2016,October,42,13,0,2,2,0.0,0,BB,PRT,Groups,TA/TO,0,0,0,A,A,0,Non Refund,1.0,0,Transient,62.0,0,0
City Hotel,1,461,2016,October,42,13,0,2,2,0.0,0,BB,PRT,Groups,TA/TO,0,0,0,A,A,0,Non Refund,1.0,0,Transient,62.0,0,0
City Hotel,1,461,2016,October,42,13,0,2,2,0.0,0,BB,PRT,Groups,TA/TO,0,0,0,A,A,0,Non Refund,1.0,0,Transient,62.0,0,0
City Hotel,1,461,2016,October,42,13,0,2,2,0.0,0,BB,PRT,Groups,TA/TO,0,0,0,A,A,0,Non Refund,1.0,0,Transient,62.0,0,0
City Hotel,1,461,2016,October,42,13,0,2,2,0.0,0,BB,PRT,Groups,TA/TO,0,0,0,A,A,0,Non Refund,1.0,0,Transient,62.0,0,0
City Hotel,1,37,2016,October,42,13,0,3,2,0.0,0,BB,PRT,Offline TA/TO,TA/TO,0,0,0,A,A,0,No Deposit,56.0,0,Transient-Party,105.0,0,0
City Hotel,1,37,2016,October,42,13,0,3,2,0.0,0,BB,PRT,Offline TA/TO,TA/TO,0,0,0,A,A,0,No Deposit,56.0,0,Transient-Party,105.0,0,0
City Hotel,1,37,2016,October,42,13,0,3,2,0.0,0,BB,PRT,Offline TA/TO,TA/TO,0,0,0,A,A,0,No Deposit,56.0,0,Transient-Party,105.0,0,0
City Hotel,1,37,2016,October,42,13,0,3,2,0.0,0,BB,PRT,Offline TA/TO,TA/TO,0,0,0,A,A,0,No Deposit,56.0,0,Transient-Party,105.0,0,0
City Hotel,1,37,2016,October,42,13,0,3,2,0.0,0,BB,PRT,Offline TA/TO,TA/TO,0,0,0,A,A,0,No Deposit,56.0,0,Transient-Party,105.0,0,0
City Hotel,1,37,2016,October,42,13,0,3,2,0.0,0,BB,PRT,Offline TA/TO,TA/TO,0,0,0,A,A,0,No Deposit,56.0,0,Transient-Party,105.0,0,0
City Hotel,1,461,2016,October,42,13,0,2,2,0.0,0,BB,PRT,Groups,TA/TO,0,0,0,A,A,0,Non Refund,1.0,0,Transient,62.0,0,0
City Hotel,1,461,2016,October,42,13,0,2,2,0.0,0,BB,PRT,Groups,TA/TO,0,0,0,A,A,0,Non Refund,1.0,0,Transient,62.0,0,0
City Hotel,1,37,2016,October,42,13,0,3,2,0.0,0,BB,PRT,Offline TA/TO,TA/TO,0,0,0,A,A,0,No Deposit,56.0,0,Transient-Party,105.0,0,0
City Hotel,1,37,2016,October,42,13,0,3,2,0.0,0,BB,PRT,Offline TA/TO,TA/TO,0,0,0,A,A,0,No Deposit,56.0,0,Transient-Party,105.0,0,0
City Hotel,1,37,2016,October,42,13,0,3,2,0.0,0,BB,PRT,Offline TA/TO,TA/TO,0,0,0,A,A,0,No Deposit,56.0,0,Transient-Party,105.0,0,0
City Hotel,1,37,2016,October,42,13,0,3,2,0.0,0,BB,PRT,Offline TA/TO,TA/TO,0,0,0,A,A,0,No Deposit,56.0,0,Transient-Party,105.0,0,0
City Hotel,1,37,2016,October,42,13,0,3,2,0.0,0,BB,PRT,Offline TA/TO,TA/TO,0,0,0,A,A,0,No Deposit,56.0,0,Transient-Party,105.0,0,0
City Hotel,1,37,2016,October,42,13,0,3,2,0.0,0,BB,PRT,Offline TA/TO,TA/TO,0,0,0,A,A,0,No Deposit,56.0,0,Transient-Party,105.0,0,0
City Hotel,1,37,2016,October,42,13,0,3,2,0.0,0,BB,PRT,Offline TA/TO,TA/TO,0,0,0,A,A,0,No Deposit,56.0,0,Transient-Party,105.0,0,0
City Hotel,1,37,2016,October,42,13,0,3,2,0.0,0,BB,PRT,Offline TA/TO,TA/TO,0,0,0,A,A,0,No Deposit,56.0,0,Transient-Party,105.0,0,0
City Hotel,1,37,2016,October,42,13,0,3,2,0.0,0,BB,PRT,Offline TA/TO,TA/TO,0,0,0,A,A,0,No Deposit,56.0,0,Transient-Party,105.0,0,0
City Hotel,1,37,2016,October,42,13,0,3,2,0.0,0,BB,PRT,Offline TA/TO,TA/TO,0,0,0,A,A,0,No Deposit,56.0,0,Transient-Party,105.0,0,0
City Hotel,1,37,2016,October,42,13,0,3,2,0.0,0,BB,PRT,Offline TA/TO,TA/TO,0,0,0,A,A,0,No Deposit,56.0,0,Transient-Party,105.0,0,0
City Hotel,1,37,2016,October,42,13,0,3,2,0.0,0,BB,PRT,Offline TA/TO,TA/TO,0,0,0,A,A,0,No Deposit,56.0,0,Transient-Party,105.0,0,0
City Hotel,1,37,2016,October,42,13,0,3,2,0.0,0,BB,PRT,Offline TA/TO,TA/TO,0,0,0,A,A,0,No Deposit,56.0,0,Transient-Party,105.0,0,0
City Hotel,1,37,2016,October,42,13,0,3,2,0.0,0,BB,PRT,Offline TA/TO,TA/TO,0,0,0,A,A,0,No Deposit,56.0,0,Transient-Party,105.0,0,0
City Hotel,1,37,2016,October,42,13,0,3,2,0.0,0,BB,PRT,Offline TA/TO,TA/TO,0,0,0,A,A,0,No Deposit,56.0,0,Transient-Party,105.0,0,0
City Hotel,1,37,2016,October,42,13,0,3,2,0.0,0,BB,PRT,Offline TA/TO,TA/TO,0,0,0,A,A,0,No Deposit,56.0,0,Transient-Party,105.0,0,0
City Hotel,1,37,2016,October,42,13,0,3,2,0.0,0,BB,PRT,Offline TA/TO,TA/TO,0,0,0,A,A,0,No Deposit,56.0,0,Transient-Party,105.0,0,0
City Hotel,1,37,2016,October,42,13,0,3,2,0.0,0,BB,PRT,Offline TA/TO,TA/TO,0,0,0,A,A,0,No Deposit,56.0,0,Transient-Party,105.0,0,0
City Hotel,1,37,2016,October,42,13,0,3,2,0.0,0,BB,PRT,Offline TA/TO,TA/TO,0,0,0,A,A,0,No Deposit,56.0,0,Transient-Party,105.0,0,0
City Hotel,1,37,2016,October,42,13,0,3,2,0.0,0,BB,PRT,Offline TA/TO,TA/TO,0,0,0,A,A,0,No Deposit,56.0,0,Transient-Party,105.0,0,0
City Hotel,1,37,2016,October,42,13,0,3,2,0.0,0,BB,PRT,Offline TA/TO,TA/TO,0,0,0,A,A,0,No Deposit,56.0,0,Transient-Party,105.0,0,0
City Hotel,1,335,2016,October,42,13,0,3,2,0.0,0,BB,PRT,Offline TA/TO,TA/TO,0,0,0,A,A,1,No Deposit,56.0,0,Transient-Party,90.0,0,1
City Hotel,1,37,2016,October,42,13,0,3,2,0.0,0,BB,PRT,Offline TA/TO,TA/TO,0,0,0,A,A,0,No Deposit,56.0,0,Transient-Party,105.0,0,0
City Hotel,1,37,2016,October,42,13,0,3,2,0.0,0,BB,PRT,Offline TA/TO,TA/TO,0,0,0,A,A,0,No Deposit,56.0,0,Transient-Party,105.0,0,0
City Hotel,1,37,2016,October,42,13,0,3,2,0.0,0,BB,PRT,Offline TA/TO,TA/TO,0,0,0,A,A,0,No Deposit,56.0,0,Transient-Party,105.0,0,0
City Hotel,1,37,2016,October,42,13,0,3,2,0.0,0,BB,PRT,Offline TA/TO,TA/TO,0,0,0,A,A,0,No Deposit,56.0,0,Transient-Party,105.0,0,0
City Hotel,1,37,2016,October,42,13,0,3,2,0.0,0,BB,PRT,Offline TA/TO,TA/TO,0,0,0,A,A,0,No Deposit,56.0,0,Transient-Party,105.0,0,0
City Hotel,1,37,2016,October,42,13,0,3,2,0.0,0,BB,PRT,Offline TA/TO,TA/TO,0,0,0,A,A,0,No Deposit,56.0,0,Transient-Party,105.0,0,0
City Hotel,1,37,2016,October,42,13,0,3,2,0.0,0,BB,PRT,Offline TA/TO,TA/TO,0,0,0,A,A,0,No Deposit,56.0,0,Transient-Party,105.0,0,0
City Hotel,1,59,2016,October,42,13,0,3,2,0.0,0,BB,USA,Direct,Direct,0,0,0,D,D,0,No Deposit,14.0,0,Transient,128.7,0,0
City Hotel,1,37,2016,October,42,13,0,3,2,0.0,0,BB,PRT,Offline TA/TO,TA/TO,0,0,0,A,A,0,No Deposit,56.0,0,Transient-Party,105.0,0,0
City Hotel,1,37,2016,October,42,13,0,3,2,0.0,0,BB,PRT,Offline TA/TO,TA/TO,0,0,0,A,A,0,No Deposit,56.0,0,Transient-Party,105.0,0,0
City Hotel,1,37,2016,October,42,13,0,3,2,0.0,0,BB,PRT,Offline TA/TO,TA/TO,0,0,0,A,A,0,No Deposit,56.0,0,Transient-Party,105.0,0,0
City Hotel,1,37,2016,October,42,13,0,3,2,0.0,0,BB,PRT,Offline TA/TO,TA/TO,0,0,0,A,A,0,No Deposit,56.0,0,Transient-Party,105.0,0,0
City Hotel,1,37,2016,October,42,13,0,3,2,0.0,0,BB,PRT,Offline TA/TO,TA/TO,0,0,0,A,A,0,No Deposit,56.0,0,Transient-Party,105.0,0,0
City Hotel,1,37,2016,October,42,13,0,3,2,0.0,0,BB,PRT,Offline TA/TO,TA/TO,0,0,0,A,A,0,No Deposit,56.0,0,Transient-Party,105.0,0,0
City Hotel,1,37,2016,October,42,13,0,3,2,0.0,0,BB,PRT,Offline TA/TO,TA/TO,0,0,0,A,A,0,No Deposit,56.0,0,Transient-Party,105.0,0,0
City Hotel,1,37,2016,October,42,13,0,3,2,0.0,0,BB,PRT,Offline TA/TO,TA/TO,0,0,0,A,A,0,No Deposit,56.0,0,Transient-Party,105.0,0,0
City Hotel,1,37,2016,October,42,13,0,3,2,0.0,0,BB,PRT,Offline TA/TO,TA/TO,0,0,0,A,A,0,No Deposit,56.0,0,Transient-Party,105.0,0,0
City Hotel,1,79,2016,October,42,13,0,3,2,0.0,0,BB,FRA,Direct,Direct,0,0,0,E,E,0,No Deposit,14.0,0,Transient,153.3,0,0
City Hotel,1,37,2016,October,42,13,0,3,2,0.0,0,BB,PRT,Offline TA/TO,TA/TO,0,0,0,A,A,0,No Deposit,56.0,0,Transient-Party,105.0,0,0
City Hotel,1,37,2016,October,42,13,0,3,2,0.0,0,BB,PRT,Offline TA/TO,TA/TO,0,0,0,A,A,0,No Deposit,56.0,0,Transient-Party,105.0,0,0
City Hotel,1,37,2016,October,42,13,0,3,2,0.0,0,BB,PRT,Offline TA/TO,TA/TO,0,0,0,A,A,0,No Deposit,56.0,0,Transient-Party,105.0,0,0
City Hotel,1,37,2016,October,42,13,0,3,2,0.0,0,BB,PRT,Offline TA/TO,TA/TO,0,0,0,A,A,0,No Deposit,56.0,0,Transient-Party,105.0,0,0
City Hotel,1,37,2016,October,42,13,0,3,2,0.0,0,BB,PRT,Offline TA/TO,TA/TO,0,0,0,A,A,0,No Deposit,56.0,0,Transient-Party,105.0,0,0
City Hotel,1,37,2016,October,42,13,0,3,2,0.0,0,BB,PRT,Offline TA/TO,TA/TO,0,0,0,A,A,0,No Deposit,56.0,0,Transient-Party,105.0,0,0
City Hotel,1,37,2016,October,42,13,0,3,2,0.0,0,BB,PRT,Offline TA/TO,TA/TO,0,0,0,A,A,0,No Deposit,56.0,0,Transient-Party,105.0,0,0
City Hotel,1,37,2016,October,42,13,0,3,2,0.0,0,BB,PRT,Offline TA/TO,TA/TO,0,0,0,A,A,0,No Deposit,56.0,0,Transient-Party,105.0,0,0
City Hotel,1,37,2016,October,42,13,0,3,2,0.0,0,BB,PRT,Offline TA/TO,TA/TO,0,0,0,A,A,0,No Deposit,56.0,0,Transient-Party,105.0,0,0
City Hotel,1,37,2016,October,42,13,0,3,2,0.0,0,BB,PRT,Offline TA/TO,TA/TO,0,0,0,A,A,0,No Deposit,56.0,0,Transient-Party,105.0,0,0
City Hotel,1,37,2016,October,42,13,0,3,2,0.0,0,BB,PRT,Offline TA/TO,TA/TO,0,0,0,A,A,0,No Deposit,56.0,0,Transient-Party,105.0,0,0
City Hotel,1,37,2016,October,42,13,0,3,2,0.0,0,BB,PRT,Offline TA/TO,TA/TO,0,0,0,A,A,0,No Deposit,56.0,0,Transient-Party,105.0,0,0
City Hotel,1,37,2016,October,42,13,0,3,2,0.0,0,BB,PRT,Offline TA/TO,TA/TO,0,0,0,A,A,0,No Deposit,56.0,0,Transient-Party,105.0,0,0
City Hotel,1,37,2016,October,42,13,0,3,2,0.0,0,BB,PRT,Offline TA/TO,TA/TO,0,0,0,A,A,0,No Deposit,56.0,0,Transient-Party,105.0,0,0
City Hotel,1,37,2016,October,42,13,0,3,2,0.0,0,BB,PRT,Offline TA/TO,TA/TO,0,0,0,A,A,0,No Deposit,56.0,0,Transient-Party,105.0,0,0
City Hotel,1,237,2016,October,42,13,0,3,2,0.0,0,BB,SWE,Online TA,TA/TO,0,0,0,D,D,0,No Deposit,9.0,0,Transient,128.4,0,0
City Hotel,1,37,2016,October,42,13,0,3,2,0.0,0,BB,PRT,Offline TA/TO,TA/TO,0,0,0,A,A,0,No Deposit,56.0,0,Transient-Party,105.0,0,0
City Hotel,1,37,2016,October,42,13,0,3,2,0.0,0,BB,PRT,Offline TA/TO,TA/TO,0,0,0,A,A,0,No Deposit,56.0,0,Transient-Party,105.0,0,0
City Hotel,1,37,2016,October,42,13,0,3,2,0.0,0,BB,PRT,Offline TA/TO,TA/TO,0,0,0,A,A,0,No Deposit,56.0,0,Transient-Party,105.0,0,0
City Hotel,1,62,2016,October,42,13,0,3,2,0.0,0,BB,GBR,Online TA,TA/TO,0,0,0,D,D,0,No Deposit,9.0,0,Transient,132.3,0,2
City Hotel,1,54,2016,October,42,13,0,3,2,0.0,0,BB,USA,Online TA,TA/TO,0,0,0,D,D,0,No Deposit,9.0,0,Transient,139.5,0,3
City Hotel,1,37,2016,October,42,13,0,3,2,0.0,0,BB,PRT,Offline TA/TO,TA/TO,0,0,0,A,A,0,No Deposit,56.0,0,Transient-Party,105.0,0,0
City Hotel,1,37,2016,October,42,13,0,3,2,0.0,0,BB,PRT,Offline TA/TO,TA/TO,0,0,0,A,A,0,No Deposit,56.0,0,Transient-Party,105.0,0,0
City Hotel,1,37,2016,October,42,13,0,3,2,0.0,0,BB,PRT,Offline TA/TO,TA/TO,0,0,0,A,A,0,No Deposit,56.0,0,Transient-Party,105.0,0,0
City Hotel,1,37,2016,October,42,13,0,3,2,0.0,0,BB,PRT,Offline TA/TO,TA/TO,0,0,0,A,A,0,No Deposit,56.0,0,Transient-Party,105.0,0,0
City Hotel,1,37,2016,October,42,13,0,3,2,0.0,0,BB,PRT,Offline TA/TO,TA/TO,0,0,0,A,A,0,No Deposit,56.0,0,Transient-Party,105.0,0,0
City Hotel,1,37,2016,October,42,13,0,3,2,0.0,0,BB,PRT,Offline TA/TO,TA/TO,0,0,0,A,A,0,No Deposit,56.0,0,Transient-Party,105.0,0,0
City Hotel,1,37,2016,October,42,13,0,3,2,0.0,0,BB,PRT,Offline TA/TO,TA/TO,0,0,0,A,A,0,No Deposit,56.0,0,Transient-Party,105.0,0,0
City Hotel,1,37,2016,October,42,13,0,3,2,0.0,0,BB,PRT,Offline TA/TO,TA/TO,0,0,0,A,A,0,No Deposit,56.0,0,Transient-Party,105.0,0,0
City Hotel,1,37,2016,October,42,13,0,3,2,0.0,0,BB,PRT,Offline TA/TO,TA/TO,0,0,0,A,A,0,No Deposit,56.0,0,Transient-Party,105.0,0,0
City Hotel,1,37,2016,October,42,13,0,3,2,0.0,0,BB,PRT,Offline TA/TO,TA/TO,0,0,0,A,A,0,No Deposit,56.0,0,Transient-Party,105.0,0,0
City Hotel,1,37,2016,October,42,13,0,3,2,0.0,0,BB,PRT,Offline TA/TO,TA/TO,0,0,0,A,A,0,No Deposit,56.0,0,Transient-Party,105.0,0,0
City Hotel,1,37,2016,October,42,13,0,3,2,0.0,0,BB,PRT,Offline TA/TO,TA/TO,0,0,0,A,A,0,No Deposit,56.0,0,Transient-Party,105.0,0,0
City Hotel,1,37,2016,October,42,13,0,3,2,0.0,0,BB,PRT,Offline TA/TO,TA/TO,0,0,0,A,A,0,No Deposit,56.0,0,Transient-Party,105.0,0,0
City Hotel,1,37,2016,October,42,13,0,3,2,0.0,0,BB,PRT,Offline TA/TO,TA/TO,0,0,0,A,A,0,No Deposit,56.0,0,Transient-Party,105.0,0,0
City Hotel,1,37,2016,October,42,13,0,3,2,0.0,0,BB,PRT,Offline TA/TO,TA/TO,0,0,0,A,A,0,No Deposit,56.0,0,Transient-Party,105.0,0,0
City Hotel,1,37,2016,October,42,13,0,3,2,0.0,0,BB,PRT,Offline TA/TO,TA/TO,0,0,0,A,A,0,No Deposit,56.0,0,Transient-Party,105.0,0,0
City Hotel,1,37,2016,October,42,13,0,3,2,0.0,0,BB,PRT,Offline TA/TO,TA/TO,0,0,0,A,A,0,No Deposit,56.0,0,Transient-Party,105.0,0,0
City Hotel,1,37,2016,October,42,13,0,3,2,0.0,0,BB,PRT,Offline TA/TO,TA/TO,0,0,0,A,A,0,No Deposit,56.0,0,Transient-Party,105.0,0,0
City Hotel,1,58,2016,October,42,13,0,3,2,0.0,0,BB,SWE,Online TA,TA/TO,0,0,0,D,D,2,No Deposit,9.0,0,Transient,132.3,0,0
City Hotel,1,37,2016,October,42,13,0,3,2,0.0,0,BB,PRT,Offline TA/TO,TA/TO,0,0,0,A,A,0,No Deposit,56.0,0,Transient-Party,105.0,0,0
City Hotel,1,37,2016,October,42,13,0,3,2,0.0,0,BB,PRT,Offline TA/TO,TA/TO,0,0,0,A,A,0,No Deposit,56.0,0,Transient-Party,105.0,0,0
City Hotel,1,37,2016,October,42,13,0,3,2,0.0,0,BB,PRT,Offline TA/TO,TA/TO,0,0,0,A,A,0,No Deposit,56.0,0,Transient-Party,105.0,0,0
City Hotel,1,37,2016,October,42,13,0,3,2,0.0,0,BB,PRT,Offline TA/TO,TA/TO,0,0,0,A,A,0,No Deposit,56.0,0,Transient-Party,105.0,0,0
City Hotel,1,37,2016,October,42,13,0,3,2,0.0,0,BB,PRT,Offline TA/TO,TA/TO,0,0,0,A,A,0,No Deposit,56.0,0,Transient-Party,105.0,0,0
City Hotel,1,330,2016,October,42,14,0,2,2,0.0,0,BB,PRT,Online TA,TA/TO,0,0,0,B,B,0,No Deposit,9.0,0,Contract,106.7,0,1
City Hotel,1,330,2016,October,42,14,0,2,2,0.0,0,BB,PRT,Online TA,TA/TO,0,0,0,B,B,0,No Deposit,9.0,0,Contract,106.7,0,1
City Hotel,1,233,2016,October,42,14,1,2,2,0.0,0,BB,PRT,Offline TA/TO,TA/TO,0,0,0,A,A,0,Non Refund,3.0,0,Transient,90.0,0,0
City Hotel,1,233,2016,October,42,14,1,2,2,0.0,0,BB,PRT,Offline TA/TO,TA/TO,0,0,0,A,A,0,Non Refund,3.0,0,Transient,90.0,0,0
City Hotel,1,233,2016,October,42,14,1,2,2,0.0,0,BB,PRT,Offline TA/TO,TA/TO,0,0,0,A,A,0,Non Refund,3.0,0,Transient,90.0,0,0
City Hotel,1,233,2016,October,42,14,1,2,2,0.0,0,BB,PRT,Offline TA/TO,TA/TO,0,0,0,A,A,0,Non Refund,3.0,0,Transient,90.0,0,0
City Hotel,1,233,2016,October,42,14,1,2,2,0.0,0,BB,PRT,Offline TA/TO,TA/TO,0,0,0,A,A,0,Non Refund,3.0,0,Transient,90.0,0,0
City Hotel,1,233,2016,October,42,14,1,2,2,0.0,0,BB,PRT,Offline TA/TO,TA/TO,0,0,0,A,A,0,Non Refund,3.0,0,Transient,90.0,0,0
City Hotel,1,233,2016,October,42,14,1,2,2,0.0,0,BB,PRT,Offline TA/TO,TA/TO,0,0,0,A,A,0,Non Refund,3.0,0,Transient,90.0,0,0
City Hotel,1,233,2016,October,42,14,1,2,2,0.0,0,BB,PRT,Offline TA/TO,TA/TO,0,0,0,A,A,0,Non Refund,3.0,0,Transient,90.0,0,0
City Hotel,1,233,2016,October,42,14,1,2,2,0.0,0,BB,PRT,Offline TA/TO,TA/TO,0,0,0,A,A,0,Non Refund,3.0,0,Transient,90.0,0,0
City Hotel,1,233,2016,October,42,14,1,2,2,0.0,0,BB,PRT,Offline TA/TO,TA/TO,0,0,0,A,A,0,Non Refund,3.0,0,Transient,90.0,0,0
City Hotel,1,233,2016,October,42,14,1,2,2,0.0,0,BB,PRT,Offline TA/TO,TA/TO,0,0,0,A,A,0,Non Refund,3.0,0,Transient,90.0,0,0
City Hotel,1,233,2016,October,42,14,1,2,2,0.0,0,BB,PRT,Offline TA/TO,TA/TO,0,0,0,A,A,0,Non Refund,3.0,0,Transient,90.0,0,0
City Hotel,1,233,2016,October,42,14,1,2,2,0.0,0,BB,PRT,Offline TA/TO,TA/TO,0,0,0,A,A,0,Non Refund,3.0,0,Transient,90.0,0,0
City Hotel,1,44,2016,October,42,14,2,2,2,0.0,0,BB,HRV,Online TA,TA/TO,0,0,0,D,D,0,No Deposit,9.0,0,Transient,148.28,0,2
City Hotel,1,233,2016,October,42,14,1,2,2,0.0,0,BB,PRT,Offline TA/TO,TA/TO,0,0,0,A,A,0,Non Refund,3.0,0,Transient,90.0,0,0
City Hotel,1,233,2016,October,42,14,1,2,2,0.0,0,BB,PRT,Offline TA/TO,TA/TO,0,0,0,A,A,0,Non Refund,3.0,0,Transient,90.0,0,0
City Hotel,1,233,2016,October,42,14,1,2,2,0.0,0,BB,PRT,Offline TA/TO,TA/TO,0,0,0,A,A,0,Non Refund,3.0,0,Transient,90.0,0,0
City Hotel,1,233,2016,October,42,14,1,2,2,0.0,0,BB,PRT,Offline TA/TO,TA/TO,0,0,0,A,A,0,Non Refund,3.0,0,Transient,90.0,0,0
City Hotel,1,233,2016,October,42,14,1,2,2,0.0,0,BB,PRT,Offline TA/TO,TA/TO,0,0,0,A,A,0,Non Refund,3.0,0,Transient,90.0,0,0
City Hotel,1,62,2016,October,42,14,1,2,2,0.0,0,BB,GBR,Online TA,TA/TO,0,0,0,D,D,0,No Deposit,9.0,0,Transient,132.3,0,3
City Hotel,1,233,2016,October,42,14,1,2,2,0.0,0,BB,PRT,Offline TA/TO,TA/TO,0,0,0,A,A,0,Non Refund,3.0,0,Transient,90.0,0,0
City Hotel,1,233,2016,October,42,14,1,2,2,0.0,0,BB,PRT,Offline TA/TO,TA/TO,0,0,0,A,A,0,Non Refund,3.0,0,Transient,90.0,0,0
City Hotel,1,61,2016,October,42,14,2,5,2,0.0,0,BB,FRA,Online TA,TA/TO,0,0,0,D,D,2,No Deposit,9.0,0,Transient,132.3,0,0
City Hotel,1,64,2016,October,42,15,0,1,2,0.0,0,BB,PRT,Complementary,Corporate,0,0,0,A,A,1,No Deposit,,0,Transient,0.0,0,1
City Hotel,1,35,2016,October,42,15,1,1,2,0.0,0,HB,FRA,Online TA,TA/TO,0,0,0,A,A,0,No Deposit,9.0,0,Transient,148.6,0,2
City Hotel,1,29,2016,October,42,15,1,1,2,0.0,0,BB,FRA,Online TA,TA/TO,0,0,0,D,D,0,No Deposit,9.0,0,Transient,154.5,0,1
City Hotel,1,252,2016,October,42,15,1,1,2,0.0,0,BB,CN,Online TA,TA/TO,0,0,0,A,A,0,No Deposit,9.0,0,Transient,111.6,0,0
City Hotel,1,131,2016,October,42,15,2,1,2,0.0,0,BB,CHE,Online TA,TA/TO,0,0,0,D,D,0,No Deposit,9.0,0,Transient,132.3,0,0
City Hotel,1,32,2016,October,42,15,2,1,2,0.0,0,BB,USA,Online TA,TA/TO,0,0,0,D,D,0,No Deposit,9.0,0,Transient,161.33,0,0
City Hotel,1,252,2016,October,42,15,2,1,2,0.0,0,BB,DEU,Online TA,TA/TO,0,0,0,A,A,1,No Deposit,9.0,0,Transient-Party,106.3,0,0
City Hotel,1,41,2016,October,42,15,2,1,2,0.0,0,BB,NLD,Online TA,TA/TO,0,0,0,D,D,0,No Deposit,9.0,0,Transient,145.2,0,2
City Hotel,1,41,2016,October,42,15,2,1,2,0.0,0,BB,NLD,Online TA,TA/TO,0,0,0,D,D,0,No Deposit,9.0,0,Transient,145.2,0,2
City Hotel,1,131,2016,October,42,15,2,1,2,0.0,0,BB,CHE,Online TA,TA/TO,0,0,0,D,D,0,No Deposit,9.0,0,Transient,132.3,0,0
City Hotel,1,34,2016,October,42,15,2,3,2,0.0,0,BB,FRA,Online TA,TA/TO,0,0,0,D,D,0,No Deposit,9.0,0,Transient,166.8,0,2
City Hotel,1,115,2016,October,42,15,2,4,2,0.0,0,BB,NLD,Online TA,TA/TO,0,0,0,D,D,0,No Deposit,9.0,0,Transient,132.3,0,0
City Hotel,1,272,2016,October,42,15,2,4,2,0.0,0,BB,DEU,Online TA,TA/TO,0,0,0,A,A,0,No Deposit,9.0,0,Transient,94.35,0,1
City Hotel,1,258,2016,October,43,16,1,0,2,0.0,0,BB,PRT,Offline TA/TO,TA/TO,0,0,0,A,A,0,Non Refund,31.0,0,Transient,110.0,0,0
City Hotel,1,286,2016,October,43,16,1,0,2,0.0,0,BB,PRT,Offline TA/TO,TA/TO,0,0,0,A,A,0,Non Refund,44.0,0,Transient,90.0,0,0
City Hotel,1,286,2016,October,43,16,1,0,2,0.0,0,BB,PRT,Offline TA/TO,TA/TO,0,0,0,A,A,0,Non Refund,44.0,0,Transient,90.0,0,0
City Hotel,1,286,2016,October,43,16,1,0,2,0.0,0,BB,PRT,Offline TA/TO,TA/TO,0,0,0,A,A,0,Non Refund,44.0,0,Transient,90.0,0,0
City Hotel,1,286,2016,October,43,16,1,0,2,0.0,0,BB,PRT,Offline TA/TO,TA/TO,0,0,0,A,A,0,Non Refund,44.0,0,Transient,90.0,0,0
City Hotel,1,258,2016,October,43,16,1,0,2,0.0,0,BB,PRT,Offline TA/TO,TA/TO,0,0,0,A,A,0,Non Refund,31.0,0,Transient,110.0,0,0
City Hotel,1,258,2016,October,43,16,1,0,2,0.0,0,BB,PRT,Offline TA/TO,TA/TO,0,0,0,A,A,0,Non Refund,31.0,0,Transient,110.0,0,0
City Hotel,1,286,2016,October,43,16,1,0,2,0.0,0,BB,PRT,Offline TA/TO,TA/TO,0,0,0,A,A,0,Non Refund,44.0,0,Transient,90.0,0,0
City Hotel,1,258,2016,October,43,16,1,0,2,0.0,0,BB,PRT,Offline TA/TO,TA/TO,0,0,0,A,A,0,Non Refund,31.0,0,Transient,110.0,0,0
City Hotel,1,286,2016,October,43,16,1,0,2,0.0,0,BB,PRT,Offline TA/TO,TA/TO,0,0,0,A,A,0,Non Refund,44.0,0,Transient,90.0,0,0
City Hotel,1,258,2016,October,43,16,1,0,2,0.0,0,BB,PRT,Offline TA/TO,TA/TO,0,0,0,A,A,0,Non Refund,31.0,0,Transient,110.0,0,0
City Hotel,1,258,2016,October,43,16,1,0,2,0.0,0,BB,PRT,Offline TA/TO,TA/TO,0,0,0,A,A,0,Non Refund,31.0,0,Transient,110.0,0,0
City Hotel,1,286,2016,October,43,16,1,0,2,0.0,0,BB,PRT,Offline TA/TO,TA/TO,0,0,0,A,A,0,Non Refund,44.0,0,Transient,90.0,0,0
City Hotel,1,286,2016,October,43,16,1,0,2,0.0,0,BB,PRT,Offline TA/TO,TA/TO,0,0,0,A,A,0,Non Refund,44.0,0,Transient,90.0,0,0
City Hotel,1,286,2016,October,43,16,1,0,2,0.0,0,BB,PRT,Offline TA/TO,TA/TO,0,0,0,A,A,0,Non Refund,44.0,0,Transient,90.0,0,0
City Hotel,1,286,2016,October,43,16,1,0,2,0.0,0,BB,PRT,Offline TA/TO,TA/TO,0,0,0,A,A,0,Non Refund,44.0,0,Transient,90.0,0,0
City Hotel,1,258,2016,October,43,16,1,0,2,0.0,0,BB,PRT,Offline TA/TO,TA/TO,0,0,0,A,A,0,Non Refund,31.0,0,Transient,110.0,0,0
City Hotel,1,286,2016,October,43,16,1,0,2,0.0,0,BB,PRT,Offline TA/TO,TA/TO,0,0,0,A,A,0,Non Refund,44.0,0,Transient,90.0,0,0
City Hotel,1,258,2016,October,43,16,1,0,2,0.0,0,BB,PRT,Offline TA/TO,TA/TO,0,0,0,A,A,0,Non Refund,31.0,0,Transient,110.0,0,0
City Hotel,1,286,2016,October,43,16,1,0,2,0.0,0,BB,PRT,Offline TA/TO,TA/TO,0,0,0,A,A,0,Non Refund,44.0,0,Transient,90.0,0,0
City Hotel,1,286,2016,October,43,16,1,0,2,0.0,0,BB,PRT,Offline TA/TO,TA/TO,0,0,0,A,A,0,Non Refund,44.0,0,Transient,90.0,0,0
City Hotel,1,258,2016,October,43,16,1,0,2,0.0,0,BB,PRT,Offline TA/TO,TA/TO,0,0,0,A,A,0,Non Refund,31.0,0,Transient,110.0,0,0
City Hotel,1,258,2016,October,43,16,1,0,2,0.0,0,BB,PRT,Offline TA/TO,TA/TO,0,0,0,A,A,0,Non Refund,31.0,0,Transient,110.0,0,0
City Hotel,1,258,2016,October,43,16,1,0,2,0.0,0,BB,PRT,Offline TA/TO,TA/TO,0,0,0,A,A,0,Non Refund,31.0,0,Transient,110.0,0,0
City Hotel,1,258,2016,October,43,16,1,0,2,0.0,0,BB,PRT,Offline TA/TO,TA/TO,0,0,0,A,A,0,Non Refund,31.0,0,Transient,110.0,0,0
City Hotel,1,286,2016,October,43,16,1,0,2,0.0,0,BB,PRT,Offline TA/TO,TA/TO,0,0,0,A,A,0,Non Refund,44.0,0,Transient,90.0,0,0
City Hotel,1,286,2016,October,43,16,1,0,2,0.0,0,BB,PRT,Offline TA/TO,TA/TO,0,0,0,A,A,0,Non Refund,44.0,0,Transient,90.0,0,0
City Hotel,1,258,2016,October,43,16,1,0,2,0.0,0,BB,PRT,Offline TA/TO,TA/TO,0,0,0,A,A,0,Non Refund,31.0,0,Transient,110.0,0,0
City Hotel,1,258,2016,October,43,16,1,0,2,0.0,0,BB,PRT,Offline TA/TO,TA/TO,0,0,0,A,A,0,Non Refund,31.0,0,Transient,110.0,0,0
City Hotel,1,258,2016,October,43,16,1,0,2,0.0,0,BB,PRT,Offline TA/TO,TA/TO,0,0,0,A,A,0,Non Refund,31.0,0,Transient,110.0,0,0
City Hotel,1,286,2016,October,43,16,1,0,2,0.0,0,BB,PRT,Offline TA/TO,TA/TO,0,0,0,A,A,0,Non Refund,44.0,0,Transient,90.0,0,0
City Hotel,1,286,2016,October,43,16,1,0,2,0.0,0,BB,PRT,Offline TA/TO,TA/TO,0,0,0,A,A,0,Non Refund,44.0,0,Transient,90.0,0,0
City Hotel,1,258,2016,October,43,16,1,0,2,0.0,0,BB,PRT,Offline TA/TO,TA/TO,0,0,0,A,A,0,Non Refund,31.0,0,Transient,110.0,0,0
City Hotel,1,258,2016,October,43,16,1,0,2,0.0,0,BB,PRT,Offline TA/TO,TA/TO,0,0,0,A,A,0,Non Refund,31.0,0,Transient,110.0,0,0
City Hotel,1,286,2016,October,43,16,1,0,2,0.0,0,BB,PRT,Offline TA/TO,TA/TO,0,0,0,A,A,0,Non Refund,44.0,0,Transient,90.0,0,0
City Hotel,1,286,2016,October,43,16,1,0,2,0.0,0,BB,PRT,Offline TA/TO,TA/TO,0,0,0,A,A,0,Non Refund,44.0,0,Transient,90.0,0,0
City Hotel,1,286,2016,October,43,16,1,0,2,0.0,0,BB,PRT,Offline TA/TO,TA/TO,0,0,0,A,A,0,Non Refund,44.0,0,Transient,90.0,0,0
City Hotel,1,286,2016,October,43,16,1,0,2,0.0,0,BB,PRT,Offline TA/TO,TA/TO,0,0,0,A,A,0,Non Refund,44.0,0,Transient,90.0,0,0
City Hotel,1,258,2016,October,43,16,1,0,2,0.0,0,BB,PRT,Offline TA/TO,TA/TO,0,0,0,A,A,0,Non Refund,31.0,0,Transient,110.0,0,0
City Hotel,1,286,2016,October,43,16,1,0,2,0.0,0,BB,PRT,Offline TA/TO,TA/TO,0,0,0,A,A,0,Non Refund,44.0,0,Transient,90.0,0,0
City Hotel,1,286,2016,October,43,16,1,0,2,0.0,0,BB,PRT,Offline TA/TO,TA/TO,0,0,0,A,A,0,Non Refund,44.0,0,Transient,90.0,0,0
City Hotel,1,258,2016,October,43,16,1,0,2,0.0,0,BB,PRT,Offline TA/TO,TA/TO,0,0,0,A,A,0,Non Refund,31.0,0,Transient,110.0,0,0
City Hotel,1,258,2016,October,43,16,1,0,2,0.0,0,BB,PRT,Offline TA/TO,TA/TO,0,0,0,A,A,0,Non Refund,31.0,0,Transient,110.0,0,0
City Hotel,1,286,2016,October,43,16,1,0,2,0.0,0,BB,PRT,Offline TA/TO,TA/TO,0,0,0,A,A,0,Non Refund,44.0,0,Transient,90.0,0,0
City Hotel,1,286,2016,October,43,16,1,0,2,0.0,0,BB,PRT,Offline TA/TO,TA/TO,0,0,0,A,A,0,Non Refund,44.0,0,Transient,90.0,0,0
City Hotel,1,283,2016,October,43,16,2,0,2,0.0,0,HB,PRT,Groups,TA/TO,0,0,0,A,A,0,Non Refund,1.0,0,Transient,96.0,0,0
City Hotel,1,283,2016,October,43,16,2,0,2,0.0,0,HB,PRT,Groups,TA/TO,0,0,0,A,A,0,Non Refund,1.0,0,Transient,96.0,0,0
City Hotel,1,283,2016,October,43,16,2,0,2,0.0,0,HB,PRT,Groups,TA/TO,0,0,0,A,A,0,Non Refund,1.0,0,Transient,96.0,0,0
City Hotel,1,283,2016,October,43,16,2,0,2,0.0,0,HB,PRT,Groups,TA/TO,0,0,0,A,A,0,Non Refund,1.0,0,Transient,96.0,0,0
City Hotel,1,283,2016,October,43,16,2,0,2,0.0,0,HB,PRT,Groups,TA/TO,0,0,0,A,A,0,Non Refund,1.0,0,Transient,96.0,0,0
City Hotel,1,283,2016,October,43,16,2,0,2,0.0,0,HB,PRT,Groups,TA/TO,0,0,0,A,A,0,Non Refund,1.0,0,Transient,96.0,0,0
City Hotel,1,283,2016,October,43,16,2,0,2,0.0,0,HB,PRT,Groups,TA/TO,0,0,0,A,A,0,Non Refund,1.0,0,Transient,96.0,0,0
City Hotel,1,283,2016,October,43,16,2,0,2,0.0,0,HB,PRT,Groups,TA/TO,0,0,0,A,A,0,Non Refund,1.0,0,Transient,96.0,0,0
City Hotel,1,283,2016,October,43,16,2,0,2,0.0,0,HB,PRT,Groups,TA/TO,0,0,0,A,A,0,Non Refund,1.0,0,Transient,96.0,0,0
City Hotel,1,283,2016,October,43,16,2,0,2,0.0,0,HB,PRT,Groups,TA/TO,0,0,0,A,A,0,Non Refund,1.0,0,Transient,96.0,0,0
City Hotel,1,283,2016,October,43,16,2,0,2,0.0,0,HB,PRT,Groups,TA/TO,0,0,0,A,A,0,Non Refund,1.0,0,Transient,96.0,0,0
City Hotel,1,283,2016,October,43,16,2,0,2,0.0,0,HB,PRT,Groups,TA/TO,0,0,0,A,A,0,Non Refund,1.0,0,Transient,96.0,0,0
City Hotel,1,283,2016,October,43,16,2,0,2,0.0,0,HB,PRT,Groups,TA/TO,0,0,0,A,A,0,Non Refund,1.0,0,Transient,96.0,0,0
City Hotel,1,283,2016,October,43,16,2,0,2,0.0,0,HB,PRT,Groups,TA/TO,0,0,0,A,A,0,Non Refund,1.0,0,Transient,96.0,0,0
City Hotel,1,283,2016,October,43,16,2,0,2,0.0,0,HB,PRT,Groups,TA/TO,0,0,0,A,A,0,Non Refund,1.0,0,Transient,96.0,0,0
City Hotel,1,283,2016,October,43,16,2,0,2,0.0,0,HB,PRT,Groups,TA/TO,0,0,0,A,A,0,Non Refund,1.0,0,Transient,96.0,0,0
City Hotel,1,283,2016,October,43,16,2,0,2,0.0,0,HB,PRT,Groups,TA/TO,0,0,0,A,A,0,Non Refund,1.0,0,Transient,96.0,0,0
City Hotel,1,283,2016,October,43,16,2,0,2,0.0,0,HB,PRT,Groups,TA/TO,0,0,0,A,A,0,Non Refund,1.0,0,Transient,96.0,0,0
City Hotel,1,201,2016,October,43,16,2,1,2,0.0,0,BB,HUN,Online TA,TA/TO,0,0,0,A,A,0,No Deposit,9.0,0,Transient,96.3,0,2
City Hotel,1,10,2016,October,43,16,2,1,2,0.0,0,SC,PRT,Online TA,TA/TO,0,0,0,A,A,0,No Deposit,7.0,0,Transient,107.8,0,3
City Hotel,1,99,2016,October,43,16,2,1,2,0.0,0,BB,CHE,Online TA,TA/TO,0,0,0,A,A,0,No Deposit,9.0,0,Transient,118.8,0,1
City Hotel,1,229,2016,October,43,16,2,1,2,0.0,0,BB,HUN,Online TA,TA/TO,0,0,0,A,A,0,No Deposit,9.0,0,Transient,96.3,0,0
City Hotel,1,24,2016,October,43,16,2,1,2,0.0,0,SC,CHN,Online TA,TA/TO,0,0,0,A,A,0,No Deposit,9.0,0,Transient,107.1,0,1
City Hotel,1,9,2016,October,43,16,2,2,2,0.0,0,SC,DEU,Online TA,TA/TO,0,0,0,A,A,0,No Deposit,9.0,0,Transient,140.0,0,1
City Hotel,1,159,2016,October,43,16,2,2,2,0.0,0,BB,PRT,Direct,Direct,0,0,0,A,A,0,No Deposit,14.0,0,Transient,108.0,0,0
City Hotel,1,159,2016,October,43,16,2,2,2,0.0,0,BB,PRT,Direct,Direct,0,0,0,A,A,0,No Deposit,14.0,0,Transient,108.0,0,0
City Hotel,1,154,2016,October,43,16,2,2,2,0.0,0,BB,DNK,Online TA,TA/TO,0,0,0,A,A,0,No Deposit,9.0,0,Transient,118.8,0,0
City Hotel,1,159,2016,October,43,16,2,2,2,0.0,0,BB,PRT,Direct,Direct,0,0,0,A,A,0,No Deposit,14.0,0,Transient,108.0,0,0
City Hotel,1,54,2016,October,43,16,2,2,2,0.0,0,BB,PRT,Offline TA/TO,TA/TO,0,0,0,A,A,0,No Deposit,21.0,0,Transient-Party,72.0,0,0
City Hotel,1,40,2016,October,43,16,2,2,2,0.0,0,BB,PRT,Offline TA/TO,TA/TO,0,0,0,A,A,0,No Deposit,85.0,0,Transient,85.5,0,0
City Hotel,1,9,2016,October,43,16,2,2,2,0.0,0,SC,DEU,Online TA,TA/TO,0,0,0,A,A,0,No Deposit,9.0,0,Transient,140.0,0,1
City Hotel,1,159,2016,October,43,16,2,2,2,0.0,0,BB,PRT,Direct,Direct,0,0,0,A,A,0,No Deposit,14.0,0,Transient,108.0,0,0
City Hotel,1,66,2016,October,43,16,2,2,2,0.0,0,SC,ESP,Online TA,TA/TO,0,0,0,A,A,0,No Deposit,9.0,0,Transient,108.0,0,1
City Hotel,1,285,2016,October,43,16,2,3,2,0.0,0,BB,FIN,Online TA,TA/TO,0,0,0,B,B,1,No Deposit,9.0,0,Transient-Party,81.81,0,0
City Hotel,1,284,2016,October,43,16,2,3,2,0.0,0,BB,FIN,Online TA,TA/TO,0,0,0,B,B,0,No Deposit,9.0,0,Transient-Party,81.82,0,0
City Hotel,1,256,2016,October,43,16,2,3,2,0.0,0,BB,DEU,Online TA,TA/TO,0,0,0,D,D,0,No Deposit,9.0,0,Transient-Party,103.7,0,0
City Hotel,1,26,2016,October,43,16,2,3,2,0.0,0,SC,CHE,Online TA,TA/TO,0,0,0,A,A,0,No Deposit,9.0,0,Transient,119.0,0,1
City Hotel,1,256,2016,October,43,16,2,3,2,0.0,0,BB,DEU,Online TA,TA/TO,0,0,0,D,D,0,No Deposit,9.0,0,Transient-Party,103.7,0,0
City Hotel,1,8,2016,October,43,16,2,3,2,0.0,0,SC,POL,Online TA,TA/TO,0,0,0,A,A,0,No Deposit,9.0,0,Transient,136.0,0,1
City Hotel,1,87,2016,October,43,16,2,4,2,0.0,0,BB,RUS,Online TA,TA/TO,0,0,0,D,D,0,No Deposit,9.0,0,Transient,132.3,0,0
City Hotel,1,93,2016,October,43,16,4,6,2,0.0,0,BB,RUS,Online TA,TA/TO,0,0,0,D,D,0,No Deposit,9.0,0,Transient,129.51,0,0
City Hotel,1,45,2016,October,43,17,1,0,2,0.0,0,SC,DEU,Online TA,TA/TO,0,0,0,A,A,0,No Deposit,9.0,0,Transient,126.0,0,2
City Hotel,1,131,2016,October,43,17,1,1,2,0.0,0,BB,GBR,Online TA,TA/TO,0,0,0,D,D,0,No Deposit,9.0,0,Transient,132.3,0,0
City Hotel,1,48,2016,October,43,17,1,2,2,0.0,0,SC,NLD,Online TA,TA/TO,0,0,0,A,A,0,No Deposit,9.0,0,Transient,126.0,0,1
City Hotel,1,164,2016,October,43,17,1,2,2,0.0,0,SC,SWE,Online TA,TA/TO,0,0,0,A,A,0,No Deposit,9.0,0,Transient,108.0,0,0
City Hotel,1,67,2016,October,43,17,1,2,2,0.0,0,BB,DEU,Online TA,TA/TO,0,0,0,D,D,0,No Deposit,9.0,0,Transient,132.3,0,0
City Hotel,1,104,2016,October,43,17,1,2,2,0.0,0,SC,DEU,Online TA,TA/TO,0,0,0,A,A,0,No Deposit,9.0,0,Transient,108.0,0,1
City Hotel,1,52,2016,October,43,17,1,2,2,0.0,0,SC,DEU,Online TA,TA/TO,0,0,0,A,A,0,No Deposit,9.0,0,Transient,108.0,0,0
City Hotel,1,27,2016,October,43,17,1,2,2,0.0,0,SC,NLD,Online TA,TA/TO,0,0,0,A,A,0,No Deposit,9.0,0,Transient,119.0,0,0
City Hotel,1,236,2016,October,43,17,1,3,2,0.0,0,BB,PRT,Offline TA/TO,TA/TO,0,0,0,D,D,0,No Deposit,83.0,0,Transient,97.6,0,0
City Hotel,1,65,2016,October,43,17,1,3,2,0.0,0,BB,BEL,Online TA,TA/TO,0,0,0,A,A,0,No Deposit,9.0,0,Transient,118.8,0,2
City Hotel,1,237,2016,October,43,17,1,3,2,0.0,0,BB,NLD,Online TA,TA/TO,0,0,0,A,B,1,No Deposit,9.0,0,Transient,90.95,0,2
City Hotel,1,64,2016,October,43,17,1,3,2,0.0,0,HB,IRL,Online TA,TA/TO,0,0,0,A,A,0,No Deposit,9.0,0,Transient,153.0,0,0
City Hotel,1,237,2016,October,43,17,1,3,2,0.0,0,BB,NLD,Online TA,TA/TO,0,0,0,A,B,1,No Deposit,9.0,0,Transient,90.95,0,2
City Hotel,1,228,2016,October,43,17,1,3,2,0.0,0,BB,DEU,Online TA,TA/TO,0,0,0,A,A,0,No Deposit,9.0,0,Transient,90.95,0,2
City Hotel,1,4,2016,October,43,17,1,4,2,0.0,0,BB,FRA,Online TA,TA/TO,0,0,0,A,A,0,No Deposit,9.0,0,Transient,160.0,0,1
City Hotel,1,56,2016,October,43,17,1,4,2,0.0,0,BB,ISR,Online TA,TA/TO,0,0,0,D,D,0,No Deposit,9.0,0,Transient,139.5,0,0
City Hotel,1,103,2016,October,43,17,1,4,2,0.0,0,BB,USA,Online TA,TA/TO,0,0,0,A,A,0,No Deposit,9.0,0,Transient,118.8,0,3
City Hotel,1,218,2016,October,43,17,1,4,2,0.0,0,BB,NLD,Online TA,TA/TO,0,0,0,A,A,0,No Deposit,9.0,0,Transient,90.95,0,0
City Hotel,1,7,2016,October,43,17,1,5,2,0.0,0,SC,FRA,Online TA,TA/TO,0,0,0,A,A,0,No Deposit,9.0,0,Transient,140.0,0,1
City Hotel,1,51,2016,October,43,17,1,5,2,0.0,0,BB,FRA,Online TA,TA/TO,0,0,0,D,D,0,No Deposit,9.0,0,Transient,139.5,0,2
City Hotel,1,97,2016,October,43,17,2,5,2,0.0,0,SC,BRA,Online TA,TA/TO,0,0,0,A,A,0,No Deposit,9.0,0,Transient,108.0,0,0
City Hotel,1,71,2016,October,43,18,0,1,2,0.0,0,HB,ISR,Online TA,TA/TO,0,0,0,A,A,0,No Deposit,9.0,0,Transient,153.0,0,2
City Hotel,1,72,2016,October,43,18,0,2,2,0.0,0,SC,ISR,Online TA,TA/TO,0,0,0,A,A,0,No Deposit,9.0,0,Transient,108.0,0,1
City Hotel,1,72,2016,October,43,18,0,2,2,0.0,0,SC,ISR,Online TA,TA/TO,0,0,0,A,A,0,No Deposit,9.0,0,Transient,117.0,0,1
City Hotel,1,205,2016,October,43,18,0,4,2,0.0,0,SC,ROU,Online TA,TA/TO,0,0,0,A,A,0,No Deposit,9.0,0,Transient,85.5,0,2
City Hotel,1,205,2016,October,43,18,0,4,2,0.0,0,SC,ROU,Online TA,TA/TO,0,0,0,A,A,0,No Deposit,9.0,0,Transient,85.5,0,2
City Hotel,1,205,2016,October,43,18,0,4,2,0.0,0,SC,ROU,Online TA,TA/TO,0,0,0,A,A,0,No Deposit,9.0,0,Transient,85.5,0,2
City Hotel,1,68,2016,October,43,18,0,3,2,0.0,0,BB,NLD,Online TA,TA/TO,0,0,0,D,D,0,No Deposit,9.0,0,Transient,132.3,0,2
City Hotel,1,205,2016,October,43,18,0,4,2,0.0,0,SC,ROU,Online TA,TA/TO,0,0,0,A,A,0,No Deposit,9.0,0,Transient,85.5,0,2
City Hotel,1,256,2016,October,43,18,2,5,2,0.0,0,SC,DZA,Online TA,TA/TO,0,0,0,A,A,0,No Deposit,9.0,0,Transient,83.18,0,1
City Hotel,1,50,2016,October,43,19,0,1,2,0.0,0,SC,FRA,Online TA,TA/TO,0,0,0,A,A,0,No Deposit,9.0,0,Transient,108.0,0,1
City Hotel,1,50,2016,October,43,19,0,1,2,0.0,0,SC,FRA,Online TA,TA/TO,0,0,0,A,A,0,No Deposit,9.0,0,Transient,108.0,0,1
City Hotel,1,58,2016,October,43,19,0,1,2,0.0,0,SC,CN,Online TA,TA/TO,0,0,0,A,A,0,No Deposit,9.0,0,Transient,108.0,0,2
City Hotel,1,31,2016,October,43,19,0,1,2,0.0,0,BB,PRT,Online TA,TA/TO,0,0,0,F,F,0,No Deposit,7.0,0,Transient,168.63,0,0
City Hotel,1,46,2016,October,43,19,0,2,2,0.0,0,SC,GBR,Online TA,TA/TO,0,0,0,A,A,0,No Deposit,9.0,0,Transient,107.55,0,2
City Hotel,1,230,2016,October,43,19,0,3,2,0.0,0,BB,FRA,Online TA,TA/TO,0,0,0,A,A,0,No Deposit,9.0,0,Transient,96.3,0,0
City Hotel,1,59,2016,October,43,19,0,3,2,0.0,0,BB,ISR,Online TA,TA/TO,0,0,0,D,D,3,No Deposit,9.0,0,Transient,139.5,0,1
City Hotel,1,210,2016,October,43,19,0,4,2,0.0,0,BB,GBR,Online TA,TA/TO,0,0,0,A,A,0,No Deposit,9.0,0,Transient,96.3,0,0
City Hotel,1,38,2016,October,43,19,0,3,2,0.0,0,BB,AUT,Online TA,TA/TO,0,0,0,D,D,0,No Deposit,9.0,0,Transient,161.33,0,1
City Hotel,1,67,2016,October,43,19,0,4,2,0.0,0,BB,PRT,Online TA,TA/TO,0,0,0,D,D,0,No Deposit,7.0,0,Transient,117.6,0,0
City Hotel,1,29,2016,October,43,19,0,4,2,0.0,0,SC,NLD,Online TA,TA/TO,0,0,0,A,A,0,No Deposit,9.0,0,Transient,119.0,0,2
City Hotel,1,210,2016,October,43,19,0,4,2,0.0,0,BB,GBR,Online TA,TA/TO,0,0,0,A,A,0,No Deposit,9.0,0,Transient,96.3,0,2
City Hotel,1,67,2016,October,43,19,0,4,2,0.0,0,BB,PRT,Online TA,TA/TO,0,0,0,D,D,0,No Deposit,7.0,0,Transient,117.6,0,0
City Hotel,1,154,2016,October,43,19,0,4,2,0.0,0,SC,FRA,Online TA,TA/TO,0,0,0,A,A,0,No Deposit,9.0,0,Transient,108.0,0,1
City Hotel,1,153,2016,October,43,19,0,4,2,0.0,0,BB,PRT,Offline TA/TO,TA/TO,0,0,0,A,A,0,No Deposit,83.0,0,Transient,89.76,0,0
City Hotel,1,67,2016,October,43,19,0,4,2,0.0,0,BB,PRT,Online TA,TA/TO,0,0,0,D,D,0,No Deposit,7.0,0,Transient,117.6,0,0
City Hotel,0,287,2016,October,43,19,1,4,2,0.0,0,BB,DEU,Online TA,TA/TO,0,0,0,A,A,0,No Deposit,9.0,0,Transient,90.95,0,1
City Hotel,1,146,2016,October,43,19,1,4,2,0.0,0,BB,FRA,Online TA,TA/TO,0,0,0,D,D,0,No Deposit,9.0,0,Transient,132.3,0,2
City Hotel,1,43,2016,October,43,20,0,1,2,0.0,0,BB,PRT,Offline TA/TO,TA/TO,0,0,0,A,A,0,No Deposit,118.0,0,Transient,85.5,0,1
City Hotel,1,50,2016,October,43,20,0,1,2,0.0,0,SC,FRA,Online TA,TA/TO,0,0,0,A,A,0,No Deposit,9.0,0,Transient,89.1,0,0
City Hotel,1,468,2016,October,43,20,0,2,2,0.0,0,BB,PRT,Groups,TA/TO,0,0,0,A,A,0,Non Refund,1.0,0,Transient,62.0,0,0
City Hotel,1,468,2016,October,43,20,0,2,2,0.0,0,BB,PRT,Groups,TA/TO,0,0,0,A,A,0,Non Refund,1.0,0,Transient,62.0,0,0
City Hotel,1,468,2016,October,43,20,0,2,2,0.0,0,BB,PRT,Groups,TA/TO,0,0,0,A,A,0,Non Refund,1.0,0,Transient,62.0,0,0
City Hotel,1,468,2016,October,43,20,0,2,2,0.0,0,BB,PRT,Groups,TA/TO,0,0,0,A,A,0,Non Refund,1.0,0,Transient,62.0,0,0
City Hotel,1,468,2016,October,43,20,0,2,2,0.0,0,BB,PRT,Groups,TA/TO,0,0,0,A,A,0,Non Refund,1.0,0,Transient,62.0,0,0
City Hotel,1,468,2016,October,43,20,0,2,2,0.0,0,BB,PRT,Groups,TA/TO,0,0,0,A,A,0,Non Refund,1.0,0,Transient,62.0,0,0
City Hotel,1,468,2016,October,43,20,0,2,2,0.0,0,BB,PRT,Groups,TA/TO,0,0,0,A,A,0,Non Refund,1.0,0,Transient,62.0,0,0
City Hotel,1,468,2016,October,43,20,0,2,2,0.0,0,BB,PRT,Groups,TA/TO,0,0,0,A,A,0,Non Refund,1.0,0,Transient,62.0,0,0
City Hotel,1,23,2016,October,43,20,0,2,2,0.0,0,SC,GBR,Online TA,TA/TO,0,0,0,A,A,0,No Deposit,9.0,0,Transient,119.0,0,1
City Hotel,1,468,2016,October,43,20,0,2,2,0.0,0,BB,PRT,Groups,TA/TO,0,0,0,A,A,0,Non Refund,1.0,0,Transient,62.0,0,0
City Hotel,1,468,2016,October,43,20,0,2,2,0.0,0,BB,PRT,Groups,TA/TO,0,0,0,A,A,0,Non Refund,1.0,0,Transient,62.0,0,0
City Hotel,1,468,2016,October,43,20,0,2,2,0.0,0,BB,PRT,Groups,TA/TO,0,0,0,A,A,0,Non Refund,1.0,0,Transient,62.0,0,0
City Hotel,1,468,2016,October,43,20,0,2,2,0.0,0,BB,PRT,Groups,TA/TO,0,0,0,A,A,0,Non Refund,1.0,0,Transient,62.0,0,0
City Hotel,1,468,2016,October,43,20,0,2,2,0.0,0,BB,PRT,Groups,TA/TO,0,0,0,A,A,0,Non Refund,1.0,0,Transient,62.0,0,0
City Hotel,1,23,2016,October,43,20,0,2,2,0.0,0,SC,GBR,Online TA,TA/TO,0,0,0,A,A,0,No Deposit,9.0,0,Transient,119.0,0,1
City Hotel,1,468,2016,October,43,20,0,2,2,0.0,0,BB,PRT,Groups,TA/TO,0,0,0,A,A,0,Non Refund,1.0,0,Transient,62.0,0,0
City Hotel,1,468,2016,October,43,20,0,2,2,0.0,0,BB,PRT,Groups,TA/TO,0,0,0,A,A,0,Non Refund,1.0,0,Transient,62.0,0,0
City Hotel,1,468,2016,October,43,20,0,2,2,0.0,0,BB,PRT,Groups,TA/TO,0,0,0,A,A,0,Non Refund,1.0,0,Transient,62.0,0,0
City Hotel,1,468,2016,October,43,20,0,2,2,0.0,0,BB,PRT,Groups,TA/TO,0,0,0,A,A,0,Non Refund,1.0,0,Transient,62.0,0,0
City Hotel,1,468,2016,October,43,20,0,2,2,0.0,0,BB,PRT,Groups,TA/TO,0,0,0,A,A,0,Non Refund,1.0,0,Transient,62.0,0,0
City Hotel,1,468,2016,October,43,20,0,2,2,0.0,0,BB,PRT,Groups,TA/TO,0,0,0,A,A,0,Non Refund,1.0,0,Transient,62.0,0,0
City Hotel,1,468,2016,October,43,20,0,2,2,0.0,0,BB,PRT,Groups,TA/TO,0,0,0,A,A,0,Non Refund,1.0,0,Transient,62.0,0,0
City Hotel,1,23,2016,October,43,20,0,2,2,0.0,0,SC,GBR,Online TA,TA/TO,0,0,0,A,A,0,No Deposit,9.0,0,Transient,119.0,0,1
City Hotel,1,468,2016,October,43,20,0,2,2,0.0,0,BB,PRT,Groups,TA/TO,0,0,0,A,A,0,Non Refund,1.0,0,Transient,62.0,0,0
City Hotel,1,468,2016,October,43,20,0,2,2,0.0,0,BB,PRT,Groups,TA/TO,0,0,0,A,A,0,Non Refund,1.0,0,Transient,62.0,0,0
City Hotel,1,468,2016,October,43,20,0,2,2,0.0,0,BB,PRT,Groups,TA/TO,0,0,0,A,A,0,Non Refund,1.0,0,Transient,62.0,0,0
City Hotel,1,23,2016,October,43,20,0,2,2,0.0,0,SC,GBR,Online TA,TA/TO,0,0,0,A,A,0,No Deposit,9.0,0,Transient,119.0,0,1
City Hotel,1,468,2016,October,43,20,0,2,2,0.0,0,BB,PRT,Groups,TA/TO,0,0,0,A,A,0,Non Refund,1.0,0,Transient,62.0,0,0
City Hotel,1,468,2016,October,43,20,0,2,2,0.0,0,BB,PRT,Groups,TA/TO,0,0,0,A,A,0,Non Refund,1.0,0,Transient,62.0,0,0
City Hotel,1,468,2016,October,43,20,0,2,2,0.0,0,BB,PRT,Groups,TA/TO,0,0,0,A,A,0,Non Refund,1.0,0,Transient,62.0,0,0
City Hotel,1,468,2016,October,43,20,0,2,2,0.0,0,BB,PRT,Groups,TA/TO,0,0,0,A,A,0,Non Refund,1.0,0,Transient,62.0,0,0
City Hotel,1,23,2016,October,43,20,0,2,2,0.0,0,SC,GBR,Online TA,TA/TO,0,0,0,A,A,0,No Deposit,9.0,0,Transient,119.0,0,1
City Hotel,1,468,2016,October,43,20,0,2,2,0.0,0,BB,PRT,Groups,TA/TO,0,0,0,A,A,0,Non Refund,1.0,0,Transient,62.0,0,0
City Hotel,1,468,2016,October,43,20,0,2,2,0.0,0,BB,PRT,Groups,TA/TO,0,0,0,A,A,0,Non Refund,1.0,0,Transient,62.0,0,0
City Hotel,1,109,2016,October,43,20,0,3,2,0.0,0,BB,GBR,Online TA,TA/TO,0,0,0,A,A,0,No Deposit,9.0,0,Transient,118.8,0,0
City Hotel,1,155,2016,October,43,20,0,3,2,0.0,0,BB,PRT,Offline TA/TO,TA/TO,0,0,0,A,C,0,No Deposit,57.0,0,Transient,97.2,0,0
City Hotel,1,468,2016,October,43,20,0,2,2,0.0,0,BB,PRT,Groups,TA/TO,0,0,0,A,A,0,Non Refund,1.0,0,Transient,62.0,0,0
City Hotel,1,163,2016,October,43,20,0,3,2,0.0,0,BB,PRT,Direct,Direct,0,0,0,A,A,0,Non Refund,,0,Transient,100.0,0,0
City Hotel,1,91,2016,October,43,20,0,3,2,0.0,0,BB,IRL,Online TA,TA/TO,0,0,0,D,D,0,No Deposit,9.0,0,Transient,132.3,0,2
City Hotel,1,95,2016,October,43,20,0,3,2,0.0,0,BB,GBR,Online TA,TA/TO,0,0,0,D,D,2,No Deposit,9.0,0,Transient,132.3,0,0
City Hotel,1,163,2016,October,43,20,0,3,2,0.0,0,BB,PRT,Direct,Direct,0,0,0,A,A,0,Non Refund,,0,Transient,100.0,0,0
City Hotel,1,163,2016,October,43,20,0,3,2,0.0,0,BB,PRT,Direct,Direct,0,0,0,A,A,0,Non Refund,,0,Transient,100.0,0,0
City Hotel,1,250,2016,October,43,20,0,3,2,0.0,0,BB,ITA,Online TA,TA/TO,0,0,0,A,A,0,No Deposit,9.0,0,Transient,96.3,0,0
City Hotel,1,37,2016,October,43,20,0,3,2,0.0,0,BB,ISR,Online TA,TA/TO,0,0,0,A,A,0,No Deposit,9.0,0,Transient,146.33,0,1
City Hotel,1,163,2016,October,43,20,0,3,2,0.0,0,BB,PRT,Direct,Direct,0,0,0,A,A,0,Non Refund,,0,Transient,100.0,0,0
City Hotel,1,163,2016,October,43,20,0,3,2,0.0,0,BB,PRT,Direct,Direct,0,0,0,A,A,0,Non Refund,,0,Transient,100.0,0,0
City Hotel,1,63,2016,October,43,20,0,3,2,0.0,0,BB,CHN,Online TA,TA/TO,0,0,0,D,D,0,No Deposit,9.0,0,Transient,125.55,0,0
City Hotel,1,58,2016,October,43,20,0,3,2,0.0,0,BB,ITA,Online TA,TA/TO,0,0,0,D,D,0,No Deposit,9.0,0,Transient,139.5,0,1
City Hotel,1,95,2016,October,43,20,0,3,2,0.0,0,BB,GBR,Online TA,TA/TO,0,0,0,D,D,3,No Deposit,9.0,0,Transient,132.3,0,0
City Hotel,1,91,2016,October,43,20,0,3,2,0.0,0,BB,IRL,Online TA,TA/TO,0,0,0,D,D,0,No Deposit,9.0,0,Transient,132.3,0,2
City Hotel,1,88,2016,October,43,20,0,3,2,0.0,0,BB,GBR,Online TA,TA/TO,0,0,0,D,D,0,No Deposit,9.0,0,Transient,132.3,0,1
City Hotel,1,55,2016,October,43,20,0,3,2,0.0,0,BB,IRL,Online TA,TA/TO,0,0,0,D,D,0,No Deposit,9.0,0,Transient,139.5,0,2
City Hotel,1,174,2016,October,43,20,0,3,2,0.0,0,BB,PRT,Direct,Direct,0,0,0,A,A,0,Non Refund,,11,Transient,50.0,0,0
City Hotel,1,163,2016,October,43,20,0,3,2,0.0,0,BB,PRT,Direct,Direct,0,0,0,A,A,0,Non Refund,,0,Transient,100.0,0,0
City Hotel,1,91,2016,October,43,20,0,3,2,0.0,0,BB,IRL,Online TA,TA/TO,0,0,0,D,D,0,No Deposit,9.0,0,Transient,132.3,0,2
City Hotel,1,163,2016,October,43,20,0,3,2,0.0,0,BB,PRT,Direct,Direct,0,0,0,A,A,0,Non Refund,,0,Transient,100.0,0,0
City Hotel,1,91,2016,October,43,20,0,3,2,0.0,0,BB,IRL,Online TA,TA/TO,0,0,0,D,D,0,No Deposit,9.0,0,Transient,132.3,0,2
City Hotel,1,72,2016,October,43,20,0,3,2,0.0,0,BB,DEU,Online TA,TA/TO,0,0,0,A,A,0,No Deposit,9.0,0,Transient,118.8,0,2
City Hotel,1,43,2016,October,43,20,0,3,2,0.0,0,BB,BEL,Online TA,TA/TO,0,0,0,A,A,0,No Deposit,9.0,0,Transient,146.33,0,2
City Hotel,1,174,2016,October,43,20,0,3,2,0.0,0,BB,PRT,Direct,Direct,0,0,0,A,A,0,Non Refund,,11,Transient,100.0,0,0
City Hotel,1,163,2016,October,43,20,0,3,2,0.0,0,BB,PRT,Direct,Direct,0,0,0,A,A,0,Non Refund,,0,Transient,100.0,0,0
City Hotel,1,183,2016,October,43,20,1,3,2,0.0,0,SC,GBR,Online TA,TA/TO,0,0,0,A,A,0,No Deposit,9.0,0,Transient,85.5,0,0
City Hotel,1,277,2016,October,43,20,1,3,2,0.0,0,BB,ITA,Online TA,TA/TO,0,0,0,A,A,0,No Deposit,9.0,0,Transient,93.08,0,0
City Hotel,0,290,2016,October,43,20,2,3,2,0.0,0,BB,CHE,Online TA,TA/TO,0,0,0,A,A,3,No Deposit,9.0,0,Transient-Party,90.95,0,0
City Hotel,0,290,2016,October,43,20,2,3,2,0.0,0,BB,CHE,Online TA,TA/TO,0,0,0,A,A,3,No Deposit,9.0,0,Transient-Party,90.95,0,0
City Hotel,1,277,2016,October,43,20,2,3,2,0.0,0,SC,GBR,Online TA,TA/TO,0,0,0,A,A,0,No Deposit,9.0,0,Transient,84.15,0,0
City Hotel,0,290,2016,October,43,20,2,3,2,0.0,0,BB,CHE,Online TA,TA/TO,0,0,0,A,A,3,No Deposit,9.0,0,Transient-Party,90.95,0,0
City Hotel,0,290,2016,October,43,20,2,3,2,0.0,0,BB,CHE,Online TA,TA/TO,0,0,0,A,A,3,No Deposit,9.0,0,Transient-Party,90.95,0,0
City Hotel,1,91,2016,October,43,20,2,4,2,0.0,0,BB,BRA,Online TA,TA/TO,0,0,0,D,D,0,No Deposit,9.0,0,Transient,127.65,0,1
City Hotel,1,101,2016,October,43,21,0,1,2,0.0,0,HB,FRA,Online TA,TA/TO,0,0,0,A,A,0,No Deposit,9.0,0,Transient,153.0,0,2
City Hotel,1,192,2016,October,43,21,0,2,2,0.0,0,BB,PRT,Groups,TA/TO,0,0,0,A,A,0,No Deposit,29.0,0,Transient-Party,95.0,0,0
City Hotel,1,192,2016,October,43,21,0,2,2,0.0,0,BB,PRT,Groups,TA/TO,0,0,0,A,A,0,No Deposit,29.0,0,Transient-Party,95.0,0,0
City Hotel,1,263,2016,October,43,21,0,2,2,0.0,0,BB,PRT,Offline TA/TO,TA/TO,0,0,0,A,A,0,Non Refund,31.0,0,Transient,110.0,0,0
City Hotel,1,263,2016,October,43,21,0,2,2,0.0,0,BB,PRT,Offline TA/TO,TA/TO,0,0,0,A,A,0,Non Refund,31.0,0,Transient,110.0,0,0
City Hotel,1,279,2016,October,43,21,0,2,2,0.0,0,BB,PRT,Groups,TA/TO,0,0,0,A,A,0,Non Refund,1.0,0,Transient,65.0,0,0
City Hotel,1,279,2016,October,43,21,0,2,2,0.0,0,BB,PRT,Groups,TA/TO,0,0,0,A,A,0,Non Refund,1.0,0,Transient,65.0,0,0
City Hotel,1,263,2016,October,43,21,0,2,2,0.0,0,BB,PRT,Offline TA/TO,TA/TO,0,0,0,A,A,0,Non Refund,31.0,0,Transient,110.0,0,0
City Hotel,1,263,2016,October,43,21,0,2,2,0.0,0,BB,PRT,Offline TA/TO,TA/TO,0,0,0,A,A,0,Non Refund,31.0,0,Transient,110.0,0,0
City Hotel,1,279,2016,October,43,21,0,2,2,0.0,0,BB,PRT,Groups,TA/TO,0,0,0,A,A,0,Non Refund,1.0,0,Transient,65.0,0,0
City Hotel,1,263,2016,October,43,21,0,2,2,0.0,0,BB,PRT,Offline TA/TO,TA/TO,0,0,0,A,A,0,Non Refund,31.0,0,Transient,110.0,0,0
City Hotel,1,263,2016,October,43,21,0,2,2,0.0,0,BB,PRT,Offline TA/TO,TA/TO,0,0,0,A,A,0,Non Refund,31.0,0,Transient,110.0,0,0
City Hotel,1,457,2016,October,43,21,0,2,2,0.0,0,BB,PRT,Groups,TA/TO,0,0,0,A,A,0,Non Refund,1.0,391,Transient,65.0,0,0
City Hotel,1,457,2016,October,43,21,0,2,2,0.0,0,BB,PRT,Groups,TA/TO,0,0,0,A,A,0,Non Refund,1.0,391,Transient,65.0,0,0
City Hotel,1,279,2016,October,43,21,0,2,2,0.0,0,BB,PRT,Groups,TA/TO,0,0,0,A,A,0,Non Refund,1.0,0,Transient,65.0,0,0
City Hotel,1,74,2016,October,43,21,0,2,2,0.0,0,BB,ESP,Online TA,TA/TO,0,0,0,D,D,0,No Deposit,9.0,0,Transient,132.3,0,0
City Hotel,1,192,2016,October,43,21,0,2,2,0.0,0,BB,PRT,Groups,TA/TO,0,0,0,A,A,0,No Deposit,29.0,0,Transient-Party,95.0,0,0
City Hotel,1,192,2016,October,43,21,0,2,2,0.0,0,BB,PRT,Groups,TA/TO,0,0,0,A,A,0,No Deposit,29.0,0,Transient-Party,95.0,0,0
City Hotel,1,192,2016,October,43,21,0,2,2,0.0,0,BB,PRT,Groups,TA/TO,0,0,0,A,A,0,No Deposit,29.0,0,Transient-Party,95.0,0,0
City Hotel,1,29,2016,October,43,21,0,2,2,0.0,0,BB,AUT,Online TA,TA/TO,0,0,0,A,A,0,No Deposit,9.0,0,Transient,139.0,0,0
City Hotel,1,457,2016,October,43,21,0,2,2,0.0,0,BB,PRT,Groups,TA/TO,0,0,0,A,A,0,Non Refund,1.0,391,Transient,65.0,0,0
City Hotel,1,457,2016,October,43,21,0,2,2,0.0,0,BB,PRT,Groups,TA/TO,0,0,0,A,B,1,Non Refund,1.0,391,Transient,65.0,0,0
City Hotel,1,263,2016,October,43,21,0,2,2,0.0,0,BB,PRT,Offline TA/TO,TA/TO,0,0,0,A,A,0,Non Refund,31.0,0,Transient,110.0,0,0
City Hotel,1,279,2016,October,43,21,0,2,2,0.0,0,BB,PRT,Groups,TA/TO,0,0,0,A,A,0,Non Refund,1.0,0,Transient,65.0,0,0
City Hotel,1,263,2016,October,43,21,0,2,2,0.0,0,BB,PRT,Offline TA/TO,TA/TO,0,0,0,A,A,0,Non Refund,31.0,0,Transient,110.0,0,0
City Hotel,1,279,2016,October,43,21,0,2,2,0.0,0,BB,PRT,Groups,TA/TO,0,0,0,A,A,0,Non Refund,1.0,0,Transient,65.0,0,0
City Hotel,1,457,2016,October,43,21,0,2,2,0.0,0,BB,PRT,Groups,TA/TO,0,0,0,A,A,0,Non Refund,1.0,391,Transient,65.0,0,0
City Hotel,1,457,2016,October,43,21,0,2,2,0.0,0,BB,PRT,Groups,TA/TO,0,0,0,A,A,0,Non Refund,1.0,391,Transient,65.0,0,0
City Hotel,1,263,2016,October,43,21,0,2,2,0.0,0,BB,PRT,Offline TA/TO,TA/TO,0,0,0,A,A,0,Non Refund,31.0,0,Transient,110.0,0,0
City Hotel,1,279,2016,October,43,21,0,2,2,0.0,0,BB,PRT,Groups,TA/TO,0,0,0,A,A,0,Non Refund,1.0,0,Transient,65.0,0,0
City Hotel,1,279,2016,October,43,21,0,2,2,0.0,0,BB,PRT,Groups,TA/TO,0,0,0,A,A,0,Non Refund,1.0,0,Transient,65.0,0,0
City Hotel,1,457,2016,October,43,21,0,2,2,0.0,0,BB,PRT,Groups,TA/TO,0,0,0,A,A,0,Non Refund,1.0,391,Transient,65.0,0,0
City Hotel,1,457,2016,October,43,21,0,2,2,0.0,0,BB,PRT,Groups,TA/TO,0,0,0,A,A,0,Non Refund,1.0,391,Transient,65.0,0,0
City Hotel,1,279,2016,October,43,21,0,2,2,0.0,0,BB,PRT,Groups,TA/TO,0,0,0,A,A,0,Non Refund,1.0,0,Transient,65.0,0,0
City Hotel,1,279,2016,October,43,21,0,2,2,0.0,0,BB,PRT,Groups,TA/TO,0,0,0,A,A,0,Non Refund,1.0,0,Transient,65.0,0,0
City Hotel,1,263,2016,October,43,21,0,2,2,0.0,0,BB,PRT,Offline TA/TO,TA/TO,0,0,0,A,A,0,Non Refund,31.0,0,Transient,110.0,0,0
City Hotel,1,263,2016,October,43,21,0,2,2,0.0,0,BB,PRT,Offline TA/TO,TA/TO,0,0,0,A,A,0,Non Refund,31.0,0,Transient,110.0,0,0
City Hotel,1,263,2016,October,43,21,0,2,2,0.0,0,BB,PRT,Offline TA/TO,TA/TO,0,0,0,A,A,0,Non Refund,31.0,0,Transient,110.0,0,0
City Hotel,1,263,2016,October,43,21,0,2,2,0.0,0,BB,PRT,Offline TA/TO,TA/TO,0,0,0,A,A,0,Non Refund,31.0,0,Transient,110.0,0,0
City Hotel,1,192,2016,October,43,21,0,2,2,0.0,0,BB,PRT,Groups,TA/TO,0,0,0,A,A,0,No Deposit,29.0,0,Transient-Party,95.0,0,0
City Hotel,1,192,2016,October,43,21,0,2,2,0.0,0,BB,PRT,Groups,TA/TO,0,0,0,A,A,0,No Deposit,29.0,0,Transient-Party,95.0,0,0
City Hotel,1,457,2016,October,43,21,0,2,2,0.0,0,BB,PRT,Groups,TA/TO,0,0,0,A,A,0,Non Refund,1.0,391,Transient,65.0,0,0
City Hotel,1,192,2016,October,43,21,0,2,2,0.0,0,BB,PRT,Groups,TA/TO,0,0,0,A,A,0,No Deposit,29.0,0,Transient-Party,95.0,0,0
City Hotel,1,192,2016,October,43,21,0,2,2,0.0,0,BB,PRT,Groups,TA/TO,0,0,0,A,A,0,No Deposit,29.0,0,Transient-Party,95.0,0,0
City Hotel,1,29,2016,October,43,21,0,2,2,0.0,0,BB,PRT,Online TA,TA/TO,0,0,0,A,A,0,No Deposit,9.0,0,Transient,139.0,0,2
City Hotel,1,457,2016,October,43,21,0,2,2,0.0,0,BB,PRT,Groups,TA/TO,0,0,0,A,A,0,Non Refund,1.0,391,Transient,65.0,0,0
City Hotel,1,457,2016,October,43,21,0,2,2,0.0,0,BB,PRT,Groups,TA/TO,0,0,0,A,A,0,Non Refund,1.0,391,Transient,65.0,0,0
City Hotel,1,279,2016,October,43,21,0,2,2,0.0,0,BB,PRT,Groups,TA/TO,0,0,0,A,A,0,Non Refund,1.0,0,Transient,65.0,0,0
City Hotel,1,263,2016,October,43,21,0,2,2,0.0,0,BB,PRT,Offline TA/TO,TA/TO,0,0,0,A,A,0,Non Refund,31.0,0,Transient,110.0,0,0
City Hotel,1,457,2016,October,43,21,0,2,2,0.0,0,BB,PRT,Groups,TA/TO,0,0,0,A,A,0,Non Refund,1.0,391,Transient,65.0,0,0
City Hotel,1,279,2016,October,43,21,0,2,2,0.0,0,BB,PRT,Groups,TA/TO,0,0,0,A,A,0,Non Refund,1.0,0,Transient,65.0,0,0
City Hotel,1,279,2016,October,43,21,0,2,2,0.0,0,BB,PRT,Groups,TA/TO,0,0,0,A,A,0,Non Refund,1.0,0,Transient,65.0,0,0
City Hotel,1,1,2016,October,43,21,0,2,2,0.0,0,BB,PRT,Direct,Direct,0,0,0,A,A,0,No Deposit,,0,Transient,130.0,0,0
City Hotel,1,279,2016,October,43,21,0,2,2,0.0,0,BB,PRT,Groups,TA/TO,0,0,0,A,A,0,Non Refund,1.0,0,Transient,65.0,0,0
City Hotel,1,263,2016,October,43,21,0,2,2,0.0,0,BB,PRT,Offline TA/TO,TA/TO,0,0,0,A,A,0,Non Refund,31.0,0,Transient,110.0,0,0
City Hotel,1,263,2016,October,43,21,0,2,2,0.0,0,BB,PRT,Offline TA/TO,TA/TO,0,0,0,A,A,0,Non Refund,31.0,0,Transient,110.0,0,0
City Hotel,1,457,2016,October,43,21,0,2,2,0.0,0,BB,PRT,Groups,TA/TO,0,0,0,A,A,0,Non Refund,1.0,391,Transient,65.0,0,0
City Hotel,1,279,2016,October,43,21,0,2,2,0.0,0,BB,PRT,Groups,TA/TO,0,0,0,A,A,0,Non Refund,1.0,0,Transient,65.0,0,0
City Hotel,1,279,2016,October,43,21,0,2,2,0.0,0,BB,PRT,Groups,TA/TO,0,0,0,A,A,0,Non Refund,1.0,0,Transient,65.0,0,0
City Hotel,1,457,2016,October,43,21,0,2,2,0.0,0,BB,PRT,Groups,TA/TO,0,0,0,A,A,0,Non Refund,1.0,391,Transient,65.0,0,0
City Hotel,1,263,2016,October,43,21,0,2,2,0.0,0,BB,PRT,Offline TA/TO,TA/TO,0,0,0,A,A,0,Non Refund,31.0,0,Transient,110.0,0,0
City Hotel,1,74,2016,October,43,21,0,2,2,0.0,0,BB,ESP,Online TA,TA/TO,0,0,0,D,D,0,No Deposit,9.0,0,Transient,132.3,0,0
City Hotel,1,0,2016,October,43,21,0,2,2,0.0,0,BB,AGO,Direct,Direct,0,0,0,D,D,0,No Deposit,14.0,0,Transient,145.0,0,0
City Hotel,1,23,2016,October,43,21,0,2,2,0.0,0,BB,CHE,Online TA,TA/TO,0,0,0,A,A,0,No Deposit,9.0,0,Transient,140.0,0,0
City Hotel,1,192,2016,October,43,21,0,2,2,0.0,0,BB,PRT,Groups,TA/TO,0,0,0,A,A,0,No Deposit,29.0,0,Transient-Party,95.0,0,0
City Hotel,1,192,2016,October,43,21,0,2,2,0.0,0,BB,PRT,Groups,TA/TO,0,0,0,A,A,0,No Deposit,29.0,0,Transient-Party,95.0,0,0
City Hotel,1,279,2016,October,43,21,0,2,2,0.0,0,BB,PRT,Groups,TA/TO,0,0,0,A,A,0,Non Refund,1.0,0,Transient,65.0,0,0
City Hotel,1,279,2016,October,43,21,0,2,2,0.0,0,BB,PRT,Groups,TA/TO,0,0,0,A,A,0,Non Refund,1.0,0,Transient,65.0,0,0
City Hotel,1,155,2016,October,43,21,0,2,2,0.0,0,BB,PRT,Offline TA/TO,TA/TO,0,0,0,A,A,0,No Deposit,83.0,0,Transient,89.76,0,0
City Hotel,1,74,2016,October,43,21,0,2,2,0.0,0,BB,ESP,Online TA,TA/TO,0,0,0,D,D,0,No Deposit,9.0,0,Transient,132.3,0,0
City Hotel,1,279,2016,October,43,21,0,2,2,0.0,0,BB,PRT,Groups,TA/TO,0,0,0,A,A,0,Non Refund,1.0,0,Transient,65.0,0,0
City Hotel,1,263,2016,October,43,21,0,2,2,0.0,0,BB,PRT,Offline TA/TO,TA/TO,0,0,0,A,A,0,Non Refund,31.0,0,Transient,110.0,0,0
City Hotel,1,263,2016,October,43,21,0,2,2,0.0,0,BB,PRT,Offline TA/TO,TA/TO,0,0,0,A,A,0,Non Refund,31.0,0,Transient,110.0,0,0
City Hotel,1,192,2016,October,43,21,0,2,2,0.0,0,BB,PRT,Groups,TA/TO,0,0,0,A,A,0,No Deposit,29.0,0,Transient-Party,95.0,0,0
City Hotel,1,192,2016,October,43,21,0,2,2,0.0,0,BB,PRT,Groups,TA/TO,0,0,0,A,A,0,No Deposit,29.0,0,Transient-Party,95.0,0,0
City Hotel,1,40,2016,October,43,21,0,2,2,0.0,0,BB,ITA,Online TA,TA/TO,0,0,0,D,D,0,No Deposit,9.0,0,Transient,175.0,0,0
City Hotel,1,41,2016,October,43,21,0,2,2,0.0,0,BB,ESP,Online TA,TA/TO,0,0,0,A,A,0,No Deposit,9.0,0,Transient,160.0,0,1
City Hotel,1,263,2016,October,43,21,0,2,2,0.0,0,BB,PRT,Offline TA/TO,TA/TO,0,0,0,A,A,0,Non Refund,31.0,0,Transient,110.0,0,0
City Hotel,1,457,2016,October,43,21,0,2,2,0.0,0,BB,PRT,Groups,TA/TO,0,0,0,A,B,1,Non Refund,1.0,391,Transient,65.0,0,0
City Hotel,1,279,2016,October,43,21,0,2,2,0.0,0,BB,PRT,Groups,TA/TO,0,0,0,A,A,0,Non Refund,1.0,0,Transient,65.0,0,0
City Hotel,1,240,2016,October,43,21,1,2,2,0.0,0,BB,PRT,Groups,TA/TO,0,0,0,A,A,0,Non Refund,37.0,0,Transient,110.0,0,0
City Hotel,1,240,2016,October,43,21,1,2,2,0.0,0,BB,PRT,Groups,TA/TO,0,0,0,A,A,0,Non Refund,37.0,0,Transient,110.0,0,0
City Hotel,1,103,2016,October,43,21,1,2,2,0.0,0,BB,FRA,Online TA,TA/TO,0,0,0,D,D,0,No Deposit,9.0,0,Transient,132.3,0,1
City Hotel,0,304,2016,October,43,21,1,2,2,0.0,0,BB,FRA,Online TA,TA/TO,0,0,0,A,A,0,No Deposit,7.0,0,Transient,74.15,0,0
City Hotel,1,240,2016,October,43,21,1,2,2,0.0,0,BB,PRT,Groups,TA/TO,0,0,0,A,A,0,Non Refund,37.0,0,Transient,110.0,0,0
City Hotel,1,240,2016,October,43,21,1,2,2,0.0,0,BB,PRT,Groups,TA/TO,0,0,0,A,A,0,Non Refund,37.0,0,Transient,110.0,0,0
City Hotel,1,240,2016,October,43,21,1,2,2,0.0,0,BB,PRT,Groups,TA/TO,0,0,0,A,A,0,Non Refund,37.0,0,Transient,110.0,0,0
City Hotel,1,240,2016,October,43,21,1,2,2,0.0,0,BB,PRT,Groups,TA/TO,0,0,0,A,A,0,Non Refund,37.0,0,Transient,110.0,0,0
City Hotel,1,240,2016,October,43,21,1,2,2,0.0,0,BB,PRT,Groups,TA/TO,0,0,0,A,A,0,Non Refund,37.0,0,Transient,110.0,0,0
City Hotel,1,240,2016,October,43,21,1,2,2,0.0,0,BB,PRT,Groups,TA/TO,0,0,0,A,A,0,Non Refund,37.0,0,Transient,110.0,0,0
City Hotel,1,240,2016,October,43,21,1,2,2,0.0,0,BB,PRT,Groups,TA/TO,0,0,0,A,A,0,Non Refund,37.0,0,Transient,110.0,0,0
City Hotel,0,304,2016,October,43,21,1,2,2,0.0,0,BB,FRA,Online TA,TA/TO,0,0,0,A,A,0,No Deposit,7.0,0,Transient,74.15,0,0
City Hotel,1,240,2016,October,43,21,1,2,2,0.0,0,BB,PRT,Groups,TA/TO,0,0,0,A,A,0,Non Refund,37.0,0,Transient,110.0,0,0
City Hotel,1,240,2016,October,43,21,1,2,2,0.0,0,BB,PRT,Groups,TA/TO,0,0,0,A,A,0,Non Refund,37.0,0,Transient,110.0,0,0
City Hotel,1,240,2016,October,43,21,1,2,2,0.0,0,BB,PRT,Groups,TA/TO,0,0,0,A,A,0,Non Refund,37.0,0,Transient,110.0,0,0
City Hotel,1,240,2016,October,43,21,1,2,2,0.0,0,BB,PRT,Groups,TA/TO,0,0,0,A,A,0,Non Refund,37.0,0,Transient,110.0,0,0
City Hotel,1,240,2016,October,43,21,1,2,2,0.0,0,BB,PRT,Groups,TA/TO,0,0,0,A,A,0,Non Refund,37.0,0,Transient,110.0,0,0
City Hotel,1,240,2016,October,43,21,1,2,2,0.0,0,BB,PRT,Groups,TA/TO,0,0,0,A,A,0,Non Refund,37.0,0,Transient,110.0,0,0
City Hotel,1,240,2016,October,43,21,1,2,2,0.0,0,BB,PRT,Groups,TA/TO,0,0,0,A,A,0,Non Refund,37.0,0,Transient,110.0,0,0
City Hotel,1,192,2016,October,43,21,1,2,2,0.0,0,BB,NLD,Online TA,TA/TO,0,0,0,A,A,0,No Deposit,9.0,0,Transient,96.3,0,0
City Hotel,1,240,2016,October,43,21,1,2,2,0.0,0,BB,PRT,Groups,TA/TO,0,0,0,A,A,0,Non Refund,37.0,0,Transient,110.0,0,0
City Hotel,1,240,2016,October,43,21,1,2,2,0.0,0,BB,PRT,Groups,TA/TO,0,0,0,A,A,0,Non Refund,37.0,0,Transient,110.0,0,0
City Hotel,1,240,2016,October,43,21,1,2,2,0.0,0,BB,PRT,Groups,TA/TO,0,0,0,A,A,0,Non Refund,37.0,0,Transient,110.0,0,0
City Hotel,1,240,2016,October,43,21,1,2,2,0.0,0,BB,PRT,Groups,TA/TO,0,0,0,A,A,0,Non Refund,37.0,0,Transient,110.0,0,0
City Hotel,1,240,2016,October,43,21,1,2,2,0.0,0,BB,PRT,Groups,TA/TO,0,0,0,A,A,0,Non Refund,37.0,0,Transient,110.0,0,0
City Hotel,1,240,2016,October,43,21,1,2,2,0.0,0,BB,PRT,Groups,TA/TO,0,0,0,A,A,0,Non Refund,37.0,0,Transient,110.0,0,0
City Hotel,0,304,2016,October,43,21,1,2,2,0.0,0,BB,FRA,Online TA,TA/TO,0,0,0,A,A,0,No Deposit,7.0,0,Transient,74.15,0,1
City Hotel,0,304,2016,October,43,21,1,2,2,0.0,0,BB,FRA,Online TA,TA/TO,0,0,0,A,A,0,No Deposit,7.0,0,Transient,74.15,0,0
City Hotel,1,240,2016,October,43,21,1,2,2,0.0,0,BB,PRT,Groups,TA/TO,0,0,0,A,A,0,Non Refund,37.0,0,Transient,110.0,0,0
City Hotel,1,240,2016,October,43,21,1,2,2,0.0,0,BB,PRT,Groups,TA/TO,0,0,0,A,A,0,Non Refund,37.0,0,Transient,110.0,0,0
City Hotel,1,192,2016,October,43,21,0,2,2,0.0,0,BB,PRT,Groups,TA/TO,0,0,0,A,A,0,No Deposit,29.0,0,Transient-Party,95.0,0,0
City Hotel,1,78,2016,October,43,21,2,2,2,0.0,0,BB,ISR,Online TA,TA/TO,0,0,0,D,D,0,No Deposit,9.0,0,Transient,132.3,0,0
City Hotel,1,78,2016,October,43,21,2,2,2,0.0,0,BB,ISR,Online TA,TA/TO,0,0,0,D,D,0,No Deposit,9.0,0,Transient,132.3,0,0
City Hotel,1,83,2016,October,43,21,2,3,2,0.0,0,BB,IND,Online TA,TA/TO,0,0,0,D,D,0,No Deposit,9.0,0,Transient,126.72,0,2
City Hotel,1,103,2016,October,43,21,2,3,2,0.0,0,BB,IRL,Online TA,TA/TO,0,0,0,D,D,0,No Deposit,9.0,0,Transient,126.72,0,0
City Hotel,1,81,2016,October,43,21,2,4,2,0.0,0,BB,FRA,Online TA,TA/TO,0,0,0,D,D,0,No Deposit,9.0,0,Transient,123.0,0,2
City Hotel,1,82,2016,October,43,21,2,4,2,0.0,0,BB,TUN,Online TA,TA/TO,0,0,0,D,D,0,No Deposit,9.0,0,Transient,123.0,0,2
City Hotel,1,105,2016,October,43,21,2,2,2,0.0,0,SC,DEU,Online TA,TA/TO,0,0,0,A,A,0,No Deposit,9.0,0,Transient,108.0,0,1
City Hotel,1,14,2016,October,43,22,0,1,2,0.0,0,BB,ITA,Online TA,TA/TO,0,0,0,A,A,0,No Deposit,9.0,0,Transient,160.0,0,0
City Hotel,1,14,2016,October,43,22,0,1,2,0.0,0,BB,ITA,Online TA,TA/TO,0,0,0,A,A,0,No Deposit,9.0,0,Transient,160.0,0,0
City Hotel,1,14,2016,October,43,22,0,1,2,0.0,0,BB,ITA,Online TA,TA/TO,0,0,0,A,A,0,No Deposit,9.0,0,Transient,160.0,0,0
City Hotel,1,119,2016,October,43,22,1,1,2,0.0,0,HB,ITA,Online TA,TA/TO,0,0,0,D,D,0,No Deposit,9.0,0,Transient,166.5,0,0
City Hotel,1,145,2016,October,43,22,1,1,2,0.0,0,HB,ITA,Online TA,TA/TO,0,0,0,A,A,0,No Deposit,9.0,0,Transient,153.0,0,0
City Hotel,1,145,2016,October,43,22,1,1,2,0.0,0,HB,ITA,Online TA,TA/TO,0,0,0,A,A,0,No Deposit,9.0,0,Transient,153.0,0,0
City Hotel,1,71,2016,October,43,22,1,1,2,0.0,0,BB,PRT,Offline TA/TO,TA/TO,0,0,0,D,D,0,No Deposit,39.0,0,Transient-Party,110.5,0,0
City Hotel,1,202,2016,October,43,22,2,1,2,0.0,0,BB,DEU,Online TA,TA/TO,0,0,0,D,D,0,No Deposit,9.0,0,Transient,109.8,0,0
City Hotel,1,202,2016,October,43,22,2,1,2,0.0,0,BB,DEU,Online TA,TA/TO,0,0,0,D,D,0,No Deposit,9.0,0,Transient,109.8,0,0
City Hotel,1,202,2016,October,43,22,2,1,2,0.0,0,BB,DEU,Online TA,TA/TO,0,0,0,D,D,0,No Deposit,9.0,0,Transient,109.8,0,0
City Hotel,1,229,2016,October,43,22,2,2,2,0.0,0,BB,PRT,Online TA,TA/TO,0,0,0,A,A,0,Non Refund,10.0,0,Transient,89.25,0,0
City Hotel,1,75,2016,October,43,22,2,2,2,0.0,0,BB,CHN,Online TA,TA/TO,0,0,0,D,D,0,No Deposit,9.0,0,Transient,112.79,0,1
City Hotel,1,93,2016,October,43,22,2,2,2,0.0,0,BB,FRA,Online TA,TA/TO,0,0,0,D,D,0,No Deposit,9.0,0,Transient,125.33,0,0
City Hotel,1,271,2016,October,43,22,2,2,2,0.0,0,BB,BRA,Online TA,TA/TO,0,0,0,A,A,0,No Deposit,9.0,0,Transient,95.2,0,0
City Hotel,1,229,2016,October,43,22,2,2,2,0.0,0,BB,PRT,Online TA,TA/TO,0,0,0,A,A,0,Non Refund,10.0,0,Transient,89.25,0,0
City Hotel,1,229,2016,October,43,22,2,2,2,0.0,0,BB,PRT,Online TA,TA/TO,0,0,0,A,A,0,Non Refund,10.0,0,Transient,89.25,0,0
City Hotel,1,229,2016,October,43,22,2,2,2,0.0,0,BB,PRT,Online TA,TA/TO,0,0,0,A,A,0,Non Refund,10.0,0,Transient,89.25,0,0
City Hotel,1,145,2016,October,43,22,1,1,2,0.0,0,HB,ITA,Online TA,TA/TO,0,0,0,A,A,0,No Deposit,9.0,0,Transient,153.0,0,0
City Hotel,1,75,2016,October,43,22,2,2,2,0.0,0,BB,CHN,Online TA,TA/TO,0,0,0,D,D,0,No Deposit,9.0,0,Transient,112.79,0,1
City Hotel,1,229,2016,October,43,22,2,2,2,0.0,0,BB,PRT,Online TA,TA/TO,0,0,0,A,A,0,Non Refund,10.0,0,Transient,89.25,0,0
City Hotel,1,229,2016,October,43,22,2,2,2,0.0,0,BB,PRT,Online TA,TA/TO,0,0,0,A,A,0,Non Refund,10.0,0,Transient,89.25,0,0
City Hotel,1,229,2016,October,43,22,2,2,2,0.0,0,BB,PRT,Online TA,TA/TO,0,0,0,A,A,0,Non Refund,10.0,0,Transient,89.25,0,0
City Hotel,1,249,2016,October,43,22,2,2,2,0.0,0,BB,PRT,Online TA,TA/TO,0,0,0,A,A,0,Non Refund,10.0,20,Transient,89.25,0,0
City Hotel,1,229,2016,October,43,22,2,2,2,0.0,0,BB,PRT,Online TA,TA/TO,0,0,0,A,A,0,Non Refund,10.0,0,Transient,89.25,0,0
City Hotel,1,86,2016,October,43,22,2,3,2,0.0,0,BB,FRA,Online TA,TA/TO,0,0,0,D,D,0,No Deposit,9.0,0,Transient,121.14,0,1
City Hotel,1,208,2016,October,43,22,2,3,2,0.0,0,BB,NLD,Online TA,TA/TO,0,0,0,A,A,0,No Deposit,9.0,0,Transient,96.3,0,0
City Hotel,1,115,2016,October,43,22,2,3,2,0.0,0,BB,TUR,Online TA,TA/TO,0,0,0,A,A,0,No Deposit,9.0,0,Transient,107.64,0,3
City Hotel,1,208,2016,October,43,22,2,3,2,0.0,0,BB,NLD,Online TA,TA/TO,0,0,0,A,A,0,No Deposit,9.0,0,Transient,96.3,0,0
City Hotel,1,194,2016,October,43,22,2,5,2,0.0,0,BB,EST,Online TA,TA/TO,0,0,0,A,A,0,No Deposit,9.0,0,Transient,96.3,0,0
City Hotel,1,386,2016,October,44,23,2,0,2,0.0,0,HB,PRT,Offline TA/TO,TA/TO,0,0,0,A,A,0,No Deposit,6.0,0,Transient-Party,115.0,0,1
City Hotel,1,386,2016,October,44,23,2,0,2,0.0,0,HB,PRT,Offline TA/TO,TA/TO,0,0,0,A,A,0,No Deposit,6.0,0,Transient-Party,115.0,0,1
City Hotel,1,386,2016,October,44,23,2,0,2,0.0,0,HB,PRT,Offline TA/TO,TA/TO,0,0,0,A,A,0,No Deposit,6.0,0,Transient-Party,115.0,0,1
City Hotel,1,386,2016,October,44,23,2,0,2,0.0,0,HB,PRT,Offline TA/TO,TA/TO,0,0,0,A,A,0,No Deposit,6.0,0,Transient-Party,115.0,0,1
City Hotel,1,109,2016,October,44,23,2,1,2,0.0,0,BB,PRT,Offline TA/TO,TA/TO,0,0,0,A,A,0,No Deposit,132.0,0,Transient,80.75,0,0
City Hotel,1,87,2016,October,44,23,2,2,2,0.0,0,BB,DNK,Online TA,TA/TO,0,0,0,D,D,0,No Deposit,9.0,0,Transient,118.35,0,0
City Hotel,1,152,2016,October,44,23,2,2,2,0.0,0,SC,GBR,Online TA,TA/TO,0,0,0,A,A,0,No Deposit,9.0,0,Transient,94.05,0,0
City Hotel,1,116,2016,October,44,23,2,2,2,0.0,0,SC,IRL,Online TA,TA/TO,0,0,0,A,A,0,No Deposit,9.0,0,Transient,94.05,0,0
City Hotel,1,297,2016,October,44,23,2,2,2,0.0,0,BB,FRA,Online TA,TA/TO,0,0,0,A,A,0,No Deposit,9.0,0,Transient,90.95,0,0
City Hotel,1,133,2016,October,44,23,2,2,2,0.0,0,BB,GBR,Direct,Direct,0,0,0,D,D,0,No Deposit,14.0,0,Transient,108.38,0,1
City Hotel,1,83,2016,October,44,23,2,3,2,0.0,0,BB,FRA,Online TA,TA/TO,0,0,0,D,D,0,No Deposit,9.0,0,Transient,115.56,0,0
City Hotel,1,256,2016,October,44,23,2,3,2,0.0,0,BB,GBR,Online TA,TA/TO,0,0,0,A,A,0,No Deposit,9.0,0,Transient,94.35,0,2
City Hotel,0,294,2016,October,44,23,2,3,2,0.0,0,BB,GBR,Online TA,TA/TO,0,0,0,D,E,0,No Deposit,7.0,0,Transient,76.58,0,1
City Hotel,0,292,2016,October,44,23,2,4,2,0.0,0,BB,FRA,Online TA,TA/TO,0,0,0,B,B,0,No Deposit,9.0,0,Transient-Party,81.82,0,1
City Hotel,0,292,2016,October,44,23,2,4,2,0.0,0,BB,FRA,Online TA,TA/TO,0,0,0,B,B,3,No Deposit,9.0,0,Transient-Party,163.63,0,1
City Hotel,1,109,2016,October,44,24,1,2,2,0.0,0,SC,ITA,Online TA,TA/TO,0,0,0,A,A,0,No Deposit,9.0,0,Transient,89.4,0,0
City Hotel,1,113,2016,October,44,24,1,2,2,0.0,0,SC,GBR,Online TA,TA/TO,0,0,0,A,A,0,No Deposit,9.0,0,Transient,89.4,0,0
City Hotel,1,73,2016,October,44,24,1,2,2,0.0,0,BB,PRT,Online TA,TA/TO,0,0,0,D,D,0,No Deposit,8.0,0,Transient,113.7,0,1
City Hotel,1,164,2016,October,44,24,1,2,2,0.0,0,BB,CHE,Online TA,TA/TO,0,0,0,A,A,0,No Deposit,9.0,0,Transient,100.2,0,0
City Hotel,1,200,2016,October,44,24,1,3,2,0.0,0,BB,NLD,Direct,Direct,0,0,0,D,D,0,No Deposit,14.0,0,Transient,100.3,0,0
City Hotel,1,96,2016,October,44,24,1,3,2,0.0,0,BB,CHE,Online TA,TA/TO,0,0,0,A,A,0,No Deposit,9.0,0,Transient,97.88,0,0
City Hotel,1,200,2016,October,44,24,1,3,2,0.0,0,BB,NLD,Direct,Direct,0,0,0,D,D,0,No Deposit,14.0,0,Transient,100.3,0,0
City Hotel,1,203,2016,October,44,24,2,5,2,0.0,0,SC,BRA,Online TA,TA/TO,0,0,0,A,A,0,No Deposit,9.0,0,Transient,85.5,0,0
City Hotel,1,248,2016,October,44,24,3,5,2,0.0,0,SC,AUS,Online TA,TA/TO,0,0,0,A,A,0,No Deposit,9.0,0,Transient,80.75,0,0
City Hotel,1,152,2016,October,44,24,4,10,2,0.0,0,BB,PRT,Offline TA/TO,TA/TO,0,0,0,D,D,0,No Deposit,83.0,0,Transient,80.39,0,0
City Hotel,1,1,2016,October,44,25,0,1,2,0.0,0,SC,BRA,Online TA,TA/TO,0,0,0,A,A,0,No Deposit,9.0,0,Transient,120.0,0,2
City Hotel,1,1,2016,October,44,25,0,1,2,0.0,0,SC,BRA,Online TA,TA/TO,0,0,0,A,A,0,No Deposit,9.0,0,Transient,120.0,0,2
City Hotel,1,69,2016,October,44,25,0,3,2,0.0,0,BB,PRT,Online TA,TA/TO,0,0,0,A,A,0,No Deposit,7.0,0,Transient,69.99,0,0
City Hotel,1,69,2016,October,44,25,0,2,2,0.0,0,SC,FRA,Online TA,TA/TO,0,0,0,A,A,0,No Deposit,9.0,0,Transient,80.1,0,1
City Hotel,1,124,2016,October,44,25,0,3,2,0.0,0,BB,FRA,Online TA,TA/TO,0,0,0,D,D,0,No Deposit,9.0,0,Transient,104.4,0,0
City Hotel,1,118,2016,October,44,25,0,3,2,0.0,0,SC,BRA,Online TA,TA/TO,0,0,0,A,A,0,No Deposit,9.0,0,Transient,80.1,0,2
City Hotel,1,21,2016,October,44,25,0,3,2,0.0,0,SC,PRT,Online TA,TA/TO,0,0,0,A,A,0,No Deposit,86.0,0,Transient,88.0,0,0
City Hotel,1,46,2016,October,44,25,0,3,2,0.0,0,SC,USA,Online TA,TA/TO,0,0,0,A,A,0,No Deposit,9.0,0,Transient,112.67,0,1
City Hotel,1,169,2016,October,44,25,0,4,2,0.0,0,BB,ROU,Online TA,TA/TO,0,0,0,A,A,0,No Deposit,9.0,0,Transient,90.9,0,0
City Hotel,1,62,2016,October,44,25,0,4,2,0.0,0,BB,ROU,Online TA,TA/TO,0,0,0,D,D,0,No Deposit,9.0,0,Transient,111.6,0,1
City Hotel,1,84,2016,October,44,25,0,5,2,0.0,0,BB,ROU,Online TA,TA/TO,0,0,0,D,D,0,No Deposit,9.0,0,Transient,104.4,0,0
City Hotel,1,254,2016,October,44,25,0,5,2,0.0,0,BB,DEU,Online TA,TA/TO,0,0,0,A,A,0,No Deposit,9.0,0,Transient,90.95,0,0
City Hotel,1,254,2016,October,44,25,0,5,2,0.0,0,BB,DEU,Online TA,TA/TO,0,0,0,A,A,0,No Deposit,9.0,0,Transient,90.95,0,0
City Hotel,1,254,2016,October,44,25,0,5,2,0.0,0,BB,DEU,Online TA,TA/TO,0,0,0,A,A,0,No Deposit,9.0,0,Transient,90.95,0,0
City Hotel,1,0,2016,October,44,26,0,1,2,0.0,0,BB,PRT,Direct,Direct,0,0,0,A,A,0,No Deposit,,0,Transient,89.0,0,0
City Hotel,1,0,2016,October,44,26,0,1,2,0.0,0,BB,PRT,Direct,Direct,0,0,0,C,C,0,No Deposit,,0,Transient,89.0,0,0
City Hotel,1,100,2016,October,44,26,0,1,2,0.0,0,BB,BRA,Online TA,TA/TO,0,0,0,A,A,0,No Deposit,9.0,0,Transient,90.9,0,0
City Hotel,1,0,2016,October,44,26,0,1,2,0.0,0,BB,PRT,Direct,Direct,0,0,0,A,A,0,No Deposit,,0,Transient,130.0,0,0
City Hotel,1,98,2016,October,44,26,0,2,2,0.0,0,SC,DNK,Online TA,TA/TO,0,0,0,A,A,0,No Deposit,9.0,0,Transient,80.1,0,0
City Hotel,1,21,2016,October,44,26,0,2,2,0.0,0,SC,PRT,Online TA,TA/TO,0,0,0,A,A,0,No Deposit,8.0,0,Transient,110.0,0,1
City Hotel,1,86,2016,October,44,26,0,2,2,0.0,0,BB,GBR,Online TA,TA/TO,0,0,0,D,D,0,No Deposit,9.0,0,Transient,104.4,0,1
City Hotel,1,98,2016,October,44,26,0,2,2,0.0,0,SC,DNK,Online TA,TA/TO,0,0,0,A,A,0,No Deposit,9.0,0,Transient,80.1,0,0
City Hotel,0,310,2016,October,44,26,0,2,2,0.0,0,BB,EST,Online TA,TA/TO,0,0,0,A,A,0,No Deposit,9.0,0,Transient,96.3,0,1
City Hotel,1,14,2016,October,44,26,0,2,2,0.0,0,BB,ITA,Online TA,TA/TO,0,0,0,A,A,0,No Deposit,9.0,0,Transient,149.0,0,2
City Hotel,1,96,2016,October,44,26,0,2,2,0.0,0,BB,CHN,Online TA,TA/TO,0,0,0,D,D,0,No Deposit,9.0,0,Transient,93.96,0,0
City Hotel,1,98,2016,October,44,26,0,2,2,0.0,0,SC,DNK,Online TA,TA/TO,0,0,0,A,A,0,No Deposit,9.0,0,Transient,80.1,0,0
City Hotel,1,34,2016,October,44,26,0,3,2,0.0,0,SC,FRA,Online TA,TA/TO,0,0,0,A,A,0,No Deposit,9.0,0,Transient,109.0,0,3
City Hotel,1,87,2016,October,44,26,0,3,2,0.0,0,BB,BEL,Online TA,TA/TO,0,0,0,D,D,0,No Deposit,9.0,0,Transient,104.4,0,0
City Hotel,1,163,2016,October,44,26,0,4,2,0.0,0,BB,AUT,Online TA,TA/TO,0,0,0,D,D,0,No Deposit,9.0,0,Transient,104.4,0,2
City Hotel,1,34,2016,October,44,26,0,4,2,0.0,0,BB,THA,Online TA,TA/TO,0,0,0,A,A,0,No Deposit,9.0,0,Transient,129.0,0,1
City Hotel,1,34,2016,October,44,26,0,4,2,0.0,0,BB,THA,Online TA,TA/TO,0,0,0,A,A,0,No Deposit,9.0,0,Transient,119.0,0,1
City Hotel,1,190,2016,October,44,26,0,4,2,0.0,0,BB,HUN,Online TA,TA/TO,0,0,0,A,A,0,No Deposit,9.0,0,Transient,96.3,0,0
City Hotel,1,206,2016,October,44,26,1,4,2,0.0,0,BB,ESP,Online TA,TA/TO,0,0,0,A,A,0,No Deposit,9.0,0,Transient,105.3,0,2
City Hotel,1,36,2016,October,44,26,0,4,2,0.0,0,BB,RUS,Online TA,TA/TO,0,0,0,A,A,0,No Deposit,9.0,0,Transient,129.0,0,1
City Hotel,1,167,2016,October,44,26,2,5,2,0.0,0,BB,ISR,Online TA,TA/TO,0,0,0,D,D,0,No Deposit,9.0,0,Transient,104.4,0,1
City Hotel,1,153,2016,October,44,27,0,1,2,0.0,0,SC,PRT,Online TA,TA/TO,0,0,0,A,A,0,No Deposit,8.0,0,Transient,80.1,0,2
City Hotel,1,60,2016,October,44,27,0,1,2,0.0,0,SC,CN,Online TA,TA/TO,0,0,0,A,A,0,No Deposit,9.0,0,Transient,80.1,0,2
City Hotel,1,153,2016,October,44,27,0,1,2,0.0,0,SC,PRT,Online TA,TA/TO,0,0,0,A,A,0,No Deposit,8.0,0,Transient,80.1,0,2
City Hotel,1,41,2016,October,44,27,0,1,2,0.0,0,SC,PRT,Online TA,TA/TO,0,0,0,A,A,0,No Deposit,9.0,0,Transient,109.0,0,2
City Hotel,1,142,2016,October,44,27,0,1,2,0.0,0,BB,PRT,Online TA,TA/TO,0,0,0,A,A,0,No Deposit,9.0,0,Transient,90.9,0,1
City Hotel,1,475,2016,October,44,27,0,2,2,0.0,0,BB,PRT,Groups,TA/TO,0,0,0,A,A,0,Non Refund,1.0,0,Transient,62.0,0,0
City Hotel,1,475,2016,October,44,27,0,2,2,0.0,0,BB,PRT,Groups,TA/TO,0,0,0,A,A,0,Non Refund,1.0,0,Transient,62.0,0,0
City Hotel,1,475,2016,October,44,27,0,2,2,0.0,0,BB,PRT,Groups,TA/TO,0,0,0,A,A,0,Non Refund,1.0,0,Transient,62.0,0,0
City Hotel,1,475,2016,October,44,27,0,2,2,0.0,0,BB,PRT,Groups,TA/TO,0,0,0,A,A,0,Non Refund,1.0,0,Transient,62.0,0,0
City Hotel,1,475,2016,October,44,27,0,2,2,0.0,0,BB,PRT,Groups,TA/TO,0,0,0,A,A,0,Non Refund,1.0,0,Transient,62.0,0,0
City Hotel,1,475,2016,October,44,27,0,2,2,0.0,0,BB,PRT,Groups,TA/TO,0,0,0,A,A,0,Non Refund,1.0,0,Transient,62.0,0,0
City Hotel,1,475,2016,October,44,27,0,2,2,0.0,0,BB,PRT,Groups,TA/TO,0,0,0,A,A,0,Non Refund,1.0,0,Transient,62.0,0,0
City Hotel,1,475,2016,October,44,27,0,2,2,0.0,0,BB,PRT,Groups,TA/TO,0,0,0,A,A,0,Non Refund,1.0,0,Transient,62.0,0,0
City Hotel,1,475,2016,October,44,27,0,2,2,0.0,0,BB,PRT,Groups,TA/TO,0,0,0,A,A,0,Non Refund,1.0,0,Transient,62.0,0,0
City Hotel,1,475,2016,October,44,27,0,2,2,0.0,0,BB,PRT,Groups,TA/TO,0,0,0,A,A,0,Non Refund,1.0,0,Transient,62.0,0,0
City Hotel,1,475,2016,October,44,27,0,2,2,0.0,0,BB,PRT,Groups,TA/TO,0,0,0,A,A,0,Non Refund,1.0,0,Transient,62.0,0,0
City Hotel,1,475,2016,October,44,27,0,2,2,0.0,0,BB,PRT,Groups,TA/TO,0,0,0,A,A,0,Non Refund,1.0,0,Transient,62.0,0,0
City Hotel,1,475,2016,October,44,27,0,2,2,0.0,0,BB,PRT,Groups,TA/TO,0,0,0,A,A,0,Non Refund,1.0,0,Transient,62.0,0,0
City Hotel,1,475,2016,October,44,27,0,2,2,0.0,0,BB,PRT,Groups,TA/TO,0,0,0,A,A,0,Non Refund,1.0,0,Transient,62.0,0,0
City Hotel,1,475,2016,October,44,27,0,2,2,0.0,0,BB,PRT,Groups,TA/TO,0,0,0,A,A,0,Non Refund,1.0,0,Transient,62.0,0,0
City Hotel,1,475,2016,October,44,27,0,2,2,0.0,0,BB,PRT,Groups,TA/TO,0,0,0,A,A,0,Non Refund,1.0,0,Transient,62.0,0,0
City Hotel,1,102,2016,October,44,27,0,2,2,0.0,0,BB,PRT,Online TA,TA/TO,0,0,0,D,D,0,No Deposit,9.0,0,Transient,104.4,0,0
City Hotel,1,196,2016,October,44,27,0,2,2,0.0,0,BB,ROU,Online TA,TA/TO,0,0,0,A,A,0,No Deposit,9.0,0,Transient,96.3,0,0
City Hotel,1,475,2016,October,44,27,0,2,2,0.0,0,BB,PRT,Groups,TA/TO,0,0,0,A,A,0,Non Refund,1.0,0,Transient,62.0,0,0
City Hotel,1,475,2016,October,44,27,0,2,2,0.0,0,BB,PRT,Groups,TA/TO,0,0,0,A,A,0,Non Refund,1.0,0,Transient,62.0,0,0
City Hotel,1,93,2016,October,44,27,0,2,2,0.0,0,BB,BRA,Online TA,TA/TO,0,0,0,A,A,0,No Deposit,9.0,0,Transient,90.9,0,0
City Hotel,1,85,2016,October,44,27,0,2,2,0.0,0,SC,BEL,Online TA,TA/TO,0,0,0,A,A,0,No Deposit,9.0,0,Transient,80.1,0,0
City Hotel,1,475,2016,October,44,27,0,2,2,0.0,0,BB,PRT,Groups,TA/TO,0,0,0,A,A,0,Non Refund,1.0,0,Transient,62.0,0,0
City Hotel,1,475,2016,October,44,27,0,2,2,0.0,0,BB,PRT,Groups,TA/TO,0,0,0,A,A,0,Non Refund,1.0,0,Transient,62.0,0,0
City Hotel,1,475,2016,October,44,27,0,2,2,0.0,0,BB,PRT,Groups,TA/TO,0,0,0,A,A,0,Non Refund,1.0,0,Transient,62.0,0,0
City Hotel,1,475,2016,October,44,27,0,2,2,0.0,0,BB,PRT,Groups,TA/TO,0,0,0,A,A,0,Non Refund,1.0,0,Transient,62.0,0,0
City Hotel,1,475,2016,October,44,27,0,2,2,0.0,0,BB,PRT,Groups,TA/TO,0,0,0,A,A,0,Non Refund,1.0,0,Transient,62.0,0,0
City Hotel,1,475,2016,October,44,27,0,2,2,0.0,0,BB,PRT,Groups,TA/TO,0,0,0,A,A,0,Non Refund,1.0,0,Transient,62.0,0,0
City Hotel,1,475,2016,October,44,27,0,2,2,0.0,0,BB,PRT,Groups,TA/TO,0,0,0,A,A,0,Non Refund,1.0,0,Transient,62.0,0,0
City Hotel,1,475,2016,October,44,27,0,2,2,0.0,0,BB,PRT,Groups,TA/TO,0,0,0,A,A,0,Non Refund,1.0,0,Transient,62.0,0,0
City Hotel,1,475,2016,October,44,27,0,2,2,0.0,0,BB,PRT,Groups,TA/TO,0,0,0,A,A,0,Non Refund,1.0,0,Transient,62.0,0,0
City Hotel,1,475,2016,October,44,27,0,2,2,0.0,0,BB,PRT,Groups,TA/TO,0,0,0,A,A,0,Non Refund,1.0,0,Transient,62.0,0,0
City Hotel,1,475,2016,October,44,27,0,2,2,0.0,0,BB,PRT,Groups,TA/TO,0,0,0,A,A,0,Non Refund,1.0,0,Transient,62.0,0,0
City Hotel,1,475,2016,October,44,27,0,2,2,0.0,0,BB,PRT,Groups,TA/TO,0,0,0,A,A,0,Non Refund,1.0,0,Transient,62.0,0,0
City Hotel,1,115,2016,October,44,27,0,2,2,0.0,0,BB,IRL,Online TA,TA/TO,0,0,0,D,D,0,No Deposit,9.0,0,Transient,104.4,0,0
City Hotel,1,188,2016,October,44,27,0,3,2,0.0,0,SC,TUN,Online TA,TA/TO,0,0,0,A,A,0,No Deposit,9.0,0,Transient,85.5,0,2
City Hotel,1,37,2016,October,44,27,0,3,2,0.0,0,BB,PRT,Online TA,TA/TO,0,0,0,A,A,0,No Deposit,7.0,0,Transient,94.36,0,1
City Hotel,1,110,2016,October,44,27,0,3,2,0.0,0,BB,FRA,Online TA,TA/TO,0,0,0,D,D,0,No Deposit,9.0,0,Transient,104.4,0,1
City Hotel,1,119,2016,October,44,27,0,3,2,0.0,0,BB,GBR,Online TA,TA/TO,0,0,0,D,D,0,No Deposit,9.0,0,Transient,104.4,0,1
City Hotel,1,43,2016,October,44,27,0,3,2,0.0,0,BB,PRT,Offline TA/TO,TA/TO,0,0,0,A,A,0,No Deposit,85.0,0,Transient,85.5,0,0
City Hotel,1,303,2016,October,44,27,0,3,2,0.0,0,BB,CN,Online TA,TA/TO,0,0,0,D,D,0,No Deposit,9.0,0,Transient,105.3,0,3
City Hotel,1,4,2016,October,44,27,0,3,2,0.0,0,SC,PRT,Online TA,TA/TO,0,0,0,A,A,0,No Deposit,8.0,0,Transient,133.33,0,1
City Hotel,1,148,2016,October,44,27,0,3,2,0.0,0,BB,GBR,Online TA,TA/TO,0,0,0,D,D,0,No Deposit,9.0,0,Transient,104.4,0,1
City Hotel,1,240,2016,October,44,27,1,3,2,0.0,0,SC,DNK,Online TA,TA/TO,0,0,0,A,A,0,No Deposit,9.0,0,Transient,80.75,0,0
City Hotel,1,240,2016,October,44,27,1,3,2,0.0,0,SC,DNK,Online TA,TA/TO,0,0,0,A,A,0,No Deposit,9.0,0,Transient,80.75,0,0
City Hotel,1,240,2016,October,44,27,1,3,2,0.0,0,SC,DNK,Online TA,TA/TO,0,0,0,A,A,0,No Deposit,9.0,0,Transient,80.75,0,0
City Hotel,1,25,2016,October,44,27,1,3,2,0.0,0,BB,FRA,Online TA,TA/TO,0,0,0,A,A,0,No Deposit,9.0,0,Transient,130.0,0,0
City Hotel,1,240,2016,October,44,27,1,3,2,0.0,0,SC,DNK,Online TA,TA/TO,0,0,0,A,A,0,No Deposit,9.0,0,Transient,80.75,0,0
City Hotel,1,179,2016,October,44,27,1,3,2,0.0,0,BB,AUT,Online TA,TA/TO,0,0,0,A,A,0,No Deposit,9.0,0,Transient,90.9,0,0
City Hotel,1,240,2016,October,44,27,1,3,2,0.0,0,SC,DNK,Online TA,TA/TO,0,0,0,A,A,0,No Deposit,9.0,0,Transient,80.75,0,0
City Hotel,1,118,2016,October,44,27,2,3,2,0.0,0,BB,GBR,Online TA,TA/TO,0,0,0,D,D,0,No Deposit,9.0,0,Transient,123.3,0,0
City Hotel,1,151,2016,October,44,27,2,4,2,0.0,0,BB,FRA,Online TA,TA/TO,0,0,0,D,D,0,No Deposit,9.0,0,Transient,104.25,0,0
City Hotel,1,120,2016,October,44,28,0,1,2,0.0,0,BB,FRA,Online TA,TA/TO,0,0,0,D,D,0,No Deposit,9.0,0,Transient,104.4,0,1
City Hotel,1,73,2016,October,44,28,0,1,2,0.0,0,BB,PRT,Offline TA/TO,TA/TO,0,0,0,A,A,0,No Deposit,21.0,0,Transient-Party,72.0,0,0
City Hotel,1,120,2016,October,44,28,0,1,2,0.0,0,BB,FRA,Online TA,TA/TO,0,0,0,D,D,0,No Deposit,9.0,0,Transient,104.4,0,1
City Hotel,1,65,2016,October,44,28,0,1,2,0.0,0,SC,PRT,Online TA,TA/TO,0,0,0,A,A,0,No Deposit,9.0,0,Transient,80.1,0,2
City Hotel,1,120,2016,October,44,28,0,1,2,0.0,0,BB,FRA,Online TA,TA/TO,0,0,0,D,D,0,No Deposit,9.0,0,Transient,104.4,0,1
City Hotel,1,286,2016,October,44,28,0,2,2,0.0,0,BB,PRT,Groups,TA/TO,0,0,0,A,A,0,Non Refund,1.0,0,Transient,65.0,0,0
City Hotel,1,32,2016,October,44,28,0,2,2,0.0,0,BB,ESP,Online TA,TA/TO,0,0,0,D,D,0,No Deposit,9.0,0,Transient,144.0,0,1
City Hotel,1,109,2016,October,44,28,0,2,2,0.0,0,BB,IRL,Online TA,TA/TO,0,0,0,D,D,0,No Deposit,9.0,0,Transient,104.4,0,0
City Hotel,1,286,2016,October,44,28,0,2,2,0.0,0,BB,PRT,Groups,TA/TO,0,0,0,A,A,0,Non Refund,1.0,0,Transient,65.0,0,0
City Hotel,1,245,2016,October,44,28,0,2,2,0.0,0,BB,FRA,Online TA,TA/TO,0,0,0,A,A,0,No Deposit,9.0,0,Transient,96.3,0,0
City Hotel,1,464,2016,October,44,28,0,2,2,0.0,0,BB,PRT,Groups,TA/TO,0,0,0,A,A,0,Non Refund,1.0,391,Transient,65.0,0,0
City Hotel,1,286,2016,October,44,28,0,2,2,0.0,0,BB,PRT,Groups,TA/TO,0,0,0,A,A,0,Non Refund,1.0,0,Transient,65.0,0,0
City Hotel,1,464,2016,October,44,28,0,2,2,0.0,0,BB,PRT,Groups,TA/TO,0,0,0,A,A,0,Non Refund,1.0,391,Transient,65.0,0,0
City Hotel,1,199,2016,October,44,28,0,2,2,0.0,0,BB,PRT,Groups,TA/TO,0,0,0,A,A,0,No Deposit,29.0,0,Transient-Party,95.0,0,0
City Hotel,1,199,2016,October,44,28,0,2,2,0.0,0,BB,PRT,Groups,TA/TO,0,0,0,A,A,0,No Deposit,29.0,0,Transient-Party,95.0,0,0
City Hotel,1,199,2016,October,44,28,0,2,2,0.0,0,BB,PRT,Groups,TA/TO,0,0,0,A,A,0,No Deposit,29.0,0,Transient-Party,95.0,0,0
City Hotel,1,245,2016,October,44,28,0,2,2,0.0,0,BB,FRA,Online TA,TA/TO,0,0,0,A,A,0,No Deposit,9.0,0,Transient,96.3,0,0
City Hotel,1,286,2016,October,44,28,0,2,2,0.0,0,BB,PRT,Groups,TA/TO,0,0,0,A,A,0,Non Refund,1.0,0,Transient,65.0,0,0
City Hotel,1,464,2016,October,44,28,0,2,2,0.0,0,BB,PRT,Groups,TA/TO,0,0,0,A,A,0,Non Refund,1.0,391,Transient,65.0,0,0
City Hotel,1,35,2016,October,44,28,0,2,2,0.0,0,SC,PRT,Online TA,TA/TO,0,0,0,A,A,0,No Deposit,8.0,0,Transient,109.0,0,1
City Hotel,1,199,2016,October,44,28,0,2,2,0.0,0,BB,PRT,Groups,TA/TO,0,0,0,A,A,0,No Deposit,29.0,0,Transient-Party,95.0,0,0
City Hotel,1,24,2016,October,44,28,0,2,2,0.0,0,BB,BRA,Online TA,TA/TO,0,0,0,D,D,0,No Deposit,9.0,0,Transient,154.0,0,2
City Hotel,1,464,2016,October,44,28,0,2,2,0.0,0,BB,PRT,Groups,TA/TO,0,0,0,A,A,0,Non Refund,1.0,391,Transient,65.0,0,0
City Hotel,1,464,2016,October,44,28,0,2,2,0.0,0,BB,PRT,Groups,TA/TO,0,0,0,A,A,0,Non Refund,1.0,391,Transient,65.0,0,0
City Hotel,1,239,2016,October,44,28,0,2,2,0.0,0,SC,DEU,Online TA,TA/TO,0,0,0,A,A,0,No Deposit,9.0,0,Transient-Party,85.5,0,0
City Hotel,1,286,2016,October,44,28,0,2,2,0.0,0,BB,PRT,Groups,TA/TO,0,0,0,A,A,0,Non Refund,1.0,0,Transient,65.0,0,0
City Hotel,1,464,2016,October,44,28,0,2,2,0.0,0,BB,PRT,Groups,TA/TO,0,0,0,A,A,0,Non Refund,1.0,391,Transient,65.0,0,0
City Hotel,1,464,2016,October,44,28,0,2,2,0.0,0,BB,PRT,Groups,TA/TO,0,0,0,A,A,0,Non Refund,1.0,391,Transient,65.0,0,0
City Hotel,1,35,2016,October,44,28,0,2,2,0.0,0,SC,ITA,Online TA,TA/TO,0,0,0,A,A,0,No Deposit,9.0,0,Transient,109.0,0,2
City Hotel,1,199,2016,October,44,28,0,2,2,0.0,0,BB,PRT,Groups,TA/TO,0,0,0,A,A,0,No Deposit,29.0,0,Transient-Party,95.0,0,0
City Hotel,1,286,2016,October,44,28,0,2,2,0.0,0,BB,PRT,Groups,TA/TO,0,0,0,A,A,0,Non Refund,1.0,0,Transient,65.0,0,0
City Hotel,1,286,2016,October,44,28,0,2,2,0.0,0,BB,PRT,Groups,TA/TO,0,0,0,A,A,0,Non Refund,1.0,0,Transient,65.0,0,0
City Hotel,1,286,2016,October,44,28,0,2,2,0.0,0,BB,PRT,Groups,TA/TO,0,0,0,A,A,0,Non Refund,1.0,0,Transient,65.0,0,0
City Hotel,1,199,2016,October,44,28,0,2,2,0.0,0,BB,PRT,Groups,TA/TO,0,0,0,A,A,0,No Deposit,29.0,0,Transient-Party,95.0,0,0
City Hotel,1,199,2016,October,44,28,0,2,2,0.0,0,BB,PRT,Groups,TA/TO,0,0,0,A,A,0,No Deposit,29.0,0,Transient-Party,95.0,0,0
City Hotel,1,286,2016,October,44,28,0,2,2,0.0,0,BB,PRT,Groups,TA/TO,0,0,0,A,A,0,Non Refund,1.0,0,Transient,65.0,0,0
City Hotel,1,464,2016,October,44,28,0,2,2,0.0,0,BB,PRT,Groups,TA/TO,0,0,0,A,A,0,Non Refund,1.0,391,Transient,65.0,0,0
City Hotel,1,286,2016,October,44,28,0,2,2,0.0,0,BB,PRT,Groups,TA/TO,0,0,0,A,A,0,Non Refund,1.0,0,Transient,65.0,0,0
City Hotel,1,286,2016,October,44,28,0,2,2,0.0,0,BB,PRT,Groups,TA/TO,0,0,0,A,A,0,Non Refund,1.0,0,Transient,65.0,0,0
City Hotel,1,199,2016,October,44,28,0,2,2,0.0,0,BB,PRT,Groups,TA/TO,0,0,0,A,A,0,No Deposit,29.0,0,Transient-Party,95.0,0,0
City Hotel,1,199,2016,October,44,28,0,2,2,0.0,0,BB,PRT,Groups,TA/TO,0,0,0,A,A,0,No Deposit,29.0,0,Transient-Party,95.0,0,0
City Hotel,1,199,2016,October,44,28,0,2,2,0.0,0,BB,PRT,Groups,TA/TO,0,0,0,A,A,0,No Deposit,29.0,0,Transient-Party,95.0,0,0
City Hotel,1,199,2016,October,44,28,0,2,2,0.0,0,BB,PRT,Groups,TA/TO,0,0,0,A,A,0,No Deposit,29.0,0,Transient-Party,95.0,0,0
City Hotel,1,199,2016,October,44,28,0,2,2,0.0,0,BB,PRT,Groups,TA/TO,0,0,0,A,A,0,No Deposit,29.0,0,Transient-Party,95.0,0,0
City Hotel,1,464,2016,October,44,28,0,2,2,0.0,0,BB,PRT,Groups,TA/TO,0,0,0,A,A,0,Non Refund,1.0,391,Transient,65.0,0,0
City Hotel,1,464,2016,October,44,28,0,2,2,0.0,0,BB,PRT,Groups,TA/TO,0,0,0,A,A,0,Non Refund,1.0,391,Transient,65.0,0,0
City Hotel,1,286,2016,October,44,28,0,2,2,0.0,0,BB,PRT,Groups,TA/TO,0,0,0,A,A,0,Non Refund,1.0,0,Transient,65.0,0,0
City Hotel,1,464,2016,October,44,28,0,2,2,0.0,0,BB,PRT,Groups,TA/TO,0,0,0,A,A,0,Non Refund,1.0,391,Transient,65.0,0,0
City Hotel,1,464,2016,October,44,28,0,2,2,0.0,0,BB,PRT,Groups,TA/TO,0,0,0,A,A,0,Non Refund,1.0,391,Transient,65.0,0,0
City Hotel,1,286,2016,October,44,28,0,2,2,0.0,0,BB,PRT,Groups,TA/TO,0,0,0,A,A,0,Non Refund,1.0,0,Transient,65.0,0,0
City Hotel,1,199,2016,October,44,28,0,2,2,0.0,0,BB,PRT,Groups,TA/TO,0,0,0,A,A,0,No Deposit,29.0,0,Transient-Party,95.0,0,0
City Hotel,1,199,2016,October,44,28,0,2,2,0.0,0,BB,PRT,Groups,TA/TO,0,0,0,A,A,0,No Deposit,29.0,0,Transient-Party,95.0,0,0
City Hotel,1,286,2016,October,44,28,0,2,2,0.0,0,BB,PRT,Groups,TA/TO,0,0,0,A,A,0,Non Refund,1.0,0,Transient,65.0,0,0
City Hotel,1,35,2016,October,44,28,0,2,2,0.0,0,SC,ITA,Online TA,TA/TO,0,0,0,A,A,0,No Deposit,9.0,0,Transient,109.0,0,2
City Hotel,1,199,2016,October,44,28,0,2,2,0.0,0,BB,PRT,Groups,TA/TO,0,0,0,A,A,0,No Deposit,29.0,0,Transient-Party,95.0,0,0
City Hotel,1,199,2016,October,44,28,0,2,2,0.0,0,BB,PRT,Groups,TA/TO,0,0,0,A,A,0,No Deposit,29.0,0,Transient-Party,95.0,0,0
City Hotel,1,286,2016,October,44,28,0,2,2,0.0,0,BB,PRT,Groups,TA/TO,0,0,0,A,A,0,Non Refund,1.0,0,Transient,65.0,0,0
City Hotel,1,464,2016,October,44,28,0,2,2,0.0,0,BB,PRT,Groups,TA/TO,0,0,0,A,A,0,Non Refund,1.0,391,Transient,65.0,0,0
City Hotel,1,199,2016,October,44,28,0,2,2,0.0,0,BB,PRT,Groups,TA/TO,0,0,0,A,A,0,No Deposit,29.0,0,Transient-Party,95.0,0,0
City Hotel,1,199,2016,October,44,28,0,2,2,0.0,0,BB,PRT,Groups,TA/TO,0,0,0,A,A,0,No Deposit,29.0,0,Transient-Party,95.0,0,0
City Hotel,1,286,2016,October,44,28,0,2,2,0.0,0,BB,PRT,Groups,TA/TO,0,0,0,A,A,0,Non Refund,1.0,0,Transient,65.0,0,0
City Hotel,1,286,2016,October,44,28,0,2,2,0.0,0,BB,PRT,Groups,TA/TO,0,0,0,A,A,0,Non Refund,1.0,0,Transient,65.0,0,0
City Hotel,1,286,2016,October,44,28,0,2,2,0.0,0,BB,PRT,Groups,TA/TO,0,0,0,A,A,0,Non Refund,1.0,0,Transient,65.0,0,0
City Hotel,1,464,2016,October,44,28,0,2,2,0.0,0,BB,PRT,Groups,TA/TO,0,0,0,A,A,2,Non Refund,1.0,391,Transient,65.0,0,0
City Hotel,1,199,2016,October,44,28,0,2,2,0.0,0,BB,PRT,Groups,TA/TO,0,0,0,A,A,0,No Deposit,29.0,0,Transient-Party,95.0,0,0
City Hotel,1,245,2016,October,44,28,0,2,2,0.0,0,BB,FRA,Online TA,TA/TO,0,0,0,A,A,0,No Deposit,9.0,0,Transient,96.3,0,0
City Hotel,1,464,2016,October,44,28,0,2,2,0.0,0,BB,PRT,Groups,TA/TO,0,0,0,A,A,2,Non Refund,1.0,391,Transient,65.0,0,0
City Hotel,1,247,2016,October,44,28,1,2,2,0.0,0,BB,PRT,Groups,TA/TO,0,0,0,A,A,0,Non Refund,37.0,0,Transient,110.0,0,0
City Hotel,1,247,2016,October,44,28,1,2,2,0.0,0,BB,PRT,Groups,TA/TO,0,0,0,A,A,0,Non Refund,37.0,0,Transient,110.0,0,0
City Hotel,1,247,2016,October,44,28,1,2,2,0.0,0,BB,PRT,Groups,TA/TO,0,0,0,A,A,0,Non Refund,37.0,0,Transient,110.0,0,0
City Hotel,1,247,2016,October,44,28,1,2,2,0.0,0,BB,PRT,Groups,TA/TO,0,0,0,A,A,0,Non Refund,37.0,0,Transient,110.0,0,0
City Hotel,1,8,2016,October,44,28,1,2,2,0.0,0,BB,ITA,Online TA,TA/TO,0,0,0,D,D,0,No Deposit,9.0,0,Transient,155.0,0,1
City Hotel,1,264,2016,October,44,28,1,2,2,0.0,0,BB,CHE,Online TA,TA/TO,0,0,0,A,A,0,No Deposit,9.0,0,Transient,96.3,0,0
City Hotel,1,247,2016,October,44,28,1,2,2,0.0,0,BB,PRT,Groups,TA/TO,0,0,0,A,A,0,Non Refund,37.0,0,Transient,110.0,0,0
City Hotel,1,247,2016,October,44,28,1,2,2,0.0,0,BB,PRT,Groups,TA/TO,0,0,0,A,A,0,Non Refund,37.0,0,Transient,110.0,0,0
City Hotel,1,247,2016,October,44,28,1,2,2,0.0,0,BB,PRT,Groups,TA/TO,0,0,0,A,A,0,Non Refund,37.0,0,Transient,110.0,0,0
City Hotel,1,189,2016,October,44,28,1,2,2,0.0,0,BB,AUT,Online TA,TA/TO,0,0,0,D,D,0,No Deposit,9.0,0,Transient,109.8,0,0
City Hotel,1,189,2016,October,44,28,1,2,2,0.0,0,BB,AUT,Online TA,TA/TO,0,0,0,D,D,0,No Deposit,9.0,0,Transient,109.8,0,0
City Hotel,1,247,2016,October,44,28,1,2,2,0.0,0,BB,PRT,Groups,TA/TO,0,0,0,A,A,0,Non Refund,37.0,0,Transient,110.0,0,0
City Hotel,1,247,2016,October,44,28,1,2,2,0.0,0,BB,PRT,Groups,TA/TO,0,0,0,A,A,0,Non Refund,37.0,0,Transient,110.0,0,0
City Hotel,1,247,2016,October,44,28,1,2,2,0.0,0,BB,PRT,Groups,TA/TO,0,0,0,A,A,0,Non Refund,37.0,0,Transient,110.0,0,0
City Hotel,1,247,2016,October,44,28,1,2,2,0.0,0,BB,PRT,Groups,TA/TO,0,0,0,A,A,0,Non Refund,37.0,0,Transient,110.0,0,0
City Hotel,1,247,2016,October,44,28,1,2,2,0.0,0,BB,PRT,Groups,TA/TO,0,0,0,A,A,0,Non Refund,37.0,0,Transient,110.0,0,0
City Hotel,1,247,2016,October,44,28,1,2,2,0.0,0,BB,PRT,Groups,TA/TO,0,0,0,A,A,0,Non Refund,37.0,0,Transient,110.0,0,0
City Hotel,1,249,2016,October,44,28,1,2,2,0.0,0,BB,FRA,Online TA,TA/TO,0,0,0,A,A,0,No Deposit,9.0,0,Transient,96.3,0,0
City Hotel,1,144,2016,October,44,28,1,2,2,0.0,0,SC,GBR,Online TA,TA/TO,0,0,0,A,A,0,No Deposit,9.0,0,Transient,80.1,0,0
City Hotel,1,286,2016,October,44,28,0,2,2,0.0,0,BB,PRT,Groups,TA/TO,0,0,0,A,A,0,Non Refund,1.0,0,Transient,65.0,0,0
City Hotel,1,286,2016,October,44,28,0,2,2,0.0,0,BB,PRT,Groups,TA/TO,0,0,0,A,A,0,Non Refund,1.0,0,Transient,65.0,0,0
City Hotel,1,247,2016,October,44,28,1,2,2,0.0,0,BB,PRT,Groups,TA/TO,0,0,0,A,A,0,Non Refund,37.0,0,Transient,110.0,0,0
City Hotel,1,189,2016,October,44,28,1,2,2,0.0,0,BB,AUT,Online TA,TA/TO,0,0,0,D,D,0,No Deposit,9.0,0,Transient,109.8,0,0
City Hotel,1,247,2016,October,44,28,1,2,2,0.0,0,BB,PRT,Groups,TA/TO,0,0,0,A,A,0,Non Refund,37.0,0,Transient,110.0,0,0
City Hotel,1,247,2016,October,44,28,1,2,2,0.0,0,BB,PRT,Groups,TA/TO,0,0,0,A,A,0,Non Refund,37.0,0,Transient,110.0,0,0
City Hotel,1,247,2016,October,44,28,1,2,2,0.0,0,BB,PRT,Groups,TA/TO,0,0,0,A,A,0,Non Refund,37.0,0,Transient,110.0,0,0
City Hotel,1,247,2016,October,44,28,1,2,2,0.0,0,BB,PRT,Groups,TA/TO,0,0,0,A,A,0,Non Refund,37.0,0,Transient,110.0,0,0
City Hotel,1,189,2016,October,44,28,1,2,2,0.0,0,BB,AUT,Online TA,TA/TO,0,0,0,D,D,0,No Deposit,9.0,0,Transient,109.8,0,0
City Hotel,1,189,2016,October,44,28,1,2,2,0.0,0,BB,AUT,Online TA,TA/TO,0,0,0,D,D,0,No Deposit,9.0,0,Transient,109.8,0,0
City Hotel,1,189,2016,October,44,28,1,2,2,0.0,0,BB,AUT,Online TA,TA/TO,0,0,0,D,D,0,No Deposit,9.0,0,Transient,109.8,0,0
City Hotel,1,189,2016,October,44,28,1,2,2,0.0,0,BB,AUT,Online TA,TA/TO,0,0,0,D,D,0,No Deposit,9.0,0,Transient,109.8,0,0
City Hotel,1,189,2016,October,44,28,1,2,2,0.0,0,BB,ESP,Online TA,TA/TO,0,0,0,A,A,0,No Deposit,9.0,0,Transient,96.3,0,4
City Hotel,1,189,2016,October,44,28,1,2,2,0.0,0,BB,AUT,Online TA,TA/TO,0,0,0,D,D,0,No Deposit,9.0,0,Transient,109.8,0,0
City Hotel,1,247,2016,October,44,28,1,2,2,0.0,0,BB,PRT,Groups,TA/TO,0,0,0,A,A,0,Non Refund,37.0,0,Transient,110.0,0,0
City Hotel,1,247,2016,October,44,28,1,2,2,0.0,0,BB,PRT,Groups,TA/TO,0,0,0,A,A,0,Non Refund,37.0,0,Transient,110.0,0,0
City Hotel,1,247,2016,October,44,28,1,2,2,0.0,0,BB,PRT,Groups,TA/TO,0,0,0,A,A,0,Non Refund,37.0,0,Transient,110.0,0,0
City Hotel,1,247,2016,October,44,28,1,2,2,0.0,0,BB,PRT,Groups,TA/TO,0,0,0,A,A,0,Non Refund,37.0,0,Transient,110.0,0,0
City Hotel,1,247,2016,October,44,28,1,2,2,0.0,0,BB,PRT,Groups,TA/TO,0,0,0,A,A,0,Non Refund,37.0,0,Transient,110.0,0,0
City Hotel,1,247,2016,October,44,28,1,2,2,0.0,0,BB,PRT,Groups,TA/TO,0,0,0,A,A,0,Non Refund,37.0,0,Transient,110.0,0,0
City Hotel,1,247,2016,October,44,28,1,2,2,0.0,0,BB,PRT,Groups,TA/TO,0,0,0,A,A,0,Non Refund,37.0,0,Transient,110.0,0,0
City Hotel,1,189,2016,October,44,28,1,2,2,0.0,0,BB,AUT,Online TA,TA/TO,0,0,0,D,D,0,No Deposit,9.0,0,Transient,109.8,0,0
City Hotel,1,189,2016,October,44,28,1,2,2,0.0,0,BB,ESP,Online TA,TA/TO,0,0,0,A,A,0,No Deposit,9.0,0,Transient,96.3,0,4
City Hotel,1,247,2016,October,44,28,1,2,2,0.0,0,BB,PRT,Groups,TA/TO,0,0,0,A,A,0,Non Refund,37.0,0,Transient,110.0,0,0
City Hotel,1,247,2016,October,44,28,1,2,2,0.0,0,BB,PRT,Groups,TA/TO,0,0,0,A,A,0,Non Refund,37.0,0,Transient,110.0,0,0
City Hotel,1,247,2016,October,44,28,1,2,2,0.0,0,BB,PRT,Groups,TA/TO,0,0,0,A,A,0,Non Refund,37.0,0,Transient,110.0,0,0
City Hotel,1,35,2016,October,44,28,1,2,2,0.0,0,BB,PRT,Offline TA/TO,TA/TO,0,0,0,A,D,0,No Deposit,28.0,0,Transient,85.0,0,1
City Hotel,1,247,2016,October,44,28,1,2,2,0.0,0,BB,PRT,Groups,TA/TO,0,0,0,A,A,0,Non Refund,37.0,0,Transient,110.0,0,0
City Hotel,1,247,2016,October,44,28,1,2,2,0.0,0,BB,PRT,Groups,TA/TO,0,0,0,A,A,0,Non Refund,37.0,0,Transient,110.0,0,0
City Hotel,1,247,2016,October,44,28,1,2,2,0.0,0,BB,PRT,Groups,TA/TO,0,0,0,A,A,0,Non Refund,37.0,0,Transient,110.0,0,0
City Hotel,1,189,2016,October,44,28,1,2,2,0.0,0,BB,AUT,Online TA,TA/TO,0,0,0,D,D,0,No Deposit,9.0,0,Transient,109.8,0,0
City Hotel,1,249,2016,October,44,28,1,2,2,0.0,0,BB,FRA,Online TA,TA/TO,0,0,0,A,A,0,No Deposit,9.0,0,Transient,96.3,0,0
City Hotel,1,247,2016,October,44,28,1,2,2,0.0,0,BB,PRT,Groups,TA/TO,0,0,0,A,A,0,Non Refund,37.0,0,Transient,110.0,0,0
City Hotel,1,247,2016,October,44,28,1,2,2,0.0,0,BB,PRT,Groups,TA/TO,0,0,0,A,A,0,Non Refund,37.0,0,Transient,110.0,0,0
City Hotel,1,247,2016,October,44,28,1,2,2,0.0,0,BB,PRT,Groups,TA/TO,0,0,0,A,A,0,Non Refund,37.0,0,Transient,110.0,0,0
City Hotel,1,189,2016,October,44,28,1,2,2,0.0,0,BB,AUT,Online TA,TA/TO,0,0,0,D,D,0,No Deposit,9.0,0,Transient,109.8,0,0
City Hotel,1,189,2016,October,44,28,1,2,2,0.0,0,BB,AUT,Online TA,TA/TO,0,0,0,D,D,0,No Deposit,9.0,0,Transient,109.8,0,0
City Hotel,1,189,2016,October,44,28,1,2,2,0.0,0,BB,ESP,Online TA,TA/TO,0,0,0,A,A,0,No Deposit,9.0,0,Transient,96.3,0,3
City Hotel,1,247,2016,October,44,28,1,2,2,0.0,0,BB,PRT,Groups,TA/TO,0,0,0,A,A,0,Non Refund,37.0,0,Transient,110.0,0,0
City Hotel,1,247,2016,October,44,28,1,2,2,0.0,0,BB,PRT,Groups,TA/TO,0,0,0,A,A,0,Non Refund,37.0,0,Transient,110.0,0,0
City Hotel,1,247,2016,October,44,28,1,2,2,0.0,0,BB,PRT,Groups,TA/TO,0,0,0,A,A,0,Non Refund,37.0,0,Transient,110.0,0,0
City Hotel,1,189,2016,October,44,28,1,2,2,0.0,0,BB,AUT,Online TA,TA/TO,0,0,0,D,D,0,No Deposit,9.0,0,Transient,109.8,0,0
City Hotel,1,247,2016,October,44,28,1,2,2,0.0,0,BB,PRT,Groups,TA/TO,0,0,0,A,A,0,Non Refund,37.0,0,Transient,110.0,0,0
City Hotel,1,247,2016,October,44,28,1,2,2,0.0,0,BB,PRT,Groups,TA/TO,0,0,0,A,A,0,Non Refund,37.0,0,Transient,110.0,0,0
City Hotel,1,247,2016,October,44,28,1,2,2,0.0,0,BB,PRT,Groups,TA/TO,0,0,0,A,A,0,Non Refund,37.0,0,Transient,110.0,0,0
City Hotel,1,247,2016,October,44,28,1,2,2,0.0,0,BB,PRT,Groups,TA/TO,0,0,0,A,A,0,Non Refund,37.0,0,Transient,110.0,0,0
City Hotel,1,249,2016,October,44,28,1,2,2,0.0,0,BB,FRA,Online TA,TA/TO,0,0,0,A,A,0,No Deposit,9.0,0,Transient,96.3,0,0
City Hotel,1,247,2016,October,44,28,1,2,2,0.0,0,BB,PRT,Groups,TA/TO,0,0,0,A,A,0,Non Refund,37.0,0,Transient,110.0,0,0
City Hotel,1,250,2016,October,44,28,2,2,2,0.0,0,BB,SVK,Online TA,TA/TO,0,0,0,A,A,0,No Deposit,9.0,0,Transient,90.95,0,0
City Hotel,1,33,2016,October,44,28,2,2,2,0.0,0,SC,ESP,Online TA,TA/TO,0,0,0,A,A,0,No Deposit,9.0,0,Transient,109.0,0,1
City Hotel,1,275,2016,October,44,28,2,2,2,0.0,0,BB,DEU,Online TA,TA/TO,0,0,0,A,A,0,No Deposit,9.0,0,Transient,90.95,0,1
City Hotel,1,250,2016,October,44,28,2,2,2,0.0,0,BB,SVK,Online TA,TA/TO,0,0,0,A,A,0,No Deposit,9.0,0,Transient,90.95,0,0
City Hotel,1,175,2016,October,44,28,2,2,2,0.0,0,BB,PRT,Online TA,TA/TO,0,0,0,D,D,0,No Deposit,8.0,0,Transient,104.4,0,0
City Hotel,1,172,2016,October,44,28,2,2,2,0.0,0,BB,PRT,Online TA,TA/TO,0,0,0,D,D,0,No Deposit,8.0,0,Transient,104.4,0,0
City Hotel,1,247,2016,October,44,28,2,2,2,0.0,0,BB,PRT,Online TA,TA/TO,0,0,0,A,A,0,No Deposit,7.0,0,Transient,70.03,0,1
City Hotel,1,8,2016,October,44,29,0,1,2,0.0,0,BB,ITA,Direct,Direct,0,0,0,F,F,0,No Deposit,14.0,0,Transient,239.0,0,0
City Hotel,1,160,2016,October,44,29,0,1,2,0.0,0,SC,BEL,Online TA,TA/TO,0,0,0,A,A,0,No Deposit,9.0,0,Transient,80.1,0,0
City Hotel,1,13,2016,October,44,29,0,1,2,0.0,0,BB,ESP,Online TA,TA/TO,0,0,0,A,A,0,No Deposit,9.0,0,Transient,140.0,0,1
City Hotel,1,0,2016,October,44,29,0,1,2,0.0,0,BB,PRT,Direct,Direct,0,0,0,A,A,0,No Deposit,,0,Transient,150.0,0,0
City Hotel,1,34,2016,October,44,29,1,1,2,0.0,0,SC,ESP,Online TA,TA/TO,0,0,0,A,A,0,No Deposit,9.0,0,Transient,109.0,0,1
City Hotel,1,16,2016,October,44,29,1,1,2,0.0,0,BB,ESP,Online TA,TA/TO,0,0,0,A,A,0,No Deposit,9.0,0,Transient,140.0,0,1
City Hotel,1,34,2016,October,44,29,1,1,2,0.0,0,SC,ESP,Online TA,TA/TO,0,0,0,A,A,0,No Deposit,9.0,0,Transient,109.0,0,1
City Hotel,1,54,2016,October,44,29,1,1,2,0.0,0,SC,GBR,Online TA,TA/TO,0,0,0,A,A,0,No Deposit,9.0,0,Transient,89.1,0,2
City Hotel,1,52,2016,October,44,29,1,1,2,0.0,0,SC,ESP,Online TA,TA/TO,0,0,0,A,A,0,No Deposit,9.0,0,Transient,99.0,0,1
City Hotel,1,53,2016,October,44,29,1,1,2,0.0,0,BB,ITA,Online TA,TA/TO,0,0,0,A,A,0,No Deposit,9.0,0,Transient,107.1,0,1
City Hotel,1,183,2016,October,44,29,2,1,2,0.0,0,SC,BEL,Online TA,TA/TO,0,0,0,A,A,0,No Deposit,9.0,0,Transient,80.1,0,2
City Hotel,1,287,2016,October,44,29,2,1,2,0.0,0,BB,BEL,Online TA,TA/TO,0,0,0,D,D,0,No Deposit,9.0,0,Transient,105.3,0,1
City Hotel,1,7,2016,October,44,29,2,1,2,0.0,0,SC,NGA,Online TA,TA/TO,0,0,0,A,A,0,No Deposit,9.0,0,Transient,126.67,0,1
City Hotel,1,54,2016,October,44,29,2,1,2,0.0,0,BB,PRT,Offline TA/TO,TA/TO,0,0,0,A,A,0,Non Refund,132.0,0,Transient,95.0,0,1
City Hotel,1,23,2016,October,44,29,2,1,2,0.0,0,BB,ESP,Online TA,TA/TO,0,0,0,A,A,0,No Deposit,9.0,0,Transient,140.0,0,0
City Hotel,1,183,2016,October,44,29,2,1,2,0.0,0,SC,BEL,Online TA,TA/TO,0,0,0,A,A,0,No Deposit,9.0,0,Transient,80.1,0,2
City Hotel,1,12,2016,October,44,29,2,1,2,0.0,0,SC,ESP,Online TA,TA/TO,0,0,0,A,A,0,No Deposit,9.0,0,Transient,129.0,0,2
City Hotel,1,10,2016,October,44,29,2,1,2,0.0,0,SC,ITA,Online TA,TA/TO,0,0,0,A,A,0,No Deposit,9.0,0,Transient,120.0,0,3
City Hotel,1,18,2016,October,44,29,2,1,2,0.0,0,BB,ESP,Online TA,TA/TO,0,0,0,A,A,0,No Deposit,9.0,0,Transient,140.0,0,1
City Hotel,1,194,2016,October,44,29,2,1,2,0.0,0,BB,FRA,Online TA,TA/TO,0,0,0,A,A,0,No Deposit,9.0,0,Transient,96.3,0,2
City Hotel,1,183,2016,October,44,29,2,1,2,0.0,0,SC,BEL,Online TA,TA/TO,0,0,0,A,A,0,No Deposit,9.0,0,Transient,80.1,0,2
City Hotel,1,219,2016,October,44,29,2,1,2,0.0,0,BB,PRT,Online TA,TA/TO,0,0,0,A,A,0,No Deposit,8.0,0,Transient,96.3,0,1
City Hotel,1,18,2016,October,44,29,2,1,2,0.0,0,BB,ESP,Online TA,TA/TO,0,0,0,A,A,0,No Deposit,9.0,0,Transient,140.0,0,1
City Hotel,1,57,2016,October,44,29,2,1,2,0.0,0,HB,FRA,Online TA,TA/TO,0,0,0,A,A,0,No Deposit,9.0,0,Transient,141.3,0,1
City Hotel,1,8,2016,October,44,29,2,1,2,0.0,0,SC,NGA,Online TA,TA/TO,0,0,0,A,A,0,No Deposit,9.0,0,Transient,126.67,0,1
City Hotel,1,54,2016,October,44,29,2,1,2,0.0,0,BB,PRT,Offline TA/TO,TA/TO,0,0,0,B,B,0,Non Refund,132.0,0,Transient,95.0,0,1
City Hotel,1,253,2016,October,44,29,2,1,2,0.0,0,SC,PRT,Online TA,TA/TO,0,0,0,A,A,0,No Deposit,7.0,0,Transient,65.83,0,0
City Hotel,1,16,2016,October,44,29,2,1,2,0.0,0,BB,ESP,Online TA,TA/TO,0,0,0,A,A,0,No Deposit,9.0,0,Transient,140.0,0,2
City Hotel,1,183,2016,October,44,29,2,1,2,0.0,0,SC,BEL,Online TA,TA/TO,0,0,0,A,A,0,No Deposit,9.0,0,Transient,80.1,0,2
City Hotel,1,248,2016,October,44,29,2,1,2,0.0,0,BB,PRT,Online TA,TA/TO,0,0,0,A,A,0,No Deposit,7.0,0,Transient,74.15,0,0
City Hotel,1,18,2016,October,44,29,2,1,2,0.0,0,SC,ESP,Online TA,TA/TO,0,0,0,A,A,0,No Deposit,9.0,0,Transient,120.0,0,1
City Hotel,1,183,2016,October,44,29,2,1,2,0.0,0,SC,BEL,Online TA,TA/TO,0,0,0,A,A,0,No Deposit,9.0,0,Transient,80.1,0,2
City Hotel,1,183,2016,October,44,29,2,1,2,0.0,0,SC,BEL,Online TA,TA/TO,0,0,0,A,A,0,No Deposit,9.0,0,Transient,80.1,0,2
City Hotel,1,197,2016,October,44,29,2,1,2,0.0,0,BB,ITA,Online TA,TA/TO,0,0,0,A,A,0,No Deposit,9.0,0,Transient,96.3,0,0
City Hotel,1,183,2016,October,44,29,2,1,2,0.0,0,SC,BEL,Online TA,TA/TO,0,0,0,A,A,0,No Deposit,9.0,0,Transient,80.1,0,2
City Hotel,1,224,2016,October,44,29,2,1,2,0.0,0,BB,ITA,Online TA,TA/TO,0,0,0,A,A,0,No Deposit,9.0,0,Transient,96.3,0,1
City Hotel,1,54,2016,October,44,29,2,1,2,0.0,0,BB,PRT,Offline TA/TO,TA/TO,0,0,0,B,B,0,Non Refund,132.0,0,Transient,95.0,0,1
City Hotel,1,54,2016,October,44,29,2,1,2,0.0,0,BB,PRT,Offline TA/TO,TA/TO,0,0,0,A,A,0,Non Refund,132.0,0,Transient,95.0,0,1
City Hotel,1,184,2016,October,44,29,2,1,2,0.0,0,BB,ITA,Online TA,TA/TO,0,0,0,A,A,0,No Deposit,9.0,0,Transient,90.9,0,1
City Hotel,1,258,2016,October,44,29,2,1,2,0.0,0,BB,ITA,Online TA,TA/TO,0,0,0,A,A,0,No Deposit,9.0,0,Transient,96.3,0,0
City Hotel,1,13,2016,October,44,29,2,2,2,0.0,0,BB,DEU,Online TA,TA/TO,0,0,0,A,A,0,No Deposit,9.0,0,Transient,130.5,0,1
City Hotel,1,226,2016,October,44,29,2,2,2,0.0,0,BB,PRT,Offline TA/TO,TA/TO,0,0,0,A,A,0,No Deposit,3.0,0,Transient-Party,70.0,0,0
City Hotel,1,226,2016,October,44,29,2,2,2,0.0,0,BB,PRT,Offline TA/TO,TA/TO,0,0,0,A,A,0,No Deposit,3.0,0,Transient-Party,70.0,0,0
City Hotel,1,282,2016,October,44,29,2,2,2,0.0,0,BB,DEU,Online TA,TA/TO,0,0,0,A,A,2,No Deposit,9.0,0,Transient,88.83,0,1
City Hotel,1,22,2016,October,44,29,2,2,2,0.0,0,SC,ITA,Online TA,TA/TO,0,0,0,A,A,0,No Deposit,9.0,0,Transient,111.25,0,1
City Hotel,1,227,2016,October,44,29,2,3,2,0.0,0,SC,ITA,Online TA,TA/TO,0,0,0,A,A,0,No Deposit,9.0,0,Transient,77.35,0,0
City Hotel,1,71,2016,October,45,30,1,0,2,0.0,0,BB,PRT,Online TA,TA/TO,0,0,0,A,A,0,No Deposit,7.0,0,Transient,75.54,0,0
City Hotel,1,11,2016,October,45,30,1,0,2,0.0,0,SC,PRT,Online TA,TA/TO,0,0,0,A,A,0,No Deposit,8.0,0,Transient,120.0,0,1
City Hotel,1,23,2016,October,45,30,1,0,2,0.0,0,BB,DEU,Direct,Direct,0,0,0,A,A,0,No Deposit,14.0,0,Transient,130.0,0,0
City Hotel,1,23,2016,October,45,30,1,0,2,0.0,0,BB,DEU,Direct,Direct,0,0,0,A,A,0,No Deposit,14.0,0,Transient,130.0,0,0
City Hotel,1,75,2016,October,45,30,2,0,2,0.0,0,HB,PRT,Offline TA/TO,TA/TO,0,0,0,A,A,0,Non Refund,20.0,0,Transient,105.0,0,0
City Hotel,1,75,2016,October,45,30,2,0,2,0.0,0,HB,PRT,Offline TA/TO,TA/TO,0,0,0,A,A,0,Non Refund,20.0,0,Transient,105.0,0,0
City Hotel,1,78,2016,October,45,30,2,0,2,0.0,0,BB,ESP,Online TA,TA/TO,0,0,0,A,A,0,No Deposit,9.0,0,Transient,90.9,0,0
City Hotel,1,150,2016,October,45,30,2,0,2,0.0,0,SC,BRA,Online TA,TA/TO,0,0,0,A,A,0,No Deposit,9.0,0,Transient,80.1,0,0
City Hotel,1,75,2016,October,45,30,2,0,2,0.0,0,HB,PRT,Offline TA/TO,TA/TO,0,0,0,A,A,0,Non Refund,20.0,0,Transient,105.0,0,0
City Hotel,1,75,2016,October,45,30,2,0,2,0.0,0,HB,PRT,Offline TA/TO,TA/TO,0,0,0,A,A,0,Non Refund,20.0,0,Transient,105.0,0,0
City Hotel,1,75,2016,October,45,30,2,0,2,0.0,0,HB,PRT,Offline TA/TO,TA/TO,0,0,0,A,A,0,Non Refund,20.0,0,Transient,105.0,0,0
City Hotel,1,65,2016,October,45,30,1,0,2,0.0,0,SC,CHN,Online TA,TA/TO,0,0,0,A,A,0,No Deposit,9.0,0,Transient,72.09,0,1
City Hotel,1,46,2016,October,45,30,1,0,2,0.0,0,SC,DEU,Online TA,TA/TO,0,0,0,A,E,0,No Deposit,9.0,0,Transient,99.0,0,0
City Hotel,1,75,2016,October,45,30,2,0,2,0.0,0,HB,PRT,Offline TA/TO,TA/TO,0,0,0,A,A,0,Non Refund,20.0,0,Transient,105.0,0,0
City Hotel,1,75,2016,October,45,30,2,0,2,0.0,0,HB,PRT,Offline TA/TO,TA/TO,0,0,0,A,A,0,Non Refund,20.0,0,Transient,105.0,0,0
City Hotel,1,87,2016,October,45,30,2,0,2,0.0,0,BB,ESP,Online TA,TA/TO,0,0,0,A,A,0,No Deposit,9.0,0,Transient,90.9,0,1
City Hotel,1,75,2016,October,45,30,2,0,2,0.0,0,HB,PRT,Offline TA/TO,TA/TO,0,0,0,A,A,0,Non Refund,20.0,0,Transient,105.0,0,0
City Hotel,1,75,2016,October,45,30,2,0,2,0.0,0,HB,PRT,Offline TA/TO,TA/TO,0,0,0,A,A,0,Non Refund,20.0,0,Transient,105.0,0,0
City Hotel,1,150,2016,October,45,30,2,0,2,0.0,0,SC,BRA,Online TA,TA/TO,0,0,0,A,A,0,No Deposit,9.0,0,Transient,80.1,0,0
City Hotel,1,75,2016,October,45,30,2,0,2,0.0,0,HB,PRT,Offline TA/TO,TA/TO,0,0,0,A,A,0,Non Refund,20.0,0,Transient,105.0,0,0
City Hotel,1,75,2016,October,45,30,2,0,2,0.0,0,HB,PRT,Offline TA/TO,TA/TO,0,0,0,A,A,0,Non Refund,20.0,0,Transient,105.0,0,0
City Hotel,1,150,2016,October,45,30,2,0,2,0.0,0,SC,BRA,Online TA,TA/TO,0,0,0,A,A,0,No Deposit,9.0,0,Transient,80.1,0,0
City Hotel,1,86,2016,October,45,30,2,0,2,0.0,0,SC,PRT,Online TA,TA/TO,0,0,0,A,A,0,No Deposit,7.0,0,Transient,61.68,0,1
City Hotel,1,75,2016,October,45,30,2,0,2,0.0,0,HB,PRT,Offline TA/TO,TA/TO,0,0,0,A,A,0,Non Refund,20.0,0,Transient,105.0,0,0
City Hotel,1,75,2016,October,45,30,2,0,2,0.0,0,HB,PRT,Offline TA/TO,TA/TO,0,0,0,A,A,0,Non Refund,20.0,0,Transient,105.0,0,0
City Hotel,1,85,2016,October,45,30,2,0,2,0.0,0,BB,ESP,Online TA,TA/TO,0,0,0,A,A,0,No Deposit,9.0,0,Transient,90.9,0,1
City Hotel,1,75,2016,October,45,30,2,0,2,0.0,0,HB,PRT,Offline TA/TO,TA/TO,0,0,0,A,A,0,Non Refund,20.0,0,Transient,105.0,0,0
City Hotel,1,75,2016,October,45,30,2,0,2,0.0,0,HB,PRT,Offline TA/TO,TA/TO,0,0,0,A,A,0,Non Refund,20.0,0,Transient,105.0,0,0
City Hotel,1,75,2016,October,45,30,2,0,2,0.0,0,HB,PRT,Offline TA/TO,TA/TO,0,0,0,A,A,0,Non Refund,20.0,0,Transient,105.0,0,0
City Hotel,1,75,2016,October,45,30,2,0,2,0.0,0,HB,PRT,Offline TA/TO,TA/TO,0,0,0,A,A,0,Non Refund,20.0,0,Transient,105.0,0,0
City Hotel,1,75,2016,October,45,30,2,0,2,0.0,0,HB,PRT,Offline TA/TO,TA/TO,0,0,0,A,A,0,Non Refund,20.0,0,Transient,105.0,0,0
City Hotel,1,75,2016,October,45,30,2,0,2,0.0,0,HB,PRT,Offline TA/TO,TA/TO,0,0,0,A,A,0,Non Refund,20.0,0,Transient,105.0,0,0
City Hotel,1,75,2016,October,45,30,2,0,2,0.0,0,HB,PRT,Offline TA/TO,TA/TO,0,0,0,A,A,0,Non Refund,20.0,0,Transient,105.0,0,0
City Hotel,1,75,2016,October,45,30,2,0,2,0.0,0,HB,PRT,Offline TA/TO,TA/TO,0,0,0,A,A,0,Non Refund,20.0,0,Transient,105.0,0,0
City Hotel,1,75,2016,October,45,30,2,0,2,0.0,0,HB,PRT,Offline TA/TO,TA/TO,0,0,0,A,A,0,Non Refund,20.0,0,Transient,105.0,0,0
City Hotel,1,75,2016,October,45,30,2,0,2,0.0,0,HB,PRT,Offline TA/TO,TA/TO,0,0,0,A,A,0,Non Refund,20.0,0,Transient,105.0,0,0
City Hotel,1,87,2016,October,45,30,2,0,2,0.0,0,BB,ESP,Online TA,TA/TO,0,0,0,A,A,0,No Deposit,9.0,0,Transient,90.9,0,1
City Hotel,1,268,2016,October,45,30,2,0,2,0.0,0,HB,PRT,Offline TA/TO,TA/TO,0,0,0,A,A,0,Non Refund,20.0,193,Transient,105.0,0,0
City Hotel,1,197,2016,October,45,30,2,1,2,0.0,0,SC,FRA,Online TA,TA/TO,0,0,0,A,A,0,No Deposit,9.0,0,Transient,82.5,0,0
City Hotel,1,97,2016,October,45,30,2,1,2,0.0,0,SC,FRA,Online TA,TA/TO,0,0,0,A,A,0,No Deposit,9.0,0,Transient,79.8,0,1
City Hotel,1,197,2016,October,45,30,2,1,2,0.0,0,SC,FRA,Online TA,TA/TO,0,0,0,A,A,0,No Deposit,9.0,0,Transient,82.5,0,0
City Hotel,1,95,2016,October,45,30,2,1,2,0.0,0,SC,BRA,Online TA,TA/TO,0,0,0,A,A,0,No Deposit,9.0,0,Transient,79.8,0,2
City Hotel,1,97,2016,October,45,30,2,1,2,0.0,0,SC,FRA,Online TA,TA/TO,0,0,0,A,A,0,No Deposit,9.0,0,Transient,79.8,0,1
City Hotel,1,97,2016,October,45,30,2,1,2,0.0,0,BB,PRT,Offline TA/TO,TA/TO,0,0,0,A,A,0,No Deposit,85.0,0,Transient,80.75,0,0
City Hotel,1,154,2016,October,45,30,2,1,2,0.0,0,BB,BEL,Online TA,TA/TO,0,0,0,D,D,0,No Deposit,9.0,0,Transient,104.1,0,2
City Hotel,1,97,2016,October,45,30,2,1,2,0.0,0,BB,PRT,Offline TA/TO,TA/TO,0,0,0,A,A,0,No Deposit,85.0,0,Transient,80.75,0,0
City Hotel,1,102,2016,October,45,30,2,2,2,0.0,0,SC,ITA,Online TA,TA/TO,0,0,0,A,A,0,No Deposit,9.0,0,Transient,79.65,0,0
City Hotel,1,72,2016,October,45,30,2,2,2,0.0,0,SC,ITA,Online TA,TA/TO,0,0,0,A,A,0,No Deposit,9.0,0,Transient,79.65,0,0
City Hotel,1,82,2016,October,45,30,2,2,2,0.0,0,BB,BEL,Online TA,TA/TO,0,0,0,A,A,2,No Deposit,9.0,0,Transient,90.45,0,2
City Hotel,1,159,2016,October,45,30,2,2,2,0.0,0,BB,GBR,Online TA,TA/TO,0,0,0,B,B,1,No Deposit,9.0,0,Transient,83.5,0,2
City Hotel,1,244,2016,October,45,30,2,3,2,0.0,0,BB,GBR,Online TA,TA/TO,0,0,0,A,A,0,No Deposit,9.0,0,Transient,85.85,0,0
City Hotel,1,244,2016,October,45,30,2,3,2,0.0,0,BB,GBR,Online TA,TA/TO,0,0,0,A,A,0,No Deposit,9.0,0,Transient,85.85,0,0
City Hotel,1,12,2016,October,45,30,2,3,2,0.0,0,SC,IRN,Online TA,TA/TO,0,0,0,A,A,0,No Deposit,9.0,0,Transient,99.0,0,1
City Hotel,1,244,2016,October,45,30,2,3,2,0.0,0,BB,GBR,Online TA,TA/TO,0,0,0,A,A,0,No Deposit,9.0,0,Transient,85.85,0,0
City Hotel,1,50,2016,October,45,30,2,3,2,0.0,0,HB,HUN,Online TA,TA/TO,0,0,0,D,D,0,No Deposit,9.0,0,Transient,162.4,0,1
City Hotel,1,23,2016,October,45,30,2,3,2,0.0,0,SC,IRN,Online TA,TA/TO,0,0,0,A,A,2,No Deposit,9.0,0,Transient,99.0,0,1
City Hotel,1,230,2016,October,45,30,2,3,2,0.0,0,BB,GBR,Online TA,TA/TO,0,0,0,D,D,0,No Deposit,9.0,0,Transient,98.6,0,1
City Hotel,1,49,2016,October,45,30,2,3,2,0.0,0,BB,HUN,Online TA,TA/TO,0,0,0,D,D,0,No Deposit,9.0,0,Transient,124.4,0,1
City Hotel,1,244,2016,October,45,30,2,3,2,0.0,0,BB,GBR,Online TA,TA/TO,0,0,0,A,A,0,No Deposit,9.0,0,Transient,85.85,0,0
City Hotel,1,244,2016,October,45,30,2,3,2,0.0,0,BB,GBR,Online TA,TA/TO,0,0,0,A,A,0,No Deposit,9.0,0,Transient,85.85,0,0
City Hotel,1,54,2016,October,45,30,2,4,2,0.0,0,BB,ITA,Online TA,TA/TO,0,0,0,D,D,0,No Deposit,9.0,0,Transient,111.0,0,1
City Hotel,1,54,2016,October,45,30,2,4,2,0.0,0,BB,ITA,Online TA,TA/TO,0,0,0,D,D,0,No Deposit,9.0,0,Transient,111.0,0,1
City Hotel,1,175,2016,October,45,30,2,4,2,0.0,0,BB,ITA,Online TA,TA/TO,0,0,0,A,A,0,No Deposit,9.0,0,Transient,90.9,0,2
City Hotel,1,197,2016,October,45,31,1,0,2,0.0,0,BB,CHE,Online TA,TA/TO,0,0,0,A,A,0,No Deposit,9.0,0,Transient,96.3,0,3
City Hotel,1,94,2016,October,45,31,1,1,2,0.0,0,BB,BRA,Online TA,TA/TO,0,0,0,A,A,0,No Deposit,9.0,0,Transient,90.45,0,0
City Hotel,1,36,2016,October,45,31,1,2,2,0.0,0,SC,DEU,Online TA,TA/TO,0,0,0,A,A,0,No Deposit,9.0,0,Transient,95.0,0,0
City Hotel,1,93,2016,October,45,31,1,2,2,0.0,0,BB,ITA,Online TA,TA/TO,0,0,0,A,A,0,No Deposit,9.0,0,Transient,90.3,0,2
City Hotel,1,106,2016,October,45,31,1,3,2,0.0,0,BB,DNK,Online TA,TA/TO,0,0,0,A,A,0,No Deposit,9.0,0,Transient,90.23,0,2
City Hotel,1,86,2016,October,45,31,1,3,2,0.0,0,BB,SWE,Online TA,TA/TO,0,0,0,A,A,0,No Deposit,9.0,0,Transient,90.23,0,0
City Hotel,1,29,2016,October,45,31,1,4,2,0.0,0,BB,ITA,Online TA,TA/TO,0,0,0,A,A,0,No Deposit,9.0,0,Transient,114.4,0,2
City Hotel,1,69,2016,October,45,31,1,4,2,0.0,0,SC,GBR,Online TA,TA/TO,0,0,0,A,A,0,No Deposit,9.0,0,Transient,79.38,0,2
City Hotel,1,62,2016,October,45,31,1,4,2,0.0,0,BB,BEL,Online TA,TA/TO,0,0,0,D,D,0,No Deposit,9.0,0,Transient,106.2,0,0
City Hotel,1,166,2016,November,45,1,0,3,2,0.0,0,BB,PRT,Offline TA/TO,TA/TO,0,0,0,E,E,0,Non Refund,236.0,0,Transient,130.0,0,0
City Hotel,1,166,2016,November,45,1,0,3,2,0.0,0,BB,PRT,Offline TA/TO,TA/TO,0,0,0,E,E,0,Non Refund,236.0,0,Transient,130.0,0,0
City Hotel,1,43,2016,November,45,1,0,3,2,0.0,0,BB,ESP,Online TA,TA/TO,0,0,0,A,A,0,No Deposit,9.0,0,Transient,104.4,0,1
City Hotel,1,166,2016,November,45,1,0,3,2,0.0,0,BB,PRT,Offline TA/TO,TA/TO,0,0,0,E,E,0,Non Refund,236.0,0,Transient,130.0,0,0
City Hotel,1,10,2016,November,45,1,0,4,2,0.0,0,SC,COL,Online TA,TA/TO,0,0,0,A,A,0,No Deposit,9.0,0,Transient,102.0,0,0
City Hotel,1,21,2016,November,45,1,0,4,2,0.0,0,BB,NOR,Online TA,TA/TO,0,0,0,A,A,0,No Deposit,9.0,0,Transient,102.0,0,1
City Hotel,1,36,2016,November,45,1,0,4,2,0.0,0,BB,AUT,Online TA,TA/TO,0,0,0,A,A,0,No Deposit,9.0,0,Transient,91.8,0,1
City Hotel,1,20,2016,November,45,1,0,4,2,0.0,0,BB,ITA,Online TA,TA/TO,0,0,0,A,A,0,No Deposit,9.0,0,Transient,102.0,0,1
City Hotel,1,104,2016,November,45,1,0,5,2,0.0,0,SC,BRA,Online TA,TA/TO,0,0,0,A,A,0,No Deposit,9.0,0,Transient,79.2,0,0
City Hotel,1,42,2016,November,45,1,0,5,2,0.0,0,BB,ESP,Online TA,TA/TO,0,0,0,A,A,0,No Deposit,9.0,0,Transient,91.8,0,0
City Hotel,1,53,2016,November,45,2,0,3,2,0.0,0,BB,NLD,Online TA,TA/TO,0,0,0,A,A,0,No Deposit,9.0,0,Transient,108.0,0,1
City Hotel,1,202,2016,November,45,2,0,4,2,0.0,0,BB,DEU,Online TA,TA/TO,0,0,0,A,A,2,No Deposit,9.0,0,Transient,94.33,0,0
City Hotel,1,133,2016,November,45,2,0,4,2,0.0,0,BB,AUT,Online TA,TA/TO,0,0,0,A,A,0,No Deposit,9.0,0,Transient,90.0,0,2
City Hotel,1,38,2016,November,45,2,0,4,2,0.0,0,BB,PRT,Online TA,TA/TO,0,0,0,D,D,0,No Deposit,7.0,0,Transient,77.23,0,3
City Hotel,1,54,2016,November,45,2,1,4,2,0.0,0,SC,POL,Online TA,TA/TO,0,0,0,A,A,2,No Deposit,9.0,0,Transient,85.6,0,3
City Hotel,1,135,2016,November,45,2,1,4,2,0.0,0,BB,BRA,Online TA,TA/TO,0,0,0,A,A,0,No Deposit,9.0,0,Transient,90.0,0,0
City Hotel,1,51,2016,November,45,2,1,4,2,0.0,0,SC,IRL,Online TA,TA/TO,0,0,0,A,A,0,No Deposit,9.0,0,Transient,88.0,0,0
City Hotel,1,52,2016,November,45,3,0,1,2,0.0,0,SC,CHN,Online TA,TA/TO,0,0,0,A,A,0,No Deposit,9.0,0,Transient,79.2,0,0
City Hotel,1,482,2016,November,45,3,0,2,2,0.0,0,BB,PRT,Groups,TA/TO,0,0,0,A,A,0,Non Refund,1.0,0,Transient,62.8,0,0
City Hotel,1,482,2016,November,45,3,0,2,2,0.0,0,BB,PRT,Groups,TA/TO,0,0,0,A,A,0,Non Refund,1.0,0,Transient,62.8,0,0
City Hotel,1,482,2016,November,45,3,0,2,2,0.0,0,BB,PRT,Groups,TA/TO,0,0,0,A,A,0,Non Refund,1.0,0,Transient,62.8,0,0
City Hotel,1,482,2016,November,45,3,0,2,2,0.0,0,BB,PRT,Groups,TA/TO,0,0,0,A,A,0,Non Refund,1.0,0,Transient,62.8,0,0
City Hotel,1,14,2016,November,45,3,0,2,2,0.0,0,SC,FRA,Online TA,TA/TO,0,0,0,A,A,0,No Deposit,9.0,0,Transient,100.0,0,2
City Hotel,1,482,2016,November,45,3,0,2,2,0.0,0,BB,PRT,Groups,TA/TO,0,0,0,A,A,0,Non Refund,1.0,0,Transient,62.8,0,0
City Hotel,1,482,2016,November,45,3,0,2,2,0.0,0,BB,PRT,Groups,TA/TO,0,0,0,A,A,0,Non Refund,1.0,0,Transient,62.8,0,0
City Hotel,1,482,2016,November,45,3,0,2,2,0.0,0,BB,PRT,Groups,TA/TO,0,0,0,A,A,0,Non Refund,1.0,0,Transient,62.8,0,0
City Hotel,1,482,2016,November,45,3,0,2,2,0.0,0,BB,PRT,Groups,TA/TO,0,0,0,A,A,0,Non Refund,1.0,0,Transient,62.8,0,0
City Hotel,1,482,2016,November,45,3,0,2,2,0.0,0,BB,PRT,Groups,TA/TO,0,0,0,A,A,0,Non Refund,1.0,0,Transient,62.8,0,0
City Hotel,1,482,2016,November,45,3,0,2,2,0.0,0,BB,PRT,Groups,TA/TO,0,0,0,A,A,0,Non Refund,1.0,0,Transient,62.8,0,0
City Hotel,1,482,2016,November,45,3,0,2,2,0.0,0,BB,PRT,Groups,TA/TO,0,0,0,A,A,0,Non Refund,1.0,0,Transient,62.8,0,0
City Hotel,1,482,2016,November,45,3,0,2,2,0.0,0,BB,PRT,Groups,TA/TO,0,0,0,A,A,0,Non Refund,1.0,0,Transient,62.8,0,0
City Hotel,1,482,2016,November,45,3,0,2,2,0.0,0,BB,PRT,Groups,TA/TO,0,0,0,A,A,0,Non Refund,1.0,0,Transient,62.8,0,0
City Hotel,1,482,2016,November,45,3,0,2,2,0.0,0,BB,PRT,Groups,TA/TO,0,0,0,A,A,0,Non Refund,1.0,0,Transient,62.8,0,0
City Hotel,1,38,2016,November,45,3,0,2,2,0.0,0,SC,CN,Online TA,TA/TO,0,0,0,A,A,0,No Deposit,9.0,0,Transient,88.0,0,1
City Hotel,1,482,2016,November,45,3,0,2,2,0.0,0,BB,PRT,Groups,TA/TO,0,0,0,A,A,0,Non Refund,1.0,0,Transient,62.8,0,0
City Hotel,1,304,2016,November,45,3,0,3,2,0.0,0,BB,PRT,Offline TA/TO,TA/TO,0,0,0,A,A,0,Non Refund,21.0,0,Transient,89.0,0,0
City Hotel,1,304,2016,November,45,3,0,3,2,0.0,0,BB,PRT,Offline TA/TO,TA/TO,0,0,0,A,A,0,Non Refund,21.0,0,Transient,89.0,0,0
City Hotel,1,304,2016,November,45,3,0,3,2,0.0,0,BB,PRT,Offline TA/TO,TA/TO,0,0,0,A,A,0,Non Refund,21.0,0,Transient,89.0,0,0
City Hotel,1,304,2016,November,45,3,0,3,2,0.0,0,BB,PRT,Offline TA/TO,TA/TO,0,0,0,A,A,0,Non Refund,21.0,0,Transient,89.0,0,0
City Hotel,1,304,2016,November,45,3,0,3,2,0.0,0,BB,PRT,Offline TA/TO,TA/TO,0,0,0,A,A,0,Non Refund,21.0,0,Transient,89.0,0,0
City Hotel,1,304,2016,November,45,3,0,3,2,0.0,0,BB,PRT,Offline TA/TO,TA/TO,0,0,0,A,A,0,Non Refund,21.0,0,Transient,89.0,0,0
City Hotel,1,304,2016,November,45,3,0,3,2,0.0,0,BB,PRT,Offline TA/TO,TA/TO,0,0,0,A,A,0,Non Refund,21.0,0,Transient,89.0,0,0
City Hotel,1,304,2016,November,45,3,0,3,2,0.0,0,BB,PRT,Offline TA/TO,TA/TO,0,0,0,A,A,0,Non Refund,21.0,0,Transient,89.0,0,0
City Hotel,1,304,2016,November,45,3,0,3,2,0.0,0,BB,PRT,Offline TA/TO,TA/TO,0,0,0,A,A,0,Non Refund,21.0,0,Transient,89.0,0,0
City Hotel,1,304,2016,November,45,3,0,3,2,0.0,0,BB,PRT,Offline TA/TO,TA/TO,0,0,0,A,A,0,Non Refund,21.0,0,Transient,89.0,0,0
City Hotel,1,304,2016,November,45,3,0,3,2,0.0,0,BB,PRT,Offline TA/TO,TA/TO,0,0,0,A,A,0,Non Refund,21.0,0,Transient,89.0,0,0
City Hotel,1,304,2016,November,45,3,0,3,2,0.0,0,BB,PRT,Offline TA/TO,TA/TO,0,0,0,A,A,0,Non Refund,21.0,0,Transient,89.0,0,0
City Hotel,1,304,2016,November,45,3,0,3,2,0.0,0,BB,PRT,Offline TA/TO,TA/TO,0,0,0,A,A,0,Non Refund,21.0,0,Transient,89.0,0,0
City Hotel,1,304,2016,November,45,3,0,3,2,0.0,0,BB,PRT,Offline TA/TO,TA/TO,0,0,0,A,A,0,Non Refund,21.0,0,Transient,89.0,0,0
City Hotel,1,58,2016,November,45,3,0,3,2,0.0,0,SC,IND,Online TA,TA/TO,0,0,0,A,A,0,No Deposit,9.0,0,Transient,79.2,0,0
City Hotel,1,304,2016,November,45,3,0,3,2,0.0,0,BB,PRT,Offline TA/TO,TA/TO,0,0,0,A,A,0,Non Refund,21.0,0,Transient,89.0,0,0
City Hotel,1,304,2016,November,45,3,0,3,2,0.0,0,BB,PRT,Offline TA/TO,TA/TO,0,0,0,A,A,0,Non Refund,21.0,0,Transient,89.0,0,0
City Hotel,1,304,2016,November,45,3,0,3,2,0.0,0,BB,PRT,Offline TA/TO,TA/TO,0,0,0,A,A,0,Non Refund,21.0,0,Transient,89.0,0,0
City Hotel,1,304,2016,November,45,3,0,3,2,0.0,0,BB,PRT,Offline TA/TO,TA/TO,0,0,0,A,A,0,Non Refund,21.0,0,Transient,89.0,0,0
City Hotel,1,304,2016,November,45,3,0,3,2,0.0,0,BB,PRT,Offline TA/TO,TA/TO,0,0,0,A,A,0,Non Refund,21.0,0,Transient,89.0,0,0
City Hotel,1,49,2016,November,45,3,0,2,2,0.0,0,SC,TWN,Online TA,TA/TO,0,0,0,A,A,0,No Deposit,9.0,0,Transient,79.2,0,2
City Hotel,1,304,2016,November,45,3,0,3,2,0.0,0,BB,PRT,Offline TA/TO,TA/TO,0,0,0,A,A,0,Non Refund,21.0,0,Transient,89.0,0,0
City Hotel,1,304,2016,November,45,3,0,3,2,0.0,0,BB,PRT,Offline TA/TO,TA/TO,0,0,0,A,A,0,Non Refund,21.0,0,Transient,89.0,0,0
City Hotel,1,304,2016,November,45,3,0,3,2,0.0,0,BB,PRT,Offline TA/TO,TA/TO,0,0,0,A,A,0,Non Refund,21.0,0,Transient,89.0,0,0
City Hotel,1,304,2016,November,45,3,0,3,2,0.0,0,BB,PRT,Offline TA/TO,TA/TO,0,0,0,A,A,0,Non Refund,21.0,0,Transient,89.0,0,0
City Hotel,1,304,2016,November,45,3,0,3,2,0.0,0,BB,PRT,Offline TA/TO,TA/TO,0,0,0,A,A,0,Non Refund,21.0,0,Transient,89.0,0,0
City Hotel,1,304,2016,November,45,3,0,3,2,0.0,0,BB,PRT,Offline TA/TO,TA/TO,0,0,0,A,A,0,Non Refund,21.0,0,Transient,89.0,0,0
City Hotel,1,304,2016,November,45,3,0,3,2,0.0,0,BB,PRT,Offline TA/TO,TA/TO,0,0,0,A,A,0,Non Refund,21.0,0,Transient,89.0,0,0
City Hotel,1,304,2016,November,45,3,0,3,2,0.0,0,BB,PRT,Offline TA/TO,TA/TO,0,0,0,A,A,0,Non Refund,21.0,0,Transient,89.0,0,0
City Hotel,1,304,2016,November,45,3,0,3,2,0.0,0,BB,PRT,Offline TA/TO,TA/TO,0,0,0,A,A,0,Non Refund,21.0,0,Transient,89.0,0,0
City Hotel,1,304,2016,November,45,3,0,3,2,0.0,0,BB,PRT,Offline TA/TO,TA/TO,0,0,0,A,A,0,Non Refund,21.0,0,Transient,89.0,0,0
City Hotel,1,304,2016,November,45,3,0,3,2,0.0,0,BB,PRT,Offline TA/TO,TA/TO,0,0,0,A,A,0,Non Refund,21.0,0,Transient,89.0,0,0
City Hotel,1,304,2016,November,45,3,0,3,2,0.0,0,BB,PRT,Offline TA/TO,TA/TO,0,0,0,A,A,0,Non Refund,21.0,0,Transient,89.0,0,0
City Hotel,1,304,2016,November,45,3,0,3,2,0.0,0,BB,PRT,Offline TA/TO,TA/TO,0,0,0,A,A,0,Non Refund,21.0,0,Transient,89.0,0,0
City Hotel,1,304,2016,November,45,3,0,3,2,0.0,0,BB,PRT,Offline TA/TO,TA/TO,0,0,0,A,A,0,Non Refund,21.0,0,Transient,89.0,0,0
City Hotel,1,304,2016,November,45,3,0,3,2,0.0,0,BB,PRT,Offline TA/TO,TA/TO,0,0,0,A,A,0,Non Refund,21.0,0,Transient,89.0,0,0
City Hotel,1,304,2016,November,45,3,0,3,2,0.0,0,BB,PRT,Offline TA/TO,TA/TO,0,0,0,A,A,0,Non Refund,21.0,0,Transient,89.0,0,0
City Hotel,1,304,2016,November,45,3,0,3,2,0.0,0,BB,PRT,Offline TA/TO,TA/TO,0,0,0,A,A,0,Non Refund,21.0,0,Transient,89.0,0,0
City Hotel,1,304,2016,November,45,3,0,3,2,0.0,0,BB,PRT,Offline TA/TO,TA/TO,0,0,0,A,A,0,Non Refund,21.0,0,Transient,89.0,0,0
City Hotel,1,304,2016,November,45,3,0,3,2,0.0,0,BB,PRT,Offline TA/TO,TA/TO,0,0,0,A,A,0,Non Refund,21.0,0,Transient,89.0,0,0
City Hotel,1,304,2016,November,45,3,0,3,2,0.0,0,BB,PRT,Offline TA/TO,TA/TO,0,0,0,A,A,0,Non Refund,21.0,0,Transient,89.0,0,0
City Hotel,1,304,2016,November,45,3,0,3,2,0.0,0,BB,PRT,Offline TA/TO,TA/TO,0,0,0,A,A,0,Non Refund,21.0,0,Transient,89.0,0,0
City Hotel,1,76,2016,November,45,3,0,3,2,0.0,0,BB,IND,Online TA,TA/TO,0,0,0,A,A,0,No Deposit,9.0,0,Transient,93.6,0,1
City Hotel,1,304,2016,November,45,3,0,3,2,0.0,0,BB,PRT,Offline TA/TO,TA/TO,0,0,0,A,A,0,Non Refund,21.0,0,Transient,89.0,0,0
City Hotel,1,304,2016,November,45,3,0,3,2,0.0,0,BB,PRT,Offline TA/TO,TA/TO,0,0,0,A,A,0,Non Refund,21.0,0,Transient,89.0,0,0
City Hotel,1,304,2016,November,45,3,0,3,2,0.0,0,BB,PRT,Offline TA/TO,TA/TO,0,0,0,A,A,0,Non Refund,21.0,0,Transient,89.0,0,0
City Hotel,1,304,2016,November,45,3,0,3,2,0.0,0,BB,PRT,Offline TA/TO,TA/TO,0,0,0,A,A,0,Non Refund,21.0,0,Transient,89.0,0,0
City Hotel,1,304,2016,November,45,3,0,3,2,0.0,0,BB,PRT,Offline TA/TO,TA/TO,0,0,0,A,A,0,Non Refund,21.0,0,Transient,89.0,0,0
City Hotel,1,304,2016,November,45,3,0,3,2,0.0,0,BB,PRT,Offline TA/TO,TA/TO,0,0,0,A,A,0,Non Refund,21.0,0,Transient,89.0,0,0
City Hotel,1,76,2016,November,45,3,0,3,2,0.0,0,BB,IND,Online TA,TA/TO,0,0,0,A,A,0,No Deposit,9.0,0,Transient,93.6,0,1
City Hotel,1,304,2016,November,45,3,0,3,2,0.0,0,BB,PRT,Offline TA/TO,TA/TO,0,0,0,A,A,0,Non Refund,21.0,0,Transient,89.0,0,0
City Hotel,1,304,2016,November,45,3,0,3,2,0.0,0,BB,PRT,Offline TA/TO,TA/TO,0,0,0,A,A,0,Non Refund,21.0,0,Transient,89.0,0,0
City Hotel,1,304,2016,November,45,3,0,3,2,0.0,0,BB,PRT,Offline TA/TO,TA/TO,0,0,0,A,A,0,Non Refund,21.0,0,Transient,89.0,0,0
City Hotel,1,304,2016,November,45,3,0,3,2,0.0,0,BB,PRT,Offline TA/TO,TA/TO,0,0,0,A,A,0,Non Refund,21.0,0,Transient,89.0,0,0
City Hotel,1,304,2016,November,45,3,0,3,2,0.0,0,BB,PRT,Offline TA/TO,TA/TO,0,0,0,A,A,0,Non Refund,21.0,0,Transient,89.0,0,0
City Hotel,1,304,2016,November,45,3,0,3,2,0.0,0,BB,PRT,Offline TA/TO,TA/TO,0,0,0,A,A,0,Non Refund,21.0,0,Transient,89.0,0,0
City Hotel,1,304,2016,November,45,3,0,3,2,0.0,0,BB,PRT,Offline TA/TO,TA/TO,0,0,0,A,A,0,Non Refund,21.0,0,Transient,89.0,0,0
City Hotel,1,304,2016,November,45,3,0,3,2,0.0,0,BB,PRT,Offline TA/TO,TA/TO,0,0,0,A,A,0,Non Refund,21.0,0,Transient,89.0,0,0
City Hotel,1,304,2016,November,45,3,0,3,2,0.0,0,BB,PRT,Offline TA/TO,TA/TO,0,0,0,A,A,0,Non Refund,21.0,0,Transient,89.0,0,0
City Hotel,1,304,2016,November,45,3,0,3,2,0.0,0,BB,PRT,Offline TA/TO,TA/TO,0,0,0,A,A,0,Non Refund,21.0,0,Transient,89.0,0,0
City Hotel,1,304,2016,November,45,3,0,3,2,0.0,0,BB,PRT,Offline TA/TO,TA/TO,0,0,0,A,A,0,Non Refund,21.0,0,Transient,89.0,0,0
City Hotel,1,304,2016,November,45,3,0,3,2,0.0,0,BB,PRT,Offline TA/TO,TA/TO,0,0,0,A,A,0,Non Refund,21.0,0,Transient,89.0,0,0
City Hotel,1,304,2016,November,45,3,0,3,2,0.0,0,BB,PRT,Offline TA/TO,TA/TO,0,0,0,A,A,0,Non Refund,21.0,0,Transient,89.0,0,0
City Hotel,1,304,2016,November,45,3,0,3,2,0.0,0,BB,PRT,Offline TA/TO,TA/TO,0,0,0,A,A,0,Non Refund,21.0,0,Transient,89.0,0,0
City Hotel,1,304,2016,November,45,3,0,3,2,0.0,0,BB,PRT,Offline TA/TO,TA/TO,0,0,0,A,A,0,Non Refund,21.0,0,Transient,89.0,0,0
City Hotel,1,304,2016,November,45,3,0,3,2,0.0,0,BB,PRT,Offline TA/TO,TA/TO,0,0,0,A,A,0,Non Refund,21.0,0,Transient,89.0,0,0
City Hotel,1,304,2016,November,45,3,0,3,2,0.0,0,BB,PRT,Offline TA/TO,TA/TO,0,0,0,A,A,0,Non Refund,21.0,0,Transient,89.0,0,0
City Hotel,1,304,2016,November,45,3,0,3,2,0.0,0,BB,PRT,Offline TA/TO,TA/TO,0,0,0,A,A,0,Non Refund,21.0,0,Transient,89.0,0,0
City Hotel,1,304,2016,November,45,3,0,3,2,0.0,0,BB,PRT,Offline TA/TO,TA/TO,0,0,0,A,A,0,Non Refund,21.0,0,Transient,89.0,0,0
City Hotel,1,304,2016,November,45,3,0,3,2,0.0,0,BB,PRT,Offline TA/TO,TA/TO,0,0,0,A,A,0,Non Refund,21.0,0,Transient,89.0,0,0
City Hotel,1,304,2016,November,45,3,0,3,2,0.0,0,BB,PRT,Offline TA/TO,TA/TO,0,0,0,A,A,0,Non Refund,21.0,0,Transient,89.0,0,0
City Hotel,1,304,2016,November,45,3,0,3,2,0.0,0,BB,PRT,Offline TA/TO,TA/TO,0,0,0,A,A,0,Non Refund,21.0,0,Transient,89.0,0,0
City Hotel,1,304,2016,November,45,3,0,3,2,0.0,0,BB,PRT,Offline TA/TO,TA/TO,0,0,0,A,A,0,Non Refund,21.0,0,Transient,89.0,0,0
City Hotel,1,304,2016,November,45,3,0,3,2,0.0,0,BB,PRT,Offline TA/TO,TA/TO,0,0,0,A,A,0,Non Refund,21.0,0,Transient,89.0,0,0
City Hotel,1,98,2016,November,45,3,0,3,2,0.0,0,BB,PRT,Online TA,TA/TO,0,0,0,A,A,0,No Deposit,9.0,0,Transient,99.0,0,2
City Hotel,1,304,2016,November,45,3,0,3,2,0.0,0,BB,PRT,Offline TA/TO,TA/TO,0,0,0,A,A,0,Non Refund,21.0,0,Transient,89.0,0,0
City Hotel,1,304,2016,November,45,3,0,3,2,0.0,0,BB,PRT,Offline TA/TO,TA/TO,0,0,0,A,A,0,Non Refund,21.0,0,Transient,89.0,0,0
City Hotel,1,304,2016,November,45,3,0,3,2,0.0,0,BB,PRT,Offline TA/TO,TA/TO,0,0,0,A,A,0,Non Refund,21.0,0,Transient,89.0,0,0
City Hotel,1,304,2016,November,45,3,0,3,2,0.0,0,BB,PRT,Offline TA/TO,TA/TO,0,0,0,A,A,0,Non Refund,21.0,0,Transient,89.0,0,0
City Hotel,1,304,2016,November,45,3,0,3,2,0.0,0,BB,PRT,Offline TA/TO,TA/TO,0,0,0,A,A,0,Non Refund,21.0,0,Transient,89.0,0,0
City Hotel,1,304,2016,November,45,3,0,3,2,0.0,0,BB,PRT,Offline TA/TO,TA/TO,0,0,0,A,A,0,Non Refund,21.0,0,Transient,89.0,0,0
City Hotel,1,304,2016,November,45,3,0,3,2,0.0,0,BB,PRT,Offline TA/TO,TA/TO,0,0,0,A,A,0,Non Refund,21.0,0,Transient,89.0,0,0
City Hotel,1,304,2016,November,45,3,0,3,2,0.0,0,BB,PRT,Offline TA/TO,TA/TO,0,0,0,A,A,0,Non Refund,21.0,0,Transient,89.0,0,0
City Hotel,1,304,2016,November,45,3,0,3,2,0.0,0,BB,PRT,Offline TA/TO,TA/TO,0,0,0,A,A,0,Non Refund,21.0,0,Transient,89.0,0,0
City Hotel,1,304,2016,November,45,3,0,3,2,0.0,0,BB,PRT,Offline TA/TO,TA/TO,0,0,0,A,A,0,Non Refund,21.0,0,Transient,89.0,0,0
City Hotel,1,304,2016,November,45,3,0,3,2,0.0,0,BB,PRT,Offline TA/TO,TA/TO,0,0,0,A,A,0,Non Refund,21.0,0,Transient,89.0,0,0
City Hotel,1,304,2016,November,45,3,0,3,2,0.0,0,BB,PRT,Offline TA/TO,TA/TO,0,0,0,A,A,0,Non Refund,21.0,0,Transient,89.0,0,0
City Hotel,1,304,2016,November,45,3,0,3,2,0.0,0,BB,PRT,Offline TA/TO,TA/TO,0,0,0,A,A,0,Non Refund,21.0,0,Transient,89.0,0,0
City Hotel,1,304,2016,November,45,3,0,3,2,0.0,0,BB,PRT,Offline TA/TO,TA/TO,0,0,0,A,A,0,Non Refund,21.0,0,Transient,89.0,0,0
City Hotel,1,304,2016,November,45,3,0,3,2,0.0,0,BB,PRT,Offline TA/TO,TA/TO,0,0,0,A,A,0,Non Refund,21.0,0,Transient,89.0,0,0
City Hotel,1,50,2016,November,45,3,1,3,2,0.0,0,BB,FRA,Online TA,TA/TO,0,0,0,A,A,0,No Deposit,9.0,0,Transient,108.0,0,1
City Hotel,1,64,2016,November,45,3,1,3,2,0.0,0,BB,CN,Online TA,TA/TO,0,0,0,D,D,0,No Deposit,9.0,0,Transient,106.2,0,1
City Hotel,1,83,2016,November,45,3,1,3,2,0.0,0,SC,ITA,Online TA,TA/TO,0,0,0,A,A,0,No Deposit,9.0,0,Transient,79.2,0,0
City Hotel,1,69,2016,November,45,4,0,1,2,0.0,0,SC,ESP,Online TA,TA/TO,0,0,0,A,A,0,No Deposit,9.0,0,Transient,79.2,0,2
City Hotel,1,20,2016,November,45,4,0,1,2,0.0,0,SC,PRT,Online TA,TA/TO,0,0,0,A,A,0,No Deposit,86.0,0,Transient,80.0,0,0
City Hotel,1,126,2016,November,45,4,0,1,2,0.0,0,SC,NLD,Online TA,TA/TO,0,0,0,A,A,0,No Deposit,9.0,0,Transient,79.2,0,1
City Hotel,1,30,2016,November,45,4,0,1,2,0.0,0,SC,PRT,Online TA,TA/TO,0,0,0,A,A,0,No Deposit,7.0,0,Transient,80.47,0,1
City Hotel,1,19,2016,November,45,4,0,1,2,0.0,0,BB,AGO,Online TA,TA/TO,0,0,0,D,D,0,No Deposit,9.0,0,Transient,130.0,0,1
City Hotel,1,20,2016,November,45,4,0,1,2,0.0,0,SC,PRT,Online TA,TA/TO,0,0,0,A,D,0,No Deposit,159.0,0,Transient,100.0,0,0
City Hotel,1,74,2016,November,45,4,0,2,2,0.0,0,BB,ESP,Online TA,TA/TO,0,0,0,A,A,0,No Deposit,9.0,0,Transient,93.6,0,0
City Hotel,1,74,2016,November,45,4,0,2,2,0.0,0,BB,ESP,Online TA,TA/TO,0,0,0,A,A,0,No Deposit,9.0,0,Transient,93.6,0,0
City Hotel,1,305,2016,November,45,4,1,2,2,0.0,0,BB,PRT,Offline TA/TO,TA/TO,0,0,0,A,A,0,Non Refund,21.0,0,Transient,89.0,0,0
City Hotel,1,305,2016,November,45,4,1,2,2,0.0,0,BB,PRT,Offline TA/TO,TA/TO,0,0,0,A,A,0,Non Refund,21.0,0,Transient,89.0,0,0
City Hotel,1,305,2016,November,45,4,1,2,2,0.0,0,BB,PRT,Offline TA/TO,TA/TO,0,0,0,A,A,0,Non Refund,21.0,0,Transient,89.0,0,0
City Hotel,1,305,2016,November,45,4,1,2,2,0.0,0,BB,PRT,Offline TA/TO,TA/TO,0,0,0,A,A,0,Non Refund,21.0,0,Transient,89.0,0,0
City Hotel,1,305,2016,November,45,4,1,2,2,0.0,0,BB,PRT,Offline TA/TO,TA/TO,0,0,0,A,A,0,Non Refund,21.0,0,Transient,89.0,0,0
City Hotel,1,305,2016,November,45,4,1,2,2,0.0,0,BB,PRT,Offline TA/TO,TA/TO,0,0,0,A,A,0,Non Refund,21.0,0,Transient,89.0,0,0
City Hotel,1,305,2016,November,45,4,1,2,2,0.0,0,BB,PRT,Offline TA/TO,TA/TO,0,0,0,A,A,0,Non Refund,21.0,0,Transient,89.0,0,0
City Hotel,1,305,2016,November,45,4,1,2,2,0.0,0,BB,PRT,Offline TA/TO,TA/TO,0,0,0,A,A,0,Non Refund,21.0,0,Transient,89.0,0,0
City Hotel,1,305,2016,November,45,4,1,2,2,0.0,0,BB,PRT,Offline TA/TO,TA/TO,0,0,0,A,A,0,Non Refund,21.0,0,Transient,89.0,0,0
City Hotel,1,305,2016,November,45,4,1,2,2,0.0,0,BB,PRT,Offline TA/TO,TA/TO,0,0,0,A,A,0,Non Refund,21.0,0,Transient,89.0,0,0
City Hotel,1,305,2016,November,45,4,1,2,2,0.0,0,BB,PRT,Offline TA/TO,TA/TO,0,0,0,A,A,0,Non Refund,21.0,0,Transient,89.0,0,0
City Hotel,1,305,2016,November,45,4,1,2,2,0.0,0,BB,PRT,Offline TA/TO,TA/TO,0,0,0,A,A,0,Non Refund,21.0,0,Transient,89.0,0,0
City Hotel,1,305,2016,November,45,4,1,2,2,0.0,0,BB,PRT,Offline TA/TO,TA/TO,0,0,0,A,A,0,Non Refund,21.0,0,Transient,89.0,0,0
City Hotel,1,305,2016,November,45,4,1,2,2,0.0,0,BB,PRT,Offline TA/TO,TA/TO,0,0,0,A,A,0,Non Refund,21.0,0,Transient,89.0,0,0
City Hotel,1,70,2016,November,45,4,1,2,2,0.0,0,BB,TUR,Online TA,TA/TO,0,0,0,A,A,0,No Deposit,9.0,0,Transient,93.6,0,0
City Hotel,1,305,2016,November,45,4,1,2,2,0.0,0,BB,PRT,Offline TA/TO,TA/TO,0,0,0,A,A,0,Non Refund,21.0,0,Transient,89.0,0,0
City Hotel,1,305,2016,November,45,4,1,2,2,0.0,0,BB,PRT,Offline TA/TO,TA/TO,0,0,0,A,A,0,Non Refund,21.0,0,Transient,89.0,0,0
City Hotel,1,305,2016,November,45,4,1,2,2,0.0,0,BB,PRT,Offline TA/TO,TA/TO,0,0,0,A,A,0,Non Refund,21.0,0,Transient,89.0,0,0
City Hotel,1,305,2016,November,45,4,1,2,2,0.0,0,BB,PRT,Offline TA/TO,TA/TO,0,0,0,A,A,0,Non Refund,21.0,0,Transient,89.0,0,0
City Hotel,1,305,2016,November,45,4,1,2,2,0.0,0,BB,PRT,Offline TA/TO,TA/TO,0,0,0,A,A,0,Non Refund,21.0,0,Transient,89.0,0,0
City Hotel,1,305,2016,November,45,4,1,2,2,0.0,0,BB,PRT,Offline TA/TO,TA/TO,0,0,0,A,A,0,Non Refund,21.0,0,Transient,89.0,0,0
City Hotel,1,305,2016,November,45,4,1,2,2,0.0,0,BB,PRT,Offline TA/TO,TA/TO,0,0,0,A,A,0,Non Refund,21.0,0,Transient,89.0,0,0
City Hotel,1,305,2016,November,45,4,1,2,2,0.0,0,BB,PRT,Offline TA/TO,TA/TO,0,0,0,A,A,0,Non Refund,21.0,0,Transient,89.0,0,0
City Hotel,1,305,2016,November,45,4,1,2,2,0.0,0,BB,PRT,Offline TA/TO,TA/TO,0,0,0,A,A,0,Non Refund,21.0,0,Transient,89.0,0,0
City Hotel,1,305,2016,November,45,4,1,2,2,0.0,0,BB,PRT,Offline TA/TO,TA/TO,0,0,0,A,A,0,Non Refund,21.0,0,Transient,89.0,0,0
City Hotel,1,305,2016,November,45,4,1,2,2,0.0,0,BB,PRT,Offline TA/TO,TA/TO,0,0,0,A,A,0,Non Refund,21.0,0,Transient,89.0,0,0
City Hotel,1,305,2016,November,45,4,1,2,2,0.0,0,BB,PRT,Offline TA/TO,TA/TO,0,0,0,A,A,0,Non Refund,21.0,0,Transient,89.0,0,0
City Hotel,1,61,2016,November,45,4,1,2,2,0.0,0,SC,DNK,Online TA,TA/TO,0,0,0,A,A,0,No Deposit,9.0,0,Transient,79.2,0,1
City Hotel,1,305,2016,November,45,4,1,2,2,0.0,0,BB,PRT,Offline TA/TO,TA/TO,0,0,0,A,A,0,Non Refund,21.0,0,Transient,89.0,0,0
City Hotel,1,305,2016,November,45,4,1,2,2,0.0,0,BB,PRT,Offline TA/TO,TA/TO,0,0,0,A,A,0,Non Refund,21.0,0,Transient,89.0,0,0
City Hotel,1,305,2016,November,45,4,1,2,2,0.0,0,BB,PRT,Offline TA/TO,TA/TO,0,0,0,A,A,0,Non Refund,21.0,0,Transient,89.0,0,0
City Hotel,1,305,2016,November,45,4,1,2,2,0.0,0,BB,PRT,Offline TA/TO,TA/TO,0,0,0,A,A,0,Non Refund,21.0,0,Transient,89.0,0,0
City Hotel,1,305,2016,November,45,4,1,2,2,0.0,0,BB,PRT,Offline TA/TO,TA/TO,0,0,0,A,A,0,Non Refund,21.0,0,Transient,89.0,0,0
City Hotel,1,305,2016,November,45,4,1,2,2,0.0,0,BB,PRT,Offline TA/TO,TA/TO,0,0,0,A,A,0,Non Refund,21.0,0,Transient,89.0,0,0
City Hotel,1,94,2016,November,45,4,1,2,2,0.0,0,BB,FRA,Online TA,TA/TO,0,0,0,A,A,0,No Deposit,9.0,0,Transient,90.0,0,0
City Hotel,1,78,2016,November,45,4,1,2,2,0.0,0,BB,PRT,Direct,Direct,0,0,0,A,A,0,No Deposit,,0,Transient,80.0,0,1
City Hotel,1,305,2016,November,45,4,1,2,2,0.0,0,BB,PRT,Offline TA/TO,TA/TO,0,0,0,A,A,0,Non Refund,21.0,0,Transient,89.0,0,0
City Hotel,1,305,2016,November,45,4,1,2,2,0.0,0,BB,PRT,Offline TA/TO,TA/TO,0,0,0,A,A,0,Non Refund,21.0,0,Transient,89.0,0,0
City Hotel,1,305,2016,November,45,4,1,2,2,0.0,0,BB,PRT,Offline TA/TO,TA/TO,0,0,0,A,A,0,Non Refund,21.0,0,Transient,89.0,0,0
City Hotel,1,305,2016,November,45,4,1,2,2,0.0,0,BB,PRT,Offline TA/TO,TA/TO,0,0,0,A,A,0,Non Refund,21.0,0,Transient,89.0,0,0
City Hotel,1,305,2016,November,45,4,1,2,2,0.0,0,BB,PRT,Offline TA/TO,TA/TO,0,0,0,A,A,0,Non Refund,21.0,0,Transient,89.0,0,0
City Hotel,1,305,2016,November,45,4,1,2,2,0.0,0,BB,PRT,Offline TA/TO,TA/TO,0,0,0,A,A,0,Non Refund,21.0,0,Transient,89.0,0,0
City Hotel,1,305,2016,November,45,4,1,2,2,0.0,0,BB,PRT,Offline TA/TO,TA/TO,0,0,0,A,A,0,Non Refund,21.0,0,Transient,89.0,0,0
City Hotel,1,305,2016,November,45,4,1,2,2,0.0,0,BB,PRT,Offline TA/TO,TA/TO,0,0,0,A,A,0,Non Refund,21.0,0,Transient,89.0,0,0
City Hotel,1,305,2016,November,45,4,1,2,2,0.0,0,BB,PRT,Offline TA/TO,TA/TO,0,0,0,A,A,0,Non Refund,21.0,0,Transient,89.0,0,0
City Hotel,1,305,2016,November,45,4,1,2,2,0.0,0,BB,PRT,Offline TA/TO,TA/TO,0,0,0,A,A,0,Non Refund,21.0,0,Transient,89.0,0,0
City Hotel,1,305,2016,November,45,4,1,2,2,0.0,0,BB,PRT,Offline TA/TO,TA/TO,0,0,0,A,A,0,Non Refund,21.0,0,Transient,89.0,0,0
City Hotel,1,305,2016,November,45,4,1,2,2,0.0,0,BB,PRT,Offline TA/TO,TA/TO,0,0,0,A,A,0,Non Refund,21.0,0,Transient,89.0,0,0
City Hotel,1,305,2016,November,45,4,1,2,2,0.0,0,BB,PRT,Offline TA/TO,TA/TO,0,0,0,A,A,0,Non Refund,21.0,0,Transient,89.0,0,0
City Hotel,1,305,2016,November,45,4,1,2,2,0.0,0,BB,PRT,Offline TA/TO,TA/TO,0,0,0,A,A,0,Non Refund,21.0,0,Transient,89.0,0,0
City Hotel,1,107,2016,November,45,4,1,2,2,0.0,0,HB,ITA,Online TA,TA/TO,0,0,0,A,A,0,No Deposit,9.0,0,Transient,124.2,0,1
City Hotel,1,53,2016,November,45,4,0,2,2,0.0,0,SC,GBR,Online TA,TA/TO,0,0,0,A,A,0,No Deposit,9.0,0,Transient,88.0,0,1
City Hotel,1,63,2016,November,45,4,0,2,2,0.0,0,BB,FRA,Online TA,TA/TO,0,0,0,A,A,0,No Deposit,9.0,0,Transient,97.2,0,1
City Hotel,1,305,2016,November,45,4,1,2,2,0.0,0,BB,PRT,Offline TA/TO,TA/TO,0,0,0,A,A,0,Non Refund,21.0,0,Transient,89.0,0,0
City Hotel,1,305,2016,November,45,4,1,2,2,0.0,0,BB,PRT,Offline TA/TO,TA/TO,0,0,0,A,A,0,Non Refund,21.0,0,Transient,89.0,0,0
City Hotel,1,305,2016,November,45,4,1,2,2,0.0,0,BB,PRT,Offline TA/TO,TA/TO,0,0,0,A,A,0,Non Refund,21.0,0,Transient,89.0,0,0
City Hotel,1,305,2016,November,45,4,1,2,2,0.0,0,BB,PRT,Offline TA/TO,TA/TO,0,0,0,A,A,0,Non Refund,21.0,0,Transient,89.0,0,0
City Hotel,1,305,2016,November,45,4,1,2,2,0.0,0,BB,PRT,Offline TA/TO,TA/TO,0,0,0,A,A,0,Non Refund,21.0,0,Transient,89.0,0,0
City Hotel,1,305,2016,November,45,4,1,2,2,0.0,0,BB,PRT,Offline TA/TO,TA/TO,0,0,0,A,A,0,Non Refund,21.0,0,Transient,89.0,0,0
City Hotel,1,305,2016,November,45,4,1,2,2,0.0,0,BB,PRT,Offline TA/TO,TA/TO,0,0,0,A,A,0,Non Refund,21.0,0,Transient,89.0,0,0
City Hotel,1,305,2016,November,45,4,1,2,2,0.0,0,BB,PRT,Offline TA/TO,TA/TO,0,0,0,A,A,0,Non Refund,21.0,0,Transient,89.0,0,0
City Hotel,1,305,2016,November,45,4,1,2,2,0.0,0,BB,PRT,Offline TA/TO,TA/TO,0,0,0,A,A,0,Non Refund,21.0,0,Transient,89.0,0,0
City Hotel,1,305,2016,November,45,4,1,2,2,0.0,0,BB,PRT,Offline TA/TO,TA/TO,0,0,0,A,A,0,Non Refund,21.0,0,Transient,89.0,0,0
City Hotel,1,305,2016,November,45,4,1,2,2,0.0,0,BB,PRT,Offline TA/TO,TA/TO,0,0,0,A,A,0,Non Refund,21.0,0,Transient,89.0,0,0
City Hotel,1,305,2016,November,45,4,1,2,2,0.0,0,BB,PRT,Offline TA/TO,TA/TO,0,0,0,A,A,0,Non Refund,21.0,0,Transient,89.0,0,0
City Hotel,1,305,2016,November,45,4,1,2,2,0.0,0,BB,PRT,Offline TA/TO,TA/TO,0,0,0,A,A,0,Non Refund,21.0,0,Transient,89.0,0,0
City Hotel,1,305,2016,November,45,4,1,2,2,0.0,0,BB,PRT,Offline TA/TO,TA/TO,0,0,0,A,A,0,Non Refund,21.0,0,Transient,89.0,0,0
City Hotel,1,305,2016,November,45,4,1,2,2,0.0,0,BB,PRT,Offline TA/TO,TA/TO,0,0,0,A,A,0,Non Refund,21.0,0,Transient,89.0,0,0
City Hotel,1,305,2016,November,45,4,1,2,2,0.0,0,BB,PRT,Offline TA/TO,TA/TO,0,0,0,A,A,0,Non Refund,21.0,0,Transient,89.0,0,0
City Hotel,1,305,2016,November,45,4,1,2,2,0.0,0,BB,PRT,Offline TA/TO,TA/TO,0,0,0,A,A,0,Non Refund,21.0,0,Transient,89.0,0,0
City Hotel,1,305,2016,November,45,4,1,2,2,0.0,0,BB,PRT,Offline TA/TO,TA/TO,0,0,0,A,A,0,Non Refund,21.0,0,Transient,89.0,0,0
City Hotel,1,305,2016,November,45,4,1,2,2,0.0,0,BB,PRT,Offline TA/TO,TA/TO,0,0,0,A,A,0,Non Refund,21.0,0,Transient,89.0,0,0
City Hotel,1,305,2016,November,45,4,1,2,2,0.0,0,BB,PRT,Offline TA/TO,TA/TO,0,0,0,A,A,0,Non Refund,21.0,0,Transient,89.0,0,0
City Hotel,1,305,2016,November,45,4,1,2,2,0.0,0,BB,PRT,Offline TA/TO,TA/TO,0,0,0,A,A,0,Non Refund,21.0,0,Transient,89.0,0,0
City Hotel,1,305,2016,November,45,4,1,2,2,0.0,0,BB,PRT,Offline TA/TO,TA/TO,0,0,0,A,A,0,Non Refund,21.0,0,Transient,89.0,0,0
City Hotel,1,305,2016,November,45,4,1,2,2,0.0,0,BB,PRT,Offline TA/TO,TA/TO,0,0,0,A,A,0,Non Refund,21.0,0,Transient,89.0,0,0
City Hotel,1,305,2016,November,45,4,1,2,2,0.0,0,BB,PRT,Offline TA/TO,TA/TO,0,0,0,A,A,0,Non Refund,21.0,0,Transient,89.0,0,0
City Hotel,1,305,2016,November,45,4,1,2,2,0.0,0,BB,PRT,Offline TA/TO,TA/TO,0,0,0,A,A,0,Non Refund,21.0,0,Transient,89.0,0,0
City Hotel,1,305,2016,November,45,4,1,2,2,0.0,0,BB,PRT,Offline TA/TO,TA/TO,0,0,0,A,A,0,Non Refund,21.0,0,Transient,89.0,0,0
City Hotel,1,305,2016,November,45,4,1,2,2,0.0,0,BB,PRT,Offline TA/TO,TA/TO,0,0,0,A,A,0,Non Refund,21.0,0,Transient,89.0,0,0
City Hotel,1,305,2016,November,45,4,1,2,2,0.0,0,BB,PRT,Offline TA/TO,TA/TO,0,0,0,A,A,0,Non Refund,21.0,0,Transient,89.0,0,0
City Hotel,1,305,2016,November,45,4,1,2,2,0.0,0,BB,PRT,Offline TA/TO,TA/TO,0,0,0,A,A,0,Non Refund,21.0,0,Transient,89.0,0,0
City Hotel,1,305,2016,November,45,4,1,2,2,0.0,0,BB,PRT,Offline TA/TO,TA/TO,0,0,0,A,A,0,Non Refund,21.0,0,Transient,89.0,0,0
City Hotel,1,305,2016,November,45,4,1,2,2,0.0,0,BB,PRT,Offline TA/TO,TA/TO,0,0,0,A,A,0,Non Refund,21.0,0,Transient,89.0,0,0
City Hotel,1,107,2016,November,45,4,1,2,2,0.0,0,HB,ITA,Online TA,TA/TO,0,0,0,A,A,0,No Deposit,9.0,0,Transient,124.2,0,1
City Hotel,1,305,2016,November,45,4,1,2,2,0.0,0,BB,PRT,Offline TA/TO,TA/TO,0,0,0,A,A,0,Non Refund,21.0,0,Transient,89.0,0,0
City Hotel,1,106,2016,November,45,4,1,2,2,0.0,0,BB,CHE,Online TA,TA/TO,0,0,0,A,A,0,No Deposit,9.0,0,Transient,90.0,0,2
City Hotel,1,305,2016,November,45,4,1,2,2,0.0,0,BB,PRT,Offline TA/TO,TA/TO,0,0,0,A,A,0,Non Refund,21.0,0,Transient,89.0,0,0
City Hotel,1,106,2016,November,45,4,1,2,2,0.0,0,HB,CHE,Online TA,TA/TO,0,0,0,A,A,0,No Deposit,9.0,0,Transient,124.2,0,0
City Hotel,1,305,2016,November,45,4,1,2,2,0.0,0,BB,PRT,Offline TA/TO,TA/TO,0,0,0,A,A,0,Non Refund,21.0,0,Transient,89.0,0,0
City Hotel,1,305,2016,November,45,4,1,2,2,0.0,0,BB,PRT,Offline TA/TO,TA/TO,0,0,0,A,A,0,Non Refund,21.0,0,Transient,89.0,0,0
City Hotel,1,305,2016,November,45,4,1,2,2,0.0,0,BB,PRT,Offline TA/TO,TA/TO,0,0,0,A,A,0,Non Refund,21.0,0,Transient,89.0,0,0
City Hotel,1,305,2016,November,45,4,1,2,2,0.0,0,BB,PRT,Offline TA/TO,TA/TO,0,0,0,A,A,0,Non Refund,21.0,0,Transient,89.0,0,0
City Hotel,1,305,2016,November,45,4,1,2,2,0.0,0,BB,PRT,Offline TA/TO,TA/TO,0,0,0,A,A,0,Non Refund,21.0,0,Transient,89.0,0,0
City Hotel,1,62,2016,November,45,4,1,2,2,0.0,0,BB,IRL,Online TA,TA/TO,0,0,0,A,A,0,No Deposit,9.0,0,Transient,97.2,0,2
City Hotel,1,305,2016,November,45,4,1,2,2,0.0,0,BB,PRT,Offline TA/TO,TA/TO,0,0,0,A,A,0,Non Refund,21.0,0,Transient,89.0,0,0
City Hotel,1,117,2016,November,45,4,2,5,2,0.0,0,SC,IRL,Online TA,TA/TO,0,0,0,A,A,0,No Deposit,9.0,0,Transient,126.0,0,1
City Hotel,1,74,2016,November,45,4,2,6,2,0.0,0,BB,USA,Direct,Direct,0,0,0,D,D,0,No Deposit,14.0,0,Transient,155.5,0,0
City Hotel,1,61,2016,November,45,4,4,9,2,0.0,0,BB,GHA,Direct,Direct,0,0,0,A,A,0,No Deposit,14.0,0,Transient,104.4,0,0
City Hotel,1,11,2016,November,45,5,0,1,2,0.0,0,BB,GBR,Online TA,TA/TO,0,0,0,D,D,0,No Deposit,9.0,0,Transient,140.0,0,1
City Hotel,1,11,2016,November,45,5,0,1,2,0.0,0,BB,GBR,Online TA,TA/TO,0,0,0,A,A,0,No Deposit,9.0,0,Transient,130.0,0,1
City Hotel,1,11,2016,November,45,5,0,1,2,0.0,0,BB,GBR,Online TA,TA/TO,0,0,0,A,A,0,No Deposit,9.0,0,Transient,130.0,0,1
City Hotel,1,9,2016,November,45,5,0,1,2,0.0,0,BB,PRT,Direct,Direct,0,0,0,A,A,0,No Deposit,14.0,0,Transient,105.0,0,0
City Hotel,1,11,2016,November,45,5,0,1,2,0.0,0,BB,GBR,Online TA,TA/TO,0,0,0,A,A,0,No Deposit,9.0,0,Transient,130.0,0,1
City Hotel,1,11,2016,November,45,5,0,1,2,0.0,0,BB,GBR,Online TA,TA/TO,0,0,0,D,D,0,No Deposit,9.0,0,Transient,140.0,0,1
City Hotel,1,11,2016,November,45,5,0,1,2,0.0,0,BB,GBR,Online TA,TA/TO,0,0,0,A,A,0,No Deposit,9.0,0,Transient,130.0,0,1
City Hotel,1,11,2016,November,45,5,0,1,2,0.0,0,BB,GBR,Online TA,TA/TO,0,0,0,A,A,0,No Deposit,9.0,0,Transient,130.0,0,1
City Hotel,1,11,2016,November,45,5,0,1,2,0.0,0,BB,GBR,Online TA,TA/TO,0,0,0,A,A,0,No Deposit,9.0,0,Transient,130.0,0,1
City Hotel,1,11,2016,November,45,5,0,1,2,0.0,0,BB,GBR,Online TA,TA/TO,0,0,0,A,A,0,No Deposit,9.0,0,Transient,130.0,0,1
City Hotel,1,11,2016,November,45,5,0,1,2,0.0,0,BB,GBR,Online TA,TA/TO,0,0,0,A,A,0,No Deposit,9.0,0,Transient,130.0,0,1
City Hotel,1,11,2016,November,45,5,0,1,2,0.0,0,BB,GBR,Online TA,TA/TO,0,0,0,A,A,0,No Deposit,9.0,0,Transient,130.0,0,1
City Hotel,1,11,2016,November,45,5,0,1,2,0.0,0,BB,GBR,Online TA,TA/TO,0,0,0,A,A,0,No Deposit,9.0,0,Transient,130.0,0,1
City Hotel,1,11,2016,November,45,5,0,1,2,0.0,0,BB,GBR,Online TA,TA/TO,0,0,0,D,D,0,No Deposit,9.0,0,Transient,140.0,0,1
City Hotel,1,11,2016,November,45,5,0,1,2,0.0,0,BB,GBR,Online TA,TA/TO,0,0,0,D,D,0,No Deposit,9.0,0,Transient,140.0,0,1
City Hotel,1,8,2016,November,45,5,0,1,2,0.0,0,BB,PRT,Direct,Direct,0,0,0,A,A,0,No Deposit,,0,Transient-Party,89.0,0,0
City Hotel,1,45,2016,November,45,5,1,1,2,0.0,0,BB,FRA,Online TA,TA/TO,0,0,0,D,D,0,No Deposit,9.0,0,Transient,106.2,0,2
City Hotel,1,97,2016,November,45,5,1,1,2,0.0,0,SC,GBR,Online TA,TA/TO,0,0,0,A,A,0,No Deposit,9.0,0,Transient,79.2,0,1
City Hotel,1,38,2016,November,45,5,2,1,2,0.0,0,BB,CHN,Online TA,TA/TO,0,0,0,D,D,0,No Deposit,9.0,0,Transient,125.62,0,0
City Hotel,1,31,2016,November,45,5,2,3,2,0.0,0,BB,PRT,Online TA,TA/TO,0,0,0,D,D,0,No Deposit,7.0,0,Transient,127.94,0,1
City Hotel,1,76,2016,November,46,6,1,0,2,0.0,0,SC,USA,Online TA,TA/TO,0,0,0,A,A,0,No Deposit,9.0,0,Transient,79.2,0,2
City Hotel,1,5,2016,November,46,6,2,2,2,0.0,0,BB,PRT,Online TA,TA/TO,0,0,0,A,A,0,No Deposit,8.0,0,Transient,165.75,0,1
City Hotel,1,88,2016,November,46,6,2,2,2,0.0,0,BB,PRT,Online TA,TA/TO,0,0,0,A,A,0,No Deposit,8.0,0,Transient,165.75,0,1
City Hotel,1,66,2016,November,46,6,2,3,2,0.0,0,HB,PRT,Online TA,TA/TO,0,0,0,A,A,1,No Deposit,83.0,0,Transient,150.22,0,0
City Hotel,1,25,2016,November,46,6,2,4,2,0.0,0,BB,EGY,Online TA,TA/TO,0,0,0,A,A,0,No Deposit,9.0,0,Transient,168.38,0,1
City Hotel,1,215,2016,November,46,6,2,5,2,0.0,0,BB,PRT,Online TA,TA/TO,0,0,0,A,A,0,No Deposit,8.0,0,Transient,177.09,0,0
City Hotel,1,96,2016,November,46,6,2,5,2,0.0,0,BB,PRT,Offline TA/TO,TA/TO,0,0,0,D,D,0,No Deposit,27.0,0,Transient,78.2,0,0
City Hotel,1,277,2016,November,46,7,1,2,2,0.0,0,BB,PRT,Groups,TA/TO,0,0,0,A,A,0,Non Refund,,0,Transient,100.0,0,0
City Hotel,1,277,2016,November,46,7,1,2,2,0.0,0,BB,PRT,Groups,TA/TO,0,0,0,A,A,0,Non Refund,,0,Transient,100.0,0,0
City Hotel,1,277,2016,November,46,7,1,2,2,0.0,0,BB,PRT,Groups,TA/TO,0,0,0,A,A,0,Non Refund,,0,Transient,100.0,0,0
City Hotel,1,277,2016,November,46,7,1,2,2,0.0,0,BB,PRT,Groups,TA/TO,0,0,0,A,A,0,Non Refund,,0,Transient,100.0,0,0
City Hotel,1,277,2016,November,46,7,1,2,2,0.0,0,BB,PRT,Groups,TA/TO,0,0,0,A,A,0,Non Refund,,0,Transient,100.0,0,0
City Hotel,1,277,2016,November,46,7,1,2,2,0.0,0,BB,PRT,Groups,TA/TO,0,0,0,A,A,0,Non Refund,,0,Transient,100.0,0,0
City Hotel,1,277,2016,November,46,7,1,2,2,0.0,0,BB,PRT,Groups,TA/TO,0,0,0,A,A,0,Non Refund,,0,Transient,100.0,0,0
City Hotel,1,277,2016,November,46,7,1,2,2,0.0,0,BB,PRT,Groups,TA/TO,0,0,0,A,A,0,Non Refund,,0,Transient,100.0,0,0
City Hotel,1,277,2016,November,46,7,1,2,2,0.0,0,BB,PRT,Groups,TA/TO,0,0,0,A,A,0,Non Refund,,0,Transient,100.0,0,0
City Hotel,1,277,2016,November,46,7,1,2,2,0.0,0,BB,PRT,Groups,TA/TO,0,0,0,A,A,0,Non Refund,,0,Transient,100.0,0,0
City Hotel,1,277,2016,November,46,7,1,2,2,0.0,0,BB,PRT,Groups,TA/TO,0,0,0,A,A,0,Non Refund,,0,Transient,100.0,0,0
City Hotel,1,277,2016,November,46,7,1,2,2,0.0,0,BB,PRT,Groups,TA/TO,0,0,0,A,A,0,Non Refund,,0,Transient,100.0,0,0
City Hotel,1,277,2016,November,46,7,1,2,2,0.0,0,BB,PRT,Groups,TA/TO,0,0,0,A,A,0,Non Refund,,0,Transient,100.0,0,0
City Hotel,1,277,2016,November,46,7,1,2,2,0.0,0,BB,PRT,Groups,TA/TO,0,0,0,A,A,0,Non Refund,,0,Transient,100.0,0,0
City Hotel,1,277,2016,November,46,7,1,2,2,0.0,0,BB,PRT,Groups,TA/TO,0,0,0,A,A,0,Non Refund,,0,Transient,100.0,0,0
City Hotel,1,277,2016,November,46,7,1,2,2,0.0,0,BB,PRT,Groups,TA/TO,0,0,0,A,A,0,Non Refund,,0,Transient,100.0,0,0
City Hotel,1,102,2016,November,46,7,1,2,2,0.0,0,SC,PRT,Offline TA/TO,TA/TO,0,0,0,A,A,0,No Deposit,85.0,0,Transient,59.5,0,0
City Hotel,1,277,2016,November,46,7,1,2,2,0.0,0,BB,PRT,Groups,TA/TO,0,0,0,A,A,0,Non Refund,,0,Transient,100.0,0,0
City Hotel,1,277,2016,November,46,7,1,2,2,0.0,0,BB,PRT,Groups,TA/TO,0,0,0,A,A,0,Non Refund,,0,Transient,100.0,0,0
City Hotel,1,277,2016,November,46,7,1,2,2,0.0,0,BB,PRT,Groups,TA/TO,0,0,0,A,A,0,Non Refund,,0,Transient,100.0,0,0
City Hotel,1,277,2016,November,46,7,1,2,2,0.0,0,BB,PRT,Groups,TA/TO,0,0,0,A,A,0,Non Refund,,0,Transient,100.0,0,0
City Hotel,1,277,2016,November,46,7,1,2,2,0.0,0,BB,PRT,Groups,TA/TO,0,0,0,A,A,0,Non Refund,,0,Transient,100.0,0,0
City Hotel,1,277,2016,November,46,7,1,2,2,0.0,0,BB,PRT,Groups,TA/TO,0,0,0,A,A,0,Non Refund,,0,Transient,100.0,0,0
City Hotel,1,277,2016,November,46,7,1,2,2,0.0,0,BB,PRT,Groups,TA/TO,0,0,0,A,A,0,Non Refund,,0,Transient,100.0,0,0
City Hotel,1,277,2016,November,46,7,1,2,2,0.0,0,BB,PRT,Groups,TA/TO,0,0,0,A,A,0,Non Refund,,0,Transient,100.0,0,0
City Hotel,1,277,2016,November,46,7,1,2,2,0.0,0,BB,PRT,Groups,TA/TO,0,0,0,A,A,0,Non Refund,,0,Transient,100.0,0,0
City Hotel,1,277,2016,November,46,7,1,2,2,0.0,0,BB,PRT,Groups,TA/TO,0,0,0,A,A,0,Non Refund,,0,Transient,100.0,0,0
City Hotel,1,277,2016,November,46,7,1,2,2,0.0,0,BB,PRT,Groups,TA/TO,0,0,0,A,A,0,Non Refund,,0,Transient,100.0,0,0
City Hotel,1,277,2016,November,46,7,1,2,2,0.0,0,BB,PRT,Groups,TA/TO,0,0,0,A,A,0,Non Refund,,0,Transient,100.0,0,0
City Hotel,1,277,2016,November,46,7,1,2,2,0.0,0,BB,PRT,Groups,TA/TO,0,0,0,A,A,0,Non Refund,,0,Transient,100.0,0,0
City Hotel,1,277,2016,November,46,7,1,2,2,0.0,0,BB,PRT,Groups,TA/TO,0,0,0,A,A,0,Non Refund,,0,Transient,100.0,0,0
City Hotel,1,277,2016,November,46,7,1,2,2,0.0,0,BB,PRT,Groups,TA/TO,0,0,0,A,A,0,Non Refund,,0,Transient,100.0,0,0
City Hotel,1,277,2016,November,46,7,1,2,2,0.0,0,BB,PRT,Groups,TA/TO,0,0,0,A,A,0,Non Refund,,0,Transient,100.0,0,0
City Hotel,1,277,2016,November,46,7,1,2,2,0.0,0,BB,PRT,Groups,TA/TO,0,0,0,A,A,0,Non Refund,,0,Transient,100.0,0,0
City Hotel,1,277,2016,November,46,7,1,2,2,0.0,0,BB,PRT,Groups,TA/TO,0,0,0,A,A,0,Non Refund,,0,Transient,100.0,0,0
City Hotel,1,277,2016,November,46,7,1,2,2,0.0,0,BB,PRT,Groups,TA/TO,0,0,0,A,A,0,Non Refund,,0,Transient,100.0,0,0
City Hotel,1,277,2016,November,46,7,1,2,2,0.0,0,BB,PRT,Groups,TA/TO,0,0,0,A,A,0,Non Refund,,0,Transient,100.0,0,0
City Hotel,1,277,2016,November,46,7,1,2,2,0.0,0,BB,PRT,Groups,TA/TO,0,0,0,A,A,0,Non Refund,,0,Transient,100.0,0,0
City Hotel,1,277,2016,November,46,7,1,2,2,0.0,0,BB,PRT,Groups,TA/TO,0,0,0,A,A,0,Non Refund,,0,Transient,100.0,0,0
City Hotel,1,277,2016,November,46,7,1,2,2,0.0,0,BB,PRT,Groups,TA/TO,0,0,0,A,A,0,Non Refund,,0,Transient,100.0,0,0
City Hotel,1,277,2016,November,46,7,1,2,2,0.0,0,BB,PRT,Groups,TA/TO,0,0,0,A,A,0,Non Refund,,0,Transient,100.0,0,0
City Hotel,1,277,2016,November,46,7,1,2,2,0.0,0,BB,PRT,Groups,TA/TO,0,0,0,A,A,0,Non Refund,,0,Transient,100.0,0,0
City Hotel,1,277,2016,November,46,7,1,2,2,0.0,0,BB,PRT,Groups,TA/TO,0,0,0,A,A,0,Non Refund,,0,Transient,100.0,0,0
City Hotel,1,277,2016,November,46,7,1,2,2,0.0,0,BB,PRT,Groups,TA/TO,0,0,0,A,A,0,Non Refund,,0,Transient,100.0,0,0
City Hotel,1,277,2016,November,46,7,1,2,2,0.0,0,BB,PRT,Groups,TA/TO,0,0,0,A,A,0,Non Refund,,0,Transient,100.0,0,0
City Hotel,1,277,2016,November,46,7,1,2,2,0.0,0,BB,PRT,Groups,TA/TO,0,0,0,A,A,0,Non Refund,,0,Transient,100.0,0,0
City Hotel,1,277,2016,November,46,7,1,2,2,0.0,0,BB,PRT,Groups,TA/TO,0,0,0,A,A,0,Non Refund,,0,Transient,100.0,0,0
City Hotel,1,277,2016,November,46,7,1,2,2,0.0,0,BB,PRT,Groups,TA/TO,0,0,0,A,A,0,Non Refund,,0,Transient,100.0,0,0
City Hotel,1,277,2016,November,46,7,1,2,2,0.0,0,BB,PRT,Groups,TA/TO,0,0,0,A,A,0,Non Refund,,0,Transient,100.0,0,0
City Hotel,1,277,2016,November,46,7,1,2,2,0.0,0,BB,PRT,Groups,TA/TO,0,0,0,A,A,0,Non Refund,,0,Transient,100.0,0,0
City Hotel,1,277,2016,November,46,7,1,2,2,0.0,0,BB,PRT,Groups,TA/TO,0,0,0,A,A,0,Non Refund,,0,Transient,100.0,0,0
City Hotel,1,277,2016,November,46,7,1,2,2,0.0,0,BB,PRT,Groups,TA/TO,0,0,0,A,A,0,Non Refund,,0,Transient,100.0,0,0
City Hotel,1,277,2016,November,46,7,1,2,2,0.0,0,BB,PRT,Groups,TA/TO,0,0,0,A,A,0,Non Refund,,0,Transient,100.0,0,0
City Hotel,1,277,2016,November,46,7,1,2,2,0.0,0,BB,PRT,Groups,TA/TO,0,0,0,A,A,0,Non Refund,,0,Transient,100.0,0,0
City Hotel,1,277,2016,November,46,7,1,2,2,0.0,0,BB,PRT,Groups,TA/TO,0,0,0,A,A,0,Non Refund,,0,Transient,100.0,0,0
City Hotel,1,277,2016,November,46,7,1,2,2,0.0,0,BB,PRT,Groups,TA/TO,0,0,0,A,A,0,Non Refund,,0,Transient,100.0,0,0
City Hotel,1,277,2016,November,46,7,1,2,2,0.0,0,BB,PRT,Groups,TA/TO,0,0,0,A,A,0,Non Refund,,0,Transient,100.0,0,0
City Hotel,1,277,2016,November,46,7,1,2,2,0.0,0,BB,PRT,Groups,TA/TO,0,0,0,A,A,0,Non Refund,,0,Transient,100.0,0,0
City Hotel,1,277,2016,November,46,7,1,2,2,0.0,0,BB,PRT,Groups,TA/TO,0,0,0,A,A,0,Non Refund,,0,Transient,100.0,0,0
City Hotel,1,277,2016,November,46,7,1,2,2,0.0,0,BB,PRT,Groups,TA/TO,0,0,0,A,A,0,Non Refund,,0,Transient,100.0,0,0
City Hotel,1,277,2016,November,46,7,1,2,2,0.0,0,BB,PRT,Groups,TA/TO,0,0,0,A,A,0,Non Refund,,0,Transient,100.0,0,0
City Hotel,1,277,2016,November,46,7,1,2,2,0.0,0,BB,PRT,Groups,TA/TO,0,0,0,A,A,0,Non Refund,,0,Transient,100.0,0,0
City Hotel,1,277,2016,November,46,7,1,2,2,0.0,0,BB,PRT,Groups,TA/TO,0,0,0,A,A,0,Non Refund,,0,Transient,100.0,0,0
City Hotel,1,277,2016,November,46,7,1,2,2,0.0,0,BB,PRT,Groups,TA/TO,0,0,0,A,A,0,Non Refund,,0,Transient,100.0,0,0
City Hotel,1,277,2016,November,46,7,1,2,2,0.0,0,BB,PRT,Groups,TA/TO,0,0,0,A,A,0,Non Refund,,0,Transient,100.0,0,0
City Hotel,1,277,2016,November,46,7,1,2,2,0.0,0,BB,PRT,Groups,TA/TO,0,0,0,A,A,0,Non Refund,,0,Transient,100.0,0,0
City Hotel,1,277,2016,November,46,7,1,2,2,0.0,0,BB,PRT,Groups,TA/TO,0,0,0,A,A,0,Non Refund,,0,Transient,100.0,0,0
City Hotel,1,277,2016,November,46,7,1,2,2,0.0,0,BB,PRT,Groups,TA/TO,0,0,0,A,A,0,Non Refund,,0,Transient,100.0,0,0
City Hotel,1,277,2016,November,46,7,1,2,2,0.0,0,BB,PRT,Groups,TA/TO,0,0,0,A,A,0,Non Refund,,0,Transient,100.0,0,0
City Hotel,1,277,2016,November,46,7,1,2,2,0.0,0,BB,PRT,Groups,TA/TO,0,0,0,A,A,0,Non Refund,,0,Transient,100.0,0,0
City Hotel,1,277,2016,November,46,7,1,2,2,0.0,0,BB,PRT,Groups,TA/TO,0,0,0,A,A,0,Non Refund,,0,Transient,100.0,0,0
City Hotel,1,277,2016,November,46,7,1,2,2,0.0,0,BB,PRT,Groups,TA/TO,0,0,0,A,A,0,Non Refund,,0,Transient,100.0,0,0
City Hotel,1,277,2016,November,46,7,1,2,2,0.0,0,BB,PRT,Groups,TA/TO,0,0,0,A,A,0,Non Refund,,0,Transient,100.0,0,0
City Hotel,1,277,2016,November,46,7,1,2,2,0.0,0,BB,PRT,Groups,TA/TO,0,0,0,A,A,0,Non Refund,,0,Transient,100.0,0,0
City Hotel,1,277,2016,November,46,7,1,2,2,0.0,0,BB,PRT,Groups,TA/TO,0,0,0,A,A,0,Non Refund,,0,Transient,100.0,0,0
City Hotel,1,277,2016,November,46,7,1,2,2,0.0,0,BB,PRT,Groups,TA/TO,0,0,0,A,A,0,Non Refund,,0,Transient,100.0,0,0
City Hotel,1,277,2016,November,46,7,1,2,2,0.0,0,BB,PRT,Groups,TA/TO,0,0,0,A,A,0,Non Refund,,0,Transient,100.0,0,0
City Hotel,1,277,2016,November,46,7,1,2,2,0.0,0,BB,PRT,Groups,TA/TO,0,0,0,A,A,0,Non Refund,,0,Transient,100.0,0,0
City Hotel,1,277,2016,November,46,7,1,2,2,0.0,0,BB,PRT,Groups,TA/TO,0,0,0,A,A,0,Non Refund,,0,Transient,100.0,0,0
City Hotel,1,277,2016,November,46,7,1,2,2,0.0,0,BB,PRT,Groups,TA/TO,0,0,0,A,A,0,Non Refund,,0,Transient,100.0,0,0
City Hotel,1,277,2016,November,46,7,1,2,2,0.0,0,BB,PRT,Groups,TA/TO,0,0,0,A,A,0,Non Refund,,0,Transient,100.0,0,0
City Hotel,1,277,2016,November,46,7,1,2,2,0.0,0,BB,PRT,Groups,TA/TO,0,0,0,A,A,0,Non Refund,,0,Transient,100.0,0,0
City Hotel,1,277,2016,November,46,7,1,2,2,0.0,0,BB,PRT,Groups,TA/TO,0,0,0,A,A,0,Non Refund,,0,Transient,100.0,0,0
City Hotel,1,277,2016,November,46,7,1,2,2,0.0,0,BB,PRT,Groups,TA/TO,0,0,0,A,A,0,Non Refund,,0,Transient,100.0,0,0
City Hotel,1,277,2016,November,46,7,1,2,2,0.0,0,BB,PRT,Groups,TA/TO,0,0,0,A,A,0,Non Refund,,0,Transient,100.0,0,0
City Hotel,1,277,2016,November,46,7,1,2,2,0.0,0,BB,PRT,Groups,TA/TO,0,0,0,A,A,0,Non Refund,,0,Transient,100.0,0,0
City Hotel,1,277,2016,November,46,7,1,2,2,0.0,0,BB,PRT,Groups,TA/TO,0,0,0,A,A,0,Non Refund,,0,Transient,100.0,0,0
City Hotel,1,277,2016,November,46,7,1,2,2,0.0,0,BB,PRT,Groups,TA/TO,0,0,0,A,A,0,Non Refund,,0,Transient,100.0,0,0
City Hotel,1,277,2016,November,46,7,1,2,2,0.0,0,BB,PRT,Groups,TA/TO,0,0,0,A,A,0,Non Refund,,0,Transient,100.0,0,0
City Hotel,1,277,2016,November,46,7,1,2,2,0.0,0,BB,PRT,Groups,TA/TO,0,0,0,A,A,0,Non Refund,,0,Transient,100.0,0,0
City Hotel,1,277,2016,November,46,7,1,2,2,0.0,0,BB,PRT,Groups,TA/TO,0,0,0,A,A,0,Non Refund,,0,Transient,100.0,0,0
City Hotel,1,277,2016,November,46,7,1,2,2,0.0,0,BB,PRT,Groups,TA/TO,0,0,0,A,A,0,Non Refund,,0,Transient,100.0,0,0
City Hotel,1,277,2016,November,46,7,1,2,2,0.0,0,BB,PRT,Groups,TA/TO,0,0,0,A,A,0,Non Refund,,0,Transient,100.0,0,0
City Hotel,1,277,2016,November,46,7,1,2,2,0.0,0,BB,PRT,Groups,TA/TO,0,0,0,A,A,0,Non Refund,,0,Transient,100.0,0,0
City Hotel,1,277,2016,November,46,7,1,2,2,0.0,0,BB,PRT,Groups,TA/TO,0,0,0,A,A,0,Non Refund,,0,Transient,100.0,0,0
City Hotel,1,277,2016,November,46,7,1,2,2,0.0,0,BB,PRT,Groups,TA/TO,0,0,0,A,A,0,Non Refund,,0,Transient,100.0,0,0
City Hotel,1,277,2016,November,46,7,1,2,2,0.0,0,BB,PRT,Groups,TA/TO,0,0,0,A,A,0,Non Refund,,0,Transient,100.0,0,0
City Hotel,1,277,2016,November,46,7,1,2,2,0.0,0,BB,PRT,Groups,TA/TO,0,0,0,A,A,0,Non Refund,,0,Transient,100.0,0,0
City Hotel,1,277,2016,November,46,7,1,2,2,0.0,0,BB,PRT,Groups,TA/TO,0,0,0,A,A,0,Non Refund,,0,Transient,100.0,0,0
City Hotel,1,277,2016,November,46,7,1,2,2,0.0,0,BB,PRT,Groups,TA/TO,0,0,0,A,A,0,Non Refund,,0,Transient,100.0,0,0
City Hotel,1,277,2016,November,46,7,1,2,2,0.0,0,BB,PRT,Groups,TA/TO,0,0,0,A,A,0,Non Refund,,0,Transient,100.0,0,0
City Hotel,1,277,2016,November,46,7,1,2,2,0.0,0,BB,PRT,Groups,TA/TO,0,0,0,A,A,0,Non Refund,,0,Transient,100.0,0,0
City Hotel,1,277,2016,November,46,7,1,2,2,0.0,0,BB,PRT,Groups,TA/TO,0,0,0,A,A,0,Non Refund,,0,Transient,100.0,0,0
City Hotel,1,277,2016,November,46,7,1,2,2,0.0,0,BB,PRT,Groups,TA/TO,0,0,0,A,A,0,Non Refund,,0,Transient,100.0,0,0
City Hotel,1,277,2016,November,46,7,1,2,2,0.0,0,BB,PRT,Groups,TA/TO,0,0,0,A,A,0,Non Refund,,0,Transient,100.0,0,0
City Hotel,1,277,2016,November,46,7,1,2,2,0.0,0,BB,PRT,Groups,TA/TO,0,0,0,A,A,0,Non Refund,,0,Transient,100.0,0,0
City Hotel,1,277,2016,November,46,7,1,2,2,0.0,0,BB,PRT,Groups,TA/TO,0,0,0,A,A,0,Non Refund,,0,Transient,100.0,0,0
City Hotel,1,277,2016,November,46,7,1,2,2,0.0,0,BB,PRT,Groups,TA/TO,0,0,0,A,A,0,Non Refund,,0,Transient,100.0,0,0
City Hotel,1,277,2016,November,46,7,1,2,2,0.0,0,BB,PRT,Groups,TA/TO,0,0,0,A,A,0,Non Refund,,0,Transient,100.0,0,0
City Hotel,1,277,2016,November,46,7,1,2,2,0.0,0,BB,PRT,Groups,TA/TO,0,0,0,A,A,0,Non Refund,,0,Transient,100.0,0,0
City Hotel,1,277,2016,November,46,7,1,2,2,0.0,0,BB,PRT,Groups,TA/TO,0,0,0,A,A,0,Non Refund,,0,Transient,100.0,0,0
City Hotel,1,277,2016,November,46,7,1,2,2,0.0,0,BB,PRT,Groups,TA/TO,0,0,0,A,A,0,Non Refund,,0,Transient,100.0,0,0
City Hotel,1,277,2016,November,46,7,1,2,2,0.0,0,BB,PRT,Groups,TA/TO,0,0,0,A,A,0,Non Refund,,0,Transient,100.0,0,0
City Hotel,1,277,2016,November,46,7,1,2,2,0.0,0,BB,PRT,Groups,TA/TO,0,0,0,A,A,0,Non Refund,,0,Transient,100.0,0,0
City Hotel,1,277,2016,November,46,7,1,2,2,0.0,0,BB,PRT,Groups,TA/TO,0,0,0,A,A,0,Non Refund,,0,Transient,100.0,0,0
City Hotel,1,277,2016,November,46,7,1,2,2,0.0,0,BB,PRT,Groups,TA/TO,0,0,0,A,A,0,Non Refund,,0,Transient,100.0,0,0
City Hotel,1,277,2016,November,46,7,1,2,2,0.0,0,BB,PRT,Groups,TA/TO,0,0,0,A,A,0,Non Refund,,0,Transient,100.0,0,0
City Hotel,1,277,2016,November,46,7,1,2,2,0.0,0,BB,PRT,Groups,TA/TO,0,0,0,A,A,0,Non Refund,,0,Transient,100.0,0,0
City Hotel,1,277,2016,November,46,7,1,2,2,0.0,0,BB,PRT,Groups,TA/TO,0,0,0,A,A,0,Non Refund,,0,Transient,100.0,0,0
City Hotel,1,277,2016,November,46,7,1,2,2,0.0,0,BB,PRT,Groups,TA/TO,0,0,0,A,A,0,Non Refund,,0,Transient,100.0,0,0
City Hotel,1,277,2016,November,46,7,1,2,2,0.0,0,BB,PRT,Groups,TA/TO,0,0,0,A,A,0,Non Refund,,0,Transient,100.0,0,0
City Hotel,1,277,2016,November,46,7,1,2,2,0.0,0,BB,PRT,Groups,TA/TO,0,0,0,A,A,0,Non Refund,,0,Transient,100.0,0,0
City Hotel,1,277,2016,November,46,7,1,2,2,0.0,0,BB,PRT,Groups,TA/TO,0,0,0,A,A,0,Non Refund,,0,Transient,100.0,0,0
City Hotel,1,277,2016,November,46,7,1,2,2,0.0,0,BB,PRT,Groups,TA/TO,0,0,0,A,A,0,Non Refund,,0,Transient,100.0,0,0
City Hotel,1,277,2016,November,46,7,1,2,2,0.0,0,BB,PRT,Groups,TA/TO,0,0,0,A,A,0,Non Refund,,0,Transient,100.0,0,0
City Hotel,1,277,2016,November,46,7,1,2,2,0.0,0,BB,PRT,Groups,TA/TO,0,0,0,A,A,0,Non Refund,,0,Transient,100.0,0,0
City Hotel,1,277,2016,November,46,7,1,2,2,0.0,0,BB,PRT,Groups,TA/TO,0,0,0,A,A,0,Non Refund,,0,Transient,100.0,0,0
City Hotel,1,277,2016,November,46,7,1,2,2,0.0,0,BB,PRT,Groups,TA/TO,0,0,0,A,A,0,Non Refund,,0,Transient,100.0,0,0
City Hotel,1,277,2016,November,46,7,1,2,2,0.0,0,BB,PRT,Groups,TA/TO,0,0,0,A,A,0,Non Refund,,0,Transient,100.0,0,0
City Hotel,1,277,2016,November,46,7,1,2,2,0.0,0,BB,PRT,Groups,TA/TO,0,0,0,A,A,0,Non Refund,,0,Transient,100.0,0,0
City Hotel,1,277,2016,November,46,7,1,2,2,0.0,0,BB,PRT,Groups,TA/TO,0,0,0,A,A,0,Non Refund,,0,Transient,100.0,0,0
City Hotel,1,277,2016,November,46,7,1,2,2,0.0,0,BB,PRT,Groups,TA/TO,0,0,0,A,A,0,Non Refund,,0,Transient,100.0,0,0
City Hotel,1,277,2016,November,46,7,1,2,2,0.0,0,BB,PRT,Groups,TA/TO,0,0,0,A,A,0,Non Refund,,0,Transient,100.0,0,0
City Hotel,1,277,2016,November,46,7,1,2,2,0.0,0,BB,PRT,Groups,TA/TO,0,0,0,A,A,0,Non Refund,,0,Transient,100.0,0,0
City Hotel,1,277,2016,November,46,7,1,2,2,0.0,0,BB,PRT,Groups,TA/TO,0,0,0,A,A,0,Non Refund,,0,Transient,100.0,0,0
City Hotel,1,277,2016,November,46,7,1,2,2,0.0,0,BB,PRT,Groups,TA/TO,0,0,0,A,A,0,Non Refund,,0,Transient,100.0,0,0
City Hotel,1,277,2016,November,46,7,1,2,2,0.0,0,BB,PRT,Groups,TA/TO,0,0,0,A,A,0,Non Refund,,0,Transient,100.0,0,0
City Hotel,1,277,2016,November,46,7,1,2,2,0.0,0,BB,PRT,Groups,TA/TO,0,0,0,A,A,0,Non Refund,,0,Transient,100.0,0,0
City Hotel,1,277,2016,November,46,7,1,2,2,0.0,0,BB,PRT,Groups,TA/TO,0,0,0,A,A,0,Non Refund,,0,Transient,100.0,0,0
City Hotel,1,277,2016,November,46,7,1,2,2,0.0,0,BB,PRT,Groups,TA/TO,0,0,0,A,A,0,Non Refund,,0,Transient,100.0,0,0
City Hotel,1,277,2016,November,46,7,1,2,2,0.0,0,BB,PRT,Groups,TA/TO,0,0,0,A,A,0,Non Refund,,0,Transient,100.0,0,0
City Hotel,1,277,2016,November,46,7,1,2,2,0.0,0,BB,PRT,Groups,TA/TO,0,0,0,A,A,0,Non Refund,,0,Transient,100.0,0,0
City Hotel,1,277,2016,November,46,7,1,2,2,0.0,0,BB,PRT,Groups,TA/TO,0,0,0,A,A,0,Non Refund,,0,Transient,100.0,0,0
City Hotel,1,277,2016,November,46,7,1,2,2,0.0,0,BB,PRT,Groups,TA/TO,0,0,0,A,A,0,Non Refund,,0,Transient,100.0,0,0
City Hotel,1,277,2016,November,46,7,1,2,2,0.0,0,BB,PRT,Groups,TA/TO,0,0,0,A,A,0,Non Refund,,0,Transient,100.0,0,0
City Hotel,1,277,2016,November,46,7,1,2,2,0.0,0,BB,PRT,Groups,TA/TO,0,0,0,A,A,0,Non Refund,,0,Transient,100.0,0,0
City Hotel,1,277,2016,November,46,7,1,2,2,0.0,0,BB,PRT,Groups,TA/TO,0,0,0,A,A,0,Non Refund,,0,Transient,100.0,0,0
City Hotel,1,277,2016,November,46,7,1,2,2,0.0,0,BB,PRT,Groups,TA/TO,0,0,0,A,A,0,Non Refund,,0,Transient,100.0,0,0
City Hotel,1,277,2016,November,46,7,1,2,2,0.0,0,BB,PRT,Groups,TA/TO,0,0,0,A,A,0,Non Refund,,0,Transient,100.0,0,0
City Hotel,1,277,2016,November,46,7,1,2,2,0.0,0,BB,PRT,Groups,TA/TO,0,0,0,A,A,0,Non Refund,,0,Transient,100.0,0,0
City Hotel,1,277,2016,November,46,7,1,2,2,0.0,0,BB,PRT,Groups,TA/TO,0,0,0,A,A,0,Non Refund,,0,Transient,100.0,0,0
City Hotel,1,277,2016,November,46,7,1,2,2,0.0,0,BB,PRT,Groups,TA/TO,0,0,0,A,A,0,Non Refund,,0,Transient,100.0,0,0
City Hotel,1,277,2016,November,46,7,1,2,2,0.0,0,BB,PRT,Groups,TA/TO,0,0,0,A,A,0,Non Refund,,0,Transient,100.0,0,0
City Hotel,1,277,2016,November,46,7,1,2,2,0.0,0,BB,PRT,Groups,TA/TO,0,0,0,A,A,0,Non Refund,,0,Transient,100.0,0,0
City Hotel,1,277,2016,November,46,7,1,2,2,0.0,0,BB,PRT,Groups,TA/TO,0,0,0,A,A,0,Non Refund,,0,Transient,100.0,0,0
City Hotel,1,277,2016,November,46,7,1,2,2,0.0,0,BB,PRT,Groups,TA/TO,0,0,0,A,A,0,Non Refund,,0,Transient,100.0,0,0
City Hotel,1,277,2016,November,46,7,1,2,2,0.0,0,BB,PRT,Groups,TA/TO,0,0,0,A,A,0,Non Refund,,0,Transient,100.0,0,0
City Hotel,1,277,2016,November,46,7,1,2,2,0.0,0,BB,PRT,Groups,TA/TO,0,0,0,A,A,0,Non Refund,,0,Transient,100.0,0,0
City Hotel,1,277,2016,November,46,7,1,2,2,0.0,0,BB,PRT,Groups,TA/TO,0,0,0,A,A,0,Non Refund,,0,Transient,100.0,0,0
City Hotel,1,277,2016,November,46,7,1,2,2,0.0,0,BB,PRT,Groups,TA/TO,0,0,0,A,A,0,Non Refund,,0,Transient,100.0,0,0
City Hotel,1,277,2016,November,46,7,1,2,2,0.0,0,BB,PRT,Groups,TA/TO,0,0,0,A,A,0,Non Refund,,0,Transient,100.0,0,0
City Hotel,1,277,2016,November,46,7,1,2,2,0.0,0,BB,PRT,Groups,TA/TO,0,0,0,A,A,0,Non Refund,,0,Transient,100.0,0,0
City Hotel,1,277,2016,November,46,7,1,2,2,0.0,0,BB,PRT,Groups,TA/TO,0,0,0,A,A,0,Non Refund,,0,Transient,100.0,0,0
City Hotel,1,277,2016,November,46,7,1,2,2,0.0,0,BB,PRT,Groups,TA/TO,0,0,0,A,A,0,Non Refund,,0,Transient,100.0,0,0
City Hotel,1,277,2016,November,46,7,1,2,2,0.0,0,BB,PRT,Groups,TA/TO,0,0,0,A,A,0,Non Refund,,0,Transient,100.0,0,0
City Hotel,1,277,2016,November,46,7,1,2,2,0.0,0,BB,PRT,Groups,TA/TO,0,0,0,A,A,0,Non Refund,,0,Transient,100.0,0,0
City Hotel,1,277,2016,November,46,7,1,2,2,0.0,0,BB,PRT,Groups,TA/TO,0,0,0,A,A,0,Non Refund,,0,Transient,100.0,0,0
City Hotel,1,277,2016,November,46,7,1,2,2,0.0,0,BB,PRT,Groups,TA/TO,0,0,0,A,A,0,Non Refund,,0,Transient,100.0,0,0
City Hotel,1,277,2016,November,46,7,1,2,2,0.0,0,BB,PRT,Groups,TA/TO,0,0,0,A,A,0,Non Refund,,0,Transient,100.0,0,0
City Hotel,1,277,2016,November,46,7,1,2,2,0.0,0,BB,PRT,Groups,TA/TO,0,0,0,A,A,0,Non Refund,,0,Transient,100.0,0,0
City Hotel,1,277,2016,November,46,7,1,2,2,0.0,0,BB,PRT,Groups,TA/TO,0,0,0,A,A,0,Non Refund,,0,Transient,100.0,0,0
City Hotel,1,277,2016,November,46,7,1,2,2,0.0,0,BB,PRT,Groups,TA/TO,0,0,0,A,A,0,Non Refund,,0,Transient,100.0,0,0
City Hotel,1,277,2016,November,46,7,1,2,2,0.0,0,BB,PRT,Groups,TA/TO,0,0,0,A,A,0,Non Refund,,0,Transient,100.0,0,0
City Hotel,1,277,2016,November,46,7,1,2,2,0.0,0,BB,PRT,Groups,TA/TO,0,0,0,A,A,0,Non Refund,,0,Transient,100.0,0,0
City Hotel,1,277,2016,November,46,7,1,2,2,0.0,0,BB,PRT,Groups,TA/TO,0,0,0,A,A,0,Non Refund,,0,Transient,100.0,0,0
City Hotel,1,277,2016,November,46,7,1,2,2,0.0,0,BB,PRT,Groups,TA/TO,0,0,0,A,A,0,Non Refund,,0,Transient,100.0,0,0
City Hotel,1,277,2016,November,46,7,1,2,2,0.0,0,BB,PRT,Groups,TA/TO,0,0,0,A,A,0,Non Refund,,0,Transient,100.0,0,0
City Hotel,1,277,2016,November,46,7,1,2,2,0.0,0,BB,PRT,Groups,TA/TO,0,0,0,A,A,0,Non Refund,,0,Transient,100.0,0,0
City Hotel,1,277,2016,November,46,7,1,2,2,0.0,0,BB,PRT,Groups,TA/TO,0,0,0,A,A,0,Non Refund,,0,Transient,100.0,0,0
City Hotel,1,277,2016,November,46,7,1,2,2,0.0,0,BB,PRT,Groups,TA/TO,0,0,0,A,A,0,Non Refund,,0,Transient,100.0,0,0
City Hotel,1,277,2016,November,46,7,1,2,2,0.0,0,BB,PRT,Groups,TA/TO,0,0,0,A,A,0,Non Refund,,0,Transient,100.0,0,0
City Hotel,1,76,2016,November,46,7,1,3,2,0.0,0,BB,PRT,Direct,Direct,0,0,0,A,A,0,No Deposit,14.0,0,Transient,189.0,0,1
City Hotel,1,39,2016,November,46,7,1,3,2,0.0,0,SC,PRT,Online TA,TA/TO,0,0,0,A,A,0,No Deposit,83.0,0,Transient,148.0,0,0
City Hotel,1,39,2016,November,46,7,1,3,2,0.0,0,BB,PRT,Online TA,TA/TO,0,0,0,A,A,0,No Deposit,83.0,0,Transient,147.6,0,0
City Hotel,1,111,2016,November,46,8,0,2,2,0.0,0,BB,PRT,Offline TA/TO,TA/TO,0,0,0,A,A,0,No Deposit,85.0,0,Transient,59.5,0,0
City Hotel,1,156,2016,November,46,8,0,5,2,0.0,0,BB,PRT,Online TA,TA/TO,0,0,0,A,A,2,No Deposit,7.0,0,Transient,131.52,0,0
City Hotel,1,16,2016,November,46,9,0,1,2,0.0,0,BB,PRT,Offline TA/TO,TA/TO,0,0,0,A,A,0,No Deposit,,0,Transient,170.0,0,0
City Hotel,1,28,2016,November,46,9,0,1,2,0.0,0,BB,BEL,Direct,Direct,0,0,0,A,A,0,No Deposit,,0,Transient,201.0,0,2
City Hotel,1,50,2016,November,46,9,0,2,2,0.0,0,BB,CHN,Online TA,TA/TO,0,0,0,A,A,0,No Deposit,9.0,0,Transient,145.69,0,0
City Hotel,1,52,2016,November,46,9,0,3,2,0.0,0,SC,CHN,Online TA,TA/TO,0,0,0,A,A,0,No Deposit,9.0,0,Transient,127.37,0,1
City Hotel,1,43,2016,November,46,9,0,3,2,0.0,0,BB,FRA,Online TA,TA/TO,0,0,0,A,A,0,No Deposit,155.0,0,Transient,176.67,0,2
City Hotel,1,17,2016,November,46,9,0,4,2,0.0,0,BB,USA,Direct,Direct,0,0,0,E,E,0,No Deposit,14.0,0,Transient,178.75,0,0
City Hotel,1,1,2016,November,46,10,0,1,2,0.0,0,BB,PRT,Direct,Direct,0,0,0,A,A,0,No Deposit,,0,Transient,140.0,0,0
City Hotel,1,11,2016,November,46,10,0,1,2,0.0,0,SC,PRT,Online TA,TA/TO,0,0,0,A,A,0,No Deposit,8.0,0,Transient,140.0,0,1
City Hotel,1,489,2016,November,46,10,0,2,2,0.0,0,BB,PRT,Groups,TA/TO,0,0,0,A,A,0,Non Refund,1.0,0,Transient,62.8,0,0
City Hotel,1,489,2016,November,46,10,0,2,2,0.0,0,BB,PRT,Groups,TA/TO,0,0,0,A,A,0,Non Refund,1.0,0,Transient,62.8,0,0
City Hotel,1,489,2016,November,46,10,0,2,2,0.0,0,BB,PRT,Groups,TA/TO,0,0,0,A,A,0,Non Refund,1.0,0,Transient,62.8,0,0
City Hotel,1,489,2016,November,46,10,0,2,2,0.0,0,BB,PRT,Groups,TA/TO,0,0,0,A,A,0,Non Refund,1.0,0,Transient,62.8,0,0
City Hotel,1,489,2016,November,46,10,0,2,2,0.0,0,BB,PRT,Groups,TA/TO,0,0,0,A,A,0,Non Refund,1.0,0,Transient,62.8,0,0
City Hotel,1,489,2016,November,46,10,0,2,2,0.0,0,BB,PRT,Groups,TA/TO,0,0,0,A,A,0,Non Refund,1.0,0,Transient,62.8,0,0
City Hotel,1,489,2016,November,46,10,0,2,2,0.0,0,BB,PRT,Groups,TA/TO,0,0,0,A,A,0,Non Refund,1.0,0,Transient,62.8,0,0
City Hotel,1,489,2016,November,46,10,0,2,2,0.0,0,BB,PRT,Groups,TA/TO,0,0,0,A,A,0,Non Refund,1.0,0,Transient,62.8,0,0
City Hotel,1,489,2016,November,46,10,0,2,2,0.0,0,BB,PRT,Groups,TA/TO,0,0,0,A,A,0,Non Refund,1.0,0,Transient,62.8,0,0
City Hotel,1,489,2016,November,46,10,0,2,2,0.0,0,BB,PRT,Groups,TA/TO,0,0,0,A,A,0,Non Refund,1.0,0,Transient,62.8,0,0
City Hotel,1,489,2016,November,46,10,0,2,2,0.0,0,BB,PRT,Groups,TA/TO,0,0,0,A,A,0,Non Refund,1.0,0,Transient,62.8,0,0
City Hotel,1,489,2016,November,46,10,0,2,2,0.0,0,BB,PRT,Groups,TA/TO,0,0,0,A,A,0,Non Refund,1.0,0,Transient,62.8,0,0
City Hotel,1,489,2016,November,46,10,0,2,2,0.0,0,BB,PRT,Groups,TA/TO,0,0,0,A,A,0,Non Refund,1.0,0,Transient,62.8,0,0
City Hotel,1,489,2016,November,46,10,0,2,2,0.0,0,BB,PRT,Groups,TA/TO,0,0,0,A,A,0,Non Refund,1.0,0,Transient,62.8,0,0
City Hotel,1,489,2016,November,46,10,0,2,2,0.0,0,BB,PRT,Groups,TA/TO,0,0,0,A,A,0,Non Refund,1.0,0,Transient,62.8,0,0
City Hotel,1,69,2016,November,46,10,1,3,2,0.0,0,BB,FRA,Direct,Direct,0,0,0,A,A,0,No Deposit,14.0,0,Transient,104.18,0,2
City Hotel,1,69,2016,November,46,10,1,3,2,0.0,0,BB,FRA,Direct,Direct,0,0,0,A,A,0,No Deposit,14.0,0,Transient,99.68,0,2
City Hotel,1,26,2016,November,46,11,0,1,2,0.0,0,SC,PER,Online TA,TA/TO,0,0,0,A,A,0,No Deposit,9.0,0,Transient,100.0,0,0
City Hotel,1,75,2016,November,46,11,0,2,2,0.0,0,BB,ESP,Direct,Direct,0,0,0,A,B,1,No Deposit,14.0,0,Transient,79.2,0,0
City Hotel,1,300,2016,November,46,11,0,2,2,0.0,0,BB,PRT,Groups,TA/TO,0,0,0,A,A,0,Non Refund,1.0,0,Transient,65.0,0,0
City Hotel,1,300,2016,November,46,11,0,2,2,0.0,0,BB,PRT,Groups,TA/TO,0,0,0,A,A,0,Non Refund,1.0,0,Transient,65.0,0,0
City Hotel,1,300,2016,November,46,11,0,2,2,0.0,0,BB,PRT,Groups,TA/TO,0,0,0,A,A,0,Non Refund,1.0,0,Transient,65.0,0,0
City Hotel,1,300,2016,November,46,11,0,2,2,0.0,0,BB,PRT,Groups,TA/TO,0,0,0,A,A,0,Non Refund,1.0,0,Transient,65.0,0,0
City Hotel,1,300,2016,November,46,11,0,2,2,0.0,0,BB,PRT,Groups,TA/TO,0,0,0,A,A,0,Non Refund,1.0,0,Transient,65.0,0,0
City Hotel,1,36,2016,November,46,11,0,2,2,0.0,0,BB,GBR,Online TA,TA/TO,0,0,0,D,D,0,No Deposit,9.0,0,Transient,149.0,0,3
City Hotel,1,300,2016,November,46,11,0,2,2,0.0,0,BB,PRT,Groups,TA/TO,0,0,0,A,A,0,Non Refund,1.0,0,Transient,65.0,0,0
City Hotel,1,300,2016,November,46,11,0,2,2,0.0,0,BB,PRT,Groups,TA/TO,0,0,0,A,A,0,Non Refund,1.0,0,Transient,65.0,0,0
City Hotel,1,300,2016,November,46,11,0,2,2,0.0,0,BB,PRT,Groups,TA/TO,0,0,0,A,A,0,Non Refund,1.0,0,Transient,65.0,0,0
City Hotel,1,58,2016,November,46,11,0,2,2,0.0,0,SC,DEU,Online TA,TA/TO,0,0,0,A,A,0,No Deposit,9.0,0,Transient,88.0,0,0
City Hotel,1,54,2016,November,46,11,0,2,2,0.0,0,SC,GBR,Online TA,TA/TO,0,0,0,A,A,0,No Deposit,9.0,0,Transient,79.2,0,0
City Hotel,1,22,2016,November,46,11,0,2,2,0.0,0,BB,GBR,Online TA,TA/TO,0,0,0,D,D,0,No Deposit,9.0,0,Transient,130.0,0,3
City Hotel,1,54,2016,November,46,11,0,2,2,0.0,0,BB,FRA,Online TA,TA/TO,0,0,0,D,D,0,No Deposit,9.0,0,Transient,106.2,0,3
City Hotel,1,46,2016,November,46,11,0,2,2,0.0,0,SC,IRL,Online TA,TA/TO,0,0,0,A,A,0,No Deposit,9.0,0,Transient,79.2,0,1
City Hotel,1,50,2016,November,46,11,0,2,2,0.0,0,HB,ROU,Online TA,TA/TO,0,0,0,A,A,0,No Deposit,9.0,0,Transient,131.4,0,0
City Hotel,1,300,2016,November,46,11,0,2,2,0.0,0,BB,PRT,Groups,TA/TO,0,0,0,A,A,0,Non Refund,1.0,0,Transient,65.0,0,0
City Hotel,1,300,2016,November,46,11,0,2,2,0.0,0,BB,PRT,Groups,TA/TO,0,0,0,A,A,0,Non Refund,1.0,0,Transient,65.0,0,0
City Hotel,1,54,2016,November,46,11,0,2,2,0.0,0,SC,GBR,Online TA,TA/TO,0,0,0,A,A,0,No Deposit,9.0,0,Transient,79.2,0,0
City Hotel,1,300,2016,November,46,11,0,2,2,0.0,0,BB,PRT,Groups,TA/TO,0,0,0,A,A,0,Non Refund,1.0,0,Transient,65.0,0,0
City Hotel,1,300,2016,November,46,11,0,2,2,0.0,0,BB,PRT,Groups,TA/TO,0,0,0,A,A,0,Non Refund,1.0,0,Transient,65.0,0,0
City Hotel,1,300,2016,November,46,11,0,2,2,0.0,0,BB,PRT,Groups,TA/TO,0,0,0,A,A,0,Non Refund,1.0,0,Transient,65.0,0,0
City Hotel,1,75,2016,November,46,11,0,2,2,0.0,0,BB,ESP,Direct,Direct,0,0,0,A,B,1,No Deposit,14.0,0,Transient,79.2,0,0
City Hotel,1,300,2016,November,46,11,0,2,2,0.0,0,BB,PRT,Groups,TA/TO,0,0,0,A,A,0,Non Refund,1.0,0,Transient,65.0,0,0
City Hotel,1,300,2016,November,46,11,0,2,2,0.0,0,BB,PRT,Groups,TA/TO,0,0,0,A,A,0,Non Refund,1.0,0,Transient,65.0,0,0
City Hotel,1,300,2016,November,46,11,0,2,2,0.0,0,BB,PRT,Groups,TA/TO,0,0,0,A,A,0,Non Refund,1.0,0,Transient,65.0,0,0
City Hotel,1,300,2016,November,46,11,0,2,2,0.0,0,BB,PRT,Groups,TA/TO,0,0,0,A,A,0,Non Refund,1.0,0,Transient,65.0,0,0
City Hotel,1,32,2016,November,46,11,0,2,2,0.0,0,BB,FRA,Online TA,TA/TO,0,0,0,A,A,0,No Deposit,9.0,0,Transient,130.0,0,1
City Hotel,1,300,2016,November,46,11,0,2,2,0.0,0,BB,PRT,Groups,TA/TO,0,0,0,A,A,0,Non Refund,1.0,0,Transient,65.0,0,0
City Hotel,1,300,2016,November,46,11,0,2,2,0.0,0,BB,PRT,Groups,TA/TO,0,0,0,A,A,0,Non Refund,1.0,0,Transient,65.0,0,0
City Hotel,1,300,2016,November,46,11,0,2,2,0.0,0,BB,PRT,Groups,TA/TO,0,0,0,A,A,0,Non Refund,1.0,0,Transient,65.0,0,0
City Hotel,1,57,2016,November,46,11,1,2,2,0.0,0,HB,ITA,Online TA,TA/TO,0,0,0,A,A,0,No Deposit,9.0,0,Transient,130.2,0,2
City Hotel,1,47,2016,November,46,11,1,2,2,0.0,0,SC,NLD,Online TA,TA/TO,0,0,0,A,A,0,No Deposit,9.0,0,Transient,79.2,0,2
City Hotel,1,41,2016,November,46,11,1,2,2,0.0,0,BB,FRA,Online TA,TA/TO,0,0,0,A,A,0,No Deposit,9.0,0,Transient,121.33,0,1
City Hotel,1,42,2016,November,46,11,1,2,2,0.0,0,BB,FRA,Online TA,TA/TO,0,0,0,A,A,0,No Deposit,9.0,0,Transient,121.33,0,4
City Hotel,1,54,2016,November,46,11,1,2,2,0.0,0,BB,FRA,Online TA,TA/TO,0,0,0,A,A,0,No Deposit,9.0,0,Transient,96.0,0,1
City Hotel,1,47,2016,November,46,11,1,2,2,0.0,0,SC,ESP,Online TA,TA/TO,0,0,0,A,A,0,No Deposit,9.0,0,Transient,79.2,0,1
City Hotel,1,54,2016,November,46,11,1,2,2,0.0,0,SC,ESP,Online TA,TA/TO,0,0,0,A,A,0,No Deposit,9.0,0,Transient,79.2,0,0
City Hotel,1,47,2016,November,46,11,1,2,2,0.0,0,SC,ESP,Online TA,TA/TO,0,0,0,A,A,0,No Deposit,9.0,0,Transient,79.2,0,1
City Hotel,1,33,2016,November,46,11,2,2,2,0.0,0,SC,GBR,Online TA,TA/TO,0,0,0,A,A,0,No Deposit,9.0,0,Transient,84.15,0,1
City Hotel,1,20,2016,November,46,11,2,5,2,0.0,0,SC,USA,Online TA,TA/TO,0,0,0,A,A,0,No Deposit,9.0,0,Transient,77.71,0,0
City Hotel,1,17,2016,November,46,11,2,5,2,0.0,0,BB,FRA,Online TA,TA/TO,0,0,0,A,A,0,No Deposit,9.0,0,Transient,102.0,0,1
City Hotel,1,55,2016,November,46,11,2,5,2,0.0,0,SC,FRA,Online TA,TA/TO,0,0,0,A,A,0,No Deposit,9.0,0,Transient,74.8,0,1
City Hotel,1,47,2016,November,46,11,2,3,2,0.0,0,SC,BRA,Online TA,TA/TO,0,0,0,A,A,2,No Deposit,9.0,0,Transient,76.56,0,1
City Hotel,1,38,2016,November,46,12,0,1,2,0.0,0,BB,ESP,Online TA,TA/TO,0,0,0,A,A,0,No Deposit,9.0,0,Transient,130.0,0,2
City Hotel,1,54,2016,November,46,12,0,1,2,0.0,0,BB,PRT,Offline TA/TO,TA/TO,0,0,0,A,A,0,No Deposit,52.0,0,Transient,72.0,0,0
City Hotel,1,71,2016,November,46,12,1,1,2,0.0,0,BB,PRT,Complementary,Direct,0,0,0,A,A,0,No Deposit,,0,Transient,0.0,0,1
City Hotel,1,80,2016,November,46,12,1,1,2,0.0,0,BB,PRT,Online TA,TA/TO,0,0,0,A,A,0,No Deposit,8.0,0,Transient,93.6,0,1
City Hotel,1,130,2016,November,46,12,1,1,2,0.0,0,SC,GBR,Online TA,TA/TO,0,0,0,A,A,0,No Deposit,9.0,0,Transient,79.2,0,0
City Hotel,1,80,2016,November,46,12,1,1,2,0.0,0,BB,ITA,Online TA,TA/TO,0,0,0,A,A,0,No Deposit,9.0,0,Transient,93.6,0,0
City Hotel,1,72,2016,November,46,12,1,1,2,0.0,0,BB,ESP,Online TA,TA/TO,0,0,0,A,A,0,No Deposit,9.0,0,Transient,95.4,0,0
City Hotel,1,51,2016,November,46,12,1,1,2,0.0,0,SC,ESP,Online TA,TA/TO,0,0,0,A,A,0,No Deposit,9.0,0,Transient,79.2,0,0
City Hotel,1,127,2016,November,46,12,2,1,2,0.0,0,SC,BRA,Online TA,TA/TO,0,0,0,A,A,0,No Deposit,9.0,0,Transient,79.2,0,1
City Hotel,1,92,2016,November,46,12,2,1,2,0.0,0,SC,ITA,Online TA,TA/TO,0,0,0,A,A,0,No Deposit,9.0,0,Transient,79.2,0,2
City Hotel,1,67,2016,November,46,12,2,1,2,0.0,0,SC,ITA,Online TA,TA/TO,0,0,0,A,A,0,No Deposit,9.0,0,Transient,79.2,0,2
City Hotel,1,134,2016,November,46,12,2,1,2,0.0,0,SC,BRA,Online TA,TA/TO,0,0,0,A,A,0,No Deposit,9.0,0,Transient,79.2,0,0
City Hotel,1,54,2016,November,46,12,2,1,2,0.0,0,SC,ESP,Online TA,TA/TO,0,0,0,A,A,0,No Deposit,9.0,0,Transient,88.2,0,1
City Hotel,1,80,2016,November,46,12,2,1,2,0.0,0,BB,PRT,Online TA,TA/TO,0,0,0,A,A,0,No Deposit,7.0,0,Transient,72.07,0,1
City Hotel,1,66,2016,November,46,12,2,1,2,0.0,0,BB,SWE,Online TA,TA/TO,0,0,0,A,A,0,No Deposit,9.0,0,Transient,105.33,0,1
City Hotel,1,92,2016,November,46,12,2,1,2,0.0,0,SC,ITA,Online TA,TA/TO,0,0,0,A,A,0,No Deposit,9.0,0,Transient,79.2,0,2
City Hotel,1,143,2016,November,46,12,2,1,2,0.0,0,BB,FRA,Online TA,TA/TO,0,0,0,A,A,0,No Deposit,9.0,0,Transient,90.0,0,0
City Hotel,1,26,2016,November,46,12,2,2,2,0.0,0,BB,PRT,Offline TA/TO,TA/TO,0,0,0,D,D,0,No Deposit,3.0,0,Transient,78.2,0,0
City Hotel,1,30,2016,November,46,12,2,2,2,0.0,0,BB,ITA,Online TA,TA/TO,0,0,0,A,A,0,No Deposit,7.0,0,Transient,68.71,0,0
City Hotel,1,50,2016,November,46,12,2,2,2,0.0,0,BB,PRT,Direct,Direct,0,0,0,A,A,0,No Deposit,,0,Transient,85.75,0,0
City Hotel,1,47,2016,November,46,12,2,2,2,0.0,0,BB,IND,Direct,Direct,0,0,0,A,A,0,No Deposit,14.0,0,Transient,85.75,0,1
City Hotel,1,175,2016,November,46,12,2,2,2,0.0,0,BB,POL,Online TA,TA/TO,0,0,0,A,A,2,No Deposit,9.0,0,Transient,83.01,0,2
City Hotel,1,50,2016,November,46,12,2,2,2,0.0,0,BB,PRT,Direct,Direct,0,0,0,A,A,0,No Deposit,,0,Transient,85.75,0,0
City Hotel,1,294,2016,November,46,12,2,3,2,0.0,0,SC,BRA,Online TA,TA/TO,0,0,0,A,A,0,No Deposit,9.0,0,Transient,70.55,0,2
City Hotel,1,78,2016,November,46,12,2,5,2,0.0,0,BB,DEU,Online TA,TA/TO,0,0,0,A,A,0,No Deposit,9.0,0,Transient,90.63,0,2
City Hotel,1,259,2016,November,46,12,2,5,2,0.0,0,BB,TUR,Online TA,TA/TO,0,0,0,B,B,1,No Deposit,9.0,0,Transient-Party,72.0,0,0
City Hotel,1,166,2016,November,46,12,2,4,2,0.0,0,BB,DEU,Online TA,TA/TO,0,0,0,A,A,0,No Deposit,9.0,0,Transient,87.5,0,3
City Hotel,1,86,2016,November,47,13,1,0,2,0.0,0,BB,ESP,Online TA,TA/TO,0,0,0,A,A,2,No Deposit,9.0,0,Transient,93.6,0,0
City Hotel,1,81,2016,November,47,13,2,0,2,0.0,0,BB,PRT,Online TA,TA/TO,0,0,0,A,A,0,No Deposit,8.0,0,Transient,93.6,0,0
City Hotel,1,1,2016,November,47,13,2,0,2,0.0,0,SC,GBR,Online TA,TA/TO,0,0,0,A,A,0,No Deposit,9.0,0,Transient,95.0,0,0
City Hotel,1,72,2016,November,47,13,2,0,2,0.0,0,SC,MAR,Online TA,TA/TO,0,0,0,A,A,0,No Deposit,9.0,0,Transient,79.2,0,3
City Hotel,1,17,2016,November,47,13,2,1,2,0.0,0,SC,KOR,Online TA,TA/TO,0,0,0,A,A,0,No Deposit,9.0,0,Transient,88.0,0,1
City Hotel,1,127,2016,November,47,13,2,1,2,0.0,0,SC,BRA,Online TA,TA/TO,0,0,0,A,A,0,No Deposit,9.0,0,Transient,79.2,0,1
City Hotel,1,55,2016,November,47,13,2,1,2,0.0,0,SC,CHN,Online TA,TA/TO,0,0,0,A,A,0,No Deposit,9.0,0,Transient,71.28,0,0
City Hotel,1,50,2016,November,47,13,2,1,2,0.0,0,BB,BEL,Online TA,TA/TO,0,0,0,D,D,0,No Deposit,9.0,0,Transient,114.0,0,2
City Hotel,1,134,2016,November,47,13,2,1,2,0.0,0,HB,BEL,Online TA,TA/TO,0,0,0,A,A,0,No Deposit,9.0,0,Transient,124.2,0,0
City Hotel,1,26,2016,November,47,13,2,2,2,0.0,0,BB,FRA,Online TA,TA/TO,0,0,0,D,D,0,No Deposit,9.0,0,Transient,96.9,0,1
City Hotel,1,100,2016,November,47,13,2,2,2,0.0,0,BB,GBR,Online TA,TA/TO,0,0,0,D,D,0,No Deposit,9.0,0,Transient,100.63,0,0
City Hotel,1,87,2016,November,47,13,2,2,2,0.0,0,BB,BEL,Online TA,TA/TO,0,0,0,A,A,0,No Deposit,9.0,0,Transient,91.0,0,3
City Hotel,1,20,2016,November,47,13,2,3,2,0.0,0,BB,DEU,Online TA,TA/TO,0,0,0,D,D,0,No Deposit,9.0,0,Transient,96.9,0,1
City Hotel,1,19,2016,November,47,13,2,4,2,0.0,0,BB,PRT,Offline TA/TO,TA/TO,0,0,0,A,A,0,No Deposit,262.0,0,Transient,68.0,0,1
City Hotel,1,16,2016,November,47,13,2,4,2,0.0,0,SC,ITA,Online TA,TA/TO,0,0,0,A,A,0,No Deposit,9.0,0,Transient,74.8,0,2
City Hotel,1,160,2016,November,47,13,2,4,2,0.0,0,SC,RUS,Online TA,TA/TO,0,0,0,A,A,0,No Deposit,9.0,0,Transient,76.27,0,0
City Hotel,1,114,2016,November,47,13,2,4,2,0.0,0,SC,RUS,Online TA,TA/TO,0,0,0,A,B,3,No Deposit,9.0,0,Transient,74.8,0,1
City Hotel,1,37,2016,November,47,13,2,4,2,0.0,0,BB,FRA,Online TA,TA/TO,0,0,0,A,A,0,No Deposit,9.0,0,Transient,88.4,0,1
City Hotel,1,28,2016,November,47,13,2,4,2,0.0,0,BB,ITA,Online TA,TA/TO,0,0,0,D,D,0,No Deposit,9.0,0,Transient,96.9,0,3
City Hotel,1,131,2016,November,47,13,2,4,2,0.0,0,SC,USA,Online TA,TA/TO,0,0,0,A,A,0,No Deposit,9.0,0,Transient,85.27,0,1
City Hotel,1,48,2016,November,47,13,2,5,2,0.0,0,SC,KOR,Online TA,TA/TO,0,0,0,A,A,0,No Deposit,9.0,0,Transient,74.8,0,1
City Hotel,1,229,2016,November,47,13,4,5,2,0.0,0,HB,BRA,Online TA,TA/TO,0,0,0,A,A,0,No Deposit,9.0,0,Transient,107.64,0,1
City Hotel,1,34,2016,November,47,14,1,0,2,0.0,0,SC,ESP,Online TA,TA/TO,0,0,0,A,A,0,No Deposit,9.0,0,Transient,88.0,0,2
City Hotel,1,121,2016,November,47,14,1,2,2,0.0,0,SC,ITA,Online TA,TA/TO,0,0,0,A,A,0,No Deposit,9.0,0,Transient,79.2,0,0
City Hotel,1,20,2016,November,47,14,1,2,2,0.0,0,BB,ESP,Online TA,TA/TO,0,0,0,A,A,0,No Deposit,9.0,0,Transient,104.0,0,2
City Hotel,1,9,2016,November,47,14,1,2,2,0.0,0,SC,ITA,Online TA,TA/TO,0,0,0,A,A,0,No Deposit,9.0,0,Transient,95.0,0,0
City Hotel,1,29,2016,November,47,14,1,3,2,0.0,0,BB,ESP,Direct,Direct,0,0,0,D,D,1,No Deposit,14.0,0,Transient,109.38,0,2
City Hotel,1,29,2016,November,47,14,1,3,2,0.0,0,BB,ESP,Direct,Direct,0,0,0,D,D,1,No Deposit,14.0,0,Transient,100.38,0,2
City Hotel,1,137,2016,November,47,14,1,3,2,0.0,0,SC,POL,Online TA,TA/TO,0,0,0,A,A,0,No Deposit,9.0,0,Transient,75.9,0,0
City Hotel,1,122,2016,November,47,14,1,3,2,0.0,0,SC,NLD,Online TA,TA/TO,0,0,0,A,A,0,No Deposit,9.0,0,Transient,75.9,0,2
City Hotel,1,122,2016,November,47,14,1,3,2,0.0,0,SC,NLD,Online TA,TA/TO,0,0,0,A,A,0,No Deposit,9.0,0,Transient,75.9,0,2
City Hotel,1,42,2016,November,47,14,1,4,2,0.0,0,HB,NLD,Online TA,TA/TO,0,0,0,D,D,2,No Deposit,9.0,0,Transient,129.2,0,1
City Hotel,1,56,2016,November,47,14,1,5,2,0.0,0,BB,BRA,Online TA,TA/TO,0,0,0,A,A,0,No Deposit,9.0,0,Transient,88.4,0,0
City Hotel,1,49,2016,November,47,14,2,5,2,0.0,0,BB,PRT,Offline TA/TO,TA/TO,0,0,0,A,A,0,No Deposit,42.0,0,Transient,80.0,0,0
City Hotel,1,72,2016,November,47,14,3,10,2,0.0,0,SC,PRT,Online TA,TA/TO,0,0,0,A,A,0,No Deposit,7.0,0,Transient,75.82,0,0
City Hotel,1,137,2016,November,47,15,0,2,2,0.0,0,BB,BEL,Online TA,TA/TO,0,0,0,A,A,0,No Deposit,9.0,0,Transient,90.0,0,1
City Hotel,1,252,2016,November,47,15,0,2,2,0.0,0,SC,DEU,Online TA,TA/TO,0,0,0,A,A,0,No Deposit,9.0,0,Transient,67.5,0,0
City Hotel,1,185,2016,November,47,15,0,3,2,0.0,0,BB,ITA,Online TA,TA/TO,0,0,0,D,D,0,No Deposit,9.0,0,Transient,95.4,0,0
City Hotel,1,29,2016,November,47,15,0,4,2,0.0,0,SC,MAR,Online TA,TA/TO,0,0,0,A,A,0,No Deposit,9.0,0,Transient,74.8,0,1
City Hotel,1,74,2016,November,47,15,0,4,2,0.0,0,BB,ITA,Online TA,TA/TO,0,0,0,A,A,0,No Deposit,9.0,0,Transient,88.4,0,2
City Hotel,1,30,2016,November,47,15,0,4,2,0.0,0,BB,MAR,Online TA,TA/TO,0,0,0,D,D,0,No Deposit,9.0,0,Transient,96.9,0,1
City Hotel,1,261,2016,November,47,15,0,4,2,0.0,0,HB,PRT,Online TA,TA/TO,0,0,0,A,A,0,No Deposit,9.0,0,Transient,106.25,0,0
City Hotel,1,261,2016,November,47,15,0,4,2,0.0,0,HB,PRT,Online TA,TA/TO,0,0,0,A,A,0,No Deposit,9.0,0,Transient,106.25,0,1
City Hotel,1,36,2016,November,47,15,0,4,2,0.0,0,HB,PRT,Online TA,TA/TO,0,0,0,D,D,0,No Deposit,7.0,0,Transient,99.48,0,1
City Hotel,1,51,2016,November,47,15,1,5,2,0.0,0,BB,CN,Online TA,TA/TO,0,0,0,A,A,0,No Deposit,9.0,0,Transient,88.4,0,0
City Hotel,1,39,2016,November,47,15,2,5,2,0.0,0,SC,BRA,Online TA,TA/TO,0,0,0,A,A,0,No Deposit,9.0,0,Transient,74.8,0,1
City Hotel,1,7,2016,November,47,15,2,7,2,0.0,0,SC,SAU,Online TA,TA/TO,0,0,0,A,A,0,No Deposit,9.0,0,Transient,79.14,0,0
City Hotel,1,0,2016,November,47,16,0,1,2,0.0,0,BB,PRT,Direct,Direct,0,0,0,A,A,0,No Deposit,,0,Transient,89.0,0,0
City Hotel,1,2,2016,November,47,16,0,1,2,0.0,0,BB,CHE,Direct,Direct,0,0,0,A,A,1,No Deposit,14.0,0,Transient,105.0,0,0
City Hotel,1,29,2016,November,47,16,0,2,2,0.0,0,SC,GBR,Online TA,TA/TO,0,0,0,A,A,0,No Deposit,9.0,0,Transient,88.0,0,1
City Hotel,1,280,2016,November,47,16,0,3,2,0.0,0,BB,DEU,Online TA,TA/TO,0,0,0,D,D,0,No Deposit,9.0,0,Transient,91.8,0,1
City Hotel,1,32,2016,November,47,16,0,3,2,0.0,0,BB,PRT,Online TA,TA/TO,0,0,0,A,A,0,No Deposit,7.0,0,Transient,80.08,0,0
City Hotel,1,97,2016,November,47,16,0,3,2,0.0,0,BB,ITA,Online TA,TA/TO,0,0,0,A,A,0,No Deposit,9.0,0,Transient,90.0,0,1
City Hotel,1,61,2016,November,47,16,0,4,2,0.0,0,SC,ESP,Online TA,TA/TO,0,0,0,A,A,0,No Deposit,9.0,0,Transient,74.8,0,0
City Hotel,1,89,2016,November,47,16,0,4,2,0.0,0,SC,PRT,Online TA,TA/TO,0,0,0,A,A,0,No Deposit,7.0,0,Transient,57.6,0,0
City Hotel,1,15,2016,November,47,16,0,4,2,0.0,0,BB,MDV,Direct,Direct,0,0,0,E,E,0,No Deposit,14.0,0,Transient,129.0,0,0
City Hotel,1,156,2016,November,47,16,0,4,2,0.0,0,BB,DEU,Online TA,TA/TO,0,0,0,A,A,0,No Deposit,9.0,0,Transient,85.0,0,1
City Hotel,1,14,2016,November,47,16,0,4,2,0.0,0,BB,DEU,Online TA,TA/TO,0,0,0,A,A,0,No Deposit,9.0,0,Transient,105.0,0,0
City Hotel,1,49,2016,November,47,16,0,4,2,0.0,0,SC,FRA,Online TA,TA/TO,0,0,0,A,A,0,No Deposit,9.0,0,Transient,74.8,0,2
City Hotel,1,148,2016,November,47,16,0,4,2,0.0,0,SC,ITA,Online TA,TA/TO,0,0,0,A,D,0,No Deposit,9.0,0,Transient,74.8,0,0
City Hotel,1,280,2016,November,47,16,0,4,2,0.0,0,BB,DEU,Online TA,TA/TO,0,0,0,A,A,0,No Deposit,9.0,0,Transient,73.95,0,1
City Hotel,1,120,2016,November,47,16,2,4,2,0.0,0,BB,PRT,Offline TA/TO,TA/TO,0,0,0,A,A,0,No Deposit,138.0,0,Transient,68.0,0,0
City Hotel,1,139,2016,November,47,16,2,4,2,0.0,0,BB,PRT,Offline TA/TO,TA/TO,0,0,0,A,A,0,No Deposit,85.0,0,Transient,68.0,0,0
City Hotel,1,121,2016,November,47,16,2,4,2,0.0,0,BB,PRT,Offline TA/TO,TA/TO,0,0,0,A,A,0,No Deposit,52.0,0,Transient,68.0,0,0
City Hotel,1,139,2016,November,47,16,2,4,2,0.0,0,BB,PRT,Offline TA/TO,TA/TO,0,0,0,A,A,0,No Deposit,85.0,0,Transient,68.0,0,0
City Hotel,1,139,2016,November,47,16,2,4,2,0.0,0,BB,PRT,Offline TA/TO,TA/TO,0,0,0,A,A,0,No Deposit,85.0,0,Transient,68.0,0,0
City Hotel,1,139,2016,November,47,16,2,4,2,0.0,0,BB,PRT,Offline TA/TO,TA/TO,0,0,0,A,A,0,No Deposit,85.0,0,Transient,68.0,0,0
City Hotel,1,496,2016,November,47,17,0,2,2,0.0,0,BB,PRT,Groups,TA/TO,0,0,0,A,A,0,Non Refund,1.0,0,Transient,62.8,0,0
City Hotel,1,57,2016,November,47,17,0,2,2,0.0,0,HB,BEL,Online TA,TA/TO,0,0,0,D,D,0,No Deposit,9.0,0,Transient,136.8,0,1
City Hotel,1,496,2016,November,47,17,0,2,2,0.0,0,BB,PRT,Groups,TA/TO,0,0,0,A,A,0,Non Refund,1.0,0,Transient,62.8,0,0
City Hotel,1,496,2016,November,47,17,0,2,2,0.0,0,BB,PRT,Groups,TA/TO,0,0,0,A,A,0,Non Refund,1.0,0,Transient,62.8,0,0
City Hotel,1,496,2016,November,47,17,0,2,2,0.0,0,BB,PRT,Groups,TA/TO,0,0,0,A,A,0,Non Refund,1.0,0,Transient,62.8,0,0
City Hotel,1,23,2016,November,47,17,0,2,2,0.0,0,SC,BRA,Online TA,TA/TO,0,0,0,A,A,0,No Deposit,9.0,0,Transient,88.0,0,2
City Hotel,1,496,2016,November,47,17,0,2,2,0.0,0,BB,PRT,Groups,TA/TO,0,0,0,A,A,0,Non Refund,1.0,0,Transient,62.8,0,0
City Hotel,1,496,2016,November,47,17,0,2,2,0.0,0,BB,PRT,Groups,TA/TO,0,0,0,A,A,0,Non Refund,1.0,0,Transient,62.8,0,0
City Hotel,1,496,2016,November,47,17,0,2,2,0.0,0,BB,PRT,Groups,TA/TO,0,0,0,A,A,0,Non Refund,1.0,0,Transient,62.8,0,0
City Hotel,1,496,2016,November,47,17,0,2,2,0.0,0,BB,PRT,Groups,TA/TO,0,0,0,A,A,0,Non Refund,1.0,0,Transient,62.8,0,0
City Hotel,1,23,2016,November,47,17,0,2,2,0.0,0,SC,BRA,Online TA,TA/TO,0,0,0,A,A,0,No Deposit,9.0,0,Transient,88.0,0,2
City Hotel,1,23,2016,November,47,17,0,2,2,0.0,0,SC,BRA,Online TA,TA/TO,0,0,0,A,A,0,No Deposit,9.0,0,Transient,88.0,0,2
City Hotel,1,496,2016,November,47,17,0,2,2,0.0,0,BB,PRT,Groups,TA/TO,0,0,0,A,A,0,Non Refund,1.0,0,Transient,62.8,0,0
City Hotel,1,496,2016,November,47,17,0,2,2,0.0,0,BB,PRT,Groups,TA/TO,0,0,0,A,A,0,Non Refund,1.0,0,Transient,62.8,0,0
City Hotel,1,496,2016,November,47,17,0,2,2,0.0,0,BB,PRT,Groups,TA/TO,0,0,0,A,A,0,Non Refund,1.0,0,Transient,62.8,0,0
City Hotel,1,496,2016,November,47,17,0,2,2,0.0,0,BB,PRT,Groups,TA/TO,0,0,0,A,A,0,Non Refund,1.0,0,Transient,62.8,0,0
City Hotel,1,496,2016,November,47,17,0,2,2,0.0,0,BB,PRT,Groups,TA/TO,0,0,0,A,A,0,Non Refund,1.0,0,Transient,62.8,0,0
City Hotel,1,496,2016,November,47,17,0,2,2,0.0,0,BB,PRT,Groups,TA/TO,0,0,0,A,A,0,Non Refund,1.0,0,Transient,62.8,0,0
City Hotel,1,496,2016,November,47,17,0,2,2,0.0,0,BB,PRT,Groups,TA/TO,0,0,0,A,A,0,Non Refund,1.0,0,Transient,62.8,0,0
City Hotel,1,125,2016,November,47,17,0,3,2,0.0,0,SC,ITA,Online TA,TA/TO,0,0,0,A,A,0,No Deposit,9.0,0,Transient,79.2,0,0
City Hotel,1,2,2016,November,47,17,0,3,2,0.0,0,HB,ESP,Online TA,TA/TO,0,0,0,D,D,0,No Deposit,9.0,0,Transient,159.0,0,1
City Hotel,1,100,2016,November,47,17,0,3,2,0.0,0,SC,IDN,Online TA,TA/TO,0,0,0,A,A,0,No Deposit,9.0,0,Transient,79.2,0,2
City Hotel,1,25,2016,November,47,17,0,3,2,0.0,0,SC,ITA,Online TA,TA/TO,0,0,0,A,A,0,No Deposit,9.0,0,Transient,88.0,0,1
City Hotel,1,79,2016,November,47,17,0,3,2,0.0,0,BB,GBR,Online TA,TA/TO,0,0,0,D,D,0,No Deposit,9.0,0,Transient,102.6,0,1
City Hotel,1,2,2016,November,47,17,0,3,2,0.0,0,HB,ESP,Online TA,TA/TO,0,0,0,D,D,0,No Deposit,9.0,0,Transient,168.0,0,1
City Hotel,1,31,2016,November,47,17,1,3,2,0.0,0,SC,NGA,Online TA,TA/TO,0,0,0,A,A,0,No Deposit,9.0,0,Transient,74.8,0,0
City Hotel,1,7,2016,November,47,17,1,3,2,0.0,0,SC,ESP,Online TA,TA/TO,0,0,0,A,A,0,No Deposit,9.0,0,Transient,78.63,0,2
City Hotel,1,63,2016,November,47,17,1,3,2,0.0,0,SC,NGA,Online TA,TA/TO,0,0,0,A,A,0,No Deposit,9.0,0,Transient,74.8,0,1
City Hotel,1,39,2016,November,47,17,1,3,2,0.0,0,SC,ITA,Online TA,TA/TO,0,0,0,A,A,0,No Deposit,9.0,0,Transient,74.8,0,2
City Hotel,1,63,2016,November,47,17,1,3,2,0.0,0,SC,NGA,Online TA,TA/TO,0,0,0,A,A,0,No Deposit,9.0,0,Transient,74.8,0,1
City Hotel,1,54,2016,November,47,17,2,3,2,0.0,0,BB,SWE,Online TA,TA/TO,0,0,0,A,A,0,No Deposit,9.0,0,Transient,88.4,0,1
City Hotel,1,102,2016,November,47,17,2,3,2,0.0,0,BB,GBR,Online TA,TA/TO,0,0,0,A,A,0,No Deposit,9.0,0,Transient,85.0,0,2
City Hotel,1,15,2016,November,47,17,2,4,2,0.0,0,SC,RUS,Online TA,TA/TO,0,0,0,A,A,0,No Deposit,9.0,0,Transient,92.5,0,0
City Hotel,1,5,2016,November,47,17,2,4,2,0.0,0,SC,BRA,Online TA,TA/TO,0,0,0,A,A,0,No Deposit,9.0,0,Transient,79.33,0,0
City Hotel,1,6,2016,November,47,17,2,5,2,0.0,0,SC,ESP,Online TA,TA/TO,0,0,0,A,A,0,No Deposit,9.0,0,Transient,78.69,0,0
City Hotel,1,11,2016,November,47,17,2,3,2,0.0,0,SC,BRA,Online TA,TA/TO,0,0,0,A,A,0,No Deposit,9.0,0,Transient,79.05,0,0
City Hotel,1,63,2016,November,47,18,0,1,2,0.0,0,BB,ITA,Online TA,TA/TO,0,0,0,D,D,0,No Deposit,9.0,0,Transient,102.6,0,0
City Hotel,1,211,2016,November,47,18,0,1,2,0.0,0,BB,FRA,Online TA,TA/TO,0,0,0,A,A,0,No Deposit,9.0,0,Transient,78.3,0,0
City Hotel,1,72,2016,November,47,18,0,2,2,0.0,0,SC,CHE,Online TA,TA/TO,0,0,0,A,A,0,No Deposit,9.0,0,Transient,79.2,0,1
City Hotel,1,80,2016,November,47,18,0,2,2,0.0,0,SC,PRT,Online TA,TA/TO,0,0,0,A,A,0,No Deposit,89.0,0,Transient,63.36,0,0
City Hotel,1,301,2016,November,47,18,0,2,2,0.0,0,BB,PRT,Offline TA/TO,TA/TO,0,0,0,A,A,0,Non Refund,20.0,0,Transient,52.0,0,0
City Hotel,1,301,2016,November,47,18,0,2,2,0.0,0,BB,PRT,Offline TA/TO,TA/TO,0,0,0,A,A,0,Non Refund,20.0,0,Transient,52.0,0,0
City Hotel,1,23,2016,November,47,18,0,2,2,0.0,0,SC,DEU,Online TA,TA/TO,0,0,0,A,A,2,No Deposit,9.0,0,Transient,91.5,0,1
City Hotel,1,101,2016,November,47,18,0,2,2,0.0,0,BB,IRL,Online TA,TA/TO,0,0,0,A,A,0,No Deposit,9.0,0,Transient,90.0,0,2
City Hotel,1,301,2016,November,47,18,0,2,2,0.0,0,BB,PRT,Offline TA/TO,TA/TO,0,0,0,A,A,0,Non Refund,20.0,0,Transient,52.0,0,0
City Hotel,1,301,2016,November,47,18,0,2,2,0.0,0,BB,PRT,Offline TA/TO,TA/TO,0,0,0,A,A,0,Non Refund,20.0,0,Transient,52.0,0,0
City Hotel,1,59,2016,November,47,18,0,2,2,0.0,0,HB,PRT,Online TA,TA/TO,0,0,0,A,A,0,No Deposit,9.0,0,Transient,127.8,0,1
City Hotel,1,57,2016,November,47,18,0,2,2,0.0,0,BB,ITA,Online TA,TA/TO,0,0,0,A,A,0,No Deposit,9.0,0,Transient,93.6,0,1
City Hotel,1,301,2016,November,47,18,0,2,2,0.0,0,BB,PRT,Offline TA/TO,TA/TO,0,0,0,A,A,0,Non Refund,20.0,0,Transient,52.0,0,0
City Hotel,1,301,2016,November,47,18,0,2,2,0.0,0,BB,PRT,Offline TA/TO,TA/TO,0,0,0,A,A,0,Non Refund,20.0,0,Transient,52.0,0,0
City Hotel,1,301,2016,November,47,18,0,2,2,0.0,0,BB,PRT,Offline TA/TO,TA/TO,0,0,0,A,A,0,Non Refund,20.0,0,Transient,52.0,0,0
City Hotel,1,84,2016,November,47,18,0,2,2,0.0,0,BB,CHE,Online TA,TA/TO,0,0,0,A,A,0,No Deposit,9.0,0,Transient,93.6,0,1
City Hotel,1,301,2016,November,47,18,0,2,2,0.0,0,BB,PRT,Offline TA/TO,TA/TO,0,0,0,A,A,0,Non Refund,20.0,0,Transient,52.0,0,0
City Hotel,1,24,2016,November,47,18,0,2,2,0.0,0,SC,PRT,Offline TA/TO,TA/TO,0,0,0,A,A,0,No Deposit,85.0,0,Transient,70.0,0,0
City Hotel,1,59,2016,November,47,18,0,2,2,0.0,0,BB,PRT,Online TA,TA/TO,0,0,0,A,A,0,No Deposit,9.0,0,Transient,93.6,0,0
City Hotel,1,88,2016,November,47,18,0,2,2,0.0,0,BB,BRA,Online TA,TA/TO,0,0,0,D,D,0,No Deposit,9.0,0,Transient,102.6,0,1
City Hotel,1,301,2016,November,47,18,0,2,2,0.0,0,BB,PRT,Offline TA/TO,TA/TO,0,0,0,A,A,0,Non Refund,20.0,0,Transient,52.0,0,0
City Hotel,1,301,2016,November,47,18,0,2,2,0.0,0,BB,PRT,Offline TA/TO,TA/TO,0,0,0,A,A,0,Non Refund,20.0,0,Transient,52.0,0,0
City Hotel,1,301,2016,November,47,18,0,2,2,0.0,0,BB,PRT,Offline TA/TO,TA/TO,0,0,0,A,A,0,Non Refund,20.0,0,Transient,52.0,0,0
City Hotel,1,301,2016,November,47,18,0,2,2,0.0,0,BB,PRT,Offline TA/TO,TA/TO,0,0,0,A,A,0,Non Refund,20.0,0,Transient,52.0,0,0
City Hotel,1,301,2016,November,47,18,0,2,2,0.0,0,BB,PRT,Offline TA/TO,TA/TO,0,0,0,A,A,0,Non Refund,20.0,0,Transient,52.0,0,0
City Hotel,1,101,2016,November,47,18,0,2,2,0.0,0,BB,IRL,Online TA,TA/TO,0,0,0,A,A,0,No Deposit,9.0,0,Transient,90.0,0,2
City Hotel,1,71,2016,November,47,18,0,2,2,0.0,0,SC,ITA,Online TA,TA/TO,0,0,0,A,A,0,No Deposit,9.0,0,Transient,88.0,0,0
City Hotel,1,301,2016,November,47,18,0,2,2,0.0,0,BB,PRT,Offline TA/TO,TA/TO,0,0,0,A,A,0,Non Refund,20.0,0,Transient,52.0,0,0
City Hotel,1,301,2016,November,47,18,0,2,2,0.0,0,BB,PRT,Offline TA/TO,TA/TO,0,0,0,A,A,0,Non Refund,20.0,0,Transient,52.0,0,0
City Hotel,1,301,2016,November,47,18,0,2,2,0.0,0,BB,PRT,Offline TA/TO,TA/TO,0,0,0,A,A,0,Non Refund,20.0,0,Transient,52.0,0,0
City Hotel,1,301,2016,November,47,18,0,2,2,0.0,0,BB,PRT,Offline TA/TO,TA/TO,0,0,0,A,A,0,Non Refund,20.0,0,Transient,52.0,0,0
City Hotel,1,115,2016,November,47,18,0,2,2,0.0,0,BB,DEU,Online TA,TA/TO,0,0,0,A,A,0,No Deposit,9.0,0,Transient,90.0,0,1
City Hotel,1,211,2016,November,47,18,0,2,2,0.0,0,SC,MYS,Online TA,TA/TO,0,0,0,A,A,0,No Deposit,9.0,0,Transient,67.5,0,1
City Hotel,1,301,2016,November,47,18,0,2,2,0.0,0,BB,PRT,Offline TA/TO,TA/TO,0,0,0,A,A,0,Non Refund,20.0,0,Transient,52.0,0,0
City Hotel,1,11,2016,November,47,18,0,2,2,0.0,0,BB,FRA,Online TA,TA/TO,0,0,0,A,A,0,No Deposit,9.0,0,Transient,111.0,0,1
City Hotel,1,301,2016,November,47,18,0,2,2,0.0,0,BB,PRT,Offline TA/TO,TA/TO,0,0,0,A,A,0,Non Refund,20.0,0,Transient,52.0,0,0
City Hotel,1,301,2016,November,47,18,0,2,2,0.0,0,BB,PRT,Offline TA/TO,TA/TO,0,0,0,A,A,0,Non Refund,20.0,0,Transient,52.0,0,0
City Hotel,1,50,2016,November,47,18,1,2,2,0.0,0,BB,BEL,Online TA,TA/TO,0,0,0,A,A,0,No Deposit,9.0,0,Transient,93.6,0,2
City Hotel,1,50,2016,November,47,18,1,2,2,0.0,0,BB,BEL,Online TA,TA/TO,0,0,0,A,A,0,No Deposit,9.0,0,Transient,93.6,0,2
City Hotel,1,50,2016,November,47,18,1,2,2,0.0,0,BB,BEL,Online TA,TA/TO,0,0,0,A,A,0,No Deposit,9.0,0,Transient,93.6,0,2
City Hotel,1,75,2016,November,47,18,1,2,2,0.0,0,BB,ITA,Online TA,TA/TO,0,0,0,A,A,0,No Deposit,9.0,0,Transient,93.6,0,2
City Hotel,1,249,2016,November,47,18,1,2,2,0.0,0,HB,ESP,Online TA,TA/TO,0,0,0,A,A,0,No Deposit,9.0,0,Transient,112.5,0,0
City Hotel,1,50,2016,November,47,18,1,2,2,0.0,0,BB,BEL,Online TA,TA/TO,0,0,0,A,A,0,No Deposit,9.0,0,Transient,93.6,0,2
City Hotel,1,16,2016,November,47,18,2,2,2,0.0,0,SC,FRA,Online TA,TA/TO,0,0,0,A,A,0,No Deposit,9.0,0,Transient,91.5,0,0
City Hotel,1,11,2016,November,47,18,6,14,2,0.0,0,SC,AGO,Online TA,TA/TO,0,0,0,A,A,0,No Deposit,9.0,0,Transient,75.86,0,0
City Hotel,1,3,2016,November,47,19,0,1,2,0.0,0,SC,AGO,Online TA,TA/TO,0,0,0,A,A,0,No Deposit,9.0,0,Transient,95.0,0,1
City Hotel,1,45,2016,November,47,19,0,1,2,0.0,0,BB,PRT,Online TA,TA/TO,0,0,0,B,B,1,No Deposit,9.0,0,Transient,82.44,0,2
City Hotel,1,128,2016,November,47,19,1,1,2,0.0,0,BB,SVN,Online TA,TA/TO,0,0,0,A,A,0,No Deposit,9.0,0,Transient,90.0,0,0
City Hotel,1,39,2016,November,47,19,1,1,2,0.0,0,SC,BRA,Online TA,TA/TO,0,0,0,A,A,2,No Deposit,9.0,0,Transient,88.0,0,2
City Hotel,1,45,2016,November,47,19,1,1,2,0.0,0,BB,DEU,Online TA,TA/TO,0,0,0,A,A,0,No Deposit,9.0,0,Transient,93.6,0,0
City Hotel,1,44,2016,November,47,19,1,1,2,0.0,0,BB,DEU,Online TA,TA/TO,0,0,0,A,A,0,No Deposit,9.0,0,Transient,98.8,0,1
City Hotel,1,317,2016,November,47,19,1,1,2,0.0,0,BB,FRA,Online TA,TA/TO,0,0,0,A,A,4,No Deposit,9.0,0,Transient,78.3,0,0
City Hotel,1,26,2016,November,47,19,1,1,2,0.0,0,BB,GBR,Online TA,TA/TO,0,0,0,A,A,0,No Deposit,9.0,0,Transient,104.0,0,1
City Hotel,1,64,2016,November,47,19,1,1,2,0.0,0,SC,ESP,Online TA,TA/TO,0,0,0,A,A,0,No Deposit,9.0,0,Transient,79.2,0,2
City Hotel,1,26,2016,November,47,19,1,1,2,0.0,0,BB,GBR,Online TA,TA/TO,0,0,0,A,A,0,No Deposit,9.0,0,Transient,104.0,0,1
City Hotel,1,45,2016,November,47,19,1,1,2,0.0,0,BB,DEU,Online TA,TA/TO,0,0,0,A,A,0,No Deposit,9.0,0,Transient,93.6,0,0
City Hotel,1,11,2016,November,47,19,1,1,2,0.0,0,SC,BRA,Online TA,TA/TO,0,0,0,A,A,0,No Deposit,9.0,0,Transient,90.0,0,2
City Hotel,1,52,2016,November,47,19,2,1,2,0.0,0,BB,FRA,Online TA,TA/TO,0,0,0,A,A,0,No Deposit,9.0,0,Transient,93.6,0,2
City Hotel,1,61,2016,November,47,19,2,1,2,0.0,0,BB,PRT,Offline TA/TO,TA/TO,0,0,0,A,A,0,No Deposit,85.0,0,Transient,68.0,0,0
City Hotel,1,65,2016,November,47,19,2,1,2,0.0,0,SC,ITA,Online TA,TA/TO,0,0,0,A,A,0,No Deposit,9.0,0,Transient,82.13,0,1
City Hotel,1,38,2016,November,47,19,2,2,2,0.0,0,BB,DEU,Online TA,TA/TO,0,0,0,A,A,0,No Deposit,9.0,0,Transient,88.4,0,2
City Hotel,1,71,2016,November,47,19,2,2,2,0.0,0,BB,PRT,Online TA,TA/TO,0,0,0,A,A,0,No Deposit,8.0,0,Transient,88.4,0,1
City Hotel,1,127,2016,November,47,19,2,2,2,0.0,0,BB,ITA,Online TA,TA/TO,0,0,0,D,D,0,No Deposit,9.0,0,Transient,97.75,0,0
City Hotel,1,74,2016,November,47,19,2,4,2,0.0,0,SC,MLT,Online TA,TA/TO,0,0,0,A,A,0,No Deposit,9.0,0,Transient,74.8,0,2
City Hotel,1,247,2016,November,47,19,2,3,2,0.0,0,SC,TUR,Online TA,TA/TO,0,0,0,A,A,0,No Deposit,9.0,0,Transient,63.75,0,0
City Hotel,1,49,2016,November,47,19,2,5,2,0.0,0,SC,USA,Online TA,TA/TO,0,0,0,A,A,0,No Deposit,9.0,0,Transient,74.8,0,0
City Hotel,1,10,2016,November,48,20,1,0,2,0.0,0,BB,ESP,Online TA,TA/TO,0,0,0,A,A,0,No Deposit,9.0,0,Transient,101.0,0,1
City Hotel,1,95,2016,November,48,20,2,0,2,0.0,0,BB,HUN,Online TA,TA/TO,0,0,0,A,A,0,No Deposit,9.0,0,Transient,84.6,0,2
City Hotel,1,95,2016,November,48,20,2,0,2,0.0,0,BB,HUN,Online TA,TA/TO,0,0,0,A,A,0,No Deposit,9.0,0,Transient,84.6,0,2
City Hotel,1,95,2016,November,48,20,2,0,2,0.0,0,BB,HUN,Online TA,TA/TO,0,0,0,A,A,0,No Deposit,9.0,0,Transient,90.0,0,2
City Hotel,1,95,2016,November,48,20,2,0,2,0.0,0,BB,HUN,Online TA,TA/TO,0,0,0,A,A,0,No Deposit,9.0,0,Transient,84.6,0,2
City Hotel,1,95,2016,November,48,20,2,0,2,0.0,0,BB,HUN,Online TA,TA/TO,0,0,0,A,A,0,No Deposit,9.0,0,Transient,84.6,0,2
City Hotel,1,95,2016,November,48,20,2,0,2,0.0,0,BB,HUN,Online TA,TA/TO,0,0,0,A,A,0,No Deposit,9.0,0,Transient,90.0,0,2
City Hotel,1,84,2016,November,48,20,2,0,2,0.0,0,SC,CHN,Online TA,TA/TO,0,0,0,A,A,0,No Deposit,9.0,0,Transient,71.28,0,0
City Hotel,1,80,2016,November,48,20,2,1,2,0.0,0,SC,CN,Online TA,TA/TO,0,0,0,A,A,0,No Deposit,9.0,0,Transient,79.2,0,1
City Hotel,1,83,2016,November,48,20,2,1,2,0.0,0,BB,HUN,Online TA,TA/TO,0,0,0,A,A,0,No Deposit,9.0,0,Transient,93.6,0,0
City Hotel,1,265,2016,November,48,20,2,1,2,0.0,0,BB,GBR,Online TA,TA/TO,0,0,0,A,A,0,No Deposit,9.0,0,Transient,78.3,0,2
City Hotel,1,261,2016,November,48,20,2,1,2,0.0,0,BB,PRT,Offline TA/TO,TA/TO,0,0,0,A,A,0,No Deposit,85.0,0,Transient,68.0,0,0
City Hotel,1,217,2016,November,48,20,2,2,2,0.0,0,SC,FRA,Online TA,TA/TO,0,0,0,A,A,0,No Deposit,9.0,0,Transient,63.75,0,2
City Hotel,1,13,2016,November,48,20,2,2,2,0.0,0,SC,ESP,Online TA,TA/TO,0,0,0,A,A,0,No Deposit,9.0,0,Transient,77.14,0,1
City Hotel,1,160,2016,November,48,20,2,3,2,0.0,0,BB,ITA,Online TA,TA/TO,0,0,0,A,A,0,No Deposit,9.0,0,Transient,85.0,0,1
City Hotel,1,18,2016,November,48,20,2,3,2,0.0,0,BB,PRT,Online TA,TA/TO,0,0,0,A,A,0,No Deposit,7.0,0,Transient,71.21,0,0
City Hotel,1,50,2016,November,48,20,2,5,2,0.0,0,SC,DEU,Online TA,TA/TO,0,0,0,A,A,0,No Deposit,9.0,0,Transient,74.8,0,1
City Hotel,1,47,2016,November,48,20,2,5,2,0.0,0,SC,UKR,Online TA,TA/TO,0,0,0,A,A,0,No Deposit,9.0,0,Transient,74.8,0,1
City Hotel,1,34,2016,November,48,20,5,10,2,0.0,0,SC,PAK,Online TA,TA/TO,0,0,0,A,A,0,No Deposit,9.0,0,Transient,74.8,0,1
City Hotel,1,3,2016,November,48,21,1,0,2,0.0,0,SC,ITA,Online TA,TA/TO,0,0,0,A,A,0,No Deposit,9.0,0,Transient,95.0,0,0
City Hotel,1,215,2016,November,48,21,1,1,2,0.0,0,BB,PRT,Groups,Corporate,0,0,0,A,A,1,No Deposit,,0,Transient,147.0,0,0
City Hotel,1,215,2016,November,48,21,1,1,2,0.0,0,BB,PRT,Groups,Corporate,0,0,0,A,A,1,Non Refund,,0,Transient-Party,147.0,0,0
City Hotel,1,53,2016,November,48,21,1,1,2,0.0,0,BB,FRA,Online TA,TA/TO,0,0,0,A,A,0,No Deposit,9.0,0,Transient,93.6,0,0
City Hotel,1,57,2016,November,48,21,1,2,2,0.0,0,HB,ITA,Online TA,TA/TO,0,0,0,A,A,0,No Deposit,9.0,0,Transient,127.8,0,0
City Hotel,1,78,2016,November,48,21,1,2,2,0.0,0,BB,CHE,Online TA,TA/TO,0,0,0,A,A,0,No Deposit,9.0,0,Transient,93.6,0,0
City Hotel,1,324,2016,November,48,21,1,2,2,0.0,0,BB,NOR,Online TA,TA/TO,0,0,0,D,D,1,No Deposit,9.0,0,Transient,87.3,0,0
City Hotel,1,49,2016,November,48,21,1,2,2,0.0,0,SC,PRT,Online TA,TA/TO,0,0,0,A,A,0,No Deposit,8.0,0,Transient,79.2,0,1
City Hotel,1,57,2016,November,48,21,1,2,2,0.0,0,SC,ITA,Online TA,TA/TO,0,0,0,A,A,0,No Deposit,9.0,0,Transient,79.2,0,1
City Hotel,1,142,2016,November,48,21,1,3,2,0.0,0,BB,ITA,Online TA,TA/TO,0,0,0,A,A,1,No Deposit,9.0,0,Transient,85.0,0,0
City Hotel,1,106,2016,November,48,21,1,3,2,0.0,0,HB,FRA,Online TA,TA/TO,0,0,0,A,A,0,No Deposit,9.0,0,Transient,117.3,0,2
City Hotel,1,111,2016,November,48,21,1,5,2,0.0,0,BB,DEU,Online TA,TA/TO,0,0,0,D,D,0,No Deposit,9.0,0,Transient,97.75,0,1
City Hotel,1,46,2016,November,48,22,0,1,2,0.0,0,SC,GBR,Online TA,TA/TO,0,0,0,A,A,0,No Deposit,9.0,0,Transient,79.2,0,0
City Hotel,1,4,2016,November,48,22,0,1,2,0.0,0,BB,PRT,Online TA,TA/TO,0,0,0,A,A,0,No Deposit,9.0,0,Transient,111.0,0,1
City Hotel,1,21,2016,November,48,22,0,2,2,0.0,0,SC,PRT,Online TA,TA/TO,0,0,0,A,A,0,No Deposit,7.0,0,Transient,72.38,0,0
City Hotel,1,42,2016,November,48,22,0,3,2,0.0,0,BB,NLD,Direct,Direct,0,0,0,D,D,0,No Deposit,14.0,0,Transient,95.38,0,1
City Hotel,1,44,2016,November,48,22,0,3,2,0.0,0,SC,NLD,Online TA,TA/TO,0,0,0,A,A,0,No Deposit,9.0,0,Transient,82.13,0,0
City Hotel,1,62,2016,November,48,22,0,3,2,0.0,0,BB,IRL,Online TA,TA/TO,0,0,0,A,A,0,No Deposit,9.0,0,Transient,93.6,0,2
City Hotel,1,64,2016,November,48,22,0,3,2,0.0,0,BB,UKR,Online TA,TA/TO,0,0,0,A,A,0,No Deposit,9.0,0,Transient,93.6,0,1
City Hotel,1,44,2016,November,48,22,0,3,2,0.0,0,BB,NLD,Online TA,TA/TO,0,0,0,A,A,0,No Deposit,9.0,0,Transient,97.07,0,1
City Hotel,1,46,2016,November,48,22,0,4,2,0.0,0,SC,ROU,Online TA,TA/TO,0,0,0,A,A,0,No Deposit,9.0,0,Transient,74.8,0,1
City Hotel,1,273,2016,November,48,22,0,5,2,0.0,0,SC,BRA,Online TA,TA/TO,0,0,0,A,A,0,No Deposit,9.0,0,Transient,63.75,0,0
City Hotel,1,15,2016,November,48,22,2,5,2,0.0,0,SC,ZAF,Online TA,TA/TO,0,0,0,A,A,2,No Deposit,9.0,0,Transient,77.35,0,2
City Hotel,1,6,2016,November,48,22,2,6,2,0.0,0,SC,SAU,Online TA,TA/TO,0,0,0,A,A,0,No Deposit,9.0,0,Transient,77.78,0,0
City Hotel,1,56,2016,November,48,23,0,3,2,0.0,0,BB,NLD,Online TA,TA/TO,0,0,0,A,A,0,No Deposit,9.0,0,Transient,93.6,0,1
City Hotel,1,5,2016,November,48,23,0,3,2,0.0,0,SC,MAR,Online TA,TA/TO,0,0,0,A,A,0,No Deposit,9.0,0,Transient,90.33,0,0
City Hotel,1,2,2016,November,48,23,0,3,2,0.0,0,BB,PRT,Corporate,Corporate,0,0,0,A,A,0,No Deposit,,0,Transient,77.0,0,0
City Hotel,1,59,2016,November,48,23,0,3,2,0.0,0,SC,FRA,Online TA,TA/TO,0,0,0,A,A,0,No Deposit,9.0,0,Transient,79.2,0,0
City Hotel,1,308,2016,November,48,23,0,3,2,0.0,0,BB,NOR,Online TA,TA/TO,0,0,0,A,A,1,No Deposit,9.0,0,Transient-Party,78.3,0,2
City Hotel,1,67,2016,November,48,23,0,4,2,0.0,0,BB,DEU,Online TA,TA/TO,0,0,0,A,A,0,No Deposit,9.0,0,Transient,88.4,0,2
City Hotel,1,29,2016,November,48,23,0,4,2,0.0,0,BB,PRT,Online TA,TA/TO,0,0,0,A,A,0,No Deposit,7.0,0,Transient,68.07,0,0
City Hotel,1,31,2016,November,48,23,0,4,2,0.0,0,BB,MAR,Online TA,TA/TO,0,0,0,B,B,1,No Deposit,9.0,0,Transient,77.86,0,2
City Hotel,1,63,2016,November,48,23,0,4,2,0.0,0,HB,PRT,Offline TA/TO,TA/TO,0,0,0,A,D,0,No Deposit,28.0,0,Transient,105.0,0,0
City Hotel,1,3,2016,November,48,23,6,18,2,0.0,0,SC,SAU,Online TA,TA/TO,0,0,0,A,A,0,No Deposit,9.0,0,Transient,76.78,0,0
City Hotel,1,54,2016,November,48,24,0,1,2,0.0,0,BB,PRT,Complementary,Corporate,0,0,0,A,A,0,No Deposit,,0,Transient,0.0,0,1
City Hotel,1,63,2016,November,48,24,0,1,2,0.0,0,SC,GBR,Online TA,TA/TO,0,0,0,A,A,0,No Deposit,9.0,0,Transient,79.2,0,0
City Hotel,1,503,2016,November,48,24,0,2,2,0.0,0,BB,PRT,Groups,TA/TO,0,0,0,A,A,0,Non Refund,1.0,0,Transient,62.8,0,0
City Hotel,1,503,2016,November,48,24,0,2,2,0.0,0,BB,PRT,Groups,TA/TO,0,0,0,A,A,0,Non Refund,1.0,0,Transient,62.8,0,0
City Hotel,1,503,2016,November,48,24,0,2,2,0.0,0,BB,PRT,Groups,TA/TO,0,0,0,A,A,0,Non Refund,1.0,0,Transient,62.8,0,0
City Hotel,1,503,2016,November,48,24,0,2,2,0.0,0,BB,PRT,Groups,TA/TO,0,0,0,A,A,0,Non Refund,1.0,0,Transient,62.8,0,0
City Hotel,1,503,2016,November,48,24,0,2,2,0.0,0,BB,PRT,Groups,TA/TO,0,0,0,A,A,0,Non Refund,1.0,0,Transient,62.8,0,0
City Hotel,1,503,2016,November,48,24,0,2,2,0.0,0,BB,PRT,Groups,TA/TO,0,0,0,A,A,0,Non Refund,1.0,0,Transient,62.8,0,0
City Hotel,1,503,2016,November,48,24,0,2,2,0.0,0,BB,PRT,Groups,TA/TO,0,0,0,A,A,0,Non Refund,1.0,0,Transient,62.8,0,0
City Hotel,1,503,2016,November,48,24,0,2,2,0.0,0,BB,PRT,Groups,TA/TO,0,0,0,A,A,0,Non Refund,1.0,0,Transient,62.8,0,0
City Hotel,1,503,2016,November,48,24,0,2,2,0.0,0,BB,PRT,Groups,TA/TO,0,0,0,A,A,0,Non Refund,1.0,0,Transient,62.8,0,0
City Hotel,1,503,2016,November,48,24,0,2,2,0.0,0,BB,PRT,Groups,TA/TO,0,0,0,A,A,0,Non Refund,1.0,0,Transient,62.8,0,0
City Hotel,1,503,2016,November,48,24,0,2,2,0.0,0,BB,PRT,Groups,TA/TO,0,0,0,A,A,0,Non Refund,1.0,0,Transient,62.8,0,0
City Hotel,1,503,2016,November,48,24,0,2,2,0.0,0,BB,PRT,Groups,TA/TO,0,0,0,A,A,0,Non Refund,1.0,0,Transient,62.8,0,0
City Hotel,1,503,2016,November,48,24,0,2,2,0.0,0,BB,PRT,Groups,TA/TO,0,0,0,A,A,0,Non Refund,1.0,0,Transient,62.8,0,0
City Hotel,1,2,2016,November,48,24,0,2,2,0.0,0,BB,CHN,Online TA,TA/TO,0,0,0,D,D,0,No Deposit,9.0,0,Transient,108.9,0,0
City Hotel,1,503,2016,November,48,24,0,2,2,0.0,0,BB,PRT,Groups,TA/TO,0,0,0,A,A,0,Non Refund,1.0,0,Transient,62.8,0,0
City Hotel,1,503,2016,November,48,24,0,2,2,0.0,0,BB,PRT,Groups,TA/TO,0,0,0,A,A,0,Non Refund,1.0,0,Transient,62.8,0,0
City Hotel,1,83,2016,November,48,24,0,3,2,0.0,0,BB,GBR,Online TA,TA/TO,0,0,0,A,A,0,No Deposit,9.0,0,Transient,93.6,0,1
City Hotel,1,184,2016,November,48,24,0,3,2,0.0,0,SC,ITA,Online TA,TA/TO,0,0,0,A,A,0,No Deposit,9.0,0,Transient,69.9,0,0
City Hotel,0,326,2016,November,48,24,0,3,2,0.0,0,SC,GBR,Online TA,TA/TO,0,0,0,A,A,0,No Deposit,9.0,0,Transient,67.5,0,2
City Hotel,1,8,2016,November,48,24,0,3,2,0.0,0,BB,FRA,Online TA,TA/TO,0,0,0,A,A,0,No Deposit,9.0,0,Transient,108.67,0,2
City Hotel,1,184,2016,November,48,24,0,3,2,0.0,0,SC,ITA,Online TA,TA/TO,0,0,0,A,A,0,No Deposit,9.0,0,Transient,69.9,0,0
City Hotel,1,184,2016,November,48,24,0,3,2,0.0,0,SC,ITA,Online TA,TA/TO,0,0,0,A,A,0,No Deposit,9.0,0,Transient,69.9,0,0
City Hotel,1,20,2016,November,48,24,0,3,2,0.0,0,BB,FRA,Online TA,TA/TO,0,0,0,A,A,0,No Deposit,9.0,0,Transient,104.0,0,2
City Hotel,1,184,2016,November,48,24,0,3,2,0.0,0,SC,ITA,Online TA,TA/TO,0,0,0,A,A,0,No Deposit,9.0,0,Transient,69.9,0,0
City Hotel,1,23,2016,November,48,24,1,3,2,0.0,0,SC,CHN,Online TA,TA/TO,0,0,0,A,A,0,No Deposit,9.0,0,Transient,79.2,0,0
City Hotel,1,243,2016,November,48,24,1,3,2,0.0,0,BB,IRL,Online TA,TA/TO,0,0,0,A,A,0,No Deposit,9.0,0,Transient,73.95,0,0
City Hotel,1,85,2016,November,48,24,1,3,2,0.0,0,BB,EGY,Online TA,TA/TO,0,0,0,A,A,0,No Deposit,9.0,0,Transient,88.4,0,0
City Hotel,1,225,2016,November,48,25,0,1,2,0.0,0,SC,POL,Online TA,TA/TO,0,0,0,A,A,0,No Deposit,9.0,0,Transient,67.5,0,0
City Hotel,1,10,2016,November,48,25,0,1,2,0.0,0,SC,GBR,Online TA,TA/TO,0,0,0,A,A,0,No Deposit,9.0,0,Transient,95.0,0,0
City Hotel,1,107,2016,November,48,25,0,1,2,0.0,0,SC,UKR,Online TA,TA/TO,0,0,0,A,A,0,No Deposit,9.0,0,Transient,79.2,0,0
City Hotel,1,44,2016,November,48,25,0,1,2,0.0,0,BB,NLD,Direct,Direct,0,0,0,D,D,0,No Deposit,,0,Transient,95.38,0,0
City Hotel,1,225,2016,November,48,25,0,1,2,0.0,0,SC,POL,Online TA,TA/TO,0,0,0,A,A,0,No Deposit,9.0,0,Transient,67.5,0,0
City Hotel,1,225,2016,November,48,25,0,1,2,0.0,0,SC,POL,Online TA,TA/TO,0,0,0,A,A,0,No Deposit,9.0,0,Transient,67.5,0,0
City Hotel,1,308,2016,November,48,25,0,2,2,0.0,0,BB,PRT,Offline TA/TO,TA/TO,0,0,0,A,A,0,Non Refund,20.0,0,Transient,52.0,0,0
City Hotel,1,308,2016,November,48,25,0,2,2,0.0,0,BB,PRT,Offline TA/TO,TA/TO,0,0,0,A,A,0,Non Refund,20.0,0,Transient,52.0,0,0
City Hotel,1,308,2016,November,48,25,0,2,2,0.0,0,BB,PRT,Offline TA/TO,TA/TO,0,0,0,A,A,0,Non Refund,20.0,0,Transient,52.0,0,0
City Hotel,1,308,2016,November,48,25,0,2,2,0.0,0,BB,PRT,Offline TA/TO,TA/TO,0,0,0,A,A,0,Non Refund,20.0,0,Transient,52.0,0,0
City Hotel,1,158,2016,November,48,25,0,2,2,0.0,0,BB,PRT,Online TA,TA/TO,0,0,0,A,A,2,No Deposit,9.0,0,Transient,90.0,0,1
City Hotel,1,56,2016,November,48,25,0,2,2,0.0,0,BB,PRT,Online TA,TA/TO,0,0,0,A,A,0,No Deposit,8.0,0,Transient,93.6,0,1
City Hotel,1,151,2016,November,48,25,0,2,2,0.0,0,SC,ESP,Online TA,TA/TO,0,0,0,A,A,0,No Deposit,9.0,0,Transient,79.2,0,1
City Hotel,1,308,2016,November,48,25,0,2,2,0.0,0,BB,PRT,Offline TA/TO,TA/TO,0,0,0,A,A,0,Non Refund,20.0,0,Transient,52.0,0,0
City Hotel,1,308,2016,November,48,25,0,2,2,0.0,0,BB,PRT,Offline TA/TO,TA/TO,0,0,0,A,A,0,Non Refund,20.0,0,Transient,52.0,0,0
City Hotel,1,80,2016,November,48,25,0,2,2,0.0,0,BB,ITA,Online TA,TA/TO,0,0,0,A,A,0,No Deposit,9.0,0,Transient,93.6,0,0
City Hotel,1,308,2016,November,48,25,0,2,2,0.0,0,BB,PRT,Offline TA/TO,TA/TO,0,0,0,A,A,0,Non Refund,20.0,0,Transient,52.0,0,0
City Hotel,1,308,2016,November,48,25,0,2,2,0.0,0,BB,PRT,Offline TA/TO,TA/TO,0,0,0,A,A,0,Non Refund,20.0,0,Transient,52.0,0,0
City Hotel,1,79,2016,November,48,25,0,2,2,0.0,0,SC,GBR,Online TA,TA/TO,0,0,0,A,A,0,No Deposit,9.0,0,Transient,88.0,0,1
City Hotel,1,18,2016,November,48,25,0,2,2,0.0,0,BB,PRT,Online TA,TA/TO,0,0,0,A,A,0,No Deposit,9.0,0,Transient,104.0,0,0
City Hotel,1,17,2016,November,48,25,0,2,2,0.0,0,SC,PRT,Online TA,TA/TO,0,0,0,A,A,0,No Deposit,9.0,0,Transient,88.0,0,0
City Hotel,1,308,2016,November,48,25,0,2,2,0.0,0,BB,PRT,Offline TA/TO,TA/TO,0,0,0,A,A,0,Non Refund,20.0,0,Transient,52.0,0,0
City Hotel,1,308,2016,November,48,25,0,2,2,0.0,0,BB,PRT,Offline TA/TO,TA/TO,0,0,0,A,A,0,Non Refund,20.0,0,Transient,52.0,0,0
City Hotel,1,71,2016,November,48,25,0,2,2,0.0,0,BB,PRT,Offline TA/TO,TA/TO,0,0,0,A,D,0,No Deposit,28.0,0,Transient,75.0,0,0
City Hotel,1,96,2016,November,48,25,0,2,2,0.0,0,SC,FRA,Online TA,TA/TO,0,0,0,A,A,0,No Deposit,9.0,0,Transient,79.2,0,2
City Hotel,1,18,2016,November,48,25,0,2,2,0.0,0,BB,PRT,Online TA,TA/TO,0,0,0,A,A,0,No Deposit,9.0,0,Transient,104.0,0,0
City Hotel,1,308,2016,November,48,25,0,2,2,0.0,0,BB,PRT,Offline TA/TO,TA/TO,0,0,0,A,A,0,Non Refund,20.0,0,Transient,52.0,0,0
City Hotel,1,308,2016,November,48,25,0,2,2,0.0,0,BB,PRT,Offline TA/TO,TA/TO,0,0,0,A,A,0,Non Refund,20.0,0,Transient,52.0,0,0
City Hotel,1,308,2016,November,48,25,0,2,2,0.0,0,BB,PRT,Offline TA/TO,TA/TO,0,0,0,A,A,0,Non Refund,20.0,0,Transient,52.0,0,0
City Hotel,1,308,2016,November,48,25,0,2,2,0.0,0,BB,PRT,Offline TA/TO,TA/TO,0,0,0,A,A,0,Non Refund,20.0,0,Transient,52.0,0,0
City Hotel,1,308,2016,November,48,25,0,2,2,0.0,0,BB,PRT,Offline TA/TO,TA/TO,0,0,0,A,A,0,Non Refund,20.0,0,Transient,52.0,0,0
City Hotel,1,308,2016,November,48,25,0,2,2,0.0,0,BB,PRT,Offline TA/TO,TA/TO,0,0,0,A,A,0,Non Refund,20.0,0,Transient,52.0,0,0
City Hotel,1,158,2016,November,48,25,0,2,2,0.0,0,BB,PRT,Online TA,TA/TO,0,0,0,A,A,2,No Deposit,9.0,0,Transient,90.0,0,1
City Hotel,1,308,2016,November,48,25,0,2,2,0.0,0,BB,PRT,Offline TA/TO,TA/TO,0,0,0,A,A,0,Non Refund,20.0,0,Transient,52.0,0,0
City Hotel,1,79,2016,November,48,25,0,2,2,0.0,0,BB,PRT,Online TA,TA/TO,0,0,0,D,D,0,No Deposit,9.0,0,Transient,114.0,0,2
City Hotel,1,308,2016,November,48,25,0,2,2,0.0,0,BB,PRT,Offline TA/TO,TA/TO,0,0,0,A,A,0,Non Refund,20.0,0,Transient,52.0,0,0
City Hotel,1,308,2016,November,48,25,0,2,2,0.0,0,BB,PRT,Offline TA/TO,TA/TO,0,0,0,A,A,0,Non Refund,20.0,0,Transient,52.0,0,0
City Hotel,1,308,2016,November,48,25,0,2,2,0.0,0,BB,PRT,Offline TA/TO,TA/TO,0,0,0,A,A,0,Non Refund,20.0,0,Transient,52.0,0,0
City Hotel,1,36,2016,November,48,25,1,2,2,0.0,0,SC,DEU,Online TA,TA/TO,0,0,0,A,A,0,No Deposit,9.0,0,Transient,88.0,0,2
City Hotel,1,46,2016,November,48,25,1,2,2,0.0,0,SC,DEU,Online TA,TA/TO,0,0,0,A,A,0,No Deposit,9.0,0,Transient,79.2,0,1
City Hotel,1,52,2016,November,48,25,1,2,2,0.0,0,SC,ITA,Online TA,TA/TO,0,0,0,A,A,0,No Deposit,9.0,0,Transient,79.2,0,1
City Hotel,1,28,2016,November,48,25,1,2,2,0.0,0,BB,GBR,Online TA,TA/TO,0,0,0,A,A,0,No Deposit,9.0,0,Transient,104.0,0,0
City Hotel,1,12,2016,November,48,25,1,2,2,0.0,0,BB,BRA,Online TA,TA/TO,0,0,0,A,A,0,No Deposit,9.0,0,Transient,108.67,0,0
City Hotel,1,43,2016,November,48,25,2,2,2,0.0,0,SC,NLD,Online TA,TA/TO,0,0,0,A,A,0,No Deposit,9.0,0,Transient,74.8,0,0
City Hotel,1,155,2016,November,48,25,2,2,2,0.0,0,BB,DEU,Online TA,TA/TO,0,0,0,A,A,0,No Deposit,9.0,0,Transient,85.0,0,1
City Hotel,1,18,2016,November,48,25,2,2,2,0.0,0,SC,DEU,Online TA,TA/TO,0,0,0,A,A,0,No Deposit,9.0,0,Transient,74.8,0,0
City Hotel,1,0,2016,November,48,25,2,2,2,0.0,0,HB,PRT,Offline TA/TO,TA/TO,0,0,0,A,D,0,No Deposit,28.0,0,Transient,105.0,0,0
City Hotel,1,25,2016,November,48,25,2,2,2,0.0,0,BB,ESP,Online TA,TA/TO,0,0,0,D,D,0,No Deposit,9.0,0,Transient,96.9,0,0
City Hotel,1,155,2016,November,48,25,2,2,2,0.0,0,BB,DEU,Online TA,TA/TO,0,0,0,A,A,0,No Deposit,9.0,0,Transient,85.0,0,1
City Hotel,1,44,2016,November,48,25,2,4,2,0.0,0,SC,DEU,Online TA,TA/TO,0,0,0,A,A,0,No Deposit,9.0,0,Transient,74.8,0,0
City Hotel,1,73,2016,November,48,26,0,1,2,0.0,0,SC,ITA,Online TA,TA/TO,0,0,0,A,A,0,No Deposit,9.0,0,Transient,88.0,0,0
City Hotel,1,33,2016,November,48,26,0,1,2,0.0,0,BB,PRT,Online TA,TA/TO,0,0,0,A,A,0,No Deposit,9.0,0,Transient,104.0,0,1
City Hotel,1,84,2016,November,48,26,0,1,2,0.0,0,SC,ITA,Online TA,TA/TO,0,0,0,A,A,0,No Deposit,9.0,0,Transient,79.2,0,1
City Hotel,1,32,2016,November,48,26,0,1,2,0.0,0,SC,ITA,Online TA,TA/TO,0,0,0,A,A,0,No Deposit,9.0,0,Transient,88.0,0,0
City Hotel,1,128,2016,November,48,26,1,1,2,0.0,0,SC,DEU,Online TA,TA/TO,0,0,0,A,A,0,No Deposit,9.0,0,Transient,79.2,0,0
City Hotel,1,128,2016,November,48,26,1,1,2,0.0,0,BB,DEU,Online TA,TA/TO,0,0,0,A,A,0,No Deposit,9.0,0,Transient,90.0,0,1
City Hotel,1,98,2016,November,48,26,1,1,2,0.0,0,SC,IRL,Online TA,TA/TO,0,0,0,A,A,0,No Deposit,9.0,0,Transient,79.2,0,2
City Hotel,1,30,2016,November,48,26,2,1,2,0.0,0,BB,CHE,Direct,Direct,0,0,0,A,A,1,No Deposit,14.0,0,Transient,98.0,0,0
City Hotel,1,30,2016,November,48,26,2,1,2,0.0,0,SC,CHE,Online TA,TA/TO,0,0,0,A,A,0,No Deposit,9.0,0,Transient,88.0,0,0
City Hotel,1,47,2016,November,49,27,1,0,2,0.0,0,BB,PRT,Groups,Direct,0,0,0,A,A,1,No Deposit,,0,Transient-Party,90.0,0,0
City Hotel,1,89,2016,November,49,27,2,0,2,0.0,0,SC,CHN,Online TA,TA/TO,0,0,0,A,A,0,No Deposit,9.0,0,Transient,71.28,0,1
City Hotel,1,76,2016,November,49,27,2,0,2,0.0,0,SC,CHN,Online TA,TA/TO,0,0,0,A,A,0,No Deposit,9.0,0,Transient,79.2,0,1
City Hotel,1,34,2016,November,49,27,2,1,2,0.0,0,BB,PRT,Groups,TA/TO,0,0,0,A,D,1,No Deposit,,0,Transient-Party,75.0,0,0
City Hotel,1,34,2016,November,49,27,2,1,2,0.0,0,BB,PRT,Groups,TA/TO,0,0,0,A,A,0,No Deposit,,0,Transient-Party,75.0,0,0
City Hotel,1,34,2016,November,49,27,2,1,2,0.0,0,BB,PRT,Groups,TA/TO,0,0,0,A,D,1,No Deposit,,0,Transient-Party,75.0,0,0
City Hotel,1,34,2016,November,49,27,2,1,2,0.0,0,BB,PRT,Groups,TA/TO,0,0,0,A,D,1,No Deposit,,0,Transient-Party,75.0,0,0
City Hotel,1,34,2016,November,49,27,2,1,2,0.0,0,BB,PRT,Groups,TA/TO,0,0,0,A,A,0,No Deposit,,0,Transient-Party,75.0,0,0
City Hotel,1,34,2016,November,49,27,2,1,2,0.0,0,BB,PRT,Groups,TA/TO,0,0,0,A,A,0,No Deposit,,0,Transient-Party,75.0,0,0
City Hotel,1,31,2016,November,49,27,2,1,2,0.0,0,SC,ESP,Online TA,TA/TO,0,0,0,A,A,0,No Deposit,9.0,0,Transient,88.0,0,0
City Hotel,1,34,2016,November,49,27,2,1,2,0.0,0,BB,PRT,Groups,TA/TO,0,0,0,A,D,1,No Deposit,,0,Transient-Party,75.0,0,0
City Hotel,1,34,2016,November,49,27,2,1,2,0.0,0,BB,PRT,Groups,TA/TO,0,0,0,A,D,1,No Deposit,,0,Transient-Party,75.0,0,0
City Hotel,1,180,2016,November,49,27,2,2,2,0.0,0,BB,NLD,Online TA,TA/TO,0,0,0,A,A,0,No Deposit,9.0,0,Transient,85.0,0,0
City Hotel,1,10,2016,November,49,27,2,2,2,0.0,0,BB,BEL,Online TA,TA/TO,0,0,0,A,A,0,No Deposit,9.0,0,Transient,89.89,0,3
City Hotel,1,5,2016,November,49,27,2,2,2,0.0,0,BB,BEL,Online TA,TA/TO,0,0,0,A,D,0,No Deposit,9.0,0,Transient,89.89,0,3
City Hotel,1,11,2016,November,49,27,2,2,2,0.0,0,SC,DEU,Online TA,TA/TO,0,0,0,A,A,0,No Deposit,9.0,0,Transient,76.29,0,1
City Hotel,1,97,2016,November,49,27,2,2,2,0.0,0,SC,FRA,Online TA,TA/TO,0,0,0,A,A,0,No Deposit,9.0,0,Transient,74.8,0,1
City Hotel,1,8,2016,November,49,27,2,3,2,0.0,0,BB,PRT,Online TA,TA/TO,0,0,0,A,A,0,No Deposit,7.0,0,Transient,65.54,0,0
City Hotel,1,17,2016,November,49,27,2,3,2,0.0,0,BB,PRT,Online TA,TA/TO,0,0,0,A,A,0,No Deposit,83.0,0,Transient,83.2,0,0
City Hotel,1,120,2016,November,49,27,2,5,2,0.0,0,SC,DEU,Online TA,TA/TO,0,0,0,A,A,0,No Deposit,9.0,0,Transient,74.8,0,0
City Hotel,1,7,2016,November,49,27,3,5,2,0.0,0,SC,SAU,Online TA,TA/TO,0,0,0,A,A,0,No Deposit,9.0,0,Transient,76.29,0,0
City Hotel,1,21,2016,November,49,28,1,0,2,0.0,0,SC,BRA,Online TA,TA/TO,0,0,0,A,A,0,No Deposit,9.0,0,Transient,88.0,0,1
City Hotel,1,35,2016,November,49,28,1,0,2,0.0,0,BB,PRT,Groups,TA/TO,0,0,0,D,D,0,No Deposit,,0,Transient-Party,80.0,0,0
City Hotel,1,35,2016,November,49,28,1,1,2,0.0,0,BB,PRT,Groups,TA/TO,0,0,0,A,A,0,No Deposit,,0,Transient-Party,75.0,0,0
City Hotel,1,35,2016,November,49,28,1,1,2,0.0,0,BB,PRT,Groups,TA/TO,0,0,0,A,A,0,No Deposit,,0,Transient-Party,75.0,0,0
City Hotel,1,35,2016,November,49,28,1,1,2,0.0,0,BB,PRT,Groups,TA/TO,0,0,0,A,A,2,No Deposit,,0,Transient-Party,75.0,0,0
City Hotel,1,35,2016,November,49,28,1,1,2,0.0,0,BB,PRT,Groups,TA/TO,0,0,0,A,A,2,No Deposit,,0,Transient-Party,75.0,0,0
City Hotel,1,35,2016,November,49,28,1,1,2,0.0,0,BB,PRT,Groups,TA/TO,0,0,0,A,A,0,No Deposit,,0,Transient-Party,75.0,0,0
City Hotel,1,35,2016,November,49,28,1,1,2,0.0,0,BB,PRT,Groups,TA/TO,0,0,0,A,A,0,No Deposit,,0,Transient-Party,75.0,0,0
City Hotel,1,35,2016,November,49,28,1,1,2,0.0,0,BB,PRT,Groups,TA/TO,0,0,0,A,A,0,No Deposit,,0,Transient-Party,75.0,0,0
City Hotel,1,35,2016,November,49,28,1,1,2,0.0,0,BB,PRT,Groups,TA/TO,0,0,0,A,A,0,No Deposit,,0,Transient-Party,75.0,0,0
City Hotel,1,35,2016,November,49,28,1,1,2,0.0,0,BB,PRT,Groups,TA/TO,0,0,0,A,A,0,No Deposit,,0,Transient-Party,75.0,0,0
City Hotel,1,35,2016,November,49,28,1,1,2,0.0,0,BB,PRT,Groups,TA/TO,0,0,0,A,A,2,No Deposit,,0,Transient-Party,75.0,0,0
City Hotel,1,45,2016,November,49,28,1,1,2,0.0,0,BB,PRT,Groups,TA/TO,0,0,0,A,A,0,No Deposit,,10,Transient-Party,75.0,0,0
City Hotel,1,35,2016,November,49,28,1,1,2,0.0,0,BB,PRT,Groups,TA/TO,0,0,0,A,A,2,No Deposit,,0,Transient-Party,75.0,0,0
City Hotel,1,35,2016,November,49,28,1,1,2,0.0,0,BB,PRT,Groups,TA/TO,0,0,0,A,A,2,No Deposit,,0,Transient-Party,75.0,0,0
City Hotel,1,35,2016,November,49,28,1,1,2,0.0,0,BB,PRT,Groups,TA/TO,0,0,0,A,A,2,No Deposit,,0,Transient-Party,75.0,0,0
City Hotel,1,35,2016,November,49,28,1,1,2,0.0,0,BB,PRT,Groups,TA/TO,0,0,0,A,A,0,No Deposit,,0,Transient-Party,75.0,0,0
City Hotel,1,35,2016,November,49,28,1,1,2,0.0,0,BB,PRT,Groups,TA/TO,0,0,0,A,A,0,No Deposit,,0,Transient-Party,75.0,0,0
City Hotel,1,35,2016,November,49,28,1,1,2,0.0,0,BB,PRT,Groups,TA/TO,0,0,0,A,A,0,No Deposit,,0,Transient-Party,75.0,0,0
City Hotel,1,35,2016,November,49,28,1,1,2,0.0,0,BB,PRT,Groups,TA/TO,0,0,0,A,A,2,No Deposit,,0,Transient-Party,75.0,0,0
City Hotel,1,35,2016,November,49,28,1,1,2,0.0,0,BB,PRT,Groups,TA/TO,0,0,0,A,A,2,No Deposit,,0,Transient-Party,75.0,0,0
City Hotel,1,111,2016,November,49,28,1,2,2,0.0,0,SC,BRA,Online TA,TA/TO,0,0,0,A,A,0,No Deposit,9.0,0,Transient,79.2,0,2
City Hotel,1,258,2016,November,49,28,1,3,2,0.0,0,BB,DEU,Direct,Direct,0,0,0,A,A,0,No Deposit,14.0,0,Transient,67.5,0,0
City Hotel,1,137,2016,November,49,28,1,4,2,0.0,0,BB,ARG,Online TA,TA/TO,0,0,0,B,B,1,No Deposit,9.0,0,Transient,85.16,0,1
City Hotel,1,42,2016,November,49,29,0,3,2,0.0,0,BB,PRT,Groups,TA/TO,0,0,0,A,A,0,Non Refund,,0,Transient,90.0,0,0
City Hotel,1,42,2016,November,49,29,0,3,2,0.0,0,BB,PRT,Groups,TA/TO,0,0,0,A,A,0,Non Refund,,0,Transient,90.0,0,0
City Hotel,1,42,2016,November,49,29,0,3,2,0.0,0,BB,PRT,Groups,TA/TO,0,0,0,A,A,0,Non Refund,,0,Transient,90.0,0,0
City Hotel,1,42,2016,November,49,29,0,3,2,0.0,0,BB,PRT,Groups,TA/TO,0,0,0,A,A,0,Non Refund,,0,Transient,90.0,0,0
City Hotel,1,42,2016,November,49,29,0,3,2,0.0,0,BB,PRT,Groups,TA/TO,0,0,0,A,A,0,Non Refund,,0,Transient,90.0,0,0
City Hotel,1,42,2016,November,49,29,0,3,2,0.0,0,BB,PRT,Groups,TA/TO,0,0,0,A,A,0,Non Refund,,0,Transient,90.0,0,0
City Hotel,1,42,2016,November,49,29,0,3,2,0.0,0,BB,PRT,Groups,TA/TO,0,0,0,A,A,0,Non Refund,,0,Transient,90.0,0,0
City Hotel,1,42,2016,November,49,29,0,3,2,0.0,0,BB,PRT,Groups,TA/TO,0,0,0,A,A,0,Non Refund,,0,Transient,90.0,0,0
City Hotel,1,42,2016,November,49,29,0,3,2,0.0,0,BB,PRT,Groups,TA/TO,0,0,0,A,A,0,Non Refund,,0,Transient,90.0,0,0
City Hotel,1,92,2016,November,49,29,0,3,2,0.0,0,BB,PRT,Groups,TA/TO,0,0,0,A,A,0,Non Refund,,50,Transient,90.0,0,0
City Hotel,1,42,2016,November,49,29,0,3,2,0.0,0,BB,PRT,Groups,TA/TO,0,0,0,A,A,0,Non Refund,,0,Transient,90.0,0,0
City Hotel,1,42,2016,November,49,29,0,3,2,0.0,0,BB,PRT,Groups,TA/TO,0,0,0,A,A,0,Non Refund,,0,Transient,90.0,0,0
City Hotel,1,50,2016,November,49,29,0,3,2,0.0,0,BB,PRT,Groups,TA/TO,0,0,0,C,C,0,Non Refund,,8,Transient,90.0,0,0
City Hotel,1,42,2016,November,49,29,0,3,2,0.0,0,BB,PRT,Groups,TA/TO,0,0,0,A,A,0,Non Refund,,0,Transient,90.0,0,0
City Hotel,1,42,2016,November,49,29,0,3,2,0.0,0,BB,PRT,Groups,TA/TO,0,0,0,A,A,0,Non Refund,,0,Transient,90.0,0,0
City Hotel,1,42,2016,November,49,29,0,3,2,0.0,0,BB,PRT,Groups,TA/TO,0,0,0,A,A,0,Non Refund,,0,Transient,90.0,0,0
City Hotel,1,63,2016,November,49,29,0,4,2,0.0,0,BB,RUS,Online TA,TA/TO,0,0,0,A,A,0,No Deposit,9.0,0,Transient,88.4,0,1
City Hotel,1,319,2016,November,49,29,0,4,2,0.0,0,SC,AUS,Online TA,TA/TO,0,0,0,A,A,0,No Deposit,9.0,0,Transient,63.75,0,0
City Hotel,1,84,2016,November,49,29,2,5,2,0.0,0,BB,ROU,Online TA,TA/TO,0,0,0,A,A,0,No Deposit,9.0,0,Transient,88.4,0,1
City Hotel,1,35,2016,November,49,29,4,11,2,0.0,0,SC,AGO,Online TA,TA/TO,0,0,0,A,A,0,No Deposit,9.0,0,Transient,74.8,0,2
City Hotel,1,8,2016,November,49,30,0,2,2,0.0,0,BB,PRT,Groups,Direct,0,0,0,A,A,0,No Deposit,,0,Transient-Party,90.0,0,1
City Hotel,1,9,2016,November,49,30,0,2,2,0.0,0,BB,PRT,Groups,Direct,0,0,0,A,A,0,No Deposit,,0,Transient-Party,12.0,0,1
City Hotel,1,8,2016,November,49,30,0,3,2,0.0,0,BB,ITA,Online TA,TA/TO,0,0,0,D,D,2,No Deposit,9.0,0,Transient,114.0,0,0
City Hotel,1,30,2016,November,49,30,0,3,2,0.0,0,BB,NOR,Online TA,TA/TO,0,0,0,A,A,0,No Deposit,9.0,0,Transient,104.0,0,2
City Hotel,1,43,2016,November,49,30,0,4,2,0.0,0,BB,ITA,Online TA,TA/TO,0,0,0,A,A,0,No Deposit,9.0,0,Transient,88.4,0,4
City Hotel,1,79,2016,November,49,30,0,4,2,0.0,0,BB,ITA,Online TA,TA/TO,0,0,0,A,A,3,No Deposit,9.0,0,Transient,88.4,0,2
City Hotel,1,215,2016,November,49,30,0,4,2,0.0,0,BB,ROU,Online TA,TA/TO,0,0,0,B,B,1,No Deposit,9.0,0,Transient,67.26,0,0
City Hotel,1,510,2016,December,49,1,0,2,2,0.0,0,BB,PRT,Groups,TA/TO,0,0,0,A,A,0,Non Refund,1.0,0,Transient,62.8,0,0
City Hotel,1,510,2016,December,49,1,0,2,2,0.0,0,BB,PRT,Groups,TA/TO,0,0,0,A,A,0,Non Refund,1.0,0,Transient,62.8,0,0
City Hotel,1,88,2016,December,49,1,0,2,2,0.0,0,BB,FRA,Online TA,TA/TO,0,0,0,A,A,0,No Deposit,9.0,0,Transient,93.6,0,0
City Hotel,1,510,2016,December,49,1,0,2,2,0.0,0,BB,PRT,Groups,TA/TO,0,0,0,A,A,0,Non Refund,1.0,0,Transient,62.8,0,0
City Hotel,1,510,2016,December,49,1,0,2,2,0.0,0,BB,PRT,Groups,TA/TO,0,0,0,A,A,0,Non Refund,1.0,0,Transient,62.8,0,0
City Hotel,1,510,2016,December,49,1,0,2,2,0.0,0,BB,PRT,Groups,TA/TO,0,0,0,A,A,0,Non Refund,1.0,0,Transient,62.8,0,0
City Hotel,1,510,2016,December,49,1,0,2,2,0.0,0,BB,PRT,Groups,TA/TO,0,0,0,A,A,0,Non Refund,1.0,0,Transient,62.8,0,0
City Hotel,1,510,2016,December,49,1,0,2,2,0.0,0,BB,PRT,Groups,TA/TO,0,0,0,A,A,0,Non Refund,1.0,0,Transient,62.8,0,0
City Hotel,1,510,2016,December,49,1,0,2,2,0.0,0,BB,PRT,Groups,TA/TO,0,0,0,A,A,0,Non Refund,1.0,0,Transient,62.8,0,0
City Hotel,1,510,2016,December,49,1,0,2,2,0.0,0,BB,PRT,Groups,TA/TO,0,0,0,A,A,0,Non Refund,1.0,0,Transient,62.8,0,0
City Hotel,1,510,2016,December,49,1,0,2,2,0.0,0,BB,PRT,Groups,TA/TO,0,0,0,A,A,0,Non Refund,1.0,0,Transient,62.8,0,0
City Hotel,1,510,2016,December,49,1,0,2,2,0.0,0,BB,PRT,Groups,TA/TO,0,0,0,A,A,0,Non Refund,1.0,0,Transient,62.8,0,0
City Hotel,1,510,2016,December,49,1,0,2,2,0.0,0,BB,PRT,Groups,TA/TO,0,0,0,A,A,0,Non Refund,1.0,0,Transient,62.8,0,0
City Hotel,1,510,2016,December,49,1,0,2,2,0.0,0,BB,PRT,Groups,TA/TO,0,0,0,A,A,0,Non Refund,1.0,0,Transient,62.8,0,0
City Hotel,1,510,2016,December,49,1,0,2,2,0.0,0,BB,PRT,Groups,TA/TO,0,0,0,A,A,0,Non Refund,1.0,0,Transient,62.8,0,0
City Hotel,1,510,2016,December,49,1,0,2,2,0.0,0,BB,PRT,Groups,TA/TO,0,0,0,A,A,0,Non Refund,1.0,0,Transient,62.8,0,0
City Hotel,1,10,2016,December,49,1,0,3,2,0.0,0,SC,GBR,Online TA,TA/TO,0,0,0,A,A,0,No Deposit,9.0,0,Transient,90.33,0,0
City Hotel,1,203,2016,December,49,1,0,3,2,0.0,0,SC,GBR,Online TA,TA/TO,0,0,0,A,A,0,No Deposit,9.0,0,Transient,67.5,0,0
City Hotel,1,290,2016,December,49,1,1,3,2,0.0,0,BB,SVK,Online TA,TA/TO,0,0,0,D,D,0,No Deposit,9.0,0,Transient,86.7,0,0
City Hotel,1,290,2016,December,49,1,1,3,2,0.0,0,BB,SVK,Online TA,TA/TO,0,0,0,D,D,0,No Deposit,9.0,0,Transient,86.7,0,0
City Hotel,1,24,2016,December,49,1,1,3,2,0.0,0,BB,ESP,Online TA,GDS,0,0,0,A,A,0,No Deposit,195.0,0,Transient,104.0,0,0
City Hotel,1,290,2016,December,49,1,1,3,2,0.0,0,BB,SVK,Online TA,TA/TO,0,0,0,A,A,0,No Deposit,9.0,0,Transient,73.95,0,0
City Hotel,1,290,2016,December,49,1,1,3,2,0.0,0,BB,SVK,Online TA,TA/TO,0,0,0,A,A,0,No Deposit,9.0,0,Transient,73.95,0,0
City Hotel,1,290,2016,December,49,1,1,3,2,0.0,0,BB,SVK,Online TA,TA/TO,0,0,0,A,A,0,No Deposit,9.0,0,Transient,73.95,0,0
City Hotel,1,49,2016,December,49,1,1,3,2,0.0,0,SC,ESP,Online TA,TA/TO,0,0,0,A,A,0,No Deposit,9.0,0,Transient,74.8,0,2
City Hotel,1,290,2016,December,49,1,1,3,2,0.0,0,BB,SVK,Online TA,TA/TO,0,0,0,D,D,0,No Deposit,9.0,0,Transient,86.7,0,0
City Hotel,1,40,2016,December,49,1,1,3,2,0.0,0,SC,IRL,Online TA,TA/TO,0,0,0,A,A,0,No Deposit,9.0,0,Transient,74.8,0,0
City Hotel,1,114,2016,December,49,1,1,3,2,0.0,0,BB,BRA,Online TA,TA/TO,0,0,0,A,A,0,No Deposit,9.0,0,Transient,85.0,0,1
City Hotel,1,52,2016,December,49,1,1,3,2,0.0,0,BB,FRA,Online TA,TA/TO,0,0,0,A,A,0,No Deposit,9.0,0,Transient,88.4,0,2
City Hotel,1,290,2016,December,49,1,1,3,2,0.0,0,BB,SVK,Online TA,TA/TO,0,0,0,A,A,0,No Deposit,9.0,0,Transient,73.95,0,0
City Hotel,1,290,2016,December,49,1,1,3,2,0.0,0,BB,SVK,Online TA,TA/TO,0,0,0,D,D,0,No Deposit,9.0,0,Transient,86.7,0,0
City Hotel,1,290,2016,December,49,1,1,3,2,0.0,0,BB,SVK,Online TA,TA/TO,0,0,0,D,D,0,No Deposit,9.0,0,Transient,86.7,0,0
City Hotel,1,290,2016,December,49,1,1,3,2,0.0,0,BB,SVK,Online TA,TA/TO,0,0,0,A,A,0,No Deposit,9.0,0,Transient,73.95,0,0
City Hotel,1,290,2016,December,49,1,1,3,2,0.0,0,BB,SVK,Online TA,TA/TO,0,0,0,A,A,0,No Deposit,9.0,0,Transient,73.95,0,0
City Hotel,1,290,2016,December,49,1,1,3,2,0.0,0,BB,SVK,Online TA,TA/TO,0,0,0,A,A,0,No Deposit,9.0,0,Transient,73.95,0,0
City Hotel,1,35,2016,December,49,1,1,3,2,0.0,0,SC,GBR,Online TA,TA/TO,0,0,0,A,A,0,No Deposit,9.0,0,Transient,74.8,0,0
City Hotel,1,290,2016,December,49,1,1,3,2,0.0,0,BB,SVK,Online TA,TA/TO,0,0,0,A,A,0,No Deposit,9.0,0,Transient,73.95,0,0
City Hotel,1,290,2016,December,49,1,1,3,2,0.0,0,BB,SVK,Online TA,TA/TO,0,0,0,A,A,0,No Deposit,9.0,0,Transient,73.95,0,0
City Hotel,1,290,2016,December,49,1,1,3,2,0.0,0,BB,SVK,Online TA,TA/TO,0,0,0,A,A,0,No Deposit,9.0,0,Transient,73.95,0,0
City Hotel,1,190,2016,December,49,1,2,3,2,0.0,0,BB,PRT,Offline TA/TO,TA/TO,0,0,0,A,A,0,No Deposit,83.0,0,Transient,59.16,0,0
City Hotel,1,190,2016,December,49,1,2,3,2,0.0,0,BB,PRT,Offline TA/TO,TA/TO,0,0,0,A,A,0,No Deposit,83.0,0,Transient,59.16,0,0
City Hotel,1,200,2016,December,49,1,2,3,2,0.0,0,SC,PRT,Offline TA/TO,TA/TO,0,0,0,A,A,0,No Deposit,83.0,0,Transient,51.0,0,0
City Hotel,1,18,2016,December,49,1,2,6,2,0.0,0,SC,UKR,Online TA,TA/TO,0,0,0,A,A,0,No Deposit,9.0,0,Transient,75.54,0,0
City Hotel,1,24,2016,December,49,1,4,10,2,0.0,0,SC,PRT,Online TA,TA/TO,0,0,0,A,A,0,No Deposit,9.0,0,Transient,74.8,0,0
City Hotel,1,47,2016,December,49,2,0,1,2,0.0,0,BB,ESP,Online TA,TA/TO,0,0,0,A,D,0,No Deposit,8.0,0,Transient,93.6,0,1
City Hotel,1,195,2016,December,49,2,0,2,2,0.0,0,BB,FRA,Online TA,TA/TO,0,0,0,B,B,1,No Deposit,9.0,0,Transient-Party,71.22,0,0
City Hotel,1,315,2016,December,49,2,0,2,2,0.0,0,BB,PRT,Offline TA/TO,TA/TO,0,0,0,A,A,0,Non Refund,20.0,0,Transient,52.0,0,0
City Hotel,1,315,2016,December,49,2,0,2,2,0.0,0,BB,PRT,Offline TA/TO,TA/TO,0,0,0,A,A,0,Non Refund,20.0,0,Transient,52.0,0,0
City Hotel,1,315,2016,December,49,2,0,2,2,0.0,0,BB,PRT,Offline TA/TO,TA/TO,0,0,0,A,A,0,Non Refund,20.0,0,Transient,52.0,0,0
City Hotel,1,315,2016,December,49,2,0,2,2,0.0,0,BB,PRT,Offline TA/TO,TA/TO,0,0,0,A,A,0,Non Refund,20.0,0,Transient,52.0,0,0
City Hotel,1,98,2016,December,49,2,0,2,2,0.0,0,SC,ITA,Online TA,TA/TO,0,0,0,A,A,0,No Deposit,9.0,0,Transient,79.2,0,1
City Hotel,1,315,2016,December,49,2,0,2,2,0.0,0,BB,PRT,Offline TA/TO,TA/TO,0,0,0,A,A,0,Non Refund,20.0,0,Transient,52.0,0,0
City Hotel,1,315,2016,December,49,2,0,2,2,0.0,0,BB,PRT,Offline TA/TO,TA/TO,0,0,0,A,A,0,Non Refund,20.0,0,Transient,52.0,0,0
City Hotel,1,315,2016,December,49,2,0,2,2,0.0,0,BB,PRT,Offline TA/TO,TA/TO,0,0,0,A,A,0,Non Refund,20.0,0,Transient,52.0,0,0
City Hotel,1,315,2016,December,49,2,0,2,2,0.0,0,BB,PRT,Offline TA/TO,TA/TO,0,0,0,A,A,0,Non Refund,20.0,0,Transient,52.0,0,0
City Hotel,1,15,2016,December,49,2,0,2,2,0.0,0,BB,DEU,Online TA,TA/TO,0,0,0,D,D,0,No Deposit,9.0,0,Transient,117.5,0,1
City Hotel,1,315,2016,December,49,2,0,2,2,0.0,0,BB,PRT,Offline TA/TO,TA/TO,0,0,0,A,A,0,Non Refund,20.0,0,Transient,52.0,0,0
City Hotel,1,315,2016,December,49,2,0,2,2,0.0,0,BB,PRT,Offline TA/TO,TA/TO,0,0,0,A,A,0,Non Refund,20.0,0,Transient,52.0,0,0
City Hotel,1,44,2016,December,49,2,0,2,2,0.0,0,BB,DEU,Online TA,TA/TO,0,0,0,A,A,0,No Deposit,9.0,0,Transient,98.8,0,0
City Hotel,1,315,2016,December,49,2,0,2,2,0.0,0,BB,PRT,Offline TA/TO,TA/TO,0,0,0,A,A,0,Non Refund,20.0,0,Transient,52.0,0,0
City Hotel,1,315,2016,December,49,2,0,2,2,0.0,0,BB,PRT,Offline TA/TO,TA/TO,0,0,0,A,A,0,Non Refund,20.0,0,Transient,52.0,0,0
City Hotel,1,96,2016,December,49,2,0,2,2,0.0,0,SC,CHE,Online TA,TA/TO,0,0,0,A,A,0,No Deposit,9.0,0,Transient,79.2,0,2
City Hotel,1,315,2016,December,49,2,0,2,2,0.0,0,BB,PRT,Offline TA/TO,TA/TO,0,0,0,A,A,0,Non Refund,20.0,0,Transient,52.0,0,0
City Hotel,1,315,2016,December,49,2,0,2,2,0.0,0,BB,PRT,Offline TA/TO,TA/TO,0,0,0,A,A,0,Non Refund,20.0,0,Transient,52.0,0,0
City Hotel,1,16,2016,December,49,2,0,2,2,0.0,0,BB,DEU,Online TA,TA/TO,0,0,0,D,D,0,No Deposit,9.0,0,Transient,117.5,0,2
City Hotel,1,315,2016,December,49,2,0,2,2,0.0,0,BB,PRT,Offline TA/TO,TA/TO,0,0,0,A,A,0,Non Refund,20.0,0,Transient,52.0,0,0
City Hotel,1,315,2016,December,49,2,0,2,2,0.0,0,BB,PRT,Offline TA/TO,TA/TO,0,0,0,A,A,0,Non Refund,20.0,0,Transient,52.0,0,0
City Hotel,1,315,2016,December,49,2,0,2,2,0.0,0,BB,PRT,Offline TA/TO,TA/TO,0,0,0,A,A,0,Non Refund,20.0,0,Transient,52.0,0,0
City Hotel,1,163,2016,December,49,2,0,2,2,0.0,0,SC,FRA,Online TA,TA/TO,0,0,0,A,A,0,No Deposit,9.0,0,Transient,79.2,0,0
City Hotel,1,31,2016,December,49,2,0,2,2,0.0,0,SC,GBR,Online TA,TA/TO,0,0,0,A,A,0,No Deposit,9.0,0,Transient,88.0,0,0
City Hotel,1,315,2016,December,49,2,0,2,2,0.0,0,BB,PRT,Offline TA/TO,TA/TO,0,0,0,A,A,0,Non Refund,20.0,0,Transient,52.0,0,0
City Hotel,1,315,2016,December,49,2,0,2,2,0.0,0,BB,PRT,Offline TA/TO,TA/TO,0,0,0,A,A,0,Non Refund,20.0,0,Transient,52.0,0,0
City Hotel,1,100,2016,December,49,2,1,2,2,0.0,0,BB,DEU,Online TA,TA/TO,0,0,0,A,A,0,No Deposit,9.0,0,Transient,93.6,0,2
City Hotel,1,86,2016,December,49,2,1,2,2,0.0,0,SC,BEL,Online TA,TA/TO,0,0,0,A,A,0,No Deposit,9.0,0,Transient,79.2,0,1
City Hotel,1,315,2016,December,49,2,0,2,2,0.0,0,BB,PRT,Offline TA/TO,TA/TO,0,0,0,A,A,0,Non Refund,20.0,0,Transient,52.0,0,0
City Hotel,1,11,2016,December,49,2,0,2,2,0.0,0,SC,CHE,Online TA,TA/TO,0,0,0,A,A,0,No Deposit,9.0,0,Transient,91.5,0,0
City Hotel,1,150,2016,December,49,2,1,2,2,0.0,0,SC,GBR,Online TA,TA/TO,0,0,0,A,A,0,No Deposit,9.0,0,Transient,79.2,0,0
City Hotel,1,74,2016,December,49,2,1,2,2,0.0,0,SC,HKG,Online TA,TA/TO,0,0,0,A,A,0,No Deposit,9.0,0,Transient,88.2,0,2
City Hotel,1,31,2016,December,49,2,1,2,2,0.0,0,SC,ITA,Online TA,TA/TO,0,0,0,A,A,0,No Deposit,9.0,0,Transient,88.0,0,1
City Hotel,1,222,2016,December,49,2,1,2,2,0.0,0,BB,IRL,Online TA,TA/TO,0,0,0,A,A,0,No Deposit,9.0,0,Transient,72.9,0,2
City Hotel,1,231,2016,December,49,2,1,2,2,0.0,0,BB,DEU,Online TA,TA/TO,0,0,0,A,A,0,No Deposit,9.0,0,Transient,78.3,0,2
City Hotel,1,103,2016,December,49,2,1,2,2,0.0,0,BB,PRT,Online TA,TA/TO,0,0,0,A,A,0,No Deposit,8.0,0,Transient,93.6,0,1
City Hotel,1,17,2016,December,49,2,2,2,2,0.0,0,SC,ESP,Online TA,TA/TO,0,0,0,A,A,0,No Deposit,9.0,0,Transient,76.29,0,1
City Hotel,1,35,2016,December,49,2,2,2,2,0.0,0,SC,ESP,Online TA,TA/TO,0,0,0,A,A,0,No Deposit,9.0,0,Transient,74.8,0,2
City Hotel,1,60,2016,December,49,2,2,2,2,0.0,0,SC,ESP,Online TA,TA/TO,0,0,0,A,A,2,No Deposit,9.0,0,Transient,74.8,0,0
City Hotel,1,75,2016,December,49,2,2,2,2,0.0,0,SC,ESP,Online TA,TA/TO,0,0,0,A,A,0,No Deposit,9.0,0,Transient,74.8,0,1
City Hotel,1,57,2016,December,49,2,2,2,2,0.0,0,BB,ESP,Online TA,TA/TO,0,0,0,A,A,0,No Deposit,9.0,0,Transient,88.4,0,1
City Hotel,1,18,2016,December,49,2,2,2,2,0.0,0,SC,AGO,Online TA,TA/TO,0,0,0,A,A,0,No Deposit,9.0,0,Transient,76.29,0,0
City Hotel,1,37,2016,December,49,2,2,2,2,0.0,0,SC,USA,Online TA,TA/TO,0,0,0,A,A,0,No Deposit,9.0,0,Transient,74.8,0,1
City Hotel,1,11,2016,December,49,2,2,2,2,0.0,0,SC,GBR,Online TA,TA/TO,0,0,0,A,A,0,No Deposit,9.0,0,Transient,76.29,0,0
City Hotel,1,57,2016,December,49,2,2,2,2,0.0,0,BB,ESP,Online TA,TA/TO,0,0,0,A,A,0,No Deposit,9.0,0,Transient,88.4,0,1
City Hotel,1,7,2016,December,49,2,2,2,2,0.0,0,BB,ESP,Online TA,TA/TO,0,0,0,A,A,0,No Deposit,9.0,0,Transient,89.89,0,0
City Hotel,1,37,2016,December,49,2,2,2,2,0.0,0,SC,USA,Online TA,TA/TO,0,0,0,A,A,0,No Deposit,9.0,0,Transient,74.8,0,1
City Hotel,1,57,2016,December,49,2,2,2,2,0.0,0,BB,ESP,Online TA,TA/TO,0,0,0,A,A,0,No Deposit,9.0,0,Transient,88.4,0,1
City Hotel,1,75,2016,December,49,2,2,2,2,0.0,0,SC,ESP,Online TA,TA/TO,0,0,0,A,A,0,No Deposit,9.0,0,Transient,74.8,0,1
City Hotel,1,47,2016,December,49,2,2,6,2,0.0,0,BB,CPV,Online TA,TA/TO,0,0,0,A,A,0,No Deposit,9.0,0,Transient,88.4,0,1
City Hotel,1,17,2016,December,49,2,6,15,2,0.0,0,SC,UKR,Online TA,GDS,0,0,0,A,A,0,No Deposit,195.0,0,Transient,75.66,0,0
City Hotel,1,25,2016,December,49,2,6,15,2,0.0,0,SC,AGO,Direct,Direct,0,0,0,A,A,0,No Deposit,14.0,0,Transient,88.0,0,0
City Hotel,1,16,2016,December,49,3,0,1,2,0.0,0,HB,PRT,Online TA,TA/TO,0,0,0,D,D,0,No Deposit,9.0,0,Transient,159.0,0,4
City Hotel,1,15,2016,December,49,3,0,1,2,0.0,0,BB,PRT,Online TA,TA/TO,0,0,0,A,A,0,No Deposit,9.0,0,Transient,111.0,0,0
City Hotel,1,28,2016,December,49,3,1,1,2,0.0,0,SC,ESP,Online TA,TA/TO,0,0,0,A,A,0,No Deposit,9.0,0,Transient,88.0,0,1
City Hotel,1,0,2016,December,49,3,2,1,2,0.0,0,BB,PRT,Direct,Direct,0,0,0,D,D,0,No Deposit,14.0,0,Transient,113.67,0,0
City Hotel,1,48,2016,December,49,3,2,1,2,0.0,0,HB,ESP,Direct,Direct,0,0,0,A,A,1,No Deposit,14.0,0,Transient,115.2,0,0
City Hotel,1,15,2016,December,49,3,2,1,2,0.0,0,HB,BRA,Online TA,TA/TO,0,0,0,A,A,0,No Deposit,9.0,0,Transient,119.0,0,0
City Hotel,1,271,2016,December,49,3,2,1,2,0.0,0,BB,PRT,Offline TA/TO,TA/TO,0,0,0,A,A,0,No Deposit,159.0,0,Transient-Party,78.3,0,0
City Hotel,1,32,2016,December,49,3,2,2,2,0.0,0,BB,BEL,Online TA,TA/TO,0,0,0,A,A,0,No Deposit,9.0,0,Transient,104.0,0,0
City Hotel,1,70,2016,December,49,3,2,2,2,0.0,0,SC,ITA,Online TA,TA/TO,0,0,0,A,A,0,No Deposit,9.0,0,Transient,74.8,0,1
City Hotel,1,14,2016,December,49,3,2,2,2,0.0,0,BB,ESP,Online TA,TA/TO,0,0,0,D,D,0,No Deposit,9.0,0,Transient,98.39,0,0
City Hotel,1,16,2016,December,49,3,2,2,2,0.0,0,BB,BEL,Online TA,TA/TO,0,0,0,A,A,0,No Deposit,9.0,0,Transient,89.89,0,1
City Hotel,1,9,2016,December,49,3,2,2,2,0.0,0,BB,FRA,Online TA,TA/TO,0,0,0,A,A,0,No Deposit,9.0,0,Transient,89.89,0,0
City Hotel,1,70,2016,December,49,3,2,2,2,0.0,0,SC,ITA,Online TA,TA/TO,0,0,0,A,A,1,No Deposit,9.0,0,Transient,74.8,0,2
City Hotel,1,12,2016,December,49,3,2,3,2,0.0,0,BB,CHE,Online TA,TA/TO,0,0,0,A,A,2,No Deposit,9.0,0,Transient,89.59,0,0
City Hotel,1,17,2016,December,49,3,2,4,2,0.0,0,BB,ESP,Online TA,TA/TO,0,0,0,A,A,0,No Deposit,9.0,0,Transient,98.39,0,0
City Hotel,1,13,2016,December,49,3,2,4,2,0.0,0,BB,ESP,Online TA,TA/TO,0,0,0,A,A,0,No Deposit,9.0,0,Transient,89.39,0,0
City Hotel,1,21,2016,December,49,3,2,5,2,0.0,0,BB,BRA,Online TA,TA/TO,0,0,0,D,D,0,No Deposit,9.0,0,Transient,97.75,0,1
City Hotel,1,12,2016,December,50,4,2,0,2,0.0,0,BB,ESP,Online TA,TA/TO,0,0,0,A,A,1,No Deposit,9.0,0,Transient,104.0,0,0
City Hotel,1,12,2016,December,50,4,2,0,2,0.0,0,BB,ESP,Online TA,TA/TO,0,0,0,A,A,1,No Deposit,9.0,0,Transient,104.0,0,0
City Hotel,1,216,2016,December,50,4,2,1,2,0.0,0,SC,ITA,Online TA,TA/TO,0,0,0,A,A,0,No Deposit,9.0,0,Transient,67.5,0,0
City Hotel,1,120,2016,December,50,4,2,1,2,0.0,0,SC,DEU,Online TA,TA/TO,0,0,0,A,A,0,No Deposit,9.0,0,Transient,79.2,0,0
City Hotel,1,59,2016,December,50,4,2,2,2,0.0,0,BB,ESP,Online TA,TA/TO,0,0,0,D,D,0,No Deposit,9.0,0,Transient,96.9,0,1
City Hotel,1,52,2016,December,50,4,2,2,2,0.0,0,SC,ITA,Online TA,TA/TO,0,0,0,A,A,0,No Deposit,9.0,0,Transient,74.8,0,0
City Hotel,1,52,2016,December,50,4,2,2,2,0.0,0,SC,ITA,Online TA,TA/TO,0,0,0,A,A,0,No Deposit,9.0,0,Transient,74.8,0,0
City Hotel,1,124,2016,December,50,4,2,4,2,0.0,0,SC,RUS,Online TA,TA/TO,0,0,0,A,A,0,No Deposit,9.0,0,Transient,74.8,0,0
City Hotel,1,26,2016,December,50,4,2,4,2,0.0,0,BB,ESP,Online TA,TA/TO,0,0,0,D,D,0,No Deposit,9.0,0,Transient,114.0,0,1
City Hotel,1,195,2016,December,50,4,2,4,2,0.0,0,BB,PRT,Offline TA/TO,TA/TO,0,0,0,A,A,0,No Deposit,27.0,0,Transient,72.0,0,0
City Hotel,1,60,2016,December,50,4,2,5,2,0.0,0,BB,PRT,Direct,Direct,0,0,0,A,A,0,No Deposit,,0,Transient,85.75,0,1
City Hotel,1,35,2016,December,50,4,2,5,2,0.0,0,SC,ESP,Online TA,TA/TO,0,0,0,A,A,2,No Deposit,9.0,0,Transient,74.8,0,2
City Hotel,1,28,2016,December,50,4,2,3,2,0.0,0,SC,DEU,Online TA,TA/TO,0,0,0,A,A,0,No Deposit,9.0,0,Transient,74.8,0,1
City Hotel,1,48,2016,December,50,4,2,3,2,0.0,0,BB,ESP,Online TA,TA/TO,0,0,0,A,A,2,No Deposit,9.0,0,Transient,88.4,0,1
City Hotel,1,12,2016,December,50,5,1,0,2,0.0,0,SC,IRL,Online TA,TA/TO,0,0,0,A,A,0,No Deposit,9.0,0,Transient,88.0,0,0
City Hotel,1,96,2016,December,50,5,1,1,2,0.0,0,SC,ITA,Online TA,TA/TO,0,0,0,A,A,0,No Deposit,9.0,0,Transient,79.2,0,2
City Hotel,1,102,2016,December,50,5,1,1,2,0.0,0,SC,ITA,Online TA,TA/TO,0,0,0,A,A,0,No Deposit,9.0,0,Transient,79.2,0,0
City Hotel,1,20,2016,December,50,5,1,2,2,0.0,0,SC,ESP,Online TA,TA/TO,0,0,0,A,A,0,No Deposit,9.0,0,Transient,88.0,0,1
City Hotel,1,71,2016,December,50,5,1,2,2,0.0,0,SC,LUX,Online TA,TA/TO,0,0,0,A,A,2,No Deposit,9.0,0,Transient,79.2,0,1
City Hotel,1,147,2016,December,50,5,1,2,2,0.0,0,BB,ESP,Online TA,TA/TO,0,0,0,A,A,0,No Deposit,9.0,0,Transient,90.0,0,0
City Hotel,1,102,2016,December,50,5,1,3,2,0.0,0,BB,PRT,Offline TA/TO,TA/TO,0,0,0,A,A,0,No Deposit,85.0,0,Transient,68.0,0,0
City Hotel,1,112,2016,December,50,5,1,3,2,0.0,0,HB,ESP,Online TA,TA/TO,0,0,0,A,A,0,No Deposit,9.0,0,Transient,126.3,0,2
City Hotel,1,6,2016,December,50,5,1,3,2,0.0,0,BB,FRA,Online TA,TA/TO,0,0,0,A,A,0,No Deposit,9.0,0,Transient,88.4,0,1
City Hotel,1,35,2016,December,50,5,1,3,2,0.0,0,BB,FRA,Online TA,TA/TO,0,0,0,A,A,0,No Deposit,9.0,0,Transient,88.4,0,2
City Hotel,1,30,2016,December,50,5,1,3,2,0.0,0,SC,FRA,Online TA,TA/TO,0,0,0,A,A,0,No Deposit,9.0,0,Transient,74.8,0,1
City Hotel,1,33,2016,December,50,5,1,3,2,0.0,0,SC,PRT,Offline TA/TO,TA/TO,0,0,0,A,A,0,No Deposit,52.0,0,Transient,59.5,0,0
City Hotel,1,41,2016,December,50,5,1,4,2,0.0,0,SC,AGO,Direct,Direct,0,0,0,A,A,0,No Deposit,14.0,0,Transient,88.0,0,0
City Hotel,1,74,2016,December,50,5,1,4,2,0.0,0,BB,BRA,Online TA,TA/TO,0,0,0,A,A,2,No Deposit,9.0,0,Transient,88.4,0,3
City Hotel,1,1,2016,December,50,5,3,5,2,0.0,0,SC,GBR,Online TA,TA/TO,0,0,0,A,A,0,No Deposit,9.0,0,Transient,77.03,0,1
City Hotel,1,11,2016,December,50,6,0,1,2,0.0,0,SC,ESP,Online TA,TA/TO,0,0,0,A,A,0,No Deposit,9.0,0,Transient,88.0,0,0
City Hotel,1,348,2016,December,50,6,0,1,2,0.0,0,BB,PRT,Offline TA/TO,TA/TO,0,0,0,A,A,0,No Deposit,79.0,0,Transient,62.64,0,0
City Hotel,1,88,2016,December,50,6,0,1,2,0.0,0,SC,GBR,Online TA,TA/TO,0,0,0,A,A,0,No Deposit,9.0,0,Transient,88.0,0,0
City Hotel,1,77,2016,December,50,6,0,2,2,0.0,0,SC,ESP,Online TA,TA/TO,0,0,0,A,A,1,No Deposit,9.0,0,Transient,79.2,0,2
City Hotel,1,101,2016,December,50,6,0,1,2,0.0,0,SC,ITA,Online TA,TA/TO,0,0,0,A,A,0,No Deposit,9.0,0,Transient,79.2,0,1
City Hotel,1,77,2016,December,50,6,0,2,2,0.0,0,SC,ESP,Online TA,TA/TO,0,0,0,A,A,1,No Deposit,9.0,0,Transient,79.2,0,2
City Hotel,1,27,2016,December,50,6,0,3,2,0.0,0,HB,ITA,Online TA,TA/TO,0,0,0,A,A,2,No Deposit,9.0,0,Transient,142.0,0,1
City Hotel,1,280,2016,December,50,6,0,3,2,0.0,0,BB,ITA,Online TA,TA/TO,0,0,0,A,A,0,No Deposit,9.0,0,Transient,78.3,0,2
City Hotel,1,303,2016,December,50,6,0,4,2,0.0,0,BB,DEU,Online TA,TA/TO,0,0,0,A,A,0,No Deposit,9.0,0,Transient,73.95,0,1
City Hotel,1,99,2016,December,50,6,0,4,2,0.0,0,SC,ITA,Online TA,TA/TO,0,0,0,A,A,0,No Deposit,9.0,0,Transient,74.8,0,1
City Hotel,1,113,2016,December,50,6,0,4,2,0.0,0,HB,ESP,Online TA,TA/TO,0,0,0,A,A,0,No Deposit,9.0,0,Transient,117.3,0,3
City Hotel,1,112,2016,December,50,6,0,4,2,0.0,0,BB,ESP,Online TA,TA/TO,0,0,0,D,D,0,No Deposit,9.0,0,Transient,97.75,0,1
City Hotel,1,109,2016,December,50,6,1,5,2,0.0,0,BB,BRA,Online TA,TA/TO,0,0,0,A,A,0,No Deposit,9.0,0,Transient,88.4,0,3
City Hotel,1,43,2016,December,50,6,1,5,2,0.0,0,BB,PRT,Online TA,TA/TO,0,0,0,A,A,0,No Deposit,83.0,0,Transient,83.2,0,0
City Hotel,1,21,2016,December,50,6,2,5,2,0.0,0,BB,ITA,Online TA,TA/TO,0,0,0,A,A,0,No Deposit,9.0,0,Transient,90.1,0,1
City Hotel,1,112,2016,December,50,7,0,1,2,0.0,0,BB,NLD,Online TA,TA/TO,0,0,0,A,A,0,No Deposit,9.0,0,Transient,90.0,0,1
City Hotel,1,62,2016,December,50,7,0,1,2,0.0,0,BB,PRT,Online TA,TA/TO,0,0,0,D,D,0,No Deposit,9.0,0,Transient,102.6,0,2
City Hotel,1,103,2016,December,50,7,0,1,2,0.0,0,BB,GBR,Online TA,TA/TO,0,0,0,A,A,0,No Deposit,9.0,0,Transient,93.6,0,2
City Hotel,1,56,2016,December,50,7,0,3,2,0.0,0,BB,ESP,Online TA,TA/TO,0,0,0,A,A,0,No Deposit,9.0,0,Transient,93.6,0,0
City Hotel,1,80,2016,December,50,7,0,3,2,0.0,0,SC,ITA,Online TA,TA/TO,0,0,0,A,A,0,No Deposit,9.0,0,Transient,79.2,0,0
City Hotel,1,56,2016,December,50,7,0,3,2,0.0,0,BB,ESP,Online TA,TA/TO,0,0,0,A,A,0,No Deposit,9.0,0,Transient,93.6,0,0
City Hotel,1,66,2016,December,50,7,0,3,2,0.0,0,BB,ITA,Online TA,TA/TO,0,0,0,D,D,0,No Deposit,9.0,0,Transient,102.6,0,1
City Hotel,1,27,2016,December,50,7,0,3,2,0.0,0,BB,ESP,Online TA,TA/TO,0,0,0,A,A,0,No Deposit,9.0,0,Transient,104.0,0,2
City Hotel,1,27,2016,December,50,7,0,3,2,0.0,0,BB,ESP,Online TA,TA/TO,0,0,0,A,A,0,No Deposit,9.0,0,Transient,113.0,0,2
City Hotel,1,52,2016,December,50,7,0,3,2,0.0,0,SC,ITA,Online TA,TA/TO,0,0,0,A,A,0,No Deposit,9.0,0,Transient,79.2,0,2
City Hotel,1,37,2016,December,50,7,0,3,2,0.0,0,BB,ITA,Online TA,TA/TO,0,0,0,A,A,0,No Deposit,9.0,0,Transient,104.0,0,1
City Hotel,1,27,2016,December,50,7,0,3,2,0.0,0,BB,ESP,Online TA,TA/TO,0,0,0,A,A,0,No Deposit,9.0,0,Transient,113.0,0,2
City Hotel,1,95,2016,December,50,7,0,4,2,0.0,0,BB,ITA,Online TA,TA/TO,0,0,0,B,B,1,No Deposit,9.0,0,Transient,77.86,0,1
City Hotel,1,37,2016,December,50,7,0,4,2,0.0,0,SC,ITA,Online TA,TA/TO,0,0,0,A,A,0,No Deposit,9.0,0,Transient,74.8,0,1
City Hotel,1,79,2016,December,50,7,0,4,2,0.0,0,BB,PRT,Online TA,TA/TO,0,0,0,A,A,0,No Deposit,9.0,0,Transient,88.4,0,1
City Hotel,1,95,2016,December,50,7,0,4,2,0.0,0,BB,ITA,Online TA,TA/TO,0,0,0,B,B,0,No Deposit,9.0,0,Transient,77.86,0,2
City Hotel,1,20,2016,December,50,7,0,3,2,0.0,0,SC,CHN,Online TA,TA/TO,0,0,0,A,A,0,No Deposit,9.0,0,Transient,81.3,0,0
City Hotel,1,96,2016,December,50,7,0,4,2,0.0,0,BB,NLD,Online TA,TA/TO,0,0,0,A,A,0,No Deposit,9.0,0,Transient,88.4,0,1
City Hotel,1,7,2016,December,50,7,0,4,2,0.0,0,BB,ESP,Online TA,TA/TO,0,0,0,D,D,0,No Deposit,9.0,0,Transient,99.88,0,0
City Hotel,1,111,2016,December,50,7,0,4,2,0.0,0,BB,AUT,Online TA,TA/TO,0,0,0,A,A,0,No Deposit,9.0,0,Transient,85.0,0,0
City Hotel,1,41,2016,December,50,7,0,4,2,0.0,0,BB,ESP,Online TA,TA/TO,0,0,0,A,A,0,No Deposit,9.0,0,Transient,88.4,0,2
City Hotel,1,47,2016,December,50,7,0,4,2,0.0,0,SC,BEL,Online TA,TA/TO,0,0,0,A,A,0,No Deposit,9.0,0,Transient,74.8,0,1
City Hotel,1,52,2016,December,50,7,0,4,2,0.0,0,BB,ITA,Online TA,TA/TO,0,0,0,D,D,0,No Deposit,9.0,0,Transient,96.9,0,0
City Hotel,1,205,2016,December,50,7,0,4,2,0.0,0,SC,DEU,Online TA,TA/TO,0,0,0,A,A,0,No Deposit,9.0,0,Transient,63.75,0,0
City Hotel,1,124,2016,December,50,7,1,4,2,0.0,0,SC,ITA,Online TA,TA/TO,0,0,0,A,A,2,No Deposit,9.0,0,Transient,74.8,0,0
City Hotel,1,36,2016,December,50,7,2,4,2,0.0,0,BB,ITA,Online TA,TA/TO,0,0,0,A,A,2,No Deposit,9.0,0,Transient,104.0,0,2
City Hotel,1,16,2016,December,50,7,2,8,2,0.0,0,SC,AGO,Online TA,TA/TO,0,0,0,A,A,0,No Deposit,9.0,0,Transient,75.99,0,0
City Hotel,1,113,2016,December,50,8,0,1,2,0.0,0,BB,NLD,Online TA,TA/TO,0,0,0,A,A,2,No Deposit,9.0,0,Transient,90.0,0,1
City Hotel,1,70,2016,December,50,8,0,1,2,0.0,0,SC,NLD,Online TA,TA/TO,0,0,0,A,A,0,No Deposit,9.0,0,Transient,79.2,0,2
City Hotel,1,20,2016,December,50,8,0,1,2,0.0,0,SC,ITA,Online TA,TA/TO,0,0,0,A,A,0,No Deposit,9.0,0,Transient,88.0,0,1
City Hotel,1,71,2016,December,50,8,0,1,2,0.0,0,SC,GBR,Online TA,TA/TO,0,0,0,A,A,0,No Deposit,9.0,0,Transient,79.2,0,1
City Hotel,1,13,2016,December,50,8,0,1,2,0.0,0,SC,PRT,Online TA,TA/TO,0,0,0,A,A,0,No Deposit,9.0,0,Transient,88.0,0,0
City Hotel,1,517,2016,December,50,8,0,2,2,0.0,0,BB,PRT,Groups,TA/TO,0,0,0,A,A,0,Non Refund,1.0,0,Transient,62.8,0,0
City Hotel,1,517,2016,December,50,8,0,2,2,0.0,0,BB,PRT,Groups,TA/TO,0,0,0,A,A,0,Non Refund,1.0,0,Transient,62.8,0,0
City Hotel,1,517,2016,December,50,8,0,2,2,0.0,0,BB,PRT,Groups,TA/TO,0,0,0,A,A,0,Non Refund,1.0,0,Transient,62.8,0,0
City Hotel,1,517,2016,December,50,8,0,2,2,0.0,0,BB,PRT,Groups,TA/TO,0,0,0,A,A,0,Non Refund,1.0,0,Transient,62.8,0,0
City Hotel,1,517,2016,December,50,8,0,2,2,0.0,0,BB,PRT,Groups,TA/TO,0,0,0,A,A,0,Non Refund,1.0,0,Transient,62.8,0,0
City Hotel,1,517,2016,December,50,8,0,2,2,0.0,0,BB,PRT,Groups,TA/TO,0,0,0,A,A,0,Non Refund,1.0,0,Transient,62.8,0,0
City Hotel,1,517,2016,December,50,8,0,2,2,0.0,0,BB,PRT,Groups,TA/TO,0,0,0,A,A,0,Non Refund,1.0,0,Transient,62.8,0,0
City Hotel,1,517,2016,December,50,8,0,2,2,0.0,0,BB,PRT,Groups,TA/TO,0,0,0,A,A,0,Non Refund,1.0,0,Transient,62.8,0,0
City Hotel,1,517,2016,December,50,8,0,2,2,0.0,0,BB,PRT,Groups,TA/TO,0,0,0,A,A,0,Non Refund,1.0,0,Transient,62.8,0,0
City Hotel,1,517,2016,December,50,8,0,2,2,0.0,0,BB,PRT,Groups,TA/TO,0,0,0,A,A,0,Non Refund,1.0,0,Transient,62.8,0,0
City Hotel,1,517,2016,December,50,8,0,2,2,0.0,0,BB,PRT,Groups,TA/TO,0,0,0,A,A,0,Non Refund,1.0,0,Transient,62.8,0,0
City Hotel,1,517,2016,December,50,8,0,2,2,0.0,0,BB,PRT,Groups,TA/TO,0,0,0,A,A,0,Non Refund,1.0,0,Transient,62.8,0,0
City Hotel,1,517,2016,December,50,8,0,2,2,0.0,0,BB,PRT,Groups,TA/TO,0,0,0,A,A,0,Non Refund,1.0,0,Transient,62.8,0,0
City Hotel,1,203,2016,December,50,8,0,3,2,0.0,0,HB,ITA,Online TA,TA/TO,0,0,0,A,A,0,No Deposit,9.0,0,Transient,112.5,0,0
City Hotel,1,517,2016,December,50,8,0,2,2,0.0,0,BB,PRT,Groups,TA/TO,0,0,0,A,A,0,Non Refund,1.0,0,Transient,62.8,0,0
City Hotel,1,517,2016,December,50,8,0,2,2,0.0,0,BB,PRT,Groups,TA/TO,0,0,0,A,A,0,Non Refund,1.0,0,Transient,62.8,0,0
City Hotel,1,17,2016,December,50,8,0,3,2,0.0,0,SC,GBR,Online TA,TA/TO,0,0,0,A,A,0,No Deposit,9.0,0,Transient,92.67,0,0
City Hotel,1,16,2016,December,50,8,0,3,2,0.0,0,BB,GBR,Online TA,TA/TO,0,0,0,A,A,0,No Deposit,9.0,0,Transient,108.67,0,0
City Hotel,1,148,2016,December,50,8,0,3,2,0.0,0,SC,ITA,Online TA,TA/TO,0,0,0,A,A,0,No Deposit,9.0,0,Transient,79.2,0,2
City Hotel,1,81,2016,December,50,8,0,3,2,0.0,0,SC,ITA,Online TA,TA/TO,0,0,0,A,A,0,No Deposit,9.0,0,Transient,79.2,0,1
City Hotel,1,37,2016,December,50,8,0,3,2,0.0,0,SC,AUT,Online TA,TA/TO,0,0,0,A,A,0,No Deposit,9.0,0,Transient,88.0,0,0
City Hotel,1,36,2016,December,50,8,0,3,2,0.0,0,SC,DEU,Online TA,TA/TO,0,0,0,A,A,0,No Deposit,9.0,0,Transient,88.0,0,0
City Hotel,1,33,2016,December,50,8,0,3,2,0.0,0,BB,ESP,Online TA,TA/TO,0,0,0,A,A,0,No Deposit,9.0,0,Transient,104.0,0,1
City Hotel,1,56,2016,December,50,8,0,3,2,0.0,0,BB,ESP,Online TA,TA/TO,0,0,0,A,A,0,No Deposit,9.0,0,Transient,93.6,0,1
City Hotel,1,81,2016,December,50,8,0,3,2,0.0,0,SC,ITA,Online TA,TA/TO,0,0,0,A,A,0,No Deposit,9.0,0,Transient,79.2,0,1
City Hotel,1,122,2016,December,50,8,0,3,2,0.0,0,BB,PRT,Online TA,TA/TO,0,0,0,A,A,1,No Deposit,83.0,0,Transient,80.0,0,0
City Hotel,1,60,2016,December,50,8,0,3,2,0.0,0,BB,ITA,Online TA,TA/TO,0,0,0,D,D,1,No Deposit,9.0,0,Transient,126.0,0,3
City Hotel,1,98,2016,December,50,8,0,3,2,0.0,0,SC,ESP,Online TA,TA/TO,0,0,0,A,A,0,No Deposit,9.0,0,Transient,79.2,0,2
City Hotel,1,203,2016,December,50,8,0,3,2,0.0,0,HB,ITA,Online TA,TA/TO,0,0,0,A,A,0,No Deposit,9.0,0,Transient,112.5,0,0
City Hotel,1,57,2016,December,50,8,0,3,2,0.0,0,BB,GRC,Online TA,TA/TO,0,0,0,A,A,0,No Deposit,9.0,0,Transient,93.6,0,1
City Hotel,1,98,2016,December,50,8,0,3,2,0.0,0,SC,ESP,Online TA,TA/TO,0,0,0,A,A,0,No Deposit,9.0,0,Transient,79.2,0,2
City Hotel,1,60,2016,December,50,8,1,3,2,0.0,0,BB,ITA,Online TA,TA/TO,0,0,0,A,A,0,No Deposit,9.0,0,Transient,88.4,0,2
City Hotel,1,43,2016,December,50,8,1,3,2,0.0,0,SC,FRA,Online TA,TA/TO,0,0,0,A,A,0,No Deposit,9.0,0,Transient,74.8,0,0
City Hotel,1,43,2016,December,50,8,1,3,2,0.0,0,BB,FRA,Online TA,TA/TO,0,0,0,A,A,0,No Deposit,9.0,0,Transient,88.4,0,1
City Hotel,1,27,2016,December,50,8,1,3,2,0.0,0,BB,ITA,Online TA,TA/TO,0,0,0,D,D,0,No Deposit,9.0,0,Transient,96.9,0,2
City Hotel,1,305,2016,December,50,8,1,3,2,0.0,0,BB,GBR,Direct,Direct,0,0,0,A,A,0,No Deposit,14.0,0,Transient-Party,63.75,0,1
City Hotel,1,305,2016,December,50,8,1,3,2,0.0,0,BB,GBR,Direct,Direct,0,0,0,A,A,0,No Deposit,14.0,0,Transient-Party,63.75,0,1
City Hotel,1,51,2016,December,50,9,0,2,2,0.0,0,SC,PRT,Online TA,TA/TO,0,0,0,A,A,0,No Deposit,9.0,0,Transient,79.2,0,1
City Hotel,1,17,2016,December,50,9,0,2,2,0.0,0,SC,PRT,Online TA,TA/TO,0,0,0,A,A,0,No Deposit,9.0,0,Transient,95.0,0,0
City Hotel,1,91,2016,December,50,9,0,2,2,0.0,0,SC,GBR,Online TA,TA/TO,0,0,0,A,A,0,No Deposit,9.0,0,Transient,88.0,0,0
City Hotel,1,322,2016,December,50,9,0,2,2,0.0,0,BB,PRT,Offline TA/TO,TA/TO,0,0,0,A,A,0,Non Refund,20.0,0,Transient,52.0,0,0
City Hotel,1,322,2016,December,50,9,0,2,2,0.0,0,BB,PRT,Offline TA/TO,TA/TO,0,0,0,A,A,0,Non Refund,20.0,0,Transient,52.0,0,0
City Hotel,1,322,2016,December,50,9,0,2,2,0.0,0,BB,PRT,Offline TA/TO,TA/TO,0,0,0,A,A,0,Non Refund,20.0,0,Transient,52.0,0,0
City Hotel,1,322,2016,December,50,9,0,2,2,0.0,0,BB,PRT,Offline TA/TO,TA/TO,0,0,0,A,A,0,Non Refund,20.0,0,Transient,52.0,0,0
City Hotel,1,322,2016,December,50,9,0,2,2,0.0,0,BB,PRT,Offline TA/TO,TA/TO,0,0,0,A,A,0,Non Refund,20.0,0,Transient,52.0,0,0
City Hotel,1,36,2016,December,50,9,0,2,2,0.0,0,BB,FRA,Online TA,TA/TO,0,0,0,A,A,0,No Deposit,9.0,0,Transient,104.0,0,0
City Hotel,1,322,2016,December,50,9,0,2,2,0.0,0,BB,PRT,Offline TA/TO,TA/TO,0,0,0,A,A,0,Non Refund,20.0,0,Transient,52.0,0,0
City Hotel,1,322,2016,December,50,9,0,2,2,0.0,0,BB,PRT,Offline TA/TO,TA/TO,0,0,0,A,A,0,Non Refund,20.0,0,Transient,52.0,0,0
City Hotel,1,17,2016,December,50,9,0,2,2,0.0,0,SC,PRT,Online TA,TA/TO,0,0,0,A,A,0,No Deposit,9.0,0,Transient,95.0,0,0
City Hotel,1,51,2016,December,50,9,0,2,2,0.0,0,BB,FRA,Direct,Direct,0,0,0,A,A,0,No Deposit,14.0,0,Transient,79.2,0,1
City Hotel,1,322,2016,December,50,9,0,2,2,0.0,0,BB,PRT,Offline TA/TO,TA/TO,0,0,0,A,A,0,Non Refund,20.0,0,Transient,52.0,0,0
City Hotel,1,322,2016,December,50,9,0,2,2,0.0,0,BB,PRT,Offline TA/TO,TA/TO,0,0,0,A,A,0,Non Refund,20.0,0,Transient,52.0,0,0
City Hotel,1,322,2016,December,50,9,0,2,2,0.0,0,BB,PRT,Offline TA/TO,TA/TO,0,0,0,A,A,0,Non Refund,20.0,0,Transient,52.0,0,0
City Hotel,1,39,2016,December,50,9,0,2,2,0.0,0,SC,PRT,Online TA,TA/TO,0,0,0,A,A,0,No Deposit,9.0,0,Transient,88.0,0,1
City Hotel,1,322,2016,December,50,9,0,2,2,0.0,0,BB,PRT,Offline TA/TO,TA/TO,0,0,0,A,A,0,Non Refund,20.0,0,Transient,52.0,0,0
City Hotel,1,322,2016,December,50,9,0,2,2,0.0,0,BB,PRT,Offline TA/TO,TA/TO,0,0,0,A,A,0,Non Refund,20.0,0,Transient,52.0,0,0
City Hotel,1,322,2016,December,50,9,0,2,2,0.0,0,BB,PRT,Offline TA/TO,TA/TO,0,0,0,A,A,0,Non Refund,20.0,0,Transient,52.0,0,0
City Hotel,1,322,2016,December,50,9,0,2,2,0.0,0,BB,PRT,Offline TA/TO,TA/TO,0,0,0,A,A,0,Non Refund,20.0,0,Transient,52.0,0,0
City Hotel,1,322,2016,December,50,9,0,2,2,0.0,0,BB,PRT,Offline TA/TO,TA/TO,0,0,0,A,A,0,Non Refund,20.0,0,Transient,52.0,0,0
City Hotel,1,322,2016,December,50,9,0,2,2,0.0,0,BB,PRT,Offline TA/TO,TA/TO,0,0,0,A,A,0,Non Refund,20.0,0,Transient,52.0,0,0
City Hotel,1,322,2016,December,50,9,0,2,2,0.0,0,BB,PRT,Offline TA/TO,TA/TO,0,0,0,A,A,0,Non Refund,20.0,0,Transient,52.0,0,0
City Hotel,1,322,2016,December,50,9,0,2,2,0.0,0,BB,PRT,Offline TA/TO,TA/TO,0,0,0,A,A,0,Non Refund,20.0,0,Transient,52.0,0,0
City Hotel,1,322,2016,December,50,9,0,2,2,0.0,0,BB,PRT,Offline TA/TO,TA/TO,0,0,0,A,A,0,Non Refund,20.0,0,Transient,52.0,0,0
City Hotel,1,322,2016,December,50,9,0,2,2,0.0,0,BB,PRT,Offline TA/TO,TA/TO,0,0,0,A,A,0,Non Refund,20.0,0,Transient,52.0,0,0
City Hotel,1,79,2016,December,50,9,1,2,2,0.0,0,SC,ITA,Online TA,TA/TO,0,0,0,A,A,0,No Deposit,9.0,0,Transient,79.2,0,2
City Hotel,1,229,2016,December,50,9,1,2,2,0.0,0,SC,IRL,Online TA,TA/TO,0,0,0,A,A,0,No Deposit,9.0,0,Transient,67.5,0,0
City Hotel,1,42,2016,December,50,9,2,2,2,0.0,0,SC,PRT,Online TA,TA/TO,0,0,0,A,A,0,No Deposit,9.0,0,Transient,74.8,0,1
City Hotel,1,218,2016,December,50,9,2,3,2,0.0,0,SC,ISR,Online TA,TA/TO,0,0,0,A,A,0,No Deposit,9.0,0,Transient,63.75,0,2
City Hotel,1,18,2016,December,50,9,3,7,2,0.0,0,SC,AGO,Online TA,TA/TO,0,0,0,A,A,0,No Deposit,9.0,0,Transient,75.99,0,0
City Hotel,1,0,2016,December,50,9,4,7,2,0.0,0,SC,USA,Online TA,TA/TO,0,0,0,A,A,0,No Deposit,9.0,0,Transient,71.25,0,0
City Hotel,1,42,2016,December,50,9,2,2,2,0.0,0,SC,PRT,Online TA,TA/TO,0,0,0,A,A,0,No Deposit,9.0,0,Transient,74.8,0,1
City Hotel,1,74,2016,December,50,10,0,1,2,0.0,0,HB,FRA,Online TA,TA/TO,0,0,0,A,A,0,No Deposit,9.0,0,Transient,127.8,0,2
City Hotel,1,38,2016,December,50,10,0,1,2,0.0,0,BB,PRT,Direct,Direct,0,0,0,A,A,0,No Deposit,,0,Transient-Party,101.0,0,1
City Hotel,1,17,2016,December,50,10,0,1,2,0.0,0,BB,PRT,Direct,Direct,0,0,0,A,A,0,No Deposit,,0,Transient,105.0,0,0
City Hotel,1,33,2016,December,50,10,0,1,2,0.0,0,SC,ESP,Online TA,TA/TO,0,0,0,A,A,0,No Deposit,9.0,0,Transient,88.0,0,1
City Hotel,1,38,2016,December,50,10,0,1,2,0.0,0,BB,PRT,Direct,Direct,0,0,0,A,A,0,No Deposit,,0,Transient-Party,101.0,0,2
City Hotel,1,261,2016,December,50,10,0,1,2,0.0,0,SC,PRT,Online TA,TA/TO,0,0,0,A,A,0,No Deposit,9.0,0,Transient,67.5,0,0
City Hotel,1,37,2016,December,50,10,1,1,2,0.0,0,SC,ITA,Online TA,TA/TO,0,0,0,A,A,0,No Deposit,9.0,0,Transient,88.0,0,0
City Hotel,1,32,2016,December,50,10,2,1,2,0.0,0,SC,ITA,Online TA,TA/TO,0,0,0,A,A,0,No Deposit,9.0,0,Transient,88.0,0,1
City Hotel,1,108,2016,December,50,10,2,1,2,0.0,0,SC,ITA,Online TA,TA/TO,0,0,0,A,A,0,No Deposit,9.0,0,Transient,79.2,0,1
City Hotel,1,240,2016,December,50,10,2,1,2,0.0,0,SC,ITA,Online TA,TA/TO,0,0,0,A,A,0,No Deposit,9.0,0,Transient,67.5,0,2
City Hotel,1,12,2016,December,50,10,2,2,2,0.0,0,BB,TUR,Online TA,TA/TO,0,0,0,A,A,0,No Deposit,9.0,0,Transient,89.89,0,0
City Hotel,1,36,2016,December,50,10,2,2,2,0.0,0,BB,CHE,Online TA,TA/TO,0,0,0,A,A,0,No Deposit,9.0,0,Transient,104.0,0,2
City Hotel,1,333,2016,December,50,10,2,3,2,0.0,0,BB,ROU,Online TA,TA/TO,0,0,0,A,A,0,No Deposit,9.0,0,Transient,73.95,0,0
City Hotel,1,16,2016,December,50,10,4,7,2,0.0,0,SC,CHN,Online TA,TA/TO,0,0,0,A,A,0,No Deposit,9.0,0,Transient,67.81,0,0
City Hotel,1,30,2016,December,51,11,2,0,2,0.0,0,SC,IRL,Online TA,TA/TO,0,0,0,A,A,0,No Deposit,9.0,0,Transient,88.0,0,2
City Hotel,1,42,2016,December,51,11,2,3,2,0.0,0,BB,BRA,Online TA,TA/TO,0,0,0,A,A,0,No Deposit,9.0,0,Transient,88.4,0,2
City Hotel,1,58,2016,December,51,12,1,0,2,0.0,0,SC,USA,Online TA,TA/TO,0,0,0,A,A,0,No Deposit,9.0,0,Transient,79.2,0,0
City Hotel,1,30,2016,December,51,12,1,0,2,0.0,0,SC,ITA,Online TA,TA/TO,0,0,0,A,A,0,No Deposit,9.0,0,Transient,108.0,0,3
City Hotel,1,284,2016,December,51,12,1,0,2,0.0,0,SC,DEU,Online TA,TA/TO,0,0,0,A,A,0,No Deposit,9.0,0,Transient,67.5,0,0
City Hotel,1,45,2016,December,51,12,1,3,2,0.0,0,BB,TMP,Online TA,TA/TO,0,0,0,D,D,0,No Deposit,9.0,0,Transient,96.9,0,2
City Hotel,1,26,2016,December,51,12,2,5,2,0.0,0,BB,PRT,Groups,TA/TO,0,0,0,A,A,0,Non Refund,154.0,0,Transient,75.0,0,0
City Hotel,1,26,2016,December,51,12,2,5,2,0.0,0,BB,PRT,Groups,TA/TO,0,0,0,A,A,0,Non Refund,154.0,0,Transient,75.0,0,0
City Hotel,1,26,2016,December,51,12,2,5,2,0.0,0,BB,PRT,Groups,TA/TO,0,0,0,A,A,0,Non Refund,154.0,0,Transient,75.0,0,0
City Hotel,1,26,2016,December,51,12,2,5,2,0.0,0,BB,PRT,Groups,TA/TO,0,0,0,A,A,0,Non Refund,154.0,0,Transient,75.0,0,0
City Hotel,1,26,2016,December,51,12,2,5,2,0.0,0,BB,PRT,Groups,TA/TO,0,0,0,A,A,0,Non Refund,154.0,0,Transient,75.0,0,0
City Hotel,1,26,2016,December,51,12,2,5,2,0.0,0,BB,PRT,Groups,TA/TO,0,0,0,A,A,0,Non Refund,154.0,0,Transient,75.0,0,0
City Hotel,1,63,2016,December,51,13,0,1,2,0.0,0,BB,ESP,Online TA,TA/TO,0,0,0,A,A,0,No Deposit,9.0,0,Transient,93.6,0,2
City Hotel,1,11,2016,December,51,13,0,3,2,0.0,0,SC,GBR,Direct,Direct,0,0,0,A,A,0,No Deposit,14.0,0,Transient,98.0,0,0
City Hotel,1,292,2016,December,51,13,0,4,2,0.0,0,BB,ITA,Online TA,TA/TO,0,0,0,D,D,0,No Deposit,9.0,0,Transient,86.7,0,0
City Hotel,1,292,2016,December,51,13,0,4,2,0.0,0,BB,ITA,Online TA,TA/TO,0,0,0,D,D,0,No Deposit,9.0,0,Transient,86.7,0,0
City Hotel,1,102,2016,December,51,13,0,4,2,0.0,0,SC,PHL,Online TA,TA/TO,0,0,0,A,A,0,No Deposit,9.0,0,Transient,74.8,0,3
City Hotel,1,117,2016,December,51,13,0,5,2,0.0,0,BB,ITA,Online TA,TA/TO,0,0,0,A,A,0,No Deposit,9.0,0,Transient,85.0,0,1
City Hotel,1,7,2016,December,51,13,2,8,2,0.0,0,SC,UKR,Online TA,TA/TO,0,0,0,A,A,0,No Deposit,9.0,0,Transient,74.8,0,1
City Hotel,1,0,2016,December,51,14,0,1,2,0.0,0,BB,PRT,Direct,Direct,0,0,0,D,D,0,No Deposit,14.0,0,Transient,98.0,0,0
City Hotel,1,0,2016,December,51,14,0,1,2,0.0,0,BB,PRT,Direct,Direct,0,0,0,E,E,0,No Deposit,14.0,0,Transient,118.0,0,0
City Hotel,1,181,2016,December,51,14,0,2,2,0.0,0,HB,LUX,Online TA,TA/TO,0,0,0,A,A,0,No Deposit,9.0,0,Transient,124.2,0,0
City Hotel,1,12,2016,December,51,14,0,2,2,0.0,0,SC,GBR,Direct,Direct,0,0,0,A,A,2,No Deposit,14.0,0,Transient,98.0,0,0
City Hotel,1,37,2016,December,51,14,0,2,2,0.0,0,SC,ITA,Online TA,TA/TO,0,0,0,A,A,0,No Deposit,9.0,0,Transient,88.0,0,0
City Hotel,1,262,2016,December,51,14,2,4,2,0.0,0,SC,VEN,Online TA,TA/TO,0,0,0,A,A,0,No Deposit,9.0,0,Transient,63.75,0,0
City Hotel,1,262,2016,December,51,14,2,4,2,0.0,0,SC,VEN,Online TA,TA/TO,0,0,0,A,A,0,No Deposit,9.0,0,Transient,63.75,0,0
City Hotel,1,524,2016,December,51,15,0,2,2,0.0,0,BB,PRT,Groups,TA/TO,0,0,0,A,A,0,Non Refund,1.0,0,Transient,62.8,0,0
City Hotel,1,524,2016,December,51,15,0,2,2,0.0,0,BB,PRT,Groups,TA/TO,0,0,0,A,A,0,Non Refund,1.0,0,Transient,62.8,0,0
City Hotel,1,121,2016,December,51,15,0,2,2,0.0,0,SC,GBR,Online TA,TA/TO,0,0,0,A,A,0,No Deposit,9.0,0,Transient,79.2,0,1
City Hotel,1,524,2016,December,51,15,0,2,2,0.0,0,BB,PRT,Groups,TA/TO,0,0,0,A,A,0,Non Refund,1.0,0,Transient,62.8,0,0
City Hotel,1,524,2016,December,51,15,0,2,2,0.0,0,BB,PRT,Groups,TA/TO,0,0,0,A,A,0,Non Refund,1.0,0,Transient,62.8,0,0
City Hotel,1,524,2016,December,51,15,0,2,2,0.0,0,BB,PRT,Groups,TA/TO,0,0,0,A,A,0,Non Refund,1.0,0,Transient,62.8,0,0
City Hotel,1,524,2016,December,51,15,0,2,2,0.0,0,BB,PRT,Groups,TA/TO,0,0,0,A,A,0,Non Refund,1.0,0,Transient,62.8,0,0
City Hotel,1,86,2016,December,51,15,0,2,2,0.0,0,BB,FRA,Online TA,TA/TO,0,0,0,A,A,0,No Deposit,9.0,0,Transient,93.6,0,1
City Hotel,1,524,2016,December,51,15,0,2,2,0.0,0,BB,PRT,Groups,TA/TO,0,0,0,A,A,0,Non Refund,1.0,0,Transient,62.8,0,0
City Hotel,1,524,2016,December,51,15,0,2,2,0.0,0,BB,PRT,Groups,TA/TO,0,0,0,A,A,0,Non Refund,1.0,0,Transient,62.8,0,0
City Hotel,1,524,2016,December,51,15,0,2,2,0.0,0,BB,PRT,Groups,TA/TO,0,0,0,A,A,0,Non Refund,1.0,0,Transient,62.8,0,0
City Hotel,1,524,2016,December,51,15,0,2,2,0.0,0,BB,PRT,Groups,TA/TO,0,0,0,A,A,0,Non Refund,1.0,0,Transient,62.8,0,0
City Hotel,1,524,2016,December,51,15,0,2,2,0.0,0,BB,PRT,Groups,TA/TO,0,0,0,A,A,0,Non Refund,1.0,0,Transient,62.8,0,0
City Hotel,1,524,2016,December,51,15,0,2,2,0.0,0,BB,PRT,Groups,TA/TO,0,0,0,A,A,0,Non Refund,1.0,0,Transient,62.8,0,0
City Hotel,1,524,2016,December,51,15,0,2,2,0.0,0,BB,PRT,Groups,TA/TO,0,0,0,A,A,0,Non Refund,1.0,0,Transient,62.8,0,0
City Hotel,1,524,2016,December,51,15,0,2,2,0.0,0,BB,PRT,Groups,TA/TO,0,0,0,A,A,0,Non Refund,1.0,0,Transient,62.8,0,0
City Hotel,1,524,2016,December,51,15,0,2,2,0.0,0,BB,PRT,Groups,TA/TO,0,0,0,A,A,0,Non Refund,1.0,0,Transient,62.8,0,0
City Hotel,1,58,2016,December,51,15,0,3,2,0.0,0,SC,LUX,Online TA,TA/TO,0,0,0,A,A,0,No Deposit,9.0,0,Transient,79.2,0,0
City Hotel,1,338,2016,December,51,15,0,3,2,0.0,0,BB,DNK,Online TA,TA/TO,0,0,0,D,D,0,No Deposit,9.0,0,Transient,87.3,0,0
City Hotel,1,50,2016,December,51,15,0,3,2,0.0,0,BB,LUX,Direct,Direct,0,0,0,A,A,0,No Deposit,14.0,0,Transient,79.2,0,0
City Hotel,1,58,2016,December,51,15,0,3,2,0.0,0,SC,LUX,Online TA,TA/TO,0,0,0,A,A,0,No Deposit,9.0,0,Transient,79.2,0,0
City Hotel,1,58,2016,December,51,15,0,3,2,0.0,0,BB,LUX,Direct,Direct,0,0,0,A,A,0,No Deposit,14.0,0,Transient,79.2,0,1
City Hotel,1,338,2016,December,51,15,0,3,2,0.0,0,BB,DNK,Online TA,TA/TO,0,0,0,D,D,0,No Deposit,9.0,0,Transient,87.3,0,0
City Hotel,1,58,2016,December,51,15,0,3,2,0.0,0,BB,LUX,Direct,Direct,0,0,0,A,A,0,No Deposit,14.0,0,Transient,79.2,0,1
City Hotel,1,6,2016,December,51,15,1,3,2,0.0,0,SC,IDN,Online TA,TA/TO,0,0,0,A,A,0,No Deposit,9.0,0,Transient,66.3,0,0
City Hotel,1,6,2016,December,51,15,1,3,2,0.0,0,SC,IDN,Online TA,TA/TO,0,0,0,A,A,0,No Deposit,9.0,0,Transient,66.3,0,0
City Hotel,1,6,2016,December,51,15,1,3,2,0.0,0,SC,IDN,Online TA,TA/TO,0,0,0,A,A,0,No Deposit,9.0,0,Transient,66.3,0,0
City Hotel,1,6,2016,December,51,15,1,3,2,0.0,0,SC,IDN,Online TA,TA/TO,0,0,0,A,A,0,No Deposit,9.0,0,Transient,66.3,0,0
City Hotel,1,6,2016,December,51,15,1,3,2,0.0,0,SC,IDN,Online TA,TA/TO,0,0,0,A,A,0,No Deposit,9.0,0,Transient,66.3,0,0
City Hotel,1,57,2016,December,51,15,2,4,2,0.0,0,SC,ISR,Online TA,TA/TO,0,0,0,A,A,0,No Deposit,9.0,0,Transient,74.8,0,0
City Hotel,1,24,2016,December,51,15,2,8,2,0.0,0,SC,DEU,Online TA,TA/TO,0,0,0,A,A,0,No Deposit,9.0,0,Transient,74.8,0,1
City Hotel,1,28,2016,December,51,15,2,3,2,0.0,0,SC,DEU,Online TA,TA/TO,0,0,0,A,A,2,No Deposit,9.0,0,Transient,74.8,0,1
City Hotel,1,246,2016,December,51,16,0,1,2,0.0,0,BB,SGP,Direct,Direct,0,0,0,A,A,0,No Deposit,14.0,0,Transient,63.75,0,0
City Hotel,1,23,2016,December,51,16,0,1,2,0.0,0,BB,PRT,Online TA,TA/TO,0,0,0,A,A,0,No Deposit,9.0,0,Transient,104.0,0,0
City Hotel,1,246,2016,December,51,16,0,1,2,0.0,0,BB,SGP,Direct,Direct,0,0,0,A,A,0,No Deposit,14.0,0,Transient,63.75,0,0
City Hotel,1,4,2016,December,51,16,0,1,2,0.0,0,SC,PRT,Online TA,TA/TO,0,0,0,A,A,0,No Deposit,9.0,0,Transient,78.0,0,2
City Hotel,1,246,2016,December,51,16,0,1,2,0.0,0,BB,SGP,Direct,Direct,0,0,0,A,A,0,No Deposit,14.0,0,Transient,63.75,0,0
City Hotel,1,26,2016,December,51,16,0,2,2,0.0,0,BB,FRA,Online TA,TA/TO,0,0,0,A,A,0,No Deposit,9.0,0,Transient,104.0,0,0
City Hotel,1,32,2016,December,51,16,0,2,2,0.0,0,SC,DEU,Online TA,TA/TO,0,0,0,A,A,0,No Deposit,9.0,0,Transient,88.0,0,1
City Hotel,1,56,2016,December,51,16,0,2,2,0.0,0,SC,NLD,Online TA,TA/TO,0,0,0,A,A,4,No Deposit,9.0,0,Transient,79.2,0,1
City Hotel,1,26,2016,December,51,16,0,2,2,0.0,0,BB,FRA,Online TA,TA/TO,0,0,0,A,A,0,No Deposit,9.0,0,Transient,104.0,0,0
City Hotel,1,268,2016,December,51,16,1,2,2,0.0,0,SC,IRL,Online TA,TA/TO,0,0,0,A,A,0,No Deposit,9.0,0,Transient,67.5,0,2
City Hotel,1,185,2016,December,51,16,1,2,2,0.0,0,SC,DEU,Online TA,TA/TO,0,0,0,A,A,0,No Deposit,9.0,0,Transient,79.2,0,0
City Hotel,1,185,2016,December,51,16,1,2,2,0.0,0,SC,DEU,Online TA,TA/TO,0,0,0,A,A,0,No Deposit,9.0,0,Transient,79.2,0,0
City Hotel,1,185,2016,December,51,16,1,2,2,0.0,0,SC,DEU,Online TA,TA/TO,0,0,0,A,A,0,No Deposit,9.0,0,Transient,79.2,0,0
City Hotel,1,185,2016,December,51,16,1,2,2,0.0,0,BB,DEU,Online TA,TA/TO,0,0,0,D,D,0,No Deposit,9.0,0,Transient,103.5,0,0
City Hotel,1,185,2016,December,51,16,1,2,2,0.0,0,SC,DEU,Online TA,TA/TO,0,0,0,A,A,0,No Deposit,9.0,0,Transient,79.2,0,0
City Hotel,1,46,2016,December,51,16,1,2,2,0.0,0,SC,ESP,Online TA,TA/TO,0,0,0,A,A,0,No Deposit,9.0,0,Transient,79.2,0,1
City Hotel,1,46,2016,December,51,16,1,2,2,0.0,0,SC,ESP,Online TA,TA/TO,0,0,0,A,A,0,No Deposit,9.0,0,Transient,79.2,0,1
City Hotel,1,185,2016,December,51,16,1,2,2,0.0,0,BB,DEU,Online TA,TA/TO,0,0,0,D,D,0,No Deposit,9.0,0,Transient,103.5,0,0
City Hotel,1,9,2016,December,51,16,1,2,2,0.0,0,SC,IDN,Online TA,TA/TO,0,0,0,A,A,0,No Deposit,9.0,0,Transient,78.0,0,0
City Hotel,1,9,2016,December,51,16,1,2,2,0.0,0,SC,IDN,Online TA,TA/TO,0,0,0,A,A,0,No Deposit,9.0,0,Transient,78.0,0,0
City Hotel,1,185,2016,December,51,16,1,2,2,0.0,0,BB,DEU,Online TA,TA/TO,0,0,0,D,D,0,No Deposit,9.0,0,Transient,103.5,0,0
City Hotel,1,185,2016,December,51,16,1,2,2,0.0,0,SC,DEU,Online TA,TA/TO,0,0,0,A,A,0,No Deposit,9.0,0,Transient,79.2,0,0
City Hotel,1,185,2016,December,51,16,1,2,2,0.0,0,SC,DEU,Online TA,TA/TO,0,0,0,A,A,0,No Deposit,9.0,0,Transient,79.2,0,0
City Hotel,1,9,2016,December,51,16,1,2,2,0.0,0,SC,IDN,Online TA,TA/TO,0,0,0,A,A,0,No Deposit,9.0,0,Transient,78.0,0,0
City Hotel,1,185,2016,December,51,16,1,2,2,0.0,0,BB,DEU,Online TA,TA/TO,0,0,0,D,D,0,No Deposit,9.0,0,Transient,103.5,0,0
City Hotel,1,185,2016,December,51,16,1,2,2,0.0,0,BB,DEU,Online TA,TA/TO,0,0,0,D,D,0,No Deposit,9.0,0,Transient,103.5,0,0
City Hotel,1,53,2016,December,51,16,1,2,2,0.0,0,SC,ITA,Online TA,TA/TO,0,0,0,A,A,0,No Deposit,9.0,0,Transient,79.2,0,1
City Hotel,1,185,2016,December,51,16,1,2,2,0.0,0,BB,DEU,Online TA,TA/TO,0,0,0,D,D,0,No Deposit,9.0,0,Transient,103.5,0,0
City Hotel,1,112,2016,December,51,16,1,2,2,0.0,0,SC,ITA,Online TA,TA/TO,0,0,0,A,A,0,No Deposit,9.0,0,Transient,79.2,0,1
City Hotel,1,9,2016,December,51,16,1,2,2,0.0,0,SC,IDN,Online TA,TA/TO,0,0,0,A,A,0,No Deposit,9.0,0,Transient,78.0,0,0
City Hotel,1,46,2016,December,51,16,1,2,2,0.0,0,SC,ESP,Online TA,TA/TO,0,0,0,A,A,0,No Deposit,9.0,0,Transient,79.2,0,1
City Hotel,1,185,2016,December,51,16,1,2,2,0.0,0,SC,DEU,Online TA,TA/TO,0,0,0,A,A,0,No Deposit,9.0,0,Transient,79.2,0,0
City Hotel,1,185,2016,December,51,16,1,2,2,0.0,0,SC,DEU,Online TA,TA/TO,0,0,0,A,A,0,No Deposit,9.0,0,Transient,79.2,0,0
City Hotel,1,185,2016,December,51,16,1,2,2,0.0,0,BB,DEU,Online TA,TA/TO,0,0,0,D,D,0,No Deposit,9.0,0,Transient,103.5,0,0
City Hotel,1,185,2016,December,51,16,1,2,2,0.0,0,SC,DEU,Online TA,TA/TO,0,0,0,A,A,0,No Deposit,9.0,0,Transient,79.2,0,0
City Hotel,1,185,2016,December,51,16,1,2,2,0.0,0,SC,DEU,Online TA,TA/TO,0,0,0,A,A,0,No Deposit,9.0,0,Transient,79.2,0,0
City Hotel,1,46,2016,December,51,16,1,2,2,0.0,0,SC,ESP,Online TA,TA/TO,0,0,0,A,A,0,No Deposit,9.0,0,Transient,79.2,0,1
City Hotel,1,56,2016,December,51,16,2,2,2,0.0,0,SC,CHN,Online TA,TA/TO,0,0,0,A,A,0,No Deposit,9.0,0,Transient,67.32,0,0
City Hotel,1,211,2016,December,51,16,2,2,2,0.0,0,SC,PRT,Online TA,TA/TO,0,0,0,A,A,0,No Deposit,8.0,0,Transient,63.75,0,0
City Hotel,1,40,2016,December,51,16,1,2,2,0.0,0,SC,FRA,Online TA,TA/TO,0,0,0,A,A,0,No Deposit,9.0,0,Transient,88.0,0,3
City Hotel,1,185,2016,December,51,16,1,2,2,0.0,0,BB,DEU,Online TA,TA/TO,0,0,0,D,D,0,No Deposit,9.0,0,Transient,103.5,0,0
City Hotel,1,9,2016,December,51,16,1,2,2,0.0,0,SC,IDN,Online TA,TA/TO,0,0,0,A,A,0,No Deposit,9.0,0,Transient,78.0,0,0
City Hotel,1,185,2016,December,51,16,1,2,2,0.0,0,BB,DEU,Online TA,TA/TO,0,0,0,D,D,0,No Deposit,9.0,0,Transient,103.5,0,0
City Hotel,1,185,2016,December,51,16,1,2,2,0.0,0,BB,DEU,Online TA,TA/TO,0,0,0,D,D,0,No Deposit,9.0,0,Transient,103.5,0,0
City Hotel,1,43,2016,December,51,16,2,3,2,0.0,0,SC,CHE,Online TA,TA/TO,0,0,0,A,A,0,No Deposit,9.0,0,Transient,82.72,0,1
City Hotel,1,9,2016,December,51,16,2,4,2,0.0,0,SC,BRA,Online TA,TA/TO,0,0,0,A,A,0,No Deposit,9.0,0,Transient,74.8,0,0
City Hotel,1,8,2016,December,51,17,0,1,2,0.0,0,SC,PRT,Online TA,TA/TO,0,0,0,A,A,0,No Deposit,9.0,0,Transient,78.0,0,1
City Hotel,1,44,2016,December,51,17,0,1,2,0.0,0,BB,PRT,Online TA,TA/TO,0,0,0,D,D,0,No Deposit,7.0,0,Transient,87.78,0,1
City Hotel,1,29,2016,December,51,17,1,1,2,0.0,0,BB,FRA,Online TA,TA/TO,0,0,0,A,A,0,No Deposit,9.0,0,Transient,104.0,0,0
City Hotel,1,13,2016,December,51,17,1,1,2,0.0,0,SC,PRT,Online TA,TA/TO,0,0,0,A,A,0,No Deposit,9.0,0,Transient,88.0,0,0
City Hotel,1,2,2016,December,51,17,2,2,2,0.0,0,BB,MDV,Online TA,TA/TO,0,0,0,A,A,0,No Deposit,9.0,0,Transient,81.6,0,0
City Hotel,1,18,2016,December,51,17,2,2,2,0.0,0,SC,USA,Online TA,TA/TO,0,0,0,A,A,0,No Deposit,9.0,0,Transient,74.8,0,0
City Hotel,1,5,2016,December,51,17,2,3,2,0.0,0,SC,BRA,Direct,Direct,0,0,0,A,A,0,No Deposit,14.0,0,Transient,78.0,0,0
City Hotel,1,142,2016,December,51,17,2,4,2,0.0,0,BB,FIN,Online TA,TA/TO,0,0,0,A,A,0,No Deposit,9.0,0,Transient,85.0,0,0
City Hotel,1,257,2016,December,51,17,2,5,2,0.0,0,BB,CHE,Online TA,TA/TO,0,0,0,A,A,0,No Deposit,9.0,0,Transient,73.95,0,0
City Hotel,1,67,2016,December,51,17,2,6,2,0.0,0,SC,CHE,Online TA,TA/TO,0,0,0,A,A,0,No Deposit,9.0,0,Transient,74.8,0,1
City Hotel,1,93,2016,December,52,18,2,1,2,0.0,0,SC,GRC,Online TA,TA/TO,0,0,0,A,A,2,No Deposit,9.0,0,Transient,79.2,0,1
City Hotel,1,192,2016,December,52,18,2,1,2,0.0,0,BB,BRA,Online TA,TA/TO,0,0,0,A,A,0,No Deposit,9.0,0,Transient,90.0,0,1
City Hotel,1,103,2016,December,52,18,2,2,2,0.0,0,BB,FRA,Online TA,TA/TO,0,0,0,A,A,0,No Deposit,9.0,0,Transient,88.4,0,0
City Hotel,1,63,2016,December,52,18,4,5,2,0.0,0,BB,ARE,Online TA,TA/TO,0,0,0,A,A,0,No Deposit,9.0,0,Transient,88.4,0,2
City Hotel,1,6,2016,December,52,19,1,0,2,0.0,0,BB,DEU,Direct,Direct,0,0,0,A,A,1,No Deposit,14.0,0,Transient,88.0,0,0
City Hotel,1,26,2016,December,52,19,1,2,2,0.0,0,SC,CHN,Online TA,TA/TO,0,0,0,A,A,0,No Deposit,9.0,0,Transient,79.2,0,0
City Hotel,1,89,2016,December,52,19,1,2,2,0.0,0,BB,PRT,Offline TA/TO,TA/TO,0,0,0,A,D,0,No Deposit,28.0,0,Transient,75.0,0,0
City Hotel,1,21,2016,December,52,19,1,3,2,0.0,0,BB,FRA,Online TA,TA/TO,0,0,0,A,A,0,No Deposit,9.0,0,Transient,88.4,0,0
City Hotel,1,74,2016,December,52,19,1,3,2,0.0,0,SC,PRT,Online TA,TA/TO,0,0,0,A,A,2,No Deposit,9.0,0,Transient,74.8,0,0
City Hotel,1,72,2016,December,52,19,1,3,2,0.0,0,SC,FRA,Online TA,TA/TO,0,0,0,A,A,0,No Deposit,9.0,0,Transient,74.8,0,0
City Hotel,1,72,2016,December,52,19,1,3,2,0.0,0,SC,FRA,Online TA,TA/TO,0,0,0,A,A,0,No Deposit,9.0,0,Transient,74.8,0,0
City Hotel,1,22,2016,December,52,19,1,3,2,0.0,0,BB,POL,Online TA,TA/TO,0,0,0,A,A,0,No Deposit,9.0,0,Transient,88.4,0,2
City Hotel,1,105,2016,December,52,20,0,1,2,0.0,0,BB,PRT,Online TA,TA/TO,0,0,0,A,A,0,No Deposit,9.0,0,Transient,93.6,0,1
City Hotel,1,35,2016,December,52,20,0,2,2,0.0,0,BB,JPN,Online TA,TA/TO,0,0,0,A,A,0,No Deposit,9.0,0,Transient,93.6,0,0
City Hotel,1,35,2016,December,52,20,0,2,2,0.0,0,BB,JPN,Online TA,TA/TO,0,0,0,A,A,0,No Deposit,9.0,0,Transient,93.6,0,0
City Hotel,1,4,2016,December,52,20,0,4,2,0.0,0,SC,PRT,Online TA,TA/TO,0,0,0,A,A,0,No Deposit,9.0,0,Transient,67.58,0,2
City Hotel,1,10,2016,December,52,20,0,4,2,0.0,0,BB,ROU,Online TA,TA/TO,0,0,0,A,A,0,No Deposit,9.0,0,Transient,83.73,0,1
City Hotel,1,15,2016,December,52,20,2,5,2,0.0,0,BB,ROU,Online TA,TA/TO,0,0,0,A,A,0,No Deposit,9.0,0,Transient,88.4,0,0
City Hotel,1,90,2016,December,52,21,0,3,2,0.0,0,BB,IND,Online TA,TA/TO,0,0,0,A,A,0,No Deposit,9.0,0,Transient,93.6,0,1
City Hotel,1,279,2016,December,52,21,0,4,2,0.0,0,BB,ISR,Online TA,TA/TO,0,0,0,A,A,1,No Deposit,9.0,0,Transient,73.95,0,0
City Hotel,1,333,2016,December,52,21,0,4,2,0.0,0,BB,ESP,Online TA,TA/TO,0,0,0,A,A,0,No Deposit,9.0,0,Transient,73.95,0,0
City Hotel,1,26,2016,December,52,21,1,4,2,0.0,0,HB,PRT,Online TA,TA/TO,0,0,0,A,A,0,No Deposit,83.0,0,Transient,102.72,0,0
City Hotel,1,38,2016,December,52,21,1,4,2,0.0,0,HB,ESP,Online TA,TA/TO,0,0,0,A,A,0,No Deposit,9.0,0,Transient,120.7,0,1
City Hotel,1,36,2016,December,52,21,1,4,2,0.0,0,BB,ESP,Online TA,TA/TO,0,0,0,A,A,0,No Deposit,9.0,0,Transient,88.4,0,2
City Hotel,1,3,2016,December,52,21,1,4,2,0.0,0,BB,FRA,Online TA,TA/TO,0,0,0,A,A,0,No Deposit,9.0,0,Transient,82.88,0,0
City Hotel,1,36,2016,December,52,21,1,4,2,0.0,0,BB,ESP,Online TA,TA/TO,0,0,0,A,A,0,No Deposit,9.0,0,Transient,88.4,0,2
City Hotel,1,26,2016,December,52,21,1,4,2,0.0,0,HB,PRT,Online TA,TA/TO,0,0,0,A,A,0,No Deposit,83.0,0,Transient,102.72,0,0
City Hotel,1,75,2016,December,52,21,2,4,2,0.0,0,BB,ROU,Online TA,TA/TO,0,0,0,A,A,1,No Deposit,9.0,0,Transient,88.4,0,1
City Hotel,1,38,2016,December,52,21,1,4,2,0.0,0,HB,ESP,Online TA,TA/TO,0,0,0,A,A,0,No Deposit,9.0,0,Transient,120.7,0,1
City Hotel,1,84,2016,December,52,22,0,1,2,0.0,0,SC,USA,Online TA,TA/TO,0,0,0,A,A,0,No Deposit,9.0,0,Transient,79.2,0,0
City Hotel,1,531,2016,December,52,22,0,2,2,0.0,0,BB,PRT,Groups,TA/TO,0,0,0,A,A,0,Non Refund,1.0,0,Transient,62.8,0,0
City Hotel,1,531,2016,December,52,22,0,2,2,0.0,0,BB,PRT,Groups,TA/TO,0,0,0,A,A,0,Non Refund,1.0,0,Transient,62.8,0,0
City Hotel,1,531,2016,December,52,22,0,2,2,0.0,0,BB,PRT,Groups,TA/TO,0,0,0,A,A,0,Non Refund,1.0,0,Transient,62.8,0,0
City Hotel,1,531,2016,December,52,22,0,2,2,0.0,0,BB,PRT,Groups,TA/TO,0,0,0,A,A,0,Non Refund,1.0,0,Transient,62.8,0,0
City Hotel,1,531,2016,December,52,22,0,2,2,0.0,0,BB,PRT,Groups,TA/TO,0,0,0,A,A,0,Non Refund,1.0,0,Transient,62.8,0,0
City Hotel,1,531,2016,December,52,22,0,2,2,0.0,0,BB,PRT,Groups,TA/TO,0,0,0,A,A,0,Non Refund,1.0,0,Transient,62.8,0,0
City Hotel,1,531,2016,December,52,22,0,2,2,0.0,0,BB,PRT,Groups,TA/TO,0,0,0,A,A,0,Non Refund,1.0,0,Transient,62.8,0,0
City Hotel,1,531,2016,December,52,22,0,2,2,0.0,0,BB,PRT,Groups,TA/TO,0,0,0,A,A,0,Non Refund,1.0,0,Transient,62.8,0,0
City Hotel,1,0,2016,December,52,22,0,2,2,0.0,0,SC,BRA,Direct,Direct,0,0,0,A,A,0,No Deposit,14.0,0,Transient,80.0,0,0
City Hotel,1,531,2016,December,52,22,0,2,2,0.0,0,BB,PRT,Groups,TA/TO,0,0,0,A,A,0,Non Refund,1.0,0,Transient,62.8,0,0
City Hotel,1,531,2016,December,52,22,0,2,2,0.0,0,BB,PRT,Groups,TA/TO,0,0,0,A,A,0,Non Refund,1.0,0,Transient,62.8,0,0
City Hotel,1,531,2016,December,52,22,0,2,2,0.0,0,BB,PRT,Groups,TA/TO,0,0,0,A,A,0,Non Refund,1.0,0,Transient,62.8,0,0
City Hotel,1,531,2016,December,52,22,0,2,2,0.0,0,BB,PRT,Groups,TA/TO,0,0,0,A,A,0,Non Refund,1.0,0,Transient,62.8,0,0
City Hotel,1,531,2016,December,52,22,0,2,2,0.0,0,BB,PRT,Groups,TA/TO,0,0,0,A,A,0,Non Refund,1.0,0,Transient,62.8,0,0
City Hotel,1,531,2016,December,52,22,0,2,2,0.0,0,BB,PRT,Groups,TA/TO,0,0,0,A,A,0,Non Refund,1.0,0,Transient,62.8,0,0
City Hotel,1,68,2016,December,52,22,0,2,2,0.0,0,SC,BRA,Online TA,TA/TO,0,0,0,A,A,0,No Deposit,9.0,0,Transient,79.2,0,0
City Hotel,1,531,2016,December,52,22,0,2,2,0.0,0,BB,PRT,Groups,TA/TO,0,0,0,A,A,0,Non Refund,1.0,0,Transient,62.8,0,0
City Hotel,1,14,2016,December,52,22,0,3,2,0.0,0,SC,TUR,Online TA,TA/TO,0,0,0,A,A,0,No Deposit,9.0,0,Transient,84.67,0,0
City Hotel,1,1,2016,December,52,22,0,3,2,0.0,0,SC,PRT,Direct,Direct,0,0,0,A,A,0,No Deposit,14.0,0,Transient,80.0,0,0
City Hotel,1,112,2016,December,52,22,1,3,2,0.0,0,BB,FRA,Online TA,TA/TO,0,0,0,A,A,0,No Deposit,9.0,0,Transient,88.4,0,2
City Hotel,1,20,2016,December,52,22,1,3,2,0.0,0,SC,FRA,Online TA,TA/TO,0,0,0,A,A,0,No Deposit,9.0,0,Transient,74.8,0,1
City Hotel,1,20,2016,December,52,22,1,3,2,0.0,0,SC,FRA,Online TA,TA/TO,0,0,0,A,A,0,No Deposit,9.0,0,Transient,74.8,0,1
City Hotel,1,133,2016,December,52,22,2,4,2,0.0,0,SC,DZA,Online TA,TA/TO,0,0,0,A,A,2,No Deposit,9.0,0,Transient,74.8,0,2
City Hotel,1,288,2016,December,52,22,2,5,2,0.0,0,BB,BRA,Online TA,TA/TO,0,0,0,B,B,1,No Deposit,9.0,0,Transient-Party,67.25,0,0
City Hotel,1,288,2016,December,52,22,2,5,2,0.0,0,BB,BRA,Online TA,TA/TO,0,0,0,B,B,0,No Deposit,9.0,0,Transient-Party,67.26,0,0
City Hotel,1,61,2016,December,52,22,2,5,2,0.0,0,BB,DEU,Online TA,TA/TO,0,0,0,D,D,0,No Deposit,9.0,0,Transient,96.9,0,4
City Hotel,1,78,2016,December,52,22,2,5,2,0.0,0,BB,PRT,Online TA,TA/TO,0,0,0,D,D,0,No Deposit,7.0,0,Transient,70.88,0,1
City Hotel,1,61,2016,December,52,22,2,5,2,0.0,0,BB,DEU,Online TA,TA/TO,0,0,0,A,A,0,No Deposit,9.0,0,Transient,88.4,0,4
City Hotel,1,61,2016,December,52,22,2,3,2,0.0,0,SC,AUT,Online TA,TA/TO,0,0,0,A,A,2,No Deposit,9.0,0,Transient,74.8,0,1
City Hotel,1,89,2016,December,52,22,2,3,2,0.0,0,SC,USA,Online TA,TA/TO,0,0,0,A,A,0,No Deposit,9.0,0,Transient,74.8,0,1
City Hotel,1,94,2016,December,52,23,0,1,2,0.0,0,SC,ITA,Online TA,TA/TO,0,0,0,A,A,0,No Deposit,9.0,0,Transient,79.2,0,1
City Hotel,1,18,2016,December,52,23,0,1,2,0.0,0,BB,PRT,Online TA,TA/TO,0,0,0,A,A,0,No Deposit,9.0,0,Transient,104.0,0,0
City Hotel,1,82,2016,December,52,23,0,1,2,0.0,0,BB,PRT,Online TA,TA/TO,0,0,0,A,A,0,No Deposit,9.0,0,Transient,93.6,0,1
City Hotel,1,59,2016,December,52,23,0,2,2,0.0,0,BB,GBR,Online TA,TA/TO,0,0,0,A,A,0,No Deposit,9.0,0,Transient,93.6,0,0
City Hotel,1,342,2016,December,52,23,1,2,2,0.0,0,HB,DEU,Direct,Direct,0,0,0,A,A,1,No Deposit,14.0,0,Transient,103.5,0,0
City Hotel,1,381,2016,December,52,23,1,2,2,0.0,0,BB,DEU,Online TA,TA/TO,0,0,0,B,B,1,No Deposit,9.0,0,Transient,78.55,0,1
City Hotel,1,25,2016,December,52,23,1,2,2,0.0,0,BB,ESP,Online TA,TA/TO,0,0,0,A,A,0,No Deposit,9.0,0,Transient,104.0,0,0
City Hotel,1,199,2016,December,52,23,2,2,2,0.0,0,SC,ESP,Online TA,TA/TO,0,0,0,A,A,0,No Deposit,9.0,0,Transient,74.8,0,1
City Hotel,1,199,2016,December,52,23,2,2,2,0.0,0,SC,ESP,Online TA,TA/TO,0,0,0,A,A,0,No Deposit,9.0,0,Transient,74.8,0,1
City Hotel,1,60,2016,December,52,23,2,2,2,0.0,0,SC,ESP,Online TA,TA/TO,0,0,0,A,A,0,No Deposit,9.0,0,Transient,74.8,0,0
City Hotel,1,332,2016,December,52,23,2,4,2,0.0,0,SC,BRA,Online TA,TA/TO,0,0,0,A,A,1,No Deposit,9.0,0,Transient,63.75,0,3
City Hotel,1,278,2016,December,52,23,2,5,2,0.0,0,BB,CZE,Online TA,TA/TO,0,0,0,A,A,0,No Deposit,9.0,0,Transient,73.95,0,0
City Hotel,1,267,2016,December,52,23,2,7,2,0.0,0,BB,BEL,Online TA,TA/TO,0,0,0,A,A,0,No Deposit,9.0,0,Transient,77.73,0,0
City Hotel,1,351,2016,December,52,23,3,7,2,0.0,0,BB,DNK,Online TA,TA/TO,0,0,0,D,D,0,No Deposit,9.0,0,Transient,85.85,0,3
City Hotel,1,126,2016,December,52,24,0,1,2,0.0,0,HB,ESP,Online TA,TA/TO,0,0,0,D,D,0,No Deposit,9.0,0,Transient,136.8,0,2
City Hotel,1,113,2016,December,52,24,1,1,2,0.0,0,SC,ESP,Direct,Direct,0,0,0,A,A,0,No Deposit,14.0,0,Transient,121.75,0,1
City Hotel,1,119,2016,December,52,24,1,1,2,0.0,0,BB,GBR,Online TA,TA/TO,0,0,0,D,D,0,No Deposit,9.0,0,Transient,102.6,0,0
City Hotel,1,117,2016,December,52,24,1,1,2,0.0,0,HB,ESP,Online TA,TA/TO,0,0,0,A,A,0,No Deposit,9.0,0,Transient,127.8,0,1
City Hotel,1,32,2016,December,52,24,1,1,2,0.0,0,SC,CHN,Online TA,TA/TO,0,0,0,A,A,0,No Deposit,9.0,0,Transient,79.2,0,0
City Hotel,1,69,2016,December,52,24,2,1,2,0.0,0,BB,ARE,Online TA,TA/TO,0,0,0,A,A,0,No Deposit,9.0,0,Transient,93.6,0,2
City Hotel,1,349,2016,December,52,24,2,1,2,0.0,0,BB,BRA,Online TA,TA/TO,0,0,0,A,A,0,No Deposit,9.0,0,Transient,78.3,0,0
City Hotel,1,18,2016,December,52,24,2,1,2,0.0,0,BB,PRT,Offline TA/TO,TA/TO,0,0,0,A,A,0,No Deposit,85.0,0,Transient,80.0,0,0
City Hotel,1,54,2016,December,52,24,2,2,2,0.0,0,BB,DEU,Online TA,TA/TO,0,0,0,A,A,0,No Deposit,9.0,0,Transient,88.4,0,1
City Hotel,1,108,2016,December,52,24,2,3,2,0.0,0,SC,BRA,Online TA,TA/TO,0,0,0,A,A,0,No Deposit,9.0,0,Transient,97.0,0,1
City Hotel,1,95,2016,December,52,24,2,4,2,0.0,0,SC,PRT,Online TA,TA/TO,0,0,0,A,A,0,No Deposit,9.0,0,Transient,80.61,0,1
City Hotel,1,200,2016,December,52,24,2,5,2,0.0,0,HB,FIN,Online TA,TA/TO,0,0,0,D,D,0,No Deposit,9.0,0,Transient,130.05,0,0
City Hotel,1,122,2016,December,52,24,2,5,2,0.0,0,BB,PRT,Online TA,TA/TO,0,0,0,D,D,0,No Deposit,7.0,0,Transient,77.44,0,1
City Hotel,1,25,2016,December,53,25,2,0,2,0.0,0,HB,FIN,Online TA,TA/TO,0,0,0,D,D,0,No Deposit,9.0,0,Transient,152.0,0,0
City Hotel,1,20,2016,December,53,25,2,0,2,0.0,0,SC,USA,Online TA,TA/TO,0,0,0,A,A,0,No Deposit,9.0,0,Transient,88.0,0,2
City Hotel,1,45,2016,December,53,25,2,1,2,0.0,0,BB,AUT,Online TA,TA/TO,0,0,0,A,A,0,No Deposit,9.0,0,Transient,93.6,0,1
City Hotel,1,34,2016,December,53,25,2,2,2,0.0,0,BB,FRA,Online TA,TA/TO,0,0,0,A,A,0,No Deposit,9.0,0,Transient,95.2,0,0
City Hotel,1,34,2016,December,53,25,2,2,2,0.0,0,BB,FRA,Online TA,TA/TO,0,0,0,A,A,0,No Deposit,9.0,0,Transient,95.2,0,0
City Hotel,1,288,2016,December,53,25,2,4,2,0.0,0,SC,NLD,Online TA,TA/TO,0,0,0,A,A,0,No Deposit,9.0,0,Transient,66.58,0,0
City Hotel,1,224,2016,December,53,25,2,5,2,0.0,0,SC,BRA,Online TA,TA/TO,0,0,0,A,A,0,No Deposit,9.0,0,Transient,68.61,0,0
City Hotel,1,257,2016,December,53,25,2,5,2,0.0,0,BB,MAR,Online TA,TA/TO,0,0,0,A,A,0,No Deposit,9.0,0,Transient,78.81,0,2
City Hotel,1,293,2016,December,53,25,4,6,2,0.0,0,SC,BRA,Online TA,TA/TO,0,0,0,A,A,0,No Deposit,9.0,0,Transient,68.17,0,0
City Hotel,1,21,2016,December,53,26,1,0,2,0.0,0,HB,PRT,Direct,Direct,0,0,0,A,A,0,No Deposit,,0,Transient,138.0,0,2
City Hotel,1,131,2016,December,53,26,1,0,2,0.0,0,BB,SWE,Online TA,TA/TO,0,0,0,D,D,0,No Deposit,9.0,0,Transient,103.5,0,0
City Hotel,1,294,2016,December,53,26,1,0,2,0.0,0,HB,ESP,Online TA,TA/TO,0,0,0,A,A,0,No Deposit,9.0,0,Transient,112.5,0,0
City Hotel,1,125,2016,December,53,26,1,1,2,0.0,0,SC,ESP,Online TA,TA/TO,0,0,0,A,A,0,No Deposit,9.0,0,Transient,79.2,0,1
City Hotel,1,80,2016,December,53,26,1,2,2,0.0,0,BB,ITA,Online TA,TA/TO,0,0,0,D,D,0,No Deposit,9.0,0,Transient,102.6,0,0
City Hotel,1,102,2016,December,53,26,1,3,2,0.0,0,BB,ESP,Online TA,TA/TO,0,0,0,B,B,3,No Deposit,9.0,0,Transient-Party,110.34,0,0
City Hotel,1,260,2016,December,53,26,1,3,2,0.0,0,BB,ESP,Online TA,TA/TO,0,0,0,A,A,0,No Deposit,9.0,0,Transient,73.95,0,0
City Hotel,1,167,2016,December,53,26,1,3,2,0.0,0,BB,ITA,Online TA,TA/TO,0,0,0,D,D,0,No Deposit,9.0,0,Transient,97.75,0,0
City Hotel,1,79,2016,December,53,26,1,3,2,0.0,0,BB,ITA,Online TA,TA/TO,0,0,0,D,D,0,No Deposit,9.0,0,Transient,105.61,0,0
City Hotel,1,13,2016,December,53,26,1,3,2,0.0,0,BB,PRT,Online TA,TA/TO,0,0,0,D,D,0,No Deposit,9.0,0,Transient,119.0,0,0
City Hotel,1,263,2016,December,53,26,1,3,2,0.0,0,SC,PRT,Online TA,TA/TO,0,0,0,A,A,0,No Deposit,8.0,0,Transient,63.75,0,0
City Hotel,1,161,2016,December,53,26,1,3,2,0.0,0,HB,ITA,Online TA,TA/TO,0,0,0,D,D,0,No Deposit,9.0,0,Transient,130.05,0,0
City Hotel,1,12,2016,December,53,26,1,3,2,0.0,0,BB,PRT,Online TA,TA/TO,0,0,0,D,D,0,No Deposit,7.0,0,Transient,91.63,0,0
City Hotel,1,247,2016,December,53,26,1,3,2,0.0,0,BB,ESP,Online TA,TA/TO,0,0,0,A,A,0,No Deposit,9.0,0,Transient,73.95,0,0
City Hotel,1,36,2016,December,53,26,1,3,2,0.0,0,BB,ESP,Online TA,TA/TO,0,0,0,A,A,0,No Deposit,9.0,0,Transient,102.0,0,0
City Hotel,1,57,2016,December,53,26,1,3,2,0.0,0,SC,ESP,Online TA,TA/TO,0,0,0,A,A,0,No Deposit,9.0,0,Transient,88.4,0,0
City Hotel,1,266,2016,December,53,26,1,3,2,0.0,0,BB,ESP,Online TA,TA/TO,0,0,0,A,A,0,No Deposit,9.0,0,Transient,73.95,0,0
City Hotel,1,192,2016,December,53,26,1,3,2,0.0,0,BB,ESP,Direct,Direct,0,0,0,D,D,4,No Deposit,14.0,0,Transient,93.39,0,0
City Hotel,1,238,2016,December,53,26,1,3,2,0.0,0,BB,PRT,Online TA,TA/TO,0,0,0,A,A,0,No Deposit,7.0,0,Transient,54.09,0,0
City Hotel,1,262,2016,December,53,26,1,3,2,0.0,0,SC,ESP,Online TA,TA/TO,0,0,0,A,A,0,No Deposit,9.0,0,Transient,63.75,0,0
City Hotel,1,266,2016,December,53,26,1,3,2,0.0,0,BB,ESP,Online TA,TA/TO,0,0,0,A,A,0,No Deposit,9.0,0,Transient,73.95,0,0
City Hotel,1,83,2016,December,53,26,1,3,2,0.0,0,BB,ESP,Online TA,TA/TO,0,0,0,D,D,0,No Deposit,9.0,0,Transient,105.61,0,1
City Hotel,1,136,2016,December,53,26,1,3,2,0.0,0,HB,ESP,Online TA,TA/TO,0,0,0,D,D,0,No Deposit,9.0,0,Transient,138.76,0,1
City Hotel,1,56,2016,December,53,26,1,3,2,0.0,0,SC,ESP,Online TA,TA/TO,0,0,0,A,A,0,No Deposit,9.0,0,Transient,88.4,0,0
City Hotel,1,83,2016,December,53,26,1,3,2,0.0,0,BB,ESP,Online TA,TA/TO,0,0,0,D,D,0,No Deposit,9.0,0,Transient,105.61,0,1
City Hotel,1,262,2016,December,53,26,1,3,2,0.0,0,BB,ESP,Online TA,TA/TO,0,0,0,A,A,0,No Deposit,9.0,0,Transient,73.95,0,0
City Hotel,1,265,2016,December,53,26,1,3,2,0.0,0,BB,ESP,Online TA,TA/TO,0,0,0,A,A,0,No Deposit,9.0,0,Transient,73.95,0,0
City Hotel,1,79,2016,December,53,26,1,3,2,0.0,0,HB,ITA,Online TA,TA/TO,0,0,0,D,D,0,No Deposit,9.0,0,Transient,137.91,0,0
City Hotel,1,266,2016,December,53,26,1,3,2,0.0,0,BB,ESP,Online TA,TA/TO,0,0,0,A,A,0,No Deposit,9.0,0,Transient,73.95,0,0
City Hotel,1,109,2016,December,53,26,1,3,2,0.0,0,BB,ITA,Online TA,TA/TO,0,0,0,A,A,0,No Deposit,9.0,0,Transient,114.25,0,0
City Hotel,1,78,2016,December,53,26,1,3,2,0.0,0,BB,DEU,Online TA,TA/TO,0,0,0,D,D,0,No Deposit,9.0,0,Transient,105.61,0,0
City Hotel,1,36,2016,December,53,26,1,3,2,0.0,0,BB,ESP,Online TA,TA/TO,0,0,0,A,A,0,No Deposit,9.0,0,Transient,102.0,0,0
City Hotel,1,257,2016,December,53,26,1,4,2,0.0,0,SC,ESP,Online TA,TA/TO,0,0,0,A,A,0,No Deposit,9.0,0,Transient,67.15,0,1
City Hotel,1,108,2016,December,53,26,1,4,2,0.0,0,HB,ESP,Online TA,TA/TO,0,0,0,A,A,0,No Deposit,9.0,0,Transient,158.4,0,1
City Hotel,1,100,2016,December,53,26,1,4,2,0.0,0,SC,ITA,Online TA,TA/TO,0,0,0,A,A,0,No Deposit,9.0,0,Transient,88.74,0,0
City Hotel,1,100,2016,December,53,26,1,4,2,0.0,0,BB,ITA,Online TA,TA/TO,0,0,0,A,A,0,No Deposit,9.0,0,Transient,102.34,0,0
City Hotel,1,45,2016,December,53,26,1,4,2,0.0,0,BB,ESP,Online TA,TA/TO,0,0,0,A,A,0,No Deposit,9.0,0,Transient,104.72,0,2
City Hotel,1,90,2016,December,53,26,1,4,2,0.0,0,SC,FRA,Online TA,TA/TO,0,0,0,A,A,0,No Deposit,9.0,0,Transient,88.74,0,0
City Hotel,1,66,2016,December,53,26,1,4,2,0.0,0,BB,ESP,Online TA,TA/TO,0,0,0,D,D,0,No Deposit,9.0,0,Transient,110.84,0,0
City Hotel,1,261,2016,December,53,26,1,5,2,0.0,0,BB,BRA,Online TA,TA/TO,0,0,0,A,A,0,No Deposit,9.0,0,Transient,79.62,0,1
City Hotel,1,281,2016,December,53,26,1,5,2,0.0,0,BB,FRA,Online TA,TA/TO,0,0,0,A,A,0,No Deposit,9.0,0,Transient,79.62,0,2
City Hotel,1,223,2016,December,53,26,2,5,2,0.0,0,BB,USA,Direct,Direct,0,0,0,A,A,0,No Deposit,14.0,0,Transient,69.09,0,0
City Hotel,1,355,2016,December,53,26,2,5,2,0.0,0,BB,JEY,Online TA,TA/TO,0,0,0,D,D,0,No Deposit,9.0,0,Transient,87.31,0,0
City Hotel,1,271,2016,December,53,26,2,5,2,0.0,0,HB,DEU,Online TA,TA/TO,0,0,0,D,D,0,No Deposit,9.0,0,Transient,144.63,0,1
City Hotel,1,223,2016,December,53,26,2,5,2,0.0,0,BB,USA,Direct,Direct,0,0,0,A,A,0,No Deposit,14.0,0,Transient,69.09,0,0
City Hotel,1,314,2016,December,53,26,3,6,2,0.0,0,SC,BRA,Online TA,TA/TO,0,0,0,A,A,0,No Deposit,9.0,0,Transient,68.66,0,0
City Hotel,1,314,2016,December,53,26,3,6,2,0.0,0,SC,BRA,Online TA,TA/TO,0,0,0,A,A,0,No Deposit,9.0,0,Transient,68.66,0,0
City Hotel,1,314,2016,December,53,26,3,6,2,0.0,0,SC,BRA,Online TA,TA/TO,0,0,0,A,A,0,No Deposit,9.0,0,Transient,68.66,0,0
City Hotel,1,261,2016,December,53,26,3,7,2,0.0,0,SC,BRA,Online TA,TA/TO,0,0,0,A,A,0,No Deposit,9.0,0,Transient,68.51,0,0
City Hotel,1,261,2016,December,53,26,3,7,2,0.0,0,SC,BRA,Online TA,TA/TO,0,0,0,A,A,0,No Deposit,9.0,0,Transient,68.51,0,0
City Hotel,1,15,2016,December,53,27,0,1,2,0.0,0,BB,PRT,Groups,TA/TO,0,0,0,A,A,0,No Deposit,,0,Transient-Party,65.0,0,0
City Hotel,1,15,2016,December,53,27,0,1,2,0.0,0,BB,PRT,Groups,TA/TO,0,0,0,A,A,0,No Deposit,,0,Transient-Party,65.0,0,0
City Hotel,1,72,2016,December,53,27,0,1,2,0.0,0,SC,ESP,Online TA,TA/TO,0,0,0,A,A,1,No Deposit,9.0,0,Transient,79.2,0,2
City Hotel,1,15,2016,December,53,27,0,1,2,0.0,0,BB,PRT,Groups,TA/TO,0,0,0,A,A,0,No Deposit,,0,Transient-Party,65.0,0,0
City Hotel,1,56,2016,December,53,27,0,3,2,0.0,0,SC,GBR,Online TA,TA/TO,0,0,0,A,A,0,No Deposit,9.0,0,Transient,98.4,0,1
City Hotel,1,303,2016,December,53,27,0,3,2,0.0,0,BB,DEU,Online TA,TA/TO,0,0,0,D,D,0,No Deposit,9.0,0,Transient,91.8,0,0
City Hotel,1,113,2016,December,53,27,0,3,2,0.0,0,BB,NLD,Online TA,TA/TO,0,0,0,D,D,0,No Deposit,9.0,0,Transient,114.9,0,0
City Hotel,1,37,2016,December,53,27,0,4,2,0.0,0,BB,BRA,Online TA,TA/TO,0,0,0,A,A,0,No Deposit,9.0,0,Transient,108.8,0,1
City Hotel,1,37,2016,December,53,27,0,4,2,0.0,0,BB,BRA,Online TA,TA/TO,0,0,0,A,A,0,No Deposit,9.0,0,Transient,108.8,0,1
City Hotel,1,213,2016,December,53,27,0,4,2,0.0,0,SC,LUX,Online TA,TA/TO,0,0,0,A,A,0,No Deposit,9.0,0,Transient,79.48,0,1
City Hotel,1,248,2016,December,53,27,0,5,2,0.0,0,SC,FRA,Online TA,TA/TO,0,0,0,A,A,0,No Deposit,9.0,0,Transient,70.55,0,0
City Hotel,1,41,2016,December,53,27,1,5,2,0.0,0,BB,PRT,Offline TA/TO,TA/TO,0,0,0,A,A,1,No Deposit,220.0,0,Transient-Party,70.0,0,0
City Hotel,1,196,2016,December,53,27,1,5,2,0.0,0,BB,GBR,Online TA,TA/TO,0,0,0,D,D,0,No Deposit,9.0,0,Transient,101.15,0,0
City Hotel,1,41,2016,December,53,27,2,5,2,0.0,0,BB,PRT,Groups,TA/TO,0,0,0,A,E,0,No Deposit,,0,Transient-Party,69.29,0,0
City Hotel,1,245,2016,December,53,27,2,5,2,0.0,0,BB,GBR,Online TA,TA/TO,0,0,0,A,A,0,No Deposit,7.0,0,Transient,58.36,0,1
City Hotel,1,242,2016,December,53,27,2,5,2,0.0,0,BB,PRT,Online TA,TA/TO,0,0,0,A,A,0,No Deposit,7.0,0,Transient,58.36,0,1
City Hotel,1,41,2016,December,53,27,2,5,2,0.0,0,BB,PRT,Groups,TA/TO,0,0,0,A,A,0,No Deposit,,0,Transient-Party,69.29,0,0
City Hotel,1,41,2016,December,53,27,2,5,2,0.0,0,BB,PRT,Groups,TA/TO,0,0,0,A,A,0,No Deposit,,0,Transient-Party,69.29,0,0
City Hotel,1,41,2016,December,53,27,2,5,2,0.0,0,BB,PRT,Groups,TA/TO,0,0,0,A,A,0,No Deposit,,0,Transient-Party,69.29,0,0
City Hotel,1,41,2016,December,53,27,2,5,2,0.0,0,BB,PRT,Groups,TA/TO,0,0,0,A,A,0,No Deposit,,0,Transient-Party,69.29,0,0
City Hotel,1,41,2016,December,53,27,2,5,2,0.0,0,BB,PRT,Groups,TA/TO,0,0,0,A,A,0,No Deposit,,0,Transient-Party,69.29,0,0
City Hotel,1,246,2016,December,53,27,2,5,2,0.0,0,BB,PRT,Online TA,TA/TO,0,0,0,A,A,2,No Deposit,7.0,0,Transient,58.36,0,1
City Hotel,1,32,2016,December,53,27,2,5,2,0.0,0,BB,PRT,Groups,TA/TO,0,0,0,A,A,0,No Deposit,,0,Transient-Party,12.0,0,0
City Hotel,1,41,2016,December,53,27,2,5,2,0.0,0,BB,PRT,Groups,TA/TO,0,0,0,A,A,0,No Deposit,,0,Transient-Party,69.29,0,0
City Hotel,1,41,2016,December,53,27,2,5,2,0.0,0,BB,PRT,Groups,TA/TO,0,0,0,A,A,0,No Deposit,,0,Transient-Party,69.29,0,0
City Hotel,1,245,2016,December,53,27,2,5,2,0.0,0,BB,PRT,Online TA,TA/TO,0,0,0,A,A,0,No Deposit,7.0,0,Transient,58.36,0,1
City Hotel,1,41,2016,December,53,27,2,5,2,0.0,0,BB,PRT,Groups,TA/TO,0,0,0,A,A,0,No Deposit,,0,Transient-Party,69.29,0,0
City Hotel,1,41,2016,December,53,27,2,5,2,0.0,0,BB,PRT,Groups,TA/TO,0,0,0,A,E,0,No Deposit,,0,Transient-Party,69.29,0,0
City Hotel,1,113,2016,December,53,27,2,5,2,0.0,0,BB,FRA,Online TA,TA/TO,0,0,0,D,D,0,No Deposit,9.0,0,Transient,113.05,0,2
City Hotel,1,41,2016,December,53,27,2,5,2,0.0,0,BB,PRT,Groups,TA/TO,0,0,0,A,A,0,No Deposit,,0,Transient-Party,69.29,0,0
City Hotel,1,246,2016,December,53,27,2,5,2,0.0,0,BB,PRT,Online TA,TA/TO,0,0,0,A,A,0,No Deposit,7.0,0,Transient,58.36,0,1
City Hotel,1,41,2016,December,53,27,2,5,2,0.0,0,BB,PRT,Groups,TA/TO,0,0,0,A,A,0,No Deposit,,0,Transient-Party,69.29,0,0
City Hotel,1,41,2016,December,53,27,2,5,2,0.0,0,BB,PRT,Groups,TA/TO,0,0,0,A,A,0,No Deposit,,0,Transient-Party,69.29,0,0
City Hotel,1,41,2016,December,53,27,2,5,2,0.0,0,BB,PRT,Groups,TA/TO,0,0,0,A,A,0,No Deposit,,0,Transient-Party,69.29,0,0
City Hotel,1,41,2016,December,53,27,2,5,2,0.0,0,BB,PRT,Groups,TA/TO,0,0,0,A,A,0,No Deposit,,0,Transient-Party,69.29,0,0
City Hotel,1,41,2016,December,53,27,2,5,2,0.0,0,BB,PRT,Groups,TA/TO,0,0,0,A,A,0,No Deposit,,0,Transient-Party,69.29,0,0
City Hotel,1,41,2016,December,53,27,2,5,2,0.0,0,BB,PRT,Groups,TA/TO,0,0,0,A,A,0,No Deposit,,0,Transient-Party,69.29,0,0
City Hotel,1,239,2016,December,53,27,2,10,2,0.0,0,BB,MEX,Online TA,TA/TO,0,0,0,A,A,0,No Deposit,9.0,0,Transient,78.77,0,0
City Hotel,1,14,2016,December,53,28,0,1,2,0.0,0,BB,PRT,Online TA,TA/TO,0,0,0,A,A,0,No Deposit,9.0,0,Transient,138.0,0,1
City Hotel,1,135,2016,December,53,28,0,1,2,0.0,0,SC,ESP,Online TA,TA/TO,0,0,0,A,A,0,No Deposit,9.0,0,Transient,79.2,0,2
City Hotel,1,37,2016,December,53,28,0,3,2,0.0,0,SC,FRA,Online TA,TA/TO,0,0,0,A,A,0,No Deposit,9.0,0,Transient,120.0,0,0
City Hotel,1,372,2016,December,53,28,0,3,2,0.0,0,BB,FRA,Online TA,TA/TO,0,0,0,A,A,0,No Deposit,9.0,0,Transient,93.3,0,0
City Hotel,1,12,2016,December,53,28,0,4,2,0.0,0,BB,NLD,Online TA,TA/TO,0,0,0,D,D,0,No Deposit,9.0,0,Transient,125.8,0,2
City Hotel,1,12,2016,December,53,28,0,4,2,0.0,0,BB,BEL,Online TA,TA/TO,0,0,0,D,D,0,No Deposit,9.0,0,Transient,125.8,0,1
City Hotel,1,37,2016,December,53,28,0,3,2,0.0,0,SC,FRA,Online TA,TA/TO,0,0,0,A,A,0,No Deposit,9.0,0,Transient,120.0,0,0
City Hotel,1,346,2016,December,53,28,0,4,2,0.0,0,SC,GBR,Online TA,TA/TO,0,0,0,A,A,0,No Deposit,9.0,0,Transient,72.25,0,0
City Hotel,1,21,2016,December,53,28,0,4,2,0.0,0,BB,HUN,Online TA,TA/TO,0,0,0,D,D,0,No Deposit,9.0,0,Transient,129.58,0,0
City Hotel,1,9,2016,December,53,28,0,4,2,0.0,0,SC,NLD,Online TA,TA/TO,0,0,0,A,A,0,No Deposit,9.0,0,Transient,95.2,0,1
City Hotel,1,275,2016,December,53,28,0,4,2,0.0,0,SC,AUT,Online TA,TA/TO,0,0,0,A,A,0,No Deposit,9.0,0,Transient,72.25,0,0
City Hotel,1,346,2016,December,53,28,0,4,2,0.0,0,SC,GBR,Online TA,TA/TO,0,0,0,A,A,0,No Deposit,9.0,0,Transient,72.25,0,0
City Hotel,1,15,2016,December,53,28,0,4,2,0.0,0,BB,FRA,Online TA,TA/TO,0,0,0,A,A,0,No Deposit,9.0,0,Transient,117.3,0,1
City Hotel,1,193,2016,December,53,28,0,4,2,0.0,0,BB,FRA,Online TA,TA/TO,0,0,0,D,D,0,No Deposit,9.0,0,Transient,102.85,0,1
City Hotel,1,12,2016,December,53,28,0,4,2,0.0,0,BB,BEL,Online TA,TA/TO,0,0,0,D,D,0,No Deposit,9.0,0,Transient,125.8,0,1
City Hotel,1,199,2016,December,53,28,0,4,2,0.0,0,BB,FRA,Online TA,TA/TO,0,0,0,D,D,1,No Deposit,9.0,0,Transient,102.85,0,0
City Hotel,1,9,2016,December,53,28,0,4,2,0.0,0,SC,NLD,Online TA,TA/TO,0,0,0,A,A,0,No Deposit,9.0,0,Transient,95.2,0,1
City Hotel,1,16,2016,December,53,28,2,4,2,0.0,0,BB,PRT,Groups,TA/TO,0,0,0,A,A,0,Non Refund,3.0,0,Transient,76.67,0,0
City Hotel,1,16,2016,December,53,28,2,4,2,0.0,0,BB,PRT,Groups,TA/TO,0,0,0,A,A,0,Non Refund,3.0,0,Transient,76.67,0,0
City Hotel,1,16,2016,December,53,28,2,4,2,0.0,0,BB,PRT,Groups,TA/TO,0,0,0,A,A,0,Non Refund,3.0,0,Transient,76.67,0,0
City Hotel,1,16,2016,December,53,28,2,4,2,0.0,0,BB,PRT,Groups,TA/TO,0,0,0,A,A,0,Non Refund,3.0,0,Transient,76.67,0,0
City Hotel,1,16,2016,December,53,28,2,4,2,0.0,0,BB,PRT,Groups,TA/TO,0,0,0,A,A,0,Non Refund,3.0,0,Transient,76.67,0,0
City Hotel,1,16,2016,December,53,28,2,4,2,0.0,0,BB,PRT,Groups,TA/TO,0,0,0,A,A,0,Non Refund,3.0,0,Transient,76.67,0,0
City Hotel,1,16,2016,December,53,28,2,4,2,0.0,0,BB,PRT,Groups,TA/TO,0,0,0,A,A,0,Non Refund,3.0,0,Transient,76.67,0,0
City Hotel,1,16,2016,December,53,28,2,4,2,0.0,0,BB,PRT,Groups,TA/TO,0,0,0,A,A,0,Non Refund,3.0,0,Transient,76.67,0,0
City Hotel,1,16,2016,December,53,28,2,4,2,0.0,0,BB,PRT,Groups,TA/TO,0,0,0,A,A,0,Non Refund,3.0,0,Transient,76.67,0,0
City Hotel,1,289,2016,December,53,28,2,4,2,0.0,0,SC,FRA,Online TA,TA/TO,0,0,0,A,A,0,No Deposit,9.0,0,Transient,70.55,0,2
City Hotel,1,16,2016,December,53,28,2,4,2,0.0,0,BB,PRT,Groups,TA/TO,0,0,0,A,A,0,Non Refund,3.0,0,Transient,76.67,0,0
City Hotel,1,16,2016,December,53,28,2,4,2,0.0,0,BB,PRT,Groups,TA/TO,0,0,0,A,A,0,Non Refund,3.0,0,Transient,76.67,0,0
City Hotel,1,16,2016,December,53,28,2,4,2,0.0,0,BB,PRT,Groups,TA/TO,0,0,0,A,A,0,Non Refund,3.0,0,Transient,76.67,0,0
City Hotel,1,16,2016,December,53,28,2,4,2,0.0,0,BB,PRT,Groups,TA/TO,0,0,0,A,A,0,Non Refund,3.0,0,Transient,76.67,0,0
City Hotel,1,276,2016,December,53,28,1,4,2,0.0,0,BB,NOR,Online TA,TA/TO,0,0,0,A,A,0,No Deposit,9.0,0,Transient,81.43,0,0
City Hotel,1,149,2016,December,53,28,1,4,2,0.0,0,BB,PRT,Online TA,TA/TO,0,0,0,G,G,0,No Deposit,8.0,0,Transient,178.67,0,1
City Hotel,1,92,2016,December,53,28,2,4,2,0.0,0,BB,PRT,Groups,TA/TO,0,0,0,A,A,0,Non Refund,3.0,76,Transient,76.67,0,0
City Hotel,1,16,2016,December,53,28,2,4,2,0.0,0,BB,PRT,Groups,TA/TO,0,0,0,A,A,0,Non Refund,3.0,0,Transient,76.67,0,0
City Hotel,1,199,2016,December,53,28,2,4,2,0.0,0,BB,PRT,Online TA,TA/TO,0,0,0,D,D,0,No Deposit,7.0,0,Transient,77.89,0,0
City Hotel,1,16,2016,December,53,28,2,4,2,0.0,0,BB,PRT,Groups,TA/TO,0,0,0,A,A,0,Non Refund,3.0,0,Transient,76.67,0,0
City Hotel,1,16,2016,December,53,28,2,4,2,0.0,0,BB,PRT,Groups,TA/TO,0,0,0,A,A,0,Non Refund,3.0,0,Transient,76.67,0,0
City Hotel,1,16,2016,December,53,28,2,4,2,0.0,0,BB,PRT,Groups,TA/TO,0,0,0,A,A,0,Non Refund,3.0,0,Transient,76.67,0,0
City Hotel,1,16,2016,December,53,28,2,4,2,0.0,0,BB,PRT,Groups,TA/TO,0,0,0,A,A,0,Non Refund,3.0,0,Transient,76.67,0,0
City Hotel,1,16,2016,December,53,28,2,4,2,0.0,0,BB,PRT,Groups,TA/TO,0,0,0,A,A,0,Non Refund,3.0,0,Transient,76.67,0,0
City Hotel,1,237,2016,December,53,28,2,5,2,0.0,0,BB,USA,Online TA,TA/TO,0,0,0,A,A,1,No Deposit,9.0,0,Transient,95.56,0,0
City Hotel,1,252,2016,December,53,28,2,7,2,0.0,0,SC,RUS,Online TA,TA/TO,0,0,0,A,A,0,No Deposit,9.0,0,Transient,69.42,0,1
City Hotel,1,22,2016,December,53,28,4,10,2,0.0,0,BB,RUS,Online TA,TA/TO,0,0,0,D,D,0,No Deposit,9.0,0,Transient,126.04,0,1
City Hotel,1,15,2016,December,53,28,2,5,2,0.0,0,SC,ITA,Online TA,TA/TO,0,0,0,A,A,0,No Deposit,9.0,0,Transient,98.11,0,2
City Hotel,1,538,2016,December,53,29,0,2,2,0.0,0,BB,PRT,Groups,TA/TO,0,0,0,A,A,0,Non Refund,1.0,0,Transient,62.8,0,0
City Hotel,1,538,2016,December,53,29,0,2,2,0.0,0,BB,PRT,Groups,TA/TO,0,0,0,A,A,0,Non Refund,1.0,0,Transient,62.8,0,0
City Hotel,1,538,2016,December,53,29,0,2,2,0.0,0,BB,PRT,Groups,TA/TO,0,0,0,A,A,0,Non Refund,1.0,0,Transient,62.8,0,0
City Hotel,1,538,2016,December,53,29,0,2,2,0.0,0,BB,PRT,Groups,TA/TO,0,0,0,A,A,0,Non Refund,1.0,0,Transient,62.8,0,0
City Hotel,1,538,2016,December,53,29,0,2,2,0.0,0,BB,PRT,Groups,TA/TO,0,0,0,A,A,0,Non Refund,1.0,0,Transient,62.8,0,0
City Hotel,1,538,2016,December,53,29,0,2,2,0.0,0,BB,PRT,Groups,TA/TO,0,0,0,A,A,0,Non Refund,1.0,0,Transient,62.8,0,0
City Hotel,1,538,2016,December,53,29,0,2,2,0.0,0,BB,PRT,Groups,TA/TO,0,0,0,A,A,0,Non Refund,1.0,0,Transient,62.8,0,0
City Hotel,1,538,2016,December,53,29,0,2,2,0.0,0,BB,PRT,Groups,TA/TO,0,0,0,A,A,0,Non Refund,1.0,0,Transient,62.8,0,0
City Hotel,1,538,2016,December,53,29,0,2,2,0.0,0,BB,PRT,Groups,TA/TO,0,0,0,A,A,0,Non Refund,1.0,0,Transient,62.8,0,0
City Hotel,1,538,2016,December,53,29,0,2,2,0.0,0,BB,PRT,Groups,TA/TO,0,0,0,A,A,0,Non Refund,1.0,0,Transient,62.8,0,0
City Hotel,1,538,2016,December,53,29,0,2,2,0.0,0,BB,PRT,Groups,TA/TO,0,0,0,A,A,0,Non Refund,1.0,0,Transient,62.8,0,0
City Hotel,1,538,2016,December,53,29,0,2,2,0.0,0,BB,PRT,Groups,TA/TO,0,0,0,A,A,0,Non Refund,1.0,0,Transient,62.8,0,0
City Hotel,1,538,2016,December,53,29,0,2,2,0.0,0,BB,PRT,Groups,TA/TO,0,0,0,A,A,0,Non Refund,1.0,0,Transient,62.8,0,0
City Hotel,1,538,2016,December,53,29,0,2,2,0.0,0,BB,PRT,Groups,TA/TO,0,0,0,A,A,0,Non Refund,1.0,0,Transient,62.8,0,0
City Hotel,1,538,2016,December,53,29,0,2,2,0.0,0,BB,PRT,Groups,TA/TO,0,0,0,A,A,0,Non Refund,1.0,0,Transient,62.8,0,0
City Hotel,1,199,2016,December,53,29,0,3,2,0.0,0,BB,IRL,Direct,Direct,0,0,0,D,D,0,No Deposit,14.0,0,Transient,107.1,0,0
City Hotel,1,59,2016,December,53,29,0,3,2,0.0,0,BB,AUT,Online TA,TA/TO,0,0,0,A,A,0,No Deposit,9.0,0,Transient,122.4,0,1
City Hotel,1,305,2016,December,53,29,0,3,2,0.0,0,SC,GBR,Online TA,TA/TO,0,0,0,A,A,0,No Deposit,9.0,0,Transient,79.5,0,2
City Hotel,1,295,2016,December,53,29,0,3,2,0.0,0,SC,DEU,Online TA,TA/TO,0,0,0,A,A,0,No Deposit,9.0,0,Transient,79.5,0,1
City Hotel,1,16,2016,December,53,29,0,3,2,0.0,0,SC,NLD,Online TA,TA/TO,0,0,0,A,A,0,No Deposit,9.0,0,Transient,120.0,0,1
City Hotel,1,57,2016,December,53,29,0,3,2,0.0,0,BB,TUR,Online TA,TA/TO,0,0,0,D,D,0,No Deposit,9.0,0,Transient,219.6,0,0
City Hotel,1,221,2016,December,53,29,0,3,2,0.0,0,SC,FRA,Online TA,TA/TO,0,0,0,A,A,0,No Deposit,9.0,0,Transient,79.5,0,2
City Hotel,1,282,2016,December,53,29,1,3,2,0.0,0,HB,ESP,Online TA,TA/TO,0,0,0,A,A,0,No Deposit,9.0,0,Transient,115.6,0,0
City Hotel,1,16,2016,December,53,29,1,3,2,0.0,0,SC,CHN,Online TA,TA/TO,0,0,0,A,A,0,No Deposit,9.0,0,Transient,91.8,0,0
City Hotel,1,17,2016,December,53,29,1,3,2,0.0,0,BB,CHE,Online TA,TA/TO,0,0,0,D,D,0,No Deposit,9.0,0,Transient,125.8,0,1
City Hotel,1,15,2016,December,53,29,1,3,2,0.0,0,SC,ITA,Online TA,TA/TO,0,0,0,A,A,0,No Deposit,9.0,0,Transient,102.0,0,0
City Hotel,1,16,2016,December,53,29,1,3,2,0.0,0,SC,CHN,Online TA,TA/TO,0,0,0,A,A,0,No Deposit,9.0,0,Transient,91.8,0,0
City Hotel,1,282,2016,December,53,29,1,3,2,0.0,0,BB,ESP,Online TA,TA/TO,0,0,0,A,A,0,No Deposit,9.0,0,Transient,83.3,0,2
City Hotel,1,78,2016,December,53,29,1,3,2,0.0,0,BB,PRT,Offline TA/TO,TA/TO,0,0,0,A,A,0,No Deposit,,0,Transient-Party,169.91,0,1
City Hotel,1,225,2016,December,53,29,2,3,2,0.0,0,BB,GBR,Online TA,TA/TO,0,0,0,F,F,0,No Deposit,9.0,0,Transient,150.11,0,0
City Hotel,1,224,2016,December,53,29,2,3,2,0.0,0,BB,AUS,Online TA,TA/TO,0,0,0,A,A,0,No Deposit,9.0,0,Transient,82.11,0,0
City Hotel,1,341,2016,December,53,29,2,3,2,0.0,0,SC,BRA,Online TA,TA/TO,0,0,0,A,A,0,No Deposit,9.0,0,Transient,71.91,0,2
City Hotel,1,308,2016,December,53,29,2,3,2,0.0,0,SC,DEU,Online TA,TA/TO,0,0,0,A,A,0,No Deposit,9.0,0,Transient,71.91,0,0
City Hotel,1,22,2016,December,53,29,2,3,2,0.0,0,HB,FRA,Online TA,TA/TO,0,0,0,D,D,0,No Deposit,9.0,0,Transient,198.88,0,2
City Hotel,1,17,2016,December,53,29,2,3,2,0.0,0,BB,ITA,Online TA,TA/TO,0,0,0,D,D,0,No Deposit,9.0,0,Transient,125.8,0,1
City Hotel,1,308,2016,December,53,29,2,3,2,0.0,0,SC,DEU,Online TA,TA/TO,0,0,0,A,A,0,No Deposit,9.0,0,Transient,71.91,0,0
City Hotel,1,8,2016,December,53,29,2,3,2,0.0,0,BB,ESP,Online TA,TA/TO,0,0,0,D,D,0,No Deposit,9.0,0,Transient,125.8,0,1
City Hotel,1,224,2016,December,53,29,2,3,2,0.0,0,BB,AUS,Online TA,TA/TO,0,0,0,A,A,0,No Deposit,9.0,0,Transient,82.11,0,0
City Hotel,1,212,2016,December,53,29,2,4,2,0.0,0,BB,FRA,Online TA,TA/TO,0,0,0,A,A,0,No Deposit,9.0,0,Transient,88.4,0,0
City Hotel,1,17,2016,December,53,29,2,5,2,0.0,0,SC,GBR,Online TA,TA/TO,0,0,0,A,A,0,No Deposit,9.0,0,Transient,92.91,0,3
City Hotel,1,35,2016,December,53,29,2,6,2,0.0,0,BB,ITA,Online TA,TA/TO,0,0,0,D,D,3,No Deposit,9.0,0,Transient,114.98,0,2
City Hotel,1,19,2016,December,53,30,0,1,2,0.0,0,BB,GBR,Online TA,TA/TO,0,0,0,D,D,0,No Deposit,9.0,0,Transient,148.0,0,0
City Hotel,1,64,2016,December,53,30,0,1,2,0.0,0,BB,CN,Online TA,TA/TO,0,0,0,D,D,0,No Deposit,9.0,0,Transient,131.4,0,1
City Hotel,1,6,2016,December,53,30,0,2,2,0.0,0,BB,ESP,Online TA,TA/TO,0,0,0,A,A,0,No Deposit,9.0,0,Transient,138.0,0,0
City Hotel,1,12,2016,December,53,30,0,2,2,0.0,0,BB,BGR,Online TA,TA/TO,0,0,0,D,D,0,No Deposit,9.0,0,Transient,148.0,0,0
City Hotel,1,16,2016,December,53,30,0,2,2,0.0,0,BB,PRT,Online TA,TA/TO,0,0,0,D,D,0,No Deposit,9.0,0,Transient,148.0,0,1
City Hotel,1,126,2016,December,53,30,0,2,2,0.0,0,BB,BGR,Online TA,TA/TO,0,0,0,D,D,0,No Deposit,9.0,0,Transient,139.88,0,1
City Hotel,1,11,2016,December,53,30,0,2,2,0.0,0,BB,PRT,Online TA,TA/TO,0,0,0,D,D,0,No Deposit,9.0,0,Transient,1.48,0,0
City Hotel,1,18,2016,December,53,30,0,2,2,0.0,0,BB,PRT,Direct,Direct,0,0,0,D,D,0,No Deposit,,0,Transient,120.0,0,0
City Hotel,1,24,2016,December,53,30,0,2,2,0.0,0,BB,PRT,Direct,Direct,0,0,0,D,D,0,No Deposit,,0,Transient,260.0,0,0
City Hotel,1,79,2016,December,53,30,0,2,2,0.0,0,BB,PRT,Offline TA/TO,TA/TO,0,0,0,A,A,0,No Deposit,,0,Transient-Party,192.03,0,1
City Hotel,1,207,2016,December,53,30,1,2,2,0.0,0,BB,FRA,Offline TA/TO,TA/TO,0,0,0,A,A,0,No Deposit,104.0,0,Transient,161.67,0,0
City Hotel,1,18,2016,December,53,30,1,2,2,0.0,0,BB,PRI,Online TA,TA/TO,0,0,0,D,D,0,No Deposit,9.0,0,Transient,148.0,0,2
City Hotel,1,18,2016,December,53,30,1,2,2,0.0,0,BB,GBR,Online TA,TA/TO,0,0,0,D,D,0,No Deposit,9.0,0,Transient,148.0,0,2
City Hotel,1,18,2016,December,53,30,1,2,2,0.0,0,BB,PRI,Online TA,TA/TO,0,0,0,D,D,0,No Deposit,9.0,0,Transient,148.0,0,2
City Hotel,1,286,2016,December,53,30,1,2,2,0.0,0,SC,ITA,Online TA,TA/TO,0,0,0,A,A,0,No Deposit,9.0,0,Transient,80.7,0,1
City Hotel,1,74,2016,December,53,30,1,2,2,0.0,0,BB,PRT,Offline TA/TO,TA/TO,0,0,0,A,A,0,No Deposit,104.0,0,Transient,145.1,0,0
City Hotel,1,226,2016,December,53,30,1,2,2,0.0,0,BB,CHE,Online TA,TA/TO,0,0,0,D,D,0,No Deposit,9.0,0,Transient,105.0,0,1
City Hotel,1,207,2016,December,53,30,1,2,2,0.0,0,BB,FRA,Offline TA/TO,TA/TO,0,0,0,A,A,0,No Deposit,104.0,0,Transient-Party,95.0,0,0
City Hotel,1,244,2016,December,53,30,1,2,2,0.0,0,SC,ITA,Online TA,TA/TO,0,0,0,A,A,0,No Deposit,9.0,0,Transient,80.7,0,0
City Hotel,1,207,2016,December,53,30,1,2,2,0.0,0,BB,FRA,Offline TA/TO,TA/TO,0,0,0,A,A,0,No Deposit,104.0,0,Transient-Party,95.0,0,0
City Hotel,1,40,2016,December,53,30,2,2,2,0.0,0,BB,BRA,Online TA,TA/TO,0,0,0,D,D,0,No Deposit,9.0,0,Transient,185.28,0,0
City Hotel,1,17,2016,December,53,30,2,2,2,0.0,0,SC,ITA,Online TA,TA/TO,0,0,0,A,A,0,No Deposit,9.0,0,Transient,102.0,0,0
City Hotel,1,250,2016,December,53,30,2,2,2,0.0,0,BB,DEU,Online TA,TA/TO,0,0,0,A,A,0,No Deposit,9.0,0,Transient,84.15,0,2
City Hotel,1,254,2016,December,53,30,2,2,2,0.0,0,SC,ITA,Online TA,TA/TO,0,0,0,A,A,0,No Deposit,9.0,0,Transient,73.95,0,0
City Hotel,1,215,2016,December,53,30,2,2,2,0.0,0,BB,PRT,Online TA,TA/TO,0,0,0,A,A,0,No Deposit,8.0,0,Transient,94.35,0,1
City Hotel,1,322,2016,December,53,30,2,3,2,0.0,0,BB,DEU,Online TA,TA/TO,0,0,0,A,A,0,No Deposit,9.0,0,Transient,82.79,0,0
City Hotel,1,220,2016,December,53,30,2,2,2,0.0,0,BB,CHL,Online TA,TA/TO,0,0,0,A,A,2,No Deposit,9.0,0,Transient,84.15,0,1
City Hotel,1,10,2016,December,53,30,2,3,2,0.0,0,BB,LUX,Online TA,TA/TO,0,0,0,D,D,0,No Deposit,9.0,0,Transient,120.36,0,2
City Hotel,1,292,2016,December,53,30,2,3,2,0.0,0,BB,BRA,Online TA,TA/TO,0,0,0,A,A,0,No Deposit,9.0,0,Transient,91.79,0,0
City Hotel,1,283,2016,December,53,30,2,3,2,0.0,0,BB,RUS,Online TA,TA/TO,0,0,0,A,A,0,No Deposit,9.0,0,Transient,82.79,0,0
City Hotel,1,238,2016,December,53,31,1,1,2,0.0,0,SC,FRA,Online TA,TA/TO,0,0,0,A,A,0,No Deposit,9.0,0,Transient,78.3,0,0
City Hotel,1,18,2016,December,53,31,2,1,2,0.0,0,SC,FRA,Online TA,TA/TO,0,0,0,A,A,0,No Deposit,9.0,0,Transient,119.1,0,2
City Hotel,1,18,2016,December,53,31,2,1,2,0.0,0,SC,FRA,Online TA,TA/TO,0,0,0,A,A,0,No Deposit,9.0,0,Transient,119.1,0,2
City Hotel,1,331,2016,December,53,31,2,1,2,0.0,0,SC,BRA,Online TA,TA/TO,0,0,0,A,A,2,No Deposit,9.0,0,Transient,75.9,0,0
City Hotel,1,238,2016,December,53,31,2,1,2,0.0,0,BB,ITA,Online TA,TA/TO,0,0,0,A,A,0,No Deposit,9.0,0,Transient,86.7,0,0
City Hotel,1,280,2016,December,53,31,2,1,2,0.0,0,BB,ROU,Online TA,TA/TO,0,0,0,A,A,0,No Deposit,9.0,0,Transient,86.7,0,0
City Hotel,1,40,2016,December,53,31,2,2,2,0.0,0,HB,ITA,Online TA,TA/TO,0,0,0,A,A,0,No Deposit,9.0,0,Transient,155.13,0,0
City Hotel,1,18,2016,December,53,31,2,2,2,0.0,0,BB,ITA,Online TA,TA/TO,0,0,0,A,A,0,No Deposit,9.0,0,Transient,115.68,0,2
City Hotel,1,19,2016,December,53,31,2,2,2,0.0,0,BB,BIH,Online TA,TA/TO,0,0,0,A,A,0,No Deposit,9.0,0,Transient,110.5,0,0
City Hotel,1,240,2016,December,53,31,2,2,2,0.0,0,SC,ITA,Online TA,TA/TO,0,0,0,A,A,1,No Deposit,9.0,0,Transient,70.55,0,1
City Hotel,1,19,2016,December,53,31,2,2,2,0.0,0,BB,BIH,Online TA,TA/TO,0,0,0,D,D,0,No Deposit,9.0,0,Transient,119.0,0,0
City Hotel,1,226,2016,December,53,31,2,3,2,0.0,0,BB,CHE,Online TA,TA/TO,0,0,0,D,D,0,No Deposit,9.0,0,Transient,92.82,0,1
City Hotel,1,251,2016,December,53,31,2,5,2,0.0,0,BB,RUS,Online TA,TA/TO,0,0,0,A,A,0,No Deposit,9.0,0,Transient,79.29,0,0
City Hotel,1,70,2017,January,1,1,1,0,2,0.0,0,BB,KOR,Online TA,TA/TO,0,0,0,D,D,0,No Deposit,9.0,0,Transient,131.4,0,1
City Hotel,1,187,2017,January,1,1,1,0,2,0.0,0,HB,RUS,Online TA,TA/TO,0,0,0,D,D,0,No Deposit,9.0,0,Transient,137.7,0,3
City Hotel,1,187,2017,January,1,1,1,0,2,0.0,0,HB,RUS,Online TA,TA/TO,0,0,0,D,D,0,No Deposit,9.0,0,Transient,137.7,0,3
City Hotel,1,46,2017,January,1,1,2,0,2,0.0,0,BB,PRT,Groups,TA/TO,0,0,0,A,A,0,No Deposit,,0,Transient-Party,65.0,0,0
City Hotel,1,46,2017,January,1,1,2,0,2,0.0,0,BB,PRT,Groups,TA/TO,0,0,0,A,A,0,No Deposit,,0,Transient-Party,65.0,0,0
City Hotel,1,46,2017,January,1,1,2,0,2,0.0,0,BB,PRT,Groups,TA/TO,0,0,0,A,A,0,No Deposit,,0,Transient-Party,65.0,0,0
City Hotel,1,46,2017,January,1,1,2,0,2,0.0,0,BB,PRT,Groups,TA/TO,0,0,0,A,A,0,No Deposit,,0,Transient-Party,65.0,0,0
City Hotel,1,46,2017,January,1,1,2,0,2,0.0,0,BB,PRT,Groups,TA/TO,0,0,0,A,A,0,No Deposit,,0,Transient-Party,65.0,0,0
City Hotel,1,46,2017,January,1,1,2,0,2,0.0,0,BB,PRT,Groups,TA/TO,0,0,0,A,A,0,No Deposit,,0,Transient-Party,65.0,0,0
City Hotel,1,46,2017,January,1,1,2,0,2,0.0,0,BB,PRT,Groups,TA/TO,0,0,0,A,A,0,No Deposit,,0,Transient-Party,65.0,0,0
City Hotel,1,46,2017,January,1,1,2,0,2,0.0,0,BB,PRT,Groups,TA/TO,0,0,0,A,A,0,No Deposit,,0,Transient-Party,65.0,0,0
City Hotel,1,46,2017,January,1,1,2,0,2,0.0,0,BB,PRT,Groups,TA/TO,0,0,0,A,A,0,No Deposit,,0,Transient-Party,65.0,0,0
City Hotel,1,46,2017,January,1,1,2,0,2,0.0,0,BB,PRT,Groups,TA/TO,0,0,0,A,A,0,No Deposit,,0,Transient-Party,65.0,0,0
City Hotel,1,46,2017,January,1,1,2,0,2,0.0,0,BB,PRT,Groups,TA/TO,0,0,0,A,A,0,No Deposit,,0,Transient-Party,65.0,0,0
City Hotel,1,46,2017,January,1,1,2,0,2,0.0,0,BB,PRT,Groups,TA/TO,0,0,0,A,A,0,No Deposit,,0,Transient-Party,65.0,0,0
City Hotel,1,46,2017,January,1,1,2,0,2,0.0,0,BB,PRT,Groups,TA/TO,0,0,0,A,A,0,No Deposit,,0,Transient-Party,65.0,0,0
City Hotel,1,46,2017,January,1,1,2,0,2,0.0,0,BB,PRT,Groups,TA/TO,0,0,0,A,A,0,No Deposit,,0,Transient-Party,65.0,0,0
City Hotel,1,46,2017,January,1,1,2,0,2,0.0,0,BB,PRT,Groups,TA/TO,0,0,0,A,A,0,No Deposit,,0,Transient-Party,65.0,0,0
City Hotel,1,46,2017,January,1,1,2,0,2,0.0,0,BB,PRT,Groups,TA/TO,0,0,0,A,A,0,No Deposit,,0,Transient-Party,65.0,0,0
City Hotel,1,46,2017,January,1,1,2,0,2,0.0,0,BB,PRT,Groups,TA/TO,0,0,0,A,A,0,No Deposit,,0,Transient-Party,65.0,0,0
City Hotel,1,46,2017,January,1,1,2,0,2,0.0,0,BB,PRT,Groups,TA/TO,0,0,0,A,A,0,No Deposit,,0,Transient-Party,65.0,0,0
City Hotel,1,46,2017,January,1,1,2,0,2,0.0,0,BB,PRT,Groups,TA/TO,0,0,0,A,A,0,No Deposit,,0,Transient-Party,65.0,0,0
City Hotel,1,42,2017,January,1,1,2,1,2,0.0,0,BB,RUS,Online TA,TA/TO,0,0,0,A,A,0,No Deposit,9.0,0,Transient,114.67,0,0
City Hotel,1,26,2017,January,1,1,2,2,2,0.0,0,BB,ESP,Online TA,TA/TO,0,0,0,D,D,0,No Deposit,9.0,0,Transient,103.7,0,0
City Hotel,1,101,2017,January,1,1,2,2,2,0.0,0,SC,ITA,Online TA,TA/TO,0,0,0,A,A,0,No Deposit,9.0,0,Transient,81.6,0,2
City Hotel,1,67,2017,January,1,1,2,2,2,0.0,0,BB,ITA,Online TA,TA/TO,0,0,0,D,D,0,No Deposit,9.0,0,Transient,103.7,0,1
City Hotel,1,101,2017,January,1,1,2,2,2,0.0,0,SC,ITA,Online TA,TA/TO,0,0,0,A,A,0,No Deposit,9.0,0,Transient,81.6,0,2
City Hotel,1,3,2017,January,1,1,2,2,2,0.0,0,SC,ESP,Online TA,TA/TO,0,0,0,A,A,0,No Deposit,9.0,0,Transient,88.4,0,0
City Hotel,1,12,2017,January,1,1,2,2,2,0.0,0,HB,ESP,Online TA,TA/TO,0,0,0,D,D,0,No Deposit,9.0,0,Transient,153.5,0,2
City Hotel,1,252,2017,January,1,1,2,2,2,0.0,0,BB,CHE,Online TA,TA/TO,0,0,0,A,A,0,No Deposit,9.0,0,Transient,77.35,0,1
City Hotel,1,260,2017,January,1,1,2,3,2,0.0,0,BB,FRA,Online TA,TA/TO,0,0,0,A,A,0,No Deposit,9.0,0,Transient,77.35,0,0
City Hotel,1,74,2017,January,1,1,2,4,2,0.0,0,HB,PRT,Online TA,TA/TO,0,0,0,D,D,0,No Deposit,8.0,0,Transient,133.73,0,1
City Hotel,1,39,2017,January,1,2,1,0,2,0.0,0,SC,ITA,Online TA,TA/TO,0,0,0,A,A,0,No Deposit,9.0,0,Transient,88.0,0,0
City Hotel,1,123,2017,January,1,2,1,1,2,0.0,0,BB,GBR,Online TA,TA/TO,0,0,0,D,D,0,No Deposit,9.0,0,Transient,102.6,0,1
City Hotel,1,49,2017,January,1,2,1,1,2,0.0,0,BB,SGP,Online TA,TA/TO,0,0,0,A,A,0,No Deposit,9.0,0,Transient,86.4,0,2
City Hotel,1,49,2017,January,1,2,1,1,2,0.0,0,BB,SGP,Online TA,TA/TO,0,0,0,A,A,0,No Deposit,9.0,0,Transient,93.6,0,2
City Hotel,1,124,2017,January,1,2,1,1,2,0.0,0,BB,GBR,Online TA,TA/TO,0,0,0,D,D,0,No Deposit,9.0,0,Transient,102.6,0,1
City Hotel,1,71,2017,January,1,2,1,2,2,0.0,0,BB,ESP,Online TA,TA/TO,0,0,0,A,A,0,No Deposit,9.0,0,Transient,102.6,0,2
City Hotel,1,29,2017,January,1,2,1,2,2,0.0,0,BB,ESP,Direct,Direct,0,0,0,D,D,0,No Deposit,14.0,0,Transient,117.0,0,2
City Hotel,1,11,2017,January,1,2,1,2,2,0.0,0,BB,IDN,Online TA,TA/TO,0,0,0,A,A,0,No Deposit,9.0,0,Transient,99.17,0,0
City Hotel,1,47,2017,January,1,2,1,2,2,0.0,0,SC,ESP,Online TA,TA/TO,0,0,0,A,A,0,No Deposit,9.0,0,Transient,79.2,0,1
City Hotel,1,78,2017,January,1,2,1,3,2,0.0,0,SC,DEU,Online TA,TA/TO,0,0,0,A,A,0,No Deposit,9.0,0,Transient,74.8,0,0
City Hotel,1,77,2017,January,1,2,1,2,2,0.0,0,SC,ESP,Online TA,TA/TO,0,0,0,A,A,0,No Deposit,9.0,0,Transient,79.2,0,0
City Hotel,1,306,2017,January,1,2,1,3,2,0.0,0,SC,ITA,Online TA,TA/TO,0,0,0,A,A,0,No Deposit,9.0,0,Transient-Party,67.15,0,0
City Hotel,1,21,2017,January,1,2,1,3,2,0.0,0,BB,KOR,Online TA,TA/TO,0,0,0,A,A,0,No Deposit,9.0,0,Transient,90.1,0,2
City Hotel,1,39,2017,January,1,2,1,3,2,0.0,0,BB,ITA,Online TA,TA/TO,0,0,0,A,A,0,No Deposit,9.0,0,Transient,88.4,0,0
City Hotel,1,38,2017,January,1,2,1,3,2,0.0,0,SC,DEU,Online TA,TA/TO,0,0,0,A,A,0,No Deposit,9.0,0,Transient,74.8,0,2
City Hotel,1,306,2017,January,1,2,1,3,2,0.0,0,SC,ITA,Online TA,TA/TO,0,0,0,A,A,0,No Deposit,9.0,0,Transient-Party,67.15,0,0
City Hotel,1,4,2017,January,1,2,1,3,2,0.0,0,HB,ESP,Online TA,TA/TO,0,0,0,A,A,2,No Deposit,9.0,0,Transient,111.78,0,0
City Hotel,1,15,2017,January,1,2,1,3,2,0.0,0,SC,ITA,Online TA,TA/TO,0,0,0,A,A,0,No Deposit,9.0,0,Transient,81.6,0,0
City Hotel,1,38,2017,January,1,2,1,3,2,0.0,0,SC,DEU,Online TA,TA/TO,0,0,0,A,A,0,No Deposit,9.0,0,Transient,74.8,0,2
City Hotel,1,49,2017,January,1,2,1,3,2,0.0,0,BB,ESP,Online TA,TA/TO,0,0,0,A,A,0,No Deposit,9.0,0,Transient,88.4,0,2
City Hotel,1,203,2017,January,1,2,1,3,2,0.0,0,BB,RUS,Online TA,TA/TO,0,0,0,B,B,2,No Deposit,9.0,0,Transient,91.6,0,2
City Hotel,1,306,2017,January,1,2,1,3,2,0.0,0,SC,ITA,Online TA,TA/TO,0,0,0,A,A,0,No Deposit,9.0,0,Transient-Party,67.15,0,0
City Hotel,1,6,2017,January,1,2,1,3,2,0.0,0,BB,ESP,Online TA,TA/TO,0,0,0,A,A,0,No Deposit,9.0,0,Transient,96.9,0,0
City Hotel,1,113,2017,January,1,2,1,4,2,0.0,0,HB,DEU,Online TA,TA/TO,0,0,0,A,A,0,No Deposit,8.0,0,Transient,142.0,0,3
City Hotel,1,268,2017,January,1,2,1,4,2,0.0,0,BB,RUS,Online TA,TA/TO,0,0,0,B,B,3,No Deposit,9.0,0,Transient,141.14,0,1
City Hotel,1,335,2017,January,1,2,1,4,2,0.0,0,HB,ESP,Online TA,TA/TO,0,0,0,A,A,1,No Deposit,9.0,0,Transient,109.65,0,0
City Hotel,1,335,2017,January,1,2,1,4,2,0.0,0,HB,ESP,Online TA,TA/TO,0,0,0,A,A,1,No Deposit,9.0,0,Transient,109.65,0,1
City Hotel,1,204,2017,January,1,2,1,4,2,0.0,0,BB,BRA,Online TA,TA/TO,0,0,0,D,D,0,No Deposit,9.0,0,Transient,97.75,0,0
City Hotel,1,231,2017,January,1,2,1,4,2,0.0,0,HB,RUS,Online TA,TA/TO,0,0,0,A,A,0,No Deposit,9.0,0,Transient,109.65,0,2
City Hotel,1,15,2017,January,1,2,1,4,2,0.0,0,BB,PRT,Online TA,TA/TO,0,0,0,D,D,0,No Deposit,83.0,0,Transient,97.92,0,0
City Hotel,1,210,2017,January,1,2,1,4,2,0.0,0,BB,RUS,Online TA,TA/TO,0,0,0,A,A,0,No Deposit,9.0,0,Transient,85.0,0,0
City Hotel,1,231,2017,January,1,2,1,4,2,0.0,0,HB,RUS,Online TA,TA/TO,0,0,0,A,A,0,No Deposit,9.0,0,Transient,109.65,0,2
City Hotel,1,29,2017,January,1,3,0,2,2,0.0,0,SC,CHN,Online TA,TA/TO,0,0,0,A,A,0,No Deposit,9.0,0,Transient,79.2,0,1
City Hotel,1,27,2017,January,1,3,0,2,2,0.0,0,BB,ITA,Online TA,TA/TO,0,0,0,A,A,0,No Deposit,9.0,0,Transient,106.0,0,1
City Hotel,1,29,2017,January,1,3,0,2,2,0.0,0,SC,CHN,Online TA,TA/TO,0,0,0,A,A,0,No Deposit,9.0,0,Transient,79.2,0,1
City Hotel,1,29,2017,January,1,3,0,2,2,0.0,0,SC,CHN,Online TA,TA/TO,0,0,0,A,A,0,No Deposit,9.0,0,Transient,79.2,0,1
City Hotel,1,2,2017,January,1,3,0,2,2,0.0,0,SC,ESP,Online TA,TA/TO,0,0,0,A,A,0,No Deposit,9.0,0,Transient,88.0,0,0
City Hotel,1,29,2017,January,1,3,0,2,2,0.0,0,SC,CHN,Online TA,TA/TO,0,0,0,A,A,0,No Deposit,9.0,0,Transient,79.2,0,1
City Hotel,1,50,2017,January,1,3,0,2,2,0.0,0,SC,CHN,Online TA,TA/TO,0,0,0,A,A,0,No Deposit,9.0,0,Transient,71.28,0,1
City Hotel,1,22,2017,January,1,3,0,2,2,0.0,0,SC,KOR,Online TA,TA/TO,0,0,0,A,A,0,No Deposit,9.0,0,Transient,88.0,0,1
City Hotel,1,54,2017,January,1,3,0,2,2,0.0,0,BB,CHN,Online TA,TA/TO,0,0,0,A,A,3,No Deposit,9.0,0,Transient,77.76,0,2
City Hotel,1,20,2017,January,1,3,0,2,2,0.0,0,SC,ITA,Online TA,TA/TO,0,0,0,A,A,0,No Deposit,9.0,0,Transient,88.0,0,1
City Hotel,1,43,2017,January,1,3,0,2,2,0.0,0,BB,CHN,Online TA,TA/TO,0,0,0,D,D,0,No Deposit,9.0,0,Transient,102.6,0,0
City Hotel,1,40,2017,January,1,3,0,3,2,0.0,0,SC,PRT,Online TA,TA/TO,0,0,0,A,A,0,No Deposit,8.0,0,Transient,88.0,0,0
City Hotel,1,9,2017,January,1,3,0,3,2,0.0,0,SC,NLD,Online TA,TA/TO,0,0,0,A,A,0,No Deposit,9.0,0,Transient,88.0,0,1
City Hotel,1,40,2017,January,1,3,0,3,2,0.0,0,SC,PRT,Online TA,TA/TO,0,0,0,A,A,0,No Deposit,8.0,0,Transient,88.0,0,0
City Hotel,1,133,2017,January,1,3,0,3,2,0.0,0,BB,ESP,Online TA,TA/TO,0,0,0,A,A,0,No Deposit,9.0,0,Transient,93.6,0,1
City Hotel,1,15,2017,January,1,3,0,3,2,0.0,0,BB,FRA,Online TA,TA/TO,0,0,0,A,A,0,No Deposit,9.0,0,Transient,90.1,0,1
City Hotel,1,93,2017,January,1,3,0,4,2,0.0,0,SC,ITA,Online TA,TA/TO,0,0,0,A,A,0,No Deposit,9.0,0,Transient,74.8,0,0
City Hotel,1,226,2017,January,1,3,0,4,2,0.0,0,SC,DOM,Online TA,TA/TO,0,0,0,A,A,0,No Deposit,9.0,0,Transient,67.15,0,0
City Hotel,1,139,2017,January,1,3,0,4,2,0.0,0,BB,POL,Online TA,TA/TO,0,0,0,A,A,0,No Deposit,9.0,0,Transient,85.0,0,1
City Hotel,1,100,2017,January,1,3,0,5,2,0.0,0,SC,SWE,Online TA,TA/TO,0,0,0,A,A,0,No Deposit,9.0,0,Transient,74.8,0,1
City Hotel,1,16,2017,January,1,3,0,5,2,0.0,0,BB,RUS,Online TA,TA/TO,0,0,0,A,A,0,No Deposit,9.0,0,Transient,90.1,0,2
City Hotel,1,128,2017,January,1,3,2,6,2,0.0,0,SC,RUS,Online TA,TA/TO,0,0,0,A,A,0,No Deposit,9.0,0,Transient,74.8,0,1
City Hotel,1,46,2017,January,1,3,2,8,2,0.0,0,SC,AGO,Online TA,TA/TO,0,0,0,A,A,0,No Deposit,9.0,0,Transient,74.8,0,0
City Hotel,1,45,2017,January,1,4,0,2,2,0.0,0,BB,BRA,Online TA,TA/TO,0,0,0,A,A,0,No Deposit,9.0,0,Transient,86.4,0,0
City Hotel,1,108,2017,January,1,4,0,3,2,0.0,0,SC,BRA,Online TA,TA/TO,0,0,0,A,A,0,No Deposit,9.0,0,Transient,79.2,0,1
City Hotel,1,20,2017,January,1,4,0,3,2,0.0,0,BB,ITA,Online TA,GDS,0,0,0,E,E,0,No Deposit,195.0,0,Transient,136.0,0,0
City Hotel,1,86,2017,January,1,4,0,3,2,0.0,0,SC,BRA,Online TA,TA/TO,0,0,0,A,A,0,No Deposit,9.0,0,Transient,79.2,0,2
City Hotel,1,86,2017,January,1,4,0,3,2,0.0,0,SC,BRA,Online TA,TA/TO,0,0,0,A,A,0,No Deposit,9.0,0,Transient,79.2,0,2
City Hotel,1,44,2017,January,1,4,0,4,2,0.0,0,BB,ESP,Online TA,TA/TO,0,0,0,A,A,0,No Deposit,9.0,0,Transient,88.4,0,0
City Hotel,1,73,2017,January,1,4,0,4,2,0.0,0,SC,PRT,Online TA,TA/TO,0,0,0,A,A,0,No Deposit,7.0,0,Transient,57.6,0,1
City Hotel,1,250,2017,January,1,4,0,4,2,0.0,0,SC,GBR,Online TA,TA/TO,0,0,0,A,A,0,No Deposit,9.0,0,Transient,67.15,0,0
City Hotel,1,23,2017,January,1,4,0,4,2,0.0,0,BB,ESP,Online TA,TA/TO,0,0,0,A,A,0,No Deposit,9.0,0,Transient,90.1,0,1
City Hotel,1,195,2017,January,1,4,0,4,2,0.0,0,SC,USA,Online TA,TA/TO,0,0,0,A,A,0,No Deposit,9.0,0,Transient,74.8,0,0
City Hotel,1,40,2017,January,1,4,2,4,2,0.0,0,BB,PAK,Online TA,TA/TO,0,0,0,A,A,0,No Deposit,9.0,0,Transient,88.4,0,0
City Hotel,1,108,2017,January,1,4,2,5,2,0.0,0,SC,IRL,Online TA,TA/TO,0,0,0,A,A,0,No Deposit,9.0,0,Transient,74.8,0,1
City Hotel,1,218,2017,January,1,4,2,7,2,0.0,0,SC,BRA,Online TA,TA/TO,0,0,0,A,A,0,No Deposit,9.0,0,Transient,74.8,0,1
City Hotel,1,130,2017,January,1,4,2,8,2,0.0,0,SC,BRA,Online TA,TA/TO,0,0,0,A,A,0,No Deposit,9.0,0,Transient,74.8,0,0
City Hotel,1,11,2017,January,1,5,0,1,2,0.0,0,SC,ITA,Online TA,TA/TO,0,0,0,A,A,0,No Deposit,9.0,0,Transient,88.0,0,1
City Hotel,1,545,2017,January,1,5,0,2,2,0.0,0,BB,PRT,Groups,TA/TO,0,0,0,A,A,0,Non Refund,1.0,0,Transient,62.0,0,0
City Hotel,1,545,2017,January,1,5,0,2,2,0.0,0,BB,PRT,Groups,TA/TO,0,0,0,A,A,0,Non Refund,1.0,0,Transient,62.0,0,0
City Hotel,1,545,2017,January,1,5,0,2,2,0.0,0,BB,PRT,Groups,TA/TO,0,0,0,A,A,0,Non Refund,1.0,0,Transient,62.0,0,0
City Hotel,1,545,2017,January,1,5,0,2,2,0.0,0,BB,PRT,Groups,TA/TO,0,0,0,A,A,0,Non Refund,1.0,0,Transient,62.0,0,0
City Hotel,1,545,2017,January,1,5,0,2,2,0.0,0,BB,PRT,Groups,TA/TO,0,0,0,A,A,0,Non Refund,1.0,0,Transient,62.0,0,0
City Hotel,1,545,2017,January,1,5,0,2,2,0.0,0,BB,PRT,Groups,TA/TO,0,0,0,A,A,0,Non Refund,1.0,0,Transient,62.0,0,0
City Hotel,1,545,2017,January,1,5,0,2,2,0.0,0,BB,PRT,Groups,TA/TO,0,0,0,A,A,0,Non Refund,1.0,0,Transient,62.0,0,0
City Hotel,1,545,2017,January,1,5,0,2,2,0.0,0,BB,PRT,Groups,TA/TO,0,0,0,A,A,0,Non Refund,1.0,0,Transient,62.0,0,0
City Hotel,1,545,2017,January,1,5,0,2,2,0.0,0,BB,PRT,Groups,TA/TO,0,0,0,A,A,0,Non Refund,1.0,0,Transient,62.0,0,0
City Hotel,1,545,2017,January,1,5,0,2,2,0.0,0,BB,PRT,Groups,TA/TO,0,0,0,A,A,0,Non Refund,1.0,0,Transient,62.0,0,0
City Hotel,1,545,2017,January,1,5,0,2,2,0.0,0,BB,PRT,Groups,TA/TO,0,0,0,A,A,0,Non Refund,1.0,0,Transient,62.0,0,0
City Hotel,1,545,2017,January,1,5,0,2,2,0.0,0,BB,PRT,Groups,TA/TO,0,0,0,A,A,0,Non Refund,1.0,0,Transient,62.0,0,0
City Hotel,1,545,2017,January,1,5,0,2,2,0.0,0,BB,PRT,Groups,TA/TO,0,0,0,A,A,0,Non Refund,1.0,0,Transient,62.0,0,0
City Hotel,1,545,2017,January,1,5,0,2,2,0.0,0,BB,PRT,Groups,TA/TO,0,0,0,A,A,0,Non Refund,1.0,0,Transient,62.0,0,0
City Hotel,1,545,2017,January,1,5,0,2,2,0.0,0,BB,PRT,Groups,TA/TO,0,0,0,A,A,0,Non Refund,1.0,0,Transient,62.0,0,0
City Hotel,1,41,2017,January,1,5,0,3,2,0.0,0,BB,NLD,Online TA,TA/TO,0,0,0,A,A,0,No Deposit,9.0,0,Transient,104.0,0,0
City Hotel,1,65,2017,January,1,5,0,3,2,0.0,0,BB,ITA,Online TA,TA/TO,0,0,0,A,A,0,No Deposit,9.0,0,Transient,93.6,0,0
City Hotel,1,65,2017,January,1,5,0,3,2,0.0,0,BB,ITA,Online TA,TA/TO,0,0,0,A,A,0,No Deposit,9.0,0,Transient,93.6,0,0
City Hotel,1,41,2017,January,1,5,0,3,2,0.0,0,BB,NLD,Online TA,TA/TO,0,0,0,A,A,0,No Deposit,9.0,0,Transient,104.0,0,0
City Hotel,1,28,2017,January,1,5,1,3,2,0.0,0,BB,PRT,Online TA,TA/TO,0,0,0,A,A,0,No Deposit,86.0,0,Transient,72.08,0,0
City Hotel,1,15,2017,January,1,5,1,3,2,0.0,0,SC,FRA,Online TA,TA/TO,0,0,0,A,A,0,No Deposit,9.0,0,Transient,73.0,0,1
City Hotel,1,43,2017,January,1,5,1,3,2,0.0,0,SC,DEU,Online TA,TA/TO,0,0,0,A,A,0,No Deposit,9.0,0,Transient,74.8,0,0
City Hotel,1,31,2017,January,1,5,2,3,2,0.0,0,BB,FRA,Online TA,TA/TO,0,0,0,A,A,0,No Deposit,9.0,0,Transient,88.4,0,1
City Hotel,1,31,2017,January,1,5,2,3,2,0.0,0,BB,FRA,Online TA,TA/TO,0,0,0,A,A,0,No Deposit,9.0,0,Transient,88.4,0,1
City Hotel,1,31,2017,January,1,5,2,3,2,0.0,0,BB,FRA,Online TA,TA/TO,0,0,0,A,A,0,No Deposit,9.0,0,Transient,88.4,0,1
City Hotel,1,16,2017,January,1,5,2,5,2,0.0,0,SC,UZB,Online TA,TA/TO,0,0,0,A,A,0,No Deposit,9.0,0,Transient,70.67,0,1
City Hotel,1,40,2017,January,1,5,2,7,2,0.0,0,SC,PRT,Online TA,TA/TO,0,0,0,A,A,0,No Deposit,8.0,0,Transient,74.8,0,0
City Hotel,1,32,2017,January,1,6,0,2,2,0.0,0,BB,RUS,Online TA,TA/TO,0,0,0,A,A,0,No Deposit,9.0,0,Transient,104.0,0,1
City Hotel,1,29,2017,January,1,6,0,2,2,0.0,0,BB,FRA,Online TA,TA/TO,0,0,0,D,D,0,No Deposit,9.0,0,Transient,116.0,0,1
City Hotel,1,19,2017,January,1,6,1,2,2,0.0,0,BB,ESP,Online TA,TA/TO,0,0,0,A,A,2,No Deposit,9.0,0,Transient,87.69,0,1
City Hotel,1,25,2017,January,1,6,1,2,2,0.0,0,BB,IRL,Online TA,TA/TO,0,0,0,A,A,2,No Deposit,9.0,0,Transient,106.0,0,1
City Hotel,1,32,2017,January,1,6,0,2,2,0.0,0,SC,RUS,Online TA,TA/TO,0,0,0,A,A,0,No Deposit,9.0,0,Transient,88.0,0,1
City Hotel,1,32,2017,January,1,6,0,2,2,0.0,0,SC,RUS,Online TA,TA/TO,0,0,0,A,A,0,No Deposit,9.0,0,Transient,88.0,0,1
City Hotel,1,356,2017,January,1,6,1,2,2,0.0,0,BB,ROU,Online TA,TA/TO,0,0,0,A,A,0,No Deposit,9.0,0,Transient,81.9,0,0
City Hotel,1,54,2017,January,1,6,1,2,2,0.0,0,BB,FRA,Online TA,TA/TO,0,0,0,A,A,0,No Deposit,9.0,0,Transient,93.6,0,2
City Hotel,1,103,2017,January,1,6,1,2,2,0.0,0,BB,AUS,Online TA,TA/TO,0,0,0,A,A,0,No Deposit,9.0,0,Transient,104.0,0,2
City Hotel,1,52,2017,January,1,6,1,2,2,0.0,0,BB,NLD,Online TA,TA/TO,0,0,0,A,A,0,No Deposit,9.0,0,Transient,93.6,0,1
City Hotel,1,98,2017,January,1,6,1,2,2,0.0,0,SC,ITA,Online TA,TA/TO,0,0,0,A,A,0,No Deposit,9.0,0,Transient,79.2,0,0
City Hotel,1,103,2017,January,1,6,1,2,2,0.0,0,BB,AUS,Online TA,TA/TO,0,0,0,A,A,0,No Deposit,9.0,0,Transient,104.0,0,2
City Hotel,1,33,2017,January,1,6,2,2,2,0.0,0,BB,ITA,Online TA,TA/TO,0,0,0,A,A,0,No Deposit,9.0,0,Transient,74.8,0,1
City Hotel,1,33,2017,January,1,6,2,2,2,0.0,0,SC,ITA,Online TA,TA/TO,0,0,0,A,A,0,No Deposit,9.0,0,Transient,74.8,0,1
City Hotel,1,10,2017,January,1,6,2,2,2,0.0,0,SC,ITA,Online TA,TA/TO,0,0,0,A,A,0,No Deposit,9.0,0,Transient,71.19,0,0
City Hotel,1,10,2017,January,1,6,2,2,2,0.0,0,SC,ITA,Online TA,TA/TO,0,0,0,A,A,0,No Deposit,9.0,0,Transient,71.19,0,0
City Hotel,1,42,2017,January,1,6,2,2,2,0.0,0,BB,NLD,Offline TA/TO,TA/TO,0,0,0,A,A,1,No Deposit,15.0,0,Transient,70.72,0,0
City Hotel,1,42,2017,January,1,6,2,2,2,0.0,0,BB,NLD,Offline TA/TO,TA/TO,0,0,0,A,A,1,No Deposit,15.0,0,Transient,70.72,0,0
City Hotel,1,121,2017,January,1,6,2,2,2,0.0,0,BB,ITA,Online TA,TA/TO,0,0,0,A,A,0,No Deposit,9.0,0,Transient,88.4,0,0
City Hotel,1,10,2017,January,1,6,2,2,2,0.0,0,SC,ITA,Online TA,TA/TO,0,0,0,A,A,0,No Deposit,9.0,0,Transient,71.19,0,0
City Hotel,1,13,2017,January,1,6,2,2,2,0.0,0,SC,FRA,Online TA,TA/TO,0,0,0,A,A,0,No Deposit,9.0,0,Transient,71.19,0,1
City Hotel,1,0,2017,January,1,6,2,2,2,0.0,0,SC,DEU,Online TA,TA/TO,0,0,0,A,A,0,No Deposit,9.0,0,Transient,71.19,0,0
City Hotel,1,37,2017,January,1,6,2,5,2,0.0,0,SC,CHN,Online TA,TA/TO,0,0,0,A,A,0,No Deposit,9.0,0,Transient,67.32,0,0
City Hotel,1,121,2017,January,1,6,2,2,2,0.0,0,BB,ITA,Online TA,TA/TO,0,0,0,A,A,0,No Deposit,9.0,0,Transient,88.4,0,0
City Hotel,1,74,2017,January,1,7,2,3,2,0.0,0,BB,PRT,Groups,TA/TO,0,0,0,A,A,1,No Deposit,330.0,0,Transient-Party,67.0,0,0
City Hotel,1,43,2017,January,1,7,2,3,2,0.0,0,BB,ESP,Direct,Direct,0,0,0,A,A,0,No Deposit,14.0,0,Transient,98.0,0,0
City Hotel,1,28,2017,January,1,7,6,16,2,0.0,0,BB,BRA,Online TA,TA/TO,0,0,0,D,D,0,No Deposit,9.0,0,Transient,98.6,0,0
City Hotel,1,30,2017,January,1,7,8,21,2,0.0,0,BB,AGO,Online TA,TA/TO,0,0,0,D,D,0,No Deposit,9.0,0,Transient,98.6,0,0
City Hotel,1,2,2017,January,2,8,2,0,2,0.0,0,HB,CHE,Online TA,TA/TO,0,0,0,A,A,0,No Deposit,9.0,0,Transient,135.5,0,0
City Hotel,1,139,2017,January,2,8,2,1,2,0.0,0,SC,ITA,Online TA,TA/TO,0,0,0,A,A,0,No Deposit,9.0,0,Transient,79.2,0,1
City Hotel,1,158,2017,January,2,8,2,1,2,0.0,0,BB,GRC,Online TA,TA/TO,0,0,0,A,A,0,No Deposit,9.0,0,Transient,90.0,0,0
City Hotel,1,158,2017,January,2,8,2,1,2,0.0,0,BB,GRC,Direct,Direct,0,0,0,A,A,0,No Deposit,14.0,0,Transient,79.2,0,0
City Hotel,1,49,2017,January,2,8,2,1,2,0.0,0,SC,DEU,Online TA,TA/TO,0,0,0,A,A,0,No Deposit,9.0,0,Transient,79.2,0,0
City Hotel,1,142,2017,January,2,8,2,2,2,0.0,0,BB,DEU,Online TA,TA/TO,0,0,0,A,A,0,No Deposit,9.0,0,Transient,88.4,0,2
City Hotel,1,64,2017,January,2,8,2,3,2,0.0,0,SC,ITA,Online TA,TA/TO,0,0,0,A,A,0,No Deposit,9.0,0,Transient,79.2,0,0
City Hotel,1,14,2017,January,2,8,2,3,2,0.0,0,BB,TUR,Online TA,TA/TO,0,0,0,A,A,0,No Deposit,9.0,0,Transient,82.88,0,2
City Hotel,1,14,2017,January,2,8,2,3,2,0.0,0,BB,TUR,Online TA,TA/TO,0,0,0,A,A,0,No Deposit,9.0,0,Transient,82.88,0,2
City Hotel,1,45,2017,January,2,8,2,4,2,0.0,0,BB,NLD,Online TA,TA/TO,0,0,0,A,A,0,No Deposit,9.0,0,Transient,88.4,0,0
City Hotel,1,38,2017,January,2,8,4,5,2,0.0,0,BB,AGO,Online TA,TA/TO,0,0,0,D,D,0,No Deposit,9.0,0,Transient,96.9,0,1
City Hotel,1,62,2017,January,2,9,1,2,2,0.0,0,SC,PRT,Online TA,TA/TO,0,0,0,A,A,0,No Deposit,7.0,0,Transient,60.98,0,1
City Hotel,1,274,2017,January,2,9,1,2,2,0.0,0,BB,ARG,Online TA,TA/TO,0,0,0,A,A,0,No Deposit,9.0,0,Transient,81.9,0,0
City Hotel,1,65,2017,January,2,9,1,2,2,0.0,0,BB,DEU,Online TA,TA/TO,0,0,0,A,A,0,No Deposit,9.0,0,Transient,93.6,0,2
City Hotel,1,39,2017,January,2,9,1,4,2,0.0,0,BB,VEN,Online TA,TA/TO,0,0,0,A,A,0,No Deposit,9.0,0,Transient,88.4,0,0
City Hotel,1,23,2017,January,2,9,1,5,2,0.0,0,SC,UKR,Online TA,TA/TO,0,0,0,A,A,0,No Deposit,9.0,0,Transient,67.58,0,1
City Hotel,1,45,2017,January,2,9,5,14,2,0.0,0,BB,BRA,Online TA,TA/TO,0,0,0,D,D,0,No Deposit,9.0,0,Transient,96.9,0,0
City Hotel,1,21,2017,January,2,9,1,5,2,0.0,0,SC,ITA,Online TA,TA/TO,0,0,0,A,A,0,No Deposit,9.0,0,Transient,67.58,0,1
City Hotel,1,52,2017,January,2,10,0,1,2,0.0,0,SC,FRA,Online TA,TA/TO,0,0,0,A,A,0,No Deposit,9.0,0,Transient,79.2,0,0
City Hotel,1,11,2017,January,2,10,0,1,2,0.0,0,SC,DEU,Online TA,TA/TO,0,0,0,A,A,0,No Deposit,9.0,0,Transient,79.5,0,1
City Hotel,1,4,2017,January,2,10,0,2,2,0.0,0,BB,PRT,Corporate,Corporate,0,0,0,A,A,0,No Deposit,,0,Transient-Party,70.0,0,0
City Hotel,1,94,2017,January,2,10,0,3,2,0.0,0,BB,BRA,Online TA,TA/TO,0,0,0,A,A,0,No Deposit,9.0,0,Transient,93.6,0,0
City Hotel,1,15,2017,January,2,10,0,3,2,0.0,0,SC,FRA,Online TA,TA/TO,0,0,0,A,A,0,No Deposit,9.0,0,Transient,79.5,0,0
City Hotel,1,3,2017,January,2,10,0,4,2,0.0,0,BB,MAR,Online TA,TA/TO,0,0,0,A,A,0,No Deposit,9.0,0,Transient,83.09,0,1
City Hotel,1,50,2017,January,2,10,4,11,2,0.0,0,BB,AGO,Online TA,TA/TO,0,0,0,D,D,0,No Deposit,9.0,0,Transient,96.9,0,0
City Hotel,1,136,2017,January,2,11,0,3,2,0.0,0,SC,BEL,Online TA,TA/TO,0,0,0,A,A,0,No Deposit,9.0,0,Transient,79.2,0,2
City Hotel,1,48,2017,January,2,11,0,4,2,0.0,0,SC,ITA,Online TA,TA/TO,0,0,0,A,A,0,No Deposit,9.0,0,Transient,74.8,0,0
City Hotel,1,45,2017,January,2,11,1,4,2,0.0,0,BB,PRT,Online TA,TA/TO,0,0,0,D,D,0,No Deposit,7.0,0,Transient,74.61,0,1
City Hotel,1,552,2017,January,2,12,0,2,2,0.0,0,BB,PRT,Groups,TA/TO,0,0,0,A,A,0,Non Refund,1.0,0,Transient,62.0,0,0
City Hotel,1,552,2017,January,2,12,0,2,2,0.0,0,BB,PRT,Groups,TA/TO,0,0,0,A,A,0,Non Refund,1.0,0,Transient,62.0,0,0
City Hotel,1,65,2017,January,2,12,0,2,2,0.0,0,BB,PRT,Groups,TA/TO,0,0,0,A,A,1,No Deposit,,0,Transient-Party,75.0,0,0
City Hotel,1,552,2017,January,2,12,0,2,2,0.0,0,BB,PRT,Groups,TA/TO,0,0,0,A,A,0,Non Refund,1.0,0,Transient,62.0,0,0
City Hotel,1,552,2017,January,2,12,0,2,2,0.0,0,BB,PRT,Groups,TA/TO,0,0,0,A,A,0,Non Refund,1.0,0,Transient,62.0,0,0
City Hotel,1,20,2017,January,2,12,0,2,2,0.0,0,BB,ESP,Online TA,TA/TO,0,0,0,A,A,0,No Deposit,9.0,0,Transient,97.5,0,0
City Hotel,1,552,2017,January,2,12,0,2,2,0.0,0,BB,PRT,Groups,TA/TO,0,0,0,A,A,0,Non Refund,1.0,0,Transient,62.0,0,0
City Hotel,1,552,2017,January,2,12,0,2,2,0.0,0,BB,PRT,Groups,TA/TO,0,0,0,A,A,0,Non Refund,1.0,0,Transient,62.0,0,0
City Hotel,1,552,2017,January,2,12,0,2,2,0.0,0,BB,PRT,Groups,TA/TO,0,0,0,A,A,0,Non Refund,1.0,0,Transient,62.0,0,0
City Hotel,1,552,2017,January,2,12,0,2,2,0.0,0,BB,PRT,Groups,TA/TO,0,0,0,A,A,0,Non Refund,1.0,0,Transient,62.0,0,0
City Hotel,1,552,2017,January,2,12,0,2,2,0.0,0,BB,PRT,Groups,TA/TO,0,0,0,A,A,0,Non Refund,1.0,0,Transient,62.0,0,0
City Hotel,1,20,2017,January,2,12,0,2,2,0.0,0,SC,GBR,Online TA,TA/TO,0,0,0,A,A,0,No Deposit,9.0,0,Transient,79.5,0,1
City Hotel,1,20,2017,January,2,12,0,2,2,0.0,0,BB,ESP,Online TA,TA/TO,0,0,0,A,A,0,No Deposit,9.0,0,Transient,97.5,0,0
City Hotel,1,552,2017,January,2,12,0,2,2,0.0,0,BB,PRT,Groups,TA/TO,0,0,0,A,A,0,Non Refund,1.0,0,Transient,62.0,0,0
City Hotel,1,552,2017,January,2,12,0,2,2,0.0,0,BB,PRT,Groups,TA/TO,0,0,0,A,A,0,Non Refund,1.0,0,Transient,62.0,0,0
City Hotel,1,552,2017,January,2,12,0,2,2,0.0,0,BB,PRT,Groups,TA/TO,0,0,0,A,A,0,Non Refund,1.0,0,Transient,62.0,0,0
City Hotel,1,552,2017,January,2,12,0,2,2,0.0,0,BB,PRT,Groups,TA/TO,0,0,0,A,A,0,Non Refund,1.0,0,Transient,62.0,0,0
City Hotel,1,552,2017,January,2,12,0,2,2,0.0,0,BB,PRT,Groups,TA/TO,0,0,0,A,A,0,Non Refund,1.0,0,Transient,62.0,0,0
City Hotel,1,552,2017,January,2,12,0,2,2,0.0,0,BB,PRT,Groups,TA/TO,0,0,0,A,A,0,Non Refund,1.0,0,Transient,62.0,0,0
City Hotel,1,65,2017,January,2,12,0,2,2,0.0,0,BB,PRT,Groups,TA/TO,0,0,0,A,A,1,No Deposit,,0,Transient-Party,75.0,0,0
City Hotel,1,21,2017,January,2,12,0,3,2,0.0,0,BB,ESP,Online TA,TA/TO,0,0,0,A,A,0,No Deposit,9.0,0,Transient,82.88,0,2
City Hotel,1,19,2017,January,2,12,0,3,2,0.0,0,BB,FRA,Online TA,TA/TO,0,0,0,A,A,0,No Deposit,9.0,0,Transient,82.88,0,0
City Hotel,1,135,2017,January,2,12,0,3,2,0.0,0,BB,ESP,Online TA,TA/TO,0,0,0,A,A,0,No Deposit,9.0,0,Transient,93.6,0,2
City Hotel,1,21,2017,January,2,12,0,3,2,0.0,0,BB,ESP,Online TA,TA/TO,0,0,0,A,A,0,No Deposit,9.0,0,Transient,82.88,0,2
City Hotel,1,34,2017,January,2,12,0,3,2,0.0,0,BB,GBR,Online TA,TA/TO,0,0,0,D,D,0,No Deposit,9.0,0,Transient,116.0,0,1
City Hotel,1,186,2017,January,2,12,0,3,2,0.0,0,BB,GBR,Online TA,TA/TO,0,0,0,D,D,0,No Deposit,9.0,0,Transient,103.5,0,2
City Hotel,1,19,2017,January,2,12,0,3,2,0.0,0,BB,FRA,Online TA,TA/TO,0,0,0,A,A,0,No Deposit,9.0,0,Transient,82.88,0,1
City Hotel,1,29,2017,January,2,12,0,3,2,0.0,0,SC,ITA,Online TA,TA/TO,0,0,0,A,A,0,No Deposit,9.0,0,Transient,88.0,0,2
City Hotel,1,10,2017,January,2,12,1,3,2,0.0,0,BB,FRA,Online TA,TA/TO,0,0,0,D,D,0,No Deposit,9.0,0,Transient,94.99,0,1
City Hotel,1,17,2017,January,2,12,1,3,2,0.0,0,BB,ESP,Online TA,TA/TO,0,0,0,A,A,0,No Deposit,9.0,0,Transient,82.88,0,3
City Hotel,1,10,2017,January,2,12,1,3,2,0.0,0,SC,FRA,Online TA,TA/TO,0,0,0,A,A,0,No Deposit,9.0,0,Transient,71.19,0,1
City Hotel,1,62,2017,January,2,12,2,3,2,0.0,0,BB,RUS,Online TA,TA/TO,0,0,0,A,A,0,No Deposit,9.0,0,Transient,88.4,0,0
City Hotel,1,62,2017,January,2,12,2,7,2,0.0,0,BB,BRA,Online TA,TA/TO,0,0,0,A,A,0,No Deposit,9.0,0,Transient,88.4,0,1
City Hotel,1,205,2017,January,2,13,0,1,2,0.0,0,BB,AUS,Online TA,TA/TO,0,0,0,A,A,0,No Deposit,9.0,0,Transient,90.0,0,1
City Hotel,1,205,2017,January,2,13,0,1,2,0.0,0,BB,AUS,Online TA,TA/TO,0,0,0,A,A,0,No Deposit,9.0,0,Transient,90.0,0,1
City Hotel,1,8,2017,January,2,13,0,1,2,0.0,0,BB,PRT,Online TA,TA/TO,0,0,0,D,D,0,No Deposit,9.0,0,Transient,117.0,0,2
City Hotel,1,8,2017,January,2,13,0,1,2,0.0,0,BB,PRT,Online TA,TA/TO,0,0,0,D,D,0,No Deposit,9.0,0,Transient,108.0,0,2
City Hotel,1,205,2017,January,2,13,0,1,2,0.0,0,BB,AUS,Online TA,TA/TO,0,0,0,D,D,0,No Deposit,9.0,0,Transient,122.4,0,1
City Hotel,1,205,2017,January,2,13,0,1,2,0.0,0,BB,AUS,Online TA,TA/TO,0,0,0,A,A,0,No Deposit,9.0,0,Transient,84.6,0,1
City Hotel,1,24,2017,January,2,13,0,2,2,0.0,0,SC,FRA,Online TA,TA/TO,0,0,0,A,A,0,No Deposit,9.0,0,Transient,79.5,0,1
City Hotel,1,277,2017,January,2,13,0,2,2,0.0,0,BB,PRT,Online TA,TA/TO,0,0,0,A,A,0,No Deposit,7.0,0,Transient,59.91,0,0
City Hotel,1,58,2017,January,2,13,0,2,2,0.0,0,SC,ESP,Online TA,TA/TO,0,0,0,A,A,0,No Deposit,9.0,0,Transient,79.2,0,1
City Hotel,1,124,2017,January,2,13,0,2,2,0.0,0,SC,GBR,Online TA,TA/TO,0,0,0,A,A,0,No Deposit,9.0,0,Transient,88.0,0,1
City Hotel,1,166,2017,January,2,13,0,2,2,0.0,0,BB,BRA,Online TA,TA/TO,0,0,0,A,A,0,No Deposit,9.0,0,Transient,90.0,0,1
City Hotel,1,165,2017,January,2,13,0,2,2,0.0,0,SC,BRA,Online TA,TA/TO,0,0,0,A,A,0,No Deposit,9.0,0,Transient,79.2,0,0
City Hotel,1,277,2017,January,2,13,0,2,2,0.0,0,BB,PRT,Online TA,TA/TO,0,0,0,A,A,0,No Deposit,7.0,0,Transient,59.91,0,0
City Hotel,1,124,2017,January,2,13,0,2,2,0.0,0,SC,GBR,Online TA,TA/TO,0,0,0,A,A,0,No Deposit,9.0,0,Transient,88.0,0,1
City Hotel,1,124,2017,January,2,13,0,2,2,0.0,0,SC,GBR,Online TA,TA/TO,0,0,0,A,A,0,No Deposit,9.0,0,Transient,88.0,0,1
City Hotel,1,29,2017,January,2,13,0,2,2,0.0,0,SC,FRA,Online TA,TA/TO,0,0,0,A,A,0,No Deposit,9.0,0,Transient,88.0,0,0
City Hotel,1,277,2017,January,2,13,0,2,2,0.0,0,BB,PRT,Online TA,TA/TO,0,0,0,A,A,0,No Deposit,7.0,0,Transient,59.91,0,0
City Hotel,1,277,2017,January,2,13,0,2,2,0.0,0,BB,PRT,Online TA,TA/TO,0,0,0,A,A,0,No Deposit,7.0,0,Transient,59.91,0,0
City Hotel,1,51,2017,January,2,13,1,2,2,0.0,0,BB,PRT,Online TA,TA/TO,0,0,0,D,D,0,No Deposit,7.0,0,Transient,79.0,0,0
City Hotel,1,20,2017,January,2,13,1,2,2,0.0,0,BB,ITA,Online TA,TA/TO,0,0,0,A,A,0,No Deposit,9.0,0,Transient,82.88,0,1
City Hotel,1,52,2017,January,2,13,1,2,2,0.0,0,BB,FRA,Online TA,TA/TO,0,0,0,A,A,0,No Deposit,7.0,0,Transient,93.6,0,0
City Hotel,1,257,2017,January,2,13,1,2,2,0.0,0,HB,ITA,Online TA,TA/TO,0,0,0,D,D,0,No Deposit,9.0,0,Transient,129.6,0,0
City Hotel,1,9,2017,January,2,13,2,2,2,0.0,0,BB,IRN,Online TA,TA/TO,0,0,0,A,A,0,No Deposit,9.0,0,Transient,83.3,0,0
City Hotel,1,75,2017,January,2,13,4,12,2,0.0,0,SC,AGO,Online TA,TA/TO,0,0,0,A,A,0,No Deposit,9.0,0,Transient,74.8,0,2
City Hotel,1,43,2017,January,2,13,2,4,2,0.0,0,BB,FRA,Direct,Direct,0,0,0,D,D,0,No Deposit,14.0,0,Transient,94.5,0,3
City Hotel,1,23,2017,January,2,14,0,1,2,0.0,0,BB,KOR,Online TA,TA/TO,0,0,0,A,A,0,No Deposit,9.0,0,Transient,97.5,0,1
City Hotel,1,23,2017,January,2,14,0,1,2,0.0,0,BB,KOR,Online TA,TA/TO,0,0,0,A,A,0,No Deposit,9.0,0,Transient,97.5,0,1
City Hotel,1,49,2017,January,2,14,0,1,2,0.0,0,SC,GBR,Online TA,TA/TO,0,0,0,A,A,0,No Deposit,9.0,0,Transient,79.2,0,0
City Hotel,1,23,2017,January,2,14,0,1,2,0.0,0,BB,KOR,Online TA,TA/TO,0,0,0,A,A,0,No Deposit,9.0,0,Transient,97.5,0,1
City Hotel,1,270,2017,January,2,14,1,1,2,0.0,0,BB,PRT,Online TA,TA/TO,0,0,0,A,A,0,No Deposit,9.0,0,Transient,81.9,0,1
City Hotel,1,55,2017,January,2,14,1,1,2,0.0,0,BB,ITA,Online TA,TA/TO,0,0,0,A,A,0,No Deposit,9.0,0,Transient,93.6,0,0
City Hotel,1,18,2017,January,2,14,1,1,2,0.0,0,BB,FRA,Online TA,TA/TO,0,0,0,D,D,0,No Deposit,9.0,0,Transient,147.5,0,1
City Hotel,1,258,2017,January,2,14,2,1,2,0.0,0,HB,ITA,Online TA,TA/TO,0,0,0,D,D,0,No Deposit,9.0,0,Transient,129.6,0,0
City Hotel,1,1,2017,January,2,14,2,1,2,0.0,0,HB,ITA,Online TA,TA/TO,0,0,0,F,F,0,No Deposit,83.0,0,Transient,175.2,0,0
City Hotel,1,253,2017,January,2,14,2,1,2,0.0,0,HB,ITA,Online TA,TA/TO,0,0,0,D,D,0,No Deposit,9.0,0,Transient,129.6,0,0
City Hotel,1,30,2017,January,2,14,2,2,2,0.0,0,BB,FRA,Online TA,TA/TO,0,0,0,A,A,0,No Deposit,9.0,0,Transient,90.1,0,1
City Hotel,1,22,2017,January,2,14,2,2,2,0.0,0,BB,FRA,Online TA,TA/TO,0,0,0,A,A,0,No Deposit,9.0,0,Transient,82.88,0,0
City Hotel,1,18,2017,January,2,14,2,2,2,0.0,0,BB,FRA,Online TA,TA/TO,0,0,0,A,A,0,No Deposit,9.0,0,Transient,82.88,0,0
City Hotel,1,30,2017,January,2,14,2,2,2,0.0,0,BB,FRA,Online TA,TA/TO,0,0,0,A,A,0,No Deposit,9.0,0,Transient,90.1,0,1
City Hotel,1,12,2017,January,2,14,2,2,2,0.0,0,BB,MAR,Online TA,TA/TO,0,0,0,A,A,0,No Deposit,9.0,0,Transient,82.88,0,0
City Hotel,1,22,2017,January,2,14,2,2,2,0.0,0,BB,FRA,Online TA,TA/TO,0,0,0,A,A,0,No Deposit,9.0,0,Transient,82.88,0,0
City Hotel,1,12,2017,January,2,14,2,2,2,0.0,0,BB,MAR,Online TA,TA/TO,0,0,0,A,A,0,No Deposit,9.0,0,Transient,82.88,0,0
City Hotel,1,18,2017,January,2,14,2,2,2,0.0,0,BB,FRA,Online TA,TA/TO,0,0,0,A,A,0,No Deposit,9.0,0,Transient,82.88,0,0
City Hotel,1,137,2017,January,2,14,4,6,2,0.0,0,SC,BRA,Online TA,TA/TO,0,0,0,A,A,0,No Deposit,9.0,0,Transient,74.8,0,2
City Hotel,1,42,2017,January,3,15,2,0,2,0.0,0,BB,ITA,Online TA,TA/TO,0,0,0,A,A,0,No Deposit,9.0,0,Transient,104.0,0,0
City Hotel,1,25,2017,January,3,15,2,1,2,0.0,0,SC,CHN,Online TA,TA/TO,0,0,0,A,A,0,No Deposit,9.0,0,Transient,79.5,0,0
City Hotel,1,23,2017,January,3,15,2,1,2,0.0,0,BB,ITA,Online TA,TA/TO,0,0,0,A,A,0,No Deposit,9.0,0,Transient,92.63,0,1
City Hotel,1,71,2017,January,3,15,2,2,2,0.0,0,BB,PRT,Online TA,TA/TO,0,0,0,A,A,0,No Deposit,8.0,0,Transient,88.4,0,3
City Hotel,1,359,2017,January,3,15,2,3,2,0.0,0,BB,DEU,Online TA,TA/TO,0,0,0,A,A,0,No Deposit,9.0,0,Transient,77.35,0,0
City Hotel,1,52,2017,January,3,15,2,4,2,0.0,0,BB,AUT,Online TA,TA/TO,0,0,0,D,D,0,No Deposit,9.0,0,Transient,96.9,0,0
City Hotel,1,6,2017,January,3,15,4,6,2,0.0,0,SC,CHE,Online TA,TA/TO,0,0,0,A,A,0,No Deposit,9.0,0,Transient,74.06,0,1
City Hotel,1,46,2017,January,3,15,4,8,2,0.0,0,BB,PRT,Online TA,TA/TO,0,0,0,D,D,0,No Deposit,8.0,0,Transient,96.91,0,0
City Hotel,1,123,2017,January,3,15,10,20,2,0.0,0,SC,AGO,Online TA,TA/TO,0,0,0,A,A,0,No Deposit,9.0,0,Transient,88.0,0,0
City Hotel,1,208,2017,January,3,16,1,0,2,0.0,0,BB,AUS,Online TA,TA/TO,0,0,0,A,A,0,No Deposit,9.0,0,Transient,84.6,0,0
City Hotel,1,278,2017,January,3,16,1,0,2,0.0,0,BB,SGP,Direct,Direct,0,0,0,A,A,0,No Deposit,14.0,0,Transient,67.15,0,0
City Hotel,1,208,2017,January,3,16,1,0,2,0.0,0,BB,AUS,Online TA,TA/TO,0,0,0,D,D,0,No Deposit,9.0,0,Transient,122.4,0,2
City Hotel,1,208,2017,January,3,16,1,0,2,0.0,0,BB,AUS,Online TA,TA/TO,0,0,0,A,A,0,No Deposit,9.0,0,Transient,90.0,0,0
City Hotel,1,278,2017,January,3,16,1,0,2,0.0,0,BB,SGP,Direct,Direct,0,0,0,A,A,0,No Deposit,14.0,0,Transient,67.15,0,0
City Hotel,1,48,2017,January,3,16,1,1,2,0.0,0,BB,ITA,Online TA,TA/TO,0,0,0,A,A,0,No Deposit,9.0,0,Transient,93.6,0,0
City Hotel,1,208,2017,January,3,16,1,0,2,0.0,0,BB,AUS,Online TA,TA/TO,0,0,0,A,A,0,No Deposit,9.0,0,Transient,90.0,0,1
City Hotel,1,278,2017,January,3,16,1,0,2,0.0,0,BB,SGP,Direct,Direct,0,0,0,A,A,0,No Deposit,14.0,0,Transient,67.15,0,0
City Hotel,1,6,2017,January,3,16,1,1,2,0.0,0,SC,PRT,Online TA,TA/TO,0,0,0,A,A,0,No Deposit,9.0,0,Transient,88.0,0,0
City Hotel,1,6,2017,January,3,16,1,1,2,0.0,0,BB,PRT,Online TA,TA/TO,0,0,0,A,A,0,No Deposit,9.0,0,Transient,106.0,0,0
City Hotel,1,27,2017,January,3,16,1,3,2,0.0,0,BB,ITA,Online TA,TA/TO,0,0,0,A,A,0,No Deposit,9.0,0,Transient,95.09,0,1
City Hotel,1,41,2017,January,3,16,1,5,2,0.0,0,BB,SWE,Online TA,TA/TO,0,0,0,A,A,0,No Deposit,9.0,0,Transient,88.4,0,0
City Hotel,1,21,2017,January,3,16,1,5,2,0.0,0,BB,USA,Direct,Direct,0,0,0,D,D,0,No Deposit,14.0,0,Transient,95.16,0,0
City Hotel,1,41,2017,January,3,16,1,5,2,0.0,0,BB,PRT,Offline TA/TO,TA/TO,0,0,0,A,A,0,No Deposit,138.0,0,Transient,68.0,0,0
City Hotel,1,22,2017,January,3,16,1,5,2,0.0,0,BB,USA,Online TA,TA/TO,0,0,0,D,D,0,No Deposit,9.0,0,Transient,99.24,0,0
City Hotel,1,29,2017,January,3,16,2,5,2,0.0,0,SC,CHN,Online TA,TA/TO,0,0,0,A,A,0,No Deposit,9.0,0,Transient,68.77,0,0
City Hotel,1,64,2017,January,3,16,2,5,2,0.0,0,SC,PRT,Online TA,TA/TO,0,0,0,A,A,0,No Deposit,9.0,0,Transient,74.8,0,0
City Hotel,1,29,2017,January,3,16,2,5,2,0.0,0,SC,PRT,Online TA,TA/TO,0,0,0,A,A,0,No Deposit,9.0,0,Transient,76.42,0,1
City Hotel,1,9,2017,January,3,16,5,13,2,0.0,0,BB,AGO,Online TA,TA/TO,0,0,0,D,D,0,No Deposit,9.0,0,Transient,94.35,0,0
City Hotel,1,160,2017,January,3,17,0,3,2,0.0,0,SC,CHN,Online TA,TA/TO,0,0,0,A,A,0,No Deposit,9.0,0,Transient,71.28,0,0
City Hotel,1,34,2017,January,3,18,0,1,2,0.0,0,BB,PRT,Offline TA/TO,TA/TO,0,0,0,A,A,0,No Deposit,19.0,0,Transient-Party,75.0,0,0
City Hotel,1,34,2017,January,3,18,0,1,2,0.0,0,BB,PRT,Offline TA/TO,TA/TO,0,0,0,A,A,0,No Deposit,19.0,0,Transient-Party,75.0,0,0
City Hotel,1,34,2017,January,3,18,0,1,2,0.0,0,BB,PRT,Offline TA/TO,TA/TO,0,0,0,A,A,0,No Deposit,19.0,0,Transient-Party,75.0,0,0
City Hotel,1,34,2017,January,3,18,0,1,2,0.0,0,BB,PRT,Offline TA/TO,TA/TO,0,0,0,A,A,0,No Deposit,19.0,0,Transient-Party,75.0,0,0
City Hotel,1,34,2017,January,3,18,0,1,2,0.0,0,BB,PRT,Offline TA/TO,TA/TO,0,0,0,A,A,0,No Deposit,19.0,0,Transient-Party,75.0,0,0
City Hotel,1,34,2017,January,3,18,0,1,2,0.0,0,BB,PRT,Offline TA/TO,TA/TO,0,0,0,A,A,0,No Deposit,19.0,0,Transient-Party,75.0,0,0
City Hotel,1,34,2017,January,3,18,0,1,2,0.0,0,BB,PRT,Offline TA/TO,TA/TO,0,0,0,A,A,0,No Deposit,19.0,0,Transient-Party,75.0,0,0
City Hotel,1,62,2017,January,3,18,0,2,2,0.0,0,BB,GBR,Online TA,TA/TO,0,0,0,A,A,0,No Deposit,9.0,0,Transient,93.6,0,1
City Hotel,1,54,2017,January,3,18,0,3,2,0.0,0,BB,PRT,Offline TA/TO,TA/TO,0,0,0,A,A,0,Non Refund,171.0,0,Transient,65.0,0,0
City Hotel,1,54,2017,January,3,18,0,3,2,0.0,0,BB,PRT,Offline TA/TO,TA/TO,0,0,0,A,A,0,Non Refund,171.0,0,Transient,65.0,0,0
City Hotel,1,54,2017,January,3,18,0,3,2,0.0,0,BB,PRT,Offline TA/TO,TA/TO,0,0,0,A,A,0,Non Refund,171.0,0,Transient,65.0,0,0
City Hotel,1,70,2017,January,3,18,0,3,2,0.0,0,BB,PRT,Offline TA/TO,TA/TO,0,0,0,A,A,0,Non Refund,171.0,16,Transient,65.0,0,0
City Hotel,1,54,2017,January,3,18,0,3,2,0.0,0,BB,PRT,Offline TA/TO,TA/TO,0,0,0,A,A,0,Non Refund,171.0,0,Transient,65.0,0,0
City Hotel,1,54,2017,January,3,18,0,3,2,0.0,0,BB,PRT,Offline TA/TO,TA/TO,0,0,0,A,A,0,Non Refund,171.0,0,Transient,65.0,0,0
City Hotel,1,54,2017,January,3,18,0,3,2,0.0,0,BB,PRT,Offline TA/TO,TA/TO,0,0,0,A,A,0,Non Refund,171.0,0,Transient,65.0,0,0
City Hotel,1,54,2017,January,3,18,0,3,2,0.0,0,BB,PRT,Offline TA/TO,TA/TO,0,0,0,A,A,0,Non Refund,171.0,0,Transient,65.0,0,0
City Hotel,1,54,2017,January,3,18,0,3,2,0.0,0,BB,PRT,Offline TA/TO,TA/TO,0,0,0,A,A,0,Non Refund,171.0,0,Transient,65.0,0,0
City Hotel,1,29,2017,January,3,18,0,3,2,0.0,0,BB,PRT,Groups,TA/TO,0,0,0,A,A,0,No Deposit,171.0,0,Transient-Party,65.0,0,0
City Hotel,1,54,2017,January,3,18,0,3,2,0.0,0,BB,PRT,Offline TA/TO,TA/TO,0,0,0,A,A,0,Non Refund,171.0,0,Transient,65.0,0,0
City Hotel,1,54,2017,January,3,18,0,3,2,0.0,0,BB,PRT,Offline TA/TO,TA/TO,0,0,0,A,A,0,Non Refund,171.0,0,Transient,65.0,0,0
City Hotel,1,54,2017,January,3,18,0,3,2,0.0,0,BB,PRT,Offline TA/TO,TA/TO,0,0,0,A,A,0,Non Refund,171.0,0,Transient,65.0,0,0
City Hotel,1,54,2017,January,3,18,0,3,2,0.0,0,BB,PRT,Offline TA/TO,TA/TO,0,0,0,A,A,0,Non Refund,171.0,0,Transient,65.0,0,0
City Hotel,1,54,2017,January,3,18,0,3,2,0.0,0,BB,PRT,Offline TA/TO,TA/TO,0,0,0,A,A,0,Non Refund,171.0,0,Transient,65.0,0,0
City Hotel,1,54,2017,January,3,18,0,3,2,0.0,0,BB,PRT,Offline TA/TO,TA/TO,0,0,0,A,A,0,Non Refund,171.0,0,Transient,65.0,0,0
City Hotel,1,54,2017,January,3,18,0,3,2,0.0,0,BB,PRT,Offline TA/TO,TA/TO,0,0,0,A,A,0,Non Refund,171.0,0,Transient,65.0,0,0
City Hotel,1,54,2017,January,3,18,0,3,2,0.0,0,BB,PRT,Offline TA/TO,TA/TO,0,0,0,A,A,0,Non Refund,171.0,0,Transient,65.0,0,0
City Hotel,1,54,2017,January,3,18,0,3,2,0.0,0,BB,PRT,Offline TA/TO,TA/TO,0,0,0,A,A,0,Non Refund,171.0,0,Transient,65.0,0,0
City Hotel,1,54,2017,January,3,18,0,3,2,0.0,0,BB,PRT,Offline TA/TO,TA/TO,0,0,0,A,A,0,Non Refund,171.0,0,Transient,65.0,0,0
City Hotel,1,54,2017,January,3,18,0,3,2,0.0,0,BB,PRT,Offline TA/TO,TA/TO,0,0,0,A,A,0,Non Refund,171.0,0,Transient,65.0,0,0
City Hotel,1,54,2017,January,3,18,0,3,2,0.0,0,BB,PRT,Offline TA/TO,TA/TO,0,0,0,A,A,0,Non Refund,171.0,0,Transient,65.0,0,0
City Hotel,1,54,2017,January,3,18,0,3,2,0.0,0,BB,PRT,Offline TA/TO,TA/TO,0,0,0,A,A,0,Non Refund,171.0,0,Transient,65.0,0,0
City Hotel,1,54,2017,January,3,18,0,3,2,0.0,0,BB,PRT,Offline TA/TO,TA/TO,0,0,0,A,A,0,Non Refund,171.0,0,Transient,65.0,0,0
City Hotel,1,54,2017,January,3,18,0,3,2,0.0,0,BB,PRT,Offline TA/TO,TA/TO,0,0,0,A,A,0,Non Refund,171.0,0,Transient,65.0,0,0
City Hotel,1,54,2017,January,3,18,0,3,2,0.0,0,BB,PRT,Offline TA/TO,TA/TO,0,0,0,A,A,0,Non Refund,171.0,0,Transient,65.0,0,0
City Hotel,1,54,2017,January,3,18,0,3,2,0.0,0,BB,PRT,Offline TA/TO,TA/TO,0,0,0,A,A,0,Non Refund,171.0,0,Transient,65.0,0,0
City Hotel,1,54,2017,January,3,18,0,3,2,0.0,0,BB,PRT,Offline TA/TO,TA/TO,0,0,0,A,A,0,Non Refund,171.0,0,Transient,65.0,0,0
City Hotel,1,54,2017,January,3,18,0,3,2,0.0,0,BB,PRT,Offline TA/TO,TA/TO,0,0,0,A,A,0,Non Refund,171.0,0,Transient,65.0,0,0
City Hotel,1,54,2017,January,3,18,0,3,2,0.0,0,BB,PRT,Offline TA/TO,TA/TO,0,0,0,A,A,0,Non Refund,171.0,0,Transient,65.0,0,0
City Hotel,1,54,2017,January,3,18,0,3,2,0.0,0,BB,PRT,Offline TA/TO,TA/TO,0,0,0,A,A,0,Non Refund,171.0,0,Transient,65.0,0,0
City Hotel,1,54,2017,January,3,18,0,3,2,0.0,0,BB,PRT,Offline TA/TO,TA/TO,0,0,0,A,A,0,Non Refund,171.0,0,Transient,65.0,0,0
City Hotel,1,29,2017,January,3,18,0,3,2,0.0,0,BB,PRT,Groups,TA/TO,0,0,0,A,A,0,No Deposit,171.0,0,Transient-Party,65.0,0,0
City Hotel,1,54,2017,January,3,18,0,3,2,0.0,0,BB,PRT,Offline TA/TO,TA/TO,0,0,0,A,A,0,Non Refund,171.0,0,Transient,65.0,0,0
City Hotel,1,54,2017,January,3,18,0,3,2,0.0,0,BB,PRT,Offline TA/TO,TA/TO,0,0,0,A,A,0,Non Refund,171.0,0,Transient,65.0,0,0
City Hotel,1,29,2017,January,3,18,0,3,2,0.0,0,BB,PRT,Groups,TA/TO,0,0,0,A,A,0,No Deposit,171.0,0,Transient-Party,65.0,0,0
City Hotel,1,54,2017,January,3,18,0,3,2,0.0,0,BB,PRT,Offline TA/TO,TA/TO,0,0,0,A,A,0,Non Refund,171.0,0,Transient,65.0,0,0
City Hotel,1,54,2017,January,3,18,0,3,2,0.0,0,BB,PRT,Offline TA/TO,TA/TO,0,0,0,A,A,0,Non Refund,171.0,0,Transient,65.0,0,0
City Hotel,1,29,2017,January,3,18,0,3,2,0.0,0,BB,PRT,Groups,TA/TO,0,0,0,A,A,0,No Deposit,171.0,0,Transient-Party,65.0,0,0
City Hotel,1,54,2017,January,3,18,0,3,2,0.0,0,BB,PRT,Offline TA/TO,TA/TO,0,0,0,A,A,0,Non Refund,171.0,0,Transient,65.0,0,0
City Hotel,1,54,2017,January,3,18,0,3,2,0.0,0,BB,PRT,Offline TA/TO,TA/TO,0,0,0,A,A,0,Non Refund,171.0,0,Transient,65.0,0,0
City Hotel,1,54,2017,January,3,18,0,3,2,0.0,0,BB,PRT,Offline TA/TO,TA/TO,0,0,0,A,A,0,Non Refund,171.0,0,Transient,65.0,0,0
City Hotel,1,54,2017,January,3,18,0,3,2,0.0,0,BB,PRT,Offline TA/TO,TA/TO,0,0,0,A,A,0,Non Refund,171.0,0,Transient,65.0,0,0
City Hotel,1,54,2017,January,3,18,0,3,2,0.0,0,BB,PRT,Offline TA/TO,TA/TO,0,0,0,A,A,0,Non Refund,171.0,0,Transient,65.0,0,0
City Hotel,1,73,2017,January,3,18,0,4,2,0.0,0,HB,PRT,Online TA,TA/TO,0,0,0,A,A,0,No Deposit,7.0,0,Transient,88.29,0,0
City Hotel,1,67,2017,January,3,18,0,4,2,0.0,0,SC,BEL,Online TA,TA/TO,0,0,0,A,A,0,No Deposit,9.0,0,Transient,74.8,0,2
City Hotel,1,74,2017,January,3,18,0,4,2,0.0,0,BB,PRT,Online TA,TA/TO,0,0,0,A,A,0,No Deposit,7.0,0,Transient,88.39,0,0
City Hotel,1,14,2017,January,3,18,0,4,2,0.0,0,BB,DEU,Online TA,TA/TO,0,0,0,A,A,0,No Deposit,9.0,0,Transient,94.78,0,0
City Hotel,1,23,2017,January,3,18,2,4,2,0.0,0,BB,TUR,Online TA,TA/TO,0,0,0,D,D,0,No Deposit,9.0,0,Transient,99.24,0,0
City Hotel,1,2,2017,January,3,19,0,1,2,0.0,0,BB,ESP,Online TA,TA/TO,0,0,0,A,A,0,No Deposit,9.0,0,Transient,108.0,0,1
City Hotel,1,559,2017,January,3,19,0,2,2,0.0,0,BB,PRT,Groups,TA/TO,0,0,0,A,A,0,Non Refund,1.0,0,Transient,62.0,0,0
City Hotel,1,559,2017,January,3,19,0,2,2,0.0,0,BB,PRT,Groups,TA/TO,0,0,0,A,A,0,Non Refund,1.0,0,Transient,62.0,0,0
City Hotel,1,559,2017,January,3,19,0,2,2,0.0,0,BB,PRT,Groups,TA/TO,0,0,0,A,A,0,Non Refund,1.0,0,Transient,62.0,0,0
City Hotel,1,559,2017,January,3,19,0,2,2,0.0,0,BB,PRT,Groups,TA/TO,0,0,0,A,A,0,Non Refund,1.0,0,Transient,62.0,0,0
City Hotel,1,559,2017,January,3,19,0,2,2,0.0,0,BB,PRT,Groups,TA/TO,0,0,0,A,A,0,Non Refund,1.0,0,Transient,62.0,0,0
City Hotel,1,559,2017,January,3,19,0,2,2,0.0,0,BB,PRT,Groups,TA/TO,0,0,0,A,A,0,Non Refund,1.0,0,Transient,62.0,0,0
City Hotel,1,559,2017,January,3,19,0,2,2,0.0,0,BB,PRT,Groups,TA/TO,0,0,0,A,A,0,Non Refund,1.0,0,Transient,62.0,0,0
City Hotel,1,559,2017,January,3,19,0,2,2,0.0,0,BB,PRT,Groups,TA/TO,0,0,0,A,A,0,Non Refund,1.0,0,Transient,62.0,0,0
City Hotel,1,559,2017,January,3,19,0,2,2,0.0,0,BB,PRT,Groups,TA/TO,0,0,0,A,A,0,Non Refund,1.0,0,Transient,62.0,0,0
City Hotel,1,559,2017,January,3,19,0,2,2,0.0,0,BB,PRT,Groups,TA/TO,0,0,0,A,A,0,Non Refund,1.0,0,Transient,62.0,0,0
City Hotel,1,559,2017,January,3,19,0,2,2,0.0,0,BB,PRT,Groups,TA/TO,0,0,0,A,A,0,Non Refund,1.0,0,Transient,62.0,0,0
City Hotel,1,559,2017,January,3,19,0,2,2,0.0,0,BB,PRT,Groups,TA/TO,0,0,0,A,A,0,Non Refund,1.0,0,Transient,62.0,0,0
City Hotel,1,559,2017,January,3,19,0,2,2,0.0,0,BB,PRT,Groups,TA/TO,0,0,0,A,A,0,Non Refund,1.0,0,Transient,62.0,0,0
City Hotel,1,559,2017,January,3,19,0,2,2,0.0,0,BB,PRT,Groups,TA/TO,0,0,0,A,A,0,Non Refund,1.0,0,Transient,62.0,0,0
City Hotel,1,559,2017,January,3,19,0,2,2,0.0,0,BB,PRT,Groups,TA/TO,0,0,0,A,A,0,Non Refund,1.0,0,Transient,62.0,0,0
City Hotel,1,46,2017,January,3,19,0,3,2,0.0,0,BB,FRA,Online TA,TA/TO,0,0,0,A,A,0,No Deposit,9.0,0,Transient,93.6,0,0
City Hotel,1,88,2017,January,3,19,0,3,2,0.0,0,BB,NLD,Online TA,TA/TO,0,0,0,A,A,0,No Deposit,9.0,0,Transient,93.6,0,1
City Hotel,1,49,2017,January,3,19,0,3,2,0.0,0,BB,FRA,Direct,Direct,0,0,0,E,E,2,No Deposit,14.0,0,Transient,153.87,0,0
City Hotel,1,72,2017,January,3,19,0,3,2,0.0,0,BB,ITA,Online TA,TA/TO,0,0,0,D,D,0,No Deposit,9.0,0,Transient,102.6,0,1
City Hotel,1,30,2017,January,3,19,1,3,2,0.0,0,SC,ESP,Online TA,TA/TO,0,0,0,A,A,0,No Deposit,9.0,0,Transient,75.44,0,2
City Hotel,1,177,2017,January,3,19,1,3,2,0.0,0,BB,GBR,Online TA,TA/TO,0,0,0,A,A,0,No Deposit,9.0,0,Transient,85.0,0,1
City Hotel,1,130,2017,January,3,20,0,1,2,0.0,0,BB,GBR,Online TA,TA/TO,0,0,0,A,A,0,No Deposit,9.0,0,Transient,104.0,0,0
City Hotel,1,40,2017,January,3,20,0,1,2,0.0,0,BB,PRT,Online TA,TA/TO,0,0,0,A,A,0,No Deposit,9.0,0,Transient,106.0,0,3
City Hotel,1,23,2017,January,3,20,0,2,2,0.0,0,BB,FRA,Online TA,TA/TO,0,0,0,A,A,0,No Deposit,9.0,0,Transient,106.75,0,2
City Hotel,1,76,2017,January,3,20,0,2,2,0.0,0,SC,FRA,Online TA,TA/TO,0,0,0,A,A,0,No Deposit,9.0,0,Transient,79.2,0,1
City Hotel,1,28,2017,January,3,20,0,2,2,0.0,0,SC,ESP,Online TA,TA/TO,0,0,0,A,A,0,No Deposit,9.0,0,Transient,88.75,0,1
City Hotel,1,115,2017,January,3,20,0,2,2,0.0,0,SC,NLD,Online TA,TA/TO,0,0,0,A,A,0,No Deposit,9.0,0,Transient,79.2,0,0
City Hotel,1,80,2017,January,3,20,0,2,2,0.0,0,BB,ESP,Online TA,TA/TO,0,0,0,A,A,0,No Deposit,9.0,0,Transient,93.6,0,0
City Hotel,1,178,2017,January,3,20,1,2,2,0.0,0,BB,BLR,Online TA,TA/TO,0,0,0,A,A,0,No Deposit,9.0,0,Transient,90.0,0,0
City Hotel,1,56,2017,January,3,20,1,2,2,0.0,0,BB,GBR,Online TA,TA/TO,0,0,0,A,A,0,No Deposit,9.0,0,Transient,93.6,0,0
City Hotel,1,51,2017,January,3,20,2,2,2,0.0,0,BB,BEL,Online TA,TA/TO,0,0,0,A,A,0,No Deposit,9.0,0,Transient,88.4,0,1
City Hotel,1,121,2017,January,3,20,2,2,2,0.0,0,BB,LUX,Online TA,TA/TO,0,0,0,D,D,0,No Deposit,9.0,0,Transient,96.9,0,1
City Hotel,1,279,2017,January,3,20,2,2,2,0.0,0,BB,FRA,Online TA,TA/TO,0,0,0,A,A,0,No Deposit,9.0,0,Transient,77.35,0,1
City Hotel,1,220,2017,January,3,20,2,5,2,0.0,0,HB,DEU,Online TA,TA/TO,0,0,0,A,A,0,No Deposit,9.0,0,Transient,117.3,0,3
City Hotel,1,29,2017,January,3,21,0,1,2,0.0,0,BB,ESP,Online TA,TA/TO,0,0,0,A,A,0,No Deposit,9.0,0,Transient,97.5,0,0
City Hotel,1,131,2017,January,3,21,0,1,2,0.0,0,BB,GBR,Online TA,TA/TO,0,0,0,A,A,0,No Deposit,9.0,0,Transient,104.0,0,0
City Hotel,1,38,2017,January,3,21,0,1,2,0.0,0,SC,ESP,Online TA,TA/TO,0,0,0,A,A,0,No Deposit,9.0,0,Transient,88.0,0,1
City Hotel,1,15,2017,January,3,21,1,1,2,0.0,0,SC,ESP,Online TA,TA/TO,0,0,0,A,A,0,No Deposit,9.0,0,Transient,80.0,0,0
City Hotel,1,18,2017,January,3,21,1,1,2,0.0,0,BB,FRA,Online TA,TA/TO,0,0,0,A,A,0,No Deposit,9.0,0,Transient,97.5,0,0
City Hotel,1,251,2017,January,3,21,2,2,2,0.0,0,BB,BRA,Online TA,TA/TO,0,0,0,A,A,0,No Deposit,9.0,0,Transient,77.35,0,0
City Hotel,1,305,2017,January,3,21,2,2,2,0.0,0,BB,BRA,Online TA,TA/TO,0,0,0,A,A,0,No Deposit,9.0,0,Transient,77.35,0,0
City Hotel,1,305,2017,January,3,21,2,2,2,0.0,0,BB,BRA,Online TA,TA/TO,0,0,0,A,A,0,No Deposit,9.0,0,Transient,77.35,0,1
City Hotel,1,294,2017,January,3,21,2,2,2,0.0,0,BB,BRA,Online TA,TA/TO,0,0,0,A,A,0,No Deposit,9.0,0,Transient,77.35,0,0
City Hotel,1,50,2017,January,3,21,2,2,2,0.0,0,BB,NLD,Online TA,TA/TO,0,0,0,A,A,0,No Deposit,9.0,0,Transient,88.4,0,0
City Hotel,1,256,2017,January,3,21,2,2,2,0.0,0,BB,BRA,Online TA,TA/TO,0,0,0,A,A,0,No Deposit,9.0,0,Transient,77.35,0,0
City Hotel,1,294,2017,January,3,21,2,2,2,0.0,0,BB,BRA,Online TA,TA/TO,0,0,0,A,A,0,No Deposit,9.0,0,Transient,77.35,0,0
City Hotel,1,305,2017,January,3,21,2,2,2,0.0,0,BB,BRA,Online TA,TA/TO,0,0,0,A,A,0,No Deposit,9.0,0,Transient,77.35,0,1
City Hotel,1,74,2017,January,3,21,2,1,2,0.0,0,SC,CHN,Online TA,TA/TO,0,0,0,A,A,0,No Deposit,9.0,0,Transient,71.28,0,2
City Hotel,1,59,2017,January,3,21,2,1,2,0.0,0,BB,FRA,Online TA,TA/TO,0,0,0,D,D,0,No Deposit,9.0,0,Transient,102.6,0,0
City Hotel,1,251,2017,January,3,21,2,2,2,0.0,0,BB,BRA,Online TA,TA/TO,0,0,0,A,A,0,No Deposit,9.0,0,Transient,77.35,0,0
City Hotel,1,251,2017,January,3,21,2,2,2,0.0,0,BB,BRA,Online TA,TA/TO,0,0,0,A,A,0,No Deposit,9.0,0,Transient,77.35,0,0
City Hotel,1,294,2017,January,3,21,2,2,2,0.0,0,BB,BRA,Online TA,TA/TO,0,0,0,A,A,0,No Deposit,9.0,0,Transient,77.35,0,0
City Hotel,1,251,2017,January,3,21,2,2,2,0.0,0,BB,BRA,Online TA,TA/TO,0,0,0,A,A,0,No Deposit,9.0,0,Transient,77.35,0,0
City Hotel,1,305,2017,January,3,21,2,2,2,0.0,0,BB,BRA,Online TA,TA/TO,0,0,0,A,A,0,No Deposit,9.0,0,Transient,77.35,0,1
City Hotel,1,42,2017,January,3,21,2,4,2,0.0,0,BB,CHN,Online TA,TA/TO,0,0,0,A,A,0,No Deposit,9.0,0,Transient,81.09,0,1
City Hotel,1,305,2017,January,3,21,2,4,2,0.0,0,BB,BRA,Online TA,TA/TO,0,0,0,A,A,2,No Deposit,9.0,0,Transient,77.35,0,0
City Hotel,1,62,2017,January,3,21,4,6,2,0.0,0,BB,BRA,Online TA,TA/TO,0,0,0,D,D,0,No Deposit,9.0,0,Transient,96.9,0,0
City Hotel,1,40,2017,January,4,22,1,0,2,0.0,0,SC,LUX,Online TA,TA/TO,0,0,0,A,A,0,No Deposit,9.0,0,Transient,88.0,0,0
City Hotel,1,53,2017,January,4,22,2,0,2,0.0,0,BB,FRA,Online TA,TA/TO,0,0,0,A,A,4,No Deposit,9.0,0,Transient,93.6,0,2
City Hotel,1,46,2017,January,4,22,2,0,2,0.0,0,BB,FRA,Direct,Direct,0,0,0,A,A,0,No Deposit,14.0,0,Transient,79.2,0,0
City Hotel,1,46,2017,January,4,22,2,0,2,0.0,0,BB,FRA,Direct,Direct,0,0,0,A,A,0,No Deposit,14.0,0,Transient,79.2,0,0
City Hotel,1,53,2017,January,4,22,2,0,2,0.0,0,BB,FRA,Online TA,TA/TO,0,0,0,A,A,4,No Deposit,9.0,0,Transient,93.6,0,2
City Hotel,1,30,2017,January,4,22,2,0,2,0.0,0,BB,TWN,Online TA,TA/TO,0,0,0,A,A,0,No Deposit,9.0,0,Transient,97.5,0,3
City Hotel,1,43,2017,January,4,22,2,2,2,0.0,0,SC,FRA,Online TA,TA/TO,0,0,0,A,A,0,No Deposit,9.0,0,Transient,74.8,0,2
City Hotel,1,2,2017,January,4,22,2,2,2,0.0,0,HB,FRA,Online TA,TA/TO,0,0,0,A,A,0,No Deposit,9.0,0,Transient,124.1,0,1
City Hotel,1,26,2017,January,4,22,2,2,2,0.0,0,SC,CHN,Online TA,TA/TO,0,0,0,A,A,0,No Deposit,9.0,0,Transient,60.82,0,0
City Hotel,1,2,2017,January,4,22,2,2,2,0.0,0,HB,FRA,Online TA,TA/TO,0,0,0,A,A,0,No Deposit,9.0,0,Transient,124.1,0,1
City Hotel,1,257,2017,January,4,22,2,3,2,0.0,0,BB,BRA,Online TA,TA/TO,0,0,0,A,A,2,No Deposit,9.0,0,Transient,77.35,0,0
City Hotel,1,34,2017,January,4,22,2,4,2,0.0,0,BB,GBR,Online TA,TA/TO,0,0,0,A,A,0,No Deposit,9.0,0,Transient,82.88,0,0
City Hotel,1,8,2017,January,4,22,2,3,2,0.0,0,BB,ITA,Online TA,TA/TO,0,0,0,D,D,2,No Deposit,9.0,0,Transient,102.0,0,0
City Hotel,1,59,2017,January,4,23,1,1,2,0.0,0,BB,PRT,Groups,TA/TO,0,0,0,A,A,0,Non Refund,326.0,0,Transient,80.0,0,0
City Hotel,1,59,2017,January,4,23,1,1,2,0.0,0,BB,PRT,Groups,TA/TO,0,0,0,A,A,0,Non Refund,326.0,0,Transient,80.0,0,0
City Hotel,1,59,2017,January,4,23,1,1,2,0.0,0,BB,PRT,Groups,TA/TO,0,0,0,A,A,0,Non Refund,326.0,0,Transient,80.0,0,0
City Hotel,1,59,2017,January,4,23,1,1,2,0.0,0,BB,PRT,Groups,TA/TO,0,0,0,A,A,0,Non Refund,326.0,0,Transient,80.0,0,0
City Hotel,1,59,2017,January,4,23,1,1,2,0.0,0,BB,PRT,Groups,TA/TO,0,0,0,A,A,0,Non Refund,326.0,0,Transient,80.0,0,0
City Hotel,1,59,2017,January,4,23,1,1,2,0.0,0,BB,PRT,Groups,TA/TO,0,0,0,A,A,0,Non Refund,326.0,0,Transient,80.0,0,0
City Hotel,1,59,2017,January,4,23,1,1,2,0.0,0,BB,PRT,Groups,TA/TO,0,0,0,A,A,0,Non Refund,326.0,0,Transient,80.0,0,0
City Hotel,1,59,2017,January,4,23,1,1,2,0.0,0,BB,PRT,Groups,TA/TO,0,0,0,A,A,0,Non Refund,326.0,0,Transient,80.0,0,0
City Hotel,1,59,2017,January,4,23,1,1,2,0.0,0,BB,PRT,Groups,TA/TO,0,0,0,A,A,0,Non Refund,326.0,0,Transient,80.0,0,0
City Hotel,1,59,2017,January,4,23,1,1,2,0.0,0,BB,PRT,Groups,TA/TO,0,0,0,A,A,0,Non Refund,326.0,0,Transient,80.0,0,0
City Hotel,1,59,2017,January,4,23,1,1,2,0.0,0,BB,PRT,Groups,TA/TO,0,0,0,A,A,0,Non Refund,326.0,0,Transient,80.0,0,0
City Hotel,1,59,2017,January,4,23,1,1,2,0.0,0,BB,PRT,Groups,TA/TO,0,0,0,A,A,0,Non Refund,326.0,0,Transient,80.0,0,0
City Hotel,1,59,2017,January,4,23,1,1,2,0.0,0,BB,PRT,Groups,TA/TO,0,0,0,A,A,0,Non Refund,326.0,0,Transient,80.0,0,0
City Hotel,1,59,2017,January,4,23,1,1,2,0.0,0,BB,PRT,Groups,TA/TO,0,0,0,A,A,0,Non Refund,326.0,0,Transient,80.0,0,0
City Hotel,1,59,2017,January,4,23,1,1,2,0.0,0,BB,PRT,Groups,TA/TO,0,0,0,A,A,0,Non Refund,326.0,0,Transient,80.0,0,0
City Hotel,1,59,2017,January,4,23,1,1,2,0.0,0,BB,PRT,Groups,TA/TO,0,0,0,A,A,0,Non Refund,326.0,0,Transient,80.0,0,0
City Hotel,1,59,2017,January,4,23,1,1,2,0.0,0,BB,PRT,Groups,TA/TO,0,0,0,A,A,0,Non Refund,326.0,0,Transient,80.0,0,0
City Hotel,1,59,2017,January,4,23,1,1,2,0.0,0,BB,PRT,Groups,TA/TO,0,0,0,A,A,0,Non Refund,326.0,0,Transient,80.0,0,0
City Hotel,1,59,2017,January,4,23,1,1,2,0.0,0,BB,PRT,Groups,TA/TO,0,0,0,A,A,0,Non Refund,326.0,0,Transient,80.0,0,0
City Hotel,1,59,2017,January,4,23,1,1,2,0.0,0,BB,PRT,Groups,TA/TO,0,0,0,A,A,0,Non Refund,326.0,0,Transient,80.0,0,0
City Hotel,1,59,2017,January,4,23,1,1,2,0.0,0,BB,PRT,Groups,TA/TO,0,0,0,A,A,0,Non Refund,326.0,0,Transient,80.0,0,0
City Hotel,1,59,2017,January,4,23,1,1,2,0.0,0,BB,PRT,Groups,TA/TO,0,0,0,A,A,0,Non Refund,326.0,0,Transient,80.0,0,0
City Hotel,1,59,2017,January,4,23,1,1,2,0.0,0,BB,PRT,Groups,TA/TO,0,0,0,A,A,0,Non Refund,326.0,0,Transient,80.0,0,0
City Hotel,1,59,2017,January,4,23,1,1,2,0.0,0,BB,PRT,Groups,TA/TO,0,0,0,A,A,0,Non Refund,326.0,0,Transient,80.0,0,0
City Hotel,1,59,2017,January,4,23,1,1,2,0.0,0,BB,PRT,Groups,TA/TO,0,0,0,A,A,0,Non Refund,326.0,0,Transient,80.0,0,0
City Hotel,1,59,2017,January,4,23,1,1,2,0.0,0,BB,PRT,Groups,TA/TO,0,0,0,A,A,0,Non Refund,326.0,0,Transient,80.0,0,0
City Hotel,1,59,2017,January,4,23,1,1,2,0.0,0,BB,PRT,Groups,TA/TO,0,0,0,A,A,0,Non Refund,326.0,0,Transient,80.0,0,0
City Hotel,1,59,2017,January,4,23,1,1,2,0.0,0,BB,PRT,Groups,TA/TO,0,0,0,A,A,0,Non Refund,326.0,0,Transient,80.0,0,0
City Hotel,1,59,2017,January,4,23,1,1,2,0.0,0,BB,PRT,Groups,TA/TO,0,0,0,A,A,0,Non Refund,326.0,0,Transient,80.0,0,0
City Hotel,1,59,2017,January,4,23,1,1,2,0.0,0,BB,PRT,Groups,TA/TO,0,0,0,A,A,0,Non Refund,326.0,0,Transient,80.0,0,0
City Hotel,1,59,2017,January,4,23,1,1,2,0.0,0,BB,PRT,Groups,TA/TO,0,0,0,A,A,0,Non Refund,326.0,0,Transient,80.0,0,0
City Hotel,1,59,2017,January,4,23,1,1,2,0.0,0,BB,PRT,Groups,TA/TO,0,0,0,A,A,0,Non Refund,326.0,0,Transient,80.0,0,0
City Hotel,1,244,2017,January,4,23,1,1,2,0.0,0,SC,GBR,Online TA,TA/TO,0,0,0,A,A,0,No Deposit,9.0,0,Transient,71.1,0,0
City Hotel,1,59,2017,January,4,23,1,1,2,0.0,0,BB,PRT,Groups,TA/TO,0,0,0,A,A,0,Non Refund,326.0,0,Transient,80.0,0,0
City Hotel,1,59,2017,January,4,23,1,1,2,0.0,0,BB,PRT,Groups,TA/TO,0,0,0,A,A,0,Non Refund,326.0,0,Transient,80.0,0,0
City Hotel,1,59,2017,January,4,23,1,1,2,0.0,0,BB,PRT,Groups,TA/TO,0,0,0,A,A,0,Non Refund,326.0,0,Transient,80.0,0,0
City Hotel,1,59,2017,January,4,23,1,1,2,0.0,0,BB,PRT,Groups,TA/TO,0,0,0,A,A,0,Non Refund,326.0,0,Transient,80.0,0,0
City Hotel,1,59,2017,January,4,23,1,1,2,0.0,0,BB,PRT,Groups,TA/TO,0,0,0,A,A,0,Non Refund,326.0,0,Transient,80.0,0,0
City Hotel,1,59,2017,January,4,23,1,1,2,0.0,0,BB,PRT,Groups,TA/TO,0,0,0,A,A,0,Non Refund,326.0,0,Transient,80.0,0,0
City Hotel,1,59,2017,January,4,23,1,1,2,0.0,0,BB,PRT,Groups,TA/TO,0,0,0,A,A,0,Non Refund,326.0,0,Transient,80.0,0,0
City Hotel,1,59,2017,January,4,23,1,1,2,0.0,0,BB,PRT,Groups,TA/TO,0,0,0,A,A,0,Non Refund,326.0,0,Transient,80.0,0,0
City Hotel,1,81,2017,January,4,23,1,1,2,0.0,0,BB,PRT,Groups,TA/TO,0,0,0,A,A,0,Non Refund,326.0,22,Transient,80.0,0,0
City Hotel,1,59,2017,January,4,23,1,1,2,0.0,0,BB,PRT,Groups,TA/TO,0,0,0,A,A,0,Non Refund,326.0,0,Transient,80.0,0,0
City Hotel,1,59,2017,January,4,23,1,1,2,0.0,0,BB,PRT,Groups,TA/TO,0,0,0,A,A,0,Non Refund,326.0,0,Transient,80.0,0,0
City Hotel,1,59,2017,January,4,23,1,1,2,0.0,0,BB,PRT,Groups,TA/TO,0,0,0,A,A,0,Non Refund,326.0,0,Transient,80.0,0,0
City Hotel,1,59,2017,January,4,23,1,1,2,0.0,0,BB,PRT,Groups,TA/TO,0,0,0,A,A,0,Non Refund,326.0,0,Transient,80.0,0,0
City Hotel,1,59,2017,January,4,23,1,1,2,0.0,0,BB,PRT,Groups,TA/TO,0,0,0,A,A,0,Non Refund,326.0,0,Transient,80.0,0,0
City Hotel,1,59,2017,January,4,23,1,1,2,0.0,0,BB,PRT,Groups,TA/TO,0,0,0,A,A,0,Non Refund,326.0,0,Transient,80.0,0,0
City Hotel,1,59,2017,January,4,23,1,1,2,0.0,0,BB,PRT,Groups,TA/TO,0,0,0,A,A,0,Non Refund,326.0,0,Transient,80.0,0,0
City Hotel,1,59,2017,January,4,23,1,1,2,0.0,0,BB,PRT,Groups,TA/TO,0,0,0,A,A,0,Non Refund,326.0,0,Transient,80.0,0,0
City Hotel,1,59,2017,January,4,23,1,1,2,0.0,0,BB,PRT,Groups,TA/TO,0,0,0,A,A,0,Non Refund,326.0,0,Transient,80.0,0,0
City Hotel,1,59,2017,January,4,23,1,1,2,0.0,0,BB,PRT,Groups,TA/TO,0,0,0,A,A,0,Non Refund,326.0,0,Transient,80.0,0,0
City Hotel,1,59,2017,January,4,23,1,1,2,0.0,0,BB,PRT,Groups,TA/TO,0,0,0,A,A,0,Non Refund,326.0,0,Transient,80.0,0,0
City Hotel,1,59,2017,January,4,23,1,1,2,0.0,0,BB,PRT,Groups,TA/TO,0,0,0,A,A,0,Non Refund,326.0,0,Transient,80.0,0,0
City Hotel,1,59,2017,January,4,23,1,1,2,0.0,0,BB,PRT,Groups,TA/TO,0,0,0,A,A,0,Non Refund,326.0,0,Transient,80.0,0,0
City Hotel,1,59,2017,January,4,23,1,1,2,0.0,0,BB,PRT,Groups,TA/TO,0,0,0,A,A,0,Non Refund,326.0,0,Transient,80.0,0,0
City Hotel,1,56,2017,January,4,23,1,1,2,0.0,0,SC,FRA,Online TA,TA/TO,0,0,0,A,A,0,No Deposit,9.0,0,Transient,79.2,0,0
City Hotel,1,59,2017,January,4,23,1,1,2,0.0,0,BB,PRT,Groups,TA/TO,0,0,0,A,A,0,Non Refund,326.0,0,Transient,80.0,0,0
City Hotel,1,59,2017,January,4,23,1,1,2,0.0,0,BB,PRT,Groups,TA/TO,0,0,0,A,A,0,Non Refund,326.0,0,Transient,80.0,0,0
City Hotel,1,59,2017,January,4,23,1,1,2,0.0,0,BB,PRT,Groups,TA/TO,0,0,0,A,A,0,Non Refund,326.0,0,Transient,80.0,0,0
City Hotel,1,59,2017,January,4,23,1,1,2,0.0,0,BB,PRT,Groups,TA/TO,0,0,0,A,A,0,Non Refund,326.0,0,Transient,80.0,0,0
City Hotel,1,59,2017,January,4,23,1,1,2,0.0,0,BB,PRT,Groups,TA/TO,0,0,0,A,A,0,Non Refund,326.0,0,Transient,80.0,0,0
City Hotel,1,59,2017,January,4,23,1,1,2,0.0,0,BB,PRT,Groups,TA/TO,0,0,0,A,A,0,Non Refund,326.0,0,Transient,80.0,0,0
City Hotel,1,48,2017,January,4,23,1,1,2,0.0,0,SC,CHN,Online TA,TA/TO,0,0,0,A,A,0,No Deposit,9.0,0,Transient,71.28,0,0
City Hotel,1,59,2017,January,4,23,1,1,2,0.0,0,BB,PRT,Groups,TA/TO,0,0,0,A,A,0,Non Refund,326.0,0,Transient,80.0,0,0
City Hotel,1,59,2017,January,4,23,1,1,2,0.0,0,BB,PRT,Groups,TA/TO,0,0,0,A,A,0,Non Refund,326.0,0,Transient,80.0,0,0
City Hotel,1,59,2017,January,4,23,1,1,2,0.0,0,BB,PRT,Groups,TA/TO,0,0,0,A,A,0,Non Refund,326.0,0,Transient,80.0,0,0
City Hotel,1,59,2017,January,4,23,1,1,2,0.0,0,BB,PRT,Groups,TA/TO,0,0,0,A,A,0,Non Refund,326.0,0,Transient,80.0,0,0
City Hotel,1,59,2017,January,4,23,1,1,2,0.0,0,BB,PRT,Groups,TA/TO,0,0,0,A,A,0,Non Refund,326.0,0,Transient,80.0,0,0
City Hotel,1,59,2017,January,4,23,1,1,2,0.0,0,BB,PRT,Groups,TA/TO,0,0,0,A,A,0,Non Refund,326.0,0,Transient,80.0,0,0
City Hotel,1,59,2017,January,4,23,1,1,2,0.0,0,BB,PRT,Groups,TA/TO,0,0,0,A,A,0,Non Refund,326.0,0,Transient,80.0,0,0
City Hotel,1,59,2017,January,4,23,1,1,2,0.0,0,BB,PRT,Groups,TA/TO,0,0,0,A,A,0,Non Refund,326.0,0,Transient,80.0,0,0
City Hotel,1,139,2017,January,4,23,1,1,2,0.0,0,SC,ZAF,Online TA,TA/TO,0,0,0,A,A,0,No Deposit,9.0,0,Transient,79.2,0,3
City Hotel,1,59,2017,January,4,23,1,1,2,0.0,0,BB,PRT,Groups,TA/TO,0,0,0,A,A,0,Non Refund,326.0,0,Transient,80.0,0,0
City Hotel,1,59,2017,January,4,23,1,1,2,0.0,0,BB,PRT,Groups,TA/TO,0,0,0,A,A,0,Non Refund,326.0,0,Transient,80.0,0,0
City Hotel,1,59,2017,January,4,23,1,1,2,0.0,0,BB,PRT,Groups,TA/TO,0,0,0,A,A,0,Non Refund,326.0,0,Transient,80.0,0,0
City Hotel,1,59,2017,January,4,23,1,1,2,0.0,0,BB,PRT,Groups,TA/TO,0,0,0,A,A,0,Non Refund,326.0,0,Transient,80.0,0,0
City Hotel,1,59,2017,January,4,23,1,1,2,0.0,0,BB,PRT,Groups,TA/TO,0,0,0,A,A,0,Non Refund,326.0,0,Transient,80.0,0,0
City Hotel,1,59,2017,January,4,23,1,1,2,0.0,0,BB,PRT,Groups,TA/TO,0,0,0,A,A,0,Non Refund,326.0,0,Transient,80.0,0,0
City Hotel,1,59,2017,January,4,23,1,1,2,0.0,0,BB,PRT,Groups,TA/TO,0,0,0,A,A,0,Non Refund,326.0,0,Transient,80.0,0,0
City Hotel,1,59,2017,January,4,23,1,1,2,0.0,0,BB,PRT,Groups,TA/TO,0,0,0,A,A,0,Non Refund,326.0,0,Transient,80.0,0,0
City Hotel,1,59,2017,January,4,23,1,1,2,0.0,0,BB,PRT,Groups,TA/TO,0,0,0,A,A,0,Non Refund,326.0,0,Transient,80.0,0,0
City Hotel,1,59,2017,January,4,23,1,1,2,0.0,0,BB,PRT,Groups,TA/TO,0,0,0,A,A,0,Non Refund,326.0,0,Transient,80.0,0,0
City Hotel,1,59,2017,January,4,23,1,1,2,0.0,0,BB,PRT,Groups,TA/TO,0,0,0,A,A,0,Non Refund,326.0,0,Transient,80.0,0,0
City Hotel,1,159,2017,January,4,23,1,2,2,0.0,0,BB,BRA,Online TA,TA/TO,0,0,0,A,A,0,No Deposit,9.0,0,Transient,90.0,0,0
City Hotel,1,120,2017,January,4,23,1,3,2,0.0,0,BB,CHN,Online TA,TA/TO,0,0,0,A,A,0,No Deposit,9.0,0,Transient,79.56,0,0
City Hotel,1,12,2017,January,4,23,1,3,2,0.0,0,BB,FRA,Online TA,TA/TO,0,0,0,D,D,0,No Deposit,9.0,0,Transient,102.85,0,1
City Hotel,1,16,2017,January,4,23,1,5,2,0.0,0,SC,DEU,Online TA,TA/TO,0,0,0,A,A,0,No Deposit,9.0,0,Transient,68.0,0,0
City Hotel,1,78,2017,January,4,23,2,5,2,0.0,0,BB,BRA,Direct,Direct,0,0,0,D,D,0,No Deposit,14.0,0,Transient,108.0,0,0
City Hotel,1,31,2017,January,4,24,0,1,2,0.0,0,BB,PRT,Online TA,TA/TO,0,0,0,A,A,0,No Deposit,9.0,0,Transient,97.5,0,2
City Hotel,1,101,2017,January,4,24,0,2,2,0.0,0,SC,CHN,Online TA,TA/TO,0,0,0,A,A,0,No Deposit,9.0,0,Transient,71.28,0,0
City Hotel,1,100,2017,January,4,24,0,3,2,0.0,0,BB,DEU,Online TA,TA/TO,0,0,0,A,A,0,No Deposit,9.0,0,Transient,93.6,0,1
City Hotel,1,27,2017,January,4,24,0,4,2,0.0,0,BB,AGO,Online TA,TA/TO,0,0,0,A,A,0,No Deposit,9.0,0,Transient,82.88,0,1
City Hotel,1,76,2017,January,4,24,0,4,2,0.0,0,BB,PRT,Online TA,TA/TO,0,0,0,A,A,0,No Deposit,8.0,0,Transient,88.4,0,1
City Hotel,1,168,2017,January,4,24,0,4,2,0.0,0,BB,ROU,Online TA,TA/TO,0,0,0,A,A,0,No Deposit,9.0,0,Transient,85.0,0,1
City Hotel,1,168,2017,January,4,24,0,4,2,0.0,0,BB,ROU,Online TA,TA/TO,0,0,0,A,A,0,No Deposit,9.0,0,Transient,85.0,0,1
City Hotel,1,14,2017,January,4,24,0,4,2,0.0,0,BB,PRT,Direct,Direct,0,0,0,A,A,1,No Deposit,14.0,0,Transient,98.0,0,0
City Hotel,1,168,2017,January,4,24,0,4,2,0.0,0,BB,ROU,Online TA,TA/TO,0,0,0,A,A,0,No Deposit,9.0,0,Transient,85.0,0,1
City Hotel,1,20,2017,January,4,24,0,4,2,0.0,0,BB,ITA,Online TA,TA/TO,0,0,0,A,A,0,No Deposit,9.0,0,Transient,83.3,0,2
City Hotel,1,65,2017,January,4,24,1,5,2,0.0,0,BB,SGP,Online TA,TA/TO,0,0,0,D,D,0,No Deposit,9.0,0,Transient,96.9,0,0
City Hotel,1,13,2017,January,4,24,6,15,2,0.0,0,SC,AGO,Online TA,TA/TO,0,0,0,A,A,0,No Deposit,9.0,0,Transient,74.8,0,1
City Hotel,1,61,2017,January,4,25,0,2,2,0.0,0,BB,PRT,Groups,TA/TO,0,0,0,A,A,0,Non Refund,326.0,0,Transient,80.0,0,0
City Hotel,1,61,2017,January,4,25,0,2,2,0.0,0,BB,PRT,Groups,TA/TO,0,0,0,A,A,0,Non Refund,326.0,0,Transient,80.0,0,0
City Hotel,1,61,2017,January,4,25,0,2,2,0.0,0,BB,PRT,Groups,TA/TO,0,0,0,A,A,0,Non Refund,326.0,0,Transient,80.0,0,0
City Hotel,1,61,2017,January,4,25,0,2,2,0.0,0,BB,PRT,Groups,TA/TO,0,0,0,A,A,0,Non Refund,326.0,0,Transient,80.0,0,0
City Hotel,1,61,2017,January,4,25,0,2,2,0.0,0,BB,PRT,Groups,TA/TO,0,0,0,A,A,0,Non Refund,326.0,0,Transient,80.0,0,0
City Hotel,1,61,2017,January,4,25,0,2,2,0.0,0,BB,PRT,Groups,TA/TO,0,0,0,A,A,0,Non Refund,326.0,0,Transient,80.0,0,0
City Hotel,1,61,2017,January,4,25,0,2,2,0.0,0,BB,PRT,Groups,TA/TO,0,0,0,A,A,0,Non Refund,326.0,0,Transient,80.0,0,0
City Hotel,1,61,2017,January,4,25,0,2,2,0.0,0,BB,PRT,Groups,TA/TO,0,0,0,A,A,0,Non Refund,326.0,0,Transient,80.0,0,0
City Hotel,1,61,2017,January,4,25,0,2,2,0.0,0,BB,PRT,Groups,TA/TO,0,0,0,A,A,0,Non Refund,326.0,0,Transient,80.0,0,0
City Hotel,1,61,2017,January,4,25,0,2,2,0.0,0,BB,PRT,Groups,TA/TO,0,0,0,A,A,0,Non Refund,326.0,0,Transient,80.0,0,0
City Hotel,1,61,2017,January,4,25,0,2,2,0.0,0,BB,PRT,Groups,TA/TO,0,0,0,A,A,0,Non Refund,326.0,0,Transient,80.0,0,0
City Hotel,1,61,2017,January,4,25,0,2,2,0.0,0,BB,PRT,Groups,TA/TO,0,0,0,A,A,0,Non Refund,326.0,0,Transient,80.0,0,0
City Hotel,1,130,2017,January,4,25,0,2,2,0.0,0,SC,CHN,Online TA,TA/TO,0,0,0,A,A,0,No Deposit,9.0,0,Transient,71.28,0,2
City Hotel,1,61,2017,January,4,25,0,2,2,0.0,0,BB,PRT,Groups,TA/TO,0,0,0,A,A,0,Non Refund,326.0,0,Transient,80.0,0,0
City Hotel,1,61,2017,January,4,25,0,2,2,0.0,0,BB,PRT,Groups,TA/TO,0,0,0,A,A,0,Non Refund,326.0,0,Transient,80.0,0,0
City Hotel,1,61,2017,January,4,25,0,2,2,0.0,0,BB,PRT,Groups,TA/TO,0,0,0,A,A,0,Non Refund,326.0,0,Transient,80.0,0,0
City Hotel,1,61,2017,January,4,25,0,2,2,0.0,0,BB,PRT,Groups,TA/TO,0,0,0,A,A,0,Non Refund,326.0,0,Transient,80.0,0,0
City Hotel,1,61,2017,January,4,25,0,2,2,0.0,0,BB,PRT,Groups,TA/TO,0,0,0,A,A,0,Non Refund,326.0,0,Transient,80.0,0,0
City Hotel,1,61,2017,January,4,25,0,2,2,0.0,0,BB,PRT,Groups,TA/TO,0,0,0,A,A,0,Non Refund,326.0,0,Transient,80.0,0,0
City Hotel,1,61,2017,January,4,25,0,2,2,0.0,0,BB,PRT,Groups,TA/TO,0,0,0,A,A,0,Non Refund,326.0,0,Transient,80.0,0,0
City Hotel,1,61,2017,January,4,25,0,2,2,0.0,0,BB,PRT,Groups,TA/TO,0,0,0,A,A,0,Non Refund,326.0,0,Transient,80.0,0,0
City Hotel,1,61,2017,January,4,25,0,2,2,0.0,0,BB,PRT,Groups,TA/TO,0,0,0,A,A,0,Non Refund,326.0,0,Transient,80.0,0,0
City Hotel,1,61,2017,January,4,25,0,2,2,0.0,0,BB,PRT,Groups,TA/TO,0,0,0,A,A,0,Non Refund,326.0,0,Transient,80.0,0,0
City Hotel,1,61,2017,January,4,25,0,2,2,0.0,0,BB,PRT,Groups,TA/TO,0,0,0,A,A,0,Non Refund,326.0,0,Transient,80.0,0,0
City Hotel,1,61,2017,January,4,25,0,2,2,0.0,0,BB,PRT,Groups,TA/TO,0,0,0,A,A,0,Non Refund,326.0,0,Transient,80.0,0,0
City Hotel,1,83,2017,January,4,25,0,2,2,0.0,0,BB,PRT,Groups,TA/TO,0,0,0,A,A,0,Non Refund,326.0,22,Transient,80.0,0,0
City Hotel,1,61,2017,January,4,25,0,2,2,0.0,0,BB,PRT,Groups,TA/TO,0,0,0,A,A,0,Non Refund,326.0,0,Transient,80.0,0,0
City Hotel,1,61,2017,January,4,25,0,2,2,0.0,0,BB,PRT,Groups,TA/TO,0,0,0,A,A,0,Non Refund,326.0,0,Transient,80.0,0,0
City Hotel,1,61,2017,January,4,25,0,2,2,0.0,0,BB,PRT,Groups,TA/TO,0,0,0,A,A,0,Non Refund,326.0,0,Transient,80.0,0,0
City Hotel,1,61,2017,January,4,25,0,2,2,0.0,0,BB,PRT,Groups,TA/TO,0,0,0,A,A,0,Non Refund,326.0,0,Transient,80.0,0,0
City Hotel,1,61,2017,January,4,25,0,2,2,0.0,0,BB,PRT,Groups,TA/TO,0,0,0,A,A,0,Non Refund,326.0,0,Transient,80.0,0,0
City Hotel,1,61,2017,January,4,25,0,2,2,0.0,0,BB,PRT,Groups,TA/TO,0,0,0,A,A,0,Non Refund,326.0,0,Transient,80.0,0,0
City Hotel,1,61,2017,January,4,25,0,2,2,0.0,0,BB,PRT,Groups,TA/TO,0,0,0,A,A,0,Non Refund,326.0,0,Transient,80.0,0,0
City Hotel,1,61,2017,January,4,25,0,2,2,0.0,0,BB,PRT,Groups,TA/TO,0,0,0,A,A,0,Non Refund,326.0,0,Transient,80.0,0,0
City Hotel,1,61,2017,January,4,25,0,2,2,0.0,0,BB,PRT,Groups,TA/TO,0,0,0,A,A,0,Non Refund,326.0,0,Transient,80.0,0,0
City Hotel,1,61,2017,January,4,25,0,2,2,0.0,0,BB,PRT,Groups,TA/TO,0,0,0,A,A,0,Non Refund,326.0,0,Transient,80.0,0,0
City Hotel,1,61,2017,January,4,25,0,2,2,0.0,0,BB,PRT,Groups,TA/TO,0,0,0,A,A,0,Non Refund,326.0,0,Transient,80.0,0,0
City Hotel,1,61,2017,January,4,25,0,2,2,0.0,0,BB,PRT,Groups,TA/TO,0,0,0,A,A,0,Non Refund,326.0,0,Transient,80.0,0,0
City Hotel,1,61,2017,January,4,25,0,2,2,0.0,0,BB,PRT,Groups,TA/TO,0,0,0,A,A,0,Non Refund,326.0,0,Transient,80.0,0,0
City Hotel,1,61,2017,January,4,25,0,2,2,0.0,0,BB,PRT,Groups,TA/TO,0,0,0,A,A,0,Non Refund,326.0,0,Transient,80.0,0,0
City Hotel,1,61,2017,January,4,25,0,2,2,0.0,0,BB,PRT,Groups,TA/TO,0,0,0,A,A,0,Non Refund,326.0,0,Transient,80.0,0,0
City Hotel,1,61,2017,January,4,25,0,2,2,0.0,0,BB,PRT,Groups,TA/TO,0,0,0,A,A,0,Non Refund,326.0,0,Transient,80.0,0,0
City Hotel,1,61,2017,January,4,25,0,2,2,0.0,0,BB,PRT,Groups,TA/TO,0,0,0,A,A,0,Non Refund,326.0,0,Transient,80.0,0,0
City Hotel,1,61,2017,January,4,25,0,2,2,0.0,0,BB,PRT,Groups,TA/TO,0,0,0,A,A,0,Non Refund,326.0,0,Transient,80.0,0,0
City Hotel,1,61,2017,January,4,25,0,2,2,0.0,0,BB,PRT,Groups,TA/TO,0,0,0,A,A,0,Non Refund,326.0,0,Transient,80.0,0,0
City Hotel,1,61,2017,January,4,25,0,2,2,0.0,0,BB,PRT,Groups,TA/TO,0,0,0,A,A,0,Non Refund,326.0,0,Transient,80.0,0,0
City Hotel,1,61,2017,January,4,25,0,2,2,0.0,0,BB,PRT,Groups,TA/TO,0,0,0,A,A,0,Non Refund,326.0,0,Transient,80.0,0,0
City Hotel,1,61,2017,January,4,25,0,2,2,0.0,0,BB,PRT,Groups,TA/TO,0,0,0,A,A,0,Non Refund,326.0,0,Transient,80.0,0,0
City Hotel,1,61,2017,January,4,25,0,2,2,0.0,0,BB,PRT,Groups,TA/TO,0,0,0,A,A,0,Non Refund,326.0,0,Transient,80.0,0,0
City Hotel,1,61,2017,January,4,25,0,2,2,0.0,0,BB,PRT,Groups,TA/TO,0,0,0,A,A,0,Non Refund,326.0,0,Transient,80.0,0,0
City Hotel,1,61,2017,January,4,25,0,2,2,0.0,0,BB,PRT,Groups,TA/TO,0,0,0,A,A,0,Non Refund,326.0,0,Transient,80.0,0,0
City Hotel,1,61,2017,January,4,25,0,2,2,0.0,0,BB,PRT,Groups,TA/TO,0,0,0,A,A,0,Non Refund,326.0,0,Transient,80.0,0,0
City Hotel,1,61,2017,January,4,25,0,2,2,0.0,0,BB,PRT,Groups,TA/TO,0,0,0,A,A,0,Non Refund,326.0,0,Transient,80.0,0,0
City Hotel,1,130,2017,January,4,25,0,2,2,0.0,0,SC,CHN,Online TA,TA/TO,0,0,0,A,A,0,No Deposit,9.0,0,Transient,71.28,0,2
City Hotel,1,61,2017,January,4,25,0,2,2,0.0,0,BB,PRT,Groups,TA/TO,0,0,0,A,A,0,Non Refund,326.0,0,Transient,80.0,0,0
City Hotel,1,61,2017,January,4,25,0,2,2,0.0,0,BB,PRT,Groups,TA/TO,0,0,0,A,A,0,Non Refund,326.0,0,Transient,80.0,0,0
City Hotel,1,61,2017,January,4,25,0,2,2,0.0,0,BB,PRT,Groups,TA/TO,0,0,0,A,A,0,Non Refund,326.0,0,Transient,80.0,0,0
City Hotel,1,61,2017,January,4,25,0,2,2,0.0,0,BB,PRT,Groups,TA/TO,0,0,0,A,A,0,Non Refund,326.0,0,Transient,80.0,0,0
City Hotel,1,69,2017,January,4,25,0,2,2,0.0,0,SC,USA,Online TA,TA/TO,0,0,0,A,A,3,No Deposit,9.0,0,Transient,88.0,0,0
City Hotel,1,61,2017,January,4,25,0,2,2,0.0,0,BB,PRT,Groups,TA/TO,0,0,0,A,A,0,Non Refund,326.0,0,Transient,80.0,0,0
City Hotel,1,61,2017,January,4,25,0,2,2,0.0,0,BB,PRT,Groups,TA/TO,0,0,0,A,A,0,Non Refund,326.0,0,Transient,80.0,0,0
City Hotel,1,61,2017,January,4,25,0,2,2,0.0,0,BB,PRT,Groups,TA/TO,0,0,0,A,A,0,Non Refund,326.0,0,Transient,80.0,0,0
City Hotel,1,61,2017,January,4,25,0,2,2,0.0,0,BB,PRT,Groups,TA/TO,0,0,0,A,A,0,Non Refund,326.0,0,Transient,80.0,0,0
City Hotel,1,61,2017,January,4,25,0,2,2,0.0,0,BB,PRT,Groups,TA/TO,0,0,0,A,A,0,Non Refund,326.0,0,Transient,80.0,0,0
City Hotel,1,61,2017,January,4,25,0,2,2,0.0,0,BB,PRT,Groups,TA/TO,0,0,0,A,A,0,Non Refund,326.0,0,Transient,80.0,0,0
City Hotel,1,61,2017,January,4,25,0,2,2,0.0,0,BB,PRT,Groups,TA/TO,0,0,0,A,A,0,Non Refund,326.0,0,Transient,80.0,0,0
City Hotel,1,61,2017,January,4,25,0,2,2,0.0,0,BB,PRT,Groups,TA/TO,0,0,0,A,A,0,Non Refund,326.0,0,Transient,80.0,0,0
City Hotel,1,61,2017,January,4,25,0,2,2,0.0,0,BB,PRT,Groups,TA/TO,0,0,0,A,A,0,Non Refund,326.0,0,Transient,80.0,0,0
City Hotel,1,61,2017,January,4,25,0,2,2,0.0,0,BB,PRT,Groups,TA/TO,0,0,0,A,A,0,Non Refund,326.0,0,Transient,80.0,0,0
City Hotel,1,61,2017,January,4,25,0,2,2,0.0,0,BB,PRT,Groups,TA/TO,0,0,0,A,A,0,Non Refund,326.0,0,Transient,80.0,0,0
City Hotel,1,61,2017,January,4,25,0,2,2,0.0,0,BB,PRT,Groups,TA/TO,0,0,0,A,A,0,Non Refund,326.0,0,Transient,80.0,0,0
City Hotel,1,61,2017,January,4,25,0,2,2,0.0,0,BB,PRT,Groups,TA/TO,0,0,0,A,A,0,Non Refund,326.0,0,Transient,80.0,0,0
City Hotel,1,61,2017,January,4,25,0,2,2,0.0,0,BB,PRT,Groups,TA/TO,0,0,0,A,A,0,Non Refund,326.0,0,Transient,80.0,0,0
City Hotel,1,61,2017,January,4,25,0,2,2,0.0,0,BB,PRT,Groups,TA/TO,0,0,0,A,A,0,Non Refund,326.0,0,Transient,80.0,0,0
City Hotel,1,61,2017,January,4,25,0,2,2,0.0,0,BB,PRT,Groups,TA/TO,0,0,0,A,A,0,Non Refund,326.0,0,Transient,80.0,0,0
City Hotel,1,61,2017,January,4,25,0,2,2,0.0,0,BB,PRT,Groups,TA/TO,0,0,0,A,A,0,Non Refund,326.0,0,Transient,80.0,0,0
City Hotel,1,61,2017,January,4,25,0,2,2,0.0,0,BB,PRT,Groups,TA/TO,0,0,0,A,A,0,Non Refund,326.0,0,Transient,80.0,0,0
City Hotel,1,61,2017,January,4,25,0,2,2,0.0,0,BB,PRT,Groups,TA/TO,0,0,0,A,A,0,Non Refund,326.0,0,Transient,80.0,0,0
City Hotel,1,61,2017,January,4,25,0,2,2,0.0,0,BB,PRT,Groups,TA/TO,0,0,0,A,A,0,Non Refund,326.0,0,Transient,80.0,0,0
City Hotel,1,61,2017,January,4,25,0,2,2,0.0,0,BB,PRT,Groups,TA/TO,0,0,0,A,A,0,Non Refund,326.0,0,Transient,80.0,0,0
City Hotel,1,61,2017,January,4,25,0,2,2,0.0,0,BB,PRT,Groups,TA/TO,0,0,0,A,A,0,Non Refund,326.0,0,Transient,80.0,0,0
City Hotel,1,61,2017,January,4,25,0,2,2,0.0,0,BB,PRT,Groups,TA/TO,0,0,0,A,A,0,Non Refund,326.0,0,Transient,80.0,0,0
City Hotel,1,61,2017,January,4,25,0,2,2,0.0,0,BB,PRT,Groups,TA/TO,0,0,0,A,A,0,Non Refund,326.0,0,Transient,80.0,0,0
City Hotel,1,8,2017,January,4,25,0,4,2,0.0,0,BB,FRA,Online TA,TA/TO,0,0,0,A,A,0,No Deposit,9.0,0,Transient,91.8,0,0
City Hotel,1,43,2017,January,4,26,0,1,2,0.0,0,BB,CHN,Online TA,TA/TO,0,0,0,A,A,1,No Deposit,9.0,0,Transient,95.4,0,0
City Hotel,1,566,2017,January,4,26,0,2,2,0.0,0,BB,PRT,Groups,TA/TO,0,0,0,A,A,0,Non Refund,1.0,0,Transient,62.0,0,0
City Hotel,1,566,2017,January,4,26,0,2,2,0.0,0,BB,PRT,Groups,TA/TO,0,0,0,A,A,0,Non Refund,1.0,0,Transient,62.0,0,0
City Hotel,1,566,2017,January,4,26,0,2,2,0.0,0,BB,PRT,Groups,TA/TO,0,0,0,A,A,0,Non Refund,1.0,0,Transient,62.0,0,0
City Hotel,1,566,2017,January,4,26,0,2,2,0.0,0,BB,PRT,Groups,TA/TO,0,0,0,A,A,0,Non Refund,1.0,0,Transient,62.0,0,0
City Hotel,1,566,2017,January,4,26,0,2,2,0.0,0,BB,PRT,Groups,TA/TO,0,0,0,A,A,0,Non Refund,1.0,0,Transient,62.0,0,0
City Hotel,1,566,2017,January,4,26,0,2,2,0.0,0,BB,PRT,Groups,TA/TO,0,0,0,A,A,0,Non Refund,1.0,0,Transient,62.0,0,0
City Hotel,1,566,2017,January,4,26,0,2,2,0.0,0,BB,PRT,Groups,TA/TO,0,0,0,A,A,0,Non Refund,1.0,0,Transient,62.0,0,0
City Hotel,1,566,2017,January,4,26,0,2,2,0.0,0,BB,PRT,Groups,TA/TO,0,0,0,A,A,0,Non Refund,1.0,0,Transient,62.0,0,0
City Hotel,1,566,2017,January,4,26,0,2,2,0.0,0,BB,PRT,Groups,TA/TO,0,0,0,A,A,0,Non Refund,1.0,0,Transient,62.0,0,0
City Hotel,1,566,2017,January,4,26,0,2,2,0.0,0,BB,PRT,Groups,TA/TO,0,0,0,A,A,0,Non Refund,1.0,0,Transient,62.0,0,0
City Hotel,1,566,2017,January,4,26,0,2,2,0.0,0,BB,PRT,Groups,TA/TO,0,0,0,A,A,0,Non Refund,1.0,0,Transient,62.0,0,0
City Hotel,1,566,2017,January,4,26,0,2,2,0.0,0,BB,PRT,Groups,TA/TO,0,0,0,A,A,0,Non Refund,1.0,0,Transient,62.0,0,0
City Hotel,1,566,2017,January,4,26,0,2,2,0.0,0,BB,PRT,Groups,TA/TO,0,0,0,A,A,0,Non Refund,1.0,0,Transient,62.0,0,0
City Hotel,1,566,2017,January,4,26,0,2,2,0.0,0,BB,PRT,Groups,TA/TO,0,0,0,A,A,0,Non Refund,1.0,0,Transient,62.0,0,0
City Hotel,1,566,2017,January,4,26,0,2,2,0.0,0,BB,PRT,Groups,TA/TO,0,0,0,A,A,0,Non Refund,1.0,0,Transient,62.0,0,0
City Hotel,1,41,2017,January,4,26,0,3,2,0.0,0,BB,GBR,Online TA,TA/TO,0,0,0,A,A,0,No Deposit,9.0,0,Transient,97.5,0,1
City Hotel,1,120,2017,January,4,26,0,3,2,0.0,0,SC,FRA,Online TA,TA/TO,0,0,0,A,A,0,No Deposit,9.0,0,Transient,79.2,0,2
City Hotel,1,15,2017,January,4,26,0,3,2,0.0,0,BB,PRT,Online TA,TA/TO,0,0,0,A,A,0,No Deposit,7.0,0,Transient,79.0,0,1
City Hotel,1,48,2017,January,4,26,0,3,2,0.0,0,BB,ITA,Online TA,TA/TO,0,0,0,A,A,0,No Deposit,9.0,0,Transient,95.4,0,1
City Hotel,1,45,2017,January,4,26,1,3,2,0.0,0,BB,PRT,Online TA,TA/TO,0,0,0,A,A,0,No Deposit,83.0,0,Transient,84.8,0,0
City Hotel,1,41,2017,January,4,26,0,3,2,0.0,0,BB,FRA,Online TA,TA/TO,0,0,0,A,A,0,No Deposit,9.0,0,Transient,97.5,0,2
City Hotel,1,20,2017,January,4,26,1,3,2,0.0,0,SC,CHN,Online TA,TA/TO,0,0,0,A,A,0,No Deposit,9.0,0,Transient,61.2,0,0
City Hotel,1,39,2017,January,4,26,2,3,2,0.0,0,SC,CPV,Online TA,TA/TO,0,0,0,A,A,0,No Deposit,9.0,0,Transient,69.02,0,1
City Hotel,1,86,2017,January,4,26,2,4,2,0.0,0,BB,POL,Online TA,TA/TO,0,0,0,A,A,0,No Deposit,9.0,0,Transient,88.4,0,1
City Hotel,1,24,2017,January,4,27,0,1,2,0.0,0,SC,PRT,Online TA,TA/TO,0,0,0,A,A,0,No Deposit,9.0,0,Transient,79.5,0,0
City Hotel,1,144,2017,January,4,27,0,1,2,0.0,0,BB,GBR,Online TA,TA/TO,0,0,0,A,A,0,No Deposit,9.0,0,Transient,93.6,0,2
City Hotel,1,57,2017,January,4,27,0,2,2,0.0,0,SC,GBR,Online TA,TA/TO,0,0,0,A,A,0,No Deposit,9.0,0,Transient,79.2,0,0
City Hotel,1,28,2017,January,4,27,0,2,2,0.0,0,BB,PRT,Online TA,TA/TO,0,0,0,A,A,0,No Deposit,9.0,0,Transient,97.5,0,0
City Hotel,1,61,2017,January,4,27,0,2,2,0.0,0,SC,ITA,Online TA,TA/TO,0,0,0,A,A,0,No Deposit,9.0,0,Transient,79.2,0,1
City Hotel,1,38,2017,January,4,27,0,2,2,0.0,0,BB,GBR,Online TA,TA/TO,0,0,0,A,A,0,No Deposit,9.0,0,Transient,97.5,0,1
City Hotel,1,218,2017,January,4,27,0,2,2,0.0,0,SC,PRT,Online TA,TA/TO,0,0,0,A,A,0,No Deposit,9.0,0,Transient,79.2,0,0
City Hotel,1,10,2017,January,4,27,0,2,2,0.0,0,BB,PRT,Offline TA/TO,TA/TO,0,0,0,A,D,0,No Deposit,28.0,0,Transient,75.0,0,0
City Hotel,1,192,2017,January,4,27,0,2,2,0.0,0,BB,ITA,Online TA,TA/TO,0,0,0,D,D,0,No Deposit,9.0,0,Transient,103.5,0,0
City Hotel,1,55,2017,January,4,27,0,2,2,0.0,0,BB,ESP,Online TA,TA/TO,0,0,0,A,A,0,No Deposit,9.0,0,Transient,93.6,0,2
City Hotel,1,105,2017,January,4,27,1,2,2,0.0,0,SC,GBR,Online TA,TA/TO,0,0,0,A,A,0,No Deposit,9.0,0,Transient,79.2,0,0
City Hotel,1,177,2017,January,4,27,1,2,2,0.0,0,BB,GBR,Online TA,TA/TO,0,0,0,D,D,0,No Deposit,9.0,0,Transient,103.5,0,3
City Hotel,1,43,2017,January,4,27,2,2,2,0.0,0,SC,ESP,Online TA,TA/TO,0,0,0,A,A,0,No Deposit,9.0,0,Transient,74.8,0,2
City Hotel,1,61,2017,January,4,27,2,3,2,0.0,0,BB,BRA,Online TA,TA/TO,0,0,0,A,A,0,No Deposit,9.0,0,Transient,88.4,0,2
City Hotel,1,145,2017,January,4,28,0,1,2,0.0,0,BB,GBR,Online TA,TA/TO,0,0,0,A,A,0,No Deposit,9.0,0,Transient,93.6,0,2
City Hotel,1,5,2017,January,4,28,0,1,2,0.0,0,BB,PRT,Online TA,TA/TO,0,0,0,A,A,0,No Deposit,9.0,0,Transient,108.0,0,0
City Hotel,1,24,2017,January,4,28,0,1,2,0.0,0,BB,FRA,Direct,Direct,0,0,0,A,A,0,No Deposit,14.0,0,Transient,69.56,0,0
City Hotel,1,76,2017,January,4,28,1,1,2,0.0,0,SC,PRT,Online TA,TA/TO,0,0,0,A,A,0,No Deposit,9.0,0,Transient,79.2,0,0
City Hotel,1,41,2017,January,4,28,1,1,2,0.0,0,SC,PRT,Online TA,TA/TO,0,0,0,A,A,0,No Deposit,9.0,0,Transient,79.5,0,1
City Hotel,1,41,2017,January,4,28,1,1,2,0.0,0,SC,CHN,Online TA,TA/TO,0,0,0,A,A,0,No Deposit,9.0,0,Transient,71.55,0,1
City Hotel,1,132,2017,January,4,28,2,2,2,0.0,0,BB,BRA,Online TA,TA/TO,0,0,0,A,A,0,No Deposit,9.0,0,Transient,88.4,0,1
City Hotel,1,132,2017,January,4,28,2,2,2,0.0,0,BB,BRA,Online TA,TA/TO,0,0,0,A,A,0,No Deposit,9.0,0,Transient,88.4,0,1
City Hotel,1,38,2017,January,5,29,1,0,2,0.0,0,BB,FRA,Online TA,TA/TO,0,0,0,A,A,0,No Deposit,7.0,0,Transient,71.33,0,0
City Hotel,1,88,2017,January,5,29,2,0,2,0.0,0,SC,BRA,Online TA,TA/TO,0,0,0,A,A,0,No Deposit,9.0,0,Transient,79.2,0,0
City Hotel,1,88,2017,January,5,29,2,0,2,0.0,0,SC,BRA,Online TA,TA/TO,0,0,0,A,A,0,No Deposit,9.0,0,Transient,79.2,0,0
City Hotel,1,88,2017,January,5,29,2,0,2,0.0,0,SC,BRA,Online TA,TA/TO,0,0,0,A,A,0,No Deposit,9.0,0,Transient,79.2,0,0
City Hotel,1,88,2017,January,5,29,2,0,2,0.0,0,SC,BRA,Online TA,TA/TO,0,0,0,A,A,0,No Deposit,9.0,0,Transient,79.2,0,0
City Hotel,1,9,2017,January,5,29,4,10,2,0.0,0,SC,PRT,Online TA,TA/TO,0,0,0,A,A,0,No Deposit,9.0,0,Transient,74.8,0,0
City Hotel,1,14,2017,January,5,29,6,12,2,0.0,0,SC,AGO,Online TA,TA/TO,0,0,0,A,A,0,No Deposit,9.0,0,Transient,74.8,0,0
City Hotel,1,14,2017,January,5,29,6,12,2,0.0,0,SC,AGO,Online TA,TA/TO,0,0,0,A,A,0,No Deposit,9.0,0,Transient,74.8,0,0
City Hotel,1,46,2017,January,5,30,1,0,2,0.0,0,SC,NLD,Online TA,TA/TO,0,0,0,A,A,0,No Deposit,9.0,0,Transient,79.2,0,2
City Hotel,1,19,2017,January,5,30,1,1,2,0.0,0,SC,AGO,Online TA,TA/TO,0,0,0,A,A,0,No Deposit,9.0,0,Transient,88.0,0,1
City Hotel,1,84,2017,January,5,30,1,2,2,0.0,0,SC,CHN,Online TA,TA/TO,0,0,0,A,A,0,No Deposit,9.0,0,Transient,71.28,0,1
City Hotel,1,14,2017,January,5,30,1,3,2,0.0,0,SC,ITA,Online TA,TA/TO,0,0,0,A,A,0,No Deposit,9.0,0,Transient,74.8,0,0
City Hotel,1,36,2017,January,5,30,1,3,2,0.0,0,BB,ITA,Online TA,TA/TO,0,0,0,D,D,0,No Deposit,9.0,0,Transient,98.6,0,0
City Hotel,1,51,2017,January,5,30,1,3,2,0.0,0,BB,IRL,Direct,Direct,0,0,0,A,A,0,No Deposit,14.0,0,Transient,79.2,0,0
City Hotel,1,14,2017,January,5,30,1,3,2,0.0,0,SC,ITA,Online TA,TA/TO,0,0,0,A,A,0,No Deposit,9.0,0,Transient,74.8,0,0
City Hotel,1,8,2017,January,5,30,3,5,2,0.0,0,SC,AGO,Online TA,TA/TO,0,0,0,A,A,0,No Deposit,9.0,0,Transient,74.8,0,1
City Hotel,1,164,2017,January,5,30,3,5,2,0.0,0,SC,BRA,Online TA,TA/TO,0,0,0,A,A,0,No Deposit,9.0,0,Transient,74.8,0,1
City Hotel,1,40,2017,January,5,31,0,3,2,0.0,0,SC,GBR,Online TA,TA/TO,0,0,0,A,A,0,No Deposit,9.0,0,Transient,88.0,0,1
City Hotel,1,27,2017,January,5,31,0,3,2,0.0,0,BB,BEL,Online TA,TA/TO,0,0,0,A,A,0,No Deposit,9.0,0,Transient,98.0,0,1
City Hotel,1,33,2017,January,5,31,0,4,2,0.0,0,BB,ITA,Online TA,TA/TO,0,0,0,D,D,0,No Deposit,9.0,0,Transient,98.6,0,0
City Hotel,1,36,2017,January,5,31,0,4,2,0.0,0,BB,CHN,Online TA,TA/TO,0,0,0,A,A,0,No Deposit,9.0,0,Transient,81.09,0,0
City Hotel,1,26,2017,January,5,31,0,4,2,0.0,0,BB,ITA,Online TA,TA/TO,0,0,0,D,D,0,No Deposit,9.0,0,Transient,91.8,0,0
City Hotel,1,26,2017,January,5,31,0,4,2,0.0,0,BB,ITA,Online TA,TA/TO,0,0,0,D,D,0,No Deposit,9.0,0,Transient,91.8,0,0
City Hotel,1,26,2017,February,5,1,0,2,2,0.0,0,SC,FRA,Online TA,TA/TO,0,0,0,A,A,0,No Deposit,9.0,0,Transient,80.0,0,1
City Hotel,1,43,2017,February,5,1,0,2,2,0.0,0,SC,CHN,Online TA,TA/TO,0,0,0,A,A,0,No Deposit,9.0,0,Transient,88.0,0,0
City Hotel,1,56,2017,February,5,1,0,3,2,0.0,0,BB,PRT,Groups,TA/TO,0,0,0,A,A,0,Non Refund,29.0,0,Transient,60.0,0,0
City Hotel,1,56,2017,February,5,1,0,3,2,0.0,0,BB,PRT,Groups,TA/TO,0,0,0,A,A,0,Non Refund,29.0,0,Transient,60.0,0,0
City Hotel,1,56,2017,February,5,1,0,3,2,0.0,0,BB,PRT,Groups,TA/TO,0,0,0,A,A,0,Non Refund,29.0,0,Transient,60.0,0,0
City Hotel,1,56,2017,February,5,1,0,3,2,0.0,0,BB,PRT,Groups,TA/TO,0,0,0,A,A,0,Non Refund,29.0,0,Transient,60.0,0,0
City Hotel,1,56,2017,February,5,1,0,3,2,0.0,0,BB,PRT,Groups,TA/TO,0,0,0,A,A,0,Non Refund,29.0,0,Transient,60.0,0,0
City Hotel,1,56,2017,February,5,1,0,3,2,0.0,0,BB,PRT,Groups,TA/TO,0,0,0,A,A,0,Non Refund,29.0,0,Transient,60.0,0,0
City Hotel,1,56,2017,February,5,1,0,3,2,0.0,0,BB,PRT,Groups,TA/TO,0,0,0,A,A,0,Non Refund,29.0,0,Transient,60.0,0,0
City Hotel,1,56,2017,February,5,1,0,3,2,0.0,0,BB,PRT,Groups,TA/TO,0,0,0,A,A,0,Non Refund,29.0,0,Transient,60.0,0,0
City Hotel,1,56,2017,February,5,1,0,3,2,0.0,0,BB,PRT,Groups,TA/TO,0,0,0,A,A,0,Non Refund,29.0,0,Transient,60.0,0,0
City Hotel,1,56,2017,February,5,1,0,3,2,0.0,0,BB,PRT,Groups,TA/TO,0,0,0,A,A,0,Non Refund,29.0,0,Transient,60.0,0,0
City Hotel,1,56,2017,February,5,1,0,3,2,0.0,0,BB,PRT,Groups,TA/TO,0,0,0,A,A,0,Non Refund,29.0,0,Transient,60.0,0,0
City Hotel,1,56,2017,February,5,1,0,3,2,0.0,0,BB,PRT,Groups,TA/TO,0,0,0,A,A,0,Non Refund,29.0,0,Transient,60.0,0,0
City Hotel,1,56,2017,February,5,1,0,3,2,0.0,0,BB,PRT,Groups,TA/TO,0,0,0,A,A,0,Non Refund,29.0,0,Transient,60.0,0,0
City Hotel,1,56,2017,February,5,1,0,3,2,0.0,0,BB,PRT,Groups,TA/TO,0,0,0,A,A,0,Non Refund,29.0,0,Transient,60.0,0,0
City Hotel,1,56,2017,February,5,1,0,3,2,0.0,0,BB,PRT,Groups,TA/TO,0,0,0,A,A,0,Non Refund,29.0,0,Transient,60.0,0,0
City Hotel,1,56,2017,February,5,1,0,3,2,0.0,0,BB,PRT,Groups,TA/TO,0,0,0,A,A,0,Non Refund,29.0,0,Transient,60.0,0,0
City Hotel,1,56,2017,February,5,1,0,3,2,0.0,0,BB,PRT,Groups,TA/TO,0,0,0,A,A,0,Non Refund,29.0,0,Transient,60.0,0,0
City Hotel,1,56,2017,February,5,1,0,3,2,0.0,0,BB,PRT,Groups,TA/TO,0,0,0,A,A,0,Non Refund,29.0,0,Transient,60.0,0,0
City Hotel,1,84,2017,February,5,1,0,3,2,0.0,0,BB,PRT,Groups,TA/TO,0,0,0,A,A,0,Non Refund,29.0,28,Transient,60.0,0,0
City Hotel,1,56,2017,February,5,1,0,3,2,0.0,0,BB,PRT,Groups,TA/TO,0,0,0,A,A,0,Non Refund,29.0,0,Transient,60.0,0,0
City Hotel,1,56,2017,February,5,1,0,3,2,0.0,0,BB,PRT,Groups,TA/TO,0,0,0,A,A,0,Non Refund,29.0,0,Transient,60.0,0,0
City Hotel,1,56,2017,February,5,1,0,3,2,0.0,0,BB,PRT,Groups,TA/TO,0,0,0,A,A,0,Non Refund,29.0,0,Transient,60.0,0,0
City Hotel,1,56,2017,February,5,1,0,3,2,0.0,0,BB,PRT,Groups,TA/TO,0,0,0,A,A,0,Non Refund,29.0,0,Transient,60.0,0,0
City Hotel,1,56,2017,February,5,1,0,3,2,0.0,0,BB,PRT,Groups,TA/TO,0,0,0,A,A,0,Non Refund,29.0,0,Transient,60.0,0,0
City Hotel,1,56,2017,February,5,1,0,3,2,0.0,0,BB,PRT,Groups,TA/TO,0,0,0,A,A,0,Non Refund,29.0,0,Transient,60.0,0,0
City Hotel,1,56,2017,February,5,1,0,3,2,0.0,0,BB,PRT,Groups,TA/TO,0,0,0,A,A,0,Non Refund,29.0,0,Transient,60.0,0,0
City Hotel,1,56,2017,February,5,1,0,3,2,0.0,0,BB,PRT,Groups,TA/TO,0,0,0,A,A,0,Non Refund,29.0,0,Transient,60.0,0,0
City Hotel,1,56,2017,February,5,1,0,3,2,0.0,0,BB,PRT,Groups,TA/TO,0,0,0,A,A,0,Non Refund,29.0,0,Transient,60.0,0,0
City Hotel,1,56,2017,February,5,1,0,3,2,0.0,0,BB,PRT,Groups,TA/TO,0,0,0,A,A,0,Non Refund,29.0,0,Transient,60.0,0,0
City Hotel,1,56,2017,February,5,1,0,3,2,0.0,0,BB,PRT,Groups,TA/TO,0,0,0,A,A,0,Non Refund,29.0,0,Transient,60.0,0,0
City Hotel,1,56,2017,February,5,1,0,3,2,0.0,0,BB,PRT,Groups,TA/TO,0,0,0,A,A,0,Non Refund,29.0,0,Transient,60.0,0,0
City Hotel,1,56,2017,February,5,1,0,3,2,0.0,0,BB,PRT,Groups,TA/TO,0,0,0,A,A,0,Non Refund,29.0,0,Transient,60.0,0,0
City Hotel,1,56,2017,February,5,1,0,3,2,0.0,0,BB,PRT,Groups,TA/TO,0,0,0,A,A,0,Non Refund,29.0,0,Transient,60.0,0,0
City Hotel,1,56,2017,February,5,1,0,3,2,0.0,0,BB,PRT,Groups,TA/TO,0,0,0,A,A,0,Non Refund,29.0,0,Transient,60.0,0,0
City Hotel,1,56,2017,February,5,1,0,3,2,0.0,0,BB,PRT,Groups,TA/TO,0,0,0,A,A,0,Non Refund,29.0,0,Transient,60.0,0,0
City Hotel,1,66,2017,February,5,1,0,3,2,0.0,0,SC,CHN,Online TA,TA/TO,0,0,0,A,A,0,No Deposit,9.0,0,Transient,71.28,0,0
City Hotel,1,50,2017,February,5,1,0,3,2,0.0,0,SC,CHN,Online TA,TA/TO,0,0,0,A,A,0,No Deposit,9.0,0,Transient,71.28,0,1
City Hotel,1,56,2017,February,5,1,0,3,2,0.0,0,BB,PRT,Groups,TA/TO,0,0,0,A,A,0,Non Refund,29.0,0,Transient,60.0,0,0
City Hotel,1,56,2017,February,5,1,0,3,2,0.0,0,BB,PRT,Groups,TA/TO,0,0,0,A,A,0,Non Refund,29.0,0,Transient,60.0,0,0
City Hotel,1,56,2017,February,5,1,0,3,2,0.0,0,BB,PRT,Groups,TA/TO,0,0,0,A,A,0,Non Refund,29.0,0,Transient,60.0,0,0
City Hotel,1,56,2017,February,5,1,0,3,2,0.0,0,BB,PRT,Groups,TA/TO,0,0,0,A,A,0,Non Refund,29.0,0,Transient,60.0,0,0
City Hotel,1,56,2017,February,5,1,0,3,2,0.0,0,BB,PRT,Groups,TA/TO,0,0,0,A,A,0,Non Refund,29.0,0,Transient,60.0,0,0
City Hotel,1,56,2017,February,5,1,0,3,2,0.0,0,BB,PRT,Groups,TA/TO,0,0,0,A,A,0,Non Refund,29.0,0,Transient,60.0,0,0
City Hotel,1,56,2017,February,5,1,0,3,2,0.0,0,BB,PRT,Groups,TA/TO,0,0,0,A,A,0,Non Refund,29.0,0,Transient,60.0,0,0
City Hotel,1,56,2017,February,5,1,0,3,2,0.0,0,BB,PRT,Groups,TA/TO,0,0,0,A,A,0,Non Refund,29.0,0,Transient,60.0,0,0
City Hotel,1,56,2017,February,5,1,0,3,2,0.0,0,BB,PRT,Groups,TA/TO,0,0,0,A,A,0,Non Refund,29.0,0,Transient,60.0,0,0
City Hotel,1,56,2017,February,5,1,0,3,2,0.0,0,BB,PRT,Groups,TA/TO,0,0,0,A,A,0,Non Refund,29.0,0,Transient,60.0,0,0
City Hotel,1,56,2017,February,5,1,0,3,2,0.0,0,BB,PRT,Groups,TA/TO,0,0,0,A,A,0,Non Refund,29.0,0,Transient,60.0,0,0
City Hotel,1,56,2017,February,5,1,0,3,2,0.0,0,BB,PRT,Groups,TA/TO,0,0,0,A,A,0,Non Refund,29.0,0,Transient,60.0,0,0
City Hotel,1,56,2017,February,5,1,0,3,2,0.0,0,BB,PRT,Groups,TA/TO,0,0,0,A,A,0,Non Refund,29.0,0,Transient,60.0,0,0
City Hotel,1,56,2017,February,5,1,0,3,2,0.0,0,BB,PRT,Groups,TA/TO,0,0,0,A,A,0,Non Refund,29.0,0,Transient,60.0,0,0
City Hotel,1,56,2017,February,5,1,0,3,2,0.0,0,BB,PRT,Groups,TA/TO,0,0,0,A,A,0,Non Refund,29.0,0,Transient,60.0,0,0
City Hotel,1,56,2017,February,5,1,0,3,2,0.0,0,BB,PRT,Groups,TA/TO,0,0,0,A,A,0,Non Refund,29.0,0,Transient,60.0,0,0
City Hotel,1,56,2017,February,5,1,0,3,2,0.0,0,BB,PRT,Groups,TA/TO,0,0,0,A,A,0,Non Refund,29.0,0,Transient,60.0,0,0
City Hotel,1,56,2017,February,5,1,0,3,2,0.0,0,BB,PRT,Groups,TA/TO,0,0,0,A,A,0,Non Refund,29.0,0,Transient,60.0,0,0
City Hotel,1,56,2017,February,5,1,0,3,2,0.0,0,BB,PRT,Groups,TA/TO,0,0,0,A,A,0,Non Refund,29.0,0,Transient,60.0,0,0
City Hotel,1,56,2017,February,5,1,0,3,2,0.0,0,BB,PRT,Groups,TA/TO,0,0,0,A,A,0,Non Refund,29.0,0,Transient,60.0,0,0
City Hotel,1,56,2017,February,5,1,0,3,2,0.0,0,BB,PRT,Groups,TA/TO,0,0,0,A,A,0,Non Refund,29.0,0,Transient,60.0,0,0
City Hotel,1,49,2017,February,5,1,0,3,2,0.0,0,BB,BEL,Online TA,TA/TO,0,0,0,A,A,0,No Deposit,9.0,0,Transient,95.4,0,0
City Hotel,1,56,2017,February,5,1,0,3,2,0.0,0,BB,PRT,Groups,TA/TO,0,0,0,A,A,0,Non Refund,29.0,0,Transient,60.0,0,0
City Hotel,1,56,2017,February,5,1,0,3,2,0.0,0,BB,PRT,Groups,TA/TO,0,0,0,A,A,0,Non Refund,29.0,0,Transient,60.0,0,0
City Hotel,1,56,2017,February,5,1,0,3,2,0.0,0,BB,PRT,Groups,TA/TO,0,0,0,A,A,0,Non Refund,29.0,0,Transient,60.0,0,0
City Hotel,1,56,2017,February,5,1,0,3,2,0.0,0,BB,PRT,Groups,TA/TO,0,0,0,A,A,0,Non Refund,29.0,0,Transient,60.0,0,0
City Hotel,1,56,2017,February,5,1,0,3,2,0.0,0,BB,PRT,Groups,TA/TO,0,0,0,A,A,0,Non Refund,29.0,0,Transient,60.0,0,0
City Hotel,1,56,2017,February,5,1,0,3,2,0.0,0,BB,PRT,Groups,TA/TO,0,0,0,A,A,0,Non Refund,29.0,0,Transient,60.0,0,0
City Hotel,1,56,2017,February,5,1,0,3,2,0.0,0,BB,PRT,Groups,TA/TO,0,0,0,A,A,0,Non Refund,29.0,0,Transient,60.0,0,0
City Hotel,1,56,2017,February,5,1,0,3,2,0.0,0,BB,PRT,Groups,TA/TO,0,0,0,A,A,0,Non Refund,29.0,0,Transient,60.0,0,0
City Hotel,1,56,2017,February,5,1,0,3,2,0.0,0,BB,PRT,Groups,TA/TO,0,0,0,A,A,0,Non Refund,29.0,0,Transient,60.0,0,0
City Hotel,1,56,2017,February,5,1,0,3,2,0.0,0,BB,PRT,Groups,TA/TO,0,0,0,A,A,0,Non Refund,29.0,0,Transient,60.0,0,0
City Hotel,1,41,2017,February,5,1,0,2,2,0.0,0,SC,JPN,Online TA,TA/TO,0,0,0,A,A,0,No Deposit,9.0,0,Transient,88.0,0,0
City Hotel,1,56,2017,February,5,1,0,3,2,0.0,0,BB,PRT,Groups,TA/TO,0,0,0,A,A,0,Non Refund,29.0,0,Transient,60.0,0,0
City Hotel,1,56,2017,February,5,1,0,3,2,0.0,0,BB,PRT,Groups,TA/TO,0,0,0,A,A,0,Non Refund,29.0,0,Transient,60.0,0,0
City Hotel,1,56,2017,February,5,1,0,3,2,0.0,0,BB,PRT,Groups,TA/TO,0,0,0,A,A,0,Non Refund,29.0,0,Transient,60.0,0,0
City Hotel,1,56,2017,February,5,1,0,3,2,0.0,0,BB,PRT,Groups,TA/TO,0,0,0,A,A,0,Non Refund,29.0,0,Transient,60.0,0,0
City Hotel,1,56,2017,February,5,1,0,4,2,0.0,0,BB,PRT,Online TA,TA/TO,0,0,0,A,A,0,No Deposit,7.0,0,Transient,64.67,0,1
City Hotel,1,48,2017,February,5,1,1,4,2,0.0,0,SC,GBR,Online TA,TA/TO,0,0,0,A,A,0,No Deposit,9.0,0,Transient,74.8,0,0
City Hotel,1,72,2017,February,5,1,1,4,2,0.0,0,SC,CHN,Online TA,TA/TO,0,0,0,A,A,0,No Deposit,9.0,0,Transient,67.32,0,0
City Hotel,1,27,2017,February,5,1,1,4,2,0.0,0,BB,FRA,Online TA,TA/TO,0,0,0,A,A,0,No Deposit,9.0,0,Transient,83.3,0,0
City Hotel,1,37,2017,February,5,1,2,4,2,0.0,0,BB,FIN,Online TA,TA/TO,0,0,0,A,A,1,No Deposit,9.0,0,Transient,90.1,0,1
City Hotel,1,111,2017,February,5,1,4,10,2,0.0,0,BB,PRT,Direct,Direct,0,0,0,D,D,0,No Deposit,,0,Transient-Party,98.1,0,2
City Hotel,1,111,2017,February,5,1,4,10,2,0.0,0,BB,PRT,Direct,Direct,0,0,0,D,D,0,No Deposit,,0,Transient-Party,98.1,0,2
City Hotel,1,111,2017,February,5,1,4,10,2,0.0,0,BB,PRT,Direct,Direct,0,0,0,D,D,0,No Deposit,,0,Transient-Party,98.1,0,2
City Hotel,1,9,2017,February,5,1,8,19,2,0.0,0,BB,GBR,Online TA,TA/TO,0,0,0,D,D,0,No Deposit,9.0,0,Transient,99.29,0,0
City Hotel,1,65,2017,February,5,2,0,1,2,0.0,0,BB,USA,Online TA,TA/TO,0,0,0,A,A,0,No Deposit,9.0,0,Transient,93.6,0,1
City Hotel,1,1,2017,February,5,2,0,1,2,0.0,0,SC,PRT,Online TA,TA/TO,0,0,0,A,A,0,No Deposit,9.0,0,Transient,88.0,0,0
City Hotel,1,573,2017,February,5,2,0,2,2,0.0,0,BB,PRT,Groups,TA/TO,0,0,0,A,A,0,Non Refund,1.0,0,Transient,62.0,0,0
City Hotel,1,573,2017,February,5,2,0,2,2,0.0,0,BB,PRT,Groups,TA/TO,0,0,0,A,A,0,Non Refund,1.0,0,Transient,62.0,0,0
City Hotel,1,573,2017,February,5,2,0,2,2,0.0,0,BB,PRT,Groups,TA/TO,0,0,0,A,A,0,Non Refund,1.0,0,Transient,62.0,0,0
City Hotel,1,573,2017,February,5,2,0,2,2,0.0,0,BB,PRT,Groups,TA/TO,0,0,0,A,A,0,Non Refund,1.0,0,Transient,62.0,0,0
City Hotel,1,573,2017,February,5,2,0,2,2,0.0,0,BB,PRT,Groups,TA/TO,0,0,0,A,A,0,Non Refund,1.0,0,Transient,62.0,0,0
City Hotel,1,573,2017,February,5,2,0,2,2,0.0,0,BB,PRT,Groups,TA/TO,0,0,0,A,A,0,Non Refund,1.0,0,Transient,62.0,0,0
City Hotel,1,573,2017,February,5,2,0,2,2,0.0,0,BB,PRT,Groups,TA/TO,0,0,0,A,A,0,Non Refund,1.0,0,Transient,62.0,0,0
City Hotel,1,573,2017,February,5,2,0,2,2,0.0,0,BB,PRT,Groups,TA/TO,0,0,0,A,A,0,Non Refund,1.0,0,Transient,62.0,0,0
City Hotel,1,573,2017,February,5,2,0,2,2,0.0,0,BB,PRT,Groups,TA/TO,0,0,0,A,A,0,Non Refund,1.0,0,Transient,62.0,0,0
City Hotel,1,573,2017,February,5,2,0,2,2,0.0,0,BB,PRT,Groups,TA/TO,0,0,0,A,A,0,Non Refund,1.0,0,Transient,62.0,0,0
City Hotel,1,573,2017,February,5,2,0,2,2,0.0,0,BB,PRT,Groups,TA/TO,0,0,0,A,A,0,Non Refund,1.0,0,Transient,62.0,0,0
City Hotel,1,573,2017,February,5,2,0,2,2,0.0,0,BB,PRT,Groups,TA/TO,0,0,0,A,A,0,Non Refund,1.0,0,Transient,62.0,0,0
City Hotel,1,573,2017,February,5,2,0,2,2,0.0,0,BB,PRT,Groups,TA/TO,0,0,0,A,A,0,Non Refund,1.0,0,Transient,62.0,0,0
City Hotel,1,573,2017,February,5,2,0,2,2,0.0,0,BB,PRT,Groups,TA/TO,0,0,0,A,A,0,Non Refund,1.0,0,Transient,62.0,0,0
City Hotel,1,2,2017,February,5,2,0,2,2,0.0,0,SC,BRA,Online TA,TA/TO,0,0,0,A,A,0,No Deposit,9.0,0,Transient,88.0,0,1
City Hotel,1,573,2017,February,5,2,0,2,2,0.0,0,BB,PRT,Groups,TA/TO,0,0,0,A,A,0,Non Refund,1.0,0,Transient,62.0,0,0
City Hotel,1,112,2017,February,5,2,0,3,2,0.0,0,BB,CHE,Online TA,TA/TO,0,0,0,D,D,0,No Deposit,9.0,0,Transient,102.6,0,0
City Hotel,1,152,2017,February,5,2,0,3,2,0.0,0,SC,GBR,Online TA,TA/TO,0,0,0,A,A,6,No Deposit,9.0,0,Transient,88.0,0,2
City Hotel,1,38,2017,February,5,2,0,3,2,0.0,0,BB,FRA,Online TA,TA/TO,0,0,0,A,A,0,No Deposit,9.0,0,Transient,106.0,0,2
City Hotel,1,162,2017,February,5,2,1,3,2,0.0,0,BB,BRA,Online TA,TA/TO,0,0,0,A,A,0,No Deposit,9.0,0,Transient,88.4,0,0
City Hotel,1,50,2017,February,5,2,1,3,2,0.0,0,BB,GBR,Online TA,TA/TO,0,0,0,A,A,0,No Deposit,9.0,0,Transient,90.1,0,1
City Hotel,1,31,2017,February,5,2,2,4,2,0.0,0,HB,ITA,Online TA,TA/TO,0,0,0,A,A,0,No Deposit,9.0,0,Transient,122.4,0,3
City Hotel,1,30,2017,February,5,2,2,4,2,0.0,0,BB,ISL,Online TA,TA/TO,0,0,0,A,A,0,No Deposit,9.0,0,Transient,90.1,0,2
City Hotel,1,144,2017,February,5,2,2,5,2,0.0,0,SC,ITA,Direct,Direct,0,0,0,A,A,0,No Deposit,14.0,0,Transient,85.75,0,2
City Hotel,1,91,2017,February,5,3,0,1,2,0.0,0,SC,CN,Online TA,TA/TO,0,0,0,A,A,0,No Deposit,9.0,0,Transient,79.2,0,1
City Hotel,1,101,2017,February,5,3,0,2,2,0.0,0,BB,DEU,Online TA,TA/TO,0,0,0,A,A,0,No Deposit,9.0,0,Transient,93.6,0,2
City Hotel,1,32,2017,February,5,3,0,1,2,0.0,0,SC,ITA,Online TA,TA/TO,0,0,0,A,A,0,No Deposit,9.0,0,Transient,88.0,0,0
City Hotel,1,56,2017,February,5,3,0,2,2,0.0,0,SC,ITA,Online TA,TA/TO,0,0,0,A,A,0,No Deposit,9.0,0,Transient,79.2,0,0
City Hotel,1,94,2017,February,5,3,0,2,2,0.0,0,BB,ESP,Online TA,TA/TO,0,0,0,A,A,0,No Deposit,9.0,0,Transient,93.6,0,0
City Hotel,1,23,2017,February,5,3,0,2,2,0.0,0,SC,CHE,Online TA,TA/TO,0,0,0,A,A,2,No Deposit,9.0,0,Transient,88.0,0,0
City Hotel,1,23,2017,February,5,3,0,2,2,0.0,0,SC,CHE,Online TA,TA/TO,0,0,0,A,A,2,No Deposit,9.0,0,Transient,88.0,0,0
City Hotel,1,61,2017,February,5,3,0,2,2,0.0,0,SC,ITA,Online TA,TA/TO,0,0,0,A,A,0,No Deposit,9.0,0,Transient,79.2,0,1
City Hotel,1,101,2017,February,5,3,0,2,2,0.0,0,BB,DEU,Online TA,TA/TO,0,0,0,A,A,0,No Deposit,9.0,0,Transient,93.6,0,2
City Hotel,1,74,2017,February,5,3,0,2,2,0.0,0,SC,ITA,Online TA,TA/TO,0,0,0,A,A,0,No Deposit,9.0,0,Transient,79.2,0,0
City Hotel,1,23,2017,February,5,3,0,2,2,0.0,0,SC,CHE,Online TA,TA/TO,0,0,0,A,A,2,No Deposit,9.0,0,Transient,88.0,0,0
City Hotel,1,6,2017,February,5,3,0,2,2,0.0,0,SC,PRT,Online TA,TA/TO,0,0,0,A,A,0,No Deposit,8.0,0,Transient,88.0,0,0
City Hotel,1,172,2017,February,5,3,0,2,2,0.0,0,BB,CHN,Online TA,TA/TO,0,0,0,A,A,0,No Deposit,9.0,0,Transient,81.0,0,2
City Hotel,1,23,2017,February,5,3,0,2,2,0.0,0,SC,GBR,Online TA,TA/TO,0,0,0,A,A,0,No Deposit,9.0,0,Transient,88.0,0,0
City Hotel,1,50,2017,February,5,3,0,2,2,0.0,0,BB,FRA,Online TA,TA/TO,0,0,0,A,A,0,No Deposit,9.0,0,Transient,95.4,0,0
City Hotel,1,66,2017,February,5,3,1,2,2,0.0,0,SC,BEL,Online TA,TA/TO,0,0,0,A,A,0,No Deposit,9.0,0,Transient,79.2,0,1
City Hotel,1,67,2017,February,5,3,1,2,2,0.0,0,BB,GBR,Online TA,TA/TO,0,0,0,A,A,0,No Deposit,9.0,0,Transient,93.6,0,0
City Hotel,1,67,2017,February,5,3,1,2,2,0.0,0,SC,DEU,Online TA,TA/TO,0,0,0,A,A,0,No Deposit,9.0,0,Transient,79.2,0,0
City Hotel,1,144,2017,February,5,3,1,2,2,0.0,0,BB,GBR,Online TA,TA/TO,0,0,0,A,A,0,No Deposit,9.0,0,Transient,104.0,0,1
City Hotel,1,18,2017,February,5,3,1,2,2,0.0,0,SC,FRA,Online TA,TA/TO,0,0,0,A,A,0,No Deposit,9.0,0,Transient,88.0,0,0
City Hotel,1,157,2017,February,5,3,1,2,2,0.0,0,SC,GBR,Online TA,TA/TO,0,0,0,A,A,0,No Deposit,9.0,0,Transient,79.2,0,2
City Hotel,1,19,2017,February,5,3,1,2,2,0.0,0,BB,CHE,Online TA,TA/TO,0,0,0,A,A,0,No Deposit,9.0,0,Transient,108.0,0,1
City Hotel,1,75,2017,February,5,4,0,1,2,0.0,0,SC,PRT,Online TA,TA/TO,0,0,0,A,A,0,No Deposit,9.0,0,Transient,79.2,0,0
City Hotel,1,129,2017,February,5,4,1,1,2,0.0,0,BB,FRA,Online TA,TA/TO,0,0,0,A,A,0,No Deposit,9.0,0,Transient,93.6,0,3
City Hotel,1,9,2017,February,5,4,1,1,2,0.0,0,SC,PRT,Online TA,TA/TO,0,0,0,A,A,0,No Deposit,9.0,0,Transient,88.0,0,0
City Hotel,1,49,2017,February,5,4,1,1,2,0.0,0,SC,ITA,Online TA,TA/TO,0,0,0,A,A,0,No Deposit,9.0,0,Transient,79.2,0,1
City Hotel,1,18,2017,February,5,4,1,1,2,0.0,0,BB,PRT,Online TA,TA/TO,0,0,0,D,D,0,No Deposit,7.0,0,Transient,90.86,0,0
City Hotel,1,45,2017,February,5,4,1,1,2,0.0,0,SC,KOR,Online TA,TA/TO,0,0,0,A,A,0,No Deposit,9.0,0,Transient,79.2,0,1
City Hotel,1,146,2017,February,5,4,2,1,2,0.0,0,BB,CHN,Online TA,TA/TO,0,0,0,A,A,0,No Deposit,9.0,0,Transient,93.6,0,0
City Hotel,1,13,2017,February,5,4,2,2,2,0.0,0,BB,ESP,Online TA,TA/TO,0,0,0,A,A,0,No Deposit,9.0,0,Transient,91.8,0,1
City Hotel,1,119,2017,February,5,4,2,1,2,0.0,0,BB,CHN,Online TA,TA/TO,0,0,0,A,A,0,No Deposit,9.0,0,Transient,84.24,0,1
City Hotel,1,27,2017,February,5,4,2,1,2,0.0,0,BB,FRA,Online TA,TA/TO,0,0,0,A,A,0,No Deposit,9.0,0,Transient,98.0,0,0
City Hotel,1,26,2017,February,5,4,2,2,2,0.0,0,BB,ESP,Online TA,TA/TO,0,0,0,A,A,0,No Deposit,9.0,0,Transient,83.3,0,0
City Hotel,1,26,2017,February,5,4,2,2,2,0.0,0,BB,ESP,Online TA,TA/TO,0,0,0,A,A,0,No Deposit,9.0,0,Transient,83.3,0,0
City Hotel,1,68,2017,February,5,4,2,2,2,0.0,0,BB,ESP,Online TA,TA/TO,0,0,0,A,A,0,No Deposit,9.0,0,Transient,88.4,0,0
City Hotel,1,58,2017,February,5,4,2,2,2,0.0,0,BB,GBR,Online TA,TA/TO,0,0,0,A,A,0,No Deposit,9.0,0,Transient,90.1,0,0
City Hotel,1,25,2017,February,5,4,2,5,2,0.0,0,SC,ITA,Online TA,TA/TO,0,0,0,A,A,0,No Deposit,9.0,0,Transient,74.8,0,0
City Hotel,1,58,2017,February,6,5,2,0,2,0.0,0,SC,DEU,Online TA,TA/TO,0,0,0,A,A,0,No Deposit,9.0,0,Transient,79.2,0,0
City Hotel,1,77,2017,February,6,5,2,0,2,0.0,0,BB,DEU,Online TA,TA/TO,0,0,0,A,A,0,No Deposit,9.0,0,Transient,93.6,0,0
City Hotel,1,61,2017,February,6,5,2,1,2,0.0,0,BB,ESP,Online TA,TA/TO,0,0,0,A,A,0,No Deposit,9.0,0,Transient,93.6,0,1
City Hotel,1,63,2017,February,6,5,2,1,2,0.0,0,SC,ESP,Online TA,TA/TO,0,0,0,A,A,0,No Deposit,9.0,0,Transient,79.2,0,2
City Hotel,1,25,2017,February,6,5,2,2,2,0.0,0,SC,PRT,Offline TA/TO,TA/TO,0,0,0,A,A,0,No Deposit,85.0,0,Transient,59.5,0,0
City Hotel,1,69,2017,February,6,5,2,2,2,0.0,0,SC,ESP,Online TA,TA/TO,0,0,0,A,A,0,No Deposit,9.0,0,Transient,74.8,0,0
City Hotel,1,25,2017,February,6,5,2,5,2,0.0,0,SC,BRA,Online TA,TA/TO,0,0,0,A,A,0,No Deposit,9.0,0,Transient,74.8,0,0
City Hotel,1,25,2017,February,6,5,2,5,2,0.0,0,SC,BRA,Online TA,TA/TO,0,0,0,A,A,0,No Deposit,9.0,0,Transient,74.8,0,0
City Hotel,1,148,2017,February,6,5,2,5,2,0.0,0,BB,FRA,Online TA,TA/TO,0,0,0,B,B,1,No Deposit,9.0,0,Transient,91.6,0,2
City Hotel,1,70,2017,February,6,6,1,1,2,0.0,0,BB,MAR,Online TA,TA/TO,0,0,0,A,A,0,No Deposit,9.0,0,Transient,93.6,0,1
City Hotel,1,71,2017,February,6,6,1,2,2,0.0,0,BB,FRA,Online TA,TA/TO,0,0,0,A,A,2,No Deposit,9.0,0,Transient,93.6,0,1
City Hotel,1,9,2017,February,6,6,1,3,2,0.0,0,BB,CZE,Online TA,TA/TO,0,0,0,A,A,0,No Deposit,9.0,0,Transient,91.8,0,0
City Hotel,1,29,2017,February,6,6,1,3,2,0.0,0,HB,FRA,Online TA,TA/TO,0,0,0,A,A,0,No Deposit,9.0,0,Transient,115.6,0,1
City Hotel,1,39,2017,February,6,6,1,3,2,0.0,0,SC,BEL,Online TA,TA/TO,0,0,0,A,A,0,No Deposit,9.0,0,Transient,74.8,0,0
City Hotel,1,190,2017,February,6,6,1,3,2,0.0,0,BB,POL,Online TA,TA/TO,0,0,0,A,A,0,No Deposit,9.0,0,Transient,85.0,0,0
City Hotel,1,9,2017,February,6,6,1,3,2,0.0,0,BB,CZE,Online TA,TA/TO,0,0,0,A,A,0,No Deposit,9.0,0,Transient,91.8,0,0
City Hotel,1,39,2017,February,6,6,1,3,2,0.0,0,BB,BEL,Online TA,TA/TO,0,0,0,A,A,0,No Deposit,9.0,0,Transient,90.1,0,0
City Hotel,1,24,2017,February,6,6,1,5,2,0.0,0,SC,CHN,Online TA,TA/TO,0,0,0,A,A,0,No Deposit,9.0,0,Transient,67.32,0,0
City Hotel,1,59,2017,February,6,7,0,2,2,0.0,0,BB,CHN,Online TA,TA/TO,0,0,0,A,A,0,No Deposit,9.0,0,Transient,85.86,0,2
City Hotel,1,10,2017,February,6,7,0,2,2,0.0,0,BB,GBR,Online TA,TA/TO,0,0,0,D,D,0,No Deposit,9.0,0,Transient,118.0,0,0
City Hotel,1,124,2017,February,6,7,0,3,2,0.0,0,SC,CHN,Online TA,TA/TO,0,0,0,A,A,0,No Deposit,9.0,0,Transient,71.28,0,2
City Hotel,1,124,2017,February,6,7,0,3,2,0.0,0,SC,CHN,Online TA,TA/TO,0,0,0,A,A,0,No Deposit,9.0,0,Transient,71.28,0,2
City Hotel,1,197,2017,February,6,7,0,4,2,0.0,0,BB,ROU,Direct,Direct,0,0,0,A,A,0,No Deposit,14.0,0,Transient,74.8,0,0
City Hotel,1,197,2017,February,6,7,0,4,2,0.0,0,BB,ROU,Direct,Direct,0,0,0,A,A,0,No Deposit,14.0,0,Transient,74.8,0,0
City Hotel,1,41,2017,February,6,7,0,5,2,0.0,0,SC,AGO,Online TA,TA/TO,0,0,0,A,A,0,No Deposit,9.0,0,Transient,74.8,0,1
City Hotel,1,19,2017,February,6,7,4,10,2,0.0,0,BB,AGO,Online TA,TA/TO,0,0,0,D,D,0,No Deposit,9.0,0,Transient,99.33,0,0
City Hotel,1,32,2017,February,6,8,0,4,2,0.0,0,BB,PRT,Online TA,TA/TO,0,0,0,A,A,0,No Deposit,86.0,0,Transient,66.64,0,0
City Hotel,1,32,2017,February,6,8,0,4,2,0.0,0,BB,PRT,Online TA,TA/TO,0,0,0,A,A,0,No Deposit,86.0,0,Transient,66.64,0,0
City Hotel,1,0,2017,February,6,9,0,1,2,0.0,0,BB,PRT,Direct,Direct,0,0,0,A,A,0,No Deposit,,0,Transient,12.0,0,0
City Hotel,1,0,2017,February,6,9,0,1,2,0.0,0,BB,PRT,Direct,Direct,0,0,0,A,A,0,No Deposit,,0,Transient,12.0,0,0
City Hotel,1,580,2017,February,6,9,0,2,2,0.0,0,BB,PRT,Groups,TA/TO,0,0,0,A,A,0,Non Refund,1.0,0,Transient,62.0,0,0
City Hotel,1,580,2017,February,6,9,0,2,2,0.0,0,BB,PRT,Groups,TA/TO,0,0,0,A,A,0,Non Refund,1.0,0,Transient,62.0,0,0
City Hotel,1,580,2017,February,6,9,0,2,2,0.0,0,BB,PRT,Groups,TA/TO,0,0,0,A,A,0,Non Refund,1.0,0,Transient,62.0,0,0
City Hotel,1,580,2017,February,6,9,0,2,2,0.0,0,BB,PRT,Groups,TA/TO,0,0,0,A,A,0,Non Refund,1.0,0,Transient,62.0,0,0
City Hotel,1,580,2017,February,6,9,0,2,2,0.0,0,BB,PRT,Groups,TA/TO,0,0,0,A,A,0,Non Refund,1.0,0,Transient,62.0,0,0
City Hotel,1,580,2017,February,6,9,0,2,2,0.0,0,BB,PRT,Groups,TA/TO,0,0,0,A,A,0,Non Refund,1.0,0,Transient,62.0,0,0
City Hotel,1,580,2017,February,6,9,0,2,2,0.0,0,BB,PRT,Groups,TA/TO,0,0,0,A,A,0,Non Refund,1.0,0,Transient,62.0,0,0
City Hotel,1,580,2017,February,6,9,0,2,2,0.0,0,BB,PRT,Groups,TA/TO,0,0,0,A,A,0,Non Refund,1.0,0,Transient,62.0,0,0
City Hotel,1,580,2017,February,6,9,0,2,2,0.0,0,BB,PRT,Groups,TA/TO,0,0,0,A,A,0,Non Refund,1.0,0,Transient,62.0,0,0
City Hotel,1,580,2017,February,6,9,0,2,2,0.0,0,BB,PRT,Groups,TA/TO,0,0,0,A,A,0,Non Refund,1.0,0,Transient,62.0,0,0
City Hotel,1,580,2017,February,6,9,0,2,2,0.0,0,BB,PRT,Groups,TA/TO,0,0,0,A,A,0,Non Refund,1.0,0,Transient,62.0,0,0
City Hotel,1,580,2017,February,6,9,0,2,2,0.0,0,BB,PRT,Groups,TA/TO,0,0,0,A,A,0,Non Refund,1.0,0,Transient,62.0,0,0
City Hotel,1,580,2017,February,6,9,0,2,2,0.0,0,BB,PRT,Groups,TA/TO,0,0,0,A,A,0,Non Refund,1.0,0,Transient,62.0,0,0
City Hotel,1,580,2017,February,6,9,0,2,2,0.0,0,BB,PRT,Groups,TA/TO,0,0,0,A,A,0,Non Refund,1.0,0,Transient,62.0,0,0
City Hotel,1,580,2017,February,6,9,0,2,2,0.0,0,BB,PRT,Groups,TA/TO,0,0,0,A,A,0,Non Refund,1.0,0,Transient,62.0,0,0
City Hotel,1,88,2017,February,6,9,0,3,2,0.0,0,BB,DEU,Online TA,TA/TO,0,0,0,A,D,2,No Deposit,9.0,0,Transient,93.6,0,3
City Hotel,1,242,2017,February,6,9,0,3,2,0.0,0,SC,GBR,Online TA,TA/TO,0,0,0,A,A,0,No Deposit,9.0,0,Transient,79.2,0,0
City Hotel,1,16,2017,February,6,9,0,3,2,0.0,0,BB,CHE,Online TA,TA/TO,0,0,0,A,A,0,No Deposit,9.0,0,Transient,108.0,0,1
City Hotel,1,30,2017,February,6,9,0,3,2,0.0,0,SC,CHN,Online TA,TA/TO,0,0,0,A,A,1,No Deposit,9.0,0,Transient,72.0,0,0
City Hotel,1,14,2017,February,6,9,1,3,2,0.0,0,SC,FRA,Online TA,TA/TO,0,0,0,A,A,0,No Deposit,9.0,0,Transient,74.8,0,0
City Hotel,1,186,2017,February,6,9,1,3,2,0.0,0,BB,FRA,Online TA,TA/TO,0,0,0,A,A,0,No Deposit,9.0,0,Transient,85.0,0,0
City Hotel,1,88,2017,February,6,9,1,3,2,0.0,0,BB,CHE,Online TA,TA/TO,0,0,0,A,A,0,No Deposit,9.0,0,Transient,88.4,0,0
City Hotel,1,67,2017,February,6,9,1,3,2,0.0,0,SC,ITA,Online TA,TA/TO,0,0,0,A,A,0,No Deposit,9.0,0,Transient,74.8,0,1
City Hotel,1,55,2017,February,6,9,1,3,2,0.0,0,BB,ESP,Online TA,TA/TO,0,0,0,A,A,0,No Deposit,9.0,0,Transient,90.1,0,2
City Hotel,1,28,2017,February,6,9,1,3,2,0.0,0,SC,CHN,Online TA,TA/TO,0,0,0,A,A,0,No Deposit,9.0,0,Transient,67.32,0,0
City Hotel,1,14,2017,February,6,9,1,3,2,0.0,0,SC,CHE,Online TA,TA/TO,0,0,0,A,A,0,No Deposit,9.0,0,Transient,74.8,0,1
City Hotel,1,136,2017,February,6,9,1,3,2,0.0,0,SC,BEL,Online TA,TA/TO,0,0,0,A,A,0,No Deposit,9.0,0,Transient,74.8,0,3
City Hotel,1,186,2017,February,6,9,1,3,2,0.0,0,BB,FRA,Online TA,TA/TO,0,0,0,A,A,0,No Deposit,9.0,0,Transient,85.0,0,0
City Hotel,1,37,2017,February,6,9,2,3,2,0.0,0,SC,FRA,Online TA,TA/TO,0,0,0,A,A,0,No Deposit,9.0,0,Transient,74.8,0,1
City Hotel,1,64,2017,February,6,10,0,2,2,0.0,0,BB,FRA,Online TA,TA/TO,0,0,0,D,D,0,No Deposit,9.0,0,Transient,104.4,0,0
City Hotel,1,39,2017,February,6,10,0,2,2,0.0,0,BB,FRA,Online TA,TA/TO,0,0,0,A,A,0,No Deposit,9.0,0,Transient,106.0,0,0
City Hotel,1,12,2017,February,6,10,0,2,2,0.0,0,BB,PRT,Online TA,TA/TO,0,0,0,A,A,0,No Deposit,9.0,0,Transient,108.0,0,0
City Hotel,1,36,2017,February,6,10,0,2,2,0.0,0,SC,ESP,Online TA,TA/TO,0,0,0,A,A,0,No Deposit,9.0,0,Transient,80.0,0,1
City Hotel,1,73,2017,February,6,10,0,2,2,0.0,0,SC,IRL,Online TA,TA/TO,0,0,0,A,A,0,No Deposit,9.0,0,Transient,79.2,0,1
City Hotel,1,18,2017,February,6,10,0,2,2,0.0,0,SC,PRT,Online TA,TA/TO,0,0,0,A,A,0,No Deposit,9.0,0,Transient,88.0,0,0
City Hotel,1,52,2017,February,6,10,0,2,2,0.0,0,BB,FRA,Online TA,TA/TO,0,0,0,E,E,0,No Deposit,9.0,0,Transient,122.4,0,2
City Hotel,1,45,2017,February,6,10,0,2,2,0.0,0,BB,HUN,Online TA,TA/TO,0,0,0,A,A,0,No Deposit,9.0,0,Transient,95.4,0,0
City Hotel,1,24,2017,February,6,10,1,2,2,0.0,0,BB,PRT,Online TA,TA/TO,0,0,0,D,D,0,No Deposit,7.0,0,Transient,94.4,0,0
City Hotel,1,98,2017,February,6,10,1,2,2,0.0,0,BB,GBR,Direct,Direct,0,0,0,A,A,0,No Deposit,14.0,0,Transient,77.0,0,3
City Hotel,1,24,2017,February,6,10,1,2,2,0.0,0,BB,PRT,Online TA,TA/TO,0,0,0,D,D,0,No Deposit,7.0,0,Transient,94.4,0,0
City Hotel,1,32,2017,February,6,10,2,2,2,0.0,0,BB,GBR,Online TA,TA/TO,0,0,0,A,A,0,No Deposit,9.0,0,Transient,83.3,0,1
City Hotel,1,36,2017,February,6,10,2,2,2,0.0,0,SC,DEU,Online TA,TA/TO,0,0,0,A,A,0,No Deposit,9.0,0,Transient,68.0,0,0
City Hotel,1,43,2017,February,6,10,2,2,2,0.0,0,BB,PRT,Online TA,TA/TO,0,0,0,D,D,0,No Deposit,8.0,0,Transient,98.6,0,1
City Hotel,1,141,2017,February,6,10,2,2,2,0.0,0,BB,PRT,Offline TA/TO,TA/TO,0,0,0,A,D,0,No Deposit,28.0,0,Transient,75.0,0,1
City Hotel,1,31,2017,February,6,10,2,2,2,0.0,0,SC,FRA,Online TA,TA/TO,0,0,0,A,A,0,No Deposit,9.0,0,Transient,74.8,0,1
City Hotel,1,9,2017,February,6,10,2,2,2,0.0,0,BB,ESP,Online TA,TA/TO,0,0,0,A,A,0,No Deposit,9.0,0,Transient,91.8,0,0
City Hotel,1,64,2017,February,6,10,2,3,2,0.0,0,SC,ESP,Online TA,TA/TO,0,0,0,A,A,0,No Deposit,9.0,0,Transient,74.8,0,0
City Hotel,1,78,2017,February,6,10,2,3,2,0.0,0,BB,HUN,Online TA,TA/TO,0,0,0,D,D,0,No Deposit,9.0,0,Transient,96.9,0,0
City Hotel,1,35,2017,February,6,10,2,5,2,0.0,0,BB,DEU,Online TA,TA/TO,0,0,0,A,A,0,No Deposit,9.0,0,Transient,85.24,0,1
City Hotel,1,34,2017,February,6,10,2,5,2,0.0,0,BB,GBR,Online TA,TA/TO,0,0,0,A,A,0,No Deposit,9.0,0,Transient,85.24,0,0
City Hotel,1,31,2017,February,6,10,2,5,2,0.0,0,SC,FRA,Online TA,TA/TO,0,0,0,A,A,0,No Deposit,9.0,0,Transient,74.8,0,0
City Hotel,1,13,2017,February,6,10,2,5,2,0.0,0,BB,FRA,Online TA,TA/TO,0,0,0,A,A,0,No Deposit,9.0,0,Transient,91.8,0,0
City Hotel,1,13,2017,February,6,10,2,5,2,0.0,0,BB,FRA,Online TA,TA/TO,0,0,0,D,D,0,No Deposit,9.0,0,Transient,134.3,0,0
City Hotel,1,13,2017,February,6,10,2,5,2,0.0,0,SC,GBR,Online TA,TA/TO,0,0,0,A,A,0,No Deposit,9.0,0,Transient,74.8,0,3
City Hotel,1,38,2017,February,6,11,0,1,2,0.0,0,BB,PRT,Online TA,TA/TO,0,0,0,A,A,0,No Deposit,9.0,0,Transient,106.0,0,0
City Hotel,1,56,2017,February,6,11,1,1,2,0.0,0,BB,BEL,Online TA,TA/TO,0,0,0,A,A,0,No Deposit,9.0,0,Transient,95.4,0,1
City Hotel,1,15,2017,February,6,11,1,1,2,0.0,0,SC,ESP,Online TA,TA/TO,0,0,0,A,A,0,No Deposit,9.0,0,Transient,88.0,0,0
City Hotel,1,139,2017,February,6,11,1,1,2,0.0,0,SC,ARG,Online TA,TA/TO,0,0,0,A,A,0,No Deposit,9.0,0,Transient,79.2,0,0
City Hotel,1,55,2017,February,6,11,1,1,2,0.0,0,BB,FRA,Online TA,TA/TO,0,0,0,D,D,0,No Deposit,9.0,0,Transient,104.4,0,2
City Hotel,1,58,2017,February,6,11,2,1,2,0.0,0,BB,BEL,Online TA,TA/TO,0,0,0,A,A,0,No Deposit,9.0,0,Transient,95.4,0,0
City Hotel,1,46,2017,February,6,11,2,1,2,0.0,0,BB,FRA,Direct,Direct,0,0,0,A,A,0,No Deposit,14.0,0,Transient,79.2,0,0
City Hotel,1,180,2017,February,6,11,2,1,2,0.0,0,BB,FRA,Online TA,TA/TO,0,0,0,A,A,0,No Deposit,155.0,0,Transient,108.33,0,1
City Hotel,1,57,2017,February,6,11,2,2,2,0.0,0,SC,FRA,Online TA,TA/TO,0,0,0,A,A,0,No Deposit,9.0,0,Transient,74.8,0,2
City Hotel,1,33,2017,February,6,11,2,2,2,0.0,0,BB,GBR,Online TA,TA/TO,0,0,0,A,A,0,No Deposit,9.0,0,Transient,83.3,0,2
City Hotel,1,18,2017,February,6,11,2,2,2,0.0,0,BB,CHE,Online TA,TA/TO,0,0,0,A,A,1,No Deposit,9.0,0,Transient,108.8,0,0
City Hotel,1,37,2017,February,6,11,2,3,2,0.0,0,SC,FRA,Online TA,TA/TO,0,0,0,A,A,0,No Deposit,9.0,0,Transient,69.36,0,0
City Hotel,1,198,2017,February,6,11,2,5,2,0.0,0,BB,ITA,Online TA,TA/TO,0,0,0,A,A,0,No Deposit,9.0,0,Transient,85.0,0,2
City Hotel,1,9,2017,February,7,12,1,0,2,0.0,0,BB,MAC,Online TA,GDS,0,0,0,A,A,0,No Deposit,195.0,0,Transient,108.0,0,0
City Hotel,1,67,2017,February,7,12,2,0,2,0.0,0,BB,PRT,Groups,TA/TO,0,0,0,A,A,0,Non Refund,3.0,0,Transient,80.0,0,0
City Hotel,1,67,2017,February,7,12,2,0,2,0.0,0,BB,PRT,Groups,TA/TO,0,0,0,A,A,0,Non Refund,3.0,0,Transient,80.0,0,0
City Hotel,1,67,2017,February,7,12,2,0,2,0.0,0,BB,PRT,Groups,TA/TO,0,0,0,A,A,0,Non Refund,3.0,0,Transient,80.0,0,0
City Hotel,1,67,2017,February,7,12,2,0,2,0.0,0,BB,PRT,Groups,TA/TO,0,0,0,A,A,0,Non Refund,3.0,0,Transient,80.0,0,0
City Hotel,1,67,2017,February,7,12,2,0,2,0.0,0,BB,PRT,Groups,TA/TO,0,0,0,A,A,0,Non Refund,3.0,0,Transient,80.0,0,0
City Hotel,1,67,2017,February,7,12,2,0,2,0.0,0,BB,PRT,Groups,TA/TO,0,0,0,A,A,0,Non Refund,3.0,0,Transient,80.0,0,0
City Hotel,1,88,2017,February,7,12,2,0,2,0.0,0,BB,PRT,Groups,TA/TO,0,0,0,A,A,0,Non Refund,3.0,21,Transient,80.0,0,0
City Hotel,1,67,2017,February,7,12,2,0,2,0.0,0,BB,PRT,Groups,TA/TO,0,0,0,A,A,0,Non Refund,3.0,0,Transient,80.0,0,0
City Hotel,1,67,2017,February,7,12,2,0,2,0.0,0,BB,PRT,Groups,TA/TO,0,0,0,A,A,0,Non Refund,3.0,0,Transient,80.0,0,0
City Hotel,1,67,2017,February,7,12,2,0,2,0.0,0,BB,PRT,Groups,TA/TO,0,0,0,A,A,0,Non Refund,3.0,0,Transient,80.0,0,0
City Hotel,1,67,2017,February,7,12,2,0,2,0.0,0,BB,PRT,Groups,TA/TO,0,0,0,A,A,0,Non Refund,3.0,0,Transient,80.0,0,0
City Hotel,1,67,2017,February,7,12,2,0,2,0.0,0,BB,PRT,Groups,TA/TO,0,0,0,A,A,0,Non Refund,3.0,0,Transient,80.0,0,0
City Hotel,1,67,2017,February,7,12,2,0,2,0.0,0,BB,PRT,Groups,TA/TO,0,0,0,A,A,0,Non Refund,3.0,0,Transient,80.0,0,0
City Hotel,1,67,2017,February,7,12,2,0,2,0.0,0,BB,PRT,Groups,TA/TO,0,0,0,A,A,0,Non Refund,3.0,0,Transient,80.0,0,0
City Hotel,1,67,2017,February,7,12,2,0,2,0.0,0,BB,PRT,Groups,TA/TO,0,0,0,A,A,0,Non Refund,3.0,0,Transient,80.0,0,0
City Hotel,1,67,2017,February,7,12,2,0,2,0.0,0,BB,PRT,Groups,TA/TO,0,0,0,A,A,0,Non Refund,3.0,0,Transient,80.0,0,0
City Hotel,1,67,2017,February,7,12,2,0,2,0.0,0,BB,PRT,Groups,TA/TO,0,0,0,A,A,0,Non Refund,3.0,0,Transient,80.0,0,0
City Hotel,1,67,2017,February,7,12,2,0,2,0.0,0,BB,PRT,Groups,TA/TO,0,0,0,A,A,0,Non Refund,3.0,0,Transient,80.0,0,0
City Hotel,1,67,2017,February,7,12,2,0,2,0.0,0,BB,PRT,Groups,TA/TO,0,0,0,A,A,0,Non Refund,3.0,0,Transient,80.0,0,0
City Hotel,1,67,2017,February,7,12,2,0,2,0.0,0,BB,PRT,Groups,TA/TO,0,0,0,A,A,0,Non Refund,3.0,0,Transient,80.0,0,0
City Hotel,1,67,2017,February,7,12,2,0,2,0.0,0,BB,PRT,Groups,TA/TO,0,0,0,A,A,0,Non Refund,3.0,0,Transient,80.0,0,0
City Hotel,1,67,2017,February,7,12,2,0,2,0.0,0,BB,PRT,Groups,TA/TO,0,0,0,A,A,0,Non Refund,3.0,0,Transient,80.0,0,0
City Hotel,1,67,2017,February,7,12,2,0,2,0.0,0,BB,PRT,Groups,TA/TO,0,0,0,A,A,0,Non Refund,3.0,0,Transient,80.0,0,0
City Hotel,1,67,2017,February,7,12,2,0,2,0.0,0,BB,PRT,Groups,TA/TO,0,0,0,A,A,0,Non Refund,3.0,0,Transient,80.0,0,0
City Hotel,1,67,2017,February,7,12,2,0,2,0.0,0,BB,PRT,Groups,TA/TO,0,0,0,A,A,0,Non Refund,3.0,0,Transient,80.0,0,0
City Hotel,1,67,2017,February,7,12,2,0,2,0.0,0,BB,PRT,Groups,TA/TO,0,0,0,A,A,0,Non Refund,3.0,0,Transient,80.0,0,0
City Hotel,1,67,2017,February,7,12,2,0,2,0.0,0,BB,PRT,Groups,TA/TO,0,0,0,A,A,0,Non Refund,3.0,0,Transient,80.0,0,0
City Hotel,1,67,2017,February,7,12,2,0,2,0.0,0,BB,PRT,Groups,TA/TO,0,0,0,A,A,0,Non Refund,3.0,0,Transient,80.0,0,0
City Hotel,1,67,2017,February,7,12,2,0,2,0.0,0,BB,PRT,Groups,TA/TO,0,0,0,A,A,0,Non Refund,3.0,0,Transient,80.0,0,0
City Hotel,1,67,2017,February,7,12,2,0,2,0.0,0,BB,PRT,Groups,TA/TO,0,0,0,A,A,0,Non Refund,3.0,0,Transient,80.0,0,0
City Hotel,1,67,2017,February,7,12,2,0,2,0.0,0,BB,PRT,Groups,TA/TO,0,0,0,A,A,0,Non Refund,3.0,0,Transient,80.0,0,0
City Hotel,1,67,2017,February,7,12,2,0,2,0.0,0,BB,PRT,Groups,TA/TO,0,0,0,A,A,0,Non Refund,3.0,0,Transient,80.0,0,0
City Hotel,1,67,2017,February,7,12,2,0,2,0.0,0,BB,PRT,Groups,TA/TO,0,0,0,A,A,0,Non Refund,3.0,0,Transient,80.0,0,0
City Hotel,1,67,2017,February,7,12,2,0,2,0.0,0,BB,PRT,Groups,TA/TO,0,0,0,A,A,0,Non Refund,3.0,0,Transient,80.0,0,0
City Hotel,1,15,2017,February,7,12,2,0,2,0.0,0,SC,RUS,Online TA,TA/TO,0,0,0,A,A,0,No Deposit,9.0,0,Transient,88.0,0,0
City Hotel,1,67,2017,February,7,12,2,0,2,0.0,0,BB,PRT,Groups,TA/TO,0,0,0,A,A,0,Non Refund,3.0,0,Transient,80.0,0,0
City Hotel,1,67,2017,February,7,12,2,0,2,0.0,0,BB,PRT,Groups,TA/TO,0,0,0,A,A,0,Non Refund,3.0,0,Transient,80.0,0,0
City Hotel,1,67,2017,February,7,12,2,0,2,0.0,0,BB,PRT,Groups,TA/TO,0,0,0,A,A,0,Non Refund,3.0,0,Transient,80.0,0,0
City Hotel,1,67,2017,February,7,12,2,0,2,0.0,0,BB,PRT,Groups,TA/TO,0,0,0,A,A,0,Non Refund,3.0,0,Transient,80.0,0,0
City Hotel,1,67,2017,February,7,12,2,0,2,0.0,0,BB,PRT,Groups,TA/TO,0,0,0,A,A,0,Non Refund,3.0,0,Transient,80.0,0,0
City Hotel,1,67,2017,February,7,12,2,0,2,0.0,0,BB,PRT,Groups,TA/TO,0,0,0,A,A,0,Non Refund,3.0,0,Transient,80.0,0,0
City Hotel,1,67,2017,February,7,12,2,0,2,0.0,0,BB,PRT,Groups,TA/TO,0,0,0,A,A,0,Non Refund,3.0,0,Transient,80.0,0,0
City Hotel,1,67,2017,February,7,12,2,0,2,0.0,0,BB,PRT,Groups,TA/TO,0,0,0,A,A,0,Non Refund,3.0,0,Transient,80.0,0,0
City Hotel,1,67,2017,February,7,12,2,0,2,0.0,0,BB,PRT,Groups,TA/TO,0,0,0,A,A,0,Non Refund,3.0,0,Transient,80.0,0,0
City Hotel,1,67,2017,February,7,12,2,0,2,0.0,0,BB,PRT,Groups,TA/TO,0,0,0,A,A,0,Non Refund,3.0,0,Transient,80.0,0,0
City Hotel,1,67,2017,February,7,12,2,0,2,0.0,0,BB,PRT,Groups,TA/TO,0,0,0,A,A,0,Non Refund,3.0,0,Transient,80.0,0,0
City Hotel,1,67,2017,February,7,12,2,0,2,0.0,0,BB,PRT,Groups,TA/TO,0,0,0,A,A,0,Non Refund,3.0,0,Transient,80.0,0,0
City Hotel,1,67,2017,February,7,12,2,0,2,0.0,0,BB,PRT,Groups,TA/TO,0,0,0,A,A,0,Non Refund,3.0,0,Transient,80.0,0,0
City Hotel,1,67,2017,February,7,12,2,0,2,0.0,0,BB,PRT,Groups,TA/TO,0,0,0,A,A,0,Non Refund,3.0,0,Transient,80.0,0,0
City Hotel,1,67,2017,February,7,12,2,0,2,0.0,0,BB,PRT,Groups,TA/TO,0,0,0,A,A,0,Non Refund,3.0,0,Transient,80.0,0,0
City Hotel,1,67,2017,February,7,12,2,0,2,0.0,0,BB,PRT,Groups,TA/TO,0,0,0,A,A,0,Non Refund,3.0,0,Transient,80.0,0,0
City Hotel,1,67,2017,February,7,12,2,0,2,0.0,0,BB,PRT,Groups,TA/TO,0,0,0,A,A,0,Non Refund,3.0,0,Transient,80.0,0,0
City Hotel,1,67,2017,February,7,12,2,0,2,0.0,0,BB,PRT,Groups,TA/TO,0,0,0,A,A,0,Non Refund,3.0,0,Transient,80.0,0,0
City Hotel,1,67,2017,February,7,12,2,0,2,0.0,0,BB,PRT,Groups,TA/TO,0,0,0,A,A,0,Non Refund,3.0,0,Transient,80.0,0,0
City Hotel,1,67,2017,February,7,12,2,0,2,0.0,0,BB,PRT,Groups,TA/TO,0,0,0,A,A,0,Non Refund,3.0,0,Transient,80.0,0,0
City Hotel,1,67,2017,February,7,12,2,0,2,0.0,0,BB,PRT,Groups,TA/TO,0,0,0,A,A,0,Non Refund,3.0,0,Transient,80.0,0,0
City Hotel,1,67,2017,February,7,12,2,0,2,0.0,0,BB,PRT,Groups,TA/TO,0,0,0,A,A,0,Non Refund,3.0,0,Transient,80.0,0,0
City Hotel,1,67,2017,February,7,12,2,0,2,0.0,0,BB,PRT,Groups,TA/TO,0,0,0,A,A,0,Non Refund,3.0,0,Transient,80.0,0,0
City Hotel,1,67,2017,February,7,12,2,0,2,0.0,0,BB,PRT,Groups,TA/TO,0,0,0,A,A,0,Non Refund,3.0,0,Transient,80.0,0,0
City Hotel,1,67,2017,February,7,12,2,0,2,0.0,0,BB,PRT,Groups,TA/TO,0,0,0,A,A,0,Non Refund,3.0,0,Transient,80.0,0,0
City Hotel,1,67,2017,February,7,12,2,0,2,0.0,0,BB,PRT,Groups,TA/TO,0,0,0,A,A,0,Non Refund,3.0,0,Transient,80.0,0,0
City Hotel,1,67,2017,February,7,12,2,0,2,0.0,0,BB,PRT,Groups,TA/TO,0,0,0,A,A,0,Non Refund,3.0,0,Transient,80.0,0,0
City Hotel,1,67,2017,February,7,12,2,0,2,0.0,0,BB,PRT,Groups,TA/TO,0,0,0,A,A,0,Non Refund,3.0,0,Transient,80.0,0,0
City Hotel,1,67,2017,February,7,12,2,0,2,0.0,0,BB,PRT,Groups,TA/TO,0,0,0,A,A,0,Non Refund,3.0,0,Transient,80.0,0,0
City Hotel,1,67,2017,February,7,12,2,0,2,0.0,0,BB,PRT,Groups,TA/TO,0,0,0,A,A,0,Non Refund,3.0,0,Transient,80.0,0,0
City Hotel,1,67,2017,February,7,12,2,0,2,0.0,0,BB,PRT,Groups,TA/TO,0,0,0,A,A,0,Non Refund,3.0,0,Transient,80.0,0,0
City Hotel,1,50,2017,February,7,12,2,1,2,0.0,0,BB,GBR,Online TA,TA/TO,0,0,0,A,A,0,No Deposit,9.0,0,Transient,95.4,0,1
City Hotel,1,18,2017,February,7,12,2,1,2,0.0,0,BB,FRA,Online TA,TA/TO,0,0,0,D,D,0,No Deposit,9.0,0,Transient,118.0,0,0
City Hotel,1,78,2017,February,7,12,2,1,2,0.0,0,SC,ESP,Online TA,TA/TO,0,0,0,A,A,0,No Deposit,9.0,0,Transient,79.2,0,0
City Hotel,1,39,2017,February,7,12,2,2,2,0.0,0,BB,GBR,Online TA,TA/TO,0,0,0,A,A,0,No Deposit,9.0,0,Transient,85.0,0,0
City Hotel,1,190,2017,February,7,12,2,2,2,0.0,0,HB,CZE,Online TA,TA/TO,0,0,0,A,A,0,No Deposit,9.0,0,Transient,117.3,0,0
City Hotel,1,70,2017,February,7,12,2,2,2,0.0,0,BB,FRA,Online TA,TA/TO,0,0,0,A,A,0,No Deposit,9.0,0,Transient,88.4,0,1
City Hotel,1,38,2017,February,7,12,2,2,2,0.0,0,SC,FRA,Online TA,TA/TO,0,0,0,A,A,0,No Deposit,9.0,0,Transient,69.7,0,1
City Hotel,1,39,2017,February,7,12,2,2,2,0.0,0,BB,GBR,Online TA,TA/TO,0,0,0,A,A,0,No Deposit,9.0,0,Transient,85.0,0,0
City Hotel,1,28,2017,February,7,12,2,2,2,0.0,0,SC,ESP,Online TA,TA/TO,0,0,0,A,A,0,No Deposit,9.0,0,Transient,74.8,0,0
City Hotel,1,93,2017,February,7,12,2,3,2,0.0,0,HB,ESP,Online TA,TA/TO,0,0,0,A,A,2,No Deposit,9.0,0,Transient,129.7,0,1
City Hotel,1,32,2017,February,7,12,2,3,2,0.0,0,BB,FRA,Online TA,TA/TO,0,0,0,A,A,2,No Deposit,9.0,0,Transient,93.68,0,1
City Hotel,1,32,2017,February,7,12,2,3,2,0.0,0,HB,FRA,Online TA,TA/TO,0,0,0,D,D,2,No Deposit,9.0,0,Transient,134.3,0,1
City Hotel,1,173,2017,February,7,12,2,3,2,0.0,0,BB,TUR,Online TA,TA/TO,0,0,0,A,A,0,No Deposit,9.0,0,Transient,88.4,0,1
City Hotel,1,37,2017,February,7,12,2,3,2,0.0,0,BB,DEU,Online TA,TA/TO,0,0,0,D,D,1,No Deposit,9.0,0,Transient,94.52,0,0
City Hotel,1,12,2017,February,7,13,1,0,2,0.0,0,HB,PRT,Direct,Direct,0,0,0,A,A,0,No Deposit,14.0,0,Transient,143.0,0,2
City Hotel,1,72,2017,February,7,13,1,0,2,0.0,0,SC,PRT,Online TA,TA/TO,0,0,0,A,A,0,No Deposit,9.0,0,Transient,79.2,0,1
City Hotel,1,62,2017,February,7,13,1,1,2,0.0,0,SC,CHE,Online TA,TA/TO,0,0,0,A,A,0,No Deposit,9.0,0,Transient,79.2,0,1
City Hotel,1,34,2017,February,7,13,1,1,2,0.0,0,SC,GBR,Online TA,TA/TO,0,0,0,A,A,0,No Deposit,9.0,0,Transient,88.0,0,1
City Hotel,1,84,2017,February,7,13,1,2,2,0.0,0,SC,BRA,Online TA,TA/TO,0,0,0,A,A,0,No Deposit,9.0,0,Transient,79.2,0,0
City Hotel,1,74,2017,February,7,13,1,2,2,0.0,0,SC,GBR,Online TA,TA/TO,0,0,0,A,A,0,No Deposit,9.0,0,Transient,79.2,0,3
City Hotel,1,61,2017,February,7,13,1,2,2,0.0,0,BB,DEU,Online TA,TA/TO,0,0,0,A,A,0,No Deposit,9.0,0,Transient,95.4,0,0
City Hotel,1,60,2017,February,7,13,1,2,2,0.0,0,BB,DEU,Online TA,TA/TO,0,0,0,A,A,0,No Deposit,9.0,0,Transient,95.4,0,0
City Hotel,1,84,2017,February,7,13,1,2,2,0.0,0,BB,PRT,Online TA,TA/TO,0,0,0,A,A,0,No Deposit,7.0,0,Transient,72.07,0,0
City Hotel,1,161,2017,February,7,13,1,3,2,0.0,0,SC,PRT,Online TA,TA/TO,0,0,0,A,A,2,No Deposit,8.0,0,Transient,74.8,0,1
City Hotel,1,26,2017,February,7,13,1,2,2,0.0,0,SC,PRT,Online TA,TA/TO,0,0,0,A,A,0,No Deposit,7.0,0,Transient,54.21,0,1
City Hotel,1,27,2017,February,7,13,1,3,2,0.0,0,BB,FRA,Online TA,TA/TO,0,0,0,A,A,0,No Deposit,9.0,0,Transient,91.8,0,1
City Hotel,1,164,2017,February,7,13,1,3,2,0.0,0,BB,ROU,Online TA,TA/TO,0,0,0,A,A,0,No Deposit,9.0,0,Transient,88.4,0,1
City Hotel,1,28,2017,February,7,13,1,3,2,0.0,0,SC,FRA,Online TA,TA/TO,0,0,0,A,A,0,No Deposit,9.0,0,Transient,74.8,0,0
City Hotel,1,82,2017,February,7,13,1,4,2,0.0,0,SC,FRA,Online TA,TA/TO,0,0,0,A,A,0,No Deposit,9.0,0,Transient,74.8,0,0
City Hotel,1,29,2017,February,7,13,1,4,2,0.0,0,SC,PRT,Online TA,TA/TO,0,0,0,A,A,0,No Deposit,7.0,0,Transient,74.8,0,0
City Hotel,1,72,2017,February,7,13,1,5,2,0.0,0,SC,ITA,Online TA,TA/TO,0,0,0,A,A,0,No Deposit,9.0,0,Transient,74.8,0,2
City Hotel,1,42,2017,February,7,13,1,4,2,0.0,0,SC,FRA,Online TA,TA/TO,0,0,0,A,A,2,No Deposit,9.0,0,Transient,74.8,0,1
City Hotel,1,33,2017,February,7,13,2,5,2,0.0,0,HB,ESP,Online TA,TA/TO,0,0,0,A,A,0,No Deposit,9.0,0,Transient,123.13,0,3
City Hotel,1,217,2017,February,7,13,7,18,2,0.0,0,BB,ARE,Online TA,TA/TO,0,0,0,A,A,0,No Deposit,9.0,0,Transient,85.0,0,0
City Hotel,1,21,2017,February,7,14,0,1,2,0.0,0,BB,CHE,Online TA,TA/TO,0,0,0,A,A,0,No Deposit,9.0,0,Transient,108.0,0,1
City Hotel,1,8,2017,February,7,14,0,1,2,0.0,0,SC,PRT,Online TA,TA/TO,0,0,0,A,A,0,No Deposit,9.0,0,Transient,88.0,0,1
City Hotel,1,63,2017,February,7,14,0,1,2,0.0,0,SC,DEU,Online TA,TA/TO,0,0,0,A,A,0,No Deposit,9.0,0,Transient,79.2,0,1
City Hotel,1,6,2017,February,7,14,0,1,2,0.0,0,BB,GBR,Online TA,TA/TO,0,0,0,A,A,0,No Deposit,9.0,0,Transient,108.0,0,0
City Hotel,1,37,2017,February,7,14,0,1,2,0.0,0,BB,PRT,Online TA,TA/TO,0,0,0,A,A,0,No Deposit,9.0,0,Transient,98.0,0,1
City Hotel,1,11,2017,February,7,14,0,1,2,0.0,0,BB,PRT,Direct,Direct,0,0,0,D,D,0,No Deposit,,0,Transient,60.0,0,1
City Hotel,1,6,2017,February,7,14,0,1,2,0.0,0,BB,FRA,Online TA,TA/TO,0,0,0,A,A,0,No Deposit,9.0,0,Transient,108.0,0,0
City Hotel,1,7,2017,February,7,14,0,1,2,0.0,0,SC,PRT,Online TA,TA/TO,0,0,0,A,A,0,No Deposit,9.0,0,Transient,88.0,0,0
City Hotel,1,11,2017,February,7,14,0,1,2,0.0,0,BB,PRT,Online TA,TA/TO,0,0,0,D,D,0,No Deposit,9.0,0,Transient,118.0,0,0
City Hotel,1,88,2017,February,7,14,0,1,2,0.0,0,SC,CHN,Online TA,TA/TO,0,0,0,A,A,0,No Deposit,9.0,0,Transient,71.28,0,1
City Hotel,1,88,2017,February,7,14,0,1,2,0.0,0,SC,CHN,Online TA,TA/TO,0,0,0,A,A,0,No Deposit,9.0,0,Transient,71.28,0,1
City Hotel,1,88,2017,February,7,14,0,1,2,0.0,0,SC,CHN,Online TA,TA/TO,0,0,0,A,A,0,No Deposit,9.0,0,Transient,71.28,0,1
City Hotel,1,21,2017,February,7,14,0,1,2,0.0,0,HB,PRT,Direct,Direct,0,0,0,D,D,1,No Deposit,14.0,0,Transient,153.0,0,2
City Hotel,1,226,2017,February,7,14,0,1,2,0.0,0,BB,PRT,Online TA,TA/TO,0,0,0,A,A,0,No Deposit,9.0,0,Transient,90.0,0,2
City Hotel,1,56,2017,February,7,14,0,2,2,0.0,0,SC,CHE,Online TA,TA/TO,0,0,0,A,A,0,No Deposit,9.0,0,Transient,79.2,0,1
City Hotel,1,56,2017,February,7,14,0,2,2,0.0,0,SC,CHE,Online TA,TA/TO,0,0,0,A,A,0,No Deposit,9.0,0,Transient,79.2,0,1
City Hotel,1,56,2017,February,7,14,0,2,2,0.0,0,SC,CHE,Online TA,TA/TO,0,0,0,A,A,0,No Deposit,9.0,0,Transient,79.2,0,1
City Hotel,1,241,2017,February,7,14,0,2,2,0.0,0,BB,PRT,Online TA,TA/TO,0,0,0,A,A,0,No Deposit,7.0,0,Transient,69.3,0,1
City Hotel,1,56,2017,February,7,14,0,2,2,0.0,0,SC,CHE,Online TA,TA/TO,0,0,0,A,A,0,No Deposit,9.0,0,Transient,79.2,0,1
City Hotel,1,100,2017,February,7,14,0,3,2,0.0,0,BB,LVA,Online TA,TA/TO,0,0,0,A,A,0,No Deposit,9.0,0,Transient,93.6,0,1
City Hotel,1,100,2017,February,7,14,0,3,2,0.0,0,BB,LVA,Online TA,TA/TO,0,0,0,A,A,0,No Deposit,9.0,0,Transient,93.6,0,1
City Hotel,1,99,2017,February,7,14,0,4,2,0.0,0,BB,ROU,Online TA,TA/TO,0,0,0,A,A,0,No Deposit,9.0,0,Transient,93.6,0,1
City Hotel,1,97,2017,February,7,14,0,4,2,0.0,0,BB,BRA,Online TA,TA/TO,0,0,0,A,A,0,No Deposit,9.0,0,Transient,93.6,0,1
City Hotel,1,154,2017,February,7,14,0,4,2,0.0,0,SC,ROU,Online TA,TA/TO,0,0,0,A,A,0,No Deposit,9.0,0,Transient,88.0,0,1
City Hotel,1,97,2017,February,7,14,0,4,2,0.0,0,BB,BRA,Online TA,TA/TO,0,0,0,A,A,0,No Deposit,9.0,0,Transient,93.6,0,1
City Hotel,1,42,2017,February,7,14,0,4,2,0.0,0,BB,FRA,Online TA,TA/TO,0,0,0,A,A,0,No Deposit,9.0,0,Transient,90.1,0,1
City Hotel,1,193,2017,February,7,14,0,5,2,0.0,0,SC,FRA,Online TA,TA/TO,0,0,0,A,A,0,No Deposit,9.0,0,Transient,74.8,0,0
City Hotel,1,93,2017,February,7,14,2,6,2,0.0,0,SC,ROU,Online TA,TA/TO,0,0,0,A,A,0,No Deposit,9.0,0,Transient,74.8,0,2
City Hotel,1,0,2017,February,7,15,0,1,2,0.0,0,SC,PRT,Direct,Direct,0,0,0,A,A,0,No Deposit,,0,Transient,75.0,0,0
City Hotel,1,52,2017,February,7,15,0,2,2,0.0,0,SC,FRA,Online TA,TA/TO,0,0,0,A,A,0,No Deposit,9.0,0,Transient,79.2,0,0
City Hotel,1,18,2017,February,7,15,0,3,2,0.0,0,BB,GBR,Online TA,TA/TO,0,0,0,D,D,0,No Deposit,9.0,0,Transient,118.0,0,0
City Hotel,1,64,2017,February,7,15,0,3,2,0.0,0,SC,BRA,Online TA,TA/TO,0,0,0,A,A,0,No Deposit,9.0,0,Transient,79.2,0,1
City Hotel,1,96,2017,February,7,15,0,3,2,0.0,0,BB,POL,Online TA,TA/TO,0,0,0,D,D,0,No Deposit,9.0,0,Transient,102.6,0,1
City Hotel,1,44,2017,February,7,15,0,3,2,0.0,0,SC,GBR,Online TA,TA/TO,0,0,0,A,A,0,No Deposit,9.0,0,Transient,82.13,0,1
City Hotel,1,70,2017,February,7,15,0,4,2,0.0,0,BB,PRT,Groups,TA/TO,0,0,0,A,B,1,No Deposit,,0,Transient-Party,78.0,0,0
City Hotel,1,37,2017,February,7,15,0,4,2,0.0,0,BB,FRA,Online TA,TA/TO,0,0,0,D,D,0,No Deposit,9.0,0,Transient,98.6,0,0
City Hotel,1,48,2017,February,7,15,0,4,2,0.0,0,BB,DEU,Online TA,TA/TO,0,0,0,A,A,0,No Deposit,9.0,0,Transient,90.1,0,1
City Hotel,1,101,2017,February,7,15,1,4,2,0.0,0,SC,FRA,Online TA,TA/TO,0,0,0,A,A,2,No Deposit,9.0,0,Transient,75.68,0,2
City Hotel,1,19,2017,February,7,15,3,9,2,0.0,0,BB,PRT,Direct,Direct,0,0,0,D,D,0,No Deposit,,0,Transient-Party,110.33,0,0
City Hotel,1,70,2017,February,7,16,0,3,2,0.0,0,BB,GBR,Online TA,TA/TO,0,0,0,A,A,0,No Deposit,9.0,0,Transient,95.4,0,2
City Hotel,1,10,2017,February,7,16,0,3,2,0.0,0,SC,ITA,Online TA,TA/TO,0,0,0,A,A,0,No Deposit,9.0,0,Transient,98.0,0,0
City Hotel,1,70,2017,February,7,16,0,3,2,0.0,0,BB,GBR,Online TA,TA/TO,0,0,0,A,A,0,No Deposit,9.0,0,Transient,95.4,0,2
City Hotel,1,70,2017,February,7,16,0,3,2,0.0,0,BB,GBR,Online TA,TA/TO,0,0,0,A,A,0,No Deposit,9.0,0,Transient,95.4,0,2
City Hotel,1,35,2017,February,7,16,0,3,2,0.0,0,SC,GBR,Online TA,TA/TO,0,0,0,A,A,0,No Deposit,9.0,0,Transient,88.0,0,0
City Hotel,1,70,2017,February,7,16,0,3,2,0.0,0,BB,GBR,Online TA,TA/TO,0,0,0,A,A,0,No Deposit,9.0,0,Transient,95.4,0,2
City Hotel,1,70,2017,February,7,16,0,3,2,0.0,0,BB,GBR,Online TA,TA/TO,0,0,0,A,A,0,No Deposit,9.0,0,Transient,95.4,0,2
City Hotel,1,35,2017,February,7,16,0,3,2,0.0,0,SC,GBR,Online TA,TA/TO,0,0,0,A,A,0,No Deposit,9.0,0,Transient,88.0,0,0
City Hotel,1,70,2017,February,7,16,0,3,2,0.0,0,BB,GBR,Online TA,TA/TO,0,0,0,A,A,0,No Deposit,9.0,0,Transient,95.4,0,2
City Hotel,1,70,2017,February,7,16,0,3,2,0.0,0,BB,GBR,Online TA,TA/TO,0,0,0,A,A,0,No Deposit,9.0,0,Transient,95.4,0,2
City Hotel,1,76,2017,February,7,16,1,3,2,0.0,0,BB,USA,Online TA,TA/TO,0,0,0,A,A,0,No Deposit,9.0,0,Transient,88.4,0,0
City Hotel,1,45,2017,February,7,16,2,3,2,0.0,0,SC,GBR,Online TA,TA/TO,0,0,0,A,A,0,No Deposit,9.0,0,Transient,74.8,0,0
City Hotel,1,15,2017,February,7,17,0,2,2,0.0,0,BB,PRT,Offline TA/TO,TA/TO,0,0,0,A,A,0,Non Refund,19.0,0,Transient,95.0,0,0
City Hotel,1,15,2017,February,7,17,0,2,2,0.0,0,BB,PRT,Offline TA/TO,TA/TO,0,0,0,A,A,0,Non Refund,19.0,0,Transient,95.0,0,0
City Hotel,1,15,2017,February,7,17,0,2,2,0.0,0,BB,PRT,Offline TA/TO,TA/TO,0,0,0,A,A,0,Non Refund,19.0,0,Transient,95.0,0,0
City Hotel,1,15,2017,February,7,17,0,2,2,0.0,0,BB,PRT,Offline TA/TO,TA/TO,0,0,0,A,A,0,Non Refund,19.0,0,Transient,95.0,0,0
City Hotel,1,87,2017,February,7,17,0,2,2,0.0,0,SC,CHN,Online TA,TA/TO,0,0,0,A,A,0,No Deposit,9.0,0,Transient,71.28,0,0
City Hotel,1,15,2017,February,7,17,0,2,2,0.0,0,BB,PRT,Offline TA/TO,TA/TO,0,0,0,A,A,0,Non Refund,19.0,0,Transient,95.0,0,0
City Hotel,1,15,2017,February,7,17,0,2,2,0.0,0,BB,PRT,Offline TA/TO,TA/TO,0,0,0,A,A,0,Non Refund,19.0,0,Transient,95.0,0,0
City Hotel,1,15,2017,February,7,17,0,2,2,0.0,0,BB,PRT,Offline TA/TO,TA/TO,0,0,0,A,A,0,Non Refund,19.0,0,Transient,95.0,0,0
City Hotel,1,15,2017,February,7,17,0,2,2,0.0,0,BB,PRT,Offline TA/TO,TA/TO,0,0,0,A,A,0,Non Refund,19.0,0,Transient,95.0,0,0
City Hotel,1,91,2017,February,7,17,0,2,2,0.0,0,BB,BEL,Online TA,TA/TO,0,0,0,A,A,0,No Deposit,9.0,0,Transient,93.6,0,1
City Hotel,1,15,2017,February,7,17,0,2,2,0.0,0,BB,PRT,Offline TA/TO,TA/TO,0,0,0,A,A,0,Non Refund,19.0,0,Transient,95.0,0,0
City Hotel,1,15,2017,February,7,17,0,2,2,0.0,0,BB,PRT,Offline TA/TO,TA/TO,0,0,0,A,A,0,Non Refund,19.0,0,Transient,95.0,0,0
City Hotel,1,22,2017,February,7,17,0,2,2,0.0,0,BB,IRL,Online TA,TA/TO,0,0,0,D,D,0,No Deposit,9.0,0,Transient,118.0,0,0
City Hotel,1,15,2017,February,7,17,0,2,2,0.0,0,BB,PRT,Offline TA/TO,TA/TO,0,0,0,A,A,0,Non Refund,19.0,0,Transient,95.0,0,0
City Hotel,1,15,2017,February,7,17,0,2,2,0.0,0,BB,PRT,Offline TA/TO,TA/TO,0,0,0,A,A,0,Non Refund,19.0,0,Transient,95.0,0,0
City Hotel,1,15,2017,February,7,17,0,2,2,0.0,0,BB,PRT,Offline TA/TO,TA/TO,0,0,0,A,A,0,Non Refund,19.0,0,Transient,95.0,0,0
City Hotel,1,15,2017,February,7,17,0,2,2,0.0,0,BB,PRT,Offline TA/TO,TA/TO,0,0,0,A,A,0,Non Refund,19.0,0,Transient,95.0,0,0
City Hotel,1,15,2017,February,7,17,0,2,2,0.0,0,BB,PRT,Offline TA/TO,TA/TO,0,0,0,A,A,0,Non Refund,19.0,0,Transient,95.0,0,0
City Hotel,1,15,2017,February,7,17,0,2,2,0.0,0,BB,PRT,Offline TA/TO,TA/TO,0,0,0,A,A,0,Non Refund,19.0,0,Transient,95.0,0,0
City Hotel,1,15,2017,February,7,17,0,2,2,0.0,0,BB,PRT,Offline TA/TO,TA/TO,0,0,0,A,A,0,Non Refund,19.0,0,Transient,95.0,0,0
City Hotel,1,31,2017,February,7,17,0,2,2,0.0,0,BB,PRT,Offline TA/TO,TA/TO,0,0,0,A,A,0,Non Refund,19.0,16,Transient,95.0,0,0
City Hotel,1,88,2017,February,7,17,0,2,2,0.0,0,SC,DEU,Online TA,TA/TO,0,0,0,A,A,0,No Deposit,9.0,0,Transient,79.2,0,0
City Hotel,1,15,2017,February,7,17,0,2,2,0.0,0,BB,PRT,Offline TA/TO,TA/TO,0,0,0,A,A,0,Non Refund,19.0,0,Transient,95.0,0,0
City Hotel,1,15,2017,February,7,17,0,2,2,0.0,0,BB,PRT,Offline TA/TO,TA/TO,0,0,0,A,A,0,Non Refund,19.0,0,Transient,95.0,0,0
City Hotel,1,15,2017,February,7,17,0,2,2,0.0,0,BB,PRT,Offline TA/TO,TA/TO,0,0,0,A,A,0,Non Refund,19.0,0,Transient,95.0,0,0
City Hotel,1,63,2017,February,7,17,0,2,2,0.0,0,SC,CN,Online TA,TA/TO,0,0,0,A,A,0,No Deposit,9.0,0,Transient,79.2,0,2
City Hotel,1,15,2017,February,7,17,0,2,2,0.0,0,BB,PRT,Offline TA/TO,TA/TO,0,0,0,A,A,0,Non Refund,19.0,0,Transient,95.0,0,0
City Hotel,1,15,2017,February,7,17,0,2,2,0.0,0,BB,PRT,Offline TA/TO,TA/TO,0,0,0,A,A,0,Non Refund,19.0,0,Transient,95.0,0,0
City Hotel,1,15,2017,February,7,17,0,2,2,0.0,0,BB,PRT,Offline TA/TO,TA/TO,0,0,0,A,A,0,Non Refund,19.0,0,Transient,95.0,0,0
City Hotel,1,15,2017,February,7,17,0,2,2,0.0,0,BB,PRT,Offline TA/TO,TA/TO,0,0,0,A,A,0,Non Refund,19.0,0,Transient,95.0,0,0
City Hotel,1,15,2017,February,7,17,0,2,2,0.0,0,BB,PRT,Offline TA/TO,TA/TO,0,0,0,A,A,0,Non Refund,19.0,0,Transient,95.0,0,0
City Hotel,1,15,2017,February,7,17,0,2,2,0.0,0,BB,PRT,Offline TA/TO,TA/TO,0,0,0,A,A,0,Non Refund,19.0,0,Transient,95.0,0,0
City Hotel,1,15,2017,February,7,17,0,2,2,0.0,0,BB,PRT,Offline TA/TO,TA/TO,0,0,0,A,A,0,Non Refund,19.0,0,Transient,95.0,0,0
City Hotel,1,15,2017,February,7,17,0,2,2,0.0,0,BB,PRT,Offline TA/TO,TA/TO,0,0,0,A,A,0,Non Refund,19.0,0,Transient,95.0,0,0
City Hotel,1,15,2017,February,7,17,0,2,2,0.0,0,BB,PRT,Offline TA/TO,TA/TO,0,0,0,A,A,0,Non Refund,19.0,0,Transient,95.0,0,0
City Hotel,1,15,2017,February,7,17,0,2,2,0.0,0,BB,PRT,Offline TA/TO,TA/TO,0,0,0,A,A,0,Non Refund,19.0,0,Transient,95.0,0,0
City Hotel,1,15,2017,February,7,17,0,2,2,0.0,0,BB,PRT,Offline TA/TO,TA/TO,0,0,0,A,A,0,Non Refund,19.0,0,Transient,95.0,0,0
City Hotel,1,15,2017,February,7,17,0,2,2,0.0,0,BB,PRT,Offline TA/TO,TA/TO,0,0,0,A,A,0,Non Refund,19.0,0,Transient,95.0,0,0
City Hotel,1,33,2017,February,7,17,0,2,2,0.0,0,BB,KOR,Online TA,TA/TO,0,0,0,A,A,0,No Deposit,9.0,0,Transient,108.0,0,0
City Hotel,1,15,2017,February,7,17,0,2,2,0.0,0,BB,PRT,Offline TA/TO,TA/TO,0,0,0,A,A,0,Non Refund,19.0,0,Transient,95.0,0,0
City Hotel,1,15,2017,February,7,17,0,2,2,0.0,0,BB,PRT,Offline TA/TO,TA/TO,0,0,0,A,A,0,Non Refund,19.0,0,Transient,95.0,0,0
City Hotel,1,10,2017,February,7,17,1,2,2,0.0,0,BB,PRT,Offline TA/TO,TA/TO,0,0,0,A,A,0,No Deposit,28.0,0,Contract,68.0,0,0
City Hotel,1,90,2017,February,7,17,1,2,2,0.0,0,BB,AUS,Online TA,TA/TO,0,0,0,D,D,1,No Deposit,9.0,0,Transient,102.6,0,0
City Hotel,1,30,2017,February,7,17,1,2,2,0.0,0,BB,CHN,Online TA,TA/TO,0,0,0,D,D,0,No Deposit,9.0,0,Transient,103.8,0,0
City Hotel,1,207,2017,February,7,17,1,2,2,0.0,0,SC,GBR,Online TA,TA/TO,0,0,0,A,A,0,No Deposit,9.0,0,Transient,79.2,0,1
City Hotel,1,49,2017,February,7,17,1,2,2,0.0,0,SC,FRA,Online TA,TA/TO,0,0,0,A,A,0,No Deposit,9.0,0,Transient,79.2,0,0
City Hotel,1,10,2017,February,7,17,1,2,2,0.0,0,BB,PRT,Offline TA/TO,TA/TO,0,0,0,A,A,0,No Deposit,28.0,0,Contract,68.0,0,0
City Hotel,1,65,2017,February,7,17,1,2,2,0.0,0,SC,FRA,Online TA,TA/TO,0,0,0,A,A,0,No Deposit,9.0,0,Transient,79.2,0,2
City Hotel,1,186,2017,February,7,17,1,2,2,0.0,0,BB,GBR,Online TA,TA/TO,0,0,0,A,A,0,No Deposit,9.0,0,Transient,90.0,0,1
City Hotel,1,80,2017,February,7,17,2,2,2,0.0,0,BB,GBR,Direct,Direct,0,0,0,A,A,0,No Deposit,14.0,0,Transient,79.2,0,0
City Hotel,1,18,2017,February,7,17,2,2,2,0.0,0,BB,FRA,Online TA,TA/TO,0,0,0,D,D,0,No Deposit,9.0,0,Transient,96.9,0,0
City Hotel,1,32,2017,February,7,17,2,3,2,0.0,0,HB,DEU,Online TA,TA/TO,0,0,0,A,A,0,No Deposit,9.0,0,Transient,120.02,0,1
City Hotel,1,7,2017,February,7,17,2,4,2,0.0,0,BB,GBR,Online TA,TA/TO,0,0,0,A,A,0,No Deposit,9.0,0,Transient,90.1,0,0
City Hotel,1,309,2017,February,7,17,4,7,2,0.0,0,SC,BRA,Online TA,TA/TO,0,0,0,A,A,0,No Deposit,9.0,0,Transient,67.15,0,0
City Hotel,1,11,2017,February,7,18,0,1,2,0.0,0,SC,PRT,Online TA,TA/TO,0,0,0,A,A,0,No Deposit,9.0,0,Transient,98.0,0,0
City Hotel,1,51,2017,February,7,18,1,1,2,0.0,0,BB,FRA,Online TA,TA/TO,0,0,0,A,A,0,No Deposit,9.0,0,Transient,95.4,0,1
City Hotel,1,74,2017,February,7,18,2,1,2,0.0,0,BB,GBR,Online TA,TA/TO,0,0,0,D,D,0,No Deposit,9.0,0,Transient,102.6,0,1
City Hotel,1,38,2017,February,7,18,2,2,2,0.0,0,SC,DEU,Online TA,TA/TO,0,0,0,A,A,0,No Deposit,9.0,0,Transient,69.7,0,0
City Hotel,1,149,2017,February,7,18,2,2,2,0.0,0,BB,DEU,Online TA,TA/TO,0,0,0,A,A,0,No Deposit,9.0,0,Transient,88.4,0,1
City Hotel,1,233,2017,February,7,18,2,2,2,0.0,0,BB,DNK,Online TA,TA/TO,0,0,0,A,A,0,No Deposit,9.0,0,Transient,85.0,0,0
City Hotel,1,47,2017,February,7,18,2,4,2,0.0,0,HB,PRT,Online TA,TA/TO,0,0,0,A,A,0,No Deposit,7.0,0,Transient,89.54,0,1
City Hotel,1,212,2017,February,8,19,1,0,2,0.0,0,BB,PRT,Offline TA/TO,TA/TO,0,0,0,A,A,0,No Deposit,27.0,0,Transient,68.0,0,0
City Hotel,1,18,2017,February,8,19,2,0,2,0.0,0,SC,PRT,Online TA,TA/TO,0,0,0,A,A,0,No Deposit,7.0,0,Transient,80.0,0,0
City Hotel,1,41,2017,February,8,19,2,0,2,0.0,0,SC,FRA,Online TA,TA/TO,0,0,0,D,D,0,No Deposit,9.0,0,Transient,148.0,0,1
City Hotel,1,161,2017,February,8,19,2,1,2,0.0,0,BB,IRL,Online TA,TA/TO,0,0,0,A,A,0,No Deposit,9.0,0,Transient,104.0,0,1
City Hotel,1,34,2017,February,8,19,2,1,2,0.0,0,BB,FRA,Online TA,TA/TO,0,0,0,A,A,0,No Deposit,9.0,0,Transient,100.0,0,0
City Hotel,1,34,2017,February,8,19,2,1,2,0.0,0,SC,TZA,Online TA,TA/TO,0,0,0,A,A,0,No Deposit,9.0,0,Transient,80.0,0,0
City Hotel,1,234,2017,February,8,19,2,1,2,0.0,0,BB,AUS,Online TA,TA/TO,0,0,0,A,A,0,No Deposit,9.0,0,Transient,90.0,0,1
City Hotel,1,235,2017,February,8,19,2,1,2,0.0,0,BB,AUS,Online TA,TA/TO,0,0,0,A,A,0,No Deposit,9.0,0,Transient,90.0,0,1
City Hotel,1,126,2017,February,8,19,2,2,2,0.0,0,BB,GBR,Online TA,TA/TO,0,0,0,A,A,0,No Deposit,9.0,0,Transient,88.4,0,0
City Hotel,1,19,2017,February,8,19,2,3,2,0.0,0,SC,LTU,Online TA,TA/TO,0,0,0,A,A,0,No Deposit,9.0,0,Transient,69.36,0,0
City Hotel,1,69,2017,February,8,19,2,3,2,0.0,0,BB,HUN,Online TA,TA/TO,0,0,0,A,A,0,No Deposit,9.0,0,Transient,90.1,0,1
City Hotel,1,47,2017,February,8,20,1,0,2,0.0,0,SC,PRT,Online TA,TA/TO,0,0,0,A,A,0,No Deposit,9.0,0,Transient,72.0,0,1
City Hotel,1,11,2017,February,8,20,1,0,2,0.0,0,SC,IRL,Online TA,TA/TO,0,0,0,A,A,0,No Deposit,9.0,0,Transient,80.0,0,0
City Hotel,1,33,2017,February,8,20,1,0,2,0.0,0,BB,PRT,Direct,Direct,0,0,0,A,A,0,No Deposit,14.0,0,Transient,70.0,0,1
City Hotel,1,41,2017,February,8,20,1,1,2,0.0,0,BB,PRT,Groups,TA/TO,0,0,0,A,A,0,Non Refund,,9,Transient,85.0,0,0
City Hotel,1,39,2017,February,8,20,1,2,2,0.0,0,SC,CHN,Online TA,TA/TO,0,0,0,A,A,4,No Deposit,9.0,0,Transient,72.0,0,0
City Hotel,1,90,2017,February,8,20,1,2,2,0.0,0,SC,CHN,Online TA,TA/TO,0,0,0,A,A,0,No Deposit,9.0,0,Transient,71.28,0,0
City Hotel,1,26,2017,February,8,20,1,2,2,0.0,0,BB,FRA,Online TA,TA/TO,0,0,0,A,A,0,No Deposit,9.0,0,Transient,90.0,0,0
City Hotel,1,17,2017,February,8,20,1,2,2,0.0,0,SC,ESP,Online TA,TA/TO,0,0,0,A,A,0,No Deposit,9.0,0,Transient,80.0,0,0
City Hotel,1,212,2017,February,8,20,1,2,2,0.0,0,BB,NOR,Online TA,TA/TO,0,0,0,A,A,0,No Deposit,9.0,0,Transient,90.0,0,0
City Hotel,1,29,2017,February,8,20,1,3,2,0.0,0,SC,FRA,Online TA,TA/TO,0,0,0,A,A,0,No Deposit,9.0,0,Transient,69.7,0,0
City Hotel,1,28,2017,February,8,20,1,3,2,0.0,0,SC,FRA,Online TA,TA/TO,0,0,0,A,A,0,No Deposit,9.0,0,Transient,69.7,0,3
City Hotel,1,18,2017,February,8,20,1,3,2,0.0,0,SC,FRA,Online TA,TA/TO,0,0,0,A,A,0,No Deposit,9.0,0,Transient,69.7,0,1
City Hotel,1,8,2017,February,8,20,1,3,2,0.0,0,BB,GBR,Online TA,TA/TO,0,0,0,D,D,0,No Deposit,9.0,0,Transient,100.3,0,0
City Hotel,1,34,2017,February,8,20,1,3,2,0.0,0,SC,FRA,Online TA,TA/TO,0,0,0,A,A,0,No Deposit,9.0,0,Transient,69.7,0,1
City Hotel,1,7,2017,February,8,20,1,3,2,0.0,0,BB,FRA,Online TA,TA/TO,0,0,0,D,D,0,No Deposit,9.0,0,Transient,100.3,0,0
City Hotel,1,29,2017,February,8,20,1,3,2,0.0,0,SC,FRA,Online TA,TA/TO,0,0,0,A,A,0,No Deposit,9.0,0,Transient,69.7,0,0
City Hotel,1,8,2017,February,8,20,1,4,2,0.0,0,BB,FRA,Online TA,TA/TO,0,0,0,D,D,0,No Deposit,9.0,0,Transient,100.3,0,0
City Hotel,1,85,2017,February,8,20,1,4,2,0.0,0,SC,FRA,Online TA,TA/TO,0,0,0,A,A,0,No Deposit,9.0,0,Transient,74.8,0,1
City Hotel,1,7,2017,February,8,20,1,4,2,0.0,0,BB,PRT,Offline TA/TO,TA/TO,0,0,0,A,A,0,No Deposit,28.0,0,Contract,68.0,0,0
City Hotel,1,16,2017,February,8,20,1,5,2,0.0,0,BB,DEU,Online TA,TA/TO,0,0,0,D,D,2,No Deposit,9.0,0,Transient,101.07,0,0
City Hotel,1,38,2017,February,8,20,1,5,2,0.0,0,BB,KOR,Online TA,TA/TO,0,0,0,D,D,0,No Deposit,9.0,0,Transient,98.6,0,1
City Hotel,1,41,2017,February,8,20,1,5,2,0.0,0,HB,GBR,Online TA,TA/TO,0,0,0,D,D,0,No Deposit,9.0,0,Transient,131.75,0,2
City Hotel,1,41,2017,February,8,20,2,5,2,0.0,0,BB,DEU,Online TA,TA/TO,0,0,0,E,E,0,No Deposit,9.0,0,Transient,112.69,0,1
City Hotel,1,15,2017,February,8,21,0,4,2,0.0,0,SC,BRA,Online TA,TA/TO,0,0,0,A,A,0,No Deposit,9.0,0,Transient,71.4,0,0
City Hotel,1,47,2017,February,8,21,0,4,2,0.0,0,SC,ITA,Online TA,TA/TO,0,0,0,A,A,0,No Deposit,9.0,0,Transient,71.4,0,0
City Hotel,1,34,2017,February,8,21,0,4,2,0.0,0,BB,ITA,Online TA,TA/TO,0,0,0,A,A,0,No Deposit,9.0,0,Transient,88.4,0,0
City Hotel,1,15,2017,February,8,21,0,4,2,0.0,0,SC,BRA,Online TA,TA/TO,0,0,0,A,A,0,No Deposit,9.0,0,Transient,71.4,0,0
City Hotel,1,18,2017,February,8,21,0,5,2,0.0,0,BB,GBR,Online TA,TA/TO,0,0,0,D,D,0,No Deposit,9.0,0,Transient,99.28,0,0
City Hotel,1,24,2017,February,8,21,0,5,2,0.0,0,BB,GBR,Online TA,TA/TO,0,0,0,D,D,0,No Deposit,9.0,0,Transient,97.58,0,0
City Hotel,1,139,2017,February,8,21,0,5,2,0.0,0,BB,DEU,Online TA,TA/TO,0,0,0,D,D,0,No Deposit,9.0,0,Transient,96.9,0,2
City Hotel,1,42,2017,February,8,21,1,5,2,0.0,0,BB,DEU,Online TA,TA/TO,0,0,0,E,E,0,No Deposit,9.0,0,Transient,113.33,0,0
City Hotel,1,0,2017,February,8,22,0,1,2,0.0,0,BB,PRT,Direct,Direct,0,0,0,A,A,0,No Deposit,,0,Transient,12.0,0,0
City Hotel,1,212,2017,February,8,22,0,4,2,0.0,0,BB,BRA,Online TA,TA/TO,0,0,0,A,A,0,No Deposit,9.0,0,Transient,85.0,0,0
City Hotel,1,29,2017,February,8,22,0,4,2,0.0,0,BB,LIE,Online TA,TA/TO,0,0,0,D,D,0,No Deposit,9.0,0,Transient,98.6,0,1
City Hotel,1,136,2017,February,8,22,1,4,2,0.0,0,BB,DEU,Online TA,TA/TO,0,0,0,D,D,0,No Deposit,9.0,0,Transient,96.9,0,0
City Hotel,1,259,2017,February,8,22,2,4,2,0.0,0,BB,PRT,Direct,Direct,0,0,0,A,A,0,No Deposit,,0,Transient,74.8,0,1
City Hotel,1,134,2017,February,8,22,2,4,2,0.0,0,BB,BRA,Online TA,TA/TO,0,0,0,B,B,1,No Deposit,9.0,0,Transient,82.44,0,1
City Hotel,1,259,2017,February,8,22,2,4,2,0.0,0,BB,PRT,Direct,Direct,0,0,0,A,A,0,No Deposit,,0,Transient,74.8,0,1
City Hotel,1,14,2017,February,8,22,2,6,2,0.0,0,BB,FRA,Online TA,TA/TO,0,0,0,D,D,0,No Deposit,9.0,0,Transient,100.51,0,0
City Hotel,1,7,2017,February,8,23,0,1,2,0.0,0,BB,PRT,Corporate,Corporate,0,0,0,A,A,0,No Deposit,,0,Transient,78.4,0,0
City Hotel,1,65,2017,February,8,23,0,2,2,0.0,0,SC,CHN,Online TA,TA/TO,0,0,0,A,A,0,No Deposit,9.0,0,Transient,79.2,0,0
City Hotel,1,27,2017,February,8,23,0,3,2,0.0,0,BB,ITA,Online TA,TA/TO,0,0,0,D,D,0,No Deposit,9.0,0,Transient,118.0,0,0
City Hotel,1,184,2017,February,8,23,0,3,2,0.0,0,BB,ITA,Online TA,TA/TO,0,0,0,A,A,0,No Deposit,9.0,0,Transient,93.6,0,0
City Hotel,1,21,2017,February,8,23,0,3,2,0.0,0,BB,CHE,Online TA,TA/TO,0,0,0,D,D,0,No Deposit,9.0,0,Transient,118.0,0,0
City Hotel,1,58,2017,February,8,23,1,3,2,0.0,0,BB,PRT,Offline TA/TO,TA/TO,0,0,0,A,A,0,Non Refund,132.0,0,Transient,78.0,0,0
City Hotel,1,58,2017,February,8,23,1,3,2,0.0,0,BB,PRT,Offline TA/TO,TA/TO,0,0,0,A,A,0,Non Refund,132.0,0,Transient,78.0,0,0
City Hotel,1,58,2017,February,8,23,1,3,2,0.0,0,BB,PRT,Offline TA/TO,TA/TO,0,0,0,A,A,0,Non Refund,132.0,0,Transient,78.0,0,0
City Hotel,1,58,2017,February,8,23,1,3,2,0.0,0,BB,PRT,Offline TA/TO,TA/TO,0,0,0,A,A,0,Non Refund,132.0,0,Transient,78.0,0,0
City Hotel,1,58,2017,February,8,23,1,3,2,0.0,0,BB,PRT,Offline TA/TO,TA/TO,0,0,0,A,A,0,Non Refund,132.0,0,Transient,78.0,0,0
City Hotel,1,58,2017,February,8,23,1,3,2,0.0,0,BB,PRT,Offline TA/TO,TA/TO,0,0,0,A,A,0,Non Refund,132.0,0,Transient,78.0,0,0
City Hotel,1,58,2017,February,8,23,1,3,2,0.0,0,BB,PRT,Offline TA/TO,TA/TO,0,0,0,A,A,0,Non Refund,132.0,0,Transient,78.0,0,0
City Hotel,1,58,2017,February,8,23,1,3,2,0.0,0,BB,PRT,Offline TA/TO,TA/TO,0,0,0,A,A,0,Non Refund,132.0,0,Transient,78.0,0,0
City Hotel,1,58,2017,February,8,23,1,3,2,0.0,0,BB,PRT,Offline TA/TO,TA/TO,0,0,0,A,A,0,Non Refund,132.0,0,Transient,78.0,0,0
City Hotel,1,223,2017,February,8,23,1,3,2,0.0,0,BB,PRT,Offline TA/TO,TA/TO,0,0,0,A,A,0,Non Refund,132.0,165,Transient,78.0,0,0
City Hotel,1,58,2017,February,8,23,1,3,2,0.0,0,BB,PRT,Offline TA/TO,TA/TO,0,0,0,A,A,0,Non Refund,132.0,0,Transient,78.0,0,0
City Hotel,1,260,2017,February,8,23,0,3,2,0.0,0,BB,PRT,Direct,Direct,0,0,0,A,A,0,No Deposit,,0,Transient,74.8,0,1
City Hotel,1,58,2017,February,8,23,1,3,2,0.0,0,BB,PRT,Offline TA/TO,TA/TO,0,0,0,A,A,0,Non Refund,132.0,0,Transient,78.0,0,0
City Hotel,1,58,2017,February,8,23,1,3,2,0.0,0,BB,PRT,Offline TA/TO,TA/TO,0,0,0,A,A,0,Non Refund,132.0,0,Transient,78.0,0,0
City Hotel,1,58,2017,February,8,23,1,3,2,0.0,0,BB,PRT,Offline TA/TO,TA/TO,0,0,0,A,A,0,Non Refund,132.0,0,Transient,78.0,0,0
City Hotel,1,58,2017,February,8,23,1,3,2,0.0,0,BB,PRT,Offline TA/TO,TA/TO,0,0,0,A,A,0,Non Refund,132.0,0,Transient,78.0,0,0
City Hotel,1,23,2017,February,8,23,1,3,2,0.0,0,BB,ITA,Online TA,TA/TO,0,0,0,D,D,0,No Deposit,9.0,0,Transient,100.3,0,0
City Hotel,1,240,2017,February,8,23,2,3,2,0.0,0,BB,DEU,Online TA,TA/TO,0,0,0,A,A,0,No Deposit,9.0,0,Transient,85.0,0,0
City Hotel,1,38,2017,February,8,23,2,5,2,0.0,0,BB,DEU,Online TA,TA/TO,0,0,0,D,D,0,No Deposit,9.0,0,Transient,102.0,0,0
City Hotel,1,184,2017,February,8,23,0,3,2,0.0,0,BB,ITA,Online TA,TA/TO,0,0,0,A,A,0,No Deposit,9.0,0,Transient,93.6,0,0
City Hotel,1,195,2017,February,8,24,0,1,2,0.0,0,BB,BRA,Online TA,TA/TO,0,0,0,A,A,0,No Deposit,9.0,0,Transient,90.0,0,1
City Hotel,1,195,2017,February,8,24,0,1,2,0.0,0,BB,BRA,Online TA,TA/TO,0,0,0,A,A,0,No Deposit,9.0,0,Transient,90.0,0,1
City Hotel,1,1,2017,February,8,24,0,1,2,0.0,0,BB,PRT,Direct,Direct,0,0,0,A,B,0,No Deposit,,0,Transient,88.0,0,2
City Hotel,1,195,2017,February,8,24,0,1,2,0.0,0,BB,BRA,Online TA,TA/TO,0,0,0,A,A,0,No Deposit,9.0,0,Transient,90.0,0,1
City Hotel,1,1,2017,February,8,24,0,1,2,0.0,0,BB,PRT,Direct,Direct,0,0,0,A,B,0,No Deposit,,0,Transient,88.0,0,2
City Hotel,1,195,2017,February,8,24,0,1,2,0.0,0,BB,BRA,Online TA,TA/TO,0,0,0,A,A,0,No Deposit,9.0,0,Transient,90.0,0,1
City Hotel,1,23,2017,February,8,24,0,2,2,0.0,0,BB,ESP,Online TA,TA/TO,0,0,0,D,D,0,No Deposit,9.0,0,Transient,118.0,0,2
City Hotel,1,346,2017,February,8,24,0,2,2,0.0,0,BB,ITA,Online TA,TA/TO,0,0,0,A,A,0,No Deposit,9.0,0,Transient,81.9,0,0
City Hotel,1,23,2017,February,8,24,0,2,2,0.0,0,BB,ESP,Online TA,TA/TO,0,0,0,D,D,0,No Deposit,9.0,0,Transient,118.0,0,2
City Hotel,1,184,2017,February,8,24,1,2,2,0.0,0,SC,ITA,Online TA,TA/TO,0,0,0,A,A,0,No Deposit,9.0,0,Transient,79.2,0,1
City Hotel,1,261,2017,February,8,24,1,2,2,0.0,0,BB,PRT,Direct,Direct,0,0,0,A,A,1,No Deposit,,0,Transient,74.8,0,1
City Hotel,1,184,2017,February,8,24,1,2,2,0.0,0,SC,ITA,Online TA,TA/TO,0,0,0,A,A,0,No Deposit,9.0,0,Transient,79.2,0,1
City Hotel,1,40,2017,February,8,24,2,2,2,0.0,0,BB,ROU,Online TA,TA/TO,0,0,0,D,D,0,No Deposit,9.0,0,Transient,102.0,0,0
City Hotel,1,19,2017,February,8,24,2,2,2,0.0,0,BB,GBR,Online TA,TA/TO,0,0,0,D,D,0,No Deposit,9.0,0,Transient,102.43,0,0
City Hotel,1,39,2017,February,8,24,2,2,2,0.0,0,BB,LUX,Online TA,TA/TO,0,0,0,D,D,0,No Deposit,9.0,0,Transient,100.3,0,0
City Hotel,1,149,2017,February,8,24,2,2,2,0.0,0,BB,BRA,Online TA,TA/TO,0,0,0,B,B,1,No Deposit,9.0,0,Transient,91.6,0,1
City Hotel,1,149,2017,February,8,24,2,2,2,0.0,0,SC,BRA,Online TA,TA/TO,0,0,0,A,A,1,No Deposit,9.0,0,Transient,74.8,0,1
City Hotel,1,195,2017,February,8,24,2,3,2,0.0,0,SC,ESP,Online TA,TA/TO,0,0,0,A,A,0,No Deposit,9.0,0,Transient,74.8,0,2
City Hotel,1,141,2017,February,8,24,2,5,2,0.0,0,HB,DEU,Online TA,TA/TO,0,0,0,D,D,0,No Deposit,9.0,0,Transient,129.2,0,2
City Hotel,1,180,2017,February,8,25,1,1,2,0.0,0,SC,BRA,Online TA,TA/TO,0,0,0,A,A,0,No Deposit,9.0,0,Transient,79.2,0,0
City Hotel,1,43,2017,February,8,25,1,1,2,0.0,0,BB,CHN,Online TA,TA/TO,0,0,0,D,D,0,No Deposit,9.0,0,Transient,108.0,0,0
City Hotel,1,180,2017,February,8,25,1,1,2,0.0,0,BB,BRA,Online TA,TA/TO,0,0,0,A,A,0,No Deposit,9.0,0,Transient,93.6,0,1
City Hotel,1,43,2017,February,8,25,1,1,2,0.0,0,BB,CHN,Online TA,TA/TO,0,0,0,D,D,0,No Deposit,9.0,0,Transient,108.0,0,0
City Hotel,1,303,2017,February,8,25,2,1,2,0.0,0,SC,BRA,Online TA,TA/TO,0,0,0,A,A,0,No Deposit,9.0,0,Transient,71.1,0,0
City Hotel,1,44,2017,February,8,25,2,1,2,0.0,0,BB,ESP,Online TA,TA/TO,0,0,0,D,D,0,No Deposit,9.0,0,Transient,121.0,0,0
City Hotel,1,47,2017,February,8,25,2,1,2,0.0,0,BB,DEU,Online TA,TA/TO,0,0,0,D,D,0,No Deposit,9.0,0,Transient,104.4,0,0
City Hotel,1,334,2017,February,8,25,2,1,2,0.0,0,BB,ITA,Online TA,TA/TO,0,0,0,D,D,0,No Deposit,9.0,0,Transient,95.4,0,1
City Hotel,1,9,2017,February,8,25,2,2,2,0.0,0,BB,PRT,Offline TA/TO,TA/TO,0,0,0,A,D,0,No Deposit,28.0,0,Contract,68.0,0,0
City Hotel,1,31,2017,February,8,25,2,2,2,0.0,0,BB,FRA,Online TA,TA/TO,0,0,0,D,D,0,No Deposit,9.0,0,Transient,100.3,0,1
City Hotel,1,172,2017,February,8,25,2,2,2,0.0,0,SC,BRA,Online TA,TA/TO,0,0,0,A,A,0,No Deposit,9.0,0,Transient,74.8,0,2
City Hotel,1,47,2017,February,8,25,2,2,2,0.0,0,BB,BRA,Online TA,TA/TO,0,0,0,D,D,0,No Deposit,9.0,0,Transient,98.6,0,0
City Hotel,1,23,2017,February,8,25,4,11,2,0.0,0,BB,AGO,Direct,Direct,0,0,0,D,D,0,No Deposit,14.0,0,Transient,113.0,0,0
City Hotel,1,22,2017,February,8,25,4,11,2,0.0,0,BB,AGO,Direct,Direct,0,0,0,F,F,0,No Deposit,14.0,0,Transient,193.0,0,0
City Hotel,1,32,2017,February,9,26,1,0,2,0.0,0,BB,PRT,Online TA,TA/TO,0,0,0,A,A,0,No Deposit,9.0,0,Transient,108.0,0,0
City Hotel,1,127,2017,February,9,26,1,0,2,0.0,0,BB,ITA,Online TA,TA/TO,0,0,0,A,A,0,No Deposit,9.0,0,Transient,93.6,0,2
City Hotel,1,3,2017,February,9,26,2,1,2,0.0,0,BB,PRT,Online TA,TA/TO,0,0,0,A,A,0,No Deposit,85.0,0,Transient,86.4,0,0
City Hotel,1,38,2017,February,9,26,2,1,2,0.0,0,BB,PRT,Offline TA/TO,TA/TO,0,0,0,A,A,1,No Deposit,28.0,0,Transient,75.0,0,0
City Hotel,1,3,2017,February,9,26,2,1,2,0.0,0,BB,PRT,Offline TA/TO,TA/TO,0,0,0,A,A,0,No Deposit,85.0,0,Transient,86.4,0,0
City Hotel,1,38,2017,February,9,26,2,1,2,0.0,0,BB,PRT,Offline TA/TO,TA/TO,0,0,0,A,A,1,No Deposit,28.0,0,Transient,75.0,0,0
City Hotel,1,61,2017,February,9,26,2,2,2,0.0,0,BB,ITA,Online TA,TA/TO,0,0,0,D,D,0,No Deposit,9.0,0,Transient,99.03,0,0
City Hotel,1,21,2017,February,9,26,2,2,2,0.0,0,BB,DEU,Online TA,TA/TO,0,0,0,A,A,0,No Deposit,9.0,0,Transient,91.8,0,0
City Hotel,1,21,2017,February,9,26,2,2,2,0.0,0,BB,DEU,Online TA,TA/TO,0,0,0,D,D,0,No Deposit,9.0,0,Transient,100.3,0,1
City Hotel,1,10,2017,February,9,26,2,2,2,0.0,0,SC,FRA,Online TA,TA/TO,0,0,0,A,A,0,No Deposit,9.0,0,Transient,74.8,0,3
City Hotel,1,11,2017,February,9,26,2,2,2,0.0,0,SC,NLD,Online TA,TA/TO,0,0,0,A,A,0,No Deposit,9.0,0,Transient,74.8,0,0
City Hotel,1,30,2017,February,9,26,2,3,2,0.0,0,BB,PRT,Online TA,TA/TO,0,0,0,D,D,0,No Deposit,7.0,0,Transient,73.37,0,1
City Hotel,1,23,2017,February,9,26,2,3,2,0.0,0,BB,PRT,Online TA,TA/TO,0,0,0,A,A,0,No Deposit,7.0,0,Transient,70.69,0,1
City Hotel,1,61,2017,February,9,26,2,3,2,0.0,0,BB,ITA,Online TA,TA/TO,0,0,0,D,D,0,No Deposit,9.0,0,Transient,99.28,0,0
City Hotel,1,12,2017,February,9,26,2,3,2,0.0,0,SC,BEL,Online TA,TA/TO,0,0,0,A,A,0,No Deposit,9.0,0,Transient,74.8,0,1
City Hotel,1,18,2017,February,9,26,2,4,2,0.0,0,BB,FRA,Online TA,TA/TO,0,0,0,A,A,0,No Deposit,9.0,0,Transient,91.8,0,0
City Hotel,1,98,2017,February,9,26,2,4,2,0.0,0,SC,FIN,Online TA,TA/TO,0,0,0,A,A,0,No Deposit,9.0,0,Transient,74.8,0,0
City Hotel,1,46,2017,February,9,26,2,4,2,0.0,0,SC,BRA,Online TA,TA/TO,0,0,0,A,A,0,No Deposit,9.0,0,Transient,74.8,0,2
City Hotel,1,12,2017,February,9,27,1,0,2,0.0,0,SC,CN,Online TA,TA/TO,0,0,0,A,A,0,No Deposit,9.0,0,Transient,88.0,0,0
City Hotel,1,79,2017,February,9,27,1,0,2,0.0,0,SC,BRA,Online TA,TA/TO,0,0,0,A,A,0,No Deposit,9.0,0,Transient,79.2,0,1
City Hotel,1,18,2017,February,9,27,1,1,2,0.0,0,SC,BRA,Online TA,TA/TO,0,0,0,A,A,0,No Deposit,9.0,0,Transient,88.0,0,0
City Hotel,1,112,2017,February,9,27,1,1,2,0.0,0,BB,BRA,Online TA,TA/TO,0,0,0,A,A,0,No Deposit,9.0,0,Transient,93.6,0,0
City Hotel,1,112,2017,February,9,27,1,2,2,0.0,0,SC,BRA,Online TA,TA/TO,0,0,0,A,A,0,No Deposit,9.0,0,Transient,79.2,0,0
City Hotel,1,10,2017,February,9,27,1,3,2,0.0,0,SC,DEU,Online TA,TA/TO,0,0,0,A,A,0,No Deposit,9.0,0,Transient,74.8,0,0
City Hotel,1,80,2017,February,9,27,1,3,2,0.0,0,SC,ITA,Online TA,TA/TO,0,0,0,A,A,0,No Deposit,9.0,0,Transient,74.8,0,1
City Hotel,1,23,2017,February,9,27,1,3,2,0.0,0,BB,GBR,Online TA,TA/TO,0,0,0,A,A,0,No Deposit,9.0,0,Transient,91.8,0,1
City Hotel,1,131,2017,February,9,27,1,3,2,0.0,0,HB,DNK,Online TA,TA/TO,0,0,0,A,A,0,No Deposit,9.0,0,Transient,120.7,0,1
City Hotel,1,80,2017,February,9,27,1,3,2,0.0,0,SC,ITA,Online TA,TA/TO,0,0,0,A,A,0,No Deposit,9.0,0,Transient,74.8,0,1
City Hotel,1,15,2017,February,9,27,1,3,2,0.0,0,BB,DEU,Online TA,TA/TO,0,0,0,A,A,0,No Deposit,9.0,0,Transient,91.8,0,0
City Hotel,1,76,2017,February,9,27,1,3,2,0.0,0,BB,DEU,Online TA,TA/TO,0,0,0,D,D,0,No Deposit,9.0,0,Transient,99.45,0,2
City Hotel,1,69,2017,February,9,27,1,3,2,0.0,0,BB,BRA,Online TA,TA/TO,0,0,0,D,D,0,No Deposit,9.0,0,Transient,99.45,0,2
City Hotel,1,10,2017,February,9,27,1,3,2,0.0,0,HB,FRA,Online TA,TA/TO,0,0,0,A,A,0,No Deposit,9.0,0,Transient,124.1,0,1
City Hotel,1,13,2017,February,9,27,1,4,2,0.0,0,SC,FRA,Online TA,TA/TO,0,0,0,A,A,0,No Deposit,9.0,0,Transient,74.8,0,1
City Hotel,1,19,2017,February,9,27,2,5,2,0.0,0,SC,GNB,Online TA,TA/TO,0,0,0,A,A,0,No Deposit,9.0,0,Transient,74.8,0,0
City Hotel,1,131,2017,February,9,27,2,5,2,0.0,0,BB,BRA,Online TA,TA/TO,0,0,0,A,A,0,No Deposit,9.0,0,Transient,88.4,0,1
City Hotel,1,199,2017,February,9,28,0,2,2,0.0,0,SC,BRA,Online TA,TA/TO,0,0,0,A,A,0,No Deposit,9.0,0,Transient,79.2,0,2
City Hotel,1,122,2017,February,9,28,0,2,2,0.0,0,BB,NLD,Online TA,TA/TO,0,0,0,A,A,0,No Deposit,9.0,0,Transient,93.6,0,2
City Hotel,1,79,2017,February,9,28,0,3,2,0.0,0,SC,CHN,Online TA,TA/TO,0,0,0,A,A,0,No Deposit,9.0,0,Transient,71.28,0,2
City Hotel,1,17,2017,February,9,28,0,4,2,0.0,0,SC,SAU,Online TA,TA/TO,0,0,0,A,A,0,No Deposit,9.0,0,Transient,74.8,0,0
City Hotel,1,11,2017,February,9,28,0,4,2,0.0,0,BB,ROU,Online TA,TA/TO,0,0,0,A,A,0,No Deposit,9.0,0,Transient,91.8,0,0
City Hotel,1,15,2017,February,9,28,0,4,2,0.0,0,BB,ROU,Online TA,TA/TO,0,0,0,A,A,0,No Deposit,9.0,0,Transient,91.8,0,0
City Hotel,1,41,2017,February,9,28,1,5,2,0.0,0,BB,DZA,Online TA,TA/TO,0,0,0,D,D,0,No Deposit,9.0,0,Transient,100.3,0,0
City Hotel,1,296,2017,February,9,28,2,5,2,0.0,0,BB,ROU,Online TA,TA/TO,0,0,0,A,A,0,No Deposit,9.0,0,Transient,77.35,0,1
City Hotel,1,2,2017,March,9,1,0,1,2,0.0,0,SC,PRT,Direct,Direct,0,0,0,A,A,1,No Deposit,,0,Transient,88.0,0,0
City Hotel,1,119,2017,March,9,1,0,2,2,0.0,0,BB,PRT,Offline TA/TO,TA/TO,0,0,0,A,A,0,No Deposit,121.0,0,Transient,72.0,0,0
City Hotel,1,23,2017,March,9,1,0,2,2,0.0,0,BB,NLD,Online TA,TA/TO,0,0,0,A,A,0,No Deposit,9.0,0,Transient,108.0,0,0
City Hotel,1,47,2017,March,9,1,0,3,2,0.0,0,BB,CHN,Online TA,TA/TO,0,0,0,D,D,0,No Deposit,9.0,0,Transient,97.2,0,0
City Hotel,1,47,2017,March,9,1,0,3,2,0.0,0,BB,CHN,Online TA,TA/TO,0,0,0,D,D,0,No Deposit,9.0,0,Transient,97.2,0,0
City Hotel,1,20,2017,March,9,1,0,4,2,0.0,0,BB,CN,Online TA,TA/TO,0,0,0,A,A,0,No Deposit,9.0,0,Transient,91.8,0,0
City Hotel,1,1,2017,March,9,1,0,4,2,0.0,0,SC,NGA,Online TA,TA/TO,0,0,0,A,A,0,No Deposit,9.0,0,Transient,74.8,0,1
City Hotel,1,1,2017,March,9,1,0,4,2,0.0,0,SC,NGA,Online TA,TA/TO,0,0,0,A,A,0,No Deposit,9.0,0,Transient,74.8,0,1
City Hotel,1,14,2017,March,9,1,0,4,2,0.0,0,SC,FRA,Online TA,TA/TO,0,0,0,A,A,0,No Deposit,9.0,0,Transient,74.8,0,0
City Hotel,1,12,2017,March,9,1,1,4,2,0.0,0,SC,ESP,Online TA,TA/TO,0,0,0,A,A,0,No Deposit,9.0,0,Transient,74.8,0,0
City Hotel,1,227,2017,March,9,1,2,5,2,0.0,0,SC,BRA,Online TA,TA/TO,0,0,0,A,A,0,No Deposit,9.0,0,Transient,74.8,0,1
City Hotel,1,10,2017,March,9,2,0,1,2,0.0,0,BB,ITA,Online TA,TA/TO,0,0,0,A,A,4,No Deposit,9.0,0,Transient,108.0,0,0
City Hotel,1,10,2017,March,9,2,0,1,2,0.0,0,BB,ITA,Online TA,TA/TO,0,0,0,A,A,4,No Deposit,9.0,0,Transient,108.0,0,0
City Hotel,1,212,2017,March,9,2,0,2,2,0.0,0,BB,BRA,Online TA,TA/TO,0,0,0,A,A,0,No Deposit,9.0,0,Transient,90.0,0,0
City Hotel,1,9,2017,March,9,2,0,1,2,0.0,0,BB,PRT,Online TA,TA/TO,0,0,0,A,A,0,No Deposit,9.0,0,Transient,108.0,0,1
City Hotel,1,131,2017,March,9,2,0,1,2,0.0,0,SC,POL,Online TA,TA/TO,0,0,0,A,A,0,No Deposit,9.0,0,Transient,79.2,0,2
City Hotel,1,98,2017,March,9,2,0,2,2,0.0,0,BB,DEU,Online TA,TA/TO,0,0,0,A,A,0,No Deposit,9.0,0,Transient,90.0,0,0
City Hotel,1,28,2017,March,9,2,0,3,2,0.0,0,BB,PRT,Groups,TA/TO,0,0,0,A,A,0,Non Refund,,0,Transient,95.0,0,0
City Hotel,1,28,2017,March,9,2,0,3,2,0.0,0,BB,PRT,Groups,TA/TO,0,0,0,A,A,0,Non Refund,,0,Transient,95.0,0,0
City Hotel,1,28,2017,March,9,2,0,3,2,0.0,0,BB,PRT,Groups,TA/TO,0,0,0,A,A,0,Non Refund,,0,Transient,95.0,0,0
City Hotel,1,28,2017,March,9,2,0,3,2,0.0,0,BB,PRT,Groups,TA/TO,0,0,0,A,A,0,Non Refund,,0,Transient,95.0,0,0
City Hotel,1,28,2017,March,9,2,0,3,2,0.0,0,BB,PRT,Groups,TA/TO,0,0,0,A,A,0,Non Refund,,0,Transient,95.0,0,0
City Hotel,1,28,2017,March,9,2,0,3,2,0.0,0,BB,PRT,Groups,TA/TO,0,0,0,A,A,0,Non Refund,,0,Transient,95.0,0,0
City Hotel,1,28,2017,March,9,2,0,3,2,0.0,0,BB,PRT,Groups,TA/TO,0,0,0,A,A,0,Non Refund,,0,Transient,95.0,0,0
City Hotel,1,28,2017,March,9,2,0,3,2,0.0,0,BB,PRT,Groups,TA/TO,0,0,0,A,A,0,Non Refund,,0,Transient,95.0,0,0
City Hotel,1,28,2017,March,9,2,0,3,2,0.0,0,BB,PRT,Groups,TA/TO,0,0,0,A,A,0,Non Refund,,0,Transient,95.0,0,0
City Hotel,1,28,2017,March,9,2,0,3,2,0.0,0,BB,PRT,Groups,TA/TO,0,0,0,A,A,0,Non Refund,,0,Transient,95.0,0,0
City Hotel,1,28,2017,March,9,2,0,3,2,0.0,0,BB,PRT,Groups,TA/TO,0,0,0,A,A,0,Non Refund,,0,Transient,95.0,0,0
City Hotel,1,28,2017,March,9,2,0,3,2,0.0,0,BB,PRT,Groups,TA/TO,0,0,0,A,A,0,Non Refund,,0,Transient,95.0,0,0
City Hotel,1,28,2017,March,9,2,0,3,2,0.0,0,BB,PRT,Groups,TA/TO,0,0,0,A,A,0,Non Refund,,0,Transient,95.0,0,0
City Hotel,1,28,2017,March,9,2,0,3,2,0.0,0,BB,PRT,Groups,TA/TO,0,0,0,A,A,0,Non Refund,,0,Transient,95.0,0,0
City Hotel,1,28,2017,March,9,2,0,3,2,0.0,0,BB,PRT,Groups,TA/TO,0,0,0,A,A,0,Non Refund,,0,Transient,95.0,0,0
City Hotel,1,289,2017,March,9,2,0,3,2,0.0,0,BB,GBR,Online TA,TA/TO,0,0,0,A,A,1,No Deposit,9.0,0,Transient,81.9,0,0
City Hotel,1,285,2017,March,9,2,0,3,2,0.0,0,BB,GBR,Online TA,TA/TO,0,0,0,A,A,0,No Deposit,9.0,0,Transient,81.9,0,0
City Hotel,1,28,2017,March,9,2,0,3,2,0.0,0,BB,PRT,Groups,TA/TO,0,0,0,A,A,0,Non Refund,,0,Transient,95.0,0,0
City Hotel,1,289,2017,March,9,2,0,3,2,0.0,0,BB,GBR,Online TA,TA/TO,0,0,0,A,A,1,No Deposit,9.0,0,Transient,81.9,0,0
City Hotel,1,289,2017,March,9,2,0,3,2,0.0,0,BB,GBR,Online TA,TA/TO,0,0,0,A,A,0,No Deposit,9.0,0,Transient,81.9,0,0
City Hotel,1,28,2017,March,9,2,0,3,2,0.0,0,BB,PRT,Groups,TA/TO,0,0,0,A,A,0,Non Refund,,0,Transient,95.0,0,0
City Hotel,1,28,2017,March,9,2,0,3,2,0.0,0,BB,PRT,Groups,TA/TO,0,0,0,A,A,0,Non Refund,,0,Transient,95.0,0,0
City Hotel,1,28,2017,March,9,2,0,3,2,0.0,0,BB,PRT,Groups,TA/TO,0,0,0,A,A,0,Non Refund,,0,Transient,95.0,0,0
City Hotel,1,28,2017,March,9,2,0,3,2,0.0,0,BB,PRT,Groups,TA/TO,0,0,0,A,A,0,Non Refund,,0,Transient,95.0,0,0
City Hotel,1,28,2017,March,9,2,0,3,2,0.0,0,BB,PRT,Groups,TA/TO,0,0,0,A,A,0,Non Refund,,0,Transient,95.0,0,0
City Hotel,1,28,2017,March,9,2,0,3,2,0.0,0,BB,PRT,Groups,TA/TO,0,0,0,A,A,0,Non Refund,,0,Transient,95.0,0,0
City Hotel,1,28,2017,March,9,2,0,3,2,0.0,0,BB,PRT,Groups,TA/TO,0,0,0,A,A,0,Non Refund,,0,Transient,95.0,0,0
City Hotel,1,28,2017,March,9,2,0,3,2,0.0,0,BB,PRT,Groups,TA/TO,0,0,0,A,A,0,Non Refund,,0,Transient,95.0,0,0
City Hotel,1,28,2017,March,9,2,0,3,2,0.0,0,BB,PRT,Groups,TA/TO,0,0,0,A,A,0,Non Refund,,0,Transient,95.0,0,0
City Hotel,1,289,2017,March,9,2,0,3,2,0.0,0,BB,GBR,Online TA,TA/TO,0,0,0,A,A,0,No Deposit,9.0,0,Transient,81.9,0,0
City Hotel,1,28,2017,March,9,2,0,3,2,0.0,0,BB,PRT,Groups,TA/TO,0,0,0,A,A,0,Non Refund,,0,Transient,95.0,0,0
City Hotel,1,28,2017,March,9,2,0,3,2,0.0,0,BB,PRT,Groups,TA/TO,0,0,0,A,A,0,Non Refund,,0,Transient,95.0,0,0
City Hotel,1,28,2017,March,9,2,0,3,2,0.0,0,BB,PRT,Groups,TA/TO,0,0,0,A,A,0,Non Refund,,0,Transient,95.0,0,0
City Hotel,1,28,2017,March,9,2,0,3,2,0.0,0,BB,PRT,Groups,TA/TO,0,0,0,A,A,0,Non Refund,,0,Transient,95.0,0,0
City Hotel,1,28,2017,March,9,2,0,3,2,0.0,0,BB,PRT,Groups,TA/TO,0,0,0,A,A,0,Non Refund,,0,Transient,95.0,0,0
City Hotel,1,28,2017,March,9,2,0,3,2,0.0,0,BB,PRT,Groups,TA/TO,0,0,0,A,A,0,Non Refund,,0,Transient,95.0,0,0
City Hotel,1,28,2017,March,9,2,0,3,2,0.0,0,BB,PRT,Groups,TA/TO,0,0,0,A,A,0,Non Refund,,0,Transient,95.0,0,0
City Hotel,1,28,2017,March,9,2,0,3,2,0.0,0,BB,PRT,Groups,TA/TO,0,0,0,A,A,0,Non Refund,,0,Transient,95.0,0,0
City Hotel,1,28,2017,March,9,2,0,3,2,0.0,0,BB,PRT,Groups,TA/TO,0,0,0,A,A,0,Non Refund,,0,Transient,95.0,0,0
City Hotel,1,28,2017,March,9,2,0,3,2,0.0,0,BB,PRT,Groups,TA/TO,0,0,0,A,A,0,Non Refund,,0,Transient,95.0,0,0
City Hotel,1,28,2017,March,9,2,0,3,2,0.0,0,BB,PRT,Groups,TA/TO,0,0,0,A,A,0,Non Refund,,0,Transient,95.0,0,0
City Hotel,1,28,2017,March,9,2,0,3,2,0.0,0,BB,PRT,Groups,TA/TO,0,0,0,A,A,0,Non Refund,,0,Transient,95.0,0,0
City Hotel,1,28,2017,March,9,2,0,3,2,0.0,0,BB,PRT,Groups,TA/TO,0,0,0,A,A,0,Non Refund,,0,Transient,95.0,0,0
City Hotel,1,28,2017,March,9,2,0,3,2,0.0,0,BB,PRT,Groups,TA/TO,0,0,0,A,A,0,Non Refund,,0,Transient,95.0,0,0
City Hotel,1,72,2017,March,9,2,0,3,2,0.0,0,BB,PRT,Groups,TA/TO,0,0,0,A,A,0,Non Refund,,44,Transient,95.0,0,0
City Hotel,1,28,2017,March,9,2,0,3,2,0.0,0,BB,PRT,Groups,TA/TO,0,0,0,A,A,0,Non Refund,,0,Transient,95.0,0,0
City Hotel,1,28,2017,March,9,2,0,3,2,0.0,0,BB,PRT,Groups,TA/TO,0,0,0,A,A,0,Non Refund,,0,Transient,95.0,0,0
City Hotel,1,28,2017,March,9,2,0,3,2,0.0,0,BB,PRT,Groups,TA/TO,0,0,0,A,A,0,Non Refund,,0,Transient,95.0,0,0
City Hotel,1,28,2017,March,9,2,0,3,2,0.0,0,BB,PRT,Groups,TA/TO,0,0,0,A,A,0,Non Refund,,0,Transient,95.0,0,0
City Hotel,1,28,2017,March,9,2,0,3,2,0.0,0,BB,PRT,Groups,TA/TO,0,0,0,A,A,0,Non Refund,,0,Transient,95.0,0,0
City Hotel,1,28,2017,March,9,2,0,3,2,0.0,0,BB,PRT,Groups,TA/TO,0,0,0,A,A,0,Non Refund,,0,Transient,95.0,0,0
City Hotel,1,28,2017,March,9,2,0,3,2,0.0,0,BB,PRT,Groups,TA/TO,0,0,0,A,A,0,Non Refund,,0,Transient,95.0,0,0
City Hotel,1,28,2017,March,9,2,0,3,2,0.0,0,BB,PRT,Groups,TA/TO,0,0,0,A,A,0,Non Refund,,0,Transient,95.0,0,0
City Hotel,1,28,2017,March,9,2,0,3,2,0.0,0,BB,PRT,Groups,TA/TO,0,0,0,A,A,0,Non Refund,,0,Transient,95.0,0,0
City Hotel,1,28,2017,March,9,2,0,3,2,0.0,0,BB,PRT,Groups,TA/TO,0,0,0,A,A,0,Non Refund,,0,Transient,95.0,0,0
City Hotel,1,28,2017,March,9,2,0,3,2,0.0,0,BB,PRT,Groups,TA/TO,0,0,0,A,A,0,Non Refund,,0,Transient,95.0,0,0
City Hotel,1,28,2017,March,9,2,0,3,2,0.0,0,BB,PRT,Groups,TA/TO,0,0,0,A,A,0,Non Refund,,0,Transient,95.0,0,0
City Hotel,1,28,2017,March,9,2,0,3,2,0.0,0,BB,PRT,Groups,TA/TO,0,0,0,A,A,0,Non Refund,,0,Transient,95.0,0,0
City Hotel,1,28,2017,March,9,2,0,3,2,0.0,0,BB,PRT,Groups,TA/TO,0,0,0,A,A,0,Non Refund,,0,Transient,95.0,0,0
City Hotel,1,28,2017,March,9,2,0,3,2,0.0,0,BB,PRT,Groups,TA/TO,0,0,0,A,A,0,Non Refund,,0,Transient,95.0,0,0
City Hotel,1,28,2017,March,9,2,0,3,2,0.0,0,BB,PRT,Groups,TA/TO,0,0,0,A,A,0,Non Refund,,0,Transient,95.0,0,0
City Hotel,1,28,2017,March,9,2,0,3,2,0.0,0,BB,PRT,Groups,TA/TO,0,0,0,A,A,0,Non Refund,,0,Transient,95.0,0,0
City Hotel,1,28,2017,March,9,2,0,3,2,0.0,0,BB,PRT,Groups,TA/TO,0,0,0,A,A,0,Non Refund,,0,Transient,95.0,0,0
City Hotel,1,53,2017,March,9,2,0,3,2,0.0,0,BB,NLD,Online TA,TA/TO,0,0,0,D,D,0,No Deposit,9.0,0,Transient,106.2,0,0
City Hotel,1,79,2017,March,9,2,0,3,2,0.0,0,BB,ITA,Online TA,TA/TO,0,0,0,A,A,0,No Deposit,9.0,0,Transient,97.2,0,1
City Hotel,1,28,2017,March,9,2,0,3,2,0.0,0,BB,PRT,Groups,TA/TO,0,0,0,A,A,0,Non Refund,,0,Transient,95.0,0,0
City Hotel,1,28,2017,March,9,2,0,3,2,0.0,0,BB,PRT,Groups,TA/TO,0,0,0,A,A,0,Non Refund,,0,Transient,95.0,0,0
City Hotel,1,289,2017,March,9,2,0,3,2,0.0,0,BB,GBR,Online TA,TA/TO,0,0,0,A,A,0,No Deposit,9.0,0,Transient,81.9,0,0
City Hotel,1,289,2017,March,9,2,0,3,2,0.0,0,BB,GBR,Online TA,TA/TO,0,0,0,A,A,0,No Deposit,9.0,0,Transient,81.9,0,0
City Hotel,1,28,2017,March,9,2,0,3,2,0.0,0,BB,PRT,Groups,TA/TO,0,0,0,A,A,0,Non Refund,,0,Transient,95.0,0,0
City Hotel,1,28,2017,March,9,2,0,3,2,0.0,0,BB,PRT,Groups,TA/TO,0,0,0,A,A,0,Non Refund,,0,Transient,95.0,0,0
City Hotel,1,28,2017,March,9,2,0,3,2,0.0,0,BB,PRT,Groups,TA/TO,0,0,0,A,A,0,Non Refund,,0,Transient,95.0,0,0
City Hotel,1,28,2017,March,9,2,0,3,2,0.0,0,BB,PRT,Groups,TA/TO,0,0,0,A,A,0,Non Refund,,0,Transient,95.0,0,0
City Hotel,1,28,2017,March,9,2,0,3,2,0.0,0,BB,PRT,Groups,TA/TO,0,0,0,A,A,0,Non Refund,,0,Transient,95.0,0,0
City Hotel,1,28,2017,March,9,2,0,3,2,0.0,0,BB,PRT,Groups,TA/TO,0,0,0,A,A,0,Non Refund,,0,Transient,95.0,0,0
City Hotel,1,28,2017,March,9,2,0,3,2,0.0,0,BB,PRT,Groups,TA/TO,0,0,0,A,A,0,Non Refund,,0,Transient,95.0,0,0
City Hotel,1,28,2017,March,9,2,0,3,2,0.0,0,BB,PRT,Groups,TA/TO,0,0,0,A,A,0,Non Refund,,0,Transient,95.0,0,0
City Hotel,1,28,2017,March,9,2,0,3,2,0.0,0,BB,PRT,Groups,TA/TO,0,0,0,A,A,0,Non Refund,,0,Transient,95.0,0,0
City Hotel,1,28,2017,March,9,2,0,3,2,0.0,0,BB,PRT,Groups,TA/TO,0,0,0,A,A,0,Non Refund,,0,Transient,95.0,0,0
City Hotel,1,28,2017,March,9,2,0,3,2,0.0,0,BB,PRT,Groups,TA/TO,0,0,0,A,A,0,Non Refund,,0,Transient,95.0,0,0
City Hotel,1,28,2017,March,9,2,0,3,2,0.0,0,BB,PRT,Groups,TA/TO,0,0,0,A,A,0,Non Refund,,0,Transient,95.0,0,0
City Hotel,1,28,2017,March,9,2,0,3,2,0.0,0,BB,PRT,Groups,TA/TO,0,0,0,A,A,0,Non Refund,,0,Transient,95.0,0,0
City Hotel,1,28,2017,March,9,2,0,3,2,0.0,0,BB,PRT,Groups,TA/TO,0,0,0,A,A,0,Non Refund,,0,Transient,95.0,0,0
City Hotel,1,28,2017,March,9,2,0,3,2,0.0,0,BB,PRT,Groups,TA/TO,0,0,0,A,A,0,Non Refund,,0,Transient,95.0,0,0
City Hotel,1,28,2017,March,9,2,0,3,2,0.0,0,BB,PRT,Groups,TA/TO,0,0,0,A,A,0,Non Refund,,0,Transient,95.0,0,0
City Hotel,1,28,2017,March,9,2,0,3,2,0.0,0,BB,PRT,Groups,TA/TO,0,0,0,A,A,0,Non Refund,,0,Transient,95.0,0,0
City Hotel,1,28,2017,March,9,2,0,3,2,0.0,0,BB,PRT,Groups,TA/TO,0,0,0,A,A,0,Non Refund,,0,Transient,95.0,0,0
City Hotel,1,28,2017,March,9,2,0,3,2,0.0,0,BB,PRT,Groups,TA/TO,0,0,0,A,A,0,Non Refund,,0,Transient,95.0,0,0
City Hotel,1,28,2017,March,9,2,0,3,2,0.0,0,BB,PRT,Groups,TA/TO,0,0,0,A,A,0,Non Refund,,0,Transient,95.0,0,0
City Hotel,1,28,2017,March,9,2,0,3,2,0.0,0,BB,PRT,Groups,TA/TO,0,0,0,A,A,0,Non Refund,,0,Transient,95.0,0,0
City Hotel,1,28,2017,March,9,2,0,3,2,0.0,0,BB,PRT,Groups,TA/TO,0,0,0,A,A,0,Non Refund,,0,Transient,95.0,0,0
City Hotel,1,28,2017,March,9,2,0,3,2,0.0,0,BB,PRT,Groups,TA/TO,0,0,0,A,A,0,Non Refund,,0,Transient,95.0,0,0
City Hotel,1,14,2017,March,9,2,0,3,2,0.0,0,BB,PRT,Direct,Direct,0,0,0,A,A,0,No Deposit,14.0,0,Transient,79.2,0,1
City Hotel,1,28,2017,March,9,2,0,3,2,0.0,0,BB,PRT,Groups,TA/TO,0,0,0,A,A,0,Non Refund,,0,Transient,95.0,0,0
City Hotel,1,28,2017,March,9,2,0,3,2,0.0,0,BB,PRT,Groups,TA/TO,0,0,0,A,A,0,Non Refund,,0,Transient,95.0,0,0
City Hotel,1,28,2017,March,9,2,0,3,2,0.0,0,BB,PRT,Groups,TA/TO,0,0,0,A,A,0,Non Refund,,0,Transient,95.0,0,0
City Hotel,1,28,2017,March,9,2,0,3,2,0.0,0,BB,PRT,Groups,TA/TO,0,0,0,A,A,0,Non Refund,,0,Transient,95.0,0,0
City Hotel,1,28,2017,March,9,2,0,3,2,0.0,0,BB,PRT,Groups,TA/TO,0,0,0,A,A,0,Non Refund,,0,Transient,95.0,0,0
City Hotel,1,28,2017,March,9,2,0,3,2,0.0,0,BB,PRT,Groups,TA/TO,0,0,0,A,A,0,Non Refund,,0,Transient,95.0,0,0
City Hotel,1,28,2017,March,9,2,0,3,2,0.0,0,BB,PRT,Groups,TA/TO,0,0,0,A,A,0,Non Refund,,0,Transient,95.0,0,0
City Hotel,1,28,2017,March,9,2,0,3,2,0.0,0,BB,PRT,Groups,TA/TO,0,0,0,A,A,0,Non Refund,,0,Transient,95.0,0,0
City Hotel,1,285,2017,March,9,2,0,3,2,0.0,0,BB,GBR,Online TA,TA/TO,0,0,0,A,A,0,No Deposit,9.0,0,Transient,81.9,0,0
City Hotel,1,289,2017,March,9,2,0,3,2,0.0,0,BB,GBR,Online TA,TA/TO,0,0,0,A,A,1,No Deposit,9.0,0,Transient,81.9,0,0
City Hotel,1,203,2017,March,9,2,0,3,2,0.0,0,SC,PRT,Online TA,TA/TO,0,0,0,A,A,0,No Deposit,7.0,0,Transient,60.98,0,1
City Hotel,1,28,2017,March,9,2,0,3,2,0.0,0,BB,PRT,Groups,TA/TO,0,0,0,A,A,0,Non Refund,,0,Transient,95.0,0,0
City Hotel,1,28,2017,March,9,2,0,3,2,0.0,0,BB,PRT,Groups,TA/TO,0,0,0,A,A,0,Non Refund,,0,Transient,95.0,0,0
City Hotel,1,28,2017,March,9,2,0,3,2,0.0,0,BB,PRT,Groups,TA/TO,0,0,0,A,A,0,Non Refund,,0,Transient,95.0,0,0
City Hotel,1,28,2017,March,9,2,0,3,2,0.0,0,BB,PRT,Groups,TA/TO,0,0,0,A,A,0,Non Refund,,0,Transient,95.0,0,0
City Hotel,1,28,2017,March,9,2,0,3,2,0.0,0,BB,PRT,Groups,TA/TO,0,0,0,A,A,0,Non Refund,,0,Transient,95.0,0,0
City Hotel,1,28,2017,March,9,2,0,3,2,0.0,0,BB,PRT,Groups,TA/TO,0,0,0,A,A,0,Non Refund,,0,Transient,95.0,0,0
City Hotel,1,28,2017,March,9,2,0,3,2,0.0,0,BB,PRT,Groups,TA/TO,0,0,0,A,A,0,Non Refund,,0,Transient,95.0,0,0
City Hotel,1,28,2017,March,9,2,0,3,2,0.0,0,BB,PRT,Groups,TA/TO,0,0,0,A,A,0,Non Refund,,0,Transient,95.0,0,0
City Hotel,1,285,2017,March,9,2,0,3,2,0.0,0,BB,GBR,Online TA,TA/TO,0,0,0,A,A,0,No Deposit,9.0,0,Transient,81.9,0,0
City Hotel,1,17,2017,March,9,2,0,3,2,0.0,0,SC,GBR,Online TA,TA/TO,0,0,0,A,A,0,No Deposit,9.0,0,Transient,88.0,0,0
City Hotel,1,28,2017,March,9,2,0,3,2,0.0,0,BB,PRT,Groups,TA/TO,0,0,0,A,A,0,Non Refund,,0,Transient,95.0,0,0
City Hotel,1,55,2017,March,9,2,1,3,2,0.0,0,BB,DEU,Online TA,TA/TO,0,0,0,D,D,0,No Deposit,9.0,0,Transient,100.3,0,0
City Hotel,1,65,2017,March,9,2,1,3,2,0.0,0,BB,DEU,Online TA,TA/TO,0,0,0,D,D,0,No Deposit,9.0,0,Transient,100.3,0,2
City Hotel,1,25,2017,March,9,2,2,3,2,0.0,0,BB,DEU,Online TA,TA/TO,0,0,0,A,A,0,No Deposit,9.0,0,Transient,91.8,0,0
City Hotel,1,16,2017,March,9,2,2,3,2,0.0,0,BB,TUR,Online TA,TA/TO,0,0,0,A,A,0,No Deposit,9.0,0,Transient,91.8,0,0
City Hotel,1,348,2017,March,9,2,2,3,2,0.0,0,BB,BRA,Online TA,TA/TO,0,0,0,A,A,0,No Deposit,9.0,0,Transient,77.35,0,1
City Hotel,1,37,2017,March,9,2,2,3,2,0.0,0,BB,CHE,Online TA,TA/TO,0,0,0,D,D,0,No Deposit,9.0,0,Transient,100.3,0,0
City Hotel,1,14,2017,March,9,3,0,2,2,0.0,0,SC,ITA,Online TA,TA/TO,0,0,0,A,A,0,No Deposit,9.0,0,Transient,88.0,0,0
City Hotel,1,25,2017,March,9,3,0,2,2,0.0,0,BB,GBR,Online TA,TA/TO,0,0,0,D,D,0,No Deposit,9.0,0,Transient,118.0,0,0
City Hotel,1,100,2017,March,9,3,0,2,2,0.0,0,SC,GBR,Online TA,TA/TO,0,0,0,A,A,0,No Deposit,9.0,0,Transient,79.2,0,0
City Hotel,1,51,2017,March,9,3,0,2,2,0.0,0,BB,FRA,Online TA,TA/TO,0,0,0,A,A,0,No Deposit,9.0,0,Transient,97.2,0,0
City Hotel,1,28,2017,March,9,3,0,2,2,0.0,0,SC,GBR,Online TA,TA/TO,0,0,0,A,A,0,No Deposit,9.0,0,Transient,88.0,0,1
City Hotel,1,75,2017,March,9,3,0,2,2,0.0,0,BB,GBR,Online TA,TA/TO,0,0,0,A,A,0,No Deposit,9.0,0,Transient,97.2,0,1
City Hotel,1,31,2017,March,9,3,0,2,2,0.0,0,BB,ESP,Online TA,TA/TO,0,0,0,D,D,0,No Deposit,9.0,0,Transient,118.0,0,0
City Hotel,1,98,2017,March,9,3,0,2,2,0.0,0,BB,FRA,Online TA,TA/TO,0,0,0,A,A,0,No Deposit,9.0,0,Transient,97.2,0,0
City Hotel,1,14,2017,March,9,3,0,2,2,0.0,0,SC,GBR,Online TA,TA/TO,0,0,0,A,A,0,No Deposit,9.0,0,Transient,88.0,0,0
City Hotel,1,141,2017,March,9,3,0,2,2,0.0,0,BB,FRA,Online TA,TA/TO,0,0,0,D,D,0,No Deposit,9.0,0,Transient,102.6,0,2
City Hotel,1,243,2017,March,9,3,1,2,2,0.0,0,SC,GBR,Online TA,TA/TO,0,0,0,A,A,0,No Deposit,9.0,0,Transient,79.2,0,0
City Hotel,1,9,2017,March,9,3,1,2,2,0.0,0,SC,FRA,Online TA,TA/TO,0,0,0,A,A,0,No Deposit,9.0,0,Transient,88.0,0,0
City Hotel,1,243,2017,March,9,3,1,2,2,0.0,0,SC,GBR,Online TA,TA/TO,0,0,0,A,A,0,No Deposit,9.0,0,Transient,79.2,0,0
City Hotel,1,127,2017,March,9,3,1,2,2,0.0,0,BB,DNK,Online TA,TA/TO,0,0,0,A,A,0,No Deposit,9.0,0,Transient,93.6,0,2
City Hotel,1,243,2017,March,9,3,1,2,2,0.0,0,SC,GBR,Online TA,TA/TO,0,0,0,A,A,0,No Deposit,9.0,0,Transient,79.2,0,0
City Hotel,1,29,2017,March,9,3,2,2,2,0.0,0,BB,USA,Online TA,TA/TO,0,0,0,D,D,0,No Deposit,9.0,0,Transient,100.3,0,0
City Hotel,1,33,2017,March,9,3,2,2,2,0.0,0,BB,PRT,Online TA,TA/TO,0,0,0,D,D,0,No Deposit,7.0,0,Transient,77.23,0,0
City Hotel,1,27,2017,March,9,3,2,2,2,0.0,0,BB,NLD,Online TA,TA/TO,0,0,0,A,A,0,No Deposit,9.0,0,Transient,91.8,0,0
City Hotel,1,25,2017,March,9,3,2,2,2,0.0,0,SC,ESP,Online TA,TA/TO,0,0,0,A,A,0,No Deposit,9.0,0,Transient,74.8,0,1
City Hotel,1,79,2017,March,9,3,2,6,2,0.0,0,BB,PRT,Online TA,TA/TO,0,0,0,D,D,2,No Deposit,8.0,0,Transient,100.3,0,1
City Hotel,1,89,2017,March,9,3,2,6,2,0.0,0,SC,PRT,Online TA,TA/TO,0,0,0,A,A,0,No Deposit,8.0,0,Transient,74.8,0,0
City Hotel,1,55,2017,March,9,3,2,3,2,0.0,0,BB,PRT,Online TA,TA/TO,0,0,0,D,D,0,No Deposit,7.0,0,Transient,77.23,0,0
City Hotel,1,65,2017,March,9,3,3,7,2,0.0,0,BB,BRA,Online TA,TA/TO,0,0,0,D,D,0,No Deposit,9.0,0,Transient,100.3,0,0
City Hotel,1,9,2017,March,9,4,0,1,2,0.0,0,BB,ITA,Online TA,TA/TO,0,0,0,A,A,0,No Deposit,9.0,0,Transient,108.0,0,0
City Hotel,1,16,2017,March,9,4,0,1,2,0.0,0,BB,PRT,Online TA,TA/TO,0,0,0,A,A,0,No Deposit,9.0,0,Transient,108.0,0,0
City Hotel,1,178,2017,March,9,4,1,1,2,0.0,0,SC,PRT,Online TA,TA/TO,0,0,0,A,A,0,No Deposit,8.0,0,Transient,79.2,0,1
City Hotel,1,47,2017,March,9,4,1,1,2,0.0,0,BB,PRT,Offline TA/TO,TA/TO,0,0,0,A,D,0,No Deposit,28.0,0,Transient,75.0,0,0
City Hotel,1,43,2017,March,9,4,1,1,2,0.0,0,SC,BRA,Online TA,TA/TO,0,0,0,A,A,0,No Deposit,9.0,0,Transient,88.0,0,2
City Hotel,1,39,2017,March,9,4,1,1,2,0.0,0,BB,DEU,Online TA,TA/TO,0,0,0,D,D,0,No Deposit,9.0,0,Transient,118.0,0,0
City Hotel,1,97,2017,March,9,4,2,1,2,0.0,0,BB,BEL,Online TA,TA/TO,0,0,0,A,A,0,No Deposit,9.0,0,Transient,97.2,0,1
City Hotel,1,144,2017,March,9,4,2,1,2,0.0,0,BB,BRA,Online TA,TA/TO,0,0,0,B,B,1,No Deposit,9.0,0,Transient,91.6,0,1
City Hotel,1,64,2017,March,9,4,2,1,2,0.0,0,BB,IRL,Online TA,TA/TO,0,0,0,D,D,0,No Deposit,9.0,0,Transient,106.2,0,0
City Hotel,1,30,2017,March,9,4,2,2,2,0.0,0,BB,CZE,Online TA,TA/TO,0,0,0,A,A,0,No Deposit,9.0,0,Transient,91.8,0,0
City Hotel,1,85,2017,March,9,4,2,4,2,0.0,0,BB,BRA,Online TA,TA/TO,0,0,0,A,A,0,No Deposit,9.0,0,Transient,91.8,0,1
City Hotel,1,26,2017,March,9,4,2,4,2,0.0,0,BB,FRA,Direct,Direct,0,0,0,A,A,1,No Deposit,14.0,0,Transient,98.0,0,0
City Hotel,1,28,2017,March,9,4,2,5,2,0.0,0,BB,FRA,Online TA,TA/TO,0,0,0,D,D,0,No Deposit,9.0,0,Transient,101.51,0,0
City Hotel,1,21,2017,March,9,4,2,5,2,0.0,0,BB,FRA,Online TA,TA/TO,0,0,0,E,E,0,No Deposit,9.0,0,Transient,127.01,0,0
City Hotel,1,204,2017,March,10,5,1,0,2,0.0,0,BB,BRA,Online TA,TA/TO,0,0,0,A,A,0,No Deposit,9.0,0,Transient,90.0,0,1
City Hotel,1,204,2017,March,10,5,1,0,2,0.0,0,BB,BRA,Online TA,TA/TO,0,0,0,A,A,0,No Deposit,9.0,0,Transient,90.0,0,1
City Hotel,1,204,2017,March,10,5,1,0,2,0.0,0,BB,BRA,Online TA,TA/TO,0,0,0,A,A,0,No Deposit,9.0,0,Transient,90.0,0,1
City Hotel,1,204,2017,March,10,5,1,0,2,0.0,0,BB,BRA,Online TA,TA/TO,0,0,0,A,A,0,No Deposit,9.0,0,Transient,90.0,0,1
City Hotel,1,20,2017,March,10,5,2,0,2,0.0,0,SC,FRA,Online TA,TA/TO,0,0,0,A,A,0,No Deposit,9.0,0,Transient,88.0,0,0
City Hotel,1,58,2017,March,10,5,2,0,2,0.0,0,SC,USA,Online TA,TA/TO,0,0,0,A,A,0,No Deposit,9.0,0,Transient,79.2,0,0
City Hotel,1,174,2017,March,10,5,2,2,2,0.0,0,BB,PRT,Groups,TA/TO,0,0,0,A,A,0,No Deposit,,0,Transient-Party,90.0,0,1
City Hotel,1,64,2017,March,10,5,2,2,2,0.0,0,BB,GBR,Online TA,TA/TO,0,0,0,A,A,0,No Deposit,9.0,0,Transient,91.8,0,2
City Hotel,1,64,2017,March,10,5,2,2,2,0.0,0,BB,GBR,Online TA,TA/TO,0,0,0,A,A,0,No Deposit,9.0,0,Transient,91.8,0,2
City Hotel,1,60,2017,March,10,5,2,2,2,0.0,0,BB,DEU,Online TA,TA/TO,0,0,0,A,A,0,No Deposit,9.0,0,Transient,91.8,0,0
City Hotel,1,72,2017,March,10,5,2,2,2,0.0,0,SC,IRL,Online TA,TA/TO,0,0,0,A,A,0,No Deposit,9.0,0,Transient,74.8,0,1
City Hotel,1,22,2017,March,10,5,2,2,2,0.0,0,BB,NLD,Online TA,TA/TO,0,0,0,D,D,0,No Deposit,9.0,0,Transient,100.3,0,0
City Hotel,1,30,2017,March,10,5,2,3,2,0.0,0,SC,FRA,Online TA,TA/TO,0,0,0,A,A,0,No Deposit,9.0,0,Transient,74.8,0,0
City Hotel,1,17,2017,March,10,5,2,4,2,0.0,0,BB,AGO,Online TA,TA/TO,0,0,0,D,D,0,No Deposit,9.0,0,Transient,101.72,0,0
City Hotel,1,82,2017,March,10,5,2,4,2,0.0,0,BB,USA,Online TA,TA/TO,0,0,0,A,A,0,No Deposit,9.0,0,Transient,91.8,0,0
City Hotel,1,10,2017,March,10,5,3,5,2,0.0,0,BB,FRA,Online TA,TA/TO,0,0,0,D,D,0,No Deposit,9.0,0,Transient,102.43,0,0
City Hotel,1,52,2017,March,10,5,6,13,2,0.0,0,HB,SEN,Online TA,TA/TO,0,0,0,D,D,0,No Deposit,9.0,0,Transient,136.0,0,2
City Hotel,1,52,2017,March,10,5,6,13,2,0.0,0,BB,SEN,Online TA,TA/TO,0,0,0,D,D,0,No Deposit,9.0,0,Transient,102.0,0,2
City Hotel,1,5,2017,March,10,6,1,1,2,0.0,0,BB,PRT,Groups,TA/TO,0,0,0,A,A,0,No Deposit,37.0,0,Transient-Party,95.0,0,0
City Hotel,1,18,2017,March,10,6,1,1,2,0.0,0,BB,PRT,Groups,TA/TO,0,0,0,A,A,3,No Deposit,37.0,0,Transient-Party,95.0,0,0
City Hotel,1,97,2017,March,10,6,1,1,2,0.0,0,SC,BRA,Online TA,TA/TO,0,0,0,A,A,0,No Deposit,9.0,0,Transient,79.2,0,0
City Hotel,1,106,2017,March,10,6,1,1,2,0.0,0,BB,GRC,Online TA,TA/TO,0,0,0,A,A,0,No Deposit,9.0,0,Transient,97.2,0,1
City Hotel,1,75,2017,March,10,6,1,2,2,0.0,0,BB,FRA,Online TA,TA/TO,0,0,0,A,A,0,No Deposit,9.0,0,Transient,97.2,0,1
City Hotel,1,18,2017,March,10,6,1,2,2,0.0,0,BB,PRT,Groups,TA/TO,0,0,0,A,A,2,No Deposit,37.0,0,Transient-Party,12.0,0,0
City Hotel,1,192,2017,March,10,6,1,2,2,0.0,0,SC,FRA,Online TA,TA/TO,0,0,0,A,A,0,No Deposit,9.0,0,Transient,88.2,0,2
City Hotel,1,39,2017,March,10,6,1,2,2,0.0,0,BB,PRT,Offline TA/TO,TA/TO,0,0,0,A,A,0,No Deposit,52.0,0,Transient,112.0,0,0
City Hotel,1,160,2017,March,10,6,1,1,2,0.0,0,SC,IRL,Online TA,TA/TO,0,0,0,A,A,0,No Deposit,9.0,0,Transient,79.2,0,2
City Hotel,1,27,2017,March,10,6,1,3,2,0.0,0,BB,PRT,Online TA,TA/TO,0,0,0,D,D,0,No Deposit,7.0,0,Transient,77.23,0,1
City Hotel,1,29,2017,March,10,6,1,3,2,0.0,0,HB,PRT,Offline TA/TO,TA/TO,0,0,0,E,E,0,No Deposit,15.0,0,Transient,126.48,0,0
City Hotel,1,241,2017,March,10,6,1,3,2,0.0,0,BB,BRA,Online TA,TA/TO,0,0,0,A,A,2,No Deposit,9.0,0,Transient,85.0,0,1
City Hotel,1,29,2017,March,10,6,1,3,2,0.0,0,SC,DEU,Online TA,TA/TO,0,0,0,A,A,0,No Deposit,9.0,0,Transient,74.8,0,0
City Hotel,1,75,2017,March,10,6,1,4,2,0.0,0,BB,PRT,Online TA,TA/TO,0,0,0,A,A,0,No Deposit,7.0,0,Transient,70.69,0,2
City Hotel,1,44,2017,March,10,6,1,4,2,0.0,0,SC,IRL,Online TA,TA/TO,0,0,0,A,A,0,No Deposit,9.0,0,Transient,74.8,0,2
City Hotel,1,70,2017,March,10,6,1,5,2,0.0,0,SC,PRT,Online TA,TA/TO,0,0,0,A,A,0,No Deposit,7.0,0,Transient,57.6,0,0
City Hotel,1,46,2017,March,10,6,2,5,2,0.0,0,BB,PRT,Online TA,TA/TO,0,0,0,D,D,2,No Deposit,8.0,0,Transient,100.3,0,0
City Hotel,1,68,2017,March,10,6,3,5,2,0.0,0,SC,IRL,Online TA,TA/TO,0,0,0,A,A,0,No Deposit,9.0,0,Transient,74.8,0,2
City Hotel,1,83,2017,March,10,7,0,1,2,0.0,0,BB,GRC,Online TA,TA/TO,0,0,0,A,A,0,No Deposit,9.0,0,Transient,97.2,0,1
City Hotel,1,33,2017,March,10,7,0,2,2,0.0,0,BB,PRT,Online TA,TA/TO,0,0,0,A,A,0,No Deposit,7.0,0,Transient,79.0,0,0
City Hotel,1,27,2017,March,10,7,0,2,2,0.0,0,BB,FRA,Online TA,TA/TO,0,0,0,D,D,0,No Deposit,9.0,0,Transient,118.0,0,0
City Hotel,1,62,2017,March,10,7,0,3,2,0.0,0,BB,GBR,Online TA,TA/TO,0,0,0,D,D,0,No Deposit,9.0,0,Transient,106.2,0,1
City Hotel,1,30,2017,March,10,7,0,3,2,0.0,0,BB,DEU,Online TA,TA/TO,0,0,0,A,A,0,No Deposit,9.0,0,Transient,108.0,0,1
City Hotel,1,52,2017,March,10,7,0,4,2,0.0,0,BB,ESP,Direct,Direct,0,0,0,A,A,0,No Deposit,14.0,0,Transient,79.2,0,0
City Hotel,1,163,2017,March,10,7,0,4,2,0.0,0,SC,ITA,Online TA,TA/TO,0,0,0,A,A,0,No Deposit,9.0,0,Transient,74.8,0,1
City Hotel,1,189,2017,March,10,7,0,4,2,0.0,0,BB,ESP,Online TA,TA/TO,0,0,0,A,A,6,No Deposit,9.0,0,Transient,91.8,0,1
City Hotel,1,68,2017,March,10,7,0,4,2,0.0,0,SC,DEU,Online TA,TA/TO,0,0,0,A,A,0,No Deposit,9.0,0,Transient,74.8,0,2
City Hotel,1,91,2017,March,10,7,0,4,2,0.0,0,SC,ITA,Online TA,TA/TO,0,0,0,A,A,0,No Deposit,9.0,0,Transient,74.8,0,1
City Hotel,1,58,2017,March,10,7,0,4,2,0.0,0,BB,PRT,Online TA,TA/TO,0,0,0,A,A,0,No Deposit,8.0,0,Transient,91.8,0,1
City Hotel,1,154,2017,March,10,7,0,4,2,0.0,0,BB,ROU,Online TA,TA/TO,0,0,0,A,A,0,No Deposit,9.0,0,Transient,88.4,0,1
City Hotel,1,34,2017,March,10,7,0,4,2,0.0,0,BB,GBR,Online TA,TA/TO,0,0,0,D,D,0,No Deposit,9.0,0,Transient,100.3,0,1
City Hotel,1,21,2017,March,10,7,0,4,2,0.0,0,BB,FRA,Online TA,TA/TO,0,0,0,D,D,0,No Deposit,9.0,0,Transient,102.43,0,2
City Hotel,1,356,2017,March,10,7,0,4,2,0.0,0,BB,ROU,Online TA,TA/TO,0,0,0,A,A,0,No Deposit,9.0,0,Transient,77.35,0,0
City Hotel,1,157,2017,March,10,7,0,4,2,0.0,0,BB,ROU,Online TA,TA/TO,0,0,0,A,A,2,No Deposit,9.0,0,Transient,88.4,0,1
City Hotel,1,40,2017,March,10,7,0,5,2,0.0,0,BB,FRA,Online TA,TA/TO,0,0,0,D,D,0,No Deposit,9.0,0,Transient,100.3,0,0
City Hotel,1,22,2017,March,10,8,0,2,2,0.0,0,SC,CHN,Online TA,TA/TO,0,0,0,A,A,0,No Deposit,9.0,0,Transient,79.2,0,0
City Hotel,1,9,2017,March,10,8,0,3,2,0.0,0,BB,FRA,Online TA,TA/TO,0,0,0,A,A,0,No Deposit,9.0,0,Transient,111.33,0,0
City Hotel,1,71,2017,March,10,8,0,3,2,0.0,0,BB,JPN,Online TA,TA/TO,0,0,0,A,A,0,No Deposit,9.0,0,Transient,97.2,0,1
City Hotel,1,3,2017,March,10,8,0,3,2,0.0,0,HB,MAR,Online TA,TA/TO,0,0,0,A,A,0,No Deposit,9.0,0,Transient,149.33,0,1
City Hotel,1,93,2017,March,10,8,0,4,2,0.0,0,BB,DEU,Online TA,TA/TO,0,0,0,A,A,0,No Deposit,9.0,0,Transient,91.8,0,1
City Hotel,1,258,2017,March,10,8,0,4,2,0.0,0,BB,DEU,Online TA,TA/TO,0,0,0,A,A,0,No Deposit,9.0,0,Transient,85.0,0,0
City Hotel,1,258,2017,March,10,8,0,4,2,0.0,0,BB,DEU,Online TA,TA/TO,0,0,0,A,A,0,No Deposit,9.0,0,Transient,85.0,0,0
City Hotel,1,258,2017,March,10,8,0,4,2,0.0,0,BB,DEU,Online TA,TA/TO,0,0,0,A,A,0,No Deposit,9.0,0,Transient,85.0,0,0
City Hotel,1,93,2017,March,10,8,0,4,2,0.0,0,BB,DEU,Online TA,TA/TO,0,0,0,A,A,0,No Deposit,9.0,0,Transient,91.8,0,1
City Hotel,1,56,2017,March,10,8,0,4,2,0.0,0,SC,FRA,Online TA,TA/TO,0,0,0,A,A,0,No Deposit,9.0,0,Transient,74.8,0,1
City Hotel,1,258,2017,March,10,8,0,4,2,0.0,0,BB,DEU,Online TA,TA/TO,0,0,0,A,A,0,No Deposit,9.0,0,Transient,85.0,0,0
City Hotel,1,258,2017,March,10,8,0,4,2,0.0,0,BB,DEU,Online TA,TA/TO,0,0,0,A,A,0,No Deposit,9.0,0,Transient,85.0,0,0
City Hotel,1,40,2017,March,10,8,0,4,2,0.0,0,BB,DEU,Online TA,TA/TO,0,0,0,D,D,0,No Deposit,9.0,0,Transient,100.3,0,0
City Hotel,1,8,2017,March,10,8,0,4,2,0.0,0,BB,FRA,Online TA,TA/TO,0,0,0,A,A,0,No Deposit,9.0,0,Transient,96.05,0,0
City Hotel,1,129,2017,March,10,8,1,4,2,0.0,0,BB,NLD,Online TA,TA/TO,0,0,0,A,A,0,No Deposit,9.0,0,Transient,88.4,0,1
City Hotel,1,9,2017,March,10,8,1,4,2,0.0,0,SC,FRA,Online TA,TA/TO,0,0,0,A,A,0,No Deposit,9.0,0,Transient,78.2,0,1
City Hotel,1,51,2017,March,10,8,1,4,2,0.0,0,BB,CHE,Online TA,TA/TO,0,0,0,D,D,0,No Deposit,9.0,0,Transient,100.3,0,0
City Hotel,1,182,2017,March,10,8,1,4,2,0.0,0,BB,NLD,Online TA,TA/TO,0,0,0,A,A,0,No Deposit,9.0,0,Transient,104.0,0,1
City Hotel,1,184,2017,March,10,9,0,3,2,0.0,0,BB,IRL,Online TA,TA/TO,0,0,0,A,A,0,No Deposit,9.0,0,Transient,93.6,0,2
City Hotel,1,241,2017,March,10,9,0,3,2,0.0,0,SC,DEU,Online TA,TA/TO,0,0,0,A,A,0,No Deposit,9.0,0,Transient,79.2,0,0
City Hotel,1,241,2017,March,10,9,0,3,2,0.0,0,SC,DEU,Online TA,TA/TO,0,0,0,A,A,0,No Deposit,9.0,0,Transient,79.2,0,0
City Hotel,1,112,2017,March,10,9,0,3,2,0.0,0,BB,ITA,Online TA,TA/TO,0,0,0,A,A,0,No Deposit,9.0,0,Transient,93.6,0,1
City Hotel,1,241,2017,March,10,9,0,3,2,0.0,0,SC,DEU,Online TA,TA/TO,0,0,0,A,A,0,No Deposit,9.0,0,Transient,79.2,0,0
City Hotel,1,52,2017,March,10,9,0,3,2,0.0,0,BB,IRL,Online TA,TA/TO,0,0,0,D,D,0,No Deposit,9.0,0,Transient,106.2,0,0
City Hotel,1,241,2017,March,10,9,0,3,2,0.0,0,SC,DEU,Online TA,TA/TO,0,0,0,A,A,0,No Deposit,9.0,0,Transient,79.2,0,0
City Hotel,1,184,2017,March,10,9,0,3,2,0.0,0,BB,IRL,Online TA,TA/TO,0,0,0,A,A,0,No Deposit,9.0,0,Transient,93.6,0,2
City Hotel,1,241,2017,March,10,9,0,3,2,0.0,0,SC,DEU,Online TA,TA/TO,0,0,0,A,A,0,No Deposit,9.0,0,Transient,79.2,0,0
City Hotel,1,101,2017,March,10,9,0,3,2,0.0,0,SC,GBR,Online TA,TA/TO,0,0,0,A,A,0,No Deposit,9.0,0,Transient,79.2,0,2
City Hotel,1,57,2017,March,10,9,0,3,2,0.0,0,BB,RUS,Online TA,TA/TO,0,0,0,A,A,0,No Deposit,9.0,0,Transient,97.2,0,0
City Hotel,1,241,2017,March,10,9,0,3,2,0.0,0,SC,DEU,Online TA,TA/TO,0,0,0,A,A,0,No Deposit,9.0,0,Transient,79.2,0,0
City Hotel,1,241,2017,March,10,9,0,3,2,0.0,0,SC,DEU,Online TA,TA/TO,0,0,0,A,A,0,No Deposit,9.0,0,Transient,79.2,0,0
City Hotel,1,241,2017,March,10,9,0,3,2,0.0,0,SC,DEU,Online TA,TA/TO,0,0,0,A,A,0,No Deposit,9.0,0,Transient,79.2,0,0
City Hotel,1,130,2017,March,10,9,0,3,2,0.0,0,SC,FRA,Online TA,TA/TO,0,0,0,A,A,0,No Deposit,9.0,0,Transient,79.2,0,2
City Hotel,1,37,2017,March,10,9,1,3,2,0.0,0,BB,GBR,Online TA,TA/TO,0,0,0,E,E,0,No Deposit,9.0,0,Transient,148.0,0,1
City Hotel,1,91,2017,March,10,9,1,3,2,0.0,0,SC,BEL,Online TA,TA/TO,0,0,0,A,A,0,No Deposit,9.0,0,Transient,74.8,0,0
City Hotel,1,47,2017,March,10,9,1,3,2,0.0,0,BB,FRA,Direct,Direct,0,0,0,A,A,0,No Deposit,14.0,0,Transient,79.2,0,0
City Hotel,1,62,2017,March,10,9,1,3,2,0.0,0,SC,GBR,Online TA,TA/TO,0,0,0,A,A,0,No Deposit,9.0,0,Transient,74.8,0,1
City Hotel,1,303,2017,March,10,9,1,3,2,0.0,0,BB,DEU,Online TA,TA/TO,0,0,0,D,D,0,No Deposit,9.0,0,Transient,90.1,0,2
City Hotel,1,63,2017,March,10,9,1,3,2,0.0,0,BB,DEU,Online TA,TA/TO,0,0,0,E,E,0,No Deposit,9.0,0,Transient,117.3,0,2
City Hotel,1,50,2017,March,10,9,2,4,2,0.0,0,SC,IRL,Online TA,TA/TO,0,0,0,A,A,0,No Deposit,9.0,0,Transient,74.8,0,1
City Hotel,1,12,2017,March,10,10,0,1,2,0.0,0,SC,PER,Online TA,TA/TO,0,0,0,A,A,0,No Deposit,9.0,0,Transient,98.0,0,0
City Hotel,1,81,2017,March,10,10,0,1,2,0.0,0,SC,BRA,Online TA,TA/TO,0,0,0,A,A,0,No Deposit,9.0,0,Transient,79.2,0,1
City Hotel,1,65,2017,March,10,10,0,1,2,0.0,0,BB,NOR,Online TA,TA/TO,0,0,0,A,A,0,No Deposit,9.0,0,Transient,97.2,0,0
City Hotel,1,51,2017,March,10,10,0,2,2,0.0,0,BB,FRA,Online TA,TA/TO,0,0,0,D,D,0,No Deposit,9.0,0,Transient,106.2,0,0
City Hotel,1,76,2017,March,10,10,0,2,2,0.0,0,BB,BEL,Online TA,TA/TO,0,0,0,A,A,0,No Deposit,9.0,0,Transient,97.2,0,0
City Hotel,1,104,2017,March,10,10,0,2,2,0.0,0,BB,USA,Online TA,TA/TO,0,0,0,A,A,0,No Deposit,9.0,0,Transient,97.2,0,0
City Hotel,1,260,2017,March,10,10,0,2,2,0.0,0,BB,DEU,Online TA,TA/TO,0,0,0,A,A,0,No Deposit,9.0,0,Transient,90.0,0,0
City Hotel,1,11,2017,March,10,10,0,2,2,0.0,0,BB,PER,Direct,Direct,0,0,0,D,D,0,No Deposit,14.0,0,Transient,123.0,0,0
City Hotel,1,69,2017,March,10,10,0,2,2,0.0,0,SC,FRA,Online TA,TA/TO,0,0,0,A,A,0,No Deposit,9.0,0,Transient,79.2,0,1
City Hotel,1,43,2017,March,10,10,0,2,2,0.0,0,BB,PRT,Offline TA/TO,TA/TO,0,0,0,A,A,0,No Deposit,22.0,0,Transient,72.0,0,1
City Hotel,1,260,2017,March,10,10,0,2,2,0.0,0,BB,DEU,Online TA,TA/TO,0,0,0,A,A,0,No Deposit,9.0,0,Transient,90.0,0,0
City Hotel,1,260,2017,March,10,10,0,2,2,0.0,0,BB,DEU,Online TA,TA/TO,0,0,0,A,A,0,No Deposit,9.0,0,Transient,90.0,0,0
City Hotel,1,54,2017,March,10,10,0,2,2,0.0,0,SC,ESP,Online TA,TA/TO,0,0,0,A,A,0,No Deposit,9.0,0,Transient,79.2,0,0
City Hotel,1,66,2017,March,10,10,1,2,2,0.0,0,BB,PRT,Groups,TA/TO,0,0,0,A,A,0,No Deposit,154.0,0,Transient-Party,80.0,0,0
City Hotel,1,66,2017,March,10,10,1,2,2,0.0,0,BB,PRT,Groups,TA/TO,0,0,0,A,A,0,No Deposit,154.0,0,Transient-Party,80.0,0,0
City Hotel,1,56,2017,March,10,10,1,2,2,0.0,0,BB,NLD,Online TA,TA/TO,0,0,0,A,A,0,No Deposit,9.0,0,Transient,97.2,0,0
City Hotel,1,66,2017,March,10,10,1,2,2,0.0,0,BB,PRT,Groups,TA/TO,0,0,0,A,A,0,No Deposit,154.0,0,Transient-Party,80.0,0,0
City Hotel,1,66,2017,March,10,10,1,2,2,0.0,0,BB,PRT,Groups,TA/TO,0,0,0,A,A,0,No Deposit,154.0,0,Transient-Party,80.0,0,0
City Hotel,1,175,2017,March,10,10,1,2,2,0.0,0,BB,NLD,Online TA,TA/TO,0,0,0,A,A,0,No Deposit,9.0,0,Transient,93.6,0,0
City Hotel,1,243,2017,March,10,10,1,2,2,0.0,0,BB,GBR,Online TA,TA/TO,0,0,0,D,D,0,No Deposit,9.0,0,Transient,103.5,0,0
City Hotel,1,66,2017,March,10,10,1,2,2,0.0,0,BB,PRT,Groups,TA/TO,0,0,0,A,A,0,No Deposit,154.0,0,Transient-Party,80.0,0,0
City Hotel,1,56,2017,March,10,10,1,2,2,0.0,0,BB,NLD,Online TA,TA/TO,0,0,0,A,A,0,No Deposit,9.0,0,Transient,97.2,0,0
City Hotel,1,56,2017,March,10,10,1,2,2,0.0,0,BB,NLD,Online TA,TA/TO,0,0,0,A,A,0,No Deposit,9.0,0,Transient,97.2,0,0
City Hotel,1,66,2017,March,10,10,1,2,2,0.0,0,BB,PRT,Groups,TA/TO,0,0,0,A,A,0,No Deposit,154.0,0,Transient-Party,80.0,0,0
City Hotel,1,55,2017,March,10,10,1,2,2,0.0,0,BB,GBR,Online TA,TA/TO,0,0,0,A,A,0,No Deposit,9.0,0,Transient,97.2,0,1
City Hotel,1,38,2017,March,10,10,1,2,2,0.0,0,BB,RUS,Online TA,TA/TO,0,0,0,D,D,0,No Deposit,9.0,0,Transient,118.0,0,0
City Hotel,1,113,2017,March,10,10,2,2,2,0.0,0,BB,BRA,Online TA,TA/TO,0,0,0,A,A,0,No Deposit,9.0,0,Transient,88.4,0,2
City Hotel,1,163,2017,March,10,10,2,2,2,0.0,0,BB,DEU,Online TA,TA/TO,0,0,0,A,A,0,No Deposit,9.0,0,Transient,88.4,0,1
City Hotel,1,55,2017,March,10,10,2,2,2,0.0,0,BB,DEU,Online TA,TA/TO,0,0,0,D,D,0,No Deposit,9.0,0,Transient,102.0,0,1
City Hotel,1,52,2017,March,10,11,0,1,2,0.0,0,SC,GBR,Online TA,TA/TO,0,0,0,A,A,0,No Deposit,9.0,0,Transient,79.2,0,1
City Hotel,1,17,2017,March,10,11,0,1,2,0.0,0,BB,PRT,Direct,Direct,0,0,0,D,D,0,No Deposit,14.0,0,Transient,110.7,0,1
City Hotel,1,127,2017,March,10,11,1,1,2,0.0,0,BB,PRT,Groups,TA/TO,0,0,0,A,A,0,Non Refund,58.0,0,Transient,80.0,0,0
City Hotel,1,127,2017,March,10,11,1,1,2,0.0,0,BB,PRT,Groups,TA/TO,0,0,0,A,A,0,Non Refund,58.0,0,Transient,80.0,0,0
City Hotel,1,72,2017,March,10,11,1,1,2,0.0,0,BB,GBR,Online TA,TA/TO,0,0,0,A,A,0,No Deposit,9.0,0,Transient,97.2,0,0
City Hotel,1,127,2017,March,10,11,1,1,2,0.0,0,BB,PRT,Groups,TA/TO,0,0,0,A,A,0,Non Refund,58.0,0,Transient,80.0,0,0
City Hotel,1,127,2017,March,10,11,1,1,2,0.0,0,BB,PRT,Groups,TA/TO,0,0,0,A,A,0,Non Refund,58.0,0,Transient,80.0,0,0
City Hotel,1,127,2017,March,10,11,1,1,2,0.0,0,BB,PRT,Groups,TA/TO,0,0,0,A,A,0,Non Refund,58.0,0,Transient,80.0,0,0
City Hotel,1,127,2017,March,10,11,1,1,2,0.0,0,BB,PRT,Groups,TA/TO,0,0,0,A,A,0,Non Refund,58.0,0,Transient,80.0,0,0
City Hotel,1,26,2017,March,10,11,1,1,2,0.0,0,BB,ARE,Online TA,TA/TO,0,0,0,E,E,0,No Deposit,9.0,0,Transient,153.0,0,0
City Hotel,1,41,2017,March,10,11,1,1,2,0.0,0,BB,ITA,Online TA,TA/TO,0,0,0,D,D,0,No Deposit,9.0,0,Transient,118.0,0,0
City Hotel,1,127,2017,March,10,11,1,1,2,0.0,0,BB,PRT,Groups,TA/TO,0,0,0,A,A,0,Non Refund,58.0,0,Transient,80.0,0,0
City Hotel,1,144,2017,March,10,11,1,1,2,0.0,0,BB,PRT,Groups,TA/TO,0,0,0,A,A,0,Non Refund,58.0,17,Transient,80.0,0,0
City Hotel,1,127,2017,March,10,11,1,1,2,0.0,0,BB,PRT,Groups,TA/TO,0,0,0,A,A,0,Non Refund,58.0,0,Transient,80.0,0,0
City Hotel,1,127,2017,March,10,11,1,1,2,0.0,0,BB,PRT,Groups,TA/TO,0,0,0,A,A,0,Non Refund,58.0,0,Transient,80.0,0,0
City Hotel,1,59,2017,March,10,11,1,1,2,0.0,0,BB,CN,Direct,Direct,0,0,0,A,A,1,No Deposit,14.0,0,Transient,98.0,0,0
City Hotel,1,127,2017,March,10,11,1,1,2,0.0,0,BB,PRT,Groups,TA/TO,0,0,0,A,A,0,Non Refund,58.0,0,Transient,80.0,0,0
City Hotel,1,127,2017,March,10,11,1,1,2,0.0,0,BB,PRT,Groups,TA/TO,0,0,0,A,A,0,Non Refund,58.0,0,Transient,80.0,0,0
City Hotel,1,127,2017,March,10,11,1,1,2,0.0,0,BB,PRT,Groups,TA/TO,0,0,0,A,A,0,Non Refund,58.0,0,Transient,80.0,0,0
City Hotel,1,127,2017,March,10,11,1,1,2,0.0,0,BB,PRT,Groups,TA/TO,0,0,0,A,A,0,Non Refund,58.0,0,Transient,80.0,0,0
City Hotel,1,127,2017,March,10,11,1,1,2,0.0,0,BB,PRT,Groups,TA/TO,0,0,0,A,A,0,Non Refund,58.0,0,Transient,80.0,0,0
City Hotel,1,127,2017,March,10,11,1,1,2,0.0,0,BB,PRT,Groups,TA/TO,0,0,0,A,A,0,Non Refund,58.0,0,Transient,80.0,0,0
City Hotel,1,41,2017,March,10,11,1,1,2,0.0,0,BB,ITA,Online TA,TA/TO,0,0,0,D,D,0,No Deposit,9.0,0,Transient,118.0,0,0
City Hotel,1,127,2017,March,10,11,1,1,2,0.0,0,BB,PRT,Groups,TA/TO,0,0,0,A,A,0,Non Refund,58.0,0,Transient,80.0,0,0
City Hotel,1,127,2017,March,10,11,1,1,2,0.0,0,BB,PRT,Groups,TA/TO,0,0,0,A,A,0,Non Refund,58.0,0,Transient,80.0,0,0
City Hotel,1,127,2017,March,10,11,1,1,2,0.0,0,BB,PRT,Groups,TA/TO,0,0,0,A,A,0,Non Refund,58.0,0,Transient,80.0,0,0
City Hotel,1,127,2017,March,10,11,1,1,2,0.0,0,BB,PRT,Groups,TA/TO,0,0,0,A,A,0,Non Refund,58.0,0,Transient,80.0,0,0
City Hotel,1,12,2017,March,10,11,1,1,2,0.0,0,BB,FRA,Online TA,TA/TO,0,0,0,D,D,0,No Deposit,9.0,0,Transient,123.0,0,0
City Hotel,1,46,2017,March,10,11,2,1,2,0.0,0,BB,ITA,Online TA,TA/TO,0,0,0,D,D,0,No Deposit,9.0,0,Transient,106.2,0,0
City Hotel,1,15,2017,March,10,11,2,1,2,0.0,0,BB,USA,Online TA,TA/TO,0,0,0,D,D,0,No Deposit,9.0,0,Transient,121.33,0,0
City Hotel,1,46,2017,March,10,11,2,1,2,0.0,0,BB,ITA,Online TA,TA/TO,0,0,0,D,D,0,No Deposit,9.0,0,Transient,106.2,0,0
City Hotel,1,207,2017,March,10,11,2,1,2,0.0,0,BB,DEU,Online TA,TA/TO,0,0,0,A,A,0,No Deposit,9.0,0,Transient,90.0,0,1
City Hotel,1,34,2017,March,10,11,2,1,2,0.0,0,HB,CHE,Online TA,TA/TO,0,0,0,D,D,0,No Deposit,9.0,0,Transient,159.33,0,0
City Hotel,1,72,2017,March,10,11,2,2,2,0.0,0,SC,FRA,Online TA,TA/TO,0,0,0,A,A,0,No Deposit,9.0,0,Transient,74.8,0,1
City Hotel,1,9,2017,March,10,11,2,3,2,0.0,0,BB,TUR,Online TA,TA/TO,0,0,0,D,D,0,No Deposit,9.0,0,Transient,103.7,0,0
City Hotel,1,43,2017,March,10,11,2,3,2,0.0,0,BB,USA,Online TA,TA/TO,0,0,0,D,D,0,No Deposit,9.0,0,Transient,100.3,0,1
City Hotel,1,70,2017,March,10,11,2,5,2,0.0,0,SC,ARE,Online TA,TA/TO,0,0,0,A,A,0,No Deposit,9.0,0,Transient,74.8,0,1
City Hotel,1,57,2017,March,10,11,2,5,2,0.0,0,HB,PRT,Online TA,TA/TO,0,0,0,A,A,0,No Deposit,7.0,0,Transient,125.8,0,0
City Hotel,1,182,2017,March,10,11,2,6,2,0.0,0,BB,PRT,Corporate,TA/TO,0,0,0,A,A,0,No Deposit,330.0,0,Transient-Party,90.0,0,0
City Hotel,1,182,2017,March,10,11,2,6,2,0.0,0,BB,PRT,Corporate,TA/TO,0,0,0,A,A,0,No Deposit,330.0,0,Transient-Party,90.0,0,0
City Hotel,1,182,2017,March,10,11,2,6,2,0.0,0,BB,PRT,Corporate,TA/TO,0,0,0,A,A,0,No Deposit,330.0,0,Transient-Party,90.0,0,0
City Hotel,1,25,2017,March,11,12,1,0,2,0.0,0,BB,PRT,Groups,TA/TO,0,0,0,A,A,0,Non Refund,,0,Transient,100.0,0,0
City Hotel,1,25,2017,March,11,12,1,0,2,0.0,0,BB,PRT,Groups,TA/TO,0,0,0,A,A,0,Non Refund,,0,Transient,100.0,0,0
City Hotel,1,25,2017,March,11,12,1,0,2,0.0,0,BB,PRT,Groups,TA/TO,0,0,0,A,A,0,Non Refund,,0,Transient,100.0,0,0
City Hotel,1,12,2017,March,11,12,2,0,2,0.0,0,SC,SAU,Online TA,TA/TO,0,0,0,A,A,0,No Deposit,9.0,0,Transient,88.0,0,0
City Hotel,1,12,2017,March,11,12,2,0,2,0.0,0,SC,SAU,Online TA,TA/TO,0,0,0,A,A,0,No Deposit,9.0,0,Transient,88.0,0,0
City Hotel,1,98,2017,March,11,12,2,1,2,0.0,0,BB,FRA,Online TA,TA/TO,0,0,0,A,A,0,No Deposit,9.0,0,Transient,97.2,0,0
City Hotel,1,193,2017,March,11,12,2,1,2,0.0,0,SC,GBR,Online TA,TA/TO,0,0,0,A,A,0,No Deposit,9.0,0,Transient,79.2,0,0
City Hotel,1,18,2017,March,11,12,2,2,2,0.0,0,BB,FRA,Online TA,TA/TO,0,0,0,D,D,0,No Deposit,9.0,0,Transient,102.43,0,0
City Hotel,1,37,2017,March,11,12,2,2,2,0.0,0,SC,MAC,Online TA,TA/TO,0,0,0,A,A,0,No Deposit,9.0,0,Transient,76.93,0,1
City Hotel,1,18,2017,March,11,12,2,2,2,0.0,0,BB,MAR,Online TA,TA/TO,0,0,0,D,D,0,No Deposit,9.0,0,Transient,102.43,0,0
City Hotel,1,37,2017,March,11,12,2,2,2,0.0,0,SC,MAC,Online TA,TA/TO,0,0,0,A,A,0,No Deposit,9.0,0,Transient,76.93,0,1
City Hotel,1,9,2017,March,11,12,2,2,2,0.0,0,BB,GBR,Online TA,TA/TO,0,0,0,D,D,0,No Deposit,9.0,0,Transient,102.43,0,0
City Hotel,1,37,2017,March,11,12,2,2,2,0.0,0,SC,MAC,Online TA,TA/TO,0,0,0,A,A,0,No Deposit,9.0,0,Transient,76.93,0,1
City Hotel,1,37,2017,March,11,12,2,2,2,0.0,0,SC,MAC,Online TA,TA/TO,0,0,0,A,A,0,No Deposit,9.0,0,Transient,76.93,0,1
City Hotel,1,37,2017,March,11,12,2,2,2,0.0,0,SC,MAC,Online TA,TA/TO,0,0,0,A,A,0,No Deposit,9.0,0,Transient,76.93,0,1
City Hotel,1,9,2017,March,11,12,2,2,2,0.0,0,BB,DEU,Online TA,TA/TO,0,0,0,D,D,0,No Deposit,9.0,0,Transient,102.43,0,0
City Hotel,1,37,2017,March,11,12,2,2,2,0.0,0,SC,MAC,Online TA,TA/TO,0,0,0,A,A,0,No Deposit,9.0,0,Transient,76.93,0,1
City Hotel,1,92,2017,March,11,12,2,3,2,0.0,0,BB,DEU,Online TA,TA/TO,0,0,0,A,A,2,No Deposit,9.0,0,Transient,91.8,0,1
City Hotel,1,53,2017,March,11,12,3,5,2,0.0,0,SC,CN,Online TA,TA/TO,0,0,0,A,A,0,No Deposit,9.0,0,Transient,74.8,0,0
City Hotel,1,11,2017,March,11,13,1,0,2,0.0,0,BB,PRT,Groups,TA/TO,0,0,0,A,A,1,No Deposit,254.0,0,Transient-Party,105.0,0,0
City Hotel,1,11,2017,March,11,13,1,0,2,0.0,0,BB,PRT,Groups,TA/TO,0,0,0,A,A,1,No Deposit,254.0,0,Transient-Party,105.0,0,0
City Hotel,1,92,2017,March,11,13,1,1,2,0.0,0,SC,CN,Online TA,TA/TO,0,0,0,A,A,0,No Deposit,9.0,0,Transient,79.2,0,1
City Hotel,1,11,2017,March,11,13,1,1,2,0.0,0,BB,PRT,Groups,TA/TO,0,0,0,A,A,0,No Deposit,254.0,0,Transient-Party,105.0,0,0
City Hotel,1,11,2017,March,11,13,1,1,2,0.0,0,BB,PRT,Groups,TA/TO,0,0,0,A,A,0,No Deposit,254.0,0,Transient-Party,105.0,0,0
City Hotel,1,19,2017,March,11,13,1,1,2,0.0,0,BB,FRA,Online TA,TA/TO,0,0,0,A,A,0,No Deposit,9.0,0,Transient,108.0,0,0
City Hotel,1,11,2017,March,11,13,1,1,2,0.0,0,BB,PRT,Groups,TA/TO,0,0,0,A,A,0,No Deposit,254.0,0,Transient-Party,105.0,0,0
City Hotel,1,190,2017,March,11,13,1,2,2,0.0,0,BB,IRL,Online TA,TA/TO,0,0,0,A,A,0,No Deposit,9.0,0,Transient,93.6,0,1
City Hotel,1,72,2017,March,11,13,1,2,2,0.0,0,BB,FRA,Online TA,TA/TO,0,0,0,A,A,2,No Deposit,9.0,0,Transient,97.2,0,1
City Hotel,1,13,2017,March,11,13,1,2,2,0.0,0,BB,LVA,Online TA,TA/TO,0,0,0,E,E,0,No Deposit,9.0,0,Transient,151.33,0,0
City Hotel,1,33,2017,March,11,13,1,3,2,0.0,0,BB,FRA,Direct,Direct,0,0,0,A,A,0,No Deposit,14.0,0,Transient,83.7,0,0
City Hotel,1,34,2017,March,11,13,1,3,2,0.0,0,BB,PRT,Offline TA/TO,TA/TO,0,0,0,A,A,0,No Deposit,28.0,0,Contract,68.0,0,0
City Hotel,1,74,2017,March,11,13,1,3,2,0.0,0,SC,PRT,Online TA,TA/TO,0,0,0,A,A,0,No Deposit,7.0,0,Transient,54.71,0,1
City Hotel,1,28,2017,March,11,13,1,3,2,0.0,0,BB,FRA,Online TA,TA/TO,0,0,0,A,A,2,No Deposit,9.0,0,Transient,96.05,0,0
City Hotel,1,56,2017,March,11,13,1,3,2,0.0,0,BB,BEL,Online TA,TA/TO,0,0,0,A,A,0,No Deposit,9.0,0,Transient,71.85,0,2
City Hotel,1,53,2017,March,11,13,1,4,2,0.0,0,SC,FRA,Online TA,TA/TO,0,0,0,A,A,0,No Deposit,9.0,0,Transient,74.8,0,0
City Hotel,1,69,2017,March,11,13,1,4,2,0.0,0,SC,ITA,Online TA,TA/TO,0,0,0,A,A,0,No Deposit,9.0,0,Transient,74.8,0,0
City Hotel,1,35,2017,March,11,13,1,4,2,0.0,0,BB,GBR,Online TA,TA/TO,0,0,0,D,D,0,No Deposit,9.0,0,Transient,105.4,0,0
City Hotel,1,138,2017,March,11,13,1,4,2,0.0,0,SC,FRA,Online TA,TA/TO,0,0,0,A,A,2,No Deposit,9.0,0,Transient,75.68,0,1
City Hotel,1,95,2017,March,11,13,2,5,2,0.0,0,BB,ARE,Online TA,TA/TO,0,0,0,D,D,0,No Deposit,9.0,0,Transient,109.3,0,1
City Hotel,1,1,2017,March,11,14,0,1,2,0.0,0,BB,PRT,Direct,Direct,0,0,0,A,A,2,No Deposit,,0,Transient,65.0,0,0
City Hotel,1,0,2017,March,11,14,0,1,2,0.0,0,BB,PRT,Direct,Direct,0,0,0,A,A,0,No Deposit,,0,Transient,12.0,0,0
City Hotel,1,97,2017,March,11,14,0,2,2,0.0,0,BB,PRT,Offline TA/TO,TA/TO,0,0,0,A,A,0,Non Refund,31.0,0,Transient,85.0,0,0
City Hotel,1,97,2017,March,11,14,0,2,2,0.0,0,BB,PRT,Offline TA/TO,TA/TO,0,0,0,A,A,0,Non Refund,31.0,0,Transient,85.0,0,0
City Hotel,1,97,2017,March,11,14,0,2,2,0.0,0,BB,PRT,Offline TA/TO,TA/TO,0,0,0,A,A,0,Non Refund,31.0,0,Transient,85.0,0,0
City Hotel,1,97,2017,March,11,14,0,2,2,0.0,0,BB,PRT,Offline TA/TO,TA/TO,0,0,0,A,A,0,Non Refund,31.0,0,Transient,85.0,0,0
City Hotel,1,97,2017,March,11,14,0,2,2,0.0,0,BB,PRT,Offline TA/TO,TA/TO,0,0,0,A,A,0,Non Refund,31.0,0,Transient,85.0,0,0
City Hotel,1,97,2017,March,11,14,0,2,2,0.0,0,BB,PRT,Offline TA/TO,TA/TO,0,0,0,A,A,0,Non Refund,31.0,0,Transient,85.0,0,0
City Hotel,1,97,2017,March,11,14,0,2,2,0.0,0,BB,PRT,Offline TA/TO,TA/TO,0,0,0,A,A,0,Non Refund,31.0,0,Transient,85.0,0,0
City Hotel,1,97,2017,March,11,14,0,2,2,0.0,0,BB,PRT,Offline TA/TO,TA/TO,0,0,0,A,A,0,Non Refund,31.0,0,Transient,85.0,0,0
City Hotel,1,113,2017,March,11,14,0,2,2,0.0,0,BB,PRT,Offline TA/TO,TA/TO,0,0,0,A,A,0,Non Refund,31.0,16,Transient,85.0,0,0
City Hotel,1,97,2017,March,11,14,0,2,2,0.0,0,BB,PRT,Offline TA/TO,TA/TO,0,0,0,A,A,0,Non Refund,31.0,0,Transient,85.0,0,0
City Hotel,1,146,2017,March,11,14,0,2,2,0.0,0,BB,NOR,Online TA,TA/TO,0,0,0,A,A,0,No Deposit,9.0,0,Transient,93.6,0,0
City Hotel,1,67,2017,March,11,14,0,3,2,0.0,0,BB,NLD,Online TA,TA/TO,0,0,0,D,D,0,No Deposit,9.0,0,Transient,106.2,0,0
City Hotel,1,96,2017,March,11,14,0,4,2,0.0,0,SC,ROU,Online TA,TA/TO,0,0,0,A,A,0,No Deposit,9.0,0,Transient,74.8,0,0
City Hotel,1,259,2017,March,11,14,0,4,2,0.0,0,BB,DEU,Online TA,TA/TO,0,0,0,A,A,0,No Deposit,9.0,0,Transient,85.0,0,1
City Hotel,1,50,2017,March,11,14,0,4,2,0.0,0,SC,FRA,Online TA,TA/TO,0,0,0,A,A,0,No Deposit,9.0,0,Transient,74.8,0,0
City Hotel,1,50,2017,March,11,14,0,4,2,0.0,0,SC,FRA,Online TA,TA/TO,0,0,0,A,A,0,No Deposit,9.0,0,Transient,74.8,0,0
City Hotel,1,130,2017,March,11,14,2,5,2,0.0,0,BB,DEU,Online TA,TA/TO,0,0,0,A,A,0,No Deposit,9.0,0,Transient,93.6,0,2
City Hotel,1,109,2017,March,11,15,0,1,2,0.0,0,SC,DEU,Online TA,TA/TO,0,0,0,A,A,0,No Deposit,9.0,0,Transient,79.2,0,0
City Hotel,1,37,2017,March,11,15,0,2,2,0.0,0,BB,PRT,Groups,TA/TO,0,0,0,A,A,0,Non Refund,378.0,0,Transient,110.0,0,0
City Hotel,1,37,2017,March,11,15,0,2,2,0.0,0,BB,PRT,Groups,TA/TO,0,0,0,A,A,0,Non Refund,378.0,0,Transient,110.0,0,0
City Hotel,1,42,2017,March,11,15,0,2,2,0.0,0,BB,PRT,Groups,TA/TO,0,0,0,A,A,0,Non Refund,378.0,5,Transient,110.0,0,0
City Hotel,1,37,2017,March,11,15,0,2,2,0.0,0,BB,PRT,Groups,TA/TO,0,0,0,A,A,0,Non Refund,378.0,0,Transient,110.0,0,0
City Hotel,1,37,2017,March,11,15,0,2,2,0.0,0,BB,PRT,Groups,TA/TO,0,0,0,A,A,0,Non Refund,378.0,0,Transient,110.0,0,0
City Hotel,1,37,2017,March,11,15,0,2,2,0.0,0,BB,PRT,Groups,TA/TO,0,0,0,A,A,0,Non Refund,378.0,0,Transient,110.0,0,0
City Hotel,1,37,2017,March,11,15,0,2,2,0.0,0,BB,PRT,Groups,TA/TO,0,0,0,A,A,0,Non Refund,378.0,0,Transient,110.0,0,0
City Hotel,1,37,2017,March,11,15,0,2,2,0.0,0,BB,PRT,Groups,TA/TO,0,0,0,A,A,0,Non Refund,378.0,0,Transient,110.0,0,0
City Hotel,1,37,2017,March,11,15,0,2,2,0.0,0,BB,PRT,Groups,TA/TO,0,0,0,A,A,0,Non Refund,378.0,0,Transient,110.0,0,0
City Hotel,1,37,2017,March,11,15,0,2,2,0.0,0,BB,PRT,Groups,TA/TO,0,0,0,A,A,0,Non Refund,378.0,0,Transient,110.0,0,0
City Hotel,1,37,2017,March,11,15,0,2,2,0.0,0,BB,PRT,Groups,TA/TO,0,0,0,A,A,0,Non Refund,378.0,0,Transient,110.0,0,0
City Hotel,1,37,2017,March,11,15,0,2,2,0.0,0,BB,PRT,Groups,TA/TO,0,0,0,A,A,0,Non Refund,378.0,0,Transient,110.0,0,0
City Hotel,1,37,2017,March,11,15,0,2,2,0.0,0,BB,PRT,Groups,TA/TO,0,0,0,A,A,0,Non Refund,378.0,0,Transient,110.0,0,0
City Hotel,1,37,2017,March,11,15,0,2,2,0.0,0,BB,PRT,Groups,TA/TO,0,0,0,A,A,0,Non Refund,378.0,0,Transient,110.0,0,0
City Hotel,1,37,2017,March,11,15,0,2,2,0.0,0,BB,PRT,Groups,TA/TO,0,0,0,A,A,0,Non Refund,378.0,0,Transient,110.0,0,0
City Hotel,1,37,2017,March,11,15,0,2,2,0.0,0,BB,PRT,Groups,TA/TO,0,0,0,A,A,0,Non Refund,378.0,0,Transient,110.0,0,0
City Hotel,1,37,2017,March,11,15,0,2,2,0.0,0,BB,PRT,Groups,TA/TO,0,0,0,A,A,0,Non Refund,378.0,0,Transient,110.0,0,0
City Hotel,1,37,2017,March,11,15,0,2,2,0.0,0,BB,PRT,Groups,TA/TO,0,0,0,A,A,0,Non Refund,378.0,0,Transient,110.0,0,0
City Hotel,1,37,2017,March,11,15,0,2,2,0.0,0,BB,PRT,Groups,TA/TO,0,0,0,A,A,0,Non Refund,378.0,0,Transient,110.0,0,0
City Hotel,1,37,2017,March,11,15,0,2,2,0.0,0,BB,PRT,Groups,TA/TO,0,0,0,A,A,0,Non Refund,378.0,0,Transient,110.0,0,0
City Hotel,1,37,2017,March,11,15,0,2,2,0.0,0,BB,PRT,Groups,TA/TO,0,0,0,A,A,0,Non Refund,378.0,0,Transient,110.0,0,0
City Hotel,1,37,2017,March,11,15,0,2,2,0.0,0,BB,PRT,Groups,TA/TO,0,0,0,A,A,0,Non Refund,378.0,0,Transient,110.0,0,0
City Hotel,1,37,2017,March,11,15,0,2,2,0.0,0,BB,PRT,Groups,TA/TO,0,0,0,A,A,0,Non Refund,378.0,0,Transient,110.0,0,0
City Hotel,1,37,2017,March,11,15,0,2,2,0.0,0,BB,PRT,Groups,TA/TO,0,0,0,A,A,0,Non Refund,378.0,0,Transient,110.0,0,0
City Hotel,1,37,2017,March,11,15,0,2,2,0.0,0,BB,PRT,Groups,TA/TO,0,0,0,A,A,0,Non Refund,378.0,0,Transient,110.0,0,0
City Hotel,1,92,2017,March,11,15,0,3,2,0.0,0,BB,PRT,Groups,Direct,0,0,0,A,A,0,Non Refund,,0,Transient,85.0,0,0
City Hotel,1,92,2017,March,11,15,0,3,2,0.0,0,BB,PRT,Groups,Direct,0,0,0,A,A,0,Non Refund,,0,Transient,85.0,0,0
City Hotel,1,92,2017,March,11,15,0,3,2,0.0,0,BB,PRT,Groups,Direct,0,0,0,A,A,0,Non Refund,,0,Transient,85.0,0,0
City Hotel,1,92,2017,March,11,15,0,3,2,0.0,0,BB,PRT,Groups,Direct,0,0,0,A,A,0,Non Refund,,0,Transient,85.0,0,0
City Hotel,1,29,2017,March,11,15,0,3,2,0.0,0,BB,CHN,Online TA,TA/TO,0,0,0,D,D,0,No Deposit,9.0,0,Transient,115.2,0,0
City Hotel,1,92,2017,March,11,15,0,3,2,0.0,0,BB,PRT,Groups,Direct,0,0,0,A,A,0,Non Refund,,0,Transient,85.0,0,0
City Hotel,1,92,2017,March,11,15,0,3,2,0.0,0,BB,PRT,Groups,Direct,0,0,0,A,A,0,Non Refund,,0,Transient,85.0,0,0
City Hotel,1,92,2017,March,11,15,0,3,2,0.0,0,BB,PRT,Groups,Direct,0,0,0,A,A,0,Non Refund,,0,Transient,85.0,0,0
City Hotel,1,92,2017,March,11,15,0,3,2,0.0,0,BB,PRT,Groups,Direct,0,0,0,A,A,0,Non Refund,,0,Transient,85.0,0,0
City Hotel,1,92,2017,March,11,15,0,3,2,0.0,0,BB,PRT,Groups,Direct,0,0,0,A,A,0,Non Refund,,0,Transient,85.0,0,0
City Hotel,1,92,2017,March,11,15,0,3,2,0.0,0,BB,PRT,Groups,Direct,0,0,0,A,A,0,Non Refund,,0,Transient,85.0,0,0
City Hotel,1,92,2017,March,11,15,0,3,2,0.0,0,BB,PRT,Groups,Direct,0,0,0,A,A,0,Non Refund,,0,Transient,85.0,0,0
City Hotel,1,92,2017,March,11,15,0,3,2,0.0,0,BB,PRT,Groups,Direct,0,0,0,A,A,0,Non Refund,,0,Transient,85.0,0,0
City Hotel,1,37,2017,March,11,15,0,2,2,0.0,0,BB,PRT,Groups,TA/TO,0,0,0,A,A,0,Non Refund,378.0,0,Transient,110.0,0,0
City Hotel,1,37,2017,March,11,15,0,2,2,0.0,0,BB,PRT,Groups,TA/TO,0,0,0,A,A,0,Non Refund,378.0,0,Transient,110.0,0,0
City Hotel,1,92,2017,March,11,15,0,3,2,0.0,0,BB,PRT,Groups,Direct,0,0,0,A,A,0,Non Refund,,0,Transient,85.0,0,0
City Hotel,1,92,2017,March,11,15,0,3,2,0.0,0,BB,PRT,Groups,Direct,0,0,0,A,A,0,Non Refund,,0,Transient,85.0,0,0
City Hotel,1,92,2017,March,11,15,0,3,2,0.0,0,BB,PRT,Groups,Direct,0,0,0,A,A,0,Non Refund,,0,Transient,85.0,0,0
City Hotel,1,92,2017,March,11,15,0,3,2,0.0,0,BB,PRT,Groups,Direct,0,0,0,A,A,0,Non Refund,,0,Transient,85.0,0,0
City Hotel,1,92,2017,March,11,15,0,3,2,0.0,0,BB,PRT,Groups,Direct,0,0,0,A,A,0,Non Refund,,0,Transient,85.0,0,0
City Hotel,1,92,2017,March,11,15,0,3,2,0.0,0,BB,PRT,Groups,Direct,0,0,0,A,A,0,Non Refund,,0,Transient,85.0,0,0
City Hotel,1,92,2017,March,11,15,0,3,2,0.0,0,BB,PRT,Groups,Direct,0,0,0,A,A,0,Non Refund,,0,Transient,85.0,0,0
City Hotel,1,92,2017,March,11,15,0,3,2,0.0,0,BB,PRT,Groups,Direct,0,0,0,A,A,0,Non Refund,,0,Transient,85.0,0,0
City Hotel,1,92,2017,March,11,15,0,3,2,0.0,0,BB,PRT,Groups,Direct,0,0,0,A,A,0,Non Refund,,0,Transient,85.0,0,0
City Hotel,1,92,2017,March,11,15,0,3,2,0.0,0,BB,PRT,Groups,Direct,0,0,0,A,A,0,Non Refund,,0,Transient,85.0,0,0
City Hotel,1,92,2017,March,11,15,0,3,2,0.0,0,BB,PRT,Groups,Direct,0,0,0,A,A,0,Non Refund,,0,Transient,85.0,0,0
City Hotel,1,92,2017,March,11,15,0,3,2,0.0,0,BB,PRT,Groups,Direct,0,0,0,A,A,0,Non Refund,,0,Transient,85.0,0,0
City Hotel,1,92,2017,March,11,15,0,3,2,0.0,0,BB,PRT,Groups,Direct,0,0,0,A,A,0,Non Refund,,0,Transient,85.0,0,0
City Hotel,1,92,2017,March,11,15,0,3,2,0.0,0,BB,PRT,Groups,Direct,0,0,0,A,A,0,Non Refund,,0,Transient,85.0,0,0
City Hotel,1,92,2017,March,11,15,0,3,2,0.0,0,BB,PRT,Groups,Direct,0,0,0,A,A,0,Non Refund,,0,Transient,85.0,0,0
City Hotel,1,92,2017,March,11,15,0,3,2,0.0,0,BB,PRT,Groups,Direct,0,0,0,A,A,0,Non Refund,,0,Transient,85.0,0,0
City Hotel,1,59,2017,March,11,15,0,3,2,0.0,0,HB,BRA,Online TA,TA/TO,0,0,0,A,A,0,No Deposit,7.0,0,Transient,102.56,0,2
City Hotel,1,92,2017,March,11,15,0,3,2,0.0,0,BB,PRT,Groups,Direct,0,0,0,A,A,0,Non Refund,,0,Transient,85.0,0,0
City Hotel,1,92,2017,March,11,15,0,3,2,0.0,0,BB,PRT,Groups,Direct,0,0,0,A,A,0,Non Refund,,0,Transient,85.0,0,0
City Hotel,1,130,2017,March,11,15,0,3,2,0.0,0,BB,PRT,Groups,Direct,0,0,0,A,A,0,Non Refund,,38,Transient,85.0,0,0
City Hotel,1,92,2017,March,11,15,0,3,2,0.0,0,BB,PRT,Groups,Direct,0,0,0,A,A,0,Non Refund,,0,Transient,85.0,0,0
City Hotel,1,92,2017,March,11,15,0,3,2,0.0,0,BB,PRT,Groups,Direct,0,0,0,A,A,0,Non Refund,,0,Transient,85.0,0,0
City Hotel,1,92,2017,March,11,15,0,3,2,0.0,0,BB,PRT,Groups,Direct,0,0,0,A,A,0,Non Refund,,0,Transient,85.0,0,0
City Hotel,1,92,2017,March,11,15,0,3,2,0.0,0,BB,PRT,Groups,Direct,0,0,0,A,A,0,Non Refund,,0,Transient,85.0,0,0
City Hotel,1,55,2017,March,11,15,0,3,2,0.0,0,SC,GBR,Online TA,TA/TO,0,0,0,A,A,0,No Deposit,9.0,0,Transient,79.2,0,1
City Hotel,1,92,2017,March,11,15,0,3,2,0.0,0,BB,PRT,Groups,Direct,0,0,0,A,A,0,Non Refund,,0,Transient,85.0,0,0
City Hotel,1,92,2017,March,11,15,0,3,2,0.0,0,BB,PRT,Groups,Direct,0,0,0,A,A,0,Non Refund,,0,Transient,85.0,0,0
City Hotel,1,92,2017,March,11,15,0,3,2,0.0,0,BB,PRT,Groups,Direct,0,0,0,A,A,0,Non Refund,,0,Transient,85.0,0,0
City Hotel,1,92,2017,March,11,15,0,3,2,0.0,0,BB,PRT,Groups,Direct,0,0,0,A,A,0,Non Refund,,0,Transient,85.0,0,0
City Hotel,1,59,2017,March,11,15,0,3,2,0.0,0,HB,PRT,Online TA,TA/TO,0,0,0,A,A,0,No Deposit,7.0,0,Transient,102.56,0,1
City Hotel,1,92,2017,March,11,15,0,3,2,0.0,0,BB,PRT,Groups,Direct,0,0,0,A,A,0,Non Refund,,0,Transient,85.0,0,0
City Hotel,1,92,2017,March,11,15,0,3,2,0.0,0,BB,PRT,Groups,Direct,0,0,0,A,A,0,Non Refund,,0,Transient,85.0,0,0
City Hotel,1,92,2017,March,11,15,0,3,2,0.0,0,BB,PRT,Groups,Direct,0,0,0,A,A,0,Non Refund,,0,Transient,85.0,0,0
City Hotel,1,92,2017,March,11,15,0,3,2,0.0,0,BB,PRT,Groups,Direct,0,0,0,A,A,0,Non Refund,,0,Transient,85.0,0,0
City Hotel,1,55,2017,March,11,15,0,3,2,0.0,0,SC,GBR,Online TA,TA/TO,0,0,0,A,A,0,No Deposit,9.0,0,Transient,79.2,0,1
City Hotel,1,92,2017,March,11,15,0,3,2,0.0,0,BB,PRT,Groups,Direct,0,0,0,A,A,0,Non Refund,,0,Transient,85.0,0,0
City Hotel,1,92,2017,March,11,15,0,3,2,0.0,0,BB,PRT,Groups,Direct,0,0,0,A,A,0,Non Refund,,0,Transient,85.0,0,0
City Hotel,1,92,2017,March,11,15,0,3,2,0.0,0,BB,PRT,Groups,Direct,0,0,0,A,A,0,Non Refund,,0,Transient,85.0,0,0
City Hotel,1,92,2017,March,11,15,0,3,2,0.0,0,BB,PRT,Groups,Direct,0,0,0,A,A,0,Non Refund,,0,Transient,85.0,0,0
City Hotel,1,92,2017,March,11,15,0,3,2,0.0,0,BB,PRT,Groups,Direct,0,0,0,A,A,0,Non Refund,,0,Transient,85.0,0,0
City Hotel,1,92,2017,March,11,15,0,3,2,0.0,0,BB,PRT,Groups,Direct,0,0,0,A,A,0,Non Refund,,0,Transient,85.0,0,0
City Hotel,1,92,2017,March,11,15,0,3,2,0.0,0,BB,PRT,Groups,Direct,0,0,0,A,A,0,Non Refund,,0,Transient,85.0,0,0
City Hotel,1,92,2017,March,11,15,0,3,2,0.0,0,BB,PRT,Groups,Direct,0,0,0,A,A,0,Non Refund,,0,Transient,85.0,0,0
City Hotel,1,92,2017,March,11,15,0,3,2,0.0,0,BB,PRT,Groups,Direct,0,0,0,A,A,0,Non Refund,,0,Transient,85.0,0,0
City Hotel,1,92,2017,March,11,15,0,3,2,0.0,0,BB,PRT,Groups,Direct,0,0,0,A,A,0,Non Refund,,0,Transient,85.0,0,0
City Hotel,1,92,2017,March,11,15,0,3,2,0.0,0,BB,PRT,Groups,Direct,0,0,0,A,A,0,Non Refund,,0,Transient,85.0,0,0
City Hotel,1,92,2017,March,11,15,0,3,2,0.0,0,BB,PRT,Groups,Direct,0,0,0,A,A,0,Non Refund,,0,Transient,85.0,0,0
City Hotel,1,107,2017,March,11,15,2,4,2,0.0,0,BB,ITA,Online TA,TA/TO,0,0,0,A,A,0,No Deposit,9.0,0,Transient,91.8,0,2
City Hotel,1,302,2017,March,11,15,2,5,2,0.0,0,BB,DEU,Online TA,TA/TO,0,0,0,A,A,0,No Deposit,9.0,0,Transient,77.35,0,0
City Hotel,1,140,2017,March,11,15,2,5,2,0.0,0,SC,ESP,Online TA,TA/TO,0,0,0,A,A,0,No Deposit,9.0,0,Transient,74.8,0,1
City Hotel,1,307,2017,March,11,15,2,5,2,0.0,0,BB,DEU,Online TA,TA/TO,0,0,0,A,A,0,No Deposit,9.0,0,Transient,77.35,0,0
City Hotel,1,45,2017,March,11,16,0,1,2,0.0,0,BB,USA,Online TA,TA/TO,0,0,0,A,A,0,No Deposit,9.0,0,Transient,97.2,0,0
City Hotel,1,25,2017,March,11,16,0,3,2,0.0,0,BB,NLD,Online TA,TA/TO,0,0,0,D,D,0,No Deposit,9.0,0,Transient,128.0,0,0
City Hotel,1,176,2017,March,11,16,0,3,2,0.0,0,SC,FRA,Online TA,TA/TO,0,0,0,A,A,0,No Deposit,9.0,0,Transient,79.2,0,1
City Hotel,1,3,2017,March,11,16,0,3,2,0.0,0,BB,PRT,Online TA,TA/TO,0,0,0,A,A,0,No Deposit,9.0,0,Transient,118.0,0,0
City Hotel,1,121,2017,March,11,16,0,3,2,0.0,0,BB,GRC,Online TA,TA/TO,0,0,0,A,A,0,No Deposit,9.0,0,Transient,93.6,0,0
City Hotel,1,3,2017,March,11,16,0,3,2,0.0,0,BB,PRT,Online TA,TA/TO,0,0,0,A,A,0,No Deposit,9.0,0,Transient,118.0,0,0
City Hotel,1,123,2017,March,11,16,0,3,2,0.0,0,SC,PRT,Online TA,TA/TO,0,0,0,A,A,0,No Deposit,7.0,0,Transient,60.98,0,0
City Hotel,1,3,2017,March,11,16,0,3,2,0.0,0,BB,PRT,Direct,Direct,0,0,0,A,A,0,No Deposit,,0,Transient,88.0,0,0
City Hotel,1,197,2017,March,11,16,0,3,2,0.0,0,SC,GBR,Online TA,TA/TO,0,0,0,A,A,0,No Deposit,9.0,0,Transient,79.2,0,2
City Hotel,1,205,2017,March,11,16,0,3,2,0.0,0,SC,TUR,Online TA,TA/TO,0,0,0,A,A,0,No Deposit,9.0,0,Transient,79.2,0,0
City Hotel,1,27,2017,March,11,16,0,3,2,0.0,0,BB,DEU,Online TA,TA/TO,0,0,0,D,D,0,No Deposit,9.0,0,Transient,128.0,0,0
City Hotel,1,53,2017,March,11,16,0,3,2,0.0,0,BB,BRA,Online TA,TA/TO,0,0,0,D,D,1,No Deposit,9.0,0,Transient,106.2,0,4
City Hotel,1,77,2017,March,11,16,0,3,2,0.0,0,BB,DNK,Online TA,TA/TO,0,0,0,D,D,0,No Deposit,9.0,0,Transient,106.2,0,0
City Hotel,1,131,2017,March,11,16,0,3,2,0.0,0,BB,FRA,Online TA,TA/TO,0,0,0,D,D,0,No Deposit,9.0,0,Transient,102.6,0,3
City Hotel,1,96,2017,March,11,16,0,3,2,0.0,0,SC,ESP,Online TA,TA/TO,0,0,0,A,A,0,No Deposit,9.0,0,Transient,79.2,0,2
City Hotel,1,52,2017,March,11,16,0,3,2,0.0,0,SC,BRA,Online TA,TA/TO,0,0,0,A,A,0,No Deposit,9.0,0,Transient,79.2,0,0
City Hotel,1,86,2017,March,11,16,0,3,2,0.0,0,BB,GBR,Online TA,TA/TO,0,0,0,A,A,0,No Deposit,9.0,0,Transient,97.2,0,1
City Hotel,1,169,2017,March,11,16,1,3,2,0.0,0,BB,LUX,Online TA,TA/TO,0,0,0,D,D,0,No Deposit,9.0,0,Transient,96.9,0,0
City Hotel,1,187,2017,March,11,16,1,3,2,0.0,0,BB,DEU,Online TA,TA/TO,0,0,0,A,A,0,No Deposit,9.0,0,Transient,104.0,0,0
City Hotel,1,72,2017,March,11,16,1,3,2,0.0,0,SC,ESP,Online TA,TA/TO,0,0,0,A,A,0,No Deposit,9.0,0,Transient,74.8,0,1
City Hotel,1,143,2017,March,11,16,1,3,2,0.0,0,SC,ITA,Online TA,TA/TO,0,0,0,A,A,0,No Deposit,9.0,0,Transient,74.8,0,0
City Hotel,1,143,2017,March,11,16,1,3,2,0.0,0,SC,ITA,Online TA,TA/TO,0,0,0,A,A,0,No Deposit,9.0,0,Transient,74.8,0,0
City Hotel,1,262,2017,March,11,16,2,3,2,0.0,0,BB,GBR,Online TA,TA/TO,0,0,0,A,A,0,No Deposit,9.0,0,Transient,85.0,0,1
City Hotel,1,111,2017,March,11,16,2,3,2,0.0,0,SC,ITA,Online TA,TA/TO,0,0,0,A,A,0,No Deposit,9.0,0,Transient,74.8,0,0
City Hotel,1,98,2017,March,11,16,2,3,2,0.0,0,SC,ITA,Online TA,TA/TO,0,0,0,A,A,0,No Deposit,9.0,0,Transient,74.8,0,2
City Hotel,1,0,2017,March,11,17,0,1,2,0.0,0,BB,PRT,Direct,Direct,0,0,0,A,A,0,No Deposit,,0,Transient,12.0,0,0
City Hotel,1,67,2017,March,11,17,0,1,2,0.0,0,SC,CN,Online TA,TA/TO,0,0,0,A,A,0,No Deposit,9.0,0,Transient,79.2,0,0
City Hotel,1,7,2017,March,11,17,0,2,2,0.0,0,BB,PRT,Direct,Direct,0,0,0,D,D,0,No Deposit,,0,Transient,95.0,0,0
City Hotel,1,114,2017,March,11,17,0,2,2,0.0,0,SC,FRA,Online TA,TA/TO,0,0,0,A,A,0,No Deposit,9.0,0,Transient,79.2,0,0
City Hotel,1,122,2017,March,11,17,0,2,2,0.0,0,BB,BRA,Online TA,TA/TO,0,0,0,A,A,0,No Deposit,9.0,0,Transient,93.6,0,0
City Hotel,1,16,2017,March,11,17,0,2,2,0.0,0,BB,PRT,Offline TA/TO,TA/TO,0,0,0,A,A,0,No Deposit,,0,Transient,75.0,0,1
City Hotel,1,129,2017,March,11,17,0,2,2,0.0,0,BB,PRT,Online TA,TA/TO,0,0,0,A,A,0,No Deposit,7.0,0,Transient,93.6,0,1
City Hotel,1,74,2017,March,11,17,0,2,2,0.0,0,BB,FRA,Online TA,TA/TO,0,0,0,D,D,0,No Deposit,9.0,0,Transient,106.2,0,1
City Hotel,1,74,2017,March,11,17,1,2,2,0.0,0,BB,GBR,Online TA,TA/TO,0,0,0,A,A,0,No Deposit,9.0,0,Transient,97.2,0,0
City Hotel,1,66,2017,March,11,17,1,2,2,0.0,0,BB,GBR,Online TA,TA/TO,0,0,0,A,A,0,No Deposit,9.0,0,Transient,97.2,0,0
City Hotel,1,60,2017,March,11,17,1,2,2,0.0,0,BB,ESP,Online TA,TA/TO,0,0,0,D,D,0,No Deposit,9.0,0,Transient,144.0,0,0
City Hotel,1,74,2017,March,11,17,1,2,2,0.0,0,BB,GBR,Online TA,TA/TO,0,0,0,A,A,0,No Deposit,9.0,0,Transient,97.2,0,0
City Hotel,1,50,2017,March,11,17,1,2,2,0.0,0,BB,ESP,Online TA,TA/TO,0,0,0,D,D,0,No Deposit,9.0,0,Transient,106.2,0,1
City Hotel,1,16,2017,March,11,17,1,2,2,0.0,0,BB,PRT,Offline TA/TO,TA/TO,0,0,0,A,A,0,No Deposit,,0,Transient,75.0,0,0
City Hotel,1,85,2017,March,11,17,1,2,2,0.0,0,BB,PRT,Online TA,TA/TO,0,0,0,A,A,0,No Deposit,7.0,0,Transient,74.84,0,0
City Hotel,1,70,2017,March,11,17,1,2,2,0.0,0,BB,FRA,Online TA,TA/TO,0,0,0,D,D,0,No Deposit,9.0,0,Transient,106.2,0,0
City Hotel,1,50,2017,March,11,17,1,2,2,0.0,0,BB,ESP,Online TA,TA/TO,0,0,0,D,D,0,No Deposit,9.0,0,Transient,115.2,0,1
City Hotel,1,47,2017,March,11,17,1,2,2,0.0,0,BB,ESP,Online TA,TA/TO,0,0,0,E,E,2,No Deposit,9.0,0,Transient,133.2,0,0
City Hotel,1,175,2017,March,11,17,1,2,2,0.0,0,SC,CHE,Online TA,TA/TO,0,0,0,A,A,0,No Deposit,9.0,0,Transient,79.2,0,1
City Hotel,1,66,2017,March,11,17,1,2,2,0.0,0,SC,GBR,Online TA,TA/TO,0,0,0,A,A,0,No Deposit,9.0,0,Transient,79.2,0,0
City Hotel,1,120,2017,March,11,17,1,2,2,0.0,0,BB,BRA,Online TA,TA/TO,0,0,0,A,A,0,No Deposit,9.0,0,Transient,93.6,0,2
City Hotel,1,74,2017,March,11,17,1,2,2,0.0,0,BB,GBR,Online TA,TA/TO,0,0,0,A,A,0,No Deposit,9.0,0,Transient,97.2,0,0
City Hotel,1,200,2017,March,11,17,1,2,2,0.0,0,SC,ESP,Online TA,TA/TO,0,0,0,A,A,0,No Deposit,9.0,0,Transient,79.2,0,2
City Hotel,1,238,2017,March,11,17,1,2,2,0.0,0,SC,NLD,Online TA,TA/TO,0,0,0,A,A,0,No Deposit,9.0,0,Transient,79.2,0,1
City Hotel,1,168,2017,March,11,17,1,2,2,0.0,0,HB,BEL,Online TA,TA/TO,0,0,0,A,A,0,No Deposit,9.0,0,Transient,127.8,0,1
City Hotel,1,8,2017,March,11,17,2,2,2,0.0,0,BB,PRT,Online TA,TA/TO,0,0,0,D,D,0,No Deposit,7.0,0,Transient,87.04,0,0
City Hotel,1,108,2017,March,11,17,2,2,2,0.0,0,BB,DEU,Online TA,TA/TO,0,0,0,A,A,0,No Deposit,9.0,0,Transient,91.8,0,0
City Hotel,1,98,2017,March,11,17,2,2,2,0.0,0,BB,PRT,Offline TA/TO,TA/TO,0,0,0,A,A,0,No Deposit,85.0,0,Transient,68.0,0,1
City Hotel,1,24,2017,March,11,17,2,2,2,0.0,0,BB,FRA,Online TA,TA/TO,0,0,0,D,D,0,No Deposit,9.0,0,Transient,104.55,0,0
City Hotel,1,55,2017,March,11,17,2,2,2,0.0,0,BB,AZE,Online TA,TA/TO,0,0,0,A,A,0,No Deposit,9.0,0,Transient,91.8,0,0
City Hotel,1,55,2017,March,11,17,2,2,2,0.0,0,BB,AZE,Online TA,TA/TO,0,0,0,A,A,0,No Deposit,9.0,0,Transient,91.8,0,0
City Hotel,1,69,2017,March,11,17,2,3,2,0.0,0,BB,PRT,Offline TA/TO,TA/TO,0,0,0,A,A,0,No Deposit,138.0,0,Transient,68.0,0,0
City Hotel,1,65,2017,March,11,17,2,3,2,0.0,0,BB,ITA,Online TA,TA/TO,0,0,0,D,D,0,No Deposit,9.0,0,Transient,104.55,0,0
City Hotel,1,161,2017,March,11,17,2,6,2,0.0,0,BB,EGY,Online TA,TA/TO,0,0,0,B,B,1,No Deposit,9.0,0,Transient,89.88,0,1
City Hotel,1,0,2017,March,11,18,0,1,2,0.0,0,BB,PRT,Direct,Direct,0,0,0,A,A,0,No Deposit,,0,Transient,12.0,0,0
City Hotel,1,93,2017,March,11,18,0,1,2,0.0,0,SC,ESP,Online TA,TA/TO,0,0,0,A,A,0,No Deposit,9.0,0,Transient,79.2,0,2
City Hotel,1,60,2017,March,11,18,0,1,2,0.0,0,BB,PRT,Online TA,TA/TO,0,0,0,A,A,0,No Deposit,9.0,0,Transient,106.2,0,0
City Hotel,1,110,2017,March,11,18,1,1,2,0.0,0,BB,USA,Online TA,TA/TO,0,0,0,D,D,2,No Deposit,9.0,0,Transient,106.2,0,2
City Hotel,1,98,2017,March,11,18,1,1,2,0.0,0,BB,PRT,Online TA,TA/TO,0,0,0,A,A,0,No Deposit,7.0,0,Transient,74.84,0,2
City Hotel,1,55,2017,March,11,18,1,1,2,0.0,0,BB,ISR,Online TA,TA/TO,0,0,0,D,D,0,No Deposit,9.0,0,Transient,106.2,0,1
City Hotel,1,46,2017,March,11,18,1,1,2,0.0,0,SC,PRT,Offline TA/TO,TA/TO,0,0,0,A,A,0,No Deposit,138.0,0,Transient,63.0,0,0
City Hotel,1,72,2017,March,11,18,1,1,2,0.0,0,BB,FRA,Online TA,TA/TO,0,0,0,D,D,0,No Deposit,9.0,0,Transient,106.2,0,0
City Hotel,1,101,2017,March,11,18,1,1,2,0.0,0,BB,DEU,Online TA,TA/TO,0,0,0,A,A,0,No Deposit,9.0,0,Transient,97.2,0,2
City Hotel,1,64,2017,March,11,18,2,1,2,0.0,0,BB,FRA,Online TA,TA/TO,0,0,0,A,A,0,No Deposit,9.0,0,Transient,97.2,0,0
City Hotel,1,25,2017,March,11,18,2,2,2,0.0,0,BB,KOR,Online TA,TA/TO,0,0,0,D,D,0,No Deposit,9.0,0,Transient,102.43,0,0
City Hotel,1,97,2017,March,11,18,2,2,2,0.0,0,SC,DEU,Online TA,TA/TO,0,0,0,A,A,0,No Deposit,9.0,0,Transient,74.8,0,0
City Hotel,1,7,2017,March,11,18,2,2,2,0.0,0,BB,PRT,Online TA,TA/TO,0,0,0,D,D,0,No Deposit,7.0,0,Transient,82.69,0,2
City Hotel,1,59,2017,March,11,18,2,3,2,0.0,0,BB,FRA,Online TA,TA/TO,0,0,0,D,D,1,No Deposit,9.0,0,Transient,100.3,0,0
City Hotel,1,19,2017,March,12,19,2,0,2,0.0,0,BB,FIN,Online TA,TA/TO,0,0,0,D,D,0,No Deposit,9.0,0,Transient,118.0,0,0
City Hotel,1,13,2017,March,12,19,2,0,2,0.0,0,BB,PRT,Online TA,TA/TO,0,0,0,D,D,0,No Deposit,9.0,0,Transient,118.0,0,0
City Hotel,1,19,2017,March,12,19,2,0,2,0.0,0,BB,FIN,Online TA,TA/TO,0,0,0,D,D,0,No Deposit,9.0,0,Transient,118.0,0,0
City Hotel,1,231,2017,March,12,19,2,2,2,0.0,0,BB,GBR,Online TA,TA/TO,0,0,0,A,A,0,No Deposit,9.0,0,Transient,85.0,0,0
City Hotel,1,26,2017,March,12,19,2,2,2,0.0,0,BB,FRA,Online TA,TA/TO,0,0,0,D,D,0,No Deposit,9.0,0,Transient,100.3,0,0
City Hotel,1,114,2017,March,12,19,2,2,2,0.0,0,SC,LUX,Online TA,TA/TO,0,0,0,A,A,0,No Deposit,9.0,0,Transient,74.8,0,0
City Hotel,1,114,2017,March,12,19,2,2,2,0.0,0,SC,LUX,Online TA,TA/TO,0,0,0,A,A,0,No Deposit,9.0,0,Transient,74.8,0,0
City Hotel,1,41,2017,March,12,19,2,2,2,0.0,0,SC,FRA,Online TA,TA/TO,0,0,0,A,A,0,No Deposit,9.0,0,Transient,74.8,0,1
City Hotel,1,71,2017,March,12,19,2,3,2,0.0,0,BB,SWE,Online TA,TA/TO,0,0,0,D,D,0,No Deposit,9.0,0,Transient,100.3,0,0
City Hotel,1,36,2017,March,12,19,2,4,2,0.0,0,BB,PRT,Online TA,TA/TO,0,0,0,A,A,1,No Deposit,8.0,0,Transient,93.22,0,0
City Hotel,1,47,2017,March,12,20,1,2,2,0.0,0,SC,GBR,Online TA,TA/TO,0,0,0,A,A,0,No Deposit,9.0,0,Transient,79.2,0,0
City Hotel,1,23,2017,March,12,20,1,2,2,0.0,0,SC,MAC,Online TA,TA/TO,0,0,0,A,A,0,No Deposit,9.0,0,Transient,79.2,0,0
City Hotel,1,30,2017,March,12,20,1,2,2,0.0,0,SC,ITA,Online TA,TA/TO,0,0,0,A,A,0,No Deposit,9.0,0,Transient,88.0,0,0
City Hotel,1,28,2017,March,12,20,1,2,2,0.0,0,SC,TUR,Online TA,TA/TO,0,0,0,A,A,0,No Deposit,9.0,0,Transient,88.0,0,0
City Hotel,1,175,2017,March,12,20,1,3,2,0.0,0,SC,BRA,Online TA,TA/TO,0,0,0,A,A,0,No Deposit,9.0,0,Transient,74.8,0,2
City Hotel,1,1,2017,March,12,20,1,3,2,0.0,0,BB,CHN,Online TA,TA/TO,0,0,0,E,E,0,No Deposit,9.0,0,Transient,138.15,0,0
City Hotel,1,33,2017,March,12,20,1,3,2,0.0,0,SC,AUT,Online TA,TA/TO,0,0,0,A,A,0,No Deposit,9.0,0,Transient,74.8,0,0
City Hotel,1,117,2017,March,12,20,1,3,2,0.0,0,SC,FRA,Online TA,TA/TO,0,0,0,A,A,0,No Deposit,9.0,0,Transient,74.8,0,0
City Hotel,1,13,2017,March,12,20,1,3,2,0.0,0,BB,FRA,Online TA,TA/TO,0,0,0,D,D,0,No Deposit,9.0,0,Transient,108.8,0,1
City Hotel,1,19,2017,March,12,20,1,3,2,0.0,0,BB,PRT,Online TA,TA/TO,0,0,0,D,D,0,No Deposit,85.0,0,Transient,80.24,0,0
City Hotel,1,8,2017,March,12,20,1,3,2,0.0,0,SC,DEU,Online TA,TA/TO,0,0,0,A,A,0,No Deposit,9.0,0,Transient,83.3,0,0
City Hotel,1,50,2017,March,12,20,1,3,2,0.0,0,BB,PRT,Online TA,TA/TO,0,0,0,A,A,0,No Deposit,8.0,0,Transient,91.8,0,0
City Hotel,1,22,2017,March,12,20,1,3,2,0.0,0,SC,ITA,Online TA,TA/TO,0,0,0,A,A,0,No Deposit,9.0,0,Transient,74.8,0,0
City Hotel,1,29,2017,March,12,20,1,3,2,0.0,0,SC,FRA,Online TA,TA/TO,0,0,0,A,A,0,No Deposit,9.0,0,Transient,74.8,0,0
City Hotel,1,22,2017,March,12,20,1,3,2,0.0,0,SC,ITA,Online TA,TA/TO,0,0,0,A,A,0,No Deposit,9.0,0,Transient,74.8,0,0
City Hotel,1,18,2017,March,12,20,1,3,2,0.0,0,BB,FRA,Online TA,TA/TO,0,0,0,D,D,0,No Deposit,9.0,0,Transient,100.3,0,0
City Hotel,1,52,2017,March,12,20,1,4,2,0.0,0,BB,GBR,Online TA,TA/TO,0,0,0,A,A,2,No Deposit,9.0,0,Transient,92.88,0,0
City Hotel,1,61,2017,March,12,20,1,4,2,0.0,0,BB,FRA,Online TA,TA/TO,0,0,0,D,D,0,No Deposit,9.0,0,Transient,100.3,0,1
City Hotel,1,22,2017,March,12,20,1,4,2,0.0,0,BB,CHN,Online TA,TA/TO,0,0,0,D,D,0,No Deposit,9.0,0,Transient,91.8,0,0
City Hotel,1,162,2017,March,12,20,1,4,2,0.0,0,BB,PRT,Online TA,TA/TO,0,0,0,A,A,0,No Deposit,7.0,0,Transient,68.07,0,1
City Hotel,1,76,2017,March,12,20,1,4,2,0.0,0,BB,FRA,Online TA,TA/TO,0,0,0,D,D,0,No Deposit,9.0,0,Transient,100.3,0,2
City Hotel,1,47,2017,March,12,21,0,2,2,0.0,0,HB,FRA,Online TA,TA/TO,0,0,0,E,E,0,No Deposit,9.0,0,Transient,167.4,0,0
City Hotel,1,56,2017,March,12,21,0,3,2,0.0,0,BB,PRT,Offline TA/TO,TA/TO,0,0,0,A,A,0,Non Refund,86.0,0,Transient,85.0,0,0
City Hotel,1,56,2017,March,12,21,0,3,2,0.0,0,BB,PRT,Offline TA/TO,TA/TO,0,0,0,A,A,0,Non Refund,86.0,0,Transient,85.0,0,0
City Hotel,1,56,2017,March,12,21,0,3,2,0.0,0,BB,PRT,Offline TA/TO,TA/TO,0,0,0,A,A,0,Non Refund,86.0,0,Transient,85.0,0,0
City Hotel,1,56,2017,March,12,21,0,3,2,0.0,0,BB,PRT,Offline TA/TO,TA/TO,0,0,0,A,A,0,Non Refund,86.0,0,Transient,85.0,0,0
City Hotel,1,56,2017,March,12,21,0,3,2,0.0,0,BB,PRT,Offline TA/TO,TA/TO,0,0,0,A,A,0,Non Refund,86.0,0,Transient,85.0,0,0
City Hotel,1,136,2017,March,12,21,0,3,2,0.0,0,BB,AUT,Online TA,TA/TO,0,0,0,A,A,0,No Deposit,9.0,0,Transient,93.6,0,1
City Hotel,1,136,2017,March,12,21,0,3,2,0.0,0,BB,AUT,Online TA,TA/TO,0,0,0,A,A,0,No Deposit,9.0,0,Transient,93.6,0,1
City Hotel,1,56,2017,March,12,21,0,3,2,0.0,0,BB,PRT,Offline TA/TO,TA/TO,0,0,0,A,A,0,Non Refund,86.0,0,Transient,85.0,0,0
City Hotel,1,56,2017,March,12,21,0,3,2,0.0,0,BB,PRT,Offline TA/TO,TA/TO,0,0,0,A,A,0,Non Refund,86.0,0,Transient,85.0,0,0
City Hotel,1,56,2017,March,12,21,0,3,2,0.0,0,BB,PRT,Offline TA/TO,TA/TO,0,0,0,A,A,0,Non Refund,86.0,0,Transient,85.0,0,0
City Hotel,1,56,2017,March,12,21,0,3,2,0.0,0,BB,PRT,Offline TA/TO,TA/TO,0,0,0,A,A,0,Non Refund,86.0,0,Transient,85.0,0,0
City Hotel,1,136,2017,March,12,21,0,3,2,0.0,0,BB,AUT,Online TA,TA/TO,0,0,0,A,A,0,No Deposit,9.0,0,Transient,93.6,0,1
City Hotel,1,195,2017,March,12,21,0,3,2,0.0,0,SC,CHE,Online TA,TA/TO,0,0,0,A,A,0,No Deposit,9.0,0,Transient,79.2,0,2
City Hotel,1,136,2017,March,12,21,0,3,2,0.0,0,BB,AUT,Online TA,TA/TO,0,0,0,A,A,0,No Deposit,9.0,0,Transient,93.6,0,1
City Hotel,1,136,2017,March,12,21,0,3,2,0.0,0,BB,AUT,Online TA,TA/TO,0,0,0,A,A,0,No Deposit,9.0,0,Transient,93.6,0,1
City Hotel,1,56,2017,March,12,21,0,3,2,0.0,0,BB,PRT,Offline TA/TO,TA/TO,0,0,0,A,A,0,Non Refund,86.0,0,Transient,85.0,0,0
City Hotel,1,56,2017,March,12,21,0,3,2,0.0,0,BB,PRT,Offline TA/TO,TA/TO,0,0,0,A,A,0,Non Refund,86.0,0,Transient,85.0,0,0
City Hotel,1,56,2017,March,12,21,0,3,2,0.0,0,BB,PRT,Offline TA/TO,TA/TO,0,0,0,A,A,0,Non Refund,86.0,0,Transient,85.0,0,0
City Hotel,1,56,2017,March,12,21,0,3,2,0.0,0,BB,PRT,Offline TA/TO,TA/TO,0,0,0,A,A,0,Non Refund,86.0,0,Transient,85.0,0,0
City Hotel,1,56,2017,March,12,21,0,3,2,0.0,0,BB,PRT,Offline TA/TO,TA/TO,0,0,0,A,A,0,Non Refund,86.0,0,Transient,85.0,0,0
City Hotel,1,56,2017,March,12,21,0,3,2,0.0,0,BB,PRT,Offline TA/TO,TA/TO,0,0,0,A,A,0,Non Refund,86.0,0,Transient,85.0,0,0
City Hotel,1,37,2017,March,12,21,0,3,2,0.0,0,SC,CHE,Online TA,TA/TO,0,0,0,A,A,0,No Deposit,9.0,0,Transient,88.0,0,0
City Hotel,1,56,2017,March,12,21,0,3,2,0.0,0,BB,PRT,Offline TA/TO,TA/TO,0,0,0,A,A,0,Non Refund,86.0,0,Transient,85.0,0,0
City Hotel,1,56,2017,March,12,21,0,3,2,0.0,0,BB,PRT,Offline TA/TO,TA/TO,0,0,0,A,A,0,Non Refund,86.0,0,Transient,85.0,0,0
City Hotel,1,56,2017,March,12,21,0,3,2,0.0,0,BB,PRT,Offline TA/TO,TA/TO,0,0,0,A,A,0,Non Refund,86.0,0,Transient,85.0,0,0
City Hotel,1,56,2017,March,12,21,0,3,2,0.0,0,BB,PRT,Offline TA/TO,TA/TO,0,0,0,A,A,0,Non Refund,86.0,0,Transient,85.0,0,0
City Hotel,1,56,2017,March,12,21,0,3,2,0.0,0,BB,PRT,Offline TA/TO,TA/TO,0,0,0,A,A,0,Non Refund,86.0,0,Transient,85.0,0,0
City Hotel,1,77,2017,March,12,21,0,3,2,0.0,0,BB,ITA,Online TA,TA/TO,0,0,0,D,D,0,No Deposit,9.0,0,Transient,106.2,0,0
City Hotel,1,56,2017,March,12,21,0,3,2,0.0,0,BB,PRT,Offline TA/TO,TA/TO,0,0,0,A,A,0,Non Refund,86.0,0,Transient,85.0,0,0
City Hotel,1,56,2017,March,12,21,0,3,2,0.0,0,BB,PRT,Offline TA/TO,TA/TO,0,0,0,A,A,0,Non Refund,86.0,0,Transient,85.0,0,0
City Hotel,1,56,2017,March,12,21,0,3,2,0.0,0,BB,PRT,Offline TA/TO,TA/TO,0,0,0,A,A,0,Non Refund,86.0,0,Transient,85.0,0,0
City Hotel,1,56,2017,March,12,21,0,3,2,0.0,0,BB,PRT,Offline TA/TO,TA/TO,0,0,0,A,A,0,Non Refund,86.0,0,Transient,85.0,0,0
City Hotel,1,56,2017,March,12,21,0,3,2,0.0,0,BB,PRT,Offline TA/TO,TA/TO,0,0,0,A,A,0,Non Refund,86.0,0,Transient,85.0,0,0
City Hotel,1,56,2017,March,12,21,0,3,2,0.0,0,BB,PRT,Offline TA/TO,TA/TO,0,0,0,A,A,0,Non Refund,86.0,0,Transient,85.0,0,0
City Hotel,1,56,2017,March,12,21,0,3,2,0.0,0,BB,PRT,Offline TA/TO,TA/TO,0,0,0,A,A,0,Non Refund,86.0,0,Transient,85.0,0,0
City Hotel,1,56,2017,March,12,21,0,3,2,0.0,0,BB,PRT,Offline TA/TO,TA/TO,0,0,0,A,A,0,Non Refund,86.0,0,Transient,85.0,0,0
City Hotel,1,56,2017,March,12,21,0,3,2,0.0,0,BB,PRT,Offline TA/TO,TA/TO,0,0,0,A,A,0,Non Refund,86.0,0,Transient,85.0,0,0
City Hotel,1,56,2017,March,12,21,0,3,2,0.0,0,BB,PRT,Offline TA/TO,TA/TO,0,0,0,A,A,0,Non Refund,86.0,0,Transient,85.0,0,0
City Hotel,1,56,2017,March,12,21,0,3,2,0.0,0,BB,PRT,Offline TA/TO,TA/TO,0,0,0,A,A,0,Non Refund,86.0,0,Transient,85.0,0,0
City Hotel,1,136,2017,March,12,21,0,3,2,0.0,0,BB,AUT,Online TA,TA/TO,0,0,0,A,A,0,No Deposit,9.0,0,Transient,93.6,0,1
City Hotel,1,99,2017,March,12,21,0,3,2,0.0,0,BB,PRT,Offline TA/TO,TA/TO,0,0,0,A,A,0,Non Refund,86.0,43,Transient,85.0,0,0
City Hotel,1,56,2017,March,12,21,0,3,2,0.0,0,BB,PRT,Offline TA/TO,TA/TO,0,0,0,A,A,0,Non Refund,86.0,0,Transient,85.0,0,0
City Hotel,1,56,2017,March,12,21,0,3,2,0.0,0,BB,PRT,Offline TA/TO,TA/TO,0,0,0,A,A,0,Non Refund,86.0,0,Transient,85.0,0,0
City Hotel,1,56,2017,March,12,21,0,3,2,0.0,0,BB,PRT,Offline TA/TO,TA/TO,0,0,0,A,A,0,Non Refund,86.0,0,Transient,85.0,0,0
City Hotel,1,56,2017,March,12,21,0,3,2,0.0,0,BB,PRT,Offline TA/TO,TA/TO,0,0,0,A,A,0,Non Refund,86.0,0,Transient,85.0,0,0
City Hotel,1,56,2017,March,12,21,0,3,2,0.0,0,BB,PRT,Offline TA/TO,TA/TO,0,0,0,A,A,0,Non Refund,86.0,0,Transient,85.0,0,0
City Hotel,1,56,2017,March,12,21,0,3,2,0.0,0,BB,PRT,Offline TA/TO,TA/TO,0,0,0,A,A,0,Non Refund,86.0,0,Transient,85.0,0,0
City Hotel,1,56,2017,March,12,21,0,3,2,0.0,0,BB,PRT,Offline TA/TO,TA/TO,0,0,0,A,A,0,Non Refund,86.0,0,Transient,85.0,0,0
City Hotel,1,56,2017,March,12,21,0,3,2,0.0,0,BB,PRT,Offline TA/TO,TA/TO,0,0,0,A,A,0,Non Refund,86.0,0,Transient,85.0,0,0
City Hotel,1,56,2017,March,12,21,0,3,2,0.0,0,BB,PRT,Offline TA/TO,TA/TO,0,0,0,A,A,0,Non Refund,86.0,0,Transient,85.0,0,0
City Hotel,1,56,2017,March,12,21,0,3,2,0.0,0,BB,PRT,Offline TA/TO,TA/TO,0,0,0,A,A,0,Non Refund,86.0,0,Transient,85.0,0,0
City Hotel,1,136,2017,March,12,21,0,3,2,0.0,0,BB,AUT,Online TA,TA/TO,0,0,0,A,A,0,No Deposit,9.0,0,Transient,93.6,0,1
City Hotel,1,56,2017,March,12,21,0,3,2,0.0,0,BB,PRT,Offline TA/TO,TA/TO,0,0,0,A,A,0,Non Refund,86.0,0,Transient,85.0,0,0
City Hotel,1,56,2017,March,12,21,0,3,2,0.0,0,BB,PRT,Offline TA/TO,TA/TO,0,0,0,A,A,0,Non Refund,86.0,0,Transient,85.0,0,0
City Hotel,1,56,2017,March,12,21,0,3,2,0.0,0,BB,PRT,Offline TA/TO,TA/TO,0,0,0,A,A,0,Non Refund,86.0,0,Transient,85.0,0,0
City Hotel,1,56,2017,March,12,21,0,3,2,0.0,0,BB,PRT,Offline TA/TO,TA/TO,0,0,0,A,A,0,Non Refund,86.0,0,Transient,85.0,0,0
City Hotel,1,56,2017,March,12,21,0,3,2,0.0,0,BB,PRT,Offline TA/TO,TA/TO,0,0,0,A,A,0,Non Refund,86.0,0,Transient,85.0,0,0
City Hotel,1,56,2017,March,12,21,0,3,2,0.0,0,BB,PRT,Offline TA/TO,TA/TO,0,0,0,A,A,0,Non Refund,86.0,0,Transient,85.0,0,0
City Hotel,1,56,2017,March,12,21,0,3,2,0.0,0,BB,PRT,Offline TA/TO,TA/TO,0,0,0,A,A,0,Non Refund,86.0,0,Transient,85.0,0,0
City Hotel,1,56,2017,March,12,21,0,3,2,0.0,0,BB,PRT,Offline TA/TO,TA/TO,0,0,0,A,A,0,Non Refund,86.0,0,Transient,85.0,0,0
City Hotel,1,56,2017,March,12,21,0,3,2,0.0,0,BB,PRT,Offline TA/TO,TA/TO,0,0,0,A,A,0,Non Refund,86.0,0,Transient,85.0,0,0
City Hotel,1,56,2017,March,12,21,0,3,2,0.0,0,BB,PRT,Offline TA/TO,TA/TO,0,0,0,A,A,0,Non Refund,86.0,0,Transient,85.0,0,0
City Hotel,1,56,2017,March,12,21,0,3,2,0.0,0,BB,PRT,Offline TA/TO,TA/TO,0,0,0,A,A,0,Non Refund,86.0,0,Transient,85.0,0,0
City Hotel,1,56,2017,March,12,21,0,3,2,0.0,0,BB,PRT,Offline TA/TO,TA/TO,0,0,0,A,A,0,Non Refund,86.0,0,Transient,85.0,0,0
City Hotel,1,56,2017,March,12,21,0,3,2,0.0,0,BB,PRT,Offline TA/TO,TA/TO,0,0,0,A,A,0,Non Refund,86.0,0,Transient,85.0,0,0
City Hotel,1,56,2017,March,12,21,0,3,2,0.0,0,BB,PRT,Offline TA/TO,TA/TO,0,0,0,A,A,0,Non Refund,86.0,0,Transient,85.0,0,0
City Hotel,1,56,2017,March,12,21,0,3,2,0.0,0,BB,PRT,Offline TA/TO,TA/TO,0,0,0,A,A,0,Non Refund,86.0,0,Transient,85.0,0,0
City Hotel,1,56,2017,March,12,21,0,3,2,0.0,0,BB,PRT,Offline TA/TO,TA/TO,0,0,0,A,A,0,Non Refund,86.0,0,Transient,85.0,0,0
City Hotel,1,56,2017,March,12,21,0,3,2,0.0,0,BB,PRT,Offline TA/TO,TA/TO,0,0,0,A,A,0,Non Refund,86.0,0,Transient,85.0,0,0
City Hotel,1,56,2017,March,12,21,0,3,2,0.0,0,BB,PRT,Offline TA/TO,TA/TO,0,0,0,A,A,0,Non Refund,86.0,0,Transient,85.0,0,0
City Hotel,1,136,2017,March,12,21,0,3,2,0.0,0,BB,AUT,Online TA,TA/TO,0,0,0,A,A,0,No Deposit,9.0,0,Transient,93.6,0,1
City Hotel,1,238,2017,March,12,21,0,4,2,0.0,0,BB,TUR,Online TA,TA/TO,0,0,0,A,A,0,No Deposit,9.0,0,Transient,85.0,0,1
City Hotel,1,28,2017,March,12,21,0,4,2,0.0,0,BB,CHN,Online TA,TA/TO,0,0,0,D,D,0,No Deposit,9.0,0,Transient,92.18,0,0
City Hotel,1,33,2017,March,12,21,0,4,2,0.0,0,BB,DEU,Online TA,TA/TO,0,0,0,D,D,0,No Deposit,9.0,0,Transient,102.43,0,0
City Hotel,1,172,2017,March,12,21,0,4,2,0.0,0,HB,ITA,Online TA,TA/TO,0,0,0,A,A,0,No Deposit,9.0,0,Transient,120.7,0,1
City Hotel,1,0,2017,March,12,22,0,1,2,0.0,0,BB,PRT,Direct,Direct,0,0,0,A,A,0,No Deposit,,0,Transient,12.0,0,0
City Hotel,1,59,2017,March,12,22,0,1,2,0.0,0,SC,FRA,Online TA,TA/TO,0,0,0,A,A,0,No Deposit,7.0,0,Transient,60.98,0,0
City Hotel,1,6,2017,March,12,22,0,1,2,0.0,0,BB,PRT,Online TA,TA/TO,0,0,0,A,C,0,No Deposit,86.0,0,Transient,94.4,0,0
City Hotel,1,1,2017,March,12,22,0,1,2,0.0,0,SC,ESP,Online TA,TA/TO,0,0,0,A,A,0,No Deposit,9.0,0,Transient,89.0,0,0
City Hotel,1,20,2017,March,12,22,0,2,2,0.0,0,BB,PRT,Direct,Direct,0,0,0,A,A,0,No Deposit,,0,Transient-Party,98.0,0,0
City Hotel,1,20,2017,March,12,22,0,2,2,0.0,0,BB,PRT,Direct,Direct,0,0,0,A,A,0,No Deposit,,0,Transient-Party,98.0,0,0
City Hotel,1,9,2017,March,12,22,0,2,2,0.0,0,SC,BEL,Online TA,TA/TO,0,0,0,A,A,0,No Deposit,9.0,0,Transient,98.0,0,0
City Hotel,1,20,2017,March,12,22,0,2,2,0.0,0,BB,PRT,Direct,Direct,0,0,0,A,A,0,No Deposit,,0,Transient-Party,98.0,0,0
City Hotel,1,20,2017,March,12,22,0,2,2,0.0,0,BB,PRT,Direct,Direct,0,0,0,A,A,0,No Deposit,,0,Transient-Party,98.0,0,0
City Hotel,1,52,2017,March,12,22,0,2,2,0.0,0,BB,BEL,Online TA,TA/TO,0,0,0,A,A,0,No Deposit,9.0,0,Transient,97.2,0,0
City Hotel,1,48,2017,March,12,22,0,3,2,0.0,0,SC,FRA,Online TA,TA/TO,0,0,0,A,A,0,No Deposit,9.0,0,Transient,79.2,0,0
City Hotel,1,46,2017,March,12,22,0,3,2,0.0,0,BB,PRT,Online TA,TA/TO,0,0,0,G,G,0,No Deposit,8.0,0,Transient,231.33,0,1
City Hotel,1,88,2017,March,12,22,0,4,2,0.0,0,BB,ITA,Online TA,TA/TO,0,0,0,D,D,0,No Deposit,9.0,0,Transient,100.3,0,1
City Hotel,1,120,2017,March,12,22,1,4,2,0.0,0,HB,DEU,Online TA,TA/TO,0,0,0,D,D,0,No Deposit,9.0,0,Transient,134.3,0,0
City Hotel,1,73,2017,March,12,22,0,4,2,0.0,0,BB,DEU,Online TA,TA/TO,0,0,0,D,D,0,No Deposit,9.0,0,Transient,100.3,0,0
City Hotel,1,59,2017,March,12,22,0,4,2,0.0,0,BB,BRA,Online TA,TA/TO,0,0,0,D,D,0,No Deposit,9.0,0,Transient,100.3,0,0
City Hotel,1,18,2017,March,12,23,0,1,2,0.0,0,BB,ISR,Online TA,TA/TO,0,0,0,A,A,0,No Deposit,9.0,0,Transient,108.0,0,1
City Hotel,1,95,2017,March,12,23,0,1,2,0.0,0,SC,PRT,Online TA,TA/TO,0,0,0,A,A,0,No Deposit,9.0,0,Transient,79.2,0,0
City Hotel,1,38,2017,March,12,23,0,2,2,0.0,0,SC,PRT,Online TA,TA/TO,0,0,0,A,A,0,No Deposit,8.0,0,Transient,93.0,0,0
City Hotel,1,128,2017,March,12,23,0,3,2,0.0,0,SC,IRL,Online TA,TA/TO,0,0,0,A,A,0,No Deposit,9.0,0,Transient,79.2,0,1
City Hotel,1,270,2017,March,12,23,0,3,2,0.0,0,BB,DEU,Online TA,TA/TO,0,0,0,A,A,0,No Deposit,9.0,0,Transient,90.0,0,3
City Hotel,1,101,2017,March,12,23,0,3,2,0.0,0,BB,HUN,Online TA,TA/TO,0,0,0,D,D,0,No Deposit,9.0,0,Transient,106.2,0,0
City Hotel,1,146,2017,March,12,23,0,3,2,0.0,0,BB,DEU,Online TA,TA/TO,0,0,0,A,A,0,No Deposit,9.0,0,Transient,93.6,0,1
City Hotel,1,38,2017,March,12,23,0,3,2,0.0,0,SC,TUR,Online TA,TA/TO,0,0,0,A,A,0,No Deposit,9.0,0,Transient,91.33,0,0
City Hotel,1,64,2017,March,12,23,0,3,2,0.0,0,BB,HUN,Online TA,TA/TO,0,0,0,D,D,0,No Deposit,9.0,0,Transient,106.2,0,0
City Hotel,1,79,2017,March,12,23,0,3,2,0.0,0,BB,HUN,Online TA,TA/TO,0,0,0,D,D,0,No Deposit,9.0,0,Transient,106.2,0,0
City Hotel,1,281,2017,March,12,23,0,3,2,0.0,0,BB,GBR,Online TA,TA/TO,0,0,0,A,A,0,No Deposit,9.0,0,Transient,90.0,0,2
City Hotel,1,65,2017,March,12,23,0,3,2,0.0,0,BB,FRA,Online TA,TA/TO,0,0,0,E,E,0,No Deposit,9.0,0,Transient,133.2,0,0
City Hotel,1,187,2017,March,12,23,0,3,2,0.0,0,BB,ITA,Online TA,TA/TO,0,0,0,A,A,0,No Deposit,9.0,0,Transient,93.6,0,1
City Hotel,1,128,2017,March,12,23,0,3,2,0.0,0,SC,IRL,Online TA,TA/TO,0,0,0,A,A,0,No Deposit,9.0,0,Transient,79.2,0,1
City Hotel,1,74,2017,March,12,23,1,3,2,0.0,0,BB,DEU,Online TA,TA/TO,0,0,0,D,D,0,No Deposit,9.0,0,Transient,100.3,0,0
City Hotel,1,100,2017,March,12,23,1,3,2,0.0,0,BB,RUS,Online TA,TA/TO,0,0,0,D,D,0,No Deposit,9.0,0,Transient,100.3,0,1
City Hotel,1,100,2017,March,12,23,1,3,2,0.0,0,BB,RUS,Online TA,TA/TO,0,0,0,D,D,0,No Deposit,9.0,0,Transient,100.3,0,0
City Hotel,1,90,2017,March,12,23,1,3,2,0.0,0,BB,NOR,Online TA,TA/TO,0,0,0,D,D,0,No Deposit,9.0,0,Transient,100.3,0,0
City Hotel,1,102,2017,March,12,23,1,3,2,0.0,0,BB,RUS,Online TA,TA/TO,0,0,0,D,D,0,No Deposit,9.0,0,Transient,100.3,0,1
City Hotel,1,111,2017,March,12,23,1,3,2,0.0,0,BB,DEU,Online TA,TA/TO,0,0,0,D,D,0,No Deposit,9.0,0,Transient,100.3,0,0
City Hotel,1,126,2017,March,12,23,0,3,2,0.0,0,BB,EST,Online TA,TA/TO,0,0,0,A,A,0,No Deposit,9.0,0,Transient,93.6,0,2
City Hotel,1,306,2017,March,12,23,1,3,2,0.0,0,SC,GBR,Online TA,TA/TO,0,0,0,A,A,0,No Deposit,9.0,0,Transient,67.15,0,2
City Hotel,1,57,2017,March,12,23,1,3,2,0.0,0,BB,ITA,Online TA,TA/TO,0,0,0,D,D,0,No Deposit,9.0,0,Transient,100.3,0,0
City Hotel,1,74,2017,March,12,23,1,3,2,0.0,0,BB,DEU,Online TA,TA/TO,0,0,0,D,D,0,No Deposit,9.0,0,Transient,100.3,0,0
City Hotel,1,29,2017,March,12,23,2,3,2,0.0,0,SC,DEU,Online TA,TA/TO,0,0,0,A,A,0,No Deposit,9.0,0,Transient,78.2,0,1
City Hotel,1,29,2017,March,12,23,2,3,2,0.0,0,BB,PRT,Direct,Direct,0,0,0,E,E,0,No Deposit,,0,Transient,132.3,0,2
City Hotel,1,130,2017,March,12,23,2,5,2,0.0,0,BB,FRA,Online TA,TA/TO,0,0,0,A,A,1,No Deposit,155.0,0,Transient,110.0,0,1
City Hotel,1,72,2017,March,12,24,0,1,2,0.0,0,SC,CHE,Online TA,TA/TO,0,0,0,A,G,2,No Deposit,9.0,0,Transient,79.2,0,0
City Hotel,1,256,2017,March,12,24,0,2,2,0.0,0,BB,ITA,Online TA,TA/TO,0,0,0,A,A,0,No Deposit,9.0,0,Transient,90.0,0,0
City Hotel,1,77,2017,March,12,24,0,2,2,0.0,0,BB,FRA,Online TA,TA/TO,0,0,0,D,D,0,No Deposit,9.0,0,Transient,106.2,0,0
City Hotel,1,256,2017,March,12,24,0,2,2,0.0,0,BB,ITA,Online TA,TA/TO,0,0,0,A,A,0,No Deposit,9.0,0,Transient,90.0,0,0
City Hotel,1,77,2017,March,12,24,0,2,2,0.0,0,BB,FRA,Online TA,TA/TO,0,0,0,D,D,0,No Deposit,9.0,0,Transient,106.2,0,0
City Hotel,1,256,2017,March,12,24,0,2,2,0.0,0,BB,ITA,Online TA,TA/TO,0,0,0,A,A,0,No Deposit,9.0,0,Transient,90.0,0,0
City Hotel,1,64,2017,March,12,24,0,2,2,0.0,0,BB,PRT,Offline TA/TO,TA/TO,0,0,0,D,D,0,No Deposit,85.0,0,Transient,81.0,0,0
City Hotel,1,256,2017,March,12,24,0,2,2,0.0,0,BB,ITA,Online TA,TA/TO,0,0,0,A,A,0,No Deposit,9.0,0,Transient,90.0,0,0
City Hotel,1,77,2017,March,12,24,0,2,2,0.0,0,BB,FRA,Online TA,TA/TO,0,0,0,D,D,0,No Deposit,9.0,0,Transient,106.2,0,0
City Hotel,1,126,2017,March,12,24,0,2,2,0.0,0,BB,ESP,Online TA,TA/TO,0,0,0,A,A,0,No Deposit,9.0,0,Transient,97.2,0,0
City Hotel,1,111,2017,March,12,24,0,2,2,0.0,0,BB,ESP,Online TA,TA/TO,0,0,0,D,D,0,No Deposit,9.0,0,Transient,106.2,0,0
City Hotel,1,74,2017,March,12,24,0,2,2,0.0,0,BB,LUX,Online TA,TA/TO,0,0,0,E,E,0,No Deposit,9.0,0,Transient,124.2,0,2
City Hotel,1,256,2017,March,12,24,0,2,2,0.0,0,BB,ITA,Online TA,TA/TO,0,0,0,A,A,0,No Deposit,9.0,0,Transient,90.0,0,0
City Hotel,1,77,2017,March,12,24,0,2,2,0.0,0,BB,FRA,Online TA,TA/TO,0,0,0,D,D,0,No Deposit,9.0,0,Transient,106.2,0,0
City Hotel,1,39,2017,March,12,24,1,2,2,0.0,0,SC,BRA,Online TA,TA/TO,0,0,0,A,B,1,No Deposit,9.0,0,Transient,91.33,0,3
City Hotel,1,111,2017,March,12,24,1,2,2,0.0,0,BB,POL,Online TA,TA/TO,0,0,0,D,D,0,No Deposit,9.0,0,Transient,106.2,0,1
City Hotel,1,111,2017,March,12,24,1,2,2,0.0,0,BB,POL,Online TA,TA/TO,0,0,0,D,D,0,No Deposit,9.0,0,Transient,106.2,0,1
City Hotel,1,111,2017,March,12,24,1,2,2,0.0,0,BB,POL,Online TA,TA/TO,0,0,0,D,D,0,No Deposit,9.0,0,Transient,106.2,0,1
City Hotel,1,76,2017,March,12,24,1,2,2,0.0,0,BB,DEU,Online TA,TA/TO,0,0,0,D,D,0,No Deposit,9.0,0,Transient,106.2,0,1
City Hotel,1,111,2017,March,12,24,1,2,2,0.0,0,BB,POL,Online TA,TA/TO,0,0,0,D,D,0,No Deposit,9.0,0,Transient,106.2,0,1
City Hotel,1,41,2017,March,12,24,1,2,2,0.0,0,BB,ITA,Online TA,TA/TO,0,0,0,D,D,0,No Deposit,9.0,0,Transient,121.33,0,0
City Hotel,1,143,2017,March,12,24,1,2,2,0.0,0,BB,BEL,Online TA,TA/TO,0,0,0,A,A,0,No Deposit,9.0,0,Transient,93.6,0,2
City Hotel,1,126,2017,March,12,24,1,2,2,0.0,0,BB,DEU,Online TA,TA/TO,0,0,0,A,A,0,No Deposit,9.0,0,Transient,93.6,0,2
City Hotel,1,39,2017,March,12,24,1,2,2,0.0,0,SC,BRA,Online TA,TA/TO,0,0,0,A,B,1,No Deposit,9.0,0,Transient,91.33,0,3
City Hotel,1,74,2017,March,12,24,2,2,2,0.0,0,BB,DEU,Online TA,TA/TO,0,0,0,E,E,0,No Deposit,9.0,0,Transient,117.3,0,2
City Hotel,1,202,2017,March,12,24,2,2,2,0.0,0,BB,HUN,Online TA,TA/TO,0,0,0,B,B,1,No Deposit,9.0,0,Transient,77.86,0,1
City Hotel,1,202,2017,March,12,24,2,2,2,0.0,0,BB,HUN,Online TA,TA/TO,0,0,0,B,B,1,No Deposit,9.0,0,Transient,77.86,0,1
City Hotel,1,75,2017,March,12,24,2,2,2,0.0,0,BB,NOR,Online TA,TA/TO,0,0,0,D,D,0,No Deposit,9.0,0,Transient,100.3,0,0
City Hotel,1,173,2017,March,12,24,2,6,2,0.0,0,BB,ARE,Online TA,TA/TO,0,0,0,B,B,1,No Deposit,9.0,0,Transient,84.73,0,0
City Hotel,1,305,2017,March,12,25,0,1,2,0.0,0,SC,CN,Online TA,TA/TO,0,0,0,A,A,0,No Deposit,9.0,0,Transient,71.1,0,2
City Hotel,1,305,2017,March,12,25,0,1,2,0.0,0,SC,CN,Online TA,TA/TO,0,0,0,A,A,0,No Deposit,9.0,0,Transient,71.1,0,2
City Hotel,1,119,2017,March,12,25,0,1,2,0.0,0,SC,GBR,Online TA,TA/TO,0,0,0,A,A,0,No Deposit,9.0,0,Transient,79.2,0,1
City Hotel,1,6,2017,March,12,25,0,1,2,0.0,0,SC,GBR,Online TA,TA/TO,0,0,0,A,A,0,No Deposit,9.0,0,Transient,98.0,0,0
City Hotel,1,46,2017,March,12,25,1,1,2,0.0,0,BB,PRT,Offline TA/TO,TA/TO,0,0,0,A,A,0,No Deposit,28.0,0,Contract,68.0,0,0
City Hotel,1,278,2017,March,12,25,2,1,2,0.0,0,BB,PRT,Offline TA/TO,TA/TO,0,0,0,A,A,0,Non Refund,6.0,0,Transient,90.0,0,0
City Hotel,1,278,2017,March,12,25,2,1,2,0.0,0,BB,PRT,Offline TA/TO,TA/TO,0,0,0,A,A,0,Non Refund,6.0,0,Transient,90.0,0,0
City Hotel,1,278,2017,March,12,25,2,1,2,0.0,0,BB,PRT,Offline TA/TO,TA/TO,0,0,0,A,A,0,Non Refund,6.0,0,Transient,90.0,0,0
City Hotel,1,157,2017,March,12,25,2,1,2,0.0,0,BB,GBR,Online TA,TA/TO,0,0,0,A,A,0,No Deposit,9.0,0,Transient,93.6,0,0
City Hotel,1,278,2017,March,12,25,2,1,2,0.0,0,BB,PRT,Offline TA/TO,TA/TO,0,0,0,A,A,0,Non Refund,6.0,0,Transient,90.0,0,0
City Hotel,1,278,2017,March,12,25,2,1,2,0.0,0,BB,PRT,Offline TA/TO,TA/TO,0,0,0,A,A,0,Non Refund,6.0,0,Transient,90.0,0,0
City Hotel,1,278,2017,March,12,25,2,1,2,0.0,0,BB,PRT,Offline TA/TO,TA/TO,0,0,0,A,A,0,Non Refund,6.0,0,Transient,90.0,0,0
City Hotel,1,278,2017,March,12,25,2,1,2,0.0,0,BB,PRT,Offline TA/TO,TA/TO,0,0,0,A,A,0,Non Refund,6.0,0,Transient,90.0,0,0
City Hotel,1,278,2017,March,12,25,2,1,2,0.0,0,BB,PRT,Offline TA/TO,TA/TO,0,0,0,A,A,0,Non Refund,6.0,0,Transient,90.0,0,0
City Hotel,1,278,2017,March,12,25,2,1,2,0.0,0,BB,PRT,Offline TA/TO,TA/TO,0,0,0,A,A,0,Non Refund,6.0,0,Transient,90.0,0,0
City Hotel,1,278,2017,March,12,25,2,1,2,0.0,0,BB,PRT,Offline TA/TO,TA/TO,0,0,0,A,A,0,Non Refund,6.0,0,Transient,90.0,0,0
City Hotel,1,278,2017,March,12,25,2,1,2,0.0,0,BB,PRT,Offline TA/TO,TA/TO,0,0,0,A,A,0,Non Refund,6.0,0,Transient,90.0,0,0
City Hotel,1,278,2017,March,12,25,2,1,2,0.0,0,BB,PRT,Offline TA/TO,TA/TO,0,0,0,A,A,0,Non Refund,6.0,0,Transient,90.0,0,0
City Hotel,1,278,2017,March,12,25,2,1,2,0.0,0,BB,PRT,Offline TA/TO,TA/TO,0,0,0,A,A,0,Non Refund,6.0,0,Transient,90.0,0,0
City Hotel,1,145,2017,March,12,25,2,1,2,0.0,0,BB,FRA,Online TA,TA/TO,0,0,0,A,A,0,No Deposit,9.0,0,Transient,93.6,0,1
City Hotel,1,278,2017,March,12,25,2,1,2,0.0,0,BB,PRT,Offline TA/TO,TA/TO,0,0,0,A,A,0,Non Refund,6.0,0,Transient,90.0,0,0
City Hotel,1,278,2017,March,12,25,2,1,2,0.0,0,BB,PRT,Offline TA/TO,TA/TO,0,0,0,A,A,0,Non Refund,6.0,0,Transient,90.0,0,0
City Hotel,1,278,2017,March,12,25,2,1,2,0.0,0,BB,PRT,Offline TA/TO,TA/TO,0,0,0,A,A,0,Non Refund,6.0,0,Transient,90.0,0,0
City Hotel,1,278,2017,March,12,25,2,1,2,0.0,0,BB,PRT,Offline TA/TO,TA/TO,0,0,0,A,A,0,Non Refund,6.0,0,Transient,90.0,0,0
City Hotel,1,166,2017,March,12,25,2,2,2,0.0,0,BB,AUT,Online TA,TA/TO,0,0,0,A,A,0,No Deposit,9.0,0,Transient,88.4,0,1
City Hotel,1,166,2017,March,12,25,2,2,2,0.0,0,BB,AUT,Online TA,TA/TO,0,0,0,A,A,0,No Deposit,9.0,0,Transient,88.4,0,1
City Hotel,1,166,2017,March,12,25,2,2,2,0.0,0,BB,AUT,Online TA,TA/TO,0,0,0,A,A,0,No Deposit,9.0,0,Transient,88.4,0,1
City Hotel,1,166,2017,March,12,25,2,2,2,0.0,0,BB,AUT,Online TA,TA/TO,0,0,0,A,A,0,No Deposit,9.0,0,Transient,88.4,0,1
City Hotel,1,166,2017,March,12,25,2,2,2,0.0,0,BB,AUT,Online TA,TA/TO,0,0,0,A,A,0,No Deposit,9.0,0,Transient,88.4,0,1
City Hotel,1,166,2017,March,12,25,2,2,2,0.0,0,BB,AUT,Online TA,TA/TO,0,0,0,A,A,0,No Deposit,9.0,0,Transient,88.4,0,1
City Hotel,1,166,2017,March,12,25,2,2,2,0.0,0,BB,AUT,Online TA,TA/TO,0,0,0,A,A,0,No Deposit,9.0,0,Transient,88.4,0,1
City Hotel,1,166,2017,March,12,25,2,2,2,0.0,0,BB,AUT,Online TA,TA/TO,0,0,0,A,A,0,No Deposit,9.0,0,Transient,88.4,0,1
City Hotel,1,166,2017,March,12,25,2,2,2,0.0,0,BB,AUT,Online TA,TA/TO,0,0,0,A,A,0,No Deposit,9.0,0,Transient,88.4,0,1
City Hotel,1,124,2017,March,12,25,2,4,2,0.0,0,BB,GBR,Online TA,TA/TO,0,0,0,A,A,0,No Deposit,9.0,0,Transient,91.8,0,0
City Hotel,1,38,2017,March,12,25,2,5,2,0.0,0,SC,ARG,Online TA,TA/TO,0,0,0,A,A,0,No Deposit,9.0,0,Transient,80.87,0,0
City Hotel,1,42,2017,March,12,25,2,6,2,0.0,0,BB,BRA,Online TA,TA/TO,0,0,0,D,D,0,No Deposit,9.0,0,Transient,109.95,0,0
City Hotel,1,66,2017,March,13,26,1,0,2,0.0,0,SC,NOR,Online TA,TA/TO,0,0,0,A,A,0,No Deposit,9.0,0,Transient,79.2,0,0
City Hotel,1,112,2017,March,13,26,1,0,2,0.0,0,SC,USA,Online TA,TA/TO,0,0,0,A,A,0,No Deposit,9.0,0,Transient,79.2,0,2
City Hotel,1,206,2017,March,13,26,2,1,2,0.0,0,HB,PRT,Groups,TA/TO,0,0,0,A,A,0,No Deposit,296.0,0,Transient-Party,114.0,0,0
City Hotel,1,74,2017,March,13,26,2,1,2,0.0,0,BB,PRT,Offline TA/TO,TA/TO,0,0,0,D,D,0,No Deposit,85.0,0,Transient,81.0,0,1
City Hotel,1,206,2017,March,13,26,2,1,2,0.0,0,HB,PRT,Groups,TA/TO,0,0,0,A,A,0,No Deposit,296.0,0,Transient-Party,114.0,0,0
City Hotel,1,206,2017,March,13,26,2,1,2,0.0,0,HB,PRT,Groups,TA/TO,0,0,0,A,A,0,No Deposit,296.0,0,Transient-Party,114.0,0,0
City Hotel,1,53,2017,March,13,26,2,1,2,0.0,0,BB,FRA,Online TA,TA/TO,0,0,0,D,D,0,No Deposit,9.0,0,Transient,106.2,0,0
City Hotel,1,206,2017,March,13,26,2,1,2,0.0,0,HB,PRT,Groups,TA/TO,0,0,0,A,A,0,No Deposit,296.0,0,Transient-Party,114.0,0,0
City Hotel,1,75,2017,March,13,26,2,1,2,0.0,0,BB,PRT,Groups,TA/TO,0,0,0,A,A,0,No Deposit,296.0,0,Transient-Party,72.0,0,0
City Hotel,1,31,2017,March,13,26,2,2,2,0.0,0,BB,IRL,Online TA,TA/TO,0,0,0,D,D,0,No Deposit,9.0,0,Transient,106.68,0,0
City Hotel,1,70,2017,March,13,26,2,2,2,0.0,0,HB,HUN,Online TA,TA/TO,0,0,0,D,D,0,No Deposit,9.0,0,Transient,136.0,0,2
City Hotel,1,56,2017,March,13,26,2,2,2,0.0,0,BB,GBR,Online TA,TA/TO,0,0,0,D,D,0,No Deposit,9.0,0,Transient,100.3,0,0
City Hotel,1,95,2017,March,13,26,2,3,2,0.0,0,BB,NLD,Online TA,TA/TO,0,0,0,A,A,0,No Deposit,9.0,0,Transient,91.8,0,1
City Hotel,1,170,2017,March,13,26,2,4,2,0.0,0,BB,FRA,Online TA,TA/TO,0,0,0,D,D,0,No Deposit,9.0,0,Transient,96.9,0,0
City Hotel,1,187,2017,March,13,26,2,4,2,0.0,0,HB,FRA,Online TA,TA/TO,0,0,0,A,A,0,No Deposit,9.0,0,Transient,120.7,0,1
City Hotel,1,200,2017,March,13,26,2,5,2,0.0,0,SC,BRA,Online TA,TA/TO,0,0,0,A,A,0,No Deposit,9.0,0,Transient,91.14,0,1
City Hotel,1,16,2017,March,13,27,1,0,2,0.0,0,BB,ESP,Online TA,TA/TO,0,0,0,D,D,0,No Deposit,9.0,0,Transient,128.0,0,0
City Hotel,1,34,2017,March,13,27,1,2,2,0.0,0,BB,GBR,Online TA,TA/TO,0,0,0,D,D,0,No Deposit,9.0,0,Transient,128.0,0,0
City Hotel,1,46,2017,March,13,27,1,2,2,0.0,0,BB,IRL,Online TA,TA/TO,0,0,0,A,A,0,No Deposit,9.0,0,Transient,106.2,0,0
City Hotel,1,47,2017,March,13,27,1,2,2,0.0,0,BB,IRL,Online TA,TA/TO,0,0,0,D,D,0,No Deposit,9.0,0,Transient,115.2,0,0
City Hotel,1,46,2017,March,13,27,1,2,2,0.0,0,BB,IRL,Online TA,TA/TO,0,0,0,A,A,0,No Deposit,9.0,0,Transient,106.2,0,0
City Hotel,1,117,2017,March,13,27,1,3,2,0.0,0,BB,FRA,Online TA,TA/TO,0,0,0,A,A,0,No Deposit,9.0,0,Transient,91.8,0,0
City Hotel,1,55,2017,March,13,27,1,3,2,0.0,0,HB,ITA,Online TA,TA/TO,0,0,0,D,D,0,No Deposit,9.0,0,Transient,134.3,0,0
City Hotel,1,90,2017,March,13,27,1,3,2,0.0,0,BB,FRA,Online TA,TA/TO,0,0,0,D,D,0,No Deposit,9.0,0,Transient,100.3,0,1
City Hotel,1,82,2017,March,13,27,1,3,2,0.0,0,SC,ITA,Online TA,TA/TO,0,0,0,A,A,0,No Deposit,9.0,0,Transient,74.8,0,0
City Hotel,1,134,2017,March,13,27,1,4,2,0.0,0,SC,FRA,Online TA,TA/TO,0,0,0,A,A,0,No Deposit,9.0,0,Transient,74.8,0,1
City Hotel,1,53,2017,March,13,27,1,4,2,0.0,0,HB,ITA,Online TA,TA/TO,0,0,0,D,D,0,No Deposit,9.0,0,Transient,132.6,0,0
City Hotel,1,106,2017,March,13,28,0,2,2,0.0,0,SC,CHE,Online TA,TA/TO,0,0,0,A,A,0,No Deposit,9.0,0,Transient,79.2,0,0
City Hotel,1,120,2017,March,13,28,0,3,2,0.0,0,SC,CN,Direct,Direct,0,0,0,A,A,0,No Deposit,14.0,0,Transient,88.0,0,0
City Hotel,1,138,2017,March,13,28,0,4,2,0.0,0,BB,DEU,Online TA,TA/TO,0,0,0,D,D,1,No Deposit,9.0,0,Transient,100.3,0,2
City Hotel,1,97,2017,March,13,28,0,4,2,0.0,0,BB,PRT,Offline TA/TO,TA/TO,0,0,0,A,A,0,No Deposit,132.0,0,Transient,68.0,0,0
City Hotel,1,221,2017,March,13,28,0,4,2,0.0,0,BB,FRA,Online TA,TA/TO,0,0,0,A,A,0,No Deposit,9.0,0,Transient,88.4,0,0
City Hotel,1,106,2017,March,13,28,0,5,2,0.0,0,SC,USA,Online TA,TA/TO,0,0,0,A,A,0,No Deposit,9.0,0,Transient,79.64,0,2
City Hotel,1,66,2017,March,13,28,0,5,2,0.0,0,BB,FIN,Online TA,TA/TO,0,0,0,A,A,0,No Deposit,9.0,0,Transient,96.84,0,0
City Hotel,1,22,2017,March,13,28,1,5,2,0.0,0,BB,THA,Online TA,TA/TO,0,0,0,E,E,0,No Deposit,9.0,0,Transient,165.33,0,1
City Hotel,1,57,2017,March,13,29,0,2,2,0.0,0,BB,ITA,Online TA,TA/TO,0,0,0,A,A,0,No Deposit,9.0,0,Transient,97.2,0,0
City Hotel,1,44,2017,March,13,29,0,3,2,0.0,0,SC,PRT,Offline TA/TO,TA/TO,0,0,0,A,A,0,No Deposit,28.0,0,Transient,70.0,0,0
City Hotel,1,73,2017,March,13,29,0,3,2,0.0,0,HB,GBR,Online TA,TA/TO,0,0,0,D,D,0,No Deposit,9.0,0,Transient,144.0,0,0
City Hotel,1,74,2017,March,13,29,0,3,2,0.0,0,SC,CZE,Online TA,TA/TO,0,0,0,A,A,0,No Deposit,9.0,0,Transient,79.2,0,2
City Hotel,1,92,2017,March,13,29,0,3,2,0.0,0,BB,DEU,Online TA,TA/TO,0,0,0,A,A,0,No Deposit,9.0,0,Transient,97.2,0,1
City Hotel,1,40,2017,March,13,29,0,3,2,0.0,0,BB,FRA,Online TA,TA/TO,0,0,0,E,E,0,No Deposit,9.0,0,Transient,158.0,0,0
City Hotel,1,238,2017,March,13,29,0,4,2,0.0,0,BB,GBR,Online TA,TA/TO,0,0,0,A,A,0,No Deposit,9.0,0,Transient,91.2,0,1
City Hotel,1,76,2017,March,13,29,0,4,2,0.0,0,BB,AUT,Online TA,TA/TO,0,0,0,E,E,0,No Deposit,9.0,0,Transient,138.15,0,3
City Hotel,1,56,2017,March,13,29,1,4,2,0.0,0,BB,DEU,Online TA,TA/TO,0,0,0,A,A,0,No Deposit,9.0,0,Transient,101.88,0,0
City Hotel,1,76,2017,March,13,29,2,4,2,0.0,0,BB,AUT,Online TA,TA/TO,0,0,0,E,E,0,No Deposit,9.0,0,Transient,143.1,0,0
City Hotel,1,26,2017,March,13,29,2,5,2,0.0,0,BB,PRT,Direct,Direct,0,0,0,A,A,0,No Deposit,,0,Transient,100.0,0,1
City Hotel,1,109,2017,March,13,30,0,1,2,0.0,0,BB,CN,Online TA,TA/TO,0,0,0,A,A,0,No Deposit,9.0,0,Transient,97.2,0,2
City Hotel,1,71,2017,March,13,30,0,1,2,0.0,0,BB,PRT,Online TA,TA/TO,0,0,0,A,A,0,No Deposit,9.0,0,Transient,97.2,0,0
City Hotel,1,85,2017,March,13,30,0,2,2,0.0,0,SC,DEU,Online TA,TA/TO,0,0,0,A,A,0,No Deposit,9.0,0,Transient,79.2,0,0
City Hotel,1,52,2017,March,13,30,0,2,2,0.0,0,SC,USA,Online TA,TA/TO,0,0,0,A,A,0,No Deposit,9.0,0,Transient,88.2,0,0
City Hotel,1,138,2017,March,13,30,0,2,2,0.0,0,BB,SWE,Online TA,TA/TO,0,0,0,A,A,0,No Deposit,9.0,0,Transient,93.6,0,0
City Hotel,1,278,2017,March,13,30,0,3,2,0.0,0,BB,IRL,Online TA,TA/TO,0,0,0,A,A,0,No Deposit,9.0,0,Transient,96.6,0,1
City Hotel,1,109,2017,March,13,30,0,3,2,0.0,0,SC,FRA,Online TA,TA/TO,0,0,0,A,A,4,No Deposit,9.0,0,Transient,85.8,0,0
City Hotel,1,56,2017,March,13,30,0,3,2,0.0,0,BB,AUT,Online TA,TA/TO,0,0,0,A,A,0,No Deposit,9.0,0,Transient,103.8,0,1
City Hotel,1,81,2017,March,13,30,0,3,2,0.0,0,SC,AUT,Online TA,TA/TO,0,0,0,A,A,4,No Deposit,9.0,0,Transient,85.8,0,1
City Hotel,1,33,2017,March,13,30,0,3,2,0.0,0,SC,DEU,Online TA,TA/TO,0,0,0,A,A,0,No Deposit,9.0,0,Transient,105.33,0,0
City Hotel,1,48,2017,March,13,30,0,3,2,0.0,0,BB,PRT,Online TA,TA/TO,0,0,0,D,D,0,No Deposit,7.0,0,Transient,89.1,0,0
City Hotel,1,81,2017,March,13,30,0,3,2,0.0,0,SC,AUT,Online TA,TA/TO,0,0,0,A,A,4,No Deposit,9.0,0,Transient,85.8,0,1
City Hotel,1,56,2017,March,13,30,0,3,2,0.0,0,BB,AUT,Online TA,TA/TO,0,0,0,A,A,0,No Deposit,9.0,0,Transient,103.8,0,1
City Hotel,1,73,2017,March,13,30,0,3,2,0.0,0,SC,GBR,Online TA,TA/TO,0,0,0,A,A,0,No Deposit,9.0,0,Transient,85.8,0,0
City Hotel,1,64,2017,March,13,30,0,3,2,0.0,0,BB,PRT,Offline TA/TO,TA/TO,0,0,0,A,A,0,No Deposit,42.0,0,Transient,72.0,0,0
City Hotel,1,160,2017,March,13,30,1,3,2,0.0,0,BB,ROU,Online TA,TA/TO,0,0,0,B,B,1,No Deposit,9.0,0,Transient,90.46,0,2
City Hotel,1,60,2017,March,13,30,1,3,2,0.0,0,BB,FRA,Online TA,TA/TO,0,0,0,A,A,0,No Deposit,9.0,0,Transient,104.4,0,0
City Hotel,1,70,2017,March,13,30,2,3,2,0.0,0,SC,PRT,Online TA,TA/TO,0,0,0,A,A,0,No Deposit,8.0,0,Transient,89.32,0,0
City Hotel,1,63,2017,March,13,30,1,3,2,0.0,0,SC,ITA,Online TA,TA/TO,0,0,0,A,A,0,No Deposit,9.0,0,Transient,86.9,0,0
City Hotel,1,55,2017,March,13,30,1,3,2,0.0,0,SC,IRL,Online TA,TA/TO,0,0,0,A,A,0,No Deposit,9.0,0,Transient,91.15,0,1
City Hotel,1,25,2017,March,13,31,0,1,2,0.0,0,HB,PRT,Online TA,TA/TO,0,0,0,D,D,0,No Deposit,9.0,0,Transient,166.0,0,0
City Hotel,1,80,2017,March,13,31,0,2,2,0.0,0,BB,PRT,Offline TA/TO,TA/TO,0,0,0,A,A,0,Non Refund,56.0,0,Transient,90.0,0,0
City Hotel,1,80,2017,March,13,31,0,2,2,0.0,0,BB,PRT,Offline TA/TO,TA/TO,0,0,0,A,A,0,Non Refund,56.0,0,Transient,90.0,0,0
City Hotel,1,80,2017,March,13,31,0,2,2,0.0,0,BB,PRT,Offline TA/TO,TA/TO,0,0,0,A,A,0,Non Refund,56.0,0,Transient,90.0,0,0
City Hotel,1,80,2017,March,13,31,0,2,2,0.0,0,BB,PRT,Offline TA/TO,TA/TO,0,0,0,A,A,0,Non Refund,56.0,0,Transient,90.0,0,0
City Hotel,1,80,2017,March,13,31,0,2,2,0.0,0,BB,PRT,Offline TA/TO,TA/TO,0,0,0,A,A,0,Non Refund,56.0,0,Transient,90.0,0,0
City Hotel,1,80,2017,March,13,31,0,2,2,0.0,0,BB,PRT,Offline TA/TO,TA/TO,0,0,0,A,A,0,Non Refund,56.0,0,Transient,90.0,0,0
City Hotel,1,80,2017,March,13,31,0,2,2,0.0,0,BB,PRT,Offline TA/TO,TA/TO,0,0,0,A,A,0,Non Refund,56.0,0,Transient,90.0,0,0
City Hotel,1,80,2017,March,13,31,0,2,2,0.0,0,BB,PRT,Offline TA/TO,TA/TO,0,0,0,A,A,0,Non Refund,56.0,0,Transient,90.0,0,0
City Hotel,1,44,2017,March,13,31,0,2,2,0.0,0,SC,GBR,Online TA,TA/TO,0,0,0,A,A,0,No Deposit,9.0,0,Transient,93.6,0,2
City Hotel,1,80,2017,March,13,31,0,2,2,0.0,0,BB,PRT,Offline TA/TO,TA/TO,0,0,0,A,A,0,Non Refund,56.0,0,Transient,90.0,0,0
City Hotel,1,80,2017,March,13,31,0,2,2,0.0,0,BB,PRT,Offline TA/TO,TA/TO,0,0,0,A,A,0,Non Refund,56.0,0,Transient,90.0,0,0
City Hotel,1,80,2017,March,13,31,0,2,2,0.0,0,BB,PRT,Offline TA/TO,TA/TO,0,0,0,A,A,0,Non Refund,56.0,0,Transient,90.0,0,0
City Hotel,1,80,2017,March,13,31,0,2,2,0.0,0,BB,PRT,Offline TA/TO,TA/TO,0,0,0,A,A,0,Non Refund,56.0,0,Transient,90.0,0,0
City Hotel,1,80,2017,March,13,31,0,2,2,0.0,0,BB,PRT,Offline TA/TO,TA/TO,0,0,0,A,A,0,Non Refund,56.0,0,Transient,90.0,0,0
City Hotel,1,80,2017,March,13,31,0,2,2,0.0,0,BB,PRT,Offline TA/TO,TA/TO,0,0,0,A,A,0,Non Refund,56.0,0,Transient,90.0,0,0
City Hotel,1,80,2017,March,13,31,0,2,2,0.0,0,BB,PRT,Offline TA/TO,TA/TO,0,0,0,A,A,0,Non Refund,56.0,0,Transient,90.0,0,0
City Hotel,1,80,2017,March,13,31,0,2,2,0.0,0,BB,PRT,Offline TA/TO,TA/TO,0,0,0,A,A,0,Non Refund,56.0,0,Transient,90.0,0,0
City Hotel,1,80,2017,March,13,31,0,2,2,0.0,0,BB,PRT,Offline TA/TO,TA/TO,0,0,0,A,A,0,Non Refund,56.0,0,Transient,90.0,0,0
City Hotel,1,80,2017,March,13,31,0,2,2,0.0,0,BB,PRT,Offline TA/TO,TA/TO,0,0,0,A,A,0,Non Refund,56.0,0,Transient,90.0,0,0
City Hotel,1,80,2017,March,13,31,0,2,2,0.0,0,BB,PRT,Offline TA/TO,TA/TO,0,0,0,A,A,0,Non Refund,56.0,0,Transient,90.0,0,0
City Hotel,1,80,2017,March,13,31,0,2,2,0.0,0,BB,PRT,Offline TA/TO,TA/TO,0,0,0,A,A,0,Non Refund,56.0,0,Transient,90.0,0,0
City Hotel,1,111,2017,March,13,31,0,2,2,0.0,0,BB,DEU,Online TA,TA/TO,0,0,0,A,A,0,No Deposit,9.0,0,Transient,107.1,0,0
City Hotel,1,56,2017,March,13,31,0,2,2,0.0,0,SC,GBR,Online TA,TA/TO,0,0,0,A,A,0,No Deposit,9.0,0,Transient,93.6,0,0
City Hotel,1,80,2017,March,13,31,0,2,2,0.0,0,BB,PRT,Offline TA/TO,TA/TO,0,0,0,A,A,0,Non Refund,56.0,0,Transient,90.0,0,0
City Hotel,1,80,2017,March,13,31,0,2,2,0.0,0,BB,PRT,Offline TA/TO,TA/TO,0,0,0,A,A,0,Non Refund,56.0,0,Transient,90.0,0,0
City Hotel,1,80,2017,March,13,31,0,2,2,0.0,0,BB,PRT,Offline TA/TO,TA/TO,0,0,0,A,A,0,Non Refund,56.0,0,Transient,90.0,0,0
City Hotel,1,80,2017,March,13,31,0,2,2,0.0,0,BB,PRT,Offline TA/TO,TA/TO,0,0,0,A,A,0,Non Refund,56.0,0,Transient,90.0,0,0
City Hotel,1,80,2017,March,13,31,0,2,2,0.0,0,BB,PRT,Offline TA/TO,TA/TO,0,0,0,A,A,0,Non Refund,56.0,0,Transient,90.0,0,0
City Hotel,1,80,2017,March,13,31,0,2,2,0.0,0,BB,PRT,Offline TA/TO,TA/TO,0,0,0,A,A,0,Non Refund,56.0,0,Transient,90.0,0,0
City Hotel,1,114,2017,March,13,31,0,2,2,0.0,0,BB,FRA,Online TA,TA/TO,0,0,0,A,A,0,No Deposit,9.0,0,Transient,107.1,0,1
City Hotel,1,80,2017,March,13,31,0,2,2,0.0,0,BB,PRT,Offline TA/TO,TA/TO,0,0,0,A,A,0,Non Refund,56.0,0,Transient,90.0,0,0
City Hotel,1,80,2017,March,13,31,0,2,2,0.0,0,BB,PRT,Offline TA/TO,TA/TO,0,0,0,A,A,0,Non Refund,56.0,0,Transient,90.0,0,0
City Hotel,1,80,2017,March,13,31,0,2,2,0.0,0,BB,PRT,Offline TA/TO,TA/TO,0,0,0,A,A,0,Non Refund,56.0,0,Transient,90.0,0,0
City Hotel,1,67,2017,March,13,31,0,2,2,0.0,0,SC,ESP,Online TA,TA/TO,0,0,0,A,A,0,No Deposit,9.0,0,Transient,89.1,0,0
City Hotel,1,80,2017,March,13,31,0,2,2,0.0,0,BB,PRT,Offline TA/TO,TA/TO,0,0,0,A,A,0,Non Refund,56.0,0,Transient,90.0,0,0
City Hotel,1,80,2017,March,13,31,0,2,2,0.0,0,BB,PRT,Offline TA/TO,TA/TO,0,0,0,A,A,0,Non Refund,56.0,0,Transient,90.0,0,0
City Hotel,1,80,2017,March,13,31,0,2,2,0.0,0,BB,PRT,Offline TA/TO,TA/TO,0,0,0,A,A,0,Non Refund,56.0,0,Transient,90.0,0,0
City Hotel,1,80,2017,March,13,31,0,2,2,0.0,0,BB,PRT,Offline TA/TO,TA/TO,0,0,0,A,A,0,Non Refund,56.0,0,Transient,90.0,0,0
City Hotel,1,80,2017,March,13,31,0,2,2,0.0,0,BB,PRT,Offline TA/TO,TA/TO,0,0,0,A,A,0,Non Refund,56.0,0,Transient,90.0,0,0
City Hotel,1,108,2017,March,13,31,0,2,2,0.0,0,BB,PRT,Offline TA/TO,TA/TO,0,0,0,A,A,0,Non Refund,56.0,28,Transient,90.0,0,0
City Hotel,1,66,2017,March,13,31,0,2,2,0.0,0,SC,FRA,Online TA,TA/TO,0,0,0,A,A,0,No Deposit,9.0,0,Transient,89.1,0,0
City Hotel,1,72,2017,March,13,31,1,2,2,0.0,0,BB,PRT,Online TA,TA/TO,0,0,0,A,A,0,No Deposit,8.0,0,Transient,110.4,0,1
City Hotel,1,74,2017,March,13,31,1,2,2,0.0,0,SC,ITA,Online TA,TA/TO,0,0,0,A,A,0,No Deposit,9.0,0,Transient,92.4,0,1
City Hotel,1,161,2017,March,13,31,1,2,2,0.0,0,SC,DNK,Online TA,TA/TO,0,0,0,A,A,0,No Deposit,9.0,0,Transient,92.4,0,0
City Hotel,1,205,2017,March,13,31,1,2,2,0.0,0,HB,ESP,Online TA,TA/TO,0,0,0,A,A,0,No Deposit,9.0,0,Transient,143.4,0,1
City Hotel,1,187,2017,March,13,31,2,2,2,0.0,0,SC,PRT,Online TA,TA/TO,0,0,0,A,A,0,No Deposit,7.0,0,Transient,72.42,0,1
City Hotel,1,105,2017,March,13,31,2,2,2,0.0,0,BB,POL,Online TA,TA/TO,0,0,0,A,A,0,No Deposit,9.0,0,Transient,110.7,0,1
City Hotel,1,105,2017,March,13,31,2,2,2,0.0,0,BB,POL,Online TA,TA/TO,0,0,0,A,A,0,No Deposit,9.0,0,Transient,110.7,0,1
City Hotel,1,105,2017,March,13,31,2,2,2,0.0,0,BB,POL,Online TA,TA/TO,0,0,0,A,A,0,No Deposit,9.0,0,Transient,110.7,0,1
City Hotel,1,105,2017,March,13,31,2,2,2,0.0,0,BB,POL,Online TA,TA/TO,0,0,0,A,A,0,No Deposit,9.0,0,Transient,110.7,0,1
City Hotel,1,120,2017,March,13,31,2,2,2,0.0,0,SC,DEU,Online TA,TA/TO,0,0,0,A,A,0,No Deposit,9.0,0,Transient,92.95,0,0
City Hotel,1,241,2017,March,13,31,2,2,2,0.0,0,BB,DEU,Online TA,TA/TO,0,0,0,A,A,2,No Deposit,9.0,0,Transient,103.6,0,0
City Hotel,1,241,2017,March,13,31,2,2,2,0.0,0,BB,DEU,Online TA,TA/TO,0,0,0,A,A,2,No Deposit,9.0,0,Transient,103.6,0,0
City Hotel,1,105,2017,March,13,31,2,2,2,0.0,0,BB,POL,Online TA,TA/TO,0,0,0,A,A,0,No Deposit,9.0,0,Transient,110.7,0,1
City Hotel,1,241,2017,March,13,31,2,2,2,0.0,0,BB,DEU,Online TA,TA/TO,0,0,0,A,A,2,No Deposit,9.0,0,Transient,99.45,0,0
City Hotel,1,125,2017,March,13,31,2,2,2,0.0,0,BB,GBR,Direct,Direct,0,0,0,A,A,0,No Deposit,14.0,0,Transient,91.44,0,1
City Hotel,1,55,2017,March,13,31,2,3,2,0.0,0,BB,PRT,Offline TA/TO,TA/TO,0,0,0,A,A,0,No Deposit,138.0,0,Transient,82.42,0,1
City Hotel,1,95,2017,March,13,31,2,6,2,0.0,0,SC,MLT,Online TA,TA/TO,0,0,0,A,A,0,No Deposit,9.0,0,Transient,95.98,0,0
City Hotel,1,115,2017,April,13,1,0,1,2,0.0,0,SC,DEU,Online TA,TA/TO,0,0,0,A,A,0,No Deposit,9.0,0,Transient,99.0,0,1
City Hotel,1,162,2017,April,13,1,2,1,2,0.0,0,BB,PRT,Groups,TA/TO,0,0,0,A,A,0,No Deposit,296.0,0,Transient-Party,98.0,0,0
City Hotel,1,162,2017,April,13,1,2,1,2,0.0,0,BB,PRT,Groups,TA/TO,0,0,0,A,A,0,No Deposit,296.0,0,Transient-Party,98.0,0,0
City Hotel,1,162,2017,April,13,1,2,1,2,0.0,0,BB,PRT,Groups,TA/TO,0,0,0,A,A,0,No Deposit,296.0,0,Transient-Party,98.0,0,0
City Hotel,1,162,2017,April,13,1,2,1,2,0.0,0,BB,PRT,Groups,TA/TO,0,0,0,A,A,0,No Deposit,296.0,0,Transient-Party,98.0,0,0
City Hotel,1,73,2017,April,13,1,2,1,2,0.0,0,BB,GBR,Online TA,TA/TO,0,0,0,A,A,0,No Deposit,9.0,0,Transient,117.0,0,1
City Hotel,1,162,2017,April,13,1,2,1,2,0.0,0,BB,PRT,Groups,TA/TO,0,0,0,A,A,0,No Deposit,296.0,0,Transient-Party,98.0,0,0
City Hotel,1,150,2017,April,13,1,2,1,2,0.0,0,SC,IRL,Online TA,TA/TO,0,0,0,A,A,0,No Deposit,9.0,0,Transient,99.0,0,0
City Hotel,1,162,2017,April,13,1,2,1,2,0.0,0,BB,PRT,Groups,TA/TO,0,0,0,A,A,0,No Deposit,296.0,0,Transient-Party,98.0,0,0
City Hotel,1,212,2017,April,13,1,2,1,2,0.0,0,BB,PRT,Groups,TA/TO,0,0,0,A,A,0,No Deposit,296.0,50,Transient-Party,98.0,0,0
City Hotel,1,162,2017,April,13,1,2,1,2,0.0,0,BB,PRT,Groups,TA/TO,0,0,0,A,A,0,No Deposit,296.0,0,Transient-Party,98.0,0,0
City Hotel,1,162,2017,April,13,1,2,1,2,0.0,0,BB,PRT,Groups,TA/TO,0,0,0,A,A,0,No Deposit,296.0,0,Transient-Party,98.0,0,0
City Hotel,1,149,2017,April,13,1,2,1,2,0.0,0,SC,IRL,Online TA,TA/TO,0,0,0,A,A,0,No Deposit,9.0,0,Transient,99.0,0,0
City Hotel,1,150,2017,April,13,1,2,1,2,0.0,0,SC,IRL,Online TA,TA/TO,0,0,0,A,A,0,No Deposit,9.0,0,Transient,99.0,0,0
City Hotel,1,74,2017,April,13,1,2,1,2,0.0,0,SC,BRA,Online TA,TA/TO,0,0,0,A,A,0,No Deposit,9.0,0,Transient,99.0,0,1
City Hotel,1,208,2017,April,13,1,2,1,2,0.0,0,SC,USA,Online TA,TA/TO,0,0,0,A,A,0,No Deposit,9.0,0,Transient,99.0,0,2
City Hotel,1,162,2017,April,13,1,2,1,2,0.0,0,BB,PRT,Groups,TA/TO,0,0,0,A,A,0,No Deposit,296.0,0,Transient-Party,98.0,0,0
City Hotel,1,162,2017,April,13,1,2,1,2,0.0,0,BB,PRT,Groups,TA/TO,0,0,0,A,A,0,No Deposit,296.0,0,Transient-Party,98.0,0,0
City Hotel,1,162,2017,April,13,1,2,1,2,0.0,0,BB,PRT,Groups,TA/TO,0,0,0,A,A,0,No Deposit,296.0,0,Transient-Party,98.0,0,0
City Hotel,1,162,2017,April,13,1,2,1,2,0.0,0,BB,PRT,Groups,TA/TO,0,0,0,A,A,0,No Deposit,296.0,0,Transient-Party,98.0,0,0
City Hotel,1,149,2017,April,13,1,2,1,2,0.0,0,SC,IRL,Online TA,TA/TO,0,0,0,A,A,0,No Deposit,9.0,0,Transient,99.0,0,0
City Hotel,1,30,2017,April,13,1,2,1,2,0.0,0,SC,ITA,Online TA,TA/TO,0,0,0,A,A,0,No Deposit,9.0,0,Transient,120.0,0,0
City Hotel,1,162,2017,April,13,1,2,1,2,0.0,0,BB,PRT,Groups,TA/TO,0,0,0,A,A,0,No Deposit,296.0,0,Transient-Party,98.0,0,0
City Hotel,1,162,2017,April,13,1,2,1,2,0.0,0,BB,PRT,Groups,TA/TO,0,0,0,A,A,0,No Deposit,296.0,0,Transient-Party,98.0,0,0
City Hotel,1,77,2017,April,13,1,2,2,2,0.0,0,BB,DEU,Online TA,TA/TO,0,0,0,D,D,0,No Deposit,9.0,0,Transient,163.8,0,0
City Hotel,1,174,2017,April,13,1,2,2,2,0.0,0,BB,DEU,Online TA,TA/TO,0,0,0,A,A,0,No Deposit,9.0,0,Transient,117.0,0,2
City Hotel,1,68,2017,April,13,1,2,5,2,0.0,0,HB,CHE,Online TA,TA/TO,0,0,0,D,D,0,No Deposit,9.0,0,Transient,162.0,0,0
City Hotel,1,75,2017,April,13,1,2,5,2,0.0,0,BB,DEU,Online TA,TA/TO,0,0,0,D,D,0,No Deposit,9.0,0,Transient,126.0,0,1
City Hotel,1,208,2017,April,13,1,4,10,2,0.0,0,SC,BRA,Online TA,TA/TO,0,0,0,A,A,0,No Deposit,9.0,0,Transient,99.0,0,1
City Hotel,1,164,2017,April,14,2,1,0,2,0.0,0,SC,NOR,Online TA,TA/TO,0,0,0,A,A,0,No Deposit,9.0,0,Transient,99.0,0,2
City Hotel,1,44,2017,April,14,2,2,0,2,0.0,0,SC,CHN,Online TA,TA/TO,0,0,0,A,A,0,No Deposit,9.0,0,Transient,102.6,0,0
City Hotel,1,128,2017,April,14,2,2,0,2,0.0,0,SC,LUX,Online TA,TA/TO,0,0,0,A,A,0,No Deposit,9.0,0,Transient,99.0,0,1
City Hotel,1,77,2017,April,14,2,2,0,2,0.0,0,SC,ESP,Online TA,TA/TO,0,0,0,A,A,0,No Deposit,9.0,0,Transient,108.0,0,0
City Hotel,1,27,2017,April,14,2,2,1,2,0.0,0,BB,IRL,Online TA,TA/TO,0,0,0,D,D,0,No Deposit,9.0,0,Transient,150.0,0,0
City Hotel,1,92,2017,April,14,2,2,1,2,0.0,0,BB,ESP,Online TA,TA/TO,0,0,0,A,A,0,No Deposit,9.0,0,Transient,117.0,0,2
City Hotel,1,44,2017,April,14,2,2,1,2,0.0,0,BB,ITA,Online TA,TA/TO,0,0,0,D,D,0,No Deposit,9.0,0,Transient,140.0,0,0
City Hotel,1,98,2017,April,14,2,2,2,2,0.0,0,BB,BEL,Online TA,TA/TO,0,0,0,D,D,0,No Deposit,9.0,0,Transient,130.5,0,2
City Hotel,1,54,2017,April,14,2,2,2,2,0.0,0,BB,PRT,Offline TA/TO,TA/TO,0,0,0,A,A,0,No Deposit,28.0,0,Contract,68.0,0,0
City Hotel,1,98,2017,April,14,2,2,2,2,0.0,0,BB,BEL,Online TA,TA/TO,0,0,0,D,D,0,No Deposit,9.0,0,Transient,130.5,0,2
City Hotel,1,111,2017,April,14,2,2,2,2,0.0,0,SC,FIN,Online TA,TA/TO,0,0,0,A,A,2,No Deposit,9.0,0,Transient,101.75,0,0
City Hotel,1,0,2017,April,14,3,1,0,2,0.0,0,BB,PRT,Direct,Direct,0,0,0,A,A,0,No Deposit,,0,Transient,12.0,0,0
City Hotel,1,129,2017,April,14,3,1,1,2,0.0,0,BB,PRT,Groups,TA/TO,0,0,0,A,A,0,Non Refund,58.0,0,Transient,100.0,0,0
City Hotel,1,129,2017,April,14,3,1,1,2,0.0,0,BB,PRT,Groups,TA/TO,0,0,0,A,A,0,Non Refund,58.0,0,Transient,100.0,0,0
City Hotel,1,129,2017,April,14,3,1,1,2,0.0,0,BB,PRT,Groups,TA/TO,0,0,0,A,A,0,Non Refund,58.0,0,Transient,100.0,0,0
City Hotel,1,129,2017,April,14,3,1,1,2,0.0,0,BB,PRT,Groups,TA/TO,0,0,0,A,A,0,Non Refund,58.0,0,Transient,100.0,0,0
City Hotel,1,129,2017,April,14,3,1,1,2,0.0,0,BB,PRT,Groups,TA/TO,0,0,0,A,A,0,Non Refund,58.0,0,Transient,100.0,0,0
City Hotel,1,129,2017,April,14,3,1,1,2,0.0,0,BB,PRT,Groups,TA/TO,0,0,0,A,A,0,Non Refund,58.0,0,Transient,100.0,0,0
City Hotel,1,129,2017,April,14,3,1,1,2,0.0,0,BB,PRT,Groups,TA/TO,0,0,0,A,A,0,Non Refund,58.0,0,Transient,100.0,0,0
City Hotel,1,229,2017,April,14,3,1,1,2,0.0,0,BB,PRT,Groups,TA/TO,0,0,0,A,A,0,Non Refund,58.0,100,Transient,100.0,0,0
City Hotel,1,73,2017,April,14,3,1,1,2,0.0,0,SC,BEL,Online TA,TA/TO,0,0,0,A,A,2,No Deposit,9.0,0,Transient,99.0,0,0
City Hotel,1,129,2017,April,14,3,1,1,2,0.0,0,BB,PRT,Groups,TA/TO,0,0,0,A,A,0,Non Refund,58.0,0,Transient,100.0,0,0
City Hotel,1,129,2017,April,14,3,1,1,2,0.0,0,BB,PRT,Groups,TA/TO,0,0,0,A,A,0,Non Refund,58.0,0,Transient,100.0,0,0
City Hotel,1,129,2017,April,14,3,1,1,2,0.0,0,BB,PRT,Groups,TA/TO,0,0,0,A,A,0,Non Refund,58.0,0,Transient,100.0,0,0
City Hotel,1,129,2017,April,14,3,1,1,2,0.0,0,BB,PRT,Groups,TA/TO,0,0,0,A,A,0,Non Refund,58.0,0,Transient,100.0,0,0
City Hotel,1,129,2017,April,14,3,1,1,2,0.0,0,BB,PRT,Groups,TA/TO,0,0,0,A,A,0,Non Refund,58.0,0,Transient,100.0,0,0
City Hotel,1,129,2017,April,14,3,1,1,2,0.0,0,BB,PRT,Groups,TA/TO,0,0,0,A,A,0,Non Refund,58.0,0,Transient,100.0,0,0
City Hotel,1,129,2017,April,14,3,1,1,2,0.0,0,BB,PRT,Groups,TA/TO,0,0,0,A,A,0,Non Refund,58.0,0,Transient,100.0,0,0
City Hotel,1,44,2017,April,14,3,1,2,2,0.0,0,BB,FRA,Online TA,TA/TO,0,0,0,A,A,0,No Deposit,9.0,0,Transient,130.67,0,1
City Hotel,1,120,2017,April,14,3,1,2,2,0.0,0,SC,ESP,Online TA,TA/TO,0,0,0,A,A,0,No Deposit,9.0,0,Transient,99.0,0,2
City Hotel,1,89,2017,April,14,3,1,2,2,0.0,0,SC,PRT,Online TA,TA/TO,0,0,0,A,A,0,No Deposit,8.0,0,Transient,99.0,0,1
City Hotel,1,39,2017,April,14,3,1,2,2,0.0,0,SC,FRA,Online TA,TA/TO,0,0,0,A,A,0,No Deposit,9.0,0,Transient,120.0,0,2
City Hotel,1,73,2017,April,14,3,1,3,2,0.0,0,BB,PRT,Groups,TA/TO,0,0,0,A,A,0,Non Refund,20.0,0,Transient,105.0,0,0
City Hotel,1,73,2017,April,14,3,1,3,2,0.0,0,BB,PRT,Groups,TA/TO,0,0,0,A,A,0,Non Refund,20.0,0,Transient,105.0,0,0
City Hotel,1,73,2017,April,14,3,1,3,2,0.0,0,BB,PRT,Groups,TA/TO,0,0,0,A,A,0,Non Refund,20.0,0,Transient,105.0,0,0
City Hotel,1,97,2017,April,14,3,1,3,2,0.0,0,BB,IRL,Direct,Direct,0,0,0,A,A,0,No Deposit,14.0,0,Transient,99.0,0,1
City Hotel,1,73,2017,April,14,3,1,3,2,0.0,0,BB,PRT,Groups,TA/TO,0,0,0,A,A,0,Non Refund,20.0,0,Transient,105.0,0,0
City Hotel,1,84,2017,April,14,3,1,3,2,0.0,0,SC,DEU,Online TA,TA/TO,0,0,0,A,A,0,No Deposit,9.0,0,Transient,99.0,0,0
City Hotel,1,73,2017,April,14,3,1,3,2,0.0,0,BB,PRT,Groups,TA/TO,0,0,0,A,A,0,Non Refund,20.0,0,Transient,105.0,0,0
City Hotel,1,97,2017,April,14,3,1,3,2,0.0,0,BB,IRL,Direct,Direct,0,0,0,A,A,0,No Deposit,14.0,0,Transient,96.25,0,2
City Hotel,1,73,2017,April,14,3,1,3,2,0.0,0,BB,PRT,Groups,TA/TO,0,0,0,A,A,0,Non Refund,20.0,0,Transient,105.0,0,0
City Hotel,1,73,2017,April,14,3,1,3,2,0.0,0,BB,PRT,Groups,TA/TO,0,0,0,A,A,0,Non Refund,20.0,0,Transient,105.0,0,0
City Hotel,1,73,2017,April,14,3,1,3,2,0.0,0,BB,PRT,Groups,TA/TO,0,0,0,A,A,0,Non Refund,20.0,0,Transient,105.0,0,0
City Hotel,1,188,2017,April,14,3,1,3,2,0.0,0,BB,FRA,Online TA,TA/TO,0,0,0,A,A,0,No Deposit,9.0,0,Transient,117.0,0,1
City Hotel,1,73,2017,April,14,3,1,3,2,0.0,0,BB,PRT,Groups,TA/TO,0,0,0,A,A,0,Non Refund,20.0,0,Transient,105.0,0,0
City Hotel,1,73,2017,April,14,3,1,3,2,0.0,0,BB,PRT,Groups,TA/TO,0,0,0,A,A,0,Non Refund,20.0,0,Transient,105.0,0,0
City Hotel,1,57,2017,April,14,3,1,3,2,0.0,0,BB,GBR,Online TA,TA/TO,0,0,0,A,A,0,No Deposit,9.0,0,Transient,117.0,0,0
City Hotel,1,37,2017,April,14,3,1,3,2,0.0,0,SC,BEL,Online TA,TA/TO,0,0,0,A,A,0,No Deposit,9.0,0,Transient,120.0,0,0
City Hotel,1,73,2017,April,14,3,1,3,2,0.0,0,BB,PRT,Groups,TA/TO,0,0,0,A,A,0,Non Refund,20.0,0,Transient,105.0,0,0
City Hotel,1,73,2017,April,14,3,1,3,2,0.0,0,BB,PRT,Groups,TA/TO,0,0,0,A,A,0,Non Refund,20.0,0,Transient,105.0,0,0
City Hotel,1,73,2017,April,14,3,1,3,2,0.0,0,BB,PRT,Groups,TA/TO,0,0,0,A,A,0,Non Refund,20.0,0,Transient,105.0,0,0
City Hotel,1,73,2017,April,14,3,1,3,2,0.0,0,BB,PRT,Groups,TA/TO,0,0,0,A,A,0,Non Refund,20.0,0,Transient,105.0,0,0
City Hotel,1,73,2017,April,14,3,1,3,2,0.0,0,BB,PRT,Groups,TA/TO,0,0,0,A,A,0,Non Refund,20.0,0,Transient,105.0,0,0
City Hotel,1,73,2017,April,14,3,1,3,2,0.0,0,BB,PRT,Groups,TA/TO,0,0,0,A,A,0,Non Refund,20.0,0,Transient,105.0,0,0
City Hotel,1,73,2017,April,14,3,1,3,2,0.0,0,BB,PRT,Groups,TA/TO,0,0,0,A,A,0,Non Refund,20.0,0,Transient,105.0,0,0
City Hotel,1,57,2017,April,14,3,1,3,2,0.0,0,BB,GBR,Online TA,TA/TO,0,0,0,A,A,0,No Deposit,9.0,0,Transient,117.0,0,0
City Hotel,1,184,2017,April,14,3,1,3,2,0.0,0,BB,PRT,Groups,TA/TO,0,0,0,A,A,0,Non Refund,20.0,111,Transient,105.0,0,0
City Hotel,1,73,2017,April,14,3,1,3,2,0.0,0,BB,PRT,Groups,TA/TO,0,0,0,A,A,0,Non Refund,20.0,0,Transient,105.0,0,0
City Hotel,1,73,2017,April,14,3,1,3,2,0.0,0,BB,PRT,Groups,TA/TO,0,0,0,A,A,0,Non Refund,20.0,0,Transient,105.0,0,0
City Hotel,1,38,2017,April,14,3,1,4,2,0.0,0,BB,DEU,Online TA,TA/TO,0,0,0,A,A,0,No Deposit,9.0,0,Transient,140.0,0,0
City Hotel,1,55,2017,April,14,3,1,4,2,0.0,0,HB,FRA,Online TA,TA/TO,0,0,0,A,A,0,No Deposit,9.0,0,Transient,160.2,0,0
City Hotel,1,169,2017,April,14,3,1,4,2,0.0,0,BB,USA,Online TA,TA/TO,0,0,0,A,A,0,No Deposit,9.0,0,Transient,117.0,0,0
City Hotel,1,132,2017,April,14,3,3,8,2,0.0,0,BB,URY,Online TA,TA/TO,0,0,0,A,A,0,No Deposit,9.0,0,Transient,117.82,0,0
City Hotel,1,372,2017,April,14,4,0,1,2,0.0,0,BB,PRT,Offline TA/TO,TA/TO,0,0,0,A,A,0,Non Refund,229.0,0,Transient,90.0,0,0
City Hotel,1,372,2017,April,14,4,0,1,2,0.0,0,BB,PRT,Offline TA/TO,TA/TO,0,0,0,A,A,0,Non Refund,229.0,0,Transient,90.0,0,0
City Hotel,1,372,2017,April,14,4,0,1,2,0.0,0,BB,PRT,Offline TA/TO,TA/TO,0,0,0,A,A,0,Non Refund,229.0,0,Transient,90.0,0,0
City Hotel,1,372,2017,April,14,4,0,1,2,0.0,0,BB,PRT,Offline TA/TO,TA/TO,0,0,0,A,A,0,Non Refund,229.0,0,Transient,90.0,0,0
City Hotel,1,372,2017,April,14,4,0,1,2,0.0,0,BB,PRT,Offline TA/TO,TA/TO,0,0,0,A,A,0,Non Refund,229.0,0,Transient,90.0,0,0
City Hotel,1,372,2017,April,14,4,0,1,2,0.0,0,BB,PRT,Offline TA/TO,TA/TO,0,0,0,A,A,0,Non Refund,229.0,0,Transient,90.0,0,0
City Hotel,1,372,2017,April,14,4,0,1,2,0.0,0,BB,PRT,Offline TA/TO,TA/TO,0,0,0,A,A,0,Non Refund,229.0,0,Transient,90.0,0,0
City Hotel,1,372,2017,April,14,4,0,1,2,0.0,0,BB,PRT,Offline TA/TO,TA/TO,0,0,0,A,A,0,Non Refund,229.0,0,Transient,90.0,0,0
City Hotel,1,372,2017,April,14,4,0,1,2,0.0,0,BB,PRT,Offline TA/TO,TA/TO,0,0,0,A,A,0,Non Refund,229.0,0,Transient,90.0,0,0
City Hotel,1,112,2017,April,14,4,0,2,2,0.0,0,BB,PRT,Offline TA/TO,TA/TO,0,0,0,A,A,0,Non Refund,,0,Transient,95.0,0,0
City Hotel,1,112,2017,April,14,4,0,2,2,0.0,0,BB,PRT,Offline TA/TO,TA/TO,0,0,0,A,A,0,Non Refund,,0,Transient,95.0,0,0
City Hotel,1,112,2017,April,14,4,0,2,2,0.0,0,BB,PRT,Offline TA/TO,TA/TO,0,0,0,A,A,0,Non Refund,,0,Transient,95.0,0,0
City Hotel,1,137,2017,April,14,4,0,2,2,0.0,0,BB,PRT,Offline TA/TO,TA/TO,0,0,0,A,A,0,Non Refund,,25,Transient,95.0,0,0
City Hotel,1,112,2017,April,14,4,0,2,2,0.0,0,BB,PRT,Offline TA/TO,TA/TO,0,0,0,A,A,0,Non Refund,,0,Transient,95.0,0,0
City Hotel,1,112,2017,April,14,4,0,2,2,0.0,0,BB,PRT,Offline TA/TO,TA/TO,0,0,0,A,A,0,Non Refund,,0,Transient,95.0,0,0
City Hotel,1,112,2017,April,14,4,0,2,2,0.0,0,BB,PRT,Offline TA/TO,TA/TO,0,0,0,A,A,0,Non Refund,,0,Transient,95.0,0,0
City Hotel,1,112,2017,April,14,4,0,2,2,0.0,0,BB,PRT,Offline TA/TO,TA/TO,0,0,0,A,B,1,Non Refund,,0,Transient,95.0,0,0
City Hotel,1,112,2017,April,14,4,0,2,2,0.0,0,BB,PRT,Offline TA/TO,TA/TO,0,0,0,A,A,0,Non Refund,,0,Transient,95.0,0,0
City Hotel,1,112,2017,April,14,4,0,2,2,0.0,0,BB,PRT,Offline TA/TO,TA/TO,0,0,0,A,A,0,Non Refund,,0,Transient,95.0,0,0
City Hotel,1,112,2017,April,14,4,0,2,2,0.0,0,BB,PRT,Offline TA/TO,TA/TO,0,0,0,A,A,0,Non Refund,,0,Transient,95.0,0,0
City Hotel,1,112,2017,April,14,4,0,2,2,0.0,0,BB,PRT,Offline TA/TO,TA/TO,0,0,0,A,A,0,Non Refund,,0,Transient,95.0,0,0
City Hotel,1,112,2017,April,14,4,0,2,2,0.0,0,BB,PRT,Offline TA/TO,TA/TO,0,0,0,A,A,0,Non Refund,,0,Transient,95.0,0,0
City Hotel,1,112,2017,April,14,4,0,2,2,0.0,0,BB,PRT,Offline TA/TO,TA/TO,0,0,0,A,A,0,Non Refund,,0,Transient,95.0,0,0
City Hotel,1,112,2017,April,14,4,0,2,2,0.0,0,BB,PRT,Offline TA/TO,TA/TO,0,0,0,A,A,0,Non Refund,,0,Transient,95.0,0,0
City Hotel,1,112,2017,April,14,4,0,2,2,0.0,0,BB,PRT,Offline TA/TO,TA/TO,0,0,0,A,A,0,Non Refund,,0,Transient,95.0,0,0
City Hotel,1,112,2017,April,14,4,0,2,2,0.0,0,BB,PRT,Offline TA/TO,TA/TO,0,0,0,A,A,0,Non Refund,,0,Transient,95.0,0,0
City Hotel,1,112,2017,April,14,4,0,2,2,0.0,0,BB,PRT,Offline TA/TO,TA/TO,0,0,0,A,A,0,Non Refund,,0,Transient,95.0,0,0
City Hotel,1,112,2017,April,14,4,0,2,2,0.0,0,BB,PRT,Offline TA/TO,TA/TO,0,0,0,A,A,0,Non Refund,,0,Transient,95.0,0,0
City Hotel,1,112,2017,April,14,4,0,2,2,0.0,0,BB,PRT,Offline TA/TO,TA/TO,0,0,0,A,A,0,Non Refund,,0,Transient,95.0,0,0
City Hotel,1,112,2017,April,14,4,0,2,2,0.0,0,BB,PRT,Offline TA/TO,TA/TO,0,0,0,A,A,0,Non Refund,,0,Transient,95.0,0,0
City Hotel,1,112,2017,April,14,4,0,2,2,0.0,0,BB,PRT,Offline TA/TO,TA/TO,0,0,0,A,A,0,Non Refund,,0,Transient,95.0,0,0
City Hotel,1,112,2017,April,14,4,0,2,2,0.0,0,BB,PRT,Offline TA/TO,TA/TO,0,0,0,A,A,0,Non Refund,,0,Transient,95.0,0,0
City Hotel,1,112,2017,April,14,4,0,2,2,0.0,0,BB,PRT,Offline TA/TO,TA/TO,0,0,0,A,A,0,Non Refund,,0,Transient,95.0,0,0
City Hotel,1,112,2017,April,14,4,0,2,2,0.0,0,BB,PRT,Offline TA/TO,TA/TO,0,0,0,A,A,0,Non Refund,,0,Transient,95.0,0,0
City Hotel,1,112,2017,April,14,4,0,2,2,0.0,0,BB,PRT,Offline TA/TO,TA/TO,0,0,0,A,A,0,Non Refund,,0,Transient,95.0,0,0
City Hotel,1,112,2017,April,14,4,0,2,2,0.0,0,BB,PRT,Offline TA/TO,TA/TO,0,0,0,A,A,0,Non Refund,,0,Transient,95.0,0,0
City Hotel,1,372,2017,April,14,4,0,1,2,0.0,0,BB,PRT,Offline TA/TO,TA/TO,0,0,0,A,A,0,Non Refund,229.0,0,Transient,90.0,0,0
City Hotel,1,61,2017,April,14,4,0,2,2,0.0,0,BB,GBR,Online TA,TA/TO,0,0,0,A,A,1,No Deposit,9.0,0,Transient,117.0,0,0
City Hotel,1,112,2017,April,14,4,0,2,2,0.0,0,BB,PRT,Offline TA/TO,TA/TO,0,0,0,A,A,0,Non Refund,,0,Transient,95.0,0,0
City Hotel,1,112,2017,April,14,4,0,2,2,0.0,0,BB,PRT,Offline TA/TO,TA/TO,0,0,0,A,A,0,Non Refund,,0,Transient,95.0,0,0
City Hotel,1,112,2017,April,14,4,0,2,2,0.0,0,BB,PRT,Offline TA/TO,TA/TO,0,0,0,A,A,0,Non Refund,,0,Transient,95.0,0,0
City Hotel,1,35,2017,April,14,4,0,4,2,0.0,0,BB,DEU,Online TA,TA/TO,0,0,0,A,A,0,No Deposit,9.0,0,Transient,140.0,0,0
City Hotel,1,127,2017,April,14,4,0,5,2,0.0,0,BB,GBR,Online TA,TA/TO,0,0,0,A,A,0,No Deposit,9.0,0,Transient,117.0,0,0
City Hotel,1,105,2017,April,14,4,0,5,2,0.0,0,SC,ESP,Online TA,TA/TO,0,0,0,A,A,0,No Deposit,9.0,0,Transient,99.0,0,2
City Hotel,1,44,2017,April,14,4,0,5,2,0.0,0,BB,SVN,Online TA,TA/TO,0,0,0,E,E,2,No Deposit,9.0,0,Transient,169.2,0,0
City Hotel,1,59,2017,April,14,4,0,5,2,0.0,0,SC,FRA,Online TA,TA/TO,0,0,0,A,A,0,No Deposit,9.0,0,Transient,99.0,0,0
City Hotel,1,89,2017,April,14,5,0,2,2,0.0,0,BB,ROU,Online TA,TA/TO,0,0,0,A,A,1,No Deposit,9.0,0,Transient,117.0,0,1
City Hotel,1,54,2017,April,14,5,0,2,2,0.0,0,BB,PRT,Groups,TA/TO,0,0,0,A,A,0,Non Refund,,0,Transient,110.0,0,0
City Hotel,1,54,2017,April,14,5,0,2,2,0.0,0,BB,PRT,Groups,TA/TO,0,0,0,A,A,0,Non Refund,,0,Transient,110.0,0,0
City Hotel,1,54,2017,April,14,5,0,2,2,0.0,0,BB,PRT,Groups,TA/TO,0,0,0,A,A,0,Non Refund,,0,Transient,110.0,0,0
City Hotel,1,54,2017,April,14,5,0,2,2,0.0,0,BB,PRT,Groups,TA/TO,0,0,0,A,A,0,Non Refund,,0,Transient,110.0,0,0
City Hotel,1,16,2017,April,14,5,0,2,2,0.0,0,BB,ISR,Online TA,TA/TO,0,0,0,E,E,0,No Deposit,9.0,0,Transient,174.0,0,0
City Hotel,1,54,2017,April,14,5,0,2,2,0.0,0,BB,PRT,Groups,TA/TO,0,0,0,A,A,0,Non Refund,,0,Transient,110.0,0,0
City Hotel,1,54,2017,April,14,5,0,2,2,0.0,0,BB,PRT,Groups,TA/TO,0,0,0,A,A,0,Non Refund,,0,Transient,110.0,0,0
City Hotel,1,54,2017,April,14,5,0,2,2,0.0,0,BB,PRT,Groups,TA/TO,0,0,0,A,A,0,Non Refund,,0,Transient,110.0,0,0
City Hotel,1,54,2017,April,14,5,0,2,2,0.0,0,BB,PRT,Groups,TA/TO,0,0,0,A,A,0,Non Refund,,0,Transient,110.0,0,0
City Hotel,1,16,2017,April,14,5,0,2,2,0.0,0,BB,ISR,Online TA,TA/TO,0,0,0,E,E,0,No Deposit,9.0,0,Transient,174.0,0,0
City Hotel,1,54,2017,April,14,5,0,2,2,0.0,0,BB,PRT,Groups,TA/TO,0,0,0,A,A,0,Non Refund,,0,Transient,110.0,0,0
City Hotel,1,83,2017,April,14,5,0,2,2,0.0,0,SC,GBR,Online TA,TA/TO,0,0,0,A,A,0,No Deposit,9.0,0,Transient,99.0,0,0
City Hotel,1,30,2017,April,14,5,0,2,2,0.0,0,SC,IND,Online TA,TA/TO,0,0,0,A,A,0,No Deposit,9.0,0,Transient,120.0,0,2
City Hotel,1,54,2017,April,14,5,0,2,2,0.0,0,BB,PRT,Groups,TA/TO,0,0,0,A,A,0,Non Refund,,0,Transient,110.0,0,0
City Hotel,1,54,2017,April,14,5,0,2,2,0.0,0,BB,PRT,Groups,TA/TO,0,0,0,A,A,0,Non Refund,,0,Transient,110.0,0,0
City Hotel,1,373,2017,April,14,5,0,3,2,0.0,0,BB,PRT,Offline TA/TO,TA/TO,0,0,0,A,A,0,Non Refund,229.0,0,Transient,90.0,0,0
City Hotel,1,373,2017,April,14,5,0,3,2,0.0,0,BB,PRT,Offline TA/TO,TA/TO,0,0,0,A,A,0,Non Refund,229.0,0,Transient,90.0,0,0
City Hotel,1,373,2017,April,14,5,0,3,2,0.0,0,BB,PRT,Offline TA/TO,TA/TO,0,0,0,A,A,0,Non Refund,229.0,0,Transient,90.0,0,0
City Hotel,1,373,2017,April,14,5,0,3,2,0.0,0,BB,PRT,Offline TA/TO,TA/TO,0,0,0,A,A,0,Non Refund,229.0,0,Transient,90.0,0,0
City Hotel,1,373,2017,April,14,5,0,3,2,0.0,0,BB,PRT,Offline TA/TO,TA/TO,0,0,0,A,A,0,Non Refund,229.0,0,Transient,90.0,0,0
City Hotel,1,373,2017,April,14,5,0,3,2,0.0,0,BB,PRT,Offline TA/TO,TA/TO,0,0,0,A,A,0,Non Refund,229.0,0,Transient,90.0,0,0
City Hotel,1,373,2017,April,14,5,0,3,2,0.0,0,BB,PRT,Offline TA/TO,TA/TO,0,0,0,A,A,0,Non Refund,229.0,0,Transient,90.0,0,0
City Hotel,1,373,2017,April,14,5,0,3,2,0.0,0,BB,PRT,Offline TA/TO,TA/TO,0,0,0,A,A,0,Non Refund,229.0,0,Transient,90.0,0,0
City Hotel,1,373,2017,April,14,5,0,3,2,0.0,0,BB,PRT,Offline TA/TO,TA/TO,0,0,0,A,A,0,Non Refund,229.0,0,Transient,90.0,0,0
City Hotel,1,373,2017,April,14,5,0,3,2,0.0,0,BB,PRT,Offline TA/TO,TA/TO,0,0,0,A,A,0,Non Refund,229.0,0,Transient,90.0,0,0
City Hotel,1,373,2017,April,14,5,0,3,2,0.0,0,BB,PRT,Offline TA/TO,TA/TO,0,0,0,A,A,0,Non Refund,229.0,0,Transient,90.0,0,0
City Hotel,1,373,2017,April,14,5,0,3,2,0.0,0,BB,PRT,Offline TA/TO,TA/TO,0,0,0,A,A,0,Non Refund,229.0,0,Transient,90.0,0,0
City Hotel,1,373,2017,April,14,5,0,3,2,0.0,0,BB,PRT,Offline TA/TO,TA/TO,0,0,0,A,A,0,Non Refund,229.0,0,Transient,90.0,0,0
City Hotel,1,373,2017,April,14,5,0,3,2,0.0,0,BB,PRT,Offline TA/TO,TA/TO,0,0,0,A,A,0,Non Refund,229.0,0,Transient,90.0,0,0
City Hotel,1,373,2017,April,14,5,0,3,2,0.0,0,BB,PRT,Offline TA/TO,TA/TO,0,0,0,A,A,0,Non Refund,229.0,0,Transient,90.0,0,0
City Hotel,1,373,2017,April,14,5,0,3,2,0.0,0,BB,PRT,Offline TA/TO,TA/TO,0,0,0,A,A,0,Non Refund,229.0,0,Transient,90.0,0,0
City Hotel,1,99,2017,April,14,5,0,3,2,0.0,0,SC,GBR,Online TA,TA/TO,0,0,0,A,A,0,No Deposit,9.0,0,Transient,99.0,0,1
City Hotel,1,373,2017,April,14,5,0,3,2,0.0,0,BB,PRT,Offline TA/TO,TA/TO,0,0,0,A,A,0,Non Refund,229.0,0,Transient,90.0,0,0
City Hotel,1,373,2017,April,14,5,0,3,2,0.0,0,BB,PRT,Offline TA/TO,TA/TO,0,0,0,A,A,0,Non Refund,229.0,0,Transient,90.0,0,0
City Hotel,1,373,2017,April,14,5,0,3,2,0.0,0,BB,PRT,Offline TA/TO,TA/TO,0,0,0,A,A,0,Non Refund,229.0,0,Transient,90.0,0,0
City Hotel,1,373,2017,April,14,5,0,3,2,0.0,0,BB,PRT,Offline TA/TO,TA/TO,0,0,0,A,A,0,Non Refund,229.0,0,Transient,90.0,0,0
City Hotel,1,373,2017,April,14,5,0,3,2,0.0,0,BB,PRT,Offline TA/TO,TA/TO,0,0,0,A,A,0,Non Refund,229.0,0,Transient,90.0,0,0
City Hotel,1,373,2017,April,14,5,0,3,2,0.0,0,BB,PRT,Offline TA/TO,TA/TO,0,0,0,A,A,0,Non Refund,229.0,0,Transient,90.0,0,0
City Hotel,1,373,2017,April,14,5,0,3,2,0.0,0,BB,PRT,Offline TA/TO,TA/TO,0,0,0,A,A,0,Non Refund,229.0,0,Transient,90.0,0,0
City Hotel,1,373,2017,April,14,5,0,3,2,0.0,0,BB,PRT,Offline TA/TO,TA/TO,0,0,0,A,A,0,Non Refund,229.0,0,Transient,90.0,0,0
City Hotel,1,373,2017,April,14,5,0,3,2,0.0,0,BB,PRT,Offline TA/TO,TA/TO,0,0,0,A,A,0,Non Refund,229.0,0,Transient,90.0,0,0
City Hotel,1,373,2017,April,14,5,0,3,2,0.0,0,BB,PRT,Offline TA/TO,TA/TO,0,0,0,A,A,0,Non Refund,229.0,0,Transient,90.0,0,0
City Hotel,1,68,2017,April,14,5,0,4,2,0.0,0,BB,PRT,Corporate,Corporate,0,0,0,A,A,2,No Deposit,,0,Transient-Party,110.0,0,0
City Hotel,1,117,2017,April,14,5,0,4,2,0.0,0,BB,PRT,Offline TA/TO,TA/TO,0,0,0,A,A,0,Non Refund,170.0,0,Transient,93.5,0,0
City Hotel,1,117,2017,April,14,5,0,4,2,0.0,0,BB,PRT,Offline TA/TO,TA/TO,0,0,0,A,A,0,Non Refund,170.0,0,Transient,93.5,0,0
City Hotel,1,56,2017,April,14,5,0,4,2,0.0,0,BB,BRA,Online TA,TA/TO,0,0,0,A,A,0,No Deposit,9.0,0,Transient,126.0,0,0
City Hotel,1,117,2017,April,14,5,0,4,2,0.0,0,BB,PRT,Offline TA/TO,TA/TO,0,0,0,A,A,0,Non Refund,170.0,0,Transient,93.5,0,0
City Hotel,1,117,2017,April,14,5,0,4,2,0.0,0,BB,PRT,Offline TA/TO,TA/TO,0,0,0,A,A,0,Non Refund,170.0,0,Transient,93.5,0,0
City Hotel,1,117,2017,April,14,5,0,4,2,0.0,0,BB,PRT,Offline TA/TO,TA/TO,0,0,0,A,A,0,Non Refund,170.0,0,Transient,93.5,0,0
City Hotel,1,54,2017,April,14,5,0,4,2,0.0,0,SC,ITA,Online TA,TA/TO,0,0,0,A,A,0,No Deposit,9.0,0,Transient,108.0,0,0
City Hotel,1,134,2017,April,14,5,0,4,2,0.0,0,BB,PRT,Offline TA/TO,TA/TO,0,0,0,A,A,0,Non Refund,170.0,17,Transient,93.5,0,0
City Hotel,1,117,2017,April,14,5,0,4,2,0.0,0,BB,PRT,Offline TA/TO,TA/TO,0,0,0,A,A,0,Non Refund,170.0,0,Transient,93.5,0,0
City Hotel,1,117,2017,April,14,5,0,4,2,0.0,0,BB,PRT,Offline TA/TO,TA/TO,0,0,0,A,A,0,Non Refund,170.0,0,Transient,93.5,0,0
City Hotel,1,117,2017,April,14,5,0,4,2,0.0,0,BB,PRT,Offline TA/TO,TA/TO,0,0,0,A,A,0,Non Refund,170.0,0,Transient,93.5,0,0
City Hotel,1,77,2017,April,14,5,1,4,2,0.0,0,BB,CZE,Online TA,TA/TO,0,0,0,D,D,0,No Deposit,9.0,0,Transient,126.0,0,2
City Hotel,1,55,2017,April,14,5,2,4,2,0.0,0,BB,POL,Online TA,TA/TO,0,0,0,D,D,0,No Deposit,9.0,0,Transient,135.0,0,0
City Hotel,1,95,2017,April,14,5,2,5,2,0.0,0,HB,ITA,Direct,Direct,0,0,0,A,A,1,No Deposit,14.0,0,Transient,134.25,0,0
City Hotel,1,10,2017,April,14,6,0,1,2,0.0,0,BB,PRT,Online TA,TA/TO,0,0,0,E,E,0,No Deposit,9.0,0,Transient,174.0,0,0
City Hotel,1,93,2017,April,14,6,0,3,2,0.0,0,BB,PRT,Offline TA/TO,TA/TO,0,0,0,A,A,0,Non Refund,170.0,0,Transient,95.0,0,0
City Hotel,1,93,2017,April,14,6,0,3,2,0.0,0,BB,PRT,Offline TA/TO,TA/TO,0,0,0,A,A,0,Non Refund,170.0,0,Transient,95.0,0,0
City Hotel,1,312,2017,April,14,6,0,2,2,0.0,0,BB,RUS,Online TA,TA/TO,0,0,0,A,A,2,No Deposit,9.0,0,Transient,109.8,0,0
City Hotel,1,93,2017,April,14,6,0,3,2,0.0,0,BB,PRT,Offline TA/TO,TA/TO,0,0,0,A,A,0,Non Refund,170.0,0,Transient,95.0,0,0
City Hotel,1,93,2017,April,14,6,0,3,2,0.0,0,BB,PRT,Offline TA/TO,TA/TO,0,0,0,A,A,0,Non Refund,170.0,0,Transient,95.0,0,0
City Hotel,1,93,2017,April,14,6,0,3,2,0.0,0,BB,PRT,Offline TA/TO,TA/TO,0,0,0,A,A,0,Non Refund,170.0,0,Transient,95.0,0,0
City Hotel,1,76,2017,April,14,6,0,3,2,0.0,0,BB,FRA,Online TA,TA/TO,0,0,0,D,D,0,No Deposit,9.0,0,Transient,126.0,0,0
City Hotel,1,82,2017,April,14,6,0,3,2,0.0,0,BB,DNK,Online TA,TA/TO,0,0,0,D,D,0,No Deposit,9.0,0,Transient,127.8,0,0
City Hotel,1,93,2017,April,14,6,0,3,2,0.0,0,BB,PRT,Offline TA/TO,TA/TO,0,0,0,A,A,0,Non Refund,170.0,0,Transient,95.0,0,0
City Hotel,1,93,2017,April,14,6,0,3,2,0.0,0,BB,PRT,Offline TA/TO,TA/TO,0,0,0,A,A,0,Non Refund,170.0,0,Transient,95.0,0,0
City Hotel,1,295,2017,April,14,6,0,3,2,0.0,0,BB,IRL,Online TA,TA/TO,0,0,0,A,A,0,No Deposit,9.0,0,Transient,109.8,0,0
City Hotel,1,93,2017,April,14,6,0,3,2,0.0,0,BB,PRT,Offline TA/TO,TA/TO,0,0,0,A,A,0,Non Refund,170.0,0,Transient,95.0,0,0
City Hotel,1,231,2017,April,14,6,0,3,2,0.0,0,BB,IRL,Online TA,TA/TO,0,0,0,B,B,1,No Deposit,9.0,0,Transient,101.25,0,0
City Hotel,1,93,2017,April,14,6,0,3,2,0.0,0,BB,CHE,Online TA,TA/TO,0,0,0,A,A,0,No Deposit,9.0,0,Transient,117.0,0,0
City Hotel,1,93,2017,April,14,6,0,3,2,0.0,0,BB,PRT,Offline TA/TO,TA/TO,0,0,0,A,A,0,Non Refund,170.0,0,Transient,95.0,0,0
City Hotel,1,93,2017,April,14,6,0,3,2,0.0,0,BB,PRT,Offline TA/TO,TA/TO,0,0,0,A,A,0,Non Refund,170.0,0,Transient,95.0,0,0
City Hotel,1,93,2017,April,14,6,0,3,2,0.0,0,BB,PRT,Offline TA/TO,TA/TO,0,0,0,A,A,0,Non Refund,170.0,0,Transient,95.0,0,0
City Hotel,1,93,2017,April,14,6,0,3,2,0.0,0,BB,PRT,Offline TA/TO,TA/TO,0,0,0,A,A,0,Non Refund,170.0,0,Transient,95.0,0,0
City Hotel,1,82,2017,April,14,6,0,3,2,0.0,0,BB,DNK,Online TA,TA/TO,0,0,0,D,D,0,No Deposit,9.0,0,Transient,127.8,0,0
City Hotel,1,139,2017,April,14,6,0,3,2,0.0,0,BB,PRT,Offline TA/TO,TA/TO,0,0,0,A,A,0,Non Refund,170.0,46,Transient,95.0,0,0
City Hotel,1,175,2017,April,14,6,0,3,2,0.0,0,BB,GBR,Online TA,TA/TO,0,0,0,A,A,2,No Deposit,9.0,0,Transient,121.33,0,1
City Hotel,1,178,2017,April,14,6,0,3,2,0.0,0,BB,CHE,Online TA,TA/TO,0,0,0,A,A,0,No Deposit,9.0,0,Transient,117.0,0,0
City Hotel,1,122,2017,April,14,6,0,3,2,0.0,0,BB,DEU,Online TA,TA/TO,0,0,0,A,A,0,No Deposit,9.0,0,Transient,117.0,0,1
City Hotel,1,93,2017,April,14,6,0,3,2,0.0,0,BB,PRT,Offline TA/TO,TA/TO,0,0,0,A,A,0,Non Refund,170.0,0,Transient,95.0,0,0
City Hotel,1,93,2017,April,14,6,0,3,2,0.0,0,BB,PRT,Offline TA/TO,TA/TO,0,0,0,A,A,0,Non Refund,170.0,0,Transient,95.0,0,0
City Hotel,1,93,2017,April,14,6,0,3,2,0.0,0,BB,PRT,Offline TA/TO,TA/TO,0,0,0,A,A,0,Non Refund,170.0,0,Transient,95.0,0,0
City Hotel,1,93,2017,April,14,6,0,3,2,0.0,0,BB,PRT,Offline TA/TO,TA/TO,0,0,0,A,A,0,Non Refund,170.0,0,Transient,95.0,0,0
City Hotel,1,93,2017,April,14,6,0,3,2,0.0,0,BB,PRT,Offline TA/TO,TA/TO,0,0,0,A,A,0,Non Refund,170.0,0,Transient,95.0,0,0
City Hotel,1,82,2017,April,14,6,0,3,2,0.0,0,BB,DNK,Online TA,TA/TO,0,0,0,D,D,0,No Deposit,9.0,0,Transient,127.8,0,0
City Hotel,1,93,2017,April,14,6,0,3,2,0.0,0,BB,PRT,Offline TA/TO,TA/TO,0,0,0,A,A,0,Non Refund,170.0,0,Transient,95.0,0,0
City Hotel,1,93,2017,April,14,6,0,3,2,0.0,0,BB,PRT,Offline TA/TO,TA/TO,0,0,0,A,A,0,Non Refund,170.0,0,Transient,95.0,0,0
City Hotel,1,60,2017,April,14,6,1,3,2,0.0,0,BB,GBR,Online TA,TA/TO,0,0,0,D,D,1,No Deposit,9.0,0,Transient,126.0,0,0
City Hotel,1,150,2017,April,14,6,1,3,2,0.0,0,BB,ISR,Online TA,TA/TO,0,0,0,A,A,0,No Deposit,9.0,0,Transient,117.0,0,1
City Hotel,1,190,2017,April,14,6,2,3,2,0.0,0,BB,PRT,Online TA,TA/TO,0,0,0,A,A,0,No Deposit,83.0,0,Transient,88.4,0,0
City Hotel,1,191,2017,April,14,6,2,3,2,0.0,0,BB,PRT,Online TA,TA/TO,0,0,0,A,A,0,No Deposit,83.0,0,Transient,88.4,0,0
City Hotel,1,191,2017,April,14,6,2,3,2,0.0,0,BB,PRT,Online TA,TA/TO,0,0,0,A,A,0,No Deposit,83.0,0,Transient,88.4,0,0
City Hotel,1,190,2017,April,14,6,2,3,2,0.0,0,BB,PRT,Online TA,TA/TO,0,0,0,A,A,0,No Deposit,83.0,0,Transient,88.4,0,0
City Hotel,1,32,2017,April,14,6,2,4,2,0.0,0,SC,MAR,Online TA,TA/TO,0,0,0,A,A,0,No Deposit,9.0,0,Transient,120.0,0,0
City Hotel,1,26,2017,April,14,7,0,1,2,0.0,0,BB,CHN,Online TA,TA/TO,0,0,0,A,A,0,No Deposit,9.0,0,Transient,126.0,0,0
City Hotel,1,26,2017,April,14,7,0,1,2,0.0,0,BB,CHN,Online TA,TA/TO,0,0,0,A,A,0,No Deposit,9.0,0,Transient,126.0,0,0
City Hotel,1,78,2017,April,14,7,0,1,2,0.0,0,BB,FRA,Online TA,TA/TO,0,0,0,A,A,1,No Deposit,9.0,0,Transient,117.0,0,1
City Hotel,1,26,2017,April,14,7,0,1,2,0.0,0,BB,CHN,Online TA,TA/TO,0,0,0,A,A,0,No Deposit,9.0,0,Transient,126.0,0,0
City Hotel,1,45,2017,April,14,7,0,2,2,0.0,0,BB,ITA,Online TA,TA/TO,0,0,0,D,D,0,No Deposit,9.0,0,Transient,135.0,0,0
City Hotel,1,152,2017,April,14,7,0,2,2,0.0,0,BB,ISR,Online TA,TA/TO,0,0,0,A,A,0,No Deposit,9.0,0,Transient,117.0,0,2
City Hotel,1,152,2017,April,14,7,0,2,2,0.0,0,BB,ISR,Online TA,TA/TO,0,0,0,A,A,0,No Deposit,9.0,0,Transient,117.0,0,2
City Hotel,1,30,2017,April,14,7,0,2,2,0.0,0,SC,AND,Online TA,TA/TO,0,0,0,A,A,1,No Deposit,9.0,0,Transient,115.0,0,0
City Hotel,1,118,2017,April,14,7,0,2,2,0.0,0,BB,DEU,Online TA,TA/TO,0,0,0,A,A,0,No Deposit,9.0,0,Transient,117.0,0,1
City Hotel,1,152,2017,April,14,7,0,2,2,0.0,0,BB,ISR,Online TA,TA/TO,0,0,0,A,A,0,No Deposit,9.0,0,Transient,117.0,0,2
City Hotel,1,190,2017,April,14,7,0,2,2,0.0,0,SC,DEU,Online TA,TA/TO,0,0,0,A,A,0,No Deposit,9.0,0,Transient,99.0,0,1
City Hotel,1,31,2017,April,14,7,0,2,2,0.0,0,BB,ITA,Online TA,TA/TO,0,0,0,A,A,0,No Deposit,9.0,0,Transient,140.0,0,0
City Hotel,1,144,2017,April,14,7,1,2,2,0.0,0,BB,IRL,Online TA,TA/TO,0,0,0,A,A,0,No Deposit,9.0,0,Transient,117.0,0,0
City Hotel,1,179,2017,April,14,7,1,2,2,0.0,0,BB,ESP,Online TA,TA/TO,0,0,0,B,B,1,No Deposit,9.0,0,Transient,119.68,0,1
City Hotel,1,92,2017,April,14,7,1,2,2,0.0,0,SC,ITA,Online TA,TA/TO,0,0,0,A,A,0,No Deposit,9.0,0,Transient,99.0,0,0
City Hotel,1,60,2017,April,14,7,1,2,2,0.0,0,BB,ESP,Online TA,TA/TO,0,0,0,A,A,0,No Deposit,9.0,0,Transient,126.0,0,0
City Hotel,1,31,2017,April,14,7,1,2,2,0.0,0,SC,BRA,Online TA,TA/TO,0,0,0,A,A,0,No Deposit,9.0,0,Transient,120.0,0,0
City Hotel,1,92,2017,April,14,7,1,2,2,0.0,0,BB,ESP,Online TA,TA/TO,0,0,0,A,A,0,No Deposit,9.0,0,Transient,117.0,0,0
City Hotel,1,25,2017,April,14,7,1,2,2,0.0,0,SC,CHN,Online TA,TA/TO,0,0,0,A,A,2,No Deposit,9.0,0,Transient,108.0,0,0
City Hotel,1,236,2017,April,14,7,1,2,2,0.0,0,BB,GBR,Online TA,TA/TO,0,0,0,A,A,0,No Deposit,9.0,0,Transient,109.8,0,3
City Hotel,1,31,2017,April,14,7,1,2,2,0.0,0,SC,BRA,Online TA,TA/TO,0,0,0,A,A,0,No Deposit,9.0,0,Transient,120.0,0,0
City Hotel,1,84,2017,April,14,7,1,2,2,0.0,0,BB,ESP,Online TA,TA/TO,0,0,0,D,D,0,No Deposit,9.0,0,Transient,127.8,0,0
City Hotel,1,133,2017,April,14,7,1,2,2,0.0,0,SC,POL,Online TA,TA/TO,0,0,0,A,A,0,No Deposit,9.0,0,Transient,99.0,0,0
City Hotel,1,213,2017,April,14,7,1,2,2,0.0,0,BB,ISR,Online TA,TA/TO,0,0,0,B,B,1,No Deposit,9.0,0,Transient,103.05,0,3
City Hotel,1,60,2017,April,14,7,1,2,2,0.0,0,BB,ESP,Online TA,TA/TO,0,0,0,A,A,0,No Deposit,9.0,0,Transient,126.0,0,0
City Hotel,1,197,2017,April,14,7,4,7,2,0.0,0,SC,IRL,Online TA,TA/TO,0,0,0,A,A,0,No Deposit,9.0,0,Transient,99.0,0,1
City Hotel,1,105,2017,April,14,7,2,5,2,0.0,0,BB,DNK,Online TA,TA/TO,0,0,0,A,A,0,No Deposit,9.0,0,Transient,118.29,0,1
City Hotel,1,8,2017,April,14,8,0,1,2,0.0,0,SC,AUS,Online TA,TA/TO,0,0,0,A,A,0,No Deposit,9.0,0,Transient,115.0,0,1
City Hotel,1,81,2017,April,14,8,1,1,2,0.0,0,HB,ITA,Online TA,TA/TO,0,0,0,D,D,0,No Deposit,9.0,0,Transient,162.0,0,0
City Hotel,1,124,2017,April,14,8,1,1,2,0.0,0,SC,GBR,Online TA,TA/TO,0,0,0,A,A,0,No Deposit,9.0,0,Transient,99.0,0,1
City Hotel,1,124,2017,April,14,8,1,1,2,0.0,0,SC,GBR,Online TA,TA/TO,0,0,0,A,A,0,No Deposit,9.0,0,Transient,99.0,0,1
City Hotel,1,124,2017,April,14,8,1,1,2,0.0,0,SC,GBR,Online TA,TA/TO,0,0,0,A,A,0,No Deposit,9.0,0,Transient,99.0,0,1
City Hotel,1,59,2017,April,14,8,1,1,2,0.0,0,BB,DEU,Online TA,TA/TO,0,0,0,A,A,2,No Deposit,9.0,0,Transient,133.0,0,0
City Hotel,1,124,2017,April,14,8,1,1,2,0.0,0,SC,GBR,Online TA,TA/TO,0,0,0,A,A,0,No Deposit,9.0,0,Transient,99.0,0,1
City Hotel,1,124,2017,April,14,8,1,1,2,0.0,0,SC,GBR,Online TA,TA/TO,0,0,0,A,A,0,No Deposit,9.0,0,Transient,99.0,0,1
City Hotel,1,209,2017,April,14,8,1,1,2,0.0,0,HB,BEL,Online TA,TA/TO,0,0,0,A,A,0,No Deposit,9.0,0,Transient,168.0,0,2
City Hotel,1,73,2017,April,14,8,2,1,2,0.0,0,BB,FRA,Online TA,TA/TO,0,0,0,D,D,0,No Deposit,9.0,0,Transient,126.0,0,2
City Hotel,1,64,2017,April,14,8,0,1,2,0.0,0,BB,PRT,Complementary,Direct,0,0,0,A,A,0,No Deposit,,0,Transient,0.0,0,0
City Hotel,1,131,2017,April,14,8,2,1,2,0.0,0,HB,BRA,Online TA,TA/TO,0,0,0,D,D,0,No Deposit,9.0,0,Transient,166.5,0,1
City Hotel,1,117,2017,April,14,8,2,1,2,0.0,0,BB,AUT,Online TA,TA/TO,0,0,0,A,A,0,No Deposit,9.0,0,Transient,117.0,0,1
City Hotel,1,109,2017,April,14,8,2,1,2,0.0,0,SC,ITA,Online TA,TA/TO,0,0,0,A,A,0,No Deposit,9.0,0,Transient,99.0,0,0
City Hotel,1,60,2017,April,14,8,2,1,2,0.0,0,BB,ESP,Online TA,TA/TO,0,0,0,A,A,0,No Deposit,9.0,0,Transient,126.0,0,1
City Hotel,1,60,2017,April,14,8,2,1,2,0.0,0,BB,ESP,Online TA,TA/TO,0,0,0,A,A,0,No Deposit,9.0,0,Transient,126.0,0,1
City Hotel,1,62,2017,April,14,8,2,1,2,0.0,0,BB,ESP,Online TA,TA/TO,0,0,0,D,D,0,No Deposit,9.0,0,Transient,126.0,0,0
City Hotel,1,154,2017,April,14,8,2,1,2,0.0,0,SC,IRL,Online TA,TA/TO,0,0,0,A,A,0,No Deposit,9.0,0,Transient,99.0,0,2
City Hotel,1,222,2017,April,14,8,2,1,2,0.0,0,SC,ITA,Online TA,TA/TO,0,0,0,A,A,0,No Deposit,9.0,0,Transient,99.0,0,1
City Hotel,1,60,2017,April,14,8,2,1,2,0.0,0,BB,ESP,Online TA,TA/TO,0,0,0,A,A,0,No Deposit,9.0,0,Transient,117.0,0,1
City Hotel,1,139,2017,April,14,8,2,2,2,0.0,0,BB,BRA,Online TA,TA/TO,0,0,0,A,A,0,No Deposit,9.0,0,Transient,117.0,0,0
City Hotel,1,63,2017,April,14,8,2,2,2,0.0,0,BB,ESP,Online TA,TA/TO,0,0,0,A,A,0,No Deposit,9.0,0,Transient,117.0,0,0
City Hotel,1,157,2017,April,14,8,2,2,2,0.0,0,BB,ESP,Online TA,TA/TO,0,0,0,A,A,0,No Deposit,9.0,0,Transient,117.0,0,0
City Hotel,1,147,2017,April,14,8,2,2,2,0.0,0,BB,ESP,Online TA,TA/TO,0,0,0,A,A,0,No Deposit,8.0,0,Transient,117.0,0,1
City Hotel,1,147,2017,April,14,8,2,2,2,0.0,0,BB,PRT,Online TA,TA/TO,0,0,0,A,A,0,No Deposit,8.0,0,Transient,117.0,0,1
City Hotel,1,147,2017,April,14,8,2,2,2,0.0,0,BB,PRT,Online TA,TA/TO,0,0,0,A,A,0,No Deposit,8.0,0,Transient,117.0,0,1
City Hotel,1,139,2017,April,14,8,2,2,2,0.0,0,BB,BRA,Online TA,TA/TO,0,0,0,A,A,0,No Deposit,9.0,0,Transient,117.0,0,0
City Hotel,1,104,2017,April,14,8,2,3,2,0.0,0,BB,DNK,Online TA,TA/TO,0,0,0,D,D,0,No Deposit,9.0,0,Transient,130.5,0,2
City Hotel,1,62,2017,April,14,8,2,3,2,0.0,0,SC,ESP,Online TA,TA/TO,0,0,0,A,A,0,No Deposit,9.0,0,Transient,99.0,0,0
City Hotel,1,217,2017,April,14,8,2,3,2,0.0,0,BB,SWE,Online TA,TA/TO,0,0,0,B,B,0,No Deposit,9.0,0,Transient,103.05,0,2
City Hotel,1,147,2017,April,14,8,2,3,2,0.0,0,BB,DEU,Online TA,TA/TO,0,0,0,A,A,0,No Deposit,9.0,0,Transient,117.0,0,1
City Hotel,1,217,2017,April,14,8,2,3,2,0.0,0,BB,SWE,Online TA,TA/TO,0,0,0,B,B,1,No Deposit,9.0,0,Transient,103.05,0,2
City Hotel,1,109,2017,April,14,8,2,5,2,0.0,0,HB,DEU,Online TA,TA/TO,0,0,0,D,D,0,No Deposit,9.0,0,Transient,169.07,0,0
City Hotel,1,111,2017,April,14,8,2,6,2,0.0,0,BB,USA,Online TA,TA/TO,0,0,0,D,D,0,No Deposit,9.0,0,Transient,136.13,0,0
City Hotel,1,66,2017,April,15,9,2,0,2,0.0,0,BB,PRT,Groups,TA/TO,0,0,0,A,A,0,Non Refund,,0,Transient,100.0,0,0
City Hotel,1,66,2017,April,15,9,2,0,2,0.0,0,BB,PRT,Groups,TA/TO,0,0,0,A,A,0,Non Refund,,0,Transient,100.0,0,0
City Hotel,1,66,2017,April,15,9,2,0,2,0.0,0,BB,PRT,Groups,TA/TO,0,0,0,A,A,0,Non Refund,,0,Transient,100.0,0,0
City Hotel,1,66,2017,April,15,9,2,0,2,0.0,0,BB,PRT,Groups,TA/TO,0,0,0,A,A,0,Non Refund,,0,Transient,100.0,0,0
City Hotel,1,66,2017,April,15,9,2,0,2,0.0,0,BB,PRT,Groups,TA/TO,0,0,0,A,A,0,Non Refund,,0,Transient,100.0,0,0
City Hotel,1,66,2017,April,15,9,2,0,2,0.0,0,BB,PRT,Groups,TA/TO,0,0,0,A,A,0,Non Refund,,0,Transient,100.0,0,0
City Hotel,1,248,2017,April,15,9,2,0,2,0.0,0,BB,PRT,Groups,TA/TO,0,0,0,A,A,0,No Deposit,58.0,0,Transient-Party,80.0,0,1
City Hotel,1,248,2017,April,15,9,2,0,2,0.0,0,BB,PRT,Groups,TA/TO,0,0,0,A,A,0,No Deposit,58.0,0,Transient-Party,80.0,0,0
City Hotel,1,66,2017,April,15,9,2,0,2,0.0,0,BB,PRT,Groups,TA/TO,0,0,0,A,A,0,Non Refund,,0,Transient,100.0,0,0
City Hotel,1,66,2017,April,15,9,2,0,2,0.0,0,BB,PRT,Groups,TA/TO,0,0,0,A,A,0,Non Refund,,0,Transient,100.0,0,0
City Hotel,1,66,2017,April,15,9,2,0,2,0.0,0,BB,PRT,Groups,TA/TO,0,0,0,A,A,0,Non Refund,,0,Transient,100.0,0,0
City Hotel,1,66,2017,April,15,9,2,0,2,0.0,0,BB,PRT,Groups,TA/TO,0,0,0,A,A,0,Non Refund,,0,Transient,100.0,0,0
City Hotel,1,66,2017,April,15,9,2,0,2,0.0,0,BB,PRT,Groups,TA/TO,0,0,0,A,A,0,Non Refund,,0,Transient,100.0,0,0
City Hotel,1,248,2017,April,15,9,2,0,2,0.0,0,BB,PRT,Groups,TA/TO,0,0,0,A,A,0,No Deposit,58.0,0,Transient-Party,80.0,0,0
City Hotel,1,66,2017,April,15,9,2,0,2,0.0,0,BB,PRT,Groups,TA/TO,0,0,0,A,A,0,Non Refund,,0,Transient,100.0,0,0
City Hotel,1,248,2017,April,15,9,2,0,2,0.0,0,BB,PRT,Groups,TA/TO,0,0,0,A,A,0,No Deposit,58.0,0,Transient-Party,80.0,0,0
City Hotel,1,66,2017,April,15,9,2,0,2,0.0,0,BB,PRT,Groups,TA/TO,0,0,0,A,A,0,Non Refund,,0,Transient,100.0,0,0
City Hotel,1,66,2017,April,15,9,2,0,2,0.0,0,BB,PRT,Groups,TA/TO,0,0,0,A,A,0,Non Refund,,0,Transient,100.0,0,0
City Hotel,1,52,2017,April,15,9,2,0,2,0.0,0,SC,USA,Online TA,TA/TO,0,0,0,A,A,0,No Deposit,9.0,0,Transient,108.0,0,0
City Hotel,1,28,2017,April,15,9,2,0,2,0.0,0,BB,GBR,Online TA,TA/TO,0,0,0,A,A,0,No Deposit,9.0,0,Transient,140.0,0,0
City Hotel,1,171,2017,April,15,9,2,0,2,0.0,0,BB,BRA,Online TA,TA/TO,0,0,0,A,A,0,No Deposit,9.0,0,Transient,117.0,0,2
City Hotel,1,66,2017,April,15,9,2,0,2,0.0,0,BB,PRT,Groups,TA/TO,0,0,0,A,A,0,Non Refund,,0,Transient,100.0,0,0
City Hotel,1,66,2017,April,15,9,2,0,2,0.0,0,BB,PRT,Groups,TA/TO,0,0,0,A,A,0,Non Refund,,0,Transient,100.0,0,0
City Hotel,1,66,2017,April,15,9,2,0,2,0.0,0,BB,PRT,Groups,TA/TO,0,0,0,A,A,0,Non Refund,,0,Transient,100.0,0,0
City Hotel,1,66,2017,April,15,9,2,0,2,0.0,0,BB,PRT,Groups,TA/TO,0,0,0,A,A,0,Non Refund,,0,Transient,100.0,0,0
City Hotel,1,66,2017,April,15,9,2,0,2,0.0,0,BB,PRT,Groups,TA/TO,0,0,0,A,A,0,Non Refund,,0,Transient,100.0,0,0
City Hotel,1,66,2017,April,15,9,2,0,2,0.0,0,BB,PRT,Groups,TA/TO,0,0,0,A,A,0,Non Refund,,0,Transient,100.0,0,0
City Hotel,1,66,2017,April,15,9,2,0,2,0.0,0,BB,PRT,Groups,TA/TO,0,0,0,A,A,0,Non Refund,,0,Transient,100.0,0,0
City Hotel,1,66,2017,April,15,9,2,0,2,0.0,0,BB,PRT,Groups,TA/TO,0,0,0,A,A,0,Non Refund,,0,Transient,100.0,0,0
City Hotel,1,248,2017,April,15,9,2,0,2,0.0,0,BB,PRT,Groups,TA/TO,0,0,0,A,A,0,No Deposit,58.0,0,Transient-Party,80.0,0,0
City Hotel,1,66,2017,April,15,9,2,0,2,0.0,0,BB,PRT,Groups,TA/TO,0,0,0,A,A,0,Non Refund,,0,Transient,100.0,0,0
City Hotel,1,66,2017,April,15,9,2,0,2,0.0,0,BB,PRT,Groups,TA/TO,0,0,0,A,A,0,Non Refund,,0,Transient,100.0,0,0
City Hotel,1,248,2017,April,15,9,2,0,2,0.0,0,BB,PRT,Groups,TA/TO,0,0,0,A,A,0,No Deposit,58.0,0,Transient-Party,80.0,0,1
City Hotel,1,52,2017,April,15,9,2,0,2,0.0,0,SC,USA,Online TA,TA/TO,0,0,0,A,A,0,No Deposit,9.0,0,Transient,108.0,0,0
City Hotel,1,66,2017,April,15,9,2,0,2,0.0,0,BB,PRT,Groups,TA/TO,0,0,0,A,A,0,Non Refund,,0,Transient,100.0,0,0
City Hotel,1,171,2017,April,15,9,2,0,2,0.0,0,SC,BRA,Online TA,TA/TO,0,0,0,A,A,0,No Deposit,9.0,0,Transient,99.0,0,0
City Hotel,1,248,2017,April,15,9,2,0,2,0.0,0,BB,PRT,Groups,TA/TO,0,0,0,A,A,0,No Deposit,58.0,0,Transient-Party,80.0,0,0
City Hotel,1,66,2017,April,15,9,2,0,2,0.0,0,BB,PRT,Groups,TA/TO,0,0,0,A,A,0,Non Refund,,0,Transient,100.0,0,0
City Hotel,1,66,2017,April,15,9,2,0,2,0.0,0,BB,PRT,Groups,TA/TO,0,0,0,A,A,0,Non Refund,,0,Transient,100.0,0,0
City Hotel,1,66,2017,April,15,9,2,0,2,0.0,0,BB,PRT,Groups,TA/TO,0,0,0,A,A,0,Non Refund,,0,Transient,100.0,0,0
City Hotel,1,66,2017,April,15,9,2,0,2,0.0,0,BB,PRT,Groups,TA/TO,0,0,0,A,A,0,Non Refund,,0,Transient,100.0,0,0
City Hotel,1,66,2017,April,15,9,2,0,2,0.0,0,BB,PRT,Groups,TA/TO,0,0,0,A,A,0,Non Refund,,0,Transient,100.0,0,0
City Hotel,1,66,2017,April,15,9,2,0,2,0.0,0,BB,PRT,Groups,TA/TO,0,0,0,A,A,0,Non Refund,,0,Transient,100.0,0,0
City Hotel,1,66,2017,April,15,9,2,0,2,0.0,0,BB,PRT,Groups,TA/TO,0,0,0,A,A,0,Non Refund,,0,Transient,100.0,0,0
City Hotel,1,66,2017,April,15,9,2,0,2,0.0,0,BB,PRT,Groups,TA/TO,0,0,0,A,A,0,Non Refund,,0,Transient,100.0,0,0
City Hotel,1,66,2017,April,15,9,2,0,2,0.0,0,BB,PRT,Groups,TA/TO,0,0,0,A,A,0,Non Refund,,0,Transient,100.0,0,0
City Hotel,1,66,2017,April,15,9,2,0,2,0.0,0,BB,PRT,Groups,TA/TO,0,0,0,A,A,0,Non Refund,,0,Transient,100.0,0,0
City Hotel,1,66,2017,April,15,9,2,0,2,0.0,0,BB,PRT,Groups,TA/TO,0,0,0,A,A,0,Non Refund,,0,Transient,100.0,0,0
City Hotel,1,66,2017,April,15,9,2,0,2,0.0,0,BB,PRT,Groups,TA/TO,0,0,0,A,A,0,Non Refund,,0,Transient,100.0,0,0
City Hotel,1,30,2017,April,15,9,2,0,2,0.0,0,BB,AUT,Online TA,TA/TO,0,0,0,A,A,0,No Deposit,9.0,0,Transient,149.0,0,0
City Hotel,1,66,2017,April,15,9,2,0,2,0.0,0,BB,PRT,Groups,TA/TO,0,0,0,A,A,0,Non Refund,,0,Transient,100.0,0,0
City Hotel,1,66,2017,April,15,9,2,0,2,0.0,0,BB,PRT,Groups,TA/TO,0,0,0,A,A,0,Non Refund,,0,Transient,100.0,0,0
City Hotel,1,73,2017,April,15,9,2,0,2,0.0,0,BB,PRT,Groups,TA/TO,0,0,0,A,A,0,Non Refund,,7,Transient,100.0,0,0
City Hotel,1,180,2017,April,15,9,2,1,2,0.0,0,BB,NLD,Online TA,TA/TO,0,0,0,A,A,0,No Deposit,9.0,0,Transient,117.0,0,1
City Hotel,1,79,2017,April,15,9,2,1,2,0.0,0,SC,BEL,Online TA,TA/TO,0,0,0,A,A,0,No Deposit,9.0,0,Transient,99.0,0,0
City Hotel,1,122,2017,April,15,9,2,1,2,0.0,0,SC,ESP,Online TA,TA/TO,0,0,0,A,A,0,No Deposit,9.0,0,Transient,99.0,0,1
City Hotel,1,145,2017,April,15,9,2,1,2,0.0,0,HB,PRT,Direct,Direct,0,0,0,A,A,1,No Deposit,14.0,0,Transient,188.0,0,2
City Hotel,1,137,2017,April,15,9,2,2,2,0.0,0,HB,PRT,Online TA,TA/TO,0,0,0,A,A,0,No Deposit,83.0,0,Transient,122.4,0,0
City Hotel,1,137,2017,April,15,9,2,2,2,0.0,0,HB,PRT,Online TA,TA/TO,0,0,0,A,A,0,No Deposit,83.0,0,Transient,122.4,0,0
City Hotel,1,63,2017,April,15,9,2,2,2,0.0,0,BB,ESP,Online TA,TA/TO,0,0,0,A,A,0,No Deposit,9.0,0,Transient,117.0,0,0
City Hotel,1,118,2017,April,15,9,2,2,2,0.0,0,SC,PRT,Online TA,TA/TO,0,0,0,A,A,0,No Deposit,9.0,0,Transient,99.0,0,1
City Hotel,1,28,2017,April,15,9,2,2,2,0.0,0,SC,FRA,Online TA,TA/TO,0,0,0,A,A,0,No Deposit,9.0,0,Transient,120.0,0,0
City Hotel,1,79,2017,April,15,9,2,2,2,0.0,0,SC,IRL,Online TA,TA/TO,0,0,0,A,A,0,No Deposit,9.0,0,Transient,99.0,0,2
City Hotel,1,193,2017,April,15,9,2,2,2,0.0,0,BB,PRT,Online TA,TA/TO,0,0,0,A,A,0,No Deposit,8.0,0,Transient,117.0,0,1
City Hotel,1,181,2017,April,15,9,2,2,2,0.0,0,HB,FRA,Online TA,TA/TO,0,0,0,D,D,0,No Deposit,9.0,0,Transient,164.7,0,2
City Hotel,1,73,2017,April,15,9,2,3,2,0.0,0,BB,BRA,Online TA,TA/TO,0,0,0,A,A,0,No Deposit,9.0,0,Transient,118.8,0,0
City Hotel,1,76,2017,April,15,9,2,3,2,0.0,0,BB,NOR,Direct,Direct,0,0,0,A,A,0,No Deposit,14.0,0,Transient,100.8,0,0
City Hotel,1,76,2017,April,15,9,2,3,2,0.0,0,BB,NOR,Direct,Direct,0,0,0,A,A,0,No Deposit,14.0,0,Transient,100.8,0,0
City Hotel,1,71,2017,April,15,9,2,3,2,0.0,0,HB,PRT,Offline TA/TO,TA/TO,0,0,0,A,A,0,No Deposit,168.0,0,Transient,121.1,0,1
City Hotel,1,76,2017,April,15,9,2,3,2,0.0,0,BB,NOR,Direct,Direct,0,0,0,A,A,0,No Deposit,14.0,0,Transient,100.8,0,0
City Hotel,1,0,2017,April,15,9,1,0,2,0.0,0,BB,PRT,Direct,Direct,0,0,0,A,A,0,No Deposit,,0,Transient,12.0,0,0
City Hotel,1,47,2017,April,15,9,2,3,2,0.0,0,BB,DEU,Online TA,TA/TO,0,0,0,A,A,0,No Deposit,9.0,0,Transient,126.0,0,0
City Hotel,1,50,2017,April,15,9,2,3,2,0.0,0,BB,FRA,Online TA,TA/TO,0,0,0,A,A,0,No Deposit,9.0,0,Transient,126.0,0,0
City Hotel,1,85,2017,April,15,9,2,4,2,0.0,0,BB,DEU,Online TA,TA/TO,0,0,0,A,A,0,No Deposit,9.0,0,Transient,120.0,0,0
City Hotel,1,88,2017,April,15,9,2,5,2,0.0,0,BB,FIN,Online TA,TA/TO,0,0,0,E,E,0,No Deposit,9.0,0,Transient,159.43,0,0
City Hotel,1,88,2017,April,15,9,2,5,2,0.0,0,BB,FIN,Online TA,TA/TO,0,0,0,E,E,0,No Deposit,9.0,0,Transient,159.43,0,0
City Hotel,1,236,2017,April,15,9,2,5,2,0.0,0,BB,BEL,Online TA,TA/TO,0,0,0,D,D,3,No Deposit,9.0,0,Transient,170.36,0,1
City Hotel,1,31,2017,April,15,10,1,1,2,0.0,0,SC,GBR,Online TA,TA/TO,0,0,0,A,A,0,No Deposit,9.0,0,Transient,120.0,0,0
City Hotel,1,33,2017,April,15,10,1,1,2,0.0,0,BB,GBR,Online TA,TA/TO,0,0,0,A,A,0,No Deposit,9.0,0,Transient,140.0,0,0
City Hotel,1,38,2017,April,15,10,1,1,2,0.0,0,BB,FRA,Online TA,TA/TO,0,0,0,A,A,0,No Deposit,9.0,0,Transient,140.0,0,0
City Hotel,1,10,2017,April,15,10,1,1,2,0.0,0,SC,USA,Online TA,TA/TO,0,0,0,A,A,0,No Deposit,9.0,0,Transient,115.0,0,1
City Hotel,1,10,2017,April,15,10,1,1,2,0.0,0,SC,NLD,Online TA,TA/TO,0,0,0,A,A,0,No Deposit,9.0,0,Transient,115.0,0,1
City Hotel,1,43,2017,April,15,10,1,2,2,0.0,0,SC,FRA,Online TA,TA/TO,0,0,0,A,A,0,No Deposit,9.0,0,Transient,116.0,0,0
City Hotel,1,130,2017,April,15,10,1,2,2,0.0,0,SC,DEU,Online TA,TA/TO,0,0,0,A,A,0,No Deposit,9.0,0,Transient,99.0,0,0
City Hotel,1,16,2017,April,15,10,1,2,2,0.0,0,BB,PRT,Direct,Corporate,0,0,0,A,A,0,No Deposit,,0,Transient,119.0,0,0
City Hotel,1,146,2017,April,15,10,1,2,2,0.0,0,BB,FRA,Online TA,TA/TO,0,0,0,A,A,4,No Deposit,9.0,0,Transient,121.33,0,2
City Hotel,1,43,2017,April,15,10,1,2,2,0.0,0,SC,FRA,Online TA,TA/TO,0,0,0,A,A,0,No Deposit,9.0,0,Transient,116.0,0,0
City Hotel,1,28,2017,April,15,10,1,2,2,0.0,0,BB,ESP,Online TA,TA/TO,0,0,0,A,A,0,No Deposit,9.0,0,Transient,140.0,0,0
City Hotel,1,82,2017,April,15,10,1,2,2,0.0,0,HB,ESP,Online TA,TA/TO,0,0,0,D,D,0,No Deposit,9.0,0,Transient,216.0,0,0
City Hotel,1,59,2017,April,15,10,1,3,2,0.0,0,BB,IRL,Online TA,TA/TO,0,0,0,A,A,0,No Deposit,9.0,0,Transient,126.0,0,0
City Hotel,1,47,2017,April,15,10,1,3,2,0.0,0,BB,ITA,Online TA,TA/TO,0,0,0,A,A,0,No Deposit,9.0,0,Transient,126.0,0,0
City Hotel,1,77,2017,April,15,10,1,3,2,0.0,0,BB,FRA,Direct,Direct,0,0,0,A,A,0,No Deposit,14.0,0,Transient,101.25,0,1
City Hotel,1,48,2017,April,15,10,1,3,2,0.0,0,SC,DEU,Online TA,TA/TO,0,0,0,A,A,0,No Deposit,9.0,0,Transient,108.0,0,0
City Hotel,1,48,2017,April,15,10,1,3,2,0.0,0,SC,DEU,Online TA,TA/TO,0,0,0,A,A,0,No Deposit,9.0,0,Transient,108.0,0,0
City Hotel,1,116,2017,April,15,10,1,3,2,0.0,0,SC,FRA,Online TA,TA/TO,0,0,0,A,A,0,No Deposit,9.0,0,Transient,101.25,0,2
City Hotel,1,78,2017,April,15,10,1,3,2,0.0,0,SC,FRA,Online TA,TA/TO,0,0,0,A,A,2,No Deposit,9.0,0,Transient,101.25,0,0
City Hotel,1,54,2017,April,15,10,1,3,2,0.0,0,BB,BEL,Online TA,TA/TO,0,0,0,A,A,0,No Deposit,9.0,0,Transient,126.0,0,0
City Hotel,1,85,2017,April,15,10,1,3,2,0.0,0,BB,FRA,Online TA,TA/TO,0,0,0,A,A,0,No Deposit,9.0,0,Transient,119.25,0,0
City Hotel,1,51,2017,April,15,10,1,3,2,0.0,0,SC,FRA,Online TA,TA/TO,0,0,0,A,A,0,No Deposit,9.0,0,Transient,108.0,0,0
City Hotel,1,85,2017,April,15,10,1,3,2,0.0,0,BB,FRA,Online TA,TA/TO,0,0,0,A,A,0,No Deposit,9.0,0,Transient,119.25,0,0
City Hotel,1,119,2017,April,15,10,1,4,2,0.0,0,SC,PRT,Online TA,TA/TO,0,0,0,A,A,0,No Deposit,9.0,0,Transient,102.6,0,0
City Hotel,1,295,2017,April,15,10,1,4,2,0.0,0,BB,CHE,Online TA,TA/TO,0,0,0,D,D,0,No Deposit,9.0,0,Transient,123.3,0,0
City Hotel,1,163,2017,April,15,10,1,4,2,0.0,0,SC,GBR,Online TA,TA/TO,0,0,0,A,A,0,No Deposit,9.0,0,Transient,102.6,0,2
City Hotel,1,114,2017,April,15,10,1,5,2,0.0,0,SC,GBR,Online TA,TA/TO,0,0,0,A,A,2,No Deposit,9.0,0,Transient,106.5,0,2
City Hotel,1,126,2017,April,15,10,2,5,2,0.0,0,BB,PRT,Offline TA/TO,TA/TO,0,0,0,A,A,0,No Deposit,28.0,0,Transient,89.1,0,0
City Hotel,1,141,2017,April,15,11,0,1,2,0.0,0,BB,BRA,Online TA,TA/TO,0,0,0,D,D,0,No Deposit,9.0,0,Transient,130.5,0,0
City Hotel,1,32,2017,April,15,11,0,2,2,0.0,0,SC,CHN,Online TA,TA/TO,0,0,0,A,A,0,No Deposit,9.0,0,Transient,108.0,0,0
City Hotel,1,31,2017,April,15,11,0,2,2,0.0,0,BB,EST,Online TA,TA/TO,0,0,0,A,A,0,No Deposit,9.0,0,Transient,140.0,0,0
City Hotel,1,119,2017,April,15,11,0,3,2,0.0,0,SC,FRA,Online TA,TA/TO,0,0,0,A,A,0,No Deposit,9.0,0,Transient,102.0,0,1
City Hotel,1,119,2017,April,15,11,0,3,2,0.0,0,SC,FRA,Online TA,TA/TO,0,0,0,A,A,0,No Deposit,9.0,0,Transient,102.0,0,1
City Hotel,1,39,2017,April,15,11,0,3,2,0.0,0,SC,BEL,Online TA,TA/TO,0,0,0,A,A,0,No Deposit,9.0,0,Transient,120.0,0,0
City Hotel,1,52,2017,April,15,11,0,3,2,0.0,0,BB,PRT,Online TA,TA/TO,0,0,0,A,A,0,No Deposit,7.0,0,Transient,100.8,0,1
City Hotel,1,119,2017,April,15,11,0,3,2,0.0,0,SC,FRA,Online TA,TA/TO,0,0,0,A,A,0,No Deposit,9.0,0,Transient,102.0,0,1
City Hotel,1,201,2017,April,15,11,0,4,2,0.0,0,BB,DEU,Online TA,TA/TO,0,0,0,A,A,0,No Deposit,9.0,0,Transient,117.0,0,1
City Hotel,1,92,2017,April,15,11,0,4,2,0.0,0,BB,FRA,Online TA,TA/TO,0,0,0,D,D,0,No Deposit,9.0,0,Transient,135.0,0,1
City Hotel,1,269,2017,April,15,11,0,4,2,0.0,0,BB,DNK,Online TA,TA/TO,0,0,0,D,D,0,No Deposit,9.0,0,Transient,123.3,0,1
City Hotel,1,92,2017,April,15,11,0,4,2,0.0,0,SC,FRA,Online TA,TA/TO,0,0,0,A,A,0,No Deposit,9.0,0,Transient,103.5,0,0
City Hotel,1,162,2017,April,15,11,2,5,2,0.0,0,HB,BRA,Online TA,TA/TO,0,0,0,A,A,0,No Deposit,9.0,0,Transient,155.06,0,0
City Hotel,1,161,2017,April,15,11,2,5,2,0.0,0,BB,BRA,Direct,Direct,0,0,0,A,A,0,No Deposit,14.0,0,Transient,150.86,0,0
City Hotel,1,221,2017,April,15,11,2,5,2,0.0,0,SC,GRC,Online TA,TA/TO,0,0,0,A,A,0,No Deposit,9.0,0,Transient,99.0,0,0
City Hotel,1,39,2017,April,15,12,0,2,2,0.0,0,SC,ESP,Online TA,TA/TO,0,0,0,A,A,0,No Deposit,9.0,0,Transient,120.0,0,0
City Hotel,1,88,2017,April,15,12,0,3,2,0.0,0,BB,ESP,Online TA,TA/TO,0,0,0,A,A,0,No Deposit,9.0,0,Transient,123.0,0,0
City Hotel,1,87,2017,April,15,12,0,3,2,0.0,0,SC,DEU,Online TA,TA/TO,0,0,0,A,A,0,No Deposit,9.0,0,Transient,105.0,0,2
City Hotel,1,112,2017,April,15,12,0,3,2,0.0,0,SC,ITA,Online TA,TA/TO,0,0,0,A,A,0,No Deposit,9.0,0,Transient,105.0,0,2
City Hotel,1,264,2017,April,15,12,0,3,2,0.0,0,SC,DEU,Online TA,TA/TO,0,0,0,A,A,0,No Deposit,9.0,0,Transient,99.0,0,1
City Hotel,1,96,2017,April,15,12,0,3,2,0.0,0,HB,ESP,Online TA,TA/TO,0,0,0,A,A,0,No Deposit,9.0,0,Transient,159.0,0,1
City Hotel,1,91,2017,April,15,12,0,3,2,0.0,0,SC,ARG,Online TA,TA/TO,0,0,0,A,A,0,No Deposit,9.0,0,Transient,105.0,0,0
City Hotel,1,84,2017,April,15,12,0,4,2,0.0,0,BB,ESP,Online TA,TA/TO,0,0,0,A,A,0,No Deposit,9.0,0,Transient,128.25,0,1
City Hotel,1,114,2017,April,15,12,1,4,2,0.0,0,BB,CHE,Online TA,TA/TO,0,0,0,D,D,0,No Deposit,9.0,0,Transient,141.3,0,2
City Hotel,1,6,2017,April,15,12,1,4,2,0.0,0,SC,AUT,Online TA,TA/TO,0,0,0,A,A,0,No Deposit,9.0,0,Transient,156.0,0,0
City Hotel,1,278,2017,April,15,12,1,4,2,0.0,0,SC,BRA,Online TA,TA/TO,0,0,0,A,B,1,No Deposit,9.0,0,Transient,99.0,0,1
City Hotel,1,219,2017,April,15,12,0,4,2,0.0,0,BB,SWE,Direct,Direct,0,0,0,B,B,1,No Deposit,14.0,0,Transient,101.25,0,0
City Hotel,1,278,2017,April,15,12,1,4,2,0.0,0,SC,BRA,Online TA,TA/TO,0,0,0,A,B,1,No Deposit,9.0,0,Transient,99.0,0,1
City Hotel,1,6,2017,April,15,12,1,4,2,0.0,0,SC,AUT,Online TA,TA/TO,0,0,0,A,A,0,No Deposit,9.0,0,Transient,156.0,0,0
City Hotel,1,259,2017,April,15,12,2,4,2,0.0,0,BB,SWE,Online TA,TA/TO,0,0,0,A,A,0,No Deposit,9.0,0,Transient,109.8,0,2
City Hotel,1,259,2017,April,15,12,2,4,2,0.0,0,BB,SWE,Online TA,TA/TO,0,0,0,A,A,0,No Deposit,9.0,0,Transient,109.8,0,2
City Hotel,1,259,2017,April,15,12,2,4,2,0.0,0,SC,SWE,Online TA,TA/TO,0,0,0,A,A,0,No Deposit,9.0,0,Transient,99.0,0,3
City Hotel,1,308,2017,April,15,12,2,6,2,0.0,0,BB,BRA,Online TA,TA/TO,0,0,0,A,A,0,No Deposit,9.0,0,Transient,109.8,0,0
City Hotel,1,203,2017,April,15,12,2,5,2,0.0,0,BB,GBR,Online TA,TA/TO,0,0,0,A,A,0,No Deposit,9.0,0,Transient,117.0,0,4
City Hotel,1,164,2017,April,15,13,0,1,2,0.0,0,HB,HUN,Online TA,TA/TO,0,0,0,A,A,2,No Deposit,9.0,0,Transient,160.2,0,2
City Hotel,1,53,2017,April,15,13,0,1,2,0.0,0,SC,ECU,Online TA,TA/TO,0,0,0,A,A,0,No Deposit,9.0,0,Transient,108.0,0,0
City Hotel,1,53,2017,April,15,13,0,1,2,0.0,0,SC,ECU,Online TA,TA/TO,0,0,0,A,A,0,No Deposit,9.0,0,Transient,108.0,0,0
City Hotel,1,34,2017,April,15,13,0,2,2,0.0,0,BB,ROU,Online TA,TA/TO,0,0,0,E,E,0,No Deposit,9.0,0,Transient,180.0,0,0
City Hotel,1,8,2017,April,15,13,0,2,2,0.0,0,SC,ESP,Online TA,TA/TO,0,0,0,A,A,0,No Deposit,9.0,0,Transient,150.0,0,1
City Hotel,1,106,2017,April,15,13,0,2,2,0.0,0,SC,ESP,Online TA,TA/TO,0,0,0,A,A,0,No Deposit,9.0,0,Transient,108.0,0,0
City Hotel,1,38,2017,April,15,13,0,2,2,0.0,0,BB,ESP,Online TA,TA/TO,0,0,0,E,E,0,No Deposit,9.0,0,Transient,180.0,0,0
City Hotel,1,106,2017,April,15,13,0,2,2,0.0,0,SC,ESP,Online TA,TA/TO,0,0,0,A,A,0,No Deposit,9.0,0,Transient,108.0,0,0
City Hotel,1,9,2017,April,15,13,0,3,2,0.0,0,BB,ESP,Online TA,TA/TO,0,0,0,E,E,0,No Deposit,9.0,0,Transient,210.0,0,1
City Hotel,1,29,2017,April,15,13,0,3,2,0.0,0,BB,PRT,Online TA,TA/TO,0,0,0,G,G,0,No Deposit,7.0,0,Transient,254.0,0,0
City Hotel,1,245,2017,April,15,13,0,3,2,0.0,0,SC,CYP,Online TA,TA/TO,0,0,0,A,A,0,No Deposit,9.0,0,Transient,99.0,0,1
City Hotel,1,7,2017,April,15,13,0,3,2,0.0,0,SC,HKG,Online TA,TA/TO,0,0,0,A,A,0,No Deposit,9.0,0,Transient,160.0,0,1
City Hotel,1,19,2017,April,15,13,0,3,2,0.0,0,BB,ESP,Online TA,TA/TO,0,0,0,E,E,0,No Deposit,9.0,0,Transient,174.0,0,0
City Hotel,1,147,2017,April,15,13,0,3,2,0.0,0,BB,BEL,Online TA,TA/TO,0,0,0,A,A,0,No Deposit,9.0,0,Transient,126.0,0,2
City Hotel,1,245,2017,April,15,13,0,3,2,0.0,0,SC,CYP,Online TA,TA/TO,0,0,0,A,A,0,No Deposit,9.0,0,Transient,99.0,0,1
City Hotel,1,16,2017,April,15,13,0,3,2,0.0,0,SC,ESP,Online TA,TA/TO,0,0,0,A,A,0,No Deposit,9.0,0,Transient,138.33,0,0
City Hotel,1,147,2017,April,15,13,0,3,2,0.0,0,BB,BEL,Online TA,TA/TO,0,0,0,A,A,0,No Deposit,9.0,0,Transient,126.0,0,2
City Hotel,1,151,2017,April,15,13,0,3,2,0.0,0,BB,PRT,Online TA,TA/TO,0,0,0,A,A,0,No Deposit,8.0,0,Transient,126.0,0,1
City Hotel,1,315,2017,April,15,13,0,3,2,0.0,0,BB,PRT,Online TA,TA/TO,0,0,0,A,A,0,No Deposit,8.0,0,Transient,109.8,0,0
City Hotel,1,17,2017,April,15,13,0,3,2,0.0,0,SC,ESP,Online TA,TA/TO,0,0,0,A,A,0,No Deposit,9.0,0,Transient,138.33,0,0
City Hotel,1,111,2017,April,15,13,0,3,2,0.0,0,HB,ESP,Online TA,TA/TO,0,0,0,D,D,0,No Deposit,9.0,0,Transient,181.5,0,0
City Hotel,1,17,2017,April,15,13,0,3,2,0.0,0,SC,ESP,Online TA,TA/TO,0,0,0,A,A,0,No Deposit,9.0,0,Transient,138.33,0,0
City Hotel,1,315,2017,April,15,13,0,3,2,0.0,0,BB,PRT,Online TA,TA/TO,0,0,0,A,A,0,No Deposit,8.0,0,Transient,109.8,0,0
City Hotel,1,7,2017,April,15,13,0,3,2,0.0,0,SC,HKG,Online TA,TA/TO,0,0,0,A,A,0,No Deposit,9.0,0,Transient,160.0,0,1
City Hotel,1,151,2017,April,15,13,0,3,2,0.0,0,BB,PRT,Online TA,TA/TO,0,0,0,A,A,0,No Deposit,8.0,0,Transient,126.0,0,1
City Hotel,1,141,2017,April,15,13,0,3,2,0.0,0,SC,PRT,Offline TA/TO,TA/TO,0,0,0,A,A,0,No Deposit,28.0,0,Transient,80.1,0,0
City Hotel,1,9,2017,April,15,13,0,3,2,0.0,0,BB,ESP,Online TA,TA/TO,0,0,0,E,E,0,No Deposit,9.0,0,Transient,210.0,0,0
City Hotel,1,147,2017,April,15,13,0,3,2,0.0,0,BB,BEL,Online TA,TA/TO,0,0,0,A,A,0,No Deposit,9.0,0,Transient,126.0,0,2
City Hotel,1,41,2017,April,15,13,0,3,2,0.0,0,BB,ESP,Online TA,TA/TO,0,0,0,D,D,0,No Deposit,9.0,0,Transient,156.67,0,0
City Hotel,1,155,2017,April,15,13,1,3,2,0.0,0,BB,PRT,Offline TA/TO,TA/TO,0,0,0,A,A,0,Non Refund,58.0,0,Transient,130.0,0,0
City Hotel,1,155,2017,April,15,13,1,3,2,0.0,0,BB,PRT,Offline TA/TO,TA/TO,0,0,0,A,A,0,Non Refund,58.0,0,Transient,130.0,0,0
City Hotel,1,6,2017,April,15,13,1,3,2,0.0,0,SC,CN,Online TA,TA/TO,0,0,0,A,A,0,No Deposit,9.0,0,Transient,157.5,0,1
City Hotel,1,155,2017,April,15,13,1,3,2,0.0,0,BB,PRT,Offline TA/TO,TA/TO,0,0,0,A,A,0,Non Refund,58.0,0,Transient,130.0,0,0
City Hotel,1,155,2017,April,15,13,1,3,2,0.0,0,BB,PRT,Offline TA/TO,TA/TO,0,0,0,A,A,0,Non Refund,58.0,0,Transient,130.0,0,0
City Hotel,1,16,2017,April,15,13,1,3,2,0.0,0,SC,PRT,Online TA,TA/TO,0,0,0,A,A,0,No Deposit,8.0,0,Transient,132.5,0,0
City Hotel,1,155,2017,April,15,13,1,3,2,0.0,0,BB,PRT,Offline TA/TO,TA/TO,0,0,0,A,A,0,Non Refund,58.0,0,Transient,130.0,0,0
City Hotel,1,155,2017,April,15,13,1,3,2,0.0,0,BB,PRT,Offline TA/TO,TA/TO,0,0,0,A,A,0,Non Refund,58.0,0,Transient,130.0,0,0
City Hotel,1,155,2017,April,15,13,1,3,2,0.0,0,BB,PRT,Offline TA/TO,TA/TO,0,0,0,A,A,0,Non Refund,58.0,0,Transient,130.0,0,0
City Hotel,1,155,2017,April,15,13,1,3,2,0.0,0,BB,PRT,Offline TA/TO,TA/TO,0,0,0,A,A,0,Non Refund,58.0,0,Transient,130.0,0,0
City Hotel,1,155,2017,April,15,13,1,3,2,0.0,0,BB,PRT,Offline TA/TO,TA/TO,0,0,0,A,A,0,Non Refund,58.0,0,Transient,130.0,0,0
City Hotel,1,138,2017,April,15,13,1,3,2,0.0,0,BB,DEU,Online TA,TA/TO,0,0,0,D,D,0,No Deposit,9.0,0,Transient,137.25,0,1
City Hotel,1,155,2017,April,15,13,1,3,2,0.0,0,BB,PRT,Offline TA/TO,TA/TO,0,0,0,A,A,0,Non Refund,58.0,0,Transient,130.0,0,0
City Hotel,1,172,2017,April,15,13,1,3,2,0.0,0,BB,ITA,Online TA,TA/TO,0,0,0,A,A,0,No Deposit,9.0,0,Transient,123.75,0,1
City Hotel,1,246,2017,April,15,13,1,3,2,0.0,0,BB,DEU,Online TA,TA/TO,0,0,0,A,A,2,No Deposit,9.0,0,Transient,101.7,0,2
City Hotel,1,155,2017,April,15,13,1,3,2,0.0,0,BB,PRT,Offline TA/TO,TA/TO,0,0,0,A,A,0,Non Refund,58.0,0,Transient,130.0,0,0
City Hotel,1,155,2017,April,15,13,1,3,2,0.0,0,BB,PRT,Offline TA/TO,TA/TO,0,0,0,A,A,0,Non Refund,58.0,0,Transient,130.0,0,0
City Hotel,1,309,2017,April,15,13,1,3,2,0.0,0,SC,HUN,Online TA,TA/TO,0,0,0,A,A,0,No Deposit,9.0,0,Transient,99.0,0,0
City Hotel,1,163,2017,April,15,13,1,3,2,0.0,0,BB,DEU,Online TA,TA/TO,0,0,0,D,D,0,No Deposit,9.0,0,Transient,137.25,0,2
City Hotel,1,81,2017,April,15,13,1,3,2,0.0,0,SC,DEU,Online TA,TA/TO,0,0,0,A,A,0,No Deposit,9.0,0,Transient,112.5,0,2
City Hotel,1,155,2017,April,15,13,1,3,2,0.0,0,BB,PRT,Offline TA/TO,TA/TO,0,0,0,A,A,0,Non Refund,58.0,0,Transient,130.0,0,0
City Hotel,1,155,2017,April,15,13,1,3,2,0.0,0,BB,PRT,Offline TA/TO,TA/TO,0,0,0,A,A,0,Non Refund,58.0,0,Transient,130.0,0,0
City Hotel,1,111,2017,April,15,13,2,3,2,0.0,0,BB,PRT,Offline TA/TO,TA/TO,0,0,0,A,A,0,No Deposit,16.0,0,Transient,89.1,0,1
City Hotel,1,98,2017,April,15,14,0,1,2,0.0,0,SC,BEL,Online TA,TA/TO,0,0,0,A,A,0,No Deposit,9.0,0,Transient,108.0,0,1
City Hotel,1,48,2017,April,15,14,0,2,2,0.0,0,BB,FRA,Online TA,TA/TO,0,0,0,D,D,0,No Deposit,9.0,0,Transient,144.0,0,0
City Hotel,1,62,2017,April,15,14,0,2,2,0.0,0,BB,DEU,Online TA,TA/TO,0,0,0,D,D,0,No Deposit,9.0,0,Transient,144.0,0,0
City Hotel,1,166,2017,April,15,14,0,2,2,0.0,0,SC,PRT,Online TA,TA/TO,0,0,0,A,A,2,No Deposit,9.0,0,Transient,114.0,0,1
City Hotel,1,14,2017,April,15,14,0,2,2,0.0,0,SC,PRT,Online TA,TA/TO,0,0,0,A,A,0,No Deposit,9.0,0,Transient,150.0,0,2
City Hotel,1,201,2017,April,15,14,0,2,2,0.0,0,SC,GBR,Online TA,TA/TO,0,0,0,A,A,0,No Deposit,9.0,0,Transient,99.0,0,2
City Hotel,1,179,2017,April,15,14,0,2,2,0.0,0,BB,ESP,Online TA,TA/TO,0,0,0,D,D,0,No Deposit,9.0,0,Transient,130.5,0,1
City Hotel,1,17,2017,April,15,14,0,2,2,0.0,0,SC,ESP,Online TA,TA/TO,0,0,0,A,A,0,No Deposit,9.0,0,Transient,150.0,0,0
City Hotel,1,7,2017,April,15,14,0,2,2,0.0,0,SC,CN,Online TA,TA/TO,0,0,0,A,A,0,No Deposit,9.0,0,Transient,160.0,0,1
City Hotel,1,7,2017,April,15,14,0,2,2,0.0,0,SC,AUS,Online TA,TA/TO,0,0,0,A,A,0,No Deposit,8.0,0,Transient,160.0,0,0
City Hotel,1,16,2017,April,15,14,0,2,2,0.0,0,SC,DNK,Online TA,TA/TO,0,0,0,A,A,0,No Deposit,9.0,0,Transient,150.0,0,0
City Hotel,1,11,2017,April,15,14,0,2,2,0.0,0,BB,NOR,Online TA,TA/TO,0,0,0,E,E,0,No Deposit,9.0,0,Transient,210.0,0,1
City Hotel,1,103,2017,April,15,14,1,2,2,0.0,0,BB,ITA,Online TA,TA/TO,0,0,0,D,D,0,No Deposit,9.0,0,Transient,181.5,0,1
City Hotel,1,298,2017,April,15,14,1,2,2,0.0,0,BB,PRT,Offline TA/TO,TA/TO,0,0,0,A,A,0,No Deposit,6.0,0,Transient-Party,90.0,0,0
City Hotel,1,298,2017,April,15,14,1,2,2,0.0,0,BB,PRT,Offline TA/TO,TA/TO,0,0,0,A,A,0,No Deposit,6.0,0,Transient-Party,90.0,0,0
City Hotel,1,124,2017,April,15,14,1,2,2,0.0,0,SC,ESP,Online TA,TA/TO,0,0,0,A,A,0,No Deposit,9.0,0,Transient,105.0,0,0
City Hotel,1,61,2017,April,15,14,1,2,2,0.0,0,BB,DEU,Online TA,TA/TO,0,0,0,D,D,0,No Deposit,9.0,0,Transient,141.0,0,0
City Hotel,1,252,2017,April,15,14,1,2,2,0.0,0,SC,IRL,Online TA,TA/TO,0,0,0,A,A,0,No Deposit,9.0,0,Transient,99.0,0,2
City Hotel,1,110,2017,April,15,14,1,2,2,0.0,0,BB,NLD,Online TA,TA/TO,0,0,0,D,D,0,No Deposit,9.0,0,Transient,145.5,0,0
City Hotel,1,298,2017,April,15,14,1,2,2,0.0,0,BB,PRT,Offline TA/TO,TA/TO,0,0,0,A,A,0,No Deposit,6.0,0,Transient-Party,90.0,0,0
City Hotel,1,321,2017,April,15,14,1,2,2,0.0,0,BB,HUN,Online TA,TA/TO,0,0,0,A,A,0,No Deposit,9.0,0,Transient,109.8,0,1
City Hotel,1,103,2017,April,15,14,1,2,2,0.0,0,BB,ITA,Online TA,TA/TO,0,0,0,D,D,0,No Deposit,9.0,0,Transient,145.5,0,1
City Hotel,1,114,2017,April,15,14,1,2,2,0.0,0,BB,GBR,Online TA,TA/TO,0,0,0,D,D,0,No Deposit,9.0,0,Transient,145.5,0,0
City Hotel,1,124,2017,April,15,14,1,2,2,0.0,0,SC,ESP,Online TA,TA/TO,0,0,0,A,A,0,No Deposit,9.0,0,Transient,105.0,0,0
City Hotel,1,11,2017,April,15,14,1,2,2,0.0,0,SC,USA,Online TA,TA/TO,0,0,0,A,A,0,No Deposit,9.0,0,Transient,138.33,0,0
City Hotel,1,298,2017,April,15,14,1,2,2,0.0,0,BB,PRT,Offline TA/TO,TA/TO,0,0,0,A,A,0,No Deposit,6.0,0,Transient-Party,90.0,0,0
City Hotel,1,264,2017,April,15,14,1,2,2,0.0,0,SC,ITA,Online TA,TA/TO,0,0,0,A,A,0,No Deposit,9.0,0,Transient,99.0,0,0
City Hotel,1,124,2017,April,15,14,1,2,2,0.0,0,SC,ESP,Online TA,TA/TO,0,0,0,A,A,0,No Deposit,9.0,0,Transient,105.0,0,0
City Hotel,1,298,2017,April,15,14,1,2,2,0.0,0,BB,PRT,Offline TA/TO,TA/TO,0,0,0,A,A,0,No Deposit,6.0,0,Transient-Party,90.0,0,0
City Hotel,1,298,2017,April,15,14,1,2,2,0.0,0,BB,PRT,Offline TA/TO,TA/TO,0,0,0,A,A,0,No Deposit,6.0,0,Transient-Party,90.0,0,0
City Hotel,1,234,2017,April,15,14,1,2,2,0.0,0,SC,ITA,Online TA,TA/TO,0,0,0,A,A,0,No Deposit,9.0,0,Transient,99.0,0,1
City Hotel,1,227,2017,April,15,14,1,2,2,0.0,0,SC,GBR,Online TA,TA/TO,0,0,0,A,A,0,No Deposit,9.0,0,Transient,99.0,0,1
City Hotel,1,298,2017,April,15,14,1,2,2,0.0,0,BB,PRT,Offline TA/TO,TA/TO,0,0,0,A,A,0,No Deposit,6.0,0,Transient-Party,90.0,0,0
City Hotel,1,147,2017,April,15,14,1,2,2,0.0,0,BB,NLD,Online TA,TA/TO,0,0,0,D,D,2,No Deposit,9.0,0,Transient,136.5,0,2
City Hotel,1,145,2017,April,15,14,1,2,2,0.0,0,BB,ITA,Online TA,TA/TO,0,0,0,D,D,0,No Deposit,9.0,0,Transient,136.5,0,0
City Hotel,1,234,2017,April,15,14,1,2,2,0.0,0,SC,ITA,Online TA,TA/TO,0,0,0,A,A,0,No Deposit,9.0,0,Transient,99.0,0,1
City Hotel,1,298,2017,April,15,14,1,2,2,0.0,0,BB,PRT,Offline TA/TO,TA/TO,0,0,0,A,A,0,No Deposit,6.0,0,Transient-Party,90.0,0,0
City Hotel,1,61,2017,April,15,14,1,2,2,0.0,0,BB,DEU,Online TA,TA/TO,0,0,0,D,D,0,No Deposit,9.0,0,Transient,141.0,0,0
City Hotel,1,125,2017,April,15,14,2,2,2,0.0,0,SC,ITA,Online TA,TA/TO,0,0,0,A,A,0,No Deposit,9.0,0,Transient,103.5,0,0
City Hotel,1,89,2017,April,15,14,2,2,2,0.0,0,BB,ITA,Online TA,TA/TO,0,0,0,E,E,0,No Deposit,9.0,0,Transient,166.5,0,0
City Hotel,1,151,2017,April,15,14,2,2,2,0.0,0,BB,GBR,Online TA,TA/TO,0,0,0,D,D,0,No Deposit,9.0,0,Transient,135.0,0,1
City Hotel,1,176,2017,April,15,14,2,2,2,0.0,0,BB,PRT,Groups,TA/TO,0,0,0,A,A,0,No Deposit,2.0,0,Transient-Party,90.0,0,0
City Hotel,1,125,2017,April,15,14,2,2,2,0.0,0,SC,ITA,Online TA,TA/TO,0,0,0,A,A,0,No Deposit,9.0,0,Transient,103.5,0,0
City Hotel,1,215,2017,April,15,14,2,2,2,0.0,0,SC,CN,Online TA,TA/TO,0,0,0,A,A,0,No Deposit,9.0,0,Transient,110.0,0,1
City Hotel,1,176,2017,April,15,14,2,2,2,0.0,0,BB,PRT,Groups,TA/TO,0,0,0,A,A,0,No Deposit,2.0,0,Transient-Party,90.0,0,0
City Hotel,1,176,2017,April,15,14,2,2,2,0.0,0,BB,PRT,Groups,TA/TO,0,0,0,A,A,0,No Deposit,2.0,0,Transient-Party,90.0,0,0
City Hotel,1,173,2017,April,15,14,2,2,2,0.0,0,HB,PRT,Online TA,TA/TO,0,0,0,A,A,0,No Deposit,7.0,0,Transient,155.7,0,0
City Hotel,1,176,2017,April,15,14,2,2,2,0.0,0,BB,PRT,Groups,TA/TO,0,0,0,A,A,0,No Deposit,2.0,0,Transient-Party,90.0,0,0
City Hotel,1,176,2017,April,15,14,2,2,2,0.0,0,BB,PRT,Groups,TA/TO,0,0,0,A,A,0,No Deposit,2.0,0,Transient-Party,90.0,0,0
City Hotel,1,125,2017,April,15,14,2,2,2,0.0,0,SC,ITA,Online TA,TA/TO,0,0,0,A,A,0,No Deposit,9.0,0,Transient,103.5,0,0
City Hotel,1,145,2017,April,15,14,2,5,2,0.0,0,BB,DEU,Online TA,TA/TO,0,0,0,D,D,0,No Deposit,9.0,0,Transient,133.07,0,0
City Hotel,1,58,2017,April,15,15,0,1,2,0.0,0,SC,ISR,Online TA,TA/TO,0,0,0,A,A,0,No Deposit,9.0,0,Transient,126.0,0,0
City Hotel,1,58,2017,April,15,15,0,1,2,0.0,0,SC,ISR,Online TA,TA/TO,0,0,0,A,A,0,No Deposit,9.0,0,Transient,126.0,0,0
City Hotel,1,236,2017,April,15,15,0,1,2,0.0,0,BB,ISR,Online TA,TA/TO,0,0,0,A,D,5,No Deposit,9.0,0,Transient,140.0,0,3
City Hotel,1,155,2017,April,15,15,0,1,2,0.0,0,BB,ISR,Online TA,TA/TO,0,0,0,D,D,0,No Deposit,9.0,0,Transient,139.5,0,2
City Hotel,1,112,2017,April,15,15,1,1,2,0.0,0,BB,FRA,Online TA,TA/TO,0,0,0,D,D,0,No Deposit,9.0,0,Transient,148.5,0,0
City Hotel,1,181,2017,April,15,15,1,1,2,0.0,0,BB,ITA,Online TA,TA/TO,0,0,0,D,D,0,No Deposit,9.0,0,Transient,130.5,0,0
City Hotel,1,225,2017,April,15,15,1,1,2,0.0,0,SC,FRA,Online TA,TA/TO,0,0,0,A,A,0,No Deposit,9.0,0,Transient,99.0,0,0
City Hotel,1,125,2017,April,15,15,1,1,2,0.0,0,SC,AUT,Online TA,TA/TO,0,0,0,A,A,1,No Deposit,9.0,0,Transient,103.5,0,1
City Hotel,1,4,2017,April,15,15,1,1,2,0.0,0,SC,USA,Online TA,TA/TO,0,0,0,A,A,0,No Deposit,9.0,0,Transient,155.0,0,0
City Hotel,1,137,2017,April,15,15,1,1,2,0.0,0,BB,FRA,Online TA,TA/TO,0,0,0,D,D,0,No Deposit,9.0,0,Transient,135.0,0,1
City Hotel,1,181,2017,April,15,15,1,1,2,0.0,0,BB,ITA,Online TA,TA/TO,0,0,0,D,D,0,No Deposit,9.0,0,Transient,130.5,0,0
City Hotel,1,106,2017,April,15,15,1,1,2,0.0,0,SC,PRT,Offline TA/TO,TA/TO,0,0,0,A,A,0,No Deposit,138.0,0,Transient,89.0,0,0
City Hotel,1,225,2017,April,15,15,1,1,2,0.0,0,SC,FRA,Online TA,TA/TO,0,0,0,A,A,0,No Deposit,9.0,0,Transient,99.0,0,0
City Hotel,1,225,2017,April,15,15,1,1,2,0.0,0,SC,FRA,Online TA,TA/TO,0,0,0,A,A,0,No Deposit,9.0,0,Transient,99.0,0,0
City Hotel,1,62,2017,April,15,15,2,1,2,0.0,0,BB,ESP,Online TA,TA/TO,0,0,0,A,A,1,No Deposit,9.0,0,Transient,132.0,0,0
City Hotel,1,44,2017,April,15,15,2,1,2,0.0,0,BB,LUX,Online TA,TA/TO,0,0,0,D,D,0,No Deposit,9.0,0,Transient,146.67,0,0
City Hotel,1,205,2017,April,15,15,2,1,2,0.0,0,HB,DEU,Online TA,TA/TO,0,0,0,A,A,0,No Deposit,9.0,0,Transient,151.2,0,1
City Hotel,1,58,2017,April,15,15,2,1,2,0.0,0,SC,ESP,Online TA,TA/TO,0,0,0,A,A,1,No Deposit,9.0,0,Transient,114.0,0,0
City Hotel,1,101,2017,April,15,15,2,1,2,0.0,0,BB,GBR,Online TA,TA/TO,0,0,0,D,D,0,No Deposit,9.0,0,Transient,145.5,0,0
City Hotel,1,87,2017,April,15,15,2,2,2,0.0,0,BB,PRT,Groups,TA/TO,0,0,0,A,A,0,Non Refund,1.0,0,Transient,95.0,0,0
City Hotel,1,87,2017,April,15,15,2,2,2,0.0,0,BB,PRT,Groups,TA/TO,0,0,0,A,A,0,Non Refund,1.0,0,Transient,95.0,0,0
City Hotel,1,87,2017,April,15,15,2,2,2,0.0,0,BB,PRT,Groups,TA/TO,0,0,0,A,A,0,Non Refund,1.0,0,Transient,95.0,0,0
City Hotel,1,87,2017,April,15,15,2,2,2,0.0,0,BB,PRT,Groups,TA/TO,0,0,0,A,A,0,Non Refund,1.0,0,Transient,95.0,0,0
City Hotel,1,93,2017,April,15,15,2,2,2,0.0,0,BB,RUS,Online TA,TA/TO,0,0,0,D,D,2,No Deposit,9.0,0,Transient,139.5,0,0
City Hotel,1,212,2017,April,15,15,2,2,2,0.0,0,SC,ITA,Online TA,TA/TO,0,0,0,A,A,0,No Deposit,9.0,0,Transient,110.0,0,0
City Hotel,1,87,2017,April,15,15,2,2,2,0.0,0,BB,PRT,Groups,TA/TO,0,0,0,A,A,0,Non Refund,1.0,0,Transient,95.0,0,0
City Hotel,1,87,2017,April,15,15,2,2,2,0.0,0,BB,PRT,Groups,TA/TO,0,0,0,A,A,0,Non Refund,1.0,0,Transient,95.0,0,0
City Hotel,1,87,2017,April,15,15,2,2,2,0.0,0,BB,PRT,Groups,TA/TO,0,0,0,A,A,0,Non Refund,1.0,0,Transient,95.0,0,0
City Hotel,1,87,2017,April,15,15,2,2,2,0.0,0,BB,PRT,Groups,TA/TO,0,0,0,A,A,0,Non Refund,1.0,0,Transient,95.0,0,0
City Hotel,1,87,2017,April,15,15,2,2,2,0.0,0,BB,PRT,Groups,TA/TO,0,0,0,A,A,0,Non Refund,1.0,0,Transient,95.0,0,0
City Hotel,1,87,2017,April,15,15,2,2,2,0.0,0,BB,PRT,Groups,TA/TO,0,0,0,A,A,0,Non Refund,1.0,0,Transient,95.0,0,0
City Hotel,1,87,2017,April,15,15,2,2,2,0.0,0,BB,PRT,Groups,TA/TO,0,0,0,A,A,0,Non Refund,1.0,0,Transient,95.0,0,0
City Hotel,1,87,2017,April,15,15,2,2,2,0.0,0,BB,PRT,Groups,TA/TO,0,0,0,A,A,0,Non Refund,1.0,0,Transient,95.0,0,0
City Hotel,1,87,2017,April,15,15,2,2,2,0.0,0,BB,PRT,Groups,TA/TO,0,0,0,A,A,0,Non Refund,1.0,0,Transient,95.0,0,0
City Hotel,1,58,2017,April,15,15,2,1,2,0.0,0,SC,ESP,Online TA,TA/TO,0,0,0,A,A,0,No Deposit,9.0,0,Transient,114.0,0,0
City Hotel,1,87,2017,April,15,15,2,2,2,0.0,0,BB,PRT,Groups,TA/TO,0,0,0,A,A,0,Non Refund,1.0,0,Transient,95.0,0,0
City Hotel,1,87,2017,April,15,15,2,2,2,0.0,0,BB,PRT,Groups,TA/TO,0,0,0,A,A,0,Non Refund,1.0,0,Transient,95.0,0,0
City Hotel,1,87,2017,April,15,15,2,2,2,0.0,0,BB,PRT,Groups,TA/TO,0,0,0,A,A,0,Non Refund,1.0,0,Transient,95.0,0,0
City Hotel,1,87,2017,April,15,15,2,2,2,0.0,0,BB,PRT,Groups,TA/TO,0,0,0,A,A,0,Non Refund,1.0,0,Transient,95.0,0,0
City Hotel,1,200,2017,April,15,15,2,2,2,0.0,0,BB,PRT,Groups,TA/TO,0,0,0,A,A,0,Non Refund,1.0,113,Transient,95.0,0,0
City Hotel,1,87,2017,April,15,15,2,2,2,0.0,0,BB,PRT,Groups,TA/TO,0,0,0,A,A,0,Non Refund,1.0,0,Transient,95.0,0,0
City Hotel,1,87,2017,April,15,15,2,2,2,0.0,0,BB,PRT,Groups,TA/TO,0,0,0,A,A,0,Non Refund,1.0,0,Transient,95.0,0,0
City Hotel,1,87,2017,April,15,15,2,2,2,0.0,0,BB,PRT,Groups,TA/TO,0,0,0,A,A,0,Non Refund,1.0,0,Transient,95.0,0,0
City Hotel,1,109,2017,April,15,15,2,2,2,0.0,0,BB,DEU,Online TA,TA/TO,0,0,0,D,D,0,No Deposit,9.0,0,Transient,144.0,0,0
City Hotel,1,87,2017,April,15,15,2,2,2,0.0,0,BB,PRT,Groups,TA/TO,0,0,0,A,A,0,Non Refund,1.0,0,Transient,95.0,0,0
City Hotel,1,87,2017,April,15,15,2,2,2,0.0,0,BB,PRT,Groups,TA/TO,0,0,0,A,A,0,Non Refund,1.0,0,Transient,95.0,0,0
City Hotel,1,87,2017,April,15,15,2,2,2,0.0,0,BB,PRT,Groups,TA/TO,0,0,0,A,A,0,Non Refund,1.0,0,Transient,95.0,0,0
City Hotel,1,87,2017,April,15,15,2,2,2,0.0,0,BB,PRT,Groups,TA/TO,0,0,0,A,A,0,Non Refund,1.0,0,Transient,95.0,0,0
City Hotel,1,212,2017,April,15,15,2,2,2,0.0,0,SC,ITA,Online TA,TA/TO,0,0,0,A,A,0,No Deposit,9.0,0,Transient,110.0,0,0
City Hotel,1,87,2017,April,15,15,2,2,2,0.0,0,BB,PRT,Groups,TA/TO,0,0,0,A,A,0,Non Refund,1.0,0,Transient,95.0,0,0
City Hotel,1,87,2017,April,15,15,2,2,2,0.0,0,BB,PRT,Groups,TA/TO,0,0,0,A,A,0,Non Refund,1.0,0,Transient,95.0,0,0
City Hotel,1,87,2017,April,15,15,2,2,2,0.0,0,BB,PRT,Groups,TA/TO,0,0,0,A,A,0,Non Refund,1.0,0,Transient,95.0,0,0
City Hotel,1,87,2017,April,15,15,2,2,2,0.0,0,BB,PRT,Groups,TA/TO,0,0,0,A,A,0,Non Refund,1.0,0,Transient,95.0,0,0
City Hotel,1,87,2017,April,15,15,2,2,2,0.0,0,BB,PRT,Groups,TA/TO,0,0,0,A,A,0,Non Refund,1.0,0,Transient,95.0,0,0
City Hotel,1,87,2017,April,15,15,2,2,2,0.0,0,BB,PRT,Groups,TA/TO,0,0,0,A,A,0,Non Refund,1.0,0,Transient,95.0,0,0
City Hotel,1,87,2017,April,15,15,2,2,2,0.0,0,BB,PRT,Groups,TA/TO,0,0,0,A,A,0,Non Refund,1.0,0,Transient,95.0,0,0
City Hotel,1,87,2017,April,15,15,2,2,2,0.0,0,BB,PRT,Groups,TA/TO,0,0,0,A,A,0,Non Refund,1.0,0,Transient,95.0,0,0
City Hotel,1,87,2017,April,15,15,2,2,2,0.0,0,BB,PRT,Groups,TA/TO,0,0,0,A,A,0,Non Refund,1.0,0,Transient,95.0,0,0
City Hotel,1,87,2017,April,15,15,2,2,2,0.0,0,BB,PRT,Groups,TA/TO,0,0,0,A,A,0,Non Refund,1.0,0,Transient,95.0,0,0
City Hotel,1,87,2017,April,15,15,2,2,2,0.0,0,BB,PRT,Groups,TA/TO,0,0,0,A,A,0,Non Refund,1.0,0,Transient,95.0,0,0
City Hotel,1,87,2017,April,15,15,2,2,2,0.0,0,BB,PRT,Groups,TA/TO,0,0,0,A,A,0,Non Refund,1.0,0,Transient,95.0,0,0
City Hotel,1,87,2017,April,15,15,2,2,2,0.0,0,BB,PRT,Groups,TA/TO,0,0,0,A,A,0,Non Refund,1.0,0,Transient,95.0,0,0
City Hotel,1,87,2017,April,15,15,2,2,2,0.0,0,BB,PRT,Groups,TA/TO,0,0,0,A,A,0,Non Refund,1.0,0,Transient,95.0,0,0
City Hotel,1,87,2017,April,15,15,2,2,2,0.0,0,BB,PRT,Groups,TA/TO,0,0,0,A,A,0,Non Refund,1.0,0,Transient,95.0,0,0
City Hotel,1,87,2017,April,15,15,2,2,2,0.0,0,BB,PRT,Groups,TA/TO,0,0,0,A,A,0,Non Refund,1.0,0,Transient,95.0,0,0
City Hotel,1,87,2017,April,15,15,2,2,2,0.0,0,BB,PRT,Groups,TA/TO,0,0,0,A,A,0,Non Refund,1.0,0,Transient,95.0,0,0
City Hotel,1,87,2017,April,15,15,2,2,2,0.0,0,BB,PRT,Groups,TA/TO,0,0,0,A,A,0,Non Refund,1.0,0,Transient,95.0,0,0
City Hotel,1,87,2017,April,15,15,2,2,2,0.0,0,BB,PRT,Groups,TA/TO,0,0,0,A,A,0,Non Refund,1.0,0,Transient,95.0,0,0
City Hotel,1,87,2017,April,15,15,2,2,2,0.0,0,BB,PRT,Groups,TA/TO,0,0,0,A,A,0,Non Refund,1.0,0,Transient,95.0,0,0
City Hotel,1,87,2017,April,15,15,2,2,2,0.0,0,BB,PRT,Groups,TA/TO,0,0,0,A,A,0,Non Refund,1.0,0,Transient,95.0,0,0
City Hotel,1,87,2017,April,15,15,2,2,2,0.0,0,BB,PRT,Groups,TA/TO,0,0,0,A,A,0,Non Refund,1.0,0,Transient,95.0,0,0
City Hotel,1,87,2017,April,15,15,2,2,2,0.0,0,BB,PRT,Groups,TA/TO,0,0,0,A,A,0,Non Refund,1.0,0,Transient,95.0,0,0
City Hotel,1,87,2017,April,15,15,2,2,2,0.0,0,BB,PRT,Groups,TA/TO,0,0,0,A,A,0,Non Refund,1.0,0,Transient,95.0,0,0
City Hotel,1,87,2017,April,15,15,2,2,2,0.0,0,BB,PRT,Groups,TA/TO,0,0,0,A,A,0,Non Refund,1.0,0,Transient,95.0,0,0
City Hotel,1,164,2017,April,15,15,2,2,2,0.0,0,SC,PRT,Online TA,TA/TO,0,0,0,A,A,0,No Deposit,8.0,0,Transient,101.24,0,1
City Hotel,1,54,2017,April,15,15,2,3,2,0.0,0,SC,IRL,Online TA,TA/TO,0,0,0,A,A,0,No Deposit,9.0,0,Transient,111.6,0,0
City Hotel,1,269,2017,April,15,15,2,3,2,0.0,0,BB,CHE,Online TA,TA/TO,0,0,0,A,A,0,No Deposit,9.0,0,Transient,109.8,0,0
City Hotel,1,41,2017,April,15,15,2,3,2,0.0,0,BB,GBR,Online TA,TA/TO,0,0,0,D,D,0,No Deposit,9.0,0,Transient,151.0,0,0
City Hotel,1,70,2017,April,15,15,2,3,2,0.0,0,SC,GBR,Online TA,TA/TO,0,0,0,A,A,0,No Deposit,9.0,0,Transient,111.6,0,0
City Hotel,1,34,2017,April,15,15,2,3,2,0.0,0,BB,GBR,Online TA,TA/TO,0,0,0,A,A,0,No Deposit,9.0,0,Transient,140.0,0,2
City Hotel,1,99,2017,April,15,15,2,4,2,0.0,0,BB,PRT,Offline TA/TO,TA/TO,0,0,0,A,A,0,No Deposit,58.0,0,Transient-Party,105.0,0,0
City Hotel,1,99,2017,April,15,15,2,4,2,0.0,0,BB,PRT,Offline TA/TO,TA/TO,0,0,0,A,A,0,No Deposit,58.0,0,Transient-Party,105.0,0,0
City Hotel,1,123,2017,April,15,15,2,4,2,0.0,0,BB,PRT,Offline TA/TO,TA/TO,0,0,0,A,A,1,No Deposit,3.0,0,Transient,88.2,0,1
City Hotel,1,99,2017,April,15,15,2,4,2,0.0,0,BB,PRT,Offline TA/TO,TA/TO,0,0,0,A,A,0,No Deposit,58.0,0,Transient-Party,105.0,0,0
City Hotel,1,99,2017,April,15,15,2,4,2,0.0,0,BB,PRT,Offline TA/TO,TA/TO,0,0,0,A,A,0,No Deposit,58.0,0,Transient-Party,105.0,0,0
City Hotel,1,99,2017,April,15,15,2,4,2,0.0,0,BB,PRT,Offline TA/TO,TA/TO,0,0,0,A,A,0,No Deposit,58.0,0,Transient-Party,105.0,0,0
City Hotel,1,99,2017,April,15,15,2,4,2,0.0,0,BB,PRT,Offline TA/TO,TA/TO,0,0,0,A,A,0,No Deposit,58.0,0,Transient-Party,105.0,0,0
City Hotel,1,99,2017,April,15,15,2,4,2,0.0,0,BB,PRT,Offline TA/TO,TA/TO,0,0,0,A,A,0,No Deposit,58.0,0,Transient-Party,105.0,0,0
City Hotel,1,99,2017,April,15,15,2,4,2,0.0,0,BB,PRT,Offline TA/TO,TA/TO,0,0,0,A,A,0,No Deposit,58.0,0,Transient-Party,105.0,0,0
City Hotel,1,54,2017,April,15,15,2,4,2,0.0,0,SC,IRL,Online TA,TA/TO,0,0,0,A,A,0,No Deposit,9.0,0,Transient,111.0,0,0
City Hotel,1,99,2017,April,15,15,2,4,2,0.0,0,BB,PRT,Offline TA/TO,TA/TO,0,0,0,A,A,0,No Deposit,58.0,0,Transient-Party,105.0,0,0
City Hotel,1,99,2017,April,15,15,2,4,2,0.0,0,BB,PRT,Offline TA/TO,TA/TO,0,0,0,A,A,0,No Deposit,58.0,0,Transient-Party,105.0,0,0
City Hotel,1,99,2017,April,15,15,2,4,2,0.0,0,BB,PRT,Offline TA/TO,TA/TO,0,0,0,A,A,0,No Deposit,58.0,0,Transient-Party,105.0,0,0
City Hotel,1,53,2017,April,16,16,1,0,2,0.0,0,SC,AUS,Online TA,TA/TO,0,0,0,A,A,0,No Deposit,9.0,0,Transient,108.0,0,0
City Hotel,1,67,2017,April,16,16,1,0,2,0.0,0,BB,NOR,Online TA,TA/TO,0,0,0,A,A,0,No Deposit,9.0,0,Transient,126.0,0,0
City Hotel,1,53,2017,April,16,16,1,0,2,0.0,0,SC,BRA,Online TA,TA/TO,0,0,0,A,A,0,No Deposit,9.0,0,Transient,108.0,0,0
City Hotel,1,66,2017,April,16,16,1,0,2,0.0,0,BB,CYP,Online TA,TA/TO,0,0,0,A,A,0,No Deposit,9.0,0,Transient,126.0,0,0
City Hotel,1,53,2017,April,16,16,1,0,2,0.0,0,SC,AUS,Online TA,TA/TO,0,0,0,A,A,0,No Deposit,9.0,0,Transient,108.0,0,0
City Hotel,1,43,2017,April,16,16,2,0,2,0.0,0,SC,ITA,Online TA,TA/TO,0,0,0,A,A,0,No Deposit,9.0,0,Transient,120.0,0,0
City Hotel,1,44,2017,April,16,16,2,0,2,0.0,0,SC,ISR,Online TA,TA/TO,0,0,0,A,A,0,No Deposit,9.0,0,Transient,114.0,0,0
City Hotel,1,43,2017,April,16,16,2,0,2,0.0,0,SC,GBR,Online TA,TA/TO,0,0,0,A,A,0,No Deposit,9.0,0,Transient,120.0,0,0
City Hotel,1,173,2017,April,16,16,2,0,2,0.0,0,SC,GBR,Online TA,TA/TO,0,0,0,A,A,0,No Deposit,9.0,0,Transient,99.0,0,1
City Hotel,1,128,2017,April,16,16,2,1,2,0.0,0,BB,PRT,Groups,TA/TO,0,0,0,A,A,0,Non Refund,58.0,0,Transient,100.0,0,0
City Hotel,1,45,2017,April,16,16,2,1,2,0.0,0,SC,GBR,Online TA,TA/TO,0,0,0,A,A,0,No Deposit,9.0,0,Transient,108.0,0,0
City Hotel,1,128,2017,April,16,16,2,1,2,0.0,0,BB,PRT,Groups,TA/TO,0,0,0,A,A,0,Non Refund,58.0,0,Transient,100.0,0,0
City Hotel,1,128,2017,April,16,16,2,1,2,0.0,0,BB,PRT,Groups,TA/TO,0,0,0,A,A,0,Non Refund,58.0,0,Transient,100.0,0,0
City Hotel,1,128,2017,April,16,16,2,1,2,0.0,0,BB,PRT,Groups,TA/TO,0,0,0,A,A,0,Non Refund,58.0,0,Transient,100.0,0,0
City Hotel,1,62,2017,April,16,16,2,1,2,0.0,0,BB,ESP,Online TA,TA/TO,0,0,0,A,A,2,No Deposit,9.0,0,Transient,126.0,0,0
City Hotel,1,128,2017,April,16,16,2,1,2,0.0,0,BB,PRT,Groups,TA/TO,0,0,0,A,A,0,Non Refund,58.0,0,Transient,100.0,0,0
City Hotel,1,128,2017,April,16,16,2,1,2,0.0,0,BB,PRT,Groups,TA/TO,0,0,0,A,A,0,Non Refund,58.0,0,Transient,100.0,0,0
City Hotel,1,128,2017,April,16,16,2,1,2,0.0,0,BB,PRT,Groups,TA/TO,0,0,0,A,A,0,Non Refund,58.0,0,Transient,100.0,0,0
City Hotel,1,128,2017,April,16,16,2,1,2,0.0,0,BB,PRT,Groups,TA/TO,0,0,0,A,A,0,Non Refund,58.0,0,Transient,100.0,0,0
City Hotel,1,67,2017,April,16,16,2,1,2,0.0,0,BB,FRA,Online TA,TA/TO,0,0,0,A,A,0,No Deposit,9.0,0,Transient,126.0,0,0
City Hotel,1,128,2017,April,16,16,2,1,2,0.0,0,BB,PRT,Groups,TA/TO,0,0,0,A,A,0,Non Refund,58.0,0,Transient,100.0,0,0
City Hotel,1,128,2017,April,16,16,2,1,2,0.0,0,BB,PRT,Groups,TA/TO,0,0,0,A,A,0,Non Refund,58.0,0,Transient,100.0,0,0
City Hotel,1,128,2017,April,16,16,2,1,2,0.0,0,BB,PRT,Groups,TA/TO,0,0,0,A,A,0,Non Refund,58.0,0,Transient,100.0,0,0
City Hotel,1,49,2017,April,16,16,2,1,2,0.0,0,SC,CHN,Online TA,TA/TO,0,0,0,A,A,0,No Deposit,9.0,0,Transient,97.2,0,0
City Hotel,1,128,2017,April,16,16,2,1,2,0.0,0,BB,PRT,Groups,TA/TO,0,0,0,A,A,0,Non Refund,58.0,0,Transient,100.0,0,0
City Hotel,1,128,2017,April,16,16,2,1,2,0.0,0,BB,PRT,Groups,TA/TO,0,0,0,A,A,0,Non Refund,58.0,0,Transient,100.0,0,0
City Hotel,1,67,2017,April,16,16,2,1,2,0.0,0,BB,FRA,Online TA,TA/TO,0,0,0,A,A,0,No Deposit,9.0,0,Transient,126.0,0,0
City Hotel,1,62,2017,April,16,16,2,1,2,0.0,0,BB,ESP,Online TA,TA/TO,0,0,0,A,A,2,No Deposit,9.0,0,Transient,126.0,0,0
City Hotel,1,128,2017,April,16,16,2,1,2,0.0,0,BB,PRT,Groups,TA/TO,0,0,0,A,A,0,Non Refund,58.0,0,Transient,100.0,0,0
City Hotel,1,128,2017,April,16,16,2,1,2,0.0,0,BB,PRT,Groups,TA/TO,0,0,0,A,A,0,Non Refund,58.0,0,Transient,100.0,0,0
City Hotel,1,128,2017,April,16,16,2,1,2,0.0,0,BB,PRT,Groups,TA/TO,0,0,0,A,A,0,Non Refund,58.0,0,Transient,100.0,0,0
City Hotel,1,128,2017,April,16,16,2,1,2,0.0,0,BB,PRT,Groups,TA/TO,0,0,0,A,A,0,Non Refund,58.0,0,Transient,100.0,0,0
City Hotel,1,14,2017,April,16,16,2,1,2,0.0,0,SC,ESP,Online TA,TA/TO,0,0,0,A,A,0,Refundable,9.0,0,Transient,121.67,0,2
City Hotel,1,128,2017,April,16,16,2,1,2,0.0,0,BB,PRT,Groups,TA/TO,0,0,0,A,A,0,Non Refund,58.0,0,Transient,100.0,0,0
City Hotel,1,174,2017,April,16,16,2,1,2,0.0,0,BB,PRT,Groups,TA/TO,0,0,0,A,A,0,Non Refund,58.0,46,Transient,100.0,0,0
City Hotel,1,16,2017,April,16,16,2,1,2,0.0,0,SC,DEU,Online TA,TA/TO,0,0,0,A,A,0,No Deposit,9.0,0,Transient,115.0,0,2
City Hotel,1,128,2017,April,16,16,2,1,2,0.0,0,BB,PRT,Groups,TA/TO,0,0,0,A,A,0,Non Refund,58.0,0,Transient,100.0,0,0
City Hotel,1,196,2017,April,16,16,2,1,2,0.0,0,SC,USA,Online TA,TA/TO,0,0,0,A,A,0,No Deposit,9.0,0,Transient,99.0,0,1
City Hotel,1,77,2017,April,16,16,2,2,2,0.0,0,BB,NLD,Online TA,TA/TO,0,0,0,A,A,0,No Deposit,9.0,0,Transient,126.0,0,0
City Hotel,1,59,2017,April,16,16,2,2,2,0.0,0,BB,RUS,Online TA,TA/TO,0,0,0,A,A,0,No Deposit,9.0,0,Transient,126.0,0,0
City Hotel,1,89,2017,April,16,16,2,2,2,0.0,0,BB,GBR,Online TA,TA/TO,0,0,0,E,E,0,No Deposit,9.0,0,Transient,162.0,0,0
City Hotel,1,42,2017,April,16,16,2,2,2,0.0,0,BB,GBR,Online TA,TA/TO,0,0,0,D,D,0,No Deposit,9.0,0,Transient,146.25,0,0
City Hotel,1,21,2017,April,16,16,2,3,2,0.0,0,BB,DEU,Online TA,TA/TO,0,0,0,E,E,0,No Deposit,9.0,0,Transient,174.0,0,0
City Hotel,1,245,2017,April,16,16,2,3,2,0.0,0,BB,FRA,Online TA,TA/TO,0,0,0,A,A,0,No Deposit,9.0,0,Transient,109.8,0,0
City Hotel,1,220,2017,April,16,16,2,5,2,0.0,0,HB,ISR,Online TA,TA/TO,0,0,0,A,A,0,No Deposit,9.0,0,Transient,168.0,0,0
City Hotel,1,302,2017,April,16,16,2,5,2,0.0,0,HB,ISR,Online TA,TA/TO,0,0,0,D,D,2,No Deposit,9.0,0,Transient,183.0,0,1
City Hotel,1,28,2017,April,16,17,1,0,2,0.0,0,BB,SGP,Online TA,TA/TO,0,0,0,E,E,0,No Deposit,9.0,0,Transient,174.0,0,0
City Hotel,1,25,2017,April,16,17,1,0,2,0.0,0,SC,PRT,Offline TA/TO,TA/TO,0,0,0,A,A,0,No Deposit,85.0,0,Transient,89.0,0,1
City Hotel,1,217,2017,April,16,17,1,1,2,0.0,0,SC,BRA,Online TA,TA/TO,0,0,0,A,A,0,No Deposit,9.0,0,Transient,110.0,0,2
City Hotel,1,115,2017,April,16,17,1,2,2,0.0,0,SC,BRA,Online TA,TA/TO,0,0,0,A,A,0,No Deposit,9.0,0,Transient,108.0,0,1
City Hotel,1,41,2017,April,16,17,1,2,2,0.0,0,BB,PRT,Offline TA/TO,TA/TO,0,0,0,A,A,0,No Deposit,85.0,0,Transient,112.0,0,1
City Hotel,1,57,2017,April,16,17,1,2,2,0.0,0,BB,DEU,Online TA,TA/TO,0,0,0,A,A,0,No Deposit,9.0,0,Transient,126.0,0,0
City Hotel,1,169,2017,April,16,17,1,2,2,0.0,0,SC,PRT,Online TA,TA/TO,0,0,0,A,A,0,No Deposit,7.0,0,Transient,76.24,0,1
City Hotel,1,141,2017,April,16,17,1,2,2,0.0,0,BB,LTU,Online TA,TA/TO,0,0,0,A,A,0,No Deposit,9.0,0,Transient,117.0,0,0
City Hotel,1,155,2017,April,16,17,1,3,2,0.0,0,BB,ESP,Online TA,TA/TO,0,0,0,A,A,0,No Deposit,9.0,0,Transient,117.0,0,2
City Hotel,1,129,2017,April,16,17,1,3,2,0.0,0,BB,DEU,Online TA,TA/TO,0,0,0,D,D,0,No Deposit,9.0,0,Transient,130.5,0,2
City Hotel,1,144,2017,April,16,17,1,3,2,0.0,0,SC,USA,Online TA,TA/TO,0,0,0,A,A,0,No Deposit,9.0,0,Transient,99.0,0,0
City Hotel,1,155,2017,April,16,17,1,3,2,0.0,0,BB,ESP,Online TA,TA/TO,0,0,0,A,A,0,No Deposit,9.0,0,Transient,117.0,0,2
City Hotel,1,134,2017,April,16,17,1,3,2,0.0,0,BB,DEU,Online TA,TA/TO,0,0,0,D,D,0,No Deposit,9.0,0,Transient,130.5,0,1
City Hotel,1,53,2017,April,16,17,1,3,2,0.0,0,BB,PRT,Offline TA/TO,TA/TO,0,0,0,A,A,1,No Deposit,154.0,0,Transient,117.45,0,0
City Hotel,1,53,2017,April,16,17,1,3,2,0.0,0,BB,DEU,Online TA,TA/TO,0,0,0,D,D,0,No Deposit,9.0,0,Transient,135.0,0,1
City Hotel,1,126,2017,April,16,17,1,4,2,0.0,0,BB,DEU,Online TA,TA/TO,0,0,0,D,D,0,No Deposit,9.0,0,Transient,130.5,0,1
City Hotel,1,60,2017,April,16,17,1,4,2,0.0,0,BB,TUN,Online TA,TA/TO,0,0,0,D,D,0,No Deposit,9.0,0,Transient,135.0,0,0
City Hotel,1,15,2017,April,16,17,1,4,2,0.0,0,SC,USA,Online TA,TA/TO,0,0,0,A,A,0,No Deposit,9.0,0,Transient,115.0,0,1
City Hotel,1,141,2017,April,16,17,1,5,2,0.0,0,BB,DEU,Online TA,TA/TO,0,0,0,D,D,0,No Deposit,9.0,0,Transient,130.5,0,0
City Hotel,1,141,2017,April,16,17,1,5,2,0.0,0,BB,DEU,Online TA,TA/TO,0,0,0,D,D,0,No Deposit,9.0,0,Transient,130.5,0,0
City Hotel,1,35,2017,April,16,17,3,6,2,0.0,0,BB,PRT,Direct,Direct,0,0,0,D,D,0,No Deposit,,0,Transient,145.0,0,2
City Hotel,1,386,2017,April,16,18,0,1,2,0.0,0,BB,PRT,Offline TA/TO,TA/TO,0,0,0,A,A,0,Non Refund,229.0,0,Transient,90.0,0,0
City Hotel,1,386,2017,April,16,18,0,1,2,0.0,0,BB,PRT,Offline TA/TO,TA/TO,0,0,0,A,A,0,Non Refund,229.0,0,Transient,90.0,0,0
City Hotel,1,386,2017,April,16,18,0,1,2,0.0,0,BB,PRT,Offline TA/TO,TA/TO,0,0,0,A,A,0,Non Refund,229.0,0,Transient,90.0,0,0
City Hotel,1,21,2017,April,16,18,0,1,2,0.0,0,SC,PRT,Online TA,TA/TO,0,0,0,A,A,0,No Deposit,8.0,0,Transient,115.0,0,1
City Hotel,1,386,2017,April,16,18,0,1,2,0.0,0,BB,PRT,Offline TA/TO,TA/TO,0,0,0,A,A,0,Non Refund,229.0,0,Transient,90.0,0,0
City Hotel,1,386,2017,April,16,18,0,1,2,0.0,0,BB,PRT,Offline TA/TO,TA/TO,0,0,0,A,A,0,Non Refund,229.0,0,Transient,90.0,0,0
City Hotel,1,386,2017,April,16,18,0,1,2,0.0,0,BB,PRT,Offline TA/TO,TA/TO,0,0,0,A,A,0,Non Refund,229.0,0,Transient,90.0,0,0
City Hotel,1,386,2017,April,16,18,0,1,2,0.0,0,BB,PRT,Offline TA/TO,TA/TO,0,0,0,A,A,0,Non Refund,229.0,0,Transient,90.0,0,0
City Hotel,1,386,2017,April,16,18,0,1,2,0.0,0,BB,PRT,Offline TA/TO,TA/TO,0,0,0,A,A,0,Non Refund,229.0,0,Transient,90.0,0,0
City Hotel,1,386,2017,April,16,18,0,1,2,0.0,0,BB,PRT,Offline TA/TO,TA/TO,0,0,0,A,A,0,Non Refund,229.0,0,Transient,90.0,0,0
City Hotel,1,386,2017,April,16,18,0,1,2,0.0,0,BB,PRT,Offline TA/TO,TA/TO,0,0,0,A,A,0,Non Refund,229.0,0,Transient,90.0,0,0
City Hotel,1,36,2017,April,16,18,0,1,2,0.0,0,SC,CHN,Online TA,TA/TO,0,0,0,A,A,0,No Deposit,9.0,0,Transient,108.0,0,0
City Hotel,1,70,2017,April,16,18,0,3,2,0.0,0,BB,CHE,Online TA,TA/TO,0,0,0,A,A,0,No Deposit,9.0,0,Transient,126.0,0,0
City Hotel,1,70,2017,April,16,18,0,3,2,0.0,0,BB,CHE,Online TA,TA/TO,0,0,0,A,A,0,No Deposit,9.0,0,Transient,126.0,0,0
City Hotel,1,194,2017,April,16,18,0,3,2,0.0,0,BB,DEU,Online TA,TA/TO,0,0,0,E,E,3,No Deposit,9.0,0,Transient,162.0,0,1
City Hotel,1,281,2017,April,16,18,0,4,2,0.0,0,BB,DEU,Online TA,TA/TO,0,0,0,A,A,0,No Deposit,9.0,0,Transient,109.8,0,1
City Hotel,1,241,2017,April,16,18,0,4,2,0.0,0,SC,ITA,Online TA,TA/TO,0,0,0,A,A,0,No Deposit,9.0,0,Transient,99.0,0,1
City Hotel,1,15,2017,April,16,18,0,4,2,0.0,0,SC,COL,Online TA,TA/TO,0,0,0,A,A,0,No Deposit,9.0,0,Transient,115.0,0,1
City Hotel,1,68,2017,April,16,18,0,4,2,0.0,0,BB,ITA,Online TA,TA/TO,0,0,0,D,D,0,No Deposit,9.0,0,Transient,135.0,0,0
City Hotel,1,70,2017,April,16,18,0,4,2,0.0,0,BB,PRT,Offline TA/TO,TA/TO,0,0,0,A,A,0,No Deposit,28.0,0,Contract,80.0,0,0
City Hotel,1,94,2017,April,16,18,0,4,2,0.0,0,BB,DEU,Online TA,TA/TO,0,0,0,D,D,0,No Deposit,9.0,0,Transient,136.8,0,0
City Hotel,1,68,2017,April,16,18,0,4,2,0.0,0,BB,ITA,Online TA,TA/TO,0,0,0,A,A,0,No Deposit,9.0,0,Transient,126.0,0,0
City Hotel,1,110,2017,April,16,18,0,4,2,0.0,0,BB,DEU,Online TA,TA/TO,0,0,0,A,A,0,No Deposit,9.0,0,Transient,126.0,0,0
City Hotel,1,90,2017,April,16,18,0,5,2,0.0,0,BB,USA,Online TA,TA/TO,0,0,0,D,D,0,No Deposit,9.0,0,Transient,135.0,0,1
City Hotel,1,15,2017,April,16,19,0,1,2,0.0,0,BB,BRA,Online TA,TA/TO,0,0,0,E,E,0,No Deposit,9.0,0,Transient,175.0,0,1
City Hotel,1,162,2017,April,16,19,0,1,2,0.0,0,BB,ISR,Online TA,TA/TO,0,0,0,A,A,0,No Deposit,9.0,0,Transient,117.0,0,3
City Hotel,1,66,2017,April,16,19,0,2,2,0.0,0,BB,FRA,Online TA,TA/TO,0,0,0,D,D,0,No Deposit,9.0,0,Transient,135.0,0,0
City Hotel,1,129,2017,April,16,19,0,3,2,0.0,0,BB,IND,Online TA,TA/TO,0,0,0,D,D,2,No Deposit,9.0,0,Transient,133.5,0,2
City Hotel,1,42,2017,April,16,19,0,3,2,0.0,0,BB,GBR,Online TA,TA/TO,0,0,0,D,D,0,No Deposit,9.0,0,Transient,150.0,0,0
City Hotel,1,42,2017,April,16,19,0,3,2,0.0,0,BB,GBR,Online TA,TA/TO,0,0,0,D,D,0,No Deposit,9.0,0,Transient,150.0,0,0
City Hotel,1,19,2017,April,16,19,0,3,2,0.0,0,SC,ESP,Online TA,TA/TO,0,0,0,A,A,0,No Deposit,9.0,0,Transient,115.0,0,1
City Hotel,1,247,2017,April,16,19,0,3,2,0.0,0,BB,GBR,Online TA,TA/TO,0,0,0,A,A,0,No Deposit,9.0,0,Transient,109.8,0,2
City Hotel,1,133,2017,April,16,19,0,4,2,0.0,0,BB,PRT,Offline TA/TO,TA/TO,0,0,0,A,A,0,No Deposit,390.0,0,Transient-Party,100.0,0,0
City Hotel,1,90,2017,April,16,19,0,4,2,0.0,0,BB,PRT,Offline TA/TO,TA/TO,0,0,0,A,A,0,No Deposit,390.0,0,Transient-Party,100.0,0,0
City Hotel,1,69,2017,April,16,19,0,4,2,0.0,0,BB,PRT,Offline TA/TO,TA/TO,0,0,0,A,A,0,No Deposit,390.0,0,Transient-Party,100.0,0,0
City Hotel,1,195,2017,April,16,19,0,4,2,0.0,0,SC,GBR,Online TA,TA/TO,0,0,0,A,A,0,No Deposit,9.0,0,Transient,99.0,0,1
City Hotel,1,69,2017,April,16,19,0,4,2,0.0,0,BB,PRT,Offline TA/TO,TA/TO,0,0,0,A,A,0,No Deposit,390.0,0,Transient-Party,100.0,0,0
City Hotel,1,90,2017,April,16,19,0,4,2,0.0,0,BB,PRT,Offline TA/TO,TA/TO,0,0,0,A,A,0,No Deposit,390.0,0,Transient-Party,100.0,0,0
City Hotel,1,90,2017,April,16,19,0,4,2,0.0,0,BB,PRT,Offline TA/TO,TA/TO,0,0,0,A,A,0,No Deposit,390.0,0,Transient-Party,100.0,0,0
City Hotel,1,90,2017,April,16,19,0,4,2,0.0,0,BB,PRT,Offline TA/TO,TA/TO,0,0,0,A,A,0,No Deposit,390.0,0,Transient-Party,100.0,0,0
City Hotel,1,90,2017,April,16,19,0,4,2,0.0,0,BB,PRT,Offline TA/TO,TA/TO,0,0,0,A,A,0,No Deposit,390.0,0,Transient-Party,100.0,0,0
City Hotel,1,133,2017,April,16,19,0,4,2,0.0,0,BB,PRT,Offline TA/TO,TA/TO,0,0,0,A,A,0,No Deposit,390.0,0,Transient-Party,100.0,0,0
City Hotel,1,11,2017,April,16,19,1,4,2,0.0,0,SC,TUN,Online TA,TA/TO,0,0,0,A,A,0,No Deposit,9.0,0,Transient,150.0,0,2
City Hotel,1,11,2017,April,16,19,1,4,2,0.0,0,SC,TUN,Online TA,TA/TO,0,0,0,A,A,0,No Deposit,9.0,0,Transient,150.0,0,2
City Hotel,1,219,2017,April,16,19,2,5,2,0.0,0,SC,POL,Online TA,TA/TO,0,0,0,A,A,0,No Deposit,9.0,0,Transient,110.0,0,3
City Hotel,1,275,2017,April,16,19,2,5,2,0.0,0,BB,BRA,Online TA,TA/TO,0,0,0,A,A,0,No Deposit,9.0,0,Transient,109.8,0,1
City Hotel,1,313,2017,April,16,19,2,6,2,0.0,0,BB,BRA,Online TA,TA/TO,0,0,0,A,A,0,No Deposit,9.0,0,Transient,109.8,0,0
City Hotel,1,173,2017,April,16,20,0,1,2,0.0,0,SC,ISR,Online TA,TA/TO,0,0,0,A,A,0,No Deposit,9.0,0,Transient,99.0,0,1
City Hotel,1,20,2017,April,16,20,0,2,2,0.0,0,SC,NZL,Online TA,TA/TO,0,0,0,A,A,0,No Deposit,9.0,0,Transient,115.0,0,3
City Hotel,1,120,2017,April,16,20,0,2,2,0.0,0,BB,PRT,Online TA,TA/TO,0,0,0,A,A,0,No Deposit,8.0,0,Transient,126.0,0,1
City Hotel,1,62,2017,April,16,20,0,2,2,0.0,0,BB,ESP,Online TA,TA/TO,0,0,0,A,A,0,No Deposit,9.0,0,Transient,126.0,0,0
City Hotel,1,20,2017,April,16,20,0,2,2,0.0,0,SC,NZL,Online TA,TA/TO,0,0,0,A,A,0,No Deposit,9.0,0,Transient,115.0,0,3
City Hotel,1,71,2017,April,16,20,0,2,2,0.0,0,BB,RUS,Online TA,TA/TO,0,0,0,A,A,0,No Deposit,9.0,0,Transient,126.0,0,0
City Hotel,1,125,2017,April,16,20,0,3,2,0.0,0,BB,PRT,Groups,TA/TO,0,0,0,A,A,0,Non Refund,33.0,0,Transient,85.0,0,0
City Hotel,1,125,2017,April,16,20,0,3,2,0.0,0,BB,PRT,Groups,TA/TO,0,0,0,A,A,0,Non Refund,33.0,0,Transient,85.0,0,0
City Hotel,1,125,2017,April,16,20,0,3,2,0.0,0,BB,PRT,Groups,TA/TO,0,0,0,A,A,0,Non Refund,33.0,0,Transient,85.0,0,0
City Hotel,1,125,2017,April,16,20,0,3,2,0.0,0,BB,PRT,Groups,TA/TO,0,0,0,A,A,0,Non Refund,33.0,0,Transient,85.0,0,0
City Hotel,1,125,2017,April,16,20,0,3,2,0.0,0,BB,PRT,Groups,TA/TO,0,0,0,A,A,0,Non Refund,33.0,0,Transient,85.0,0,0
City Hotel,1,125,2017,April,16,20,0,3,2,0.0,0,BB,PRT,Groups,TA/TO,0,0,0,A,A,0,Non Refund,33.0,0,Transient,85.0,0,0
City Hotel,1,125,2017,April,16,20,0,3,2,0.0,0,BB,PRT,Groups,TA/TO,0,0,0,A,A,0,Non Refund,33.0,0,Transient,85.0,0,0
City Hotel,1,283,2017,April,16,20,0,3,2,0.0,0,SC,TUR,Online TA,TA/TO,0,0,0,A,A,0,No Deposit,9.0,0,Transient,99.0,0,0
City Hotel,1,125,2017,April,16,20,0,3,2,0.0,0,BB,PRT,Groups,TA/TO,0,0,0,A,A,0,Non Refund,33.0,0,Transient,85.0,0,0
City Hotel,1,125,2017,April,16,20,0,3,2,0.0,0,BB,PRT,Groups,TA/TO,0,0,0,A,A,0,Non Refund,33.0,0,Transient,85.0,0,0
City Hotel,1,125,2017,April,16,20,0,3,2,0.0,0,BB,PRT,Groups,TA/TO,0,0,0,A,A,0,Non Refund,33.0,0,Transient,85.0,0,0
City Hotel,1,98,2017,April,16,20,0,3,2,0.0,0,BB,GBR,Online TA,TA/TO,0,0,0,D,D,0,No Deposit,9.0,0,Transient,136.8,0,2
City Hotel,1,67,2017,April,16,20,0,3,2,0.0,0,BB,ISR,Online TA,TA/TO,0,0,0,D,D,0,No Deposit,9.0,0,Transient,135.0,0,0
City Hotel,1,125,2017,April,16,20,0,3,2,0.0,0,BB,PRT,Groups,TA/TO,0,0,0,A,A,0,Non Refund,33.0,0,Transient,85.0,0,0
City Hotel,1,125,2017,April,16,20,0,3,2,0.0,0,BB,PRT,Groups,TA/TO,0,0,0,A,A,0,Non Refund,33.0,0,Transient,85.0,0,0
City Hotel,1,125,2017,April,16,20,0,3,2,0.0,0,BB,PRT,Groups,TA/TO,0,0,0,A,A,0,Non Refund,33.0,0,Transient,85.0,0,0
City Hotel,1,125,2017,April,16,20,0,3,2,0.0,0,BB,PRT,Groups,TA/TO,0,0,0,A,A,0,Non Refund,33.0,0,Transient,85.0,0,0
City Hotel,1,143,2017,April,16,20,0,3,2,0.0,0,BB,PRT,Groups,TA/TO,0,0,0,A,A,0,Non Refund,33.0,18,Transient,85.0,0,0
City Hotel,1,125,2017,April,16,20,0,3,2,0.0,0,BB,PRT,Groups,TA/TO,0,0,0,A,A,0,Non Refund,33.0,0,Transient,85.0,0,0
City Hotel,1,125,2017,April,16,20,0,3,2,0.0,0,BB,PRT,Groups,TA/TO,0,0,0,A,A,0,Non Refund,33.0,0,Transient,85.0,0,0
City Hotel,1,125,2017,April,16,20,0,3,2,0.0,0,BB,PRT,Groups,TA/TO,0,0,0,A,A,0,Non Refund,33.0,0,Transient,85.0,0,0
City Hotel,1,125,2017,April,16,20,0,3,2,0.0,0,BB,PRT,Groups,TA/TO,0,0,0,A,A,0,Non Refund,33.0,0,Transient,85.0,0,0
City Hotel,1,125,2017,April,16,20,0,3,2,0.0,0,BB,PRT,Groups,TA/TO,0,0,0,A,A,0,Non Refund,33.0,0,Transient,85.0,0,0
City Hotel,1,98,2017,April,16,20,0,3,2,0.0,0,BB,GBR,Online TA,TA/TO,0,0,0,D,D,0,No Deposit,9.0,0,Transient,136.8,0,2
City Hotel,1,125,2017,April,16,20,0,3,2,0.0,0,BB,PRT,Groups,TA/TO,0,0,0,A,A,0,Non Refund,33.0,0,Transient,85.0,0,0
City Hotel,1,125,2017,April,16,20,0,3,2,0.0,0,BB,PRT,Groups,TA/TO,0,0,0,A,A,0,Non Refund,33.0,0,Transient,85.0,0,0
City Hotel,1,125,2017,April,16,20,0,3,2,0.0,0,BB,PRT,Groups,TA/TO,0,0,0,A,A,0,Non Refund,33.0,0,Transient,85.0,0,0
City Hotel,1,125,2017,April,16,20,0,3,2,0.0,0,BB,PRT,Groups,TA/TO,0,0,0,A,A,0,Non Refund,33.0,0,Transient,85.0,0,0
City Hotel,1,125,2017,April,16,20,0,3,2,0.0,0,BB,PRT,Groups,TA/TO,0,0,0,A,A,0,Non Refund,33.0,0,Transient,85.0,0,0
City Hotel,1,195,2017,April,16,20,0,3,2,0.0,0,BB,GBR,Online TA,TA/TO,0,0,0,A,A,0,No Deposit,9.0,0,Transient,117.0,0,0
City Hotel,1,44,2017,April,16,20,1,3,2,0.0,0,BB,PRT,Offline TA/TO,TA/TO,0,0,0,A,A,0,No Deposit,6.0,0,Transient-Party,85.0,0,0
City Hotel,1,163,2017,April,16,20,1,3,2,0.0,0,SC,GBR,Online TA,TA/TO,0,0,0,A,A,0,No Deposit,9.0,0,Transient,99.0,0,1
City Hotel,1,163,2017,April,16,20,1,3,2,0.0,0,SC,GBR,Online TA,TA/TO,0,0,0,A,A,0,No Deposit,9.0,0,Transient,99.0,0,1
City Hotel,1,44,2017,April,16,20,1,3,2,0.0,0,BB,PRT,Offline TA/TO,TA/TO,0,0,0,A,A,0,No Deposit,6.0,0,Transient-Party,85.0,0,0
City Hotel,1,44,2017,April,16,20,1,3,2,0.0,0,BB,PRT,Offline TA/TO,TA/TO,0,0,0,A,A,0,No Deposit,6.0,0,Transient-Party,85.0,0,0
City Hotel,1,44,2017,April,16,20,1,3,2,0.0,0,BB,PRT,Offline TA/TO,TA/TO,0,0,0,A,A,0,No Deposit,6.0,0,Transient-Party,85.0,0,0
City Hotel,1,81,2017,April,16,20,1,3,2,0.0,0,BB,ITA,Online TA,TA/TO,0,0,0,D,D,0,No Deposit,9.0,0,Transient,135.0,0,0
City Hotel,1,105,2017,April,16,20,2,3,2,0.0,0,BB,ITA,Online TA,TA/TO,0,0,0,D,D,0,No Deposit,9.0,0,Transient,139.5,0,0
City Hotel,1,67,2017,April,16,20,2,3,2,0.0,0,BB,DEU,Online TA,TA/TO,0,0,0,D,D,0,No Deposit,9.0,0,Transient,135.0,0,0
City Hotel,1,316,2017,April,16,21,0,1,2,0.0,0,BB,USA,Online TA,TA/TO,0,0,0,A,A,0,No Deposit,9.0,0,Transient,109.8,0,0
City Hotel,1,316,2017,April,16,21,0,1,2,0.0,0,BB,USA,Direct,Direct,0,0,0,A,A,0,No Deposit,14.0,0,Transient,93.5,0,0
City Hotel,1,316,2017,April,16,21,0,1,2,0.0,0,BB,USA,Direct,Direct,0,0,0,A,A,0,No Deposit,14.0,0,Transient,93.5,0,0
City Hotel,1,126,2017,April,16,21,0,1,2,0.0,0,SC,NLD,Online TA,TA/TO,0,0,0,A,A,0,No Deposit,9.0,0,Transient,108.0,0,2
City Hotel,1,316,2017,April,16,21,0,1,2,0.0,0,BB,USA,Online TA,TA/TO,0,0,0,A,A,0,No Deposit,9.0,0,Transient,109.8,0,0
City Hotel,1,204,2017,April,16,21,0,1,2,0.0,0,SC,NLD,Online TA,TA/TO,0,0,0,A,A,0,No Deposit,9.0,0,Transient,99.0,0,1
City Hotel,1,204,2017,April,16,21,0,1,2,0.0,0,BB,NLD,Online TA,TA/TO,0,0,0,B,B,1,No Deposit,9.0,0,Transient,103.05,0,2
City Hotel,1,130,2017,April,16,21,0,2,2,0.0,0,BB,PRT,Groups,TA/TO,0,0,0,A,A,0,Non Refund,286.0,0,Transient,95.0,0,0
City Hotel,1,130,2017,April,16,21,0,2,2,0.0,0,BB,PRT,Groups,TA/TO,0,0,0,A,A,0,Non Refund,286.0,0,Transient,95.0,0,0
City Hotel,1,177,2017,April,16,21,0,2,2,0.0,0,SC,IRL,Online TA,TA/TO,0,0,0,A,A,0,No Deposit,9.0,0,Transient,99.0,0,0
City Hotel,1,130,2017,April,16,21,0,2,2,0.0,0,BB,PRT,Groups,TA/TO,0,0,0,A,A,0,Non Refund,286.0,0,Transient,95.0,0,0
City Hotel,1,130,2017,April,16,21,0,2,2,0.0,0,BB,PRT,Groups,TA/TO,0,0,0,A,A,0,Non Refund,286.0,0,Transient,95.0,0,0
City Hotel,1,130,2017,April,16,21,0,2,2,0.0,0,BB,PRT,Groups,TA/TO,0,0,0,A,A,0,Non Refund,286.0,0,Transient,95.0,0,0
City Hotel,1,130,2017,April,16,21,0,2,2,0.0,0,BB,PRT,Groups,TA/TO,0,0,0,A,A,0,Non Refund,286.0,0,Transient,95.0,0,0
City Hotel,1,130,2017,April,16,21,0,2,2,0.0,0,BB,PRT,Groups,TA/TO,0,0,0,A,A,0,Non Refund,286.0,0,Transient,95.0,0,0
City Hotel,1,130,2017,April,16,21,0,2,2,0.0,0,BB,PRT,Groups,TA/TO,0,0,0,A,A,0,Non Refund,286.0,0,Transient,95.0,0,0
City Hotel,1,177,2017,April,16,21,0,2,2,0.0,0,SC,IRL,Online TA,TA/TO,0,0,0,A,A,0,No Deposit,9.0,0,Transient,99.0,0,0
City Hotel,1,96,2017,April,16,21,0,2,2,0.0,0,BB,GBR,Online TA,TA/TO,0,0,0,D,D,0,No Deposit,9.0,0,Transient,136.8,0,0
City Hotel,1,130,2017,April,16,21,0,2,2,0.0,0,BB,PRT,Groups,TA/TO,0,0,0,A,A,0,Non Refund,286.0,0,Transient,95.0,0,0
City Hotel,1,130,2017,April,16,21,0,2,2,0.0,0,BB,PRT,Groups,TA/TO,0,0,0,A,A,0,Non Refund,286.0,0,Transient,95.0,0,0
City Hotel,1,130,2017,April,16,21,0,2,2,0.0,0,BB,PRT,Groups,TA/TO,0,0,0,A,A,0,Non Refund,286.0,0,Transient,95.0,0,0
City Hotel,1,173,2017,April,16,21,0,2,2,0.0,0,BB,GBR,Online TA,TA/TO,0,0,0,A,A,0,No Deposit,9.0,0,Transient,117.0,0,2
City Hotel,1,172,2017,April,16,21,0,2,2,0.0,0,BB,GBR,Online TA,TA/TO,0,0,0,A,A,0,No Deposit,9.0,0,Transient,117.0,0,1
City Hotel,1,130,2017,April,16,21,0,2,2,0.0,0,BB,PRT,Groups,TA/TO,0,0,0,A,A,0,Non Refund,286.0,0,Transient,95.0,0,0
City Hotel,1,130,2017,April,16,21,0,2,2,0.0,0,BB,PRT,Groups,TA/TO,0,0,0,A,A,0,Non Refund,286.0,0,Transient,95.0,0,0
City Hotel,1,130,2017,April,16,21,0,2,2,0.0,0,BB,PRT,Groups,TA/TO,0,0,0,A,A,0,Non Refund,286.0,0,Transient,95.0,0,0
City Hotel,1,130,2017,April,16,21,0,2,2,0.0,0,BB,PRT,Groups,TA/TO,0,0,0,A,A,0,Non Refund,286.0,0,Transient,95.0,0,0
City Hotel,1,130,2017,April,16,21,0,2,2,0.0,0,BB,PRT,Groups,TA/TO,0,0,0,A,A,0,Non Refund,286.0,0,Transient,95.0,0,0
City Hotel,1,130,2017,April,16,21,0,2,2,0.0,0,BB,PRT,Groups,TA/TO,0,0,0,A,A,0,Non Refund,286.0,0,Transient,95.0,0,0
City Hotel,1,130,2017,April,16,21,0,2,2,0.0,0,BB,PRT,Groups,TA/TO,0,0,0,A,A,0,Non Refund,286.0,0,Transient,95.0,0,0
City Hotel,1,130,2017,April,16,21,0,2,2,0.0,0,BB,PRT,Groups,TA/TO,0,0,0,A,A,0,Non Refund,286.0,0,Transient,95.0,0,0
City Hotel,1,177,2017,April,16,21,0,2,2,0.0,0,SC,IRL,Online TA,TA/TO,0,0,0,A,A,0,Refundable,9.0,0,Transient,99.0,0,0
City Hotel,1,130,2017,April,16,21,0,2,2,0.0,0,BB,PRT,Groups,TA/TO,0,0,0,A,A,0,Non Refund,286.0,0,Transient,95.0,0,0
City Hotel,1,57,2017,April,16,21,0,2,2,0.0,0,BB,CHE,Direct,Direct,0,0,0,F,F,0,No Deposit,14.0,0,Transient,225.0,0,0
City Hotel,1,130,2017,April,16,21,0,2,2,0.0,0,BB,PRT,Groups,TA/TO,0,0,0,A,A,0,Non Refund,286.0,0,Transient,95.0,0,0
City Hotel,1,177,2017,April,16,21,0,2,2,0.0,0,SC,IRL,Online TA,TA/TO,0,0,0,A,A,0,Refundable,9.0,0,Transient,99.0,0,0
City Hotel,1,177,2017,April,16,21,0,2,2,0.0,0,SC,IRL,Online TA,TA/TO,0,0,0,A,A,0,No Deposit,9.0,0,Transient,99.0,0,0
City Hotel,1,177,2017,April,16,21,0,2,2,0.0,0,BB,PRT,Groups,TA/TO,0,0,0,A,A,0,Non Refund,286.0,47,Transient,95.0,0,0
City Hotel,1,130,2017,April,16,21,0,2,2,0.0,0,BB,PRT,Groups,TA/TO,0,0,0,A,A,0,Non Refund,286.0,0,Transient,95.0,0,0
City Hotel,1,135,2017,April,16,21,1,2,2,0.0,0,BB,PRT,Groups,TA/TO,0,0,0,A,A,0,Non Refund,3.0,0,Transient,90.0,0,0
City Hotel,1,91,2017,April,16,21,1,2,2,0.0,0,BB,BEL,Online TA,TA/TO,0,0,0,A,A,0,No Deposit,9.0,0,Transient,126.0,0,0
City Hotel,1,91,2017,April,16,21,1,2,2,0.0,0,BB,BEL,Online TA,TA/TO,0,0,0,A,A,0,No Deposit,9.0,0,Transient,126.0,0,0
City Hotel,1,135,2017,April,16,21,1,2,2,0.0,0,BB,PRT,Groups,TA/TO,0,0,0,A,A,0,Non Refund,3.0,0,Transient,90.0,0,0
City Hotel,1,135,2017,April,16,21,1,2,2,0.0,0,BB,PRT,Groups,TA/TO,0,0,0,A,A,0,Non Refund,3.0,0,Transient,90.0,0,0
City Hotel,1,135,2017,April,16,21,1,2,2,0.0,0,BB,PRT,Groups,TA/TO,0,0,0,A,A,0,Non Refund,3.0,0,Transient,90.0,0,0
City Hotel,1,82,2017,April,16,21,1,2,2,0.0,0,BB,GBR,Online TA,TA/TO,0,0,0,A,A,0,No Deposit,9.0,0,Transient,126.0,0,0
City Hotel,1,251,2017,April,16,21,1,2,2,0.0,0,BB,GBR,Online TA,TA/TO,0,0,0,A,A,0,No Deposit,9.0,0,Transient,109.8,0,2
City Hotel,1,135,2017,April,16,21,1,2,2,0.0,0,BB,PRT,Groups,TA/TO,0,0,0,A,A,0,Non Refund,3.0,0,Transient,90.0,0,0
City Hotel,1,135,2017,April,16,21,1,2,2,0.0,0,BB,PRT,Groups,TA/TO,0,0,0,A,A,0,Non Refund,3.0,0,Transient,90.0,0,0
City Hotel,1,75,2017,April,16,21,1,2,2,0.0,0,HB,ITA,Online TA,TA/TO,0,0,0,D,D,0,No Deposit,9.0,0,Transient,169.2,0,0
City Hotel,1,91,2017,April,16,21,1,2,2,0.0,0,BB,BEL,Online TA,TA/TO,0,0,0,A,A,0,No Deposit,9.0,0,Transient,126.0,0,0
City Hotel,1,135,2017,April,16,21,1,2,2,0.0,0,BB,PRT,Groups,TA/TO,0,0,0,A,A,0,Non Refund,3.0,0,Transient,90.0,0,0
City Hotel,1,91,2017,April,16,21,1,2,2,0.0,0,BB,BEL,Online TA,TA/TO,0,0,0,D,D,0,No Deposit,9.0,0,Transient,135.0,0,0
City Hotel,1,135,2017,April,16,21,1,2,2,0.0,0,BB,PRT,Groups,TA/TO,0,0,0,A,A,0,Non Refund,3.0,0,Transient,90.0,0,0
City Hotel,1,251,2017,April,16,21,1,2,2,0.0,0,BB,GBR,Online TA,TA/TO,0,0,0,A,A,0,No Deposit,9.0,0,Transient,109.8,0,2
City Hotel,1,130,2017,April,16,21,0,2,2,0.0,0,BB,PRT,Groups,TA/TO,0,0,0,A,A,0,Non Refund,286.0,0,Transient,95.0,0,0
City Hotel,1,130,2017,April,16,21,0,2,2,0.0,0,BB,PRT,Groups,TA/TO,0,0,0,A,A,0,Non Refund,286.0,0,Transient,95.0,0,0
City Hotel,1,72,2017,April,16,21,1,2,2,0.0,0,SC,ITA,Online TA,TA/TO,0,0,0,A,A,1,No Deposit,9.0,0,Transient,108.0,0,0
City Hotel,1,135,2017,April,16,21,1,2,2,0.0,0,BB,PRT,Groups,TA/TO,0,0,0,A,A,0,Non Refund,3.0,0,Transient,90.0,0,0
City Hotel,1,135,2017,April,16,21,1,2,2,0.0,0,BB,PRT,Groups,TA/TO,0,0,0,A,A,0,Non Refund,3.0,0,Transient,90.0,0,0
City Hotel,1,177,2017,April,16,21,1,2,2,0.0,0,SC,FRA,Online TA,TA/TO,0,0,0,A,A,0,No Deposit,9.0,0,Transient,99.0,0,2
City Hotel,1,91,2017,April,16,21,1,2,2,0.0,0,BB,BEL,Online TA,TA/TO,0,0,0,D,D,0,No Deposit,9.0,0,Transient,135.0,0,0
City Hotel,1,239,2017,April,16,21,1,2,2,0.0,0,BB,BRA,Online TA,TA/TO,0,0,0,A,A,0,No Deposit,9.0,0,Transient,122.4,0,1
City Hotel,1,135,2017,April,16,21,1,2,2,0.0,0,BB,PRT,Groups,TA/TO,0,0,0,A,A,0,Non Refund,3.0,0,Transient,90.0,0,0
City Hotel,1,164,2017,April,16,21,1,2,2,0.0,0,SC,ESP,Online TA,TA/TO,0,0,0,A,A,0,No Deposit,9.0,0,Transient,99.0,0,1
City Hotel,1,251,2017,April,16,21,1,2,2,0.0,0,BB,GBR,Online TA,TA/TO,0,0,0,A,A,0,No Deposit,9.0,0,Transient,109.8,0,2
City Hotel,1,135,2017,April,16,21,1,2,2,0.0,0,BB,PRT,Groups,TA/TO,0,0,0,A,A,0,Non Refund,3.0,0,Transient,90.0,0,0
City Hotel,1,135,2017,April,16,21,1,2,2,0.0,0,BB,PRT,Groups,TA/TO,0,0,0,A,A,0,Non Refund,3.0,0,Transient,90.0,0,0
City Hotel,1,69,2017,April,16,21,1,2,2,0.0,0,SC,FRA,Online TA,TA/TO,0,0,0,A,A,0,No Deposit,9.0,0,Transient,108.0,0,0
City Hotel,1,135,2017,April,16,21,1,2,2,0.0,0,BB,PRT,Groups,TA/TO,0,0,0,A,A,0,Non Refund,3.0,0,Transient,90.0,0,0
City Hotel,1,91,2017,April,16,21,1,2,2,0.0,0,BB,BEL,Online TA,TA/TO,0,0,0,A,A,0,No Deposit,9.0,0,Transient,126.0,0,0
City Hotel,1,82,2017,April,16,21,1,2,2,0.0,0,BB,GBR,Online TA,TA/TO,0,0,0,A,A,0,No Deposit,9.0,0,Transient,126.0,0,0
City Hotel,1,135,2017,April,16,21,1,2,2,0.0,0,BB,PRT,Groups,TA/TO,0,0,0,A,A,0,Non Refund,3.0,0,Transient,90.0,0,0
City Hotel,1,135,2017,April,16,21,1,2,2,0.0,0,BB,PRT,Groups,TA/TO,0,0,0,A,A,0,Non Refund,3.0,0,Transient,90.0,0,0
City Hotel,1,163,2017,April,16,21,1,2,2,0.0,0,BB,PRT,Groups,TA/TO,0,0,0,A,A,0,Non Refund,3.0,28,Transient,90.0,0,0
City Hotel,1,91,2017,April,16,21,1,2,2,0.0,0,BB,BEL,Online TA,TA/TO,0,0,0,A,A,0,No Deposit,9.0,0,Transient,126.0,0,0
City Hotel,1,135,2017,April,16,21,1,2,2,0.0,0,BB,PRT,Groups,TA/TO,0,0,0,A,A,0,Non Refund,3.0,0,Transient,90.0,0,0
City Hotel,1,281,2017,April,16,21,1,2,2,0.0,0,BB,BRA,Online TA,TA/TO,0,0,0,D,D,0,No Deposit,9.0,0,Transient,123.3,0,0
City Hotel,1,74,2017,April,16,21,1,2,2,0.0,0,BB,CHN,Online TA,TA/TO,0,0,0,D,D,0,No Deposit,9.0,0,Transient,121.5,0,0
City Hotel,1,135,2017,April,16,21,1,2,2,0.0,0,BB,PRT,Groups,TA/TO,0,0,0,A,A,0,Non Refund,3.0,0,Transient,90.0,0,0
City Hotel,1,82,2017,April,16,21,1,2,2,0.0,0,BB,GBR,Online TA,TA/TO,0,0,0,A,A,0,No Deposit,9.0,0,Transient,126.0,0,0
City Hotel,1,135,2017,April,16,21,1,2,2,0.0,0,BB,PRT,Groups,TA/TO,0,0,0,A,A,0,Non Refund,3.0,0,Transient,90.0,0,0
City Hotel,1,195,2017,April,16,21,2,2,2,0.0,0,SC,ITA,Online TA,TA/TO,0,0,0,A,A,0,No Deposit,9.0,0,Transient,99.0,0,1
City Hotel,1,158,2017,April,16,21,2,2,2,0.0,0,BB,ITA,Online TA,TA/TO,0,0,0,A,A,0,No Deposit,9.0,0,Transient,117.0,0,1
City Hotel,1,158,2017,April,16,21,2,2,2,0.0,0,BB,ITA,Online TA,TA/TO,0,0,0,A,A,0,No Deposit,9.0,0,Transient,117.0,0,1
City Hotel,1,158,2017,April,16,21,2,2,2,0.0,0,BB,ITA,Online TA,TA/TO,0,0,0,A,A,0,No Deposit,9.0,0,Transient,117.0,0,1
City Hotel,1,67,2017,April,16,21,2,2,2,0.0,0,BB,ITA,Online TA,TA/TO,0,0,0,A,A,0,No Deposit,9.0,0,Transient,126.0,0,0
City Hotel,1,158,2017,April,16,21,2,2,2,0.0,0,BB,ITA,Online TA,TA/TO,0,0,0,A,A,0,No Deposit,9.0,0,Transient,117.0,0,1
City Hotel,1,67,2017,April,16,21,2,2,2,0.0,0,BB,ITA,Online TA,TA/TO,0,0,0,A,A,0,No Deposit,9.0,0,Transient,126.0,0,0
City Hotel,1,31,2017,April,16,21,2,3,2,0.0,0,BB,PRT,Offline TA/TO,TA/TO,0,0,0,A,A,0,No Deposit,21.0,0,Transient-Party,85.0,0,0
City Hotel,1,194,2017,April,16,21,2,3,2,0.0,0,BB,FRA,Online TA,TA/TO,0,0,0,A,A,0,No Deposit,9.0,0,Transient,117.0,0,2
City Hotel,1,194,2017,April,16,21,2,3,2,0.0,0,BB,FRA,Online TA,TA/TO,0,0,0,A,A,0,No Deposit,9.0,0,Transient,117.0,0,2
City Hotel,1,153,2017,April,16,21,2,3,2,0.0,0,BB,GBR,Online TA,TA/TO,0,0,0,D,D,0,No Deposit,9.0,0,Transient,130.5,0,0
City Hotel,1,302,2017,April,16,21,2,3,2,0.0,0,BB,GBR,Online TA,TA/TO,0,0,0,D,D,0,No Deposit,9.0,0,Transient,123.3,0,2
City Hotel,1,194,2017,April,16,21,2,3,2,0.0,0,BB,FRA,Online TA,TA/TO,0,0,0,A,A,0,No Deposit,9.0,0,Transient,117.0,0,2
City Hotel,1,39,2017,April,16,21,2,5,2,0.0,0,BB,GBR,Online TA,TA/TO,0,0,0,D,D,0,No Deposit,9.0,0,Transient,147.86,0,0
City Hotel,1,97,2017,April,16,21,2,5,2,0.0,0,BB,SRB,Online TA,TA/TO,0,0,0,D,D,0,No Deposit,9.0,0,Transient,135.51,0,1
City Hotel,1,186,2017,April,16,22,1,1,2,0.0,0,SC,BRA,Online TA,TA/TO,0,0,0,A,A,0,No Deposit,9.0,0,Transient,99.0,0,0
City Hotel,1,274,2017,April,16,22,1,1,2,0.0,0,BB,GBR,Online TA,TA/TO,0,0,0,A,A,0,No Deposit,9.0,0,Transient,109.8,0,2
City Hotel,1,68,2017,April,16,22,1,1,2,0.0,0,SC,CN,Online TA,TA/TO,0,0,0,A,A,0,No Deposit,9.0,0,Transient,108.0,0,0
City Hotel,1,186,2017,April,16,22,1,1,2,0.0,0,SC,BRA,Online TA,TA/TO,0,0,0,A,A,0,No Deposit,9.0,0,Transient,99.0,0,0
City Hotel,1,393,2017,April,16,22,2,1,2,0.0,0,BB,PRT,Offline TA/TO,TA/TO,0,0,0,A,A,0,Non Refund,229.0,0,Transient,90.0,0,0
City Hotel,1,393,2017,April,16,22,2,1,2,0.0,0,BB,PRT,Offline TA/TO,TA/TO,0,0,0,A,A,0,Non Refund,229.0,0,Transient,90.0,0,0
City Hotel,1,393,2017,April,16,22,2,1,2,0.0,0,BB,PRT,Offline TA/TO,TA/TO,0,0,0,A,A,0,Non Refund,229.0,0,Transient,90.0,0,0
City Hotel,1,393,2017,April,16,22,2,1,2,0.0,0,BB,PRT,Offline TA/TO,TA/TO,0,0,0,A,A,0,Non Refund,229.0,0,Transient,90.0,0,0
City Hotel,1,393,2017,April,16,22,2,1,2,0.0,0,BB,PRT,Offline TA/TO,TA/TO,0,0,0,A,A,0,Non Refund,229.0,0,Transient,90.0,0,0
City Hotel,1,393,2017,April,16,22,2,1,2,0.0,0,BB,PRT,Offline TA/TO,TA/TO,0,0,0,A,A,0,Non Refund,229.0,0,Transient,90.0,0,0
City Hotel,1,393,2017,April,16,22,2,1,2,0.0,0,BB,PRT,Offline TA/TO,TA/TO,0,0,0,A,A,0,Non Refund,229.0,0,Transient,90.0,0,0
City Hotel,1,393,2017,April,16,22,2,1,2,0.0,0,BB,PRT,Offline TA/TO,TA/TO,0,0,0,A,A,0,Non Refund,229.0,0,Transient,90.0,0,0
City Hotel,1,393,2017,April,16,22,2,1,2,0.0,0,BB,PRT,Offline TA/TO,TA/TO,0,0,0,A,A,0,Non Refund,229.0,0,Transient,90.0,0,0
City Hotel,1,393,2017,April,16,22,2,1,2,0.0,0,BB,PRT,Offline TA/TO,TA/TO,0,0,0,A,A,0,Non Refund,229.0,0,Transient,90.0,0,0
City Hotel,1,393,2017,April,16,22,2,1,2,0.0,0,BB,PRT,Offline TA/TO,TA/TO,0,0,0,A,A,0,Non Refund,229.0,0,Transient,90.0,0,0
City Hotel,1,393,2017,April,16,22,2,1,2,0.0,0,BB,PRT,Offline TA/TO,TA/TO,0,0,0,A,A,0,Non Refund,229.0,0,Transient,90.0,0,0
City Hotel,1,393,2017,April,16,22,2,1,2,0.0,0,BB,PRT,Offline TA/TO,TA/TO,0,0,0,A,A,0,Non Refund,229.0,0,Transient,90.0,0,0
City Hotel,1,393,2017,April,16,22,2,1,2,0.0,0,BB,PRT,Offline TA/TO,TA/TO,0,0,0,A,A,0,Non Refund,229.0,0,Transient,90.0,0,0
City Hotel,1,393,2017,April,16,22,2,1,2,0.0,0,BB,PRT,Offline TA/TO,TA/TO,0,0,0,A,A,0,Non Refund,229.0,0,Transient,90.0,0,0
City Hotel,1,393,2017,April,16,22,2,1,2,0.0,0,BB,PRT,Offline TA/TO,TA/TO,0,0,0,A,A,0,Non Refund,229.0,0,Transient,90.0,0,0
City Hotel,1,393,2017,April,16,22,2,1,2,0.0,0,BB,PRT,Offline TA/TO,TA/TO,0,0,0,A,A,0,Non Refund,229.0,0,Transient,90.0,0,0
City Hotel,1,242,2017,April,16,22,2,1,2,0.0,0,BB,LUX,Online TA,TA/TO,0,0,0,A,A,0,No Deposit,9.0,0,Transient,113.4,0,2
City Hotel,1,393,2017,April,16,22,2,1,2,0.0,0,BB,PRT,Offline TA/TO,TA/TO,0,0,0,A,A,0,Non Refund,229.0,0,Transient,90.0,0,0
City Hotel,1,393,2017,April,16,22,2,1,2,0.0,0,BB,PRT,Offline TA/TO,TA/TO,0,0,0,A,A,0,Non Refund,229.0,0,Transient,90.0,0,0
City Hotel,1,393,2017,April,16,22,2,1,2,0.0,0,BB,PRT,Offline TA/TO,TA/TO,0,0,0,A,A,0,Non Refund,229.0,0,Transient,90.0,0,0
City Hotel,1,393,2017,April,16,22,2,1,2,0.0,0,BB,PRT,Offline TA/TO,TA/TO,0,0,0,A,A,0,Non Refund,229.0,0,Transient,90.0,0,0
City Hotel,1,393,2017,April,16,22,2,1,2,0.0,0,BB,PRT,Offline TA/TO,TA/TO,0,0,0,A,A,0,Non Refund,229.0,0,Transient,90.0,0,0
City Hotel,1,393,2017,April,16,22,2,1,2,0.0,0,BB,PRT,Offline TA/TO,TA/TO,0,0,0,A,A,0,Non Refund,229.0,0,Transient,90.0,0,0
City Hotel,1,393,2017,April,16,22,2,1,2,0.0,0,BB,PRT,Offline TA/TO,TA/TO,0,0,0,A,A,0,Non Refund,229.0,0,Transient,90.0,0,0
City Hotel,1,393,2017,April,16,22,2,1,2,0.0,0,BB,PRT,Offline TA/TO,TA/TO,0,0,0,A,A,0,Non Refund,229.0,0,Transient,90.0,0,0
City Hotel,1,393,2017,April,16,22,2,1,2,0.0,0,BB,PRT,Offline TA/TO,TA/TO,0,0,0,A,A,0,Non Refund,229.0,0,Transient,90.0,0,0
City Hotel,1,152,2017,April,16,22,2,2,2,0.0,0,BB,PRT,Offline TA/TO,TA/TO,0,0,0,A,A,0,Non Refund,58.0,0,Transient,105.0,0,0
City Hotel,1,237,2017,April,16,22,2,2,2,0.0,0,BB,FRA,Online TA,TA/TO,0,0,0,A,A,0,No Deposit,9.0,0,Transient,113.4,0,0
City Hotel,1,237,2017,April,16,22,2,2,2,0.0,0,BB,FRA,Online TA,TA/TO,0,0,0,A,A,0,No Deposit,9.0,0,Transient,113.4,0,0
City Hotel,1,100,2017,April,16,22,2,2,2,0.0,0,BB,PRT,Offline TA/TO,TA/TO,0,0,0,A,A,0,Non Refund,58.0,0,Transient,105.0,0,0
City Hotel,1,152,2017,April,16,22,2,2,2,0.0,0,BB,PRT,Offline TA/TO,TA/TO,0,0,0,A,A,0,Non Refund,58.0,0,Transient,105.0,0,0
City Hotel,1,100,2017,April,16,22,2,2,2,0.0,0,BB,PRT,Offline TA/TO,TA/TO,0,0,0,A,A,0,Non Refund,58.0,0,Transient,105.0,0,0
City Hotel,1,100,2017,April,16,22,2,2,2,0.0,0,BB,PRT,Offline TA/TO,TA/TO,0,0,0,A,A,0,Non Refund,58.0,0,Transient,105.0,0,0
City Hotel,1,152,2017,April,16,22,2,2,2,0.0,0,BB,PRT,Offline TA/TO,TA/TO,0,0,0,A,A,0,Non Refund,58.0,0,Transient,105.0,0,0
City Hotel,1,152,2017,April,16,22,2,2,2,0.0,0,BB,PRT,Offline TA/TO,TA/TO,0,0,0,A,A,0,Non Refund,58.0,0,Transient,105.0,0,0
City Hotel,1,237,2017,April,16,22,2,2,2,0.0,0,BB,FRA,Online TA,TA/TO,0,0,0,A,A,0,No Deposit,9.0,0,Transient,113.4,0,0
City Hotel,1,100,2017,April,16,22,2,2,2,0.0,0,BB,PRT,Offline TA/TO,TA/TO,0,0,0,A,A,0,Non Refund,58.0,0,Transient,105.0,0,0
City Hotel,1,100,2017,April,16,22,2,2,2,0.0,0,BB,PRT,Offline TA/TO,TA/TO,0,0,0,A,A,0,Non Refund,58.0,0,Transient,105.0,0,0
City Hotel,1,100,2017,April,16,22,2,2,2,0.0,0,BB,PRT,Offline TA/TO,TA/TO,0,0,0,A,A,0,Non Refund,58.0,0,Transient,105.0,0,0
City Hotel,1,100,2017,April,16,22,2,2,2,0.0,0,BB,PRT,Offline TA/TO,TA/TO,0,0,0,A,A,0,Non Refund,58.0,0,Transient,105.0,0,0
City Hotel,1,100,2017,April,16,22,2,2,2,0.0,0,BB,PRT,Offline TA/TO,TA/TO,0,0,0,A,A,0,Non Refund,58.0,0,Transient,105.0,0,0
City Hotel,1,100,2017,April,16,22,2,2,2,0.0,0,BB,PRT,Offline TA/TO,TA/TO,0,0,0,A,A,0,Non Refund,58.0,0,Transient,105.0,0,0
City Hotel,1,152,2017,April,16,22,2,2,2,0.0,0,BB,PRT,Offline TA/TO,TA/TO,0,0,0,A,A,0,Non Refund,58.0,0,Transient,105.0,0,0
City Hotel,1,152,2017,April,16,22,2,2,2,0.0,0,BB,PRT,Offline TA/TO,TA/TO,0,0,0,A,A,0,Non Refund,58.0,0,Transient,105.0,0,0
City Hotel,1,152,2017,April,16,22,2,2,2,0.0,0,BB,PRT,Offline TA/TO,TA/TO,0,0,0,A,A,0,Non Refund,58.0,0,Transient,105.0,0,0
City Hotel,1,100,2017,April,16,22,2,2,2,0.0,0,BB,PRT,Offline TA/TO,TA/TO,0,0,0,A,A,0,Non Refund,58.0,0,Transient,105.0,0,0
City Hotel,1,100,2017,April,16,22,2,2,2,0.0,0,BB,PRT,Offline TA/TO,TA/TO,0,0,0,A,A,0,Non Refund,58.0,0,Transient,105.0,0,0
City Hotel,1,152,2017,April,16,22,2,2,2,0.0,0,BB,PRT,Offline TA/TO,TA/TO,0,0,0,A,A,0,Non Refund,58.0,0,Transient,105.0,0,0
City Hotel,1,100,2017,April,16,22,2,2,2,0.0,0,BB,PRT,Offline TA/TO,TA/TO,0,0,0,A,A,0,Non Refund,58.0,0,Transient,105.0,0,0
City Hotel,1,85,2017,April,16,22,2,2,2,0.0,0,BB,NLD,Online TA,TA/TO,0,0,0,D,D,0,No Deposit,9.0,0,Transient,135.0,0,0
City Hotel,1,100,2017,April,16,22,2,2,2,0.0,0,BB,PRT,Offline TA/TO,TA/TO,0,0,0,A,A,0,Non Refund,58.0,0,Transient,105.0,0,0
City Hotel,1,237,2017,April,16,22,2,2,2,0.0,0,BB,FRA,Online TA,TA/TO,0,0,0,A,A,0,No Deposit,9.0,0,Transient,113.4,0,0
City Hotel,1,237,2017,April,16,22,2,2,2,0.0,0,BB,FRA,Online TA,TA/TO,0,0,0,A,A,0,No Deposit,9.0,0,Transient,113.4,0,0
City Hotel,1,152,2017,April,16,22,2,2,2,0.0,0,BB,PRT,Offline TA/TO,TA/TO,0,0,0,A,A,0,Non Refund,58.0,0,Transient,105.0,0,0
City Hotel,1,152,2017,April,16,22,2,2,2,0.0,0,BB,PRT,Offline TA/TO,TA/TO,0,0,0,A,A,0,Non Refund,58.0,0,Transient,105.0,0,0
City Hotel,1,100,2017,April,16,22,2,2,2,0.0,0,BB,PRT,Offline TA/TO,TA/TO,0,0,0,A,A,0,Non Refund,58.0,0,Transient,105.0,0,0
City Hotel,1,100,2017,April,16,22,2,2,2,0.0,0,BB,PRT,Offline TA/TO,TA/TO,0,0,0,A,A,0,Non Refund,58.0,0,Transient,105.0,0,0
City Hotel,1,127,2017,April,16,22,2,2,2,0.0,0,BB,PRT,Offline TA/TO,TA/TO,0,0,0,A,A,0,Non Refund,58.0,27,Transient,105.0,0,0
City Hotel,1,152,2017,April,16,22,2,2,2,0.0,0,BB,PRT,Offline TA/TO,TA/TO,0,0,0,A,A,0,Non Refund,58.0,0,Transient,105.0,0,0
City Hotel,1,100,2017,April,16,22,2,2,2,0.0,0,BB,PRT,Offline TA/TO,TA/TO,0,0,0,A,A,0,Non Refund,58.0,0,Transient,105.0,0,0
City Hotel,1,152,2017,April,16,22,2,2,2,0.0,0,BB,PRT,Offline TA/TO,TA/TO,0,0,0,A,A,0,Non Refund,58.0,0,Transient,105.0,0,0
City Hotel,1,152,2017,April,16,22,2,2,2,0.0,0,BB,PRT,Offline TA/TO,TA/TO,0,0,0,A,A,0,Non Refund,58.0,0,Transient,105.0,0,0
City Hotel,1,127,2017,April,16,22,2,3,2,0.0,0,BB,CN,Online TA,TA/TO,0,0,0,D,D,0,No Deposit,9.0,0,Transient,139.5,0,0
City Hotel,1,82,2017,April,16,22,2,1,2,0.0,0,BB,ITA,Online TA,TA/TO,0,0,0,A,A,0,No Deposit,9.0,0,Transient,126.0,0,1
City Hotel,1,11,2017,April,17,23,1,0,2,0.0,0,BB,PRT,Direct,Direct,0,0,0,A,A,0,Non Refund,,0,Transient,102.6,0,0
City Hotel,1,18,2017,April,17,23,1,0,2,0.0,0,BB,PRT,Direct,Direct,0,0,0,A,A,0,Non Refund,,0,Transient,102.6,0,0
City Hotel,1,135,2017,April,17,23,2,0,2,0.0,0,BB,PRT,Groups,TA/TO,0,0,0,A,A,0,Non Refund,171.0,0,Transient,90.0,0,0
City Hotel,1,135,2017,April,17,23,2,0,2,0.0,0,BB,PRT,Groups,TA/TO,0,0,0,A,A,0,Non Refund,171.0,0,Transient,90.0,0,0
City Hotel,1,135,2017,April,17,23,2,0,2,0.0,0,BB,PRT,Groups,TA/TO,0,0,0,A,A,0,Non Refund,171.0,0,Transient,90.0,0,0
City Hotel,1,135,2017,April,17,23,2,0,2,0.0,0,BB,PRT,Groups,TA/TO,0,0,0,A,A,0,Non Refund,171.0,0,Transient,90.0,0,0
City Hotel,1,24,2017,April,17,23,2,0,2,0.0,0,SC,LBN,Online TA,TA/TO,0,0,0,A,A,0,No Deposit,9.0,0,Transient,115.0,0,0
City Hotel,1,135,2017,April,17,23,2,0,2,0.0,0,BB,PRT,Groups,TA/TO,0,0,0,A,A,0,Non Refund,171.0,0,Transient,90.0,0,0
City Hotel,1,135,2017,April,17,23,2,0,2,0.0,0,BB,PRT,Groups,TA/TO,0,0,0,A,A,0,Non Refund,171.0,0,Transient,90.0,0,0
City Hotel,1,135,2017,April,17,23,2,0,2,0.0,0,BB,PRT,Groups,TA/TO,0,0,0,A,A,0,Non Refund,171.0,0,Transient,90.0,0,0
City Hotel,1,184,2017,April,17,23,2,0,2,0.0,0,BB,PRT,Groups,TA/TO,0,0,0,A,A,0,Non Refund,171.0,49,Transient,90.0,0,0
City Hotel,1,135,2017,April,17,23,2,0,2,0.0,0,BB,PRT,Groups,TA/TO,0,0,0,A,A,0,Non Refund,171.0,0,Transient,90.0,0,0
City Hotel,1,135,2017,April,17,23,2,0,2,0.0,0,BB,PRT,Groups,TA/TO,0,0,0,A,A,0,Non Refund,171.0,0,Transient,90.0,0,0
City Hotel,1,218,2017,April,17,23,2,0,2,0.0,0,BB,ITA,Online TA,TA/TO,0,0,0,A,A,0,No Deposit,9.0,0,Transient,117.0,0,0
City Hotel,1,135,2017,April,17,23,2,0,2,0.0,0,BB,PRT,Groups,TA/TO,0,0,0,A,A,0,Non Refund,171.0,0,Transient,90.0,0,0
City Hotel,1,135,2017,April,17,23,2,0,2,0.0,0,BB,PRT,Groups,TA/TO,0,0,0,A,A,0,Non Refund,171.0,0,Transient,90.0,0,0
City Hotel,1,135,2017,April,17,23,2,0,2,0.0,0,BB,PRT,Groups,TA/TO,0,0,0,A,A,0,Non Refund,171.0,0,Transient,90.0,0,0
City Hotel,1,135,2017,April,17,23,2,0,2,0.0,0,BB,PRT,Groups,TA/TO,0,0,0,A,A,0,Non Refund,171.0,0,Transient,90.0,0,0
City Hotel,1,135,2017,April,17,23,2,0,2,0.0,0,BB,PRT,Groups,TA/TO,0,0,0,A,A,0,Non Refund,171.0,0,Transient,90.0,0,0
City Hotel,1,135,2017,April,17,23,2,0,2,0.0,0,BB,PRT,Groups,TA/TO,0,0,0,A,A,0,Non Refund,171.0,0,Transient,90.0,0,0
City Hotel,1,135,2017,April,17,23,2,0,2,0.0,0,BB,PRT,Groups,TA/TO,0,0,0,A,A,0,Non Refund,171.0,0,Transient,90.0,0,0
City Hotel,1,135,2017,April,17,23,2,0,2,0.0,0,BB,PRT,Groups,TA/TO,0,0,0,A,A,0,Non Refund,171.0,0,Transient,90.0,0,0
City Hotel,1,24,2017,April,17,23,2,0,2,0.0,0,SC,LBN,Online TA,TA/TO,0,0,0,A,A,0,No Deposit,9.0,0,Transient,115.0,0,1
City Hotel,1,135,2017,April,17,23,2,0,2,0.0,0,BB,PRT,Groups,TA/TO,0,0,0,A,A,0,Non Refund,171.0,0,Transient,90.0,0,0
City Hotel,1,135,2017,April,17,23,2,0,2,0.0,0,BB,PRT,Groups,TA/TO,0,0,0,A,A,0,Non Refund,171.0,0,Transient,90.0,0,0
City Hotel,1,150,2017,April,17,23,2,1,2,0.0,0,BB,GBR,Online TA,TA/TO,0,0,0,A,A,0,No Deposit,9.0,0,Transient,117.0,0,0
City Hotel,1,129,2017,April,17,23,2,1,2,0.0,0,SC,ITA,Online TA,TA/TO,0,0,0,A,A,0,No Deposit,9.0,0,Transient,108.0,0,2
City Hotel,1,139,2017,April,17,23,2,1,2,0.0,0,BB,GBR,Online TA,TA/TO,0,0,0,A,A,0,No Deposit,9.0,0,Transient,117.0,0,0
City Hotel,1,83,2017,April,17,23,2,2,2,0.0,0,SC,PRT,Online TA,TA/TO,0,0,0,A,A,0,No Deposit,8.0,0,Transient,108.0,0,0
City Hotel,1,310,2017,April,17,23,2,2,2,0.0,0,BB,PRT,Offline TA/TO,TA/TO,0,0,0,A,A,0,No Deposit,21.0,0,Transient-Party,75.0,0,0
City Hotel,1,69,2017,April,17,23,2,2,2,0.0,0,BB,FRA,Direct,Direct,0,0,0,D,D,0,No Deposit,14.0,0,Transient,145.0,0,0
City Hotel,1,99,2017,April,17,23,2,2,2,0.0,0,SC,GBR,Online TA,TA/TO,0,0,0,A,A,0,No Deposit,9.0,0,Transient,108.0,0,0
City Hotel,1,170,2017,April,17,23,2,2,2,0.0,0,BB,AUS,Online TA,TA/TO,0,0,0,A,A,0,No Deposit,9.0,0,Transient,117.0,0,4
City Hotel,1,310,2017,April,17,23,2,2,2,0.0,0,BB,PRT,Offline TA/TO,TA/TO,0,0,0,A,A,0,No Deposit,21.0,0,Transient-Party,75.0,0,0
City Hotel,1,182,2017,April,17,23,2,2,2,0.0,0,SC,NLD,Online TA,TA/TO,0,0,0,A,A,0,No Deposit,9.0,0,Transient,99.0,0,2
City Hotel,1,55,2017,April,17,23,2,2,2,0.0,0,BB,TUR,Online TA,TA/TO,0,0,0,E,E,0,No Deposit,9.0,0,Transient,162.0,0,0
City Hotel,1,52,2017,April,17,23,2,2,2,0.0,0,BB,DEU,Online TA,TA/TO,0,0,0,E,E,0,No Deposit,9.0,0,Transient,162.0,0,0
City Hotel,1,199,2017,April,17,23,2,3,2,0.0,0,BB,GBR,Online TA,TA/TO,0,0,0,A,A,0,No Deposit,9.0,0,Transient,123.84,0,0
City Hotel,1,199,2017,April,17,23,2,5,2,0.0,0,HB,ISR,Online TA,TA/TO,0,0,0,D,D,0,No Deposit,9.0,0,Transient,164.7,0,2
City Hotel,1,227,2017,April,17,23,2,5,2,0.0,0,BB,ISR,Online TA,TA/TO,0,0,0,D,D,2,No Deposit,9.0,0,Transient,130.5,0,2
City Hotel,1,162,2017,April,17,23,2,5,2,0.0,0,HB,ISR,Online TA,TA/TO,0,0,0,D,D,0,No Deposit,9.0,0,Transient,164.7,0,2
City Hotel,1,47,2017,April,17,24,1,1,2,0.0,0,BB,BRA,Online TA,TA/TO,0,0,0,A,A,1,No Deposit,9.0,0,Transient,126.0,0,0
City Hotel,1,74,2017,April,17,24,1,1,2,0.0,0,BB,GBR,Online TA,TA/TO,0,0,0,A,A,1,No Deposit,9.0,0,Transient,126.0,0,0
City Hotel,1,131,2017,April,17,24,1,2,2,0.0,0,SC,DEU,Online TA,TA/TO,0,0,0,A,A,0,No Deposit,9.0,0,Transient,99.0,0,0
City Hotel,1,109,2017,April,17,24,1,2,2,0.0,0,BB,AUT,Online TA,TA/TO,0,0,0,A,A,0,No Deposit,7.0,0,Transient,97.02,0,2
City Hotel,1,44,2017,April,17,24,1,2,2,0.0,0,BB,PRT,Offline TA/TO,TA/TO,0,0,0,A,A,0,No Deposit,27.0,0,Transient,99.0,0,0
City Hotel,1,123,2017,April,17,24,1,3,2,0.0,0,SC,FRA,Online TA,TA/TO,0,0,0,A,A,0,No Deposit,9.0,0,Transient,105.75,0,2
City Hotel,1,123,2017,April,17,24,1,3,2,0.0,0,SC,FRA,Online TA,TA/TO,0,0,0,A,A,0,No Deposit,9.0,0,Transient,105.75,0,2
City Hotel,1,79,2017,April,17,24,1,3,2,0.0,0,BB,DEU,Online TA,TA/TO,0,0,0,A,A,0,No Deposit,9.0,0,Transient,123.75,0,0
City Hotel,1,123,2017,April,17,24,1,3,2,0.0,0,SC,FRA,Online TA,TA/TO,0,0,0,A,A,0,No Deposit,9.0,0,Transient,105.75,0,2
City Hotel,1,123,2017,April,17,24,1,3,2,0.0,0,BB,FRA,Online TA,TA/TO,0,0,0,A,A,0,No Deposit,9.0,0,Transient,123.75,0,1
City Hotel,1,102,2017,April,17,24,1,3,2,0.0,0,BB,PRT,Direct,Direct,0,0,0,A,A,0,No Deposit,,0,Transient-Party,100.0,0,0
City Hotel,1,79,2017,April,17,24,1,3,2,0.0,0,BB,DEU,Online TA,TA/TO,0,0,0,A,A,0,No Deposit,9.0,0,Transient,123.75,0,0
City Hotel,1,123,2017,April,17,24,1,3,2,0.0,0,BB,FRA,Online TA,TA/TO,0,0,0,A,A,0,No Deposit,9.0,0,Transient,123.75,0,1
City Hotel,1,102,2017,April,17,24,1,3,2,0.0,0,BB,PRT,Direct,Direct,0,0,0,A,A,0,No Deposit,,0,Transient-Party,100.0,0,0
City Hotel,1,123,2017,April,17,24,1,3,2,0.0,0,BB,FRA,Online TA,TA/TO,0,0,0,A,A,0,No Deposit,9.0,0,Transient,123.75,0,1
City Hotel,1,123,2017,April,17,24,1,3,2,0.0,0,SC,FRA,Online TA,TA/TO,0,0,0,A,A,0,No Deposit,9.0,0,Transient,105.75,0,2
City Hotel,1,123,2017,April,17,24,1,3,2,0.0,0,BB,FRA,Online TA,TA/TO,0,0,0,A,A,0,No Deposit,9.0,0,Transient,123.75,0,1
City Hotel,1,81,2017,April,17,24,1,3,2,0.0,0,SC,NLD,Online TA,TA/TO,0,0,0,A,A,2,No Deposit,9.0,0,Transient,108.75,0,0
City Hotel,1,88,2017,April,17,24,1,5,2,0.0,0,BB,ITA,Online TA,TA/TO,0,0,0,A,A,0,No Deposit,9.0,0,Transient,121.5,0,1
City Hotel,1,95,2017,April,17,24,1,5,2,0.0,0,BB,FIN,Online TA,TA/TO,0,0,0,A,A,0,No Deposit,9.0,0,Transient,121.5,0,1
City Hotel,1,396,2017,April,17,25,0,1,2,0.0,0,BB,PRT,Offline TA/TO,TA/TO,0,0,0,A,A,0,Non Refund,229.0,0,Transient,90.0,0,0
City Hotel,1,396,2017,April,17,25,0,1,2,0.0,0,BB,PRT,Offline TA/TO,TA/TO,0,0,0,A,A,0,Non Refund,229.0,0,Transient,90.0,0,0
City Hotel,1,396,2017,April,17,25,0,1,2,0.0,0,BB,PRT,Offline TA/TO,TA/TO,0,0,0,A,A,0,Non Refund,229.0,0,Transient,90.0,0,0
City Hotel,1,396,2017,April,17,25,0,1,2,0.0,0,BB,PRT,Offline TA/TO,TA/TO,0,0,0,A,A,0,Non Refund,229.0,0,Transient,90.0,0,0
City Hotel,1,217,2017,April,17,25,0,1,2,0.0,0,SC,DEU,Online TA,TA/TO,0,0,0,A,A,0,No Deposit,9.0,0,Transient,99.0,0,1
City Hotel,1,396,2017,April,17,25,0,1,2,0.0,0,BB,PRT,Offline TA/TO,TA/TO,0,0,0,A,A,0,Non Refund,229.0,0,Transient,90.0,0,0
City Hotel,1,396,2017,April,17,25,0,1,2,0.0,0,BB,PRT,Offline TA/TO,TA/TO,0,0,0,A,A,0,Non Refund,229.0,0,Transient,90.0,0,0
City Hotel,1,396,2017,April,17,25,0,1,2,0.0,0,BB,PRT,Offline TA/TO,TA/TO,0,0,0,A,A,0,Non Refund,229.0,0,Transient,90.0,0,0
City Hotel,1,396,2017,April,17,25,0,1,2,0.0,0,BB,PRT,Offline TA/TO,TA/TO,0,0,0,A,A,0,Non Refund,229.0,0,Transient,90.0,0,0
City Hotel,1,396,2017,April,17,25,0,1,2,0.0,0,BB,PRT,Offline TA/TO,TA/TO,0,0,0,A,A,0,Non Refund,229.0,0,Transient,90.0,0,0
City Hotel,1,396,2017,April,17,25,0,1,2,0.0,0,BB,PRT,Offline TA/TO,TA/TO,0,0,0,A,A,0,Non Refund,229.0,0,Transient,90.0,0,0
City Hotel,1,53,2017,April,17,25,0,2,2,0.0,0,BB,CHN,Online TA,TA/TO,0,0,0,D,D,0,No Deposit,9.0,0,Transient,121.5,0,0
City Hotel,1,148,2017,April,17,25,0,2,2,0.0,0,SC,CHN,Online TA,TA/TO,0,0,0,A,A,0,No Deposit,9.0,0,Transient,89.1,0,0
City Hotel,1,17,2017,April,17,25,0,2,2,0.0,0,BB,GBR,Online TA,TA/TO,0,0,0,E,E,0,No Deposit,9.0,0,Transient,210.0,0,0
City Hotel,1,146,2017,April,17,25,0,3,2,0.0,0,SC,AUT,Online TA,TA/TO,0,0,0,A,A,2,No Deposit,9.0,0,Transient,102.0,0,0
City Hotel,1,189,2017,April,17,25,0,3,2,0.0,0,BB,PRT,Online TA,TA/TO,0,0,0,A,A,0,No Deposit,7.0,0,Transient,90.09,0,1
City Hotel,1,86,2017,April,17,25,0,4,2,0.0,0,BB,DEU,Online TA,TA/TO,0,0,0,D,D,0,No Deposit,9.0,0,Transient,130.5,0,0
City Hotel,1,77,2017,April,17,25,0,4,2,0.0,0,BB,FRA,Online TA,TA/TO,0,0,0,D,D,0,No Deposit,9.0,0,Transient,135.0,0,0
City Hotel,1,263,2017,April,17,25,0,5,2,0.0,0,SC,BRA,Online TA,TA/TO,0,0,0,A,A,0,No Deposit,9.0,0,Transient,99.0,0,1
City Hotel,1,9,2017,April,17,26,0,1,2,0.0,0,BB,BRA,Direct,Direct,0,0,0,D,D,0,No Deposit,14.0,0,Transient,175.0,0,0
City Hotel,1,96,2017,April,17,26,0,2,2,0.0,0,BB,PRT,Groups,TA/TO,0,0,0,A,A,0,Non Refund,29.0,0,Transient,130.0,0,0
City Hotel,1,96,2017,April,17,26,0,2,2,0.0,0,BB,PRT,Groups,TA/TO,0,0,0,A,A,0,Non Refund,29.0,0,Transient,130.0,0,0
City Hotel,1,96,2017,April,17,26,0,2,2,0.0,0,BB,PRT,Groups,TA/TO,0,0,0,A,A,0,Non Refund,29.0,0,Transient,130.0,0,0
City Hotel,1,96,2017,April,17,26,0,2,2,0.0,0,BB,PRT,Groups,TA/TO,0,0,0,A,A,0,Non Refund,29.0,0,Transient,130.0,0,0
City Hotel,1,96,2017,April,17,26,0,2,2,0.0,0,BB,PRT,Groups,TA/TO,0,0,0,A,A,0,Non Refund,29.0,0,Transient,130.0,0,0
City Hotel,1,96,2017,April,17,26,0,2,2,0.0,0,BB,PRT,Groups,TA/TO,0,0,0,A,A,0,Non Refund,29.0,0,Transient,130.0,0,0
City Hotel,1,96,2017,April,17,26,0,2,2,0.0,0,BB,PRT,Groups,TA/TO,0,0,0,A,A,0,Non Refund,29.0,0,Transient,130.0,0,0
City Hotel,1,96,2017,April,17,26,0,2,2,0.0,0,BB,PRT,Groups,TA/TO,0,0,0,A,A,0,Non Refund,29.0,0,Transient,130.0,0,0
City Hotel,1,96,2017,April,17,26,0,2,2,0.0,0,BB,PRT,Groups,TA/TO,0,0,0,A,A,0,Non Refund,29.0,0,Transient,130.0,0,0
City Hotel,1,96,2017,April,17,26,0,2,2,0.0,0,BB,PRT,Groups,TA/TO,0,0,0,A,A,0,Non Refund,29.0,0,Transient,130.0,0,0
City Hotel,1,96,2017,April,17,26,0,2,2,0.0,0,BB,PRT,Groups,TA/TO,0,0,0,A,A,0,Non Refund,29.0,0,Transient,130.0,0,0
City Hotel,1,96,2017,April,17,26,0,2,2,0.0,0,BB,PRT,Groups,TA/TO,0,0,0,A,A,0,Non Refund,29.0,0,Transient,130.0,0,0
City Hotel,1,96,2017,April,17,26,0,2,2,0.0,0,BB,PRT,Groups,TA/TO,0,0,0,A,A,0,Non Refund,29.0,0,Transient,130.0,0,0
City Hotel,1,96,2017,April,17,26,0,2,2,0.0,0,BB,PRT,Groups,TA/TO,0,0,0,A,A,0,Non Refund,29.0,0,Transient,130.0,0,0
City Hotel,1,96,2017,April,17,26,0,2,2,0.0,0,BB,PRT,Groups,TA/TO,0,0,0,A,A,0,Non Refund,29.0,0,Transient,130.0,0,0
City Hotel,1,96,2017,April,17,26,0,2,2,0.0,0,BB,PRT,Groups,TA/TO,0,0,0,A,A,0,Non Refund,29.0,0,Transient,130.0,0,0
City Hotel,1,96,2017,April,17,26,0,2,2,0.0,0,BB,PRT,Groups,TA/TO,0,0,0,A,A,0,Non Refund,29.0,0,Transient,130.0,0,0
City Hotel,1,96,2017,April,17,26,0,2,2,0.0,0,BB,PRT,Groups,TA/TO,0,0,0,A,A,0,Non Refund,29.0,0,Transient,130.0,0,0
City Hotel,1,96,2017,April,17,26,0,2,2,0.0,0,BB,PRT,Groups,TA/TO,0,0,0,A,A,0,Non Refund,29.0,0,Transient,130.0,0,0
City Hotel,1,96,2017,April,17,26,0,2,2,0.0,0,BB,PRT,Groups,TA/TO,0,0,0,A,A,0,Non Refund,29.0,0,Transient,130.0,0,0
City Hotel,1,88,2017,April,17,26,0,3,2,0.0,0,BB,PRT,Groups,TA/TO,0,0,0,A,A,0,Non Refund,170.0,0,Transient,140.0,0,0
City Hotel,1,156,2017,April,17,26,0,3,2,0.0,0,BB,PRT,Groups,TA/TO,0,0,0,A,A,0,Non Refund,37.0,0,Transient,100.0,0,0
City Hotel,1,156,2017,April,17,26,0,3,2,0.0,0,BB,PRT,Groups,TA/TO,0,0,0,A,A,0,Non Refund,37.0,0,Transient,100.0,0,0
City Hotel,1,156,2017,April,17,26,0,3,2,0.0,0,BB,PRT,Groups,TA/TO,0,0,0,A,A,0,Non Refund,37.0,0,Transient,100.0,0,0
City Hotel,1,156,2017,April,17,26,0,3,2,0.0,0,BB,PRT,Groups,TA/TO,0,0,0,A,A,0,Non Refund,37.0,0,Transient,100.0,0,0
City Hotel,1,156,2017,April,17,26,0,3,2,0.0,0,BB,PRT,Groups,TA/TO,0,0,0,A,A,0,Non Refund,37.0,0,Transient,100.0,0,0
City Hotel,1,156,2017,April,17,26,0,3,2,0.0,0,BB,PRT,Groups,TA/TO,0,0,0,A,A,0,Non Refund,37.0,0,Transient,100.0,0,0
City Hotel,1,156,2017,April,17,26,0,3,2,0.0,0,BB,PRT,Groups,TA/TO,0,0,0,A,A,0,Non Refund,37.0,0,Transient,100.0,0,0
City Hotel,1,156,2017,April,17,26,0,3,2,0.0,0,BB,PRT,Groups,TA/TO,0,0,0,A,A,0,Non Refund,37.0,0,Transient,100.0,0,0
City Hotel,1,156,2017,April,17,26,0,3,2,0.0,0,BB,PRT,Groups,TA/TO,0,0,0,A,A,0,Non Refund,37.0,0,Transient,100.0,0,0
City Hotel,1,88,2017,April,17,26,0,3,2,0.0,0,BB,PRT,Groups,TA/TO,0,0,0,A,A,0,Non Refund,170.0,0,Transient,140.0,0,0
City Hotel,1,88,2017,April,17,26,0,3,2,0.0,0,BB,PRT,Groups,TA/TO,0,0,0,A,A,0,Non Refund,170.0,0,Transient,140.0,0,0
City Hotel,1,156,2017,April,17,26,0,3,2,0.0,0,BB,PRT,Groups,TA/TO,0,0,0,A,A,0,Non Refund,37.0,0,Transient,100.0,0,0
City Hotel,1,100,2017,April,17,26,0,3,2,0.0,0,BB,FRA,Online TA,TA/TO,0,0,0,A,A,0,No Deposit,9.0,0,Transient,120.0,0,0
City Hotel,1,156,2017,April,17,26,0,3,2,0.0,0,BB,PRT,Groups,TA/TO,0,0,0,A,A,0,Non Refund,37.0,0,Transient,100.0,0,0
City Hotel,1,156,2017,April,17,26,0,3,2,0.0,0,BB,PRT,Groups,TA/TO,0,0,0,A,A,0,Non Refund,37.0,0,Transient,100.0,0,0
City Hotel,1,156,2017,April,17,26,0,3,2,0.0,0,BB,PRT,Groups,TA/TO,0,0,0,A,A,0,Non Refund,37.0,0,Transient,100.0,0,0
City Hotel,1,156,2017,April,17,26,0,3,2,0.0,0,BB,PRT,Groups,TA/TO,0,0,0,A,A,0,Non Refund,37.0,0,Transient,100.0,0,0
City Hotel,1,156,2017,April,17,26,0,3,2,0.0,0,BB,PRT,Groups,TA/TO,0,0,0,A,A,0,Non Refund,37.0,0,Transient,100.0,0,0
City Hotel,1,156,2017,April,17,26,0,3,2,0.0,0,BB,PRT,Groups,TA/TO,0,0,0,A,A,0,Non Refund,37.0,0,Transient,100.0,0,0
City Hotel,1,156,2017,April,17,26,0,3,2,0.0,0,BB,PRT,Groups,TA/TO,0,0,0,A,A,0,Non Refund,37.0,0,Transient,100.0,0,0
City Hotel,1,156,2017,April,17,26,0,3,2,0.0,0,BB,PRT,Groups,TA/TO,0,0,0,A,A,0,Non Refund,37.0,0,Transient,100.0,0,0
City Hotel,1,156,2017,April,17,26,0,3,2,0.0,0,BB,PRT,Groups,TA/TO,0,0,0,A,A,0,Non Refund,37.0,0,Transient,100.0,0,0
City Hotel,1,156,2017,April,17,26,0,3,2,0.0,0,BB,PRT,Groups,TA/TO,0,0,0,A,A,0,Non Refund,37.0,0,Transient,100.0,0,0
City Hotel,1,88,2017,April,17,26,0,3,2,0.0,0,BB,PRT,Groups,TA/TO,0,0,0,A,A,0,Non Refund,170.0,0,Transient,140.0,0,0
City Hotel,1,88,2017,April,17,26,0,3,2,0.0,0,BB,PRT,Groups,TA/TO,0,0,0,A,A,0,Non Refund,170.0,0,Transient,140.0,0,0
City Hotel,1,156,2017,April,17,26,0,3,2,0.0,0,BB,PRT,Groups,TA/TO,0,0,0,A,A,0,Non Refund,37.0,0,Transient,100.0,0,0
City Hotel,1,156,2017,April,17,26,0,3,2,0.0,0,BB,PRT,Groups,TA/TO,0,0,0,A,A,0,Non Refund,37.0,0,Transient,100.0,0,0
City Hotel,1,156,2017,April,17,26,0,3,2,0.0,0,BB,PRT,Groups,TA/TO,0,0,0,A,A,0,Non Refund,37.0,0,Transient,100.0,0,0
City Hotel,1,156,2017,April,17,26,0,3,2,0.0,0,BB,PRT,Groups,TA/TO,0,0,0,A,A,0,Non Refund,37.0,0,Transient,100.0,0,0
City Hotel,1,156,2017,April,17,26,0,3,2,0.0,0,BB,PRT,Groups,TA/TO,0,0,0,A,A,0,Non Refund,37.0,0,Transient,100.0,0,0
City Hotel,1,156,2017,April,17,26,0,3,2,0.0,0,BB,PRT,Groups,TA/TO,0,0,0,A,A,0,Non Refund,37.0,0,Transient,100.0,0,0
City Hotel,1,156,2017,April,17,26,0,3,2,0.0,0,BB,PRT,Groups,TA/TO,0,0,0,A,A,0,Non Refund,37.0,0,Transient,100.0,0,0
City Hotel,1,240,2017,April,17,26,0,3,2,0.0,0,BB,PRT,Groups,TA/TO,0,0,0,A,A,0,Non Refund,37.0,84,Transient,100.0,0,0
City Hotel,1,88,2017,April,17,26,0,3,2,0.0,0,BB,PRT,Groups,TA/TO,0,0,0,A,A,0,Non Refund,170.0,0,Transient,140.0,0,0
City Hotel,1,88,2017,April,17,26,0,3,2,0.0,0,BB,PRT,Groups,TA/TO,0,0,0,A,A,0,Non Refund,170.0,0,Transient,140.0,0,0
City Hotel,1,156,2017,April,17,26,0,3,2,0.0,0,BB,PRT,Groups,TA/TO,0,0,0,A,A,0,Non Refund,37.0,0,Transient,100.0,0,0
City Hotel,1,156,2017,April,17,26,0,3,2,0.0,0,BB,PRT,Groups,TA/TO,0,0,0,A,A,0,Non Refund,37.0,0,Transient,100.0,0,0
City Hotel,1,156,2017,April,17,26,0,3,2,0.0,0,BB,PRT,Groups,TA/TO,0,0,0,A,A,0,Non Refund,37.0,0,Transient,100.0,0,0
City Hotel,1,156,2017,April,17,26,0,3,2,0.0,0,BB,PRT,Groups,TA/TO,0,0,0,A,A,0,Non Refund,37.0,0,Transient,100.0,0,0
City Hotel,1,156,2017,April,17,26,0,3,2,0.0,0,BB,PRT,Groups,TA/TO,0,0,0,A,A,0,Non Refund,37.0,0,Transient,100.0,0,0
City Hotel,1,156,2017,April,17,26,0,3,2,0.0,0,BB,PRT,Groups,TA/TO,0,0,0,A,A,0,Non Refund,37.0,0,Transient,100.0,0,0
City Hotel,1,156,2017,April,17,26,0,3,2,0.0,0,BB,PRT,Groups,TA/TO,0,0,0,A,A,0,Non Refund,37.0,0,Transient,100.0,0,0
City Hotel,1,182,2017,April,17,26,0,3,2,0.0,0,BB,PRT,Online TA,TA/TO,0,0,0,D,D,0,No Deposit,8.0,0,Transient,130.5,0,1
City Hotel,1,96,2017,April,17,26,0,2,2,0.0,0,BB,PRT,Groups,TA/TO,0,0,0,A,A,0,Non Refund,29.0,0,Transient,130.0,0,0
City Hotel,1,96,2017,April,17,26,0,2,2,0.0,0,BB,PRT,Groups,TA/TO,0,0,0,A,A,0,Non Refund,29.0,0,Transient,130.0,0,0
City Hotel,1,96,2017,April,17,26,0,2,2,0.0,0,BB,PRT,Groups,TA/TO,0,0,0,A,A,0,Non Refund,29.0,0,Transient,130.0,0,0
City Hotel,1,96,2017,April,17,26,0,2,2,0.0,0,BB,PRT,Groups,TA/TO,0,0,0,A,A,0,Non Refund,29.0,0,Transient,130.0,0,0
City Hotel,1,96,2017,April,17,26,0,2,2,0.0,0,BB,PRT,Groups,TA/TO,0,0,0,A,A,0,Non Refund,29.0,0,Transient,130.0,0,0
City Hotel,1,96,2017,April,17,26,0,2,2,0.0,0,BB,PRT,Groups,TA/TO,0,0,0,A,A,0,Non Refund,29.0,0,Transient,130.0,0,0
City Hotel,1,96,2017,April,17,26,0,2,2,0.0,0,BB,PRT,Groups,TA/TO,0,0,0,A,A,0,Non Refund,29.0,0,Transient,130.0,0,0
City Hotel,1,96,2017,April,17,26,0,2,2,0.0,0,BB,PRT,Groups,TA/TO,0,0,0,A,A,0,Non Refund,29.0,0,Transient,130.0,0,0
City Hotel,1,126,2017,April,17,26,0,2,2,0.0,0,BB,PRT,Groups,TA/TO,0,0,0,A,A,0,Non Refund,29.0,30,Transient,130.0,0,0
City Hotel,1,5,2017,April,17,26,0,2,2,0.0,0,BB,CHN,Online TA,TA/TO,0,0,0,D,D,0,No Deposit,9.0,0,Transient,171.0,0,1
City Hotel,1,96,2017,April,17,26,0,2,2,0.0,0,BB,PRT,Groups,TA/TO,0,0,0,A,A,0,Non Refund,29.0,0,Transient,130.0,0,0
City Hotel,1,96,2017,April,17,26,0,2,2,0.0,0,BB,PRT,Groups,TA/TO,0,0,0,A,A,0,Non Refund,29.0,0,Transient,130.0,0,0
City Hotel,1,96,2017,April,17,26,0,2,2,0.0,0,BB,PRT,Groups,TA/TO,0,0,0,A,A,0,Non Refund,29.0,0,Transient,130.0,0,0
City Hotel,1,96,2017,April,17,26,0,2,2,0.0,0,BB,PRT,Groups,TA/TO,0,0,0,A,A,0,Non Refund,29.0,0,Transient,130.0,0,0
City Hotel,1,88,2017,April,17,26,0,3,2,0.0,0,BB,PRT,Groups,TA/TO,0,0,0,A,A,0,Non Refund,170.0,0,Transient,140.0,0,0
City Hotel,1,88,2017,April,17,26,0,3,2,0.0,0,BB,PRT,Groups,TA/TO,0,0,0,A,A,0,Non Refund,170.0,0,Transient,140.0,0,0
City Hotel,1,156,2017,April,17,26,0,3,2,0.0,0,BB,PRT,Groups,TA/TO,0,0,0,A,A,0,Non Refund,37.0,0,Transient,100.0,0,0
City Hotel,1,156,2017,April,17,26,0,3,2,0.0,0,BB,PRT,Groups,TA/TO,0,0,0,A,A,0,Non Refund,37.0,0,Transient,100.0,0,0
City Hotel,1,156,2017,April,17,26,0,3,2,0.0,0,BB,PRT,Groups,TA/TO,0,0,0,A,A,0,Non Refund,37.0,0,Transient,100.0,0,0
City Hotel,1,156,2017,April,17,26,0,3,2,0.0,0,BB,PRT,Groups,TA/TO,0,0,0,A,A,0,Non Refund,37.0,0,Transient,100.0,0,0
City Hotel,1,156,2017,April,17,26,0,3,2,0.0,0,BB,PRT,Groups,TA/TO,0,0,0,A,A,0,Non Refund,37.0,0,Transient,100.0,0,0
City Hotel,1,156,2017,April,17,26,0,3,2,0.0,0,BB,PRT,Groups,TA/TO,0,0,0,A,A,0,Non Refund,37.0,0,Transient,100.0,0,0
City Hotel,1,156,2017,April,17,26,0,3,2,0.0,0,BB,PRT,Groups,TA/TO,0,0,0,A,A,0,Non Refund,37.0,0,Transient,100.0,0,0
City Hotel,1,156,2017,April,17,26,0,3,2,0.0,0,BB,PRT,Groups,TA/TO,0,0,0,A,A,0,Non Refund,37.0,0,Transient,100.0,0,0
City Hotel,1,156,2017,April,17,26,0,3,2,0.0,0,BB,PRT,Groups,TA/TO,0,0,0,A,A,0,Non Refund,37.0,0,Transient,100.0,0,0
City Hotel,1,182,2017,April,17,26,0,3,2,0.0,0,BB,PRT,Online TA,TA/TO,0,0,0,D,D,0,No Deposit,8.0,0,Transient,130.5,0,1
City Hotel,1,88,2017,April,17,26,0,3,2,0.0,0,BB,PRT,Groups,TA/TO,0,0,0,A,A,0,Non Refund,170.0,0,Transient,140.0,0,0
City Hotel,1,88,2017,April,17,26,0,3,2,0.0,0,BB,PRT,Groups,TA/TO,0,0,0,A,A,0,Non Refund,170.0,0,Transient,140.0,0,0
City Hotel,1,156,2017,April,17,26,0,3,2,0.0,0,BB,PRT,Groups,TA/TO,0,0,0,A,A,0,Non Refund,37.0,0,Transient,100.0,0,0
City Hotel,1,156,2017,April,17,26,0,3,2,0.0,0,BB,PRT,Groups,TA/TO,0,0,0,A,A,0,Non Refund,37.0,0,Transient,100.0,0,0
City Hotel,1,156,2017,April,17,26,0,3,2,0.0,0,BB,PRT,Groups,TA/TO,0,0,0,A,A,0,Non Refund,37.0,0,Transient,100.0,0,0
City Hotel,1,156,2017,April,17,26,0,3,2,0.0,0,BB,PRT,Groups,TA/TO,0,0,0,A,A,0,Non Refund,37.0,0,Transient,100.0,0,0
City Hotel,1,156,2017,April,17,26,0,3,2,0.0,0,BB,PRT,Groups,TA/TO,0,0,0,A,A,0,Non Refund,37.0,0,Transient,100.0,0,0
City Hotel,1,156,2017,April,17,26,0,3,2,0.0,0,BB,PRT,Groups,TA/TO,0,0,0,A,A,0,Non Refund,37.0,0,Transient,100.0,0,0
City Hotel,1,156,2017,April,17,26,0,3,2,0.0,0,BB,PRT,Groups,TA/TO,0,0,0,A,A,0,Non Refund,37.0,0,Transient,100.0,0,0
City Hotel,1,156,2017,April,17,26,0,3,2,0.0,0,BB,PRT,Groups,TA/TO,0,0,0,A,A,0,Non Refund,37.0,0,Transient,100.0,0,0
City Hotel,1,156,2017,April,17,26,0,3,2,0.0,0,BB,PRT,Groups,TA/TO,0,0,0,A,A,0,Non Refund,37.0,0,Transient,100.0,0,0
City Hotel,1,156,2017,April,17,26,0,3,2,0.0,0,BB,PRT,Groups,TA/TO,0,0,0,A,A,0,Non Refund,37.0,0,Transient,100.0,0,0
City Hotel,1,156,2017,April,17,26,0,3,2,0.0,0,BB,PRT,Groups,TA/TO,0,0,0,A,A,0,Non Refund,37.0,0,Transient,100.0,0,0
City Hotel,1,156,2017,April,17,26,0,3,2,0.0,0,BB,PRT,Groups,TA/TO,0,0,0,A,A,0,Non Refund,37.0,0,Transient,100.0,0,0
City Hotel,1,156,2017,April,17,26,0,3,2,0.0,0,BB,PRT,Groups,TA/TO,0,0,0,A,A,0,Non Refund,37.0,0,Transient,100.0,0,0
City Hotel,1,156,2017,April,17,26,0,3,2,0.0,0,BB,PRT,Groups,TA/TO,0,0,0,A,A,0,Non Refund,37.0,0,Transient,100.0,0,0
City Hotel,1,88,2017,April,17,26,0,3,2,0.0,0,BB,PRT,Groups,TA/TO,0,0,0,A,A,0,Non Refund,170.0,0,Transient,140.0,0,0
City Hotel,1,156,2017,April,17,26,0,3,2,0.0,0,BB,PRT,Groups,TA/TO,0,0,0,A,A,0,Non Refund,37.0,0,Transient,100.0,0,0
City Hotel,1,156,2017,April,17,26,0,3,2,0.0,0,BB,PRT,Groups,TA/TO,0,0,0,A,A,0,Non Refund,37.0,0,Transient,100.0,0,0
City Hotel,1,156,2017,April,17,26,0,3,2,0.0,0,BB,PRT,Groups,TA/TO,0,0,0,A,A,0,Non Refund,37.0,0,Transient,100.0,0,0
City Hotel,1,156,2017,April,17,26,0,3,2,0.0,0,BB,PRT,Groups,TA/TO,0,0,0,A,A,0,Non Refund,37.0,0,Transient,100.0,0,0
City Hotel,1,156,2017,April,17,26,0,3,2,0.0,0,BB,PRT,Groups,TA/TO,0,0,0,A,A,0,Non Refund,37.0,0,Transient,100.0,0,0
City Hotel,1,156,2017,April,17,26,0,3,2,0.0,0,BB,PRT,Groups,TA/TO,0,0,0,A,A,0,Non Refund,37.0,0,Transient,100.0,0,0
City Hotel,1,156,2017,April,17,26,0,3,2,0.0,0,BB,PRT,Groups,TA/TO,0,0,0,A,A,0,Non Refund,37.0,0,Transient,100.0,0,0
City Hotel,1,156,2017,April,17,26,0,3,2,0.0,0,BB,PRT,Groups,TA/TO,0,0,0,A,A,0,Non Refund,37.0,0,Transient,100.0,0,0
City Hotel,1,156,2017,April,17,26,0,3,2,0.0,0,BB,PRT,Groups,TA/TO,0,0,0,A,A,0,Non Refund,37.0,0,Transient,100.0,0,0
City Hotel,1,156,2017,April,17,26,0,3,2,0.0,0,BB,PRT,Groups,TA/TO,0,0,0,A,A,0,Non Refund,37.0,0,Transient,100.0,0,0
City Hotel,1,156,2017,April,17,26,0,3,2,0.0,0,BB,PRT,Groups,TA/TO,0,0,0,A,A,0,Non Refund,37.0,0,Transient,100.0,0,0
City Hotel,1,156,2017,April,17,26,0,3,2,0.0,0,BB,PRT,Groups,TA/TO,0,0,0,A,A,0,Non Refund,37.0,0,Transient,100.0,0,0
City Hotel,1,156,2017,April,17,26,0,3,2,0.0,0,BB,PRT,Groups,TA/TO,0,0,0,A,A,0,Non Refund,37.0,0,Transient,100.0,0,0
City Hotel,1,156,2017,April,17,26,0,3,2,0.0,0,BB,PRT,Groups,TA/TO,0,0,0,A,A,0,Non Refund,37.0,0,Transient,100.0,0,0
City Hotel,1,156,2017,April,17,26,0,3,2,0.0,0,BB,PRT,Groups,TA/TO,0,0,0,A,A,0,Non Refund,37.0,0,Transient,100.0,0,0
City Hotel,1,156,2017,April,17,26,0,3,2,0.0,0,BB,PRT,Groups,TA/TO,0,0,0,A,A,0,Non Refund,37.0,0,Transient,100.0,0,0
City Hotel,1,156,2017,April,17,26,0,3,2,0.0,0,BB,PRT,Groups,TA/TO,0,0,0,A,A,0,Non Refund,37.0,0,Transient,100.0,0,0
City Hotel,1,156,2017,April,17,26,0,3,2,0.0,0,BB,PRT,Groups,TA/TO,0,0,0,A,A,0,Non Refund,37.0,0,Transient,100.0,0,0
City Hotel,1,88,2017,April,17,26,0,3,2,0.0,0,BB,PRT,Groups,TA/TO,0,0,0,A,A,0,Non Refund,170.0,0,Transient,140.0,0,0
City Hotel,1,156,2017,April,17,26,0,3,2,0.0,0,BB,PRT,Groups,TA/TO,0,0,0,A,A,0,Non Refund,37.0,0,Transient,100.0,0,0
City Hotel,1,156,2017,April,17,26,0,3,2,0.0,0,BB,PRT,Groups,TA/TO,0,0,0,A,A,0,Non Refund,37.0,0,Transient,100.0,0,0
City Hotel,1,156,2017,April,17,26,0,3,2,0.0,0,BB,PRT,Groups,TA/TO,0,0,0,A,A,0,Non Refund,37.0,0,Transient,100.0,0,0
City Hotel,1,156,2017,April,17,26,0,3,2,0.0,0,BB,PRT,Groups,TA/TO,0,0,0,A,A,0,Non Refund,37.0,0,Transient,100.0,0,0
City Hotel,1,156,2017,April,17,26,0,3,2,0.0,0,BB,PRT,Groups,TA/TO,0,0,0,A,A,0,Non Refund,37.0,0,Transient,100.0,0,0
City Hotel,1,156,2017,April,17,26,0,3,2,0.0,0,BB,PRT,Groups,TA/TO,0,0,0,A,A,0,Non Refund,37.0,0,Transient,100.0,0,0
City Hotel,1,156,2017,April,17,26,0,3,2,0.0,0,BB,PRT,Groups,TA/TO,0,0,0,A,A,0,Non Refund,37.0,0,Transient,100.0,0,0
City Hotel,1,71,2017,April,17,26,0,3,2,0.0,0,BB,ITA,Online TA,TA/TO,0,0,0,D,D,0,No Deposit,9.0,0,Transient,135.0,0,0
City Hotel,1,88,2017,April,17,26,0,3,2,0.0,0,BB,PRT,Groups,TA/TO,0,0,0,A,A,0,Non Refund,170.0,0,Transient,140.0,0,0
City Hotel,1,88,2017,April,17,26,0,3,2,0.0,0,BB,PRT,Groups,TA/TO,0,0,0,A,A,0,Non Refund,170.0,0,Transient,140.0,0,0
City Hotel,1,156,2017,April,17,26,0,3,2,0.0,0,BB,PRT,Groups,TA/TO,0,0,0,A,A,0,Non Refund,37.0,0,Transient,100.0,0,0
City Hotel,1,156,2017,April,17,26,0,3,2,0.0,0,BB,PRT,Groups,TA/TO,0,0,0,A,A,0,Non Refund,37.0,0,Transient,100.0,0,0
City Hotel,1,156,2017,April,17,26,0,3,2,0.0,0,BB,PRT,Groups,TA/TO,0,0,0,A,A,0,Non Refund,37.0,0,Transient,100.0,0,0
City Hotel,1,156,2017,April,17,26,0,3,2,0.0,0,BB,PRT,Groups,TA/TO,0,0,0,A,A,0,Non Refund,37.0,0,Transient,100.0,0,0
City Hotel,1,156,2017,April,17,26,0,3,2,0.0,0,BB,PRT,Groups,TA/TO,0,0,0,A,A,0,Non Refund,37.0,0,Transient,100.0,0,0
City Hotel,1,156,2017,April,17,26,0,3,2,0.0,0,BB,PRT,Groups,TA/TO,0,0,0,A,A,0,Non Refund,37.0,0,Transient,100.0,0,0
City Hotel,1,156,2017,April,17,26,0,3,2,0.0,0,BB,PRT,Groups,TA/TO,0,0,0,A,A,0,Non Refund,37.0,0,Transient,100.0,0,0
City Hotel,1,156,2017,April,17,26,0,3,2,0.0,0,BB,PRT,Groups,TA/TO,0,0,0,A,A,0,Non Refund,37.0,0,Transient,100.0,0,0
City Hotel,1,88,2017,April,17,26,0,3,2,0.0,0,BB,PRT,Groups,TA/TO,0,0,0,A,A,0,Non Refund,170.0,0,Transient,140.0,0,0
City Hotel,1,88,2017,April,17,26,0,3,2,0.0,0,BB,PRT,Groups,TA/TO,0,0,0,A,A,0,Non Refund,170.0,0,Transient,140.0,0,0
City Hotel,1,88,2017,April,17,26,0,3,2,0.0,0,BB,PRT,Groups,TA/TO,0,0,0,A,A,0,Non Refund,170.0,0,Transient,140.0,0,0
City Hotel,1,156,2017,April,17,26,0,3,2,0.0,0,BB,PRT,Groups,TA/TO,0,0,0,A,A,0,Non Refund,37.0,0,Transient,100.0,0,0
City Hotel,1,156,2017,April,17,26,0,3,2,0.0,0,BB,PRT,Groups,TA/TO,0,0,0,A,A,0,Non Refund,37.0,0,Transient,100.0,0,0
City Hotel,1,156,2017,April,17,26,0,3,2,0.0,0,BB,PRT,Groups,TA/TO,0,0,0,A,A,0,Non Refund,37.0,0,Transient,100.0,0,0
City Hotel,1,156,2017,April,17,26,0,3,2,0.0,0,BB,PRT,Groups,TA/TO,0,0,0,A,A,0,Non Refund,37.0,0,Transient,100.0,0,0
City Hotel,1,156,2017,April,17,26,0,3,2,0.0,0,BB,PRT,Groups,TA/TO,0,0,0,A,A,0,Non Refund,37.0,0,Transient,100.0,0,0
City Hotel,1,156,2017,April,17,26,0,3,2,0.0,0,BB,PRT,Groups,TA/TO,0,0,0,A,A,0,Non Refund,37.0,0,Transient,100.0,0,0
City Hotel,1,156,2017,April,17,26,0,3,2,0.0,0,BB,PRT,Groups,TA/TO,0,0,0,A,A,0,Non Refund,37.0,0,Transient,100.0,0,0
City Hotel,1,96,2017,April,17,26,0,2,2,0.0,0,BB,PRT,Groups,TA/TO,0,0,0,A,A,0,Non Refund,29.0,0,Transient,130.0,0,0
City Hotel,1,96,2017,April,17,26,0,2,2,0.0,0,BB,PRT,Groups,TA/TO,0,0,0,A,A,0,Non Refund,29.0,0,Transient,130.0,0,0
City Hotel,1,88,2017,April,17,26,0,3,2,0.0,0,BB,PRT,Groups,TA/TO,0,0,0,A,A,0,Non Refund,170.0,0,Transient,140.0,0,0
City Hotel,1,88,2017,April,17,26,0,3,2,0.0,0,BB,PRT,Groups,TA/TO,0,0,0,A,A,0,Non Refund,170.0,0,Transient,140.0,0,0
City Hotel,1,156,2017,April,17,26,0,3,2,0.0,0,BB,PRT,Groups,TA/TO,0,0,0,A,A,0,Non Refund,37.0,0,Transient,100.0,0,0
City Hotel,1,156,2017,April,17,26,0,3,2,0.0,0,BB,PRT,Groups,TA/TO,0,0,0,A,A,0,Non Refund,37.0,0,Transient,100.0,0,0
City Hotel,1,170,2017,April,17,26,0,4,2,0.0,0,BB,FRA,Online TA,TA/TO,0,0,0,D,D,0,No Deposit,9.0,0,Transient,130.5,0,2
City Hotel,1,242,2017,April,17,26,0,4,2,0.0,0,BB,IRL,Online TA,TA/TO,0,0,0,D,D,0,No Deposit,9.0,0,Transient,126.9,0,2
City Hotel,1,83,2017,April,17,26,0,4,2,0.0,0,SC,IRL,Online TA,TA/TO,0,0,0,A,A,0,No Deposit,9.0,0,Transient,101.25,0,0
City Hotel,1,110,2017,April,17,26,1,4,2,0.0,0,BB,NOR,Online TA,TA/TO,0,0,0,D,D,0,No Deposit,9.0,0,Transient,158.95,0,0
City Hotel,1,110,2017,April,17,26,1,4,2,0.0,0,BB,NOR,Online TA,TA/TO,0,0,0,D,D,0,No Deposit,9.0,0,Transient,158.95,0,0
City Hotel,1,110,2017,April,17,26,1,4,2,0.0,0,SC,NOR,Online TA,TA/TO,0,0,0,A,A,0,No Deposit,9.0,0,Transient,100.8,0,0
City Hotel,1,110,2017,April,17,26,1,4,2,0.0,0,BB,NOR,Online TA,TA/TO,0,0,0,F,F,0,No Deposit,9.0,0,Transient,190.8,0,0
City Hotel,1,110,2017,April,17,26,1,4,2,0.0,0,BB,NOR,Online TA,TA/TO,0,0,0,D,D,0,No Deposit,9.0,0,Transient,158.95,0,0
City Hotel,1,110,2017,April,17,26,1,4,2,0.0,0,BB,NOR,Online TA,TA/TO,0,0,0,D,D,0,No Deposit,9.0,0,Transient,158.95,0,0
City Hotel,1,110,2017,April,17,26,1,4,2,0.0,0,BB,NOR,Online TA,TA/TO,0,0,0,F,F,0,No Deposit,9.0,0,Transient,190.8,0,0
City Hotel,1,110,2017,April,17,26,1,4,2,0.0,0,SC,NOR,Online TA,TA/TO,0,0,0,A,A,0,No Deposit,9.0,0,Transient,100.8,0,0
City Hotel,1,151,2017,April,17,26,2,4,2,0.0,0,SC,NLD,Online TA,TA/TO,0,0,0,A,A,0,No Deposit,9.0,0,Transient,100.5,0,0
City Hotel,1,109,2017,April,17,26,2,5,2,0.0,0,BB,FRA,Online TA,TA/TO,0,0,0,A,A,0,No Deposit,9.0,0,Transient,120.86,0,0
City Hotel,1,294,2017,April,17,26,2,6,2,0.0,0,BB,DEU,Online TA,TA/TO,0,0,0,A,A,0,No Deposit,9.0,0,Transient,109.8,0,2
City Hotel,1,1,2017,April,17,27,0,1,2,0.0,0,BB,PRT,Direct,Direct,0,0,0,D,D,0,No Deposit,,0,Transient,166.5,0,2
City Hotel,1,86,2017,April,17,27,0,2,2,0.0,0,SC,ITA,Online TA,TA/TO,0,0,0,A,A,0,No Deposit,9.0,0,Transient,99.0,0,0
City Hotel,1,58,2017,April,17,27,0,2,2,0.0,0,SC,CN,Online TA,TA/TO,0,0,0,A,A,0,No Deposit,9.0,0,Transient,108.0,0,0
City Hotel,1,96,2017,April,17,27,0,2,2,0.0,0,BB,ITA,Online TA,TA/TO,0,0,0,A,A,0,No Deposit,9.0,0,Transient,117.0,0,1
City Hotel,1,29,2017,April,17,27,0,2,2,0.0,0,SC,PRT,Online TA,TA/TO,0,0,0,A,A,0,No Deposit,83.0,0,Transient,91.2,0,0
City Hotel,1,268,2017,April,17,27,0,2,2,0.0,0,BB,PRT,Online TA,TA/TO,0,0,0,A,A,0,No Deposit,7.0,0,Transient,84.55,0,1
City Hotel,1,33,2017,April,17,27,0,2,2,0.0,0,SC,CN,Online TA,TA/TO,0,0,0,A,A,0,No Deposit,9.0,0,Transient,114.0,0,2
City Hotel,1,30,2017,April,17,27,0,2,2,0.0,0,SC,MAR,Online TA,TA/TO,0,0,0,A,A,0,No Deposit,9.0,0,Transient,114.0,0,0
City Hotel,1,284,2017,April,17,27,0,3,2,0.0,0,BB,SWE,Online TA,TA/TO,0,0,0,A,A,0,No Deposit,9.0,0,Transient,104.4,0,0
City Hotel,1,112,2017,April,17,27,0,3,2,0.0,0,BB,DEU,Online TA,TA/TO,0,0,0,E,E,0,No Deposit,9.0,0,Transient,153.0,0,0
City Hotel,1,316,2017,April,17,27,0,3,2,0.0,0,BB,DEU,Online TA,TA/TO,0,0,0,A,A,0,No Deposit,9.0,0,Transient,109.8,0,0
City Hotel,1,25,2017,April,17,27,0,3,2,0.0,0,SC,FRA,Online TA,TA/TO,0,0,0,A,A,0,No Deposit,9.0,0,Transient,115.0,0,1
City Hotel,1,27,2017,April,17,27,0,3,2,0.0,0,SC,PRT,Online TA,TA/TO,0,0,0,A,A,0,No Deposit,9.0,0,Transient,115.0,0,0
City Hotel,1,284,2017,April,17,27,0,3,2,0.0,0,SC,SWE,Online TA,TA/TO,0,0,0,A,A,0,No Deposit,9.0,0,Transient,99.0,0,1
City Hotel,1,112,2017,April,17,27,0,3,2,0.0,0,BB,DEU,Online TA,TA/TO,0,0,0,E,E,0,No Deposit,9.0,0,Transient,153.0,0,0
City Hotel,1,170,2017,April,17,27,0,3,2,0.0,0,BB,DEU,Online TA,TA/TO,0,0,0,D,D,0,No Deposit,9.0,0,Transient,130.5,0,0
City Hotel,1,109,2017,April,17,27,0,3,2,0.0,0,BB,FRA,Online TA,TA/TO,0,0,0,A,A,0,No Deposit,9.0,0,Transient,117.0,0,2
City Hotel,1,284,2017,April,17,27,0,3,2,0.0,0,BB,SWE,Online TA,TA/TO,0,0,0,A,A,0,No Deposit,9.0,0,Transient,104.4,0,0
City Hotel,1,316,2017,April,17,27,0,3,2,0.0,0,BB,DEU,Online TA,TA/TO,0,0,0,A,A,0,No Deposit,9.0,0,Transient,109.8,0,0
City Hotel,1,20,2017,April,17,27,0,3,2,0.0,0,SC,PRT,Online TA,TA/TO,0,0,0,A,A,0,No Deposit,8.0,0,Transient,115.0,0,0
City Hotel,1,316,2017,April,17,27,0,3,2,0.0,0,BB,DEU,Online TA,TA/TO,0,0,0,A,A,0,No Deposit,9.0,0,Transient,109.8,0,0
City Hotel,1,25,2017,April,17,27,0,3,2,0.0,0,SC,ESP,Online TA,TA/TO,0,0,0,A,A,0,No Deposit,9.0,0,Transient,115.0,0,1
City Hotel,1,99,2017,April,17,27,0,3,2,0.0,0,SC,ITA,Online TA,TA/TO,0,0,0,A,A,0,No Deposit,9.0,0,Transient,99.0,0,0
City Hotel,1,24,2017,April,17,27,0,3,2,0.0,0,SC,NLD,Online TA,TA/TO,0,0,0,A,A,0,No Deposit,9.0,0,Transient,115.0,0,0
City Hotel,1,111,2017,April,17,27,1,3,2,0.0,0,BB,PRT,Offline TA/TO,TA/TO,0,0,0,A,A,0,Non Refund,31.0,0,Transient,120.0,0,0
City Hotel,1,111,2017,April,17,27,1,3,2,0.0,0,BB,PRT,Offline TA/TO,TA/TO,0,0,0,A,A,0,Non Refund,31.0,0,Transient,120.0,0,0
City Hotel,1,111,2017,April,17,27,1,3,2,0.0,0,BB,PRT,Offline TA/TO,TA/TO,0,0,0,A,A,0,Non Refund,31.0,0,Transient,120.0,0,0
City Hotel,1,111,2017,April,17,27,1,3,2,0.0,0,BB,PRT,Offline TA/TO,TA/TO,0,0,0,A,A,0,Non Refund,31.0,0,Transient,120.0,0,0
City Hotel,1,111,2017,April,17,27,1,3,2,0.0,0,BB,PRT,Offline TA/TO,TA/TO,0,0,0,A,A,0,Non Refund,31.0,0,Transient,120.0,0,0
City Hotel,1,111,2017,April,17,27,1,3,2,0.0,0,BB,PRT,Offline TA/TO,TA/TO,0,0,0,A,A,0,Non Refund,31.0,0,Transient,120.0,0,0
City Hotel,1,111,2017,April,17,27,1,3,2,0.0,0,BB,PRT,Offline TA/TO,TA/TO,0,0,0,A,A,0,Non Refund,31.0,0,Transient,120.0,0,0
City Hotel,1,111,2017,April,17,27,1,3,2,0.0,0,BB,PRT,Offline TA/TO,TA/TO,0,0,0,A,A,0,Non Refund,31.0,0,Transient,120.0,0,0
City Hotel,1,111,2017,April,17,27,1,3,2,0.0,0,BB,PRT,Offline TA/TO,TA/TO,0,0,0,A,A,0,Non Refund,31.0,0,Transient,120.0,0,0
City Hotel,1,111,2017,April,17,27,1,3,2,0.0,0,BB,PRT,Offline TA/TO,TA/TO,0,0,0,A,A,0,Non Refund,31.0,0,Transient,120.0,0,0
City Hotel,1,111,2017,April,17,27,1,3,2,0.0,0,BB,PRT,Offline TA/TO,TA/TO,0,0,0,A,A,0,Non Refund,31.0,0,Transient,120.0,0,0
City Hotel,1,111,2017,April,17,27,1,3,2,0.0,0,BB,PRT,Offline TA/TO,TA/TO,0,0,0,A,A,0,Non Refund,31.0,0,Transient,120.0,0,0
City Hotel,1,111,2017,April,17,27,1,3,2,0.0,0,BB,PRT,Offline TA/TO,TA/TO,0,0,0,A,A,0,Non Refund,31.0,0,Transient,120.0,0,0
City Hotel,1,111,2017,April,17,27,1,3,2,0.0,0,BB,PRT,Offline TA/TO,TA/TO,0,0,0,A,A,0,Non Refund,31.0,0,Transient,120.0,0,0
City Hotel,1,179,2017,April,17,27,1,3,2,0.0,0,BB,HKG,Online TA,TA/TO,0,0,0,D,D,0,No Deposit,9.0,0,Transient,130.5,0,3
City Hotel,1,111,2017,April,17,27,1,3,2,0.0,0,BB,PRT,Offline TA/TO,TA/TO,0,0,0,A,A,0,Non Refund,31.0,0,Transient,120.0,0,0
City Hotel,1,111,2017,April,17,27,1,3,2,0.0,0,BB,PRT,Offline TA/TO,TA/TO,0,0,0,A,A,0,Non Refund,31.0,0,Transient,120.0,0,0
City Hotel,1,111,2017,April,17,27,1,3,2,0.0,0,BB,PRT,Offline TA/TO,TA/TO,0,0,0,A,A,0,Non Refund,31.0,0,Transient,120.0,0,0
City Hotel,1,111,2017,April,17,27,1,3,2,0.0,0,BB,PRT,Offline TA/TO,TA/TO,0,0,0,A,A,0,Non Refund,31.0,0,Transient,120.0,0,0
City Hotel,1,111,2017,April,17,27,1,3,2,0.0,0,BB,PRT,Offline TA/TO,TA/TO,0,0,0,A,A,0,Non Refund,31.0,0,Transient,120.0,0,0
City Hotel,1,111,2017,April,17,27,1,3,2,0.0,0,BB,PRT,Offline TA/TO,TA/TO,0,0,0,A,A,0,Non Refund,31.0,0,Transient,120.0,0,0
City Hotel,1,111,2017,April,17,27,1,3,2,0.0,0,BB,PRT,Offline TA/TO,TA/TO,0,0,0,A,A,0,Non Refund,31.0,0,Transient,120.0,0,0
City Hotel,1,111,2017,April,17,27,1,3,2,0.0,0,BB,PRT,Offline TA/TO,TA/TO,0,0,0,A,A,0,Non Refund,31.0,0,Transient,120.0,0,0
City Hotel,1,111,2017,April,17,27,1,3,2,0.0,0,BB,PRT,Offline TA/TO,TA/TO,0,0,0,A,A,0,Non Refund,31.0,0,Transient,120.0,0,0
City Hotel,1,286,2017,April,17,27,1,3,2,0.0,0,BB,PRT,Offline TA/TO,TA/TO,0,0,0,A,A,0,Non Refund,31.0,175,Transient,120.0,0,0
City Hotel,1,111,2017,April,17,27,1,3,2,0.0,0,BB,PRT,Offline TA/TO,TA/TO,0,0,0,A,A,0,Non Refund,31.0,0,Transient,120.0,0,0
City Hotel,1,111,2017,April,17,27,1,3,2,0.0,0,BB,PRT,Offline TA/TO,TA/TO,0,0,0,A,A,0,Non Refund,31.0,0,Transient,120.0,0,0
City Hotel,1,111,2017,April,17,27,1,3,2,0.0,0,BB,PRT,Offline TA/TO,TA/TO,0,0,0,A,A,0,Non Refund,31.0,0,Transient,120.0,0,0
City Hotel,1,111,2017,April,17,27,1,3,2,0.0,0,BB,PRT,Offline TA/TO,TA/TO,0,0,0,A,A,0,Non Refund,31.0,0,Transient,120.0,0,0
City Hotel,1,111,2017,April,17,27,1,3,2,0.0,0,BB,PRT,Offline TA/TO,TA/TO,0,0,0,A,A,0,Non Refund,31.0,0,Transient,120.0,0,0
City Hotel,1,111,2017,April,17,27,1,3,2,0.0,0,BB,PRT,Offline TA/TO,TA/TO,0,0,0,A,A,0,Non Refund,31.0,0,Transient,120.0,0,0
City Hotel,1,111,2017,April,17,27,1,3,2,0.0,0,BB,PRT,Offline TA/TO,TA/TO,0,0,0,A,A,0,Non Refund,31.0,0,Transient,120.0,0,0
City Hotel,1,111,2017,April,17,27,1,3,2,0.0,0,BB,PRT,Offline TA/TO,TA/TO,0,0,0,A,A,0,Non Refund,31.0,0,Transient,120.0,0,0
City Hotel,1,111,2017,April,17,27,1,3,2,0.0,0,BB,PRT,Offline TA/TO,TA/TO,0,0,0,A,A,0,Non Refund,31.0,0,Transient,120.0,0,0
City Hotel,1,111,2017,April,17,27,1,3,2,0.0,0,BB,PRT,Offline TA/TO,TA/TO,0,0,0,A,A,0,Non Refund,31.0,0,Transient,120.0,0,0
City Hotel,1,151,2017,April,17,27,2,3,2,0.0,0,SC,GBR,Online TA,TA/TO,0,0,0,A,A,0,No Deposit,9.0,0,Transient,100.8,0,0
City Hotel,1,287,2017,April,17,27,2,3,2,0.0,0,SC,DEU,Online TA,TA/TO,0,0,0,A,A,0,No Deposit,9.0,0,Transient,99.0,0,0
City Hotel,1,108,2017,April,17,27,2,3,2,0.0,0,BB,GBR,Online TA,TA/TO,0,0,0,A,A,0,No Deposit,9.0,0,Transient,118.8,0,0
City Hotel,1,111,2017,April,17,27,1,3,2,0.0,0,BB,PRT,Offline TA/TO,TA/TO,0,0,0,A,A,0,Non Refund,31.0,0,Transient,120.0,0,0
City Hotel,1,111,2017,April,17,27,1,3,2,0.0,0,BB,PRT,Offline TA/TO,TA/TO,0,0,0,A,A,0,Non Refund,31.0,0,Transient,120.0,0,0
City Hotel,1,233,2017,April,17,27,2,3,2,0.0,0,BB,POL,Online TA,TA/TO,0,0,0,B,B,1,No Deposit,9.0,0,Transient,103.05,0,3
City Hotel,1,16,2017,April,17,27,2,3,2,0.0,0,BB,PRT,Direct,Direct,0,0,0,A,A,0,No Deposit,,0,Transient,126.65,0,1
City Hotel,1,112,2017,April,17,28,0,1,2,0.0,0,BB,ESP,Online TA,TA/TO,0,0,0,A,A,0,No Deposit,9.0,0,Transient,117.0,0,0
City Hotel,1,2,2017,April,17,28,0,1,2,0.0,0,BB,PRT,Offline TA/TO,TA/TO,0,0,0,A,A,0,No Deposit,290.0,0,Transient,144.0,0,2
City Hotel,1,78,2017,April,17,28,0,1,2,0.0,0,SC,USA,Online TA,TA/TO,0,0,0,A,E,0,No Deposit,9.0,0,Transient,108.0,0,0
City Hotel,1,49,2017,April,17,28,0,1,2,0.0,0,BB,PRT,Online TA,TA/TO,0,0,0,A,A,0,No Deposit,8.0,0,Transient,126.0,0,0
City Hotel,1,112,2017,April,17,28,0,1,2,0.0,0,BB,ESP,Online TA,TA/TO,0,0,0,A,A,0,No Deposit,9.0,0,Transient,126.0,0,0
City Hotel,1,107,2017,April,17,28,0,2,2,0.0,0,BB,CHE,Online TA,TA/TO,0,0,0,A,A,0,No Deposit,9.0,0,Transient,117.0,0,0
City Hotel,1,28,2017,April,17,28,0,2,2,0.0,0,SC,ESP,Online TA,TA/TO,0,0,0,A,A,0,No Deposit,9.0,0,Transient,115.0,0,1
City Hotel,1,21,2017,April,17,28,0,2,2,0.0,0,BB,ESP,Online TA,TA/TO,0,0,0,E,E,0,No Deposit,9.0,0,Transient,175.0,0,0
City Hotel,1,206,2017,April,17,28,0,2,2,0.0,0,BB,AUT,Online TA,TA/TO,0,0,0,D,D,0,No Deposit,9.0,0,Transient,130.5,0,3
City Hotel,1,206,2017,April,17,28,0,2,2,0.0,0,BB,AUT,Online TA,TA/TO,0,0,0,D,D,0,No Deposit,9.0,0,Transient,130.5,0,3
City Hotel,1,206,2017,April,17,28,0,2,2,0.0,0,BB,AUT,Online TA,TA/TO,0,0,0,D,D,0,No Deposit,9.0,0,Transient,130.5,0,3
City Hotel,1,336,2017,April,17,28,0,2,2,0.0,0,SC,FRA,Online TA,TA/TO,0,0,0,A,A,0,No Deposit,9.0,0,Transient,99.0,0,0
City Hotel,1,206,2017,April,17,28,0,2,2,0.0,0,BB,AUT,Online TA,TA/TO,0,0,0,D,D,0,No Deposit,9.0,0,Transient,130.5,0,3
City Hotel,1,170,2017,April,17,28,0,2,2,0.0,0,HB,ESP,Direct,Direct,0,0,0,D,D,1,No Deposit,14.0,0,Transient,169.5,0,0
City Hotel,1,159,2017,April,17,28,1,2,2,0.0,0,BB,BEL,Online TA,TA/TO,0,0,0,D,D,0,No Deposit,9.0,0,Transient,130.5,0,0
City Hotel,1,159,2017,April,17,28,1,2,2,0.0,0,BB,BEL,Online TA,TA/TO,0,0,0,D,D,0,No Deposit,9.0,0,Transient,130.5,0,0
City Hotel,1,130,2017,April,17,28,1,2,2,0.0,0,HB,ESP,Online TA,TA/TO,0,0,0,D,D,0,No Deposit,9.0,0,Transient,24.87,0,0
City Hotel,1,94,2017,April,17,28,1,2,2,0.0,0,SC,FRA,Online TA,TA/TO,0,0,0,A,A,0,No Deposit,9.0,0,Transient,99.0,0,0
City Hotel,1,26,2017,April,17,28,1,2,2,0.0,0,SC,DZA,Online TA,TA/TO,0,0,0,A,A,0,No Deposit,9.0,0,Transient,115.0,0,1
City Hotel,1,284,2017,April,17,28,1,2,2,0.0,0,BB,BRA,Online TA,TA/TO,0,0,0,A,A,0,No Deposit,9.0,0,Transient,109.8,0,2
City Hotel,1,272,2017,April,17,28,1,2,2,0.0,0,HB,ITA,Online TA,TA/TO,0,0,0,A,A,0,No Deposit,9.0,0,Transient,144.0,0,0
City Hotel,1,108,2017,April,17,28,1,2,2,0.0,0,BB,GBR,Online TA,TA/TO,0,0,0,A,A,0,No Deposit,9.0,0,Transient,117.0,0,2
City Hotel,1,209,2017,April,17,28,1,2,2,0.0,0,BB,DEU,Online TA,TA/TO,0,0,0,D,D,0,No Deposit,9.0,0,Transient,130.5,0,2
City Hotel,1,186,2017,April,17,28,1,2,2,0.0,0,BB,FRA,Online TA,TA/TO,0,0,0,D,D,0,No Deposit,9.0,0,Transient,130.5,0,1
City Hotel,1,153,2017,April,17,28,1,2,2,0.0,0,BB,DEU,Online TA,TA/TO,0,0,0,A,A,0,No Deposit,9.0,0,Transient,117.0,0,1
City Hotel,1,222,2017,April,17,28,1,2,2,0.0,0,BB,DEU,Online TA,TA/TO,0,0,0,D,D,0,No Deposit,9.0,0,Transient,135.33,0,3
City Hotel,1,294,2017,April,17,28,1,2,2,0.0,0,SC,GBR,Online TA,TA/TO,0,0,0,A,A,0,No Deposit,9.0,0,Transient,99.0,0,1
City Hotel,1,26,2017,April,17,28,1,2,2,0.0,0,SC,GBR,Online TA,TA/TO,0,0,0,A,A,0,No Deposit,9.0,0,Transient,115.0,0,1
City Hotel,1,159,2017,April,17,28,1,2,2,0.0,0,BB,BEL,Online TA,TA/TO,0,0,0,D,D,0,No Deposit,9.0,0,Transient,130.5,0,0
City Hotel,1,159,2017,April,17,28,1,2,2,0.0,0,BB,BEL,Online TA,TA/TO,0,0,0,D,D,0,No Deposit,9.0,0,Transient,130.5,0,0
City Hotel,1,168,2017,April,17,28,1,2,2,0.0,0,BB,GBR,Online TA,TA/TO,0,0,0,D,D,0,No Deposit,9.0,0,Transient,130.5,0,0
City Hotel,1,270,2017,April,17,28,1,2,2,0.0,0,SC,ITA,Online TA,TA/TO,0,0,0,A,A,0,No Deposit,9.0,0,Transient,99.0,0,0
City Hotel,1,272,2017,April,17,28,1,2,2,0.0,0,HB,ITA,Online TA,TA/TO,0,0,0,A,A,0,No Deposit,9.0,0,Transient,144.0,0,0
City Hotel,1,186,2017,April,17,28,1,2,2,0.0,0,BB,FRA,Online TA,TA/TO,0,0,0,D,D,0,No Deposit,9.0,0,Transient,130.5,0,2
City Hotel,1,186,2017,April,17,28,1,2,2,0.0,0,BB,FRA,Online TA,TA/TO,0,0,0,D,D,0,No Deposit,9.0,0,Transient,130.5,0,1
City Hotel,1,27,2017,April,17,28,1,2,2,0.0,0,SC,PRT,Online TA,TA/TO,0,0,0,A,A,0,No Deposit,9.0,0,Transient,115.0,0,2
City Hotel,1,272,2017,April,17,28,1,2,2,0.0,0,HB,ITA,Online TA,TA/TO,0,0,0,A,A,0,No Deposit,9.0,0,Transient,144.0,0,0
City Hotel,1,29,2017,April,17,28,1,2,2,0.0,0,SC,GBR,Online TA,TA/TO,0,0,0,A,A,0,No Deposit,9.0,0,Transient,115.0,0,2
City Hotel,1,0,2017,April,17,28,1,2,2,0.0,0,BB,FRA,Online TA,TA/TO,0,0,0,D,D,0,No Deposit,9.0,0,Transient,130.5,0,1
City Hotel,1,26,2017,April,17,28,1,2,2,0.0,0,SC,ESP,Online TA,TA/TO,0,0,0,A,A,0,No Deposit,9.0,0,Transient,115.0,0,1
City Hotel,1,121,2017,April,17,28,1,2,2,0.0,0,HB,HUN,Online TA,TA/TO,0,0,0,D,D,0,No Deposit,9.0,0,Transient,166.5,0,0
City Hotel,1,183,2017,April,17,28,1,2,2,0.0,0,BB,BEL,Online TA,TA/TO,0,0,0,D,D,0,No Deposit,9.0,0,Transient,130.5,0,1
City Hotel,1,186,2017,April,17,28,1,2,2,0.0,0,BB,FRA,Online TA,TA/TO,0,0,0,D,D,0,No Deposit,9.0,0,Transient,130.5,0,1
City Hotel,1,21,2017,April,17,28,1,2,2,0.0,0,SC,ESP,Online TA,TA/TO,0,0,0,A,A,0,No Deposit,9.0,0,Transient,115.0,0,0
City Hotel,1,261,2017,April,17,28,1,2,2,0.0,0,BB,FRA,Online TA,TA/TO,0,0,0,A,A,0,No Deposit,9.0,0,Transient,109.8,0,1
City Hotel,1,272,2017,April,17,28,1,2,2,0.0,0,HB,ITA,Online TA,TA/TO,0,0,0,A,A,0,No Deposit,9.0,0,Transient,144.0,0,0
City Hotel,1,17,2017,April,17,28,1,2,2,0.0,0,BB,FRA,Online TA,TA/TO,0,0,0,D,D,0,No Deposit,9.0,0,Transient,130.5,0,1
City Hotel,1,186,2017,April,17,28,1,2,2,0.0,0,BB,FRA,Online TA,TA/TO,0,0,0,D,D,0,No Deposit,9.0,0,Transient,130.5,0,1
City Hotel,1,159,2017,April,17,28,1,2,2,0.0,0,BB,BEL,Online TA,TA/TO,0,0,0,D,D,0,No Deposit,9.0,0,Transient,130.5,0,0
City Hotel,1,27,2017,April,17,28,1,2,2,0.0,0,SC,ESP,Online TA,TA/TO,0,0,0,A,A,0,No Deposit,9.0,0,Transient,115.0,0,1
City Hotel,1,29,2017,April,17,28,1,2,2,0.0,0,SC,PRT,Online TA,TA/TO,0,0,0,A,A,0,No Deposit,8.0,0,Transient,115.0,0,1
City Hotel,1,261,2017,April,17,28,1,2,2,0.0,0,BB,FRA,Online TA,TA/TO,0,0,0,A,A,0,No Deposit,9.0,0,Transient,109.8,0,1
City Hotel,1,140,2017,April,17,28,2,2,2,0.0,0,BB,PRT,Offline TA/TO,TA/TO,0,0,0,A,A,0,No Deposit,119.0,0,Transient-Party,130.0,0,0
City Hotel,1,140,2017,April,17,28,2,2,2,0.0,0,BB,PRT,Offline TA/TO,TA/TO,0,0,0,A,A,0,No Deposit,119.0,0,Transient-Party,130.0,0,0
City Hotel,1,242,2017,April,17,28,2,2,2,0.0,0,SC,PRT,Online TA,TA/TO,0,0,0,A,A,0,No Deposit,7.0,0,Transient,78.35,0,0
City Hotel,1,140,2017,April,17,28,2,2,2,0.0,0,BB,PRT,Offline TA/TO,TA/TO,0,0,0,A,A,0,No Deposit,119.0,0,Transient-Party,130.0,0,0
City Hotel,1,140,2017,April,17,28,2,2,2,0.0,0,BB,PRT,Offline TA/TO,TA/TO,0,0,0,A,A,0,No Deposit,119.0,0,Transient-Party,130.0,0,0
City Hotel,1,140,2017,April,17,28,2,2,2,0.0,0,BB,PRT,Offline TA/TO,TA/TO,0,0,0,A,A,0,No Deposit,119.0,0,Transient-Party,130.0,0,0
City Hotel,1,140,2017,April,17,28,2,2,2,0.0,0,BB,PRT,Offline TA/TO,TA/TO,0,0,0,A,A,0,No Deposit,119.0,0,Transient-Party,130.0,0,0
City Hotel,1,26,2017,April,17,28,2,2,2,0.0,0,SC,FRA,Online TA,TA/TO,0,0,0,A,A,0,No Deposit,9.0,0,Transient,128.5,0,1
City Hotel,1,242,2017,April,17,28,2,2,2,0.0,0,BB,GBR,Direct,Direct,0,0,0,A,A,0,No Deposit,14.0,0,Transient,99.0,0,0
City Hotel,1,140,2017,April,17,28,2,2,2,0.0,0,BB,PRT,Offline TA/TO,TA/TO,0,0,0,A,A,0,No Deposit,119.0,0,Transient-Party,130.0,0,0
City Hotel,1,140,2017,April,17,28,2,2,2,0.0,0,BB,PRT,Offline TA/TO,TA/TO,0,0,0,A,A,0,No Deposit,119.0,0,Transient-Party,130.0,0,0
City Hotel,1,140,2017,April,17,28,2,2,2,0.0,0,BB,PRT,Offline TA/TO,TA/TO,0,0,0,A,A,0,No Deposit,119.0,0,Transient-Party,130.0,0,0
City Hotel,1,109,2017,April,17,28,2,2,2,0.0,0,BB,DEU,Online TA,TA/TO,0,0,0,A,A,0,No Deposit,9.0,0,Transient,112.05,0,0
City Hotel,1,140,2017,April,17,28,2,2,2,0.0,0,BB,PRT,Offline TA/TO,TA/TO,0,0,0,A,A,0,No Deposit,119.0,0,Transient-Party,130.0,0,0
City Hotel,1,140,2017,April,17,28,2,2,2,0.0,0,BB,PRT,Offline TA/TO,TA/TO,0,0,0,A,A,0,No Deposit,119.0,0,Transient-Party,130.0,0,0
City Hotel,1,140,2017,April,17,28,2,2,2,0.0,0,BB,PRT,Offline TA/TO,TA/TO,0,0,0,A,A,0,No Deposit,119.0,0,Transient-Party,130.0,0,0
City Hotel,1,146,2017,April,17,29,0,1,2,0.0,0,BB,BRA,Online TA,TA/TO,0,0,0,D,D,0,No Deposit,9.0,0,Transient,130.5,0,1
City Hotel,1,211,2017,April,17,29,0,1,2,0.0,0,SC,PRT,Online TA,TA/TO,0,0,0,A,A,0,No Deposit,10.0,0,Transient,99.0,0,0
City Hotel,1,8,2017,April,17,29,0,1,2,0.0,0,BB,DEU,Online TA,TA/TO,0,0,0,A,A,0,No Deposit,9.0,0,Transient,180.0,0,1
City Hotel,1,10,2017,April,17,29,0,1,2,0.0,0,BB,USA,Online TA,TA/TO,0,0,0,D,D,0,No Deposit,9.0,0,Transient,190.0,0,2
City Hotel,1,22,2017,April,17,29,0,1,2,0.0,0,SC,PRT,Online TA,TA/TO,0,0,0,A,A,0,No Deposit,9.0,0,Transient,115.0,0,1
City Hotel,1,8,2017,April,17,29,0,1,2,0.0,0,SC,GBR,Online TA,TA/TO,0,0,0,A,A,0,No Deposit,9.0,0,Transient,160.0,0,1
City Hotel,1,146,2017,April,17,29,0,1,2,0.0,0,BB,BRA,Online TA,TA/TO,0,0,0,D,D,0,No Deposit,9.0,0,Transient,130.5,0,1
City Hotel,1,26,2017,April,17,29,1,1,2,0.0,0,SC,CHN,Online TA,TA/TO,0,0,0,A,A,0,No Deposit,9.0,0,Transient,103.5,0,1
City Hotel,1,293,2017,April,17,29,1,1,2,0.0,0,SC,ESP,Online TA,TA/TO,0,0,0,A,A,0,No Deposit,9.0,0,Transient,99.0,0,2
City Hotel,1,29,2017,April,17,29,1,1,2,0.0,0,SC,PRT,Online TA,TA/TO,0,0,0,A,A,0,No Deposit,9.0,0,Transient,115.0,0,2
City Hotel,1,286,2017,April,17,29,1,1,2,0.0,0,BB,BEL,Online TA,TA/TO,0,0,0,A,A,0,No Deposit,9.0,0,Transient,109.8,0,0
City Hotel,1,27,2017,April,17,29,1,1,2,0.0,0,SC,PRT,Online TA,TA/TO,0,0,0,A,A,0,No Deposit,9.0,0,Transient,115.0,0,2
City Hotel,1,28,2017,April,17,29,1,1,2,0.0,0,SC,JPN,Online TA,TA/TO,0,0,0,A,A,0,No Deposit,9.0,0,Transient,115.0,0,0
City Hotel,1,22,2017,April,17,29,1,1,2,0.0,0,SC,PRT,Online TA,TA/TO,0,0,0,A,A,0,No Deposit,8.0,0,Transient,115.0,0,1
City Hotel,1,181,2017,April,17,29,1,1,2,0.0,0,SC,FRA,Online TA,TA/TO,0,0,0,A,A,0,No Deposit,9.0,0,Transient,99.0,0,0
City Hotel,1,26,2017,April,17,29,1,1,2,0.0,0,SC,BRA,Online TA,TA/TO,0,0,0,A,A,0,No Deposit,9.0,0,Transient,115.0,0,1
City Hotel,1,270,2017,April,17,29,1,1,2,0.0,0,SC,ITA,Online TA,TA/TO,0,0,0,A,A,0,No Deposit,9.0,0,Transient,99.0,0,0
City Hotel,1,29,2017,April,17,29,1,1,2,0.0,0,SC,PRT,Online TA,TA/TO,0,0,0,A,A,0,No Deposit,9.0,0,Transient,115.0,0,2
City Hotel,1,26,2017,April,17,29,1,1,2,0.0,0,SC,CHN,Online TA,TA/TO,0,0,0,A,A,0,No Deposit,9.0,0,Transient,103.5,0,1
City Hotel,1,176,2017,April,17,29,1,1,2,0.0,0,BB,ITA,Online TA,TA/TO,0,0,0,A,A,0,No Deposit,9.0,0,Transient,117.0,0,1
City Hotel,1,30,2017,April,17,29,1,1,2,0.0,0,SC,ESP,Online TA,TA/TO,0,0,0,A,A,0,No Deposit,9.0,0,Transient,115.0,0,1
City Hotel,1,112,2017,April,17,29,1,1,2,0.0,0,SC,ESP,Online TA,TA/TO,0,0,0,A,A,0,No Deposit,9.0,0,Transient,99.0,0,0
City Hotel,1,157,2017,April,17,29,1,1,2,0.0,0,BB,KOR,Online TA,TA/TO,0,0,0,D,D,0,No Deposit,9.0,0,Transient,130.5,0,0
City Hotel,1,12,2017,April,17,29,1,1,2,0.0,0,SC,ESP,Online TA,TA/TO,0,0,0,A,A,0,No Deposit,9.0,0,Transient,150.0,0,1
City Hotel,1,27,2017,April,17,29,1,1,2,0.0,0,SC,PRT,Online TA,TA/TO,0,0,0,A,A,0,No Deposit,9.0,0,Transient,115.0,0,2
City Hotel,1,26,2017,April,17,29,1,1,2,0.0,0,SC,USA,Online TA,TA/TO,0,0,0,A,A,0,No Deposit,9.0,0,Transient,115.0,0,1
City Hotel,1,27,2017,April,17,29,1,1,2,0.0,0,SC,LUX,Online TA,TA/TO,0,0,0,A,A,0,No Deposit,9.0,0,Transient,115.0,0,2
City Hotel,1,29,2017,April,17,29,1,1,2,0.0,0,SC,PRT,Online TA,TA/TO,0,0,0,A,A,0,No Deposit,9.0,0,Transient,115.0,0,2
City Hotel,1,21,2017,April,17,29,1,1,2,0.0,0,SC,ESP,Online TA,TA/TO,0,0,0,A,A,0,No Deposit,9.0,0,Transient,115.0,0,1
City Hotel,1,197,2017,April,17,29,2,1,2,0.0,0,SC,ITA,Online TA,TA/TO,0,0,0,A,A,0,No Deposit,9.0,0,Transient,99.0,0,1
City Hotel,1,313,2017,April,17,29,2,1,2,0.0,0,BB,PRT,Offline TA/TO,TA/TO,0,0,0,A,A,0,Non Refund,6.0,0,Transient,90.0,0,0
City Hotel,1,313,2017,April,17,29,2,1,2,0.0,0,BB,PRT,Offline TA/TO,TA/TO,0,0,0,A,A,0,Non Refund,6.0,0,Transient,90.0,0,0
City Hotel,1,313,2017,April,17,29,2,1,2,0.0,0,BB,PRT,Offline TA/TO,TA/TO,0,0,0,A,A,0,Non Refund,6.0,0,Transient,90.0,0,0
City Hotel,1,313,2017,April,17,29,2,1,2,0.0,0,BB,PRT,Offline TA/TO,TA/TO,0,0,0,A,A,0,Non Refund,6.0,0,Transient,90.0,0,0
City Hotel,1,78,2017,April,17,29,2,1,2,0.0,0,BB,PRT,Groups,TA/TO,0,0,0,A,A,0,Non Refund,6.0,0,Transient,90.0,0,0
City Hotel,1,78,2017,April,17,29,2,1,2,0.0,0,BB,PRT,Groups,TA/TO,0,0,0,A,A,0,Non Refund,6.0,0,Transient,90.0,0,0
City Hotel,1,163,2017,April,17,29,2,1,2,0.0,0,BB,BRA,Online TA,TA/TO,0,0,0,A,A,0,No Deposit,9.0,0,Transient,117.0,0,1
City Hotel,1,78,2017,April,17,29,2,1,2,0.0,0,BB,PRT,Groups,TA/TO,0,0,0,A,A,0,Non Refund,6.0,0,Transient,90.0,0,0
City Hotel,1,78,2017,April,17,29,2,1,2,0.0,0,BB,PRT,Groups,TA/TO,0,0,0,A,A,0,Non Refund,6.0,0,Transient,90.0,0,0
City Hotel,1,222,2017,April,17,29,2,1,2,0.0,0,SC,ESP,Online TA,TA/TO,0,0,0,A,A,0,No Deposit,9.0,0,Transient,99.0,0,0
City Hotel,1,313,2017,April,17,29,2,1,2,0.0,0,BB,PRT,Offline TA/TO,TA/TO,0,0,0,A,A,0,Non Refund,6.0,0,Transient,90.0,0,0
City Hotel,1,313,2017,April,17,29,2,1,2,0.0,0,BB,PRT,Offline TA/TO,TA/TO,0,0,0,A,A,0,Non Refund,6.0,0,Transient,90.0,0,0
City Hotel,1,78,2017,April,17,29,2,1,2,0.0,0,BB,PRT,Groups,TA/TO,0,0,0,A,A,0,Non Refund,6.0,0,Transient,90.0,0,0
City Hotel,1,78,2017,April,17,29,2,1,2,0.0,0,BB,PRT,Groups,TA/TO,0,0,0,A,A,0,Non Refund,6.0,0,Transient,90.0,0,0
City Hotel,1,222,2017,April,17,29,2,1,2,0.0,0,SC,ESP,Online TA,TA/TO,0,0,0,A,A,0,No Deposit,9.0,0,Transient,99.0,0,0
City Hotel,1,261,2017,April,17,29,2,1,2,0.0,0,BB,PRT,Groups,TA/TO,0,0,0,A,A,0,Non Refund,6.0,183,Transient,90.0,0,0
City Hotel,1,212,2017,April,17,29,2,1,2,0.0,0,SC,BEL,Online TA,TA/TO,0,0,0,A,A,0,No Deposit,9.0,0,Transient,99.0,0,1
City Hotel,1,313,2017,April,17,29,2,1,2,0.0,0,BB,PRT,Offline TA/TO,TA/TO,0,0,0,A,A,0,Non Refund,6.0,0,Transient,90.0,0,0
City Hotel,1,313,2017,April,17,29,2,1,2,0.0,0,BB,PRT,Offline TA/TO,TA/TO,0,0,0,A,A,0,Non Refund,6.0,0,Transient,90.0,0,0
City Hotel,1,78,2017,April,17,29,2,1,2,0.0,0,BB,PRT,Groups,TA/TO,0,0,0,A,A,0,Non Refund,6.0,0,Transient,90.0,0,0
City Hotel,1,222,2017,April,17,29,2,1,2,0.0,0,SC,ESP,Online TA,TA/TO,0,0,0,A,A,0,No Deposit,9.0,0,Transient,99.0,0,0
City Hotel,1,313,2017,April,17,29,2,1,2,0.0,0,BB,PRT,Offline TA/TO,TA/TO,0,0,0,A,A,0,Non Refund,6.0,0,Transient,90.0,0,0
City Hotel,1,313,2017,April,17,29,2,1,2,0.0,0,BB,PRT,Offline TA/TO,TA/TO,0,0,0,A,A,0,Non Refund,6.0,0,Transient,90.0,0,0
City Hotel,1,22,2017,April,17,29,2,1,2,0.0,0,SC,RUS,Online TA,TA/TO,0,0,0,A,A,0,No Deposit,9.0,0,Transient,133.0,0,1
City Hotel,1,222,2017,April,17,29,2,1,2,0.0,0,SC,ESP,Online TA,TA/TO,0,0,0,A,A,0,No Deposit,9.0,0,Transient,99.0,0,0
City Hotel,1,313,2017,April,17,29,2,1,2,0.0,0,BB,PRT,Offline TA/TO,TA/TO,0,0,0,A,A,0,Non Refund,6.0,0,Transient,90.0,0,0
City Hotel,1,110,2017,April,17,29,2,1,2,0.0,0,BB,POL,Online TA,TA/TO,0,0,0,A,A,0,No Deposit,9.0,0,Transient,120.0,0,1
City Hotel,1,78,2017,April,17,29,2,1,2,0.0,0,BB,PRT,Groups,TA/TO,0,0,0,A,A,0,Non Refund,6.0,0,Transient,90.0,0,0
City Hotel,1,222,2017,April,17,29,2,1,2,0.0,0,SC,ESP,Online TA,TA/TO,0,0,0,A,A,0,No Deposit,9.0,0,Transient,99.0,0,0
City Hotel,1,313,2017,April,17,29,2,1,2,0.0,0,BB,PRT,Offline TA/TO,TA/TO,0,0,0,A,A,0,Non Refund,6.0,0,Transient,90.0,0,0
City Hotel,1,21,2017,April,17,29,2,1,2,0.0,0,SC,ITA,Online TA,TA/TO,0,0,0,A,A,0,No Deposit,9.0,0,Transient,133.0,0,0
City Hotel,1,30,2017,April,17,29,2,1,2,0.0,0,SC,FRA,Online TA,TA/TO,0,0,0,A,A,0,No Deposit,9.0,0,Transient,126.33,0,1
City Hotel,1,78,2017,April,17,29,2,1,2,0.0,0,BB,PRT,Groups,TA/TO,0,0,0,A,A,0,Non Refund,6.0,0,Transient,90.0,0,0
City Hotel,1,78,2017,April,17,29,2,1,2,0.0,0,BB,PRT,Groups,TA/TO,0,0,0,A,A,0,Non Refund,6.0,0,Transient,90.0,0,0
City Hotel,1,313,2017,April,17,29,2,1,2,0.0,0,BB,PRT,Offline TA/TO,TA/TO,0,0,0,A,A,0,Non Refund,6.0,0,Transient,90.0,0,0
City Hotel,1,78,2017,April,17,29,2,1,2,0.0,0,BB,PRT,Groups,TA/TO,0,0,0,A,A,0,Non Refund,6.0,0,Transient,90.0,0,0
City Hotel,1,78,2017,April,17,29,2,1,2,0.0,0,BB,PRT,Groups,TA/TO,0,0,0,A,A,0,Non Refund,6.0,0,Transient,90.0,0,0
City Hotel,1,78,2017,April,17,29,2,1,2,0.0,0,BB,PRT,Groups,TA/TO,0,0,0,A,A,0,Non Refund,6.0,0,Transient,90.0,0,0
City Hotel,1,78,2017,April,17,29,2,1,2,0.0,0,BB,PRT,Groups,TA/TO,0,0,0,A,A,0,Non Refund,6.0,0,Transient,90.0,0,0
City Hotel,1,78,2017,April,17,29,2,1,2,0.0,0,BB,PRT,Groups,TA/TO,0,0,0,A,A,0,Non Refund,6.0,0,Transient,90.0,0,0
City Hotel,1,222,2017,April,17,29,2,1,2,0.0,0,SC,ESP,Online TA,TA/TO,0,0,0,A,A,0,No Deposit,9.0,0,Transient,99.0,0,0
City Hotel,1,78,2017,April,17,29,2,1,2,0.0,0,BB,PRT,Groups,TA/TO,0,0,0,A,A,0,Non Refund,6.0,0,Transient,90.0,0,0
City Hotel,1,78,2017,April,17,29,2,1,2,0.0,0,BB,PRT,Groups,TA/TO,0,0,0,A,A,0,Non Refund,6.0,0,Transient,90.0,0,0
City Hotel,1,313,2017,April,17,29,2,1,2,0.0,0,BB,PRT,Offline TA/TO,TA/TO,0,0,0,A,A,0,Non Refund,6.0,0,Transient,90.0,0,0
City Hotel,1,110,2017,April,17,29,2,1,2,0.0,0,SC,FRA,Online TA,TA/TO,0,0,0,A,A,0,No Deposit,9.0,0,Transient,102.0,0,0
City Hotel,1,78,2017,April,17,29,2,1,2,0.0,0,BB,PRT,Groups,TA/TO,0,0,0,A,A,0,Non Refund,6.0,0,Transient,90.0,0,0
City Hotel,1,313,2017,April,17,29,2,1,2,0.0,0,BB,PRT,Offline TA/TO,TA/TO,0,0,0,A,A,0,Non Refund,6.0,0,Transient,90.0,0,0
City Hotel,1,313,2017,April,17,29,2,1,2,0.0,0,BB,PRT,Offline TA/TO,TA/TO,0,0,0,A,A,0,Non Refund,6.0,0,Transient,90.0,0,0
City Hotel,1,78,2017,April,17,29,2,1,2,0.0,0,BB,PRT,Groups,TA/TO,0,0,0,A,A,0,Non Refund,6.0,0,Transient,90.0,0,0
City Hotel,1,313,2017,April,17,29,2,1,2,0.0,0,BB,PRT,Offline TA/TO,TA/TO,0,0,0,A,A,0,Non Refund,6.0,0,Transient,90.0,0,0
City Hotel,1,128,2017,April,17,29,2,2,2,0.0,0,BB,BEL,Online TA,TA/TO,0,0,0,D,D,0,No Deposit,9.0,0,Transient,135.0,0,0
City Hotel,1,30,2017,April,17,29,2,2,2,0.0,0,SC,FRA,Online TA,TA/TO,0,0,0,A,A,0,No Deposit,9.0,0,Transient,132.0,0,1
City Hotel,1,175,2017,April,17,29,2,2,2,0.0,0,SC,GBR,Online TA,TA/TO,0,0,0,A,A,0,No Deposit,9.0,0,Transient,99.0,0,0
City Hotel,1,171,2017,April,17,29,2,3,2,0.0,0,BB,RUS,Online TA,TA/TO,0,0,0,A,A,0,No Deposit,9.0,0,Transient,117.0,0,2
City Hotel,1,202,2017,April,17,29,2,3,2,0.0,0,BB,POL,Online TA,TA/TO,0,0,0,A,A,0,No Deposit,9.0,0,Transient,117.0,0,2
City Hotel,1,171,2017,April,17,29,2,3,2,0.0,0,BB,RUS,Online TA,TA/TO,0,0,0,A,A,0,No Deposit,9.0,0,Transient,117.0,0,1
City Hotel,1,202,2017,April,17,29,2,3,2,0.0,0,SC,POL,Online TA,TA/TO,0,0,0,A,A,0,No Deposit,9.0,0,Transient,99.0,0,0
City Hotel,1,178,2017,April,17,29,2,3,2,0.0,0,BB,DEU,Online TA,TA/TO,0,0,0,A,A,0,No Deposit,9.0,0,Transient,117.0,0,0
City Hotel,1,7,2017,April,17,29,2,2,2,0.0,0,SC,CHE,Online TA,TA/TO,0,0,0,A,A,0,No Deposit,9.0,0,Transient,160.0,0,1
City Hotel,1,175,2017,April,17,29,2,2,2,0.0,0,SC,GBR,Online TA,TA/TO,0,0,0,A,A,0,No Deposit,9.0,0,Transient,99.0,0,0
City Hotel,1,171,2017,April,17,29,2,3,2,0.0,0,BB,RUS,Online TA,TA/TO,0,0,0,A,A,0,No Deposit,9.0,0,Transient,117.0,0,2
City Hotel,1,165,2017,April,17,29,2,5,2,0.0,0,BB,RUS,Online TA,TA/TO,0,0,0,D,D,0,No Deposit,9.0,0,Transient,130.5,0,0
City Hotel,1,116,2017,April,18,30,1,0,2,0.0,0,BB,IRL,Online TA,TA/TO,0,0,0,D,D,0,No Deposit,9.0,0,Transient,130.5,0,2
City Hotel,1,212,2017,April,18,30,1,0,2,0.0,0,SC,PRT,Online TA,TA/TO,0,0,0,A,A,0,No Deposit,10.0,0,Transient,99.0,0,0
City Hotel,1,202,2017,April,18,30,2,0,2,0.0,0,BB,FRA,Online TA,TA/TO,0,0,0,A,A,0,No Deposit,9.0,0,Transient,117.0,0,0
City Hotel,1,132,2017,April,18,30,2,0,2,0.0,0,BB,BRA,Online TA,TA/TO,0,0,0,D,D,0,No Deposit,9.0,0,Transient,135.0,0,2
City Hotel,1,31,2017,April,18,30,2,0,2,0.0,0,SC,FRA,Online TA,TA/TO,0,0,0,A,A,0,No Deposit,9.0,0,Transient,132.0,0,1
City Hotel,1,26,2017,April,18,30,2,1,2,0.0,0,SC,GBR,Online TA,TA/TO,0,0,0,A,A,0,No Deposit,9.0,0,Transient,144.33,0,1
City Hotel,1,28,2017,April,18,30,2,1,2,0.0,0,SC,MAR,Online TA,TA/TO,0,0,0,A,A,0,No Deposit,9.0,0,Transient,141.0,0,1
City Hotel,1,190,2017,April,18,30,2,1,2,0.0,0,SC,BEL,Online TA,TA/TO,0,0,0,A,A,0,No Deposit,9.0,0,Transient,99.0,0,1
City Hotel,1,28,2017,April,18,30,2,1,2,0.0,0,BB,MAR,Direct,Direct,0,0,0,A,A,0,No Deposit,14.0,0,Transient,152.67,0,2
City Hotel,1,175,2017,April,18,30,2,2,2,0.0,0,BB,DEU,Online TA,TA/TO,0,0,0,D,D,0,No Deposit,9.0,0,Transient,130.5,0,2
City Hotel,1,118,2017,April,18,30,2,2,2,0.0,0,BB,BEL,Online TA,TA/TO,0,0,0,D,D,0,No Deposit,9.0,0,Transient,137.25,0,1
City Hotel,1,184,2017,April,18,30,2,1,2,0.0,0,HB,GBR,Online TA,TA/TO,0,0,0,A,A,0,No Deposit,9.0,0,Transient,151.2,0,2
City Hotel,1,113,2017,April,18,30,2,2,2,0.0,0,SC,ITA,Online TA,TA/TO,0,0,0,A,A,0,No Deposit,9.0,0,Transient,105.75,0,0
City Hotel,1,111,2017,April,18,30,2,2,2,0.0,0,BB,ITA,Online TA,TA/TO,0,0,0,A,A,0,No Deposit,9.0,0,Transient,123.75,0,0
City Hotel,1,118,2017,April,18,30,2,2,2,0.0,0,BB,BEL,Online TA,TA/TO,0,0,0,D,D,0,No Deposit,9.0,0,Transient,137.25,0,1
City Hotel,1,164,2017,April,18,30,2,2,2,0.0,0,SC,GBR,Online TA,TA/TO,0,0,0,A,A,0,No Deposit,9.0,0,Transient,99.0,0,1
City Hotel,1,137,2017,April,18,30,2,3,2,0.0,0,HB,DEU,Direct,Direct,0,0,0,E,E,1,No Deposit,14.0,0,Transient,189.2,0,0
City Hotel,1,203,2017,April,18,30,2,3,2,0.0,0,SC,DEU,Online TA,TA/TO,0,0,0,A,A,0,No Deposit,9.0,0,Transient,99.0,0,0
City Hotel,1,29,2017,April,18,30,2,3,2,0.0,0,SC,FRA,Online TA,TA/TO,0,0,0,A,A,0,No Deposit,9.0,0,Transient,146.2,0,1
City Hotel,1,39,2017,May,18,1,1,0,2,0.0,0,SC,JPN,Online TA,TA/TO,0,0,0,A,A,0,No Deposit,9.0,0,Transient,149.0,0,0
City Hotel,1,18,2017,May,18,1,1,0,2,0.0,0,SC,CHN,Online TA,TA/TO,0,0,0,A,A,0,No Deposit,9.0,0,Transient,108.0,0,0
City Hotel,1,18,2017,May,18,1,1,0,2,0.0,0,SC,CHN,Online TA,TA/TO,0,0,0,A,A,0,No Deposit,9.0,0,Transient,108.0,0,0
City Hotel,1,63,2017,May,18,1,1,0,2,0.0,0,BB,USA,Online TA,TA/TO,0,0,0,A,A,0,No Deposit,9.0,0,Transient,144.0,0,0
City Hotel,1,213,2017,May,18,1,1,0,2,0.0,0,SC,PRT,Online TA,TA/TO,0,0,0,A,A,0,No Deposit,10.0,0,Transient,99.0,0,0
City Hotel,1,43,2017,May,18,1,1,1,2,0.0,0,SC,USA,Online TA,TA/TO,0,0,0,A,A,0,No Deposit,9.0,0,Transient,149.0,0,0
City Hotel,1,21,2017,May,18,1,1,1,2,0.0,0,BB,FRA,Online TA,TA/TO,0,0,0,A,A,0,No Deposit,9.0,0,Transient,169.0,0,1
City Hotel,1,334,2017,May,18,1,1,1,2,0.0,0,BB,GBR,Direct,Direct,0,0,0,A,A,0,No Deposit,14.0,0,Transient,99.0,0,0
City Hotel,1,231,2017,May,18,1,1,1,2,0.0,0,SC,PRT,Online TA,TA/TO,0,0,0,A,A,0,No Deposit,8.0,0,Transient,110.0,0,1
City Hotel,1,136,2017,May,18,1,1,1,2,0.0,0,SC,CHE,Online TA,TA/TO,0,0,0,A,A,0,No Deposit,9.0,0,Transient,108.0,0,2
City Hotel,1,79,2017,May,18,1,1,2,2,0.0,0,BB,DEU,Online TA,TA/TO,0,0,0,A,A,0,No Deposit,9.0,0,Transient,126.0,0,0
City Hotel,1,134,2017,May,18,1,1,2,2,0.0,0,SC,GBR,Online TA,TA/TO,0,0,0,A,A,0,No Deposit,9.0,0,Transient,108.0,0,1
City Hotel,1,228,2017,May,18,1,1,2,2,0.0,0,SC,USA,Online TA,TA/TO,0,0,0,A,A,0,No Deposit,9.0,0,Transient,99.0,0,1
City Hotel,1,148,2017,May,18,1,1,2,2,0.0,0,SC,USA,Online TA,TA/TO,0,0,0,A,A,0,No Deposit,9.0,0,Transient,108.0,0,1
City Hotel,1,228,2017,May,18,1,1,2,2,0.0,0,SC,USA,Online TA,TA/TO,0,0,0,A,A,0,No Deposit,9.0,0,Transient,110.0,0,1
City Hotel,1,93,2017,May,18,1,1,2,2,0.0,0,BB,PRT,Offline TA/TO,TA/TO,0,0,0,D,D,0,No Deposit,28.0,0,Transient,98.1,0,0
City Hotel,1,61,2017,May,18,1,1,2,2,0.0,0,SC,USA,Online TA,TA/TO,0,0,0,A,A,0,No Deposit,9.0,0,Transient,126.0,0,0
City Hotel,1,203,2017,May,18,1,1,2,2,0.0,0,BB,DEU,Online TA,TA/TO,0,0,0,A,A,0,No Deposit,9.0,0,Transient,126.0,0,2
City Hotel,1,184,2017,May,18,1,1,2,2,0.0,0,SC,RUS,Online TA,TA/TO,0,0,0,A,A,0,No Deposit,9.0,0,Transient,99.0,0,0
City Hotel,1,206,2017,May,18,1,1,2,2,0.0,0,BB,BEL,Online TA,TA/TO,0,0,0,A,A,0,No Deposit,9.0,0,Transient,117.0,0,0
City Hotel,1,157,2017,May,18,1,1,3,2,0.0,0,BB,PRT,Groups,TA/TO,0,0,0,A,A,0,Non Refund,3.0,0,Transient,130.0,0,0
City Hotel,1,227,2017,May,18,1,1,3,2,0.0,0,BB,AUS,Online TA,TA/TO,0,0,0,A,A,2,No Deposit,9.0,0,Transient,127.25,0,0
City Hotel,1,157,2017,May,18,1,1,3,2,0.0,0,BB,PRT,Groups,TA/TO,0,0,0,A,A,0,Non Refund,3.0,0,Transient,130.0,0,0
City Hotel,1,157,2017,May,18,1,1,3,2,0.0,0,BB,PRT,Groups,TA/TO,0,0,0,A,A,0,Non Refund,3.0,0,Transient,130.0,0,0
City Hotel,1,157,2017,May,18,1,1,3,2,0.0,0,BB,PRT,Groups,TA/TO,0,0,0,A,A,0,Non Refund,3.0,0,Transient,130.0,0,0
City Hotel,1,157,2017,May,18,1,1,3,2,0.0,0,BB,PRT,Groups,TA/TO,0,0,0,A,A,0,Non Refund,3.0,0,Transient,130.0,0,0
City Hotel,1,157,2017,May,18,1,1,3,2,0.0,0,BB,PRT,Groups,TA/TO,0,0,0,A,A,0,Non Refund,3.0,0,Transient,130.0,0,0
City Hotel,1,157,2017,May,18,1,1,3,2,0.0,0,BB,PRT,Groups,TA/TO,0,0,0,A,A,0,Non Refund,3.0,0,Transient,130.0,0,0
City Hotel,1,16,2017,May,18,1,1,3,2,0.0,0,BB,RUS,Online TA,TA/TO,0,0,0,D,D,0,No Deposit,9.0,0,Transient,150.0,0,1
City Hotel,1,52,2017,May,18,1,1,3,2,0.0,0,SC,AUT,Online TA,TA/TO,0,0,0,A,A,0,No Deposit,9.0,0,Transient,126.0,0,0
City Hotel,1,157,2017,May,18,1,1,3,2,0.0,0,BB,PRT,Groups,TA/TO,0,0,0,A,A,0,Non Refund,3.0,0,Transient,130.0,0,0
City Hotel,1,157,2017,May,18,1,1,3,2,0.0,0,BB,PRT,Groups,TA/TO,0,0,0,A,A,0,Non Refund,3.0,0,Transient,130.0,0,0
City Hotel,1,118,2017,May,18,1,1,3,2,0.0,0,SC,SWE,Online TA,TA/TO,0,0,0,A,A,0,No Deposit,9.0,0,Transient,108.0,0,0
City Hotel,1,157,2017,May,18,1,1,3,2,0.0,0,BB,PRT,Groups,TA/TO,0,0,0,A,A,0,Non Refund,3.0,0,Transient,130.0,0,0
City Hotel,1,157,2017,May,18,1,1,3,2,0.0,0,BB,PRT,Groups,TA/TO,0,0,0,A,A,0,Non Refund,3.0,0,Transient,130.0,0,0
City Hotel,1,157,2017,May,18,1,1,3,2,0.0,0,BB,PRT,Groups,TA/TO,0,0,0,A,A,0,Non Refund,3.0,0,Transient,130.0,0,0
City Hotel,1,157,2017,May,18,1,1,3,2,0.0,0,BB,PRT,Groups,TA/TO,0,0,0,A,A,0,Non Refund,3.0,0,Transient,130.0,0,0
City Hotel,1,157,2017,May,18,1,1,3,2,0.0,0,BB,PRT,Groups,TA/TO,0,0,0,A,A,0,Non Refund,3.0,0,Transient,130.0,0,0
City Hotel,1,105,2017,May,18,1,1,3,2,0.0,0,SC,IRL,Online TA,TA/TO,0,0,0,A,A,0,No Deposit,9.0,0,Transient,108.0,0,1
City Hotel,1,157,2017,May,18,1,1,3,2,0.0,0,BB,PRT,Groups,TA/TO,0,0,0,A,A,0,Non Refund,3.0,0,Transient,130.0,0,0
City Hotel,1,157,2017,May,18,1,1,3,2,0.0,0,BB,PRT,Groups,TA/TO,0,0,0,A,A,0,Non Refund,3.0,0,Transient,130.0,0,0
City Hotel,1,58,2017,May,18,1,1,3,2,0.0,0,HB,FRA,Direct,Direct,0,0,0,D,D,3,No Deposit,14.0,0,Transient,189.5,0,1
City Hotel,1,157,2017,May,18,1,1,3,2,0.0,0,BB,PRT,Groups,TA/TO,0,0,0,A,A,0,Non Refund,3.0,0,Transient,130.0,0,0
City Hotel,1,61,2017,May,18,1,1,3,2,0.0,0,HB,FRA,Online TA,TA/TO,0,0,0,D,D,1,No Deposit,9.0,0,Transient,187.2,0,1
City Hotel,1,157,2017,May,18,1,1,3,2,0.0,0,BB,PRT,Groups,TA/TO,0,0,0,A,A,0,Non Refund,3.0,0,Transient,130.0,0,0
City Hotel,1,157,2017,May,18,1,1,3,2,0.0,0,BB,PRT,Groups,TA/TO,0,0,0,A,A,0,Non Refund,3.0,0,Transient,130.0,0,0
City Hotel,1,197,2017,May,18,1,1,3,2,0.0,0,BB,FRA,Online TA,TA/TO,0,0,0,A,A,0,No Deposit,9.0,0,Transient,117.0,0,2
City Hotel,1,157,2017,May,18,1,1,3,2,0.0,0,BB,PRT,Groups,TA/TO,0,0,0,A,A,0,Non Refund,3.0,0,Transient,130.0,0,0
City Hotel,1,157,2017,May,18,1,1,3,2,0.0,0,BB,PRT,Groups,TA/TO,0,0,0,A,A,0,Non Refund,3.0,0,Transient,130.0,0,0
City Hotel,1,110,2017,May,18,1,1,3,2,0.0,0,BB,PRT,Offline TA/TO,TA/TO,0,0,0,A,A,0,No Deposit,28.0,0,Transient,89.1,0,0
City Hotel,1,157,2017,May,18,1,1,3,2,0.0,0,BB,PRT,Groups,TA/TO,0,0,0,A,A,0,Non Refund,3.0,0,Transient,130.0,0,0
City Hotel,1,157,2017,May,18,1,1,3,2,0.0,0,BB,PRT,Groups,TA/TO,0,0,0,A,A,0,Non Refund,3.0,0,Transient,130.0,0,0
City Hotel,1,196,2017,May,18,1,1,3,2,0.0,0,BB,PRT,Groups,TA/TO,0,0,0,A,A,0,Non Refund,3.0,39,Transient,130.0,0,0
City Hotel,1,157,2017,May,18,1,1,3,2,0.0,0,BB,PRT,Groups,TA/TO,0,0,0,A,A,0,Non Refund,3.0,0,Transient,130.0,0,0
City Hotel,1,113,2017,May,18,1,1,4,2,0.0,0,SC,FRA,Online TA,TA/TO,0,0,0,A,A,2,No Deposit,9.0,0,Transient,110.4,0,0
City Hotel,1,123,2017,May,18,1,1,4,2,0.0,0,BB,PRT,Online TA,TA/TO,0,0,0,D,D,0,No Deposit,8.0,0,Transient,139.5,0,1
City Hotel,1,118,2017,May,18,1,1,4,2,0.0,0,BB,CN,Online TA,TA/TO,0,0,0,A,A,0,No Deposit,9.0,0,Transient,126.0,0,1
City Hotel,1,34,2017,May,18,1,1,5,2,0.0,0,SC,FRA,Online TA,TA/TO,0,0,0,A,A,0,No Deposit,9.0,0,Transient,149.0,0,0
City Hotel,1,57,2017,May,18,1,1,5,2,0.0,0,BB,PRT,Online TA,TA/TO,0,0,0,G,G,0,No Deposit,7.0,0,Transient,212.8,0,0
City Hotel,1,136,2017,May,18,1,1,4,2,0.0,0,SC,BRA,Online TA,TA/TO,0,0,0,A,A,0,No Deposit,9.0,0,Transient,108.0,0,0
City Hotel,1,106,2017,May,18,1,1,5,2,0.0,0,BB,DEU,Online TA,TA/TO,0,0,0,A,A,0,No Deposit,9.0,0,Transient,126.0,0,0
City Hotel,1,139,2017,May,18,2,0,1,2,0.0,0,HB,PRT,Online TA,TA/TO,0,0,0,D,D,0,No Deposit,7.0,0,Transient,135.13,0,1
City Hotel,1,20,2017,May,18,2,0,1,2,0.0,0,BB,BEL,Online TA,TA/TO,0,0,0,A,A,0,No Deposit,9.0,0,Transient,169.0,0,1
City Hotel,1,84,2017,May,18,2,0,2,2,0.0,0,SC,FRA,Online TA,TA/TO,0,0,0,A,A,0,No Deposit,9.0,0,Transient,108.0,0,0
City Hotel,1,19,2017,May,18,2,0,3,2,0.0,0,BB,ITA,Online TA,TA/TO,0,0,0,A,A,0,No Deposit,9.0,0,Transient,140.0,0,2
City Hotel,1,92,2017,May,18,2,0,3,2,0.0,0,SC,CN,Online TA,TA/TO,0,0,0,A,A,0,No Deposit,9.0,0,Transient,108.0,0,0
City Hotel,1,16,2017,May,18,2,0,3,2,0.0,0,SC,GBR,Online TA,TA/TO,0,0,0,A,A,0,No Deposit,9.0,0,Transient,120.0,0,1
City Hotel,1,67,2017,May,18,2,0,3,2,0.0,0,BB,PRT,Groups,Corporate,0,0,0,A,A,0,No Deposit,,0,Transient-Party,120.0,0,0
City Hotel,1,16,2017,May,18,2,0,3,2,0.0,0,SC,BRA,Online TA,TA/TO,0,0,0,A,A,0,No Deposit,9.0,0,Transient,120.0,0,1
City Hotel,1,32,2017,May,18,2,0,3,2,0.0,0,BB,FRA,Online TA,TA/TO,0,0,0,D,D,0,No Deposit,9.0,0,Transient,179.0,0,1
City Hotel,1,29,2017,May,18,2,0,4,2,0.0,0,SC,AUT,Direct,Direct,0,0,0,A,A,0,No Deposit,,0,Transient,149.0,0,0
City Hotel,1,143,2017,May,18,2,0,4,2,0.0,0,BB,CN,Direct,Direct,0,0,0,A,A,0,No Deposit,14.0,0,Transient,108.0,0,1
City Hotel,1,40,2017,May,18,2,0,4,2,0.0,0,SC,USA,Online TA,TA/TO,0,0,0,A,A,0,No Deposit,9.0,0,Transient,149.0,0,0
City Hotel,1,29,2017,May,18,2,0,4,2,0.0,0,SC,AUT,Online TA,TA/TO,0,0,0,A,A,0,No Deposit,9.0,0,Transient,149.0,0,0
City Hotel,1,124,2017,May,18,2,0,4,2,0.0,0,SC,ITA,Online TA,TA/TO,0,0,0,A,A,0,No Deposit,9.0,0,Transient,108.0,0,1
City Hotel,1,144,2017,May,18,2,0,4,2,0.0,0,SC,CN,Online TA,TA/TO,0,0,0,A,A,0,No Deposit,9.0,0,Transient,108.0,0,2
City Hotel,1,12,2017,May,18,2,2,5,2,0.0,0,SC,DEU,Online TA,TA/TO,0,0,0,A,A,0,No Deposit,9.0,0,Transient,137.14,0,0
City Hotel,1,114,2017,May,18,2,2,10,2,0.0,0,BB,FRA,Online TA,TA/TO,0,0,0,A,A,0,No Deposit,9.0,0,Transient,129.0,0,0
City Hotel,1,117,2017,May,18,2,3,10,2,0.0,0,SC,BRA,Online TA,TA/TO,0,0,0,A,A,0,No Deposit,9.0,0,Transient,110.77,0,1
City Hotel,1,54,2017,May,18,3,0,1,2,0.0,0,SC,PRT,Online TA,TA/TO,0,0,0,A,A,0,No Deposit,8.0,0,Transient,126.0,0,0
City Hotel,1,32,2017,May,18,3,0,1,2,0.0,0,BB,ZAF,Direct,Direct,0,0,0,A,A,0,No Deposit,14.0,0,Transient,134.1,0,0
City Hotel,1,19,2017,May,18,3,0,1,2,0.0,0,SC,GBR,Online TA,TA/TO,0,0,0,A,A,0,No Deposit,9.0,0,Transient,120.0,0,1
City Hotel,1,2,2017,May,18,3,0,1,2,0.0,0,BB,PRT,Online TA,TA/TO,0,0,0,D,D,0,No Deposit,9.0,0,Transient,180.0,0,0
City Hotel,1,34,2017,May,18,3,0,1,2,0.0,0,SC,PRT,Online TA,TA/TO,0,0,0,A,A,0,No Deposit,8.0,0,Transient,149.0,0,1
City Hotel,1,14,2017,May,18,3,0,1,2,0.0,0,SC,ISR,Online TA,TA/TO,0,0,0,A,A,0,No Deposit,9.0,0,Transient,120.0,0,0
City Hotel,1,21,2017,May,18,3,0,1,2,0.0,0,SC,PRT,Online TA,TA/TO,0,0,0,A,A,0,No Deposit,8.0,0,Transient,120.0,0,1
City Hotel,1,82,2017,May,18,3,0,2,2,0.0,0,BB,PRT,Groups,TA/TO,0,0,0,A,A,0,Non Refund,29.0,0,Transient,130.0,0,0
City Hotel,1,82,2017,May,18,3,0,2,2,0.0,0,BB,PRT,Groups,TA/TO,0,0,0,A,A,0,Non Refund,29.0,0,Transient,130.0,0,0
City Hotel,1,82,2017,May,18,3,0,2,2,0.0,0,BB,PRT,Groups,TA/TO,0,0,0,A,A,0,Non Refund,29.0,0,Transient,130.0,0,0
City Hotel,1,100,2017,May,18,3,0,2,2,0.0,0,BB,PRT,Groups,TA/TO,0,0,0,A,A,0,Non Refund,29.0,18,Transient,130.0,0,0
City Hotel,1,69,2017,May,18,3,0,2,2,0.0,0,BB,GBR,Online TA,TA/TO,0,0,0,D,D,0,No Deposit,9.0,0,Transient,153.0,0,0
City Hotel,1,16,2017,May,18,3,0,2,2,0.0,0,BB,DEU,Online TA,TA/TO,0,0,0,A,A,0,No Deposit,9.0,0,Transient,140.0,0,1
City Hotel,1,82,2017,May,18,3,0,2,2,0.0,0,BB,PRT,Groups,TA/TO,0,0,0,A,A,0,Non Refund,29.0,0,Transient,130.0,0,0
City Hotel,1,82,2017,May,18,3,0,2,2,0.0,0,BB,PRT,Groups,TA/TO,0,0,0,A,A,0,Non Refund,29.0,0,Transient,130.0,0,0
City Hotel,1,82,2017,May,18,3,0,2,2,0.0,0,BB,PRT,Groups,TA/TO,0,0,0,A,A,0,Non Refund,29.0,0,Transient,130.0,0,0
City Hotel,1,151,2017,May,18,3,0,2,2,0.0,0,BB,ITA,Online TA,TA/TO,0,0,0,A,A,0,No Deposit,9.0,0,Transient,126.0,0,1
City Hotel,1,82,2017,May,18,3,0,2,2,0.0,0,BB,PRT,Groups,TA/TO,0,0,0,A,A,0,Non Refund,29.0,0,Transient,130.0,0,0
City Hotel,1,82,2017,May,18,3,0,2,2,0.0,0,BB,PRT,Groups,TA/TO,0,0,0,A,A,0,Non Refund,29.0,0,Transient,130.0,0,0
City Hotel,1,82,2017,May,18,3,0,2,2,0.0,0,BB,PRT,Groups,TA/TO,0,0,0,A,A,0,Non Refund,29.0,0,Transient,130.0,0,0
City Hotel,1,151,2017,May,18,3,0,2,2,0.0,0,BB,ITA,Online TA,TA/TO,0,0,0,A,A,0,No Deposit,9.0,0,Transient,126.0,0,1
City Hotel,1,82,2017,May,18,3,0,2,2,0.0,0,BB,PRT,Groups,TA/TO,0,0,0,A,A,0,Non Refund,29.0,0,Transient,130.0,0,0
City Hotel,1,82,2017,May,18,3,0,2,2,0.0,0,BB,PRT,Groups,TA/TO,0,0,0,A,A,0,Non Refund,29.0,0,Transient,130.0,0,0
City Hotel,1,82,2017,May,18,3,0,2,2,0.0,0,BB,PRT,Groups,TA/TO,0,0,0,A,A,0,Non Refund,29.0,0,Transient,130.0,0,0
City Hotel,1,9,2017,May,18,3,0,2,2,0.0,0,SC,IRL,Direct,Direct,0,0,0,A,A,4,No Deposit,14.0,0,Transient,150.0,0,0
City Hotel,1,82,2017,May,18,3,0,2,2,0.0,0,BB,PRT,Groups,TA/TO,0,0,0,A,A,0,Non Refund,29.0,0,Transient,130.0,0,0
City Hotel,1,82,2017,May,18,3,0,2,2,0.0,0,BB,PRT,Groups,TA/TO,0,0,0,A,A,0,Non Refund,29.0,0,Transient,130.0,0,0
City Hotel,1,152,2017,May,18,3,0,3,2,0.0,0,BB,PRT,Groups,TA/TO,0,0,0,A,A,0,Non Refund,286.0,0,Transient,100.0,0,0
City Hotel,1,152,2017,May,18,3,0,3,2,0.0,0,BB,PRT,Groups,TA/TO,0,0,0,A,A,0,Non Refund,286.0,0,Transient,100.0,0,0
City Hotel,1,152,2017,May,18,3,0,3,2,0.0,0,BB,PRT,Groups,TA/TO,0,0,0,A,A,0,Non Refund,286.0,0,Transient,100.0,0,0
City Hotel,1,82,2017,May,18,3,0,3,2,0.0,0,SC,USA,Online TA,TA/TO,0,0,0,A,A,0,No Deposit,9.0,0,Transient,108.0,0,0
City Hotel,1,165,2017,May,18,3,0,3,2,0.0,0,BB,ITA,Online TA,TA/TO,0,0,0,D,D,0,No Deposit,9.0,0,Transient,130.5,0,0
City Hotel,1,152,2017,May,18,3,0,3,2,0.0,0,BB,PRT,Groups,TA/TO,0,0,0,A,A,0,Non Refund,286.0,0,Transient,100.0,0,0
City Hotel,1,82,2017,May,18,3,0,3,2,0.0,0,SC,USA,Online TA,TA/TO,0,0,0,A,A,0,No Deposit,9.0,0,Transient,108.0,0,0
City Hotel,1,266,2017,May,18,3,0,3,2,0.0,0,BB,PRT,Groups,TA/TO,0,0,0,A,A,0,Non Refund,58.0,0,Transient,100.0,0,0
City Hotel,1,266,2017,May,18,3,0,3,2,0.0,0,BB,PRT,Groups,TA/TO,0,0,0,A,A,0,Non Refund,58.0,0,Transient,100.0,0,0
City Hotel,1,152,2017,May,18,3,0,3,2,0.0,0,BB,PRT,Groups,TA/TO,0,0,0,A,A,0,Non Refund,286.0,0,Transient,100.0,0,0
City Hotel,1,266,2017,May,18,3,0,3,2,0.0,0,BB,PRT,Groups,TA/TO,0,0,0,A,A,0,Non Refund,58.0,0,Transient,100.0,0,0
City Hotel,1,67,2017,May,18,3,0,3,2,0.0,0,BB,GBR,Online TA,TA/TO,0,0,0,D,D,0,No Deposit,9.0,0,Transient,153.0,0,0
City Hotel,1,152,2017,May,18,3,0,3,2,0.0,0,BB,PRT,Groups,TA/TO,0,0,0,A,A,0,Non Refund,286.0,0,Transient,100.0,0,0
City Hotel,1,266,2017,May,18,3,0,3,2,0.0,0,BB,PRT,Groups,TA/TO,0,0,0,A,A,0,Non Refund,58.0,0,Transient,100.0,0,0
City Hotel,1,106,2017,May,18,3,0,3,2,0.0,0,SC,PRT,Online TA,TA/TO,0,0,0,A,A,2,No Deposit,9.0,0,Transient,126.0,0,0
City Hotel,1,266,2017,May,18,3,0,3,2,0.0,0,BB,PRT,Groups,TA/TO,0,0,0,A,A,0,Non Refund,58.0,0,Transient,100.0,0,0
City Hotel,1,266,2017,May,18,3,0,3,2,0.0,0,BB,PRT,Groups,TA/TO,0,0,0,A,A,0,Non Refund,58.0,0,Transient,100.0,0,0
City Hotel,1,152,2017,May,18,3,0,3,2,0.0,0,BB,PRT,Groups,TA/TO,0,0,0,A,A,0,Non Refund,286.0,0,Transient,100.0,0,0
City Hotel,1,152,2017,May,18,3,0,3,2,0.0,0,BB,PRT,Groups,TA/TO,0,0,0,A,A,0,Non Refund,286.0,0,Transient,100.0,0,0
City Hotel,1,152,2017,May,18,3,0,3,2,0.0,0,BB,PRT,Groups,TA/TO,0,0,0,A,A,0,Non Refund,286.0,0,Transient,100.0,0,0
City Hotel,1,152,2017,May,18,3,0,3,2,0.0,0,BB,PRT,Groups,TA/TO,0,0,0,A,A,0,Non Refund,286.0,0,Transient,100.0,0,0
City Hotel,1,165,2017,May,18,3,0,3,2,0.0,0,BB,ITA,Online TA,TA/TO,0,0,0,D,D,0,No Deposit,9.0,0,Transient,130.5,0,0
City Hotel,1,271,2017,May,18,3,0,3,2,0.0,0,BB,PRT,Groups,TA/TO,0,0,0,A,A,0,Non Refund,58.0,5,Transient,100.0,0,0
City Hotel,1,180,2017,May,18,3,0,3,2,0.0,0,BB,FRA,Online TA,TA/TO,0,0,0,D,D,0,No Deposit,9.0,0,Transient,130.5,0,1
City Hotel,1,266,2017,May,18,3,0,3,2,0.0,0,BB,PRT,Groups,TA/TO,0,0,0,A,A,0,Non Refund,58.0,0,Transient,100.0,0,0
City Hotel,1,152,2017,May,18,3,0,3,2,0.0,0,BB,PRT,Groups,TA/TO,0,0,0,A,A,0,Non Refund,286.0,0,Transient,100.0,0,0
City Hotel,1,152,2017,May,18,3,0,3,2,0.0,0,BB,PRT,Groups,TA/TO,0,0,0,A,A,0,Non Refund,286.0,0,Transient,100.0,0,0
City Hotel,1,152,2017,May,18,3,0,3,2,0.0,0,BB,PRT,Groups,TA/TO,0,0,0,A,A,0,Non Refund,286.0,0,Transient,100.0,0,0
City Hotel,1,152,2017,May,18,3,0,3,2,0.0,0,BB,PRT,Groups,TA/TO,0,0,0,A,A,0,Non Refund,286.0,0,Transient,100.0,0,0
City Hotel,1,172,2017,May,18,3,0,3,2,0.0,0,BB,PRT,Groups,TA/TO,0,0,0,A,A,0,Non Refund,286.0,20,Transient,100.0,0,0
City Hotel,1,152,2017,May,18,3,0,3,2,0.0,0,BB,PRT,Groups,TA/TO,0,0,0,A,A,0,Non Refund,286.0,0,Transient,100.0,0,0
City Hotel,1,32,2017,May,18,3,0,3,2,0.0,0,SC,DEU,Online TA,TA/TO,0,0,0,A,A,0,No Deposit,9.0,0,Transient,149.0,0,0
City Hotel,1,266,2017,May,18,3,0,3,2,0.0,0,BB,PRT,Groups,TA/TO,0,0,0,A,A,0,Non Refund,58.0,0,Transient,100.0,0,0
City Hotel,1,40,2017,May,18,3,0,3,2,0.0,0,SC,CHN,Online TA,TA/TO,0,0,0,A,A,0,No Deposit,9.0,0,Transient,134.1,0,0
City Hotel,1,15,2017,May,18,3,0,3,2,0.0,0,BB,PHL,Direct,Direct,0,0,0,A,A,0,No Deposit,14.0,0,Transient,145.0,0,0
City Hotel,1,152,2017,May,18,3,0,3,2,0.0,0,BB,PRT,Groups,TA/TO,0,0,0,A,A,0,Non Refund,286.0,0,Transient,100.0,0,0
City Hotel,1,152,2017,May,18,3,0,3,2,0.0,0,BB,PRT,Groups,TA/TO,0,0,0,A,A,0,Non Refund,286.0,0,Transient,100.0,0,0
City Hotel,1,266,2017,May,18,3,0,3,2,0.0,0,BB,PRT,Groups,TA/TO,0,0,0,A,A,0,Non Refund,58.0,0,Transient,100.0,0,0
City Hotel,1,152,2017,May,18,3,0,3,2,0.0,0,BB,PRT,Groups,TA/TO,0,0,0,A,A,0,Non Refund,286.0,0,Transient,100.0,0,0
City Hotel,1,152,2017,May,18,3,0,3,2,0.0,0,BB,PRT,Groups,TA/TO,0,0,0,A,A,0,Non Refund,286.0,0,Transient,100.0,0,0
City Hotel,1,266,2017,May,18,3,0,3,2,0.0,0,BB,PRT,Groups,TA/TO,0,0,0,A,A,0,Non Refund,58.0,0,Transient,100.0,0,0
City Hotel,1,108,2017,May,18,3,0,4,2,0.0,0,SC,FRA,Online TA,TA/TO,0,0,0,A,A,0,No Deposit,9.0,0,Transient,108.0,0,1
City Hotel,1,9,2017,May,18,3,0,4,2,0.0,0,SC,USA,Online TA,TA/TO,0,0,0,A,A,0,No Deposit,9.0,0,Transient,150.0,0,1
City Hotel,1,266,2017,May,18,3,0,3,2,0.0,0,BB,PRT,Groups,TA/TO,0,0,0,A,A,0,Non Refund,58.0,0,Transient,100.0,0,0
City Hotel,1,14,2017,May,18,3,0,4,2,0.0,0,BB,KWT,Online TA,TA/TO,0,0,0,D,D,0,No Deposit,9.0,0,Transient,165.0,0,1
City Hotel,1,198,2017,May,18,3,0,4,2,0.0,0,SC,DEU,Online TA,TA/TO,0,0,0,A,A,2,No Deposit,9.0,0,Transient,99.0,0,1
City Hotel,1,83,2017,May,18,3,0,4,2,0.0,0,BB,USA,Online TA,TA/TO,0,0,0,D,D,0,No Deposit,9.0,0,Transient,135.0,0,0
City Hotel,1,198,2017,May,18,3,0,4,2,0.0,0,SC,DEU,Online TA,TA/TO,0,0,0,A,A,2,No Deposit,9.0,0,Transient,99.0,0,1
City Hotel,1,267,2017,May,18,3,0,4,2,0.0,0,BB,HUN,Online TA,TA/TO,0,0,0,D,D,0,No Deposit,9.0,0,Transient,123.3,0,2
City Hotel,1,54,2017,May,18,3,0,4,2,0.0,0,SC,PRT,Online TA,TA/TO,0,0,0,A,A,0,No Deposit,7.0,0,Transient,100.8,0,0
City Hotel,1,54,2017,May,18,3,0,4,2,0.0,0,SC,FRA,Online TA,TA/TO,0,0,0,A,A,0,No Deposit,9.0,0,Transient,126.0,0,0
City Hotel,1,125,2017,May,18,3,1,4,2,0.0,0,BB,HUN,Direct,Direct,0,0,0,A,A,0,No Deposit,14.0,0,Transient,108.0,0,0
City Hotel,1,24,2017,May,18,4,0,1,2,0.0,0,BB,FRA,Online TA,TA/TO,0,0,0,D,D,0,No Deposit,9.0,0,Transient,179.0,0,0
City Hotel,1,148,2017,May,18,4,0,2,2,0.0,0,BB,PRT,Groups,TA/TO,0,0,0,A,A,0,Non Refund,171.0,0,Transient,95.0,0,0
City Hotel,1,148,2017,May,18,4,0,2,2,0.0,0,BB,PRT,Groups,TA/TO,0,0,0,A,A,0,Non Refund,171.0,0,Transient,95.0,0,0
City Hotel,1,143,2017,May,18,4,0,2,2,0.0,0,BB,PRT,Groups,TA/TO,0,0,0,A,A,0,Non Refund,56.0,0,Transient,120.0,0,0
City Hotel,1,143,2017,May,18,4,0,2,2,0.0,0,BB,PRT,Groups,TA/TO,0,0,0,A,A,0,Non Refund,56.0,0,Transient,120.0,0,0
City Hotel,1,15,2017,May,18,4,0,2,2,0.0,0,BB,PRT,Offline TA/TO,TA/TO,0,0,0,A,A,0,No Deposit,205.0,0,Transient,136.0,0,1
City Hotel,1,143,2017,May,18,4,0,2,2,0.0,0,BB,PRT,Groups,TA/TO,0,0,0,A,A,0,Non Refund,56.0,0,Transient,120.0,0,0
City Hotel,1,15,2017,May,18,4,0,2,2,0.0,0,BB,PRT,Offline TA/TO,TA/TO,0,0,0,A,A,0,No Deposit,205.0,0,Transient,136.0,0,1
City Hotel,1,143,2017,May,18,4,0,2,2,0.0,0,BB,PRT,Groups,TA/TO,0,0,0,A,A,0,Non Refund,56.0,0,Transient,120.0,0,0
City Hotel,1,199,2017,May,18,4,0,2,2,0.0,0,BB,PRT,Groups,TA/TO,0,0,0,A,A,0,Non Refund,56.0,56,Transient,120.0,0,0
City Hotel,1,143,2017,May,18,4,0,2,2,0.0,0,BB,PRT,Groups,TA/TO,0,0,0,A,A,0,Non Refund,56.0,0,Transient,120.0,0,0
City Hotel,1,148,2017,May,18,4,0,2,2,0.0,0,BB,PRT,Groups,TA/TO,0,0,0,A,A,0,Non Refund,171.0,0,Transient,95.0,0,0
City Hotel,1,148,2017,May,18,4,0,2,2,0.0,0,BB,PRT,Groups,TA/TO,0,0,0,A,A,0,Non Refund,171.0,0,Transient,95.0,0,0
City Hotel,1,6,2017,May,18,4,0,2,2,0.0,0,BB,NLD,Online TA,TA/TO,0,0,0,D,D,0,No Deposit,9.0,0,Transient,180.0,0,0
City Hotel,1,148,2017,May,18,4,0,2,2,0.0,0,BB,PRT,Groups,TA/TO,0,0,0,A,A,0,Non Refund,171.0,0,Transient,95.0,0,0
City Hotel,1,148,2017,May,18,4,0,2,2,0.0,0,BB,PRT,Groups,TA/TO,0,0,0,A,A,0,Non Refund,171.0,0,Transient,95.0,0,0
City Hotel,1,148,2017,May,18,4,0,2,2,0.0,0,BB,PRT,Groups,TA/TO,0,0,0,A,A,0,Non Refund,171.0,0,Transient,95.0,0,0
City Hotel,1,148,2017,May,18,4,0,2,2,0.0,0,BB,PRT,Groups,TA/TO,0,0,0,A,A,0,Non Refund,171.0,0,Transient,95.0,0,0
City Hotel,1,148,2017,May,18,4,0,2,2,0.0,0,BB,PRT,Groups,TA/TO,0,0,0,A,A,0,Non Refund,171.0,0,Transient,95.0,0,0
City Hotel,1,143,2017,May,18,4,0,2,2,0.0,0,BB,PRT,Groups,TA/TO,0,0,0,A,A,0,Non Refund,56.0,0,Transient,120.0,0,0
City Hotel,1,143,2017,May,18,4,0,2,2,0.0,0,BB,PRT,Groups,TA/TO,0,0,0,A,A,0,Non Refund,56.0,0,Transient,120.0,0,0
City Hotel,1,205,2017,May,18,4,0,2,2,0.0,0,SC,POL,Online TA,TA/TO,0,0,0,A,A,0,No Deposit,9.0,0,Transient,99.0,0,1
City Hotel,1,143,2017,May,18,4,0,2,2,0.0,0,BB,PRT,Groups,TA/TO,0,0,0,A,A,0,Non Refund,56.0,0,Transient,120.0,0,0
City Hotel,1,143,2017,May,18,4,0,2,2,0.0,0,BB,PRT,Groups,TA/TO,0,0,0,A,A,0,Non Refund,56.0,0,Transient,120.0,0,0
City Hotel,1,148,2017,May,18,4,0,2,2,0.0,0,BB,PRT,Groups,TA/TO,0,0,0,A,A,0,Non Refund,171.0,0,Transient,95.0,0,0
City Hotel,1,148,2017,May,18,4,0,2,2,0.0,0,BB,PRT,Groups,TA/TO,0,0,0,A,A,0,Non Refund,171.0,0,Transient,95.0,0,0
City Hotel,1,140,2017,May,18,4,0,2,2,0.0,0,SC,FRA,Online TA,TA/TO,0,0,0,A,A,2,No Deposit,9.0,0,Transient,114.0,0,2
City Hotel,1,148,2017,May,18,4,0,2,2,0.0,0,BB,PRT,Groups,TA/TO,0,0,0,A,A,0,Non Refund,171.0,0,Transient,95.0,0,0
City Hotel,1,148,2017,May,18,4,0,2,2,0.0,0,BB,PRT,Groups,TA/TO,0,0,0,A,A,0,Non Refund,171.0,0,Transient,95.0,0,0
City Hotel,1,148,2017,May,18,4,0,2,2,0.0,0,BB,PRT,Groups,TA/TO,0,0,0,A,A,0,Non Refund,171.0,0,Transient,95.0,0,0
City Hotel,1,148,2017,May,18,4,0,2,2,0.0,0,BB,PRT,Groups,TA/TO,0,0,0,A,A,0,Non Refund,171.0,0,Transient,95.0,0,0
City Hotel,1,148,2017,May,18,4,0,2,2,0.0,0,BB,PRT,Groups,TA/TO,0,0,0,A,A,0,Non Refund,171.0,0,Transient,95.0,0,0
City Hotel,1,148,2017,May,18,4,0,2,2,0.0,0,BB,PRT,Groups,TA/TO,0,0,0,A,A,0,Non Refund,171.0,0,Transient,95.0,0,0
City Hotel,1,148,2017,May,18,4,0,2,2,0.0,0,BB,PRT,Groups,TA/TO,0,0,0,A,A,0,Non Refund,171.0,0,Transient,95.0,0,0
City Hotel,1,9,2017,May,18,4,0,2,2,0.0,0,BB,LUX,Online TA,TA/TO,0,0,0,D,D,0,No Deposit,9.0,0,Transient,180.0,0,1
City Hotel,1,143,2017,May,18,4,0,2,2,0.0,0,BB,PRT,Groups,TA/TO,0,0,0,A,A,0,Non Refund,56.0,0,Transient,120.0,0,0
City Hotel,1,143,2017,May,18,4,0,2,2,0.0,0,BB,PRT,Groups,TA/TO,0,0,0,A,A,0,Non Refund,56.0,0,Transient,120.0,0,0
City Hotel,1,148,2017,May,18,4,0,2,2,0.0,0,BB,PRT,Groups,TA/TO,0,0,0,A,A,0,Non Refund,171.0,0,Transient,95.0,0,0
City Hotel,1,148,2017,May,18,4,0,2,2,0.0,0,BB,PRT,Groups,TA/TO,0,0,0,A,A,0,Non Refund,171.0,0,Transient,95.0,0,0
City Hotel,1,192,2017,May,18,4,0,2,2,0.0,0,BB,PRT,Groups,TA/TO,0,0,0,A,A,0,Non Refund,171.0,44,Transient,95.0,0,0
City Hotel,1,148,2017,May,18,4,0,2,2,0.0,0,BB,PRT,Groups,TA/TO,0,0,0,A,A,0,Non Refund,171.0,0,Transient,95.0,0,0
City Hotel,1,148,2017,May,18,4,0,2,2,0.0,0,BB,PRT,Groups,TA/TO,0,0,0,A,A,0,Non Refund,171.0,0,Transient,95.0,0,0
City Hotel,1,148,2017,May,18,4,0,2,2,0.0,0,BB,PRT,Groups,TA/TO,0,0,0,A,A,0,Non Refund,171.0,0,Transient,95.0,0,0
City Hotel,1,148,2017,May,18,4,0,2,2,0.0,0,BB,PRT,Groups,TA/TO,0,0,0,A,A,0,Non Refund,171.0,0,Transient,95.0,0,0
City Hotel,1,48,2017,May,18,4,0,2,2,0.0,0,BB,GBR,Online TA,TA/TO,0,0,0,A,B,1,No Deposit,9.0,0,Transient,152.1,0,2
City Hotel,1,143,2017,May,18,4,0,2,2,0.0,0,BB,PRT,Groups,TA/TO,0,0,0,A,A,0,Non Refund,56.0,0,Transient,120.0,0,0
City Hotel,1,143,2017,May,18,4,0,2,2,0.0,0,BB,PRT,Groups,TA/TO,0,0,0,A,A,0,Non Refund,56.0,0,Transient,120.0,0,0
City Hotel,1,148,2017,May,18,4,0,2,2,0.0,0,BB,PRT,Groups,TA/TO,0,0,0,A,A,0,Non Refund,171.0,0,Transient,95.0,0,0
City Hotel,1,148,2017,May,18,4,0,2,2,0.0,0,BB,PRT,Groups,TA/TO,0,0,0,A,A,0,Non Refund,171.0,0,Transient,95.0,0,0
City Hotel,1,25,2017,May,18,4,0,2,2,0.0,0,BB,FRA,Online TA,TA/TO,0,0,0,D,D,0,No Deposit,9.0,0,Transient,179.0,0,3
City Hotel,1,143,2017,May,18,4,0,2,2,0.0,0,BB,PRT,Groups,TA/TO,0,0,0,A,A,0,Non Refund,56.0,0,Transient,120.0,0,0
City Hotel,1,143,2017,May,18,4,0,3,2,0.0,0,BB,PRT,Groups,TA/TO,0,0,0,A,A,0,Non Refund,151.0,0,Transient,100.0,0,0
City Hotel,1,143,2017,May,18,4,0,3,2,0.0,0,BB,PRT,Groups,TA/TO,0,0,0,A,A,0,Non Refund,151.0,0,Transient,100.0,0,0
City Hotel,1,48,2017,May,18,4,0,2,2,0.0,0,BB,GBR,Online TA,TA/TO,0,0,0,A,B,0,No Deposit,9.0,0,Transient,152.1,0,2
City Hotel,1,143,2017,May,18,4,0,2,2,0.0,0,BB,PRT,Groups,TA/TO,0,0,0,A,A,0,Non Refund,56.0,0,Transient,120.0,0,0
City Hotel,1,143,2017,May,18,4,0,2,2,0.0,0,BB,PRT,Groups,TA/TO,0,0,0,A,A,0,Non Refund,56.0,0,Transient,120.0,0,0
City Hotel,1,148,2017,May,18,4,0,2,2,0.0,0,BB,PRT,Groups,TA/TO,0,0,0,A,A,0,Non Refund,171.0,0,Transient,95.0,0,0
City Hotel,1,219,2017,May,18,4,0,3,2,0.0,0,BB,GBR,Online TA,TA/TO,0,0,0,D,D,0,No Deposit,9.0,0,Transient,130.5,0,3
City Hotel,1,69,2017,May,18,4,0,3,2,0.0,0,BB,ROU,Online TA,TA/TO,0,0,0,E,E,0,No Deposit,9.0,0,Transient,180.0,0,0
City Hotel,1,143,2017,May,18,4,0,3,2,0.0,0,BB,PRT,Groups,TA/TO,0,0,0,A,A,0,Non Refund,151.0,0,Transient,100.0,0,0
City Hotel,1,143,2017,May,18,4,0,3,2,0.0,0,BB,PRT,Groups,TA/TO,0,0,0,A,A,0,Non Refund,151.0,0,Transient,100.0,0,0
City Hotel,1,143,2017,May,18,4,0,3,2,0.0,0,BB,PRT,Groups,TA/TO,0,0,0,A,A,0,Non Refund,151.0,0,Transient,100.0,0,0
City Hotel,1,143,2017,May,18,4,0,3,2,0.0,0,BB,PRT,Groups,TA/TO,0,0,0,A,A,0,Non Refund,151.0,0,Transient,100.0,0,0
City Hotel,1,143,2017,May,18,4,0,3,2,0.0,0,BB,PRT,Groups,TA/TO,0,0,0,A,A,0,Non Refund,151.0,0,Transient,100.0,0,0
City Hotel,1,28,2017,May,18,4,0,3,2,0.0,0,BB,PRT,Online TA,TA/TO,0,0,0,A,A,0,No Deposit,8.0,0,Transient,169.0,0,1
City Hotel,1,143,2017,May,18,4,0,3,2,0.0,0,BB,PRT,Groups,TA/TO,0,0,0,A,A,0,Non Refund,151.0,0,Transient,100.0,0,0
City Hotel,1,143,2017,May,18,4,0,3,2,0.0,0,BB,PRT,Groups,TA/TO,0,0,0,A,A,0,Non Refund,151.0,0,Transient,100.0,0,0
City Hotel,1,15,2017,May,18,4,0,3,2,0.0,0,BB,ESP,Online TA,TA/TO,0,0,0,A,A,0,No Deposit,9.0,0,Transient,160.0,0,1
City Hotel,1,143,2017,May,18,4,0,3,2,0.0,0,BB,PRT,Groups,TA/TO,0,0,0,A,A,0,Non Refund,151.0,0,Transient,100.0,0,0
City Hotel,1,143,2017,May,18,4,0,3,2,0.0,0,BB,PRT,Groups,TA/TO,0,0,0,A,A,0,Non Refund,151.0,0,Transient,100.0,0,0
City Hotel,1,143,2017,May,18,4,0,3,2,0.0,0,BB,PRT,Groups,TA/TO,0,0,0,A,A,0,Non Refund,151.0,0,Transient,100.0,0,0
City Hotel,1,143,2017,May,18,4,0,3,2,0.0,0,BB,PRT,Groups,TA/TO,0,0,0,A,A,0,Non Refund,151.0,0,Transient,100.0,0,0
City Hotel,1,143,2017,May,18,4,0,3,2,0.0,0,BB,PRT,Groups,TA/TO,0,0,0,A,A,0,Non Refund,151.0,0,Transient,100.0,0,0
City Hotel,1,143,2017,May,18,4,0,3,2,0.0,0,BB,PRT,Groups,TA/TO,0,0,0,A,A,0,Non Refund,151.0,0,Transient,100.0,0,0
City Hotel,1,129,2017,May,18,4,0,3,2,0.0,0,SC,GBR,Online TA,TA/TO,0,0,0,A,A,0,No Deposit,9.0,0,Transient,108.0,0,1
City Hotel,1,143,2017,May,18,4,0,3,2,0.0,0,BB,PRT,Groups,TA/TO,0,0,0,A,A,0,Non Refund,151.0,0,Transient,100.0,0,0
City Hotel,1,129,2017,May,18,4,0,3,2,0.0,0,SC,GBR,Online TA,TA/TO,0,0,0,A,A,0,No Deposit,9.0,0,Transient,108.0,0,1
City Hotel,1,143,2017,May,18,4,0,3,2,0.0,0,BB,PRT,Groups,TA/TO,0,0,0,A,A,0,Non Refund,151.0,0,Transient,100.0,0,0
City Hotel,1,170,2017,May,18,4,0,3,2,0.0,0,BB,PRT,Groups,TA/TO,0,0,0,A,A,0,Non Refund,151.0,27,Transient,100.0,0,0
City Hotel,1,143,2017,May,18,4,0,3,2,0.0,0,BB,PRT,Groups,TA/TO,0,0,0,A,A,0,Non Refund,151.0,0,Transient,100.0,0,0
City Hotel,1,143,2017,May,18,4,0,3,2,0.0,0,BB,PRT,Groups,TA/TO,0,0,0,A,A,0,Non Refund,151.0,0,Transient,100.0,0,0
City Hotel,1,143,2017,May,18,4,0,3,2,0.0,0,BB,PRT,Groups,TA/TO,0,0,0,A,A,0,Non Refund,151.0,0,Transient,100.0,0,0
City Hotel,1,265,2017,May,18,4,1,3,2,0.0,0,BB,PRT,Online TA,TA/TO,0,0,0,A,B,1,No Deposit,7.0,0,Transient,122.0,0,1
City Hotel,1,47,2017,May,18,4,1,3,2,0.0,0,SC,CHE,Online TA,TA/TO,0,0,0,A,A,0,No Deposit,9.0,0,Transient,134.1,0,0
City Hotel,1,52,2017,May,18,4,1,3,2,0.0,0,BB,HUN,Online TA,TA/TO,0,0,0,A,A,0,No Deposit,9.0,0,Transient,152.1,0,0
City Hotel,1,140,2017,May,18,4,1,3,2,0.0,0,BB,FRA,Online TA,TA/TO,0,0,0,A,A,0,No Deposit,9.0,0,Transient,126.0,0,3
City Hotel,1,110,2017,May,18,4,1,3,2,0.0,0,BB,GBR,Direct,Direct,0,0,0,A,A,0,No Deposit,14.0,0,Transient,108.0,0,1
City Hotel,1,40,2017,May,18,4,1,3,2,0.0,0,SC,GBR,Online TA,TA/TO,0,0,0,A,A,0,No Deposit,9.0,0,Transient,149.0,0,0
City Hotel,1,133,2017,May,18,4,1,3,2,0.0,0,SC,GBR,Online TA,TA/TO,0,0,0,A,A,0,No Deposit,9.0,0,Transient,108.0,0,1
City Hotel,1,28,2017,May,18,4,2,4,2,0.0,0,BB,AGO,Online TA,TA/TO,0,0,0,A,A,0,No Deposit,9.0,0,Transient,152.33,0,0
City Hotel,1,322,2017,May,18,5,0,1,2,0.0,0,BB,PRT,Offline TA/TO,TA/TO,0,0,0,A,A,0,No Deposit,21.0,0,Transient-Party,75.0,0,0
City Hotel,1,192,2017,May,18,5,0,2,2,0.0,0,BB,PRT,Groups,TA/TO,0,0,0,A,A,0,Non Refund,30.0,31,Transient,120.0,0,0
City Hotel,1,242,2017,May,18,5,0,2,2,0.0,0,BB,GBR,Online TA,TA/TO,0,0,0,D,D,0,No Deposit,9.0,0,Transient,130.5,0,0
City Hotel,1,161,2017,May,18,5,0,2,2,0.0,0,BB,PRT,Groups,TA/TO,0,0,0,A,A,0,Non Refund,30.0,0,Transient,120.0,0,0
City Hotel,1,161,2017,May,18,5,0,2,2,0.0,0,BB,PRT,Groups,TA/TO,0,0,0,A,A,0,Non Refund,30.0,0,Transient,120.0,0,0
City Hotel,1,161,2017,May,18,5,0,2,2,0.0,0,BB,PRT,Groups,TA/TO,0,0,0,A,A,0,Non Refund,30.0,0,Transient,120.0,0,0
City Hotel,1,15,2017,May,18,5,0,2,2,0.0,0,BB,FRA,Online TA,TA/TO,0,0,0,A,A,0,No Deposit,9.0,0,Transient,170.0,0,1
City Hotel,1,161,2017,May,18,5,0,2,2,0.0,0,BB,PRT,Groups,TA/TO,0,0,0,A,A,0,Non Refund,30.0,0,Transient,120.0,0,0
City Hotel,1,161,2017,May,18,5,0,2,2,0.0,0,BB,PRT,Groups,TA/TO,0,0,0,A,A,0,Non Refund,30.0,0,Transient,120.0,0,0
City Hotel,1,161,2017,May,18,5,0,2,2,0.0,0,BB,PRT,Groups,TA/TO,0,0,0,A,A,0,Non Refund,30.0,0,Transient,120.0,0,0
City Hotel,1,161,2017,May,18,5,0,2,2,0.0,0,BB,PRT,Groups,TA/TO,0,0,0,A,A,0,Non Refund,30.0,0,Transient,120.0,0,0
City Hotel,1,161,2017,May,18,5,0,2,2,0.0,0,BB,PRT,Groups,TA/TO,0,0,0,A,A,0,Non Refund,30.0,0,Transient,120.0,0,0
City Hotel,1,161,2017,May,18,5,0,2,2,0.0,0,BB,PRT,Groups,TA/TO,0,0,0,A,A,0,Non Refund,30.0,0,Transient,120.0,0,0
City Hotel,1,7,2017,May,18,5,0,2,2,0.0,0,SC,ESP,Online TA,TA/TO,0,0,0,A,A,0,No Deposit,9.0,0,Transient,150.0,0,2
City Hotel,1,83,2017,May,18,5,0,2,2,0.0,0,BB,IRL,Online TA,TA/TO,0,0,0,D,D,0,No Deposit,9.0,0,Transient,135.0,0,0
City Hotel,1,123,2017,May,18,5,0,2,2,0.0,0,BB,GBR,Online TA,TA/TO,0,0,0,A,A,0,No Deposit,9.0,0,Transient,126.0,0,0
City Hotel,1,161,2017,May,18,5,0,2,2,0.0,0,BB,PRT,Groups,TA/TO,0,0,0,A,A,0,Non Refund,30.0,0,Transient,120.0,0,0
City Hotel,1,161,2017,May,18,5,0,2,2,0.0,0,BB,PRT,Groups,TA/TO,0,0,0,A,A,0,Non Refund,30.0,0,Transient,120.0,0,0
City Hotel,1,77,2017,May,18,5,0,2,2,0.0,0,BB,IRL,Online TA,TA/TO,0,0,0,E,E,0,No Deposit,9.0,0,Transient,162.0,0,0
City Hotel,1,108,2017,May,18,5,0,2,2,0.0,0,BB,ESP,Online TA,TA/TO,0,0,0,A,A,0,No Deposit,9.0,0,Transient,126.0,0,0
City Hotel,1,161,2017,May,18,5,0,2,2,0.0,0,BB,PRT,Groups,TA/TO,0,0,0,A,A,0,Non Refund,30.0,0,Transient,120.0,0,0
City Hotel,1,161,2017,May,18,5,0,2,2,0.0,0,BB,PRT,Groups,TA/TO,0,0,0,A,A,0,Non Refund,30.0,0,Transient,120.0,0,0
City Hotel,1,161,2017,May,18,5,0,2,2,0.0,0,BB,PRT,Groups,TA/TO,0,0,0,A,A,0,Non Refund,30.0,0,Transient,120.0,0,0
City Hotel,1,161,2017,May,18,5,0,2,2,0.0,0,BB,PRT,Groups,TA/TO,0,0,0,A,A,0,Non Refund,30.0,0,Transient,120.0,0,0
City Hotel,1,15,2017,May,18,5,0,2,2,0.0,0,SC,FRA,Online TA,TA/TO,0,0,0,A,A,0,No Deposit,9.0,0,Transient,150.0,0,1
City Hotel,1,161,2017,May,18,5,0,2,2,0.0,0,BB,PRT,Groups,TA/TO,0,0,0,A,A,0,Non Refund,30.0,0,Transient,120.0,0,0
City Hotel,1,121,2017,May,18,5,1,2,2,0.0,0,SC,BRA,Online TA,TA/TO,0,0,0,A,A,0,No Deposit,9.0,0,Transient,108.0,0,0
City Hotel,1,13,2017,May,18,5,1,2,2,0.0,0,SC,COL,Online TA,TA/TO,0,0,0,A,A,0,No Deposit,9.0,0,Transient,150.0,0,0
City Hotel,1,49,2017,May,18,5,1,2,2,0.0,0,SC,GBR,Online TA,TA/TO,0,0,0,A,A,0,No Deposit,9.0,0,Transient,134.1,0,0
City Hotel,1,150,2017,May,18,5,1,2,2,0.0,0,BB,BEL,Online TA,TA/TO,0,0,0,D,D,0,No Deposit,9.0,0,Transient,139.5,0,1
City Hotel,1,206,2017,May,18,5,1,2,2,0.0,0,SC,AUT,Online TA,TA/TO,0,0,0,A,A,0,No Deposit,9.0,0,Transient,99.0,0,3
City Hotel,1,111,2017,May,18,5,1,2,2,0.0,0,BB,GBR,Direct,Direct,0,0,0,A,A,1,No Deposit,14.0,0,Transient,130.0,0,0
City Hotel,1,189,2017,May,18,5,1,2,2,0.0,0,BB,PRT,Groups,TA/TO,0,0,0,A,A,0,No Deposit,3.0,0,Transient-Party,100.0,0,0
City Hotel,1,189,2017,May,18,5,1,2,2,0.0,0,BB,PRT,Groups,TA/TO,0,0,0,A,A,0,No Deposit,3.0,0,Transient-Party,100.0,0,0
City Hotel,1,116,2017,May,18,5,1,2,2,0.0,0,BB,FRA,Online TA,TA/TO,0,0,0,A,A,0,No Deposit,9.0,0,Transient,126.0,0,0
City Hotel,1,9,2017,May,18,5,1,2,2,0.0,0,SC,FRA,Online TA,TA/TO,0,0,0,A,A,0,No Deposit,9.0,0,Transient,150.0,0,1
City Hotel,1,189,2017,May,18,5,1,2,2,0.0,0,BB,PRT,Groups,TA/TO,0,0,0,A,A,0,No Deposit,3.0,0,Transient-Party,100.0,0,0
City Hotel,1,104,2017,May,18,5,1,2,2,0.0,0,HB,FRA,Online TA,TA/TO,0,0,0,A,A,0,No Deposit,9.0,0,Transient,162.0,0,0
City Hotel,1,58,2017,May,18,5,1,2,2,0.0,0,SC,DEU,Online TA,TA/TO,0,0,0,A,A,0,No Deposit,9.0,0,Transient,126.0,0,0
City Hotel,1,85,2017,May,18,5,1,2,2,0.0,0,BB,GBR,Online TA,TA/TO,0,0,0,E,E,0,No Deposit,9.0,0,Transient,162.0,0,0
City Hotel,1,81,2017,May,18,5,1,2,2,0.0,0,BB,FRA,Online TA,TA/TO,0,0,0,E,E,0,No Deposit,9.0,0,Transient,162.0,0,0
City Hotel,1,168,2017,May,18,5,1,2,2,0.0,0,BB,BRA,Online TA,TA/TO,0,0,0,D,D,0,No Deposit,9.0,0,Transient,130.5,0,0
City Hotel,1,189,2017,May,18,5,1,2,2,0.0,0,BB,PRT,Groups,TA/TO,0,0,0,A,A,0,No Deposit,3.0,0,Transient-Party,100.0,0,0
City Hotel,1,189,2017,May,18,5,1,2,2,0.0,0,BB,PRT,Groups,TA/TO,0,0,0,A,A,0,No Deposit,3.0,0,Transient-Party,100.0,0,0
City Hotel,1,260,2017,May,18,5,1,2,2,0.0,0,HB,ESP,Online TA,TA/TO,0,0,0,A,A,0,No Deposit,9.0,0,Transient,136.2,0,1
City Hotel,1,81,2017,May,18,5,1,2,2,0.0,0,BB,FRA,Online TA,TA/TO,0,0,0,E,E,0,No Deposit,9.0,0,Transient,162.0,0,0
City Hotel,1,17,2017,May,18,5,1,2,2,0.0,0,SC,KOR,Online TA,TA/TO,0,0,0,A,A,0,No Deposit,9.0,0,Transient,150.0,0,0
City Hotel,1,93,2017,May,18,5,1,2,2,0.0,0,BB,BEL,Online TA,TA/TO,0,0,0,D,D,0,No Deposit,9.0,0,Transient,135.0,0,0
City Hotel,1,85,2017,May,18,5,1,2,2,0.0,0,BB,TUR,Online TA,TA/TO,0,0,0,D,D,0,No Deposit,9.0,0,Transient,135.0,0,0
City Hotel,1,116,2017,May,18,5,1,2,2,0.0,0,BB,FRA,Online TA,TA/TO,0,0,0,A,A,0,No Deposit,9.0,0,Transient,126.0,0,0
City Hotel,1,111,2017,May,18,5,1,2,2,0.0,0,BB,FRA,Online TA,TA/TO,0,0,0,A,A,0,No Deposit,9.0,0,Transient,126.0,0,0
City Hotel,1,189,2017,May,18,5,1,2,2,0.0,0,BB,PRT,Groups,TA/TO,0,0,0,A,A,0,No Deposit,3.0,0,Transient-Party,100.0,0,0
City Hotel,1,175,2017,May,18,5,1,2,2,0.0,0,SC,FRA,Online TA,TA/TO,0,0,0,A,A,0,No Deposit,9.0,0,Transient,99.0,0,0
City Hotel,1,165,2017,May,18,5,1,2,2,0.0,0,BB,PRT,Offline TA/TO,TA/TO,0,0,0,A,A,0,No Deposit,28.0,0,Transient,89.1,0,0
City Hotel,1,23,2017,May,18,5,1,2,2,0.0,0,SC,FRA,Online TA,TA/TO,0,0,0,A,A,0,No Deposit,9.0,0,Transient,149.0,0,1
City Hotel,1,15,2017,May,18,5,1,2,2,0.0,0,SC,FRA,Online TA,TA/TO,0,0,0,A,A,0,No Deposit,9.0,0,Transient,150.0,0,1
City Hotel,1,99,2017,May,18,5,1,2,2,0.0,0,BB,ITA,Online TA,TA/TO,0,0,0,D,D,0,No Deposit,9.0,0,Transient,135.0,0,0
City Hotel,1,260,2017,May,18,5,1,2,2,0.0,0,HB,ESP,Online TA,TA/TO,0,0,0,A,A,0,No Deposit,9.0,0,Transient,136.2,0,1
City Hotel,1,175,2017,May,18,5,1,2,2,0.0,0,SC,FRA,Online TA,TA/TO,0,0,0,A,A,0,No Deposit,9.0,0,Transient,99.0,0,0
City Hotel,1,189,2017,May,18,5,1,2,2,0.0,0,BB,PRT,Groups,TA/TO,0,0,0,A,A,0,No Deposit,3.0,0,Transient-Party,100.0,0,0
City Hotel,1,189,2017,May,18,5,1,2,2,0.0,0,BB,PRT,Groups,TA/TO,0,0,0,A,A,0,No Deposit,3.0,0,Transient-Party,100.0,0,0
City Hotel,1,85,2017,May,18,5,1,2,2,0.0,0,BB,TUR,Online TA,TA/TO,0,0,0,D,D,0,No Deposit,9.0,0,Transient,135.0,0,0
City Hotel,1,81,2017,May,18,5,1,2,2,0.0,0,BB,GBR,Online TA,TA/TO,0,0,0,E,E,0,No Deposit,9.0,0,Transient,162.0,0,0
City Hotel,1,16,2017,May,18,5,1,2,2,0.0,0,HB,FRA,Online TA,TA/TO,0,0,0,D,D,0,No Deposit,9.0,0,Transient,277.0,0,1
City Hotel,1,81,2017,May,18,5,1,2,2,0.0,0,BB,FRA,Online TA,TA/TO,0,0,0,E,E,0,No Deposit,9.0,0,Transient,162.0,0,0
City Hotel,1,98,2017,May,18,5,1,2,2,0.0,0,BB,FRA,Online TA,TA/TO,0,0,0,D,D,0,No Deposit,9.0,0,Transient,135.0,0,0
City Hotel,1,165,2017,May,18,5,1,2,2,0.0,0,BB,PRT,Offline TA/TO,TA/TO,0,0,0,A,A,0,No Deposit,28.0,0,Transient,89.1,0,0
City Hotel,1,117,2017,May,18,5,1,2,2,0.0,0,SC,IRL,Online TA,TA/TO,0,0,0,A,A,0,No Deposit,9.0,0,Transient,108.0,0,1
City Hotel,1,182,2017,May,18,5,2,2,2,0.0,0,BB,DEU,Online TA,TA/TO,0,0,0,D,D,0,No Deposit,9.0,0,Transient,130.5,0,2
City Hotel,1,206,2017,May,18,5,2,2,2,0.0,0,SC,GBR,Online TA,TA/TO,0,0,0,A,A,0,No Deposit,9.0,0,Transient,99.0,0,1
City Hotel,1,233,2017,May,18,5,2,2,2,0.0,0,HB,BRA,Online TA,TA/TO,0,0,0,A,A,0,No Deposit,9.0,0,Transient,130.6,0,0
City Hotel,1,15,2017,May,18,5,2,2,2,0.0,0,SC,FRA,Online TA,TA/TO,0,0,0,A,A,0,No Deposit,9.0,0,Transient,150.0,0,1
City Hotel,1,206,2017,May,18,5,2,2,2,0.0,0,SC,GBR,Online TA,TA/TO,0,0,0,A,A,0,No Deposit,9.0,0,Transient,99.0,0,1
City Hotel,1,206,2017,May,18,5,2,2,2,0.0,0,SC,GBR,Online TA,TA/TO,0,0,0,A,A,0,No Deposit,9.0,0,Transient,99.0,0,1
City Hotel,1,172,2017,May,18,5,2,2,2,0.0,0,BB,GBR,Online TA,TA/TO,0,0,0,D,D,0,No Deposit,9.0,0,Transient,130.5,0,3
City Hotel,1,117,2017,May,18,5,2,2,2,0.0,0,BB,FRA,Online TA,TA/TO,0,0,0,A,A,0,No Deposit,9.0,0,Transient,126.0,0,1
City Hotel,1,8,2017,May,18,5,2,2,2,0.0,0,BB,PRT,Offline TA/TO,TA/TO,0,0,0,A,A,0,No Deposit,1.0,0,Transient,99.0,0,2
City Hotel,1,189,2017,May,18,5,1,2,2,0.0,0,BB,PRT,Groups,TA/TO,0,0,0,A,A,0,No Deposit,3.0,0,Transient-Party,100.0,0,0
City Hotel,1,189,2017,May,18,5,1,2,2,0.0,0,BB,PRT,Groups,TA/TO,0,0,0,A,A,0,No Deposit,3.0,0,Transient-Party,100.0,0,0
City Hotel,1,206,2017,May,18,5,2,2,2,0.0,0,SC,GBR,Online TA,TA/TO,0,0,0,A,A,0,No Deposit,9.0,0,Transient,99.0,0,1
City Hotel,1,9,2017,May,18,5,2,2,2,0.0,0,SC,BRA,Online TA,TA/TO,0,0,0,A,A,0,No Deposit,9.0,0,Transient,150.0,0,1
City Hotel,1,102,2017,May,18,5,2,2,2,0.0,0,SC,FRA,Online TA,TA/TO,0,0,0,A,A,0,No Deposit,9.0,0,Transient,108.0,0,0
City Hotel,1,56,2017,May,18,5,2,6,2,0.0,0,SC,RUS,Online TA,TA/TO,0,0,0,A,A,2,No Deposit,9.0,0,Transient,132.25,0,0
City Hotel,1,78,2017,May,18,5,2,6,2,0.0,0,BB,NOR,Online TA,TA/TO,0,0,0,E,E,0,No Deposit,9.0,0,Transient,164.25,0,2
City Hotel,1,39,2017,May,18,5,2,3,2,0.0,0,SC,UKR,Online TA,TA/TO,0,0,0,A,A,0,No Deposit,9.0,0,Transient,149.0,0,0
City Hotel,1,90,2017,May,18,6,0,1,2,0.0,0,SC,FRA,Online TA,TA/TO,0,0,0,A,A,0,No Deposit,9.0,0,Transient,108.0,0,0
City Hotel,1,55,2017,May,18,6,0,1,2,0.0,0,SC,PRT,Online TA,TA/TO,0,0,0,A,A,0,No Deposit,7.0,0,Transient,100.8,0,0
City Hotel,1,99,2017,May,18,6,1,1,2,0.0,0,BB,FRA,Online TA,TA/TO,0,0,0,D,D,0,No Deposit,9.0,0,Transient,135.0,0,0
City Hotel,1,102,2017,May,18,6,1,1,2,0.0,0,BB,IRL,Online TA,TA/TO,0,0,0,A,A,0,No Deposit,9.0,0,Transient,126.0,0,1
City Hotel,1,99,2017,May,18,6,1,1,2,0.0,0,BB,FRA,Online TA,TA/TO,0,0,0,D,D,0,No Deposit,9.0,0,Transient,135.0,0,0
City Hotel,1,67,2017,May,18,6,1,1,2,0.0,0,BB,FRA,Online TA,TA/TO,0,0,0,A,A,0,No Deposit,9.0,0,Transient,144.0,0,0
City Hotel,1,31,2017,May,18,6,1,1,2,0.0,0,BB,GBR,Online TA,TA/TO,0,0,0,A,A,0,No Deposit,9.0,0,Transient,169.0,0,1
City Hotel,1,134,2017,May,18,6,1,1,2,0.0,0,BB,FRA,Online TA,TA/TO,0,0,0,A,A,0,No Deposit,9.0,0,Transient,126.0,0,1
City Hotel,1,196,2017,May,18,6,1,1,2,0.0,0,BB,FRA,Online TA,TA/TO,0,0,0,A,A,0,No Deposit,9.0,0,Transient,117.0,0,2
City Hotel,1,155,2017,May,18,6,1,1,2,0.0,0,SC,FRA,Online TA,TA/TO,0,0,0,A,A,0,No Deposit,9.0,0,Transient,108.0,0,0
City Hotel,1,163,2017,May,18,6,1,1,2,0.0,0,BB,IRL,Direct,Direct,0,0,0,A,A,0,No Deposit,14.0,0,Transient,99.0,0,1
City Hotel,1,236,2017,May,18,6,1,1,2,0.0,0,HB,FRA,Online TA,TA/TO,0,0,0,A,A,0,No Deposit,9.0,0,Transient,159.6,0,1
City Hotel,1,169,2017,May,18,6,2,1,2,0.0,0,BB,GBR,Online TA,TA/TO,0,0,0,A,A,0,No Deposit,9.0,0,Transient,117.0,0,0
City Hotel,1,407,2017,May,18,6,2,1,2,0.0,0,BB,PRT,Offline TA/TO,TA/TO,0,0,0,A,A,0,Non Refund,229.0,0,Transient,90.0,0,0
City Hotel,1,93,2017,May,18,6,2,1,2,0.0,0,BB,BEL,Online TA,TA/TO,0,0,0,D,D,0,No Deposit,9.0,0,Transient,135.0,0,0
City Hotel,1,169,2017,May,18,6,2,1,2,0.0,0,BB,AUT,Online TA,TA/TO,0,0,0,A,A,0,No Deposit,9.0,0,Transient,117.0,0,0
City Hotel,1,407,2017,May,18,6,2,1,2,0.0,0,BB,PRT,Offline TA/TO,TA/TO,0,0,0,A,A,0,Non Refund,229.0,0,Transient,90.0,0,0
City Hotel,1,407,2017,May,18,6,2,1,2,0.0,0,BB,PRT,Offline TA/TO,TA/TO,0,0,0,A,A,0,Non Refund,229.0,0,Transient,90.0,0,0
City Hotel,1,407,2017,May,18,6,2,1,2,0.0,0,BB,PRT,Offline TA/TO,TA/TO,0,0,0,A,A,0,Non Refund,229.0,0,Transient,90.0,0,0
City Hotel,1,407,2017,May,18,6,2,1,2,0.0,0,BB,PRT,Offline TA/TO,TA/TO,0,0,0,A,A,0,Non Refund,229.0,0,Transient,90.0,0,0
City Hotel,1,407,2017,May,18,6,2,1,2,0.0,0,BB,PRT,Offline TA/TO,TA/TO,0,0,0,A,A,0,Non Refund,229.0,0,Transient,90.0,0,0
City Hotel,1,407,2017,May,18,6,2,1,2,0.0,0,BB,PRT,Offline TA/TO,TA/TO,0,0,0,A,A,0,Non Refund,229.0,0,Transient,90.0,0,0
City Hotel,1,407,2017,May,18,6,2,1,2,0.0,0,BB,PRT,Offline TA/TO,TA/TO,0,0,0,A,A,0,Non Refund,229.0,0,Transient,90.0,0,0
City Hotel,1,407,2017,May,18,6,2,1,2,0.0,0,BB,PRT,Offline TA/TO,TA/TO,0,0,0,A,A,0,Non Refund,229.0,0,Transient,90.0,0,0
City Hotel,1,117,2017,May,18,6,2,1,2,0.0,0,SC,GBR,Online TA,TA/TO,0,0,0,A,A,0,No Deposit,83.0,0,Transient,96.0,0,0
City Hotel,1,169,2017,May,18,6,2,1,2,0.0,0,BB,GBR,Online TA,TA/TO,0,0,0,A,A,0,No Deposit,9.0,0,Transient,117.0,0,0
City Hotel,1,93,2017,May,18,6,2,1,2,0.0,0,BB,BEL,Online TA,TA/TO,0,0,0,D,D,0,No Deposit,9.0,0,Transient,135.0,0,0
City Hotel,1,407,2017,May,18,6,2,1,2,0.0,0,BB,PRT,Offline TA/TO,TA/TO,0,0,0,A,A,0,Non Refund,229.0,0,Transient,90.0,0,0
City Hotel,1,407,2017,May,18,6,2,1,2,0.0,0,BB,PRT,Offline TA/TO,TA/TO,0,0,0,A,A,0,Non Refund,229.0,0,Transient,90.0,0,0
City Hotel,1,93,2017,May,18,6,2,1,2,0.0,0,BB,BEL,Online TA,TA/TO,0,0,0,D,D,0,No Deposit,9.0,0,Transient,135.0,0,0
City Hotel,1,86,2017,May,18,6,2,1,2,0.0,0,BB,GBR,Online TA,TA/TO,0,0,0,E,E,0,No Deposit,9.0,0,Transient,162.0,0,0
City Hotel,1,407,2017,May,18,6,2,1,2,0.0,0,BB,PRT,Offline TA/TO,TA/TO,0,0,0,A,A,0,Non Refund,229.0,0,Transient,90.0,0,0
City Hotel,1,407,2017,May,18,6,2,1,2,0.0,0,BB,PRT,Offline TA/TO,TA/TO,0,0,0,A,A,0,Non Refund,229.0,0,Transient,90.0,0,0
City Hotel,1,407,2017,May,18,6,2,1,2,0.0,0,BB,PRT,Offline TA/TO,TA/TO,0,0,0,A,A,0,Non Refund,229.0,0,Transient,90.0,0,0
City Hotel,1,169,2017,May,18,6,2,1,2,0.0,0,BB,AUT,Online TA,TA/TO,0,0,0,A,A,0,No Deposit,9.0,0,Transient,117.0,0,0
City Hotel,1,407,2017,May,18,6,2,1,2,0.0,0,BB,PRT,Offline TA/TO,TA/TO,0,0,0,A,A,0,Non Refund,229.0,0,Transient,90.0,0,0
City Hotel,1,407,2017,May,18,6,2,1,2,0.0,0,BB,PRT,Offline TA/TO,TA/TO,0,0,0,A,A,0,Non Refund,229.0,0,Transient,90.0,0,0
City Hotel,1,407,2017,May,18,6,2,1,2,0.0,0,BB,PRT,Offline TA/TO,TA/TO,0,0,0,A,A,0,Non Refund,229.0,0,Transient,90.0,0,0
City Hotel,1,407,2017,May,18,6,2,1,2,0.0,0,BB,PRT,Offline TA/TO,TA/TO,0,0,0,A,A,0,Non Refund,229.0,0,Transient,90.0,0,0
City Hotel,1,407,2017,May,18,6,2,1,2,0.0,0,BB,PRT,Offline TA/TO,TA/TO,0,0,0,A,A,0,Non Refund,229.0,0,Transient,90.0,0,0
City Hotel,1,407,2017,May,18,6,2,1,2,0.0,0,BB,PRT,Offline TA/TO,TA/TO,0,0,0,A,A,0,Non Refund,229.0,0,Transient,90.0,0,0
City Hotel,1,117,2017,May,18,6,2,1,2,0.0,0,SC,GBR,Online TA,TA/TO,0,0,0,A,A,0,No Deposit,83.0,0,Transient,96.0,0,0
City Hotel,1,407,2017,May,18,6,2,1,2,0.0,0,BB,PRT,Offline TA/TO,TA/TO,0,0,0,A,A,0,Non Refund,229.0,0,Transient,90.0,0,0
City Hotel,1,407,2017,May,18,6,2,1,2,0.0,0,BB,PRT,Offline TA/TO,TA/TO,0,0,0,A,A,0,Non Refund,229.0,0,Transient,90.0,0,0
City Hotel,1,18,2017,May,18,6,2,1,2,0.0,0,SC,GBR,Online TA,TA/TO,0,0,0,A,A,0,No Deposit,9.0,0,Transient,150.0,0,1
City Hotel,1,407,2017,May,18,6,2,1,2,0.0,0,BB,PRT,Offline TA/TO,TA/TO,0,0,0,A,A,0,Non Refund,229.0,0,Transient,90.0,0,0
City Hotel,1,407,2017,May,18,6,2,1,2,0.0,0,BB,PRT,Offline TA/TO,TA/TO,0,0,0,A,A,0,Non Refund,229.0,0,Transient,90.0,0,0
City Hotel,1,169,2017,May,18,6,2,1,2,0.0,0,BB,AUT,Online TA,TA/TO,0,0,0,A,A,0,No Deposit,9.0,0,Transient,117.0,0,0
City Hotel,1,407,2017,May,18,6,2,1,2,0.0,0,BB,PRT,Offline TA/TO,TA/TO,0,0,0,A,A,0,Non Refund,229.0,0,Transient,90.0,0,0
City Hotel,1,407,2017,May,18,6,2,1,2,0.0,0,BB,PRT,Offline TA/TO,TA/TO,0,0,0,A,A,0,Non Refund,229.0,0,Transient,90.0,0,0
City Hotel,1,45,2017,May,18,6,2,2,2,0.0,0,BB,NLD,Online TA,TA/TO,0,0,0,A,A,0,No Deposit,9.0,0,Transient,152.1,0,0
City Hotel,1,93,2017,May,18,6,2,2,2,0.0,0,BB,POL,Online TA,TA/TO,0,0,0,D,D,0,No Deposit,9.0,0,Transient,135.0,0,0
City Hotel,1,109,2017,May,18,6,2,2,2,0.0,0,HB,PRT,Offline TA/TO,TA/TO,0,0,0,A,A,0,No Deposit,138.0,0,Transient,121.0,0,1
City Hotel,1,109,2017,May,18,6,2,2,2,0.0,0,HB,PRT,Offline TA/TO,TA/TO,0,0,0,A,A,0,No Deposit,138.0,0,Transient,121.0,0,1
City Hotel,1,109,2017,May,18,6,2,2,2,0.0,0,HB,PRT,Offline TA/TO,TA/TO,0,0,0,A,A,0,No Deposit,138.0,0,Transient,121.0,0,1
City Hotel,1,120,2017,May,18,6,2,2,2,0.0,0,SC,DEU,Online TA,TA/TO,0,0,0,A,A,0,No Deposit,9.0,0,Transient,108.0,0,1
City Hotel,1,76,2017,May,18,6,2,2,2,0.0,0,BB,FRA,Online TA,TA/TO,0,0,0,D,D,0,No Deposit,9.0,0,Transient,135.0,0,0
City Hotel,1,229,2017,May,18,6,2,2,2,0.0,0,BB,RUS,Online TA,TA/TO,0,0,0,D,D,2,No Deposit,9.0,0,Transient,134.13,0,1
City Hotel,1,109,2017,May,18,6,2,2,2,0.0,0,HB,PRT,Offline TA/TO,TA/TO,0,0,0,A,A,0,No Deposit,138.0,0,Transient,121.0,0,1
City Hotel,1,112,2017,May,18,6,2,3,2,0.0,0,SC,PRT,Online TA,TA/TO,0,0,0,A,A,0,No Deposit,7.0,0,Transient,83.16,0,1
City Hotel,1,95,2017,May,18,6,2,3,2,0.0,0,BB,IRL,Online TA,TA/TO,0,0,0,D,D,0,No Deposit,9.0,0,Transient,135.0,0,0
City Hotel,1,57,2017,May,18,6,2,3,2,0.0,0,BB,FRA,Online TA,TA/TO,0,0,0,A,A,0,No Deposit,9.0,0,Transient,144.0,0,0
City Hotel,1,112,2017,May,18,6,2,4,2,0.0,0,SC,IRL,Online TA,TA/TO,0,0,0,A,A,0,No Deposit,9.0,0,Transient,108.0,0,0
City Hotel,1,101,2017,May,18,6,2,4,2,0.0,0,BB,SWE,Online TA,TA/TO,0,0,0,D,D,0,No Deposit,9.0,0,Transient,135.0,0,2
City Hotel,1,91,2017,May,18,6,2,5,2,0.0,0,BB,DEU,Online TA,TA/TO,0,0,0,E,E,0,No Deposit,9.0,0,Transient,164.57,0,0
City Hotel,1,99,2017,May,18,6,2,6,2,0.0,0,BB,DEU,Online TA,TA/TO,0,0,0,D,D,0,No Deposit,9.0,0,Transient,139.5,0,0
City Hotel,1,156,2017,May,18,6,2,5,2,0.0,0,SC,BRA,Online TA,TA/TO,0,0,0,A,A,0,No Deposit,9.0,0,Transient,110.57,0,1
City Hotel,1,140,2017,May,19,7,1,0,2,0.0,0,SC,BRA,Online TA,TA/TO,0,0,0,A,A,0,No Deposit,9.0,0,Transient,108.0,0,2
City Hotel,1,117,2017,May,19,7,2,0,2,0.0,0,BB,GBR,Online TA,TA/TO,0,0,0,A,A,0,No Deposit,9.0,0,Transient,126.0,0,0
City Hotel,1,115,2017,May,19,7,2,0,2,0.0,0,BB,KOR,Online TA,TA/TO,0,0,0,A,A,0,No Deposit,9.0,0,Transient,126.0,0,0
City Hotel,1,117,2017,May,19,7,2,0,2,0.0,0,BB,GBR,Online TA,TA/TO,0,0,0,A,A,0,No Deposit,9.0,0,Transient,126.0,0,0
City Hotel,1,102,2017,May,19,7,2,0,2,0.0,0,SC,KOR,Online TA,TA/TO,0,0,0,A,A,0,No Deposit,9.0,0,Transient,108.0,0,0
City Hotel,1,40,2017,May,19,7,2,1,2,0.0,0,SC,USA,Online TA,TA/TO,0,0,0,A,A,0,No Deposit,9.0,0,Transient,149.0,0,0
City Hotel,1,197,2017,May,19,7,2,1,2,0.0,0,SC,BEL,Online TA,TA/TO,0,0,0,A,A,0,No Deposit,9.0,0,Transient,99.0,0,2
City Hotel,1,96,2017,May,19,7,2,1,2,0.0,0,BB,PHL,Direct,Direct,0,0,0,F,F,0,No Deposit,14.0,0,Transient,225.0,0,0
City Hotel,1,145,2017,May,19,7,2,1,2,0.0,0,SC,TUR,Online TA,TA/TO,0,0,0,A,A,0,No Deposit,9.0,0,Transient,108.0,0,1
City Hotel,1,88,2017,May,19,7,2,2,2,0.0,0,BB,PRT,Offline TA/TO,TA/TO,0,0,0,A,A,0,No Deposit,27.0,0,Transient,89.1,0,0
City Hotel,1,60,2017,May,19,7,2,2,2,0.0,0,BB,IRL,Online TA,TA/TO,0,0,0,A,A,0,No Deposit,9.0,0,Transient,144.0,0,0
City Hotel,1,172,2017,May,19,7,2,2,2,0.0,0,BB,FRA,Online TA,TA/TO,0,0,0,A,A,0,No Deposit,9.0,0,Transient,117.0,0,1
City Hotel,1,245,2017,May,19,7,2,2,2,0.0,0,BB,DEU,Online TA,TA/TO,0,0,0,A,A,0,No Deposit,9.0,0,Transient,117.0,0,2
City Hotel,1,245,2017,May,19,7,2,2,2,0.0,0,BB,DEU,Online TA,TA/TO,0,0,0,A,A,0,No Deposit,9.0,0,Transient,117.0,0,2
City Hotel,1,89,2017,May,19,7,2,2,2,0.0,0,BB,PRT,Offline TA/TO,TA/TO,0,0,0,A,A,0,No Deposit,27.0,0,Transient,89.1,0,0
City Hotel,1,110,2017,May,19,7,2,2,2,0.0,0,BB,BEL,Online TA,TA/TO,0,0,0,A,A,0,No Deposit,9.0,0,Transient,117.0,0,0
City Hotel,1,38,2017,May,19,7,2,2,2,0.0,0,SC,CHN,Online TA,TA/TO,0,0,0,A,A,0,No Deposit,9.0,0,Transient,134.1,0,0
City Hotel,1,245,2017,May,19,7,2,2,2,0.0,0,BB,DEU,Online TA,TA/TO,0,0,0,A,A,0,No Deposit,9.0,0,Transient,117.0,0,2
City Hotel,1,88,2017,May,19,7,2,2,2,0.0,0,BB,PRT,Offline TA/TO,TA/TO,0,0,0,A,A,0,No Deposit,27.0,0,Transient,89.1,0,0
City Hotel,1,88,2017,May,19,7,2,2,2,0.0,0,BB,PRT,Offline TA/TO,TA/TO,0,0,0,A,A,0,No Deposit,27.0,0,Transient,89.1,0,0
City Hotel,1,94,2017,May,19,7,2,3,2,0.0,0,BB,BRA,Online TA,TA/TO,0,0,0,D,D,0,No Deposit,9.0,0,Transient,135.0,0,0
City Hotel,1,46,2017,May,19,7,2,3,2,0.0,0,BB,CHE,Online TA,TA/TO,0,0,0,D,D,0,No Deposit,9.0,0,Transient,166.68,0,0
City Hotel,1,94,2017,May,19,7,2,3,2,0.0,0,BB,BRA,Online TA,TA/TO,0,0,0,D,D,0,No Deposit,9.0,0,Transient,135.0,0,0
City Hotel,1,94,2017,May,19,7,2,3,2,0.0,0,BB,BRA,Online TA,TA/TO,0,0,0,D,D,0,No Deposit,9.0,0,Transient,135.0,0,0
City Hotel,1,94,2017,May,19,7,2,3,2,0.0,0,BB,BRA,Online TA,TA/TO,0,0,0,D,D,0,No Deposit,9.0,0,Transient,135.0,0,0
City Hotel,1,86,2017,May,19,7,2,3,2,0.0,0,BB,FRA,Online TA,TA/TO,0,0,0,D,D,0,No Deposit,9.0,0,Transient,135.0,0,0
City Hotel,1,207,2017,May,19,7,2,3,2,0.0,0,SC,AUT,Online TA,TA/TO,0,0,0,A,A,0,No Deposit,9.0,0,Transient,104.22,0,0
City Hotel,1,105,2017,May,19,7,2,4,2,0.0,0,HB,GBR,Online TA,TA/TO,0,0,0,E,E,0,No Deposit,9.0,0,Transient,223.33,0,0
City Hotel,1,100,2017,May,19,7,2,4,2,0.0,0,BB,BRA,Online TA,TA/TO,0,0,0,D,D,0,No Deposit,9.0,0,Transient,138.0,0,2
City Hotel,1,80,2017,May,19,7,2,4,2,0.0,0,BB,GBR,Online TA,TA/TO,0,0,0,D,D,0,No Deposit,9.0,0,Transient,138.0,0,0
City Hotel,1,105,2017,May,19,7,2,4,2,0.0,0,HB,GBR,Direct,Direct,0,0,0,E,E,1,No Deposit,14.0,0,Transient,216.33,0,1
City Hotel,1,12,2017,May,19,7,4,6,2,0.0,0,BB,PRT,Online TA,TA/TO,0,0,0,D,D,0,No Deposit,7.0,0,Transient,144.8,0,1
City Hotel,1,3,2017,May,19,8,1,0,2,0.0,0,HB,PRT,Online TA,TA/TO,0,0,0,D,D,0,No Deposit,9.0,0,Transient,198.0,0,1
City Hotel,1,123,2017,May,19,8,1,0,2,0.0,0,SC,PRT,Online TA,TA/TO,0,0,0,A,A,0,No Deposit,8.0,0,Transient,108.0,0,1
City Hotel,1,20,2017,May,19,8,1,0,2,0.0,0,SC,FRA,Online TA,TA/TO,0,0,0,A,A,0,No Deposit,9.0,0,Transient,150.0,0,1
City Hotel,1,0,2017,May,19,8,1,1,2,0.0,0,BB,CN,Direct,Direct,0,0,0,D,D,0,No Deposit,14.0,0,Transient,139.5,0,0
City Hotel,1,166,2017,May,19,8,1,1,2,0.0,0,SC,GBR,Online TA,TA/TO,0,0,0,A,A,0,No Deposit,9.0,0,Transient,99.0,0,1
City Hotel,1,127,2017,May,19,8,1,1,2,0.0,0,BB,GBR,Online TA,TA/TO,0,0,0,A,A,0,No Deposit,9.0,0,Transient,126.0,0,1
City Hotel,1,170,2017,May,19,8,1,1,2,0.0,0,BB,DEU,Online TA,TA/TO,0,0,0,D,D,0,No Deposit,9.0,0,Transient,130.5,0,0
City Hotel,1,170,2017,May,19,8,1,1,2,0.0,0,BB,DEU,Online TA,TA/TO,0,0,0,D,D,0,No Deposit,9.0,0,Transient,130.5,0,0
City Hotel,1,28,2017,May,19,8,1,2,2,0.0,0,BB,PRT,Groups,TA/TO,0,0,0,A,A,0,No Deposit,39.0,0,Transient-Party,140.0,0,0
City Hotel,1,97,2017,May,19,8,1,2,2,0.0,0,SC,HRV,Online TA,TA/TO,0,0,0,A,A,0,No Deposit,7.0,0,Transient,79.0,0,1
City Hotel,1,27,2017,May,19,8,1,2,2,0.0,0,BB,NOR,Online TA,TA/TO,0,0,0,D,D,0,No Deposit,9.0,0,Transient,179.0,0,1
City Hotel,1,97,2017,May,19,8,1,2,2,0.0,0,BB,PRT,Online TA,TA/TO,0,0,0,A,A,0,No Deposit,8.0,0,Transient,126.0,0,0
City Hotel,1,49,2017,May,19,8,1,2,2,0.0,0,BB,PHL,Direct,Direct,0,0,0,D,D,0,No Deposit,14.0,0,Transient,156.6,0,0
City Hotel,1,27,2017,May,19,8,1,2,2,0.0,0,BB,BRA,Online TA,TA/TO,0,0,0,D,D,0,No Deposit,9.0,0,Transient,179.0,0,1
City Hotel,1,106,2017,May,19,8,1,2,2,0.0,0,BB,PRT,Offline TA/TO,TA/TO,0,0,0,A,A,0,No Deposit,138.0,0,Transient,89.1,0,1
City Hotel,1,142,2017,May,19,8,1,2,2,0.0,0,BB,LUX,Online TA,TA/TO,0,0,0,A,A,0,No Deposit,9.0,0,Transient,126.0,0,2
City Hotel,1,102,2017,May,19,8,1,2,2,0.0,0,BB,RUS,Online TA,TA/TO,0,0,0,A,A,0,No Deposit,9.0,0,Transient,117.0,0,2
City Hotel,1,5,2017,May,19,8,1,2,2,0.0,0,BB,PRT,Groups,TA/TO,0,0,0,A,A,0,No Deposit,39.0,0,Transient-Party,130.0,0,0
City Hotel,1,18,2017,May,19,8,1,3,2,0.0,0,BB,PRT,Groups,TA/TO,0,0,0,A,A,0,No Deposit,30.0,0,Transient,127.5,0,0
City Hotel,1,173,2017,May,19,8,1,3,2,0.0,0,SC,PRT,Online TA,TA/TO,0,0,0,A,A,0,No Deposit,83.0,0,Transient,84.6,0,0
City Hotel,1,178,2017,May,19,8,1,3,2,0.0,0,SC,FRA,Online TA,TA/TO,0,0,0,A,A,0,No Deposit,83.0,0,Transient,84.6,0,0
City Hotel,1,85,2017,May,19,8,1,3,2,0.0,0,BB,FRA,Online TA,TA/TO,0,0,0,A,A,0,No Deposit,9.0,0,Transient,126.0,0,0
City Hotel,1,181,2017,May,19,8,1,3,2,0.0,0,BB,DEU,Online TA,TA/TO,0,0,0,A,A,0,No Deposit,9.0,0,Transient,123.53,0,2
City Hotel,1,124,2017,May,19,8,1,3,2,0.0,0,BB,NLD,Online TA,TA/TO,0,0,0,A,A,0,No Deposit,9.0,0,Transient,126.0,0,0
City Hotel,1,287,2017,May,19,8,1,3,2,0.0,0,BB,BRA,Online TA,TA/TO,0,0,0,A,A,0,No Deposit,9.0,0,Transient,116.33,0,1
City Hotel,1,287,2017,May,19,8,1,3,2,0.0,0,BB,BRA,Online TA,TA/TO,0,0,0,A,A,0,No Deposit,9.0,0,Transient,116.33,0,1
City Hotel,1,84,2017,May,19,8,1,3,2,0.0,0,BB,PHL,Online TA,TA/TO,0,0,0,A,A,0,No Deposit,9.0,0,Transient,126.0,0,0
City Hotel,1,60,2017,May,19,8,1,3,2,0.0,0,SC,FRA,Online TA,TA/TO,0,0,0,A,A,0,No Deposit,9.0,0,Transient,130.5,0,0
City Hotel,1,62,2017,May,19,8,1,3,2,0.0,0,BB,PRT,Offline TA/TO,TA/TO,0,0,0,A,A,0,No Deposit,262.0,0,Transient,99.0,0,0
City Hotel,1,95,2017,May,19,8,1,3,2,0.0,0,SC,GBR,Online TA,TA/TO,0,0,0,A,A,0,No Deposit,9.0,0,Transient,108.0,0,0
City Hotel,1,47,2017,May,19,8,1,4,2,0.0,0,BB,BRA,Online TA,TA/TO,0,0,0,D,D,0,Refundable,9.0,0,Transient,172.26,0,3
City Hotel,1,37,2017,May,19,8,1,4,2,0.0,0,BB,ITA,Online TA,TA/TO,0,0,0,D,D,0,No Deposit,9.0,0,Transient,191.4,0,1
City Hotel,1,62,2017,May,19,8,2,5,2,0.0,0,BB,PRT,Offline TA/TO,TA/TO,0,0,0,F,F,0,No Deposit,57.0,0,Transient,228.21,0,0
City Hotel,1,212,2017,May,19,8,2,5,2,0.0,0,SC,BRA,Online TA,TA/TO,0,0,0,A,A,0,No Deposit,9.0,0,Transient,111.34,0,0
City Hotel,1,62,2017,May,19,8,2,5,2,0.0,0,BB,PRT,Offline TA/TO,TA/TO,0,0,0,B,B,0,No Deposit,57.0,0,Transient,136.22,0,0
City Hotel,1,177,2017,May,19,8,1,5,2,0.0,0,BB,FRA,Direct,Direct,0,0,0,A,A,0,No Deposit,14.0,0,Transient,112.5,0,2
City Hotel,1,82,2017,May,19,8,1,5,2,0.0,0,BB,DEU,Online TA,TA/TO,0,0,0,D,D,0,No Deposit,9.0,0,Transient,141.0,0,0
City Hotel,1,62,2017,May,19,8,2,5,2,0.0,0,BB,PRT,Offline TA/TO,TA/TO,0,0,0,F,F,0,No Deposit,57.0,0,Transient,228.21,0,0
City Hotel,1,62,2017,May,19,8,2,5,2,0.0,0,BB,PRT,Offline TA/TO,TA/TO,0,0,0,B,B,0,No Deposit,57.0,0,Transient,136.22,0,0
City Hotel,1,130,2017,May,19,8,2,5,2,0.0,0,BB,ESP,Online TA,TA/TO,0,0,0,D,D,0,No Deposit,9.0,0,Transient,144.64,0,1
City Hotel,1,62,2017,May,19,8,2,5,2,0.0,0,BB,PRT,Offline TA/TO,TA/TO,0,0,0,F,F,0,No Deposit,57.0,0,Transient,228.21,0,0
City Hotel,1,5,2017,May,19,9,0,1,2,0.0,0,BB,PRT,Groups,Corporate,0,0,0,A,A,0,Non Refund,47.0,0,Transient,90.0,0,0
City Hotel,1,5,2017,May,19,9,0,1,2,0.0,0,BB,PRT,Groups,Corporate,0,0,0,A,A,0,Non Refund,47.0,0,Transient,90.0,0,0
City Hotel,1,5,2017,May,19,9,0,1,2,0.0,0,BB,PRT,Groups,Corporate,0,0,0,A,A,0,Non Refund,47.0,0,Transient,90.0,0,0
City Hotel,1,410,2017,May,19,9,0,1,2,0.0,0,BB,PRT,Offline TA/TO,TA/TO,0,0,0,A,A,0,Non Refund,229.0,0,Transient,90.0,0,0
City Hotel,1,5,2017,May,19,9,0,1,2,0.0,0,BB,PRT,Groups,Corporate,0,0,0,A,A,0,Non Refund,47.0,0,Transient,90.0,0,0
City Hotel,1,273,2017,May,19,9,0,1,2,0.0,0,BB,PRT,Offline TA/TO,TA/TO,0,0,0,A,A,0,No Deposit,6.0,0,Transient,89.1,0,0
City Hotel,1,18,2017,May,19,9,0,1,2,0.0,0,SC,PRT,Online TA,TA/TO,0,0,0,A,A,0,No Deposit,9.0,0,Transient,150.0,0,1
City Hotel,1,5,2017,May,19,9,0,1,2,0.0,0,BB,PRT,Groups,Corporate,0,0,0,A,A,0,Non Refund,47.0,0,Transient,90.0,0,0
City Hotel,1,410,2017,May,19,9,0,1,2,0.0,0,BB,PRT,Offline TA/TO,TA/TO,0,0,0,A,A,0,Non Refund,229.0,0,Transient,90.0,0,0
City Hotel,1,410,2017,May,19,9,0,1,2,0.0,0,BB,PRT,Offline TA/TO,TA/TO,0,0,0,A,A,0,Non Refund,229.0,0,Transient,90.0,0,0
City Hotel,1,410,2017,May,19,9,0,1,2,0.0,0,BB,PRT,Offline TA/TO,TA/TO,0,0,0,A,A,0,Non Refund,229.0,0,Transient,90.0,0,0
City Hotel,1,14,2017,May,19,9,0,1,2,0.0,0,SC,PRT,Online TA,TA/TO,0,0,0,A,A,0,No Deposit,9.0,0,Transient,150.0,0,1
City Hotel,1,410,2017,May,19,9,0,1,2,0.0,0,BB,PRT,Offline TA/TO,TA/TO,0,0,0,A,A,0,Non Refund,229.0,0,Transient,90.0,0,0
City Hotel,1,5,2017,May,19,9,0,1,2,0.0,0,BB,PRT,Groups,Corporate,0,0,0,A,A,0,Non Refund,47.0,0,Transient,90.0,0,0
City Hotel,1,5,2017,May,19,9,0,1,2,0.0,0,BB,PRT,Groups,Corporate,0,0,0,A,A,0,Non Refund,47.0,0,Transient,90.0,0,0
City Hotel,1,5,2017,May,19,9,0,1,2,0.0,0,BB,PRT,Groups,Corporate,0,0,0,A,A,0,Non Refund,47.0,0,Transient,90.0,0,0
City Hotel,1,5,2017,May,19,9,0,1,2,0.0,0,BB,PRT,Groups,Corporate,0,0,0,A,A,0,Non Refund,47.0,0,Transient,90.0,0,0
City Hotel,1,410,2017,May,19,9,0,1,2,0.0,0,BB,PRT,Offline TA/TO,TA/TO,0,0,0,A,A,0,Non Refund,229.0,0,Transient,90.0,0,0
City Hotel,1,410,2017,May,19,9,0,1,2,0.0,0,BB,PRT,Offline TA/TO,TA/TO,0,0,0,A,A,0,Non Refund,229.0,0,Transient,90.0,0,0
City Hotel,1,273,2017,May,19,9,0,1,2,0.0,0,BB,PRT,Offline TA/TO,TA/TO,0,0,0,A,A,0,No Deposit,6.0,0,Transient,89.1,0,0
City Hotel,1,5,2017,May,19,9,0,1,2,0.0,0,BB,PRT,Groups,Corporate,0,0,0,A,A,0,Non Refund,47.0,0,Transient,90.0,0,0
City Hotel,1,5,2017,May,19,9,0,1,2,0.0,0,BB,PRT,Groups,Corporate,0,0,0,A,A,0,Non Refund,47.0,0,Transient,90.0,0,0
City Hotel,1,5,2017,May,19,9,0,1,2,0.0,0,BB,PRT,Groups,Corporate,0,0,0,A,A,0,Non Refund,47.0,0,Transient,90.0,0,0
City Hotel,1,5,2017,May,19,9,0,1,2,0.0,0,BB,PRT,Groups,Corporate,0,0,0,A,A,0,Non Refund,47.0,0,Transient,90.0,0,0
City Hotel,1,410,2017,May,19,9,0,1,2,0.0,0,BB,PRT,Offline TA/TO,TA/TO,0,0,0,A,A,0,Non Refund,229.0,0,Transient,90.0,0,0
City Hotel,1,410,2017,May,19,9,0,1,2,0.0,0,BB,PRT,Offline TA/TO,TA/TO,0,0,0,A,A,0,Non Refund,229.0,0,Transient,90.0,0,0
City Hotel,1,5,2017,May,19,9,0,1,2,0.0,0,BB,PRT,Groups,Corporate,0,0,0,A,A,0,Non Refund,47.0,0,Transient,90.0,0,0
City Hotel,1,410,2017,May,19,9,0,1,2,0.0,0,BB,PRT,Offline TA/TO,TA/TO,0,0,0,A,A,0,Non Refund,229.0,0,Transient,90.0,0,0
City Hotel,1,39,2017,May,19,9,0,2,2,0.0,0,BB,PRT,Offline TA/TO,TA/TO,0,0,0,A,A,0,No Deposit,6.0,0,Transient,99.0,0,0
City Hotel,1,141,2017,May,19,9,0,2,2,0.0,0,SC,NZL,Online TA,TA/TO,0,0,0,A,A,0,No Deposit,9.0,0,Transient,108.0,0,0
City Hotel,1,121,2017,May,19,9,0,3,2,0.0,0,SC,CHE,Online TA,TA/TO,0,0,0,A,A,0,No Deposit,9.0,0,Transient,108.0,0,0
City Hotel,1,110,2017,May,19,9,0,3,2,0.0,0,BB,PRT,Offline TA/TO,TA/TO,0,0,0,A,D,0,No Deposit,28.0,0,Transient,85.0,0,0
City Hotel,1,305,2017,May,19,9,0,3,2,0.0,0,BB,PRT,Offline TA/TO,TA/TO,0,0,0,A,A,0,No Deposit,276.0,0,Transient-Party,89.1,0,0
City Hotel,1,305,2017,May,19,9,0,3,2,0.0,0,BB,PRT,Offline TA/TO,TA/TO,0,0,0,A,A,0,No Deposit,,0,Transient-Party,89.1,0,0
City Hotel,1,197,2017,May,19,9,0,3,2,0.0,0,BB,ITA,Online TA,TA/TO,0,0,0,A,A,0,No Deposit,9.0,0,Transient,125.7,0,1
City Hotel,1,359,2017,May,19,9,0,3,2,0.0,0,BB,BEN,Online TA,TA/TO,0,0,0,D,D,0,No Deposit,9.0,0,Transient,122.4,0,2
City Hotel,1,197,2017,May,19,9,0,3,2,0.0,0,BB,ITA,Online TA,TA/TO,0,0,0,A,A,0,No Deposit,9.0,0,Transient,125.7,0,1
City Hotel,1,18,2017,May,19,9,0,3,2,0.0,0,SC,CHN,Online TA,TA/TO,0,0,0,A,A,0,No Deposit,9.0,0,Transient,150.0,0,2
City Hotel,1,15,2017,May,19,9,0,3,2,0.0,0,BB,USA,Online TA,TA/TO,0,0,0,D,D,0,No Deposit,9.0,0,Transient,180.0,0,2
City Hotel,1,197,2017,May,19,9,0,3,2,0.0,0,BB,ITA,Online TA,TA/TO,0,0,0,A,A,0,No Deposit,9.0,0,Transient,125.7,0,1
City Hotel,1,121,2017,May,19,9,0,3,2,0.0,0,SC,CHE,Online TA,TA/TO,0,0,0,A,A,0,No Deposit,9.0,0,Transient,108.0,0,0
City Hotel,1,48,2017,May,19,9,0,4,2,0.0,0,BB,FRA,Online TA,TA/TO,0,0,0,D,D,0,No Deposit,9.0,0,Transient,175.05,0,0
City Hotel,1,173,2017,May,19,9,0,4,2,0.0,0,SC,BRA,Online TA,TA/TO,0,0,0,A,A,0,No Deposit,9.0,0,Transient,112.5,0,2
City Hotel,1,76,2017,May,19,9,0,5,2,0.0,0,BB,FIN,Direct,Direct,0,0,0,A,A,0,No Deposit,14.0,0,Transient,126.0,0,1
City Hotel,1,83,2017,May,19,9,0,5,2,0.0,0,BB,CHN,Online TA,TA/TO,0,0,0,D,D,0,No Deposit,9.0,0,Transient,127.98,0,0
City Hotel,1,6,2017,May,19,10,0,1,2,0.0,0,BB,PRT,Groups,Corporate,0,0,0,A,A,0,Non Refund,47.0,0,Transient,90.0,0,0
City Hotel,1,6,2017,May,19,10,0,1,2,0.0,0,BB,PRT,Groups,Corporate,0,0,0,A,A,0,Non Refund,47.0,0,Transient,90.0,0,0
City Hotel,1,6,2017,May,19,10,0,1,2,0.0,0,BB,PRT,Groups,Corporate,0,0,0,A,A,0,Non Refund,47.0,0,Transient,90.0,0,0
City Hotel,1,35,2017,May,19,10,0,1,2,0.0,0,BB,PRT,Groups,TA/TO,0,0,0,A,A,0,No Deposit,39.0,0,Transient-Party,130.0,0,0
City Hotel,1,6,2017,May,19,10,0,1,2,0.0,0,BB,PRT,Groups,Corporate,0,0,0,A,A,0,Non Refund,47.0,0,Transient,90.0,0,0
City Hotel,1,35,2017,May,19,10,0,1,2,0.0,0,BB,PRT,Groups,TA/TO,0,0,0,A,A,0,No Deposit,39.0,0,Transient-Party,130.0,0,0
City Hotel,1,57,2017,May,19,10,0,1,2,0.0,0,SC,USA,Online TA,TA/TO,0,0,0,A,A,0,No Deposit,9.0,0,Transient,134.1,0,0
City Hotel,1,6,2017,May,19,10,0,1,2,0.0,0,BB,PRT,Groups,Corporate,0,0,0,A,A,0,Non Refund,47.0,0,Transient,90.0,0,0
City Hotel,1,1,2017,May,19,10,0,1,2,0.0,0,SC,PRT,Online TA,TA/TO,0,0,0,A,A,0,No Deposit,9.0,0,Transient,150.0,0,0
City Hotel,1,57,2017,May,19,10,0,1,2,0.0,0,BB,USA,Online TA,TA/TO,0,0,0,A,A,0,No Deposit,9.0,0,Transient,152.1,0,1
City Hotel,1,35,2017,May,19,10,0,1,2,0.0,0,BB,PRT,Groups,TA/TO,0,0,0,A,A,0,No Deposit,39.0,0,Transient-Party,140.0,0,0
City Hotel,1,34,2017,May,19,10,0,1,2,0.0,0,BB,USA,Online TA,TA/TO,0,0,0,A,A,0,No Deposit,9.0,0,Transient,169.0,0,1
City Hotel,1,6,2017,May,19,10,0,1,2,0.0,0,BB,PRT,Groups,Corporate,0,0,0,A,A,0,Non Refund,47.0,0,Transient,90.0,0,0
City Hotel,1,6,2017,May,19,10,0,1,2,0.0,0,BB,PRT,Groups,Corporate,0,0,0,A,A,0,Non Refund,47.0,0,Transient,90.0,0,0
City Hotel,1,6,2017,May,19,10,0,1,2,0.0,0,BB,PRT,Groups,Corporate,0,0,0,A,A,0,Non Refund,47.0,0,Transient,90.0,0,0
City Hotel,1,35,2017,May,19,10,0,1,2,0.0,0,BB,PRT,Groups,TA/TO,0,0,0,A,A,0,No Deposit,39.0,0,Transient-Party,130.0,0,0
City Hotel,1,35,2017,May,19,10,0,1,2,0.0,0,BB,PRT,Groups,TA/TO,0,0,0,A,A,0,No Deposit,39.0,0,Transient-Party,130.0,0,0
City Hotel,1,35,2017,May,19,10,0,1,2,0.0,0,BB,PRT,Groups,TA/TO,0,0,0,A,A,0,No Deposit,39.0,0,Transient-Party,130.0,0,0
City Hotel,1,35,2017,May,19,10,0,1,2,0.0,0,BB,PRT,Groups,TA/TO,0,0,0,A,A,0,No Deposit,39.0,0,Transient-Party,130.0,0,0
City Hotel,1,6,2017,May,19,10,0,1,2,0.0,0,BB,PRT,Groups,Corporate,0,0,0,A,A,0,Non Refund,47.0,0,Transient,90.0,0,0
City Hotel,1,6,2017,May,19,10,0,1,2,0.0,0,BB,PRT,Groups,Corporate,0,0,0,A,A,0,Non Refund,47.0,0,Transient,90.0,0,0
City Hotel,1,35,2017,May,19,10,0,1,2,0.0,0,BB,PRT,Groups,TA/TO,0,0,0,A,A,0,No Deposit,39.0,0,Transient-Party,130.0,0,0
City Hotel,1,316,2017,May,19,10,0,2,2,0.0,0,BB,PRT,Online TA,TA/TO,0,0,0,A,A,0,No Deposit,9.0,0,Transient,109.8,0,1
City Hotel,1,316,2017,May,19,10,0,2,2,0.0,0,BB,PRT,Online TA,TA/TO,0,0,0,D,D,0,No Deposit,9.0,0,Transient,123.3,0,1
City Hotel,1,316,2017,May,19,10,0,2,2,0.0,0,BB,PRT,Online TA,TA/TO,0,0,0,A,A,0,No Deposit,9.0,0,Transient,109.8,0,1
City Hotel,1,316,2017,May,19,10,0,2,2,0.0,0,BB,PRT,Online TA,TA/TO,0,0,0,A,A,0,No Deposit,9.0,0,Transient,109.8,0,1
City Hotel,1,196,2017,May,19,10,0,2,2,0.0,0,BB,USA,Online TA,TA/TO,0,0,0,D,D,0,No Deposit,9.0,0,Transient,143.55,0,2
City Hotel,1,316,2017,May,19,10,0,2,2,0.0,0,BB,PRT,Online TA,TA/TO,0,0,0,A,A,0,No Deposit,9.0,0,Transient,109.8,0,1
City Hotel,1,125,2017,May,19,10,0,2,2,0.0,0,SC,PRT,Online TA,TA/TO,0,0,0,A,A,0,No Deposit,8.0,0,Transient,108.0,0,1
City Hotel,1,316,2017,May,19,10,0,2,2,0.0,0,BB,PRT,Online TA,TA/TO,0,0,0,D,D,0,No Deposit,9.0,0,Transient,123.3,0,1
City Hotel,1,316,2017,May,19,10,0,2,2,0.0,0,BB,PRT,Online TA,TA/TO,0,0,0,A,A,0,No Deposit,9.0,0,Transient,109.8,0,1
City Hotel,1,316,2017,May,19,10,0,2,2,0.0,0,BB,PRT,Online TA,TA/TO,0,0,0,A,A,0,No Deposit,9.0,0,Transient,109.8,0,1
City Hotel,1,316,2017,May,19,10,0,2,2,0.0,0,BB,PRT,Online TA,TA/TO,0,0,0,A,A,0,No Deposit,9.0,0,Transient,109.8,0,1
City Hotel,1,316,2017,May,19,10,0,2,2,0.0,0,BB,PRT,Online TA,TA/TO,0,0,0,D,D,0,No Deposit,9.0,0,Transient,123.3,0,1
City Hotel,1,316,2017,May,19,10,0,2,2,0.0,0,BB,PRT,Online TA,TA/TO,0,0,0,A,A,0,No Deposit,9.0,0,Transient,109.8,0,1
City Hotel,1,316,2017,May,19,10,0,2,2,0.0,0,BB,PRT,Online TA,TA/TO,0,0,0,A,A,0,No Deposit,9.0,0,Transient,109.8,0,1
City Hotel,1,316,2017,May,19,10,0,2,2,0.0,0,BB,PRT,Online TA,TA/TO,0,0,0,A,A,0,No Deposit,9.0,0,Transient,109.8,0,1
City Hotel,1,316,2017,May,19,10,0,2,2,0.0,0,BB,PRT,Online TA,TA/TO,0,0,0,D,D,0,No Deposit,9.0,0,Transient,123.3,0,1
City Hotel,1,196,2017,May,19,10,0,2,2,0.0,0,BB,USA,Online TA,TA/TO,0,0,0,D,D,0,No Deposit,9.0,0,Transient,143.55,0,2
City Hotel,1,316,2017,May,19,10,0,2,2,0.0,0,BB,PRT,Online TA,TA/TO,0,0,0,D,D,0,No Deposit,9.0,0,Transient,123.3,0,1
City Hotel,1,108,2017,May,19,10,0,3,2,0.0,0,BB,FRA,Online TA,TA/TO,0,0,0,A,A,0,No Deposit,9.0,0,Transient,132.0,0,0
City Hotel,1,7,2017,May,19,10,0,3,2,0.0,0,SC,MAR,Online TA,TA/TO,0,0,0,A,A,0,No Deposit,9.0,0,Transient,160.0,0,1
City Hotel,1,116,2017,May,19,10,0,4,2,0.0,0,BB,GBR,Online TA,TA/TO,0,0,0,A,A,0,No Deposit,9.0,0,Transient,135.0,0,3
City Hotel,1,133,2017,May,19,10,1,4,2,0.0,0,BB,PRT,Offline TA/TO,TA/TO,0,0,0,A,A,0,No Deposit,27.0,0,Transient,89.1,0,0
City Hotel,1,99,2017,May,19,10,2,4,2,0.0,0,BB,SWE,Online TA,TA/TO,0,0,0,D,D,0,No Deposit,9.0,0,Transient,144.0,0,0
City Hotel,1,18,2017,May,19,10,2,9,2,0.0,0,BB,PRT,Online TA,TA/TO,0,0,0,G,G,0,No Deposit,8.0,0,Transient,294.55,0,1
City Hotel,1,324,2017,May,19,11,0,1,2,0.0,0,SC,USA,Online TA,TA/TO,0,0,0,A,A,0,No Deposit,9.0,0,Transient,99.0,0,3
City Hotel,1,30,2017,May,19,11,0,1,2,0.0,0,BB,PRT,Groups,TA/TO,0,0,0,A,A,0,No Deposit,39.0,0,Transient-Party,130.0,0,0
City Hotel,1,307,2017,May,19,11,0,1,2,0.0,0,BB,PRT,Offline TA/TO,TA/TO,0,0,0,A,A,1,No Deposit,276.0,0,Transient-Party,89.1,0,0
City Hotel,1,30,2017,May,19,11,0,1,2,0.0,0,BB,PRT,Groups,TA/TO,0,0,0,A,A,0,No Deposit,39.0,0,Transient-Party,130.0,0,0
City Hotel,1,78,2017,May,19,11,0,2,2,0.0,0,BB,USA,Online TA,TA/TO,0,0,0,D,D,0,No Deposit,9.0,0,Transient,153.0,0,0
City Hotel,1,4,2017,May,19,11,0,2,2,0.0,0,SC,FRA,Online TA,TA/TO,0,0,0,A,A,0,No Deposit,9.0,0,Transient,155.0,0,0
City Hotel,1,78,2017,May,19,11,0,2,2,0.0,0,BB,USA,Online TA,TA/TO,0,0,0,D,D,0,No Deposit,9.0,0,Transient,153.0,0,0
City Hotel,1,321,2017,May,19,11,0,3,2,0.0,0,BB,CN,Online TA,TA/TO,0,0,0,A,B,1,No Deposit,9.0,0,Transient,109.8,0,1
City Hotel,1,91,2017,May,19,11,0,3,2,0.0,0,BB,PRT,Offline TA/TO,TA/TO,0,0,0,D,D,0,No Deposit,27.0,0,Transient,98.1,0,0
City Hotel,1,262,2017,May,19,11,0,3,2,0.0,0,BB,GBR,Online TA,TA/TO,0,0,0,A,A,2,No Deposit,9.0,0,Transient,135.0,0,2
City Hotel,1,332,2017,May,19,11,0,3,2,0.0,0,BB,HUN,Online TA,TA/TO,0,0,0,A,A,0,No Deposit,9.0,0,Transient,109.8,0,0
City Hotel,1,74,2017,May,19,11,0,3,2,0.0,0,BB,DEU,Online TA,TA/TO,0,0,0,E,E,0,No Deposit,9.0,0,Transient,180.0,0,0
City Hotel,1,91,2017,May,19,11,0,3,2,0.0,0,BB,SWE,Online TA,TA/TO,0,0,0,E,E,0,No Deposit,9.0,0,Transient,174.0,0,0
City Hotel,1,321,2017,May,19,11,0,3,2,0.0,0,BB,CN,Online TA,TA/TO,0,0,0,A,B,1,No Deposit,9.0,0,Transient,109.8,0,1
City Hotel,1,120,2017,May,19,11,0,3,2,0.0,0,BB,PRT,Offline TA/TO,TA/TO,0,0,0,A,A,0,No Deposit,28.0,0,Transient,89.1,0,0
City Hotel,1,93,2017,May,19,11,0,3,2,0.0,0,BB,PRT,Offline TA/TO,TA/TO,0,0,0,D,D,0,No Deposit,15.0,0,Transient,105.84,0,0
City Hotel,1,120,2017,May,19,11,0,3,2,0.0,0,BB,PRT,Offline TA/TO,TA/TO,0,0,0,A,A,0,No Deposit,28.0,0,Transient,89.1,0,0
City Hotel,1,119,2017,May,19,11,0,3,2,0.0,0,BB,FRA,Online TA,TA/TO,0,0,0,D,D,0,No Deposit,9.0,0,Transient,148.8,0,1
City Hotel,1,121,2017,May,19,11,0,3,2,0.0,0,BB,FRA,Online TA,TA/TO,0,0,0,A,A,0,No Deposit,9.0,0,Transient,138.0,0,2
City Hotel,1,96,2017,May,19,11,0,3,2,0.0,0,BB,IRL,Online TA,TA/TO,0,0,0,D,D,0,No Deposit,9.0,0,Transient,147.0,0,0
City Hotel,1,128,2017,May,19,11,0,3,2,0.0,0,SC,GBR,Online TA,TA/TO,0,0,0,A,A,0,No Deposit,9.0,0,Transient,120.0,0,0
City Hotel,1,157,2017,May,19,11,0,3,2,0.0,0,SC,LUX,Online TA,TA/TO,0,0,0,A,A,0,No Deposit,9.0,0,Transient,120.0,0,2
City Hotel,1,91,2017,May,19,11,0,3,2,0.0,0,BB,PRT,Offline TA/TO,TA/TO,0,0,0,D,D,0,No Deposit,27.0,0,Transient,98.1,0,0
City Hotel,1,20,2017,May,19,11,0,3,2,0.0,0,SC,CHN,Online TA,TA/TO,0,0,0,A,A,0,No Deposit,9.0,0,Transient,153.0,0,0
City Hotel,1,79,2017,May,19,11,0,3,2,0.0,0,SC,ESP,Online TA,TA/TO,0,0,0,A,A,0,No Deposit,9.0,0,Transient,126.0,0,0
City Hotel,1,267,2017,May,19,11,0,3,2,0.0,0,BB,AUT,Online TA,TA/TO,0,0,0,A,A,0,No Deposit,9.0,0,Transient,135.9,0,0
City Hotel,1,183,2017,May,19,11,1,3,2,0.0,0,BB,PRT,Offline TA/TO,TA/TO,0,0,0,A,A,0,Non Refund,58.0,0,Transient,130.0,0,0
City Hotel,1,183,2017,May,19,11,1,3,2,0.0,0,BB,PRT,Offline TA/TO,TA/TO,0,0,0,A,A,0,Non Refund,58.0,0,Transient,130.0,0,0
City Hotel,1,183,2017,May,19,11,1,3,2,0.0,0,BB,PRT,Offline TA/TO,TA/TO,0,0,0,A,A,0,Non Refund,58.0,0,Transient,130.0,0,0
City Hotel,1,331,2017,May,19,11,1,3,2,0.0,0,SC,GBR,Online TA,TA/TO,0,0,0,A,A,0,No Deposit,9.0,0,Transient,99.0,0,2
City Hotel,1,183,2017,May,19,11,1,3,2,0.0,0,BB,PRT,Offline TA/TO,TA/TO,0,0,0,A,A,0,Non Refund,58.0,0,Transient,130.0,0,0
City Hotel,1,209,2017,May,19,11,1,3,2,0.0,0,BB,DEU,Online TA,TA/TO,0,0,0,A,A,0,No Deposit,9.0,0,Transient,138.6,0,2
City Hotel,1,130,2017,May,19,11,1,3,2,0.0,0,SC,AUS,Online TA,TA/TO,0,0,0,A,A,0,No Deposit,9.0,0,Transient,117.0,0,0
City Hotel,1,183,2017,May,19,11,1,3,2,0.0,0,BB,PRT,Offline TA/TO,TA/TO,0,0,0,A,A,0,Non Refund,58.0,0,Transient,130.0,0,0
City Hotel,1,183,2017,May,19,11,1,3,2,0.0,0,BB,PRT,Offline TA/TO,TA/TO,0,0,0,A,A,0,Non Refund,58.0,0,Transient,130.0,0,0
City Hotel,1,183,2017,May,19,11,1,3,2,0.0,0,BB,PRT,Offline TA/TO,TA/TO,0,0,0,A,A,0,Non Refund,58.0,0,Transient,130.0,0,0
City Hotel,1,183,2017,May,19,11,1,3,2,0.0,0,BB,PRT,Offline TA/TO,TA/TO,0,0,0,A,A,0,Non Refund,58.0,0,Transient,130.0,0,0
City Hotel,1,130,2017,May,19,11,1,3,2,0.0,0,BB,AUT,Online TA,TA/TO,0,0,0,A,A,0,No Deposit,9.0,0,Transient,135.0,0,0
City Hotel,1,23,2017,May,19,11,1,3,2,0.0,0,SC,ARG,Online TA,TA/TO,0,0,0,A,A,0,No Deposit,9.0,0,Transient,175.0,0,1
City Hotel,1,183,2017,May,19,11,1,3,2,0.0,0,BB,PRT,Offline TA/TO,TA/TO,0,0,0,A,A,0,Non Refund,58.0,0,Transient,130.0,0,0
City Hotel,1,130,2017,May,19,11,1,3,2,0.0,0,BB,AUT,Online TA,TA/TO,0,0,0,A,A,0,No Deposit,9.0,0,Transient,135.0,0,0
City Hotel,1,56,2017,May,19,11,1,3,2,0.0,0,BB,PRT,Direct,Direct,0,0,0,A,A,0,No Deposit,,0,Transient-Party,23.6,0,0
City Hotel,1,91,2017,May,19,11,1,3,2,0.0,0,SC,USA,Online TA,TA/TO,0,0,0,A,A,2,No Deposit,9.0,0,Transient,127.25,0,1
City Hotel,1,183,2017,May,19,11,1,3,2,0.0,0,BB,PRT,Offline TA/TO,TA/TO,0,0,0,A,A,0,Non Refund,58.0,0,Transient,130.0,0,0
City Hotel,1,183,2017,May,19,11,1,3,2,0.0,0,BB,PRT,Offline TA/TO,TA/TO,0,0,0,A,A,0,Non Refund,58.0,0,Transient,130.0,0,0
City Hotel,1,183,2017,May,19,11,1,3,2,0.0,0,BB,PRT,Offline TA/TO,TA/TO,0,0,0,A,A,0,Non Refund,58.0,0,Transient,130.0,0,0
City Hotel,1,221,2017,May,19,11,1,3,2,0.0,0,BB,GBR,Online TA,TA/TO,0,0,0,A,B,1,No Deposit,9.0,0,Transient,138.6,0,1
City Hotel,1,183,2017,May,19,11,1,3,2,0.0,0,BB,PRT,Offline TA/TO,TA/TO,0,0,0,A,A,0,Non Refund,58.0,0,Transient,130.0,0,0
City Hotel,1,183,2017,May,19,11,1,3,2,0.0,0,BB,PRT,Offline TA/TO,TA/TO,0,0,0,A,A,0,Non Refund,58.0,0,Transient,130.0,0,0
City Hotel,1,95,2017,May,19,11,2,3,2,0.0,0,BB,BEL,Online TA,TA/TO,0,0,0,D,D,0,No Deposit,9.0,0,Transient,145.8,0,0
City Hotel,1,106,2017,May,19,11,2,3,2,0.0,0,BB,GBR,Direct,Direct,0,0,0,D,D,0,No Deposit,14.0,0,Transient,141.3,0,0
City Hotel,1,78,2017,May,19,11,2,3,2,0.0,0,BB,BEL,Online TA,TA/TO,0,0,0,A,A,0,No Deposit,9.0,0,Transient,140.4,0,0
City Hotel,1,5,2017,May,19,11,2,3,2,0.0,0,SC,BRA,Online TA,TA/TO,0,0,0,A,A,0,No Deposit,9.0,0,Transient,150.0,0,1
City Hotel,1,142,2017,May,19,11,2,3,2,0.0,0,SC,MOZ,Online TA,TA/TO,0,0,0,A,A,0,No Deposit,9.0,0,Transient,129.6,0,1
City Hotel,1,110,2017,May,19,11,2,4,2,0.0,0,BB,GBR,Online TA,TA/TO,0,0,0,D,D,0,No Deposit,9.0,0,Transient,147.0,0,0
City Hotel,1,128,2017,May,19,12,0,2,2,0.0,0,SC,GBR,Online TA,TA/TO,0,0,0,A,A,0,No Deposit,9.0,0,Transient,126.0,0,1
City Hotel,1,119,2017,May,19,12,0,2,2,0.0,0,SC,COL,Online TA,TA/TO,0,0,0,A,A,2,No Deposit,9.0,0,Transient,126.0,0,0
City Hotel,1,128,2017,May,19,12,0,2,2,0.0,0,SC,GBR,Online TA,TA/TO,0,0,0,A,A,0,No Deposit,9.0,0,Transient,126.0,0,1
City Hotel,1,254,2017,May,19,12,0,2,2,0.0,0,BB,GBR,Online TA,TA/TO,0,0,0,A,A,0,No Deposit,9.0,0,Transient,139.5,0,0
City Hotel,1,276,2017,May,19,12,0,2,2,0.0,0,BB,CHE,Online TA,TA/TO,0,0,0,A,A,0,No Deposit,9.0,0,Transient,135.9,0,2
City Hotel,1,152,2017,May,19,12,0,2,2,0.0,0,BB,ITA,Online TA,TA/TO,0,0,0,A,A,0,No Deposit,9.0,0,Transient,144.0,0,1
City Hotel,1,128,2017,May,19,12,0,2,2,0.0,0,SC,GBR,Online TA,TA/TO,0,0,0,A,A,0,No Deposit,9.0,0,Transient,126.0,0,1
City Hotel,1,276,2017,May,19,12,0,2,2,0.0,0,BB,CHE,Online TA,TA/TO,0,0,0,A,A,0,No Deposit,9.0,0,Transient,135.9,0,2
City Hotel,1,120,2017,May,19,12,0,2,2,0.0,0,SC,COL,Online TA,TA/TO,0,0,0,A,A,2,No Deposit,9.0,0,Transient,126.0,0,0
City Hotel,1,254,2017,May,19,12,0,2,2,0.0,0,BB,GBR,Online TA,TA/TO,0,0,0,A,A,0,No Deposit,9.0,0,Transient,139.5,0,0
City Hotel,1,128,2017,May,19,12,0,2,2,0.0,0,SC,GBR,Online TA,TA/TO,0,0,0,A,A,0,No Deposit,9.0,0,Transient,126.0,0,1
City Hotel,1,254,2017,May,19,12,0,2,2,0.0,0,BB,GBR,Online TA,TA/TO,0,0,0,A,A,0,No Deposit,9.0,0,Transient,139.5,0,0
City Hotel,1,189,2017,May,19,12,0,2,2,0.0,0,BB,GBR,Online TA,TA/TO,0,0,0,A,A,0,No Deposit,9.0,0,Transient,143.1,0,1
City Hotel,1,128,2017,May,19,12,0,2,2,0.0,0,SC,GBR,Online TA,TA/TO,0,0,0,A,A,0,No Deposit,9.0,0,Transient,126.0,0,1
City Hotel,1,128,2017,May,19,12,0,2,2,0.0,0,SC,GBR,Online TA,TA/TO,0,0,0,A,A,0,No Deposit,9.0,0,Transient,126.0,0,1
City Hotel,1,254,2017,May,19,12,0,2,2,0.0,0,BB,GBR,Online TA,TA/TO,0,0,0,A,A,0,No Deposit,9.0,0,Transient,139.5,0,0
City Hotel,1,262,2017,May,19,12,1,2,2,0.0,0,SC,NLD,Online TA,TA/TO,0,0,0,A,A,0,No Deposit,9.0,0,Transient,119.1,0,1
City Hotel,1,150,2017,May,19,12,1,2,2,0.0,0,SC,ESP,Online TA,TA/TO,0,0,0,A,A,0,No Deposit,9.0,0,Transient,120.0,0,1
City Hotel,1,236,2017,May,19,12,1,2,2,0.0,0,SC,DEU,Online TA,TA/TO,0,0,0,A,A,0,No Deposit,9.0,0,Transient,119.1,0,1
City Hotel,1,241,2017,May,19,12,1,2,2,0.0,0,SC,LUX,Online TA,TA/TO,0,0,0,A,A,0,No Deposit,9.0,0,Transient,132.33,0,1
City Hotel,1,97,2017,May,19,12,1,2,2,0.0,0,BB,DEU,Online TA,TA/TO,0,0,0,D,D,0,No Deposit,9.0,0,Transient,147.0,0,0
City Hotel,1,33,2017,May,19,12,1,2,2,0.0,0,SC,CZE,Online TA,TA/TO,0,0,0,A,A,0,No Deposit,9.0,0,Transient,173.33,0,0
City Hotel,1,150,2017,May,19,12,1,2,2,0.0,0,SC,ESP,Online TA,TA/TO,0,0,0,A,A,0,No Deposit,9.0,0,Transient,120.0,0,1
City Hotel,1,96,2017,May,19,12,2,2,2,0.0,0,BB,CHE,Online TA,TA/TO,0,0,0,E,E,0,No Deposit,9.0,0,Transient,175.5,0,0
City Hotel,1,34,2017,May,19,12,2,2,2,0.0,0,SC,ESP,Online TA,TA/TO,0,0,0,A,A,0,No Deposit,9.0,0,Transient,170.0,0,1
City Hotel,1,223,2017,May,19,12,2,2,2,0.0,0,SC,PRT,Online TA,TA/TO,0,0,0,A,A,0,No Deposit,79.0,0,Transient,92.88,0,0
City Hotel,1,51,2017,May,19,12,2,2,2,0.0,0,BB,TUR,Online TA,TA/TO,0,0,0,E,E,0,No Deposit,9.0,0,Transient,207.0,0,0
City Hotel,1,77,2017,May,19,12,2,3,2,0.0,0,BB,HRV,Online TA,TA/TO,0,0,0,A,A,0,No Deposit,9.0,0,Transient,140.4,0,0
City Hotel,1,185,2017,May,19,12,2,3,2,0.0,0,SC,AUT,Online TA,TA/TO,0,0,0,A,A,0,No Deposit,9.0,0,Transient,114.3,0,0
City Hotel,1,159,2017,May,19,12,2,4,2,0.0,0,BB,BRA,Online TA,TA/TO,0,0,0,D,D,0,No Deposit,9.0,0,Transient,160.5,0,2
City Hotel,1,8,2017,May,19,13,0,1,2,0.0,0,SC,RUS,Online TA,TA/TO,0,0,0,A,A,0,No Deposit,9.0,0,Transient,160.0,0,1
City Hotel,1,19,2017,May,19,13,0,1,2,0.0,0,SC,FRA,Online TA,TA/TO,0,0,0,A,A,0,No Deposit,9.0,0,Transient,180.0,0,1
City Hotel,1,14,2017,May,19,13,0,1,2,0.0,0,SC,FIN,Online TA,TA/TO,0,0,0,A,A,0,No Deposit,9.0,0,Transient,180.0,0,1
City Hotel,1,67,2017,May,19,13,1,1,2,0.0,0,BB,AUT,Online TA,TA/TO,0,0,0,E,E,0,No Deposit,9.0,0,Transient,189.0,0,0
City Hotel,1,105,2017,May,19,13,1,1,2,0.0,0,BB,PRT,Online TA,TA/TO,0,0,0,A,A,0,No Deposit,9.0,0,Transient,135.0,0,0
City Hotel,1,22,2017,May,19,13,1,1,2,0.0,0,SC,BRA,Online TA,TA/TO,0,0,0,A,A,0,No Deposit,9.0,0,Transient,170.0,0,0
City Hotel,1,105,2017,May,19,13,1,1,2,0.0,0,BB,PRT,Online TA,TA/TO,0,0,0,A,A,0,No Deposit,9.0,0,Transient,135.0,0,0
City Hotel,1,105,2017,May,19,13,1,1,2,0.0,0,BB,PRT,Online TA,TA/TO,0,0,0,A,A,0,No Deposit,9.0,0,Transient,135.0,0,0
City Hotel,1,10,2017,May,19,13,1,1,2,0.0,0,BB,FRA,Online TA,TA/TO,0,0,0,A,A,0,No Deposit,9.0,0,Transient,170.0,0,2
City Hotel,1,106,2017,May,19,13,1,1,2,0.0,0,SC,GBR,Online TA,TA/TO,0,0,0,A,A,0,No Deposit,9.0,0,Transient,117.0,0,2
City Hotel,1,105,2017,May,19,13,1,1,2,0.0,0,BB,PRT,Online TA,TA/TO,0,0,0,A,A,0,No Deposit,9.0,0,Transient,135.0,0,0
City Hotel,1,105,2017,May,19,13,1,1,2,0.0,0,BB,PRT,Online TA,TA/TO,0,0,0,A,A,0,No Deposit,9.0,0,Transient,135.0,0,0
City Hotel,1,105,2017,May,19,13,1,1,2,0.0,0,BB,PRT,Online TA,TA/TO,0,0,0,A,A,0,No Deposit,9.0,0,Transient,135.0,0,0
City Hotel,1,105,2017,May,19,13,1,1,2,0.0,0,BB,PRT,Online TA,TA/TO,0,0,0,A,A,0,No Deposit,9.0,0,Transient,135.0,0,0
City Hotel,1,94,2017,May,19,13,1,1,2,0.0,0,BB,FRA,Online TA,TA/TO,0,0,0,D,D,0,No Deposit,9.0,0,Transient,144.0,0,0
City Hotel,1,119,2017,May,19,13,2,1,2,0.0,0,BB,CN,Online TA,TA/TO,0,0,0,D,D,0,No Deposit,9.0,0,Transient,148.8,0,1
City Hotel,1,173,2017,May,19,13,2,1,2,0.0,0,BB,DEU,Online TA,TA/TO,0,0,0,A,A,2,No Deposit,9.0,0,Transient,137.03,0,0
City Hotel,1,309,2017,May,19,13,2,1,2,0.0,0,BB,PRT,Groups,TA/TO,0,0,0,A,A,2,No Deposit,276.0,0,Transient-Party,89.1,0,0
City Hotel,1,151,2017,May,19,13,2,2,2,0.0,0,BB,PRT,Groups,Direct,0,0,0,A,A,0,Non Refund,,0,Transient,95.0,0,0
City Hotel,1,151,2017,May,19,13,2,2,2,0.0,0,BB,PRT,Groups,Direct,0,0,0,A,A,0,Non Refund,,0,Transient,95.0,0,0
City Hotel,1,151,2017,May,19,13,2,2,2,0.0,0,BB,PRT,Groups,Direct,0,0,0,A,A,0,Non Refund,,0,Transient,95.0,0,0
City Hotel,1,151,2017,May,19,13,2,2,2,0.0,0,BB,PRT,Groups,Direct,0,0,0,A,A,0,Non Refund,,0,Transient,95.0,0,0
City Hotel,1,151,2017,May,19,13,2,2,2,0.0,0,BB,PRT,Groups,Direct,0,0,0,A,A,0,Non Refund,,0,Transient,95.0,0,0
City Hotel,1,151,2017,May,19,13,2,2,2,0.0,0,BB,PRT,Groups,Direct,0,0,0,A,A,0,Non Refund,,0,Transient,95.0,0,0
City Hotel,1,151,2017,May,19,13,2,2,2,0.0,0,BB,PRT,Groups,Direct,0,0,0,A,A,0,Non Refund,,0,Transient,95.0,0,0
City Hotel,1,151,2017,May,19,13,2,2,2,0.0,0,BB,PRT,Groups,Direct,0,0,0,A,A,0,Non Refund,,0,Transient,95.0,0,0
City Hotel,1,151,2017,May,19,13,2,2,2,0.0,0,BB,PRT,Groups,Direct,0,0,0,A,A,0,Non Refund,,0,Transient,95.0,0,0
City Hotel,1,151,2017,May,19,13,2,2,2,0.0,0,BB,PRT,Groups,Direct,0,0,0,A,A,0,Non Refund,,0,Transient,95.0,0,0
City Hotel,1,151,2017,May,19,13,2,2,2,0.0,0,BB,PRT,Groups,Direct,0,0,0,A,A,0,Non Refund,,0,Transient,95.0,0,0
City Hotel,1,151,2017,May,19,13,2,2,2,0.0,0,BB,PRT,Groups,Direct,0,0,0,A,A,0,Non Refund,,0,Transient,95.0,0,0
City Hotel,1,151,2017,May,19,13,2,2,2,0.0,0,BB,PRT,Groups,Direct,0,0,0,A,A,0,Non Refund,,0,Transient,95.0,0,0
City Hotel,1,151,2017,May,19,13,2,2,2,0.0,0,BB,PRT,Groups,Direct,0,0,0,A,A,0,Non Refund,,0,Transient,95.0,0,0
City Hotel,1,151,2017,May,19,13,2,2,2,0.0,0,BB,PRT,Groups,Direct,0,0,0,A,A,0,Non Refund,,0,Transient,95.0,0,0
City Hotel,1,151,2017,May,19,13,2,2,2,0.0,0,BB,PRT,Groups,Direct,0,0,0,A,A,0,Non Refund,,0,Transient,95.0,0,0
City Hotel,1,151,2017,May,19,13,2,2,2,0.0,0,BB,PRT,Groups,Direct,0,0,0,A,A,0,Non Refund,,0,Transient,95.0,0,0
City Hotel,1,151,2017,May,19,13,2,2,2,0.0,0,BB,PRT,Groups,Direct,0,0,0,A,A,0,Non Refund,,0,Transient,95.0,0,0
City Hotel,1,151,2017,May,19,13,2,2,2,0.0,0,BB,PRT,Groups,Direct,0,0,0,A,A,0,Non Refund,,0,Transient,95.0,0,0
City Hotel,1,151,2017,May,19,13,2,2,2,0.0,0,BB,PRT,Groups,Direct,0,0,0,A,A,0,Non Refund,,0,Transient,95.0,0,0
City Hotel,1,151,2017,May,19,13,2,2,2,0.0,0,BB,PRT,Groups,Direct,0,0,0,A,A,0,Non Refund,,0,Transient,95.0,0,0
City Hotel,1,151,2017,May,19,13,2,2,2,0.0,0,BB,PRT,Groups,Direct,0,0,0,A,A,0,Non Refund,,0,Transient,95.0,0,0
City Hotel,1,85,2017,May,19,13,2,2,2,0.0,0,BB,ARG,Online TA,TA/TO,0,0,0,D,D,0,No Deposit,9.0,0,Transient,148.5,0,0
City Hotel,1,151,2017,May,19,13,2,2,2,0.0,0,BB,PRT,Groups,Direct,0,0,0,A,A,0,Non Refund,,0,Transient,95.0,0,0
City Hotel,1,197,2017,May,19,13,2,2,2,0.0,0,BB,PRT,Groups,Direct,0,0,0,A,A,0,Non Refund,,46,Transient,95.0,0,0
City Hotel,1,270,2017,May,19,13,2,3,2,0.0,0,SC,BRA,Online TA,TA/TO,0,0,0,A,A,0,No Deposit,9.0,0,Transient,109.44,0,2
City Hotel,1,309,2017,May,19,13,2,3,2,0.0,0,BB,PRT,Offline TA/TO,TA/TO,0,0,0,A,A,0,No Deposit,276.0,0,Transient-Party,89.1,0,0
City Hotel,1,85,2017,May,19,13,2,5,2,0.0,0,BB,GBR,Direct,Direct,0,0,0,A,A,0,No Deposit,14.0,0,Transient,119.57,0,1
City Hotel,1,94,2017,May,20,14,1,0,2,0.0,0,BB,ITA,Online TA,TA/TO,0,0,0,D,D,0,No Deposit,9.0,0,Transient,135.0,0,0
City Hotel,1,20,2017,May,20,14,1,0,2,0.0,0,BB,PRT,Corporate,Corporate,0,0,0,D,D,0,No Deposit,,0,Transient,110.0,0,0
City Hotel,1,224,2017,May,20,14,1,0,2,0.0,0,SC,USA,Online TA,TA/TO,0,0,0,A,A,0,No Deposit,9.0,0,Transient,107.1,0,1
City Hotel,1,88,2017,May,20,14,1,0,2,0.0,0,BB,PRT,Online TA,TA/TO,0,0,0,A,A,0,No Deposit,9.0,0,Transient,126.0,0,0
City Hotel,1,287,2017,May,20,14,1,0,2,0.0,0,BB,DEU,Online TA,TA/TO,0,0,0,A,A,0,No Deposit,9.0,0,Transient,135.9,0,1
City Hotel,1,11,2017,May,20,14,2,0,2,0.0,0,SC,FRA,Online TA,TA/TO,0,0,0,A,A,0,No Deposit,9.0,0,Transient,120.0,0,1
City Hotel,1,20,2017,May,20,14,2,0,2,0.0,0,BB,DEU,Online TA,TA/TO,0,0,0,D,D,0,No Deposit,9.0,0,Transient,170.0,0,1
City Hotel,1,20,2017,May,20,14,2,0,2,0.0,0,BB,DEU,Online TA,TA/TO,0,0,0,D,D,0,No Deposit,9.0,0,Transient,170.0,0,0
City Hotel,1,167,2017,May,20,14,2,1,2,0.0,0,BB,FRA,Online TA,TA/TO,0,0,0,A,A,0,No Deposit,9.0,0,Transient,126.0,0,1
City Hotel,1,25,2017,May,20,14,2,1,2,0.0,0,HB,CHN,Online TA,TA/TO,0,0,0,D,D,0,No Deposit,9.0,0,Transient,181.2,0,1
City Hotel,1,71,2017,May,20,14,2,1,2,0.0,0,BB,PRT,Online TA,TA/TO,0,0,0,A,A,0,No Deposit,7.0,0,Transient,115.2,0,0
City Hotel,1,201,2017,May,20,14,2,1,2,0.0,0,BB,FRA,Online TA,TA/TO,0,0,0,D,D,4,No Deposit,9.0,0,Transient,139.5,0,1
City Hotel,1,23,2017,May,20,14,2,1,2,0.0,0,BB,FRA,Online TA,TA/TO,0,0,0,D,D,0,No Deposit,9.0,0,Transient,163.33,0,2
City Hotel,1,98,2017,May,20,14,3,5,2,0.0,0,SC,BRA,Online TA,TA/TO,0,0,0,A,A,2,No Deposit,9.0,0,Transient,121.88,0,0
City Hotel,1,365,2017,May,20,15,1,0,2,0.0,0,BB,BEN,Online TA,TA/TO,0,0,0,D,D,0,No Deposit,9.0,0,Transient,122.4,0,2
City Hotel,1,0,2017,May,20,15,1,0,2,0.0,0,BB,PRT,Direct,Direct,0,0,0,A,A,0,No Deposit,,0,Transient,12.0,0,0
City Hotel,1,345,2017,May,20,15,1,0,2,0.0,0,BB,BRA,Online TA,TA/TO,0,0,0,A,A,0,No Deposit,9.0,0,Transient,109.8,0,1
City Hotel,1,197,2017,May,20,15,1,0,2,0.0,0,BB,BRA,Online TA,TA/TO,0,0,0,D,D,2,No Deposit,9.0,0,Transient,138.6,0,1
City Hotel,1,24,2017,May,20,15,1,1,2,0.0,0,BB,CHN,Online TA,TA/TO,0,0,0,D,D,0,No Deposit,9.0,0,Transient,135.0,0,0
City Hotel,1,24,2017,May,20,15,1,1,2,0.0,0,BB,CHN,Online TA,TA/TO,0,0,0,F,F,0,No Deposit,9.0,0,Transient,207.0,0,0
City Hotel,1,218,2017,May,20,15,1,1,2,0.0,0,SC,CHE,Online TA,TA/TO,0,0,0,A,A,0,No Deposit,9.0,0,Transient,107.1,0,0
City Hotel,1,24,2017,May,20,15,1,1,2,0.0,0,BB,CHN,Online TA,TA/TO,0,0,0,D,D,0,No Deposit,9.0,0,Transient,135.0,0,0
City Hotel,1,15,2017,May,20,15,1,1,2,0.0,0,BB,ROU,Online TA,TA/TO,0,0,0,D,D,0,No Deposit,9.0,0,Transient,150.0,0,1
City Hotel,1,24,2017,May,20,15,1,1,2,0.0,0,BB,CHN,Online TA,TA/TO,0,0,0,D,D,0,No Deposit,9.0,0,Transient,135.0,0,0
City Hotel,1,21,2017,May,20,15,1,1,2,0.0,0,BB,TUR,Online TA,TA/TO,0,0,0,D,D,0,No Deposit,9.0,0,Transient,150.0,0,1
City Hotel,1,320,2017,May,20,15,1,1,2,0.0,0,BB,PRT,Offline TA/TO,TA/TO,0,0,0,A,A,0,No Deposit,229.0,0,Transient-Party,90.0,0,1
City Hotel,1,30,2017,May,20,15,1,1,2,0.0,0,BB,IDN,Online TA,TA/TO,0,0,0,D,D,0,No Deposit,9.0,0,Transient,190.0,0,1
City Hotel,1,179,2017,May,20,15,1,2,2,0.0,0,BB,PRT,Offline TA/TO,TA/TO,0,0,0,A,A,0,Non Refund,58.0,0,Transient,96.4,0,0
City Hotel,1,104,2017,May,20,15,1,2,2,0.0,0,BB,PRT,Groups,TA/TO,0,0,0,A,A,0,Non Refund,,0,Transient,170.0,0,0
City Hotel,1,22,2017,May,20,15,1,2,2,0.0,0,BB,DEU,Online TA,TA/TO,0,0,0,D,D,0,No Deposit,9.0,0,Transient,163.33,0,0
City Hotel,1,104,2017,May,20,15,1,2,2,0.0,0,BB,PRT,Groups,TA/TO,0,0,0,A,A,0,Non Refund,,0,Transient,170.0,0,0
City Hotel,1,179,2017,May,20,15,1,2,2,0.0,0,BB,PRT,Offline TA/TO,TA/TO,0,0,0,A,A,0,Non Refund,58.0,0,Transient,96.4,0,0
City Hotel,1,104,2017,May,20,15,1,2,2,0.0,0,BB,PRT,Groups,TA/TO,0,0,0,A,A,0,Non Refund,,0,Transient,170.0,0,0
City Hotel,1,104,2017,May,20,15,1,2,2,0.0,0,BB,PRT,Groups,TA/TO,0,0,0,A,A,0,Non Refund,,0,Transient,170.0,0,0
City Hotel,1,11,2017,May,20,15,1,2,2,0.0,0,BB,UMI,Online TA,TA/TO,0,0,0,E,E,0,No Deposit,9.0,0,Transient,200.0,0,1
City Hotel,1,104,2017,May,20,15,1,2,2,0.0,0,BB,PRT,Groups,TA/TO,0,0,0,A,A,0,Non Refund,,0,Transient,170.0,0,0
City Hotel,1,104,2017,May,20,15,1,2,2,0.0,0,BB,PRT,Groups,TA/TO,0,0,0,A,A,0,Non Refund,,0,Transient,170.0,0,0
City Hotel,1,47,2017,May,20,15,1,2,2,0.0,0,BB,PRT,Groups,TA/TO,0,0,0,A,A,0,No Deposit,,0,Transient-Party,125.0,0,0
City Hotel,1,47,2017,May,20,15,1,2,2,0.0,0,BB,PRT,Groups,TA/TO,0,0,0,A,A,0,No Deposit,,0,Transient-Party,125.0,0,0
City Hotel,1,103,2017,May,20,15,1,2,2,0.0,0,BB,DEU,Online TA,TA/TO,0,0,0,A,A,0,No Deposit,9.0,0,Transient,144.0,0,0
City Hotel,1,104,2017,May,20,15,1,2,2,0.0,0,BB,PRT,Groups,TA/TO,0,0,0,A,A,0,Non Refund,,0,Transient,170.0,0,0
City Hotel,1,104,2017,May,20,15,1,2,2,0.0,0,BB,PRT,Groups,TA/TO,0,0,0,A,A,0,Non Refund,,0,Transient,170.0,0,0
City Hotel,1,104,2017,May,20,15,1,2,2,0.0,0,BB,PRT,Groups,TA/TO,0,0,0,A,A,0,Non Refund,,0,Transient,170.0,0,0
City Hotel,1,104,2017,May,20,15,1,2,2,0.0,0,BB,PRT,Groups,TA/TO,0,0,0,A,A,0,Non Refund,,0,Transient,170.0,0,0
City Hotel,1,179,2017,May,20,15,1,2,2,0.0,0,BB,PRT,Offline TA/TO,TA/TO,0,0,0,A,A,0,Non Refund,58.0,0,Transient,96.4,0,0
City Hotel,1,47,2017,May,20,15,1,2,2,0.0,0,BB,PRT,Groups,TA/TO,0,0,0,A,A,0,No Deposit,,0,Transient-Party,125.0,0,0
City Hotel,1,164,2017,May,20,15,1,2,2,0.0,0,BB,PRT,Groups,TA/TO,0,0,0,A,A,0,Non Refund,,60,Transient,170.0,0,0
City Hotel,1,47,2017,May,20,15,1,2,2,0.0,0,BB,PRT,Groups,TA/TO,0,0,0,A,A,0,No Deposit,,0,Transient-Party,125.0,0,0
City Hotel,1,47,2017,May,20,15,1,2,2,0.0,0,BB,PRT,Groups,TA/TO,0,0,0,A,A,0,No Deposit,,0,Transient-Party,125.0,0,0
City Hotel,1,104,2017,May,20,15,1,2,2,0.0,0,BB,PRT,Groups,TA/TO,0,0,0,A,A,0,Non Refund,,0,Transient,170.0,0,0
City Hotel,1,104,2017,May,20,15,1,2,2,0.0,0,BB,PRT,Groups,TA/TO,0,0,0,A,A,0,Non Refund,,0,Transient,170.0,0,0
City Hotel,1,104,2017,May,20,15,1,2,2,0.0,0,BB,PRT,Groups,TA/TO,0,0,0,A,A,0,Non Refund,,0,Transient,170.0,0,0
City Hotel,1,179,2017,May,20,15,1,2,2,0.0,0,BB,PRT,Offline TA/TO,TA/TO,0,0,0,A,A,0,Non Refund,58.0,0,Transient,96.4,0,0
City Hotel,1,104,2017,May,20,15,1,2,2,0.0,0,BB,PRT,Groups,TA/TO,0,0,0,A,A,0,Non Refund,,0,Transient,170.0,0,0
City Hotel,1,104,2017,May,20,15,1,2,2,0.0,0,BB,PRT,Groups,TA/TO,0,0,0,A,A,0,Non Refund,,0,Transient,170.0,0,0
City Hotel,1,104,2017,May,20,15,1,2,2,0.0,0,BB,PRT,Groups,TA/TO,0,0,0,A,A,0,Non Refund,,0,Transient,170.0,0,0
City Hotel,1,47,2017,May,20,15,1,2,2,0.0,0,BB,PRT,Groups,TA/TO,0,0,0,A,A,0,No Deposit,,0,Transient-Party,125.0,0,0
City Hotel,1,47,2017,May,20,15,1,2,2,0.0,0,BB,PRT,Groups,TA/TO,0,0,0,A,A,0,No Deposit,,0,Transient-Party,125.0,0,0
City Hotel,1,22,2017,May,20,15,1,2,2,0.0,0,BB,ARG,Online TA,TA/TO,0,0,0,D,D,0,No Deposit,9.0,0,Transient,163.33,0,0
City Hotel,1,104,2017,May,20,15,1,2,2,0.0,0,BB,PRT,Groups,TA/TO,0,0,0,A,A,0,Non Refund,,0,Transient,170.0,0,0
City Hotel,1,193,2017,May,20,15,1,2,2,0.0,0,BB,PRT,Offline TA/TO,TA/TO,0,0,0,A,A,0,Non Refund,58.0,14,Transient,96.4,0,0
City Hotel,1,104,2017,May,20,15,1,2,2,0.0,0,BB,PRT,Groups,TA/TO,0,0,0,A,A,0,Non Refund,,0,Transient,170.0,0,0
City Hotel,1,70,2017,May,20,15,1,3,2,0.0,0,BB,FRA,Online TA,TA/TO,0,0,0,A,A,0,No Deposit,9.0,0,Transient,144.0,0,0
City Hotel,1,104,2017,May,20,15,1,2,2,0.0,0,BB,PRT,Groups,TA/TO,0,0,0,A,A,0,Non Refund,,0,Transient,170.0,0,0
City Hotel,1,210,2017,May,20,15,1,3,2,0.0,0,BB,DEU,Online TA,TA/TO,0,0,0,A,A,0,No Deposit,9.0,0,Transient,125.1,0,3
City Hotel,1,78,2017,May,20,15,1,3,2,0.0,0,SC,CHE,Online TA,TA/TO,0,0,0,A,A,0,No Deposit,9.0,0,Transient,119.25,0,0
City Hotel,1,77,2017,May,20,15,1,3,2,0.0,0,SC,CHE,Online TA,TA/TO,0,0,0,A,A,0,No Deposit,9.0,0,Transient,119.25,0,0
City Hotel,1,172,2017,May,20,15,1,3,2,0.0,0,BB,FRA,Online TA,TA/TO,0,0,0,A,A,0,No Deposit,9.0,0,Transient,125.1,0,0
City Hotel,1,344,2017,May,20,15,1,3,2,0.0,0,BB,FRA,Online TA,TA/TO,0,0,0,A,B,1,No Deposit,9.0,0,Transient,109.8,0,1
City Hotel,1,67,2017,May,20,15,1,4,2,0.0,0,BB,DEU,Online TA,TA/TO,0,0,0,A,A,0,No Deposit,9.0,0,Transient,162.0,0,0
City Hotel,1,104,2017,May,20,15,1,4,2,0.0,0,BB,RUS,Online TA,TA/TO,0,0,0,D,D,0,No Deposit,9.0,0,Transient,147.6,0,0
City Hotel,1,37,2017,May,20,15,1,4,2,0.0,0,SC,IND,Online TA,TA/TO,0,0,0,A,A,0,No Deposit,9.0,0,Transient,160.0,0,0
City Hotel,1,188,2017,May,20,15,1,5,2,0.0,0,BB,BRA,Online TA,TA/TO,0,0,0,A,A,0,No Deposit,9.0,0,Transient,130.8,0,1
City Hotel,1,102,2017,May,20,15,1,4,2,0.0,0,BB,DEU,Online TA,TA/TO,0,0,0,A,A,0,No Deposit,9.0,0,Transient,138.6,0,2
City Hotel,1,394,2017,May,20,16,0,1,2,0.0,0,BB,PRT,Offline TA/TO,TA/TO,0,0,0,A,A,0,Non Refund,229.0,0,Transient-Party,90.0,0,0
City Hotel,1,394,2017,May,20,16,0,1,2,0.0,0,BB,PRT,Offline TA/TO,TA/TO,0,0,0,A,A,0,Non Refund,229.0,0,Transient,90.0,0,0
City Hotel,1,394,2017,May,20,16,0,1,2,0.0,0,BB,PRT,Offline TA/TO,TA/TO,0,0,0,A,A,0,Non Refund,229.0,0,Transient,90.0,0,0
City Hotel,1,394,2017,May,20,16,0,1,2,0.0,0,BB,PRT,Offline TA/TO,TA/TO,0,0,0,A,A,0,Non Refund,229.0,0,Transient,90.0,0,0
City Hotel,1,394,2017,May,20,16,0,1,2,0.0,0,BB,PRT,Offline TA/TO,TA/TO,0,0,0,A,A,0,Non Refund,229.0,0,Transient,90.0,0,0
City Hotel,1,394,2017,May,20,16,0,1,2,0.0,0,BB,PRT,Offline TA/TO,TA/TO,0,0,0,A,A,0,Non Refund,229.0,0,Transient,90.0,0,0
City Hotel,1,394,2017,May,20,16,0,1,2,0.0,0,BB,PRT,Offline TA/TO,TA/TO,0,0,0,A,A,0,Non Refund,229.0,0,Transient,90.0,0,0
City Hotel,1,346,2017,May,20,16,0,1,2,0.0,0,BB,BRA,Online TA,TA/TO,0,0,0,A,A,0,No Deposit,9.0,0,Transient,109.8,0,1
City Hotel,1,20,2017,May,20,16,0,1,2,0.0,0,BB,CN,Direct,Direct,0,0,0,D,D,0,No Deposit,14.0,0,Transient,145.0,0,1
City Hotel,1,394,2017,May,20,16,0,1,2,0.0,0,BB,PRT,Offline TA/TO,TA/TO,0,0,0,A,A,0,Non Refund,229.0,0,Transient,90.0,0,0
City Hotel,1,394,2017,May,20,16,0,1,2,0.0,0,BB,PRT,Offline TA/TO,TA/TO,0,0,0,A,A,0,Non Refund,229.0,0,Transient,90.0,0,0
City Hotel,1,394,2017,May,20,16,0,1,2,0.0,0,BB,PRT,Offline TA/TO,TA/TO,0,0,0,A,A,0,Non Refund,229.0,0,Transient,90.0,0,0
City Hotel,1,21,2017,May,20,16,0,2,2,0.0,0,BB,ITA,Online TA,TA/TO,0,0,0,D,D,0,No Deposit,9.0,0,Transient,170.0,0,1
City Hotel,1,312,2017,May,20,16,0,2,2,0.0,0,BB,PRT,Offline TA/TO,TA/TO,0,0,0,A,A,0,No Deposit,276.0,0,Transient-Party,89.1,0,0
City Hotel,1,108,2017,May,20,16,0,3,2,0.0,0,BB,BRA,Online TA,TA/TO,0,0,0,D,D,0,No Deposit,9.0,0,Transient,144.0,0,0
City Hotel,1,320,2017,May,20,16,0,3,2,0.0,0,BB,SWE,Online TA,TA/TO,0,0,0,A,A,0,No Deposit,9.0,0,Transient,109.8,0,2
City Hotel,1,75,2017,May,20,16,0,3,2,0.0,0,SC,IRL,Online TA,TA/TO,0,0,0,A,A,0,No Deposit,9.0,0,Transient,126.0,0,1
City Hotel,1,71,2017,May,20,16,0,3,2,0.0,0,BB,FRA,Direct,Direct,0,0,0,A,A,0,No Deposit,14.0,0,Transient,126.0,0,0
City Hotel,1,71,2017,May,20,16,0,3,2,0.0,0,BB,FRA,Direct,Direct,0,0,0,A,A,0,No Deposit,14.0,0,Transient,126.0,0,0
City Hotel,1,120,2017,May,20,16,0,3,2,0.0,0,HB,BEL,Online TA,TA/TO,0,0,0,D,D,0,No Deposit,9.0,0,Transient,184.8,0,0
City Hotel,1,182,2017,May,20,16,0,3,2,0.0,0,BB,BRA,Online TA,TA/TO,0,0,0,D,D,0,No Deposit,9.0,0,Transient,138.6,0,2
City Hotel,1,88,2017,May,20,16,0,3,2,0.0,0,SC,ITA,Online TA,TA/TO,0,0,0,A,A,0,No Deposit,9.0,0,Transient,117.0,0,0
City Hotel,1,88,2017,May,20,16,0,3,2,0.0,0,SC,ITA,Online TA,TA/TO,0,0,0,A,A,0,No Deposit,9.0,0,Transient,117.0,0,0
City Hotel,1,75,2017,May,20,16,0,3,2,0.0,0,SC,IRL,Online TA,TA/TO,0,0,0,A,A,0,No Deposit,9.0,0,Transient,126.0,0,1
City Hotel,1,86,2017,May,20,16,0,4,2,0.0,0,SC,ITA,Online TA,TA/TO,0,0,0,A,A,0,No Deposit,9.0,0,Transient,119.25,0,0
City Hotel,1,99,2017,May,20,16,0,4,2,0.0,0,BB,FRA,Online TA,TA/TO,0,0,0,A,A,0,No Deposit,9.0,0,Transient,137.25,0,0
City Hotel,1,183,2017,May,20,16,0,4,2,0.0,0,SC,FRA,Online TA,TA/TO,0,0,0,A,A,0,No Deposit,9.0,0,Transient,107.33,0,1
City Hotel,1,57,2017,May,20,16,0,4,2,0.0,0,SC,DEU,Online TA,TA/TO,0,0,0,A,A,0,No Deposit,9.0,0,Transient,144.0,0,0
City Hotel,1,297,2017,May,20,16,0,4,2,0.0,0,BB,DEU,Online TA,TA/TO,0,0,0,A,A,0,No Deposit,9.0,0,Transient,109.8,0,2
City Hotel,1,13,2017,May,20,16,0,5,2,0.0,0,BB,USA,Online TA,TA/TO,0,0,0,D,D,0,No Deposit,9.0,0,Transient,182.0,0,2
City Hotel,1,86,2017,May,20,16,0,5,2,0.0,0,SC,AUS,Online TA,TA/TO,0,0,0,A,A,0,No Deposit,9.0,0,Transient,120.6,0,0
City Hotel,1,86,2017,May,20,16,0,5,2,0.0,0,SC,AUS,Online TA,TA/TO,0,0,0,A,A,0,No Deposit,9.0,0,Transient,120.6,0,0
City Hotel,1,13,2017,May,20,16,0,5,2,0.0,0,BB,USA,Online TA,TA/TO,0,0,0,D,D,0,No Deposit,9.0,0,Transient,182.0,0,2
City Hotel,1,12,2017,May,20,16,2,5,2,0.0,0,BB,GBR,Online TA,TA/TO,0,0,0,D,D,0,No Deposit,9.0,0,Transient,175.71,0,2
City Hotel,1,57,2017,May,20,16,2,6,2,0.0,0,SC,EGY,Online TA,TA/TO,0,0,0,A,A,0,No Deposit,9.0,0,Transient,144.0,0,0
City Hotel,1,313,2017,May,20,17,0,1,2,0.0,0,BB,PRT,Groups,TA/TO,0,0,0,A,A,1,No Deposit,276.0,0,Transient-Party,89.1,0,0
City Hotel,1,32,2017,May,20,17,0,1,2,0.0,0,BB,PRT,Direct,Direct,0,0,0,D,D,0,No Deposit,14.0,0,Transient,185.0,0,0
City Hotel,1,0,2017,May,20,17,0,1,2,0.0,0,BB,PRT,Direct,Direct,0,0,0,F,F,0,No Deposit,,0,Transient,265.0,0,0
City Hotel,1,237,2017,May,20,17,0,1,2,0.0,0,BB,CN,Online TA,TA/TO,0,0,0,A,A,0,No Deposit,9.0,0,Transient,125.1,0,2
City Hotel,1,66,2017,May,20,17,0,2,2,0.0,0,SC,NLD,Online TA,TA/TO,0,0,0,A,A,0,No Deposit,9.0,0,Transient,144.0,0,0
City Hotel,1,15,2017,May,20,17,0,2,2,0.0,0,BB,ESP,Online TA,TA/TO,0,0,0,D,D,0,No Deposit,9.0,0,Transient,190.0,0,1
City Hotel,1,66,2017,May,20,17,0,2,2,0.0,0,SC,NLD,Online TA,TA/TO,0,0,0,A,A,0,No Deposit,9.0,0,Transient,144.0,0,0
City Hotel,1,66,2017,May,20,17,0,2,2,0.0,0,SC,NLD,Online TA,TA/TO,0,0,0,A,A,0,No Deposit,9.0,0,Transient,144.0,0,0
City Hotel,1,69,2017,May,20,17,0,2,2,0.0,0,SC,IND,Online TA,TA/TO,0,0,0,A,A,0,No Deposit,9.0,0,Transient,144.0,0,0
City Hotel,1,28,2017,May,20,17,0,2,2,0.0,0,BB,ESP,Online TA,TA/TO,0,0,0,D,D,0,No Deposit,9.0,0,Transient,190.0,0,1
City Hotel,1,79,2017,May,20,17,0,2,2,0.0,0,SC,IND,Online TA,TA/TO,0,0,0,A,A,0,No Deposit,9.0,0,Transient,112.5,0,0
City Hotel,1,66,2017,May,20,17,0,2,2,0.0,0,SC,NLD,Online TA,TA/TO,0,0,0,A,A,0,No Deposit,9.0,0,Transient,144.0,0,0
City Hotel,1,395,2017,May,20,17,0,3,2,0.0,0,BB,PRT,Offline TA/TO,TA/TO,0,0,0,A,A,0,No Deposit,229.0,0,Transient-Party,90.0,0,0
City Hotel,1,395,2017,May,20,17,0,3,2,0.0,0,BB,PRT,Offline TA/TO,TA/TO,0,0,0,A,A,0,No Deposit,229.0,0,Transient-Party,90.0,0,0
City Hotel,1,49,2017,May,20,17,0,3,2,0.0,0,BB,BRA,Online TA,TA/TO,0,0,0,A,A,0,No Deposit,9.0,0,Transient,180.0,0,1
City Hotel,1,395,2017,May,20,17,0,3,2,0.0,0,BB,PRT,Offline TA/TO,TA/TO,0,0,0,A,A,0,No Deposit,229.0,0,Transient-Party,90.0,0,0
City Hotel,1,267,2017,May,20,17,0,3,2,0.0,0,BB,AUT,Online TA,TA/TO,0,0,0,B,B,1,No Deposit,9.0,0,Transient,108.95,0,2
City Hotel,1,88,2017,May,20,17,0,3,2,0.0,0,SC,ITA,Online TA,TA/TO,0,0,0,A,A,0,No Deposit,9.0,0,Transient,117.0,0,0
City Hotel,1,88,2017,May,20,17,0,3,2,0.0,0,SC,ITA,Online TA,TA/TO,0,0,0,A,A,0,No Deposit,9.0,0,Transient,117.0,0,0
City Hotel,1,395,2017,May,20,17,0,3,2,0.0,0,BB,PRT,Offline TA/TO,TA/TO,0,0,0,A,A,0,No Deposit,229.0,0,Transient-Party,90.0,0,0
City Hotel,1,88,2017,May,20,17,0,3,2,0.0,0,SC,ITA,Online TA,TA/TO,0,0,0,A,A,0,No Deposit,9.0,0,Transient,117.0,0,0
City Hotel,1,61,2017,May,20,17,0,4,2,0.0,0,BB,DEU,Online TA,TA/TO,0,0,0,A,A,0,No Deposit,9.0,0,Transient,162.0,0,1
City Hotel,1,66,2017,May,20,17,0,4,2,0.0,0,SC,BEL,Online TA,TA/TO,0,0,0,A,A,0,No Deposit,9.0,0,Transient,144.0,0,0
City Hotel,1,119,2017,May,20,17,1,4,2,0.0,0,BB,ARG,Online TA,TA/TO,0,0,0,D,D,0,No Deposit,9.0,0,Transient,138.6,0,0
City Hotel,1,105,2017,May,20,17,1,4,2,0.0,0,SC,NOR,Online TA,TA/TO,0,0,0,A,A,0,No Deposit,9.0,0,Transient,120.6,0,0
City Hotel,1,79,2017,May,20,17,2,4,2,0.0,0,SC,USA,Direct,Direct,0,0,0,A,A,0,No Deposit,14.0,0,Transient,135.0,0,0
City Hotel,1,0,2017,May,20,18,0,1,2,0.0,0,SC,PRT,Online TA,TA/TO,0,0,0,A,A,0,No Deposit,9.0,0,Transient,144.0,0,1
City Hotel,1,96,2017,May,20,18,0,1,2,0.0,0,BB,AUS,Direct,Direct,0,0,0,A,A,0,No Deposit,14.0,0,Transient,99.0,0,0
City Hotel,1,55,2017,May,20,18,0,2,2,0.0,0,BB,BRA,Online TA,TA/TO,0,0,0,D,D,0,No Deposit,9.0,0,Transient,190.0,0,2
City Hotel,1,356,2017,May,20,18,0,2,2,0.0,0,SC,GBR,Online TA,TA/TO,0,0,0,A,A,0,No Deposit,9.0,0,Transient,99.0,0,0
City Hotel,1,323,2017,May,20,18,0,2,2,0.0,0,SC,GBR,Online TA,TA/TO,0,0,0,A,A,0,No Deposit,9.0,0,Transient,99.0,0,0
City Hotel,1,55,2017,May,20,18,0,2,2,0.0,0,BB,BRA,Online TA,TA/TO,0,0,0,D,D,0,No Deposit,9.0,0,Transient,190.0,0,2
City Hotel,1,127,2017,May,20,18,0,2,2,0.0,0,BB,GBR,Online TA,TA/TO,0,0,0,A,A,0,No Deposit,9.0,0,Transient,126.0,0,0
City Hotel,1,115,2017,May,20,18,0,3,2,0.0,0,BB,PRT,Offline TA/TO,TA/TO,0,0,0,A,A,0,Non Refund,170.0,0,Transient,190.0,0,0
City Hotel,1,115,2017,May,20,18,0,3,2,0.0,0,BB,AUT,Online TA,TA/TO,0,0,0,D,D,0,No Deposit,9.0,0,Transient,135.0,0,0
City Hotel,1,115,2017,May,20,18,0,3,2,0.0,0,BB,PRT,Offline TA/TO,TA/TO,0,0,0,A,A,0,Non Refund,170.0,0,Transient,190.0,0,0
City Hotel,1,115,2017,May,20,18,0,3,2,0.0,0,BB,PRT,Offline TA/TO,TA/TO,0,0,0,A,A,0,Non Refund,170.0,0,Transient,190.0,0,0
City Hotel,1,178,2017,May,20,18,0,3,2,0.0,0,SC,CHE,Online TA,TA/TO,0,0,0,A,A,0,No Deposit,9.0,0,Transient,125.7,0,0
City Hotel,1,122,2017,May,20,18,0,3,2,0.0,0,BB,PRT,Offline TA/TO,TA/TO,0,0,0,A,A,0,Non Refund,170.0,7,Transient,190.0,0,0
City Hotel,1,115,2017,May,20,18,0,3,2,0.0,0,BB,AUT,Online TA,TA/TO,0,0,0,D,D,0,No Deposit,9.0,0,Transient,135.0,0,0
City Hotel,1,115,2017,May,20,18,0,3,2,0.0,0,BB,AUT,Online TA,TA/TO,0,0,0,E,E,0,No Deposit,9.0,0,Transient,162.0,0,0
City Hotel,1,115,2017,May,20,18,0,3,2,0.0,0,BB,PRT,Offline TA/TO,TA/TO,0,0,0,A,A,0,Non Refund,170.0,0,Transient,190.0,0,0
City Hotel,1,10,2017,May,20,18,0,3,2,0.0,0,BB,PRT,Online TA,TA/TO,0,0,0,A,A,0,No Deposit,7.0,0,Transient,160.0,0,1
City Hotel,1,119,2017,May,20,18,0,3,2,0.0,0,BB,DEU,Online TA,TA/TO,0,0,0,A,A,0,No Deposit,9.0,0,Transient,126.0,0,0
City Hotel,1,115,2017,May,20,18,0,3,2,0.0,0,BB,AUT,Online TA,TA/TO,0,0,0,D,D,0,No Deposit,9.0,0,Transient,135.0,0,0
City Hotel,1,115,2017,May,20,18,0,3,2,0.0,0,BB,PRT,Offline TA/TO,TA/TO,0,0,0,A,A,0,Non Refund,170.0,0,Transient,190.0,0,0
City Hotel,1,115,2017,May,20,18,0,3,2,0.0,0,BB,PRT,Offline TA/TO,TA/TO,0,0,0,A,A,0,Non Refund,170.0,0,Transient,190.0,0,0
City Hotel,1,115,2017,May,20,18,0,3,2,0.0,0,BB,PRT,Offline TA/TO,TA/TO,0,0,0,A,A,0,Non Refund,170.0,0,Transient,190.0,0,0
City Hotel,1,115,2017,May,20,18,0,3,2,0.0,0,BB,AUT,Online TA,TA/TO,0,0,0,D,D,0,No Deposit,9.0,0,Transient,135.0,0,0
City Hotel,1,178,2017,May,20,18,0,3,2,0.0,0,SC,CHE,Online TA,TA/TO,0,0,0,A,A,0,No Deposit,9.0,0,Transient,125.7,0,0
City Hotel,1,57,2017,May,20,18,0,3,2,0.0,0,BB,AUT,Online TA,TA/TO,0,0,0,A,A,0,No Deposit,9.0,0,Transient,162.0,0,0
City Hotel,1,115,2017,May,20,18,0,3,2,0.0,0,BB,PRT,Offline TA/TO,TA/TO,0,0,0,A,A,0,Non Refund,170.0,0,Transient,190.0,0,0
City Hotel,1,115,2017,May,20,18,0,3,2,0.0,0,BB,PRT,Offline TA/TO,TA/TO,0,0,0,A,A,0,Non Refund,170.0,0,Transient,190.0,0,0
City Hotel,1,115,2017,May,20,18,0,3,2,0.0,0,BB,PRT,Offline TA/TO,TA/TO,0,0,0,A,A,0,Non Refund,170.0,0,Transient,190.0,0,0
City Hotel,1,115,2017,May,20,18,0,3,2,0.0,0,BB,AUT,Online TA,TA/TO,0,0,0,D,D,0,No Deposit,9.0,0,Transient,135.0,0,0
City Hotel,1,115,2017,May,20,18,0,3,2,0.0,0,BB,AUT,Online TA,TA/TO,0,0,0,D,D,0,No Deposit,9.0,0,Transient,135.0,0,0
City Hotel,1,67,2017,May,20,18,0,3,2,0.0,0,SC,DEU,Online TA,TA/TO,0,0,0,A,A,0,No Deposit,9.0,0,Transient,144.0,0,0
City Hotel,1,107,2017,May,20,18,1,3,2,0.0,0,BB,LUX,Online TA,TA/TO,0,0,0,D,D,0,No Deposit,9.0,0,Transient,146.25,0,0
City Hotel,1,9,2017,May,20,18,1,3,2,0.0,0,SC,ESP,Online TA,TA/TO,0,0,0,A,A,0,No Deposit,9.0,0,Transient,140.0,0,1
City Hotel,1,52,2017,May,20,18,1,3,2,0.0,0,SC,CHE,Online TA,TA/TO,0,0,0,A,A,0,No Deposit,9.0,0,Transient,160.0,0,0
City Hotel,1,123,2017,May,20,18,1,3,2,0.0,0,SC,ARG,Online TA,TA/TO,0,0,0,A,A,0,No Deposit,9.0,0,Transient,108.0,0,1
City Hotel,1,48,2017,May,20,18,1,3,2,0.0,0,SC,CHE,Online TA,TA/TO,0,0,0,A,A,0,No Deposit,9.0,0,Transient,160.0,0,1
City Hotel,1,94,2017,May,20,18,2,3,2,0.0,0,SC,BRA,Online TA,TA/TO,0,0,0,A,A,0,No Deposit,9.0,0,Transient,120.6,0,0
City Hotel,1,94,2017,May,20,18,2,3,2,0.0,0,SC,BRA,Online TA,TA/TO,0,0,0,A,A,0,No Deposit,9.0,0,Transient,120.6,0,0
City Hotel,1,46,2017,May,20,18,2,3,2,0.0,0,SC,FRA,Online TA,TA/TO,0,0,0,A,A,0,No Deposit,9.0,0,Transient,160.0,0,1
City Hotel,1,84,2017,May,20,18,2,5,2,0.0,0,BB,FRA,Online TA,TA/TO,0,0,0,A,A,0,No Deposit,9.0,0,Transient,140.14,0,1
City Hotel,1,85,2017,May,20,18,2,5,2,0.0,0,BB,BRA,Online TA,TA/TO,0,0,0,A,A,0,No Deposit,9.0,0,Transient,140.14,0,1
City Hotel,1,226,2017,May,20,18,4,10,2,0.0,0,SC,SWE,Online TA,TA/TO,0,0,0,A,A,0,No Deposit,9.0,0,Transient,118.29,0,0
City Hotel,1,15,2017,May,20,19,0,1,2,0.0,0,BB,CN,Online TA,TA/TO,0,0,0,A,A,0,No Deposit,9.0,0,Transient,160.0,0,1
City Hotel,1,151,2017,May,20,19,0,1,2,0.0,0,BB,USA,Online TA,GDS,0,0,0,A,A,0,No Deposit,195.0,0,Transient,140.0,0,1
City Hotel,1,105,2017,May,20,19,0,1,2,0.0,0,SC,JEY,Online TA,TA/TO,0,0,0,A,A,0,No Deposit,9.0,0,Transient,126.0,0,0
City Hotel,1,108,2017,May,20,19,0,1,2,0.0,0,SC,ZAF,Online TA,TA/TO,0,0,0,A,A,0,No Deposit,9.0,0,Transient,126.0,0,0
City Hotel,1,108,2017,May,20,19,0,1,2,0.0,0,SC,ZAF,Online TA,TA/TO,0,0,0,A,A,0,No Deposit,9.0,0,Transient,126.0,0,0
City Hotel,1,151,2017,May,20,19,0,1,2,0.0,0,BB,USA,Online TA,GDS,0,0,0,A,A,0,No Deposit,195.0,0,Transient,140.0,0,1
City Hotel,1,14,2017,May,20,19,0,2,2,0.0,0,BB,ECU,Direct,Direct,0,0,0,D,D,0,No Deposit,14.0,0,Transient,165.0,0,0
City Hotel,1,123,2017,May,20,19,0,2,2,0.0,0,BB,FRA,Online TA,TA/TO,0,0,0,A,A,0,No Deposit,9.0,0,Transient,126.0,0,0
City Hotel,1,178,2017,May,20,19,0,2,2,0.0,0,BB,GBR,Online TA,TA/TO,0,0,0,D,D,0,No Deposit,9.0,0,Transient,139.5,0,0
City Hotel,1,178,2017,May,20,19,0,2,2,0.0,0,BB,GBR,Online TA,TA/TO,0,0,0,D,D,0,No Deposit,9.0,0,Transient,139.5,0,0
City Hotel,1,178,2017,May,20,19,0,2,2,0.0,0,BB,GBR,Online TA,TA/TO,0,0,0,D,D,0,No Deposit,9.0,0,Transient,139.5,0,0
City Hotel,1,317,2017,May,20,19,0,1,2,0.0,0,BB,DEU,Online TA,TA/TO,0,0,0,D,D,0,No Deposit,9.0,0,Transient,123.3,0,2
City Hotel,1,178,2017,May,20,19,0,2,2,0.0,0,BB,GBR,Online TA,TA/TO,0,0,0,D,D,0,No Deposit,9.0,0,Transient,139.5,0,0
City Hotel,1,112,2017,May,20,19,0,2,2,0.0,0,BB,IRL,Online TA,TA/TO,0,0,0,D,D,0,No Deposit,9.0,0,Transient,153.0,0,0
City Hotel,1,178,2017,May,20,19,0,2,2,0.0,0,BB,GBR,Online TA,TA/TO,0,0,0,D,D,0,No Deposit,9.0,0,Transient,139.5,0,0
City Hotel,1,178,2017,May,20,19,0,2,2,0.0,0,BB,GBR,Online TA,TA/TO,0,0,0,D,D,0,No Deposit,9.0,0,Transient,139.5,0,0
City Hotel,1,178,2017,May,20,19,0,2,2,0.0,0,SC,GBR,Online TA,TA/TO,0,0,0,A,A,0,No Deposit,9.0,0,Transient,135.0,0,0
City Hotel,1,178,2017,May,20,19,0,2,2,0.0,0,BB,GBR,Online TA,TA/TO,0,0,0,D,D,0,No Deposit,9.0,0,Transient,139.5,0,0
City Hotel,1,178,2017,May,20,19,0,2,2,0.0,0,BB,GBR,Online TA,TA/TO,0,0,0,D,D,0,No Deposit,9.0,0,Transient,139.5,0,0
City Hotel,1,178,2017,May,20,19,0,2,2,0.0,0,BB,GBR,Online TA,TA/TO,0,0,0,D,D,0,No Deposit,9.0,0,Transient,139.5,0,0
City Hotel,1,140,2017,May,20,19,0,2,2,0.0,0,BB,BRA,Online TA,TA/TO,0,0,0,E,E,0,No Deposit,9.0,0,Transient,162.0,0,1
City Hotel,1,69,2017,May,20,19,0,2,2,0.0,0,BB,PRT,Offline TA/TO,TA/TO,0,0,0,A,A,0,No Deposit,27.0,0,Transient,99.0,0,0
City Hotel,1,99,2017,May,20,19,0,2,2,0.0,0,BB,PRT,Offline TA/TO,TA/TO,0,0,0,A,A,0,No Deposit,121.0,0,Transient,89.1,0,0
City Hotel,1,24,2017,May,20,19,0,2,2,0.0,0,SC,USA,Online TA,TA/TO,0,0,0,A,A,0,No Deposit,7.0,0,Transient,128.0,0,1
City Hotel,1,178,2017,May,20,19,0,2,2,0.0,0,BB,GBR,Online TA,TA/TO,0,0,0,D,D,0,No Deposit,9.0,0,Transient,139.5,0,0
City Hotel,1,99,2017,May,20,19,0,2,2,0.0,0,BB,PRT,Offline TA/TO,TA/TO,0,0,0,A,A,0,No Deposit,121.0,0,Transient,89.1,0,0
City Hotel,1,58,2017,May,20,19,0,2,2,0.0,0,SC,ESP,Online TA,TA/TO,0,0,0,A,A,0,No Deposit,9.0,0,Transient,144.0,0,0
City Hotel,1,111,2017,May,20,19,0,2,2,0.0,0,BB,IRL,Direct,Direct,0,0,0,A,A,0,No Deposit,14.0,0,Transient,126.0,0,0
City Hotel,1,175,2017,May,20,19,1,2,2,0.0,0,BB,PRT,Groups,TA/TO,0,0,0,A,A,0,Non Refund,12.0,0,Transient,110.0,0,0
City Hotel,1,179,2017,May,20,19,1,2,2,0.0,0,HB,ESP,Online TA,TA/TO,0,0,0,A,A,0,No Deposit,9.0,0,Transient,162.0,0,0
City Hotel,1,175,2017,May,20,19,1,2,2,0.0,0,BB,PRT,Groups,TA/TO,0,0,0,A,A,0,Non Refund,12.0,0,Transient,110.0,0,0
City Hotel,1,69,2017,May,20,19,1,2,2,0.0,0,BB,PRT,Offline TA/TO,TA/TO,0,0,0,A,A,0,No Deposit,27.0,0,Transient,89.1,0,0
City Hotel,1,173,2017,May,20,19,1,2,2,0.0,0,BB,DEU,Online TA,TA/TO,0,0,0,D,D,0,No Deposit,9.0,0,Transient,139.5,0,2
City Hotel,1,175,2017,May,20,19,1,2,2,0.0,0,BB,PRT,Groups,TA/TO,0,0,0,A,A,0,Non Refund,12.0,0,Transient,110.0,0,0
City Hotel,1,175,2017,May,20,19,1,2,2,0.0,0,BB,PRT,Groups,TA/TO,0,0,0,A,A,0,Non Refund,12.0,0,Transient,110.0,0,0
City Hotel,1,175,2017,May,20,19,1,2,2,0.0,0,BB,PRT,Groups,TA/TO,0,0,0,A,A,0,Non Refund,12.0,0,Transient,110.0,0,0
City Hotel,1,175,2017,May,20,19,1,2,2,0.0,0,BB,PRT,Groups,TA/TO,0,0,0,A,A,0,Non Refund,12.0,0,Transient,110.0,0,0
City Hotel,1,198,2017,May,20,19,1,2,2,0.0,0,BB,PRT,Groups,TA/TO,0,0,0,A,A,0,Non Refund,12.0,23,Transient,110.0,0,0
City Hotel,1,175,2017,May,20,19,1,2,2,0.0,0,BB,PRT,Groups,TA/TO,0,0,0,A,A,0,Non Refund,12.0,0,Transient,110.0,0,0
City Hotel,1,175,2017,May,20,19,1,2,2,0.0,0,BB,PRT,Groups,TA/TO,0,0,0,A,A,0,Non Refund,12.0,0,Transient,110.0,0,0
City Hotel,1,112,2017,May,20,19,1,2,2,0.0,0,SC,GBR,Online TA,TA/TO,0,0,0,A,A,0,No Deposit,9.0,0,Transient,126.0,0,1
City Hotel,1,175,2017,May,20,19,1,2,2,0.0,0,BB,PRT,Groups,TA/TO,0,0,0,A,A,0,Non Refund,12.0,0,Transient,110.0,0,0
City Hotel,1,175,2017,May,20,19,1,2,2,0.0,0,BB,PRT,Groups,TA/TO,0,0,0,A,A,0,Non Refund,12.0,0,Transient,110.0,0,0
City Hotel,1,173,2017,May,20,19,1,2,2,0.0,0,BB,DEU,Online TA,TA/TO,0,0,0,D,D,0,No Deposit,9.0,0,Transient,139.5,0,2
City Hotel,1,175,2017,May,20,19,1,2,2,0.0,0,BB,PRT,Groups,TA/TO,0,0,0,A,A,0,Non Refund,12.0,0,Transient,110.0,0,0
City Hotel,1,175,2017,May,20,19,1,2,2,0.0,0,BB,PRT,Groups,TA/TO,0,0,0,A,A,0,Non Refund,12.0,0,Transient,110.0,0,0
City Hotel,1,175,2017,May,20,19,1,2,2,0.0,0,BB,PRT,Groups,TA/TO,0,0,0,A,A,0,Non Refund,12.0,0,Transient,110.0,0,0
City Hotel,1,175,2017,May,20,19,1,2,2,0.0,0,BB,PRT,Groups,TA/TO,0,0,0,A,A,0,Non Refund,12.0,0,Transient,110.0,0,0
City Hotel,1,175,2017,May,20,19,1,2,2,0.0,0,BB,PRT,Groups,TA/TO,0,0,0,A,A,0,Non Refund,12.0,0,Transient,110.0,0,0
City Hotel,1,175,2017,May,20,19,1,2,2,0.0,0,BB,PRT,Groups,TA/TO,0,0,0,A,A,0,Non Refund,12.0,0,Transient,110.0,0,0
City Hotel,1,175,2017,May,20,19,1,2,2,0.0,0,BB,PRT,Groups,TA/TO,0,0,0,A,A,0,Non Refund,12.0,0,Transient,110.0,0,0
City Hotel,1,191,2017,May,20,19,1,2,2,0.0,0,BB,GBR,Online TA,TA/TO,0,0,0,D,D,0,No Deposit,9.0,0,Transient,138.6,0,0
City Hotel,1,175,2017,May,20,19,1,2,2,0.0,0,BB,PRT,Groups,TA/TO,0,0,0,A,A,0,Non Refund,12.0,0,Transient,110.0,0,0
City Hotel,1,72,2017,May,20,19,1,2,2,0.0,0,SC,ITA,Online TA,TA/TO,0,0,0,A,A,0,No Deposit,9.0,0,Transient,144.0,0,0
City Hotel,1,175,2017,May,20,19,1,2,2,0.0,0,BB,PRT,Groups,TA/TO,0,0,0,A,A,0,Non Refund,12.0,0,Transient,110.0,0,0
City Hotel,1,175,2017,May,20,19,1,2,2,0.0,0,BB,PRT,Groups,TA/TO,0,0,0,A,A,0,Non Refund,12.0,0,Transient,110.0,0,0
City Hotel,1,101,2017,May,20,19,1,2,2,0.0,0,BB,ESP,Online TA,TA/TO,0,0,0,D,D,0,No Deposit,9.0,0,Transient,189.0,0,0
City Hotel,1,175,2017,May,20,19,1,2,2,0.0,0,BB,PRT,Groups,TA/TO,0,0,0,A,A,0,Non Refund,12.0,0,Transient,110.0,0,0
City Hotel,1,165,2017,May,20,19,2,2,2,0.0,0,BB,PRT,Groups,TA/TO,0,0,0,A,A,0,Non Refund,,0,Transient,225.0,0,0
City Hotel,1,165,2017,May,20,19,2,2,2,0.0,0,BB,PRT,Groups,TA/TO,0,0,0,A,A,0,Non Refund,,0,Transient,225.0,0,0
City Hotel,1,165,2017,May,20,19,2,2,2,0.0,0,BB,PRT,Groups,TA/TO,0,0,0,A,A,0,Non Refund,,0,Transient,225.0,0,0
City Hotel,1,165,2017,May,20,19,2,2,2,0.0,0,BB,PRT,Groups,TA/TO,0,0,0,A,A,0,Non Refund,,0,Transient,225.0,0,0
City Hotel,1,165,2017,May,20,19,2,2,2,0.0,0,BB,PRT,Groups,TA/TO,0,0,0,A,A,0,Non Refund,,0,Transient,225.0,0,0
City Hotel,1,165,2017,May,20,19,2,2,2,0.0,0,BB,PRT,Groups,TA/TO,0,0,0,A,A,0,Non Refund,,0,Transient,225.0,0,0
City Hotel,1,165,2017,May,20,19,2,2,2,0.0,0,BB,PRT,Groups,TA/TO,0,0,0,A,A,0,Non Refund,,0,Transient,225.0,0,0
City Hotel,1,165,2017,May,20,19,2,2,2,0.0,0,BB,PRT,Groups,TA/TO,0,0,0,A,A,0,Non Refund,,0,Transient,225.0,0,0
City Hotel,1,32,2017,May,20,19,2,2,2,0.0,0,BB,BRA,Online TA,TA/TO,0,0,0,D,D,0,No Deposit,9.0,0,Transient,190.0,0,1
City Hotel,1,165,2017,May,20,19,2,2,2,0.0,0,BB,PRT,Groups,TA/TO,0,0,0,A,A,0,Non Refund,,0,Transient,225.0,0,0
City Hotel,1,165,2017,May,20,19,2,2,2,0.0,0,BB,PRT,Groups,TA/TO,0,0,0,A,A,0,Non Refund,,0,Transient,225.0,0,0
City Hotel,1,165,2017,May,20,19,2,2,2,0.0,0,BB,PRT,Groups,TA/TO,0,0,0,A,A,0,Non Refund,,0,Transient,225.0,0,0
City Hotel,1,165,2017,May,20,19,2,2,2,0.0,0,BB,PRT,Groups,TA/TO,0,0,0,A,A,0,Non Refund,,0,Transient,225.0,0,0
City Hotel,1,165,2017,May,20,19,2,2,2,0.0,0,BB,PRT,Groups,TA/TO,0,0,0,A,A,0,Non Refund,,0,Transient,225.0,0,0
City Hotel,1,165,2017,May,20,19,2,2,2,0.0,0,BB,PRT,Groups,TA/TO,0,0,0,A,A,0,Non Refund,,0,Transient,225.0,0,0
City Hotel,1,165,2017,May,20,19,2,2,2,0.0,0,BB,PRT,Groups,TA/TO,0,0,0,A,A,0,Non Refund,,0,Transient,225.0,0,0
City Hotel,1,165,2017,May,20,19,2,2,2,0.0,0,BB,PRT,Groups,TA/TO,0,0,0,A,A,0,Non Refund,,0,Transient,225.0,0,0
City Hotel,1,93,2017,May,20,19,2,2,2,0.0,0,SC,AUS,Online TA,TA/TO,0,0,0,A,A,0,No Deposit,9.0,0,Transient,126.0,0,0
City Hotel,1,165,2017,May,20,19,2,2,2,0.0,0,BB,PRT,Groups,TA/TO,0,0,0,A,A,0,Non Refund,,0,Transient,225.0,0,0
City Hotel,1,165,2017,May,20,19,2,2,2,0.0,0,BB,PRT,Groups,TA/TO,0,0,0,A,A,0,Non Refund,,0,Transient,225.0,0,0
City Hotel,1,165,2017,May,20,19,2,2,2,0.0,0,BB,PRT,Groups,TA/TO,0,0,0,A,A,0,Non Refund,,0,Transient,225.0,0,0
City Hotel,1,165,2017,May,20,19,2,2,2,0.0,0,BB,PRT,Groups,TA/TO,0,0,0,A,A,0,Non Refund,,0,Transient,225.0,0,0
City Hotel,1,165,2017,May,20,19,2,2,2,0.0,0,BB,PRT,Groups,TA/TO,0,0,0,A,A,0,Non Refund,,0,Transient,225.0,0,0
City Hotel,1,93,2017,May,20,19,2,2,2,0.0,0,SC,AUS,Online TA,TA/TO,0,0,0,A,A,0,No Deposit,9.0,0,Transient,126.0,0,0
City Hotel,1,165,2017,May,20,19,2,2,2,0.0,0,BB,PRT,Groups,TA/TO,0,0,0,A,A,0,Non Refund,,0,Transient,225.0,0,0
City Hotel,1,32,2017,May,20,19,2,2,2,0.0,0,BB,BRA,Online TA,TA/TO,0,0,0,D,D,0,No Deposit,9.0,0,Transient,190.0,0,1
City Hotel,1,165,2017,May,20,19,2,2,2,0.0,0,BB,PRT,Groups,TA/TO,0,0,0,A,A,0,Non Refund,,0,Transient,225.0,0,0
City Hotel,1,165,2017,May,20,19,2,2,2,0.0,0,BB,PRT,Groups,TA/TO,0,0,0,A,A,0,Non Refund,,0,Transient,225.0,0,0
City Hotel,1,165,2017,May,20,19,2,2,2,0.0,0,BB,PRT,Groups,TA/TO,0,0,0,A,A,0,Non Refund,,0,Transient,225.0,0,0
City Hotel,1,209,2017,May,20,19,2,3,2,0.0,0,BB,HRV,Online TA,TA/TO,0,0,0,D,D,0,No Deposit,9.0,0,Transient,138.6,0,0
City Hotel,1,90,2017,May,20,19,2,3,2,0.0,0,BB,FRA,Online TA,TA/TO,0,0,0,A,A,0,No Deposit,9.0,0,Transient,138.6,0,0
City Hotel,1,185,2017,May,20,20,0,1,2,0.0,0,BB,IRL,Online TA,TA/TO,0,0,0,D,D,0,No Deposit,9.0,0,Transient,139.5,0,3
City Hotel,1,121,2017,May,20,20,0,1,2,0.0,0,SC,ZAF,Online TA,TA/TO,0,0,0,A,A,0,No Deposit,9.0,0,Transient,108.0,0,1
City Hotel,1,93,2017,May,20,20,1,1,2,0.0,0,BB,PRT,Offline TA/TO,TA/TO,0,0,0,A,A,0,No Deposit,27.0,0,Transient,89.1,0,1
City Hotel,1,212,2017,May,20,20,1,1,2,0.0,0,BB,CN,Online TA,TA/TO,0,0,0,D,D,0,No Deposit,9.0,0,Transient,138.6,0,1
City Hotel,1,75,2017,May,20,20,2,1,2,0.0,0,BB,PRT,Groups,TA/TO,0,0,0,A,A,0,No Deposit,229.0,0,Transient-Party,90.0,0,0
City Hotel,1,75,2017,May,20,20,2,1,2,0.0,0,BB,PRT,Groups,TA/TO,0,0,0,A,A,0,No Deposit,229.0,0,Transient-Party,90.0,0,0
City Hotel,1,25,2017,May,20,20,2,1,2,0.0,0,BB,PRT,Groups,TA/TO,0,0,0,A,A,0,No Deposit,229.0,0,Transient-Party,90.0,0,0
City Hotel,1,25,2017,May,20,20,2,1,2,0.0,0,BB,PRT,Groups,TA/TO,0,0,0,A,A,0,No Deposit,229.0,0,Transient-Party,90.0,0,0
City Hotel,1,420,2017,May,20,20,2,1,2,0.0,0,BB,PRT,Groups,TA/TO,0,0,0,A,A,0,Non Refund,229.0,0,Transient,90.0,0,0
City Hotel,1,420,2017,May,20,20,2,1,2,0.0,0,BB,PRT,Groups,TA/TO,0,0,0,A,A,0,Non Refund,229.0,0,Transient,90.0,0,0
City Hotel,1,95,2017,May,20,20,2,1,2,0.0,0,SC,DEU,Online TA,TA/TO,0,0,0,A,A,0,No Deposit,9.0,0,Transient,126.0,0,0
City Hotel,1,25,2017,May,20,20,2,1,2,0.0,0,BB,PRT,Groups,TA/TO,0,0,0,A,A,0,No Deposit,229.0,0,Transient-Party,90.0,0,0
City Hotel,1,75,2017,May,20,20,2,1,2,0.0,0,BB,PRT,Groups,TA/TO,0,0,0,A,A,0,No Deposit,229.0,0,Transient-Party,90.0,0,0
City Hotel,1,420,2017,May,20,20,2,1,2,0.0,0,BB,PRT,Groups,TA/TO,0,0,0,A,A,0,Non Refund,229.0,0,Transient,90.0,0,0
City Hotel,1,420,2017,May,20,20,2,1,2,0.0,0,BB,PRT,Groups,TA/TO,0,0,0,A,A,0,Non Refund,229.0,0,Transient,90.0,0,0
City Hotel,1,420,2017,May,20,20,2,1,2,0.0,0,BB,PRT,Groups,TA/TO,0,0,0,A,B,1,Non Refund,229.0,0,Transient,90.0,0,0
City Hotel,1,25,2017,May,20,20,2,1,2,0.0,0,BB,PRT,Groups,TA/TO,0,0,0,A,A,0,No Deposit,229.0,0,Transient-Party,90.0,0,0
City Hotel,1,75,2017,May,20,20,2,1,2,0.0,0,BB,PRT,Groups,TA/TO,0,0,0,A,A,0,No Deposit,229.0,0,Transient-Party,90.0,0,0
City Hotel,1,420,2017,May,20,20,2,1,2,0.0,0,BB,PRT,Groups,TA/TO,0,0,0,A,A,0,Non Refund,229.0,0,Transient,90.0,0,0
City Hotel,1,420,2017,May,20,20,2,1,2,0.0,0,BB,PRT,Groups,TA/TO,0,0,0,A,A,0,Non Refund,229.0,0,Transient,90.0,0,0
City Hotel,1,420,2017,May,20,20,2,1,2,0.0,0,BB,PRT,Groups,TA/TO,0,0,0,A,A,0,Non Refund,229.0,0,Transient,90.0,0,0
City Hotel,1,420,2017,May,20,20,2,1,2,0.0,0,BB,PRT,Groups,TA/TO,0,0,0,A,A,0,Non Refund,229.0,0,Transient,90.0,0,0
City Hotel,1,29,2017,May,20,20,2,1,2,0.0,0,BB,POL,Online TA,TA/TO,0,0,0,D,D,0,No Deposit,9.0,0,Transient,190.0,0,0
City Hotel,1,75,2017,May,20,20,2,1,2,0.0,0,BB,PRT,Groups,TA/TO,0,0,0,A,A,0,No Deposit,229.0,0,Transient-Party,90.0,0,0
City Hotel,1,25,2017,May,20,20,2,1,2,0.0,0,BB,PRT,Groups,TA/TO,0,0,0,A,A,0,No Deposit,229.0,0,Transient-Party,90.0,0,0
City Hotel,1,420,2017,May,20,20,2,1,2,0.0,0,BB,PRT,Groups,TA/TO,0,0,0,A,A,0,Non Refund,229.0,0,Transient,90.0,0,0
City Hotel,1,75,2017,May,20,20,2,1,2,0.0,0,BB,PRT,Groups,TA/TO,0,0,0,A,A,0,No Deposit,229.0,0,Transient-Party,112.67,0,1
City Hotel,1,25,2017,May,20,20,2,1,2,0.0,0,BB,PRT,Groups,TA/TO,0,0,0,A,A,0,No Deposit,229.0,0,Transient-Party,90.0,0,0
City Hotel,1,25,2017,May,20,20,2,1,2,0.0,0,BB,PRT,Groups,TA/TO,0,0,0,A,A,0,No Deposit,229.0,0,Transient-Party,90.0,0,0
City Hotel,1,24,2017,May,20,20,2,1,2,0.0,0,SC,LUX,Online TA,TA/TO,0,0,0,A,A,0,No Deposit,9.0,0,Transient,160.0,0,2
City Hotel,1,420,2017,May,20,20,2,1,2,0.0,0,BB,PRT,Groups,TA/TO,0,0,0,A,A,0,Non Refund,229.0,0,Transient,90.0,0,0
City Hotel,1,420,2017,May,20,20,2,1,2,0.0,0,BB,PRT,Groups,TA/TO,0,0,0,A,A,0,Non Refund,229.0,0,Transient,90.0,0,0
City Hotel,1,420,2017,May,20,20,2,1,2,0.0,0,BB,PRT,Groups,TA/TO,0,0,0,A,A,0,Non Refund,229.0,0,Transient,90.0,0,0
City Hotel,1,420,2017,May,20,20,2,1,2,0.0,0,BB,PRT,Groups,TA/TO,0,0,0,A,B,1,Non Refund,229.0,0,Transient,90.0,0,0
City Hotel,1,25,2017,May,20,20,2,1,2,0.0,0,BB,PRT,Groups,TA/TO,0,0,0,A,A,0,No Deposit,229.0,0,Transient-Party,90.0,0,0
City Hotel,1,420,2017,May,20,20,2,1,2,0.0,0,BB,PRT,Groups,TA/TO,0,0,0,A,A,0,Non Refund,229.0,0,Transient,90.0,0,0
City Hotel,1,420,2017,May,20,20,2,1,2,0.0,0,BB,PRT,Groups,TA/TO,0,0,0,A,A,0,Non Refund,229.0,0,Transient,90.0,0,0
City Hotel,1,25,2017,May,20,20,2,1,2,0.0,0,BB,PRT,Groups,TA/TO,0,0,0,A,A,0,No Deposit,229.0,0,Transient-Party,90.0,0,0
City Hotel,1,38,2017,May,20,20,2,1,2,0.0,0,BB,PRT,Groups,TA/TO,0,0,0,A,A,0,No Deposit,229.0,13,Transient-Party,90.0,0,0
City Hotel,1,420,2017,May,20,20,2,1,2,0.0,0,BB,PRT,Groups,TA/TO,0,0,0,A,A,0,Non Refund,229.0,0,Transient,90.0,0,0
City Hotel,1,420,2017,May,20,20,2,1,2,0.0,0,BB,PRT,Groups,TA/TO,0,0,0,A,A,0,Non Refund,229.0,0,Transient,90.0,0,0
City Hotel,1,420,2017,May,20,20,2,1,2,0.0,0,BB,PRT,Groups,TA/TO,0,0,0,A,B,1,Non Refund,229.0,0,Transient,90.0,0,0
City Hotel,1,79,2017,May,20,20,2,1,2,0.0,0,BB,PRT,Offline TA/TO,TA/TO,0,0,0,A,A,0,No Deposit,27.0,0,Transient,89.1,0,0
City Hotel,1,25,2017,May,20,20,2,1,2,0.0,0,BB,PRT,Groups,TA/TO,0,0,0,A,A,0,No Deposit,229.0,0,Transient-Party,90.0,0,0
City Hotel,1,25,2017,May,20,20,2,1,2,0.0,0,BB,PRT,Groups,TA/TO,0,0,0,A,A,0,No Deposit,229.0,0,Transient-Party,90.0,0,0
City Hotel,1,420,2017,May,20,20,2,1,2,0.0,0,BB,PRT,Groups,TA/TO,0,0,0,A,A,0,Non Refund,229.0,0,Transient,90.0,0,0
City Hotel,1,420,2017,May,20,20,2,1,2,0.0,0,BB,PRT,Groups,TA/TO,0,0,0,A,A,0,Non Refund,229.0,0,Transient,90.0,0,0
City Hotel,1,75,2017,May,20,20,2,1,2,0.0,0,BB,PRT,Groups,TA/TO,0,0,0,A,A,0,No Deposit,229.0,0,Transient-Party,90.0,0,0
City Hotel,1,117,2017,May,20,20,2,1,2,0.0,0,BB,KOR,Online TA,TA/TO,0,0,0,A,A,0,No Deposit,9.0,0,Transient,126.0,0,3
City Hotel,1,75,2017,May,20,20,2,1,2,0.0,0,BB,PRT,Groups,TA/TO,0,0,0,A,A,0,No Deposit,229.0,0,Transient-Party,90.0,0,0
City Hotel,1,75,2017,May,20,20,2,1,2,0.0,0,BB,PRT,Groups,TA/TO,0,0,0,A,A,0,No Deposit,229.0,0,Transient-Party,90.0,0,0
City Hotel,1,75,2017,May,20,20,2,1,2,0.0,0,BB,PRT,Groups,TA/TO,0,0,0,A,A,0,No Deposit,229.0,0,Transient-Party,90.0,0,0
City Hotel,1,420,2017,May,20,20,2,1,2,0.0,0,BB,PRT,Groups,TA/TO,0,0,0,A,A,0,Non Refund,229.0,0,Transient,90.0,0,0
City Hotel,1,200,2017,May,20,20,2,1,2,0.0,0,BB,AUT,Online TA,TA/TO,0,0,0,D,D,0,No Deposit,9.0,0,Transient,138.6,0,0
City Hotel,1,75,2017,May,20,20,2,1,2,0.0,0,BB,PRT,Groups,TA/TO,0,0,0,A,A,0,No Deposit,229.0,0,Transient-Party,90.0,0,0
City Hotel,1,75,2017,May,20,20,2,1,2,0.0,0,BB,PRT,Groups,TA/TO,0,0,0,A,A,0,No Deposit,229.0,0,Transient-Party,90.0,0,0
City Hotel,1,420,2017,May,20,20,2,1,2,0.0,0,BB,PRT,Groups,TA/TO,0,0,0,A,A,0,Non Refund,229.0,0,Transient,90.0,0,0
City Hotel,1,420,2017,May,20,20,2,1,2,0.0,0,BB,PRT,Groups,TA/TO,0,0,0,A,A,0,Non Refund,229.0,0,Transient,90.0,0,0
City Hotel,1,420,2017,May,20,20,2,1,2,0.0,0,BB,PRT,Groups,TA/TO,0,0,0,A,A,0,Non Refund,229.0,0,Transient,90.0,0,0
City Hotel,1,420,2017,May,20,20,2,1,2,0.0,0,BB,PRT,Groups,TA/TO,0,0,0,A,A,0,Non Refund,229.0,0,Transient,90.0,0,0
City Hotel,1,25,2017,May,20,20,2,1,2,0.0,0,BB,PRT,Groups,TA/TO,0,0,0,A,A,0,No Deposit,229.0,0,Transient-Party,90.0,0,0
City Hotel,1,77,2017,May,20,20,2,1,2,0.0,0,SC,USA,Online TA,TA/TO,0,0,0,A,A,0,No Deposit,9.0,0,Transient,144.0,0,0
City Hotel,1,75,2017,May,20,20,2,1,2,0.0,0,BB,PRT,Groups,TA/TO,0,0,0,A,A,0,No Deposit,229.0,0,Transient-Party,90.0,0,0
City Hotel,1,20,2017,May,20,20,2,2,2,0.0,0,SC,BEL,Online TA,TA/TO,0,0,0,A,A,0,No Deposit,9.0,0,Transient,137.5,0,1
City Hotel,1,67,2017,May,20,20,2,2,2,0.0,0,SC,ESP,Online TA,TA/TO,0,0,0,A,A,0,No Deposit,9.0,0,Transient,144.0,0,0
City Hotel,1,116,2017,May,20,20,2,2,2,0.0,0,SC,CN,Online TA,TA/TO,0,0,0,A,A,0,No Deposit,9.0,0,Transient,108.0,0,0
City Hotel,1,127,2017,May,20,20,2,3,2,0.0,0,SC,FRA,Online TA,TA/TO,0,0,0,A,A,0,No Deposit,9.0,0,Transient,108.0,0,1
City Hotel,1,183,2017,May,20,20,2,5,2,0.0,0,BB,FRA,Online TA,TA/TO,0,0,0,D,D,0,No Deposit,9.0,0,Transient,139.11,0,0
City Hotel,1,26,2017,May,21,21,2,0,2,0.0,0,SC,CHN,Online TA,TA/TO,0,0,0,A,A,0,No Deposit,9.0,0,Transient,144.0,0,1
City Hotel,1,77,2017,May,21,21,2,0,2,0.0,0,SC,PRT,Online TA,TA/TO,0,0,0,A,A,0,No Deposit,8.0,0,Transient,144.0,0,0
City Hotel,1,61,2017,May,21,21,2,1,2,0.0,0,SC,GBR,Online TA,TA/TO,0,0,0,A,A,2,No Deposit,9.0,0,Transient,144.0,0,0
City Hotel,1,12,2017,May,21,21,2,1,2,0.0,0,BB,ITA,Online TA,TA/TO,0,0,0,D,D,0,No Deposit,9.0,0,Transient,163.33,0,1
City Hotel,1,19,2017,May,21,21,2,1,2,0.0,0,SC,FRA,Online TA,TA/TO,0,0,0,A,A,0,No Deposit,9.0,0,Transient,130.0,0,1
City Hotel,1,101,2017,May,21,21,2,1,2,0.0,0,BB,BRA,Online TA,TA/TO,0,0,0,A,A,0,No Deposit,9.0,0,Transient,135.0,0,0
City Hotel,1,161,2017,May,21,21,2,1,2,0.0,0,BB,GBR,Online TA,TA/TO,0,0,0,D,D,0,No Deposit,9.0,0,Transient,139.5,0,0
City Hotel,1,101,2017,May,21,21,2,1,2,0.0,0,BB,BRA,Online TA,TA/TO,0,0,0,A,A,0,No Deposit,9.0,0,Transient,135.0,0,0
City Hotel,1,99,2017,May,21,21,2,1,2,0.0,0,HB,DEU,Online TA,TA/TO,0,0,0,D,D,0,No Deposit,9.0,0,Transient,178.2,0,0
City Hotel,1,123,2017,May,21,21,2,1,2,0.0,0,SC,IRL,Online TA,TA/TO,0,0,0,A,A,0,No Deposit,9.0,0,Transient,108.0,0,0
City Hotel,1,101,2017,May,21,21,2,1,2,0.0,0,BB,BRA,Online TA,TA/TO,0,0,0,A,A,0,No Deposit,9.0,0,Transient,135.0,0,0
City Hotel,1,28,2017,May,21,21,2,1,2,0.0,0,BB,ITA,Online TA,TA/TO,0,0,0,D,D,0,No Deposit,9.0,0,Transient,190.0,0,2
City Hotel,1,101,2017,May,21,21,2,1,2,0.0,0,BB,BRA,Online TA,TA/TO,0,0,0,A,A,0,No Deposit,9.0,0,Transient,135.0,0,0
City Hotel,1,27,2017,May,21,21,2,1,2,0.0,0,BB,CHN,Online TA,TA/TO,0,0,0,D,D,0,No Deposit,9.0,0,Transient,171.0,0,0
City Hotel,1,18,2017,May,21,21,2,2,2,0.0,0,SC,FRA,Direct,Direct,0,0,0,A,A,0,No Deposit,14.0,0,Transient,137.5,0,0
City Hotel,1,49,2017,May,21,21,2,2,2,0.0,0,BB,FRA,Online TA,TA/TO,0,0,0,D,D,0,No Deposit,9.0,0,Transient,190.0,0,1
City Hotel,1,80,2017,May,21,21,2,2,2,0.0,0,BB,PRT,Offline TA/TO,TA/TO,0,0,0,D,D,0,No Deposit,27.0,0,Transient,98.1,0,0
City Hotel,1,128,2017,May,21,21,2,2,2,0.0,0,BB,LUX,Online TA,TA/TO,0,0,0,D,D,0,No Deposit,9.0,0,Transient,136.8,0,0
City Hotel,1,189,2017,May,21,21,2,2,2,0.0,0,HB,GBR,Online TA,TA/TO,0,0,0,A,A,0,No Deposit,9.0,0,Transient,134.1,0,2
City Hotel,1,27,2017,May,21,21,2,2,2,0.0,0,SC,GBR,Online TA,TA/TO,0,0,0,A,A,0,No Deposit,9.0,0,Transient,160.0,0,1
City Hotel,1,84,2017,May,21,21,2,2,2,0.0,0,BB,DEU,Direct,Direct,0,0,0,A,A,2,No Deposit,14.0,0,Transient,109.25,0,0
City Hotel,1,180,2017,May,21,21,2,3,2,0.0,0,BB,DEU,Online TA,TA/TO,0,0,0,D,D,0,No Deposit,9.0,0,Transient,139.14,0,0
City Hotel,1,91,2017,May,21,21,2,3,2,0.0,0,BB,BEL,Online TA,TA/TO,0,0,0,A,A,0,No Deposit,9.0,0,Transient,138.6,0,0
City Hotel,1,128,2017,May,21,21,2,3,2,0.0,0,BB,FRA,Online TA,TA/TO,0,0,0,D,D,0,No Deposit,9.0,0,Transient,136.8,0,0
City Hotel,1,270,2017,May,21,21,2,3,2,0.0,0,HB,BEL,Online TA,TA/TO,0,0,0,A,A,0,No Deposit,9.0,0,Transient,126.54,0,1
City Hotel,1,211,2017,May,21,21,2,4,2,0.0,0,HB,DNK,Online TA,TA/TO,0,0,0,A,A,1,No Deposit,9.0,0,Transient,136.5,0,1
City Hotel,1,211,2017,May,21,21,2,4,2,0.0,0,BB,DNK,Online TA,TA/TO,0,0,0,B,B,1,No Deposit,9.0,0,Transient,110.75,0,1
City Hotel,1,29,2017,May,21,21,2,5,2,0.0,0,BB,BRA,Online TA,TA/TO,0,0,0,D,D,0,No Deposit,9.0,0,Transient,190.0,0,2
City Hotel,1,29,2017,May,21,21,2,5,2,0.0,0,BB,BRA,Online TA,TA/TO,0,0,0,D,D,0,No Deposit,9.0,0,Transient,190.0,0,4
City Hotel,1,18,2017,May,21,22,1,0,2,0.0,0,BB,USA,Direct,Direct,0,0,0,E,E,0,No Deposit,14.0,0,Transient,195.0,0,0
City Hotel,1,286,2017,May,21,22,1,0,2,0.0,0,BB,PRT,Offline TA/TO,TA/TO,0,0,0,A,A,0,No Deposit,85.0,0,Transient,89.1,0,0
City Hotel,1,286,2017,May,21,22,1,0,2,0.0,0,BB,PRT,Offline TA/TO,TA/TO,0,0,0,A,A,0,No Deposit,85.0,0,Transient,84.6,0,0
City Hotel,1,26,2017,May,21,22,1,0,2,0.0,0,SC,IRL,Online TA,TA/TO,0,0,0,A,A,0,No Deposit,9.0,0,Transient,160.0,0,1
City Hotel,1,99,2017,May,21,22,1,1,2,0.0,0,BB,GBR,Online TA,TA/TO,0,0,0,D,D,0,No Deposit,9.0,0,Transient,139.5,0,0
City Hotel,1,26,2017,May,21,22,1,1,2,0.0,0,BB,PRT,Offline TA/TO,TA/TO,0,0,0,A,A,0,Non Refund,3.0,0,Transient,128.0,0,0
City Hotel,1,26,2017,May,21,22,1,1,2,0.0,0,BB,PRT,Offline TA/TO,TA/TO,0,0,0,A,A,0,Non Refund,3.0,0,Transient,128.0,0,0
City Hotel,1,26,2017,May,21,22,1,1,2,0.0,0,BB,PRT,Offline TA/TO,TA/TO,0,0,0,A,A,0,Non Refund,3.0,0,Transient,128.0,0,0
City Hotel,1,62,2017,May,21,22,1,1,2,0.0,0,BB,NLD,Online TA,TA/TO,0,0,0,A,A,0,No Deposit,9.0,0,Transient,162.0,0,0
City Hotel,1,26,2017,May,21,22,1,1,2,0.0,0,BB,PRT,Offline TA/TO,TA/TO,0,0,0,A,A,0,Non Refund,3.0,0,Transient,128.0,0,0
City Hotel,1,26,2017,May,21,22,1,1,2,0.0,0,BB,PRT,Offline TA/TO,TA/TO,0,0,0,A,A,0,Non Refund,3.0,0,Transient,128.0,0,0
City Hotel,1,26,2017,May,21,22,1,1,2,0.0,0,BB,PRT,Offline TA/TO,TA/TO,0,0,0,A,A,0,Non Refund,3.0,0,Transient,128.0,0,0
City Hotel,1,26,2017,May,21,22,1,1,2,0.0,0,BB,PRT,Offline TA/TO,TA/TO,0,0,0,A,A,0,Non Refund,3.0,0,Transient,128.0,0,0
City Hotel,1,18,2017,May,21,22,1,1,2,0.0,0,BB,PRT,Groups,TA/TO,0,0,0,A,A,0,No Deposit,315.0,0,Transient-Party,120.0,0,0
City Hotel,1,99,2017,May,21,22,1,1,2,0.0,0,BB,GBR,Online TA,TA/TO,0,0,0,D,D,0,No Deposit,9.0,0,Transient,139.5,0,0
City Hotel,1,22,2017,May,21,22,1,1,2,0.0,0,SC,PRT,Online TA,TA/TO,0,0,0,A,A,0,No Deposit,7.0,0,Transient,130.0,0,1
City Hotel,1,26,2017,May,21,22,1,1,2,0.0,0,BB,PRT,Offline TA/TO,TA/TO,0,0,0,A,A,0,Non Refund,3.0,0,Transient,128.0,0,0
City Hotel,1,26,2017,May,21,22,1,1,2,0.0,0,BB,PRT,Offline TA/TO,TA/TO,0,0,0,A,A,0,Non Refund,3.0,0,Transient,128.0,0,0
City Hotel,1,59,2017,May,21,22,1,1,2,0.0,0,BB,PRT,Offline TA/TO,TA/TO,0,0,0,A,A,0,Non Refund,3.0,33,Transient,128.0,0,0
City Hotel,1,75,2017,May,21,22,1,1,2,0.0,0,SC,PRT,Online TA,TA/TO,0,0,0,A,A,0,No Deposit,8.0,0,Transient,144.0,0,0
City Hotel,1,129,2017,May,21,22,1,2,2,0.0,0,BB,DEU,Online TA,TA/TO,0,0,0,A,A,0,No Deposit,9.0,0,Transient,126.0,0,0
City Hotel,1,50,2017,May,21,22,1,2,2,0.0,0,SC,CHN,Online TA,TA/TO,0,0,0,A,A,0,No Deposit,9.0,0,Transient,144.0,0,1
City Hotel,1,27,2017,May,21,22,1,2,2,0.0,0,SC,ARG,Online TA,TA/TO,0,0,0,A,A,0,No Deposit,9.0,0,Transient,160.0,0,2
City Hotel,1,129,2017,May,21,22,1,2,2,0.0,0,BB,DEU,Online TA,TA/TO,0,0,0,A,A,0,No Deposit,9.0,0,Transient,126.0,0,0
City Hotel,1,8,2017,May,21,22,1,2,2,0.0,0,BB,FRA,Online TA,TA/TO,0,0,0,D,D,0,No Deposit,9.0,0,Transient,163.33,0,0
City Hotel,1,233,2017,May,21,22,1,2,2,0.0,0,HB,FRA,Online TA,TA/TO,0,0,0,A,A,0,No Deposit,9.0,0,Transient,136.5,0,0
City Hotel,1,50,2017,May,21,22,1,2,2,0.0,0,SC,CHN,Online TA,TA/TO,0,0,0,A,A,0,No Deposit,9.0,0,Transient,144.0,0,1
City Hotel,1,19,2017,May,21,22,1,2,2,0.0,0,HB,ITA,Online TA,TA/TO,0,0,0,A,A,0,No Deposit,9.0,0,Transient,198.0,0,0
City Hotel,1,10,2017,May,21,22,1,2,2,0.0,0,BB,FRA,Online TA,TA/TO,0,0,0,D,D,0,No Deposit,9.0,0,Transient,163.33,0,1
City Hotel,1,114,2017,May,21,22,1,2,2,0.0,0,SC,GBR,Online TA,TA/TO,0,0,0,A,A,0,No Deposit,9.0,0,Transient,117.0,0,0
City Hotel,1,24,2017,May,21,22,1,2,2,0.0,0,BB,GBR,Online TA,TA/TO,0,0,0,A,A,0,No Deposit,9.0,0,Transient,160.0,0,2
City Hotel,1,177,2017,May,21,22,1,3,2,0.0,0,BB,GBR,Online TA,TA/TO,0,0,0,D,D,0,No Deposit,9.0,0,Transient,139.5,0,1
City Hotel,1,69,2017,May,21,22,1,3,2,0.0,0,BB,BRA,Online TA,TA/TO,0,0,0,E,E,0,No Deposit,9.0,0,Transient,198.0,0,0
City Hotel,1,224,2017,May,21,22,1,3,2,0.0,0,HB,ITA,Online TA,TA/TO,0,0,0,D,D,0,No Deposit,9.0,0,Transient,147.15,0,4
City Hotel,1,115,2017,May,21,22,1,3,2,0.0,0,BB,LUX,Online TA,TA/TO,0,0,0,E,E,0,No Deposit,9.0,0,Transient,173.25,0,2
City Hotel,1,270,2017,May,21,22,1,3,2,0.0,0,HB,CHE,Online TA,TA/TO,0,0,0,A,A,0,No Deposit,9.0,0,Transient,130.05,0,1
City Hotel,1,69,2017,May,21,22,1,3,2,0.0,0,HB,BRA,Online TA,TA/TO,0,0,0,D,D,0,No Deposit,9.0,0,Transient,205.2,0,0
City Hotel,1,230,2017,May,21,22,1,5,2,0.0,0,HB,NOR,Online TA,TA/TO,0,0,0,A,A,0,No Deposit,9.0,0,Transient,130.8,0,2
City Hotel,1,212,2017,May,21,22,2,5,2,0.0,0,HB,BRA,Online TA,TA/TO,0,0,0,A,A,0,No Deposit,9.0,0,Transient,114.56,0,1
City Hotel,1,117,2017,May,21,23,0,1,2,0.0,0,SC,FRA,Online TA,TA/TO,0,0,0,A,A,0,No Deposit,9.0,0,Transient,99.0,0,1
City Hotel,1,423,2017,May,21,23,0,1,2,0.0,0,BB,PRT,Groups,TA/TO,0,0,0,A,A,0,Non Refund,229.0,0,Transient,90.0,0,0
City Hotel,1,423,2017,May,21,23,0,1,2,0.0,0,BB,PRT,Groups,TA/TO,0,0,0,A,A,0,Non Refund,229.0,0,Transient,90.0,0,0
City Hotel,1,423,2017,May,21,23,0,1,2,0.0,0,BB,PRT,Groups,TA/TO,0,0,0,A,A,0,Non Refund,229.0,0,Transient,90.0,0,0
City Hotel,1,92,2017,May,21,23,0,1,2,0.0,0,SC,FRA,Online TA,TA/TO,0,0,0,A,A,0,No Deposit,9.0,0,Transient,99.0,0,0
City Hotel,1,5,2017,May,21,23,0,1,2,0.0,0,BB,PRT,Online TA,TA/TO,0,0,0,A,A,0,No Deposit,85.0,0,Transient,89.1,0,0
City Hotel,1,423,2017,May,21,23,0,1,2,0.0,0,BB,PRT,Groups,TA/TO,0,0,0,A,A,0,Non Refund,229.0,0,Transient,90.0,0,0
City Hotel,1,423,2017,May,21,23,0,1,2,0.0,0,BB,PRT,Groups,TA/TO,0,0,0,A,A,0,Non Refund,229.0,0,Transient,90.0,0,0
City Hotel,1,423,2017,May,21,23,0,1,2,0.0,0,BB,PRT,Groups,TA/TO,0,0,0,A,A,0,Non Refund,229.0,0,Transient,90.0,0,0
City Hotel,1,423,2017,May,21,23,0,1,2,0.0,0,BB,PRT,Groups,TA/TO,0,0,0,A,A,0,Non Refund,229.0,0,Transient,90.0,0,0
City Hotel,1,423,2017,May,21,23,0,1,2,0.0,0,BB,PRT,Groups,TA/TO,0,0,0,A,A,0,Non Refund,229.0,0,Transient,90.0,0,0
City Hotel,1,423,2017,May,21,23,0,1,2,0.0,0,BB,PRT,Groups,TA/TO,0,0,0,A,A,0,Non Refund,229.0,0,Transient,90.0,0,0
City Hotel,1,423,2017,May,21,23,0,1,2,0.0,0,BB,PRT,Groups,TA/TO,0,0,0,A,A,0,Non Refund,229.0,0,Transient,90.0,0,0
City Hotel,1,216,2017,May,21,23,0,2,2,0.0,0,BB,NLD,Online TA,TA/TO,0,0,0,A,A,0,No Deposit,9.0,0,Transient,125.1,0,1
City Hotel,1,8,2017,May,21,23,0,2,2,0.0,0,BB,PRT,Online TA,TA/TO,0,0,0,D,D,0,No Deposit,9.0,0,Transient,190.0,0,1
City Hotel,1,350,2017,May,21,23,0,3,2,0.0,0,SC,KOR,Online TA,TA/TO,0,0,0,A,A,0,No Deposit,9.0,0,Transient,99.0,0,0
City Hotel,1,201,2017,May,21,23,0,3,2,0.0,0,SC,CHE,Online TA,TA/TO,0,0,0,A,A,0,No Deposit,9.0,0,Transient,107.1,0,0
City Hotel,1,160,2017,May,21,23,0,3,2,0.0,0,HB,GBR,Online TA,TA/TO,0,0,0,A,A,0,No Deposit,9.0,0,Transient,162.0,0,2
City Hotel,1,209,2017,May,21,23,0,4,2,0.0,0,SC,BRA,Online TA,TA/TO,0,0,0,A,A,0,No Deposit,9.0,0,Transient,107.1,0,1
City Hotel,1,147,2017,May,21,23,0,4,2,0.0,0,BB,BEL,Online TA,TA/TO,0,0,0,E,E,0,No Deposit,9.0,0,Transient,162.0,0,1
City Hotel,1,240,2017,May,21,23,0,4,2,0.0,0,SC,CN,Online TA,TA/TO,0,0,0,A,A,0,No Deposit,9.0,0,Transient,107.1,0,2
City Hotel,1,99,2017,May,21,23,0,4,2,0.0,0,BB,ISR,Online TA,TA/TO,0,0,0,A,A,0,No Deposit,9.0,0,Transient,137.25,0,0
City Hotel,1,147,2017,May,21,23,0,4,2,0.0,0,BB,BEL,Online TA,TA/TO,0,0,0,D,D,0,No Deposit,9.0,0,Transient,139.5,0,1
City Hotel,1,95,2017,May,21,23,1,5,2,0.0,0,BB,FRA,Online TA,TA/TO,0,0,0,A,A,0,No Deposit,9.0,0,Transient,142.17,0,0
City Hotel,1,20,2017,May,21,24,0,1,2,0.0,0,BB,PRT,Groups,TA/TO,0,0,0,A,A,0,No Deposit,87.0,0,Transient-Party,120.0,0,0
City Hotel,1,20,2017,May,21,24,0,1,2,0.0,0,BB,PRT,Groups,TA/TO,0,0,0,A,A,0,No Deposit,87.0,0,Transient-Party,120.0,0,0
City Hotel,1,20,2017,May,21,24,0,1,2,0.0,0,BB,PRT,Groups,TA/TO,0,0,0,A,A,0,No Deposit,87.0,0,Transient-Party,120.0,0,0
City Hotel,1,20,2017,May,21,24,0,1,2,0.0,0,BB,PRT,Groups,TA/TO,0,0,0,A,A,0,No Deposit,87.0,0,Transient-Party,120.0,0,0
City Hotel,1,20,2017,May,21,24,0,1,2,0.0,0,BB,PRT,Groups,TA/TO,0,0,0,A,A,0,No Deposit,87.0,0,Transient-Party,120.0,0,0
City Hotel,1,20,2017,May,21,24,0,1,2,0.0,0,BB,PRT,Groups,TA/TO,0,0,0,A,A,0,No Deposit,87.0,0,Transient-Party,120.0,0,0
City Hotel,1,20,2017,May,21,24,0,1,2,0.0,0,BB,PRT,Groups,TA/TO,0,0,0,A,A,0,No Deposit,87.0,0,Transient-Party,120.0,0,0
City Hotel,1,20,2017,May,21,24,0,1,2,0.0,0,BB,PRT,Groups,TA/TO,0,0,0,A,A,0,No Deposit,87.0,0,Transient-Party,120.0,0,0
City Hotel,1,20,2017,May,21,24,0,1,2,0.0,0,BB,PRT,Groups,TA/TO,0,0,0,A,A,0,No Deposit,87.0,0,Transient-Party,120.0,0,0
City Hotel,1,20,2017,May,21,24,0,1,2,0.0,0,BB,PRT,Groups,TA/TO,0,0,0,A,A,0,No Deposit,87.0,0,Transient-Party,120.0,0,0
City Hotel,1,208,2017,May,21,24,0,2,2,0.0,0,BB,PRT,Groups,TA/TO,0,0,0,A,A,0,No Deposit,6.0,0,Transient-Party,12.0,0,0
City Hotel,1,208,2017,May,21,24,0,2,2,0.0,0,BB,PRT,Groups,TA/TO,0,0,0,A,A,0,No Deposit,6.0,0,Transient-Party,12.0,0,0
City Hotel,1,208,2017,May,21,24,0,2,2,0.0,0,BB,PRT,Groups,TA/TO,0,0,0,A,A,0,No Deposit,6.0,0,Transient-Party,12.0,0,0
City Hotel,1,357,2017,May,21,24,0,2,2,0.0,0,SC,GBR,Online TA,TA/TO,0,0,0,A,A,0,No Deposit,9.0,0,Transient,99.0,0,0
City Hotel,1,208,2017,May,21,24,0,2,2,0.0,0,BB,PRT,Groups,TA/TO,0,0,0,A,A,0,No Deposit,6.0,0,Transient-Party,12.0,0,0
City Hotel,1,305,2017,May,21,24,0,2,2,0.0,0,SC,GBR,Online TA,TA/TO,0,0,0,A,A,0,No Deposit,9.0,0,Transient,99.0,0,1
City Hotel,1,68,2017,May,21,24,0,2,2,0.0,0,BB,ITA,Online TA,TA/TO,0,0,0,D,D,0,No Deposit,9.0,0,Transient,171.0,0,0
City Hotel,1,357,2017,May,21,24,0,2,2,0.0,0,SC,GBR,Online TA,TA/TO,0,0,0,A,A,0,No Deposit,9.0,0,Transient,99.0,0,0
City Hotel,1,166,2017,May,21,24,0,2,2,0.0,0,SC,BRA,Online TA,TA/TO,0,0,0,A,A,1,No Deposit,9.0,0,Transient,108.0,0,3
City Hotel,1,357,2017,May,21,24,0,2,2,0.0,0,SC,GBR,Online TA,TA/TO,0,0,0,A,A,0,No Deposit,9.0,0,Transient,99.0,0,1
City Hotel,1,357,2017,May,21,24,0,2,2,0.0,0,SC,GBR,Online TA,TA/TO,0,0,0,A,A,0,No Deposit,9.0,0,Transient,99.0,0,0
City Hotel,1,208,2017,May,21,24,0,2,2,0.0,0,BB,PRT,Groups,TA/TO,0,0,0,A,A,0,No Deposit,6.0,0,Transient-Party,12.0,0,0
City Hotel,1,357,2017,May,21,24,0,2,2,0.0,0,BB,GBR,Online TA,TA/TO,0,0,0,A,A,0,No Deposit,9.0,0,Transient,109.8,0,1
City Hotel,1,357,2017,May,21,24,0,2,2,0.0,0,BB,GBR,Online TA,TA/TO,0,0,0,A,A,0,No Deposit,9.0,0,Transient,109.8,0,1
City Hotel,1,357,2017,May,21,24,0,2,2,0.0,0,BB,GBR,Online TA,TA/TO,0,0,0,A,A,0,No Deposit,9.0,0,Transient,109.8,0,1
City Hotel,1,357,2017,May,21,24,0,2,2,0.0,0,SC,GBR,Online TA,TA/TO,0,0,0,A,A,0,No Deposit,9.0,0,Transient,99.0,0,0
City Hotel,1,357,2017,May,21,24,0,2,2,0.0,0,BB,GBR,Online TA,TA/TO,0,0,0,A,A,0,No Deposit,9.0,0,Transient,109.8,0,1
City Hotel,1,166,2017,May,21,24,0,2,2,0.0,0,SC,BRA,Online TA,TA/TO,0,0,0,A,A,1,No Deposit,9.0,0,Transient,108.0,0,1
City Hotel,1,208,2017,May,21,24,0,2,2,0.0,0,BB,PRT,Groups,TA/TO,0,0,0,A,A,0,No Deposit,6.0,0,Transient-Party,12.0,0,0
City Hotel,1,67,2017,May,21,24,0,2,2,0.0,0,BB,GBR,Online TA,TA/TO,0,0,0,D,D,0,No Deposit,9.0,0,Transient,171.0,0,0
City Hotel,1,352,2017,May,21,24,0,3,2,0.0,0,SC,GBR,Online TA,TA/TO,0,0,0,A,A,0,No Deposit,9.0,0,Transient,99.0,0,0
City Hotel,1,13,2017,May,21,24,0,3,2,0.0,0,SC,GBR,Online TA,TA/TO,0,0,0,A,A,0,No Deposit,9.0,0,Transient,99.0,0,0
City Hotel,1,352,2017,May,21,24,0,3,2,0.0,0,SC,GBR,Online TA,TA/TO,0,0,0,A,A,0,No Deposit,9.0,0,Transient,99.0,0,0
City Hotel,1,341,2017,May,21,24,0,3,2,0.0,0,BB,BEL,Online TA,TA/TO,0,0,0,D,D,0,No Deposit,9.0,0,Transient,123.3,0,1
City Hotel,1,273,2017,May,21,24,0,3,2,0.0,0,BB,AUT,Online TA,TA/TO,0,0,0,B,B,1,No Deposit,9.0,0,Transient,108.95,0,2
City Hotel,1,352,2017,May,21,24,0,3,2,0.0,0,SC,GBR,Online TA,TA/TO,0,0,0,A,A,0,No Deposit,9.0,0,Transient,99.0,0,0
City Hotel,1,28,2017,May,21,24,0,3,2,0.0,0,BB,PRT,Online TA,TA/TO,0,0,0,D,D,0,No Deposit,8.0,0,Transient,180.5,0,1
City Hotel,1,356,2017,May,21,24,0,3,2,0.0,0,SC,GBR,Online TA,TA/TO,0,0,0,A,A,0,No Deposit,9.0,0,Transient,99.0,0,0
City Hotel,1,352,2017,May,21,24,0,3,2,0.0,0,SC,GBR,Online TA,TA/TO,0,0,0,A,A,0,No Deposit,9.0,0,Transient,99.0,0,0
City Hotel,1,191,2017,May,21,24,0,4,2,0.0,0,BB,ESP,Online TA,TA/TO,0,0,0,D,D,0,No Deposit,9.0,0,Transient,157.46,0,0
City Hotel,1,294,2017,May,21,24,0,4,2,0.0,0,BB,NLD,Online TA,TA/TO,0,0,0,A,A,0,No Deposit,9.0,0,Transient,118.35,0,0
City Hotel,1,311,2017,May,21,24,0,4,2,0.0,0,BB,DNK,Online TA,TA/TO,0,0,0,B,B,1,No Deposit,9.0,0,Transient,99.45,0,0
City Hotel,1,170,2017,May,21,24,0,4,2,0.0,0,SC,ITA,Online TA,TA/TO,0,0,0,A,A,0,No Deposit,9.0,0,Transient,108.0,0,1
City Hotel,1,225,2017,May,21,24,0,4,2,0.0,0,SC,DEU,Online TA,TA/TO,0,0,0,A,A,0,No Deposit,9.0,0,Transient,107.1,0,0
City Hotel,1,201,2017,May,21,24,0,4,2,0.0,0,BB,DEU,Online TA,TA/TO,0,0,0,A,A,0,No Deposit,9.0,0,Transient,125.1,0,1
City Hotel,1,294,2017,May,21,24,0,4,2,0.0,0,SC,NLD,Online TA,TA/TO,0,0,0,A,A,0,No Deposit,9.0,0,Transient,110.25,0,0
City Hotel,1,173,2017,May,21,24,0,4,2,0.0,0,SC,FRA,Online TA,TA/TO,0,0,0,A,A,0,No Deposit,9.0,0,Transient,108.0,0,2
City Hotel,1,243,2017,May,21,24,0,4,2,0.0,0,BB,ESP,Online TA,TA/TO,0,0,0,D,D,3,No Deposit,9.0,0,Transient,157.44,0,2
City Hotel,1,228,2017,May,21,24,0,4,2,0.0,0,BB,GBR,Online TA,TA/TO,0,0,0,A,A,0,No Deposit,9.0,0,Transient,125.1,0,1
City Hotel,1,262,2017,May,21,24,0,4,2,0.0,0,BB,CHE,Online TA,TA/TO,0,0,0,D,D,0,No Deposit,9.0,0,Transient,157.5,0,2
City Hotel,1,250,2017,May,21,24,0,4,2,0.0,0,BB,SWE,Online TA,TA/TO,0,0,0,A,A,0,No Deposit,9.0,0,Transient,125.1,0,1
City Hotel,1,262,2017,May,21,24,0,4,2,0.0,0,SC,CHE,Online TA,TA/TO,0,0,0,A,A,0,No Deposit,9.0,0,Transient,133.2,0,2
City Hotel,1,311,2017,May,21,24,0,4,2,0.0,0,BB,DNK,Online TA,TA/TO,0,0,0,B,B,1,No Deposit,9.0,0,Transient,99.45,0,0
City Hotel,1,243,2017,May,21,24,0,4,2,0.0,0,BB,ESP,Online TA,TA/TO,0,0,0,D,D,2,No Deposit,9.0,0,Transient,138.77,0,2
City Hotel,1,262,2017,May,21,24,0,4,2,0.0,0,BB,CHE,Online TA,TA/TO,0,0,0,D,D,0,No Deposit,9.0,0,Transient,138.6,0,2
City Hotel,1,211,2017,May,21,24,0,4,2,0.0,0,SC,NOR,Online TA,TA/TO,0,0,0,A,A,0,No Deposit,9.0,0,Transient,107.1,0,0
City Hotel,1,310,2017,May,21,24,0,4,2,0.0,0,BB,DNK,Online TA,TA/TO,0,0,0,B,B,0,No Deposit,9.0,0,Transient,99.45,0,0
City Hotel,1,262,2017,May,21,24,0,4,2,0.0,0,BB,CHE,Online TA,TA/TO,0,0,0,D,D,0,No Deposit,9.0,0,Transient,138.6,0,2
City Hotel,1,243,2017,May,21,24,0,4,2,0.0,0,BB,ESP,Online TA,TA/TO,0,0,0,D,D,2,No Deposit,9.0,0,Transient,138.77,0,2
City Hotel,1,225,2017,May,21,24,0,4,2,0.0,0,SC,DEU,Online TA,TA/TO,0,0,0,A,A,0,No Deposit,9.0,0,Transient,107.1,0,0
City Hotel,1,211,2017,May,21,24,0,4,2,0.0,0,SC,NOR,Online TA,TA/TO,0,0,0,A,A,0,No Deposit,9.0,0,Transient,107.1,0,0
City Hotel,1,292,2017,May,21,24,0,4,2,0.0,0,SC,BRA,Online TA,TA/TO,0,0,0,A,A,2,No Deposit,9.0,0,Transient,107.33,0,0
City Hotel,1,297,2017,May,21,24,0,4,2,0.0,0,BB,FIN,Online TA,TA/TO,0,0,0,A,A,0,No Deposit,9.0,0,Transient,109.8,0,1
City Hotel,1,201,2017,May,21,24,0,4,2,0.0,0,BB,DEU,Online TA,TA/TO,0,0,0,A,A,0,No Deposit,9.0,0,Transient,125.1,0,1
City Hotel,1,225,2017,May,21,24,0,4,2,0.0,0,SC,DEU,Online TA,TA/TO,0,0,0,A,A,0,No Deposit,9.0,0,Transient,107.1,0,0
City Hotel,1,225,2017,May,21,24,0,4,2,0.0,0,SC,DEU,Online TA,TA/TO,0,0,0,A,A,0,No Deposit,9.0,0,Transient,107.1,0,0
City Hotel,1,296,2017,May,21,24,0,4,2,0.0,0,BB,NLD,Online TA,TA/TO,0,0,0,A,A,0,No Deposit,9.0,0,Transient,109.8,0,0
City Hotel,1,225,2017,May,21,24,0,4,2,0.0,0,SC,DEU,Online TA,TA/TO,0,0,0,A,A,0,No Deposit,9.0,0,Transient,107.1,0,0
City Hotel,1,270,2017,May,21,24,0,4,2,0.0,0,BB,PRT,Direct,Direct,0,0,0,D,D,0,No Deposit,,0,Transient,127.75,0,0
City Hotel,1,173,2017,May,21,24,0,4,2,0.0,0,SC,FRA,Online TA,TA/TO,0,0,0,A,A,0,No Deposit,9.0,0,Transient,108.0,0,2
City Hotel,1,262,2017,May,21,24,0,4,2,0.0,0,BB,CHE,Online TA,TA/TO,0,0,0,D,D,0,No Deposit,9.0,0,Transient,138.6,0,2
City Hotel,1,225,2017,May,21,24,0,4,2,0.0,0,SC,DEU,Online TA,TA/TO,0,0,0,A,A,0,No Deposit,9.0,0,Transient,107.1,0,0
City Hotel,1,211,2017,May,21,24,0,4,2,0.0,0,SC,NOR,Online TA,TA/TO,0,0,0,A,A,0,No Deposit,9.0,0,Transient,107.1,0,0
City Hotel,1,138,2017,May,21,24,1,4,2,0.0,0,BB,PRT,Offline TA/TO,TA/TO,0,0,0,A,A,0,No Deposit,85.0,0,Transient,89.1,0,1
City Hotel,1,189,2017,May,21,24,1,4,2,0.0,0,BB,FIN,Direct,Direct,0,0,0,D,D,0,No Deposit,14.0,0,Transient,144.2,0,0
City Hotel,1,181,2017,May,21,25,0,2,2,0.0,0,BB,PRT,Groups,Direct,0,0,0,A,A,0,Non Refund,,0,Transient,130.0,0,0
City Hotel,1,181,2017,May,21,25,0,2,2,0.0,0,BB,PRT,Groups,Direct,0,0,0,A,A,0,Non Refund,,0,Transient,130.0,0,0
City Hotel,1,181,2017,May,21,25,0,2,2,0.0,0,BB,PRT,Groups,Direct,0,0,0,A,A,0,Non Refund,,0,Transient,130.0,0,0
City Hotel,1,181,2017,May,21,25,0,2,2,0.0,0,BB,PRT,Groups,Direct,0,0,0,A,A,0,Non Refund,,0,Transient,130.0,0,0
City Hotel,1,181,2017,May,21,25,0,2,2,0.0,0,BB,PRT,Groups,Direct,0,0,0,A,A,0,Non Refund,,0,Transient,130.0,0,0
City Hotel,1,181,2017,May,21,25,0,2,2,0.0,0,BB,PRT,Groups,Direct,0,0,0,A,A,0,Non Refund,,0,Transient,130.0,0,0
City Hotel,1,213,2017,May,21,25,0,2,2,0.0,0,BB,PRT,Groups,Direct,0,0,0,A,A,0,Non Refund,,32,Transient,130.0,0,0
City Hotel,1,181,2017,May,21,25,0,2,2,0.0,0,BB,PRT,Groups,Direct,0,0,0,A,A,0,Non Refund,,0,Transient,130.0,0,0
City Hotel,1,181,2017,May,21,25,0,2,2,0.0,0,BB,PRT,Groups,Direct,0,0,0,A,A,0,Non Refund,,0,Transient,130.0,0,0
City Hotel,1,181,2017,May,21,25,0,2,2,0.0,0,BB,PRT,Groups,Direct,0,0,0,A,A,0,Non Refund,,0,Transient,130.0,0,0
City Hotel,1,181,2017,May,21,25,0,2,2,0.0,0,BB,PRT,Groups,Direct,0,0,0,A,A,0,Non Refund,,0,Transient,130.0,0,0
City Hotel,1,181,2017,May,21,25,0,2,2,0.0,0,BB,PRT,Groups,Direct,0,0,0,A,A,0,Non Refund,,0,Transient,130.0,0,0
City Hotel,1,181,2017,May,21,25,0,2,2,0.0,0,BB,PRT,Groups,Direct,0,0,0,A,A,0,Non Refund,,0,Transient,130.0,0,0
City Hotel,1,181,2017,May,21,25,0,2,2,0.0,0,BB,PRT,Groups,Direct,0,0,0,A,A,0,Non Refund,,0,Transient,130.0,0,0
City Hotel,1,181,2017,May,21,25,0,2,2,0.0,0,BB,PRT,Groups,Direct,0,0,0,A,A,0,Non Refund,,0,Transient,130.0,0,0
City Hotel,1,181,2017,May,21,25,0,2,2,0.0,0,BB,PRT,Groups,Direct,0,0,0,A,A,0,Non Refund,,0,Transient,130.0,0,0
City Hotel,1,181,2017,May,21,25,0,2,2,0.0,0,BB,PRT,Groups,Direct,0,0,0,A,A,0,Non Refund,,0,Transient,130.0,0,0
City Hotel,1,181,2017,May,21,25,0,2,2,0.0,0,BB,PRT,Groups,Direct,0,0,0,A,A,0,Non Refund,,0,Transient,130.0,0,0
City Hotel,1,161,2017,May,21,25,0,3,2,0.0,0,BB,PRT,Online TA,TA/TO,0,0,0,D,D,0,No Deposit,7.0,0,Transient,102.04,0,1
City Hotel,1,167,2017,May,21,25,0,3,2,0.0,0,BB,PRT,Offline TA/TO,TA/TO,0,0,0,A,A,0,Non Refund,58.0,0,Transient,115.0,0,0
City Hotel,1,15,2017,May,21,25,0,3,2,0.0,0,SC,FRA,Online TA,TA/TO,0,0,0,A,A,0,No Deposit,9.0,0,Transient,160.0,0,1
City Hotel,1,167,2017,May,21,25,0,3,2,0.0,0,BB,PRT,Offline TA/TO,TA/TO,0,0,0,A,A,0,Non Refund,58.0,0,Transient,115.0,0,0
City Hotel,1,167,2017,May,21,25,0,3,2,0.0,0,BB,PRT,Offline TA/TO,TA/TO,0,0,0,A,A,0,Non Refund,58.0,0,Transient,115.0,0,0
City Hotel,1,167,2017,May,21,25,0,3,2,0.0,0,BB,PRT,Offline TA/TO,TA/TO,0,0,0,A,A,0,Non Refund,58.0,0,Transient,115.0,0,0
City Hotel,1,167,2017,May,21,25,0,3,2,0.0,0,BB,PRT,Offline TA/TO,TA/TO,0,0,0,A,A,0,Non Refund,58.0,0,Transient,115.0,0,0
City Hotel,1,161,2017,May,21,25,0,3,2,0.0,0,BB,PRT,Online TA,TA/TO,0,0,0,D,D,0,No Deposit,7.0,0,Transient,102.04,0,1
City Hotel,1,230,2017,May,21,25,0,3,2,0.0,0,SC,FRA,Online TA,TA/TO,0,0,0,A,A,0,No Deposit,9.0,0,Transient,107.1,0,1
City Hotel,1,230,2017,May,21,25,0,3,2,0.0,0,BB,GBR,Online TA,TA/TO,0,0,0,A,A,1,No Deposit,9.0,0,Transient,125.1,0,1
City Hotel,1,167,2017,May,21,25,0,3,2,0.0,0,BB,PRT,Offline TA/TO,TA/TO,0,0,0,A,A,0,Non Refund,58.0,0,Transient,115.0,0,0
City Hotel,1,240,2017,May,21,25,0,3,2,0.0,0,BB,BEL,Online TA,TA/TO,0,0,0,D,D,0,No Deposit,9.0,0,Transient,138.6,0,1
City Hotel,1,274,2017,May,21,25,0,3,2,0.0,0,BB,NOR,Online TA,TA/TO,0,0,0,D,D,0,No Deposit,9.0,0,Transient,135.0,0,2
City Hotel,1,201,2017,May,21,25,0,3,2,0.0,0,BB,PRT,Offline TA/TO,TA/TO,0,0,0,A,A,0,Non Refund,58.0,34,Transient,115.0,0,0
City Hotel,1,240,2017,May,21,25,0,3,2,0.0,0,BB,BEL,Online TA,TA/TO,0,0,0,D,D,0,No Deposit,9.0,0,Transient,138.6,0,1
City Hotel,1,226,2017,May,21,25,0,3,2,0.0,0,SC,FRA,Online TA,TA/TO,0,0,0,A,A,0,No Deposit,9.0,0,Transient,107.1,0,3
City Hotel,1,68,2017,May,21,25,0,3,2,0.0,0,BB,DEU,Online TA,TA/TO,0,0,0,D,D,0,No Deposit,9.0,0,Transient,171.0,0,0
City Hotel,1,167,2017,May,21,25,0,3,2,0.0,0,BB,PRT,Offline TA/TO,TA/TO,0,0,0,A,A,0,Non Refund,58.0,0,Transient,115.0,0,0
City Hotel,1,167,2017,May,21,25,0,3,2,0.0,0,BB,PRT,Offline TA/TO,TA/TO,0,0,0,A,A,0,Non Refund,58.0,0,Transient,115.0,0,0
City Hotel,1,161,2017,May,21,25,0,3,2,0.0,0,BB,PRT,Online TA,TA/TO,0,0,0,D,D,0,No Deposit,7.0,0,Transient,102.04,0,1
City Hotel,1,219,2017,May,21,25,0,3,2,0.0,0,BB,PRT,Online TA,TA/TO,0,0,0,A,A,0,No Deposit,7.0,0,Transient,96.33,0,1
City Hotel,1,230,2017,May,21,25,0,3,2,0.0,0,BB,GBR,Online TA,TA/TO,0,0,0,A,A,0,No Deposit,9.0,0,Transient,125.1,0,1
City Hotel,1,240,2017,May,21,25,0,3,2,0.0,0,BB,BEL,Online TA,TA/TO,0,0,0,D,D,0,No Deposit,9.0,0,Transient,138.6,0,1
City Hotel,1,149,2017,May,21,25,0,3,2,0.0,0,BB,DEU,Online TA,TA/TO,0,0,0,E,E,0,No Deposit,9.0,0,Transient,162.0,0,2
City Hotel,1,247,2017,May,21,25,0,3,2,0.0,0,BB,DEU,Online TA,TA/TO,0,0,0,D,D,0,No Deposit,9.0,0,Transient,138.6,0,1
City Hotel,1,167,2017,May,21,25,0,3,2,0.0,0,BB,PRT,Offline TA/TO,TA/TO,0,0,0,A,A,0,Non Refund,58.0,0,Transient,115.0,0,0
City Hotel,1,254,2017,May,21,25,0,3,2,0.0,0,SC,CHE,Online TA,TA/TO,0,0,0,A,A,0,No Deposit,9.0,0,Transient,119.0,0,1
City Hotel,1,295,2017,May,21,25,0,3,2,0.0,0,HB,FRA,Online TA,TA/TO,0,0,0,A,A,0,No Deposit,9.0,0,Transient,144.0,0,1
City Hotel,1,172,2017,May,21,25,0,3,2,0.0,0,BB,FRA,Online TA,TA/TO,0,0,0,D,D,0,No Deposit,9.0,0,Transient,139.5,0,2
City Hotel,1,161,2017,May,21,25,0,3,2,0.0,0,BB,PRT,Online TA,TA/TO,0,0,0,D,D,0,No Deposit,7.0,0,Transient,102.04,0,1
City Hotel,1,185,2017,May,21,25,0,3,2,0.0,0,BB,DEU,Online TA,TA/TO,0,0,0,D,D,0,No Deposit,9.0,0,Transient,138.9,0,0
City Hotel,1,167,2017,May,21,25,0,3,2,0.0,0,BB,PRT,Offline TA/TO,TA/TO,0,0,0,A,A,0,Non Refund,58.0,0,Transient,115.0,0,0
City Hotel,1,287,2017,May,21,25,0,3,2,0.0,0,BB,DEU,Online TA,TA/TO,0,0,0,A,A,0,No Deposit,9.0,0,Transient,132.6,0,1
City Hotel,1,247,2017,May,21,25,0,3,2,0.0,0,BB,DEU,Online TA,TA/TO,0,0,0,D,D,0,No Deposit,9.0,0,Transient,138.6,0,1
City Hotel,1,161,2017,May,21,25,0,3,2,0.0,0,BB,PRT,Online TA,TA/TO,0,0,0,D,D,0,No Deposit,7.0,0,Transient,102.04,0,1
City Hotel,1,287,2017,May,21,25,0,3,2,0.0,0,BB,DEU,Online TA,TA/TO,0,0,0,A,A,0,No Deposit,9.0,0,Transient,132.6,0,1
City Hotel,1,170,2017,May,21,25,0,3,2,0.0,0,BB,AUT,Online TA,TA/TO,0,0,0,D,D,0,No Deposit,9.0,0,Transient,139.5,0,0
City Hotel,1,167,2017,May,21,25,0,3,2,0.0,0,BB,PRT,Offline TA/TO,TA/TO,0,0,0,A,A,0,Non Refund,58.0,0,Transient,115.0,0,0
City Hotel,1,282,2017,May,21,25,0,3,2,0.0,0,SC,AUT,Online TA,TA/TO,0,0,0,A,A,0,No Deposit,9.0,0,Transient,129.0,0,1
City Hotel,1,229,2017,May,21,25,1,3,2,0.0,0,BB,DNK,Online TA,TA/TO,0,0,0,A,A,0,No Deposit,9.0,0,Transient,125.1,0,0
City Hotel,1,267,2017,May,21,25,1,3,2,0.0,0,BB,FRA,Online TA,TA/TO,0,0,0,D,D,0,No Deposit,9.0,0,Transient,138.6,0,0
City Hotel,1,298,2017,May,21,25,1,3,2,0.0,0,BB,DEU,Online TA,TA/TO,0,0,0,D,D,0,No Deposit,9.0,0,Transient,123.3,0,1
City Hotel,1,212,2017,May,21,25,1,3,2,0.0,0,SC,GRC,Online TA,TA/TO,0,0,0,A,A,0,No Deposit,9.0,0,Transient,107.1,0,1
City Hotel,1,250,2017,May,21,25,1,3,2,0.0,0,SC,DEU,Online TA,TA/TO,0,0,0,A,A,0,No Deposit,9.0,0,Transient,107.1,0,0
City Hotel,1,229,2017,May,21,25,1,3,2,0.0,0,BB,DNK,Online TA,TA/TO,0,0,0,A,A,0,No Deposit,9.0,0,Transient,125.1,0,0
City Hotel,1,249,2017,May,21,25,1,3,2,0.0,0,BB,DEU,Online TA,TA/TO,0,0,0,A,A,0,No Deposit,9.0,0,Transient,125.1,0,1
City Hotel,1,197,2017,May,21,25,2,4,2,0.0,0,BB,BEL,Direct,Direct,0,0,0,D,D,0,No Deposit,14.0,0,Transient,129.6,0,1
City Hotel,1,179,2017,May,21,25,2,6,2,0.0,0,BB,RUS,Online TA,TA/TO,0,0,0,A,A,0,No Deposit,9.0,0,Transient,126.0,0,1
City Hotel,1,32,2017,May,21,26,0,1,2,0.0,0,SC,PRT,Online TA,TA/TO,0,0,0,A,A,0,No Deposit,9.0,0,Transient,160.0,0,0
City Hotel,1,32,2017,May,21,26,0,1,2,0.0,0,SC,PRT,Online TA,TA/TO,0,0,0,A,A,0,No Deposit,9.0,0,Transient,160.0,0,0
City Hotel,1,30,2017,May,21,26,0,1,2,0.0,0,SC,PRT,Online TA,TA/TO,0,0,0,A,A,0,No Deposit,8.0,0,Transient,160.0,0,1
City Hotel,1,32,2017,May,21,26,0,1,2,0.0,0,SC,PRT,Online TA,TA/TO,0,0,0,A,A,1,No Deposit,9.0,0,Transient,160.0,0,0
City Hotel,1,32,2017,May,21,26,0,1,2,0.0,0,SC,PRT,Online TA,TA/TO,0,0,0,A,A,0,No Deposit,9.0,0,Transient,160.0,0,0
City Hotel,1,23,2017,May,21,26,0,1,2,0.0,0,SC,USA,Online TA,TA/TO,0,0,0,A,A,0,No Deposit,9.0,0,Transient,160.0,0,1
City Hotel,1,32,2017,May,21,26,0,1,2,0.0,0,SC,PRT,Online TA,TA/TO,0,0,0,A,A,0,No Deposit,9.0,0,Transient,160.0,0,0
City Hotel,1,34,2017,May,21,26,0,1,2,0.0,0,BB,PRT,Online TA,TA/TO,0,0,0,D,D,0,No Deposit,9.0,0,Transient,190.0,0,1
City Hotel,1,109,2017,May,21,26,0,2,2,0.0,0,SC,ITA,Online TA,TA/TO,0,0,0,A,A,0,No Deposit,9.0,0,Transient,126.0,0,0
City Hotel,1,137,2017,May,21,26,0,2,2,0.0,0,BB,IRL,Online TA,TA/TO,0,0,0,A,A,0,No Deposit,9.0,0,Transient,126.0,0,0
City Hotel,1,236,2017,May,21,26,0,2,2,0.0,0,SC,GBR,Online TA,TA/TO,0,0,0,A,A,0,No Deposit,9.0,0,Transient,107.1,0,1
City Hotel,1,111,2017,May,21,26,0,2,2,0.0,0,SC,GBR,Online TA,TA/TO,0,0,0,A,A,0,No Deposit,9.0,0,Transient,126.0,0,0
City Hotel,1,89,2017,May,21,26,0,2,2,0.0,0,BB,PRT,Online TA,TA/TO,0,0,0,G,G,0,No Deposit,8.0,0,Transient,280.0,0,0
City Hotel,1,125,2017,May,21,26,0,2,2,0.0,0,BB,AUT,Online TA,TA/TO,0,0,0,A,A,0,No Deposit,9.0,0,Transient,126.0,0,0
City Hotel,1,168,2017,May,21,26,1,2,2,0.0,0,BB,PRT,Groups,TA/TO,0,0,0,A,A,0,Non Refund,,0,Transient,140.0,0,0
City Hotel,1,168,2017,May,21,26,1,2,2,0.0,0,BB,PRT,Groups,TA/TO,0,0,0,A,A,0,Non Refund,,0,Transient,140.0,0,0
City Hotel,1,235,2017,May,21,26,1,2,2,0.0,0,SC,GBR,Online TA,TA/TO,0,0,0,A,A,0,No Deposit,9.0,0,Transient,107.1,0,1
City Hotel,1,168,2017,May,21,26,1,2,2,0.0,0,BB,PRT,Groups,TA/TO,0,0,0,A,A,0,Non Refund,,0,Transient,140.0,0,0
City Hotel,1,235,2017,May,21,26,1,2,2,0.0,0,SC,GBR,Online TA,TA/TO,0,0,0,A,A,0,No Deposit,9.0,0,Transient,107.1,0,1
City Hotel,1,235,2017,May,21,26,1,2,2,0.0,0,SC,GBR,Online TA,TA/TO,0,0,0,A,A,0,No Deposit,9.0,0,Transient,107.1,0,1
City Hotel,1,115,2017,May,21,26,1,2,2,0.0,0,SC,CHN,Online TA,TA/TO,0,0,0,A,A,0,No Deposit,9.0,0,Transient,113.4,0,0
City Hotel,1,168,2017,May,21,26,1,2,2,0.0,0,BB,PRT,Groups,TA/TO,0,0,0,A,A,0,Non Refund,,0,Transient,140.0,0,0
City Hotel,1,36,2017,May,21,26,1,2,2,0.0,0,BB,PRT,Offline TA/TO,TA/TO,0,0,0,A,A,1,No Deposit,3.0,0,Transient,136.0,0,0
City Hotel,1,122,2017,May,21,26,1,2,2,0.0,0,BB,FRA,Online TA,TA/TO,0,0,0,A,A,0,No Deposit,9.0,0,Transient,130.67,0,0
City Hotel,1,235,2017,May,21,26,1,2,2,0.0,0,SC,GBR,Online TA,TA/TO,0,0,0,A,A,0,No Deposit,9.0,0,Transient,142.1,0,1
City Hotel,1,125,2017,May,21,26,1,2,2,0.0,0,BB,BRA,Online TA,TA/TO,0,0,0,A,A,0,No Deposit,9.0,0,Transient,126.0,0,2
City Hotel,1,32,2017,May,21,26,1,2,2,0.0,0,SC,BRA,Online TA,TA/TO,0,0,0,A,A,0,No Deposit,9.0,0,Transient,160.0,0,2
City Hotel,1,235,2017,May,21,26,1,2,2,0.0,0,SC,GBR,Online TA,TA/TO,0,0,0,A,A,0,No Deposit,9.0,0,Transient,107.1,0,1
City Hotel,1,235,2017,May,21,26,1,2,2,0.0,0,SC,GBR,Online TA,TA/TO,0,0,0,A,A,0,No Deposit,9.0,0,Transient,107.1,0,1
City Hotel,1,130,2017,May,21,26,1,2,2,0.0,0,SC,FRA,Online TA,TA/TO,0,0,0,A,A,0,No Deposit,9.0,0,Transient,112.0,0,1
City Hotel,1,168,2017,May,21,26,1,2,2,0.0,0,BB,PRT,Groups,TA/TO,0,0,0,A,A,0,Non Refund,,0,Transient,140.0,0,0
City Hotel,1,168,2017,May,21,26,1,2,2,0.0,0,BB,PRT,Groups,TA/TO,0,0,0,A,A,0,Non Refund,,0,Transient,140.0,0,0
City Hotel,1,128,2017,May,21,26,1,2,2,0.0,0,BB,PRT,Offline TA/TO,TA/TO,0,0,0,A,A,1,No Deposit,28.0,0,Transient,85.0,0,0
City Hotel,1,168,2017,May,21,26,1,2,2,0.0,0,BB,PRT,Groups,TA/TO,0,0,0,A,A,0,Non Refund,,0,Transient,140.0,0,0
City Hotel,1,168,2017,May,21,26,1,2,2,0.0,0,BB,PRT,Groups,TA/TO,0,0,0,A,A,0,Non Refund,,0,Transient,140.0,0,0
City Hotel,1,235,2017,May,21,26,1,2,2,0.0,0,SC,GBR,Online TA,TA/TO,0,0,0,A,A,0,No Deposit,9.0,0,Transient,107.1,0,1
City Hotel,1,168,2017,May,21,26,1,2,2,0.0,0,BB,PRT,Groups,TA/TO,0,0,0,A,A,0,Non Refund,,0,Transient,140.0,0,0
City Hotel,1,168,2017,May,21,26,1,2,2,0.0,0,BB,PRT,Groups,TA/TO,0,0,0,A,A,0,Non Refund,,0,Transient,140.0,0,0
City Hotel,1,168,2017,May,21,26,1,2,2,0.0,0,BB,PRT,Groups,TA/TO,0,0,0,A,A,0,Non Refund,,0,Transient,140.0,0,0
City Hotel,1,269,2017,May,21,26,1,2,2,0.0,0,BB,GBR,Online TA,TA/TO,0,0,0,D,D,0,No Deposit,9.0,0,Transient,135.0,0,3
City Hotel,1,204,2017,May,21,26,1,2,2,0.0,0,SC,GBR,Online TA,TA/TO,0,0,0,A,A,0,No Deposit,9.0,0,Transient,107.1,0,2
City Hotel,1,168,2017,May,21,26,1,2,2,0.0,0,BB,PRT,Groups,TA/TO,0,0,0,A,A,0,Non Refund,,0,Transient,140.0,0,0
City Hotel,1,102,2017,May,21,26,1,2,2,0.0,0,BB,GBR,Online TA,TA/TO,0,0,0,A,A,0,No Deposit,9.0,0,Transient,149.33,0,0
City Hotel,1,130,2017,May,21,26,1,2,2,0.0,0,SC,FRA,Online TA,TA/TO,0,0,0,A,A,0,No Deposit,9.0,0,Transient,112.0,0,1
City Hotel,1,168,2017,May,21,26,1,2,2,0.0,0,BB,PRT,Groups,TA/TO,0,0,0,A,A,0,Non Refund,,0,Transient,140.0,0,0
City Hotel,1,168,2017,May,21,26,1,2,2,0.0,0,BB,PRT,Groups,TA/TO,0,0,0,A,A,0,Non Refund,,0,Transient,140.0,0,0
City Hotel,1,204,2017,May,21,26,1,2,2,0.0,0,SC,GBR,Online TA,TA/TO,0,0,0,A,A,0,No Deposit,9.0,0,Transient,107.1,0,2
City Hotel,1,35,2017,May,21,26,1,2,2,0.0,0,SC,AUS,Online TA,TA/TO,0,0,0,A,A,0,No Deposit,9.0,0,Transient,160.0,0,1
City Hotel,1,125,2017,May,21,26,1,2,2,0.0,0,BB,BRA,Online TA,TA/TO,0,0,0,A,A,0,No Deposit,9.0,0,Transient,126.0,0,2
City Hotel,1,168,2017,May,21,26,1,2,2,0.0,0,BB,PRT,Groups,TA/TO,0,0,0,A,A,0,Non Refund,,0,Transient,140.0,0,0
City Hotel,1,235,2017,May,21,26,1,2,2,0.0,0,SC,GBR,Online TA,TA/TO,0,0,0,A,A,0,No Deposit,9.0,0,Transient,107.1,0,1
City Hotel,1,261,2017,May,21,26,1,2,2,0.0,0,BB,PRT,Groups,TA/TO,0,0,0,A,A,0,Non Refund,,93,Transient,140.0,0,0
City Hotel,1,235,2017,May,21,26,1,2,2,0.0,0,SC,GBR,Online TA,TA/TO,0,0,0,A,A,0,No Deposit,9.0,0,Transient,107.1,0,1
City Hotel,1,168,2017,May,21,26,1,2,2,0.0,0,BB,PRT,Groups,TA/TO,0,0,0,A,A,0,Non Refund,,0,Transient,140.0,0,0
City Hotel,1,168,2017,May,21,26,1,2,2,0.0,0,BB,PRT,Groups,TA/TO,0,0,0,A,A,0,Non Refund,,0,Transient,140.0,0,0
City Hotel,1,235,2017,May,21,26,1,2,2,0.0,0,SC,GBR,Online TA,TA/TO,0,0,0,A,A,0,No Deposit,9.0,0,Transient,107.1,0,1
City Hotel,1,123,2017,May,21,26,2,2,2,0.0,0,BB,DEU,Online TA,TA/TO,0,0,0,A,A,0,No Deposit,9.0,0,Transient,126.0,0,0
City Hotel,1,131,2017,May,21,26,2,2,2,0.0,0,SC,PRT,Online TA,TA/TO,0,0,0,A,A,0,No Deposit,8.0,0,Transient,108.0,0,1
City Hotel,1,34,2017,May,21,26,2,4,2,0.0,0,SC,AUT,Online TA,TA/TO,0,0,0,A,A,0,No Deposit,9.0,0,Transient,160.0,0,1
City Hotel,1,125,2017,May,21,26,2,5,2,0.0,0,SC,ROU,Online TA,TA/TO,0,0,0,A,A,0,No Deposit,9.0,0,Transient,108.0,0,0
City Hotel,1,105,2017,May,21,27,0,1,2,0.0,0,BB,FRA,Online TA,TA/TO,0,0,0,A,A,0,No Deposit,155.0,0,Transient,185.0,0,1
City Hotel,1,95,2017,May,21,27,0,1,2,0.0,0,BB,CN,Online TA,TA/TO,0,0,0,D,D,0,No Deposit,9.0,0,Transient,153.0,0,0
City Hotel,1,13,2017,May,21,27,0,1,2,0.0,0,BB,PRT,Online TA,TA/TO,0,0,0,D,D,0,No Deposit,9.0,0,Transient,190.0,0,1
City Hotel,1,283,2017,May,21,27,1,1,2,0.0,0,HB,USA,Online TA,TA/TO,0,0,0,A,A,0,No Deposit,9.0,0,Transient,126.9,0,2
City Hotel,1,246,2017,May,21,27,1,1,2,0.0,0,BB,PRT,Offline TA/TO,TA/TO,0,0,0,A,A,0,No Deposit,12.0,0,Transient-Party,100.0,0,0
City Hotel,1,151,2017,May,21,27,1,1,2,0.0,0,BB,ITA,Online TA,TA/TO,0,0,0,A,A,0,No Deposit,9.0,0,Transient,133.0,0,1
City Hotel,1,246,2017,May,21,27,1,1,2,0.0,0,BB,PRT,Offline TA/TO,TA/TO,0,0,0,A,A,0,No Deposit,12.0,0,Transient-Party,100.0,0,0
City Hotel,1,246,2017,May,21,27,1,1,2,0.0,0,BB,PRT,Offline TA/TO,TA/TO,0,0,0,A,A,0,No Deposit,12.0,0,Transient-Party,100.0,0,0
City Hotel,1,151,2017,May,21,27,1,1,2,0.0,0,BB,ITA,Online TA,TA/TO,0,0,0,A,A,0,No Deposit,9.0,0,Transient,133.0,0,0
City Hotel,1,246,2017,May,21,27,1,1,2,0.0,0,BB,PRT,Offline TA/TO,TA/TO,0,0,0,A,A,0,No Deposit,12.0,0,Transient-Party,100.0,0,0
City Hotel,1,151,2017,May,21,27,1,1,2,0.0,0,SC,ITA,Online TA,TA/TO,0,0,0,A,A,0,No Deposit,9.0,0,Transient,114.0,0,1
City Hotel,1,246,2017,May,21,27,1,1,2,0.0,0,BB,PRT,Offline TA/TO,TA/TO,0,0,0,A,A,0,No Deposit,12.0,0,Transient-Party,100.0,0,0
City Hotel,1,255,2017,May,21,27,2,1,2,0.0,0,SC,SWE,Online TA,TA/TO,0,0,0,A,A,0,No Deposit,9.0,0,Transient,119.0,0,0
City Hotel,1,106,2017,May,21,27,2,1,2,0.0,0,BB,PRT,Offline TA/TO,TA/TO,0,0,0,A,A,0,No Deposit,27.0,0,Transient,89.1,0,0
City Hotel,1,187,2017,May,21,27,2,1,2,0.0,0,BB,CHE,Online TA,TA/TO,0,0,0,A,A,0,No Deposit,9.0,0,Transient,125.1,0,0
City Hotel,1,146,2017,May,21,27,2,1,2,0.0,0,HB,ITA,Online TA,TA/TO,0,0,0,A,A,0,No Deposit,9.0,0,Transient,162.0,0,1
City Hotel,1,255,2017,May,21,27,2,1,2,0.0,0,SC,SWE,Online TA,TA/TO,0,0,0,A,A,0,No Deposit,9.0,0,Transient,119.0,0,0
City Hotel,1,52,2017,May,21,27,2,2,2,0.0,0,BB,CHN,Online TA,TA/TO,0,0,0,E,E,0,No Deposit,9.0,0,Transient,198.0,0,0
City Hotel,1,204,2017,May,21,27,2,2,2,0.0,0,BB,GRC,Online TA,TA/TO,0,0,0,D,D,0,No Deposit,9.0,0,Transient,138.6,0,2
City Hotel,1,127,2017,May,21,27,2,2,2,0.0,0,BB,USA,Online TA,TA/TO,0,0,0,A,A,0,No Deposit,9.0,0,Transient,126.0,0,1
City Hotel,1,102,2017,May,21,27,2,3,2,0.0,0,BB,PRT,Online TA,TA/TO,0,0,0,D,D,0,No Deposit,85.0,0,Transient,119.52,0,0
City Hotel,1,102,2017,May,21,27,2,3,2,0.0,0,BB,PRT,Online TA,TA/TO,0,0,0,D,D,0,No Deposit,85.0,0,Transient,119.52,0,0
City Hotel,1,126,2017,May,21,27,2,5,2,0.0,0,BB,FRA,Online TA,TA/TO,0,0,0,D,D,0,No Deposit,9.0,0,Transient,123.81,0,1
City Hotel,1,22,2017,May,22,28,1,0,2,0.0,0,BB,CN,Online TA,TA/TO,0,0,0,D,D,0,No Deposit,9.0,0,Transient,170.0,0,1
City Hotel,1,17,2017,May,22,28,2,0,2,0.0,0,BB,PRT,Online TA,TA/TO,0,0,0,A,A,0,No Deposit,9.0,0,Transient,160.0,0,2
City Hotel,1,183,2017,May,22,28,2,0,2,0.0,0,BB,DEU,Online TA,TA/TO,0,0,0,D,D,0,No Deposit,9.0,0,Transient,139.5,0,0
City Hotel,1,183,2017,May,22,28,2,0,2,0.0,0,BB,DEU,Online TA,TA/TO,0,0,0,D,D,0,No Deposit,9.0,0,Transient,139.5,0,0
City Hotel,1,150,2017,May,22,28,2,0,2,0.0,0,BB,FRA,Online TA,TA/TO,0,0,0,A,A,0,No Deposit,155.0,0,Transient,140.0,0,0
City Hotel,1,183,2017,May,22,28,2,0,2,0.0,0,BB,DEU,Online TA,TA/TO,0,0,0,D,D,0,No Deposit,9.0,0,Transient,139.5,0,0
City Hotel,1,150,2017,May,22,28,2,0,2,0.0,0,BB,FRA,Online TA,TA/TO,0,0,0,D,D,0,No Deposit,9.0,0,Transient,139.5,0,0
City Hotel,1,9,2017,May,22,28,2,0,2,0.0,0,SC,PRT,Online TA,TA/TO,0,0,0,A,A,0,No Deposit,9.0,0,Transient,160.0,0,1
City Hotel,1,11,2017,May,22,28,2,0,2,0.0,0,BB,PRT,Online TA,TA/TO,0,0,0,A,A,2,No Deposit,9.0,0,Transient,170.0,0,1
City Hotel,1,10,2017,May,22,28,2,1,2,0.0,0,BB,AGO,Online TA,TA/TO,0,0,0,D,D,0,No Deposit,9.0,0,Transient,150.0,0,1
City Hotel,1,16,2017,May,22,28,2,1,2,0.0,0,BB,AGO,Online TA,TA/TO,0,0,0,A,A,0,No Deposit,9.0,0,Transient,146.67,0,1
City Hotel,1,13,2017,May,22,28,2,1,2,0.0,0,SC,DEU,Online TA,TA/TO,0,0,0,A,A,0,No Deposit,9.0,0,Transient,126.67,0,1
City Hotel,1,132,2017,May,22,28,2,2,2,0.0,0,BB,PRT,Offline TA/TO,TA/TO,0,0,0,A,A,0,Non Refund,28.0,0,Transient,99.0,0,0
City Hotel,1,132,2017,May,22,28,2,2,2,0.0,0,BB,PRT,Offline TA/TO,TA/TO,0,0,0,A,A,0,Non Refund,28.0,0,Transient,99.0,0,0
City Hotel,1,132,2017,May,22,28,2,2,2,0.0,0,BB,PRT,Offline TA/TO,TA/TO,0,0,0,A,A,0,Non Refund,28.0,0,Transient,99.0,0,0
City Hotel,1,84,2017,May,22,28,2,2,2,0.0,0,BB,GBR,Online TA,TA/TO,0,0,0,D,D,0,No Deposit,9.0,0,Transient,153.0,0,2
City Hotel,1,121,2017,May,22,28,2,2,2,0.0,0,BB,BEL,Online TA,TA/TO,0,0,0,D,D,0,No Deposit,9.0,0,Transient,148.5,0,1
City Hotel,1,22,2017,May,22,28,2,2,2,0.0,0,SC,GBR,Online TA,TA/TO,0,0,0,A,A,0,No Deposit,9.0,0,Transient,140.0,0,1
City Hotel,1,132,2017,May,22,28,2,2,2,0.0,0,BB,PRT,Offline TA/TO,TA/TO,0,0,0,A,A,0,Non Refund,28.0,0,Transient,99.0,0,0
City Hotel,1,132,2017,May,22,28,2,2,2,0.0,0,BB,PRT,Offline TA/TO,TA/TO,0,0,0,A,A,0,Non Refund,28.0,0,Transient,99.0,0,0
City Hotel,1,0,2017,May,22,28,2,2,2,0.0,0,BB,PRT,Offline TA/TO,TA/TO,0,0,0,A,B,0,Non Refund,28.0,0,Transient,99.0,0,0
City Hotel,1,132,2017,May,22,28,2,2,2,0.0,0,BB,PRT,Offline TA/TO,TA/TO,0,0,0,A,A,0,Non Refund,28.0,0,Transient,99.0,0,0
City Hotel,1,132,2017,May,22,28,2,2,2,0.0,0,BB,PRT,Offline TA/TO,TA/TO,0,0,0,A,A,0,Non Refund,28.0,0,Transient,99.0,0,0
City Hotel,1,132,2017,May,22,28,2,2,2,0.0,0,BB,PRT,Offline TA/TO,TA/TO,0,0,0,A,A,0,Non Refund,28.0,0,Transient,99.0,0,0
City Hotel,1,132,2017,May,22,28,2,2,2,0.0,0,BB,PRT,Offline TA/TO,TA/TO,0,0,0,A,A,0,Non Refund,28.0,0,Transient,99.0,0,0
City Hotel,1,132,2017,May,22,28,2,2,2,0.0,0,BB,PRT,Offline TA/TO,TA/TO,0,0,0,A,A,0,Non Refund,28.0,0,Transient,99.0,0,0
City Hotel,1,132,2017,May,22,28,2,2,2,0.0,0,BB,PRT,Offline TA/TO,TA/TO,0,0,0,A,A,0,Non Refund,28.0,0,Transient,99.0,0,0
City Hotel,1,132,2017,May,22,28,2,2,2,0.0,0,BB,PRT,Offline TA/TO,TA/TO,0,0,0,A,A,0,Non Refund,28.0,0,Transient,99.0,0,0
City Hotel,1,84,2017,May,22,28,2,2,2,0.0,0,BB,GBR,Online TA,TA/TO,0,0,0,D,D,0,No Deposit,9.0,0,Transient,153.0,0,0
City Hotel,1,132,2017,May,22,28,2,2,2,0.0,0,BB,PRT,Offline TA/TO,TA/TO,0,0,0,A,A,0,Non Refund,28.0,0,Transient,99.0,0,0
City Hotel,1,132,2017,May,22,28,2,2,2,0.0,0,BB,PRT,Offline TA/TO,TA/TO,0,0,0,A,A,0,Non Refund,28.0,0,Transient,99.0,0,0
City Hotel,1,132,2017,May,22,28,2,2,2,0.0,0,BB,PRT,Offline TA/TO,TA/TO,0,0,0,A,A,0,Non Refund,28.0,0,Transient,99.0,0,0
City Hotel,1,123,2017,May,22,28,2,3,2,0.0,0,BB,PRT,Offline TA/TO,TA/TO,0,0,0,A,A,0,No Deposit,42.0,0,Transient,89.1,0,0
City Hotel,1,184,2017,May,22,28,2,3,2,0.0,0,BB,PRT,Groups,TA/TO,0,0,0,A,A,0,Non Refund,19.0,0,Transient,130.0,0,0
City Hotel,1,184,2017,May,22,28,2,3,2,0.0,0,BB,PRT,Groups,TA/TO,0,0,0,A,A,0,Non Refund,19.0,0,Transient,130.0,0,0
City Hotel,1,184,2017,May,22,28,2,3,2,0.0,0,BB,PRT,Groups,TA/TO,0,0,0,A,A,0,Non Refund,19.0,0,Transient,130.0,0,0
City Hotel,1,130,2017,May,22,28,2,3,2,0.0,0,BB,PRT,Offline TA/TO,TA/TO,0,0,0,A,A,0,No Deposit,85.0,0,Transient,89.1,0,0
City Hotel,1,184,2017,May,22,28,2,3,2,0.0,0,BB,PRT,Groups,TA/TO,0,0,0,A,A,0,Non Refund,19.0,0,Transient,130.0,0,0
City Hotel,1,228,2017,May,22,28,2,3,2,0.0,0,BB,PRT,Groups,TA/TO,0,0,0,A,A,0,Non Refund,19.0,44,Transient,130.0,0,0
City Hotel,1,184,2017,May,22,28,2,3,2,0.0,0,BB,PRT,Groups,TA/TO,0,0,0,A,A,0,Non Refund,19.0,0,Transient,130.0,0,0
City Hotel,1,184,2017,May,22,28,2,3,2,0.0,0,BB,PRT,Groups,TA/TO,0,0,0,A,A,0,Non Refund,19.0,0,Transient,130.0,0,0
City Hotel,1,184,2017,May,22,28,2,3,2,0.0,0,BB,PRT,Groups,TA/TO,0,0,0,A,A,0,Non Refund,19.0,0,Transient,130.0,0,0
City Hotel,1,184,2017,May,22,28,2,3,2,0.0,0,BB,PRT,Groups,TA/TO,0,0,0,A,A,0,Non Refund,19.0,0,Transient,130.0,0,0
City Hotel,1,184,2017,May,22,28,2,3,2,0.0,0,BB,PRT,Groups,TA/TO,0,0,0,A,A,0,Non Refund,19.0,0,Transient,130.0,0,0
City Hotel,1,184,2017,May,22,28,2,3,2,0.0,0,BB,PRT,Groups,TA/TO,0,0,0,A,A,0,Non Refund,19.0,0,Transient,130.0,0,0
City Hotel,1,184,2017,May,22,28,2,3,2,0.0,0,BB,PRT,Groups,TA/TO,0,0,0,A,A,0,Non Refund,19.0,0,Transient,130.0,0,0
City Hotel,1,184,2017,May,22,28,2,3,2,0.0,0,BB,PRT,Groups,TA/TO,0,0,0,A,A,0,Non Refund,19.0,0,Transient,130.0,0,0
City Hotel,1,184,2017,May,22,28,2,3,2,0.0,0,BB,PRT,Groups,TA/TO,0,0,0,A,A,0,Non Refund,19.0,0,Transient,130.0,0,0
City Hotel,1,184,2017,May,22,28,2,3,2,0.0,0,BB,PRT,Groups,TA/TO,0,0,0,A,A,0,Non Refund,19.0,0,Transient,130.0,0,0
City Hotel,1,184,2017,May,22,28,2,3,2,0.0,0,BB,PRT,Groups,TA/TO,0,0,0,A,A,0,Non Refund,19.0,0,Transient,130.0,0,0
City Hotel,1,90,2017,May,22,28,2,4,2,0.0,0,BB,SWE,Online TA,TA/TO,0,0,0,A,A,0,No Deposit,9.0,0,Transient,157.33,0,1
City Hotel,1,83,2017,May,22,28,2,4,2,0.0,0,SC,DEU,Online TA,TA/TO,0,0,0,A,A,0,No Deposit,9.0,0,Transient,135.33,0,0
City Hotel,1,67,2017,May,22,28,2,5,2,0.0,0,BB,PRT,Offline TA/TO,TA/TO,0,0,0,A,A,0,No Deposit,262.0,0,Transient,89.1,0,0
City Hotel,1,59,2017,May,22,29,1,0,2,0.0,0,BB,PRT,Groups,TA/TO,0,0,0,A,A,0,Non Refund,87.0,0,Transient,140.0,0,0
City Hotel,1,59,2017,May,22,29,1,0,2,0.0,0,BB,PRT,Groups,TA/TO,0,0,0,A,A,0,Non Refund,87.0,0,Transient,140.0,0,0
City Hotel,1,18,2017,May,22,29,1,0,2,0.0,0,SC,PRT,Offline TA/TO,TA/TO,0,0,0,A,A,0,No Deposit,28.0,0,Transient,89.0,0,1
City Hotel,1,0,2017,May,22,29,1,0,2,0.0,0,BB,PRT,Direct,Direct,0,0,0,A,A,0,No Deposit,,0,Transient,12.0,0,0
City Hotel,1,59,2017,May,22,29,1,0,2,0.0,0,BB,PRT,Groups,TA/TO,0,0,0,A,A,0,Non Refund,87.0,0,Transient,140.0,0,0
City Hotel,1,12,2017,May,22,29,1,1,2,0.0,0,BB,BRA,Online TA,TA/TO,0,0,0,A,A,0,No Deposit,9.0,0,Transient,140.0,0,1
City Hotel,1,12,2017,May,22,29,1,1,2,0.0,0,BB,BRA,Online TA,TA/TO,0,0,0,A,A,0,No Deposit,9.0,0,Transient,140.0,0,1
City Hotel,1,105,2017,May,22,29,1,2,2,0.0,0,SC,GBR,Online TA,TA/TO,0,0,0,A,A,0,No Deposit,9.0,0,Transient,124.67,0,0
City Hotel,1,61,2017,May,22,29,1,2,2,0.0,0,BB,PRT,Offline TA/TO,TA/TO,0,0,0,A,A,0,No Deposit,28.0,0,Transient,89.1,0,0
City Hotel,1,180,2017,May,22,29,1,2,2,0.0,0,BB,CHE,Online TA,TA/TO,0,0,0,A,A,0,No Deposit,9.0,0,Transient,126.0,0,0
City Hotel,1,20,2017,May,22,29,1,3,2,0.0,0,SC,PRT,Offline TA/TO,TA/TO,0,0,0,A,A,0,No Deposit,15.0,0,Transient,112.0,0,0
City Hotel,1,37,2017,May,22,29,1,3,2,0.0,0,BB,ESP,Online TA,TA/TO,0,0,0,E,E,0,No Deposit,9.0,0,Transient,215.0,0,1
City Hotel,1,150,2017,May,22,29,1,3,2,0.0,0,SC,GBR,Online TA,TA/TO,0,0,0,A,A,0,No Deposit,9.0,0,Transient,108.0,0,2
City Hotel,1,24,2017,May,22,29,1,3,2,0.0,0,BB,NLD,Online TA,TA/TO,0,0,0,A,A,0,No Deposit,9.0,0,Transient,160.0,0,2
City Hotel,1,24,2017,May,22,29,1,3,2,0.0,0,SC,PRT,Online TA,TA/TO,0,0,0,A,A,0,No Deposit,425.0,0,Transient,114.8,0,0
City Hotel,1,19,2017,May,22,29,1,3,2,0.0,0,SC,PRT,Online TA,TA/TO,0,0,0,A,A,0,No Deposit,159.0,0,Transient,135.0,0,0
City Hotel,1,82,2017,May,22,29,1,4,2,0.0,0,SC,NOR,Online TA,TA/TO,0,0,0,A,A,0,No Deposit,9.0,0,Transient,126.0,0,0
City Hotel,1,113,2017,May,22,29,1,4,2,0.0,0,BB,IRL,Online TA,TA/TO,0,0,0,D,D,0,No Deposit,9.0,0,Transient,145.8,0,0
City Hotel,1,139,2017,May,22,29,1,4,2,0.0,0,SC,ITA,Online TA,TA/TO,0,0,0,A,A,0,No Deposit,9.0,0,Transient,111.6,0,1
City Hotel,1,220,2017,May,22,29,2,5,2,0.0,0,BB,DEU,Online TA,TA/TO,0,0,0,D,D,0,No Deposit,9.0,0,Transient,138.6,0,2
City Hotel,1,25,2017,May,22,30,0,1,2,0.0,0,BB,PRT,Groups,TA/TO,0,0,0,A,A,0,No Deposit,229.0,0,Transient-Party,90.0,0,0
City Hotel,1,35,2017,May,22,30,0,1,2,0.0,0,BB,PRT,Groups,TA/TO,0,0,0,A,A,0,Non Refund,229.0,0,Transient,90.0,0,0
City Hotel,1,35,2017,May,22,30,0,1,2,0.0,0,BB,PRT,Groups,TA/TO,0,0,0,A,A,0,Non Refund,229.0,0,Transient,90.0,0,0
City Hotel,1,35,2017,May,22,30,0,1,2,0.0,0,BB,PRT,Groups,TA/TO,0,0,0,A,A,0,Non Refund,229.0,0,Transient,90.0,0,0
City Hotel,1,130,2017,May,22,30,0,1,2,0.0,0,BB,GBR,Online TA,TA/TO,0,0,0,A,A,0,No Deposit,9.0,0,Transient,126.0,0,0
City Hotel,1,25,2017,May,22,30,0,1,2,0.0,0,BB,PRT,Groups,TA/TO,0,0,0,A,A,0,No Deposit,229.0,0,Transient-Party,90.0,0,0
City Hotel,1,408,2017,May,22,30,0,1,2,0.0,0,BB,PRT,Groups,TA/TO,0,0,0,A,A,0,Non Refund,229.0,0,Transient,90.0,0,0
City Hotel,1,408,2017,May,22,30,0,1,2,0.0,0,BB,PRT,Groups,TA/TO,0,0,0,A,A,0,Non Refund,229.0,0,Transient,90.0,0,0
City Hotel,1,408,2017,May,22,30,0,1,2,0.0,0,BB,PRT,Groups,TA/TO,0,0,0,A,A,0,Non Refund,229.0,0,Transient,90.0,0,0
City Hotel,1,408,2017,May,22,30,0,1,2,0.0,0,BB,PRT,Groups,TA/TO,0,0,0,A,A,0,Non Refund,229.0,0,Transient,90.0,0,0
City Hotel,1,408,2017,May,22,30,0,1,2,0.0,0,BB,PRT,Groups,TA/TO,0,0,0,A,A,0,Non Refund,229.0,0,Transient,90.0,0,0
City Hotel,1,408,2017,May,22,30,0,1,2,0.0,0,BB,PRT,Groups,TA/TO,0,0,0,A,A,0,Non Refund,229.0,0,Transient,90.0,0,0
City Hotel,1,35,2017,May,22,30,0,1,2,0.0,0,BB,PRT,Groups,TA/TO,0,0,0,A,A,0,Non Refund,229.0,0,Transient,90.0,0,0
City Hotel,1,408,2017,May,22,30,0,1,2,0.0,0,BB,PRT,Groups,TA/TO,0,0,0,A,A,0,Non Refund,229.0,0,Transient,90.0,0,0
City Hotel,1,408,2017,May,22,30,0,1,2,0.0,0,BB,PRT,Groups,TA/TO,0,0,0,A,A,0,Non Refund,229.0,0,Transient,90.0,0,0
City Hotel,1,230,2017,May,22,30,0,2,2,0.0,0,BB,PRT,Groups,TA/TO,0,0,0,A,A,0,Non Refund,19.0,44,Transient,130.0,0,0
City Hotel,1,186,2017,May,22,30,0,2,2,0.0,0,BB,PRT,Groups,TA/TO,0,0,0,A,A,0,Non Refund,19.0,0,Transient,130.0,0,0
City Hotel,1,186,2017,May,22,30,0,2,2,0.0,0,BB,PRT,Groups,TA/TO,0,0,0,A,A,0,Non Refund,19.0,0,Transient,130.0,0,0
City Hotel,1,186,2017,May,22,30,0,2,2,0.0,0,BB,PRT,Groups,TA/TO,0,0,0,A,A,0,Non Refund,19.0,0,Transient,130.0,0,0
City Hotel,1,186,2017,May,22,30,0,2,2,0.0,0,BB,PRT,Groups,TA/TO,0,0,0,A,A,0,Non Refund,19.0,0,Transient,130.0,0,0
City Hotel,1,186,2017,May,22,30,0,2,2,0.0,0,BB,PRT,Groups,TA/TO,0,0,0,A,A,0,Non Refund,19.0,0,Transient,130.0,0,0
City Hotel,1,186,2017,May,22,30,0,2,2,0.0,0,BB,PRT,Groups,TA/TO,0,0,0,A,A,0,Non Refund,19.0,0,Transient,130.0,0,0
City Hotel,1,186,2017,May,22,30,0,2,2,0.0,0,BB,PRT,Groups,TA/TO,0,0,0,A,A,0,Non Refund,19.0,0,Transient,130.0,0,0
City Hotel,1,186,2017,May,22,30,0,2,2,0.0,0,BB,PRT,Groups,TA/TO,0,0,0,A,A,0,Non Refund,19.0,0,Transient,130.0,0,0
City Hotel,1,186,2017,May,22,30,0,2,2,0.0,0,BB,PRT,Groups,TA/TO,0,0,0,A,A,0,Non Refund,19.0,0,Transient,130.0,0,0
City Hotel,1,186,2017,May,22,30,0,2,2,0.0,0,BB,PRT,Groups,TA/TO,0,0,0,A,A,0,Non Refund,19.0,0,Transient,130.0,0,0
City Hotel,1,186,2017,May,22,30,0,2,2,0.0,0,BB,PRT,Groups,TA/TO,0,0,0,A,A,0,Non Refund,19.0,0,Transient,130.0,0,0
City Hotel,1,186,2017,May,22,30,0,2,2,0.0,0,BB,PRT,Groups,TA/TO,0,0,0,A,A,0,Non Refund,19.0,0,Transient,130.0,0,0
City Hotel,1,186,2017,May,22,30,0,2,2,0.0,0,BB,PRT,Groups,TA/TO,0,0,0,A,A,0,Non Refund,19.0,0,Transient,130.0,0,0
City Hotel,1,186,2017,May,22,30,0,2,2,0.0,0,BB,PRT,Groups,TA/TO,0,0,0,A,A,0,Non Refund,19.0,0,Transient,130.0,0,0
City Hotel,1,186,2017,May,22,30,0,2,2,0.0,0,BB,PRT,Groups,TA/TO,0,0,0,A,A,0,Non Refund,19.0,0,Transient,130.0,0,0
City Hotel,1,35,2017,May,22,30,0,1,2,0.0,0,BB,PRT,Groups,TA/TO,0,0,0,A,A,0,Non Refund,229.0,0,Transient,90.0,0,0
City Hotel,1,25,2017,May,22,30,0,1,2,0.0,0,BB,PRT,Groups,TA/TO,0,0,0,A,A,0,No Deposit,229.0,0,Transient-Party,90.0,0,0
City Hotel,1,25,2017,May,22,30,0,1,2,0.0,0,BB,PRT,Groups,TA/TO,0,0,0,A,A,0,No Deposit,229.0,0,Transient-Party,90.0,0,0
City Hotel,1,408,2017,May,22,30,0,1,2,0.0,0,BB,PRT,Groups,TA/TO,0,0,0,A,A,0,Non Refund,229.0,0,Transient,90.0,0,0
City Hotel,1,408,2017,May,22,30,0,1,2,0.0,0,BB,PRT,Groups,TA/TO,0,0,0,A,A,0,Non Refund,229.0,0,Transient,90.0,0,0
City Hotel,1,40,2017,May,22,30,0,2,2,0.0,0,BB,PRT,Groups,TA/TO,0,0,0,A,A,0,Non Refund,,0,Transient,130.0,0,0
City Hotel,1,186,2017,May,22,30,0,2,2,0.0,0,BB,PRT,Groups,TA/TO,0,0,0,A,A,0,Non Refund,19.0,0,Transient,130.0,0,0
City Hotel,1,186,2017,May,22,30,0,2,2,0.0,0,BB,PRT,Groups,TA/TO,0,0,0,A,A,0,Non Refund,19.0,0,Transient,130.0,0,0
City Hotel,1,186,2017,May,22,30,0,2,2,0.0,0,BB,PRT,Groups,TA/TO,0,0,0,A,A,0,Non Refund,19.0,0,Transient,130.0,0,0
City Hotel,1,186,2017,May,22,30,0,2,2,0.0,0,BB,PRT,Groups,TA/TO,0,0,0,A,A,0,Non Refund,19.0,0,Transient,130.0,0,0
City Hotel,1,186,2017,May,22,30,0,2,2,0.0,0,BB,PRT,Groups,TA/TO,0,0,0,A,A,0,Non Refund,19.0,0,Transient,130.0,0,0
City Hotel,1,186,2017,May,22,30,0,2,2,0.0,0,BB,PRT,Groups,TA/TO,0,0,0,A,A,0,Non Refund,19.0,0,Transient,130.0,0,0
City Hotel,1,186,2017,May,22,30,0,2,2,0.0,0,BB,PRT,Groups,TA/TO,0,0,0,A,A,0,Non Refund,19.0,0,Transient,130.0,0,0
City Hotel,1,186,2017,May,22,30,0,2,2,0.0,0,BB,PRT,Groups,TA/TO,0,0,0,A,A,0,Non Refund,19.0,0,Transient,130.0,0,0
City Hotel,1,186,2017,May,22,30,0,2,2,0.0,0,BB,PRT,Groups,TA/TO,0,0,0,A,A,0,Non Refund,19.0,0,Transient,130.0,0,0
City Hotel,1,186,2017,May,22,30,0,2,2,0.0,0,BB,PRT,Groups,TA/TO,0,0,0,A,A,0,Non Refund,19.0,0,Transient,130.0,0,0
City Hotel,1,186,2017,May,22,30,0,2,2,0.0,0,BB,PRT,Groups,TA/TO,0,0,0,A,A,0,Non Refund,19.0,0,Transient,130.0,0,0
City Hotel,1,186,2017,May,22,30,0,2,2,0.0,0,BB,PRT,Groups,TA/TO,0,0,0,A,A,0,Non Refund,19.0,0,Transient,130.0,0,0
City Hotel,1,186,2017,May,22,30,0,2,2,0.0,0,BB,PRT,Groups,TA/TO,0,0,0,A,A,0,Non Refund,19.0,0,Transient,130.0,0,0
City Hotel,1,186,2017,May,22,30,0,2,2,0.0,0,BB,PRT,Groups,TA/TO,0,0,0,A,A,0,Non Refund,19.0,0,Transient,130.0,0,0
City Hotel,1,186,2017,May,22,30,0,2,2,0.0,0,BB,PRT,Groups,TA/TO,0,0,0,A,A,0,Non Refund,19.0,0,Transient,130.0,0,0
City Hotel,1,186,2017,May,22,30,0,2,2,0.0,0,BB,PRT,Groups,TA/TO,0,0,0,A,A,0,Non Refund,19.0,0,Transient,130.0,0,0
City Hotel,1,186,2017,May,22,30,0,2,2,0.0,0,BB,PRT,Groups,TA/TO,0,0,0,A,A,0,Non Refund,19.0,0,Transient,130.0,0,0
City Hotel,1,186,2017,May,22,30,0,2,2,0.0,0,BB,PRT,Groups,TA/TO,0,0,0,A,A,0,Non Refund,19.0,0,Transient,130.0,0,0
City Hotel,1,186,2017,May,22,30,0,2,2,0.0,0,BB,PRT,Groups,TA/TO,0,0,0,A,A,0,Non Refund,19.0,0,Transient,130.0,0,0
City Hotel,1,186,2017,May,22,30,0,2,2,0.0,0,BB,PRT,Groups,TA/TO,0,0,0,A,A,0,Non Refund,19.0,0,Transient,130.0,0,0
City Hotel,1,186,2017,May,22,30,0,2,2,0.0,0,BB,PRT,Groups,TA/TO,0,0,0,A,A,0,Non Refund,19.0,0,Transient,130.0,0,0
City Hotel,1,186,2017,May,22,30,0,2,2,0.0,0,BB,PRT,Groups,TA/TO,0,0,0,A,A,0,Non Refund,19.0,0,Transient,130.0,0,0
City Hotel,1,186,2017,May,22,30,0,2,2,0.0,0,BB,PRT,Groups,TA/TO,0,0,0,A,A,0,Non Refund,19.0,0,Transient,130.0,0,0
City Hotel,1,186,2017,May,22,30,0,2,2,0.0,0,BB,PRT,Groups,TA/TO,0,0,0,A,A,0,Non Refund,19.0,0,Transient,130.0,0,0
City Hotel,1,186,2017,May,22,30,0,2,2,0.0,0,BB,PRT,Groups,TA/TO,0,0,0,A,A,0,Non Refund,19.0,0,Transient,130.0,0,0
City Hotel,1,186,2017,May,22,30,0,2,2,0.0,0,BB,PRT,Groups,TA/TO,0,0,0,A,A,0,Non Refund,19.0,0,Transient,130.0,0,0
City Hotel,1,40,2017,May,22,30,0,2,2,0.0,0,BB,PRT,Groups,TA/TO,0,0,0,A,A,0,Non Refund,,0,Transient,130.0,0,0
City Hotel,1,186,2017,May,22,30,0,2,2,0.0,0,BB,PRT,Groups,TA/TO,0,0,0,A,A,0,Non Refund,19.0,0,Transient,130.0,0,0
City Hotel,1,186,2017,May,22,30,0,2,2,0.0,0,BB,PRT,Groups,TA/TO,0,0,0,A,A,0,Non Refund,19.0,0,Transient,130.0,0,0
City Hotel,1,186,2017,May,22,30,0,2,2,0.0,0,BB,PRT,Groups,TA/TO,0,0,0,A,A,0,Non Refund,19.0,0,Transient,130.0,0,0
City Hotel,1,186,2017,May,22,30,0,2,2,0.0,0,BB,PRT,Groups,TA/TO,0,0,0,A,A,0,Non Refund,19.0,0,Transient,130.0,0,0
City Hotel,1,186,2017,May,22,30,0,2,2,0.0,0,BB,PRT,Groups,TA/TO,0,0,0,A,A,0,Non Refund,19.0,0,Transient,130.0,0,0
City Hotel,1,186,2017,May,22,30,0,2,2,0.0,0,BB,PRT,Groups,TA/TO,0,0,0,A,A,0,Non Refund,19.0,0,Transient,130.0,0,0
City Hotel,1,186,2017,May,22,30,0,2,2,0.0,0,BB,PRT,Groups,TA/TO,0,0,0,A,A,0,Non Refund,19.0,0,Transient,130.0,0,0
City Hotel,1,40,2017,May,22,30,0,2,2,0.0,0,BB,PRT,Groups,TA/TO,0,0,0,A,A,0,Non Refund,,0,Transient,130.0,0,0
City Hotel,1,186,2017,May,22,30,0,2,2,0.0,0,BB,PRT,Groups,TA/TO,0,0,0,A,A,0,Non Refund,19.0,0,Transient,130.0,0,0
City Hotel,1,186,2017,May,22,30,0,2,2,0.0,0,BB,PRT,Groups,TA/TO,0,0,0,A,A,0,Non Refund,19.0,0,Transient,130.0,0,0
City Hotel,1,186,2017,May,22,30,0,2,2,0.0,0,BB,PRT,Groups,TA/TO,0,0,0,A,A,0,Non Refund,19.0,0,Transient,130.0,0,0
City Hotel,1,186,2017,May,22,30,0,2,2,0.0,0,BB,PRT,Groups,TA/TO,0,0,0,A,A,0,Non Refund,19.0,0,Transient,130.0,0,0
City Hotel,1,186,2017,May,22,30,0,2,2,0.0,0,BB,PRT,Groups,TA/TO,0,0,0,A,A,0,Non Refund,19.0,0,Transient,130.0,0,0
City Hotel,1,186,2017,May,22,30,0,2,2,0.0,0,BB,PRT,Groups,TA/TO,0,0,0,A,A,0,Non Refund,19.0,0,Transient,130.0,0,0
City Hotel,1,186,2017,May,22,30,0,2,2,0.0,0,BB,PRT,Groups,TA/TO,0,0,0,A,A,0,Non Refund,19.0,0,Transient,130.0,0,0
City Hotel,1,186,2017,May,22,30,0,2,2,0.0,0,BB,PRT,Groups,TA/TO,0,0,0,A,A,0,Non Refund,19.0,0,Transient,130.0,0,0
City Hotel,1,186,2017,May,22,30,0,2,2,0.0,0,BB,PRT,Groups,TA/TO,0,0,0,A,A,0,Non Refund,19.0,0,Transient,130.0,0,0
City Hotel,1,186,2017,May,22,30,0,2,2,0.0,0,BB,PRT,Groups,TA/TO,0,0,0,A,A,0,Non Refund,19.0,0,Transient,130.0,0,0
City Hotel,1,186,2017,May,22,30,0,2,2,0.0,0,BB,PRT,Groups,TA/TO,0,0,0,A,A,0,Non Refund,19.0,0,Transient,130.0,0,0
City Hotel,1,186,2017,May,22,30,0,2,2,0.0,0,BB,PRT,Groups,TA/TO,0,0,0,A,A,0,Non Refund,19.0,0,Transient,130.0,0,0
City Hotel,1,186,2017,May,22,30,0,2,2,0.0,0,BB,PRT,Groups,TA/TO,0,0,0,A,A,0,Non Refund,19.0,0,Transient,130.0,0,0
City Hotel,1,186,2017,May,22,30,0,2,2,0.0,0,BB,PRT,Groups,TA/TO,0,0,0,A,A,0,Non Refund,19.0,0,Transient,130.0,0,0
City Hotel,1,186,2017,May,22,30,0,2,2,0.0,0,BB,PRT,Groups,TA/TO,0,0,0,A,A,0,Non Refund,19.0,0,Transient,130.0,0,0
City Hotel,1,186,2017,May,22,30,0,2,2,0.0,0,BB,PRT,Groups,TA/TO,0,0,0,A,A,0,Non Refund,19.0,0,Transient,130.0,0,0
City Hotel,1,186,2017,May,22,30,0,2,2,0.0,0,BB,PRT,Groups,TA/TO,0,0,0,A,A,0,Non Refund,19.0,0,Transient,130.0,0,0
City Hotel,1,186,2017,May,22,30,0,2,2,0.0,0,BB,PRT,Groups,TA/TO,0,0,0,A,A,0,Non Refund,19.0,0,Transient,130.0,0,0
City Hotel,1,186,2017,May,22,30,0,2,2,0.0,0,BB,PRT,Groups,TA/TO,0,0,0,A,A,0,Non Refund,19.0,0,Transient,130.0,0,0
City Hotel,1,186,2017,May,22,30,0,2,2,0.0,0,BB,PRT,Groups,TA/TO,0,0,0,A,A,0,Non Refund,19.0,0,Transient,130.0,0,0
City Hotel,1,186,2017,May,22,30,0,2,2,0.0,0,BB,PRT,Groups,TA/TO,0,0,0,A,A,0,Non Refund,19.0,0,Transient,130.0,0,0
City Hotel,1,186,2017,May,22,30,0,2,2,0.0,0,BB,PRT,Groups,TA/TO,0,0,0,A,A,0,Non Refund,19.0,0,Transient,130.0,0,0
City Hotel,1,186,2017,May,22,30,0,2,2,0.0,0,BB,PRT,Groups,TA/TO,0,0,0,A,A,0,Non Refund,19.0,0,Transient,130.0,0,0
City Hotel,1,186,2017,May,22,30,0,2,2,0.0,0,BB,PRT,Groups,TA/TO,0,0,0,A,A,0,Non Refund,19.0,0,Transient,130.0,0,0
City Hotel,1,40,2017,May,22,30,0,2,2,0.0,0,BB,PRT,Groups,TA/TO,0,0,0,A,A,0,Non Refund,,0,Transient,130.0,0,0
City Hotel,1,97,2017,May,22,30,0,2,2,0.0,0,BB,FRA,Online TA,TA/TO,0,0,0,A,A,0,No Deposit,9.0,0,Transient,143.0,0,0
City Hotel,1,186,2017,May,22,30,0,2,2,0.0,0,BB,PRT,Groups,TA/TO,0,0,0,A,A,0,Non Refund,19.0,0,Transient,130.0,0,0
City Hotel,1,186,2017,May,22,30,0,2,2,0.0,0,BB,PRT,Groups,TA/TO,0,0,0,A,A,0,Non Refund,19.0,0,Transient,130.0,0,0
City Hotel,1,186,2017,May,22,30,0,2,2,0.0,0,BB,PRT,Groups,TA/TO,0,0,0,A,A,0,Non Refund,19.0,0,Transient,130.0,0,0
City Hotel,1,186,2017,May,22,30,0,2,2,0.0,0,BB,PRT,Groups,TA/TO,0,0,0,A,A,0,Non Refund,19.0,0,Transient,130.0,0,0
City Hotel,1,186,2017,May,22,30,0,2,2,0.0,0,BB,PRT,Groups,TA/TO,0,0,0,A,A,0,Non Refund,19.0,0,Transient,130.0,0,0
City Hotel,1,186,2017,May,22,30,0,2,2,0.0,0,BB,PRT,Groups,TA/TO,0,0,0,A,A,0,Non Refund,19.0,0,Transient,130.0,0,0
City Hotel,1,186,2017,May,22,30,0,2,2,0.0,0,BB,PRT,Groups,TA/TO,0,0,0,A,A,0,Non Refund,19.0,0,Transient,130.0,0,0
City Hotel,1,186,2017,May,22,30,0,2,2,0.0,0,BB,PRT,Groups,TA/TO,0,0,0,A,A,0,Non Refund,19.0,0,Transient,130.0,0,0
City Hotel,1,186,2017,May,22,30,0,2,2,0.0,0,BB,PRT,Groups,TA/TO,0,0,0,A,A,0,Non Refund,19.0,0,Transient,130.0,0,0
City Hotel,1,186,2017,May,22,30,0,2,2,0.0,0,BB,PRT,Groups,TA/TO,0,0,0,A,A,0,Non Refund,19.0,0,Transient,130.0,0,0
City Hotel,1,186,2017,May,22,30,0,2,2,0.0,0,BB,PRT,Groups,TA/TO,0,0,0,A,A,0,Non Refund,19.0,0,Transient,130.0,0,0
City Hotel,1,186,2017,May,22,30,0,2,2,0.0,0,BB,PRT,Groups,TA/TO,0,0,0,A,A,0,Non Refund,19.0,0,Transient,130.0,0,0
City Hotel,1,236,2017,May,22,30,0,3,2,0.0,0,BB,FRA,Online TA,TA/TO,0,0,0,A,A,0,No Deposit,9.0,0,Transient,125.1,0,1
City Hotel,1,105,2017,May,22,30,0,3,2,0.0,0,BB,PRT,Offline TA/TO,TA/TO,0,0,0,A,A,0,No Deposit,28.0,0,Transient,89.1,0,0
City Hotel,1,91,2017,May,22,30,0,3,2,0.0,0,SC,CN,Online TA,TA/TO,0,0,0,A,A,0,No Deposit,9.0,0,Transient,130.67,0,0
City Hotel,1,126,2017,May,22,30,0,3,2,0.0,0,BB,FRA,Online TA,TA/TO,0,0,0,A,A,0,No Deposit,9.0,0,Transient,132.0,0,0
City Hotel,1,122,2017,May,22,30,0,3,2,0.0,0,SC,CHE,Online TA,TA/TO,0,0,0,A,A,0,No Deposit,9.0,0,Transient,114.0,0,0
City Hotel,1,50,2017,May,22,30,0,3,2,0.0,0,BB,PRT,Offline TA/TO,TA/TO,0,0,0,A,A,0,No Deposit,28.0,0,Transient,89.1,0,0
City Hotel,1,74,2017,May,22,30,0,3,2,0.0,0,BB,FRA,Online TA,TA/TO,0,0,0,D,D,0,No Deposit,9.0,0,Transient,165.0,0,0
City Hotel,1,87,2017,May,22,30,0,3,2,0.0,0,SC,USA,Online TA,TA/TO,0,0,0,A,A,0,No Deposit,9.0,0,Transient,130.67,0,0
City Hotel,1,140,2017,May,22,30,0,4,2,0.0,0,SC,BEL,Online TA,TA/TO,0,0,0,A,A,0,No Deposit,9.0,0,Transient,121.5,0,1
City Hotel,1,26,2017,May,22,31,0,1,2,0.0,0,BB,LUX,Online TA,TA/TO,0,0,0,D,D,0,No Deposit,9.0,0,Transient,170.0,0,2
City Hotel,1,25,2017,May,22,31,0,1,2,0.0,0,BB,USA,Online TA,TA/TO,0,0,0,A,A,0,No Deposit,9.0,0,Transient,160.0,0,1
City Hotel,1,55,2017,May,22,31,0,2,2,0.0,0,BB,PRT,Offline TA/TO,TA/TO,0,0,0,A,A,0,Non Refund,,0,Transient,135.0,0,0
City Hotel,1,55,2017,May,22,31,0,2,2,0.0,0,BB,PRT,Offline TA/TO,TA/TO,0,0,0,A,A,0,Non Refund,,0,Transient,135.0,0,0
City Hotel,1,55,2017,May,22,31,0,2,2,0.0,0,BB,PRT,Offline TA/TO,TA/TO,0,0,0,A,A,0,Non Refund,,0,Transient,135.0,0,0
City Hotel,1,55,2017,May,22,31,0,2,2,0.0,0,BB,PRT,Offline TA/TO,TA/TO,0,0,0,A,A,0,Non Refund,,0,Transient,135.0,0,0
City Hotel,1,55,2017,May,22,31,0,2,2,0.0,0,BB,PRT,Offline TA/TO,TA/TO,0,0,0,A,A,0,Non Refund,,0,Transient,135.0,0,0
City Hotel,1,55,2017,May,22,31,0,2,2,0.0,0,BB,PRT,Offline TA/TO,TA/TO,0,0,0,A,A,0,Non Refund,,0,Transient,135.0,0,0
City Hotel,1,55,2017,May,22,31,0,2,2,0.0,0,BB,PRT,Offline TA/TO,TA/TO,0,0,0,A,A,0,Non Refund,,0,Transient,135.0,0,0
City Hotel,1,55,2017,May,22,31,0,2,2,0.0,0,BB,PRT,Offline TA/TO,TA/TO,0,0,0,A,A,0,Non Refund,,0,Transient,135.0,0,0
City Hotel,1,80,2017,May,22,31,0,2,2,0.0,0,SC,USA,Online TA,TA/TO,0,0,0,A,A,0,No Deposit,9.0,0,Transient,126.0,0,0
City Hotel,1,62,2017,May,22,31,0,2,2,0.0,0,BB,PRT,Offline TA/TO,TA/TO,0,0,0,A,A,0,Non Refund,,7,Transient,135.0,0,0
City Hotel,1,55,2017,May,22,31,0,2,2,0.0,0,BB,PRT,Offline TA/TO,TA/TO,0,0,0,A,A,0,Non Refund,,0,Transient,135.0,0,0
City Hotel,1,292,2017,May,22,31,0,3,2,0.0,0,BB,PRT,Groups,TA/TO,0,0,0,A,A,0,No Deposit,229.0,0,Transient-Party,90.0,0,0
City Hotel,1,292,2017,May,22,31,0,3,2,0.0,0,BB,PRT,Groups,TA/TO,0,0,0,A,B,1,No Deposit,229.0,0,Transient-Party,90.0,0,0
City Hotel,1,409,2017,May,22,31,0,3,2,0.0,0,BB,PRT,Groups,TA/TO,0,0,0,A,A,0,No Deposit,229.0,0,Transient-Party,90.0,0,0
City Hotel,1,292,2017,May,22,31,0,3,2,0.0,0,BB,PRT,Groups,TA/TO,0,0,0,A,A,0,No Deposit,229.0,0,Transient-Party,90.0,0,0
City Hotel,1,40,2017,May,22,31,0,3,2,0.0,0,SC,CHN,Online TA,TA/TO,0,0,0,A,A,0,No Deposit,9.0,0,Transient,132.0,0,0
City Hotel,1,292,2017,May,22,31,0,3,2,0.0,0,BB,PRT,Groups,TA/TO,0,0,0,A,A,0,No Deposit,229.0,0,Transient-Party,90.0,0,0
City Hotel,1,292,2017,May,22,31,0,3,2,0.0,0,BB,PRT,Groups,TA/TO,0,0,0,A,A,0,No Deposit,229.0,0,Transient-Party,90.0,0,0
City Hotel,1,409,2017,May,22,31,0,3,2,0.0,0,BB,PRT,Groups,TA/TO,0,0,0,A,A,0,No Deposit,229.0,0,Transient-Party,90.0,0,0
City Hotel,1,292,2017,May,22,31,0,3,2,0.0,0,BB,PRT,Groups,TA/TO,0,0,0,A,A,0,No Deposit,229.0,0,Transient-Party,90.0,0,0
City Hotel,1,409,2017,May,22,31,0,3,2,0.0,0,BB,PRT,Groups,TA/TO,0,0,0,A,A,0,No Deposit,229.0,0,Transient-Party,112.67,0,1
City Hotel,1,292,2017,May,22,31,0,3,2,0.0,0,BB,PRT,Groups,TA/TO,0,0,0,A,A,0,No Deposit,229.0,0,Transient-Party,90.0,0,0
City Hotel,1,292,2017,May,22,31,0,3,2,0.0,0,BB,PRT,Groups,TA/TO,0,0,0,A,A,0,No Deposit,229.0,0,Transient-Party,90.0,0,0
City Hotel,1,176,2017,May,22,31,0,3,2,0.0,0,HB,BEL,Online TA,TA/TO,0,0,0,A,A,0,No Deposit,9.0,0,Transient,168.0,0,2
City Hotel,1,292,2017,May,22,31,0,3,2,0.0,0,BB,PRT,Groups,TA/TO,0,0,0,A,A,0,No Deposit,229.0,0,Transient-Party,90.0,0,0
City Hotel,1,292,2017,May,22,31,0,3,2,0.0,0,BB,PRT,Groups,TA/TO,0,0,0,A,A,0,No Deposit,229.0,0,Transient-Party,90.0,0,0
City Hotel,1,292,2017,May,22,31,0,3,2,0.0,0,BB,PRT,Groups,TA/TO,0,0,0,A,A,0,No Deposit,229.0,0,Transient-Party,90.0,0,0
City Hotel,1,87,2017,May,22,31,0,3,2,0.0,0,BB,GBR,Online TA,TA/TO,0,0,0,A,A,0,No Deposit,9.0,0,Transient,154.67,0,0
City Hotel,1,292,2017,May,22,31,0,3,2,0.0,0,BB,PRT,Groups,TA/TO,0,0,0,A,A,0,No Deposit,229.0,0,Transient-Party,90.0,0,0
City Hotel,1,292,2017,May,22,31,0,3,2,0.0,0,BB,PRT,Groups,TA/TO,0,0,0,A,A,0,No Deposit,229.0,0,Transient-Party,90.0,0,0
City Hotel,1,409,2017,May,22,31,0,3,2,0.0,0,BB,PRT,Groups,TA/TO,0,0,0,A,A,0,No Deposit,229.0,0,Transient-Party,90.0,0,0
City Hotel,1,82,2017,May,22,31,0,3,2,0.0,0,BB,NLD,Online TA,TA/TO,0,0,0,D,D,0,No Deposit,9.0,0,Transient,189.0,0,2
City Hotel,1,292,2017,May,22,31,0,3,2,0.0,0,BB,PRT,Groups,TA/TO,0,0,0,A,B,1,No Deposit,229.0,0,Transient-Party,90.0,0,0
City Hotel,1,192,2017,May,22,31,0,4,2,0.0,0,BB,DEU,Online TA,TA/TO,0,0,0,D,D,0,No Deposit,9.0,0,Transient,148.05,0,0
City Hotel,1,124,2017,May,22,31,0,4,2,0.0,0,SC,DEU,Online TA,TA/TO,0,0,0,A,A,0,No Deposit,9.0,0,Transient,117.0,0,0
City Hotel,1,298,2017,May,22,31,2,5,2,0.0,0,BB,CN,Online TA,TA/TO,0,0,0,D,D,0,No Deposit,9.0,0,Transient,123.3,0,0
City Hotel,1,134,2017,June,22,1,0,1,2,0.0,0,SC,GBR,Online TA,TA/TO,0,0,0,A,A,0,No Deposit,9.0,0,Transient,108.0,0,1
City Hotel,1,151,2017,June,22,1,0,1,2,0.0,0,BB,GBR,Online TA,TA/TO,0,0,0,D,D,0,No Deposit,9.0,0,Transient,139.5,0,1
City Hotel,1,174,2017,June,22,1,0,2,2,0.0,0,BB,PRT,Groups,TA/TO,0,0,0,A,A,0,Non Refund,58.0,0,Transient,100.0,0,0
City Hotel,1,174,2017,June,22,1,0,2,2,0.0,0,BB,PRT,Groups,TA/TO,0,0,0,A,A,0,Non Refund,58.0,0,Transient,100.0,0,0
City Hotel,1,174,2017,June,22,1,0,2,2,0.0,0,BB,PRT,Groups,TA/TO,0,0,0,A,A,0,Non Refund,58.0,0,Transient,100.0,0,0
City Hotel,1,174,2017,June,22,1,0,2,2,0.0,0,BB,PRT,Groups,TA/TO,0,0,0,A,A,0,Non Refund,58.0,0,Transient,100.0,0,0
City Hotel,1,27,2017,June,22,1,0,2,2,0.0,0,BB,FRA,Online TA,TA/TO,0,0,0,D,D,0,No Deposit,9.0,0,Transient,170.0,0,1
City Hotel,1,174,2017,June,22,1,0,2,2,0.0,0,BB,PRT,Groups,TA/TO,0,0,0,A,A,0,Non Refund,58.0,0,Transient,100.0,0,0
City Hotel,1,174,2017,June,22,1,0,2,2,0.0,0,BB,PRT,Groups,TA/TO,0,0,0,A,A,0,Non Refund,58.0,0,Transient,100.0,0,0
City Hotel,1,185,2017,June,22,1,0,2,2,0.0,0,BB,PRT,Groups,TA/TO,0,0,0,A,A,0,Non Refund,58.0,11,Transient,100.0,0,0
City Hotel,1,174,2017,June,22,1,0,2,2,0.0,0,BB,PRT,Groups,TA/TO,0,0,0,A,A,0,Non Refund,58.0,0,Transient,100.0,0,0
City Hotel,1,174,2017,June,22,1,0,2,2,0.0,0,BB,PRT,Groups,TA/TO,0,0,0,A,A,0,Non Refund,58.0,0,Transient,100.0,0,0
City Hotel,1,174,2017,June,22,1,0,2,2,0.0,0,BB,PRT,Groups,TA/TO,0,0,0,A,A,0,Non Refund,58.0,0,Transient,100.0,0,0
City Hotel,1,74,2017,June,22,1,0,2,2,0.0,0,BB,GBR,Online TA,TA/TO,0,0,0,A,A,0,No Deposit,9.0,0,Transient,144.0,0,0
City Hotel,1,124,2017,June,22,1,0,2,2,0.0,0,SC,PRT,Online TA,TA/TO,0,0,0,A,A,0,No Deposit,9.0,0,Transient,117.0,0,0
City Hotel,1,174,2017,June,22,1,0,2,2,0.0,0,BB,PRT,Groups,TA/TO,0,0,0,A,A,0,Non Refund,58.0,0,Transient,100.0,0,0
City Hotel,1,174,2017,June,22,1,0,2,2,0.0,0,BB,PRT,Groups,TA/TO,0,0,0,A,A,0,Non Refund,58.0,0,Transient,100.0,0,0
City Hotel,1,106,2017,June,22,1,0,2,2,0.0,0,BB,ESP,Online TA,TA/TO,0,0,0,D,D,0,No Deposit,9.0,0,Transient,180.0,0,2
City Hotel,1,174,2017,June,22,1,0,2,2,0.0,0,BB,PRT,Groups,TA/TO,0,0,0,A,A,0,Non Refund,58.0,0,Transient,100.0,0,0
City Hotel,1,174,2017,June,22,1,0,2,2,0.0,0,BB,PRT,Groups,TA/TO,0,0,0,A,A,0,Non Refund,58.0,0,Transient,100.0,0,0
City Hotel,1,174,2017,June,22,1,0,2,2,0.0,0,BB,PRT,Groups,TA/TO,0,0,0,A,A,0,Non Refund,58.0,0,Transient,100.0,0,0
City Hotel,1,174,2017,June,22,1,0,2,2,0.0,0,BB,PRT,Groups,TA/TO,0,0,0,A,A,0,Non Refund,58.0,0,Transient,100.0,0,0
City Hotel,1,174,2017,June,22,1,0,2,2,0.0,0,BB,PRT,Groups,TA/TO,0,0,0,A,A,0,Non Refund,58.0,0,Transient,100.0,0,0
City Hotel,1,31,2017,June,22,1,0,2,2,0.0,0,SC,DEU,Online TA,TA/TO,0,0,0,A,A,0,No Deposit,9.0,0,Transient,140.0,0,1
City Hotel,1,31,2017,June,22,1,0,2,2,0.0,0,SC,USA,Online TA,TA/TO,0,0,0,A,A,0,No Deposit,9.0,0,Transient,140.0,0,1
City Hotel,1,174,2017,June,22,1,0,3,2,0.0,0,BB,PRT,Groups,TA/TO,0,0,0,A,A,0,Non Refund,1.0,0,Transient,110.0,0,0
City Hotel,1,174,2017,June,22,1,0,3,2,0.0,0,BB,PRT,Groups,TA/TO,0,0,0,A,A,0,Non Refund,1.0,0,Transient,110.0,0,0
City Hotel,1,174,2017,June,22,1,0,2,2,0.0,0,BB,PRT,Groups,TA/TO,0,0,0,A,A,0,Non Refund,58.0,0,Transient,100.0,0,0
City Hotel,1,174,2017,June,22,1,0,2,2,0.0,0,BB,PRT,Groups,TA/TO,0,0,0,A,A,0,Non Refund,58.0,0,Transient,100.0,0,0
City Hotel,1,174,2017,June,22,1,0,2,2,0.0,0,BB,PRT,Groups,TA/TO,0,0,0,A,A,0,Non Refund,58.0,0,Transient,100.0,0,0
City Hotel,1,174,2017,June,22,1,0,3,2,0.0,0,BB,PRT,Groups,TA/TO,0,0,0,A,A,0,Non Refund,1.0,0,Transient,110.0,0,0
City Hotel,1,174,2017,June,22,1,0,3,2,0.0,0,BB,PRT,Groups,TA/TO,0,0,0,A,A,0,Non Refund,1.0,0,Transient,110.0,0,0
City Hotel,1,174,2017,June,22,1,0,3,2,0.0,0,BB,PRT,Groups,TA/TO,0,0,0,A,A,0,Non Refund,1.0,0,Transient,110.0,0,0
City Hotel,1,174,2017,June,22,1,0,3,2,0.0,0,BB,PRT,Groups,TA/TO,0,0,0,A,A,0,Non Refund,1.0,0,Transient,110.0,0,0
City Hotel,1,209,2017,June,22,1,0,3,2,0.0,0,BB,PRT,Groups,TA/TO,0,0,0,A,A,0,Non Refund,1.0,35,Transient,110.0,0,0
City Hotel,1,174,2017,June,22,1,0,3,2,0.0,0,BB,PRT,Groups,TA/TO,0,0,0,A,A,0,Non Refund,1.0,0,Transient,110.0,0,0
City Hotel,1,174,2017,June,22,1,0,3,2,0.0,0,BB,PRT,Groups,TA/TO,0,0,0,A,A,0,Non Refund,1.0,0,Transient,110.0,0,0
City Hotel,1,144,2017,June,22,1,0,3,2,0.0,0,BB,IRL,Direct,Direct,0,0,0,A,A,0,No Deposit,14.0,0,Transient,120.0,0,2
City Hotel,1,186,2017,June,22,1,0,3,2,0.0,0,BB,ROU,Online TA,TA/TO,0,0,0,A,A,0,No Deposit,9.0,0,Transient,138.0,0,1
City Hotel,1,174,2017,June,22,1,0,3,2,0.0,0,BB,PRT,Groups,TA/TO,0,0,0,A,A,0,Non Refund,1.0,0,Transient,110.0,0,0
City Hotel,1,174,2017,June,22,1,0,3,2,0.0,0,BB,PRT,Groups,TA/TO,0,0,0,A,A,0,Non Refund,1.0,0,Transient,110.0,0,0
City Hotel,1,174,2017,June,22,1,0,3,2,0.0,0,BB,PRT,Groups,TA/TO,0,0,0,A,A,0,Non Refund,1.0,0,Transient,110.0,0,0
City Hotel,1,174,2017,June,22,1,0,3,2,0.0,0,BB,PRT,Groups,TA/TO,0,0,0,A,A,0,Non Refund,1.0,0,Transient,110.0,0,0
City Hotel,1,174,2017,June,22,1,0,3,2,0.0,0,BB,PRT,Groups,TA/TO,0,0,0,A,A,0,Non Refund,1.0,0,Transient,110.0,0,0
City Hotel,1,136,2017,June,22,1,0,3,2,0.0,0,BB,GBR,Online TA,TA/TO,0,0,0,D,D,0,No Deposit,9.0,0,Transient,147.0,0,0
City Hotel,1,174,2017,June,22,1,0,3,2,0.0,0,BB,PRT,Groups,TA/TO,0,0,0,A,A,0,Non Refund,1.0,0,Transient,110.0,0,0
City Hotel,1,174,2017,June,22,1,0,3,2,0.0,0,BB,PRT,Groups,TA/TO,0,0,0,A,A,0,Non Refund,1.0,0,Transient,110.0,0,0
City Hotel,1,16,2017,June,22,1,0,3,2,0.0,0,SC,ITA,Online TA,TA/TO,0,0,0,A,A,0,No Deposit,9.0,0,Transient,133.33,0,1
City Hotel,1,174,2017,June,22,1,0,3,2,0.0,0,BB,PRT,Groups,TA/TO,0,0,0,A,A,0,Non Refund,1.0,0,Transient,110.0,0,0
City Hotel,1,174,2017,June,22,1,0,3,2,0.0,0,BB,PRT,Groups,TA/TO,0,0,0,A,A,0,Non Refund,1.0,0,Transient,110.0,0,0
City Hotel,1,144,2017,June,22,1,0,3,2,0.0,0,BB,IRL,Direct,Direct,0,0,0,A,A,0,No Deposit,14.0,0,Transient,120.0,0,2
City Hotel,1,174,2017,June,22,1,0,3,2,0.0,0,BB,PRT,Groups,TA/TO,0,0,0,A,A,0,Non Refund,1.0,0,Transient,110.0,0,0
City Hotel,1,174,2017,June,22,1,0,3,2,0.0,0,BB,PRT,Groups,TA/TO,0,0,0,A,A,0,Non Refund,1.0,0,Transient,110.0,0,0
City Hotel,1,207,2017,June,22,1,1,3,2,0.0,0,BB,NLD,Online TA,TA/TO,0,0,0,D,D,0,No Deposit,9.0,0,Transient,138.6,0,0
City Hotel,1,141,2017,June,22,1,1,3,2,0.0,0,BB,DEU,Online TA,TA/TO,0,0,0,D,D,0,No Deposit,9.0,0,Transient,150.3,0,0
City Hotel,1,20,2017,June,22,1,1,3,2,0.0,0,BB,PRT,Direct,Direct,0,0,0,G,G,0,No Deposit,,0,Transient,240.0,0,0
City Hotel,1,213,2017,June,22,1,1,3,2,0.0,0,SC,ITA,Online TA,TA/TO,0,0,0,A,A,0,No Deposit,9.0,0,Transient,107.1,0,1
City Hotel,1,41,2017,June,22,1,1,3,2,0.0,0,SC,SWE,Online TA,TA/TO,0,0,0,A,A,0,No Deposit,9.0,0,Transient,140.0,0,0
City Hotel,1,133,2017,June,22,1,1,3,2,0.0,0,HB,FRA,Online TA,TA/TO,0,0,0,D,D,0,No Deposit,9.0,0,Transient,184.5,0,0
City Hotel,1,207,2017,June,22,1,1,3,2,0.0,0,BB,NLD,Online TA,TA/TO,0,0,0,D,D,0,No Deposit,9.0,0,Transient,138.6,0,0
City Hotel,1,114,2017,June,22,1,2,3,2,0.0,0,HB,HRV,Online TA,TA/TO,0,0,0,A,A,0,No Deposit,9.0,0,Transient,174.6,0,0
City Hotel,1,170,2017,June,22,1,1,3,2,0.0,0,BB,ARG,Online TA,TA/TO,0,0,0,A,A,0,No Deposit,9.0,0,Transient,139.5,0,1
City Hotel,1,24,2017,June,22,1,4,10,2,0.0,0,BB,ARE,Direct,Direct,0,0,0,A,A,0,No Deposit,14.0,0,Transient,143.57,0,0
City Hotel,1,16,2017,June,22,2,0,1,2,0.0,0,SC,USA,Online TA,TA/TO,0,0,0,A,A,0,No Deposit,9.0,0,Transient,140.0,0,1
City Hotel,1,28,2017,June,22,2,0,1,2,0.0,0,SC,CN,Online TA,TA/TO,0,0,0,A,A,0,No Deposit,9.0,0,Transient,140.0,0,1
City Hotel,1,145,2017,June,22,2,0,1,2,0.0,0,SC,FRA,Online TA,TA/TO,0,0,0,A,A,0,No Deposit,9.0,0,Transient,126.0,0,0
City Hotel,1,189,2017,June,22,2,0,2,2,0.0,0,BB,PRT,Groups,TA/TO,0,0,0,A,A,0,Non Refund,,0,Transient,100.0,0,0
City Hotel,1,189,2017,June,22,2,0,2,2,0.0,0,BB,PRT,Groups,TA/TO,0,0,0,A,A,0,Non Refund,,0,Transient,100.0,0,0
City Hotel,1,189,2017,June,22,2,0,2,2,0.0,0,BB,PRT,Groups,TA/TO,0,0,0,A,A,0,Non Refund,,0,Transient,100.0,0,0
City Hotel,1,118,2017,June,22,2,0,2,2,0.0,0,BB,AUT,Online TA,TA/TO,0,0,0,A,A,0,No Deposit,9.0,0,Transient,160.0,0,0
City Hotel,1,189,2017,June,22,2,0,2,2,0.0,0,BB,PRT,Groups,TA/TO,0,0,0,A,A,0,Non Refund,,0,Transient,100.0,0,0
City Hotel,1,189,2017,June,22,2,0,2,2,0.0,0,BB,PRT,Groups,TA/TO,0,0,0,A,A,0,Non Refund,,0,Transient,100.0,0,0
City Hotel,1,288,2017,June,22,2,0,2,2,0.0,0,BB,PRT,Groups,TA/TO,0,0,0,A,A,0,Non Refund,,99,Transient,100.0,0,0
City Hotel,1,189,2017,June,22,2,0,2,2,0.0,0,BB,PRT,Groups,TA/TO,0,0,0,A,A,0,Non Refund,,0,Transient,100.0,0,0
City Hotel,1,175,2017,June,22,2,0,2,2,0.0,0,BB,ESP,Online TA,TA/TO,0,0,0,A,A,0,No Deposit,9.0,0,Transient,144.0,0,0
City Hotel,1,130,2017,June,22,2,0,2,2,0.0,0,BB,BEL,Online TA,TA/TO,0,0,0,E,E,0,No Deposit,9.0,0,Transient,180.0,0,2
City Hotel,1,118,2017,June,22,2,0,2,2,0.0,0,BB,AUT,Online TA,TA/TO,0,0,0,A,A,0,No Deposit,9.0,0,Transient,160.0,0,0
City Hotel,1,189,2017,June,22,2,0,2,2,0.0,0,BB,PRT,Groups,TA/TO,0,0,0,A,A,0,Non Refund,,0,Transient,100.0,0,0
City Hotel,1,189,2017,June,22,2,0,2,2,0.0,0,BB,PRT,Groups,TA/TO,0,0,0,A,A,0,Non Refund,,0,Transient,100.0,0,0
City Hotel,1,108,2017,June,22,2,0,2,2,0.0,0,BB,PRT,Direct,Direct,0,0,0,A,A,0,No Deposit,,0,Transient,126.0,0,1
City Hotel,1,189,2017,June,22,2,0,2,2,0.0,0,BB,PRT,Groups,TA/TO,0,0,0,A,A,0,Non Refund,,0,Transient,100.0,0,0
City Hotel,1,189,2017,June,22,2,0,2,2,0.0,0,BB,PRT,Groups,TA/TO,0,0,0,A,A,0,Non Refund,,0,Transient,100.0,0,0
City Hotel,1,189,2017,June,22,2,0,2,2,0.0,0,BB,PRT,Groups,TA/TO,0,0,0,A,A,0,Non Refund,,0,Transient,100.0,0,0
City Hotel,1,189,2017,June,22,2,0,2,2,0.0,0,BB,PRT,Groups,TA/TO,0,0,0,A,A,0,Non Refund,,0,Transient,100.0,0,0
City Hotel,1,189,2017,June,22,2,0,2,2,0.0,0,BB,PRT,Groups,TA/TO,0,0,0,A,A,0,Non Refund,,0,Transient,100.0,0,0
City Hotel,1,189,2017,June,22,2,0,2,2,0.0,0,BB,PRT,Groups,TA/TO,0,0,0,A,A,0,Non Refund,,0,Transient,100.0,0,0
City Hotel,1,175,2017,June,22,2,0,2,2,0.0,0,SC,ESP,Online TA,TA/TO,0,0,0,A,A,0,No Deposit,9.0,0,Transient,126.0,0,1
City Hotel,1,189,2017,June,22,2,0,2,2,0.0,0,BB,PRT,Groups,TA/TO,0,0,0,A,A,0,Non Refund,,0,Transient,100.0,0,0
City Hotel,1,171,2017,June,22,2,0,2,2,0.0,0,BB,DEU,Online TA,TA/TO,0,0,0,A,A,0,No Deposit,9.0,0,Transient,144.0,0,0
City Hotel,1,189,2017,June,22,2,0,2,2,0.0,0,BB,PRT,Groups,TA/TO,0,0,0,A,A,0,Non Refund,,0,Transient,100.0,0,0
City Hotel,1,189,2017,June,22,2,0,2,2,0.0,0,BB,PRT,Groups,TA/TO,0,0,0,A,A,0,Non Refund,,0,Transient,100.0,0,0
City Hotel,1,212,2017,June,22,2,1,2,2,0.0,0,BB,PRT,Groups,TA/TO,0,0,0,A,A,0,No Deposit,20.0,0,Transient-Party,105.0,0,0
City Hotel,1,212,2017,June,22,2,1,2,2,0.0,0,BB,PRT,Groups,TA/TO,0,0,0,A,A,0,No Deposit,20.0,0,Transient-Party,105.0,0,0
City Hotel,1,246,2017,June,22,2,1,2,2,0.0,0,BB,PRT,Groups,TA/TO,0,0,0,A,A,0,Non Refund,154.0,117,Transient,130.0,0,0
City Hotel,1,212,2017,June,22,2,1,2,2,0.0,0,BB,PRT,Groups,TA/TO,0,0,0,A,A,0,No Deposit,20.0,0,Transient-Party,105.0,0,0
City Hotel,1,129,2017,June,22,2,1,2,2,0.0,0,BB,PRT,Groups,TA/TO,0,0,0,A,A,0,Non Refund,154.0,0,Transient,130.0,0,0
City Hotel,1,129,2017,June,22,2,1,2,2,0.0,0,BB,PRT,Groups,TA/TO,0,0,0,A,A,0,Non Refund,154.0,0,Transient,130.0,0,0
City Hotel,1,129,2017,June,22,2,1,2,2,0.0,0,BB,PRT,Groups,TA/TO,0,0,0,A,A,0,Non Refund,154.0,0,Transient,130.0,0,0
City Hotel,1,129,2017,June,22,2,1,2,2,0.0,0,BB,PRT,Groups,TA/TO,0,0,0,A,A,0,Non Refund,154.0,0,Transient,130.0,0,0
City Hotel,1,137,2017,June,22,2,1,2,2,0.0,0,BB,PRT,Offline TA/TO,TA/TO,0,0,0,A,D,0,No Deposit,28.0,0,Transient,85.0,0,0
City Hotel,1,129,2017,June,22,2,1,2,2,0.0,0,BB,PRT,Groups,TA/TO,0,0,0,A,A,0,Non Refund,154.0,0,Transient,130.0,0,0
City Hotel,1,212,2017,June,22,2,1,2,2,0.0,0,BB,PRT,Groups,TA/TO,0,0,0,A,A,0,No Deposit,20.0,0,Transient-Party,105.0,0,0
City Hotel,1,212,2017,June,22,2,1,2,2,0.0,0,BB,PRT,Groups,TA/TO,0,0,0,A,A,0,No Deposit,20.0,0,Transient-Party,105.0,0,0
City Hotel,1,129,2017,June,22,2,1,2,2,0.0,0,BB,PRT,Groups,TA/TO,0,0,0,A,A,0,Non Refund,154.0,0,Transient,130.0,0,0
City Hotel,1,129,2017,June,22,2,1,2,2,0.0,0,BB,PRT,Groups,TA/TO,0,0,0,A,A,0,Non Refund,154.0,0,Transient,130.0,0,0
City Hotel,1,212,2017,June,22,2,1,2,2,0.0,0,BB,PRT,Groups,TA/TO,0,0,0,A,A,0,No Deposit,20.0,0,Transient-Party,105.0,0,0
City Hotel,1,212,2017,June,22,2,1,2,2,0.0,0,BB,PRT,Groups,TA/TO,0,0,0,A,A,0,No Deposit,20.0,0,Transient-Party,105.0,0,0
City Hotel,1,129,2017,June,22,2,1,2,2,0.0,0,BB,PRT,Groups,TA/TO,0,0,0,A,A,0,Non Refund,154.0,0,Transient,130.0,0,0
City Hotel,1,212,2017,June,22,2,1,2,2,0.0,0,BB,PRT,Groups,TA/TO,0,0,0,A,A,0,No Deposit,20.0,0,Transient-Party,105.0,0,0
City Hotel,1,212,2017,June,22,2,1,2,2,0.0,0,BB,PRT,Groups,TA/TO,0,0,0,A,A,0,No Deposit,20.0,0,Transient-Party,105.0,0,0
City Hotel,1,129,2017,June,22,2,1,2,2,0.0,0,BB,PRT,Groups,TA/TO,0,0,0,A,A,0,Non Refund,154.0,0,Transient,130.0,0,0
City Hotel,1,129,2017,June,22,2,1,2,2,0.0,0,BB,PRT,Groups,TA/TO,0,0,0,A,A,0,Non Refund,154.0,0,Transient,130.0,0,0
City Hotel,1,129,2017,June,22,2,1,2,2,0.0,0,BB,PRT,Groups,TA/TO,0,0,0,A,A,0,Non Refund,154.0,0,Transient,130.0,0,0
City Hotel,1,212,2017,June,22,2,1,2,2,0.0,0,BB,PRT,Groups,TA/TO,0,0,0,A,A,0,No Deposit,20.0,0,Transient-Party,105.0,0,0
City Hotel,1,166,2017,June,22,2,1,2,2,0.0,0,SC,FRA,Online TA,TA/TO,0,0,0,A,A,0,No Deposit,9.0,0,Transient,126.0,0,1
City Hotel,1,129,2017,June,22,2,1,2,2,0.0,0,BB,PRT,Groups,TA/TO,0,0,0,A,A,0,Non Refund,154.0,0,Transient,130.0,0,0
City Hotel,1,129,2017,June,22,2,1,2,2,0.0,0,BB,PRT,Groups,TA/TO,0,0,0,A,A,0,Non Refund,154.0,0,Transient,130.0,0,0
City Hotel,1,129,2017,June,22,2,1,2,2,0.0,0,BB,PRT,Groups,TA/TO,0,0,0,A,A,0,Non Refund,154.0,0,Transient,130.0,0,0
City Hotel,1,212,2017,June,22,2,1,2,2,0.0,0,BB,PRT,Groups,TA/TO,0,0,0,A,A,0,No Deposit,20.0,0,Transient-Party,105.0,0,0
City Hotel,1,129,2017,June,22,2,1,2,2,0.0,0,BB,PRT,Groups,TA/TO,0,0,0,A,A,0,Non Refund,154.0,0,Transient,130.0,0,0
City Hotel,1,86,2017,June,22,2,1,2,2,0.0,0,BB,ITA,Online TA,TA/TO,0,0,0,E,E,0,No Deposit,9.0,0,Transient,180.0,0,0
City Hotel,1,129,2017,June,22,2,1,2,2,0.0,0,BB,PRT,Groups,TA/TO,0,0,0,A,A,0,Non Refund,154.0,0,Transient,130.0,0,0
City Hotel,1,129,2017,June,22,2,1,2,2,0.0,0,BB,PRT,Groups,TA/TO,0,0,0,A,A,0,Non Refund,154.0,0,Transient,130.0,0,0
City Hotel,1,212,2017,June,22,2,1,2,2,0.0,0,BB,PRT,Groups,TA/TO,0,0,0,A,A,0,No Deposit,20.0,0,Transient-Party,105.0,0,0
City Hotel,1,111,2017,June,22,2,1,2,2,0.0,0,SC,BEL,Online TA,TA/TO,0,0,0,A,A,0,No Deposit,9.0,0,Transient,126.0,0,0
City Hotel,1,129,2017,June,22,2,1,2,2,0.0,0,BB,PRT,Groups,TA/TO,0,0,0,A,A,0,Non Refund,154.0,0,Transient,130.0,0,0
City Hotel,1,129,2017,June,22,2,1,2,2,0.0,0,BB,PRT,Groups,TA/TO,0,0,0,A,A,0,Non Refund,154.0,0,Transient,130.0,0,0
City Hotel,1,212,2017,June,22,2,1,2,2,0.0,0,BB,PRT,Groups,TA/TO,0,0,0,A,A,0,No Deposit,20.0,0,Transient-Party,105.0,0,0
City Hotel,1,113,2017,June,22,2,1,2,2,0.0,0,SC,GBR,Online TA,TA/TO,0,0,0,A,A,0,No Deposit,9.0,0,Transient,126.0,0,0
City Hotel,1,212,2017,June,22,2,1,2,2,0.0,0,BB,PRT,Groups,TA/TO,0,0,0,A,A,0,No Deposit,20.0,0,Transient-Party,105.0,0,0
City Hotel,1,167,2017,June,22,2,2,2,2,0.0,0,BB,SWE,Online TA,TA/TO,0,0,0,A,A,0,No Deposit,9.0,0,Transient,141.0,0,2
City Hotel,1,239,2017,June,22,2,2,2,2,0.0,0,BB,DEU,Online TA,TA/TO,0,0,0,D,D,0,No Deposit,9.0,0,Transient,138.6,0,1
City Hotel,1,20,2017,June,22,2,2,3,2,0.0,0,BB,BEL,Online TA,TA/TO,0,0,0,D,D,0,No Deposit,9.0,0,Transient,170.0,0,1
City Hotel,1,42,2017,June,22,2,2,3,2,0.0,0,SC,DEU,Online TA,TA/TO,0,0,0,A,A,0,No Deposit,9.0,0,Transient,140.0,0,1
City Hotel,1,271,2017,June,22,3,0,1,2,0.0,0,BB,PRT,Groups,TA/TO,0,0,0,A,A,0,No Deposit,229.0,0,Transient,90.0,0,0
City Hotel,1,88,2017,June,22,3,1,1,2,0.0,0,BB,PRT,Offline TA/TO,TA/TO,0,0,0,A,A,0,No Deposit,159.0,0,Transient,100.25,0,1
City Hotel,1,0,2017,June,22,3,0,1,2,0.0,0,SC,PRT,Online TA,TA/TO,0,0,0,A,A,0,No Deposit,9.0,0,Transient,144.0,0,0
City Hotel,1,52,2017,June,22,3,1,1,2,0.0,0,BB,CHE,Online TA,TA/TO,0,0,0,D,D,0,No Deposit,9.0,0,Transient,170.0,0,0
City Hotel,1,99,2017,June,22,3,1,1,2,0.0,0,BB,PRT,Offline TA/TO,TA/TO,0,0,0,A,A,0,No Deposit,85.0,0,Transient,89.1,0,1
City Hotel,1,170,2017,June,22,3,2,1,2,0.0,0,SC,NLD,Online TA,TA/TO,0,0,0,A,A,0,No Deposit,9.0,0,Transient,126.0,0,2
City Hotel,1,348,2017,June,22,3,2,1,2,0.0,0,BB,PRT,Offline TA/TO,TA/TO,0,0,0,A,A,0,Non Refund,6.0,0,Transient,90.0,0,0
City Hotel,1,434,2017,June,22,3,2,1,2,0.0,0,BB,PRT,Groups,TA/TO,0,0,0,A,A,0,No Deposit,229.0,0,Transient-Party,90.0,0,0
City Hotel,1,348,2017,June,22,3,2,1,2,0.0,0,BB,PRT,Offline TA/TO,TA/TO,0,0,0,A,A,0,Non Refund,6.0,0,Transient,90.0,0,0
City Hotel,1,302,2017,June,22,3,2,1,2,0.0,0,BB,AUT,Online TA,TA/TO,0,0,0,A,A,0,No Deposit,9.0,0,Transient,109.8,0,0
City Hotel,1,93,2017,June,22,3,2,1,2,0.0,0,BB,PRT,Groups,TA/TO,0,0,0,A,A,0,No Deposit,229.0,0,Transient-Party,112.67,0,0
City Hotel,1,348,2017,June,22,3,2,1,2,0.0,0,BB,PRT,Offline TA/TO,TA/TO,0,0,0,A,A,0,Non Refund,6.0,0,Transient,90.0,0,0
City Hotel,1,348,2017,June,22,3,2,1,2,0.0,0,BB,PRT,Offline TA/TO,TA/TO,0,0,0,A,A,0,Non Refund,6.0,0,Transient,90.0,0,0
City Hotel,1,348,2017,June,22,3,2,1,2,0.0,0,BB,PRT,Offline TA/TO,TA/TO,0,0,0,A,A,0,Non Refund,6.0,0,Transient,90.0,0,0
City Hotel,1,348,2017,June,22,3,2,1,2,0.0,0,BB,PRT,Offline TA/TO,TA/TO,0,0,0,A,A,0,Non Refund,6.0,0,Transient,90.0,0,0
City Hotel,1,302,2017,June,22,3,2,1,2,0.0,0,BB,AUT,Online TA,TA/TO,0,0,0,A,A,0,No Deposit,9.0,0,Transient,109.8,0,0
City Hotel,1,434,2017,June,22,3,2,1,2,0.0,0,BB,PRT,Groups,TA/TO,0,0,0,A,A,0,No Deposit,229.0,0,Transient-Party,90.0,0,0
City Hotel,1,348,2017,June,22,3,2,1,2,0.0,0,BB,PRT,Offline TA/TO,TA/TO,0,0,0,A,A,0,Non Refund,6.0,0,Transient,90.0,0,0
City Hotel,1,348,2017,June,22,3,2,1,2,0.0,0,BB,PRT,Offline TA/TO,TA/TO,0,0,0,A,A,0,Non Refund,6.0,0,Transient,90.0,0,0
City Hotel,1,348,2017,June,22,3,2,1,2,0.0,0,BB,PRT,Offline TA/TO,TA/TO,0,0,0,A,A,0,Non Refund,6.0,0,Transient,90.0,0,0
City Hotel,1,348,2017,June,22,3,2,1,2,0.0,0,BB,PRT,Offline TA/TO,TA/TO,0,0,0,A,A,0,Non Refund,6.0,0,Transient,90.0,0,0
City Hotel,1,348,2017,June,22,3,2,1,2,0.0,0,BB,PRT,Offline TA/TO,TA/TO,0,0,0,A,A,0,Non Refund,6.0,0,Transient,90.0,0,0
City Hotel,1,434,2017,June,22,3,2,1,2,0.0,0,BB,PRT,Groups,TA/TO,0,0,0,A,A,0,No Deposit,229.0,0,Transient-Party,90.0,0,0
City Hotel,1,348,2017,June,22,3,2,1,2,0.0,0,BB,PRT,Offline TA/TO,TA/TO,0,0,0,A,A,0,Non Refund,6.0,0,Transient,90.0,0,0
City Hotel,1,348,2017,June,22,3,2,1,2,0.0,0,BB,PRT,Offline TA/TO,TA/TO,0,0,0,A,A,0,Non Refund,6.0,0,Transient,90.0,0,0
City Hotel,1,29,2017,June,22,3,2,1,2,0.0,0,BB,PRT,Groups,TA/TO,0,0,0,A,A,0,No Deposit,229.0,0,Transient-Party,112.67,0,0
City Hotel,1,302,2017,June,22,3,2,1,2,0.0,0,BB,AUT,Online TA,TA/TO,0,0,0,A,A,0,No Deposit,9.0,0,Transient,109.8,0,0
City Hotel,1,348,2017,June,22,3,2,1,2,0.0,0,BB,PRT,Offline TA/TO,TA/TO,0,0,0,A,A,0,Non Refund,6.0,0,Transient,90.0,0,0
City Hotel,1,348,2017,June,22,3,2,1,2,0.0,0,BB,PRT,Offline TA/TO,TA/TO,0,0,0,A,A,0,Non Refund,6.0,0,Transient,90.0,0,0
City Hotel,1,348,2017,June,22,3,2,1,2,0.0,0,BB,PRT,Offline TA/TO,TA/TO,0,0,0,A,A,0,Non Refund,6.0,0,Transient,90.0,0,0
City Hotel,1,29,2017,June,22,3,2,1,2,0.0,0,BB,PRT,Groups,TA/TO,0,0,0,A,A,0,No Deposit,229.0,0,Transient-Party,112.67,0,0
City Hotel,1,348,2017,June,22,3,2,1,2,0.0,0,BB,PRT,Offline TA/TO,TA/TO,0,0,0,A,A,0,Non Refund,6.0,0,Transient,90.0,0,0
City Hotel,1,115,2017,June,22,3,2,2,2,0.0,0,BB,PRT,Offline TA/TO,TA/TO,0,0,0,A,A,0,No Deposit,27.0,0,Transient,89.1,0,0
City Hotel,1,109,2017,June,22,3,2,2,2,0.0,0,SC,FRA,Online TA,TA/TO,0,0,0,A,A,0,No Deposit,9.0,0,Transient,129.5,0,0
City Hotel,1,87,2017,June,22,3,2,2,2,0.0,0,BB,SWE,Online TA,TA/TO,0,0,0,E,E,0,No Deposit,9.0,0,Transient,180.0,0,0
City Hotel,1,58,2017,June,22,3,2,2,2,0.0,0,BB,DEU,Online TA,TA/TO,0,0,0,D,D,0,No Deposit,9.0,0,Transient,170.0,0,1
City Hotel,1,28,2017,June,22,3,2,2,2,0.0,0,SC,BEL,Online TA,TA/TO,0,0,0,A,A,0,No Deposit,9.0,0,Transient,149.5,0,1
City Hotel,1,87,2017,June,22,3,2,2,2,0.0,0,BB,SWE,Online TA,TA/TO,0,0,0,E,E,0,No Deposit,9.0,0,Transient,180.0,0,0
City Hotel,1,58,2017,June,22,3,2,2,2,0.0,0,BB,DEU,Online TA,TA/TO,0,0,0,D,D,0,No Deposit,9.0,0,Transient,170.0,0,1
City Hotel,1,187,2017,June,22,3,2,2,2,0.0,0,BB,FRA,Online TA,TA/TO,0,0,0,A,A,0,No Deposit,9.0,0,Transient,144.0,0,0
City Hotel,1,227,2017,June,22,3,2,3,2,0.0,0,BB,CHE,Online TA,TA/TO,0,0,0,D,D,0,No Deposit,9.0,0,Transient,138.6,0,2
City Hotel,1,43,2017,June,22,3,2,5,2,0.0,0,SC,USA,Online TA,TA/TO,0,0,0,A,A,0,No Deposit,9.0,0,Transient,140.0,0,1
City Hotel,1,235,2017,June,22,3,2,5,2,0.0,0,BB,PRT,Offline TA/TO,TA/TO,0,0,0,D,D,0,No Deposit,28.0,0,Transient,98.1,0,0
City Hotel,1,302,2017,June,22,3,2,4,2,0.0,0,BB,GBR,Online TA,TA/TO,0,0,0,A,A,0,No Deposit,9.0,0,Transient,109.8,0,2
City Hotel,1,54,2017,June,23,4,1,0,2,0.0,0,BB,PRT,Offline TA/TO,TA/TO,0,0,0,A,A,0,No Deposit,85.0,0,Transient,89.1,0,1
City Hotel,1,36,2017,June,23,4,1,0,2,0.0,0,BB,ARG,Online TA,TA/TO,0,0,0,D,D,0,No Deposit,9.0,0,Transient,170.0,0,1
City Hotel,1,13,2017,June,23,4,2,0,2,0.0,0,BB,PRT,Direct,Direct,0,0,0,A,A,0,No Deposit,,0,Transient,160.0,0,0
City Hotel,1,65,2017,June,23,4,2,0,2,0.0,0,SC,FRA,Online TA,TA/TO,0,0,0,A,A,0,No Deposit,9.0,0,Transient,140.0,0,1
City Hotel,1,22,2017,June,23,4,2,1,2,0.0,0,BB,PRT,Direct,Direct,0,0,0,D,D,0,No Deposit,14.0,0,Transient,165.0,0,0
City Hotel,1,98,2017,June,23,4,2,1,2,0.0,0,HB,POL,Online TA,TA/TO,0,0,0,A,A,0,No Deposit,9.0,0,Transient,178.2,0,0
City Hotel,1,151,2017,June,23,4,2,1,2,0.0,0,BB,GBR,Online TA,TA/TO,0,0,0,A,A,0,No Deposit,9.0,0,Transient,144.0,0,0
City Hotel,1,90,2017,June,23,4,2,1,2,0.0,0,BB,CN,Online TA,TA/TO,0,0,0,A,A,0,No Deposit,9.0,0,Transient,149.33,0,0
City Hotel,1,33,2017,June,23,4,2,2,2,0.0,0,SC,CHN,Online TA,TA/TO,0,0,0,A,A,0,No Deposit,9.0,0,Transient,117.0,0,1
City Hotel,1,173,2017,June,23,4,2,2,2,0.0,0,BB,PRT,Groups,TA/TO,0,0,0,A,A,0,Non Refund,37.0,0,Transient,120.0,0,0
City Hotel,1,173,2017,June,23,4,2,2,2,0.0,0,BB,PRT,Groups,TA/TO,0,0,0,A,A,0,Non Refund,37.0,0,Transient,120.0,0,0
City Hotel,1,173,2017,June,23,4,2,2,2,0.0,0,BB,PRT,Groups,TA/TO,0,0,0,A,A,0,Non Refund,37.0,0,Transient,120.0,0,0
City Hotel,1,173,2017,June,23,4,2,2,2,0.0,0,BB,PRT,Groups,TA/TO,0,0,0,A,A,0,Non Refund,37.0,0,Transient,120.0,0,0
City Hotel,1,352,2017,June,23,4,2,2,2,0.0,0,BB,PRT,Offline TA/TO,TA/TO,0,0,0,A,A,0,No Deposit,21.0,0,Transient-Party,75.0,0,0
City Hotel,1,173,2017,June,23,4,2,2,2,0.0,0,BB,PRT,Groups,TA/TO,0,0,0,A,A,0,Non Refund,37.0,0,Transient,120.0,0,0
City Hotel,1,173,2017,June,23,4,2,2,2,0.0,0,BB,PRT,Groups,TA/TO,0,0,0,A,A,0,Non Refund,37.0,0,Transient,120.0,0,0
City Hotel,1,173,2017,June,23,4,2,2,2,0.0,0,BB,PRT,Groups,TA/TO,0,0,0,A,A,0,Non Refund,37.0,0,Transient,120.0,0,0
City Hotel,1,230,2017,June,23,4,2,2,2,0.0,0,BB,PRT,Groups,TA/TO,0,0,0,A,A,0,Non Refund,37.0,57,Transient,120.0,0,0
City Hotel,1,173,2017,June,23,4,2,2,2,0.0,0,BB,PRT,Groups,TA/TO,0,0,0,A,A,0,Non Refund,37.0,0,Transient,120.0,0,0
City Hotel,1,173,2017,June,23,4,2,2,2,0.0,0,BB,PRT,Groups,TA/TO,0,0,0,A,A,0,Non Refund,37.0,0,Transient,120.0,0,0
City Hotel,1,173,2017,June,23,4,2,2,2,0.0,0,BB,PRT,Groups,TA/TO,0,0,0,A,A,0,Non Refund,37.0,0,Transient,120.0,0,0
City Hotel,1,41,2017,June,23,4,2,2,2,0.0,0,SC,CHN,Online TA,TA/TO,0,0,0,A,A,0,No Deposit,9.0,0,Transient,135.0,0,1
City Hotel,1,173,2017,June,23,4,2,2,2,0.0,0,BB,PRT,Groups,TA/TO,0,0,0,A,A,0,Non Refund,37.0,0,Transient,120.0,0,0
City Hotel,1,173,2017,June,23,4,2,2,2,0.0,0,BB,PRT,Groups,TA/TO,0,0,0,A,A,0,Non Refund,37.0,0,Transient,120.0,0,0
City Hotel,1,173,2017,June,23,4,2,2,2,0.0,0,BB,PRT,Groups,TA/TO,0,0,0,A,A,0,Non Refund,37.0,0,Transient,120.0,0,0
City Hotel,1,173,2017,June,23,4,2,2,2,0.0,0,BB,PRT,Groups,TA/TO,0,0,0,A,A,0,Non Refund,37.0,0,Transient,120.0,0,0
City Hotel,1,352,2017,June,23,4,2,2,2,0.0,0,BB,PRT,Offline TA/TO,TA/TO,0,0,0,A,A,0,No Deposit,21.0,0,Transient-Party,75.0,0,0
City Hotel,1,173,2017,June,23,4,2,2,2,0.0,0,BB,PRT,Groups,TA/TO,0,0,0,A,A,0,Non Refund,37.0,0,Transient,120.0,0,0
City Hotel,1,173,2017,June,23,4,2,2,2,0.0,0,BB,PRT,Groups,TA/TO,0,0,0,A,A,0,Non Refund,37.0,0,Transient,120.0,0,0
City Hotel,1,173,2017,June,23,4,2,2,2,0.0,0,BB,PRT,Groups,TA/TO,0,0,0,A,A,0,Non Refund,37.0,0,Transient,120.0,0,0
City Hotel,1,315,2017,June,23,4,2,3,2,0.0,0,HB,RUS,Online TA,TA/TO,0,0,0,A,A,0,No Deposit,9.0,0,Transient,144.0,0,1
City Hotel,1,25,2017,June,23,4,2,3,2,0.0,0,BB,FRA,Direct,Direct,0,0,0,E,E,0,No Deposit,14.0,0,Transient,195.0,0,1
City Hotel,1,274,2017,June,23,4,2,4,2,0.0,0,HB,LUX,Online TA,TA/TO,0,0,0,A,A,0,No Deposit,9.0,0,Transient,156.6,0,2
City Hotel,1,31,2017,June,23,4,2,3,2,0.0,0,BB,DEU,Online TA,TA/TO,0,0,0,D,D,0,No Deposit,9.0,0,Transient,158.0,0,0
City Hotel,1,62,2017,June,23,5,1,1,2,0.0,0,SC,CHN,Online TA,TA/TO,0,0,0,A,A,0,No Deposit,9.0,0,Transient,126.0,0,2
City Hotel,1,13,2017,June,23,5,1,1,2,0.0,0,SC,ESP,Online TA,TA/TO,0,0,0,A,A,0,No Deposit,9.0,0,Transient,140.0,0,2
City Hotel,1,164,2017,June,23,5,1,1,2,0.0,0,BB,DEU,Online TA,TA/TO,0,0,0,A,A,2,No Deposit,9.0,0,Transient,144.0,0,1
City Hotel,1,62,2017,June,23,5,1,1,2,0.0,0,SC,CHN,Online TA,TA/TO,0,0,0,A,A,0,No Deposit,9.0,0,Transient,126.0,0,2
City Hotel,1,62,2017,June,23,5,1,1,2,0.0,0,SC,CHN,Online TA,TA/TO,0,0,0,A,A,0,No Deposit,9.0,0,Transient,126.0,0,2
City Hotel,1,18,2017,June,23,5,1,1,2,0.0,0,SC,IRL,Online TA,TA/TO,0,0,0,A,A,0,No Deposit,9.0,0,Transient,130.0,0,1
City Hotel,1,111,2017,June,23,5,1,2,2,0.0,0,BB,PRT,Groups,TA/TO,0,0,0,A,A,0,No Deposit,30.0,0,Transient,89.1,0,0
City Hotel,1,46,2017,June,23,5,1,2,2,0.0,0,BB,PRT,Online TA,TA/TO,0,0,0,D,D,0,No Deposit,159.0,0,Transient,170.0,0,0
City Hotel,1,247,2017,June,23,5,1,2,2,0.0,0,SC,GBR,Online TA,TA/TO,0,0,0,A,A,0,No Deposit,9.0,0,Transient,107.1,0,1
City Hotel,1,35,2017,June,23,5,1,2,2,0.0,0,BB,GBR,Online TA,TA/TO,0,0,0,A,A,0,No Deposit,9.0,0,Transient,146.67,0,0
City Hotel,1,74,2017,June,23,5,1,2,2,0.0,0,BB,GBR,Online TA,TA/TO,0,0,0,D,D,0,No Deposit,9.0,0,Transient,158.67,0,0
City Hotel,1,53,2017,June,23,5,1,2,2,0.0,0,BB,GBR,Direct,Direct,0,0,0,D,D,0,No Deposit,14.0,0,Transient,148.5,0,0
City Hotel,1,32,2017,June,23,5,1,2,2,0.0,0,BB,GBR,Online TA,TA/TO,0,0,0,A,A,0,No Deposit,9.0,0,Transient,159.33,0,1
City Hotel,1,40,2017,June,23,5,1,3,2,0.0,0,BB,PHL,Online TA,TA/TO,0,0,0,A,A,0,No Deposit,9.0,0,Transient,160.0,0,1
City Hotel,1,33,2017,June,23,5,1,3,2,0.0,0,SC,PHL,Online TA,TA/TO,0,0,0,A,A,0,No Deposit,9.0,0,Transient,125.0,0,1
City Hotel,1,37,2017,June,23,5,1,3,2,0.0,0,SC,BRA,Online TA,TA/TO,0,0,0,A,A,0,No Deposit,9.0,0,Transient,125.0,0,0
City Hotel,1,265,2017,June,23,5,1,3,2,0.0,0,BB,GBR,Online TA,TA/TO,0,0,0,A,A,0,No Deposit,9.0,0,Transient,136.75,0,1
City Hotel,1,20,2017,June,23,5,1,3,2,0.0,0,BB,BEL,Online TA,TA/TO,0,0,0,A,A,0,No Deposit,9.0,0,Transient,145.0,0,1
City Hotel,1,37,2017,June,23,5,1,3,2,0.0,0,SC,BRA,Online TA,TA/TO,0,0,0,A,A,0,No Deposit,9.0,0,Transient,125.0,0,0
City Hotel,1,79,2017,June,23,5,1,3,2,0.0,0,SC,ESP,Online TA,TA/TO,0,0,0,A,A,0,No Deposit,9.0,0,Transient,126.0,0,0
City Hotel,1,24,2017,June,23,5,1,3,2,0.0,0,SC,ITA,Online TA,TA/TO,0,0,0,A,A,0,No Deposit,9.0,0,Transient,140.0,0,1
City Hotel,1,65,2017,June,23,5,1,4,2,0.0,0,SC,CHN,Online TA,TA/TO,0,0,0,A,A,0,No Deposit,9.0,0,Transient,126.0,0,0
City Hotel,1,33,2017,June,23,5,1,4,2,0.0,0,BB,POL,Online TA,TA/TO,0,0,0,A,A,0,No Deposit,9.0,0,Transient,144.0,0,1
City Hotel,1,65,2017,June,23,5,1,4,2,0.0,0,SC,CHN,Online TA,TA/TO,0,0,0,A,A,0,No Deposit,9.0,0,Transient,126.0,0,0
City Hotel,1,40,2017,June,23,5,1,4,2,0.0,0,BB,USA,Online TA,TA/TO,0,0,0,E,E,2,No Deposit,9.0,0,Transient,196.0,0,2
City Hotel,1,65,2017,June,23,5,1,4,2,0.0,0,SC,CHN,Online TA,TA/TO,0,0,0,A,A,0,No Deposit,9.0,0,Transient,126.0,0,0
City Hotel,1,238,2017,June,23,5,2,5,2,0.0,0,BB,FRA,Online TA,TA/TO,0,0,0,B,B,1,No Deposit,9.0,0,Transient,106.35,0,1
City Hotel,1,83,2017,June,23,5,3,6,2,0.0,0,BB,DEU,Online TA,TA/TO,0,0,0,D,D,0,No Deposit,9.0,0,Transient,153.0,0,0
City Hotel,1,154,2017,June,23,5,3,7,2,0.0,0,SC,BEL,Online TA,TA/TO,0,0,0,A,A,0,No Deposit,9.0,0,Transient,126.0,0,0
City Hotel,1,437,2017,June,23,6,0,1,2,0.0,0,BB,PRT,Groups,TA/TO,0,0,0,A,A,0,Non Refund,229.0,0,Transient-Party,90.0,0,0
City Hotel,1,437,2017,June,23,6,0,1,2,0.0,0,BB,PRT,Groups,TA/TO,0,0,0,A,A,0,Non Refund,229.0,0,Transient,90.0,0,0
City Hotel,1,437,2017,June,23,6,0,1,2,0.0,0,BB,PRT,Groups,TA/TO,0,0,0,A,A,0,Non Refund,229.0,0,Transient,90.0,0,0
City Hotel,1,437,2017,June,23,6,0,1,2,0.0,0,BB,PRT,Groups,TA/TO,0,0,0,A,A,0,Non Refund,229.0,0,Transient,90.0,0,0
City Hotel,1,437,2017,June,23,6,0,1,2,0.0,0,BB,PRT,Groups,TA/TO,0,0,0,A,A,0,Non Refund,229.0,0,Transient,90.0,0,0
City Hotel,1,437,2017,June,23,6,0,1,2,0.0,0,BB,PRT,Groups,TA/TO,0,0,0,A,A,0,Non Refund,229.0,0,Transient,90.0,0,0
City Hotel,1,437,2017,June,23,6,0,1,2,0.0,0,BB,PRT,Groups,TA/TO,0,0,0,A,A,0,Non Refund,229.0,0,Transient,90.0,0,0
City Hotel,1,27,2017,June,23,6,0,1,2,0.0,0,SC,FRA,Online TA,TA/TO,0,0,0,A,A,0,No Deposit,9.0,0,Transient,140.0,0,1
City Hotel,1,437,2017,June,23,6,0,1,2,0.0,0,BB,PRT,Groups,TA/TO,0,0,0,A,A,0,Non Refund,229.0,0,Transient,90.0,0,0
City Hotel,1,12,2017,June,23,6,0,1,2,0.0,0,BB,ESP,Online TA,TA/TO,0,0,0,A,A,0,No Deposit,9.0,0,Transient,140.0,0,1
City Hotel,1,12,2017,June,23,6,0,1,2,0.0,0,BB,ESP,Online TA,TA/TO,0,0,0,A,A,0,No Deposit,9.0,0,Transient,140.0,0,1
City Hotel,1,437,2017,June,23,6,0,1,2,0.0,0,BB,PRT,Groups,TA/TO,0,0,0,A,A,0,Non Refund,229.0,0,Transient,90.0,0,0
City Hotel,1,437,2017,June,23,6,0,1,2,0.0,0,BB,PRT,Groups,TA/TO,0,0,0,A,A,0,Non Refund,229.0,0,Transient,90.0,0,0
City Hotel,1,37,2017,June,23,6,0,1,2,0.0,0,SC,PRT,Online TA,TA/TO,0,0,0,A,A,0,No Deposit,9.0,0,Transient,120.0,0,2
City Hotel,1,27,2017,June,23,6,0,1,2,0.0,0,BB,BEL,Online TA,TA/TO,0,0,0,D,D,4,No Deposit,9.0,0,Transient,190.0,0,2
City Hotel,1,17,2017,June,23,6,0,2,2,0.0,0,BB,NLD,Online TA,TA/TO,0,0,0,D,D,0,No Deposit,9.0,0,Transient,150.0,0,1
City Hotel,1,0,2017,June,23,6,0,2,2,0.0,0,BB,PRT,Corporate,Corporate,0,0,0,A,A,0,No Deposit,,0,Transient,120.0,0,0
City Hotel,1,342,2017,June,23,6,0,2,2,0.0,0,BB,PRT,Offline TA/TO,TA/TO,0,0,0,A,A,1,No Deposit,229.0,0,Transient-Party,90.0,0,1
City Hotel,1,224,2017,June,23,6,0,2,2,0.0,0,SC,FRA,Online TA,TA/TO,0,0,0,A,A,0,No Deposit,9.0,0,Transient,107.1,0,1
City Hotel,1,83,2017,June,23,6,0,3,2,0.0,0,BB,CHE,Online TA,TA/TO,0,0,0,A,A,0,No Deposit,9.0,0,Transient,144.0,0,0
City Hotel,1,67,2017,June,23,6,0,3,2,0.0,0,BB,FRA,Online TA,TA/TO,0,0,0,D,D,0,No Deposit,9.0,0,Transient,170.0,0,0
City Hotel,1,161,2017,June,23,6,0,4,2,0.0,0,BB,PRT,Online TA,TA/TO,0,0,0,A,A,0,No Deposit,8.0,0,Transient,144.0,0,1
City Hotel,1,95,2017,June,23,6,0,4,2,0.0,0,SC,GBR,Online TA,TA/TO,0,0,0,A,A,0,No Deposit,9.0,0,Transient,129.5,0,0
City Hotel,1,161,2017,June,23,6,0,4,2,0.0,0,BB,PRT,Online TA,TA/TO,0,0,0,A,A,0,No Deposit,8.0,0,Transient,144.0,0,1
City Hotel,1,95,2017,June,23,6,0,4,2,0.0,0,SC,GBR,Online TA,TA/TO,0,0,0,A,A,0,No Deposit,9.0,0,Transient,129.5,0,0
City Hotel,1,224,2017,June,23,6,0,4,2,0.0,0,BB,FRA,Online TA,TA/TO,0,0,0,D,D,5,No Deposit,9.0,0,Transient,157.5,0,2
City Hotel,1,34,2017,June,23,6,2,5,2,0.0,0,BB,CHN,Online TA,TA/TO,0,0,0,A,A,0,No Deposit,9.0,0,Transient,128.57,0,1
City Hotel,1,23,2017,June,23,7,0,2,2,0.0,0,HB,ESP,Offline TA/TO,TA/TO,0,0,0,A,A,0,Non Refund,52.0,0,Transient,166.5,0,0
City Hotel,1,23,2017,June,23,7,0,2,2,0.0,0,HB,ESP,Offline TA/TO,TA/TO,0,0,0,A,A,0,Non Refund,52.0,0,Transient,166.5,0,0
City Hotel,1,45,2017,June,23,7,0,2,2,0.0,0,BB,ITA,Online TA,TA/TO,0,0,0,A,A,0,No Deposit,9.0,0,Transient,150.0,0,1
City Hotel,1,134,2017,June,23,7,0,2,2,0.0,0,BB,PRT,Offline TA/TO,TA/TO,0,0,0,A,A,0,Non Refund,20.0,0,Transient,110.0,0,0
City Hotel,1,35,2017,June,23,7,0,2,2,0.0,0,HB,GBR,Online TA,TA/TO,0,0,0,A,A,2,No Deposit,9.0,0,Transient,159.0,0,1
City Hotel,1,134,2017,June,23,7,0,2,2,0.0,0,BB,PRT,Offline TA/TO,TA/TO,0,0,0,A,A,0,Non Refund,20.0,0,Transient,110.0,0,0
City Hotel,1,134,2017,June,23,7,0,2,2,0.0,0,BB,PRT,Offline TA/TO,TA/TO,0,0,0,A,A,0,Non Refund,20.0,0,Transient,110.0,0,0
City Hotel,1,134,2017,June,23,7,0,2,2,0.0,0,BB,PRT,Offline TA/TO,TA/TO,0,0,0,A,A,0,Non Refund,20.0,0,Transient,110.0,0,0
City Hotel,1,134,2017,June,23,7,0,2,2,0.0,0,BB,PRT,Offline TA/TO,TA/TO,0,0,0,A,A,0,Non Refund,20.0,0,Transient,110.0,0,0
City Hotel,1,134,2017,June,23,7,0,2,2,0.0,0,BB,PRT,Offline TA/TO,TA/TO,0,0,0,A,A,0,Non Refund,20.0,0,Transient,110.0,0,0
City Hotel,1,134,2017,June,23,7,0,2,2,0.0,0,BB,PRT,Offline TA/TO,TA/TO,0,0,0,A,A,0,Non Refund,20.0,0,Transient,110.0,0,0
City Hotel,1,134,2017,June,23,7,0,2,2,0.0,0,BB,PRT,Offline TA/TO,TA/TO,0,0,0,A,A,0,Non Refund,20.0,0,Transient,110.0,0,0
City Hotel,1,134,2017,June,23,7,0,2,2,0.0,0,BB,PRT,Offline TA/TO,TA/TO,0,0,0,A,A,0,Non Refund,20.0,0,Transient,110.0,0,0
City Hotel,1,134,2017,June,23,7,0,2,2,0.0,0,BB,PRT,Offline TA/TO,TA/TO,0,0,0,A,A,0,Non Refund,20.0,0,Transient,110.0,0,0
City Hotel,1,134,2017,June,23,7,0,2,2,0.0,0,BB,PRT,Offline TA/TO,TA/TO,0,0,0,A,A,0,Non Refund,20.0,0,Transient,110.0,0,0
City Hotel,1,168,2017,June,23,7,0,2,2,0.0,0,BB,PRT,Offline TA/TO,TA/TO,0,0,0,A,A,0,Non Refund,20.0,34,Transient,110.0,0,0
City Hotel,1,45,2017,June,23,7,0,2,2,0.0,0,BB,ITA,Online TA,TA/TO,0,0,0,A,A,0,No Deposit,9.0,0,Transient,150.0,0,1
City Hotel,1,23,2017,June,23,7,0,2,2,0.0,0,HB,ESP,Offline TA/TO,TA/TO,0,0,0,A,A,0,Non Refund,52.0,0,Transient,166.5,0,0
City Hotel,1,134,2017,June,23,7,0,2,2,0.0,0,BB,PRT,Offline TA/TO,TA/TO,0,0,0,A,A,0,Non Refund,20.0,0,Transient,110.0,0,0
City Hotel,1,134,2017,June,23,7,0,2,2,0.0,0,BB,PRT,Offline TA/TO,TA/TO,0,0,0,A,A,0,Non Refund,20.0,0,Transient,110.0,0,0
City Hotel,1,134,2017,June,23,7,0,2,2,0.0,0,BB,PRT,Offline TA/TO,TA/TO,0,0,0,A,A,0,Non Refund,20.0,0,Transient,110.0,0,0
City Hotel,1,23,2017,June,23,7,0,2,2,0.0,0,HB,ESP,Offline TA/TO,TA/TO,0,0,0,A,A,0,Non Refund,52.0,0,Transient,166.5,0,0
City Hotel,1,134,2017,June,23,7,0,2,2,0.0,0,BB,PRT,Offline TA/TO,TA/TO,0,0,0,A,A,0,Non Refund,20.0,0,Transient,110.0,0,0
City Hotel,1,134,2017,June,23,7,0,2,2,0.0,0,BB,PRT,Offline TA/TO,TA/TO,0,0,0,A,A,0,Non Refund,20.0,0,Transient,110.0,0,0
City Hotel,1,23,2017,June,23,7,0,2,2,0.0,0,HB,ESP,Offline TA/TO,TA/TO,0,0,0,A,A,0,Non Refund,52.0,0,Transient,166.5,0,0
City Hotel,1,134,2017,June,23,7,0,2,2,0.0,0,BB,PRT,Offline TA/TO,TA/TO,0,0,0,A,A,0,Non Refund,20.0,0,Transient,110.0,0,0
City Hotel,1,23,2017,June,23,7,0,2,2,0.0,0,HB,ESP,Offline TA/TO,TA/TO,0,0,0,A,A,0,Non Refund,52.0,0,Transient,166.5,0,0
City Hotel,1,134,2017,June,23,7,0,2,2,0.0,0,BB,PRT,Offline TA/TO,TA/TO,0,0,0,A,A,0,Non Refund,20.0,0,Transient,110.0,0,0
City Hotel,1,23,2017,June,23,7,0,2,2,0.0,0,HB,ESP,Offline TA/TO,TA/TO,0,0,0,A,A,0,Non Refund,52.0,0,Transient,166.5,0,0
City Hotel,1,126,2017,June,23,7,0,2,2,0.0,0,BB,PRT,Offline TA/TO,TA/TO,0,0,0,A,A,0,No Deposit,27.0,0,Transient,89.1,0,1
City Hotel,1,134,2017,June,23,7,0,2,2,0.0,0,BB,PRT,Offline TA/TO,TA/TO,0,0,0,A,A,0,Non Refund,20.0,0,Transient,110.0,0,0
City Hotel,1,23,2017,June,23,7,0,2,2,0.0,0,HB,ESP,Offline TA/TO,TA/TO,0,0,0,A,A,0,Non Refund,52.0,0,Transient,166.5,0,0
City Hotel,1,23,2017,June,23,7,0,2,2,0.0,0,HB,ESP,Offline TA/TO,TA/TO,0,0,0,A,A,0,Non Refund,52.0,0,Transient,166.5,0,0
City Hotel,1,134,2017,June,23,7,0,2,2,0.0,0,BB,PRT,Offline TA/TO,TA/TO,0,0,0,A,A,0,Non Refund,20.0,0,Transient,110.0,0,0
City Hotel,1,134,2017,June,23,7,0,2,2,0.0,0,BB,PRT,Offline TA/TO,TA/TO,0,0,0,A,A,0,Non Refund,20.0,0,Transient,110.0,0,0
City Hotel,1,134,2017,June,23,7,0,2,2,0.0,0,BB,PRT,Offline TA/TO,TA/TO,0,0,0,A,A,0,Non Refund,20.0,0,Transient,110.0,0,0
City Hotel,1,134,2017,June,23,7,0,2,2,0.0,0,BB,PRT,Offline TA/TO,TA/TO,0,0,0,A,A,0,Non Refund,20.0,0,Transient,110.0,0,0
City Hotel,1,31,2017,June,23,7,0,3,2,0.0,0,BB,CN,Online TA,TA/TO,0,0,0,D,D,0,No Deposit,9.0,0,Transient,150.0,0,1
City Hotel,1,39,2017,June,23,7,0,3,2,0.0,0,SC,IND,Online TA,TA/TO,0,0,0,A,A,0,No Deposit,9.0,0,Transient,126.67,0,1
City Hotel,1,95,2017,June,23,7,0,3,2,0.0,0,BB,PRT,Offline TA/TO,TA/TO,0,0,0,A,A,0,No Deposit,27.0,0,Transient,89.1,0,1
City Hotel,1,115,2017,June,23,7,0,3,2,0.0,0,SC,GBR,Online TA,TA/TO,0,0,0,A,A,2,No Deposit,9.0,0,Transient,130.67,0,0
City Hotel,1,38,2017,June,23,7,0,3,2,0.0,0,SC,CHN,Online TA,TA/TO,0,0,0,A,A,0,No Deposit,9.0,0,Transient,131.4,0,0
City Hotel,1,39,2017,June,23,7,0,3,2,0.0,0,SC,IND,Online TA,TA/TO,0,0,0,A,A,0,No Deposit,9.0,0,Transient,126.67,0,0
City Hotel,1,240,2017,June,23,7,0,4,2,0.0,0,BB,GBR,Online TA,TA/TO,0,0,0,A,A,0,No Deposit,9.0,0,Transient,119.03,0,1
City Hotel,1,191,2017,June,23,7,0,4,2,0.0,0,SC,GBR,Online TA,TA/TO,0,0,0,A,A,0,No Deposit,9.0,0,Transient,126.0,0,0
City Hotel,1,231,2017,June,23,7,2,5,2,0.0,0,BB,GBR,Online TA,TA/TO,0,0,0,A,A,0,No Deposit,9.0,0,Transient,123.04,0,1
City Hotel,1,96,2017,June,23,7,2,5,2,0.0,0,HB,FRA,Online TA,TA/TO,0,0,0,A,A,0,No Deposit,9.0,0,Transient,178.2,0,0
City Hotel,1,181,2017,June,23,8,0,2,2,0.0,0,BB,PRT,Groups,TA/TO,0,0,0,A,A,0,Non Refund,58.0,0,Transient,100.0,0,0
City Hotel,1,181,2017,June,23,8,0,2,2,0.0,0,BB,PRT,Groups,TA/TO,0,0,0,A,A,0,Non Refund,58.0,0,Transient,100.0,0,0
City Hotel,1,181,2017,June,23,8,0,2,2,0.0,0,BB,PRT,Groups,TA/TO,0,0,0,A,A,0,Non Refund,58.0,0,Transient,100.0,0,0
City Hotel,1,181,2017,June,23,8,0,2,2,0.0,0,BB,PRT,Groups,TA/TO,0,0,0,A,A,0,Non Refund,58.0,0,Transient,100.0,0,0
City Hotel,1,181,2017,June,23,8,0,2,2,0.0,0,BB,PRT,Groups,TA/TO,0,0,0,A,A,0,Non Refund,58.0,0,Transient,100.0,0,0
City Hotel,1,181,2017,June,23,8,0,2,2,0.0,0,BB,PRT,Groups,TA/TO,0,0,0,A,A,0,Non Refund,58.0,0,Transient,100.0,0,0
City Hotel,1,181,2017,June,23,8,0,2,2,0.0,0,BB,PRT,Groups,TA/TO,0,0,0,A,A,0,Non Refund,58.0,0,Transient,100.0,0,0
City Hotel,1,181,2017,June,23,8,0,2,2,0.0,0,BB,PRT,Groups,TA/TO,0,0,0,A,A,0,Non Refund,58.0,0,Transient,100.0,0,0
City Hotel,1,181,2017,June,23,8,0,2,2,0.0,0,BB,PRT,Groups,TA/TO,0,0,0,A,A,0,Non Refund,58.0,0,Transient,100.0,0,0
City Hotel,1,181,2017,June,23,8,0,2,2,0.0,0,BB,PRT,Groups,TA/TO,0,0,0,A,A,0,Non Refund,58.0,0,Transient,100.0,0,0
City Hotel,1,120,2017,June,23,8,0,2,2,0.0,0,BB,PRT,Offline TA/TO,TA/TO,0,0,0,A,A,0,No Deposit,27.0,0,Transient,89.1,0,0
City Hotel,1,181,2017,June,23,8,0,2,2,0.0,0,BB,PRT,Groups,TA/TO,0,0,0,A,A,0,Non Refund,58.0,0,Transient,100.0,0,0
City Hotel,1,141,2017,June,23,8,0,3,2,0.0,0,SC,GBR,Online TA,TA/TO,0,0,0,A,A,0,No Deposit,9.0,0,Transient,135.33,0,0
City Hotel,1,169,2017,June,23,8,0,3,2,0.0,0,BB,PRT,Offline TA/TO,TA/TO,0,0,0,A,A,0,Non Refund,19.0,0,Transient,170.0,0,0
City Hotel,1,169,2017,June,23,8,0,3,2,0.0,0,BB,PRT,Offline TA/TO,TA/TO,0,0,0,A,A,0,Non Refund,19.0,0,Transient,170.0,0,0
City Hotel,1,169,2017,June,23,8,0,3,2,0.0,0,BB,PRT,Offline TA/TO,TA/TO,0,0,0,A,A,0,Non Refund,19.0,0,Transient,170.0,0,0
City Hotel,1,169,2017,June,23,8,0,3,2,0.0,0,BB,PRT,Offline TA/TO,TA/TO,0,0,0,A,A,0,Non Refund,19.0,0,Transient,170.0,0,0
City Hotel,1,169,2017,June,23,8,0,3,2,0.0,0,BB,PRT,Offline TA/TO,TA/TO,0,0,0,A,A,0,Non Refund,19.0,0,Transient,170.0,0,0
City Hotel,1,169,2017,June,23,8,0,3,2,0.0,0,BB,PRT,Offline TA/TO,TA/TO,0,0,0,A,A,0,Non Refund,19.0,0,Transient,170.0,0,0
City Hotel,1,42,2017,June,23,8,0,3,2,0.0,0,SC,ESP,Online TA,TA/TO,0,0,0,A,A,0,No Deposit,9.0,0,Transient,140.0,0,2
City Hotel,1,181,2017,June,23,8,0,2,2,0.0,0,BB,PRT,Groups,TA/TO,0,0,0,A,A,0,Non Refund,58.0,0,Transient,100.0,0,0
City Hotel,1,181,2017,June,23,8,0,2,2,0.0,0,BB,PRT,Groups,TA/TO,0,0,0,A,A,0,Non Refund,58.0,0,Transient,100.0,0,0
City Hotel,1,192,2017,June,23,8,0,2,2,0.0,0,BB,PRT,Groups,TA/TO,0,0,0,A,A,0,Non Refund,58.0,11,Transient,100.0,0,0
City Hotel,1,181,2017,June,23,8,0,2,2,0.0,0,BB,PRT,Groups,TA/TO,0,0,0,A,A,0,Non Refund,58.0,0,Transient,100.0,0,0
City Hotel,1,181,2017,June,23,8,0,2,2,0.0,0,BB,PRT,Groups,TA/TO,0,0,0,A,A,0,Non Refund,58.0,0,Transient,100.0,0,0
City Hotel,1,181,2017,June,23,8,0,2,2,0.0,0,BB,PRT,Groups,TA/TO,0,0,0,A,A,0,Non Refund,58.0,0,Transient,100.0,0,0
City Hotel,1,181,2017,June,23,8,0,2,2,0.0,0,BB,PRT,Groups,TA/TO,0,0,0,A,A,0,Non Refund,58.0,0,Transient,100.0,0,0
City Hotel,1,181,2017,June,23,8,0,2,2,0.0,0,BB,PRT,Groups,TA/TO,0,0,0,A,A,0,Non Refund,58.0,0,Transient,100.0,0,0
City Hotel,1,181,2017,June,23,8,0,2,2,0.0,0,BB,PRT,Groups,TA/TO,0,0,0,A,A,0,Non Refund,58.0,0,Transient,100.0,0,0
City Hotel,1,169,2017,June,23,8,0,3,2,0.0,0,BB,PRT,Offline TA/TO,TA/TO,0,0,0,A,A,0,Non Refund,19.0,0,Transient,170.0,0,0
City Hotel,1,169,2017,June,23,8,0,3,2,0.0,0,BB,PRT,Offline TA/TO,TA/TO,0,0,0,A,A,0,Non Refund,19.0,0,Transient,170.0,0,0
City Hotel,1,169,2017,June,23,8,0,3,2,0.0,0,BB,PRT,Offline TA/TO,TA/TO,0,0,0,A,A,0,Non Refund,19.0,0,Transient,170.0,0,0
City Hotel,1,169,2017,June,23,8,0,3,2,0.0,0,BB,PRT,Offline TA/TO,TA/TO,0,0,0,A,A,0,Non Refund,19.0,0,Transient,170.0,0,0
City Hotel,1,169,2017,June,23,8,0,3,2,0.0,0,BB,PRT,Offline TA/TO,TA/TO,0,0,0,A,A,0,Non Refund,19.0,0,Transient,170.0,0,0
City Hotel,1,169,2017,June,23,8,0,3,2,0.0,0,BB,PRT,Offline TA/TO,TA/TO,0,0,0,A,A,0,Non Refund,19.0,0,Transient,170.0,0,0
City Hotel,1,169,2017,June,23,8,0,3,2,0.0,0,BB,PRT,Offline TA/TO,TA/TO,0,0,0,A,A,0,Non Refund,19.0,0,Transient,170.0,0,0
City Hotel,1,218,2017,June,23,8,0,3,2,0.0,0,SC,GBR,Online TA,TA/TO,0,0,0,A,A,0,No Deposit,9.0,0,Transient,99.0,0,0
City Hotel,1,218,2017,June,23,8,0,3,2,0.0,0,SC,GBR,Online TA,TA/TO,0,0,0,A,A,0,No Deposit,9.0,0,Transient,99.0,0,0
City Hotel,1,218,2017,June,23,8,0,3,2,0.0,0,SC,GBR,Online TA,TA/TO,0,0,0,A,A,0,No Deposit,9.0,0,Transient,99.0,0,0
City Hotel,1,169,2017,June,23,8,0,3,2,0.0,0,BB,PRT,Offline TA/TO,TA/TO,0,0,0,A,A,0,Non Refund,19.0,0,Transient,170.0,0,0
City Hotel,1,169,2017,June,23,8,0,3,2,0.0,0,BB,PRT,Offline TA/TO,TA/TO,0,0,0,A,A,0,Non Refund,19.0,0,Transient,170.0,0,0
City Hotel,1,169,2017,June,23,8,0,3,2,0.0,0,BB,PRT,Offline TA/TO,TA/TO,0,0,0,A,A,0,Non Refund,19.0,0,Transient,170.0,0,0
City Hotel,1,169,2017,June,23,8,0,3,2,0.0,0,BB,PRT,Offline TA/TO,TA/TO,0,0,0,A,A,0,Non Refund,19.0,0,Transient,170.0,0,0
City Hotel,1,169,2017,June,23,8,0,3,2,0.0,0,BB,PRT,Offline TA/TO,TA/TO,0,0,0,A,A,0,Non Refund,19.0,0,Transient,170.0,0,0
City Hotel,1,169,2017,June,23,8,0,3,2,0.0,0,BB,PRT,Offline TA/TO,TA/TO,0,0,0,A,A,0,Non Refund,19.0,0,Transient,170.0,0,0
City Hotel,1,169,2017,June,23,8,0,3,2,0.0,0,BB,PRT,Offline TA/TO,TA/TO,0,0,0,A,A,0,Non Refund,19.0,0,Transient,170.0,0,0
City Hotel,1,169,2017,June,23,8,0,3,2,0.0,0,BB,PRT,Offline TA/TO,TA/TO,0,0,0,A,A,0,Non Refund,19.0,0,Transient,170.0,0,0
City Hotel,1,169,2017,June,23,8,0,3,2,0.0,0,BB,PRT,Offline TA/TO,TA/TO,0,0,0,A,A,0,Non Refund,19.0,0,Transient,170.0,0,0
City Hotel,1,169,2017,June,23,8,0,3,2,0.0,0,BB,PRT,Offline TA/TO,TA/TO,0,0,0,A,A,0,Non Refund,19.0,0,Transient,170.0,0,0
City Hotel,1,169,2017,June,23,8,0,3,2,0.0,0,BB,PRT,Offline TA/TO,TA/TO,0,0,0,A,A,0,Non Refund,19.0,0,Transient,170.0,0,0
City Hotel,1,169,2017,June,23,8,0,3,2,0.0,0,BB,PRT,Offline TA/TO,TA/TO,0,0,0,A,A,0,Non Refund,19.0,0,Transient,170.0,0,0
City Hotel,1,169,2017,June,23,8,0,3,2,0.0,0,BB,PRT,Offline TA/TO,TA/TO,0,0,0,A,A,0,Non Refund,19.0,0,Transient,170.0,0,0
City Hotel,1,169,2017,June,23,8,0,3,2,0.0,0,BB,PRT,Offline TA/TO,TA/TO,0,0,0,A,A,0,Non Refund,19.0,0,Transient,170.0,0,0
City Hotel,1,169,2017,June,23,8,0,3,2,0.0,0,BB,PRT,Offline TA/TO,TA/TO,0,0,0,A,A,0,Non Refund,19.0,0,Transient,170.0,0,0
City Hotel,1,324,2017,June,23,8,0,3,2,0.0,0,SC,DEU,Online TA,TA/TO,0,0,0,A,A,0,No Deposit,9.0,0,Transient,99.0,0,0
City Hotel,1,169,2017,June,23,8,0,3,2,0.0,0,BB,PRT,Offline TA/TO,TA/TO,0,0,0,A,A,0,Non Refund,19.0,0,Transient,170.0,0,0
City Hotel,1,169,2017,June,23,8,0,3,2,0.0,0,BB,PRT,Offline TA/TO,TA/TO,0,0,0,A,A,0,Non Refund,19.0,0,Transient,170.0,0,0
City Hotel,1,169,2017,June,23,8,0,3,2,0.0,0,BB,PRT,Offline TA/TO,TA/TO,0,0,0,A,A,0,Non Refund,19.0,0,Transient,170.0,0,0
City Hotel,1,169,2017,June,23,8,0,3,2,0.0,0,BB,PRT,Offline TA/TO,TA/TO,0,0,0,A,A,0,Non Refund,19.0,0,Transient,170.0,0,0
City Hotel,1,122,2017,June,23,8,0,3,2,0.0,0,BB,FRA,Online TA,TA/TO,0,0,0,A,A,0,No Deposit,9.0,0,Transient,154.67,0,0
City Hotel,1,94,2017,June,23,8,0,3,2,0.0,0,BB,ESP,Online TA,TA/TO,0,0,0,D,D,0,No Deposit,9.0,0,Transient,153.0,0,0
City Hotel,1,169,2017,June,23,8,0,3,2,0.0,0,BB,PRT,Offline TA/TO,TA/TO,0,0,0,A,A,0,Non Refund,19.0,0,Transient,170.0,0,0
City Hotel,1,148,2017,June,23,8,0,3,2,0.0,0,BB,IRL,Online TA,TA/TO,0,0,0,E,E,0,No Deposit,9.0,0,Transient,180.0,0,0
City Hotel,1,218,2017,June,23,8,0,3,2,0.0,0,SC,GBR,Online TA,TA/TO,0,0,0,A,A,0,No Deposit,9.0,0,Transient,99.0,0,0
City Hotel,1,218,2017,June,23,8,0,3,2,0.0,0,SC,GBR,Online TA,TA/TO,0,0,0,A,A,0,No Deposit,9.0,0,Transient,99.0,0,0
City Hotel,1,169,2017,June,23,8,0,3,2,0.0,0,BB,PRT,Offline TA/TO,TA/TO,0,0,0,A,A,0,Non Refund,19.0,0,Transient,170.0,0,0
City Hotel,1,169,2017,June,23,8,0,3,2,0.0,0,BB,PRT,Offline TA/TO,TA/TO,0,0,0,A,A,0,Non Refund,19.0,0,Transient,170.0,0,0
City Hotel,1,169,2017,June,23,8,0,3,2,0.0,0,BB,PRT,Offline TA/TO,TA/TO,0,0,0,A,A,0,Non Refund,19.0,0,Transient,170.0,0,0
City Hotel,1,169,2017,June,23,8,0,3,2,0.0,0,BB,PRT,Offline TA/TO,TA/TO,0,0,0,A,A,0,Non Refund,19.0,0,Transient,170.0,0,0
City Hotel,1,169,2017,June,23,8,0,3,2,0.0,0,BB,PRT,Offline TA/TO,TA/TO,0,0,0,A,A,0,Non Refund,19.0,0,Transient,170.0,0,0
City Hotel,1,169,2017,June,23,8,0,3,2,0.0,0,BB,PRT,Offline TA/TO,TA/TO,0,0,0,A,A,0,Non Refund,19.0,0,Transient,170.0,0,0
City Hotel,1,169,2017,June,23,8,0,3,2,0.0,0,BB,PRT,Offline TA/TO,TA/TO,0,0,0,A,A,0,Non Refund,19.0,0,Transient,170.0,0,0
City Hotel,1,158,2017,June,23,8,0,3,2,0.0,0,BB,ITA,Online TA,TA/TO,0,0,0,D,D,0,No Deposit,9.0,0,Transient,157.5,0,1
City Hotel,1,169,2017,June,23,8,0,3,2,0.0,0,BB,PRT,Offline TA/TO,TA/TO,0,0,0,A,A,0,Non Refund,19.0,0,Transient,170.0,0,0
City Hotel,1,169,2017,June,23,8,0,3,2,0.0,0,BB,PRT,Offline TA/TO,TA/TO,0,0,0,A,A,0,Non Refund,19.0,0,Transient,170.0,0,0
City Hotel,1,169,2017,June,23,8,0,3,2,0.0,0,BB,PRT,Offline TA/TO,TA/TO,0,0,0,A,A,0,Non Refund,19.0,0,Transient,170.0,0,0
City Hotel,1,169,2017,June,23,8,0,3,2,0.0,0,BB,PRT,Offline TA/TO,TA/TO,0,0,0,A,A,0,Non Refund,19.0,0,Transient,170.0,0,0
City Hotel,1,169,2017,June,23,8,0,3,2,0.0,0,BB,PRT,Offline TA/TO,TA/TO,0,0,0,A,A,0,Non Refund,19.0,0,Transient,170.0,0,0
City Hotel,1,169,2017,June,23,8,0,3,2,0.0,0,BB,PRT,Offline TA/TO,TA/TO,0,0,0,A,A,0,Non Refund,19.0,0,Transient,170.0,0,0
City Hotel,1,148,2017,June,23,8,0,3,2,0.0,0,BB,IRL,Online TA,TA/TO,0,0,0,E,E,0,No Deposit,9.0,0,Transient,180.0,0,0
City Hotel,1,192,2017,June,23,8,0,3,2,0.0,0,BB,PRT,Offline TA/TO,TA/TO,0,0,0,A,A,0,Non Refund,19.0,23,Transient,170.0,0,0
City Hotel,1,41,2017,June,23,8,0,3,2,0.0,0,BB,FRA,Online TA,TA/TO,0,0,0,A,A,0,No Deposit,9.0,0,Transient,140.0,0,1
City Hotel,1,130,2017,June,23,8,0,3,2,0.0,0,BB,GBR,Online TA,TA/TO,0,0,0,A,A,0,No Deposit,9.0,0,Transient,149.33,0,0
City Hotel,1,169,2017,June,23,8,0,3,2,0.0,0,BB,PRT,Offline TA/TO,TA/TO,0,0,0,A,A,0,Non Refund,19.0,0,Transient,170.0,0,0
City Hotel,1,169,2017,June,23,8,0,3,2,0.0,0,BB,PRT,Offline TA/TO,TA/TO,0,0,0,A,A,0,Non Refund,19.0,0,Transient,170.0,0,0
City Hotel,1,169,2017,June,23,8,0,3,2,0.0,0,BB,PRT,Offline TA/TO,TA/TO,0,0,0,A,A,0,Non Refund,19.0,0,Transient,170.0,0,0
City Hotel,1,169,2017,June,23,8,0,3,2,0.0,0,BB,PRT,Offline TA/TO,TA/TO,0,0,0,A,A,0,Non Refund,19.0,0,Transient,170.0,0,0
City Hotel,1,169,2017,June,23,8,0,3,2,0.0,0,BB,PRT,Offline TA/TO,TA/TO,0,0,0,A,A,0,Non Refund,19.0,0,Transient,170.0,0,0
City Hotel,1,169,2017,June,23,8,0,3,2,0.0,0,BB,PRT,Offline TA/TO,TA/TO,0,0,0,A,A,0,Non Refund,19.0,0,Transient,170.0,0,0
City Hotel,1,148,2017,June,23,8,0,3,2,0.0,0,BB,IRL,Online TA,TA/TO,0,0,0,E,E,0,No Deposit,9.0,0,Transient,180.0,0,0
City Hotel,1,218,2017,June,23,8,0,3,2,0.0,0,SC,GBR,Online TA,TA/TO,0,0,0,A,A,0,No Deposit,9.0,0,Transient,99.0,0,0
City Hotel,1,218,2017,June,23,8,0,3,2,0.0,0,SC,GBR,Online TA,TA/TO,0,0,0,A,A,0,No Deposit,9.0,0,Transient,99.0,0,0
City Hotel,1,41,2017,June,23,8,0,3,2,0.0,0,SC,RUS,Online TA,TA/TO,0,0,0,A,A,0,No Deposit,9.0,0,Transient,126.67,0,1
City Hotel,1,169,2017,June,23,8,0,3,2,0.0,0,BB,PRT,Offline TA/TO,TA/TO,0,0,0,A,A,0,Non Refund,19.0,0,Transient,170.0,0,0
City Hotel,1,169,2017,June,23,8,0,3,2,0.0,0,BB,PRT,Offline TA/TO,TA/TO,0,0,0,A,A,0,Non Refund,19.0,0,Transient,170.0,0,0
City Hotel,1,169,2017,June,23,8,0,3,2,0.0,0,BB,PRT,Offline TA/TO,TA/TO,0,0,0,A,A,0,Non Refund,19.0,0,Transient,170.0,0,0
City Hotel,1,169,2017,June,23,8,0,3,2,0.0,0,BB,PRT,Offline TA/TO,TA/TO,0,0,0,A,A,0,Non Refund,19.0,0,Transient,170.0,0,0
City Hotel,1,169,2017,June,23,8,0,3,2,0.0,0,BB,PRT,Offline TA/TO,TA/TO,0,0,0,A,A,0,Non Refund,19.0,0,Transient,170.0,0,0
City Hotel,1,169,2017,June,23,8,0,3,2,0.0,0,BB,PRT,Offline TA/TO,TA/TO,0,0,0,A,A,0,Non Refund,19.0,0,Transient,170.0,0,0
City Hotel,1,141,2017,June,23,8,0,3,2,0.0,0,SC,GBR,Online TA,TA/TO,0,0,0,A,A,0,No Deposit,9.0,0,Transient,135.33,0,0
City Hotel,1,130,2017,June,23,8,0,3,2,0.0,0,BB,GBR,Online TA,TA/TO,0,0,0,A,A,0,No Deposit,9.0,0,Transient,149.33,0,0
City Hotel,1,169,2017,June,23,8,0,3,2,0.0,0,BB,PRT,Offline TA/TO,TA/TO,0,0,0,A,A,0,Non Refund,19.0,0,Transient,170.0,0,0
City Hotel,1,29,2017,June,23,8,0,3,2,0.0,0,HB,BEL,Online TA,TA/TO,0,0,0,D,D,0,No Deposit,9.0,0,Transient,214.67,0,1
City Hotel,1,110,2017,June,23,8,0,3,2,0.0,0,BB,IRL,Online TA,TA/TO,0,0,0,D,D,0,No Deposit,9.0,0,Transient,153.0,0,0
City Hotel,1,169,2017,June,23,8,0,3,2,0.0,0,BB,PRT,Offline TA/TO,TA/TO,0,0,0,A,A,0,Non Refund,19.0,0,Transient,170.0,0,0
City Hotel,1,169,2017,June,23,8,0,3,2,0.0,0,BB,PRT,Offline TA/TO,TA/TO,0,0,0,A,A,0,Non Refund,19.0,0,Transient,170.0,0,0
City Hotel,1,169,2017,June,23,8,0,3,2,0.0,0,BB,PRT,Offline TA/TO,TA/TO,0,0,0,A,A,0,Non Refund,19.0,0,Transient,170.0,0,0
City Hotel,1,169,2017,June,23,8,0,3,2,0.0,0,BB,PRT,Offline TA/TO,TA/TO,0,0,0,A,A,0,Non Refund,19.0,0,Transient,170.0,0,0
City Hotel,1,169,2017,June,23,8,0,3,2,0.0,0,BB,PRT,Offline TA/TO,TA/TO,0,0,0,A,A,0,Non Refund,19.0,0,Transient,170.0,0,0
City Hotel,1,169,2017,June,23,8,0,3,2,0.0,0,BB,PRT,Offline TA/TO,TA/TO,0,0,0,A,A,0,Non Refund,19.0,0,Transient,170.0,0,0
City Hotel,1,148,2017,June,23,8,0,3,2,0.0,0,BB,IRL,Online TA,TA/TO,0,0,0,E,E,0,No Deposit,9.0,0,Transient,180.0,0,0
City Hotel,1,94,2017,June,23,8,0,3,2,0.0,0,BB,ESP,Online TA,TA/TO,0,0,0,D,D,0,No Deposit,9.0,0,Transient,153.0,0,0
City Hotel,1,141,2017,June,23,8,0,3,2,0.0,0,SC,GBR,Online TA,TA/TO,0,0,0,A,A,0,No Deposit,9.0,0,Transient,135.33,0,0
City Hotel,1,169,2017,June,23,8,0,3,2,0.0,0,BB,PRT,Offline TA/TO,TA/TO,0,0,0,A,A,0,Non Refund,19.0,0,Transient,170.0,0,0
City Hotel,1,169,2017,June,23,8,0,3,2,0.0,0,BB,PRT,Offline TA/TO,TA/TO,0,0,0,A,A,0,Non Refund,19.0,0,Transient,170.0,0,0
City Hotel,1,169,2017,June,23,8,0,3,2,0.0,0,BB,PRT,Offline TA/TO,TA/TO,0,0,0,A,A,0,Non Refund,19.0,0,Transient,170.0,0,0
City Hotel,1,169,2017,June,23,8,0,3,2,0.0,0,BB,PRT,Offline TA/TO,TA/TO,0,0,0,A,A,0,Non Refund,19.0,0,Transient,170.0,0,0
City Hotel,1,169,2017,June,23,8,0,3,2,0.0,0,BB,PRT,Offline TA/TO,TA/TO,0,0,0,A,A,0,Non Refund,19.0,0,Transient,170.0,0,0
City Hotel,1,169,2017,June,23,8,0,3,2,0.0,0,BB,PRT,Offline TA/TO,TA/TO,0,0,0,A,A,0,Non Refund,19.0,0,Transient,170.0,0,0
City Hotel,1,169,2017,June,23,8,0,3,2,0.0,0,BB,PRT,Offline TA/TO,TA/TO,0,0,0,A,A,0,Non Refund,19.0,0,Transient,170.0,0,0
City Hotel,1,169,2017,June,23,8,0,3,2,0.0,0,BB,PRT,Offline TA/TO,TA/TO,0,0,0,A,A,0,Non Refund,19.0,0,Transient,170.0,0,0
City Hotel,1,169,2017,June,23,8,0,3,2,0.0,0,BB,PRT,Offline TA/TO,TA/TO,0,0,0,A,A,0,Non Refund,19.0,0,Transient,170.0,0,0
City Hotel,1,169,2017,June,23,8,0,3,2,0.0,0,BB,PRT,Offline TA/TO,TA/TO,0,0,0,A,A,0,Non Refund,19.0,0,Transient,170.0,0,0
City Hotel,1,169,2017,June,23,8,0,3,2,0.0,0,BB,PRT,Offline TA/TO,TA/TO,0,0,0,A,A,0,Non Refund,19.0,0,Transient,170.0,0,0
City Hotel,1,169,2017,June,23,8,0,3,2,0.0,0,BB,PRT,Offline TA/TO,TA/TO,0,0,0,A,A,0,Non Refund,19.0,0,Transient,170.0,0,0
City Hotel,1,169,2017,June,23,8,0,3,2,0.0,0,BB,PRT,Offline TA/TO,TA/TO,0,0,0,A,A,0,Non Refund,19.0,0,Transient,170.0,0,0
City Hotel,1,169,2017,June,23,8,0,3,2,0.0,0,BB,PRT,Offline TA/TO,TA/TO,0,0,0,A,A,0,Non Refund,19.0,0,Transient,170.0,0,0
City Hotel,1,218,2017,June,23,8,0,3,2,0.0,0,SC,GBR,Online TA,TA/TO,0,0,0,A,A,0,No Deposit,9.0,0,Transient,99.0,0,0
City Hotel,1,110,2017,June,23,8,0,3,2,0.0,0,BB,IRL,Online TA,TA/TO,0,0,0,D,D,0,No Deposit,9.0,0,Transient,153.0,0,0
City Hotel,1,31,2017,June,23,8,0,3,2,0.0,0,SC,USA,Online TA,TA/TO,0,0,0,A,A,0,No Deposit,9.0,0,Transient,146.67,0,1
City Hotel,1,218,2017,June,23,8,0,3,2,0.0,0,SC,GBR,Online TA,TA/TO,0,0,0,A,A,0,No Deposit,9.0,0,Transient,99.0,0,0
City Hotel,1,141,2017,June,23,8,0,3,2,0.0,0,SC,GBR,Online TA,TA/TO,0,0,0,A,A,0,No Deposit,9.0,0,Transient,135.33,0,0
City Hotel,1,34,2017,June,23,8,0,3,2,0.0,0,BB,PRT,Offline TA/TO,TA/TO,0,0,0,A,A,0,No Deposit,42.0,0,Transient,117.33,0,0
City Hotel,1,332,2017,June,23,8,1,3,2,0.0,0,BB,FRA,Online TA,TA/TO,0,0,0,A,A,0,No Deposit,9.0,0,Transient,109.8,0,2
City Hotel,1,37,2017,June,23,8,1,3,2,0.0,0,SC,GBR,Online TA,TA/TO,0,0,0,A,A,0,No Deposit,9.0,0,Transient,125.0,0,0
City Hotel,1,44,2017,June,23,8,1,3,2,0.0,0,SC,DEU,Online TA,TA/TO,0,0,0,A,A,0,No Deposit,9.0,0,Transient,135.0,0,1
City Hotel,1,96,2017,June,23,8,1,3,2,0.0,0,SC,FRA,Online TA,TA/TO,0,0,0,A,A,0,No Deposit,9.0,0,Transient,133.0,0,0
City Hotel,1,130,2017,June,23,8,2,7,2,0.0,0,BB,POL,Direct,Direct,0,0,0,A,A,0,No Deposit,14.0,0,Transient,123.0,0,0
City Hotel,1,178,2017,June,23,9,0,2,2,0.0,0,BB,PRT,Groups,TA/TO,0,0,0,A,A,0,Non Refund,86.0,0,Transient,130.0,0,0
City Hotel,1,178,2017,June,23,9,0,2,2,0.0,0,BB,PRT,Groups,TA/TO,0,0,0,A,A,0,Non Refund,86.0,0,Transient,130.0,0,0
City Hotel,1,112,2017,June,23,9,0,2,2,0.0,0,BB,FRA,Online TA,TA/TO,0,0,0,D,D,0,No Deposit,9.0,0,Transient,153.0,0,0
City Hotel,1,72,2017,June,23,9,0,1,2,0.0,0,SC,PRT,Online TA,TA/TO,0,0,0,A,A,0,No Deposit,9.0,0,Transient,140.0,0,0
City Hotel,1,178,2017,June,23,9,0,2,2,0.0,0,BB,PRT,Groups,TA/TO,0,0,0,A,A,0,Non Refund,86.0,0,Transient,130.0,0,0
City Hotel,1,175,2017,June,23,9,0,2,2,0.0,0,BB,PRT,Offline TA/TO,TA/TO,0,0,0,A,A,0,No Deposit,3.0,0,Transient-Party,99.0,0,0
City Hotel,1,38,2017,June,23,9,0,2,2,0.0,0,SC,FRA,Online TA,TA/TO,0,0,0,A,A,0,No Deposit,9.0,0,Transient,140.0,0,2
City Hotel,1,178,2017,June,23,9,0,2,2,0.0,0,BB,PRT,Groups,TA/TO,0,0,0,A,A,0,Non Refund,86.0,0,Transient,130.0,0,0
City Hotel,1,128,2017,June,23,9,0,2,2,0.0,0,SC,CHE,Online TA,TA/TO,0,0,0,A,A,0,No Deposit,9.0,0,Transient,140.0,0,0
City Hotel,1,178,2017,June,23,9,0,2,2,0.0,0,BB,PRT,Groups,TA/TO,0,0,0,A,A,0,Non Refund,86.0,0,Transient,130.0,0,0
City Hotel,1,178,2017,June,23,9,0,2,2,0.0,0,BB,PRT,Groups,TA/TO,0,0,0,A,A,0,Non Refund,86.0,0,Transient,130.0,0,0
City Hotel,1,178,2017,June,23,9,0,2,2,0.0,0,BB,PRT,Groups,TA/TO,0,0,0,A,A,0,Non Refund,86.0,0,Transient,130.0,0,0
City Hotel,1,42,2017,June,23,9,0,2,2,0.0,0,SC,GBR,Online TA,TA/TO,0,0,0,A,A,0,No Deposit,9.0,0,Transient,120.0,0,1
City Hotel,1,206,2017,June,23,9,0,2,2,0.0,0,BB,PRT,Groups,TA/TO,0,0,0,A,A,0,Non Refund,86.0,28,Transient,130.0,0,0
City Hotel,1,178,2017,June,23,9,0,2,2,0.0,0,BB,PRT,Groups,TA/TO,0,0,0,A,A,0,Non Refund,86.0,0,Transient,130.0,0,0
City Hotel,1,178,2017,June,23,9,0,2,2,0.0,0,BB,PRT,Groups,TA/TO,0,0,0,A,A,0,Non Refund,86.0,0,Transient,130.0,0,0
City Hotel,1,178,2017,June,23,9,0,2,2,0.0,0,BB,PRT,Groups,TA/TO,0,0,0,A,A,0,Non Refund,86.0,0,Transient,130.0,0,0
City Hotel,1,178,2017,June,23,9,0,2,2,0.0,0,BB,PRT,Groups,TA/TO,0,0,0,A,A,0,Non Refund,86.0,0,Transient,130.0,0,0
City Hotel,1,31,2017,June,23,9,0,2,2,0.0,0,SC,FRA,Online TA,TA/TO,0,0,0,A,A,0,No Deposit,9.0,0,Transient,150.0,0,0
City Hotel,1,178,2017,June,23,9,0,2,2,0.0,0,BB,PRT,Groups,TA/TO,0,0,0,A,A,0,Non Refund,86.0,0,Transient,130.0,0,0
City Hotel,1,87,2017,June,23,9,0,2,2,0.0,0,BB,FRA,Online TA,TA/TO,0,0,0,A,A,0,No Deposit,9.0,0,Transient,152.0,0,0
City Hotel,1,178,2017,June,23,9,0,2,2,0.0,0,BB,PRT,Groups,TA/TO,0,0,0,A,A,0,Non Refund,86.0,0,Transient,130.0,0,0
City Hotel,1,178,2017,June,23,9,0,2,2,0.0,0,BB,PRT,Groups,TA/TO,0,0,0,A,A,0,Non Refund,86.0,0,Transient,130.0,0,0
City Hotel,1,178,2017,June,23,9,0,2,2,0.0,0,BB,PRT,Groups,TA/TO,0,0,0,A,A,0,Non Refund,86.0,0,Transient,130.0,0,0
City Hotel,1,178,2017,June,23,9,0,2,2,0.0,0,BB,PRT,Groups,TA/TO,0,0,0,A,A,0,Non Refund,86.0,0,Transient,130.0,0,0
City Hotel,1,178,2017,June,23,9,0,2,2,0.0,0,BB,PRT,Groups,TA/TO,0,0,0,A,A,0,Non Refund,86.0,0,Transient,130.0,0,0
City Hotel,1,219,2017,June,23,9,1,2,2,0.0,0,BB,PRT,Offline TA/TO,TA/TO,0,0,0,A,A,0,Non Refund,20.0,0,Transient,105.0,0,0
City Hotel,1,219,2017,June,23,9,1,2,2,0.0,0,BB,PRT,Offline TA/TO,TA/TO,0,0,0,A,A,0,Non Refund,20.0,0,Transient,105.0,0,0
City Hotel,1,142,2017,June,23,9,1,2,2,0.0,0,SC,GBR,Online TA,TA/TO,0,0,0,A,A,0,No Deposit,9.0,0,Transient,135.33,0,0
City Hotel,1,219,2017,June,23,9,1,2,2,0.0,0,BB,PRT,Offline TA/TO,TA/TO,0,0,0,A,A,0,Non Refund,20.0,0,Transient,105.0,0,0
City Hotel,1,66,2017,June,23,9,1,2,2,0.0,0,SC,IRL,Online TA,TA/TO,0,0,0,A,A,0,No Deposit,9.0,0,Transient,140.0,0,1
City Hotel,1,219,2017,June,23,9,1,2,2,0.0,0,BB,PRT,Offline TA/TO,TA/TO,0,0,0,A,A,0,Non Refund,20.0,0,Transient,105.0,0,0
City Hotel,1,219,2017,June,23,9,1,2,2,0.0,0,BB,PRT,Offline TA/TO,TA/TO,0,0,0,A,A,0,Non Refund,20.0,0,Transient,105.0,0,0
City Hotel,1,219,2017,June,23,9,1,2,2,0.0,0,BB,PRT,Offline TA/TO,TA/TO,0,0,0,A,A,0,Non Refund,20.0,0,Transient,105.0,0,0
City Hotel,1,219,2017,June,23,9,1,2,2,0.0,0,BB,PRT,Offline TA/TO,TA/TO,0,0,0,A,A,0,Non Refund,20.0,0,Transient,105.0,0,0
City Hotel,1,219,2017,June,23,9,1,2,2,0.0,0,BB,PRT,Offline TA/TO,TA/TO,0,0,0,A,A,0,Non Refund,20.0,0,Transient,105.0,0,0
City Hotel,1,219,2017,June,23,9,1,2,2,0.0,0,BB,PRT,Offline TA/TO,TA/TO,0,0,0,A,A,0,Non Refund,20.0,0,Transient,105.0,0,0
City Hotel,1,142,2017,June,23,9,1,2,2,0.0,0,SC,GBR,Online TA,TA/TO,0,0,0,A,A,0,No Deposit,9.0,0,Transient,135.33,0,0
City Hotel,1,219,2017,June,23,9,1,2,2,0.0,0,BB,PRT,Offline TA/TO,TA/TO,0,0,0,A,A,0,Non Refund,20.0,0,Transient,105.0,0,0
City Hotel,1,142,2017,June,23,9,1,2,2,0.0,0,SC,GBR,Online TA,TA/TO,0,0,0,A,A,0,No Deposit,9.0,0,Transient,135.33,0,0
City Hotel,1,219,2017,June,23,9,1,2,2,0.0,0,BB,PRT,Offline TA/TO,TA/TO,0,0,0,A,A,0,Non Refund,20.0,0,Transient,105.0,0,0
City Hotel,1,219,2017,June,23,9,1,2,2,0.0,0,BB,PRT,Offline TA/TO,TA/TO,0,0,0,A,A,0,Non Refund,20.0,0,Transient,105.0,0,0
City Hotel,1,219,2017,June,23,9,1,2,2,0.0,0,BB,PRT,Offline TA/TO,TA/TO,0,0,0,A,A,0,Non Refund,20.0,0,Transient,105.0,0,0
City Hotel,1,219,2017,June,23,9,1,2,2,0.0,0,BB,PRT,Offline TA/TO,TA/TO,0,0,0,A,A,0,Non Refund,20.0,0,Transient,105.0,0,0
City Hotel,1,142,2017,June,23,9,1,2,2,0.0,0,SC,GBR,Online TA,TA/TO,0,0,0,A,A,0,No Deposit,9.0,0,Transient,135.33,0,0
City Hotel,1,219,2017,June,23,9,1,2,2,0.0,0,BB,PRT,Offline TA/TO,TA/TO,0,0,0,A,A,0,Non Refund,20.0,0,Transient,105.0,0,0
City Hotel,1,219,2017,June,23,9,1,2,2,0.0,0,BB,PRT,Offline TA/TO,TA/TO,0,0,0,A,A,0,Non Refund,20.0,0,Transient,105.0,0,0
City Hotel,1,219,2017,June,23,9,1,2,2,0.0,0,BB,PRT,Offline TA/TO,TA/TO,0,0,0,A,A,0,Non Refund,20.0,0,Transient,105.0,0,0
City Hotel,1,219,2017,June,23,9,1,2,2,0.0,0,BB,PRT,Offline TA/TO,TA/TO,0,0,0,A,A,0,Non Refund,20.0,0,Transient,105.0,0,0
City Hotel,1,219,2017,June,23,9,1,2,2,0.0,0,BB,PRT,Offline TA/TO,TA/TO,0,0,0,A,A,0,Non Refund,20.0,0,Transient,105.0,0,0
City Hotel,1,219,2017,June,23,9,1,2,2,0.0,0,BB,PRT,Offline TA/TO,TA/TO,0,0,0,A,A,0,Non Refund,20.0,0,Transient,105.0,0,0
City Hotel,1,219,2017,June,23,9,1,2,2,0.0,0,BB,PRT,Offline TA/TO,TA/TO,0,0,0,A,A,0,Non Refund,20.0,0,Transient,105.0,0,0
City Hotel,1,157,2017,June,23,9,1,2,2,0.0,0,BB,NLD,Online TA,TA/TO,0,0,0,D,D,0,No Deposit,9.0,0,Transient,193.5,0,0
City Hotel,1,219,2017,June,23,9,1,2,2,0.0,0,BB,PRT,Offline TA/TO,TA/TO,0,0,0,A,A,0,Non Refund,20.0,0,Transient,105.0,0,0
City Hotel,1,219,2017,June,23,9,1,2,2,0.0,0,BB,PRT,Offline TA/TO,TA/TO,0,0,0,A,A,0,Non Refund,20.0,0,Transient,105.0,0,0
City Hotel,1,219,2017,June,23,9,1,2,2,0.0,0,BB,PRT,Offline TA/TO,TA/TO,0,0,0,A,A,0,Non Refund,20.0,0,Transient,105.0,0,0
City Hotel,1,219,2017,June,23,9,1,2,2,0.0,0,BB,PRT,Offline TA/TO,TA/TO,0,0,0,A,A,0,Non Refund,20.0,0,Transient,105.0,0,0
City Hotel,1,219,2017,June,23,9,1,2,2,0.0,0,BB,PRT,Offline TA/TO,TA/TO,0,0,0,A,A,0,Non Refund,20.0,0,Transient,105.0,0,0
City Hotel,1,219,2017,June,23,9,1,2,2,0.0,0,BB,PRT,Offline TA/TO,TA/TO,0,0,0,A,A,0,Non Refund,20.0,0,Transient,105.0,0,0
City Hotel,1,38,2017,June,23,9,1,2,2,0.0,0,SC,ITA,Online TA,TA/TO,0,0,0,A,A,0,No Deposit,9.0,0,Transient,126.67,0,1
City Hotel,1,37,2017,June,23,9,2,2,2,0.0,0,SC,DEU,Online TA,TA/TO,0,0,0,A,A,0,No Deposit,9.0,0,Transient,130.0,0,1
City Hotel,1,206,2017,June,23,9,2,2,2,0.0,0,BB,GBR,Online TA,TA/TO,0,0,0,A,A,0,No Deposit,9.0,0,Transient,144.0,0,2
City Hotel,1,156,2017,June,23,9,2,2,2,0.0,0,SC,GBR,Online TA,TA/TO,0,0,0,A,A,0,No Deposit,9.0,0,Transient,126.0,0,0
City Hotel,1,134,2017,June,23,9,2,2,2,0.0,0,SC,GBR,Online TA,TA/TO,0,0,0,A,A,2,No Deposit,9.0,0,Transient,133.0,0,1
City Hotel,1,157,2017,June,23,9,2,2,2,0.0,0,BB,GBR,Direct,Direct,0,0,0,E,E,1,No Deposit,14.0,0,Transient,171.0,0,2
City Hotel,1,135,2017,June,23,9,2,3,2,0.0,0,BB,FRA,Online TA,TA/TO,0,0,0,A,A,0,No Deposit,9.0,0,Transient,144.0,0,1
City Hotel,1,159,2017,June,23,9,2,3,2,0.0,0,SC,GBR,Online TA,TA/TO,0,0,0,A,A,0,No Deposit,9.0,0,Transient,126.0,0,1
City Hotel,1,51,2017,June,23,9,2,3,2,0.0,0,BB,PRT,Direct,Direct,0,0,0,D,D,0,No Deposit,,0,Transient,78.0,0,5
City Hotel,1,101,2017,June,23,10,0,1,2,0.0,0,BB,PRT,Direct,Direct,0,0,0,A,D,0,No Deposit,14.0,0,Transient,126.0,0,1
City Hotel,1,118,2017,June,23,10,0,1,2,0.0,0,BB,SWE,Online TA,TA/TO,0,0,0,A,A,0,No Deposit,9.0,0,Transient,160.0,0,0
City Hotel,1,30,2017,June,23,10,0,1,2,0.0,0,BB,PRT,Direct,Direct,0,0,0,A,A,0,No Deposit,14.0,0,Transient,144.0,0,1
City Hotel,1,30,2017,June,23,10,0,1,2,0.0,0,BB,PRT,Direct,Direct,0,0,0,A,A,0,No Deposit,14.0,0,Transient,144.0,0,1
City Hotel,1,37,2017,June,23,10,1,1,2,0.0,0,BB,CHN,Online TA,TA/TO,0,0,0,A,A,0,No Deposit,9.0,0,Transient,140.0,0,1
City Hotel,1,33,2017,June,23,10,1,1,2,0.0,0,SC,PRT,Online TA,TA/TO,0,0,0,D,D,0,No Deposit,85.0,0,Transient,112.0,0,0
City Hotel,1,155,2017,June,23,10,1,1,2,0.0,0,BB,BRA,Online TA,TA/TO,0,0,0,A,A,0,No Deposit,9.0,0,Transient,144.0,0,2
City Hotel,1,69,2017,June,23,10,1,1,2,0.0,0,BB,IRL,Direct,Direct,0,0,0,A,A,0,No Deposit,14.0,0,Transient,126.0,0,0
City Hotel,1,68,2017,June,23,10,1,1,2,0.0,0,BB,GBR,Online TA,TA/TO,0,0,0,D,D,0,No Deposit,9.0,0,Transient,170.0,0,2
City Hotel,1,75,2017,June,23,10,2,1,2,0.0,0,BB,FRA,Online TA,TA/TO,0,0,0,D,D,0,No Deposit,9.0,0,Transient,170.0,0,0
City Hotel,1,45,2017,June,23,10,2,1,2,0.0,0,BB,FRA,Direct,Direct,0,0,0,A,A,0,No Deposit,14.0,0,Transient,120.0,0,0
City Hotel,1,38,2017,June,23,10,2,2,2,0.0,0,BB,CN,Online TA,TA/TO,0,0,0,A,A,0,No Deposit,9.0,0,Transient,130.0,0,1
City Hotel,1,68,2017,June,23,10,2,2,2,0.0,0,BB,FRA,Online TA,TA/TO,0,0,0,D,D,0,No Deposit,9.0,0,Transient,170.0,0,1
City Hotel,1,42,2017,June,23,10,2,3,2,0.0,0,HB,HRV,Online TA,TA/TO,0,0,0,A,A,0,No Deposit,9.0,0,Transient,131.6,0,1
City Hotel,1,101,2017,June,23,10,2,5,2,0.0,0,HB,ESP,Online TA,TA/TO,0,0,0,D,D,0,No Deposit,9.0,0,Transient,184.63,0,0
City Hotel,1,218,2017,June,23,10,2,5,2,0.0,0,BB,SWE,Online TA,TA/TO,0,0,0,A,A,2,No Deposit,9.0,0,Transient,130.86,0,1
City Hotel,1,285,2017,June,23,10,2,5,2,0.0,0,BB,GBR,Online TA,TA/TO,0,0,0,D,D,0,No Deposit,9.0,0,Transient,126.9,0,1
City Hotel,1,234,2017,June,23,10,2,5,2,0.0,0,BB,PRT,Offline TA/TO,TA/TO,0,0,0,A,A,0,No Deposit,42.0,0,Transient,99.0,0,2
City Hotel,1,31,2017,June,24,11,1,0,2,0.0,0,HB,PRT,Direct,Direct,0,0,0,A,A,1,No Deposit,14.0,0,Transient,199.0,0,2
City Hotel,1,11,2017,June,24,11,1,0,2,0.0,0,SC,PRT,Online TA,TA/TO,0,0,0,A,A,0,No Deposit,9.0,0,Transient,120.0,0,0
City Hotel,1,2,2017,June,24,11,1,0,2,0.0,0,SC,PRT,Online TA,TA/TO,0,0,0,A,A,0,No Deposit,10.0,0,Transient,100.0,0,0
City Hotel,1,139,2017,June,24,11,2,0,2,0.0,0,SC,GBR,Online TA,TA/TO,0,0,0,A,A,0,No Deposit,9.0,0,Transient,126.0,0,1
City Hotel,1,65,2017,June,24,11,2,0,2,0.0,0,SC,PRT,Offline TA/TO,TA/TO,0,0,0,A,A,0,No Deposit,28.0,0,Transient,80.1,0,0
City Hotel,1,11,2017,June,24,11,2,0,2,0.0,0,BB,DEU,Online TA,TA/TO,0,0,0,D,D,0,No Deposit,9.0,0,Transient,150.0,0,1
City Hotel,1,91,2017,June,24,11,2,0,2,0.0,0,BB,ISR,Online TA,TA/TO,0,0,0,A,A,2,No Deposit,9.0,0,Transient,152.0,0,3
City Hotel,1,24,2017,June,24,11,2,1,2,0.0,0,BB,PRT,Direct,Direct,0,0,0,A,A,0,No Deposit,14.0,0,Transient,153.0,0,1
City Hotel,1,17,2017,June,24,11,2,1,2,0.0,0,BB,ITA,Online TA,TA/TO,0,0,0,A,A,0,No Deposit,9.0,0,Transient,129.0,0,1
City Hotel,1,31,2017,June,24,11,2,1,2,0.0,0,SC,FRA,Direct,Direct,0,0,0,A,A,0,No Deposit,14.0,0,Transient,120.0,0,2
City Hotel,1,44,2017,June,24,11,2,1,2,0.0,0,SC,RUS,Online TA,TA/TO,0,0,0,A,A,0,No Deposit,9.0,0,Transient,120.0,0,1
City Hotel,1,29,2017,June,24,11,2,1,2,0.0,0,BB,PRT,Offline TA/TO,TA/TO,0,0,0,A,A,0,No Deposit,262.0,0,Transient,99.0,0,0
City Hotel,1,67,2017,June,24,11,2,1,2,0.0,0,BB,FRA,Online TA,TA/TO,0,0,0,D,D,0,No Deposit,9.0,0,Transient,170.0,0,0
City Hotel,1,31,2017,June,24,11,2,1,2,0.0,0,BB,USA,Online TA,TA/TO,0,0,0,A,A,2,No Deposit,9.0,0,Transient,126.67,0,1
City Hotel,1,40,2017,June,24,11,2,2,2,0.0,0,SC,PRT,Online TA,TA/TO,0,0,0,A,A,0,No Deposit,7.0,0,Transient,120.0,0,1
City Hotel,1,41,2017,June,24,11,2,2,2,0.0,0,BB,DEU,Online TA,TA/TO,0,0,0,A,A,0,No Deposit,9.0,0,Transient,140.0,0,1
City Hotel,1,40,2017,June,24,11,2,2,2,0.0,0,BB,PRT,Online TA,TA/TO,0,0,0,D,D,0,No Deposit,7.0,0,Transient,150.0,0,1
City Hotel,1,69,2017,June,24,11,2,2,2,0.0,0,BB,PRT,Offline TA/TO,TA/TO,0,0,0,A,A,0,No Deposit,42.0,0,Transient,89.1,0,0
City Hotel,1,309,2017,June,24,11,2,2,2,0.0,0,SC,FRA,Online TA,TA/TO,0,0,0,A,A,0,No Deposit,9.0,0,Transient,99.0,0,0
City Hotel,1,67,2017,June,24,11,2,2,2,0.0,0,BB,PRT,Offline TA/TO,TA/TO,0,0,0,A,A,0,No Deposit,22.0,0,Transient,89.1,0,0
City Hotel,1,37,2017,June,24,11,2,2,2,0.0,0,BB,ISR,Online TA,TA/TO,0,0,0,D,D,0,No Deposit,9.0,0,Transient,190.0,0,1
City Hotel,1,167,2017,June,24,11,2,2,2,0.0,0,BB,DEU,Online TA,TA/TO,0,0,0,A,A,0,No Deposit,9.0,0,Transient,144.0,0,0
City Hotel,1,39,2017,June,24,11,2,2,2,0.0,0,BB,PRT,Online TA,TA/TO,0,0,0,A,A,0,No Deposit,7.0,0,Transient,112.0,0,1
City Hotel,1,22,2017,June,24,11,2,2,2,0.0,0,SC,IND,Online TA,TA/TO,0,0,0,A,A,0,No Deposit,9.0,0,Transient,109.0,0,1
City Hotel,1,40,2017,June,24,11,2,2,2,0.0,0,SC,PRT,Online TA,TA/TO,0,0,0,A,A,0,No Deposit,7.0,0,Transient,120.0,0,1
City Hotel,1,173,2017,June,24,11,2,3,2,0.0,0,BB,PRT,Groups,TA/TO,0,0,0,A,A,0,Non Refund,,0,Transient,140.0,0,0
City Hotel,1,173,2017,June,24,11,2,3,2,0.0,0,BB,PRT,Groups,TA/TO,0,0,0,A,A,0,Non Refund,,0,Transient,140.0,0,0
City Hotel,1,173,2017,June,24,11,2,3,2,0.0,0,BB,PRT,Groups,TA/TO,0,0,0,A,A,0,Non Refund,,0,Transient,140.0,0,0
City Hotel,1,173,2017,June,24,11,2,3,2,0.0,0,BB,PRT,Groups,TA/TO,0,0,0,A,A,0,Non Refund,,0,Transient,140.0,0,0
City Hotel,1,173,2017,June,24,11,2,3,2,0.0,0,BB,PRT,Groups,TA/TO,0,0,0,A,A,0,Non Refund,,0,Transient,140.0,0,0
City Hotel,1,173,2017,June,24,11,2,3,2,0.0,0,BB,PRT,Groups,TA/TO,0,0,0,A,A,0,Non Refund,,0,Transient,140.0,0,0
City Hotel,1,173,2017,June,24,11,2,3,2,0.0,0,BB,PRT,Groups,TA/TO,0,0,0,A,A,0,Non Refund,,0,Transient,140.0,0,0
City Hotel,1,173,2017,June,24,11,2,3,2,0.0,0,BB,PRT,Groups,TA/TO,0,0,0,A,A,0,Non Refund,,0,Transient,140.0,0,0
City Hotel,1,173,2017,June,24,11,2,3,2,0.0,0,BB,PRT,Groups,TA/TO,0,0,0,A,A,0,Non Refund,,0,Transient,140.0,0,0
City Hotel,1,173,2017,June,24,11,2,3,2,0.0,0,BB,PRT,Groups,TA/TO,0,0,0,A,A,0,Non Refund,,0,Transient,140.0,0,0
City Hotel,1,173,2017,June,24,11,2,3,2,0.0,0,BB,PRT,Groups,TA/TO,0,0,0,A,A,0,Non Refund,,0,Transient,140.0,0,0
City Hotel,1,173,2017,June,24,11,2,3,2,0.0,0,BB,PRT,Groups,TA/TO,0,0,0,A,A,0,Non Refund,,0,Transient,140.0,0,0
City Hotel,1,173,2017,June,24,11,2,3,2,0.0,0,BB,PRT,Groups,TA/TO,0,0,0,A,A,0,Non Refund,,0,Transient,140.0,0,0
City Hotel,1,253,2017,June,24,11,2,3,2,0.0,0,BB,PRT,Groups,TA/TO,0,0,0,A,A,0,Non Refund,,80,Transient,140.0,0,0
City Hotel,1,173,2017,June,24,11,2,3,2,0.0,0,BB,PRT,Groups,TA/TO,0,0,0,A,A,0,Non Refund,,0,Transient,140.0,0,0
City Hotel,1,173,2017,June,24,11,2,3,2,0.0,0,BB,PRT,Groups,TA/TO,0,0,0,A,A,0,Non Refund,,0,Transient,140.0,0,0
City Hotel,1,173,2017,June,24,11,2,3,2,0.0,0,BB,PRT,Groups,TA/TO,0,0,0,A,A,0,Non Refund,,0,Transient,140.0,0,0
City Hotel,1,173,2017,June,24,11,2,3,2,0.0,0,BB,PRT,Groups,TA/TO,0,0,0,A,A,0,Non Refund,,0,Transient,140.0,0,0
City Hotel,1,40,2017,June,24,11,2,4,2,0.0,0,BB,GBR,Online TA,TA/TO,0,0,0,A,A,0,No Deposit,9.0,0,Transient,143.33,0,1
City Hotel,1,55,2017,June,24,11,2,5,2,0.0,0,BB,PRT,Direct,Direct,0,0,0,F,F,0,No Deposit,,0,Transient,245.0,0,1
City Hotel,1,173,2017,June,24,11,2,3,2,0.0,0,BB,PRT,Groups,TA/TO,0,0,0,A,A,0,Non Refund,,0,Transient,140.0,0,0
City Hotel,1,173,2017,June,24,11,2,3,2,0.0,0,BB,PRT,Groups,TA/TO,0,0,0,A,A,0,Non Refund,,0,Transient,140.0,0,0
City Hotel,1,27,2017,June,24,12,1,0,2,0.0,0,BB,PRT,Complementary,Direct,0,0,0,A,A,0,No Deposit,,0,Transient,0.0,0,0
City Hotel,1,34,2017,June,24,12,1,0,2,0.0,0,BB,NLD,Online TA,TA/TO,0,0,0,A,A,0,No Deposit,9.0,0,Transient,140.0,0,2
City Hotel,1,139,2017,June,24,12,1,1,2,0.0,0,BB,PRT,Offline TA/TO,TA/TO,0,0,0,A,A,0,Non Refund,20.0,0,Transient,110.0,0,0
City Hotel,1,139,2017,June,24,12,1,1,2,0.0,0,BB,PRT,Offline TA/TO,TA/TO,0,0,0,A,A,0,Non Refund,20.0,0,Transient,110.0,0,0
City Hotel,1,110,2017,June,24,12,1,1,2,0.0,0,BB,ITA,Online TA,TA/TO,0,0,0,A,A,0,No Deposit,9.0,0,Transient,144.0,0,0
City Hotel,1,139,2017,June,24,12,1,1,2,0.0,0,BB,PRT,Offline TA/TO,TA/TO,0,0,0,A,A,0,Non Refund,20.0,0,Transient,110.0,0,0
City Hotel,1,139,2017,June,24,12,1,1,2,0.0,0,BB,PRT,Offline TA/TO,TA/TO,0,0,0,A,A,0,Non Refund,20.0,0,Transient,110.0,0,0
City Hotel,1,139,2017,June,24,12,1,1,2,0.0,0,BB,PRT,Offline TA/TO,TA/TO,0,0,0,A,A,0,Non Refund,20.0,0,Transient,110.0,0,0
City Hotel,1,173,2017,June,24,12,1,1,2,0.0,0,BB,PRT,Offline TA/TO,TA/TO,0,0,0,A,A,0,Non Refund,20.0,34,Transient,110.0,0,0
City Hotel,1,139,2017,June,24,12,1,1,2,0.0,0,BB,PRT,Offline TA/TO,TA/TO,0,0,0,A,A,0,Non Refund,20.0,0,Transient,110.0,0,0
City Hotel,1,139,2017,June,24,12,1,1,2,0.0,0,BB,PRT,Offline TA/TO,TA/TO,0,0,0,A,A,0,Non Refund,20.0,0,Transient,110.0,0,0
City Hotel,1,139,2017,June,24,12,1,1,2,0.0,0,BB,PRT,Offline TA/TO,TA/TO,0,0,0,A,A,0,Non Refund,20.0,0,Transient,110.0,0,0
City Hotel,1,21,2017,June,24,12,1,1,2,0.0,0,SC,ARG,Online TA,TA/TO,0,0,0,A,A,0,No Deposit,9.0,0,Transient,109.0,0,1
City Hotel,1,139,2017,June,24,12,1,1,2,0.0,0,BB,PRT,Offline TA/TO,TA/TO,0,0,0,A,A,0,Non Refund,20.0,0,Transient,110.0,0,0
City Hotel,1,139,2017,June,24,12,1,1,2,0.0,0,BB,PRT,Offline TA/TO,TA/TO,0,0,0,A,A,0,Non Refund,20.0,0,Transient,110.0,0,0
City Hotel,1,139,2017,June,24,12,1,1,2,0.0,0,BB,PRT,Offline TA/TO,TA/TO,0,0,0,A,A,0,Non Refund,20.0,0,Transient,110.0,0,0
City Hotel,1,139,2017,June,24,12,1,1,2,0.0,0,BB,PRT,Offline TA/TO,TA/TO,0,0,0,A,A,0,Non Refund,20.0,0,Transient,110.0,0,0
City Hotel,1,139,2017,June,24,12,1,1,2,0.0,0,BB,PRT,Offline TA/TO,TA/TO,0,0,0,A,A,0,Non Refund,20.0,0,Transient,110.0,0,0
City Hotel,1,139,2017,June,24,12,1,1,2,0.0,0,BB,PRT,Offline TA/TO,TA/TO,0,0,0,A,A,0,Non Refund,20.0,0,Transient,110.0,0,0
City Hotel,1,139,2017,June,24,12,1,1,2,0.0,0,BB,PRT,Offline TA/TO,TA/TO,0,0,0,A,A,0,Non Refund,20.0,0,Transient,110.0,0,0
City Hotel,1,139,2017,June,24,12,1,1,2,0.0,0,BB,PRT,Offline TA/TO,TA/TO,0,0,0,A,A,0,Non Refund,20.0,0,Transient,110.0,0,0
City Hotel,1,139,2017,June,24,12,1,1,2,0.0,0,BB,PRT,Offline TA/TO,TA/TO,0,0,0,A,A,0,Non Refund,20.0,0,Transient,110.0,0,0
City Hotel,1,139,2017,June,24,12,1,1,2,0.0,0,BB,PRT,Offline TA/TO,TA/TO,0,0,0,A,A,0,Non Refund,20.0,0,Transient,110.0,0,0
City Hotel,1,24,2017,June,24,12,1,1,2,0.0,0,SC,DEU,Online TA,TA/TO,0,0,0,A,A,0,No Deposit,9.0,0,Transient,109.0,0,1
City Hotel,1,139,2017,June,24,12,1,1,2,0.0,0,BB,PRT,Offline TA/TO,TA/TO,0,0,0,A,A,0,Non Refund,20.0,0,Transient,110.0,0,0
City Hotel,1,139,2017,June,24,12,1,1,2,0.0,0,BB,PRT,Offline TA/TO,TA/TO,0,0,0,A,A,0,Non Refund,20.0,0,Transient,110.0,0,0
City Hotel,1,139,2017,June,24,12,1,1,2,0.0,0,BB,PRT,Offline TA/TO,TA/TO,0,0,0,A,A,0,Non Refund,20.0,0,Transient,110.0,0,0
City Hotel,1,139,2017,June,24,12,1,1,2,0.0,0,BB,PRT,Offline TA/TO,TA/TO,0,0,0,A,A,0,Non Refund,20.0,0,Transient,110.0,0,0
City Hotel,1,139,2017,June,24,12,1,1,2,0.0,0,BB,PRT,Offline TA/TO,TA/TO,0,0,0,A,A,0,Non Refund,20.0,0,Transient,110.0,0,0
City Hotel,1,33,2017,June,24,12,1,1,2,0.0,0,BB,GBR,Online TA,TA/TO,0,0,0,A,A,0,No Deposit,9.0,0,Transient,140.0,0,1
City Hotel,1,37,2017,June,24,12,1,2,2,0.0,0,BB,PRT,Offline TA/TO,TA/TO,0,0,0,A,A,0,No Deposit,28.0,0,Transient,99.0,0,0
City Hotel,1,28,2017,June,24,12,1,2,2,0.0,0,SC,NLD,Online TA,TA/TO,0,0,0,A,A,0,No Deposit,9.0,0,Transient,109.0,0,1
City Hotel,1,20,2017,June,24,12,1,2,2,0.0,0,BB,PRT,Offline TA/TO,TA/TO,0,0,0,A,A,0,No Deposit,6.0,0,Transient,99.0,0,0
City Hotel,1,128,2017,June,24,12,1,2,2,0.0,0,BB,FRA,Online TA,TA/TO,0,0,0,A,A,0,No Deposit,9.0,0,Transient,144.0,0,0
City Hotel,1,20,2017,June,24,12,1,2,2,0.0,0,BB,PRT,Offline TA/TO,TA/TO,0,0,0,A,A,0,No Deposit,6.0,0,Transient,99.0,0,0
City Hotel,1,37,2017,June,24,12,1,2,2,0.0,0,BB,PRT,Offline TA/TO,TA/TO,0,0,0,A,A,0,No Deposit,28.0,0,Transient,99.0,0,0
City Hotel,1,27,2017,June,24,12,1,3,2,0.0,0,BB,FRA,Online TA,TA/TO,0,0,0,A,A,0,No Deposit,9.0,0,Transient,141.75,0,1
City Hotel,1,49,2017,June,24,12,1,3,2,0.0,0,BB,PRT,Offline TA/TO,TA/TO,0,0,0,A,A,0,No Deposit,168.0,0,Transient,89.1,0,1
City Hotel,1,166,2017,June,24,12,1,4,2,0.0,0,BB,FRA,Online TA,TA/TO,0,0,0,A,A,0,No Deposit,9.0,0,Transient,138.6,0,0
City Hotel,1,258,2017,June,24,12,1,4,2,0.0,0,HB,BEL,Online TA,TA/TO,0,0,0,A,A,0,No Deposit,9.0,0,Transient,151.2,0,2
City Hotel,1,36,2017,June,24,12,1,4,2,0.0,0,BB,BEL,Online TA,TA/TO,0,0,0,A,A,0,No Deposit,9.0,0,Transient,144.0,0,1
City Hotel,1,31,2017,June,24,12,1,4,2,0.0,0,SC,TUN,Online TA,TA/TO,0,0,0,A,A,0,No Deposit,9.0,0,Transient,132.0,0,1
City Hotel,1,36,2017,June,24,12,1,4,2,0.0,0,SC,BEL,Online TA,TA/TO,0,0,0,A,A,0,No Deposit,9.0,0,Transient,124.0,0,1
City Hotel,1,422,2017,June,24,13,0,1,2,0.0,0,BB,PRT,Groups,TA/TO,0,0,0,A,A,0,Non Refund,229.0,0,Transient,90.0,0,0
City Hotel,1,422,2017,June,24,13,0,1,2,0.0,0,BB,PRT,Groups,TA/TO,0,0,0,A,A,0,Non Refund,229.0,0,Transient,90.0,0,0
City Hotel,1,22,2017,June,24,13,0,1,2,0.0,0,BB,LUX,Offline TA/TO,TA/TO,0,0,0,A,A,0,No Deposit,28.0,0,Transient,99.0,0,0
City Hotel,1,422,2017,June,24,13,0,1,2,0.0,0,BB,PRT,Groups,TA/TO,0,0,0,A,A,0,Non Refund,229.0,0,Transient,90.0,0,0
City Hotel,1,422,2017,June,24,13,0,1,2,0.0,0,BB,PRT,Groups,TA/TO,0,0,0,A,A,0,Non Refund,229.0,0,Transient,90.0,0,0
City Hotel,1,422,2017,June,24,13,0,1,2,0.0,0,BB,PRT,Groups,TA/TO,0,0,0,A,A,0,Non Refund,229.0,0,Transient,90.0,0,0
City Hotel,1,422,2017,June,24,13,0,1,2,0.0,0,BB,PRT,Groups,TA/TO,0,0,0,A,A,0,Non Refund,229.0,0,Transient,90.0,0,0
City Hotel,1,422,2017,June,24,13,0,1,2,0.0,0,BB,PRT,Groups,TA/TO,0,0,0,A,A,0,Non Refund,229.0,0,Transient,90.0,0,0
City Hotel,1,422,2017,June,24,13,0,1,2,0.0,0,BB,PRT,Groups,TA/TO,0,0,0,A,A,0,Non Refund,229.0,0,Transient,90.0,0,0
City Hotel,1,422,2017,June,24,13,0,1,2,0.0,0,BB,PRT,Groups,TA/TO,0,0,0,A,A,0,Non Refund,229.0,0,Transient,90.0,0,0
City Hotel,1,422,2017,June,24,13,0,1,2,0.0,0,BB,PRT,Groups,TA/TO,0,0,0,A,A,0,Non Refund,229.0,0,Transient,90.0,0,0
City Hotel,1,28,2017,June,24,13,0,2,2,0.0,0,SC,BEL,Online TA,TA/TO,0,0,0,A,A,0,No Deposit,9.0,0,Transient,109.0,0,2
City Hotel,1,9,2017,June,24,13,0,2,2,0.0,0,BB,DEU,Online TA,TA/TO,0,0,0,A,A,0,No Deposit,9.0,0,Transient,180.0,0,1
City Hotel,1,23,2017,June,24,13,0,2,2,0.0,0,HB,DEU,Online TA,TA/TO,0,0,0,A,A,2,No Deposit,9.0,0,Transient,148.0,0,1
City Hotel,1,8,2017,June,24,13,0,2,2,0.0,0,BB,PRT,Online TA,TA/TO,0,0,0,D,D,0,No Deposit,9.0,0,Transient,190.0,0,1
City Hotel,1,17,2017,June,24,13,0,2,2,0.0,0,SC,PRT,Online TA,TA/TO,0,0,0,A,A,0,No Deposit,9.0,0,Transient,109.0,0,1
City Hotel,1,42,2017,June,24,13,0,3,2,0.0,0,SC,NLD,Online TA,TA/TO,0,0,0,A,A,0,No Deposit,9.0,0,Transient,120.0,0,0
City Hotel,1,36,2017,June,24,13,0,3,2,0.0,0,BB,PRT,Direct,Direct,0,0,0,A,A,0,No Deposit,14.0,0,Transient,144.0,0,1
City Hotel,1,36,2017,June,24,13,0,3,2,0.0,0,BB,PRT,Direct,Direct,0,0,0,A,A,0,No Deposit,14.0,0,Transient,135.0,0,1
City Hotel,1,120,2017,June,24,13,0,3,2,0.0,0,BB,NLD,Online TA,TA/TO,0,0,0,A,A,0,No Deposit,9.0,0,Transient,144.0,0,0
City Hotel,1,156,2017,June,24,14,0,2,2,0.0,0,SC,USA,Online TA,TA/TO,0,0,0,A,A,0,No Deposit,9.0,0,Transient,126.0,0,1
City Hotel,1,98,2017,June,24,14,0,3,2,0.0,0,BB,PRT,Online TA,TA/TO,0,0,0,F,F,0,No Deposit,7.0,0,Transient,190.0,0,1
City Hotel,1,423,2017,June,24,14,0,3,2,0.0,0,BB,PRT,Groups,TA/TO,0,0,0,A,A,0,No Deposit,229.0,0,Transient-Party,90.0,0,0
City Hotel,1,123,2017,June,24,14,0,3,2,0.0,0,BB,AUS,Online TA,TA/TO,0,0,0,D,D,0,No Deposit,9.0,0,Transient,144.0,0,0
City Hotel,1,423,2017,June,24,14,0,3,2,0.0,0,BB,PRT,Groups,TA/TO,0,0,0,A,A,0,No Deposit,229.0,0,Transient-Party,90.0,0,0
City Hotel,1,423,2017,June,24,14,0,3,2,0.0,0,BB,PRT,Groups,TA/TO,0,0,0,A,A,0,No Deposit,229.0,0,Transient-Party,90.0,0,0
City Hotel,1,164,2017,June,24,14,0,3,2,0.0,0,BB,FRA,Direct,Direct,0,0,0,A,A,0,No Deposit,14.0,0,Transient,117.0,0,0
City Hotel,1,423,2017,June,24,14,0,3,2,0.0,0,BB,PRT,Groups,TA/TO,0,0,0,A,A,0,No Deposit,229.0,0,Transient-Party,90.0,0,0
City Hotel,1,49,2017,June,24,14,0,3,2,0.0,0,SC,CHN,Online TA,TA/TO,0,0,0,A,A,0,No Deposit,9.0,0,Transient,126.0,0,1
City Hotel,1,423,2017,June,24,14,0,3,2,0.0,0,BB,PRT,Groups,TA/TO,0,0,0,A,A,0,No Deposit,229.0,0,Transient-Party,90.0,0,0
City Hotel,1,201,2017,June,24,14,0,4,2,0.0,0,BB,PRT,Groups,TA/TO,0,0,0,A,A,0,Non Refund,,0,Transient,110.0,0,0
City Hotel,1,201,2017,June,24,14,0,4,2,0.0,0,BB,PRT,Groups,TA/TO,0,0,0,A,A,0,Non Refund,,0,Transient,110.0,0,0
City Hotel,1,201,2017,June,24,14,0,4,2,0.0,0,BB,PRT,Groups,TA/TO,0,0,0,A,A,0,Non Refund,,0,Transient,110.0,0,0
City Hotel,1,201,2017,June,24,14,0,4,2,0.0,0,BB,PRT,Groups,TA/TO,0,0,0,A,A,0,Non Refund,,0,Transient,110.0,0,0
City Hotel,1,201,2017,June,24,14,0,4,2,0.0,0,BB,PRT,Groups,TA/TO,0,0,0,A,A,0,Non Refund,,0,Transient,110.0,0,0
City Hotel,1,201,2017,June,24,14,0,4,2,0.0,0,BB,PRT,Groups,TA/TO,0,0,0,A,A,0,Non Refund,,0,Transient,110.0,0,0
City Hotel,1,201,2017,June,24,14,0,4,2,0.0,0,BB,PRT,Groups,TA/TO,0,0,0,A,A,0,Non Refund,,0,Transient,110.0,0,0
City Hotel,1,201,2017,June,24,14,0,4,2,0.0,0,BB,PRT,Groups,TA/TO,0,0,0,A,A,0,Non Refund,,0,Transient,110.0,0,0
City Hotel,1,201,2017,June,24,14,0,4,2,0.0,0,BB,PRT,Groups,TA/TO,0,0,0,A,A,0,Non Refund,,0,Transient,110.0,0,0
City Hotel,1,201,2017,June,24,14,0,4,2,0.0,0,BB,PRT,Groups,TA/TO,0,0,0,A,A,0,Non Refund,,0,Transient,110.0,0,0
City Hotel,1,201,2017,June,24,14,0,4,2,0.0,0,BB,PRT,Groups,TA/TO,0,0,0,A,A,0,Non Refund,,0,Transient,110.0,0,0
City Hotel,1,201,2017,June,24,14,0,4,2,0.0,0,BB,PRT,Groups,TA/TO,0,0,0,A,A,0,Non Refund,,0,Transient,110.0,0,0
City Hotel,1,201,2017,June,24,14,0,4,2,0.0,0,BB,PRT,Groups,TA/TO,0,0,0,A,A,0,Non Refund,,0,Transient,110.0,0,0
City Hotel,1,242,2017,June,24,14,0,4,2,0.0,0,BB,GBR,Online TA,TA/TO,0,0,0,D,D,0,No Deposit,9.0,0,Transient,130.5,0,1
City Hotel,1,201,2017,June,24,14,0,4,2,0.0,0,BB,PRT,Groups,TA/TO,0,0,0,A,A,0,Non Refund,,0,Transient,110.0,0,0
City Hotel,1,272,2017,June,24,14,0,4,2,0.0,0,BB,PRT,Groups,TA/TO,0,0,0,A,A,1,Non Refund,,71,Transient,110.0,0,0
City Hotel,1,201,2017,June,24,14,0,4,2,0.0,0,BB,PRT,Groups,TA/TO,0,0,0,A,A,0,Non Refund,,0,Transient,110.0,0,0
City Hotel,1,201,2017,June,24,14,0,4,2,0.0,0,BB,PRT,Groups,TA/TO,0,0,0,A,A,0,Non Refund,,0,Transient,110.0,0,0
City Hotel,1,201,2017,June,24,14,0,4,2,0.0,0,BB,PRT,Groups,TA/TO,0,0,0,A,A,0,Non Refund,,0,Transient,110.0,0,0
City Hotel,1,201,2017,June,24,14,0,4,2,0.0,0,BB,PRT,Groups,TA/TO,0,0,0,A,A,0,Non Refund,,0,Transient,110.0,0,0
City Hotel,1,201,2017,June,24,14,0,4,2,0.0,0,BB,PRT,Groups,TA/TO,0,0,0,A,A,0,Non Refund,,0,Transient,110.0,0,0
City Hotel,1,180,2017,June,24,14,0,4,2,0.0,0,BB,ITA,Online TA,TA/TO,0,0,0,D,D,0,No Deposit,9.0,0,Transient,144.0,0,1
City Hotel,1,201,2017,June,24,14,0,4,2,0.0,0,BB,PRT,Groups,TA/TO,0,0,0,A,A,0,Non Refund,,0,Transient,110.0,0,0
City Hotel,1,201,2017,June,24,14,0,4,2,0.0,0,BB,PRT,Groups,TA/TO,0,0,0,A,A,0,Non Refund,,0,Transient,110.0,0,0
City Hotel,1,201,2017,June,24,14,0,4,2,0.0,0,BB,PRT,Groups,TA/TO,0,0,0,A,A,0,Non Refund,,0,Transient,110.0,0,0
City Hotel,1,201,2017,June,24,14,0,4,2,0.0,0,BB,PRT,Groups,TA/TO,0,0,0,A,A,0,Non Refund,,0,Transient,110.0,0,0
City Hotel,1,201,2017,June,24,14,0,4,2,0.0,0,BB,PRT,Groups,TA/TO,0,0,0,A,A,0,Non Refund,,0,Transient,110.0,0,0
City Hotel,1,45,2017,June,24,14,1,4,2,0.0,0,BB,GBR,Online TA,TA/TO,0,0,0,A,A,0,No Deposit,9.0,0,Transient,152.0,0,1
City Hotel,1,45,2017,June,24,14,1,4,2,0.0,0,BB,GBR,Online TA,TA/TO,0,0,0,A,A,0,No Deposit,9.0,0,Transient,152.0,0,1
City Hotel,1,134,2017,June,24,14,2,4,2,0.0,0,SC,USA,Online TA,TA/TO,0,0,0,A,A,0,No Deposit,9.0,0,Transient,108.0,0,0
City Hotel,1,80,2017,June,24,15,0,1,2,0.0,0,BB,PRT,Offline TA/TO,TA/TO,0,0,0,A,A,0,No Deposit,52.0,0,Transient,89.1,0,0
City Hotel,1,154,2017,June,24,15,0,2,2,0.0,0,BB,NOR,Online TA,TA/TO,0,0,0,D,D,1,No Deposit,9.0,0,Transient,150.3,0,2
City Hotel,1,154,2017,June,24,15,0,2,2,0.0,0,BB,NOR,Online TA,TA/TO,0,0,0,A,A,1,No Deposit,9.0,0,Transient,130.5,0,2
City Hotel,1,320,2017,June,24,15,0,3,2,0.0,0,BB,PRT,Groups,TA/TO,0,0,0,A,A,0,Non Refund,6.0,0,Transient,90.0,0,0
City Hotel,1,320,2017,June,24,15,0,3,2,0.0,0,BB,PRT,Groups,TA/TO,0,0,0,A,A,0,Non Refund,6.0,0,Transient,90.0,0,0
City Hotel,1,320,2017,June,24,15,0,3,2,0.0,0,BB,PRT,Groups,TA/TO,0,0,0,A,A,0,Non Refund,6.0,0,Transient,90.0,0,0
City Hotel,1,41,2017,June,24,15,0,3,2,0.0,0,BB,PRT,Online TA,TA/TO,0,0,0,A,A,0,No Deposit,7.0,0,Transient,122.67,0,0
City Hotel,1,28,2017,June,24,15,0,3,2,0.0,0,SC,PRT,Online TA,TA/TO,0,0,0,A,A,0,No Deposit,85.0,0,Transient,80.1,0,0
City Hotel,1,113,2017,June,24,15,0,3,2,0.0,0,SC,PRT,Offline TA/TO,TA/TO,0,0,0,A,A,0,No Deposit,85.0,0,Transient,80.1,0,2
City Hotel,1,128,2017,June,24,15,0,3,2,0.0,0,SC,HKG,Online TA,TA/TO,0,0,0,A,A,0,No Deposit,9.0,0,Transient,108.0,0,0
City Hotel,1,320,2017,June,24,15,0,3,2,0.0,0,BB,PRT,Groups,TA/TO,0,0,0,A,A,0,Non Refund,6.0,0,Transient,90.0,0,0
City Hotel,1,282,2017,June,24,15,0,3,2,0.0,0,SC,MOZ,Online TA,TA/TO,0,0,0,A,A,0,No Deposit,9.0,0,Transient,99.0,0,2
City Hotel,1,131,2017,June,24,15,0,3,2,0.0,0,BB,AUT,Online TA,TA/TO,0,0,0,A,A,1,No Deposit,9.0,0,Transient,126.0,0,0
City Hotel,1,218,2017,June,24,15,0,3,2,0.0,0,BB,GBR,Online TA,TA/TO,0,0,0,D,D,0,No Deposit,9.0,0,Transient,130.5,0,1
City Hotel,1,320,2017,June,24,15,0,3,2,0.0,0,BB,PRT,Groups,TA/TO,0,0,0,A,A,0,Non Refund,6.0,0,Transient,90.0,0,0
City Hotel,1,320,2017,June,24,15,0,3,2,0.0,0,BB,PRT,Groups,TA/TO,0,0,0,A,A,0,Non Refund,6.0,0,Transient,90.0,0,0
City Hotel,1,281,2017,June,24,15,0,3,2,0.0,0,BB,GBR,Online TA,TA/TO,0,0,0,A,A,0,No Deposit,9.0,0,Transient,130.0,0,1
City Hotel,1,320,2017,June,24,15,0,3,2,0.0,0,BB,PRT,Groups,TA/TO,0,0,0,A,A,0,Non Refund,6.0,0,Transient,90.0,0,0
City Hotel,1,320,2017,June,24,15,0,3,2,0.0,0,BB,PRT,Groups,TA/TO,0,0,0,A,A,0,Non Refund,6.0,0,Transient,90.0,0,0
City Hotel,1,320,2017,June,24,15,0,3,2,0.0,0,BB,PRT,Groups,TA/TO,0,0,0,A,A,0,Non Refund,6.0,0,Transient,90.0,0,0
City Hotel,1,320,2017,June,24,15,0,3,2,0.0,0,BB,PRT,Groups,TA/TO,0,0,0,A,A,0,Non Refund,6.0,0,Transient,90.0,0,0
City Hotel,1,141,2017,June,24,15,0,3,2,0.0,0,BB,PRT,Offline TA/TO,TA/TO,0,0,0,D,D,0,No Deposit,52.0,0,Transient,98.1,0,0
City Hotel,1,218,2017,June,24,15,0,3,2,0.0,0,BB,GBR,Online TA,TA/TO,0,0,0,D,D,0,No Deposit,9.0,0,Transient,130.5,0,1
City Hotel,1,320,2017,June,24,15,0,3,2,0.0,0,BB,PRT,Groups,TA/TO,0,0,0,A,A,0,Non Refund,6.0,0,Transient,90.0,0,0
City Hotel,1,320,2017,June,24,15,0,3,2,0.0,0,BB,PRT,Groups,TA/TO,0,0,0,A,A,0,Non Refund,6.0,0,Transient,90.0,0,0
City Hotel,1,320,2017,June,24,15,0,3,2,0.0,0,BB,PRT,Groups,TA/TO,0,0,0,A,A,0,Non Refund,6.0,0,Transient,90.0,0,0
City Hotel,1,320,2017,June,24,15,0,3,2,0.0,0,BB,PRT,Groups,TA/TO,0,0,0,A,A,0,Non Refund,6.0,0,Transient,90.0,0,0
City Hotel,1,127,2017,June,24,15,1,3,2,0.0,0,BB,ISR,Online TA,TA/TO,0,0,0,A,A,0,No Deposit,9.0,0,Transient,123.75,0,1
City Hotel,1,318,2017,June,24,15,1,3,2,0.0,0,BB,GBR,Online TA,TA/TO,0,0,0,A,A,1,No Deposit,9.0,0,Transient,109.8,0,1
City Hotel,1,30,2017,June,24,15,1,3,2,0.0,0,SC,IRN,Online TA,TA/TO,0,0,0,A,A,0,No Deposit,9.0,0,Transient,160.0,0,1
City Hotel,1,95,2017,June,24,15,1,3,2,0.0,0,SC,AUT,Online TA,TA/TO,0,0,0,A,A,0,No Deposit,9.0,0,Transient,126.0,0,0
City Hotel,1,125,2017,June,24,15,2,3,2,0.0,0,BB,IRL,Online TA,TA/TO,0,0,0,A,A,0,No Deposit,9.0,0,Transient,122.4,0,0
City Hotel,1,45,2017,June,24,15,2,4,2,0.0,0,SC,DEU,Online TA,TA/TO,0,0,0,A,A,0,No Deposit,9.0,0,Transient,136.67,0,1
City Hotel,1,164,2017,June,24,15,2,5,2,0.0,0,BB,SWE,Online TA,TA/TO,0,0,0,D,D,0,No Deposit,9.0,0,Transient,134.36,0,0
City Hotel,1,157,2017,June,24,15,2,3,2,0.0,0,BB,DEU,Online TA,TA/TO,0,0,0,D,D,0,No Deposit,9.0,0,Transient,135.9,0,0
City Hotel,1,130,2017,June,24,15,2,3,2,0.0,0,BB,DEU,Online TA,TA/TO,0,0,0,A,A,0,No Deposit,9.0,0,Transient,122.4,0,0
City Hotel,1,45,2017,June,24,15,2,5,2,0.0,0,SC,HUN,Online TA,TA/TO,0,0,0,A,A,0,No Deposit,9.0,0,Transient,137.14,0,1
City Hotel,1,364,2017,June,24,16,0,1,2,0.0,0,BB,PRT,Offline TA/TO,TA/TO,0,0,0,A,A,0,No Deposit,21.0,0,Transient-Party,75.0,0,0
City Hotel,1,364,2017,June,24,16,0,1,2,0.0,0,BB,PRT,Offline TA/TO,TA/TO,0,0,0,A,A,0,No Deposit,21.0,0,Transient-Party,75.0,0,0
City Hotel,1,51,2017,June,24,16,0,2,2,0.0,0,BB,PRT,Online TA,TA/TO,0,0,0,A,A,0,No Deposit,9.0,0,Transient,160.0,0,1
City Hotel,1,50,2017,June,24,16,0,2,2,0.0,0,BB,PRT,Direct,Direct,0,0,0,A,A,0,No Deposit,14.0,0,Transient,126.0,0,0
City Hotel,1,55,2017,June,24,16,0,2,2,0.0,0,SC,CHN,Online TA,TA/TO,0,0,0,A,A,0,No Deposit,9.0,0,Transient,126.0,0,1
City Hotel,1,51,2017,June,24,16,0,2,2,0.0,0,SC,PRT,Online TA,TA/TO,0,0,0,A,A,2,No Deposit,9.0,0,Transient,140.0,0,1
City Hotel,1,53,2017,June,24,16,0,2,2,0.0,0,BB,GBR,Online TA,TA/TO,0,0,0,A,A,0,No Deposit,9.0,0,Transient,160.0,0,1
City Hotel,1,55,2017,June,24,16,0,2,2,0.0,0,SC,CHN,Online TA,TA/TO,0,0,0,A,A,0,No Deposit,9.0,0,Transient,126.0,0,1
City Hotel,1,131,2017,June,24,16,1,2,2,0.0,0,BB,CZE,Online TA,TA/TO,0,0,0,A,A,0,No Deposit,9.0,0,Transient,117.0,0,0
City Hotel,1,123,2017,June,24,16,1,2,2,0.0,0,BB,FRA,Online TA,TA/TO,0,0,0,E,E,0,No Deposit,9.0,0,Transient,153.0,0,0
City Hotel,1,226,2017,June,24,16,1,2,2,0.0,0,BB,PRT,Offline TA/TO,TA/TO,0,0,0,A,A,0,Non Refund,20.0,0,Transient,105.0,0,0
City Hotel,1,226,2017,June,24,16,1,2,2,0.0,0,BB,PRT,Offline TA/TO,TA/TO,0,0,0,A,A,0,Non Refund,20.0,0,Transient,105.0,0,0
City Hotel,1,226,2017,June,24,16,1,2,2,0.0,0,BB,PRT,Offline TA/TO,TA/TO,0,0,0,A,A,0,Non Refund,20.0,0,Transient,105.0,0,0
City Hotel,1,226,2017,June,24,16,1,2,2,0.0,0,BB,PRT,Offline TA/TO,TA/TO,0,0,0,A,A,0,Non Refund,20.0,0,Transient,105.0,0,0
City Hotel,1,226,2017,June,24,16,1,2,2,0.0,0,BB,PRT,Offline TA/TO,TA/TO,0,0,0,A,A,0,Non Refund,20.0,0,Transient,105.0,0,0
City Hotel,1,123,2017,June,24,16,1,2,2,0.0,0,BB,FRA,Online TA,TA/TO,0,0,0,E,E,0,No Deposit,9.0,0,Transient,153.0,0,0
City Hotel,1,153,2017,June,24,16,1,2,2,0.0,0,SC,CHE,Online TA,TA/TO,0,0,0,A,A,0,No Deposit,9.0,0,Transient,99.0,0,0
City Hotel,1,131,2017,June,24,16,1,2,2,0.0,0,BB,CZE,Direct,Direct,0,0,0,A,A,0,No Deposit,14.0,0,Transient,99.0,0,3
City Hotel,1,226,2017,June,24,16,1,2,2,0.0,0,BB,PRT,Offline TA/TO,TA/TO,0,0,0,A,A,0,Non Refund,20.0,0,Transient,105.0,0,0
City Hotel,1,226,2017,June,24,16,1,2,2,0.0,0,BB,PRT,Offline TA/TO,TA/TO,0,0,0,A,A,0,Non Refund,20.0,0,Transient,105.0,0,0
City Hotel,1,226,2017,June,24,16,1,2,2,0.0,0,BB,PRT,Offline TA/TO,TA/TO,0,0,0,A,A,0,Non Refund,20.0,0,Transient,105.0,0,0
City Hotel,1,226,2017,June,24,16,1,2,2,0.0,0,BB,PRT,Offline TA/TO,TA/TO,0,0,0,A,A,0,Non Refund,20.0,0,Transient,105.0,0,0
City Hotel,1,226,2017,June,24,16,1,2,2,0.0,0,BB,PRT,Offline TA/TO,TA/TO,0,0,0,A,A,0,Non Refund,20.0,0,Transient,105.0,0,0
City Hotel,1,226,2017,June,24,16,1,2,2,0.0,0,BB,PRT,Offline TA/TO,TA/TO,0,0,0,A,A,0,Non Refund,20.0,0,Transient,105.0,0,0
City Hotel,1,127,2017,June,24,16,1,2,2,0.0,0,BB,AUS,Online TA,TA/TO,0,0,0,A,A,0,No Deposit,9.0,0,Transient,117.0,0,2
City Hotel,1,51,2017,June,24,16,1,2,2,0.0,0,SC,DEU,Online TA,TA/TO,0,0,0,A,A,0,No Deposit,9.0,0,Transient,140.0,0,1
City Hotel,1,226,2017,June,24,16,1,2,2,0.0,0,BB,PRT,Offline TA/TO,TA/TO,0,0,0,A,A,0,Non Refund,20.0,0,Transient,105.0,0,0
City Hotel,1,226,2017,June,24,16,1,2,2,0.0,0,BB,PRT,Offline TA/TO,TA/TO,0,0,0,A,A,0,Non Refund,20.0,0,Transient,105.0,0,0
City Hotel,1,226,2017,June,24,16,1,2,2,0.0,0,BB,PRT,Offline TA/TO,TA/TO,0,0,0,A,A,0,Non Refund,20.0,0,Transient,105.0,0,0
City Hotel,1,226,2017,June,24,16,1,2,2,0.0,0,BB,PRT,Offline TA/TO,TA/TO,0,0,0,A,A,0,Non Refund,20.0,0,Transient,105.0,0,0
City Hotel,1,226,2017,June,24,16,1,2,2,0.0,0,BB,PRT,Offline TA/TO,TA/TO,0,0,0,A,A,0,Non Refund,20.0,0,Transient,105.0,0,0
City Hotel,1,226,2017,June,24,16,1,2,2,0.0,0,BB,PRT,Offline TA/TO,TA/TO,0,0,0,A,A,0,Non Refund,20.0,0,Transient,105.0,0,0
City Hotel,1,197,2017,June,24,16,1,2,2,0.0,0,BB,GBR,Online TA,TA/TO,0,0,0,D,D,0,No Deposit,9.0,0,Transient,130.5,0,0
City Hotel,1,123,2017,June,24,16,1,2,2,0.0,0,BB,FRA,Online TA,TA/TO,0,0,0,E,E,0,No Deposit,9.0,0,Transient,153.0,0,0
City Hotel,1,137,2017,June,24,16,1,2,2,0.0,0,SC,AUS,Online TA,TA/TO,0,0,0,A,A,0,No Deposit,9.0,0,Transient,99.0,0,0
City Hotel,1,226,2017,June,24,16,1,2,2,0.0,0,BB,PRT,Offline TA/TO,TA/TO,0,0,0,A,A,0,Non Refund,20.0,0,Transient,105.0,0,0
City Hotel,1,226,2017,June,24,16,1,2,2,0.0,0,BB,PRT,Offline TA/TO,TA/TO,0,0,0,A,A,0,Non Refund,20.0,0,Transient,105.0,0,0
City Hotel,1,226,2017,June,24,16,1,2,2,0.0,0,BB,PRT,Offline TA/TO,TA/TO,0,0,0,A,A,0,Non Refund,20.0,0,Transient,105.0,0,0
City Hotel,1,226,2017,June,24,16,1,2,2,0.0,0,BB,PRT,Offline TA/TO,TA/TO,0,0,0,A,A,0,Non Refund,20.0,0,Transient,105.0,0,0
City Hotel,1,226,2017,June,24,16,1,2,2,0.0,0,BB,PRT,Offline TA/TO,TA/TO,0,0,0,A,A,0,Non Refund,20.0,0,Transient,105.0,0,0
City Hotel,1,127,2017,June,24,16,1,2,2,0.0,0,BB,AUS,Online TA,TA/TO,0,0,0,A,A,0,No Deposit,9.0,0,Transient,117.0,0,2
City Hotel,1,226,2017,June,24,16,1,2,2,0.0,0,BB,PRT,Offline TA/TO,TA/TO,0,0,0,A,A,0,Non Refund,20.0,0,Transient,105.0,0,0
City Hotel,1,226,2017,June,24,16,1,2,2,0.0,0,BB,PRT,Offline TA/TO,TA/TO,0,0,0,A,A,0,Non Refund,20.0,0,Transient,105.0,0,0
City Hotel,1,123,2017,June,24,16,1,2,2,0.0,0,BB,FRA,Online TA,TA/TO,0,0,0,E,E,0,No Deposit,9.0,0,Transient,153.0,0,0
City Hotel,1,226,2017,June,24,16,1,2,2,0.0,0,BB,PRT,Offline TA/TO,TA/TO,0,0,0,A,A,0,Non Refund,20.0,0,Transient,105.0,0,0
City Hotel,1,226,2017,June,24,16,1,2,2,0.0,0,BB,PRT,Offline TA/TO,TA/TO,0,0,0,A,A,0,Non Refund,20.0,0,Transient,105.0,0,0
City Hotel,1,226,2017,June,24,16,1,2,2,0.0,0,BB,PRT,Offline TA/TO,TA/TO,0,0,0,A,A,0,Non Refund,20.0,0,Transient,105.0,0,0
City Hotel,1,169,2017,June,24,16,2,2,2,0.0,0,BB,DEU,Online TA,TA/TO,0,0,0,D,D,0,No Deposit,9.0,0,Transient,130.5,0,0
City Hotel,1,43,2017,June,24,17,0,1,2,0.0,0,BB,CHN,Online TA,TA/TO,0,0,0,A,A,0,No Deposit,9.0,0,Transient,144.0,0,1
City Hotel,1,7,2017,June,24,17,1,1,2,0.0,0,BB,PRT,Online TA,TA/TO,0,0,0,A,A,0,No Deposit,9.0,0,Transient,180.0,0,1
City Hotel,1,137,2017,June,24,17,1,1,2,0.0,0,BB,ITA,Online TA,TA/TO,0,0,0,A,A,0,No Deposit,9.0,0,Transient,117.0,0,0
City Hotel,1,10,2017,June,24,17,1,1,2,0.0,0,SC,GBR,Online TA,TA/TO,0,0,0,A,A,0,No Deposit,9.0,0,Transient,160.0,0,1
City Hotel,1,7,2017,June,24,17,1,1,2,0.0,0,BB,PRT,Online TA,TA/TO,0,0,0,A,A,0,No Deposit,9.0,0,Transient,180.0,0,1
City Hotel,1,127,2017,June,24,17,1,1,2,0.0,0,BB,ESP,Online TA,TA/TO,0,0,0,A,A,0,No Deposit,9.0,0,Transient,117.0,0,0
City Hotel,1,325,2017,June,24,17,2,1,2,0.0,0,BB,AUT,Online TA,TA/TO,0,0,0,A,A,2,No Deposit,9.0,0,Transient,112.8,0,2
City Hotel,1,448,2017,June,24,17,2,1,2,0.0,0,BB,PRT,Groups,TA/TO,0,0,0,A,A,0,No Deposit,229.0,0,Transient-Party,90.0,0,0
City Hotel,1,448,2017,June,24,17,2,1,2,0.0,0,BB,PRT,Groups,TA/TO,0,0,0,A,A,0,No Deposit,229.0,0,Transient-Party,90.0,0,0
City Hotel,1,44,2017,June,24,17,2,1,2,0.0,0,BB,NLD,Online TA,TA/TO,0,0,0,A,A,0,No Deposit,9.0,0,Transient,160.0,0,1
City Hotel,1,129,2017,June,24,17,2,1,2,0.0,0,SC,NLD,Online TA,TA/TO,0,0,0,A,A,0,No Deposit,9.0,0,Transient,99.0,0,0
City Hotel,1,448,2017,June,24,17,2,1,2,0.0,0,BB,PRT,Groups,TA/TO,0,0,0,A,A,0,No Deposit,229.0,0,Transient-Party,90.0,0,0
City Hotel,1,44,2017,June,24,17,2,1,2,0.0,0,BB,NLD,Online TA,TA/TO,0,0,0,A,A,0,No Deposit,9.0,0,Transient,160.0,0,1
City Hotel,1,165,2017,June,24,17,2,1,2,0.0,0,BB,UKR,Online TA,TA/TO,0,0,0,D,D,0,No Deposit,9.0,0,Transient,130.5,0,2
City Hotel,1,448,2017,June,24,17,2,1,2,0.0,0,BB,PRT,Groups,TA/TO,0,0,0,A,A,0,No Deposit,229.0,0,Transient-Party,90.0,0,0
City Hotel,1,448,2017,June,24,17,2,1,2,0.0,0,BB,PRT,Groups,TA/TO,0,0,0,A,A,0,No Deposit,229.0,0,Transient-Party,90.0,0,0
City Hotel,1,134,2017,June,24,17,2,2,2,0.0,0,SC,FRA,Online TA,TA/TO,0,0,0,A,A,0,No Deposit,9.0,0,Transient,99.0,0,0
City Hotel,1,42,2017,June,24,17,2,4,2,0.0,0,SC,NOR,Online TA,TA/TO,0,0,0,A,A,0,No Deposit,9.0,0,Transient,133.33,0,1
City Hotel,1,239,2017,June,24,17,2,4,2,0.0,0,SC,ROU,Online TA,TA/TO,0,0,0,A,A,0,No Deposit,9.0,0,Transient,99.0,0,0
City Hotel,1,165,2017,June,24,17,2,5,2,0.0,0,BB,PRT,Offline TA/TO,TA/TO,0,0,0,A,A,0,No Deposit,262.0,0,Transient,89.1,0,0
City Hotel,1,145,2017,June,24,17,2,5,2,0.0,0,BB,GBR,Online TA,TA/TO,0,0,0,A,A,0,No Deposit,9.0,0,Transient,117.0,0,0
City Hotel,1,131,2017,June,24,17,2,5,2,0.0,0,BB,FRA,Online TA,TA/TO,0,0,0,A,A,0,No Deposit,9.0,0,Transient,117.0,0,0
City Hotel,1,171,2017,June,24,17,2,5,2,0.0,0,BB,PRT,Offline TA/TO,TA/TO,0,0,0,A,A,0,No Deposit,262.0,0,Transient,89.1,0,0
City Hotel,1,145,2017,June,24,17,2,5,2,0.0,0,BB,GBR,Online TA,TA/TO,0,0,0,A,A,0,No Deposit,9.0,0,Transient,117.0,0,0
City Hotel,1,191,2017,June,24,17,4,8,2,0.0,0,BB,MAR,Online TA,TA/TO,0,0,0,D,D,0,No Deposit,9.0,0,Transient,130.5,0,1
City Hotel,1,5,2017,June,25,18,1,0,2,0.0,0,BB,AUS,Direct,Direct,0,0,0,A,A,0,No Deposit,14.0,0,Transient,144.0,0,0
City Hotel,1,12,2017,June,25,18,1,0,2,0.0,0,SC,PRT,Online TA,TA/TO,0,0,0,A,A,0,No Deposit,7.0,0,Transient,160.0,0,1
City Hotel,1,217,2017,June,25,18,1,0,2,0.0,0,BB,CN,Online TA,TA/TO,0,0,0,A,A,0,No Deposit,9.0,0,Transient,117.0,0,0
City Hotel,1,94,2017,June,25,18,1,0,2,0.0,0,SC,HKG,Online TA,TA/TO,0,0,0,A,A,0,No Deposit,9.0,0,Transient,126.0,0,0
City Hotel,1,125,2017,June,25,18,2,0,2,0.0,0,BB,ISR,Online TA,TA/TO,0,0,0,A,A,0,No Deposit,9.0,0,Transient,117.0,0,0
City Hotel,1,125,2017,June,25,18,2,0,2,0.0,0,BB,ISR,Online TA,TA/TO,0,0,0,A,A,0,No Deposit,9.0,0,Transient,117.0,0,0
City Hotel,1,125,2017,June,25,18,2,0,2,0.0,0,BB,ISR,Online TA,TA/TO,0,0,0,A,A,0,No Deposit,9.0,0,Transient,117.0,0,0
City Hotel,1,107,2017,June,25,18,2,1,2,0.0,0,BB,PRT,Offline TA/TO,TA/TO,0,0,0,A,A,0,No Deposit,85.0,0,Transient,89.1,0,1
City Hotel,1,33,2017,June,25,18,2,1,2,0.0,0,BB,HUN,Online TA,TA/TO,0,0,0,A,A,0,No Deposit,9.0,0,Transient,173.33,0,2
City Hotel,1,91,2017,June,25,18,2,1,2,0.0,0,SC,ISR,Online TA,TA/TO,0,0,0,A,A,0,No Deposit,9.0,0,Transient,126.0,0,0
City Hotel,1,49,2017,June,25,18,2,1,2,0.0,0,BB,DEU,Online TA,TA/TO,0,0,0,D,D,0,No Deposit,9.0,0,Transient,170.0,0,1
City Hotel,1,91,2017,June,25,18,2,1,2,0.0,0,SC,ISR,Online TA,TA/TO,0,0,0,A,A,0,No Deposit,9.0,0,Transient,126.0,0,0
City Hotel,1,120,2017,June,25,18,2,2,2,0.0,0,BB,FRA,Online TA,TA/TO,0,0,0,A,A,0,No Deposit,9.0,0,Transient,109.71,0,1
City Hotel,1,238,2017,June,25,18,2,2,2,0.0,0,BB,GBR,Online TA,TA/TO,0,0,0,A,A,0,No Deposit,9.0,0,Transient,117.0,0,1
City Hotel,1,238,2017,June,25,18,2,2,2,0.0,0,BB,GBR,Online TA,TA/TO,0,0,0,A,A,0,No Deposit,9.0,0,Transient,117.0,0,1
City Hotel,1,120,2017,June,25,18,2,2,2,0.0,0,BB,FRA,Online TA,TA/TO,0,0,0,A,A,0,No Deposit,9.0,0,Transient,118.86,0,1
City Hotel,1,120,2017,June,25,18,2,2,2,0.0,0,BB,FRA,Online TA,TA/TO,0,0,0,A,A,0,No Deposit,9.0,0,Transient,109.71,0,1
City Hotel,1,116,2017,June,25,18,2,2,2,0.0,0,SC,CN,Online TA,TA/TO,0,0,0,A,A,0,No Deposit,9.0,0,Transient,99.0,0,0
City Hotel,1,321,2017,June,25,18,2,3,2,0.0,0,HB,IRL,Online TA,TA/TO,0,0,0,A,A,0,No Deposit,9.0,0,Transient,144.0,0,0
City Hotel,1,342,2017,June,25,18,2,3,2,0.0,0,SC,BRA,Online TA,TA/TO,0,0,0,A,A,0,No Deposit,9.0,0,Transient,99.0,0,0
City Hotel,1,59,2017,June,25,18,2,3,2,0.0,0,BB,FRA,Online TA,TA/TO,0,0,0,D,D,0,No Deposit,9.0,0,Transient,170.0,0,2
City Hotel,1,342,2017,June,25,18,2,3,2,0.0,0,SC,FRA,Online TA,TA/TO,0,0,0,A,A,0,No Deposit,9.0,0,Transient,99.0,0,0
City Hotel,1,321,2017,June,25,18,2,3,2,0.0,0,HB,IRL,Online TA,TA/TO,0,0,0,A,A,0,No Deposit,9.0,0,Transient,144.0,0,0
City Hotel,1,105,2017,June,25,18,2,5,2,0.0,0,SC,BEL,Online TA,TA/TO,0,0,0,A,A,0,No Deposit,9.0,0,Transient,108.0,0,0
City Hotel,1,201,2017,June,25,19,1,1,2,0.0,0,BB,MEX,Online TA,TA/TO,0,0,0,D,D,0,No Deposit,9.0,0,Transient,130.5,0,0
City Hotel,1,115,2017,June,25,19,1,1,2,0.0,0,BB,BEL,Direct,Direct,0,0,0,A,A,0,No Deposit,14.0,0,Transient,99.0,0,0
City Hotel,1,116,2017,June,25,19,1,1,2,0.0,0,SC,IRL,Online TA,TA/TO,0,0,0,A,A,0,No Deposit,9.0,0,Transient,99.0,0,0
City Hotel,1,19,2017,June,25,19,1,1,2,0.0,0,BB,GBR,Online TA,TA/TO,0,0,0,D,D,0,No Deposit,9.0,0,Transient,150.0,0,3
City Hotel,1,155,2017,June,25,19,1,2,2,0.0,0,BB,PRT,Online TA,TA/TO,0,0,0,D,D,0,No Deposit,8.0,0,Transient,127.8,0,1
City Hotel,1,99,2017,June,25,19,1,2,2,0.0,0,SC,IRL,Online TA,TA/TO,0,0,0,A,A,2,No Deposit,9.0,0,Transient,130.67,0,0
City Hotel,1,66,2017,June,25,19,1,2,2,0.0,0,SC,AUS,Online TA,TA/TO,0,0,0,A,A,0,No Deposit,9.0,0,Transient,140.0,0,0
City Hotel,1,301,2017,June,25,19,1,2,2,0.0,0,BB,GBR,Online TA,TA/TO,0,0,0,D,D,0,No Deposit,9.0,0,Transient,126.9,0,2
City Hotel,1,26,2017,June,25,19,1,2,2,0.0,0,BB,FRA,Online TA,TA/TO,0,0,0,D,D,0,No Deposit,9.0,0,Transient,150.0,0,2
City Hotel,1,99,2017,June,25,19,1,2,2,0.0,0,BB,FRA,Direct,Direct,0,0,0,A,A,0,No Deposit,14.0,0,Transient,126.0,0,0
City Hotel,1,120,2017,June,25,19,1,2,2,0.0,0,BB,NLD,Online TA,TA/TO,0,0,0,A,A,0,No Deposit,9.0,0,Transient,117.0,0,0
City Hotel,1,33,2017,June,25,19,1,2,2,0.0,0,SC,FRA,Online TA,TA/TO,0,0,0,A,A,0,No Deposit,9.0,0,Transient,120.0,0,1
City Hotel,1,99,2017,June,25,19,1,2,2,0.0,0,BB,FRA,Direct,Direct,0,0,0,A,A,0,No Deposit,14.0,0,Transient,135.0,0,0
City Hotel,1,210,2017,June,25,19,1,3,2,0.0,0,BB,PRT,Offline TA/TO,TA/TO,0,0,0,A,A,0,Non Refund,154.0,0,Transient,130.0,0,0
City Hotel,1,210,2017,June,25,19,1,3,2,0.0,0,BB,PRT,Offline TA/TO,TA/TO,0,0,0,A,A,0,Non Refund,154.0,0,Transient,130.0,0,0
City Hotel,1,210,2017,June,25,19,1,3,2,0.0,0,BB,PRT,Offline TA/TO,TA/TO,0,0,0,A,A,0,Non Refund,154.0,0,Transient,130.0,0,0
City Hotel,1,210,2017,June,25,19,1,3,2,0.0,0,BB,PRT,Offline TA/TO,TA/TO,0,0,0,A,A,0,Non Refund,154.0,0,Transient,130.0,0,0
City Hotel,1,210,2017,June,25,19,1,3,2,0.0,0,BB,PRT,Offline TA/TO,TA/TO,0,0,0,A,A,0,Non Refund,154.0,0,Transient,130.0,0,0
City Hotel,1,210,2017,June,25,19,1,3,2,0.0,0,BB,PRT,Offline TA/TO,TA/TO,0,0,0,A,A,0,Non Refund,154.0,0,Transient,130.0,0,0
City Hotel,1,210,2017,June,25,19,1,3,2,0.0,0,BB,PRT,Offline TA/TO,TA/TO,0,0,0,A,A,0,Non Refund,154.0,0,Transient,130.0,0,0
City Hotel,1,210,2017,June,25,19,1,3,2,0.0,0,BB,PRT,Offline TA/TO,TA/TO,0,0,0,A,A,0,Non Refund,154.0,0,Transient,130.0,0,0
City Hotel,1,51,2017,June,25,19,1,3,2,0.0,0,BB,CN,Online TA,TA/TO,0,0,0,E,E,0,No Deposit,9.0,0,Transient,200.0,0,1
City Hotel,1,210,2017,June,25,19,1,3,2,0.0,0,BB,PRT,Offline TA/TO,TA/TO,0,0,0,A,A,0,Non Refund,154.0,0,Transient,130.0,0,0
City Hotel,1,66,2017,June,25,19,1,3,2,0.0,0,SC,ESP,Online TA,TA/TO,0,0,0,A,A,0,No Deposit,9.0,0,Transient,140.0,0,1
City Hotel,1,85,2017,June,25,19,1,3,2,0.0,0,BB,GBR,Online TA,TA/TO,0,0,0,D,D,0,No Deposit,9.0,0,Transient,170.0,0,0
City Hotel,1,210,2017,June,25,19,1,3,2,0.0,0,BB,PRT,Offline TA/TO,TA/TO,0,0,0,A,A,0,Non Refund,154.0,0,Transient,130.0,0,0
City Hotel,1,210,2017,June,25,19,1,3,2,0.0,0,BB,PRT,Offline TA/TO,TA/TO,0,0,0,A,A,0,Non Refund,154.0,0,Transient,130.0,0,0
City Hotel,1,210,2017,June,25,19,1,3,2,0.0,0,BB,PRT,Offline TA/TO,TA/TO,0,0,0,A,A,0,Non Refund,154.0,0,Transient,130.0,0,0
City Hotel,1,59,2017,June,25,19,1,3,2,0.0,0,SC,GBR,Online TA,TA/TO,0,0,0,A,A,0,No Deposit,9.0,0,Transient,140.0,0,1
City Hotel,1,210,2017,June,25,19,1,3,2,0.0,0,BB,PRT,Offline TA/TO,TA/TO,0,0,0,A,A,0,Non Refund,154.0,0,Transient,130.0,0,0
City Hotel,1,210,2017,June,25,19,1,3,2,0.0,0,BB,PRT,Offline TA/TO,TA/TO,0,0,0,A,A,0,Non Refund,154.0,0,Transient,130.0,0,0
City Hotel,1,210,2017,June,25,19,1,3,2,0.0,0,BB,PRT,Offline TA/TO,TA/TO,0,0,0,A,A,0,Non Refund,154.0,0,Transient,130.0,0,0
City Hotel,1,210,2017,June,25,19,1,3,2,0.0,0,BB,PRT,Offline TA/TO,TA/TO,0,0,0,A,A,0,Non Refund,154.0,0,Transient,130.0,0,0
City Hotel,1,210,2017,June,25,19,1,3,2,0.0,0,BB,PRT,Offline TA/TO,TA/TO,0,0,0,A,A,0,Non Refund,154.0,0,Transient,130.0,0,0
City Hotel,1,210,2017,June,25,19,1,3,2,0.0,0,BB,PRT,Offline TA/TO,TA/TO,0,0,0,A,A,0,Non Refund,154.0,0,Transient,130.0,0,0
City Hotel,1,210,2017,June,25,19,1,3,2,0.0,0,BB,PRT,Offline TA/TO,TA/TO,0,0,0,A,A,0,Non Refund,154.0,0,Transient,130.0,0,0
City Hotel,1,92,2017,June,25,19,1,3,2,0.0,0,SC,LUX,Online TA,TA/TO,0,0,0,A,A,0,No Deposit,9.0,0,Transient,126.0,0,0
City Hotel,1,210,2017,June,25,19,1,3,2,0.0,0,BB,PRT,Offline TA/TO,TA/TO,0,0,0,A,A,0,Non Refund,154.0,0,Transient,130.0,0,0
City Hotel,1,210,2017,June,25,19,1,3,2,0.0,0,BB,PRT,Offline TA/TO,TA/TO,0,0,0,A,A,0,Non Refund,154.0,0,Transient,130.0,0,0
City Hotel,1,210,2017,June,25,19,1,3,2,0.0,0,BB,PRT,Offline TA/TO,TA/TO,0,0,0,A,A,0,Non Refund,154.0,0,Transient,130.0,0,0
City Hotel,1,210,2017,June,25,19,1,3,2,0.0,0,BB,PRT,Offline TA/TO,TA/TO,0,0,0,A,A,0,Non Refund,154.0,0,Transient,130.0,0,0
City Hotel,1,210,2017,June,25,19,1,3,2,0.0,0,BB,PRT,Offline TA/TO,TA/TO,0,0,0,A,A,0,Non Refund,154.0,0,Transient,130.0,0,0
City Hotel,1,210,2017,June,25,19,1,3,2,0.0,0,BB,PRT,Offline TA/TO,TA/TO,0,0,0,A,A,0,Non Refund,154.0,0,Transient,130.0,0,0
City Hotel,1,210,2017,June,25,19,1,3,2,0.0,0,BB,PRT,Offline TA/TO,TA/TO,0,0,0,A,A,0,Non Refund,154.0,0,Transient,130.0,0,0
City Hotel,1,162,2017,June,25,19,1,3,2,0.0,0,BB,SWE,Online TA,TA/TO,0,0,0,D,D,0,No Deposit,9.0,0,Transient,130.5,0,0
City Hotel,1,32,2017,June,25,19,1,3,2,0.0,0,SC,PRT,Online TA,TA/TO,0,0,0,A,A,0,No Deposit,85.0,0,Transient,89.0,0,0
City Hotel,1,210,2017,June,25,19,1,3,2,0.0,0,BB,PRT,Offline TA/TO,TA/TO,0,0,0,A,A,0,Non Refund,154.0,0,Transient,130.0,0,0
City Hotel,1,210,2017,June,25,19,1,3,2,0.0,0,BB,PRT,Offline TA/TO,TA/TO,0,0,0,A,A,0,Non Refund,154.0,0,Transient,130.0,0,0
City Hotel,1,122,2017,June,25,19,1,4,2,0.0,0,SC,BEL,Online TA,TA/TO,0,0,0,A,A,0,No Deposit,9.0,0,Transient,99.0,0,0
City Hotel,1,94,2017,June,25,19,1,4,2,0.0,0,BB,BRA,Online TA,TA/TO,0,0,0,A,A,0,No Deposit,9.0,0,Transient,144.0,0,0
City Hotel,1,128,2017,June,25,19,1,5,2,0.0,0,SC,FRA,Online TA,TA/TO,0,0,0,A,A,0,No Deposit,9.0,0,Transient,99.0,0,0
City Hotel,1,139,2017,June,25,19,1,5,2,0.0,0,BB,HRV,Online TA,TA/TO,0,0,0,D,D,0,No Deposit,9.0,0,Transient,126.0,0,1
City Hotel,1,237,2017,June,25,19,3,5,2,0.0,0,HB,DEU,Online TA,TA/TO,0,0,0,D,D,0,No Deposit,9.0,0,Transient,164.7,0,1
City Hotel,1,46,2017,June,25,20,0,1,2,0.0,0,BB,PRT,Groups,TA/TO,0,0,0,A,A,0,No Deposit,229.0,0,Transient-Party,90.0,0,0
City Hotel,1,451,2017,June,25,20,0,1,2,0.0,0,BB,PRT,Groups,TA/TO,0,0,0,A,A,0,Non Refund,229.0,0,Transient,90.0,0,0
City Hotel,1,451,2017,June,25,20,0,1,2,0.0,0,BB,PRT,Groups,TA/TO,0,0,0,A,A,0,Non Refund,229.0,0,Transient,90.0,0,0
City Hotel,1,46,2017,June,25,20,0,1,2,0.0,0,BB,PRT,Groups,TA/TO,0,0,0,A,A,0,No Deposit,229.0,0,Transient-Party,90.0,0,0
City Hotel,1,46,2017,June,25,20,0,1,2,0.0,0,BB,PRT,Groups,TA/TO,0,0,0,A,A,0,No Deposit,229.0,0,Transient-Party,90.0,0,0
City Hotel,1,451,2017,June,25,20,0,1,2,0.0,0,BB,PRT,Groups,TA/TO,0,0,0,A,A,0,Non Refund,229.0,0,Transient,90.0,0,0
City Hotel,1,46,2017,June,25,20,0,1,2,0.0,0,BB,PRT,Groups,TA/TO,0,0,0,A,A,0,No Deposit,229.0,0,Transient-Party,90.0,0,0
City Hotel,1,451,2017,June,25,20,0,1,2,0.0,0,BB,PRT,Groups,TA/TO,0,0,0,A,A,0,Non Refund,229.0,0,Transient,90.0,0,0
City Hotel,1,46,2017,June,25,20,0,1,2,0.0,0,BB,PRT,Groups,TA/TO,0,0,0,A,A,0,No Deposit,229.0,0,Transient-Party,90.0,0,0
City Hotel,1,46,2017,June,25,20,0,1,2,0.0,0,BB,PRT,Groups,TA/TO,0,0,0,A,A,0,No Deposit,229.0,0,Transient-Party,90.0,0,0
City Hotel,1,451,2017,June,25,20,0,1,2,0.0,0,BB,PRT,Groups,TA/TO,0,0,0,A,A,0,Non Refund,229.0,0,Transient,90.0,0,0
City Hotel,1,451,2017,June,25,20,0,1,2,0.0,0,BB,PRT,Groups,TA/TO,0,0,0,A,A,0,Non Refund,229.0,0,Transient,90.0,0,0
City Hotel,1,117,2017,June,25,20,0,1,2,0.0,0,SC,AUS,Online TA,TA/TO,0,0,0,A,A,0,No Deposit,9.0,0,Transient,99.0,0,0
City Hotel,1,46,2017,June,25,20,0,1,2,0.0,0,BB,PRT,Groups,TA/TO,0,0,0,A,A,0,No Deposit,229.0,0,Transient-Party,90.0,0,0
City Hotel,1,451,2017,June,25,20,0,1,2,0.0,0,BB,PRT,Groups,TA/TO,0,0,0,A,A,0,Non Refund,229.0,0,Transient,90.0,0,0
City Hotel,1,451,2017,June,25,20,0,1,2,0.0,0,BB,PRT,Groups,TA/TO,0,0,0,A,A,0,Non Refund,229.0,0,Transient,90.0,0,0
City Hotel,1,46,2017,June,25,20,0,1,2,0.0,0,BB,PRT,Groups,TA/TO,0,0,0,A,A,0,No Deposit,229.0,0,Transient-Party,90.0,0,0
City Hotel,1,451,2017,June,25,20,0,1,2,0.0,0,BB,PRT,Groups,TA/TO,0,0,0,A,A,0,Non Refund,229.0,0,Transient,90.0,0,0
City Hotel,1,117,2017,June,25,20,0,1,2,0.0,0,SC,AUS,Online TA,TA/TO,0,0,0,A,A,0,No Deposit,9.0,0,Transient,99.0,0,0
City Hotel,1,46,2017,June,25,20,0,1,2,0.0,0,BB,PRT,Groups,TA/TO,0,0,0,A,A,0,No Deposit,229.0,0,Transient-Party,90.0,0,0
City Hotel,1,46,2017,June,25,20,0,1,2,0.0,0,BB,PRT,Groups,TA/TO,0,0,0,A,A,0,No Deposit,229.0,0,Transient-Party,90.0,0,0
City Hotel,1,230,2017,June,25,20,0,1,2,0.0,0,SC,BRA,Online TA,TA/TO,0,0,0,A,A,0,No Deposit,9.0,0,Transient,99.0,0,0
City Hotel,1,451,2017,June,25,20,0,1,2,0.0,0,BB,PRT,Groups,TA/TO,0,0,0,A,A,0,Non Refund,229.0,0,Transient,90.0,0,0
City Hotel,1,118,2017,June,25,20,0,2,2,0.0,0,BB,AGO,Online TA,TA/TO,0,0,0,A,A,0,No Deposit,9.0,0,Transient,117.0,0,0
City Hotel,1,51,2017,June,25,20,0,2,2,0.0,0,BB,USA,Online TA,TA/TO,0,0,0,E,E,0,No Deposit,9.0,0,Transient,240.0,0,1
City Hotel,1,121,2017,June,25,20,0,3,2,0.0,0,BB,IRL,Online TA,TA/TO,0,0,0,A,A,0,No Deposit,9.0,0,Transient,117.0,0,0
City Hotel,1,204,2017,June,25,20,0,3,2,0.0,0,BB,GBR,Online TA,TA/TO,0,0,0,D,D,0,No Deposit,9.0,0,Transient,130.5,0,0
City Hotel,1,60,2017,June,25,20,0,3,2,0.0,0,SC,ARG,Online TA,TA/TO,0,0,0,A,A,0,No Deposit,9.0,0,Transient,140.0,0,1
City Hotel,1,97,2017,June,25,20,0,4,2,0.0,0,SC,GBR,Online TA,TA/TO,0,0,0,A,A,0,No Deposit,9.0,0,Transient,126.0,0,2
City Hotel,1,106,2017,June,25,20,0,4,2,0.0,0,BB,BEL,Online TA,TA/TO,0,0,0,A,A,0,No Deposit,9.0,0,Transient,126.0,0,0
City Hotel,1,285,2017,June,25,20,0,4,2,0.0,0,SC,BRA,Online TA,TA/TO,0,0,0,A,A,0,No Deposit,9.0,0,Transient,110.0,0,1
City Hotel,1,54,2017,June,25,20,0,5,2,0.0,0,BB,PRT,Direct,Direct,0,0,0,B,B,0,No Deposit,,0,Transient-Party,136.7,0,0
City Hotel,1,54,2017,June,25,20,0,5,2,0.0,0,BB,PRT,Direct,Direct,0,0,0,B,B,0,No Deposit,,0,Transient-Party,136.7,0,0
City Hotel,1,294,2017,June,25,20,2,7,2,0.0,0,SC,NOR,Online TA,TA/TO,0,0,0,A,A,0,No Deposit,9.0,0,Transient,99.0,0,1
City Hotel,1,42,2017,June,25,20,2,7,2,0.0,0,SC,NOR,Online TA,TA/TO,0,0,0,A,A,0,No Deposit,9.0,0,Transient,99.0,0,1
City Hotel,1,18,2017,June,25,20,2,8,2,0.0,0,BB,IRN,Direct,Direct,0,0,0,G,G,0,No Deposit,14.0,0,Transient,276.9,0,0
City Hotel,1,55,2017,June,25,21,0,2,2,0.0,0,BB,CN,Online TA,TA/TO,0,0,0,A,A,3,No Deposit,9.0,0,Transient,140.0,0,1
City Hotel,1,32,2017,June,25,21,0,2,2,0.0,0,BB,KOR,Online TA,TA/TO,0,0,0,A,A,0,No Deposit,9.0,0,Transient,160.0,0,0
City Hotel,1,32,2017,June,25,21,0,2,2,0.0,0,SC,KOR,Online TA,TA/TO,0,0,0,A,A,0,No Deposit,9.0,0,Transient,140.0,0,1
City Hotel,1,105,2017,June,25,21,0,2,2,0.0,0,SC,ISR,Online TA,TA/TO,0,0,0,A,A,0,No Deposit,9.0,0,Transient,126.0,0,0
City Hotel,1,51,2017,June,25,21,0,3,2,0.0,0,SC,ISR,Online TA,TA/TO,0,0,0,A,A,0,No Deposit,9.0,0,Transient,140.0,0,1
City Hotel,1,44,2017,June,25,21,0,2,2,0.0,0,BB,FRA,Direct,Direct,0,0,0,A,A,0,No Deposit,14.0,0,Transient,126.0,0,0
City Hotel,1,30,2017,June,25,21,0,3,2,0.0,0,BB,CHE,Online TA,TA/TO,0,0,0,E,E,0,No Deposit,9.0,0,Transient,206.67,0,1
City Hotel,1,126,2017,June,25,21,0,3,2,0.0,0,BB,ESP,Online TA,TA/TO,0,0,0,A,A,0,No Deposit,9.0,0,Transient,126.0,0,1
City Hotel,1,77,2017,June,25,21,0,3,2,0.0,0,BB,GBR,Online TA,TA/TO,0,0,0,D,D,0,No Deposit,9.0,0,Transient,170.0,0,1
City Hotel,1,249,2017,June,25,21,0,4,2,0.0,0,BB,GBR,Online TA,TA/TO,0,0,0,A,A,0,No Deposit,9.0,0,Transient,109.8,0,1
City Hotel,1,212,2017,June,25,21,0,4,2,0.0,0,BB,PRT,Corporate,TA/TO,0,0,0,A,A,0,Non Refund,,59,Transient,120.0,0,0
City Hotel,1,163,2017,June,25,21,0,4,2,0.0,0,BB,DEU,Online TA,TA/TO,0,0,0,D,D,0,No Deposit,9.0,0,Transient,130.5,0,0
City Hotel,1,18,2017,June,25,21,0,3,2,0.0,0,SC,CN,Online TA,TA/TO,0,0,0,A,A,0,No Deposit,9.0,0,Transient,160.0,0,1
City Hotel,1,162,2017,June,25,21,0,3,2,0.0,0,BB,ITA,Online TA,TA/TO,0,0,0,D,D,0,No Deposit,9.0,0,Transient,130.5,0,0
City Hotel,1,51,2017,June,25,21,0,4,2,0.0,0,SC,USA,Online TA,TA/TO,0,0,0,A,A,0,No Deposit,9.0,0,Transient,135.0,0,1
City Hotel,1,94,2017,June,25,21,0,4,2,0.0,0,BB,DOM,Online TA,TA/TO,0,0,0,D,D,1,No Deposit,9.0,0,Transient,148.5,0,1
City Hotel,1,51,2017,June,25,21,0,4,2,0.0,0,SC,USA,Online TA,TA/TO,0,0,0,A,A,0,No Deposit,9.0,0,Transient,135.0,0,1
City Hotel,1,115,2017,June,25,21,0,4,2,0.0,0,BB,PRT,Online TA,TA/TO,0,0,0,A,A,0,No Deposit,7.0,0,Transient,93.6,0,0
City Hotel,1,127,2017,June,25,21,0,4,2,0.0,0,BB,PRT,Offline TA/TO,TA/TO,0,0,0,A,A,0,No Deposit,262.0,0,Transient,99.0,0,0
City Hotel,1,249,2017,June,25,21,0,4,2,0.0,0,BB,GBR,Online TA,TA/TO,0,0,0,D,D,0,No Deposit,9.0,0,Transient,149.4,0,1
City Hotel,1,270,2017,June,25,21,2,4,2,0.0,0,BB,NLD,Direct,Direct,0,0,0,A,A,1,No Deposit,14.0,0,Transient,105.0,0,0
City Hotel,1,98,2017,June,25,21,2,5,2,0.0,0,BB,PRT,Offline TA/TO,TA/TO,0,0,0,A,A,0,No Deposit,16.0,0,Transient,89.1,0,0
City Hotel,1,13,2017,June,25,22,0,1,2,0.0,0,BB,PRT,Corporate,Corporate,0,0,0,A,A,0,No Deposit,,0,Transient,95.0,0,2
City Hotel,1,295,2017,June,25,22,0,2,2,0.0,0,BB,BEL,Direct,Direct,0,0,0,A,A,0,No Deposit,14.0,0,Transient,108.0,0,2
City Hotel,1,51,2017,June,25,22,0,2,2,0.0,0,SC,CHN,Online TA,TA/TO,0,0,0,A,A,0,No Deposit,9.0,0,Transient,126.0,0,0
City Hotel,1,135,2017,June,25,22,0,3,2,0.0,0,SC,FRA,Online TA,TA/TO,0,0,0,A,A,0,No Deposit,9.0,0,Transient,99.0,0,0
City Hotel,1,15,2017,June,25,22,0,3,2,0.0,0,SC,FRA,Online TA,TA/TO,0,0,0,A,A,0,No Deposit,9.0,0,Transient,160.0,0,1
City Hotel,1,118,2017,June,25,22,0,3,2,0.0,0,BB,FRA,Online TA,TA/TO,0,0,0,A,A,0,No Deposit,9.0,0,Transient,117.0,0,0
City Hotel,1,132,2017,June,25,22,0,3,2,0.0,0,BB,DEU,Online TA,TA/TO,0,0,0,A,A,0,No Deposit,9.0,0,Transient,117.0,0,0
City Hotel,1,186,2017,June,25,22,0,3,2,0.0,0,HB,FRA,Online TA,TA/TO,0,0,0,D,D,0,No Deposit,9.0,0,Transient,166.5,0,1
City Hotel,1,139,2017,June,25,22,0,3,2,0.0,0,BB,USA,Online TA,TA/TO,0,0,0,D,D,0,No Deposit,9.0,0,Transient,126.0,0,1
City Hotel,1,41,2017,June,25,22,0,3,2,0.0,0,BB,DEU,Online TA,TA/TO,0,0,0,D,D,0,No Deposit,9.0,0,Transient,170.0,0,0
City Hotel,1,117,2017,June,25,22,0,3,2,0.0,0,BB,HRV,Online TA,TA/TO,0,0,0,A,A,0,No Deposit,9.0,0,Transient,117.0,0,0
City Hotel,1,119,2017,June,25,22,0,3,2,0.0,0,SC,FRA,Online TA,TA/TO,0,0,0,A,A,0,No Deposit,9.0,0,Transient,99.0,0,0
City Hotel,1,52,2017,June,25,22,1,3,2,0.0,0,SC,PRT,Online TA,TA/TO,0,0,0,A,A,0,No Deposit,8.0,0,Transient,130.0,0,1
City Hotel,1,195,2017,June,25,22,1,3,2,0.0,0,SC,PRT,Online TA,TA/TO,0,0,0,A,A,0,No Deposit,10.0,0,Transient,99.0,0,0
City Hotel,1,17,2017,June,25,22,1,3,2,0.0,0,SC,ARE,Online TA,TA/TO,0,0,0,A,A,0,No Deposit,9.0,0,Transient,160.0,0,1
City Hotel,1,231,2017,June,25,22,1,3,2,0.0,0,BB,HRV,Online TA,TA/TO,0,0,0,D,D,0,No Deposit,9.0,0,Transient,130.5,0,2
City Hotel,1,207,2017,June,25,22,1,3,2,0.0,0,SC,ROU,Online TA,TA/TO,0,0,0,A,A,0,No Deposit,9.0,0,Transient,99.0,0,0
City Hotel,1,93,2017,June,25,22,2,3,2,0.0,0,BB,PRT,Offline TA/TO,TA/TO,0,0,0,A,A,0,No Deposit,132.0,0,Transient-Party,99.0,0,0
City Hotel,1,93,2017,June,25,22,2,3,2,0.0,0,BB,PRT,Offline TA/TO,TA/TO,0,0,0,A,A,0,No Deposit,132.0,0,Transient-Party,99.0,0,0
City Hotel,1,93,2017,June,25,22,2,3,2,0.0,0,BB,PRT,Offline TA/TO,TA/TO,0,0,0,A,A,0,No Deposit,132.0,0,Transient-Party,99.0,0,0
City Hotel,1,93,2017,June,25,22,2,3,2,0.0,0,BB,PRT,Offline TA/TO,TA/TO,0,0,0,A,A,0,No Deposit,132.0,0,Transient-Party,99.0,0,0
City Hotel,1,93,2017,June,25,22,2,3,2,0.0,0,BB,PRT,Offline TA/TO,TA/TO,0,0,0,A,A,0,No Deposit,132.0,0,Transient-Party,99.0,0,0
City Hotel,1,93,2017,June,25,22,2,3,2,0.0,0,BB,PRT,Offline TA/TO,TA/TO,0,0,0,A,A,0,No Deposit,132.0,0,Transient-Party,99.0,0,0
City Hotel,1,96,2017,June,25,23,0,1,2,0.0,0,SC,FRA,Online TA,TA/TO,0,0,0,A,A,0,No Deposit,9.0,0,Transient,126.0,0,0
City Hotel,1,137,2017,June,25,23,0,2,2,0.0,0,BB,PRT,Offline TA/TO,TA/TO,0,0,0,A,A,0,Non Refund,3.0,0,Transient,125.0,0,0
City Hotel,1,160,2017,June,25,23,0,2,2,0.0,0,BB,FRA,Online TA,TA/TO,0,0,0,D,D,0,No Deposit,9.0,0,Transient,127.8,0,0
City Hotel,1,137,2017,June,25,23,0,2,2,0.0,0,BB,PRT,Offline TA/TO,TA/TO,0,0,0,A,A,0,Non Refund,3.0,0,Transient,125.0,0,0
City Hotel,1,115,2017,June,25,23,0,2,2,0.0,0,SC,GBR,Online TA,TA/TO,0,0,0,A,A,0,No Deposit,9.0,0,Transient,108.0,0,0
City Hotel,1,115,2017,June,25,23,0,2,2,0.0,0,SC,GBR,Online TA,TA/TO,0,0,0,A,A,0,No Deposit,9.0,0,Transient,108.0,0,0
City Hotel,1,59,2017,June,25,23,0,2,2,0.0,0,SC,ESP,Online TA,TA/TO,0,0,0,A,A,0,No Deposit,9.0,0,Transient,130.0,0,0
City Hotel,1,126,2017,June,25,23,0,2,2,0.0,0,BB,DEU,Online TA,TA/TO,0,0,0,A,A,0,No Deposit,9.0,0,Transient,117.0,0,0
City Hotel,1,137,2017,June,25,23,0,2,2,0.0,0,BB,PRT,Offline TA/TO,TA/TO,0,0,0,A,A,0,Non Refund,3.0,0,Transient,125.0,0,0
City Hotel,1,227,2017,June,25,23,0,2,2,0.0,0,SC,ITA,Online TA,TA/TO,0,0,0,A,A,0,No Deposit,9.0,0,Transient,99.0,0,0
City Hotel,1,59,2017,June,25,23,0,2,2,0.0,0,SC,ESP,Online TA,TA/TO,0,0,0,A,A,0,No Deposit,9.0,0,Transient,130.0,0,0
City Hotel,1,227,2017,June,25,23,0,2,2,0.0,0,SC,ITA,Online TA,TA/TO,0,0,0,A,A,0,No Deposit,9.0,0,Transient,99.0,0,0
City Hotel,1,322,2017,June,25,23,0,2,2,0.0,0,BB,NOR,Online TA,TA/TO,0,0,0,A,A,0,No Deposit,9.0,0,Transient,109.8,0,0
City Hotel,1,115,2017,June,25,23,0,2,2,0.0,0,SC,GBR,Online TA,TA/TO,0,0,0,A,A,0,No Deposit,9.0,0,Transient,108.0,0,0
City Hotel,1,137,2017,June,25,23,0,2,2,0.0,0,BB,PRT,Offline TA/TO,TA/TO,0,0,0,A,A,0,Non Refund,3.0,0,Transient,125.0,0,0
City Hotel,1,137,2017,June,25,23,0,2,2,0.0,0,BB,PRT,Offline TA/TO,TA/TO,0,0,0,A,A,0,Non Refund,3.0,0,Transient,125.0,0,0
City Hotel,1,196,2017,June,25,23,0,2,2,0.0,0,BB,PRT,Offline TA/TO,TA/TO,0,0,0,A,A,0,Non Refund,3.0,59,Transient,125.0,0,0
City Hotel,1,227,2017,June,25,23,0,2,2,0.0,0,SC,ITA,Online TA,TA/TO,0,0,0,A,A,0,No Deposit,9.0,0,Transient,99.0,0,0
City Hotel,1,322,2017,June,25,23,0,2,2,0.0,0,BB,NOR,Online TA,TA/TO,0,0,0,A,A,0,No Deposit,9.0,0,Transient,109.8,0,0
City Hotel,1,13,2017,June,25,23,0,2,2,0.0,0,SC,ITA,Online TA,TA/TO,0,0,0,A,A,0,No Deposit,9.0,0,Transient,160.0,0,0
City Hotel,1,114,2017,June,25,23,0,2,2,0.0,0,BB,PRT,Online TA,TA/TO,0,0,0,A,A,1,No Deposit,9.0,0,Transient,126.0,0,0
City Hotel,1,322,2017,June,25,23,0,2,2,0.0,0,BB,NOR,Online TA,TA/TO,0,0,0,A,A,0,No Deposit,9.0,0,Transient,109.8,0,0
City Hotel,1,137,2017,June,25,23,0,2,2,0.0,0,BB,PRT,Offline TA/TO,TA/TO,0,0,0,A,A,0,Non Refund,3.0,0,Transient,125.0,0,0
City Hotel,1,115,2017,June,25,23,0,2,2,0.0,0,SC,GBR,Online TA,TA/TO,0,0,0,A,A,0,No Deposit,9.0,0,Transient,108.0,0,0
City Hotel,1,59,2017,June,25,23,0,2,2,0.0,0,SC,ESP,Online TA,TA/TO,0,0,0,A,A,0,No Deposit,9.0,0,Transient,130.0,0,0
City Hotel,1,227,2017,June,25,23,0,2,2,0.0,0,SC,ITA,Online TA,TA/TO,0,0,0,A,A,0,No Deposit,9.0,0,Transient,99.0,0,0
City Hotel,1,115,2017,June,25,23,0,2,2,0.0,0,SC,GBR,Online TA,TA/TO,0,0,0,A,A,0,No Deposit,9.0,0,Transient,108.0,0,0
City Hotel,1,137,2017,June,25,23,0,2,2,0.0,0,BB,PRT,Offline TA/TO,TA/TO,0,0,0,A,A,0,Non Refund,3.0,0,Transient,125.0,0,0
City Hotel,1,137,2017,June,25,23,0,2,2,0.0,0,BB,PRT,Offline TA/TO,TA/TO,0,0,0,A,A,0,Non Refund,3.0,0,Transient,125.0,0,0
City Hotel,1,126,2017,June,25,23,0,2,2,0.0,0,BB,DEU,Online TA,TA/TO,0,0,0,A,A,0,No Deposit,9.0,0,Transient,117.0,0,0
City Hotel,1,233,2017,June,25,23,1,2,2,0.0,0,BB,PRT,Groups,TA/TO,0,0,0,A,A,0,Non Refund,20.0,0,Transient,105.0,0,0
City Hotel,1,233,2017,June,25,23,1,2,2,0.0,0,BB,PRT,Groups,TA/TO,0,0,0,A,A,0,Non Refund,20.0,0,Transient,105.0,0,0
City Hotel,1,233,2017,June,25,23,1,2,2,0.0,0,BB,PRT,Groups,TA/TO,0,0,0,A,A,0,Non Refund,20.0,0,Transient,105.0,0,0
City Hotel,1,233,2017,June,25,23,1,2,2,0.0,0,BB,PRT,Groups,TA/TO,0,0,0,A,A,0,Non Refund,20.0,0,Transient,105.0,0,0
City Hotel,1,233,2017,June,25,23,1,2,2,0.0,0,BB,PRT,Groups,TA/TO,0,0,0,A,A,0,Non Refund,20.0,0,Transient,105.0,0,0
City Hotel,1,53,2017,June,25,23,1,2,2,0.0,0,SC,LUX,Online TA,TA/TO,0,0,0,A,A,0,No Deposit,9.0,0,Transient,126.67,0,1
City Hotel,1,233,2017,June,25,23,1,2,2,0.0,0,BB,PRT,Groups,TA/TO,0,0,0,A,A,0,Non Refund,20.0,0,Transient,105.0,0,0
City Hotel,1,233,2017,June,25,23,1,2,2,0.0,0,BB,PRT,Groups,TA/TO,0,0,0,A,A,0,Non Refund,20.0,0,Transient,105.0,0,0
City Hotel,1,162,2017,June,25,23,1,2,2,0.0,0,BB,ITA,Online TA,TA/TO,0,0,0,D,D,0,No Deposit,9.0,0,Transient,127.8,0,0
City Hotel,1,233,2017,June,25,23,1,2,2,0.0,0,BB,PRT,Groups,TA/TO,0,0,0,A,A,0,Non Refund,20.0,0,Transient,105.0,0,0
City Hotel,1,233,2017,June,25,23,1,2,2,0.0,0,BB,PRT,Groups,TA/TO,0,0,0,A,A,0,Non Refund,20.0,0,Transient,105.0,0,0
City Hotel,1,233,2017,June,25,23,1,2,2,0.0,0,BB,PRT,Groups,TA/TO,0,0,0,A,A,0,Non Refund,20.0,0,Transient,105.0,0,0
City Hotel,1,58,2017,June,25,23,1,2,2,0.0,0,BB,HRV,Online TA,TA/TO,0,0,0,D,D,2,No Deposit,9.0,0,Transient,156.67,0,1
City Hotel,1,233,2017,June,25,23,1,2,2,0.0,0,BB,PRT,Groups,TA/TO,0,0,0,A,A,0,Non Refund,20.0,0,Transient,105.0,0,0
City Hotel,1,233,2017,June,25,23,1,2,2,0.0,0,BB,PRT,Groups,TA/TO,0,0,0,A,A,0,Non Refund,20.0,0,Transient,105.0,0,0
City Hotel,1,233,2017,June,25,23,1,2,2,0.0,0,BB,PRT,Groups,TA/TO,0,0,0,A,A,0,Non Refund,20.0,0,Transient,105.0,0,0
City Hotel,1,233,2017,June,25,23,1,2,2,0.0,0,BB,PRT,Groups,TA/TO,0,0,0,A,A,0,Non Refund,20.0,0,Transient,105.0,0,0
City Hotel,1,137,2017,June,25,23,0,2,2,0.0,0,BB,PRT,Offline TA/TO,TA/TO,0,0,0,A,A,0,Non Refund,3.0,0,Transient,125.0,0,0
City Hotel,1,123,2017,June,25,23,0,2,2,0.0,0,SC,IRL,Online TA,TA/TO,0,0,0,A,A,0,No Deposit,9.0,0,Transient,99.0,0,0
City Hotel,1,115,2017,June,25,23,0,2,2,0.0,0,SC,GBR,Online TA,TA/TO,0,0,0,A,A,0,No Deposit,9.0,0,Transient,108.0,0,0
City Hotel,1,233,2017,June,25,23,1,2,2,0.0,0,BB,PRT,Groups,TA/TO,0,0,0,A,A,0,Non Refund,20.0,0,Transient,105.0,0,0
City Hotel,1,58,2017,June,25,23,1,2,2,0.0,0,SC,HRV,Online TA,TA/TO,0,0,0,A,A,0,No Deposit,9.0,0,Transient,126.67,0,1
City Hotel,1,177,2017,June,25,23,1,2,2,0.0,0,BB,GBR,Online TA,TA/TO,0,0,0,D,D,0,No Deposit,9.0,0,Transient,130.5,0,0
City Hotel,1,233,2017,June,25,23,1,2,2,0.0,0,BB,PRT,Groups,TA/TO,0,0,0,A,A,0,Non Refund,20.0,0,Transient,105.0,0,0
City Hotel,1,233,2017,June,25,23,1,2,2,0.0,0,BB,PRT,Groups,TA/TO,0,0,0,A,A,0,Non Refund,20.0,0,Transient,105.0,0,0
City Hotel,1,233,2017,June,25,23,1,2,2,0.0,0,BB,PRT,Groups,TA/TO,0,0,0,A,A,0,Non Refund,20.0,0,Transient,105.0,0,0
City Hotel,1,233,2017,June,25,23,1,2,2,0.0,0,BB,PRT,Groups,TA/TO,0,0,0,A,A,0,Non Refund,20.0,0,Transient,105.0,0,0
City Hotel,1,233,2017,June,25,23,1,2,2,0.0,0,BB,PRT,Groups,TA/TO,0,0,0,A,A,0,Non Refund,20.0,0,Transient,105.0,0,0
City Hotel,1,233,2017,June,25,23,1,2,2,0.0,0,BB,PRT,Groups,TA/TO,0,0,0,A,A,0,Non Refund,20.0,0,Transient,105.0,0,0
City Hotel,1,233,2017,June,25,23,1,2,2,0.0,0,BB,PRT,Groups,TA/TO,0,0,0,A,A,0,Non Refund,20.0,0,Transient,105.0,0,0
City Hotel,1,53,2017,June,25,23,1,2,2,0.0,0,SC,DEU,Online TA,TA/TO,0,0,0,A,A,0,No Deposit,9.0,0,Transient,126.67,0,0
City Hotel,1,233,2017,June,25,23,1,2,2,0.0,0,BB,PRT,Groups,TA/TO,0,0,0,A,A,0,Non Refund,20.0,0,Transient,105.0,0,0
City Hotel,1,233,2017,June,25,23,1,2,2,0.0,0,BB,PRT,Groups,TA/TO,0,0,0,A,A,0,Non Refund,20.0,0,Transient,105.0,0,0
City Hotel,1,233,2017,June,25,23,1,2,2,0.0,0,BB,PRT,Groups,TA/TO,0,0,0,A,A,0,Non Refund,20.0,0,Transient,105.0,0,0
City Hotel,1,233,2017,June,25,23,1,2,2,0.0,0,BB,PRT,Groups,TA/TO,0,0,0,A,A,0,Non Refund,20.0,0,Transient,105.0,0,0
City Hotel,1,233,2017,June,25,23,1,2,2,0.0,0,BB,PRT,Groups,TA/TO,0,0,0,A,A,0,Non Refund,20.0,0,Transient,105.0,0,0
City Hotel,1,263,2017,June,25,23,2,2,2,0.0,0,BB,PRT,Groups,TA/TO,0,0,0,A,A,0,No Deposit,37.0,0,Transient-Party,95.0,0,0
City Hotel,1,261,2017,June,25,23,2,2,2,0.0,0,BB,GBR,Online TA,TA/TO,0,0,0,D,D,0,No Deposit,9.0,0,Transient,130.5,0,1
City Hotel,1,42,2017,June,25,23,2,2,2,0.0,0,BB,PRT,Groups,TA/TO,0,0,0,A,A,0,No Deposit,37.0,0,Transient-Party,95.0,0,0
City Hotel,1,161,2017,June,25,23,2,3,2,0.0,0,BB,GBR,Online TA,TA/TO,0,0,0,D,D,0,No Deposit,9.0,0,Transient,127.8,0,1
City Hotel,1,208,2017,June,25,23,2,5,2,0.0,0,SC,GBR,Online TA,TA/TO,0,0,0,A,A,0,No Deposit,9.0,0,Transient,99.0,0,1
City Hotel,1,161,2017,June,25,23,2,5,2,0.0,0,BB,GBR,Online TA,TA/TO,0,0,0,D,D,0,No Deposit,9.0,0,Transient,127.8,0,1
City Hotel,1,149,2017,June,25,24,0,1,2,0.0,0,BB,PRT,Groups,TA/TO,0,0,0,A,A,0,No Deposit,,0,Transient-Party,130.0,0,0
City Hotel,1,149,2017,June,25,24,0,1,2,0.0,0,BB,PRT,Groups,TA/TO,0,0,0,A,A,0,No Deposit,,0,Transient-Party,130.0,0,0
City Hotel,1,149,2017,June,25,24,0,1,2,0.0,0,BB,PRT,Groups,TA/TO,0,0,0,A,A,0,No Deposit,,0,Transient-Party,130.0,0,0
City Hotel,1,149,2017,June,25,24,0,1,2,0.0,0,BB,PRT,Groups,TA/TO,0,0,0,A,A,0,No Deposit,,0,Transient-Party,130.0,0,0
City Hotel,1,149,2017,June,25,24,0,1,2,0.0,0,BB,PRT,Groups,TA/TO,0,0,0,A,A,0,No Deposit,,0,Transient-Party,130.0,0,0
City Hotel,1,149,2017,June,25,24,0,1,2,0.0,0,BB,PRT,Groups,TA/TO,0,0,0,A,A,0,No Deposit,,0,Transient-Party,130.0,0,0
City Hotel,1,149,2017,June,25,24,0,1,2,0.0,0,BB,PRT,Groups,TA/TO,0,0,0,A,A,0,No Deposit,,0,Transient-Party,130.0,0,0
City Hotel,1,149,2017,June,25,24,0,1,2,0.0,0,BB,PRT,Groups,TA/TO,0,0,0,A,A,0,No Deposit,,0,Transient-Party,130.0,0,0
City Hotel,1,149,2017,June,25,24,0,1,2,0.0,0,BB,PRT,Groups,TA/TO,0,0,0,A,A,0,No Deposit,,0,Transient-Party,130.0,0,0
City Hotel,1,149,2017,June,25,24,0,1,2,0.0,0,BB,PRT,Groups,TA/TO,0,0,0,A,A,0,No Deposit,,0,Transient-Party,130.0,0,0
City Hotel,1,149,2017,June,25,24,0,1,2,0.0,0,BB,PRT,Groups,TA/TO,0,0,0,A,A,0,No Deposit,,0,Transient-Party,130.0,0,0
City Hotel,1,149,2017,June,25,24,0,1,2,0.0,0,BB,PRT,Groups,TA/TO,0,0,0,A,A,0,No Deposit,,0,Transient-Party,130.0,0,0
City Hotel,1,195,2017,June,25,24,1,1,2,0.0,0,BB,ITA,Online TA,TA/TO,0,0,0,D,D,0,No Deposit,9.0,0,Transient,130.5,0,1
City Hotel,1,129,2017,June,25,24,2,1,2,0.0,0,BB,PRT,Groups,TA/TO,0,0,0,A,A,0,Non Refund,30.0,0,Transient,130.0,0,0
City Hotel,1,129,2017,June,25,24,2,1,2,0.0,0,BB,PRT,Groups,TA/TO,0,0,0,A,A,0,Non Refund,30.0,0,Transient,130.0,0,0
City Hotel,1,155,2017,June,25,24,2,1,2,0.0,0,BB,PRT,Groups,TA/TO,0,0,0,A,A,0,Non Refund,30.0,26,Transient,130.0,0,0
City Hotel,1,129,2017,June,25,24,2,1,2,0.0,0,BB,PRT,Groups,TA/TO,0,0,0,A,A,0,Non Refund,30.0,0,Transient,130.0,0,0
City Hotel,1,129,2017,June,25,24,2,1,2,0.0,0,BB,PRT,Groups,TA/TO,0,0,0,A,A,0,Non Refund,30.0,0,Transient,130.0,0,0
City Hotel,1,319,2017,June,25,24,2,1,2,0.0,0,BB,PRT,Offline TA/TO,TA/TO,0,0,0,A,A,0,No Deposit,229.0,0,Transient,90.0,0,0
City Hotel,1,129,2017,June,25,24,2,1,2,0.0,0,BB,PRT,Groups,TA/TO,0,0,0,A,A,0,Non Refund,30.0,0,Transient,130.0,0,0
City Hotel,1,129,2017,June,25,24,2,1,2,0.0,0,BB,PRT,Groups,TA/TO,0,0,0,A,A,0,Non Refund,30.0,0,Transient,130.0,0,0
City Hotel,1,129,2017,June,25,24,2,1,2,0.0,0,BB,PRT,Groups,TA/TO,0,0,0,A,A,0,Non Refund,30.0,0,Transient,130.0,0,0
City Hotel,1,129,2017,June,25,24,2,1,2,0.0,0,BB,PRT,Groups,TA/TO,0,0,0,A,A,0,Non Refund,30.0,0,Transient,130.0,0,0
City Hotel,1,129,2017,June,25,24,2,1,2,0.0,0,BB,PRT,Groups,TA/TO,0,0,0,A,A,0,Non Refund,30.0,0,Transient,130.0,0,0
City Hotel,1,129,2017,June,25,24,2,1,2,0.0,0,BB,PRT,Groups,TA/TO,0,0,0,A,A,0,Non Refund,30.0,0,Transient,130.0,0,0
City Hotel,1,124,2017,June,25,24,2,2,2,0.0,0,BB,NOR,Online TA,TA/TO,0,0,0,E,E,0,No Deposit,9.0,0,Transient,153.0,0,0
City Hotel,1,120,2017,June,25,24,2,2,2,0.0,0,BB,NOR,Online TA,TA/TO,0,0,0,E,E,0,No Deposit,9.0,0,Transient,153.0,0,0
City Hotel,1,265,2017,June,25,24,4,8,2,0.0,0,BB,PRT,Online TA,TA/TO,0,0,0,A,A,0,No Deposit,8.0,0,Transient,112.87,0,2
City Hotel,1,265,2017,June,25,24,4,8,2,0.0,0,BB,DNK,Online TA,TA/TO,0,0,0,A,A,1,No Deposit,9.0,0,Transient,114.08,0,0
City Hotel,1,265,2017,June,25,24,4,8,2,0.0,0,BB,DNK,Online TA,TA/TO,0,0,0,A,A,0,No Deposit,9.0,0,Transient,116.93,0,0
City Hotel,1,265,2017,June,25,24,4,8,2,0.0,0,BB,PRT,Online TA,TA/TO,0,0,0,A,A,0,No Deposit,8.0,0,Transient,112.87,0,2
City Hotel,1,21,2017,June,26,25,1,0,2,0.0,0,SC,BRA,Online TA,TA/TO,0,0,0,A,A,0,No Deposit,9.0,0,Transient,160.0,0,0
City Hotel,1,174,2017,June,26,25,1,0,2,0.0,0,BB,AUS,Online TA,TA/TO,0,0,0,D,D,0,No Deposit,9.0,0,Transient,130.5,0,0
City Hotel,1,396,2017,June,26,25,2,0,2,0.0,0,BB,PRT,Offline TA/TO,TA/TO,0,0,0,A,B,1,No Deposit,6.0,0,Transient-Party,80.0,0,0
City Hotel,1,396,2017,June,26,25,2,0,2,0.0,0,BB,PRT,Offline TA/TO,TA/TO,0,0,0,A,B,1,No Deposit,6.0,0,Transient-Party,80.0,0,0
City Hotel,1,200,2017,June,26,25,2,0,2,0.0,0,SC,MYT,Online TA,TA/TO,0,0,0,A,A,0,No Deposit,9.0,0,Transient,99.0,0,1
City Hotel,1,396,2017,June,26,25,2,0,2,0.0,0,BB,PRT,Offline TA/TO,TA/TO,0,0,0,A,B,1,No Deposit,6.0,0,Transient-Party,80.0,0,0
City Hotel,1,396,2017,June,26,25,2,0,2,0.0,0,HB,PRT,Offline TA/TO,TA/TO,0,0,0,A,A,0,No Deposit,6.0,0,Transient-Party,122.4,0,1
City Hotel,1,396,2017,June,26,25,2,0,2,0.0,0,BB,PRT,Offline TA/TO,TA/TO,0,0,0,A,B,1,No Deposit,6.0,0,Transient-Party,80.0,0,0
City Hotel,1,396,2017,June,26,25,2,0,2,0.0,0,BB,PRT,Offline TA/TO,TA/TO,0,0,0,A,B,1,No Deposit,6.0,0,Transient-Party,80.0,0,0
City Hotel,1,396,2017,June,26,25,2,0,2,0.0,0,BB,PRT,Offline TA/TO,TA/TO,0,0,0,A,B,1,No Deposit,6.0,0,Transient-Party,80.0,0,0
City Hotel,1,396,2017,June,26,25,2,0,2,0.0,0,BB,PRT,Offline TA/TO,TA/TO,0,0,0,A,B,1,No Deposit,6.0,0,Transient-Party,80.0,0,0
City Hotel,1,172,2017,June,26,25,4,7,2,0.0,0,BB,DNK,Online TA,TA/TO,0,0,0,D,D,0,No Deposit,9.0,0,Transient,126.0,0,0
City Hotel,1,350,2017,June,26,26,1,0,2,0.0,0,SC,BRA,Online TA,TA/TO,0,0,0,A,A,0,No Deposit,9.0,0,Transient,99.0,0,0
City Hotel,1,213,2017,June,26,26,1,1,2,0.0,0,BB,PRT,Groups,TA/TO,0,0,0,A,A,0,Non Refund,323.0,0,Transient,115.0,0,0
City Hotel,1,213,2017,June,26,26,1,1,2,0.0,0,BB,PRT,Groups,TA/TO,0,0,0,A,A,0,Non Refund,323.0,0,Transient,115.0,0,0
City Hotel,1,213,2017,June,26,26,1,1,2,0.0,0,BB,PRT,Groups,TA/TO,0,0,0,A,A,0,Non Refund,323.0,0,Transient,115.0,0,0
City Hotel,1,213,2017,June,26,26,1,1,2,0.0,0,BB,PRT,Groups,TA/TO,0,0,0,A,A,0,Non Refund,323.0,0,Transient,115.0,0,0
City Hotel,1,213,2017,June,26,26,1,1,2,0.0,0,BB,PRT,Groups,TA/TO,0,0,0,A,A,0,Non Refund,323.0,0,Transient,115.0,0,0
City Hotel,1,213,2017,June,26,26,1,1,2,0.0,0,BB,PRT,Groups,TA/TO,0,0,0,A,A,0,Non Refund,323.0,0,Transient,115.0,0,0
City Hotel,1,213,2017,June,26,26,1,1,2,0.0,0,BB,PRT,Groups,TA/TO,0,0,0,A,A,0,Non Refund,323.0,0,Transient,115.0,0,0
City Hotel,1,213,2017,June,26,26,1,1,2,0.0,0,BB,PRT,Groups,TA/TO,0,0,0,A,A,0,Non Refund,323.0,0,Transient,115.0,0,0
City Hotel,1,213,2017,June,26,26,1,1,2,0.0,0,BB,PRT,Groups,TA/TO,0,0,0,A,A,0,Non Refund,323.0,0,Transient,115.0,0,0
City Hotel,1,260,2017,June,26,26,1,1,2,0.0,0,HB,DEU,Online TA,TA/TO,0,0,0,D,D,0,No Deposit,9.0,0,Transient,164.7,0,0
City Hotel,1,213,2017,June,26,26,1,1,2,0.0,0,BB,PRT,Groups,TA/TO,0,0,0,A,A,0,Non Refund,323.0,0,Transient,115.0,0,0
City Hotel,1,213,2017,June,26,26,1,1,2,0.0,0,BB,PRT,Groups,TA/TO,0,0,0,A,A,0,Non Refund,323.0,0,Transient,115.0,0,0
City Hotel,1,213,2017,June,26,26,1,1,2,0.0,0,BB,PRT,Groups,TA/TO,0,0,0,A,A,0,Non Refund,323.0,0,Transient,115.0,0,0
City Hotel,1,350,2017,June,26,26,1,0,2,0.0,0,SC,BRA,Online TA,TA/TO,0,0,0,A,A,0,No Deposit,9.0,0,Transient,99.0,0,0
City Hotel,1,213,2017,June,26,26,1,1,2,0.0,0,BB,PRT,Groups,TA/TO,0,0,0,A,A,0,Non Refund,323.0,0,Transient,115.0,0,0
City Hotel,1,198,2017,June,26,26,1,1,2,0.0,0,BB,BRA,Online TA,TA/TO,0,0,0,A,A,0,No Deposit,9.0,0,Transient,117.0,0,1
City Hotel,1,213,2017,June,26,26,1,1,2,0.0,0,BB,PRT,Groups,TA/TO,0,0,0,A,A,0,Non Refund,323.0,0,Transient,115.0,0,0
City Hotel,1,213,2017,June,26,26,1,1,2,0.0,0,BB,PRT,Groups,TA/TO,0,0,0,A,A,0,Non Refund,323.0,0,Transient,115.0,0,0
City Hotel,1,213,2017,June,26,26,1,1,2,0.0,0,BB,PRT,Groups,TA/TO,0,0,0,A,A,0,Non Refund,323.0,0,Transient,115.0,0,0
City Hotel,1,213,2017,June,26,26,1,1,2,0.0,0,BB,PRT,Groups,TA/TO,0,0,0,A,A,0,Non Refund,323.0,0,Transient,115.0,0,0
City Hotel,1,213,2017,June,26,26,1,1,2,0.0,0,BB,PRT,Groups,TA/TO,0,0,0,A,A,0,Non Refund,323.0,0,Transient,115.0,0,0
City Hotel,1,272,2017,June,26,26,1,1,2,0.0,0,BB,PRT,Groups,TA/TO,0,0,0,A,A,0,Non Refund,323.0,59,Transient,115.0,0,0
City Hotel,1,213,2017,June,26,26,1,1,2,0.0,0,BB,PRT,Groups,TA/TO,0,0,0,A,A,0,Non Refund,323.0,0,Transient,115.0,0,0
City Hotel,1,213,2017,June,26,26,1,1,2,0.0,0,BB,PRT,Groups,TA/TO,0,0,0,A,A,0,Non Refund,323.0,0,Transient,115.0,0,0
City Hotel,1,213,2017,June,26,26,1,1,2,0.0,0,BB,PRT,Groups,TA/TO,0,0,0,A,A,0,Non Refund,323.0,0,Transient,115.0,0,0
City Hotel,1,213,2017,June,26,26,1,1,2,0.0,0,BB,PRT,Groups,TA/TO,0,0,0,A,A,0,Non Refund,323.0,0,Transient,115.0,0,0
City Hotel,1,70,2017,June,26,26,1,1,2,0.0,0,BB,PRT,Offline TA/TO,TA/TO,0,0,0,A,A,0,No Deposit,403.0,0,Transient,89.1,0,0
City Hotel,1,27,2017,June,26,26,1,1,2,0.0,0,BB,LUX,Online TA,TA/TO,0,0,0,D,D,0,No Deposit,9.0,0,Transient,159.5,0,1
City Hotel,1,213,2017,June,26,26,1,1,2,0.0,0,BB,PRT,Groups,TA/TO,0,0,0,A,A,0,Non Refund,323.0,0,Transient,115.0,0,0
City Hotel,1,213,2017,June,26,26,1,1,2,0.0,0,BB,PRT,Groups,TA/TO,0,0,0,A,A,0,Non Refund,323.0,0,Transient,115.0,0,0
City Hotel,1,24,2017,June,26,26,1,2,2,0.0,0,BB,PRT,Corporate,Corporate,0,0,0,A,A,0,No Deposit,,0,Transient-Party,100.0,0,0
City Hotel,1,281,2017,June,26,26,1,2,2,0.0,0,BB,GBR,Online TA,TA/TO,0,0,0,A,A,0,No Deposit,9.0,0,Transient,117.0,0,1
City Hotel,1,177,2017,June,26,26,1,2,2,0.0,0,BB,FRA,Online TA,TA/TO,0,0,0,D,D,0,No Deposit,9.0,0,Transient,220.5,0,2
City Hotel,1,137,2017,June,26,26,1,3,2,0.0,0,BB,DEU,Online TA,TA/TO,0,0,0,E,E,0,No Deposit,9.0,0,Transient,153.0,0,0
City Hotel,1,105,2017,June,26,26,1,3,2,0.0,0,BB,CHE,Online TA,TA/TO,0,0,0,A,A,0,No Deposit,9.0,0,Transient,126.0,0,0
City Hotel,1,98,2017,June,26,26,1,3,2,0.0,0,BB,IRL,Direct,Direct,0,0,0,A,A,0,No Deposit,14.0,0,Transient,108.0,0,1
City Hotel,1,161,2017,June,26,26,1,3,2,0.0,0,HB,PRT,Online TA,TA/TO,0,0,0,D,D,0,No Deposit,7.0,0,Transient,126.13,0,2
City Hotel,1,99,2017,June,26,26,1,3,2,0.0,0,BB,DEU,Online TA,TA/TO,0,0,0,A,A,0,No Deposit,9.0,0,Transient,126.0,0,0
City Hotel,1,152,2017,June,26,26,1,3,2,0.0,0,BB,CHE,Online TA,TA/TO,0,0,0,D,D,0,No Deposit,9.0,0,Transient,126.0,0,0
City Hotel,1,100,2017,June,26,26,1,3,2,0.0,0,SC,GBR,Online TA,TA/TO,0,0,0,A,A,0,No Deposit,9.0,0,Transient,108.0,0,0
City Hotel,1,203,2017,June,26,26,2,5,2,0.0,0,SC,GBR,Online TA,TA/TO,0,0,0,A,A,0,No Deposit,9.0,0,Transient,96.17,0,1
City Hotel,1,175,2017,June,26,26,2,5,2,0.0,0,SC,GBR,Online TA,TA/TO,0,0,0,A,A,0,No Deposit,9.0,0,Transient,96.17,0,0
City Hotel,1,154,2017,June,26,26,2,5,2,0.0,0,BB,HRV,Online TA,TA/TO,0,0,0,D,D,0,No Deposit,9.0,0,Transient,123.17,0,0
City Hotel,1,25,2017,June,26,27,0,1,2,0.0,0,BB,PRT,Corporate,Corporate,0,0,0,A,A,0,No Deposit,,0,Transient-Party,100.0,0,0
City Hotel,1,25,2017,June,26,27,0,1,2,0.0,0,BB,PRT,Corporate,Corporate,0,0,0,A,A,0,No Deposit,,0,Transient-Party,100.0,0,0
City Hotel,1,25,2017,June,26,27,0,1,2,0.0,0,BB,PRT,Corporate,Corporate,0,0,0,A,A,0,No Deposit,,0,Transient-Party,100.0,0,0
City Hotel,1,25,2017,June,26,27,0,1,2,0.0,0,BB,PRT,Corporate,Corporate,0,0,0,A,A,0,No Deposit,,0,Transient-Party,100.0,0,0
City Hotel,1,25,2017,June,26,27,0,1,2,0.0,0,BB,PRT,Corporate,Corporate,0,0,0,A,A,0,No Deposit,,0,Transient-Party,100.0,0,0
City Hotel,1,146,2017,June,26,27,0,1,2,0.0,0,BB,ESP,Online TA,TA/TO,0,0,0,D,D,0,No Deposit,9.0,0,Transient,162.0,0,0
City Hotel,1,25,2017,June,26,27,0,1,2,0.0,0,BB,PRT,Corporate,Corporate,0,0,0,A,A,0,No Deposit,,0,Transient-Party,100.0,0,0
City Hotel,1,246,2017,June,26,27,0,1,2,0.0,0,BB,CN,Online TA,TA/TO,0,0,0,A,A,0,No Deposit,9.0,0,Transient,117.0,0,1
City Hotel,1,30,2017,June,26,27,0,2,2,0.0,0,SC,RUS,Online TA,TA/TO,0,0,0,A,A,0,No Deposit,9.0,0,Transient,113.5,0,1
City Hotel,1,28,2017,June,26,27,0,2,2,0.0,0,BB,GBR,Online TA,TA/TO,0,0,0,A,A,0,No Deposit,9.0,0,Transient,129.5,0,1
City Hotel,1,74,2017,June,26,27,0,2,2,0.0,0,SC,MAC,Online TA,TA/TO,0,0,0,A,A,0,No Deposit,9.0,0,Transient,108.0,0,1
City Hotel,1,51,2017,June,26,27,0,2,2,0.0,0,SC,ESP,Online TA,TA/TO,0,0,0,A,A,0,No Deposit,9.0,0,Transient,110.0,0,1
City Hotel,1,25,2017,June,26,27,0,2,2,0.0,0,BB,USA,Direct,Direct,0,0,0,E,E,0,No Deposit,14.0,0,Transient,140.0,0,0
City Hotel,1,145,2017,June,26,27,0,3,2,0.0,0,BB,FRA,Online TA,TA/TO,0,0,0,D,D,0,No Deposit,9.0,0,Transient,126.0,0,0
City Hotel,1,167,2017,June,26,27,0,3,2,0.0,0,SC,BRA,Online TA,TA/TO,0,0,0,A,A,0,No Deposit,9.0,0,Transient,99.0,0,1
City Hotel,1,144,2017,June,26,27,0,3,2,0.0,0,BB,AUS,Online TA,TA/TO,0,0,0,E,E,0,No Deposit,9.0,0,Transient,153.0,0,0
City Hotel,1,172,2017,June,26,27,0,3,2,0.0,0,SC,IRL,Online TA,TA/TO,0,0,0,A,A,0,No Deposit,9.0,0,Transient,99.0,0,2
City Hotel,1,57,2017,June,26,27,0,3,2,0.0,0,SC,POL,Online TA,TA/TO,0,0,0,A,A,0,No Deposit,9.0,0,Transient,120.0,0,1
City Hotel,1,138,2017,June,26,27,0,3,2,0.0,0,BB,DEU,Online TA,TA/TO,0,0,0,A,A,0,No Deposit,9.0,0,Transient,117.0,0,0
City Hotel,1,172,2017,June,26,27,0,3,2,0.0,0,SC,IRL,Online TA,TA/TO,0,0,0,A,A,0,No Deposit,9.0,0,Transient,99.0,0,2
City Hotel,1,74,2017,June,26,27,0,3,2,0.0,0,SC,GBR,Online TA,TA/TO,0,0,0,A,A,0,No Deposit,9.0,0,Transient,120.0,0,1
City Hotel,1,26,2017,June,26,27,0,3,2,0.0,0,SC,AUS,Online TA,TA/TO,0,0,0,A,A,0,No Deposit,9.0,0,Transient,126.33,0,1
City Hotel,1,51,2017,June,26,27,0,3,2,0.0,0,BB,GBR,Online TA,TA/TO,0,0,0,A,A,0,No Deposit,9.0,0,Transient,133.33,0,1
City Hotel,1,45,2017,June,26,27,0,3,2,0.0,0,BB,GBR,Online TA,TA/TO,0,0,0,A,A,0,No Deposit,9.0,0,Transient,140.0,0,1
City Hotel,1,224,2017,June,26,27,0,3,2,0.0,0,BB,AUS,Online TA,TA/TO,0,0,0,A,A,0,No Deposit,9.0,0,Transient,117.0,0,2
City Hotel,1,27,2017,June,26,27,0,3,2,0.0,0,SC,IDN,Online TA,TA/TO,0,0,0,A,A,0,No Deposit,9.0,0,Transient,126.33,0,0
City Hotel,1,138,2017,June,26,27,0,3,2,0.0,0,BB,DEU,Online TA,TA/TO,0,0,0,A,A,0,No Deposit,9.0,0,Transient,117.0,0,0
City Hotel,1,74,2017,June,26,27,0,3,2,0.0,0,BB,PRT,Online TA,TA/TO,0,0,0,A,A,0,No Deposit,42.0,0,Transient,112.0,0,0
City Hotel,1,125,2017,June,26,27,0,3,2,0.0,0,SC,PRT,Online TA,TA/TO,0,0,0,A,A,0,No Deposit,7.0,0,Transient,75.24,0,0
City Hotel,1,8,2017,June,26,27,0,3,2,0.0,0,SC,AUS,Online TA,TA/TO,0,0,0,A,A,0,No Deposit,9.0,0,Transient,146.67,0,1
City Hotel,1,84,2017,June,26,27,0,3,2,0.0,0,SC,IRL,Online TA,TA/TO,0,0,0,A,A,0,No Deposit,9.0,0,Transient,120.0,0,1
City Hotel,1,39,2017,June,26,27,0,3,2,0.0,0,SC,FRA,Online TA,TA/TO,0,0,0,A,A,0,No Deposit,9.0,0,Transient,123.0,0,1
City Hotel,1,138,2017,June,26,27,0,3,2,0.0,0,BB,DEU,Online TA,TA/TO,0,0,0,A,A,0,No Deposit,9.0,0,Transient,117.0,0,0
City Hotel,1,68,2017,June,26,27,0,3,2,0.0,0,SC,FRA,Online TA,TA/TO,0,0,0,A,A,0,No Deposit,9.0,0,Transient,120.0,0,0
City Hotel,1,59,2017,June,26,27,0,4,2,0.0,0,SC,GBR,Online TA,TA/TO,0,0,0,A,A,0,No Deposit,9.0,0,Transient,120.0,0,1
City Hotel,1,59,2017,June,26,27,0,4,2,0.0,0,SC,GBR,Online TA,TA/TO,0,0,0,A,A,0,No Deposit,9.0,0,Transient,120.0,0,1
City Hotel,1,68,2017,June,26,27,0,4,2,0.0,0,SC,PRT,Online TA,TA/TO,0,0,0,A,A,0,No Deposit,7.0,0,Transient,96.0,0,1
City Hotel,1,51,2017,June,26,27,0,4,2,0.0,0,BB,SAU,Online TA,TA/TO,0,0,0,A,A,0,No Deposit,9.0,0,Transient,135.0,0,1
City Hotel,1,141,2017,June,26,27,0,4,2,0.0,0,SC,FRA,Online TA,TA/TO,0,0,0,A,A,0,No Deposit,9.0,0,Transient,99.0,0,0
City Hotel,1,137,2017,June,26,27,0,4,2,0.0,0,SC,GBR,Online TA,TA/TO,0,0,0,A,A,0,No Deposit,9.0,0,Transient,99.0,0,0
City Hotel,1,137,2017,June,26,27,0,4,2,0.0,0,BB,FRA,Direct,Direct,0,0,0,A,A,0,No Deposit,14.0,0,Transient,99.0,0,3
City Hotel,1,131,2017,June,26,27,0,5,2,0.0,0,SC,NLD,Online TA,TA/TO,0,0,0,A,A,0,No Deposit,9.0,0,Transient,97.02,0,1
City Hotel,1,142,2017,June,26,28,0,1,2,0.0,0,BB,PRT,Offline TA/TO,TA/TO,0,0,0,A,A,0,Non Refund,3.0,0,Transient,125.0,0,0
City Hotel,1,26,2017,June,26,28,0,1,2,0.0,0,BB,PRT,Corporate,Corporate,0,0,0,A,A,0,No Deposit,,0,Transient-Party,100.0,0,0
City Hotel,1,9,2017,June,26,28,0,1,2,0.0,0,BB,PRT,Corporate,Corporate,0,0,0,A,A,0,No Deposit,,0,Transient-Party,100.0,0,0
City Hotel,1,142,2017,June,26,28,0,1,2,0.0,0,BB,PRT,Offline TA/TO,TA/TO,0,0,0,A,A,0,Non Refund,3.0,0,Transient,125.0,0,0
City Hotel,1,142,2017,June,26,28,0,1,2,0.0,0,BB,PRT,Offline TA/TO,TA/TO,0,0,0,A,A,0,Non Refund,3.0,0,Transient,125.0,0,0
City Hotel,1,26,2017,June,26,28,0,1,2,0.0,0,BB,PRT,Corporate,Corporate,0,0,0,A,A,0,No Deposit,,0,Transient-Party,100.0,0,0
City Hotel,1,26,2017,June,26,28,0,1,2,0.0,0,BB,PRT,Corporate,Corporate,0,0,0,A,A,0,No Deposit,,0,Transient-Party,100.0,0,0
City Hotel,1,142,2017,June,26,28,0,1,2,0.0,0,BB,PRT,Offline TA/TO,TA/TO,0,0,0,A,A,0,Non Refund,3.0,0,Transient,125.0,0,0
City Hotel,1,142,2017,June,26,28,0,1,2,0.0,0,BB,PRT,Offline TA/TO,TA/TO,0,0,0,A,A,0,Non Refund,3.0,0,Transient,125.0,0,0
City Hotel,1,26,2017,June,26,28,0,1,2,0.0,0,BB,PRT,Corporate,Corporate,0,0,0,A,A,0,No Deposit,,0,Transient-Party,100.0,0,0
City Hotel,1,142,2017,June,26,28,0,1,2,0.0,0,BB,PRT,Offline TA/TO,TA/TO,0,0,0,A,A,0,Non Refund,3.0,0,Transient,125.0,0,0
City Hotel,1,26,2017,June,26,28,0,1,2,0.0,0,BB,PRT,Corporate,Corporate,0,0,0,A,A,0,No Deposit,,0,Transient-Party,100.0,0,0
City Hotel,1,14,2017,June,26,28,0,1,2,0.0,0,BB,USA,Direct,Direct,0,0,0,D,D,0,No Deposit,14.0,0,Transient,118.2,0,0
City Hotel,1,201,2017,June,26,28,0,1,2,0.0,0,BB,PRT,Offline TA/TO,TA/TO,0,0,0,A,A,0,Non Refund,3.0,59,Transient,125.0,0,0
City Hotel,1,26,2017,June,26,28,0,1,2,0.0,0,BB,PRT,Corporate,Corporate,0,0,0,A,A,0,No Deposit,,0,Transient-Party,100.0,0,0
City Hotel,1,26,2017,June,26,28,0,1,2,0.0,0,BB,PRT,Corporate,Corporate,0,0,0,A,A,0,No Deposit,,0,Transient-Party,100.0,0,0
City Hotel,1,142,2017,June,26,28,0,1,2,0.0,0,BB,PRT,Offline TA/TO,TA/TO,0,0,0,A,A,0,Non Refund,3.0,0,Transient,125.0,0,0
City Hotel,1,142,2017,June,26,28,0,1,2,0.0,0,BB,PRT,Offline TA/TO,TA/TO,0,0,0,A,A,0,Non Refund,3.0,0,Transient,125.0,0,0
City Hotel,1,142,2017,June,26,28,0,1,2,0.0,0,BB,PRT,Offline TA/TO,TA/TO,0,0,0,A,A,0,Non Refund,3.0,0,Transient,125.0,0,0
City Hotel,1,170,2017,June,26,28,0,2,2,0.0,0,BB,NLD,Online TA,TA/TO,0,0,0,A,A,0,No Deposit,9.0,0,Transient,117.0,0,0
City Hotel,1,368,2017,June,26,28,0,3,2,0.0,0,BB,PRT,Groups,TA/TO,0,0,0,A,A,0,Non Refund,229.0,0,Transient,90.0,0,0
City Hotel,1,368,2017,June,26,28,0,3,2,0.0,0,BB,PRT,Groups,TA/TO,0,0,0,A,A,0,Non Refund,229.0,0,Transient,90.0,0,0
City Hotel,1,368,2017,June,26,28,0,3,2,0.0,0,BB,PRT,Groups,TA/TO,0,0,0,A,A,0,Non Refund,229.0,0,Transient,90.0,0,0
City Hotel,1,256,2017,June,26,28,0,3,2,0.0,0,BB,NLD,Online TA,TA/TO,0,0,0,A,A,2,No Deposit,9.0,0,Transient,121.33,0,2
City Hotel,1,368,2017,June,26,28,0,3,2,0.0,0,BB,PRT,Groups,TA/TO,0,0,0,A,A,0,Non Refund,229.0,0,Transient,90.0,0,0
City Hotel,1,368,2017,June,26,28,0,3,2,0.0,0,BB,PRT,Groups,TA/TO,0,0,0,A,A,0,Non Refund,229.0,0,Transient,90.0,0,0
City Hotel,1,178,2017,June,26,28,0,3,2,0.0,0,BB,GBR,Online TA,TA/TO,0,0,0,A,A,0,No Deposit,9.0,0,Transient,117.0,0,0
City Hotel,1,368,2017,June,26,28,0,3,2,0.0,0,BB,PRT,Groups,TA/TO,0,0,0,A,A,0,Non Refund,229.0,0,Transient,90.0,0,0
City Hotel,1,368,2017,June,26,28,0,3,2,0.0,0,BB,PRT,Groups,TA/TO,0,0,0,A,A,0,Non Refund,229.0,0,Transient,90.0,0,0
City Hotel,1,368,2017,June,26,28,0,3,2,0.0,0,BB,PRT,Groups,TA/TO,0,0,0,A,A,0,Non Refund,229.0,0,Transient,90.0,0,0
City Hotel,1,368,2017,June,26,28,0,3,2,0.0,0,BB,PRT,Groups,TA/TO,0,0,0,A,A,0,Non Refund,229.0,0,Transient,90.0,0,0
City Hotel,1,368,2017,June,26,28,0,3,2,0.0,0,BB,PRT,Groups,TA/TO,0,0,0,A,A,0,Non Refund,229.0,0,Transient,90.0,0,0
City Hotel,1,104,2017,June,26,28,0,3,2,0.0,0,SC,GBR,Online TA,TA/TO,0,0,0,A,A,0,No Deposit,9.0,0,Transient,108.0,0,0
City Hotel,1,368,2017,June,26,28,0,3,2,0.0,0,BB,PRT,Groups,TA/TO,0,0,0,A,A,0,Non Refund,229.0,0,Transient,90.0,0,0
City Hotel,1,368,2017,June,26,28,0,3,2,0.0,0,BB,PRT,Groups,TA/TO,0,0,0,A,A,0,Non Refund,229.0,0,Transient,90.0,0,0
City Hotel,1,368,2017,June,26,28,0,3,2,0.0,0,BB,PRT,Groups,TA/TO,0,0,0,A,A,0,Non Refund,229.0,0,Transient,90.0,0,0
City Hotel,1,84,2017,June,26,28,0,3,2,0.0,0,SC,BRA,Online TA,TA/TO,0,0,0,A,A,0,No Deposit,9.0,0,Transient,120.0,0,1
City Hotel,1,368,2017,June,26,28,0,3,2,0.0,0,BB,PRT,Groups,TA/TO,0,0,0,A,A,0,Non Refund,229.0,0,Transient,90.0,0,0
City Hotel,1,368,2017,June,26,28,0,3,2,0.0,0,BB,PRT,Groups,TA/TO,0,0,0,A,A,0,Non Refund,229.0,0,Transient,90.0,0,0
City Hotel,1,368,2017,June,26,28,0,3,2,0.0,0,BB,PRT,Groups,TA/TO,0,0,0,A,A,0,Non Refund,229.0,0,Transient,90.0,0,0
City Hotel,1,368,2017,June,26,28,0,3,2,0.0,0,BB,PRT,Groups,TA/TO,0,0,0,A,A,0,Non Refund,229.0,0,Transient,90.0,0,0
City Hotel,1,368,2017,June,26,28,0,3,2,0.0,0,BB,PRT,Groups,TA/TO,0,0,0,A,A,0,Non Refund,229.0,0,Transient,90.0,0,0
City Hotel,1,368,2017,June,26,28,0,3,2,0.0,0,BB,PRT,Groups,TA/TO,0,0,0,A,A,0,Non Refund,229.0,0,Transient,90.0,0,0
City Hotel,1,368,2017,June,26,28,0,3,2,0.0,0,BB,PRT,Groups,TA/TO,0,0,0,A,A,0,Non Refund,229.0,0,Transient,90.0,0,0
City Hotel,1,368,2017,June,26,28,0,3,2,0.0,0,BB,PRT,Groups,TA/TO,0,0,0,A,A,0,Non Refund,229.0,0,Transient,90.0,0,0
City Hotel,1,368,2017,June,26,28,0,3,2,0.0,0,BB,PRT,Groups,TA/TO,0,0,0,A,A,0,Non Refund,229.0,0,Transient,90.0,0,0
City Hotel,1,368,2017,June,26,28,0,3,2,0.0,0,BB,PRT,Groups,TA/TO,0,0,0,A,A,0,Non Refund,229.0,0,Transient,90.0,0,0
City Hotel,1,368,2017,June,26,28,0,3,2,0.0,0,BB,PRT,Groups,TA/TO,0,0,0,A,A,0,Non Refund,229.0,0,Transient,90.0,0,0
City Hotel,1,368,2017,June,26,28,0,3,2,0.0,0,BB,PRT,Groups,TA/TO,0,0,0,A,A,0,Non Refund,229.0,0,Transient,90.0,0,0
City Hotel,1,368,2017,June,26,28,0,3,2,0.0,0,BB,PRT,Groups,TA/TO,0,0,0,A,A,0,Non Refund,229.0,0,Transient,90.0,0,0
City Hotel,1,272,2017,June,26,28,0,3,2,0.0,0,BB,USA,Online TA,TA/TO,0,0,0,A,A,0,No Deposit,9.0,0,Transient,117.0,0,1
City Hotel,1,215,2017,June,26,28,0,4,2,0.0,0,BB,PRT,Groups,TA/TO,0,0,0,A,A,0,Non Refund,,0,Transient,110.0,0,0
City Hotel,1,215,2017,June,26,28,0,4,2,0.0,0,BB,PRT,Groups,TA/TO,0,0,0,A,A,0,Non Refund,,0,Transient,110.0,0,0
City Hotel,1,215,2017,June,26,28,0,4,2,0.0,0,BB,PRT,Groups,TA/TO,0,0,0,A,A,0,Non Refund,,0,Transient,110.0,0,0
City Hotel,1,215,2017,June,26,28,0,4,2,0.0,0,BB,PRT,Groups,TA/TO,0,0,0,A,A,0,Non Refund,,0,Transient,110.0,0,0
City Hotel,1,215,2017,June,26,28,0,4,2,0.0,0,BB,PRT,Groups,TA/TO,0,0,0,A,A,0,Non Refund,,0,Transient,110.0,0,0
City Hotel,1,215,2017,June,26,28,0,4,2,0.0,0,BB,PRT,Groups,TA/TO,0,0,0,A,A,0,Non Refund,,0,Transient,110.0,0,0
City Hotel,1,215,2017,June,26,28,0,4,2,0.0,0,BB,PRT,Groups,TA/TO,0,0,0,A,A,0,Non Refund,,0,Transient,110.0,0,0
City Hotel,1,215,2017,June,26,28,0,4,2,0.0,0,BB,PRT,Groups,TA/TO,0,0,0,A,A,0,Non Refund,,0,Transient,110.0,0,0
City Hotel,1,62,2017,June,26,28,0,4,2,0.0,0,BB,ESP,Online TA,TA/TO,0,0,0,D,D,0,No Deposit,9.0,0,Transient,150.0,0,1
City Hotel,1,215,2017,June,26,28,0,4,2,0.0,0,BB,PRT,Groups,TA/TO,0,0,0,A,A,0,Non Refund,,0,Transient,110.0,0,0
City Hotel,1,215,2017,June,26,28,0,4,2,0.0,0,BB,PRT,Groups,TA/TO,0,0,0,A,A,0,Non Refund,,0,Transient,110.0,0,0
City Hotel,1,215,2017,June,26,28,0,4,2,0.0,0,BB,PRT,Groups,TA/TO,0,0,0,A,A,0,Non Refund,,0,Transient,110.0,0,0
City Hotel,1,286,2017,June,26,28,0,4,2,0.0,0,BB,PRT,Groups,TA/TO,0,0,0,A,A,0,Non Refund,,71,Transient,110.0,0,0
City Hotel,1,215,2017,June,26,28,0,4,2,0.0,0,BB,PRT,Groups,TA/TO,0,0,0,A,A,0,Non Refund,,0,Transient,110.0,0,0
City Hotel,1,215,2017,June,26,28,0,4,2,0.0,0,BB,PRT,Groups,TA/TO,0,0,0,A,A,0,Non Refund,,0,Transient,110.0,0,0
City Hotel,1,215,2017,June,26,28,0,4,2,0.0,0,BB,PRT,Groups,TA/TO,0,0,0,A,A,0,Non Refund,,0,Transient,110.0,0,0
City Hotel,1,215,2017,June,26,28,0,4,2,0.0,0,BB,PRT,Groups,TA/TO,0,0,0,A,A,0,Non Refund,,0,Transient,110.0,0,0
City Hotel,1,91,2017,June,26,28,0,4,2,0.0,0,SC,GBR,Online TA,TA/TO,0,0,0,A,A,0,No Deposit,9.0,0,Transient,120.0,0,0
City Hotel,1,215,2017,June,26,28,0,4,2,0.0,0,BB,PRT,Groups,TA/TO,0,0,0,A,A,0,Non Refund,,0,Transient,110.0,0,0
City Hotel,1,215,2017,June,26,28,0,4,2,0.0,0,BB,PRT,Groups,TA/TO,0,0,0,A,A,0,Non Refund,,0,Transient,110.0,0,0
City Hotel,1,215,2017,June,26,28,0,4,2,0.0,0,BB,PRT,Groups,TA/TO,0,0,0,A,A,0,Non Refund,,0,Transient,110.0,0,0
City Hotel,1,215,2017,June,26,28,0,4,2,0.0,0,BB,PRT,Groups,TA/TO,0,0,0,A,A,0,Non Refund,,0,Transient,110.0,0,0
City Hotel,1,215,2017,June,26,28,0,4,2,0.0,0,BB,PRT,Groups,TA/TO,0,0,0,A,A,0,Non Refund,,0,Transient,110.0,0,0
City Hotel,1,103,2017,June,26,28,0,4,2,0.0,0,BB,GBR,Online TA,TA/TO,0,0,0,A,A,0,No Deposit,9.0,0,Transient,126.0,0,0
City Hotel,1,215,2017,June,26,28,0,4,2,0.0,0,BB,PRT,Groups,TA/TO,0,0,0,A,A,0,Non Refund,,0,Transient,110.0,0,0
City Hotel,1,215,2017,June,26,28,0,4,2,0.0,0,BB,PRT,Groups,TA/TO,0,0,0,A,A,0,Non Refund,,0,Transient,110.0,0,0
City Hotel,1,215,2017,June,26,28,0,4,2,0.0,0,BB,PRT,Groups,TA/TO,0,0,0,A,A,0,Non Refund,,0,Transient,110.0,0,0
City Hotel,1,215,2017,June,26,28,0,4,2,0.0,0,BB,PRT,Groups,TA/TO,0,0,0,A,A,0,Non Refund,,0,Transient,110.0,0,0
City Hotel,1,15,2017,June,26,28,0,4,2,0.0,0,BB,PRT,Online TA,TA/TO,0,0,0,A,A,0,No Deposit,85.0,0,Transient,144.0,0,0
City Hotel,1,106,2017,June,26,29,0,1,2,0.0,0,BB,FRA,Direct,Direct,0,0,0,B,B,0,No Deposit,14.0,0,Transient,121.5,0,1
City Hotel,1,107,2017,June,26,29,0,1,2,0.0,0,BB,FRA,Direct,Direct,0,0,0,B,B,1,No Deposit,14.0,0,Transient,176.1,0,1
City Hotel,1,107,2017,June,26,29,0,1,2,0.0,0,BB,FRA,Online TA,TA/TO,0,0,0,D,D,0,No Deposit,9.0,0,Transient,171.0,0,0
City Hotel,1,36,2017,June,26,29,0,1,2,0.0,0,SC,USA,Online TA,TA/TO,0,0,0,A,A,0,No Deposit,9.0,0,Transient,160.0,0,1
City Hotel,1,20,2017,June,26,29,0,1,2,0.0,0,BB,PRT,Corporate,Corporate,0,0,0,A,A,0,No Deposit,,0,Transient,95.0,0,2
City Hotel,1,200,2017,June,26,29,0,2,2,0.0,0,SC,DEU,Online TA,TA/TO,0,0,0,A,A,0,No Deposit,9.0,0,Transient,99.0,0,0
City Hotel,1,0,2017,June,26,29,0,2,2,0.0,0,BB,USA,Online TA,TA/TO,0,0,0,A,D,1,No Deposit,9.0,0,Transient-Party,117.0,0,1
City Hotel,1,135,2017,June,26,29,0,2,2,0.0,0,BB,SAU,Online TA,TA/TO,0,0,0,D,D,0,No Deposit,9.0,0,Transient,126.0,0,0
City Hotel,1,144,2017,June,26,29,0,3,2,0.0,0,BB,IRL,Online TA,TA/TO,0,0,0,E,E,0,No Deposit,9.0,0,Transient,149.7,0,0
City Hotel,1,133,2017,June,26,29,0,3,2,0.0,0,BB,IRL,Online TA,TA/TO,0,0,0,A,A,0,No Deposit,9.0,0,Transient,113.7,0,0
City Hotel,1,71,2017,June,26,29,0,3,2,0.0,0,SC,IRL,Online TA,TA/TO,0,0,0,A,A,0,No Deposit,9.0,0,Transient,120.0,0,0
City Hotel,1,125,2017,June,26,29,0,3,2,0.0,0,BB,USA,Direct,Direct,0,0,0,D,D,0,No Deposit,14.0,0,Transient,118.2,0,0
City Hotel,1,134,2017,June,26,29,0,3,2,0.0,0,SC,DEU,Online TA,TA/TO,0,0,0,A,A,0,No Deposit,9.0,0,Transient,95.7,0,0
City Hotel,1,170,2017,June,26,29,0,3,2,0.0,0,SC,DEU,Online TA,TA/TO,0,0,0,A,A,0,No Deposit,9.0,0,Transient,95.7,0,1
City Hotel,1,129,2017,June,26,29,0,3,2,0.0,0,SC,GBR,Online TA,TA/TO,0,0,0,A,A,0,No Deposit,9.0,0,Transient,95.7,0,0
City Hotel,1,163,2017,June,26,29,0,3,2,0.0,0,BB,ISR,Online TA,TA/TO,0,0,0,D,D,0,No Deposit,9.0,0,Transient,122.7,0,0
City Hotel,1,134,2017,June,26,29,0,3,2,0.0,0,BB,DEU,Direct,Direct,0,0,0,A,A,0,No Deposit,14.0,0,Transient,95.7,0,0
City Hotel,1,89,2017,June,26,29,1,3,2,0.0,0,SC,GBR,Online TA,TA/TO,0,0,0,A,A,0,No Deposit,9.0,0,Transient,120.0,0,0
City Hotel,1,145,2017,June,26,29,1,3,2,0.0,0,BB,ISR,Online TA,TA/TO,0,0,0,D,D,0,No Deposit,9.0,0,Transient,121.05,0,0
City Hotel,1,144,2017,June,26,29,1,3,2,0.0,0,BB,NOR,Online TA,TA/TO,0,0,0,D,D,0,No Deposit,9.0,0,Transient,121.05,0,1
City Hotel,1,102,2017,June,26,29,1,3,2,0.0,0,BB,GBR,Online TA,TA/TO,0,0,0,A,A,0,No Deposit,9.0,0,Transient,126.0,0,0
City Hotel,1,142,2017,June,26,29,1,3,2,0.0,0,SC,NOR,Online TA,TA/TO,0,0,0,A,A,0,No Deposit,9.0,0,Transient,94.05,0,0
City Hotel,1,142,2017,June,26,29,1,3,2,0.0,0,SC,NOR,Online TA,TA/TO,0,0,0,A,A,0,No Deposit,9.0,0,Transient,94.05,0,0
City Hotel,1,144,2017,June,26,29,1,3,2,0.0,0,BB,NOR,Online TA,TA/TO,0,0,0,D,D,0,No Deposit,9.0,0,Transient,121.05,0,1
City Hotel,1,159,2017,June,26,29,2,3,2,0.0,0,BB,GBR,Online TA,TA/TO,0,0,0,D,D,0,No Deposit,9.0,0,Transient,120.06,0,0
City Hotel,1,123,2017,June,26,29,2,3,2,0.0,0,BB,BEL,Online TA,TA/TO,0,0,0,D,D,0,No Deposit,9.0,0,Transient,120.06,0,0
City Hotel,1,159,2017,June,26,29,2,3,2,0.0,0,BB,GBR,Online TA,TA/TO,0,0,0,D,D,0,No Deposit,9.0,0,Transient,120.06,0,0
City Hotel,1,123,2017,June,26,29,2,3,2,0.0,0,BB,BEL,Online TA,TA/TO,0,0,0,D,D,0,No Deposit,9.0,0,Transient,120.06,0,0
City Hotel,1,128,2017,June,26,29,2,3,2,0.0,0,BB,BEL,Direct,Direct,0,0,0,A,A,0,No Deposit,14.0,0,Transient,93.06,0,2
City Hotel,1,162,2017,June,26,29,2,4,2,0.0,0,BB,BRA,Online TA,TA/TO,0,0,0,D,D,0,No Deposit,9.0,0,Transient,128.4,0,1
City Hotel,1,135,2017,June,26,30,0,1,2,0.0,0,BB,PRT,Groups,TA/TO,0,0,0,A,A,0,Non Refund,30.0,0,Transient,130.0,0,0
City Hotel,1,135,2017,June,26,30,0,1,2,0.0,0,BB,PRT,Groups,TA/TO,0,0,0,A,A,0,Non Refund,30.0,0,Transient,130.0,0,0
City Hotel,1,135,2017,June,26,30,0,1,2,0.0,0,BB,PRT,Groups,TA/TO,0,0,0,A,A,0,Non Refund,30.0,0,Transient,130.0,0,0
City Hotel,1,135,2017,June,26,30,0,1,2,0.0,0,BB,PRT,Groups,TA/TO,0,0,0,A,A,0,Non Refund,30.0,0,Transient,130.0,0,0
City Hotel,1,354,2017,June,26,30,0,1,2,0.0,0,SC,BRA,Online TA,TA/TO,0,0,0,A,A,0,No Deposit,9.0,0,Transient,99.0,0,0
City Hotel,1,135,2017,June,26,30,0,1,2,0.0,0,BB,PRT,Groups,TA/TO,0,0,0,A,A,0,Non Refund,30.0,0,Transient,130.0,0,0
City Hotel,1,135,2017,June,26,30,0,1,2,0.0,0,BB,PRT,Groups,TA/TO,0,0,0,A,A,0,Non Refund,30.0,0,Transient,130.0,0,0
City Hotel,1,135,2017,June,26,30,0,1,2,0.0,0,BB,PRT,Groups,TA/TO,0,0,0,A,A,0,Non Refund,30.0,0,Transient,130.0,0,0
City Hotel,1,161,2017,June,26,30,0,1,2,0.0,0,BB,PRT,Groups,TA/TO,0,0,0,A,A,0,Non Refund,30.0,26,Transient,130.0,0,0
City Hotel,1,354,2017,June,26,30,0,1,2,0.0,0,SC,BRA,Online TA,TA/TO,0,0,0,A,A,0,No Deposit,9.0,0,Transient,99.0,0,0
City Hotel,1,135,2017,June,26,30,0,1,2,0.0,0,BB,PRT,Groups,TA/TO,0,0,0,A,A,0,Non Refund,30.0,0,Transient,130.0,0,0
City Hotel,1,135,2017,June,26,30,0,1,2,0.0,0,BB,PRT,Groups,TA/TO,0,0,0,A,A,0,Non Refund,30.0,0,Transient,130.0,0,0
City Hotel,1,135,2017,June,26,30,0,1,2,0.0,0,BB,PRT,Groups,TA/TO,0,0,0,A,A,0,Non Refund,30.0,0,Transient,130.0,0,0
City Hotel,1,101,2017,June,26,30,0,1,2,0.0,0,BB,BRA,Online TA,TA/TO,0,0,0,D,D,0,No Deposit,9.0,0,Transient,171.0,0,0
City Hotel,1,156,2017,June,26,30,0,2,2,0.0,0,BB,GBR,Online TA,TA/TO,0,0,0,D,D,0,No Deposit,9.0,0,Transient,121.05,0,0
City Hotel,1,18,2017,June,26,30,0,2,2,0.0,0,SC,PRT,Online TA,TA/TO,0,0,0,A,A,0,No Deposit,9.0,0,Transient,160.0,0,1
City Hotel,1,164,2017,June,26,30,1,2,2,0.0,0,SC,GBR,Online TA,TA/TO,0,0,0,A,A,0,No Deposit,83.0,0,Transient,82.13,0,0
City Hotel,1,109,2017,June,26,30,1,2,2,0.0,0,BB,GBR,Online TA,TA/TO,0,0,0,E,E,0,No Deposit,9.0,0,Transient,198.0,0,0
City Hotel,1,102,2017,June,26,30,1,2,2,0.0,0,SC,GBR,Online TA,TA/TO,0,0,0,A,A,2,No Deposit,9.0,0,Transient,112.0,0,1
City Hotel,1,10,2017,June,26,30,1,2,2,0.0,0,SC,GBR,Online TA,TA/TO,0,0,0,A,A,0,No Deposit,9.0,0,Transient,146.67,0,1
City Hotel,1,147,2017,June,26,30,1,2,2,0.0,0,BB,PRT,Online TA,TA/TO,0,0,0,E,E,0,No Deposit,83.0,0,Transient,117.12,0,0
City Hotel,1,216,2017,June,26,30,1,2,2,0.0,0,SC,ITA,Online TA,TA/TO,0,0,0,A,A,0,No Deposit,9.0,0,Transient,92.4,0,0
City Hotel,1,69,2017,June,26,30,1,2,2,0.0,0,BB,AUT,Online TA,TA/TO,0,0,0,D,D,0,No Deposit,9.0,0,Transient,150.0,0,0
City Hotel,1,147,2017,June,26,30,1,2,2,0.0,0,BB,GBR,Online TA,TA/TO,0,0,0,E,E,0,No Deposit,83.0,0,Transient,117.12,0,0
City Hotel,1,157,2017,June,26,30,1,2,2,0.0,0,BB,FRA,Online TA,TA/TO,0,0,0,D,D,0,No Deposit,9.0,0,Transient,119.4,0,0
City Hotel,1,102,2017,June,26,30,2,2,2,0.0,0,SC,GBR,Online TA,TA/TO,0,0,0,A,A,0,No Deposit,9.0,0,Transient,108.0,0,0
City Hotel,1,102,2017,June,26,30,2,2,2,0.0,0,BB,IRL,Online TA,TA/TO,0,0,0,A,A,0,No Deposit,9.0,0,Transient,126.0,0,0
City Hotel,1,110,2017,June,26,30,2,3,2,0.0,0,BB,IRL,Online TA,TA/TO,0,0,0,D,D,0,No Deposit,9.0,0,Transient,135.0,0,0
City Hotel,1,138,2017,June,26,30,2,3,2,0.0,0,BB,BEL,Online TA,TA/TO,0,0,0,D,D,0,No Deposit,9.0,0,Transient,118.08,0,0
City Hotel,1,144,2017,June,26,30,2,5,2,0.0,0,BB,BRA,Online TA,TA/TO,0,0,0,D,D,0,No Deposit,9.0,0,Transient,117.51,0,0
City Hotel,1,121,2017,July,26,1,0,1,2,0.0,0,BB,GBR,Online TA,TA/TO,0,0,0,D,D,0,No Deposit,9.0,0,Transient,135.0,0,0
City Hotel,1,232,2017,July,26,1,1,1,2,0.0,0,HB,DEU,Online TA,TA/TO,0,0,0,A,A,0,No Deposit,9.0,0,Transient,141.3,0,1
City Hotel,1,158,2017,July,26,1,1,1,2,0.0,0,SC,BRA,Online TA,TA/TO,0,0,0,A,A,0,No Deposit,9.0,0,Transient,89.1,0,0
City Hotel,1,221,2017,July,26,1,2,1,2,0.0,0,BB,BEL,Online TA,TA/TO,0,0,0,A,A,0,No Deposit,9.0,0,Transient,107.1,0,0
City Hotel,1,143,2017,July,26,1,2,1,2,0.0,0,BB,GBR,Online TA,TA/TO,0,0,0,A,A,0,No Deposit,9.0,0,Transient,107.1,0,0
City Hotel,1,140,2017,July,26,1,2,1,2,0.0,0,SC,JOR,Online TA,TA/TO,0,0,0,A,A,0,No Deposit,9.0,0,Transient,89.1,0,0
City Hotel,1,260,2017,July,26,1,2,1,2,0.0,0,BB,AUT,Online TA,TA/TO,0,0,0,B,B,0,No Deposit,9.0,0,Transient-Party,93.65,0,2
City Hotel,1,462,2017,July,26,1,2,1,2,0.0,0,BB,PRT,Groups,TA/TO,0,0,0,A,A,0,No Deposit,229.0,0,Transient-Party,90.0,0,0
City Hotel,1,462,2017,July,26,1,2,1,2,0.0,0,BB,PRT,Groups,TA/TO,0,0,0,A,A,0,No Deposit,229.0,0,Transient-Party,90.0,0,0
City Hotel,1,221,2017,July,26,1,2,1,2,0.0,0,BB,BEL,Online TA,TA/TO,0,0,0,A,A,0,No Deposit,9.0,0,Transient,107.1,0,0
City Hotel,1,133,2017,July,26,1,2,1,2,0.0,0,SC,FRA,Online TA,TA/TO,0,0,0,A,A,0,No Deposit,9.0,0,Transient,89.1,0,0
City Hotel,1,202,2017,July,26,1,2,1,2,0.0,0,SC,AUS,Online TA,TA/TO,0,0,0,A,A,0,No Deposit,9.0,0,Transient,89.1,0,0
City Hotel,1,462,2017,July,26,1,2,1,2,0.0,0,BB,PRT,Groups,TA/TO,0,0,0,A,A,0,No Deposit,229.0,0,Transient-Party,112.67,0,1
City Hotel,1,462,2017,July,26,1,2,1,2,0.0,0,BB,PRT,Groups,TA/TO,0,0,0,A,A,0,No Deposit,229.0,0,Transient-Party,90.0,0,0
City Hotel,1,111,2017,July,26,1,2,2,2,0.0,0,BB,TWN,Online TA,TA/TO,0,0,0,D,D,0,No Deposit,9.0,0,Transient,135.0,0,0
City Hotel,1,332,2017,July,26,1,2,2,2,0.0,0,BB,DEU,Online TA,TA/TO,0,0,0,D,D,0,No Deposit,9.0,0,Transient,113.4,0,2
City Hotel,1,332,2017,July,26,1,2,2,2,0.0,0,BB,DEU,Online TA,TA/TO,0,0,0,D,D,0,No Deposit,9.0,0,Transient,113.4,0,2
City Hotel,1,147,2017,July,26,1,2,3,2,0.0,0,BB,NOR,Online TA,TA/TO,0,0,0,D,D,0,No Deposit,9.0,0,Transient,116.1,0,0
City Hotel,1,203,2017,July,26,1,2,3,2,0.0,0,BB,DEU,Online TA,TA/TO,0,0,0,D,D,2,No Deposit,9.0,0,Transient,120.6,0,1
City Hotel,1,154,2017,July,26,1,2,5,2,0.0,0,BB,FRA,Online TA,TA/TO,0,0,0,D,D,0,No Deposit,9.0,0,Transient,116.1,0,0
City Hotel,1,154,2017,July,26,1,2,5,2,0.0,0,BB,FRA,Online TA,TA/TO,0,0,0,D,D,0,No Deposit,9.0,0,Transient,116.1,0,0
City Hotel,1,167,2017,July,26,1,2,5,2,0.0,0,BB,IRL,Online TA,TA/TO,0,0,0,D,D,0,No Deposit,9.0,0,Transient,117.9,0,0
City Hotel,1,76,2017,July,27,2,1,0,2,0.0,0,BB,PRT,Offline TA/TO,TA/TO,0,0,0,A,A,0,No Deposit,403.0,0,Transient,80.1,0,0
City Hotel,1,118,2017,July,27,2,2,0,2,0.0,0,BB,PRT,Online TA,TA/TO,0,0,0,A,A,0,No Deposit,7.0,0,Transient,95.76,0,0
City Hotel,1,39,2017,July,27,2,2,0,2,0.0,0,BB,USA,Online TA,TA/TO,0,0,0,D,D,0,No Deposit,9.0,0,Transient,139.0,0,0
City Hotel,1,77,2017,July,27,2,2,0,2,0.0,0,SC,IRL,Online TA,TA/TO,0,0,0,A,A,0,No Deposit,9.0,0,Transient,120.0,0,2
City Hotel,1,219,2017,July,27,2,2,0,2,0.0,0,BB,CHN,Online TA,TA/TO,0,0,0,A,A,0,No Deposit,9.0,0,Transient,96.39,0,0
City Hotel,1,60,2017,July,27,2,2,0,2,0.0,0,BB,CHN,Online TA,TA/TO,0,0,0,A,A,0,No Deposit,9.0,0,Transient,126.0,0,1
City Hotel,1,39,2017,July,27,2,2,0,2,0.0,0,BB,PRT,Online TA,TA/TO,0,0,0,A,A,0,No Deposit,9.0,0,Transient,129.0,0,1
City Hotel,1,12,2017,July,27,2,2,0,2,0.0,0,BB,ITA,Online TA,TA/TO,0,0,0,D,D,0,No Deposit,9.0,0,Transient,150.0,0,1
City Hotel,1,38,2017,July,27,2,2,0,2,0.0,0,BB,ESP,Online TA,TA/TO,0,0,0,A,A,0,No Deposit,9.0,0,Transient,119.0,0,1
City Hotel,1,45,2017,July,27,2,2,0,2,0.0,0,SC,CHN,Online TA,TA/TO,0,0,0,A,A,0,No Deposit,9.0,0,Transient,98.1,0,1
City Hotel,1,45,2017,July,27,2,2,0,2,0.0,0,SC,CHN,Online TA,TA/TO,0,0,0,A,A,0,No Deposit,9.0,0,Transient,98.1,0,1
City Hotel,1,45,2017,July,27,2,2,0,2,0.0,0,SC,CHN,Online TA,TA/TO,0,0,0,A,A,0,No Deposit,9.0,0,Transient,98.1,0,1
City Hotel,1,102,2017,July,27,2,2,1,2,0.0,0,BB,DEU,Online TA,TA/TO,0,0,0,D,D,0,No Deposit,9.0,0,Transient,135.0,0,0
City Hotel,1,100,2017,July,27,2,2,1,2,0.0,0,HB,FRA,Online TA,TA/TO,0,0,0,D,D,2,No Deposit,9.0,0,Transient,162.67,0,1
City Hotel,1,172,2017,July,27,2,2,2,2,0.0,0,BB,GBR,Online TA,TA/TO,0,0,0,D,D,0,No Deposit,9.0,0,Transient,117.9,0,3
City Hotel,1,336,2017,July,27,2,2,2,2,0.0,0,SC,DEU,Online TA,TA/TO,0,0,0,A,A,0,No Deposit,9.0,0,Transient,89.1,0,0
City Hotel,1,343,2017,July,27,2,2,2,2,0.0,0,SC,DEU,Online TA,TA/TO,0,0,0,A,A,0,No Deposit,9.0,0,Transient,89.1,0,0
City Hotel,1,171,2017,July,27,2,2,3,2,0.0,0,SC,GBR,Online TA,TA/TO,0,0,0,A,A,0,No Deposit,9.0,0,Transient,89.1,0,2
City Hotel,1,158,2017,July,27,2,2,3,2,0.0,0,HB,PRT,Online TA,TA/TO,0,0,0,D,D,0,No Deposit,9.0,0,Transient,152.1,0,2
City Hotel,1,230,2017,July,27,2,2,5,2,0.0,0,SC,GBR,Online TA,TA/TO,0,0,0,A,A,0,No Deposit,9.0,0,Transient,89.1,0,1
City Hotel,1,46,2017,July,27,3,1,0,2,0.0,0,SC,PRT,Online TA,TA/TO,0,0,0,A,A,0,No Deposit,79.0,0,Transient,89.38,0,0
City Hotel,1,168,2017,July,27,3,1,0,2,0.0,0,HB,PRT,Online TA,TA/TO,0,0,0,D,D,0,No Deposit,8.0,0,Transient,153.9,0,2
City Hotel,1,134,2017,July,27,3,1,0,2,0.0,0,BB,NLD,Online TA,TA/TO,0,0,0,A,A,0,No Deposit,9.0,0,Transient,107.1,0,0
City Hotel,1,51,2017,July,27,3,1,0,2,0.0,0,SC,IRL,Online TA,TA/TO,0,0,0,A,A,0,No Deposit,9.0,0,Transient,120.0,0,1
City Hotel,1,177,2017,July,27,3,1,1,2,0.0,0,SC,IRL,Online TA,TA/TO,0,0,0,A,A,0,No Deposit,9.0,0,Transient,89.1,0,0
City Hotel,1,177,2017,July,27,3,1,1,2,0.0,0,SC,IRL,Online TA,TA/TO,0,0,0,A,A,0,No Deposit,9.0,0,Transient,89.1,0,0
City Hotel,1,177,2017,July,27,3,1,1,2,0.0,0,SC,IRL,Online TA,TA/TO,0,0,0,A,A,0,No Deposit,9.0,0,Transient,89.1,0,0
City Hotel,1,151,2017,July,27,3,1,2,2,0.0,0,HB,PRT,Direct,Direct,0,0,0,D,D,0,No Deposit,14.0,0,Transient,164.0,0,1
City Hotel,1,230,2017,July,27,3,1,2,2,0.0,0,BB,PHL,Online TA,TA/TO,0,0,0,A,A,0,No Deposit,9.0,0,Transient,107.1,0,1
City Hotel,1,271,2017,July,27,3,1,3,2,0.0,0,BB,PRT,Direct,Direct,0,0,0,D,D,0,No Deposit,14.0,0,Transient,121.88,0,0
City Hotel,1,88,2017,July,27,3,1,3,2,0.0,0,BB,CHE,Online TA,TA/TO,0,0,0,D,D,0,No Deposit,9.0,0,Transient,190.0,0,1
City Hotel,1,288,2017,July,27,3,1,4,2,0.0,0,SC,POL,Online TA,TA/TO,0,0,0,A,A,0,No Deposit,9.0,0,Transient,89.1,0,1
City Hotel,1,163,2017,July,27,3,1,5,2,0.0,0,BB,ESP,Online TA,TA/TO,0,0,0,D,D,0,No Deposit,9.0,0,Transient,116.1,0,1
City Hotel,1,172,2017,July,27,3,2,5,2,0.0,0,BB,QAT,Online TA,TA/TO,0,0,0,D,D,0,No Deposit,9.0,0,Transient,117.9,0,0
City Hotel,1,298,2017,July,27,3,3,5,2,0.0,0,BB,DEU,Online TA,TA/TO,0,0,0,A,A,0,No Deposit,9.0,0,Transient,111.0,0,1
City Hotel,1,160,2017,July,27,3,5,12,2,0.0,0,BB,AGO,Online TA,TA/TO,0,0,0,D,D,0,No Deposit,9.0,0,Transient,125.1,0,2
City Hotel,1,237,2017,July,27,3,3,8,2,0.0,0,BB,BEL,Online TA,TA/TO,0,0,0,A,A,0,No Deposit,9.0,0,Transient,107.1,0,2
City Hotel,1,465,2017,July,27,4,0,1,2,0.0,0,BB,PRT,Offline TA/TO,TA/TO,0,0,0,A,A,0,Non Refund,229.0,0,Transient,90.0,0,0
City Hotel,1,465,2017,July,27,4,0,1,2,0.0,0,BB,PRT,Offline TA/TO,TA/TO,0,0,0,A,A,0,Non Refund,229.0,0,Transient,90.0,0,0
City Hotel,1,405,2017,July,27,4,0,2,2,0.0,0,BB,PRT,Offline TA/TO,TA/TO,0,0,0,A,A,0,No Deposit,6.0,0,Transient-Party,80.0,0,0
City Hotel,1,405,2017,July,27,4,0,2,2,0.0,0,BB,PRT,Offline TA/TO,TA/TO,0,0,0,A,A,0,No Deposit,6.0,0,Transient-Party,80.0,0,0
City Hotel,1,405,2017,July,27,4,0,2,2,0.0,0,BB,PRT,Offline TA/TO,TA/TO,0,0,0,A,A,0,No Deposit,6.0,0,Transient-Party,80.0,0,0
City Hotel,1,405,2017,July,27,4,0,2,2,0.0,0,BB,PRT,Offline TA/TO,TA/TO,0,0,0,A,A,0,No Deposit,6.0,0,Transient-Party,80.0,0,0
City Hotel,1,6,2017,July,27,4,0,2,2,0.0,0,BB,PRT,Groups,TA/TO,0,0,0,A,A,0,No Deposit,6.0,0,Transient-Party,80.0,0,0
City Hotel,1,405,2017,July,27,4,0,2,2,0.0,0,BB,PRT,Offline TA/TO,TA/TO,0,0,0,A,A,0,No Deposit,6.0,0,Transient-Party,80.0,0,0
City Hotel,1,405,2017,July,27,4,0,2,2,0.0,0,BB,PRT,Offline TA/TO,TA/TO,0,0,0,A,A,0,No Deposit,6.0,0,Transient-Party,80.0,0,0
City Hotel,1,405,2017,July,27,4,0,2,2,0.0,0,BB,PRT,Offline TA/TO,TA/TO,0,0,0,A,A,0,No Deposit,6.0,0,Transient-Party,80.0,0,0
City Hotel,1,230,2017,July,27,4,0,3,2,0.0,0,BB,DEU,Online TA,TA/TO,0,0,0,A,A,0,No Deposit,9.0,0,Transient,107.1,0,1
City Hotel,1,243,2017,July,27,4,0,3,2,0.0,0,BB,PRT,Offline TA/TO,TA/TO,0,0,0,A,A,1,No Deposit,229.0,0,Transient,90.0,0,0
City Hotel,1,405,2017,July,27,4,0,2,2,0.0,0,BB,PRT,Offline TA/TO,TA/TO,0,0,0,A,A,0,No Deposit,6.0,0,Transient-Party,80.0,0,0
City Hotel,1,244,2017,July,27,4,0,3,2,0.0,0,BB,DNK,Online TA,TA/TO,0,0,0,A,A,0,No Deposit,9.0,0,Transient,107.1,0,0
City Hotel,1,210,2017,July,27,4,1,5,2,0.0,0,SC,GBR,Online TA,TA/TO,0,0,0,A,A,0,No Deposit,9.0,0,Transient,89.1,0,1
City Hotel,1,177,2017,July,27,4,2,5,2,0.0,0,SC,GBR,Online TA,TA/TO,0,0,0,A,A,0,No Deposit,9.0,0,Transient,89.1,0,0
City Hotel,1,179,2017,July,27,4,2,5,2,0.0,0,BB,ITA,Online TA,TA/TO,0,0,0,A,A,0,No Deposit,9.0,0,Transient,107.1,0,0
City Hotel,1,465,2017,July,27,4,0,1,2,0.0,0,BB,PRT,Offline TA/TO,TA/TO,0,0,0,A,A,0,Non Refund,229.0,0,Transient,90.0,0,0
City Hotel,1,465,2017,July,27,4,0,1,2,0.0,0,BB,PRT,Offline TA/TO,TA/TO,0,0,0,A,A,0,Non Refund,229.0,0,Transient,90.0,0,0
City Hotel,1,465,2017,July,27,4,0,1,2,0.0,0,BB,PRT,Offline TA/TO,TA/TO,0,0,0,A,A,0,Non Refund,229.0,0,Transient,90.0,0,0
City Hotel,1,465,2017,July,27,4,0,1,2,0.0,0,BB,PRT,Offline TA/TO,TA/TO,0,0,0,A,A,0,Non Refund,229.0,0,Transient,90.0,0,0
City Hotel,1,465,2017,July,27,4,0,1,2,0.0,0,BB,PRT,Offline TA/TO,TA/TO,0,0,0,A,A,0,Non Refund,229.0,0,Transient,90.0,0,0
City Hotel,1,312,2017,July,27,4,0,1,2,0.0,0,BB,GBR,Direct,Direct,0,0,0,A,A,0,No Deposit,14.0,0,Transient,89.1,0,0
City Hotel,1,465,2017,July,27,4,0,1,2,0.0,0,BB,PRT,Offline TA/TO,TA/TO,0,0,0,A,A,0,Non Refund,229.0,0,Transient,90.0,0,0
City Hotel,1,465,2017,July,27,4,0,1,2,0.0,0,BB,PRT,Offline TA/TO,TA/TO,0,0,0,A,A,0,Non Refund,229.0,0,Transient,90.0,0,0
City Hotel,1,465,2017,July,27,4,0,1,2,0.0,0,BB,PRT,Offline TA/TO,TA/TO,0,0,0,A,A,0,Non Refund,229.0,0,Transient,90.0,0,0
City Hotel,1,204,2017,July,27,4,0,1,2,0.0,0,BB,AUS,Online TA,TA/TO,0,0,0,D,D,0,No Deposit,9.0,0,Transient,120.6,0,0
City Hotel,1,282,2017,July,27,5,0,2,2,0.0,0,HB,ITA,Online TA,TA/TO,0,0,0,A,A,0,No Deposit,9.0,0,Transient,141.3,0,1
City Hotel,1,282,2017,July,27,5,0,2,2,0.0,0,HB,ITA,Online TA,TA/TO,0,0,0,A,A,0,No Deposit,9.0,0,Transient,141.3,0,1
City Hotel,1,282,2017,July,27,5,0,2,2,0.0,0,HB,ITA,Online TA,TA/TO,0,0,0,A,A,0,No Deposit,9.0,0,Transient,141.3,0,1
City Hotel,1,282,2017,July,27,5,0,2,2,0.0,0,HB,ITA,Online TA,TA/TO,0,0,0,A,A,0,No Deposit,9.0,0,Transient,141.3,0,1
City Hotel,1,282,2017,July,27,5,0,2,2,0.0,0,HB,ITA,Online TA,TA/TO,0,0,0,A,A,0,No Deposit,9.0,0,Transient,141.3,0,1
City Hotel,1,282,2017,July,27,5,0,2,2,0.0,0,HB,ITA,Online TA,TA/TO,0,0,0,A,A,0,No Deposit,9.0,0,Transient,141.3,0,1
City Hotel,1,282,2017,July,27,5,0,2,2,0.0,0,HB,ITA,Online TA,TA/TO,0,0,0,A,A,0,No Deposit,9.0,0,Transient,141.3,0,1
City Hotel,1,282,2017,July,27,5,0,2,2,0.0,0,HB,ITA,Online TA,TA/TO,0,0,0,A,A,0,No Deposit,9.0,0,Transient,141.3,0,1
City Hotel,1,282,2017,July,27,5,0,2,2,0.0,0,HB,ITA,Online TA,TA/TO,0,0,0,A,A,0,No Deposit,9.0,0,Transient,141.3,0,1
City Hotel,1,282,2017,July,27,5,0,2,2,0.0,0,HB,ITA,Online TA,TA/TO,0,0,0,A,A,0,No Deposit,9.0,0,Transient,141.3,0,1
City Hotel,1,162,2017,July,27,5,0,2,2,0.0,0,BB,DEU,Online TA,TA/TO,0,0,0,D,D,0,No Deposit,9.0,0,Transient,116.1,0,0
City Hotel,1,169,2017,July,27,5,0,2,2,0.0,0,BB,PRT,Online TA,TA/TO,0,0,0,D,D,0,No Deposit,7.0,0,Transient,89.4,0,1
City Hotel,1,187,2017,July,27,5,0,3,2,0.0,0,BB,ESP,Online TA,TA/TO,0,0,0,A,A,0,No Deposit,9.0,0,Transient,116.1,0,0
City Hotel,1,142,2017,July,27,5,0,3,2,0.0,0,BB,BEL,Online TA,TA/TO,0,0,0,E,E,0,No Deposit,9.0,0,Transient,143.1,0,0
City Hotel,1,78,2017,July,27,5,0,3,2,0.0,0,BB,BRA,Online TA,TA/TO,0,0,0,D,D,0,No Deposit,9.0,0,Transient,150.0,0,1
City Hotel,1,262,2017,July,27,5,0,4,2,0.0,0,BB,PRT,Online TA,TA/TO,0,0,0,A,A,0,No Deposit,7.0,0,Transient,78.35,0,1
City Hotel,1,179,2017,July,27,5,0,4,2,0.0,0,BB,GBR,Online TA,TA/TO,0,0,0,A,A,0,No Deposit,9.0,0,Transient,107.1,0,2
City Hotel,1,179,2017,July,27,5,0,4,2,0.0,0,SC,GBR,Online TA,TA/TO,0,0,0,A,A,0,No Deposit,9.0,0,Transient,89.1,0,0
City Hotel,1,240,2017,July,27,5,0,4,2,0.0,0,BB,GBR,Online TA,TA/TO,0,0,0,A,A,0,No Deposit,9.0,0,Transient,107.1,0,0
City Hotel,1,182,2017,July,27,5,0,4,2,0.0,0,SC,PRT,Online TA,TA/TO,0,0,0,A,A,0,No Deposit,9.0,0,Transient,89.1,0,1
City Hotel,1,146,2017,July,27,5,0,4,2,0.0,0,BB,GBR,Online TA,TA/TO,0,0,0,E,E,0,No Deposit,9.0,0,Transient,143.1,0,1
City Hotel,1,200,2017,July,27,5,0,4,2,0.0,0,BB,DEU,Online TA,TA/TO,0,0,0,A,A,0,No Deposit,9.0,0,Transient,107.1,0,1
City Hotel,1,179,2017,July,27,5,0,4,2,0.0,0,SC,GBR,Online TA,TA/TO,0,0,0,A,A,0,No Deposit,9.0,0,Transient,89.1,0,1
City Hotel,1,157,2017,July,27,5,0,4,2,0.0,0,BB,ESP,Online TA,TA/TO,0,0,0,D,D,0,No Deposit,9.0,0,Transient,116.1,0,0
City Hotel,1,320,2017,July,27,5,0,4,2,0.0,0,SC,GBR,Online TA,TA/TO,0,0,0,A,A,0,No Deposit,9.0,0,Transient,89.1,0,1
City Hotel,1,357,2017,July,27,5,0,4,2,0.0,0,SC,GBR,Online TA,TA/TO,0,0,0,A,A,2,No Deposit,9.0,0,Transient,89.1,0,1
City Hotel,1,218,2017,July,27,5,0,4,2,0.0,0,BB,DEU,Online TA,TA/TO,0,0,0,A,A,0,No Deposit,9.0,0,Transient,107.1,0,0
City Hotel,1,233,2017,July,27,5,0,4,2,0.0,0,SC,ESP,Online TA,TA/TO,0,0,0,A,A,0,No Deposit,9.0,0,Transient,89.1,0,0
City Hotel,1,214,2017,July,27,5,1,4,2,0.0,0,SC,IRL,Online TA,TA/TO,0,0,0,A,A,0,No Deposit,9.0,0,Transient,89.1,0,2
City Hotel,1,223,2017,July,27,5,1,4,2,0.0,0,SC,USA,Online TA,TA/TO,0,0,0,A,A,0,No Deposit,9.0,0,Transient,89.1,0,0
City Hotel,1,174,2017,July,27,5,1,4,2,0.0,0,SC,GBR,Online TA,TA/TO,0,0,0,A,A,0,No Deposit,9.0,0,Transient,89.1,0,0
City Hotel,1,180,2017,July,27,5,1,4,2,0.0,0,BB,DEU,Online TA,TA/TO,0,0,0,A,A,0,No Deposit,9.0,0,Transient,107.1,0,0
City Hotel,1,184,2017,July,27,5,1,4,2,0.0,0,BB,GBR,Online TA,TA/TO,0,0,0,A,A,0,No Deposit,9.0,0,Transient,107.1,0,0
City Hotel,1,315,2017,July,27,5,2,4,2,0.0,0,BB,GBR,Online TA,TA/TO,0,0,0,A,A,2,No Deposit,9.0,0,Transient,103.5,0,1
City Hotel,1,315,2017,July,27,5,2,4,2,0.0,0,BB,GBR,Online TA,TA/TO,0,0,0,A,A,2,No Deposit,9.0,0,Transient,103.5,0,1
City Hotel,1,315,2017,July,27,5,2,4,2,0.0,0,BB,GBR,Online TA,TA/TO,0,0,0,A,E,3,No Deposit,9.0,0,Transient,141.83,0,2
City Hotel,1,315,2017,July,27,5,2,4,2,0.0,0,BB,GBR,Online TA,TA/TO,0,0,0,A,A,2,No Deposit,9.0,0,Transient,103.5,0,1
City Hotel,1,315,2017,July,27,5,2,4,2,0.0,0,BB,GBR,Online TA,TA/TO,0,0,0,A,A,2,No Deposit,9.0,0,Transient,103.5,0,1
City Hotel,1,315,2017,July,27,5,2,4,2,0.0,0,BB,GBR,Online TA,TA/TO,0,0,0,A,A,2,No Deposit,9.0,0,Transient,103.5,0,1
City Hotel,1,315,2017,July,27,5,2,4,2,0.0,0,BB,GBR,Online TA,TA/TO,0,0,0,A,A,2,No Deposit,9.0,0,Transient,103.5,0,1
City Hotel,1,315,2017,July,27,5,2,4,2,0.0,0,BB,GBR,Online TA,TA/TO,0,0,0,A,A,2,No Deposit,9.0,0,Transient,103.5,0,1
City Hotel,1,308,2017,July,27,5,2,5,2,0.0,0,BB,GBR,Online TA,TA/TO,0,0,0,A,A,0,No Deposit,9.0,0,Transient,103.5,0,1
City Hotel,1,288,2017,July,27,5,3,9,2,0.0,0,BB,DEU,Online TA,TA/TO,0,0,0,A,A,0,No Deposit,9.0,0,Transient,107.1,0,1
City Hotel,1,240,2017,July,27,5,1,4,2,0.0,0,SC,GBR,Online TA,TA/TO,0,0,0,A,A,2,No Deposit,9.0,0,Transient,91.08,0,1
City Hotel,1,97,2017,July,27,6,0,1,2,0.0,0,BB,PRT,Groups,TA/TO,0,0,0,A,A,1,Non Refund,87.0,0,Transient,140.0,0,0
City Hotel,1,24,2017,July,27,6,0,1,2,0.0,0,HB,FRA,Online TA,TA/TO,0,0,0,A,A,0,No Deposit,9.0,0,Transient,198.0,0,1
City Hotel,1,10,2017,July,27,6,0,1,2,0.0,0,BB,PRT,Online TA,TA/TO,0,0,0,A,A,0,No Deposit,9.0,0,Transient,138.0,0,1
City Hotel,1,97,2017,July,27,6,0,1,2,0.0,0,BB,PRT,Groups,TA/TO,0,0,0,A,A,1,Non Refund,87.0,0,Transient,140.0,0,0
City Hotel,1,9,2017,July,27,6,0,1,2,0.0,0,SC,PRT,Online TA,TA/TO,0,0,0,A,A,0,No Deposit,9.0,0,Transient,118.0,0,1
City Hotel,1,10,2017,July,27,6,0,1,2,0.0,0,SC,ESP,Online TA,TA/TO,0,0,0,A,A,0,No Deposit,9.0,0,Transient,118.0,0,2
City Hotel,1,10,2017,July,27,6,0,1,2,0.0,0,SC,PRT,Online TA,TA/TO,0,0,0,A,A,0,No Deposit,9.0,0,Transient,118.0,0,1
City Hotel,1,10,2017,July,27,6,0,1,2,0.0,0,SC,PRT,Online TA,TA/TO,0,0,0,A,A,0,No Deposit,9.0,0,Transient,118.0,0,1
City Hotel,1,97,2017,July,27,6,0,1,2,0.0,0,BB,PRT,Groups,TA/TO,0,0,0,A,A,1,Non Refund,87.0,0,Transient,140.0,0,0
City Hotel,1,18,2017,July,27,6,0,2,2,0.0,0,BB,CHN,Online TA,TA/TO,0,0,0,E,E,0,No Deposit,9.0,0,Transient,180.0,0,1
City Hotel,1,210,2017,July,27,6,0,2,2,0.0,0,BB,GBR,Online TA,TA/TO,0,0,0,A,A,0,No Deposit,9.0,0,Transient,107.1,0,1
City Hotel,1,228,2017,July,27,6,0,2,2,0.0,0,BB,DEU,Online TA,TA/TO,0,0,0,A,A,0,No Deposit,9.0,0,Transient,107.1,0,0
City Hotel,1,359,2017,July,27,6,0,3,2,0.0,0,BB,GBR,Online TA,TA/TO,0,0,0,A,A,0,No Deposit,9.0,0,Transient,99.9,0,0
City Hotel,1,252,2017,July,27,6,0,3,2,0.0,0,SC,GBR,Online TA,TA/TO,0,0,0,A,A,0,No Deposit,9.0,0,Transient,89.1,0,1
City Hotel,1,175,2017,July,27,6,0,3,2,0.0,0,BB,DEU,Online TA,TA/TO,0,0,0,D,D,0,No Deposit,9.0,0,Transient,117.9,0,0
City Hotel,1,175,2017,July,27,6,0,3,2,0.0,0,BB,DEU,Online TA,TA/TO,0,0,0,D,D,0,No Deposit,9.0,0,Transient,117.9,0,0
City Hotel,1,230,2017,July,27,6,0,3,2,0.0,0,BB,NLD,Online TA,TA/TO,0,0,0,A,A,0,No Deposit,9.0,0,Transient,107.1,0,1
City Hotel,1,155,2017,July,27,6,0,3,2,0.0,0,BB,NOR,Online TA,TA/TO,0,0,0,A,A,0,No Deposit,9.0,0,Transient,107.1,0,0
City Hotel,1,46,2017,July,27,6,0,3,2,0.0,0,BB,HKG,Online TA,TA/TO,0,0,0,A,A,0,No Deposit,9.0,0,Transient,163.0,0,2
City Hotel,1,239,2017,July,27,6,0,3,2,0.0,0,SC,ESP,Online TA,TA/TO,0,0,0,A,A,0,No Deposit,9.0,0,Transient,89.1,0,1
City Hotel,1,225,2017,July,27,6,0,3,2,0.0,0,BB,DEU,Online TA,TA/TO,0,0,0,A,A,0,No Deposit,9.0,0,Transient,107.1,0,0
City Hotel,1,238,2017,July,27,6,0,3,2,0.0,0,BB,GBR,Online TA,TA/TO,0,0,0,A,A,0,No Deposit,9.0,0,Transient,107.1,0,1
City Hotel,1,180,2017,July,27,6,0,3,2,0.0,0,SC,DEU,Online TA,TA/TO,0,0,0,A,A,0,No Deposit,9.0,0,Transient,89.1,0,0
City Hotel,1,46,2017,July,27,6,0,3,2,0.0,0,SC,PRT,Online TA,TA/TO,0,0,0,A,A,0,No Deposit,7.0,0,Transient,143.0,0,1
City Hotel,1,307,2017,July,27,6,0,3,2,0.0,0,BB,PRT,Online TA,TA/TO,0,0,0,A,A,0,No Deposit,9.0,0,Transient,107.1,0,2
City Hotel,1,175,2017,July,27,6,0,3,2,0.0,0,BB,DEU,Online TA,TA/TO,0,0,0,D,D,0,No Deposit,9.0,0,Transient,117.9,0,0
City Hotel,1,78,2017,July,27,6,0,3,2,0.0,0,SC,USA,Online TA,TA/TO,0,0,0,A,A,0,No Deposit,9.0,0,Transient,120.0,0,1
City Hotel,1,49,2017,July,27,6,0,3,2,0.0,0,BB,PRT,Online TA,TA/TO,0,0,0,A,A,0,No Deposit,85.0,0,Transient,80.1,0,0
City Hotel,1,235,2017,July,27,6,0,3,2,0.0,0,SC,ITA,Online TA,TA/TO,0,0,0,A,A,0,No Deposit,9.0,0,Transient,89.1,0,0
City Hotel,1,111,2017,July,27,6,1,3,2,0.0,0,SC,AUT,Online TA,TA/TO,0,0,0,A,A,3,No Deposit,9.0,0,Transient,108.0,0,0
City Hotel,1,173,2017,July,27,6,1,3,2,0.0,0,SC,PRT,Online TA,TA/TO,0,0,0,A,A,0,No Deposit,7.0,0,Transient,89.1,0,0
City Hotel,1,130,2017,July,27,6,1,3,2,0.0,0,BB,GBR,Online TA,TA/TO,0,0,0,A,A,0,No Deposit,9.0,0,Transient,107.1,0,0
City Hotel,1,127,2017,July,27,6,1,3,2,0.0,0,SC,GBR,Online TA,TA/TO,0,0,0,A,A,0,No Deposit,9.0,0,Transient,108.0,0,0
City Hotel,1,310,2017,July,27,6,1,3,2,0.0,0,SC,ESP,Online TA,TA/TO,0,0,0,A,A,0,No Deposit,9.0,0,Transient,89.1,0,2
City Hotel,1,199,2017,July,27,6,2,3,2,0.0,0,SC,GBR,Online TA,TA/TO,0,0,0,A,A,0,No Deposit,9.0,0,Transient,89.1,0,1
City Hotel,1,121,2017,July,27,6,2,5,2,0.0,0,BB,SWE,Online TA,TA/TO,0,0,0,A,A,0,No Deposit,9.0,0,Transient,126.0,0,0
City Hotel,1,103,2017,July,27,6,2,5,2,0.0,0,SC,NOR,Online TA,TA/TO,0,0,0,A,A,0,No Deposit,9.0,0,Transient,120.0,0,1
City Hotel,1,365,2017,July,27,7,0,1,2,0.0,0,BB,PRT,Direct,Direct,0,0,0,G,G,0,No Deposit,,0,Transient,100.0,0,0
City Hotel,1,315,2017,July,27,7,0,1,2,0.0,0,BB,USA,Online TA,TA/TO,0,0,0,B,B,1,No Deposit,9.0,0,Transient,91.85,0,3
City Hotel,1,315,2017,July,27,7,0,1,2,0.0,0,SC,USA,Online TA,TA/TO,0,0,0,A,A,0,No Deposit,9.0,0,Transient,89.1,0,2
City Hotel,1,315,2017,July,27,7,0,1,2,0.0,0,BB,USA,Online TA,TA/TO,0,0,0,B,B,1,No Deposit,9.0,0,Transient,91.85,0,3
City Hotel,1,26,2017,July,27,7,0,1,2,0.0,0,BB,PRT,Online TA,TA/TO,0,0,0,A,A,0,No Deposit,9.0,0,Transient,160.0,0,1
City Hotel,1,315,2017,July,27,7,0,1,2,0.0,0,BB,USA,Online TA,TA/TO,0,0,0,B,B,1,No Deposit,9.0,0,Transient,91.85,0,3
City Hotel,1,133,2017,July,27,7,0,2,2,0.0,0,HB,ITA,Online TA,TA/TO,0,0,0,A,A,0,No Deposit,9.0,0,Transient,141.3,0,1
City Hotel,1,178,2017,July,27,7,0,2,2,0.0,0,HB,ITA,Online TA,TA/TO,0,0,0,A,A,0,No Deposit,9.0,0,Transient,143.1,0,0
City Hotel,1,178,2017,July,27,7,0,2,2,0.0,0,HB,ITA,Online TA,TA/TO,0,0,0,A,A,0,No Deposit,9.0,0,Transient,143.1,0,0
City Hotel,1,167,2017,July,27,7,0,2,2,0.0,0,SC,DNK,Online TA,TA/TO,0,0,0,A,A,0,No Deposit,9.0,0,Transient,89.1,0,0
City Hotel,1,79,2017,July,27,7,0,2,2,0.0,0,SC,IRL,Online TA,TA/TO,0,0,0,A,A,0,No Deposit,9.0,0,Transient,120.0,0,0
City Hotel,1,240,2017,July,27,7,0,2,2,0.0,0,HB,ITA,Online TA,TA/TO,0,0,0,A,A,0,No Deposit,9.0,0,Transient,141.3,0,1
City Hotel,1,178,2017,July,27,7,0,2,2,0.0,0,HB,ITA,Online TA,TA/TO,0,0,0,A,A,0,No Deposit,9.0,0,Transient,143.1,0,0
City Hotel,1,270,2017,July,27,7,0,2,2,0.0,0,BB,ITA,Online TA,TA/TO,0,0,0,A,A,0,No Deposit,9.0,0,Transient,99.9,0,1
City Hotel,1,240,2017,July,27,7,0,2,2,0.0,0,HB,ITA,Online TA,TA/TO,0,0,0,A,A,0,No Deposit,9.0,0,Transient,141.3,0,1
City Hotel,1,270,2017,July,27,7,0,2,2,0.0,0,HB,ITA,Online TA,TA/TO,0,0,0,D,D,0,No Deposit,9.0,0,Transient,154.8,0,1
City Hotel,1,207,2017,July,27,7,0,2,2,0.0,0,SC,ESP,Online TA,TA/TO,0,0,0,A,A,0,No Deposit,9.0,0,Transient,89.1,0,2
City Hotel,1,178,2017,July,27,7,0,2,2,0.0,0,HB,ITA,Online TA,TA/TO,0,0,0,A,A,0,No Deposit,9.0,0,Transient,143.1,0,0
City Hotel,1,178,2017,July,27,7,0,2,2,0.0,0,HB,ITA,Online TA,TA/TO,0,0,0,A,A,0,No Deposit,9.0,0,Transient,143.1,0,0
City Hotel,1,240,2017,July,27,7,0,2,2,0.0,0,HB,ITA,Online TA,TA/TO,0,0,0,A,A,0,No Deposit,9.0,0,Transient,141.3,0,1
City Hotel,1,133,2017,July,27,7,0,2,2,0.0,0,HB,ITA,Online TA,TA/TO,0,0,0,A,A,0,No Deposit,9.0,0,Transient,141.3,0,1
City Hotel,1,270,2017,July,27,7,0,2,2,0.0,0,HB,ITA,Online TA,TA/TO,0,0,0,D,D,0,No Deposit,9.0,0,Transient,154.8,0,1
City Hotel,1,270,2017,July,27,7,0,2,2,0.0,0,HB,ITA,Online TA,TA/TO,0,0,0,D,D,0,No Deposit,9.0,0,Transient,154.8,0,1
City Hotel,1,266,2017,July,27,7,0,2,2,0.0,0,BB,IRL,Online TA,TA/TO,0,0,0,A,A,0,No Deposit,9.0,0,Transient,107.1,0,2
City Hotel,1,178,2017,July,27,7,0,2,2,0.0,0,HB,ITA,Online TA,TA/TO,0,0,0,A,A,0,No Deposit,9.0,0,Transient,143.1,0,0
City Hotel,1,167,2017,July,27,7,0,2,2,0.0,0,SC,DNK,Online TA,TA/TO,0,0,0,A,A,0,No Deposit,9.0,0,Transient,89.1,0,0
City Hotel,1,270,2017,July,27,7,0,2,2,0.0,0,HB,ITA,Online TA,TA/TO,0,0,0,D,D,0,No Deposit,9.0,0,Transient,154.8,0,1
City Hotel,1,270,2017,July,27,7,0,2,2,0.0,0,HB,ITA,Online TA,TA/TO,0,0,0,D,D,0,No Deposit,9.0,0,Transient,154.8,0,1
City Hotel,1,270,2017,July,27,7,0,2,2,0.0,0,HB,ITA,Online TA,TA/TO,0,0,0,D,D,0,No Deposit,9.0,0,Transient,154.8,0,1
City Hotel,1,270,2017,July,27,7,0,2,2,0.0,0,HB,ITA,Online TA,TA/TO,0,0,0,D,D,0,No Deposit,9.0,0,Transient,154.8,0,1
City Hotel,1,49,2017,July,27,7,0,2,2,0.0,0,SC,CHN,Online TA,TA/TO,0,0,0,A,A,0,No Deposit,9.0,0,Transient,144.0,0,0
City Hotel,1,89,2017,July,27,7,0,2,2,0.0,0,BB,PRT,Online TA,TA/TO,0,0,0,D,D,0,No Deposit,9.0,0,Transient,150.0,0,0
City Hotel,1,178,2017,July,27,7,0,2,2,0.0,0,HB,ITA,Online TA,TA/TO,0,0,0,A,A,0,No Deposit,9.0,0,Transient,143.1,0,0
City Hotel,1,133,2017,July,27,7,0,2,2,0.0,0,HB,ITA,Online TA,TA/TO,0,0,0,A,A,2,No Deposit,9.0,0,Transient,141.3,0,0
City Hotel,1,240,2017,July,27,7,0,2,2,0.0,0,HB,ITA,Online TA,TA/TO,0,0,0,A,A,0,No Deposit,9.0,0,Transient,141.3,0,1
City Hotel,1,270,2017,July,27,7,0,2,2,0.0,0,HB,ITA,Online TA,TA/TO,0,0,0,D,D,0,No Deposit,9.0,0,Transient,154.8,0,1
City Hotel,1,270,2017,July,27,7,0,2,2,0.0,0,HB,ITA,Online TA,TA/TO,0,0,0,D,D,0,No Deposit,9.0,0,Transient,154.8,0,1
City Hotel,1,270,2017,July,27,7,0,2,2,0.0,0,HB,ITA,Online TA,TA/TO,0,0,0,D,D,0,No Deposit,9.0,0,Transient,154.8,0,1
City Hotel,1,154,2017,July,27,7,0,2,2,0.0,0,BB,PRT,Offline TA/TO,TA/TO,0,0,0,A,A,0,No Deposit,27.0,0,Transient,89.0,0,0
City Hotel,1,133,2017,July,27,7,0,2,2,0.0,0,HB,ITA,Online TA,TA/TO,0,0,0,A,A,0,No Deposit,9.0,0,Transient,141.3,0,1
City Hotel,1,240,2017,July,27,7,0,2,2,0.0,0,HB,ITA,Online TA,TA/TO,0,0,0,A,A,0,No Deposit,9.0,0,Transient,141.3,0,1
City Hotel,1,133,2017,July,27,7,0,2,2,0.0,0,HB,ITA,Online TA,TA/TO,0,0,0,A,A,0,No Deposit,9.0,0,Transient,141.3,0,1
City Hotel,1,133,2017,July,27,7,0,2,2,0.0,0,BB,ITA,Online TA,TA/TO,0,0,0,A,A,2,No Deposit,9.0,0,Transient,98.1,0,1
City Hotel,1,178,2017,July,27,7,0,2,2,0.0,0,HB,ITA,Online TA,TA/TO,0,0,0,A,A,0,No Deposit,9.0,0,Transient,143.1,0,0
City Hotel,1,178,2017,July,27,7,0,2,2,0.0,0,HB,ITA,Online TA,TA/TO,0,0,0,A,A,0,No Deposit,9.0,0,Transient,143.1,0,0
City Hotel,1,270,2017,July,27,7,0,2,2,0.0,0,HB,ITA,Online TA,TA/TO,0,0,0,D,D,0,No Deposit,9.0,0,Transient,190.8,0,1
City Hotel,1,78,2017,July,27,7,1,2,2,0.0,0,BB,POL,Online TA,TA/TO,0,0,0,D,D,0,No Deposit,9.0,0,Transient,150.0,0,0
City Hotel,1,162,2017,July,27,7,1,2,2,0.0,0,SC,ITA,Online TA,TA/TO,0,0,0,A,A,0,No Deposit,9.0,0,Transient,89.1,0,0
City Hotel,1,173,2017,July,27,7,2,2,2,0.0,0,BB,SWE,Online TA,TA/TO,0,0,0,A,A,0,No Deposit,9.0,0,Transient,107.1,0,0
City Hotel,1,289,2017,July,27,7,2,2,2,0.0,0,SC,BRA,Online TA,TA/TO,0,0,0,A,A,0,No Deposit,9.0,0,Transient,89.1,0,2
City Hotel,1,95,2017,July,27,7,2,3,2,0.0,0,SC,IRL,Online TA,TA/TO,0,0,0,A,A,0,No Deposit,9.0,0,Transient,120.0,0,1
City Hotel,1,178,2017,July,27,7,2,4,2,0.0,0,SC,PRT,Online TA,TA/TO,0,0,0,A,A,0,No Deposit,7.0,0,Transient,68.61,0,1
City Hotel,1,134,2017,July,27,7,2,2,2,0.0,0,SC,NOR,Online TA,TA/TO,0,0,0,A,A,0,No Deposit,9.0,0,Transient,89.1,0,0
City Hotel,1,306,2017,July,27,8,0,1,2,0.0,0,BB,CN,Online TA,TA/TO,0,0,0,A,A,0,No Deposit,9.0,0,Transient,107.1,0,1
City Hotel,1,69,2017,July,27,8,0,1,2,0.0,0,BB,ESP,Online TA,TA/TO,0,0,0,E,E,0,No Deposit,9.0,0,Transient,180.0,0,1
City Hotel,1,221,2017,July,27,8,0,1,2,0.0,0,SC,FRA,Online TA,TA/TO,0,0,0,A,A,0,No Deposit,9.0,0,Transient,89.1,0,0
City Hotel,1,81,2017,July,27,8,0,1,2,0.0,0,SC,PRT,Online TA,TA/TO,0,0,0,A,A,0,No Deposit,9.0,0,Transient,120.0,0,0
City Hotel,1,132,2017,July,27,8,0,1,2,0.0,0,SC,PRT,Online TA,TA/TO,0,0,0,A,A,0,No Deposit,9.0,0,Transient,89.1,0,0
City Hotel,1,219,2017,July,27,8,0,1,2,0.0,0,BB,FRA,Online TA,TA/TO,0,0,0,A,A,0,No Deposit,9.0,0,Transient,107.1,0,0
City Hotel,1,191,2017,July,27,8,1,1,2,0.0,0,SC,GBR,Online TA,TA/TO,0,0,0,A,A,0,No Deposit,9.0,0,Transient,89.1,0,1
City Hotel,1,182,2017,July,27,8,1,1,2,0.0,0,BB,PRT,Online TA,TA/TO,0,0,0,A,A,0,No Deposit,7.0,0,Transient,82.47,0,1
City Hotel,1,99,2017,July,27,8,1,1,2,0.0,0,SC,USA,Online TA,TA/TO,0,0,0,A,A,0,No Deposit,9.0,0,Transient,120.0,0,1
City Hotel,1,174,2017,July,27,8,1,1,2,0.0,0,SC,CN,Online TA,TA/TO,0,0,0,A,A,0,No Deposit,9.0,0,Transient,89.1,0,0
City Hotel,1,207,2017,July,27,8,1,1,2,0.0,0,BB,PRT,Offline TA/TO,TA/TO,0,0,0,A,A,0,No Deposit,28.0,0,Transient,80.1,0,0
City Hotel,1,159,2017,July,27,8,1,1,2,0.0,0,SC,IRL,Online TA,TA/TO,0,0,0,A,A,0,No Deposit,9.0,0,Transient,89.1,0,0
City Hotel,1,157,2017,July,27,8,1,1,2,0.0,0,BB,PRT,Direct,Direct,0,0,0,A,A,0,No Deposit,14.0,0,Transient,86.63,0,0
City Hotel,1,134,2017,July,27,8,2,2,2,0.0,0,SC,USA,Online TA,TA/TO,0,0,0,A,A,0,No Deposit,9.0,0,Transient,80.19,0,0
City Hotel,1,157,2017,July,27,8,2,2,2,0.0,0,SC,BRA,Online TA,TA/TO,0,0,0,A,A,0,No Deposit,9.0,0,Transient,89.1,0,0
City Hotel,1,178,2017,July,27,8,2,2,2,0.0,0,SC,GBR,Online TA,TA/TO,0,0,0,A,A,0,No Deposit,9.0,0,Transient,89.1,0,1
City Hotel,1,104,2017,July,27,8,2,2,2,0.0,0,BB,DEU,Online TA,TA/TO,0,0,0,E,E,0,No Deposit,9.0,0,Transient,162.0,0,0
City Hotel,1,134,2017,July,27,8,2,2,2,0.0,0,SC,USA,Online TA,TA/TO,0,0,0,A,A,0,No Deposit,9.0,0,Transient,80.19,0,0
City Hotel,1,134,2017,July,27,8,2,2,2,0.0,0,BB,USA,Online TA,TA/TO,0,0,0,E,E,0,No Deposit,9.0,0,Transient,128.79,0,0
City Hotel,1,55,2017,July,27,8,2,3,2,0.0,0,BB,ITA,Online TA,TA/TO,0,0,0,A,A,0,No Deposit,9.0,0,Transient,142.0,0,1
City Hotel,1,146,2017,July,27,8,2,3,2,0.0,0,BB,USA,Online TA,TA/TO,0,0,0,D,D,0,No Deposit,9.0,0,Transient,116.1,0,0
City Hotel,1,159,2017,July,27,8,4,9,2,0.0,0,HB,ITA,Online TA,TA/TO,0,0,0,D,D,0,No Deposit,9.0,0,Transient,152.1,0,0
City Hotel,1,4,2017,July,28,9,1,0,2,0.0,0,BB,PRT,Direct,Direct,0,0,0,A,A,0,No Deposit,,0,Transient,150.0,0,0
City Hotel,1,167,2017,July,28,9,1,0,2,0.0,0,BB,GBR,Online TA,TA/TO,0,0,0,A,A,0,No Deposit,9.0,0,Transient,107.1,0,1
City Hotel,1,167,2017,July,28,9,1,0,2,0.0,0,BB,GBR,Online TA,TA/TO,0,0,0,D,D,0,No Deposit,9.0,0,Transient,152.1,0,1
City Hotel,1,153,2017,July,28,9,1,0,2,0.0,0,SC,USA,Online TA,TA/TO,0,0,0,A,A,0,No Deposit,9.0,0,Transient,89.1,0,0
City Hotel,1,42,2017,July,28,9,2,0,2,0.0,0,SC,FRA,Online TA,TA/TO,0,0,0,A,A,0,No Deposit,9.0,0,Transient,130.0,0,2
City Hotel,1,29,2017,July,28,9,2,1,2,0.0,0,SC,IRL,Online TA,TA/TO,0,0,0,A,A,0,No Deposit,9.0,0,Transient,133.33,0,1
City Hotel,1,13,2017,July,28,9,2,1,2,0.0,0,SC,PRT,Online TA,TA/TO,0,0,0,A,A,0,No Deposit,89.0,0,Transient,106.67,0,0
City Hotel,1,226,2017,July,28,9,2,1,2,0.0,0,BB,PRT,Groups,TA/TO,0,0,0,A,A,0,Non Refund,,0,Transient,110.0,0,0
City Hotel,1,226,2017,July,28,9,2,1,2,0.0,0,BB,PRT,Groups,TA/TO,0,0,0,A,A,0,Non Refund,,0,Transient,110.0,0,0
City Hotel,1,226,2017,July,28,9,2,1,2,0.0,0,BB,PRT,Groups,TA/TO,0,0,0,A,A,0,Non Refund,,0,Transient,110.0,0,0
City Hotel,1,226,2017,July,28,9,2,1,2,0.0,0,BB,PRT,Groups,TA/TO,0,0,0,A,A,0,Non Refund,,0,Transient,110.0,0,0
City Hotel,1,226,2017,July,28,9,2,1,2,0.0,0,BB,PRT,Groups,TA/TO,0,0,0,A,A,0,Non Refund,,0,Transient,110.0,0,0
City Hotel,1,49,2017,July,28,9,2,1,2,0.0,0,BB,DEU,Online TA,TA/TO,0,0,0,A,A,0,No Deposit,9.0,0,Transient,146.67,0,1
City Hotel,1,226,2017,July,28,9,2,1,2,0.0,0,BB,PRT,Groups,TA/TO,0,0,0,A,A,0,Non Refund,,0,Transient,110.0,0,0
City Hotel,1,226,2017,July,28,9,2,1,2,0.0,0,BB,PRT,Groups,TA/TO,0,0,0,A,A,0,Non Refund,,0,Transient,110.0,0,0
City Hotel,1,109,2017,July,28,9,2,1,2,0.0,0,BB,NLD,Online TA,TA/TO,0,0,0,A,A,0,No Deposit,9.0,0,Transient,126.0,0,0
City Hotel,1,226,2017,July,28,9,2,1,2,0.0,0,BB,PRT,Groups,TA/TO,0,0,0,A,A,0,Non Refund,,0,Transient,110.0,0,0
City Hotel,1,226,2017,July,28,9,2,1,2,0.0,0,BB,PRT,Groups,TA/TO,0,0,0,A,A,0,Non Refund,,0,Transient,110.0,0,0
City Hotel,1,226,2017,July,28,9,2,1,2,0.0,0,BB,PRT,Groups,TA/TO,0,0,0,A,A,0,Non Refund,,0,Transient,110.0,0,0
City Hotel,1,226,2017,July,28,9,2,1,2,0.0,0,BB,PRT,Groups,TA/TO,0,0,0,A,A,0,Non Refund,,0,Transient,110.0,0,0
City Hotel,1,226,2017,July,28,9,2,1,2,0.0,0,BB,PRT,Groups,TA/TO,0,0,0,A,A,0,Non Refund,,0,Transient,110.0,0,0
City Hotel,1,226,2017,July,28,9,2,1,2,0.0,0,BB,PRT,Groups,TA/TO,0,0,0,A,A,0,Non Refund,,0,Transient,110.0,0,0
City Hotel,1,179,2017,July,28,9,2,1,2,0.0,0,BB,DEU,Online TA,TA/TO,0,0,0,A,A,0,No Deposit,9.0,0,Transient,107.1,0,1
City Hotel,1,226,2017,July,28,9,2,1,2,0.0,0,BB,PRT,Groups,TA/TO,0,0,0,A,A,0,Non Refund,,0,Transient,110.0,0,0
City Hotel,1,226,2017,July,28,9,2,1,2,0.0,0,BB,PRT,Groups,TA/TO,0,0,0,A,A,0,Non Refund,,0,Transient,110.0,0,0
City Hotel,1,226,2017,July,28,9,2,1,2,0.0,0,BB,PRT,Groups,TA/TO,0,0,0,A,A,0,Non Refund,,0,Transient,110.0,0,0
City Hotel,1,226,2017,July,28,9,2,1,2,0.0,0,BB,PRT,Groups,TA/TO,0,0,0,A,A,0,Non Refund,,0,Transient,110.0,0,0
City Hotel,1,226,2017,July,28,9,2,1,2,0.0,0,BB,PRT,Groups,TA/TO,0,0,0,A,A,0,Non Refund,,0,Transient,110.0,0,0
City Hotel,1,226,2017,July,28,9,2,1,2,0.0,0,BB,PRT,Groups,TA/TO,0,0,0,A,A,0,Non Refund,,0,Transient,110.0,0,0
City Hotel,1,49,2017,July,28,9,2,1,2,0.0,0,BB,DEU,Online TA,TA/TO,0,0,0,D,D,0,No Deposit,9.0,0,Transient,156.67,0,1
City Hotel,1,226,2017,July,28,9,2,1,2,0.0,0,BB,PRT,Groups,TA/TO,0,0,0,A,A,0,Non Refund,,0,Transient,110.0,0,0
City Hotel,1,95,2017,July,28,9,2,1,2,0.0,0,BB,ESP,Online TA,TA/TO,0,0,0,D,D,0,No Deposit,9.0,0,Transient,190.0,0,2
City Hotel,1,226,2017,July,28,9,2,1,2,0.0,0,BB,PRT,Groups,TA/TO,0,0,0,A,A,0,Non Refund,,0,Transient,110.0,0,0
City Hotel,1,226,2017,July,28,9,2,1,2,0.0,0,BB,PRT,Groups,TA/TO,0,0,0,A,A,0,Non Refund,,0,Transient,110.0,0,0
City Hotel,1,226,2017,July,28,9,2,1,2,0.0,0,BB,PRT,Groups,TA/TO,0,0,0,A,A,0,Non Refund,,0,Transient,110.0,0,0
City Hotel,1,297,2017,July,28,9,2,1,2,0.0,0,BB,PRT,Groups,TA/TO,0,0,0,A,A,0,Non Refund,,71,Transient,110.0,0,0
City Hotel,1,226,2017,July,28,9,2,1,2,0.0,0,BB,PRT,Groups,TA/TO,0,0,0,A,A,0,Non Refund,,0,Transient,110.0,0,0
City Hotel,1,14,2017,July,28,9,2,2,2,0.0,0,SC,IRN,Online TA,TA/TO,0,0,0,A,A,0,No Deposit,9.0,0,Transient,130.0,0,1
City Hotel,1,27,2017,July,28,9,2,2,2,0.0,0,SC,IRL,Online TA,TA/TO,0,0,0,A,A,0,No Deposit,9.0,0,Transient,130.0,0,1
City Hotel,1,34,2017,July,28,9,2,2,2,0.0,0,SC,USA,Online TA,TA/TO,0,0,0,A,A,0,No Deposit,9.0,0,Transient,130.0,0,1
City Hotel,1,340,2017,July,28,9,2,2,2,0.0,0,BB,NOR,Online TA,TA/TO,0,0,0,B,B,1,No Deposit,9.0,0,Transient,90.05,0,2
City Hotel,1,10,2017,July,28,9,2,2,2,0.0,0,SC,IRN,Online TA,TA/TO,0,0,0,A,A,0,No Deposit,9.0,0,Transient,130.0,0,1
City Hotel,1,21,2017,July,28,9,2,2,2,0.0,0,SC,FRA,Online TA,TA/TO,0,0,0,A,A,0,No Deposit,9.0,0,Transient,130.0,0,0
City Hotel,1,34,2017,July,28,9,2,2,2,0.0,0,SC,USA,Online TA,TA/TO,0,0,0,A,A,0,No Deposit,9.0,0,Transient,130.0,0,1
City Hotel,1,57,2017,July,28,9,2,2,2,0.0,0,SC,SWE,Online TA,TA/TO,0,0,0,A,A,0,No Deposit,9.0,0,Transient,122.5,0,1
City Hotel,1,262,2017,July,28,9,2,2,2,0.0,0,SC,FRA,Online TA,TA/TO,0,0,0,A,A,0,No Deposit,9.0,0,Transient,89.1,0,0
City Hotel,1,277,2017,July,28,9,2,2,2,0.0,0,SC,ESP,Online TA,TA/TO,0,0,0,A,A,2,No Deposit,9.0,0,Transient,89.1,0,2
City Hotel,1,186,2017,July,28,9,2,2,2,0.0,0,BB,POL,Online TA,TA/TO,0,0,0,A,A,0,No Deposit,9.0,0,Transient,107.1,0,0
City Hotel,1,17,2017,July,28,9,2,2,2,0.0,0,SC,DEU,Online TA,TA/TO,0,0,0,A,A,0,No Deposit,9.0,0,Transient,130.0,0,1
City Hotel,1,19,2017,July,28,9,2,2,2,0.0,0,BB,ESP,Online TA,TA/TO,0,0,0,A,A,0,No Deposit,9.0,0,Transient,150.0,0,1
City Hotel,1,161,2017,July,28,9,2,2,2,0.0,0,SC,DNK,Online TA,TA/TO,0,0,0,A,A,0,No Deposit,9.0,0,Transient,89.1,0,0
City Hotel,1,8,2017,July,28,9,2,3,2,0.0,0,SC,DEU,Online TA,TA/TO,0,0,0,A,A,0,No Deposit,9.0,0,Transient,128.0,0,1
City Hotel,1,187,2017,July,28,9,2,3,2,0.0,0,BB,ROU,Online TA,TA/TO,0,0,0,D,D,0,No Deposit,9.0,0,Transient,120.6,0,0
City Hotel,1,111,2017,July,28,9,2,3,2,0.0,0,SC,GBR,Online TA,TA/TO,0,0,0,A,A,0,No Deposit,9.0,0,Transient,108.0,0,0
City Hotel,1,104,2017,July,28,10,1,0,2,0.0,0,BB,CN,Online TA,TA/TO,0,0,0,D,D,0,No Deposit,9.0,0,Transient,190.0,0,0
City Hotel,1,53,2017,July,28,10,1,0,2,0.0,0,BB,PRT,Online TA,TA/TO,0,0,0,A,A,0,No Deposit,85.0,0,Transient,80.1,0,0
City Hotel,1,272,2017,July,28,10,1,0,2,0.0,0,SC,DEU,Online TA,TA/TO,0,0,0,A,A,0,No Deposit,9.0,0,Transient,89.1,0,1
City Hotel,1,104,2017,July,28,10,1,0,2,0.0,0,BB,PRT,Offline TA/TO,TA/TO,0,0,0,A,E,0,No Deposit,85.0,0,Transient,80.1,0,2
City Hotel,1,47,2017,July,28,10,1,1,2,0.0,0,BB,PRT,Offline TA/TO,TA/TO,0,0,0,A,A,0,No Deposit,52.0,0,Transient,80.1,0,1
City Hotel,1,73,2017,July,28,10,1,1,2,0.0,0,BB,PRT,Offline TA/TO,TA/TO,0,0,0,A,A,0,No Deposit,52.0,0,Transient,80.1,0,0
City Hotel,1,35,2017,July,28,10,1,2,2,0.0,0,BB,ROU,Online TA,TA/TO,0,0,0,A,A,0,No Deposit,9.0,0,Transient,146.67,0,2
City Hotel,1,111,2017,July,28,10,1,2,2,0.0,0,SC,FRA,Online TA,TA/TO,0,0,0,A,A,0,No Deposit,9.0,0,Transient,108.0,0,0
City Hotel,1,100,2017,July,28,10,1,2,2,0.0,0,BB,PRT,Offline TA/TO,TA/TO,0,0,0,A,A,0,No Deposit,138.0,0,Transient,80.1,0,0
City Hotel,1,191,2017,July,28,10,1,2,2,0.0,0,BB,PRT,Online TA,TA/TO,0,0,0,A,A,0,No Deposit,83.0,0,Transient,85.68,0,0
City Hotel,1,136,2017,July,28,10,1,2,2,0.0,0,SC,HKG,Online TA,TA/TO,0,0,0,A,A,0,No Deposit,9.0,0,Transient,89.1,0,0
City Hotel,1,123,2017,July,28,10,1,2,2,0.0,0,BB,BEL,Direct,Direct,0,0,0,A,A,0,No Deposit,14.0,0,Transient,108.0,0,0
City Hotel,1,67,2017,July,28,10,1,2,2,0.0,0,SC,CHE,Online TA,TA/TO,0,0,0,A,A,0,No Deposit,9.0,0,Transient,113.33,0,1
City Hotel,1,75,2017,July,28,10,1,2,2,0.0,0,SC,CHE,Online TA,TA/TO,0,0,0,A,A,0,No Deposit,9.0,0,Transient,120.0,0,0
City Hotel,1,120,2017,July,28,10,1,2,2,0.0,0,BB,AUS,Direct,Direct,0,0,0,A,A,0,No Deposit,14.0,0,Transient,108.0,0,0
City Hotel,1,263,2017,July,28,10,1,3,2,0.0,0,SC,FRA,Online TA,TA/TO,0,0,0,A,A,0,No Deposit,9.0,0,Transient,89.1,0,1
City Hotel,1,239,2017,July,28,10,1,3,2,0.0,0,BB,FRA,Online TA,TA/TO,0,0,0,A,A,0,No Deposit,9.0,0,Transient,107.1,0,1
City Hotel,1,181,2017,July,28,10,1,3,2,0.0,0,BB,GBR,Online TA,TA/TO,0,0,0,D,D,0,No Deposit,9.0,0,Transient,120.6,0,0
City Hotel,1,172,2017,July,28,10,1,5,2,0.0,0,BB,ITA,Online TA,TA/TO,0,0,0,D,D,0,No Deposit,9.0,0,Transient,116.1,0,1
City Hotel,1,156,2017,July,28,10,2,5,2,0.0,0,BB,IRL,Online TA,TA/TO,0,0,0,E,E,0,No Deposit,9.0,0,Transient,143.1,0,0
City Hotel,1,161,2017,July,28,10,2,5,2,0.0,0,BB,IRL,Online TA,TA/TO,0,0,0,E,E,0,No Deposit,9.0,0,Transient,143.1,0,0
City Hotel,1,224,2017,July,28,10,2,5,2,0.0,0,BB,NLD,Online TA,TA/TO,0,0,0,A,A,0,No Deposit,9.0,0,Transient,107.1,0,0
City Hotel,1,340,2017,July,28,10,1,5,2,0.0,0,BB,BEL,Online TA,TA/TO,0,0,0,A,A,0,No Deposit,9.0,0,Transient,99.9,0,0
City Hotel,1,450,2017,July,28,11,0,1,2,0.0,0,BB,PRT,Groups,TA/TO,0,0,0,A,A,0,Non Refund,229.0,0,Transient,90.0,0,0
City Hotel,1,450,2017,July,28,11,0,1,2,0.0,0,BB,PRT,Groups,TA/TO,0,0,0,A,A,0,Non Refund,229.0,0,Transient,90.0,0,0
City Hotel,1,450,2017,July,28,11,0,1,2,0.0,0,BB,PRT,Groups,TA/TO,0,0,0,A,A,0,Non Refund,229.0,0,Transient,90.0,0,0
City Hotel,1,77,2017,July,28,11,0,1,2,0.0,0,SC,GBR,Online TA,TA/TO,0,0,0,A,A,0,No Deposit,9.0,0,Transient,120.0,0,2
City Hotel,1,56,2017,July,28,11,0,1,2,0.0,0,BB,SWE,Online TA,TA/TO,0,0,0,A,A,0,No Deposit,9.0,0,Transient,140.0,0,2
City Hotel,1,450,2017,July,28,11,0,1,2,0.0,0,BB,PRT,Groups,TA/TO,0,0,0,A,A,0,Non Refund,229.0,0,Transient,90.0,0,0
City Hotel,1,450,2017,July,28,11,0,1,2,0.0,0,BB,PRT,Groups,TA/TO,0,0,0,A,A,0,Non Refund,229.0,0,Transient,90.0,0,0
City Hotel,1,450,2017,July,28,11,0,1,2,0.0,0,BB,PRT,Groups,TA/TO,0,0,0,A,A,0,Non Refund,229.0,0,Transient,90.0,0,0
City Hotel,1,275,2017,July,28,11,0,1,2,0.0,0,SC,DEU,Online TA,TA/TO,0,0,0,A,A,0,No Deposit,9.0,0,Transient,89.1,0,1
City Hotel,1,450,2017,July,28,11,0,1,2,0.0,0,BB,PRT,Groups,TA/TO,0,0,0,A,A,0,Non Refund,229.0,0,Transient,90.0,0,0
City Hotel,1,450,2017,July,28,11,0,1,2,0.0,0,BB,PRT,Groups,TA/TO,0,0,0,A,A,0,Non Refund,229.0,0,Transient,90.0,0,0
City Hotel,1,450,2017,July,28,11,0,1,2,0.0,0,BB,PRT,Groups,TA/TO,0,0,0,A,A,0,Non Refund,229.0,0,Transient,90.0,0,0
City Hotel,1,450,2017,July,28,11,0,1,2,0.0,0,BB,PRT,Groups,TA/TO,0,0,0,A,A,0,Non Refund,229.0,0,Transient,90.0,0,0
City Hotel,1,77,2017,July,28,11,0,1,2,0.0,0,SC,GBR,Online TA,TA/TO,0,0,0,A,A,0,No Deposit,9.0,0,Transient,120.0,0,2
City Hotel,1,20,2017,July,28,11,0,2,2,0.0,0,SC,GBR,Online TA,TA/TO,0,0,0,A,A,0,No Deposit,9.0,0,Transient,120.0,0,1
City Hotel,1,34,2017,July,28,11,0,2,2,0.0,0,BB,FRA,Online TA,TA/TO,0,0,0,A,A,0,No Deposit,9.0,0,Transient,140.0,0,2
City Hotel,1,68,2017,July,28,11,0,2,2,0.0,0,SC,IRL,Online TA,TA/TO,0,0,0,A,A,0,No Deposit,9.0,0,Transient,120.0,0,1
City Hotel,1,42,2017,July,28,11,0,2,2,0.0,0,BB,SWE,Online TA,TA/TO,0,0,0,A,A,2,No Deposit,9.0,0,Transient,140.0,0,0
City Hotel,1,211,2017,July,28,11,0,2,2,0.0,0,SC,PRT,Online TA,TA/TO,0,0,0,A,A,0,No Deposit,83.0,0,Transient,71.28,0,0
City Hotel,1,97,2017,July,28,11,0,3,2,0.0,0,BB,AUS,Online TA,TA/TO,0,0,0,D,D,0,No Deposit,9.0,0,Transient,150.0,0,2
City Hotel,1,240,2017,July,28,11,0,3,2,0.0,0,BB,GBR,Online TA,TA/TO,0,0,0,A,A,0,No Deposit,9.0,0,Transient,107.1,0,1
City Hotel,1,327,2017,July,28,11,0,4,2,0.0,0,SC,BEL,Online TA,TA/TO,0,0,0,A,A,0,No Deposit,9.0,0,Transient,89.1,0,2
City Hotel,1,224,2017,July,28,11,0,4,2,0.0,0,HB,PRT,Online TA,TA/TO,0,0,0,D,D,0,No Deposit,7.0,0,Transient,114.55,0,0
City Hotel,1,336,2017,July,28,11,0,4,2,0.0,0,HB,KAZ,Online TA,TA/TO,0,0,0,D,D,0,No Deposit,9.0,0,Transient,147.6,0,2
City Hotel,1,327,2017,July,28,11,0,4,2,0.0,0,SC,BEL,Online TA,TA/TO,0,0,0,A,A,0,No Deposit,9.0,0,Transient,89.1,0,2
City Hotel,1,209,2017,July,28,11,0,4,2,0.0,0,BB,PRT,Offline TA/TO,TA/TO,0,0,0,D,D,0,No Deposit,6.0,0,Transient,121.1,0,0
City Hotel,1,54,2017,July,28,11,0,5,2,0.0,0,BB,ROU,Online TA,TA/TO,0,0,0,D,D,0,No Deposit,9.0,0,Transient,154.0,0,0
City Hotel,1,338,2017,July,28,11,2,5,2,0.0,0,HB,GBR,Online TA,TA/TO,0,0,0,A,A,0,No Deposit,9.0,0,Transient,134.1,0,2
City Hotel,1,320,2017,July,28,11,2,5,2,0.0,0,SC,GBR,Online TA,TA/TO,0,0,0,A,A,0,No Deposit,9.0,0,Transient,89.1,0,0
City Hotel,1,181,2017,July,28,11,2,5,2,0.0,0,BB,GBR,Online TA,TA/TO,0,0,0,D,D,0,No Deposit,9.0,0,Transient,120.6,0,0
City Hotel,1,338,2017,July,28,11,2,5,2,0.0,0,HB,GBR,Online TA,TA/TO,0,0,0,A,A,0,No Deposit,9.0,0,Transient,134.1,0,2
City Hotel,1,214,2017,July,28,11,2,6,2,0.0,0,HB,RUS,Online TA,TA/TO,0,0,0,A,A,0,No Deposit,9.0,0,Transient,143.1,0,1
City Hotel,1,49,2017,July,28,12,0,1,2,0.0,0,BB,PRT,Offline TA/TO,TA/TO,0,0,0,A,A,0,No Deposit,52.0,0,Transient,80.1,0,1
City Hotel,1,187,2017,July,28,12,0,1,2,0.0,0,BB,PRT,Online TA,TA/TO,0,0,0,A,A,0,No Deposit,9.0,0,Transient,116.1,0,0
City Hotel,1,36,2017,July,28,12,0,1,2,0.0,0,SC,DEU,Online TA,TA/TO,0,0,0,A,A,0,No Deposit,9.0,0,Transient,120.0,0,1
City Hotel,1,75,2017,July,28,12,0,1,2,0.0,0,BB,PRT,Offline TA/TO,TA/TO,0,0,0,A,A,0,No Deposit,52.0,0,Transient,80.1,0,0
City Hotel,1,81,2017,July,28,12,0,2,2,0.0,0,BB,NOR,Online TA,TA/TO,0,0,0,D,D,0,No Deposit,9.0,0,Transient,150.0,0,2
City Hotel,1,451,2017,July,28,12,0,3,2,0.0,0,BB,PRT,Groups,TA/TO,0,0,0,A,A,0,No Deposit,229.0,0,Transient-Party,90.0,0,0
City Hotel,1,81,2017,July,28,12,0,2,2,0.0,0,BB,NOR,Online TA,TA/TO,0,0,0,D,D,0,No Deposit,9.0,0,Transient,150.0,0,2
City Hotel,1,451,2017,July,28,12,0,3,2,0.0,0,BB,PRT,Groups,TA/TO,0,0,0,A,A,0,No Deposit,229.0,0,Transient-Party,90.0,0,0
City Hotel,1,451,2017,July,28,12,0,3,2,0.0,0,BB,PRT,Groups,TA/TO,0,0,0,A,A,0,No Deposit,229.0,0,Transient-Party,90.0,0,0
City Hotel,1,451,2017,July,28,12,0,3,2,0.0,0,BB,PRT,Groups,TA/TO,0,0,0,A,A,0,No Deposit,229.0,0,Transient-Party,90.0,0,0
City Hotel,1,451,2017,July,28,12,0,3,2,0.0,0,BB,PRT,Groups,TA/TO,0,0,0,A,A,0,No Deposit,229.0,0,Transient-Party,90.0,0,0
City Hotel,1,185,2017,July,28,12,0,3,2,0.0,0,BB,ROU,Online TA,TA/TO,0,0,0,D,D,0,No Deposit,9.0,0,Transient,120.6,0,1
City Hotel,1,451,2017,July,28,12,0,3,2,0.0,0,BB,PRT,Groups,TA/TO,0,0,0,A,A,0,No Deposit,229.0,0,Transient-Party,90.0,0,0
City Hotel,1,54,2017,July,28,12,0,4,2,0.0,0,BB,DEU,Online TA,TA/TO,0,0,0,D,D,0,No Deposit,9.0,0,Transient,155.0,0,0
City Hotel,1,54,2017,July,28,12,0,4,2,0.0,0,BB,DEU,Online TA,TA/TO,0,0,0,D,D,0,No Deposit,9.0,0,Transient,155.0,0,0
City Hotel,1,169,2017,July,28,12,0,4,2,0.0,0,BB,GBR,Online TA,TA/TO,0,0,0,D,D,0,No Deposit,9.0,0,Transient,116.1,0,0
City Hotel,1,229,2017,July,28,12,1,4,2,0.0,0,BB,PRT,Groups,TA/TO,0,0,0,A,A,0,Non Refund,,0,Transient,110.0,0,0
City Hotel,1,229,2017,July,28,12,1,4,2,0.0,0,BB,PRT,Groups,TA/TO,0,0,0,A,A,0,Non Refund,,0,Transient,110.0,0,0
City Hotel,1,229,2017,July,28,12,1,4,2,0.0,0,BB,PRT,Groups,TA/TO,0,0,0,A,A,0,Non Refund,,0,Transient,110.0,0,0
City Hotel,1,229,2017,July,28,12,1,4,2,0.0,0,BB,PRT,Groups,TA/TO,0,0,0,A,A,0,Non Refund,,0,Transient,110.0,0,0
City Hotel,1,229,2017,July,28,12,1,4,2,0.0,0,BB,PRT,Groups,TA/TO,0,0,0,A,A,0,Non Refund,,0,Transient,110.0,0,0
City Hotel,1,229,2017,July,28,12,1,4,2,0.0,0,BB,PRT,Groups,TA/TO,0,0,0,A,A,0,Non Refund,,0,Transient,110.0,0,0
City Hotel,1,229,2017,July,28,12,1,4,2,0.0,0,BB,PRT,Groups,TA/TO,0,0,0,A,A,0,Non Refund,,0,Transient,110.0,0,0
City Hotel,1,229,2017,July,28,12,1,4,2,0.0,0,BB,PRT,Groups,TA/TO,0,0,0,A,A,0,Non Refund,,0,Transient,110.0,0,0
City Hotel,1,229,2017,July,28,12,1,4,2,0.0,0,BB,PRT,Groups,TA/TO,0,0,0,A,A,0,Non Refund,,0,Transient,110.0,0,0
City Hotel,1,229,2017,July,28,12,1,4,2,0.0,0,BB,PRT,Groups,TA/TO,0,0,0,A,A,0,Non Refund,,0,Transient,110.0,0,0
City Hotel,1,229,2017,July,28,12,1,4,2,0.0,0,BB,PRT,Groups,TA/TO,0,0,0,A,A,0,Non Refund,,0,Transient,110.0,0,0
City Hotel,1,229,2017,July,28,12,1,4,2,0.0,0,BB,PRT,Groups,TA/TO,0,0,0,A,A,0,Non Refund,,0,Transient,110.0,0,0
City Hotel,1,229,2017,July,28,12,1,4,2,0.0,0,BB,PRT,Groups,TA/TO,0,0,0,A,A,0,Non Refund,,0,Transient,110.0,0,0
City Hotel,1,229,2017,July,28,12,1,4,2,0.0,0,BB,PRT,Groups,TA/TO,0,0,0,A,A,0,Non Refund,,0,Transient,110.0,0,0
City Hotel,1,229,2017,July,28,12,1,4,2,0.0,0,BB,PRT,Groups,TA/TO,0,0,0,A,A,0,Non Refund,,0,Transient,110.0,0,0
City Hotel,1,229,2017,July,28,12,1,4,2,0.0,0,BB,PRT,Groups,TA/TO,0,0,0,A,A,0,Non Refund,,0,Transient,110.0,0,0
City Hotel,1,300,2017,July,28,12,1,4,2,0.0,0,BB,PRT,Groups,TA/TO,0,0,0,A,A,0,Non Refund,,71,Transient,110.0,0,0
City Hotel,1,229,2017,July,28,12,1,4,2,0.0,0,BB,PRT,Groups,TA/TO,0,0,0,A,A,0,Non Refund,,0,Transient,110.0,0,0
City Hotel,1,229,2017,July,28,12,1,4,2,0.0,0,BB,PRT,Groups,TA/TO,0,0,0,A,A,0,Non Refund,,0,Transient,110.0,0,0
City Hotel,1,229,2017,July,28,12,1,4,2,0.0,0,BB,PRT,Groups,TA/TO,0,0,0,A,A,0,Non Refund,,0,Transient,110.0,0,0
City Hotel,1,229,2017,July,28,12,1,4,2,0.0,0,BB,PRT,Groups,TA/TO,0,0,0,A,A,0,Non Refund,,0,Transient,110.0,0,0
City Hotel,1,229,2017,July,28,12,1,4,2,0.0,0,BB,PRT,Groups,TA/TO,0,0,0,A,A,0,Non Refund,,0,Transient,110.0,0,0
City Hotel,1,229,2017,July,28,12,1,4,2,0.0,0,BB,PRT,Groups,TA/TO,0,0,0,A,A,0,Non Refund,,0,Transient,110.0,0,0
City Hotel,1,229,2017,July,28,12,1,4,2,0.0,0,BB,PRT,Groups,TA/TO,0,0,0,A,A,0,Non Refund,,0,Transient,110.0,0,0
City Hotel,1,229,2017,July,28,12,1,4,2,0.0,0,BB,PRT,Groups,TA/TO,0,0,0,A,A,0,Non Refund,,0,Transient,110.0,0,0
City Hotel,1,202,2017,July,28,12,2,4,2,0.0,0,SC,FRA,Online TA,TA/TO,0,0,0,A,A,0,No Deposit,9.0,0,Transient,89.1,0,2
City Hotel,1,207,2017,July,28,12,2,5,2,0.0,0,BB,NLD,Online TA,TA/TO,0,0,0,A,A,0,No Deposit,9.0,0,Transient,107.1,0,1
City Hotel,1,253,2017,July,28,13,0,1,2,0.0,0,SC,PRT,Online TA,TA/TO,0,0,0,A,A,0,No Deposit,9.0,0,Transient,89.1,0,0
City Hotel,1,414,2017,July,28,13,0,2,2,0.0,0,BB,PRT,Offline TA/TO,TA/TO,0,0,0,A,B,1,No Deposit,6.0,0,Transient-Party,80.0,0,0
City Hotel,1,414,2017,July,28,13,0,2,2,0.0,0,BB,PRT,Offline TA/TO,TA/TO,0,0,0,A,A,0,No Deposit,6.0,0,Transient-Party,80.0,0,0
City Hotel,1,414,2017,July,28,13,0,2,2,0.0,0,BB,PRT,Offline TA/TO,TA/TO,0,0,0,A,B,1,No Deposit,6.0,0,Transient-Party,80.0,0,0
City Hotel,1,414,2017,July,28,13,0,2,2,0.0,0,BB,PRT,Offline TA/TO,TA/TO,0,0,0,A,B,1,No Deposit,6.0,0,Transient-Party,80.0,0,0
City Hotel,1,199,2017,July,28,13,0,2,2,0.0,0,BB,BEL,Online TA,TA/TO,0,0,0,D,D,0,No Deposit,9.0,0,Transient,156.6,0,0
City Hotel,1,414,2017,July,28,13,0,2,2,0.0,0,BB,PRT,Offline TA/TO,TA/TO,0,0,0,A,B,1,No Deposit,6.0,0,Transient-Party,80.0,0,0
City Hotel,1,414,2017,July,28,13,0,2,2,0.0,0,BB,PRT,Offline TA/TO,TA/TO,0,0,0,A,B,1,No Deposit,6.0,0,Transient-Party,80.0,0,0
City Hotel,1,414,2017,July,28,13,0,2,2,0.0,0,BB,PRT,Offline TA/TO,TA/TO,0,0,0,A,B,1,No Deposit,6.0,0,Transient-Party,80.0,0,0
City Hotel,1,414,2017,July,28,13,0,2,2,0.0,0,BB,PRT,Offline TA/TO,TA/TO,0,0,0,A,B,1,No Deposit,6.0,0,Transient-Party,80.0,0,0
City Hotel,1,414,2017,July,28,13,0,2,2,0.0,0,BB,PRT,Offline TA/TO,TA/TO,0,0,0,A,B,1,No Deposit,6.0,0,Transient-Party,80.0,0,0
City Hotel,1,414,2017,July,28,13,0,2,2,0.0,0,BB,PRT,Offline TA/TO,TA/TO,0,0,0,A,A,0,No Deposit,6.0,0,Transient-Party,80.0,0,0
City Hotel,1,23,2017,July,28,13,0,3,2,0.0,0,BB,FRA,Online TA,TA/TO,0,0,0,D,D,0,No Deposit,9.0,0,Transient,163.33,0,1
City Hotel,1,234,2017,July,28,13,0,3,2,0.0,0,BB,BRA,Online TA,TA/TO,0,0,0,D,D,0,No Deposit,9.0,0,Transient,120.6,0,0
City Hotel,1,19,2017,July,28,13,0,3,2,0.0,0,BB,FRA,Online TA,TA/TO,0,0,0,E,E,0,No Deposit,9.0,0,Transient,193.33,0,0
City Hotel,1,156,2017,July,28,13,0,3,2,0.0,0,BB,FRA,Online TA,TA/TO,0,0,0,D,D,0,No Deposit,9.0,0,Transient,116.1,0,0
City Hotel,1,9,2017,July,28,13,0,3,2,0.0,0,SC,FRA,Online TA,TA/TO,0,0,0,A,A,0,No Deposit,9.0,0,Transient,126.0,0,1
City Hotel,1,277,2017,July,28,13,0,3,2,0.0,0,BB,GBR,Online TA,TA/TO,0,0,0,D,D,0,No Deposit,9.0,0,Transient,120.6,0,1
City Hotel,1,167,2017,July,28,13,0,3,2,0.0,0,BB,IRL,Online TA,TA/TO,0,0,0,D,D,0,No Deposit,9.0,0,Transient,116.1,0,0
City Hotel,1,277,2017,July,28,13,0,3,2,0.0,0,BB,GBR,Online TA,TA/TO,0,0,0,D,D,0,No Deposit,9.0,0,Transient,120.6,0,1
City Hotel,1,25,2017,July,28,13,0,3,2,0.0,0,BB,ESP,Online TA,TA/TO,0,0,0,A,A,0,No Deposit,9.0,0,Transient,160.0,0,1
City Hotel,1,163,2017,July,28,13,0,3,2,0.0,0,BB,FRA,Online TA,TA/TO,0,0,0,D,D,0,No Deposit,9.0,0,Transient,116.1,0,0
City Hotel,1,271,2017,July,28,13,1,3,2,0.0,0,BB,GBR,Online TA,TA/TO,0,0,0,D,D,0,No Deposit,9.0,0,Transient,120.6,0,1
City Hotel,1,59,2017,July,28,13,1,3,2,0.0,0,BB,CN,Direct,Direct,0,0,0,D,D,0,No Deposit,14.0,0,Transient,137.25,0,0
City Hotel,1,16,2017,July,28,13,2,3,2,0.0,0,BB,CHN,Online TA,TA/TO,0,0,0,D,D,0,No Deposit,9.0,0,Transient,162.0,0,0
City Hotel,1,238,2017,July,28,13,2,4,2,0.0,0,BB,USA,Online TA,TA/TO,0,0,0,D,D,2,No Deposit,9.0,0,Transient,122.83,0,2
City Hotel,1,25,2017,July,28,13,1,3,2,0.0,0,SC,FRA,Online TA,TA/TO,0,0,0,A,A,2,No Deposit,9.0,0,Transient,135.0,0,2
City Hotel,1,22,2017,July,28,14,0,2,2,0.0,0,BB,GBR,Online TA,TA/TO,0,0,0,D,D,0,No Deposit,9.0,0,Transient,160.0,0,0
City Hotel,1,1,2017,July,28,14,0,2,2,0.0,0,SC,ESP,Online TA,TA/TO,0,0,0,A,A,0,Refundable,9.0,0,Transient,130.0,0,1
City Hotel,1,171,2017,July,28,14,0,2,2,0.0,0,BB,DEU,Online TA,TA/TO,0,0,0,D,D,0,No Deposit,9.0,0,Transient,116.1,0,0
City Hotel,1,174,2017,July,28,14,0,2,2,0.0,0,BB,IRL,Online TA,TA/TO,0,0,0,D,D,2,No Deposit,9.0,0,Transient,116.1,0,0
City Hotel,1,171,2017,July,28,14,0,2,2,0.0,0,BB,DEU,Online TA,TA/TO,0,0,0,D,D,0,No Deposit,9.0,0,Transient,116.1,0,0
City Hotel,1,22,2017,July,28,14,0,2,2,0.0,0,BB,DEU,Online TA,TA/TO,0,0,0,A,A,2,No Deposit,9.0,0,Transient,150.0,0,2
City Hotel,1,157,2017,July,28,14,1,2,2,0.0,0,BB,PRT,Offline TA/TO,TA/TO,0,0,0,A,A,0,No Deposit,85.0,0,Transient,80.1,0,1
City Hotel,1,108,2017,July,28,14,1,2,2,0.0,0,BB,FRA,Online TA,TA/TO,0,0,0,D,D,0,No Deposit,9.0,0,Transient,150.0,0,2
City Hotel,1,255,2017,July,28,14,1,2,2,0.0,0,HB,ITA,Online TA,TA/TO,0,0,0,A,A,0,No Deposit,9.0,0,Transient,141.3,0,0
City Hotel,1,183,2017,July,28,14,1,2,2,0.0,0,BB,FRA,Online TA,TA/TO,0,0,0,D,D,0,No Deposit,9.0,0,Transient,117.9,0,0
City Hotel,1,27,2017,July,28,14,1,2,2,0.0,0,BB,FRA,Online TA,TA/TO,0,0,0,A,A,0,No Deposit,9.0,0,Transient,153.33,0,1
City Hotel,1,1,2017,July,28,14,1,2,2,0.0,0,SC,NOR,Online TA,TA/TO,0,0,0,A,A,0,No Deposit,9.0,0,Transient,133.33,0,0
City Hotel,1,233,2017,July,28,14,1,2,2,0.0,0,BB,GBR,Online TA,TA/TO,0,0,0,D,D,0,No Deposit,9.0,0,Transient,120.6,0,0
City Hotel,1,152,2017,July,28,14,2,2,2,0.0,0,BB,AUT,Online TA,TA/TO,0,0,0,E,E,0,No Deposit,9.0,0,Transient,143.1,0,0
City Hotel,1,207,2017,July,28,14,2,2,2,0.0,0,SC,NLD,Online TA,TA/TO,0,0,0,A,A,0,No Deposit,9.0,0,Transient,89.1,0,0
City Hotel,1,180,2017,July,28,14,2,3,2,0.0,0,BB,BEL,Online TA,TA/TO,0,0,0,D,D,0,No Deposit,9.0,0,Transient,117.9,0,0
City Hotel,1,182,2017,July,28,14,2,3,2,0.0,0,BB,GBR,Online TA,TA/TO,0,0,0,D,D,0,No Deposit,9.0,0,Transient,117.9,0,0
City Hotel,1,10,2017,July,28,15,0,1,2,0.0,0,SC,GBR,Online TA,TA/TO,0,0,0,A,A,0,No Deposit,9.0,0,Transient,98.0,0,1
City Hotel,1,152,2017,July,28,15,0,1,2,0.0,0,BB,BEL,Online TA,TA/TO,0,0,0,D,D,0,No Deposit,9.0,0,Transient,152.1,0,0
City Hotel,1,2,2017,July,28,15,0,1,2,0.0,0,BB,PRT,Online TA,TA/TO,0,0,0,A,A,0,No Deposit,9.0,0,Transient,160.0,0,1
City Hotel,1,19,2017,July,28,15,0,1,2,0.0,0,HB,PRT,Direct,Direct,0,0,0,A,A,1,No Deposit,14.0,0,Transient,220.6,0,2
City Hotel,1,102,2017,July,28,15,1,1,2,0.0,0,SC,ITA,Online TA,TA/TO,0,0,0,A,A,0,No Deposit,9.0,0,Transient,120.0,0,1
City Hotel,1,325,2017,July,28,15,1,1,2,0.0,0,BB,BRA,Online TA,TA/TO,0,0,0,A,A,0,No Deposit,9.0,0,Transient,103.5,0,2
City Hotel,1,12,2017,July,28,15,1,1,2,0.0,0,BB,MOZ,Online TA,TA/TO,0,0,0,A,A,0,No Deposit,9.0,0,Transient,139.0,0,2
City Hotel,1,12,2017,July,28,15,1,1,2,0.0,0,BB,MOZ,Online TA,TA/TO,0,0,0,A,A,0,No Deposit,9.0,0,Transient,139.0,0,2
City Hotel,1,60,2017,July,28,15,1,1,2,0.0,0,BB,SWE,Online TA,TA/TO,0,0,0,A,A,0,No Deposit,9.0,0,Transient,155.0,0,1
City Hotel,1,53,2017,July,28,15,1,1,2,0.0,0,SC,ESP,Online TA,TA/TO,0,0,0,A,A,0,No Deposit,9.0,0,Transient,135.0,0,1
City Hotel,1,315,2017,July,28,15,1,1,2,0.0,0,BB,NLD,Online TA,TA/TO,0,0,0,A,A,0,No Deposit,9.0,0,Transient,99.9,0,0
City Hotel,1,325,2017,July,28,15,1,1,2,0.0,0,BB,BRA,Online TA,TA/TO,0,0,0,A,A,0,No Deposit,9.0,0,Transient,103.5,0,2
City Hotel,1,53,2017,July,28,15,1,1,2,0.0,0,SC,ESP,Online TA,TA/TO,0,0,0,A,A,0,No Deposit,9.0,0,Transient,135.0,0,1
City Hotel,1,12,2017,July,28,15,1,1,2,0.0,0,BB,MOZ,Online TA,TA/TO,0,0,0,A,A,0,No Deposit,9.0,0,Transient,139.0,0,2
City Hotel,1,229,2017,July,28,15,1,1,2,0.0,0,BB,ITA,Online TA,TA/TO,0,0,0,D,D,0,No Deposit,9.0,0,Transient,120.6,0,0
City Hotel,1,6,2017,July,28,15,1,1,2,0.0,0,SC,DEU,Online TA,TA/TO,0,0,0,A,A,0,No Deposit,9.0,0,Transient,105.0,0,1
City Hotel,1,35,2017,July,28,15,1,1,2,0.0,0,SC,CHE,Online TA,TA/TO,0,0,0,A,A,0,No Deposit,9.0,0,Transient,130.0,0,1
City Hotel,1,53,2017,July,28,15,1,1,2,0.0,0,SC,ESP,Online TA,TA/TO,0,0,0,A,A,0,No Deposit,9.0,0,Transient,135.0,0,1
City Hotel,1,315,2017,July,28,15,1,1,2,0.0,0,BB,NLD,Online TA,TA/TO,0,0,0,A,A,0,No Deposit,9.0,0,Transient,107.1,0,0
City Hotel,1,2,2017,July,28,15,1,1,2,0.0,0,BB,PRT,Direct,Direct,0,0,0,A,A,0,No Deposit,,0,Transient-Party,80.0,0,1
City Hotel,1,56,2017,July,28,15,2,1,2,0.0,0,SC,DEU,Online TA,TA/TO,0,0,0,A,A,0,No Deposit,9.0,0,Transient,133.33,0,0
City Hotel,1,19,2017,July,28,15,2,1,2,0.0,0,SC,FRA,Online TA,TA/TO,0,0,0,A,A,0,No Deposit,9.0,0,Transient,126.67,0,0
City Hotel,1,142,2017,July,28,15,2,1,2,0.0,0,BB,GBR,Online TA,TA/TO,0,0,0,A,A,0,No Deposit,9.0,0,Transient,107.1,0,0
City Hotel,1,44,2017,July,28,15,2,1,2,0.0,0,BB,CN,Online TA,TA/TO,0,0,0,A,A,0,No Deposit,9.0,0,Transient,153.33,0,1
City Hotel,1,125,2017,July,28,15,2,1,2,0.0,0,BB,ITA,Online TA,TA/TO,0,0,0,D,D,0,No Deposit,9.0,0,Transient,135.0,0,0
City Hotel,1,476,2017,July,28,15,2,1,2,0.0,0,BB,PRT,Offline TA/TO,TA/TO,0,0,0,A,A,0,No Deposit,229.0,0,Transient-Party,112.67,0,0
City Hotel,1,56,2017,July,28,15,2,1,2,0.0,0,SC,DEU,Online TA,TA/TO,0,0,0,A,A,0,No Deposit,9.0,0,Transient,133.33,0,0
City Hotel,1,476,2017,July,28,15,2,1,2,0.0,0,BB,PRT,Offline TA/TO,TA/TO,0,0,0,A,A,0,No Deposit,229.0,0,Transient-Party,112.67,0,0
City Hotel,1,476,2017,July,28,15,2,1,2,0.0,0,BB,PRT,Offline TA/TO,TA/TO,0,0,0,A,A,0,No Deposit,229.0,0,Transient-Party,112.67,0,0
City Hotel,1,476,2017,July,28,15,2,1,2,0.0,0,BB,PRT,Offline TA/TO,TA/TO,0,0,0,A,A,0,No Deposit,229.0,0,Transient-Party,112.67,0,0
City Hotel,1,476,2017,July,28,15,2,1,2,0.0,0,BB,PRT,Offline TA/TO,TA/TO,0,0,0,A,A,0,No Deposit,229.0,0,Transient-Party,112.67,0,0
City Hotel,1,476,2017,July,28,15,2,1,2,0.0,0,BB,PRT,Offline TA/TO,TA/TO,0,0,0,A,A,0,No Deposit,229.0,0,Transient-Party,112.67,0,0
City Hotel,1,476,2017,July,28,15,2,1,2,0.0,0,BB,PRT,Offline TA/TO,TA/TO,0,0,0,A,A,0,No Deposit,229.0,0,Transient-Party,112.67,0,0
City Hotel,1,125,2017,July,28,15,2,1,2,0.0,0,BB,ITA,Online TA,TA/TO,0,0,0,D,D,0,No Deposit,9.0,0,Transient,135.0,0,0
City Hotel,1,476,2017,July,28,15,2,1,2,0.0,0,BB,PRT,Offline TA/TO,TA/TO,0,0,0,A,A,0,No Deposit,229.0,0,Transient-Party,112.67,0,0
City Hotel,1,82,2017,July,28,15,2,1,2,0.0,0,BB,GBR,Online TA,TA/TO,0,0,0,D,D,0,No Deposit,9.0,0,Transient,150.0,0,1
City Hotel,1,175,2017,July,28,15,2,1,2,0.0,0,BB,CN,Online TA,TA/TO,0,0,0,A,A,0,No Deposit,9.0,0,Transient,107.1,0,1
City Hotel,1,476,2017,July,28,15,2,1,2,0.0,0,BB,PRT,Offline TA/TO,TA/TO,0,0,0,A,A,0,No Deposit,229.0,0,Transient-Party,112.67,0,0
City Hotel,1,476,2017,July,28,15,2,1,2,0.0,0,BB,PRT,Offline TA/TO,TA/TO,0,0,0,A,A,0,No Deposit,229.0,0,Transient-Party,112.67,0,0
City Hotel,1,44,2017,July,28,15,2,1,2,0.0,0,BB,CN,Online TA,TA/TO,0,0,0,A,A,0,No Deposit,9.0,0,Transient,153.33,0,1
City Hotel,1,151,2017,July,28,15,2,2,2,0.0,0,BB,BEL,Online TA,TA/TO,0,0,0,A,A,0,No Deposit,9.0,0,Transient,107.1,0,0
City Hotel,1,151,2017,July,28,15,2,2,2,0.0,0,BB,BEL,Online TA,TA/TO,0,0,0,A,A,0,No Deposit,9.0,0,Transient,98.1,0,0
City Hotel,1,193,2017,July,28,15,2,3,2,0.0,0,BB,BRA,Online TA,TA/TO,0,0,0,A,A,0,No Deposit,9.0,0,Transient,107.1,0,1
City Hotel,1,8,2017,July,28,15,2,3,2,0.0,0,BB,GBR,Direct,Direct,0,0,0,A,A,0,No Deposit,14.0,0,Transient,110.88,0,0
City Hotel,1,58,2017,July,28,15,2,3,2,0.0,0,BB,CHE,Online TA,TA/TO,0,0,0,A,A,0,No Deposit,9.0,0,Transient,152.0,0,1
City Hotel,1,193,2017,July,28,15,2,3,2,0.0,0,BB,BRA,Online TA,TA/TO,0,0,0,A,A,0,No Deposit,9.0,0,Transient,107.1,0,1
City Hotel,1,285,2017,July,28,15,2,3,2,0.0,0,BB,DEU,Online TA,TA/TO,0,0,0,A,A,0,No Deposit,9.0,0,Transient,107.1,0,1
City Hotel,1,229,2017,July,28,15,2,4,2,0.0,0,SC,BRA,Online TA,TA/TO,0,0,0,A,A,0,No Deposit,9.0,0,Transient,89.1,0,1
City Hotel,1,141,2017,July,28,15,2,4,2,0.0,0,HB,ITA,Online TA,TA/TO,0,0,0,A,A,0,No Deposit,9.0,0,Transient,141.3,0,1
City Hotel,1,253,2017,July,28,15,2,5,2,0.0,0,SC,GBR,Online TA,TA/TO,0,0,0,A,A,0,No Deposit,9.0,0,Transient,89.1,0,2
City Hotel,1,307,2017,July,28,15,2,5,2,0.0,0,BB,DEU,Online TA,TA/TO,0,0,0,A,A,0,No Deposit,9.0,0,Transient,119.0,0,3
City Hotel,1,161,2017,July,28,15,2,5,2,0.0,0,BB,LUX,Online TA,TA/TO,0,0,0,A,A,0,No Deposit,9.0,0,Transient,107.1,0,0
City Hotel,1,174,2017,July,28,15,2,5,2,0.0,0,BB,PRT,Online TA,TA/TO,0,0,0,D,D,0,No Deposit,83.0,0,Transient,103.2,0,0
City Hotel,1,161,2017,July,28,15,2,5,2,0.0,0,BB,LUX,Online TA,TA/TO,0,0,0,A,A,0,No Deposit,9.0,0,Transient,107.1,0,0
City Hotel,1,14,2017,July,29,16,1,0,2,0.0,0,SC,SWE,Online TA,TA/TO,0,0,0,A,A,0,No Deposit,9.0,0,Transient,98.0,0,1
City Hotel,1,138,2017,July,29,16,2,0,2,0.0,0,SC,USA,Online TA,TA/TO,0,0,0,A,A,0,No Deposit,9.0,0,Transient,108.0,0,0
City Hotel,1,31,2017,July,29,16,2,0,2,0.0,0,SC,CHE,Online TA,TA/TO,0,0,0,A,A,0,No Deposit,,0,Transient,60.0,0,1
City Hotel,1,162,2017,July,29,16,2,0,2,0.0,0,BB,PRT,Offline TA/TO,TA/TO,0,0,0,A,A,0,No Deposit,85.0,0,Transient,80.1,0,1
City Hotel,1,21,2017,July,29,16,2,0,2,0.0,0,SC,AUS,Online TA,TA/TO,0,0,0,A,A,0,No Deposit,9.0,0,Transient,130.0,0,1
City Hotel,1,111,2017,July,29,16,2,0,2,0.0,0,SC,GBR,Online TA,TA/TO,0,0,0,A,A,0,No Deposit,9.0,0,Transient,120.0,0,0
City Hotel,1,156,2017,July,29,16,2,1,2,0.0,0,SC,BEL,Online TA,TA/TO,0,0,0,A,A,0,No Deposit,9.0,0,Transient,89.1,0,0
City Hotel,1,193,2017,July,29,16,2,1,2,0.0,0,SC,GBR,Online TA,TA/TO,0,0,0,A,A,0,No Deposit,9.0,0,Transient,89.1,0,2
City Hotel,1,288,2017,July,29,16,2,1,2,0.0,0,BB,ESP,Online TA,TA/TO,0,0,0,A,A,0,No Deposit,9.0,0,Transient,107.1,0,1
City Hotel,1,156,2017,July,29,16,2,1,2,0.0,0,SC,BEL,Online TA,TA/TO,0,0,0,A,A,0,No Deposit,9.0,0,Transient,89.1,0,0
City Hotel,1,82,2017,July,29,16,2,1,2,0.0,0,SC,AUS,Online TA,TA/TO,0,0,0,A,A,0,No Deposit,9.0,0,Transient,120.0,0,1
City Hotel,1,130,2017,July,29,16,2,1,2,0.0,0,HB,FRA,Direct,Direct,0,0,0,A,A,1,No Deposit,14.0,0,Transient,144.0,0,1
City Hotel,1,189,2017,July,29,16,2,2,2,0.0,0,BB,BEL,Online TA,TA/TO,0,0,0,A,A,0,No Deposit,9.0,0,Transient,107.1,0,0
City Hotel,1,58,2017,July,29,16,2,2,2,0.0,0,BB,PRT,Offline TA/TO,TA/TO,0,0,0,A,A,0,No Deposit,22.0,0,Transient,89.0,0,0
City Hotel,1,181,2017,July,29,16,2,2,2,0.0,0,BB,BEL,Online TA,TA/TO,0,0,0,A,A,0,No Deposit,9.0,0,Transient,107.1,0,1
City Hotel,1,147,2017,July,29,16,2,2,2,0.0,0,SC,ITA,Online TA,TA/TO,0,0,0,A,A,0,No Deposit,9.0,0,Transient,89.1,0,0
City Hotel,1,189,2017,July,29,16,2,2,2,0.0,0,BB,BEL,Online TA,TA/TO,0,0,0,A,A,0,No Deposit,9.0,0,Transient,107.1,0,0
City Hotel,1,138,2017,July,29,16,2,3,2,0.0,0,BB,ITA,Direct,Direct,0,0,0,A,A,0,No Deposit,14.0,0,Transient,108.0,0,0
City Hotel,1,358,2017,July,29,16,2,5,2,0.0,0,HB,SWE,Online TA,TA/TO,0,0,0,A,A,0,No Deposit,9.0,0,Transient,134.1,0,1
City Hotel,1,0,2017,July,29,17,1,0,2,0.0,0,SC,SWE,Online TA,TA/TO,0,0,0,A,A,0,No Deposit,9.0,0,Transient,140.0,0,2
City Hotel,1,22,2017,July,29,17,1,1,2,0.0,0,SC,FRA,Online TA,TA/TO,0,0,0,A,A,0,No Deposit,9.0,0,Transient,140.0,0,0
City Hotel,1,155,2017,July,29,17,1,1,2,0.0,0,BB,USA,Online TA,TA/TO,0,0,0,D,D,0,No Deposit,9.0,0,Transient,152.1,0,0
City Hotel,1,155,2017,July,29,17,1,1,2,0.0,0,SC,USA,Online TA,TA/TO,0,0,0,A,A,0,No Deposit,9.0,0,Transient,89.1,0,1
City Hotel,1,50,2017,July,29,17,1,1,2,0.0,0,BB,IRL,Online TA,TA/TO,0,0,0,A,A,0,No Deposit,9.0,0,Transient,150.0,0,1
City Hotel,1,56,2017,July,29,17,1,1,2,0.0,0,SC,GBR,Online TA,TA/TO,0,0,0,A,A,0,No Deposit,9.0,0,Transient,130.0,0,1
City Hotel,1,56,2017,July,29,17,1,2,2,0.0,0,SC,SWE,Online TA,TA/TO,0,0,0,A,A,0,No Deposit,9.0,0,Transient,130.0,0,1
City Hotel,1,190,2017,July,29,17,1,2,2,0.0,0,SC,DEU,Online TA,TA/TO,0,0,0,A,A,2,No Deposit,9.0,0,Transient,89.1,0,0
City Hotel,1,210,2017,July,29,17,1,2,2,0.0,0,BB,DEU,Online TA,TA/TO,0,0,0,A,A,0,No Deposit,9.0,0,Transient,107.1,0,1
City Hotel,1,59,2017,July,29,17,1,2,2,0.0,0,SC,DEU,Online TA,TA/TO,0,0,0,A,A,0,No Deposit,9.0,0,Transient,130.0,0,0
City Hotel,1,155,2017,July,29,17,1,2,2,0.0,0,SC,ITA,Online TA,TA/TO,0,0,0,A,A,0,No Deposit,9.0,0,Transient,89.1,0,0
City Hotel,1,56,2017,July,29,17,1,2,2,0.0,0,SC,SWE,Online TA,TA/TO,0,0,0,A,A,0,No Deposit,9.0,0,Transient,130.0,0,1
City Hotel,1,154,2017,July,29,17,1,3,2,0.0,0,BB,FIN,Online TA,TA/TO,0,0,0,D,D,0,No Deposit,9.0,0,Transient,116.1,0,0
City Hotel,1,270,2017,July,29,17,1,3,2,0.0,0,SC,FRA,Online TA,TA/TO,0,0,0,A,A,0,No Deposit,9.0,0,Transient,89.1,0,0
City Hotel,1,270,2017,July,29,17,1,3,2,0.0,0,SC,FRA,Online TA,TA/TO,0,0,0,A,A,0,No Deposit,9.0,0,Transient,89.1,0,1
City Hotel,1,153,2017,July,29,17,1,3,2,0.0,0,SC,NOR,Online TA,TA/TO,0,0,0,A,A,0,No Deposit,9.0,0,Transient,89.1,0,0
City Hotel,1,163,2017,July,29,17,1,3,2,0.0,0,BB,GBR,Online TA,TA/TO,0,0,0,D,D,0,No Deposit,9.0,0,Transient,116.1,0,0
City Hotel,1,144,2017,July,29,17,1,3,2,0.0,0,SC,FRA,Online TA,TA/TO,0,0,0,A,A,0,No Deposit,9.0,0,Transient,89.1,0,0
City Hotel,1,99,2017,July,29,17,1,4,2,0.0,0,BB,IRL,Online TA,TA/TO,0,0,0,D,D,0,No Deposit,9.0,0,Transient,150.0,0,1
City Hotel,1,209,2017,July,29,17,1,4,2,0.0,0,SC,BRA,Online TA,TA/TO,0,0,0,A,A,0,No Deposit,9.0,0,Transient,89.1,0,2
City Hotel,1,194,2017,July,29,17,1,4,2,0.0,0,SC,ESP,Online TA,TA/TO,0,0,0,A,A,0,No Deposit,9.0,0,Transient,89.1,0,3
City Hotel,1,199,2017,July,29,17,1,4,2,0.0,0,BB,BRA,Online TA,TA/TO,0,0,0,A,A,0,No Deposit,9.0,0,Transient,107.1,0,1
City Hotel,1,183,2017,July,29,17,1,4,2,0.0,0,BB,BEL,Online TA,TA/TO,0,0,0,A,A,0,No Deposit,9.0,0,Transient,107.1,0,0
City Hotel,1,171,2017,July,29,17,1,4,2,0.0,0,BB,BEL,Online TA,TA/TO,0,0,0,A,A,0,No Deposit,9.0,0,Transient,107.1,0,2
City Hotel,1,263,2017,July,29,17,1,4,2,0.0,0,BB,DEU,Online TA,TA/TO,0,0,0,A,A,0,No Deposit,9.0,0,Transient,107.1,0,1
City Hotel,1,171,2017,July,29,17,1,4,2,0.0,0,BB,BEL,Online TA,TA/TO,0,0,0,A,A,0,No Deposit,9.0,0,Transient,107.1,0,2
City Hotel,1,217,2017,July,29,17,1,5,2,0.0,0,BB,ESP,Online TA,TA/TO,0,0,0,A,A,0,No Deposit,9.0,0,Transient,111.0,0,2
City Hotel,1,217,2017,July,29,17,1,5,2,0.0,0,BB,ESP,Online TA,TA/TO,0,0,0,A,A,0,No Deposit,9.0,0,Transient,111.0,0,2
City Hotel,1,161,2017,July,29,17,1,5,2,0.0,0,BB,ESP,Online TA,TA/TO,0,0,0,D,D,0,No Deposit,7.0,0,Transient,120.0,0,0
City Hotel,1,160,2017,July,29,17,1,5,2,0.0,0,BB,PRT,Offline TA/TO,TA/TO,0,0,0,A,A,0,No Deposit,52.0,0,Transient,80.1,0,0
City Hotel,1,177,2017,July,29,17,2,5,2,0.0,0,HB,CN,Online TA,TA/TO,0,0,0,A,A,0,No Deposit,9.0,0,Transient,149.79,0,1
City Hotel,1,350,2017,July,29,17,2,5,2,0.0,0,BB,FRA,Online TA,TA/TO,0,0,0,D,D,0,No Deposit,9.0,0,Transient,113.4,0,1
City Hotel,1,177,2017,July,29,17,2,5,2,0.0,0,HB,CN,Online TA,TA/TO,0,0,0,A,A,0,No Deposit,9.0,0,Transient,149.79,0,1
City Hotel,1,172,2017,July,29,17,3,5,2,0.0,0,SC,PRT,Offline TA/TO,TA/TO,0,0,0,A,A,0,No Deposit,168.0,0,Transient,71.1,0,0
City Hotel,1,192,2017,July,29,18,0,2,2,0.0,0,SC,DEU,Online TA,TA/TO,0,0,0,A,A,0,No Deposit,9.0,0,Transient,89.1,0,0
City Hotel,1,184,2017,July,29,18,0,2,2,0.0,0,SC,CHE,Online TA,TA/TO,0,0,0,A,A,0,No Deposit,9.0,0,Transient,89.1,0,0
City Hotel,1,183,2017,July,29,18,0,2,2,0.0,0,SC,ESP,Online TA,TA/TO,0,0,0,A,A,0,No Deposit,9.0,0,Transient,89.1,0,0
City Hotel,1,15,2017,July,29,18,0,2,2,0.0,0,SC,NLD,Online TA,TA/TO,0,0,0,A,A,0,No Deposit,9.0,0,Transient,140.0,0,0
City Hotel,1,479,2017,July,29,18,0,3,2,0.0,0,BB,PRT,Groups,TA/TO,0,0,0,A,A,0,Non Refund,229.0,0,Transient,90.0,0,0
City Hotel,1,479,2017,July,29,18,0,3,2,0.0,0,BB,PRT,Groups,TA/TO,0,0,0,A,A,0,Non Refund,229.0,0,Transient,90.0,0,0
City Hotel,1,479,2017,July,29,18,0,3,2,0.0,0,BB,PRT,Groups,TA/TO,0,0,0,A,A,0,Non Refund,229.0,0,Transient,90.0,0,0
City Hotel,1,88,2017,July,29,18,0,3,2,0.0,0,BB,ARG,Online TA,TA/TO,0,0,0,D,D,0,No Deposit,9.0,0,Transient,150.0,0,1
City Hotel,1,479,2017,July,29,18,0,3,2,0.0,0,BB,PRT,Groups,TA/TO,0,0,0,A,A,0,Non Refund,229.0,0,Transient,90.0,0,0
City Hotel,1,179,2017,July,29,18,0,3,2,0.0,0,BB,FRA,Online TA,TA/TO,0,0,0,A,A,0,No Deposit,9.0,0,Transient,107.1,0,1
City Hotel,1,479,2017,July,29,18,0,3,2,0.0,0,BB,PRT,Groups,TA/TO,0,0,0,A,A,0,Non Refund,229.0,0,Transient,90.0,0,0
City Hotel,1,173,2017,July,29,18,0,3,2,0.0,0,SC,USA,Online TA,TA/TO,0,0,0,A,A,0,No Deposit,9.0,0,Transient,89.1,0,0
City Hotel,1,31,2017,July,29,18,0,3,2,0.0,0,SC,USA,Online TA,TA/TO,0,0,0,A,A,0,No Deposit,9.0,0,Transient,140.0,0,1
City Hotel,1,479,2017,July,29,18,0,3,2,0.0,0,BB,PRT,Groups,TA/TO,0,0,0,A,A,0,Non Refund,229.0,0,Transient,90.0,0,0
City Hotel,1,287,2017,July,29,18,0,3,2,0.0,0,BB,PRT,Offline TA/TO,TA/TO,0,0,0,A,A,0,No Deposit,229.0,0,Transient,90.0,0,0
City Hotel,1,479,2017,July,29,18,0,3,2,0.0,0,BB,PRT,Groups,TA/TO,0,0,0,A,A,0,Non Refund,229.0,0,Transient,90.0,0,0
City Hotel,1,479,2017,July,29,18,0,3,2,0.0,0,BB,PRT,Groups,TA/TO,0,0,0,A,A,0,Non Refund,229.0,0,Transient,90.0,0,0
City Hotel,1,479,2017,July,29,18,0,3,2,0.0,0,BB,PRT,Groups,TA/TO,0,0,0,A,A,0,Non Refund,229.0,0,Transient,90.0,0,0
City Hotel,1,479,2017,July,29,18,0,3,2,0.0,0,BB,PRT,Groups,TA/TO,0,0,0,A,A,0,Non Refund,229.0,0,Transient,90.0,0,0
City Hotel,1,159,2017,July,29,18,0,4,2,0.0,0,BB,DEU,Online TA,TA/TO,0,0,0,A,A,0,No Deposit,9.0,0,Transient,107.1,0,0
City Hotel,1,183,2017,July,29,18,0,4,2,0.0,0,BB,FRA,Online TA,TA/TO,0,0,0,D,D,0,No Deposit,9.0,0,Transient,153.9,0,0
City Hotel,1,226,2017,July,29,18,0,5,2,0.0,0,BB,NLD,Online TA,TA/TO,0,0,0,A,A,0,No Deposit,9.0,0,Transient,111.78,0,1
City Hotel,1,122,2017,July,29,19,0,1,2,0.0,0,SC,GBR,Online TA,TA/TO,0,0,0,A,A,0,No Deposit,9.0,0,Transient,108.0,0,0
City Hotel,1,336,2017,July,29,19,0,2,2,0.0,0,BB,ITA,Online TA,TA/TO,0,0,0,A,A,0,No Deposit,9.0,0,Transient,99.9,0,0
City Hotel,1,164,2017,July,29,19,0,1,2,0.0,0,SC,GBR,Online TA,TA/TO,0,0,0,A,A,0,No Deposit,9.0,0,Transient,89.1,0,0
City Hotel,1,171,2017,July,29,19,0,2,2,0.0,0,BB,RUS,Online TA,TA/TO,0,0,0,A,A,0,No Deposit,9.0,0,Transient,107.1,0,0
City Hotel,1,319,2017,July,29,19,0,2,2,0.0,0,BB,NLD,Online TA,TA/TO,0,0,0,B,B,0,No Deposit,9.0,0,Transient,93.65,0,1
City Hotel,1,320,2017,July,29,19,0,2,2,0.0,0,BB,NLD,Online TA,TA/TO,0,0,0,B,B,1,No Deposit,9.0,0,Transient,93.64,0,1
City Hotel,1,115,2017,July,29,19,0,3,2,0.0,0,SC,DNK,Online TA,TA/TO,0,0,0,A,A,0,No Deposit,9.0,0,Transient,120.0,0,0
City Hotel,1,332,2017,July,29,19,1,4,2,0.0,0,BB,BRA,Online TA,TA/TO,0,0,0,D,D,0,No Deposit,9.0,0,Transient,117.0,0,2
City Hotel,1,113,2017,July,29,20,0,1,2,0.0,0,SC,PRT,Online TA,TA/TO,0,0,0,A,A,0,No Deposit,9.0,0,Transient,120.0,0,0
City Hotel,1,27,2017,July,29,20,0,1,2,0.0,0,SC,PRT,Online TA,TA/TO,0,0,0,A,A,0,No Deposit,9.0,0,Transient,140.0,0,0
City Hotel,1,179,2017,July,29,20,0,2,2,0.0,0,BB,AUS,Online TA,TA/TO,0,0,0,A,A,0,No Deposit,9.0,0,Transient,107.1,0,1
City Hotel,1,264,2017,July,29,20,0,2,2,0.0,0,SC,ISR,Online TA,TA/TO,0,0,0,A,A,0,No Deposit,9.0,0,Transient,89.1,0,0
City Hotel,1,69,2017,July,29,20,0,2,2,0.0,0,SC,CHN,Online TA,TA/TO,0,0,0,A,A,0,No Deposit,9.0,0,Transient,117.0,0,0
City Hotel,1,24,2017,July,29,20,0,2,2,0.0,0,SC,BRA,Online TA,TA/TO,0,0,0,A,A,0,No Deposit,9.0,0,Transient,124.0,0,1
City Hotel,1,101,2017,July,29,20,0,3,2,0.0,0,BB,CHN,Online TA,TA/TO,0,0,0,D,D,0,No Deposit,9.0,0,Transient,136.5,0,1
City Hotel,1,197,2017,July,29,20,0,3,2,0.0,0,BB,DEU,Online TA,TA/TO,0,0,0,A,A,0,No Deposit,9.0,0,Transient,114.9,0,0
City Hotel,1,287,2017,July,29,20,0,3,2,0.0,0,SC,GBR,Online TA,TA/TO,0,0,0,A,A,0,No Deposit,9.0,0,Transient,89.1,0,1
City Hotel,1,45,2017,July,29,20,0,3,2,0.0,0,BB,PRT,Direct,Direct,0,0,0,A,A,0,No Deposit,,0,Transient,117.0,0,0
City Hotel,1,24,2017,July,29,20,0,3,2,0.0,0,BB,GBR,Online TA,TA/TO,0,0,0,D,D,0,No Deposit,9.0,0,Transient,159.33,0,0
City Hotel,1,287,2017,July,29,20,0,3,2,0.0,0,SC,GBR,Online TA,TA/TO,0,0,0,A,A,0,No Deposit,9.0,0,Transient,89.1,0,1
City Hotel,1,193,2017,July,29,20,0,3,2,0.0,0,BB,ESP,Online TA,TA/TO,0,0,0,A,A,0,No Deposit,9.0,0,Transient,114.9,0,0
City Hotel,1,48,2017,July,29,20,0,3,2,0.0,0,SC,DNK,Online TA,TA/TO,0,0,0,A,A,0,No Deposit,9.0,0,Transient,130.0,0,1
City Hotel,1,193,2017,July,29,20,0,3,2,0.0,0,BB,ESP,Online TA,TA/TO,0,0,0,A,A,0,No Deposit,9.0,0,Transient,114.9,0,0
City Hotel,1,29,2017,July,29,20,0,3,2,0.0,0,SC,ESP,Online TA,TA/TO,0,0,0,A,A,0,No Deposit,9.0,0,Transient,140.0,0,0
City Hotel,1,158,2017,July,29,20,1,3,2,0.0,0,BB,ISR,Direct,Direct,0,0,0,D,D,0,No Deposit,14.0,0,Transient,123.3,0,2
City Hotel,1,267,2017,July,29,20,2,3,2,0.0,0,BB,DEU,Online TA,TA/TO,0,0,0,A,A,0,No Deposit,9.0,0,Transient,107.1,0,1
City Hotel,1,170,2017,July,29,20,2,4,2,0.0,0,BB,BEL,Online TA,TA/TO,0,0,0,D,D,0,No Deposit,9.0,0,Transient,167.7,0,0
City Hotel,1,195,2017,July,29,20,2,6,2,0.0,0,BB,AUT,Online TA,TA/TO,0,0,0,A,A,2,No Deposit,9.0,0,Transient,126.14,0,0
City Hotel,1,176,2017,July,29,20,2,6,2,0.0,0,BB,AUT,Online TA,TA/TO,0,0,0,A,A,0,No Deposit,9.0,0,Transient,124.65,0,0
City Hotel,1,52,2017,July,29,20,2,8,2,0.0,0,SC,NOR,Online TA,TA/TO,0,0,0,A,A,0,No Deposit,9.0,0,Transient,126.8,0,1
City Hotel,1,21,2017,July,29,21,0,1,2,0.0,0,BB,ESP,Online TA,TA/TO,0,0,0,A,A,0,No Deposit,9.0,0,Transient,128.0,0,1
City Hotel,1,12,2017,July,29,21,0,1,2,0.0,0,BB,PRT,Online TA,TA/TO,0,0,0,A,A,0,No Deposit,9.0,0,Transient,118.0,0,1
City Hotel,1,11,2017,July,29,21,0,1,2,0.0,0,SC,ITA,Online TA,TA/TO,0,0,0,A,A,0,No Deposit,9.0,0,Transient,98.0,0,1
City Hotel,1,21,2017,July,29,21,0,1,2,0.0,0,SC,ESP,Online TA,TA/TO,0,0,0,A,A,0,No Deposit,9.0,0,Transient,108.0,0,1
City Hotel,1,328,2017,July,29,21,0,2,2,0.0,0,BB,BEL,Online TA,TA/TO,0,0,0,D,D,0,No Deposit,9.0,0,Transient,117.0,0,0
City Hotel,1,9,2017,July,29,21,0,2,2,0.0,0,SC,PRT,Online TA,TA/TO,0,0,0,A,A,0,No Deposit,7.0,0,Transient,95.2,0,1
City Hotel,1,29,2017,July,29,21,0,2,2,0.0,0,BB,CHE,Online TA,TA/TO,0,0,0,D,D,0,No Deposit,9.0,0,Transient,170.0,0,1
City Hotel,1,142,2017,July,29,21,0,2,2,0.0,0,BB,BEL,Online TA,TA/TO,0,0,0,D,D,0,No Deposit,9.0,0,Transient,137.25,0,0
City Hotel,1,159,2017,July,29,21,0,2,2,0.0,0,BB,BEL,Online TA,TA/TO,0,0,0,D,D,0,No Deposit,9.0,0,Transient,127.8,0,0
City Hotel,1,15,2017,July,29,21,1,2,2,0.0,0,BB,FRA,Online TA,TA/TO,0,0,0,A,A,0,No Deposit,9.0,0,Transient,146.0,0,2
City Hotel,1,13,2017,July,29,21,1,2,2,0.0,0,SC,IRL,Online TA,TA/TO,0,0,0,A,A,0,No Deposit,9.0,0,Transient,126.0,0,1
City Hotel,1,166,2017,July,29,21,1,2,2,0.0,0,BB,ESP,Online TA,TA/TO,0,0,0,A,A,0,No Deposit,9.0,0,Transient,122.7,0,0
City Hotel,1,14,2017,July,29,21,1,2,2,0.0,0,BB,FRA,Online TA,TA/TO,0,0,0,A,A,0,No Deposit,9.0,0,Transient,139.33,0,0
City Hotel,1,29,2017,July,29,21,2,2,2,0.0,0,BB,CHE,Online TA,TA/TO,0,0,0,D,D,0,No Deposit,9.0,0,Transient,170.0,0,1
City Hotel,1,182,2017,July,29,21,2,2,2,0.0,0,SC,FRA,Online TA,TA/TO,0,0,0,A,A,0,No Deposit,9.0,0,Transient,106.65,0,0
City Hotel,1,16,2017,July,29,21,2,2,2,0.0,0,SC,COL,Online TA,TA/TO,0,0,0,A,A,0,No Deposit,9.0,0,Transient,119.0,0,1
City Hotel,1,213,2017,July,29,21,2,3,2,0.0,0,SC,DEU,Online TA,TA/TO,0,0,0,A,A,2,No Deposit,9.0,0,Transient,107.82,0,1
City Hotel,1,190,2017,July,29,21,2,4,2,0.0,0,SC,FIN,Online TA,TA/TO,0,0,0,A,A,0,No Deposit,9.0,0,Transient,108.6,0,0
City Hotel,1,348,2017,July,29,21,2,4,2,0.0,0,BB,CZE,Online TA,TA/TO,0,0,0,A,A,0,No Deposit,9.0,0,Transient,99.9,0,2
City Hotel,1,423,2017,July,29,22,1,1,2,0.0,0,BB,PRT,Offline TA/TO,TA/TO,0,0,0,A,A,0,No Deposit,6.0,0,Transient-Party,80.0,0,0
City Hotel,1,423,2017,July,29,22,1,1,2,0.0,0,BB,PRT,Offline TA/TO,TA/TO,0,0,0,A,A,0,No Deposit,6.0,0,Transient-Party,80.0,0,0
City Hotel,1,423,2017,July,29,22,1,1,2,0.0,0,BB,PRT,Offline TA/TO,TA/TO,0,0,0,A,A,0,No Deposit,6.0,0,Transient-Party,80.0,0,0
City Hotel,1,423,2017,July,29,22,1,1,2,0.0,0,BB,PRT,Offline TA/TO,TA/TO,0,0,0,A,A,0,No Deposit,6.0,0,Transient-Party,80.0,0,0
City Hotel,1,423,2017,July,29,22,1,1,2,0.0,0,BB,PRT,Offline TA/TO,TA/TO,0,0,0,A,A,0,No Deposit,6.0,0,Transient-Party,80.0,0,0
City Hotel,1,423,2017,July,29,22,1,1,2,0.0,0,BB,PRT,Offline TA/TO,TA/TO,0,0,0,A,A,0,No Deposit,6.0,0,Transient-Party,80.0,0,0
City Hotel,1,423,2017,July,29,22,1,1,2,0.0,0,BB,PRT,Offline TA/TO,TA/TO,0,0,0,A,A,0,No Deposit,6.0,0,Transient-Party,80.0,0,0
City Hotel,1,423,2017,July,29,22,1,1,2,0.0,0,BB,PRT,Offline TA/TO,TA/TO,0,0,0,A,A,0,No Deposit,6.0,0,Transient-Party,80.0,0,0
City Hotel,1,423,2017,July,29,22,1,1,2,0.0,0,BB,PRT,Offline TA/TO,TA/TO,0,0,0,A,A,0,No Deposit,6.0,0,Transient-Party,80.0,0,0
City Hotel,1,283,2017,July,29,22,1,1,2,0.0,0,SC,GBR,Online TA,TA/TO,0,0,0,A,A,0,No Deposit,9.0,0,Transient,89.1,0,1
City Hotel,1,423,2017,July,29,22,1,1,2,0.0,0,BB,PRT,Offline TA/TO,TA/TO,0,0,0,A,A,0,No Deposit,6.0,0,Transient-Party,80.0,0,0
City Hotel,1,423,2017,July,29,22,1,1,2,0.0,0,BB,PRT,Offline TA/TO,TA/TO,0,0,0,A,A,0,No Deposit,6.0,0,Transient-Party,80.0,0,0
City Hotel,1,61,2017,July,29,22,1,1,2,0.0,0,BB,USA,Direct,Direct,0,0,0,D,D,0,Refundable,14.0,0,Transient,139.5,0,0
City Hotel,1,423,2017,July,29,22,1,1,2,0.0,0,BB,PRT,Offline TA/TO,TA/TO,0,0,0,A,A,0,No Deposit,6.0,0,Transient-Party,80.0,0,0
City Hotel,1,423,2017,July,29,22,1,1,2,0.0,0,BB,PRT,Offline TA/TO,TA/TO,0,0,0,A,A,0,No Deposit,6.0,0,Transient-Party,80.0,0,0
City Hotel,1,283,2017,July,29,22,1,1,2,0.0,0,SC,GBR,Online TA,TA/TO,0,0,0,A,A,0,No Deposit,9.0,0,Transient,89.1,0,1
City Hotel,1,423,2017,July,29,22,1,1,2,0.0,0,BB,PRT,Offline TA/TO,TA/TO,0,0,0,A,A,0,No Deposit,6.0,0,Transient-Party,80.0,0,0
City Hotel,1,423,2017,July,29,22,1,1,2,0.0,0,BB,PRT,Offline TA/TO,TA/TO,0,0,0,A,A,0,No Deposit,6.0,0,Transient-Party,80.0,0,0
City Hotel,1,423,2017,July,29,22,1,1,2,0.0,0,BB,PRT,Offline TA/TO,TA/TO,0,0,0,A,A,0,No Deposit,6.0,0,Transient-Party,80.0,0,0
City Hotel,1,423,2017,July,29,22,1,1,2,0.0,0,BB,PRT,Offline TA/TO,TA/TO,0,0,0,A,A,0,No Deposit,6.0,0,Transient-Party,80.0,0,0
City Hotel,1,423,2017,July,29,22,1,1,2,0.0,0,BB,PRT,Offline TA/TO,TA/TO,0,0,0,A,A,0,No Deposit,6.0,0,Transient-Party,80.0,0,0
City Hotel,1,423,2017,July,29,22,1,1,2,0.0,0,BB,PRT,Offline TA/TO,TA/TO,0,0,0,A,A,0,No Deposit,6.0,0,Transient-Party,80.0,0,0
City Hotel,1,150,2017,July,29,22,2,1,2,0.0,0,BB,USA,Online TA,TA/TO,0,0,0,E,E,0,No Deposit,9.0,0,Transient,166.5,0,0
City Hotel,1,12,2017,July,29,22,2,1,2,0.0,0,BB,IRL,Online TA,TA/TO,0,0,0,A,A,0,No Deposit,9.0,0,Transient,146.0,0,1
City Hotel,1,89,2017,July,29,22,2,1,2,0.0,0,BB,PRT,Offline TA/TO,TA/TO,0,0,0,A,A,0,No Deposit,403.0,0,Transient,80.1,0,1
City Hotel,1,122,2017,July,29,22,2,2,2,0.0,0,BB,DEU,Online TA,TA/TO,0,0,0,D,D,0,No Deposit,9.0,0,Transient,139.5,0,0
City Hotel,1,137,2017,July,29,22,2,2,2,0.0,0,BB,BRA,Online TA,TA/TO,0,0,0,D,D,0,No Deposit,9.0,0,Transient,139.5,0,0
City Hotel,1,5,2017,July,29,22,2,3,2,0.0,0,SC,PRT,Online TA,TA/TO,0,0,0,A,A,0,No Deposit,9.0,0,Transient,140.0,0,0
City Hotel,1,257,2017,July,29,22,2,4,2,0.0,0,BB,CN,Online TA,TA/TO,0,0,0,A,A,0,No Deposit,9.0,0,Transient,107.1,0,0
City Hotel,1,306,2017,July,29,22,2,5,2,0.0,0,SC,FRA,Online TA,TA/TO,0,0,0,A,A,0,No Deposit,9.0,0,Transient,89.1,0,2
City Hotel,1,139,2017,July,29,22,2,5,2,0.0,0,BB,CHE,Online TA,TA/TO,0,0,0,E,E,0,No Deposit,9.0,0,Transient,166.5,0,0
City Hotel,1,139,2017,July,29,22,2,5,2,0.0,0,BB,CHE,Online TA,TA/TO,0,0,0,E,E,0,No Deposit,9.0,0,Transient,166.5,0,0
City Hotel,1,121,2017,July,29,22,3,6,2,0.0,0,BB,PRT,Offline TA/TO,TA/TO,0,0,0,A,A,0,No Deposit,394.0,0,Transient,80.1,0,2
City Hotel,1,119,2017,July,30,23,1,0,2,0.0,0,BB,FRA,Online TA,TA/TO,0,0,0,D,D,0,No Deposit,9.0,0,Transient,139.5,0,0
City Hotel,1,13,2017,July,30,23,1,0,2,0.0,0,SC,GBR,Online TA,TA/TO,0,0,0,A,A,0,No Deposit,9.0,0,Transient,140.0,0,0
City Hotel,1,240,2017,July,30,23,2,1,2,0.0,0,BB,PRT,Groups,TA/TO,0,0,0,A,A,0,Non Refund,,0,Transient,110.0,0,0
City Hotel,1,240,2017,July,30,23,2,1,2,0.0,0,BB,PRT,Groups,TA/TO,0,0,0,A,A,0,Non Refund,,0,Transient,110.0,0,0
City Hotel,1,240,2017,July,30,23,2,1,2,0.0,0,BB,PRT,Groups,TA/TO,0,0,0,A,A,0,Non Refund,,0,Transient,110.0,0,0
City Hotel,1,138,2017,July,30,23,2,1,2,0.0,0,BB,BRA,Online TA,TA/TO,0,0,0,A,A,0,No Deposit,9.0,0,Transient,130.5,0,0
City Hotel,1,240,2017,July,30,23,2,1,2,0.0,0,BB,PRT,Groups,TA/TO,0,0,0,A,A,0,Non Refund,,0,Transient,110.0,0,0
City Hotel,1,240,2017,July,30,23,2,1,2,0.0,0,BB,PRT,Groups,TA/TO,0,0,0,A,A,0,Non Refund,,0,Transient,110.0,0,0
City Hotel,1,11,2017,July,30,23,2,1,2,0.0,0,SC,FRA,Online TA,TA/TO,0,0,0,A,A,0,No Deposit,9.0,0,Transient,140.0,0,1
City Hotel,1,240,2017,July,30,23,2,1,2,0.0,0,BB,PRT,Groups,TA/TO,0,0,0,A,A,0,Non Refund,,0,Transient,110.0,0,0
City Hotel,1,240,2017,July,30,23,2,1,2,0.0,0,BB,PRT,Groups,TA/TO,0,0,0,A,A,0,Non Refund,,0,Transient,110.0,0,0
City Hotel,1,240,2017,July,30,23,2,1,2,0.0,0,BB,PRT,Groups,TA/TO,0,0,0,A,A,0,Non Refund,,0,Transient,110.0,0,0
City Hotel,1,240,2017,July,30,23,2,1,2,0.0,0,BB,PRT,Groups,TA/TO,0,0,0,A,A,0,Non Refund,,0,Transient,110.0,0,0
City Hotel,1,197,2017,July,30,23,2,1,2,0.0,0,BB,CN,Online TA,TA/TO,0,0,0,D,D,0,No Deposit,9.0,0,Transient,180.0,0,0
City Hotel,1,240,2017,July,30,23,2,1,2,0.0,0,BB,PRT,Groups,TA/TO,0,0,0,A,A,0,Non Refund,,0,Transient,110.0,0,0
City Hotel,1,240,2017,July,30,23,2,1,2,0.0,0,BB,PRT,Groups,TA/TO,0,0,0,A,A,0,Non Refund,,0,Transient,110.0,0,0
City Hotel,1,311,2017,July,30,23,2,1,2,0.0,0,BB,PRT,Groups,TA/TO,0,0,0,A,A,0,Non Refund,,71,Transient,110.0,0,0
City Hotel,1,240,2017,July,30,23,2,1,2,0.0,0,BB,PRT,Groups,TA/TO,0,0,0,A,A,0,Non Refund,,0,Transient,110.0,0,0
City Hotel,1,240,2017,July,30,23,2,1,2,0.0,0,BB,PRT,Groups,TA/TO,0,0,0,A,A,0,Non Refund,,0,Transient,110.0,0,0
City Hotel,1,240,2017,July,30,23,2,1,2,0.0,0,BB,PRT,Groups,TA/TO,0,0,0,A,A,0,Non Refund,,0,Transient,110.0,0,0
City Hotel,1,240,2017,July,30,23,2,1,2,0.0,0,BB,PRT,Groups,TA/TO,0,0,0,A,A,0,Non Refund,,0,Transient,110.0,0,0
City Hotel,1,240,2017,July,30,23,2,1,2,0.0,0,BB,PRT,Groups,TA/TO,0,0,0,A,A,0,Non Refund,,0,Transient,110.0,0,0
City Hotel,1,240,2017,July,30,23,2,1,2,0.0,0,BB,PRT,Groups,TA/TO,0,0,0,A,A,0,Non Refund,,0,Transient,110.0,0,0
City Hotel,1,240,2017,July,30,23,2,1,2,0.0,0,BB,PRT,Groups,TA/TO,0,0,0,A,A,0,Non Refund,,0,Transient,110.0,0,0
City Hotel,1,64,2017,July,30,23,2,1,2,0.0,0,BB,ARG,Direct,Direct,0,0,0,E,E,0,No Deposit,14.0,0,Transient,174.33,0,1
City Hotel,1,240,2017,July,30,23,2,1,2,0.0,0,BB,PRT,Groups,TA/TO,0,0,0,A,A,0,Non Refund,,0,Transient,110.0,0,0
City Hotel,1,240,2017,July,30,23,2,1,2,0.0,0,BB,PRT,Groups,TA/TO,0,0,0,A,A,0,Non Refund,,0,Transient,110.0,0,0
City Hotel,1,240,2017,July,30,23,2,1,2,0.0,0,BB,PRT,Groups,TA/TO,0,0,0,A,A,0,Non Refund,,0,Transient,110.0,0,0
City Hotel,1,240,2017,July,30,23,2,1,2,0.0,0,BB,PRT,Groups,TA/TO,0,0,0,A,A,0,Non Refund,,0,Transient,110.0,0,0
City Hotel,1,240,2017,July,30,23,2,1,2,0.0,0,BB,PRT,Groups,TA/TO,0,0,0,A,A,0,Non Refund,,0,Transient,110.0,0,0
City Hotel,1,240,2017,July,30,23,2,1,2,0.0,0,BB,PRT,Groups,TA/TO,0,0,0,A,A,0,Non Refund,,0,Transient,110.0,0,0
City Hotel,1,65,2017,July,30,23,2,3,2,0.0,0,SC,GBR,Online TA,TA/TO,0,0,0,A,A,1,No Deposit,9.0,0,Transient,123.6,0,0
City Hotel,1,69,2017,July,30,23,2,3,2,0.0,0,BB,FIN,Online TA,TA/TO,0,0,0,A,A,0,No Deposit,9.0,0,Transient,148.0,0,1
City Hotel,1,160,2017,July,30,23,2,3,2,0.0,0,BB,PRT,Offline TA/TO,TA/TO,0,0,0,A,A,0,No Deposit,168.0,0,Transient,80.1,0,2
City Hotel,1,89,2017,July,30,23,2,3,2,0.0,0,BB,ITA,Online TA,TA/TO,0,0,0,D,D,0,No Deposit,9.0,0,Transient,155.0,0,1
City Hotel,1,58,2017,July,30,23,2,4,2,0.0,0,BB,FRA,Online TA,TA/TO,0,0,0,A,A,0,No Deposit,9.0,0,Transient,144.67,0,0
City Hotel,1,99,2017,July,30,23,2,4,2,0.0,0,BB,CHE,Online TA,TA/TO,0,0,0,E,E,0,No Deposit,9.0,0,Transient,185.0,0,1
City Hotel,1,99,2017,July,30,23,2,4,2,0.0,0,BB,CHE,Online TA,TA/TO,0,0,0,E,E,0,No Deposit,9.0,0,Transient,185.0,0,1
City Hotel,1,74,2017,July,30,23,2,5,2,0.0,0,SC,MAR,Online TA,TA/TO,0,0,0,A,A,0,No Deposit,9.0,0,Transient,127.14,0,1
City Hotel,1,100,2017,July,30,23,3,5,2,0.0,0,BB,GBR,Online TA,TA/TO,0,0,0,E,E,0,No Deposit,9.0,0,Transient,185.0,0,2
City Hotel,1,74,2017,July,30,23,4,5,2,0.0,0,BB,GBR,Online TA,TA/TO,0,0,0,A,A,0,No Deposit,9.0,0,Transient,145.56,0,1
City Hotel,1,74,2017,July,30,23,4,5,2,0.0,0,BB,GBR,Online TA,TA/TO,0,0,0,A,A,0,No Deposit,9.0,0,Transient,145.56,0,1
City Hotel,1,17,2017,July,30,24,1,0,2,0.0,0,SC,ESP,Online TA,TA/TO,0,0,0,A,A,0,No Deposit,9.0,0,Transient,98.0,0,1
City Hotel,1,61,2017,July,30,24,1,0,2,0.0,0,SC,PRT,Offline TA/TO,TA/TO,0,0,0,A,A,0,No Deposit,229.0,0,Transient,78.0,0,1
City Hotel,1,18,2017,July,30,24,1,0,2,0.0,0,BB,ESP,Online TA,TA/TO,0,0,0,A,A,0,No Deposit,9.0,0,Transient,118.0,0,1
City Hotel,1,15,2017,July,30,24,1,1,2,0.0,0,SC,NOR,Online TA,TA/TO,0,0,0,A,A,0,No Deposit,9.0,0,Transient,119.0,0,1
City Hotel,1,48,2017,July,30,24,1,1,2,0.0,0,SC,FRA,Online TA,TA/TO,0,0,0,A,A,0,No Deposit,9.0,0,Transient,149.0,0,2
City Hotel,1,14,2017,July,30,24,1,1,2,0.0,0,SC,ESP,Online TA,TA/TO,0,0,0,A,A,0,No Deposit,9.0,0,Transient,119.0,0,1
City Hotel,1,54,2017,July,30,24,1,1,2,0.0,0,BB,PRT,Online TA,TA/TO,0,0,0,A,A,0,No Deposit,42.0,0,Transient,107.2,0,1
City Hotel,1,52,2017,July,30,24,1,2,2,0.0,0,SC,FRA,Online TA,TA/TO,0,0,0,A,A,0,No Deposit,9.0,0,Transient,119.33,0,1
City Hotel,1,28,2017,July,30,24,1,2,2,0.0,0,SC,ESP,Online TA,TA/TO,0,0,0,A,A,0,No Deposit,9.0,0,Transient,129.33,0,1
City Hotel,1,177,2017,July,30,24,1,2,2,0.0,0,BB,BEL,Online TA,TA/TO,0,0,0,A,A,0,No Deposit,9.0,0,Transient,130.5,0,0
City Hotel,1,52,2017,July,30,24,1,3,2,0.0,0,BB,NLD,Online TA,TA/TO,0,0,0,A,A,0,No Deposit,9.0,0,Transient,161.0,0,0
City Hotel,1,63,2017,July,30,24,1,3,2,0.0,0,SC,ITA,Online TA,TA/TO,0,0,0,A,A,0,No Deposit,9.0,0,Transient,122.0,0,1
City Hotel,1,63,2017,July,30,24,1,3,2,0.0,0,SC,ITA,Online TA,TA/TO,0,0,0,A,A,0,No Deposit,9.0,0,Transient,122.0,0,1
City Hotel,1,67,2017,July,30,24,1,3,2,0.0,0,BB,PRT,Direct,Direct,0,0,0,A,A,0,No Deposit,14.0,0,Transient,157.0,0,1
City Hotel,1,27,2017,July,30,24,1,3,2,0.0,0,BB,ESP,Online TA,TA/TO,0,0,0,A,A,0,No Deposit,9.0,0,Transient,152.0,0,2
City Hotel,1,56,2017,July,30,24,1,4,2,0.0,0,SC,USA,Online TA,TA/TO,0,0,0,A,A,0,No Deposit,9.0,0,Transient,127.6,0,0
City Hotel,1,200,2017,July,30,24,1,4,2,0.0,0,SC,FRA,Online TA,TA/TO,0,0,0,A,A,0,No Deposit,9.0,0,Transient,112.5,0,0
City Hotel,1,56,2017,July,30,24,1,4,2,0.0,0,SC,USA,Online TA,TA/TO,0,0,0,A,A,0,No Deposit,9.0,0,Transient,127.6,0,0
City Hotel,1,123,2017,July,30,24,1,4,2,0.0,0,BB,IRL,Online TA,TA/TO,0,0,0,D,D,0,No Deposit,9.0,0,Transient,145.7,0,0
City Hotel,1,344,2017,July,30,24,1,5,2,0.0,0,SC,HUN,Online TA,TA/TO,0,0,0,A,A,0,No Deposit,9.0,0,Transient,89.1,0,1
City Hotel,1,344,2017,July,30,24,1,5,2,0.0,0,SC,HUN,Online TA,TA/TO,0,0,0,A,A,0,No Deposit,9.0,0,Transient,89.1,0,1
City Hotel,1,192,2017,July,30,24,3,6,2,0.0,0,HB,BEL,Online TA,TA/TO,0,0,0,A,A,0,No Deposit,9.0,0,Transient,166.5,0,1
City Hotel,1,93,2017,July,30,24,4,10,2,0.0,0,BB,ECU,Direct,Direct,0,0,0,D,D,0,No Deposit,14.0,0,Transient,112.5,0,1
City Hotel,1,94,2017,July,30,24,4,10,2,0.0,0,SC,IRL,Online TA,TA/TO,0,0,0,A,A,0,No Deposit,9.0,0,Transient,125.0,0,2
City Hotel,1,106,2017,July,30,25,0,1,2,0.0,0,SC,USA,Online TA,TA/TO,0,0,0,A,A,0,No Deposit,9.0,0,Transient,125.0,0,0
City Hotel,1,20,2017,July,30,25,0,1,2,0.0,0,BB,PRT,Online TA,TA/TO,0,0,0,A,A,0,No Deposit,8.0,0,Transient,160.0,0,1
City Hotel,1,464,2017,July,30,25,0,1,2,0.0,0,BB,PRT,Offline TA/TO,TA/TO,0,0,0,A,A,0,Non Refund,229.0,0,Transient,90.0,0,0
City Hotel,1,464,2017,July,30,25,0,1,2,0.0,0,BB,PRT,Offline TA/TO,TA/TO,0,0,0,A,A,0,Non Refund,229.0,0,Transient,90.0,0,0
City Hotel,1,464,2017,July,30,25,0,1,2,0.0,0,BB,PRT,Offline TA/TO,TA/TO,0,0,0,A,A,0,Non Refund,229.0,0,Transient,90.0,0,0
City Hotel,1,464,2017,July,30,25,0,1,2,0.0,0,BB,PRT,Offline TA/TO,TA/TO,0,0,0,A,A,0,Non Refund,229.0,0,Transient,90.0,0,0
City Hotel,1,464,2017,July,30,25,0,1,2,0.0,0,BB,PRT,Offline TA/TO,TA/TO,0,0,0,A,A,0,Non Refund,229.0,0,Transient,90.0,0,0
City Hotel,1,464,2017,July,30,25,0,1,2,0.0,0,BB,PRT,Offline TA/TO,TA/TO,0,0,0,A,A,0,Non Refund,229.0,0,Transient,90.0,0,0
City Hotel,1,464,2017,July,30,25,0,1,2,0.0,0,BB,PRT,Offline TA/TO,TA/TO,0,0,0,A,A,0,Non Refund,229.0,0,Transient,90.0,0,0
City Hotel,1,464,2017,July,30,25,0,1,2,0.0,0,BB,PRT,Offline TA/TO,TA/TO,0,0,0,A,A,0,Non Refund,229.0,0,Transient,90.0,0,0
City Hotel,1,464,2017,July,30,25,0,1,2,0.0,0,BB,PRT,Offline TA/TO,TA/TO,0,0,0,A,A,0,Non Refund,229.0,0,Transient,90.0,0,0
City Hotel,1,464,2017,July,30,25,0,1,2,0.0,0,BB,PRT,Offline TA/TO,TA/TO,0,0,0,A,A,0,Non Refund,229.0,0,Transient,90.0,0,0
City Hotel,1,279,2017,July,30,25,0,1,2,0.0,0,BB,PRT,Online TA,TA/TO,0,0,0,D,D,0,No Deposit,8.0,0,Transient,120.6,0,1
City Hotel,1,19,2017,July,30,25,0,2,2,0.0,0,SC,SWE,Direct,Direct,0,0,0,A,A,0,No Deposit,,0,Transient,130.0,0,1
City Hotel,1,20,2017,July,30,25,0,2,2,0.0,0,SC,ESP,Online TA,TA/TO,0,0,0,A,A,0,No Deposit,9.0,0,Transient,140.0,0,1
City Hotel,1,64,2017,July,30,25,0,2,2,0.0,0,BB,CN,Online TA,TA/TO,0,0,0,A,A,0,No Deposit,9.0,0,Transient,150.0,0,0
City Hotel,1,20,2017,July,30,25,0,2,2,0.0,0,BB,PRT,Direct,Direct,0,0,0,A,A,0,No Deposit,,0,Transient,140.0,0,0
City Hotel,1,12,2017,July,30,25,0,2,2,0.0,0,BB,ITA,Online TA,TA/TO,0,0,0,A,A,0,No Deposit,9.0,0,Transient,160.0,0,2
City Hotel,1,153,2017,July,30,25,0,3,2,0.0,0,BB,DEU,Online TA,TA/TO,0,0,0,D,D,0,No Deposit,9.0,0,Transient,139.5,0,0
City Hotel,1,131,2017,July,30,25,0,3,2,0.0,0,BB,KOR,Online TA,TA/TO,0,0,0,A,A,0,No Deposit,9.0,0,Transient,130.5,0,0
City Hotel,1,77,2017,July,30,25,0,4,2,0.0,0,SC,PRT,Online TA,TA/TO,0,0,0,A,A,0,No Deposit,83.0,0,Transient,106.6,0,0
City Hotel,1,244,2017,July,30,25,0,4,2,0.0,0,BB,PRT,Offline TA/TO,TA/TO,0,0,0,A,A,0,No Deposit,28.0,0,Transient,80.1,0,0
City Hotel,1,29,2017,July,30,25,0,4,2,0.0,0,SC,CHN,Online TA,TA/TO,0,0,0,A,A,0,No Deposit,9.0,0,Transient,126.0,0,0
City Hotel,1,357,2017,July,30,26,0,1,2,0.0,0,BB,DEU,Online TA,TA/TO,0,0,0,D,D,2,No Deposit,9.0,0,Transient,134.0,0,2
City Hotel,1,4,2017,July,30,26,0,2,2,0.0,0,SC,USA,Online TA,TA/TO,0,0,0,A,A,0,No Deposit,9.0,0,Transient,160.0,0,0
City Hotel,1,465,2017,July,30,26,0,3,2,0.0,0,BB,PRT,Offline TA/TO,TA/TO,0,0,0,A,A,0,No Deposit,229.0,0,Transient-Party,112.67,0,0
City Hotel,1,465,2017,July,30,26,0,3,2,0.0,0,BB,PRT,Offline TA/TO,TA/TO,0,0,0,A,A,1,No Deposit,229.0,0,Transient-Party,90.0,0,0
City Hotel,1,126,2017,July,30,26,0,3,2,0.0,0,BB,NLD,Online TA,TA/TO,0,0,0,A,A,0,No Deposit,9.0,0,Transient,130.5,0,0
City Hotel,1,465,2017,July,30,26,0,3,2,0.0,0,BB,PRT,Offline TA/TO,TA/TO,0,0,0,A,A,0,No Deposit,229.0,0,Transient-Party,112.67,0,0
City Hotel,1,171,2017,July,30,26,0,3,2,0.0,0,BB,DEU,Online TA,TA/TO,0,0,0,A,A,6,No Deposit,9.0,0,Transient,132.5,0,1
City Hotel,1,465,2017,July,30,26,0,3,2,0.0,0,BB,PRT,Offline TA/TO,TA/TO,0,0,0,A,A,0,No Deposit,229.0,0,Transient-Party,90.0,0,0
City Hotel,1,243,2017,July,30,26,0,4,2,0.0,0,BB,PRT,Groups,TA/TO,0,0,0,A,A,0,Non Refund,,0,Transient,110.0,0,0
City Hotel,1,243,2017,July,30,26,0,4,2,0.0,0,BB,PRT,Groups,TA/TO,0,0,0,A,A,0,Non Refund,,0,Transient,110.0,0,0
City Hotel,1,314,2017,July,30,26,0,4,2,0.0,0,BB,PRT,Groups,TA/TO,0,0,0,A,A,0,Non Refund,,71,Transient,110.0,0,0
City Hotel,1,155,2017,July,30,26,0,4,2,0.0,0,SC,BRA,Online TA,TA/TO,0,0,0,A,A,0,No Deposit,9.0,0,Transient,118.75,0,0
City Hotel,1,243,2017,July,30,26,0,4,2,0.0,0,BB,PRT,Groups,TA/TO,0,0,0,A,A,0,Non Refund,,0,Transient,110.0,0,0
City Hotel,1,243,2017,July,30,26,0,4,2,0.0,0,BB,PRT,Groups,TA/TO,0,0,0,A,A,0,Non Refund,,0,Transient,110.0,0,0
City Hotel,1,243,2017,July,30,26,0,4,2,0.0,0,BB,PRT,Groups,TA/TO,0,0,0,A,A,0,Non Refund,,0,Transient,110.0,0,0
City Hotel,1,243,2017,July,30,26,0,4,2,0.0,0,BB,PRT,Groups,TA/TO,0,0,0,A,A,0,Non Refund,,0,Transient,110.0,0,0
City Hotel,1,243,2017,July,30,26,0,4,2,0.0,0,BB,PRT,Groups,TA/TO,0,0,0,A,A,0,Non Refund,,0,Transient,110.0,0,0
City Hotel,1,243,2017,July,30,26,0,4,2,0.0,0,BB,PRT,Groups,TA/TO,0,0,0,A,A,0,Non Refund,,0,Transient,110.0,0,0
City Hotel,1,160,2017,July,30,26,0,4,2,0.0,0,BB,PRT,Offline TA/TO,TA/TO,0,0,0,A,A,0,No Deposit,42.0,0,Transient,80.1,0,1
City Hotel,1,243,2017,July,30,26,0,4,2,0.0,0,BB,PRT,Groups,TA/TO,0,0,0,A,A,0,Non Refund,,0,Transient,110.0,0,0
City Hotel,1,243,2017,July,30,26,0,4,2,0.0,0,BB,PRT,Groups,TA/TO,0,0,0,A,A,0,Non Refund,,0,Transient,110.0,0,0
City Hotel,1,243,2017,July,30,26,0,4,2,0.0,0,BB,PRT,Groups,TA/TO,0,0,0,A,A,0,Non Refund,,0,Transient,110.0,0,0
City Hotel,1,243,2017,July,30,26,0,4,2,0.0,0,BB,PRT,Groups,TA/TO,0,0,0,A,A,0,Non Refund,,0,Transient,110.0,0,0
City Hotel,1,243,2017,July,30,26,0,4,2,0.0,0,BB,PRT,Groups,TA/TO,0,0,0,A,A,0,Non Refund,,0,Transient,110.0,0,0
City Hotel,1,243,2017,July,30,26,0,4,2,0.0,0,BB,PRT,Groups,TA/TO,0,0,0,A,A,0,Non Refund,,0,Transient,110.0,0,0
City Hotel,1,243,2017,July,30,26,0,4,2,0.0,0,BB,PRT,Groups,TA/TO,0,0,0,A,A,0,Non Refund,,0,Transient,110.0,0,0
City Hotel,1,116,2017,July,30,26,0,4,2,0.0,0,BB,IRL,Direct,Direct,0,0,0,A,A,0,No Deposit,14.0,0,Transient,112.5,0,0
City Hotel,1,243,2017,July,30,26,0,4,2,0.0,0,BB,PRT,Groups,TA/TO,0,0,0,A,A,0,Non Refund,,0,Transient,110.0,0,0
City Hotel,1,243,2017,July,30,26,0,4,2,0.0,0,BB,PRT,Groups,TA/TO,0,0,0,A,A,0,Non Refund,,0,Transient,110.0,0,0
City Hotel,1,243,2017,July,30,26,0,4,2,0.0,0,BB,PRT,Groups,TA/TO,0,0,0,A,A,0,Non Refund,,0,Transient,110.0,0,0
City Hotel,1,243,2017,July,30,26,0,4,2,0.0,0,BB,PRT,Groups,TA/TO,0,0,0,A,A,0,Non Refund,,0,Transient,110.0,0,0
City Hotel,1,243,2017,July,30,26,0,4,2,0.0,0,BB,PRT,Groups,TA/TO,0,0,0,A,A,0,Non Refund,,0,Transient,110.0,0,0
City Hotel,1,243,2017,July,30,26,0,4,2,0.0,0,BB,PRT,Groups,TA/TO,0,0,0,A,A,0,Non Refund,,0,Transient,110.0,0,0
City Hotel,1,160,2017,July,30,26,0,4,2,0.0,0,BB,PRT,Offline TA/TO,TA/TO,0,0,0,A,A,0,No Deposit,42.0,0,Transient,80.1,0,1
City Hotel,1,17,2017,July,30,26,0,4,2,0.0,0,BB,ESP,Online TA,TA/TO,0,0,0,E,E,0,No Deposit,9.0,0,Transient,200.0,0,1
City Hotel,1,243,2017,July,30,26,0,4,2,0.0,0,BB,PRT,Groups,TA/TO,0,0,0,A,A,0,Non Refund,,0,Transient,110.0,0,0
City Hotel,1,243,2017,July,30,26,0,4,2,0.0,0,BB,PRT,Groups,TA/TO,0,0,0,A,A,0,Non Refund,,0,Transient,110.0,0,0
City Hotel,1,243,2017,July,30,26,0,4,2,0.0,0,BB,PRT,Groups,TA/TO,0,0,0,A,A,0,Non Refund,,0,Transient,110.0,0,0
City Hotel,1,183,2017,July,30,26,1,4,2,0.0,0,SC,GBR,Online TA,TA/TO,0,0,0,A,A,0,No Deposit,9.0,0,Transient,112.5,0,0
City Hotel,1,167,2017,July,30,26,1,4,2,0.0,0,SC,ITA,Online TA,TA/TO,0,0,0,A,A,0,No Deposit,9.0,0,Transient,115.0,0,0
City Hotel,1,7,2017,July,30,26,2,5,2,0.0,0,SC,DEU,Online TA,TA/TO,0,0,0,A,A,0,No Deposit,9.0,0,Transient,145.43,0,2
City Hotel,1,204,2017,July,30,27,0,1,2,0.0,0,BB,ITA,Online TA,TA/TO,0,0,0,D,D,2,No Deposit,9.0,0,Transient,180.0,0,0
City Hotel,1,211,2017,July,30,27,0,2,2,0.0,0,SC,CHE,Online TA,TA/TO,0,0,0,D,D,0,No Deposit,9.0,0,Transient,180.0,0,0
City Hotel,1,76,2017,July,30,27,0,2,2,0.0,0,SC,SWE,Online TA,TA/TO,0,0,0,A,A,0,No Deposit,9.0,0,Transient,130.0,0,1
City Hotel,1,62,2017,July,30,27,0,3,2,0.0,0,BB,DEU,Online TA,TA/TO,0,0,0,D,D,0,No Deposit,9.0,0,Transient,160.0,0,0
City Hotel,1,146,2017,July,30,27,0,3,2,0.0,0,SC,GBR,Online TA,TA/TO,0,0,0,A,A,0,No Deposit,9.0,0,Transient,120.83,0,0
City Hotel,1,155,2017,July,30,27,0,3,2,0.0,0,SC,DEU,Online TA,TA/TO,0,0,0,A,A,0,No Deposit,9.0,0,Transient,120.83,0,0
City Hotel,1,153,2017,July,30,27,0,3,2,0.0,0,BB,DEU,Online TA,TA/TO,0,0,0,E,E,0,No Deposit,9.0,0,Transient,166.5,0,0
City Hotel,1,77,2017,July,30,27,0,3,2,0.0,0,BB,MAR,Online TA,TA/TO,0,0,0,A,A,0,No Deposit,9.0,0,Transient,146.67,0,1
City Hotel,1,273,2017,July,30,27,0,3,2,0.0,0,BB,BRA,Direct,Direct,0,0,0,A,A,0,No Deposit,14.0,0,Transient,89.1,0,1
City Hotel,1,172,2017,July,30,27,0,3,2,0.0,0,SC,GBR,Online TA,TA/TO,0,0,0,A,A,0,No Deposit,9.0,0,Transient,112.5,0,0
City Hotel,1,153,2017,July,30,27,0,3,2,0.0,0,BB,DEU,Online TA,TA/TO,0,0,0,E,E,0,No Deposit,9.0,0,Transient,166.5,0,0
City Hotel,1,62,2017,July,30,27,0,3,2,0.0,0,SC,DEU,Online TA,TA/TO,0,0,0,A,A,0,No Deposit,9.0,0,Transient,136.67,0,0
City Hotel,1,146,2017,July,30,27,0,3,2,0.0,0,SC,GBR,Online TA,TA/TO,0,0,0,A,A,0,No Deposit,9.0,0,Transient,120.83,0,0
City Hotel,1,73,2017,July,30,27,0,3,2,0.0,0,SC,IRL,Online TA,TA/TO,0,0,0,A,A,0,No Deposit,9.0,0,Transient,126.67,0,1
City Hotel,1,56,2017,July,30,27,1,3,2,0.0,0,SC,ITA,Online TA,TA/TO,0,0,0,A,A,0,No Deposit,9.0,0,Transient,122.0,0,0
City Hotel,1,259,2017,July,30,27,1,3,2,0.0,0,BB,GBR,Online TA,TA/TO,0,0,0,A,A,2,No Deposit,9.0,0,Transient,99.9,0,3
City Hotel,1,136,2017,July,30,27,1,3,2,0.0,0,HB,FRA,Online TA,TA/TO,0,0,0,A,A,2,No Deposit,9.0,0,Transient,142.38,0,0
City Hotel,1,36,2017,July,30,27,1,3,2,0.0,0,SC,PRT,Online TA,TA/TO,0,0,0,A,A,0,No Deposit,85.0,0,Transient,79.0,0,0
City Hotel,1,10,2017,July,30,27,2,3,2,0.0,0,BB,CHE,Online TA,TA/TO,0,0,0,D,D,0,No Deposit,9.0,0,Transient,171.6,0,2
City Hotel,1,249,2017,July,30,27,2,3,2,0.0,0,BB,NLD,Online TA,TA/TO,0,0,0,A,A,0,No Deposit,9.0,0,Transient,107.1,0,0
City Hotel,1,146,2017,July,30,27,2,4,2,0.0,0,BB,NLD,Online TA,TA/TO,0,0,0,A,A,2,No Deposit,9.0,0,Transient,132.92,0,0
City Hotel,1,156,2017,July,30,27,2,5,2,0.0,0,BB,DNK,Online TA,TA/TO,0,0,0,A,A,0,No Deposit,9.0,0,Transient,130.5,0,0
City Hotel,1,467,2017,July,30,28,0,1,2,0.0,0,BB,PRT,Offline TA/TO,TA/TO,0,0,0,A,A,0,Non Refund,229.0,0,Transient,90.0,0,0
City Hotel,1,467,2017,July,30,28,0,1,2,0.0,0,BB,PRT,Offline TA/TO,TA/TO,0,0,0,A,A,0,Non Refund,229.0,0,Transient,90.0,0,0
City Hotel,1,174,2017,July,30,28,0,1,2,0.0,0,BB,ITA,Online TA,TA/TO,0,0,0,A,A,0,No Deposit,9.0,0,Transient,130.5,0,0
City Hotel,1,467,2017,July,30,28,0,1,2,0.0,0,BB,PRT,Offline TA/TO,TA/TO,0,0,0,A,A,0,Non Refund,229.0,0,Transient,90.0,0,0
City Hotel,1,467,2017,July,30,28,0,1,2,0.0,0,BB,PRT,Offline TA/TO,TA/TO,0,0,0,A,A,0,Non Refund,229.0,0,Transient,90.0,0,0
City Hotel,1,467,2017,July,30,28,0,1,2,0.0,0,BB,PRT,Offline TA/TO,TA/TO,0,0,0,A,A,0,Non Refund,229.0,0,Transient,90.0,0,0
City Hotel,1,467,2017,July,30,28,0,1,2,0.0,0,BB,PRT,Offline TA/TO,TA/TO,0,0,0,A,A,0,Non Refund,229.0,0,Transient,90.0,0,0
City Hotel,1,28,2017,July,30,28,0,1,2,0.0,0,BB,NLD,Online TA,TA/TO,0,0,0,D,D,0,No Deposit,9.0,0,Transient,170.0,0,2
City Hotel,1,467,2017,July,30,28,0,1,2,0.0,0,BB,PRT,Offline TA/TO,TA/TO,0,0,0,A,A,0,Non Refund,229.0,0,Transient,90.0,0,0
City Hotel,1,31,2017,July,30,28,0,1,2,0.0,0,SC,PRT,Online TA,TA/TO,0,0,0,A,A,0,No Deposit,7.0,0,Transient,112.0,0,1
City Hotel,1,467,2017,July,30,28,0,1,2,0.0,0,BB,PRT,Offline TA/TO,TA/TO,0,0,0,A,A,0,Non Refund,229.0,0,Transient,90.0,0,0
City Hotel,1,183,2017,July,30,28,0,1,2,0.0,0,BB,DEU,Online TA,TA/TO,0,0,0,D,D,0,No Deposit,9.0,0,Transient,139.5,0,1
City Hotel,1,467,2017,July,30,28,0,1,2,0.0,0,BB,PRT,Offline TA/TO,TA/TO,0,0,0,A,A,0,Non Refund,229.0,0,Transient,90.0,0,0
City Hotel,1,467,2017,July,30,28,0,1,2,0.0,0,BB,PRT,Offline TA/TO,TA/TO,0,0,0,A,A,0,Non Refund,229.0,0,Transient,90.0,0,0
City Hotel,1,95,2017,July,30,28,0,2,2,0.0,0,SC,GBR,Online TA,TA/TO,0,0,0,A,A,0,No Deposit,9.0,0,Transient,125.0,0,1
City Hotel,1,118,2017,July,30,28,0,2,2,0.0,0,SC,AUS,Online TA,TA/TO,0,0,0,A,A,0,No Deposit,9.0,0,Transient,125.0,0,1
City Hotel,1,95,2017,July,30,28,0,2,2,0.0,0,SC,GBR,Online TA,TA/TO,0,0,0,A,A,0,No Deposit,9.0,0,Transient,125.0,0,1
City Hotel,1,95,2017,July,30,28,0,2,2,0.0,0,SC,GBR,Online TA,TA/TO,0,0,0,A,A,0,No Deposit,9.0,0,Transient,125.0,0,1
City Hotel,1,95,2017,July,30,28,0,2,2,0.0,0,SC,GBR,Online TA,TA/TO,0,0,0,A,A,0,No Deposit,9.0,0,Transient,125.0,0,1
City Hotel,1,95,2017,July,30,28,0,2,2,0.0,0,SC,GBR,Online TA,TA/TO,0,0,0,A,A,0,No Deposit,9.0,0,Transient,125.0,0,1
City Hotel,1,95,2017,July,30,28,0,2,2,0.0,0,SC,GBR,Online TA,TA/TO,0,0,0,A,A,0,No Deposit,9.0,0,Transient,125.0,0,1
City Hotel,1,17,2017,July,30,28,0,2,2,0.0,0,SC,FRA,Online TA,TA/TO,0,0,0,A,A,0,No Deposit,9.0,0,Transient,140.0,0,0
City Hotel,1,17,2017,July,30,28,0,2,2,0.0,0,SC,GBR,Online TA,TA/TO,0,0,0,A,A,0,No Deposit,9.0,0,Transient,140.0,0,1
City Hotel,1,11,2017,July,30,28,0,2,2,0.0,0,SC,PRT,Online TA,TA/TO,0,0,0,A,A,0,No Deposit,9.0,0,Transient,160.0,0,1
City Hotel,1,147,2017,July,30,28,1,2,2,0.0,0,BB,FRA,Online TA,TA/TO,0,0,0,D,D,0,No Deposit,9.0,0,Transient,139.5,0,1
City Hotel,1,315,2017,July,30,28,1,2,2,0.0,0,SC,DEU,Online TA,TA/TO,0,0,0,A,A,0,No Deposit,9.0,0,Transient,89.1,0,0
City Hotel,1,315,2017,July,30,28,1,2,2,0.0,0,SC,DEU,Online TA,TA/TO,0,0,0,A,A,0,No Deposit,9.0,0,Transient,89.1,0,0
City Hotel,1,29,2017,July,30,28,1,2,2,0.0,0,BB,ESP,Online TA,TA/TO,0,0,0,A,A,0,No Deposit,9.0,0,Transient,156.0,0,1
City Hotel,1,150,2017,July,30,28,1,2,2,0.0,0,BB,FRA,Online TA,TA/TO,0,0,0,A,A,0,No Deposit,9.0,0,Transient,130.5,0,0
City Hotel,1,147,2017,July,30,28,1,2,2,0.0,0,SC,ESP,Online TA,TA/TO,0,0,0,A,A,0,No Deposit,9.0,0,Transient,116.67,0,0
City Hotel,1,85,2017,July,30,28,1,2,2,0.0,0,SC,GBR,Online TA,TA/TO,0,0,0,A,A,0,No Deposit,9.0,0,Transient,120.0,0,0
City Hotel,1,315,2017,July,30,28,1,2,2,0.0,0,SC,DEU,Online TA,TA/TO,0,0,0,A,A,0,No Deposit,9.0,0,Transient,89.1,0,0
City Hotel,1,315,2017,July,30,28,1,2,2,0.0,0,SC,DEU,Online TA,TA/TO,0,0,0,A,A,0,No Deposit,9.0,0,Transient,89.1,0,0
City Hotel,1,315,2017,July,30,28,1,2,2,0.0,0,SC,DEU,Online TA,TA/TO,0,0,0,A,A,0,No Deposit,9.0,0,Transient,89.1,0,0
City Hotel,1,315,2017,July,30,28,1,2,2,0.0,0,SC,DEU,Online TA,TA/TO,0,0,0,A,A,0,No Deposit,9.0,0,Transient,89.1,0,0
City Hotel,1,150,2017,July,30,28,1,2,2,0.0,0,BB,FRA,Online TA,TA/TO,0,0,0,D,D,0,No Deposit,9.0,0,Transient,139.5,0,1
City Hotel,1,141,2017,July,30,28,1,2,2,0.0,0,HB,FRA,Online TA,TA/TO,0,0,0,A,A,0,No Deposit,9.0,0,Transient,164.7,0,0
City Hotel,1,191,2017,July,30,28,2,2,2,0.0,0,SC,FRA,Online TA,TA/TO,0,0,0,A,A,0,No Deposit,9.0,0,Transient,112.5,0,0
City Hotel,1,152,2017,July,30,28,2,3,2,0.0,0,BB,LUX,Online TA,TA/TO,0,0,0,D,D,0,No Deposit,9.0,0,Transient,139.5,0,0
City Hotel,1,149,2017,July,30,28,2,4,2,0.0,0,BB,DEU,Online TA,TA/TO,0,0,0,E,E,0,No Deposit,9.0,0,Transient,175.5,0,1
City Hotel,1,65,2017,July,30,28,2,7,2,0.0,0,SC,DEU,Online TA,TA/TO,0,0,0,A,A,0,No Deposit,9.0,0,Transient,126.44,0,1
City Hotel,1,157,2017,July,30,28,2,7,2,0.0,0,BB,NLD,Online TA,TA/TO,0,0,0,D,D,0,No Deposit,9.0,0,Transient,139.5,0,1
City Hotel,1,94,2017,July,30,28,3,7,2,0.0,0,HB,PRT,Online TA,TA/TO,0,0,0,A,A,0,No Deposit,42.0,0,Transient,146.4,0,0
City Hotel,1,120,2017,July,30,29,0,1,2,0.0,0,BB,PRT,Online TA,TA/TO,0,0,0,D,D,3,No Deposit,9.0,0,Transient,155.0,0,1
City Hotel,1,119,2017,July,30,29,0,1,2,0.0,0,BB,PRT,Online TA,TA/TO,0,0,0,D,D,0,No Deposit,9.0,0,Transient,170.0,0,1
City Hotel,1,10,2017,July,30,29,0,1,2,0.0,0,BB,PRT,Online TA,TA/TO,0,0,0,A,A,0,No Deposit,85.0,0,Transient,89.0,0,0
City Hotel,1,120,2017,July,30,29,0,1,2,0.0,0,BB,PRT,Online TA,TA/TO,0,0,0,D,D,3,No Deposit,9.0,0,Transient,155.0,0,1
City Hotel,1,96,2017,July,30,29,0,1,2,0.0,0,BB,PRT,Offline TA/TO,TA/TO,0,0,0,A,A,0,No Deposit,403.0,0,Transient,80.1,0,1
City Hotel,1,80,2017,July,30,29,0,1,2,0.0,0,BB,PRT,Direct,Direct,0,0,0,A,A,0,No Deposit,14.0,0,Transient,117.0,0,1
City Hotel,1,20,2017,July,30,29,0,1,2,0.0,0,SC,PRT,Online TA,TA/TO,0,0,0,A,A,0,No Deposit,8.0,0,Transient,140.0,0,1
City Hotel,1,35,2017,July,30,29,1,1,2,0.0,0,SC,GBR,Online TA,TA/TO,0,0,0,A,A,0,No Deposit,9.0,0,Transient,140.0,0,1
City Hotel,1,104,2017,July,30,29,1,1,2,0.0,0,BB,ESP,Online TA,TA/TO,0,0,0,D,D,0,No Deposit,9.0,0,Transient,155.0,0,1
City Hotel,1,41,2017,July,30,29,1,1,2,0.0,0,SC,CN,Online TA,TA/TO,0,0,0,A,A,0,No Deposit,9.0,0,Transient,140.0,0,1
City Hotel,1,41,2017,July,30,29,1,1,2,0.0,0,SC,CN,Online TA,TA/TO,0,0,0,A,A,0,No Deposit,9.0,0,Transient,140.0,0,1
City Hotel,1,31,2017,July,30,29,2,1,2,0.0,0,BB,ESP,Online TA,TA/TO,0,0,0,D,D,0,No Deposit,9.0,0,Transient,170.0,0,1
City Hotel,1,76,2017,July,30,29,2,1,2,0.0,0,SC,BRA,Online TA,TA/TO,0,0,0,A,A,0,No Deposit,9.0,0,Transient,120.0,0,1
City Hotel,1,468,2017,July,30,29,2,1,2,0.0,0,BB,PRT,Offline TA/TO,TA/TO,0,0,0,A,A,0,No Deposit,229.0,0,Transient-Party,112.67,0,0
City Hotel,1,468,2017,July,30,29,2,1,2,0.0,0,BB,PRT,Offline TA/TO,TA/TO,0,0,0,A,A,0,No Deposit,229.0,0,Transient-Party,112.67,0,0
City Hotel,1,490,2017,July,30,29,2,1,2,0.0,0,BB,PRT,Offline TA/TO,TA/TO,0,0,0,A,A,0,Non Refund,229.0,0,Transient,90.0,0,0
City Hotel,1,468,2017,July,30,29,2,1,2,0.0,0,BB,PRT,Offline TA/TO,TA/TO,0,0,0,A,A,0,No Deposit,229.0,0,Transient-Party,112.67,0,0
City Hotel,1,33,2017,July,30,29,2,1,2,0.0,0,BB,FRA,Online TA,TA/TO,0,0,0,D,D,0,No Deposit,9.0,0,Transient,170.0,0,2
City Hotel,1,490,2017,July,30,29,2,1,2,0.0,0,BB,PRT,Offline TA/TO,TA/TO,0,0,0,A,A,0,Non Refund,229.0,0,Transient,90.0,0,0
City Hotel,1,60,2017,July,30,29,2,1,2,0.0,0,SC,CHE,Online TA,TA/TO,0,0,0,A,A,0,No Deposit,9.0,0,Transient,119.33,0,1
City Hotel,1,468,2017,July,30,29,2,1,2,0.0,0,BB,PRT,Offline TA/TO,TA/TO,0,0,0,A,A,0,No Deposit,229.0,0,Transient-Party,112.67,0,0
City Hotel,1,468,2017,July,30,29,2,1,2,0.0,0,BB,PRT,Offline TA/TO,TA/TO,0,0,0,A,A,1,No Deposit,229.0,0,Transient-Party,112.67,0,0
City Hotel,1,490,2017,July,30,29,2,1,2,0.0,0,BB,PRT,Offline TA/TO,TA/TO,0,0,0,A,A,0,Non Refund,229.0,0,Transient,90.0,0,0
City Hotel,1,67,2017,July,30,29,2,1,2,0.0,0,SC,BRA,Online TA,TA/TO,0,0,0,A,A,0,No Deposit,,0,Transient,120.0,0,1
City Hotel,1,468,2017,July,30,29,2,1,2,0.0,0,BB,PRT,Offline TA/TO,TA/TO,0,0,0,A,A,0,No Deposit,229.0,0,Transient-Party,112.67,0,0
City Hotel,1,490,2017,July,30,29,2,1,2,0.0,0,BB,PRT,Offline TA/TO,TA/TO,0,0,0,A,A,0,Non Refund,229.0,0,Transient,90.0,0,0
City Hotel,1,490,2017,July,30,29,2,1,2,0.0,0,BB,PRT,Offline TA/TO,TA/TO,0,0,0,A,A,0,Non Refund,229.0,0,Transient,90.0,0,0
City Hotel,1,468,2017,July,30,29,2,1,2,0.0,0,BB,PRT,Offline TA/TO,TA/TO,0,0,0,A,A,0,No Deposit,229.0,0,Transient-Party,112.67,0,0
City Hotel,1,468,2017,July,30,29,2,1,2,0.0,0,BB,PRT,Offline TA/TO,TA/TO,0,0,0,A,A,0,No Deposit,229.0,0,Transient-Party,112.67,0,0
City Hotel,1,490,2017,July,30,29,2,1,2,0.0,0,BB,PRT,Offline TA/TO,TA/TO,0,0,0,A,A,0,Non Refund,229.0,0,Transient,90.0,0,0
City Hotel,1,490,2017,July,30,29,2,1,2,0.0,0,BB,PRT,Offline TA/TO,TA/TO,0,0,0,A,A,0,Non Refund,229.0,0,Transient,90.0,0,0
City Hotel,1,468,2017,July,30,29,2,1,2,0.0,0,BB,PRT,Offline TA/TO,TA/TO,0,0,0,A,A,0,No Deposit,229.0,0,Transient-Party,112.67,0,0
City Hotel,1,468,2017,July,30,29,2,1,2,0.0,0,BB,PRT,Offline TA/TO,TA/TO,0,0,0,A,A,0,No Deposit,229.0,0,Transient-Party,112.67,0,0
City Hotel,1,490,2017,July,30,29,2,1,2,0.0,0,BB,PRT,Offline TA/TO,TA/TO,0,0,0,A,A,0,Non Refund,229.0,0,Transient,90.0,0,0
City Hotel,1,468,2017,July,30,29,2,1,2,0.0,0,BB,PRT,Offline TA/TO,TA/TO,0,0,0,A,A,0,No Deposit,229.0,0,Transient-Party,112.67,0,0
City Hotel,1,468,2017,July,30,29,2,1,2,0.0,0,BB,PRT,Offline TA/TO,TA/TO,0,0,0,A,A,0,No Deposit,229.0,0,Transient-Party,112.67,0,0
City Hotel,1,468,2017,July,30,29,2,1,2,0.0,0,BB,PRT,Offline TA/TO,TA/TO,0,0,0,A,A,0,No Deposit,229.0,0,Transient-Party,112.67,0,0
City Hotel,1,128,2017,July,30,29,2,2,2,0.0,0,BB,DEU,Online TA,TA/TO,0,0,0,D,D,0,No Deposit,9.0,0,Transient,139.5,0,0
City Hotel,1,102,2017,July,30,29,2,2,2,0.0,0,BB,BEL,Online TA,TA/TO,0,0,0,D,D,0,No Deposit,9.0,0,Transient,155.0,0,0
City Hotel,1,58,2017,July,30,29,2,2,2,0.0,0,SC,ITA,Online TA,TA/TO,0,0,0,A,A,0,No Deposit,9.0,0,Transient,122.0,0,1
City Hotel,1,128,2017,July,30,29,2,2,2,0.0,0,BB,DEU,Online TA,TA/TO,0,0,0,A,A,0,No Deposit,9.0,0,Transient,137.75,0,0
City Hotel,1,88,2017,July,30,29,2,3,2,0.0,0,SC,FRA,Online TA,TA/TO,0,0,0,A,A,0,No Deposit,9.0,0,Transient,122.0,0,0
City Hotel,1,236,2017,July,30,29,2,3,2,0.0,0,BB,BRA,Online TA,TA/TO,0,0,0,A,A,0,No Deposit,9.0,0,Transient,139.5,0,1
City Hotel,1,129,2017,July,30,29,2,4,2,0.0,0,BB,POL,Online TA,TA/TO,0,0,0,D,D,0,No Deposit,9.0,0,Transient,139.5,0,0
City Hotel,1,206,2017,July,30,29,2,4,2,0.0,0,BB,ITA,Online TA,TA/TO,0,0,0,A,A,0,No Deposit,9.0,0,Transient,130.5,0,1
City Hotel,1,168,2017,July,30,29,2,2,2,0.0,0,BB,NOR,Online TA,TA/TO,0,0,0,A,A,0,No Deposit,9.0,0,Transient,130.5,0,0
City Hotel,1,96,2017,July,30,29,2,5,2,0.0,0,SC,DNK,Online TA,TA/TO,0,0,0,A,A,0,No Deposit,9.0,0,Transient,125.0,0,1
City Hotel,1,155,2017,July,30,29,2,6,2,0.0,0,BB,FRA,Online TA,TA/TO,0,0,0,D,D,0,No Deposit,9.0,0,Transient,139.5,0,0
City Hotel,1,155,2017,July,30,29,2,6,2,0.0,0,SC,FRA,Online TA,TA/TO,0,0,0,A,A,0,No Deposit,9.0,0,Transient,120.31,0,0
City Hotel,1,130,2017,July,30,29,4,7,2,0.0,0,SC,PRT,Offline TA/TO,TA/TO,0,0,0,A,A,0,No Deposit,85.0,0,Transient,71.1,0,1
City Hotel,1,158,2017,July,30,29,4,10,2,0.0,0,HB,FRA,Online TA,TA/TO,0,0,0,A,A,0,No Deposit,9.0,0,Transient,164.7,0,0
City Hotel,1,12,2017,July,31,30,1,0,2,0.0,0,SC,AGO,Online TA,TA/TO,0,0,0,A,A,0,No Deposit,9.0,0,Transient,109.0,0,1
City Hotel,1,11,2017,July,31,30,1,0,2,0.0,0,BB,NLD,Online TA,TA/TO,0,0,0,A,A,0,No Deposit,9.0,0,Transient,129.0,0,2
City Hotel,1,123,2017,July,31,30,2,1,2,0.0,0,BB,ITA,Online TA,TA/TO,0,0,0,D,D,2,No Deposit,9.0,0,Transient,155.0,0,1
City Hotel,1,47,2017,July,31,30,2,1,2,0.0,0,BB,BEL,Online TA,TA/TO,0,0,0,A,A,0,No Deposit,155.0,0,Transient,164.0,0,2
City Hotel,1,173,2017,July,31,30,2,1,2,0.0,0,BB,PRT,Offline TA/TO,TA/TO,0,0,0,A,A,0,No Deposit,52.0,0,Transient,80.1,0,0
City Hotel,1,13,2017,July,31,30,2,1,2,0.0,0,BB,FRA,Online TA,TA/TO,0,0,0,A,A,0,Refundable,9.0,0,Transient,162.67,0,2
City Hotel,1,9,2017,July,31,30,2,1,2,0.0,0,SC,SWE,Online TA,TA/TO,0,0,0,A,A,0,No Deposit,9.0,0,Transient,136.0,0,2
City Hotel,1,171,2017,July,31,30,2,2,2,0.0,0,BB,PRT,Online TA,TA/TO,0,0,0,A,A,0,Refundable,10.0,0,Transient,100.0,0,0
City Hotel,1,261,2017,July,31,30,2,2,2,0.0,0,SC,TWN,Online TA,TA/TO,0,0,0,A,A,0,No Deposit,9.0,0,Transient,89.1,0,1
City Hotel,1,145,2017,July,31,30,2,2,2,0.0,0,HB,RUS,Online TA,TA/TO,0,0,0,A,A,0,No Deposit,9.0,0,Transient,164.7,0,0
City Hotel,1,171,2017,July,31,30,2,2,2,0.0,0,BB,PRT,Online TA,TA/TO,0,0,0,A,A,0,Refundable,10.0,0,Transient,100.0,0,0
City Hotel,1,196,2017,July,31,30,2,3,2,0.0,0,SC,ESP,Online TA,TA/TO,0,0,0,A,A,0,No Deposit,9.0,0,Transient,112.5,0,0
City Hotel,1,96,2017,July,31,30,2,3,2,0.0,0,SC,BGD,Online TA,TA/TO,0,0,0,A,A,0,No Deposit,9.0,0,Transient,125.0,0,1
City Hotel,1,242,2017,July,31,30,2,3,2,0.0,0,SC,FRA,Online TA,TA/TO,0,0,0,A,A,0,No Deposit,9.0,0,Transient,112.5,0,0
City Hotel,1,59,2017,July,31,30,2,3,2,0.0,0,BB,PRT,Online TA,TA/TO,0,0,0,A,A,0,No Deposit,7.0,0,Transient,114.88,0,1
City Hotel,1,103,2017,July,31,30,6,10,2,0.0,0,SC,MOZ,Online TA,TA/TO,0,0,0,A,A,0,No Deposit,9.0,0,Transient,125.0,0,1
City Hotel,1,205,2017,July,31,30,2,5,2,0.0,0,SC,GBR,Online TA,TA/TO,0,0,0,A,A,0,No Deposit,9.0,0,Transient,114.29,0,0
City Hotel,1,162,2017,July,31,31,1,1,2,0.0,0,BB,DEU,Online TA,TA/TO,0,0,0,A,A,0,No Deposit,9.0,0,Transient,130.5,0,0
City Hotel,1,21,2017,July,31,31,1,1,2,0.0,0,SC,GBR,Online TA,TA/TO,0,0,0,A,A,0,No Deposit,9.0,0,Transient,124.0,0,1
City Hotel,1,195,2017,July,31,31,1,1,2,0.0,0,BB,PRT,Online TA,TA/TO,0,0,0,A,A,0,No Deposit,83.0,0,Transient,104.4,0,0
City Hotel,1,5,2017,July,31,31,1,1,2,0.0,0,SC,PRT,Online TA,TA/TO,0,0,0,A,A,0,No Deposit,9.0,0,Transient,139.5,0,2
City Hotel,1,98,2017,July,31,31,1,0,2,0.0,0,BB,FRA,Online TA,TA/TO,0,0,0,A,A,3,No Deposit,9.0,0,Transient,155.0,0,1
City Hotel,1,260,2017,July,31,31,1,1,2,0.0,0,SC,GBR,Online TA,TA/TO,0,0,0,A,A,0,No Deposit,9.0,0,Transient,89.1,0,1
City Hotel,1,302,2017,July,31,31,1,2,2,0.0,0,SC,USA,Online TA,TA/TO,0,0,0,A,A,0,No Deposit,9.0,0,Transient,89.1,0,1
City Hotel,1,302,2017,July,31,31,1,2,2,0.0,0,SC,USA,Online TA,TA/TO,0,0,0,A,A,0,No Deposit,9.0,0,Transient,89.1,0,1
City Hotel,1,302,2017,July,31,31,1,2,2,0.0,0,SC,USA,Online TA,TA/TO,0,0,0,A,A,0,No Deposit,9.0,0,Transient,89.1,0,1
City Hotel,1,302,2017,July,31,31,1,2,2,0.0,0,SC,USA,Online TA,TA/TO,0,0,0,A,A,0,No Deposit,9.0,0,Transient,89.1,0,1
City Hotel,1,302,2017,July,31,31,1,2,2,0.0,0,SC,USA,Online TA,TA/TO,0,0,0,A,A,0,No Deposit,9.0,0,Transient,89.1,0,1
City Hotel,1,302,2017,July,31,31,1,2,2,0.0,0,SC,USA,Online TA,TA/TO,0,0,0,A,A,0,No Deposit,9.0,0,Transient,89.1,0,1
City Hotel,1,174,2017,July,31,31,1,3,2,0.0,0,BB,ESP,Online TA,TA/TO,0,0,0,D,D,0,No Deposit,9.0,0,Transient,184.5,0,0
City Hotel,1,37,2017,July,31,31,1,3,2,0.0,0,BB,FRA,Online TA,TA/TO,0,0,0,A,A,0,No Deposit,9.0,0,Transient,160.0,0,0
City Hotel,1,62,2017,July,31,31,1,3,2,0.0,0,BB,MAR,Online TA,TA/TO,0,0,0,A,A,0,No Deposit,9.0,0,Transient,150.0,0,4
City Hotel,1,79,2017,July,31,31,1,4,2,0.0,0,SC,SWE,Online TA,TA/TO,0,0,0,A,A,0,No Deposit,9.0,0,Transient,124.0,0,0
City Hotel,1,79,2017,July,31,31,1,4,2,0.0,0,SC,SWE,Online TA,TA/TO,0,0,0,A,A,0,No Deposit,9.0,0,Transient,124.0,0,0
City Hotel,1,45,2017,July,31,31,1,4,2,0.0,0,HB,ESP,Online TA,TA/TO,0,0,0,A,A,0,No Deposit,9.0,0,Transient,198.0,0,2
City Hotel,1,94,2017,July,31,31,1,4,2,0.0,0,SC,IRL,Online TA,TA/TO,0,0,0,A,A,0,No Deposit,9.0,0,Transient,124.0,0,1
City Hotel,1,179,2017,July,31,31,1,4,2,0.0,0,BB,AUT,Online TA,TA/TO,0,0,0,D,D,0,No Deposit,9.0,0,Transient,139.5,0,0
City Hotel,1,184,2017,July,31,31,1,5,2,0.0,0,HB,GBR,Online TA,TA/TO,0,0,0,D,D,0,No Deposit,9.0,0,Transient,175.5,0,1
City Hotel,1,152,2017,July,31,31,2,5,2,0.0,0,SC,ESP,Online TA,TA/TO,0,0,0,A,A,0,No Deposit,9.0,0,Transient,125.0,0,0
City Hotel,1,54,2017,July,31,31,1,4,2,0.0,0,BB,PRT,Online TA,TA/TO,0,0,0,A,A,0,No Deposit,83.0,0,Transient,131.2,0,0
City Hotel,1,155,2017,July,31,31,1,4,2,0.0,0,BB,FRA,Online TA,TA/TO,0,0,0,D,D,0,No Deposit,9.0,0,Transient,139.5,0,0
City Hotel,1,99,2017,July,31,31,2,5,2,0.0,0,SC,UKR,Online TA,TA/TO,0,0,0,A,A,0,No Deposit,9.0,0,Transient,125.0,0,1
City Hotel,1,160,2017,July,31,31,3,6,2,0.0,0,BB,PRT,Direct,Direct,0,0,0,A,A,0,No Deposit,,0,Transient-Party,112.5,0,0
City Hotel,1,493,2017,August,31,1,0,1,2,0.0,0,BB,PRT,Groups,TA/TO,0,0,0,A,A,0,Non Refund,229.0,0,Transient,90.0,0,0
City Hotel,1,21,2017,August,31,1,0,1,2,0.0,0,SC,PRT,Online TA,TA/TO,0,0,0,A,A,0,No Deposit,9.0,0,Transient,108.0,0,1
City Hotel,1,493,2017,August,31,1,0,1,2,0.0,0,BB,PRT,Groups,TA/TO,0,0,0,A,A,0,Non Refund,229.0,0,Transient,90.0,0,0
City Hotel,1,493,2017,August,31,1,0,1,2,0.0,0,BB,PRT,Groups,TA/TO,0,0,0,A,A,0,Non Refund,229.0,0,Transient,90.0,0,0
City Hotel,1,493,2017,August,31,1,0,1,2,0.0,0,BB,PRT,Groups,TA/TO,0,0,0,A,A,0,Non Refund,229.0,0,Transient,90.0,0,0
City Hotel,1,493,2017,August,31,1,0,1,2,0.0,0,BB,PRT,Groups,TA/TO,0,0,0,A,A,0,Non Refund,229.0,0,Transient,90.0,0,0
City Hotel,1,493,2017,August,31,1,0,1,2,0.0,0,BB,PRT,Groups,TA/TO,0,0,0,A,A,0,Non Refund,229.0,0,Transient,90.0,0,0
City Hotel,1,493,2017,August,31,1,0,1,2,0.0,0,BB,PRT,Groups,TA/TO,0,0,0,A,A,0,Non Refund,229.0,0,Transient,90.0,0,0
City Hotel,1,19,2017,August,31,1,0,1,2,0.0,0,BB,PRT,Direct,Direct,0,0,0,A,A,0,No Deposit,14.0,0,Transient,140.8,0,0
City Hotel,1,64,2017,August,31,1,0,1,2,0.0,0,SC,GBR,Online TA,TA/TO,0,0,0,A,A,0,No Deposit,9.0,0,Transient,130.0,0,1
City Hotel,1,493,2017,August,31,1,0,1,2,0.0,0,BB,PRT,Groups,TA/TO,0,0,0,A,A,0,Non Refund,229.0,0,Transient,90.0,0,0
City Hotel,1,493,2017,August,31,1,0,1,2,0.0,0,BB,PRT,Groups,TA/TO,0,0,0,A,A,0,Non Refund,229.0,0,Transient,90.0,0,0
City Hotel,1,493,2017,August,31,1,0,1,2,0.0,0,BB,PRT,Groups,TA/TO,0,0,0,A,A,0,Non Refund,229.0,0,Transient,90.0,0,0
City Hotel,1,23,2017,August,31,1,0,2,2,0.0,0,SC,CHN,Online TA,TA/TO,0,0,0,A,A,0,No Deposit,9.0,0,Transient,134.0,0,0
City Hotel,1,113,2017,August,31,1,0,3,2,0.0,0,SC,FRA,Online TA,TA/TO,0,0,0,A,A,0,No Deposit,9.0,0,Transient,125.0,0,1
City Hotel,1,21,2017,August,31,1,0,3,2,0.0,0,BB,DEU,Online TA,TA/TO,0,0,0,A,A,0,No Deposit,9.0,0,Transient,138.67,0,1
City Hotel,1,87,2017,August,31,1,0,3,2,0.0,0,SC,ITA,Online TA,TA/TO,0,0,0,A,A,0,No Deposit,9.0,0,Transient,125.0,0,1
City Hotel,1,102,2017,August,31,1,0,3,2,0.0,0,BB,ESP,Direct,Direct,0,0,0,A,A,0,No Deposit,14.0,0,Transient,112.5,0,0
City Hotel,1,139,2017,August,31,1,0,3,2,0.0,0,BB,TUR,Online TA,TA/TO,0,0,0,A,A,0,No Deposit,9.0,0,Transient,140.17,0,1
City Hotel,1,253,2017,August,31,1,0,3,2,0.0,0,BB,FRA,Online TA,TA/TO,0,0,0,A,A,0,No Deposit,9.0,0,Transient,107.1,0,1
City Hotel,1,36,2017,August,31,1,0,3,2,0.0,0,SC,GBR,Online TA,TA/TO,0,0,0,A,A,0,No Deposit,9.0,0,Transient,140.0,0,0
City Hotel,1,188,2017,August,31,1,0,4,2,0.0,0,BB,PRT,Offline TA/TO,TA/TO,0,0,0,A,D,0,No Deposit,28.0,0,Transient,85.0,0,0
City Hotel,1,52,2017,August,31,1,0,4,2,0.0,0,SC,FRA,Online TA,TA/TO,0,0,0,A,A,0,No Deposit,9.0,0,Transient,140.0,0,0
City Hotel,1,97,2017,August,31,1,0,4,2,0.0,0,SC,IRL,Online TA,TA/TO,0,0,0,A,A,0,No Deposit,9.0,0,Transient,125.0,0,1
City Hotel,1,207,2017,August,31,1,0,4,2,0.0,0,BB,ITA,Online TA,TA/TO,0,0,0,A,A,0,No Deposit,9.0,0,Transient,130.5,0,0
City Hotel,1,247,2017,August,31,1,0,4,2,0.0,0,SC,DEU,Online TA,TA/TO,0,0,0,A,A,0,No Deposit,9.0,0,Transient,89.1,0,1
City Hotel,1,331,2017,August,31,1,0,4,2,0.0,0,SC,FRA,Online TA,TA/TO,0,0,0,A,A,2,No Deposit,9.0,0,Transient,91.58,0,1
City Hotel,1,285,2017,August,31,1,0,5,2,0.0,0,BB,ESP,Online TA,TA/TO,0,0,0,A,A,0,No Deposit,9.0,0,Transient,107.1,0,1
City Hotel,1,85,2017,August,31,1,1,5,2,0.0,0,HB,ESP,Online TA,TA/TO,0,0,0,A,A,0,No Deposit,9.0,0,Transient,144.33,0,1
City Hotel,1,170,2017,August,31,1,1,5,2,0.0,0,BB,GAB,Online TA,TA/TO,0,0,0,A,A,0,No Deposit,9.0,0,Transient,130.5,0,0
City Hotel,1,64,2017,August,31,1,2,5,2,0.0,0,BB,FRA,Online TA,TA/TO,0,0,0,A,A,0,No Deposit,9.0,0,Transient,141.43,0,1
City Hotel,1,63,2017,August,31,1,2,5,2,0.0,0,SC,PRT,Online TA,TA/TO,0,0,0,A,A,0,No Deposit,9.0,0,Transient,130.0,0,1
City Hotel,1,72,2017,August,31,1,2,6,2,0.0,0,BB,BEL,Online TA,TA/TO,0,0,0,A,A,0,No Deposit,9.0,0,Transient,132.5,0,1
City Hotel,1,168,2017,August,31,1,2,6,2,0.0,0,BB,BEL,Online TA,TA/TO,0,0,0,A,A,0,No Deposit,9.0,0,Transient,130.5,0,0
City Hotel,1,65,2017,August,31,2,0,1,2,0.0,0,BB,PRT,Online TA,TA/TO,0,0,0,A,A,0,No Deposit,85.0,0,Transient,80.1,0,0
City Hotel,1,208,2017,August,31,2,0,1,2,0.0,0,HB,PRT,Groups,TA/TO,0,0,0,A,A,0,No Deposit,30.0,0,Transient-Party,125.0,0,0
City Hotel,1,75,2017,August,31,2,0,2,2,0.0,0,HB,NOR,Online TA,TA/TO,0,0,0,D,D,0,No Deposit,9.0,0,Transient,198.0,0,1
City Hotel,1,22,2017,August,31,2,0,3,2,0.0,0,BB,ESP,Online TA,TA/TO,0,0,0,D,D,0,No Deposit,9.0,0,Transient,166.0,0,1
City Hotel,1,130,2017,August,31,2,0,3,2,0.0,0,BB,CHE,Online TA,TA/TO,0,0,0,D,D,0,No Deposit,9.0,0,Transient,155.0,0,2
City Hotel,1,130,2017,August,31,2,0,3,2,0.0,0,SC,CHE,Online TA,TA/TO,0,0,0,A,A,0,No Deposit,9.0,0,Transient,125.0,0,2
City Hotel,1,130,2017,August,31,2,0,3,2,0.0,0,SC,CHE,Online TA,TA/TO,0,0,0,A,A,0,No Deposit,9.0,0,Transient,125.0,0,2
City Hotel,1,69,2017,August,31,2,0,3,2,0.0,0,SC,CHN,Online TA,TA/TO,0,0,0,A,A,0,No Deposit,9.0,0,Transient,117.0,0,1
City Hotel,1,92,2017,August,31,2,0,3,2,0.0,0,SC,USA,Online TA,TA/TO,0,0,0,A,A,0,No Deposit,9.0,0,Transient,125.0,0,2
City Hotel,1,130,2017,August,31,2,0,3,2,0.0,0,BB,CHE,Online TA,TA/TO,0,0,0,D,D,0,No Deposit,9.0,0,Transient,155.0,0,2
City Hotel,1,104,2017,August,31,2,0,4,2,0.0,0,SC,ESP,Online TA,TA/TO,0,0,0,A,A,0,No Deposit,9.0,0,Transient,125.0,0,2
City Hotel,1,102,2017,August,31,2,0,4,2,0.0,0,BB,PRT,Online TA,TA/TO,0,0,0,D,D,0,No Deposit,8.0,0,Transient,147.25,0,1
City Hotel,1,24,2017,August,31,2,0,4,2,0.0,0,BB,CIV,Online TA,TA/TO,0,0,0,D,D,1,No Deposit,9.0,0,Transient,212.0,0,1
City Hotel,1,182,2017,August,31,2,0,4,2,0.0,0,BB,GBR,Online TA,TA/TO,0,0,0,A,A,2,No Deposit,9.0,0,Transient,130.5,0,0
City Hotel,1,334,2017,August,31,2,0,4,2,0.0,0,BB,HRV,Online TA,TA/TO,0,0,0,A,A,0,No Deposit,9.0,0,Transient,116.1,0,2
City Hotel,1,157,2017,August,31,2,0,4,2,0.0,0,SC,ESP,Online TA,TA/TO,0,0,0,A,A,0,No Deposit,9.0,0,Transient,125.0,0,0
City Hotel,1,230,2017,August,31,2,1,4,2,0.0,0,BB,BRA,Online TA,TA/TO,0,0,0,D,D,0,No Deposit,9.0,0,Transient,144.0,0,1
City Hotel,1,96,2017,August,31,2,1,4,2,0.0,0,BB,ESP,Online TA,TA/TO,0,0,0,D,D,0,No Deposit,9.0,0,Transient,155.0,0,1
City Hotel,1,199,2017,August,31,2,1,4,2,0.0,0,BB,IRL,Online TA,TA/TO,0,0,0,E,E,2,No Deposit,9.0,0,Transient,166.5,0,0
City Hotel,1,307,2017,August,31,2,2,5,2,0.0,0,HB,BRA,Online TA,TA/TO,0,0,0,D,D,0,No Deposit,9.0,0,Transient,154.8,0,2
City Hotel,1,306,2017,August,31,2,2,5,2,0.0,0,BB,BRA,Online TA,TA/TO,0,0,0,D,D,0,No Deposit,9.0,0,Transient,120.6,0,3
City Hotel,1,328,2017,August,31,2,2,5,2,0.0,0,HB,BRA,Online TA,TA/TO,0,0,0,D,D,0,No Deposit,9.0,0,Transient,172.0,0,2
City Hotel,1,243,2017,August,31,2,2,8,2,0.0,0,SC,MAR,Online TA,TA/TO,0,0,0,A,A,0,No Deposit,9.0,0,Transient,112.5,0,1
City Hotel,1,155,2017,August,31,2,2,8,2,0.0,0,SC,DEU,Online TA,TA/TO,0,0,0,A,A,0,No Deposit,9.0,0,Transient,122.5,0,0
City Hotel,1,227,2017,August,31,2,3,9,2,0.0,0,SC,ESP,Online TA,TA/TO,0,0,0,A,A,0,No Deposit,9.0,0,Transient,112.5,0,0
City Hotel,1,60,2017,August,31,2,2,6,2,0.0,0,BB,IRL,Online TA,TA/TO,0,0,0,A,A,0,No Deposit,9.0,0,Transient,160.0,0,1
City Hotel,1,2,2017,August,31,3,0,1,2,0.0,0,HB,PRT,Groups,TA/TO,0,0,0,A,A,0,No Deposit,509.0,0,Transient-Party,166.0,0,0
City Hotel,1,25,2017,August,31,3,0,2,2,0.0,0,SC,FRA,Online TA,TA/TO,0,0,0,A,A,0,No Deposit,9.0,0,Transient,134.0,0,1
City Hotel,1,308,2017,August,31,3,0,2,2,0.0,0,SC,CHN,Online TA,TA/TO,0,0,0,A,A,2,No Deposit,9.0,0,Transient,80.19,0,1
City Hotel,1,62,2017,August,31,3,0,2,2,0.0,0,BB,PRT,Online TA,TA/TO,0,0,0,A,A,0,No Deposit,9.0,0,Transient,150.0,0,0
City Hotel,1,320,2017,August,31,3,0,2,2,0.0,0,SC,GBR,Online TA,TA/TO,0,0,0,A,A,0,No Deposit,9.0,0,Transient,89.1,0,1
City Hotel,1,69,2017,August,31,3,0,3,2,0.0,0,BB,PRT,Online TA,TA/TO,0,0,0,A,A,0,No Deposit,85.0,0,Transient,80.1,0,0
City Hotel,1,157,2017,August,31,3,0,3,2,0.0,0,SC,IRL,Online TA,TA/TO,0,0,0,A,A,0,No Deposit,9.0,0,Transient,125.0,0,0
City Hotel,1,101,2017,August,31,3,0,3,2,0.0,0,BB,PRT,Direct,Direct,0,0,0,A,A,0,No Deposit,14.0,0,Transient,112.5,0,2
City Hotel,1,19,2017,August,31,3,0,3,2,0.0,0,SC,RUS,Online TA,TA/TO,0,0,0,A,A,0,No Deposit,9.0,0,Transient,160.0,0,1
City Hotel,1,155,2017,August,31,3,0,3,2,0.0,0,SC,GBR,Online TA,TA/TO,0,0,0,A,A,0,No Deposit,9.0,0,Transient,125.0,0,0
City Hotel,1,171,2017,August,31,3,0,3,2,0.0,0,BB,DEU,Online TA,TA/TO,0,0,0,A,A,0,No Deposit,9.0,0,Transient,130.5,0,0
City Hotel,1,107,2017,August,31,3,0,3,2,0.0,0,SC,FRA,Online TA,TA/TO,0,0,0,A,A,0,No Deposit,9.0,0,Transient,125.0,0,2
City Hotel,1,146,2017,August,31,3,0,3,2,0.0,0,SC,IRL,Online TA,TA/TO,0,0,0,A,A,0,No Deposit,9.0,0,Transient,125.0,0,0
City Hotel,1,101,2017,August,31,3,0,3,2,0.0,0,BB,PRT,Direct,Direct,0,0,0,A,A,0,No Deposit,14.0,0,Transient,112.5,0,2
City Hotel,1,110,2017,August,31,3,0,3,2,0.0,0,BB,ISR,Online TA,TA/TO,0,0,0,D,D,0,No Deposit,9.0,0,Transient,195.0,0,1
City Hotel,1,107,2017,August,31,3,0,3,2,0.0,0,SC,FRA,Online TA,TA/TO,0,0,0,A,A,0,No Deposit,9.0,0,Transient,125.0,0,2
City Hotel,1,173,2017,August,31,3,0,3,2,0.0,0,BB,FRA,Online TA,TA/TO,0,0,0,D,D,0,No Deposit,9.0,0,Transient,139.5,0,1
City Hotel,1,194,2017,August,31,3,0,3,2,0.0,0,SC,GBR,Online TA,TA/TO,0,0,0,A,A,0,No Deposit,9.0,0,Transient,116.67,0,3
City Hotel,1,106,2017,August,31,3,0,3,2,0.0,0,SC,ESP,Online TA,TA/TO,0,0,0,A,A,0,No Deposit,9.0,0,Transient,125.0,0,1
City Hotel,1,51,2017,August,31,3,1,3,2,0.0,0,SC,PRT,Online TA,TA/TO,0,0,0,A,A,0,No Deposit,8.0,0,Transient,140.0,0,1
City Hotel,1,211,2017,August,31,3,1,3,2,0.0,0,SC,ITA,Online TA,TA/TO,0,0,0,A,A,1,No Deposit,9.0,0,Transient,115.63,0,0
City Hotel,1,211,2017,August,31,3,1,3,2,0.0,0,BB,ITA,Online TA,TA/TO,0,0,0,D,D,1,No Deposit,9.0,0,Transient,170.0,0,0
City Hotel,1,62,2017,August,31,3,2,3,2,0.0,0,BB,PRT,Online TA,TA/TO,0,0,0,E,E,0,No Deposit,86.0,0,Transient,152.0,0,0
City Hotel,1,156,2017,August,31,3,2,3,2,0.0,0,SC,ESP,Online TA,TA/TO,0,0,0,A,A,0,No Deposit,9.0,0,Transient,122.5,0,0
City Hotel,1,331,2017,August,31,3,2,3,2,0.0,0,BB,DEU,Online TA,TA/TO,0,0,0,A,A,0,No Deposit,9.0,0,Transient,107.1,0,1
City Hotel,1,92,2017,August,31,3,2,3,2,0.0,0,HB,FRA,Online TA,TA/TO,0,0,0,A,A,0,No Deposit,9.0,0,Transient,183.0,0,1
City Hotel,1,315,2017,August,31,3,2,5,2,0.0,0,SC,ITA,Online TA,TA/TO,0,0,0,A,A,0,No Deposit,9.0,0,Transient,89.1,0,2
City Hotel,1,180,2017,August,31,3,2,5,2,0.0,0,BB,PRT,Offline TA/TO,TA/TO,0,0,0,A,A,0,No Deposit,42.0,0,Transient,80.1,0,1
City Hotel,1,87,2017,August,31,3,2,5,2,0.0,0,SC,ITA,Online TA,TA/TO,0,0,0,A,A,0,No Deposit,9.0,0,Transient,133.29,0,1
City Hotel,1,314,2017,August,31,3,2,5,2,0.0,0,SC,ITA,Online TA,TA/TO,0,0,0,A,A,0,No Deposit,9.0,0,Transient,89.1,0,2
City Hotel,1,84,2017,August,31,3,4,9,2,0.0,0,BB,PRT,Direct,Direct,0,0,0,A,A,1,No Deposit,,0,Transient-Party,112.0,0,2
City Hotel,1,2,2017,August,31,4,0,1,2,0.0,0,BB,PRT,Direct,Direct,0,0,0,D,E,2,No Deposit,,0,Transient,75.0,0,2
City Hotel,1,80,2017,August,31,4,0,2,2,0.0,0,SC,ESP,Online TA,TA/TO,0,0,0,A,A,0,No Deposit,9.0,0,Transient,130.0,0,0
City Hotel,1,158,2017,August,31,4,0,2,2,0.0,0,SC,IRL,Online TA,TA/TO,0,0,0,A,A,0,No Deposit,9.0,0,Transient,125.0,0,0
City Hotel,1,195,2017,August,31,4,0,2,2,0.0,0,SC,GBR,Online TA,TA/TO,0,0,0,A,A,0,No Deposit,9.0,0,Transient,118.75,0,0
City Hotel,1,78,2017,August,31,4,1,2,2,0.0,0,BB,BEL,Direct,Direct,0,0,0,A,A,0,No Deposit,14.0,0,Transient,117.0,0,1
City Hotel,1,81,2017,August,31,4,2,2,2,0.0,0,SC,CHE,Online TA,TA/TO,0,0,0,A,A,0,No Deposit,9.0,0,Transient,125.0,0,1
City Hotel,1,49,2017,August,31,4,2,2,2,0.0,0,BB,BRA,Online TA,TA/TO,0,0,0,A,A,0,No Deposit,9.0,0,Transient,160.0,0,1
City Hotel,1,210,2017,August,31,4,2,3,2,0.0,0,BB,GBR,Online TA,TA/TO,0,0,0,A,A,0,No Deposit,9.0,0,Transient,130.5,0,1
City Hotel,1,178,2017,August,31,4,2,3,2,0.0,0,SC,PRT,Online TA,TA/TO,0,0,0,A,A,0,No Deposit,8.0,0,Transient,112.5,0,1
City Hotel,1,79,2017,August,31,4,2,3,2,0.0,0,SC,ESP,Online TA,TA/TO,0,0,0,A,A,0,No Deposit,9.0,0,Transient,130.0,0,2
City Hotel,1,210,2017,August,31,4,2,3,2,0.0,0,SC,GBR,Online TA,TA/TO,0,0,0,A,A,0,No Deposit,9.0,0,Transient,112.5,0,1
City Hotel,1,54,2017,August,31,4,2,4,2,0.0,0,SC,GBR,Online TA,TA/TO,0,0,0,A,A,0,No Deposit,9.0,0,Transient,140.0,0,1
City Hotel,1,198,2017,August,31,4,2,5,2,0.0,0,BB,GBR,Online TA,TA/TO,0,0,0,A,A,0,No Deposit,9.0,0,Transient,130.5,0,0
City Hotel,1,198,2017,August,31,4,2,5,2,0.0,0,BB,GBR,Online TA,TA/TO,0,0,0,A,A,0,No Deposit,9.0,0,Transient,130.5,0,0
City Hotel,1,191,2017,August,31,5,1,1,2,0.0,0,BB,USA,Online TA,TA/TO,0,0,0,D,D,5,No Deposit,9.0,0,Transient,139.5,0,0
City Hotel,1,170,2017,August,31,5,1,1,2,0.0,0,BB,USA,Online TA,TA/TO,0,0,0,D,D,3,No Deposit,9.0,0,Transient,139.5,0,0
City Hotel,1,191,2017,August,31,5,1,1,2,0.0,0,BB,USA,Online TA,TA/TO,0,0,0,D,D,3,No Deposit,9.0,0,Transient,139.5,0,0
City Hotel,1,191,2017,August,31,5,1,1,2,0.0,0,BB,USA,Online TA,TA/TO,0,0,0,D,D,3,No Deposit,9.0,0,Transient,139.5,0,0
City Hotel,1,223,2017,August,31,5,2,1,2,0.0,0,BB,RUS,Online TA,TA/TO,0,0,0,A,A,0,No Deposit,9.0,0,Transient,130.5,0,0
City Hotel,1,223,2017,August,31,5,2,1,2,0.0,0,HB,RUS,Online TA,TA/TO,0,0,0,A,A,0,No Deposit,9.0,0,Transient,166.5,0,1
City Hotel,1,98,2017,August,31,5,2,1,2,0.0,0,BB,CN,Online TA,TA/TO,0,0,0,D,D,0,No Deposit,9.0,0,Transient,155.0,0,1
City Hotel,1,62,2017,August,31,5,2,1,2,0.0,0,BB,ESP,Direct,Direct,0,0,0,A,A,0,No Deposit,14.0,0,Transient,135.0,0,0
City Hotel,1,72,2017,August,31,5,2,1,2,0.0,0,BB,PRT,Online TA,TA/TO,0,0,0,A,A,0,No Deposit,7.0,0,Transient,150.0,0,1
City Hotel,1,49,2017,August,31,5,2,2,2,0.0,0,SC,FRA,Online TA,TA/TO,0,0,0,A,A,0,No Deposit,9.0,0,Transient,140.0,0,1
City Hotel,1,63,2017,August,31,5,2,3,2,0.0,0,BB,DNK,Online TA,TA/TO,0,0,0,A,A,0,No Deposit,9.0,0,Transient,160.0,0,1
City Hotel,1,120,2017,August,31,5,2,3,2,0.0,0,BB,PRT,Online TA,TA/TO,0,0,0,D,D,0,No Deposit,85.0,0,Transient,111.6,0,0
City Hotel,1,146,2017,August,31,5,2,4,2,0.0,0,BB,ITA,Online TA,TA/TO,0,0,0,A,A,0,No Deposit,9.0,0,Transient,135.33,0,0
City Hotel,1,139,2017,August,31,5,2,5,2,0.0,0,SC,FRA,Online TA,TA/TO,0,0,0,A,A,0,No Deposit,9.0,0,Transient,125.0,0,0
City Hotel,1,139,2017,August,31,5,2,5,2,0.0,0,BB,FRA,Online TA,TA/TO,0,0,0,D,D,0,No Deposit,9.0,0,Transient,139.5,0,0
City Hotel,1,265,2017,August,31,5,3,6,2,0.0,0,SC,PRT,Online TA,TA/TO,0,0,0,A,A,0,No Deposit,7.0,0,Transient,89.1,0,0
City Hotel,1,265,2017,August,31,5,3,6,2,0.0,0,SC,PRT,Online TA,TA/TO,0,0,0,A,A,0,No Deposit,7.0,0,Transient,89.1,0,0
City Hotel,1,103,2017,August,32,6,2,0,2,0.0,0,BB,CN,Online TA,TA/TO,0,0,0,E,E,3,No Deposit,9.0,0,Transient,234.0,0,1
City Hotel,1,258,2017,August,32,6,2,0,2,0.0,0,SC,BEL,Online TA,TA/TO,0,0,0,A,A,0,No Deposit,9.0,0,Transient,89.1,0,0
City Hotel,1,333,2017,August,32,6,2,1,2,0.0,0,SC,IRL,Online TA,TA/TO,0,0,0,A,A,0,No Deposit,9.0,0,Transient,89.1,0,1
City Hotel,1,262,2017,August,32,6,2,1,2,0.0,0,BB,FRA,Online TA,TA/TO,0,0,0,A,A,0,No Deposit,9.0,0,Transient,107.1,0,2
City Hotel,1,172,2017,August,32,6,2,2,2,0.0,0,SC,BRA,Online TA,TA/TO,0,0,0,A,A,0,No Deposit,9.0,0,Transient,115.63,0,0
City Hotel,1,22,2017,August,32,6,2,3,2,0.0,0,BB,ESP,Online TA,TA/TO,0,0,0,A,A,0,No Deposit,9.0,0,Transient,180.0,0,2
City Hotel,1,127,2017,August,32,6,2,3,2,0.0,0,BB,FRA,Online TA,TA/TO,0,0,0,D,D,0,No Deposit,9.0,0,Transient,155.0,0,2
City Hotel,1,22,2017,August,32,6,2,3,2,0.0,0,BB,ESP,Online TA,TA/TO,0,0,0,D,D,0,No Deposit,9.0,0,Transient,190.0,0,2
City Hotel,1,181,2017,August,32,6,2,3,2,0.0,0,SC,ITA,Online TA,TA/TO,0,0,0,A,A,0,No Deposit,9.0,0,Transient,112.5,0,0
City Hotel,1,87,2017,August,32,6,2,3,2,0.0,0,BB,FRA,Online TA,TA/TO,0,0,0,D,D,0,No Deposit,9.0,0,Transient,155.0,0,1
City Hotel,1,265,2017,August,32,6,2,4,2,0.0,0,SC,ITA,Online TA,TA/TO,0,0,0,A,A,0,No Deposit,9.0,0,Transient,89.1,0,1
City Hotel,1,318,2017,August,32,6,2,5,2,0.0,0,BB,PRT,Offline TA/TO,TA/TO,0,0,0,A,A,0,No Deposit,262.0,0,Transient,80.1,0,0
City Hotel,1,335,2017,August,32,6,2,5,2,0.0,0,SC,FRA,Online TA,TA/TO,0,0,0,A,A,0,No Deposit,9.0,0,Transient,89.1,0,3
City Hotel,1,172,2017,August,32,6,4,10,2,0.0,0,SC,USA,Online TA,TA/TO,0,0,0,A,A,0,No Deposit,9.0,0,Transient,113.32,0,0
City Hotel,1,0,2017,August,32,7,1,0,2,0.0,0,SC,FRA,Online TA,TA/TO,0,0,0,A,A,0,No Deposit,9.0,0,Transient,140.0,0,0
City Hotel,1,48,2017,August,32,7,1,0,2,0.0,0,BB,FRA,Online TA,TA/TO,0,0,0,A,A,0,No Deposit,9.0,0,Transient,160.0,0,0
City Hotel,1,123,2017,August,32,7,1,1,2,0.0,0,SC,DEU,Online TA,TA/TO,0,0,0,A,A,0,No Deposit,9.0,0,Transient,125.0,0,0
City Hotel,1,150,2017,August,32,7,1,1,2,0.0,0,BB,BEL,Online TA,TA/TO,0,0,0,A,A,0,No Deposit,9.0,0,Transient,130.5,0,0
City Hotel,1,123,2017,August,32,7,1,1,2,0.0,0,SC,DEU,Online TA,TA/TO,0,0,0,A,A,0,No Deposit,9.0,0,Transient,125.0,0,1
City Hotel,1,112,2017,August,32,7,1,1,2,0.0,0,SC,BEL,Online TA,TA/TO,0,0,0,A,A,0,No Deposit,9.0,0,Transient,125.0,0,1
City Hotel,1,150,2017,August,32,7,1,1,2,0.0,0,BB,BEL,Online TA,TA/TO,0,0,0,A,A,0,No Deposit,9.0,0,Transient,130.5,0,0
City Hotel,1,7,2017,August,32,7,1,1,2,0.0,0,BB,GBR,Online TA,TA/TO,0,0,0,D,D,0,No Deposit,9.0,0,Transient,190.0,0,0
City Hotel,1,78,2017,August,32,7,1,2,2,0.0,0,BB,FRA,Online TA,TA/TO,0,0,0,A,A,2,No Deposit,9.0,0,Transient,136.67,0,0
City Hotel,1,89,2017,August,32,7,1,2,2,0.0,0,BB,SWE,Online TA,TA/TO,0,0,0,A,A,0,No Deposit,9.0,0,Transient,145.0,0,0
City Hotel,1,179,2017,August,32,7,1,2,2,0.0,0,BB,FRA,Online TA,TA/TO,0,0,0,A,A,0,No Deposit,9.0,0,Transient,130.5,0,0
City Hotel,1,115,2017,August,32,7,1,2,2,0.0,0,BB,ESP,Online TA,TA/TO,0,0,0,D,D,0,No Deposit,9.0,0,Transient,155.0,0,1
City Hotel,1,0,2017,August,32,7,1,2,2,0.0,0,BB,PRT,Direct,Direct,0,0,0,D,D,0,No Deposit,,0,Transient,150.0,0,0
City Hotel,1,111,2017,August,32,7,1,3,2,0.0,0,HB,ITA,Online TA,TA/TO,0,0,0,A,A,0,No Deposit,9.0,0,Transient,183.0,0,3
City Hotel,1,281,2017,August,32,7,1,3,2,0.0,0,BB,MAR,Online TA,TA/TO,0,0,0,A,A,0,No Deposit,9.0,0,Transient,107.1,0,1
City Hotel,1,111,2017,August,32,7,1,3,2,0.0,0,HB,ITA,Online TA,TA/TO,0,0,0,A,A,0,No Deposit,9.0,0,Transient,183.0,0,3
City Hotel,1,194,2017,August,32,7,1,3,2,0.0,0,SC,GBR,Online TA,TA/TO,0,0,0,A,A,0,No Deposit,9.0,0,Transient,112.5,0,1
City Hotel,1,274,2017,August,32,7,1,3,2,0.0,0,HB,FRA,Online TA,TA/TO,0,0,0,A,A,0,No Deposit,9.0,0,Transient,141.3,0,1
City Hotel,1,104,2017,August,32,7,1,3,2,0.0,0,BB,MAR,Direct,Direct,0,0,0,A,A,0,No Deposit,,0,Transient,107.1,0,1
City Hotel,1,15,2017,August,32,7,1,3,2,0.0,0,BB,NLD,Direct,Direct,0,0,0,A,A,0,No Deposit,14.0,0,Transient,175.0,0,0
City Hotel,1,257,2017,August,32,7,1,4,2,0.0,0,SC,ITA,Online TA,TA/TO,0,0,0,A,A,0,No Deposit,9.0,0,Transient,89.1,0,0
City Hotel,1,14,2017,August,32,7,1,4,2,0.0,0,BB,CHE,Direct,Direct,0,0,0,A,A,1,No Deposit,14.0,0,Transient,170.0,0,0
City Hotel,1,160,2017,August,32,7,2,5,2,0.0,0,BB,PRT,Online TA,TA/TO,0,0,0,A,A,0,No Deposit,9.0,0,Transient,139.5,0,0
City Hotel,1,21,2017,August,32,7,2,5,2,0.0,0,SC,PHL,Online TA,TA/TO,0,0,0,A,A,0,No Deposit,9.0,0,Transient,160.0,0,1
City Hotel,1,35,2017,August,32,8,0,1,2,0.0,0,BB,PRT,Offline TA/TO,TA/TO,0,0,0,A,A,0,No Deposit,229.0,0,Transient-Party,90.0,0,0
City Hotel,1,478,2017,August,32,8,0,1,2,0.0,0,BB,PRT,Offline TA/TO,TA/TO,0,0,0,A,A,0,Non Refund,229.0,0,Transient,90.0,0,0
City Hotel,1,478,2017,August,32,8,0,1,2,0.0,0,BB,PRT,Offline TA/TO,TA/TO,0,0,0,A,A,0,Non Refund,229.0,0,Transient,90.0,0,0
City Hotel,1,478,2017,August,32,8,0,1,2,0.0,0,BB,PRT,Offline TA/TO,TA/TO,0,0,0,A,A,0,Non Refund,229.0,0,Transient,90.0,0,0
City Hotel,1,120,2017,August,32,8,0,1,2,0.0,0,BB,PRT,Groups,TA/TO,0,0,0,A,A,0,No Deposit,30.0,0,Transient-Party,114.75,0,2
City Hotel,1,478,2017,August,32,8,0,1,2,0.0,0,BB,PRT,Offline TA/TO,TA/TO,0,0,0,A,A,0,Non Refund,229.0,0,Transient,90.0,0,0
City Hotel,1,120,2017,August,32,8,0,1,2,0.0,0,BB,PRT,Groups,TA/TO,0,0,0,A,A,0,No Deposit,30.0,0,Transient-Party,114.75,0,2
City Hotel,1,478,2017,August,32,8,0,1,2,0.0,0,BB,PRT,Offline TA/TO,TA/TO,0,0,0,A,A,0,Non Refund,229.0,0,Transient,90.0,0,0
City Hotel,1,478,2017,August,32,8,0,1,2,0.0,0,BB,PRT,Offline TA/TO,TA/TO,0,0,0,A,A,0,Non Refund,229.0,0,Transient,90.0,0,0
City Hotel,1,478,2017,August,32,8,0,1,2,0.0,0,BB,PRT,Offline TA/TO,TA/TO,0,0,0,A,A,0,Non Refund,229.0,0,Transient,90.0,0,0
City Hotel,1,478,2017,August,32,8,0,1,2,0.0,0,BB,PRT,Offline TA/TO,TA/TO,0,0,0,A,A,0,Non Refund,229.0,0,Transient,90.0,0,0
City Hotel,1,158,2017,August,32,8,0,2,2,0.0,0,SC,USA,Online TA,TA/TO,0,0,0,A,A,0,No Deposit,9.0,0,Transient,118.75,0,1
City Hotel,1,86,2017,August,32,8,0,2,2,0.0,0,BB,ITA,Online TA,TA/TO,0,0,0,A,A,0,No Deposit,9.0,0,Transient,145.0,0,2
City Hotel,1,478,2017,August,32,8,0,1,2,0.0,0,BB,PRT,Offline TA/TO,TA/TO,0,0,0,A,A,0,Non Refund,229.0,0,Transient,90.0,0,0
City Hotel,1,478,2017,August,32,8,0,1,2,0.0,0,BB,PRT,Offline TA/TO,TA/TO,0,0,0,A,A,0,Non Refund,229.0,0,Transient,90.0,0,0
City Hotel,1,35,2017,August,32,8,0,1,2,0.0,0,BB,PRT,Offline TA/TO,TA/TO,0,0,0,A,A,0,No Deposit,229.0,0,Transient-Party,90.0,0,0
City Hotel,1,187,2017,August,32,8,0,2,2,0.0,0,HB,FRA,Online TA,TA/TO,0,0,0,A,A,0,No Deposit,9.0,0,Transient,166.5,0,0
City Hotel,1,30,2017,August,32,8,0,2,2,0.0,0,BB,FRA,Online TA,TA/TO,0,0,0,A,A,0,No Deposit,9.0,0,Transient,180.0,0,2
City Hotel,1,86,2017,August,32,8,0,2,2,0.0,0,BB,ITA,Online TA,TA/TO,0,0,0,A,A,0,No Deposit,9.0,0,Transient,145.0,0,2
City Hotel,1,174,2017,August,32,8,0,3,2,0.0,0,BB,PRT,Offline TA/TO,TA/TO,0,0,0,A,A,0,No Deposit,52.0,0,Transient,80.1,0,0
City Hotel,1,174,2017,August,32,8,0,3,2,0.0,0,BB,PRT,Offline TA/TO,TA/TO,0,0,0,A,A,0,No Deposit,23.0,0,Transient,80.1,0,0
City Hotel,1,161,2017,August,32,8,0,3,2,0.0,0,HB,FRA,Online TA,TA/TO,0,0,0,A,A,0,No Deposit,9.0,0,Transient,164.7,0,0
City Hotel,1,169,2017,August,32,8,0,4,2,0.0,0,BB,FRA,Online TA,TA/TO,0,0,0,D,D,0,No Deposit,9.0,0,Transient,139.5,0,0
City Hotel,1,239,2017,August,32,8,0,4,2,0.0,0,BB,DEU,Online TA,TA/TO,0,0,0,A,A,0,No Deposit,9.0,0,Transient,130.5,0,0
City Hotel,1,275,2017,August,32,8,0,4,2,0.0,0,SC,FRA,Online TA,TA/TO,0,0,0,A,A,0,No Deposit,9.0,0,Transient,89.1,0,2
City Hotel,1,170,2017,August,32,8,0,4,2,0.0,0,BB,FRA,Online TA,TA/TO,0,0,0,D,D,0,No Deposit,9.0,0,Transient,175.5,0,0
City Hotel,1,324,2017,August,32,8,0,5,2,0.0,0,BB,ESP,Online TA,TA/TO,0,0,0,A,A,0,No Deposit,9.0,0,Transient,107.1,0,2
City Hotel,1,185,2017,August,32,8,0,5,2,0.0,0,HB,FRA,Online TA,TA/TO,0,0,0,A,A,0,No Deposit,9.0,0,Transient,164.7,0,0
City Hotel,1,324,2017,August,32,8,0,5,2,0.0,0,BB,ESP,Online TA,TA/TO,0,0,0,A,A,0,No Deposit,9.0,0,Transient,107.1,0,2
City Hotel,1,364,2017,August,32,8,2,5,2,0.0,0,HB,PRT,Offline TA/TO,TA/TO,0,0,0,A,A,0,No Deposit,28.0,0,Transient,116.0,0,0
City Hotel,1,66,2017,August,32,8,2,5,2,0.0,0,BB,PRT,Offline TA/TO,TA/TO,0,0,0,A,A,0,No Deposit,16.0,0,Transient,80.1,0,0
City Hotel,1,216,2017,August,32,8,2,6,2,0.0,0,BB,AUS,Online TA,TA/TO,0,0,0,A,A,0,No Deposit,9.0,0,Transient,130.5,0,0
City Hotel,1,180,2017,August,32,8,2,6,2,0.0,0,HB,AUT,Online TA,TA/TO,0,0,0,E,E,0,No Deposit,9.0,0,Transient,223.0,0,1
City Hotel,1,201,2017,August,32,8,2,8,2,0.0,0,BB,ITA,Online TA,TA/TO,0,0,0,E,E,0,No Deposit,9.0,0,Transient,166.5,0,0
City Hotel,1,0,2017,August,32,9,0,1,2,0.0,0,BB,PRT,Direct,Direct,0,0,0,A,A,1,No Deposit,,0,Transient,150.0,0,1
City Hotel,1,278,2017,August,32,9,0,1,2,0.0,0,BB,DEU,Online TA,TA/TO,0,0,0,D,D,0,No Deposit,9.0,0,Transient,120.6,0,1
City Hotel,1,0,2017,August,32,9,0,1,2,0.0,0,SC,ZAF,Online TA,TA/TO,0,0,0,A,A,0,No Deposit,9.0,0,Transient,160.0,0,2
City Hotel,1,22,2017,August,32,9,0,1,2,0.0,0,SC,FRA,Online TA,TA/TO,0,0,0,A,A,0,No Deposit,9.0,0,Transient,160.0,0,2
City Hotel,1,28,2017,August,32,9,0,2,2,0.0,0,BB,CHN,Online TA,TA/TO,0,0,0,D,D,0,No Deposit,9.0,0,Transient,190.0,0,0
City Hotel,1,28,2017,August,32,9,0,2,2,0.0,0,BB,CHN,Online TA,TA/TO,0,0,0,D,D,0,No Deposit,9.0,0,Transient,190.0,0,0
City Hotel,1,102,2017,August,32,9,0,2,2,0.0,0,HB,ESP,Online TA,TA/TO,0,0,0,A,A,0,No Deposit,9.0,0,Transient,183.0,0,1
City Hotel,1,195,2017,August,32,9,0,2,2,0.0,0,SC,ESP,Online TA,TA/TO,0,0,0,A,A,0,No Deposit,9.0,0,Transient,112.5,0,1
City Hotel,1,6,2017,August,32,9,0,3,2,0.0,0,BB,FRA,Direct,Direct,0,0,0,A,A,0,No Deposit,14.0,0,Transient,144.0,0,1
City Hotel,1,36,2017,August,32,9,0,3,2,0.0,0,BB,PRT,Offline TA/TO,TA/TO,0,0,0,A,A,1,No Deposit,229.0,0,Transient-Party,112.67,0,0
City Hotel,1,479,2017,August,32,9,0,3,2,0.0,0,BB,PRT,Offline TA/TO,TA/TO,0,0,0,A,A,0,No Deposit,229.0,0,Transient-Party,112.67,0,1
City Hotel,1,7,2017,August,32,9,0,3,2,0.0,0,BB,PRT,Direct,Direct,0,0,0,A,A,0,No Deposit,14.0,0,Transient,199.0,0,4
City Hotel,1,479,2017,August,32,9,0,3,2,0.0,0,BB,PRT,Offline TA/TO,TA/TO,0,0,0,A,A,1,No Deposit,229.0,0,Transient-Party,112.67,0,0
City Hotel,1,269,2017,August,32,9,0,3,2,0.0,0,HB,ESP,Online TA,TA/TO,0,0,0,D,D,2,No Deposit,9.0,0,Transient,160.53,0,0
City Hotel,1,268,2017,August,32,9,0,3,2,0.0,0,HB,ESP,Online TA,TA/TO,0,0,0,D,D,0,No Deposit,9.0,0,Transient,154.8,0,2
City Hotel,1,28,2017,August,32,9,0,3,2,0.0,0,SC,USA,Online TA,TA/TO,0,0,0,A,A,0,No Deposit,9.0,0,Transient,160.0,0,1
City Hotel,1,479,2017,August,32,9,0,3,2,0.0,0,BB,PRT,Offline TA/TO,TA/TO,0,0,0,A,A,0,No Deposit,229.0,0,Transient-Party,112.67,0,0
City Hotel,1,6,2017,August,32,9,0,3,2,0.0,0,BB,FRA,Direct,Direct,0,0,0,A,A,0,No Deposit,14.0,0,Transient,144.0,0,1
City Hotel,1,128,2017,August,32,9,0,4,2,0.0,0,SC,USA,Online TA,TA/TO,0,0,0,A,A,1,No Deposit,9.0,0,Transient,125.0,0,1
City Hotel,1,191,2017,August,32,9,0,4,2,0.0,0,SC,RUS,Online TA,TA/TO,0,0,0,A,A,0,No Deposit,9.0,0,Transient,112.5,0,2
City Hotel,1,191,2017,August,32,9,0,4,2,0.0,0,SC,RUS,Online TA,TA/TO,0,0,0,A,A,0,No Deposit,9.0,0,Transient,112.5,0,1
City Hotel,1,128,2017,August,32,9,0,4,2,0.0,0,SC,USA,Online TA,TA/TO,0,0,0,A,A,1,No Deposit,9.0,0,Transient,125.0,0,1
City Hotel,1,148,2017,August,32,9,0,4,2,0.0,0,SC,PRT,Offline TA/TO,TA/TO,0,0,0,A,A,0,No Deposit,85.0,0,Transient,71.1,0,1
City Hotel,1,191,2017,August,32,9,0,4,2,0.0,0,SC,RUS,Online TA,TA/TO,0,0,0,A,A,0,No Deposit,9.0,0,Transient,112.5,0,1
City Hotel,1,42,2017,August,32,9,0,4,2,0.0,0,SC,ARG,Online TA,TA/TO,0,0,0,A,A,0,No Deposit,9.0,0,Transient,140.0,0,0
City Hotel,1,43,2017,August,32,9,1,4,2,0.0,0,SC,NLD,Online TA,TA/TO,0,0,0,A,A,0,No Deposit,9.0,0,Transient,140.0,0,1
City Hotel,1,226,2017,August,32,9,2,4,2,0.0,0,SC,DEU,Online TA,TA/TO,0,0,0,A,A,0,No Deposit,9.0,0,Transient,112.5,0,1
City Hotel,1,121,2017,August,32,9,2,5,2,0.0,0,SC,GBR,Online TA,TA/TO,0,0,0,A,A,0,No Deposit,9.0,0,Transient,125.0,0,2
City Hotel,1,0,2017,August,32,10,0,1,2,0.0,0,BB,PRT,Direct,Direct,0,0,0,A,A,0,No Deposit,,0,Transient,12.0,0,0
City Hotel,1,167,2017,August,32,10,0,1,2,0.0,0,BB,CN,Online TA,TA/TO,0,0,0,A,A,0,No Deposit,9.0,0,Transient,130.5,0,0
City Hotel,1,180,2017,August,32,10,0,1,2,0.0,0,BB,ESP,Online TA,TA/TO,0,0,0,D,D,0,No Deposit,9.0,0,Transient,175.5,0,0
City Hotel,1,186,2017,August,32,10,0,2,2,0.0,0,SC,ESP,Online TA,TA/TO,0,0,0,A,A,0,No Deposit,9.0,0,Transient,112.5,0,0
City Hotel,1,45,2017,August,32,10,0,2,2,0.0,0,SC,GBR,Online TA,TA/TO,0,0,0,A,A,0,No Deposit,9.0,0,Transient,140.0,0,2
City Hotel,1,164,2017,August,32,10,0,3,2,0.0,0,BB,DEU,Online TA,TA/TO,0,0,0,A,A,0,No Deposit,9.0,0,Transient,130.5,0,0
City Hotel,1,152,2017,August,32,10,0,3,2,0.0,0,BB,IRL,Online TA,TA/TO,0,0,0,A,A,0,No Deposit,9.0,0,Transient,130.5,0,0
City Hotel,1,184,2017,August,32,10,0,3,2,0.0,0,HB,FRA,Online TA,TA/TO,0,0,0,A,A,2,No Deposit,9.0,0,Transient,164.7,0,0
City Hotel,1,125,2017,August,32,10,0,3,2,0.0,0,BB,PRT,Online TA,TA/TO,0,0,0,D,D,0,No Deposit,83.0,0,Transient,114.39,0,0
City Hotel,1,125,2017,August,32,10,0,3,2,0.0,0,BB,PRT,Online TA,TA/TO,0,0,0,D,D,0,No Deposit,83.0,0,Transient,114.39,0,0
City Hotel,1,109,2017,August,32,10,0,3,2,0.0,0,SC,RUS,Online TA,TA/TO,0,0,0,A,A,2,No Deposit,9.0,0,Transient,125.0,0,1
City Hotel,1,125,2017,August,32,10,0,3,2,0.0,0,BB,PRT,Online TA,TA/TO,0,0,0,D,D,0,No Deposit,83.0,0,Transient,114.39,0,0
City Hotel,1,55,2017,August,32,10,0,3,2,0.0,0,SC,ESP,Online TA,TA/TO,0,0,0,A,A,0,No Deposit,9.0,0,Transient,140.0,0,1
City Hotel,1,125,2017,August,32,10,0,3,2,0.0,0,BB,PRT,Online TA,TA/TO,0,0,0,D,D,0,No Deposit,83.0,0,Transient,114.39,0,0
City Hotel,1,184,2017,August,32,10,0,3,2,0.0,0,HB,FRA,Online TA,TA/TO,0,0,0,D,D,1,No Deposit,9.0,0,Transient,226.8,0,0
City Hotel,1,152,2017,August,32,10,0,3,2,0.0,0,BB,IRL,Online TA,TA/TO,0,0,0,A,A,0,No Deposit,9.0,0,Transient,130.5,0,0
City Hotel,1,45,2017,August,32,10,0,3,2,0.0,0,BB,CHE,Online TA,TA/TO,0,0,0,D,D,0,No Deposit,9.0,0,Transient,170.0,0,1
City Hotel,1,112,2017,August,32,10,1,3,2,0.0,0,BB,DNK,Online TA,TA/TO,0,0,0,D,D,0,No Deposit,9.0,0,Transient,195.0,0,0
City Hotel,1,256,2017,August,32,10,1,3,2,0.0,0,SC,POL,Online TA,TA/TO,0,0,0,A,A,0,No Deposit,9.0,0,Transient,89.1,0,0
City Hotel,1,94,2017,August,32,10,1,3,2,0.0,0,BB,DNK,Online TA,TA/TO,0,0,0,D,D,1,No Deposit,9.0,0,Transient,155.0,0,0
City Hotel,1,337,2017,August,32,10,1,3,2,0.0,0,BB,GBR,Online TA,TA/TO,0,0,0,A,A,2,No Deposit,9.0,0,Transient,107.1,0,1
City Hotel,1,94,2017,August,32,10,1,3,2,0.0,0,SC,DNK,Online TA,TA/TO,0,0,0,A,A,1,No Deposit,9.0,0,Transient,125.0,0,0
City Hotel,1,22,2017,August,32,10,1,3,2,0.0,0,SC,IRL,Online TA,TA/TO,0,0,0,A,A,0,No Deposit,9.0,0,Transient,160.0,0,1
City Hotel,1,181,2017,August,32,10,2,3,2,0.0,0,BB,PRT,Online TA,TA/TO,0,0,0,E,E,0,No Deposit,83.0,0,Transient,133.2,0,0
City Hotel,1,164,2017,August,32,10,2,4,2,0.0,0,BB,PRT,Offline TA/TO,TA/TO,0,0,0,A,A,0,No Deposit,85.0,0,Transient,80.1,0,0
City Hotel,1,179,2017,August,32,10,2,4,2,0.0,0,SC,FRA,Online TA,TA/TO,0,0,0,A,A,0,No Deposit,9.0,0,Transient,114.58,0,0
City Hotel,1,178,2017,August,32,10,2,5,2,0.0,0,BB,PRT,Offline TA/TO,TA/TO,0,0,0,A,A,0,No Deposit,22.0,0,Transient,75.65,0,1
City Hotel,1,121,2017,August,32,10,2,5,2,0.0,0,BB,BEL,Direct,Direct,0,0,0,A,A,0,No Deposit,14.0,0,Transient,112.5,0,0
City Hotel,1,54,2017,August,32,10,2,6,2,0.0,0,SC,GBR,Online TA,TA/TO,0,0,0,A,A,0,No Deposit,9.0,0,Transient,140.0,0,1
City Hotel,1,109,2017,August,32,10,2,4,2,0.0,0,SC,DEU,Online TA,TA/TO,0,0,0,A,A,0,No Deposit,9.0,0,Transient,125.0,0,1
City Hotel,1,88,2017,August,32,11,0,1,2,0.0,0,BB,AUS,Online TA,TA/TO,0,0,0,D,D,0,No Deposit,9.0,0,Transient,155.0,0,1
City Hotel,1,132,2017,August,32,11,0,1,2,0.0,0,SC,SWE,Online TA,TA/TO,0,0,0,A,A,2,No Deposit,9.0,0,Transient,125.0,0,1
City Hotel,1,264,2017,August,32,11,0,1,2,0.0,0,BB,BEL,Online TA,TA/TO,0,0,0,A,A,0,No Deposit,9.0,0,Transient,116.1,0,0
City Hotel,1,27,2017,August,32,11,0,1,2,0.0,0,SC,USA,Online TA,TA/TO,0,0,0,A,B,1,No Deposit,9.0,0,Transient,160.0,0,1
City Hotel,1,23,2017,August,32,11,0,2,2,0.0,0,BB,FRA,Online TA,TA/TO,0,0,0,A,A,0,No Deposit,9.0,0,Transient,180.0,0,1
City Hotel,1,111,2017,August,32,11,0,2,2,0.0,0,SC,ESP,Online TA,TA/TO,0,0,0,A,A,0,No Deposit,9.0,0,Transient,134.0,0,1
City Hotel,1,118,2017,August,32,11,0,2,2,0.0,0,BB,GBR,Online TA,TA/TO,0,0,0,D,D,0,No Deposit,9.0,0,Transient,155.0,0,1
City Hotel,1,160,2017,August,32,11,1,2,2,0.0,0,SC,DNK,Online TA,TA/TO,0,0,0,A,A,0,No Deposit,9.0,0,Transient,120.83,0,0
City Hotel,1,169,2017,August,32,11,1,2,2,0.0,0,SC,POL,Online TA,TA/TO,0,0,0,A,A,0,No Deposit,9.0,0,Transient,116.67,0,0
City Hotel,1,87,2017,August,32,11,1,2,2,0.0,0,BB,ITA,Online TA,TA/TO,0,0,0,A,A,0,No Deposit,9.0,0,Transient,145.0,0,1
City Hotel,1,187,2017,August,32,11,1,2,2,0.0,0,SC,NLD,Online TA,TA/TO,0,0,0,A,A,0,No Deposit,9.0,0,Transient,112.5,0,0
City Hotel,1,257,2017,August,32,11,2,2,2,0.0,0,SC,EGY,Online TA,TA/TO,0,0,0,A,A,0,No Deposit,9.0,0,Transient,89.1,0,1
City Hotel,1,29,2017,August,32,11,2,2,2,0.0,0,SC,MAR,Online TA,TA/TO,0,0,0,A,A,0,No Deposit,9.0,0,Transient,160.0,0,0
City Hotel,1,160,2017,August,32,11,1,2,2,0.0,0,SC,DNK,Online TA,TA/TO,0,0,0,A,A,0,No Deposit,9.0,0,Transient,120.83,0,0
City Hotel,1,237,2017,August,32,11,2,2,2,0.0,0,BB,DEU,Online TA,TA/TO,0,0,0,A,A,0,No Deposit,9.0,0,Transient,130.5,0,1
City Hotel,1,29,2017,August,32,11,2,2,2,0.0,0,BB,MAR,Online TA,TA/TO,0,0,0,D,D,0,No Deposit,9.0,0,Transient,199.0,0,0
City Hotel,1,144,2017,August,32,11,2,2,2,0.0,0,BB,ITA,Online TA,TA/TO,0,0,0,A,A,0,No Deposit,9.0,0,Transient,130.5,0,0
City Hotel,1,260,2017,August,32,11,2,2,2,0.0,0,BB,BEL,Online TA,TA/TO,0,0,0,A,A,0,No Deposit,9.0,0,Transient,107.1,0,0
City Hotel,1,170,2017,August,32,11,2,2,2,0.0,0,BB,FRA,Online TA,TA/TO,0,0,0,D,D,0,No Deposit,9.0,0,Transient,175.5,0,0
City Hotel,1,43,2017,August,32,11,2,5,2,0.0,0,BB,IRL,Online TA,TA/TO,0,0,0,A,A,0,No Deposit,9.0,0,Transient,160.0,0,2
City Hotel,1,288,2017,August,32,11,2,5,2,0.0,0,BB,FRA,Online TA,TA/TO,0,0,0,A,A,0,No Deposit,9.0,0,Transient,107.1,0,2
City Hotel,1,0,2017,August,32,12,0,1,2,0.0,0,BB,PRT,Direct,Direct,0,0,0,D,D,0,No Deposit,14.0,0,Transient,219.0,0,0
City Hotel,1,140,2017,August,32,12,1,1,2,0.0,0,SC,ITA,Online TA,TA/TO,0,0,0,A,A,0,No Deposit,9.0,0,Transient,125.0,0,0
City Hotel,1,197,2017,August,32,12,2,1,2,0.0,0,BB,USA,Direct,Direct,0,0,0,A,A,0,No Deposit,14.0,0,Transient,112.5,0,0
City Hotel,1,197,2017,August,32,12,2,1,2,0.0,0,BB,USA,Direct,Direct,0,0,0,A,A,0,No Deposit,14.0,0,Transient,112.5,0,0
City Hotel,1,251,2017,August,32,12,2,1,2,0.0,0,SC,USA,Online TA,TA/TO,0,0,0,A,A,0,No Deposit,9.0,0,Transient,112.5,0,2
City Hotel,1,143,2017,August,32,12,2,1,2,0.0,0,BB,BEL,Online TA,TA/TO,0,0,0,A,A,0,No Deposit,9.0,0,Transient,130.5,0,0
City Hotel,1,189,2017,August,32,12,2,1,2,0.0,0,BB,FRA,Online TA,TA/TO,0,0,0,D,D,0,No Deposit,9.0,0,Transient,139.5,0,0
City Hotel,1,504,2017,August,32,12,2,1,2,0.0,0,BB,PRT,Offline TA/TO,TA/TO,0,0,0,A,A,0,No Deposit,229.0,0,Transient-Party,90.0,0,0
City Hotel,1,504,2017,August,32,12,2,1,2,0.0,0,BB,PRT,Offline TA/TO,TA/TO,0,0,0,A,A,0,No Deposit,229.0,0,Transient-Party,90.0,0,0
City Hotel,1,504,2017,August,32,12,2,1,2,0.0,0,BB,PRT,Offline TA/TO,TA/TO,0,0,0,A,A,0,No Deposit,229.0,0,Transient-Party,90.0,0,0
City Hotel,1,143,2017,August,32,12,2,1,2,0.0,0,BB,BEL,Online TA,TA/TO,0,0,0,A,A,0,No Deposit,9.0,0,Transient,130.5,0,0
City Hotel,1,27,2017,August,32,12,2,1,2,0.0,0,SC,FRA,Online TA,TA/TO,0,0,0,A,A,0,No Deposit,9.0,0,Transient,160.0,0,1
City Hotel,1,504,2017,August,32,12,2,1,2,0.0,0,BB,PRT,Offline TA/TO,TA/TO,0,0,0,A,A,0,No Deposit,229.0,0,Transient-Party,90.0,0,0
City Hotel,1,172,2017,August,32,12,2,2,2,0.0,0,BB,GBR,Online TA,TA/TO,0,0,0,A,A,0,No Deposit,9.0,0,Transient,130.5,0,1
City Hotel,1,115,2017,August,32,12,2,2,2,0.0,0,SC,LUX,Online TA,TA/TO,0,0,0,A,A,0,No Deposit,9.0,0,Transient,125.0,0,1
City Hotel,1,30,2017,August,32,12,2,2,2,0.0,0,BB,ESP,Online TA,TA/TO,0,0,0,A,A,0,No Deposit,9.0,0,Transient,180.0,0,1
City Hotel,1,283,2017,August,32,12,2,2,2,0.0,0,BB,ITA,Online TA,TA/TO,0,0,0,A,A,0,No Deposit,9.0,0,Transient,107.1,0,0
City Hotel,1,115,2017,August,32,12,2,2,2,0.0,0,BB,LUX,Online TA,TA/TO,0,0,0,D,D,0,No Deposit,9.0,0,Transient,155.0,0,2
City Hotel,1,283,2017,August,32,12,2,2,2,0.0,0,BB,ITA,Online TA,TA/TO,0,0,0,A,A,0,No Deposit,9.0,0,Transient,107.1,0,0
City Hotel,1,153,2017,August,32,12,2,2,2,0.0,0,BB,GBR,Online TA,TA/TO,0,0,0,A,A,0,No Deposit,9.0,0,Transient,130.5,0,0
City Hotel,1,50,2017,August,32,12,2,2,2,0.0,0,SC,GBR,Online TA,TA/TO,0,0,0,A,A,0,No Deposit,9.0,0,Transient,140.0,0,2
City Hotel,1,289,2017,August,32,12,2,2,2,0.0,0,SC,PRT,Online TA,TA/TO,0,0,0,A,A,0,No Deposit,8.0,0,Transient,89.1,0,1
City Hotel,1,172,2017,August,32,12,2,2,2,0.0,0,BB,GBR,Online TA,TA/TO,0,0,0,D,D,2,No Deposit,9.0,0,Transient,139.5,0,1
City Hotel,1,102,2017,August,32,12,2,2,2,0.0,0,SC,GBR,Online TA,TA/TO,0,0,0,A,A,0,No Deposit,9.0,0,Transient,125.0,0,0
City Hotel,1,123,2017,August,32,12,2,3,2,0.0,0,HB,PRT,Online TA,TA/TO,0,0,0,D,D,0,No Deposit,7.0,0,Transient,146.68,0,1
City Hotel,1,160,2017,August,32,12,2,3,2,0.0,0,SC,RUS,Online TA,TA/TO,0,0,0,A,A,0,No Deposit,9.0,0,Transient,115.0,0,0
City Hotel,1,167,2017,August,32,12,2,3,2,0.0,0,BB,ITA,Online TA,TA/TO,0,0,0,A,A,0,No Deposit,9.0,0,Transient,130.5,0,0
City Hotel,1,125,2017,August,32,12,2,3,2,0.0,0,HB,ITA,Online TA,TA/TO,0,0,0,D,D,0,No Deposit,9.0,0,Transient,193.0,0,2
City Hotel,1,125,2017,August,32,12,2,3,2,0.0,0,HB,ITA,Online TA,TA/TO,0,0,0,D,D,0,No Deposit,9.0,0,Transient,193.0,0,2
City Hotel,1,154,2017,August,32,12,2,3,2,0.0,0,BB,RUS,Direct,Direct,0,0,0,A,A,0,No Deposit,14.0,0,Transient,112.5,0,0
City Hotel,1,51,2017,August,32,12,2,4,2,0.0,0,SC,GBR,Online TA,TA/TO,0,0,0,A,A,0,No Deposit,9.0,0,Transient,140.0,0,2
City Hotel,1,51,2017,August,32,12,2,4,2,0.0,0,SC,GBR,Online TA,TA/TO,0,0,0,A,A,0,No Deposit,9.0,0,Transient,140.0,0,3
City Hotel,1,118,2017,August,32,12,2,5,2,0.0,0,HB,MAR,Online TA,TA/TO,0,0,0,D,D,0,No Deposit,9.0,0,Transient,193.0,0,1
City Hotel,1,13,2017,August,33,13,1,0,2,0.0,0,SC,GBR,Online TA,TA/TO,0,0,0,A,A,0,No Deposit,9.0,0,Transient,160.0,0,1
City Hotel,1,78,2017,August,33,13,1,0,2,0.0,0,SC,FRA,Online TA,TA/TO,0,0,0,A,A,0,No Deposit,9.0,0,Transient,130.0,0,1
City Hotel,1,29,2017,August,33,13,2,0,2,0.0,0,BB,FRA,Online TA,TA/TO,0,0,0,D,D,0,No Deposit,9.0,0,Transient,190.0,0,2
City Hotel,1,20,2017,August,33,13,2,0,2,0.0,0,SC,DEU,Online TA,TA/TO,0,0,0,A,A,0,No Deposit,9.0,0,Transient,160.0,0,1
City Hotel,1,63,2017,August,33,13,2,1,2,0.0,0,SC,GBR,Online TA,TA/TO,0,0,0,A,A,0,No Deposit,9.0,0,Transient,140.0,0,1
City Hotel,1,33,2017,August,33,13,2,0,2,0.0,0,SC,GBR,Online TA,TA/TO,0,0,0,A,A,0,No Deposit,9.0,0,Transient,140.0,0,1
City Hotel,1,63,2017,August,33,13,2,1,2,0.0,0,SC,GBR,Online TA,TA/TO,0,0,0,A,A,0,No Deposit,9.0,0,Transient,140.0,0,1
City Hotel,1,63,2017,August,33,13,2,1,2,0.0,0,SC,GBR,Online TA,TA/TO,0,0,0,A,A,0,No Deposit,9.0,0,Transient,140.0,0,1
City Hotel,1,70,2017,August,33,13,2,1,2,0.0,0,BB,GBR,Online TA,TA/TO,0,0,0,A,A,0,No Deposit,9.0,0,Transient,160.0,0,0
City Hotel,1,33,2017,August,33,13,2,1,2,0.0,0,SC,GBR,Online TA,TA/TO,0,0,0,A,A,0,No Deposit,9.0,0,Transient,140.0,0,1
City Hotel,1,325,2017,August,33,13,2,2,2,0.0,0,BB,AZE,Online TA,TA/TO,0,0,0,A,A,2,No Deposit,9.0,0,Transient,107.1,0,0
City Hotel,1,105,2017,August,33,13,2,2,2,0.0,0,SC,ITA,Online TA,TA/TO,0,0,0,A,A,0,No Deposit,9.0,0,Transient,125.0,0,0
City Hotel,1,170,2017,August,33,13,2,4,2,0.0,0,SC,DEU,Online TA,TA/TO,0,0,0,A,A,0,No Deposit,9.0,0,Transient,112.5,0,0
City Hotel,1,140,2017,August,33,13,2,4,2,0.0,0,BB,PRT,Online TA,TA/TO,0,0,0,D,D,0,No Deposit,9.0,0,Transient,147.25,0,0
City Hotel,1,130,2017,August,33,13,2,5,2,0.0,0,SC,FRA,Online TA,TA/TO,0,0,0,A,A,0,No Deposit,9.0,0,Transient,125.0,0,2
City Hotel,1,102,2017,August,33,13,2,4,2,0.0,0,BB,CHE,Online TA,TA/TO,0,0,0,D,D,0,No Deposit,9.0,0,Transient,155.0,0,1
City Hotel,1,116,2017,August,33,13,2,5,2,0.0,0,HB,ITA,Online TA,TA/TO,0,0,0,A,A,0,No Deposit,9.0,0,Transient,183.0,0,2
City Hotel,1,130,2017,August,33,13,2,5,2,0.0,0,SC,FRA,Online TA,TA/TO,0,0,0,A,A,0,No Deposit,9.0,0,Transient,125.0,0,2
City Hotel,1,105,2017,August,33,14,1,0,2,0.0,0,BB,DEU,Online TA,TA/TO,0,0,0,D,D,0,No Deposit,9.0,0,Transient,155.0,0,1
City Hotel,1,73,2017,August,33,14,1,0,2,0.0,0,SC,ESP,Online TA,TA/TO,0,0,0,A,A,1,No Deposit,9.0,0,Transient,130.0,0,0
City Hotel,1,36,2017,August,33,14,1,1,2,0.0,0,SC,PRT,Online TA,TA/TO,0,0,0,A,A,0,No Deposit,9.0,0,Transient,140.0,0,0
City Hotel,1,49,2017,August,33,14,1,1,2,0.0,0,SC,AUS,Online TA,TA/TO,0,0,0,A,A,0,No Deposit,9.0,0,Transient,140.0,0,1
City Hotel,1,27,2017,August,33,14,1,1,2,0.0,0,BB,ITA,Online TA,TA/TO,0,0,0,A,A,1,No Deposit,9.0,0,Transient,189.0,0,0
City Hotel,1,224,2017,August,33,14,1,1,2,0.0,0,SC,FRA,Online TA,TA/TO,0,0,0,A,A,0,No Deposit,9.0,0,Transient,112.5,0,0
City Hotel,1,186,2017,August,33,14,1,2,2,0.0,0,BB,ESP,Online TA,TA/TO,0,0,0,A,A,0,No Deposit,9.0,0,Transient,130.5,0,0
City Hotel,1,108,2017,August,33,14,1,2,2,0.0,0,SC,GBR,Online TA,TA/TO,0,0,0,A,A,0,No Deposit,9.0,0,Transient,125.0,0,1
City Hotel,1,108,2017,August,33,14,1,2,2,0.0,0,SC,GBR,Online TA,TA/TO,0,0,0,A,A,0,No Deposit,9.0,0,Transient,125.0,0,1
City Hotel,1,100,2017,August,33,14,1,2,2,0.0,0,BB,FRA,Online TA,TA/TO,0,0,0,D,D,0,No Deposit,9.0,0,Transient,155.0,0,1
City Hotel,1,146,2017,August,33,14,1,2,2,0.0,0,BB,BRA,Online TA,TA/TO,0,0,0,A,A,0,No Deposit,9.0,0,Transient,130.5,0,0
City Hotel,1,140,2017,August,33,14,1,3,2,0.0,0,BB,PRT,Direct,Direct,0,0,0,D,D,0,No Deposit,14.0,0,Transient,175.0,0,3
City Hotel,1,274,2017,August,33,14,1,3,2,0.0,0,BB,FRA,Online TA,TA/TO,0,0,0,A,A,0,No Deposit,9.0,0,Transient,107.1,0,1
City Hotel,1,118,2017,August,33,14,1,3,2,0.0,0,SC,FRA,Online TA,TA/TO,0,0,0,A,A,0,No Deposit,9.0,0,Transient,125.0,0,1
City Hotel,1,153,2017,August,33,14,1,4,2,0.0,0,BB,CN,Online TA,TA/TO,0,0,0,A,A,0,No Deposit,9.0,0,Transient,130.5,0,0
City Hotel,1,204,2017,August,33,14,2,5,2,0.0,0,HB,ITA,Online TA,TA/TO,0,0,0,A,A,0,No Deposit,9.0,0,Transient,161.23,0,0
City Hotel,1,142,2017,August,33,14,2,5,2,0.0,0,HB,PRT,Direct,Direct,0,0,0,A,A,0,No Deposit,14.0,0,Transient,157.5,0,2
City Hotel,1,148,2017,August,33,14,2,5,2,0.0,0,HB,PRT,Direct,Direct,0,0,0,A,A,3,No Deposit,14.0,0,Transient,157.5,0,1
City Hotel,1,201,2017,August,33,14,2,5,2,0.0,0,HB,PRT,Offline TA/TO,TA/TO,0,0,0,A,A,0,No Deposit,52.0,0,Transient,89.0,0,0
City Hotel,1,507,2017,August,33,15,0,1,2,0.0,0,BB,PRT,Offline TA/TO,TA/TO,0,0,0,A,A,0,Non Refund,229.0,0,Transient,90.0,0,0
City Hotel,1,507,2017,August,33,15,0,1,2,0.0,0,BB,PRT,Offline TA/TO,TA/TO,0,0,0,A,A,0,Non Refund,229.0,0,Transient,90.0,0,0
City Hotel,1,507,2017,August,33,15,0,1,2,0.0,0,BB,PRT,Offline TA/TO,TA/TO,0,0,0,A,A,0,Non Refund,229.0,0,Transient,90.0,0,0
City Hotel,1,507,2017,August,33,15,0,1,2,0.0,0,BB,PRT,Offline TA/TO,TA/TO,0,0,0,A,A,0,Non Refund,229.0,0,Transient,90.0,0,0
City Hotel,1,507,2017,August,33,15,0,1,2,0.0,0,BB,PRT,Offline TA/TO,TA/TO,0,0,0,A,A,0,Non Refund,229.0,0,Transient,90.0,0,0
City Hotel,1,507,2017,August,33,15,0,1,2,0.0,0,BB,PRT,Offline TA/TO,TA/TO,0,0,0,A,A,0,Non Refund,229.0,0,Transient,90.0,0,0
City Hotel,1,40,2017,August,33,15,0,1,2,0.0,0,BB,CHE,Online TA,TA/TO,0,0,0,A,A,0,No Deposit,9.0,0,Transient,160.0,0,1
City Hotel,1,507,2017,August,33,15,0,1,2,0.0,0,BB,PRT,Offline TA/TO,TA/TO,0,0,0,A,A,0,Non Refund,229.0,0,Transient,90.0,0,0
City Hotel,1,507,2017,August,33,15,0,1,2,0.0,0,BB,PRT,Offline TA/TO,TA/TO,0,0,0,A,A,0,Non Refund,229.0,0,Transient,90.0,0,0
City Hotel,1,60,2017,August,33,15,0,1,2,0.0,0,BB,GIB,Online TA,TA/TO,0,0,0,A,A,2,No Deposit,9.0,0,Transient,180.0,0,1
City Hotel,1,507,2017,August,33,15,0,1,2,0.0,0,BB,PRT,Offline TA/TO,TA/TO,0,0,0,A,A,0,Non Refund,229.0,0,Transient,90.0,0,0
City Hotel,1,507,2017,August,33,15,0,1,2,0.0,0,BB,PRT,Offline TA/TO,TA/TO,0,0,0,A,A,0,Non Refund,229.0,0,Transient,90.0,0,0
City Hotel,1,11,2017,August,33,15,0,2,2,0.0,0,BB,PRT,Direct,Direct,0,0,0,A,A,0,No Deposit,,0,Transient,12.0,0,0
City Hotel,1,11,2017,August,33,15,0,2,2,0.0,0,BB,PRT,Direct,Direct,0,0,0,A,A,0,No Deposit,,0,Transient,12.0,0,0
City Hotel,1,63,2017,August,33,15,0,2,2,0.0,0,SC,GBR,Online TA,TA/TO,0,0,0,A,A,0,No Deposit,9.0,0,Transient,140.0,0,1
City Hotel,1,209,2017,August,33,15,0,3,2,0.0,0,BB,GBR,Online TA,TA/TO,0,0,0,A,A,0,No Deposit,9.0,0,Transient,130.5,0,1
City Hotel,1,37,2017,August,33,15,0,3,2,0.0,0,SC,CHE,Online TA,TA/TO,0,0,0,A,A,0,No Deposit,9.0,0,Transient,140.0,0,2
City Hotel,1,54,2017,August,33,15,0,2,2,0.0,0,HB,GBR,Online TA,TA/TO,0,0,0,A,A,0,No Deposit,9.0,0,Transient,198.0,0,1
City Hotel,1,31,2017,August,33,15,0,3,2,0.0,0,BB,DEU,Online TA,TA/TO,0,0,0,A,A,0,No Deposit,9.0,0,Transient,180.0,0,1
City Hotel,1,267,2017,August,33,15,0,3,2,0.0,0,BB,PRT,Offline TA/TO,TA/TO,0,0,0,A,A,0,No Deposit,229.0,0,Transient,90.0,0,0
City Hotel,1,97,2017,August,33,15,0,3,2,0.0,0,BB,GBR,Online TA,TA/TO,0,0,0,A,A,0,No Deposit,9.0,0,Transient,145.0,0,1
City Hotel,1,309,2017,August,33,15,0,4,2,0.0,0,BB,ITA,Online TA,TA/TO,0,0,0,B,B,1,No Deposit,9.0,0,Transient,96.25,0,0
City Hotel,1,309,2017,August,33,15,0,4,2,0.0,0,SC,ITA,Online TA,TA/TO,0,0,0,A,A,0,No Deposit,9.0,0,Transient,89.1,0,0
City Hotel,1,217,2017,August,33,15,0,4,2,0.0,0,BB,ITA,Online TA,TA/TO,0,0,0,A,A,0,No Deposit,9.0,0,Transient,130.5,0,0
City Hotel,1,309,2017,August,33,15,0,4,2,0.0,0,SC,ITA,Online TA,TA/TO,0,0,0,A,A,0,No Deposit,9.0,0,Transient,89.1,0,0
City Hotel,1,57,2017,August,33,15,0,4,2,0.0,0,BB,ITA,Online TA,TA/TO,0,0,0,A,A,0,No Deposit,9.0,0,Transient,160.0,0,1
City Hotel,1,281,2017,August,33,15,0,4,2,0.0,0,BB,PRT,Offline TA/TO,TA/TO,0,0,0,A,A,0,Non Refund,229.0,0,Transient,90.0,0,0
City Hotel,1,215,2017,August,33,15,0,4,2,0.0,0,BB,ZWE,Direct,Direct,0,0,0,D,D,4,No Deposit,14.0,0,Transient,123.3,0,0
City Hotel,1,49,2017,August,33,15,0,4,2,0.0,0,SC,CHN,Online TA,TA/TO,0,0,0,A,A,0,No Deposit,9.0,0,Transient,140.0,0,1
City Hotel,1,191,2017,August,33,15,0,4,2,0.0,0,BB,FRA,Online TA,TA/TO,0,0,0,A,A,1,No Deposit,9.0,0,Transient,130.5,0,0
City Hotel,1,314,2017,August,33,15,0,5,2,0.0,0,BB,RUS,Online TA,TA/TO,0,0,0,A,A,0,No Deposit,9.0,0,Transient,107.1,0,1
City Hotel,1,276,2017,August,33,15,2,5,2,0.0,0,SC,GBR,Online TA,TA/TO,0,0,0,A,A,0,No Deposit,9.0,0,Transient,94.24,0,1
City Hotel,1,287,2017,August,33,16,0,1,2,0.0,0,BB,DEU,Online TA,TA/TO,0,0,0,A,A,0,No Deposit,9.0,0,Transient,107.1,0,0
City Hotel,1,36,2017,August,33,16,0,1,2,0.0,0,BB,PRT,Online TA,TA/TO,0,0,0,A,A,1,No Deposit,10.0,0,Transient,100.0,0,0
City Hotel,1,168,2017,August,33,16,0,1,2,0.0,0,HB,FRA,Online TA,TA/TO,0,0,0,A,A,0,No Deposit,9.0,0,Transient,164.7,0,0
City Hotel,1,0,2017,August,33,16,0,1,2,0.0,0,BB,PRT,Direct,Direct,0,0,0,A,A,0,No Deposit,,0,Transient,12.0,0,0
City Hotel,1,158,2017,August,33,16,0,1,2,0.0,0,HB,FRA,Online TA,TA/TO,0,0,0,A,A,0,No Deposit,9.0,0,Transient,164.7,0,0
City Hotel,1,132,2017,August,33,16,0,1,2,0.0,0,BB,PRT,Offline TA/TO,TA/TO,0,0,0,A,A,0,No Deposit,28.0,0,Transient,80.1,0,0
City Hotel,1,168,2017,August,33,16,0,1,2,0.0,0,HB,FRA,Online TA,TA/TO,0,0,0,A,A,0,No Deposit,9.0,0,Transient,164.7,0,0
City Hotel,1,176,2017,August,33,16,0,1,2,0.0,0,BB,FRA,Online TA,TA/TO,0,0,0,A,A,2,No Deposit,9.0,0,Transient,130.5,0,0
City Hotel,1,15,2017,August,33,16,0,1,2,0.0,0,SC,DEU,Online TA,TA/TO,0,0,0,A,A,0,No Deposit,9.0,0,Transient,160.0,0,1
City Hotel,1,36,2017,August,33,16,0,1,2,0.0,0,BB,PRT,Online TA,TA/TO,0,0,0,A,A,1,No Deposit,10.0,0,Transient,100.0,0,0
City Hotel,1,158,2017,August,33,16,0,1,2,0.0,0,HB,FRA,Online TA,TA/TO,0,0,0,A,A,0,No Deposit,9.0,0,Transient,164.7,0,0
City Hotel,1,13,2017,August,33,16,0,2,2,0.0,0,BB,PRT,Direct,Direct,0,0,0,A,A,0,No Deposit,,0,Transient,160.0,0,0
City Hotel,1,94,2017,August,33,16,0,2,2,0.0,0,SC,CHN,Online TA,TA/TO,0,0,0,A,A,0,No Deposit,9.0,0,Transient,112.5,0,0
City Hotel,1,13,2017,August,33,16,0,2,2,0.0,0,BB,PRT,Direct,Direct,0,0,0,A,A,0,No Deposit,,0,Transient,160.0,0,0
City Hotel,1,71,2017,August,33,16,0,3,2,0.0,0,SC,CHE,Online TA,TA/TO,0,0,0,A,A,0,No Deposit,9.0,0,Transient,140.0,0,1
City Hotel,1,84,2017,August,33,16,0,3,2,0.0,0,SC,GBR,Online TA,TA/TO,0,0,0,A,A,0,No Deposit,9.0,0,Transient,130.0,0,1
City Hotel,1,25,2017,August,33,16,0,3,2,0.0,0,SC,IRL,Online TA,TA/TO,0,0,0,A,A,0,No Deposit,9.0,0,Transient,160.0,0,1
City Hotel,1,92,2017,August,33,16,0,3,2,0.0,0,BB,PRT,Offline TA/TO,TA/TO,0,0,0,A,A,0,No Deposit,6.0,0,Transient,80.1,0,0
City Hotel,1,185,2017,August,33,16,0,3,2,0.0,0,BB,GBR,Online TA,TA/TO,0,0,0,D,D,0,No Deposit,9.0,0,Transient,139.5,0,0
City Hotel,1,293,2017,August,33,16,0,3,2,0.0,0,BB,URY,Online TA,TA/TO,0,0,0,A,A,0,No Deposit,9.0,0,Transient,107.1,0,2
City Hotel,1,92,2017,August,33,16,0,3,2,0.0,0,BB,PRT,Offline TA/TO,TA/TO,0,0,0,A,A,0,No Deposit,6.0,0,Transient,80.1,0,0
City Hotel,1,35,2017,August,33,16,0,4,2,0.0,0,SC,PRT,Online TA,TA/TO,0,0,0,A,A,0,No Deposit,9.0,0,Transient,160.0,0,1
City Hotel,1,210,2017,August,33,16,0,4,2,0.0,0,SC,ITA,Online TA,TA/TO,0,0,0,A,A,0,No Deposit,9.0,0,Transient,115.65,0,1
City Hotel,1,233,2017,August,33,16,0,4,2,0.0,0,SC,ESP,Online TA,TA/TO,0,0,0,A,A,0,No Deposit,9.0,0,Transient,106.65,0,0
City Hotel,1,136,2017,August,33,16,0,4,2,0.0,0,BB,ITA,Online TA,TA/TO,0,0,0,D,D,0,No Deposit,9.0,0,Transient,195.0,0,0
City Hotel,1,142,2017,August,33,16,0,4,2,0.0,0,BB,ITA,Online TA,TA/TO,0,0,0,D,D,0,No Deposit,9.0,0,Transient,155.0,0,0
City Hotel,1,142,2017,August,33,16,0,4,2,0.0,0,BB,ITA,Online TA,TA/TO,0,0,0,D,D,0,No Deposit,9.0,0,Transient,195.0,0,0
City Hotel,1,216,2017,August,33,16,0,4,2,0.0,0,BB,FRA,Online TA,TA/TO,0,0,0,A,A,0,No Deposit,9.0,0,Transient,124.65,0,0
City Hotel,1,102,2017,August,33,16,0,4,2,0.0,0,BB,NOR,Online TA,TA/TO,0,0,0,D,D,0,No Deposit,9.0,0,Transient,155.0,0,1
City Hotel,1,142,2017,August,33,16,0,4,2,0.0,0,SC,ITA,Online TA,TA/TO,0,0,0,A,A,0,No Deposit,9.0,0,Transient,125.0,0,0
City Hotel,1,102,2017,August,33,16,0,4,2,0.0,0,BB,NOR,Online TA,TA/TO,0,0,0,D,D,0,No Deposit,9.0,0,Transient,155.0,0,1
City Hotel,1,317,2017,August,33,16,0,3,2,0.0,0,BB,FRA,Online TA,TA/TO,0,0,0,B,B,1,No Deposit,9.0,0,Transient,104.05,0,3
City Hotel,1,210,2017,August,33,16,0,4,2,0.0,0,SC,ITA,Online TA,TA/TO,0,0,0,A,A,0,No Deposit,9.0,0,Transient,106.65,0,1
City Hotel,1,116,2017,August,33,16,2,4,2,0.0,0,SC,FRA,Online TA,TA/TO,0,0,0,A,A,0,No Deposit,9.0,0,Transient,125.0,0,1
City Hotel,1,280,2017,August,33,16,2,4,2,0.0,0,BB,ITA,Online TA,TA/TO,0,0,0,A,A,0,No Deposit,9.0,0,Transient,113.1,0,0
City Hotel,1,198,2017,August,33,16,2,4,2,0.0,0,BB,DEU,Online TA,TA/TO,0,0,0,A,A,0,No Deposit,9.0,0,Transient,122.1,0,0
City Hotel,1,307,2017,August,33,16,2,4,2,0.0,0,SC,ITA,Online TA,TA/TO,0,0,0,A,A,2,No Deposit,9.0,0,Transient,95.1,0,1
City Hotel,1,181,2017,August,33,16,2,5,2,0.0,0,BB,FRA,Direct,Direct,0,0,0,A,A,0,No Deposit,14.0,0,Transient,103.37,0,2
City Hotel,1,216,2017,August,33,16,2,5,2,0.0,0,BB,FRA,Online TA,TA/TO,0,0,0,A,A,2,No Deposit,9.0,0,Transient,121.37,0,2
City Hotel,1,126,2017,August,33,16,2,6,2,0.0,0,BB,ITA,Online TA,TA/TO,0,0,0,D,D,0,No Deposit,9.0,0,Transient,155.0,0,1
City Hotel,1,185,2017,August,33,16,2,7,2,0.0,0,BB,ITA,Online TA,TA/TO,0,0,0,A,A,0,No Deposit,9.0,0,Transient,120.4,0,0
City Hotel,1,205,2017,August,33,17,0,1,2,0.0,0,BB,PRT,Online TA,TA/TO,0,0,0,A,A,0,No Deposit,8.0,0,Transient,130.5,0,0
City Hotel,1,14,2017,August,33,17,0,1,2,0.0,0,SC,PRT,Online TA,TA/TO,0,0,0,A,A,0,No Deposit,7.0,0,Transient,160.0,0,1
City Hotel,1,140,2017,August,33,17,0,2,2,0.0,0,SC,ESP,Online TA,TA/TO,0,0,0,A,A,0,No Deposit,9.0,0,Transient,125.0,0,0
City Hotel,1,140,2017,August,33,17,0,2,2,0.0,0,SC,ESP,Online TA,TA/TO,0,0,0,A,A,0,No Deposit,9.0,0,Transient,125.0,0,0
City Hotel,1,92,2017,August,33,17,0,2,2,0.0,0,SC,BLR,Online TA,TA/TO,0,0,0,A,A,0,No Deposit,9.0,0,Transient,130.0,0,1
City Hotel,1,218,2017,August,33,17,0,2,2,0.0,0,BB,NLD,Online TA,TA/TO,0,0,0,A,A,0,No Deposit,9.0,0,Transient,130.5,0,3
City Hotel,1,119,2017,August,33,17,0,3,2,0.0,0,BB,DNK,Direct,Direct,0,0,0,A,A,0,No Deposit,14.0,0,Transient,140.0,0,0
City Hotel,1,15,2017,August,33,17,0,3,2,0.0,0,BB,ITA,Online TA,TA/TO,0,0,0,A,A,0,No Deposit,9.0,0,Transient,180.0,0,1
City Hotel,1,30,2017,August,33,17,0,3,2,0.0,0,SC,CHN,Online TA,TA/TO,0,0,0,A,A,0,No Deposit,9.0,0,Transient,160.0,0,2
City Hotel,1,104,2017,August,33,17,0,3,2,0.0,0,BB,IRL,Online TA,TA/TO,0,0,0,D,D,2,No Deposit,9.0,0,Transient,155.0,0,1
City Hotel,1,118,2017,August,33,17,0,3,2,0.0,0,SC,PRT,Offline TA/TO,TA/TO,0,0,0,A,A,0,No Deposit,22.0,0,Transient,71.1,0,0
City Hotel,1,93,2017,August,33,17,0,3,2,0.0,0,BB,GBR,Online TA,TA/TO,0,0,0,E,E,1,No Deposit,9.0,0,Transient,190.0,0,1
City Hotel,1,1,2017,August,33,17,0,3,2,0.0,0,BB,PRT,Direct,Direct,0,0,0,A,A,1,No Deposit,14.0,0,Transient,170.0,0,0
City Hotel,1,203,2017,August,33,17,0,3,2,0.0,0,BB,FRA,Direct,Direct,0,0,0,B,B,0,No Deposit,14.0,0,Transient,138.02,0,0
City Hotel,1,186,2017,August,33,17,0,3,2,0.0,0,BB,NLD,Online TA,TA/TO,0,0,0,D,D,0,No Deposit,9.0,0,Transient,131.7,0,0
City Hotel,1,82,2017,August,33,17,1,3,2,0.0,0,BB,PRT,Direct,Direct,0,0,0,E,E,0,No Deposit,14.0,0,Transient,185.0,0,1
City Hotel,1,151,2017,August,33,17,1,3,2,0.0,0,BB,BEL,Online TA,TA/TO,0,0,0,D,D,0,No Deposit,9.0,0,Transient,139.5,0,0
City Hotel,1,101,2017,August,33,17,1,3,2,0.0,0,SC,GBR,Online TA,TA/TO,0,0,0,A,A,0,No Deposit,9.0,0,Transient,125.0,0,1
City Hotel,1,171,2017,August,33,17,1,3,2,0.0,0,BB,DEU,Online TA,TA/TO,0,0,0,A,A,0,No Deposit,9.0,0,Transient,130.5,0,0
City Hotel,1,116,2017,August,33,17,2,3,2,0.0,0,SC,IRL,Online TA,TA/TO,0,0,0,A,A,0,No Deposit,9.0,0,Transient,125.0,0,0
City Hotel,1,96,2017,August,33,17,2,5,2,0.0,0,SC,FRA,Online TA,TA/TO,0,0,0,A,A,0,No Deposit,9.0,0,Transient,125.0,0,1
City Hotel,1,199,2017,August,33,17,2,5,2,0.0,0,BB,BRA,Online TA,TA/TO,0,0,0,A,A,2,No Deposit,9.0,0,Transient,119.44,0,0
City Hotel,1,199,2017,August,33,17,2,5,2,0.0,0,BB,BRA,Online TA,TA/TO,0,0,0,A,A,2,No Deposit,9.0,0,Transient,119.44,0,0
City Hotel,1,173,2017,August,33,17,2,8,2,0.0,0,BB,GBR,Online TA,TA/TO,0,0,0,D,D,0,No Deposit,9.0,0,Transient,127.71,0,0
City Hotel,1,179,2017,August,33,18,0,2,2,0.0,0,BB,ITA,Online TA,TA/TO,0,0,0,A,A,0,No Deposit,9.0,0,Transient,118.8,0,0
City Hotel,1,102,2017,August,33,18,0,2,2,0.0,0,SC,GBR,Online TA,TA/TO,0,0,0,A,A,0,No Deposit,9.0,0,Transient,125.0,0,1
City Hotel,1,213,2017,August,33,18,0,2,2,0.0,0,SC,GBR,Online TA,TA/TO,0,0,0,A,A,1,No Deposit,9.0,0,Transient,100.8,0,1
City Hotel,1,213,2017,August,33,18,0,2,2,0.0,0,SC,GBR,Online TA,TA/TO,0,0,0,A,A,0,No Deposit,9.0,0,Transient,100.8,0,1
City Hotel,1,213,2017,August,33,18,0,2,2,0.0,0,SC,GBR,Online TA,TA/TO,0,0,0,A,A,0,No Deposit,9.0,0,Transient,100.8,0,1
City Hotel,1,213,2017,August,33,18,0,2,2,0.0,0,SC,GBR,Online TA,TA/TO,0,0,0,A,A,1,No Deposit,9.0,0,Transient,100.8,0,1
City Hotel,1,213,2017,August,33,18,0,2,2,0.0,0,SC,GBR,Online TA,TA/TO,0,0,0,A,A,0,No Deposit,9.0,0,Transient,100.8,0,1
City Hotel,1,50,2017,August,33,18,0,2,2,0.0,0,SC,NLD,Direct,Direct,0,0,0,A,A,0,No Deposit,14.0,0,Transient,140.0,0,0
City Hotel,1,213,2017,August,33,18,0,2,2,0.0,0,SC,GBR,Online TA,TA/TO,0,0,0,A,A,0,No Deposit,9.0,0,Transient,100.8,0,1
City Hotel,1,213,2017,August,33,18,0,2,2,0.0,0,SC,GBR,Online TA,TA/TO,0,0,0,A,A,0,No Deposit,9.0,0,Transient,100.8,0,1
City Hotel,1,102,2017,August,33,18,0,2,2,0.0,0,SC,GBR,Online TA,TA/TO,0,0,0,A,A,0,No Deposit,9.0,0,Transient,125.0,0,1
City Hotel,1,213,2017,August,33,18,0,2,2,0.0,0,BB,GBR,Online TA,TA/TO,0,0,0,E,E,1,No Deposit,9.0,0,Transient,154.8,0,1
City Hotel,1,213,2017,August,33,18,0,2,2,0.0,0,SC,GBR,Online TA,TA/TO,0,0,0,A,A,0,No Deposit,9.0,0,Transient,100.8,0,1
City Hotel,1,213,2017,August,33,18,0,2,2,0.0,0,SC,GBR,Online TA,TA/TO,0,0,0,A,A,0,No Deposit,9.0,0,Transient,100.8,0,1
City Hotel,1,213,2017,August,33,18,0,2,2,0.0,0,BB,GBR,Online TA,TA/TO,0,0,0,E,E,1,No Deposit,9.0,0,Transient,154.8,0,1
City Hotel,1,13,2017,August,33,18,0,2,2,0.0,0,SC,NLD,Direct,Direct,0,0,0,A,A,0,No Deposit,14.0,0,Transient,140.0,0,0
City Hotel,1,102,2017,August,33,18,0,2,2,0.0,0,SC,GBR,Online TA,TA/TO,0,0,0,A,A,0,No Deposit,9.0,0,Transient,125.0,0,1
City Hotel,1,213,2017,August,33,18,0,2,2,0.0,0,SC,GBR,Online TA,TA/TO,0,0,0,A,A,1,No Deposit,9.0,0,Transient,100.8,0,1
City Hotel,1,179,2017,August,33,18,0,2,2,0.0,0,BB,ITA,Online TA,TA/TO,0,0,0,A,A,0,No Deposit,9.0,0,Transient,118.8,0,0
City Hotel,1,20,2017,August,33,18,0,2,2,0.0,0,SC,PRT,Online TA,TA/TO,0,0,0,A,A,0,No Deposit,7.0,0,Transient,128.0,0,1
City Hotel,1,121,2017,August,33,18,1,2,2,0.0,0,SC,GBR,Online TA,TA/TO,0,0,0,A,A,0,No Deposit,9.0,0,Transient,125.0,0,0
City Hotel,1,17,2017,August,33,18,1,2,2,0.0,0,BB,IRL,Online TA,TA/TO,0,0,0,D,D,0,No Deposit,9.0,0,Transient,183.33,0,1
City Hotel,1,121,2017,August,33,18,1,2,2,0.0,0,SC,GBR,Online TA,TA/TO,0,0,0,A,A,0,No Deposit,9.0,0,Transient,125.0,0,0
City Hotel,1,213,2017,August,33,18,0,2,2,0.0,0,BB,GBR,Online TA,TA/TO,0,0,0,E,E,1,No Deposit,9.0,0,Transient,154.8,0,1
City Hotel,1,38,2017,August,33,18,1,2,2,0.0,0,BB,BRA,Online TA,TA/TO,0,0,0,A,A,0,No Deposit,9.0,0,Transient,160.0,0,1
City Hotel,1,278,2017,August,33,18,1,2,2,0.0,0,BB,DEU,Online TA,TA/TO,0,0,0,A,A,0,No Deposit,9.0,0,Transient,107.1,0,1
City Hotel,1,121,2017,August,33,18,1,2,2,0.0,0,SC,GBR,Online TA,TA/TO,0,0,0,A,A,0,No Deposit,9.0,0,Transient,125.0,0,0
City Hotel,1,121,2017,August,33,18,1,2,2,0.0,0,SC,GBR,Online TA,TA/TO,0,0,0,A,A,0,No Deposit,9.0,0,Transient,125.0,0,0
City Hotel,1,52,2017,August,33,18,1,2,2,0.0,0,HB,NLD,Online TA,TA/TO,0,0,0,D,D,0,No Deposit,9.0,0,Transient,208.0,0,1
City Hotel,1,121,2017,August,33,18,1,2,2,0.0,0,SC,GBR,Online TA,TA/TO,0,0,0,A,A,0,No Deposit,9.0,0,Transient,125.0,0,0
City Hotel,1,121,2017,August,33,18,1,2,2,0.0,0,SC,GBR,Online TA,TA/TO,0,0,0,A,A,0,No Deposit,9.0,0,Transient,125.0,0,0
City Hotel,1,173,2017,August,33,18,1,2,2,0.0,0,BB,DEU,Online TA,TA/TO,0,0,0,A,A,0,No Deposit,9.0,0,Transient,118.2,0,0
City Hotel,1,104,2017,August,33,18,1,2,2,0.0,0,SC,IRL,Online TA,TA/TO,0,0,0,A,A,0,No Deposit,9.0,0,Transient,125.0,0,1
City Hotel,1,121,2017,August,33,18,1,2,2,0.0,0,SC,GBR,Online TA,TA/TO,0,0,0,A,A,0,No Deposit,9.0,0,Transient,125.0,0,0
City Hotel,1,214,2017,August,33,18,2,2,2,0.0,0,BB,USA,Online TA,TA/TO,0,0,0,D,D,2,No Deposit,9.0,0,Transient,130.78,0,0
City Hotel,1,140,2017,August,33,18,2,2,2,0.0,0,HB,FRA,Online TA,TA/TO,0,0,0,D,D,0,No Deposit,9.0,0,Transient,193.0,0,2
City Hotel,1,210,2017,August,33,18,2,3,2,0.0,0,BB,GBR,Online TA,TA/TO,0,0,0,A,A,0,No Deposit,9.0,0,Transient,117.72,0,0
City Hotel,1,301,2017,August,33,18,2,3,2,0.0,0,BB,DEU,Online TA,TA/TO,0,0,0,A,A,0,No Deposit,9.0,0,Transient,121.5,0,2
City Hotel,1,214,2017,August,33,18,2,4,2,0.0,0,BB,POL,Online TA,TA/TO,0,0,0,D,D,0,No Deposit,9.0,0,Transient,126.6,0,0
City Hotel,1,200,2017,August,33,18,2,4,2,0.0,0,BB,DEU,Online TA,TA/TO,0,0,0,A,A,0,No Deposit,9.0,0,Transient,117.6,0,0
City Hotel,1,186,2017,August,33,18,2,4,2,0.0,0,HB,ITA,Online TA,TA/TO,0,0,0,A,A,0,No Deposit,9.0,0,Transient,151.8,0,0
City Hotel,1,106,2017,August,33,18,2,5,2,0.0,0,HB,PRT,Direct,Direct,0,0,0,D,D,0,No Deposit,,0,Transient,180.0,0,1
City Hotel,1,94,2017,August,33,18,2,5,2,0.0,0,BB,PRT,Offline TA/TO,TA/TO,0,0,0,A,A,2,No Deposit,98.0,0,Transient-Party,125.0,0,0
City Hotel,1,38,2017,August,33,18,2,6,2,0.0,0,BB,CN,Online TA,TA/TO,0,0,0,A,A,0,No Deposit,9.0,0,Transient,157.25,0,3
City Hotel,1,140,2017,August,33,19,0,1,2,0.0,0,BB,PRT,Online TA,TA/TO,0,0,0,D,D,0,No Deposit,9.0,0,Transient,155.0,0,1
City Hotel,1,77,2017,August,33,19,0,1,2,0.0,0,BB,PRT,Online TA,TA/TO,0,0,0,D,D,0,No Deposit,85.0,0,Transient,89.1,0,0
City Hotel,1,140,2017,August,33,19,0,1,2,0.0,0,BB,PRT,Online TA,TA/TO,0,0,0,D,D,0,No Deposit,9.0,0,Transient,155.0,0,1
City Hotel,1,45,2017,August,33,19,0,1,2,0.0,0,SC,USA,Online TA,TA/TO,0,0,0,A,A,0,No Deposit,9.0,0,Transient,140.0,0,0
City Hotel,1,162,2017,August,33,19,1,1,2,0.0,0,BB,PRT,Groups,TA/TO,0,0,0,A,A,0,Non Refund,,0,Transient,140.0,0,0
City Hotel,1,162,2017,August,33,19,1,1,2,0.0,0,BB,PRT,Groups,TA/TO,0,0,0,A,A,0,Non Refund,,0,Transient,140.0,0,0
City Hotel,1,162,2017,August,33,19,1,1,2,0.0,0,BB,PRT,Groups,TA/TO,0,0,0,A,A,0,Non Refund,,0,Transient,140.0,0,0
City Hotel,1,95,2017,August,33,19,1,1,2,0.0,0,SC,ESP,Online TA,TA/TO,0,0,0,A,A,0,No Deposit,9.0,0,Transient,125.0,0,2
City Hotel,1,215,2017,August,33,19,1,1,2,0.0,0,SC,DEU,Online TA,TA/TO,0,0,0,A,A,0,No Deposit,9.0,0,Transient,94.05,0,0
City Hotel,1,162,2017,August,33,19,1,1,2,0.0,0,BB,PRT,Groups,TA/TO,0,0,0,A,A,0,Non Refund,,0,Transient,140.0,0,0
City Hotel,1,162,2017,August,33,19,1,1,2,0.0,0,BB,PRT,Groups,TA/TO,0,0,0,A,A,0,Non Refund,,0,Transient,140.0,0,0
City Hotel,1,162,2017,August,33,19,1,1,2,0.0,0,BB,PRT,Groups,TA/TO,0,0,0,A,A,0,Non Refund,,0,Transient,140.0,0,0
City Hotel,1,162,2017,August,33,19,1,1,2,0.0,0,BB,PRT,Groups,TA/TO,0,0,0,A,A,0,Non Refund,,0,Transient,140.0,0,0
City Hotel,1,162,2017,August,33,19,1,1,2,0.0,0,BB,PRT,Groups,TA/TO,0,0,0,A,A,0,Non Refund,,0,Transient,140.0,0,0
City Hotel,1,162,2017,August,33,19,1,1,2,0.0,0,BB,PRT,Groups,TA/TO,0,0,0,A,A,0,Non Refund,,0,Transient,140.0,0,0
City Hotel,1,162,2017,August,33,19,1,1,2,0.0,0,BB,PRT,Groups,TA/TO,0,0,0,A,A,0,Non Refund,,0,Transient,140.0,0,0
City Hotel,1,162,2017,August,33,19,1,1,2,0.0,0,BB,PRT,Groups,TA/TO,0,0,0,A,A,0,Non Refund,,0,Transient,140.0,0,0
City Hotel,1,248,2017,August,33,19,1,1,2,0.0,0,SC,AGO,Online TA,TA/TO,0,0,0,A,A,0,No Deposit,9.0,0,Transient,94.05,0,1
City Hotel,1,95,2017,August,33,19,1,1,2,0.0,0,BB,FRA,Online TA,TA/TO,0,0,0,D,D,0,No Deposit,9.0,0,Transient,160.0,0,1
City Hotel,1,162,2017,August,33,19,1,1,2,0.0,0,BB,PRT,Groups,TA/TO,0,0,0,A,A,0,Non Refund,,0,Transient,140.0,0,0
City Hotel,1,162,2017,August,33,19,1,1,2,0.0,0,BB,PRT,Groups,TA/TO,0,0,0,A,A,0,Non Refund,,0,Transient,140.0,0,0
City Hotel,1,162,2017,August,33,19,1,1,2,0.0,0,BB,PRT,Groups,TA/TO,0,0,0,A,A,0,Non Refund,,0,Transient,140.0,0,0
City Hotel,1,215,2017,August,33,19,1,1,2,0.0,0,SC,DEU,Online TA,TA/TO,0,0,0,A,A,0,No Deposit,9.0,0,Transient,94.05,0,0
City Hotel,1,162,2017,August,33,19,1,1,2,0.0,0,BB,PRT,Groups,TA/TO,0,0,0,A,A,0,Non Refund,,0,Transient,140.0,0,0
City Hotel,1,162,2017,August,33,19,1,1,2,0.0,0,BB,PRT,Groups,TA/TO,0,0,0,A,A,0,Non Refund,,0,Transient,140.0,0,0
City Hotel,1,162,2017,August,33,19,1,1,2,0.0,0,BB,PRT,Groups,TA/TO,0,0,0,A,A,0,Non Refund,,0,Transient,140.0,0,0
City Hotel,1,195,2017,August,33,19,2,1,2,0.0,0,SC,USA,Online TA,TA/TO,0,0,0,A,A,1,No Deposit,9.0,0,Transient,95.7,0,0
City Hotel,1,106,2017,August,33,19,2,1,2,0.0,0,SC,FRA,Online TA,TA/TO,0,0,0,A,A,0,No Deposit,9.0,0,Transient,125.0,0,0
City Hotel,1,103,2017,August,33,19,2,1,2,0.0,0,BB,FRA,Direct,Direct,0,0,0,A,A,0,No Deposit,14.0,0,Transient,112.5,0,0
City Hotel,1,95,2017,August,33,19,2,1,2,0.0,0,HB,FRA,Online TA,TA/TO,0,0,0,D,D,2,No Deposit,9.0,0,Transient,169.33,0,1
City Hotel,1,164,2017,August,33,19,2,2,2,0.0,0,BB,PRT,Online TA,TA/TO,0,0,0,A,A,0,No Deposit,8.0,0,Transient,130.5,0,1
City Hotel,1,176,2017,August,33,19,2,3,2,0.0,0,BB,USA,Online TA,TA/TO,0,0,0,A,A,0,No Deposit,9.0,0,Transient,115.02,0,1
City Hotel,1,207,2017,August,33,19,2,3,2,0.0,0,SC,FRA,Online TA,TA/TO,0,0,0,A,A,0,No Deposit,9.0,0,Transient,97.02,0,0
City Hotel,1,205,2017,August,33,19,2,4,2,0.0,0,SC,FRA,Online TA,TA/TO,0,0,0,A,A,0,No Deposit,9.0,0,Transient,97.35,0,1
City Hotel,1,213,2017,August,33,19,2,5,2,0.0,0,SC,ROU,Online TA,TA/TO,0,0,0,A,A,0,No Deposit,9.0,0,Transient,97.59,0,0
City Hotel,1,139,2017,August,33,19,2,5,2,0.0,0,BB,AUT,Online TA,TA/TO,0,0,0,D,D,0,No Deposit,9.0,0,Transient,155.0,0,0
City Hotel,1,139,2017,August,33,19,2,5,2,0.0,0,BB,AUT,Online TA,TA/TO,0,0,0,D,D,0,No Deposit,9.0,0,Transient,155.0,0,0
City Hotel,1,0,2017,August,34,20,1,0,2,0.0,0,BB,DEU,Direct,Direct,0,0,0,D,D,0,No Deposit,14.0,0,Transient,203.6,0,0
City Hotel,1,231,2017,August,34,20,2,0,2,0.0,0,BB,DEU,Online TA,TA/TO,0,0,0,A,A,0,No Deposit,9.0,0,Transient,117.0,0,0
City Hotel,1,143,2017,August,34,20,2,1,2,0.0,0,SC,ESP,Online TA,TA/TO,0,0,0,A,A,0,No Deposit,9.0,0,Transient,125.0,0,0
City Hotel,1,99,2017,August,34,20,2,1,2,0.0,0,SC,GBR,Online TA,TA/TO,0,0,0,A,A,0,No Deposit,9.0,0,Transient,125.0,0,0
City Hotel,1,143,2017,August,34,20,2,1,2,0.0,0,SC,ESP,Online TA,TA/TO,0,0,0,A,A,0,No Deposit,9.0,0,Transient,125.0,0,0
City Hotel,1,99,2017,August,34,20,2,1,2,0.0,0,SC,GBR,Online TA,TA/TO,0,0,0,A,A,0,No Deposit,9.0,0,Transient,125.0,0,0
City Hotel,1,165,2017,August,34,20,2,2,2,0.0,0,SC,GBR,Online TA,TA/TO,0,0,0,A,A,0,No Deposit,9.0,0,Transient,112.5,0,2
City Hotel,1,186,2017,August,34,20,2,2,2,0.0,0,SC,FRA,Online TA,TA/TO,0,0,0,A,A,0,No Deposit,9.0,0,Transient,99.0,0,1
City Hotel,1,148,2017,August,34,20,2,4,2,0.0,0,BB,PRT,Online TA,TA/TO,0,0,0,D,D,0,No Deposit,8.0,0,Transient,142.09,0,0
City Hotel,1,121,2017,August,34,20,2,4,2,0.0,0,SC,USA,Online TA,TA/TO,0,0,0,A,A,0,No Deposit,9.0,0,Transient,125.0,0,1
City Hotel,1,123,2017,August,34,20,2,4,2,0.0,0,BB,PRT,Online TA,TA/TO,0,0,0,D,D,0,No Deposit,8.0,0,Transient,155.0,0,1
City Hotel,1,107,2017,August,34,20,2,4,2,0.0,0,BB,FRA,Online TA,TA/TO,0,0,0,D,D,0,No Deposit,9.0,0,Transient,155.0,0,1
City Hotel,1,217,2017,August,34,20,2,5,2,0.0,0,HB,ITA,Online TA,TA/TO,0,0,0,A,A,0,No Deposit,9.0,0,Transient,153.0,0,0
City Hotel,1,272,2017,August,34,20,4,5,2,0.0,0,SC,GBR,Online TA,TA/TO,0,0,0,A,A,0,No Deposit,9.0,0,Transient,105.1,0,0
City Hotel,1,0,2017,August,34,21,1,0,2,0.0,0,BB,PRT,Direct,Direct,0,0,0,A,A,0,No Deposit,,0,Transient,12.0,0,0
City Hotel,1,253,2017,August,34,21,1,1,2,0.0,0,BB,FRA,Online TA,TA/TO,0,0,0,A,A,0,No Deposit,9.0,0,Transient,117.0,0,0
City Hotel,1,114,2017,August,34,21,1,1,2,0.0,0,HB,ESP,Online TA,TA/TO,0,0,0,D,D,0,No Deposit,9.0,0,Transient,193.0,0,1
City Hotel,1,114,2017,August,34,21,1,1,2,0.0,0,HB,ESP,Online TA,TA/TO,0,0,0,D,D,0,No Deposit,9.0,0,Transient,193.0,0,1
City Hotel,1,151,2017,August,34,21,1,1,2,0.0,0,BB,IRL,Online TA,TA/TO,0,0,0,A,A,0,No Deposit,9.0,0,Transient,130.5,0,0
City Hotel,1,12,2017,August,34,21,1,2,2,0.0,0,BB,USA,Direct,Direct,0,0,0,D,D,0,No Deposit,14.0,0,Transient,144.0,0,0
City Hotel,1,179,2017,August,34,21,1,2,2,0.0,0,BB,DEU,Online TA,TA/TO,0,0,0,D,D,2,No Deposit,9.0,0,Transient,126.0,0,0
City Hotel,1,148,2017,August,34,21,1,2,2,0.0,0,BB,DEU,Online TA,TA/TO,0,0,0,E,E,0,No Deposit,9.0,0,Transient,166.5,0,0
City Hotel,1,147,2017,August,34,21,1,2,2,0.0,0,BB,ESP,Direct,Direct,0,0,0,A,A,2,No Deposit,14.0,0,Transient,101.88,0,0
City Hotel,1,147,2017,August,34,21,1,2,2,0.0,0,BB,ESP,Direct,Direct,0,0,0,A,A,2,No Deposit,14.0,0,Transient,101.88,0,0
City Hotel,1,180,2017,August,34,21,1,2,2,0.0,0,BB,PRT,Online TA,TA/TO,0,0,0,A,A,0,No Deposit,9.0,0,Transient,117.0,0,0
City Hotel,1,188,2017,August,34,21,1,3,2,0.0,0,BB,ITA,Online TA,TA/TO,0,0,0,A,A,0,No Deposit,9.0,0,Transient,117.0,0,0
City Hotel,1,150,2017,August,34,21,1,3,2,0.0,0,BB,ESP,Online TA,TA/TO,0,0,0,A,A,0,No Deposit,9.0,0,Transient,145.0,0,1
City Hotel,1,98,2017,August,34,21,1,3,2,0.0,0,SC,GBR,Online TA,TA/TO,0,0,0,A,A,0,No Deposit,9.0,0,Transient,125.0,0,2
City Hotel,1,176,2017,August,34,21,1,3,2,0.0,0,SC,FRA,Online TA,TA/TO,0,0,0,A,A,0,No Deposit,9.0,0,Transient,99.0,0,0
City Hotel,1,116,2017,August,34,21,1,3,2,0.0,0,BB,CHN,Online TA,TA/TO,0,0,0,D,D,0,No Deposit,9.0,0,Transient,139.5,0,1
City Hotel,1,151,2017,August,34,21,1,3,2,0.0,0,SC,IRL,Online TA,TA/TO,0,0,0,A,A,0,No Deposit,9.0,0,Transient,118.75,0,0
City Hotel,1,223,2017,August,34,21,1,5,2,0.0,0,BB,GBR,Online TA,TA/TO,0,0,0,D,D,0,No Deposit,9.0,0,Transient,130.5,0,0
City Hotel,1,187,2017,August,34,21,1,5,2,0.0,0,BB,ESP,Online TA,TA/TO,0,0,0,D,D,0,No Deposit,9.0,0,Transient,135.0,0,1
City Hotel,1,223,2017,August,34,21,1,5,2,0.0,0,BB,GBR,Online TA,TA/TO,0,0,0,D,D,0,No Deposit,9.0,0,Transient,130.5,0,0
City Hotel,1,256,2017,August,34,21,2,5,2,0.0,0,BB,TUR,Online TA,TA/TO,0,0,0,A,A,0,No Deposit,9.0,0,Transient,117.0,0,1
City Hotel,1,199,2017,August,34,21,2,5,2,0.0,0,BB,ITA,Online TA,TA/TO,0,0,0,D,D,0,No Deposit,9.0,0,Transient,126.0,0,0
City Hotel,1,252,2017,August,34,21,2,5,2,0.0,0,BB,FRA,Online TA,TA/TO,0,0,0,A,A,0,No Deposit,9.0,0,Transient,117.0,0,1
City Hotel,1,229,2017,August,34,21,3,8,2,0.0,0,SC,GBR,Online TA,TA/TO,0,0,0,A,A,0,No Deposit,9.0,0,Transient,99.0,0,0
City Hotel,1,346,2017,August,34,22,0,2,2,0.0,0,BB,BEL,Online TA,TA/TO,0,0,0,D,D,0,No Deposit,9.0,0,Transient,174.0,0,1
City Hotel,1,106,2017,August,34,22,0,2,2,0.0,0,SC,GBR,Online TA,TA/TO,0,0,0,A,A,0,No Deposit,9.0,0,Transient,125.0,0,0
City Hotel,1,39,2017,August,34,22,0,2,2,0.0,0,SC,DEU,Online TA,TA/TO,0,0,0,A,A,0,No Deposit,9.0,0,Transient,140.0,0,0
City Hotel,1,105,2017,August,34,22,0,3,2,0.0,0,SC,FRA,Online TA,TA/TO,0,0,0,A,A,0,No Deposit,9.0,0,Transient,125.0,0,0
City Hotel,1,189,2017,August,34,22,0,3,2,0.0,0,BB,PRT,Offline TA/TO,TA/TO,0,0,0,A,A,0,No Deposit,138.0,0,Transient,80.1,0,1
City Hotel,1,105,2017,August,34,22,0,3,2,0.0,0,SC,FRA,Online TA,TA/TO,0,0,0,A,A,0,No Deposit,9.0,0,Transient,125.0,0,1
City Hotel,1,189,2017,August,34,22,0,3,2,0.0,0,BB,PRT,Offline TA/TO,TA/TO,0,0,0,A,A,0,No Deposit,138.0,0,Transient,80.1,0,1
City Hotel,1,40,2017,August,34,22,0,4,2,0.0,0,BB,PRT,Direct,Direct,0,0,0,A,A,1,No Deposit,14.0,0,Transient,144.5,0,0
City Hotel,1,40,2017,August,34,22,0,4,2,0.0,0,BB,PRT,Direct,Direct,0,0,0,A,A,1,No Deposit,14.0,0,Transient,144.5,0,0
City Hotel,1,40,2017,August,34,22,0,4,2,0.0,0,BB,PRT,Direct,Direct,0,0,0,A,A,1,No Deposit,14.0,0,Transient,144.5,0,1
City Hotel,1,160,2017,August,34,22,0,4,2,0.0,0,BB,ISR,Online TA,TA/TO,0,0,0,A,A,1,No Deposit,9.0,0,Transient,130.5,0,0
City Hotel,1,162,2017,August,34,22,0,4,2,0.0,0,BB,DEU,Online TA,TA/TO,0,0,0,A,A,0,No Deposit,9.0,0,Transient,130.5,0,0
City Hotel,1,177,2017,August,34,23,0,1,2,0.0,0,SC,ITA,Online TA,TA/TO,0,0,0,A,A,0,No Deposit,9.0,0,Transient,112.5,0,0
City Hotel,1,12,2017,August,34,23,0,1,2,0.0,0,BB,PRT,Offline TA/TO,TA/TO,0,0,0,A,A,1,No Deposit,98.0,0,Transient-Party,130.0,0,0
City Hotel,1,77,2017,August,34,23,0,1,2,0.0,0,BB,ZWE,Direct,Direct,0,0,0,A,A,0,No Deposit,14.0,0,Transient,126.0,0,0
City Hotel,1,42,2017,August,34,23,0,2,2,0.0,0,SC,USA,Online TA,TA/TO,0,0,0,A,A,0,No Deposit,9.0,0,Transient,129.0,0,1
City Hotel,1,141,2017,August,34,23,0,2,2,0.0,0,BB,USA,Direct,Direct,0,0,0,D,D,0,No Deposit,14.0,0,Transient,150.0,0,2
City Hotel,1,57,2017,August,34,23,0,2,2,0.0,0,BB,CHN,Online TA,TA/TO,0,0,0,A,A,0,No Deposit,9.0,0,Transient,149.0,0,1
City Hotel,1,33,2017,August,34,23,0,2,2,0.0,0,SC,ESP,Online TA,TA/TO,0,0,0,A,A,0,No Deposit,9.0,0,Transient,129.5,0,1
City Hotel,1,17,2017,August,34,23,0,2,2,0.0,0,SC,USA,Online TA,TA/TO,0,0,0,A,A,0,No Deposit,9.0,0,Transient,129.5,0,1
City Hotel,1,33,2017,August,34,23,0,2,2,0.0,0,SC,ESP,Online TA,TA/TO,0,0,0,A,A,0,No Deposit,9.0,0,Transient,129.5,0,1
City Hotel,1,34,2017,August,34,23,0,2,2,0.0,0,BB,IRL,Direct,Direct,0,0,0,A,A,0,No Deposit,14.0,0,Transient,144.5,0,2
City Hotel,1,51,2017,August,34,23,0,2,2,0.0,0,SC,PRT,Online TA,TA/TO,0,0,0,A,A,0,No Deposit,8.0,0,Transient,129.0,0,1
City Hotel,1,56,2017,August,34,23,0,3,2,0.0,0,BB,ITA,Online TA,TA/TO,0,0,0,A,A,0,No Deposit,9.0,0,Transient,152.67,0,1
City Hotel,1,121,2017,August,34,23,2,5,2,0.0,0,BB,GBR,Online TA,TA/TO,0,0,0,D,D,0,No Deposit,9.0,0,Transient,155.0,0,0
City Hotel,1,0,2017,August,34,24,0,1,2,0.0,0,BB,PRT,Direct,Direct,0,0,0,A,A,0,No Deposit,,0,Transient,12.0,0,0
City Hotel,1,2,2017,August,34,24,0,1,2,0.0,0,BB,PRT,Groups,TA/TO,0,0,0,A,A,0,No Deposit,147.0,0,Transient-Party,140.0,0,1
City Hotel,1,52,2017,August,34,24,0,2,2,0.0,0,BB,DEU,Online TA,TA/TO,0,0,0,A,A,0,No Deposit,9.0,0,Transient,149.0,0,1
City Hotel,1,59,2017,August,34,24,0,2,2,0.0,0,SC,ITA,Online TA,TA/TO,0,0,0,A,A,0,No Deposit,9.0,0,Transient,129.0,0,1
City Hotel,1,34,2017,August,34,24,0,2,2,0.0,0,BB,DEU,Online TA,TA/TO,0,0,0,A,A,0,No Deposit,9.0,0,Transient,149.5,0,1
City Hotel,1,164,2017,August,34,24,0,3,2,0.0,0,BB,FRA,Online TA,TA/TO,0,0,0,D,D,0,No Deposit,9.0,0,Transient,139.5,0,0
City Hotel,1,329,2017,August,34,24,0,3,2,0.0,0,SC,DEU,Online TA,TA/TO,0,0,0,A,A,0,No Deposit,9.0,0,Transient,101.1,0,1
City Hotel,1,329,2017,August,34,24,0,3,2,0.0,0,SC,DEU,Online TA,TA/TO,0,0,0,A,A,0,No Deposit,9.0,0,Transient,101.1,0,1
City Hotel,1,163,2017,August,34,24,0,3,2,0.0,0,BB,GBR,Online TA,TA/TO,0,0,0,E,E,0,No Deposit,9.0,0,Transient,166.5,0,0
City Hotel,1,185,2017,August,34,24,0,3,2,0.0,0,BB,NLD,Online TA,TA/TO,0,0,0,D,D,0,No Deposit,9.0,0,Transient,126.0,0,0
City Hotel,1,185,2017,August,34,24,1,3,2,0.0,0,BB,GBR,Online TA,TA/TO,0,0,0,D,D,0,No Deposit,9.0,0,Transient,126.0,0,0
City Hotel,1,265,2017,August,34,24,1,3,2,0.0,0,SC,BRA,Online TA,TA/TO,0,0,0,A,A,0,No Deposit,9.0,0,Transient,99.0,0,0
City Hotel,1,265,2017,August,34,24,1,3,2,0.0,0,SC,BRA,Online TA,TA/TO,0,0,0,A,A,0,No Deposit,9.0,0,Transient,99.0,0,0
City Hotel,1,301,2017,August,34,24,1,3,2,0.0,0,BB,BRA,Online TA,TA/TO,0,0,0,A,A,0,No Deposit,9.0,0,Transient,116.1,0,2
City Hotel,1,13,2017,August,34,24,1,3,2,0.0,0,SC,CHN,Online TA,TA/TO,0,0,0,A,A,0,No Deposit,9.0,0,Transient,122.0,0,0
City Hotel,1,301,2017,August,34,24,1,3,2,0.0,0,BB,BRA,Online TA,TA/TO,0,0,0,A,A,0,No Deposit,9.0,0,Transient,116.1,0,2
City Hotel,1,138,2017,August,34,24,1,3,2,0.0,0,BB,IRL,Online TA,TA/TO,0,0,0,D,D,0,No Deposit,9.0,0,Transient,155.0,0,1
City Hotel,1,76,2017,August,34,24,2,5,2,0.0,0,HB,DEU,Online TA,TA/TO,0,0,0,D,D,0,No Deposit,9.0,0,Transient,204.86,0,1
City Hotel,1,139,2017,August,34,24,3,8,2,0.0,0,BB,PRT,Online TA,TA/TO,0,0,0,D,D,0,No Deposit,83.0,0,Transient,117.41,0,0
City Hotel,1,457,2017,August,34,25,0,2,2,0.0,0,HB,PRT,Offline TA/TO,TA/TO,0,0,0,A,A,0,No Deposit,6.0,0,Transient-Party,122.4,0,1
City Hotel,1,457,2017,August,34,25,0,2,2,0.0,0,BB,PRT,Offline TA/TO,TA/TO,0,0,0,A,A,0,No Deposit,6.0,0,Transient-Party,80.0,0,0
City Hotel,1,43,2017,August,34,25,0,2,2,0.0,0,SC,GBR,Online TA,TA/TO,0,0,0,A,A,0,No Deposit,9.0,0,Transient,140.0,0,2
City Hotel,1,457,2017,August,34,25,0,2,2,0.0,0,BB,PRT,Offline TA/TO,TA/TO,0,0,0,A,A,0,No Deposit,6.0,0,Transient-Party,80.0,0,0
City Hotel,1,39,2017,August,34,25,0,2,2,0.0,0,BB,ESP,Online TA,TA/TO,0,0,0,D,D,0,No Deposit,9.0,0,Transient,170.0,0,3
City Hotel,1,457,2017,August,34,25,0,2,2,0.0,0,HB,PRT,Offline TA/TO,TA/TO,0,0,0,A,A,0,No Deposit,6.0,0,Transient-Party,122.4,0,1
City Hotel,1,457,2017,August,34,25,0,2,2,0.0,0,BB,PRT,Offline TA/TO,TA/TO,0,0,0,A,A,0,No Deposit,6.0,0,Transient-Party,80.0,0,0
City Hotel,1,50,2017,August,34,25,0,2,2,0.0,0,SC,GBR,Online TA,TA/TO,0,0,0,A,A,0,No Deposit,9.0,0,Transient,140.0,0,2
City Hotel,1,159,2017,August,34,25,0,2,2,0.0,0,BB,ISR,Online TA,TA/TO,0,0,0,D,D,0,No Deposit,9.0,0,Transient,139.5,0,0
City Hotel,1,457,2017,August,34,25,0,2,2,0.0,0,BB,PRT,Offline TA/TO,TA/TO,0,0,0,A,A,0,No Deposit,6.0,0,Transient-Party,80.0,0,0
City Hotel,1,204,2017,August,34,25,1,2,2,0.0,0,SC,DEU,Online TA,TA/TO,0,0,0,A,A,0,No Deposit,9.0,0,Transient,99.0,0,0
City Hotel,1,222,2017,August,34,25,1,2,2,0.0,0,BB,ITA,Online TA,TA/TO,0,0,0,A,A,0,No Deposit,9.0,0,Transient,117.0,0,0
City Hotel,1,222,2017,August,34,25,1,2,2,0.0,0,BB,ITA,Online TA,TA/TO,0,0,0,A,A,0,No Deposit,9.0,0,Transient,117.0,0,0
City Hotel,1,191,2017,August,34,25,1,2,2,0.0,0,BB,SWE,Online TA,TA/TO,0,0,0,D,D,0,No Deposit,9.0,0,Transient,126.0,0,0
City Hotel,1,222,2017,August,34,25,1,2,2,0.0,0,BB,ITA,Online TA,TA/TO,0,0,0,A,A,0,No Deposit,9.0,0,Transient,117.0,0,0
City Hotel,1,295,2017,August,34,25,1,2,2,0.0,0,SC,GBR,Online TA,TA/TO,0,0,0,A,A,0,No Deposit,9.0,0,Transient,89.1,0,0
City Hotel,1,235,2017,August,34,25,1,2,2,0.0,0,SC,CHE,Online TA,TA/TO,0,0,0,A,A,0,No Deposit,9.0,0,Transient,99.0,0,0
City Hotel,1,109,2017,August,34,25,1,2,2,0.0,0,HB,PRT,Online TA,TA/TO,0,0,0,D,D,0,No Deposit,423.0,0,Transient,142.41,0,0
City Hotel,1,94,2017,August,34,25,1,2,2,0.0,0,BB,PRT,Online TA,TA/TO,0,0,0,D,D,0,No Deposit,83.0,0,Transient,122.45,0,0
City Hotel,1,94,2017,August,34,25,1,2,2,0.0,0,BB,PRT,Online TA,TA/TO,0,0,0,D,D,0,No Deposit,86.0,0,Transient,127.47,0,0
City Hotel,1,184,2017,August,34,25,2,2,2,0.0,0,BB,GBR,Online TA,TA/TO,0,0,0,D,D,0,No Deposit,9.0,0,Transient,126.0,0,0
City Hotel,1,99,2017,August,34,25,2,2,2,0.0,0,BB,ISR,Direct,Direct,0,0,0,D,D,0,No Deposit,14.0,0,Transient,132.3,0,2
City Hotel,1,15,2017,August,34,25,2,2,2,0.0,0,SC,PRT,Online TA,TA/TO,0,0,0,A,A,0,No Deposit,7.0,0,Transient,101.8,0,1
City Hotel,1,228,2017,August,34,25,2,6,2,0.0,0,BB,ROU,Online TA,TA/TO,0,0,0,A,A,0,No Deposit,9.0,0,Transient,117.0,0,0
City Hotel,1,458,2017,August,34,26,0,1,2,0.0,0,HB,PRT,Offline TA/TO,TA/TO,0,0,0,A,A,2,No Deposit,6.0,0,Transient-Party,43.2,0,2
City Hotel,1,65,2017,August,34,26,1,1,2,0.0,0,BB,PRT,Online TA,TA/TO,0,0,0,E,E,0,No Deposit,83.0,0,Transient,164.0,0,0
City Hotel,1,28,2017,August,34,26,1,1,2,0.0,0,SC,GBR,Online TA,TA/TO,0,0,0,A,A,0,No Deposit,9.0,0,Transient,114.5,0,2
City Hotel,1,89,2017,August,34,26,1,1,2,0.0,0,BB,PRT,Online TA,TA/TO,0,0,0,D,D,0,No Deposit,7.0,0,Transient,109.44,0,1
City Hotel,1,518,2017,August,34,26,2,1,2,0.0,0,BB,PRT,Offline TA/TO,TA/TO,0,0,0,A,A,0,No Deposit,229.0,0,Transient-Party,90.0,0,0
City Hotel,1,518,2017,August,34,26,2,1,2,0.0,0,BB,PRT,Offline TA/TO,TA/TO,0,0,0,A,A,0,No Deposit,229.0,0,Transient-Party,90.0,0,0
City Hotel,1,134,2017,August,34,26,2,1,2,0.0,0,BB,PRT,Online TA,TA/TO,0,0,0,D,D,0,No Deposit,425.0,0,Transient,127.1,0,0
City Hotel,1,518,2017,August,34,26,2,1,2,0.0,0,BB,PRT,Offline TA/TO,TA/TO,0,0,0,A,A,0,No Deposit,229.0,0,Transient-Party,90.0,0,0
City Hotel,1,232,2017,August,34,26,2,1,2,0.0,0,SC,PRT,Online TA,TA/TO,0,0,0,A,A,0,No Deposit,8.0,0,Transient,99.0,0,1
City Hotel,1,50,2017,August,34,26,2,3,2,0.0,0,BB,GBR,Online TA,TA/TO,0,0,0,E,E,0,No Deposit,9.0,0,Transient,200.0,0,1
City Hotel,1,19,2017,August,34,26,2,3,2,0.0,0,BB,CN,Online TA,TA/TO,0,0,0,D,D,0,No Deposit,9.0,0,Transient,159.8,0,0
City Hotel,1,21,2017,August,34,26,2,3,2,0.0,0,BB,CN,Online TA,TA/TO,0,0,0,D,D,0,No Deposit,9.0,0,Transient,159.8,0,1
City Hotel,1,205,2017,August,34,26,2,5,2,0.0,0,HB,FRA,Online TA,TA/TO,0,0,0,D,D,2,No Deposit,9.0,0,Transient,164.03,0,0
City Hotel,1,227,2017,August,34,26,2,5,2,0.0,0,SC,DEU,Online TA,TA/TO,0,0,0,A,A,0,No Deposit,9.0,0,Transient,99.0,0,0
City Hotel,1,71,2017,August,34,26,2,2,2,0.0,0,BB,ITA,Online TA,TA/TO,0,0,0,E,E,0,No Deposit,9.0,0,Transient,200.0,0,0
City Hotel,1,227,2017,August,34,26,2,5,2,0.0,0,SC,DEU,Online TA,TA/TO,0,0,0,A,A,0,No Deposit,9.0,0,Transient,99.0,0,0
City Hotel,1,194,2017,August,34,26,2,5,2,0.0,0,HB,PRT,Offline TA/TO,TA/TO,0,0,0,A,A,0,No Deposit,394.0,0,Transient,113.39,0,0
City Hotel,1,89,2017,August,35,27,1,0,2,0.0,0,BB,GBR,Online TA,TA/TO,0,0,0,A,A,0,No Deposit,9.0,0,Transient,118.0,0,1
City Hotel,1,19,2017,August,35,27,1,0,2,0.0,0,SC,PRT,Online TA,TA/TO,0,0,0,A,A,0,No Deposit,9.0,0,Transient,89.0,0,1
City Hotel,1,28,2017,August,35,27,1,0,2,0.0,0,BB,DEU,Online TA,TA/TO,0,0,0,A,A,0,No Deposit,9.0,0,Transient,109.0,0,1
City Hotel,1,38,2017,August,35,27,1,0,2,0.0,0,BB,PRT,Online TA,TA/TO,0,0,0,A,A,2,No Deposit,9.0,0,Transient,99.0,0,1
City Hotel,1,14,2017,August,35,27,1,0,2,0.0,0,SC,PRT,Online TA,TA/TO,0,0,0,A,A,0,No Deposit,9.0,0,Transient,89.0,0,1
City Hotel,1,17,2017,August,35,27,1,0,2,0.0,0,SC,USA,Online TA,TA/TO,0,0,0,A,A,0,No Deposit,9.0,0,Transient,89.0,0,1
City Hotel,1,34,2017,August,35,27,1,0,2,0.0,0,SC,PRT,Online TA,TA/TO,0,0,0,A,A,0,No Deposit,9.0,0,Transient,89.0,0,1
City Hotel,1,10,2017,August,35,27,2,1,2,0.0,0,SC,CHE,Online TA,TA/TO,0,0,0,A,A,0,No Deposit,9.0,0,Transient,126.33,0,1
City Hotel,1,189,2017,August,35,27,2,1,2,0.0,0,SC,PRT,Online TA,TA/TO,0,0,0,A,A,0,No Deposit,7.0,0,Transient,99.0,0,0
City Hotel,1,158,2017,August,35,27,2,2,2,0.0,0,BB,CHE,Online TA,TA/TO,0,0,0,D,D,0,No Deposit,9.0,0,Transient,139.5,0,0
City Hotel,1,181,2017,August,35,27,2,3,2,0.0,0,BB,NLD,Online TA,TA/TO,0,0,0,D,D,0,No Deposit,9.0,0,Transient,139.5,0,1
City Hotel,1,137,2017,August,35,27,2,5,2,0.0,0,BB,PRT,Online TA,TA/TO,0,0,0,D,D,0,No Deposit,85.0,0,Transient,114.69,0,0
City Hotel,1,69,2017,August,35,27,2,5,2,0.0,0,BB,DEU,Online TA,TA/TO,0,0,0,D,D,0,No Deposit,9.0,0,Transient,163.71,0,1
City Hotel,1,7,2017,August,35,28,1,0,2,0.0,0,BB,PRT,Online TA,TA/TO,0,0,0,A,A,0,No Deposit,9.0,0,Transient,160.0,0,2
City Hotel,1,182,2017,August,35,28,1,1,2,0.0,0,BB,FRA,Online TA,TA/TO,0,0,0,D,D,0,No Deposit,9.0,0,Transient,126.0,0,0
City Hotel,1,279,2017,August,35,28,1,1,2,0.0,0,BB,FRA,Online TA,TA/TO,0,0,0,A,A,0,No Deposit,9.0,0,Transient,107.1,0,0
City Hotel,1,368,2017,August,35,28,1,2,2,0.0,0,BB,PRT,Offline TA/TO,TA/TO,0,0,0,A,A,1,No Deposit,28.0,0,Transient,80.1,0,0
City Hotel,1,305,2017,August,35,28,1,2,2,0.0,0,BB,USA,Online TA,TA/TO,0,0,0,A,A,0,No Deposit,9.0,0,Transient,107.1,0,2
City Hotel,1,278,2017,August,35,28,1,2,2,0.0,0,BB,BEL,Online TA,TA/TO,0,0,0,A,A,0,No Deposit,9.0,0,Transient,107.1,0,0
City Hotel,1,50,2017,August,35,28,1,2,2,0.0,0,BB,PRT,Online TA,TA/TO,0,0,0,A,A,0,No Deposit,85.0,0,Transient,115.2,0,0
City Hotel,1,162,2017,August,35,28,1,2,2,0.0,0,BB,PRT,Online TA,TA/TO,0,0,0,D,D,0,No Deposit,8.0,0,Transient,139.5,0,1
City Hotel,1,43,2017,August,35,28,1,2,2,0.0,0,SC,DEU,Online TA,TA/TO,0,0,0,A,A,0,No Deposit,9.0,0,Transient,140.0,0,2
City Hotel,1,184,2017,August,35,28,1,2,2,0.0,0,BB,PRT,Direct,Direct,0,0,0,E,E,0,No Deposit,14.0,0,Transient,191.67,0,3
City Hotel,1,161,2017,August,35,28,1,3,2,0.0,0,HB,ITA,Online TA,TA/TO,0,0,0,D,D,2,No Deposit,9.0,0,Transient,178.53,0,0
City Hotel,1,206,2017,August,35,28,1,3,2,0.0,0,BB,FRA,Online TA,TA/TO,0,0,0,D,D,0,No Deposit,9.0,0,Transient,126.0,0,1
City Hotel,1,35,2017,August,35,28,1,3,2,0.0,0,BB,GBR,Online TA,TA/TO,0,0,0,D,D,0,No Deposit,9.0,0,Transient,170.0,0,1
City Hotel,1,321,2017,August,35,28,1,4,2,0.0,0,HB,FRA,Online TA,TA/TO,0,0,0,A,A,2,No Deposit,9.0,0,Transient,145.08,0,3
City Hotel,1,112,2017,August,35,28,1,5,2,0.0,0,BB,DEU,Online TA,TA/TO,0,0,0,D,D,0,No Deposit,9.0,0,Transient,155.0,0,1
City Hotel,1,212,2017,August,35,28,2,5,2,0.0,0,BB,PRT,Online TA,TA/TO,0,0,0,A,A,0,No Deposit,7.0,0,Transient,85.59,0,0
City Hotel,1,222,2017,August,35,28,1,5,2,0.0,0,SC,JPN,Online TA,TA/TO,0,0,0,A,A,0,No Deposit,9.0,0,Transient,99.0,0,2
City Hotel,1,521,2017,August,35,29,0,1,2,0.0,0,BB,PRT,Offline TA/TO,TA/TO,0,0,0,A,A,0,Non Refund,229.0,0,Transient,90.0,0,0
City Hotel,1,521,2017,August,35,29,0,1,2,0.0,0,BB,PRT,Offline TA/TO,TA/TO,0,0,0,A,A,0,Non Refund,229.0,0,Transient,90.0,0,0
City Hotel,1,521,2017,August,35,29,0,1,2,0.0,0,BB,PRT,Offline TA/TO,TA/TO,0,0,0,A,A,0,Non Refund,229.0,0,Transient,90.0,0,0
City Hotel,1,521,2017,August,35,29,0,1,2,0.0,0,BB,PRT,Offline TA/TO,TA/TO,0,0,0,A,A,0,Non Refund,229.0,0,Transient,90.0,0,0
City Hotel,1,521,2017,August,35,29,0,1,2,0.0,0,BB,PRT,Offline TA/TO,TA/TO,0,0,0,A,A,0,Non Refund,229.0,0,Transient,90.0,0,0
City Hotel,1,521,2017,August,35,29,0,1,2,0.0,0,BB,PRT,Offline TA/TO,TA/TO,0,0,0,A,A,0,Non Refund,229.0,0,Transient,90.0,0,0
City Hotel,1,521,2017,August,35,29,0,1,2,0.0,0,BB,PRT,Offline TA/TO,TA/TO,0,0,0,A,A,0,Non Refund,229.0,0,Transient,90.0,0,0
City Hotel,1,521,2017,August,35,29,0,1,2,0.0,0,BB,PRT,Offline TA/TO,TA/TO,0,0,0,A,A,0,Non Refund,229.0,0,Transient,90.0,0,0
City Hotel,1,521,2017,August,35,29,0,1,2,0.0,0,BB,PRT,Offline TA/TO,TA/TO,0,0,0,A,A,0,Non Refund,229.0,0,Transient,90.0,0,0
City Hotel,1,521,2017,August,35,29,0,1,2,0.0,0,BB,PRT,Offline TA/TO,TA/TO,0,0,0,A,A,0,Non Refund,229.0,0,Transient,90.0,0,0
City Hotel,1,228,2017,August,35,29,0,2,2,0.0,0,BB,BRA,Online TA,TA/TO,0,0,0,A,A,0,No Deposit,9.0,0,Transient,117.0,0,1
City Hotel,1,184,2017,August,35,29,0,2,2,0.0,0,SC,FRA,Online TA,TA/TO,0,0,0,A,A,0,No Deposit,9.0,0,Transient,99.0,0,1
City Hotel,1,43,2017,August,35,29,0,4,2,0.0,0,SC,GBR,Online TA,TA/TO,0,0,0,A,A,0,No Deposit,9.0,0,Transient,137.25,0,1
City Hotel,1,210,2017,August,35,29,0,4,2,0.0,0,BB,GBR,Online TA,TA/TO,0,0,0,A,A,0,No Deposit,9.0,0,Transient,117.0,0,0
City Hotel,1,171,2017,August,35,29,0,4,2,0.0,0,HB,FRA,Online TA,TA/TO,0,0,0,A,A,0,No Deposit,9.0,0,Transient,168.08,0,0
City Hotel,1,234,2017,August,35,29,0,4,2,0.0,0,BB,GBR,Online TA,TA/TO,0,0,0,A,A,0,No Deposit,9.0,0,Transient,117.0,0,1
City Hotel,1,223,2017,August,35,29,0,4,2,0.0,0,SC,BEL,Online TA,TA/TO,0,0,0,A,A,0,No Deposit,9.0,0,Transient,99.0,0,2
City Hotel,1,146,2017,August,35,29,0,5,2,0.0,0,SC,NOR,Online TA,TA/TO,0,0,0,A,A,0,No Deposit,9.0,0,Transient,131.0,0,1
City Hotel,1,320,2017,August,35,29,2,5,2,0.0,0,BB,DEU,Online TA,TA/TO,0,0,0,A,A,0,No Deposit,9.0,0,Transient,112.76,0,3
City Hotel,1,33,2017,August,35,29,2,5,2,0.0,0,BB,BLR,Online TA,TA/TO,0,0,0,D,D,0,No Deposit,9.0,0,Transient,162.29,0,1
City Hotel,1,30,2017,August,35,30,0,3,2,0.0,0,BB,CHN,Online TA,TA/TO,0,0,0,D,D,4,No Deposit,9.0,0,Transient,166.33,0,1
City Hotel,1,220,2017,August,35,30,0,3,2,0.0,0,BB,CHE,Online TA,TA/TO,0,0,0,A,A,0,No Deposit,9.0,0,Transient,117.0,0,1
City Hotel,1,207,2017,August,35,30,0,2,2,0.0,0,SC,PRT,Online TA,TA/TO,0,0,0,A,A,0,No Deposit,8.0,0,Transient,99.0,0,0
City Hotel,1,73,2017,August,35,30,0,3,2,0.0,0,BB,SWE,Online TA,TA/TO,0,0,0,D,D,0,No Deposit,9.0,0,Transient,162.67,0,1
City Hotel,1,190,2017,August,35,30,0,4,2,0.0,0,BB,BRA,Online TA,TA/TO,0,0,0,A,A,0,No Deposit,9.0,0,Transient,117.0,0,0
City Hotel,1,207,2017,August,35,30,0,4,2,0.0,0,SC,PRT,Online TA,TA/TO,0,0,0,A,A,0,No Deposit,7.0,0,Transient,99.0,0,0
City Hotel,1,176,2017,August,35,30,0,4,2,0.0,0,BB,DEU,Online TA,TA/TO,0,0,0,A,A,0,No Deposit,9.0,0,Transient,137.25,0,0
City Hotel,1,48,2017,August,35,30,2,4,2,0.0,0,HB,CHN,Online TA,TA/TO,0,0,0,D,D,0,No Deposit,9.0,0,Transient,195.33,0,1
City Hotel,1,215,2017,August,35,30,2,5,2,0.0,0,HB,ESP,Online TA,TA/TO,0,0,0,D,D,2,No Deposit,9.0,0,Transient,162.0,0,0
City Hotel,1,215,2017,August,35,30,2,5,2,0.0,0,HB,ESP,Online TA,TA/TO,0,0,0,D,D,2,No Deposit,9.0,0,Transient,162.0,0,0
City Hotel,1,65,2017,August,35,31,0,1,2,0.0,0,SC,CN,Online TA,TA/TO,0,0,0,A,A,0,No Deposit,9.0,0,Transient,140.0,0,0
City Hotel,1,184,2017,August,35,31,0,1,2,0.0,0,BB,PRT,Direct,Direct,0,0,0,A,A,0,No Deposit,14.0,0,Transient,112.5,0,0
City Hotel,1,68,2017,August,35,31,0,2,2,0.0,0,SC,USA,Online TA,TA/TO,0,0,0,A,A,0,No Deposit,9.0,0,Transient,129.0,0,1
City Hotel,1,155,2017,August,35,31,0,3,2,0.0,0,SC,SWE,Online TA,TA/TO,0,0,0,A,A,0,No Deposit,9.0,0,Transient,135.0,0,1
City Hotel,1,222,2017,August,35,31,0,3,2,0.0,0,BB,IRL,Online TA,TA/TO,0,0,0,D,D,0,No Deposit,9.0,0,Transient,126.0,0,3
City Hotel,1,177,2017,August,35,31,0,3,2,0.0,0,BB,PRT,Offline TA/TO,TA/TO,0,0,0,D,D,0,No Deposit,52.0,0,Transient,95.1,0,1
City Hotel,1,50,2017,August,35,31,0,3,2,0.0,0,SC,DEU,Online TA,TA/TO,0,0,0,A,A,0,No Deposit,9.0,0,Transient,125.33,0,1
City Hotel,1,222,2017,August,35,31,0,3,2,0.0,0,BB,IRL,Online TA,TA/TO,0,0,0,A,A,0,No Deposit,9.0,0,Transient,117.0,0,3
City Hotel,1,177,2017,August,35,31,0,3,2,0.0,0,BB,PRT,Offline TA/TO,TA/TO,0,0,0,D,D,0,No Deposit,52.0,0,Transient,95.1,0,1
City Hotel,1,131,2017,August,35,31,0,3,2,0.0,0,BB,BLR,Online TA,TA/TO,0,0,0,D,D,0,No Deposit,9.0,0,Transient,165.0,0,0
City Hotel,1,155,2017,August,35,31,0,3,2,0.0,0,SC,SWE,Online TA,TA/TO,0,0,0,A,A,0,No Deposit,9.0,0,Transient,135.0,0,1
City Hotel,1,155,2017,August,35,31,0,3,2,0.0,0,SC,SWE,Online TA,TA/TO,0,0,0,A,A,0,No Deposit,9.0,0,Transient,135.0,0,1
City Hotel,1,155,2017,August,35,31,0,3,2,0.0,0,SC,SWE,Online TA,TA/TO,0,0,0,A,A,0,No Deposit,9.0,0,Transient,135.0,0,1
City Hotel,1,222,2017,August,35,31,0,3,2,0.0,0,BB,IRL,Online TA,TA/TO,0,0,0,A,A,0,No Deposit,9.0,0,Transient,117.0,0,3
City Hotel,1,112,2017,August,35,31,1,3,2,0.0,0,BB,DEU,Online TA,TA/TO,0,0,0,A,A,0,No Deposit,9.0,0,Transient,145.0,0,2
City Hotel,1,241,2017,August,35,31,1,3,2,0.0,0,BB,DEU,Online TA,TA/TO,0,0,0,A,A,0,No Deposit,9.0,0,Transient,117.0,0,0
City Hotel,1,117,2017,August,35,31,2,3,2,0.0,0,SC,GBR,Online TA,TA/TO,0,0,0,A,A,0,No Deposit,9.0,0,Transient,125.0,0,1
City Hotel,1,245,2017,August,35,31,2,3,2,0.0,0,SC,PRT,Online TA,TA/TO,0,0,0,A,A,0,No Deposit,79.0,0,Transient,79.2,0,0
City Hotel,1,261,2017,August,35,31,2,3,2,0.0,0,SC,DEU,Online TA,TA/TO,0,0,0,A,A,0,No Deposit,9.0,0,Transient,99.0,0,1
City Hotel,1,119,2017,August,35,31,2,4,2,0.0,0,BB,GRC,Online TA,TA/TO,0,0,0,E,E,0,No Deposit,9.0,0,Transient,185.0,0,1
City Hotel,1,156,2017,August,35,31,2,5,2,0.0,0,BB,PRT,Offline TA/TO,TA/TO,0,0,0,A,A,0,No Deposit,22.0,0,Transient,82.94,0,1
City Hotel,1,265,2015,July,28,9,0,2,2,0.0,0,BB,PRT,Groups,TA/TO,1,21,0,A,A,0,No Deposit,1.0,0,Transient-Party,62.8,0,0
City Hotel,1,258,2015,July,27,2,0,2,2,0.0,0,BB,PRT,Groups,TA/TO,1,1,0,A,A,0,No Deposit,1.0,0,Transient-Party,62.8,0,0
City Hotel,1,258,2015,July,27,2,0,2,2,0.0,0,BB,PRT,Groups,TA/TO,1,1,0,A,A,0,No Deposit,1.0,0,Transient-Party,62.8,0,0
City Hotel,1,258,2015,July,27,2,0,2,2,0.0,0,BB,PRT,Groups,TA/TO,1,1,0,A,A,0,No Deposit,1.0,0,Transient-Party,62.8,0,0
City Hotel,1,258,2015,July,27,2,0,2,2,0.0,0,BB,PRT,Groups,TA/TO,1,1,0,A,A,0,No Deposit,1.0,0,Transient-Party,62.8,0,0
City Hotel,1,258,2015,July,27,2,0,2,2,0.0,0,BB,PRT,Groups,TA/TO,1,1,0,A,A,0,No Deposit,1.0,0,Transient-Party,62.8,0,0
City Hotel,1,258,2015,July,27,2,0,2,2,0.0,0,BB,PRT,Groups,TA/TO,1,1,0,A,A,0,No Deposit,1.0,0,Transient-Party,62.8,0,0
City Hotel,1,258,2015,July,27,2,0,2,2,0.0,0,BB,PRT,Groups,TA/TO,1,1,0,A,A,0,No Deposit,1.0,0,Transient-Party,62.8,0,0
City Hotel,1,258,2015,July,27,2,0,2,2,0.0,0,BB,PRT,Groups,TA/TO,1,1,0,A,A,0,No Deposit,1.0,0,Transient-Party,62.8,0,0
City Hotel,1,258,2015,July,27,2,0,2,2,0.0,0,BB,PRT,Groups,TA/TO,1,1,0,A,A,0,No Deposit,1.0,0,Transient-Party,62.8,0,0
City Hotel,1,258,2015,July,27,2,0,2,2,0.0,0,BB,PRT,Groups,TA/TO,1,1,0,A,A,0,No Deposit,1.0,0,Transient-Party,62.8,0,0
City Hotel,1,258,2015,July,27,2,0,2,2,0.0,0,BB,PRT,Groups,TA/TO,1,1,0,A,A,0,No Deposit,1.0,0,Transient-Party,62.8,0,0
City Hotel,1,258,2015,July,27,2,0,2,2,0.0,0,BB,PRT,Groups,TA/TO,1,1,0,A,A,0,No Deposit,1.0,0,Transient-Party,62.8,0,0
City Hotel,1,258,2015,July,27,2,0,2,2,0.0,0,BB,PRT,Groups,TA/TO,1,1,0,A,A,0,No Deposit,1.0,0,Transient-Party,62.8,0,0
City Hotel,1,258,2015,July,27,2,0,2,2,0.0,0,BB,PRT,Groups,TA/TO,1,1,0,A,A,0,No Deposit,1.0,0,Transient-Party,62.8,0,0
City Hotel,1,258,2015,July,27,2,0,2,2,0.0,0,BB,PRT,Groups,TA/TO,1,1,0,A,A,0,No Deposit,1.0,0,Transient-Party,62.8,0,0
City Hotel,1,258,2015,July,27,2,0,2,2,0.0,0,BB,PRT,Groups,TA/TO,1,1,0,A,A,0,No Deposit,1.0,0,Transient-Party,62.8,0,0
City Hotel,1,258,2015,July,27,2,0,2,2,0.0,0,BB,PRT,Groups,TA/TO,1,1,0,A,A,0,No Deposit,1.0,0,Transient-Party,62.8,0,0
City Hotel,1,258,2015,July,27,2,0,2,2,0.0,0,BB,PRT,Groups,TA/TO,1,1,0,A,A,0,No Deposit,1.0,0,Transient-Party,62.8,0,0
City Hotel,1,258,2015,July,27,2,0,2,2,0.0,0,BB,PRT,Groups,TA/TO,1,1,0,A,A,0,No Deposit,1.0,0,Transient-Party,62.8,0,0
City Hotel,1,258,2015,July,27,2,0,2,2,0.0,0,BB,PRT,Groups,TA/TO,1,1,0,A,A,0,No Deposit,1.0,0,Transient-Party,62.8,0,0
City Hotel,1,265,2015,July,28,9,0,2,2,0.0,0,BB,PRT,Groups,TA/TO,1,1,0,A,A,0,No Deposit,1.0,0,Transient-Party,62.8,0,0
City Hotel,1,265,2015,July,28,9,0,2,2,0.0,0,BB,PRT,Groups,TA/TO,1,1,0,A,A,0,No Deposit,1.0,0,Transient-Party,62.8,0,0
City Hotel,1,265,2015,July,28,9,0,2,2,0.0,0,BB,PRT,Groups,TA/TO,1,1,0,A,A,0,No Deposit,1.0,0,Transient-Party,62.8,0,0
City Hotel,1,265,2015,July,28,9,0,2,2,0.0,0,BB,PRT,Groups,TA/TO,1,1,0,A,A,0,No Deposit,1.0,0,Transient-Party,62.8,0,0
City Hotel,1,265,2015,July,28,9,0,2,2,0.0,0,BB,PRT,Groups,TA/TO,1,1,0,A,A,0,No Deposit,1.0,0,Transient-Party,62.8,0,0
City Hotel,1,265,2015,July,28,9,0,2,2,0.0,0,BB,PRT,Groups,TA/TO,1,1,0,A,A,0,No Deposit,1.0,0,Transient-Party,62.8,0,0
City Hotel,1,265,2015,July,28,9,0,2,2,0.0,0,BB,PRT,Groups,TA/TO,1,1,0,A,A,0,No Deposit,1.0,0,Transient-Party,62.8,0,0
City Hotel,1,265,2015,July,28,9,0,2,2,0.0,0,BB,PRT,Groups,TA/TO,1,1,0,A,A,0,No Deposit,1.0,0,Transient-Party,62.8,0,0
City Hotel,1,265,2015,July,28,9,0,2,2,0.0,0,BB,PRT,Groups,TA/TO,1,1,0,A,A,0,No Deposit,1.0,0,Transient-Party,62.8,0,0
City Hotel,1,265,2015,July,28,9,0,2,2,0.0,0,BB,PRT,Groups,TA/TO,1,1,0,A,A,0,No Deposit,1.0,0,Transient-Party,62.8,0,0
City Hotel,1,265,2015,July,28,9,0,2,2,0.0,0,BB,PRT,Groups,TA/TO,1,1,0,A,A,0,No Deposit,1.0,0,Transient-Party,62.8,0,0
City Hotel,1,265,2015,July,28,9,0,2,2,0.0,0,BB,PRT,Groups,TA/TO,1,1,0,A,A,0,No Deposit,1.0,0,Transient-Party,62.8,0,0
City Hotel,1,265,2015,July,28,9,0,2,2,0.0,0,BB,PRT,Groups,TA/TO,1,1,0,A,A,0,No Deposit,1.0,0,Transient-Party,62.8,0,0
City Hotel,1,265,2015,July,28,9,0,2,2,0.0,0,BB,PRT,Groups,TA/TO,1,1,0,A,A,0,No Deposit,1.0,0,Transient-Party,62.8,0,0
City Hotel,1,265,2015,July,28,9,0,2,2,0.0,0,BB,PRT,Groups,TA/TO,1,1,0,A,A,0,No Deposit,1.0,0,Transient-Party,62.8,0,0
City Hotel,1,265,2015,July,28,9,0,2,2,0.0,0,BB,PRT,Groups,TA/TO,1,1,0,A,A,0,No Deposit,1.0,0,Transient-Party,62.8,0,0
City Hotel,1,265,2015,July,28,9,0,2,2,0.0,0,BB,PRT,Groups,TA/TO,1,1,0,A,A,0,No Deposit,1.0,0,Transient-Party,62.8,0,0
City Hotel,1,265,2015,July,28,9,0,2,2,0.0,0,BB,PRT,Groups,TA/TO,1,1,0,A,A,0,No Deposit,1.0,0,Transient-Party,62.8,0,0
City Hotel,1,265,2015,July,28,9,0,2,2,0.0,0,BB,PRT,Groups,TA/TO,1,1,0,A,A,0,No Deposit,1.0,0,Transient-Party,62.8,0,0
City Hotel,1,272,2015,July,29,16,0,2,2,0.0,0,BB,PRT,Groups,TA/TO,1,1,0,A,A,0,No Deposit,1.0,0,Transient-Party,62.8,0,0
City Hotel,1,272,2015,July,29,16,0,2,2,0.0,0,BB,PRT,Groups,TA/TO,1,1,0,A,A,0,No Deposit,1.0,0,Transient-Party,62.8,0,0
City Hotel,1,272,2015,July,29,16,0,2,2,0.0,0,BB,PRT,Groups,TA/TO,1,1,0,A,A,0,No Deposit,1.0,0,Transient-Party,62.8,0,0
City Hotel,1,272,2015,July,29,16,0,2,2,0.0,0,BB,PRT,Groups,TA/TO,1,1,0,A,A,0,No Deposit,1.0,0,Transient-Party,62.8,0,0
City Hotel,1,272,2015,July,29,16,0,2,2,0.0,0,BB,PRT,Groups,TA/TO,1,1,0,A,A,0,No Deposit,1.0,0,Transient-Party,62.8,0,0
City Hotel,1,272,2015,July,29,16,0,2,2,0.0,0,BB,PRT,Groups,TA/TO,1,1,0,A,A,0,No Deposit,1.0,0,Transient-Party,62.8,0,0
City Hotel,1,272,2015,July,29,16,0,2,2,0.0,0,BB,PRT,Groups,TA/TO,1,1,0,A,A,0,No Deposit,1.0,0,Transient-Party,62.8,0,0
City Hotel,1,272,2015,July,29,16,0,2,2,0.0,0,BB,PRT,Groups,TA/TO,1,1,0,A,A,0,No Deposit,1.0,0,Transient-Party,62.8,0,0
City Hotel,1,272,2015,July,29,16,0,2,2,0.0,0,BB,PRT,Groups,TA/TO,1,1,0,A,A,0,No Deposit,1.0,0,Transient-Party,62.8,0,0
City Hotel,1,272,2015,July,29,16,0,2,2,0.0,0,BB,PRT,Groups,TA/TO,1,1,0,A,A,0,No Deposit,1.0,0,Transient-Party,62.8,0,0
City Hotel,1,272,2015,July,29,16,0,2,2,0.0,0,BB,PRT,Groups,TA/TO,1,1,0,A,A,0,No Deposit,1.0,0,Transient-Party,62.8,0,0
City Hotel,1,272,2015,July,29,16,0,2,2,0.0,0,BB,PRT,Groups,TA/TO,1,1,0,A,A,0,No Deposit,1.0,0,Transient-Party,62.8,0,0
City Hotel,1,272,2015,July,29,16,0,2,2,0.0,0,BB,PRT,Groups,TA/TO,1,1,0,A,A,0,No Deposit,1.0,0,Transient-Party,62.8,0,0
City Hotel,1,272,2015,July,29,16,0,2,2,0.0,0,BB,PRT,Groups,TA/TO,1,1,0,A,A,0,No Deposit,1.0,0,Transient-Party,62.8,0,0
City Hotel,1,272,2015,July,29,16,0,2,2,0.0,0,BB,PRT,Groups,TA/TO,1,1,0,A,A,0,No Deposit,1.0,0,Transient-Party,62.8,0,0
City Hotel,1,272,2015,July,29,16,0,2,2,0.0,0,BB,PRT,Groups,TA/TO,1,1,0,A,A,0,No Deposit,1.0,0,Transient-Party,62.8,0,0
City Hotel,1,272,2015,July,29,16,0,2,2,0.0,0,BB,PRT,Groups,TA/TO,1,1,0,A,A,0,No Deposit,1.0,0,Transient-Party,62.8,0,0
City Hotel,1,272,2015,July,29,16,0,2,2,0.0,0,BB,PRT,Groups,TA/TO,1,1,0,A,A,0,No Deposit,1.0,0,Transient-Party,62.8,0,0
City Hotel,1,272,2015,July,29,16,0,2,2,0.0,0,BB,PRT,Groups,TA/TO,1,1,0,A,A,0,No Deposit,1.0,0,Transient-Party,62.8,0,0
City Hotel,1,272,2015,July,29,16,0,2,2,0.0,0,BB,PRT,Groups,TA/TO,1,1,0,A,A,0,No Deposit,1.0,0,Transient-Party,62.8,0,0
City Hotel,1,279,2015,July,30,23,0,2,2,0.0,0,BB,PRT,Groups,TA/TO,1,1,0,A,A,0,No Deposit,1.0,0,Transient-Party,62.8,0,0
City Hotel,1,279,2015,July,30,23,0,2,2,0.0,0,BB,PRT,Groups,TA/TO,1,1,0,A,A,0,No Deposit,1.0,0,Transient-Party,62.8,0,0
City Hotel,1,279,2015,July,30,23,0,2,2,0.0,0,BB,PRT,Groups,TA/TO,1,1,0,A,A,0,No Deposit,1.0,0,Transient-Party,62.8,0,0
City Hotel,1,279,2015,July,30,23,0,2,2,0.0,0,BB,PRT,Groups,TA/TO,1,1,0,A,A,0,No Deposit,1.0,0,Transient-Party,62.8,0,0
City Hotel,1,279,2015,July,30,23,0,2,2,0.0,0,BB,PRT,Groups,TA/TO,1,1,0,A,A,0,No Deposit,1.0,0,Transient-Party,62.8,0,0
City Hotel,1,279,2015,July,30,23,0,2,2,0.0,0,BB,PRT,Groups,TA/TO,1,1,0,A,A,0,No Deposit,1.0,0,Transient-Party,62.8,0,0
City Hotel,1,279,2015,July,30,23,0,2,2,0.0,0,BB,PRT,Groups,TA/TO,1,1,0,A,A,0,No Deposit,1.0,0,Transient-Party,62.8,0,0
City Hotel,1,279,2015,July,30,23,0,2,2,0.0,0,BB,PRT,Groups,TA/TO,1,1,0,A,A,0,No Deposit,1.0,0,Transient-Party,62.8,0,0
City Hotel,1,279,2015,July,30,23,0,2,2,0.0,0,BB,PRT,Groups,TA/TO,1,1,0,A,A,0,No Deposit,1.0,0,Transient-Party,62.8,0,0
City Hotel,1,279,2015,July,30,23,0,2,2,0.0,0,BB,PRT,Groups,TA/TO,1,1,0,A,A,0,No Deposit,1.0,0,Transient-Party,62.8,0,0
City Hotel,1,279,2015,July,30,23,0,2,2,0.0,0,BB,PRT,Groups,TA/TO,1,1,0,A,A,0,No Deposit,1.0,0,Transient-Party,62.8,0,0
City Hotel,1,279,2015,July,30,23,0,2,2,0.0,0,BB,PRT,Groups,TA/TO,1,1,0,A,A,0,No Deposit,1.0,0,Transient-Party,62.8,0,0
City Hotel,1,279,2015,July,30,23,0,2,2,0.0,0,BB,PRT,Groups,TA/TO,1,1,0,A,A,0,No Deposit,1.0,0,Transient-Party,62.8,0,0
City Hotel,1,279,2015,July,30,23,0,2,2,0.0,0,BB,PRT,Groups,TA/TO,1,1,0,A,A,0,No Deposit,1.0,0,Transient-Party,62.8,0,0
City Hotel,1,279,2015,July,30,23,0,2,2,0.0,0,BB,PRT,Groups,TA/TO,1,1,0,A,A,0,No Deposit,1.0,0,Transient-Party,62.8,0,0
City Hotel,1,279,2015,July,30,23,0,2,2,0.0,0,BB,PRT,Groups,TA/TO,1,1,0,A,A,0,No Deposit,1.0,0,Transient-Party,62.8,0,0
City Hotel,1,279,2015,July,30,23,0,2,2,0.0,0,BB,PRT,Groups,TA/TO,1,1,0,A,A,0,No Deposit,1.0,0,Transient-Party,62.8,0,0
City Hotel,1,279,2015,July,30,23,0,2,2,0.0,0,BB,PRT,Groups,TA/TO,1,1,0,A,A,0,No Deposit,1.0,0,Transient-Party,62.8,0,0
City Hotel,1,279,2015,July,30,23,0,2,2,0.0,0,BB,PRT,Groups,TA/TO,1,1,0,A,A,0,No Deposit,1.0,0,Transient-Party,62.8,0,0
City Hotel,1,279,2015,July,30,23,0,2,2,0.0,0,BB,PRT,Groups,TA/TO,1,1,0,A,A,0,No Deposit,1.0,0,Transient-Party,62.8,0,0
City Hotel,1,286,2015,July,31,30,0,2,2,0.0,0,BB,PRT,Groups,TA/TO,1,1,0,A,A,0,No Deposit,1.0,0,Transient-Party,62.8,0,0
City Hotel,1,286,2015,July,31,30,0,2,2,0.0,0,BB,PRT,Groups,TA/TO,1,1,0,A,A,0,No Deposit,1.0,0,Transient-Party,62.8,0,0
City Hotel,1,286,2015,July,31,30,0,2,2,0.0,0,BB,PRT,Groups,TA/TO,1,1,0,A,A,0,No Deposit,1.0,0,Transient-Party,62.8,0,0
City Hotel,1,286,2015,July,31,30,0,2,2,0.0,0,BB,PRT,Groups,TA/TO,1,1,0,A,A,0,No Deposit,1.0,0,Transient-Party,62.8,0,0
City Hotel,1,286,2015,July,31,30,0,2,2,0.0,0,BB,PRT,Groups,TA/TO,1,1,0,A,A,0,No Deposit,1.0,0,Transient-Party,62.8,0,0
City Hotel,1,286,2015,July,31,30,0,2,2,0.0,0,BB,PRT,Groups,TA/TO,1,1,0,A,A,0,No Deposit,1.0,0,Transient-Party,62.8,0,0
City Hotel,1,286,2015,July,31,30,0,2,2,0.0,0,BB,PRT,Groups,TA/TO,1,1,0,A,A,0,No Deposit,1.0,0,Transient-Party,62.8,0,0
City Hotel,1,286,2015,July,31,30,0,2,2,0.0,0,BB,PRT,Groups,TA/TO,1,1,0,A,A,0,No Deposit,1.0,0,Transient-Party,62.8,0,0
City Hotel,1,286,2015,July,31,30,0,2,2,0.0,0,BB,PRT,Groups,TA/TO,1,1,0,A,A,0,No Deposit,1.0,0,Transient-Party,62.8,0,0
City Hotel,1,286,2015,July,31,30,0,2,2,0.0,0,BB,PRT,Groups,TA/TO,1,1,0,A,A,0,No Deposit,1.0,0,Transient-Party,62.8,0,0
City Hotel,1,286,2015,July,31,30,0,2,2,0.0,0,BB,PRT,Groups,TA/TO,1,1,0,A,A,0,No Deposit,1.0,0,Transient-Party,62.8,0,0
City Hotel,1,286,2015,July,31,30,0,2,2,0.0,0,BB,PRT,Groups,TA/TO,1,1,0,A,A,0,No Deposit,1.0,0,Transient-Party,62.8,0,0
City Hotel,1,286,2015,July,31,30,0,2,2,0.0,0,BB,PRT,Groups,TA/TO,1,1,0,A,A,0,No Deposit,1.0,0,Transient-Party,62.8,0,0
City Hotel,1,286,2015,July,31,30,0,2,2,0.0,0,BB,PRT,Groups,TA/TO,1,1,0,A,A,0,No Deposit,1.0,0,Transient-Party,62.8,0,0
City Hotel,1,286,2015,July,31,30,0,2,2,0.0,0,BB,PRT,Groups,TA/TO,1,1,0,A,A,0,No Deposit,1.0,0,Transient-Party,62.8,0,0
City Hotel,1,286,2015,July,31,30,0,2,2,0.0,0,BB,PRT,Groups,TA/TO,1,1,0,A,A,0,No Deposit,1.0,0,Transient-Party,62.8,0,0
City Hotel,1,286,2015,July,31,30,0,2,2,0.0,0,BB,PRT,Groups,TA/TO,1,1,0,A,A,0,No Deposit,1.0,0,Transient-Party,62.8,0,0
City Hotel,1,286,2015,July,31,30,0,2,2,0.0,0,BB,PRT,Groups,TA/TO,1,1,0,A,A,0,No Deposit,1.0,0,Transient-Party,62.8,0,0
City Hotel,1,286,2015,July,31,30,0,2,2,0.0,0,BB,PRT,Groups,TA/TO,1,1,0,A,A,0,No Deposit,1.0,0,Transient-Party,62.8,0,0
City Hotel,1,286,2015,July,31,30,0,2,2,0.0,0,BB,PRT,Groups,TA/TO,1,1,0,A,A,0,No Deposit,1.0,0,Transient-Party,62.8,0,0
City Hotel,1,300,2015,August,33,13,0,2,2,0.0,0,BB,PRT,Groups,TA/TO,1,1,0,A,A,0,No Deposit,1.0,0,Transient-Party,62.8,0,0
City Hotel,1,300,2015,August,33,13,0,2,2,0.0,0,BB,PRT,Groups,TA/TO,1,1,0,A,A,0,No Deposit,1.0,0,Transient-Party,62.8,0,0
City Hotel,1,300,2015,August,33,13,0,2,2,0.0,0,BB,PRT,Groups,TA/TO,1,1,0,A,A,0,No Deposit,1.0,0,Transient-Party,62.8,0,0
City Hotel,1,300,2015,August,33,13,0,2,2,0.0,0,BB,PRT,Groups,TA/TO,1,1,0,A,A,0,No Deposit,1.0,0,Transient-Party,62.8,0,0
City Hotel,1,300,2015,August,33,13,0,2,2,0.0,0,BB,PRT,Groups,TA/TO,1,1,0,A,A,0,No Deposit,1.0,0,Transient-Party,62.8,0,0
City Hotel,1,300,2015,August,33,13,0,2,2,0.0,0,BB,PRT,Groups,TA/TO,1,1,0,A,A,0,No Deposit,1.0,0,Transient-Party,62.8,0,0
City Hotel,1,300,2015,August,33,13,0,2,2,0.0,0,BB,PRT,Groups,TA/TO,1,1,0,A,A,0,No Deposit,1.0,0,Transient-Party,62.8,0,0
City Hotel,1,300,2015,August,33,13,0,2,2,0.0,0,BB,PRT,Groups,TA/TO,1,1,0,A,A,0,No Deposit,1.0,0,Transient-Party,62.8,0,0
City Hotel,1,300,2015,August,33,13,0,2,2,0.0,0,BB,PRT,Groups,TA/TO,1,1,0,A,A,0,No Deposit,1.0,0,Transient-Party,62.8,0,0
City Hotel,1,300,2015,August,33,13,0,2,2,0.0,0,BB,PRT,Groups,TA/TO,1,1,0,A,A,0,No Deposit,1.0,0,Transient-Party,62.8,0,0
City Hotel,1,300,2015,August,33,13,0,2,2,0.0,0,BB,PRT,Groups,TA/TO,1,1,0,A,A,0,No Deposit,1.0,0,Transient-Party,62.8,0,0
City Hotel,1,300,2015,August,33,13,0,2,2,0.0,0,BB,PRT,Groups,TA/TO,1,1,0,A,A,0,No Deposit,1.0,0,Transient-Party,62.8,0,0
City Hotel,1,300,2015,August,33,13,0,2,2,0.0,0,BB,PRT,Groups,TA/TO,1,1,0,A,A,0,No Deposit,1.0,0,Transient-Party,62.8,0,0
City Hotel,1,300,2015,August,33,13,0,2,2,0.0,0,BB,PRT,Groups,TA/TO,1,1,0,A,A,0,No Deposit,1.0,0,Transient-Party,62.8,0,0
City Hotel,1,300,2015,August,33,13,0,2,2,0.0,0,BB,PRT,Groups,TA/TO,1,1,0,A,A,0,No Deposit,1.0,0,Transient-Party,62.8,0,0
City Hotel,1,300,2015,August,33,13,0,2,2,0.0,0,BB,PRT,Groups,TA/TO,1,1,0,A,A,0,No Deposit,1.0,0,Transient-Party,62.8,0,0
City Hotel,1,300,2015,August,33,13,0,2,2,0.0,0,BB,PRT,Groups,TA/TO,1,1,0,A,A,0,No Deposit,1.0,0,Transient-Party,62.8,0,0
City Hotel,1,300,2015,August,33,13,0,2,2,0.0,0,BB,PRT,Groups,TA/TO,1,1,0,A,A,0,No Deposit,1.0,0,Transient-Party,62.8,0,0
City Hotel,1,300,2015,August,33,13,0,2,2,0.0,0,BB,PRT,Groups,TA/TO,1,1,0,A,A,0,No Deposit,1.0,0,Transient-Party,62.8,0,0
City Hotel,1,300,2015,August,33,13,0,2,2,0.0,0,BB,PRT,Groups,TA/TO,1,1,0,A,A,0,No Deposit,1.0,0,Transient-Party,62.8,0,0
City Hotel,1,307,2015,August,34,20,0,2,2,0.0,0,BB,PRT,Groups,TA/TO,1,1,0,A,A,0,No Deposit,1.0,0,Transient-Party,62.8,0,0
City Hotel,1,307,2015,August,34,20,0,2,2,0.0,0,BB,PRT,Groups,TA/TO,1,1,0,A,A,0,No Deposit,1.0,0,Transient-Party,62.8,0,0
City Hotel,1,307,2015,August,34,20,0,2,2,0.0,0,BB,PRT,Groups,TA/TO,1,1,0,A,A,0,No Deposit,1.0,0,Transient-Party,62.8,0,0
City Hotel,1,307,2015,August,34,20,0,2,2,0.0,0,BB,PRT,Groups,TA/TO,1,1,0,A,A,0,No Deposit,1.0,0,Transient-Party,62.8,0,0
City Hotel,1,307,2015,August,34,20,0,2,2,0.0,0,BB,PRT,Groups,TA/TO,1,1,0,A,A,0,No Deposit,1.0,0,Transient-Party,62.8,0,0
City Hotel,1,307,2015,August,34,20,0,2,2,0.0,0,BB,PRT,Groups,TA/TO,1,1,0,A,A,0,No Deposit,1.0,0,Transient-Party,62.8,0,0
City Hotel,1,307,2015,August,34,20,0,2,2,0.0,0,BB,PRT,Groups,TA/TO,1,1,0,A,A,0,No Deposit,1.0,0,Transient-Party,62.8,0,0
City Hotel,1,307,2015,August,34,20,0,2,2,0.0,0,BB,PRT,Groups,TA/TO,1,1,0,A,A,0,No Deposit,1.0,0,Transient-Party,62.8,0,0
City Hotel,1,307,2015,August,34,20,0,2,2,0.0,0,BB,PRT,Groups,TA/TO,1,1,0,A,A,0,No Deposit,1.0,0,Transient-Party,62.8,0,0
City Hotel,1,307,2015,August,34,20,0,2,2,0.0,0,BB,PRT,Groups,TA/TO,1,1,0,A,A,0,No Deposit,1.0,0,Transient-Party,62.8,0,0
City Hotel,1,307,2015,August,34,20,0,2,2,0.0,0,BB,PRT,Groups,TA/TO,1,1,0,A,A,0,No Deposit,1.0,0,Transient-Party,62.8,0,0
City Hotel,1,307,2015,August,34,20,0,2,2,0.0,0,BB,PRT,Groups,TA/TO,1,1,0,A,A,0,No Deposit,1.0,0,Transient-Party,62.8,0,0
City Hotel,1,307,2015,August,34,20,0,2,2,0.0,0,BB,PRT,Groups,TA/TO,1,1,0,A,A,0,No Deposit,1.0,0,Transient-Party,62.8,0,0
City Hotel,1,307,2015,August,34,20,0,2,2,0.0,0,BB,PRT,Groups,TA/TO,1,1,0,A,A,0,No Deposit,1.0,0,Transient-Party,62.8,0,0
City Hotel,1,307,2015,August,34,20,0,2,2,0.0,0,BB,PRT,Groups,TA/TO,1,1,0,A,A,0,No Deposit,1.0,0,Transient-Party,62.8,0,0
City Hotel,1,307,2015,August,34,20,0,2,2,0.0,0,BB,PRT,Groups,TA/TO,1,1,0,A,A,0,No Deposit,1.0,0,Transient-Party,62.8,0,0
City Hotel,1,307,2015,August,34,20,0,2,2,0.0,0,BB,PRT,Groups,TA/TO,1,1,0,A,A,0,No Deposit,1.0,0,Transient-Party,62.8,0,0
City Hotel,1,307,2015,August,34,20,0,2,2,0.0,0,BB,PRT,Groups,TA/TO,1,1,0,A,A,0,No Deposit,1.0,0,Transient-Party,62.8,0,0
City Hotel,1,307,2015,August,34,20,0,2,2,0.0,0,BB,PRT,Groups,TA/TO,1,1,0,A,A,0,No Deposit,1.0,0,Transient-Party,62.8,0,0
City Hotel,1,307,2015,August,34,20,0,2,2,0.0,0,BB,PRT,Groups,TA/TO,1,1,0,A,A,0,No Deposit,1.0,0,Transient-Party,62.8,0,0
City Hotel,1,314,2015,August,35,27,0,2,2,0.0,0,BB,PRT,Groups,TA/TO,1,1,0,A,A,0,No Deposit,1.0,0,Transient-Party,62.8,0,0
City Hotel,1,314,2015,August,35,27,0,2,2,0.0,0,BB,PRT,Groups,TA/TO,1,1,0,A,A,0,No Deposit,1.0,0,Transient-Party,62.8,0,0
City Hotel,1,314,2015,August,35,27,0,2,2,0.0,0,BB,PRT,Groups,TA/TO,1,1,0,A,A,0,No Deposit,1.0,0,Transient-Party,62.8,0,0
City Hotel,1,314,2015,August,35,27,0,2,2,0.0,0,BB,PRT,Groups,TA/TO,1,1,0,A,A,0,No Deposit,1.0,0,Transient-Party,62.8,0,0
City Hotel,1,314,2015,August,35,27,0,2,2,0.0,0,BB,PRT,Groups,TA/TO,1,1,0,A,A,0,No Deposit,1.0,0,Transient-Party,62.8,0,0
City Hotel,1,314,2015,August,35,27,0,2,2,0.0,0,BB,PRT,Groups,TA/TO,1,1,0,A,A,0,No Deposit,1.0,0,Transient-Party,62.8,0,0
City Hotel,1,314,2015,August,35,27,0,2,2,0.0,0,BB,PRT,Groups,TA/TO,1,1,0,A,A,0,No Deposit,1.0,0,Transient-Party,62.8,0,0
City Hotel,1,314,2015,August,35,27,0,2,2,0.0,0,BB,PRT,Groups,TA/TO,1,1,0,A,A,0,No Deposit,1.0,0,Transient-Party,62.8,0,0
City Hotel,1,314,2015,August,35,27,0,2,2,0.0,0,BB,PRT,Groups,TA/TO,1,1,0,A,A,0,No Deposit,1.0,0,Transient-Party,62.8,0,0
City Hotel,1,314,2015,August,35,27,0,2,2,0.0,0,BB,PRT,Groups,TA/TO,1,1,0,A,A,0,No Deposit,1.0,0,Transient-Party,62.8,0,0
City Hotel,1,314,2015,August,35,27,0,2,2,0.0,0,BB,PRT,Groups,TA/TO,1,1,0,A,A,0,No Deposit,1.0,0,Transient-Party,62.8,0,0
City Hotel,1,314,2015,August,35,27,0,2,2,0.0,0,BB,PRT,Groups,TA/TO,1,1,0,A,A,0,No Deposit,1.0,0,Transient-Party,62.8,0,0
City Hotel,1,314,2015,August,35,27,0,2,2,0.0,0,BB,PRT,Groups,TA/TO,1,1,0,A,A,0,No Deposit,1.0,0,Transient-Party,62.8,0,0
City Hotel,1,314,2015,August,35,27,0,2,2,0.0,0,BB,PRT,Groups,TA/TO,1,1,0,A,A,0,No Deposit,1.0,0,Transient-Party,62.8,0,0
City Hotel,1,314,2015,August,35,27,0,2,2,0.0,0,BB,PRT,Groups,TA/TO,1,1,0,A,A,0,No Deposit,1.0,0,Transient-Party,62.8,0,0
City Hotel,1,314,2015,August,35,27,0,2,2,0.0,0,BB,PRT,Groups,TA/TO,1,1,0,A,A,0,No Deposit,1.0,0,Transient-Party,62.8,0,0
City Hotel,1,314,2015,August,35,27,0,2,2,0.0,0,BB,PRT,Groups,TA/TO,1,1,0,A,A,0,No Deposit,1.0,0,Transient-Party,62.8,0,0
City Hotel,1,314,2015,August,35,27,0,2,2,0.0,0,BB,PRT,Groups,TA/TO,1,1,0,A,A,0,No Deposit,1.0,0,Transient-Party,62.8,0,0
City Hotel,1,314,2015,August,35,27,0,2,2,0.0,0,BB,PRT,Groups,TA/TO,1,1,0,A,A,0,No Deposit,1.0,0,Transient-Party,62.8,0,0
City Hotel,1,314,2015,August,35,27,0,2,2,0.0,0,BB,PRT,Groups,TA/TO,1,1,0,A,A,0,No Deposit,1.0,0,Transient-Party,62.8,0,0
City Hotel,1,258,2015,July,27,2,0,2,2,0.0,0,BB,PRT,Groups,TA/TO,1,2,0,A,A,0,No Deposit,1.0,0,Contract,62.0,0,0
City Hotel,1,321,2015,September,36,3,0,2,2,0.0,0,BB,PRT,Groups,TA/TO,1,2,0,A,A,0,No Deposit,1.0,0,Transient-Party,62.8,0,0
City Hotel,1,321,2015,September,36,3,0,2,2,0.0,0,BB,PRT,Groups,TA/TO,1,1,0,A,A,0,No Deposit,1.0,0,Transient-Party,62.8,0,0
City Hotel,1,321,2015,September,36,3,0,2,2,0.0,0,BB,PRT,Groups,TA/TO,1,1,0,A,A,0,No Deposit,1.0,0,Transient-Party,62.8,0,0
City Hotel,1,321,2015,September,36,3,0,2,2,0.0,0,BB,PRT,Groups,TA/TO,1,1,0,A,A,0,No Deposit,1.0,0,Transient-Party,62.8,0,0
City Hotel,1,321,2015,September,36,3,0,2,2,0.0,0,BB,PRT,Groups,TA/TO,1,1,0,A,A,0,No Deposit,1.0,0,Transient-Party,62.8,0,0
City Hotel,1,321,2015,September,36,3,0,2,2,0.0,0,BB,PRT,Groups,TA/TO,1,1,0,A,A,0,No Deposit,1.0,0,Transient-Party,62.8,0,0
City Hotel,1,321,2015,September,36,3,0,2,2,0.0,0,BB,PRT,Groups,TA/TO,1,1,0,A,A,0,No Deposit,1.0,0,Transient-Party,62.8,0,0
City Hotel,1,321,2015,September,36,3,0,2,2,0.0,0,BB,PRT,Groups,TA/TO,1,1,0,A,A,0,No Deposit,1.0,0,Transient-Party,62.8,0,0
City Hotel,1,321,2015,September,36,3,0,2,2,0.0,0,BB,PRT,Groups,TA/TO,1,1,0,A,A,0,No Deposit,1.0,0,Transient-Party,62.8,0,0
City Hotel,1,321,2015,September,36,3,0,2,2,0.0,0,BB,PRT,Groups,TA/TO,1,1,0,A,A,0,No Deposit,1.0,0,Transient-Party,62.8,0,0
City Hotel,1,321,2015,September,36,3,0,2,2,0.0,0,BB,PRT,Groups,TA/TO,1,1,0,A,A,0,No Deposit,1.0,0,Transient-Party,62.8,0,0
City Hotel,1,321,2015,September,36,3,0,2,2,0.0,0,BB,PRT,Groups,TA/TO,1,1,0,A,A,0,No Deposit,1.0,0,Transient-Party,62.8,0,0
City Hotel,1,321,2015,September,36,3,0,2,2,0.0,0,BB,PRT,Groups,TA/TO,1,1,0,A,A,0,No Deposit,1.0,0,Transient-Party,62.8,0,0
City Hotel,1,321,2015,September,36,3,0,2,2,0.0,0,BB,PRT,Groups,TA/TO,1,1,0,A,A,0,No Deposit,1.0,0,Transient-Party,62.8,0,0
City Hotel,1,321,2015,September,36,3,0,2,2,0.0,0,BB,PRT,Groups,TA/TO,1,1,0,A,A,0,No Deposit,1.0,0,Transient-Party,62.8,0,0
City Hotel,1,321,2015,September,36,3,0,2,2,0.0,0,BB,PRT,Groups,TA/TO,1,1,0,A,A,0,No Deposit,1.0,0,Transient-Party,62.8,0,0
City Hotel,1,321,2015,September,36,3,0,2,2,0.0,0,BB,PRT,Groups,TA/TO,1,1,0,A,A,0,No Deposit,1.0,0,Transient-Party,62.8,0,0
City Hotel,1,321,2015,September,36,3,0,2,2,0.0,0,BB,PRT,Groups,TA/TO,1,1,0,A,A,0,No Deposit,1.0,0,Transient-Party,62.8,0,0
City Hotel,1,321,2015,September,36,3,0,2,2,0.0,0,BB,PRT,Groups,TA/TO,1,1,0,A,A,0,No Deposit,1.0,0,Transient-Party,62.8,0,0
City Hotel,1,321,2015,September,36,3,0,2,2,0.0,0,BB,PRT,Groups,TA/TO,1,1,0,A,A,0,No Deposit,1.0,0,Transient-Party,62.8,0,0
City Hotel,1,258,2015,July,27,2,0,2,2,0.0,0,BB,PRT,Groups,TA/TO,0,1,0,A,A,0,No Deposit,1.0,0,Contract,62.0,0,0
City Hotel,1,258,2015,July,27,2,0,2,2,0.0,0,BB,PRT,Groups,TA/TO,0,1,0,A,A,0,No Deposit,1.0,0,Contract,62.0,0,0
City Hotel,1,258,2015,July,27,2,0,2,2,0.0,0,BB,PRT,Groups,TA/TO,0,1,0,A,A,0,No Deposit,1.0,0,Contract,62.0,0,0
City Hotel,1,258,2015,July,27,2,0,2,2,0.0,0,BB,PRT,Groups,TA/TO,0,1,0,A,A,0,No Deposit,1.0,0,Contract,62.0,0,0
City Hotel,1,258,2015,July,27,2,0,2,2,0.0,0,BB,PRT,Groups,TA/TO,0,1,0,A,A,0,No Deposit,1.0,0,Contract,62.0,0,0
City Hotel,1,258,2015,July,27,2,0,2,2,0.0,0,BB,PRT,Groups,TA/TO,0,1,0,A,A,0,No Deposit,1.0,0,Contract,62.0,0,0
City Hotel,1,258,2015,July,27,2,0,2,2,0.0,0,BB,PRT,Groups,TA/TO,0,1,0,A,A,0,No Deposit,1.0,0,Contract,62.0,0,0
City Hotel,1,258,2015,July,27,2,0,2,2,0.0,0,BB,PRT,Groups,TA/TO,0,1,0,A,A,0,No Deposit,1.0,0,Contract,62.0,0,0
City Hotel,1,258,2015,July,27,2,0,2,2,0.0,0,BB,PRT,Groups,TA/TO,0,1,0,A,A,0,No Deposit,1.0,0,Contract,62.0,0,0
City Hotel,1,258,2015,July,27,2,0,2,2,0.0,0,BB,PRT,Groups,TA/TO,0,1,0,A,A,0,No Deposit,1.0,0,Contract,62.0,0,0
City Hotel,1,258,2015,July,27,2,0,2,2,0.0,0,BB,PRT,Groups,TA/TO,0,1,0,A,A,0,No Deposit,1.0,0,Contract,62.0,0,0
City Hotel,1,258,2015,July,27,2,0,2,2,0.0,0,BB,PRT,Groups,TA/TO,0,1,0,A,A,0,No Deposit,1.0,0,Contract,62.0,0,0
City Hotel,1,258,2015,July,27,2,0,2,2,0.0,0,BB,PRT,Groups,TA/TO,0,1,0,A,A,0,No Deposit,1.0,0,Contract,62.0,0,0
City Hotel,1,258,2015,July,27,2,0,2,2,0.0,0,BB,PRT,Groups,TA/TO,0,1,0,A,A,0,No Deposit,1.0,0,Contract,62.0,0,0
City Hotel,1,258,2015,July,27,2,0,2,2,0.0,0,BB,PRT,Groups,TA/TO,0,1,0,A,A,0,No Deposit,1.0,0,Contract,62.0,0,0
City Hotel,1,258,2015,July,27,2,0,2,2,0.0,0,BB,PRT,Groups,TA/TO,0,1,0,A,A,0,No Deposit,1.0,0,Contract,62.0,0,0
City Hotel,1,258,2015,July,27,2,0,2,2,0.0,0,BB,PRT,Groups,TA/TO,0,1,0,A,A,0,No Deposit,1.0,0,Contract,62.0,0,0
City Hotel,1,258,2015,July,27,2,0,2,2,0.0,0,BB,PRT,Groups,TA/TO,0,1,0,A,A,0,No Deposit,1.0,0,Contract,62.0,0,0
City Hotel,1,258,2015,July,27,2,0,2,2,0.0,0,BB,PRT,Groups,TA/TO,0,1,0,A,A,0,No Deposit,1.0,0,Contract,62.0,0,0
City Hotel,1,265,2015,July,28,9,0,2,2,0.0,0,BB,PRT,Groups,TA/TO,0,1,0,A,A,0,No Deposit,1.0,0,Contract,62.0,0,0
City Hotel,1,265,2015,July,28,9,0,2,2,0.0,0,BB,PRT,Groups,TA/TO,0,1,0,A,A,0,No Deposit,1.0,0,Contract,62.0,0,0
City Hotel,1,265,2015,July,28,9,0,2,2,0.0,0,BB,PRT,Groups,TA/TO,0,1,0,A,A,0,No Deposit,1.0,0,Contract,62.0,0,0
City Hotel,1,265,2015,July,28,9,0,2,2,0.0,0,BB,PRT,Groups,TA/TO,0,1,0,A,A,0,No Deposit,1.0,0,Contract,62.0,0,0
City Hotel,1,265,2015,July,28,9,0,2,2,0.0,0,BB,PRT,Groups,TA/TO,0,1,0,A,A,0,No Deposit,1.0,0,Contract,62.0,0,0
City Hotel,1,265,2015,July,28,9,0,2,2,0.0,0,BB,PRT,Groups,TA/TO,0,1,0,A,A,0,No Deposit,1.0,0,Contract,62.0,0,0
City Hotel,1,265,2015,July,28,9,0,2,2,0.0,0,BB,PRT,Groups,TA/TO,0,1,0,A,A,0,No Deposit,1.0,0,Contract,62.0,0,0
City Hotel,1,265,2015,July,28,9,0,2,2,0.0,0,BB,PRT,Groups,TA/TO,0,1,0,A,A,0,No Deposit,1.0,0,Contract,62.0,0,0
City Hotel,1,265,2015,July,28,9,0,2,2,0.0,0,BB,PRT,Groups,TA/TO,0,1,0,A,A,0,No Deposit,1.0,0,Contract,62.0,0,0
City Hotel,1,265,2015,July,28,9,0,2,2,0.0,0,BB,PRT,Groups,TA/TO,0,1,0,A,A,0,No Deposit,1.0,0,Contract,62.0,0,0
City Hotel,1,265,2015,July,28,9,0,2,2,0.0,0,BB,PRT,Groups,TA/TO,0,1,0,A,A,0,No Deposit,1.0,0,Contract,62.0,0,0
City Hotel,1,265,2015,July,28,9,0,2,2,0.0,0,BB,PRT,Groups,TA/TO,0,1,0,A,A,0,No Deposit,1.0,0,Contract,62.0,0,0
City Hotel,1,265,2015,July,28,9,0,2,2,0.0,0,BB,PRT,Groups,TA/TO,0,1,0,A,A,0,No Deposit,1.0,0,Contract,62.0,0,0
City Hotel,1,265,2015,July,28,9,0,2,2,0.0,0,BB,PRT,Groups,TA/TO,0,1,0,A,A,0,No Deposit,1.0,0,Contract,62.0,0,0
City Hotel,1,265,2015,July,28,9,0,2,2,0.0,0,BB,PRT,Groups,TA/TO,0,1,0,A,A,0,No Deposit,1.0,0,Contract,62.0,0,0
City Hotel,1,265,2015,July,28,9,0,2,2,0.0,0,BB,PRT,Groups,TA/TO,0,1,0,A,A,0,No Deposit,1.0,0,Contract,62.0,0,0
City Hotel,1,265,2015,July,28,9,0,2,2,0.0,0,BB,PRT,Groups,TA/TO,0,1,0,A,A,0,No Deposit,1.0,0,Contract,62.0,0,0
City Hotel,1,265,2015,July,28,9,0,2,2,0.0,0,BB,PRT,Groups,TA/TO,0,1,0,A,A,0,No Deposit,1.0,0,Contract,62.0,0,0
City Hotel,1,265,2015,July,28,9,0,2,2,0.0,0,BB,PRT,Groups,TA/TO,0,1,0,A,A,0,No Deposit,1.0,0,Contract,62.0,0,0
City Hotel,1,265,2015,July,28,9,0,2,2,0.0,0,BB,PRT,Groups,TA/TO,0,1,0,A,A,0,No Deposit,1.0,0,Contract,62.0,0,0
City Hotel,1,272,2015,July,29,16,0,2,2,0.0,0,BB,PRT,Groups,TA/TO,0,1,0,A,A,0,No Deposit,1.0,0,Contract,62.0,0,0
City Hotel,1,272,2015,July,29,16,0,2,2,0.0,0,BB,PRT,Groups,TA/TO,0,1,0,A,A,0,No Deposit,1.0,0,Contract,62.0,0,0
City Hotel,1,272,2015,July,29,16,0,2,2,0.0,0,BB,PRT,Groups,TA/TO,0,1,0,A,A,0,No Deposit,1.0,0,Contract,62.0,0,0
City Hotel,1,272,2015,July,29,16,0,2,2,0.0,0,BB,PRT,Groups,TA/TO,0,1,0,A,A,0,No Deposit,1.0,0,Contract,62.0,0,0
City Hotel,1,272,2015,July,29,16,0,2,2,0.0,0,BB,PRT,Groups,TA/TO,0,1,0,A,A,0,No Deposit,1.0,0,Contract,62.0,0,0
City Hotel,1,272,2015,July,29,16,0,2,2,0.0,0,BB,PRT,Groups,TA/TO,0,1,0,A,A,0,No Deposit,1.0,0,Contract,62.0,0,0
City Hotel,1,272,2015,July,29,16,0,2,2,0.0,0,BB,PRT,Groups,TA/TO,0,1,0,A,A,0,No Deposit,1.0,0,Contract,62.0,0,0
City Hotel,1,272,2015,July,29,16,0,2,2,0.0,0,BB,PRT,Groups,TA/TO,0,1,0,A,A,0,No Deposit,1.0,0,Contract,62.0,0,0
City Hotel,1,272,2015,July,29,16,0,2,2,0.0,0,BB,PRT,Groups,TA/TO,0,1,0,A,A,0,No Deposit,1.0,0,Contract,62.0,0,0
City Hotel,1,272,2015,July,29,16,0,2,2,0.0,0,BB,PRT,Groups,TA/TO,0,1,0,A,A,0,No Deposit,1.0,0,Contract,62.0,0,0
City Hotel,1,272,2015,July,29,16,0,2,2,0.0,0,BB,PRT,Groups,TA/TO,0,1,0,A,A,0,No Deposit,1.0,0,Contract,62.0,0,0
City Hotel,1,272,2015,July,29,16,0,2,2,0.0,0,BB,PRT,Groups,TA/TO,0,1,0,A,A,0,No Deposit,1.0,0,Contract,62.0,0,0
City Hotel,1,272,2015,July,29,16,0,2,2,0.0,0,BB,PRT,Groups,TA/TO,0,1,0,A,A,0,No Deposit,1.0,0,Contract,62.0,0,0
City Hotel,1,272,2015,July,29,16,0,2,2,0.0,0,BB,PRT,Groups,TA/TO,0,1,0,A,A,0,No Deposit,1.0,0,Contract,62.0,0,0
City Hotel,1,272,2015,July,29,16,0,2,2,0.0,0,BB,PRT,Groups,TA/TO,0,1,0,A,A,0,No Deposit,1.0,0,Contract,62.0,0,0
City Hotel,1,272,2015,July,29,16,0,2,2,0.0,0,BB,PRT,Groups,TA/TO,0,1,0,A,A,0,No Deposit,1.0,0,Contract,62.0,0,0
City Hotel,1,272,2015,July,29,16,0,2,2,0.0,0,BB,PRT,Groups,TA/TO,0,1,0,A,A,0,No Deposit,1.0,0,Contract,62.0,0,0
City Hotel,1,272,2015,July,29,16,0,2,2,0.0,0,BB,PRT,Groups,TA/TO,0,1,0,A,A,0,No Deposit,1.0,0,Contract,62.0,0,0
City Hotel,1,272,2015,July,29,16,0,2,2,0.0,0,BB,PRT,Groups,TA/TO,0,1,0,A,A,0,No Deposit,1.0,0,Contract,62.0,0,0
City Hotel,1,272,2015,July,29,16,0,2,2,0.0,0,BB,PRT,Groups,TA/TO,0,1,0,A,A,0,No Deposit,1.0,0,Contract,62.0,0,0
City Hotel,1,279,2015,July,30,23,0,2,2,0.0,0,BB,PRT,Groups,TA/TO,0,1,0,A,A,0,No Deposit,1.0,0,Contract,62.0,0,0
City Hotel,1,279,2015,July,30,23,0,2,2,0.0,0,BB,PRT,Groups,TA/TO,0,1,0,A,A,0,No Deposit,1.0,0,Contract,62.0,0,0
City Hotel,1,279,2015,July,30,23,0,2,2,0.0,0,BB,PRT,Groups,TA/TO,0,1,0,A,A,0,No Deposit,1.0,0,Contract,62.0,0,0
City Hotel,1,279,2015,July,30,23,0,2,2,0.0,0,BB,PRT,Groups,TA/TO,0,1,0,A,A,0,No Deposit,1.0,0,Contract,62.0,0,0
City Hotel,1,279,2015,July,30,23,0,2,2,0.0,0,BB,PRT,Groups,TA/TO,0,1,0,A,A,0,No Deposit,1.0,0,Contract,62.0,0,0
City Hotel,1,279,2015,July,30,23,0,2,2,0.0,0,BB,PRT,Groups,TA/TO,0,1,0,A,A,0,No Deposit,1.0,0,Contract,62.0,0,0
City Hotel,1,279,2015,July,30,23,0,2,2,0.0,0,BB,PRT,Groups,TA/TO,0,1,0,A,A,0,No Deposit,1.0,0,Contract,62.0,0,0
City Hotel,1,279,2015,July,30,23,0,2,2,0.0,0,BB,PRT,Groups,TA/TO,0,1,0,A,A,0,No Deposit,1.0,0,Contract,62.0,0,0
City Hotel,1,279,2015,July,30,23,0,2,2,0.0,0,BB,PRT,Groups,TA/TO,0,1,0,A,A,0,No Deposit,1.0,0,Contract,62.0,0,0
City Hotel,1,279,2015,July,30,23,0,2,2,0.0,0,BB,PRT,Groups,TA/TO,0,1,0,A,A,0,No Deposit,1.0,0,Contract,62.0,0,0
City Hotel,1,279,2015,July,30,23,0,2,2,0.0,0,BB,PRT,Groups,TA/TO,0,1,0,A,A,0,No Deposit,1.0,0,Contract,62.0,0,0
City Hotel,1,279,2015,July,30,23,0,2,2,0.0,0,BB,PRT,Groups,TA/TO,0,1,0,A,A,0,No Deposit,1.0,0,Contract,62.0,0,0
City Hotel,1,279,2015,July,30,23,0,2,2,0.0,0,BB,PRT,Groups,TA/TO,0,1,0,A,A,0,No Deposit,1.0,0,Contract,62.0,0,0
City Hotel,1,279,2015,July,30,23,0,2,2,0.0,0,BB,PRT,Groups,TA/TO,0,1,0,A,A,0,No Deposit,1.0,0,Contract,62.0,0,0
City Hotel,1,279,2015,July,30,23,0,2,2,0.0,0,BB,PRT,Groups,TA/TO,0,1,0,A,A,0,No Deposit,1.0,0,Contract,62.0,0,0
City Hotel,1,279,2015,July,30,23,0,2,2,0.0,0,BB,PRT,Groups,TA/TO,0,1,0,A,A,0,No Deposit,1.0,0,Contract,62.0,0,0
City Hotel,1,279,2015,July,30,23,0,2,2,0.0,0,BB,PRT,Groups,TA/TO,0,1,0,A,A,0,No Deposit,1.0,0,Contract,62.0,0,0
City Hotel,1,279,2015,July,30,23,0,2,2,0.0,0,BB,PRT,Groups,TA/TO,0,1,0,A,A,0,No Deposit,1.0,0,Contract,62.0,0,0
City Hotel,1,279,2015,July,30,23,0,2,2,0.0,0,BB,PRT,Groups,TA/TO,0,1,0,A,A,0,No Deposit,1.0,0,Contract,62.0,0,0
City Hotel,1,279,2015,July,30,23,0,2,2,0.0,0,BB,PRT,Groups,TA/TO,0,1,0,A,A,0,No Deposit,1.0,0,Contract,62.0,0,0
City Hotel,1,286,2015,July,31,30,0,2,2,0.0,0,BB,PRT,Groups,TA/TO,0,1,0,A,A,0,Non Refund,1.0,0,Contract,62.0,0,0
City Hotel,1,286,2015,July,31,30,0,2,2,0.0,0,BB,PRT,Groups,TA/TO,0,1,0,A,A,0,Non Refund,1.0,0,Contract,62.0,0,0
City Hotel,1,286,2015,July,31,30,0,2,2,0.0,0,BB,PRT,Groups,TA/TO,0,1,0,A,A,0,Non Refund,1.0,0,Contract,62.0,0,0
City Hotel,1,286,2015,July,31,30,0,2,2,0.0,0,BB,PRT,Groups,TA/TO,0,1,0,A,A,0,Non Refund,1.0,0,Contract,62.0,0,0
City Hotel,1,286,2015,July,31,30,0,2,2,0.0,0,BB,PRT,Groups,TA/TO,0,1,0,A,A,0,Non Refund,1.0,0,Contract,62.0,0,0
City Hotel,1,286,2015,July,31,30,0,2,2,0.0,0,BB,PRT,Groups,TA/TO,0,1,0,A,A,0,Non Refund,1.0,0,Contract,62.0,0,0
City Hotel,1,286,2015,July,31,30,0,2,2,0.0,0,BB,PRT,Groups,TA/TO,0,1,0,A,A,0,Non Refund,1.0,0,Contract,62.0,0,0
City Hotel,1,286,2015,July,31,30,0,2,2,0.0,0,BB,PRT,Groups,TA/TO,0,1,0,A,A,0,Non Refund,1.0,0,Contract,62.0,0,0
City Hotel,1,286,2015,July,31,30,0,2,2,0.0,0,BB,PRT,Groups,TA/TO,0,1,0,A,A,0,Non Refund,1.0,0,Contract,62.0,0,0
City Hotel,1,286,2015,July,31,30,0,2,2,0.0,0,BB,PRT,Groups,TA/TO,0,1,0,A,A,0,Non Refund,1.0,0,Contract,62.0,0,0
City Hotel,1,286,2015,July,31,30,0,2,2,0.0,0,BB,PRT,Groups,TA/TO,0,1,0,A,A,0,Non Refund,1.0,0,Contract,62.0,0,0
City Hotel,1,286,2015,July,31,30,0,2,2,0.0,0,BB,PRT,Groups,TA/TO,0,1,0,A,A,0,Non Refund,1.0,0,Contract,62.0,0,0
City Hotel,1,286,2015,July,31,30,0,2,2,0.0,0,BB,PRT,Groups,TA/TO,0,1,0,A,A,0,Non Refund,1.0,0,Contract,62.0,0,0
City Hotel,1,286,2015,July,31,30,0,2,2,0.0,0,BB,PRT,Groups,TA/TO,0,1,0,A,A,0,Non Refund,1.0,0,Contract,62.0,0,0
City Hotel,1,286,2015,July,31,30,0,2,2,0.0,0,BB,PRT,Groups,TA/TO,0,1,0,A,A,0,Non Refund,1.0,0,Contract,62.0,0,0
City Hotel,1,286,2015,July,31,30,0,2,2,0.0,0,BB,PRT,Groups,TA/TO,0,1,0,A,A,0,Non Refund,1.0,0,Contract,62.0,0,0
City Hotel,1,286,2015,July,31,30,0,2,2,0.0,0,BB,PRT,Groups,TA/TO,0,1,0,A,A,0,Non Refund,1.0,0,Contract,62.0,0,0
City Hotel,1,286,2015,July,31,30,0,2,2,0.0,0,BB,PRT,Groups,TA/TO,0,1,0,A,A,0,Non Refund,1.0,0,Contract,62.0,0,0
City Hotel,1,286,2015,July,31,30,0,2,2,0.0,0,BB,PRT,Groups,TA/TO,0,1,0,A,A,0,Non Refund,1.0,0,Contract,62.0,0,0
City Hotel,1,286,2015,July,31,30,0,2,2,0.0,0,BB,PRT,Groups,TA/TO,0,1,0,A,A,0,Non Refund,1.0,0,Contract,62.0,0,0
City Hotel,1,293,2015,August,32,6,0,2,2,0.0,0,BB,PRT,Groups,TA/TO,0,1,0,A,A,0,Non Refund,1.0,0,Contract,62.0,0,0
City Hotel,1,293,2015,August,32,6,0,2,2,0.0,0,BB,PRT,Groups,TA/TO,0,1,0,A,A,0,Non Refund,1.0,0,Contract,62.0,0,0
City Hotel,1,293,2015,August,32,6,0,2,2,0.0,0,BB,PRT,Groups,TA/TO,0,1,0,A,A,0,Non Refund,1.0,0,Contract,62.0,0,0
City Hotel,1,293,2015,August,32,6,0,2,2,0.0,0,BB,PRT,Groups,TA/TO,0,1,0,A,A,0,Non Refund,1.0,0,Contract,62.0,0,0
City Hotel,1,293,2015,August,32,6,0,2,2,0.0,0,BB,PRT,Groups,TA/TO,0,1,0,A,A,0,Non Refund,1.0,0,Contract,62.0,0,0
City Hotel,1,293,2015,August,32,6,0,2,2,0.0,0,BB,PRT,Groups,TA/TO,0,1,0,A,A,0,Non Refund,1.0,0,Contract,62.0,0,0
City Hotel,1,293,2015,August,32,6,0,2,2,0.0,0,BB,PRT,Groups,TA/TO,0,1,0,A,A,0,Non Refund,1.0,0,Contract,62.0,0,0
City Hotel,1,293,2015,August,32,6,0,2,2,0.0,0,BB,PRT,Groups,TA/TO,0,1,0,A,A,0,Non Refund,1.0,0,Contract,62.0,0,0
City Hotel,1,293,2015,August,32,6,0,2,2,0.0,0,BB,PRT,Groups,TA/TO,0,1,0,A,A,0,Non Refund,1.0,0,Contract,62.0,0,0
City Hotel,1,293,2015,August,32,6,0,2,2,0.0,0,BB,PRT,Groups,TA/TO,0,1,0,A,A,0,Non Refund,1.0,0,Contract,62.0,0,0
City Hotel,1,293,2015,August,32,6,0,2,2,0.0,0,BB,PRT,Groups,TA/TO,0,1,0,A,A,0,Non Refund,1.0,0,Contract,62.0,0,0
City Hotel,1,293,2015,August,32,6,0,2,2,0.0,0,BB,PRT,Groups,TA/TO,0,1,0,A,A,0,Non Refund,1.0,0,Contract,62.0,0,0
City Hotel,1,293,2015,August,32,6,0,2,2,0.0,0,BB,PRT,Groups,TA/TO,0,1,0,A,A,0,Non Refund,1.0,0,Contract,62.0,0,0
City Hotel,1,293,2015,August,32,6,0,2,2,0.0,0,BB,PRT,Groups,TA/TO,0,1,0,A,A,0,Non Refund,1.0,0,Contract,62.0,0,0
City Hotel,1,293,2015,August,32,6,0,2,2,0.0,0,BB,PRT,Groups,TA/TO,0,1,0,A,A,0,Non Refund,1.0,0,Contract,62.0,0,0
City Hotel,1,293,2015,August,32,6,0,2,2,0.0,0,BB,PRT,Groups,TA/TO,0,1,0,A,A,0,Non Refund,1.0,0,Contract,62.0,0,0
City Hotel,1,293,2015,August,32,6,0,2,2,0.0,0,BB,PRT,Groups,TA/TO,0,1,0,A,A,0,Non Refund,1.0,0,Contract,62.0,0,0
City Hotel,1,293,2015,August,32,6,0,2,2,0.0,0,BB,PRT,Groups,TA/TO,0,1,0,A,A,0,Non Refund,1.0,0,Contract,62.0,0,0
City Hotel,1,293,2015,August,32,6,0,2,2,0.0,0,BB,PRT,Groups,TA/TO,0,1,0,A,A,0,Non Refund,1.0,0,Contract,62.0,0,0
City Hotel,1,293,2015,August,32,6,0,2,2,0.0,0,BB,PRT,Groups,TA/TO,0,1,0,A,A,0,Non Refund,1.0,0,Contract,62.0,0,0
City Hotel,1,300,2015,August,33,13,0,2,2,0.0,0,BB,PRT,Groups,TA/TO,0,1,0,A,A,0,Non Refund,1.0,0,Contract,62.0,0,0
City Hotel,1,300,2015,August,33,13,0,2,2,0.0,0,BB,PRT,Groups,TA/TO,0,1,0,A,A,0,Non Refund,1.0,0,Contract,62.0,0,0
City Hotel,1,300,2015,August,33,13,0,2,2,0.0,0,BB,PRT,Groups,TA/TO,0,1,0,A,A,0,Non Refund,1.0,0,Contract,62.0,0,0
City Hotel,1,300,2015,August,33,13,0,2,2,0.0,0,BB,PRT,Groups,TA/TO,0,1,0,A,A,0,Non Refund,1.0,0,Contract,62.0,0,0
City Hotel,1,300,2015,August,33,13,0,2,2,0.0,0,BB,PRT,Groups,TA/TO,0,1,0,A,A,0,Non Refund,1.0,0,Contract,62.0,0,0
City Hotel,1,300,2015,August,33,13,0,2,2,0.0,0,BB,PRT,Groups,TA/TO,0,1,0,A,A,0,Non Refund,1.0,0,Contract,62.0,0,0
City Hotel,1,300,2015,August,33,13,0,2,2,0.0,0,BB,PRT,Groups,TA/TO,0,1,0,A,A,0,Non Refund,1.0,0,Contract,62.0,0,0
City Hotel,1,300,2015,August,33,13,0,2,2,0.0,0,BB,PRT,Groups,TA/TO,0,1,0,A,A,0,Non Refund,1.0,0,Contract,62.0,0,0
City Hotel,1,300,2015,August,33,13,0,2,2,0.0,0,BB,PRT,Groups,TA/TO,0,1,0,A,A,0,Non Refund,1.0,0,Contract,62.0,0,0
City Hotel,1,300,2015,August,33,13,0,2,2,0.0,0,BB,PRT,Groups,TA/TO,0,1,0,A,A,0,Non Refund,1.0,0,Contract,62.0,0,0
City Hotel,1,300,2015,August,33,13,0,2,2,0.0,0,BB,PRT,Groups,TA/TO,0,1,0,A,A,0,Non Refund,1.0,0,Contract,62.0,0,0
City Hotel,1,300,2015,August,33,13,0,2,2,0.0,0,BB,PRT,Groups,TA/TO,0,1,0,A,A,0,Non Refund,1.0,0,Contract,62.0,0,0
City Hotel,1,300,2015,August,33,13,0,2,2,0.0,0,BB,PRT,Groups,TA/TO,0,1,0,A,A,0,Non Refund,1.0,0,Contract,62.0,0,0
City Hotel,1,300,2015,August,33,13,0,2,2,0.0,0,BB,PRT,Groups,TA/TO,0,1,0,A,A,0,Non Refund,1.0,0,Contract,62.0,0,0
City Hotel,1,300,2015,August,33,13,0,2,2,0.0,0,BB,PRT,Groups,TA/TO,0,1,0,A,A,0,Non Refund,1.0,0,Contract,62.0,0,0
City Hotel,1,300,2015,August,33,13,0,2,2,0.0,0,BB,PRT,Groups,TA/TO,0,1,0,A,A,0,Non Refund,1.0,0,Contract,62.0,0,0
City Hotel,1,300,2015,August,33,13,0,2,2,0.0,0,BB,PRT,Groups,TA/TO,0,1,0,A,A,0,Non Refund,1.0,0,Contract,62.0,0,0
City Hotel,1,300,2015,August,33,13,0,2,2,0.0,0,BB,PRT,Groups,TA/TO,0,1,0,A,A,0,Non Refund,1.0,0,Contract,62.0,0,0
City Hotel,1,300,2015,August,33,13,0,2,2,0.0,0,BB,PRT,Groups,TA/TO,0,1,0,A,A,0,Non Refund,1.0,0,Contract,62.0,0,0
City Hotel,1,300,2015,August,33,13,0,2,2,0.0,0,BB,PRT,Groups,TA/TO,0,1,0,A,A,0,Non Refund,1.0,0,Contract,62.0,0,0
City Hotel,1,307,2015,August,34,20,0,2,2,0.0,0,BB,PRT,Groups,TA/TO,0,1,0,A,A,0,Non Refund,1.0,0,Contract,62.0,0,0
City Hotel,1,307,2015,August,34,20,0,2,2,0.0,0,BB,PRT,Groups,TA/TO,0,1,0,A,A,0,Non Refund,1.0,0,Contract,62.0,0,0
City Hotel,1,307,2015,August,34,20,0,2,2,0.0,0,BB,PRT,Groups,TA/TO,0,1,0,A,A,0,Non Refund,1.0,0,Contract,62.0,0,0
City Hotel,1,307,2015,August,34,20,0,2,2,0.0,0,BB,PRT,Groups,TA/TO,0,1,0,A,A,0,Non Refund,1.0,0,Contract,62.0,0,0
City Hotel,1,307,2015,August,34,20,0,2,2,0.0,0,BB,PRT,Groups,TA/TO,0,1,0,A,A,0,Non Refund,1.0,0,Contract,62.0,0,0
City Hotel,1,307,2015,August,34,20,0,2,2,0.0,0,BB,PRT,Groups,TA/TO,0,1,0,A,A,0,Non Refund,1.0,0,Contract,62.0,0,0
City Hotel,1,307,2015,August,34,20,0,2,2,0.0,0,BB,PRT,Groups,TA/TO,0,1,0,A,A,0,Non Refund,1.0,0,Contract,62.0,0,0
City Hotel,1,307,2015,August,34,20,0,2,2,0.0,0,BB,PRT,Groups,TA/TO,0,1,0,A,A,0,Non Refund,1.0,0,Contract,62.0,0,0
City Hotel,1,307,2015,August,34,20,0,2,2,0.0,0,BB,PRT,Groups,TA/TO,0,1,0,A,A,0,Non Refund,1.0,0,Contract,62.0,0,0
City Hotel,1,307,2015,August,34,20,0,2,2,0.0,0,BB,PRT,Groups,TA/TO,0,1,0,A,A,0,Non Refund,1.0,0,Contract,62.0,0,0
City Hotel,1,307,2015,August,34,20,0,2,2,0.0,0,BB,PRT,Groups,TA/TO,0,1,0,A,A,0,Non Refund,1.0,0,Contract,62.0,0,0
City Hotel,1,307,2015,August,34,20,0,2,2,0.0,0,BB,PRT,Groups,TA/TO,0,1,0,A,A,0,Non Refund,1.0,0,Contract,62.0,0,0
City Hotel,1,307,2015,August,34,20,0,2,2,0.0,0,BB,PRT,Groups,TA/TO,0,1,0,A,A,0,Non Refund,1.0,0,Contract,62.0,0,0
City Hotel,1,307,2015,August,34,20,0,2,2,0.0,0,BB,PRT,Groups,TA/TO,0,1,0,A,A,0,Non Refund,1.0,0,Contract,62.0,0,0
City Hotel,1,307,2015,August,34,20,0,2,2,0.0,0,BB,PRT,Groups,TA/TO,0,1,0,A,A,0,Non Refund,1.0,0,Contract,62.0,0,0
City Hotel,1,307,2015,August,34,20,0,2,2,0.0,0,BB,PRT,Groups,TA/TO,0,1,0,A,A,0,Non Refund,1.0,0,Contract,62.0,0,0
City Hotel,1,307,2015,August,34,20,0,2,2,0.0,0,BB,PRT,Groups,TA/TO,0,1,0,A,A,0,Non Refund,1.0,0,Contract,62.0,0,0
City Hotel,1,307,2015,August,34,20,0,2,2,0.0,0,BB,PRT,Groups,TA/TO,0,1,0,A,A,0,Non Refund,1.0,0,Contract,62.0,0,0
City Hotel,1,307,2015,August,34,20,0,2,2,0.0,0,BB,PRT,Groups,TA/TO,0,1,0,A,A,0,Non Refund,1.0,0,Contract,62.0,0,0
City Hotel,1,307,2015,August,34,20,0,2,2,0.0,0,BB,PRT,Groups,TA/TO,0,1,0,A,A,0,Non Refund,1.0,0,Contract,62.0,0,0
City Hotel,1,314,2015,August,35,27,0,2,2,0.0,0,BB,PRT,Groups,TA/TO,0,1,0,A,A,0,Non Refund,1.0,0,Contract,62.0,0,0
City Hotel,1,314,2015,August,35,27,0,2,2,0.0,0,BB,PRT,Groups,TA/TO,0,1,0,A,A,0,Non Refund,1.0,0,Contract,62.0,0,0
City Hotel,1,314,2015,August,35,27,0,2,2,0.0,0,BB,PRT,Groups,TA/TO,0,1,0,A,A,0,Non Refund,1.0,0,Contract,62.0,0,0
City Hotel,1,314,2015,August,35,27,0,2,2,0.0,0,BB,PRT,Groups,TA/TO,0,1,0,A,A,0,Non Refund,1.0,0,Contract,62.0,0,0
City Hotel,1,314,2015,August,35,27,0,2,2,0.0,0,BB,PRT,Groups,TA/TO,0,1,0,A,A,0,Non Refund,1.0,0,Contract,62.0,0,0
City Hotel,1,314,2015,August,35,27,0,2,2,0.0,0,BB,PRT,Groups,TA/TO,0,1,0,A,A,0,Non Refund,1.0,0,Contract,62.0,0,0
City Hotel,1,314,2015,August,35,27,0,2,2,0.0,0,BB,PRT,Groups,TA/TO,0,1,0,A,A,0,Non Refund,1.0,0,Contract,62.0,0,0
City Hotel,1,314,2015,August,35,27,0,2,2,0.0,0,BB,PRT,Groups,TA/TO,0,1,0,A,A,0,Non Refund,1.0,0,Contract,62.0,0,0
City Hotel,1,314,2015,August,35,27,0,2,2,0.0,0,BB,PRT,Groups,TA/TO,0,1,0,A,A,0,Non Refund,1.0,0,Contract,62.0,0,0
City Hotel,1,314,2015,August,35,27,0,2,2,0.0,0,BB,PRT,Groups,TA/TO,0,1,0,A,A,0,Non Refund,1.0,0,Contract,62.0,0,0
City Hotel,1,314,2015,August,35,27,0,2,2,0.0,0,BB,PRT,Groups,TA/TO,0,1,0,A,A,0,Non Refund,1.0,0,Contract,62.0,0,0
City Hotel,1,314,2015,August,35,27,0,2,2,0.0,0,BB,PRT,Groups,TA/TO,0,1,0,A,A,0,Non Refund,1.0,0,Contract,62.0,0,0
City Hotel,1,314,2015,August,35,27,0,2,2,0.0,0,BB,PRT,Groups,TA/TO,0,1,0,A,A,0,Non Refund,1.0,0,Contract,62.0,0,0
City Hotel,1,314,2015,August,35,27,0,2,2,0.0,0,BB,PRT,Groups,TA/TO,0,1,0,A,A,0,Non Refund,1.0,0,Contract,62.0,0,0
City Hotel,1,314,2015,August,35,27,0,2,2,0.0,0,BB,PRT,Groups,TA/TO,0,1,0,A,A,0,Non Refund,1.0,0,Contract,62.0,0,0
City Hotel,1,314,2015,August,35,27,0,2,2,0.0,0,BB,PRT,Groups,TA/TO,0,1,0,A,A,0,Non Refund,1.0,0,Contract,62.0,0,0
City Hotel,1,314,2015,August,35,27,0,2,2,0.0,0,BB,PRT,Groups,TA/TO,0,1,0,A,A,0,Non Refund,1.0,0,Contract,62.0,0,0
City Hotel,1,314,2015,August,35,27,0,2,2,0.0,0,BB,PRT,Groups,TA/TO,0,1,0,A,A,0,Non Refund,1.0,0,Contract,62.0,0,0
City Hotel,1,314,2015,August,35,27,0,2,2,0.0,0,BB,PRT,Groups,TA/TO,0,1,0,A,A,0,Non Refund,1.0,0,Contract,62.0,0,0
City Hotel,1,314,2015,August,35,27,0,2,2,0.0,0,BB,PRT,Groups,TA/TO,0,1,0,A,A,0,Non Refund,1.0,0,Contract,62.0,0,0
City Hotel,1,321,2015,September,36,3,0,2,2,0.0,0,BB,PRT,Groups,TA/TO,0,1,0,A,A,0,Non Refund,1.0,0,Contract,62.0,0,0
City Hotel,1,321,2015,September,36,3,0,2,2,0.0,0,BB,PRT,Groups,TA/TO,0,1,0,A,A,0,Non Refund,1.0,0,Contract,62.0,0,0
City Hotel,1,321,2015,September,36,3,0,2,2,0.0,0,BB,PRT,Groups,TA/TO,0,1,0,A,A,0,Non Refund,1.0,0,Contract,62.0,0,0
City Hotel,1,321,2015,September,36,3,0,2,2,0.0,0,BB,PRT,Groups,TA/TO,0,1,0,A,A,0,Non Refund,1.0,0,Contract,62.0,0,0
City Hotel,1,321,2015,September,36,3,0,2,2,0.0,0,BB,PRT,Groups,TA/TO,0,1,0,A,A,0,Non Refund,1.0,0,Contract,62.0,0,0
City Hotel,1,321,2015,September,36,3,0,2,2,0.0,0,BB,PRT,Groups,TA/TO,0,1,0,A,A,0,Non Refund,1.0,0,Contract,62.0,0,0
City Hotel,1,321,2015,September,36,3,0,2,2,0.0,0,BB,PRT,Groups,TA/TO,0,1,0,A,A,0,Non Refund,1.0,0,Contract,62.0,0,0
City Hotel,1,321,2015,September,36,3,0,2,2,0.0,0,BB,PRT,Groups,TA/TO,0,1,0,A,A,0,Non Refund,1.0,0,Contract,62.0,0,0
City Hotel,1,321,2015,September,36,3,0,2,2,0.0,0,BB,PRT,Groups,TA/TO,0,1,0,A,A,0,Non Refund,1.0,0,Contract,62.0,0,0
City Hotel,1,321,2015,September,36,3,0,2,2,0.0,0,BB,PRT,Groups,TA/TO,0,1,0,A,A,0,Non Refund,1.0,0,Contract,62.0,0,0
City Hotel,1,321,2015,September,36,3,0,2,2,0.0,0,BB,PRT,Groups,TA/TO,0,1,0,A,A,0,Non Refund,1.0,0,Contract,62.0,0,0
City Hotel,1,321,2015,September,36,3,0,2,2,0.0,0,BB,PRT,Groups,TA/TO,0,1,0,A,A,0,Non Refund,1.0,0,Contract,62.0,0,0
City Hotel,1,321,2015,September,36,3,0,2,2,0.0,0,BB,PRT,Groups,TA/TO,0,1,0,A,A,0,Non Refund,1.0,0,Contract,62.0,0,0
City Hotel,1,321,2015,September,36,3,0,2,2,0.0,0,BB,PRT,Groups,TA/TO,0,1,0,A,A,0,Non Refund,1.0,0,Contract,62.0,0,0
City Hotel,1,321,2015,September,36,3,0,2,2,0.0,0,BB,PRT,Groups,TA/TO,0,1,0,A,A,0,Non Refund,1.0,0,Contract,62.0,0,0
City Hotel,1,321,2015,September,36,3,0,2,2,0.0,0,BB,PRT,Groups,TA/TO,0,1,0,A,A,0,Non Refund,1.0,0,Contract,62.0,0,0
City Hotel,1,321,2015,September,36,3,0,2,2,0.0,0,BB,PRT,Groups,TA/TO,0,1,0,A,A,0,Non Refund,1.0,0,Contract,62.0,0,0
City Hotel,1,321,2015,September,36,3,0,2,2,0.0,0,BB,PRT,Groups,TA/TO,0,1,0,A,A,0,Non Refund,1.0,0,Contract,62.0,0,0
City Hotel,1,321,2015,September,36,3,0,2,2,0.0,0,BB,PRT,Groups,TA/TO,0,1,0,A,A,0,Non Refund,1.0,0,Contract,62.0,0,0
City Hotel,1,321,2015,September,36,3,0,2,2,0.0,0,BB,PRT,Groups,TA/TO,0,1,0,A,A,0,Non Refund,1.0,0,Contract,62.0,0,0
City Hotel,1,328,2015,September,37,10,0,2,2,0.0,0,BB,PRT,Groups,TA/TO,0,1,0,A,A,0,Non Refund,1.0,0,Contract,62.0,0,0
City Hotel,1,328,2015,September,37,10,0,2,2,0.0,0,BB,PRT,Groups,TA/TO,0,1,0,A,A,0,Non Refund,1.0,0,Contract,62.0,0,0
City Hotel,1,328,2015,September,37,10,0,2,2,0.0,0,BB,PRT,Groups,TA/TO,0,1,0,A,A,0,Non Refund,1.0,0,Contract,62.0,0,0
City Hotel,1,328,2015,September,37,10,0,2,2,0.0,0,BB,PRT,Groups,TA/TO,0,1,0,A,A,0,Non Refund,1.0,0,Contract,62.0,0,0
City Hotel,1,328,2015,September,37,10,0,2,2,0.0,0,BB,PRT,Groups,TA/TO,0,1,0,A,A,0,Non Refund,1.0,0,Contract,62.0,0,0
City Hotel,1,328,2015,September,37,10,0,2,2,0.0,0,BB,PRT,Groups,TA/TO,0,1,0,A,A,0,Non Refund,1.0,0,Contract,62.0,0,0
City Hotel,1,328,2015,September,37,10,0,2,2,0.0,0,BB,PRT,Groups,TA/TO,0,1,0,A,A,0,Non Refund,1.0,0,Contract,62.0,0,0
City Hotel,1,328,2015,September,37,10,0,2,2,0.0,0,BB,PRT,Groups,TA/TO,0,1,0,A,A,0,Non Refund,1.0,0,Contract,62.0,0,0
City Hotel,1,328,2015,September,37,10,0,2,2,0.0,0,BB,PRT,Groups,TA/TO,0,1,0,A,A,0,Non Refund,1.0,0,Contract,62.0,0,0
City Hotel,1,328,2015,September,37,10,0,2,2,0.0,0,BB,PRT,Groups,TA/TO,0,1,0,A,A,0,Non Refund,1.0,0,Contract,62.0,0,0
City Hotel,1,328,2015,September,37,10,0,2,2,0.0,0,BB,PRT,Groups,TA/TO,0,1,0,A,A,0,Non Refund,1.0,0,Contract,62.0,0,0
City Hotel,1,328,2015,September,37,10,0,2,2,0.0,0,BB,PRT,Groups,TA/TO,0,1,0,A,A,0,Non Refund,1.0,0,Contract,62.0,0,0
City Hotel,1,328,2015,September,37,10,0,2,2,0.0,0,BB,PRT,Groups,TA/TO,0,1,0,A,A,0,Non Refund,1.0,0,Contract,62.0,0,0
City Hotel,1,328,2015,September,37,10,0,2,2,0.0,0,BB,PRT,Groups,TA/TO,0,1,0,A,A,0,Non Refund,1.0,0,Contract,62.0,0,0
City Hotel,1,328,2015,September,37,10,0,2,2,0.0,0,BB,PRT,Groups,TA/TO,0,1,0,A,A,0,Non Refund,1.0,0,Contract,62.0,0,0
City Hotel,1,328,2015,September,37,10,0,2,2,0.0,0,BB,PRT,Groups,TA/TO,0,1,0,A,A,0,Non Refund,1.0,0,Contract,62.0,0,0
City Hotel,1,328,2015,September,37,10,0,2,2,0.0,0,BB,PRT,Groups,TA/TO,0,1,0,A,A,0,Non Refund,1.0,0,Contract,62.0,0,0
City Hotel,1,328,2015,September,37,10,0,2,2,0.0,0,BB,PRT,Groups,TA/TO,0,1,0,A,A,0,Non Refund,1.0,0,Contract,62.0,0,0
City Hotel,1,328,2015,September,37,10,0,2,2,0.0,0,BB,PRT,Groups,TA/TO,0,1,0,A,A,0,Non Refund,1.0,0,Contract,62.0,0,0
City Hotel,1,328,2015,September,37,10,0,2,2,0.0,0,BB,PRT,Groups,TA/TO,0,1,0,A,A,0,Non Refund,1.0,0,Contract,62.0,0,0
City Hotel,1,335,2015,September,38,17,0,2,2,0.0,0,BB,PRT,Groups,TA/TO,0,1,0,A,A,0,Non Refund,1.0,0,Contract,62.0,0,0
City Hotel,1,335,2015,September,38,17,0,2,2,0.0,0,BB,PRT,Groups,TA/TO,0,1,0,A,A,0,Non Refund,1.0,0,Contract,62.0,0,0
City Hotel,1,335,2015,September,38,17,0,2,2,0.0,0,BB,PRT,Groups,TA/TO,0,1,0,A,A,0,Non Refund,1.0,0,Contract,62.0,0,0
City Hotel,1,335,2015,September,38,17,0,2,2,0.0,0,BB,PRT,Groups,TA/TO,0,1,0,A,A,0,Non Refund,1.0,0,Contract,62.0,0,0
City Hotel,1,335,2015,September,38,17,0,2,2,0.0,0,BB,PRT,Groups,TA/TO,0,1,0,A,A,0,Non Refund,1.0,0,Contract,62.0,0,0
City Hotel,1,335,2015,September,38,17,0,2,2,0.0,0,BB,PRT,Groups,TA/TO,0,1,0,A,A,0,Non Refund,1.0,0,Contract,62.0,0,0
City Hotel,1,335,2015,September,38,17,0,2,2,0.0,0,BB,PRT,Groups,TA/TO,0,1,0,A,A,0,Non Refund,1.0,0,Contract,62.0,0,0
City Hotel,1,335,2015,September,38,17,0,2,2,0.0,0,BB,PRT,Groups,TA/TO,0,1,0,A,A,0,Non Refund,1.0,0,Contract,62.0,0,0
City Hotel,1,335,2015,September,38,17,0,2,2,0.0,0,BB,PRT,Groups,TA/TO,0,1,0,A,A,0,Non Refund,1.0,0,Contract,62.0,0,0
City Hotel,1,335,2015,September,38,17,0,2,2,0.0,0,BB,PRT,Groups,TA/TO,0,1,0,A,A,0,Non Refund,1.0,0,Contract,62.0,0,0
City Hotel,1,335,2015,September,38,17,0,2,2,0.0,0,BB,PRT,Groups,TA/TO,0,1,0,A,A,0,Non Refund,1.0,0,Contract,62.0,0,0
City Hotel,1,335,2015,September,38,17,0,2,2,0.0,0,BB,PRT,Groups,TA/TO,0,1,0,A,A,0,Non Refund,1.0,0,Contract,62.0,0,0
City Hotel,1,335,2015,September,38,17,0,2,2,0.0,0,BB,PRT,Groups,TA/TO,0,1,0,A,A,0,Non Refund,1.0,0,Contract,62.0,0,0
City Hotel,1,335,2015,September,38,17,0,2,2,0.0,0,BB,PRT,Groups,TA/TO,0,1,0,A,A,0,Non Refund,1.0,0,Contract,62.0,0,0
City Hotel,1,335,2015,September,38,17,0,2,2,0.0,0,BB,PRT,Groups,TA/TO,0,1,0,A,A,0,Non Refund,1.0,0,Contract,62.0,0,0
City Hotel,1,335,2015,September,38,17,0,2,2,0.0,0,BB,PRT,Groups,TA/TO,0,1,0,A,A,0,Non Refund,1.0,0,Contract,62.0,0,0
City Hotel,1,335,2015,September,38,17,0,2,2,0.0,0,BB,PRT,Groups,TA/TO,0,1,0,A,A,0,Non Refund,1.0,0,Contract,62.0,0,0
City Hotel,1,335,2015,September,38,17,0,2,2,0.0,0,BB,PRT,Groups,TA/TO,0,1,0,A,A,0,Non Refund,1.0,0,Contract,62.0,0,0
City Hotel,1,335,2015,September,38,17,0,2,2,0.0,0,BB,PRT,Groups,TA/TO,0,1,0,A,A,0,Non Refund,1.0,0,Contract,62.0,0,0
City Hotel,1,335,2015,September,38,17,0,2,2,0.0,0,BB,PRT,Groups,TA/TO,0,1,0,A,A,0,Non Refund,1.0,0,Contract,62.0,0,0
City Hotel,1,342,2015,September,39,24,0,2,2,0.0,0,BB,PRT,Groups,TA/TO,0,1,0,A,A,0,Non Refund,1.0,0,Contract,62.0,0,0
City Hotel,1,342,2015,September,39,24,0,2,2,0.0,0,BB,PRT,Groups,TA/TO,0,1,0,A,A,0,Non Refund,1.0,0,Contract,62.0,0,0
City Hotel,1,342,2015,September,39,24,0,2,2,0.0,0,BB,PRT,Groups,TA/TO,0,1,0,A,A,0,Non Refund,1.0,0,Contract,62.0,0,0
City Hotel,1,342,2015,September,39,24,0,2,2,0.0,0,BB,PRT,Groups,TA/TO,0,1,0,A,A,0,Non Refund,1.0,0,Contract,62.0,0,0
City Hotel,1,342,2015,September,39,24,0,2,2,0.0,0,BB,PRT,Groups,TA/TO,0,1,0,A,A,0,Non Refund,1.0,0,Contract,62.0,0,0
City Hotel,1,342,2015,September,39,24,0,2,2,0.0,0,BB,PRT,Groups,TA/TO,0,1,0,A,A,0,Non Refund,1.0,0,Contract,62.0,0,0
City Hotel,1,342,2015,September,39,24,0,2,2,0.0,0,BB,PRT,Groups,TA/TO,0,1,0,A,A,0,Non Refund,1.0,0,Contract,62.0,0,0
City Hotel,1,342,2015,September,39,24,0,2,2,0.0,0,BB,PRT,Groups,TA/TO,0,1,0,A,A,0,Non Refund,1.0,0,Contract,62.0,0,0
City Hotel,1,342,2015,September,39,24,0,2,2,0.0,0,BB,PRT,Groups,TA/TO,0,1,0,A,A,0,Non Refund,1.0,0,Contract,62.0,0,0
City Hotel,1,342,2015,September,39,24,0,2,2,0.0,0,BB,PRT,Groups,TA/TO,0,1,0,A,A,0,Non Refund,1.0,0,Contract,62.0,0,0
City Hotel,1,342,2015,September,39,24,0,2,2,0.0,0,BB,PRT,Groups,TA/TO,0,1,0,A,A,0,Non Refund,1.0,0,Contract,62.0,0,0
City Hotel,1,342,2015,September,39,24,0,2,2,0.0,0,BB,PRT,Groups,TA/TO,0,1,0,A,A,0,Non Refund,1.0,0,Contract,62.0,0,0
City Hotel,1,342,2015,September,39,24,0,2,2,0.0,0,BB,PRT,Groups,TA/TO,0,1,0,A,A,0,Non Refund,1.0,0,Contract,62.0,0,0
City Hotel,1,342,2015,September,39,24,0,2,2,0.0,0,BB,PRT,Groups,TA/TO,0,1,0,A,A,0,Non Refund,1.0,0,Contract,62.0,0,0
City Hotel,1,342,2015,September,39,24,0,2,2,0.0,0,BB,PRT,Groups,TA/TO,0,1,0,A,A,0,Non Refund,1.0,0,Contract,62.0,0,0
City Hotel,1,342,2015,September,39,24,0,2,2,0.0,0,BB,PRT,Groups,TA/TO,0,1,0,A,A,0,Non Refund,1.0,0,Contract,62.0,0,0
City Hotel,1,342,2015,September,39,24,0,2,2,0.0,0,BB,PRT,Groups,TA/TO,0,1,0,A,A,0,Non Refund,1.0,0,Contract,62.0,0,0
City Hotel,1,342,2015,September,39,24,0,2,2,0.0,0,BB,PRT,Groups,TA/TO,0,1,0,A,A,0,Non Refund,1.0,0,Contract,62.0,0,0
City Hotel,1,342,2015,September,39,24,0,2,2,0.0,0,BB,PRT,Groups,TA/TO,0,1,0,A,A,0,Non Refund,1.0,0,Contract,62.0,0,0
City Hotel,1,342,2015,September,39,24,0,2,2,0.0,0,BB,PRT,Groups,TA/TO,0,1,0,A,A,0,Non Refund,1.0,0,Contract,62.0,0,0
City Hotel,1,349,2015,October,40,1,0,2,2,0.0,0,BB,PRT,Groups,TA/TO,0,1,0,A,A,0,Non Refund,1.0,0,Contract,62.0,0,0
City Hotel,1,349,2015,October,40,1,0,2,2,0.0,0,BB,PRT,Groups,TA/TO,0,1,0,A,A,0,Non Refund,1.0,0,Contract,62.0,0,0
City Hotel,1,349,2015,October,40,1,0,2,2,0.0,0,BB,PRT,Groups,TA/TO,0,1,0,A,A,0,Non Refund,1.0,0,Contract,62.0,0,0
City Hotel,1,349,2015,October,40,1,0,2,2,0.0,0,BB,PRT,Groups,TA/TO,0,1,0,A,A,0,Non Refund,1.0,0,Contract,62.0,0,0
City Hotel,1,349,2015,October,40,1,0,2,2,0.0,0,BB,PRT,Groups,TA/TO,0,1,0,A,A,0,Non Refund,1.0,0,Contract,62.0,0,0
City Hotel,1,349,2015,October,40,1,0,2,2,0.0,0,BB,PRT,Groups,TA/TO,0,1,0,A,A,0,Non Refund,1.0,0,Contract,62.0,0,0
City Hotel,1,349,2015,October,40,1,0,2,2,0.0,0,BB,PRT,Groups,TA/TO,0,1,0,A,A,0,Non Refund,1.0,0,Contract,62.0,0,0
City Hotel,1,349,2015,October,40,1,0,2,2,0.0,0,BB,PRT,Groups,TA/TO,0,1,0,A,A,0,Non Refund,1.0,0,Contract,62.0,0,0
City Hotel,1,349,2015,October,40,1,0,2,2,0.0,0,BB,PRT,Groups,TA/TO,0,1,0,A,A,0,Non Refund,1.0,0,Contract,62.0,0,0
City Hotel,1,349,2015,October,40,1,0,2,2,0.0,0,BB,PRT,Groups,TA/TO,0,1,0,A,A,0,Non Refund,1.0,0,Contract,62.0,0,0
City Hotel,1,349,2015,October,40,1,0,2,2,0.0,0,BB,PRT,Groups,TA/TO,0,1,0,A,A,0,Non Refund,1.0,0,Contract,62.0,0,0
City Hotel,1,349,2015,October,40,1,0,2,2,0.0,0,BB,PRT,Groups,TA/TO,0,1,0,A,A,0,Non Refund,1.0,0,Contract,62.0,0,0
City Hotel,1,349,2015,October,40,1,0,2,2,0.0,0,BB,PRT,Groups,TA/TO,0,1,0,A,A,0,Non Refund,1.0,0,Contract,62.0,0,0
City Hotel,1,349,2015,October,40,1,0,2,2,0.0,0,BB,PRT,Groups,TA/TO,0,1,0,A,A,0,Non Refund,1.0,0,Contract,62.0,0,0
City Hotel,1,349,2015,October,40,1,0,2,2,0.0,0,BB,PRT,Groups,TA/TO,0,1,0,A,A,0,Non Refund,1.0,0,Contract,62.0,0,0
City Hotel,1,349,2015,October,40,1,0,2,2,0.0,0,BB,PRT,Groups,TA/TO,0,1,0,A,A,0,Non Refund,1.0,0,Contract,62.0,0,0
City Hotel,1,349,2015,October,40,1,0,2,2,0.0,0,BB,PRT,Groups,TA/TO,0,1,0,A,A,0,Non Refund,1.0,0,Contract,62.0,0,0
City Hotel,1,349,2015,October,40,1,0,2,2,0.0,0,BB,PRT,Groups,TA/TO,0,1,0,A,A,0,Non Refund,1.0,0,Contract,62.0,0,0
City Hotel,1,349,2015,October,40,1,0,2,2,0.0,0,BB,PRT,Groups,TA/TO,0,1,0,A,A,0,Non Refund,1.0,0,Contract,62.0,0,0
City Hotel,1,349,2015,October,40,1,0,2,2,0.0,0,BB,PRT,Groups,TA/TO,0,1,0,A,A,0,Non Refund,1.0,0,Contract,62.0,0,0
City Hotel,1,356,2015,October,41,8,0,2,2,0.0,0,BB,PRT,Groups,TA/TO,0,1,0,A,A,0,Non Refund,1.0,0,Contract,62.0,0,0
City Hotel,1,356,2015,October,41,8,0,2,2,0.0,0,BB,PRT,Groups,TA/TO,0,1,0,A,A,0,Non Refund,1.0,0,Contract,62.0,0,0
City Hotel,1,356,2015,October,41,8,0,2,2,0.0,0,BB,PRT,Groups,TA/TO,0,1,0,A,A,0,Non Refund,1.0,0,Contract,62.0,0,0
City Hotel,1,356,2015,October,41,8,0,2,2,0.0,0,BB,PRT,Groups,TA/TO,0,1,0,A,A,0,Non Refund,1.0,0,Contract,62.0,0,0
City Hotel,1,356,2015,October,41,8,0,2,2,0.0,0,BB,PRT,Groups,TA/TO,0,1,0,A,A,0,Non Refund,1.0,0,Contract,62.0,0,0
City Hotel,1,356,2015,October,41,8,0,2,2,0.0,0,BB,PRT,Groups,TA/TO,0,1,0,A,A,0,Non Refund,1.0,0,Contract,62.0,0,0
City Hotel,1,356,2015,October,41,8,0,2,2,0.0,0,BB,PRT,Groups,TA/TO,0,1,0,A,A,0,Non Refund,1.0,0,Contract,62.0,0,0
City Hotel,1,356,2015,October,41,8,0,2,2,0.0,0,BB,PRT,Groups,TA/TO,0,1,0,A,A,0,Non Refund,1.0,0,Contract,62.0,0,0
City Hotel,1,356,2015,October,41,8,0,2,2,0.0,0,BB,PRT,Groups,TA/TO,0,1,0,A,A,0,Non Refund,1.0,0,Contract,62.0,0,0
City Hotel,1,356,2015,October,41,8,0,2,2,0.0,0,BB,PRT,Groups,TA/TO,0,1,0,A,A,0,Non Refund,1.0,0,Contract,62.0,0,0
City Hotel,1,356,2015,October,41,8,0,2,2,0.0,0,BB,PRT,Groups,TA/TO,0,1,0,A,A,0,Non Refund,1.0,0,Contract,62.0,0,0
City Hotel,1,356,2015,October,41,8,0,2,2,0.0,0,BB,PRT,Groups,TA/TO,0,1,0,A,A,0,Non Refund,1.0,0,Contract,62.0,0,0
City Hotel,1,356,2015,October,41,8,0,2,2,0.0,0,BB,PRT,Groups,TA/TO,0,1,0,A,A,0,Non Refund,1.0,0,Contract,62.0,0,0
City Hotel,1,356,2015,October,41,8,0,2,2,0.0,0,BB,PRT,Groups,TA/TO,0,1,0,A,A,0,Non Refund,1.0,0,Contract,62.0,0,0
City Hotel,1,356,2015,October,41,8,0,2,2,0.0,0,BB,PRT,Groups,TA/TO,0,1,0,A,A,0,Non Refund,1.0,0,Contract,62.0,0,0
City Hotel,1,356,2015,October,41,8,0,2,2,0.0,0,BB,PRT,Groups,TA/TO,0,1,0,A,A,0,Non Refund,1.0,0,Contract,62.0,0,0
City Hotel,1,356,2015,October,41,8,0,2,2,0.0,0,BB,PRT,Groups,TA/TO,0,1,0,A,A,0,Non Refund,1.0,0,Contract,62.0,0,0
City Hotel,1,356,2015,October,41,8,0,2,2,0.0,0,BB,PRT,Groups,TA/TO,0,1,0,A,A,0,Non Refund,1.0,0,Contract,62.0,0,0
City Hotel,1,356,2015,October,41,8,0,2,2,0.0,0,BB,PRT,Groups,TA/TO,0,1,0,A,A,0,Non Refund,1.0,0,Contract,62.0,0,0
City Hotel,1,356,2015,October,41,8,0,2,2,0.0,0,BB,PRT,Groups,TA/TO,0,1,0,A,A,0,Non Refund,1.0,0,Contract,62.0,0,0
City Hotel,1,363,2015,October,42,15,0,2,2,0.0,0,BB,PRT,Groups,TA/TO,0,1,0,A,A,0,Non Refund,1.0,0,Contract,62.0,0,0
City Hotel,1,363,2015,October,42,15,0,2,2,0.0,0,BB,PRT,Groups,TA/TO,0,1,0,A,A,0,Non Refund,1.0,0,Contract,62.0,0,0
City Hotel,1,363,2015,October,42,15,0,2,2,0.0,0,BB,PRT,Groups,TA/TO,0,1,0,A,A,0,Non Refund,1.0,0,Contract,62.0,0,0
City Hotel,1,363,2015,October,42,15,0,2,2,0.0,0,BB,PRT,Groups,TA/TO,0,1,0,A,A,0,Non Refund,1.0,0,Contract,62.0,0,0
City Hotel,1,363,2015,October,42,15,0,2,2,0.0,0,BB,PRT,Groups,TA/TO,0,1,0,A,A,0,Non Refund,1.0,0,Contract,62.0,0,0
City Hotel,1,363,2015,October,42,15,0,2,2,0.0,0,BB,PRT,Groups,TA/TO,0,1,0,A,A,0,Non Refund,1.0,0,Contract,62.0,0,0
City Hotel,1,363,2015,October,42,15,0,2,2,0.0,0,BB,PRT,Groups,TA/TO,0,1,0,A,A,0,Non Refund,1.0,0,Contract,62.0,0,0
City Hotel,1,363,2015,October,42,15,0,2,2,0.0,0,BB,PRT,Groups,TA/TO,0,1,0,A,A,0,Non Refund,1.0,0,Contract,62.0,0,0
City Hotel,1,363,2015,October,42,15,0,2,2,0.0,0,BB,PRT,Groups,TA/TO,0,1,0,A,A,0,Non Refund,1.0,0,Contract,62.0,0,0
City Hotel,1,363,2015,October,42,15,0,2,2,0.0,0,BB,PRT,Groups,TA/TO,0,1,0,A,A,0,Non Refund,1.0,0,Contract,62.0,0,0
City Hotel,1,363,2015,October,42,15,0,2,2,0.0,0,BB,PRT,Groups,TA/TO,0,1,0,A,A,0,Non Refund,1.0,0,Contract,62.0,0,0
City Hotel,1,363,2015,October,42,15,0,2,2,0.0,0,BB,PRT,Groups,TA/TO,0,1,0,A,A,0,Non Refund,1.0,0,Contract,62.0,0,0
City Hotel,1,363,2015,October,42,15,0,2,2,0.0,0,BB,PRT,Groups,TA/TO,0,1,0,A,A,0,Non Refund,1.0,0,Contract,62.0,0,0
City Hotel,1,363,2015,October,42,15,0,2,2,0.0,0,BB,PRT,Groups,TA/TO,0,1,0,A,A,0,Non Refund,1.0,0,Contract,62.0,0,0
City Hotel,1,363,2015,October,42,15,0,2,2,0.0,0,BB,PRT,Groups,TA/TO,0,1,0,A,A,0,Non Refund,1.0,0,Contract,62.0,0,0
City Hotel,1,363,2015,October,42,15,0,2,2,0.0,0,BB,PRT,Groups,TA/TO,0,1,0,A,A,0,Non Refund,1.0,0,Contract,62.0,0,0
City Hotel,1,363,2015,October,42,15,0,2,2,0.0,0,BB,PRT,Groups,TA/TO,0,1,0,A,A,0,Non Refund,1.0,0,Contract,62.0,0,0
City Hotel,1,363,2015,October,42,15,0,2,2,0.0,0,BB,PRT,Groups,TA/TO,0,1,0,A,A,0,Non Refund,1.0,0,Contract,62.0,0,0
City Hotel,1,363,2015,October,42,15,0,2,2,0.0,0,BB,PRT,Groups,TA/TO,0,1,0,A,A,0,Non Refund,1.0,0,Contract,62.0,0,0
City Hotel,1,363,2015,October,42,15,0,2,2,0.0,0,BB,PRT,Groups,TA/TO,0,1,0,A,A,0,Non Refund,1.0,0,Contract,62.0,0,0
City Hotel,1,278,2015,July,30,22,0,2,2,0.0,0,BB,PRT,Groups,TA/TO,0,1,0,A,A,0,No Deposit,1.0,0,Contract,62.0,0,0
City Hotel,1,278,2015,July,30,22,0,2,2,0.0,0,BB,PRT,Groups,TA/TO,0,1,0,A,A,0,No Deposit,1.0,0,Contract,62.0,0,0
City Hotel,1,278,2015,July,30,22,0,2,2,0.0,0,BB,PRT,Groups,TA/TO,0,1,0,A,A,0,No Deposit,1.0,0,Contract,62.0,0,0
City Hotel,1,278,2015,July,30,22,0,2,2,0.0,0,BB,PRT,Groups,TA/TO,0,1,0,A,A,0,No Deposit,1.0,0,Contract,62.0,0,0
City Hotel,1,278,2015,July,30,22,0,2,2,0.0,0,BB,PRT,Groups,TA/TO,0,1,0,A,A,0,No Deposit,1.0,0,Contract,62.0,0,0
City Hotel,1,278,2015,July,30,22,0,2,2,0.0,0,BB,PRT,Groups,TA/TO,0,1,0,A,A,0,No Deposit,1.0,0,Contract,62.0,0,0
City Hotel,1,278,2015,July,30,22,0,2,2,0.0,0,BB,PRT,Groups,TA/TO,0,1,0,A,A,0,No Deposit,1.0,0,Contract,62.0,0,0
City Hotel,1,278,2015,July,30,22,0,2,2,0.0,0,BB,PRT,Groups,TA/TO,0,1,0,A,A,0,No Deposit,1.0,0,Contract,62.0,0,0
City Hotel,1,278,2015,July,30,22,0,2,2,0.0,0,BB,PRT,Groups,TA/TO,0,1,0,A,A,0,No Deposit,1.0,0,Contract,62.0,0,0
City Hotel,1,278,2015,July,30,22,0,2,2,0.0,0,BB,PRT,Groups,TA/TO,0,1,0,A,A,0,No Deposit,1.0,0,Contract,62.0,0,0
City Hotel,1,278,2015,July,30,22,0,2,2,0.0,0,BB,PRT,Groups,TA/TO,0,1,0,A,A,0,No Deposit,1.0,0,Contract,62.0,0,0
City Hotel,1,278,2015,July,30,22,0,2,2,0.0,0,BB,PRT,Groups,TA/TO,0,1,0,A,A,0,No Deposit,1.0,0,Contract,62.0,0,0
City Hotel,1,278,2015,July,30,22,0,2,2,0.0,0,BB,PRT,Groups,TA/TO,0,1,0,A,A,0,No Deposit,1.0,0,Contract,62.0,0,0
City Hotel,1,278,2015,July,30,22,0,2,2,0.0,0,BB,PRT,Groups,TA/TO,0,1,0,A,A,0,No Deposit,1.0,0,Contract,62.0,0,0
City Hotel,1,278,2015,July,30,22,0,2,2,0.0,0,BB,PRT,Groups,TA/TO,0,1,0,A,A,0,No Deposit,1.0,0,Contract,62.0,0,0
City Hotel,1,278,2015,July,30,22,0,2,2,0.0,0,BB,PRT,Groups,TA/TO,0,1,0,A,A,0,No Deposit,1.0,0,Contract,62.0,0,0
City Hotel,1,278,2015,July,30,22,0,2,2,0.0,0,BB,PRT,Groups,TA/TO,0,1,0,A,A,0,No Deposit,1.0,0,Contract,62.0,0,0
City Hotel,1,278,2015,July,30,22,0,2,2,0.0,0,BB,PRT,Groups,TA/TO,0,1,0,A,A,0,No Deposit,1.0,0,Contract,62.0,0,0
City Hotel,1,278,2015,July,30,22,0,2,2,0.0,0,BB,PRT,Groups,TA/TO,0,1,0,A,A,0,No Deposit,1.0,0,Contract,62.0,0,0
City Hotel,1,278,2015,July,30,22,0,2,2,0.0,0,BB,PRT,Groups,TA/TO,0,1,0,A,A,0,No Deposit,1.0,0,Contract,62.0,0,0
City Hotel,1,377,2015,October,44,29,0,2,2,0.0,0,BB,PRT,Groups,TA/TO,0,1,0,A,A,0,Non Refund,1.0,0,Contract,62.0,0,0
City Hotel,1,377,2015,October,44,29,0,2,2,0.0,0,BB,PRT,Groups,TA/TO,0,1,0,A,A,0,Non Refund,1.0,0,Contract,62.0,0,0
City Hotel,1,377,2015,October,44,29,0,2,2,0.0,0,BB,PRT,Groups,TA/TO,0,1,0,A,A,0,Non Refund,1.0,0,Contract,62.0,0,0
City Hotel,1,377,2015,October,44,29,0,2,2,0.0,0,BB,PRT,Groups,TA/TO,0,1,0,A,A,0,Non Refund,1.0,0,Contract,62.0,0,0
City Hotel,1,377,2015,October,44,29,0,2,2,0.0,0,BB,PRT,Groups,TA/TO,0,1,0,A,A,0,Non Refund,1.0,0,Contract,62.0,0,0
City Hotel,1,377,2015,October,44,29,0,2,2,0.0,0,BB,PRT,Groups,TA/TO,0,1,0,A,A,0,Non Refund,1.0,0,Contract,62.0,0,0
City Hotel,1,377,2015,October,44,29,0,2,2,0.0,0,BB,PRT,Groups,TA/TO,0,1,0,A,A,0,Non Refund,1.0,0,Contract,62.0,0,0
City Hotel,1,377,2015,October,44,29,0,2,2,0.0,0,BB,PRT,Groups,TA/TO,0,1,0,A,A,0,Non Refund,1.0,0,Contract,62.0,0,0
City Hotel,1,377,2015,October,44,29,0,2,2,0.0,0,BB,PRT,Groups,TA/TO,0,1,0,A,A,0,Non Refund,1.0,0,Contract,62.0,0,0
City Hotel,1,377,2015,October,44,29,0,2,2,0.0,0,BB,PRT,Groups,TA/TO,0,1,0,A,A,0,Non Refund,1.0,0,Contract,62.0,0,0
City Hotel,1,377,2015,October,44,29,0,2,2,0.0,0,BB,PRT,Groups,TA/TO,0,1,0,A,A,0,Non Refund,1.0,0,Contract,62.0,0,0
City Hotel,1,377,2015,October,44,29,0,2,2,0.0,0,BB,PRT,Groups,TA/TO,0,1,0,A,A,0,Non Refund,1.0,0,Contract,62.0,0,0
City Hotel,1,377,2015,October,44,29,0,2,2,0.0,0,BB,PRT,Groups,TA/TO,0,1,0,A,A,0,Non Refund,1.0,0,Contract,62.0,0,0
City Hotel,1,377,2015,October,44,29,0,2,2,0.0,0,BB,PRT,Groups,TA/TO,0,1,0,A,A,0,Non Refund,1.0,0,Contract,62.0,0,0
City Hotel,1,377,2015,October,44,29,0,2,2,0.0,0,BB,PRT,Groups,TA/TO,0,1,0,A,A,0,Non Refund,1.0,0,Contract,62.0,0,0
City Hotel,1,377,2015,October,44,29,0,2,2,0.0,0,BB,PRT,Groups,TA/TO,0,1,0,A,A,0,Non Refund,1.0,0,Contract,62.0,0,0
City Hotel,1,377,2015,October,44,29,0,2,2,0.0,0,BB,PRT,Groups,TA/TO,0,1,0,A,A,0,Non Refund,1.0,0,Contract,62.0,0,0
City Hotel,1,377,2015,October,44,29,0,2,2,0.0,0,BB,PRT,Groups,TA/TO,0,1,0,A,A,0,Non Refund,1.0,0,Contract,62.0,0,0
City Hotel,1,377,2015,October,44,29,0,2,2,0.0,0,BB,PRT,Groups,TA/TO,0,1,0,A,A,0,Non Refund,1.0,0,Contract,62.0,0,0
City Hotel,1,377,2015,October,44,29,0,2,2,0.0,0,BB,PRT,Groups,TA/TO,0,1,0,A,A,0,Non Refund,1.0,0,Contract,62.0,0,0
City Hotel,1,267,2015,July,28,11,2,1,2,0.0,0,BB,PRT,Groups,TA/TO,0,1,0,A,A,0,No Deposit,1.0,0,Transient-Party,62.8,0,0
City Hotel,1,267,2015,July,28,11,2,1,2,0.0,0,BB,PRT,Groups,TA/TO,0,1,0,A,A,0,No Deposit,1.0,0,Transient-Party,62.8,0,0
City Hotel,1,267,2015,July,28,11,2,1,2,0.0,0,BB,PRT,Groups,TA/TO,0,1,0,A,A,0,No Deposit,1.0,0,Transient-Party,62.8,0,0
City Hotel,1,267,2015,July,28,11,2,1,2,0.0,0,BB,PRT,Groups,TA/TO,0,1,0,A,A,0,No Deposit,1.0,0,Transient-Party,62.8,0,0
City Hotel,1,267,2015,July,28,11,2,1,2,0.0,0,BB,PRT,Groups,TA/TO,0,1,0,A,A,0,No Deposit,1.0,0,Transient-Party,62.8,0,0
City Hotel,1,267,2015,July,28,11,2,1,2,0.0,0,BB,PRT,Groups,TA/TO,0,1,0,A,A,0,No Deposit,1.0,0,Transient-Party,62.8,0,0
City Hotel,1,267,2015,July,28,11,2,1,2,0.0,0,BB,PRT,Groups,TA/TO,0,1,0,A,A,0,No Deposit,1.0,0,Transient-Party,62.8,0,0
City Hotel,1,267,2015,July,28,11,2,1,2,0.0,0,BB,PRT,Groups,TA/TO,0,1,0,A,A,0,No Deposit,1.0,0,Transient-Party,62.8,0,0
City Hotel,1,267,2015,July,28,11,2,1,2,0.0,0,BB,PRT,Groups,TA/TO,0,1,0,A,A,0,No Deposit,1.0,0,Transient-Party,62.8,0,0
City Hotel,1,267,2015,July,28,11,2,1,2,0.0,0,BB,PRT,Groups,TA/TO,0,1,0,A,A,0,No Deposit,1.0,0,Transient-Party,62.8,0,0
City Hotel,1,281,2015,July,30,25,2,1,2,0.0,0,BB,PRT,Groups,TA/TO,0,1,0,A,A,0,No Deposit,1.0,0,Transient-Party,62.8,0,0
City Hotel,1,281,2015,July,30,25,2,1,2,0.0,0,BB,PRT,Groups,TA/TO,0,1,0,A,A,0,No Deposit,1.0,0,Transient-Party,62.8,0,0
City Hotel,1,281,2015,July,30,25,2,1,2,0.0,0,BB,PRT,Groups,TA/TO,0,1,0,A,A,0,No Deposit,1.0,0,Transient-Party,62.8,0,0
City Hotel,1,281,2015,July,30,25,2,1,2,0.0,0,BB,PRT,Groups,TA/TO,0,1,0,A,A,0,No Deposit,1.0,0,Transient-Party,62.8,0,0
City Hotel,1,281,2015,July,30,25,2,1,2,0.0,0,BB,PRT,Groups,TA/TO,0,1,0,A,A,0,No Deposit,1.0,0,Transient-Party,62.8,0,0
City Hotel,1,281,2015,July,30,25,2,1,2,0.0,0,BB,PRT,Groups,TA/TO,0,1,0,A,A,0,No Deposit,1.0,0,Transient-Party,62.8,0,0
City Hotel,1,281,2015,July,30,25,2,1,2,0.0,0,BB,PRT,Groups,TA/TO,0,1,0,A,A,0,No Deposit,1.0,0,Transient-Party,62.8,0,0
City Hotel,1,281,2015,July,30,25,2,1,2,0.0,0,BB,PRT,Groups,TA/TO,0,1,0,A,A,0,No Deposit,1.0,0,Transient-Party,62.8,0,0
City Hotel,1,281,2015,July,30,25,2,1,2,0.0,0,BB,PRT,Groups,TA/TO,0,1,0,A,A,0,No Deposit,1.0,0,Transient-Party,62.8,0,0
City Hotel,1,281,2015,July,30,25,2,1,2,0.0,0,BB,PRT,Groups,TA/TO,0,1,0,A,A,0,No Deposit,1.0,0,Transient-Party,62.8,0,0
City Hotel,1,295,2015,August,32,8,2,1,2,0.0,0,BB,PRT,Groups,TA/TO,0,1,0,A,A,0,No Deposit,1.0,0,Transient-Party,62.8,0,0
City Hotel,1,295,2015,August,32,8,2,1,2,0.0,0,BB,PRT,Groups,TA/TO,0,1,0,A,A,0,No Deposit,1.0,0,Transient-Party,62.8,0,0
City Hotel,1,295,2015,August,32,8,2,1,2,0.0,0,BB,PRT,Groups,TA/TO,0,1,0,A,A,0,No Deposit,1.0,0,Transient-Party,62.8,0,0
City Hotel,1,295,2015,August,32,8,2,1,2,0.0,0,BB,PRT,Groups,TA/TO,0,1,0,A,A,0,No Deposit,1.0,0,Transient-Party,62.8,0,0
City Hotel,1,295,2015,August,32,8,2,1,2,0.0,0,BB,PRT,Groups,TA/TO,0,1,0,A,A,0,No Deposit,1.0,0,Transient-Party,62.8,0,0
City Hotel,1,295,2015,August,32,8,2,1,2,0.0,0,BB,PRT,Groups,TA/TO,0,1,0,A,A,0,No Deposit,1.0,0,Transient-Party,62.8,0,0
City Hotel,1,295,2015,August,32,8,2,1,2,0.0,0,BB,PRT,Groups,TA/TO,0,1,0,A,A,0,No Deposit,1.0,0,Transient-Party,62.8,0,0
City Hotel,1,295,2015,August,32,8,2,1,2,0.0,0,BB,PRT,Groups,TA/TO,0,1,0,A,A,0,No Deposit,1.0,0,Transient-Party,62.8,0,0
City Hotel,1,295,2015,August,32,8,2,1,2,0.0,0,BB,PRT,Groups,TA/TO,0,1,0,A,A,0,No Deposit,1.0,0,Transient-Party,62.8,0,0
City Hotel,1,295,2015,August,32,8,2,1,2,0.0,0,BB,PRT,Groups,TA/TO,0,1,0,A,A,0,No Deposit,1.0,0,Transient-Party,62.8,0,0
City Hotel,1,309,2015,August,34,22,2,1,2,0.0,0,BB,PRT,Groups,TA/TO,0,1,0,A,A,0,No Deposit,1.0,0,Transient-Party,62.8,0,0
City Hotel,1,309,2015,August,34,22,2,1,2,0.0,0,BB,PRT,Groups,TA/TO,0,1,0,A,A,0,No Deposit,1.0,0,Transient-Party,62.8,0,0
City Hotel,1,309,2015,August,34,22,2,1,2,0.0,0,BB,PRT,Groups,TA/TO,0,1,0,A,A,0,No Deposit,1.0,0,Transient-Party,62.8,0,0
City Hotel,1,309,2015,August,34,22,2,1,2,0.0,0,BB,PRT,Groups,TA/TO,0,1,0,A,A,0,No Deposit,1.0,0,Transient-Party,62.8,0,0
City Hotel,1,309,2015,August,34,22,2,1,2,0.0,0,BB,PRT,Groups,TA/TO,0,1,0,A,A,0,No Deposit,1.0,0,Transient-Party,62.8,0,0
City Hotel,1,309,2015,August,34,22,2,1,2,0.0,0,BB,PRT,Groups,TA/TO,0,1,0,A,A,0,No Deposit,1.0,0,Transient-Party,62.8,0,0
City Hotel,1,309,2015,August,34,22,2,1,2,0.0,0,BB,PRT,Groups,TA/TO,0,1,0,A,A,0,No Deposit,1.0,0,Transient-Party,62.8,0,0
City Hotel,1,309,2015,August,34,22,2,1,2,0.0,0,BB,PRT,Groups,TA/TO,0,1,0,A,A,0,No Deposit,1.0,0,Transient-Party,62.8,0,0
City Hotel,1,309,2015,August,34,22,2,1,2,0.0,0,BB,PRT,Groups,TA/TO,0,1,0,A,A,0,No Deposit,1.0,0,Transient-Party,62.8,0,0
City Hotel,1,309,2015,August,34,22,2,1,2,0.0,0,BB,PRT,Groups,TA/TO,0,1,0,A,A,0,No Deposit,1.0,0,Transient-Party,62.8,0,0
City Hotel,1,330,2015,September,37,12,2,1,2,0.0,0,BB,PRT,Groups,TA/TO,0,1,0,A,A,0,No Deposit,1.0,0,Transient-Party,62.8,0,0
City Hotel,1,330,2015,September,37,12,2,1,2,0.0,0,BB,PRT,Groups,TA/TO,0,1,0,A,A,0,No Deposit,1.0,0,Transient-Party,62.8,0,0
City Hotel,1,330,2015,September,37,12,2,1,2,0.0,0,BB,PRT,Groups,TA/TO,0,1,0,A,A,0,No Deposit,1.0,0,Transient-Party,62.8,0,0
City Hotel,1,330,2015,September,37,12,2,1,2,0.0,0,BB,PRT,Groups,TA/TO,0,1,0,A,A,0,No Deposit,1.0,0,Transient-Party,62.8,0,0
City Hotel,1,330,2015,September,37,12,2,1,2,0.0,0,BB,PRT,Groups,TA/TO,0,1,0,A,A,0,No Deposit,1.0,0,Transient-Party,62.8,0,0
City Hotel,1,330,2015,September,37,12,2,1,2,0.0,0,BB,PRT,Groups,TA/TO,0,1,0,A,A,0,No Deposit,1.0,0,Transient-Party,62.8,0,0
City Hotel,1,330,2015,September,37,12,2,1,2,0.0,0,BB,PRT,Groups,TA/TO,0,1,0,A,A,0,No Deposit,1.0,0,Transient-Party,62.8,0,0
City Hotel,1,330,2015,September,37,12,2,1,2,0.0,0,BB,PRT,Groups,TA/TO,0,1,0,A,A,0,No Deposit,1.0,0,Transient-Party,62.8,0,0
City Hotel,1,330,2015,September,37,12,2,1,2,0.0,0,BB,PRT,Groups,TA/TO,0,1,0,A,A,0,No Deposit,1.0,0,Transient-Party,62.8,0,0
City Hotel,1,330,2015,September,37,12,2,1,2,0.0,0,BB,PRT,Groups,TA/TO,0,1,0,A,A,0,No Deposit,1.0,0,Transient-Party,62.8,0,0
City Hotel,1,351,2015,October,40,3,2,1,2,0.0,0,BB,PRT,Groups,TA/TO,0,1,0,A,A,0,No Deposit,1.0,0,Transient-Party,62.8,0,0
City Hotel,1,351,2015,October,40,3,2,1,2,0.0,0,BB,PRT,Groups,TA/TO,0,1,0,A,A,0,No Deposit,1.0,0,Transient-Party,62.8,0,0
City Hotel,1,351,2015,October,40,3,2,1,2,0.0,0,BB,PRT,Groups,TA/TO,0,1,0,A,A,0,No Deposit,1.0,0,Transient-Party,62.8,0,0
City Hotel,1,351,2015,October,40,3,2,1,2,0.0,0,BB,PRT,Groups,TA/TO,0,1,0,A,A,0,No Deposit,1.0,0,Transient-Party,62.8,0,0
City Hotel,1,351,2015,October,40,3,2,1,2,0.0,0,BB,PRT,Groups,TA/TO,0,1,0,A,A,0,No Deposit,1.0,0,Transient-Party,62.8,0,0
City Hotel,1,351,2015,October,40,3,2,1,2,0.0,0,BB,PRT,Groups,TA/TO,0,1,0,A,A,0,No Deposit,1.0,0,Transient-Party,62.8,0,0
City Hotel,1,351,2015,October,40,3,2,1,2,0.0,0,BB,PRT,Groups,TA/TO,0,1,0,A,A,0,No Deposit,1.0,0,Transient-Party,62.8,0,0
City Hotel,1,351,2015,October,40,3,2,1,2,0.0,0,BB,PRT,Groups,TA/TO,0,1,0,A,A,0,No Deposit,1.0,0,Transient-Party,62.8,0,0
City Hotel,1,351,2015,October,40,3,2,1,2,0.0,0,BB,PRT,Groups,TA/TO,0,1,0,A,A,0,No Deposit,1.0,0,Transient-Party,62.8,0,0
City Hotel,1,351,2015,October,40,3,2,1,2,0.0,0,BB,PRT,Groups,TA/TO,0,1,0,A,A,0,No Deposit,1.0,0,Transient-Party,62.8,0,0
City Hotel,1,262,2015,July,28,6,1,1,2,0.0,0,BB,PRT,Groups,TA/TO,0,1,0,A,A,0,No Deposit,1.0,0,Contract,62.0,0,0
City Hotel,1,262,2015,July,28,6,1,1,2,0.0,0,BB,PRT,Groups,TA/TO,0,1,0,A,A,0,No Deposit,1.0,0,Contract,62.0,0,0
City Hotel,1,262,2015,July,28,6,1,1,2,0.0,0,BB,PRT,Groups,TA/TO,0,1,0,A,A,0,No Deposit,1.0,0,Contract,62.0,0,0
City Hotel,1,262,2015,July,28,6,1,1,2,0.0,0,BB,PRT,Groups,TA/TO,0,1,0,A,A,0,No Deposit,1.0,0,Contract,62.0,0,0
City Hotel,1,262,2015,July,28,6,1,1,2,0.0,0,BB,PRT,Groups,TA/TO,0,1,0,A,A,0,No Deposit,1.0,0,Contract,62.0,0,0
City Hotel,1,262,2015,July,28,6,1,1,2,0.0,0,BB,PRT,Groups,TA/TO,0,1,0,A,A,0,No Deposit,1.0,0,Contract,62.0,0,0
City Hotel,1,262,2015,July,28,6,1,1,2,0.0,0,BB,PRT,Groups,TA/TO,0,1,0,A,A,0,No Deposit,1.0,0,Contract,62.0,0,0
City Hotel,1,262,2015,July,28,6,1,1,2,0.0,0,BB,PRT,Groups,TA/TO,0,1,0,A,A,0,No Deposit,1.0,0,Contract,62.0,0,0
City Hotel,1,262,2015,July,28,6,1,1,2,0.0,0,BB,PRT,Groups,TA/TO,0,1,0,A,A,0,No Deposit,1.0,0,Contract,62.0,0,0
City Hotel,1,262,2015,July,28,6,1,1,2,0.0,0,BB,PRT,Groups,TA/TO,0,1,0,A,A,0,No Deposit,1.0,0,Contract,62.0,0,0
City Hotel,1,262,2015,July,28,6,1,1,2,0.0,0,BB,PRT,Groups,TA/TO,0,1,0,A,A,0,No Deposit,1.0,0,Contract,62.0,0,0
City Hotel,1,262,2015,July,28,6,1,1,2,0.0,0,BB,PRT,Groups,TA/TO,0,1,0,A,A,0,No Deposit,1.0,0,Contract,62.0,0,0
City Hotel,1,262,2015,July,28,6,1,1,2,0.0,0,BB,PRT,Groups,TA/TO,0,1,0,A,A,0,No Deposit,1.0,0,Contract,62.0,0,0
City Hotel,1,262,2015,July,28,6,1,1,2,0.0,0,BB,PRT,Groups,TA/TO,0,1,0,A,A,0,No Deposit,1.0,0,Contract,62.0,0,0
City Hotel,1,262,2015,July,28,6,1,1,2,0.0,0,BB,PRT,Groups,TA/TO,0,1,0,A,A,0,No Deposit,1.0,0,Contract,62.0,0,0
City Hotel,1,262,2015,July,28,6,1,1,2,0.0,0,BB,PRT,Groups,TA/TO,0,1,0,A,A,0,No Deposit,1.0,0,Contract,62.0,0,0
City Hotel,1,262,2015,July,28,6,1,1,2,0.0,0,BB,PRT,Groups,TA/TO,0,1,0,A,A,0,No Deposit,1.0,0,Contract,62.0,0,0
City Hotel,1,262,2015,July,28,6,1,1,2,0.0,0,BB,PRT,Groups,TA/TO,0,1,0,A,A,0,No Deposit,1.0,0,Contract,62.0,0,0
City Hotel,1,262,2015,July,28,6,1,1,2,0.0,0,BB,PRT,Groups,TA/TO,0,1,0,A,A,0,No Deposit,1.0,0,Contract,62.0,0,0
City Hotel,1,262,2015,July,28,6,1,1,2,0.0,0,BB,PRT,Groups,TA/TO,0,1,0,A,A,0,No Deposit,1.0,0,Contract,62.0,0,0
City Hotel,1,269,2015,July,29,13,1,1,2,0.0,0,BB,PRT,Groups,TA/TO,0,1,0,A,A,0,No Deposit,1.0,0,Contract,62.0,0,0
City Hotel,1,269,2015,July,29,13,1,1,2,0.0,0,BB,PRT,Groups,TA/TO,0,1,0,A,A,0,No Deposit,1.0,0,Contract,62.0,0,0
City Hotel,1,269,2015,July,29,13,1,1,2,0.0,0,BB,PRT,Groups,TA/TO,0,1,0,A,A,0,No Deposit,1.0,0,Contract,62.0,0,0
City Hotel,1,269,2015,July,29,13,1,1,2,0.0,0,BB,PRT,Groups,TA/TO,0,1,0,A,A,0,No Deposit,1.0,0,Contract,62.0,0,0
City Hotel,1,269,2015,July,29,13,1,1,2,0.0,0,BB,PRT,Groups,TA/TO,0,1,0,A,A,0,No Deposit,1.0,0,Contract,62.0,0,0
City Hotel,1,269,2015,July,29,13,1,1,2,0.0,0,BB,PRT,Groups,TA/TO,0,1,0,A,A,0,No Deposit,1.0,0,Contract,62.0,0,0
City Hotel,1,269,2015,July,29,13,1,1,2,0.0,0,BB,PRT,Groups,TA/TO,0,1,0,A,A,0,No Deposit,1.0,0,Contract,62.0,0,0
City Hotel,1,269,2015,July,29,13,1,1,2,0.0,0,BB,PRT,Groups,TA/TO,0,1,0,A,A,0,No Deposit,1.0,0,Contract,62.0,0,0
City Hotel,1,269,2015,July,29,13,1,1,2,0.0,0,BB,PRT,Groups,TA/TO,0,1,0,A,A,0,No Deposit,1.0,0,Contract,62.0,0,0
City Hotel,1,269,2015,July,29,13,1,1,2,0.0,0,BB,PRT,Groups,TA/TO,0,1,0,A,A,0,No Deposit,1.0,0,Contract,62.0,0,0
City Hotel,1,269,2015,July,29,13,1,1,2,0.0,0,BB,PRT,Groups,TA/TO,0,1,0,A,A,0,No Deposit,1.0,0,Contract,62.0,0,0
City Hotel,1,269,2015,July,29,13,1,1,2,0.0,0,BB,PRT,Groups,TA/TO,0,1,0,A,A,0,No Deposit,1.0,0,Contract,62.0,0,0
City Hotel,1,269,2015,July,29,13,1,1,2,0.0,0,BB,PRT,Groups,TA/TO,0,1,0,A,A,0,No Deposit,1.0,0,Contract,62.0,0,0
City Hotel,1,269,2015,July,29,13,1,1,2,0.0,0,BB,PRT,Groups,TA/TO,0,1,0,A,A,0,No Deposit,1.0,0,Contract,62.0,0,0
City Hotel,1,269,2015,July,29,13,1,1,2,0.0,0,BB,PRT,Groups,TA/TO,0,1,0,A,A,0,No Deposit,1.0,0,Contract,62.0,0,0
City Hotel,1,269,2015,July,29,13,1,1,2,0.0,0,BB,PRT,Groups,TA/TO,0,1,0,A,A,0,No Deposit,1.0,0,Contract,62.0,0,0
City Hotel,1,269,2015,July,29,13,1,1,2,0.0,0,BB,PRT,Groups,TA/TO,0,1,0,A,A,0,No Deposit,1.0,0,Contract,62.0,0,0
City Hotel,1,269,2015,July,29,13,1,1,2,0.0,0,BB,PRT,Groups,TA/TO,0,1,0,A,A,0,No Deposit,1.0,0,Contract,62.0,0,0
City Hotel,1,269,2015,July,29,13,1,1,2,0.0,0,BB,PRT,Groups,TA/TO,0,1,0,A,A,0,No Deposit,1.0,0,Contract,62.0,0,0
City Hotel,1,269,2015,July,29,13,1,1,2,0.0,0,BB,PRT,Groups,TA/TO,0,1,0,A,A,0,No Deposit,1.0,0,Contract,62.0,0,0
City Hotel,1,276,2015,July,30,20,1,1,2,0.0,0,BB,PRT,Groups,TA/TO,0,1,0,A,A,0,No Deposit,1.0,0,Contract,62.0,0,0
City Hotel,1,276,2015,July,30,20,1,1,2,0.0,0,BB,PRT,Groups,TA/TO,0,1,0,A,A,0,No Deposit,1.0,0,Contract,62.0,0,0
City Hotel,1,276,2015,July,30,20,1,1,2,0.0,0,BB,PRT,Groups,TA/TO,0,1,0,A,A,0,No Deposit,1.0,0,Contract,62.0,0,0
City Hotel,1,276,2015,July,30,20,1,1,2,0.0,0,BB,PRT,Groups,TA/TO,0,1,0,A,A,0,No Deposit,1.0,0,Contract,62.0,0,0
City Hotel,1,276,2015,July,30,20,1,1,2,0.0,0,BB,PRT,Groups,TA/TO,0,1,0,A,A,0,No Deposit,1.0,0,Contract,62.0,0,0
City Hotel,1,276,2015,July,30,20,1,1,2,0.0,0,BB,PRT,Groups,TA/TO,0,1,0,A,A,0,No Deposit,1.0,0,Contract,62.0,0,0
City Hotel,1,276,2015,July,30,20,1,1,2,0.0,0,BB,PRT,Groups,TA/TO,0,1,0,A,A,0,No Deposit,1.0,0,Contract,62.0,0,0
City Hotel,1,276,2015,July,30,20,1,1,2,0.0,0,BB,PRT,Groups,TA/TO,0,1,0,A,A,0,No Deposit,1.0,0,Contract,62.0,0,0
City Hotel,1,276,2015,July,30,20,1,1,2,0.0,0,BB,PRT,Groups,TA/TO,0,1,0,A,A,0,No Deposit,1.0,0,Contract,62.0,0,0
City Hotel,1,276,2015,July,30,20,1,1,2,0.0,0,BB,PRT,Groups,TA/TO,0,1,0,A,A,0,No Deposit,1.0,0,Contract,62.0,0,0
City Hotel,1,276,2015,July,30,20,1,1,2,0.0,0,BB,PRT,Groups,TA/TO,0,1,0,A,A,0,No Deposit,1.0,0,Contract,62.0,0,0
City Hotel,1,276,2015,July,30,20,1,1,2,0.0,0,BB,PRT,Groups,TA/TO,0,1,0,A,A,0,No Deposit,1.0,0,Contract,62.0,0,0
City Hotel,1,276,2015,July,30,20,1,1,2,0.0,0,BB,PRT,Groups,TA/TO,0,1,0,A,A,0,No Deposit,1.0,0,Contract,62.0,0,0
City Hotel,1,276,2015,July,30,20,1,1,2,0.0,0,BB,PRT,Groups,TA/TO,0,1,0,A,A,0,No Deposit,1.0,0,Contract,62.0,0,0
City Hotel,1,276,2015,July,30,20,1,1,2,0.0,0,BB,PRT,Groups,TA/TO,0,1,0,A,A,0,No Deposit,1.0,0,Contract,62.0,0,0
City Hotel,1,276,2015,July,30,20,1,1,2,0.0,0,BB,PRT,Groups,TA/TO,0,1,0,A,A,0,No Deposit,1.0,0,Contract,62.0,0,0
City Hotel,1,276,2015,July,30,20,1,1,2,0.0,0,BB,PRT,Groups,TA/TO,0,1,0,A,A,0,No Deposit,1.0,0,Contract,62.0,0,0
City Hotel,1,276,2015,July,30,20,1,1,2,0.0,0,BB,PRT,Groups,TA/TO,0,1,0,A,A,0,No Deposit,1.0,0,Contract,62.0,0,0
City Hotel,1,276,2015,July,30,20,1,1,2,0.0,0,BB,PRT,Groups,TA/TO,0,1,0,A,A,0,No Deposit,1.0,0,Contract,62.0,0,0
City Hotel,1,276,2015,July,30,20,1,1,2,0.0,0,BB,PRT,Groups,TA/TO,0,1,0,A,A,0,No Deposit,1.0,0,Contract,62.0,0,0
City Hotel,1,283,2015,July,31,27,1,1,2,0.0,0,BB,PRT,Groups,TA/TO,0,1,0,A,A,0,Non Refund,1.0,0,Contract,62.0,0,0
City Hotel,1,283,2015,July,31,27,1,1,2,0.0,0,BB,PRT,Groups,TA/TO,0,1,0,A,A,0,Non Refund,1.0,0,Contract,62.0,0,0
City Hotel,1,283,2015,July,31,27,1,1,2,0.0,0,BB,PRT,Groups,TA/TO,0,1,0,A,A,0,Non Refund,1.0,0,Contract,62.0,0,0
City Hotel,1,283,2015,July,31,27,1,1,2,0.0,0,BB,PRT,Groups,TA/TO,0,1,0,A,A,0,Non Refund,1.0,0,Contract,62.0,0,0
City Hotel,1,283,2015,July,31,27,1,1,2,0.0,0,BB,PRT,Groups,TA/TO,0,1,0,A,A,0,Non Refund,1.0,0,Contract,62.0,0,0
City Hotel,1,283,2015,July,31,27,1,1,2,0.0,0,BB,PRT,Groups,TA/TO,0,1,0,A,A,0,Non Refund,1.0,0,Contract,62.0,0,0
City Hotel,1,283,2015,July,31,27,1,1,2,0.0,0,BB,PRT,Groups,TA/TO,0,1,0,A,A,0,Non Refund,1.0,0,Contract,62.0,0,0
City Hotel,1,283,2015,July,31,27,1,1,2,0.0,0,BB,PRT,Groups,TA/TO,0,1,0,A,A,0,Non Refund,1.0,0,Contract,62.0,0,0
City Hotel,1,283,2015,July,31,27,1,1,2,0.0,0,BB,PRT,Groups,TA/TO,0,1,0,A,A,0,Non Refund,1.0,0,Contract,62.0,0,0
City Hotel,1,283,2015,July,31,27,1,1,2,0.0,0,BB,PRT,Groups,TA/TO,0,1,0,A,A,0,Non Refund,1.0,0,Contract,62.0,0,0
City Hotel,1,283,2015,July,31,27,1,1,2,0.0,0,BB,PRT,Groups,TA/TO,0,1,0,A,A,0,Non Refund,1.0,0,Contract,62.0,0,0
City Hotel,1,283,2015,July,31,27,1,1,2,0.0,0,BB,PRT,Groups,TA/TO,0,1,0,A,A,0,Non Refund,1.0,0,Contract,62.0,0,0
City Hotel,1,283,2015,July,31,27,1,1,2,0.0,0,BB,PRT,Groups,TA/TO,0,1,0,A,A,0,Non Refund,1.0,0,Contract,62.0,0,0
City Hotel,1,283,2015,July,31,27,1,1,2,0.0,0,BB,PRT,Groups,TA/TO,0,1,0,A,A,0,Non Refund,1.0,0,Contract,62.0,0,0
City Hotel,1,283,2015,July,31,27,1,1,2,0.0,0,BB,PRT,Groups,TA/TO,0,1,0,A,A,0,Non Refund,1.0,0,Contract,62.0,0,0
City Hotel,1,283,2015,July,31,27,1,1,2,0.0,0,BB,PRT,Groups,TA/TO,0,1,0,A,A,0,Non Refund,1.0,0,Contract,62.0,0,0
City Hotel,1,283,2015,July,31,27,1,1,2,0.0,0,BB,PRT,Groups,TA/TO,0,1,0,A,A,0,Non Refund,1.0,0,Contract,62.0,0,0
City Hotel,1,283,2015,July,31,27,1,1,2,0.0,0,BB,PRT,Groups,TA/TO,0,1,0,A,A,0,Non Refund,1.0,0,Contract,62.0,0,0
City Hotel,1,283,2015,July,31,27,1,1,2,0.0,0,BB,PRT,Groups,TA/TO,0,1,0,A,A,0,Non Refund,1.0,0,Contract,62.0,0,0
City Hotel,1,283,2015,July,31,27,1,1,2,0.0,0,BB,PRT,Groups,TA/TO,0,1,0,A,A,0,Non Refund,1.0,0,Contract,62.0,0,0
City Hotel,1,290,2015,August,32,3,1,1,2,0.0,0,BB,PRT,Groups,TA/TO,0,1,0,A,A,0,Non Refund,1.0,0,Contract,62.0,0,0
City Hotel,1,290,2015,August,32,3,1,1,2,0.0,0,BB,PRT,Groups,TA/TO,0,1,0,A,A,0,Non Refund,1.0,0,Contract,62.0,0,0
City Hotel,1,290,2015,August,32,3,1,1,2,0.0,0,BB,PRT,Groups,TA/TO,0,1,0,A,A,0,Non Refund,1.0,0,Contract,62.0,0,0
City Hotel,1,290,2015,August,32,3,1,1,2,0.0,0,BB,PRT,Groups,TA/TO,0,1,0,A,A,0,Non Refund,1.0,0,Contract,62.0,0,0
City Hotel,1,290,2015,August,32,3,1,1,2,0.0,0,BB,PRT,Groups,TA/TO,0,1,0,A,A,0,Non Refund,1.0,0,Contract,62.0,0,0
City Hotel,1,290,2015,August,32,3,1,1,2,0.0,0,BB,PRT,Groups,TA/TO,0,1,0,A,A,0,Non Refund,1.0,0,Contract,62.0,0,0
City Hotel,1,290,2015,August,32,3,1,1,2,0.0,0,BB,PRT,Groups,TA/TO,0,1,0,A,A,0,Non Refund,1.0,0,Contract,62.0,0,0
City Hotel,1,290,2015,August,32,3,1,1,2,0.0,0,BB,PRT,Groups,TA/TO,0,1,0,A,A,0,Non Refund,1.0,0,Contract,62.0,0,0
City Hotel,1,290,2015,August,32,3,1,1,2,0.0,0,BB,PRT,Groups,TA/TO,0,1,0,A,A,0,Non Refund,1.0,0,Contract,62.0,0,0
City Hotel,1,290,2015,August,32,3,1,1,2,0.0,0,BB,PRT,Groups,TA/TO,0,1,0,A,A,0,Non Refund,1.0,0,Contract,62.0,0,0
City Hotel,1,290,2015,August,32,3,1,1,2,0.0,0,BB,PRT,Groups,TA/TO,0,1,0,A,A,0,Non Refund,1.0,0,Contract,62.0,0,0
City Hotel,1,290,2015,August,32,3,1,1,2,0.0,0,BB,PRT,Groups,TA/TO,0,1,0,A,A,0,Non Refund,1.0,0,Contract,62.0,0,0
City Hotel,1,290,2015,August,32,3,1,1,2,0.0,0,BB,PRT,Groups,TA/TO,0,1,0,A,A,0,Non Refund,1.0,0,Contract,62.0,0,0
City Hotel,1,290,2015,August,32,3,1,1,2,0.0,0,BB,PRT,Groups,TA/TO,0,1,0,A,A,0,Non Refund,1.0,0,Contract,62.0,0,0
City Hotel,1,290,2015,August,32,3,1,1,2,0.0,0,BB,PRT,Groups,TA/TO,0,1,0,A,A,0,Non Refund,1.0,0,Contract,62.0,0,0
City Hotel,1,290,2015,August,32,3,1,1,2,0.0,0,BB,PRT,Groups,TA/TO,0,1,0,A,A,0,Non Refund,1.0,0,Contract,62.0,0,0
City Hotel,1,290,2015,August,32,3,1,1,2,0.0,0,BB,PRT,Groups,TA/TO,0,1,0,A,A,0,Non Refund,1.0,0,Contract,62.0,0,0
City Hotel,1,290,2015,August,32,3,1,1,2,0.0,0,BB,PRT,Groups,TA/TO,0,1,0,A,A,0,Non Refund,1.0,0,Contract,62.0,0,0
City Hotel,1,290,2015,August,32,3,1,1,2,0.0,0,BB,PRT,Groups,TA/TO,0,1,0,A,A,0,Non Refund,1.0,0,Contract,62.0,0,0
City Hotel,1,290,2015,August,32,3,1,1,2,0.0,0,BB,PRT,Groups,TA/TO,0,1,0,A,A,0,Non Refund,1.0,0,Contract,62.0,0,0
City Hotel,1,297,2015,August,33,10,1,1,2,0.0,0,BB,PRT,Groups,TA/TO,0,1,0,A,A,0,Non Refund,1.0,0,Contract,62.0,0,0
City Hotel,1,297,2015,August,33,10,1,1,2,0.0,0,BB,PRT,Groups,TA/TO,0,1,0,A,A,0,Non Refund,1.0,0,Contract,62.0,0,0
City Hotel,1,297,2015,August,33,10,1,1,2,0.0,0,BB,PRT,Groups,TA/TO,0,1,0,A,A,0,Non Refund,1.0,0,Contract,62.0,0,0
City Hotel,1,297,2015,August,33,10,1,1,2,0.0,0,BB,PRT,Groups,TA/TO,0,1,0,A,A,0,Non Refund,1.0,0,Contract,62.0,0,0
City Hotel,1,297,2015,August,33,10,1,1,2,0.0,0,BB,PRT,Groups,TA/TO,0,1,0,A,A,0,Non Refund,1.0,0,Contract,62.0,0,0
City Hotel,1,297,2015,August,33,10,1,1,2,0.0,0,BB,PRT,Groups,TA/TO,0,1,0,A,A,0,Non Refund,1.0,0,Contract,62.0,0,0
City Hotel,1,297,2015,August,33,10,1,1,2,0.0,0,BB,PRT,Groups,TA/TO,0,1,0,A,A,0,Non Refund,1.0,0,Contract,62.0,0,0
City Hotel,1,297,2015,August,33,10,1,1,2,0.0,0,BB,PRT,Groups,TA/TO,0,1,0,A,A,0,Non Refund,1.0,0,Contract,62.0,0,0
City Hotel,1,297,2015,August,33,10,1,1,2,0.0,0,BB,PRT,Groups,TA/TO,0,1,0,A,A,0,Non Refund,1.0,0,Contract,62.0,0,0
City Hotel,1,297,2015,August,33,10,1,1,2,0.0,0,BB,PRT,Groups,TA/TO,0,1,0,A,A,0,Non Refund,1.0,0,Contract,62.0,0,0
City Hotel,1,297,2015,August,33,10,1,1,2,0.0,0,BB,PRT,Groups,TA/TO,0,1,0,A,A,0,Non Refund,1.0,0,Contract,62.0,0,0
City Hotel,1,297,2015,August,33,10,1,1,2,0.0,0,BB,PRT,Groups,TA/TO,0,1,0,A,A,0,Non Refund,1.0,0,Contract,62.0,0,0
City Hotel,1,297,2015,August,33,10,1,1,2,0.0,0,BB,PRT,Groups,TA/TO,0,1,0,A,A,0,Non Refund,1.0,0,Contract,62.0,0,0
City Hotel,1,297,2015,August,33,10,1,1,2,0.0,0,BB,PRT,Groups,TA/TO,0,1,0,A,A,0,Non Refund,1.0,0,Contract,62.0,0,0
City Hotel,1,297,2015,August,33,10,1,1,2,0.0,0,BB,PRT,Groups,TA/TO,0,1,0,A,A,0,Non Refund,1.0,0,Contract,62.0,0,0
City Hotel,1,297,2015,August,33,10,1,1,2,0.0,0,BB,PRT,Groups,TA/TO,0,1,0,A,A,0,Non Refund,1.0,0,Contract,62.0,0,0
City Hotel,1,297,2015,August,33,10,1,1,2,0.0,0,BB,PRT,Groups,TA/TO,0,1,0,A,A,0,Non Refund,1.0,0,Contract,62.0,0,0
City Hotel,1,297,2015,August,33,10,1,1,2,0.0,0,BB,PRT,Groups,TA/TO,0,1,0,A,A,0,Non Refund,1.0,0,Contract,62.0,0,0
City Hotel,1,297,2015,August,33,10,1,1,2,0.0,0,BB,PRT,Groups,TA/TO,0,1,0,A,A,0,Non Refund,1.0,0,Contract,62.0,0,0
City Hotel,1,297,2015,August,33,10,1,1,2,0.0,0,BB,PRT,Groups,TA/TO,0,1,0,A,A,0,Non Refund,1.0,0,Contract,62.0,0,0
City Hotel,1,304,2015,August,34,17,1,1,2,0.0,0,BB,PRT,Groups,TA/TO,0,1,0,A,A,0,Non Refund,1.0,0,Contract,62.0,0,0
City Hotel,1,304,2015,August,34,17,1,1,2,0.0,0,BB,PRT,Groups,TA/TO,0,1,0,A,A,0,Non Refund,1.0,0,Contract,62.0,0,0
City Hotel,1,304,2015,August,34,17,1,1,2,0.0,0,BB,PRT,Groups,TA/TO,0,1,0,A,A,0,Non Refund,1.0,0,Contract,62.0,0,0
City Hotel,1,304,2015,August,34,17,1,1,2,0.0,0,BB,PRT,Groups,TA/TO,0,1,0,A,A,0,Non Refund,1.0,0,Contract,62.0,0,0
City Hotel,1,304,2015,August,34,17,1,1,2,0.0,0,BB,PRT,Groups,TA/TO,0,1,0,A,A,0,Non Refund,1.0,0,Contract,62.0,0,0
City Hotel,1,304,2015,August,34,17,1,1,2,0.0,0,BB,PRT,Groups,TA/TO,0,1,0,A,A,0,Non Refund,1.0,0,Contract,62.0,0,0
City Hotel,1,304,2015,August,34,17,1,1,2,0.0,0,BB,PRT,Groups,TA/TO,0,1,0,A,A,0,Non Refund,1.0,0,Contract,62.0,0,0
City Hotel,1,304,2015,August,34,17,1,1,2,0.0,0,BB,PRT,Groups,TA/TO,0,1,0,A,A,0,Non Refund,1.0,0,Contract,62.0,0,0
City Hotel,1,304,2015,August,34,17,1,1,2,0.0,0,BB,PRT,Groups,TA/TO,0,1,0,A,A,0,Non Refund,1.0,0,Contract,62.0,0,0
City Hotel,1,304,2015,August,34,17,1,1,2,0.0,0,BB,PRT,Groups,TA/TO,0,1,0,A,A,0,Non Refund,1.0,0,Contract,62.0,0,0
City Hotel,1,304,2015,August,34,17,1,1,2,0.0,0,BB,PRT,Groups,TA/TO,0,1,0,A,A,0,Non Refund,1.0,0,Contract,62.0,0,0
City Hotel,1,304,2015,August,34,17,1,1,2,0.0,0,BB,PRT,Groups,TA/TO,0,1,0,A,A,0,Non Refund,1.0,0,Contract,62.0,0,0
City Hotel,1,304,2015,August,34,17,1,1,2,0.0,0,BB,PRT,Groups,TA/TO,0,1,0,A,A,0,Non Refund,1.0,0,Contract,62.0,0,0
City Hotel,1,304,2015,August,34,17,1,1,2,0.0,0,BB,PRT,Groups,TA/TO,0,1,0,A,A,0,Non Refund,1.0,0,Contract,62.0,0,0
City Hotel,1,304,2015,August,34,17,1,1,2,0.0,0,BB,PRT,Groups,TA/TO,0,1,0,A,A,0,Non Refund,1.0,0,Contract,62.0,0,0
City Hotel,1,304,2015,August,34,17,1,1,2,0.0,0,BB,PRT,Groups,TA/TO,0,1,0,A,A,0,Non Refund,1.0,0,Contract,62.0,0,0
City Hotel,1,304,2015,August,34,17,1,1,2,0.0,0,BB,PRT,Groups,TA/TO,0,1,0,A,A,0,Non Refund,1.0,0,Contract,62.0,0,0
City Hotel,1,304,2015,August,34,17,1,1,2,0.0,0,BB,PRT,Groups,TA/TO,0,1,0,A,A,0,Non Refund,1.0,0,Contract,62.0,0,0
City Hotel,1,304,2015,August,34,17,1,1,2,0.0,0,BB,PRT,Groups,TA/TO,0,1,0,A,A,0,Non Refund,1.0,0,Contract,62.0,0,0
City Hotel,1,304,2015,August,34,17,1,1,2,0.0,0,BB,PRT,Groups,TA/TO,0,1,0,A,A,0,Non Refund,1.0,0,Contract,62.0,0,0
City Hotel,1,311,2015,August,35,24,1,1,2,0.0,0,BB,PRT,Groups,TA/TO,0,1,0,A,A,0,Non Refund,1.0,0,Contract,62.0,0,0
City Hotel,1,311,2015,August,35,24,1,1,2,0.0,0,BB,PRT,Groups,TA/TO,0,1,0,A,A,0,Non Refund,1.0,0,Contract,62.0,0,0
City Hotel,1,311,2015,August,35,24,1,1,2,0.0,0,BB,PRT,Groups,TA/TO,0,1,0,A,A,0,Non Refund,1.0,0,Contract,62.0,0,0
City Hotel,1,311,2015,August,35,24,1,1,2,0.0,0,BB,PRT,Groups,TA/TO,0,1,0,A,A,0,Non Refund,1.0,0,Contract,62.0,0,0
City Hotel,1,311,2015,August,35,24,1,1,2,0.0,0,BB,PRT,Groups,TA/TO,0,1,0,A,A,0,Non Refund,1.0,0,Contract,62.0,0,0
City Hotel,1,311,2015,August,35,24,1,1,2,0.0,0,BB,PRT,Groups,TA/TO,0,1,0,A,A,0,Non Refund,1.0,0,Contract,62.0,0,0
City Hotel,1,311,2015,August,35,24,1,1,2,0.0,0,BB,PRT,Groups,TA/TO,0,1,0,A,A,0,Non Refund,1.0,0,Contract,62.0,0,0
City Hotel,1,311,2015,August,35,24,1,1,2,0.0,0,BB,PRT,Groups,TA/TO,0,1,0,A,A,0,Non Refund,1.0,0,Contract,62.0,0,0
City Hotel,1,311,2015,August,35,24,1,1,2,0.0,0,BB,PRT,Groups,TA/TO,0,1,0,A,A,0,Non Refund,1.0,0,Contract,62.0,0,0
City Hotel,1,311,2015,August,35,24,1,1,2,0.0,0,BB,PRT,Groups,TA/TO,0,1,0,A,A,0,Non Refund,1.0,0,Contract,62.0,0,0
City Hotel,1,311,2015,August,35,24,1,1,2,0.0,0,BB,PRT,Groups,TA/TO,0,1,0,A,A,0,Non Refund,1.0,0,Contract,62.0,0,0
City Hotel,1,311,2015,August,35,24,1,1,2,0.0,0,BB,PRT,Groups,TA/TO,0,1,0,A,A,0,Non Refund,1.0,0,Contract,62.0,0,0
City Hotel,1,311,2015,August,35,24,1,1,2,0.0,0,BB,PRT,Groups,TA/TO,0,1,0,A,A,0,Non Refund,1.0,0,Contract,62.0,0,0
City Hotel,1,311,2015,August,35,24,1,1,2,0.0,0,BB,PRT,Groups,TA/TO,0,1,0,A,A,0,Non Refund,1.0,0,Contract,62.0,0,0
City Hotel,1,311,2015,August,35,24,1,1,2,0.0,0,BB,PRT,Groups,TA/TO,0,1,0,A,A,0,Non Refund,1.0,0,Contract,62.0,0,0
City Hotel,1,311,2015,August,35,24,1,1,2,0.0,0,BB,PRT,Groups,TA/TO,0,1,0,A,A,0,Non Refund,1.0,0,Contract,62.0,0,0
City Hotel,1,311,2015,August,35,24,1,1,2,0.0,0,BB,PRT,Groups,TA/TO,0,1,0,A,A,0,Non Refund,1.0,0,Contract,62.0,0,0
City Hotel,1,311,2015,August,35,24,1,1,2,0.0,0,BB,PRT,Groups,TA/TO,0,1,0,A,A,0,Non Refund,1.0,0,Contract,62.0,0,0
City Hotel,1,311,2015,August,35,24,1,1,2,0.0,0,BB,PRT,Groups,TA/TO,0,1,0,A,A,0,Non Refund,1.0,0,Contract,62.0,0,0
City Hotel,1,311,2015,August,35,24,1,1,2,0.0,0,BB,PRT,Groups,TA/TO,0,1,0,A,A,0,Non Refund,1.0,0,Contract,62.0,0,0
City Hotel,1,318,2015,August,36,31,1,1,2,0.0,0,BB,PRT,Groups,TA/TO,0,1,0,A,A,0,Non Refund,1.0,0,Contract,62.0,0,0
City Hotel,1,318,2015,August,36,31,1,1,2,0.0,0,BB,PRT,Groups,TA/TO,0,1,0,A,A,0,Non Refund,1.0,0,Contract,62.0,0,0
City Hotel,1,318,2015,August,36,31,1,1,2,0.0,0,BB,PRT,Groups,TA/TO,0,1,0,A,A,0,Non Refund,1.0,0,Contract,62.0,0,0
City Hotel,1,318,2015,August,36,31,1,1,2,0.0,0,BB,PRT,Groups,TA/TO,0,1,0,A,A,0,Non Refund,1.0,0,Contract,62.0,0,0
City Hotel,1,318,2015,August,36,31,1,1,2,0.0,0,BB,PRT,Groups,TA/TO,0,1,0,A,A,0,Non Refund,1.0,0,Contract,62.0,0,0
City Hotel,1,318,2015,August,36,31,1,1,2,0.0,0,BB,PRT,Groups,TA/TO,0,1,0,A,A,0,Non Refund,1.0,0,Contract,62.0,0,0
City Hotel,1,318,2015,August,36,31,1,1,2,0.0,0,BB,PRT,Groups,TA/TO,0,1,0,A,A,0,Non Refund,1.0,0,Contract,62.0,0,0
City Hotel,1,318,2015,August,36,31,1,1,2,0.0,0,BB,PRT,Groups,TA/TO,0,1,0,A,A,0,Non Refund,1.0,0,Contract,62.0,0,0
City Hotel,1,318,2015,August,36,31,1,1,2,0.0,0,BB,PRT,Groups,TA/TO,0,1,0,A,A,0,Non Refund,1.0,0,Contract,62.0,0,0
City Hotel,1,318,2015,August,36,31,1,1,2,0.0,0,BB,PRT,Groups,TA/TO,0,1,0,A,A,0,Non Refund,1.0,0,Contract,62.0,0,0
City Hotel,1,318,2015,August,36,31,1,1,2,0.0,0,BB,PRT,Groups,TA/TO,0,1,0,A,A,0,Non Refund,1.0,0,Contract,62.0,0,0
City Hotel,1,318,2015,August,36,31,1,1,2,0.0,0,BB,PRT,Groups,TA/TO,0,1,0,A,A,0,Non Refund,1.0,0,Contract,62.0,0,0
City Hotel,1,318,2015,August,36,31,1,1,2,0.0,0,BB,PRT,Groups,TA/TO,0,1,0,A,A,0,Non Refund,1.0,0,Contract,62.0,0,0
City Hotel,1,318,2015,August,36,31,1,1,2,0.0,0,BB,PRT,Groups,TA/TO,0,1,0,A,A,0,Non Refund,1.0,0,Contract,62.0,0,0
City Hotel,1,318,2015,August,36,31,1,1,2,0.0,0,BB,PRT,Groups,TA/TO,0,1,0,A,A,0,Non Refund,1.0,0,Contract,62.0,0,0
City Hotel,1,318,2015,August,36,31,1,1,2,0.0,0,BB,PRT,Groups,TA/TO,0,1,0,A,A,0,Non Refund,1.0,0,Contract,62.0,0,0
City Hotel,1,318,2015,August,36,31,1,1,2,0.0,0,BB,PRT,Groups,TA/TO,0,1,0,A,A,0,Non Refund,1.0,0,Contract,62.0,0,0
City Hotel,1,318,2015,August,36,31,1,1,2,0.0,0,BB,PRT,Groups,TA/TO,0,1,0,A,A,0,Non Refund,1.0,0,Contract,62.0,0,0
City Hotel,1,318,2015,August,36,31,1,1,2,0.0,0,BB,PRT,Groups,TA/TO,0,1,0,A,A,0,Non Refund,1.0,0,Contract,62.0,0,0
City Hotel,1,318,2015,August,36,31,1,1,2,0.0,0,BB,PRT,Groups,TA/TO,0,1,0,A,A,0,Non Refund,1.0,0,Contract,62.0,0,0
City Hotel,1,325,2015,September,37,7,1,1,2,0.0,0,BB,PRT,Groups,TA/TO,0,1,0,A,A,0,Non Refund,1.0,0,Contract,62.0,0,0
City Hotel,1,325,2015,September,37,7,1,1,2,0.0,0,BB,PRT,Groups,TA/TO,0,1,0,A,A,0,Non Refund,1.0,0,Contract,62.0,0,0
City Hotel,1,325,2015,September,37,7,1,1,2,0.0,0,BB,PRT,Groups,TA/TO,0,1,0,A,A,0,Non Refund,1.0,0,Contract,62.0,0,0
City Hotel,1,325,2015,September,37,7,1,1,2,0.0,0,BB,PRT,Groups,TA/TO,0,1,0,A,A,0,Non Refund,1.0,0,Contract,62.0,0,0
City Hotel,1,325,2015,September,37,7,1,1,2,0.0,0,BB,PRT,Groups,TA/TO,0,1,0,A,A,0,Non Refund,1.0,0,Contract,62.0,0,0
City Hotel,1,325,2015,September,37,7,1,1,2,0.0,0,BB,PRT,Groups,TA/TO,0,1,0,A,A,0,Non Refund,1.0,0,Contract,62.0,0,0
City Hotel,1,325,2015,September,37,7,1,1,2,0.0,0,BB,PRT,Groups,TA/TO,0,1,0,A,A,0,Non Refund,1.0,0,Contract,62.0,0,0
City Hotel,1,325,2015,September,37,7,1,1,2,0.0,0,BB,PRT,Groups,TA/TO,0,1,0,A,A,0,Non Refund,1.0,0,Contract,62.0,0,0
City Hotel,1,325,2015,September,37,7,1,1,2,0.0,0,BB,PRT,Groups,TA/TO,0,1,0,A,A,0,Non Refund,1.0,0,Contract,62.0,0,0
City Hotel,1,325,2015,September,37,7,1,1,2,0.0,0,BB,PRT,Groups,TA/TO,0,1,0,A,A,0,Non Refund,1.0,0,Contract,62.0,0,0
City Hotel,1,325,2015,September,37,7,1,1,2,0.0,0,BB,PRT,Groups,TA/TO,0,1,0,A,A,0,Non Refund,1.0,0,Contract,62.0,0,0
City Hotel,1,325,2015,September,37,7,1,1,2,0.0,0,BB,PRT,Groups,TA/TO,0,1,0,A,A,0,Non Refund,1.0,0,Contract,62.0,0,0
City Hotel,1,325,2015,September,37,7,1,1,2,0.0,0,BB,PRT,Groups,TA/TO,0,1,0,A,A,0,Non Refund,1.0,0,Contract,62.0,0,0
City Hotel,1,325,2015,September,37,7,1,1,2,0.0,0,BB,PRT,Groups,TA/TO,0,1,0,A,A,0,Non Refund,1.0,0,Contract,62.0,0,0
City Hotel,1,325,2015,September,37,7,1,1,2,0.0,0,BB,PRT,Groups,TA/TO,0,1,0,A,A,0,Non Refund,1.0,0,Contract,62.0,0,0
City Hotel,1,325,2015,September,37,7,1,1,2,0.0,0,BB,PRT,Groups,TA/TO,0,1,0,A,A,0,Non Refund,1.0,0,Contract,62.0,0,0
City Hotel,1,325,2015,September,37,7,1,1,2,0.0,0,BB,PRT,Groups,TA/TO,0,1,0,A,A,0,Non Refund,1.0,0,Contract,62.0,0,0
City Hotel,1,325,2015,September,37,7,1,1,2,0.0,0,BB,PRT,Groups,TA/TO,0,1,0,A,A,0,Non Refund,1.0,0,Contract,62.0,0,0
City Hotel,1,325,2015,September,37,7,1,1,2,0.0,0,BB,PRT,Groups,TA/TO,0,1,0,A,A,0,Non Refund,1.0,0,Contract,62.0,0,0
City Hotel,1,325,2015,September,37,7,1,1,2,0.0,0,BB,PRT,Groups,TA/TO,0,1,0,A,A,0,Non Refund,1.0,0,Contract,62.0,0,0
City Hotel,1,332,2015,September,38,14,1,1,2,0.0,0,BB,PRT,Groups,TA/TO,0,1,0,A,A,0,Non Refund,1.0,0,Contract,62.0,0,0
City Hotel,1,332,2015,September,38,14,1,1,2,0.0,0,BB,PRT,Groups,TA/TO,0,1,0,A,A,0,Non Refund,1.0,0,Contract,62.0,0,0
City Hotel,1,332,2015,September,38,14,1,1,2,0.0,0,BB,PRT,Groups,TA/TO,0,1,0,A,A,0,Non Refund,1.0,0,Contract,62.0,0,0
City Hotel,1,332,2015,September,38,14,1,1,2,0.0,0,BB,PRT,Groups,TA/TO,0,1,0,A,A,0,Non Refund,1.0,0,Contract,62.0,0,0
City Hotel,1,332,2015,September,38,14,1,1,2,0.0,0,BB,PRT,Groups,TA/TO,0,1,0,A,A,0,Non Refund,1.0,0,Contract,62.0,0,0
City Hotel,1,332,2015,September,38,14,1,1,2,0.0,0,BB,PRT,Groups,TA/TO,0,1,0,A,A,0,Non Refund,1.0,0,Contract,62.0,0,0
City Hotel,1,332,2015,September,38,14,1,1,2,0.0,0,BB,PRT,Groups,TA/TO,0,1,0,A,A,0,Non Refund,1.0,0,Contract,62.0,0,0
City Hotel,1,332,2015,September,38,14,1,1,2,0.0,0,BB,PRT,Groups,TA/TO,0,1,0,A,A,0,Non Refund,1.0,0,Contract,62.0,0,0
City Hotel,1,332,2015,September,38,14,1,1,2,0.0,0,BB,PRT,Groups,TA/TO,0,1,0,A,A,0,Non Refund,1.0,0,Contract,62.0,0,0
City Hotel,1,332,2015,September,38,14,1,1,2,0.0,0,BB,PRT,Groups,TA/TO,0,1,0,A,A,0,Non Refund,1.0,0,Contract,62.0,0,0
City Hotel,1,332,2015,September,38,14,1,1,2,0.0,0,BB,PRT,Groups,TA/TO,0,1,0,A,A,0,Non Refund,1.0,0,Contract,62.0,0,0
City Hotel,1,332,2015,September,38,14,1,1,2,0.0,0,BB,PRT,Groups,TA/TO,0,1,0,A,A,0,Non Refund,1.0,0,Contract,62.0,0,0
City Hotel,1,332,2015,September,38,14,1,1,2,0.0,0,BB,PRT,Groups,TA/TO,0,1,0,A,A,0,Non Refund,1.0,0,Contract,62.0,0,0
City Hotel,1,332,2015,September,38,14,1,1,2,0.0,0,BB,PRT,Groups,TA/TO,0,1,0,A,A,0,Non Refund,1.0,0,Contract,62.0,0,0
City Hotel,1,332,2015,September,38,14,1,1,2,0.0,0,BB,PRT,Groups,TA/TO,0,1,0,A,A,0,Non Refund,1.0,0,Contract,62.0,0,0
City Hotel,1,332,2015,September,38,14,1,1,2,0.0,0,BB,PRT,Groups,TA/TO,0,1,0,A,A,0,Non Refund,1.0,0,Contract,62.0,0,0
City Hotel,1,332,2015,September,38,14,1,1,2,0.0,0,BB,PRT,Groups,TA/TO,0,1,0,A,A,0,Non Refund,1.0,0,Contract,62.0,0,0
City Hotel,1,332,2015,September,38,14,1,1,2,0.0,0,BB,PRT,Groups,TA/TO,0,1,0,A,A,0,Non Refund,1.0,0,Contract,62.0,0,0
City Hotel,1,332,2015,September,38,14,1,1,2,0.0,0,BB,PRT,Groups,TA/TO,0,1,0,A,A,0,Non Refund,1.0,0,Contract,62.0,0,0
City Hotel,1,332,2015,September,38,14,1,1,2,0.0,0,BB,PRT,Groups,TA/TO,0,1,0,A,A,0,Non Refund,1.0,0,Contract,62.0,0,0
City Hotel,1,339,2015,September,39,21,1,1,2,0.0,0,BB,PRT,Groups,TA/TO,0,1,0,A,A,0,Non Refund,1.0,0,Contract,62.0,0,0
City Hotel,1,339,2015,September,39,21,1,1,2,0.0,0,BB,PRT,Groups,TA/TO,0,1,0,A,A,0,Non Refund,1.0,0,Contract,62.0,0,0
City Hotel,1,339,2015,September,39,21,1,1,2,0.0,0,BB,PRT,Groups,TA/TO,0,1,0,A,A,0,Non Refund,1.0,0,Contract,62.0,0,0
City Hotel,1,339,2015,September,39,21,1,1,2,0.0,0,BB,PRT,Groups,TA/TO,0,1,0,A,A,0,Non Refund,1.0,0,Contract,62.0,0,0
City Hotel,1,339,2015,September,39,21,1,1,2,0.0,0,BB,PRT,Groups,TA/TO,0,1,0,A,A,0,Non Refund,1.0,0,Contract,62.0,0,0
City Hotel,1,339,2015,September,39,21,1,1,2,0.0,0,BB,PRT,Groups,TA/TO,0,1,0,A,A,0,Non Refund,1.0,0,Contract,62.0,0,0
City Hotel,1,339,2015,September,39,21,1,1,2,0.0,0,BB,PRT,Groups,TA/TO,0,1,0,A,A,0,Non Refund,1.0,0,Contract,62.0,0,0
City Hotel,1,339,2015,September,39,21,1,1,2,0.0,0,BB,PRT,Groups,TA/TO,0,1,0,A,A,0,Non Refund,1.0,0,Contract,62.0,0,0
City Hotel,1,339,2015,September,39,21,1,1,2,0.0,0,BB,PRT,Groups,TA/TO,0,1,0,A,A,0,Non Refund,1.0,0,Contract,62.0,0,0
City Hotel,1,339,2015,September,39,21,1,1,2,0.0,0,BB,PRT,Groups,TA/TO,0,1,0,A,A,0,Non Refund,1.0,0,Contract,62.0,0,0
City Hotel,1,339,2015,September,39,21,1,1,2,0.0,0,BB,PRT,Groups,TA/TO,0,1,0,A,A,0,Non Refund,1.0,0,Contract,62.0,0,0
City Hotel,1,339,2015,September,39,21,1,1,2,0.0,0,BB,PRT,Groups,TA/TO,0,1,0,A,A,0,Non Refund,1.0,0,Contract,62.0,0,0
City Hotel,1,339,2015,September,39,21,1,1,2,0.0,0,BB,PRT,Groups,TA/TO,0,1,0,A,A,0,Non Refund,1.0,0,Contract,62.0,0,0
City Hotel,1,339,2015,September,39,21,1,1,2,0.0,0,BB,PRT,Groups,TA/TO,0,1,0,A,A,0,Non Refund,1.0,0,Contract,62.0,0,0
City Hotel,1,339,2015,September,39,21,1,1,2,0.0,0,BB,PRT,Groups,TA/TO,0,1,0,A,A,0,Non Refund,1.0,0,Contract,62.0,0,0
City Hotel,1,339,2015,September,39,21,1,1,2,0.0,0,BB,PRT,Groups,TA/TO,0,1,0,A,A,0,Non Refund,1.0,0,Contract,62.0,0,0
City Hotel,1,339,2015,September,39,21,1,1,2,0.0,0,BB,PRT,Groups,TA/TO,0,1,0,A,A,0,Non Refund,1.0,0,Contract,62.0,0,0
City Hotel,1,339,2015,September,39,21,1,1,2,0.0,0,BB,PRT,Groups,TA/TO,0,1,0,A,A,0,Non Refund,1.0,0,Contract,62.0,0,0
City Hotel,1,339,2015,September,39,21,1,1,2,0.0,0,BB,PRT,Groups,TA/TO,0,1,0,A,A,0,Non Refund,1.0,0,Contract,62.0,0,0
City Hotel,1,339,2015,September,39,21,1,1,2,0.0,0,BB,PRT,Groups,TA/TO,0,1,0,A,A,0,Non Refund,1.0,0,Contract,62.0,0,0
City Hotel,1,346,2015,September,40,28,1,1,2,0.0,0,BB,PRT,Groups,TA/TO,0,1,0,A,A,0,Non Refund,1.0,0,Contract,62.0,0,0
City Hotel,1,346,2015,September,40,28,1,1,2,0.0,0,BB,PRT,Groups,TA/TO,0,1,0,A,A,0,Non Refund,1.0,0,Contract,62.0,0,0
City Hotel,1,346,2015,September,40,28,1,1,2,0.0,0,BB,PRT,Groups,TA/TO,0,1,0,A,A,0,Non Refund,1.0,0,Contract,62.0,0,0
City Hotel,1,346,2015,September,40,28,1,1,2,0.0,0,BB,PRT,Groups,TA/TO,0,1,0,A,A,0,Non Refund,1.0,0,Contract,62.0,0,0
City Hotel,1,346,2015,September,40,28,1,1,2,0.0,0,BB,PRT,Groups,TA/TO,0,1,0,A,A,0,Non Refund,1.0,0,Contract,62.0,0,0
City Hotel,1,346,2015,September,40,28,1,1,2,0.0,0,BB,PRT,Groups,TA/TO,0,1,0,A,A,0,Non Refund,1.0,0,Contract,62.0,0,0
City Hotel,1,346,2015,September,40,28,1,1,2,0.0,0,BB,PRT,Groups,TA/TO,0,1,0,A,A,0,Non Refund,1.0,0,Contract,62.0,0,0
City Hotel,1,346,2015,September,40,28,1,1,2,0.0,0,BB,PRT,Groups,TA/TO,0,1,0,A,A,0,Non Refund,1.0,0,Contract,62.0,0,0
City Hotel,1,346,2015,September,40,28,1,1,2,0.0,0,BB,PRT,Groups,TA/TO,0,1,0,A,A,0,Non Refund,1.0,0,Contract,62.0,0,0
City Hotel,1,346,2015,September,40,28,1,1,2,0.0,0,BB,PRT,Groups,TA/TO,0,1,0,A,A,0,Non Refund,1.0,0,Contract,62.0,0,0
City Hotel,1,346,2015,September,40,28,1,1,2,0.0,0,BB,PRT,Groups,TA/TO,0,1,0,A,A,0,Non Refund,1.0,0,Contract,62.0,0,0
City Hotel,1,346,2015,September,40,28,1,1,2,0.0,0,BB,PRT,Groups,TA/TO,0,1,0,A,A,0,Non Refund,1.0,0,Contract,62.0,0,0
City Hotel,1,346,2015,September,40,28,1,1,2,0.0,0,BB,PRT,Groups,TA/TO,0,1,0,A,A,0,Non Refund,1.0,0,Contract,62.0,0,0
City Hotel,1,346,2015,September,40,28,1,1,2,0.0,0,BB,PRT,Groups,TA/TO,0,1,0,A,A,0,Non Refund,1.0,0,Contract,62.0,0,0
City Hotel,1,346,2015,September,40,28,1,1,2,0.0,0,BB,PRT,Groups,TA/TO,0,1,0,A,A,0,Non Refund,1.0,0,Contract,62.0,0,0
City Hotel,1,346,2015,September,40,28,1,1,2,0.0,0,BB,PRT,Groups,TA/TO,0,1,0,A,A,0,Non Refund,1.0,0,Contract,62.0,0,0
City Hotel,1,346,2015,September,40,28,1,1,2,0.0,0,BB,PRT,Groups,TA/TO,0,1,0,A,A,0,Non Refund,1.0,0,Contract,62.0,0,0
City Hotel,1,346,2015,September,40,28,1,1,2,0.0,0,BB,PRT,Groups,TA/TO,0,1,0,A,A,0,Non Refund,1.0,0,Contract,62.0,0,0
City Hotel,1,346,2015,September,40,28,1,1,2,0.0,0,BB,PRT,Groups,TA/TO,0,1,0,A,A,0,Non Refund,1.0,0,Contract,62.0,0,0
City Hotel,1,346,2015,September,40,28,1,1,2,0.0,0,BB,PRT,Groups,TA/TO,0,1,0,A,A,0,Non Refund,1.0,0,Contract,62.0,0,0
City Hotel,1,353,2015,October,41,5,1,1,2,0.0,0,BB,PRT,Groups,TA/TO,0,1,0,A,A,0,Non Refund,1.0,0,Contract,62.0,0,0
City Hotel,1,353,2015,October,41,5,1,1,2,0.0,0,BB,PRT,Groups,TA/TO,0,1,0,A,A,0,Non Refund,1.0,0,Contract,62.0,0,0
City Hotel,1,353,2015,October,41,5,1,1,2,0.0,0,BB,PRT,Groups,TA/TO,0,1,0,A,A,0,Non Refund,1.0,0,Contract,62.0,0,0
City Hotel,1,353,2015,October,41,5,1,1,2,0.0,0,BB,PRT,Groups,TA/TO,0,1,0,A,A,0,Non Refund,1.0,0,Contract,62.0,0,0
City Hotel,1,353,2015,October,41,5,1,1,2,0.0,0,BB,PRT,Groups,TA/TO,0,1,0,A,A,0,Non Refund,1.0,0,Contract,62.0,0,0
City Hotel,1,353,2015,October,41,5,1,1,2,0.0,0,BB,PRT,Groups,TA/TO,0,1,0,A,A,0,Non Refund,1.0,0,Contract,62.0,0,0
City Hotel,1,353,2015,October,41,5,1,1,2,0.0,0,BB,PRT,Groups,TA/TO,0,1,0,A,A,0,Non Refund,1.0,0,Contract,62.0,0,0
City Hotel,1,353,2015,October,41,5,1,1,2,0.0,0,BB,PRT,Groups,TA/TO,0,1,0,A,A,0,Non Refund,1.0,0,Contract,62.0,0,0
City Hotel,1,353,2015,October,41,5,1,1,2,0.0,0,BB,PRT,Groups,TA/TO,0,1,0,A,A,0,Non Refund,1.0,0,Contract,62.0,0,0
City Hotel,1,353,2015,October,41,5,1,1,2,0.0,0,BB,PRT,Groups,TA/TO,0,1,0,A,A,0,Non Refund,1.0,0,Contract,62.0,0,0
City Hotel,1,353,2015,October,41,5,1,1,2,0.0,0,BB,PRT,Groups,TA/TO,0,1,0,A,A,0,Non Refund,1.0,0,Contract,62.0,0,0
City Hotel,1,353,2015,October,41,5,1,1,2,0.0,0,BB,PRT,Groups,TA/TO,0,1,0,A,A,0,Non Refund,1.0,0,Contract,62.0,0,0
City Hotel,1,353,2015,October,41,5,1,1,2,0.0,0,BB,PRT,Groups,TA/TO,0,1,0,A,A,0,Non Refund,1.0,0,Contract,62.0,0,0
City Hotel,1,353,2015,October,41,5,1,1,2,0.0,0,BB,PRT,Groups,TA/TO,0,1,0,A,A,0,Non Refund,1.0,0,Contract,62.0,0,0
City Hotel,1,353,2015,October,41,5,1,1,2,0.0,0,BB,PRT,Groups,TA/TO,0,1,0,A,A,0,Non Refund,1.0,0,Contract,62.0,0,0
City Hotel,1,353,2015,October,41,5,1,1,2,0.0,0,BB,PRT,Groups,TA/TO,0,1,0,A,A,0,Non Refund,1.0,0,Contract,62.0,0,0
City Hotel,1,353,2015,October,41,5,1,1,2,0.0,0,BB,PRT,Groups,TA/TO,0,1,0,A,A,0,Non Refund,1.0,0,Contract,62.0,0,0
City Hotel,1,353,2015,October,41,5,1,1,2,0.0,0,BB,PRT,Groups,TA/TO,0,1,0,A,A,0,Non Refund,1.0,0,Contract,62.0,0,0
City Hotel,1,353,2015,October,41,5,1,1,2,0.0,0,BB,PRT,Groups,TA/TO,0,1,0,A,A,0,Non Refund,1.0,0,Contract,62.0,0,0
City Hotel,1,353,2015,October,41,5,1,1,2,0.0,0,BB,PRT,Groups,TA/TO,0,1,0,A,A,0,Non Refund,1.0,0,Contract,62.0,0,0
City Hotel,1,360,2015,October,42,12,1,1,2,0.0,0,BB,PRT,Groups,TA/TO,0,1,0,A,A,0,Non Refund,1.0,0,Contract,62.0,0,0
City Hotel,1,360,2015,October,42,12,1,1,2,0.0,0,BB,PRT,Groups,TA/TO,0,1,0,A,A,0,Non Refund,1.0,0,Contract,62.0,0,0
City Hotel,1,360,2015,October,42,12,1,1,2,0.0,0,BB,PRT,Groups,TA/TO,0,1,0,A,A,0,Non Refund,1.0,0,Contract,62.0,0,0
City Hotel,1,360,2015,October,42,12,1,1,2,0.0,0,BB,PRT,Groups,TA/TO,0,1,0,A,A,0,Non Refund,1.0,0,Contract,62.0,0,0
City Hotel,1,360,2015,October,42,12,1,1,2,0.0,0,BB,PRT,Groups,TA/TO,0,1,0,A,A,0,Non Refund,1.0,0,Contract,62.0,0,0
City Hotel,1,360,2015,October,42,12,1,1,2,0.0,0,BB,PRT,Groups,TA/TO,0,1,0,A,A,0,Non Refund,1.0,0,Contract,62.0,0,0
City Hotel,1,360,2015,October,42,12,1,1,2,0.0,0,BB,PRT,Groups,TA/TO,0,1,0,A,A,0,Non Refund,1.0,0,Contract,62.0,0,0
City Hotel,1,360,2015,October,42,12,1,1,2,0.0,0,BB,PRT,Groups,TA/TO,0,1,0,A,A,0,Non Refund,1.0,0,Contract,62.0,0,0
City Hotel,1,360,2015,October,42,12,1,1,2,0.0,0,BB,PRT,Groups,TA/TO,0,1,0,A,A,0,Non Refund,1.0,0,Contract,62.0,0,0
City Hotel,1,360,2015,October,42,12,1,1,2,0.0,0,BB,PRT,Groups,TA/TO,0,1,0,A,A,0,Non Refund,1.0,0,Contract,62.0,0,0
City Hotel,1,360,2015,October,42,12,1,1,2,0.0,0,BB,PRT,Groups,TA/TO,0,1,0,A,A,0,Non Refund,1.0,0,Contract,62.0,0,0
City Hotel,1,360,2015,October,42,12,1,1,2,0.0,0,BB,PRT,Groups,TA/TO,0,1,0,A,A,0,Non Refund,1.0,0,Contract,62.0,0,0
City Hotel,1,360,2015,October,42,12,1,1,2,0.0,0,BB,PRT,Groups,TA/TO,0,1,0,A,A,0,Non Refund,1.0,0,Contract,62.0,0,0
City Hotel,1,360,2015,October,42,12,1,1,2,0.0,0,BB,PRT,Groups,TA/TO,0,1,0,A,A,0,Non Refund,1.0,0,Contract,62.0,0,0
City Hotel,1,360,2015,October,42,12,1,1,2,0.0,0,BB,PRT,Groups,TA/TO,0,1,0,A,A,0,Non Refund,1.0,0,Contract,62.0,0,0
City Hotel,1,360,2015,October,42,12,1,1,2,0.0,0,BB,PRT,Groups,TA/TO,0,1,0,A,A,0,Non Refund,1.0,0,Contract,62.0,0,0
City Hotel,1,360,2015,October,42,12,1,1,2,0.0,0,BB,PRT,Groups,TA/TO,0,1,0,A,A,0,Non Refund,1.0,0,Contract,62.0,0,0
City Hotel,1,360,2015,October,42,12,1,1,2,0.0,0,BB,PRT,Groups,TA/TO,0,1,0,A,A,0,Non Refund,1.0,0,Contract,62.0,0,0
City Hotel,1,360,2015,October,42,12,1,1,2,0.0,0,BB,PRT,Groups,TA/TO,0,1,0,A,A,0,Non Refund,1.0,0,Contract,62.0,0,0
City Hotel,1,360,2015,October,42,12,1,1,2,0.0,0,BB,PRT,Groups,TA/TO,0,1,0,A,A,0,Non Refund,1.0,0,Contract,62.0,0,0
City Hotel,1,367,2015,October,43,19,1,1,2,0.0,0,BB,PRT,Groups,TA/TO,0,1,0,A,A,0,Non Refund,1.0,0,Contract,62.0,0,0
City Hotel,1,367,2015,October,43,19,1,1,2,0.0,0,BB,PRT,Groups,TA/TO,0,1,0,A,A,0,Non Refund,1.0,0,Contract,62.0,0,0
City Hotel,1,367,2015,October,43,19,1,1,2,0.0,0,BB,PRT,Groups,TA/TO,0,1,0,A,A,0,Non Refund,1.0,0,Contract,62.0,0,0
City Hotel,1,367,2015,October,43,19,1,1,2,0.0,0,BB,PRT,Groups,TA/TO,0,1,0,A,A,0,Non Refund,1.0,0,Contract,62.0,0,0
City Hotel,1,367,2015,October,43,19,1,1,2,0.0,0,BB,PRT,Groups,TA/TO,0,1,0,A,A,0,Non Refund,1.0,0,Contract,62.0,0,0
City Hotel,1,367,2015,October,43,19,1,1,2,0.0,0,BB,PRT,Groups,TA/TO,0,1,0,A,A,0,Non Refund,1.0,0,Contract,62.0,0,0
City Hotel,1,367,2015,October,43,19,1,1,2,0.0,0,BB,PRT,Groups,TA/TO,0,1,0,A,A,0,Non Refund,1.0,0,Contract,62.0,0,0
City Hotel,1,367,2015,October,43,19,1,1,2,0.0,0,BB,PRT,Groups,TA/TO,0,1,0,A,A,0,Non Refund,1.0,0,Contract,62.0,0,0
City Hotel,1,367,2015,October,43,19,1,1,2,0.0,0,BB,PRT,Groups,TA/TO,0,1,0,A,A,0,Non Refund,1.0,0,Contract,62.0,0,0
City Hotel,1,367,2015,October,43,19,1,1,2,0.0,0,BB,PRT,Groups,TA/TO,0,1,0,A,A,0,Non Refund,1.0,0,Contract,62.0,0,0
City Hotel,1,367,2015,October,43,19,1,1,2,0.0,0,BB,PRT,Groups,TA/TO,0,1,0,A,A,0,Non Refund,1.0,0,Contract,62.0,0,0
City Hotel,1,367,2015,October,43,19,1,1,2,0.0,0,BB,PRT,Groups,TA/TO,0,1,0,A,A,0,Non Refund,1.0,0,Contract,62.0,0,0
City Hotel,1,367,2015,October,43,19,1,1,2,0.0,0,BB,PRT,Groups,TA/TO,0,1,0,A,A,0,Non Refund,1.0,0,Contract,62.0,0,0
City Hotel,1,367,2015,October,43,19,1,1,2,0.0,0,BB,PRT,Groups,TA/TO,0,1,0,A,A,0,Non Refund,1.0,0,Contract,62.0,0,0
City Hotel,1,367,2015,October,43,19,1,1,2,0.0,0,BB,PRT,Groups,TA/TO,0,1,0,A,A,0,Non Refund,1.0,0,Contract,62.0,0,0
City Hotel,1,367,2015,October,43,19,1,1,2,0.0,0,BB,PRT,Groups,TA/TO,0,1,0,A,A,0,Non Refund,1.0,0,Contract,62.0,0,0
City Hotel,1,367,2015,October,43,19,1,1,2,0.0,0,BB,PRT,Groups,TA/TO,0,1,0,A,A,0,Non Refund,1.0,0,Contract,62.0,0,0
City Hotel,1,367,2015,October,43,19,1,1,2,0.0,0,BB,PRT,Groups,TA/TO,0,1,0,A,A,0,Non Refund,1.0,0,Contract,62.0,0,0
City Hotel,1,367,2015,October,43,19,1,1,2,0.0,0,BB,PRT,Groups,TA/TO,0,1,0,A,A,0,Non Refund,1.0,0,Contract,62.0,0,0
City Hotel,1,367,2015,October,43,19,1,1,2,0.0,0,BB,PRT,Groups,TA/TO,0,1,0,A,A,0,Non Refund,1.0,0,Contract,62.0,0,0
City Hotel,1,374,2015,October,44,26,1,1,2,0.0,0,BB,PRT,Groups,TA/TO,0,1,0,A,A,0,Non Refund,1.0,0,Contract,62.0,0,0
City Hotel,1,374,2015,October,44,26,1,1,2,0.0,0,BB,PRT,Groups,TA/TO,0,1,0,A,A,0,Non Refund,1.0,0,Contract,62.0,0,0
City Hotel,1,374,2015,October,44,26,1,1,2,0.0,0,BB,PRT,Groups,TA/TO,0,1,0,A,A,0,Non Refund,1.0,0,Contract,62.0,0,0
City Hotel,1,374,2015,October,44,26,1,1,2,0.0,0,BB,PRT,Groups,TA/TO,0,1,0,A,A,0,Non Refund,1.0,0,Contract,62.0,0,0
City Hotel,1,374,2015,October,44,26,1,1,2,0.0,0,BB,PRT,Groups,TA/TO,0,1,0,A,A,0,Non Refund,1.0,0,Contract,62.0,0,0
City Hotel,1,374,2015,October,44,26,1,1,2,0.0,0,BB,PRT,Groups,TA/TO,0,1,0,A,A,0,Non Refund,1.0,0,Contract,62.0,0,0
City Hotel,1,374,2015,October,44,26,1,1,2,0.0,0,BB,PRT,Groups,TA/TO,0,1,0,A,A,0,Non Refund,1.0,0,Contract,62.0,0,0
City Hotel,1,374,2015,October,44,26,1,1,2,0.0,0,BB,PRT,Groups,TA/TO,0,1,0,A,A,0,Non Refund,1.0,0,Contract,62.0,0,0
City Hotel,1,374,2015,October,44,26,1,1,2,0.0,0,BB,PRT,Groups,TA/TO,0,1,0,A,A,0,Non Refund,1.0,0,Contract,62.0,0,0
City Hotel,1,374,2015,October,44,26,1,1,2,0.0,0,BB,PRT,Groups,TA/TO,0,1,0,A,A,0,Non Refund,1.0,0,Contract,62.0,0,0
City Hotel,1,374,2015,October,44,26,1,1,2,0.0,0,BB,PRT,Groups,TA/TO,0,1,0,A,A,0,Non Refund,1.0,0,Contract,62.0,0,0
City Hotel,1,374,2015,October,44,26,1,1,2,0.0,0,BB,PRT,Groups,TA/TO,0,1,0,A,A,0,Non Refund,1.0,0,Contract,62.0,0,0
City Hotel,1,374,2015,October,44,26,1,1,2,0.0,0,BB,PRT,Groups,TA/TO,0,1,0,A,A,0,Non Refund,1.0,0,Contract,62.0,0,0
City Hotel,1,374,2015,October,44,26,1,1,2,0.0,0,BB,PRT,Groups,TA/TO,0,1,0,A,A,0,Non Refund,1.0,0,Contract,62.0,0,0
City Hotel,1,374,2015,October,44,26,1,1,2,0.0,0,BB,PRT,Groups,TA/TO,0,1,0,A,A,0,Non Refund,1.0,0,Contract,62.0,0,0
City Hotel,1,374,2015,October,44,26,1,1,2,0.0,0,BB,PRT,Groups,TA/TO,0,1,0,A,A,0,Non Refund,1.0,0,Contract,62.0,0,0
City Hotel,1,374,2015,October,44,26,1,1,2,0.0,0,BB,PRT,Groups,TA/TO,0,1,0,A,A,0,Non Refund,1.0,0,Contract,62.0,0,0
City Hotel,1,374,2015,October,44,26,1,1,2,0.0,0,BB,PRT,Groups,TA/TO,0,1,0,A,A,0,Non Refund,1.0,0,Contract,62.0,0,0
City Hotel,1,374,2015,October,44,26,1,1,2,0.0,0,BB,PRT,Groups,TA/TO,0,1,0,A,A,0,Non Refund,1.0,0,Contract,62.0,0,0
City Hotel,1,374,2015,October,44,26,1,1,2,0.0,0,BB,PRT,Groups,TA/TO,0,1,0,A,A,0,Non Refund,1.0,0,Contract,62.0,0,0
City Hotel,1,184,2015,July,27,4,2,3,2,0.0,0,BB,PRT,Online TA,TA/TO,0,1,0,A,A,0,No Deposit,9.0,0,Transient-Party,76.5,0,0
City Hotel,1,184,2015,July,27,4,2,3,2,0.0,0,BB,PRT,Online TA,TA/TO,0,1,0,A,A,0,No Deposit,9.0,0,Transient-Party,76.5,0,0
City Hotel,1,359,2015,October,42,11,2,0,2,0.0,0,BB,PRT,Groups,TA/TO,0,1,0,A,A,0,Non Refund,1.0,0,Transient,60.0,0,0
City Hotel,1,359,2015,October,42,11,2,0,2,0.0,0,BB,PRT,Groups,TA/TO,0,1,0,A,A,0,Non Refund,1.0,0,Transient,60.0,0,0
City Hotel,1,359,2015,October,42,11,2,0,2,0.0,0,BB,PRT,Groups,TA/TO,0,1,0,A,A,0,Non Refund,1.0,0,Transient,60.0,0,0
City Hotel,1,359,2015,October,42,11,2,0,2,0.0,0,BB,PRT,Groups,TA/TO,0,1,0,A,A,0,Non Refund,1.0,0,Transient,60.0,0,0
City Hotel,1,359,2015,October,42,11,2,0,2,0.0,0,BB,PRT,Groups,TA/TO,0,1,0,A,A,0,Non Refund,1.0,0,Transient,60.0,0,0
City Hotel,1,359,2015,October,42,11,2,0,2,0.0,0,BB,PRT,Groups,TA/TO,0,1,0,A,A,0,Non Refund,1.0,0,Transient,60.0,0,0
City Hotel,1,359,2015,October,42,11,2,0,2,0.0,0,BB,PRT,Groups,TA/TO,0,1,0,A,A,0,Non Refund,1.0,0,Transient,60.0,0,0
City Hotel,1,359,2015,October,42,11,2,0,2,0.0,0,BB,PRT,Groups,TA/TO,0,1,0,A,A,0,Non Refund,1.0,0,Transient,60.0,0,0
City Hotel,1,359,2015,October,42,11,2,0,2,0.0,0,BB,PRT,Groups,TA/TO,0,1,0,A,A,0,Non Refund,1.0,0,Transient,60.0,0,0
City Hotel,1,359,2015,October,42,11,2,0,2,0.0,0,BB,PRT,Groups,TA/TO,0,1,0,A,A,0,Non Refund,1.0,0,Transient,60.0,0,0
City Hotel,1,359,2015,October,42,11,2,0,2,0.0,0,BB,PRT,Groups,TA/TO,0,1,0,A,A,0,Non Refund,1.0,0,Transient,60.0,0,0
City Hotel,1,359,2015,October,42,11,2,0,2,0.0,0,BB,PRT,Groups,TA/TO,0,1,0,A,A,0,Non Refund,1.0,0,Transient,60.0,0,0
City Hotel,1,359,2015,October,42,11,2,0,2,0.0,0,BB,PRT,Groups,TA/TO,0,1,0,A,A,0,Non Refund,1.0,0,Transient,60.0,0,0
City Hotel,1,359,2015,October,42,11,2,0,2,0.0,0,BB,PRT,Groups,TA/TO,0,1,0,A,A,0,Non Refund,1.0,0,Transient,60.0,0,0
City Hotel,1,359,2015,October,42,11,2,0,2,0.0,0,BB,PRT,Groups,TA/TO,0,1,0,A,A,0,Non Refund,1.0,0,Transient,60.0,0,0
City Hotel,1,359,2015,October,42,11,2,0,2,0.0,0,BB,PRT,Groups,TA/TO,0,1,0,A,A,0,Non Refund,1.0,0,Transient,60.0,0,0
City Hotel,1,359,2015,October,42,11,2,0,2,0.0,0,BB,PRT,Groups,TA/TO,0,1,0,A,A,0,Non Refund,1.0,0,Transient,60.0,0,0
City Hotel,1,359,2015,October,42,11,2,0,2,0.0,0,BB,PRT,Groups,TA/TO,0,1,0,A,A,0,Non Refund,1.0,0,Transient,60.0,0,0
City Hotel,1,359,2015,October,42,11,2,0,2,0.0,0,BB,PRT,Groups,TA/TO,0,1,0,A,A,0,Non Refund,1.0,0,Transient,60.0,0,0
City Hotel,1,359,2015,October,42,11,2,0,2,0.0,0,BB,PRT,Groups,TA/TO,0,1,0,A,A,0,Non Refund,1.0,0,Transient,60.0,0,0
City Hotel,1,365,2015,October,42,17,1,1,2,0.0,0,BB,PRT,Groups,TA/TO,0,1,0,A,A,0,Non Refund,1.0,0,Transient,62.8,0,0
City Hotel,1,365,2015,October,42,17,1,1,2,0.0,0,BB,PRT,Groups,TA/TO,0,1,0,A,A,0,Non Refund,1.0,0,Transient,62.8,0,0
City Hotel,1,365,2015,October,42,17,1,1,2,0.0,0,BB,PRT,Groups,TA/TO,0,1,0,A,A,0,Non Refund,1.0,0,Transient,62.8,0,0
City Hotel,1,365,2015,October,42,17,1,1,2,0.0,0,BB,PRT,Groups,TA/TO,0,1,0,A,A,0,Non Refund,1.0,0,Transient,62.8,0,0
City Hotel,1,365,2015,October,42,17,1,1,2,0.0,0,BB,PRT,Groups,TA/TO,0,1,0,A,A,0,Non Refund,1.0,0,Transient,62.8,0,0
City Hotel,1,365,2015,October,42,17,1,1,2,0.0,0,BB,PRT,Groups,TA/TO,0,1,0,A,A,0,Non Refund,1.0,0,Transient,62.8,0,0
City Hotel,1,365,2015,October,42,17,1,1,2,0.0,0,BB,PRT,Groups,TA/TO,0,1,0,A,A,0,Non Refund,1.0,0,Transient,62.8,0,0
City Hotel,1,365,2015,October,42,17,1,1,2,0.0,0,BB,PRT,Groups,TA/TO,0,1,0,A,A,0,Non Refund,1.0,0,Transient,62.8,0,0
City Hotel,1,365,2015,October,42,17,1,1,2,0.0,0,BB,PRT,Groups,TA/TO,0,1,0,A,A,0,Non Refund,1.0,0,Transient,62.8,0,0
City Hotel,1,365,2015,October,42,17,1,1,2,0.0,0,BB,PRT,Groups,TA/TO,0,1,0,A,A,0,Non Refund,1.0,0,Transient,62.8,0,0
City Hotel,1,365,2015,October,42,17,1,1,2,0.0,0,BB,PRT,Groups,TA/TO,0,1,0,A,A,0,Non Refund,1.0,0,Transient,62.8,0,0
City Hotel,1,365,2015,October,42,17,1,1,2,0.0,0,BB,PRT,Groups,TA/TO,0,1,0,A,A,0,Non Refund,1.0,0,Transient,62.8,0,0
City Hotel,1,365,2015,October,42,17,1,1,2,0.0,0,BB,PRT,Groups,TA/TO,0,1,0,A,A,0,Non Refund,1.0,0,Transient,62.8,0,0
City Hotel,1,365,2015,October,42,17,1,1,2,0.0,0,BB,PRT,Groups,TA/TO,0,1,0,A,A,0,Non Refund,1.0,0,Transient,62.8,0,0
City Hotel,1,365,2015,October,42,17,1,1,2,0.0,0,BB,PRT,Groups,TA/TO,0,1,0,A,A,0,Non Refund,1.0,0,Transient,62.8,0,0
City Hotel,1,365,2015,October,42,17,1,1,2,0.0,0,BB,PRT,Groups,TA/TO,0,1,0,A,A,0,Non Refund,1.0,0,Transient,62.8,0,0
City Hotel,1,365,2015,October,42,17,1,1,2,0.0,0,BB,PRT,Groups,TA/TO,0,1,0,A,A,0,Non Refund,1.0,0,Transient,62.8,0,0
City Hotel,1,365,2015,October,42,17,1,1,2,0.0,0,BB,PRT,Groups,TA/TO,0,1,0,A,A,0,Non Refund,1.0,0,Transient,62.8,0,0
City Hotel,1,365,2015,October,42,17,1,1,2,0.0,0,BB,PRT,Groups,TA/TO,0,1,0,A,A,0,Non Refund,1.0,0,Transient,62.8,0,0
City Hotel,1,365,2015,October,42,17,1,1,2,0.0,0,BB,PRT,Groups,TA/TO,0,1,0,A,A,0,Non Refund,1.0,0,Transient,62.8,0,0
City Hotel,0,0,2015,July,31,29,0,1,2,0.0,0,BB,PRT,Complementary,TA/TO,0,0,0,A,D,0,No Deposit,,0,Transient,0.0,0,1
City Hotel,0,0,2015,September,40,27,1,0,2,0.0,0,BB,PRT,Complementary,Corporate,1,0,6,A,A,0,No Deposit,,0,Transient,0.0,0,1
City Hotel,0,0,2015,October,41,6,0,1,2,0.0,0,BB,PRT,Direct,Direct,1,0,7,A,A,0,No Deposit,,0,Transient,0.0,0,0
City Hotel,0,0,2016,February,8,17,0,1,2,0.0,0,BB,PRT,Complementary,Corporate,1,0,18,F,D,0,No Deposit,,0,Transient,0.0,0,2
City Hotel,0,1,2016,June,24,7,0,1,2,0.0,0,BB,PRT,Complementary,Direct,1,0,25,A,A,0,No Deposit,,0,Transient,0.0,0,3
City Hotel,0,0,2016,October,41,6,0,1,2,0.0,0,BB,PRT,Complementary,Direct,1,0,31,A,B,1,No Deposit,,0,Transient,0.0,0,4
City Hotel,1,166,2015,July,29,15,0,2,2,0.0,0,BB,PRT,Online TA,TA/TO,0,1,0,A,A,0,No Deposit,9.0,0,Transient-Party,76.5,0,1
City Hotel,1,166,2015,July,29,15,0,2,2,0.0,0,BB,PRT,Online TA,TA/TO,0,1,0,A,A,0,No Deposit,9.0,0,Transient-Party,76.5,0,1
City Hotel,1,329,2015,September,37,11,2,3,2,0.0,0,BB,PRT,Offline TA/TO,TA/TO,0,1,0,A,A,0,Non Refund,5.0,0,Transient,90.0,0,0
City Hotel,1,329,2015,September,37,11,2,3,2,0.0,0,BB,PRT,Offline TA/TO,TA/TO,0,1,0,A,A,0,Non Refund,5.0,0,Transient,90.0,0,0
City Hotel,1,329,2015,September,37,11,2,3,2,0.0,0,BB,PRT,Offline TA/TO,TA/TO,0,1,0,A,A,0,Non Refund,5.0,0,Transient,90.0,0,0
City Hotel,1,329,2015,September,37,11,2,3,2,0.0,0,BB,PRT,Offline TA/TO,TA/TO,0,1,0,A,A,0,Non Refund,5.0,0,Transient,90.0,0,0
City Hotel,1,329,2015,September,37,11,2,3,2,0.0,0,BB,PRT,Offline TA/TO,TA/TO,0,1,0,A,A,0,Non Refund,5.0,0,Transient,90.0,0,0
City Hotel,1,329,2015,September,37,11,2,3,2,0.0,0,BB,PRT,Offline TA/TO,TA/TO,0,1,0,A,A,0,Non Refund,5.0,0,Transient,90.0,0,0
City Hotel,1,329,2015,September,37,11,2,3,2,0.0,0,BB,PRT,Offline TA/TO,TA/TO,0,1,0,A,A,0,Non Refund,5.0,0,Transient,90.0,0,0
City Hotel,1,329,2015,September,37,11,2,3,2,0.0,0,BB,PRT,Offline TA/TO,TA/TO,0,1,0,A,A,0,Non Refund,5.0,0,Transient,90.0,0,0
City Hotel,1,329,2015,September,37,11,2,3,2,0.0,0,BB,PRT,Offline TA/TO,TA/TO,0,1,0,A,A,0,Non Refund,5.0,0,Transient,90.0,0,0
City Hotel,1,329,2015,September,37,11,2,3,2,0.0,0,BB,PRT,Offline TA/TO,TA/TO,0,1,0,A,A,0,Non Refund,5.0,0,Transient,90.0,0,0
City Hotel,1,329,2015,September,37,11,2,3,2,0.0,0,BB,PRT,Offline TA/TO,TA/TO,0,1,0,A,A,0,Non Refund,5.0,0,Transient,90.0,0,0
City Hotel,1,329,2015,September,37,11,2,3,2,0.0,0,BB,PRT,Offline TA/TO,TA/TO,0,1,0,A,A,0,Non Refund,5.0,0,Transient,90.0,0,0
City Hotel,1,159,2015,July,30,25,1,1,2,0.0,0,BB,PRT,Online TA,TA/TO,0,1,0,A,A,0,No Deposit,9.0,0,Transient,76.5,0,1
City Hotel,1,148,2015,July,31,29,0,2,2,0.0,0,BB,PRT,Online TA,TA/TO,0,1,0,A,A,0,No Deposit,9.0,0,Transient,85.5,0,1
City Hotel,1,148,2015,July,31,29,0,2,2,0.0,0,BB,PRT,Online TA,TA/TO,0,1,0,A,A,0,No Deposit,9.0,0,Transient,76.5,0,2
City Hotel,1,199,2015,August,33,10,1,5,2,0.0,0,BB,PRT,Online TA,TA/TO,0,1,0,A,A,1,No Deposit,9.0,0,Transient,76.5,0,2
City Hotel,0,241,2015,October,43,19,1,2,2,0.0,0,BB,USA,Groups,TA/TO,0,0,0,A,A,0,No Deposit,1.0,0,Transient-Party,60.0,0,0
City Hotel,1,241,2015,October,43,19,1,2,2,0.0,0,BB,PRT,Groups,TA/TO,0,1,0,A,A,0,No Deposit,1.0,0,Transient-Party,60.0,0,0
City Hotel,0,241,2015,October,43,19,1,2,2,0.0,0,BB,USA,Groups,TA/TO,0,0,0,A,A,0,No Deposit,1.0,0,Transient-Party,60.0,0,0
City Hotel,0,241,2015,October,43,19,1,2,2,0.0,0,BB,USA,Groups,TA/TO,0,0,0,A,A,0,No Deposit,1.0,0,Transient-Party,60.0,0,0
City Hotel,0,241,2015,October,43,19,1,2,2,0.0,0,BB,USA,Groups,TA/TO,0,0,0,A,A,0,No Deposit,1.0,0,Transient-Party,60.0,0,0
City Hotel,0,241,2015,October,43,19,1,2,2,0.0,0,BB,USA,Groups,TA/TO,0,0,0,A,A,0,No Deposit,1.0,0,Transient-Party,60.0,0,0
City Hotel,0,241,2015,October,43,19,1,2,2,0.0,0,BB,USA,Groups,TA/TO,0,0,0,A,A,0,No Deposit,1.0,0,Transient-Party,60.0,0,0
City Hotel,0,241,2015,October,43,19,1,2,2,0.0,0,BB,USA,Groups,TA/TO,0,0,0,A,A,0,No Deposit,1.0,0,Transient-Party,60.0,0,0
City Hotel,0,241,2015,October,43,19,1,2,2,0.0,0,BB,USA,Groups,TA/TO,0,0,0,A,A,0,No Deposit,1.0,0,Transient-Party,60.0,0,0
City Hotel,0,241,2015,October,43,19,1,2,2,0.0,0,BB,USA,Groups,TA/TO,0,0,0,A,A,0,No Deposit,1.0,0,Transient-Party,60.0,0,0
City Hotel,1,241,2015,October,43,19,1,2,2,0.0,0,BB,PRT,Groups,TA/TO,0,1,0,A,A,0,Non Refund,1.0,0,Transient,60.0,0,0
City Hotel,1,241,2015,October,43,19,1,2,2,0.0,0,BB,PRT,Groups,TA/TO,0,1,0,A,A,0,Non Refund,1.0,0,Transient,60.0,0,0
City Hotel,1,241,2015,October,43,19,1,2,2,0.0,0,BB,PRT,Groups,TA/TO,0,1,0,A,A,0,Non Refund,1.0,0,Transient,60.0,0,0
City Hotel,1,241,2015,October,43,19,1,2,2,0.0,0,BB,PRT,Groups,TA/TO,0,1,0,A,A,0,Non Refund,1.0,0,Transient,60.0,0,0
City Hotel,1,241,2015,October,43,19,1,2,2,0.0,0,BB,PRT,Groups,TA/TO,0,1,0,A,A,0,Non Refund,1.0,0,Transient,60.0,0,0
City Hotel,1,336,2015,September,38,18,0,2,2,0.0,0,HB,PRT,Offline TA/TO,TA/TO,0,1,0,A,A,0,Non Refund,6.0,0,Transient-Party,109.0,0,0
City Hotel,1,336,2015,September,38,18,0,2,2,0.0,0,HB,PRT,Offline TA/TO,TA/TO,0,1,0,A,A,0,Non Refund,6.0,0,Transient-Party,109.0,0,0
City Hotel,1,336,2015,September,38,18,0,2,2,0.0,0,HB,PRT,Offline TA/TO,TA/TO,0,1,0,A,A,0,Non Refund,6.0,0,Transient-Party,109.0,0,0
City Hotel,1,336,2015,September,38,18,0,2,2,0.0,0,HB,PRT,Offline TA/TO,TA/TO,0,1,0,A,A,0,Non Refund,6.0,0,Transient-Party,109.0,0,0
City Hotel,1,336,2015,September,38,18,0,2,2,0.0,0,HB,PRT,Offline TA/TO,TA/TO,0,1,0,A,A,0,Non Refund,6.0,0,Transient-Party,109.0,0,0
City Hotel,1,336,2015,September,38,18,0,2,2,0.0,0,HB,PRT,Offline TA/TO,TA/TO,0,1,0,A,A,0,Non Refund,6.0,0,Transient-Party,109.0,0,0
City Hotel,1,336,2015,September,38,18,0,2,2,0.0,0,HB,PRT,Offline TA/TO,TA/TO,0,1,0,A,A,0,Non Refund,6.0,0,Transient-Party,109.0,0,0
City Hotel,1,336,2015,September,38,18,0,2,2,0.0,0,HB,PRT,Offline TA/TO,TA/TO,0,1,0,A,A,0,Non Refund,6.0,0,Transient-Party,109.0,0,0
City Hotel,1,336,2015,September,38,18,0,2,2,0.0,0,HB,PRT,Offline TA/TO,TA/TO,0,1,0,A,A,0,Non Refund,6.0,0,Transient-Party,109.0,0,0
City Hotel,1,364,2015,October,42,16,0,2,2,0.0,0,HB,PRT,Offline TA/TO,TA/TO,0,1,0,A,A,0,Non Refund,6.0,0,Transient-Party,109.0,0,0
City Hotel,1,364,2015,October,42,16,0,2,2,0.0,0,HB,PRT,Offline TA/TO,TA/TO,0,1,0,A,A,0,Non Refund,6.0,0,Transient-Party,109.0,0,0
City Hotel,1,364,2015,October,42,16,0,2,2,0.0,0,HB,PRT,Offline TA/TO,TA/TO,0,1,0,A,A,0,Non Refund,6.0,0,Transient-Party,109.0,0,0
City Hotel,1,364,2015,October,42,16,0,2,2,0.0,0,HB,PRT,Offline TA/TO,TA/TO,0,1,0,A,A,0,Non Refund,6.0,0,Transient-Party,109.0,0,0
City Hotel,1,364,2015,October,42,16,0,2,2,0.0,0,HB,PRT,Offline TA/TO,TA/TO,0,1,0,A,A,0,Non Refund,6.0,0,Transient-Party,109.0,0,0
City Hotel,1,364,2015,October,42,16,0,2,2,0.0,0,HB,PRT,Offline TA/TO,TA/TO,0,1,0,A,A,0,Non Refund,6.0,0,Transient-Party,109.0,0,0
City Hotel,1,216,2015,August,32,5,2,4,2,0.0,0,BB,PRT,Online TA,TA/TO,0,1,0,A,A,0,No Deposit,9.0,0,Transient,76.5,0,0
City Hotel,1,238,2015,September,38,18,2,3,2,0.0,0,BB,PRT,Online TA,TA/TO,0,1,0,A,A,0,No Deposit,8.0,0,Transient,89.25,0,2
City Hotel,1,150,2015,August,32,6,0,2,2,0.0,0,BB,PRT,Online TA,TA/TO,0,1,0,A,A,1,No Deposit,9.0,0,Transient,76.5,0,1
City Hotel,1,181,2015,July,30,23,2,3,2,0.0,0,BB,PRT,Online TA,TA/TO,0,1,0,A,A,0,No Deposit,9.0,0,Transient-Party,76.5,0,2
City Hotel,1,181,2015,July,30,23,2,3,2,0.0,0,BB,PRT,Online TA,TA/TO,0,1,0,A,A,0,No Deposit,9.0,0,Transient-Party,76.5,0,2
City Hotel,1,182,2015,July,27,2,1,3,2,0.0,0,BB,PRT,Online TA,TA/TO,0,1,0,A,A,0,No Deposit,9.0,0,Transient,76.5,0,2
City Hotel,0,252,2016,October,43,19,0,3,2,0.0,0,SC,AUS,Online TA,TA/TO,1,0,1,A,A,4,No Deposit,9.0,0,Transient,85.5,0,3
City Hotel,1,173,2015,July,30,25,2,4,2,0.0,0,BB,PRT,Online TA,TA/TO,0,1,0,A,A,0,No Deposit,9.0,0,Transient,76.5,0,1
City Hotel,1,221,2015,September,37,10,1,3,2,0.0,0,BB,PRT,Online TA,TA/TO,0,1,0,A,A,0,No Deposit,9.0,0,Transient-Party,89.25,0,3
City Hotel,1,221,2015,September,37,10,1,3,2,0.0,0,BB,PRT,Online TA,TA/TO,0,1,0,A,A,0,No Deposit,9.0,0,Transient-Party,89.25,0,3
City Hotel,1,221,2015,September,37,10,1,3,2,0.0,0,BB,PRT,Online TA,TA/TO,0,1,0,A,A,0,No Deposit,9.0,0,Transient-Party,89.25,0,3
City Hotel,1,204,2015,September,36,4,1,2,2,0.0,0,BB,PRT,Offline TA/TO,TA/TO,0,1,0,A,A,0,No Deposit,16.0,0,Transient,66.13,0,0
City Hotel,1,335,2015,September,38,17,0,1,2,0.0,0,BB,PRT,Offline TA/TO,TA/TO,0,1,0,A,A,0,Non Refund,5.0,0,Transient,85.0,0,0
City Hotel,1,335,2015,September,38,17,0,1,2,0.0,0,BB,PRT,Offline TA/TO,TA/TO,0,1,0,A,A,0,Non Refund,5.0,0,Transient,85.0,0,0
City Hotel,1,335,2015,September,38,17,0,1,2,0.0,0,BB,PRT,Offline TA/TO,TA/TO,0,1,0,A,A,0,Non Refund,5.0,0,Transient,85.0,0,0
City Hotel,1,335,2015,September,38,17,0,1,2,0.0,0,BB,PRT,Offline TA/TO,TA/TO,0,1,0,A,A,0,Non Refund,5.0,0,Transient,85.0,0,0
City Hotel,1,335,2015,September,38,17,0,1,2,0.0,0,BB,PRT,Offline TA/TO,TA/TO,0,1,0,A,A,0,Non Refund,5.0,0,Transient,85.0,0,0
City Hotel,1,335,2015,September,38,17,0,1,2,0.0,0,BB,PRT,Offline TA/TO,TA/TO,0,1,0,A,A,0,Non Refund,5.0,0,Transient,85.0,0,0
City Hotel,1,335,2015,September,38,17,0,1,2,0.0,0,BB,PRT,Offline TA/TO,TA/TO,0,1,0,A,A,0,Non Refund,5.0,0,Transient,85.0,0,0
City Hotel,1,335,2015,September,38,17,0,1,2,0.0,0,BB,PRT,Offline TA/TO,TA/TO,0,1,0,A,A,0,Non Refund,5.0,0,Transient,85.0,0,0
City Hotel,1,335,2015,September,38,17,0,1,2,0.0,0,BB,PRT,Offline TA/TO,TA/TO,0,1,0,A,A,0,Non Refund,5.0,0,Transient,85.0,0,0
City Hotel,1,335,2015,September,38,17,0,1,2,0.0,0,BB,PRT,Offline TA/TO,TA/TO,0,1,0,A,A,0,Non Refund,5.0,0,Transient,85.0,0,0
City Hotel,1,335,2015,September,38,17,0,1,2,0.0,0,BB,PRT,Offline TA/TO,TA/TO,0,1,0,A,A,0,Non Refund,5.0,0,Transient,85.0,0,0
City Hotel,1,335,2015,September,38,17,0,1,2,0.0,0,BB,PRT,Offline TA/TO,TA/TO,0,1,0,A,A,0,Non Refund,5.0,0,Transient,85.0,0,0
City Hotel,1,335,2015,September,38,17,0,1,2,0.0,0,BB,PRT,Offline TA/TO,TA/TO,0,1,0,A,A,0,Non Refund,5.0,0,Transient,85.0,0,0
City Hotel,1,335,2015,September,38,17,0,1,2,0.0,0,BB,PRT,Offline TA/TO,TA/TO,0,1,0,A,A,0,Non Refund,5.0,0,Transient,85.0,0,0
City Hotel,1,335,2015,September,38,17,0,1,2,0.0,0,BB,PRT,Offline TA/TO,TA/TO,0,1,0,A,A,0,Non Refund,5.0,0,Transient,85.0,0,0
City Hotel,1,335,2015,September,38,17,0,1,2,0.0,0,BB,PRT,Offline TA/TO,TA/TO,0,1,0,A,A,0,Non Refund,5.0,0,Transient,85.0,0,0
City Hotel,1,335,2015,September,38,17,0,1,2,0.0,0,BB,PRT,Offline TA/TO,TA/TO,0,1,0,A,A,0,Non Refund,5.0,0,Transient,85.0,0,0
City Hotel,1,335,2015,September,38,17,0,1,2,0.0,0,BB,PRT,Offline TA/TO,TA/TO,0,1,0,A,A,0,Non Refund,5.0,0,Transient,85.0,0,0
City Hotel,1,335,2015,September,38,17,0,1,2,0.0,0,BB,PRT,Offline TA/TO,TA/TO,0,1,0,A,A,0,Non Refund,5.0,0,Transient,85.0,0,0
City Hotel,1,335,2015,September,38,17,0,1,2,0.0,0,BB,PRT,Offline TA/TO,TA/TO,0,1,0,A,A,0,Non Refund,5.0,0,Transient,85.0,0,0
City Hotel,1,335,2015,September,38,17,0,1,2,0.0,0,BB,PRT,Offline TA/TO,TA/TO,0,1,0,A,A,0,Non Refund,5.0,0,Transient,85.0,0,0
City Hotel,1,335,2015,September,38,17,0,1,2,0.0,0,BB,PRT,Offline TA/TO,TA/TO,0,1,0,A,A,0,Non Refund,5.0,0,Transient,85.0,0,0
City Hotel,1,185,2015,July,28,5,3,5,2,0.0,0,BB,PRT,Online TA,TA/TO,0,1,0,A,A,0,No Deposit,9.0,0,Transient,76.5,0,0
City Hotel,1,185,2015,July,28,5,4,6,2,0.0,0,BB,PRT,Online TA,TA/TO,0,1,0,A,A,0,No Deposit,9.0,0,Transient,76.5,0,0
City Hotel,1,138,2015,July,28,5,2,2,2,0.0,0,BB,PRT,Online TA,TA/TO,0,1,0,A,A,0,No Deposit,9.0,0,Transient-Party,76.5,0,2
City Hotel,1,164,2015,August,33,14,0,1,2,0.0,0,BB,PRT,Groups,TA/TO,0,1,0,A,A,0,Non Refund,1.0,0,Transient,60.0,0,0
City Hotel,1,164,2015,August,33,14,0,1,2,0.0,0,BB,PRT,Groups,TA/TO,0,1,0,A,A,0,Non Refund,1.0,0,Transient,60.0,0,0
City Hotel,1,164,2015,August,33,14,0,1,2,0.0,0,BB,PRT,Groups,TA/TO,0,1,0,A,A,0,Non Refund,1.0,0,Transient,60.0,0,0
City Hotel,1,164,2015,August,33,14,0,1,2,0.0,0,BB,PRT,Groups,TA/TO,0,1,0,A,A,0,Non Refund,1.0,0,Transient,60.0,0,0
City Hotel,1,164,2015,August,33,14,0,1,2,0.0,0,BB,PRT,Groups,TA/TO,0,1,0,A,A,0,Non Refund,1.0,0,Transient,60.0,0,0
City Hotel,1,164,2015,August,33,14,0,1,2,0.0,0,BB,PRT,Groups,TA/TO,0,1,0,A,A,0,Non Refund,1.0,0,Transient,60.0,0,0
City Hotel,1,164,2015,August,33,14,0,1,2,0.0,0,BB,PRT,Groups,TA/TO,0,1,0,A,A,0,Non Refund,1.0,0,Transient,60.0,0,0
City Hotel,1,164,2015,August,33,14,0,1,2,0.0,0,BB,PRT,Groups,TA/TO,0,1,0,A,A,0,Non Refund,1.0,0,Transient,60.0,0,0
City Hotel,1,164,2015,August,33,14,0,1,2,0.0,0,BB,PRT,Groups,TA/TO,0,1,0,A,A,0,Non Refund,1.0,0,Transient,60.0,0,0
City Hotel,1,164,2015,August,33,14,0,1,2,0.0,0,BB,PRT,Groups,TA/TO,0,1,0,A,A,0,Non Refund,1.0,0,Transient,60.0,0,0
City Hotel,1,164,2015,August,33,14,0,1,2,0.0,0,BB,PRT,Groups,TA/TO,0,1,0,A,A,0,Non Refund,1.0,0,Transient,60.0,0,0
City Hotel,1,153,2015,August,32,3,1,2,2,0.0,0,BB,PRT,Groups,TA/TO,0,1,0,A,A,0,Non Refund,1.0,0,Transient,60.0,0,0
City Hotel,1,153,2015,August,32,3,1,2,2,0.0,0,BB,PRT,Groups,TA/TO,0,1,0,A,A,0,Non Refund,1.0,0,Transient,60.0,0,0
City Hotel,1,153,2015,August,32,3,1,2,2,0.0,0,BB,PRT,Groups,TA/TO,0,1,0,A,A,0,Non Refund,1.0,0,Transient,60.0,0,0
City Hotel,1,153,2015,August,32,3,1,2,2,0.0,0,BB,PRT,Groups,TA/TO,0,1,0,A,A,0,Non Refund,1.0,0,Transient,60.0,0,0
City Hotel,1,153,2015,August,32,3,1,2,2,0.0,0,BB,PRT,Groups,TA/TO,0,1,0,A,A,0,Non Refund,1.0,0,Transient,60.0,0,0
City Hotel,1,153,2015,August,32,3,1,2,2,0.0,0,BB,PRT,Groups,TA/TO,0,1,0,A,A,0,Non Refund,1.0,0,Transient,60.0,0,0
City Hotel,1,153,2015,August,32,3,1,2,2,0.0,0,BB,PRT,Groups,TA/TO,0,1,0,A,A,0,Non Refund,1.0,0,Transient,60.0,0,0
City Hotel,1,153,2015,August,32,3,1,2,2,0.0,0,BB,PRT,Groups,TA/TO,0,1,0,A,A,0,Non Refund,1.0,0,Transient,60.0,0,0
City Hotel,1,153,2015,August,32,3,1,2,2,0.0,0,BB,PRT,Groups,TA/TO,0,1,0,A,A,0,Non Refund,1.0,0,Transient,60.0,0,0
City Hotel,1,153,2015,August,32,3,1,2,2,0.0,0,BB,PRT,Groups,TA/TO,0,1,0,A,A,0,Non Refund,1.0,0,Transient,60.0,0,0
City Hotel,1,153,2015,August,32,3,1,2,2,0.0,0,BB,PRT,Groups,TA/TO,0,1,0,A,A,0,Non Refund,1.0,0,Transient,60.0,0,0
City Hotel,1,153,2015,August,32,3,1,2,2,0.0,0,BB,PRT,Groups,TA/TO,0,1,0,A,A,0,Non Refund,1.0,0,Transient,60.0,0,0
City Hotel,1,164,2015,August,33,14,0,1,2,0.0,0,BB,PRT,Groups,TA/TO,0,1,0,A,A,0,Non Refund,1.0,0,Transient,60.0,0,0
City Hotel,1,164,2015,August,33,14,0,1,2,0.0,0,BB,PRT,Groups,TA/TO,0,1,0,A,A,0,Non Refund,1.0,0,Transient,60.0,0,0
City Hotel,1,231,2015,September,37,10,1,3,2,0.0,0,BB,GBR,Online TA,TA/TO,0,1,0,A,A,0,No Deposit,9.0,0,Transient,89.25,0,0
City Hotel,1,166,2015,August,31,1,2,1,2,0.0,0,BB,PRT,Online TA,TA/TO,0,1,0,A,A,0,No Deposit,9.0,0,Transient,76.5,0,2
City Hotel,1,152,2015,July,29,14,2,8,2,0.0,0,BB,PRT,Online TA,TA/TO,0,1,0,A,A,0,No Deposit,9.0,0,Transient-Party,76.5,0,1
City Hotel,1,152,2015,July,29,14,2,8,2,0.0,0,BB,PRT,Online TA,TA/TO,0,1,0,A,A,0,No Deposit,9.0,0,Transient-Party,76.5,0,1
City Hotel,1,135,2015,July,29,15,0,2,2,0.0,0,BB,PRT,Online TA,TA/TO,0,1,0,A,A,0,No Deposit,7.0,0,Transient,58.9,0,0
City Hotel,1,174,2015,July,30,20,1,3,2,0.0,0,BB,PRT,Online TA,TA/TO,0,1,0,A,A,0,No Deposit,9.0,0,Transient,76.5,0,0
City Hotel,1,326,2015,September,37,8,0,1,2,0.0,0,BB,PRT,Groups,TA/TO,0,1,0,A,A,0,Non Refund,1.0,0,Transient,60.0,0,0
City Hotel,1,326,2015,September,37,8,0,1,2,0.0,0,BB,PRT,Groups,TA/TO,0,1,0,A,A,0,Non Refund,1.0,0,Transient,60.0,0,0
City Hotel,1,326,2015,September,37,8,0,1,2,0.0,0,BB,PRT,Groups,TA/TO,0,1,0,A,A,0,Non Refund,1.0,0,Transient,60.0,0,0
City Hotel,1,326,2015,September,37,8,0,1,2,0.0,0,BB,PRT,Groups,TA/TO,0,1,0,A,A,0,Non Refund,1.0,0,Transient,60.0,0,0
City Hotel,1,326,2015,September,37,8,0,1,2,0.0,0,BB,PRT,Groups,TA/TO,0,1,0,A,A,0,Non Refund,1.0,0,Transient,60.0,0,0
City Hotel,1,326,2015,September,37,8,0,1,2,0.0,0,BB,PRT,Groups,TA/TO,0,1,0,A,A,0,Non Refund,1.0,0,Transient,60.0,0,0
City Hotel,1,326,2015,September,37,8,0,1,2,0.0,0,BB,PRT,Groups,TA/TO,0,1,0,A,A,0,Non Refund,1.0,0,Transient,60.0,0,0
City Hotel,1,326,2015,September,37,8,0,1,2,0.0,0,BB,PRT,Groups,TA/TO,0,1,0,A,A,0,Non Refund,1.0,0,Transient,60.0,0,0
City Hotel,1,326,2015,September,37,8,0,1,2,0.0,0,BB,PRT,Groups,TA/TO,0,1,0,A,A,0,Non Refund,1.0,0,Transient,60.0,0,0
City Hotel,1,326,2015,September,37,8,0,1,2,0.0,0,BB,PRT,Groups,TA/TO,0,1,0,A,A,0,Non Refund,1.0,0,Transient,60.0,0,0
City Hotel,1,326,2015,September,37,8,0,1,2,0.0,0,BB,PRT,Groups,TA/TO,0,1,0,A,A,0,Non Refund,1.0,0,Transient,60.0,0,0
City Hotel,1,326,2015,September,37,8,0,1,2,0.0,0,BB,PRT,Groups,TA/TO,0,1,0,A,A,0,Non Refund,1.0,0,Transient,60.0,0,0
City Hotel,1,326,2015,September,37,8,0,1,2,0.0,0,BB,PRT,Groups,TA/TO,0,1,0,A,A,0,Non Refund,1.0,0,Transient,60.0,0,0
City Hotel,1,326,2015,September,37,8,0,1,2,0.0,0,BB,PRT,Groups,TA/TO,0,1,0,A,A,0,Non Refund,1.0,0,Transient,60.0,0,0
City Hotel,1,326,2015,September,37,8,0,1,2,0.0,0,BB,PRT,Groups,TA/TO,0,1,0,A,A,0,Non Refund,1.0,0,Transient,60.0,0,0
City Hotel,1,326,2015,September,37,8,0,1,2,0.0,0,BB,PRT,Groups,TA/TO,0,1,0,A,A,0,Non Refund,1.0,0,Transient,60.0,0,0
City Hotel,1,326,2015,September,37,8,0,1,2,0.0,0,BB,PRT,Groups,TA/TO,0,1,0,A,A,0,Non Refund,1.0,0,Transient,60.0,0,0
City Hotel,1,326,2015,September,37,8,0,1,2,0.0,0,BB,PRT,Groups,TA/TO,0,1,0,A,A,0,Non Refund,1.0,0,Transient,60.0,0,0
City Hotel,1,326,2015,September,37,8,0,1,2,0.0,0,BB,PRT,Groups,TA/TO,0,1,0,A,A,0,Non Refund,1.0,0,Transient,60.0,0,0
City Hotel,1,326,2015,September,37,8,0,1,2,0.0,0,BB,PRT,Groups,TA/TO,0,1,0,A,A,0,Non Refund,1.0,0,Transient,60.0,0,0
City Hotel,1,326,2015,September,37,8,0,1,2,0.0,0,BB,PRT,Groups,TA/TO,0,1,0,A,A,0,Non Refund,1.0,0,Transient,60.0,0,0
City Hotel,1,326,2015,September,37,8,0,1,2,0.0,0,BB,PRT,Groups,TA/TO,0,1,0,A,A,0,Non Refund,1.0,0,Transient,60.0,0,0
City Hotel,1,136,2015,July,29,17,1,2,2,0.0,0,BB,PRT,Groups,TA/TO,0,1,0,A,A,0,No Deposit,1.0,0,Transient,60.0,0,0
City Hotel,1,136,2015,July,29,17,1,2,2,0.0,0,BB,PRT,Groups,TA/TO,0,1,0,A,A,0,No Deposit,1.0,0,Transient,60.0,0,0
City Hotel,1,136,2015,July,29,17,1,2,2,0.0,0,BB,PRT,Groups,TA/TO,0,1,0,A,A,0,No Deposit,1.0,0,Transient,60.0,0,0
City Hotel,1,136,2015,July,29,17,1,2,2,0.0,0,BB,PRT,Groups,TA/TO,0,1,0,A,A,0,No Deposit,1.0,0,Transient,60.0,0,0
City Hotel,1,136,2015,July,29,17,1,2,2,0.0,0,BB,PRT,Groups,TA/TO,0,1,0,A,A,0,No Deposit,1.0,0,Transient,60.0,0,0
City Hotel,1,136,2015,July,29,17,1,2,2,0.0,0,BB,PRT,Groups,TA/TO,0,1,0,A,A,0,No Deposit,1.0,0,Transient,60.0,0,0
City Hotel,1,136,2015,July,29,17,1,2,2,0.0,0,BB,PRT,Groups,TA/TO,0,1,0,A,A,0,No Deposit,1.0,0,Transient,60.0,0,0
City Hotel,1,136,2015,July,29,17,1,2,2,0.0,0,BB,PRT,Groups,TA/TO,0,1,0,A,A,0,No Deposit,1.0,0,Transient,60.0,0,0
City Hotel,1,136,2015,July,29,17,1,2,2,0.0,0,BB,PRT,Groups,TA/TO,0,1,0,A,A,0,No Deposit,1.0,0,Transient,60.0,0,0
City Hotel,1,136,2015,July,29,17,1,2,2,0.0,0,BB,PRT,Groups,TA/TO,0,1,0,A,A,0,No Deposit,1.0,0,Transient,60.0,0,0
City Hotel,1,136,2015,July,29,17,1,2,2,0.0,0,BB,PRT,Groups,TA/TO,0,1,0,A,A,0,No Deposit,1.0,0,Transient,60.0,0,0
City Hotel,1,136,2015,July,29,17,1,2,2,0.0,0,BB,PRT,Groups,TA/TO,0,1,0,A,A,0,No Deposit,1.0,0,Transient,60.0,0,0
City Hotel,1,136,2015,July,29,17,1,2,2,0.0,0,BB,PRT,Groups,TA/TO,0,1,0,A,A,0,No Deposit,1.0,0,Transient,60.0,0,0
City Hotel,1,136,2015,July,29,17,1,2,2,0.0,0,BB,PRT,Groups,TA/TO,0,1,0,A,A,0,No Deposit,1.0,0,Transient,60.0,0,0
City Hotel,1,136,2015,July,29,17,1,2,2,0.0,0,BB,PRT,Groups,TA/TO,0,1,0,A,A,0,No Deposit,1.0,0,Transient,60.0,0,0
City Hotel,1,136,2015,July,29,17,1,2,2,0.0,0,BB,PRT,Groups,TA/TO,0,1,0,A,A,0,No Deposit,1.0,0,Transient,60.0,0,0
City Hotel,1,211,2015,August,34,22,2,5,2,0.0,0,BB,PRT,Online TA,TA/TO,0,1,0,A,A,0,No Deposit,7.0,0,Transient,55.96,0,0
City Hotel,1,150,2015,July,30,23,2,3,2,0.0,0,BB,PRT,Online TA,TA/TO,0,1,0,A,A,1,No Deposit,9.0,0,Transient,76.5,0,1
City Hotel,1,235,2015,September,38,18,2,3,2,0.0,0,BB,PRT,Online TA,TA/TO,0,1,0,A,A,0,No Deposit,9.0,0,Transient-Party,89.25,0,2
City Hotel,1,235,2015,September,38,18,2,3,2,0.0,0,BB,PRT,Online TA,TA/TO,0,1,0,A,A,0,No Deposit,9.0,0,Transient-Party,89.25,0,2
City Hotel,1,235,2015,September,38,18,2,3,2,0.0,0,BB,PRT,Online TA,TA/TO,0,1,0,A,A,0,No Deposit,9.0,0,Transient-Party,89.25,0,2
City Hotel,1,178,2015,July,30,23,2,3,2,0.0,0,BB,PRT,Online TA,TA/TO,0,1,0,A,A,0,No Deposit,9.0,0,Transient,76.5,0,2
City Hotel,1,224,2015,October,40,2,1,2,2,0.0,0,BB,PRT,Offline TA/TO,TA/TO,0,1,0,A,A,0,No Deposit,3.0,0,Transient-Party,65.0,0,0
City Hotel,1,174,2015,August,32,3,1,1,2,0.0,0,BB,PRT,Direct,Direct,0,1,0,B,B,0,No Deposit,14.0,0,Transient-Party,90.0,0,1
City Hotel,1,174,2015,August,32,3,1,1,2,0.0,0,BB,PRT,Direct,Direct,0,1,0,B,B,0,No Deposit,14.0,0,Transient-Party,90.0,0,1
City Hotel,1,146,2015,July,27,2,0,3,2,0.0,0,BB,PRT,Online TA,TA/TO,0,1,0,A,A,0,No Deposit,9.0,0,Transient,76.5,0,0
City Hotel,1,144,2015,July,29,18,2,5,2,0.0,0,BB,PRT,Online TA,TA/TO,0,1,0,A,A,0,No Deposit,7.0,0,Transient,55.96,0,1
City Hotel,1,269,2015,October,43,22,0,3,2,0.0,0,BB,PRT,Online TA,TA/TO,0,1,0,A,A,0,No Deposit,7.0,0,Transient,65.29,0,1
City Hotel,1,269,2015,October,43,22,0,3,2,0.0,0,BB,PRT,Online TA,TA/TO,0,1,0,A,A,0,No Deposit,7.0,0,Transient,65.29,0,1
City Hotel,1,272,2015,October,43,22,0,3,2,0.0,0,BB,PRT,Online TA,TA/TO,0,1,0,A,A,0,No Deposit,7.0,0,Transient,65.29,0,1
City Hotel,1,153,2015,August,32,3,1,2,2,0.0,0,BB,PRT,Groups,TA/TO,0,1,0,A,A,0,Non Refund,1.0,0,Transient,60.0,0,0
City Hotel,1,153,2015,August,32,3,1,2,2,0.0,0,BB,PRT,Groups,TA/TO,0,1,0,A,A,0,Non Refund,1.0,0,Transient,60.0,0,0
City Hotel,1,153,2015,August,32,3,1,2,2,0.0,0,BB,PRT,Groups,TA/TO,0,1,0,A,A,0,Non Refund,1.0,0,Transient,60.0,0,0
City Hotel,1,153,2015,August,32,3,1,2,2,0.0,0,BB,PRT,Groups,TA/TO,0,1,0,A,A,0,Non Refund,1.0,0,Transient,60.0,0,0
City Hotel,1,153,2015,August,32,3,1,2,2,0.0,0,BB,PRT,Groups,TA/TO,0,1,0,A,A,0,Non Refund,1.0,0,Transient,60.0,0,0
City Hotel,1,153,2015,August,32,3,1,2,2,0.0,0,BB,PRT,Groups,TA/TO,0,1,0,A,A,0,Non Refund,1.0,0,Transient,60.0,0,0
City Hotel,1,153,2015,August,32,3,1,2,2,0.0,0,BB,PRT,Groups,TA/TO,0,1,0,A,A,0,Non Refund,1.0,0,Transient,60.0,0,0
City Hotel,1,153,2015,August,32,3,1,2,2,0.0,0,BB,PRT,Groups,TA/TO,0,1,0,A,A,0,Non Refund,1.0,0,Transient,60.0,0,0
City Hotel,1,153,2015,August,32,3,1,2,2,0.0,0,BB,PRT,Groups,TA/TO,0,1,0,A,A,0,Non Refund,1.0,0,Transient,60.0,0,0
City Hotel,1,153,2015,August,32,3,1,2,2,0.0,0,BB,PRT,Groups,TA/TO,0,1,0,A,A,1,No Deposit,1.0,0,Transient,12.0,0,0
City Hotel,1,164,2015,August,33,14,0,1,2,0.0,0,BB,PRT,Groups,TA/TO,0,1,0,A,A,0,Non Refund,1.0,0,Transient,60.0,0,0
City Hotel,1,164,2015,August,33,14,0,1,2,0.0,0,BB,PRT,Groups,TA/TO,0,1,0,A,A,0,Non Refund,1.0,0,Transient,60.0,0,0
City Hotel,1,164,2015,August,33,14,0,1,2,0.0,0,BB,PRT,Groups,TA/TO,0,1,0,A,A,0,Non Refund,1.0,0,Transient,60.0,0,0
City Hotel,1,164,2015,August,33,14,0,1,2,0.0,0,BB,PRT,Groups,TA/TO,0,1,0,A,A,0,Non Refund,1.0,0,Transient,60.0,0,0
City Hotel,1,164,2015,August,33,14,0,1,2,0.0,0,BB,PRT,Groups,TA/TO,0,1,0,A,A,0,Non Refund,1.0,0,Transient,60.0,0,0
City Hotel,1,164,2015,August,33,14,0,1,2,0.0,0,BB,PRT,Groups,TA/TO,0,1,0,A,A,0,Non Refund,1.0,0,Transient,60.0,0,0
City Hotel,1,164,2015,August,33,14,0,1,2,0.0,0,BB,PRT,Groups,TA/TO,0,1,0,A,A,0,Non Refund,1.0,0,Transient,60.0,0,0
City Hotel,1,164,2015,August,33,14,0,1,2,0.0,0,BB,PRT,Groups,TA/TO,0,1,0,A,A,0,Non Refund,1.0,0,Transient,60.0,0,0
City Hotel,1,164,2015,August,33,14,0,1,2,0.0,0,BB,PRT,Groups,TA/TO,0,1,0,A,A,0,No Deposit,1.0,0,Transient,12.0,0,0
City Hotel,1,257,2015,July,27,1,0,2,2,0.0,0,HB,PRT,Offline TA/TO,TA/TO,0,1,0,A,A,0,No Deposit,6.0,0,Transient,101.5,0,0
City Hotel,1,257,2015,July,27,1,0,2,2,0.0,0,HB,PRT,Offline TA/TO,TA/TO,0,1,0,A,A,0,No Deposit,6.0,0,Transient,101.5,0,0
City Hotel,1,257,2015,July,27,1,0,2,2,0.0,0,HB,PRT,Offline TA/TO,TA/TO,0,1,0,A,A,0,No Deposit,6.0,0,Transient,101.5,0,0
City Hotel,1,257,2015,July,27,1,0,2,2,0.0,0,HB,PRT,Offline TA/TO,TA/TO,0,1,0,A,A,0,No Deposit,6.0,0,Transient,101.5,0,0
City Hotel,1,257,2015,July,27,1,0,2,2,0.0,0,HB,PRT,Offline TA/TO,TA/TO,0,1,0,A,A,0,No Deposit,6.0,0,Transient,101.5,0,0
City Hotel,1,257,2015,July,27,1,0,2,2,0.0,0,HB,PRT,Offline TA/TO,TA/TO,0,1,0,A,A,0,No Deposit,6.0,0,Transient,101.5,0,0
City Hotel,1,257,2015,July,27,1,0,2,2,0.0,0,HB,PRT,Offline TA/TO,TA/TO,0,1,0,A,A,0,No Deposit,6.0,0,Transient,101.5,0,0
City Hotel,1,257,2015,July,27,1,0,2,2,0.0,0,HB,PRT,Offline TA/TO,TA/TO,0,1,0,A,A,0,No Deposit,6.0,0,Transient,101.5,0,0
City Hotel,1,260,2015,July,27,4,2,2,2,0.0,0,BB,PRT,Groups,TA/TO,0,1,0,A,A,0,Non Refund,1.0,0,Transient-Party,62.0,0,0
City Hotel,1,260,2015,July,27,4,2,2,2,0.0,0,BB,PRT,Groups,TA/TO,0,1,0,A,A,0,Non Refund,1.0,0,Transient-Party,62.0,0,0
City Hotel,1,260,2015,July,27,4,2,2,2,0.0,0,BB,PRT,Groups,TA/TO,0,1,0,A,A,0,Non Refund,1.0,0,Transient-Party,62.0,0,0
City Hotel,1,260,2015,July,27,4,2,2,2,0.0,0,BB,PRT,Groups,TA/TO,0,1,0,A,A,0,Non Refund,1.0,0,Transient-Party,62.0,0,0
City Hotel,1,260,2015,July,27,4,2,2,2,0.0,0,BB,PRT,Groups,TA/TO,0,1,0,A,A,0,Non Refund,1.0,0,Transient-Party,62.0,0,0
City Hotel,1,260,2015,July,27,4,2,2,2,0.0,0,BB,PRT,Groups,TA/TO,0,1,0,A,A,0,Non Refund,1.0,0,Transient-Party,62.0,0,0
City Hotel,1,260,2015,July,27,4,2,2,2,0.0,0,BB,PRT,Groups,TA/TO,0,1,0,A,A,0,Non Refund,1.0,0,Transient-Party,62.0,0,0
City Hotel,1,260,2015,July,27,4,2,2,2,0.0,0,BB,PRT,Groups,TA/TO,0,1,0,A,A,0,Non Refund,1.0,0,Transient-Party,62.0,0,0
City Hotel,1,260,2015,July,27,4,2,2,2,0.0,0,BB,PRT,Groups,TA/TO,0,1,0,A,A,0,Non Refund,1.0,0,Transient-Party,62.0,0,0
City Hotel,1,260,2015,July,27,4,2,2,2,0.0,0,BB,PRT,Groups,TA/TO,0,1,0,A,A,0,Non Refund,1.0,0,Transient-Party,62.0,0,0
City Hotel,1,260,2015,July,27,4,2,2,2,0.0,0,BB,PRT,Groups,TA/TO,0,1,0,A,A,0,Non Refund,1.0,0,Transient-Party,62.0,0,0
City Hotel,1,260,2015,July,27,4,2,2,2,0.0,0,BB,PRT,Groups,TA/TO,0,1,0,A,A,0,Non Refund,1.0,0,Transient-Party,62.0,0,0
City Hotel,1,260,2015,July,27,4,2,2,2,0.0,0,BB,PRT,Groups,TA/TO,0,1,0,A,A,0,Non Refund,1.0,0,Transient-Party,62.0,0,0
City Hotel,1,260,2015,July,27,4,2,2,2,0.0,0,BB,PRT,Groups,TA/TO,0,1,0,A,A,0,Non Refund,1.0,0,Transient-Party,62.0,0,0
City Hotel,1,260,2015,July,27,4,2,2,2,0.0,0,BB,PRT,Groups,TA/TO,0,1,0,A,A,0,Non Refund,1.0,0,Transient-Party,62.0,0,0
City Hotel,1,260,2015,July,27,4,2,2,2,0.0,0,BB,PRT,Groups,TA/TO,0,1,0,A,A,0,Non Refund,1.0,0,Transient-Party,62.0,0,0
City Hotel,1,260,2015,July,27,4,2,2,2,0.0,0,BB,PRT,Groups,TA/TO,0,1,0,A,A,0,Non Refund,1.0,0,Transient-Party,62.0,0,0
City Hotel,1,260,2015,July,27,4,2,2,2,0.0,0,BB,PRT,Groups,TA/TO,0,1,0,A,A,0,Non Refund,1.0,0,Transient-Party,62.0,0,0
City Hotel,1,260,2015,July,27,4,2,2,2,0.0,0,BB,PRT,Groups,TA/TO,0,1,0,A,A,0,Non Refund,1.0,0,Transient-Party,62.0,0,0
City Hotel,1,260,2015,July,27,4,2,2,2,0.0,0,BB,PRT,Groups,TA/TO,0,1,0,A,A,0,Non Refund,1.0,0,Transient-Party,62.0,0,0
City Hotel,1,260,2015,July,27,4,2,2,2,0.0,0,BB,PRT,Groups,TA/TO,0,1,0,A,A,0,Non Refund,1.0,0,Transient-Party,62.0,0,0
City Hotel,1,260,2015,July,27,4,2,2,2,0.0,0,BB,PRT,Groups,TA/TO,0,1,0,A,A,0,Non Refund,1.0,0,Transient-Party,62.0,0,0
City Hotel,1,260,2015,July,27,4,2,2,2,0.0,0,BB,PRT,Groups,TA/TO,0,1,0,A,A,0,Non Refund,1.0,0,Transient-Party,62.0,0,0
City Hotel,1,140,2015,July,28,7,0,4,2,0.0,0,BB,PRT,Online TA,TA/TO,0,1,0,A,A,0,No Deposit,9.0,0,Transient,76.5,0,3
City Hotel,1,140,2015,July,28,7,0,4,2,0.0,0,BB,PRT,Online TA,TA/TO,0,1,0,A,A,0,No Deposit,9.0,0,Transient,76.5,0,2
City Hotel,1,181,2015,July,27,1,1,4,2,0.0,0,BB,PRT,Online TA,TA/TO,0,1,0,A,A,0,No Deposit,9.0,0,Transient,76.5,0,0
City Hotel,1,181,2015,July,27,1,0,2,2,0.0,0,BB,PRT,Online TA,TA/TO,0,1,0,A,A,0,No Deposit,9.0,0,Transient-Party,76.5,0,3
City Hotel,1,181,2015,July,27,1,0,2,2,0.0,0,BB,PRT,Online TA,TA/TO,0,1,0,A,A,0,No Deposit,9.0,0,Transient-Party,76.5,0,3
City Hotel,1,122,2015,July,28,9,0,1,2,0.0,0,BB,PRT,Online TA,TA/TO,0,1,0,A,A,0,No Deposit,9.0,0,Transient-Party,76.5,0,1
City Hotel,1,210,2015,July,31,30,1,3,2,0.0,0,BB,PRT,Online TA,TA/TO,0,1,0,A,A,0,No Deposit,9.0,0,Transient,76.5,0,2
City Hotel,1,148,2015,July,28,7,2,5,2,0.0,0,BB,PRT,Online TA,TA/TO,0,1,0,A,A,0,No Deposit,9.0,0,Transient,76.5,0,1
City Hotel,1,147,2015,July,30,21,0,2,2,0.0,0,BB,PRT,Groups,TA/TO,0,1,0,A,A,0,No Deposit,1.0,0,Transient,75.0,0,0
City Hotel,1,155,2015,July,27,2,2,5,2,0.0,0,BB,PRT,Online TA,TA/TO,0,1,0,A,A,1,No Deposit,9.0,0,Transient,76.5,0,1
City Hotel,1,156,2015,July,28,5,4,6,2,0.0,0,BB,PRT,Online TA,TA/TO,0,1,0,A,A,0,No Deposit,9.0,0,Transient,76.5,0,1
City Hotel,1,268,2015,July,29,12,2,1,2,0.0,0,BB,PRT,Offline TA/TO,TA/TO,0,1,0,A,A,0,No Deposit,5.0,0,Transient,82.0,0,0
City Hotel,1,268,2015,July,29,12,2,1,2,0.0,0,BB,PRT,Offline TA/TO,TA/TO,0,1,0,A,A,0,No Deposit,5.0,0,Transient,82.0,0,0
City Hotel,1,268,2015,July,29,12,2,1,2,0.0,0,BB,PRT,Offline TA/TO,TA/TO,0,1,0,A,A,0,No Deposit,5.0,0,Transient,82.0,0,0
City Hotel,1,268,2015,July,29,12,2,1,2,0.0,0,BB,PRT,Offline TA/TO,TA/TO,0,1,0,A,A,0,No Deposit,5.0,0,Transient,82.0,0,0
City Hotel,1,268,2015,July,29,12,2,1,2,0.0,0,BB,PRT,Offline TA/TO,TA/TO,0,1,0,A,A,0,No Deposit,5.0,0,Transient,82.0,0,0
City Hotel,1,268,2015,July,29,12,2,1,2,0.0,0,BB,PRT,Offline TA/TO,TA/TO,0,1,0,A,A,0,No Deposit,5.0,0,Transient,82.0,0,0
City Hotel,1,268,2015,July,29,12,2,1,2,0.0,0,BB,PRT,Offline TA/TO,TA/TO,0,1,0,A,A,0,No Deposit,5.0,0,Transient,82.0,0,0
City Hotel,1,268,2015,July,29,12,2,1,2,0.0,0,BB,PRT,Offline TA/TO,TA/TO,0,1,0,A,A,0,No Deposit,5.0,0,Transient,82.0,0,0
City Hotel,1,268,2015,July,29,12,2,1,2,0.0,0,BB,PRT,Offline TA/TO,TA/TO,0,1,0,A,A,0,No Deposit,5.0,0,Transient,82.0,0,0
City Hotel,1,268,2015,July,29,12,2,1,2,0.0,0,BB,PRT,Offline TA/TO,TA/TO,0,1,0,A,A,0,No Deposit,5.0,0,Transient,82.0,0,0
City Hotel,1,268,2015,July,29,12,2,1,2,0.0,0,BB,PRT,Offline TA/TO,TA/TO,0,1,0,A,A,0,No Deposit,5.0,0,Transient,82.0,0,0
City Hotel,1,268,2015,July,29,12,2,1,2,0.0,0,BB,PRT,Offline TA/TO,TA/TO,0,1,0,A,A,0,No Deposit,5.0,0,Transient,82.0,0,0
City Hotel,1,268,2015,July,29,12,2,1,2,0.0,0,BB,PRT,Offline TA/TO,TA/TO,0,1,0,A,A,0,No Deposit,5.0,0,Transient,82.0,0,0
City Hotel,1,268,2015,July,29,12,2,1,2,0.0,0,BB,PRT,Offline TA/TO,TA/TO,0,1,0,A,A,0,No Deposit,5.0,0,Transient,82.0,0,0
City Hotel,1,268,2015,July,29,12,2,1,2,0.0,0,BB,PRT,Offline TA/TO,TA/TO,0,1,0,A,A,0,No Deposit,5.0,0,Transient,82.0,0,0
City Hotel,1,190,2015,July,28,10,2,2,2,0.0,0,BB,PRT,Online TA,TA/TO,0,1,0,D,D,0,No Deposit,7.0,0,Transient,65.29,0,0
City Hotel,1,219,2015,September,36,4,1,2,2,0.0,0,BB,PRT,Offline TA/TO,TA/TO,0,1,0,A,A,0,No Deposit,3.0,0,Transient-Party,80.0,0,0
City Hotel,1,219,2015,September,36,4,1,2,2,0.0,0,BB,PRT,Offline TA/TO,TA/TO,0,1,0,A,A,0,No Deposit,3.0,0,Transient-Party,80.0,0,0
City Hotel,1,219,2015,September,36,4,1,2,2,0.0,0,BB,PRT,Offline TA/TO,TA/TO,0,1,0,A,A,0,No Deposit,3.0,0,Transient-Party,80.0,0,0
City Hotel,1,219,2015,September,36,4,1,2,2,0.0,0,BB,PRT,Offline TA/TO,TA/TO,0,1,0,A,A,0,No Deposit,3.0,0,Transient-Party,80.0,0,0
City Hotel,1,219,2015,September,36,4,1,2,2,0.0,0,BB,PRT,Offline TA/TO,TA/TO,0,1,0,A,A,0,No Deposit,3.0,0,Transient-Party,80.0,0,0
City Hotel,1,219,2015,September,36,4,1,2,2,0.0,0,BB,PRT,Offline TA/TO,TA/TO,0,1,0,A,A,0,No Deposit,3.0,0,Transient-Party,80.0,0,0
City Hotel,1,219,2015,September,36,4,1,2,2,0.0,0,BB,PRT,Offline TA/TO,TA/TO,0,1,0,A,A,0,No Deposit,3.0,0,Transient-Party,80.0,0,0
City Hotel,1,219,2015,September,36,4,1,2,2,0.0,0,BB,PRT,Offline TA/TO,TA/TO,0,1,0,A,A,0,No Deposit,3.0,0,Transient-Party,80.0,0,0
City Hotel,1,219,2015,September,36,4,1,2,2,0.0,0,BB,PRT,Offline TA/TO,TA/TO,0,1,0,A,A,0,No Deposit,3.0,0,Transient-Party,80.0,0,0
City Hotel,1,219,2015,September,36,4,1,2,2,0.0,0,BB,PRT,Offline TA/TO,TA/TO,0,1,0,A,A,0,No Deposit,3.0,0,Transient-Party,80.0,0,0
City Hotel,1,149,2015,July,28,8,0,4,2,0.0,0,BB,PRT,Online TA,TA/TO,0,1,0,A,A,0,No Deposit,9.0,0,Transient,76.5,0,2
City Hotel,1,264,2015,July,28,8,0,2,2,0.0,0,BB,PRT,Groups,TA/TO,0,1,0,A,A,0,No Deposit,1.0,0,Transient-Party,62.0,0,0
City Hotel,1,264,2015,July,28,8,0,2,2,0.0,0,BB,PRT,Groups,TA/TO,0,1,0,A,A,0,No Deposit,1.0,0,Transient-Party,62.0,0,0
City Hotel,1,264,2015,July,28,8,0,2,2,0.0,0,BB,PRT,Groups,TA/TO,0,1,0,A,A,0,No Deposit,1.0,0,Transient-Party,62.0,0,0
City Hotel,1,264,2015,July,28,8,0,2,2,0.0,0,BB,PRT,Groups,TA/TO,0,1,0,A,A,0,No Deposit,1.0,0,Transient-Party,62.0,0,0
City Hotel,1,264,2015,July,28,8,0,2,2,0.0,0,BB,PRT,Groups,TA/TO,0,1,0,A,A,0,No Deposit,1.0,0,Transient-Party,62.0,0,0
City Hotel,1,264,2015,July,28,8,0,2,2,0.0,0,BB,PRT,Groups,TA/TO,0,1,0,A,A,0,No Deposit,1.0,0,Transient-Party,62.0,0,0
City Hotel,1,264,2015,July,28,8,0,2,2,0.0,0,BB,PRT,Groups,TA/TO,0,1,0,A,A,0,No Deposit,1.0,0,Transient-Party,62.0,0,0
City Hotel,1,264,2015,July,28,8,0,2,2,0.0,0,BB,PRT,Groups,TA/TO,0,1,0,A,A,0,No Deposit,1.0,0,Transient-Party,62.0,0,0
City Hotel,1,264,2015,July,28,8,0,2,2,0.0,0,BB,PRT,Groups,TA/TO,0,1,0,A,A,0,No Deposit,1.0,0,Transient-Party,62.0,0,0
City Hotel,1,264,2015,July,28,8,0,2,2,0.0,0,BB,PRT,Groups,TA/TO,0,1,0,A,A,0,No Deposit,1.0,0,Transient-Party,62.0,0,0
City Hotel,1,271,2015,July,29,15,0,2,2,0.0,0,BB,PRT,Groups,TA/TO,0,1,0,A,A,0,Non Refund,1.0,0,Transient-Party,62.0,0,0
City Hotel,1,271,2015,July,29,15,0,2,2,0.0,0,BB,PRT,Groups,TA/TO,0,1,0,A,A,0,Non Refund,1.0,0,Transient-Party,62.0,0,0
City Hotel,1,271,2015,July,29,15,0,2,2,0.0,0,BB,PRT,Groups,TA/TO,0,1,0,A,A,0,Non Refund,1.0,0,Transient-Party,62.0,0,0
City Hotel,1,271,2015,July,29,15,0,2,2,0.0,0,BB,PRT,Groups,TA/TO,0,1,0,A,A,0,Non Refund,1.0,0,Transient-Party,62.0,0,0
City Hotel,1,271,2015,July,29,15,0,2,2,0.0,0,BB,PRT,Groups,TA/TO,0,1,0,A,A,0,Non Refund,1.0,0,Transient-Party,62.0,0,0
City Hotel,1,271,2015,July,29,15,0,2,2,0.0,0,BB,PRT,Groups,TA/TO,0,1,0,A,A,0,Non Refund,1.0,0,Transient-Party,62.0,0,0
City Hotel,1,271,2015,July,29,15,0,2,2,0.0,0,BB,PRT,Groups,TA/TO,0,1,0,A,A,0,Non Refund,1.0,0,Transient-Party,62.0,0,0
City Hotel,1,271,2015,July,29,15,0,2,2,0.0,0,BB,PRT,Groups,TA/TO,0,1,0,A,A,0,Non Refund,1.0,0,Transient-Party,62.0,0,0
City Hotel,1,276,2015,July,30,20,1,1,2,0.0,0,BB,PRT,Groups,TA/TO,0,1,0,A,A,0,Non Refund,1.0,0,Transient-Party,62.0,0,0
City Hotel,1,276,2015,July,30,20,1,1,2,0.0,0,BB,PRT,Groups,TA/TO,0,1,0,A,A,0,Non Refund,1.0,0,Transient-Party,62.0,0,0
City Hotel,1,276,2015,July,30,20,1,1,2,0.0,0,BB,PRT,Groups,TA/TO,0,1,0,A,A,0,Non Refund,1.0,0,Transient-Party,62.0,0,0
City Hotel,1,276,2015,July,30,20,1,1,2,0.0,0,BB,PRT,Groups,TA/TO,0,1,0,A,A,0,Non Refund,1.0,0,Transient-Party,62.0,0,0
City Hotel,1,276,2015,July,30,20,1,1,2,0.0,0,BB,PRT,Groups,TA/TO,0,1,0,A,A,0,Non Refund,1.0,0,Transient-Party,62.0,0,0
City Hotel,1,276,2015,July,30,20,1,1,2,0.0,0,BB,PRT,Groups,TA/TO,0,1,0,A,A,0,Non Refund,1.0,0,Transient-Party,62.0,0,0
City Hotel,1,276,2015,July,30,20,1,1,2,0.0,0,BB,PRT,Groups,TA/TO,0,1,0,A,A,0,Non Refund,1.0,0,Transient-Party,62.0,0,0
City Hotel,1,276,2015,July,30,20,1,1,2,0.0,0,BB,PRT,Groups,TA/TO,0,1,0,A,A,0,Non Refund,1.0,0,Transient-Party,62.0,0,0
City Hotel,1,276,2015,July,30,20,1,1,2,0.0,0,BB,PRT,Groups,TA/TO,0,1,0,A,A,0,Non Refund,1.0,0,Transient-Party,62.0,0,0
City Hotel,1,276,2015,July,30,20,1,1,2,0.0,0,BB,PRT,Groups,TA/TO,0,1,0,A,A,0,Non Refund,1.0,0,Transient-Party,62.0,0,0
City Hotel,1,276,2015,July,30,20,1,1,2,0.0,0,BB,PRT,Groups,TA/TO,0,1,0,A,A,0,Non Refund,1.0,0,Transient-Party,62.0,0,0
City Hotel,1,278,2015,July,30,22,0,2,2,0.0,0,BB,PRT,Groups,TA/TO,0,1,0,A,A,0,Non Refund,1.0,0,Transient-Party,62.0,0,0
City Hotel,1,278,2015,July,30,22,0,2,2,0.0,0,BB,PRT,Groups,TA/TO,0,1,0,A,A,0,Non Refund,1.0,0,Transient-Party,62.0,0,0
City Hotel,1,278,2015,July,30,22,0,2,2,0.0,0,BB,PRT,Groups,TA/TO,0,1,0,A,A,0,Non Refund,1.0,0,Transient-Party,62.0,0,0
City Hotel,1,278,2015,July,30,22,0,2,2,0.0,0,BB,PRT,Groups,TA/TO,0,1,0,A,A,0,Non Refund,1.0,0,Transient-Party,62.0,0,0
City Hotel,1,278,2015,July,30,22,0,2,2,0.0,0,BB,PRT,Groups,TA/TO,0,1,0,A,A,0,Non Refund,1.0,0,Transient-Party,62.0,0,0
City Hotel,1,278,2015,July,30,22,0,2,2,0.0,0,BB,PRT,Groups,TA/TO,0,1,0,A,A,0,Non Refund,1.0,0,Transient-Party,62.0,0,0
City Hotel,1,278,2015,July,30,22,0,2,2,0.0,0,BB,PRT,Groups,TA/TO,0,1,0,A,A,0,Non Refund,1.0,0,Transient-Party,62.0,0,0
City Hotel,1,278,2015,July,30,22,0,2,2,0.0,0,BB,PRT,Groups,TA/TO,0,1,0,A,A,0,Non Refund,1.0,0,Transient-Party,62.0,0,0
City Hotel,1,278,2015,July,30,22,0,2,2,0.0,0,BB,PRT,Groups,TA/TO,0,1,0,A,A,0,Non Refund,1.0,0,Transient-Party,62.0,0,0
City Hotel,1,278,2015,July,30,22,0,2,2,0.0,0,BB,PRT,Groups,TA/TO,0,1,0,A,A,0,Non Refund,1.0,0,Transient-Party,62.0,0,0
City Hotel,1,278,2015,July,30,22,0,2,2,0.0,0,BB,PRT,Groups,TA/TO,0,1,0,A,A,0,Non Refund,1.0,0,Transient-Party,62.0,0,0
City Hotel,1,278,2015,July,30,22,0,2,2,0.0,0,BB,PRT,Groups,TA/TO,0,1,0,A,A,0,Non Refund,1.0,0,Transient-Party,62.0,0,0
City Hotel,1,278,2015,July,30,22,0,2,2,0.0,0,BB,PRT,Groups,TA/TO,0,1,0,A,A,0,Non Refund,1.0,0,Transient-Party,62.0,0,0
City Hotel,1,278,2015,July,30,22,0,2,2,0.0,0,BB,PRT,Groups,TA/TO,0,1,0,A,A,0,Non Refund,1.0,0,Transient-Party,62.0,0,0
City Hotel,1,278,2015,July,30,22,0,2,2,0.0,0,BB,PRT,Groups,TA/TO,0,1,0,A,A,0,Non Refund,1.0,0,Transient-Party,62.0,0,0
City Hotel,1,283,2015,July,31,27,1,1,2,0.0,0,BB,PRT,Groups,TA/TO,0,1,0,A,A,0,Non Refund,1.0,0,Transient-Party,62.0,0,0
City Hotel,1,283,2015,July,31,27,1,1,2,0.0,0,BB,PRT,Groups,TA/TO,0,1,0,A,A,0,Non Refund,1.0,0,Transient-Party,62.0,0,0
City Hotel,1,283,2015,July,31,27,1,1,2,0.0,0,BB,PRT,Groups,TA/TO,0,1,0,A,A,0,Non Refund,1.0,0,Transient-Party,62.0,0,0
City Hotel,1,283,2015,July,31,27,1,1,2,0.0,0,BB,PRT,Groups,TA/TO,0,1,0,A,A,0,Non Refund,1.0,0,Transient-Party,62.0,0,0
City Hotel,1,283,2015,July,31,27,1,1,2,0.0,0,BB,PRT,Groups,TA/TO,0,1,0,A,A,0,Non Refund,1.0,0,Transient-Party,62.0,0,0
City Hotel,1,283,2015,July,31,27,1,1,2,0.0,0,BB,PRT,Groups,TA/TO,0,1,0,A,A,0,Non Refund,1.0,0,Transient-Party,62.0,0,0
City Hotel,1,283,2015,July,31,27,1,1,2,0.0,0,BB,PRT,Groups,TA/TO,0,1,0,A,A,0,Non Refund,1.0,0,Transient-Party,62.0,0,0
City Hotel,1,283,2015,July,31,27,1,1,2,0.0,0,BB,PRT,Groups,TA/TO,0,1,0,A,A,0,Non Refund,1.0,0,Transient-Party,62.0,0,0
City Hotel,1,283,2015,July,31,27,1,1,2,0.0,0,BB,PRT,Groups,TA/TO,0,1,0,A,A,0,Non Refund,1.0,0,Transient-Party,62.0,0,0
City Hotel,1,283,2015,July,31,27,1,1,2,0.0,0,BB,PRT,Groups,TA/TO,0,1,0,A,A,0,Non Refund,1.0,0,Transient-Party,62.0,0,0
City Hotel,1,283,2015,July,31,27,1,1,2,0.0,0,BB,PRT,Groups,TA/TO,0,1,0,A,A,0,Non Refund,1.0,0,Transient-Party,62.0,0,0
City Hotel,1,283,2015,July,31,27,1,1,2,0.0,0,BB,PRT,Groups,TA/TO,0,1,0,A,A,0,Non Refund,1.0,0,Transient-Party,62.0,0,0
City Hotel,1,283,2015,July,31,27,1,1,2,0.0,0,BB,PRT,Groups,TA/TO,0,1,0,A,A,0,Non Refund,1.0,0,Transient-Party,62.0,0,0
City Hotel,1,283,2015,July,31,27,1,1,2,0.0,0,BB,PRT,Groups,TA/TO,0,1,0,A,A,0,Non Refund,1.0,0,Transient-Party,62.0,0,0
City Hotel,1,283,2015,July,31,27,1,1,2,0.0,0,BB,PRT,Groups,TA/TO,0,1,0,A,A,0,Non Refund,1.0,0,Transient-Party,62.0,0,0
City Hotel,1,283,2015,July,31,27,1,1,2,0.0,0,BB,PRT,Groups,TA/TO,0,1,0,A,A,0,Non Refund,1.0,0,Transient-Party,62.0,0,0
City Hotel,1,283,2015,July,31,27,1,1,2,0.0,0,BB,PRT,Groups,TA/TO,0,1,0,A,A,0,Non Refund,1.0,0,Transient-Party,62.0,0,0
City Hotel,1,283,2015,July,31,27,1,1,2,0.0,0,BB,PRT,Groups,TA/TO,0,1,0,A,A,0,Non Refund,1.0,0,Transient-Party,62.0,0,0
City Hotel,1,283,2015,July,31,27,1,1,2,0.0,0,BB,PRT,Groups,TA/TO,0,1,0,A,A,0,Non Refund,1.0,0,Transient-Party,62.0,0,0
City Hotel,1,283,2015,July,31,27,1,1,2,0.0,0,BB,PRT,Groups,TA/TO,0,1,0,A,A,0,Non Refund,1.0,0,Transient-Party,62.0,0,0
City Hotel,1,137,2015,July,28,11,2,1,2,0.0,0,HB,PRT,Groups,TA/TO,0,1,0,A,A,0,No Deposit,1.0,0,Transient-Party,86.0,0,0
City Hotel,1,137,2015,July,28,11,2,1,2,0.0,0,HB,PRT,Groups,TA/TO,0,1,0,A,A,0,No Deposit,1.0,0,Transient-Party,86.0,0,0
City Hotel,1,137,2015,July,28,11,2,1,2,0.0,0,HB,PRT,Groups,TA/TO,0,1,0,A,A,0,No Deposit,1.0,0,Transient-Party,86.0,0,0
City Hotel,1,137,2015,July,28,11,2,1,2,0.0,0,HB,PRT,Groups,TA/TO,0,1,0,A,A,0,No Deposit,1.0,0,Transient-Party,86.0,0,0
City Hotel,1,344,2015,September,39,26,2,1,2,0.0,0,BB,PRT,Groups,TA/TO,0,1,0,A,A,0,Non Refund,1.0,0,Transient,170.0,0,0
City Hotel,1,344,2015,September,39,26,2,1,2,0.0,0,BB,PRT,Groups,TA/TO,0,1,0,A,A,0,Non Refund,1.0,0,Transient,170.0,0,0
City Hotel,1,344,2015,September,39,26,2,1,2,0.0,0,BB,PRT,Groups,TA/TO,0,1,0,A,A,0,Non Refund,1.0,0,Transient,170.0,0,0
City Hotel,1,344,2015,September,39,26,2,1,2,0.0,0,BB,PRT,Groups,TA/TO,0,1,0,A,A,0,Non Refund,1.0,0,Transient,170.0,0,0
City Hotel,1,344,2015,September,39,26,2,1,2,0.0,0,BB,PRT,Groups,TA/TO,0,1,0,A,A,0,Non Refund,1.0,0,Transient,170.0,0,0
City Hotel,1,344,2015,September,39,26,2,1,2,0.0,0,BB,PRT,Groups,TA/TO,0,1,0,A,A,0,Non Refund,1.0,0,Transient,170.0,0,0
City Hotel,1,344,2015,September,39,26,2,1,2,0.0,0,BB,PRT,Groups,TA/TO,0,1,0,A,A,0,Non Refund,1.0,0,Transient,170.0,0,0
City Hotel,1,344,2015,September,39,26,2,1,2,0.0,0,BB,PRT,Groups,TA/TO,0,1,0,A,A,0,Non Refund,1.0,0,Transient,170.0,0,0
City Hotel,1,344,2015,September,39,26,2,1,2,0.0,0,BB,PRT,Groups,TA/TO,0,1,0,A,A,0,Non Refund,1.0,0,Transient,170.0,0,0
City Hotel,1,344,2015,September,39,26,2,1,2,0.0,0,BB,PRT,Groups,TA/TO,0,1,0,A,A,0,Non Refund,1.0,0,Transient,170.0,0,0
City Hotel,1,344,2015,September,39,26,2,1,2,0.0,0,BB,PRT,Groups,TA/TO,0,1,0,A,A,0,Non Refund,1.0,0,Transient,170.0,0,0
City Hotel,1,344,2015,September,39,26,2,1,2,0.0,0,BB,PRT,Groups,TA/TO,0,1,0,A,A,0,Non Refund,1.0,0,Transient,170.0,0,0
City Hotel,1,344,2015,September,39,26,2,1,2,0.0,0,BB,PRT,Groups,TA/TO,0,1,0,A,A,0,Non Refund,1.0,0,Transient,170.0,0,0
City Hotel,1,344,2015,September,39,26,2,1,2,0.0,0,BB,PRT,Groups,TA/TO,0,1,0,A,A,0,Non Refund,1.0,0,Transient,170.0,0,0
City Hotel,1,344,2015,September,39,26,2,1,2,0.0,0,BB,PRT,Groups,TA/TO,0,1,0,A,A,0,Non Refund,1.0,0,Transient,170.0,0,0
City Hotel,1,344,2015,September,39,26,2,1,2,0.0,0,BB,PRT,Groups,TA/TO,0,1,0,A,A,0,Non Refund,1.0,0,Transient,170.0,0,0
City Hotel,1,344,2015,September,39,26,2,1,2,0.0,0,BB,PRT,Groups,TA/TO,0,1,0,A,A,0,Non Refund,1.0,0,Transient,170.0,0,0
City Hotel,1,138,2015,July,28,11,2,1,2,0.0,0,BB,PRT,Online TA,TA/TO,0,1,0,A,A,0,No Deposit,8.0,0,Transient,76.5,0,1
City Hotel,1,194,2015,July,29,14,1,5,2,0.0,0,BB,PRT,Online TA,TA/TO,0,1,0,A,A,1,No Deposit,8.0,0,Transient,76.5,0,0
City Hotel,1,276,2015,July,30,20,1,1,2,0.0,0,BB,PRT,Groups,TA/TO,0,1,0,A,A,0,Non Refund,1.0,0,Transient-Party,62.0,0,0
City Hotel,1,276,2015,July,30,20,1,1,2,0.0,0,BB,PRT,Groups,TA/TO,0,1,0,A,A,0,Non Refund,1.0,0,Transient-Party,62.0,0,0
City Hotel,1,276,2015,July,30,20,1,1,2,0.0,0,BB,PRT,Groups,TA/TO,0,1,0,A,A,0,Non Refund,1.0,0,Transient-Party,62.0,0,0
City Hotel,1,276,2015,July,30,20,1,1,2,0.0,0,BB,PRT,Groups,TA/TO,0,1,0,A,A,0,Non Refund,1.0,0,Transient-Party,62.0,0,0
City Hotel,1,276,2015,July,30,20,1,1,2,0.0,0,BB,PRT,Groups,TA/TO,0,1,0,A,A,0,Non Refund,1.0,0,Transient-Party,62.0,0,0
City Hotel,1,276,2015,July,30,20,1,1,2,0.0,0,BB,PRT,Groups,TA/TO,0,1,0,A,A,0,Non Refund,1.0,0,Transient-Party,62.0,0,0
City Hotel,1,276,2015,July,30,20,1,1,2,0.0,0,BB,PRT,Groups,TA/TO,0,1,0,A,A,0,Non Refund,1.0,0,Transient-Party,62.0,0,0
City Hotel,1,276,2015,July,30,20,1,1,2,0.0,0,BB,PRT,Groups,TA/TO,0,1,0,A,A,0,Non Refund,1.0,0,Transient-Party,62.0,0,0
City Hotel,1,276,2015,July,30,20,1,1,2,0.0,0,BB,PRT,Groups,TA/TO,0,1,0,A,A,0,Non Refund,1.0,0,Transient-Party,62.0,0,0
City Hotel,1,276,2015,July,30,20,1,1,2,0.0,0,BB,PRT,Groups,TA/TO,0,1,0,A,A,0,Non Refund,1.0,0,Transient-Party,62.0,0,0
City Hotel,1,276,2015,July,30,20,1,1,2,0.0,0,BB,PRT,Groups,TA/TO,0,1,0,A,A,0,Non Refund,1.0,0,Transient-Party,62.0,0,0
City Hotel,1,276,2015,July,30,20,1,1,2,0.0,0,BB,PRT,Groups,TA/TO,0,1,0,A,A,0,Non Refund,1.0,0,Transient-Party,62.0,0,0
City Hotel,1,276,2015,July,30,20,1,1,2,0.0,0,BB,PRT,Groups,TA/TO,0,1,0,A,A,0,Non Refund,1.0,0,Transient-Party,62.0,0,0
City Hotel,1,276,2015,July,30,20,1,1,2,0.0,0,BB,PRT,Groups,TA/TO,0,1,0,A,A,0,Non Refund,1.0,0,Transient-Party,62.0,0,0
City Hotel,1,276,2015,July,30,20,1,1,2,0.0,0,BB,PRT,Groups,TA/TO,0,1,0,A,A,0,Non Refund,1.0,0,Transient-Party,62.0,0,0
City Hotel,1,276,2015,July,30,20,1,1,2,0.0,0,BB,PRT,Groups,TA/TO,0,1,0,A,A,0,Non Refund,1.0,0,Transient-Party,62.0,0,0
City Hotel,1,276,2015,July,30,20,1,1,2,0.0,0,BB,PRT,Groups,TA/TO,0,1,0,A,A,0,Non Refund,1.0,0,Transient-Party,62.0,0,0
City Hotel,1,276,2015,July,30,20,1,1,2,0.0,0,BB,PRT,Groups,TA/TO,0,1,0,A,A,0,Non Refund,1.0,0,Transient-Party,62.0,0,0
City Hotel,1,278,2015,July,30,22,0,2,2,0.0,0,BB,PRT,Groups,TA/TO,0,1,0,A,A,0,Non Refund,1.0,0,Transient-Party,62.0,0,0
City Hotel,1,278,2015,July,30,22,0,2,2,0.0,0,BB,PRT,Groups,TA/TO,0,1,0,A,A,0,Non Refund,1.0,0,Transient-Party,62.0,0,0
City Hotel,1,278,2015,July,30,22,0,2,2,0.0,0,BB,PRT,Groups,TA/TO,0,1,0,A,A,0,Non Refund,1.0,0,Transient-Party,62.0,0,0
City Hotel,1,278,2015,July,30,22,0,2,2,0.0,0,BB,PRT,Groups,TA/TO,0,1,0,A,A,0,Non Refund,1.0,0,Transient-Party,62.0,0,0
City Hotel,1,278,2015,July,30,22,0,2,2,0.0,0,BB,PRT,Groups,TA/TO,0,1,0,A,A,0,Non Refund,1.0,0,Transient-Party,62.0,0,0
City Hotel,1,278,2015,July,30,22,0,2,2,0.0,0,BB,PRT,Groups,TA/TO,0,1,0,A,A,0,Non Refund,1.0,0,Transient-Party,62.0,0,0
City Hotel,1,278,2015,July,30,22,0,2,2,0.0,0,BB,PRT,Groups,TA/TO,0,1,0,A,A,0,Non Refund,1.0,0,Transient-Party,62.0,0,0
City Hotel,1,278,2015,July,30,22,0,2,2,0.0,0,BB,PRT,Groups,TA/TO,0,1,0,A,A,0,Non Refund,1.0,0,Transient-Party,62.0,0,0
City Hotel,1,278,2015,July,30,22,0,2,2,0.0,0,BB,PRT,Groups,TA/TO,0,1,0,A,A,0,Non Refund,1.0,0,Transient-Party,62.0,0,0
City Hotel,1,278,2015,July,30,22,0,2,2,0.0,0,BB,PRT,Groups,TA/TO,0,1,0,A,A,0,Non Refund,1.0,0,Transient-Party,62.0,0,0
City Hotel,1,278,2015,July,30,22,0,2,2,0.0,0,BB,PRT,Groups,TA/TO,0,1,0,A,A,0,Non Refund,1.0,0,Transient-Party,62.0,0,0
City Hotel,1,283,2015,July,31,27,1,1,2,0.0,0,BB,PRT,Groups,TA/TO,0,1,0,A,A,0,Non Refund,1.0,0,Transient-Party,62.0,0,0
City Hotel,1,283,2015,July,31,27,1,1,2,0.0,0,BB,PRT,Groups,TA/TO,0,1,0,A,A,0,Non Refund,1.0,0,Transient-Party,62.0,0,0
City Hotel,1,283,2015,July,31,27,1,1,2,0.0,0,BB,PRT,Groups,TA/TO,0,1,0,A,A,0,Non Refund,1.0,0,Transient-Party,62.0,0,0
City Hotel,1,283,2015,July,31,27,1,1,2,0.0,0,BB,PRT,Groups,TA/TO,0,1,0,A,A,0,Non Refund,1.0,0,Transient-Party,62.0,0,0
City Hotel,1,283,2015,July,31,27,1,1,2,0.0,0,BB,PRT,Groups,TA/TO,0,1,0,A,A,0,Non Refund,1.0,0,Transient-Party,62.0,0,0
City Hotel,1,283,2015,July,31,27,1,1,2,0.0,0,BB,PRT,Groups,TA/TO,0,1,0,A,A,0,Non Refund,1.0,0,Transient-Party,62.0,0,0
City Hotel,1,292,2015,August,32,5,0,2,2,0.0,0,BB,PRT,Groups,TA/TO,0,1,0,A,A,0,Non Refund,1.0,0,Transient-Party,62.0,0,0
City Hotel,1,292,2015,August,32,5,0,2,2,0.0,0,BB,PRT,Groups,TA/TO,0,1,0,A,A,0,Non Refund,1.0,0,Transient-Party,62.0,0,0
City Hotel,1,292,2015,August,32,5,0,2,2,0.0,0,BB,PRT,Groups,TA/TO,0,1,0,A,A,0,Non Refund,1.0,0,Transient-Party,62.0,0,0
City Hotel,1,292,2015,August,32,5,0,2,2,0.0,0,BB,PRT,Groups,TA/TO,0,1,0,A,A,0,Non Refund,1.0,0,Transient-Party,62.0,0,0
City Hotel,1,292,2015,August,32,5,0,2,2,0.0,0,BB,PRT,Groups,TA/TO,0,1,0,A,A,0,Non Refund,1.0,0,Transient-Party,62.0,0,0
City Hotel,1,292,2015,August,32,5,0,2,2,0.0,0,BB,PRT,Groups,TA/TO,0,1,0,A,A,0,Non Refund,1.0,0,Transient-Party,62.0,0,0
City Hotel,1,292,2015,August,32,5,0,2,2,0.0,0,BB,PRT,Groups,TA/TO,0,1,0,A,A,0,Non Refund,1.0,0,Transient-Party,62.0,0,0
City Hotel,1,292,2015,August,32,5,0,2,2,0.0,0,BB,PRT,Groups,TA/TO,0,1,0,A,A,0,Non Refund,1.0,0,Transient-Party,62.0,0,0
City Hotel,1,292,2015,August,32,5,0,2,2,0.0,0,BB,PRT,Groups,TA/TO,0,1,0,A,A,0,Non Refund,1.0,0,Transient-Party,62.0,0,0
City Hotel,1,292,2015,August,32,5,0,2,2,0.0,0,BB,PRT,Groups,TA/TO,0,1,0,A,A,0,Non Refund,1.0,0,Transient-Party,62.0,0,0
City Hotel,1,292,2015,August,32,5,0,2,2,0.0,0,BB,PRT,Groups,TA/TO,0,1,0,A,A,0,Non Refund,1.0,0,Transient-Party,62.0,0,0
City Hotel,1,292,2015,August,32,5,0,2,2,0.0,0,BB,PRT,Groups,TA/TO,0,1,0,A,A,0,Non Refund,1.0,0,Transient-Party,62.0,0,0
City Hotel,1,292,2015,August,32,5,0,2,2,0.0,0,BB,PRT,Groups,TA/TO,0,1,0,A,A,0,Non Refund,1.0,0,Transient-Party,62.0,0,0
City Hotel,1,292,2015,August,32,5,0,2,2,0.0,0,BB,PRT,Groups,TA/TO,0,1,0,A,A,0,Non Refund,1.0,0,Transient-Party,62.0,0,0
City Hotel,1,292,2015,August,32,5,0,2,2,0.0,0,BB,PRT,Groups,TA/TO,0,1,0,A,A,0,Non Refund,1.0,0,Transient-Party,62.0,0,0
City Hotel,1,292,2015,August,32,5,0,2,2,0.0,0,BB,PRT,Groups,TA/TO,0,1,0,A,A,0,Non Refund,1.0,0,Transient-Party,62.0,0,0
City Hotel,1,292,2015,August,32,5,0,2,2,0.0,0,BB,PRT,Groups,TA/TO,0,1,0,A,A,0,Non Refund,1.0,0,Transient-Party,62.0,0,0
City Hotel,1,292,2015,August,32,5,0,2,2,0.0,0,BB,PRT,Groups,TA/TO,0,1,0,A,A,0,Non Refund,1.0,0,Transient-Party,62.0,0,0
City Hotel,1,292,2015,August,32,5,0,2,2,0.0,0,BB,PRT,Groups,TA/TO,0,1,0,A,A,0,Non Refund,1.0,0,Transient-Party,62.0,0,0
City Hotel,1,292,2015,August,32,5,0,2,2,0.0,0,BB,PRT,Groups,TA/TO,0,1,0,A,A,0,Non Refund,1.0,0,Transient-Party,62.0,0,0
City Hotel,1,292,2015,August,32,5,0,2,2,0.0,0,BB,PRT,Groups,TA/TO,0,1,0,A,A,0,Non Refund,1.0,0,Transient-Party,62.0,0,0
City Hotel,1,292,2015,August,32,5,0,2,2,0.0,0,BB,PRT,Groups,TA/TO,0,1,0,A,A,0,Non Refund,1.0,0,Transient-Party,62.0,0,0
City Hotel,1,292,2015,August,32,5,0,2,2,0.0,0,BB,PRT,Groups,TA/TO,0,1,0,A,A,0,Non Refund,1.0,0,Transient-Party,62.0,0,0
City Hotel,1,292,2015,August,32,5,0,2,2,0.0,0,BB,PRT,Groups,TA/TO,0,1,0,A,A,0,Non Refund,1.0,0,Transient-Party,62.0,0,0
City Hotel,1,292,2015,August,32,5,0,2,2,0.0,0,BB,PRT,Groups,TA/TO,0,1,0,A,A,0,Non Refund,1.0,0,Transient-Party,62.0,0,0
City Hotel,1,292,2015,August,32,5,0,2,2,0.0,0,BB,PRT,Groups,TA/TO,0,1,0,A,A,0,Non Refund,1.0,0,Transient-Party,62.0,0,0
City Hotel,1,292,2015,August,32,5,0,2,2,0.0,0,BB,PRT,Groups,TA/TO,0,1,0,A,A,0,Non Refund,1.0,0,Transient-Party,62.0,0,0
City Hotel,1,292,2015,August,32,5,0,2,2,0.0,0,BB,PRT,Groups,TA/TO,0,1,0,A,A,0,Non Refund,1.0,0,Transient-Party,62.0,0,0
City Hotel,1,292,2015,August,32,5,0,2,2,0.0,0,BB,PRT,Groups,TA/TO,0,1,0,A,A,0,Non Refund,1.0,0,Transient-Party,62.0,0,0
City Hotel,1,294,2015,August,32,7,0,2,2,0.0,0,BB,PRT,Groups,TA/TO,0,1,0,A,A,0,Non Refund,1.0,0,Transient-Party,62.0,0,0
City Hotel,1,294,2015,August,32,7,0,2,2,0.0,0,BB,PRT,Groups,TA/TO,0,1,0,A,A,0,Non Refund,1.0,0,Transient-Party,62.0,0,0
City Hotel,1,294,2015,August,32,7,0,2,2,0.0,0,BB,PRT,Groups,TA/TO,0,1,0,A,A,0,Non Refund,1.0,0,Transient-Party,62.0,0,0
City Hotel,1,294,2015,August,32,7,0,2,2,0.0,0,BB,PRT,Groups,TA/TO,0,1,0,A,A,0,Non Refund,1.0,0,Transient-Party,62.0,0,0
City Hotel,1,294,2015,August,32,7,0,2,2,0.0,0,BB,PRT,Groups,TA/TO,0,1,0,A,A,0,Non Refund,1.0,0,Transient-Party,62.0,0,0
City Hotel,1,294,2015,August,32,7,0,2,2,0.0,0,BB,PRT,Groups,TA/TO,0,1,0,A,A,0,Non Refund,1.0,0,Transient-Party,62.0,0,0
City Hotel,1,294,2015,August,32,7,0,2,2,0.0,0,BB,PRT,Groups,TA/TO,0,1,0,A,A,0,Non Refund,1.0,0,Transient-Party,62.0,0,0
City Hotel,1,294,2015,August,32,7,0,2,2,0.0,0,BB,PRT,Groups,TA/TO,0,1,0,A,A,0,Non Refund,1.0,0,Transient-Party,62.0,0,0
City Hotel,1,294,2015,August,32,7,0,2,2,0.0,0,BB,PRT,Groups,TA/TO,0,1,0,A,A,0,Non Refund,1.0,0,Transient-Party,62.0,0,0
City Hotel,1,294,2015,August,32,7,0,2,2,0.0,0,BB,PRT,Groups,TA/TO,0,1,0,A,A,0,Non Refund,1.0,0,Transient-Party,62.0,0,0
City Hotel,1,294,2015,August,32,7,0,2,2,0.0,0,BB,PRT,Groups,TA/TO,0,1,0,A,A,0,Non Refund,1.0,0,Transient-Party,62.0,0,0
City Hotel,1,294,2015,August,32,7,0,2,2,0.0,0,BB,PRT,Groups,TA/TO,0,1,0,A,A,0,Non Refund,1.0,0,Transient-Party,62.0,0,0
City Hotel,1,294,2015,August,32,7,0,2,2,0.0,0,BB,PRT,Groups,TA/TO,0,1,0,A,A,0,Non Refund,1.0,0,Transient-Party,62.0,0,0
City Hotel,1,294,2015,August,32,7,0,2,2,0.0,0,BB,PRT,Groups,TA/TO,0,1,0,A,A,0,Non Refund,1.0,0,Transient-Party,62.0,0,0
City Hotel,1,294,2015,August,32,7,0,2,2,0.0,0,BB,PRT,Groups,TA/TO,0,1,0,A,A,0,Non Refund,1.0,0,Transient-Party,62.0,0,0
City Hotel,1,294,2015,August,32,7,0,2,2,0.0,0,BB,PRT,Groups,TA/TO,0,1,0,A,A,0,Non Refund,1.0,0,Transient-Party,62.0,0,0
City Hotel,1,294,2015,August,32,7,0,2,2,0.0,0,BB,PRT,Groups,TA/TO,0,1,0,A,A,0,Non Refund,1.0,0,Transient-Party,62.0,0,0
City Hotel,1,294,2015,August,32,7,0,2,2,0.0,0,BB,PRT,Groups,TA/TO,0,1,0,A,A,0,Non Refund,1.0,0,Transient-Party,62.0,0,0
City Hotel,1,294,2015,August,32,7,0,2,2,0.0,0,BB,PRT,Groups,TA/TO,0,1,0,A,A,0,Non Refund,1.0,0,Transient-Party,62.0,0,0
City Hotel,1,294,2015,August,32,7,0,2,2,0.0,0,BB,PRT,Groups,TA/TO,0,1,0,A,A,0,Non Refund,1.0,0,Transient-Party,62.0,0,0
City Hotel,1,294,2015,August,32,7,0,2,2,0.0,0,BB,PRT,Groups,TA/TO,0,1,0,A,A,0,Non Refund,1.0,0,Transient-Party,62.0,0,0
City Hotel,1,294,2015,August,32,7,0,2,2,0.0,0,BB,PRT,Groups,TA/TO,0,1,0,A,A,0,Non Refund,1.0,0,Transient-Party,62.0,0,0
City Hotel,1,294,2015,August,32,7,0,2,2,0.0,0,BB,PRT,Groups,TA/TO,0,1,0,A,A,0,Non Refund,1.0,0,Transient-Party,62.0,0,0
City Hotel,1,294,2015,August,32,7,0,2,2,0.0,0,BB,PRT,Groups,TA/TO,0,1,0,A,A,0,Non Refund,1.0,0,Transient-Party,62.0,0,0
City Hotel,1,294,2015,August,32,7,0,2,2,0.0,0,BB,PRT,Groups,TA/TO,0,1,0,A,A,0,Non Refund,1.0,0,Transient-Party,62.0,0,0
City Hotel,1,294,2015,August,32,7,0,2,2,0.0,0,BB,PRT,Groups,TA/TO,0,1,0,A,A,0,Non Refund,1.0,0,Transient-Party,62.0,0,0
City Hotel,1,294,2015,August,32,7,0,2,2,0.0,0,BB,PRT,Groups,TA/TO,0,1,0,A,A,0,Non Refund,1.0,0,Transient-Party,62.0,0,0
City Hotel,1,294,2015,August,32,7,0,2,2,0.0,0,BB,PRT,Groups,TA/TO,0,1,0,A,A,0,Non Refund,1.0,0,Transient-Party,62.0,0,0
City Hotel,1,294,2015,August,32,7,0,2,2,0.0,0,BB,PRT,Groups,TA/TO,0,1,0,A,A,0,Non Refund,1.0,0,Transient-Party,62.0,0,0
City Hotel,1,297,2015,August,33,10,1,1,2,0.0,0,BB,PRT,Groups,TA/TO,0,1,0,A,A,0,Non Refund,1.0,0,Transient-Party,62.0,0,0
City Hotel,1,297,2015,August,33,10,1,1,2,0.0,0,BB,PRT,Groups,TA/TO,0,1,0,A,A,0,Non Refund,1.0,0,Transient-Party,62.0,0,0
City Hotel,1,297,2015,August,33,10,1,1,2,0.0,0,BB,PRT,Groups,TA/TO,0,1,0,A,A,0,Non Refund,1.0,0,Transient-Party,62.0,0,0
City Hotel,1,297,2015,August,33,10,1,1,2,0.0,0,BB,PRT,Groups,TA/TO,0,1,0,A,A,0,Non Refund,1.0,0,Transient-Party,62.0,0,0
City Hotel,1,297,2015,August,33,10,1,1,2,0.0,0,BB,PRT,Groups,TA/TO,0,1,0,A,A,0,Non Refund,1.0,0,Transient-Party,62.0,0,0
City Hotel,1,297,2015,August,33,10,1,1,2,0.0,0,BB,PRT,Groups,TA/TO,0,1,0,A,A,0,Non Refund,1.0,0,Transient-Party,62.0,0,0
City Hotel,1,297,2015,August,33,10,1,1,2,0.0,0,BB,PRT,Groups,TA/TO,0,1,0,A,A,0,Non Refund,1.0,0,Transient-Party,62.0,0,0
City Hotel,1,297,2015,August,33,10,1,1,2,0.0,0,BB,PRT,Groups,TA/TO,0,1,0,A,A,0,Non Refund,1.0,0,Transient-Party,62.0,0,0
City Hotel,1,297,2015,August,33,10,1,1,2,0.0,0,BB,PRT,Groups,TA/TO,0,1,0,A,A,0,Non Refund,1.0,0,Transient-Party,62.0,0,0
City Hotel,1,297,2015,August,33,10,1,1,2,0.0,0,BB,PRT,Groups,TA/TO,0,1,0,A,A,0,Non Refund,1.0,0,Transient-Party,62.0,0,0
City Hotel,1,297,2015,August,33,10,1,1,2,0.0,0,BB,PRT,Groups,TA/TO,0,1,0,A,A,0,Non Refund,1.0,0,Transient-Party,62.0,0,0
City Hotel,1,297,2015,August,33,10,1,1,2,0.0,0,BB,PRT,Groups,TA/TO,0,1,0,A,A,0,Non Refund,1.0,0,Transient-Party,62.0,0,0
City Hotel,1,297,2015,August,33,10,1,1,2,0.0,0,BB,PRT,Groups,TA/TO,0,1,0,A,A,0,Non Refund,1.0,0,Transient-Party,62.0,0,0
City Hotel,1,297,2015,August,33,10,1,1,2,0.0,0,BB,PRT,Groups,TA/TO,0,1,0,A,A,0,Non Refund,1.0,0,Transient-Party,62.0,0,0
City Hotel,1,297,2015,August,33,10,1,1,2,0.0,0,BB,PRT,Groups,TA/TO,0,1,0,A,A,0,Non Refund,1.0,0,Transient-Party,62.0,0,0
City Hotel,1,297,2015,August,33,10,1,1,2,0.0,0,BB,PRT,Groups,TA/TO,0,1,0,A,A,0,Non Refund,1.0,0,Transient-Party,62.0,0,0
City Hotel,1,297,2015,August,33,10,1,1,2,0.0,0,BB,PRT,Groups,TA/TO,0,1,0,A,A,0,Non Refund,1.0,0,Transient-Party,62.0,0,0
City Hotel,1,297,2015,August,33,10,1,1,2,0.0,0,BB,PRT,Groups,TA/TO,0,1,0,A,A,0,Non Refund,1.0,0,Transient-Party,62.0,0,0
City Hotel,1,297,2015,August,33,10,1,1,2,0.0,0,BB,PRT,Groups,TA/TO,0,1,0,A,A,0,Non Refund,1.0,0,Transient-Party,62.0,0,0
City Hotel,1,297,2015,August,33,10,1,1,2,0.0,0,BB,PRT,Groups,TA/TO,0,1,0,A,A,0,Non Refund,1.0,0,Transient-Party,62.0,0,0
City Hotel,1,297,2015,August,33,10,1,1,2,0.0,0,BB,PRT,Groups,TA/TO,0,1,0,A,A,0,Non Refund,1.0,0,Transient-Party,62.0,0,0
City Hotel,1,297,2015,August,33,10,1,1,2,0.0,0,BB,PRT,Groups,TA/TO,0,1,0,A,A,0,Non Refund,1.0,0,Transient-Party,62.0,0,0
City Hotel,1,297,2015,August,33,10,1,1,2,0.0,0,BB,PRT,Groups,TA/TO,0,1,0,A,A,0,Non Refund,1.0,0,Transient-Party,62.0,0,0
City Hotel,1,297,2015,August,33,10,1,1,2,0.0,0,BB,PRT,Groups,TA/TO,0,1,0,A,A,0,Non Refund,1.0,0,Transient-Party,62.0,0,0
City Hotel,1,297,2015,August,33,10,1,1,2,0.0,0,BB,PRT,Groups,TA/TO,0,1,0,A,A,0,Non Refund,1.0,0,Transient-Party,62.0,0,0
City Hotel,1,297,2015,August,33,10,1,1,2,0.0,0,BB,PRT,Groups,TA/TO,0,1,0,A,A,0,Non Refund,1.0,0,Transient-Party,62.0,0,0
City Hotel,1,297,2015,August,33,10,1,1,2,0.0,0,BB,PRT,Groups,TA/TO,0,1,0,A,A,0,Non Refund,1.0,0,Transient-Party,62.0,0,0
City Hotel,1,297,2015,August,33,10,1,1,2,0.0,0,BB,PRT,Groups,TA/TO,0,1,0,A,A,0,Non Refund,1.0,0,Transient-Party,62.0,0,0
City Hotel,1,297,2015,August,33,10,1,1,2,0.0,0,BB,PRT,Groups,TA/TO,0,1,0,A,A,0,Non Refund,1.0,0,Transient-Party,62.0,0,0
City Hotel,1,299,2015,August,33,12,0,2,2,0.0,0,BB,PRT,Groups,TA/TO,0,1,0,A,A,0,Non Refund,1.0,0,Transient-Party,62.0,0,0
City Hotel,1,299,2015,August,33,12,0,2,2,0.0,0,BB,PRT,Groups,TA/TO,0,1,0,A,A,0,Non Refund,1.0,0,Transient-Party,62.0,0,0
City Hotel,1,299,2015,August,33,12,0,2,2,0.0,0,BB,PRT,Groups,TA/TO,0,1,0,A,A,0,Non Refund,1.0,0,Transient-Party,62.0,0,0
City Hotel,1,299,2015,August,33,12,0,2,2,0.0,0,BB,PRT,Groups,TA/TO,0,1,0,A,A,0,Non Refund,1.0,0,Transient-Party,62.0,0,0
City Hotel,1,299,2015,August,33,12,0,2,2,0.0,0,BB,PRT,Groups,TA/TO,0,1,0,A,A,0,Non Refund,1.0,0,Transient-Party,62.0,0,0
City Hotel,1,299,2015,August,33,12,0,2,2,0.0,0,BB,PRT,Groups,TA/TO,0,1,0,A,A,0,Non Refund,1.0,0,Transient-Party,62.0,0,0
City Hotel,1,299,2015,August,33,12,0,2,2,0.0,0,BB,PRT,Groups,TA/TO,0,1,0,A,A,0,Non Refund,1.0,0,Transient-Party,62.0,0,0
City Hotel,1,299,2015,August,33,12,0,2,2,0.0,0,BB,PRT,Groups,TA/TO,0,1,0,A,A,0,Non Refund,1.0,0,Transient-Party,62.0,0,0
City Hotel,1,299,2015,August,33,12,0,2,2,0.0,0,BB,PRT,Groups,TA/TO,0,1,0,A,A,0,Non Refund,1.0,0,Transient-Party,62.0,0,0
City Hotel,1,299,2015,August,33,12,0,2,2,0.0,0,BB,PRT,Groups,TA/TO,0,1,0,A,A,0,Non Refund,1.0,0,Transient-Party,62.0,0,0
City Hotel,1,299,2015,August,33,12,0,2,2,0.0,0,BB,PRT,Groups,TA/TO,0,1,0,A,A,0,Non Refund,1.0,0,Transient-Party,62.0,0,0
City Hotel,1,299,2015,August,33,12,0,2,2,0.0,0,BB,PRT,Groups,TA/TO,0,1,0,A,A,0,Non Refund,1.0,0,Transient-Party,62.0,0,0
City Hotel,1,299,2015,August,33,12,0,2,2,0.0,0,BB,PRT,Groups,TA/TO,0,1,0,A,A,0,Non Refund,1.0,0,Transient-Party,62.0,0,0
City Hotel,1,299,2015,August,33,12,0,2,2,0.0,0,BB,PRT,Groups,TA/TO,0,1,0,A,A,0,Non Refund,1.0,0,Transient-Party,62.0,0,0
City Hotel,1,299,2015,August,33,12,0,2,2,0.0,0,BB,PRT,Groups,TA/TO,0,1,0,A,A,0,Non Refund,1.0,0,Transient-Party,62.0,0,0
City Hotel,1,299,2015,August,33,12,0,2,2,0.0,0,BB,PRT,Groups,TA/TO,0,1,0,A,A,0,Non Refund,1.0,0,Transient-Party,62.0,0,0
City Hotel,1,299,2015,August,33,12,0,2,2,0.0,0,BB,PRT,Groups,TA/TO,0,1,0,A,A,0,Non Refund,1.0,0,Transient-Party,62.0,0,0
City Hotel,1,299,2015,August,33,12,0,2,2,0.0,0,BB,PRT,Groups,TA/TO,0,1,0,A,A,0,Non Refund,1.0,0,Transient-Party,62.0,0,0
City Hotel,1,299,2015,August,33,12,0,2,2,0.0,0,BB,PRT,Groups,TA/TO,0,1,0,A,A,0,Non Refund,1.0,0,Transient-Party,62.0,0,0
City Hotel,1,299,2015,August,33,12,0,2,2,0.0,0,BB,PRT,Groups,TA/TO,0,1,0,A,A,0,Non Refund,1.0,0,Transient-Party,62.0,0,0
City Hotel,1,299,2015,August,33,12,0,2,2,0.0,0,BB,PRT,Groups,TA/TO,0,1,0,A,A,0,Non Refund,1.0,0,Transient-Party,62.0,0,0
City Hotel,1,299,2015,August,33,12,0,2,2,0.0,0,BB,PRT,Groups,TA/TO,0,1,0,A,A,0,Non Refund,1.0,0,Transient-Party,62.0,0,0
City Hotel,1,299,2015,August,33,12,0,2,2,0.0,0,BB,PRT,Groups,TA/TO,0,1,0,A,A,0,Non Refund,1.0,0,Transient-Party,62.0,0,0
City Hotel,1,299,2015,August,33,12,0,2,2,0.0,0,BB,PRT,Groups,TA/TO,0,1,0,A,A,0,Non Refund,1.0,0,Transient-Party,62.0,0,0
City Hotel,1,299,2015,August,33,12,0,2,2,0.0,0,BB,PRT,Groups,TA/TO,0,1,0,A,A,0,Non Refund,1.0,0,Transient-Party,62.0,0,0
City Hotel,1,299,2015,August,33,12,0,2,2,0.0,0,BB,PRT,Groups,TA/TO,0,1,0,A,A,0,Non Refund,1.0,0,Transient-Party,62.0,0,0
City Hotel,1,299,2015,August,33,12,0,2,2,0.0,0,BB,PRT,Groups,TA/TO,0,1,0,A,A,0,Non Refund,1.0,0,Transient-Party,62.0,0,0
City Hotel,1,299,2015,August,33,12,0,2,2,0.0,0,BB,PRT,Groups,TA/TO,0,1,0,A,A,0,Non Refund,1.0,0,Transient-Party,62.0,0,0
City Hotel,1,299,2015,August,33,12,0,2,2,0.0,0,BB,PRT,Groups,TA/TO,0,1,0,A,A,0,Non Refund,1.0,0,Transient-Party,62.0,0,0
City Hotel,1,304,2015,August,34,17,1,1,2,0.0,0,BB,PRT,Groups,TA/TO,0,1,0,A,A,0,Non Refund,1.0,0,Transient-Party,62.0,0,0
City Hotel,1,304,2015,August,34,17,1,1,2,0.0,0,BB,PRT,Groups,TA/TO,0,1,0,A,A,0,Non Refund,1.0,0,Transient-Party,62.0,0,0
City Hotel,1,304,2015,August,34,17,1,1,2,0.0,0,BB,PRT,Groups,TA/TO,0,1,0,A,A,0,Non Refund,1.0,0,Transient-Party,62.0,0,0
City Hotel,1,304,2015,August,34,17,1,1,2,0.0,0,BB,PRT,Groups,TA/TO,0,1,0,A,A,0,Non Refund,1.0,0,Transient-Party,62.0,0,0
City Hotel,1,304,2015,August,34,17,1,1,2,0.0,0,BB,PRT,Groups,TA/TO,0,1,0,A,A,0,Non Refund,1.0,0,Transient-Party,62.0,0,0
City Hotel,1,304,2015,August,34,17,1,1,2,0.0,0,BB,PRT,Groups,TA/TO,0,1,0,A,A,0,Non Refund,1.0,0,Transient-Party,62.0,0,0
City Hotel,1,304,2015,August,34,17,1,1,2,0.0,0,BB,PRT,Groups,TA/TO,0,1,0,A,A,0,Non Refund,1.0,0,Transient-Party,62.0,0,0
City Hotel,1,304,2015,August,34,17,1,1,2,0.0,0,BB,PRT,Groups,TA/TO,0,1,0,A,A,0,Non Refund,1.0,0,Transient-Party,62.0,0,0
City Hotel,1,304,2015,August,34,17,1,1,2,0.0,0,BB,PRT,Groups,TA/TO,0,1,0,A,A,0,Non Refund,1.0,0,Transient-Party,62.0,0,0
City Hotel,1,304,2015,August,34,17,1,1,2,0.0,0,BB,PRT,Groups,TA/TO,0,1,0,A,A,0,Non Refund,1.0,0,Transient-Party,62.0,0,0
City Hotel,1,304,2015,August,34,17,1,1,2,0.0,0,BB,PRT,Groups,TA/TO,0,1,0,A,A,0,Non Refund,1.0,0,Transient-Party,62.0,0,0
City Hotel,1,304,2015,August,34,17,1,1,2,0.0,0,BB,PRT,Groups,TA/TO,0,1,0,A,A,0,Non Refund,1.0,0,Transient-Party,62.0,0,0
City Hotel,1,304,2015,August,34,17,1,1,2,0.0,0,BB,PRT,Groups,TA/TO,0,1,0,A,A,0,Non Refund,1.0,0,Transient-Party,62.0,0,0
City Hotel,1,304,2015,August,34,17,1,1,2,0.0,0,BB,PRT,Groups,TA/TO,0,1,0,A,A,0,Non Refund,1.0,0,Transient-Party,62.0,0,0
City Hotel,1,304,2015,August,34,17,1,1,2,0.0,0,BB,PRT,Groups,TA/TO,0,1,0,A,A,0,Non Refund,1.0,0,Transient-Party,62.0,0,0
City Hotel,1,304,2015,August,34,17,1,1,2,0.0,0,BB,PRT,Groups,TA/TO,0,1,0,A,A,0,Non Refund,1.0,0,Transient-Party,62.0,0,0
City Hotel,1,304,2015,August,34,17,1,1,2,0.0,0,BB,PRT,Groups,TA/TO,0,1,0,A,A,0,Non Refund,1.0,0,Transient-Party,62.0,0,0
City Hotel,1,304,2015,August,34,17,1,1,2,0.0,0,BB,PRT,Groups,TA/TO,0,1,0,A,A,0,Non Refund,1.0,0,Transient-Party,62.0,0,0
City Hotel,1,304,2015,August,34,17,1,1,2,0.0,0,BB,PRT,Groups,TA/TO,0,1,0,A,A,0,Non Refund,1.0,0,Transient-Party,62.0,0,0
City Hotel,1,304,2015,August,34,17,1,1,2,0.0,0,BB,PRT,Groups,TA/TO,0,1,0,A,A,0,Non Refund,1.0,0,Transient-Party,62.0,0,0
City Hotel,1,304,2015,August,34,17,1,1,2,0.0,0,BB,PRT,Groups,TA/TO,0,1,0,A,A,0,Non Refund,1.0,0,Transient-Party,62.0,0,0
City Hotel,1,304,2015,August,34,17,1,1,2,0.0,0,BB,PRT,Groups,TA/TO,0,1,0,A,A,0,Non Refund,1.0,0,Transient-Party,62.0,0,0
City Hotel,1,304,2015,August,34,17,1,1,2,0.0,0,BB,PRT,Groups,TA/TO,0,1,0,A,A,0,Non Refund,1.0,0,Transient-Party,62.0,0,0
City Hotel,1,304,2015,August,34,17,1,1,2,0.0,0,BB,PRT,Groups,TA/TO,0,1,0,A,A,0,Non Refund,1.0,0,Transient-Party,62.0,0,0
City Hotel,1,304,2015,August,34,17,1,1,2,0.0,0,BB,PRT,Groups,TA/TO,0,1,0,A,A,0,Non Refund,1.0,0,Transient-Party,62.0,0,0
City Hotel,1,304,2015,August,34,17,1,1,2,0.0,0,BB,PRT,Groups,TA/TO,0,1,0,A,A,0,Non Refund,1.0,0,Transient-Party,62.0,0,0
City Hotel,1,304,2015,August,34,17,1,1,2,0.0,0,BB,PRT,Groups,TA/TO,0,1,0,A,A,0,Non Refund,1.0,0,Transient-Party,62.0,0,0
City Hotel,1,304,2015,August,34,17,1,1,2,0.0,0,BB,PRT,Groups,TA/TO,0,1,0,A,A,0,Non Refund,1.0,0,Transient-Party,62.0,0,0
City Hotel,1,304,2015,August,34,17,1,1,2,0.0,0,BB,PRT,Groups,TA/TO,0,1,0,A,A,0,Non Refund,1.0,0,Transient-Party,62.0,0,0
City Hotel,1,311,2015,August,35,24,1,1,2,0.0,0,BB,PRT,Groups,TA/TO,0,1,0,A,A,0,Non Refund,1.0,0,Transient-Party,62.0,0,0
City Hotel,1,311,2015,August,35,24,1,1,2,0.0,0,BB,PRT,Groups,TA/TO,0,1,0,A,A,0,Non Refund,1.0,0,Transient-Party,62.0,0,0
City Hotel,1,311,2015,August,35,24,1,1,2,0.0,0,BB,PRT,Groups,TA/TO,0,1,0,A,A,0,Non Refund,1.0,0,Transient-Party,62.0,0,0
City Hotel,1,311,2015,August,35,24,1,1,2,0.0,0,BB,PRT,Groups,TA/TO,0,1,0,A,A,0,Non Refund,1.0,0,Transient-Party,62.0,0,0
City Hotel,1,311,2015,August,35,24,1,1,2,0.0,0,BB,PRT,Groups,TA/TO,0,1,0,A,A,0,Non Refund,1.0,0,Transient-Party,62.0,0,0
City Hotel,1,311,2015,August,35,24,1,1,2,0.0,0,BB,PRT,Groups,TA/TO,0,1,0,A,A,0,Non Refund,1.0,0,Transient-Party,62.0,0,0
City Hotel,1,311,2015,August,35,24,1,1,2,0.0,0,BB,PRT,Groups,TA/TO,0,1,0,A,A,0,Non Refund,1.0,0,Transient-Party,62.0,0,0
City Hotel,1,311,2015,August,35,24,1,1,2,0.0,0,BB,PRT,Groups,TA/TO,0,1,0,A,A,0,Non Refund,1.0,0,Transient-Party,62.0,0,0
City Hotel,1,311,2015,August,35,24,1,1,2,0.0,0,BB,PRT,Groups,TA/TO,0,1,0,A,A,0,Non Refund,1.0,0,Transient-Party,62.0,0,0
City Hotel,1,311,2015,August,35,24,1,1,2,0.0,0,BB,PRT,Groups,TA/TO,0,1,0,A,A,0,Non Refund,1.0,0,Transient-Party,62.0,0,0
City Hotel,1,311,2015,August,35,24,1,1,2,0.0,0,BB,PRT,Groups,TA/TO,0,1,0,A,A,0,Non Refund,1.0,0,Transient-Party,62.0,0,0
City Hotel,1,311,2015,August,35,24,1,1,2,0.0,0,BB,PRT,Groups,TA/TO,0,1,0,A,A,0,Non Refund,1.0,0,Transient-Party,62.0,0,0
City Hotel,1,311,2015,August,35,24,1,1,2,0.0,0,BB,PRT,Groups,TA/TO,0,1,0,A,A,0,Non Refund,1.0,0,Transient-Party,62.0,0,0
City Hotel,1,311,2015,August,35,24,1,1,2,0.0,0,BB,PRT,Groups,TA/TO,0,1,0,A,A,0,Non Refund,1.0,0,Transient-Party,62.0,0,0
City Hotel,1,311,2015,August,35,24,1,1,2,0.0,0,BB,PRT,Groups,TA/TO,0,1,0,A,A,0,Non Refund,1.0,0,Transient-Party,62.0,0,0
City Hotel,1,311,2015,August,35,24,1,1,2,0.0,0,BB,PRT,Groups,TA/TO,0,1,0,A,A,0,Non Refund,1.0,0,Transient-Party,62.0,0,0
City Hotel,1,311,2015,August,35,24,1,1,2,0.0,0,BB,PRT,Groups,TA/TO,0,1,0,A,A,0,Non Refund,1.0,0,Transient-Party,62.0,0,0
City Hotel,1,311,2015,August,35,24,1,1,2,0.0,0,BB,PRT,Groups,TA/TO,0,1,0,A,A,0,Non Refund,1.0,0,Transient-Party,62.0,0,0
City Hotel,1,311,2015,August,35,24,1,1,2,0.0,0,BB,PRT,Groups,TA/TO,0,1,0,A,A,0,Non Refund,1.0,0,Transient-Party,62.0,0,0
City Hotel,1,311,2015,August,35,24,1,1,2,0.0,0,BB,PRT,Groups,TA/TO,0,1,0,A,A,0,Non Refund,1.0,0,Transient-Party,62.0,0,0
City Hotel,1,311,2015,August,35,24,1,1,2,0.0,0,BB,PRT,Groups,TA/TO,0,1,0,A,A,0,Non Refund,1.0,0,Transient-Party,62.0,0,0
City Hotel,1,311,2015,August,35,24,1,1,2,0.0,0,BB,PRT,Groups,TA/TO,0,1,0,A,A,0,Non Refund,1.0,0,Transient-Party,62.0,0,0
City Hotel,1,311,2015,August,35,24,1,1,2,0.0,0,BB,PRT,Groups,TA/TO,0,1,0,A,A,0,Non Refund,1.0,0,Transient-Party,62.0,0,0
City Hotel,1,311,2015,August,35,24,1,1,2,0.0,0,BB,PRT,Groups,TA/TO,0,1,0,A,A,0,Non Refund,1.0,0,Transient-Party,62.0,0,0
City Hotel,1,311,2015,August,35,24,1,1,2,0.0,0,BB,PRT,Groups,TA/TO,0,1,0,A,A,0,Non Refund,1.0,0,Transient-Party,62.0,0,0
City Hotel,1,311,2015,August,35,24,1,1,2,0.0,0,BB,PRT,Groups,TA/TO,0,1,0,A,A,0,Non Refund,1.0,0,Transient-Party,62.0,0,0
City Hotel,1,311,2015,August,35,24,1,1,2,0.0,0,BB,PRT,Groups,TA/TO,0,1,0,A,A,0,Non Refund,1.0,0,Transient-Party,62.0,0,0
City Hotel,1,311,2015,August,35,24,1,1,2,0.0,0,BB,PRT,Groups,TA/TO,0,1,0,A,A,0,Non Refund,1.0,0,Transient-Party,62.0,0,0
City Hotel,1,311,2015,August,35,24,1,1,2,0.0,0,BB,PRT,Groups,TA/TO,0,1,0,A,A,0,Non Refund,1.0,0,Transient-Party,62.0,0,0
City Hotel,1,313,2015,August,35,26,0,2,2,0.0,0,BB,PRT,Groups,TA/TO,0,1,0,A,A,0,Non Refund,1.0,0,Transient-Party,62.0,0,0
City Hotel,1,313,2015,August,35,26,0,2,2,0.0,0,BB,PRT,Groups,TA/TO,0,1,0,A,A,0,Non Refund,1.0,0,Transient-Party,62.0,0,0
City Hotel,1,313,2015,August,35,26,0,2,2,0.0,0,BB,PRT,Groups,TA/TO,0,1,0,A,A,0,Non Refund,1.0,0,Transient-Party,62.0,0,0
City Hotel,1,313,2015,August,35,26,0,2,2,0.0,0,BB,PRT,Groups,TA/TO,0,1,0,A,A,0,Non Refund,1.0,0,Transient-Party,62.0,0,0
City Hotel,1,313,2015,August,35,26,0,2,2,0.0,0,BB,PRT,Groups,TA/TO,0,1,0,A,A,0,Non Refund,1.0,0,Transient-Party,62.0,0,0
City Hotel,1,313,2015,August,35,26,0,2,2,0.0,0,BB,PRT,Groups,TA/TO,0,1,0,A,A,0,Non Refund,1.0,0,Transient-Party,62.0,0,0
City Hotel,1,313,2015,August,35,26,0,2,2,0.0,0,BB,PRT,Groups,TA/TO,0,1,0,A,A,0,Non Refund,1.0,0,Transient-Party,62.0,0,0
City Hotel,1,313,2015,August,35,26,0,2,2,0.0,0,BB,PRT,Groups,TA/TO,0,1,0,A,A,0,Non Refund,1.0,0,Transient-Party,62.0,0,0
City Hotel,1,313,2015,August,35,26,0,2,2,0.0,0,BB,PRT,Groups,TA/TO,0,1,0,A,A,0,Non Refund,1.0,0,Transient-Party,62.0,0,0
City Hotel,1,313,2015,August,35,26,0,2,2,0.0,0,BB,PRT,Groups,TA/TO,0,1,0,A,A,0,Non Refund,1.0,0,Transient-Party,62.0,0,0
City Hotel,1,313,2015,August,35,26,0,2,2,0.0,0,BB,PRT,Groups,TA/TO,0,1,0,A,A,0,Non Refund,1.0,0,Transient-Party,62.0,0,0
City Hotel,1,313,2015,August,35,26,0,2,2,0.0,0,BB,PRT,Groups,TA/TO,0,1,0,A,A,0,Non Refund,1.0,0,Transient-Party,62.0,0,0
City Hotel,1,313,2015,August,35,26,0,2,2,0.0,0,BB,PRT,Groups,TA/TO,0,1,0,A,A,0,Non Refund,1.0,0,Transient-Party,62.0,0,0
City Hotel,1,313,2015,August,35,26,0,2,2,0.0,0,BB,PRT,Groups,TA/TO,0,1,0,A,A,0,Non Refund,1.0,0,Transient-Party,62.0,0,0
City Hotel,1,313,2015,August,35,26,0,2,2,0.0,0,BB,PRT,Groups,TA/TO,0,1,0,A,A,0,Non Refund,1.0,0,Transient-Party,62.0,0,0
City Hotel,1,313,2015,August,35,26,0,2,2,0.0,0,BB,PRT,Groups,TA/TO,0,1,0,A,A,0,Non Refund,1.0,0,Transient-Party,62.0,0,0
City Hotel,1,313,2015,August,35,26,0,2,2,0.0,0,BB,PRT,Groups,TA/TO,0,1,0,A,A,0,Non Refund,1.0,0,Transient-Party,62.0,0,0
City Hotel,1,313,2015,August,35,26,0,2,2,0.0,0,BB,PRT,Groups,TA/TO,0,1,0,A,A,0,Non Refund,1.0,0,Transient-Party,62.0,0,0
City Hotel,1,313,2015,August,35,26,0,2,2,0.0,0,BB,PRT,Groups,TA/TO,0,1,0,A,A,0,Non Refund,1.0,0,Transient-Party,62.0,0,0
City Hotel,1,313,2015,August,35,26,0,2,2,0.0,0,BB,PRT,Groups,TA/TO,0,1,0,A,A,0,Non Refund,1.0,0,Transient-Party,62.0,0,0
City Hotel,1,313,2015,August,35,26,0,2,2,0.0,0,BB,PRT,Groups,TA/TO,0,1,0,A,A,0,Non Refund,1.0,0,Transient-Party,62.0,0,0
City Hotel,1,313,2015,August,35,26,0,2,2,0.0,0,BB,PRT,Groups,TA/TO,0,1,0,A,A,0,Non Refund,1.0,0,Transient-Party,62.0,0,0
City Hotel,1,313,2015,August,35,26,0,2,2,0.0,0,BB,PRT,Groups,TA/TO,0,1,0,A,A,0,Non Refund,1.0,0,Transient-Party,62.0,0,0
City Hotel,1,313,2015,August,35,26,0,2,2,0.0,0,BB,PRT,Groups,TA/TO,0,1,0,A,A,0,Non Refund,1.0,0,Transient-Party,62.0,0,0
City Hotel,1,313,2015,August,35,26,0,2,2,0.0,0,BB,PRT,Groups,TA/TO,0,1,0,A,A,0,Non Refund,1.0,0,Transient-Party,62.0,0,0
City Hotel,1,313,2015,August,35,26,0,2,2,0.0,0,BB,PRT,Groups,TA/TO,0,1,0,A,A,0,Non Refund,1.0,0,Transient-Party,62.0,0,0
City Hotel,1,313,2015,August,35,26,0,2,2,0.0,0,BB,PRT,Groups,TA/TO,0,1,0,A,A,0,Non Refund,1.0,0,Transient-Party,62.0,0,0
City Hotel,1,313,2015,August,35,26,0,2,2,0.0,0,BB,PRT,Groups,TA/TO,0,1,0,A,A,0,Non Refund,1.0,0,Transient-Party,62.0,0,0
City Hotel,1,313,2015,August,35,26,0,2,2,0.0,0,BB,PRT,Groups,TA/TO,0,1,0,A,A,0,Non Refund,1.0,0,Transient-Party,62.0,0,0
City Hotel,1,323,2015,September,36,5,1,1,2,0.0,0,BB,PRT,Groups,TA/TO,0,1,0,A,A,0,Non Refund,1.0,0,Transient-Party,62.0,0,0
City Hotel,1,323,2015,September,36,5,1,1,2,0.0,0,BB,PRT,Groups,TA/TO,0,1,0,A,A,0,Non Refund,1.0,0,Transient-Party,62.0,0,0
City Hotel,1,323,2015,September,36,5,1,1,2,0.0,0,BB,PRT,Groups,TA/TO,0,1,0,A,A,0,Non Refund,1.0,0,Transient-Party,62.0,0,0
City Hotel,1,323,2015,September,36,5,1,1,2,0.0,0,BB,PRT,Groups,TA/TO,0,1,0,A,A,0,Non Refund,1.0,0,Transient-Party,62.0,0,0
City Hotel,1,323,2015,September,36,5,1,1,2,0.0,0,BB,PRT,Groups,TA/TO,0,1,0,A,A,0,Non Refund,1.0,0,Transient-Party,62.0,0,0
City Hotel,1,323,2015,September,36,5,1,1,2,0.0,0,BB,PRT,Groups,TA/TO,0,1,0,A,A,0,Non Refund,1.0,0,Transient-Party,62.0,0,0
City Hotel,1,323,2015,September,36,5,1,1,2,0.0,0,BB,PRT,Groups,TA/TO,0,1,0,A,A,0,Non Refund,1.0,0,Transient-Party,62.0,0,0
City Hotel,1,323,2015,September,36,5,1,1,2,0.0,0,BB,PRT,Groups,TA/TO,0,1,0,A,A,0,Non Refund,1.0,0,Transient-Party,62.0,0,0
City Hotel,1,323,2015,September,36,5,1,1,2,0.0,0,BB,PRT,Groups,TA/TO,0,1,0,A,A,0,Non Refund,1.0,0,Transient-Party,62.0,0,0
City Hotel,1,323,2015,September,36,5,1,1,2,0.0,0,BB,PRT,Groups,TA/TO,0,1,0,A,A,0,Non Refund,1.0,0,Transient-Party,62.0,0,0
City Hotel,1,323,2015,September,36,5,1,1,2,0.0,0,BB,PRT,Groups,TA/TO,0,1,0,A,A,0,Non Refund,1.0,0,Transient-Party,62.0,0,0
City Hotel,1,323,2015,September,36,5,1,1,2,0.0,0,BB,PRT,Groups,TA/TO,0,1,0,A,A,0,Non Refund,1.0,0,Transient-Party,62.0,0,0
City Hotel,1,323,2015,September,36,5,1,1,2,0.0,0,BB,PRT,Groups,TA/TO,0,1,0,A,A,0,Non Refund,1.0,0,Transient-Party,62.0,0,0
City Hotel,1,323,2015,September,36,5,1,1,2,0.0,0,BB,PRT,Groups,TA/TO,0,1,0,A,A,0,Non Refund,1.0,0,Transient-Party,62.0,0,0
City Hotel,1,323,2015,September,36,5,1,1,2,0.0,0,BB,PRT,Groups,TA/TO,0,1,0,A,A,0,Non Refund,1.0,0,Transient-Party,62.0,0,0
City Hotel,1,323,2015,September,36,5,1,1,2,0.0,0,BB,PRT,Groups,TA/TO,0,1,0,A,A,0,Non Refund,1.0,0,Transient-Party,62.0,0,0
City Hotel,1,323,2015,September,36,5,1,1,2,0.0,0,BB,PRT,Groups,TA/TO,0,1,0,A,A,0,Non Refund,1.0,0,Transient-Party,62.0,0,0
City Hotel,1,323,2015,September,36,5,1,1,2,0.0,0,BB,PRT,Groups,TA/TO,0,1,0,A,A,0,Non Refund,1.0,0,Transient-Party,62.0,0,0
City Hotel,1,323,2015,September,36,5,1,1,2,0.0,0,BB,PRT,Groups,TA/TO,0,1,0,A,A,0,Non Refund,1.0,0,Transient-Party,62.0,0,0
City Hotel,1,323,2015,September,36,5,1,1,2,0.0,0,BB,PRT,Groups,TA/TO,0,1,0,A,A,0,Non Refund,1.0,0,Transient-Party,62.0,0,0
City Hotel,1,323,2015,September,36,5,1,1,2,0.0,0,BB,PRT,Groups,TA/TO,0,1,0,A,A,0,Non Refund,1.0,0,Transient-Party,62.0,0,0
City Hotel,1,323,2015,September,36,5,1,1,2,0.0,0,BB,PRT,Groups,TA/TO,0,1,0,A,A,0,Non Refund,1.0,0,Transient-Party,62.0,0,0
City Hotel,1,323,2015,September,36,5,1,1,2,0.0,0,BB,PRT,Groups,TA/TO,0,1,0,A,A,0,Non Refund,1.0,0,Transient-Party,62.0,0,0
City Hotel,1,323,2015,September,36,5,1,1,2,0.0,0,BB,PRT,Groups,TA/TO,0,1,0,A,A,0,Non Refund,1.0,0,Transient-Party,62.0,0,0
City Hotel,1,323,2015,September,36,5,1,1,2,0.0,0,BB,PRT,Groups,TA/TO,0,1,0,A,A,0,Non Refund,1.0,0,Transient-Party,62.0,0,0
City Hotel,1,323,2015,September,36,5,1,1,2,0.0,0,BB,PRT,Groups,TA/TO,0,1,0,A,A,0,Non Refund,1.0,0,Transient-Party,62.0,0,0
City Hotel,1,323,2015,September,36,5,1,1,2,0.0,0,BB,PRT,Groups,TA/TO,0,1,0,A,A,0,Non Refund,1.0,0,Transient-Party,62.0,0,0
City Hotel,1,323,2015,September,36,5,1,1,2,0.0,0,BB,PRT,Groups,TA/TO,0,1,0,A,A,0,Non Refund,1.0,0,Transient-Party,62.0,0,0
City Hotel,1,323,2015,September,36,5,1,1,2,0.0,0,BB,PRT,Groups,TA/TO,0,1,0,A,A,0,Non Refund,1.0,0,Transient-Party,62.0,0,0
City Hotel,1,327,2015,September,37,9,0,2,2,0.0,0,BB,PRT,Groups,TA/TO,0,1,0,A,A,0,Non Refund,1.0,0,Transient-Party,62.0,0,0
City Hotel,1,327,2015,September,37,9,0,2,2,0.0,0,BB,PRT,Groups,TA/TO,0,1,0,A,A,0,Non Refund,1.0,0,Transient-Party,62.0,0,0
City Hotel,1,327,2015,September,37,9,0,2,2,0.0,0,BB,PRT,Groups,TA/TO,0,1,0,A,A,0,Non Refund,1.0,0,Transient-Party,62.0,0,0
City Hotel,1,327,2015,September,37,9,0,2,2,0.0,0,BB,PRT,Groups,TA/TO,0,1,0,A,A,0,Non Refund,1.0,0,Transient-Party,62.0,0,0
City Hotel,1,327,2015,September,37,9,0,2,2,0.0,0,BB,PRT,Groups,TA/TO,0,1,0,A,A,0,Non Refund,1.0,0,Transient-Party,62.0,0,0
City Hotel,1,327,2015,September,37,9,0,2,2,0.0,0,BB,PRT,Groups,TA/TO,0,1,0,A,A,0,Non Refund,1.0,0,Transient-Party,62.0,0,0
City Hotel,1,327,2015,September,37,9,0,2,2,0.0,0,BB,PRT,Groups,TA/TO,0,1,0,A,A,0,Non Refund,1.0,0,Transient-Party,62.0,0,0
City Hotel,1,327,2015,September,37,9,0,2,2,0.0,0,BB,PRT,Groups,TA/TO,0,1,0,A,A,0,Non Refund,1.0,0,Transient-Party,62.0,0,0
City Hotel,1,327,2015,September,37,9,0,2,2,0.0,0,BB,PRT,Groups,TA/TO,0,1,0,A,A,0,Non Refund,1.0,0,Transient-Party,62.0,0,0
City Hotel,1,327,2015,September,37,9,0,2,2,0.0,0,BB,PRT,Groups,TA/TO,0,1,0,A,A,0,Non Refund,1.0,0,Transient-Party,62.0,0,0
City Hotel,1,327,2015,September,37,9,0,2,2,0.0,0,BB,PRT,Groups,TA/TO,0,1,0,A,A,0,Non Refund,1.0,0,Transient-Party,62.0,0,0
City Hotel,1,327,2015,September,37,9,0,2,2,0.0,0,BB,PRT,Groups,TA/TO,0,1,0,A,A,0,Non Refund,1.0,0,Transient-Party,62.0,0,0
City Hotel,1,327,2015,September,37,9,0,2,2,0.0,0,BB,PRT,Groups,TA/TO,0,1,0,A,A,0,Non Refund,1.0,0,Transient-Party,62.0,0,0
City Hotel,1,327,2015,September,37,9,0,2,2,0.0,0,BB,PRT,Groups,TA/TO,0,1,0,A,A,0,Non Refund,1.0,0,Transient-Party,62.0,0,0
City Hotel,1,327,2015,September,37,9,0,2,2,0.0,0,BB,PRT,Groups,TA/TO,0,1,0,A,A,0,Non Refund,1.0,0,Transient-Party,62.0,0,0
City Hotel,1,327,2015,September,37,9,0,2,2,0.0,0,BB,PRT,Groups,TA/TO,0,1,0,A,A,0,Non Refund,1.0,0,Transient-Party,62.0,0,0
City Hotel,1,327,2015,September,37,9,0,2,2,0.0,0,BB,PRT,Groups,TA/TO,0,1,0,A,A,0,Non Refund,1.0,0,Transient-Party,62.0,0,0
City Hotel,1,327,2015,September,37,9,0,2,2,0.0,0,BB,PRT,Groups,TA/TO,0,1,0,A,A,0,Non Refund,1.0,0,Transient-Party,62.0,0,0
City Hotel,1,327,2015,September,37,9,0,2,2,0.0,0,BB,PRT,Groups,TA/TO,0,1,0,A,A,0,Non Refund,1.0,0,Transient-Party,62.0,0,0
City Hotel,1,327,2015,September,37,9,0,2,2,0.0,0,BB,PRT,Groups,TA/TO,0,1,0,A,A,0,Non Refund,1.0,0,Transient-Party,62.0,0,0
City Hotel,1,327,2015,September,37,9,0,2,2,0.0,0,BB,PRT,Groups,TA/TO,0,1,0,A,A,0,Non Refund,1.0,0,Transient-Party,62.0,0,0
City Hotel,1,327,2015,September,37,9,0,2,2,0.0,0,BB,PRT,Groups,TA/TO,0,1,0,A,A,0,Non Refund,1.0,0,Transient-Party,62.0,0,0
City Hotel,1,327,2015,September,37,9,0,2,2,0.0,0,BB,PRT,Groups,TA/TO,0,1,0,A,A,0,Non Refund,1.0,0,Transient-Party,62.0,0,0
City Hotel,1,327,2015,September,37,9,0,2,2,0.0,0,BB,PRT,Groups,TA/TO,0,1,0,A,A,0,Non Refund,1.0,0,Transient-Party,62.0,0,0
City Hotel,1,327,2015,September,37,9,0,2,2,0.0,0,BB,PRT,Groups,TA/TO,0,1,0,A,A,0,Non Refund,1.0,0,Transient-Party,62.0,0,0
City Hotel,1,327,2015,September,37,9,0,2,2,0.0,0,BB,PRT,Groups,TA/TO,0,1,0,A,A,0,Non Refund,1.0,0,Transient-Party,62.0,0,0
City Hotel,1,327,2015,September,37,9,0,2,2,0.0,0,BB,PRT,Groups,TA/TO,0,1,0,A,A,0,Non Refund,1.0,0,Transient-Party,62.0,0,0
City Hotel,1,327,2015,September,37,9,0,2,2,0.0,0,BB,PRT,Groups,TA/TO,0,1,0,A,A,0,Non Refund,1.0,0,Transient-Party,62.0,0,0
City Hotel,1,327,2015,September,37,9,0,2,2,0.0,0,BB,PRT,Groups,TA/TO,0,1,0,A,A,0,Non Refund,1.0,0,Transient-Party,62.0,0,0
City Hotel,1,334,2015,September,38,16,0,2,2,0.0,0,BB,PRT,Groups,TA/TO,0,1,0,A,A,0,Non Refund,1.0,0,Transient-Party,62.0,0,0
City Hotel,1,334,2015,September,38,16,0,2,2,0.0,0,BB,PRT,Groups,TA/TO,0,1,0,A,A,0,Non Refund,1.0,0,Transient-Party,62.0,0,0
City Hotel,1,334,2015,September,38,16,0,2,2,0.0,0,BB,PRT,Groups,TA/TO,0,1,0,A,A,0,Non Refund,1.0,0,Transient-Party,62.0,0,0
City Hotel,1,334,2015,September,38,16,0,2,2,0.0,0,BB,PRT,Groups,TA/TO,0,1,0,A,A,0,Non Refund,1.0,0,Transient-Party,62.0,0,0
City Hotel,1,334,2015,September,38,16,0,2,2,0.0,0,BB,PRT,Groups,TA/TO,0,1,0,A,A,0,Non Refund,1.0,0,Transient-Party,62.0,0,0
City Hotel,1,334,2015,September,38,16,0,2,2,0.0,0,BB,PRT,Groups,TA/TO,0,1,0,A,A,0,Non Refund,1.0,0,Transient-Party,62.0,0,0
City Hotel,1,334,2015,September,38,16,0,2,2,0.0,0,BB,PRT,Groups,TA/TO,0,1,0,A,A,0,Non Refund,1.0,0,Transient-Party,62.0,0,0
City Hotel,1,334,2015,September,38,16,0,2,2,0.0,0,BB,PRT,Groups,TA/TO,0,1,0,A,A,0,Non Refund,1.0,0,Transient-Party,62.0,0,0
City Hotel,1,334,2015,September,38,16,0,2,2,0.0,0,BB,PRT,Groups,TA/TO,0,1,0,A,A,0,Non Refund,1.0,0,Transient-Party,62.0,0,0
City Hotel,1,334,2015,September,38,16,0,2,2,0.0,0,BB,PRT,Groups,TA/TO,0,1,0,A,A,0,Non Refund,1.0,0,Transient-Party,62.0,0,0
City Hotel,1,334,2015,September,38,16,0,2,2,0.0,0,BB,PRT,Groups,TA/TO,0,1,0,A,A,0,Non Refund,1.0,0,Transient-Party,62.0,0,0
City Hotel,1,334,2015,September,38,16,0,2,2,0.0,0,BB,PRT,Groups,TA/TO,0,1,0,A,A,0,Non Refund,1.0,0,Transient-Party,62.0,0,0
City Hotel,1,334,2015,September,38,16,0,2,2,0.0,0,BB,PRT,Groups,TA/TO,0,1,0,A,A,0,Non Refund,1.0,0,Transient-Party,62.0,0,0
City Hotel,1,334,2015,September,38,16,0,2,2,0.0,0,BB,PRT,Groups,TA/TO,0,1,0,A,A,0,Non Refund,1.0,0,Transient-Party,62.0,0,0
City Hotel,1,334,2015,September,38,16,0,2,2,0.0,0,BB,PRT,Groups,TA/TO,0,1,0,A,A,0,Non Refund,1.0,0,Transient-Party,62.0,0,0
City Hotel,1,334,2015,September,38,16,0,2,2,0.0,0,BB,PRT,Groups,TA/TO,0,1,0,A,A,0,Non Refund,1.0,0,Transient-Party,62.0,0,0
City Hotel,1,334,2015,September,38,16,0,2,2,0.0,0,BB,PRT,Groups,TA/TO,0,1,0,A,A,0,Non Refund,1.0,0,Transient-Party,62.0,0,0
City Hotel,1,334,2015,September,38,16,0,2,2,0.0,0,BB,PRT,Groups,TA/TO,0,1,0,A,A,0,Non Refund,1.0,0,Transient-Party,62.0,0,0
City Hotel,1,334,2015,September,38,16,0,2,2,0.0,0,BB,PRT,Groups,TA/TO,0,1,0,A,A,0,Non Refund,1.0,0,Transient-Party,62.0,0,0
City Hotel,1,334,2015,September,38,16,0,2,2,0.0,0,BB,PRT,Groups,TA/TO,0,1,0,A,A,0,Non Refund,1.0,0,Transient-Party,62.0,0,0
City Hotel,1,334,2015,September,38,16,0,2,2,0.0,0,BB,PRT,Groups,TA/TO,0,1,0,A,A,0,Non Refund,1.0,0,Transient-Party,62.0,0,0
City Hotel,1,334,2015,September,38,16,0,2,2,0.0,0,BB,PRT,Groups,TA/TO,0,1,0,A,A,0,Non Refund,1.0,0,Transient-Party,62.0,0,0
City Hotel,1,334,2015,September,38,16,0,2,2,0.0,0,BB,PRT,Groups,TA/TO,0,1,0,A,A,0,Non Refund,1.0,0,Transient-Party,62.0,0,0
City Hotel,1,334,2015,September,38,16,0,2,2,0.0,0,BB,PRT,Groups,TA/TO,0,1,0,A,A,0,Non Refund,1.0,0,Transient-Party,62.0,0,0
City Hotel,1,334,2015,September,38,16,0,2,2,0.0,0,BB,PRT,Groups,TA/TO,0,1,0,A,A,0,Non Refund,1.0,0,Transient-Party,62.0,0,0
City Hotel,1,334,2015,September,38,16,0,2,2,0.0,0,BB,PRT,Groups,TA/TO,0,1,0,A,A,0,Non Refund,1.0,0,Transient-Party,62.0,0,0
City Hotel,1,334,2015,September,38,16,0,2,2,0.0,0,BB,PRT,Groups,TA/TO,0,1,0,A,A,0,Non Refund,1.0,0,Transient-Party,62.0,0,0
City Hotel,1,334,2015,September,38,16,0,2,2,0.0,0,BB,PRT,Groups,TA/TO,0,1,0,A,A,0,Non Refund,1.0,0,Transient-Party,62.0,0,0
City Hotel,1,334,2015,September,38,16,0,2,2,0.0,0,BB,PRT,Groups,TA/TO,0,1,0,A,A,0,Non Refund,1.0,0,Transient-Party,62.0,0,0
City Hotel,1,341,2015,September,39,23,0,2,2,0.0,0,BB,PRT,Groups,TA/TO,0,1,0,A,A,0,Non Refund,1.0,0,Transient-Party,62.0,0,0
City Hotel,1,341,2015,September,39,23,0,2,2,0.0,0,BB,PRT,Groups,TA/TO,0,1,0,A,A,0,Non Refund,1.0,0,Transient-Party,62.0,0,0
City Hotel,1,341,2015,September,39,23,0,2,2,0.0,0,BB,PRT,Groups,TA/TO,0,1,0,A,A,0,Non Refund,1.0,0,Transient-Party,62.0,0,0
City Hotel,1,341,2015,September,39,23,0,2,2,0.0,0,BB,PRT,Groups,TA/TO,0,1,0,A,A,0,Non Refund,1.0,0,Transient-Party,62.0,0,0
City Hotel,1,341,2015,September,39,23,0,2,2,0.0,0,BB,PRT,Groups,TA/TO,0,1,0,A,A,0,Non Refund,1.0,0,Transient-Party,62.0,0,0
City Hotel,1,341,2015,September,39,23,0,2,2,0.0,0,BB,PRT,Groups,TA/TO,0,1,0,A,A,0,Non Refund,1.0,0,Transient-Party,62.0,0,0
City Hotel,1,341,2015,September,39,23,0,2,2,0.0,0,BB,PRT,Groups,TA/TO,0,1,0,A,A,0,Non Refund,1.0,0,Transient-Party,62.0,0,0
City Hotel,1,341,2015,September,39,23,0,2,2,0.0,0,BB,PRT,Groups,TA/TO,0,1,0,A,A,0,Non Refund,1.0,0,Transient-Party,62.0,0,0
City Hotel,1,341,2015,September,39,23,0,2,2,0.0,0,BB,PRT,Groups,TA/TO,0,1,0,A,A,0,Non Refund,1.0,0,Transient-Party,62.0,0,0
City Hotel,1,341,2015,September,39,23,0,2,2,0.0,0,BB,PRT,Groups,TA/TO,0,1,0,A,A,0,Non Refund,1.0,0,Transient-Party,62.0,0,0
City Hotel,1,341,2015,September,39,23,0,2,2,0.0,0,BB,PRT,Groups,TA/TO,0,1,0,A,A,0,Non Refund,1.0,0,Transient-Party,62.0,0,0
City Hotel,1,341,2015,September,39,23,0,2,2,0.0,0,BB,PRT,Groups,TA/TO,0,1,0,A,A,0,Non Refund,1.0,0,Transient-Party,62.0,0,0
City Hotel,1,341,2015,September,39,23,0,2,2,0.0,0,BB,PRT,Groups,TA/TO,0,1,0,A,A,0,Non Refund,1.0,0,Transient-Party,62.0,0,0
City Hotel,1,341,2015,September,39,23,0,2,2,0.0,0,BB,PRT,Groups,TA/TO,0,1,0,A,A,0,Non Refund,1.0,0,Transient-Party,62.0,0,0
City Hotel,1,341,2015,September,39,23,0,2,2,0.0,0,BB,PRT,Groups,TA/TO,0,1,0,A,A,0,Non Refund,1.0,0,Transient-Party,62.0,0,0
City Hotel,1,341,2015,September,39,23,0,2,2,0.0,0,BB,PRT,Groups,TA/TO,0,1,0,A,A,0,Non Refund,1.0,0,Transient-Party,62.0,0,0
City Hotel,1,341,2015,September,39,23,0,2,2,0.0,0,BB,PRT,Groups,TA/TO,0,1,0,A,A,0,Non Refund,1.0,0,Transient-Party,62.0,0,0
City Hotel,1,341,2015,September,39,23,0,2,2,0.0,0,BB,PRT,Groups,TA/TO,0,1,0,A,A,0,Non Refund,1.0,0,Transient-Party,62.0,0,0
City Hotel,1,341,2015,September,39,23,0,2,2,0.0,0,BB,PRT,Groups,TA/TO,0,1,0,A,A,0,Non Refund,1.0,0,Transient-Party,62.0,0,0
City Hotel,1,341,2015,September,39,23,0,2,2,0.0,0,BB,PRT,Groups,TA/TO,0,1,0,A,A,0,Non Refund,1.0,0,Transient-Party,62.0,0,0
City Hotel,1,341,2015,September,39,23,0,2,2,0.0,0,BB,PRT,Groups,TA/TO,0,1,0,A,A,0,Non Refund,1.0,0,Transient-Party,62.0,0,0
City Hotel,1,341,2015,September,39,23,0,2,2,0.0,0,BB,PRT,Groups,TA/TO,0,1,0,A,A,0,Non Refund,1.0,0,Transient-Party,62.0,0,0
City Hotel,1,341,2015,September,39,23,0,2,2,0.0,0,BB,PRT,Groups,TA/TO,0,1,0,A,A,0,Non Refund,1.0,0,Transient-Party,62.0,0,0
City Hotel,1,341,2015,September,39,23,0,2,2,0.0,0,BB,PRT,Groups,TA/TO,0,1,0,A,A,0,Non Refund,1.0,0,Transient-Party,62.0,0,0
City Hotel,1,341,2015,September,39,23,0,2,2,0.0,0,BB,PRT,Groups,TA/TO,0,1,0,A,A,0,Non Refund,1.0,0,Transient-Party,62.0,0,0
City Hotel,1,341,2015,September,39,23,0,2,2,0.0,0,BB,PRT,Groups,TA/TO,0,1,0,A,A,0,Non Refund,1.0,0,Transient-Party,62.0,0,0
City Hotel,1,341,2015,September,39,23,0,2,2,0.0,0,BB,PRT,Groups,TA/TO,0,1,0,A,A,0,Non Refund,1.0,0,Transient-Party,62.0,0,0
City Hotel,1,341,2015,September,39,23,0,2,2,0.0,0,BB,PRT,Groups,TA/TO,0,1,0,A,A,0,Non Refund,1.0,0,Transient-Party,62.0,0,0
City Hotel,1,341,2015,September,39,23,0,2,2,0.0,0,BB,PRT,Groups,TA/TO,0,1,0,A,A,0,Non Refund,1.0,0,Transient-Party,62.0,0,0
City Hotel,1,355,2015,October,41,7,0,2,2,0.0,0,BB,PRT,Groups,TA/TO,0,1,0,A,A,0,Non Refund,1.0,0,Transient-Party,62.0,0,0
City Hotel,1,355,2015,October,41,7,0,2,2,0.0,0,BB,PRT,Groups,TA/TO,0,1,0,A,A,0,Non Refund,1.0,0,Transient-Party,62.0,0,0
City Hotel,1,355,2015,October,41,7,0,2,2,0.0,0,BB,PRT,Groups,TA/TO,0,1,0,A,A,0,Non Refund,1.0,0,Transient-Party,62.0,0,0
City Hotel,1,355,2015,October,41,7,0,2,2,0.0,0,BB,PRT,Groups,TA/TO,0,1,0,A,A,0,Non Refund,1.0,0,Transient-Party,62.0,0,0
City Hotel,1,355,2015,October,41,7,0,2,2,0.0,0,BB,PRT,Groups,TA/TO,0,1,0,A,A,0,Non Refund,1.0,0,Transient-Party,62.0,0,0
City Hotel,1,355,2015,October,41,7,0,2,2,0.0,0,BB,PRT,Groups,TA/TO,0,1,0,A,A,0,Non Refund,1.0,0,Transient-Party,62.0,0,0
City Hotel,1,355,2015,October,41,7,0,2,2,0.0,0,BB,PRT,Groups,TA/TO,0,1,0,A,A,0,Non Refund,1.0,0,Transient-Party,62.0,0,0
City Hotel,1,355,2015,October,41,7,0,2,2,0.0,0,BB,PRT,Groups,TA/TO,0,1,0,A,A,0,Non Refund,1.0,0,Transient-Party,62.0,0,0
City Hotel,1,355,2015,October,41,7,0,2,2,0.0,0,BB,PRT,Groups,TA/TO,0,1,0,A,A,0,Non Refund,1.0,0,Transient-Party,62.0,0,0
City Hotel,1,355,2015,October,41,7,0,2,2,0.0,0,BB,PRT,Groups,TA/TO,0,1,0,A,A,0,Non Refund,1.0,0,Transient-Party,62.0,0,0
City Hotel,1,355,2015,October,41,7,0,2,2,0.0,0,BB,PRT,Groups,TA/TO,0,1,0,A,A,0,Non Refund,1.0,0,Transient-Party,62.0,0,0
City Hotel,1,355,2015,October,41,7,0,2,2,0.0,0,BB,PRT,Groups,TA/TO,0,1,0,A,A,0,Non Refund,1.0,0,Transient-Party,62.0,0,0
City Hotel,1,355,2015,October,41,7,0,2,2,0.0,0,BB,PRT,Groups,TA/TO,0,1,0,A,A,0,Non Refund,1.0,0,Transient-Party,62.0,0,0
City Hotel,1,355,2015,October,41,7,0,2,2,0.0,0,BB,PRT,Groups,TA/TO,0,1,0,A,A,0,Non Refund,1.0,0,Transient-Party,62.0,0,0
City Hotel,1,355,2015,October,41,7,0,2,2,0.0,0,BB,PRT,Groups,TA/TO,0,1,0,A,A,0,Non Refund,1.0,0,Transient-Party,62.0,0,0
City Hotel,1,355,2015,October,41,7,0,2,2,0.0,0,BB,PRT,Groups,TA/TO,0,1,0,A,A,0,Non Refund,1.0,0,Transient-Party,62.0,0,0
City Hotel,1,355,2015,October,41,7,0,2,2,0.0,0,BB,PRT,Groups,TA/TO,0,1,0,A,A,0,Non Refund,1.0,0,Transient-Party,62.0,0,0
City Hotel,1,355,2015,October,41,7,0,2,2,0.0,0,BB,PRT,Groups,TA/TO,0,1,0,A,A,0,Non Refund,1.0,0,Transient-Party,62.0,0,0
City Hotel,1,355,2015,October,41,7,0,2,2,0.0,0,BB,PRT,Groups,TA/TO,0,1,0,A,A,0,Non Refund,1.0,0,Transient-Party,62.0,0,0
City Hotel,1,355,2015,October,41,7,0,2,2,0.0,0,BB,PRT,Groups,TA/TO,0,1,0,A,A,0,Non Refund,1.0,0,Transient-Party,62.0,0,0
City Hotel,1,355,2015,October,41,7,0,2,2,0.0,0,BB,PRT,Groups,TA/TO,0,1,0,A,A,0,Non Refund,1.0,0,Transient-Party,62.0,0,0
City Hotel,1,355,2015,October,41,7,0,2,2,0.0,0,BB,PRT,Groups,TA/TO,0,1,0,A,A,0,Non Refund,1.0,0,Transient-Party,62.0,0,0
City Hotel,1,355,2015,October,41,7,0,2,2,0.0,0,BB,PRT,Groups,TA/TO,0,1,0,A,A,0,Non Refund,1.0,0,Transient-Party,62.0,0,0
City Hotel,1,355,2015,October,41,7,0,2,2,0.0,0,BB,PRT,Groups,TA/TO,0,1,0,A,A,0,Non Refund,1.0,0,Transient-Party,62.0,0,0
City Hotel,1,355,2015,October,41,7,0,2,2,0.0,0,BB,PRT,Groups,TA/TO,0,1,0,A,A,0,Non Refund,1.0,0,Transient-Party,62.0,0,0
City Hotel,1,355,2015,October,41,7,0,2,2,0.0,0,BB,PRT,Groups,TA/TO,0,1,0,A,A,0,Non Refund,1.0,0,Transient-Party,62.0,0,0
City Hotel,1,355,2015,October,41,7,0,2,2,0.0,0,BB,PRT,Groups,TA/TO,0,1,0,A,A,0,Non Refund,1.0,0,Transient-Party,62.0,0,0
City Hotel,1,355,2015,October,41,7,0,2,2,0.0,0,BB,PRT,Groups,TA/TO,0,1,0,A,A,0,Non Refund,1.0,0,Transient-Party,62.0,0,0
City Hotel,1,355,2015,October,41,7,0,2,2,0.0,0,BB,PRT,Groups,TA/TO,0,1,0,A,A,0,Non Refund,1.0,0,Transient-Party,62.0,0,0
City Hotel,1,192,2015,July,29,12,2,1,2,0.0,0,BB,PRT,Online TA,TA/TO,0,1,0,A,A,0,No Deposit,9.0,0,Transient,76.5,0,0
City Hotel,1,168,2015,August,34,18,0,1,2,0.0,0,BB,PRT,Online TA,TA/TO,0,1,0,A,A,0,No Deposit,9.0,0,Transient,76.5,0,0
City Hotel,0,257,2015,July,27,1,0,2,2,0.0,0,HB,PRT,Offline TA/TO,TA/TO,0,0,0,A,A,0,No Deposit,6.0,0,Transient,101.5,0,0
City Hotel,0,257,2015,July,27,1,0,2,2,0.0,0,HB,PRT,Offline TA/TO,TA/TO,0,0,0,A,A,0,No Deposit,6.0,0,Transient,101.5,0,0
City Hotel,0,257,2015,July,27,1,0,2,2,0.0,0,HB,PRT,Offline TA/TO,TA/TO,0,0,0,A,A,0,No Deposit,6.0,0,Transient,101.5,0,0
City Hotel,0,257,2015,July,27,1,0,2,2,0.0,0,HB,PRT,Offline TA/TO,TA/TO,0,0,0,A,A,0,No Deposit,6.0,0,Transient,101.5,0,0
City Hotel,0,257,2015,July,27,1,0,2,2,0.0,0,HB,PRT,Offline TA/TO,TA/TO,0,0,0,A,A,0,No Deposit,6.0,0,Transient,101.5,0,0
City Hotel,0,257,2015,July,27,1,0,2,2,0.0,0,HB,PRT,Offline TA/TO,TA/TO,0,0,0,A,A,0,No Deposit,6.0,0,Transient,101.5,0,0
City Hotel,0,257,2015,July,27,1,0,2,2,0.0,0,HB,PRT,Offline TA/TO,TA/TO,0,0,0,A,A,0,No Deposit,6.0,0,Transient,101.5,0,0
City Hotel,0,257,2015,July,27,1,0,2,2,0.0,0,HB,PRT,Offline TA/TO,TA/TO,0,0,0,A,A,0,No Deposit,6.0,0,Transient,101.5,0,0
City Hotel,0,257,2015,July,27,1,0,2,2,0.0,0,HB,PRT,Offline TA/TO,TA/TO,0,0,0,A,A,0,No Deposit,6.0,0,Transient,101.5,0,0
City Hotel,0,257,2015,July,27,1,0,2,2,0.0,0,HB,PRT,Offline TA/TO,TA/TO,0,0,0,A,A,0,No Deposit,6.0,0,Transient,101.5,0,0
City Hotel,0,257,2015,July,27,1,0,2,2,0.0,0,HB,PRT,Offline TA/TO,TA/TO,0,0,0,A,A,0,No Deposit,6.0,0,Transient,101.5,0,0
City Hotel,0,257,2015,July,27,1,0,2,2,0.0,0,HB,PRT,Offline TA/TO,TA/TO,0,0,0,A,A,0,No Deposit,6.0,0,Transient,101.5,0,0
City Hotel,0,257,2015,July,27,1,0,2,2,0.0,0,HB,PRT,Offline TA/TO,TA/TO,0,0,0,A,A,0,No Deposit,6.0,0,Transient,101.5,0,0
City Hotel,0,257,2015,July,27,1,0,2,2,0.0,0,HB,PRT,Offline TA/TO,TA/TO,0,0,0,A,A,0,No Deposit,6.0,0,Transient,101.5,0,0
City Hotel,0,257,2015,July,27,1,0,2,2,0.0,0,HB,PRT,Offline TA/TO,TA/TO,0,0,0,A,A,0,No Deposit,6.0,0,Transient,101.5,0,0
City Hotel,0,257,2015,July,27,1,0,2,2,0.0,0,HB,PRT,Offline TA/TO,TA/TO,0,0,0,A,A,0,No Deposit,6.0,0,Transient,101.5,0,0
City Hotel,0,257,2015,July,27,1,0,2,2,0.0,0,HB,PRT,Offline TA/TO,TA/TO,0,0,0,A,A,0,No Deposit,6.0,0,Transient,101.5,0,0
City Hotel,0,257,2015,July,27,1,0,2,2,0.0,0,HB,PRT,Offline TA/TO,TA/TO,0,0,0,A,A,0,No Deposit,6.0,0,Transient,101.5,0,0
City Hotel,0,257,2015,July,27,1,0,2,2,0.0,0,HB,PRT,Offline TA/TO,TA/TO,0,0,0,A,A,0,No Deposit,6.0,0,Transient,101.5,0,0
City Hotel,0,257,2015,July,27,1,0,2,2,0.0,0,HB,PRT,Offline TA/TO,TA/TO,0,0,0,A,A,0,No Deposit,6.0,0,Transient,101.5,0,0
City Hotel,0,257,2015,July,27,1,0,2,2,0.0,0,HB,PRT,Offline TA/TO,TA/TO,0,0,0,A,A,0,No Deposit,6.0,0,Transient,101.5,0,0
City Hotel,0,257,2015,July,27,1,0,2,2,0.0,0,HB,PRT,Offline TA/TO,TA/TO,0,0,0,A,A,0,No Deposit,6.0,0,Transient,101.5,0,0
City Hotel,0,257,2015,July,27,1,0,2,2,0.0,0,HB,PRT,Offline TA/TO,TA/TO,0,0,0,A,A,0,No Deposit,6.0,0,Transient,101.5,0,0
City Hotel,0,257,2015,July,27,1,0,2,2,0.0,0,HB,PRT,Offline TA/TO,TA/TO,0,0,0,A,A,0,No Deposit,6.0,0,Transient,101.5,0,0
City Hotel,0,257,2015,July,27,1,0,2,2,0.0,0,HB,PRT,Offline TA/TO,TA/TO,0,0,0,A,A,0,No Deposit,6.0,0,Transient,101.5,0,0
City Hotel,0,257,2015,July,27,1,0,2,2,0.0,0,HB,PRT,Offline TA/TO,TA/TO,0,0,0,A,A,0,No Deposit,6.0,0,Transient,101.5,0,0
City Hotel,0,257,2015,July,27,1,0,2,2,0.0,0,HB,PRT,Offline TA/TO,TA/TO,0,0,0,A,A,0,No Deposit,6.0,0,Transient,101.5,0,0
City Hotel,0,257,2015,July,27,1,0,2,2,0.0,0,HB,PRT,Offline TA/TO,TA/TO,0,0,0,A,A,0,No Deposit,6.0,0,Transient,101.5,0,0
City Hotel,0,257,2015,July,27,1,0,2,2,0.0,0,HB,PRT,Offline TA/TO,TA/TO,0,0,0,A,A,0,No Deposit,6.0,0,Transient,101.5,0,0
City Hotel,0,257,2015,July,27,1,0,2,2,0.0,0,HB,PRT,Offline TA/TO,TA/TO,0,0,0,A,A,0,No Deposit,6.0,0,Transient,101.5,0,0
City Hotel,0,257,2015,July,27,1,0,2,2,0.0,0,HB,PRT,Offline TA/TO,TA/TO,0,0,0,A,A,0,No Deposit,6.0,0,Transient,101.5,0,0
City Hotel,0,257,2015,July,27,1,0,2,2,0.0,0,HB,PRT,Offline TA/TO,TA/TO,0,0,0,A,A,0,No Deposit,6.0,0,Transient,101.5,0,0
City Hotel,0,257,2015,July,27,1,0,2,2,0.0,0,HB,PRT,Offline TA/TO,TA/TO,0,0,0,A,A,0,No Deposit,6.0,0,Transient,101.5,0,0
City Hotel,0,257,2015,July,27,1,0,2,2,0.0,0,HB,PRT,Offline TA/TO,TA/TO,0,0,0,A,A,0,No Deposit,6.0,0,Transient,101.5,0,0
City Hotel,0,257,2015,July,27,1,0,2,2,0.0,0,HB,PRT,Offline TA/TO,TA/TO,0,0,0,A,A,0,No Deposit,6.0,0,Transient,101.5,0,0
City Hotel,0,257,2015,July,27,1,0,2,2,0.0,0,HB,PRT,Offline TA/TO,TA/TO,0,0,0,A,A,0,No Deposit,6.0,0,Transient,101.5,0,0
City Hotel,0,257,2015,July,27,1,0,2,2,0.0,0,HB,PRT,Offline TA/TO,TA/TO,0,0,0,A,A,0,No Deposit,6.0,0,Transient,101.5,0,0
City Hotel,0,257,2015,July,27,1,0,2,2,0.0,0,HB,PRT,Offline TA/TO,TA/TO,0,0,0,A,A,0,No Deposit,6.0,0,Transient,101.5,0,0
City Hotel,0,257,2015,July,27,1,0,2,2,0.0,0,HB,PRT,Offline TA/TO,TA/TO,0,0,0,A,A,0,No Deposit,6.0,0,Transient,101.5,0,0
City Hotel,0,257,2015,July,27,1,0,2,2,0.0,0,HB,PRT,Offline TA/TO,TA/TO,0,0,0,A,A,0,No Deposit,6.0,0,Transient,101.5,0,0
City Hotel,0,257,2015,July,27,1,0,2,2,0.0,0,HB,PRT,Offline TA/TO,TA/TO,0,0,0,A,A,0,No Deposit,6.0,0,Transient,101.5,0,0
City Hotel,0,257,2015,July,27,1,0,2,2,0.0,0,HB,PRT,Offline TA/TO,TA/TO,0,0,0,A,A,0,No Deposit,6.0,0,Transient,101.5,0,0
City Hotel,0,257,2015,July,27,1,0,2,2,0.0,0,HB,PRT,Offline TA/TO,TA/TO,0,0,0,A,A,0,No Deposit,6.0,0,Transient,101.5,0,0
City Hotel,0,257,2015,July,27,1,0,2,2,0.0,0,HB,PRT,Offline TA/TO,TA/TO,0,0,0,A,A,0,No Deposit,6.0,0,Transient,101.5,0,0
City Hotel,0,257,2015,July,27,1,0,2,2,0.0,0,HB,PRT,Offline TA/TO,TA/TO,0,0,0,A,A,0,No Deposit,6.0,0,Transient,101.5,0,0
City Hotel,0,257,2015,July,27,1,0,2,2,0.0,0,HB,PRT,Offline TA/TO,TA/TO,0,0,0,A,A,0,No Deposit,6.0,0,Transient,101.5,0,0
City Hotel,0,257,2015,July,27,1,0,2,2,0.0,0,HB,PRT,Offline TA/TO,TA/TO,0,0,0,A,A,0,No Deposit,6.0,0,Transient,101.5,0,0
City Hotel,0,257,2015,July,27,1,0,2,2,0.0,0,HB,PRT,Offline TA/TO,TA/TO,0,0,0,A,A,1,No Deposit,6.0,0,Transient,101.5,0,0
City Hotel,1,145,2015,July,27,4,2,1,2,0.0,0,BB,PRT,Online TA,TA/TO,0,0,0,A,A,0,No Deposit,9.0,0,Transient,76.5,0,2
City Hotel,1,281,2015,July,30,25,2,2,2,0.0,0,BB,PRT,Groups,TA/TO,0,1,0,A,A,0,No Deposit,1.0,0,Transient-Party,62.0,0,0
City Hotel,1,281,2015,July,30,25,2,2,2,0.0,0,BB,PRT,Groups,TA/TO,0,1,0,A,A,0,No Deposit,1.0,0,Transient-Party,62.0,0,0
City Hotel,1,281,2015,July,30,25,2,2,2,0.0,0,BB,PRT,Groups,TA/TO,0,1,0,A,A,0,No Deposit,1.0,0,Transient-Party,62.0,0,0
City Hotel,1,281,2015,July,30,25,2,2,2,0.0,0,BB,PRT,Groups,TA/TO,0,1,0,A,A,0,No Deposit,1.0,0,Transient-Party,62.0,0,0
City Hotel,1,281,2015,July,30,25,2,2,2,0.0,0,BB,PRT,Groups,TA/TO,0,1,0,A,A,0,No Deposit,1.0,0,Transient-Party,62.0,0,0
City Hotel,1,281,2015,July,30,25,2,2,2,0.0,0,BB,PRT,Groups,TA/TO,0,1,0,A,A,0,No Deposit,1.0,0,Transient-Party,62.0,0,0
City Hotel,1,281,2015,July,30,25,2,2,2,0.0,0,BB,PRT,Groups,TA/TO,0,1,0,A,A,0,No Deposit,1.0,0,Transient-Party,62.0,0,0
City Hotel,1,281,2015,July,30,25,2,2,2,0.0,0,BB,PRT,Groups,TA/TO,0,1,0,A,A,0,No Deposit,1.0,0,Transient-Party,62.0,0,0
City Hotel,1,281,2015,July,30,25,2,2,2,0.0,0,BB,PRT,Groups,TA/TO,0,1,0,A,A,0,No Deposit,1.0,0,Transient-Party,62.0,0,0
City Hotel,1,281,2015,July,30,25,2,2,2,0.0,0,BB,PRT,Groups,TA/TO,0,1,0,A,A,0,No Deposit,1.0,0,Transient-Party,62.0,0,0
City Hotel,1,281,2015,July,30,25,2,2,2,0.0,0,BB,PRT,Groups,TA/TO,0,1,0,A,A,0,No Deposit,1.0,0,Transient-Party,62.0,0,0
City Hotel,1,281,2015,July,30,25,2,2,2,0.0,0,BB,PRT,Groups,TA/TO,0,1,0,A,A,0,No Deposit,1.0,0,Transient-Party,62.0,0,0
City Hotel,1,281,2015,July,30,25,2,2,2,0.0,0,BB,PRT,Groups,TA/TO,0,1,0,A,A,0,No Deposit,1.0,0,Transient-Party,62.0,0,0
City Hotel,1,281,2015,July,30,25,2,2,2,0.0,0,BB,PRT,Groups,TA/TO,0,1,0,A,A,0,No Deposit,1.0,0,Transient-Party,62.0,0,0
City Hotel,1,281,2015,July,30,25,2,2,2,0.0,0,BB,PRT,Groups,TA/TO,0,1,0,A,A,0,No Deposit,1.0,0,Transient-Party,62.0,0,0
City Hotel,1,281,2015,July,30,25,2,2,2,0.0,0,BB,PRT,Groups,TA/TO,0,1,0,A,A,0,No Deposit,1.0,0,Transient-Party,62.0,0,0
City Hotel,1,281,2015,July,30,25,2,2,2,0.0,0,BB,PRT,Groups,TA/TO,0,1,0,A,A,0,No Deposit,1.0,0,Transient-Party,62.0,0,0
City Hotel,1,281,2015,July,30,25,2,2,2,0.0,0,BB,PRT,Groups,TA/TO,0,1,0,A,A,0,No Deposit,1.0,0,Transient-Party,62.0,0,0
City Hotel,1,281,2015,July,30,25,2,2,2,0.0,0,BB,PRT,Groups,TA/TO,0,1,0,A,A,0,No Deposit,1.0,0,Transient-Party,62.0,0,0
City Hotel,1,281,2015,July,30,25,2,2,2,0.0,0,BB,PRT,Groups,TA/TO,0,1,0,A,A,0,No Deposit,1.0,0,Transient-Party,62.0,0,0
City Hotel,1,281,2015,July,30,25,2,2,2,0.0,0,BB,PRT,Groups,TA/TO,0,1,0,A,A,0,No Deposit,1.0,0,Transient-Party,62.0,0,0
City Hotel,1,281,2015,July,30,25,2,2,2,0.0,0,BB,PRT,Groups,TA/TO,0,1,0,A,A,0,No Deposit,1.0,0,Transient-Party,62.0,0,0
City Hotel,1,281,2015,July,30,25,2,2,2,0.0,0,BB,PRT,Groups,TA/TO,0,1,0,A,A,0,No Deposit,1.0,0,Transient-Party,62.0,0,0
City Hotel,1,281,2015,July,30,25,2,2,2,0.0,0,BB,PRT,Groups,TA/TO,0,1,0,A,A,0,No Deposit,1.0,0,Transient-Party,62.0,0,0
City Hotel,1,281,2015,July,30,25,2,2,2,0.0,0,BB,PRT,Groups,TA/TO,0,1,0,A,A,0,No Deposit,1.0,0,Transient-Party,62.0,0,0
City Hotel,1,281,2015,July,30,25,2,2,2,0.0,0,BB,PRT,Groups,TA/TO,0,1,0,A,A,0,No Deposit,1.0,0,Transient-Party,62.0,0,0
City Hotel,1,281,2015,July,30,25,2,2,2,0.0,0,BB,PRT,Groups,TA/TO,0,1,0,A,A,0,No Deposit,1.0,0,Transient-Party,62.0,0,0
City Hotel,1,281,2015,July,30,25,2,2,2,0.0,0,BB,PRT,Groups,TA/TO,0,1,0,A,A,0,No Deposit,1.0,0,Transient-Party,62.0,0,0
City Hotel,1,281,2015,July,30,25,2,2,2,0.0,0,BB,PRT,Groups,TA/TO,0,1,0,A,A,0,No Deposit,1.0,0,Transient-Party,62.0,0,0
City Hotel,1,290,2015,August,32,3,1,3,2,0.0,0,BB,PRT,Groups,TA/TO,0,1,0,A,A,0,No Deposit,1.0,0,Transient-Party,62.0,0,0
City Hotel,1,290,2015,August,32,3,1,3,2,0.0,0,BB,PRT,Groups,TA/TO,0,1,0,A,A,0,No Deposit,1.0,0,Transient-Party,62.0,0,0
City Hotel,1,290,2015,August,32,3,1,3,2,0.0,0,BB,PRT,Groups,TA/TO,0,1,0,A,A,0,No Deposit,1.0,0,Transient-Party,62.0,0,0
City Hotel,1,290,2015,August,32,3,1,3,2,0.0,0,BB,PRT,Groups,TA/TO,0,1,0,A,A,0,No Deposit,1.0,0,Transient-Party,62.0,0,0
City Hotel,1,290,2015,August,32,3,1,3,2,0.0,0,BB,PRT,Groups,TA/TO,0,1,0,A,A,0,No Deposit,1.0,0,Transient-Party,62.0,0,0
City Hotel,1,290,2015,August,32,3,1,3,2,0.0,0,BB,PRT,Groups,TA/TO,0,1,0,A,A,0,No Deposit,1.0,0,Transient-Party,62.0,0,0
City Hotel,1,290,2015,August,32,3,1,3,2,0.0,0,BB,PRT,Groups,TA/TO,0,1,0,A,A,0,No Deposit,1.0,0,Transient-Party,62.0,0,0
City Hotel,1,290,2015,August,32,3,1,3,2,0.0,0,BB,PRT,Groups,TA/TO,0,1,0,A,A,0,No Deposit,1.0,0,Transient-Party,62.0,0,0
City Hotel,1,290,2015,August,32,3,1,3,2,0.0,0,BB,PRT,Groups,TA/TO,0,1,0,A,A,0,No Deposit,1.0,0,Transient-Party,62.0,0,0
City Hotel,1,290,2015,August,32,3,1,3,2,0.0,0,BB,PRT,Groups,TA/TO,0,1,0,A,A,0,No Deposit,1.0,0,Transient-Party,62.0,0,0
City Hotel,1,290,2015,August,32,3,1,3,2,0.0,0,BB,PRT,Groups,TA/TO,0,1,0,A,A,0,No Deposit,1.0,0,Transient-Party,62.0,0,0
City Hotel,1,290,2015,August,32,3,1,3,2,0.0,0,BB,PRT,Groups,TA/TO,0,1,0,A,A,0,No Deposit,1.0,0,Transient-Party,62.0,0,0
City Hotel,1,290,2015,August,32,3,1,3,2,0.0,0,BB,PRT,Groups,TA/TO,0,1,0,A,A,0,No Deposit,1.0,0,Transient-Party,62.0,0,0
City Hotel,1,290,2015,August,32,3,1,3,2,0.0,0,BB,PRT,Groups,TA/TO,0,1,0,A,A,0,No Deposit,1.0,0,Transient-Party,62.0,0,0
City Hotel,1,290,2015,August,32,3,1,3,2,0.0,0,BB,PRT,Groups,TA/TO,0,1,0,A,A,0,No Deposit,1.0,0,Transient-Party,62.0,0,0
City Hotel,1,290,2015,August,32,3,1,3,2,0.0,0,BB,PRT,Groups,TA/TO,0,1,0,A,A,0,No Deposit,1.0,0,Transient-Party,62.0,0,0
City Hotel,1,290,2015,August,32,3,1,3,2,0.0,0,BB,PRT,Groups,TA/TO,0,1,0,A,A,0,No Deposit,1.0,0,Transient-Party,62.0,0,0
City Hotel,1,290,2015,August,32,3,1,3,2,0.0,0,BB,PRT,Groups,TA/TO,0,1,0,A,A,0,No Deposit,1.0,0,Transient-Party,62.0,0,0
City Hotel,1,290,2015,August,32,3,1,3,2,0.0,0,BB,PRT,Groups,TA/TO,0,1,0,A,A,0,No Deposit,1.0,0,Transient-Party,62.0,0,0
City Hotel,1,290,2015,August,32,3,1,3,2,0.0,0,BB,PRT,Groups,TA/TO,0,1,0,A,A,0,No Deposit,1.0,0,Transient-Party,62.0,0,0
City Hotel,1,290,2015,August,32,3,1,3,2,0.0,0,BB,PRT,Groups,TA/TO,0,1,0,A,A,0,No Deposit,1.0,0,Transient-Party,62.0,0,0
City Hotel,1,290,2015,August,32,3,1,3,2,0.0,0,BB,PRT,Groups,TA/TO,0,1,0,A,A,0,No Deposit,1.0,0,Transient-Party,62.0,0,0
City Hotel,1,290,2015,August,32,3,1,3,2,0.0,0,BB,PRT,Groups,TA/TO,0,1,0,A,A,0,No Deposit,1.0,0,Transient-Party,62.0,0,0
City Hotel,1,290,2015,August,32,3,1,3,2,0.0,0,BB,PRT,Groups,TA/TO,0,1,0,A,A,0,No Deposit,1.0,0,Transient-Party,62.0,0,0
City Hotel,1,290,2015,August,32,3,1,3,2,0.0,0,BB,PRT,Groups,TA/TO,0,1,0,A,A,0,No Deposit,1.0,0,Transient-Party,62.0,0,0
City Hotel,1,290,2015,August,32,3,1,3,2,0.0,0,BB,PRT,Groups,TA/TO,0,1,0,A,A,0,No Deposit,1.0,0,Transient-Party,62.0,0,0
City Hotel,1,290,2015,August,32,3,1,3,2,0.0,0,BB,PRT,Groups,TA/TO,0,1,0,A,A,0,No Deposit,1.0,0,Transient-Party,62.0,0,0
City Hotel,1,290,2015,August,32,3,1,3,2,0.0,0,BB,PRT,Groups,TA/TO,0,1,0,A,A,0,No Deposit,1.0,0,Transient-Party,62.0,0,0
City Hotel,1,290,2015,August,32,3,1,3,2,0.0,0,BB,PRT,Groups,TA/TO,0,1,0,A,A,0,No Deposit,1.0,0,Transient-Party,62.0,0,0
City Hotel,1,295,2015,August,32,8,2,2,2,0.0,0,BB,PRT,Groups,TA/TO,0,1,0,A,A,0,No Deposit,1.0,0,Transient-Party,62.0,0,0
City Hotel,1,295,2015,August,32,8,2,2,2,0.0,0,BB,PRT,Groups,TA/TO,0,1,0,A,A,0,No Deposit,1.0,0,Transient-Party,62.0,0,0
City Hotel,1,295,2015,August,32,8,2,2,2,0.0,0,BB,PRT,Groups,TA/TO,0,1,0,A,A,0,No Deposit,1.0,0,Transient-Party,62.0,0,0
City Hotel,1,295,2015,August,32,8,2,2,2,0.0,0,BB,PRT,Groups,TA/TO,0,1,0,A,A,0,No Deposit,1.0,0,Transient-Party,62.0,0,0
City Hotel,1,295,2015,August,32,8,2,2,2,0.0,0,BB,PRT,Groups,TA/TO,0,1,0,A,A,0,No Deposit,1.0,0,Transient-Party,62.0,0,0
City Hotel,1,295,2015,August,32,8,2,2,2,0.0,0,BB,PRT,Groups,TA/TO,0,1,0,A,A,0,No Deposit,1.0,0,Transient-Party,62.0,0,0
City Hotel,1,295,2015,August,32,8,2,2,2,0.0,0,BB,PRT,Groups,TA/TO,0,1,0,A,A,0,No Deposit,1.0,0,Transient-Party,62.0,0,0
City Hotel,1,295,2015,August,32,8,2,2,2,0.0,0,BB,PRT,Groups,TA/TO,0,1,0,A,A,0,No Deposit,1.0,0,Transient-Party,62.0,0,0
City Hotel,1,295,2015,August,32,8,2,2,2,0.0,0,BB,PRT,Groups,TA/TO,0,1,0,A,A,0,No Deposit,1.0,0,Transient-Party,62.0,0,0
City Hotel,1,295,2015,August,32,8,2,2,2,0.0,0,BB,PRT,Groups,TA/TO,0,1,0,A,A,0,No Deposit,1.0,0,Transient-Party,62.0,0,0
City Hotel,1,295,2015,August,32,8,2,2,2,0.0,0,BB,PRT,Groups,TA/TO,0,1,0,A,A,0,No Deposit,1.0,0,Transient-Party,62.0,0,0
City Hotel,1,295,2015,August,32,8,2,2,2,0.0,0,BB,PRT,Groups,TA/TO,0,1,0,A,A,0,No Deposit,1.0,0,Transient-Party,62.0,0,0
City Hotel,1,295,2015,August,32,8,2,2,2,0.0,0,BB,PRT,Groups,TA/TO,0,1,0,A,A,0,No Deposit,1.0,0,Transient-Party,62.0,0,0
City Hotel,1,295,2015,August,32,8,2,2,2,0.0,0,BB,PRT,Groups,TA/TO,0,1,0,A,A,0,No Deposit,1.0,0,Transient-Party,62.0,0,0
City Hotel,1,295,2015,August,32,8,2,2,2,0.0,0,BB,PRT,Groups,TA/TO,0,1,0,A,A,0,No Deposit,1.0,0,Transient-Party,62.0,0,0
City Hotel,1,295,2015,August,32,8,2,2,2,0.0,0,BB,PRT,Groups,TA/TO,0,1,0,A,A,0,No Deposit,1.0,0,Transient-Party,62.0,0,0
City Hotel,1,295,2015,August,32,8,2,2,2,0.0,0,BB,PRT,Groups,TA/TO,0,1,0,A,A,0,No Deposit,1.0,0,Transient-Party,62.0,0,0
City Hotel,1,295,2015,August,32,8,2,2,2,0.0,0,BB,PRT,Groups,TA/TO,0,1,0,A,A,0,No Deposit,1.0,0,Transient-Party,62.0,0,0
City Hotel,1,295,2015,August,32,8,2,2,2,0.0,0,BB,PRT,Groups,TA/TO,0,1,0,A,A,0,No Deposit,1.0,0,Transient-Party,62.0,0,0
City Hotel,1,295,2015,August,32,8,2,2,2,0.0,0,BB,PRT,Groups,TA/TO,0,1,0,A,A,0,No Deposit,1.0,0,Transient-Party,62.0,0,0
City Hotel,1,295,2015,August,32,8,2,2,2,0.0,0,BB,PRT,Groups,TA/TO,0,1,0,A,A,0,No Deposit,1.0,0,Transient-Party,62.0,0,0
City Hotel,1,295,2015,August,32,8,2,2,2,0.0,0,BB,PRT,Groups,TA/TO,0,1,0,A,A,0,No Deposit,1.0,0,Transient-Party,62.0,0,0
City Hotel,1,295,2015,August,32,8,2,2,2,0.0,0,BB,PRT,Groups,TA/TO,0,1,0,A,A,0,No Deposit,1.0,0,Transient-Party,62.0,0,0
City Hotel,1,295,2015,August,32,8,2,2,2,0.0,0,BB,PRT,Groups,TA/TO,0,1,0,A,A,0,No Deposit,1.0,0,Transient-Party,62.0,0,0
City Hotel,1,295,2015,August,32,8,2,2,2,0.0,0,BB,PRT,Groups,TA/TO,0,1,0,A,A,0,No Deposit,1.0,0,Transient-Party,62.0,0,0
City Hotel,1,295,2015,August,32,8,2,2,2,0.0,0,BB,PRT,Groups,TA/TO,0,1,0,A,A,0,No Deposit,1.0,0,Transient-Party,62.0,0,0
City Hotel,1,295,2015,August,32,8,2,2,2,0.0,0,BB,PRT,Groups,TA/TO,0,1,0,A,A,0,No Deposit,1.0,0,Transient-Party,62.0,0,0
City Hotel,1,295,2015,August,32,8,2,2,2,0.0,0,BB,PRT,Groups,TA/TO,0,1,0,A,A,0,No Deposit,1.0,0,Transient-Party,62.0,0,0
City Hotel,1,295,2015,August,32,8,2,2,2,0.0,0,BB,PRT,Groups,TA/TO,0,1,0,A,A,0,No Deposit,1.0,0,Transient-Party,62.0,0,0
City Hotel,1,302,2015,August,33,15,2,2,2,0.0,0,BB,PRT,Groups,TA/TO,0,1,0,A,A,0,No Deposit,1.0,0,Transient-Party,62.0,0,0
City Hotel,1,302,2015,August,33,15,2,2,2,0.0,0,BB,PRT,Groups,TA/TO,0,1,0,A,A,0,No Deposit,1.0,0,Transient-Party,62.0,0,0
City Hotel,1,302,2015,August,33,15,2,2,2,0.0,0,BB,PRT,Groups,TA/TO,0,1,0,A,A,0,No Deposit,1.0,0,Transient-Party,62.0,0,0
City Hotel,1,302,2015,August,33,15,2,2,2,0.0,0,BB,PRT,Groups,TA/TO,0,1,0,A,A,0,No Deposit,1.0,0,Transient-Party,62.0,0,0
City Hotel,1,302,2015,August,33,15,2,2,2,0.0,0,BB,PRT,Groups,TA/TO,0,1,0,A,A,0,No Deposit,1.0,0,Transient-Party,62.0,0,0
City Hotel,1,302,2015,August,33,15,2,2,2,0.0,0,BB,PRT,Groups,TA/TO,0,1,0,A,A,0,No Deposit,1.0,0,Transient-Party,62.0,0,0
City Hotel,1,302,2015,August,33,15,2,2,2,0.0,0,BB,PRT,Groups,TA/TO,0,1,0,A,A,0,No Deposit,1.0,0,Transient-Party,62.0,0,0
City Hotel,1,302,2015,August,33,15,2,2,2,0.0,0,BB,PRT,Groups,TA/TO,0,1,0,A,A,0,No Deposit,1.0,0,Transient-Party,62.0,0,0
City Hotel,1,302,2015,August,33,15,2,2,2,0.0,0,BB,PRT,Groups,TA/TO,0,1,0,A,A,0,No Deposit,1.0,0,Transient-Party,62.0,0,0
City Hotel,1,302,2015,August,33,15,2,2,2,0.0,0,BB,PRT,Groups,TA/TO,0,1,0,A,A,0,No Deposit,1.0,0,Transient-Party,62.0,0,0
City Hotel,1,302,2015,August,33,15,2,2,2,0.0,0,BB,PRT,Groups,TA/TO,0,1,0,A,A,0,No Deposit,1.0,0,Transient-Party,62.0,0,0
City Hotel,1,302,2015,August,33,15,2,2,2,0.0,0,BB,PRT,Groups,TA/TO,0,1,0,A,A,0,No Deposit,1.0,0,Transient-Party,62.0,0,0
City Hotel,1,302,2015,August,33,15,2,2,2,0.0,0,BB,PRT,Groups,TA/TO,0,1,0,A,A,0,No Deposit,1.0,0,Transient-Party,62.0,0,0
City Hotel,1,302,2015,August,33,15,2,2,2,0.0,0,BB,PRT,Groups,TA/TO,0,1,0,A,A,0,No Deposit,1.0,0,Transient-Party,62.0,0,0
City Hotel,1,302,2015,August,33,15,2,2,2,0.0,0,BB,PRT,Groups,TA/TO,0,1,0,A,A,0,No Deposit,1.0,0,Transient-Party,62.0,0,0
City Hotel,1,302,2015,August,33,15,2,2,2,0.0,0,BB,PRT,Groups,TA/TO,0,1,0,A,A,0,No Deposit,1.0,0,Transient-Party,62.0,0,0
City Hotel,1,302,2015,August,33,15,2,2,2,0.0,0,BB,PRT,Groups,TA/TO,0,1,0,A,A,0,No Deposit,1.0,0,Transient-Party,62.0,0,0
City Hotel,1,302,2015,August,33,15,2,2,2,0.0,0,BB,PRT,Groups,TA/TO,0,1,0,A,A,0,No Deposit,1.0,0,Transient-Party,62.0,0,0
City Hotel,1,302,2015,August,33,15,2,2,2,0.0,0,BB,PRT,Groups,TA/TO,0,1,0,A,A,0,No Deposit,1.0,0,Transient-Party,62.0,0,0
City Hotel,1,302,2015,August,33,15,2,2,2,0.0,0,BB,PRT,Groups,TA/TO,0,1,0,A,A,0,No Deposit,1.0,0,Transient-Party,62.0,0,0
City Hotel,1,302,2015,August,33,15,2,2,2,0.0,0,BB,PRT,Groups,TA/TO,0,1,0,A,A,0,No Deposit,1.0,0,Transient-Party,62.0,0,0
City Hotel,1,302,2015,August,33,15,2,2,2,0.0,0,BB,PRT,Groups,TA/TO,0,1,0,A,A,0,No Deposit,1.0,0,Transient-Party,62.0,0,0
City Hotel,1,302,2015,August,33,15,2,2,2,0.0,0,BB,PRT,Groups,TA/TO,0,1,0,A,A,0,No Deposit,1.0,0,Transient-Party,62.0,0,0
City Hotel,1,302,2015,August,33,15,2,2,2,0.0,0,BB,PRT,Groups,TA/TO,0,1,0,A,A,0,No Deposit,1.0,0,Transient-Party,62.0,0,0
City Hotel,1,302,2015,August,33,15,2,2,2,0.0,0,BB,PRT,Groups,TA/TO,0,1,0,A,A,0,No Deposit,1.0,0,Transient-Party,62.0,0,0
City Hotel,1,302,2015,August,33,15,2,2,2,0.0,0,BB,PRT,Groups,TA/TO,0,1,0,A,A,0,No Deposit,1.0,0,Transient-Party,62.0,0,0
City Hotel,1,302,2015,August,33,15,2,2,2,0.0,0,BB,PRT,Groups,TA/TO,0,1,0,A,A,0,No Deposit,1.0,0,Transient-Party,62.0,0,0
City Hotel,1,302,2015,August,33,15,2,2,2,0.0,0,BB,PRT,Groups,TA/TO,0,1,0,A,A,0,No Deposit,1.0,0,Transient-Party,62.0,0,0
City Hotel,1,302,2015,August,33,15,2,2,2,0.0,0,BB,PRT,Groups,TA/TO,0,1,0,A,A,0,No Deposit,1.0,0,Transient-Party,62.0,0,0
City Hotel,1,312,2015,August,35,25,0,4,2,0.0,0,BB,PRT,Groups,TA/TO,0,1,0,A,A,0,No Deposit,1.0,0,Transient-Party,62.0,0,0
City Hotel,1,312,2015,August,35,25,0,4,2,0.0,0,BB,PRT,Groups,TA/TO,0,1,0,A,A,0,No Deposit,1.0,0,Transient-Party,62.0,0,0
City Hotel,1,312,2015,August,35,25,0,4,2,0.0,0,BB,PRT,Groups,TA/TO,0,1,0,A,A,0,No Deposit,1.0,0,Transient-Party,62.0,0,0
City Hotel,1,312,2015,August,35,25,0,4,2,0.0,0,BB,PRT,Groups,TA/TO,0,1,0,A,A,0,No Deposit,1.0,0,Transient-Party,62.0,0,0
City Hotel,1,312,2015,August,35,25,0,4,2,0.0,0,BB,PRT,Groups,TA/TO,0,1,0,A,A,0,No Deposit,1.0,0,Transient-Party,62.0,0,0
City Hotel,1,312,2015,August,35,25,0,4,2,0.0,0,BB,PRT,Groups,TA/TO,0,1,0,A,A,0,No Deposit,1.0,0,Transient-Party,62.0,0,0
City Hotel,1,312,2015,August,35,25,0,4,2,0.0,0,BB,PRT,Groups,TA/TO,0,1,0,A,A,0,No Deposit,1.0,0,Transient-Party,62.0,0,0
City Hotel,1,312,2015,August,35,25,0,4,2,0.0,0,BB,PRT,Groups,TA/TO,0,1,0,A,A,0,No Deposit,1.0,0,Transient-Party,62.0,0,0
City Hotel,1,312,2015,August,35,25,0,4,2,0.0,0,BB,PRT,Groups,TA/TO,0,1,0,A,A,0,No Deposit,1.0,0,Transient-Party,62.0,0,0
City Hotel,1,312,2015,August,35,25,0,4,2,0.0,0,BB,PRT,Groups,TA/TO,0,1,0,A,A,0,No Deposit,1.0,0,Transient-Party,62.0,0,0
City Hotel,1,312,2015,August,35,25,0,4,2,0.0,0,BB,PRT,Groups,TA/TO,0,1,0,A,A,0,No Deposit,1.0,0,Transient-Party,62.0,0,0
City Hotel,1,312,2015,August,35,25,0,4,2,0.0,0,BB,PRT,Groups,TA/TO,0,1,0,A,A,0,No Deposit,1.0,0,Transient-Party,62.0,0,0
City Hotel,1,312,2015,August,35,25,0,4,2,0.0,0,BB,PRT,Groups,TA/TO,0,1,0,A,A,0,No Deposit,1.0,0,Transient-Party,62.0,0,0
City Hotel,1,312,2015,August,35,25,0,4,2,0.0,0,BB,PRT,Groups,TA/TO,0,1,0,A,A,0,No Deposit,1.0,0,Transient-Party,62.0,0,0
City Hotel,1,312,2015,August,35,25,0,4,2,0.0,0,BB,PRT,Groups,TA/TO,0,1,0,A,A,0,No Deposit,1.0,0,Transient-Party,62.0,0,0
City Hotel,1,312,2015,August,35,25,0,4,2,0.0,0,BB,PRT,Groups,TA/TO,0,1,0,A,A,0,No Deposit,1.0,0,Transient-Party,62.0,0,0
City Hotel,1,312,2015,August,35,25,0,4,2,0.0,0,BB,PRT,Groups,TA/TO,0,1,0,A,A,0,No Deposit,1.0,0,Transient-Party,62.0,0,0
City Hotel,1,312,2015,August,35,25,0,4,2,0.0,0,BB,PRT,Groups,TA/TO,0,1,0,A,A,0,No Deposit,1.0,0,Transient-Party,62.0,0,0
City Hotel,1,312,2015,August,35,25,0,4,2,0.0,0,BB,PRT,Groups,TA/TO,0,1,0,A,A,0,No Deposit,1.0,0,Transient-Party,62.0,0,0
City Hotel,1,312,2015,August,35,25,0,4,2,0.0,0,BB,PRT,Groups,TA/TO,0,1,0,A,A,0,No Deposit,1.0,0,Transient-Party,62.0,0,0
City Hotel,1,312,2015,August,35,25,0,4,2,0.0,0,BB,PRT,Groups,TA/TO,0,1,0,A,A,0,No Deposit,1.0,0,Transient-Party,62.0,0,0
City Hotel,1,312,2015,August,35,25,0,4,2,0.0,0,BB,PRT,Groups,TA/TO,0,1,0,A,A,0,No Deposit,1.0,0,Transient-Party,62.0,0,0
City Hotel,1,312,2015,August,35,25,0,4,2,0.0,0,BB,PRT,Groups,TA/TO,0,1,0,A,A,0,No Deposit,1.0,0,Transient-Party,62.0,0,0
City Hotel,1,312,2015,August,35,25,0,4,2,0.0,0,BB,PRT,Groups,TA/TO,0,1,0,A,A,0,No Deposit,1.0,0,Transient-Party,62.0,0,0
City Hotel,1,312,2015,August,35,25,0,4,2,0.0,0,BB,PRT,Groups,TA/TO,0,1,0,A,A,0,No Deposit,1.0,0,Transient-Party,62.0,0,0
City Hotel,1,312,2015,August,35,25,0,4,2,0.0,0,BB,PRT,Groups,TA/TO,0,1,0,A,A,0,No Deposit,1.0,0,Transient-Party,62.0,0,0
City Hotel,1,312,2015,August,35,25,0,4,2,0.0,0,BB,PRT,Groups,TA/TO,0,1,0,A,A,0,No Deposit,1.0,0,Transient-Party,62.0,0,0
City Hotel,1,312,2015,August,35,25,0,4,2,0.0,0,BB,PRT,Groups,TA/TO,0,1,0,A,A,0,No Deposit,1.0,0,Transient-Party,62.0,0,0
City Hotel,1,312,2015,August,35,25,0,4,2,0.0,0,BB,PRT,Groups,TA/TO,0,1,0,A,A,0,No Deposit,1.0,0,Transient-Party,62.0,0,0
City Hotel,1,323,2015,September,36,5,2,2,2,0.0,0,BB,PRT,Groups,TA/TO,0,1,0,A,A,0,No Deposit,1.0,0,Transient-Party,62.0,0,0
City Hotel,1,323,2015,September,36,5,2,2,2,0.0,0,BB,PRT,Groups,TA/TO,0,1,0,A,A,0,No Deposit,1.0,0,Transient-Party,62.0,0,0
City Hotel,1,323,2015,September,36,5,2,2,2,0.0,0,BB,PRT,Groups,TA/TO,0,1,0,A,A,0,No Deposit,1.0,0,Transient-Party,62.0,0,0
City Hotel,1,323,2015,September,36,5,2,2,2,0.0,0,BB,PRT,Groups,TA/TO,0,1,0,A,A,0,No Deposit,1.0,0,Transient-Party,62.0,0,0
City Hotel,1,323,2015,September,36,5,2,2,2,0.0,0,BB,PRT,Groups,TA/TO,0,1,0,A,A,0,No Deposit,1.0,0,Transient-Party,62.0,0,0
City Hotel,1,323,2015,September,36,5,2,2,2,0.0,0,BB,PRT,Groups,TA/TO,0,1,0,A,A,0,No Deposit,1.0,0,Transient-Party,62.0,0,0
City Hotel,1,323,2015,September,36,5,2,2,2,0.0,0,BB,PRT,Groups,TA/TO,0,1,0,A,A,0,No Deposit,1.0,0,Transient-Party,62.0,0,0
City Hotel,1,323,2015,September,36,5,2,2,2,0.0,0,BB,PRT,Groups,TA/TO,0,1,0,A,A,0,No Deposit,1.0,0,Transient-Party,62.0,0,0
City Hotel,1,323,2015,September,36,5,2,2,2,0.0,0,BB,PRT,Groups,TA/TO,0,1,0,A,A,0,No Deposit,1.0,0,Transient-Party,62.0,0,0
City Hotel,1,323,2015,September,36,5,2,2,2,0.0,0,BB,PRT,Groups,TA/TO,0,1,0,A,A,0,No Deposit,1.0,0,Transient-Party,62.0,0,0
City Hotel,1,323,2015,September,36,5,2,2,2,0.0,0,BB,PRT,Groups,TA/TO,0,1,0,A,A,0,No Deposit,1.0,0,Transient-Party,62.0,0,0
City Hotel,1,323,2015,September,36,5,2,2,2,0.0,0,BB,PRT,Groups,TA/TO,0,1,0,A,A,0,No Deposit,1.0,0,Transient-Party,62.0,0,0
City Hotel,1,323,2015,September,36,5,2,2,2,0.0,0,BB,PRT,Groups,TA/TO,0,1,0,A,A,0,No Deposit,1.0,0,Transient-Party,62.0,0,0
City Hotel,1,323,2015,September,36,5,2,2,2,0.0,0,BB,PRT,Groups,TA/TO,0,1,0,A,A,0,No Deposit,1.0,0,Transient-Party,62.0,0,0
City Hotel,1,323,2015,September,36,5,2,2,2,0.0,0,BB,PRT,Groups,TA/TO,0,1,0,A,A,0,No Deposit,1.0,0,Transient-Party,62.0,0,0
City Hotel,1,323,2015,September,36,5,2,2,2,0.0,0,BB,PRT,Groups,TA/TO,0,1,0,A,A,0,No Deposit,1.0,0,Transient-Party,62.0,0,0
City Hotel,1,323,2015,September,36,5,2,2,2,0.0,0,BB,PRT,Groups,TA/TO,0,1,0,A,A,0,No Deposit,1.0,0,Transient-Party,62.0,0,0
City Hotel,1,323,2015,September,36,5,2,2,2,0.0,0,BB,PRT,Groups,TA/TO,0,1,0,A,A,0,No Deposit,1.0,0,Transient-Party,62.0,0,0
City Hotel,1,323,2015,September,36,5,2,2,2,0.0,0,BB,PRT,Groups,TA/TO,0,1,0,A,A,0,No Deposit,1.0,0,Transient-Party,62.0,0,0
City Hotel,1,323,2015,September,36,5,2,2,2,0.0,0,BB,PRT,Groups,TA/TO,0,1,0,A,A,0,No Deposit,1.0,0,Transient-Party,62.0,0,0
City Hotel,1,323,2015,September,36,5,2,2,2,0.0,0,BB,PRT,Groups,TA/TO,0,1,0,A,A,0,No Deposit,1.0,0,Transient-Party,62.0,0,0
City Hotel,1,323,2015,September,36,5,2,2,2,0.0,0,BB,PRT,Groups,TA/TO,0,1,0,A,A,0,No Deposit,1.0,0,Transient-Party,62.0,0,0
City Hotel,1,323,2015,September,36,5,2,2,2,0.0,0,BB,PRT,Groups,TA/TO,0,1,0,A,A,0,No Deposit,1.0,0,Transient-Party,62.0,0,0
City Hotel,1,323,2015,September,36,5,2,2,2,0.0,0,BB,PRT,Groups,TA/TO,0,1,0,A,A,0,No Deposit,1.0,0,Transient-Party,62.0,0,0
City Hotel,1,323,2015,September,36,5,2,2,2,0.0,0,BB,PRT,Groups,TA/TO,0,1,0,A,A,0,No Deposit,1.0,0,Transient-Party,62.0,0,0
City Hotel,1,323,2015,September,36,5,2,2,2,0.0,0,BB,PRT,Groups,TA/TO,0,1,0,A,A,0,No Deposit,1.0,0,Transient-Party,62.0,0,0
City Hotel,1,323,2015,September,36,5,2,2,2,0.0,0,BB,PRT,Groups,TA/TO,0,1,0,A,A,0,No Deposit,1.0,0,Transient-Party,62.0,0,0
City Hotel,1,323,2015,September,36,5,2,2,2,0.0,0,BB,PRT,Groups,TA/TO,0,1,0,A,A,0,No Deposit,1.0,0,Transient-Party,62.0,0,0
City Hotel,1,323,2015,September,36,5,2,2,2,0.0,0,BB,PRT,Groups,TA/TO,0,1,0,A,A,0,No Deposit,1.0,0,Transient-Party,62.0,0,0
City Hotel,1,330,2015,September,37,12,2,2,2,0.0,0,BB,PRT,Groups,TA/TO,0,1,0,A,A,0,No Deposit,1.0,0,Transient-Party,62.0,0,0
City Hotel,1,330,2015,September,37,12,2,2,2,0.0,0,BB,PRT,Groups,TA/TO,0,1,0,A,A,0,No Deposit,1.0,0,Transient-Party,62.0,0,0
City Hotel,1,330,2015,September,37,12,2,2,2,0.0,0,BB,PRT,Groups,TA/TO,0,1,0,A,A,0,No Deposit,1.0,0,Transient-Party,62.0,0,0
City Hotel,1,330,2015,September,37,12,2,2,2,0.0,0,BB,PRT,Groups,TA/TO,0,1,0,A,A,0,No Deposit,1.0,0,Transient-Party,62.0,0,0
City Hotel,1,330,2015,September,37,12,2,2,2,0.0,0,BB,PRT,Groups,TA/TO,0,1,0,A,A,0,No Deposit,1.0,0,Transient-Party,62.0,0,0
City Hotel,1,330,2015,September,37,12,2,2,2,0.0,0,BB,PRT,Groups,TA/TO,0,1,0,A,A,0,No Deposit,1.0,0,Transient-Party,62.0,0,0
City Hotel,1,330,2015,September,37,12,2,2,2,0.0,0,BB,PRT,Groups,TA/TO,0,1,0,A,A,0,No Deposit,1.0,0,Transient-Party,62.0,0,0
City Hotel,1,330,2015,September,37,12,2,2,2,0.0,0,BB,PRT,Groups,TA/TO,0,1,0,A,A,0,No Deposit,1.0,0,Transient-Party,62.0,0,0
City Hotel,1,330,2015,September,37,12,2,2,2,0.0,0,BB,PRT,Groups,TA/TO,0,1,0,A,A,0,No Deposit,1.0,0,Transient-Party,62.0,0,0
City Hotel,1,330,2015,September,37,12,2,2,2,0.0,0,BB,PRT,Groups,TA/TO,0,1,0,A,A,0,No Deposit,1.0,0,Transient-Party,62.0,0,0
City Hotel,1,330,2015,September,37,12,2,2,2,0.0,0,BB,PRT,Groups,TA/TO,0,1,0,A,A,0,No Deposit,1.0,0,Transient-Party,62.0,0,0
City Hotel,1,330,2015,September,37,12,2,2,2,0.0,0,BB,PRT,Groups,TA/TO,0,1,0,A,A,0,No Deposit,1.0,0,Transient-Party,62.0,0,0
City Hotel,1,330,2015,September,37,12,2,2,2,0.0,0,BB,PRT,Groups,TA/TO,0,1,0,A,A,0,No Deposit,1.0,0,Transient-Party,62.0,0,0
City Hotel,1,330,2015,September,37,12,2,2,2,0.0,0,BB,PRT,Groups,TA/TO,0,1,0,A,A,0,No Deposit,1.0,0,Transient-Party,62.0,0,0
City Hotel,1,330,2015,September,37,12,2,2,2,0.0,0,BB,PRT,Groups,TA/TO,0,1,0,A,A,0,No Deposit,1.0,0,Transient-Party,62.0,0,0
City Hotel,1,330,2015,September,37,12,2,2,2,0.0,0,BB,PRT,Groups,TA/TO,0,1,0,A,A,0,No Deposit,1.0,0,Transient-Party,62.0,0,0
City Hotel,1,330,2015,September,37,12,2,2,2,0.0,0,BB,PRT,Groups,TA/TO,0,1,0,A,A,0,No Deposit,1.0,0,Transient-Party,62.0,0,0
City Hotel,1,330,2015,September,37,12,2,2,2,0.0,0,BB,PRT,Groups,TA/TO,0,1,0,A,A,0,No Deposit,1.0,0,Transient-Party,62.0,0,0
City Hotel,1,330,2015,September,37,12,2,2,2,0.0,0,BB,PRT,Groups,TA/TO,0,1,0,A,A,0,No Deposit,1.0,0,Transient-Party,62.0,0,0
City Hotel,1,330,2015,September,37,12,2,2,2,0.0,0,BB,PRT,Groups,TA/TO,0,1,0,A,A,0,No Deposit,1.0,0,Transient-Party,62.0,0,0
City Hotel,1,330,2015,September,37,12,2,2,2,0.0,0,BB,PRT,Groups,TA/TO,0,1,0,A,A,0,No Deposit,1.0,0,Transient-Party,62.0,0,0
City Hotel,1,330,2015,September,37,12,2,2,2,0.0,0,BB,PRT,Groups,TA/TO,0,1,0,A,A,0,No Deposit,1.0,0,Transient-Party,62.0,0,0
City Hotel,1,330,2015,September,37,12,2,2,2,0.0,0,BB,PRT,Groups,TA/TO,0,1,0,A,A,0,No Deposit,1.0,0,Transient-Party,62.0,0,0
City Hotel,1,330,2015,September,37,12,2,2,2,0.0,0,BB,PRT,Groups,TA/TO,0,1,0,A,A,0,No Deposit,1.0,0,Transient-Party,62.0,0,0
City Hotel,1,330,2015,September,37,12,2,2,2,0.0,0,BB,PRT,Groups,TA/TO,0,1,0,A,A,0,No Deposit,1.0,0,Transient-Party,62.0,0,0
City Hotel,1,330,2015,September,37,12,2,2,2,0.0,0,BB,PRT,Groups,TA/TO,0,1,0,A,A,0,No Deposit,1.0,0,Transient-Party,62.0,0,0
City Hotel,1,330,2015,September,37,12,2,2,2,0.0,0,BB,PRT,Groups,TA/TO,0,1,0,A,A,0,No Deposit,1.0,0,Transient-Party,62.0,0,0
City Hotel,1,330,2015,September,37,12,2,2,2,0.0,0,BB,PRT,Groups,TA/TO,0,1,0,A,A,0,No Deposit,1.0,0,Transient-Party,62.0,0,0
City Hotel,1,330,2015,September,37,12,2,2,2,0.0,0,BB,PRT,Groups,TA/TO,0,1,0,A,A,0,No Deposit,1.0,0,Transient-Party,62.0,0,0
City Hotel,1,337,2015,September,38,19,2,2,2,0.0,0,BB,PRT,Groups,TA/TO,0,1,0,A,A,0,No Deposit,1.0,0,Transient-Party,62.0,0,0
City Hotel,1,337,2015,September,38,19,2,2,2,0.0,0,BB,PRT,Groups,TA/TO,0,1,0,A,A,0,No Deposit,1.0,0,Transient-Party,62.0,0,0
City Hotel,1,337,2015,September,38,19,2,2,2,0.0,0,BB,PRT,Groups,TA/TO,0,1,0,A,A,0,No Deposit,1.0,0,Transient-Party,62.0,0,0
City Hotel,1,337,2015,September,38,19,2,2,2,0.0,0,BB,PRT,Groups,TA/TO,0,1,0,A,A,0,No Deposit,1.0,0,Transient-Party,62.0,0,0
City Hotel,1,337,2015,September,38,19,2,2,2,0.0,0,BB,PRT,Groups,TA/TO,0,1,0,A,A,0,No Deposit,1.0,0,Transient-Party,62.0,0,0
City Hotel,1,337,2015,September,38,19,2,2,2,0.0,0,BB,PRT,Groups,TA/TO,0,1,0,A,A,0,No Deposit,1.0,0,Transient-Party,62.0,0,0
City Hotel,1,337,2015,September,38,19,2,2,2,0.0,0,BB,PRT,Groups,TA/TO,0,1,0,A,A,0,No Deposit,1.0,0,Transient-Party,62.0,0,0
City Hotel,1,337,2015,September,38,19,2,2,2,0.0,0,BB,PRT,Groups,TA/TO,0,1,0,A,A,0,No Deposit,1.0,0,Transient-Party,62.0,0,0
City Hotel,1,337,2015,September,38,19,2,2,2,0.0,0,BB,PRT,Groups,TA/TO,0,1,0,A,A,0,No Deposit,1.0,0,Transient-Party,62.0,0,0
City Hotel,1,337,2015,September,38,19,2,2,2,0.0,0,BB,PRT,Groups,TA/TO,0,1,0,A,A,0,No Deposit,1.0,0,Transient-Party,62.0,0,0
City Hotel,1,337,2015,September,38,19,2,2,2,0.0,0,BB,PRT,Groups,TA/TO,0,1,0,A,A,0,No Deposit,1.0,0,Transient-Party,62.0,0,0
City Hotel,1,337,2015,September,38,19,2,2,2,0.0,0,BB,PRT,Groups,TA/TO,0,1,0,A,A,0,No Deposit,1.0,0,Transient-Party,62.0,0,0
City Hotel,1,337,2015,September,38,19,2,2,2,0.0,0,BB,PRT,Groups,TA/TO,0,1,0,A,A,0,No Deposit,1.0,0,Transient-Party,62.0,0,0
City Hotel,1,337,2015,September,38,19,2,2,2,0.0,0,BB,PRT,Groups,TA/TO,0,1,0,A,A,0,No Deposit,1.0,0,Transient-Party,62.0,0,0
City Hotel,1,337,2015,September,38,19,2,2,2,0.0,0,BB,PRT,Groups,TA/TO,0,1,0,A,A,0,No Deposit,1.0,0,Transient-Party,62.0,0,0
City Hotel,1,337,2015,September,38,19,2,2,2,0.0,0,BB,PRT,Groups,TA/TO,0,1,0,A,A,0,No Deposit,1.0,0,Transient-Party,62.0,0,0
City Hotel,1,337,2015,September,38,19,2,2,2,0.0,0,BB,PRT,Groups,TA/TO,0,1,0,A,A,0,No Deposit,1.0,0,Transient-Party,62.0,0,0
City Hotel,1,337,2015,September,38,19,2,2,2,0.0,0,BB,PRT,Groups,TA/TO,0,1,0,A,A,0,No Deposit,1.0,0,Transient-Party,62.0,0,0
City Hotel,1,337,2015,September,38,19,2,2,2,0.0,0,BB,PRT,Groups,TA/TO,0,1,0,A,A,0,No Deposit,1.0,0,Transient-Party,62.0,0,0
City Hotel,1,337,2015,September,38,19,2,2,2,0.0,0,BB,PRT,Groups,TA/TO,0,1,0,A,A,0,No Deposit,1.0,0,Transient-Party,62.0,0,0
City Hotel,1,337,2015,September,38,19,2,2,2,0.0,0,BB,PRT,Groups,TA/TO,0,1,0,A,A,0,No Deposit,1.0,0,Transient-Party,62.0,0,0
City Hotel,1,337,2015,September,38,19,2,2,2,0.0,0,BB,PRT,Groups,TA/TO,0,1,0,A,A,0,No Deposit,1.0,0,Transient-Party,62.0,0,0
City Hotel,1,337,2015,September,38,19,2,2,2,0.0,0,BB,PRT,Groups,TA/TO,0,1,0,A,A,0,No Deposit,1.0,0,Transient-Party,62.0,0,0
City Hotel,1,337,2015,September,38,19,2,2,2,0.0,0,BB,PRT,Groups,TA/TO,0,1,0,A,A,0,No Deposit,1.0,0,Transient-Party,62.0,0,0
City Hotel,1,337,2015,September,38,19,2,2,2,0.0,0,BB,PRT,Groups,TA/TO,0,1,0,A,A,0,No Deposit,1.0,0,Transient-Party,62.0,0,0
City Hotel,1,337,2015,September,38,19,2,2,2,0.0,0,BB,PRT,Groups,TA/TO,0,1,0,A,A,0,No Deposit,1.0,0,Transient-Party,62.0,0,0
City Hotel,1,337,2015,September,38,19,2,2,2,0.0,0,BB,PRT,Groups,TA/TO,0,1,0,A,A,0,No Deposit,1.0,0,Transient-Party,62.0,0,0
City Hotel,1,337,2015,September,38,19,2,2,2,0.0,0,BB,PRT,Groups,TA/TO,0,1,0,A,A,0,No Deposit,1.0,0,Transient-Party,62.0,0,0
City Hotel,1,337,2015,September,38,19,2,2,2,0.0,0,BB,PRT,Groups,TA/TO,0,1,0,A,A,0,No Deposit,1.0,0,Transient-Party,62.0,0,0
City Hotel,1,351,2015,October,40,3,2,2,2,0.0,0,BB,PRT,Groups,TA/TO,0,1,0,A,A,0,No Deposit,1.0,0,Transient-Party,62.0,0,0
City Hotel,1,351,2015,October,40,3,2,2,2,0.0,0,BB,PRT,Groups,TA/TO,0,1,0,A,A,0,No Deposit,1.0,0,Transient-Party,62.0,0,0
City Hotel,1,351,2015,October,40,3,2,2,2,0.0,0,BB,PRT,Groups,TA/TO,0,1,0,A,A,0,No Deposit,1.0,0,Transient-Party,62.0,0,0
City Hotel,1,351,2015,October,40,3,2,2,2,0.0,0,BB,PRT,Groups,TA/TO,0,1,0,A,A,0,No Deposit,1.0,0,Transient-Party,62.0,0,0
City Hotel,1,351,2015,October,40,3,2,2,2,0.0,0,BB,PRT,Groups,TA/TO,0,1,0,A,A,0,No Deposit,1.0,0,Transient-Party,62.0,0,0
City Hotel,1,351,2015,October,40,3,2,2,2,0.0,0,BB,PRT,Groups,TA/TO,0,1,0,A,A,0,No Deposit,1.0,0,Transient-Party,62.0,0,0
City Hotel,1,351,2015,October,40,3,2,2,2,0.0,0,BB,PRT,Groups,TA/TO,0,1,0,A,A,0,No Deposit,1.0,0,Transient-Party,62.0,0,0
City Hotel,1,351,2015,October,40,3,2,2,2,0.0,0,BB,PRT,Groups,TA/TO,0,1,0,A,A,0,No Deposit,1.0,0,Transient-Party,62.0,0,0
City Hotel,1,351,2015,October,40,3,2,2,2,0.0,0,BB,PRT,Groups,TA/TO,0,1,0,A,A,0,No Deposit,1.0,0,Transient-Party,62.0,0,0
City Hotel,1,351,2015,October,40,3,2,2,2,0.0,0,BB,PRT,Groups,TA/TO,0,1,0,A,A,0,No Deposit,1.0,0,Transient-Party,62.0,0,0
City Hotel,1,351,2015,October,40,3,2,2,2,0.0,0,BB,PRT,Groups,TA/TO,0,1,0,A,A,0,No Deposit,1.0,0,Transient-Party,62.0,0,0
City Hotel,1,351,2015,October,40,3,2,2,2,0.0,0,BB,PRT,Groups,TA/TO,0,1,0,A,A,0,No Deposit,1.0,0,Transient-Party,62.0,0,0
City Hotel,1,351,2015,October,40,3,2,2,2,0.0,0,BB,PRT,Groups,TA/TO,0,1,0,A,A,0,No Deposit,1.0,0,Transient-Party,62.0,0,0
City Hotel,1,351,2015,October,40,3,2,2,2,0.0,0,BB,PRT,Groups,TA/TO,0,1,0,A,A,0,No Deposit,1.0,0,Transient-Party,62.0,0,0
City Hotel,1,351,2015,October,40,3,2,2,2,0.0,0,BB,PRT,Groups,TA/TO,0,1,0,A,A,0,No Deposit,1.0,0,Transient-Party,62.0,0,0
City Hotel,1,351,2015,October,40,3,2,2,2,0.0,0,BB,PRT,Groups,TA/TO,0,1,0,A,A,0,No Deposit,1.0,0,Transient-Party,62.0,0,0
City Hotel,1,351,2015,October,40,3,2,2,2,0.0,0,BB,PRT,Groups,TA/TO,0,1,0,A,A,0,No Deposit,1.0,0,Transient-Party,62.0,0,0
City Hotel,1,351,2015,October,40,3,2,2,2,0.0,0,BB,PRT,Groups,TA/TO,0,1,0,A,A,0,No Deposit,1.0,0,Transient-Party,62.0,0,0
City Hotel,1,351,2015,October,40,3,2,2,2,0.0,0,BB,PRT,Groups,TA/TO,0,1,0,A,A,0,No Deposit,1.0,0,Transient-Party,62.0,0,0
City Hotel,1,351,2015,October,40,3,2,2,2,0.0,0,BB,PRT,Groups,TA/TO,0,1,0,A,A,0,No Deposit,1.0,0,Transient-Party,62.0,0,0
City Hotel,1,351,2015,October,40,3,2,2,2,0.0,0,BB,PRT,Groups,TA/TO,0,1,0,A,A,0,No Deposit,1.0,0,Transient-Party,62.0,0,0
City Hotel,1,351,2015,October,40,3,2,2,2,0.0,0,BB,PRT,Groups,TA/TO,0,1,0,A,A,0,No Deposit,1.0,0,Transient-Party,62.0,0,0
City Hotel,1,351,2015,October,40,3,2,2,2,0.0,0,BB,PRT,Groups,TA/TO,0,1,0,A,A,0,No Deposit,1.0,0,Transient-Party,62.0,0,0
City Hotel,1,351,2015,October,40,3,2,2,2,0.0,0,BB,PRT,Groups,TA/TO,0,1,0,A,A,0,No Deposit,1.0,0,Transient-Party,62.0,0,0
City Hotel,1,351,2015,October,40,3,2,2,2,0.0,0,BB,PRT,Groups,TA/TO,0,1,0,A,A,0,No Deposit,1.0,0,Transient-Party,62.0,0,0
City Hotel,1,351,2015,October,40,3,2,2,2,0.0,0,BB,PRT,Groups,TA/TO,0,1,0,A,A,0,No Deposit,1.0,0,Transient-Party,62.0,0,0
City Hotel,1,351,2015,October,40,3,2,2,2,0.0,0,BB,PRT,Groups,TA/TO,0,1,0,A,A,0,No Deposit,1.0,0,Transient-Party,62.0,0,0
City Hotel,1,351,2015,October,40,3,2,2,2,0.0,0,BB,PRT,Groups,TA/TO,0,1,0,A,A,0,No Deposit,1.0,0,Transient-Party,62.0,0,0
City Hotel,1,351,2015,October,40,3,2,2,2,0.0,0,BB,PRT,Groups,TA/TO,0,1,0,A,A,0,No Deposit,1.0,0,Transient-Party,62.0,0,0
City Hotel,1,274,2015,July,29,18,2,2,2,0.0,0,BB,PRT,Groups,TA/TO,0,1,0,A,A,0,No Deposit,1.0,0,Transient-Party,62.0,0,0
City Hotel,1,274,2015,July,29,18,2,2,2,0.0,0,BB,PRT,Groups,TA/TO,0,1,0,A,A,0,No Deposit,1.0,0,Transient-Party,62.0,0,0
City Hotel,1,274,2015,July,29,18,2,2,2,0.0,0,BB,PRT,Groups,TA/TO,0,1,0,A,A,0,No Deposit,1.0,0,Transient-Party,62.0,0,0
City Hotel,1,274,2015,July,29,18,2,2,2,0.0,0,BB,PRT,Groups,TA/TO,0,1,0,A,A,0,No Deposit,1.0,0,Transient-Party,62.0,0,0
City Hotel,1,274,2015,July,29,18,2,2,2,0.0,0,BB,PRT,Groups,TA/TO,0,1,0,A,A,0,No Deposit,1.0,0,Transient-Party,62.0,0,0
City Hotel,1,274,2015,July,29,18,2,2,2,0.0,0,BB,PRT,Groups,TA/TO,0,1,0,A,A,0,No Deposit,1.0,0,Transient-Party,62.0,0,0
City Hotel,1,274,2015,July,29,18,2,2,2,0.0,0,BB,PRT,Groups,TA/TO,0,1,0,A,A,0,No Deposit,1.0,0,Transient-Party,62.0,0,0
City Hotel,1,274,2015,July,29,18,2,2,2,0.0,0,BB,PRT,Groups,TA/TO,0,1,0,A,A,0,No Deposit,1.0,0,Transient-Party,62.0,0,0
City Hotel,1,274,2015,July,29,18,2,2,2,0.0,0,BB,PRT,Groups,TA/TO,0,1,0,A,A,0,No Deposit,1.0,0,Transient-Party,62.0,0,0
City Hotel,1,274,2015,July,29,18,2,2,2,0.0,0,BB,PRT,Groups,TA/TO,0,1,0,A,A,0,No Deposit,1.0,0,Transient-Party,62.0,0,0
City Hotel,1,274,2015,July,29,18,2,2,2,0.0,0,BB,PRT,Groups,TA/TO,0,1,0,A,A,0,No Deposit,1.0,0,Transient-Party,62.0,0,0
City Hotel,1,274,2015,July,29,18,2,2,2,0.0,0,BB,PRT,Groups,TA/TO,0,1,0,A,A,0,No Deposit,1.0,0,Transient-Party,62.0,0,0
City Hotel,1,274,2015,July,29,18,2,2,2,0.0,0,BB,PRT,Groups,TA/TO,0,1,0,A,A,0,No Deposit,1.0,0,Transient-Party,62.0,0,0
City Hotel,1,274,2015,July,29,18,2,2,2,0.0,0,BB,PRT,Groups,TA/TO,0,1,0,A,A,0,No Deposit,1.0,0,Transient-Party,62.0,0,0
City Hotel,1,274,2015,July,29,18,2,2,2,0.0,0,BB,PRT,Groups,TA/TO,0,1,0,A,A,0,No Deposit,1.0,0,Transient-Party,62.0,0,0
City Hotel,1,274,2015,July,29,18,2,2,2,0.0,0,BB,PRT,Groups,TA/TO,0,1,0,A,A,0,No Deposit,1.0,0,Transient-Party,62.0,0,0
City Hotel,1,274,2015,July,29,18,2,2,2,0.0,0,BB,PRT,Groups,TA/TO,0,1,0,A,A,0,No Deposit,1.0,0,Transient-Party,62.0,0,0
City Hotel,1,274,2015,July,29,18,2,2,2,0.0,0,BB,PRT,Groups,TA/TO,0,1,0,A,A,0,No Deposit,1.0,0,Transient-Party,62.0,0,0
City Hotel,1,274,2015,July,29,18,2,2,2,0.0,0,BB,PRT,Groups,TA/TO,0,1,0,A,A,0,No Deposit,1.0,0,Transient-Party,62.0,0,0
City Hotel,1,274,2015,July,29,18,2,2,2,0.0,0,BB,PRT,Groups,TA/TO,0,1,0,A,A,0,No Deposit,1.0,0,Transient-Party,62.0,0,0
City Hotel,1,274,2015,July,29,18,2,2,2,0.0,0,BB,PRT,Groups,TA/TO,0,1,0,A,A,0,No Deposit,1.0,0,Transient-Party,62.0,0,0
City Hotel,1,274,2015,July,29,18,2,2,2,0.0,0,BB,PRT,Groups,TA/TO,0,1,0,A,A,0,No Deposit,1.0,0,Transient-Party,62.0,0,0
City Hotel,1,274,2015,July,29,18,2,2,2,0.0,0,BB,PRT,Groups,TA/TO,0,1,0,A,A,0,No Deposit,1.0,0,Transient-Party,62.0,0,0
City Hotel,1,274,2015,July,29,18,2,2,2,0.0,0,BB,PRT,Groups,TA/TO,0,1,0,A,A,0,No Deposit,1.0,0,Transient-Party,62.0,0,0
City Hotel,1,274,2015,July,29,18,2,2,2,0.0,0,BB,PRT,Groups,TA/TO,0,1,0,A,A,0,No Deposit,1.0,0,Transient-Party,62.0,0,0
City Hotel,1,274,2015,July,29,18,2,2,2,0.0,0,BB,PRT,Groups,TA/TO,0,1,0,A,A,0,No Deposit,1.0,0,Transient-Party,62.0,0,0
City Hotel,1,274,2015,July,29,18,2,2,2,0.0,0,BB,PRT,Groups,TA/TO,0,1,0,A,A,0,No Deposit,1.0,0,Transient-Party,62.0,0,0
City Hotel,1,274,2015,July,29,18,2,2,2,0.0,0,BB,PRT,Groups,TA/TO,0,1,0,A,A,0,No Deposit,1.0,0,Transient-Party,62.0,0,0
City Hotel,1,274,2015,July,29,18,2,2,2,0.0,0,BB,PRT,Groups,TA/TO,0,1,0,A,A,0,No Deposit,1.0,0,Transient-Party,62.0,0,0
City Hotel,1,157,2015,July,28,6,1,3,2,0.0,0,BB,PRT,Online TA,TA/TO,0,0,0,A,A,0,No Deposit,9.0,0,Transient,76.5,0,1
City Hotel,1,180,2015,July,30,19,2,5,2,0.0,0,BB,PRT,Online TA,TA/TO,0,1,0,A,A,1,No Deposit,9.0,0,Transient,76.5,0,2
City Hotel,1,166,2015,July,29,18,2,5,2,0.0,0,BB,PRT,Online TA,TA/TO,0,1,0,A,A,0,No Deposit,7.0,0,Transient,55.96,0,0
City Hotel,1,301,2015,August,33,14,0,2,2,0.0,0,HB,PRT,Offline TA/TO,TA/TO,0,1,0,A,A,0,Non Refund,6.0,0,Transient-Party,101.5,0,0
City Hotel,1,301,2015,August,33,14,0,2,2,0.0,0,HB,PRT,Offline TA/TO,TA/TO,0,1,0,A,A,0,Non Refund,6.0,0,Transient-Party,101.5,0,0
City Hotel,1,301,2015,August,33,14,0,2,2,0.0,0,HB,PRT,Offline TA/TO,TA/TO,0,1,0,A,A,0,Non Refund,6.0,0,Transient-Party,101.5,0,0
City Hotel,1,301,2015,August,33,14,0,2,2,0.0,0,HB,PRT,Offline TA/TO,TA/TO,0,1,0,A,A,0,Non Refund,6.0,0,Transient-Party,101.5,0,0
City Hotel,1,301,2015,August,33,14,0,2,2,0.0,0,HB,PRT,Offline TA/TO,TA/TO,0,1,0,A,A,0,Non Refund,6.0,0,Transient-Party,101.5,0,0
City Hotel,1,301,2015,August,33,14,0,2,2,0.0,0,HB,PRT,Offline TA/TO,TA/TO,0,1,0,A,A,0,Non Refund,6.0,0,Transient-Party,101.5,0,0
City Hotel,1,301,2015,August,33,14,0,2,2,0.0,0,HB,PRT,Offline TA/TO,TA/TO,0,1,0,A,A,0,Non Refund,6.0,0,Transient-Party,101.5,0,0
City Hotel,1,301,2015,August,33,14,0,2,2,0.0,0,HB,PRT,Offline TA/TO,TA/TO,0,1,0,A,A,0,Non Refund,6.0,0,Transient-Party,101.5,0,0
City Hotel,1,301,2015,August,33,14,0,2,2,0.0,0,HB,PRT,Offline TA/TO,TA/TO,0,1,0,A,A,0,Non Refund,6.0,0,Transient-Party,101.5,0,0
City Hotel,1,301,2015,August,33,14,0,2,2,0.0,0,HB,PRT,Offline TA/TO,TA/TO,0,1,0,A,A,0,Non Refund,6.0,0,Transient-Party,101.5,0,0
City Hotel,1,301,2015,August,33,14,0,2,2,0.0,0,HB,PRT,Offline TA/TO,TA/TO,0,1,0,A,A,0,Non Refund,6.0,0,Transient-Party,101.5,0,0
City Hotel,1,301,2015,August,33,14,0,2,2,0.0,0,HB,PRT,Offline TA/TO,TA/TO,0,1,0,A,A,0,Non Refund,6.0,0,Transient-Party,101.5,0,0
City Hotel,1,301,2015,August,33,14,0,2,2,0.0,0,HB,PRT,Offline TA/TO,TA/TO,0,1,0,A,A,0,Non Refund,6.0,0,Transient-Party,101.5,0,0
City Hotel,1,301,2015,August,33,14,0,2,2,0.0,0,HB,PRT,Offline TA/TO,TA/TO,0,1,0,A,A,0,Non Refund,6.0,0,Transient-Party,101.5,0,0
City Hotel,1,301,2015,August,33,14,0,2,2,0.0,0,HB,PRT,Offline TA/TO,TA/TO,0,1,0,A,A,0,Non Refund,6.0,0,Transient-Party,101.5,0,0
City Hotel,1,301,2015,August,33,14,0,2,2,0.0,0,HB,PRT,Offline TA/TO,TA/TO,0,1,0,A,A,0,Non Refund,6.0,0,Transient-Party,101.5,0,0
City Hotel,1,301,2015,August,33,14,0,2,2,0.0,0,HB,PRT,Offline TA/TO,TA/TO,0,1,0,A,A,0,Non Refund,6.0,0,Transient-Party,101.5,0,0
City Hotel,1,301,2015,August,33,14,0,2,2,0.0,0,HB,PRT,Offline TA/TO,TA/TO,0,1,0,A,A,0,Non Refund,6.0,0,Transient-Party,101.5,0,0
City Hotel,1,301,2015,August,33,14,0,2,2,0.0,0,HB,PRT,Offline TA/TO,TA/TO,0,1,0,A,A,0,Non Refund,6.0,0,Transient-Party,101.5,0,0
City Hotel,1,301,2015,August,33,14,0,2,2,0.0,0,HB,PRT,Offline TA/TO,TA/TO,0,1,0,A,A,0,Non Refund,6.0,0,Transient-Party,101.5,0,0
City Hotel,1,301,2015,August,33,14,0,2,2,0.0,0,HB,PRT,Offline TA/TO,TA/TO,0,1,0,A,A,0,Non Refund,6.0,0,Transient-Party,101.5,0,0
City Hotel,1,301,2015,August,33,14,0,2,2,0.0,0,HB,PRT,Offline TA/TO,TA/TO,0,1,0,A,A,0,Non Refund,6.0,0,Transient-Party,101.5,0,0
City Hotel,1,301,2015,August,33,14,0,2,2,0.0,0,HB,PRT,Offline TA/TO,TA/TO,0,1,0,A,A,0,Non Refund,6.0,0,Transient-Party,101.5,0,0
City Hotel,1,301,2015,August,33,14,0,2,2,0.0,0,HB,PRT,Offline TA/TO,TA/TO,0,1,0,A,A,0,Non Refund,6.0,0,Transient-Party,101.5,0,0
City Hotel,1,301,2015,August,33,14,0,2,2,0.0,0,HB,PRT,Offline TA/TO,TA/TO,0,1,0,A,A,0,Non Refund,6.0,0,Transient-Party,101.5,0,0
City Hotel,1,301,2015,August,33,14,0,2,2,0.0,0,HB,PRT,Offline TA/TO,TA/TO,0,1,0,A,A,0,Non Refund,6.0,0,Transient-Party,101.5,0,0
City Hotel,1,301,2015,August,33,14,0,2,2,0.0,0,HB,PRT,Offline TA/TO,TA/TO,0,1,0,A,A,0,Non Refund,6.0,0,Transient-Party,101.5,0,0
City Hotel,1,301,2015,August,33,14,0,2,2,0.0,0,HB,PRT,Offline TA/TO,TA/TO,0,1,0,A,A,0,Non Refund,6.0,0,Transient-Party,101.5,0,0
City Hotel,1,301,2015,August,33,14,0,2,2,0.0,0,HB,PRT,Offline TA/TO,TA/TO,0,1,0,A,A,0,Non Refund,6.0,0,Transient-Party,101.5,0,0
City Hotel,1,301,2015,August,33,14,0,2,2,0.0,0,HB,PRT,Offline TA/TO,TA/TO,0,1,0,A,A,0,Non Refund,6.0,0,Transient-Party,101.5,0,0
City Hotel,1,301,2015,August,33,14,0,2,2,0.0,0,HB,PRT,Offline TA/TO,TA/TO,0,1,0,A,A,0,Non Refund,6.0,0,Transient-Party,101.5,0,0
City Hotel,1,301,2015,August,33,14,0,2,2,0.0,0,HB,PRT,Offline TA/TO,TA/TO,0,1,0,A,A,0,Non Refund,6.0,0,Transient-Party,101.5,0,0
City Hotel,1,301,2015,August,33,14,0,2,2,0.0,0,HB,PRT,Offline TA/TO,TA/TO,0,1,0,A,A,0,Non Refund,6.0,0,Transient-Party,101.5,0,0
City Hotel,1,301,2015,August,33,14,0,2,2,0.0,0,HB,PRT,Offline TA/TO,TA/TO,0,1,0,A,A,0,Non Refund,6.0,0,Transient-Party,101.5,0,0
City Hotel,1,301,2015,August,33,14,0,2,2,0.0,0,HB,PRT,Offline TA/TO,TA/TO,0,1,0,A,A,0,Non Refund,6.0,0,Transient-Party,101.5,0,0
City Hotel,1,301,2015,August,33,14,0,2,2,0.0,0,HB,PRT,Offline TA/TO,TA/TO,0,1,0,A,A,0,Non Refund,6.0,0,Transient-Party,101.5,0,0
City Hotel,1,301,2015,August,33,14,0,2,2,0.0,0,HB,PRT,Offline TA/TO,TA/TO,0,1,0,A,A,0,Non Refund,6.0,0,Transient-Party,101.5,0,0
City Hotel,1,301,2015,August,33,14,0,2,2,0.0,0,HB,PRT,Offline TA/TO,TA/TO,0,1,0,A,A,0,Non Refund,6.0,0,Transient-Party,101.5,0,0
City Hotel,1,301,2015,August,33,14,0,2,2,0.0,0,HB,PRT,Offline TA/TO,TA/TO,0,1,0,A,A,0,Non Refund,6.0,0,Transient-Party,101.5,0,0
City Hotel,1,301,2015,August,33,14,0,2,2,0.0,0,HB,PRT,Offline TA/TO,TA/TO,0,1,0,A,A,0,Non Refund,6.0,0,Transient-Party,101.5,0,0
City Hotel,1,301,2015,August,33,14,0,2,2,0.0,0,HB,PRT,Offline TA/TO,TA/TO,0,1,0,A,A,0,Non Refund,6.0,0,Transient-Party,101.5,0,0
City Hotel,1,301,2015,August,33,14,0,2,2,0.0,0,HB,PRT,Offline TA/TO,TA/TO,0,1,0,A,A,0,Non Refund,6.0,0,Transient-Party,101.5,0,0
City Hotel,1,301,2015,August,33,14,0,2,2,0.0,0,HB,PRT,Offline TA/TO,TA/TO,0,1,0,A,A,0,Non Refund,6.0,0,Transient-Party,101.5,0,0
City Hotel,1,301,2015,August,33,14,0,2,2,0.0,0,HB,PRT,Offline TA/TO,TA/TO,0,1,0,A,A,0,Non Refund,6.0,0,Transient-Party,101.5,0,0
City Hotel,1,301,2015,August,33,14,0,2,2,0.0,0,HB,PRT,Offline TA/TO,TA/TO,0,1,0,A,A,0,Non Refund,6.0,0,Transient-Party,101.5,0,0
City Hotel,1,301,2015,August,33,14,0,2,2,0.0,0,HB,PRT,Offline TA/TO,TA/TO,0,1,0,A,A,0,Non Refund,6.0,0,Transient-Party,101.5,0,0
City Hotel,1,301,2015,August,33,14,0,2,2,0.0,0,HB,PRT,Offline TA/TO,TA/TO,0,1,0,A,A,0,Non Refund,6.0,0,Transient-Party,101.5,0,0
City Hotel,1,301,2015,August,33,14,0,2,2,0.0,0,HB,PRT,Offline TA/TO,TA/TO,0,1,0,A,A,0,Non Refund,6.0,0,Transient-Party,101.5,0,0
City Hotel,1,301,2015,August,33,14,0,2,2,0.0,0,HB,PRT,Offline TA/TO,TA/TO,0,1,0,A,A,0,Non Refund,6.0,0,Transient-Party,101.5,0,0
City Hotel,1,301,2015,August,33,14,0,2,2,0.0,0,HB,PRT,Offline TA/TO,TA/TO,0,1,0,A,A,0,Non Refund,6.0,0,Transient-Party,101.5,0,0
City Hotel,1,301,2015,August,33,14,0,2,2,0.0,0,HB,PRT,Offline TA/TO,TA/TO,0,1,0,A,A,0,Non Refund,6.0,0,Transient-Party,101.5,0,0
City Hotel,1,301,2015,August,33,14,0,2,2,0.0,0,HB,PRT,Offline TA/TO,TA/TO,0,1,0,A,A,0,Non Refund,6.0,0,Transient-Party,101.5,0,0
City Hotel,1,301,2015,August,33,14,0,2,2,0.0,0,HB,PRT,Offline TA/TO,TA/TO,0,1,0,A,A,0,Non Refund,6.0,0,Transient-Party,101.5,0,0
City Hotel,1,301,2015,August,33,14,0,2,2,0.0,0,HB,PRT,Offline TA/TO,TA/TO,0,1,0,A,A,0,Non Refund,6.0,0,Transient-Party,101.5,0,0
City Hotel,1,301,2015,August,33,14,0,2,2,0.0,0,HB,PRT,Offline TA/TO,TA/TO,0,1,0,A,A,0,Non Refund,6.0,0,Transient-Party,101.5,0,0
City Hotel,1,301,2015,August,33,14,0,2,2,0.0,0,HB,PRT,Offline TA/TO,TA/TO,0,1,0,A,A,0,Non Refund,6.0,0,Transient-Party,101.5,0,0
City Hotel,1,301,2015,August,33,14,0,2,2,0.0,0,HB,PRT,Offline TA/TO,TA/TO,0,1,0,A,A,0,Non Refund,6.0,0,Transient-Party,101.5,0,0
City Hotel,1,301,2015,August,33,14,0,2,2,0.0,0,HB,PRT,Offline TA/TO,TA/TO,0,1,0,A,A,0,Non Refund,6.0,0,Transient-Party,101.5,0,0
City Hotel,1,301,2015,August,33,14,0,2,2,0.0,0,HB,PRT,Offline TA/TO,TA/TO,0,1,0,A,A,0,Non Refund,6.0,0,Transient-Party,101.5,0,0
City Hotel,1,301,2015,August,33,14,0,2,2,0.0,0,HB,PRT,Offline TA/TO,TA/TO,0,1,0,A,A,0,Non Refund,6.0,0,Transient-Party,101.5,0,0
City Hotel,1,301,2015,August,33,14,0,2,2,0.0,0,HB,PRT,Offline TA/TO,TA/TO,0,1,0,A,A,0,Non Refund,6.0,0,Transient-Party,101.5,0,0
City Hotel,1,301,2015,August,33,14,0,2,2,0.0,0,HB,PRT,Offline TA/TO,TA/TO,0,1,0,A,A,0,Non Refund,6.0,0,Transient-Party,101.5,0,0
City Hotel,1,301,2015,August,33,14,0,2,2,0.0,0,HB,PRT,Offline TA/TO,TA/TO,0,1,0,A,A,0,Non Refund,6.0,0,Transient-Party,101.5,0,0
City Hotel,1,301,2015,August,33,14,0,2,2,0.0,0,HB,PRT,Offline TA/TO,TA/TO,0,1,0,A,A,0,Non Refund,6.0,0,Transient-Party,101.5,0,0
City Hotel,1,301,2015,August,33,14,0,2,2,0.0,0,HB,PRT,Offline TA/TO,TA/TO,0,1,0,A,A,0,Non Refund,6.0,0,Transient-Party,101.5,0,0
City Hotel,1,301,2015,August,33,14,0,2,2,0.0,0,HB,PRT,Offline TA/TO,TA/TO,0,1,0,A,A,0,Non Refund,6.0,0,Transient-Party,101.5,0,0
City Hotel,1,301,2015,August,33,14,0,2,2,0.0,0,HB,PRT,Offline TA/TO,TA/TO,0,1,0,A,A,0,Non Refund,6.0,0,Transient-Party,101.5,0,0
City Hotel,1,301,2015,August,33,14,0,2,2,0.0,0,HB,PRT,Offline TA/TO,TA/TO,0,1,0,A,A,0,Non Refund,6.0,0,Transient-Party,101.5,0,0
City Hotel,1,301,2015,August,33,14,0,2,2,0.0,0,HB,PRT,Offline TA/TO,TA/TO,0,1,0,A,A,0,Non Refund,6.0,0,Transient-Party,101.5,0,0
City Hotel,1,301,2015,August,33,14,0,2,2,0.0,0,HB,PRT,Offline TA/TO,TA/TO,0,1,0,A,A,0,Non Refund,6.0,0,Transient-Party,101.5,0,0
City Hotel,1,336,2015,September,38,18,0,2,2,0.0,0,HB,PRT,Offline TA/TO,TA/TO,0,1,0,A,A,0,Non Refund,6.0,0,Transient-Party,101.5,0,0
City Hotel,1,336,2015,September,38,18,0,2,2,0.0,0,HB,PRT,Offline TA/TO,TA/TO,0,1,0,A,A,0,Non Refund,6.0,0,Transient-Party,101.5,0,0
City Hotel,1,336,2015,September,38,18,0,2,2,0.0,0,HB,PRT,Offline TA/TO,TA/TO,0,1,0,A,A,0,Non Refund,6.0,0,Transient-Party,101.5,0,0
City Hotel,1,336,2015,September,38,18,0,2,2,0.0,0,HB,PRT,Offline TA/TO,TA/TO,0,1,0,A,A,0,Non Refund,6.0,0,Transient-Party,101.5,0,0
City Hotel,1,336,2015,September,38,18,0,2,2,0.0,0,HB,PRT,Offline TA/TO,TA/TO,0,1,0,A,A,0,Non Refund,6.0,0,Transient-Party,101.5,0,0
City Hotel,1,336,2015,September,38,18,0,2,2,0.0,0,HB,PRT,Offline TA/TO,TA/TO,0,1,0,A,A,0,Non Refund,6.0,0,Transient-Party,101.5,0,0
City Hotel,1,336,2015,September,38,18,0,2,2,0.0,0,HB,PRT,Offline TA/TO,TA/TO,0,1,0,A,A,0,Non Refund,6.0,0,Transient-Party,101.5,0,0
City Hotel,1,336,2015,September,38,18,0,2,2,0.0,0,HB,PRT,Offline TA/TO,TA/TO,0,1,0,A,A,0,Non Refund,6.0,0,Transient-Party,101.5,0,0
City Hotel,1,336,2015,September,38,18,0,2,2,0.0,0,HB,PRT,Offline TA/TO,TA/TO,0,1,0,A,A,0,Non Refund,6.0,0,Transient-Party,101.5,0,0
City Hotel,1,336,2015,September,38,18,0,2,2,0.0,0,HB,PRT,Offline TA/TO,TA/TO,0,1,0,A,A,0,Non Refund,6.0,0,Transient-Party,101.5,0,0
City Hotel,1,336,2015,September,38,18,0,2,2,0.0,0,HB,PRT,Offline TA/TO,TA/TO,0,1,0,A,A,0,Non Refund,6.0,0,Transient-Party,101.5,0,0
City Hotel,1,336,2015,September,38,18,0,2,2,0.0,0,HB,PRT,Offline TA/TO,TA/TO,0,1,0,A,A,0,Non Refund,6.0,0,Transient-Party,101.5,0,0
City Hotel,1,336,2015,September,38,18,0,2,2,0.0,0,HB,PRT,Offline TA/TO,TA/TO,0,1,0,A,A,0,Non Refund,6.0,0,Transient-Party,101.5,0,0
City Hotel,1,336,2015,September,38,18,0,2,2,0.0,0,HB,PRT,Offline TA/TO,TA/TO,0,1,0,A,A,0,Non Refund,6.0,0,Transient-Party,101.5,0,0
City Hotel,1,336,2015,September,38,18,0,2,2,0.0,0,HB,PRT,Offline TA/TO,TA/TO,0,1,0,A,A,0,Non Refund,6.0,0,Transient-Party,101.5,0,0
City Hotel,1,336,2015,September,38,18,0,2,2,0.0,0,HB,PRT,Offline TA/TO,TA/TO,0,1,0,A,A,0,Non Refund,6.0,0,Transient-Party,101.5,0,0
City Hotel,1,336,2015,September,38,18,0,2,2,0.0,0,HB,PRT,Offline TA/TO,TA/TO,0,1,0,A,A,0,Non Refund,6.0,0,Transient-Party,101.5,0,0
City Hotel,1,336,2015,September,38,18,0,2,2,0.0,0,HB,PRT,Offline TA/TO,TA/TO,0,1,0,A,A,0,Non Refund,6.0,0,Transient-Party,101.5,0,0
City Hotel,1,336,2015,September,38,18,0,2,2,0.0,0,HB,PRT,Offline TA/TO,TA/TO,0,1,0,A,A,0,Non Refund,6.0,0,Transient-Party,101.5,0,0
City Hotel,1,336,2015,September,38,18,0,2,2,0.0,0,HB,PRT,Offline TA/TO,TA/TO,0,1,0,A,A,0,Non Refund,6.0,0,Transient-Party,101.5,0,0
City Hotel,1,336,2015,September,38,18,0,2,2,0.0,0,HB,PRT,Offline TA/TO,TA/TO,0,1,0,A,A,0,Non Refund,6.0,0,Transient-Party,101.5,0,0
City Hotel,1,336,2015,September,38,18,0,2,2,0.0,0,HB,PRT,Offline TA/TO,TA/TO,0,1,0,A,A,0,Non Refund,6.0,0,Transient-Party,101.5,0,0
City Hotel,1,336,2015,September,38,18,0,2,2,0.0,0,HB,PRT,Offline TA/TO,TA/TO,0,1,0,A,A,0,Non Refund,6.0,0,Transient-Party,101.5,0,0
City Hotel,1,336,2015,September,38,18,0,2,2,0.0,0,HB,PRT,Offline TA/TO,TA/TO,0,1,0,A,A,0,Non Refund,6.0,0,Transient-Party,101.5,0,0
City Hotel,1,336,2015,September,38,18,0,2,2,0.0,0,HB,PRT,Offline TA/TO,TA/TO,0,1,0,A,A,0,Non Refund,6.0,0,Transient-Party,101.5,0,0
City Hotel,1,336,2015,September,38,18,0,2,2,0.0,0,HB,PRT,Offline TA/TO,TA/TO,0,1,0,A,A,0,Non Refund,6.0,0,Transient-Party,101.5,0,0
City Hotel,1,336,2015,September,38,18,0,2,2,0.0,0,HB,PRT,Offline TA/TO,TA/TO,0,1,0,A,A,0,Non Refund,6.0,0,Transient-Party,101.5,0,0
City Hotel,1,336,2015,September,38,18,0,2,2,0.0,0,HB,PRT,Offline TA/TO,TA/TO,0,1,0,A,A,0,Non Refund,6.0,0,Transient-Party,101.5,0,0
City Hotel,1,336,2015,September,38,18,0,2,2,0.0,0,HB,PRT,Offline TA/TO,TA/TO,0,1,0,A,A,0,Non Refund,6.0,0,Transient-Party,101.5,0,0
City Hotel,1,336,2015,September,38,18,0,2,2,0.0,0,HB,PRT,Offline TA/TO,TA/TO,0,1,0,A,A,0,Non Refund,6.0,0,Transient-Party,101.5,0,0
City Hotel,1,336,2015,September,38,18,0,2,2,0.0,0,HB,PRT,Offline TA/TO,TA/TO,0,1,0,A,A,0,Non Refund,6.0,0,Transient-Party,101.5,0,0
City Hotel,1,336,2015,September,38,18,0,2,2,0.0,0,HB,PRT,Offline TA/TO,TA/TO,0,1,0,A,A,0,Non Refund,6.0,0,Transient-Party,101.5,0,0
City Hotel,1,336,2015,September,38,18,0,2,2,0.0,0,HB,PRT,Offline TA/TO,TA/TO,0,1,0,A,A,0,Non Refund,6.0,0,Transient-Party,101.5,0,0
City Hotel,1,336,2015,September,38,18,0,2,2,0.0,0,HB,PRT,Offline TA/TO,TA/TO,0,1,0,A,A,0,Non Refund,6.0,0,Transient-Party,101.5,0,0
City Hotel,1,336,2015,September,38,18,0,2,2,0.0,0,HB,PRT,Offline TA/TO,TA/TO,0,1,0,A,A,0,Non Refund,6.0,0,Transient-Party,101.5,0,0
City Hotel,1,336,2015,September,38,18,0,2,2,0.0,0,HB,PRT,Offline TA/TO,TA/TO,0,1,0,A,A,0,Non Refund,6.0,0,Transient-Party,101.5,0,0
City Hotel,1,336,2015,September,38,18,0,2,2,0.0,0,HB,PRT,Offline TA/TO,TA/TO,0,1,0,A,A,0,Non Refund,6.0,0,Transient-Party,101.5,0,0
City Hotel,1,336,2015,September,38,18,0,2,2,0.0,0,HB,PRT,Offline TA/TO,TA/TO,0,1,0,A,A,0,Non Refund,6.0,0,Transient-Party,101.5,0,0
City Hotel,1,336,2015,September,38,18,0,2,2,0.0,0,HB,PRT,Offline TA/TO,TA/TO,0,1,0,A,A,0,Non Refund,6.0,0,Transient-Party,101.5,0,0
City Hotel,1,336,2015,September,38,18,0,2,2,0.0,0,HB,PRT,Offline TA/TO,TA/TO,0,1,0,A,A,0,Non Refund,6.0,0,Transient-Party,101.5,0,0
City Hotel,1,336,2015,September,38,18,0,2,2,0.0,0,HB,PRT,Offline TA/TO,TA/TO,0,1,0,A,A,0,Non Refund,6.0,0,Transient-Party,101.5,0,0
City Hotel,1,336,2015,September,38,18,0,2,2,0.0,0,HB,PRT,Offline TA/TO,TA/TO,0,1,0,A,A,0,Non Refund,6.0,0,Transient-Party,101.5,0,0
City Hotel,1,336,2015,September,38,18,0,2,2,0.0,0,HB,PRT,Offline TA/TO,TA/TO,0,1,0,A,A,0,Non Refund,6.0,0,Transient-Party,101.5,0,0
City Hotel,1,336,2015,September,38,18,0,2,2,0.0,0,HB,PRT,Offline TA/TO,TA/TO,0,1,0,A,A,0,Non Refund,6.0,0,Transient-Party,101.5,0,0
City Hotel,1,336,2015,September,38,18,0,2,2,0.0,0,HB,PRT,Offline TA/TO,TA/TO,0,1,0,A,A,0,Non Refund,6.0,0,Transient-Party,101.5,0,0
City Hotel,1,336,2015,September,38,18,0,2,2,0.0,0,HB,PRT,Offline TA/TO,TA/TO,0,1,0,A,A,0,Non Refund,6.0,0,Transient-Party,101.5,0,0
City Hotel,1,336,2015,September,38,18,0,2,2,0.0,0,HB,PRT,Offline TA/TO,TA/TO,0,1,0,A,A,0,Non Refund,6.0,0,Transient-Party,101.5,0,0
City Hotel,1,336,2015,September,38,18,0,2,2,0.0,0,HB,PRT,Offline TA/TO,TA/TO,0,1,0,A,A,0,Non Refund,6.0,0,Transient-Party,101.5,0,0
City Hotel,1,336,2015,September,38,18,0,2,2,0.0,0,HB,PRT,Offline TA/TO,TA/TO,0,1,0,A,A,0,Non Refund,6.0,0,Transient-Party,101.5,0,0
City Hotel,1,336,2015,September,38,18,0,2,2,0.0,0,HB,PRT,Offline TA/TO,TA/TO,0,1,0,A,A,0,Non Refund,6.0,0,Transient-Party,101.5,0,0
City Hotel,1,336,2015,September,38,18,0,2,2,0.0,0,HB,PRT,Offline TA/TO,TA/TO,0,1,0,A,A,0,Non Refund,6.0,0,Transient-Party,101.5,0,0
City Hotel,1,336,2015,September,38,18,0,2,2,0.0,0,HB,PRT,Offline TA/TO,TA/TO,0,1,0,A,A,0,Non Refund,6.0,0,Transient-Party,101.5,0,0
City Hotel,1,336,2015,September,38,18,0,2,2,0.0,0,HB,PRT,Offline TA/TO,TA/TO,0,1,0,A,A,0,Non Refund,6.0,0,Transient-Party,101.5,0,0
City Hotel,1,336,2015,September,38,18,0,2,2,0.0,0,HB,PRT,Offline TA/TO,TA/TO,0,1,0,A,A,0,Non Refund,6.0,0,Transient-Party,101.5,0,0
City Hotel,1,336,2015,September,38,18,0,2,2,0.0,0,HB,PRT,Offline TA/TO,TA/TO,0,1,0,A,A,0,Non Refund,6.0,0,Transient-Party,101.5,0,0
City Hotel,1,336,2015,September,38,18,0,2,2,0.0,0,HB,PRT,Offline TA/TO,TA/TO,0,1,0,A,A,0,Non Refund,6.0,0,Transient-Party,101.5,0,0
City Hotel,1,336,2015,September,38,18,0,2,2,0.0,0,HB,PRT,Offline TA/TO,TA/TO,0,1,0,A,A,0,Non Refund,6.0,0,Transient-Party,101.5,0,0
City Hotel,1,336,2015,September,38,18,0,2,2,0.0,0,HB,PRT,Offline TA/TO,TA/TO,0,1,0,A,A,0,Non Refund,6.0,0,Transient-Party,101.5,0,0
City Hotel,1,364,2015,October,42,16,0,2,2,0.0,0,HB,PRT,Offline TA/TO,TA/TO,0,1,0,A,A,0,Non Refund,6.0,0,Transient-Party,101.5,0,0
City Hotel,1,364,2015,October,42,16,0,2,2,0.0,0,HB,PRT,Offline TA/TO,TA/TO,0,1,0,A,A,0,Non Refund,6.0,0,Transient-Party,101.5,0,0
City Hotel,1,364,2015,October,42,16,0,2,2,0.0,0,HB,PRT,Offline TA/TO,TA/TO,0,1,0,A,A,0,Non Refund,6.0,0,Transient-Party,101.5,0,0
City Hotel,1,364,2015,October,42,16,0,2,2,0.0,0,HB,PRT,Offline TA/TO,TA/TO,0,1,0,A,A,0,Non Refund,6.0,0,Transient-Party,101.5,0,0
City Hotel,1,364,2015,October,42,16,0,2,2,0.0,0,HB,PRT,Offline TA/TO,TA/TO,0,1,0,A,A,0,Non Refund,6.0,0,Transient-Party,101.5,0,0
City Hotel,1,364,2015,October,42,16,0,2,2,0.0,0,HB,PRT,Offline TA/TO,TA/TO,0,1,0,A,A,0,Non Refund,6.0,0,Transient-Party,101.5,0,0
City Hotel,1,364,2015,October,42,16,0,2,2,0.0,0,HB,PRT,Offline TA/TO,TA/TO,0,1,0,A,A,0,Non Refund,6.0,0,Transient-Party,101.5,0,0
City Hotel,1,364,2015,October,42,16,0,2,2,0.0,0,HB,PRT,Offline TA/TO,TA/TO,0,1,0,A,A,0,Non Refund,6.0,0,Transient-Party,101.5,0,0
City Hotel,1,364,2015,October,42,16,0,2,2,0.0,0,HB,PRT,Offline TA/TO,TA/TO,0,1,0,A,A,0,Non Refund,6.0,0,Transient-Party,101.5,0,0
City Hotel,1,364,2015,October,42,16,0,2,2,0.0,0,HB,PRT,Offline TA/TO,TA/TO,0,1,0,A,A,0,Non Refund,6.0,0,Transient-Party,101.5,0,0
City Hotel,1,364,2015,October,42,16,0,2,2,0.0,0,HB,PRT,Offline TA/TO,TA/TO,0,1,0,A,A,0,Non Refund,6.0,0,Transient-Party,101.5,0,0
City Hotel,1,364,2015,October,42,16,0,2,2,0.0,0,HB,PRT,Offline TA/TO,TA/TO,0,1,0,A,A,0,Non Refund,6.0,0,Transient-Party,101.5,0,0
City Hotel,1,364,2015,October,42,16,0,2,2,0.0,0,HB,PRT,Offline TA/TO,TA/TO,0,1,0,A,A,0,Non Refund,6.0,0,Transient-Party,101.5,0,0
City Hotel,1,364,2015,October,42,16,0,2,2,0.0,0,HB,PRT,Offline TA/TO,TA/TO,0,1,0,A,A,0,Non Refund,6.0,0,Transient-Party,101.5,0,0
City Hotel,1,364,2015,October,42,16,0,2,2,0.0,0,HB,PRT,Offline TA/TO,TA/TO,0,1,0,A,A,0,Non Refund,6.0,0,Transient-Party,101.5,0,0
City Hotel,1,364,2015,October,42,16,0,2,2,0.0,0,HB,PRT,Offline TA/TO,TA/TO,0,1,0,A,A,0,Non Refund,6.0,0,Transient-Party,101.5,0,0
City Hotel,1,364,2015,October,42,16,0,2,2,0.0,0,HB,PRT,Offline TA/TO,TA/TO,0,1,0,A,A,0,Non Refund,6.0,0,Transient-Party,101.5,0,0
City Hotel,1,364,2015,October,42,16,0,2,2,0.0,0,HB,PRT,Offline TA/TO,TA/TO,0,1,0,A,A,0,Non Refund,6.0,0,Transient-Party,101.5,0,0
City Hotel,1,364,2015,October,42,16,0,2,2,0.0,0,HB,PRT,Offline TA/TO,TA/TO,0,1,0,A,A,0,Non Refund,6.0,0,Transient-Party,101.5,0,0
City Hotel,1,364,2015,October,42,16,0,2,2,0.0,0,HB,PRT,Offline TA/TO,TA/TO,0,1,0,A,A,0,Non Refund,6.0,0,Transient-Party,101.5,0,0
City Hotel,1,364,2015,October,42,16,0,2,2,0.0,0,HB,PRT,Offline TA/TO,TA/TO,0,1,0,A,A,0,Non Refund,6.0,0,Transient-Party,101.5,0,0
City Hotel,1,364,2015,October,42,16,0,2,2,0.0,0,HB,PRT,Offline TA/TO,TA/TO,0,1,0,A,A,0,Non Refund,6.0,0,Transient-Party,101.5,0,0
City Hotel,1,364,2015,October,42,16,0,2,2,0.0,0,HB,PRT,Offline TA/TO,TA/TO,0,1,0,A,A,0,Non Refund,6.0,0,Transient-Party,101.5,0,0
City Hotel,1,364,2015,October,42,16,0,2,2,0.0,0,HB,PRT,Offline TA/TO,TA/TO,0,1,0,A,A,0,Non Refund,6.0,0,Transient-Party,101.5,0,0
City Hotel,1,364,2015,October,42,16,0,2,2,0.0,0,HB,PRT,Offline TA/TO,TA/TO,0,1,0,A,A,0,Non Refund,6.0,0,Transient-Party,101.5,0,0
City Hotel,1,364,2015,October,42,16,0,2,2,0.0,0,HB,PRT,Offline TA/TO,TA/TO,0,1,0,A,A,0,Non Refund,6.0,0,Transient-Party,101.5,0,0
City Hotel,1,364,2015,October,42,16,0,2,2,0.0,0,HB,PRT,Offline TA/TO,TA/TO,0,1,0,A,A,0,Non Refund,6.0,0,Transient-Party,101.5,0,0
City Hotel,1,364,2015,October,42,16,0,2,2,0.0,0,HB,PRT,Offline TA/TO,TA/TO,0,1,0,A,A,0,Non Refund,6.0,0,Transient-Party,101.5,0,0
City Hotel,1,364,2015,October,42,16,0,2,2,0.0,0,HB,PRT,Offline TA/TO,TA/TO,0,1,0,A,A,0,Non Refund,6.0,0,Transient-Party,101.5,0,0
City Hotel,1,364,2015,October,42,16,0,2,2,0.0,0,HB,PRT,Offline TA/TO,TA/TO,0,1,0,A,A,0,Non Refund,6.0,0,Transient-Party,101.5,0,0
City Hotel,1,364,2015,October,42,16,0,2,2,0.0,0,HB,PRT,Offline TA/TO,TA/TO,0,1,0,A,A,0,Non Refund,6.0,0,Transient-Party,101.5,0,0
City Hotel,1,364,2015,October,42,16,0,2,2,0.0,0,HB,PRT,Offline TA/TO,TA/TO,0,1,0,A,A,0,Non Refund,6.0,0,Transient-Party,101.5,0,0
City Hotel,1,364,2015,October,42,16,0,2,2,0.0,0,HB,PRT,Offline TA/TO,TA/TO,0,1,0,A,A,0,Non Refund,6.0,0,Transient-Party,101.5,0,0
City Hotel,1,364,2015,October,42,16,0,2,2,0.0,0,HB,PRT,Offline TA/TO,TA/TO,0,1,0,A,A,0,Non Refund,6.0,0,Transient-Party,101.5,0,0
City Hotel,1,364,2015,October,42,16,0,2,2,0.0,0,HB,PRT,Offline TA/TO,TA/TO,0,1,0,A,A,0,Non Refund,6.0,0,Transient-Party,101.5,0,0
City Hotel,1,364,2015,October,42,16,0,2,2,0.0,0,HB,PRT,Offline TA/TO,TA/TO,0,1,0,A,A,0,Non Refund,6.0,0,Transient-Party,101.5,0,0
City Hotel,1,364,2015,October,42,16,0,2,2,0.0,0,HB,PRT,Offline TA/TO,TA/TO,0,1,0,A,A,0,Non Refund,6.0,0,Transient-Party,101.5,0,0
City Hotel,1,364,2015,October,42,16,0,2,2,0.0,0,HB,PRT,Offline TA/TO,TA/TO,0,1,0,A,A,0,Non Refund,6.0,0,Transient-Party,101.5,0,0
City Hotel,1,364,2015,October,42,16,0,2,2,0.0,0,HB,PRT,Offline TA/TO,TA/TO,0,1,0,A,A,0,Non Refund,6.0,0,Transient-Party,101.5,0,0
City Hotel,1,364,2015,October,42,16,0,2,2,0.0,0,HB,PRT,Offline TA/TO,TA/TO,0,1,0,A,A,0,Non Refund,6.0,0,Transient-Party,101.5,0,0
City Hotel,1,364,2015,October,42,16,0,2,2,0.0,0,HB,PRT,Offline TA/TO,TA/TO,0,1,0,A,A,0,Non Refund,6.0,0,Transient-Party,101.5,0,0
City Hotel,1,364,2015,October,42,16,0,2,2,0.0,0,HB,PRT,Offline TA/TO,TA/TO,0,1,0,A,A,0,Non Refund,6.0,0,Transient-Party,101.5,0,0
City Hotel,1,364,2015,October,42,16,0,2,2,0.0,0,HB,PRT,Offline TA/TO,TA/TO,0,1,0,A,A,0,Non Refund,6.0,0,Transient-Party,101.5,0,0
City Hotel,1,364,2015,October,42,16,0,2,2,0.0,0,HB,PRT,Offline TA/TO,TA/TO,0,1,0,A,A,0,Non Refund,6.0,0,Transient-Party,101.5,0,0
City Hotel,1,364,2015,October,42,16,0,2,2,0.0,0,HB,PRT,Offline TA/TO,TA/TO,0,1,0,A,A,0,Non Refund,6.0,0,Transient-Party,101.5,0,0
City Hotel,1,364,2015,October,42,16,0,2,2,0.0,0,HB,PRT,Offline TA/TO,TA/TO,0,1,0,A,A,0,Non Refund,6.0,0,Transient-Party,101.5,0,0
City Hotel,1,364,2015,October,42,16,0,2,2,0.0,0,HB,PRT,Offline TA/TO,TA/TO,0,1,0,A,A,0,Non Refund,6.0,0,Transient-Party,101.5,0,0
City Hotel,1,364,2015,October,42,16,0,2,2,0.0,0,HB,PRT,Offline TA/TO,TA/TO,0,1,0,A,A,0,Non Refund,6.0,0,Transient-Party,101.5,0,0
City Hotel,1,364,2015,October,42,16,0,2,2,0.0,0,HB,PRT,Offline TA/TO,TA/TO,0,1,0,A,A,0,Non Refund,6.0,0,Transient-Party,101.5,0,0
City Hotel,1,364,2015,October,42,16,0,2,2,0.0,0,HB,PRT,Offline TA/TO,TA/TO,0,1,0,A,A,0,Non Refund,6.0,0,Transient-Party,101.5,0,0
City Hotel,1,364,2015,October,42,16,0,2,2,0.0,0,HB,PRT,Offline TA/TO,TA/TO,0,1,0,A,A,0,Non Refund,6.0,0,Transient-Party,101.5,0,0
City Hotel,1,364,2015,October,42,16,0,2,2,0.0,0,HB,PRT,Offline TA/TO,TA/TO,0,1,0,A,A,0,Non Refund,6.0,0,Transient-Party,101.5,0,0
City Hotel,1,364,2015,October,42,16,0,2,2,0.0,0,HB,PRT,Offline TA/TO,TA/TO,0,1,0,A,A,0,Non Refund,6.0,0,Transient-Party,101.5,0,0
City Hotel,1,364,2015,October,42,16,0,2,2,0.0,0,HB,PRT,Offline TA/TO,TA/TO,0,1,0,A,A,0,Non Refund,6.0,0,Transient-Party,101.5,0,0
City Hotel,1,364,2015,October,42,16,0,2,2,0.0,0,HB,PRT,Offline TA/TO,TA/TO,0,1,0,A,A,0,Non Refund,6.0,0,Transient-Party,101.5,0,0
City Hotel,1,364,2015,October,42,16,0,2,2,0.0,0,HB,PRT,Offline TA/TO,TA/TO,0,1,0,A,A,0,Non Refund,6.0,0,Transient-Party,101.5,0,0
City Hotel,1,364,2015,October,42,16,0,2,2,0.0,0,HB,PRT,Offline TA/TO,TA/TO,0,1,0,A,A,0,Non Refund,6.0,0,Transient-Party,101.5,0,0
City Hotel,1,364,2015,October,42,16,0,2,2,0.0,0,HB,PRT,Offline TA/TO,TA/TO,0,1,0,A,A,0,Non Refund,6.0,0,Transient-Party,101.5,0,0
City Hotel,1,273,2015,July,29,17,0,2,2,0.0,0,HB,PRT,Offline TA/TO,TA/TO,0,1,0,A,A,0,No Deposit,6.0,0,Transient-Party,101.5,0,0
City Hotel,1,273,2015,July,29,17,0,2,2,0.0,0,HB,PRT,Offline TA/TO,TA/TO,0,1,0,A,A,0,No Deposit,6.0,0,Transient-Party,101.5,0,0
City Hotel,1,273,2015,July,29,17,0,2,2,0.0,0,HB,PRT,Offline TA/TO,TA/TO,0,1,0,A,A,0,No Deposit,6.0,0,Transient-Party,101.5,0,0
City Hotel,1,273,2015,July,29,17,0,2,2,0.0,0,HB,PRT,Offline TA/TO,TA/TO,0,1,0,A,A,0,No Deposit,6.0,0,Transient-Party,101.5,0,0
City Hotel,1,273,2015,July,29,17,0,2,2,0.0,0,HB,PRT,Offline TA/TO,TA/TO,0,1,0,A,A,0,No Deposit,6.0,0,Transient-Party,101.5,0,0
City Hotel,1,273,2015,July,29,17,0,2,2,0.0,0,HB,PRT,Offline TA/TO,TA/TO,0,1,0,A,A,0,No Deposit,6.0,0,Transient-Party,101.5,0,0
City Hotel,1,273,2015,July,29,17,0,2,2,0.0,0,HB,PRT,Offline TA/TO,TA/TO,0,1,0,A,A,0,No Deposit,6.0,0,Transient-Party,101.5,0,0
City Hotel,1,273,2015,July,29,17,0,2,2,0.0,0,HB,PRT,Offline TA/TO,TA/TO,0,1,0,A,A,0,No Deposit,6.0,0,Transient-Party,101.5,0,0
City Hotel,1,273,2015,July,29,17,0,2,2,0.0,0,HB,PRT,Offline TA/TO,TA/TO,0,1,0,A,A,0,No Deposit,6.0,0,Transient-Party,101.5,0,0
City Hotel,1,273,2015,July,29,17,0,2,2,0.0,0,HB,PRT,Offline TA/TO,TA/TO,0,1,0,A,A,0,No Deposit,6.0,0,Transient-Party,101.5,0,0
City Hotel,1,273,2015,July,29,17,0,2,2,0.0,0,HB,PRT,Offline TA/TO,TA/TO,0,1,0,A,A,0,No Deposit,6.0,0,Transient-Party,101.5,0,0
City Hotel,1,273,2015,July,29,17,0,2,2,0.0,0,HB,PRT,Offline TA/TO,TA/TO,0,1,0,A,A,0,No Deposit,6.0,0,Transient-Party,101.5,0,0
City Hotel,1,273,2015,July,29,17,0,2,2,0.0,0,HB,PRT,Offline TA/TO,TA/TO,0,1,0,A,A,0,No Deposit,6.0,0,Transient-Party,101.5,0,0
City Hotel,1,273,2015,July,29,17,0,2,2,0.0,0,HB,PRT,Offline TA/TO,TA/TO,0,1,0,A,A,0,No Deposit,6.0,0,Transient-Party,101.5,0,0
City Hotel,1,273,2015,July,29,17,0,2,2,0.0,0,HB,PRT,Offline TA/TO,TA/TO,0,1,0,A,A,0,No Deposit,6.0,0,Transient-Party,101.5,0,0
City Hotel,0,181,2015,July,27,1,1,4,2,0.0,0,BB,PRT,Online TA,TA/TO,0,0,0,A,A,0,No Deposit,8.0,0,Transient,76.5,0,0
City Hotel,0,185,2015,July,28,6,1,0,2,0.0,0,BB,PRT,Online TA,TA/TO,0,0,0,A,A,0,No Deposit,11.0,0,Transient,66.13,0,0
City Hotel,1,233,2015,September,38,18,0,1,2,0.0,0,HB,PRT,Offline TA/TO,TA/TO,0,1,0,A,A,0,Non Refund,6.0,0,Transient-Party,120.0,0,0
City Hotel,1,233,2015,September,38,18,0,1,2,0.0,0,HB,PRT,Offline TA/TO,TA/TO,0,1,0,A,A,0,Non Refund,6.0,0,Transient-Party,120.0,0,0
City Hotel,1,233,2015,September,38,18,0,1,2,0.0,0,HB,PRT,Offline TA/TO,TA/TO,0,1,0,A,A,0,Non Refund,6.0,0,Transient-Party,120.0,0,0
City Hotel,1,233,2015,September,38,18,0,1,2,0.0,0,HB,PRT,Offline TA/TO,TA/TO,0,1,0,A,A,0,Non Refund,6.0,0,Transient-Party,120.0,0,0
City Hotel,1,233,2015,September,38,18,0,1,2,0.0,0,HB,PRT,Offline TA/TO,TA/TO,0,1,0,A,A,0,Non Refund,6.0,0,Transient-Party,120.0,0,0
City Hotel,1,233,2015,September,38,18,0,1,2,0.0,0,HB,PRT,Offline TA/TO,TA/TO,0,1,0,A,A,0,Non Refund,6.0,0,Transient-Party,120.0,0,0
City Hotel,1,233,2015,September,38,18,0,1,2,0.0,0,HB,PRT,Offline TA/TO,TA/TO,0,1,0,A,A,0,Non Refund,6.0,0,Transient-Party,120.0,0,0
City Hotel,1,233,2015,September,38,18,0,1,2,0.0,0,HB,PRT,Offline TA/TO,TA/TO,0,1,0,A,A,0,Non Refund,6.0,0,Transient-Party,120.0,0,0
City Hotel,1,233,2015,September,38,18,0,1,2,0.0,0,HB,PRT,Offline TA/TO,TA/TO,0,1,0,A,A,0,Non Refund,6.0,0,Transient-Party,120.0,0,0
City Hotel,1,233,2015,September,38,18,0,1,2,0.0,0,HB,PRT,Offline TA/TO,TA/TO,0,1,0,A,A,0,Non Refund,6.0,0,Transient-Party,120.0,0,0
City Hotel,1,233,2015,September,38,18,0,1,2,0.0,0,HB,PRT,Offline TA/TO,TA/TO,0,1,0,A,A,0,Non Refund,6.0,0,Transient-Party,120.0,0,0
City Hotel,1,233,2015,September,38,18,0,1,2,0.0,0,HB,PRT,Offline TA/TO,TA/TO,0,1,0,A,A,0,Non Refund,6.0,0,Transient-Party,120.0,0,0
City Hotel,1,233,2015,September,38,18,0,1,2,0.0,0,HB,PRT,Offline TA/TO,TA/TO,0,1,0,A,A,0,Non Refund,6.0,0,Transient-Party,120.0,0,0
City Hotel,1,233,2015,September,38,18,0,1,2,0.0,0,HB,PRT,Offline TA/TO,TA/TO,0,1,0,A,A,0,Non Refund,6.0,0,Transient-Party,120.0,0,0
City Hotel,1,233,2015,September,38,18,0,1,2,0.0,0,HB,PRT,Offline TA/TO,TA/TO,0,1,0,A,A,0,Non Refund,6.0,0,Transient-Party,120.0,0,0
City Hotel,1,233,2015,September,38,18,0,1,2,0.0,0,HB,PRT,Offline TA/TO,TA/TO,0,1,0,A,A,0,Non Refund,6.0,0,Transient-Party,120.0,0,0
City Hotel,1,233,2015,September,38,18,0,1,2,0.0,0,HB,PRT,Offline TA/TO,TA/TO,0,1,0,A,A,0,Non Refund,6.0,0,Transient-Party,120.0,0,0
City Hotel,1,233,2015,September,38,18,0,1,2,0.0,0,HB,PRT,Offline TA/TO,TA/TO,0,1,0,A,A,0,Non Refund,6.0,0,Transient-Party,120.0,0,0
City Hotel,1,233,2015,September,38,18,0,1,2,0.0,0,HB,PRT,Offline TA/TO,TA/TO,0,1,0,A,A,0,Non Refund,6.0,0,Transient-Party,120.0,0,0
City Hotel,1,233,2015,September,38,18,0,1,2,0.0,0,HB,PRT,Offline TA/TO,TA/TO,0,1,0,A,A,0,Non Refund,6.0,0,Transient-Party,120.0,0,0
City Hotel,1,261,2015,October,42,16,0,1,2,0.0,0,HB,PRT,Offline TA/TO,TA/TO,0,1,0,A,A,0,Non Refund,6.0,0,Transient-Party,120.0,0,0
City Hotel,1,261,2015,October,42,16,0,1,2,0.0,0,HB,PRT,Offline TA/TO,TA/TO,0,1,0,A,A,0,Non Refund,6.0,0,Transient-Party,120.0,0,0
City Hotel,1,261,2015,October,42,16,0,1,2,0.0,0,HB,PRT,Offline TA/TO,TA/TO,0,1,0,A,A,0,Non Refund,6.0,0,Transient-Party,120.0,0,0
City Hotel,1,261,2015,October,42,16,0,1,2,0.0,0,HB,PRT,Offline TA/TO,TA/TO,0,1,0,A,A,0,Non Refund,6.0,0,Transient-Party,120.0,0,0
City Hotel,1,261,2015,October,42,16,0,1,2,0.0,0,HB,PRT,Offline TA/TO,TA/TO,0,1,0,A,A,0,Non Refund,6.0,0,Transient-Party,120.0,0,0
City Hotel,1,261,2015,October,42,16,0,1,2,0.0,0,HB,PRT,Offline TA/TO,TA/TO,0,1,0,A,A,0,Non Refund,6.0,0,Transient-Party,120.0,0,0
City Hotel,1,261,2015,October,42,16,0,1,2,0.0,0,HB,PRT,Offline TA/TO,TA/TO,0,1,0,A,A,0,Non Refund,6.0,0,Transient-Party,120.0,0,0
City Hotel,1,261,2015,October,42,16,0,1,2,0.0,0,HB,PRT,Offline TA/TO,TA/TO,0,1,0,A,A,0,Non Refund,6.0,0,Transient-Party,120.0,0,0
City Hotel,1,261,2015,October,42,16,0,1,2,0.0,0,HB,PRT,Offline TA/TO,TA/TO,0,1,0,A,A,0,Non Refund,6.0,0,Transient-Party,120.0,0,0
City Hotel,1,261,2015,October,42,16,0,1,2,0.0,0,HB,PRT,Offline TA/TO,TA/TO,0,1,0,A,A,0,Non Refund,6.0,0,Transient-Party,120.0,0,0
City Hotel,1,261,2015,October,42,16,0,1,2,0.0,0,HB,PRT,Offline TA/TO,TA/TO,0,1,0,A,A,0,Non Refund,6.0,0,Transient-Party,120.0,0,0
City Hotel,1,261,2015,October,42,16,0,1,2,0.0,0,HB,PRT,Offline TA/TO,TA/TO,0,1,0,A,A,0,Non Refund,6.0,0,Transient-Party,120.0,0,0
City Hotel,1,261,2015,October,42,16,0,1,2,0.0,0,HB,PRT,Offline TA/TO,TA/TO,0,1,0,A,A,0,Non Refund,6.0,0,Transient-Party,120.0,0,0
City Hotel,1,261,2015,October,42,16,0,1,2,0.0,0,HB,PRT,Offline TA/TO,TA/TO,0,1,0,A,A,0,Non Refund,6.0,0,Transient-Party,120.0,0,0
City Hotel,1,261,2015,October,42,16,0,1,2,0.0,0,HB,PRT,Offline TA/TO,TA/TO,0,1,0,A,A,0,Non Refund,6.0,0,Transient-Party,120.0,0,0
City Hotel,1,261,2015,October,42,16,0,1,2,0.0,0,HB,PRT,Offline TA/TO,TA/TO,0,1,0,A,A,0,Non Refund,6.0,0,Transient-Party,120.0,0,0
City Hotel,1,261,2015,October,42,16,0,1,2,0.0,0,HB,PRT,Offline TA/TO,TA/TO,0,1,0,A,A,0,Non Refund,6.0,0,Transient-Party,120.0,0,0
City Hotel,1,261,2015,October,42,16,0,1,2,0.0,0,HB,PRT,Offline TA/TO,TA/TO,0,1,0,A,A,0,Non Refund,6.0,0,Transient-Party,120.0,0,0
City Hotel,1,261,2015,October,42,16,0,1,2,0.0,0,HB,PRT,Offline TA/TO,TA/TO,0,1,0,A,A,0,Non Refund,6.0,0,Transient-Party,120.0,0,0
City Hotel,1,261,2015,October,42,16,0,1,2,0.0,0,HB,PRT,Offline TA/TO,TA/TO,0,1,0,A,A,0,Non Refund,6.0,0,Transient-Party,120.0,0,0
City Hotel,0,260,2015,July,27,4,2,2,2,0.0,0,BB,PRT,Groups,TA/TO,0,0,0,A,A,0,No Deposit,1.0,0,Transient-Party,62.0,0,0
City Hotel,0,260,2015,July,27,4,2,2,2,0.0,0,BB,PRT,Groups,TA/TO,0,0,0,A,A,0,No Deposit,1.0,0,Transient-Party,62.0,0,0
City Hotel,0,260,2015,July,27,4,2,2,2,0.0,0,BB,PRT,Groups,TA/TO,0,0,0,A,A,0,No Deposit,1.0,0,Transient-Party,62.0,0,0
City Hotel,0,260,2015,July,27,4,2,2,2,0.0,0,BB,PRT,Groups,TA/TO,0,0,0,A,A,0,No Deposit,1.0,0,Transient-Party,62.0,0,0
City Hotel,0,260,2015,July,27,4,2,2,2,0.0,0,BB,PRT,Groups,TA/TO,0,0,0,A,A,0,No Deposit,1.0,0,Transient-Party,62.0,0,0
City Hotel,1,135,2015,July,29,16,0,3,2,0.0,0,BB,PRT,Online TA,TA/TO,0,1,0,A,A,0,No Deposit,9.0,0,Transient-Party,76.5,0,2
City Hotel,1,135,2015,July,29,16,0,3,2,0.0,0,BB,PRT,Online TA,TA/TO,0,1,0,A,A,0,No Deposit,9.0,0,Transient-Party,76.5,0,2
City Hotel,1,150,2015,July,28,9,0,1,2,0.0,0,BB,PRT,Online TA,TA/TO,0,0,0,A,A,0,No Deposit,9.0,0,Transient,76.5,0,2
City Hotel,1,151,2015,July,30,25,2,1,2,0.0,0,HB,PRT,Groups,TA/TO,0,1,0,A,A,0,Non Refund,1.0,0,Transient-Party,86.0,0,0
City Hotel,1,151,2015,July,30,25,2,1,2,0.0,0,HB,PRT,Groups,TA/TO,0,1,0,A,A,0,Non Refund,1.0,0,Transient-Party,86.0,0,0
City Hotel,1,151,2015,July,30,25,2,1,2,0.0,0,HB,PRT,Groups,TA/TO,0,1,0,A,A,0,Non Refund,1.0,0,Transient-Party,86.0,0,0
City Hotel,1,151,2015,July,30,25,2,1,2,0.0,0,HB,PRT,Groups,TA/TO,0,1,0,A,A,0,Non Refund,1.0,0,Transient-Party,86.0,0,0
City Hotel,1,151,2015,July,30,25,2,1,2,0.0,0,HB,PRT,Groups,TA/TO,0,1,0,A,A,0,Non Refund,1.0,0,Transient-Party,86.0,0,0
City Hotel,1,151,2015,July,30,25,2,1,2,0.0,0,HB,PRT,Groups,TA/TO,0,1,0,A,A,0,Non Refund,1.0,0,Transient-Party,86.0,0,0
City Hotel,1,151,2015,July,30,25,2,1,2,0.0,0,HB,PRT,Groups,TA/TO,0,1,0,A,A,0,Non Refund,1.0,0,Transient-Party,86.0,0,0
City Hotel,1,151,2015,July,30,25,2,1,2,0.0,0,HB,PRT,Groups,TA/TO,0,1,0,A,A,0,Non Refund,1.0,0,Transient-Party,86.0,0,0
City Hotel,1,151,2015,July,30,25,2,1,2,0.0,0,HB,PRT,Groups,TA/TO,0,1,0,A,A,0,Non Refund,1.0,0,Transient-Party,86.0,0,0
City Hotel,1,151,2015,July,30,25,2,1,2,0.0,0,HB,PRT,Groups,TA/TO,0,1,0,A,A,0,Non Refund,1.0,0,Transient-Party,86.0,0,0
City Hotel,1,165,2015,August,32,8,2,1,2,0.0,0,HB,PRT,Groups,TA/TO,0,1,0,A,A,0,Non Refund,1.0,0,Transient-Party,86.0,0,0
City Hotel,1,165,2015,August,32,8,2,1,2,0.0,0,HB,PRT,Groups,TA/TO,0,1,0,A,A,0,Non Refund,1.0,0,Transient-Party,86.0,0,0
City Hotel,1,165,2015,August,32,8,2,1,2,0.0,0,HB,PRT,Groups,TA/TO,0,1,0,A,A,0,Non Refund,1.0,0,Transient-Party,86.0,0,0
City Hotel,1,165,2015,August,32,8,2,1,2,0.0,0,HB,PRT,Groups,TA/TO,0,1,0,A,A,0,Non Refund,1.0,0,Transient-Party,86.0,0,0
City Hotel,1,165,2015,August,32,8,2,1,2,0.0,0,HB,PRT,Groups,TA/TO,0,1,0,A,A,0,Non Refund,1.0,0,Transient-Party,86.0,0,0
City Hotel,1,165,2015,August,32,8,2,1,2,0.0,0,HB,PRT,Groups,TA/TO,0,1,0,A,A,0,Non Refund,1.0,0,Transient-Party,86.0,0,0
City Hotel,1,165,2015,August,32,8,2,1,2,0.0,0,HB,PRT,Groups,TA/TO,0,1,0,A,A,0,Non Refund,1.0,0,Transient-Party,86.0,0,0
City Hotel,1,165,2015,August,32,8,2,1,2,0.0,0,HB,PRT,Groups,TA/TO,0,1,0,A,A,0,Non Refund,1.0,0,Transient-Party,86.0,0,0
City Hotel,1,165,2015,August,32,8,2,1,2,0.0,0,HB,PRT,Groups,TA/TO,0,1,0,A,A,0,Non Refund,1.0,0,Transient-Party,86.0,0,0
City Hotel,1,165,2015,August,32,8,2,1,2,0.0,0,HB,PRT,Groups,TA/TO,0,1,0,A,A,0,Non Refund,1.0,0,Transient-Party,86.0,0,0
City Hotel,1,179,2015,August,34,22,2,1,2,0.0,0,HB,PRT,Groups,TA/TO,0,1,0,A,A,0,Non Refund,1.0,0,Transient-Party,86.0,0,0
City Hotel,1,179,2015,August,34,22,2,1,2,0.0,0,HB,PRT,Groups,TA/TO,0,1,0,A,A,0,Non Refund,1.0,0,Transient-Party,86.0,0,0
City Hotel,1,179,2015,August,34,22,2,1,2,0.0,0,HB,PRT,Groups,TA/TO,0,1,0,A,A,0,Non Refund,1.0,0,Transient-Party,86.0,0,0
City Hotel,1,179,2015,August,34,22,2,1,2,0.0,0,HB,PRT,Groups,TA/TO,0,1,0,A,A,0,Non Refund,1.0,0,Transient-Party,86.0,0,0
City Hotel,1,179,2015,August,34,22,2,1,2,0.0,0,HB,PRT,Groups,TA/TO,0,1,0,A,A,0,Non Refund,1.0,0,Transient-Party,86.0,0,0
City Hotel,1,179,2015,August,34,22,2,1,2,0.0,0,HB,PRT,Groups,TA/TO,0,1,0,A,A,0,Non Refund,1.0,0,Transient-Party,86.0,0,0
City Hotel,1,179,2015,August,34,22,2,1,2,0.0,0,HB,PRT,Groups,TA/TO,0,1,0,A,A,0,Non Refund,1.0,0,Transient-Party,86.0,0,0
City Hotel,1,179,2015,August,34,22,2,1,2,0.0,0,HB,PRT,Groups,TA/TO,0,1,0,A,A,0,Non Refund,1.0,0,Transient-Party,86.0,0,0
City Hotel,1,179,2015,August,34,22,2,1,2,0.0,0,HB,PRT,Groups,TA/TO,0,1,0,A,A,0,Non Refund,1.0,0,Transient-Party,86.0,0,0
City Hotel,1,179,2015,August,34,22,2,1,2,0.0,0,HB,PRT,Groups,TA/TO,0,1,0,A,A,0,Non Refund,1.0,0,Transient-Party,86.0,0,0
City Hotel,1,200,2015,September,37,12,2,1,2,0.0,0,HB,PRT,Groups,TA/TO,0,1,0,A,A,0,Non Refund,1.0,0,Transient-Party,86.0,0,0
City Hotel,1,200,2015,September,37,12,2,1,2,0.0,0,HB,PRT,Groups,TA/TO,0,1,0,A,A,0,Non Refund,1.0,0,Transient-Party,86.0,0,0
City Hotel,1,200,2015,September,37,12,2,1,2,0.0,0,HB,PRT,Groups,TA/TO,0,1,0,A,A,0,Non Refund,1.0,0,Transient-Party,86.0,0,0
City Hotel,1,200,2015,September,37,12,2,1,2,0.0,0,HB,PRT,Groups,TA/TO,0,1,0,A,A,0,Non Refund,1.0,0,Transient-Party,86.0,0,0
City Hotel,1,200,2015,September,37,12,2,1,2,0.0,0,HB,PRT,Groups,TA/TO,0,1,0,A,A,0,Non Refund,1.0,0,Transient-Party,86.0,0,0
City Hotel,1,200,2015,September,37,12,2,1,2,0.0,0,HB,PRT,Groups,TA/TO,0,1,0,A,A,0,Non Refund,1.0,0,Transient-Party,86.0,0,0
City Hotel,1,200,2015,September,37,12,2,1,2,0.0,0,HB,PRT,Groups,TA/TO,0,1,0,A,A,0,Non Refund,1.0,0,Transient-Party,86.0,0,0
City Hotel,1,200,2015,September,37,12,2,1,2,0.0,0,HB,PRT,Groups,TA/TO,0,1,0,A,A,0,Non Refund,1.0,0,Transient-Party,86.0,0,0
City Hotel,1,200,2015,September,37,12,2,1,2,0.0,0,HB,PRT,Groups,TA/TO,0,1,0,A,A,0,Non Refund,1.0,0,Transient-Party,86.0,0,0
City Hotel,1,200,2015,September,37,12,2,1,2,0.0,0,HB,PRT,Groups,TA/TO,0,1,0,A,A,0,Non Refund,1.0,0,Transient-Party,86.0,0,0
City Hotel,1,221,2015,October,40,3,2,1,2,0.0,0,HB,PRT,Groups,TA/TO,0,1,0,A,A,0,Non Refund,1.0,0,Transient-Party,86.0,0,0
City Hotel,1,221,2015,October,40,3,2,1,2,0.0,0,HB,PRT,Groups,TA/TO,0,1,0,A,A,0,Non Refund,1.0,0,Transient-Party,86.0,0,0
City Hotel,1,221,2015,October,40,3,2,1,2,0.0,0,HB,PRT,Groups,TA/TO,0,1,0,A,A,0,Non Refund,1.0,0,Transient-Party,86.0,0,0
City Hotel,1,221,2015,October,40,3,2,1,2,0.0,0,HB,PRT,Groups,TA/TO,0,1,0,A,A,0,Non Refund,1.0,0,Transient-Party,86.0,0,0
City Hotel,1,221,2015,October,40,3,2,1,2,0.0,0,HB,PRT,Groups,TA/TO,0,1,0,A,A,0,Non Refund,1.0,0,Transient-Party,86.0,0,0
City Hotel,1,221,2015,October,40,3,2,1,2,0.0,0,HB,PRT,Groups,TA/TO,0,1,0,A,A,0,Non Refund,1.0,0,Transient-Party,86.0,0,0
City Hotel,1,221,2015,October,40,3,2,1,2,0.0,0,HB,PRT,Groups,TA/TO,0,1,0,A,A,0,Non Refund,1.0,0,Transient-Party,86.0,0,0
City Hotel,1,221,2015,October,40,3,2,1,2,0.0,0,HB,PRT,Groups,TA/TO,0,1,0,A,A,0,Non Refund,1.0,0,Transient-Party,86.0,0,0
City Hotel,1,221,2015,October,40,3,2,1,2,0.0,0,HB,PRT,Groups,TA/TO,0,1,0,A,A,0,Non Refund,1.0,0,Transient-Party,86.0,0,0
City Hotel,1,221,2015,October,40,3,2,1,2,0.0,0,HB,PRT,Groups,TA/TO,0,1,0,A,A,0,Non Refund,1.0,0,Transient-Party,86.0,0,0
City Hotel,1,147,2015,July,30,21,0,2,2,0.0,0,BB,PRT,Groups,TA/TO,0,1,0,A,A,0,No Deposit,1.0,0,Transient,75.0,0,0
City Hotel,1,147,2015,July,30,21,0,2,2,0.0,0,BB,PRT,Groups,TA/TO,0,1,0,A,A,0,No Deposit,1.0,0,Transient,75.0,0,0
City Hotel,1,147,2015,July,30,21,0,2,2,0.0,0,BB,PRT,Groups,TA/TO,0,1,0,A,A,0,No Deposit,1.0,0,Transient,75.0,0,0
City Hotel,1,147,2015,July,30,21,0,2,2,0.0,0,BB,PRT,Groups,TA/TO,0,1,0,A,A,0,No Deposit,1.0,0,Transient,75.0,0,0
City Hotel,1,147,2015,July,30,21,0,2,2,0.0,0,BB,PRT,Groups,TA/TO,0,1,0,A,A,0,No Deposit,1.0,0,Transient,75.0,0,0
City Hotel,1,147,2015,July,30,21,0,2,2,0.0,0,BB,PRT,Groups,TA/TO,0,1,0,A,A,0,No Deposit,1.0,0,Transient,75.0,0,0
City Hotel,1,147,2015,July,30,21,0,2,2,0.0,0,BB,PRT,Groups,TA/TO,0,1,0,A,A,0,No Deposit,1.0,0,Transient,75.0,0,0
City Hotel,1,147,2015,July,30,21,0,2,2,0.0,0,BB,PRT,Groups,TA/TO,0,1,0,A,A,0,No Deposit,1.0,0,Transient,75.0,0,0
City Hotel,1,147,2015,July,30,21,0,2,2,0.0,0,BB,PRT,Groups,TA/TO,0,1,0,A,A,0,No Deposit,1.0,0,Transient,75.0,0,0
City Hotel,1,147,2015,July,30,21,0,2,2,0.0,0,BB,PRT,Groups,TA/TO,0,1,0,A,A,0,No Deposit,1.0,0,Transient,75.0,0,0
City Hotel,1,147,2015,July,30,21,0,2,2,0.0,0,BB,PRT,Groups,TA/TO,0,1,0,A,A,0,No Deposit,1.0,0,Transient,75.0,0,0
City Hotel,1,147,2015,July,30,21,0,2,2,0.0,0,BB,PRT,Groups,TA/TO,0,1,0,A,A,0,No Deposit,1.0,0,Transient,75.0,0,0
City Hotel,1,147,2015,July,30,21,0,2,2,0.0,0,BB,PRT,Groups,TA/TO,0,1,0,A,A,0,No Deposit,1.0,0,Transient,75.0,0,0
City Hotel,1,147,2015,July,30,21,0,2,2,0.0,0,BB,PRT,Groups,TA/TO,0,1,0,A,A,0,No Deposit,1.0,0,Transient,75.0,0,0
City Hotel,1,147,2015,July,30,21,0,2,2,0.0,0,BB,PRT,Groups,TA/TO,0,1,0,A,A,0,No Deposit,1.0,0,Transient,75.0,0,0
City Hotel,1,147,2015,July,30,21,0,2,2,0.0,0,BB,PRT,Groups,TA/TO,0,1,0,A,A,0,No Deposit,1.0,0,Transient,75.0,0,0
City Hotel,1,147,2015,July,30,21,0,2,2,0.0,0,BB,PRT,Groups,TA/TO,0,1,0,A,A,0,No Deposit,1.0,0,Transient,75.0,0,0
City Hotel,1,147,2015,July,30,21,0,2,2,0.0,0,BB,PRT,Groups,TA/TO,0,1,0,A,A,0,No Deposit,1.0,0,Transient,75.0,0,0
City Hotel,1,147,2015,July,30,21,0,2,2,0.0,0,BB,PRT,Groups,TA/TO,0,1,0,A,A,0,No Deposit,1.0,0,Transient,75.0,0,0
City Hotel,1,147,2015,July,30,21,0,2,2,0.0,0,BB,PRT,Groups,TA/TO,0,1,0,A,A,0,No Deposit,1.0,0,Transient,75.0,0,0
City Hotel,1,147,2015,July,30,21,0,2,2,0.0,0,BB,PRT,Groups,TA/TO,0,1,0,A,A,0,No Deposit,1.0,0,Transient,75.0,0,0
City Hotel,1,147,2015,July,30,21,0,2,2,0.0,0,BB,PRT,Groups,TA/TO,0,1,0,A,A,0,No Deposit,1.0,0,Transient,75.0,0,0
City Hotel,1,147,2015,July,30,21,0,2,2,0.0,0,BB,PRT,Groups,TA/TO,0,1,0,A,A,0,No Deposit,1.0,0,Transient,75.0,0,0
City Hotel,1,147,2015,July,30,21,0,2,2,0.0,0,BB,PRT,Groups,TA/TO,0,1,0,A,A,0,No Deposit,1.0,0,Transient,75.0,0,0
City Hotel,1,147,2015,July,30,21,0,2,2,0.0,0,BB,PRT,Groups,TA/TO,0,1,0,A,A,0,No Deposit,1.0,0,Transient,75.0,0,0
City Hotel,1,147,2015,July,30,21,0,2,2,0.0,0,BB,PRT,Groups,TA/TO,0,1,0,A,A,0,No Deposit,1.0,0,Transient,75.0,0,0
City Hotel,1,147,2015,July,30,21,0,2,2,0.0,0,BB,PRT,Groups,TA/TO,0,1,0,A,A,0,No Deposit,1.0,0,Transient,75.0,0,0
City Hotel,1,147,2015,July,30,21,0,2,2,0.0,0,BB,PRT,Groups,TA/TO,0,1,0,A,A,0,No Deposit,1.0,0,Transient,75.0,0,0
City Hotel,1,147,2015,July,30,21,0,2,2,0.0,0,BB,PRT,Groups,TA/TO,0,1,0,A,A,0,No Deposit,1.0,0,Transient,75.0,0,0
City Hotel,1,147,2015,July,30,21,0,2,2,0.0,0,BB,PRT,Groups,TA/TO,0,1,0,A,A,0,No Deposit,1.0,0,Transient,75.0,0,0
City Hotel,1,147,2015,July,30,21,0,2,2,0.0,0,BB,PRT,Groups,TA/TO,0,1,0,A,A,0,No Deposit,1.0,0,Transient,75.0,0,0
City Hotel,0,264,2015,July,28,8,0,2,2,0.0,0,BB,PRT,Groups,TA/TO,0,0,0,A,A,0,No Deposit,1.0,0,Transient-Party,62.0,0,0
City Hotel,0,264,2015,July,28,8,0,2,2,0.0,0,BB,PRT,Groups,TA/TO,0,0,0,A,A,0,No Deposit,1.0,0,Transient-Party,62.0,0,0
City Hotel,0,264,2015,July,28,8,0,2,2,0.0,0,BB,PRT,Groups,TA/TO,0,0,0,A,A,0,No Deposit,1.0,0,Transient-Party,62.0,0,0
City Hotel,0,264,2015,July,28,8,0,2,2,0.0,0,BB,PRT,Groups,TA/TO,0,0,0,A,A,0,No Deposit,1.0,0,Transient-Party,62.0,0,0
City Hotel,0,264,2015,July,28,8,0,2,2,0.0,0,BB,PRT,Groups,TA/TO,0,0,0,A,A,0,No Deposit,1.0,0,Transient-Party,62.0,0,0
City Hotel,0,264,2015,July,28,8,0,2,2,0.0,0,BB,PRT,Groups,TA/TO,0,0,0,A,A,0,No Deposit,1.0,0,Transient-Party,62.0,0,0
City Hotel,0,264,2015,July,28,8,0,2,2,0.0,0,BB,PRT,Groups,TA/TO,0,0,0,A,A,0,No Deposit,1.0,0,Transient-Party,62.0,0,0
City Hotel,0,264,2015,July,28,8,0,2,2,0.0,0,BB,PRT,Groups,TA/TO,0,0,0,A,A,0,No Deposit,1.0,0,Transient-Party,62.0,0,0
City Hotel,0,264,2015,July,28,8,0,2,2,0.0,0,BB,PRT,Groups,TA/TO,0,0,0,A,A,0,No Deposit,1.0,0,Transient-Party,62.0,0,0
City Hotel,0,264,2015,July,28,8,0,2,2,0.0,0,BB,PRT,Groups,TA/TO,0,0,0,A,A,0,No Deposit,1.0,0,Transient-Party,62.0,0,0
City Hotel,0,264,2015,July,28,8,0,2,2,0.0,0,BB,PRT,Groups,TA/TO,0,0,0,A,A,0,No Deposit,1.0,0,Transient-Party,62.0,0,0
City Hotel,0,264,2015,July,28,8,0,2,2,0.0,0,BB,PRT,Groups,TA/TO,0,0,0,A,A,0,No Deposit,1.0,0,Transient-Party,62.0,0,0
City Hotel,0,264,2015,July,28,8,0,2,2,0.0,0,BB,PRT,Groups,TA/TO,0,0,0,A,A,0,No Deposit,1.0,0,Transient-Party,62.0,0,0
City Hotel,0,264,2015,July,28,8,0,2,2,0.0,0,BB,PRT,Groups,TA/TO,0,0,0,A,A,0,No Deposit,1.0,0,Transient-Party,62.0,0,0
City Hotel,0,264,2015,July,28,8,0,2,2,0.0,0,BB,PRT,Groups,TA/TO,0,0,0,A,A,0,No Deposit,1.0,0,Transient-Party,62.0,0,0
City Hotel,0,264,2015,July,28,8,0,2,2,0.0,0,BB,PRT,Groups,TA/TO,0,0,0,A,A,0,No Deposit,1.0,0,Transient-Party,62.0,0,0
City Hotel,1,164,2015,July,30,20,1,2,2,0.0,0,BB,PRT,Offline TA/TO,TA/TO,0,1,0,B,B,0,No Deposit,13.0,0,Transient-Party,63.75,0,2
City Hotel,1,164,2015,July,30,20,1,2,2,0.0,0,BB,PRT,Offline TA/TO,TA/TO,0,1,0,B,B,0,No Deposit,13.0,0,Transient-Party,63.75,0,2
City Hotel,0,136,2015,July,28,10,2,2,2,0.0,0,HB,PRT,Groups,TA/TO,0,0,0,A,A,0,No Deposit,1.0,0,Transient-Party,80.44,0,0
City Hotel,0,137,2015,July,28,11,2,1,2,0.0,0,HB,PRT,Groups,TA/TO,0,0,0,A,A,0,No Deposit,1.0,0,Transient-Party,86.0,0,0
City Hotel,0,137,2015,July,28,11,2,1,2,0.0,0,HB,PRT,Groups,TA/TO,0,0,0,A,A,0,No Deposit,1.0,0,Transient-Party,86.0,0,0
City Hotel,0,137,2015,July,28,11,2,1,2,0.0,0,HB,PRT,Groups,TA/TO,0,0,0,A,A,0,No Deposit,1.0,0,Transient-Party,86.0,0,0
City Hotel,0,137,2015,July,28,11,2,1,2,0.0,0,HB,PRT,Groups,TA/TO,0,0,0,A,A,0,No Deposit,1.0,0,Transient-Party,86.0,0,0
City Hotel,0,137,2015,July,28,11,2,1,2,0.0,0,HB,PRT,Groups,TA/TO,0,0,0,A,A,0,No Deposit,1.0,0,Transient-Party,86.0,0,0
City Hotel,0,0,2015,July,29,16,0,0,2,0.0,0,SC,PRT,Offline TA/TO,TA/TO,1,0,0,A,D,0,No Deposit,19.0,0,Transient,0.0,0,0
City Hotel,0,271,2015,July,29,15,0,2,2,0.0,0,BB,PRT,Groups,TA/TO,0,0,0,A,A,0,No Deposit,1.0,0,Transient-Party,62.0,0,0
City Hotel,0,271,2015,July,29,15,0,2,2,0.0,0,BB,PRT,Groups,TA/TO,0,0,0,A,A,0,No Deposit,1.0,0,Transient-Party,62.0,0,0
City Hotel,0,271,2015,July,29,15,0,2,2,0.0,0,BB,PRT,Groups,TA/TO,0,0,0,A,A,0,No Deposit,1.0,0,Transient-Party,62.0,0,0
City Hotel,0,271,2015,July,29,15,0,2,2,0.0,0,BB,PRT,Groups,TA/TO,0,0,0,A,A,0,No Deposit,1.0,0,Transient-Party,62.0,0,0
City Hotel,0,271,2015,July,29,15,0,2,2,0.0,0,BB,PRT,Groups,TA/TO,0,0,0,A,A,0,No Deposit,1.0,0,Transient-Party,62.0,0,0
City Hotel,0,271,2015,July,29,15,0,2,2,0.0,0,BB,PRT,Groups,TA/TO,0,0,0,A,A,0,No Deposit,1.0,0,Transient-Party,62.0,0,0
City Hotel,0,271,2015,July,29,15,0,2,2,0.0,0,BB,PRT,Groups,TA/TO,0,0,0,A,A,0,No Deposit,1.0,0,Transient-Party,62.0,0,0
City Hotel,0,271,2015,July,29,15,0,2,2,0.0,0,BB,PRT,Groups,TA/TO,0,0,0,A,A,0,No Deposit,1.0,0,Transient-Party,62.0,0,0
City Hotel,0,271,2015,July,29,15,0,2,2,0.0,0,BB,PRT,Groups,TA/TO,0,0,0,A,A,0,No Deposit,1.0,0,Transient-Party,62.0,0,0
City Hotel,0,271,2015,July,29,15,0,2,2,0.0,0,BB,PRT,Groups,TA/TO,0,0,0,A,A,0,No Deposit,1.0,0,Transient-Party,62.0,0,0
City Hotel,0,271,2015,July,29,15,0,2,2,0.0,0,BB,PRT,Groups,TA/TO,0,0,0,A,A,0,No Deposit,1.0,0,Transient-Party,62.0,0,0
City Hotel,0,271,2015,July,29,15,0,2,2,0.0,0,BB,PRT,Groups,TA/TO,0,0,0,A,A,0,No Deposit,1.0,0,Transient-Party,62.0,0,0
City Hotel,0,271,2015,July,29,15,0,2,2,0.0,0,BB,PRT,Groups,TA/TO,0,0,0,A,A,0,No Deposit,1.0,0,Transient-Party,62.0,0,0
City Hotel,0,271,2015,July,29,15,0,2,2,0.0,0,BB,PRT,Groups,TA/TO,0,0,0,A,A,0,No Deposit,1.0,0,Transient-Party,62.0,0,0
City Hotel,0,271,2015,July,29,15,0,2,2,0.0,0,BB,PRT,Groups,TA/TO,0,0,0,A,A,0,No Deposit,1.0,0,Transient-Party,62.0,0,0
City Hotel,0,271,2015,July,29,15,0,2,2,0.0,0,BB,PRT,Groups,TA/TO,0,0,0,A,A,0,No Deposit,1.0,0,Transient-Party,62.0,0,0
City Hotel,0,271,2015,July,29,15,0,2,2,0.0,0,BB,PRT,Groups,TA/TO,0,0,0,A,A,2,No Deposit,1.0,0,Transient-Party,62.0,0,0
City Hotel,1,154,2015,July,31,27,2,5,2,0.0,0,BB,PRT,Online TA,TA/TO,0,1,0,A,A,0,No Deposit,9.0,0,Transient,76.5,0,2
City Hotel,1,139,2015,July,30,23,2,6,2,0.0,0,BB,PRT,Online TA,TA/TO,0,1,0,A,A,0,No Deposit,9.0,0,Transient,76.5,0,1
City Hotel,0,273,2015,July,29,17,0,2,2,0.0,0,HB,PRT,Offline TA/TO,TA/TO,0,0,0,A,A,1,No Deposit,6.0,0,Transient-Party,109.0,0,0
City Hotel,0,273,2015,July,29,17,0,2,2,0.0,0,HB,PRT,Offline TA/TO,TA/TO,0,0,0,A,A,1,No Deposit,6.0,0,Transient-Party,109.0,0,0
City Hotel,0,273,2015,July,29,17,0,2,2,0.0,0,HB,PRT,Offline TA/TO,TA/TO,0,0,0,A,A,0,No Deposit,6.0,0,Transient-Party,109.0,0,0
City Hotel,0,273,2015,July,29,17,0,2,2,0.0,0,HB,PRT,Offline TA/TO,TA/TO,0,0,0,A,A,0,No Deposit,6.0,0,Transient-Party,109.0,0,0
City Hotel,0,273,2015,July,29,17,0,2,2,0.0,0,HB,PRT,Offline TA/TO,TA/TO,0,0,0,A,A,0,No Deposit,6.0,0,Transient-Party,109.0,0,0
City Hotel,0,273,2015,July,29,17,0,2,2,0.0,0,HB,PRT,Offline TA/TO,TA/TO,0,0,0,A,A,0,No Deposit,6.0,0,Transient-Party,109.0,0,0
City Hotel,0,273,2015,July,29,17,0,2,2,0.0,0,HB,PRT,Offline TA/TO,TA/TO,0,0,0,A,A,0,No Deposit,6.0,0,Transient-Party,109.0,0,0
City Hotel,0,273,2015,July,29,17,0,2,2,0.0,0,HB,PRT,Offline TA/TO,TA/TO,0,0,0,A,A,0,No Deposit,6.0,0,Transient-Party,109.0,0,0
City Hotel,0,273,2015,July,29,17,0,2,2,0.0,0,HB,PRT,Offline TA/TO,TA/TO,0,0,0,A,A,0,No Deposit,6.0,0,Transient-Party,109.0,0,0
City Hotel,0,273,2015,July,29,17,0,2,2,0.0,0,HB,PRT,Offline TA/TO,TA/TO,0,0,0,A,A,0,No Deposit,6.0,0,Transient-Party,109.0,0,0
City Hotel,0,273,2015,July,29,17,0,2,2,0.0,0,HB,PRT,Offline TA/TO,TA/TO,0,0,0,A,A,0,No Deposit,6.0,0,Transient-Party,109.0,0,0
City Hotel,0,273,2015,July,29,17,0,2,2,0.0,0,HB,PRT,Offline TA/TO,TA/TO,0,0,0,A,A,0,No Deposit,6.0,0,Transient-Party,109.0,0,0
City Hotel,0,273,2015,July,29,17,0,2,2,0.0,0,HB,PRT,Offline TA/TO,TA/TO,0,0,0,A,A,0,No Deposit,6.0,0,Transient-Party,109.0,0,0
City Hotel,0,273,2015,July,29,17,0,2,2,0.0,0,HB,PRT,Offline TA/TO,TA/TO,0,0,0,A,A,0,No Deposit,6.0,0,Transient-Party,109.0,0,0
City Hotel,0,273,2015,July,29,17,0,2,2,0.0,0,HB,PRT,Offline TA/TO,TA/TO,0,0,0,A,A,0,No Deposit,6.0,0,Transient-Party,109.0,0,0
City Hotel,0,273,2015,July,29,17,0,2,2,0.0,0,HB,PRT,Offline TA/TO,TA/TO,0,0,0,A,A,0,No Deposit,6.0,0,Transient-Party,109.0,0,0
City Hotel,0,273,2015,July,29,17,0,2,2,0.0,0,HB,PRT,Offline TA/TO,TA/TO,0,0,0,A,A,0,No Deposit,6.0,0,Transient-Party,109.0,0,0
City Hotel,0,273,2015,July,29,17,0,2,2,0.0,0,HB,PRT,Offline TA/TO,TA/TO,0,0,0,A,A,0,No Deposit,6.0,0,Transient-Party,109.0,0,0
City Hotel,0,273,2015,July,29,17,0,2,2,0.0,0,HB,PRT,Offline TA/TO,TA/TO,0,0,0,A,A,0,No Deposit,6.0,0,Transient-Party,109.0,0,0
City Hotel,0,273,2015,July,29,17,0,2,2,0.0,0,HB,PRT,Offline TA/TO,TA/TO,0,0,0,A,A,0,No Deposit,6.0,0,Transient-Party,109.0,0,0
City Hotel,0,273,2015,July,29,17,0,2,2,0.0,0,HB,PRT,Offline TA/TO,TA/TO,0,0,0,A,A,0,No Deposit,6.0,0,Transient-Party,109.0,0,0
City Hotel,0,273,2015,July,29,17,0,2,2,0.0,0,HB,PRT,Offline TA/TO,TA/TO,0,0,0,A,A,0,No Deposit,6.0,0,Transient-Party,109.0,0,0
City Hotel,0,273,2015,July,29,17,0,2,2,0.0,0,HB,PRT,Offline TA/TO,TA/TO,0,0,0,A,A,0,No Deposit,6.0,0,Transient-Party,109.0,0,0
City Hotel,0,273,2015,July,29,17,0,2,2,0.0,0,HB,PRT,Offline TA/TO,TA/TO,0,0,0,A,A,0,No Deposit,6.0,0,Transient-Party,109.0,0,0
City Hotel,0,273,2015,July,29,17,0,2,2,0.0,0,HB,PRT,Offline TA/TO,TA/TO,0,0,0,A,A,0,No Deposit,6.0,0,Transient-Party,109.0,0,0
City Hotel,0,273,2015,July,29,17,0,2,2,0.0,0,HB,PRT,Offline TA/TO,TA/TO,0,0,0,A,A,0,No Deposit,6.0,0,Transient-Party,109.0,0,0
City Hotel,0,273,2015,July,29,17,0,2,2,0.0,0,HB,PRT,Offline TA/TO,TA/TO,0,0,0,A,A,0,No Deposit,6.0,0,Transient-Party,109.0,0,0
City Hotel,0,273,2015,July,29,17,0,2,2,0.0,0,HB,PRT,Offline TA/TO,TA/TO,0,0,0,A,A,0,No Deposit,6.0,0,Transient-Party,109.0,0,0
City Hotel,0,273,2015,July,29,17,0,2,2,0.0,0,HB,PRT,Offline TA/TO,TA/TO,0,0,0,A,A,0,No Deposit,6.0,0,Transient-Party,109.0,0,0
City Hotel,0,273,2015,July,29,17,0,2,2,0.0,0,HB,PRT,Offline TA/TO,TA/TO,0,0,0,A,A,0,No Deposit,6.0,0,Transient-Party,109.0,0,0
City Hotel,0,273,2015,July,29,17,0,2,2,0.0,0,HB,PRT,Offline TA/TO,TA/TO,0,0,0,A,A,0,No Deposit,6.0,0,Transient-Party,109.0,0,0
City Hotel,0,273,2015,July,29,17,0,2,2,0.0,0,HB,PRT,Offline TA/TO,TA/TO,0,0,0,A,A,0,No Deposit,6.0,0,Transient-Party,109.0,0,0
City Hotel,0,273,2015,July,29,17,0,2,2,0.0,0,HB,PRT,Offline TA/TO,TA/TO,0,0,0,A,A,0,No Deposit,6.0,0,Transient-Party,109.0,0,0
City Hotel,0,273,2015,July,29,17,0,2,2,0.0,0,HB,PRT,Offline TA/TO,TA/TO,0,0,0,A,A,0,No Deposit,6.0,0,Transient-Party,109.0,0,0
City Hotel,1,163,2015,July,30,24,1,2,2,0.0,0,BB,PRT,Online TA,TA/TO,0,1,0,A,A,0,No Deposit,9.0,0,Transient,76.5,0,1
City Hotel,1,221,2015,October,41,10,2,1,2,0.0,0,BB,PRT,Offline TA/TO,TA/TO,0,1,0,A,A,0,No Deposit,3.0,0,Transient-Party,65.0,0,0
City Hotel,1,221,2015,October,41,10,2,1,2,0.0,0,BB,PRT,Offline TA/TO,TA/TO,0,1,0,A,A,0,No Deposit,3.0,0,Transient-Party,65.0,0,0
City Hotel,1,221,2015,October,41,10,2,1,2,0.0,0,BB,PRT,Offline TA/TO,TA/TO,0,1,0,A,A,0,No Deposit,3.0,0,Transient-Party,65.0,0,0
City Hotel,1,221,2015,October,41,10,2,1,2,0.0,0,BB,PRT,Offline TA/TO,TA/TO,0,1,0,A,A,0,No Deposit,3.0,0,Transient-Party,65.0,0,0
City Hotel,1,221,2015,October,41,10,2,1,2,0.0,0,BB,PRT,Offline TA/TO,TA/TO,0,1,0,A,A,0,No Deposit,3.0,0,Transient-Party,65.0,0,0
City Hotel,1,263,2015,September,39,21,1,0,2,0.0,0,HB,PRT,Offline TA/TO,TA/TO,0,1,0,A,A,0,No Deposit,4.0,0,Transient-Party,96.0,0,0
City Hotel,1,358,2015,October,41,10,1,1,2,0.0,0,BB,PRT,Groups,TA/TO,0,1,0,A,A,0,Non Refund,1.0,0,Transient,62.0,0,0
City Hotel,1,358,2015,October,41,10,1,1,2,0.0,0,BB,PRT,Groups,TA/TO,0,1,0,A,A,0,Non Refund,1.0,0,Transient,62.0,0,0
City Hotel,1,358,2015,October,41,10,1,1,2,0.0,0,BB,PRT,Groups,TA/TO,0,1,0,A,A,0,Non Refund,1.0,0,Transient,62.0,0,0
City Hotel,1,358,2015,October,41,10,1,1,2,0.0,0,BB,PRT,Groups,TA/TO,0,1,0,A,A,0,Non Refund,1.0,0,Transient,62.0,0,0
City Hotel,1,358,2015,October,41,10,1,1,2,0.0,0,BB,PRT,Groups,TA/TO,0,1,0,A,A,0,Non Refund,1.0,0,Transient,62.0,0,0
City Hotel,1,358,2015,October,41,10,1,1,2,0.0,0,BB,PRT,Groups,TA/TO,0,1,0,A,A,0,Non Refund,1.0,0,Transient,62.0,0,0
City Hotel,1,358,2015,October,41,10,1,1,2,0.0,0,BB,PRT,Groups,TA/TO,0,1,0,A,A,0,Non Refund,1.0,0,Transient,62.0,0,0
City Hotel,1,358,2015,October,41,10,1,1,2,0.0,0,BB,PRT,Groups,TA/TO,0,1,0,A,A,0,Non Refund,1.0,0,Transient,62.0,0,0
City Hotel,1,358,2015,October,41,10,1,1,2,0.0,0,BB,PRT,Groups,TA/TO,0,1,0,A,A,0,Non Refund,1.0,0,Transient,62.0,0,0
City Hotel,1,358,2015,October,41,10,1,1,2,0.0,0,BB,PRT,Groups,TA/TO,0,1,0,A,A,0,Non Refund,1.0,0,Transient,62.0,0,0
City Hotel,1,358,2015,October,41,10,1,1,2,0.0,0,BB,PRT,Groups,TA/TO,0,1,0,A,A,0,Non Refund,1.0,0,Transient,62.0,0,0
City Hotel,1,358,2015,October,41,10,1,1,2,0.0,0,BB,PRT,Groups,TA/TO,0,1,0,A,A,0,Non Refund,1.0,0,Transient,62.0,0,0
City Hotel,1,358,2015,October,41,10,1,1,2,0.0,0,BB,PRT,Groups,TA/TO,0,1,0,A,A,0,Non Refund,1.0,0,Transient,62.0,0,0
City Hotel,1,358,2015,October,41,10,1,1,2,0.0,0,BB,PRT,Groups,TA/TO,0,1,0,A,A,0,Non Refund,1.0,0,Transient,62.0,0,0
City Hotel,1,358,2015,October,41,10,1,1,2,0.0,0,BB,PRT,Groups,TA/TO,0,1,0,A,A,0,Non Refund,1.0,0,Transient,62.0,0,0
City Hotel,1,358,2015,October,41,10,1,1,2,0.0,0,BB,PRT,Groups,TA/TO,0,1,0,A,A,0,Non Refund,1.0,0,Transient,62.0,0,0
City Hotel,1,358,2015,October,41,10,1,1,2,0.0,0,BB,PRT,Groups,TA/TO,0,1,0,A,A,0,Non Refund,1.0,0,Transient,62.0,0,0
City Hotel,1,358,2015,October,41,10,1,1,2,0.0,0,BB,PRT,Groups,TA/TO,0,1,0,A,A,0,Non Refund,1.0,0,Transient,62.0,0,0
City Hotel,1,358,2015,October,41,10,1,1,2,0.0,0,BB,PRT,Groups,TA/TO,0,1,0,A,A,0,Non Refund,1.0,0,Transient,62.0,0,0
City Hotel,1,358,2015,October,41,10,1,1,2,0.0,0,BB,PRT,Groups,TA/TO,0,1,0,A,A,0,Non Refund,1.0,0,Transient,62.0,0,0
City Hotel,1,358,2015,October,41,10,1,1,2,0.0,0,BB,PRT,Groups,TA/TO,0,1,0,A,A,0,Non Refund,1.0,0,Transient,62.0,0,0
City Hotel,1,358,2015,October,41,10,1,1,2,0.0,0,BB,PRT,Groups,TA/TO,0,1,0,A,A,0,Non Refund,1.0,0,Transient,62.0,0,0
City Hotel,1,358,2015,October,41,10,1,1,2,0.0,0,BB,PRT,Groups,TA/TO,0,1,0,A,A,0,Non Refund,1.0,0,Transient,62.0,0,0
City Hotel,1,358,2015,October,41,10,1,1,2,0.0,0,BB,PRT,Groups,TA/TO,0,1,0,A,A,0,Non Refund,1.0,0,Transient,62.0,0,0
City Hotel,1,358,2015,October,41,10,1,1,2,0.0,0,BB,PRT,Groups,TA/TO,0,1,0,A,A,0,Non Refund,1.0,0,Transient,62.0,0,0
City Hotel,1,358,2015,October,41,10,1,1,2,0.0,0,BB,PRT,Groups,TA/TO,0,1,0,A,A,0,Non Refund,1.0,0,Transient,62.0,0,0
City Hotel,1,358,2015,October,41,10,1,1,2,0.0,0,BB,PRT,Groups,TA/TO,0,1,0,A,A,0,Non Refund,1.0,0,Transient,62.0,0,0
City Hotel,1,358,2015,October,41,10,1,1,2,0.0,0,BB,PRT,Groups,TA/TO,0,1,0,A,A,0,Non Refund,1.0,0,Transient,62.0,0,0
City Hotel,1,358,2015,October,41,10,1,1,2,0.0,0,BB,PRT,Groups,TA/TO,0,1,0,A,A,0,Non Refund,1.0,0,Transient,62.0,0,0
City Hotel,1,379,2015,October,44,31,1,1,2,0.0,0,BB,PRT,Groups,TA/TO,0,1,0,A,A,0,Non Refund,1.0,0,Transient,62.0,0,0
City Hotel,1,379,2015,October,44,31,1,1,2,0.0,0,BB,PRT,Groups,TA/TO,0,1,0,A,A,0,Non Refund,1.0,0,Transient,62.0,0,0
City Hotel,1,379,2015,October,44,31,1,1,2,0.0,0,BB,PRT,Groups,TA/TO,0,1,0,A,A,0,Non Refund,1.0,0,Transient,62.0,0,0
City Hotel,1,379,2015,October,44,31,1,1,2,0.0,0,BB,PRT,Groups,TA/TO,0,1,0,A,A,0,Non Refund,1.0,0,Transient,62.0,0,0
City Hotel,1,379,2015,October,44,31,1,1,2,0.0,0,BB,PRT,Groups,TA/TO,0,1,0,A,A,0,Non Refund,1.0,0,Transient,62.0,0,0
City Hotel,1,379,2015,October,44,31,1,1,2,0.0,0,BB,PRT,Groups,TA/TO,0,1,0,A,A,0,Non Refund,1.0,0,Transient,62.0,0,0
City Hotel,1,379,2015,October,44,31,1,1,2,0.0,0,BB,PRT,Groups,TA/TO,0,1,0,A,A,0,Non Refund,1.0,0,Transient,62.0,0,0
City Hotel,1,379,2015,October,44,31,1,1,2,0.0,0,BB,PRT,Groups,TA/TO,0,1,0,A,A,0,Non Refund,1.0,0,Transient,62.0,0,0
City Hotel,1,379,2015,October,44,31,1,1,2,0.0,0,BB,PRT,Groups,TA/TO,0,1,0,A,A,0,Non Refund,1.0,0,Transient,62.0,0,0
City Hotel,1,379,2015,October,44,31,1,1,2,0.0,0,BB,PRT,Groups,TA/TO,0,1,0,A,A,0,Non Refund,1.0,0,Transient,62.0,0,0
City Hotel,1,379,2015,October,44,31,1,1,2,0.0,0,BB,PRT,Groups,TA/TO,0,1,0,A,A,0,Non Refund,1.0,0,Transient,62.0,0,0
City Hotel,1,379,2015,October,44,31,1,1,2,0.0,0,BB,PRT,Groups,TA/TO,0,1,0,A,A,0,Non Refund,1.0,0,Transient,62.0,0,0
City Hotel,1,379,2015,October,44,31,1,1,2,0.0,0,BB,PRT,Groups,TA/TO,0,1,0,A,A,0,Non Refund,1.0,0,Transient,62.0,0,0
City Hotel,1,379,2015,October,44,31,1,1,2,0.0,0,BB,PRT,Groups,TA/TO,0,1,0,A,A,0,Non Refund,1.0,0,Transient,62.0,0,0
City Hotel,1,379,2015,October,44,31,1,1,2,0.0,0,BB,PRT,Groups,TA/TO,0,1,0,A,A,0,Non Refund,1.0,0,Transient,62.0,0,0
City Hotel,1,379,2015,October,44,31,1,1,2,0.0,0,BB,PRT,Groups,TA/TO,0,1,0,A,A,0,Non Refund,1.0,0,Transient,62.0,0,0
City Hotel,1,379,2015,October,44,31,1,1,2,0.0,0,BB,PRT,Groups,TA/TO,0,1,0,A,A,0,Non Refund,1.0,0,Transient,62.0,0,0
City Hotel,1,379,2015,October,44,31,1,1,2,0.0,0,BB,PRT,Groups,TA/TO,0,1,0,A,A,0,Non Refund,1.0,0,Transient,62.0,0,0
City Hotel,1,379,2015,October,44,31,1,1,2,0.0,0,BB,PRT,Groups,TA/TO,0,1,0,A,A,0,Non Refund,1.0,0,Transient,62.0,0,0
City Hotel,1,379,2015,October,44,31,1,1,2,0.0,0,BB,PRT,Groups,TA/TO,0,1,0,A,A,0,Non Refund,1.0,0,Transient,62.0,0,0
City Hotel,1,379,2015,October,44,31,1,1,2,0.0,0,BB,PRT,Groups,TA/TO,0,1,0,A,A,0,Non Refund,1.0,0,Transient,62.0,0,0
City Hotel,1,379,2015,October,44,31,1,1,2,0.0,0,BB,PRT,Groups,TA/TO,0,1,0,A,A,0,Non Refund,1.0,0,Transient,62.0,0,0
City Hotel,1,379,2015,October,44,31,1,1,2,0.0,0,BB,PRT,Groups,TA/TO,0,1,0,A,A,0,Non Refund,1.0,0,Transient,62.0,0,0
City Hotel,1,379,2015,October,44,31,1,1,2,0.0,0,BB,PRT,Groups,TA/TO,0,1,0,A,A,0,Non Refund,1.0,0,Transient,62.0,0,0
City Hotel,1,379,2015,October,44,31,1,1,2,0.0,0,BB,PRT,Groups,TA/TO,0,1,0,A,A,0,Non Refund,1.0,0,Transient,62.0,0,0
City Hotel,1,379,2015,October,44,31,1,1,2,0.0,0,BB,PRT,Groups,TA/TO,0,1,0,A,A,0,Non Refund,1.0,0,Transient,62.0,0,0
City Hotel,1,379,2015,October,44,31,1,1,2,0.0,0,BB,PRT,Groups,TA/TO,0,1,0,A,A,0,Non Refund,1.0,0,Transient,62.0,0,0
City Hotel,1,379,2015,October,44,31,1,1,2,0.0,0,BB,PRT,Groups,TA/TO,0,1,0,A,A,0,Non Refund,1.0,0,Transient,62.0,0,0
City Hotel,1,379,2015,October,44,31,1,1,2,0.0,0,BB,PRT,Groups,TA/TO,0,1,0,A,A,0,Non Refund,1.0,0,Transient,62.0,0,0
City Hotel,1,414,2015,December,49,5,2,1,2,0.0,0,BB,PRT,Groups,TA/TO,0,1,0,A,A,0,Non Refund,1.0,0,Transient,62.0,0,0
City Hotel,1,414,2015,December,49,5,2,1,2,0.0,0,BB,PRT,Groups,TA/TO,0,1,0,A,A,0,Non Refund,1.0,0,Transient,62.0,0,0
City Hotel,1,414,2015,December,49,5,2,1,2,0.0,0,BB,PRT,Groups,TA/TO,0,1,0,A,A,0,Non Refund,1.0,0,Transient,62.0,0,0
City Hotel,1,414,2015,December,49,5,2,1,2,0.0,0,BB,PRT,Groups,TA/TO,0,1,0,A,A,0,Non Refund,1.0,0,Transient,62.0,0,0
City Hotel,1,414,2015,December,49,5,2,1,2,0.0,0,BB,PRT,Groups,TA/TO,0,1,0,A,A,0,Non Refund,1.0,0,Transient,62.0,0,0
City Hotel,1,414,2015,December,49,5,2,1,2,0.0,0,BB,PRT,Groups,TA/TO,0,1,0,A,A,0,Non Refund,1.0,0,Transient,62.0,0,0
City Hotel,1,414,2015,December,49,5,2,1,2,0.0,0,BB,PRT,Groups,TA/TO,0,1,0,A,A,0,Non Refund,1.0,0,Transient,62.0,0,0
City Hotel,1,414,2015,December,49,5,2,1,2,0.0,0,BB,PRT,Groups,TA/TO,0,1,0,A,A,0,Non Refund,1.0,0,Transient,62.0,0,0
City Hotel,1,414,2015,December,49,5,2,1,2,0.0,0,BB,PRT,Groups,TA/TO,0,1,0,A,A,0,Non Refund,1.0,0,Transient,62.0,0,0
City Hotel,1,414,2015,December,49,5,2,1,2,0.0,0,BB,PRT,Groups,TA/TO,0,1,0,A,A,0,Non Refund,1.0,0,Transient,62.0,0,0
City Hotel,1,414,2015,December,49,5,2,1,2,0.0,0,BB,PRT,Groups,TA/TO,0,1,0,A,A,0,Non Refund,1.0,0,Transient,62.0,0,0
City Hotel,1,414,2015,December,49,5,2,1,2,0.0,0,BB,PRT,Groups,TA/TO,0,1,0,A,A,0,Non Refund,1.0,0,Transient,62.0,0,0
City Hotel,1,414,2015,December,49,5,2,1,2,0.0,0,BB,PRT,Groups,TA/TO,0,1,0,A,A,0,Non Refund,1.0,0,Transient,62.0,0,0
City Hotel,1,414,2015,December,49,5,2,1,2,0.0,0,BB,PRT,Groups,TA/TO,0,1,0,A,A,0,Non Refund,1.0,0,Transient,62.0,0,0
City Hotel,1,414,2015,December,49,5,2,1,2,0.0,0,BB,PRT,Groups,TA/TO,0,1,0,A,A,0,Non Refund,1.0,0,Transient,62.0,0,0
City Hotel,1,414,2015,December,49,5,2,1,2,0.0,0,BB,PRT,Groups,TA/TO,0,1,0,A,A,0,Non Refund,1.0,0,Transient,62.0,0,0
City Hotel,1,414,2015,December,49,5,2,1,2,0.0,0,BB,PRT,Groups,TA/TO,0,1,0,A,A,0,Non Refund,1.0,0,Transient,62.0,0,0
City Hotel,1,414,2015,December,49,5,2,1,2,0.0,0,BB,PRT,Groups,TA/TO,0,1,0,A,A,0,Non Refund,1.0,0,Transient,62.0,0,0
City Hotel,1,414,2015,December,49,5,2,1,2,0.0,0,BB,PRT,Groups,TA/TO,0,1,0,A,A,0,Non Refund,1.0,0,Transient,62.0,0,0
City Hotel,1,414,2015,December,49,5,2,1,2,0.0,0,BB,PRT,Groups,TA/TO,0,1,0,A,A,0,Non Refund,1.0,0,Transient,62.0,0,0
City Hotel,1,414,2015,December,49,5,2,1,2,0.0,0,BB,PRT,Groups,TA/TO,0,1,0,A,A,0,Non Refund,1.0,0,Transient,62.0,0,0
City Hotel,1,414,2015,December,49,5,2,1,2,0.0,0,BB,PRT,Groups,TA/TO,0,1,0,A,A,0,Non Refund,1.0,0,Transient,62.0,0,0
City Hotel,1,414,2015,December,49,5,2,1,2,0.0,0,BB,PRT,Groups,TA/TO,0,1,0,A,A,0,Non Refund,1.0,0,Transient,62.0,0,0
City Hotel,1,414,2015,December,49,5,2,1,2,0.0,0,BB,PRT,Groups,TA/TO,0,1,0,A,A,0,Non Refund,1.0,0,Transient,62.0,0,0
City Hotel,1,414,2015,December,49,5,2,1,2,0.0,0,BB,PRT,Groups,TA/TO,0,1,0,A,A,0,Non Refund,1.0,0,Transient,62.0,0,0
City Hotel,1,414,2015,December,49,5,2,1,2,0.0,0,BB,PRT,Groups,TA/TO,0,1,0,A,A,0,Non Refund,1.0,0,Transient,62.0,0,0
City Hotel,1,414,2015,December,49,5,2,1,2,0.0,0,BB,PRT,Groups,TA/TO,0,1,0,A,A,0,Non Refund,1.0,0,Transient,62.0,0,0
City Hotel,1,414,2015,December,49,5,2,1,2,0.0,0,BB,PRT,Groups,TA/TO,0,1,0,A,A,0,Non Refund,1.0,0,Transient,62.0,0,0
City Hotel,1,414,2015,December,49,5,2,1,2,0.0,0,BB,PRT,Groups,TA/TO,0,1,0,A,A,0,Non Refund,1.0,0,Transient,62.0,0,0
City Hotel,1,195,2015,September,38,17,0,2,2,0.0,0,BB,PRT,Offline TA/TO,TA/TO,0,1,0,A,A,0,No Deposit,20.0,0,Transient,48.0,0,0
City Hotel,1,195,2015,September,38,17,0,2,2,0.0,0,BB,PRT,Offline TA/TO,TA/TO,0,1,0,A,A,0,No Deposit,20.0,0,Transient,48.0,0,0
City Hotel,1,195,2015,September,38,17,0,2,2,0.0,0,BB,PRT,Offline TA/TO,TA/TO,0,1,0,A,A,0,No Deposit,20.0,0,Transient,48.0,0,0
City Hotel,1,195,2015,September,38,17,0,2,2,0.0,0,BB,PRT,Offline TA/TO,TA/TO,0,1,0,A,A,0,No Deposit,20.0,0,Transient,48.0,0,0
City Hotel,1,195,2015,September,38,17,0,2,2,0.0,0,BB,PRT,Offline TA/TO,TA/TO,0,1,0,A,A,0,No Deposit,20.0,0,Transient,48.0,0,0
City Hotel,1,195,2015,September,38,17,0,2,2,0.0,0,BB,PRT,Offline TA/TO,TA/TO,0,1,0,A,A,0,No Deposit,20.0,0,Transient,48.0,0,0
City Hotel,1,195,2015,September,38,17,0,2,2,0.0,0,BB,PRT,Offline TA/TO,TA/TO,0,1,0,A,A,0,No Deposit,20.0,0,Transient,48.0,0,0
City Hotel,1,195,2015,September,38,17,0,2,2,0.0,0,BB,PRT,Offline TA/TO,TA/TO,0,1,0,A,A,0,No Deposit,20.0,0,Transient,48.0,0,0
City Hotel,1,195,2015,September,38,17,0,2,2,0.0,0,BB,PRT,Offline TA/TO,TA/TO,0,1,0,A,A,0,No Deposit,20.0,0,Transient,48.0,0,0
City Hotel,1,195,2015,September,38,17,0,2,2,0.0,0,BB,PRT,Offline TA/TO,TA/TO,0,1,0,A,A,0,No Deposit,20.0,0,Transient,48.0,0,0
City Hotel,1,195,2015,September,38,17,0,2,2,0.0,0,BB,PRT,Offline TA/TO,TA/TO,0,1,0,A,A,0,No Deposit,20.0,0,Transient,48.0,0,0
City Hotel,1,195,2015,September,38,17,0,2,2,0.0,0,BB,PRT,Offline TA/TO,TA/TO,0,1,0,A,A,0,No Deposit,20.0,0,Transient,48.0,0,0
City Hotel,1,195,2015,September,38,17,0,2,2,0.0,0,BB,PRT,Offline TA/TO,TA/TO,0,1,0,A,A,0,No Deposit,20.0,0,Transient,48.0,0,0
City Hotel,1,195,2015,September,38,17,0,2,2,0.0,0,BB,PRT,Offline TA/TO,TA/TO,0,1,0,A,A,0,No Deposit,20.0,0,Transient,48.0,0,0
City Hotel,1,195,2015,September,38,17,0,2,2,0.0,0,BB,PRT,Offline TA/TO,TA/TO,0,1,0,A,A,0,No Deposit,20.0,0,Transient,48.0,0,0
City Hotel,1,195,2015,September,38,17,0,2,2,0.0,0,BB,PRT,Offline TA/TO,TA/TO,0,1,0,A,A,0,No Deposit,20.0,0,Transient,48.0,0,0
City Hotel,1,195,2015,September,38,17,0,2,2,0.0,0,BB,PRT,Offline TA/TO,TA/TO,0,1,0,A,A,0,No Deposit,20.0,0,Transient,48.0,0,0
City Hotel,1,195,2015,September,38,17,0,2,2,0.0,0,BB,PRT,Offline TA/TO,TA/TO,0,1,0,A,A,0,No Deposit,20.0,0,Transient,48.0,0,0
City Hotel,1,195,2015,September,38,17,0,2,2,0.0,0,BB,PRT,Offline TA/TO,TA/TO,0,1,0,A,A,0,No Deposit,20.0,0,Transient,48.0,0,0
City Hotel,1,195,2015,September,38,17,0,2,2,0.0,0,BB,PRT,Offline TA/TO,TA/TO,0,1,0,A,A,0,No Deposit,20.0,0,Transient,48.0,0,0
City Hotel,1,195,2015,September,38,17,0,2,2,0.0,0,BB,PRT,Offline TA/TO,TA/TO,0,1,0,A,A,0,No Deposit,20.0,0,Transient,48.0,0,0
City Hotel,1,195,2015,September,38,17,0,2,2,0.0,0,BB,PRT,Offline TA/TO,TA/TO,0,1,0,A,A,0,No Deposit,20.0,0,Transient,48.0,0,0
City Hotel,1,195,2015,September,38,17,0,2,2,0.0,0,BB,PRT,Offline TA/TO,TA/TO,0,1,0,A,A,0,No Deposit,20.0,0,Transient,48.0,0,0
City Hotel,1,195,2015,September,38,17,0,2,2,0.0,0,BB,PRT,Offline TA/TO,TA/TO,0,1,0,A,A,0,No Deposit,20.0,0,Transient,48.0,0,0
City Hotel,1,195,2015,September,38,17,0,2,2,0.0,0,BB,PRT,Offline TA/TO,TA/TO,0,1,0,A,A,0,Non Refund,20.0,0,Transient,48.0,0,0
City Hotel,1,199,2015,September,39,21,1,1,2,0.0,0,BB,PRT,Offline TA/TO,TA/TO,0,1,0,A,A,0,No Deposit,20.0,0,Transient,48.0,0,0
City Hotel,1,199,2015,September,39,21,1,1,2,0.0,0,BB,PRT,Offline TA/TO,TA/TO,0,1,0,A,A,0,No Deposit,20.0,0,Transient,48.0,0,0
City Hotel,1,199,2015,September,39,21,1,1,2,0.0,0,BB,PRT,Offline TA/TO,TA/TO,0,1,0,A,A,0,No Deposit,20.0,0,Transient,48.0,0,0
City Hotel,1,199,2015,September,39,21,1,1,2,0.0,0,BB,PRT,Offline TA/TO,TA/TO,0,1,0,A,A,0,No Deposit,20.0,0,Transient,48.0,0,0
City Hotel,1,199,2015,September,39,21,1,1,2,0.0,0,BB,PRT,Offline TA/TO,TA/TO,0,1,0,A,A,0,No Deposit,20.0,0,Transient,48.0,0,0
City Hotel,1,199,2015,September,39,21,1,1,2,0.0,0,BB,PRT,Offline TA/TO,TA/TO,0,1,0,A,A,0,No Deposit,20.0,0,Transient,48.0,0,0
City Hotel,1,199,2015,September,39,21,1,1,2,0.0,0,BB,PRT,Offline TA/TO,TA/TO,0,1,0,A,A,0,No Deposit,20.0,0,Transient,48.0,0,0
City Hotel,1,199,2015,September,39,21,1,1,2,0.0,0,BB,PRT,Offline TA/TO,TA/TO,0,1,0,A,A,0,No Deposit,20.0,0,Transient,48.0,0,0
City Hotel,1,199,2015,September,39,21,1,1,2,0.0,0,BB,PRT,Offline TA/TO,TA/TO,0,1,0,A,A,0,No Deposit,20.0,0,Transient,48.0,0,0
City Hotel,1,199,2015,September,39,21,1,1,2,0.0,0,BB,PRT,Offline TA/TO,TA/TO,0,1,0,A,A,0,No Deposit,20.0,0,Transient,48.0,0,0
City Hotel,1,199,2015,September,39,21,1,1,2,0.0,0,BB,PRT,Offline TA/TO,TA/TO,0,1,0,A,A,0,No Deposit,20.0,0,Transient,48.0,0,0
City Hotel,1,199,2015,September,39,21,1,1,2,0.0,0,BB,PRT,Offline TA/TO,TA/TO,0,1,0,A,A,0,No Deposit,20.0,0,Transient,48.0,0,0
City Hotel,1,199,2015,September,39,21,1,1,2,0.0,0,BB,PRT,Offline TA/TO,TA/TO,0,1,0,A,A,0,No Deposit,20.0,0,Transient,48.0,0,0
City Hotel,1,199,2015,September,39,21,1,1,2,0.0,0,BB,PRT,Offline TA/TO,TA/TO,0,1,0,A,A,0,No Deposit,20.0,0,Transient,48.0,0,0
City Hotel,1,199,2015,September,39,21,1,1,2,0.0,0,BB,PRT,Offline TA/TO,TA/TO,0,1,0,A,A,0,No Deposit,20.0,0,Transient,48.0,0,0
City Hotel,1,199,2015,September,39,21,1,1,2,0.0,0,BB,PRT,Offline TA/TO,TA/TO,0,1,0,A,A,0,No Deposit,20.0,0,Transient,48.0,0,0
City Hotel,1,199,2015,September,39,21,1,1,2,0.0,0,BB,PRT,Offline TA/TO,TA/TO,0,1,0,A,A,0,No Deposit,20.0,0,Transient,48.0,0,0
City Hotel,1,199,2015,September,39,21,1,1,2,0.0,0,BB,PRT,Offline TA/TO,TA/TO,0,1,0,A,A,0,No Deposit,20.0,0,Transient,48.0,0,0
City Hotel,1,199,2015,September,39,21,1,1,2,0.0,0,BB,PRT,Offline TA/TO,TA/TO,0,1,0,A,A,0,No Deposit,20.0,0,Transient,48.0,0,0
City Hotel,1,199,2015,September,39,21,1,1,2,0.0,0,BB,PRT,Offline TA/TO,TA/TO,0,1,0,A,A,0,No Deposit,20.0,0,Transient,48.0,0,0
City Hotel,1,199,2015,September,39,21,1,1,2,0.0,0,BB,PRT,Offline TA/TO,TA/TO,0,1,0,A,A,0,No Deposit,20.0,0,Transient,48.0,0,0
City Hotel,1,199,2015,September,39,21,1,1,2,0.0,0,BB,PRT,Offline TA/TO,TA/TO,0,1,0,A,A,0,No Deposit,20.0,0,Transient,48.0,0,0
City Hotel,1,199,2015,September,39,21,1,1,2,0.0,0,BB,PRT,Offline TA/TO,TA/TO,0,1,0,A,A,0,No Deposit,20.0,0,Transient,48.0,0,0
City Hotel,1,199,2015,September,39,21,1,1,2,0.0,0,BB,PRT,Offline TA/TO,TA/TO,0,1,0,A,A,0,No Deposit,20.0,0,Transient,48.0,0,0
City Hotel,1,199,2015,September,39,21,1,1,2,0.0,0,BB,PRT,Offline TA/TO,TA/TO,0,1,0,A,A,0,Non Refund,20.0,0,Transient,48.0,0,0
City Hotel,1,207,2015,September,40,29,0,2,2,0.0,0,BB,PRT,Offline TA/TO,TA/TO,0,1,0,A,A,0,No Deposit,20.0,0,Transient,48.0,0,0
City Hotel,1,207,2015,September,40,29,0,2,2,0.0,0,BB,PRT,Offline TA/TO,TA/TO,0,1,0,A,A,0,No Deposit,20.0,0,Transient,48.0,0,0
City Hotel,1,207,2015,September,40,29,0,2,2,0.0,0,BB,PRT,Offline TA/TO,TA/TO,0,1,0,A,A,0,No Deposit,20.0,0,Transient,48.0,0,0
City Hotel,1,207,2015,September,40,29,0,2,2,0.0,0,BB,PRT,Offline TA/TO,TA/TO,0,1,0,A,A,0,No Deposit,20.0,0,Transient,48.0,0,0
City Hotel,1,207,2015,September,40,29,0,2,2,0.0,0,BB,PRT,Offline TA/TO,TA/TO,0,1,0,A,A,0,No Deposit,20.0,0,Transient,48.0,0,0
City Hotel,1,207,2015,September,40,29,0,2,2,0.0,0,BB,PRT,Offline TA/TO,TA/TO,0,1,0,A,A,0,No Deposit,20.0,0,Transient,48.0,0,0
City Hotel,1,207,2015,September,40,29,0,2,2,0.0,0,BB,PRT,Offline TA/TO,TA/TO,0,1,0,A,A,0,No Deposit,20.0,0,Transient,48.0,0,0
City Hotel,1,207,2015,September,40,29,0,2,2,0.0,0,BB,PRT,Offline TA/TO,TA/TO,0,1,0,A,A,0,No Deposit,20.0,0,Transient,48.0,0,0
City Hotel,1,207,2015,September,40,29,0,2,2,0.0,0,BB,PRT,Offline TA/TO,TA/TO,0,1,0,A,A,0,No Deposit,20.0,0,Transient,48.0,0,0
City Hotel,1,207,2015,September,40,29,0,2,2,0.0,0,BB,PRT,Offline TA/TO,TA/TO,0,1,0,A,A,0,No Deposit,20.0,0,Transient,48.0,0,0
City Hotel,1,207,2015,September,40,29,0,2,2,0.0,0,BB,PRT,Offline TA/TO,TA/TO,0,1,0,A,A,0,No Deposit,20.0,0,Transient,48.0,0,0
City Hotel,1,207,2015,September,40,29,0,2,2,0.0,0,BB,PRT,Offline TA/TO,TA/TO,0,1,0,A,A,0,No Deposit,20.0,0,Transient,48.0,0,0
City Hotel,1,207,2015,September,40,29,0,2,2,0.0,0,BB,PRT,Offline TA/TO,TA/TO,0,1,0,A,A,0,No Deposit,20.0,0,Transient,48.0,0,0
City Hotel,1,207,2015,September,40,29,0,2,2,0.0,0,BB,PRT,Offline TA/TO,TA/TO,0,1,0,A,A,0,No Deposit,20.0,0,Transient,48.0,0,0
City Hotel,1,207,2015,September,40,29,0,2,2,0.0,0,BB,PRT,Offline TA/TO,TA/TO,0,1,0,A,A,0,No Deposit,20.0,0,Transient,48.0,0,0
City Hotel,1,207,2015,September,40,29,0,2,2,0.0,0,BB,PRT,Offline TA/TO,TA/TO,0,1,0,A,A,0,No Deposit,20.0,0,Transient,48.0,0,0
City Hotel,1,207,2015,September,40,29,0,2,2,0.0,0,BB,PRT,Offline TA/TO,TA/TO,0,1,0,A,A,0,No Deposit,20.0,0,Transient,48.0,0,0
City Hotel,1,207,2015,September,40,29,0,2,2,0.0,0,BB,PRT,Offline TA/TO,TA/TO,0,1,0,A,A,0,No Deposit,20.0,0,Transient,48.0,0,0
City Hotel,1,207,2015,September,40,29,0,2,2,0.0,0,BB,PRT,Offline TA/TO,TA/TO,0,1,0,A,A,0,No Deposit,20.0,0,Transient,48.0,0,0
City Hotel,1,207,2015,September,40,29,0,2,2,0.0,0,BB,PRT,Offline TA/TO,TA/TO,0,1,0,A,A,0,No Deposit,20.0,0,Transient,48.0,0,0
City Hotel,1,207,2015,September,40,29,0,2,2,0.0,0,BB,PRT,Offline TA/TO,TA/TO,0,1,0,A,A,0,No Deposit,20.0,0,Transient,48.0,0,0
City Hotel,1,207,2015,September,40,29,0,2,2,0.0,0,BB,PRT,Offline TA/TO,TA/TO,0,1,0,A,A,0,No Deposit,20.0,0,Transient,48.0,0,0
City Hotel,1,207,2015,September,40,29,0,2,2,0.0,0,BB,PRT,Offline TA/TO,TA/TO,0,1,0,A,A,0,No Deposit,20.0,0,Transient,48.0,0,0
City Hotel,1,207,2015,September,40,29,0,2,2,0.0,0,BB,PRT,Offline TA/TO,TA/TO,0,1,0,A,A,0,No Deposit,20.0,0,Transient,48.0,0,0
City Hotel,1,207,2015,September,40,29,0,2,2,0.0,0,BB,PRT,Offline TA/TO,TA/TO,0,1,0,A,A,0,Non Refund,20.0,0,Transient,48.0,0,0
City Hotel,1,148,2015,August,32,5,0,3,2,0.0,0,BB,PRT,Online TA,TA/TO,0,1,0,A,A,0,No Deposit,9.0,0,Transient,76.5,0,0
City Hotel,1,208,2015,July,31,28,0,1,2,0.0,0,BB,PRT,Online TA,TA/TO,0,1,0,B,B,0,No Deposit,9.0,0,Transient-Party,76.5,0,0
City Hotel,1,208,2015,July,31,28,0,1,2,0.0,0,BB,PRT,Online TA,TA/TO,0,1,0,B,B,0,No Deposit,9.0,0,Transient-Party,76.5,0,0
City Hotel,1,224,2015,September,37,11,1,2,2,0.0,0,HB,PRT,Groups,TA/TO,0,1,0,A,A,0,Non Refund,1.0,0,Transient,90.0,0,0
City Hotel,1,224,2015,September,37,11,1,2,2,0.0,0,HB,PRT,Groups,TA/TO,0,1,0,A,A,0,Non Refund,1.0,0,Transient,90.0,0,0
City Hotel,1,224,2015,September,37,11,1,2,2,0.0,0,HB,PRT,Groups,TA/TO,0,1,0,A,A,0,Non Refund,1.0,0,Transient,90.0,0,0
City Hotel,1,224,2015,September,37,11,1,2,2,0.0,0,HB,PRT,Groups,TA/TO,0,1,0,A,A,0,Non Refund,1.0,0,Transient,90.0,0,0
City Hotel,1,224,2015,September,37,11,1,2,2,0.0,0,HB,PRT,Groups,TA/TO,0,1,0,A,A,0,Non Refund,1.0,0,Transient,90.0,0,0
City Hotel,1,224,2015,September,37,11,1,2,2,0.0,0,HB,PRT,Groups,TA/TO,0,1,0,A,A,0,Non Refund,1.0,0,Transient,90.0,0,0
City Hotel,1,224,2015,September,37,11,1,2,2,0.0,0,HB,PRT,Groups,TA/TO,0,1,0,A,A,0,Non Refund,1.0,0,Transient,90.0,0,0
City Hotel,1,224,2015,September,37,11,1,2,2,0.0,0,HB,PRT,Groups,TA/TO,0,1,0,A,A,0,Non Refund,1.0,0,Transient,90.0,0,0
City Hotel,1,224,2015,September,37,11,1,2,2,0.0,0,HB,PRT,Groups,TA/TO,0,1,0,A,A,0,Non Refund,1.0,0,Transient,90.0,0,0
City Hotel,1,224,2015,September,37,11,1,2,2,0.0,0,HB,PRT,Groups,TA/TO,0,1,0,A,A,0,Non Refund,1.0,0,Transient,90.0,0,0
City Hotel,1,224,2015,September,37,11,1,2,2,0.0,0,HB,PRT,Groups,TA/TO,0,1,0,A,A,0,Non Refund,1.0,0,Transient,90.0,0,0
City Hotel,1,224,2015,September,37,11,1,2,2,0.0,0,HB,PRT,Groups,TA/TO,0,1,0,A,A,0,Non Refund,1.0,0,Transient,90.0,0,0
City Hotel,0,138,2015,July,30,25,0,1,2,0.0,0,BB,BRA,Groups,TA/TO,0,0,0,A,A,0,No Deposit,1.0,0,Transient-Party,60.0,0,0
City Hotel,0,138,2015,July,30,25,0,1,2,0.0,0,BB,PRT,Groups,TA/TO,0,0,0,A,A,0,No Deposit,1.0,0,Transient-Party,60.0,0,0
City Hotel,0,138,2015,July,30,25,0,1,2,0.0,0,BB,PRT,Groups,TA/TO,0,0,0,A,A,0,No Deposit,1.0,0,Transient-Party,60.0,0,0
City Hotel,0,138,2015,July,30,25,0,1,2,0.0,0,BB,PRT,Groups,TA/TO,0,0,0,A,A,0,No Deposit,1.0,0,Transient-Party,60.0,0,0
City Hotel,0,138,2015,July,30,25,0,1,2,0.0,0,BB,BRA,Groups,TA/TO,0,0,0,A,A,0,No Deposit,1.0,0,Transient-Party,60.0,0,0
City Hotel,0,138,2015,July,30,25,0,1,2,0.0,0,BB,PRT,Groups,TA/TO,0,0,0,A,A,0,No Deposit,1.0,0,Transient-Party,60.0,0,0
City Hotel,0,138,2015,July,30,25,0,1,2,0.0,0,BB,PRT,Groups,TA/TO,0,0,0,A,A,0,No Deposit,1.0,0,Transient-Party,60.0,0,0
City Hotel,0,138,2015,July,30,25,0,1,2,0.0,0,BB,PRT,Groups,TA/TO,0,0,0,A,A,0,No Deposit,1.0,0,Transient-Party,60.0,0,0
City Hotel,0,138,2015,July,30,25,0,1,2,0.0,0,BB,BRA,Groups,TA/TO,0,0,0,A,A,0,No Deposit,1.0,0,Transient-Party,60.0,0,0
City Hotel,0,138,2015,July,30,25,0,1,2,0.0,0,BB,PRT,Groups,TA/TO,0,0,0,A,D,0,No Deposit,1.0,0,Transient-Party,60.0,0,0
City Hotel,0,138,2015,July,30,25,0,1,2,0.0,0,BB,BRA,Groups,TA/TO,0,0,0,A,A,0,No Deposit,1.0,0,Transient-Party,60.0,0,0
City Hotel,0,138,2015,July,30,25,0,1,2,0.0,0,BB,BRA,Groups,TA/TO,0,0,0,A,A,0,No Deposit,1.0,0,Transient-Party,60.0,0,0
City Hotel,0,138,2015,July,30,25,0,1,2,0.0,0,BB,PRT,Groups,TA/TO,0,0,0,A,A,0,No Deposit,1.0,0,Transient-Party,60.0,0,0
City Hotel,0,138,2015,July,30,25,0,1,2,0.0,0,BB,PRT,Groups,TA/TO,0,0,0,A,A,0,No Deposit,1.0,0,Transient-Party,60.0,0,0
City Hotel,0,138,2015,July,30,25,0,1,2,0.0,0,BB,PRT,Groups,TA/TO,0,0,0,A,A,0,No Deposit,1.0,0,Transient-Party,60.0,0,0
City Hotel,0,138,2015,July,30,25,0,1,2,0.0,0,BB,BRA,Groups,TA/TO,0,0,0,A,A,0,No Deposit,1.0,0,Transient-Party,60.0,0,0
City Hotel,0,138,2015,July,30,25,0,1,2,0.0,0,BB,BRA,Groups,TA/TO,0,0,0,A,A,0,No Deposit,1.0,0,Transient-Party,60.0,0,0
City Hotel,0,138,2015,July,30,25,0,1,2,0.0,0,BB,PRT,Groups,TA/TO,0,0,0,A,D,0,No Deposit,1.0,0,Transient-Party,60.0,0,0
City Hotel,0,205,2015,July,30,25,2,1,2,0.0,0,BB,ITA,Online TA,TA/TO,0,0,0,A,A,0,No Deposit,9.0,0,Transient,76.5,0,2
City Hotel,0,210,2015,July,31,30,0,1,2,0.0,0,BB,DEU,Online TA,TA/TO,0,0,0,B,B,0,No Deposit,9.0,0,Transient-Party,76.5,0,0
City Hotel,0,0,2015,December,50,9,0,1,2,0.0,0,BB,PRT,Complementary,Corporate,1,0,3,A,A,0,No Deposit,,0,Transient,0.0,0,1
City Hotel,0,11,2016,October,41,4,0,2,2,0.0,0,HB,PRT,Complementary,Corporate,1,1,1,A,D,2,No Deposit,,0,Transient,0.0,0,0
City Hotel,1,204,2015,August,33,15,1,1,2,0.0,0,BB,PRT,Online TA,TA/TO,0,1,0,A,A,0,No Deposit,9.0,0,Transient-Party,76.5,0,2
City Hotel,1,204,2015,August,33,15,1,1,2,0.0,0,BB,PRT,Online TA,TA/TO,0,1,0,A,A,0,No Deposit,9.0,0,Transient-Party,76.5,0,2
City Hotel,1,204,2015,August,33,15,1,1,2,0.0,0,BB,PRT,Online TA,TA/TO,0,1,0,A,A,0,No Deposit,9.0,0,Transient-Party,76.5,0,2
City Hotel,1,204,2015,August,33,15,1,1,2,0.0,0,BB,PRT,Online TA,TA/TO,0,1,0,A,A,0,No Deposit,9.0,0,Transient-Party,76.5,0,2
City Hotel,0,150,2015,August,32,2,2,0,2,0.0,0,BB,BEL,Online TA,TA/TO,0,0,0,A,A,0,No Deposit,9.0,0,Transient-Party,76.5,0,1
City Hotel,0,150,2015,August,32,2,2,0,2,0.0,0,BB,BEL,Online TA,TA/TO,0,0,0,A,A,0,No Deposit,9.0,0,Transient-Party,76.5,0,1
City Hotel,0,175,2015,August,32,5,0,1,2,0.0,0,BB,POL,Online TA,TA/TO,0,0,0,A,D,0,No Deposit,9.0,0,Transient,76.5,0,0
City Hotel,0,3,2016,May,19,2,1,0,2,0.0,0,BB,PRT,Corporate,Corporate,1,3,29,A,A,1,No Deposit,,0,Transient,75.0,0,0
City Hotel,1,175,2015,August,35,24,1,0,2,0.0,0,BB,PRT,Online TA,TA/TO,0,1,0,A,A,0,No Deposit,9.0,0,Transient,76.5,0,2
City Hotel,0,0,2015,August,32,6,0,1,2,0.0,0,SC,PRT,Online TA,TA/TO,0,0,0,A,A,1,No Deposit,9.0,0,Transient,81.0,0,0
City Hotel,0,0,2015,August,32,6,0,1,2,0.0,0,BB,BGR,Online TA,TA/TO,0,0,0,A,A,2,No Deposit,9.0,0,Transient,90.0,0,0
City Hotel,0,160,2015,August,32,5,0,2,2,0.0,0,BB,ESP,Online TA,TA/TO,0,0,0,A,D,0,No Deposit,9.0,0,Transient,76.5,0,1
City Hotel,0,0,2015,August,32,6,0,1,2,0.0,0,BB,FRA,Online TA,TA/TO,0,0,0,A,A,0,No Deposit,9.0,0,Transient,90.0,0,0
City Hotel,0,0,2015,August,32,6,0,1,2,0.0,0,SC,ESP,Online TA,TA/TO,0,0,0,A,A,1,No Deposit,9.0,0,Transient,81.0,0,0
City Hotel,1,327,2015,September,37,9,2,4,2,0.0,0,BB,PRT,Offline TA/TO,TA/TO,0,1,0,A,A,0,No Deposit,4.0,0,Transient-Party,76.0,0,0
City Hotel,1,327,2015,September,37,9,2,4,2,0.0,0,BB,PRT,Offline TA/TO,TA/TO,0,1,0,A,A,0,No Deposit,4.0,0,Transient-Party,76.0,0,0
City Hotel,1,327,2015,September,37,9,2,4,2,0.0,0,BB,PRT,Offline TA/TO,TA/TO,0,1,0,A,A,0,No Deposit,4.0,0,Transient-Party,76.0,0,0
City Hotel,1,327,2015,September,37,9,2,4,2,0.0,0,BB,PRT,Offline TA/TO,TA/TO,0,1,0,A,A,0,No Deposit,4.0,0,Transient-Party,76.0,0,0
City Hotel,0,217,2015,August,32,7,0,1,2,0.0,0,BB,FRA,Online TA,TA/TO,0,0,0,B,B,0,No Deposit,8.0,0,Transient-Party,76.5,0,3
City Hotel,0,181,2015,August,32,6,0,2,2,0.0,0,BB,FRA,Online TA,TA/TO,0,0,0,B,B,0,No Deposit,9.0,0,Transient-Party,76.5,0,2
City Hotel,0,181,2015,August,32,6,0,2,2,0.0,0,BB,FRA,Online TA,TA/TO,0,0,0,B,B,0,No Deposit,9.0,0,Transient-Party,76.5,0,2
City Hotel,0,0,2015,August,32,4,0,4,2,0.0,0,BB,PRT,Direct,TA/TO,0,0,0,A,A,2,No Deposit,,0,Transient,75.0,0,0
City Hotel,0,0,2015,August,32,7,0,1,2,0.0,0,BB,FRA,Online TA,TA/TO,0,0,0,A,A,0,No Deposit,9.0,0,Transient,98.0,0,0
City Hotel,0,0,2015,August,32,6,0,2,2,0.0,0,SC,PRT,Online TA,TA/TO,0,0,0,A,A,1,No Deposit,9.0,0,Transient,81.0,0,0
City Hotel,0,0,2015,August,32,8,0,1,2,0.0,0,BB,FRA,Direct,Direct,0,0,0,A,B,0,No Deposit,,0,Transient,85.0,0,0
City Hotel,0,0,2015,August,32,8,0,1,2,0.0,0,BB,PRT,Direct,Direct,0,0,0,A,B,0,No Deposit,,0,Transient,85.0,0,0
City Hotel,0,1,2015,August,33,9,1,0,2,0.0,0,SC,FRA,Online TA,TA/TO,0,0,0,A,A,1,No Deposit,9.0,0,Transient,98.0,0,0
City Hotel,0,1,2015,August,33,9,1,0,2,0.0,0,SC,FRA,Online TA,TA/TO,0,0,0,A,A,0,No Deposit,9.0,0,Transient,89.0,0,0
City Hotel,0,1,2015,August,33,9,1,0,2,0.0,0,SC,FRA,Online TA,TA/TO,0,0,0,A,A,1,No Deposit,9.0,0,Transient,98.0,0,0
City Hotel,0,0,2015,August,32,6,1,3,2,0.0,0,SC,RUS,Online TA,TA/TO,0,0,0,A,A,0,No Deposit,9.0,0,Transient,81.0,0,0
City Hotel,0,0,2015,August,32,8,1,1,2,0.0,0,BB,FRA,Direct,Direct,0,0,0,A,A,1,No Deposit,,0,Transient,75.0,0,0
City Hotel,1,395,2016,March,13,21,1,2,2,0.0,0,BB,PRT,Groups,TA/TO,0,1,0,A,A,0,Non Refund,1.0,0,Transient,62.8,0,0
City Hotel,1,395,2016,March,13,21,1,2,2,0.0,0,BB,PRT,Groups,TA/TO,0,1,0,A,A,0,Non Refund,1.0,0,Transient,62.8,0,0
City Hotel,1,395,2016,March,13,21,1,2,2,0.0,0,BB,PRT,Groups,TA/TO,0,1,0,A,A,0,Non Refund,1.0,0,Transient,62.8,0,0
City Hotel,1,395,2016,March,13,21,1,2,2,0.0,0,BB,PRT,Groups,TA/TO,0,1,0,A,A,0,Non Refund,1.0,0,Transient,62.8,0,0
City Hotel,1,395,2016,March,13,21,1,2,2,0.0,0,BB,PRT,Groups,TA/TO,0,1,0,A,A,0,Non Refund,1.0,0,Transient,62.8,0,0
City Hotel,1,395,2016,March,13,21,1,2,2,0.0,0,BB,PRT,Groups,TA/TO,0,1,0,A,A,0,Non Refund,1.0,0,Transient,62.8,0,0
City Hotel,1,395,2016,March,13,21,1,2,2,0.0,0,BB,PRT,Groups,TA/TO,0,1,0,A,A,0,Non Refund,1.0,0,Transient,62.8,0,0
City Hotel,1,395,2016,March,13,21,1,2,2,0.0,0,BB,PRT,Groups,TA/TO,0,1,0,A,A,0,Non Refund,1.0,0,Transient,62.8,0,0
City Hotel,1,395,2016,March,13,21,1,2,2,0.0,0,BB,PRT,Groups,TA/TO,0,1,0,A,A,0,Non Refund,1.0,0,Transient,62.8,0,0
City Hotel,1,395,2016,March,13,21,1,2,2,0.0,0,BB,PRT,Groups,TA/TO,0,1,0,A,A,0,Non Refund,1.0,0,Transient,62.8,0,0
City Hotel,1,395,2016,March,13,21,1,2,2,0.0,0,BB,PRT,Groups,TA/TO,0,1,0,A,A,0,Non Refund,1.0,0,Transient,62.8,0,0
City Hotel,1,395,2016,March,13,21,1,2,2,0.0,0,BB,PRT,Groups,TA/TO,0,1,0,A,A,0,Non Refund,1.0,0,Transient,62.8,0,0
City Hotel,1,395,2016,March,13,21,1,2,2,0.0,0,BB,PRT,Groups,TA/TO,0,1,0,A,A,0,Non Refund,1.0,0,Transient,62.8,0,0
City Hotel,1,395,2016,March,13,21,1,2,2,0.0,0,BB,PRT,Groups,TA/TO,0,1,0,A,A,0,Non Refund,1.0,0,Transient,62.8,0,0
City Hotel,1,395,2016,March,13,21,1,2,2,0.0,0,BB,PRT,Groups,TA/TO,0,1,0,A,A,0,Non Refund,1.0,0,Transient,62.8,0,0
City Hotel,1,395,2016,March,13,21,1,2,2,0.0,0,BB,PRT,Groups,TA/TO,0,1,0,A,A,0,Non Refund,1.0,0,Transient,62.8,0,0
City Hotel,1,395,2016,March,13,21,1,2,2,0.0,0,BB,PRT,Groups,TA/TO,0,1,0,A,A,0,Non Refund,1.0,0,Transient,62.8,0,0
City Hotel,1,395,2016,March,13,21,1,2,2,0.0,0,BB,PRT,Groups,TA/TO,0,1,0,A,A,0,Non Refund,1.0,0,Transient,62.8,0,0
City Hotel,1,395,2016,March,13,21,1,2,2,0.0,0,BB,PRT,Groups,TA/TO,0,1,0,A,A,0,Non Refund,1.0,0,Transient,62.8,0,0
City Hotel,1,395,2016,March,13,21,1,2,2,0.0,0,BB,PRT,Groups,TA/TO,0,1,0,A,A,0,Non Refund,1.0,0,Transient,62.8,0,0
City Hotel,1,395,2016,March,13,21,1,2,2,0.0,0,BB,PRT,Groups,TA/TO,0,1,0,A,A,0,Non Refund,1.0,0,Transient,62.8,0,0
City Hotel,1,395,2016,March,13,21,1,2,2,0.0,0,BB,PRT,Groups,TA/TO,0,1,0,A,A,0,Non Refund,1.0,0,Transient,62.8,0,0
City Hotel,1,395,2016,March,13,21,1,2,2,0.0,0,BB,PRT,Groups,TA/TO,0,1,0,A,A,0,Non Refund,1.0,0,Transient,62.8,0,0
City Hotel,1,395,2016,March,13,21,1,2,2,0.0,0,BB,PRT,Groups,TA/TO,0,1,0,A,A,0,Non Refund,1.0,0,Transient,62.8,0,0
City Hotel,1,395,2016,March,13,21,1,2,2,0.0,0,BB,PRT,Groups,TA/TO,0,1,0,A,A,0,Non Refund,1.0,0,Transient,62.8,0,0
City Hotel,1,395,2016,March,13,21,1,2,2,0.0,0,BB,PRT,Groups,TA/TO,0,1,0,A,A,0,Non Refund,1.0,0,Transient,62.8,0,0
City Hotel,1,395,2016,March,13,21,1,2,2,0.0,0,BB,PRT,Groups,TA/TO,0,1,0,A,A,0,Non Refund,1.0,0,Transient,62.8,0,0
City Hotel,1,395,2016,March,13,21,1,2,2,0.0,0,BB,PRT,Groups,TA/TO,0,1,0,A,A,0,Non Refund,1.0,0,Transient,62.8,0,0
City Hotel,1,395,2016,March,13,21,1,2,2,0.0,0,BB,PRT,Groups,TA/TO,0,1,0,A,A,0,Non Refund,1.0,0,Transient,62.8,0,0
City Hotel,1,395,2016,March,13,21,1,2,2,0.0,0,BB,PRT,Groups,TA/TO,0,1,0,A,A,0,Non Refund,1.0,0,Transient,62.8,0,0
City Hotel,1,202,2015,August,34,16,2,4,2,0.0,0,BB,PRT,Online TA,TA/TO,0,1,0,A,A,0,No Deposit,9.0,0,Transient,76.5,0,2
City Hotel,0,0,2015,August,33,10,1,0,2,0.0,0,SC,FRA,Online TA,TA/TO,0,0,0,A,A,0,No Deposit,,0,Transient,75.0,0,0
City Hotel,0,0,2015,August,33,10,1,0,2,0.0,0,SC,FRA,Online TA,TA/TO,0,0,0,A,A,0,No Deposit,,0,Transient,75.0,0,0
City Hotel,0,0,2015,August,33,10,1,0,2,0.0,0,SC,FRA,Online TA,TA/TO,0,0,0,A,A,0,No Deposit,,0,Transient,75.0,0,0
City Hotel,0,1,2015,August,32,8,2,1,2,0.0,0,BB,BRA,Direct,Direct,0,0,0,A,A,1,No Deposit,,0,Transient,75.0,0,0
City Hotel,0,4,2015,August,32,8,2,1,2,0.0,0,SC,DZA,Online TA,TA/TO,0,0,0,A,D,0,No Deposit,9.0,0,Contract,80.0,0,1
City Hotel,0,192,2015,August,32,6,2,3,2,0.0,0,BB,PRT,Online TA,TA/TO,0,0,0,A,A,0,No Deposit,9.0,0,Transient-Party,76.5,0,2
City Hotel,0,192,2015,August,32,6,2,3,2,0.0,0,BB,DEU,Online TA,TA/TO,0,0,0,A,A,0,No Deposit,9.0,0,Transient-Party,76.5,0,2
City Hotel,0,0,2015,August,33,11,0,1,2,0.0,0,BB,FRA,Direct,Direct,0,0,0,A,A,0,No Deposit,,0,Transient,75.0,0,0
City Hotel,0,2,2015,August,32,8,2,2,2,0.0,0,BB,FRA,Online TA,TA/TO,0,0,0,A,A,1,No Deposit,9.0,0,Contract,90.0,0,2
City Hotel,0,0,2015,August,33,11,0,1,2,0.0,0,BB,PRT,Online TA,TA/TO,0,0,0,A,A,0,No Deposit,,0,Transient,75.0,0,0
City Hotel,0,1,2015,August,33,11,0,1,2,0.0,0,BB,PRT,Online TA,TA/TO,0,0,0,A,A,0,No Deposit,9.0,0,Contract,105.0,1,1
City Hotel,0,1,2015,August,33,11,0,1,2,0.0,0,BB,FRA,Online TA,TA/TO,0,0,0,A,A,0,No Deposit,9.0,0,Contract,105.0,1,1
City Hotel,0,0,2015,August,33,12,0,1,2,0.0,0,BB,FRA,Groups,TA/TO,0,0,0,A,A,0,No Deposit,1.0,0,Transient,124.0,0,0
City Hotel,0,4,2015,August,33,11,0,2,2,0.0,0,BB,PRT,Corporate,Corporate,0,0,0,A,D,0,No Deposit,,0,Transient,75.0,0,0
City Hotel,0,2,2015,August,33,12,0,1,2,0.0,0,BB,PRT,Corporate,Corporate,0,0,0,A,A,0,No Deposit,40.0,0,Transient,65.0,0,0
City Hotel,0,2,2016,July,28,8,0,1,2,0.0,0,BB,PRT,Corporate,Corporate,1,2,4,A,A,1,No Deposit,,0,Transient,77.0,1,0
City Hotel,0,3,2015,August,33,11,0,2,2,0.0,0,BB,GBR,Online TA,TA/TO,0,0,0,A,A,0,No Deposit,9.0,0,Transient,107.0,1,1
City Hotel,0,0,2015,August,33,12,0,1,2,0.0,0,BB,FRA,Online TA,TA/TO,0,0,0,A,A,0,No Deposit,9.0,0,Transient,138.0,0,0
City Hotel,0,0,2015,August,33,11,0,3,2,0.0,0,BB,PRT,Online TA,TA/TO,0,0,0,A,D,1,No Deposit,9.0,0,Contract,133.0,1,2
City Hotel,0,0,2015,August,33,12,0,2,2,0.0,0,BB,PRT,Online TA,TA/TO,0,0,0,A,A,0,No Deposit,9.0,0,Transient,138.0,0,0
City Hotel,1,176,2015,August,35,28,2,2,2,0.0,0,BB,PRT,Online TA,TA/TO,0,1,0,A,A,0,No Deposit,9.0,0,Transient,76.5,0,1
City Hotel,0,2,2015,August,33,13,0,1,2,0.0,0,BB,PRT,Direct,Direct,0,0,0,A,A,0,No Deposit,,0,Transient,79.0,0,0
City Hotel,1,256,2015,September,38,14,1,2,2,0.0,0,HB,PRT,Offline TA/TO,TA/TO,0,1,0,A,A,0,No Deposit,4.0,0,Transient-Party,96.0,0,0
City Hotel,1,263,2015,September,39,21,1,0,2,0.0,0,HB,PRT,Offline TA/TO,TA/TO,0,1,0,A,A,0,No Deposit,4.0,0,Transient-Party,96.0,0,0
City Hotel,1,263,2015,September,39,21,1,0,2,0.0,0,HB,PRT,Offline TA/TO,TA/TO,0,1,0,A,A,0,No Deposit,4.0,0,Transient-Party,96.0,0,0
City Hotel,0,0,2015,August,33,13,0,2,2,0.0,0,BB,CHN,Direct,Direct,0,0,0,A,A,2,No Deposit,,0,Transient,89.0,0,0
City Hotel,0,189,2015,August,33,11,0,4,2,0.0,0,BB,ITA,Online TA,TA/TO,0,0,0,A,A,0,No Deposit,9.0,0,Transient-Party,76.5,0,3
City Hotel,0,189,2015,August,33,11,0,4,2,0.0,0,BB,PRT,Online TA,TA/TO,0,0,0,A,A,0,No Deposit,9.0,0,Transient-Party,76.5,0,3
City Hotel,0,6,2015,August,33,14,0,1,2,0.0,0,BB,FRA,Online TA,TA/TO,0,0,0,A,A,2,No Deposit,9.0,0,Transient,98.0,1,0
City Hotel,0,7,2015,August,33,15,1,1,2,0.0,0,SC,PRT,Online TA,TA/TO,0,0,0,A,A,0,No Deposit,9.0,0,Transient,85.0,1,0
City Hotel,0,157,2015,August,33,14,0,1,2,0.0,0,BB,PRT,Online TA,TA/TO,0,0,0,A,A,0,No Deposit,9.0,0,Transient,76.5,0,1
City Hotel,0,204,2015,August,33,12,0,4,2,0.0,0,BB,PRT,Online TA,TA/TO,0,0,0,A,A,0,No Deposit,9.0,0,Transient-Party,76.5,0,3
City Hotel,0,204,2015,August,33,12,0,4,2,0.0,0,BB,PRT,Online TA,TA/TO,0,0,0,A,A,0,No Deposit,9.0,0,Transient-Party,76.5,0,3
City Hotel,0,204,2015,August,33,12,0,4,2,0.0,0,BB,BEL,Online TA,TA/TO,0,0,0,A,A,0,No Deposit,9.0,0,Transient-Party,76.5,0,3
City Hotel,0,204,2015,August,33,12,0,4,2,0.0,0,BB,BEL,Online TA,TA/TO,0,0,0,A,A,0,No Deposit,9.0,0,Transient-Party,76.5,0,3
City Hotel,0,0,2015,August,33,13,0,3,2,0.0,0,BB,FRA,Online TA,TA/TO,0,0,0,A,A,0,No Deposit,9.0,0,Contract,148.67,0,0
City Hotel,0,221,2015,August,33,11,0,5,2,0.0,0,BB,PRT,Online TA,TA/TO,0,0,0,A,A,0,No Deposit,9.0,0,Transient,76.5,0,1
City Hotel,0,0,2015,August,33,15,0,1,2,0.0,0,BB,PRT,Direct,Direct,0,0,0,B,B,0,No Deposit,,0,Transient,120.0,0,0
City Hotel,0,5,2015,September,36,2,0,1,2,0.0,0,BB,PRT,Offline TA/TO,Direct,1,0,1,A,B,0,No Deposit,42.0,0,Transient-Party,12.0,0,1
City Hotel,0,16,2015,August,33,15,1,1,2,0.0,0,HB,ITA,Offline TA/TO,TA/TO,0,0,0,A,A,0,No Deposit,17.0,0,Transient-Party,104.0,0,0
City Hotel,1,239,2015,October,42,17,0,1,2,0.0,0,BB,PRT,Groups,TA/TO,0,1,0,A,A,0,Non Refund,1.0,0,Transient,60.0,0,0
City Hotel,1,239,2015,October,42,17,0,1,2,0.0,0,BB,PRT,Groups,TA/TO,0,1,0,A,A,0,Non Refund,1.0,0,Transient,60.0,0,0
City Hotel,1,239,2015,October,42,17,0,1,2,0.0,0,BB,PRT,Groups,TA/TO,0,1,0,A,A,0,Non Refund,1.0,0,Transient,60.0,0,0
City Hotel,1,239,2015,October,42,17,0,1,2,0.0,0,BB,PRT,Groups,TA/TO,0,1,0,A,A,0,Non Refund,1.0,0,Transient,60.0,0,0
City Hotel,1,239,2015,October,42,17,0,1,2,0.0,0,BB,PRT,Groups,TA/TO,0,1,0,A,A,0,Non Refund,1.0,0,Transient,60.0,0,0
City Hotel,1,239,2015,October,42,17,0,1,2,0.0,0,BB,PRT,Groups,TA/TO,0,1,0,A,A,0,Non Refund,1.0,0,Transient,60.0,0,0
City Hotel,1,239,2015,October,42,17,0,1,2,0.0,0,BB,PRT,Groups,TA/TO,0,1,0,A,A,0,Non Refund,1.0,0,Transient,60.0,0,0
City Hotel,1,239,2015,October,42,17,0,1,2,0.0,0,BB,PRT,Groups,TA/TO,0,1,0,A,A,0,Non Refund,1.0,0,Transient,60.0,0,0
City Hotel,1,239,2015,October,42,17,0,1,2,0.0,0,BB,PRT,Groups,TA/TO,0,1,0,A,A,0,Non Refund,1.0,0,Transient,60.0,0,0
City Hotel,1,239,2015,October,42,17,0,1,2,0.0,0,BB,PRT,Groups,TA/TO,0,1,0,A,A,0,Non Refund,1.0,0,Transient,60.0,0,0
City Hotel,1,239,2015,October,42,17,0,1,2,0.0,0,BB,PRT,Groups,TA/TO,0,1,0,A,A,0,Non Refund,1.0,0,Transient,60.0,0,0
City Hotel,1,239,2015,October,42,17,0,1,2,0.0,0,BB,PRT,Groups,TA/TO,0,1,0,A,A,0,Non Refund,1.0,0,Transient,60.0,0,0
City Hotel,1,239,2015,October,42,17,0,1,2,0.0,0,BB,PRT,Groups,TA/TO,0,1,0,A,A,0,Non Refund,1.0,0,Transient,60.0,0,0
City Hotel,1,239,2015,October,42,17,0,1,2,0.0,0,BB,PRT,Groups,TA/TO,0,1,0,A,A,0,Non Refund,1.0,0,Transient,60.0,0,0
City Hotel,1,239,2015,October,42,17,0,1,2,0.0,0,BB,PRT,Groups,TA/TO,0,1,0,A,A,0,Non Refund,1.0,0,Transient,60.0,0,0
City Hotel,1,239,2015,October,42,17,0,1,2,0.0,0,BB,PRT,Groups,TA/TO,0,1,0,A,A,0,Non Refund,1.0,0,Transient,60.0,0,0
City Hotel,1,239,2015,October,42,17,0,1,2,0.0,0,BB,PRT,Groups,TA/TO,0,1,0,A,A,0,Non Refund,1.0,0,Transient,60.0,0,0
City Hotel,1,239,2015,October,42,17,0,1,2,0.0,0,BB,PRT,Groups,TA/TO,0,1,0,A,A,0,Non Refund,1.0,0,Transient,60.0,0,0
City Hotel,1,239,2015,October,42,17,0,1,2,0.0,0,BB,PRT,Groups,TA/TO,0,1,0,A,A,0,Non Refund,1.0,0,Transient,60.0,0,0
City Hotel,1,239,2015,October,42,17,0,1,2,0.0,0,BB,PRT,Groups,TA/TO,0,1,0,A,A,0,Non Refund,1.0,0,Transient,60.0,0,0
City Hotel,1,239,2015,October,42,17,0,1,2,0.0,0,BB,PRT,Groups,TA/TO,0,1,0,A,A,0,Non Refund,1.0,0,Transient,60.0,0,0
City Hotel,1,239,2015,October,42,17,0,1,2,0.0,0,BB,PRT,Groups,TA/TO,0,1,0,A,A,0,Non Refund,1.0,0,Transient,60.0,0,0
City Hotel,1,239,2015,October,42,17,0,1,2,0.0,0,BB,PRT,Groups,TA/TO,0,1,0,A,A,0,Non Refund,1.0,0,Transient,60.0,0,0
City Hotel,1,239,2015,October,42,17,0,1,2,0.0,0,BB,PRT,Groups,TA/TO,0,1,0,A,A,0,Non Refund,1.0,0,Transient,60.0,0,0
City Hotel,1,239,2015,October,42,17,0,1,2,0.0,0,BB,PRT,Groups,TA/TO,0,1,0,A,A,0,Non Refund,1.0,0,Transient,60.0,0,0
City Hotel,1,239,2015,October,42,17,0,1,2,0.0,0,BB,PRT,Groups,TA/TO,0,1,0,A,A,0,Non Refund,1.0,0,Transient,60.0,0,0
City Hotel,1,239,2015,October,42,17,0,1,2,0.0,0,BB,PRT,Groups,TA/TO,0,1,0,A,A,0,Non Refund,1.0,0,Transient,60.0,0,0
City Hotel,1,239,2015,October,42,17,0,1,2,0.0,0,BB,PRT,Groups,TA/TO,0,1,0,A,A,0,Non Refund,1.0,0,Transient,60.0,0,0
City Hotel,1,239,2015,October,42,17,0,1,2,0.0,0,BB,PRT,Groups,TA/TO,0,1,0,A,A,0,Non Refund,1.0,0,Transient,60.0,0,0
City Hotel,1,239,2015,October,42,17,0,1,2,0.0,0,BB,PRT,Groups,TA/TO,0,1,0,A,A,0,Non Refund,1.0,0,Transient,60.0,0,0
City Hotel,0,4,2015,August,33,14,2,2,2,0.0,0,BB,BRA,Direct,Direct,0,0,0,A,A,1,No Deposit,,0,Transient,75.0,0,0
City Hotel,0,181,2015,August,34,17,1,0,2,0.0,0,BB,PRT,Online TA,TA/TO,0,0,0,A,D,0,No Deposit,9.0,0,Transient-Party,76.5,0,2
City Hotel,0,181,2015,August,34,17,1,0,2,0.0,0,BB,ITA,Online TA,TA/TO,0,0,0,A,D,0,No Deposit,9.0,0,Transient-Party,76.5,0,2
City Hotel,0,3,2015,August,33,14,2,2,2,0.0,0,BB,PRT,Online TA,TA/TO,0,0,0,A,A,0,No Deposit,9.0,0,Transient,146.0,0,1
City Hotel,0,0,2015,August,34,18,0,1,2,0.0,0,SC,PRT,Online TA,TA/TO,0,0,0,D,D,1,No Deposit,9.0,0,Contract,129.0,0,0
City Hotel,1,238,2015,September,38,18,2,3,2,0.0,0,BB,PRT,Online TA,TA/TO,0,1,0,A,A,0,No Deposit,8.0,0,Transient,89.25,0,1
City Hotel,1,238,2015,September,38,18,2,3,2,0.0,0,BB,PRT,Online TA,TA/TO,0,1,0,A,A,0,No Deposit,8.0,0,Transient,89.25,0,2
City Hotel,0,0,2015,August,34,18,0,2,2,0.0,0,SC,ESP,Direct,Direct,0,0,0,B,B,0,No Deposit,,0,Transient,113.0,0,0
City Hotel,0,0,2015,August,34,18,0,2,2,0.0,0,SC,ESP,Direct,Direct,0,0,0,B,B,0,No Deposit,,0,Transient,113.0,0,0
City Hotel,0,8,2015,August,34,16,2,2,2,0.0,0,BB,ESP,Online TA,TA/TO,0,0,0,A,A,0,No Deposit,9.0,0,Transient,90.0,0,0
City Hotel,0,1,2015,August,34,19,0,1,2,0.0,0,BB,FRA,Online TA,TA/TO,0,0,0,A,A,0,No Deposit,9.0,0,Transient,106.0,0,0
City Hotel,0,6,2015,August,33,13,2,6,2,0.0,0,BB,PRT,Offline TA/TO,TA/TO,0,0,0,D,D,0,No Deposit,27.0,0,Transient,57.75,0,0
City Hotel,0,11,2015,August,34,18,0,3,2,0.0,0,BB,FRA,Online TA,TA/TO,0,0,0,A,A,1,No Deposit,9.0,0,Contract,95.33,0,1
City Hotel,0,4,2015,August,33,14,2,5,2,0.0,0,BB,PRT,Online TA,TA/TO,0,0,0,A,A,0,No Deposit,9.0,0,Transient-Party,106.14,0,0
City Hotel,1,342,2015,September,39,24,2,4,2,0.0,0,BB,PRT,Groups,TA/TO,0,1,0,A,A,0,Non Refund,1.0,0,Transient,170.0,0,0
City Hotel,1,342,2015,September,39,24,2,4,2,0.0,0,BB,PRT,Groups,TA/TO,0,1,0,A,A,0,Non Refund,1.0,0,Transient,170.0,0,0
City Hotel,1,342,2015,September,39,24,2,4,2,0.0,0,BB,PRT,Groups,TA/TO,0,1,0,A,A,0,Non Refund,1.0,0,Transient,170.0,0,0
City Hotel,1,342,2015,September,39,24,2,4,2,0.0,0,BB,PRT,Groups,TA/TO,0,1,0,A,A,0,Non Refund,1.0,0,Transient,170.0,0,0
City Hotel,1,342,2015,September,39,24,2,4,2,0.0,0,BB,PRT,Groups,TA/TO,0,1,0,A,A,0,Non Refund,1.0,0,Transient,170.0,0,0
City Hotel,1,342,2015,September,39,24,2,4,2,0.0,0,BB,PRT,Groups,TA/TO,0,1,0,A,A,0,Non Refund,1.0,0,Transient,170.0,0,0
City Hotel,1,342,2015,September,39,24,2,4,2,0.0,0,BB,PRT,Groups,TA/TO,0,1,0,A,A,0,Non Refund,1.0,0,Transient,170.0,0,0
City Hotel,1,342,2015,September,39,24,2,4,2,0.0,0,BB,PRT,Groups,TA/TO,0,1,0,A,A,0,Non Refund,1.0,0,Transient,170.0,0,0
City Hotel,1,342,2015,September,39,24,2,4,2,0.0,0,BB,PRT,Groups,TA/TO,0,1,0,A,A,0,Non Refund,1.0,0,Transient,170.0,0,0
City Hotel,1,342,2015,September,39,24,2,4,2,0.0,0,BB,PRT,Groups,TA/TO,0,1,0,A,A,0,Non Refund,1.0,0,Transient,170.0,0,0
City Hotel,1,342,2015,September,39,24,2,4,2,0.0,0,BB,PRT,Groups,TA/TO,0,1,0,A,A,0,Non Refund,1.0,0,Transient,170.0,0,0
City Hotel,1,342,2015,September,39,24,2,4,2,0.0,0,BB,PRT,Groups,TA/TO,0,1,0,A,A,0,Non Refund,1.0,0,Transient,170.0,0,0
City Hotel,1,342,2015,September,39,24,2,4,2,0.0,0,BB,PRT,Groups,TA/TO,0,1,0,A,A,0,Non Refund,1.0,0,Transient,170.0,0,0
City Hotel,1,342,2015,September,39,24,2,4,2,0.0,0,BB,PRT,Groups,TA/TO,0,1,0,A,A,0,Non Refund,1.0,0,Transient,170.0,0,0
City Hotel,1,342,2015,September,39,24,2,4,2,0.0,0,BB,PRT,Groups,TA/TO,0,1,0,A,A,0,Non Refund,1.0,0,Transient,170.0,0,0
City Hotel,1,342,2015,September,39,24,2,4,2,0.0,0,BB,PRT,Groups,TA/TO,0,1,0,A,A,0,Non Refund,1.0,0,Transient,170.0,0,0
City Hotel,1,342,2015,September,39,24,2,4,2,0.0,0,BB,PRT,Groups,TA/TO,0,1,0,A,A,0,Non Refund,1.0,0,Transient,170.0,0,0
City Hotel,1,342,2015,September,39,24,2,4,2,0.0,0,BB,PRT,Groups,TA/TO,0,1,0,A,A,0,Non Refund,1.0,0,Transient,170.0,0,0
City Hotel,1,342,2015,September,39,24,2,4,2,0.0,0,BB,PRT,Groups,TA/TO,0,1,0,A,A,0,Non Refund,1.0,0,Transient,170.0,0,0
City Hotel,1,342,2015,September,39,24,2,4,2,0.0,0,BB,PRT,Groups,TA/TO,0,1,0,A,A,0,Non Refund,1.0,0,Transient,170.0,0,0
City Hotel,1,342,2015,September,39,24,2,4,2,0.0,0,BB,PRT,Groups,TA/TO,0,1,0,A,A,0,Non Refund,1.0,0,Transient,170.0,0,0
City Hotel,1,342,2015,September,39,24,2,4,2,0.0,0,BB,PRT,Groups,TA/TO,0,1,0,A,A,0,Non Refund,1.0,0,Transient,170.0,0,0
City Hotel,1,342,2015,September,39,24,2,4,2,0.0,0,BB,PRT,Groups,TA/TO,0,1,0,A,A,0,Non Refund,1.0,0,Transient,170.0,0,0
City Hotel,1,342,2015,September,39,24,2,4,2,0.0,0,BB,PRT,Groups,TA/TO,0,1,0,A,A,0,Non Refund,1.0,0,Transient,170.0,0,0
City Hotel,1,342,2015,September,39,24,2,4,2,0.0,0,BB,PRT,Groups,TA/TO,0,1,0,A,A,0,Non Refund,1.0,0,Transient,170.0,0,0
City Hotel,1,342,2015,September,39,24,2,4,2,0.0,0,BB,PRT,Groups,TA/TO,0,1,0,A,A,0,Non Refund,1.0,0,Transient,170.0,0,0
City Hotel,1,342,2015,September,39,24,2,4,2,0.0,0,BB,PRT,Groups,TA/TO,0,1,0,A,A,0,Non Refund,1.0,0,Transient,170.0,0,0
City Hotel,1,342,2015,September,39,24,2,4,2,0.0,0,BB,PRT,Groups,TA/TO,0,1,0,A,A,0,Non Refund,1.0,0,Transient,170.0,0,0
City Hotel,1,342,2015,September,39,24,2,4,2,0.0,0,BB,PRT,Groups,TA/TO,0,1,0,A,A,0,Non Refund,1.0,0,Transient,170.0,0,0
City Hotel,1,342,2015,September,39,24,2,4,2,0.0,0,BB,PRT,Groups,TA/TO,0,1,0,A,A,0,Non Refund,1.0,0,Transient,170.0,0,0
City Hotel,1,342,2015,September,39,24,2,4,2,0.0,0,BB,PRT,Groups,TA/TO,0,1,0,A,A,0,Non Refund,1.0,0,Transient,170.0,0,0
City Hotel,1,342,2015,September,39,24,2,4,2,0.0,0,BB,PRT,Groups,TA/TO,0,1,0,A,A,0,Non Refund,1.0,0,Transient,170.0,0,0
City Hotel,1,342,2015,September,39,24,2,4,2,0.0,0,BB,PRT,Groups,TA/TO,0,1,0,A,A,0,Non Refund,1.0,0,Transient,170.0,0,0
City Hotel,1,342,2015,September,39,24,2,4,2,0.0,0,BB,PRT,Groups,TA/TO,0,1,0,A,A,0,Non Refund,1.0,0,Transient,170.0,0,0
City Hotel,1,342,2015,September,39,24,2,4,2,0.0,0,BB,PRT,Groups,TA/TO,0,1,0,A,A,0,Non Refund,1.0,0,Transient,170.0,0,0
City Hotel,1,342,2015,September,39,24,2,4,2,0.0,0,BB,PRT,Groups,TA/TO,0,1,0,A,A,0,Non Refund,1.0,0,Transient,170.0,0,0
City Hotel,1,342,2015,September,39,24,2,4,2,0.0,0,BB,PRT,Groups,TA/TO,0,1,0,A,A,0,Non Refund,1.0,0,Transient,170.0,0,0
City Hotel,1,342,2015,September,39,24,2,4,2,0.0,0,BB,PRT,Groups,TA/TO,0,1,0,A,A,0,Non Refund,1.0,0,Transient,170.0,0,0
City Hotel,1,342,2015,September,39,24,2,4,2,0.0,0,BB,PRT,Groups,TA/TO,0,1,0,A,A,0,Non Refund,1.0,0,Transient,170.0,0,0
City Hotel,1,342,2015,September,39,24,2,4,2,0.0,0,BB,PRT,Groups,TA/TO,0,1,0,A,A,0,Non Refund,1.0,0,Transient,170.0,0,0
City Hotel,1,342,2015,September,39,24,2,4,2,0.0,0,BB,PRT,Groups,TA/TO,0,1,0,A,A,0,Non Refund,1.0,0,Transient,170.0,0,0
City Hotel,1,342,2015,September,39,24,2,4,2,0.0,0,BB,PRT,Groups,TA/TO,0,1,0,A,A,0,Non Refund,1.0,0,Transient,170.0,0,0
City Hotel,1,342,2015,September,39,24,2,4,2,0.0,0,BB,PRT,Groups,TA/TO,0,1,0,A,A,0,Non Refund,1.0,0,Transient,170.0,0,0
City Hotel,1,342,2015,September,39,24,2,4,2,0.0,0,BB,PRT,Groups,TA/TO,0,1,0,A,A,0,Non Refund,1.0,0,Transient,170.0,0,0
City Hotel,1,342,2015,September,39,24,2,4,2,0.0,0,BB,PRT,Groups,TA/TO,0,1,0,A,A,0,Non Refund,1.0,0,Transient,170.0,0,0
City Hotel,1,342,2015,September,39,24,2,4,2,0.0,0,BB,PRT,Groups,TA/TO,0,1,0,A,A,0,Non Refund,1.0,0,Transient,170.0,0,0
City Hotel,1,342,2015,September,39,24,2,4,2,0.0,0,BB,PRT,Groups,TA/TO,0,1,0,A,A,0,Non Refund,1.0,0,Transient,170.0,0,0
City Hotel,1,342,2015,September,39,24,2,4,2,0.0,0,BB,PRT,Groups,TA/TO,0,1,0,A,A,0,Non Refund,1.0,0,Transient,170.0,0,0
City Hotel,1,342,2015,September,39,24,2,4,2,0.0,0,BB,PRT,Groups,TA/TO,0,1,0,A,A,0,Non Refund,1.0,0,Transient,170.0,0,0
City Hotel,1,342,2015,September,39,24,2,4,2,0.0,0,BB,PRT,Groups,TA/TO,0,1,0,A,A,0,Non Refund,1.0,0,Transient,170.0,0,0
City Hotel,1,342,2015,September,39,24,2,4,2,0.0,0,BB,PRT,Groups,TA/TO,0,1,0,A,A,0,Non Refund,1.0,0,Transient,170.0,0,0
City Hotel,1,342,2015,September,39,24,2,4,2,0.0,0,BB,PRT,Groups,TA/TO,0,1,0,A,A,0,Non Refund,1.0,0,Transient,170.0,0,0
City Hotel,1,342,2015,September,39,24,2,4,2,0.0,0,BB,PRT,Groups,TA/TO,0,1,0,A,A,0,Non Refund,1.0,0,Transient,170.0,0,0
City Hotel,1,342,2015,September,39,24,2,4,2,0.0,0,BB,PRT,Groups,TA/TO,0,1,0,A,A,0,Non Refund,1.0,0,Transient,170.0,0,0
City Hotel,1,342,2015,September,39,24,2,4,2,0.0,0,BB,PRT,Groups,TA/TO,0,1,0,A,A,0,Non Refund,1.0,0,Transient,170.0,0,0
City Hotel,1,342,2015,September,39,24,2,4,2,0.0,0,BB,PRT,Groups,TA/TO,0,1,0,A,A,0,Non Refund,1.0,0,Transient,170.0,0,0
City Hotel,1,342,2015,September,39,24,2,4,2,0.0,0,BB,PRT,Groups,TA/TO,0,1,0,A,A,0,Non Refund,1.0,0,Transient,170.0,0,0
City Hotel,1,342,2015,September,39,24,2,4,2,0.0,0,BB,PRT,Groups,TA/TO,0,1,0,A,A,0,Non Refund,1.0,0,Transient,170.0,0,0
City Hotel,1,342,2015,September,39,24,2,4,2,0.0,0,BB,PRT,Groups,TA/TO,0,1,0,A,A,0,Non Refund,1.0,0,Transient,170.0,0,0
City Hotel,1,342,2015,September,39,24,2,4,2,0.0,0,BB,PRT,Groups,TA/TO,0,1,0,A,A,0,Non Refund,1.0,0,Transient,170.0,0,0
City Hotel,1,342,2015,September,39,24,2,4,2,0.0,0,BB,PRT,Groups,TA/TO,0,1,0,A,A,0,Non Refund,1.0,0,Transient,170.0,0,0
City Hotel,1,342,2015,September,39,24,2,4,2,0.0,0,BB,PRT,Groups,TA/TO,0,1,0,A,A,0,Non Refund,1.0,0,Transient,170.0,0,0
City Hotel,1,342,2015,September,39,24,2,4,2,0.0,0,BB,PRT,Groups,TA/TO,0,1,0,A,A,0,Non Refund,1.0,0,Transient,170.0,0,0
City Hotel,1,342,2015,September,39,24,2,4,2,0.0,0,BB,PRT,Groups,TA/TO,0,1,0,A,A,0,Non Refund,1.0,0,Transient,170.0,0,0
City Hotel,1,342,2015,September,39,24,2,4,2,0.0,0,BB,PRT,Groups,TA/TO,0,1,0,A,A,0,Non Refund,1.0,0,Transient,170.0,0,0
City Hotel,1,342,2015,September,39,24,2,4,2,0.0,0,BB,PRT,Groups,TA/TO,0,1,0,A,A,0,Non Refund,1.0,0,Transient,170.0,0,0
City Hotel,1,342,2015,September,39,24,2,4,2,0.0,0,BB,PRT,Groups,TA/TO,0,1,0,A,A,0,Non Refund,1.0,0,Transient,170.0,0,0
City Hotel,1,342,2015,September,39,24,2,4,2,0.0,0,BB,PRT,Groups,TA/TO,0,1,0,A,A,0,Non Refund,1.0,0,Transient,170.0,0,0
City Hotel,1,342,2015,September,39,24,2,4,2,0.0,0,BB,PRT,Groups,TA/TO,0,1,0,A,A,0,Non Refund,1.0,0,Transient,170.0,0,0
City Hotel,1,342,2015,September,39,24,2,4,2,0.0,0,BB,PRT,Groups,TA/TO,0,1,0,A,A,0,Non Refund,1.0,0,Transient,170.0,0,0
City Hotel,1,342,2015,September,39,24,2,4,2,0.0,0,BB,PRT,Groups,TA/TO,0,1,0,A,A,0,Non Refund,1.0,0,Transient,170.0,0,0
City Hotel,1,342,2015,September,39,24,2,4,2,0.0,0,BB,PRT,Groups,TA/TO,0,1,0,A,A,0,Non Refund,1.0,0,Transient,170.0,0,0
City Hotel,0,4,2015,August,33,14,2,6,2,0.0,0,SC,ESP,Online TA,TA/TO,0,0,0,A,A,0,No Deposit,9.0,0,Contract,95.13,0,1
City Hotel,0,0,2015,August,34,19,0,3,2,0.0,0,BB,ESP,Direct,Direct,0,0,0,A,A,1,No Deposit,,0,Transient,124.0,0,0
City Hotel,0,3,2015,August,34,20,0,2,2,0.0,0,BB,ESP,Online TA,Direct,0,0,0,A,A,0,No Deposit,,0,Transient,106.0,0,1
City Hotel,0,196,2015,August,34,16,2,5,2,0.0,0,BB,FRA,Online TA,TA/TO,0,0,0,A,A,0,No Deposit,7.0,0,Transient,55.96,0,2
City Hotel,0,177,2015,August,34,19,0,4,2,0.0,0,BB,FRA,Online TA,TA/TO,0,0,0,A,A,0,No Deposit,9.0,0,Transient-Party,76.5,0,2
City Hotel,0,177,2015,August,34,19,0,4,2,0.0,0,BB,FRA,Online TA,TA/TO,0,0,0,A,A,0,No Deposit,9.0,0,Transient-Party,76.5,0,2
City Hotel,0,196,2015,August,34,16,2,5,2,0.0,0,BB,FRA,Online TA,TA/TO,0,0,0,A,A,0,No Deposit,7.0,0,Transient,55.96,0,2
City Hotel,0,200,2015,August,34,22,0,1,2,0.0,0,BB,ITA,Online TA,TA/TO,0,0,0,A,A,0,No Deposit,9.0,0,Transient-Party,76.5,0,3
City Hotel,0,200,2015,August,34,22,0,1,2,0.0,0,BB,ITA,Online TA,TA/TO,0,0,0,A,A,0,No Deposit,9.0,0,Transient-Party,76.5,0,3
City Hotel,0,163,2015,August,34,19,2,4,2,0.0,0,BB,PRT,Online TA,TA/TO,0,0,0,A,A,0,No Deposit,9.0,0,Transient,76.5,0,2
City Hotel,0,1,2015,August,34,20,2,3,2,0.0,0,BB,FRA,Online TA,TA/TO,0,0,0,A,D,0,No Deposit,9.0,0,Transient,113.6,0,2
City Hotel,0,0,2015,August,35,23,2,0,2,0.0,0,BB,ESP,Online TA,TA/TO,0,0,0,A,A,0,No Deposit,9.0,0,Transient,98.0,0,0
City Hotel,0,0,2015,August,34,22,2,1,2,0.0,0,BB,FRA,Online TA,TA/TO,0,0,0,A,A,0,No Deposit,9.0,0,Transient,106.67,0,0
City Hotel,0,207,2015,August,34,21,2,3,2,0.0,0,BB,ESP,Online TA,TA/TO,0,0,0,A,A,0,No Deposit,9.0,0,Transient-Party,76.5,1,2
City Hotel,0,207,2015,August,34,21,2,3,2,0.0,0,BB,ESP,Online TA,TA/TO,0,0,0,A,D,0,No Deposit,9.0,0,Transient-Party,76.5,0,3
City Hotel,0,171,2015,August,34,20,2,5,2,0.0,0,BB,POL,Online TA,TA/TO,0,0,0,A,A,0,No Deposit,9.0,0,Transient,76.5,0,0
City Hotel,0,0,2015,August,35,24,1,2,2,0.0,0,BB,PRT,Offline TA/TO,TA/TO,0,0,0,B,B,1,No Deposit,,0,Transient-Party,67.5,0,0
City Hotel,0,0,2015,August,35,28,0,2,2,0.0,0,BB,PRT,Direct,Direct,1,0,2,F,B,2,No Deposit,,0,Transient-Party,78.0,0,2
City Hotel,0,0,2015,August,35,28,0,2,2,0.0,0,BB,PRT,Direct,Direct,1,0,2,F,B,0,No Deposit,,0,Transient-Party,78.0,0,2
City Hotel,0,188,2015,August,35,23,2,3,2,0.0,0,BB,PRT,Online TA,TA/TO,0,0,0,D,D,0,No Deposit,8.0,0,Transient,89.25,0,1
City Hotel,0,179,2015,August,35,23,2,3,2,0.0,0,BB,FRA,Online TA,TA/TO,0,0,0,A,A,0,No Deposit,9.0,0,Transient,76.5,0,1
City Hotel,0,176,2015,August,35,25,0,4,2,0.0,0,SC,NLD,Online TA,TA/TO,0,0,0,A,A,0,No Deposit,11.0,0,Transient,49.58,0,0
City Hotel,0,227,2015,August,34,17,3,9,2,0.0,0,BB,ESP,Online TA,TA/TO,0,0,0,A,D,0,No Deposit,9.0,0,Transient,76.5,0,3
City Hotel,0,0,2015,August,35,28,0,2,2,0.0,0,BB,PRT,Direct,Direct,0,0,0,A,A,0,No Deposit,,0,Transient,106.0,0,1
City Hotel,0,0,2015,August,35,28,0,2,2,0.0,0,BB,PRT,Direct,Direct,0,0,0,A,A,0,No Deposit,,0,Transient,106.0,0,1
City Hotel,0,0,2015,August,35,28,0,2,2,0.0,0,BB,PRT,Direct,Direct,0,0,0,A,A,0,No Deposit,,0,Transient,106.0,0,1
City Hotel,0,0,2015,August,35,28,0,2,2,0.0,0,BB,PRT,Direct,Direct,0,0,0,A,A,0,No Deposit,,0,Transient,106.0,0,1
City Hotel,0,1,2015,August,35,25,0,5,2,0.0,0,BB,PRT,Direct,Direct,0,0,0,A,A,3,No Deposit,,0,Transient,100.8,0,0
City Hotel,0,10,2015,August,35,28,1,2,2,0.0,0,BB,AUT,Direct,Direct,0,0,0,D,D,0,No Deposit,,0,Transient,79.0,0,1
City Hotel,0,14,2015,September,36,1,0,1,2,0.0,0,BB,PRT,Online TA,TA/TO,0,0,0,A,D,0,No Deposit,9.0,0,Contract,105.0,0,2
City Hotel,1,1,2015,September,36,4,0,1,2,0.0,0,HB,PRT,Offline TA/TO,TA/TO,1,1,0,A,A,0,No Deposit,6.0,0,Transient,108.0,0,0
City Hotel,0,5,2015,September,36,1,0,2,2,0.0,0,BB,POL,Online TA,TA/TO,0,0,0,A,A,0,No Deposit,9.0,0,Transient,105.0,0,0
City Hotel,1,327,2015,September,37,9,2,4,2,0.0,0,BB,PRT,Offline TA/TO,TA/TO,0,1,0,A,A,0,No Deposit,21.0,0,Transient-Party,117.0,0,0
City Hotel,0,183,2015,September,36,1,0,3,2,0.0,0,BB,ESP,Online TA,TA/TO,0,0,0,A,A,0,No Deposit,9.0,0,Transient,93.5,0,1
City Hotel,0,5,2015,August,36,31,1,3,2,0.0,0,BB,FRA,Online TA,TA/TO,0,0,0,A,A,0,No Deposit,9.0,0,Contract,105.25,0,1
City Hotel,0,243,2015,September,36,1,0,3,2,0.0,0,BB,AUT,Online TA,TA/TO,0,0,0,A,A,0,No Deposit,7.0,0,Transient,65.29,0,0
City Hotel,1,262,2015,November,46,9,1,2,2,0.0,0,BB,PRT,Groups,TA/TO,0,1,0,A,A,0,Non Refund,1.0,0,Transient,62.8,0,0
City Hotel,1,262,2015,November,46,9,1,2,2,0.0,0,BB,PRT,Groups,TA/TO,0,1,0,A,A,0,Non Refund,1.0,0,Transient,62.8,0,0
City Hotel,1,262,2015,November,46,9,1,2,2,0.0,0,BB,PRT,Groups,TA/TO,0,1,0,A,A,0,Non Refund,1.0,0,Transient,62.8,0,0
City Hotel,1,262,2015,November,46,9,1,2,2,0.0,0,BB,PRT,Groups,TA/TO,0,1,0,A,A,0,Non Refund,1.0,0,Transient,62.8,0,0
City Hotel,1,262,2015,November,46,9,1,2,2,0.0,0,BB,PRT,Groups,TA/TO,0,1,0,A,A,0,Non Refund,1.0,0,Transient,62.8,0,0
City Hotel,1,262,2015,November,46,9,1,2,2,0.0,0,BB,PRT,Groups,TA/TO,0,1,0,A,A,0,Non Refund,1.0,0,Transient,62.8,0,0
City Hotel,1,262,2015,November,46,9,1,2,2,0.0,0,BB,PRT,Groups,TA/TO,0,1,0,A,A,0,Non Refund,1.0,0,Transient,62.8,0,0
City Hotel,1,262,2015,November,46,9,1,2,2,0.0,0,BB,PRT,Groups,TA/TO,0,1,0,A,A,0,Non Refund,1.0,0,Transient,62.8,0,0
City Hotel,1,262,2015,November,46,9,1,2,2,0.0,0,BB,PRT,Groups,TA/TO,0,1,0,A,A,0,Non Refund,1.0,0,Transient,62.8,0,0
City Hotel,1,262,2015,November,46,9,1,2,2,0.0,0,BB,PRT,Groups,TA/TO,0,1,0,A,A,0,Non Refund,1.0,0,Transient,62.8,0,0
City Hotel,1,262,2015,November,46,9,1,2,2,0.0,0,BB,PRT,Groups,TA/TO,0,1,0,A,A,0,Non Refund,1.0,0,Transient,62.8,0,0
City Hotel,1,262,2015,November,46,9,1,2,2,0.0,0,BB,PRT,Groups,TA/TO,0,1,0,A,A,0,Non Refund,1.0,0,Transient,62.8,0,0
City Hotel,1,262,2015,November,46,9,1,2,2,0.0,0,BB,PRT,Groups,TA/TO,0,1,0,A,A,0,Non Refund,1.0,0,Transient,62.8,0,0
City Hotel,1,262,2015,November,46,9,1,2,2,0.0,0,BB,PRT,Groups,TA/TO,0,1,0,A,A,0,Non Refund,1.0,0,Transient,62.8,0,0
City Hotel,1,262,2015,November,46,9,1,2,2,0.0,0,BB,PRT,Groups,TA/TO,0,1,0,A,A,0,Non Refund,1.0,0,Transient,62.8,0,0
City Hotel,1,262,2015,November,46,9,1,2,2,0.0,0,BB,PRT,Groups,TA/TO,0,1,0,A,A,0,Non Refund,1.0,0,Transient,62.8,0,0
City Hotel,1,262,2015,November,46,9,1,2,2,0.0,0,BB,PRT,Groups,TA/TO,0,1,0,A,A,0,Non Refund,1.0,0,Transient,62.8,0,0
City Hotel,1,262,2015,November,46,9,1,2,2,0.0,0,BB,PRT,Groups,TA/TO,0,1,0,A,A,0,Non Refund,1.0,0,Transient,62.8,0,0
City Hotel,1,262,2015,November,46,9,1,2,2,0.0,0,BB,PRT,Groups,TA/TO,0,1,0,A,A,0,Non Refund,1.0,0,Transient,62.8,0,0
City Hotel,1,262,2015,November,46,9,1,2,2,0.0,0,BB,PRT,Groups,TA/TO,0,1,0,A,A,0,Non Refund,1.0,0,Transient,62.8,0,0
City Hotel,1,262,2015,November,46,9,1,2,2,0.0,0,BB,PRT,Groups,TA/TO,0,1,0,A,A,0,Non Refund,1.0,0,Transient,62.8,0,0
City Hotel,1,262,2015,November,46,9,1,2,2,0.0,0,BB,PRT,Groups,TA/TO,0,1,0,A,A,0,Non Refund,1.0,0,Transient,62.8,0,0
City Hotel,1,262,2015,November,46,9,1,2,2,0.0,0,BB,PRT,Groups,TA/TO,0,1,0,A,A,0,Non Refund,1.0,0,Transient,62.8,0,0
City Hotel,1,262,2015,November,46,9,1,2,2,0.0,0,BB,PRT,Groups,TA/TO,0,1,0,A,A,0,Non Refund,1.0,0,Transient,62.8,0,0
City Hotel,1,262,2015,November,46,9,1,2,2,0.0,0,BB,PRT,Groups,TA/TO,0,1,0,A,A,0,Non Refund,1.0,0,Transient,62.8,0,0
City Hotel,1,262,2015,November,46,9,1,2,2,0.0,0,BB,PRT,Groups,TA/TO,0,1,0,A,A,0,Non Refund,1.0,0,Transient,62.8,0,0
City Hotel,1,262,2015,November,46,9,1,2,2,0.0,0,BB,PRT,Groups,TA/TO,0,1,0,A,A,0,Non Refund,1.0,0,Transient,62.8,0,0
City Hotel,1,262,2015,November,46,9,1,2,2,0.0,0,BB,PRT,Groups,TA/TO,0,1,0,A,A,0,Non Refund,1.0,0,Transient,62.8,0,0
City Hotel,1,262,2015,November,46,9,1,2,2,0.0,0,BB,PRT,Groups,TA/TO,0,1,0,A,A,0,Non Refund,1.0,0,Transient,62.8,0,0
City Hotel,1,262,2015,November,46,9,1,2,2,0.0,0,BB,PRT,Groups,TA/TO,0,1,0,A,A,0,Non Refund,1.0,0,Transient,62.8,0,0
City Hotel,0,24,2015,September,36,3,0,2,2,0.0,0,BB,USA,Online TA,TA/TO,0,0,0,A,A,0,No Deposit,7.0,0,Transient,80.85,0,1
City Hotel,0,219,2015,September,36,4,0,1,2,0.0,0,HB,DEU,Offline TA/TO,TA/TO,0,0,0,A,A,0,No Deposit,6.0,0,Transient-Party,108.0,0,0
City Hotel,0,219,2015,September,36,4,0,1,2,0.0,0,HB,DEU,Offline TA/TO,TA/TO,0,0,0,A,D,0,No Deposit,6.0,0,Transient-Party,108.0,0,0
City Hotel,0,219,2015,September,36,4,0,1,2,0.0,0,HB,DEU,Offline TA/TO,TA/TO,0,0,0,A,D,0,No Deposit,6.0,0,Transient-Party,108.0,0,0
City Hotel,0,219,2015,September,36,4,0,1,2,0.0,0,HB,DEU,Offline TA/TO,TA/TO,0,0,0,A,D,0,No Deposit,6.0,0,Transient-Party,108.0,0,0
City Hotel,0,219,2015,September,36,4,0,1,2,0.0,0,HB,DEU,Offline TA/TO,TA/TO,0,0,0,A,D,0,No Deposit,6.0,0,Transient-Party,108.0,0,0
City Hotel,0,219,2015,September,36,4,0,1,2,0.0,0,HB,DEU,Offline TA/TO,TA/TO,0,0,0,A,A,0,No Deposit,6.0,0,Transient-Party,108.0,0,0
City Hotel,0,219,2015,September,36,4,0,1,2,0.0,0,HB,DEU,Offline TA/TO,TA/TO,0,0,0,A,A,0,No Deposit,6.0,0,Transient-Party,108.0,0,0
City Hotel,0,219,2015,September,36,4,0,1,2,0.0,0,HB,PRT,Offline TA/TO,TA/TO,0,0,0,A,A,0,No Deposit,6.0,0,Transient-Party,108.0,0,0
City Hotel,0,219,2015,September,36,4,0,1,2,0.0,0,HB,DEU,Offline TA/TO,TA/TO,0,0,0,A,A,0,No Deposit,6.0,0,Transient-Party,108.0,0,0
City Hotel,0,219,2015,September,36,4,0,1,2,0.0,0,HB,DEU,Offline TA/TO,TA/TO,0,0,0,A,A,0,No Deposit,6.0,0,Transient-Party,108.0,0,0
City Hotel,0,219,2015,September,36,4,0,1,2,0.0,0,HB,DEU,Offline TA/TO,TA/TO,0,0,0,A,A,0,No Deposit,6.0,0,Transient-Party,108.0,0,0
City Hotel,0,219,2015,September,36,4,0,1,2,0.0,0,HB,PRT,Offline TA/TO,TA/TO,0,0,0,A,A,0,No Deposit,6.0,0,Transient-Party,108.0,0,0
City Hotel,0,219,2015,September,36,4,0,1,2,0.0,0,HB,PRT,Offline TA/TO,TA/TO,0,0,0,A,B,0,No Deposit,6.0,0,Transient-Party,108.0,0,0
City Hotel,0,219,2015,September,36,4,0,1,2,0.0,0,HB,DEU,Offline TA/TO,TA/TO,0,0,0,A,D,0,No Deposit,6.0,0,Transient-Party,108.0,0,0
City Hotel,0,219,2015,September,36,4,0,1,2,0.0,0,HB,DEU,Offline TA/TO,TA/TO,0,0,0,A,D,0,No Deposit,6.0,0,Transient-Party,108.0,0,0
City Hotel,0,219,2015,September,36,4,0,1,2,0.0,0,HB,DEU,Offline TA/TO,TA/TO,0,0,0,A,D,3,No Deposit,6.0,0,Transient-Party,108.0,0,0
City Hotel,0,45,2015,September,36,3,0,2,2,0.0,0,BB,SWE,Online TA,TA/TO,0,0,0,A,A,0,No Deposit,9.0,0,Transient,94.5,0,1
City Hotel,0,1,2015,September,36,3,0,3,2,0.0,0,BB,ESP,Online TA,TA/TO,0,0,0,A,A,0,No Deposit,9.0,0,Contract,130.33,0,0
City Hotel,0,191,2015,September,36,2,0,4,2,0.0,0,BB,PRT,Online TA,TA/TO,0,0,0,A,A,0,No Deposit,9.0,0,Transient,93.5,0,1
City Hotel,0,0,2015,September,36,5,0,1,2,0.0,0,BB,PRT,Direct,Direct,0,0,0,A,A,0,No Deposit,,0,Transient,143.0,0,2
City Hotel,0,17,2015,September,36,3,0,3,2,0.0,0,BB,PRT,Direct,Direct,0,0,0,B,B,0,No Deposit,14.0,0,Transient,89.25,0,1
City Hotel,0,0,2015,September,36,5,1,1,2,0.0,0,BB,NOR,Online TA,TA/TO,0,0,0,A,A,0,No Deposit,9.0,0,Transient,147.5,0,0
City Hotel,0,0,2015,September,36,4,1,2,2,0.0,0,BB,DEU,Offline TA/TO,TA/TO,0,0,0,A,A,0,No Deposit,16.0,0,Transient,66.13,0,0
City Hotel,0,0,2015,September,37,7,1,0,2,0.0,0,BB,PRT,Groups,TA/TO,0,0,0,A,A,0,No Deposit,1.0,0,Transient,0.0,0,0
City Hotel,0,188,2015,September,37,6,2,0,2,0.0,0,BB,PRT,Online TA,TA/TO,0,0,0,A,E,0,No Deposit,9.0,0,Transient,102.5,1,1
City Hotel,0,31,2016,November,47,13,2,2,2,0.0,0,BB,PRT,Corporate,Corporate,1,0,2,A,A,1,No Deposit,,0,Transient,77.0,1,0
City Hotel,1,342,2015,September,39,24,2,4,2,0.0,0,BB,PRT,Groups,TA/TO,0,1,0,A,A,0,Non Refund,1.0,0,Transient,170.0,0,0
City Hotel,0,0,2015,September,39,22,0,1,2,0.0,0,BB,PRT,Complementary,Direct,1,0,2,A,F,1,No Deposit,,0,Transient,0.0,0,0
City Hotel,0,3,2015,October,42,12,1,1,2,0.0,0,BB,PRT,Complementary,Direct,1,0,3,G,G,1,No Deposit,,0,Transient,0.0,0,0
City Hotel,0,2,2015,October,43,21,0,1,2,0.0,0,BB,PRT,Complementary,Direct,1,0,4,G,G,0,No Deposit,,0,Transient,0.0,0,1
City Hotel,1,0,2015,October,44,28,0,2,2,0.0,0,BB,PRT,Complementary,Direct,1,0,5,A,F,0,No Deposit,,0,Transient,0.0,0,1
City Hotel,0,1,2015,November,46,12,0,1,2,0.0,0,BB,PRT,Complementary,Direct,1,1,6,A,F,0,No Deposit,,0,Transient,0.0,0,1
City Hotel,0,4,2015,December,50,11,0,1,2,0.0,0,BB,PRT,Complementary,Direct,1,2,7,G,G,0,No Deposit,45.0,0,Transient,0.0,0,1
City Hotel,0,0,2015,December,51,16,0,1,2,0.0,0,BB,PRT,Complementary,Direct,1,2,8,G,G,1,No Deposit,45.0,0,Transient,0.0,0,1
City Hotel,0,0,2016,January,2,7,0,1,2,0.0,0,BB,PRT,Complementary,Direct,1,2,9,A,F,0,No Deposit,45.0,0,Transient,0.0,0,1
City Hotel,0,0,2016,January,4,20,0,1,2,0.0,0,BB,PRT,Complementary,Direct,1,3,10,G,G,1,No Deposit,,0,Transient,0.0,0,1
City Hotel,0,0,2016,February,8,17,0,1,2,0.0,0,BB,PRT,Complementary,Direct,1,3,12,F,F,0,No Deposit,,0,Transient,0.0,0,1
City Hotel,0,0,2016,March,11,9,0,1,2,0.0,0,BB,PRT,Complementary,Direct,1,3,14,G,F,0,No Deposit,,0,Transient,0.0,0,1
City Hotel,0,9,2016,December,50,10,0,1,2,0.0,0,BB,PRT,Complementary,Direct,1,4,19,G,G,0,No Deposit,,0,Transient,0.0,0,1
City Hotel,0,0,2016,December,52,19,1,1,2,0.0,0,BB,PRT,Complementary,Direct,1,4,20,G,G,1,No Deposit,,0,Transient,0.0,0,2
City Hotel,1,343,2015,September,39,25,2,3,2,0.0,0,BB,PRT,Groups,TA/TO,0,1,0,A,A,1,Non Refund,1.0,0,Transient,170.0,0,0
City Hotel,1,343,2015,September,39,25,2,3,2,0.0,0,BB,PRT,Groups,TA/TO,0,1,0,A,A,1,Non Refund,1.0,0,Transient,170.0,0,0
City Hotel,1,343,2015,September,39,25,2,3,2,0.0,0,BB,PRT,Groups,TA/TO,0,1,0,A,A,1,Non Refund,1.0,0,Transient,170.0,0,0
City Hotel,1,343,2015,September,39,25,2,3,2,0.0,0,BB,PRT,Groups,TA/TO,0,1,0,A,A,2,Non Refund,1.0,0,Transient,170.0,0,0
City Hotel,0,209,2015,September,37,6,2,2,2,0.0,0,BB,DEU,Online TA,TA/TO,0,0,0,A,E,0,No Deposit,10.0,0,Transient,89.2,0,0
City Hotel,1,0,2015,September,37,10,0,1,2,0.0,0,BB,PRT,Corporate,Direct,1,0,0,A,D,0,No Deposit,71.0,0,Group,152.0,0,0
City Hotel,0,0,2015,September,37,10,0,1,2,0.0,0,BB,ITA,Direct,Direct,0,0,0,A,A,0,No Deposit,,0,Transient,152.0,0,0
City Hotel,1,40,2015,October,40,3,1,1,2,0.0,0,BB,PRT,Direct,Direct,0,1,0,A,A,0,No Deposit,,0,Transient,117.67,0,1
City Hotel,0,12,2015,September,37,7,1,3,2,0.0,0,BB,DEU,Online TA,TA/TO,0,0,0,D,D,0,No Deposit,7.0,0,Group,77.57,0,1
City Hotel,0,0,2015,September,37,10,0,1,2,0.0,0,BB,PRT,Direct,Direct,0,0,0,A,D,0,No Deposit,,0,Transient,114.0,0,0
City Hotel,0,4,2015,September,37,8,0,4,2,0.0,0,BB,DEU,Online TA,TA/TO,0,0,0,A,A,0,No Deposit,9.0,0,Contract,124.0,0,1
City Hotel,1,56,2015,November,45,6,1,2,2,0.0,0,BB,PRT,Online TA,TA/TO,0,1,0,A,A,0,No Deposit,9.0,0,Contract,110.7,0,1
City Hotel,0,1,2015,September,37,10,0,2,2,0.0,0,BB,FRA,Direct,Direct,0,0,0,A,A,0,No Deposit,,0,Transient,124.0,0,0
City Hotel,1,34,2015,October,42,15,0,3,2,0.0,0,BB,PRT,Online TA,TA/TO,0,1,0,A,A,0,No Deposit,9.0,0,Transient,108.9,0,0
City Hotel,0,0,2015,September,37,10,0,2,2,0.0,0,BB,PRT,Direct,Direct,0,0,0,A,A,1,No Deposit,,0,Transient,152.0,0,0
City Hotel,0,195,2015,September,37,7,1,5,2,0.0,0,BB,FRA,Online TA,TA/TO,0,0,0,A,A,1,No Deposit,9.0,0,Transient,89.25,0,1
City Hotel,0,3,2015,September,37,12,0,1,2,0.0,0,BB,PRT,Complementary,Direct,0,0,0,B,B,0,No Deposit,,0,Transient,0.0,0,1
City Hotel,0,3,2015,September,37,12,0,1,2,0.0,0,BB,PRT,Complementary,Direct,0,0,0,B,B,0,No Deposit,,0,Transient,0.0,0,0
City Hotel,0,8,2015,September,37,9,0,4,2,0.0,0,BB,DEU,Offline TA/TO,TA/TO,0,0,0,A,A,0,No Deposit,27.0,0,Transient,54.75,0,0
City Hotel,0,0,2015,September,37,11,0,2,2,0.0,0,BB,PRT,Direct,Direct,0,0,0,A,A,0,No Deposit,,0,Transient,114.0,1,0
City Hotel,0,0,2015,September,37,11,0,2,2,0.0,0,BB,PRT,Direct,Direct,0,0,0,E,E,1,No Deposit,,0,Transient,147.0,0,0
City Hotel,0,1,2015,September,38,13,1,0,2,0.0,0,SC,FRA,Online TA,TA/TO,0,0,0,A,A,1,No Deposit,9.0,0,Transient,114.0,0,0
City Hotel,0,3,2015,September,38,13,1,0,2,0.0,0,BB,NLD,Online TA,TA/TO,0,0,0,A,A,0,No Deposit,9.0,0,Contract,126.0,0,1
City Hotel,0,0,2015,September,38,13,1,0,2,0.0,0,BB,PRT,Direct,Direct,0,0,0,A,A,0,No Deposit,,0,Transient,114.0,0,0
City Hotel,0,0,2015,September,38,13,1,0,2,0.0,0,BB,PRT,Online TA,TA/TO,0,0,0,A,A,0,No Deposit,9.0,0,Contract,114.0,0,0
City Hotel,1,28,2015,October,41,8,0,2,2,0.0,0,BB,PRT,Online TA,TA/TO,0,1,0,A,A,0,No Deposit,9.0,0,Contract,113.3,0,1
City Hotel,0,0,2015,September,37,12,1,1,2,0.0,0,BB,ITA,Online TA,TA/TO,0,0,0,A,A,0,No Deposit,9.0,0,Transient,126.0,0,0
City Hotel,0,5,2015,September,37,7,2,5,2,0.0,0,BB,GBR,Direct,Direct,0,0,0,A,A,0,No Deposit,14.0,0,Transient,114.43,0,0
City Hotel,0,256,2015,September,38,14,0,0,2,0.0,0,BB,PRT,Offline TA/TO,TA/TO,0,0,0,A,D,2,No Deposit,4.0,0,Transient-Party,0.0,0,0
City Hotel,1,5,2015,September,38,17,1,3,2,0.0,0,BB,PRT,Online TA,TA/TO,0,1,0,D,D,0,No Deposit,9.0,0,Transient,155.0,0,1
City Hotel,1,5,2015,September,38,17,0,1,2,0.0,0,BB,PRT,Online TA,TA/TO,0,1,0,D,D,0,No Deposit,9.0,0,Transient,174.0,0,2
City Hotel,1,5,2015,September,38,17,0,1,2,0.0,0,BB,PRT,Online TA,TA/TO,0,1,0,A,A,0,No Deposit,9.0,0,Transient,164.0,0,1
City Hotel,1,8,2015,September,39,22,0,2,2,0.0,0,BB,PRT,Online TA,TA/TO,0,1,0,D,D,1,No Deposit,9.0,0,Contract,136.0,0,1
City Hotel,1,31,2015,October,42,15,0,3,2,0.0,0,BB,PRT,Online TA,TA/TO,0,1,0,D,D,0,No Deposit,9.0,0,Transient,111.0,0,1
City Hotel,0,0,2015,September,38,14,1,0,2,0.0,0,BB,ESP,Offline TA/TO,TA/TO,0,0,0,A,A,0,No Deposit,13.0,0,Contract,111.2,0,0
City Hotel,0,3,2015,September,38,14,1,0,2,0.0,0,BB,PRT,Online TA,TA/TO,0,0,0,A,A,0,No Deposit,9.0,0,Contract,126.0,0,1
City Hotel,0,2,2015,September,37,12,2,1,2,0.0,0,BB,NLD,Online TA,TA/TO,0,0,0,A,D,0,No Deposit,9.0,0,Contract,138.67,0,1
City Hotel,0,327,2015,September,37,9,2,4,2,0.0,0,HB,PRT,Offline TA/TO,TA/TO,0,0,0,A,A,0,No Deposit,21.0,0,Transient-Party,88.0,0,0
City Hotel,0,327,2015,September,37,9,2,4,2,0.0,0,HB,PRT,Offline TA/TO,TA/TO,0,0,0,A,A,0,No Deposit,21.0,0,Transient-Party,88.0,0,1
City Hotel,0,327,2015,September,37,9,2,4,2,0.0,0,HB,PRT,Offline TA/TO,TA/TO,0,0,0,A,A,0,No Deposit,21.0,0,Transient-Party,88.0,0,0
City Hotel,0,327,2015,September,37,9,2,4,2,0.0,0,HB,PRT,Offline TA/TO,TA/TO,0,0,0,A,A,0,No Deposit,21.0,0,Transient-Party,88.0,0,0
City Hotel,0,327,2015,September,37,9,2,4,2,0.0,0,HB,PRT,Offline TA/TO,TA/TO,0,0,0,A,A,0,No Deposit,21.0,0,Transient-Party,88.0,0,0
City Hotel,0,190,2015,September,37,8,2,5,2,0.0,0,BB,NLD,Online TA,TA/TO,0,0,0,A,A,0,No Deposit,9.0,0,Transient,93.5,0,1
City Hotel,0,327,2015,September,37,9,2,4,2,0.0,0,HB,PRT,Offline TA/TO,TA/TO,0,0,0,A,A,0,No Deposit,21.0,0,Transient-Party,88.0,0,0
City Hotel,0,0,2015,September,38,14,1,0,2,0.0,0,BB,PRT,Direct,Direct,0,0,0,A,A,1,No Deposit,,0,Transient,133.0,0,0
City Hotel,0,327,2015,September,37,9,2,4,2,0.0,0,HB,PRT,Offline TA/TO,TA/TO,0,0,0,A,A,0,No Deposit,21.0,0,Transient-Party,88.0,0,0
City Hotel,1,69,2015,November,47,19,1,3,2,0.0,0,HB,PRT,Offline TA/TO,TA/TO,0,1,0,A,A,0,No Deposit,28.0,0,Transient,98.0,0,0
City Hotel,0,327,2015,September,37,9,2,4,2,0.0,0,HB,PRT,Offline TA/TO,TA/TO,0,0,0,A,A,0,No Deposit,21.0,0,Transient-Party,88.0,0,0
City Hotel,0,327,2015,September,37,9,2,4,2,0.0,0,HB,PRT,Offline TA/TO,TA/TO,0,0,0,A,A,0,No Deposit,21.0,0,Transient-Party,88.0,0,1
City Hotel,1,6,2015,September,38,18,0,2,2,0.0,0,BB,PRT,Online TA,TA/TO,0,1,0,D,D,0,No Deposit,9.0,0,Transient,155.0,0,1
City Hotel,1,10,2015,September,39,21,3,6,2,0.0,0,BB,PRT,Online TA,TA/TO,0,1,0,A,A,0,No Deposit,7.0,0,Transient,138.66,0,1
City Hotel,1,7,2015,September,39,21,1,3,2,0.0,0,BB,PRT,Online TA,TA/TO,0,1,0,A,A,0,No Deposit,7.0,0,Transient,92.17,0,1
City Hotel,0,327,2015,September,37,9,2,4,2,0.0,0,HB,PRT,Offline TA/TO,TA/TO,0,0,0,A,A,0,No Deposit,21.0,0,Transient-Party,88.0,0,0
City Hotel,1,6,2015,September,39,20,2,0,2,0.0,0,BB,PRT,Corporate,Corporate,0,1,0,A,A,0,No Deposit,78.0,0,Transient,0.0,0,0
City Hotel,1,6,2015,September,39,20,2,0,2,0.0,0,BB,PRT,Corporate,Corporate,0,1,0,A,A,0,Non Refund,78.0,0,Transient,100.0,0,0
City Hotel,1,6,2015,September,39,20,2,0,2,0.0,0,BB,PRT,Corporate,Corporate,0,1,0,A,A,0,Non Refund,78.0,0,Transient,100.0,0,0
City Hotel,1,6,2015,September,39,20,2,0,2,0.0,0,BB,PRT,Corporate,Corporate,0,1,0,A,A,0,Non Refund,78.0,0,Transient,100.0,0,0
City Hotel,1,6,2015,September,39,20,2,0,2,0.0,0,BB,PRT,Corporate,Corporate,0,1,0,A,A,0,Non Refund,78.0,0,Transient,100.0,0,0
City Hotel,1,6,2015,September,39,20,2,0,2,0.0,0,BB,PRT,Corporate,Corporate,0,1,0,A,A,0,Non Refund,78.0,0,Transient,100.0,0,0
City Hotel,1,6,2015,September,39,20,2,0,2,0.0,0,BB,PRT,Corporate,Corporate,0,1,0,A,A,0,Non Refund,78.0,0,Transient,100.0,0,0
City Hotel,1,6,2015,September,39,20,2,0,2,0.0,0,BB,PRT,Corporate,Corporate,0,1,0,A,A,0,Non Refund,78.0,0,Transient,100.0,0,0
City Hotel,1,6,2015,September,39,20,2,0,2,0.0,0,BB,PRT,Corporate,Corporate,0,1,0,A,A,0,Non Refund,78.0,0,Transient,100.0,0,0
City Hotel,1,6,2015,September,39,20,2,0,2,0.0,0,BB,PRT,Corporate,Corporate,0,1,0,A,A,0,Non Refund,78.0,0,Transient,100.0,0,0
City Hotel,1,6,2015,September,39,20,2,0,2,0.0,0,BB,PRT,Corporate,Corporate,0,1,0,A,A,0,Non Refund,78.0,0,Transient,100.0,0,0
City Hotel,1,6,2015,September,39,20,2,0,2,0.0,0,BB,PRT,Corporate,Corporate,0,1,0,A,A,0,Non Refund,78.0,0,Transient,100.0,0,0
City Hotel,1,5,2015,September,39,20,2,0,2,0.0,0,BB,PRT,Corporate,Corporate,1,1,0,A,A,0,Non Refund,78.0,0,Transient,100.0,0,0
City Hotel,1,5,2015,September,39,20,2,0,2,0.0,0,BB,PRT,Corporate,Corporate,1,1,0,A,A,0,Non Refund,78.0,0,Transient,100.0,0,0
City Hotel,1,5,2015,September,39,20,2,0,2,0.0,0,BB,PRT,Corporate,Corporate,1,1,0,A,A,0,Non Refund,78.0,0,Transient,100.0,0,0
City Hotel,1,5,2015,September,39,20,2,0,2,0.0,0,BB,PRT,Corporate,Corporate,1,1,0,A,A,0,Non Refund,78.0,0,Transient,100.0,0,0
City Hotel,1,5,2015,September,39,20,2,0,2,0.0,0,BB,PRT,Corporate,Corporate,1,1,0,A,A,0,Non Refund,78.0,0,Transient,100.0,0,0
City Hotel,1,5,2015,September,39,20,2,0,2,0.0,0,BB,PRT,Corporate,Corporate,1,1,0,A,A,0,Non Refund,78.0,0,Transient,100.0,0,0
City Hotel,1,5,2015,September,39,20,2,0,2,0.0,0,BB,PRT,Corporate,Corporate,1,1,0,A,A,0,Non Refund,78.0,0,Transient,100.0,0,0
City Hotel,1,5,2015,September,39,20,2,0,2,0.0,0,BB,PRT,Corporate,Corporate,1,1,0,A,A,0,Non Refund,78.0,0,Transient,100.0,0,0
City Hotel,1,5,2015,September,39,20,2,0,2,0.0,0,BB,PRT,Corporate,Corporate,1,1,0,A,A,0,Non Refund,78.0,0,Transient,100.0,0,0
City Hotel,1,5,2015,September,39,20,2,0,2,0.0,0,BB,PRT,Corporate,Corporate,1,1,0,A,A,0,Non Refund,78.0,0,Transient,100.0,0,0
City Hotel,1,5,2015,September,39,20,2,0,2,0.0,0,BB,PRT,Corporate,Corporate,1,1,0,A,A,0,Non Refund,78.0,0,Transient,100.0,0,0
City Hotel,1,5,2015,September,39,20,2,0,2,0.0,0,BB,PRT,Corporate,Corporate,1,1,0,A,A,0,Non Refund,78.0,0,Transient,100.0,0,0
City Hotel,0,1,2015,September,37,11,2,3,2,0.0,0,BB,KAZ,Online TA,TA/TO,0,0,0,A,A,0,No Deposit,9.0,0,Contract,148.8,0,1
City Hotel,0,0,2015,September,38,15,0,1,2,0.0,0,BB,PRT,Corporate,Corporate,0,0,0,A,A,0,No Deposit,,0,Transient,145.0,0,1
City Hotel,1,37,2015,October,43,18,2,2,2,0.0,0,BB,PRT,Online TA,TA/TO,0,1,0,A,A,0,No Deposit,9.0,0,Contract,103.5,0,2
City Hotel,1,37,2015,October,43,18,2,2,2,0.0,0,BB,PRT,Online TA,TA/TO,0,1,0,A,A,0,No Deposit,9.0,0,Contract,103.5,0,2
City Hotel,0,0,2015,September,38,14,1,1,2,0.0,0,BB,FRA,Direct,Direct,0,0,0,D,D,0,No Deposit,14.0,0,Transient,145.0,0,0
City Hotel,1,49,2015,October,44,31,2,5,2,0.0,0,BB,PRT,Online TA,TA/TO,0,1,0,D,D,0,No Deposit,9.0,0,Transient,102.99,0,2
City Hotel,0,0,2015,September,38,15,0,1,2,0.0,0,BB,AGO,Online TA,TA/TO,0,0,0,D,D,0,No Deposit,9.0,0,Contract,155.0,0,2
City Hotel,1,80,2015,December,49,4,2,2,2,0.0,0,BB,PRT,Online TA,TA/TO,0,1,0,A,A,1,No Deposit,10.0,0,Transient,110.2,0,0
City Hotel,1,43,2015,October,43,23,2,3,2,0.0,0,BB,PRT,Online TA,TA/TO,0,1,0,A,A,0,No Deposit,9.0,0,Contract,105.12,0,2
City Hotel,0,0,2015,September,38,15,0,1,2,0.0,0,BB,PRT,Direct,Direct,0,0,0,A,A,0,No Deposit,,0,Transient,133.0,0,0
City Hotel,1,35,2015,October,42,17,1,1,2,0.0,0,BB,PRT,Online TA,TA/TO,0,1,0,A,A,0,No Deposit,9.0,0,Transient,107.55,0,2
City Hotel,1,4,2015,September,39,20,2,3,2,0.0,0,SC,PRT,Online TA,TA/TO,1,1,0,A,A,0,No Deposit,8.0,0,Transient,133.0,0,1
City Hotel,1,9,2015,September,39,24,0,3,2,0.0,0,BB,PRT,Direct,Direct,0,1,0,A,A,0,No Deposit,14.0,0,Transient,171.33,0,1
City Hotel,1,9,2015,September,39,24,0,3,2,0.0,0,BB,PRT,Direct,Direct,0,1,0,A,A,0,No Deposit,14.0,0,Transient,171.33,0,1
City Hotel,1,4,2015,September,38,16,0,3,2,0.0,0,BB,PRT,Direct,Direct,0,0,0,D,D,0,No Deposit,,0,Transient,147.6,0,1
City Hotel,0,256,2015,September,38,14,1,2,2,0.0,0,BB,SWE,Offline TA/TO,TA/TO,0,0,0,A,A,0,No Deposit,4.0,0,Transient-Party,76.67,0,0
City Hotel,0,256,2015,September,38,14,1,2,2,0.0,0,BB,PRT,Offline TA/TO,TA/TO,0,0,0,A,A,0,No Deposit,4.0,0,Transient-Party,76.67,0,0
City Hotel,0,256,2015,September,38,14,1,2,2,0.0,0,BB,SWE,Offline TA/TO,TA/TO,0,0,0,A,D,0,No Deposit,4.0,0,Transient-Party,76.67,0,0
City Hotel,0,256,2015,September,38,14,1,2,2,0.0,0,BB,SWE,Offline TA/TO,TA/TO,0,0,0,A,D,0,No Deposit,4.0,0,Transient-Party,76.67,0,0
City Hotel,0,256,2015,September,38,14,1,2,2,0.0,0,BB,PRT,Offline TA/TO,TA/TO,0,0,0,A,A,0,No Deposit,4.0,0,Transient-Party,76.67,0,0
City Hotel,0,256,2015,September,38,14,1,2,2,0.0,0,BB,SWE,Offline TA/TO,TA/TO,0,0,0,A,D,0,No Deposit,4.0,0,Transient-Party,76.67,0,0
City Hotel,0,256,2015,September,38,14,1,2,2,0.0,0,BB,SWE,Offline TA/TO,TA/TO,0,0,0,A,A,0,No Deposit,4.0,0,Transient-Party,76.67,0,0
City Hotel,0,256,2015,September,38,14,1,2,2,0.0,0,BB,SWE,Offline TA/TO,TA/TO,0,0,0,A,D,0,No Deposit,4.0,0,Transient-Party,76.67,0,0
City Hotel,0,256,2015,September,38,14,1,2,2,0.0,0,BB,SWE,Offline TA/TO,TA/TO,0,0,0,A,A,0,No Deposit,4.0,0,Transient-Party,76.67,0,0
City Hotel,0,256,2015,September,38,14,1,2,2,0.0,0,BB,SWE,Offline TA/TO,TA/TO,0,0,0,A,D,0,No Deposit,4.0,0,Transient-Party,76.67,0,0
City Hotel,0,256,2015,September,38,14,1,2,2,0.0,0,BB,SWE,Offline TA/TO,TA/TO,0,0,0,A,D,0,No Deposit,4.0,0,Transient-Party,76.67,0,0
City Hotel,0,1,2015,September,38,14,1,2,2,0.0,0,BB,PRT,Offline TA/TO,TA/TO,0,0,0,A,A,0,No Deposit,6.0,0,Transient-Party,90.0,0,0
City Hotel,0,2,2016,January,3,13,0,1,2,0.0,0,BB,PRT,Corporate,Corporate,1,0,2,A,D,0,No Deposit,,0,Transient,42.0,0,1
City Hotel,0,0,2015,September,38,16,0,1,2,0.0,0,BB,PRT,Online TA,TA/TO,0,0,0,A,E,0,No Deposit,9.0,0,Transient,200.0,0,0
City Hotel,0,1,2015,September,38,15,0,2,2,0.0,0,BB,CHN,Online TA,TA/TO,0,0,0,D,D,0,No Deposit,9.0,0,Transient,164.5,0,1
City Hotel,0,2,2015,September,38,14,1,2,2,0.0,0,BB,LBN,Online TA,TA/TO,0,0,0,A,A,0,No Deposit,9.0,0,Transient,138.67,0,1
City Hotel,0,237,2015,September,38,14,1,2,2,0.0,0,BB,DEU,Online TA,TA/TO,0,0,0,A,A,0,No Deposit,9.0,0,Transient-Party,89.25,0,0
City Hotel,0,237,2015,September,38,14,1,2,2,0.0,0,BB,DEU,Online TA,TA/TO,0,0,0,A,D,0,No Deposit,9.0,0,Transient-Party,89.25,0,0
City Hotel,1,15,2015,October,40,1,0,3,2,0.0,0,BB,PRT,Online TA,TA/TO,0,1,0,D,D,0,No Deposit,9.0,0,Contract,123.33,0,1
City Hotel,0,237,2015,September,38,14,1,2,2,0.0,0,BB,DEU,Online TA,TA/TO,0,0,0,A,D,0,No Deposit,9.0,0,Transient-Party,89.25,0,0
City Hotel,0,237,2015,September,38,14,1,2,2,0.0,0,BB,DEU,Online TA,TA/TO,0,0,0,A,A,0,No Deposit,9.0,0,Transient-Party,89.25,0,0
City Hotel,1,32,2015,October,43,18,2,2,2,0.0,0,BB,PRT,Online TA,TA/TO,0,1,0,A,A,0,No Deposit,9.0,0,Contract,96.3,0,2
City Hotel,1,32,2015,October,43,18,2,2,2,0.0,0,BB,PRT,Online TA,TA/TO,0,1,0,A,A,0,No Deposit,9.0,0,Contract,96.3,0,2
City Hotel,1,105,2015,December,53,29,0,4,2,0.0,0,BB,PRT,Online TA,TA/TO,0,1,0,A,A,0,No Deposit,8.0,0,Transient,85.0,0,2
City Hotel,0,0,2015,September,38,16,0,1,2,0.0,0,BB,PRT,Online TA,TA/TO,0,0,0,A,F,0,No Deposit,9.0,0,Transient,200.0,0,0
City Hotel,0,256,2015,September,38,14,1,2,2,0.0,0,BB,SWE,Offline TA/TO,TA/TO,0,0,0,A,A,0,No Deposit,4.0,0,Transient-Party,76.67,0,0
City Hotel,1,0,2015,September,38,17,0,1,2,0.0,0,BB,PRT,Direct,Direct,1,0,0,A,A,0,No Deposit,,0,Transient,62.8,0,0
City Hotel,1,0,2015,September,38,17,0,1,2,0.0,0,BB,PRT,Direct,Direct,1,0,0,A,A,0,No Deposit,,0,Transient,62.8,0,0
City Hotel,0,65,2016,February,7,11,2,4,2,0.0,0,BB,FRA,Direct,Direct,1,13,0,D,D,1,No Deposit,,0,Transient,79.02,0,0
City Hotel,1,190,2016,April,15,9,1,1,2,0.0,0,BB,PRT,Groups,TA/TO,1,13,1,A,A,0,No Deposit,,31,Transient-Party,70.0,0,0
City Hotel,1,190,2016,April,15,9,1,1,2,0.0,0,BB,PRT,Offline TA/TO,TA/TO,1,13,1,A,A,0,No Deposit,3.0,31,Transient-Party,70.0,0,0
City Hotel,1,190,2016,April,15,9,1,1,2,0.0,0,BB,PRT,Offline TA/TO,TA/TO,1,13,1,A,A,0,No Deposit,3.0,31,Transient-Party,70.0,0,0
City Hotel,1,190,2016,April,15,9,1,1,2,0.0,0,BB,PRT,Offline TA/TO,TA/TO,1,13,1,A,A,0,No Deposit,3.0,31,Transient-Party,70.0,0,0
City Hotel,1,190,2016,April,15,9,1,1,2,0.0,0,BB,PRT,Groups,TA/TO,1,13,1,A,A,0,No Deposit,,31,Transient-Party,70.0,0,0
City Hotel,1,190,2016,April,15,9,1,1,2,0.0,0,BB,PRT,Offline TA/TO,TA/TO,1,13,1,A,A,0,No Deposit,3.0,31,Transient-Party,70.0,0,0
City Hotel,1,190,2016,April,15,9,1,1,2,0.0,0,BB,PRT,Groups,TA/TO,1,13,1,A,A,0,No Deposit,,31,Transient-Party,70.0,0,0
City Hotel,1,190,2016,April,15,9,1,1,2,0.0,0,BB,PRT,Groups,TA/TO,1,13,1,A,A,0,No Deposit,,31,Transient-Party,70.0,0,0
City Hotel,1,190,2016,April,15,9,1,1,2,0.0,0,BB,PRT,Groups,TA/TO,1,13,1,A,A,0,No Deposit,,31,Transient-Party,70.0,0,0
City Hotel,1,190,2016,April,15,9,1,1,2,0.0,0,BB,PRT,Groups,TA/TO,1,13,1,A,A,0,No Deposit,,31,Transient-Party,70.0,0,0
City Hotel,1,191,2016,April,16,10,2,0,2,0.0,0,BB,PRT,Groups,TA/TO,1,13,1,A,A,0,No Deposit,,31,Transient-Party,12.0,0,0
City Hotel,1,19,2015,October,41,6,0,3,2,0.0,0,BB,PRT,Offline TA/TO,TA/TO,1,1,0,A,A,0,Non Refund,82.0,0,Transient,90.0,0,0
City Hotel,1,19,2015,October,41,6,0,3,2,0.0,0,BB,PRT,Offline TA/TO,TA/TO,1,1,0,A,A,0,Non Refund,82.0,0,Transient,90.0,0,0
City Hotel,1,19,2015,October,41,6,0,3,2,0.0,0,BB,PRT,Offline TA/TO,TA/TO,1,1,0,A,A,0,Non Refund,82.0,0,Transient,90.0,0,0
City Hotel,1,19,2015,October,41,6,0,3,2,0.0,0,BB,PRT,Offline TA/TO,TA/TO,1,1,0,A,A,0,Non Refund,82.0,0,Transient,90.0,0,0
City Hotel,1,19,2015,October,41,6,0,3,2,0.0,0,BB,PRT,Offline TA/TO,TA/TO,1,1,0,A,A,0,Non Refund,82.0,0,Transient,90.0,0,0
City Hotel,1,19,2015,October,41,6,0,3,2,0.0,0,BB,PRT,Offline TA/TO,TA/TO,1,1,0,A,A,0,Non Refund,82.0,0,Transient,90.0,0,0
City Hotel,1,19,2015,October,41,6,0,3,2,0.0,0,BB,PRT,Offline TA/TO,TA/TO,1,1,0,A,A,0,Non Refund,82.0,0,Transient,90.0,0,0
City Hotel,1,19,2015,October,41,6,0,3,2,0.0,0,BB,PRT,Offline TA/TO,TA/TO,1,1,0,A,A,0,Non Refund,82.0,0,Transient,90.0,0,0
City Hotel,1,19,2015,October,41,6,0,3,2,0.0,0,BB,PRT,Offline TA/TO,TA/TO,1,1,0,A,A,0,Non Refund,82.0,0,Transient,90.0,0,0
City Hotel,1,19,2015,October,41,6,0,3,2,0.0,0,BB,PRT,Offline TA/TO,TA/TO,1,1,0,A,A,0,Non Refund,82.0,0,Transient,90.0,0,0
City Hotel,1,19,2015,October,41,6,0,3,2,0.0,0,BB,PRT,Offline TA/TO,TA/TO,1,1,0,A,A,0,Non Refund,82.0,0,Transient,90.0,0,0
City Hotel,1,19,2015,October,41,6,0,3,2,0.0,0,BB,PRT,Offline TA/TO,TA/TO,1,1,0,A,A,0,Non Refund,82.0,0,Transient,90.0,0,0
City Hotel,1,19,2015,October,41,6,0,3,2,0.0,0,BB,PRT,Offline TA/TO,TA/TO,1,1,0,A,A,0,Non Refund,82.0,0,Transient,90.0,0,0
City Hotel,1,19,2015,October,41,6,0,3,2,0.0,0,BB,PRT,Offline TA/TO,TA/TO,1,1,0,A,A,0,Non Refund,82.0,0,Transient,90.0,0,0
City Hotel,1,19,2015,October,41,6,0,3,2,0.0,0,BB,PRT,Offline TA/TO,TA/TO,1,1,0,A,A,0,Non Refund,82.0,0,Transient,90.0,0,0
City Hotel,1,19,2015,October,41,6,0,3,2,0.0,0,BB,PRT,Offline TA/TO,TA/TO,1,1,0,A,A,0,Non Refund,82.0,0,Transient,90.0,0,0
City Hotel,1,19,2015,October,41,6,0,3,2,0.0,0,BB,PRT,Offline TA/TO,TA/TO,1,1,0,A,A,0,Non Refund,82.0,0,Transient,90.0,0,0
City Hotel,1,19,2015,October,41,6,0,3,2,0.0,0,BB,PRT,Offline TA/TO,TA/TO,1,1,0,A,A,0,Non Refund,82.0,0,Transient,90.0,0,0
City Hotel,1,19,2015,October,41,6,0,3,2,0.0,0,BB,PRT,Offline TA/TO,TA/TO,1,1,0,A,A,0,Non Refund,82.0,0,Transient,90.0,0,0
City Hotel,1,19,2015,October,41,6,0,3,2,0.0,0,BB,PRT,Offline TA/TO,TA/TO,1,1,0,A,A,0,Non Refund,82.0,0,Transient,90.0,0,0
City Hotel,1,19,2015,October,41,6,0,3,2,0.0,0,BB,PRT,Offline TA/TO,TA/TO,1,1,0,A,A,0,Non Refund,82.0,0,Transient,90.0,0,0
City Hotel,1,19,2015,October,41,6,0,3,2,0.0,0,BB,PRT,Offline TA/TO,TA/TO,1,1,0,A,A,0,Non Refund,82.0,0,Transient,90.0,0,0
City Hotel,1,19,2015,October,41,6,0,3,2,0.0,0,BB,PRT,Offline TA/TO,TA/TO,1,1,0,A,A,0,Non Refund,82.0,0,Transient,90.0,0,0
City Hotel,1,19,2015,October,41,6,0,3,2,0.0,0,BB,PRT,Offline TA/TO,TA/TO,1,1,0,A,A,0,Non Refund,82.0,0,Transient,90.0,0,0
City Hotel,0,19,2015,October,41,6,0,3,2,0.0,0,BB,PRT,Offline TA/TO,TA/TO,1,0,0,A,A,0,No Deposit,82.0,0,Transient-Party,90.0,0,0
City Hotel,0,19,2015,October,41,6,0,3,2,0.0,0,BB,PRT,Offline TA/TO,TA/TO,1,0,0,A,A,0,No Deposit,82.0,0,Transient-Party,90.0,0,1
City Hotel,0,19,2015,October,41,6,0,3,2,0.0,0,BB,PRT,Offline TA/TO,TA/TO,1,0,0,A,A,0,No Deposit,82.0,0,Transient-Party,90.0,0,0
City Hotel,0,19,2015,October,41,6,0,3,2,0.0,0,BB,PRT,Offline TA/TO,TA/TO,1,0,0,A,A,0,No Deposit,82.0,0,Transient-Party,90.0,0,0
City Hotel,0,19,2015,October,41,6,0,3,2,0.0,0,BB,PRT,Offline TA/TO,TA/TO,1,0,0,A,A,0,No Deposit,82.0,0,Transient-Party,90.0,0,1
City Hotel,0,19,2015,October,41,6,0,3,2,0.0,0,BB,TUR,Offline TA/TO,TA/TO,1,0,0,A,A,0,No Deposit,82.0,0,Transient-Party,90.0,0,0
City Hotel,0,19,2015,October,41,6,0,3,2,0.0,0,BB,TUR,Offline TA/TO,TA/TO,1,0,0,A,A,0,No Deposit,82.0,0,Transient-Party,90.0,0,1
City Hotel,0,19,2015,October,41,6,0,3,2,0.0,0,BB,PRT,Offline TA/TO,TA/TO,1,0,0,A,A,0,No Deposit,82.0,0,Transient-Party,90.0,0,1
City Hotel,0,19,2015,October,41,6,0,3,2,0.0,0,BB,TUR,Offline TA/TO,TA/TO,1,0,0,A,A,0,No Deposit,82.0,0,Transient-Party,90.0,0,0
City Hotel,0,19,2015,October,41,6,0,3,2,0.0,0,BB,TUR,Offline TA/TO,TA/TO,1,0,0,A,A,0,No Deposit,82.0,0,Transient-Party,90.0,0,1
City Hotel,0,19,2015,October,41,6,0,3,2,0.0,0,BB,TUR,Offline TA/TO,TA/TO,1,0,0,A,A,0,No Deposit,82.0,0,Transient-Party,90.0,0,0
City Hotel,0,19,2015,October,41,6,0,3,2,0.0,0,BB,PRT,Offline TA/TO,TA/TO,1,0,0,A,A,0,No Deposit,82.0,0,Transient-Party,90.0,0,0
City Hotel,0,19,2015,October,41,6,0,3,2,0.0,0,BB,PRT,Offline TA/TO,TA/TO,1,0,0,A,A,2,No Deposit,82.0,0,Transient-Party,90.0,0,1
City Hotel,0,19,2015,October,41,6,0,3,2,0.0,0,BB,PRT,Offline TA/TO,TA/TO,1,0,0,A,D,0,No Deposit,82.0,0,Transient-Party,90.0,0,0
City Hotel,0,19,2015,October,41,6,0,3,2,0.0,0,BB,TUR,Offline TA/TO,TA/TO,1,0,0,A,A,0,No Deposit,82.0,0,Transient-Party,90.0,0,1
City Hotel,0,19,2015,October,41,6,0,3,2,0.0,0,BB,TUR,Offline TA/TO,TA/TO,1,0,0,A,D,0,No Deposit,82.0,0,Transient-Party,90.0,0,0
City Hotel,0,19,2015,October,41,6,0,3,2,0.0,0,BB,TUR,Offline TA/TO,TA/TO,1,0,0,A,A,0,No Deposit,82.0,0,Transient-Party,90.0,0,1
City Hotel,0,19,2015,October,41,6,0,3,2,0.0,0,BB,PRT,Offline TA/TO,TA/TO,1,0,0,A,A,0,No Deposit,82.0,0,Transient-Party,90.0,0,0
City Hotel,0,19,2015,October,41,6,0,3,2,0.0,0,BB,PRT,Offline TA/TO,TA/TO,1,0,0,A,A,0,No Deposit,82.0,0,Transient-Party,90.0,0,0
City Hotel,0,19,2015,October,41,6,0,3,2,0.0,0,BB,PRT,Offline TA/TO,TA/TO,1,0,0,A,A,0,No Deposit,82.0,0,Transient-Party,90.0,0,1
City Hotel,0,19,2015,October,41,6,0,3,2,0.0,0,BB,PRT,Offline TA/TO,TA/TO,1,0,0,A,A,0,No Deposit,82.0,0,Transient-Party,90.0,0,0
City Hotel,0,19,2015,October,41,6,0,3,2,0.0,0,BB,PRT,Offline TA/TO,TA/TO,1,0,0,A,A,0,No Deposit,82.0,0,Transient-Party,90.0,0,0
City Hotel,0,19,2015,October,41,6,0,3,2,0.0,0,BB,PRT,Offline TA/TO,TA/TO,1,0,0,A,A,0,No Deposit,82.0,0,Transient-Party,90.0,0,0
City Hotel,0,1,2015,September,38,17,0,1,2,0.0,0,BB,BRA,Corporate,Corporate,0,0,0,A,A,0,No Deposit,81.0,0,Transient,135.0,0,0
City Hotel,0,20,2015,September,38,15,0,3,2,0.0,0,BB,AGO,Direct,Direct,0,0,0,A,A,0,No Deposit,,0,Transient,105.0,0,1
City Hotel,0,20,2015,September,38,15,0,3,2,0.0,0,BB,AGO,Direct,Direct,0,0,0,A,A,0,No Deposit,,0,Transient,105.0,0,1
City Hotel,0,2,2015,September,38,14,1,3,2,0.0,0,BB,CRI,Online TA,TA/TO,0,0,0,A,D,1,No Deposit,9.0,0,Transient,145.0,0,2
City Hotel,0,0,2015,September,38,17,0,1,2,0.0,0,BB,PRT,Online TA,TA/TO,0,0,0,D,F,0,No Deposit,9.0,0,Transient,200.0,0,1
City Hotel,1,74,2015,November,48,28,2,1,2,0.0,0,BB,PRT,Online TA,TA/TO,0,1,0,D,D,1,No Deposit,9.0,0,Contract,81.9,0,1
City Hotel,1,23,2015,October,41,7,0,1,2,0.0,0,BB,PRT,Direct,Direct,0,1,0,A,A,0,No Deposit,,0,Transient,90.0,0,0
City Hotel,0,0,2015,September,38,17,0,1,2,0.0,0,BB,PRT,Complementary,Direct,0,0,0,A,A,1,No Deposit,,0,Transient,0.0,0,0
City Hotel,1,100,2015,December,52,25,0,1,2,0.0,0,BB,PRT,Online TA,TA/TO,0,1,0,A,A,0,No Deposit,8.0,0,Transient,85.0,0,2
City Hotel,1,27,2015,October,42,15,0,2,2,0.0,0,BB,PRT,Online TA,TA/TO,0,1,0,D,D,0,No Deposit,9.0,0,Contract,136.0,0,0
City Hotel,0,0,2015,September,38,18,0,1,2,0.0,0,BB,RUS,Online TA,TA/TO,0,0,0,A,A,0,No Deposit,9.0,0,Transient,200.0,0,0
City Hotel,0,221,2015,September,38,18,0,1,2,0.0,0,BB,PRT,Online TA,TA/TO,0,0,0,A,G,0,No Deposit,10.0,0,Transient,89.2,0,0
City Hotel,0,253,2015,September,37,12,2,5,2,0.0,0,BB,SWE,Online TA,TA/TO,0,0,0,A,A,0,No Deposit,9.0,0,Transient-Party,89.25,0,3
City Hotel,1,3,2015,September,38,19,1,1,2,0.0,0,BB,PRT,Corporate,Corporate,0,0,0,A,A,0,No Deposit,81.0,0,Transient,120.0,0,0
City Hotel,0,0,2015,September,39,20,2,0,2,0.0,0,SC,ISR,Online TA,TA/TO,1,0,0,A,A,1,No Deposit,9.0,0,Transient,133.0,0,0
City Hotel,0,35,2015,September,38,17,0,3,2,0.0,0,BB,CN,Offline TA/TO,TA/TO,0,0,0,D,D,0,No Deposit,50.0,0,Transient,97.0,0,0
City Hotel,0,5,2015,September,38,19,0,1,2,0.0,0,BB,PRT,Direct,Direct,0,0,0,B,B,0,No Deposit,,0,Transient,82.25,0,0
City Hotel,0,2,2015,September,38,19,0,1,2,0.0,0,BB,PRT,Online TA,TA/TO,0,0,0,D,E,0,No Deposit,9.0,0,Contract,200.0,0,1
City Hotel,0,5,2015,September,38,19,0,1,2,0.0,0,BB,PRT,Online TA,TA/TO,0,0,0,A,E,0,No Deposit,9.0,0,Contract,133.0,0,1
City Hotel,0,5,2015,September,38,19,1,1,2,0.0,0,BB,PRT,Online TA,TA/TO,0,0,0,A,A,0,No Deposit,9.0,0,Contract,135.5,0,0
City Hotel,0,3,2015,September,38,19,1,1,2,0.0,0,BB,USA,Corporate,Corporate,0,0,0,A,D,0,No Deposit,81.0,0,Transient,120.0,0,0
City Hotel,0,6,2015,September,39,20,1,0,2,0.0,0,SC,GBR,Online TA,TA/TO,0,0,0,A,D,0,No Deposit,9.0,0,Contract,114.0,0,1
City Hotel,0,3,2015,September,38,14,2,5,2,0.0,0,HB,FRA,Offline TA/TO,TA/TO,0,0,0,A,A,0,No Deposit,20.0,0,Transient,90.0,0,0
City Hotel,0,5,2015,September,39,20,1,0,2,0.0,0,BB,PRT,Direct,Direct,0,0,0,E,E,1,No Deposit,14.0,0,Transient,146.0,1,2
City Hotel,0,7,2015,September,38,19,1,1,2,0.0,0,BB,BEL,Online TA,TA/TO,0,0,0,A,A,0,No Deposit,9.0,0,Transient,126.0,0,2
City Hotel,0,3,2015,September,38,19,1,1,2,0.0,0,BB,PRT,Online TA,TA/TO,0,0,0,D,D,0,No Deposit,9.0,0,Contract,177.5,0,1
City Hotel,0,0,2015,September,39,20,1,0,2,0.0,0,BB,PRT,Direct,Direct,0,0,0,A,A,0,No Deposit,,0,Transient,133.0,0,0
City Hotel,0,5,2015,September,39,20,1,0,2,0.0,0,SC,PRT,Online TA,TA/TO,0,0,0,A,E,0,No Deposit,9.0,0,Transient,114.0,0,2
City Hotel,1,11,2015,September,39,26,0,1,2,0.0,0,BB,PRT,Online TA,TA/TO,0,1,0,C,C,0,No Deposit,9.0,0,Contract,212.0,0,1
City Hotel,1,10,2015,September,39,21,1,2,2,0.0,0,SC,PRT,Online TA,TA/TO,0,0,0,A,A,0,No Deposit,7.0,0,Transient,117.04,0,1
City Hotel,1,0,2015,September,39,21,1,0,2,0.0,0,BB,PRT,Direct,Direct,1,0,0,F,F,0,No Deposit,,0,Transient,152.0,0,0
City Hotel,0,263,2015,September,39,21,1,0,2,0.0,0,BB,PRT,Offline TA/TO,TA/TO,0,0,0,A,D,0,No Deposit,21.0,0,Transient-Party,67.0,0,0
City Hotel,0,263,2015,September,39,21,1,0,2,0.0,0,BB,PRT,Offline TA/TO,TA/TO,0,0,0,A,B,0,No Deposit,21.0,0,Transient-Party,67.0,0,0
City Hotel,0,263,2015,September,39,21,1,0,2,0.0,0,BB,PRT,Offline TA/TO,TA/TO,0,0,0,A,B,0,No Deposit,21.0,0,Transient-Party,67.0,0,0
City Hotel,0,263,2015,September,39,21,1,0,2,0.0,0,BB,PRT,Offline TA/TO,TA/TO,0,0,0,A,B,0,No Deposit,21.0,0,Transient-Party,67.0,0,0
City Hotel,0,263,2015,September,39,21,1,0,2,0.0,0,BB,PRT,Offline TA/TO,TA/TO,0,0,0,A,D,0,No Deposit,21.0,0,Transient-Party,67.0,0,0
City Hotel,0,263,2015,September,39,21,1,0,2,0.0,0,BB,PRT,Offline TA/TO,TA/TO,0,0,0,A,D,0,No Deposit,21.0,0,Transient-Party,67.0,0,0
City Hotel,0,263,2015,September,39,21,1,0,2,0.0,0,BB,PRT,Offline TA/TO,TA/TO,0,0,0,A,B,0,No Deposit,21.0,0,Transient-Party,67.0,0,0
City Hotel,0,263,2015,September,39,21,1,0,2,0.0,0,BB,PRT,Offline TA/TO,TA/TO,0,0,0,A,D,0,No Deposit,21.0,0,Transient-Party,67.0,0,0
City Hotel,0,263,2015,September,39,21,1,0,2,0.0,0,BB,PRT,Offline TA/TO,TA/TO,0,0,0,A,D,0,No Deposit,21.0,0,Transient-Party,67.0,0,0
City Hotel,0,263,2015,September,39,21,1,0,2,0.0,0,BB,PRT,Offline TA/TO,TA/TO,0,0,0,A,D,0,No Deposit,21.0,0,Transient-Party,67.0,0,0
City Hotel,0,263,2015,September,39,21,1,0,2,0.0,0,BB,PRT,Offline TA/TO,TA/TO,0,0,0,A,B,0,No Deposit,21.0,0,Transient-Party,67.0,0,0
City Hotel,0,263,2015,September,39,21,1,0,2,0.0,0,BB,PRT,Offline TA/TO,TA/TO,0,0,0,A,D,0,No Deposit,21.0,0,Transient-Party,67.0,0,0
City Hotel,0,3,2015,September,38,15,2,5,2,0.0,0,BB,FRA,Online TA,TA/TO,0,0,0,F,F,1,No Deposit,9.0,0,Transient,212.29,0,1
City Hotel,0,3,2015,September,39,21,1,0,2,0.0,0,SC,NLD,Online TA,TA/TO,0,0,0,A,A,1,No Deposit,8.0,0,Transient,133.0,0,1
City Hotel,0,0,2015,September,39,20,2,0,2,0.0,0,BB,PRT,Corporate,Corporate,0,0,0,A,A,0,No Deposit,,0,Group,65.0,0,0
City Hotel,1,9,2015,September,39,26,2,2,2,0.0,0,BB,PRT,Online TA,TA/TO,0,1,0,A,A,0,No Deposit,9.0,0,Contract,212.0,0,0
City Hotel,1,16,2015,October,41,7,0,3,2,0.0,0,BB,PRT,Offline TA/TO,TA/TO,0,1,0,A,A,1,No Deposit,79.0,0,Transient,85.6,0,0
City Hotel,1,32,2015,October,43,19,1,3,2,0.0,0,BB,PRT,Online TA,TA/TO,0,1,0,A,A,0,No Deposit,9.0,0,Contract,96.3,0,0
City Hotel,0,3,2015,September,38,19,2,1,2,0.0,0,BB,USA,Corporate,Corporate,0,0,0,A,D,1,No Deposit,81.0,0,Transient,120.0,0,0
City Hotel,0,3,2015,September,38,19,2,1,2,0.0,0,BB,ITA,Corporate,Corporate,0,0,0,A,A,1,No Deposit,81.0,0,Transient,120.0,0,0
City Hotel,0,4,2015,September,39,21,1,0,2,0.0,0,BB,BEL,Online TA,TA/TO,0,0,0,D,D,0,No Deposit,9.0,0,Contract,155.0,0,1
City Hotel,0,8,2015,September,38,19,2,1,2,0.0,0,BB,PRT,Direct,Direct,0,0,0,A,A,0,No Deposit,,0,Transient,139.0,1,0
City Hotel,0,1,2015,September,39,21,1,0,2,0.0,0,SC,PRT,Direct,TA/TO,0,0,0,A,E,0,No Deposit,,0,Transient,114.0,0,2
City Hotel,0,7,2015,September,38,19,2,1,2,0.0,0,BB,MEX,Direct,Direct,0,0,0,A,D,0,No Deposit,14.0,0,Group,114.0,0,0
City Hotel,0,3,2015,September,38,19,2,1,2,0.0,0,BB,ESP,Corporate,Corporate,0,0,0,A,A,1,No Deposit,81.0,0,Transient,120.0,0,0
City Hotel,0,263,2015,September,39,21,1,0,2,0.0,0,BB,PRT,Offline TA/TO,TA/TO,0,0,0,A,D,0,No Deposit,21.0,0,Transient-Party,67.0,0,0
City Hotel,0,3,2015,September,38,19,2,1,2,0.0,0,SC,PRT,Online TA,TA/TO,0,0,0,A,A,0,No Deposit,9.0,0,Contract,152.0,0,3
City Hotel,0,6,2015,September,39,20,2,0,2,0.0,0,BB,GBR,Online TA,TA/TO,0,0,0,A,A,1,No Deposit,7.0,0,Transient,152.84,0,1
City Hotel,0,5,2015,September,38,19,2,1,2,0.0,0,SC,AUT,Online TA,TA/TO,0,0,0,A,D,0,No Deposit,9.0,0,Contract,120.33,0,2
City Hotel,0,0,2015,September,38,19,2,1,2,0.0,0,BB,PRT,Offline TA/TO,TA/TO,0,0,0,D,D,0,No Deposit,13.0,0,Transient-Party,136.0,0,1
City Hotel,1,12,2015,October,41,4,1,0,2,0.0,0,BB,PRT,Offline TA/TO,TA/TO,1,1,0,A,A,0,No Deposit,3.0,0,Transient-Party,72.0,0,0
City Hotel,1,5,2015,September,39,23,0,4,2,0.0,0,BB,PRT,Offline TA/TO,TA/TO,0,1,0,A,A,0,No Deposit,85.0,0,Transient,170.0,0,0
City Hotel,1,20,2015,October,42,12,1,5,2,0.0,0,BB,PRT,Online TA,TA/TO,1,1,0,A,A,0,No Deposit,15.0,0,Transient,98.4,0,0
City Hotel,0,0,2015,September,39,22,0,1,2,0.0,0,BB,BRA,Direct,Direct,0,0,0,A,F,0,No Deposit,,0,Transient,152.0,0,0
City Hotel,0,0,2015,September,40,29,0,1,2,0.0,0,BB,BRA,Direct,Direct,1,0,1,A,A,0,No Deposit,,0,Transient,166.5,0,0
City Hotel,0,0,2015,September,39,21,1,1,2,0.0,0,BB,ESP,Direct,Direct,0,0,0,A,A,1,No Deposit,,0,Transient,152.0,0,0
City Hotel,1,31,2015,October,42,11,2,1,2,0.0,0,BB,PRT,Online TA,TA/TO,0,1,0,A,A,0,No Deposit,9.0,0,Contract,106.2,0,1
City Hotel,0,0,2015,September,39,22,0,1,2,0.0,0,SC,PRT,Online TA,TA/TO,0,0,0,A,F,0,No Deposit,9.0,0,Contract,152.0,0,2
City Hotel,1,5,2015,September,40,27,2,3,2,0.0,0,SC,PRT,Online TA,TA/TO,0,1,0,A,A,1,No Deposit,7.0,0,Transient,127.51,0,1
City Hotel,0,7,2015,September,38,19,2,2,2,0.0,0,BB,ESP,Online TA,TA/TO,0,0,0,A,A,0,No Deposit,9.0,0,Transient,126.0,0,1
City Hotel,0,2,2015,September,39,20,2,1,2,0.0,0,BB,FRA,Offline TA/TO,TA/TO,0,0,0,D,E,0,No Deposit,28.0,0,Transient,75.0,0,0
City Hotel,0,2,2015,September,39,20,2,1,2,0.0,0,BB,FRA,Offline TA/TO,TA/TO,0,0,0,D,D,0,No Deposit,28.0,0,Transient,75.0,0,0
City Hotel,0,8,2015,September,39,20,2,1,2,0.0,0,BB,BEL,Online TA,TA/TO,0,0,0,A,A,0,No Deposit,9.0,0,Transient,126.0,0,1
City Hotel,0,1,2015,September,39,21,1,1,2,0.0,0,BB,ITA,Direct,Direct,0,0,0,A,A,1,No Deposit,,0,Transient,133.0,0,0
City Hotel,0,0,2015,September,39,21,1,1,2,0.0,0,BB,PRT,Corporate,Corporate,0,0,0,A,E,0,No Deposit,40.0,0,Transient,65.0,0,0
City Hotel,0,8,2015,September,39,20,2,1,2,0.0,0,BB,PRT,Online TA,TA/TO,0,0,0,A,A,0,No Deposit,9.0,0,Transient,126.0,0,2
City Hotel,0,6,2015,September,39,21,1,1,2,0.0,0,SC,DEU,Online TA,TA/TO,0,0,0,A,A,0,No Deposit,7.0,0,Transient,87.78,0,1
City Hotel,0,0,2015,September,38,19,2,2,2,0.0,0,BB,DEU,Online TA,TA/TO,0,0,0,A,D,0,No Deposit,9.0,0,Transient,126.0,0,3
City Hotel,0,7,2015,September,38,19,2,2,2,0.0,0,BB,ITA,Direct,Direct,0,0,0,A,D,0,No Deposit,14.0,0,Group,114.0,0,0
City Hotel,0,5,2015,September,38,19,2,2,2,0.0,0,BB,GBR,Online TA,TA/TO,0,0,0,D,E,0,No Deposit,9.0,0,Contract,140.75,0,2
City Hotel,0,0,2015,September,39,22,0,1,2,0.0,0,BB,PRT,Direct,Direct,0,0,0,A,D,0,No Deposit,,0,Transient,147.0,0,0
City Hotel,0,7,2015,September,38,19,2,2,2,0.0,0,BB,DEU,Online TA,TA/TO,0,0,0,A,A,0,No Deposit,9.0,0,Transient,126.0,0,3
City Hotel,0,4,2015,September,39,22,0,1,2,0.0,0,BB,KOR,Online TA,TA/TO,0,0,0,A,E,0,No Deposit,9.0,0,Contract,145.0,0,2
City Hotel,0,4,2015,September,39,22,0,1,2,0.0,0,BB,KOR,Online TA,TA/TO,0,0,0,A,F,0,No Deposit,9.0,0,Contract,145.0,0,2
City Hotel,0,1,2015,September,39,20,2,1,2,0.0,0,SC,FRA,Online TA,TA/TO,0,0,0,A,A,1,No Deposit,89.0,0,Transient,91.2,0,0
City Hotel,0,0,2015,September,39,23,0,0,2,0.0,0,BB,PRT,Direct,Direct,1,0,0,E,E,0,No Deposit,,0,Transient,0.0,0,0
City Hotel,0,0,2015,September,39,22,0,1,2,0.0,0,BB,PRT,Complementary,Direct,0,0,0,A,D,0,No Deposit,,0,Transient,0.0,0,0
City Hotel,0,1,2016,May,19,5,0,1,2,0.0,0,BB,PRT,Complementary,Direct,1,0,2,D,G,1,No Deposit,,0,Transient,0.0,0,0
City Hotel,1,8,2015,September,39,23,0,1,2,0.0,0,BB,PRT,Online TA,TA/TO,0,0,0,A,A,0,No Deposit,9.0,0,Contract,120.0,0,1
City Hotel,0,10,2015,September,39,22,0,2,2,0.0,0,SC,PRT,Online TA,TA/TO,0,0,0,A,A,1,No Deposit,9.0,0,Transient,114.0,0,0
City Hotel,0,11,2015,September,39,22,0,2,2,0.0,0,BB,DNK,Groups,TA/TO,0,0,0,A,D,0,No Deposit,74.0,0,Transient-Party,98.0,0,0
City Hotel,0,2,2015,September,39,21,1,2,2,0.0,0,SC,PRT,Direct,Direct,0,0,0,A,A,1,No Deposit,,0,Transient,113.0,0,0
City Hotel,0,11,2015,September,39,22,0,2,2,0.0,0,BB,DNK,Groups,TA/TO,0,0,0,A,D,0,No Deposit,74.0,0,Transient-Party,98.0,0,0
City Hotel,0,11,2015,September,39,22,0,2,2,0.0,0,BB,DNK,Groups,TA/TO,0,0,0,A,D,0,No Deposit,74.0,0,Transient-Party,98.0,0,0
City Hotel,0,11,2015,September,39,22,0,2,2,0.0,0,BB,DNK,Groups,TA/TO,0,0,0,A,D,0,No Deposit,74.0,0,Transient-Party,98.0,0,0
City Hotel,0,11,2015,September,39,22,0,2,2,0.0,0,BB,DNK,Groups,TA/TO,0,0,0,A,A,0,No Deposit,74.0,0,Transient-Party,98.0,0,0
City Hotel,0,11,2015,September,39,22,0,2,2,0.0,0,BB,DNK,Groups,TA/TO,0,0,0,A,D,0,No Deposit,74.0,0,Transient-Party,98.0,0,0
City Hotel,0,11,2015,September,39,22,0,2,2,0.0,0,BB,DNK,Groups,TA/TO,0,0,0,A,D,0,No Deposit,74.0,0,Transient-Party,98.0,0,0
City Hotel,0,11,2015,September,39,22,0,2,2,0.0,0,BB,DNK,Groups,TA/TO,0,0,0,A,B,0,No Deposit,74.0,0,Transient-Party,98.0,0,0
City Hotel,0,11,2015,September,39,22,0,2,2,0.0,0,BB,PRT,Groups,TA/TO,0,0,0,A,D,0,No Deposit,74.0,0,Transient-Party,98.0,0,0
City Hotel,0,11,2015,September,39,22,0,2,2,0.0,0,BB,DNK,Groups,TA/TO,0,0,0,A,D,0,No Deposit,74.0,0,Transient-Party,98.0,0,0
City Hotel,0,11,2015,September,39,22,0,2,2,0.0,0,BB,DNK,Groups,TA/TO,0,0,0,A,B,0,No Deposit,74.0,0,Transient-Party,98.0,0,0
City Hotel,0,11,2015,September,39,22,0,2,2,0.0,0,BB,DNK,Groups,TA/TO,0,0,0,A,B,0,No Deposit,74.0,0,Transient-Party,98.0,0,0
City Hotel,0,11,2015,September,39,22,0,2,2,0.0,0,BB,DNK,Groups,TA/TO,0,0,0,A,D,0,No Deposit,74.0,0,Transient-Party,98.0,0,0
City Hotel,0,11,2015,September,39,22,0,2,2,0.0,0,BB,DNK,Groups,TA/TO,0,0,0,A,B,0,No Deposit,74.0,0,Transient-Party,98.0,0,0
City Hotel,0,7,2015,September,39,22,0,2,2,0.0,0,BB,ESP,Online TA,TA/TO,0,0,0,A,A,0,No Deposit,9.0,0,Contract,126.0,0,2
City Hotel,0,7,2015,September,39,22,0,2,2,0.0,0,BB,ESP,Online TA,TA/TO,0,0,0,A,A,0,No Deposit,9.0,0,Contract,126.0,0,2
City Hotel,0,2,2015,September,39,20,2,2,2,0.0,0,BB,PRT,Direct,Direct,0,0,0,A,A,0,No Deposit,,0,Transient-Party,133.0,1,1
City Hotel,1,98,2015,December,53,29,0,3,2,0.0,0,SC,PRT,Online TA,TA/TO,0,1,0,A,A,0,No Deposit,8.0,0,Transient,106.0,0,1
City Hotel,1,98,2015,December,52,26,2,1,2,0.0,0,BB,PRT,Online TA,TA/TO,0,1,0,A,A,0,No Deposit,8.0,0,Transient,118.0,0,1
City Hotel,0,2,2015,September,39,20,2,2,2,0.0,0,BB,PRT,Direct,Direct,0,0,0,A,A,0,No Deposit,,0,Transient-Party,133.0,1,2
City Hotel,1,98,2015,December,52,26,2,1,2,0.0,0,BB,PRT,Online TA,TA/TO,0,1,0,A,A,0,No Deposit,8.0,0,Transient,118.0,0,1
City Hotel,1,31,2015,October,42,15,2,4,2,0.0,0,BB,PRT,Online TA,TA/TO,0,1,0,D,D,0,No Deposit,9.0,0,Contract,108.15,0,1
City Hotel,1,36,2015,October,43,20,0,3,2,0.0,0,BB,PRT,Online TA,TA/TO,0,1,0,A,A,0,No Deposit,9.0,0,Transient,96.3,0,0
City Hotel,0,3,2016,November,46,10,0,3,2,0.0,0,BB,ESP,Corporate,Corporate,1,0,5,D,D,1,No Deposit,,0,Transient,94.0,0,1
City Hotel,0,5,2017,June,26,27,0,2,2,0.0,0,BB,ESP,Corporate,Corporate,1,0,7,A,A,0,No Deposit,,0,Transient,100.0,0,1
City Hotel,0,12,2015,September,39,22,0,2,2,0.0,0,BB,PRT,Direct,Direct,0,0,0,A,D,0,No Deposit,,0,Transient,85.0,0,1
City Hotel,0,243,2015,September,39,20,2,2,2,0.0,0,BB,DEU,Online TA,TA/TO,0,0,0,A,A,0,No Deposit,10.0,0,Transient-Party,89.2,0,0
City Hotel,0,5,2015,September,39,23,0,1,2,0.0,0,BB,PRT,Direct,Direct,0,0,0,A,A,0,No Deposit,,0,Transient,133.0,0,1
City Hotel,1,18,2015,October,40,2,0,2,2,0.0,0,BB,PRT,Online TA,TA/TO,0,1,0,A,A,0,No Deposit,9.0,0,Contract,116.5,0,2
City Hotel,0,1,2015,September,39,22,0,2,2,0.0,0,BB,PRT,Online TA,TA/TO,0,0,0,A,D,0,No Deposit,9.0,0,Contract,145.0,0,1
City Hotel,0,5,2015,September,38,19,2,3,2,0.0,0,BB,ESP,Direct,Direct,0,0,0,A,D,0,No Deposit,14.0,0,Transient,117.8,0,0
City Hotel,0,7,2015,September,39,21,1,2,2,0.0,0,BB,ISR,Online TA,TA/TO,0,0,0,D,D,0,No Deposit,9.0,0,Contract,136.0,0,2
City Hotel,0,2,2015,September,39,22,0,2,2,0.0,0,BB,DNK,Groups,TA/TO,0,0,0,A,D,0,No Deposit,74.0,0,Transient,98.0,0,0
City Hotel,0,3,2015,September,39,21,1,2,2,0.0,0,SC,ITA,Online TA,TA/TO,0,0,0,A,A,0,No Deposit,9.0,0,Contract,133.0,0,2
City Hotel,0,0,2015,September,39,23,0,1,2,0.0,0,BB,PRT,Direct,Direct,0,0,0,A,F,0,No Deposit,,0,Transient,152.0,0,2
City Hotel,0,6,2015,September,39,21,1,2,2,0.0,0,SC,PRT,Online TA,TA/TO,0,0,0,A,A,0,No Deposit,9.0,0,Contract,114.0,0,1
City Hotel,0,0,2015,September,39,21,1,2,2,0.0,0,BB,PRT,Offline TA/TO,TA/TO,0,0,0,D,D,0,No Deposit,28.0,0,Transient,75.0,0,0
City Hotel,0,0,2015,September,39,21,1,2,2,0.0,0,HB,FRA,Offline TA/TO,TA/TO,0,0,0,A,A,0,No Deposit,13.0,0,Contract,125.7,0,0
City Hotel,0,10,2015,September,39,22,0,2,2,0.0,0,SC,FRA,Online TA,TA/TO,0,0,0,A,A,0,No Deposit,9.0,0,Transient,114.0,0,2
City Hotel,1,43,2015,October,43,23,0,1,2,0.0,0,BB,PRT,Offline TA/TO,TA/TO,0,1,0,A,A,0,No Deposit,2.0,0,Transient-Party,0.0,0,0
City Hotel,1,43,2015,October,43,23,0,1,2,0.0,0,BB,PRT,Offline TA/TO,TA/TO,0,1,0,A,A,0,No Deposit,2.0,0,Transient-Party,0.0,0,0
City Hotel,1,43,2015,October,43,23,0,1,2,0.0,0,BB,PRT,Offline TA/TO,TA/TO,0,1,0,A,A,0,No Deposit,2.0,0,Transient-Party,0.0,0,0
City Hotel,0,0,2015,September,39,21,1,2,2,0.0,0,BB,AUS,Online TA,TA/TO,0,0,0,A,D,0,No Deposit,9.0,0,Contract,145.0,0,1
City Hotel,0,1,2015,September,39,23,0,1,2,0.0,0,SC,PRT,Online TA,TA/TO,0,0,0,A,D,0,No Deposit,9.0,0,Contract,152.0,0,0
City Hotel,0,0,2015,September,39,22,0,2,2,0.0,0,SC,USA,Online TA,TA/TO,0,0,0,A,A,0,No Deposit,7.0,0,Transient,117.04,0,1
City Hotel,0,4,2015,September,39,22,0,3,2,0.0,0,SC,AUS,Online TA,TA/TO,0,0,0,A,A,0,No Deposit,9.0,0,Contract,133.0,0,2
City Hotel,0,3,2015,September,39,21,1,3,2,0.0,0,BB,ESP,Online TA,TA/TO,0,0,0,A,A,0,No Deposit,9.0,0,Contract,145.0,0,1
City Hotel,0,0,2015,September,39,21,1,3,2,0.0,0,BB,CN,Online TA,TA/TO,0,0,0,A,A,0,No Deposit,9.0,0,Contract,145.0,0,1
City Hotel,0,2,2015,September,39,20,2,3,2,0.0,0,BB,ESP,Online TA,TA/TO,0,0,0,A,D,0,No Deposit,9.0,0,Contract,145.0,0,2
City Hotel,0,6,2015,September,39,22,0,3,2,0.0,0,BB,IND,Online TA,TA/TO,0,0,0,A,A,0,No Deposit,7.0,0,Transient,106.07,0,1
City Hotel,0,0,2015,September,39,23,0,2,2,0.0,0,BB,ESP,Online TA,TA/TO,0,0,0,A,D,0,No Deposit,9.0,0,Contract,164.0,0,1
City Hotel,0,7,2015,September,39,22,0,3,2,0.0,0,BB,JPN,Online TA,TA/TO,0,0,0,D,D,0,No Deposit,9.0,0,Contract,136.0,0,0
City Hotel,0,3,2015,September,39,22,0,3,2,0.0,0,BB,PRT,Online TA,TA/TO,0,0,0,A,D,0,No Deposit,9.0,0,Transient,145.0,0,1
City Hotel,0,2,2015,September,39,23,0,2,2,0.0,0,BB,CN,Direct,Direct,0,0,0,A,A,1,No Deposit,14.0,0,Transient,133.0,0,0
City Hotel,0,4,2015,September,39,22,0,3,2,0.0,0,SC,AUS,Online TA,TA/TO,0,0,0,A,A,0,No Deposit,9.0,0,Contract,133.0,0,2
City Hotel,0,0,2015,September,39,21,1,3,2,0.0,0,BB,ESP,Online TA,TA/TO,0,0,0,D,D,0,No Deposit,9.0,0,Contract,155.0,0,1
City Hotel,0,0,2015,September,39,21,1,3,2,0.0,0,BB,ESP,Online TA,TA/TO,0,0,0,D,E,0,No Deposit,9.0,0,Contract,155.0,0,1
City Hotel,0,1,2015,September,39,22,0,3,2,0.0,0,BB,ESP,Offline TA/TO,TA/TO,0,0,0,D,E,0,No Deposit,28.0,0,Transient,75.0,0,0
City Hotel,1,17,2015,October,41,5,1,3,2,0.0,0,BB,PRT,Direct,Direct,0,1,0,D,D,0,No Deposit,14.0,0,Transient,126.0,0,0
City Hotel,1,29,2015,October,43,23,0,1,2,0.0,0,BB,PRT,Offline TA/TO,TA/TO,0,1,0,A,A,0,No Deposit,2.0,0,Transient,76.5,0,0
City Hotel,0,4,2015,September,39,22,0,3,2,0.0,0,BB,ESP,Offline TA/TO,TA/TO,0,0,0,A,A,0,No Deposit,13.0,0,Contract,116.0,0,1
City Hotel,0,3,2015,September,38,19,2,4,2,0.0,0,BB,PRT,Online TA,TA/TO,0,0,0,D,D,0,No Deposit,9.0,0,Contract,162.5,0,0
City Hotel,0,8,2015,September,38,19,2,4,2,0.0,0,BB,BEL,Direct,Direct,0,0,0,A,A,0,No Deposit,14.0,0,Transient,145.67,0,0
City Hotel,0,1,2015,September,39,22,0,3,2,0.0,0,BB,FRA,Online TA,TA/TO,0,0,0,A,C,0,No Deposit,7.0,0,Transient,111.65,0,1
City Hotel,1,22,2015,October,42,13,2,5,2,0.0,0,BB,PRT,Online TA,TA/TO,0,1,0,A,A,0,No Deposit,10.0,0,Transient,126.0,0,0
City Hotel,0,0,2015,September,39,24,0,1,2,0.0,0,BB,ITA,Direct,Direct,0,0,0,A,D,0,No Deposit,14.0,0,Transient,152.0,0,0
City Hotel,0,1,2015,September,39,20,2,3,2,0.0,0,SC,CHE,Online TA,TA/TO,0,0,0,A,A,1,No Deposit,7.0,0,Group,102.41,0,0
City Hotel,0,9,2015,September,39,20,2,3,2,0.0,0,BB,ESP,Offline TA/TO,TA/TO,0,0,0,D,D,0,No Deposit,28.0,0,Transient,75.0,0,0
City Hotel,0,0,2015,September,39,23,0,2,2,0.0,0,BB,BRA,Online TA,TA/TO,0,0,0,A,D,0,No Deposit,7.0,0,Transient,119.97,0,0
City Hotel,0,0,2015,September,39,21,1,3,2,0.0,0,BB,PRT,Direct,Direct,0,0,0,A,B,0,No Deposit,,0,Transient,147.0,0,1
City Hotel,0,0,2015,September,39,21,1,3,2,0.0,0,BB,PRT,Direct,Direct,0,0,0,A,B,0,No Deposit,,0,Transient,147.0,0,1
City Hotel,0,2,2015,September,39,20,2,3,2,0.0,0,BB,PRT,Offline TA/TO,TA/TO,0,0,0,D,D,0,No Deposit,28.0,0,Transient,75.0,0,0
City Hotel,0,8,2015,September,39,24,0,1,2,0.0,0,BB,PRT,Online TA,TA/TO,0,0,0,A,A,0,No Deposit,,0,Transient,133.0,0,0
City Hotel,0,2,2015,September,39,23,0,2,2,0.0,0,SC,IRN,Online TA,TA/TO,0,0,0,A,A,0,No Deposit,9.0,0,Contract,133.0,0,0
City Hotel,1,15,2015,October,40,2,0,2,2,0.0,0,BB,PRT,Direct,Direct,0,1,0,A,A,0,No Deposit,,0,Transient,190.0,0,0
City Hotel,0,11,2015,September,39,23,0,3,2,0.0,0,BB,POL,Direct,Direct,0,0,0,A,A,0,No Deposit,,0,Transient,114.0,0,0
City Hotel,0,12,2015,September,39,22,0,4,2,0.0,0,SC,NLD,Online TA,TA/TO,0,0,0,A,D,0,No Deposit,9.0,0,Contract,164.0,0,1
City Hotel,0,0,2015,September,39,25,0,1,2,0.0,0,BB,DEU,Online TA,TA/TO,0,0,0,D,D,0,No Deposit,9.0,0,Transient,180.0,0,0
City Hotel,0,1,2015,September,39,25,0,1,2,0.0,0,BB,BRA,Direct,TA/TO,0,0,0,A,D,0,No Deposit,,0,Transient,170.0,0,0
City Hotel,0,11,2015,September,39,23,0,3,2,0.0,0,BB,PRT,Direct,Direct,0,0,0,A,A,0,No Deposit,,0,Transient,114.0,0,0
City Hotel,0,7,2015,September,39,21,1,4,2,0.0,0,BB,ISR,Online TA,TA/TO,0,0,0,A,A,0,No Deposit,9.0,0,Contract,143.2,0,2
City Hotel,1,0,2015,September,39,26,2,1,2,0.0,0,BB,PRT,Online TA,TA/TO,1,0,0,D,D,0,No Deposit,9.0,0,Transient,180.0,0,2
City Hotel,1,0,2015,September,39,26,0,1,2,0.0,0,BB,PRT,Direct,Direct,1,0,0,A,A,0,No Deposit,,0,Transient,170.0,0,0
City Hotel,0,6,2015,September,39,20,2,5,2,0.0,0,SC,DEU,Online TA,TA/TO,0,0,0,A,A,0,No Deposit,9.0,0,Contract,138.57,0,1
City Hotel,0,6,2015,September,39,20,2,5,2,0.0,0,SC,GBR,Online TA,TA/TO,0,0,0,A,A,0,No Deposit,9.0,0,Contract,138.57,0,2
City Hotel,0,16,2015,September,39,25,0,2,2,0.0,0,BB,ITA,Groups,TA/TO,0,0,0,A,D,1,No Deposit,1.0,0,Transient-Party,170.0,0,0
City Hotel,0,16,2015,September,39,25,0,2,2,0.0,0,BB,ITA,Groups,TA/TO,0,0,0,A,A,0,No Deposit,1.0,0,Transient-Party,170.0,0,1
City Hotel,0,0,2015,September,39,26,0,1,2,0.0,0,BB,PRT,Direct,Direct,0,0,0,D,D,0,No Deposit,,0,Transient,180.0,0,0
City Hotel,0,0,2015,September,39,26,0,1,2,0.0,0,BB,PRT,Direct,Direct,0,0,0,D,D,0,No Deposit,,0,Transient,180.0,0,0
City Hotel,0,1,2015,September,39,26,0,1,2,0.0,0,BB,GBR,Online TA,TA/TO,0,0,0,A,A,0,No Deposit,9.0,0,Transient,180.0,0,0
City Hotel,0,15,2015,September,39,24,1,3,2,0.0,0,BB,ITA,Groups,TA/TO,0,0,0,A,D,4,No Deposit,1.0,0,Transient-Party,170.0,0,0
City Hotel,0,16,2015,September,39,25,1,2,2,0.0,0,BB,ITA,Groups,TA/TO,0,0,0,A,A,1,No Deposit,1.0,0,Transient-Party,170.0,0,0
City Hotel,0,11,2015,September,39,25,1,2,2,0.0,0,BB,PRT,Direct,Direct,0,0,0,A,D,0,No Deposit,,0,Transient,200.0,0,1
City Hotel,0,3,2015,September,39,25,1,2,2,0.0,0,BB,JPN,Groups,TA/TO,0,0,0,A,D,0,No Deposit,1.0,0,Transient-Party,170.0,0,0
City Hotel,0,12,2015,September,39,26,1,1,2,0.0,0,BB,USA,Direct,Direct,0,0,0,A,A,0,No Deposit,14.0,0,Transient,200.0,0,1
City Hotel,0,0,2015,September,40,27,1,0,2,0.0,0,BB,ESP,Direct,Direct,0,0,0,A,A,0,No Deposit,,0,Transient,170.0,0,0
City Hotel,1,11,2015,October,40,2,0,2,2,0.0,0,BB,PRT,Online TA,TA/TO,0,1,0,B,B,0,No Deposit,9.0,0,Contract,153.5,0,1
City Hotel,1,11,2015,October,40,2,0,2,2,0.0,0,BB,PRT,Online TA,TA/TO,0,1,0,B,B,0,No Deposit,9.0,0,Contract,153.5,0,1
City Hotel,1,48,2015,November,46,12,1,3,2,0.0,0,BB,PRT,Online TA,TA/TO,0,1,0,D,D,0,No Deposit,9.0,0,Contract,115.2,0,2
City Hotel,1,48,2015,November,46,12,1,3,2,0.0,0,BB,PRT,Online TA,TA/TO,0,1,0,D,D,0,No Deposit,9.0,0,Contract,115.2,0,2
City Hotel,1,48,2015,November,46,12,1,3,2,0.0,0,BB,PRT,Online TA,TA/TO,0,1,0,D,D,0,No Deposit,9.0,0,Contract,115.2,0,2
City Hotel,0,5,2015,September,40,27,1,0,2,0.0,0,BB,ESP,Groups,TA/TO,0,0,0,A,A,0,No Deposit,1.0,0,Transient-Party,170.0,0,0
City Hotel,0,12,2015,September,39,26,1,1,2,0.0,0,BB,USA,Direct,Direct,0,0,0,A,A,0,No Deposit,14.0,0,Transient,200.0,0,1
City Hotel,0,12,2015,September,39,24,1,3,2,0.0,0,SC,SVK,Online TA,TA/TO,0,0,0,A,A,0,No Deposit,9.0,0,Transient,178.5,0,1
City Hotel,0,9,2015,September,39,24,1,3,2,0.0,0,BB,RUS,Online TA,TA/TO,0,0,0,A,A,0,No Deposit,9.0,0,Contract,190.5,0,2
City Hotel,0,2,2015,September,40,27,1,0,2,0.0,0,BB,PRT,Direct,Direct,0,0,0,A,A,0,No Deposit,,0,Transient,85.0,1,0
City Hotel,0,9,2015,September,39,20,4,5,2,0.0,0,SC,NLD,Online TA,TA/TO,0,0,0,A,A,0,No Deposit,9.0,0,Contract,169.11,0,0
City Hotel,0,16,2015,September,39,25,2,2,2,0.0,0,BB,ITA,Groups,TA/TO,0,0,0,A,D,0,No Deposit,1.0,0,Transient-Party,170.0,0,0
City Hotel,0,18,2015,September,40,27,2,0,2,0.0,0,BB,ITA,Groups,TA/TO,0,0,0,A,A,1,No Deposit,1.0,0,Transient-Party,170.0,0,0
City Hotel,0,17,2015,September,39,26,2,1,2,0.0,0,BB,ITA,Groups,TA/TO,0,0,0,A,A,1,No Deposit,1.0,0,Transient-Party,170.0,0,0
City Hotel,0,16,2015,September,39,25,2,2,2,0.0,0,BB,PRT,Groups,TA/TO,0,0,0,A,D,0,No Deposit,1.0,0,Transient-Party,180.0,0,0
City Hotel,0,16,2015,September,39,25,2,2,2,0.0,0,BB,ITA,Groups,TA/TO,0,0,0,A,A,0,No Deposit,1.0,0,Transient-Party,170.0,0,1
City Hotel,0,17,2015,September,39,26,2,1,2,0.0,0,BB,ITA,Groups,TA/TO,0,0,0,A,A,2,No Deposit,1.0,0,Transient-Party,170.0,0,0
City Hotel,0,17,2015,September,39,26,2,1,2,0.0,0,BB,ITA,Groups,TA/TO,0,0,0,A,A,1,No Deposit,1.0,0,Transient-Party,170.0,0,0
City Hotel,0,0,2015,September,39,25,2,2,2,0.0,0,BB,UKR,Online TA,TA/TO,0,0,0,D,D,0,No Deposit,9.0,0,Transient,180.0,0,1
City Hotel,0,16,2015,September,39,25,2,2,2,0.0,0,BB,ITA,Groups,TA/TO,0,0,0,A,D,1,No Deposit,1.0,0,Transient-Party,170.0,0,0
City Hotel,0,16,2015,September,39,25,2,2,2,0.0,0,BB,PRT,Groups,TA/TO,0,0,0,A,A,0,No Deposit,1.0,0,Transient-Party,170.0,0,1
City Hotel,0,17,2015,September,39,26,2,1,2,0.0,0,BB,ITA,Groups,TA/TO,0,0,0,A,A,1,No Deposit,1.0,0,Transient-Party,170.0,0,0
City Hotel,0,0,2015,September,39,26,2,1,2,0.0,0,BB,ISR,Direct,Direct,0,0,0,D,F,0,No Deposit,,0,Transient,180.0,0,0
City Hotel,1,1,2015,September,40,30,0,2,2,0.0,0,BB,PRT,Offline TA/TO,TA/TO,1,1,0,A,A,0,Non Refund,50.0,0,Transient,102.6,0,0
City Hotel,1,1,2015,September,40,30,0,2,2,0.0,0,BB,PRT,Offline TA/TO,TA/TO,1,1,0,A,A,0,Non Refund,50.0,0,Transient,102.6,0,0
City Hotel,1,1,2015,September,40,30,0,2,2,0.0,0,BB,PRT,Offline TA/TO,TA/TO,1,1,0,A,A,0,Non Refund,50.0,0,Transient,102.6,0,0
City Hotel,1,1,2015,September,40,30,0,2,2,0.0,0,BB,PRT,Offline TA/TO,TA/TO,1,1,0,A,A,0,Non Refund,50.0,0,Transient,102.6,0,0
City Hotel,1,1,2015,September,40,30,0,2,2,0.0,0,BB,PRT,Offline TA/TO,TA/TO,1,1,0,A,A,0,Non Refund,50.0,0,Transient,102.6,0,0
City Hotel,0,16,2015,September,39,25,2,3,2,0.0,0,BB,PRT,Groups,TA/TO,0,0,0,A,A,1,No Deposit,1.0,0,Transient-Party,170.0,0,0
City Hotel,0,7,2015,September,40,28,1,1,2,0.0,0,BB,DEU,Groups,TA/TO,0,0,0,A,B,0,No Deposit,1.0,0,Transient-Party,170.0,0,0
City Hotel,0,1,2015,September,40,29,0,1,2,0.0,0,BB,ITA,Corporate,Corporate,0,0,0,A,D,0,No Deposit,92.0,0,Transient-Party,85.0,0,0
City Hotel,0,1,2015,September,40,29,0,1,2,0.0,0,BB,GBR,Corporate,Corporate,0,0,0,A,D,0,No Deposit,92.0,0,Transient-Party,85.0,0,0
City Hotel,0,0,2015,September,40,28,1,1,2,0.0,0,BB,PRT,Direct,Direct,0,0,0,A,D,1,No Deposit,,0,Transient,149.0,0,0
City Hotel,0,16,2015,September,39,26,2,2,2,0.0,0,BB,ITA,Online TA,TA/TO,0,0,0,A,A,0,No Deposit,9.0,0,Contract,210.0,0,2
City Hotel,1,13,2015,October,41,7,0,3,2,0.0,0,BB,PRT,Online TA,TA/TO,0,1,0,D,D,0,No Deposit,9.0,0,Contract,155.0,0,2
City Hotel,0,16,2015,September,39,25,2,3,2,0.0,0,BB,ITA,Groups,TA/TO,0,0,0,A,A,1,No Deposit,1.0,0,Transient-Party,170.0,0,0
City Hotel,1,3,2015,October,40,2,2,2,2,0.0,0,BB,PRT,Online TA,TA/TO,0,1,0,A,A,0,No Deposit,9.0,0,Contract,164.0,0,0
City Hotel,0,9,2015,September,40,27,2,1,2,0.0,0,BB,ITA,Online TA,TA/TO,0,0,0,A,A,0,No Deposit,7.0,0,Transient,155.08,0,1
City Hotel,0,0,2015,October,41,5,1,3,2,0.0,0,BB,ITA,Direct,TA/TO,1,0,1,E,E,0,No Deposit,14.0,0,Transient,165.0,0,1
City Hotel,0,16,2015,September,39,25,2,3,2,0.0,0,BB,ITA,Groups,TA/TO,0,0,0,A,B,1,No Deposit,1.0,0,Transient-Party,170.0,0,0
City Hotel,1,6,2015,October,40,1,1,3,2,0.0,0,BB,PRT,Direct,Direct,0,1,0,A,A,0,No Deposit,,0,Transient,100.0,0,0
City Hotel,0,1,2016,September,38,11,2,0,2,0.0,0,BB,PRT,Offline TA/TO,TA/TO,1,1,0,A,B,0,No Deposit,6.0,0,Transient,105.0,0,1
City Hotel,1,6,2015,October,40,1,1,3,2,0.0,0,BB,PRT,Direct,Direct,0,1,0,A,A,0,No Deposit,,0,Transient,100.0,0,0
City Hotel,1,6,2015,October,40,1,1,3,2,0.0,0,BB,PRT,Direct,Direct,0,1,0,A,A,0,No Deposit,,0,Transient,100.0,0,0
City Hotel,1,6,2015,October,40,1,1,3,2,0.0,0,BB,PRT,Direct,Direct,0,1,0,A,A,0,No Deposit,,0,Transient,100.0,0,0
City Hotel,0,17,2015,September,39,26,2,2,2,0.0,0,BB,ITA,Groups,TA/TO,0,0,0,A,A,1,No Deposit,1.0,0,Transient-Party,170.0,0,0
City Hotel,0,6,2015,September,40,28,1,1,2,0.0,0,BB,GBR,Groups,TA/TO,0,0,0,A,A,0,No Deposit,1.0,0,Transient-Party,170.0,0,0
City Hotel,0,16,2015,September,39,25,2,3,2,0.0,0,BB,CMR,Groups,TA/TO,0,0,0,A,D,1,No Deposit,1.0,0,Transient-Party,170.0,0,0
City Hotel,0,18,2015,September,40,27,2,1,2,0.0,0,BB,ITA,Groups,TA/TO,0,0,0,A,A,1,No Deposit,1.0,0,Transient-Party,170.0,0,0
City Hotel,1,1,2015,September,40,30,0,1,2,0.0,0,HB,ITA,Offline TA/TO,TA/TO,0,0,0,A,K,0,No Deposit,26.0,0,Transient-Party,112.2,0,0
City Hotel,0,17,2015,September,39,26,2,2,2,0.0,0,BB,IRN,Groups,TA/TO,0,0,0,A,A,1,No Deposit,1.0,0,Transient-Party,180.0,0,0
City Hotel,0,16,2015,September,39,25,2,3,2,0.0,0,BB,FRA,Groups,TA/TO,0,0,0,A,A,0,No Deposit,1.0,0,Transient-Party,170.0,0,1
City Hotel,0,18,2015,September,40,27,2,1,2,0.0,0,BB,ITA,Groups,TA/TO,0,0,0,A,A,1,No Deposit,1.0,0,Transient-Party,170.0,0,0
City Hotel,1,45,2015,October,44,29,0,3,2,0.0,0,BB,PRT,Offline TA/TO,TA/TO,0,1,0,A,A,0,Non Refund,3.0,0,Transient,70.0,0,0
City Hotel,1,45,2015,October,44,29,0,3,2,0.0,0,BB,PRT,Offline TA/TO,TA/TO,0,1,0,A,A,0,Non Refund,3.0,0,Transient,70.0,0,0
City Hotel,1,45,2015,October,44,29,0,3,2,0.0,0,BB,PRT,Offline TA/TO,TA/TO,0,1,0,A,A,0,Non Refund,3.0,0,Transient,70.0,0,0
City Hotel,1,45,2015,October,44,29,0,3,2,0.0,0,BB,PRT,Offline TA/TO,TA/TO,0,1,0,A,A,0,Non Refund,3.0,0,Transient,70.0,0,0
City Hotel,1,45,2015,October,44,29,0,3,2,0.0,0,BB,PRT,Offline TA/TO,TA/TO,0,1,0,A,A,0,Non Refund,3.0,0,Transient,70.0,0,0
City Hotel,1,45,2015,October,44,29,0,3,2,0.0,0,BB,PRT,Offline TA/TO,TA/TO,0,1,0,A,A,0,Non Refund,3.0,0,Transient,70.0,0,0
City Hotel,1,45,2015,October,44,29,0,3,2,0.0,0,BB,PRT,Offline TA/TO,TA/TO,0,1,0,A,A,0,Non Refund,3.0,0,Transient,70.0,0,0
City Hotel,1,45,2015,October,44,29,0,3,2,0.0,0,BB,PRT,Offline TA/TO,TA/TO,0,1,0,A,A,0,Non Refund,3.0,0,Transient,70.0,0,0
City Hotel,1,45,2015,October,44,29,0,3,2,0.0,0,BB,PRT,Offline TA/TO,TA/TO,0,1,0,A,A,0,Non Refund,3.0,0,Transient,70.0,0,0
City Hotel,1,45,2015,October,44,29,0,3,2,0.0,0,BB,PRT,Offline TA/TO,TA/TO,0,1,0,A,A,0,Non Refund,3.0,0,Transient,70.0,0,0
City Hotel,1,45,2015,October,44,29,0,3,2,0.0,0,BB,PRT,Offline TA/TO,TA/TO,0,1,0,A,A,0,Non Refund,3.0,0,Transient,70.0,0,0
City Hotel,1,45,2015,October,44,29,0,3,2,0.0,0,BB,PRT,Offline TA/TO,TA/TO,0,1,0,A,A,0,Non Refund,3.0,0,Transient,70.0,0,0
City Hotel,1,45,2015,October,44,29,0,3,2,0.0,0,BB,PRT,Offline TA/TO,TA/TO,0,1,0,A,A,0,Non Refund,3.0,0,Transient,70.0,0,0
City Hotel,1,45,2015,October,44,29,0,3,2,0.0,0,BB,PRT,Offline TA/TO,TA/TO,0,1,0,A,A,0,Non Refund,3.0,0,Transient,70.0,0,0
City Hotel,1,45,2015,October,44,29,0,3,2,0.0,0,BB,PRT,Offline TA/TO,TA/TO,0,1,0,A,A,0,Non Refund,3.0,0,Transient,70.0,0,0
City Hotel,1,45,2015,October,44,29,0,3,2,0.0,0,BB,PRT,Offline TA/TO,TA/TO,0,1,0,A,A,0,Non Refund,3.0,0,Transient,70.0,0,0
City Hotel,1,45,2015,October,44,29,0,3,2,0.0,0,BB,PRT,Offline TA/TO,TA/TO,0,1,0,A,A,0,Non Refund,3.0,0,Transient,70.0,0,0
City Hotel,1,45,2015,October,44,29,0,3,2,0.0,0,BB,PRT,Offline TA/TO,TA/TO,0,1,0,A,A,0,Non Refund,3.0,0,Transient,70.0,0,0
City Hotel,1,282,2015,October,41,10,2,1,2,0.0,0,HB,PRT,Offline TA/TO,TA/TO,0,1,0,A,A,0,No Deposit,4.0,0,Transient-Party,96.0,0,0
City Hotel,1,282,2015,October,41,10,2,1,2,0.0,0,HB,PRT,Offline TA/TO,TA/TO,0,1,0,A,A,0,No Deposit,4.0,0,Transient-Party,96.0,0,0
City Hotel,1,282,2015,October,41,10,2,1,2,0.0,0,HB,PRT,Offline TA/TO,TA/TO,0,1,0,A,A,0,No Deposit,4.0,0,Transient-Party,96.0,0,0
City Hotel,1,282,2015,October,41,10,2,1,2,0.0,0,HB,PRT,Offline TA/TO,TA/TO,0,1,0,A,A,0,No Deposit,4.0,0,Transient-Party,96.0,0,0
City Hotel,1,0,2015,September,40,30,0,1,2,0.0,0,SC,PRT,Online TA,TA/TO,1,0,0,A,A,0,No Deposit,7.0,0,Transient,87.78,0,1
City Hotel,1,0,2015,September,40,30,0,2,2,0.0,0,BB,PRT,Online TA,TA/TO,1,0,0,A,A,0,No Deposit,9.0,0,Contract,126.0,0,0
City Hotel,0,11,2015,September,40,30,0,1,2,0.0,0,BB,IRL,Online TA,TA/TO,0,0,0,A,A,0,No Deposit,9.0,0,Transient,126.0,0,1
City Hotel,0,0,2015,September,40,30,0,1,2,0.0,0,SC,CN,Online TA,TA/TO,0,0,0,A,A,0,No Deposit,7.0,0,Transient,87.78,0,0
City Hotel,0,2,2015,September,40,30,0,1,2,0.0,0,BB,ITA,Groups,TA/TO,0,0,0,A,B,0,No Deposit,,0,Transient,109.0,0,0
City Hotel,0,0,2015,September,40,30,0,1,2,0.0,0,SC,PRT,Online TA,TA/TO,0,0,0,A,A,0,No Deposit,9.0,0,Contract,114.0,0,2
City Hotel,0,2,2015,September,40,30,0,1,2,0.0,0,HB,PRT,Offline TA/TO,TA/TO,0,0,0,A,A,0,No Deposit,26.0,0,Transient-Party,112.2,0,0
City Hotel,1,7,2015,October,41,7,0,3,2,0.0,0,BB,PRT,Online TA,TA/TO,0,1,0,D,D,0,No Deposit,9.0,0,Contract,174.0,0,0
City Hotel,0,7,2015,September,40,28,1,2,2,0.0,0,BB,FRA,Direct,Direct,0,0,0,A,A,0,No Deposit,14.0,0,Transient,160.0,0,1
City Hotel,0,16,2015,September,40,30,0,1,2,0.0,0,BB,GBR,Online TA,TA/TO,0,0,0,A,A,0,No Deposit,7.0,0,Transient,97.02,0,1
City Hotel,0,29,2015,September,39,24,2,5,2,0.0,0,BB,PRT,Direct,Direct,0,0,0,A,A,1,No Deposit,,0,Transient,170.0,0,1
City Hotel,0,1,2015,September,40,29,0,2,2,0.0,0,SC,LIE,Online TA,TA/TO,0,0,0,A,A,0,No Deposit,11.0,0,Transient,91.2,0,0
City Hotel,0,0,2015,September,40,30,0,1,2,0.0,0,BB,BRA,Direct,Direct,0,0,0,A,A,0,No Deposit,,0,Transient,114.0,0,1
City Hotel,1,3,2015,October,41,4,1,0,2,0.0,0,BB,PRT,Online TA,TA/TO,1,1,0,A,A,0,No Deposit,9.0,0,Contract,126.0,0,0
City Hotel,1,19,2015,October,40,1,1,3,2,0.0,0,BB,PRT,Online TA,TA/TO,0,0,0,A,A,0,No Deposit,9.0,0,Transient,111.75,0,1
City Hotel,0,1,2015,October,40,1,0,1,2,0.0,0,BB,PRT,Online TA,TA/TO,0,0,0,A,A,0,No Deposit,9.0,0,Transient,126.0,0,0
City Hotel,1,27,2015,October,43,19,1,2,2,0.0,0,BB,PRT,Online TA,TA/TO,0,1,0,B,B,0,No Deposit,9.0,0,Contract,115.5,0,0
City Hotel,1,27,2015,October,43,19,1,2,2,0.0,0,BB,PRT,Online TA,TA/TO,0,1,0,B,B,0,No Deposit,9.0,0,Contract,115.5,0,0
City Hotel,1,100,2016,January,2,6,1,4,2,0.0,0,BB,PRT,Online TA,TA/TO,0,1,0,D,D,0,No Deposit,9.0,0,Contract,99.0,0,1
City Hotel,0,0,2015,October,40,1,0,1,2,0.0,0,BB,PRT,Online TA,TA/TO,0,0,0,A,A,0,No Deposit,9.0,0,Contract,126.0,0,0
City Hotel,0,2,2015,September,40,30,0,2,2,0.0,0,BB,PRT,Online TA,TA/TO,0,0,0,A,A,0,No Deposit,9.0,0,Contract,126.0,0,1
City Hotel,0,11,2015,September,40,30,0,2,2,0.0,0,BB,DEU,Online TA,TA/TO,0,0,0,A,A,0,No Deposit,10.0,0,Group,113.4,0,0
City Hotel,0,6,2015,September,40,28,1,3,2,0.0,0,BB,LUX,Online TA,TA/TO,0,0,0,A,A,0,No Deposit,9.0,0,Contract,169.0,0,1
City Hotel,0,0,2015,October,40,1,0,1,2,0.0,0,BB,FRA,Online TA,TA/TO,0,0,0,A,A,0,No Deposit,9.0,0,Contract,126.0,0,2
City Hotel,1,31,2015,November,45,2,1,0,2,0.0,0,BB,PRT,Direct,Direct,1,1,0,A,A,0,No Deposit,14.0,0,Transient,85.5,0,1
City Hotel,0,6,2015,September,40,27,2,3,2,0.0,0,BB,GBR,Online TA,TA/TO,0,0,0,A,D,0,No Deposit,7.0,0,Transient,136.75,0,1
City Hotel,0,1,2015,September,40,29,0,3,2,0.0,0,SC,GBR,Online TA,TA/TO,0,0,0,A,A,1,No Deposit,7.0,0,Transient,109.85,0,0
City Hotel,1,282,2015,October,41,10,2,1,2,0.0,0,HB,PRT,Offline TA/TO,TA/TO,0,1,0,A,A,0,No Deposit,4.0,0,Transient-Party,96.0,0,0
City Hotel,1,282,2015,October,41,10,2,1,2,0.0,0,HB,PRT,Offline TA/TO,TA/TO,0,1,0,A,A,0,No Deposit,4.0,0,Transient-Party,96.0,0,0
City Hotel,1,289,2015,October,42,17,0,1,2,0.0,0,HB,PRT,Offline TA/TO,TA/TO,0,1,0,A,A,0,No Deposit,4.0,0,Transient-Party,96.0,0,0
City Hotel,1,289,2015,October,42,17,0,1,2,0.0,0,HB,PRT,Offline TA/TO,TA/TO,0,1,0,A,A,0,No Deposit,4.0,0,Transient-Party,96.0,0,0
City Hotel,1,289,2015,October,42,17,0,1,2,0.0,0,HB,PRT,Offline TA/TO,TA/TO,0,1,0,A,A,0,No Deposit,4.0,0,Transient-Party,96.0,0,0
City Hotel,1,289,2015,October,42,17,0,1,2,0.0,0,HB,PRT,Offline TA/TO,TA/TO,0,1,0,A,A,0,No Deposit,4.0,0,Transient-Party,96.0,0,0
City Hotel,1,289,2015,October,42,17,0,1,2,0.0,0,HB,PRT,Offline TA/TO,TA/TO,0,1,0,A,A,0,No Deposit,4.0,0,Transient-Party,96.0,0,0
City Hotel,1,289,2015,October,42,17,0,1,2,0.0,0,HB,PRT,Offline TA/TO,TA/TO,0,1,0,A,A,0,No Deposit,4.0,0,Transient-Party,96.0,0,0
City Hotel,0,0,2015,October,40,2,0,0,2,0.0,0,BB,PRT,Online TA,TA/TO,1,0,0,D,K,0,No Deposit,9.0,0,Transient,0.0,0,2
City Hotel,0,16,2015,October,40,1,0,2,2,0.0,0,BB,PRT,Online TA,TA/TO,0,0,0,A,A,0,No Deposit,9.0,0,Transient,117.0,0,2
City Hotel,0,13,2015,September,40,30,0,3,2,0.0,0,HB,FRA,Offline TA/TO,TA/TO,0,0,0,A,A,0,No Deposit,13.0,0,Transient,123.67,0,2
City Hotel,0,12,2015,October,40,1,0,2,2,0.0,0,SC,AUS,Online TA,TA/TO,0,0,0,A,A,0,No Deposit,7.0,0,Group,117.04,0,1
City Hotel,0,18,2015,October,40,2,0,1,2,0.0,0,BB,USA,Online TA,TA/TO,0,0,0,A,A,0,No Deposit,7.0,0,Transient,82.39,0,1
City Hotel,0,15,2015,September,40,30,0,3,2,0.0,0,SC,FRA,Online TA,TA/TO,0,0,0,A,A,0,No Deposit,7.0,0,Group,78.03,0,0
City Hotel,0,5,2015,September,40,30,0,3,2,0.0,0,HB,PRT,Offline TA/TO,TA/TO,0,0,0,A,A,1,No Deposit,31.0,0,Transient-Party,125.0,0,0
City Hotel,1,6,2015,October,41,4,2,3,2,0.0,0,BB,PRT,Offline TA/TO,TA/TO,0,1,0,A,A,0,No Deposit,16.0,0,Transient,57.92,0,0
City Hotel,1,40,2015,October,43,24,1,1,2,0.0,0,BB,PRT,Online TA,TA/TO,0,1,0,A,A,0,No Deposit,9.0,0,Contract,96.3,0,2
City Hotel,1,40,2015,October,43,24,1,1,2,0.0,0,BB,PRT,Online TA,TA/TO,0,1,0,A,A,0,No Deposit,9.0,0,Contract,96.3,0,2
City Hotel,0,4,2015,September,40,30,0,3,2,0.0,0,SC,AUT,Online TA,TA/TO,0,0,0,A,A,0,No Deposit,9.0,0,Transient,139.33,0,1
City Hotel,0,8,2015,September,40,30,0,3,2,0.0,0,BB,ROU,Online TA,TA/TO,0,0,0,A,A,0,No Deposit,9.0,0,Contract,151.33,0,2
City Hotel,0,0,2015,October,40,1,0,2,2,0.0,0,BB,FRA,Online TA,TA/TO,0,0,0,A,A,0,No Deposit,9.0,0,Contract,135.5,0,2
City Hotel,0,16,2015,October,40,1,0,2,2,0.0,0,BB,PRT,Online TA,TA/TO,0,0,0,A,A,0,No Deposit,9.0,0,Contract,107.0,0,0
City Hotel,0,17,2015,October,40,1,0,3,2,0.0,0,BB,PRT,Online TA,TA/TO,0,0,0,A,A,0,No Deposit,9.0,0,Contract,113.33,0,2
City Hotel,0,18,2015,October,40,2,0,2,2,0.0,0,BB,NOR,Online TA,TA/TO,0,0,0,F,F,0,No Deposit,9.0,0,Contract,186.5,0,1
City Hotel,0,16,2015,October,40,1,0,3,2,0.0,0,BB,FRA,Online TA,TA/TO,0,0,0,D,D,0,No Deposit,9.0,0,Contract,123.33,0,1
City Hotel,0,0,2015,October,40,1,0,3,2,0.0,0,BB,FRA,Online TA,TA/TO,0,0,0,A,A,0,No Deposit,9.0,0,Contract,138.67,0,0
City Hotel,0,17,2015,October,40,1,0,3,2,0.0,0,BB,PRT,Online TA,TA/TO,0,0,0,A,A,0,No Deposit,9.0,0,Contract,113.33,0,1
City Hotel,0,0,2015,September,40,28,1,5,2,0.0,0,BB,MOZ,Direct,Direct,0,0,0,A,A,0,No Deposit,,0,Transient,164.67,0,0
City Hotel,0,17,2015,October,40,1,0,3,2,0.0,0,BB,FRA,Direct,Direct,0,0,0,D,D,0,No Deposit,14.0,0,Transient,113.33,0,0
City Hotel,0,16,2015,October,40,1,0,3,2,0.0,0,BB,IRL,Direct,Direct,0,0,0,D,D,0,No Deposit,14.0,0,Transient,113.33,0,1
City Hotel,0,236,2015,October,40,3,0,1,2,0.0,0,BB,PRT,Online TA,TA/TO,0,0,0,A,A,1,No Deposit,9.0,0,Transient,89.25,0,0
City Hotel,0,13,2015,October,40,1,0,3,2,0.0,0,BB,PRT,Online TA,TA/TO,0,0,0,A,A,0,No Deposit,9.0,0,Contract,176.67,0,1
City Hotel,0,17,2015,October,40,1,0,3,2,0.0,0,BB,PRT,Online TA,TA/TO,0,0,0,A,A,0,No Deposit,9.0,0,Contract,113.33,0,2
City Hotel,0,17,2015,October,40,2,0,2,2,0.0,0,BB,AUS,Online TA,TA/TO,0,0,0,A,A,0,No Deposit,7.0,0,Transient,89.71,0,1
City Hotel,1,223,2015,October,41,4,2,0,2,0.0,0,BB,PRT,Online TA,TA/TO,0,0,0,A,A,0,No Deposit,9.0,0,Transient-Party,89.25,0,2
City Hotel,1,6,2015,October,41,10,2,1,2,0.0,0,BB,PRT,Offline TA/TO,TA/TO,1,1,0,A,A,0,No Deposit,3.0,0,Transient,65.0,0,0
City Hotel,0,10,2015,October,41,4,1,0,2,0.0,0,SC,BRA,Online TA,TA/TO,0,0,0,A,A,0,No Deposit,7.0,0,Transient,87.78,0,1
City Hotel,0,12,2015,October,41,4,1,0,2,0.0,0,BB,FRA,Offline TA/TO,TA/TO,0,0,0,A,D,0,No Deposit,3.0,0,Transient-Party,72.0,0,0
City Hotel,0,12,2015,October,41,4,1,0,2,0.0,0,BB,FRA,Offline TA/TO,TA/TO,0,0,0,A,D,0,No Deposit,3.0,0,Transient-Party,72.0,0,0
City Hotel,0,12,2015,October,41,4,1,0,2,0.0,0,BB,FRA,Offline TA/TO,TA/TO,0,0,0,A,D,0,No Deposit,3.0,0,Transient-Party,72.0,0,0
City Hotel,0,12,2015,October,41,4,1,0,2,0.0,0,BB,FRA,Offline TA/TO,TA/TO,0,0,0,A,D,0,No Deposit,3.0,0,Transient-Party,72.0,0,0
City Hotel,0,12,2015,October,41,4,1,0,2,0.0,0,BB,FRA,Offline TA/TO,TA/TO,0,0,0,A,D,0,No Deposit,3.0,0,Transient-Party,72.0,0,0
City Hotel,0,12,2015,October,41,4,1,0,2,0.0,0,BB,FRA,Offline TA/TO,TA/TO,0,0,0,A,D,0,No Deposit,3.0,0,Transient-Party,72.0,0,0
City Hotel,0,12,2015,October,41,4,1,0,2,0.0,0,BB,FRA,Offline TA/TO,TA/TO,0,0,0,A,D,0,No Deposit,3.0,0,Transient-Party,72.0,0,0
City Hotel,0,12,2015,October,41,4,1,0,2,0.0,0,BB,FRA,Offline TA/TO,TA/TO,0,0,0,A,D,1,No Deposit,3.0,0,Transient-Party,72.0,0,0
City Hotel,0,224,2015,October,40,2,1,2,2,0.0,0,BB,FRA,Offline TA/TO,TA/TO,0,0,0,A,A,0,No Deposit,3.0,0,Transient-Party,65.0,0,0
City Hotel,0,12,2015,October,41,4,1,0,2,0.0,0,BB,FRA,Offline TA/TO,TA/TO,0,0,0,A,D,0,No Deposit,3.0,0,Transient-Party,72.0,0,0
City Hotel,0,12,2015,October,41,4,1,0,2,0.0,0,BB,FRA,Offline TA/TO,TA/TO,0,0,0,A,D,0,No Deposit,3.0,0,Transient-Party,72.0,0,0
City Hotel,0,12,2015,October,41,4,1,0,2,0.0,0,BB,PRT,Offline TA/TO,TA/TO,0,0,0,A,D,1,No Deposit,3.0,0,Transient-Party,72.0,0,0
City Hotel,1,49,2015,October,44,30,0,2,2,0.0,0,BB,PRT,Online TA,TA/TO,0,1,0,A,A,0,No Deposit,9.0,0,Contract,103.5,0,1
City Hotel,0,16,2015,October,40,1,1,3,2,0.0,0,BB,ESP,Online TA,TA/TO,0,0,0,A,A,0,No Deposit,8.0,0,Transient,111.75,0,1
City Hotel,0,224,2015,October,40,2,1,2,2,0.0,0,BB,FRA,Offline TA/TO,TA/TO,0,0,0,A,A,0,No Deposit,3.0,0,Transient-Party,65.0,0,0
City Hotel,1,32,2015,October,44,26,1,4,2,0.0,0,BB,PRT,Online TA,TA/TO,0,1,0,B,B,0,No Deposit,9.0,0,Contract,103.95,0,0
City Hotel,1,32,2015,October,44,26,1,4,2,0.0,0,BB,PRT,Online TA,TA/TO,0,1,0,B,B,0,No Deposit,9.0,0,Contract,103.95,0,1
City Hotel,1,22,2015,October,43,20,0,3,2,0.0,0,BB,PRT,Online TA,TA/TO,0,1,0,A,A,0,No Deposit,9.0,0,Contract,126.0,0,1
City Hotel,1,2,2015,October,41,6,0,2,2,0.0,0,BB,PRT,Direct,Direct,0,1,0,E,E,2,No Deposit,,0,Transient,165.0,0,0
City Hotel,0,15,2015,October,40,1,1,3,2,0.0,0,BB,GBR,Online TA,TA/TO,0,0,0,A,A,0,No Deposit,89.0,0,Transient,80.46,0,0
City Hotel,0,19,2015,October,40,1,1,3,2,0.0,0,BB,GBR,Online TA,TA/TO,0,0,0,D,D,0,No Deposit,9.0,0,Transient,121.75,0,1
City Hotel,0,16,2015,October,40,1,1,3,2,0.0,0,BB,AUT,Online TA,TA/TO,0,0,0,A,A,0,No Deposit,9.0,0,Contract,111.75,0,2
City Hotel,0,23,2015,October,40,2,1,2,2,0.0,0,BB,PRT,Online TA,TA/TO,0,0,0,D,D,0,No Deposit,8.0,0,Transient,142.0,0,0
City Hotel,0,206,2015,October,40,2,1,2,2,0.0,0,BB,IRL,Online TA,TA/TO,0,0,0,A,A,0,No Deposit,7.0,0,Transient,59.07,0,0
City Hotel,1,46,2015,October,44,31,1,1,2,0.0,0,BB,PRT,Online TA,TA/TO,0,1,0,A,A,0,No Deposit,9.0,0,Contract,87.75,0,2
City Hotel,1,46,2015,October,44,31,1,1,2,0.0,0,BB,PRT,Online TA,TA/TO,0,1,0,A,A,0,No Deposit,9.0,0,Contract,87.75,0,2
City Hotel,1,46,2015,October,44,31,1,1,2,0.0,0,BB,PRT,Online TA,TA/TO,0,1,0,A,A,0,No Deposit,9.0,0,Contract,87.75,0,2
City Hotel,0,10,2015,October,40,2,1,2,2,0.0,0,BB,BEL,Online TA,TA/TO,0,0,0,D,D,0,No Deposit,9.0,0,Contract,186.67,0,2
City Hotel,0,10,2015,October,40,2,1,2,2,0.0,0,BB,PRT,Online TA,TA/TO,0,0,0,D,D,0,No Deposit,9.0,0,Contract,186.67,0,2
City Hotel,0,3,2015,October,40,2,1,2,2,0.0,0,BB,PRT,Offline TA/TO,TA/TO,0,0,0,A,A,0,No Deposit,3.0,0,Transient-Party,65.0,0,0
City Hotel,0,224,2015,October,40,2,1,2,2,0.0,0,BB,FRA,Offline TA/TO,TA/TO,0,0,0,A,A,0,No Deposit,3.0,0,Transient-Party,65.0,0,0
City Hotel,0,224,2015,October,40,2,1,2,2,0.0,0,BB,FRA,Offline TA/TO,TA/TO,0,0,0,A,A,0,No Deposit,3.0,0,Transient-Party,65.0,0,0
City Hotel,0,224,2015,October,40,2,1,2,2,0.0,0,BB,FRA,Offline TA/TO,TA/TO,0,0,0,B,B,0,No Deposit,3.0,0,Transient-Party,65.0,0,1
City Hotel,0,224,2015,October,40,2,1,2,2,0.0,0,BB,FRA,Offline TA/TO,TA/TO,0,0,0,A,A,0,No Deposit,3.0,0,Transient-Party,65.0,0,0
City Hotel,0,224,2015,October,40,2,1,2,2,0.0,0,BB,FRA,Offline TA/TO,TA/TO,0,0,0,A,A,0,No Deposit,3.0,0,Transient-Party,65.0,0,0
City Hotel,0,224,2015,October,40,2,1,2,2,0.0,0,BB,FRA,Offline TA/TO,TA/TO,0,0,0,B,B,0,No Deposit,3.0,0,Transient-Party,65.0,0,1
City Hotel,0,2,2015,October,40,2,1,2,2,0.0,0,BB,FRA,Offline TA/TO,TA/TO,0,0,0,A,B,0,No Deposit,3.0,0,Transient-Party,65.0,0,0
City Hotel,0,224,2015,October,40,2,1,2,2,0.0,0,BB,FRA,Offline TA/TO,TA/TO,0,0,0,A,A,0,No Deposit,3.0,0,Transient-Party,65.0,0,0
City Hotel,0,224,2015,October,40,2,1,2,2,0.0,0,BB,FRA,Offline TA/TO,TA/TO,0,0,0,A,A,0,No Deposit,3.0,0,Transient-Party,65.0,0,0
City Hotel,0,224,2015,October,40,2,1,2,2,0.0,0,BB,FRA,Offline TA/TO,TA/TO,0,0,0,A,A,0,No Deposit,3.0,0,Transient-Party,65.0,0,0
City Hotel,0,224,2015,October,40,2,1,2,2,0.0,0,BB,PRT,Offline TA/TO,TA/TO,0,0,0,A,A,0,No Deposit,3.0,0,Transient-Party,65.0,0,0
City Hotel,1,93,2015,December,52,26,2,1,2,0.0,0,BB,PRT,Online TA,TA/TO,0,1,0,A,A,0,No Deposit,9.0,0,Contract,106.2,0,1
City Hotel,1,93,2015,December,52,26,2,1,2,0.0,0,BB,PRT,Online TA,TA/TO,0,1,0,A,A,0,No Deposit,9.0,0,Contract,106.2,0,1
City Hotel,1,93,2015,December,52,26,2,1,2,0.0,0,BB,PRT,Online TA,TA/TO,0,1,0,A,A,0,No Deposit,9.0,0,Contract,106.2,0,1
City Hotel,1,93,2015,December,52,26,2,1,2,0.0,0,BB,PRT,Online TA,TA/TO,0,1,0,A,A,0,No Deposit,9.0,0,Contract,106.2,0,1
City Hotel,0,17,2015,October,40,2,1,2,2,0.0,0,BB,CHE,Online TA,TA/TO,0,0,0,A,A,0,No Deposit,10.0,0,Transient,113.33,0,1
City Hotel,1,1,2015,October,41,5,1,0,2,0.0,0,BB,PRT,Online TA,TA/TO,0,0,0,A,A,0,No Deposit,9.0,0,Transient,126.0,0,1
City Hotel,0,18,2015,October,40,2,2,2,2,0.0,0,BB,FRA,Online TA,TA/TO,0,0,0,A,A,0,No Deposit,9.0,0,Transient,111.75,0,0
City Hotel,0,12,2015,October,41,4,2,0,2,0.0,0,HB,BEL,Offline TA/TO,TA/TO,0,0,0,A,A,0,No Deposit,12.0,0,Transient-Party,107.0,0,0
City Hotel,0,19,2015,October,41,5,1,0,2,0.0,0,BB,CN,Online TA,TA/TO,0,0,0,A,A,0,No Deposit,7.0,0,Transient,82.39,0,2
City Hotel,0,0,2015,October,41,5,1,0,2,0.0,0,BB,PRT,Direct,Direct,0,0,0,A,A,0,No Deposit,,0,Transient,114.0,0,0
City Hotel,0,0,2015,October,41,4,2,0,2,0.0,0,BB,ITA,Online TA,TA/TO,0,0,0,A,A,0,No Deposit,9.0,0,Transient,126.0,0,0
City Hotel,0,0,2015,October,41,5,1,0,2,0.0,0,BB,GBR,Online TA,TA/TO,0,0,0,A,A,0,No Deposit,9.0,0,Contract,126.0,0,1
City Hotel,0,18,2015,October,40,2,2,2,2,0.0,0,BB,PRT,Online TA,TA/TO,0,0,0,A,A,0,No Deposit,9.0,0,Contract,111.75,0,2
City Hotel,0,12,2015,October,40,3,2,1,2,0.0,0,BB,FRA,Direct,Direct,0,0,0,A,A,0,No Deposit,14.0,0,Transient,139.33,0,0
City Hotel,1,289,2016,July,30,20,2,4,2,0.0,0,BB,PRT,Online TA,TA/TO,0,1,0,A,A,0,No Deposit,9.0,0,Contract,95.4,0,2
City Hotel,1,289,2016,July,30,20,2,4,2,0.0,0,BB,PRT,Online TA,TA/TO,0,1,0,A,A,0,No Deposit,9.0,0,Contract,95.4,0,2
City Hotel,0,17,2015,October,41,5,1,0,2,0.0,0,BB,PRT,Online TA,TA/TO,0,0,0,A,A,0,No Deposit,8.0,0,Transient,126.0,0,1
City Hotel,0,223,2015,October,41,4,2,0,2,0.0,0,BB,DEU,Online TA,TA/TO,0,0,0,A,A,0,No Deposit,9.0,0,Transient-Party,89.25,0,2
City Hotel,0,6,2015,October,40,1,2,3,2,0.0,0,BB,CZE,Offline TA/TO,TA/TO,0,0,0,A,A,0,No Deposit,27.0,0,Transient,58.4,0,0
City Hotel,0,0,2015,October,41,5,1,0,2,0.0,0,BB,CHN,Direct,Direct,0,0,0,D,D,0,No Deposit,14.0,0,Transient,126.0,0,0
City Hotel,0,223,2015,October,41,4,2,0,2,0.0,0,BB,DEU,Online TA,TA/TO,0,0,0,A,A,0,No Deposit,9.0,0,Transient,89.25,1,2
City Hotel,0,6,2015,October,41,5,1,0,2,0.0,0,BB,ITA,Online TA,TA/TO,0,0,0,A,D,0,No Deposit,9.0,0,Contract,126.0,0,2
City Hotel,1,52,2017,January,1,6,2,2,2,0.0,0,BB,ITA,Online TA,TA/TO,1,1,1,A,A,0,No Deposit,9.0,0,Transient,88.4,0,2
City Hotel,0,11,2015,October,41,4,2,0,2,0.0,0,BB,FRA,Online TA,TA/TO,0,0,0,D,D,0,No Deposit,9.0,0,Contract,136.0,0,1
City Hotel,0,17,2015,October,40,2,2,2,2,0.0,0,BB,FRA,Online TA,TA/TO,0,0,0,D,D,0,No Deposit,9.0,0,Contract,121.75,0,1
City Hotel,0,3,2015,October,41,5,1,0,2,0.0,0,SC,PRT,Online TA,TA/TO,0,0,0,A,A,0,No Deposit,7.0,0,Transient,87.78,0,1
City Hotel,0,18,2015,October,40,3,2,2,2,0.0,0,SC,IRL,Online TA,TA/TO,0,0,0,A,A,0,No Deposit,8.0,0,Transient,99.75,0,1
City Hotel,0,7,2015,October,41,5,1,1,2,0.0,0,HB,PRT,Offline TA/TO,TA/TO,0,0,0,A,A,0,No Deposit,26.0,0,Transient-Party,112.2,0,0
City Hotel,0,7,2015,October,41,5,1,1,2,0.0,0,HB,PRT,Offline TA/TO,TA/TO,0,0,0,A,D,0,No Deposit,26.0,0,Transient-Party,112.2,0,0
City Hotel,0,6,2015,October,41,4,2,1,2,0.0,0,BB,FRA,Online TA,TA/TO,0,0,0,D,D,0,No Deposit,9.0,0,Contract,136.0,0,1
City Hotel,0,6,2015,October,40,2,2,3,2,0.0,0,BB,FRA,Direct,Direct,0,0,0,E,E,0,No Deposit,14.0,0,Group,176.4,0,0
City Hotel,0,1,2015,October,41,4,2,1,2,0.0,0,BB,BEL,Online TA,TA/TO,0,0,0,D,D,0,No Deposit,9.0,0,Transient,136.0,0,0
City Hotel,0,0,2015,October,41,6,0,1,2,0.0,0,BB,PRT,Online TA,TA/TO,0,0,0,D,A,0,No Deposit,9.0,0,Contract,136.0,0,1
City Hotel,0,20,2015,October,41,4,2,1,2,0.0,0,BB,DEU,Online TA,TA/TO,0,0,0,A,A,0,No Deposit,9.0,0,Contract,107.0,0,0
City Hotel,0,19,2015,October,40,3,2,2,2,0.0,0,BB,BRA,Online TA,TA/TO,0,0,0,A,A,0,No Deposit,9.0,0,Contract,111.75,0,2
City Hotel,0,2,2015,October,41,4,2,1,2,0.0,0,BB,NLD,Online TA,TA/TO,0,0,0,A,A,0,No Deposit,9.0,0,Transient,114.0,0,0
City Hotel,0,0,2015,October,41,6,0,1,2,0.0,0,SC,PRT,Online TA,TA/TO,0,0,0,A,A,0,No Deposit,9.0,0,Contract,114.0,0,2
City Hotel,0,0,2015,October,41,5,1,1,2,0.0,0,BB,CN,Direct,Direct,0,0,0,A,A,1,No Deposit,,0,Transient,114.0,0,0
City Hotel,0,1,2015,October,41,6,0,1,2,0.0,0,BB,USA,Direct,Direct,0,0,0,E,A,1,No Deposit,14.0,0,Transient,146.0,0,0
City Hotel,1,8,2015,October,41,10,2,1,2,0.0,0,BB,PRT,Groups,TA/TO,0,1,0,A,D,0,Non Refund,1.0,0,Transient,62.0,0,0
City Hotel,1,8,2015,October,41,10,2,1,2,0.0,0,BB,PRT,Groups,TA/TO,0,1,0,A,D,0,Non Refund,1.0,0,Transient,62.0,0,0
City Hotel,1,8,2015,October,41,10,2,1,2,0.0,0,BB,PRT,Groups,TA/TO,0,1,0,A,D,0,Non Refund,1.0,0,Transient,62.0,0,0
City Hotel,1,8,2015,October,41,10,2,1,2,0.0,0,BB,PRT,Groups,TA/TO,0,1,0,A,D,0,Non Refund,1.0,0,Transient,62.0,0,0
City Hotel,1,8,2015,October,41,10,2,1,2,0.0,0,BB,PRT,Groups,TA/TO,0,1,0,A,D,0,Non Refund,1.0,0,Transient,62.0,0,0
City Hotel,1,8,2015,October,41,10,2,1,2,0.0,0,BB,PRT,Groups,TA/TO,0,1,0,A,D,0,Non Refund,1.0,0,Transient,62.0,0,0
City Hotel,1,8,2015,October,41,10,2,1,2,0.0,0,BB,PRT,Groups,TA/TO,0,1,0,A,D,0,Non Refund,1.0,0,Transient,62.0,0,0
City Hotel,1,8,2015,October,41,10,2,1,2,0.0,0,BB,PRT,Groups,TA/TO,0,1,0,A,D,0,Non Refund,1.0,0,Transient,62.0,0,0
City Hotel,1,8,2015,October,41,10,2,1,2,0.0,0,BB,PRT,Groups,TA/TO,0,1,0,A,A,0,Non Refund,1.0,0,Transient,62.0,0,0
City Hotel,1,8,2015,October,41,10,2,1,2,0.0,0,BB,PRT,Groups,TA/TO,0,1,0,A,D,0,Non Refund,1.0,0,Transient,62.0,0,0
City Hotel,1,8,2015,October,41,10,2,1,2,0.0,0,BB,PRT,Groups,TA/TO,0,1,0,A,D,0,Non Refund,1.0,0,Transient,62.0,0,0
City Hotel,1,8,2015,October,41,10,2,1,2,0.0,0,BB,PRT,Groups,TA/TO,0,1,0,A,A,0,Non Refund,1.0,0,Transient,62.0,0,0
City Hotel,1,8,2015,October,41,10,2,1,2,0.0,0,BB,PRT,Groups,TA/TO,0,1,0,A,A,0,Non Refund,1.0,0,Transient,62.0,0,0
City Hotel,1,8,2015,October,41,10,2,1,2,0.0,0,BB,PRT,Groups,TA/TO,0,1,0,A,A,0,Non Refund,1.0,0,Transient,62.0,0,0
City Hotel,1,8,2015,October,41,10,2,1,2,0.0,0,BB,PRT,Groups,TA/TO,0,1,0,A,A,0,Non Refund,1.0,0,Transient,62.0,0,0
City Hotel,1,8,2015,October,41,10,2,1,2,0.0,0,BB,PRT,Groups,TA/TO,0,1,0,A,A,0,Non Refund,1.0,0,Transient,62.0,0,0
City Hotel,1,8,2015,October,41,10,2,1,2,0.0,0,BB,PRT,Groups,TA/TO,0,1,0,A,A,0,Non Refund,1.0,0,Transient,62.0,0,0
City Hotel,1,8,2015,October,41,10,2,1,2,0.0,0,BB,PRT,Groups,TA/TO,0,1,0,A,A,0,Non Refund,1.0,0,Transient,62.0,0,0
City Hotel,0,11,2015,October,40,3,2,2,2,0.0,0,BB,RUS,Online TA,TA/TO,0,0,0,A,A,0,No Deposit,9.0,0,Contract,145.0,0,1
City Hotel,0,10,2015,October,40,1,2,5,2,0.0,0,HB,FRA,Direct,Direct,0,0,0,A,A,2,No Deposit,14.0,0,Transient,171.71,0,0
City Hotel,0,14,2015,October,41,5,1,2,2,0.0,0,BB,FRA,Offline TA/TO,TA/TO,0,0,0,D,D,0,No Deposit,28.0,0,Transient,75.0,0,0
City Hotel,0,9,2016,August,33,11,0,1,2,0.0,0,BB,PRT,Corporate,Corporate,1,3,13,A,A,0,No Deposit,,0,Transient,75.0,0,0
City Hotel,0,6,2015,October,41,6,0,2,2,0.0,0,BB,BEL,Online TA,TA/TO,0,0,0,A,A,0,No Deposit,9.0,0,Contract,145.0,0,2
City Hotel,0,21,2015,October,41,7,0,1,2,0.0,0,BB,PRT,Offline TA/TO,TA/TO,0,0,0,A,A,0,No Deposit,6.0,0,Transient,85.0,0,1
City Hotel,0,21,2015,October,41,7,0,1,2,0.0,0,BB,PRT,Offline TA/TO,TA/TO,0,0,0,A,A,0,No Deposit,6.0,0,Transient,85.0,0,1
City Hotel,0,22,2015,October,41,5,1,2,2,0.0,0,BB,ESP,Direct,Direct,0,0,0,A,A,0,No Deposit,,0,Transient,95.0,0,0
City Hotel,0,0,2015,October,41,7,0,1,2,0.0,0,BB,PRT,Direct,Direct,0,0,0,E,E,0,No Deposit,,0,Transient,163.0,0,0
City Hotel,0,22,2015,October,41,5,1,2,2,0.0,0,BB,ESP,Direct,Direct,0,0,0,A,A,0,No Deposit,,0,Transient,95.0,0,0
City Hotel,0,23,2015,October,41,4,2,2,2,0.0,0,BB,ITA,Online TA,TA/TO,0,0,0,A,A,0,No Deposit,9.0,0,Contract,105.0,0,2
City Hotel,0,18,2015,October,41,5,1,2,2,0.0,0,BB,FRA,Online TA,TA/TO,0,0,0,A,D,0,No Deposit,9.0,0,Contract,107.0,0,1
City Hotel,1,7,2015,October,42,14,0,3,2,0.0,0,BB,PRT,Online TA,TA/TO,0,1,0,D,D,0,No Deposit,9.0,0,Contract,136.0,0,0
City Hotel,0,14,2015,October,41,5,1,2,2,0.0,0,BB,NLD,Online TA,TA/TO,0,0,0,D,D,0,No Deposit,9.0,0,Contract,136.0,0,1
City Hotel,0,23,2015,October,41,5,1,2,2,0.0,0,HB,ITA,Direct,Direct,0,0,0,A,A,2,No Deposit,14.0,0,Group,119.0,0,0
City Hotel,1,23,2015,October,41,8,0,2,2,0.0,0,BB,PRT,Online TA,TA/TO,0,0,0,D,D,0,No Deposit,9.0,0,Contract,117.0,0,2
City Hotel,0,23,2015,October,41,8,0,0,2,0.0,0,BB,PRT,Online TA,TA/TO,0,0,0,A,K,0,No Deposit,7.0,0,Transient,0.0,0,1
City Hotel,0,12,2015,October,41,7,0,1,2,0.0,0,BB,PRT,Direct,Direct,0,0,0,A,A,0,No Deposit,,0,Transient,119.7,0,0
City Hotel,0,5,2015,October,41,4,2,2,2,0.0,0,BB,PRT,Direct,Direct,0,0,0,D,D,0,No Deposit,14.0,0,Transient,130.75,0,1
City Hotel,0,14,2015,October,41,5,1,2,2,0.0,0,BB,FRA,Online TA,TA/TO,0,0,0,A,A,0,No Deposit,11.0,0,Transient,95.04,0,0
City Hotel,1,3,2015,October,41,8,0,1,2,0.0,0,BB,PRT,Corporate,Corporate,0,0,0,A,A,0,No Deposit,,0,Transient,65.0,0,0
City Hotel,1,3,2015,October,41,8,0,1,2,0.0,0,BB,PRT,Corporate,Corporate,0,0,0,A,A,0,No Deposit,,0,Transient,65.0,0,0
City Hotel,0,17,2015,October,41,5,1,2,2,0.0,0,BB,FRA,Offline TA/TO,TA/TO,0,0,0,D,D,0,No Deposit,28.0,0,Transient,75.0,0,0
City Hotel,1,10,2015,October,41,8,0,1,2,0.0,0,BB,PRT,Online TA,TA/TO,0,0,0,A,A,0,No Deposit,9.0,0,Contract,145.0,0,0
City Hotel,0,1,2015,October,41,4,2,2,2,0.0,0,BB,NLD,Online TA,TA/TO,0,0,0,A,A,0,No Deposit,9.0,0,Transient,145.5,0,1
City Hotel,1,220,2015,October,42,17,2,1,2,0.0,0,BB,PRT,Offline TA/TO,TA/TO,0,1,0,A,A,0,No Deposit,3.0,0,Transient-Party,65.0,0,0
City Hotel,1,220,2015,October,42,17,2,1,2,0.0,0,BB,PRT,Offline TA/TO,TA/TO,0,1,0,A,A,0,No Deposit,3.0,0,Transient-Party,65.0,0,0
City Hotel,1,220,2015,October,42,17,2,1,2,0.0,0,BB,PRT,Offline TA/TO,TA/TO,0,1,0,A,A,0,No Deposit,3.0,0,Transient-Party,65.0,0,0
City Hotel,1,220,2015,October,42,17,2,1,2,0.0,0,BB,PRT,Offline TA/TO,TA/TO,0,1,0,A,A,0,No Deposit,3.0,0,Transient-Party,65.0,0,0
City Hotel,1,220,2015,October,42,17,2,1,2,0.0,0,BB,PRT,Offline TA/TO,TA/TO,0,1,0,A,A,0,No Deposit,3.0,0,Transient-Party,65.0,0,0
City Hotel,1,220,2015,October,42,17,2,1,2,0.0,0,BB,PRT,Offline TA/TO,TA/TO,0,1,0,A,A,0,No Deposit,3.0,0,Transient-Party,65.0,0,0
City Hotel,0,16,2015,October,41,8,0,0,2,0.0,0,BB,PRT,Online TA,TA/TO,0,0,0,A,K,0,No Deposit,7.0,0,Transient,0.0,0,1
City Hotel,1,21,2015,October,41,8,0,1,2,0.0,0,BB,PRT,Online TA,TA/TO,0,0,0,D,D,0,No Deposit,9.0,0,Contract,117.0,0,1
City Hotel,0,10,2015,October,41,5,1,3,2,0.0,0,BB,NOR,Online TA,TA/TO,0,0,0,A,A,0,No Deposit,9.0,0,Contract,135.5,0,1
City Hotel,0,0,2015,October,41,7,0,2,2,0.0,0,BB,PRT,Groups,TA/TO,0,0,0,A,A,0,No Deposit,1.0,0,Transient-Party,138.0,0,0
City Hotel,0,0,2015,October,41,7,0,2,2,0.0,0,BB,PRT,Groups,TA/TO,0,0,0,A,A,0,No Deposit,1.0,0,Transient-Party,138.0,0,0
City Hotel,0,5,2015,October,42,12,1,1,2,0.0,0,BB,PRT,Groups,TA/TO,0,0,1,A,A,0,No Deposit,1.0,0,Transient-Party,138.0,0,0
City Hotel,0,0,2015,October,41,7,0,2,2,0.0,0,BB,ITA,Groups,TA/TO,0,0,0,A,D,0,No Deposit,1.0,0,Transient-Party,138.0,0,0
City Hotel,0,5,2015,October,42,12,1,1,2,0.0,0,BB,ITA,Groups,TA/TO,0,0,1,A,A,0,No Deposit,1.0,0,Transient-Party,138.0,0,0
City Hotel,0,12,2015,October,41,4,2,3,2,0.0,0,HB,FRA,Offline TA/TO,TA/TO,0,0,0,A,A,0,No Deposit,83.0,0,Transient,129.8,0,0
City Hotel,0,21,2015,October,41,7,0,2,2,0.0,0,BB,PRT,Online TA,TA/TO,0,0,0,D,F,0,No Deposit,9.0,0,Contract,117.0,0,1
City Hotel,0,0,2015,October,41,7,0,2,2,0.0,0,BB,PRT,Groups,TA/TO,0,0,0,A,A,0,No Deposit,1.0,0,Transient-Party,138.0,0,0
City Hotel,0,19,2015,October,41,6,0,3,2,0.0,0,BB,NLD,Online TA,TA/TO,0,0,0,D,D,0,No Deposit,9.0,0,Contract,117.0,0,1
City Hotel,0,5,2015,October,41,5,1,3,2,0.0,0,BB,ESP,Online TA,TA/TO,0,0,0,A,A,0,No Deposit,9.0,0,Contract,145.0,0,1
City Hotel,0,1,2015,October,41,7,0,2,2,0.0,0,BB,PRT,Online TA,TA/TO,0,0,0,D,F,0,No Deposit,9.0,0,Contract,155.0,0,0
City Hotel,0,0,2015,October,41,7,0,2,2,0.0,0,BB,PRT,Groups,TA/TO,0,0,0,A,A,0,No Deposit,1.0,0,Transient-Party,138.0,0,0
City Hotel,1,2,2015,October,41,10,0,1,2,0.0,0,BB,PRT,Direct,Direct,0,1,0,A,A,0,No Deposit,,0,Transient,152.0,0,0
City Hotel,1,2,2015,October,41,10,0,1,2,0.0,0,BB,PRT,Direct,Direct,0,1,0,A,A,0,No Deposit,,0,Transient,152.0,0,0
City Hotel,0,20,2015,October,41,7,0,2,2,0.0,0,BB,POL,Online TA,TA/TO,0,0,0,A,A,0,No Deposit,9.0,0,Contract,107.0,0,2
City Hotel,0,20,2015,October,41,7,0,2,2,0.0,0,BB,POL,Online TA,TA/TO,0,0,0,A,A,0,No Deposit,9.0,0,Contract,107.0,0,2
City Hotel,0,257,2015,October,41,4,2,3,2,0.0,0,BB,DEU,Online TA,TA/TO,0,0,0,A,A,0,No Deposit,7.0,0,Transient,65.29,0,2
City Hotel,0,11,2015,October,41,4,2,3,2,0.0,0,BB,ITA,Online TA,TA/TO,0,0,0,A,A,0,No Deposit,10.0,0,Transient-Party,119.7,0,1
City Hotel,0,5,2015,October,41,6,0,3,2,0.0,0,BB,FRA,Online TA,TA/TO,0,0,0,A,A,0,No Deposit,9.0,0,Contract,151.33,0,0
City Hotel,0,13,2015,October,41,6,0,3,2,0.0,0,BB,FRA,Offline TA/TO,TA/TO,0,0,0,D,D,0,No Deposit,28.0,0,Transient,75.0,0,1
City Hotel,0,13,2015,October,41,6,0,3,2,0.0,0,BB,FRA,Offline TA/TO,TA/TO,0,0,0,D,D,0,No Deposit,28.0,0,Transient,75.0,0,1
City Hotel,0,7,2015,September,40,28,3,8,2,0.0,0,BB,DZA,Online TA,TA/TO,0,0,0,A,A,0,No Deposit,9.0,0,Contract,155.45,0,2
City Hotel,0,17,2015,October,41,4,2,3,2,0.0,0,BB,FRA,Direct,Direct,0,0,0,A,A,0,No Deposit,14.0,0,Transient,95.0,0,0
City Hotel,0,8,2015,October,41,4,2,3,2,0.0,0,BB,BRA,Online TA,TA/TO,0,0,0,A,A,0,No Deposit,9.0,0,Transient,133.6,0,3
City Hotel,0,4,2015,October,41,6,0,3,2,0.0,0,BB,TUR,Offline TA/TO,TA/TO,0,0,0,A,A,1,No Deposit,82.0,0,Transient-Party,90.0,0,1
City Hotel,0,6,2015,October,41,5,1,3,2,0.0,0,BB,AUT,Direct,Direct,0,0,0,A,D,3,No Deposit,14.0,0,Transient,133.0,0,2
City Hotel,0,12,2015,October,41,6,0,3,2,0.0,0,BB,FRA,Offline TA/TO,TA/TO,0,0,0,D,G,0,No Deposit,28.0,0,Transient,75.0,0,0
City Hotel,0,0,2015,October,41,7,0,2,2,0.0,0,BB,PRT,Groups,TA/TO,0,0,0,A,A,0,No Deposit,1.0,0,Transient-Party,138.0,0,0
City Hotel,0,5,2015,October,42,12,1,1,2,0.0,0,BB,PRT,Groups,TA/TO,0,0,1,A,A,0,No Deposit,1.0,0,Transient-Party,138.0,0,0
City Hotel,0,0,2015,October,41,7,0,2,2,0.0,0,BB,PRT,Groups,TA/TO,0,0,0,A,B,0,No Deposit,1.0,0,Transient-Party,138.0,0,0
City Hotel,0,0,2015,October,41,7,0,2,2,0.0,0,BB,PRT,Groups,TA/TO,0,0,0,A,A,0,No Deposit,1.0,0,Transient-Party,138.0,0,0
City Hotel,1,12,2015,October,42,11,2,1,2,0.0,0,BB,PRT,Direct,Direct,0,1,0,A,A,0,No Deposit,14.0,0,Transient,114.0,0,0
City Hotel,1,8,2015,October,41,10,1,1,2,0.0,0,BB,PRT,Groups,TA/TO,0,1,0,A,A,0,Non Refund,1.0,0,Transient,62.0,0,0
City Hotel,1,8,2015,October,41,10,1,1,2,0.0,0,BB,PRT,Groups,TA/TO,0,1,0,A,A,0,Non Refund,1.0,0,Transient,62.0,0,0
City Hotel,0,11,2015,October,41,9,0,1,2,0.0,0,BB,DEU,Online TA,TA/TO,0,0,0,D,D,0,No Deposit,9.0,0,Contract,155.0,0,2
City Hotel,0,11,2015,October,41,9,0,1,2,0.0,0,BB,DEU,Online TA,TA/TO,0,0,0,D,D,0,No Deposit,9.0,0,Contract,155.0,0,2
City Hotel,0,26,2015,October,41,7,0,3,2,0.0,0,BB,IRL,Online TA,TA/TO,0,0,0,A,A,0,No Deposit,9.0,0,Contract,114.67,0,2
City Hotel,0,1,2015,October,41,7,0,3,2,0.0,0,BB,DEU,Online TA,TA/TO,0,0,0,D,D,0,No Deposit,9.0,0,Contract,155.0,0,2
City Hotel,0,12,2015,October,41,5,1,4,2,0.0,0,BB,PRT,Direct,Direct,0,0,0,A,D,0,No Deposit,14.0,0,Transient,114.0,0,3
City Hotel,0,24,2015,October,41,4,2,4,2,0.0,0,BB,FRA,Online TA,TA/TO,0,0,0,D,D,0,No Deposit,7.0,0,Transient,81.7,0,1
City Hotel,0,17,2015,October,40,3,2,5,2,0.0,0,BB,FRA,Online TA,TA/TO,0,0,0,D,D,0,No Deposit,9.0,0,Contract,119.71,0,1
City Hotel,0,0,2015,October,41,9,0,1,2,0.0,0,BB,PRT,Online TA,TA/TO,0,0,0,A,A,0,No Deposit,9.0,0,Transient,164.0,0,1
City Hotel,0,9,2015,October,41,7,0,3,2,0.0,0,BB,ESP,Online TA,TA/TO,0,0,0,A,E,0,No Deposit,9.0,0,Contract,145.0,0,0
City Hotel,0,11,2015,October,41,4,2,4,2,0.0,0,BB,FRA,Direct,Direct,0,0,0,E,E,0,No Deposit,,0,Transient,146.0,0,2
City Hotel,0,20,2015,October,41,4,2,4,2,0.0,0,BB,ISR,Online TA,TA/TO,0,0,0,A,A,0,No Deposit,9.0,0,Contract,107.0,0,1
City Hotel,0,24,2015,October,41,9,0,1,2,0.0,0,BB,FRA,Online TA,TA/TO,0,0,0,A,A,0,No Deposit,9.0,0,Transient,117.0,0,1
City Hotel,0,18,2015,October,41,9,0,1,2,0.0,0,BB,CHE,Online TA,TA/TO,0,0,0,A,A,0,No Deposit,9.0,0,Contract,126.0,0,1
City Hotel,0,25,2015,October,41,6,0,4,2,0.0,0,BB,DEU,Online TA,TA/TO,0,0,0,A,A,0,No Deposit,9.0,0,Contract,112.25,0,1
City Hotel,0,18,2015,October,41,4,2,4,2,0.0,0,BB,CHE,Online TA,TA/TO,0,0,0,A,A,0,No Deposit,11.0,0,Transient,81.35,0,0
City Hotel,0,24,2015,October,41,8,0,2,2,0.0,0,BB,ESP,Online TA,TA/TO,0,0,0,A,E,0,No Deposit,9.0,0,Contract,107.0,0,2
City Hotel,0,15,2015,October,41,7,0,3,2,0.0,0,BB,FRA,Online TA,TA/TO,0,0,0,D,D,0,No Deposit,7.0,0,Transient,104.72,0,1
City Hotel,0,0,2015,October,41,9,0,1,2,0.0,0,SC,BEL,Online TA,TA/TO,0,0,0,A,A,0,No Deposit,9.0,0,Transient,161.0,1,1
City Hotel,0,17,2015,October,41,6,0,4,2,0.0,0,BB,FRA,Online TA,TA/TO,0,0,0,A,A,0,No Deposit,7.0,0,Transient,97.02,0,0
City Hotel,0,7,2015,October,41,7,0,3,2,0.0,0,BB,ITA,Online TA,TA/TO,0,0,0,A,A,0,No Deposit,9.0,0,Contract,164.0,0,2
City Hotel,0,20,2015,October,41,4,2,4,2,0.0,0,BB,FRA,Online TA,TA/TO,0,0,0,A,A,0,No Deposit,9.0,0,Contract,107.0,0,0
City Hotel,0,23,2015,October,41,9,0,1,2,0.0,0,BB,USA,Offline TA/TO,TA/TO,0,0,0,D,F,0,No Deposit,90.0,0,Transient,96.3,0,0
City Hotel,0,22,2015,October,41,6,0,4,2,0.0,0,BB,PRT,Online TA,TA/TO,0,0,0,A,D,1,No Deposit,9.0,0,Contract,115.0,0,2
City Hotel,0,22,2015,October,41,6,0,4,2,0.0,0,BB,PRT,Online TA,TA/TO,0,0,0,A,A,1,No Deposit,9.0,0,Contract,115.0,0,2
City Hotel,0,18,2015,October,41,5,1,4,2,0.0,0,BB,BRA,Online TA,TA/TO,0,0,0,A,A,0,No Deposit,9.0,0,Contract,107.0,0,2
City Hotel,0,22,2015,October,41,9,0,1,2,0.0,0,BB,USA,Online TA,TA/TO,0,0,0,A,A,0,No Deposit,7.0,0,Transient,82.39,0,2
City Hotel,0,7,2015,October,41,7,0,3,2,0.0,0,BB,ITA,Online TA,TA/TO,0,0,0,A,A,0,No Deposit,9.0,0,Contract,164.0,0,2
City Hotel,0,12,2015,October,41,5,1,4,2,0.0,0,BB,PRT,Direct,Direct,0,0,0,A,A,0,No Deposit,14.0,0,Transient,114.0,0,3
City Hotel,0,3,2015,October,41,4,2,4,2,0.0,0,SC,BRA,Online TA,TA/TO,0,0,0,A,A,0,No Deposit,9.0,0,Contract,133.0,0,2
City Hotel,0,0,2015,October,41,9,0,1,2,0.0,0,BB,PRT,Direct,Direct,0,0,0,A,A,0,No Deposit,,0,Transient,152.0,0,0
City Hotel,0,22,2015,October,41,6,0,4,2,0.0,0,BB,CHE,Online TA,TA/TO,0,0,0,A,A,0,No Deposit,9.0,0,Contract,107.0,0,2
City Hotel,0,24,2015,October,41,8,0,3,2,0.0,0,SC,SWE,Online TA,TA/TO,0,0,0,A,A,0,No Deposit,9.0,0,Contract,114.0,0,2
City Hotel,0,24,2015,October,41,8,0,3,2,0.0,0,BB,PRT,Online TA,TA/TO,0,0,0,A,A,4,No Deposit,9.0,0,Contract,107.0,0,1
City Hotel,0,2,2015,October,41,9,0,2,2,0.0,0,BB,ESP,Online TA,TA/TO,0,0,0,D,F,0,No Deposit,9.0,0,Contract,164.5,0,2
City Hotel,0,3,2015,October,41,7,0,4,2,0.0,0,BB,PRT,Offline TA/TO,TA/TO,0,0,0,A,E,0,No Deposit,3.0,0,Transient-Party,70.0,0,0
City Hotel,0,12,2015,October,42,12,1,3,2,0.0,0,BB,PRT,Corporate,Corporate,0,0,0,A,A,1,No Deposit,95.0,0,Transient-Party,100.0,0,0
City Hotel,0,2,2015,October,41,10,1,1,2,0.0,0,BB,MMR,Online TA,TA/TO,0,0,0,A,F,0,No Deposit,9.0,0,Transient,145.0,0,0
City Hotel,0,1,2015,October,41,10,1,1,2,0.0,0,BB,AUT,Direct,Direct,0,0,0,A,G,0,No Deposit,,0,Transient,128.0,0,0
City Hotel,0,1,2015,October,41,10,1,1,2,0.0,0,BB,PRT,Groups,TA/TO,0,0,0,A,A,0,No Deposit,1.0,0,Transient-Party,62.0,0,0
City Hotel,0,1,2015,October,41,10,1,1,2,0.0,0,BB,ESP,Groups,TA/TO,0,0,0,A,A,0,No Deposit,1.0,0,Transient-Party,62.0,0,0
City Hotel,0,3,2015,October,42,11,1,0,2,0.0,0,BB,PRT,Online TA,TA/TO,0,0,0,A,A,0,No Deposit,9.0,0,Transient,126.0,0,0
City Hotel,0,1,2015,October,41,10,1,1,2,0.0,0,SC,PRT,Offline TA/TO,TA/TO,0,0,0,A,D,0,No Deposit,83.0,0,Transient-Party,0.0,0,1
City Hotel,0,1,2015,October,41,9,1,2,2,0.0,0,BB,ESP,Online TA,TA/TO,0,0,0,A,A,0,No Deposit,9.0,0,Transient,151.33,0,0
City Hotel,0,1,2015,October,41,10,1,1,2,0.0,0,BB,ESP,Offline TA/TO,TA/TO,0,0,0,A,D,0,No Deposit,83.0,0,Transient,116.0,0,1
City Hotel,0,7,2015,October,41,9,1,2,2,0.0,0,BB,ESP,Online TA,TA/TO,0,0,0,D,D,0,No Deposit,9.0,0,Contract,170.33,0,2
City Hotel,0,1,2015,October,41,10,1,1,2,0.0,0,BB,ESP,Offline TA/TO,TA/TO,0,0,0,A,B,0,No Deposit,83.0,0,Transient,12.0,0,1
City Hotel,0,7,2015,October,41,9,1,2,2,0.0,0,BB,ESP,Online TA,TA/TO,0,0,0,D,D,0,No Deposit,9.0,0,Contract,161.33,0,2
City Hotel,1,0,2015,October,42,12,1,1,2,0.0,0,BB,KOR,Online TA,TA/TO,1,0,0,A,A,0,No Deposit,9.0,0,Transient,126.0,0,0
City Hotel,0,2,2015,October,41,10,1,1,2,0.0,0,BB,ESP,Online TA,TA/TO,0,0,0,F,G,0,No Deposit,9.0,0,Transient,205.0,1,0
City Hotel,0,9,2016,October,43,20,0,1,2,0.0,0,BB,PRT,Online TA,TA/TO,1,0,1,D,E,0,No Deposit,9.0,0,Group,12.0,1,1
City Hotel,0,11,2015,October,41,9,1,2,2,0.0,0,SC,ESP,Online TA,TA/TO,0,0,0,A,A,0,No Deposit,9.0,0,Contract,139.33,0,1
City Hotel,0,0,2015,October,42,11,1,0,2,0.0,0,BB,KOR,Online TA,TA/TO,0,0,0,A,A,0,No Deposit,9.0,0,Transient,126.0,0,0
City Hotel,0,1,2015,October,41,9,1,2,2,0.0,0,BB,ESP,Online TA,TA/TO,0,0,0,A,A,0,No Deposit,9.0,0,Transient,139.33,0,0
City Hotel,0,1,2015,October,42,11,1,0,2,0.0,0,BB,ESP,Direct,Direct,0,0,0,A,A,0,No Deposit,,0,Transient,90.0,0,0
City Hotel,1,29,2015,October,44,28,0,3,2,0.0,0,BB,PRT,Online TA,TA/TO,0,1,0,D,D,0,No Deposit,9.0,0,Transient,136.0,0,3
City Hotel,0,1,2015,October,41,9,1,2,2,0.0,0,BB,ESP,Online TA,TA/TO,0,0,0,A,A,2,No Deposit,9.0,0,Transient,139.33,0,1
City Hotel,1,36,2015,November,46,13,1,2,2,0.0,0,BB,PRT,Online TA,TA/TO,0,1,0,A,A,0,No Deposit,9.0,0,Transient,105.3,0,1
City Hotel,0,1,2015,October,41,9,1,2,2,0.0,0,BB,ESP,Online TA,TA/TO,0,0,0,A,D,0,No Deposit,9.0,0,Transient,169.33,1,0
City Hotel,0,3,2015,October,42,11,1,0,2,0.0,0,BB,PRT,Online TA,TA/TO,0,0,0,D,D,0,No Deposit,9.0,0,Transient,136.0,0,1
City Hotel,0,282,2015,October,41,10,2,1,2,0.0,0,BB,FIN,Offline TA/TO,TA/TO,0,0,0,A,A,0,No Deposit,21.0,0,Transient-Party,76.67,0,0
City Hotel,0,282,2015,October,41,10,2,1,2,0.0,0,BB,SWE,Offline TA/TO,TA/TO,0,0,0,A,A,0,No Deposit,21.0,0,Transient-Party,76.67,0,0
City Hotel,0,282,2015,October,41,10,2,1,2,0.0,0,BB,SWE,Offline TA/TO,TA/TO,0,0,0,A,F,0,No Deposit,21.0,0,Transient-Party,76.67,0,0
City Hotel,0,282,2015,October,41,10,2,1,2,0.0,0,BB,SWE,Offline TA/TO,TA/TO,0,0,0,A,A,0,No Deposit,21.0,0,Transient-Party,76.67,0,0
City Hotel,0,282,2015,October,41,10,2,1,2,0.0,0,BB,SWE,Offline TA/TO,TA/TO,0,0,0,A,A,0,No Deposit,21.0,0,Transient-Party,76.67,0,0
City Hotel,0,282,2015,October,41,10,2,1,2,0.0,0,BB,SWE,Offline TA/TO,TA/TO,0,0,0,A,D,0,No Deposit,21.0,0,Transient-Party,76.67,0,0
City Hotel,0,282,2015,October,41,10,2,1,2,0.0,0,BB,SWE,Offline TA/TO,TA/TO,0,0,0,A,A,0,No Deposit,21.0,0,Transient-Party,76.67,0,0
City Hotel,0,282,2015,October,41,10,2,1,2,0.0,0,BB,SWE,Offline TA/TO,TA/TO,0,0,0,A,A,0,No Deposit,21.0,0,Transient-Party,76.67,0,0
City Hotel,0,282,2015,October,41,10,2,1,2,0.0,0,BB,PRT,Offline TA/TO,TA/TO,0,0,0,A,D,0,No Deposit,21.0,0,Transient-Party,76.67,0,0
City Hotel,0,282,2015,October,41,10,2,1,2,0.0,0,BB,SWE,Offline TA/TO,TA/TO,0,0,0,A,D,0,No Deposit,21.0,0,Transient-Party,76.67,0,0
City Hotel,0,282,2015,October,41,10,2,1,2,0.0,0,BB,SWE,Offline TA/TO,TA/TO,0,0,0,A,D,0,No Deposit,21.0,0,Transient-Party,76.67,0,0
City Hotel,0,282,2015,October,41,10,2,1,2,0.0,0,BB,SWE,Offline TA/TO,TA/TO,0,0,0,A,A,0,No Deposit,21.0,0,Transient-Party,76.67,0,0
City Hotel,0,7,2015,October,42,12,1,0,2,0.0,0,BB,PRT,Corporate,Corporate,0,0,0,A,A,0,No Deposit,,0,Transient,75.0,0,0
City Hotel,1,14,2015,October,44,26,1,3,2,0.0,0,BB,PRT,Online TA,TA/TO,0,1,0,A,A,0,No Deposit,9.0,0,Contract,126.0,0,1
City Hotel,0,221,2015,October,41,10,2,1,2,0.0,0,BB,FRA,Offline TA/TO,TA/TO,0,0,0,A,A,0,No Deposit,3.0,0,Transient-Party,65.0,0,0
City Hotel,0,221,2015,October,41,10,2,1,2,0.0,0,BB,FRA,Offline TA/TO,TA/TO,0,0,0,A,A,0,No Deposit,3.0,0,Transient-Party,65.0,0,0
City Hotel,0,221,2015,October,41,10,2,1,2,0.0,0,BB,FRA,Offline TA/TO,TA/TO,0,0,0,A,A,0,No Deposit,3.0,0,Transient-Party,65.0,0,0
City Hotel,0,6,2015,October,41,10,2,1,2,0.0,0,BB,FRA,Offline TA/TO,TA/TO,0,0,0,A,A,0,No Deposit,3.0,0,Transient-Party,65.0,0,0
City Hotel,0,221,2015,October,41,10,2,1,2,0.0,0,BB,FRA,Offline TA/TO,TA/TO,0,0,0,A,A,0,No Deposit,3.0,0,Transient-Party,65.0,0,0
City Hotel,1,243,2016,June,24,11,1,1,2,0.0,0,BB,PRT,Online TA,TA/TO,0,1,0,A,A,0,No Deposit,9.0,0,Contract,106.2,0,1
City Hotel,0,221,2015,October,41,10,2,1,2,0.0,0,BB,FRA,Offline TA/TO,TA/TO,0,0,0,A,A,0,No Deposit,3.0,0,Transient-Party,65.0,0,0
City Hotel,0,221,2015,October,41,10,2,1,2,0.0,0,BB,FRA,Offline TA/TO,TA/TO,0,0,0,A,A,0,No Deposit,3.0,0,Transient-Party,65.0,0,0
City Hotel,0,0,2015,October,42,11,2,0,2,0.0,0,BB,CHE,Online TA,TA/TO,0,0,0,A,A,0,No Deposit,9.0,0,Transient,123.0,0,0
City Hotel,0,221,2015,October,41,10,2,1,2,0.0,0,BB,FRA,Offline TA/TO,TA/TO,0,0,0,A,A,0,No Deposit,3.0,0,Transient-Party,65.0,0,0
City Hotel,0,221,2015,October,41,10,2,1,2,0.0,0,BB,FRA,Offline TA/TO,TA/TO,0,0,0,A,D,0,No Deposit,3.0,0,Transient-Party,65.0,0,0
City Hotel,0,221,2015,October,41,10,2,1,2,0.0,0,BB,PRT,Offline TA/TO,TA/TO,0,0,0,A,A,0,No Deposit,3.0,0,Transient-Party,65.0,0,0
City Hotel,0,221,2015,October,41,10,2,1,2,0.0,0,BB,FRA,Offline TA/TO,TA/TO,0,0,0,A,A,0,No Deposit,3.0,0,Transient-Party,65.0,0,0
City Hotel,0,221,2015,October,41,10,2,1,2,0.0,0,BB,FRA,Offline TA/TO,TA/TO,0,0,0,A,A,0,No Deposit,3.0,0,Transient-Party,65.0,0,0
City Hotel,0,1,2015,October,41,9,2,2,2,0.0,0,BB,USA,Online TA,TA/TO,0,0,0,A,A,0,No Deposit,9.0,0,Transient,145.0,0,2
City Hotel,0,3,2015,October,41,10,2,1,2,0.0,0,SC,GBR,Online TA,TA/TO,0,0,0,A,B,0,No Deposit,89.0,0,Transient,116.4,0,0
City Hotel,0,221,2015,October,41,10,2,1,2,0.0,0,BB,FRA,Offline TA/TO,TA/TO,0,0,0,A,A,0,No Deposit,3.0,0,Transient-Party,65.0,0,0
City Hotel,1,38,2015,October,43,19,1,1,2,0.0,0,BB,PRT,Offline TA/TO,TA/TO,0,1,0,A,A,0,No Deposit,83.0,0,Transient,82.8,0,0
City Hotel,0,0,2015,October,42,12,1,0,2,0.0,0,BB,DEU,Direct,Direct,0,0,0,A,A,0,No Deposit,,0,Transient,114.0,0,0
City Hotel,0,221,2015,October,41,10,2,1,2,0.0,0,BB,FRA,Offline TA/TO,TA/TO,0,0,0,A,A,0,No Deposit,3.0,0,Transient-Party,65.0,0,0
City Hotel,0,221,2015,October,41,10,2,1,2,0.0,0,BB,FRA,Offline TA/TO,TA/TO,0,0,0,A,A,0,No Deposit,3.0,0,Transient-Party,65.0,0,0
City Hotel,0,282,2015,October,41,10,2,1,2,0.0,0,BB,SWE,Offline TA/TO,TA/TO,0,0,0,A,A,0,No Deposit,21.0,0,Transient-Party,76.67,0,0
City Hotel,1,29,2015,October,44,29,0,3,2,0.0,0,BB,PRT,Online TA,TA/TO,0,1,0,A,A,1,No Deposit,9.0,0,Contract,126.0,0,3
City Hotel,1,29,2015,October,44,29,0,3,2,0.0,0,BB,PRT,Online TA,TA/TO,0,1,0,A,A,0,No Deposit,9.0,0,Contract,126.0,0,3
City Hotel,0,5,2015,October,42,12,1,1,2,0.0,0,BB,PRT,Groups,TA/TO,0,0,0,A,A,0,No Deposit,1.0,0,Transient-Party,138.0,0,0
City Hotel,0,5,2015,October,42,12,1,1,2,0.0,0,BB,PRT,Groups,TA/TO,0,0,0,A,A,0,No Deposit,1.0,0,Transient-Party,138.0,0,0
City Hotel,0,5,2015,October,42,12,1,1,2,0.0,0,BB,PRT,Groups,TA/TO,0,0,0,A,A,0,No Deposit,1.0,0,Transient-Party,138.0,0,0
City Hotel,0,5,2015,October,42,12,1,1,2,0.0,0,BB,PRT,Groups,TA/TO,0,0,0,A,A,0,No Deposit,1.0,0,Transient-Party,138.0,0,0
City Hotel,0,5,2015,October,42,12,1,1,2,0.0,0,BB,PRT,Groups,TA/TO,0,0,0,A,A,0,No Deposit,1.0,0,Transient-Party,138.0,0,0
City Hotel,0,6,2015,October,42,11,2,1,2,0.0,0,BB,ESP,Offline TA/TO,TA/TO,0,0,0,A,A,0,No Deposit,83.0,0,Transient,100.8,0,0
City Hotel,0,2,2015,October,42,13,0,1,2,0.0,0,BB,PRT,Offline TA/TO,TA/TO,0,0,0,A,D,0,No Deposit,63.0,0,Transient-Party,85.0,0,0
City Hotel,0,0,2015,October,42,11,2,1,2,0.0,0,BB,BRA,Direct,Direct,0,0,0,A,D,1,No Deposit,,0,Transient,114.0,0,0
City Hotel,1,9,2015,October,43,18,1,0,2,0.0,0,BB,PRT,Direct,Direct,0,1,0,A,A,0,No Deposit,,0,Transient,100.0,0,0
City Hotel,0,0,2015,October,42,12,1,1,2,0.0,0,BB,PRT,Online TA,TA/TO,0,0,0,A,A,0,No Deposit,9.0,0,Contract,126.0,0,0
City Hotel,0,28,2015,October,42,12,1,1,2,0.0,0,BB,ESP,Online TA,TA/TO,0,0,0,A,A,0,No Deposit,9.0,0,Contract,110.65,0,2
City Hotel,0,4,2015,October,42,11,2,1,2,0.0,0,BB,PRT,Direct,Direct,0,0,0,A,A,1,No Deposit,,0,Transient,114.0,0,1
City Hotel,1,6,2015,October,43,19,1,3,2,0.0,0,SC,PRT,Online TA,TA/TO,0,1,0,A,A,1,No Deposit,10.0,0,Transient,114.0,0,0
City Hotel,0,0,2015,October,42,13,0,1,2,0.0,0,BB,ESP,Direct,Direct,0,0,0,A,A,0,No Deposit,,0,Transient,114.0,0,0
City Hotel,0,0,2015,October,42,13,0,1,2,0.0,0,SC,PRT,Online TA,TA/TO,0,0,0,A,A,0,No Deposit,9.0,0,Contract,114.0,0,1
City Hotel,1,12,2015,October,44,25,2,1,2,0.0,0,HB,PRT,Groups,TA/TO,0,1,0,A,A,0,No Deposit,37.0,0,Transient-Party,111.0,0,0
City Hotel,1,12,2015,October,44,25,2,1,2,0.0,0,HB,PRT,Groups,TA/TO,0,1,0,A,A,0,No Deposit,37.0,0,Transient-Party,111.0,0,0
City Hotel,1,12,2015,October,44,25,2,1,2,0.0,0,HB,PRT,Groups,TA/TO,0,1,0,A,A,0,No Deposit,37.0,0,Transient-Party,111.0,0,0
City Hotel,1,12,2015,October,44,25,2,1,2,0.0,0,HB,PRT,Groups,TA/TO,0,1,0,A,A,0,No Deposit,37.0,0,Transient-Party,111.0,0,0
City Hotel,1,12,2015,October,44,25,2,1,2,0.0,0,HB,PRT,Groups,TA/TO,0,1,0,A,A,0,No Deposit,37.0,0,Transient-Party,111.0,0,0
City Hotel,0,32,2015,October,42,12,1,2,2,0.0,0,BB,CHE,Online TA,TA/TO,0,0,0,A,A,0,No Deposit,11.0,0,Transient,73.87,0,0
City Hotel,0,254,2015,October,42,13,0,2,2,0.0,0,BB,PRT,Online TA,TA/TO,0,0,0,A,A,0,No Deposit,9.0,0,Transient,98.25,1,1
City Hotel,0,1,2015,October,42,14,0,1,2,0.0,0,BB,ESP,Direct,Direct,0,0,0,A,A,0,No Deposit,14.0,0,Transient,109.0,0,0
City Hotel,0,29,2015,October,42,11,2,2,2,0.0,0,BB,DEU,Online TA,TA/TO,0,0,0,A,A,0,No Deposit,10.0,0,Group,96.3,0,0
City Hotel,0,21,2015,October,42,12,1,2,2,0.0,0,BB,PRT,Offline TA/TO,TA/TO,0,0,0,D,D,0,No Deposit,28.0,0,Transient,75.0,0,0
City Hotel,0,25,2015,October,41,9,2,4,2,0.0,0,SC,DEU,Online TA,TA/TO,0,0,0,A,A,0,No Deposit,9.0,0,Contract,101.33,0,2
City Hotel,0,28,2015,October,42,12,1,2,2,0.0,0,BB,NLD,Online TA,TA/TO,0,0,0,A,A,0,No Deposit,9.0,0,Contract,99.87,0,2
City Hotel,0,0,2015,October,42,11,2,2,2,0.0,0,BB,ROU,Direct,Direct,0,0,0,A,A,0,No Deposit,,0,Transient,114.0,0,0
City Hotel,0,1,2015,October,42,14,0,1,2,0.0,0,BB,USA,Direct,Direct,0,0,0,A,A,0,No Deposit,,0,Transient,12.0,0,0
City Hotel,0,34,2015,October,42,12,1,2,2,0.0,0,BB,PRT,Online TA,TA/TO,0,0,0,A,A,0,No Deposit,9.0,0,Contract,103.5,0,1
City Hotel,0,0,2015,October,42,12,1,2,2,0.0,0,BB,ISR,Groups,TA/TO,0,0,0,A,D,0,No Deposit,37.0,0,Transient,123.33,0,0
City Hotel,0,30,2015,October,42,14,0,1,2,0.0,0,BB,FRA,Online TA,TA/TO,0,0,0,D,D,1,No Deposit,9.0,0,Contract,105.3,0,1
City Hotel,0,1,2015,October,42,14,0,1,2,0.0,0,BB,PRT,Direct,Direct,0,0,0,A,A,0,No Deposit,,0,Transient,114.0,0,0
City Hotel,1,13,2015,October,43,19,1,1,2,0.0,0,BB,PRT,Online TA,TA/TO,0,1,0,A,A,0,No Deposit,9.0,0,Contract,126.0,0,3
City Hotel,0,25,2015,October,42,11,2,2,2,0.0,0,BB,IRL,Offline TA/TO,TA/TO,0,0,0,A,A,0,No Deposit,79.0,0,Transient,72.76,0,0
City Hotel,1,6,2015,October,43,19,1,2,2,0.0,0,SC,PRT,Online TA,TA/TO,0,1,0,A,A,0,No Deposit,10.0,0,Transient,102.6,0,0
City Hotel,1,287,2016,July,30,23,2,1,2,0.0,0,BB,PRT,Online TA,TA/TO,0,1,0,A,A,0,No Deposit,9.0,0,Contract,95.4,0,1
City Hotel,0,1,2015,October,42,14,0,1,2,0.0,0,BB,ESP,Corporate,Corporate,0,0,0,A,A,0,No Deposit,,0,Transient,95.0,0,1
City Hotel,0,28,2015,October,42,12,1,2,2,0.0,0,BB,ISR,Online TA,TA/TO,0,0,0,A,A,0,No Deposit,9.0,0,Contract,96.3,0,2
City Hotel,0,12,2015,October,42,12,1,3,2,0.0,0,BB,PRT,Corporate,Corporate,0,0,0,A,D,1,No Deposit,95.0,0,Transient-Party,100.0,0,0
City Hotel,0,1,2015,October,42,14,0,2,2,0.0,0,BB,FRA,Offline TA/TO,TA/TO,0,0,0,A,A,0,No Deposit,86.0,0,Transient,100.8,0,0
City Hotel,0,12,2015,October,42,12,1,3,2,0.0,0,BB,PRT,Corporate,Corporate,0,0,0,A,D,0,No Deposit,95.0,0,Transient-Party,100.0,0,0
City Hotel,0,12,2015,October,42,12,1,3,2,0.0,0,BB,PRT,Corporate,Corporate,0,0,0,A,D,2,No Deposit,95.0,0,Transient-Party,100.0,0,0
City Hotel,0,12,2015,October,42,12,1,3,2,0.0,0,BB,AUT,Corporate,Corporate,0,0,0,A,D,1,No Deposit,95.0,0,Transient-Party,100.0,0,0
City Hotel,0,1,2015,October,42,15,0,1,2,0.0,0,BB,NLD,Online TA,TA/TO,0,0,0,D,D,0,No Deposit,9.0,0,Contract,145.0,1,0
City Hotel,1,14,2015,October,43,19,1,3,2,0.0,0,BB,PRT,Online TA,TA/TO,0,1,0,A,A,0,No Deposit,9.0,0,Contract,126.0,0,0
City Hotel,0,7,2015,October,42,15,0,1,2,0.0,0,BB,PRT,Online TA,TA/TO,0,0,0,A,A,0,No Deposit,9.0,0,Transient,135.0,0,1
City Hotel,0,0,2015,October,42,14,0,2,2,0.0,0,BB,HRV,Direct,Direct,0,0,0,A,A,0,No Deposit,,0,Transient,123.0,0,0
City Hotel,0,34,2015,October,42,14,0,2,2,0.0,0,HB,PRT,Online TA,TA/TO,0,0,0,A,A,0,No Deposit,15.0,0,Transient,108.9,0,0
City Hotel,0,22,2015,October,42,13,0,3,2,0.0,0,BB,FRA,Offline TA/TO,TA/TO,0,0,0,D,D,0,No Deposit,28.0,0,Transient,75.0,0,0
City Hotel,0,30,2015,October,42,12,1,3,2,0.0,0,BB,DEU,Online TA,TA/TO,0,0,0,A,A,0,No Deposit,9.0,0,Transient,96.3,0,1
City Hotel,0,12,2015,October,42,12,1,3,2,0.0,0,BB,PRT,Corporate,Corporate,0,0,0,A,D,0,No Deposit,95.0,0,Transient-Party,100.0,0,0
City Hotel,0,12,2015,October,42,12,1,3,2,0.0,0,BB,ESP,Corporate,Corporate,0,0,0,A,A,1,No Deposit,95.0,0,Transient-Party,100.0,0,0
City Hotel,0,22,2015,October,42,13,0,3,2,0.0,0,BB,ESP,Offline TA/TO,TA/TO,0,0,0,D,D,0,No Deposit,28.0,0,Transient,75.0,0,0
City Hotel,0,12,2015,October,42,12,1,3,2,0.0,0,BB,PRT,Corporate,Corporate,0,0,0,A,D,0,No Deposit,95.0,0,Transient-Party,100.0,0,0
City Hotel,1,102,2016,January,4,22,1,2,2,0.0,0,BB,PRT,Online TA,TA/TO,0,1,0,D,D,0,No Deposit,9.0,0,Contract,99.0,0,2
City Hotel,1,102,2016,January,4,22,1,2,2,0.0,0,BB,PRT,Online TA,TA/TO,0,1,0,D,D,0,No Deposit,9.0,0,Contract,99.0,0,2
City Hotel,0,11,2015,October,42,11,2,3,2,0.0,0,BB,AGO,Corporate,Corporate,0,0,0,A,A,0,No Deposit,95.0,0,Transient-Party,100.0,0,0
City Hotel,0,0,2015,October,42,14,0,2,2,0.0,0,BB,PRT,Direct,Direct,0,0,0,E,E,0,No Deposit,,0,Transient,146.0,0,2
City Hotel,0,11,2015,October,42,11,2,3,2,0.0,0,BB,AGO,Corporate,Corporate,0,0,0,A,B,1,No Deposit,95.0,0,Transient-Party,100.0,0,0
City Hotel,0,0,2015,October,42,15,0,1,2,0.0,0,BB,CHE,Online TA,TA/TO,0,0,0,D,D,0,No Deposit,7.0,0,Transient,104.72,0,1
City Hotel,0,21,2015,October,42,12,1,3,2,0.0,0,BB,FRA,Offline TA/TO,TA/TO,0,0,0,D,D,0,No Deposit,28.0,0,Transient,75.0,0,0
City Hotel,1,28,2015,November,45,2,1,5,2,0.0,0,BB,PRT,Online TA,TA/TO,0,1,0,A,A,0,No Deposit,9.0,0,Contract,90.95,0,0
City Hotel,0,64,2015,October,42,16,0,1,2,0.0,0,BB,FRA,Offline TA/TO,TA/TO,0,0,0,A,D,0,No Deposit,50.0,0,Transient-Party,85.0,0,0
City Hotel,0,29,2015,October,42,13,0,4,2,0.0,0,BB,BRA,Online TA,TA/TO,0,0,0,A,A,0,No Deposit,9.0,0,Contract,98.98,0,2
City Hotel,0,29,2015,October,42,13,0,4,2,0.0,0,BB,BRA,Online TA,TA/TO,0,0,0,A,A,0,No Deposit,9.0,0,Contract,98.98,0,2
City Hotel,0,29,2015,October,42,13,0,4,2,0.0,0,BB,DEU,Online TA,TA/TO,0,0,0,A,A,0,No Deposit,9.0,0,Contract,96.3,0,1
City Hotel,0,19,2015,October,42,13,0,4,2,0.0,0,BB,PRT,Online TA,TA/TO,0,0,0,A,A,0,No Deposit,9.0,0,Contract,126.0,0,1
City Hotel,0,30,2015,October,42,14,0,3,2,0.0,0,BB,BEL,Online TA,TA/TO,0,0,0,A,A,0,No Deposit,9.0,0,Contract,96.3,0,5
City Hotel,0,30,2015,October,42,14,0,3,2,0.0,0,BB,BEL,Online TA,TA/TO,0,0,0,A,A,0,No Deposit,9.0,0,Contract,96.3,0,5
City Hotel,0,30,2015,October,42,14,0,3,2,0.0,0,BB,BEL,Online TA,TA/TO,0,0,0,A,A,0,No Deposit,9.0,0,Contract,96.3,0,5
City Hotel,0,7,2015,October,42,15,0,2,2,0.0,0,BB,AUT,Online TA,TA/TO,0,0,0,D,D,2,No Deposit,9.0,0,Transient,145.0,1,1
City Hotel,1,182,2016,April,16,12,0,3,2,0.0,0,BB,PRT,Online TA,TA/TO,0,1,0,A,A,0,No Deposit,7.0,0,Transient,81.77,0,1
City Hotel,1,9,2015,October,43,21,2,4,2,0.0,0,BB,PRT,Online TA,TA/TO,0,1,0,D,D,0,No Deposit,9.0,0,Contract,139.17,0,1
City Hotel,0,14,2015,October,42,15,0,2,2,0.0,0,BB,FRA,Online TA,TA/TO,0,0,0,A,A,0,No Deposit,7.0,0,Transient,97.02,0,2
City Hotel,0,15,2015,October,42,11,2,4,2,0.0,0,BB,DEU,Online TA,TA/TO,0,0,0,A,A,0,No Deposit,7.0,0,Group,92.17,0,0
City Hotel,0,29,2015,October,42,13,0,4,2,0.0,0,BB,PRT,Online TA,TA/TO,0,0,0,A,A,0,No Deposit,11.0,0,Transient,73.21,0,0
City Hotel,0,13,2015,October,42,12,1,4,2,0.0,0,BB,DEU,Online TA,TA/TO,0,0,0,A,A,0,No Deposit,9.0,0,Contract,126.0,0,1
City Hotel,1,33,2015,October,42,17,2,4,2,0.0,0,BB,PRT,Online TA,TA/TO,0,0,0,B,A,0,No Deposit,9.0,0,Contract,107.58,0,2
City Hotel,0,0,2015,October,42,15,0,2,2,0.0,0,BB,AGO,Online TA,TA/TO,0,0,0,D,E,1,No Deposit,9.0,0,Contract,136.0,0,1
City Hotel,0,0,2016,January,3,10,2,5,2,0.0,0,BB,AGO,Online TA,TA/TO,1,0,1,A,A,1,No Deposit,9.0,0,Transient,41.84,0,1
City Hotel,0,14,2015,October,42,15,0,2,2,0.0,0,BB,SVN,Offline TA/TO,TA/TO,0,0,0,A,A,1,No Deposit,99.0,0,Transient-Party,100.0,0,0
City Hotel,1,4,2015,October,43,19,1,0,2,0.0,0,BB,PRT,Online TA,Corporate,0,1,0,A,A,0,No Deposit,47.0,0,Transient,90.0,0,0
City Hotel,1,4,2015,October,43,19,1,0,2,0.0,0,BB,PRT,Online TA,Corporate,0,1,0,A,A,0,No Deposit,47.0,0,Transient,90.0,0,0
City Hotel,0,17,2015,October,42,15,0,3,2,0.0,0,BB,GBR,Online TA,TA/TO,0,0,0,D,D,0,No Deposit,7.0,0,Transient,104.11,0,1
City Hotel,0,289,2015,October,42,17,0,1,2,0.0,0,BB,SWE,Offline TA/TO,TA/TO,0,0,0,A,A,0,No Deposit,21.0,0,Transient-Party,67.0,0,0
City Hotel,0,289,2015,October,42,17,0,1,2,0.0,0,BB,PRT,Offline TA/TO,TA/TO,0,0,0,A,A,0,No Deposit,21.0,0,Transient-Party,67.0,0,0
City Hotel,0,289,2015,October,42,17,0,1,2,0.0,0,BB,PRT,Offline TA/TO,TA/TO,0,0,0,A,A,0,No Deposit,21.0,0,Transient-Party,67.0,0,0
City Hotel,0,289,2015,October,42,17,0,1,2,0.0,0,BB,PRT,Offline TA/TO,TA/TO,0,0,0,A,A,0,No Deposit,21.0,0,Transient-Party,67.0,0,0
City Hotel,0,289,2015,October,42,17,0,1,2,0.0,0,BB,SWE,Offline TA/TO,TA/TO,0,0,0,A,A,0,No Deposit,21.0,0,Transient-Party,67.0,0,0
City Hotel,0,289,2015,October,42,17,0,1,2,0.0,0,BB,PRT,Offline TA/TO,TA/TO,0,0,0,A,A,0,No Deposit,21.0,0,Transient-Party,67.0,0,0
City Hotel,0,289,2015,October,42,17,0,1,2,0.0,0,BB,PRT,Offline TA/TO,TA/TO,0,0,0,A,A,0,No Deposit,21.0,0,Transient-Party,67.0,0,0
City Hotel,0,289,2015,October,42,17,0,1,2,0.0,0,BB,PRT,Offline TA/TO,TA/TO,0,0,0,A,A,0,No Deposit,21.0,0,Transient-Party,67.0,0,0
City Hotel,0,289,2015,October,42,17,0,1,2,0.0,0,BB,PRT,Offline TA/TO,TA/TO,0,0,0,A,A,0,No Deposit,21.0,0,Transient-Party,67.0,0,0
City Hotel,0,289,2015,October,42,17,0,1,2,0.0,0,BB,PRT,Offline TA/TO,TA/TO,0,0,0,A,A,0,No Deposit,21.0,0,Transient-Party,67.0,0,0
City Hotel,0,289,2015,October,42,17,0,1,2,0.0,0,BB,PRT,Offline TA/TO,TA/TO,0,0,0,A,E,0,No Deposit,21.0,0,Transient-Party,67.0,0,0
City Hotel,0,289,2015,October,42,17,0,1,2,0.0,0,BB,SWE,Offline TA/TO,TA/TO,0,0,0,A,A,0,No Deposit,21.0,0,Transient-Party,67.0,0,0
City Hotel,0,34,2015,October,42,15,0,3,2,0.0,0,BB,GBR,Online TA,TA/TO,0,0,0,A,A,0,No Deposit,9.0,0,Contract,125.0,0,1
City Hotel,0,17,2015,October,42,16,0,2,2,0.0,0,BB,FRA,Offline TA/TO,TA/TO,0,0,0,A,D,0,No Deposit,20.0,17,Transient-Party,48.0,0,0
City Hotel,0,17,2015,October,42,16,0,2,2,0.0,0,BB,FRA,Offline TA/TO,TA/TO,0,0,0,A,A,0,No Deposit,20.0,17,Transient-Party,48.0,0,0
City Hotel,0,17,2015,October,42,16,0,2,2,0.0,0,BB,FRA,Offline TA/TO,TA/TO,0,0,0,A,A,0,No Deposit,20.0,17,Transient-Party,48.0,0,0
City Hotel,0,17,2015,October,42,16,0,2,2,0.0,0,BB,FRA,Offline TA/TO,TA/TO,0,0,0,A,D,0,No Deposit,20.0,17,Transient-Party,48.0,0,0
City Hotel,0,17,2015,October,42,16,0,2,2,0.0,0,BB,FRA,Offline TA/TO,TA/TO,0,0,0,A,G,0,No Deposit,20.0,17,Transient-Party,48.0,0,0
City Hotel,0,35,2015,October,42,16,0,2,2,0.0,0,BB,ESP,Offline TA/TO,TA/TO,0,0,0,A,A,0,No Deposit,83.0,0,Contract,89.28,0,3
City Hotel,0,35,2015,October,42,16,0,2,2,0.0,0,BB,ESP,Offline TA/TO,TA/TO,0,0,0,A,A,0,No Deposit,83.0,0,Contract,89.28,0,3
City Hotel,0,17,2015,October,42,16,0,2,2,0.0,0,BB,FRA,Offline TA/TO,TA/TO,0,0,0,A,A,0,No Deposit,20.0,17,Transient-Party,48.0,0,0
City Hotel,0,17,2015,October,42,16,0,2,2,0.0,0,BB,FRA,Offline TA/TO,TA/TO,0,0,0,A,F,0,No Deposit,20.0,17,Transient-Party,48.0,0,0
City Hotel,0,17,2015,October,42,16,0,2,2,0.0,0,BB,FRA,Offline TA/TO,TA/TO,0,0,0,A,D,0,No Deposit,20.0,17,Transient-Party,48.0,0,0
City Hotel,0,17,2015,October,42,16,0,2,2,0.0,0,BB,FRA,Offline TA/TO,TA/TO,0,0,0,A,G,0,No Deposit,20.0,17,Transient-Party,48.0,0,0
City Hotel,0,3,2015,October,42,15,0,3,2,0.0,0,BB,ITA,Offline TA/TO,TA/TO,0,0,0,D,D,0,No Deposit,85.0,0,Transient,85.0,0,0
City Hotel,0,3,2015,October,42,15,0,3,2,0.0,0,BB,PRT,Offline TA/TO,TA/TO,0,0,0,D,D,0,No Deposit,85.0,0,Transient,85.0,0,0
City Hotel,0,34,2015,October,42,16,0,2,2,0.0,0,BB,GBR,Online TA,TA/TO,0,0,0,A,D,0,No Deposit,9.0,0,Transient,104.85,0,0
City Hotel,0,34,2015,October,42,16,0,2,2,0.0,0,BB,GBR,Online TA,TA/TO,0,0,0,A,D,0,No Deposit,9.0,0,Transient,104.85,0,0
City Hotel,0,17,2015,October,42,16,0,2,2,0.0,0,BB,FRA,Offline TA/TO,TA/TO,0,0,0,A,F,0,No Deposit,20.0,17,Transient-Party,48.0,0,0
City Hotel,0,289,2015,October,42,17,0,1,2,0.0,0,BB,PRT,Offline TA/TO,TA/TO,0,0,0,A,A,0,No Deposit,21.0,0,Transient-Party,67.0,0,0
City Hotel,0,23,2015,October,42,16,0,2,2,0.0,0,BB,PRT,Online TA,TA/TO,0,0,0,A,A,0,No Deposit,15.0,0,Transient,98.4,0,2
City Hotel,0,23,2015,October,42,16,0,2,2,0.0,0,BB,GBR,Online TA,TA/TO,0,0,0,A,A,0,No Deposit,15.0,0,Transient,98.4,0,2
City Hotel,0,23,2015,October,42,16,0,2,2,0.0,0,BB,PRT,Online TA,TA/TO,0,0,0,A,A,0,No Deposit,15.0,0,Transient,98.4,0,2
City Hotel,0,16,2015,October,42,15,1,3,2,0.0,0,HB,PRT,Groups,TA/TO,0,0,0,A,A,0,No Deposit,1.0,0,Transient-Party,90.0,0,0
City Hotel,0,30,2015,October,42,16,1,2,2,0.0,0,BB,COL,Online TA,TA/TO,0,0,0,A,A,0,No Deposit,9.0,0,Contract,102.0,0,2
City Hotel,0,34,2015,October,42,15,1,3,2,0.0,0,BB,BEL,Online TA,TA/TO,0,0,0,A,A,0,No Deposit,9.0,0,Contract,107.55,0,1
City Hotel,0,0,2015,October,43,18,1,0,2,0.0,0,BB,CN,Online TA,TA/TO,0,0,0,A,A,0,No Deposit,9.0,0,Transient,135.0,0,0
City Hotel,0,16,2015,October,42,15,1,3,2,0.0,0,HB,PRT,Groups,TA/TO,0,0,0,A,A,0,No Deposit,1.0,0,Transient-Party,90.0,0,0
City Hotel,0,34,2015,October,43,18,1,0,2,0.0,0,BB,PRT,Offline TA/TO,TA/TO,0,0,0,A,A,0,No Deposit,27.0,0,Transient,76.5,0,0
City Hotel,0,34,2015,October,43,18,1,0,2,0.0,0,BB,PRT,Offline TA/TO,TA/TO,0,0,0,A,D,0,No Deposit,27.0,0,Transient,76.5,0,0
City Hotel,0,16,2015,October,42,15,1,3,2,0.0,0,HB,PRT,Groups,TA/TO,0,0,0,A,A,0,No Deposit,1.0,0,Transient-Party,90.0,0,0
City Hotel,0,16,2015,October,42,15,1,3,2,0.0,0,HB,PRT,Groups,TA/TO,0,0,0,A,A,0,No Deposit,1.0,0,Transient-Party,90.0,0,0
City Hotel,0,16,2015,October,42,15,1,3,2,0.0,0,HB,PRT,Groups,TA/TO,0,0,0,A,A,0,No Deposit,1.0,0,Transient-Party,90.0,0,0
City Hotel,0,16,2015,October,42,15,1,3,2,0.0,0,HB,PRT,Groups,TA/TO,0,0,0,A,A,0,No Deposit,1.0,0,Transient-Party,90.0,0,0
City Hotel,0,16,2015,October,42,15,1,3,2,0.0,0,HB,PRT,Groups,TA/TO,0,0,0,A,A,0,No Deposit,1.0,0,Transient-Party,90.0,0,0
City Hotel,0,34,2015,October,43,18,1,0,2,0.0,0,BB,PRT,Offline TA/TO,TA/TO,0,0,0,A,A,0,No Deposit,27.0,0,Transient,76.5,0,0
City Hotel,0,16,2015,October,42,15,1,3,2,0.0,0,HB,PRT,Groups,TA/TO,0,0,0,A,A,0,No Deposit,1.0,0,Transient-Party,90.0,0,0
City Hotel,0,16,2015,October,42,15,1,3,2,0.0,0,HB,PRT,Groups,TA/TO,0,0,0,A,D,0,No Deposit,1.0,0,Transient-Party,90.0,0,0
City Hotel,0,16,2015,October,42,15,1,3,2,0.0,0,HB,PRT,Groups,TA/TO,0,0,0,A,A,0,No Deposit,1.0,0,Transient-Party,90.0,0,0
City Hotel,0,16,2015,October,42,15,1,3,2,0.0,0,HB,PRT,Groups,TA/TO,0,0,0,A,D,0,No Deposit,1.0,0,Transient-Party,90.0,0,0
City Hotel,0,5,2015,October,42,17,1,1,2,0.0,0,BB,PRT,Corporate,Corporate,0,0,0,A,A,0,No Deposit,,0,Transient,162.0,0,0
City Hotel,1,41,2015,October,43,23,0,1,2,0.0,0,BB,PRT,Online TA,TA/TO,0,1,0,A,A,0,No Deposit,9.0,0,Transient,96.3,0,2
City Hotel,0,35,2015,October,42,16,1,2,2,0.0,0,BB,CHE,Online TA,TA/TO,0,0,0,A,D,0,No Deposit,9.0,0,Contract,108.9,0,0
City Hotel,0,35,2015,October,42,17,1,1,2,0.0,0,BB,ESP,Online TA,TA/TO,0,0,0,A,A,0,No Deposit,9.0,0,Transient,104.85,0,1
City Hotel,0,30,2015,October,42,17,1,1,2,0.0,0,SC,ESP,Online TA,TA/TO,0,0,0,A,A,0,No Deposit,15.0,0,Transient,82.08,0,0
City Hotel,0,35,2015,October,42,17,1,1,2,0.0,0,BB,ESP,Online TA,TA/TO,0,0,0,A,A,0,No Deposit,9.0,0,Transient,104.85,0,1
City Hotel,0,16,2015,October,42,15,1,3,2,0.0,0,HB,PRT,Groups,TA/TO,0,0,0,A,A,0,No Deposit,1.0,0,Transient-Party,90.0,0,0
City Hotel,0,35,2015,October,42,17,1,1,2,0.0,0,BB,ESP,Online TA,TA/TO,0,0,0,A,A,0,No Deposit,9.0,0,Transient,104.85,0,1
City Hotel,0,36,2015,October,42,16,1,2,2,0.0,0,BB,ESP,Offline TA/TO,TA/TO,0,0,0,D,A,0,No Deposit,83.0,0,Contract,97.92,0,0
City Hotel,0,26,2015,October,42,14,1,4,2,0.0,0,BB,FRA,Offline TA/TO,TA/TO,0,0,0,D,D,0,No Deposit,28.0,0,Transient,75.0,0,0
City Hotel,0,16,2015,October,42,15,1,3,2,0.0,0,HB,PRT,Groups,TA/TO,0,0,0,A,D,0,No Deposit,1.0,0,Transient-Party,90.0,0,0
City Hotel,1,3,2015,October,43,19,1,2,2,0.0,0,BB,PRT,Corporate,Corporate,0,0,0,A,A,0,No Deposit,,0,Transient,123.0,0,0
City Hotel,0,35,2015,October,42,17,1,1,2,0.0,0,BB,NLD,Online TA,TA/TO,0,0,0,D,D,0,No Deposit,9.0,0,Transient,113.85,0,1
City Hotel,0,0,2015,October,43,18,1,0,2,0.0,0,SC,FRA,Online TA,TA/TO,0,0,0,A,A,0,No Deposit,9.0,0,Contract,114.0,0,0
City Hotel,0,18,2015,October,42,16,1,2,2,0.0,0,SC,GBR,Online TA,TA/TO,0,0,0,A,F,0,No Deposit,8.0,0,Transient,129.33,1,1
City Hotel,0,35,2015,October,42,17,1,1,2,0.0,0,BB,NLD,Online TA,TA/TO,0,0,0,A,A,0,No Deposit,9.0,0,Transient,104.85,1,1
City Hotel,1,14,2015,October,44,29,1,3,2,0.0,0,BB,PRT,Online TA,TA/TO,0,1,0,F,F,0,No Deposit,9.0,0,Contract,179.86,0,0
City Hotel,1,14,2015,October,44,30,1,2,2,0.0,0,BB,PRT,Online TA,TA/TO,0,1,0,B,B,0,No Deposit,9.0,0,Transient,107.17,0,1
City Hotel,1,14,2015,October,44,30,1,2,2,0.0,0,BB,PRT,Online TA,TA/TO,0,1,0,B,B,0,No Deposit,9.0,0,Transient,107.17,0,1
City Hotel,1,69,2015,November,49,29,2,1,2,0.0,0,BB,PRT,Offline TA/TO,TA/TO,0,1,0,D,D,0,No Deposit,28.0,0,Transient,60.0,0,0
City Hotel,1,1,2015,October,43,19,1,4,2,0.0,0,BB,PRT,Direct,Direct,0,0,0,A,A,0,No Deposit,,0,Transient,152.4,0,0
City Hotel,0,14,2015,October,42,13,2,5,2,0.0,0,BB,POL,Online TA,TA/TO,0,0,0,A,A,0,No Deposit,9.0,0,Contract,131.43,0,2
City Hotel,1,38,2015,October,43,22,0,3,2,0.0,0,BB,PRT,Online TA,TA/TO,0,1,0,D,D,0,No Deposit,9.0,0,Contract,105.3,0,1
City Hotel,0,221,2015,October,42,17,2,1,2,0.0,0,BB,FRA,Offline TA/TO,TA/TO,0,0,0,A,A,0,No Deposit,3.0,0,Transient-Party,65.0,0,0
City Hotel,0,221,2015,October,42,17,2,1,2,0.0,0,BB,FRA,Offline TA/TO,TA/TO,0,0,0,A,A,0,No Deposit,3.0,0,Transient-Party,65.0,0,0
City Hotel,0,221,2015,October,42,17,2,1,2,0.0,0,BB,FRA,Offline TA/TO,TA/TO,0,0,0,A,A,0,No Deposit,3.0,0,Transient-Party,65.0,0,0
City Hotel,0,221,2015,October,42,17,2,1,2,0.0,0,BB,FRA,Offline TA/TO,TA/TO,0,0,0,A,A,0,No Deposit,3.0,0,Transient-Party,65.0,0,0
City Hotel,0,0,2015,October,43,19,1,0,2,0.0,0,BB,PRT,Online TA,TA/TO,0,0,0,D,E,0,No Deposit,9.0,0,Contract,155.0,0,2
City Hotel,0,221,2015,October,42,17,2,1,2,0.0,0,BB,FRA,Offline TA/TO,TA/TO,0,0,0,A,A,0,No Deposit,3.0,0,Transient-Party,65.0,0,0
City Hotel,1,230,2016,June,24,5,2,0,2,0.0,0,BB,PRT,Online TA,TA/TO,0,1,0,B,B,0,No Deposit,8.0,0,Transient,89.0,0,1
City Hotel,1,230,2016,June,24,5,2,0,2,0.0,0,BB,PRT,Online TA,TA/TO,0,1,0,B,B,0,No Deposit,8.0,0,Transient,89.0,0,1
City Hotel,0,221,2015,October,42,17,2,1,2,0.0,0,BB,FRA,Offline TA/TO,TA/TO,0,0,0,A,A,0,No Deposit,3.0,0,Transient-Party,65.0,0,0
City Hotel,0,221,2015,October,42,17,2,1,2,0.0,0,BB,FRA,Offline TA/TO,TA/TO,0,0,0,A,A,0,No Deposit,3.0,0,Transient-Party,65.0,0,0
City Hotel,0,30,2015,October,42,16,2,2,2,0.0,0,BB,ESP,Online TA,TA/TO,0,0,0,D,D,0,No Deposit,9.0,0,Contract,118.58,0,1
City Hotel,0,31,2015,October,43,18,2,0,2,0.0,0,BB,NLD,Online TA,TA/TO,0,0,0,A,A,0,No Deposit,9.0,0,Contract,96.3,0,0
City Hotel,0,15,2015,October,42,15,2,3,2,0.0,0,BB,PRT,Online TA,TA/TO,0,0,0,A,A,0,No Deposit,9.0,0,Contract,142.6,1,1
City Hotel,0,221,2015,October,42,17,2,1,2,0.0,0,BB,FRA,Offline TA/TO,TA/TO,0,0,0,A,A,1,No Deposit,3.0,0,Transient-Party,65.0,0,1
City Hotel,0,221,2015,October,42,17,2,1,2,0.0,0,BB,FRA,Offline TA/TO,TA/TO,0,0,0,A,A,0,No Deposit,3.0,0,Transient-Party,65.0,0,0
City Hotel,0,221,2015,October,42,17,2,1,2,0.0,0,BB,FRA,Offline TA/TO,TA/TO,0,0,0,A,A,0,No Deposit,3.0,0,Transient-Party,65.0,0,1
City Hotel,0,221,2015,October,42,17,2,1,2,0.0,0,BB,PRT,Offline TA/TO,TA/TO,0,0,0,A,D,0,No Deposit,3.0,0,Transient-Party,65.0,0,0
City Hotel,0,221,2015,October,42,17,2,1,2,0.0,0,BB,FRA,Offline TA/TO,TA/TO,0,0,0,A,A,0,No Deposit,3.0,0,Transient-Party,65.0,0,0
City Hotel,0,17,2015,October,42,17,2,1,2,0.0,0,BB,IRL,Online TA,TA/TO,0,0,0,A,A,0,No Deposit,7.0,0,Transient,106.77,0,1
City Hotel,0,17,2015,October,42,15,2,3,2,0.0,0,BB,GBR,Online TA,TA/TO,0,0,0,A,A,0,No Deposit,7.0,0,Transient,94.95,0,1
City Hotel,0,221,2015,October,42,17,2,1,2,0.0,0,BB,FRA,Offline TA/TO,TA/TO,0,0,0,A,A,0,No Deposit,3.0,0,Transient-Party,65.0,0,0
City Hotel,0,26,2015,October,42,17,2,1,2,0.0,0,BB,GBR,Offline TA/TO,TA/TO,0,0,0,D,D,0,No Deposit,28.0,0,Transient,75.0,0,0
City Hotel,0,34,2015,October,42,15,2,3,2,0.0,0,SC,NLD,Online TA,TA/TO,0,0,0,B,B,0,No Deposit,9.0,0,Contract,94.3,0,0
City Hotel,0,34,2015,October,42,15,2,3,2,0.0,0,SC,NLD,Online TA,TA/TO,0,0,0,B,B,0,No Deposit,9.0,0,Contract,94.3,0,0
City Hotel,0,221,2015,October,42,17,2,1,2,0.0,0,BB,FRA,Offline TA/TO,TA/TO,0,0,0,A,A,0,No Deposit,3.0,0,Transient-Party,65.0,0,0
City Hotel,1,16,2015,October,44,30,2,5,2,0.0,0,BB,PRT,Direct,Direct,0,1,0,A,A,0,No Deposit,14.0,0,Transient,97.71,0,0
City Hotel,1,4,2015,December,49,5,0,1,2,0.0,0,BB,PRT,Complementary,Direct,1,2,0,A,A,0,No Deposit,,0,Transient,0.0,0,2
City Hotel,0,3,2016,May,22,22,1,0,2,0.0,0,BB,PRT,Complementary,Corporate,1,2,3,A,F,0,No Deposit,,0,Transient,0.0,0,3
City Hotel,0,4,2015,October,43,19,1,0,2,0.0,0,BB,RUS,Online TA,Corporate,0,0,0,A,D,0,No Deposit,,0,Transient,12.0,0,0
City Hotel,1,50,2015,November,46,8,2,3,2,0.0,0,BB,PRT,Online TA,TA/TO,0,1,0,A,A,0,No Deposit,9.0,0,Transient,118.0,0,1
City Hotel,0,11,2016,February,7,12,1,2,2,0.0,0,BB,ESP,Offline TA/TO,TA/TO,1,1,0,D,D,0,No Deposit,83.0,0,Transient,93.8,0,0
City Hotel,1,0,2015,October,43,20,0,1,2,0.0,0,BB,PRT,Offline TA/TO,TA/TO,1,0,0,D,F,0,No Deposit,3.0,0,Transient,97.0,0,0
City Hotel,0,3,2015,October,43,18,2,1,2,0.0,0,BB,SWE,Online TA,TA/TO,0,0,0,D,D,0,No Deposit,9.0,0,Contract,136.0,0,0
City Hotel,0,3,2015,October,43,19,1,1,2,0.0,0,BB,KOR,Corporate,Corporate,0,0,0,A,A,0,No Deposit,,0,Transient,142.0,0,0
City Hotel,0,20,2015,October,43,18,2,1,2,0.0,0,BB,FRA,Offline TA/TO,TA/TO,0,0,0,D,D,0,No Deposit,28.0,0,Group,84.0,0,0
City Hotel,0,28,2015,October,43,20,0,1,2,0.0,0,BB,PRT,Direct,Direct,0,0,0,A,E,0,No Deposit,14.0,0,Transient,134.0,0,3
City Hotel,0,14,2015,October,43,19,1,1,2,0.0,0,BB,FRA,Online TA,TA/TO,0,0,0,A,A,0,No Deposit,9.0,0,Contract,126.0,0,2
City Hotel,0,14,2015,October,43,19,1,1,2,0.0,0,BB,FRA,Online TA,TA/TO,0,0,0,A,A,0,No Deposit,9.0,0,Contract,126.0,0,2
City Hotel,0,5,2015,October,43,19,1,1,2,0.0,0,BB,CZE,Corporate,Corporate,0,0,0,F,F,0,No Deposit,,0,Transient,90.0,0,0
City Hotel,0,26,2015,October,43,18,2,1,2,0.0,0,BB,FRA,Offline TA/TO,TA/TO,0,0,0,D,D,0,No Deposit,28.0,0,Transient,75.0,0,0
City Hotel,0,0,2015,October,43,20,0,1,2,0.0,0,BB,PRT,Online TA,TA/TO,0,0,0,A,D,0,No Deposit,9.0,0,Transient,154.0,0,0
City Hotel,0,10,2015,October,43,18,2,1,2,0.0,0,BB,ITA,Direct,Direct,0,0,0,A,D,0,No Deposit,14.0,0,Group,114.0,0,0
City Hotel,0,2,2015,October,43,18,2,1,2,0.0,0,BB,NLD,Corporate,Corporate,0,0,0,A,A,0,No Deposit,,0,Transient-Party,123.0,0,0
City Hotel,0,29,2015,October,42,17,2,2,2,0.0,0,BB,FRA,Online TA,TA/TO,0,0,0,A,D,0,No Deposit,11.0,0,Transient,95.04,0,0
City Hotel,0,1,2015,October,42,17,2,2,2,0.0,0,BB,PRT,Online TA,TA/TO,0,0,0,A,A,0,No Deposit,9.0,0,Contract,89.25,0,2
City Hotel,0,13,2015,October,43,18,2,1,2,0.0,0,BB,PRT,Offline TA/TO,TA/TO,0,0,0,A,A,0,No Deposit,22.0,0,Transient,85.0,0,0
City Hotel,0,13,2015,October,43,19,1,1,2,0.0,0,BB,GBR,Online TA,TA/TO,0,0,0,A,A,0,No Deposit,9.0,0,Contract,126.0,0,2
City Hotel,0,36,2015,October,43,20,0,1,2,0.0,0,BB,FRA,Online TA,TA/TO,0,0,0,A,B,0,No Deposit,9.0,0,Contract,96.3,0,1
City Hotel,0,33,2015,October,43,19,1,1,2,0.0,0,BB,FRA,Online TA,TA/TO,0,0,0,D,D,0,No Deposit,9.0,0,Contract,105.3,0,2
City Hotel,0,33,2015,October,43,19,1,1,2,0.0,0,BB,FRA,Online TA,TA/TO,0,0,0,A,A,0,No Deposit,9.0,0,Contract,96.3,0,2
City Hotel,0,18,2015,October,42,16,2,3,2,0.0,0,BB,JPN,Online TA,TA/TO,0,0,0,D,D,0,No Deposit,7.0,0,Transient,107.65,0,1
City Hotel,1,0,2015,October,43,21,0,1,2,0.0,0,BB,PRT,Offline TA/TO,TA/TO,1,0,0,A,A,0,No Deposit,87.0,0,Group,290.0,0,0
City Hotel,0,2,2015,October,43,18,2,1,2,0.0,0,BB,NLD,Corporate,Corporate,0,0,0,A,A,0,No Deposit,,0,Transient-Party,123.0,0,0
City Hotel,1,24,2015,November,45,5,0,3,2,0.0,0,BB,PRT,Online TA,TA/TO,0,1,0,A,A,0,No Deposit,8.0,0,Transient,117.0,0,0
City Hotel,0,12,2015,October,43,18,2,2,2,0.0,0,BB,FRA,Direct,Direct,0,0,0,A,A,0,No Deposit,14.0,0,Transient,114.0,0,0
City Hotel,0,5,2015,October,43,19,1,2,2,0.0,0,BB,POL,Offline TA/TO,TA/TO,0,0,0,A,A,0,No Deposit,112.0,0,Transient-Party,90.0,0,0
City Hotel,0,5,2015,October,43,19,1,2,2,0.0,0,BB,POL,Offline TA/TO,TA/TO,0,0,0,A,A,0,No Deposit,112.0,0,Transient-Party,90.0,0,0
City Hotel,0,5,2015,October,43,19,1,2,2,0.0,0,BB,POL,Offline TA/TO,TA/TO,0,0,0,A,A,0,No Deposit,112.0,0,Transient-Party,90.0,0,0
City Hotel,0,5,2015,October,43,19,1,2,2,0.0,0,BB,POL,Offline TA/TO,TA/TO,0,0,0,A,A,0,No Deposit,112.0,0,Transient-Party,90.0,0,0
City Hotel,0,5,2015,October,43,19,1,2,2,0.0,0,BB,POL,Offline TA/TO,TA/TO,0,0,0,A,A,0,No Deposit,112.0,0,Transient-Party,90.0,0,0
City Hotel,0,5,2015,October,43,19,1,2,2,0.0,0,BB,POL,Offline TA/TO,TA/TO,0,0,0,A,A,0,No Deposit,112.0,0,Transient-Party,90.0,0,0
City Hotel,0,5,2015,October,43,19,1,2,2,0.0,0,BB,POL,Offline TA/TO,TA/TO,0,0,0,A,A,0,No Deposit,112.0,0,Transient-Party,90.0,0,0
City Hotel,0,5,2015,October,43,19,1,2,2,0.0,0,BB,PRT,Offline TA/TO,TA/TO,0,0,0,A,A,0,No Deposit,112.0,0,Transient-Party,90.0,0,0
City Hotel,0,36,2015,October,43,18,2,2,2,0.0,0,BB,SWE,Online TA,TA/TO,0,0,0,A,A,0,No Deposit,9.0,0,Transient,103.5,0,1
City Hotel,0,5,2015,October,43,19,1,2,2,0.0,0,BB,POL,Offline TA/TO,TA/TO,0,0,0,A,A,0,No Deposit,112.0,0,Transient-Party,90.0,0,0
City Hotel,0,31,2015,October,43,18,2,2,2,0.0,0,BB,IRL,Direct,Direct,0,0,0,A,A,0,No Deposit,14.0,0,Transient,85.5,0,2
City Hotel,0,31,2015,October,43,18,2,2,2,0.0,0,BB,IRL,Direct,Direct,0,0,0,A,A,0,No Deposit,14.0,0,Transient,85.5,0,2
City Hotel,0,5,2015,October,43,19,1,2,2,0.0,0,BB,POL,Offline TA/TO,TA/TO,0,0,0,A,A,0,No Deposit,112.0,0,Transient-Party,90.0,0,0
City Hotel,0,5,2015,October,43,21,0,1,2,0.0,0,BB,PRT,Offline TA/TO,TA/TO,0,0,0,A,D,0,No Deposit,3.0,0,Transient-Party,0.0,0,0
City Hotel,0,7,2015,October,43,21,0,1,2,0.0,0,BB,DOM,Direct,Direct,0,0,0,A,A,0,No Deposit,,0,Transient,114.0,0,0
City Hotel,0,5,2015,October,43,21,0,1,2,0.0,0,BB,PRT,Offline TA/TO,TA/TO,0,0,0,A,D,0,No Deposit,3.0,0,Transient-Party,0.0,0,0
City Hotel,0,8,2015,October,43,20,0,2,2,0.0,0,BB,BGR,Online TA,TA/TO,0,0,0,A,E,0,No Deposit,9.0,0,Contract,135.0,0,1
City Hotel,0,11,2015,October,43,18,2,2,2,0.0,0,BB,ESP,Offline TA/TO,TA/TO,0,0,0,A,A,0,No Deposit,6.0,0,Transient,85.0,0,0
City Hotel,0,0,2015,October,43,21,0,1,2,0.0,0,BB,PRT,Online TA,TA/TO,0,0,0,A,A,0,No Deposit,9.0,0,Contract,145.0,0,0
City Hotel,0,8,2015,October,43,18,2,2,2,0.0,0,BB,NLD,Online TA,TA/TO,0,0,0,D,D,0,No Deposit,9.0,0,Contract,136.0,0,2
City Hotel,0,4,2015,October,43,19,1,2,2,0.0,0,BB,ESP,Offline TA/TO,TA/TO,0,0,0,A,A,0,No Deposit,83.0,0,Contract,100.8,0,1
City Hotel,0,0,2015,October,43,21,0,1,2,0.0,0,BB,PRT,Direct,Direct,0,0,0,A,F,0,No Deposit,,0,Transient,107.0,0,0
City Hotel,0,8,2015,October,43,20,0,2,2,0.0,0,BB,PRT,Online TA,TA/TO,0,0,0,A,A,0,No Deposit,9.0,0,Contract,126.0,0,1
City Hotel,0,12,2015,October,43,18,2,2,2,0.0,0,BB,ESP,Offline TA/TO,TA/TO,0,0,0,A,A,0,No Deposit,22.0,0,Transient,85.0,0,0
City Hotel,0,13,2015,October,43,18,2,2,2,0.0,0,BB,DEU,Online TA,TA/TO,0,0,0,A,A,0,No Deposit,9.0,0,Contract,126.0,0,2
City Hotel,0,32,2015,October,43,19,1,2,2,0.0,0,BB,FRA,Online TA,TA/TO,0,0,0,A,A,0,No Deposit,9.0,0,Contract,96.3,0,1
City Hotel,0,27,2015,October,43,18,2,2,2,0.0,0,BB,GBR,Direct,Direct,0,0,0,A,A,1,No Deposit,14.0,0,Transient,91.25,0,0
City Hotel,0,32,2015,October,43,20,0,2,2,0.0,0,BB,FRA,Offline TA/TO,TA/TO,0,0,0,D,D,0,No Deposit,28.0,0,Transient,75.0,0,0
City Hotel,0,25,2015,October,43,19,1,2,2,0.0,0,BB,FRA,Offline TA/TO,TA/TO,0,0,0,D,E,0,No Deposit,28.0,0,Transient,75.0,0,0
City Hotel,0,3,2015,October,43,19,1,2,2,0.0,0,BB,ESP,Corporate,Corporate,0,0,0,A,A,0,No Deposit,,0,Transient,123.0,0,0
City Hotel,0,3,2015,October,43,19,1,2,2,0.0,0,BB,FRA,Corporate,Corporate,0,0,0,A,A,0,No Deposit,,0,Transient,123.0,0,0
City Hotel,0,6,2015,October,43,18,2,2,2,0.0,0,BB,USA,Online TA,TA/TO,0,0,0,A,A,0,No Deposit,7.0,0,Transient,97.02,0,1
City Hotel,0,5,2015,October,43,19,1,2,2,0.0,0,BB,POL,Offline TA/TO,TA/TO,0,0,0,A,A,0,No Deposit,112.0,0,Transient-Party,90.0,0,0
City Hotel,0,5,2015,October,43,19,1,2,2,0.0,0,BB,POL,Offline TA/TO,TA/TO,0,0,0,A,A,0,No Deposit,112.0,0,Transient-Party,90.0,0,0
City Hotel,0,5,2015,October,43,19,1,2,2,0.0,0,BB,PRT,Offline TA/TO,TA/TO,0,0,0,A,A,0,No Deposit,112.0,0,Transient-Party,90.0,0,0
City Hotel,0,7,2015,October,43,21,0,1,2,0.0,0,BB,USA,Direct,Direct,0,0,0,A,A,0,No Deposit,,0,Transient,114.0,0,0
City Hotel,0,5,2015,October,43,21,0,1,2,0.0,0,BB,PRT,Offline TA/TO,TA/TO,0,0,0,A,A,0,No Deposit,3.0,0,Transient-Party,0.0,0,0
City Hotel,0,3,2016,July,27,2,0,1,2,0.0,0,BB,PRT,Complementary,Direct,1,0,3,B,B,0,No Deposit,,0,Transient,0.0,0,2
City Hotel,0,9,2016,July,28,8,0,1,2,0.0,0,BB,PRT,Complementary,Direct,1,0,5,D,E,0,No Deposit,,0,Transient,0.0,0,2
City Hotel,0,28,2015,October,43,19,1,3,2,0.0,0,BB,FRA,Offline TA/TO,TA/TO,0,0,0,D,D,0,No Deposit,28.0,0,Transient,75.0,0,0
City Hotel,0,9,2015,October,43,18,2,3,2,0.0,0,BB,FRA,Direct,Direct,0,0,0,A,A,0,No Deposit,14.0,0,Group,114.0,0,1
City Hotel,0,29,2015,October,43,20,0,3,2,0.0,0,BB,FRA,Offline TA/TO,TA/TO,0,0,0,D,D,0,No Deposit,28.0,0,Transient,75.0,0,0
City Hotel,0,23,2015,October,43,18,2,3,2,0.0,0,BB,FRA,Offline TA/TO,TA/TO,0,0,0,D,D,0,No Deposit,28.0,0,Transient,75.0,0,0
City Hotel,0,0,2017,February,6,7,0,3,2,0.0,0,BB,PRT,Groups,TA/TO,1,0,3,A,A,2,No Deposit,1.0,0,Group,68.33,0,0
City Hotel,0,21,2015,October,43,20,0,3,2,0.0,0,BB,FRA,Online TA,TA/TO,0,0,0,A,A,0,No Deposit,9.0,0,Contract,126.0,0,2
City Hotel,0,5,2015,October,43,19,1,3,2,0.0,0,SC,ESP,Online TA,TA/TO,0,0,0,A,D,1,No Deposit,9.0,0,Contract,123.0,1,1
City Hotel,0,17,2015,October,43,20,0,3,2,0.0,0,BB,GBR,Online TA,TA/TO,0,0,0,A,D,0,No Deposit,11.0,0,Group,82.08,0,0
City Hotel,0,28,2015,October,42,12,3,8,2,0.0,0,BB,SRB,Online TA,TA/TO,0,0,0,D,D,1,No Deposit,9.0,0,Contract,107.92,0,1
City Hotel,0,5,2015,October,43,18,2,3,2,0.0,0,BB,PRT,Offline TA/TO,TA/TO,0,0,0,A,A,0,No Deposit,117.0,0,Transient,115.8,1,0
City Hotel,0,29,2015,October,43,20,0,3,2,0.0,0,BB,FRA,Offline TA/TO,TA/TO,0,0,0,D,D,0,No Deposit,28.0,0,Transient,75.0,0,0
City Hotel,0,34,2015,October,43,19,1,3,2,0.0,0,HB,ESP,Offline TA/TO,TA/TO,0,0,0,A,D,0,No Deposit,28.0,0,Transient,105.12,0,0
City Hotel,0,8,2015,October,43,22,0,1,2,0.0,0,BB,PRT,Complementary,Direct,0,0,0,D,D,0,No Deposit,,0,Transient,0.0,0,0
City Hotel,0,10,2015,October,43,20,0,3,2,0.0,0,BB,GBR,Online TA,TA/TO,0,0,0,A,A,0,No Deposit,9.0,0,Contract,126.0,0,1
City Hotel,0,25,2015,October,43,20,0,3,2,0.0,0,BB,FRA,Offline TA/TO,TA/TO,0,0,0,A,A,0,No Deposit,28.0,0,Group,75.0,0,0
City Hotel,1,88,2015,December,53,30,0,3,2,0.0,0,BB,PRT,Online TA,TA/TO,0,1,0,B,B,0,No Deposit,9.0,0,Transient,97.35,0,3
City Hotel,1,88,2015,December,53,30,0,3,2,0.0,0,BB,PRT,Online TA,TA/TO,0,1,0,B,B,0,No Deposit,9.0,0,Transient,97.35,0,2
City Hotel,0,31,2015,October,43,20,0,3,2,0.0,0,BB,NLD,Direct,Direct,0,0,0,A,E,0,No Deposit,14.0,0,Transient,114.0,0,0
City Hotel,0,4,2015,October,43,19,1,3,2,0.0,0,BB,PRT,Offline TA/TO,TA/TO,0,0,0,D,D,0,No Deposit,85.0,0,Transient,72.25,0,0
City Hotel,0,14,2015,October,43,19,1,3,2,0.0,0,BB,CHE,Online TA,TA/TO,0,0,0,A,A,0,No Deposit,7.0,0,Transient,92.17,0,1
City Hotel,0,22,2015,October,43,20,0,3,2,0.0,0,BB,FRA,Offline TA/TO,TA/TO,0,0,0,D,D,0,No Deposit,28.0,0,Group,75.0,0,0
City Hotel,1,212,2016,April,18,29,1,2,2,0.0,0,BB,PRT,Online TA,TA/TO,0,1,0,A,A,0,No Deposit,9.0,0,Contract,106.2,0,2
City Hotel,1,25,2015,November,45,4,0,4,2,0.0,0,BB,PRT,Online TA,TA/TO,0,1,0,D,D,0,No Deposit,9.0,0,Contract,99.45,0,1
City Hotel,1,36,2015,November,48,25,0,4,2,0.0,0,BB,PRT,Online TA,TA/TO,0,1,0,A,A,0,No Deposit,9.0,0,Contract,94.99,0,2
City Hotel,0,6,2015,October,43,18,2,3,2,0.0,0,BB,FRA,Online TA,TA/TO,0,0,0,D,D,0,No Deposit,9.0,0,Contract,136.0,0,1
City Hotel,0,27,2015,October,43,18,2,3,2,0.0,0,BB,FRA,Offline TA/TO,TA/TO,0,0,0,D,D,0,No Deposit,28.0,0,Transient,75.0,0,0
City Hotel,0,0,2015,October,43,22,0,1,2,0.0,0,SC,DEU,Online TA,TA/TO,0,0,0,A,A,0,No Deposit,9.0,0,Contract,123.0,1,1
City Hotel,0,7,2015,October,43,21,0,2,2,0.0,0,BB,GRC,Online TA,TA/TO,0,0,0,D,D,0,No Deposit,9.0,0,Contract,136.0,0,2
City Hotel,0,26,2015,October,43,19,1,3,2,0.0,0,BB,PRT,Offline TA/TO,TA/TO,0,0,0,D,D,0,No Deposit,28.0,0,Transient,75.0,0,1
City Hotel,0,0,2015,October,43,20,0,3,2,0.0,0,BB,DNK,Corporate,Corporate,0,0,0,A,A,0,No Deposit,,0,Transient,123.0,0,0
City Hotel,0,7,2015,October,43,22,0,1,2,0.0,0,SC,USA,Online TA,TA/TO,0,0,0,A,A,0,No Deposit,,0,Transient,114.0,0,1
City Hotel,0,3,2015,October,43,22,0,1,2,0.0,0,SC,BRA,Online TA,TA/TO,0,0,0,A,A,0,No Deposit,7.0,0,Transient,87.78,0,0
City Hotel,0,3,2015,October,43,22,0,1,2,0.0,0,BB,BRA,Online TA,TA/TO,0,0,0,A,A,0,No Deposit,7.0,0,Transient,97.02,0,0
City Hotel,0,0,2015,October,43,23,0,0,2,0.0,0,BB,PRT,Direct,Direct,1,0,0,A,K,0,No Deposit,,0,Transient,0.0,0,0
City Hotel,0,27,2015,October,43,19,1,4,2,0.0,0,BB,GBR,Online TA,TA/TO,0,0,0,A,A,0,No Deposit,9.0,0,Contract,126.0,0,1
City Hotel,0,8,2015,October,43,20,0,4,2,0.0,0,BB,FRA,Online TA,TA/TO,0,0,0,A,A,0,No Deposit,7.0,0,Transient,97.02,0,0
City Hotel,0,16,2015,October,43,21,0,3,2,0.0,0,BB,PRT,Direct,Direct,0,0,0,D,E,0,No Deposit,14.0,0,Transient,126.0,0,1
City Hotel,0,45,2015,October,43,23,0,1,2,0.0,0,BB,BRA,Online TA,TA/TO,0,0,0,A,A,0,No Deposit,7.0,0,Group,81.62,0,0
City Hotel,0,37,2015,October,43,22,0,2,2,0.0,0,BB,ITA,Online TA,TA/TO,0,0,0,D,D,0,No Deposit,9.0,0,Contract,105.3,0,2
City Hotel,0,28,2015,October,43,20,0,4,2,0.0,0,BB,CHE,Online TA,TA/TO,0,0,0,A,A,0,No Deposit,9.0,0,Contract,126.0,0,1
City Hotel,0,37,2015,October,43,22,0,2,2,0.0,0,BB,ITA,Online TA,TA/TO,0,0,0,D,D,0,No Deposit,9.0,0,Contract,105.3,0,2
City Hotel,0,37,2015,October,43,22,0,2,2,0.0,0,BB,ITA,Online TA,TA/TO,0,0,0,D,D,0,No Deposit,9.0,0,Contract,105.3,0,2
City Hotel,0,37,2015,October,43,22,0,2,2,0.0,0,BB,ITA,Online TA,TA/TO,0,0,0,D,D,0,No Deposit,9.0,0,Contract,105.3,0,2
City Hotel,0,0,2015,October,43,22,0,2,2,0.0,0,BB,PRT,Direct,Direct,0,0,0,A,A,0,No Deposit,,0,Transient,114.0,0,0
City Hotel,0,8,2015,October,43,21,0,3,2,0.0,0,BB,ESP,Offline TA/TO,TA/TO,0,0,0,A,A,0,No Deposit,22.0,0,Transient,85.0,0,0
City Hotel,0,37,2015,October,43,23,0,1,2,0.0,0,BB,PRT,Offline TA/TO,TA/TO,0,0,0,A,A,0,No Deposit,2.0,0,Transient,76.5,0,0
City Hotel,0,39,2015,October,43,23,0,1,2,0.0,0,BB,LBN,Online TA,TA/TO,0,0,0,A,A,0,No Deposit,9.0,0,Contract,96.3,0,2
City Hotel,0,23,2015,October,43,21,0,3,2,0.0,0,BB,FRA,Offline TA/TO,TA/TO,0,0,0,D,D,0,No Deposit,28.0,0,Group,75.0,0,1
City Hotel,0,28,2015,October,43,19,1,4,2,0.0,0,BB,FRA,Offline TA/TO,TA/TO,0,0,0,D,D,0,No Deposit,28.0,0,Transient,75.0,0,0
City Hotel,0,12,2015,October,43,20,0,4,2,0.0,0,BB,GBR,Direct,Direct,0,0,0,E,E,0,No Deposit,14.0,0,Group,146.0,0,1
City Hotel,0,22,2015,October,43,21,0,3,2,0.0,0,SC,BRA,Online TA,TA/TO,0,0,0,A,A,0,No Deposit,7.0,0,Transient,87.78,0,2
City Hotel,0,14,2015,October,43,20,0,4,2,0.0,0,BB,PRT,Direct,Direct,0,0,0,A,A,0,No Deposit,,0,Transient,114.0,0,2
City Hotel,0,13,2015,October,43,20,0,4,2,0.0,0,BB,DEU,Offline TA/TO,TA/TO,0,0,0,A,D,0,No Deposit,27.0,0,Transient,54.75,0,0
City Hotel,0,22,2015,October,43,21,0,3,2,0.0,0,SC,BRA,Online TA,TA/TO,0,0,0,A,A,0,No Deposit,7.0,0,Transient,87.78,0,2
City Hotel,0,35,2015,October,43,20,0,4,2,0.0,0,BB,FRA,Online TA,TA/TO,0,0,0,A,A,0,No Deposit,9.0,0,Contract,96.3,0,2
City Hotel,0,35,2015,October,43,20,0,4,2,0.0,0,BB,FRA,Online TA,TA/TO,0,0,0,A,A,0,No Deposit,9.0,0,Contract,96.3,0,2
City Hotel,0,33,2015,October,43,21,0,3,2,0.0,0,BB,PRT,Offline TA/TO,TA/TO,0,0,0,B,B,0,No Deposit,83.0,0,Transient,83.16,0,0
City Hotel,0,4,2015,October,43,18,2,4,2,0.0,0,BB,BRA,Direct,Direct,0,0,0,A,A,0,No Deposit,,0,Transient,114.0,0,0
City Hotel,0,43,2015,October,43,23,0,1,2,0.0,0,BB,PRT,Offline TA/TO,TA/TO,0,0,0,A,A,0,No Deposit,2.0,0,Transient-Party,0.0,0,0
City Hotel,0,14,2015,October,43,20,0,4,2,0.0,0,BB,PRT,Direct,Direct,0,0,0,A,A,0,No Deposit,,0,Transient,114.0,0,2
City Hotel,0,33,2015,October,43,21,0,3,2,0.0,0,BB,GBR,Offline TA/TO,TA/TO,0,0,0,B,B,0,No Deposit,83.0,0,Transient,83.16,0,0
City Hotel,0,43,2015,October,43,23,0,1,2,0.0,0,BB,PRT,Offline TA/TO,TA/TO,0,0,0,A,A,0,No Deposit,2.0,0,Transient-Party,0.0,0,0
City Hotel,0,43,2015,October,43,23,0,1,2,0.0,0,BB,PRT,Offline TA/TO,TA/TO,0,0,0,A,A,0,No Deposit,2.0,0,Transient-Party,0.0,0,0
City Hotel,0,23,2015,October,43,21,0,3,2,0.0,0,BB,FRA,Offline TA/TO,TA/TO,0,0,0,D,D,0,No Deposit,28.0,0,Group,75.0,0,1
City Hotel,0,31,2015,October,43,19,1,4,2,0.0,0,BB,FRA,Offline TA/TO,TA/TO,0,0,0,D,D,0,No Deposit,28.0,0,Transient,84.0,0,0
City Hotel,0,11,2015,October,43,23,0,1,2,0.0,0,BB,USA,Online TA,TA/TO,0,0,0,D,D,0,No Deposit,9.0,0,Contract,136.0,0,0
City Hotel,0,22,2015,October,43,20,0,4,2,0.0,0,BB,FRA,Offline TA/TO,TA/TO,0,0,0,D,D,0,No Deposit,28.0,0,Group,75.0,0,0
City Hotel,1,9,2015,October,44,31,1,1,2,0.0,0,BB,PRT,Online TA,TA/TO,0,1,0,B,B,0,No Deposit,9.0,0,Contract,112.0,0,1
City Hotel,1,9,2015,October,44,31,1,1,2,0.0,0,BB,PRT,Online TA,TA/TO,0,1,0,B,B,0,No Deposit,9.0,0,Contract,103.0,0,1
City Hotel,0,11,2015,October,43,23,0,2,2,0.0,0,SC,PRT,Online TA,TA/TO,0,0,0,A,A,0,No Deposit,8.0,0,Transient,114.0,0,1
City Hotel,0,29,2015,October,43,20,0,5,2,0.0,0,BB,FRA,Offline TA/TO,TA/TO,0,0,0,D,D,0,No Deposit,28.0,0,Transient,75.0,0,1
City Hotel,0,40,2015,October,43,24,0,1,2,0.0,0,BB,GBR,Online TA,TA/TO,0,0,0,A,A,0,No Deposit,9.0,0,Contract,96.3,0,0
City Hotel,0,38,2015,October,43,20,0,5,2,0.0,0,BB,ESP,Online TA,TA/TO,0,0,0,A,A,0,No Deposit,9.0,0,Transient,96.3,0,0
City Hotel,0,0,2015,October,43,24,0,1,2,0.0,0,BB,PRT,Direct,Direct,0,0,0,A,B,0,No Deposit,,0,Transient,102.5,0,0
City Hotel,0,0,2015,October,43,24,0,1,2,0.0,0,BB,ESP,Direct,Direct,0,0,0,A,B,0,No Deposit,,0,Transient,102.5,0,0
City Hotel,0,37,2015,October,43,22,0,3,2,0.0,0,BB,ITA,Online TA,TA/TO,0,0,0,A,A,0,No Deposit,9.0,0,Contract,96.3,0,1
City Hotel,0,24,2015,October,43,24,0,1,2,0.0,0,BB,PRT,Online TA,TA/TO,0,0,0,A,A,0,No Deposit,9.0,0,Contract,145.0,1,2
City Hotel,0,13,2015,October,43,18,2,5,2,0.0,0,BB,POL,Online TA,TA/TO,0,0,0,A,A,0,No Deposit,8.0,0,Transient,128.71,0,1
City Hotel,0,36,2015,October,43,21,0,4,2,0.0,0,BB,SWE,Online TA,TA/TO,0,0,0,A,D,0,No Deposit,9.0,0,Contract,96.3,0,2
City Hotel,0,0,2015,October,43,24,0,1,2,0.0,0,BB,PRT,Direct,Direct,0,0,0,A,A,0,No Deposit,,0,Transient,114.0,0,0
City Hotel,0,37,2015,October,43,22,0,3,2,0.0,0,BB,HUN,Online TA,TA/TO,0,0,0,A,A,0,No Deposit,9.0,0,Contract,96.3,0,1
City Hotel,0,3,2015,October,43,22,0,3,2,0.0,0,BB,PRT,Offline TA/TO,TA/TO,0,0,0,D,D,0,No Deposit,85.0,0,Transient,72.25,0,0
City Hotel,0,3,2015,October,43,22,0,3,2,0.0,0,SC,USA,Online TA,TA/TO,0,0,0,A,D,0,No Deposit,9.0,0,Contract,114.0,0,1
City Hotel,0,29,2015,October,43,20,0,5,2,0.0,0,BB,FRA,Offline TA/TO,TA/TO,0,0,0,D,D,0,No Deposit,28.0,0,Transient,78.6,0,1
City Hotel,0,13,2015,October,43,20,0,5,2,0.0,0,BB,IRL,Online TA,TA/TO,0,0,0,A,A,0,No Deposit,7.0,0,Transient,99.95,0,1
City Hotel,0,10,2015,October,43,22,1,3,2,0.0,0,BB,DEU,Offline TA/TO,TA/TO,0,0,0,D,D,0,No Deposit,27.0,0,Transient,63.75,0,0
City Hotel,0,8,2015,October,43,20,1,5,2,0.0,0,BB,USA,Offline TA/TO,TA/TO,0,0,0,D,D,0,No Deposit,85.0,0,Transient,85.0,0,0
City Hotel,0,10,2015,October,43,22,1,3,2,0.0,0,BB,PRT,Online TA,TA/TO,0,0,0,A,A,0,No Deposit,9.0,0,Contract,130.75,0,1
City Hotel,0,32,2015,October,43,23,1,2,2,0.0,0,BB,ESP,Offline TA/TO,TA/TO,0,0,0,D,D,0,No Deposit,28.0,0,Transient,75.0,0,1
City Hotel,0,21,2015,October,43,23,1,2,2,0.0,0,BB,DEU,Online TA,TA/TO,0,0,0,D,D,1,No Deposit,9.0,0,Contract,151.33,0,1
City Hotel,0,38,2015,October,43,23,1,2,2,0.0,0,BB,PRT,Direct,Direct,0,0,0,D,D,1,No Deposit,,0,Transient,80.0,0,1
City Hotel,0,12,2015,October,44,25,1,0,2,0.0,0,BB,FRA,Online TA,TA/TO,0,0,0,A,A,0,No Deposit,9.0,0,Contract,107.0,0,1
City Hotel,0,0,2015,October,44,25,1,0,2,0.0,0,BB,PRT,Direct,Direct,0,0,0,A,E,0,No Deposit,,0,Transient,133.0,0,0
City Hotel,0,39,2015,October,43,23,1,2,2,0.0,0,BB,NLD,Online TA,TA/TO,0,0,0,A,A,1,No Deposit,15.0,0,Transient,74.88,0,1
City Hotel,0,39,2015,October,43,23,1,2,2,0.0,0,BB,NLD,Online TA,TA/TO,0,0,0,A,A,1,No Deposit,15.0,0,Transient,74.88,0,1
City Hotel,0,36,2015,October,43,21,1,4,2,0.0,0,BB,PRT,Online TA,TA/TO,0,0,0,B,B,0,No Deposit,7.0,0,Transient,81.62,0,1
City Hotel,0,36,2015,October,43,21,1,4,2,0.0,0,BB,PRT,Online TA,TA/TO,0,0,0,B,B,0,No Deposit,7.0,0,Transient,81.62,0,1
City Hotel,1,21,2015,October,44,31,2,4,2,0.0,0,BB,PRT,Online TA,TA/TO,0,1,0,A,A,0,No Deposit,9.0,0,Contract,105.79,0,0
City Hotel,0,3,2015,October,43,23,1,2,2,0.0,0,BB,FRA,Online TA,TA/TO,0,0,0,A,A,0,No Deposit,9.0,0,Contract,132.33,0,1
City Hotel,1,11,2015,October,44,30,1,2,2,0.0,0,BB,PRT,Online TA,TA/TO,0,1,0,A,A,0,No Deposit,9.0,0,Contract,113.33,0,1
City Hotel,1,11,2015,October,44,30,1,2,2,0.0,0,BB,PRT,Online TA,TA/TO,0,1,0,A,A,0,No Deposit,9.0,0,Contract,113.33,0,1
City Hotel,1,68,2016,January,1,2,2,1,2,0.0,0,BB,PRT,Offline TA/TO,TA/TO,1,1,0,A,A,0,No Deposit,22.0,0,Transient,63.0,0,1
City Hotel,1,102,2016,February,6,1,1,1,2,0.0,0,BB,PRT,Online TA,TA/TO,0,1,0,A,A,1,No Deposit,9.0,0,Contract,90.0,0,1
City Hotel,1,43,2015,October,44,29,1,3,2,0.0,0,BB,PRT,Online TA,TA/TO,0,1,0,A,A,0,No Deposit,9.0,0,Contract,92.03,0,1
City Hotel,0,8,2015,October,43,22,2,3,2,0.0,0,BB,FRA,Direct,Direct,0,0,0,A,A,1,No Deposit,14.0,0,Transient,96.9,0,0
City Hotel,0,1,2015,October,43,23,2,2,2,0.0,0,BB,FRA,Online TA,TA/TO,0,0,0,A,A,0,No Deposit,9.0,0,Contract,96.3,0,1
City Hotel,0,15,2015,October,43,23,2,2,2,0.0,0,BB,ROU,Offline TA/TO,TA/TO,0,0,0,A,A,0,No Deposit,27.0,0,Transient,54.75,0,0
City Hotel,0,11,2015,October,43,23,2,2,2,0.0,0,BB,PRT,Offline TA/TO,TA/TO,0,0,0,A,A,0,No Deposit,26.0,0,Transient-Party,88.5,0,0
City Hotel,0,11,2015,October,43,23,2,2,2,0.0,0,BB,PRT,Offline TA/TO,TA/TO,0,0,0,A,A,0,No Deposit,26.0,0,Transient-Party,88.5,0,0
City Hotel,0,11,2015,October,43,23,2,2,2,0.0,0,BB,PRT,Offline TA/TO,TA/TO,0,0,0,A,A,0,No Deposit,26.0,0,Transient-Party,88.5,0,0
City Hotel,0,12,2015,October,44,26,1,0,2,0.0,0,BB,BRA,Direct,Direct,0,0,0,A,A,0,No Deposit,,0,Transient,114.0,0,0
City Hotel,0,0,2016,November,46,7,1,1,2,0.0,0,BB,PRT,Corporate,Corporate,1,0,1,A,A,0,No Deposit,,0,Transient,75.0,0,0
City Hotel,0,11,2015,October,43,23,2,2,2,0.0,0,BB,ITA,Offline TA/TO,TA/TO,0,0,0,A,A,0,No Deposit,26.0,0,Transient-Party,88.5,0,0
City Hotel,0,11,2015,October,43,23,2,2,2,0.0,0,BB,PRT,Offline TA/TO,TA/TO,0,0,0,A,A,0,No Deposit,26.0,0,Transient-Party,88.5,0,0
City Hotel,0,11,2015,October,43,23,2,2,2,0.0,0,BB,PRT,Offline TA/TO,TA/TO,0,0,0,A,A,0,No Deposit,26.0,0,Transient-Party,88.5,0,0
City Hotel,0,11,2015,October,43,23,2,2,2,0.0,0,BB,PRT,Offline TA/TO,TA/TO,0,0,0,A,A,0,No Deposit,26.0,0,Transient-Party,88.5,0,0
City Hotel,0,11,2015,October,43,23,2,2,2,0.0,0,BB,PRT,Offline TA/TO,TA/TO,0,0,0,A,A,0,No Deposit,26.0,0,Transient-Party,88.5,0,0
City Hotel,0,11,2015,October,43,23,2,2,2,0.0,0,BB,PRT,Offline TA/TO,TA/TO,0,0,0,A,A,0,No Deposit,26.0,0,Transient-Party,88.5,0,0
City Hotel,0,11,2015,October,43,23,2,2,2,0.0,0,BB,ITA,Offline TA/TO,TA/TO,0,0,0,A,A,0,No Deposit,26.0,0,Transient-Party,88.5,0,0
City Hotel,0,11,2015,October,43,23,2,2,2,0.0,0,BB,ITA,Offline TA/TO,TA/TO,0,0,0,A,A,1,No Deposit,26.0,0,Transient-Party,88.5,0,0
City Hotel,0,29,2015,October,43,20,2,5,2,0.0,0,BB,PRT,Direct,Direct,0,0,0,A,D,0,No Deposit,14.0,0,Transient,114.0,0,0
City Hotel,0,11,2015,October,43,23,2,2,2,0.0,0,BB,PRT,Offline TA/TO,TA/TO,0,0,0,A,A,0,No Deposit,26.0,0,Transient-Party,88.5,0,0
City Hotel,0,41,2015,October,43,23,2,2,2,0.0,0,BB,GBR,Online TA,TA/TO,0,0,0,D,E,0,No Deposit,7.0,0,Group,110.09,0,1
City Hotel,0,37,2015,October,43,23,2,2,2,0.0,0,BB,BEL,Direct,Direct,0,0,0,A,A,0,No Deposit,14.0,0,Transient,85.5,0,0
City Hotel,0,17,2015,October,43,22,2,3,2,0.0,0,BB,ITA,Direct,Direct,0,0,0,D,D,0,No Deposit,14.0,0,Transient,129.8,0,0
City Hotel,0,11,2015,October,43,23,2,2,2,0.0,0,BB,PRT,Offline TA/TO,TA/TO,0,0,0,A,A,0,No Deposit,26.0,0,Transient-Party,88.5,0,0
City Hotel,1,1,2015,October,44,28,0,3,2,0.0,0,HB,PRT,Groups,TA/TO,1,1,0,A,A,0,No Deposit,37.0,0,Transient-Party,111.0,0,0
City Hotel,1,1,2015,October,44,28,0,3,2,0.0,0,HB,PRT,Groups,TA/TO,1,1,0,A,A,0,No Deposit,37.0,0,Transient-Party,111.0,0,0
City Hotel,0,31,2015,October,44,25,2,1,2,0.0,0,BB,FRA,Offline TA/TO,TA/TO,0,0,0,D,D,0,No Deposit,28.0,0,Transient,75.0,0,1
City Hotel,0,31,2015,October,44,25,2,1,2,0.0,0,BB,FRA,Offline TA/TO,TA/TO,0,0,0,D,D,0,No Deposit,28.0,0,Transient,75.0,0,1
City Hotel,0,12,2015,October,44,25,2,1,2,0.0,0,BB,PRT,Groups,TA/TO,0,0,0,A,A,0,No Deposit,37.0,0,Transient-Party,85.67,0,0
City Hotel,0,12,2015,October,44,25,2,1,2,0.0,0,BB,PRT,Groups,TA/TO,0,0,0,A,A,0,No Deposit,37.0,0,Transient-Party,85.67,0,0
City Hotel,0,12,2015,October,44,25,2,1,2,0.0,0,BB,PRT,Groups,TA/TO,0,0,0,A,D,0,No Deposit,37.0,0,Transient-Party,85.67,0,0
City Hotel,0,12,2015,October,44,25,2,1,2,0.0,0,BB,PRT,Groups,TA/TO,0,0,0,A,D,0,No Deposit,37.0,0,Transient-Party,85.67,0,0
City Hotel,0,12,2015,October,44,25,2,1,2,0.0,0,BB,PRT,Groups,TA/TO,0,0,0,A,A,0,No Deposit,37.0,0,Transient-Party,85.67,0,0
City Hotel,0,12,2015,October,44,25,2,1,2,0.0,0,BB,PRT,Groups,TA/TO,0,0,0,A,A,0,No Deposit,37.0,0,Transient-Party,85.67,0,0
City Hotel,1,25,2015,November,45,7,2,2,2,0.0,0,BB,PRT,Online TA,TA/TO,0,1,0,A,A,0,No Deposit,9.0,0,Contract,90.95,0,1
City Hotel,0,7,2015,October,44,27,0,1,2,0.0,0,BB,ESP,Corporate,Corporate,0,0,0,A,A,0,No Deposit,,0,Transient,114.0,0,0
City Hotel,0,12,2015,October,44,25,2,1,2,0.0,0,BB,PRT,Groups,TA/TO,0,0,0,A,A,0,No Deposit,37.0,0,Transient-Party,85.67,0,0
City Hotel,0,12,2015,October,44,25,2,1,2,0.0,0,BB,PRT,Groups,TA/TO,0,0,0,A,D,0,No Deposit,37.0,0,Transient-Party,85.67,0,0
City Hotel,0,12,2015,October,44,25,2,1,2,0.0,0,BB,PRT,Groups,TA/TO,0,0,0,A,A,0,No Deposit,37.0,0,Transient-Party,85.67,0,0
City Hotel,0,12,2015,October,44,25,2,1,2,0.0,0,BB,PRT,Groups,TA/TO,0,0,0,A,A,0,No Deposit,37.0,0,Transient-Party,85.67,0,0
City Hotel,0,12,2015,October,44,25,2,1,2,0.0,0,BB,PRT,Groups,TA/TO,0,0,0,A,A,0,No Deposit,37.0,0,Transient-Party,85.67,0,0
City Hotel,0,12,2015,October,44,25,2,1,2,0.0,0,BB,PRT,Groups,TA/TO,0,0,0,A,A,0,No Deposit,37.0,0,Transient-Party,85.67,0,0
City Hotel,0,12,2015,October,44,25,2,1,2,0.0,0,BB,PRT,Groups,TA/TO,0,0,0,A,A,0,No Deposit,37.0,0,Transient-Party,85.67,0,0
City Hotel,0,14,2015,October,44,26,1,1,2,0.0,0,BB,PRT,Online TA,TA/TO,0,0,0,D,D,0,No Deposit,9.0,0,Contract,136.0,0,2
City Hotel,0,0,2015,October,43,24,2,2,2,0.0,0,BB,FRA,Online TA,TA/TO,0,0,0,A,A,1,No Deposit,9.0,0,Transient,140.25,0,1
City Hotel,1,81,2015,December,53,30,0,3,2,0.0,0,BB,PRT,Online TA,TA/TO,0,1,0,A,A,0,No Deposit,9.0,0,Contract,111.0,0,1
City Hotel,0,12,2015,October,44,25,2,1,2,0.0,0,BB,PRT,Groups,TA/TO,0,0,0,A,D,0,No Deposit,37.0,0,Transient-Party,85.67,0,0
City Hotel,0,12,2015,October,44,25,2,1,2,0.0,0,BB,PRT,Groups,TA/TO,0,0,0,A,A,0,No Deposit,37.0,0,Transient-Party,85.67,0,0
City Hotel,0,25,2015,October,44,25,2,1,2,0.0,0,SC,FRA,Online TA,TA/TO,0,0,0,A,A,0,No Deposit,9.0,0,Contract,114.0,0,1
City Hotel,1,24,2015,October,44,29,0,3,2,0.0,0,BB,PRT,Online TA,TA/TO,0,1,0,A,A,0,No Deposit,9.0,0,Contract,126.0,0,0
City Hotel,1,20,2015,November,45,5,2,3,2,0.0,0,BB,PRT,Online TA,TA/TO,0,1,0,A,A,0,No Deposit,9.0,0,Contract,90.95,0,1
City Hotel,1,192,2016,May,19,5,0,3,2,0.0,0,BB,PRT,Online TA,TA/TO,0,1,0,D,D,0,No Deposit,9.0,0,Transient,115.2,0,1
City Hotel,1,192,2016,May,19,5,0,3,2,0.0,0,BB,PRT,Online TA,TA/TO,0,1,0,D,D,0,No Deposit,9.0,0,Transient,115.2,0,1
City Hotel,1,192,2016,May,19,5,0,3,2,0.0,0,BB,PRT,Online TA,TA/TO,0,1,0,D,D,0,No Deposit,9.0,0,Transient,115.2,0,1
City Hotel,1,192,2016,May,19,5,0,3,2,0.0,0,BB,PRT,Online TA,TA/TO,0,1,0,D,D,0,No Deposit,9.0,0,Transient,115.2,0,1
City Hotel,1,192,2016,May,19,5,0,3,2,0.0,0,BB,PRT,Online TA,TA/TO,0,1,0,D,D,0,No Deposit,9.0,0,Transient,115.2,0,1
City Hotel,1,192,2016,May,19,5,0,3,2,0.0,0,BB,PRT,Online TA,TA/TO,0,1,0,D,D,0,No Deposit,9.0,0,Transient,115.2,0,1
City Hotel,1,16,2015,November,46,11,0,4,2,0.0,0,BB,PRT,Direct,Direct,0,1,0,D,D,0,No Deposit,14.0,0,Transient,107.0,0,0
City Hotel,1,5,2015,November,45,2,1,2,2,0.0,0,BB,PRT,Online TA,TA/TO,1,1,0,D,D,0,No Deposit,9.0,0,Transient,105.0,0,1
City Hotel,0,6,2015,October,44,25,2,2,2,0.0,0,BB,GBR,Direct,Direct,0,0,0,A,A,0,No Deposit,,0,Transient,123.5,0,3
City Hotel,0,14,2015,October,43,24,2,3,2,0.0,0,BB,PRT,Offline TA/TO,TA/TO,0,0,0,A,A,0,No Deposit,83.0,0,Contract,103.84,0,0
City Hotel,0,31,2015,October,44,26,1,2,2,0.0,0,BB,FRA,Offline TA/TO,TA/TO,0,0,0,D,D,0,No Deposit,28.0,0,Group,81.0,0,1
City Hotel,0,31,2015,October,44,26,1,2,2,0.0,0,BB,FRA,Offline TA/TO,TA/TO,0,0,0,D,D,0,No Deposit,28.0,0,Group,75.0,0,0
City Hotel,0,0,2015,October,43,24,2,3,2,0.0,0,BB,FRA,Direct,Direct,0,0,0,G,A,0,No Deposit,,0,Transient-Party,133.3,0,1
City Hotel,0,8,2015,October,43,24,2,3,2,0.0,0,BB,FRA,Direct,Direct,0,0,0,G,A,1,No Deposit,,0,Transient-Party,133.3,0,1
City Hotel,0,35,2015,October,44,26,1,2,2,0.0,0,BB,FRA,Offline TA/TO,TA/TO,0,0,0,D,D,0,No Deposit,28.0,0,Transient,75.0,0,1
City Hotel,0,35,2015,October,44,26,1,2,2,0.0,0,BB,FRA,Offline TA/TO,TA/TO,0,0,0,D,D,0,No Deposit,28.0,0,Transient,75.0,0,1
City Hotel,0,28,2015,October,44,27,0,2,2,0.0,0,BB,GBR,Online TA,TA/TO,0,0,0,D,D,0,No Deposit,9.0,0,Contract,136.0,0,1
City Hotel,0,13,2015,October,43,22,2,5,2,0.0,0,HB,NLD,Offline TA/TO,TA/TO,0,0,0,A,A,0,No Deposit,83.0,0,Group,131.97,0,0
City Hotel,1,22,2015,November,45,6,2,3,2,0.0,0,BB,PRT,Online TA,TA/TO,0,1,0,B,B,0,No Deposit,9.0,0,Contract,85.0,0,0
City Hotel,1,22,2015,November,45,6,2,3,2,0.0,0,BB,PRT,Online TA,TA/TO,0,1,0,B,B,0,No Deposit,9.0,0,Contract,85.0,0,0
City Hotel,1,18,2015,November,45,3,0,4,2,0.0,0,BB,PRT,Online TA,TA/TO,0,1,0,D,D,0,No Deposit,9.0,0,Contract,99.45,0,1
City Hotel,0,35,2015,October,44,26,1,3,2,0.0,0,BB,FRA,Offline TA/TO,TA/TO,0,0,0,D,D,0,No Deposit,28.0,0,Transient,75.0,0,0
City Hotel,0,20,2015,October,44,27,0,3,2,0.0,0,BB,SWE,Online TA,TA/TO,0,0,0,F,F,0,No Deposit,9.0,0,Contract,196.0,0,2
City Hotel,0,21,2015,October,44,26,1,3,2,0.0,0,BB,ESP,Offline TA/TO,TA/TO,0,0,0,A,A,0,No Deposit,6.0,0,Transient,94.0,0,0
City Hotel,0,0,2015,October,44,28,0,2,2,0.0,0,BB,GBR,Online TA,TA/TO,0,0,0,A,A,0,No Deposit,7.0,0,Group,95.1,0,0
City Hotel,0,34,2015,October,44,25,2,3,2,0.0,0,BB,FRA,Offline TA/TO,TA/TO,0,0,0,D,D,0,No Deposit,28.0,0,Transient,75.0,0,0
City Hotel,0,40,2015,October,44,27,0,3,2,0.0,0,HB,FRA,Offline TA/TO,TA/TO,0,0,0,B,B,0,No Deposit,83.0,0,Transient,113.4,0,2
City Hotel,0,40,2015,October,44,27,0,3,2,0.0,0,HB,FRA,Offline TA/TO,TA/TO,0,0,0,B,B,0,No Deposit,83.0,0,Transient,113.4,0,1
City Hotel,0,13,2015,October,44,28,0,2,2,0.0,0,BB,NLD,Online TA,TA/TO,0,0,0,A,A,0,No Deposit,9.0,0,Contract,135.0,1,1
City Hotel,0,16,2015,October,44,29,0,1,2,0.0,0,BB,PRT,Online TA,TA/TO,0,0,0,A,A,0,No Deposit,9.0,0,Contract,135.0,1,1
City Hotel,0,296,2015,October,43,24,2,4,2,0.0,0,BB,GBR,Online TA,TA/TO,0,0,0,B,B,0,No Deposit,7.0,0,Transient-Party,56.01,0,0
City Hotel,0,29,2015,October,44,27,0,3,2,0.0,0,BB,GBR,Offline TA/TO,TA/TO,0,0,0,D,D,0,No Deposit,28.0,0,Group,75.0,0,0
City Hotel,0,0,2015,October,44,28,0,2,2,0.0,0,BB,PRT,Direct,Direct,0,0,0,A,A,1,No Deposit,,0,Transient,126.0,0,0
City Hotel,0,0,2015,October,44,31,0,1,2,0.0,0,BB,PRT,Direct,Direct,1,0,1,A,A,0,No Deposit,,0,Transient,89.0,0,0
City Hotel,1,61,2015,December,53,30,1,4,2,0.0,0,BB,PRT,Online TA,TA/TO,1,1,0,A,A,1,No Deposit,9.0,0,Transient,111.6,0,1
City Hotel,1,6,2015,November,45,2,1,3,2,0.0,0,BB,PRT,Direct,Direct,0,1,0,A,A,0,No Deposit,,0,Transient,95.0,0,1
City Hotel,1,0,2015,October,44,30,0,1,2,0.0,0,BB,PRT,Direct,Direct,1,0,0,A,B,0,No Deposit,,0,Transient,95.0,0,0
City Hotel,1,0,2015,October,44,30,0,1,2,0.0,0,BB,PRT,Direct,Direct,1,0,0,A,B,0,No Deposit,,0,Transient,95.0,0,0
City Hotel,1,32,2015,October,44,30,1,2,2,0.0,0,BB,PRT,Online TA,TA/TO,0,0,0,A,A,0,No Deposit,8.0,0,Transient,111.0,0,1
City Hotel,0,33,2015,October,44,31,0,0,2,0.0,0,BB,PRT,Online TA,TA/TO,0,0,0,A,A,0,No Deposit,8.0,0,Transient,0.0,0,1
City Hotel,0,41,2015,October,44,27,0,4,2,0.0,0,BB,IRL,Online TA,TA/TO,0,0,0,A,A,0,No Deposit,15.0,0,Transient,74.88,0,0
City Hotel,0,6,2015,October,44,28,0,3,2,0.0,0,HB,ISR,Groups,TA/TO,0,0,0,A,A,0,No Deposit,37.0,6,Transient-Party,107.0,0,0
City Hotel,0,6,2015,October,44,28,0,3,2,0.0,0,HB,ISR,Groups,TA/TO,0,0,0,A,A,0,No Deposit,37.0,6,Transient-Party,107.0,0,0
City Hotel,0,6,2015,October,44,28,0,3,2,0.0,0,BB,ISR,Groups,TA/TO,0,0,0,A,A,1,No Deposit,37.0,6,Transient-Party,75.0,0,0
City Hotel,0,6,2015,October,44,28,0,3,2,0.0,0,BB,ISR,Groups,TA/TO,0,0,0,A,A,1,No Deposit,37.0,6,Transient-Party,75.0,0,0
City Hotel,0,6,2015,October,44,28,0,3,2,0.0,0,BB,ISR,Groups,TA/TO,0,0,0,A,A,1,No Deposit,37.0,6,Transient-Party,75.0,0,0
City Hotel,0,6,2015,October,44,28,0,3,2,0.0,0,BB,ISR,Groups,TA/TO,0,0,0,A,A,1,No Deposit,37.0,6,Transient-Party,75.0,0,0
City Hotel,0,6,2015,October,44,28,0,3,2,0.0,0,HB,ISR,Groups,TA/TO,0,0,0,A,A,0,No Deposit,37.0,6,Transient-Party,107.0,0,0
City Hotel,0,6,2015,October,44,28,0,3,2,0.0,0,HB,ISR,Groups,TA/TO,0,0,0,A,A,0,No Deposit,37.0,6,Transient-Party,107.0,0,0
City Hotel,0,32,2015,October,44,26,1,4,2,0.0,0,BB,ESP,Online TA,TA/TO,0,0,0,A,A,0,No Deposit,9.0,0,Contract,113.4,0,1
City Hotel,0,40,2015,October,44,28,0,3,2,0.0,0,BB,ITA,Offline TA/TO,TA/TO,0,0,0,D,D,0,No Deposit,28.0,0,Transient,75.0,0,0
City Hotel,0,5,2015,October,44,28,0,3,2,0.0,0,BB,NLD,Online TA,TA/TO,0,0,0,D,D,0,No Deposit,9.0,0,Contract,136.0,0,1
City Hotel,0,0,2015,October,44,26,1,4,2,0.0,0,BB,PRT,Direct,Direct,0,0,0,A,A,3,No Deposit,,0,Transient,133.0,0,0
City Hotel,0,32,2015,October,44,26,1,4,2,0.0,0,BB,DEU,Offline TA/TO,TA/TO,0,0,0,D,D,0,No Deposit,27.0,0,Transient,68.0,0,1
City Hotel,0,32,2015,October,44,26,1,4,2,0.0,0,BB,DEU,Offline TA/TO,TA/TO,0,0,0,D,D,0,No Deposit,27.0,0,Transient,68.0,0,1
City Hotel,0,40,2015,October,44,28,0,3,2,0.0,0,BB,FRA,Offline TA/TO,TA/TO,0,0,0,D,D,0,No Deposit,28.0,0,Transient,75.0,0,0
City Hotel,0,28,2015,October,44,26,1,4,2,0.0,0,BB,FRA,Direct,Direct,0,0,0,B,B,0,No Deposit,14.0,0,Transient,99.45,0,0
City Hotel,0,28,2015,October,44,26,1,4,2,0.0,0,BB,FRA,Direct,Direct,0,0,0,B,B,0,No Deposit,14.0,0,Transient,99.45,0,0
City Hotel,0,34,2015,October,44,26,1,4,2,0.0,0,HB,GBR,Offline TA/TO,TA/TO,0,0,0,B,B,1,No Deposit,83.0,0,Transient,111.96,0,0
City Hotel,0,0,2015,October,44,30,0,1,2,0.0,0,BB,PRT,Direct,Direct,0,0,0,A,A,0,No Deposit,,0,Transient,95.0,0,0
City Hotel,0,5,2015,October,44,28,0,4,2,0.0,0,BB,ESP,Offline TA/TO,TA/TO,0,0,0,A,A,0,No Deposit,6.0,0,Transient,70.0,0,0
City Hotel,0,16,2015,October,44,31,0,1,2,0.0,0,BB,ESP,Online TA,TA/TO,0,0,0,A,A,0,No Deposit,9.0,0,Contract,95.0,0,1
City Hotel,0,34,2015,October,44,29,0,3,2,0.0,0,BB,GBR,Online TA,TA/TO,0,0,0,A,A,0,No Deposit,7.0,0,Transient,87.32,0,1
City Hotel,0,0,2015,October,44,31,0,1,2,0.0,0,BB,DZA,Online TA,TA/TO,0,0,0,A,A,0,No Deposit,9.0,0,Transient,107.0,0,1
City Hotel,0,43,2015,October,44,29,0,3,2,0.0,0,BB,DEU,Online TA,TA/TO,0,0,0,A,A,0,No Deposit,9.0,0,Contract,96.3,0,3
City Hotel,0,45,2015,October,44,30,0,2,2,0.0,0,BB,PRT,Online TA,TA/TO,0,0,0,A,A,0,No Deposit,9.0,0,Contract,96.3,0,2
City Hotel,0,8,2015,October,44,28,0,4,2,0.0,0,SC,NLD,Online TA,TA/TO,0,0,0,A,A,1,No Deposit,9.0,0,Contract,109.25,0,0
City Hotel,0,1,2015,October,44,30,0,2,2,0.0,0,SC,PRT,Online TA,TA/TO,0,0,0,A,A,2,No Deposit,9.0,0,Transient,104.0,1,0
City Hotel,0,2,2016,December,51,17,0,1,2,0.0,0,SC,PRT,Online TA,TA/TO,1,0,1,A,A,0,No Deposit,9.0,0,Group,78.0,0,1
City Hotel,0,2,2015,October,44,30,0,2,2,0.0,0,BB,FIN,Offline TA/TO,TA/TO,0,0,0,D,D,0,No Deposit,85.0,0,Group,72.25,0,2
City Hotel,0,8,2015,October,44,28,0,4,2,0.0,0,SC,NLD,Online TA,TA/TO,0,0,0,A,A,0,No Deposit,9.0,0,Contract,109.25,0,0
City Hotel,0,40,2015,October,44,26,1,5,2,0.0,0,BB,CRI,Online TA,TA/TO,0,0,0,D,D,2,No Deposit,7.0,0,Transient,85.59,0,1
City Hotel,0,36,2015,October,44,29,1,3,2,0.0,0,BB,FRA,Offline TA/TO,TA/TO,0,0,0,D,D,0,No Deposit,28.0,0,Transient,71.25,0,0
City Hotel,0,33,2015,October,44,28,1,4,2,0.0,0,BB,FRA,Offline TA/TO,TA/TO,0,0,0,D,D,0,No Deposit,28.0,0,Transient,77.4,0,0
City Hotel,0,18,2015,October,44,30,1,2,2,0.0,0,BB,IRL,Direct,Direct,0,0,0,A,A,0,No Deposit,14.0,0,Transient,107.67,0,0
City Hotel,0,37,2015,October,44,29,1,3,2,0.0,0,BB,FRA,Offline TA/TO,TA/TO,0,0,0,D,D,0,No Deposit,28.0,0,Transient,71.25,0,0
City Hotel,0,6,2015,October,44,30,1,2,2,0.0,0,BB,PRT,Online TA,TA/TO,0,0,0,A,A,0,No Deposit,7.0,0,Transient,87.27,0,1
City Hotel,0,0,2015,November,45,1,1,0,2,0.0,0,BB,CRI,Direct,Direct,0,0,0,D,D,0,No Deposit,,0,Transient,95.0,0,1
City Hotel,0,42,2015,October,44,26,2,5,2,0.0,0,BB,DEU,Online TA,TA/TO,0,0,0,A,A,0,No Deposit,9.0,0,Contract,98.36,0,1
City Hotel,0,32,2015,October,44,30,1,2,2,0.0,0,BB,FRA,Offline TA/TO,TA/TO,0,0,0,D,D,0,No Deposit,28.0,0,Group,70.0,0,0
City Hotel,0,8,2015,October,44,31,1,1,2,0.0,0,BB,ESP,Groups,TA/TO,0,0,0,A,A,0,No Deposit,1.0,0,Transient-Party,62.0,0,0
City Hotel,0,8,2015,October,44,31,1,1,2,0.0,0,BB,ESP,Groups,TA/TO,0,0,0,A,A,0,No Deposit,1.0,0,Transient-Party,62.0,0,0
City Hotel,0,2,2015,October,44,31,1,1,2,0.0,0,BB,ESP,Groups,TA/TO,0,0,0,A,A,0,No Deposit,1.0,0,Transient-Party,62.0,0,0
City Hotel,0,8,2015,October,44,31,1,1,2,0.0,0,BB,ESP,Groups,TA/TO,0,0,0,A,A,0,No Deposit,1.0,0,Transient-Party,62.0,0,0
City Hotel,0,8,2015,October,44,31,1,1,2,0.0,0,BB,PRT,Groups,TA/TO,0,0,0,A,A,0,No Deposit,1.0,0,Transient-Party,62.0,0,0
City Hotel,0,35,2015,October,44,30,1,2,2,0.0,0,BB,FRA,Offline TA/TO,TA/TO,0,0,0,D,D,0,No Deposit,28.0,0,Group,70.0,0,0
City Hotel,0,14,2015,October,44,30,1,2,2,0.0,0,BB,ESP,Offline TA/TO,TA/TO,0,0,0,D,D,0,No Deposit,83.0,0,Transient,98.67,0,1
City Hotel,0,24,2015,October,44,26,2,5,2,0.0,0,BB,DEU,Online TA,TA/TO,0,0,0,D,D,0,No Deposit,9.0,0,Contract,130.78,0,2
City Hotel,0,14,2015,October,44,30,1,2,2,0.0,0,BB,ESP,Offline TA/TO,TA/TO,0,0,0,D,B,0,No Deposit,83.0,0,Transient,98.67,0,1
City Hotel,0,14,2015,October,44,30,1,2,2,0.0,0,BB,ESP,Offline TA/TO,TA/TO,0,0,0,D,D,0,No Deposit,83.0,0,Transient,98.67,0,1
City Hotel,0,43,2015,October,44,30,1,2,2,0.0,0,BB,PRT,Direct,Direct,0,0,0,A,A,0,No Deposit,14.0,0,Transient,79.8,0,3
City Hotel,0,8,2015,October,44,29,1,3,2,0.0,0,SC,GBR,Online TA,TA/TO,0,0,0,A,A,0,No Deposit,9.0,0,Contract,94.24,0,0
City Hotel,0,44,2015,October,44,29,1,3,2,0.0,0,BB,ESP,Online TA,TA/TO,0,0,0,D,D,0,No Deposit,9.0,0,Contract,104.63,0,2
City Hotel,1,105,2016,February,7,8,1,2,2,0.0,0,BB,PRT,Online TA,TA/TO,0,1,0,A,A,0,No Deposit,9.0,0,Transient,90.0,0,0
City Hotel,1,11,2015,November,45,6,0,1,2,0.0,0,BB,PRT,Online TA,TA/TO,0,1,0,D,E,0,No Deposit,9.0,0,Transient,126.0,0,1
City Hotel,0,23,2015,October,44,28,1,4,2,0.0,0,BB,BEL,Online TA,TA/TO,0,0,0,A,D,1,No Deposit,10.0,0,Transient,118.98,0,0
City Hotel,0,39,2015,October,44,30,1,2,2,0.0,0,BB,GBR,Offline TA/TO,TA/TO,0,0,0,D,E,0,No Deposit,28.0,0,Transient,60.0,0,0
City Hotel,1,61,2015,December,53,30,2,6,2,0.0,0,BB,PRT,Online TA,TA/TO,0,1,0,A,A,2,No Deposit,9.0,0,Transient,99.75,0,0
City Hotel,1,60,2015,December,53,29,2,5,2,0.0,0,BB,PRT,Online TA,TA/TO,0,1,0,D,D,0,No Deposit,9.0,0,Transient,110.43,0,0
City Hotel,1,60,2015,December,53,29,2,6,2,0.0,0,BB,PRT,Online TA,TA/TO,0,1,0,A,A,0,No Deposit,9.0,0,Transient,99.75,0,0
City Hotel,0,9,2015,October,44,31,1,1,2,0.0,0,BB,PRT,Online TA,TA/TO,0,0,0,A,A,0,No Deposit,9.0,0,Contract,87.0,0,1
City Hotel,0,2,2015,October,44,31,1,1,2,0.0,0,BB,ESP,Groups,TA/TO,0,0,0,A,A,0,No Deposit,1.0,0,Transient-Party,62.0,0,0
City Hotel,0,8,2015,October,44,31,1,1,2,0.0,0,BB,ESP,Groups,TA/TO,0,0,0,A,A,0,No Deposit,1.0,0,Transient-Party,62.0,0,0
City Hotel,1,350,2016,September,40,30,1,2,2,0.0,0,BB,PRT,Offline TA/TO,TA/TO,0,1,0,A,A,0,Non Refund,4.0,17,Transient,90.0,0,0
City Hotel,1,350,2016,September,40,30,1,2,2,0.0,0,BB,PRT,Offline TA/TO,TA/TO,0,1,0,A,A,0,Non Refund,4.0,17,Transient,90.0,0,0
City Hotel,1,350,2016,September,40,30,1,2,2,0.0,0,BB,PRT,Offline TA/TO,TA/TO,0,1,0,A,A,0,Non Refund,4.0,17,Transient,90.0,0,0
City Hotel,1,350,2016,September,40,30,1,2,2,0.0,0,BB,PRT,Offline TA/TO,TA/TO,0,1,0,A,A,0,Non Refund,4.0,17,Transient,90.0,0,0
City Hotel,1,350,2016,September,40,30,1,2,2,0.0,0,BB,PRT,Offline TA/TO,TA/TO,0,1,0,A,A,0,Non Refund,4.0,17,Transient,90.0,0,0
City Hotel,1,350,2016,September,40,30,1,2,2,0.0,0,BB,PRT,Offline TA/TO,TA/TO,0,1,0,A,A,0,Non Refund,4.0,17,Transient,90.0,0,0
City Hotel,1,350,2016,September,40,30,1,2,2,0.0,0,BB,PRT,Offline TA/TO,TA/TO,0,1,0,A,A,0,Non Refund,4.0,17,Transient,90.0,0,0
City Hotel,1,350,2016,September,40,30,1,2,2,0.0,0,BB,PRT,Offline TA/TO,TA/TO,0,1,0,A,A,0,Non Refund,4.0,17,Transient,90.0,0,0
City Hotel,0,0,2015,October,44,30,1,2,2,0.0,0,BB,POL,Online TA,TA/TO,0,0,0,D,E,0,No Deposit,9.0,0,Transient,126.0,0,1
City Hotel,0,38,2015,October,44,30,2,2,2,0.0,0,BB,FRA,Offline TA/TO,TA/TO,0,0,0,D,D,0,No Deposit,28.0,0,Transient,67.5,0,0
City Hotel,0,32,2015,October,44,30,2,2,2,0.0,0,BB,FRA,Offline TA/TO,TA/TO,0,0,0,D,D,0,No Deposit,28.0,0,Group,67.5,0,0
City Hotel,0,5,2015,October,44,28,2,4,2,0.0,0,BB,PRT,Online TA,TA/TO,0,0,0,D,D,0,No Deposit,9.0,0,Contract,129.65,1,0
City Hotel,0,9,2015,October,44,31,2,1,2,0.0,0,BB,CZE,Online TA,TA/TO,0,0,0,A,A,0,No Deposit,9.0,0,Contract,87.0,0,1
City Hotel,0,32,2015,November,45,2,1,0,2,0.0,0,SC,PRT,Online TA,TA/TO,0,0,0,A,A,0,No Deposit,9.0,0,Contract,85.5,0,1
City Hotel,0,40,2015,October,44,31,2,1,2,0.0,0,BB,FRA,Offline TA/TO,TA/TO,0,0,0,D,D,0,No Deposit,28.0,0,Transient,65.0,0,0
City Hotel,0,43,2015,October,44,31,2,1,2,0.0,0,BB,FRA,Offline TA/TO,TA/TO,0,0,0,D,D,0,No Deposit,28.0,0,Transient,65.0,0,0
City Hotel,0,18,2015,October,44,31,2,1,2,0.0,0,BB,PRT,Online TA,TA/TO,0,0,0,B,B,0,No Deposit,7.0,0,Transient,78.54,0,1
City Hotel,0,18,2015,October,44,31,2,1,2,0.0,0,BB,PRT,Online TA,TA/TO,0,0,0,B,B,0,No Deposit,7.0,0,Transient,78.54,0,1
City Hotel,1,11,2015,November,45,6,2,2,2,0.0,0,BB,PRT,Online TA,TA/TO,0,1,0,A,A,0,No Deposit,9.0,0,Transient,90.95,0,1
City Hotel,1,12,2015,November,46,14,0,1,2,0.0,0,BB,PRT,Online TA,TA/TO,0,1,0,D,D,0,No Deposit,9.0,0,Contract,107.0,0,1
City Hotel,0,5,2015,October,44,31,2,1,2,0.0,0,BB,CN,Online TA,TA/TO,0,0,0,A,A,0,No Deposit,9.0,0,Transient,105.33,0,0
City Hotel,0,15,2015,October,44,31,2,1,2,0.0,0,BB,BEL,Online TA,TA/TO,0,0,0,D,D,0,No Deposit,9.0,0,Transient,117.0,0,1
City Hotel,0,18,2015,October,44,31,2,2,2,0.0,0,BB,PRT,Online TA,TA/TO,0,0,0,A,A,0,No Deposit,9.0,0,Contract,94.96,0,1
City Hotel,0,11,2015,November,45,1,2,1,2,0.0,0,BB,DEU,Online TA,TA/TO,0,0,0,A,A,0,No Deposit,9.0,0,Contract,87.0,0,1
City Hotel,0,0,2015,November,45,2,1,1,2,0.0,0,BB,FRA,Online TA,TA/TO,0,0,0,A,A,1,No Deposit,9.0,0,Contract,104.0,0,1
City Hotel,0,10,2015,November,45,3,0,1,2,0.0,0,BB,JPN,Online TA,TA/TO,0,0,0,A,A,0,No Deposit,7.0,0,Transient,82.39,0,1
City Hotel,0,37,2015,November,45,1,2,1,2,0.0,0,BB,FRA,Offline TA/TO,TA/TO,0,0,0,D,D,0,No Deposit,28.0,0,Transient,60.0,0,0
City Hotel,0,10,2015,October,44,31,2,2,2,0.0,0,BB,ARG,Online TA,TA/TO,0,0,0,A,A,0,No Deposit,9.0,0,Contract,77.21,0,2
City Hotel,0,34,2015,November,45,1,2,1,2,0.0,0,BB,FRA,Offline TA/TO,TA/TO,0,0,0,D,D,0,No Deposit,28.0,0,Group,60.0,0,0
City Hotel,0,11,2015,November,45,1,2,1,2,0.0,0,BB,ITA,Online TA,TA/TO,0,0,0,A,A,0,No Deposit,9.0,0,Contract,87.0,0,1
City Hotel,0,4,2015,October,44,31,2,2,2,0.0,0,BB,DEU,Direct,Direct,0,0,0,A,D,0,No Deposit,,0,Transient,60.0,0,1
City Hotel,0,34,2015,November,45,1,2,1,2,0.0,0,BB,FRA,Offline TA/TO,TA/TO,0,0,0,D,D,0,No Deposit,28.0,0,Group,60.0,0,0
City Hotel,0,34,2015,November,45,1,2,1,2,0.0,0,BB,BEL,Offline TA/TO,TA/TO,0,0,0,D,D,1,No Deposit,28.0,0,Group,60.0,0,0
City Hotel,0,12,2015,October,44,31,2,2,2,0.0,0,BB,FRA,Online TA,TA/TO,0,0,0,D,D,0,No Deposit,9.0,0,Contract,103.84,0,1
City Hotel,0,11,2015,November,45,3,0,1,2,0.0,0,BB,DEU,Online TA,TA/TO,0,0,0,A,D,0,No Deposit,9.0,0,Contract,96.0,1,1
City Hotel,0,11,2015,November,45,1,2,1,2,0.0,0,BB,PRT,Online TA,TA/TO,0,0,0,A,A,0,No Deposit,9.0,0,Contract,87.0,0,1
City Hotel,1,21,2015,November,46,13,2,2,2,0.0,0,BB,PRT,Online TA,TA/TO,0,1,0,D,D,0,No Deposit,9.0,0,Contract,82.45,0,1
City Hotel,1,149,2016,March,13,26,2,5,2,0.0,0,BB,PRT,Online TA,TA/TO,0,1,0,A,A,0,No Deposit,8.0,0,Transient,91.56,0,0
City Hotel,1,21,2015,November,46,13,0,2,2,0.0,0,BB,PRT,Complementary,Direct,0,1,0,G,G,0,No Deposit,,0,Transient,0.0,0,1
City Hotel,1,14,2015,November,45,4,0,1,2,0.0,0,BB,PRT,Online TA,TA/TO,0,0,0,A,A,0,No Deposit,9.0,0,Contract,87.0,0,1
City Hotel,0,6,2015,November,45,3,0,2,2,0.0,0,BB,GBR,Online TA,TA/TO,0,0,0,D,D,0,No Deposit,9.0,0,Transient,105.0,0,0
City Hotel,0,8,2015,November,45,4,0,1,2,0.0,0,BB,ESP,Online TA,TA/TO,0,0,0,A,A,0,No Deposit,9.0,0,Transient,83.0,0,0
City Hotel,0,8,2015,November,45,4,0,1,2,0.0,0,BB,ESP,Online TA,TA/TO,0,0,0,A,A,0,No Deposit,9.0,0,Transient,83.0,0,0
City Hotel,0,22,2015,November,45,3,0,2,2,0.0,0,BB,HUN,Offline TA/TO,TA/TO,0,0,0,A,A,0,No Deposit,85.0,0,Transient,75.0,0,1
City Hotel,0,22,2015,November,45,3,0,2,2,0.0,0,BB,HUN,Offline TA/TO,TA/TO,0,0,0,A,A,0,No Deposit,85.0,0,Transient,75.0,0,1
City Hotel,0,6,2015,November,45,4,0,1,2,0.0,0,BB,FRA,Online TA,TA/TO,0,0,0,A,A,2,No Deposit,9.0,0,Transient,89.0,0,0
City Hotel,1,67,2015,December,52,25,3,7,2,0.0,0,BB,PRT,Online TA,TA/TO,0,1,0,A,A,0,No Deposit,9.0,0,Contract,101.07,0,1
City Hotel,0,5,2015,November,45,4,0,1,2,0.0,0,BB,IRL,Online TA,TA/TO,0,0,0,D,D,0,No Deposit,9.0,0,Transient,117.0,0,0
City Hotel,0,2,2015,November,45,4,0,1,2,0.0,0,SC,ESP,Online TA,TA/TO,0,0,0,A,A,0,No Deposit,9.0,0,Contract,95.0,0,1
City Hotel,1,70,2015,November,48,25,0,3,2,0.0,0,BB,PRT,Direct,Direct,0,1,0,B,B,0,No Deposit,14.0,0,Transient,61.56,0,0
City Hotel,1,70,2015,November,48,25,0,3,2,0.0,0,BB,PRT,Direct,Direct,0,1,0,B,B,0,No Deposit,14.0,0,Transient,61.56,0,0
City Hotel,0,0,2015,November,45,4,0,1,2,0.0,0,BB,DEU,Direct,Direct,0,0,0,A,D,0,No Deposit,,0,Transient,95.0,1,1
City Hotel,0,0,2015,November,45,5,0,2,2,0.0,0,BB,USA,Direct,Direct,1,0,0,A,A,1,No Deposit,,0,Transient,95.0,0,0
City Hotel,0,46,2015,November,45,3,0,2,2,0.0,0,BB,PRT,Offline TA/TO,TA/TO,0,0,0,D,D,0,No Deposit,28.0,0,Transient,60.0,0,0
City Hotel,0,5,2015,November,45,1,2,2,2,0.0,0,BB,ISR,Online TA,TA/TO,0,0,0,D,D,1,No Deposit,9.0,0,Transient,105.0,0,0
City Hotel,0,5,2015,November,45,1,2,2,2,0.0,0,BB,GBR,Online TA,TA/TO,0,0,0,D,D,1,No Deposit,9.0,0,Transient,105.0,0,0
City Hotel,0,41,2015,November,45,1,2,2,2,0.0,0,BB,FRA,Offline TA/TO,TA/TO,0,0,0,D,D,0,No Deposit,28.0,0,Transient,60.0,0,0
City Hotel,1,55,2015,December,53,30,0,3,2,0.0,0,BB,PRT,Offline TA/TO,TA/TO,1,1,0,A,A,0,No Deposit,3.0,0,Transient-Party,70.0,0,0
City Hotel,0,19,2015,October,44,29,2,5,2,0.0,0,BB,NLD,Online TA,TA/TO,0,0,0,D,D,0,No Deposit,9.0,0,Contract,115.11,0,1
City Hotel,0,35,2015,November,45,2,1,3,2,0.0,0,BB,FRA,Offline TA/TO,TA/TO,0,0,0,D,D,1,No Deposit,28.0,0,Group,60.0,0,0
City Hotel,0,41,2015,November,45,1,2,3,2,0.0,0,BB,BEL,Offline TA/TO,TA/TO,0,0,0,D,D,0,No Deposit,28.0,0,Transient,60.0,0,1
City Hotel,0,34,2015,November,45,1,2,3,2,0.0,0,BB,FRA,Offline TA/TO,TA/TO,0,0,0,D,D,0,No Deposit,28.0,0,Group,60.0,0,0
City Hotel,0,51,2015,November,45,4,0,2,2,0.0,0,BB,PRT,Online TA,TA/TO,0,0,0,D,D,0,No Deposit,9.0,0,Contract,102.6,0,1
City Hotel,0,7,2015,November,45,2,1,3,2,0.0,0,BB,FRA,Online TA,TA/TO,0,0,0,A,A,0,No Deposit,9.0,0,Transient,95.0,0,1
City Hotel,0,14,2015,November,45,2,1,3,2,0.0,0,BB,POL,Online TA,TA/TO,0,0,0,D,D,0,No Deposit,9.0,0,Contract,108.45,1,1
City Hotel,0,0,2015,November,45,5,0,1,2,0.0,0,BB,PRT,Complementary,Direct,0,0,0,G,G,0,No Deposit,,0,Transient,0.0,0,2
City Hotel,0,3,2015,November,45,5,0,1,2,0.0,0,BB,PRT,Online TA,TA/TO,0,0,0,A,A,0,No Deposit,9.0,0,Contract,107.0,0,1
City Hotel,0,26,2015,November,45,1,2,3,2,0.0,0,BB,PRT,Online TA,TA/TO,0,0,0,B,B,1,No Deposit,9.0,0,Contract,85.0,0,0
City Hotel,1,54,2015,December,53,30,1,4,2,0.0,0,BB,PRT,Online TA,TA/TO,1,1,0,D,D,0,No Deposit,9.0,0,Contract,117.0,0,1
City Hotel,0,21,2015,November,45,3,0,3,2,0.0,0,BB,DEU,Offline TA/TO,TA/TO,0,0,0,D,D,0,No Deposit,27.0,0,Transient,46.67,0,0
City Hotel,0,40,2015,November,45,2,1,3,2,0.0,0,BB,FRA,Offline TA/TO,TA/TO,0,0,0,D,A,0,No Deposit,28.0,0,Transient,60.0,0,0
City Hotel,0,24,2015,November,45,5,0,1,2,0.0,0,BB,PRT,Complementary,Direct,0,0,0,A,A,0,No Deposit,,0,Transient,0.0,0,1
City Hotel,0,21,2015,November,45,2,1,3,2,0.0,0,BB,POL,Online TA,TA/TO,0,0,0,F,F,0,No Deposit,9.0,0,Contract,150.45,0,0
City Hotel,1,0,2015,November,45,6,6,16,2,0.0,0,SC,PRT,Online TA,TA/TO,1,0,0,A,A,0,No Deposit,9.0,0,Contract,91.09,0,0
City Hotel,0,26,2015,November,45,1,2,3,2,0.0,0,BB,ITA,Online TA,TA/TO,0,0,0,B,B,1,No Deposit,9.0,0,Contract,85.0,0,0
City Hotel,0,40,2015,November,45,2,1,3,2,0.0,0,BB,FRA,Offline TA/TO,TA/TO,0,0,0,D,D,0,No Deposit,28.0,0,Transient,60.0,0,0
City Hotel,0,1,2015,November,45,3,0,3,2,0.0,0,BB,FRA,Offline TA/TO,TA/TO,0,0,0,A,A,0,No Deposit,28.0,0,Transient,80.0,0,0
City Hotel,0,17,2015,November,46,8,0,0,2,0.0,0,BB,PRT,Direct,Direct,0,0,0,A,A,0,No Deposit,14.0,0,Transient,0.0,0,0
City Hotel,0,42,2015,November,45,4,0,3,2,0.0,0,BB,FRA,Offline TA/TO,TA/TO,0,0,0,D,D,0,No Deposit,28.0,0,Transient,60.0,0,0
City Hotel,0,37,2015,November,45,4,0,3,2,0.0,0,BB,FRA,Offline TA/TO,TA/TO,0,0,0,D,D,0,No Deposit,28.0,0,Group,60.0,0,0
City Hotel,0,43,2015,November,45,4,0,3,2,0.0,0,BB,FRA,Offline TA/TO,TA/TO,0,0,0,D,D,0,No Deposit,28.0,0,Transient,60.0,0,0
City Hotel,0,45,2015,October,44,31,2,5,2,0.0,0,BB,RUS,Online TA,TA/TO,0,0,0,D,D,0,No Deposit,9.0,0,Transient,90.64,0,2
City Hotel,0,42,2015,November,45,2,1,4,2,0.0,0,BB,FRA,Offline TA/TO,TA/TO,0,0,0,D,D,0,No Deposit,28.0,0,Transient,60.0,0,0
City Hotel,0,0,2015,November,45,3,0,4,2,0.0,0,BB,NLD,Online TA,TA/TO,0,0,0,D,D,0,No Deposit,9.0,0,Contract,82.45,0,1
City Hotel,0,12,2015,November,45,3,0,4,2,0.0,0,BB,PRT,Online TA,TA/TO,0,0,0,D,D,1,No Deposit,9.0,0,Contract,91.45,1,0
City Hotel,0,8,2015,November,45,5,0,2,2,0.0,0,BB,DEU,Direct,Direct,0,0,0,A,D,0,No Deposit,14.0,0,Transient,99.5,0,0
City Hotel,0,5,2015,November,45,4,0,3,2,0.0,0,BB,PRT,Offline TA/TO,TA/TO,0,0,0,A,A,0,No Deposit,6.0,0,Group,70.0,0,0
City Hotel,0,0,2015,November,45,2,1,4,2,0.0,0,BB,FRA,Online TA,TA/TO,0,0,0,A,A,0,No Deposit,9.0,0,Contract,107.0,0,1
City Hotel,0,47,2015,November,45,5,0,2,2,0.0,0,BB,BEL,Online TA,TA/TO,0,0,0,B,B,0,No Deposit,9.0,0,Transient,105.5,0,1
City Hotel,0,47,2015,November,45,5,0,2,2,0.0,0,BB,BEL,Online TA,TA/TO,0,0,0,B,B,0,No Deposit,9.0,0,Transient,105.5,0,2
City Hotel,0,47,2015,November,45,5,0,2,2,0.0,0,BB,BEL,Online TA,TA/TO,0,0,0,B,B,0,No Deposit,9.0,0,Transient,105.5,0,2
City Hotel,0,46,2015,November,45,4,0,3,2,0.0,0,BB,BEL,Online TA,TA/TO,0,0,0,B,B,1,No Deposit,9.0,0,Transient,105.5,0,1
City Hotel,0,46,2015,November,45,4,0,3,2,0.0,0,BB,BEL,Online TA,TA/TO,0,0,0,B,B,1,No Deposit,9.0,0,Transient,105.5,0,1
City Hotel,0,2,2015,November,45,6,0,1,2,0.0,0,BB,ITA,Online TA,TA/TO,0,0,0,A,A,0,No Deposit,9.0,0,Contract,107.0,0,1
City Hotel,0,47,2015,November,45,5,0,2,2,0.0,0,BB,BEL,Online TA,TA/TO,0,0,0,B,B,1,No Deposit,9.0,0,Transient,105.5,0,1
City Hotel,1,143,2016,March,13,24,0,2,2,0.0,0,SC,PRT,Online TA,TA/TO,0,1,0,A,A,0,No Deposit,9.0,0,Contract,86.0,0,1
City Hotel,0,26,2015,October,44,31,2,5,2,0.0,0,BB,ITA,Online TA,TA/TO,0,0,0,A,A,0,No Deposit,9.0,0,Contract,95.96,0,1
City Hotel,0,11,2015,November,45,2,1,4,2,0.0,0,BB,PRT,Online TA,TA/TO,0,0,0,A,A,0,No Deposit,9.0,0,Contract,73.95,0,1
City Hotel,0,10,2015,November,45,2,1,4,2,0.0,0,BB,ESP,Online TA,TA/TO,0,0,0,A,A,0,No Deposit,9.0,0,Contract,82.95,1,0
City Hotel,0,0,2015,November,45,6,0,1,2,0.0,0,BB,TUR,Online TA,TA/TO,0,0,0,A,A,2,No Deposit,9.0,0,Contract,95.0,0,1
City Hotel,0,0,2015,November,45,6,0,1,2,0.0,0,BB,TUR,Online TA,TA/TO,0,0,0,A,A,2,No Deposit,9.0,0,Contract,95.0,0,1
City Hotel,0,0,2015,November,45,6,0,1,2,0.0,0,BB,PRT,Online TA,TA/TO,0,0,0,A,A,2,No Deposit,9.0,0,Contract,95.0,0,1
City Hotel,0,1,2015,November,45,5,0,2,2,0.0,0,SC,PRT,Online TA,TA/TO,0,0,0,A,A,0,No Deposit,9.0,0,Contract,95.0,0,1
City Hotel,0,1,2015,November,45,5,0,2,2,0.0,0,SC,PRT,Online TA,TA/TO,0,0,0,A,A,0,No Deposit,9.0,0,Contract,95.0,0,1
City Hotel,0,21,2015,November,45,5,0,2,2,0.0,0,BB,USA,Online TA,TA/TO,0,0,0,A,A,0,No Deposit,11.0,0,Transient,76.0,0,0
City Hotel,0,21,2015,November,45,5,0,2,2,0.0,0,BB,USA,Online TA,TA/TO,0,0,0,A,A,0,No Deposit,11.0,0,Transient,76.0,0,0
City Hotel,0,8,2015,October,44,31,2,5,2,0.0,0,BB,PRT,Online TA,TA/TO,0,0,0,A,A,0,No Deposit,9.0,0,Contract,75.81,0,1
City Hotel,1,14,2015,November,45,6,0,1,2,0.0,0,BB,PRT,Direct,Direct,0,0,0,A,F,0,No Deposit,14.0,0,Transient,75.0,0,0
City Hotel,0,0,2015,November,45,7,0,0,2,0.0,0,BB,PRT,Direct,Direct,1,1,0,A,F,1,No Deposit,14.0,0,Transient,0.0,0,0
City Hotel,0,0,2015,November,45,6,0,1,2,0.0,0,BB,PRT,Online TA,TA/TO,0,0,0,A,A,0,No Deposit,9.0,0,Contract,107.0,0,1
City Hotel,0,9,2015,November,45,7,0,1,2,0.0,0,SC,PRT,Online TA,TA/TO,0,0,0,A,A,2,No Deposit,11.0,0,Transient,76.0,0,1
City Hotel,1,194,2016,May,19,4,0,4,2,0.0,0,BB,PRT,Online TA,TA/TO,0,1,0,A,A,0,No Deposit,9.0,0,Contract,106.2,0,0
City Hotel,0,12,2015,November,45,2,1,5,2,0.0,0,BB,GBR,Offline TA/TO,TA/TO,0,0,0,A,E,0,No Deposit,85.0,0,Transient,68.0,0,0
City Hotel,0,22,2015,November,45,6,0,2,2,0.0,0,BB,ITA,Offline TA/TO,TA/TO,0,0,0,A,A,0,No Deposit,85.0,0,Transient,75.0,0,0
City Hotel,0,9,2015,November,45,7,0,1,2,0.0,0,SC,PRT,Online TA,TA/TO,0,0,0,A,A,0,No Deposit,11.0,0,Transient,76.0,0,1
City Hotel,0,19,2015,November,45,4,0,4,2,0.0,0,BB,DEU,Offline TA/TO,TA/TO,0,0,0,D,G,0,No Deposit,27.0,0,Transient,52.5,0,2
City Hotel,0,21,2015,November,45,5,0,3,2,0.0,0,BB,PRT,Offline TA/TO,TA/TO,0,0,0,A,G,1,No Deposit,16.0,0,Transient,37.07,0,1
City Hotel,0,17,2015,November,45,3,0,5,2,0.0,0,BB,PRT,Online TA,TA/TO,0,0,0,A,A,0,No Deposit,9.0,0,Transient,90.95,0,1
City Hotel,0,6,2015,November,45,6,0,2,2,0.0,0,BB,DEU,Online TA,TA/TO,0,0,0,A,A,0,No Deposit,9.0,0,Transient,116.0,1,0
City Hotel,0,1,2015,November,45,5,0,3,2,0.0,0,BB,NLD,Direct,Direct,0,0,0,A,A,0,No Deposit,14.0,0,Transient,95.0,0,0
City Hotel,0,36,2015,November,45,3,0,5,2,0.0,0,BB,FRA,Offline TA/TO,TA/TO,0,0,0,D,D,1,No Deposit,28.0,0,Group,60.0,0,0
City Hotel,0,3,2015,November,45,5,0,3,2,0.0,0,BB,PRT,Online TA,TA/TO,0,0,0,B,B,0,No Deposit,9.0,0,Contract,96.5,0,1
City Hotel,0,3,2015,November,45,5,0,3,2,0.0,0,BB,PRT,Online TA,TA/TO,0,0,0,B,B,0,No Deposit,9.0,0,Contract,105.5,1,1
City Hotel,0,23,2015,November,45,4,0,4,2,0.0,0,BB,CHN,Online TA,TA/TO,0,0,0,A,D,0,No Deposit,9.0,0,Contract,90.95,0,1
City Hotel,0,28,2015,November,45,4,0,4,2,0.0,0,BB,PRT,Online TA,TA/TO,0,0,0,D,D,0,No Deposit,7.0,0,Transient,85.59,0,1
City Hotel,0,42,2015,November,45,5,0,3,2,0.0,0,BB,FRA,Offline TA/TO,TA/TO,0,0,0,D,D,0,No Deposit,28.0,0,Transient,60.0,0,0
City Hotel,0,10,2015,November,45,6,0,2,2,0.0,0,SC,ESP,Online TA,TA/TO,0,0,0,A,A,1,No Deposit,9.0,0,Transient,83.0,0,1
City Hotel,0,28,2015,November,45,2,2,5,2,0.0,0,BB,DEU,Offline TA/TO,TA/TO,0,0,0,A,A,0,No Deposit,27.0,0,Transient,41.43,0,0
City Hotel,0,45,2015,November,45,6,1,2,2,0.0,0,BB,FRA,Offline TA/TO,TA/TO,0,0,0,D,E,0,No Deposit,28.0,0,Transient,60.0,0,0
City Hotel,0,46,2015,November,45,6,1,2,2,0.0,0,BB,FRA,Offline TA/TO,TA/TO,0,0,0,D,D,0,No Deposit,28.0,0,Transient,60.0,0,0
City Hotel,0,4,2015,November,45,6,1,2,2,0.0,0,BB,CZE,Offline TA/TO,TA/TO,0,0,0,D,A,0,No Deposit,85.0,0,Transient,78.2,0,0
City Hotel,0,26,2015,November,45,3,1,5,2,0.0,0,BB,PAN,Online TA,TA/TO,0,0,0,A,A,0,No Deposit,9.0,0,Transient,99.45,0,0
City Hotel,0,52,2015,November,45,6,1,2,2,0.0,0,BB,ESP,Online TA,TA/TO,0,0,0,A,A,0,No Deposit,9.0,0,Contract,73.2,0,1
City Hotel,0,38,2015,November,45,5,1,3,2,0.0,0,BB,FRA,Offline TA/TO,TA/TO,0,0,0,D,D,1,No Deposit,28.0,0,Group,60.0,0,0
City Hotel,0,38,2015,November,45,5,1,3,2,0.0,0,BB,FRA,Offline TA/TO,TA/TO,0,0,0,D,D,0,No Deposit,28.0,0,Group,60.0,0,0
City Hotel,0,46,2015,November,45,6,1,2,2,0.0,0,BB,FRA,Offline TA/TO,TA/TO,0,0,0,D,D,0,No Deposit,28.0,0,Transient,60.0,0,1
City Hotel,0,46,2015,November,45,6,1,2,2,0.0,0,BB,FRA,Offline TA/TO,TA/TO,0,0,0,D,D,0,No Deposit,28.0,0,Transient,60.0,0,1
City Hotel,0,6,2015,November,45,4,1,4,2,0.0,0,BB,BRA,Offline TA/TO,TA/TO,0,0,0,D,D,0,No Deposit,85.0,0,Transient,78.2,0,0
City Hotel,0,4,2015,November,45,6,1,2,2,0.0,0,SC,ESP,Online TA,TA/TO,0,0,0,A,E,1,No Deposit,9.0,0,Contract,104.0,1,1
City Hotel,0,51,2015,November,45,4,1,4,2,0.0,0,BB,NLD,Online TA,TA/TO,0,0,0,D,D,0,No Deposit,9.0,0,Contract,102.6,0,1
City Hotel,0,29,2015,November,45,6,1,2,2,0.0,0,BB,ESP,Offline TA/TO,TA/TO,0,0,0,A,A,0,Refundable,22.0,0,Transient-Party,63.0,0,0
City Hotel,0,29,2015,November,45,6,1,2,2,0.0,0,BB,ESP,Offline TA/TO,TA/TO,0,0,0,A,A,0,No Deposit,22.0,0,Transient,63.0,0,0
City Hotel,0,0,2015,November,45,4,1,4,2,0.0,0,BB,FRA,Direct,Direct,0,0,0,A,A,0,No Deposit,14.0,0,Transient,95.0,0,1
City Hotel,0,8,2015,November,45,7,1,1,2,0.0,0,BB,FRA,Online TA,TA/TO,0,0,0,A,A,0,No Deposit,7.0,0,Transient,82.39,0,1
City Hotel,0,49,2015,November,45,6,1,2,2,0.0,0,BB,ESP,Offline TA/TO,TA/TO,0,0,0,D,D,0,No Deposit,28.0,0,Transient,60.0,0,0
City Hotel,0,9,2015,November,45,4,1,4,2,0.0,0,BB,AUT,Direct,Direct,0,0,0,A,A,0,No Deposit,14.0,0,Transient,95.0,0,0
City Hotel,0,29,2015,November,45,6,1,2,2,0.0,0,BB,CHE,Online TA,TA/TO,0,0,0,A,A,0,No Deposit,9.0,0,Transient,96.3,0,2
City Hotel,0,29,2015,November,45,6,1,2,2,0.0,0,BB,CHE,Online TA,TA/TO,0,0,0,A,A,0,No Deposit,9.0,0,Transient,96.3,0,2
City Hotel,0,52,2015,November,45,6,1,2,2,0.0,0,BB,ESP,Online TA,TA/TO,0,0,0,A,A,0,No Deposit,9.0,0,Contract,79.2,0,2
City Hotel,0,2,2015,November,46,8,1,0,2,0.0,0,BB,PRT,Direct,Direct,0,0,0,A,A,0,No Deposit,,0,Transient,74.0,0,0
City Hotel,0,46,2015,November,45,6,1,2,2,0.0,0,BB,FRA,Offline TA/TO,TA/TO,0,0,0,D,D,0,No Deposit,28.0,0,Transient,60.0,0,0
City Hotel,0,3,2015,November,45,6,1,2,2,0.0,0,BB,FRA,Offline TA/TO,TA/TO,0,0,0,A,A,0,No Deposit,28.0,0,Transient,80.0,0,0
City Hotel,1,159,2016,March,13,20,2,0,2,0.0,0,BB,PRT,Online TA,TA/TO,0,1,0,A,A,0,No Deposit,9.0,0,Contract,90.0,0,2
City Hotel,1,159,2016,March,13,20,2,0,2,0.0,0,BB,PRT,Online TA,TA/TO,0,1,0,A,A,0,No Deposit,9.0,0,Contract,90.0,0,2
City Hotel,1,61,2015,December,53,30,1,4,2,0.0,0,BB,PRT,Online TA,TA/TO,0,1,0,A,A,0,No Deposit,9.0,0,Transient,87.21,0,1
City Hotel,0,14,2015,November,45,5,1,3,2,0.0,0,BB,PRT,Offline TA/TO,TA/TO,0,0,0,A,A,0,No Deposit,16.0,0,Transient,43.5,0,0
City Hotel,1,25,2015,November,48,27,2,5,2,0.0,0,BB,PRT,Online TA,TA/TO,0,1,0,B,B,0,No Deposit,9.0,0,Contract,87.0,0,0
City Hotel,1,25,2015,November,48,27,2,5,2,0.0,0,BB,PRT,Online TA,TA/TO,0,1,0,B,B,0,No Deposit,9.0,0,Contract,87.0,0,0
City Hotel,1,2,2015,November,46,9,3,8,2,0.0,0,BB,PRT,Direct,Direct,0,0,0,A,A,0,No Deposit,14.0,0,Transient,95.81,0,0
City Hotel,1,3,2015,November,49,30,3,8,2,0.0,0,BB,PRT,Direct,Direct,1,1,0,A,A,0,No Deposit,14.0,0,Transient,89.45,0,2
City Hotel,0,40,2015,November,45,7,2,1,2,0.0,0,BB,PRT,Offline TA/TO,TA/TO,0,0,0,D,F,1,No Deposit,28.0,0,Group,60.0,0,0
City Hotel,0,11,2015,November,45,6,2,2,2,0.0,0,BB,PRT,Online TA,TA/TO,0,0,0,A,D,0,No Deposit,9.0,0,Transient,90.95,0,1
City Hotel,0,12,2015,November,45,7,2,1,2,0.0,0,BB,USA,Online TA,TA/TO,0,0,0,A,D,0,No Deposit,9.0,0,Transient,114.0,1,0
City Hotel,0,25,2015,November,45,6,2,2,2,0.0,0,BB,PRT,Online TA,TA/TO,0,0,0,A,A,0,No Deposit,9.0,0,Contract,90.95,0,1
City Hotel,0,4,2015,November,45,6,2,2,2,0.0,0,BB,FRA,Offline TA/TO,TA/TO,0,0,0,A,A,0,No Deposit,28.0,0,Transient,68.0,0,0
City Hotel,0,22,2015,November,45,6,2,2,2,0.0,0,BB,DEU,Offline TA/TO,TA/TO,0,0,0,A,A,0,No Deposit,27.0,0,Transient,43.5,0,0
City Hotel,1,5,2015,November,46,14,0,1,2,0.0,0,BB,PRT,Online TA,TA/TO,0,1,0,D,D,0,No Deposit,9.0,0,Transient,107.0,0,0
City Hotel,0,40,2015,November,45,7,2,1,2,0.0,0,BB,FRA,Offline TA/TO,TA/TO,0,0,0,D,F,0,No Deposit,28.0,0,Group,60.0,0,0
City Hotel,0,56,2015,November,45,6,2,2,2,0.0,0,BB,ESP,Offline TA/TO,TA/TO,0,0,0,D,D,0,No Deposit,28.0,0,Transient,60.0,0,0
City Hotel,0,8,2015,November,45,6,2,2,2,0.0,0,BB,PRT,Online TA,TA/TO,0,0,0,A,A,0,No Deposit,9.0,0,Transient,104.5,0,1
City Hotel,0,0,2015,November,46,9,1,0,2,0.0,0,SC,PRT,Online TA,TA/TO,0,0,0,A,A,0,No Deposit,9.0,0,Contract,85.0,1,0
City Hotel,0,44,2015,November,45,5,2,3,2,0.0,0,BB,FRA,Offline TA/TO,TA/TO,0,0,0,D,D,0,No Deposit,28.0,0,Transient,60.0,0,0
City Hotel,0,39,2015,November,45,7,2,1,2,0.0,0,BB,FRA,Offline TA/TO,TA/TO,0,0,0,A,A,0,No Deposit,6.0,0,Transient,63.0,0,0
City Hotel,1,0,2015,November,46,10,0,1,2,0.0,0,BB,PRT,Direct,Direct,1,0,0,A,A,0,No Deposit,,0,Transient,89.0,0,0
City Hotel,1,1,2015,December,52,24,0,1,2,0.0,0,BB,PRT,Direct,Direct,1,11,0,E,E,0,No Deposit,,0,Transient,55.0,0,0
City Hotel,1,1,2015,December,52,24,0,1,2,0.0,0,BB,PRT,Direct,Direct,1,11,0,E,E,0,No Deposit,,0,Transient,55.0,0,0
City Hotel,0,1,2016,January,2,8,0,2,2,0.0,0,SC,BRA,Online TA,TA/TO,1,11,0,A,A,0,No Deposit,9.0,0,Transient-Party,67.5,0,0
City Hotel,0,1,2016,January,2,8,0,2,2,0.0,0,SC,BRA,Online TA,TA/TO,1,11,0,A,A,0,No Deposit,9.0,0,Transient-Party,76.5,1,0
City Hotel,0,1,2016,January,2,9,1,1,2,0.0,0,BB,PRT,Online TA,TA/TO,1,11,1,D,D,0,No Deposit,9.0,0,Transient,89.3,0,1
City Hotel,0,4,2016,January,3,12,0,3,2,0.0,0,BB,ESP,Online TA,TA/TO,1,11,4,A,A,0,No Deposit,9.0,0,Transient,80.3,0,1
City Hotel,0,3,2016,January,3,14,0,1,2,0.0,0,BB,PRT,Online TA,TA/TO,1,11,4,A,A,0,No Deposit,9.0,0,Transient,83.9,0,1
City Hotel,0,0,2016,January,3,14,0,1,2,0.0,0,BB,AUT,Online TA,TA/TO,1,11,4,A,A,0,No Deposit,9.0,0,Transient,81.9,0,0
City Hotel,0,4,2016,January,3,15,0,1,2,0.0,0,SC,FRA,Online TA,TA/TO,1,11,5,A,A,0,No Deposit,9.0,0,Transient,77.0,0,1
City Hotel,0,8,2016,January,3,15,0,1,2,0.0,0,BB,PRT,Online TA,TA/TO,1,11,5,A,A,0,No Deposit,9.0,0,Transient,80.3,0,1
City Hotel,0,1,2016,January,3,15,0,1,2,0.0,0,SC,PRT,Online TA,TA/TO,1,11,5,A,A,0,No Deposit,9.0,0,Transient,75.0,0,0
City Hotel,0,5,2016,January,3,15,0,1,2,0.0,0,BB,PRT,Online TA,TA/TO,1,11,5,D,D,0,No Deposit,9.0,0,Transient,89.3,0,1
City Hotel,0,3,2016,January,3,16,2,2,2,0.0,0,BB,AGO,Online TA,TA/TO,1,11,10,A,A,0,No Deposit,9.0,0,Transient,80.1,0,1
City Hotel,0,2,2016,January,3,16,0,1,2,0.0,0,SC,PRT,Online TA,TA/TO,1,11,10,A,A,0,No Deposit,9.0,0,Transient,86.0,1,1
City Hotel,0,0,2016,January,4,17,1,0,2,0.0,0,BB,PRT,Online TA,TA/TO,1,11,16,A,A,0,No Deposit,9.0,0,Transient,93.0,0,0
City Hotel,0,5,2016,January,4,22,1,2,2,0.0,0,BB,POL,Online TA,TA/TO,1,11,19,A,A,0,No Deposit,9.0,0,Transient,89.0,0,1
City Hotel,0,1,2016,January,5,29,2,2,2,0.0,0,BB,FRA,Online TA,TA/TO,1,11,20,D,D,0,No Deposit,9.0,0,Transient,106.0,0,1
City Hotel,0,12,2016,February,6,5,1,2,2,0.0,0,BB,FRA,Online TA,TA/TO,1,11,21,D,A,0,No Deposit,9.0,0,Transient,108.0,0,1
City Hotel,0,1,2016,February,7,12,0,2,2,0.0,0,SC,PRT,Online TA,TA/TO,1,11,22,A,A,0,No Deposit,9.0,0,Transient,79.0,0,1
City Hotel,0,10,2016,February,7,13,0,1,2,0.0,0,SC,PRT,Online TA,TA/TO,1,11,22,A,A,0,No Deposit,9.0,0,Transient,79.0,0,1
City Hotel,1,190,2016,April,15,9,1,1,2,0.0,0,BB,PRT,Groups,TA/TO,0,11,25,A,A,0,No Deposit,,31,Transient-Party,70.0,0,0
City Hotel,1,190,2016,April,15,9,1,1,2,0.0,0,BB,PRT,Groups,TA/TO,0,11,25,A,A,0,No Deposit,,31,Transient-Party,70.0,0,0
City Hotel,1,190,2016,April,15,9,1,1,2,0.0,0,BB,PRT,Groups,TA/TO,0,11,25,A,A,0,No Deposit,,31,Transient-Party,70.0,0,0
City Hotel,1,190,2016,April,15,9,1,1,2,0.0,0,BB,PRT,Groups,TA/TO,0,11,25,A,A,0,No Deposit,,31,Transient-Party,70.0,0,0
City Hotel,1,190,2016,April,15,9,1,1,2,0.0,0,BB,PRT,Groups,TA/TO,0,11,25,A,A,0,No Deposit,,31,Transient-Party,70.0,0,0
City Hotel,1,190,2016,April,15,9,1,1,2,0.0,0,BB,PRT,Groups,TA/TO,0,11,25,A,A,0,No Deposit,,31,Transient-Party,70.0,0,0
City Hotel,1,190,2016,April,15,9,1,1,2,0.0,0,BB,PRT,Groups,TA/TO,0,11,25,A,A,0,No Deposit,,31,Transient-Party,70.0,0,0
City Hotel,1,190,2016,April,15,9,1,1,2,0.0,0,BB,PRT,Groups,TA/TO,0,11,25,A,A,0,No Deposit,,31,Transient-Party,70.0,0,0
City Hotel,0,5,2015,November,46,9,1,1,2,0.0,0,BB,JPN,Online TA,TA/TO,0,0,0,A,A,0,No Deposit,9.0,0,Contract,94.0,0,1
City Hotel,0,46,2015,November,45,7,2,2,2,0.0,0,BB,FRA,Offline TA/TO,TA/TO,0,0,0,D,E,0,No Deposit,28.0,0,Transient,60.0,0,0
City Hotel,1,8,2015,November,46,11,0,2,2,0.0,0,SC,PRT,Online TA,TA/TO,0,0,0,A,A,1,No Deposit,10.0,0,Transient,76.5,0,0
City Hotel,0,47,2015,November,45,7,2,2,2,0.0,0,BB,FRA,Offline TA/TO,TA/TO,0,0,0,D,A,0,No Deposit,28.0,0,Transient,60.0,0,1
City Hotel,0,47,2015,November,45,7,2,2,2,0.0,0,BB,FRA,Offline TA/TO,TA/TO,0,0,0,D,A,0,No Deposit,28.0,0,Transient,60.0,0,1
City Hotel,0,44,2015,November,46,8,2,1,2,0.0,0,BB,FRA,Offline TA/TO,TA/TO,0,0,0,D,A,0,No Deposit,28.0,0,Transient,60.0,0,0
City Hotel,0,6,2015,November,46,11,0,0,2,0.0,0,BB,PRT,Online TA,TA/TO,0,0,0,A,A,0,No Deposit,9.0,0,Contract,0.0,0,1
City Hotel,1,221,2016,June,25,14,2,7,2,0.0,0,BB,PRT,Online TA,TA/TO,0,1,0,A,A,0,No Deposit,8.0,0,Transient,95.2,0,2
City Hotel,0,0,2016,January,5,30,0,1,2,0.0,0,BB,PRT,Complementary,Direct,1,0,2,A,A,0,No Deposit,,0,Transient,0.0,1,0
City Hotel,1,333,2016,September,39,20,0,2,2,0.0,0,BB,PRT,Offline TA/TO,TA/TO,0,1,0,A,A,0,Non Refund,58.0,19,Transient,90.0,0,0
City Hotel,1,333,2016,September,39,20,0,2,2,0.0,0,BB,PRT,Offline TA/TO,TA/TO,0,1,0,A,A,0,Non Refund,58.0,19,Transient,90.0,0,0
City Hotel,1,333,2016,September,39,20,0,2,2,0.0,0,BB,PRT,Offline TA/TO,TA/TO,0,1,0,A,A,0,Non Refund,58.0,19,Transient,90.0,0,0
City Hotel,1,333,2016,September,39,20,0,2,2,0.0,0,BB,PRT,Offline TA/TO,TA/TO,0,1,0,A,A,0,Non Refund,58.0,19,Transient,90.0,0,0
City Hotel,1,333,2016,September,39,20,0,2,2,0.0,0,BB,PRT,Offline TA/TO,TA/TO,0,1,0,A,A,0,Non Refund,58.0,19,Transient,90.0,0,0
City Hotel,1,333,2016,September,39,20,0,2,2,0.0,0,BB,PRT,Offline TA/TO,TA/TO,0,1,0,A,A,0,Non Refund,58.0,19,Transient,90.0,0,0
City Hotel,1,333,2016,September,39,20,0,2,2,0.0,0,BB,PRT,Offline TA/TO,TA/TO,0,1,0,A,A,0,Non Refund,58.0,19,Transient,90.0,0,0
City Hotel,1,333,2016,September,39,20,0,2,2,0.0,0,BB,PRT,Offline TA/TO,TA/TO,0,1,0,A,A,0,Non Refund,58.0,19,Transient,90.0,0,0
City Hotel,1,333,2016,September,39,20,0,2,2,0.0,0,BB,PRT,Offline TA/TO,TA/TO,0,1,0,A,A,0,Non Refund,58.0,19,Transient,90.0,0,0
City Hotel,1,333,2016,September,39,20,0,2,2,0.0,0,BB,PRT,Offline TA/TO,TA/TO,0,1,0,A,A,0,Non Refund,58.0,19,Transient,90.0,0,0
City Hotel,1,333,2016,September,39,20,0,2,2,0.0,0,BB,PRT,Offline TA/TO,TA/TO,0,1,0,A,A,0,Non Refund,58.0,19,Transient,90.0,0,0
City Hotel,1,333,2016,September,39,20,0,2,2,0.0,0,BB,PRT,Offline TA/TO,TA/TO,0,1,0,A,A,0,Non Refund,58.0,19,Transient,90.0,0,0
City Hotel,1,333,2016,September,39,20,0,2,2,0.0,0,BB,PRT,Offline TA/TO,TA/TO,0,1,0,A,A,0,Non Refund,58.0,19,Transient,90.0,0,0
City Hotel,1,333,2016,September,39,20,0,2,2,0.0,0,BB,PRT,Offline TA/TO,TA/TO,0,1,0,A,A,0,Non Refund,58.0,19,Transient,90.0,0,0
City Hotel,1,333,2016,September,39,20,0,2,2,0.0,0,BB,PRT,Offline TA/TO,TA/TO,0,1,0,A,A,0,Non Refund,58.0,19,Transient,90.0,0,0
City Hotel,1,333,2016,September,39,20,0,2,2,0.0,0,BB,PRT,Offline TA/TO,TA/TO,0,1,0,A,A,0,Non Refund,58.0,19,Transient,90.0,0,0
City Hotel,1,333,2016,September,39,20,0,2,2,0.0,0,BB,PRT,Offline TA/TO,TA/TO,0,1,0,A,A,0,Non Refund,58.0,19,Transient,90.0,0,0
City Hotel,1,333,2016,September,39,20,0,2,2,0.0,0,BB,PRT,Offline TA/TO,TA/TO,0,1,0,A,A,0,Non Refund,58.0,19,Transient,90.0,0,0
City Hotel,1,333,2016,September,39,20,0,2,2,0.0,0,BB,PRT,Offline TA/TO,TA/TO,0,1,0,A,A,0,Non Refund,58.0,19,Transient,90.0,0,0
City Hotel,1,333,2016,September,39,20,0,2,2,0.0,0,BB,PRT,Offline TA/TO,TA/TO,0,1,0,A,A,0,Non Refund,58.0,19,Transient,90.0,0,0
City Hotel,1,333,2016,September,39,20,0,2,2,0.0,0,BB,PRT,Offline TA/TO,TA/TO,0,1,0,A,A,0,Non Refund,58.0,19,Transient,90.0,0,0
City Hotel,1,333,2016,September,39,20,0,2,2,0.0,0,BB,PRT,Offline TA/TO,TA/TO,0,1,0,A,A,0,Non Refund,58.0,19,Transient,90.0,0,0
City Hotel,1,333,2016,September,39,20,0,2,2,0.0,0,BB,PRT,Offline TA/TO,TA/TO,0,1,0,A,A,0,Non Refund,58.0,19,Transient,90.0,0,0
City Hotel,1,333,2016,September,39,20,0,2,2,0.0,0,BB,PRT,Offline TA/TO,TA/TO,0,1,0,A,A,0,Non Refund,58.0,19,Transient,90.0,0,0
City Hotel,1,333,2016,September,39,20,0,2,2,0.0,0,BB,PRT,Offline TA/TO,TA/TO,0,1,0,A,A,0,Non Refund,58.0,19,Transient,90.0,0,0
City Hotel,1,72,2015,December,53,27,2,0,2,0.0,0,HB,PRT,Groups,TA/TO,0,1,0,A,A,0,Non Refund,1.0,0,Transient,90.0,0,0
City Hotel,1,72,2015,December,53,27,2,0,2,0.0,0,HB,PRT,Groups,TA/TO,0,1,0,A,A,0,Non Refund,1.0,0,Transient,90.0,0,0
City Hotel,1,72,2015,December,53,27,2,0,2,0.0,0,HB,PRT,Groups,TA/TO,0,1,0,A,A,0,Non Refund,1.0,0,Transient,90.0,0,0
City Hotel,1,72,2015,December,53,27,2,0,2,0.0,0,HB,PRT,Groups,TA/TO,0,1,0,A,A,0,Non Refund,1.0,0,Transient,90.0,0,0
City Hotel,1,72,2015,December,53,27,2,0,2,0.0,0,HB,PRT,Groups,TA/TO,0,1,0,A,A,0,Non Refund,1.0,0,Transient,90.0,0,0
City Hotel,1,72,2015,December,53,27,2,0,2,0.0,0,HB,PRT,Groups,TA/TO,0,1,0,A,A,0,Non Refund,1.0,0,Transient,90.0,0,0
City Hotel,1,72,2015,December,53,27,2,0,2,0.0,0,HB,PRT,Groups,TA/TO,0,1,0,A,A,0,Non Refund,1.0,0,Transient,90.0,0,0
City Hotel,1,72,2015,December,53,27,2,0,2,0.0,0,HB,PRT,Groups,TA/TO,0,1,0,A,A,0,Non Refund,1.0,0,Transient,90.0,0,0
City Hotel,1,72,2015,December,53,27,2,0,2,0.0,0,HB,PRT,Groups,TA/TO,0,1,0,A,A,0,Non Refund,1.0,0,Transient,90.0,0,0
City Hotel,1,72,2015,December,53,27,2,0,2,0.0,0,HB,PRT,Groups,TA/TO,0,1,0,A,A,0,Non Refund,1.0,0,Transient,90.0,0,0
City Hotel,1,72,2015,December,53,27,2,0,2,0.0,0,HB,PRT,Groups,TA/TO,0,1,0,A,A,0,Non Refund,1.0,0,Transient,90.0,0,0
City Hotel,1,72,2015,December,53,27,2,0,2,0.0,0,HB,PRT,Groups,TA/TO,0,1,0,A,A,0,Non Refund,1.0,0,Transient,90.0,0,0
City Hotel,1,72,2015,December,53,27,2,0,2,0.0,0,HB,PRT,Groups,TA/TO,0,1,0,A,A,0,Non Refund,1.0,0,Transient,90.0,0,0
City Hotel,1,72,2015,December,53,27,2,0,2,0.0,0,HB,PRT,Groups,TA/TO,0,1,0,A,A,0,Non Refund,1.0,0,Transient,90.0,0,0
City Hotel,1,72,2015,December,53,27,2,0,2,0.0,0,HB,PRT,Groups,TA/TO,0,1,0,A,A,0,Non Refund,1.0,0,Transient,90.0,0,0
City Hotel,1,72,2015,December,53,27,2,0,2,0.0,0,HB,PRT,Groups,TA/TO,0,1,0,A,A,0,Non Refund,1.0,0,Transient,90.0,0,0
City Hotel,1,72,2015,December,53,27,2,0,2,0.0,0,HB,PRT,Groups,TA/TO,0,1,0,A,A,0,Non Refund,1.0,0,Transient,90.0,0,0
City Hotel,0,2,2015,November,46,11,0,1,2,0.0,0,BB,PRT,Direct,Direct,0,0,0,D,D,0,No Deposit,14.0,0,Transient,95.0,0,0
City Hotel,0,41,2015,November,46,8,2,2,2,0.0,0,BB,GBR,Offline TA/TO,TA/TO,0,0,0,D,B,0,No Deposit,28.0,0,Group,60.0,0,0
City Hotel,0,0,2016,September,40,30,0,2,2,0.0,0,BB,PRT,Corporate,Corporate,1,0,1,D,F,0,No Deposit,,0,Transient,110.0,0,1
City Hotel,0,15,2015,November,46,10,0,2,2,0.0,0,BB,BRA,Online TA,TA/TO,0,0,0,A,A,0,No Deposit,9.0,0,Transient,107.0,0,3
City Hotel,0,49,2015,November,46,9,1,2,2,0.0,0,BB,FRA,Offline TA/TO,TA/TO,0,0,0,D,D,0,No Deposit,28.0,0,Transient,60.0,0,0
City Hotel,0,51,2015,November,46,8,2,2,2,0.0,0,BB,FRA,Offline TA/TO,TA/TO,0,0,0,D,A,0,No Deposit,28.0,0,Transient,60.0,0,0
City Hotel,0,49,2015,November,46,9,1,2,2,0.0,0,BB,MAR,Offline TA/TO,TA/TO,0,0,0,D,D,0,No Deposit,28.0,0,Transient,60.0,0,0
City Hotel,0,6,2015,November,46,9,1,2,2,0.0,0,BB,FRA,Offline TA/TO,TA/TO,0,0,0,A,A,0,No Deposit,28.0,0,Transient,80.0,0,0
City Hotel,0,6,2015,November,46,11,0,1,2,0.0,0,BB,PRT,Direct,Direct,0,0,0,D,D,0,No Deposit,,0,Transient,113.0,1,0
City Hotel,0,3,2015,November,46,9,1,2,2,0.0,0,BB,FRA,Offline TA/TO,TA/TO,0,0,0,A,A,0,No Deposit,28.0,0,Transient,80.0,0,0
City Hotel,0,41,2015,November,46,8,2,2,2,0.0,0,BB,FRA,Online TA,TA/TO,0,0,0,A,A,0,No Deposit,7.0,0,Transient,81.77,0,1
City Hotel,0,13,2015,November,46,8,2,2,2,0.0,0,BB,FRA,Online TA,TA/TO,0,0,0,A,A,0,No Deposit,9.0,0,Transient,90.95,0,1
City Hotel,1,25,2015,December,49,4,2,2,2,0.0,0,BB,PRT,Direct,Direct,0,1,0,A,A,0,No Deposit,14.0,0,Transient,92.5,0,2
City Hotel,1,25,2015,December,49,4,2,2,2,0.0,0,BB,PRT,Direct,Direct,0,1,0,A,A,0,No Deposit,14.0,0,Transient,92.5,0,2
City Hotel,1,226,2016,June,25,15,0,4,2,0.0,0,BB,PRT,Online TA,TA/TO,0,1,0,A,A,0,No Deposit,9.0,0,Contract,139.0,0,1
City Hotel,1,226,2016,June,25,15,0,4,2,0.0,0,BB,PRT,Online TA,TA/TO,0,1,0,A,A,0,No Deposit,9.0,0,Contract,139.0,0,1
City Hotel,1,226,2016,June,25,15,0,4,2,0.0,0,BB,PRT,Online TA,TA/TO,0,1,0,A,A,0,No Deposit,9.0,0,Contract,139.0,0,1
City Hotel,1,226,2016,June,25,15,0,4,2,0.0,0,BB,PRT,Online TA,TA/TO,0,1,0,A,A,0,No Deposit,9.0,0,Contract,139.0,0,1
City Hotel,1,226,2016,June,25,15,0,4,2,0.0,0,BB,PRT,Online TA,TA/TO,0,1,0,A,A,0,No Deposit,9.0,0,Contract,139.0,0,1
City Hotel,1,226,2016,June,25,15,0,4,2,0.0,0,BB,PRT,Online TA,TA/TO,0,1,0,D,D,0,No Deposit,9.0,0,Contract,149.0,0,1
City Hotel,1,226,2016,June,25,15,0,4,2,0.0,0,BB,PRT,Online TA,TA/TO,0,1,0,D,D,0,No Deposit,9.0,0,Contract,149.0,0,1
City Hotel,1,226,2016,June,25,15,0,4,2,0.0,0,BB,PRT,Online TA,TA/TO,0,1,0,D,D,0,No Deposit,9.0,0,Contract,149.0,0,1
City Hotel,1,226,2016,June,25,15,0,4,2,0.0,0,BB,PRT,Online TA,TA/TO,0,1,0,D,D,0,No Deposit,9.0,0,Contract,149.0,0,1
City Hotel,1,226,2016,June,25,15,0,4,2,0.0,0,BB,PRT,Online TA,TA/TO,0,1,0,D,D,0,No Deposit,9.0,0,Contract,149.0,0,1
City Hotel,1,128,2016,March,11,12,2,1,2,0.0,0,BB,PRT,Online TA,TA/TO,0,1,0,A,A,0,No Deposit,9.0,0,Contract,97.0,0,1
City Hotel,1,36,2015,December,49,4,1,2,2,0.0,0,SC,PRT,Offline TA/TO,TA/TO,0,1,0,A,A,1,No Deposit,42.0,0,Transient,62.8,0,1
City Hotel,0,41,2015,November,46,8,2,3,2,0.0,0,BB,FRA,Offline TA/TO,TA/TO,0,0,0,D,D,0,No Deposit,28.0,0,Group,60.0,0,1
City Hotel,0,41,2015,November,46,8,2,3,2,0.0,0,BB,FRA,Offline TA/TO,TA/TO,0,0,0,D,A,0,No Deposit,28.0,0,Group,60.0,0,1
City Hotel,0,41,2015,November,46,8,2,3,2,0.0,0,BB,FRA,Offline TA/TO,TA/TO,0,0,0,D,D,0,No Deposit,28.0,0,Group,60.0,0,1
City Hotel,0,49,2015,November,46,9,1,3,2,0.0,0,BB,FRA,Offline TA/TO,TA/TO,0,0,0,D,D,0,No Deposit,28.0,0,Transient,60.0,0,0
City Hotel,0,0,2015,November,46,9,1,3,2,0.0,0,BB,USA,Online TA,TA/TO,0,0,0,A,A,1,No Deposit,9.0,0,Contract,106.0,1,1
City Hotel,1,265,2016,August,32,3,2,5,2,0.0,0,BB,PRT,Offline TA/TO,TA/TO,0,1,0,A,A,0,No Deposit,83.0,0,Contract,72.08,0,1
City Hotel,0,52,2015,November,46,9,1,3,2,0.0,0,BB,FRA,Offline TA/TO,TA/TO,0,0,0,D,D,0,No Deposit,28.0,0,Transient,60.0,0,0
City Hotel,0,45,2015,November,46,9,1,3,2,0.0,0,BB,FRA,Offline TA/TO,TA/TO,0,0,0,D,D,0,No Deposit,28.0,0,Transient,60.0,0,0
City Hotel,0,3,2015,November,46,8,2,3,2,0.0,0,BB,IRQ,Online TA,TA/TO,0,0,0,B,B,0,No Deposit,9.0,0,Contract,87.7,0,0
City Hotel,0,3,2015,November,46,8,2,3,2,0.0,0,BB,IRQ,Online TA,TA/TO,0,0,0,B,B,0,No Deposit,9.0,0,Contract,87.7,0,0
City Hotel,0,5,2015,November,46,10,0,3,2,0.0,0,BB,ESP,Online TA,TA/TO,0,0,0,A,A,0,No Deposit,9.0,0,Contract,104.0,1,1
City Hotel,0,24,2015,November,46,8,2,3,2,0.0,0,BB,CN,Direct,Direct,0,0,0,D,E,1,No Deposit,14.0,0,Transient,95.8,0,0
City Hotel,0,1,2015,November,46,12,0,1,2,0.0,0,BB,PRT,Direct,Direct,0,0,0,A,A,0,No Deposit,,0,Transient,71.1,0,0
City Hotel,1,32,2015,December,50,8,4,10,2,0.0,0,BB,PRT,Online TA,TA/TO,0,1,0,B,B,0,No Deposit,8.0,0,Transient,90.35,0,1
City Hotel,1,32,2015,December,50,8,4,10,2,0.0,0,BB,PRT,Online TA,TA/TO,0,1,0,B,B,0,No Deposit,8.0,0,Transient,90.35,0,1
City Hotel,1,93,2016,February,6,6,2,2,2,0.0,0,BB,PRT,Online TA,TA/TO,0,1,0,A,A,0,No Deposit,9.0,0,Contract,87.0,0,0
City Hotel,1,93,2016,February,6,6,2,2,2,0.0,0,BB,PRT,Online TA,TA/TO,0,1,0,A,A,0,No Deposit,9.0,0,Contract,87.0,0,0
City Hotel,1,93,2016,February,6,6,2,2,2,0.0,0,BB,PRT,Online TA,TA/TO,0,1,0,A,A,0,No Deposit,9.0,0,Contract,87.0,0,0
City Hotel,0,0,2015,November,46,12,0,1,2,0.0,0,BB,PRT,Corporate,Corporate,0,0,0,A,A,0,No Deposit,,0,Transient,84.0,0,0
City Hotel,0,33,2015,November,45,7,2,5,2,0.0,0,BB,DEU,Offline TA/TO,TA/TO,0,0,0,A,D,0,No Deposit,27.0,0,Transient,41.43,0,0
City Hotel,0,1,2015,November,46,10,0,4,2,0.0,0,BB,FRA,Online TA,TA/TO,0,0,0,A,A,0,No Deposit,9.0,0,Contract,97.0,0,1
City Hotel,0,8,2015,November,46,11,0,3,2,0.0,0,BB,BRA,Online TA,TA/TO,0,0,0,D,E,1,No Deposit,9.0,0,Contract,107.0,0,1
City Hotel,0,50,2015,November,46,11,0,3,2,0.0,0,BB,FRA,Offline TA/TO,TA/TO,0,0,0,D,D,0,No Deposit,28.0,0,Transient,60.0,0,0
City Hotel,0,49,2015,November,46,9,1,4,2,0.0,0,BB,FRA,Offline TA/TO,TA/TO,0,0,0,D,D,0,No Deposit,28.0,0,Transient,60.0,0,0
City Hotel,0,1,2015,November,46,10,0,4,2,0.0,0,BB,FRA,Online TA,TA/TO,0,0,0,A,A,0,No Deposit,15.0,0,Transient,83.2,0,0
City Hotel,0,48,2015,November,46,10,0,4,2,0.0,0,BB,DEU,Offline TA/TO,TA/TO,0,0,0,A,A,0,No Deposit,27.0,0,Transient,43.5,0,0
City Hotel,0,12,2015,November,46,10,0,4,2,0.0,0,BB,DEU,Online TA,TA/TO,0,0,0,A,A,0,No Deposit,9.0,0,Transient,95.0,0,0
City Hotel,1,9,2015,November,47,20,0,2,2,0.0,0,BB,PRT,Online TA,TA/TO,0,1,0,D,D,0,No Deposit,7.0,0,Transient,77.93,0,1
City Hotel,0,39,2015,November,46,10,0,4,2,0.0,0,BB,FRA,Online TA,TA/TO,0,0,0,A,A,0,No Deposit,9.0,0,Contract,90.95,0,0
City Hotel,0,0,2015,November,46,12,0,2,2,0.0,0,BB,CHN,Online TA,TA/TO,0,0,0,A,A,0,No Deposit,9.0,0,Transient,85.0,0,0
City Hotel,0,44,2015,November,46,11,0,3,2,0.0,0,BB,FRA,Offline TA/TO,TA/TO,0,0,0,D,D,0,No Deposit,28.0,0,Group,60.0,0,1
City Hotel,0,44,2015,November,46,11,0,3,2,0.0,0,BB,FRA,Offline TA/TO,TA/TO,0,0,0,D,D,0,No Deposit,28.0,0,Group,60.0,0,1
City Hotel,0,50,2015,November,46,10,0,4,2,0.0,0,BB,FRA,Offline TA/TO,TA/TO,0,0,0,D,D,0,No Deposit,28.0,0,Transient,69.0,0,0
City Hotel,0,20,2015,November,46,10,0,4,2,0.0,0,BB,ROU,Direct,Direct,0,0,0,A,A,0,No Deposit,14.0,0,Transient,75.0,0,0
City Hotel,0,15,2015,November,46,10,0,4,2,0.0,0,BB,FRA,Online TA,TA/TO,0,0,0,A,A,0,No Deposit,9.0,0,Transient,90.95,0,0
City Hotel,0,5,2015,November,46,10,0,4,2,0.0,0,BB,BRA,Online TA,TA/TO,0,0,0,D,D,0,No Deposit,7.0,0,Transient,76.58,0,0
City Hotel,0,5,2015,November,46,10,0,4,2,0.0,0,BB,BRA,Online TA,TA/TO,0,0,0,D,D,0,No Deposit,7.0,0,Transient,76.58,0,1
City Hotel,0,56,2015,November,46,10,0,4,2,0.0,0,BB,DEU,Direct,Direct,0,0,0,A,A,0,No Deposit,14.0,0,Transient,76.0,0,0
City Hotel,0,47,2015,November,46,11,0,3,2,0.0,0,BB,FRA,Offline TA/TO,TA/TO,0,0,0,D,D,0,No Deposit,28.0,0,Transient,60.0,0,0
City Hotel,0,37,2015,November,46,11,0,4,2,0.0,0,BB,FRA,Online TA,TA/TO,0,0,0,A,A,0,No Deposit,9.0,0,Contract,90.95,0,1
City Hotel,0,3,2015,November,46,9,1,5,2,0.0,0,BB,BRA,Online TA,TA/TO,0,0,0,D,D,0,No Deposit,7.0,0,Transient,72.75,0,1
City Hotel,0,32,2015,November,46,14,0,1,2,0.0,0,BB,PRT,Online TA,TA/TO,0,0,0,A,A,0,No Deposit,9.0,0,Contract,96.3,0,3
City Hotel,0,28,2015,November,46,11,0,4,2,0.0,0,BB,FRA,Offline TA/TO,TA/TO,0,0,0,A,A,0,No Deposit,83.0,0,Transient,85.6,0,0
City Hotel,0,19,2015,November,46,11,0,4,2,0.0,0,BB,ESP,Online TA,TA/TO,0,0,0,D,E,0,No Deposit,9.0,0,Contract,99.45,0,1
City Hotel,0,14,2015,November,45,6,2,7,2,0.0,0,BB,DEU,Offline TA/TO,TA/TO,0,0,0,A,A,0,No Deposit,27.0,0,Transient,47.78,0,0
City Hotel,0,10,2015,November,46,13,0,2,2,0.0,0,BB,DEU,Online TA,TA/TO,0,0,0,A,A,1,No Deposit,9.0,0,Contract,12.0,0,0
City Hotel,0,4,2015,November,46,13,0,2,2,0.0,0,BB,PRT,Direct,Direct,0,0,0,D,E,0,No Deposit,14.0,0,Transient,104.0,1,1
City Hotel,0,13,2015,November,46,8,2,5,2,0.0,0,BB,FIN,Online TA,TA/TO,0,0,0,A,A,0,No Deposit,9.0,0,Transient,90.95,0,1
City Hotel,0,28,2015,November,46,13,0,2,2,0.0,0,BB,PRT,Offline TA/TO,TA/TO,0,0,0,A,D,2,No Deposit,86.0,0,Transient,85.6,0,1
City Hotel,0,36,2015,November,46,13,0,2,2,0.0,0,BB,PRT,Online TA,TA/TO,0,0,0,A,A,0,No Deposit,9.0,0,Transient,96.3,0,1
City Hotel,0,0,2015,November,46,14,0,1,2,0.0,0,SC,DEU,Online TA,TA/TO,0,0,0,A,A,3,No Deposit,9.0,0,Contract,85.0,0,2
City Hotel,0,1,2015,November,46,14,0,1,2,0.0,0,BB,PRT,Direct,Direct,0,0,0,D,D,0,No Deposit,,0,Transient,75.0,0,0
City Hotel,0,1,2015,November,46,14,0,1,2,0.0,0,BB,PRT,Direct,Direct,0,0,0,D,D,0,No Deposit,,0,Transient,75.0,0,0
City Hotel,0,51,2015,November,46,11,0,4,2,0.0,0,BB,FRA,Offline TA/TO,TA/TO,0,0,0,D,D,1,No Deposit,28.0,0,Transient,69.0,0,1
City Hotel,0,51,2015,November,46,11,0,4,2,0.0,0,BB,FRA,Offline TA/TO,TA/TO,0,0,0,D,D,0,No Deposit,28.0,0,Transient,60.0,0,1
City Hotel,0,4,2015,November,46,14,0,1,2,0.0,0,BB,ISR,Direct,Direct,0,0,0,A,A,0,No Deposit,14.0,0,Transient,85.0,0,1
City Hotel,0,50,2015,November,46,13,1,2,2,0.0,0,BB,FRA,Offline TA/TO,TA/TO,0,0,0,D,D,0,No Deposit,28.0,0,Transient,60.0,0,0
City Hotel,0,23,2015,November,46,12,1,3,2,0.0,0,BB,PRT,Online TA,TA/TO,0,0,0,A,A,0,No Deposit,9.0,0,Contract,90.95,0,1
City Hotel,0,7,2016,March,11,11,0,2,2,0.0,0,BB,PRT,Corporate,Corporate,1,0,3,A,A,2,No Deposit,,0,Transient,84.0,0,0
City Hotel,0,37,2016,March,12,13,1,0,2,0.0,0,BB,PRT,Corporate,Corporate,1,0,3,A,A,1,No Deposit,,0,Transient-Party,77.0,0,0
City Hotel,0,58,2015,November,46,13,1,2,2,0.0,0,BB,PRT,Online TA,TA/TO,0,0,0,A,A,0,No Deposit,9.0,0,Contract,79.2,0,1
City Hotel,0,63,2015,November,46,12,1,3,2,0.0,0,BB,FRA,Online TA,TA/TO,0,0,0,A,A,0,No Deposit,9.0,0,Contract,85.0,0,1
City Hotel,0,17,2015,November,46,13,1,2,2,0.0,0,BB,DEU,Offline TA/TO,TA/TO,0,0,0,A,A,0,No Deposit,27.0,0,Transient,38.67,0,0
City Hotel,1,23,2015,December,49,4,1,2,2,0.0,0,BB,PRT,Online TA,TA/TO,0,1,0,B,B,0,No Deposit,9.0,0,Contract,93.33,0,1
City Hotel,1,23,2015,December,49,4,1,2,2,0.0,0,BB,PRT,Online TA,TA/TO,0,1,0,B,B,0,No Deposit,9.0,0,Contract,93.33,0,1
City Hotel,0,3,2015,November,46,13,1,2,2,0.0,0,BB,ESP,Offline TA/TO,TA/TO,0,0,0,A,D,0,No Deposit,28.0,0,Contract,64.0,0,0
City Hotel,0,9,2015,November,46,12,1,3,2,0.0,0,BB,GBR,Online TA,TA/TO,0,0,0,D,D,1,No Deposit,9.0,0,Contract,107.0,0,1
City Hotel,1,55,2015,December,53,27,3,5,2,0.0,0,BB,PRT,Online TA,TA/TO,0,1,0,D,D,0,No Deposit,9.0,0,Contract,117.0,0,0
City Hotel,1,37,2015,November,47,19,0,3,2,0.0,0,BB,PRT,Online TA,TA/TO,0,1,0,D,D,0,No Deposit,9.0,0,Contract,131.4,0,1
City Hotel,0,50,2015,November,46,13,1,2,2,0.0,0,BB,GBR,Offline TA/TO,TA/TO,0,0,0,D,D,0,No Deposit,28.0,0,Transient,60.0,0,0
City Hotel,0,22,2015,November,46,14,1,1,2,0.0,0,BB,CHE,Online TA,TA/TO,0,0,0,A,A,0,No Deposit,9.0,0,Contract,87.0,0,1
City Hotel,0,39,2015,November,46,13,1,2,2,0.0,0,BB,FRA,Online TA,TA/TO,0,0,0,A,A,0,No Deposit,9.0,0,Contract,96.3,0,2
City Hotel,0,46,2015,November,46,13,1,2,2,0.0,0,BB,PRT,Offline TA/TO,TA/TO,0,0,0,D,D,0,No Deposit,28.0,0,Group,60.0,0,0
City Hotel,1,125,2016,February,9,21,2,1,2,0.0,0,BB,PRT,Online TA,TA/TO,0,1,0,B,B,0,No Deposit,9.0,0,Contract,81.0,0,1
City Hotel,1,125,2016,February,9,21,2,1,2,0.0,0,BB,PRT,Online TA,TA/TO,0,1,0,B,B,0,No Deposit,9.0,0,Contract,81.0,0,1
City Hotel,1,22,2015,December,49,5,2,1,2,0.0,0,BB,PRT,Offline TA/TO,TA/TO,0,1,0,A,A,0,No Deposit,83.0,0,Contract,85.6,0,0
City Hotel,1,33,2015,December,50,9,0,2,2,0.0,0,BB,PRT,Offline TA/TO,TA/TO,0,1,0,A,A,0,Non Refund,44.0,0,Transient,110.0,0,0
City Hotel,1,33,2015,December,50,9,0,2,2,0.0,0,BB,PRT,Offline TA/TO,TA/TO,0,1,0,A,A,0,Non Refund,44.0,0,Transient,110.0,0,0
City Hotel,1,33,2015,December,50,9,0,2,2,0.0,0,BB,PRT,Offline TA/TO,TA/TO,0,1,0,A,A,0,Non Refund,44.0,0,Transient,110.0,0,0
City Hotel,1,33,2015,December,50,9,0,2,2,0.0,0,BB,PRT,Offline TA/TO,TA/TO,0,1,0,A,A,0,Non Refund,44.0,0,Transient,110.0,0,0
City Hotel,1,33,2015,December,50,9,0,2,2,0.0,0,BB,PRT,Offline TA/TO,TA/TO,0,1,0,A,A,0,Non Refund,44.0,0,Transient,110.0,0,0
City Hotel,1,33,2015,December,50,9,0,2,2,0.0,0,BB,PRT,Offline TA/TO,TA/TO,0,1,0,A,A,0,Non Refund,44.0,0,Transient,110.0,0,0
City Hotel,1,33,2015,December,50,9,0,2,2,0.0,0,BB,PRT,Offline TA/TO,TA/TO,0,1,0,A,A,0,Non Refund,44.0,0,Transient,110.0,0,0
City Hotel,1,33,2015,December,50,9,0,2,2,0.0,0,BB,PRT,Offline TA/TO,TA/TO,0,1,0,A,A,0,Non Refund,44.0,0,Transient,110.0,0,0
City Hotel,1,33,2015,December,50,9,0,2,2,0.0,0,BB,PRT,Offline TA/TO,TA/TO,0,1,0,A,A,0,Non Refund,44.0,0,Transient,110.0,0,0
City Hotel,1,33,2015,December,50,9,0,2,2,0.0,0,BB,PRT,Offline TA/TO,TA/TO,0,1,0,A,A,0,Non Refund,44.0,0,Transient,110.0,0,0
City Hotel,1,33,2015,December,50,9,0,2,2,0.0,0,BB,PRT,Offline TA/TO,TA/TO,0,1,0,A,A,0,Non Refund,44.0,0,Transient,110.0,0,0
City Hotel,1,33,2015,December,50,9,0,2,2,0.0,0,BB,PRT,Offline TA/TO,TA/TO,0,1,0,A,A,0,Non Refund,44.0,0,Transient,110.0,0,0
City Hotel,1,33,2015,December,50,9,0,2,2,0.0,0,BB,PRT,Offline TA/TO,TA/TO,0,1,0,A,A,0,Non Refund,44.0,0,Transient,110.0,0,0
City Hotel,1,33,2015,December,50,9,0,2,2,0.0,0,BB,PRT,Offline TA/TO,TA/TO,0,1,0,A,A,0,Non Refund,44.0,0,Transient,110.0,0,0
City Hotel,1,33,2015,December,50,9,0,2,2,0.0,0,BB,PRT,Offline TA/TO,TA/TO,0,1,0,A,A,0,Non Refund,44.0,0,Transient,110.0,0,0
City Hotel,1,33,2015,December,50,9,0,2,2,0.0,0,BB,PRT,Offline TA/TO,TA/TO,0,1,0,A,A,0,Non Refund,44.0,0,Transient,110.0,0,0
City Hotel,1,33,2015,December,50,9,0,2,2,0.0,0,BB,PRT,Offline TA/TO,TA/TO,0,1,0,A,A,0,Non Refund,44.0,0,Transient,110.0,0,0
City Hotel,1,33,2015,December,50,9,0,2,2,0.0,0,BB,PRT,Offline TA/TO,TA/TO,0,1,0,A,A,0,Non Refund,44.0,0,Transient,110.0,0,0
City Hotel,1,33,2015,December,50,9,0,2,2,0.0,0,BB,PRT,Offline TA/TO,TA/TO,0,1,0,A,A,0,Non Refund,44.0,0,Transient,110.0,0,0
City Hotel,1,33,2015,December,50,9,0,2,2,0.0,0,BB,PRT,Offline TA/TO,TA/TO,0,1,0,A,A,0,Non Refund,44.0,0,Transient,110.0,0,0
City Hotel,1,33,2015,December,50,9,0,2,2,0.0,0,BB,PRT,Offline TA/TO,TA/TO,0,1,0,A,A,0,Non Refund,44.0,0,Transient,110.0,0,0
City Hotel,1,33,2015,December,50,9,0,2,2,0.0,0,BB,PRT,Offline TA/TO,TA/TO,0,1,0,A,A,0,Non Refund,44.0,0,Transient,110.0,0,0
City Hotel,1,33,2015,December,50,9,0,2,2,0.0,0,BB,PRT,Offline TA/TO,TA/TO,0,1,0,A,A,0,Non Refund,44.0,0,Transient,110.0,0,0
City Hotel,1,33,2015,December,50,9,0,2,2,0.0,0,BB,PRT,Offline TA/TO,TA/TO,0,1,0,A,A,0,Non Refund,44.0,0,Transient,110.0,0,0
City Hotel,1,33,2015,December,50,9,0,2,2,0.0,0,BB,PRT,Offline TA/TO,TA/TO,0,1,0,A,A,0,Non Refund,44.0,0,Transient,110.0,0,0
City Hotel,1,33,2015,December,50,9,0,2,2,0.0,0,BB,PRT,Offline TA/TO,TA/TO,0,1,0,A,A,0,Non Refund,44.0,0,Transient,110.0,0,0
City Hotel,1,33,2015,December,50,9,0,2,2,0.0,0,BB,PRT,Offline TA/TO,TA/TO,0,1,0,A,A,0,Non Refund,44.0,0,Transient,110.0,0,0
City Hotel,1,33,2015,December,50,9,0,2,2,0.0,0,BB,PRT,Offline TA/TO,TA/TO,0,1,0,A,A,0,Non Refund,44.0,0,Transient,110.0,0,0
City Hotel,1,33,2015,December,50,9,0,2,2,0.0,0,BB,PRT,Offline TA/TO,TA/TO,0,1,0,A,A,0,Non Refund,44.0,0,Transient,110.0,0,0
City Hotel,1,33,2015,December,50,9,0,2,2,0.0,0,BB,PRT,Offline TA/TO,TA/TO,0,1,0,A,A,0,Non Refund,44.0,0,Transient,110.0,0,0
City Hotel,1,33,2015,December,50,9,0,2,2,0.0,0,BB,PRT,Offline TA/TO,TA/TO,0,1,0,A,A,0,Non Refund,44.0,0,Transient,110.0,0,0
City Hotel,1,33,2015,December,50,9,0,2,2,0.0,0,BB,PRT,Offline TA/TO,TA/TO,0,1,0,A,A,0,Non Refund,44.0,0,Transient,110.0,0,0
City Hotel,1,33,2015,December,50,9,0,2,2,0.0,0,BB,PRT,Offline TA/TO,TA/TO,0,1,0,A,A,0,Non Refund,44.0,0,Transient,110.0,0,0
City Hotel,1,33,2015,December,50,9,0,2,2,0.0,0,BB,PRT,Offline TA/TO,TA/TO,0,1,0,A,A,0,Non Refund,44.0,0,Transient,110.0,0,0
City Hotel,1,33,2015,December,50,9,0,2,2,0.0,0,BB,PRT,Offline TA/TO,TA/TO,0,1,0,A,A,0,Non Refund,44.0,0,Transient,110.0,0,0
City Hotel,1,33,2015,December,50,9,0,2,2,0.0,0,BB,PRT,Offline TA/TO,TA/TO,0,1,0,A,A,0,Non Refund,44.0,0,Transient,110.0,0,0
City Hotel,1,33,2015,December,50,9,0,2,2,0.0,0,BB,PRT,Offline TA/TO,TA/TO,0,1,0,A,A,0,Non Refund,44.0,0,Transient,110.0,0,0
City Hotel,1,33,2015,December,50,9,0,2,2,0.0,0,BB,PRT,Offline TA/TO,TA/TO,0,1,0,A,A,0,Non Refund,44.0,0,Transient,110.0,0,0
City Hotel,1,33,2015,December,50,9,0,2,2,0.0,0,BB,PRT,Offline TA/TO,TA/TO,0,1,0,A,A,0,Non Refund,44.0,0,Transient,110.0,0,0
City Hotel,1,33,2015,December,50,9,0,2,2,0.0,0,BB,PRT,Offline TA/TO,TA/TO,0,1,0,A,A,0,Non Refund,44.0,0,Transient,110.0,0,0
City Hotel,1,33,2015,December,50,9,0,2,2,0.0,0,BB,PRT,Offline TA/TO,TA/TO,0,1,0,A,A,0,Non Refund,44.0,0,Transient,110.0,0,0
City Hotel,1,33,2015,December,50,9,0,2,2,0.0,0,BB,PRT,Offline TA/TO,TA/TO,0,1,0,A,A,0,Non Refund,44.0,0,Transient,110.0,0,0
City Hotel,1,33,2015,December,50,9,0,2,2,0.0,0,BB,PRT,Offline TA/TO,TA/TO,0,1,0,A,A,0,Non Refund,44.0,0,Transient,110.0,0,0
City Hotel,1,33,2015,December,50,9,0,2,2,0.0,0,BB,PRT,Offline TA/TO,TA/TO,0,1,0,A,A,0,Non Refund,44.0,0,Transient,110.0,0,0
City Hotel,1,33,2015,December,50,9,0,2,2,0.0,0,BB,PRT,Offline TA/TO,TA/TO,0,1,0,A,A,0,Non Refund,44.0,0,Transient,110.0,0,0
City Hotel,1,33,2015,December,50,9,0,2,2,0.0,0,BB,PRT,Offline TA/TO,TA/TO,0,1,0,A,A,0,Non Refund,44.0,0,Transient,110.0,0,0
City Hotel,1,33,2015,December,50,9,0,2,2,0.0,0,BB,PRT,Offline TA/TO,TA/TO,0,1,0,A,A,0,Non Refund,44.0,0,Transient,110.0,0,0
City Hotel,1,33,2015,December,50,9,0,2,2,0.0,0,BB,PRT,Offline TA/TO,TA/TO,0,1,0,A,A,0,Non Refund,44.0,0,Transient,110.0,0,0
City Hotel,1,33,2015,December,50,9,0,2,2,0.0,0,BB,PRT,Offline TA/TO,TA/TO,0,1,0,A,A,0,Non Refund,44.0,0,Transient,110.0,0,0
City Hotel,1,33,2015,December,50,9,0,2,2,0.0,0,BB,PRT,Offline TA/TO,TA/TO,0,1,0,A,A,0,Non Refund,44.0,0,Transient,110.0,0,0
City Hotel,1,33,2015,December,50,9,0,2,2,0.0,0,BB,PRT,Offline TA/TO,TA/TO,0,1,0,A,A,0,Non Refund,44.0,0,Transient,110.0,0,0
City Hotel,1,33,2015,December,50,9,0,2,2,0.0,0,BB,PRT,Offline TA/TO,TA/TO,0,1,0,A,A,0,Non Refund,44.0,0,Transient,110.0,0,0
City Hotel,0,61,2015,November,46,12,1,3,2,0.0,0,BB,NLD,Online TA,TA/TO,0,0,0,D,D,0,No Deposit,9.0,0,Transient,81.9,0,1
City Hotel,1,23,2015,December,50,9,1,4,2,0.0,0,BB,PRT,Online TA,TA/TO,1,1,0,A,A,0,No Deposit,10.0,0,Transient,69.0,0,0
City Hotel,1,19,2015,December,49,5,2,1,2,0.0,0,BB,PRT,Online TA,TA/TO,1,1,0,A,A,0,No Deposit,10.0,0,Transient,69.0,0,0
City Hotel,1,19,2015,December,49,5,2,1,2,0.0,0,BB,PRT,Online TA,TA/TO,1,1,0,A,A,0,No Deposit,10.0,0,Transient,69.0,0,0
City Hotel,1,19,2015,December,49,5,2,1,2,0.0,0,BB,PRT,Online TA,TA/TO,1,1,0,A,A,0,No Deposit,10.0,0,Transient,69.0,0,0
City Hotel,1,19,2015,December,49,5,2,1,2,0.0,0,BB,PRT,Online TA,TA/TO,1,1,0,A,A,0,No Deposit,10.0,0,Transient,69.0,0,0
City Hotel,1,19,2015,December,49,5,2,2,2,0.0,0,BB,PRT,Online TA,TA/TO,1,1,0,A,A,0,No Deposit,10.0,0,Transient,69.0,0,0
City Hotel,1,19,2015,December,49,5,2,3,2,0.0,0,BB,PRT,Online TA,TA/TO,1,1,0,A,A,0,No Deposit,10.0,0,Transient,69.0,0,0
City Hotel,1,15,2015,December,49,1,0,2,2,0.0,0,BB,PRT,Online TA,TA/TO,1,1,0,A,A,0,No Deposit,10.0,0,Transient,69.0,0,0
City Hotel,1,15,2015,December,49,1,0,2,2,0.0,0,BB,PRT,Online TA,TA/TO,1,1,0,A,A,0,No Deposit,10.0,0,Transient,69.0,0,0
City Hotel,0,25,2015,November,46,10,2,5,2,0.0,0,BB,HRV,Offline TA/TO,TA/TO,0,0,0,A,A,0,No Deposit,85.0,0,Transient,68.0,0,1
City Hotel,0,52,2015,November,46,12,2,3,2,0.0,0,BB,DEU,Offline TA/TO,TA/TO,0,0,0,D,D,0,No Deposit,28.0,0,Transient,60.0,0,0
City Hotel,0,47,2015,November,46,14,2,1,2,0.0,0,BB,FRA,Offline TA/TO,TA/TO,0,0,0,D,D,1,No Deposit,28.0,0,Group,60.0,0,0
City Hotel,0,61,2015,November,46,14,2,1,2,0.0,0,BB,TUR,Online TA,TA/TO,0,0,0,D,D,0,No Deposit,9.0,0,Transient,81.9,0,2
City Hotel,1,3,2015,November,47,19,0,3,2,0.0,0,BB,PRT,Offline TA/TO,TA/TO,0,1,0,A,A,0,No Deposit,85.0,0,Transient,64.0,0,0
City Hotel,0,18,2015,November,47,16,1,0,2,0.0,0,BB,NLD,Online TA,TA/TO,0,0,0,A,A,0,No Deposit,9.0,0,Transient,104.0,1,0
City Hotel,0,29,2015,November,46,14,2,1,2,0.0,0,BB,DEU,Offline TA/TO,TA/TO,0,0,0,D,D,0,No Deposit,27.0,0,Transient,46.67,0,0
City Hotel,0,51,2015,November,46,12,2,3,2,0.0,0,BB,FRA,Offline TA/TO,TA/TO,0,0,0,D,D,0,No Deposit,28.0,0,Transient,60.0,0,0
City Hotel,0,0,2015,November,47,16,1,0,2,0.0,0,BB,PRT,Complementary,Direct,0,0,0,E,E,0,No Deposit,,0,Transient,0.0,0,0
City Hotel,0,1,2016,October,43,20,0,2,2,0.0,0,BB,PRT,Complementary,Direct,1,0,1,A,A,0,No Deposit,,0,Transient,0.0,0,0
City Hotel,0,22,2015,November,46,14,2,1,2,0.0,0,BB,BEL,Online TA,TA/TO,0,0,0,A,A,0,No Deposit,9.0,0,Contract,87.0,0,1
City Hotel,1,74,2016,January,1,1,2,3,2,0.0,0,BB,PRT,Online TA,TA/TO,0,1,0,B,B,0,No Deposit,9.0,0,Contract,86.58,0,0
City Hotel,1,74,2016,January,1,1,2,3,2,0.0,0,BB,PRT,Online TA,TA/TO,0,1,0,B,B,0,No Deposit,9.0,0,Contract,86.58,0,0
City Hotel,0,51,2015,November,46,14,2,1,2,0.0,0,BB,FRA,Offline TA/TO,TA/TO,0,0,0,D,D,0,No Deposit,28.0,0,Transient,60.0,0,0
City Hotel,0,49,2015,November,46,12,2,3,2,0.0,0,BB,FRA,Offline TA/TO,TA/TO,0,0,0,D,D,0,No Deposit,28.0,0,Transient,60.0,0,0
City Hotel,0,50,2015,November,46,12,2,3,2,0.0,0,BB,FRA,Offline TA/TO,TA/TO,0,0,0,D,D,0,No Deposit,28.0,0,Transient,60.0,0,0
City Hotel,0,4,2015,November,46,14,2,1,2,0.0,0,BB,FRA,Direct,Direct,0,0,0,B,B,0,No Deposit,14.0,0,Transient,81.0,0,1
City Hotel,0,4,2015,November,46,14,2,1,2,0.0,0,BB,FRA,Direct,Direct,0,0,0,B,B,0,No Deposit,14.0,0,Transient,81.0,0,1
City Hotel,1,4,2015,November,47,17,0,3,2,0.0,0,BB,PRT,Direct,Direct,0,0,0,A,A,0,No Deposit,,0,Transient,91.67,0,1
City Hotel,1,20,2015,November,49,29,1,0,2,0.0,0,BB,PRT,Online TA,TA/TO,0,1,0,A,A,0,No Deposit,9.0,0,Contract,97.0,0,1
City Hotel,1,104,2016,February,10,29,1,5,2,0.0,0,BB,PRT,Online TA,TA/TO,1,1,0,A,A,0,No Deposit,11.0,0,Transient,61.43,0,0
City Hotel,1,221,2016,June,24,10,1,2,2,0.0,0,BB,PRT,Offline TA/TO,TA/TO,0,1,0,A,A,0,Non Refund,3.0,15,Transient,80.0,0,0
City Hotel,1,221,2016,June,24,10,1,2,2,0.0,0,BB,PRT,Offline TA/TO,TA/TO,0,1,0,A,A,0,Non Refund,3.0,15,Transient,80.0,0,0
City Hotel,1,221,2016,June,24,10,1,2,2,0.0,0,BB,PRT,Offline TA/TO,TA/TO,0,1,0,A,A,0,Non Refund,3.0,15,Transient,80.0,0,0
City Hotel,1,221,2016,June,24,10,1,2,2,0.0,0,BB,PRT,Offline TA/TO,TA/TO,0,1,0,A,A,0,Non Refund,3.0,15,Transient,80.0,0,0
City Hotel,1,221,2016,June,24,10,1,2,2,0.0,0,BB,PRT,Offline TA/TO,TA/TO,0,1,0,A,A,0,Non Refund,3.0,15,Transient,80.0,0,0
City Hotel,1,221,2016,June,24,10,1,2,2,0.0,0,BB,PRT,Offline TA/TO,TA/TO,0,1,0,A,A,0,Non Refund,3.0,15,Transient,80.0,0,0
City Hotel,1,221,2016,June,24,10,1,2,2,0.0,0,BB,PRT,Offline TA/TO,TA/TO,0,1,0,A,A,0,Non Refund,3.0,15,Transient,80.0,0,0
City Hotel,1,221,2016,June,24,10,1,2,2,0.0,0,BB,PRT,Offline TA/TO,TA/TO,0,1,0,A,A,0,Non Refund,3.0,15,Transient,80.0,0,0
City Hotel,1,221,2016,June,24,10,1,2,2,0.0,0,BB,PRT,Offline TA/TO,TA/TO,0,1,0,A,A,0,Non Refund,3.0,15,Transient,80.0,0,0
City Hotel,1,221,2016,June,24,10,1,2,2,0.0,0,BB,PRT,Offline TA/TO,TA/TO,0,1,0,A,A,0,Non Refund,3.0,15,Transient,80.0,0,0
City Hotel,1,221,2016,June,24,10,1,2,2,0.0,0,BB,PRT,Offline TA/TO,TA/TO,0,1,0,A,A,0,Non Refund,3.0,15,Transient,80.0,0,0
City Hotel,1,221,2016,June,24,10,1,2,2,0.0,0,BB,PRT,Offline TA/TO,TA/TO,0,1,0,A,A,0,Non Refund,3.0,15,Transient,80.0,0,0
City Hotel,1,221,2016,June,24,10,1,2,2,0.0,0,BB,PRT,Offline TA/TO,TA/TO,0,1,0,A,A,0,Non Refund,3.0,15,Transient,80.0,0,0
City Hotel,1,221,2016,June,24,10,1,2,2,0.0,0,BB,PRT,Offline TA/TO,TA/TO,0,1,0,A,A,0,Non Refund,3.0,15,Transient,80.0,0,0
City Hotel,1,221,2016,June,24,10,1,2,2,0.0,0,BB,PRT,Offline TA/TO,TA/TO,0,1,0,A,A,0,Non Refund,3.0,15,Transient,80.0,0,0
City Hotel,1,221,2016,June,24,10,1,2,2,0.0,0,BB,PRT,Offline TA/TO,TA/TO,0,1,0,A,A,0,Non Refund,3.0,15,Transient,80.0,0,0
City Hotel,1,221,2016,June,24,10,1,2,2,0.0,0,BB,PRT,Offline TA/TO,TA/TO,0,1,0,A,A,0,Non Refund,3.0,15,Transient,80.0,0,0
City Hotel,1,221,2016,June,24,10,1,2,2,0.0,0,BB,PRT,Offline TA/TO,TA/TO,0,1,0,A,A,0,Non Refund,3.0,15,Transient,80.0,0,0
City Hotel,1,221,2016,June,24,10,1,2,2,0.0,0,BB,PRT,Offline TA/TO,TA/TO,0,1,0,A,A,0,Non Refund,3.0,15,Transient,80.0,0,0
City Hotel,1,221,2016,June,24,10,1,2,2,0.0,0,BB,PRT,Offline TA/TO,TA/TO,0,1,0,A,A,0,Non Refund,3.0,15,Transient,80.0,0,0
City Hotel,1,221,2016,June,24,10,1,2,2,0.0,0,BB,PRT,Offline TA/TO,TA/TO,0,1,0,A,A,0,Non Refund,3.0,15,Transient,80.0,0,0
City Hotel,0,8,2016,April,14,1,0,2,2,0.0,0,BB,PRT,Corporate,Corporate,1,0,1,A,D,1,No Deposit,,0,Transient,84.0,0,1
City Hotel,0,0,2015,November,47,17,0,1,2,0.0,0,BB,ESP,Direct,Direct,0,0,0,A,A,0,No Deposit,,0,Transient,89.0,0,0
City Hotel,0,0,2015,November,47,17,0,1,2,0.0,0,BB,ESP,Direct,Direct,0,0,0,A,A,0,No Deposit,,0,Transient,89.0,0,0
City Hotel,0,11,2015,November,47,17,0,1,2,0.0,0,SC,FRA,Online TA,TA/TO,0,0,0,A,A,0,No Deposit,9.0,0,Contract,85.0,0,1
City Hotel,0,53,2015,November,46,14,2,2,2,0.0,0,BB,FRA,Offline TA/TO,TA/TO,0,0,0,D,D,0,No Deposit,28.0,0,Transient,60.0,0,0
City Hotel,0,13,2015,November,47,15,2,1,2,0.0,0,SC,FRA,Online TA,TA/TO,0,0,0,A,A,0,No Deposit,9.0,0,Contract,85.0,0,1
City Hotel,0,0,2015,November,47,17,0,1,2,0.0,0,BB,PRT,Direct,Direct,0,0,0,D,D,0,No Deposit,,0,Transient,60.0,0,0
City Hotel,0,10,2015,November,46,14,2,2,2,0.0,0,BB,DEU,Offline TA/TO,TA/TO,0,0,0,A,D,0,No Deposit,27.0,0,Transient,43.5,0,0
City Hotel,0,6,2015,November,47,17,0,1,2,0.0,0,BB,PRT,Direct,Direct,0,0,0,A,D,0,No Deposit,,0,Transient,85.0,0,0
City Hotel,1,22,2015,December,50,9,1,4,2,0.0,0,BB,PRT,Direct,Direct,0,1,0,B,B,0,No Deposit,14.0,0,Transient,80.75,0,0
City Hotel,1,22,2015,December,50,9,1,4,2,0.0,0,BB,PRT,Direct,Direct,0,1,0,B,B,0,No Deposit,14.0,0,Transient,80.75,0,0
City Hotel,1,42,2015,December,53,28,1,2,2,0.0,0,SC,PRT,Online TA,TA/TO,0,1,0,A,A,0,No Deposit,9.0,0,Contract,93.3,0,2
City Hotel,1,58,2015,December,53,27,2,4,2,0.0,0,BB,PRT,Online TA,TA/TO,0,1,0,B,B,0,No Deposit,9.0,0,Transient-Party,77.35,0,1
City Hotel,1,58,2015,December,53,27,2,4,2,0.0,0,BB,PRT,Online TA,TA/TO,0,1,0,B,B,0,No Deposit,9.0,0,Transient-Party,77.35,0,2
City Hotel,1,58,2015,December,53,27,2,4,2,0.0,0,BB,PRT,Online TA,TA/TO,0,1,0,B,B,0,No Deposit,9.0,0,Transient-Party,77.35,0,0
City Hotel,1,58,2015,December,53,27,2,4,2,0.0,0,BB,PRT,Online TA,TA/TO,0,1,0,B,B,0,No Deposit,9.0,0,Transient-Party,77.35,0,1
City Hotel,0,35,2015,November,47,18,0,1,2,0.0,0,BB,GBR,Online TA,TA/TO,0,0,0,A,A,0,No Deposit,9.0,0,Contract,113.4,0,1
City Hotel,0,5,2015,November,47,17,0,2,2,0.0,0,BB,ESP,Offline TA/TO,TA/TO,0,0,0,A,A,0,No Deposit,83.0,0,Contract,86.6,0,1
City Hotel,0,49,2015,November,47,16,1,2,2,0.0,0,BB,FRA,Offline TA/TO,TA/TO,0,0,0,D,D,0,No Deposit,28.0,0,Group,60.0,0,0
City Hotel,0,2,2015,November,46,14,2,3,2,0.0,0,BB,DEU,Online TA,TA/TO,0,0,0,A,A,1,No Deposit,9.0,0,Contract,103.0,0,1
City Hotel,0,62,2015,November,47,15,2,2,2,0.0,0,BB,POL,Online TA,TA/TO,0,0,0,D,D,0,No Deposit,9.0,0,Contract,81.9,0,1
City Hotel,1,38,2015,December,52,25,2,4,2,0.0,0,BB,PRT,Online TA,TA/TO,0,1,0,A,A,0,No Deposit,9.0,0,Contract,97.0,0,1
City Hotel,1,22,2015,November,48,24,0,3,2,0.0,0,BB,PRT,Online TA,TA/TO,0,1,0,D,D,1,No Deposit,9.0,0,Contract,113.67,0,1
City Hotel,0,54,2015,November,47,16,1,2,2,0.0,0,BB,FRA,Offline TA/TO,TA/TO,0,0,0,D,D,0,No Deposit,28.0,0,Transient,69.0,0,0
City Hotel,0,0,2015,November,47,16,1,2,2,0.0,0,BB,PRT,Corporate,Corporate,0,0,0,A,A,0,No Deposit,,0,Transient,75.0,0,0
City Hotel,0,1,2016,September,38,15,0,2,2,0.0,0,BB,PRT,Corporate,Corporate,1,0,1,A,A,2,No Deposit,,0,Transient,75.0,0,0
City Hotel,0,4,2016,December,51,11,2,0,2,0.0,0,BB,PRT,Corporate,Corporate,1,0,2,A,A,0,No Deposit,,0,Transient,75.0,0,0
City Hotel,0,6,2016,December,51,13,0,1,2,0.0,0,BB,PRT,Corporate,Corporate,1,0,2,A,A,0,No Deposit,,0,Transient,75.0,0,0
City Hotel,0,22,2015,November,47,17,0,3,2,0.0,0,BB,ISR,Online TA,TA/TO,0,0,0,A,A,1,No Deposit,9.0,0,Transient,90.95,0,1
City Hotel,0,2,2015,November,47,18,0,2,2,0.0,0,BB,DEU,Online TA,TA/TO,0,0,0,A,A,0,No Deposit,9.0,0,Contract,107.0,0,0
City Hotel,0,55,2015,November,47,15,2,3,2,0.0,0,BB,FRA,Offline TA/TO,TA/TO,0,0,0,D,D,0,No Deposit,28.0,0,Transient,60.0,0,0
City Hotel,0,50,2015,November,47,17,0,3,2,0.0,0,BB,CHE,Offline TA/TO,TA/TO,0,0,0,D,D,0,No Deposit,28.0,0,Group,60.0,0,0
City Hotel,0,2,2016,January,2,6,0,1,2,0.0,0,BB,PRT,Corporate,Corporate,1,0,3,A,A,0,No Deposit,,0,Transient,75.0,0,0
City Hotel,0,66,2015,November,47,19,0,1,2,0.0,0,BB,IND,Online TA,TA/TO,0,0,0,D,D,0,No Deposit,9.0,0,Contract,81.9,0,2
City Hotel,0,9,2015,November,47,18,0,2,2,0.0,0,BB,ESP,Corporate,Corporate,0,0,0,A,A,1,No Deposit,,0,Transient,75.0,0,0
City Hotel,0,57,2015,November,47,17,0,3,2,0.0,0,BB,PRT,Offline TA/TO,TA/TO,0,0,0,D,D,0,No Deposit,28.0,0,Transient,60.0,0,0
City Hotel,1,88,2015,December,50,11,0,2,2,0.0,0,BB,PRT,Online TA,TA/TO,0,1,0,A,A,0,No Deposit,9.0,0,Contract,76.5,0,2
City Hotel,1,88,2015,December,50,11,0,2,2,0.0,0,BB,PRT,Online TA,TA/TO,0,1,0,A,A,0,No Deposit,9.0,0,Contract,76.5,0,2
City Hotel,0,60,2015,November,47,15,2,4,2,0.0,0,SC,PRT,Online TA,TA/TO,0,0,0,A,A,0,No Deposit,9.0,0,Contract,76.0,0,1
City Hotel,0,28,2015,November,47,19,0,2,2,0.0,0,HB,DEU,Offline TA/TO,TA/TO,0,0,0,A,A,0,No Deposit,6.0,0,Transient,99.0,0,1
City Hotel,0,42,2015,November,47,16,1,4,2,0.0,0,BB,IRL,Online TA,TA/TO,0,0,0,A,D,0,No Deposit,9.0,0,Contract,104.42,0,1
City Hotel,0,4,2015,November,47,20,0,1,2,0.0,0,BB,PRT,Complementary,Direct,0,0,0,G,G,0,No Deposit,,0,Transient,0.0,1,2
City Hotel,0,30,2015,November,47,18,0,3,2,0.0,0,BB,PRT,Online TA,TA/TO,0,0,0,A,A,0,No Deposit,9.0,0,Contract,113.4,0,1
City Hotel,0,55,2015,November,47,17,0,4,2,0.0,0,BB,BEL,Offline TA/TO,TA/TO,0,0,0,D,D,0,No Deposit,28.0,0,Transient,60.0,0,0
City Hotel,1,244,2016,July,28,6,0,4,2,0.0,0,BB,PRT,Online TA,TA/TO,0,1,0,A,A,0,No Deposit,9.0,0,Contract,107.0,0,1
City Hotel,1,54,2015,December,53,28,1,3,2,0.0,0,SC,PRT,Online TA,TA/TO,0,1,0,F,F,0,No Deposit,9.0,0,Contract,158.95,0,1
City Hotel,1,17,2015,December,49,5,1,1,2,0.0,0,BB,PRT,Online TA,TA/TO,0,1,0,A,A,0,No Deposit,9.0,0,Contract,107.0,0,0
City Hotel,1,17,2015,December,49,5,1,1,2,0.0,0,BB,PRT,Online TA,TA/TO,0,1,0,A,A,0,No Deposit,9.0,0,Contract,107.0,0,0
City Hotel,1,17,2015,December,49,5,1,1,2,0.0,0,BB,PRT,Online TA,TA/TO,0,1,0,A,A,0,No Deposit,9.0,0,Contract,107.0,0,0
City Hotel,1,17,2015,December,49,5,1,1,2,0.0,0,BB,PRT,Online TA,TA/TO,0,1,0,A,A,0,No Deposit,9.0,0,Contract,107.0,0,0
City Hotel,0,52,2015,November,47,19,0,3,2,0.0,0,BB,FRA,Offline TA/TO,TA/TO,0,0,0,D,D,0,No Deposit,28.0,0,Group,60.0,0,0
City Hotel,0,54,2015,November,47,18,0,4,2,0.0,0,BB,FRA,Offline TA/TO,TA/TO,0,0,0,D,D,0,No Deposit,28.0,0,Transient,60.0,0,0
City Hotel,0,59,2015,November,47,19,0,3,2,0.0,0,BB,FRA,Offline TA/TO,TA/TO,0,0,0,D,D,0,No Deposit,28.0,0,Transient,60.0,0,0
City Hotel,0,52,2015,November,47,19,0,3,2,0.0,0,BB,GBR,Offline TA/TO,TA/TO,0,0,0,D,D,0,No Deposit,28.0,0,Group,60.0,0,1
City Hotel,0,52,2015,November,47,19,0,3,2,0.0,0,BB,GBR,Offline TA/TO,TA/TO,0,0,0,D,D,0,No Deposit,28.0,0,Group,60.0,0,1
City Hotel,0,56,2015,November,47,19,0,3,2,0.0,0,BB,FRA,Offline TA/TO,TA/TO,0,0,0,D,D,0,No Deposit,28.0,0,Transient,60.0,0,1
City Hotel,0,64,2015,November,47,20,0,2,2,0.0,0,BB,DEU,Online TA,TA/TO,0,0,0,A,A,0,No Deposit,10.0,0,Transient,79.2,0,2
City Hotel,0,64,2015,November,47,20,0,2,2,0.0,0,BB,DEU,Online TA,TA/TO,0,0,0,A,A,0,No Deposit,10.0,0,Transient,79.2,0,2
City Hotel,0,67,2015,November,47,20,0,2,2,0.0,0,BB,ITA,Online TA,TA/TO,0,0,0,D,D,0,No Deposit,9.0,0,Contract,81.9,0,2
City Hotel,0,22,2015,November,47,19,0,3,2,0.0,0,BB,ESP,Online TA,TA/TO,0,0,0,A,A,0,No Deposit,9.0,0,Transient,95.0,0,1
City Hotel,0,42,2015,November,47,20,0,2,2,0.0,0,BB,ESP,Offline TA/TO,TA/TO,0,0,0,A,A,0,No Deposit,6.0,0,Group,63.0,0,2
City Hotel,0,42,2015,November,47,20,0,2,2,0.0,0,BB,ESP,Offline TA/TO,TA/TO,0,0,0,A,A,0,No Deposit,6.0,0,Group,63.0,0,2
City Hotel,0,32,2015,November,47,20,0,2,2,0.0,0,BB,PRT,Offline TA/TO,TA/TO,0,0,0,A,A,3,No Deposit,119.0,0,Transient-Party,85.0,0,0
City Hotel,0,58,2015,November,47,18,0,4,2,0.0,0,BB,FRA,Offline TA/TO,TA/TO,0,0,0,D,D,0,No Deposit,28.0,0,Transient,60.0,0,0
City Hotel,0,32,2015,November,47,20,0,2,2,0.0,0,BB,PRT,Offline TA/TO,TA/TO,0,0,0,A,F,3,No Deposit,119.0,0,Transient-Party,85.0,0,0
City Hotel,0,56,2015,November,47,19,0,3,2,0.0,0,BB,FRA,Offline TA/TO,TA/TO,0,0,0,D,D,0,No Deposit,28.0,0,Transient,60.0,0,1
City Hotel,0,55,2015,November,47,18,0,4,2,0.0,0,BB,FRA,Offline TA/TO,TA/TO,0,0,0,D,D,0,No Deposit,28.0,0,Transient,60.0,0,1
City Hotel,0,55,2015,November,47,18,0,4,2,0.0,0,BB,FRA,Offline TA/TO,TA/TO,0,0,0,D,D,0,No Deposit,28.0,0,Transient,60.0,0,1
City Hotel,0,62,2015,November,47,19,0,3,2,0.0,0,BB,FRA,Offline TA/TO,TA/TO,0,0,0,D,D,0,No Deposit,28.0,0,Transient,60.0,0,0
City Hotel,0,32,2015,November,47,20,0,2,2,0.0,0,BB,PRT,Offline TA/TO,TA/TO,0,0,0,A,D,3,No Deposit,119.0,0,Transient-Party,85.0,0,0
City Hotel,0,32,2015,November,47,20,0,2,2,0.0,0,BB,PRT,Offline TA/TO,TA/TO,0,0,0,A,A,3,No Deposit,119.0,0,Transient-Party,85.0,0,0
City Hotel,0,3,2015,November,47,20,0,2,2,0.0,0,BB,PRT,Online TA,TA/TO,0,0,0,A,A,0,No Deposit,9.0,0,Contract,122.0,0,1
City Hotel,1,15,2015,November,48,22,8,19,2,0.0,0,BB,PRT,Online TA,TA/TO,0,0,0,A,A,0,No Deposit,8.0,0,Transient,93.01,0,0
City Hotel,0,67,2015,November,47,21,1,1,2,0.0,0,BB,FRA,Online TA,TA/TO,0,0,0,A,A,0,No Deposit,9.0,0,Contract,79.2,0,1
City Hotel,0,0,2015,November,48,22,1,0,2,0.0,0,BB,MAR,Direct,Direct,0,0,0,A,D,0,No Deposit,,0,Transient,89.0,0,0
City Hotel,0,57,2015,November,47,20,1,2,2,0.0,0,BB,FRA,Offline TA/TO,TA/TO,0,0,0,D,D,0,No Deposit,28.0,0,Transient,60.0,0,0
City Hotel,0,0,2015,November,48,22,1,0,2,0.0,0,BB,MAR,Direct,Direct,0,0,0,A,D,0,No Deposit,,0,Transient,89.0,0,0
City Hotel,1,12,2015,November,49,29,1,0,2,0.0,0,BB,PRT,Online TA,TA/TO,0,1,0,A,A,0,No Deposit,9.0,0,Contract,87.0,0,1
City Hotel,1,77,2015,December,52,26,2,3,2,0.0,0,BB,PRT,Online TA,TA/TO,0,1,0,D,D,0,No Deposit,9.0,0,Contract,108.72,0,1
City Hotel,1,73,2015,December,53,31,0,3,2,0.0,0,HB,PRT,Offline TA/TO,TA/TO,0,1,0,A,A,0,No Deposit,104.0,0,Transient,99.0,0,0
City Hotel,1,24,2015,December,49,5,2,1,2,0.0,0,BB,PRT,Corporate,Corporate,0,1,0,A,A,0,No Deposit,,0,Transient-Party,50.0,0,0
City Hotel,1,24,2015,December,49,5,2,1,2,0.0,0,BB,PRT,Corporate,Corporate,0,1,0,A,A,0,No Deposit,,0,Transient-Party,50.0,0,0
City Hotel,1,81,2015,December,53,30,0,4,2,0.0,0,BB,PRT,Online TA,TA/TO,0,1,0,A,A,0,No Deposit,9.0,0,Contract,109.8,0,3
City Hotel,1,21,2015,December,49,2,0,2,2,0.0,0,BB,PRT,Online TA,TA/TO,0,1,0,D,D,0,No Deposit,7.0,0,Transient,65.91,0,0
City Hotel,0,0,2015,November,48,22,1,0,2,0.0,0,BB,PRT,Direct,Direct,0,0,0,A,D,0,No Deposit,,0,Transient,89.0,0,0
City Hotel,0,0,2015,November,47,20,1,2,2,0.0,0,BB,PRT,Direct,Direct,0,0,0,A,D,0,No Deposit,14.0,0,Transient,107.33,0,0
City Hotel,0,13,2015,November,48,22,1,0,2,0.0,0,BB,PRT,Online TA,TA/TO,0,0,0,D,D,2,No Deposit,9.0,0,Transient,101.0,0,1
City Hotel,1,13,2015,December,50,6,2,0,2,0.0,0,BB,PRT,Online TA,TA/TO,1,1,0,A,A,0,No Deposit,9.0,0,Contract,107.0,0,2
City Hotel,1,25,2015,November,48,28,1,1,2,0.0,0,SC,PRT,Online TA,TA/TO,0,1,0,A,A,0,No Deposit,8.0,0,Transient,95.0,0,1
City Hotel,1,176,2016,April,15,9,1,1,2,0.0,0,HB,PRT,Offline TA/TO,TA/TO,0,1,0,A,A,0,Non Refund,21.0,0,Transient,125.0,0,0
City Hotel,1,176,2016,April,15,9,1,1,2,0.0,0,HB,PRT,Offline TA/TO,TA/TO,0,1,0,A,A,0,Non Refund,21.0,0,Transient,125.0,0,0
City Hotel,1,176,2016,April,15,9,1,1,2,0.0,0,HB,PRT,Offline TA/TO,TA/TO,0,1,0,A,A,0,Non Refund,21.0,0,Transient,125.0,0,0
City Hotel,1,176,2016,April,15,9,1,1,2,0.0,0,HB,PRT,Offline TA/TO,TA/TO,0,1,0,A,A,0,Non Refund,21.0,0,Transient,125.0,0,0
City Hotel,1,176,2016,April,15,9,1,1,2,0.0,0,HB,PRT,Offline TA/TO,TA/TO,0,1,0,A,A,0,Non Refund,21.0,0,Transient,125.0,0,0
City Hotel,1,176,2016,April,15,9,1,1,2,0.0,0,HB,PRT,Offline TA/TO,TA/TO,0,1,0,A,A,0,Non Refund,21.0,0,Transient,125.0,0,0
City Hotel,1,176,2016,April,15,9,1,1,2,0.0,0,HB,PRT,Offline TA/TO,TA/TO,0,1,0,A,A,0,Non Refund,21.0,0,Transient,125.0,0,0
City Hotel,1,176,2016,April,15,9,1,1,2,0.0,0,HB,PRT,Offline TA/TO,TA/TO,0,1,0,A,A,0,Non Refund,21.0,0,Transient,125.0,0,0
City Hotel,1,176,2016,April,15,9,1,1,2,0.0,0,HB,PRT,Offline TA/TO,TA/TO,0,1,0,A,A,0,Non Refund,21.0,0,Transient,125.0,0,0
City Hotel,1,176,2016,April,15,9,1,1,2,0.0,0,HB,PRT,Offline TA/TO,TA/TO,0,1,0,A,A,0,Non Refund,21.0,0,Transient,125.0,0,0
City Hotel,1,176,2016,April,15,9,1,1,2,0.0,0,HB,PRT,Offline TA/TO,TA/TO,0,1,0,A,A,0,Non Refund,21.0,0,Transient,125.0,0,0
City Hotel,1,176,2016,April,15,9,1,1,2,0.0,0,HB,PRT,Offline TA/TO,TA/TO,0,1,0,A,A,0,Non Refund,21.0,0,Transient,125.0,0,0
City Hotel,1,176,2016,April,15,9,1,1,2,0.0,0,HB,PRT,Offline TA/TO,TA/TO,0,1,0,A,A,0,Non Refund,21.0,0,Transient,125.0,0,0
City Hotel,1,176,2016,April,15,9,1,1,2,0.0,0,HB,PRT,Offline TA/TO,TA/TO,0,1,0,A,A,0,Non Refund,21.0,0,Transient,125.0,0,0
City Hotel,1,176,2016,April,15,9,1,1,2,0.0,0,HB,PRT,Offline TA/TO,TA/TO,0,1,0,A,A,0,Non Refund,21.0,0,Transient,125.0,0,0
City Hotel,1,176,2016,April,15,9,1,1,2,0.0,0,HB,PRT,Offline TA/TO,TA/TO,0,1,0,A,A,0,Non Refund,21.0,0,Transient,125.0,0,0
City Hotel,1,176,2016,April,15,9,1,1,2,0.0,0,HB,PRT,Offline TA/TO,TA/TO,0,1,0,A,A,0,Non Refund,21.0,0,Transient,125.0,0,0
City Hotel,1,176,2016,April,15,9,1,1,2,0.0,0,HB,PRT,Offline TA/TO,TA/TO,0,1,0,A,A,0,Non Refund,21.0,0,Transient,125.0,0,0
City Hotel,1,180,2016,April,16,13,0,1,2,0.0,0,HB,PRT,Offline TA/TO,TA/TO,0,1,0,A,A,0,Non Refund,21.0,38,Transient,125.0,0,0
City Hotel,1,180,2016,April,16,13,0,1,2,0.0,0,HB,PRT,Offline TA/TO,TA/TO,0,1,0,A,A,0,Non Refund,21.0,38,Transient,125.0,0,0
City Hotel,1,180,2016,April,16,13,0,1,2,0.0,0,HB,PRT,Offline TA/TO,TA/TO,0,1,0,A,A,0,Non Refund,21.0,38,Transient,125.0,0,0
City Hotel,1,180,2016,April,16,13,0,1,2,0.0,0,HB,PRT,Offline TA/TO,TA/TO,0,1,0,A,A,0,Non Refund,21.0,38,Transient,125.0,0,0
City Hotel,1,180,2016,April,16,13,0,1,2,0.0,0,HB,PRT,Offline TA/TO,TA/TO,0,1,0,A,A,0,Non Refund,21.0,38,Transient,125.0,0,0
City Hotel,1,180,2016,April,16,13,0,1,2,0.0,0,HB,PRT,Offline TA/TO,TA/TO,0,1,0,A,A,0,Non Refund,21.0,38,Transient,125.0,0,0
City Hotel,1,180,2016,April,16,13,0,1,2,0.0,0,HB,PRT,Offline TA/TO,TA/TO,0,1,0,A,A,0,Non Refund,21.0,38,Transient,125.0,0,0
City Hotel,1,180,2016,April,16,13,0,1,2,0.0,0,HB,PRT,Offline TA/TO,TA/TO,0,1,0,A,A,0,Non Refund,21.0,38,Transient,125.0,0,0
City Hotel,1,180,2016,April,16,13,0,1,2,0.0,0,HB,PRT,Offline TA/TO,TA/TO,0,1,0,A,A,0,Non Refund,21.0,38,Transient,125.0,0,0
City Hotel,1,180,2016,April,16,13,0,1,2,0.0,0,HB,PRT,Offline TA/TO,TA/TO,0,1,0,A,A,0,Non Refund,21.0,38,Transient,125.0,0,0
City Hotel,1,180,2016,April,16,13,0,1,2,0.0,0,HB,PRT,Offline TA/TO,TA/TO,0,1,0,A,A,0,Non Refund,21.0,38,Transient,125.0,0,0
City Hotel,1,180,2016,April,16,13,0,1,2,0.0,0,HB,PRT,Offline TA/TO,TA/TO,0,1,0,A,A,0,Non Refund,21.0,38,Transient,125.0,0,0
City Hotel,1,180,2016,April,16,13,0,1,2,0.0,0,HB,PRT,Offline TA/TO,TA/TO,0,1,0,A,A,0,Non Refund,21.0,38,Transient,125.0,0,0
City Hotel,1,180,2016,April,16,13,0,1,2,0.0,0,HB,PRT,Offline TA/TO,TA/TO,0,1,0,A,A,0,Non Refund,21.0,38,Transient,125.0,0,0
City Hotel,1,180,2016,April,16,13,0,1,2,0.0,0,HB,PRT,Offline TA/TO,TA/TO,0,1,0,A,A,0,Non Refund,21.0,38,Transient,125.0,0,0
City Hotel,1,180,2016,April,16,13,0,1,2,0.0,0,HB,PRT,Offline TA/TO,TA/TO,0,1,0,A,A,0,Non Refund,21.0,38,Transient,125.0,0,0
City Hotel,1,180,2016,April,16,13,0,1,2,0.0,0,HB,PRT,Offline TA/TO,TA/TO,0,1,0,A,A,0,Non Refund,21.0,38,Transient,125.0,0,0
City Hotel,1,180,2016,April,16,13,0,1,2,0.0,0,HB,PRT,Offline TA/TO,TA/TO,0,1,0,A,A,0,Non Refund,21.0,38,Transient,125.0,0,0
City Hotel,0,0,2015,November,48,23,0,0,2,0.0,0,BB,PRT,Online TA,TA/TO,1,0,0,A,K,0,No Deposit,8.0,0,Transient,0.0,0,0
City Hotel,1,61,2015,November,48,23,1,3,2,0.0,0,BB,PRT,Groups,TA/TO,0,0,0,A,A,1,No Deposit,37.0,0,Transient-Party,75.0,0,0
City Hotel,1,61,2015,November,48,23,1,3,2,0.0,0,BB,PRT,Groups,TA/TO,0,0,0,G,G,1,No Deposit,37.0,0,Transient-Party,10.0,0,0
City Hotel,0,5,2015,November,48,23,1,0,2,0.0,0,BB,PRT,Direct,Direct,0,0,0,A,A,0,No Deposit,,0,Transient,105.0,0,1
City Hotel,0,22,2015,November,47,21,2,1,2,0.0,0,BB,PRT,Online TA,TA/TO,0,0,0,A,A,0,No Deposit,9.0,0,Transient,88.33,0,1
City Hotel,0,44,2016,July,28,8,0,1,2,0.0,0,BB,PRT,Corporate,Corporate,1,2,5,A,A,2,No Deposit,,0,Transient,75.0,0,0
City Hotel,0,13,2015,November,48,22,2,0,2,0.0,0,BB,ESP,Offline TA/TO,TA/TO,0,0,0,A,A,0,No Deposit,83.0,0,Transient,90.6,0,1
City Hotel,1,49,2015,December,52,25,2,7,2,0.0,0,BB,PRT,Online TA,TA/TO,0,1,0,A,A,0,No Deposit,9.0,0,Contract,109.33,0,1
City Hotel,1,183,2016,April,17,22,1,2,2,0.0,0,BB,PRT,Online TA,TA/TO,0,1,0,A,A,0,No Deposit,9.0,0,Contract,115.2,0,1
City Hotel,0,3,2015,November,47,17,2,5,2,0.0,0,BB,PRT,Direct,Direct,0,0,0,A,A,1,No Deposit,,0,Transient,46.14,0,0
City Hotel,0,3,2017,June,22,1,0,1,2,0.0,0,BB,PRT,Direct,Direct,1,0,1,A,A,0,No Deposit,14.0,0,Transient,135.0,0,0
City Hotel,1,53,2015,December,53,28,1,2,2,0.0,0,BB,PRT,Online TA,TA/TO,0,1,0,B,B,0,No Deposit,9.0,0,Contract,102.33,0,0
City Hotel,1,53,2015,December,53,28,1,2,2,0.0,0,BB,PRT,Online TA,TA/TO,0,1,0,B,B,0,No Deposit,9.0,0,Contract,93.33,0,1
City Hotel,1,53,2015,December,53,28,1,2,2,0.0,0,BB,PRT,Online TA,TA/TO,0,1,0,B,B,0,No Deposit,9.0,0,Contract,102.33,0,0
City Hotel,1,53,2015,December,53,28,1,2,2,0.0,0,BB,PRT,Online TA,TA/TO,0,1,0,B,B,0,No Deposit,9.0,0,Contract,93.33,0,1
City Hotel,0,61,2015,November,47,21,2,2,2,0.0,0,BB,FRA,Offline TA/TO,TA/TO,0,0,0,D,D,0,No Deposit,28.0,0,Transient,60.0,0,0
City Hotel,0,6,2015,November,48,22,2,1,2,0.0,0,BB,DEU,Online TA,TA/TO,0,0,0,A,A,0,No Deposit,8.0,0,Transient,111.67,0,0
City Hotel,0,55,2015,November,48,22,2,1,2,0.0,0,BB,BEL,Offline TA/TO,TA/TO,0,0,0,D,D,0,No Deposit,28.0,0,Group,60.0,0,0
City Hotel,1,22,2015,December,49,4,2,2,2,0.0,0,BB,PRT,Offline TA/TO,TA/TO,0,1,0,A,A,0,No Deposit,28.0,0,Transient,68.0,0,1
City Hotel,1,26,2015,November,48,26,0,2,2,0.0,0,BB,PRT,Direct,Direct,0,1,0,A,A,0,No Deposit,14.0,0,Group,85.0,0,0
City Hotel,0,4,2017,March,10,7,0,1,2,0.0,0,BB,PRT,Offline TA/TO,Direct,1,1,0,D,A,0,No Deposit,85.0,0,Transient,90.0,0,1
City Hotel,1,2,2015,November,48,27,0,1,2,0.0,0,BB,PRT,Groups,TA/TO,1,1,0,A,A,0,No Deposit,1.0,0,Transient-Party,12.0,0,0
City Hotel,1,8,2015,November,48,27,1,2,2,0.0,0,BB,PRT,Groups,TA/TO,0,1,0,A,A,0,No Deposit,1.0,0,Transient-Party,64.0,0,0
City Hotel,1,8,2015,November,48,27,1,2,2,0.0,0,BB,PRT,Groups,TA/TO,0,1,0,A,A,0,No Deposit,1.0,0,Transient-Party,64.0,0,0
City Hotel,1,62,2015,November,48,25,0,4,2,0.0,0,BB,PRT,Offline TA/TO,TA/TO,0,0,0,D,D,0,No Deposit,28.0,0,Transient,60.0,0,0
City Hotel,1,3,2015,November,48,28,0,1,2,0.0,0,BB,PRT,Offline TA/TO,TA/TO,0,1,0,D,D,0,No Deposit,83.0,0,Transient,77.6,0,1
City Hotel,0,63,2015,November,48,23,1,2,2,0.0,0,BB,FRA,Offline TA/TO,TA/TO,0,0,0,D,D,0,No Deposit,28.0,0,Transient,60.0,0,0
City Hotel,0,0,2015,November,48,25,0,1,2,0.0,0,BB,PRT,Direct,Direct,0,0,0,D,D,0,No Deposit,,0,Transient,75.0,0,0
City Hotel,0,0,2015,November,48,22,2,2,2,0.0,0,BB,DEU,Groups,TA/TO,0,0,0,A,A,1,No Deposit,37.0,0,Transient,75.0,0,0
City Hotel,1,54,2015,December,49,1,0,1,2,0.0,0,BB,PRT,Direct,Direct,0,1,0,A,A,1,No Deposit,,0,Transient-Party,81.0,0,0
City Hotel,1,74,2015,December,53,30,0,2,2,0.0,0,BB,PRT,Online TA,TA/TO,0,1,0,A,A,1,No Deposit,9.0,0,Transient,113.4,0,1
City Hotel,1,49,2015,November,48,26,0,1,2,0.0,0,BB,PRT,Direct,Direct,0,0,0,A,A,0,No Deposit,,0,Transient,85.5,0,0
City Hotel,1,22,2015,November,48,26,0,2,2,0.0,0,BB,PRT,Online TA,TA/TO,0,0,0,A,A,0,No Deposit,9.0,0,Contract,97.0,0,0
City Hotel,0,10,2015,November,48,23,1,3,2,0.0,0,SC,RUS,Online TA,TA/TO,0,0,0,A,A,0,No Deposit,9.0,0,Contract,78.63,0,1
City Hotel,0,73,2015,November,48,24,0,3,2,0.0,0,BB,FRA,Offline TA/TO,TA/TO,0,0,0,A,D,0,No Deposit,12.0,27,Transient-Party,85.67,0,0
City Hotel,0,25,2015,November,48,22,2,3,2,0.0,0,BB,FRA,Offline TA/TO,TA/TO,0,0,0,A,A,0,No Deposit,12.0,0,Transient-Party,65.0,0,0
City Hotel,0,25,2015,November,48,22,2,3,2,0.0,0,BB,FRA,Offline TA/TO,TA/TO,0,0,0,A,A,0,No Deposit,12.0,0,Transient-Party,65.0,0,0
City Hotel,0,25,2015,November,48,22,2,3,2,0.0,0,BB,FRA,Offline TA/TO,TA/TO,0,0,0,A,A,0,No Deposit,12.0,0,Transient-Party,65.0,0,0
City Hotel,0,73,2015,November,48,24,0,3,2,0.0,0,BB,DEU,Offline TA/TO,TA/TO,0,0,0,A,A,0,No Deposit,12.0,27,Transient-Party,85.67,0,0
City Hotel,0,25,2015,November,48,22,2,3,2,0.0,0,BB,FRA,Offline TA/TO,TA/TO,0,0,0,A,A,0,No Deposit,12.0,0,Transient-Party,65.0,0,0
City Hotel,0,25,2015,November,48,22,2,3,2,0.0,0,BB,PRT,Offline TA/TO,TA/TO,0,0,0,A,A,0,No Deposit,12.0,0,Transient-Party,65.0,0,0
City Hotel,0,73,2015,November,48,24,0,3,2,0.0,0,BB,PRT,Offline TA/TO,TA/TO,0,0,0,A,B,0,No Deposit,12.0,27,Transient-Party,85.67,0,0
City Hotel,0,73,2015,November,48,24,0,3,2,0.0,0,BB,FRA,Offline TA/TO,TA/TO,0,0,0,A,A,0,No Deposit,12.0,27,Transient-Party,85.67,0,0
City Hotel,0,73,2015,November,48,24,0,3,2,0.0,0,BB,FRA,Offline TA/TO,TA/TO,0,0,0,A,B,0,No Deposit,12.0,27,Transient-Party,85.67,0,0
City Hotel,0,25,2015,November,48,22,2,3,2,0.0,0,BB,FRA,Offline TA/TO,TA/TO,0,0,0,A,A,0,No Deposit,12.0,0,Transient-Party,65.0,0,0
City Hotel,0,73,2015,November,48,24,0,3,2,0.0,0,BB,FRA,Offline TA/TO,TA/TO,0,0,0,A,B,0,No Deposit,12.0,27,Transient-Party,85.67,0,0
City Hotel,0,73,2015,November,48,24,0,3,2,0.0,0,BB,FRA,Offline TA/TO,TA/TO,0,0,0,A,B,2,No Deposit,12.0,27,Transient-Party,85.67,0,0
City Hotel,0,73,2015,November,48,24,0,3,2,0.0,0,BB,FRA,Offline TA/TO,TA/TO,0,0,0,A,A,0,No Deposit,12.0,27,Transient-Party,85.67,0,0
City Hotel,0,73,2015,November,48,24,0,3,2,0.0,0,BB,FRA,Offline TA/TO,TA/TO,0,0,0,A,A,0,No Deposit,12.0,27,Transient-Party,85.67,0,0
City Hotel,0,73,2015,November,48,24,0,3,2,0.0,0,BB,FRA,Offline TA/TO,TA/TO,0,0,0,A,B,0,No Deposit,12.0,27,Transient-Party,85.67,0,0
City Hotel,0,26,2015,November,48,23,1,3,2,0.0,0,BB,FRA,Offline TA/TO,TA/TO,0,0,0,A,A,0,No Deposit,12.0,0,Transient-Party,65.0,0,1
City Hotel,0,73,2015,November,48,24,0,3,2,0.0,0,BB,FRA,Offline TA/TO,TA/TO,0,0,0,A,A,0,No Deposit,12.0,27,Transient-Party,85.67,0,0
City Hotel,0,2,2015,November,48,26,0,1,2,0.0,0,BB,PRT,Direct,Direct,0,0,0,A,A,0,No Deposit,14.0,0,Transient,75.0,0,0
City Hotel,1,36,2015,December,53,31,0,2,2,0.0,0,BB,PRT,Online TA,TA/TO,0,1,0,D,D,0,No Deposit,9.0,0,Transient,123.3,0,0
City Hotel,0,61,2015,November,48,23,1,3,2,0.0,0,BB,CHE,Groups,TA/TO,0,0,0,A,A,1,No Deposit,37.0,0,Transient-Party,75.0,0,1
City Hotel,1,17,2015,December,49,4,2,2,2,0.0,0,BB,PRT,Direct,Direct,0,1,0,A,A,0,No Deposit,,0,Transient,101.5,0,2
City Hotel,0,25,2015,November,48,22,2,3,2,0.0,0,BB,FRA,Offline TA/TO,TA/TO,0,0,0,A,A,0,No Deposit,12.0,0,Transient-Party,65.0,0,0
City Hotel,0,73,2015,November,48,24,0,3,2,0.0,0,BB,PRT,Offline TA/TO,TA/TO,0,0,0,A,B,0,No Deposit,12.0,27,Transient-Party,85.67,0,0
City Hotel,1,16,2015,November,48,27,0,2,2,0.0,0,BB,PRT,Offline TA/TO,TA/TO,0,0,0,A,D,0,No Deposit,28.0,0,Contract,55.0,0,0
City Hotel,1,3,2015,November,48,27,0,1,2,0.0,0,BB,PRT,Online TA,TA/TO,0,0,0,A,A,1,No Deposit,9.0,0,Contract,87.0,0,1
City Hotel,0,2,2017,February,6,10,0,2,2,0.0,0,BB,AGO,Direct,TA/TO,1,0,1,A,D,0,No Deposit,,0,Transient,98.0,0,2
City Hotel,0,0,2015,November,48,28,0,0,2,0.0,0,BB,PRT,Online TA,TA/TO,1,0,0,A,A,0,No Deposit,9.0,0,Contract,0.0,0,1
City Hotel,0,3,2015,November,48,26,0,2,2,0.0,0,BB,ITA,Direct,Direct,0,0,0,A,A,0,No Deposit,14.0,0,Transient,75.0,0,0
City Hotel,0,15,2015,November,48,26,0,2,2,0.0,0,BB,BRA,Online TA,TA/TO,0,0,0,D,D,0,No Deposit,7.0,0,Transient,72.07,0,0
City Hotel,0,3,2015,November,48,27,0,1,2,0.0,0,BB,PRT,Direct,Direct,0,0,0,A,A,1,No Deposit,,0,Transient,75.0,0,1
City Hotel,0,4,2015,November,48,24,0,4,2,0.0,0,BB,FRA,Direct,Direct,0,0,0,D,D,0,No Deposit,14.0,0,Transient,100.0,0,0
City Hotel,1,0,2015,November,48,28,2,1,2,0.0,0,BB,FRA,Offline TA/TO,TA/TO,1,0,0,A,B,0,No Deposit,12.0,0,Transient,65.0,0,0
City Hotel,1,27,2015,December,50,6,2,1,2,0.0,0,SC,PRT,Online TA,TA/TO,0,1,0,A,A,0,No Deposit,9.0,0,Contract,100.43,0,0
City Hotel,1,0,2015,November,48,28,1,1,2,0.0,0,BB,PRT,Direct,Direct,1,0,0,A,A,0,No Deposit,,0,Transient,69.0,0,0
City Hotel,1,0,2015,November,48,28,0,1,2,0.0,0,BB,PRT,Direct,Direct,1,0,0,D,D,0,No Deposit,,0,Transient,65.0,0,0
City Hotel,0,8,2015,November,48,26,0,3,2,0.0,0,BB,ITA,Online TA,TA/TO,0,0,0,A,A,0,No Deposit,10.0,0,Group,67.5,0,1
City Hotel,0,36,2015,November,48,25,0,4,2,0.0,0,BB,TUR,Online TA,TA/TO,0,0,0,A,A,0,No Deposit,9.0,0,Contract,94.99,0,2
City Hotel,0,6,2015,November,48,26,0,3,2,0.0,0,BB,GBR,Offline TA/TO,TA/TO,0,0,0,A,D,1,No Deposit,28.0,0,Transient,55.0,0,0
City Hotel,0,36,2015,November,48,25,0,4,2,0.0,0,BB,TUR,Online TA,TA/TO,0,0,0,A,A,0,No Deposit,9.0,0,Contract,94.99,0,2
City Hotel,0,0,2015,November,48,28,0,1,2,0.0,0,BB,AGO,Online TA,TA/TO,0,0,0,A,A,1,No Deposit,152.0,0,Transient,54.31,0,0
City Hotel,0,73,2015,November,48,26,0,3,2,0.0,0,BB,DEU,Offline TA/TO,TA/TO,0,0,0,A,A,0,No Deposit,27.0,0,Transient,38.67,0,0
City Hotel,0,0,2015,November,48,28,0,1,2,0.0,0,BB,PRT,Online TA,TA/TO,0,0,0,B,B,0,No Deposit,9.0,0,Transient,77.25,0,2
City Hotel,0,0,2015,November,48,28,0,1,2,0.0,0,BB,PRT,Online TA,TA/TO,0,0,0,B,B,0,No Deposit,9.0,0,Transient,77.25,0,2
City Hotel,0,2,2015,November,48,26,0,3,2,0.0,0,BB,ESP,Direct,Direct,0,0,0,D,D,0,No Deposit,,0,Transient,69.57,0,1
City Hotel,0,31,2015,November,48,26,0,3,2,0.0,0,BB,ESP,Online TA,TA/TO,0,0,0,A,A,0,No Deposit,9.0,0,Transient,96.3,0,1
City Hotel,0,62,2015,November,48,25,1,4,2,0.0,0,BB,PRT,Offline TA/TO,TA/TO,0,0,0,D,D,0,No Deposit,28.0,0,Transient,60.0,0,0
City Hotel,0,11,2015,November,48,27,1,2,2,0.0,0,BB,GBR,Offline TA/TO,TA/TO,0,0,0,A,D,0,No Deposit,28.0,0,Contract,55.0,0,0
City Hotel,0,73,2015,November,48,27,1,2,2,0.0,0,BB,NLD,Online TA,TA/TO,0,0,0,A,A,0,No Deposit,9.0,0,Contract,79.2,0,2
City Hotel,0,37,2015,November,48,25,1,4,2,0.0,0,BB,GRC,Online TA,TA/TO,0,0,0,A,A,0,No Deposit,9.0,0,Contract,94.18,0,2
City Hotel,0,39,2015,November,48,27,1,2,2,0.0,0,BB,SVK,Online TA,TA/TO,0,0,0,A,A,0,No Deposit,9.0,0,Contract,96.3,0,2
City Hotel,1,96,2015,December,51,19,2,2,2,0.0,0,BB,PRT,Online TA,TA/TO,0,1,0,A,A,0,No Deposit,9.0,0,Contract,76.5,0,2
City Hotel,1,18,2015,December,49,4,1,2,2,0.0,0,BB,PRT,Online TA,TA/TO,0,1,0,B,B,0,No Deposit,9.0,0,Contract,93.08,0,1
City Hotel,0,4,2015,November,48,27,1,2,2,0.0,0,BB,DEU,Offline TA/TO,TA/TO,0,0,0,A,D,0,No Deposit,28.0,0,Transient,55.0,0,0
City Hotel,0,4,2015,November,48,27,1,2,2,0.0,0,BB,DEU,Online TA,TA/TO,0,0,0,A,A,0,No Deposit,9.0,0,Contract,87.0,0,1
City Hotel,0,2,2015,November,48,27,1,2,2,0.0,0,BB,AUT,Online TA,TA/TO,0,0,0,D,D,0,No Deposit,7.0,0,Transient,59.75,0,1
City Hotel,0,1,2015,November,48,28,1,1,2,0.0,0,HB,NLD,Direct,Direct,0,0,0,D,D,1,No Deposit,14.0,0,Transient,121.0,0,0
City Hotel,0,0,2015,November,49,29,1,0,2,0.0,0,BB,ESP,Direct,Direct,0,0,0,A,A,1,No Deposit,,0,Transient,69.0,0,0
City Hotel,0,73,2015,November,48,27,1,2,2,0.0,0,BB,NLD,Online TA,TA/TO,0,0,0,A,A,0,No Deposit,9.0,0,Contract,79.2,0,2
City Hotel,0,2,2015,November,48,27,1,2,2,0.0,0,BB,FRA,Direct,Direct,0,0,0,D,D,0,No Deposit,14.0,0,Transient,85.0,0,0
City Hotel,0,1,2015,November,48,27,1,2,2,0.0,0,BB,FRA,Offline TA/TO,TA/TO,0,0,0,A,D,0,No Deposit,28.0,0,Transient,80.0,0,0
City Hotel,1,40,2016,January,2,6,0,3,2,0.0,0,BB,PRT,Offline TA/TO,TA/TO,0,1,0,D,D,0,No Deposit,3.0,0,Transient,60.0,0,1
City Hotel,1,124,2016,March,12,15,2,9,2,0.0,0,BB,PRT,Online TA,TA/TO,0,1,0,D,D,0,No Deposit,8.0,0,Transient,110.77,0,0
City Hotel,1,115,2016,January,4,18,1,5,2,0.0,0,BB,PRT,Online TA,TA/TO,0,1,0,A,A,0,No Deposit,9.0,0,Transient,90.0,0,0
City Hotel,1,3,2015,November,49,30,1,0,2,0.0,0,BB,PRT,Complementary,Direct,0,0,0,D,D,0,No Deposit,45.0,0,Transient,0.0,0,2
City Hotel,1,25,2015,November,49,30,9,24,2,0.0,0,BB,PRT,Direct,Direct,0,0,0,A,A,1,No Deposit,,0,Transient,98.33,0,0
City Hotel,1,25,2015,November,49,30,9,24,2,0.0,0,BB,PRT,Direct,Direct,0,0,0,A,A,1,No Deposit,,0,Transient,98.33,0,0
City Hotel,0,4,2015,November,49,29,2,0,2,0.0,0,SC,ESP,Online TA,TA/TO,0,0,0,A,A,1,No Deposit,9.0,0,Transient,72.75,1,1
City Hotel,0,61,2015,November,48,28,2,1,2,0.0,0,BB,FRA,Offline TA/TO,TA/TO,0,0,0,D,D,0,No Deposit,28.0,0,Group,60.0,0,0
City Hotel,0,68,2015,November,48,28,2,1,2,0.0,0,BB,FRA,Offline TA/TO,TA/TO,0,0,0,D,D,0,No Deposit,28.0,0,Transient,60.0,0,0
City Hotel,1,10,2015,December,49,3,0,3,2,0.0,0,BB,PRT,Online TA,TA/TO,0,1,0,D,D,0,No Deposit,7.0,0,Transient,72.21,0,0
City Hotel,0,0,2015,November,49,30,1,0,2,0.0,0,BB,PRT,Online TA,TA/TO,0,0,0,A,A,0,No Deposit,9.0,0,Transient,75.0,0,0
City Hotel,1,13,2015,December,50,8,0,1,2,0.0,0,BB,PRT,Online TA,TA/TO,0,1,0,D,D,0,No Deposit,8.0,0,Transient,97.0,0,0
City Hotel,0,24,2015,November,48,27,2,3,2,0.0,0,BB,DEU,Offline TA/TO,TA/TO,0,0,0,A,A,0,No Deposit,27.0,0,Transient,46.4,0,0
City Hotel,0,12,2015,November,49,29,2,1,2,0.0,0,BB,PRT,Direct,Direct,0,0,0,B,B,0,No Deposit,14.0,0,Transient,74.42,0,1
City Hotel,0,1,2015,December,49,1,0,1,2,0.0,0,BB,ESP,Direct,Direct,0,0,0,A,A,0,No Deposit,,0,Transient,84.0,1,1
City Hotel,1,86,2016,January,4,22,0,1,2,0.0,0,BB,PRT,Groups,TA/TO,0,1,0,A,A,0,Non Refund,29.0,35,Transient,85.0,0,0
City Hotel,1,86,2016,January,4,22,0,1,2,0.0,0,BB,PRT,Groups,TA/TO,0,1,0,A,A,0,Non Refund,29.0,35,Transient,85.0,0,0
City Hotel,1,86,2016,January,4,22,0,1,2,0.0,0,BB,PRT,Groups,TA/TO,0,1,0,A,A,0,Non Refund,29.0,35,Transient,85.0,0,0
City Hotel,1,86,2016,January,4,22,0,1,2,0.0,0,BB,PRT,Groups,TA/TO,0,1,0,A,A,0,Non Refund,29.0,35,Transient,85.0,0,0
City Hotel,1,86,2016,January,4,22,0,1,2,0.0,0,BB,PRT,Groups,TA/TO,0,1,0,A,A,0,Non Refund,29.0,35,Transient,85.0,0,0
City Hotel,1,86,2016,January,4,22,0,1,2,0.0,0,BB,PRT,Groups,TA/TO,0,1,0,A,A,0,Non Refund,29.0,35,Transient,85.0,0,0
City Hotel,1,86,2016,January,4,22,0,1,2,0.0,0,BB,PRT,Groups,TA/TO,0,1,0,A,A,0,Non Refund,29.0,35,Transient,85.0,0,0
City Hotel,1,86,2016,January,4,22,0,1,2,0.0,0,BB,PRT,Groups,TA/TO,0,1,0,A,A,0,Non Refund,29.0,35,Transient,85.0,0,0
City Hotel,1,86,2016,January,4,22,0,1,2,0.0,0,BB,PRT,Groups,TA/TO,0,1,0,A,A,0,Non Refund,29.0,35,Transient,85.0,0,0
City Hotel,1,86,2016,January,4,22,0,1,2,0.0,0,BB,PRT,Groups,TA/TO,0,1,0,A,A,0,Non Refund,29.0,35,Transient,85.0,0,0
City Hotel,1,86,2016,January,4,22,0,1,2,0.0,0,BB,PRT,Groups,TA/TO,0,1,0,A,A,0,Non Refund,29.0,35,Transient,85.0,0,0
City Hotel,1,86,2016,January,4,22,0,1,2,0.0,0,BB,PRT,Groups,TA/TO,0,1,0,A,A,0,Non Refund,29.0,35,Transient,85.0,0,0
City Hotel,1,86,2016,January,4,22,0,1,2,0.0,0,BB,PRT,Groups,TA/TO,0,1,0,A,A,0,Non Refund,29.0,35,Transient,85.0,0,0
City Hotel,1,86,2016,January,4,22,0,1,2,0.0,0,BB,PRT,Groups,TA/TO,0,1,0,A,A,0,Non Refund,29.0,35,Transient,85.0,0,0
City Hotel,1,86,2016,January,4,22,0,1,2,0.0,0,BB,PRT,Groups,TA/TO,0,1,0,A,A,0,Non Refund,29.0,35,Transient,85.0,0,0
City Hotel,1,86,2016,January,4,22,0,1,2,0.0,0,BB,PRT,Groups,TA/TO,0,1,0,A,A,0,Non Refund,29.0,35,Transient,85.0,0,0
City Hotel,1,86,2016,January,4,22,0,1,2,0.0,0,BB,PRT,Groups,TA/TO,0,1,0,A,A,0,Non Refund,29.0,35,Transient,85.0,0,0
City Hotel,1,86,2016,January,4,22,0,1,2,0.0,0,BB,PRT,Groups,TA/TO,0,1,0,A,A,0,Non Refund,29.0,35,Transient,85.0,0,0
City Hotel,1,86,2016,January,4,22,0,1,2,0.0,0,BB,PRT,Groups,TA/TO,0,1,0,A,A,0,Non Refund,29.0,35,Transient,85.0,0,0
City Hotel,1,86,2016,January,4,22,0,1,2,0.0,0,BB,PRT,Groups,TA/TO,0,1,0,A,A,0,Non Refund,29.0,35,Transient,85.0,0,0
City Hotel,1,86,2016,January,4,22,0,1,2,0.0,0,BB,PRT,Groups,TA/TO,0,1,0,A,A,0,Non Refund,29.0,35,Transient,85.0,0,0
City Hotel,1,86,2016,January,4,22,0,1,2,0.0,0,BB,PRT,Groups,TA/TO,0,1,0,A,A,0,Non Refund,29.0,35,Transient,85.0,0,0
City Hotel,1,86,2016,January,4,22,0,1,2,0.0,0,BB,PRT,Groups,TA/TO,0,1,0,A,A,0,Non Refund,29.0,35,Transient,85.0,0,0
City Hotel,1,86,2016,January,4,22,0,1,2,0.0,0,BB,PRT,Groups,TA/TO,0,1,0,A,A,0,Non Refund,29.0,35,Transient,85.0,0,0
City Hotel,1,86,2016,January,4,22,0,1,2,0.0,0,BB,PRT,Groups,TA/TO,0,1,0,A,A,0,Non Refund,29.0,35,Transient,85.0,0,0
City Hotel,1,86,2016,January,4,22,0,1,2,0.0,0,BB,PRT,Groups,TA/TO,0,1,0,A,A,0,Non Refund,29.0,35,Transient,85.0,0,0
City Hotel,1,86,2016,January,4,22,0,1,2,0.0,0,BB,PRT,Groups,TA/TO,0,1,0,A,A,0,Non Refund,29.0,35,Transient,85.0,0,0
City Hotel,1,86,2016,January,4,22,0,1,2,0.0,0,BB,PRT,Groups,TA/TO,0,1,0,A,A,0,Non Refund,29.0,35,Transient,85.0,0,0
City Hotel,1,86,2016,January,4,22,0,1,2,0.0,0,BB,PRT,Groups,TA/TO,0,1,0,A,A,0,Non Refund,29.0,35,Transient,85.0,0,0
City Hotel,1,86,2016,January,4,22,0,1,2,0.0,0,BB,PRT,Groups,TA/TO,0,1,0,A,A,0,Non Refund,29.0,35,Transient,85.0,0,0
City Hotel,1,86,2016,January,4,22,0,1,2,0.0,0,BB,PRT,Groups,TA/TO,0,1,0,A,A,0,Non Refund,29.0,35,Transient,85.0,0,0
City Hotel,1,86,2016,January,4,22,0,1,2,0.0,0,BB,PRT,Groups,TA/TO,0,1,0,A,A,0,Non Refund,29.0,35,Transient,85.0,0,0
City Hotel,1,86,2016,January,4,22,0,1,2,0.0,0,BB,PRT,Groups,TA/TO,0,1,0,A,A,0,Non Refund,29.0,35,Transient,85.0,0,0
City Hotel,1,86,2016,January,4,22,0,1,2,0.0,0,BB,PRT,Groups,TA/TO,0,1,0,A,A,0,Non Refund,29.0,35,Transient,85.0,0,0
City Hotel,1,86,2016,January,4,22,0,1,2,0.0,0,BB,PRT,Groups,TA/TO,0,1,0,A,A,0,Non Refund,29.0,35,Transient,85.0,0,0
City Hotel,1,86,2016,January,4,22,0,1,2,0.0,0,BB,PRT,Groups,TA/TO,0,1,0,A,A,0,Non Refund,29.0,35,Transient,85.0,0,0
City Hotel,1,86,2016,January,4,22,0,1,2,0.0,0,BB,PRT,Groups,TA/TO,0,1,0,A,A,0,Non Refund,29.0,35,Transient,85.0,0,0
City Hotel,1,86,2016,January,4,22,0,1,2,0.0,0,BB,PRT,Groups,TA/TO,0,1,0,A,A,0,Non Refund,29.0,35,Transient,85.0,0,0
City Hotel,1,86,2016,January,4,22,0,1,2,0.0,0,BB,PRT,Groups,TA/TO,0,1,0,A,A,0,Non Refund,29.0,35,Transient,85.0,0,0
City Hotel,1,86,2016,January,4,22,0,1,2,0.0,0,BB,PRT,Groups,TA/TO,0,1,0,A,A,0,Non Refund,29.0,35,Transient,85.0,0,0
City Hotel,1,86,2016,January,4,22,0,1,2,0.0,0,BB,PRT,Groups,TA/TO,0,1,0,A,A,0,Non Refund,29.0,35,Transient,85.0,0,0
City Hotel,1,86,2016,January,4,22,0,1,2,0.0,0,BB,PRT,Groups,TA/TO,0,1,0,A,A,0,Non Refund,29.0,35,Transient,85.0,0,0
City Hotel,1,86,2016,January,4,22,0,1,2,0.0,0,BB,PRT,Groups,TA/TO,0,1,0,A,A,0,Non Refund,29.0,35,Transient,85.0,0,0
City Hotel,1,86,2016,January,4,22,0,1,2,0.0,0,BB,PRT,Groups,TA/TO,0,1,0,A,A,0,Non Refund,29.0,35,Transient,85.0,0,0
City Hotel,1,86,2016,January,4,22,0,1,2,0.0,0,BB,PRT,Groups,TA/TO,0,1,0,A,A,0,Non Refund,29.0,35,Transient,85.0,0,0
City Hotel,1,85,2016,January,4,22,0,1,2,0.0,0,BB,PRT,Groups,TA/TO,0,1,0,A,A,0,Non Refund,29.0,0,Transient,85.0,0,0
City Hotel,1,85,2016,January,4,22,0,1,2,0.0,0,BB,PRT,Groups,TA/TO,0,1,0,A,A,0,Non Refund,29.0,0,Transient,85.0,0,0
City Hotel,1,85,2016,January,4,22,0,1,2,0.0,0,BB,PRT,Groups,TA/TO,0,1,0,A,A,0,Non Refund,29.0,0,Transient,85.0,0,0
City Hotel,1,85,2016,January,4,22,0,1,2,0.0,0,BB,PRT,Groups,TA/TO,0,1,0,A,A,0,Non Refund,29.0,0,Transient,85.0,0,0
City Hotel,1,85,2016,January,4,22,0,1,2,0.0,0,BB,PRT,Groups,TA/TO,0,1,0,A,A,0,Non Refund,29.0,0,Transient,85.0,0,0
City Hotel,1,47,2015,December,49,5,2,1,2,0.0,0,BB,PRT,Groups,TA/TO,0,1,0,A,A,0,No Deposit,1.0,0,Transient-Party,62.0,0,0
City Hotel,0,4,2015,December,49,1,0,2,2,0.0,0,SC,IRL,Online TA,TA/TO,0,0,0,A,A,0,No Deposit,7.0,0,Transient,57.75,0,0
City Hotel,0,6,2015,December,53,27,1,0,2,0.0,0,BB,PRT,Corporate,Corporate,1,0,1,A,A,0,No Deposit,,0,Transient,75.0,0,0
City Hotel,0,68,2015,November,49,29,2,2,2,0.0,0,BB,GBR,Offline TA/TO,TA/TO,0,0,0,D,D,0,No Deposit,28.0,0,Transient,60.0,0,0
City Hotel,0,18,2015,December,49,1,0,2,2,0.0,0,BB,DEU,Online TA,TA/TO,0,0,0,A,A,0,No Deposit,10.0,0,Transient,69.0,0,2
City Hotel,0,18,2015,December,49,1,0,2,2,0.0,0,BB,DEU,Online TA,TA/TO,0,0,0,A,A,0,No Deposit,10.0,0,Transient,69.0,0,2
City Hotel,0,0,2015,December,49,2,0,1,2,0.0,0,BB,PRT,Direct,Direct,0,0,0,A,A,0,No Deposit,,0,Transient,69.0,0,0
City Hotel,0,6,2015,November,49,29,2,2,2,0.0,0,BB,ESP,Direct,Direct,0,0,0,A,A,1,No Deposit,,0,Transient,84.0,1,1
City Hotel,1,19,2015,December,49,5,1,1,2,0.0,0,BB,PRT,Online TA,TA/TO,0,1,0,D,D,0,No Deposit,9.0,0,Contract,126.0,0,0
City Hotel,0,8,2016,June,26,19,1,0,2,0.0,0,HB,PRT,Complementary,Direct,1,0,1,G,G,0,No Deposit,,0,Transient,0.0,0,1
City Hotel,0,0,2016,November,49,29,0,1,2,0.0,0,HB,PRT,Complementary,Direct,1,0,2,G,G,0,No Deposit,,0,Transient,0.0,0,3
City Hotel,0,3,2017,January,3,15,2,0,2,0.0,0,HB,PRT,Complementary,Direct,1,0,3,G,G,2,No Deposit,,0,Transient,0.0,0,2
City Hotel,0,1,2017,February,5,2,0,2,2,0.0,0,FB,PRT,Complementary,Direct,1,0,4,G,E,0,No Deposit,,0,Transient,0.0,1,3
City Hotel,0,7,2017,March,9,2,0,2,2,0.0,0,FB,PRT,Complementary,Direct,1,0,5,G,G,1,No Deposit,,0,Transient,0.0,0,3
City Hotel,0,1,2015,December,49,1,0,2,2,0.0,0,BB,PRT,Direct,Direct,0,0,0,A,A,0,No Deposit,,0,Transient,75.0,0,1
City Hotel,1,24,2015,December,49,5,2,1,2,0.0,0,BB,PRT,Corporate,Corporate,0,1,0,A,A,0,No Deposit,,0,Transient-Party,50.0,0,0
City Hotel,1,24,2015,December,49,5,2,1,2,0.0,0,BB,PRT,Corporate,Corporate,0,1,0,A,A,0,No Deposit,,0,Transient-Party,50.0,0,0
City Hotel,1,24,2015,December,49,5,2,1,2,0.0,0,BB,PRT,Corporate,Corporate,0,1,0,A,A,0,No Deposit,,0,Transient-Party,50.0,0,0
City Hotel,1,24,2015,December,49,5,2,1,2,0.0,0,BB,PRT,Corporate,Corporate,0,1,0,A,A,0,No Deposit,,0,Transient-Party,50.0,0,0
City Hotel,1,82,2016,February,6,2,0,5,2,0.0,0,HB,PRT,Groups,TA/TO,0,1,0,A,A,0,Non Refund,1.0,21,Transient,96.0,0,0
City Hotel,1,82,2016,February,6,2,0,5,2,0.0,0,HB,PRT,Groups,TA/TO,0,1,0,A,A,0,Non Refund,1.0,21,Transient,96.0,0,0
City Hotel,1,82,2016,February,6,2,0,5,2,0.0,0,HB,PRT,Groups,TA/TO,0,1,0,A,A,0,Non Refund,1.0,21,Transient,96.0,0,0
City Hotel,1,82,2016,February,6,2,0,5,2,0.0,0,HB,PRT,Groups,TA/TO,0,1,0,A,A,0,Non Refund,1.0,21,Transient,96.0,0,0
City Hotel,1,82,2016,February,6,2,0,5,2,0.0,0,HB,PRT,Groups,TA/TO,0,1,0,A,A,0,Non Refund,1.0,21,Transient,96.0,0,0
City Hotel,1,82,2016,February,6,2,0,5,2,0.0,0,HB,PRT,Groups,TA/TO,0,1,0,A,A,0,Non Refund,1.0,21,Transient,96.0,0,0
City Hotel,1,82,2016,February,6,2,0,5,2,0.0,0,HB,PRT,Groups,TA/TO,0,1,0,A,A,0,Non Refund,1.0,21,Transient,96.0,0,0
City Hotel,1,82,2016,February,6,2,0,5,2,0.0,0,HB,PRT,Groups,TA/TO,0,1,0,A,A,0,Non Refund,1.0,21,Transient,96.0,0,0
City Hotel,1,82,2016,February,6,2,0,5,2,0.0,0,HB,PRT,Groups,TA/TO,0,1,0,A,A,0,Non Refund,1.0,21,Transient,96.0,0,0
City Hotel,1,82,2016,February,6,2,0,5,2,0.0,0,HB,PRT,Groups,TA/TO,0,1,0,A,A,0,Non Refund,1.0,21,Transient,96.0,0,0
City Hotel,1,82,2016,February,6,2,0,5,2,0.0,0,HB,PRT,Groups,TA/TO,0,1,0,A,A,0,Non Refund,1.0,21,Transient,96.0,0,0
City Hotel,1,82,2016,February,6,2,0,5,2,0.0,0,HB,PRT,Groups,TA/TO,0,1,0,A,A,0,Non Refund,1.0,21,Transient,96.0,0,0
City Hotel,1,40,2015,December,50,9,1,4,2,0.0,0,BB,PRT,Direct,Direct,0,1,0,A,A,0,No Deposit,14.0,0,Group,83.0,0,0
City Hotel,1,46,2015,December,52,22,4,12,2,0.0,0,BB,AGO,Direct,Direct,0,1,0,A,A,0,No Deposit,,0,Transient,72.25,0,0
City Hotel,1,24,2015,December,49,5,2,1,2,0.0,0,BB,PRT,Corporate,Corporate,0,1,0,A,A,0,No Deposit,,0,Transient-Party,59.78,0,0
City Hotel,0,68,2015,November,49,30,1,3,2,0.0,0,BB,FRA,Offline TA/TO,TA/TO,0,0,0,D,D,1,No Deposit,28.0,0,Transient,60.0,0,1
City Hotel,0,4,2017,February,8,20,1,2,2,0.0,0,BB,PRT,Offline TA/TO,TA/TO,1,0,1,A,A,0,No Deposit,1.0,0,Group,71.67,0,1
City Hotel,0,0,2016,November,48,21,1,0,2,0.0,0,BB,PRT,Direct,Direct,1,0,1,E,E,0,No Deposit,,0,Transient,150.0,0,1
City Hotel,0,0,2015,December,49,3,0,1,2,0.0,0,BB,PRT,Direct,Direct,0,0,0,A,A,0,No Deposit,,0,Transient,75.0,0,0
City Hotel,0,59,2015,November,48,28,2,4,2,0.0,0,BB,FRA,Online TA,TA/TO,0,0,0,A,A,0,No Deposit,9.0,0,Contract,106.2,0,1
City Hotel,1,53,2016,January,3,15,1,2,2,0.0,0,BB,PRT,Online TA,TA/TO,0,1,0,A,A,0,No Deposit,7.0,0,Transient,67.22,0,1
City Hotel,1,12,2015,December,50,12,0,1,2,0.0,0,BB,PRT,Online TA,TA/TO,0,1,0,A,A,0,No Deposit,9.0,0,Contract,87.0,0,1
City Hotel,1,4,2015,December,49,5,0,1,2,0.0,0,BB,PRT,Direct,Direct,0,1,0,A,A,0,No Deposit,,0,Transient,65.0,0,2
City Hotel,1,58,2015,December,53,28,1,4,2,0.0,0,BB,PRT,Online TA,TA/TO,0,1,0,D,D,0,No Deposit,9.0,0,Transient,110.15,0,1
City Hotel,1,27,2015,December,49,4,1,2,2,0.0,0,BB,PRT,Online TA,TA/TO,0,0,0,B,B,0,No Deposit,7.0,0,Transient,77.87,0,0
City Hotel,1,27,2015,December,49,4,1,2,2,0.0,0,BB,PRT,Online TA,TA/TO,0,0,0,B,B,0,No Deposit,7.0,0,Transient,74.33,0,1
City Hotel,0,6,2015,December,49,3,0,2,2,0.0,0,BB,SGP,Offline TA/TO,TA/TO,0,0,0,A,A,0,No Deposit,151.0,0,Transient-Party,55.0,0,0
City Hotel,0,6,2015,December,49,3,0,2,2,0.0,0,BB,SGP,Offline TA/TO,TA/TO,0,0,0,A,A,0,No Deposit,151.0,0,Transient-Party,55.0,0,0
City Hotel,1,313,2016,August,34,18,2,5,2,0.0,0,BB,PRT,Online TA,TA/TO,0,1,0,A,A,0,No Deposit,9.0,0,Contract,95.4,0,0
City Hotel,1,313,2016,August,34,18,2,5,2,0.0,0,BB,PRT,Online TA,TA/TO,0,1,0,A,A,0,No Deposit,9.0,0,Contract,95.4,0,0
City Hotel,1,313,2016,August,34,18,2,5,2,0.0,0,BB,PRT,Online TA,TA/TO,0,1,0,A,A,0,No Deposit,9.0,0,Contract,95.4,0,0
City Hotel,1,313,2016,August,34,18,2,5,2,0.0,0,BB,PRT,Online TA,TA/TO,0,1,0,A,A,0,No Deposit,9.0,0,Contract,95.4,0,0
City Hotel,0,11,2015,December,50,6,2,0,2,0.0,0,BB,ESP,Online TA,TA/TO,0,0,0,A,A,0,No Deposit,8.0,0,Transient,94.6,0,1
City Hotel,0,69,2015,December,49,3,0,3,2,0.0,0,BB,GBR,Offline TA/TO,TA/TO,0,0,0,D,D,0,No Deposit,28.0,0,Transient,60.0,0,0
City Hotel,0,68,2015,December,49,2,0,4,2,0.0,0,BB,FRA,Offline TA/TO,TA/TO,0,0,0,D,D,0,No Deposit,28.0,0,Transient,60.0,0,0
City Hotel,0,7,2015,December,49,4,0,2,2,0.0,0,SC,PRT,Online TA,TA/TO,0,0,0,A,A,0,No Deposit,9.0,0,Contract,72.25,0,1
City Hotel,0,1,2015,December,49,4,0,2,2,0.0,0,BB,PRT,Direct,Direct,0,0,0,D,D,2,No Deposit,14.0,0,Transient,104.0,0,0
City Hotel,0,18,2016,January,5,30,0,1,2,0.0,0,SC,PRT,Online TA,Direct,1,0,1,A,A,0,No Deposit,9.0,0,Transient,78.5,0,1
City Hotel,0,6,2017,February,5,4,0,1,2,0.0,0,SC,PRT,Direct,Direct,1,0,2,A,A,1,No Deposit,14.0,0,Transient,97.0,0,1
City Hotel,0,6,2015,December,49,3,0,3,2,0.0,0,BB,ESP,Direct,Direct,0,0,0,A,A,1,No Deposit,,0,Transient,81.67,0,0
City Hotel,0,24,2015,December,49,4,0,2,2,0.0,0,BB,GBR,Offline TA/TO,TA/TO,0,0,0,A,D,0,No Deposit,28.0,0,Contract,55.0,0,0
City Hotel,0,4,2015,December,49,4,0,2,2,0.0,0,BB,DEU,Online TA,TA/TO,0,0,0,A,A,0,No Deposit,7.0,0,Transient,74.69,0,0
City Hotel,0,24,2015,December,49,4,0,2,2,0.0,0,BB,GBR,Offline TA/TO,TA/TO,0,0,0,A,D,2,No Deposit,28.0,0,Contract,55.0,0,0
City Hotel,0,63,2015,December,49,3,0,3,2,0.0,0,BB,NLD,Online TA,TA/TO,0,0,0,A,A,0,No Deposit,9.0,0,Contract,102.9,0,1
City Hotel,0,14,2015,December,49,4,0,2,2,0.0,0,BB,BEL,Direct,Direct,0,0,0,D,D,0,No Deposit,14.0,0,Transient,100.0,0,0
City Hotel,0,0,2015,December,49,5,0,1,2,0.0,0,BB,PRT,Direct,Direct,0,0,0,D,D,1,No Deposit,,0,Transient,95.0,0,0
City Hotel,0,24,2015,December,49,4,0,2,2,0.0,0,BB,GBR,Offline TA/TO,TA/TO,0,0,0,A,D,0,No Deposit,28.0,0,Contract,55.0,0,0
City Hotel,0,1,2015,December,49,4,1,2,2,0.0,0,BB,FRA,Offline TA/TO,TA/TO,0,0,0,A,A,0,No Deposit,83.0,0,Transient,80.27,0,0
City Hotel,0,1,2015,December,50,6,1,0,2,0.0,0,BB,PRT,Direct,Direct,0,0,0,D,E,1,No Deposit,,0,Transient,100.0,0,0
City Hotel,0,25,2015,December,49,4,1,2,2,0.0,0,BB,DEU,Online TA,TA/TO,0,0,0,A,A,0,No Deposit,10.0,0,Transient,69.0,0,0
City Hotel,0,10,2015,December,49,5,1,1,2,0.0,0,BB,CHN,Online TA,TA/TO,0,0,0,A,A,0,No Deposit,9.0,0,Transient,80.75,0,0
City Hotel,0,4,2015,December,49,4,1,2,2,0.0,0,BB,PRT,Offline TA/TO,TA/TO,0,0,0,A,A,0,No Deposit,28.0,0,Transient,58.0,0,0
City Hotel,0,12,2015,December,49,5,1,1,2,0.0,0,BB,ESP,Offline TA/TO,TA/TO,0,0,0,A,D,0,No Deposit,28.0,0,Transient,55.0,0,1
City Hotel,0,12,2015,December,49,5,1,1,2,0.0,0,BB,ESP,Offline TA/TO,TA/TO,0,0,0,A,D,0,No Deposit,28.0,0,Transient,64.0,0,1
City Hotel,0,0,2015,December,50,6,1,0,2,0.0,0,BB,PRT,Direct,Direct,0,0,0,A,A,0,No Deposit,,0,Transient,111.0,0,0
City Hotel,0,8,2015,December,49,5,1,1,2,0.0,0,SC,PRT,Online TA,TA/TO,0,0,0,A,A,0,No Deposit,9.0,0,Contract,80.75,0,1
City Hotel,0,2,2015,December,49,5,1,1,2,0.0,0,BB,ESP,Offline TA/TO,TA/TO,0,0,0,A,A,0,No Deposit,138.0,0,Transient,62.8,0,0
City Hotel,0,12,2015,December,49,5,1,1,2,0.0,0,BB,ESP,Offline TA/TO,TA/TO,0,0,0,A,D,0,No Deposit,28.0,0,Transient,55.0,0,0
City Hotel,0,3,2015,December,49,3,1,3,2,0.0,0,BB,ESP,Direct,Direct,0,0,0,A,A,0,No Deposit,14.0,0,Transient,94.0,1,0
City Hotel,0,16,2015,December,49,5,1,1,2,0.0,0,BB,PRT,Online TA,TA/TO,0,0,0,B,B,0,No Deposit,9.0,0,Contract,96.25,0,1
City Hotel,0,16,2015,December,49,5,1,1,2,0.0,0,BB,ESP,Online TA,TA/TO,0,0,0,B,B,0,No Deposit,9.0,0,Contract,105.25,0,1
City Hotel,0,81,2015,December,50,6,1,0,2,0.0,0,BB,FRA,Online TA,TA/TO,0,0,0,A,A,0,No Deposit,9.0,0,Contract,76.5,0,2
City Hotel,0,13,2015,December,49,4,1,2,2,0.0,0,BB,ESP,Direct,Direct,0,0,0,B,B,0,No Deposit,14.0,0,Transient,87.08,0,1
City Hotel,0,16,2015,December,49,4,1,2,2,0.0,0,BB,PRT,Online TA,TA/TO,0,0,0,D,D,0,No Deposit,9.0,0,Contract,113.67,0,1
City Hotel,0,14,2015,December,49,3,1,3,2,0.0,0,BB,ESP,Direct,Direct,0,0,0,A,A,0,No Deposit,14.0,0,Transient,99.0,1,1
City Hotel,0,8,2015,December,49,3,1,3,2,0.0,0,BB,PRT,Online TA,TA/TO,0,0,0,D,D,0,No Deposit,7.0,0,Transient,58.41,0,0
City Hotel,0,40,2015,December,49,5,1,1,2,0.0,0,BB,ESP,Online TA,TA/TO,0,0,0,A,D,1,No Deposit,9.0,0,Transient,115.2,1,0
City Hotel,0,8,2015,December,49,4,1,2,2,0.0,0,BB,ESP,Online TA,TA/TO,0,0,0,A,A,0,No Deposit,8.0,0,Transient,80.27,0,0
City Hotel,1,61,2015,December,53,30,1,4,2,0.0,0,BB,PRT,Online TA,TA/TO,0,1,0,A,A,0,No Deposit,9.0,0,Transient,111.6,0,1
City Hotel,0,0,2015,December,49,5,1,1,2,0.0,0,BB,IRQ,Direct,Direct,0,0,0,D,D,1,No Deposit,,0,Transient,95.0,0,0
City Hotel,0,0,2015,December,50,6,1,0,2,0.0,0,BB,UKR,Direct,Direct,0,0,0,G,G,0,No Deposit,,0,Transient,226.0,0,0
City Hotel,0,21,2015,December,49,4,1,2,2,0.0,0,SC,POL,Online TA,TA/TO,0,0,0,A,A,0,No Deposit,9.0,0,Contract,77.92,0,1
City Hotel,0,0,2015,December,49,5,1,1,2,0.0,0,BB,PRT,Online TA,TA/TO,0,0,0,B,B,2,No Deposit,7.0,0,Transient,73.0,0,1
City Hotel,0,0,2015,December,49,5,1,1,2,0.0,0,BB,PRT,Online TA,TA/TO,0,0,0,B,B,0,No Deposit,7.0,0,Transient,73.64,0,0
City Hotel,1,85,2016,January,3,12,0,4,2,0.0,0,BB,PRT,Online TA,TA/TO,0,1,0,A,A,0,No Deposit,7.0,0,Transient,65.45,0,0
City Hotel,1,273,2016,July,28,4,3,6,2,0.0,0,BB,PRT,Online TA,TA/TO,0,1,0,D,D,0,No Deposit,9.0,0,Contract,104.4,0,0
City Hotel,0,72,2015,December,49,5,2,1,2,0.0,0,BB,FRA,Offline TA/TO,TA/TO,0,0,0,D,D,0,No Deposit,28.0,0,Transient,60.0,0,0
City Hotel,0,23,2015,December,49,4,2,2,2,0.0,0,BB,AUT,Corporate,Corporate,0,0,0,A,A,0,No Deposit,,0,Transient-Party,50.0,0,0
City Hotel,0,10,2015,December,49,5,2,1,2,0.0,0,BB,ESP,Online TA,TA/TO,0,0,0,A,A,0,No Deposit,8.0,0,Transient,112.1,0,0
City Hotel,0,49,2015,December,49,5,2,1,2,0.0,0,BB,ESP,Online TA,TA/TO,0,0,0,A,A,0,No Deposit,9.0,0,Transient,115.2,1,2
City Hotel,0,22,2015,December,49,4,2,2,2,0.0,0,BB,ESP,Online TA,TA/TO,0,0,0,B,B,0,No Deposit,9.0,0,Contract,102.88,1,0
City Hotel,0,22,2015,December,49,4,2,2,2,0.0,0,BB,ESP,Online TA,TA/TO,0,0,0,B,B,0,No Deposit,9.0,0,Contract,96.13,0,1
City Hotel,0,47,2015,December,49,5,2,1,2,0.0,0,BB,PRT,Groups,TA/TO,0,0,0,A,A,0,No Deposit,1.0,0,Transient-Party,62.0,0,0
City Hotel,0,47,2015,December,49,5,2,1,2,0.0,0,BB,PRT,Groups,TA/TO,0,0,0,A,A,0,No Deposit,1.0,0,Transient-Party,62.0,0,0
City Hotel,0,47,2015,December,49,5,2,1,2,0.0,0,BB,ESP,Groups,TA/TO,0,0,0,A,A,0,No Deposit,1.0,0,Transient-Party,62.0,0,0
City Hotel,0,47,2015,December,49,5,2,1,2,0.0,0,BB,ESP,Groups,TA/TO,0,0,0,A,A,0,No Deposit,1.0,0,Transient-Party,62.0,0,0
City Hotel,0,47,2015,December,49,5,2,1,2,0.0,0,BB,ESP,Groups,TA/TO,0,0,0,A,D,0,No Deposit,1.0,0,Transient-Party,62.0,0,0
City Hotel,0,47,2015,December,49,5,2,1,2,0.0,0,BB,ESP,Groups,TA/TO,0,0,0,A,A,0,No Deposit,1.0,0,Transient-Party,62.0,0,0
City Hotel,0,47,2015,December,49,5,2,1,2,0.0,0,BB,ESP,Groups,TA/TO,0,0,0,A,A,0,No Deposit,1.0,0,Transient-Party,62.0,0,0
City Hotel,0,47,2015,December,49,5,2,1,2,0.0,0,BB,ESP,Groups,TA/TO,0,0,0,A,D,0,No Deposit,1.0,0,Transient-Party,62.0,0,0
City Hotel,0,47,2015,December,49,5,2,1,2,0.0,0,BB,ESP,Groups,TA/TO,0,0,0,A,A,0,No Deposit,1.0,0,Transient-Party,62.0,0,0
City Hotel,0,47,2015,December,49,5,2,1,2,0.0,0,BB,ESP,Groups,TA/TO,0,0,0,A,E,0,No Deposit,1.0,0,Transient-Party,62.0,0,0
City Hotel,0,47,2015,December,49,5,2,1,2,0.0,0,BB,ESP,Groups,TA/TO,0,0,0,A,D,0,No Deposit,1.0,0,Transient-Party,62.0,0,0
City Hotel,0,47,2015,December,49,5,2,1,2,0.0,0,BB,PRT,Groups,TA/TO,0,0,0,A,A,0,No Deposit,1.0,0,Transient-Party,62.0,0,0
City Hotel,0,47,2015,December,49,5,2,1,2,0.0,0,BB,PRT,Groups,TA/TO,0,0,0,A,A,0,No Deposit,1.0,0,Transient-Party,62.0,0,0
City Hotel,0,9,2015,December,49,5,2,1,2,0.0,0,BB,PRT,Online TA,TA/TO,0,0,0,A,A,0,No Deposit,8.0,0,Transient,85.6,0,2
City Hotel,0,47,2015,December,49,5,2,1,2,0.0,0,BB,PRT,Groups,TA/TO,0,0,0,A,A,0,No Deposit,1.0,0,Transient-Party,62.0,0,0
City Hotel,0,47,2015,December,49,5,2,1,2,0.0,0,BB,ESP,Groups,TA/TO,0,0,0,A,A,0,No Deposit,1.0,0,Transient-Party,62.0,0,0
City Hotel,0,47,2015,December,49,5,2,1,2,0.0,0,BB,ESP,Groups,TA/TO,0,0,0,A,A,0,No Deposit,1.0,0,Transient-Party,62.0,0,0
City Hotel,0,47,2015,December,49,5,2,1,2,0.0,0,BB,ESP,Groups,TA/TO,0,0,0,A,D,0,No Deposit,1.0,0,Transient-Party,62.0,0,0
City Hotel,0,47,2015,December,49,5,2,1,2,0.0,0,BB,ESP,Groups,TA/TO,0,0,0,A,D,0,No Deposit,1.0,0,Transient-Party,62.0,0,0
City Hotel,0,19,2015,December,49,5,2,1,2,0.0,0,BB,ESP,Online TA,TA/TO,0,0,0,A,A,0,No Deposit,10.0,0,Transient,69.0,0,2
City Hotel,0,14,2015,December,49,5,2,1,2,0.0,0,BB,ESP,Offline TA/TO,TA/TO,0,0,0,A,A,0,No Deposit,85.0,0,Transient-Party,64.0,0,0
City Hotel,0,14,2015,December,49,5,2,1,2,0.0,0,BB,ESP,Offline TA/TO,TA/TO,0,0,0,A,A,0,No Deposit,85.0,0,Transient-Party,69.0,0,1
City Hotel,0,14,2015,December,49,5,2,1,2,0.0,0,BB,BEL,Offline TA/TO,TA/TO,0,0,0,A,A,0,No Deposit,27.0,0,Transient,38.67,0,0
City Hotel,0,3,2015,December,50,6,2,0,2,0.0,0,BB,ESP,Offline TA/TO,TA/TO,0,0,0,D,D,1,No Deposit,85.0,0,Transient,87.2,0,0
City Hotel,0,18,2015,December,50,6,2,0,2,0.0,0,BB,ESP,Online TA,TA/TO,0,0,0,A,A,0,No Deposit,8.0,0,Transient,107.0,0,0
City Hotel,0,18,2015,December,50,6,2,0,2,0.0,0,BB,ESP,Online TA,TA/TO,0,0,0,A,A,0,No Deposit,8.0,0,Transient,107.0,0,0
City Hotel,0,19,2015,December,49,5,2,1,2,0.0,0,BB,ESP,Online TA,TA/TO,0,0,0,A,A,0,No Deposit,10.0,0,Transient,69.0,0,2
City Hotel,0,15,2015,December,49,5,2,1,2,0.0,0,BB,DEU,Offline TA/TO,TA/TO,0,0,0,A,A,0,No Deposit,27.0,0,Transient,38.67,0,1
City Hotel,0,19,2015,December,49,5,2,1,2,0.0,0,BB,ESP,Online TA,TA/TO,0,0,0,A,A,0,No Deposit,10.0,0,Transient,69.0,0,2
City Hotel,0,23,2015,December,49,4,2,2,2,0.0,0,BB,ESP,Offline TA/TO,TA/TO,0,0,0,A,D,0,No Deposit,28.0,0,Contract,55.0,0,0
City Hotel,0,19,2015,December,49,5,2,1,2,0.0,0,BB,ESP,Online TA,TA/TO,0,0,0,A,A,0,No Deposit,10.0,0,Transient,69.0,0,2
City Hotel,0,67,2015,December,49,5,2,1,2,0.0,0,SC,PRT,Online TA,TA/TO,0,0,0,A,A,0,No Deposit,8.0,0,Transient,95.4,0,2
City Hotel,0,24,2015,December,49,5,2,1,2,0.0,0,BB,ITA,Corporate,Corporate,0,0,0,A,A,0,No Deposit,,0,Transient-Party,50.0,0,0
City Hotel,0,24,2015,December,49,5,2,1,2,0.0,0,BB,ITA,Corporate,Corporate,0,0,0,A,A,0,No Deposit,,0,Transient-Party,50.0,0,0
City Hotel,0,24,2015,December,49,4,2,2,2,0.0,0,BB,PRT,Online TA,TA/TO,0,0,0,A,A,0,No Deposit,9.0,0,Contract,123.5,0,1
City Hotel,0,18,2015,December,49,4,2,2,2,0.0,0,BB,PRT,Online TA,TA/TO,0,0,0,B,B,0,No Deposit,9.0,0,Contract,93.88,1,0
City Hotel,0,67,2015,December,49,5,2,1,2,0.0,0,SC,PRT,Online TA,TA/TO,0,0,0,A,A,0,No Deposit,8.0,0,Transient,95.4,0,2
City Hotel,0,17,2015,December,49,4,2,2,2,0.0,0,BB,ESP,Direct,Direct,0,0,0,A,A,0,No Deposit,,0,Transient,101.5,1,2
City Hotel,0,6,2015,December,50,7,1,0,2,0.0,0,BB,ESP,Online TA,TA/TO,0,0,0,B,B,0,No Deposit,9.0,0,Contract,105.25,1,0
City Hotel,0,17,2015,December,49,4,2,2,2,0.0,0,BB,ESP,Direct,Direct,0,0,0,A,A,0,No Deposit,,0,Transient,101.5,1,2
City Hotel,0,6,2015,December,50,7,1,0,2,0.0,0,BB,ESP,Online TA,TA/TO,0,0,0,B,B,0,No Deposit,9.0,0,Contract,96.25,1,0
City Hotel,0,0,2015,December,50,7,1,0,2,0.0,0,BB,PRT,Complementary,Direct,0,0,0,A,A,0,No Deposit,,0,Transient,0.0,0,0
City Hotel,0,0,2015,December,50,7,1,0,2,0.0,0,BB,PRT,Complementary,Direct,0,0,0,A,A,0,No Deposit,,0,Transient,0.0,0,1
City Hotel,0,17,2015,December,49,3,2,3,2,0.0,0,BB,ESP,Direct,Direct,0,0,0,A,A,0,No Deposit,14.0,0,Transient,91.0,0,0
City Hotel,0,31,2015,December,49,5,2,1,2,0.0,0,BB,ESP,Offline TA/TO,TA/TO,0,0,0,A,A,0,No Deposit,6.0,0,Transient,63.0,0,0
City Hotel,0,4,2015,December,49,4,2,2,2,0.0,0,BB,ESP,Direct,Direct,0,0,0,A,A,0,No Deposit,14.0,0,Transient,99.0,1,0
City Hotel,0,24,2015,December,49,5,2,1,2,0.0,0,BB,ESP,Corporate,Corporate,0,0,0,A,A,0,No Deposit,,0,Transient-Party,50.0,0,0
City Hotel,0,47,2015,December,50,6,2,0,2,0.0,0,BB,PRT,Online TA,TA/TO,0,0,0,A,A,0,No Deposit,9.0,0,Contract,115.2,1,1
City Hotel,0,67,2015,December,49,5,2,1,2,0.0,0,SC,PRT,Online TA,TA/TO,0,0,0,A,A,0,No Deposit,8.0,0,Transient,95.4,0,2
City Hotel,0,47,2015,December,49,5,2,1,2,0.0,0,BB,PRT,Groups,TA/TO,0,0,0,A,A,0,No Deposit,1.0,0,Transient-Party,62.0,0,0
City Hotel,0,19,2015,December,49,5,2,1,2,0.0,0,BB,ESP,Online TA,TA/TO,0,0,0,A,A,1,No Deposit,9.0,0,Contract,122.0,1,1
City Hotel,0,49,2015,December,49,5,2,1,2,0.0,0,BB,ESP,Online TA,TA/TO,0,0,0,A,A,0,No Deposit,9.0,0,Transient,106.2,0,2
City Hotel,0,49,2015,December,49,5,2,1,2,0.0,0,BB,PRT,Online TA,TA/TO,0,0,0,A,A,0,No Deposit,9.0,0,Transient,115.2,1,2
City Hotel,0,49,2015,December,49,5,2,1,2,0.0,0,BB,ESP,Online TA,TA/TO,0,0,0,A,A,0,No Deposit,9.0,0,Transient,106.2,0,2
City Hotel,0,18,2015,December,49,4,2,2,2,0.0,0,BB,ESP,Online TA,TA/TO,0,0,0,B,B,0,No Deposit,9.0,0,Contract,102.88,1,0
City Hotel,0,47,2015,December,49,5,2,1,2,0.0,0,BB,ESP,Groups,TA/TO,0,0,0,A,D,0,No Deposit,1.0,0,Transient-Party,62.0,0,0
City Hotel,0,47,2015,December,49,5,2,1,2,0.0,0,BB,PRT,Groups,TA/TO,0,0,0,A,D,0,No Deposit,1.0,0,Transient-Party,62.0,0,0
City Hotel,0,74,2015,December,49,4,2,2,2,0.0,0,BB,ESP,Direct,Direct,0,0,0,A,A,1,No Deposit,14.0,0,Transient,106.0,0,0
City Hotel,0,47,2015,December,49,5,2,1,2,0.0,0,BB,ESP,Groups,TA/TO,0,0,0,A,A,0,No Deposit,1.0,0,Transient-Party,62.0,0,0
City Hotel,0,23,2015,December,49,4,2,2,2,0.0,0,BB,ESP,Offline TA/TO,TA/TO,0,0,0,A,D,0,No Deposit,28.0,0,Contract,55.0,0,0
City Hotel,0,23,2015,December,49,4,2,2,2,0.0,0,BB,ESP,Corporate,Corporate,0,0,0,A,A,0,No Deposit,,0,Transient-Party,50.0,0,0
City Hotel,0,23,2015,December,49,4,2,2,2,0.0,0,BB,ESP,Corporate,Corporate,0,0,0,A,A,0,No Deposit,,0,Transient-Party,50.0,0,0
City Hotel,0,9,2015,December,49,5,2,1,2,0.0,0,BB,ESP,Online TA,TA/TO,0,0,0,A,A,0,No Deposit,7.0,0,Transient,65.91,0,0
City Hotel,0,5,2015,December,49,5,2,1,2,0.0,0,BB,ESP,Offline TA/TO,TA/TO,0,0,0,A,A,0,No Deposit,138.0,0,Transient,71.8,0,0
City Hotel,0,5,2015,December,49,5,2,1,2,0.0,0,BB,ESP,Offline TA/TO,TA/TO,0,0,0,A,A,0,No Deposit,138.0,0,Transient,62.8,0,0
City Hotel,0,3,2015,December,50,6,2,0,2,0.0,0,BB,ESP,Offline TA/TO,TA/TO,0,0,0,D,D,0,No Deposit,85.0,0,Transient,78.2,0,0
City Hotel,0,3,2015,December,49,3,2,3,2,0.0,0,BB,FRA,Offline TA/TO,TA/TO,0,0,0,A,D,0,No Deposit,28.0,0,Transient,58.0,0,0
City Hotel,0,86,2016,February,8,20,2,5,2,0.0,0,BB,FRA,Direct,Direct,0,0,0,A,A,0,No Deposit,14.0,0,Transient,67.0,0,0
City Hotel,0,11,2015,December,49,5,2,2,2,0.0,0,HB,PRT,Groups,TA/TO,0,0,0,A,E,0,No Deposit,1.0,0,Transient-Party,104.0,0,0
City Hotel,0,0,2015,December,50,8,0,1,2,0.0,0,BB,PRT,Direct,Direct,0,0,0,D,D,0,No Deposit,,0,Transient,45.0,0,0
City Hotel,0,11,2015,December,49,5,2,2,2,0.0,0,HB,PRT,Groups,TA/TO,0,0,0,A,A,0,No Deposit,1.0,0,Transient-Party,104.0,0,0
City Hotel,0,13,2015,December,50,8,0,1,2,0.0,0,BB,FRA,Online TA,TA/TO,0,0,0,D,D,0,No Deposit,8.0,0,Transient,97.0,0,1
City Hotel,0,11,2015,December,49,5,2,2,2,0.0,0,HB,PRT,Groups,TA/TO,0,0,0,A,A,0,No Deposit,1.0,0,Transient-Party,104.0,0,0
City Hotel,0,11,2015,December,49,5,2,2,2,0.0,0,HB,PRT,Groups,TA/TO,0,0,0,A,A,0,No Deposit,1.0,0,Transient-Party,104.0,0,0
City Hotel,0,11,2015,December,49,5,2,2,2,0.0,0,HB,PRT,Groups,TA/TO,0,0,0,A,A,0,No Deposit,1.0,0,Transient-Party,104.0,0,0
City Hotel,0,11,2015,December,49,5,2,2,2,0.0,0,HB,PRT,Groups,TA/TO,0,0,0,A,A,0,No Deposit,1.0,0,Transient-Party,104.0,0,0
City Hotel,0,11,2015,December,49,5,2,2,2,0.0,0,HB,PRT,Groups,TA/TO,0,0,0,A,A,0,No Deposit,1.0,0,Transient-Party,104.0,0,0
City Hotel,0,11,2015,December,49,5,2,2,2,0.0,0,HB,PRT,Groups,TA/TO,0,0,0,A,A,0,No Deposit,1.0,0,Transient-Party,104.0,0,0
City Hotel,0,4,2015,December,49,5,2,2,2,0.0,0,BB,ESP,Online TA,TA/TO,0,0,0,A,A,0,No Deposit,9.0,0,Contract,102.0,0,1
City Hotel,0,19,2015,December,49,5,2,2,2,0.0,0,BB,GBR,Online TA,TA/TO,0,0,0,A,A,0,No Deposit,10.0,0,Transient,69.0,0,1
City Hotel,0,13,2015,December,50,6,2,1,2,0.0,0,BB,GBR,Online TA,TA/TO,0,0,0,D,D,0,No Deposit,7.0,0,Transient,72.22,0,0
City Hotel,0,29,2015,December,50,6,2,1,2,0.0,0,SC,ESP,Offline TA/TO,TA/TO,0,0,0,A,A,2,No Deposit,83.0,0,Group,66.0,1,1
City Hotel,0,11,2015,December,49,5,2,2,2,0.0,0,HB,PRT,Groups,TA/TO,0,0,0,A,A,0,No Deposit,1.0,0,Transient-Party,104.0,0,0
City Hotel,0,73,2015,December,50,6,2,1,2,0.0,0,BB,FRA,Offline TA/TO,TA/TO,0,0,0,D,D,0,No Deposit,28.0,0,Transient,60.0,0,0
City Hotel,0,11,2015,December,49,5,2,2,2,0.0,0,HB,PRT,Groups,TA/TO,0,0,0,A,A,0,No Deposit,1.0,0,Transient-Party,104.0,0,0
City Hotel,0,11,2015,December,49,5,2,2,2,0.0,0,HB,PRT,Groups,TA/TO,0,0,0,A,A,0,No Deposit,1.0,0,Transient-Party,104.0,0,0
City Hotel,0,11,2015,December,49,5,2,2,2,0.0,0,HB,PRT,Groups,TA/TO,0,0,0,A,A,0,No Deposit,1.0,0,Transient-Party,104.0,0,0
City Hotel,0,11,2015,December,50,8,0,1,2,0.0,0,BB,PRT,Offline TA/TO,TA/TO,0,0,0,A,D,0,No Deposit,83.0,0,Transient,69.6,0,0
City Hotel,0,24,2015,December,49,5,2,2,2,0.0,0,BB,BEL,Corporate,Corporate,0,0,0,A,A,0,No Deposit,,0,Transient-Party,50.0,0,0
City Hotel,0,8,2015,December,50,6,2,1,2,0.0,0,BB,ESP,Online TA,TA/TO,0,0,0,D,D,0,No Deposit,7.0,0,Transient,72.22,0,0
City Hotel,0,11,2015,December,49,5,2,2,2,0.0,0,HB,PRT,Groups,TA/TO,0,0,0,A,A,0,No Deposit,1.0,0,Transient-Party,104.0,0,0
City Hotel,1,190,2016,April,15,9,1,1,2,0.0,0,BB,PRT,Groups,TA/TO,0,1,0,A,A,0,No Deposit,,31,Transient-Party,70.0,0,0
City Hotel,0,190,2016,April,15,9,1,1,2,0.0,0,BB,PRT,Offline TA/TO,TA/TO,0,0,0,A,A,0,No Deposit,3.0,31,Transient-Party,70.0,0,1
City Hotel,0,0,2015,December,50,9,0,0,2,0.0,0,BB,PRT,Direct,Direct,1,0,0,A,B,1,No Deposit,,0,Transient,0.0,0,0
City Hotel,0,0,2015,December,50,9,0,0,2,0.0,0,BB,PRT,Direct,Direct,1,0,0,A,B,1,No Deposit,,0,Transient,0.0,0,0
City Hotel,1,0,2015,December,50,9,1,4,2,0.0,0,BB,PRT,Direct,Direct,1,0,0,A,D,0,No Deposit,,0,Transient,95.0,0,0
City Hotel,1,292,2015,December,52,26,2,4,2,0.0,0,BB,PRT,Online TA,TA/TO,0,1,0,A,A,0,No Deposit,9.0,0,Transient-Party,72.25,0,1
City Hotel,1,292,2015,December,52,26,2,4,2,0.0,0,BB,PRT,Online TA,TA/TO,0,1,0,A,A,0,No Deposit,9.0,0,Transient-Party,72.25,0,1
City Hotel,1,22,2015,December,50,9,1,4,2,0.0,0,BB,PRT,Direct,Direct,0,0,0,B,B,1,No Deposit,14.0,0,Transient,80.75,0,0
City Hotel,0,6,2015,December,50,6,2,2,2,0.0,0,BB,FRA,Offline TA/TO,TA/TO,0,0,0,A,D,0,No Deposit,28.0,0,Transient,58.0,0,0
City Hotel,0,6,2015,December,50,6,2,2,2,0.0,0,BB,FRA,Offline TA/TO,TA/TO,0,0,0,A,D,0,No Deposit,28.0,0,Transient,58.0,0,0
City Hotel,0,19,2015,December,49,5,2,3,2,0.0,0,BB,PRT,Online TA,TA/TO,0,0,0,A,A,0,No Deposit,10.0,0,Transient,69.0,0,0
City Hotel,0,75,2015,December,50,7,1,2,2,0.0,0,BB,FRA,Offline TA/TO,TA/TO,0,0,0,D,D,0,No Deposit,28.0,0,Transient,60.0,0,0
City Hotel,0,24,2015,December,49,5,2,3,2,0.0,0,BB,GBR,Corporate,Corporate,0,0,0,A,A,0,No Deposit,,0,Transient-Party,60.56,0,0
City Hotel,1,42,2015,December,51,17,1,3,2,0.0,0,BB,PRT,Online TA,TA/TO,0,1,0,A,A,0,No Deposit,11.0,0,Transient,56.37,0,0
City Hotel,1,36,2015,December,52,20,2,0,2,0.0,0,SC,PRT,Online TA,TA/TO,0,1,0,A,A,0,No Deposit,9.0,0,Transient,87.3,0,1
City Hotel,0,23,2016,January,1,2,2,1,2,0.0,0,HB,ITA,Offline TA/TO,TA/TO,1,0,0,A,A,2,No Deposit,26.0,0,Transient-Party,109.0,0,0
City Hotel,0,9,2015,December,50,10,0,1,2,0.0,0,BB,PRT,Corporate,Corporate,0,0,0,A,A,1,No Deposit,,0,Transient-Party,75.0,0,1
City Hotel,1,21,2015,December,53,31,2,3,2,0.0,0,BB,PRT,Offline TA/TO,TA/TO,0,1,0,A,A,0,No Deposit,26.0,0,Transient,132.4,0,1
City Hotel,0,0,2016,June,25,14,0,1,2,0.0,0,BB,PRT,Direct,Direct,1,0,2,A,A,0,No Deposit,,0,Transient,50.0,0,0
City Hotel,0,5,2015,December,50,8,0,3,2,0.0,0,BB,PRT,Corporate,Corporate,0,0,0,A,A,1,No Deposit,,0,Transient,75.0,0,0
City Hotel,0,0,2016,April,17,20,0,1,2,0.0,0,FB,PRT,Complementary,Direct,1,0,2,G,F,1,No Deposit,,0,Transient,0.0,0,1
City Hotel,0,1,2016,December,51,15,0,1,2,0.0,0,HB,PRT,Complementary,Direct,1,0,3,F,F,0,No Deposit,,0,Transient,0.0,0,1
City Hotel,0,25,2015,December,49,4,2,5,2,0.0,0,BB,CHE,Online TA,TA/TO,0,0,0,A,A,0,No Deposit,11.0,0,Transient,72.93,0,0
City Hotel,0,25,2015,December,49,4,2,5,2,0.0,0,BB,CHE,Online TA,TA/TO,0,0,0,A,A,0,No Deposit,11.0,0,Transient,72.93,0,0
City Hotel,1,112,2016,March,10,3,0,3,2,0.0,0,SC,PRT,Online TA,TA/TO,0,1,0,A,A,0,No Deposit,9.0,0,Contract,84.3,0,2
City Hotel,0,9,2015,December,50,9,0,3,2,0.0,0,BB,FRA,Online TA,TA/TO,0,0,0,A,A,0,No Deposit,9.0,0,Contract,96.0,1,0
City Hotel,0,6,2015,December,50,10,0,2,2,0.0,0,HB,DEU,Offline TA/TO,TA/TO,0,0,0,A,A,0,No Deposit,6.0,0,Transient-Party,0.0,0,1
City Hotel,0,6,2015,December,50,10,0,2,2,0.0,0,HB,DEU,Offline TA/TO,TA/TO,0,0,0,A,A,1,No Deposit,6.0,0,Transient-Party,0.0,0,0
City Hotel,1,0,2015,December,50,12,0,1,2,0.0,0,BB,PRT,Direct,Direct,1,0,0,A,A,0,No Deposit,,0,Transient,85.0,0,0
City Hotel,0,15,2015,December,50,10,0,2,2,0.0,0,BB,PRT,Corporate,Corporate,0,0,0,A,A,1,No Deposit,40.0,0,Transient-Party,75.0,0,1
City Hotel,0,22,2015,December,50,8,0,4,2,0.0,0,BB,DEU,Offline TA/TO,TA/TO,0,0,0,A,A,0,No Deposit,27.0,0,Transient,43.5,0,0
City Hotel,0,5,2015,December,50,9,0,3,2,0.0,0,BB,FRA,Offline TA/TO,TA/TO,0,0,0,A,D,0,No Deposit,28.0,0,Transient-Party,58.0,0,0
City Hotel,0,5,2015,December,50,9,0,3,2,0.0,0,BB,FRA,Offline TA/TO,TA/TO,0,0,0,A,D,0,No Deposit,28.0,0,Transient-Party,58.0,0,1
City Hotel,0,21,2015,December,50,10,0,2,2,0.0,0,BB,ARG,Offline TA/TO,TA/TO,0,0,0,A,A,0,No Deposit,63.0,0,Transient,70.0,0,0
City Hotel,0,0,2015,December,50,11,0,1,2,0.0,0,BB,PRT,Corporate,Corporate,0,0,0,A,A,1,No Deposit,,0,Transient,75.0,0,1
City Hotel,0,7,2015,December,50,9,0,3,2,0.0,0,BB,CHE,Offline TA/TO,TA/TO,0,0,0,A,D,0,No Deposit,28.0,0,Transient,58.0,0,0
City Hotel,0,2,2015,December,50,9,0,3,2,0.0,0,BB,FRA,Offline TA/TO,TA/TO,0,0,0,A,D,0,No Deposit,28.0,0,Transient,58.0,0,0
City Hotel,0,9,2016,September,37,7,0,1,2,0.0,0,BB,PRT,Complementary,Direct,1,0,3,B,B,0,No Deposit,45.0,0,Transient,0.0,0,1
City Hotel,0,14,2016,September,38,12,1,0,2,0.0,0,BB,PRT,Complementary,Direct,1,0,5,B,B,1,No Deposit,45.0,0,Transient,0.0,0,1
City Hotel,0,61,2017,July,27,8,0,1,2,0.0,0,BB,PRT,Complementary,Direct,1,0,14,B,A,0,No Deposit,,0,Transient,0.0,0,2
City Hotel,1,54,2015,December,52,24,0,2,2,0.0,0,BB,PRT,Online TA,TA/TO,0,1,0,A,A,0,No Deposit,9.0,0,Transient,87.0,0,2
City Hotel,1,54,2015,December,52,24,0,2,2,0.0,0,BB,PRT,Online TA,TA/TO,0,1,0,A,A,0,No Deposit,9.0,0,Transient,87.0,0,2
City Hotel,0,60,2015,December,50,9,0,4,2,0.0,0,BB,FRA,Online TA,TA/TO,0,0,0,A,E,0,No Deposit,9.0,0,Contract,96.3,0,1
City Hotel,0,11,2015,December,50,11,0,2,2,0.0,0,BB,PRT,Complementary,Direct,0,0,0,B,B,0,No Deposit,,0,Transient,0.0,0,1
City Hotel,0,11,2015,December,50,11,0,2,2,0.0,0,BB,PRT,Complementary,Direct,0,0,0,B,B,0,No Deposit,,0,Transient,0.0,0,1
City Hotel,0,11,2015,December,50,11,0,2,2,0.0,0,BB,PRT,Complementary,Direct,0,0,0,D,D,0,No Deposit,,0,Transient,0.0,0,1
City Hotel,0,11,2015,December,50,11,0,2,2,0.0,0,BB,PRT,Complementary,Direct,0,0,0,D,D,0,No Deposit,,0,Transient,0.0,0,1
City Hotel,1,10,2015,December,51,14,1,5,2,0.0,0,BB,PRT,Direct,Direct,0,1,0,A,A,0,No Deposit,,0,Transient,75.0,0,2
City Hotel,0,78,2015,December,50,10,0,3,2,0.0,0,BB,GBR,Offline TA/TO,TA/TO,0,0,0,D,D,0,No Deposit,28.0,0,Transient,60.0,0,0
City Hotel,0,2,2015,December,51,13,1,0,2,0.0,0,BB,PRT,Complementary,Direct,0,0,0,A,A,1,No Deposit,,0,Transient,0.0,0,1
City Hotel,0,15,2017,July,27,8,0,1,2,0.0,0,BB,PRT,Complementary,Direct,1,0,1,A,D,1,No Deposit,,0,Transient,0.0,0,2
City Hotel,0,27,2015,December,50,9,1,4,2,0.0,0,BB,DEU,Online TA,TA/TO,0,0,0,A,A,0,No Deposit,10.0,0,Transient,69.0,0,0
City Hotel,0,31,2015,December,50,11,1,2,2,0.0,0,BB,ESP,Offline TA/TO,TA/TO,0,0,0,A,A,0,No Deposit,22.0,0,Transient,63.0,0,1
City Hotel,0,33,2015,December,50,10,1,3,2,0.0,0,SC,FRA,Online TA,TA/TO,0,0,0,A,A,0,No Deposit,9.0,0,Transient,74.25,0,0
City Hotel,0,79,2015,December,50,11,1,2,2,0.0,0,BB,FRA,Offline TA/TO,TA/TO,0,0,0,D,D,0,No Deposit,28.0,0,Transient,60.0,0,0
City Hotel,0,8,2015,December,50,10,1,3,2,0.0,0,BB,FRA,Offline TA/TO,TA/TO,0,0,0,A,D,0,No Deposit,28.0,0,Transient,58.0,0,0
City Hotel,0,11,2015,December,50,11,1,2,2,0.0,0,BB,FRA,Offline TA/TO,TA/TO,0,0,0,A,D,0,No Deposit,28.0,0,Transient,58.0,0,0
City Hotel,0,11,2015,December,50,11,1,2,2,0.0,0,BB,ESP,Online TA,TA/TO,0,0,0,A,A,0,No Deposit,9.0,0,Contract,96.0,1,2
City Hotel,0,10,2015,December,50,11,1,2,2,0.0,0,BB,FRA,Offline TA/TO,TA/TO,0,0,0,A,D,0,No Deposit,28.0,0,Transient,58.0,0,0
City Hotel,0,37,2015,December,50,10,1,3,2,0.0,0,SC,FRA,Online TA,TA/TO,0,0,0,A,A,1,No Deposit,9.0,0,Contract,74.25,0,0
City Hotel,1,218,2016,June,24,9,0,2,2,0.0,0,HB,PRT,Groups,TA/TO,0,1,0,A,A,0,Non Refund,133.0,0,Transient,135.0,0,0
City Hotel,1,218,2016,June,24,9,0,2,2,0.0,0,HB,PRT,Groups,TA/TO,0,1,0,A,A,0,Non Refund,133.0,0,Transient,135.0,0,0
City Hotel,1,218,2016,June,24,9,0,2,2,0.0,0,HB,PRT,Groups,TA/TO,0,1,0,A,A,0,Non Refund,133.0,0,Transient,135.0,0,0
City Hotel,1,218,2016,June,24,9,0,2,2,0.0,0,HB,PRT,Groups,TA/TO,0,1,0,A,A,0,Non Refund,133.0,0,Transient,135.0,0,0
City Hotel,1,218,2016,June,24,9,0,2,2,0.0,0,HB,PRT,Groups,TA/TO,0,1,0,A,A,0,Non Refund,133.0,0,Transient,135.0,0,0
City Hotel,1,218,2016,June,24,9,0,2,2,0.0,0,HB,PRT,Groups,TA/TO,0,1,0,A,A,0,Non Refund,133.0,0,Transient,135.0,0,0
City Hotel,1,218,2016,June,24,9,0,2,2,0.0,0,HB,PRT,Groups,TA/TO,0,1,0,A,A,0,Non Refund,133.0,0,Transient,135.0,0,0
City Hotel,1,218,2016,June,24,9,0,2,2,0.0,0,HB,PRT,Groups,TA/TO,0,1,0,A,A,0,Non Refund,133.0,0,Transient,135.0,0,0
City Hotel,1,218,2016,June,24,9,0,2,2,0.0,0,HB,PRT,Groups,TA/TO,0,1,0,A,A,0,Non Refund,133.0,0,Transient,135.0,0,0
City Hotel,1,218,2016,June,24,9,0,2,2,0.0,0,HB,PRT,Groups,TA/TO,0,1,0,A,A,0,Non Refund,133.0,0,Transient,135.0,0,0
City Hotel,1,218,2016,June,24,9,0,2,2,0.0,0,HB,PRT,Groups,TA/TO,0,1,0,A,A,0,Non Refund,133.0,0,Transient,135.0,0,0
City Hotel,1,218,2016,June,24,9,0,2,2,0.0,0,HB,PRT,Groups,TA/TO,0,1,0,A,A,0,Non Refund,133.0,0,Transient,135.0,0,0
City Hotel,1,218,2016,June,24,9,0,2,2,0.0,0,HB,PRT,Groups,TA/TO,0,1,0,A,A,0,Non Refund,133.0,0,Transient,135.0,0,0
City Hotel,1,218,2016,June,24,9,0,2,2,0.0,0,HB,PRT,Groups,TA/TO,0,1,0,A,A,0,Non Refund,133.0,0,Transient,135.0,0,0
City Hotel,1,218,2016,June,24,9,0,2,2,0.0,0,HB,PRT,Groups,TA/TO,0,1,0,A,A,0,Non Refund,133.0,0,Transient,135.0,0,0
City Hotel,1,218,2016,June,24,9,0,2,2,0.0,0,HB,PRT,Groups,TA/TO,0,1,0,A,A,0,Non Refund,133.0,0,Transient,135.0,0,0
City Hotel,1,218,2016,June,24,9,0,2,2,0.0,0,HB,PRT,Groups,TA/TO,0,1,0,A,A,0,Non Refund,133.0,0,Transient,135.0,0,0
City Hotel,1,223,2016,June,25,14,0,2,2,0.0,0,HB,PRT,Groups,TA/TO,0,1,0,A,A,0,Non Refund,133.0,40,Transient,135.0,0,0
City Hotel,1,223,2016,June,25,14,0,2,2,0.0,0,HB,PRT,Groups,TA/TO,0,1,0,A,A,0,Non Refund,133.0,40,Transient,135.0,0,0
City Hotel,1,223,2016,June,25,14,0,2,2,0.0,0,HB,PRT,Groups,TA/TO,0,1,0,A,A,0,Non Refund,133.0,40,Transient,135.0,0,0
City Hotel,1,223,2016,June,25,14,0,2,2,0.0,0,HB,PRT,Groups,TA/TO,0,1,0,A,A,0,Non Refund,133.0,40,Transient,135.0,0,0
City Hotel,1,223,2016,June,25,14,0,2,2,0.0,0,HB,PRT,Groups,TA/TO,0,1,0,A,A,0,Non Refund,133.0,40,Transient,135.0,0,0
City Hotel,1,223,2016,June,25,14,0,2,2,0.0,0,HB,PRT,Groups,TA/TO,0,1,0,A,A,0,Non Refund,133.0,40,Transient,135.0,0,0
City Hotel,1,223,2016,June,25,14,0,2,2,0.0,0,HB,PRT,Groups,TA/TO,0,1,0,A,A,0,Non Refund,133.0,40,Transient,135.0,0,0
City Hotel,1,223,2016,June,25,14,0,2,2,0.0,0,HB,PRT,Groups,TA/TO,0,1,0,A,A,0,Non Refund,133.0,40,Transient,135.0,0,0
City Hotel,1,223,2016,June,25,14,0,2,2,0.0,0,HB,PRT,Groups,TA/TO,0,1,0,A,A,0,Non Refund,133.0,40,Transient,135.0,0,0
City Hotel,1,223,2016,June,25,14,0,2,2,0.0,0,HB,PRT,Groups,TA/TO,0,1,0,A,A,0,Non Refund,133.0,40,Transient,135.0,0,0
City Hotel,1,223,2016,June,25,14,0,2,2,0.0,0,HB,PRT,Groups,TA/TO,0,1,0,A,A,0,Non Refund,133.0,40,Transient,135.0,0,0
City Hotel,1,223,2016,June,25,14,0,2,2,0.0,0,HB,PRT,Groups,TA/TO,0,1,0,A,A,0,Non Refund,133.0,40,Transient,135.0,0,0
City Hotel,1,223,2016,June,25,14,0,2,2,0.0,0,HB,PRT,Groups,TA/TO,0,1,0,A,A,0,Non Refund,133.0,40,Transient,135.0,0,0
City Hotel,1,223,2016,June,25,14,0,2,2,0.0,0,HB,PRT,Groups,TA/TO,0,1,0,A,A,0,Non Refund,133.0,40,Transient,135.0,0,0
City Hotel,1,223,2016,June,25,14,0,2,2,0.0,0,HB,PRT,Groups,TA/TO,0,1,0,A,A,0,Non Refund,133.0,40,Transient,135.0,0,0
City Hotel,1,223,2016,June,25,14,0,2,2,0.0,0,HB,PRT,Groups,TA/TO,0,1,0,A,A,0,Non Refund,133.0,40,Transient,135.0,0,0
City Hotel,1,223,2016,June,25,14,0,2,2,0.0,0,HB,PRT,Groups,TA/TO,0,1,0,A,A,0,Non Refund,133.0,40,Transient,135.0,0,0
City Hotel,1,192,2016,May,20,12,0,3,2,0.0,0,HB,PRT,Offline TA/TO,TA/TO,0,1,0,A,A,0,Non Refund,39.0,42,Transient,135.0,0,0
City Hotel,1,192,2016,May,20,12,0,3,2,0.0,0,HB,PRT,Offline TA/TO,TA/TO,0,1,0,A,A,0,Non Refund,39.0,42,Transient,135.0,0,0
City Hotel,1,192,2016,May,20,12,0,3,2,0.0,0,HB,PRT,Offline TA/TO,TA/TO,0,1,0,A,A,0,Non Refund,39.0,42,Transient,135.0,0,0
City Hotel,1,192,2016,May,20,12,0,3,2,0.0,0,HB,PRT,Offline TA/TO,TA/TO,0,1,0,A,A,0,Non Refund,39.0,42,Transient,135.0,0,0
City Hotel,1,192,2016,May,20,12,0,3,2,0.0,0,HB,PRT,Offline TA/TO,TA/TO,0,1,0,A,A,0,Non Refund,39.0,42,Transient,135.0,0,0
City Hotel,1,192,2016,May,20,12,0,3,2,0.0,0,HB,PRT,Offline TA/TO,TA/TO,0,1,0,A,A,0,Non Refund,39.0,42,Transient,135.0,0,0
City Hotel,1,192,2016,May,20,12,0,3,2,0.0,0,HB,PRT,Offline TA/TO,TA/TO,0,1,0,A,A,0,Non Refund,39.0,42,Transient,135.0,0,0
City Hotel,1,192,2016,May,20,12,0,3,2,0.0,0,HB,PRT,Offline TA/TO,TA/TO,0,1,0,A,A,0,Non Refund,39.0,42,Transient,135.0,0,0
City Hotel,1,192,2016,May,20,12,0,3,2,0.0,0,HB,PRT,Offline TA/TO,TA/TO,0,1,0,A,A,0,Non Refund,39.0,42,Transient,135.0,0,0
City Hotel,1,192,2016,May,20,12,0,3,2,0.0,0,HB,PRT,Offline TA/TO,TA/TO,0,1,0,A,A,0,Non Refund,39.0,42,Transient,135.0,0,0
City Hotel,1,44,2015,December,53,28,1,0,2,0.0,0,SC,PRT,Online TA,TA/TO,0,1,0,A,A,0,No Deposit,9.0,0,Transient,96.3,0,1
City Hotel,1,222,2016,July,28,6,1,4,2,0.0,0,SC,PRT,Online TA,TA/TO,0,1,0,A,A,0,No Deposit,9.0,0,Contract,90.95,0,1
City Hotel,1,222,2016,July,28,6,1,4,2,0.0,0,SC,PRT,Online TA,TA/TO,0,1,0,A,A,0,No Deposit,9.0,0,Contract,90.95,0,1
City Hotel,1,222,2016,July,28,6,1,4,2,0.0,0,SC,PRT,Online TA,TA/TO,0,1,0,A,A,0,No Deposit,9.0,0,Contract,90.95,0,1
City Hotel,1,197,2016,June,23,3,1,2,2,0.0,0,BB,PRT,Offline TA/TO,TA/TO,0,1,0,A,A,0,Non Refund,21.0,25,Transient,80.0,0,0
City Hotel,1,197,2016,June,23,3,1,2,2,0.0,0,BB,PRT,Offline TA/TO,TA/TO,0,1,0,A,A,0,Non Refund,21.0,25,Transient,80.0,0,0
City Hotel,1,197,2016,June,23,3,1,2,2,0.0,0,BB,PRT,Offline TA/TO,TA/TO,0,1,0,A,A,0,Non Refund,21.0,25,Transient,80.0,0,0
City Hotel,1,197,2016,June,23,3,1,2,2,0.0,0,BB,PRT,Offline TA/TO,TA/TO,0,1,0,A,A,0,Non Refund,21.0,25,Transient,80.0,0,0
City Hotel,1,197,2016,June,23,3,1,2,2,0.0,0,BB,PRT,Offline TA/TO,TA/TO,0,1,0,A,A,0,Non Refund,21.0,25,Transient,80.0,0,0
City Hotel,1,197,2016,June,23,3,1,2,2,0.0,0,BB,PRT,Offline TA/TO,TA/TO,0,1,0,A,A,0,Non Refund,21.0,25,Transient,80.0,0,0
City Hotel,1,197,2016,June,23,3,1,2,2,0.0,0,BB,PRT,Offline TA/TO,TA/TO,0,1,0,A,A,0,Non Refund,21.0,25,Transient,80.0,0,0
City Hotel,1,197,2016,June,23,3,1,2,2,0.0,0,BB,PRT,Offline TA/TO,TA/TO,0,1,0,A,A,0,Non Refund,21.0,25,Transient,80.0,0,0
City Hotel,1,197,2016,June,23,3,1,2,2,0.0,0,BB,PRT,Offline TA/TO,TA/TO,0,1,0,A,A,0,Non Refund,21.0,25,Transient,80.0,0,0
City Hotel,1,197,2016,June,23,3,1,2,2,0.0,0,BB,PRT,Offline TA/TO,TA/TO,0,1,0,A,A,0,Non Refund,21.0,25,Transient,80.0,0,0
City Hotel,1,197,2016,June,23,3,1,2,2,0.0,0,BB,PRT,Offline TA/TO,TA/TO,0,1,0,A,A,0,Non Refund,21.0,25,Transient,80.0,0,0
City Hotel,1,197,2016,June,23,3,1,2,2,0.0,0,BB,PRT,Offline TA/TO,TA/TO,0,1,0,A,A,0,Non Refund,21.0,25,Transient,80.0,0,0
City Hotel,1,197,2016,June,23,3,1,2,2,0.0,0,BB,PRT,Offline TA/TO,TA/TO,0,1,0,A,A,0,Non Refund,21.0,25,Transient,80.0,0,0
City Hotel,1,197,2016,June,23,3,1,2,2,0.0,0,BB,PRT,Offline TA/TO,TA/TO,0,1,0,A,A,0,Non Refund,21.0,25,Transient,80.0,0,0
City Hotel,1,197,2016,June,23,3,1,2,2,0.0,0,BB,PRT,Offline TA/TO,TA/TO,0,1,0,A,A,0,Non Refund,21.0,25,Transient,80.0,0,0
City Hotel,1,197,2016,June,23,3,1,2,2,0.0,0,BB,PRT,Offline TA/TO,TA/TO,0,1,0,A,A,0,Non Refund,21.0,25,Transient,80.0,0,0
City Hotel,0,25,2015,December,51,14,1,0,2,0.0,0,BB,PRT,Offline TA/TO,TA/TO,0,0,0,A,A,0,No Deposit,63.0,0,Transient,70.0,0,0
City Hotel,0,17,2015,December,51,14,1,0,2,0.0,0,BB,MEX,Online TA,TA/TO,0,0,0,A,A,0,No Deposit,89.0,0,Transient,69.6,0,0
City Hotel,0,0,2015,December,49,2,4,9,2,0.0,0,BB,BRA,Direct,Direct,0,0,0,A,A,3,No Deposit,,0,Transient,89.0,0,0
City Hotel,1,61,2015,December,52,24,0,3,2,0.0,0,HB,PRT,Offline TA/TO,TA/TO,0,1,0,A,A,2,No Deposit,13.0,0,Group,107.2,0,1
City Hotel,1,61,2015,December,52,24,0,3,2,0.0,0,HB,PRT,Offline TA/TO,TA/TO,0,1,0,A,A,2,No Deposit,13.0,0,Group,107.2,0,1
City Hotel,0,0,2015,December,51,14,1,0,2,0.0,0,BB,PRT,Direct,Direct,0,0,0,A,D,2,No Deposit,,0,Transient,89.0,0,0
City Hotel,1,130,2016,April,16,13,0,4,2,0.0,0,BB,PRT,Groups,TA/TO,0,1,0,A,A,0,Non Refund,29.0,10,Transient,100.0,0,0
City Hotel,1,130,2016,April,16,13,0,4,2,0.0,0,BB,PRT,Groups,TA/TO,0,1,0,A,A,0,Non Refund,29.0,10,Transient,100.0,0,0
City Hotel,1,130,2016,April,16,13,0,4,2,0.0,0,BB,PRT,Groups,TA/TO,0,1,0,A,A,0,Non Refund,29.0,10,Transient,100.0,0,0
City Hotel,1,130,2016,April,16,13,0,4,2,0.0,0,BB,PRT,Groups,TA/TO,0,1,0,A,A,0,Non Refund,29.0,10,Transient,100.0,0,0
City Hotel,1,130,2016,April,16,13,0,4,2,0.0,0,BB,PRT,Groups,TA/TO,0,1,0,A,A,0,Non Refund,29.0,10,Transient,100.0,0,0
City Hotel,1,130,2016,April,16,13,0,4,2,0.0,0,BB,PRT,Groups,TA/TO,0,1,0,A,A,0,Non Refund,29.0,10,Transient,100.0,0,0
City Hotel,1,130,2016,April,16,13,0,4,2,0.0,0,BB,PRT,Groups,TA/TO,0,1,0,A,A,0,Non Refund,29.0,10,Transient,100.0,0,0
City Hotel,1,130,2016,April,16,13,0,4,2,0.0,0,BB,PRT,Groups,TA/TO,0,1,0,A,A,0,Non Refund,29.0,10,Transient,100.0,0,0
City Hotel,1,130,2016,April,16,13,0,4,2,0.0,0,BB,PRT,Groups,TA/TO,0,1,0,A,A,0,Non Refund,29.0,10,Transient,100.0,0,0
City Hotel,1,130,2016,April,16,13,0,4,2,0.0,0,BB,PRT,Groups,TA/TO,0,1,0,A,A,0,Non Refund,29.0,10,Transient,100.0,0,0
City Hotel,1,130,2016,April,16,13,0,4,2,0.0,0,BB,PRT,Groups,TA/TO,0,1,0,A,A,0,Non Refund,29.0,10,Transient,100.0,0,0
City Hotel,1,130,2016,April,16,13,0,4,2,0.0,0,BB,PRT,Groups,TA/TO,0,1,0,A,A,0,Non Refund,29.0,10,Transient,100.0,0,0
City Hotel,1,130,2016,April,16,13,0,4,2,0.0,0,BB,PRT,Groups,TA/TO,0,1,0,A,A,0,Non Refund,29.0,10,Transient,100.0,0,0
City Hotel,1,130,2016,April,16,13,0,4,2,0.0,0,BB,PRT,Groups,TA/TO,0,1,0,A,A,0,Non Refund,29.0,10,Transient,100.0,0,0
City Hotel,1,130,2016,April,16,13,0,4,2,0.0,0,BB,PRT,Groups,TA/TO,0,1,0,A,A,0,Non Refund,29.0,10,Transient,100.0,0,0
City Hotel,1,130,2016,April,16,13,0,4,2,0.0,0,BB,PRT,Groups,TA/TO,0,1,0,A,A,0,Non Refund,29.0,10,Transient,100.0,0,0
City Hotel,1,130,2016,April,16,13,0,4,2,0.0,0,BB,PRT,Groups,TA/TO,0,1,0,A,A,0,Non Refund,29.0,10,Transient,100.0,0,0
City Hotel,1,130,2016,April,16,13,0,4,2,0.0,0,BB,PRT,Groups,TA/TO,0,1,0,A,A,0,Non Refund,29.0,10,Transient,100.0,0,0
City Hotel,1,130,2016,April,16,13,0,4,2,0.0,0,BB,PRT,Groups,TA/TO,0,1,0,A,A,0,Non Refund,29.0,10,Transient,100.0,0,0
City Hotel,1,130,2016,April,16,13,0,4,2,0.0,0,BB,PRT,Groups,TA/TO,0,1,0,A,A,0,Non Refund,29.0,10,Transient,100.0,0,0
City Hotel,1,130,2016,April,16,13,0,4,2,0.0,0,BB,PRT,Groups,TA/TO,0,1,0,A,A,0,Non Refund,29.0,10,Transient,100.0,0,0
City Hotel,1,130,2016,April,16,13,0,4,2,0.0,0,BB,PRT,Groups,TA/TO,0,1,0,A,A,0,Non Refund,29.0,10,Transient,100.0,0,0
City Hotel,1,130,2016,April,16,13,0,4,2,0.0,0,BB,PRT,Groups,TA/TO,0,1,0,A,A,0,Non Refund,29.0,10,Transient,100.0,0,0
City Hotel,1,130,2016,April,16,13,0,4,2,0.0,0,BB,PRT,Groups,TA/TO,0,1,0,A,A,0,Non Refund,29.0,10,Transient,100.0,0,0
City Hotel,1,130,2016,April,16,13,0,4,2,0.0,0,BB,PRT,Groups,TA/TO,0,1,0,A,A,0,Non Refund,29.0,10,Transient,100.0,0,0
City Hotel,1,41,2015,December,53,30,0,4,2,0.0,0,SC,PRT,Online TA,TA/TO,0,1,0,D,D,0,No Deposit,9.0,0,Contract,112.84,0,1
City Hotel,0,23,2015,December,51,16,0,2,2,0.0,0,BB,BRA,Online TA,TA/TO,0,0,0,B,B,2,No Deposit,9.0,0,Contract,81.75,0,1
City Hotel,0,23,2015,December,51,16,0,2,2,0.0,0,BB,PRT,Online TA,TA/TO,0,0,0,B,B,1,No Deposit,9.0,0,Contract,77.25,0,1
City Hotel,0,19,2015,December,51,16,0,0,2,0.0,0,SC,PRT,Online TA,TA/TO,0,0,0,A,A,0,No Deposit,8.0,0,Transient,0.0,0,0
City Hotel,0,38,2015,December,51,13,2,1,2,0.0,0,BB,NLD,Online TA,TA/TO,0,0,0,A,D,0,No Deposit,9.0,0,Contract,87.0,0,2
City Hotel,0,10,2015,December,50,11,2,3,2,0.0,0,BB,FRA,Offline TA/TO,TA/TO,0,0,0,A,E,0,No Deposit,28.0,0,Transient,58.0,0,0
City Hotel,0,2,2015,December,51,14,1,1,2,0.0,0,BB,PRT,Direct,Direct,0,0,0,D,D,0,No Deposit,,0,Transient,75.0,0,0
City Hotel,1,30,2015,December,51,19,0,1,2,0.0,0,BB,PRT,Online TA,TA/TO,0,1,0,A,A,0,No Deposit,9.0,0,Contract,87.0,0,1
City Hotel,0,26,2015,December,51,13,2,2,2,0.0,0,BB,BEL,Direct,Direct,0,0,0,A,A,0,No Deposit,14.0,0,Transient,75.0,0,0
City Hotel,0,37,2015,December,51,14,1,2,2,0.0,0,BB,NLD,Offline TA/TO,TA/TO,0,0,0,A,A,0,No Deposit,121.0,0,Transient,70.0,0,0
City Hotel,1,182,2016,April,18,27,0,4,2,0.0,0,BB,PRT,Offline TA/TO,TA/TO,0,1,0,A,A,0,Non Refund,3.0,50,Transient,75.0,0,0
City Hotel,1,182,2016,April,18,27,0,4,2,0.0,0,BB,PRT,Offline TA/TO,TA/TO,0,1,0,A,A,0,Non Refund,3.0,50,Transient,75.0,0,0
City Hotel,1,182,2016,April,18,27,0,4,2,0.0,0,BB,PRT,Offline TA/TO,TA/TO,0,1,0,A,A,0,Non Refund,3.0,50,Transient,75.0,0,0
City Hotel,1,182,2016,April,18,27,0,4,2,0.0,0,BB,PRT,Offline TA/TO,TA/TO,0,1,0,A,A,0,Non Refund,3.0,50,Transient,75.0,0,0
City Hotel,1,182,2016,April,18,27,0,4,2,0.0,0,BB,PRT,Offline TA/TO,TA/TO,0,1,0,A,A,0,Non Refund,3.0,50,Transient,75.0,0,0
City Hotel,1,182,2016,April,18,27,0,4,2,0.0,0,BB,PRT,Offline TA/TO,TA/TO,0,1,0,A,A,0,Non Refund,3.0,50,Transient,75.0,0,0
City Hotel,1,182,2016,April,18,27,0,4,2,0.0,0,BB,PRT,Offline TA/TO,TA/TO,0,1,0,A,A,0,Non Refund,3.0,50,Transient,75.0,0,0
City Hotel,1,182,2016,April,18,27,0,4,2,0.0,0,BB,PRT,Offline TA/TO,TA/TO,0,1,0,A,A,0,Non Refund,3.0,50,Transient,75.0,0,0
City Hotel,1,182,2016,April,18,27,0,4,2,0.0,0,BB,PRT,Offline TA/TO,TA/TO,0,1,0,A,A,0,Non Refund,3.0,50,Transient,75.0,0,0
City Hotel,1,182,2016,April,18,27,0,4,2,0.0,0,BB,PRT,Offline TA/TO,TA/TO,0,1,0,A,A,0,Non Refund,3.0,50,Transient,75.0,0,0
City Hotel,1,182,2016,April,18,27,0,4,2,0.0,0,BB,PRT,Offline TA/TO,TA/TO,0,1,0,A,A,0,Non Refund,3.0,50,Transient,75.0,0,0
City Hotel,1,182,2016,April,18,27,0,4,2,0.0,0,BB,PRT,Offline TA/TO,TA/TO,0,1,0,A,A,0,Non Refund,3.0,50,Transient,75.0,0,0
City Hotel,1,182,2016,April,18,27,0,4,2,0.0,0,BB,PRT,Offline TA/TO,TA/TO,0,1,0,A,A,0,Non Refund,3.0,50,Transient,75.0,0,0
City Hotel,1,182,2016,April,18,27,0,4,2,0.0,0,BB,PRT,Offline TA/TO,TA/TO,0,1,0,A,A,0,Non Refund,3.0,50,Transient,75.0,0,0
City Hotel,1,182,2016,April,18,27,0,4,2,0.0,0,BB,PRT,Offline TA/TO,TA/TO,0,1,0,A,A,0,Non Refund,3.0,50,Transient,75.0,0,0
City Hotel,1,182,2016,April,18,27,0,4,2,0.0,0,BB,PRT,Offline TA/TO,TA/TO,0,1,0,A,A,0,Non Refund,3.0,50,Transient,75.0,0,0
City Hotel,1,182,2016,April,18,27,0,4,2,0.0,0,BB,PRT,Offline TA/TO,TA/TO,0,1,0,A,A,0,Non Refund,3.0,50,Transient,75.0,0,0
City Hotel,1,182,2016,April,18,27,0,4,2,0.0,0,BB,PRT,Offline TA/TO,TA/TO,0,1,0,A,A,0,Non Refund,3.0,50,Transient,75.0,0,0
City Hotel,1,182,2016,April,18,27,0,4,2,0.0,0,BB,PRT,Offline TA/TO,TA/TO,0,1,0,A,A,0,Non Refund,3.0,50,Transient,75.0,0,0
City Hotel,1,182,2016,April,18,27,0,4,2,0.0,0,BB,PRT,Offline TA/TO,TA/TO,0,1,0,A,A,0,Non Refund,3.0,50,Transient,75.0,0,0
City Hotel,1,61,2015,December,53,30,0,3,2,0.0,0,BB,PRT,Online TA,TA/TO,0,1,0,A,A,0,No Deposit,9.0,0,Transient,100.67,0,1
City Hotel,0,19,2015,December,51,16,0,2,2,0.0,0,BB,ROU,Online TA,TA/TO,0,0,0,A,A,0,No Deposit,9.0,0,Transient,96.0,1,0
City Hotel,0,12,2015,December,51,16,0,2,2,0.0,0,BB,FRA,Offline TA/TO,TA/TO,0,0,0,A,D,0,No Deposit,28.0,0,Transient,58.0,0,0
City Hotel,1,95,2016,January,1,1,0,2,2,0.0,0,BB,PRT,Online TA,TA/TO,0,1,0,A,A,0,No Deposit,9.0,0,Contract,106.2,0,1
City Hotel,1,95,2016,January,1,1,0,2,2,0.0,0,BB,PRT,Online TA,TA/TO,0,1,0,A,A,0,No Deposit,9.0,0,Contract,106.2,0,1
City Hotel,0,28,2015,December,51,17,0,1,2,0.0,0,BB,PRT,Online TA,TA/TO,0,0,0,A,A,0,No Deposit,9.0,0,Contract,87.0,0,1
City Hotel,0,8,2015,December,51,15,0,3,2,0.0,0,BB,FRA,Offline TA/TO,TA/TO,0,0,0,A,D,0,No Deposit,28.0,0,Transient-Party,58.0,0,1
City Hotel,0,8,2015,December,51,15,0,3,2,0.0,0,BB,FRA,Offline TA/TO,TA/TO,0,0,0,A,D,0,No Deposit,28.0,0,Transient-Party,58.0,0,1
City Hotel,0,4,2016,September,38,13,0,1,2,0.0,0,BB,AGO,Direct,Direct,1,0,1,E,E,0,No Deposit,,0,Transient,120.0,0,2
City Hotel,0,10,2016,September,39,19,1,4,2,0.0,0,BB,AGO,Direct,Direct,1,0,2,D,D,0,No Deposit,,0,Transient,120.0,0,2
City Hotel,0,5,2015,December,51,14,1,3,2,0.0,0,BB,FRA,Offline TA/TO,TA/TO,0,0,0,A,D,1,No Deposit,28.0,0,Transient,58.0,0,0
City Hotel,0,3,2015,December,51,18,0,1,2,0.0,0,SC,FRA,Direct,Direct,0,0,0,A,D,1,No Deposit,,0,Transient,75.0,0,1
City Hotel,0,3,2015,December,51,18,0,1,2,0.0,0,SC,FRA,Direct,Direct,0,0,0,A,D,2,No Deposit,,0,Transient,75.0,0,1
City Hotel,1,9,2015,December,53,27,2,5,2,0.0,0,BB,PRT,Offline TA/TO,TA/TO,1,1,0,A,A,0,No Deposit,21.0,0,Transient,70.0,0,0
City Hotel,1,109,2016,February,9,21,2,1,2,0.0,0,BB,PRT,Offline TA/TO,TA/TO,0,1,0,A,A,0,Non Refund,19.0,44,Transient,75.0,0,0
City Hotel,1,109,2016,February,9,21,2,1,2,0.0,0,BB,PRT,Offline TA/TO,TA/TO,0,1,0,A,A,0,Non Refund,19.0,44,Transient,75.0,0,0
City Hotel,1,109,2016,February,9,21,2,1,2,0.0,0,BB,PRT,Offline TA/TO,TA/TO,0,1,0,A,A,0,Non Refund,19.0,44,Transient,75.0,0,0
City Hotel,1,109,2016,February,9,21,2,1,2,0.0,0,BB,PRT,Offline TA/TO,TA/TO,0,1,0,A,A,0,Non Refund,19.0,44,Transient,75.0,0,0
City Hotel,1,109,2016,February,9,21,2,1,2,0.0,0,BB,PRT,Offline TA/TO,TA/TO,0,1,0,A,A,0,Non Refund,19.0,44,Transient,75.0,0,0
City Hotel,1,109,2016,February,9,21,2,1,2,0.0,0,BB,PRT,Offline TA/TO,TA/TO,0,1,0,A,A,0,Non Refund,19.0,44,Transient,75.0,0,0
City Hotel,1,109,2016,February,9,21,2,1,2,0.0,0,BB,PRT,Offline TA/TO,TA/TO,0,1,0,A,A,0,Non Refund,19.0,44,Transient,75.0,0,0
City Hotel,1,109,2016,February,9,21,2,1,2,0.0,0,BB,PRT,Offline TA/TO,TA/TO,0,1,0,A,A,0,Non Refund,19.0,44,Transient,75.0,0,0
City Hotel,1,109,2016,February,9,21,2,1,2,0.0,0,BB,PRT,Offline TA/TO,TA/TO,0,1,0,A,A,0,Non Refund,19.0,44,Transient,75.0,0,0
City Hotel,1,109,2016,February,9,21,2,1,2,0.0,0,BB,PRT,Offline TA/TO,TA/TO,0,1,0,A,A,0,Non Refund,19.0,44,Transient,75.0,0,0
City Hotel,1,109,2016,February,9,21,2,1,2,0.0,0,BB,PRT,Offline TA/TO,TA/TO,0,1,0,A,A,0,Non Refund,19.0,44,Transient,75.0,0,0
City Hotel,1,109,2016,February,9,21,2,1,2,0.0,0,BB,PRT,Offline TA/TO,TA/TO,0,1,0,A,A,0,Non Refund,19.0,44,Transient,75.0,0,0
City Hotel,1,109,2016,February,9,21,2,1,2,0.0,0,BB,PRT,Offline TA/TO,TA/TO,0,1,0,A,A,0,Non Refund,19.0,44,Transient,75.0,0,0
City Hotel,1,109,2016,February,9,21,2,1,2,0.0,0,BB,PRT,Offline TA/TO,TA/TO,0,1,0,A,A,0,Non Refund,19.0,44,Transient,75.0,0,0
City Hotel,1,109,2016,February,9,21,2,1,2,0.0,0,BB,PRT,Offline TA/TO,TA/TO,0,1,0,A,A,0,Non Refund,19.0,44,Transient,75.0,0,0
City Hotel,1,109,2016,February,9,21,2,1,2,0.0,0,BB,PRT,Offline TA/TO,TA/TO,0,1,0,A,A,0,Non Refund,19.0,44,Transient,75.0,0,0
City Hotel,1,109,2016,February,9,21,2,1,2,0.0,0,BB,PRT,Offline TA/TO,TA/TO,0,1,0,A,A,0,Non Refund,19.0,44,Transient,75.0,0,0
City Hotel,1,109,2016,February,9,21,2,1,2,0.0,0,BB,PRT,Offline TA/TO,TA/TO,0,1,0,A,A,0,Non Refund,19.0,44,Transient,75.0,0,0
City Hotel,1,109,2016,February,9,21,2,1,2,0.0,0,BB,PRT,Offline TA/TO,TA/TO,0,1,0,A,A,0,Non Refund,19.0,44,Transient,75.0,0,0
City Hotel,1,109,2016,February,9,21,2,1,2,0.0,0,BB,PRT,Offline TA/TO,TA/TO,0,1,0,A,A,0,Non Refund,19.0,44,Transient,75.0,0,0
City Hotel,1,109,2016,February,9,21,2,1,2,0.0,0,BB,PRT,Offline TA/TO,TA/TO,0,1,0,A,A,0,Non Refund,19.0,44,Transient,75.0,0,0
City Hotel,1,109,2016,February,9,21,2,1,2,0.0,0,BB,PRT,Offline TA/TO,TA/TO,0,1,0,A,A,0,Non Refund,19.0,44,Transient,75.0,0,0
City Hotel,1,109,2016,February,9,21,2,1,2,0.0,0,BB,PRT,Offline TA/TO,TA/TO,0,1,0,A,A,0,Non Refund,19.0,44,Transient,75.0,0,0
City Hotel,1,109,2016,February,9,21,2,1,2,0.0,0,BB,PRT,Offline TA/TO,TA/TO,0,1,0,A,A,0,Non Refund,19.0,44,Transient,75.0,0,0
City Hotel,1,109,2016,February,9,21,2,1,2,0.0,0,BB,PRT,Offline TA/TO,TA/TO,0,1,0,A,A,0,Non Refund,19.0,44,Transient,75.0,0,0
City Hotel,1,109,2016,February,9,21,2,1,2,0.0,0,BB,PRT,Offline TA/TO,TA/TO,0,1,0,A,A,0,Non Refund,19.0,44,Transient,75.0,0,0
City Hotel,1,109,2016,February,9,21,2,1,2,0.0,0,BB,PRT,Offline TA/TO,TA/TO,0,1,0,A,A,0,Non Refund,19.0,44,Transient,75.0,0,0
City Hotel,1,109,2016,February,9,21,2,1,2,0.0,0,BB,PRT,Offline TA/TO,TA/TO,0,1,0,A,A,0,Non Refund,19.0,44,Transient,75.0,0,0
City Hotel,1,109,2016,February,9,21,2,1,2,0.0,0,BB,PRT,Offline TA/TO,TA/TO,0,1,0,A,A,0,Non Refund,19.0,44,Transient,75.0,0,0
City Hotel,1,109,2016,February,9,21,2,1,2,0.0,0,BB,PRT,Offline TA/TO,TA/TO,0,1,0,A,A,0,Non Refund,19.0,44,Transient,75.0,0,0
City Hotel,1,109,2016,February,9,21,2,1,2,0.0,0,BB,PRT,Offline TA/TO,TA/TO,0,1,0,A,A,0,Non Refund,19.0,44,Transient,75.0,0,0
City Hotel,1,109,2016,February,9,21,2,1,2,0.0,0,BB,PRT,Offline TA/TO,TA/TO,0,1,0,A,A,0,Non Refund,19.0,44,Transient,75.0,0,0
City Hotel,1,109,2016,February,9,21,2,1,2,0.0,0,BB,PRT,Offline TA/TO,TA/TO,0,1,0,A,A,0,Non Refund,19.0,44,Transient,75.0,0,0
City Hotel,1,109,2016,February,9,21,2,1,2,0.0,0,BB,PRT,Offline TA/TO,TA/TO,0,1,0,A,A,0,Non Refund,19.0,44,Transient,75.0,0,0
City Hotel,1,109,2016,February,9,21,2,1,2,0.0,0,BB,PRT,Offline TA/TO,TA/TO,0,1,0,A,A,0,Non Refund,19.0,44,Transient,75.0,0,0
City Hotel,1,109,2016,February,9,21,2,1,2,0.0,0,BB,PRT,Offline TA/TO,TA/TO,0,1,0,A,A,0,Non Refund,19.0,44,Transient,75.0,0,0
City Hotel,1,109,2016,February,9,21,2,1,2,0.0,0,BB,PRT,Offline TA/TO,TA/TO,0,1,0,A,A,0,Non Refund,19.0,44,Transient,75.0,0,0
City Hotel,1,109,2016,February,9,21,2,1,2,0.0,0,BB,PRT,Offline TA/TO,TA/TO,0,1,0,A,A,0,Non Refund,19.0,44,Transient,75.0,0,0
City Hotel,1,109,2016,February,9,21,2,1,2,0.0,0,BB,PRT,Offline TA/TO,TA/TO,0,1,0,A,A,0,Non Refund,19.0,44,Transient,75.0,0,0
City Hotel,1,109,2016,February,9,21,2,1,2,0.0,0,BB,PRT,Offline TA/TO,TA/TO,0,1,0,A,A,0,Non Refund,19.0,44,Transient,75.0,0,0
City Hotel,1,113,2016,February,9,25,0,3,2,0.0,0,BB,PRT,Offline TA/TO,TA/TO,0,1,0,A,A,0,Non Refund,19.0,44,Transient,75.0,0,0
City Hotel,1,113,2016,February,9,25,0,3,2,0.0,0,BB,PRT,Offline TA/TO,TA/TO,0,6,0,A,A,0,Non Refund,19.0,44,Transient,75.0,0,0
City Hotel,1,113,2016,February,9,25,0,3,2,0.0,0,BB,PRT,Offline TA/TO,TA/TO,0,6,0,A,A,0,Non Refund,19.0,44,Transient,75.0,0,0
City Hotel,1,113,2016,February,9,25,0,3,2,0.0,0,BB,PRT,Offline TA/TO,TA/TO,0,6,0,A,A,0,Non Refund,19.0,44,Transient,75.0,0,0
City Hotel,1,113,2016,February,9,25,0,3,2,0.0,0,BB,PRT,Offline TA/TO,TA/TO,0,6,0,A,A,0,Non Refund,19.0,44,Transient,75.0,0,0
City Hotel,1,113,2016,February,9,25,0,3,2,0.0,0,BB,PRT,Offline TA/TO,TA/TO,0,6,0,A,A,0,Non Refund,19.0,44,Transient,75.0,0,0
City Hotel,1,113,2016,February,9,25,0,3,2,0.0,0,BB,PRT,Offline TA/TO,TA/TO,0,6,0,A,A,0,Non Refund,19.0,44,Transient,75.0,0,0
City Hotel,1,113,2016,February,9,25,0,3,2,0.0,0,BB,PRT,Offline TA/TO,TA/TO,0,1,0,A,A,0,Non Refund,19.0,44,Transient,75.0,0,0
City Hotel,1,113,2016,February,9,25,0,3,2,0.0,0,BB,PRT,Offline TA/TO,TA/TO,0,1,0,A,A,0,Non Refund,19.0,44,Transient,75.0,0,0
City Hotel,1,113,2016,February,9,25,0,3,2,0.0,0,BB,PRT,Offline TA/TO,TA/TO,0,1,0,A,A,0,Non Refund,19.0,44,Transient,75.0,0,0
City Hotel,1,113,2016,February,9,25,0,3,2,0.0,0,BB,PRT,Offline TA/TO,TA/TO,0,1,0,A,A,0,Non Refund,19.0,44,Transient,75.0,0,0
City Hotel,1,113,2016,February,9,25,0,3,2,0.0,0,BB,PRT,Offline TA/TO,TA/TO,0,1,0,A,A,0,Non Refund,19.0,44,Transient,75.0,0,0
City Hotel,1,113,2016,February,9,25,0,3,2,0.0,0,BB,PRT,Offline TA/TO,TA/TO,0,1,0,A,A,0,Non Refund,19.0,44,Transient,75.0,0,0
City Hotel,1,113,2016,February,9,25,0,3,2,0.0,0,BB,PRT,Offline TA/TO,TA/TO,0,1,0,A,A,0,Non Refund,19.0,44,Transient,75.0,0,0
City Hotel,1,113,2016,February,9,25,0,3,2,0.0,0,BB,PRT,Offline TA/TO,TA/TO,0,1,0,A,A,0,Non Refund,19.0,44,Transient,75.0,0,0
City Hotel,1,113,2016,February,9,25,0,3,2,0.0,0,BB,PRT,Offline TA/TO,TA/TO,0,1,0,A,A,0,Non Refund,19.0,44,Transient,75.0,0,0
City Hotel,1,113,2016,February,9,25,0,3,2,0.0,0,BB,PRT,Offline TA/TO,TA/TO,0,1,0,A,A,0,Non Refund,19.0,44,Transient,75.0,0,0
City Hotel,1,113,2016,February,9,25,0,3,2,0.0,0,BB,PRT,Offline TA/TO,TA/TO,0,1,0,A,A,0,Non Refund,19.0,44,Transient,75.0,0,0
City Hotel,1,113,2016,February,9,25,0,3,2,0.0,0,BB,PRT,Offline TA/TO,TA/TO,0,1,0,A,A,0,Non Refund,19.0,44,Transient,75.0,0,0
City Hotel,1,113,2016,February,9,25,0,3,2,0.0,0,BB,PRT,Offline TA/TO,TA/TO,0,1,0,A,A,0,Non Refund,19.0,44,Transient,75.0,0,0
City Hotel,1,113,2016,February,9,25,0,3,2,0.0,0,BB,PRT,Offline TA/TO,TA/TO,0,1,0,A,A,0,Non Refund,19.0,44,Transient,75.0,0,0
City Hotel,1,113,2016,February,9,25,0,3,2,0.0,0,BB,PRT,Offline TA/TO,TA/TO,0,1,0,A,A,0,Non Refund,19.0,44,Transient,75.0,0,0
City Hotel,1,113,2016,February,9,25,0,3,2,0.0,0,BB,PRT,Offline TA/TO,TA/TO,0,1,0,A,A,0,Non Refund,19.0,44,Transient,75.0,0,0
City Hotel,1,113,2016,February,9,25,0,3,2,0.0,0,BB,PRT,Offline TA/TO,TA/TO,0,1,0,A,A,0,Non Refund,19.0,44,Transient,75.0,0,0
City Hotel,1,113,2016,February,9,25,0,3,2,0.0,0,BB,PRT,Offline TA/TO,TA/TO,0,1,0,A,A,0,Non Refund,19.0,44,Transient,75.0,0,0
City Hotel,1,113,2016,February,9,25,0,3,2,0.0,0,BB,PRT,Offline TA/TO,TA/TO,0,1,0,A,A,0,Non Refund,19.0,44,Transient,75.0,0,0
City Hotel,1,113,2016,February,9,25,0,3,2,0.0,0,BB,PRT,Offline TA/TO,TA/TO,0,1,0,A,A,0,Non Refund,19.0,44,Transient,75.0,0,0
City Hotel,1,113,2016,February,9,25,0,3,2,0.0,0,BB,PRT,Offline TA/TO,TA/TO,0,1,0,A,A,0,Non Refund,19.0,44,Transient,75.0,0,0
City Hotel,1,113,2016,February,9,25,0,3,2,0.0,0,BB,PRT,Offline TA/TO,TA/TO,0,1,0,A,A,0,Non Refund,19.0,44,Transient,75.0,0,0
City Hotel,1,113,2016,February,9,25,0,3,2,0.0,0,BB,PRT,Offline TA/TO,TA/TO,0,1,0,A,A,0,Non Refund,19.0,44,Transient,75.0,0,0
City Hotel,1,113,2016,February,9,25,0,3,2,0.0,0,BB,PRT,Offline TA/TO,TA/TO,0,1,0,A,A,0,Non Refund,19.0,44,Transient,75.0,0,0
City Hotel,1,113,2016,February,9,25,0,3,2,0.0,0,BB,PRT,Offline TA/TO,TA/TO,0,1,0,A,A,0,Non Refund,19.0,44,Transient,75.0,0,0
City Hotel,1,113,2016,February,9,25,0,3,2,0.0,0,BB,PRT,Offline TA/TO,TA/TO,0,1,0,A,A,0,Non Refund,19.0,44,Transient,75.0,0,0
City Hotel,1,113,2016,February,9,25,0,3,2,0.0,0,BB,PRT,Offline TA/TO,TA/TO,0,1,0,A,A,0,Non Refund,19.0,44,Transient,75.0,0,0
City Hotel,1,113,2016,February,9,25,0,3,2,0.0,0,BB,PRT,Offline TA/TO,TA/TO,0,1,0,A,A,0,Non Refund,19.0,44,Transient,75.0,0,0
City Hotel,1,113,2016,February,9,25,0,3,2,0.0,0,BB,PRT,Offline TA/TO,TA/TO,0,1,0,A,A,0,Non Refund,19.0,44,Transient,75.0,0,0
City Hotel,1,113,2016,February,9,25,0,3,2,0.0,0,BB,PRT,Offline TA/TO,TA/TO,0,1,0,A,A,0,Non Refund,19.0,44,Transient,75.0,0,0
City Hotel,1,113,2016,February,9,25,0,3,2,0.0,0,BB,PRT,Offline TA/TO,TA/TO,0,1,0,A,A,0,Non Refund,19.0,44,Transient,75.0,0,0
City Hotel,1,113,2016,February,9,25,0,3,2,0.0,0,BB,PRT,Offline TA/TO,TA/TO,0,1,0,A,A,0,Non Refund,19.0,44,Transient,75.0,0,0
City Hotel,1,113,2016,February,9,25,0,3,2,0.0,0,BB,PRT,Offline TA/TO,TA/TO,0,1,0,A,A,0,Non Refund,19.0,44,Transient,75.0,0,0
City Hotel,1,117,2016,February,10,29,1,2,2,0.0,0,BB,PRT,Offline TA/TO,TA/TO,0,1,0,A,A,0,Non Refund,19.0,44,Transient,75.0,0,0
City Hotel,1,117,2016,February,10,29,1,2,2,0.0,0,BB,PRT,Offline TA/TO,TA/TO,0,1,0,A,A,0,Non Refund,19.0,44,Transient,75.0,0,0
City Hotel,1,117,2016,February,10,29,1,2,2,0.0,0,BB,PRT,Offline TA/TO,TA/TO,0,1,0,A,A,0,Non Refund,19.0,44,Transient,75.0,0,0
City Hotel,1,117,2016,February,10,29,1,2,2,0.0,0,BB,PRT,Offline TA/TO,TA/TO,0,1,0,A,A,0,Non Refund,19.0,44,Transient,75.0,0,0
City Hotel,1,117,2016,February,10,29,1,2,2,0.0,0,BB,PRT,Offline TA/TO,TA/TO,0,1,0,A,A,0,Non Refund,19.0,44,Transient,75.0,0,0
City Hotel,1,117,2016,February,10,29,1,2,2,0.0,0,BB,PRT,Offline TA/TO,TA/TO,0,1,0,A,A,0,Non Refund,19.0,44,Transient,75.0,0,0
City Hotel,1,117,2016,February,10,29,1,2,2,0.0,0,BB,PRT,Offline TA/TO,TA/TO,0,1,0,A,A,0,Non Refund,19.0,44,Transient,75.0,0,0
City Hotel,1,117,2016,February,10,29,1,2,2,0.0,0,BB,PRT,Offline TA/TO,TA/TO,0,1,0,A,A,0,Non Refund,19.0,44,Transient,75.0,0,0
City Hotel,1,117,2016,February,10,29,1,2,2,0.0,0,BB,PRT,Offline TA/TO,TA/TO,0,1,0,A,A,0,Non Refund,19.0,44,Transient,75.0,0,0
City Hotel,1,117,2016,February,10,29,1,2,2,0.0,0,BB,PRT,Offline TA/TO,TA/TO,0,1,0,A,A,0,Non Refund,19.0,44,Transient,75.0,0,0
City Hotel,1,117,2016,February,10,29,1,2,2,0.0,0,BB,PRT,Offline TA/TO,TA/TO,0,1,0,A,A,0,Non Refund,19.0,44,Transient,75.0,0,0
City Hotel,1,117,2016,February,10,29,1,2,2,0.0,0,BB,PRT,Offline TA/TO,TA/TO,0,1,0,A,A,0,Non Refund,19.0,44,Transient,75.0,0,0
City Hotel,1,117,2016,February,10,29,1,2,2,0.0,0,BB,PRT,Offline TA/TO,TA/TO,0,1,0,A,A,0,Non Refund,19.0,44,Transient,75.0,0,0
City Hotel,1,117,2016,February,10,29,1,2,2,0.0,0,BB,PRT,Offline TA/TO,TA/TO,0,1,0,A,A,0,Non Refund,19.0,44,Transient,75.0,0,0
City Hotel,1,117,2016,February,10,29,1,2,2,0.0,0,BB,PRT,Offline TA/TO,TA/TO,0,1,0,A,A,0,Non Refund,19.0,44,Transient,75.0,0,0
City Hotel,1,117,2016,February,10,29,1,2,2,0.0,0,BB,PRT,Offline TA/TO,TA/TO,0,1,0,A,A,0,Non Refund,19.0,44,Transient,75.0,0,0
City Hotel,1,117,2016,February,10,29,1,2,2,0.0,0,BB,PRT,Offline TA/TO,TA/TO,0,1,0,A,A,0,Non Refund,19.0,44,Transient,75.0,0,0
City Hotel,1,117,2016,February,10,29,1,2,2,0.0,0,BB,PRT,Offline TA/TO,TA/TO,0,1,0,A,A,0,Non Refund,19.0,44,Transient,75.0,0,0
City Hotel,1,117,2016,February,10,29,1,2,2,0.0,0,BB,PRT,Offline TA/TO,TA/TO,0,1,0,A,A,0,Non Refund,19.0,44,Transient,75.0,0,0
City Hotel,1,117,2016,February,10,29,1,2,2,0.0,0,BB,PRT,Offline TA/TO,TA/TO,0,1,0,A,A,0,Non Refund,19.0,44,Transient,75.0,0,0
City Hotel,1,117,2016,February,10,29,1,2,2,0.0,0,BB,PRT,Offline TA/TO,TA/TO,0,1,0,A,A,0,Non Refund,19.0,44,Transient,75.0,0,0
City Hotel,1,117,2016,February,10,29,1,2,2,0.0,0,BB,PRT,Offline TA/TO,TA/TO,0,1,0,A,A,0,Non Refund,19.0,44,Transient,75.0,0,0
City Hotel,1,117,2016,February,10,29,1,2,2,0.0,0,BB,PRT,Offline TA/TO,TA/TO,0,1,0,A,A,0,Non Refund,19.0,44,Transient,75.0,0,0
City Hotel,1,117,2016,February,10,29,1,2,2,0.0,0,BB,PRT,Offline TA/TO,TA/TO,0,1,0,A,A,0,Non Refund,19.0,44,Transient,75.0,0,0
City Hotel,1,117,2016,February,10,29,1,2,2,0.0,0,BB,PRT,Offline TA/TO,TA/TO,0,1,0,A,A,0,Non Refund,19.0,44,Transient,75.0,0,0
City Hotel,1,117,2016,February,10,29,1,2,2,0.0,0,BB,PRT,Offline TA/TO,TA/TO,0,1,0,A,A,0,Non Refund,19.0,44,Transient,75.0,0,0
City Hotel,1,117,2016,February,10,29,1,2,2,0.0,0,BB,PRT,Offline TA/TO,TA/TO,0,1,0,A,A,0,Non Refund,19.0,44,Transient,75.0,0,0
City Hotel,1,117,2016,February,10,29,1,2,2,0.0,0,BB,PRT,Offline TA/TO,TA/TO,0,1,0,A,A,0,Non Refund,19.0,44,Transient,75.0,0,0
City Hotel,1,211,2016,May,23,31,0,3,2,0.0,0,HB,PRT,Offline TA/TO,TA/TO,0,1,0,A,A,0,Non Refund,3.0,46,Transient,115.0,0,0
City Hotel,1,211,2016,May,23,31,0,3,2,0.0,0,HB,PRT,Offline TA/TO,TA/TO,0,1,0,A,A,0,Non Refund,3.0,46,Transient,115.0,0,0
City Hotel,1,211,2016,May,23,31,0,3,2,0.0,0,HB,PRT,Offline TA/TO,TA/TO,0,1,0,A,A,0,Non Refund,3.0,46,Transient,115.0,0,0
City Hotel,1,211,2016,May,23,31,0,3,2,0.0,0,HB,PRT,Offline TA/TO,TA/TO,0,1,0,A,A,0,Non Refund,3.0,46,Transient,115.0,0,0
City Hotel,1,211,2016,May,23,31,0,3,2,0.0,0,HB,PRT,Offline TA/TO,TA/TO,0,1,0,A,A,0,Non Refund,3.0,46,Transient,115.0,0,0
City Hotel,1,211,2016,May,23,31,0,3,2,0.0,0,HB,PRT,Offline TA/TO,TA/TO,0,1,0,A,A,0,Non Refund,3.0,46,Transient,115.0,0,0
City Hotel,1,211,2016,May,23,31,0,3,2,0.0,0,HB,PRT,Offline TA/TO,TA/TO,0,1,0,A,A,0,Non Refund,3.0,46,Transient,115.0,0,0
City Hotel,1,211,2016,May,23,31,0,3,2,0.0,0,HB,PRT,Offline TA/TO,TA/TO,0,1,0,A,A,0,Non Refund,3.0,46,Transient,115.0,0,0
City Hotel,1,211,2016,May,23,31,0,3,2,0.0,0,HB,PRT,Offline TA/TO,TA/TO,0,1,0,A,A,0,Non Refund,3.0,46,Transient,115.0,0,0
City Hotel,1,211,2016,May,23,31,0,3,2,0.0,0,HB,PRT,Offline TA/TO,TA/TO,0,1,0,A,A,0,Non Refund,3.0,46,Transient,115.0,0,0
City Hotel,1,211,2016,May,23,31,0,3,2,0.0,0,HB,PRT,Offline TA/TO,TA/TO,0,1,0,A,A,0,Non Refund,3.0,46,Transient,115.0,0,0
City Hotel,1,211,2016,May,23,31,0,3,2,0.0,0,HB,PRT,Offline TA/TO,TA/TO,0,1,0,A,A,0,Non Refund,3.0,46,Transient,115.0,0,0
City Hotel,1,178,2016,April,18,28,0,3,2,0.0,0,BB,PRT,Offline TA/TO,TA/TO,0,1,0,A,A,0,Non Refund,19.0,46,Transient,120.0,0,0
City Hotel,1,178,2016,April,18,28,0,3,2,0.0,0,BB,PRT,Offline TA/TO,TA/TO,0,1,0,A,A,0,Non Refund,19.0,46,Transient,120.0,0,0
City Hotel,1,178,2016,April,18,28,0,3,2,0.0,0,BB,PRT,Offline TA/TO,TA/TO,0,1,0,A,A,0,Non Refund,19.0,46,Transient,120.0,0,0
City Hotel,1,178,2016,April,18,28,0,3,2,0.0,0,BB,PRT,Offline TA/TO,TA/TO,0,1,0,A,A,0,Non Refund,19.0,46,Transient,120.0,0,0
City Hotel,1,178,2016,April,18,28,0,3,2,0.0,0,BB,PRT,Offline TA/TO,TA/TO,0,1,0,A,A,0,Non Refund,19.0,46,Transient,120.0,0,0
City Hotel,1,178,2016,April,18,28,0,3,2,0.0,0,BB,PRT,Offline TA/TO,TA/TO,0,1,0,A,A,0,Non Refund,19.0,46,Transient,120.0,0,0
City Hotel,1,178,2016,April,18,28,0,3,2,0.0,0,BB,PRT,Offline TA/TO,TA/TO,0,1,0,A,A,0,Non Refund,19.0,46,Transient,120.0,0,0
City Hotel,1,178,2016,April,18,28,0,3,2,0.0,0,BB,PRT,Offline TA/TO,TA/TO,0,1,0,A,A,0,Non Refund,19.0,46,Transient,120.0,0,0
City Hotel,1,178,2016,April,18,28,0,3,2,0.0,0,BB,PRT,Offline TA/TO,TA/TO,0,1,0,A,A,0,Non Refund,19.0,46,Transient,120.0,0,0
City Hotel,1,178,2016,April,18,28,0,3,2,0.0,0,BB,PRT,Offline TA/TO,TA/TO,0,1,0,A,A,0,Non Refund,19.0,46,Transient,120.0,0,0
City Hotel,1,178,2016,April,18,28,0,3,2,0.0,0,BB,PRT,Offline TA/TO,TA/TO,0,1,0,A,A,0,Non Refund,19.0,46,Transient,120.0,0,0
City Hotel,1,178,2016,April,18,28,0,3,2,0.0,0,BB,PRT,Offline TA/TO,TA/TO,0,1,0,A,A,0,Non Refund,19.0,46,Transient,120.0,0,0
City Hotel,1,178,2016,April,18,28,0,3,2,0.0,0,BB,PRT,Offline TA/TO,TA/TO,0,1,0,A,A,0,Non Refund,19.0,46,Transient,120.0,0,0
City Hotel,1,178,2016,April,18,28,0,3,2,0.0,0,BB,PRT,Offline TA/TO,TA/TO,0,1,0,A,A,0,Non Refund,19.0,46,Transient,120.0,0,0
City Hotel,1,178,2016,April,18,28,0,3,2,0.0,0,BB,PRT,Offline TA/TO,TA/TO,0,1,0,A,A,0,Non Refund,19.0,46,Transient,120.0,0,0
City Hotel,1,181,2016,May,19,5,2,4,2,0.0,0,BB,PRT,Offline TA/TO,TA/TO,0,1,0,A,A,0,Non Refund,26.0,42,Transient,90.0,0,0
City Hotel,1,181,2016,May,19,5,2,4,2,0.0,0,BB,PRT,Offline TA/TO,TA/TO,0,1,0,A,A,0,Non Refund,26.0,42,Transient,90.0,0,0
City Hotel,1,181,2016,May,19,5,2,4,2,0.0,0,BB,PRT,Offline TA/TO,TA/TO,0,1,0,A,A,0,Non Refund,26.0,42,Transient,90.0,0,0
City Hotel,1,181,2016,May,19,5,2,4,2,0.0,0,BB,PRT,Offline TA/TO,TA/TO,0,1,0,A,A,0,Non Refund,26.0,42,Transient,90.0,0,0
City Hotel,1,181,2016,May,19,5,2,4,2,0.0,0,BB,PRT,Offline TA/TO,TA/TO,0,1,0,A,A,0,Non Refund,26.0,42,Transient,90.0,0,0
City Hotel,1,181,2016,May,19,5,2,4,2,0.0,0,BB,PRT,Offline TA/TO,TA/TO,0,1,0,A,A,0,Non Refund,26.0,42,Transient,90.0,0,0
City Hotel,1,181,2016,May,19,5,2,4,2,0.0,0,BB,PRT,Offline TA/TO,TA/TO,0,1,0,A,A,0,Non Refund,26.0,42,Transient,90.0,0,0
City Hotel,1,181,2016,May,19,5,2,4,2,0.0,0,BB,PRT,Offline TA/TO,TA/TO,0,1,0,A,A,0,Non Refund,26.0,42,Transient,90.0,0,0
City Hotel,1,181,2016,May,19,5,2,4,2,0.0,0,BB,PRT,Offline TA/TO,TA/TO,0,1,0,A,A,0,Non Refund,26.0,42,Transient,90.0,0,0
City Hotel,1,181,2016,May,19,5,2,4,2,0.0,0,BB,PRT,Offline TA/TO,TA/TO,0,1,0,A,A,0,Non Refund,26.0,42,Transient,90.0,0,0
City Hotel,1,181,2016,May,19,5,2,4,2,0.0,0,BB,PRT,Offline TA/TO,TA/TO,0,1,0,A,A,0,Non Refund,26.0,42,Transient,90.0,0,0
City Hotel,1,181,2016,May,19,5,2,4,2,0.0,0,BB,PRT,Offline TA/TO,TA/TO,0,1,0,A,A,0,Non Refund,26.0,42,Transient,90.0,0,0
City Hotel,1,181,2016,May,19,5,2,4,2,0.0,0,BB,PRT,Offline TA/TO,TA/TO,0,1,0,A,A,0,Non Refund,26.0,42,Transient,90.0,0,0
City Hotel,1,181,2016,May,19,5,2,4,2,0.0,0,BB,PRT,Offline TA/TO,TA/TO,0,1,0,A,A,0,Non Refund,26.0,42,Transient,90.0,0,0
City Hotel,1,181,2016,May,19,5,2,4,2,0.0,0,BB,PRT,Offline TA/TO,TA/TO,0,1,0,A,A,0,Non Refund,26.0,42,Transient,90.0,0,0
City Hotel,1,181,2016,May,19,5,2,4,2,0.0,0,BB,PRT,Offline TA/TO,TA/TO,0,1,0,A,A,0,Non Refund,26.0,42,Transient,90.0,0,0
City Hotel,1,181,2016,May,19,5,2,4,2,0.0,0,BB,PRT,Offline TA/TO,TA/TO,0,1,0,A,A,0,Non Refund,26.0,42,Transient,90.0,0,0
City Hotel,1,181,2016,May,19,5,2,4,2,0.0,0,BB,PRT,Offline TA/TO,TA/TO,0,1,0,A,A,0,Non Refund,26.0,42,Transient,90.0,0,0
City Hotel,1,181,2016,May,19,5,2,4,2,0.0,0,BB,PRT,Offline TA/TO,TA/TO,0,1,0,A,A,0,Non Refund,26.0,42,Transient,90.0,0,0
City Hotel,1,181,2016,May,19,5,2,4,2,0.0,0,BB,PRT,Offline TA/TO,TA/TO,0,1,0,A,A,0,Non Refund,26.0,42,Transient,90.0,0,0
City Hotel,1,278,2016,August,33,11,0,1,2,0.0,0,BB,PRT,Groups,TA/TO,0,1,0,A,A,0,Non Refund,1.0,0,Transient,65.0,0,0
City Hotel,1,278,2016,August,33,11,0,1,2,0.0,0,BB,PRT,Groups,TA/TO,0,1,0,A,A,0,Non Refund,1.0,0,Transient,65.0,0,0
City Hotel,1,278,2016,August,33,11,0,1,2,0.0,0,BB,PRT,Groups,TA/TO,0,1,0,A,A,0,Non Refund,1.0,0,Transient,65.0,0,0
City Hotel,1,278,2016,August,33,11,0,1,2,0.0,0,BB,PRT,Groups,TA/TO,0,1,0,A,A,0,Non Refund,1.0,0,Transient,65.0,0,0
City Hotel,1,278,2016,August,33,11,0,1,2,0.0,0,BB,PRT,Groups,TA/TO,0,1,0,A,A,0,Non Refund,1.0,0,Transient,65.0,0,0
City Hotel,1,278,2016,August,33,11,0,1,2,0.0,0,BB,PRT,Groups,TA/TO,0,1,0,A,A,0,Non Refund,1.0,0,Transient,65.0,0,0
City Hotel,1,278,2016,August,33,11,0,1,2,0.0,0,BB,PRT,Groups,TA/TO,0,1,0,A,A,0,Non Refund,1.0,0,Transient,65.0,0,0
City Hotel,1,278,2016,August,33,11,0,1,2,0.0,0,BB,PRT,Groups,TA/TO,0,1,0,A,A,0,Non Refund,1.0,0,Transient,65.0,0,0
City Hotel,1,278,2016,August,33,11,0,1,2,0.0,0,BB,PRT,Groups,TA/TO,0,1,0,A,A,0,Non Refund,1.0,0,Transient,65.0,0,0
City Hotel,1,278,2016,August,33,11,0,1,2,0.0,0,BB,PRT,Groups,TA/TO,0,1,0,A,A,0,Non Refund,1.0,0,Transient,65.0,0,0
City Hotel,1,278,2016,August,33,11,0,1,2,0.0,0,BB,PRT,Groups,TA/TO,0,1,0,A,A,0,Non Refund,1.0,0,Transient,65.0,0,0
City Hotel,1,278,2016,August,33,11,0,1,2,0.0,0,BB,PRT,Groups,TA/TO,0,1,0,A,A,0,Non Refund,1.0,0,Transient,65.0,0,0
City Hotel,1,278,2016,August,33,11,0,1,2,0.0,0,BB,PRT,Groups,TA/TO,0,1,0,A,A,0,Non Refund,1.0,0,Transient,65.0,0,0
City Hotel,1,278,2016,August,33,11,0,1,2,0.0,0,BB,PRT,Groups,TA/TO,0,1,0,A,A,0,Non Refund,1.0,0,Transient,65.0,0,0
City Hotel,1,278,2016,August,33,11,0,1,2,0.0,0,BB,PRT,Groups,TA/TO,0,1,0,A,A,0,Non Refund,1.0,0,Transient,65.0,0,0
City Hotel,1,278,2016,August,33,11,0,1,2,0.0,0,BB,PRT,Groups,TA/TO,0,1,0,A,A,0,Non Refund,1.0,0,Transient,65.0,0,0
City Hotel,1,278,2016,August,33,11,0,1,2,0.0,0,BB,PRT,Groups,TA/TO,0,1,0,A,A,0,Non Refund,1.0,0,Transient,65.0,0,0
City Hotel,1,278,2016,August,33,11,0,1,2,0.0,0,BB,PRT,Groups,TA/TO,0,1,0,A,A,0,Non Refund,1.0,0,Transient,65.0,0,0
City Hotel,1,278,2016,August,33,11,0,1,2,0.0,0,BB,PRT,Groups,TA/TO,0,1,0,A,A,0,Non Refund,1.0,0,Transient,65.0,0,0
City Hotel,1,278,2016,August,33,11,0,1,2,0.0,0,BB,PRT,Groups,TA/TO,0,1,0,A,A,0,Non Refund,1.0,0,Transient,65.0,0,0
City Hotel,1,278,2016,August,33,11,0,1,2,0.0,0,BB,PRT,Groups,TA/TO,0,1,0,A,A,0,Non Refund,1.0,0,Transient,65.0,0,0
City Hotel,1,278,2016,August,33,11,0,1,2,0.0,0,BB,PRT,Groups,TA/TO,0,1,0,A,A,0,Non Refund,1.0,0,Transient,65.0,0,0
City Hotel,1,278,2016,August,33,11,0,1,2,0.0,0,BB,PRT,Groups,TA/TO,0,1,0,A,A,0,Non Refund,1.0,0,Transient,65.0,0,0
City Hotel,1,278,2016,August,33,11,0,1,2,0.0,0,BB,PRT,Groups,TA/TO,0,1,0,A,A,0,Non Refund,1.0,0,Transient,65.0,0,0
City Hotel,1,278,2016,August,33,11,0,1,2,0.0,0,BB,PRT,Groups,TA/TO,0,1,0,A,A,0,Non Refund,1.0,0,Transient,65.0,0,0
City Hotel,1,272,2016,August,32,5,0,1,2,0.0,0,BB,PRT,Groups,TA/TO,0,1,0,A,A,0,Non Refund,1.0,41,Transient,65.0,0,0
City Hotel,1,272,2016,August,32,5,0,1,2,0.0,0,BB,PRT,Groups,TA/TO,0,1,0,A,A,0,Non Refund,1.0,41,Transient,65.0,0,0
City Hotel,1,272,2016,August,32,5,0,1,2,0.0,0,BB,PRT,Groups,TA/TO,0,1,0,A,A,0,Non Refund,1.0,41,Transient,65.0,0,0
City Hotel,1,272,2016,August,32,5,0,1,2,0.0,0,BB,PRT,Groups,TA/TO,0,1,0,A,A,0,Non Refund,1.0,41,Transient,65.0,0,0
City Hotel,1,272,2016,August,32,5,0,1,2,0.0,0,BB,PRT,Groups,TA/TO,0,1,0,A,A,0,Non Refund,1.0,41,Transient,65.0,0,0
City Hotel,1,272,2016,August,32,5,0,1,2,0.0,0,BB,PRT,Groups,TA/TO,0,1,0,A,A,0,Non Refund,1.0,41,Transient,65.0,0,0
City Hotel,1,272,2016,August,32,5,0,1,2,0.0,0,BB,PRT,Groups,TA/TO,0,1,0,A,A,0,Non Refund,1.0,41,Transient,65.0,0,0
City Hotel,1,272,2016,August,32,5,0,1,2,0.0,0,BB,PRT,Groups,TA/TO,0,1,0,A,A,0,Non Refund,1.0,41,Transient,65.0,0,0
City Hotel,1,272,2016,August,32,5,0,1,2,0.0,0,BB,PRT,Groups,TA/TO,0,1,0,A,A,0,Non Refund,1.0,41,Transient,65.0,0,0
City Hotel,1,272,2016,August,32,5,0,1,2,0.0,0,BB,PRT,Groups,TA/TO,0,1,0,A,A,0,Non Refund,1.0,41,Transient,65.0,0,0
City Hotel,1,272,2016,August,32,5,0,1,2,0.0,0,BB,PRT,Groups,TA/TO,0,1,0,A,A,0,Non Refund,1.0,41,Transient,65.0,0,0
City Hotel,1,272,2016,August,32,5,0,1,2,0.0,0,BB,PRT,Groups,TA/TO,0,1,0,A,A,0,Non Refund,1.0,41,Transient,65.0,0,0
City Hotel,1,272,2016,August,32,5,0,1,2,0.0,0,BB,PRT,Groups,TA/TO,0,1,0,A,A,0,Non Refund,1.0,41,Transient,65.0,0,0
City Hotel,1,272,2016,August,32,5,0,1,2,0.0,0,BB,PRT,Groups,TA/TO,0,1,0,A,A,0,Non Refund,1.0,41,Transient,65.0,0,0
City Hotel,1,272,2016,August,32,5,0,1,2,0.0,0,BB,PRT,Groups,TA/TO,0,1,0,A,A,0,Non Refund,1.0,41,Transient,65.0,0,0
City Hotel,1,272,2016,August,32,5,0,1,2,0.0,0,BB,PRT,Groups,TA/TO,0,1,0,A,A,0,Non Refund,1.0,41,Transient,65.0,0,0
City Hotel,1,272,2016,August,32,5,0,1,2,0.0,0,BB,PRT,Groups,TA/TO,0,1,0,A,A,0,Non Refund,1.0,41,Transient,65.0,0,0
City Hotel,1,272,2016,August,32,5,0,1,2,0.0,0,BB,PRT,Groups,TA/TO,0,1,0,A,A,0,Non Refund,1.0,41,Transient,65.0,0,0
City Hotel,1,272,2016,August,32,5,0,1,2,0.0,0,BB,PRT,Groups,TA/TO,0,1,0,A,A,0,Non Refund,1.0,41,Transient,65.0,0,0
City Hotel,1,272,2016,August,32,5,0,1,2,0.0,0,BB,PRT,Groups,TA/TO,0,1,0,A,A,0,Non Refund,1.0,41,Transient,65.0,0,0
City Hotel,1,272,2016,August,32,5,0,1,2,0.0,0,BB,PRT,Groups,TA/TO,0,1,0,A,A,0,Non Refund,1.0,41,Transient,65.0,0,0
City Hotel,1,272,2016,August,32,5,0,1,2,0.0,0,BB,PRT,Groups,TA/TO,0,1,0,A,A,0,Non Refund,1.0,41,Transient,65.0,0,0
City Hotel,1,272,2016,August,32,5,0,1,2,0.0,0,BB,PRT,Groups,TA/TO,0,1,0,A,A,0,Non Refund,1.0,41,Transient,65.0,0,0
City Hotel,1,272,2016,August,32,5,0,1,2,0.0,0,BB,PRT,Groups,TA/TO,0,1,0,A,A,0,Non Refund,1.0,41,Transient,65.0,0,0
City Hotel,1,272,2016,August,32,5,0,1,2,0.0,0,BB,PRT,Groups,TA/TO,0,1,0,A,A,0,Non Refund,1.0,41,Transient,65.0,0,0
City Hotel,1,305,2016,October,40,1,1,1,2,0.0,0,HB,PRT,Groups,TA/TO,0,1,0,A,A,0,Non Refund,35.0,17,Transient,100.0,0,0
City Hotel,1,305,2016,October,40,1,1,1,2,0.0,0,HB,PRT,Groups,TA/TO,0,1,0,A,A,0,Non Refund,35.0,17,Transient,100.0,0,0
City Hotel,1,305,2016,October,40,1,1,1,2,0.0,0,HB,PRT,Groups,TA/TO,0,1,0,A,A,0,Non Refund,35.0,17,Transient,100.0,0,0
City Hotel,1,305,2016,October,40,1,1,1,2,0.0,0,HB,PRT,Groups,TA/TO,0,1,0,A,A,0,Non Refund,35.0,17,Transient,100.0,0,0
City Hotel,1,305,2016,October,40,1,1,1,2,0.0,0,HB,PRT,Groups,TA/TO,0,1,0,A,A,0,Non Refund,35.0,17,Transient,100.0,0,0
City Hotel,1,305,2016,October,40,1,1,1,2,0.0,0,HB,PRT,Groups,TA/TO,0,1,0,A,A,0,Non Refund,35.0,17,Transient,100.0,0,0
City Hotel,1,305,2016,October,40,1,1,1,2,0.0,0,HB,PRT,Groups,TA/TO,0,1,0,A,A,0,Non Refund,35.0,17,Transient,100.0,0,0
City Hotel,1,305,2016,October,40,1,1,1,2,0.0,0,HB,PRT,Groups,TA/TO,0,1,0,A,A,0,Non Refund,35.0,17,Transient,100.0,0,0
City Hotel,1,305,2016,October,40,1,1,1,2,0.0,0,HB,PRT,Groups,TA/TO,0,1,0,A,A,0,Non Refund,35.0,17,Transient,100.0,0,0
City Hotel,1,305,2016,October,40,1,1,1,2,0.0,0,HB,PRT,Groups,TA/TO,0,1,0,A,A,0,Non Refund,35.0,17,Transient,100.0,0,0
City Hotel,1,305,2016,October,40,1,1,1,2,0.0,0,HB,PRT,Groups,TA/TO,0,1,0,A,A,0,Non Refund,35.0,17,Transient,100.0,0,0
City Hotel,1,305,2016,October,40,1,1,1,2,0.0,0,HB,PRT,Groups,TA/TO,0,1,0,A,A,0,Non Refund,35.0,17,Transient,100.0,0,0
City Hotel,1,305,2016,October,40,1,1,1,2,0.0,0,HB,PRT,Groups,TA/TO,0,1,0,A,A,0,Non Refund,35.0,17,Transient,100.0,0,0
City Hotel,1,305,2016,October,40,1,1,1,2,0.0,0,HB,PRT,Groups,TA/TO,0,1,0,A,A,0,Non Refund,35.0,17,Transient,100.0,0,0
City Hotel,1,305,2016,October,40,1,1,1,2,0.0,0,HB,PRT,Groups,TA/TO,0,1,0,A,A,0,Non Refund,35.0,17,Transient,100.0,0,0
City Hotel,1,305,2016,October,40,1,1,1,2,0.0,0,HB,PRT,Groups,TA/TO,0,1,0,A,A,0,Non Refund,35.0,17,Transient,100.0,0,0
City Hotel,1,305,2016,October,40,1,1,1,2,0.0,0,HB,PRT,Groups,TA/TO,0,1,0,A,A,0,Non Refund,35.0,17,Transient,100.0,0,0
City Hotel,1,305,2016,October,40,1,1,1,2,0.0,0,HB,PRT,Groups,TA/TO,0,1,0,A,A,0,Non Refund,35.0,17,Transient,100.0,0,0
City Hotel,1,305,2016,October,40,1,1,1,2,0.0,0,HB,PRT,Groups,TA/TO,0,1,0,A,A,0,Non Refund,35.0,17,Transient,100.0,0,0
City Hotel,1,305,2016,October,40,1,1,1,2,0.0,0,HB,PRT,Groups,TA/TO,0,1,0,A,A,0,Non Refund,35.0,17,Transient,100.0,0,0
City Hotel,1,305,2016,October,40,1,1,1,2,0.0,0,HB,PRT,Groups,TA/TO,0,1,0,A,A,0,Non Refund,35.0,17,Transient,100.0,0,0
City Hotel,1,305,2016,October,40,1,1,1,2,0.0,0,HB,PRT,Groups,TA/TO,0,1,0,A,A,0,Non Refund,35.0,17,Transient,100.0,0,0
City Hotel,1,305,2016,October,40,1,1,1,2,0.0,0,HB,PRT,Groups,TA/TO,0,1,0,A,A,0,Non Refund,35.0,17,Transient,100.0,0,0
City Hotel,1,305,2016,October,40,1,1,1,2,0.0,0,HB,PRT,Groups,TA/TO,0,1,0,A,A,0,Non Refund,35.0,17,Transient,100.0,0,0
City Hotel,1,305,2016,October,40,1,1,1,2,0.0,0,HB,PRT,Groups,TA/TO,0,1,0,A,A,0,Non Refund,35.0,17,Transient,100.0,0,0
City Hotel,0,14,2015,December,51,16,0,3,2,0.0,0,BB,FRA,Offline TA/TO,TA/TO,0,0,0,A,D,0,No Deposit,28.0,0,Transient,58.0,0,0
City Hotel,0,9,2015,December,51,18,0,1,2,0.0,0,BB,PRT,Direct,Direct,0,0,0,A,A,0,No Deposit,,0,Transient,95.0,0,0
City Hotel,0,0,2016,February,7,10,0,2,2,0.0,0,BB,PRT,Corporate,Corporate,1,0,1,A,A,0,No Deposit,,0,Transient,75.0,0,0
City Hotel,0,6,2016,March,10,2,0,2,2,0.0,0,BB,PRT,Corporate,Corporate,1,0,2,A,A,1,No Deposit,,0,Transient,78.0,1,0
City Hotel,0,13,2016,November,49,29,0,2,2,0.0,0,BB,PRT,Corporate,Corporate,1,0,4,A,A,1,No Deposit,,0,Transient,75.0,0,1
City Hotel,0,32,2017,January,3,21,0,1,2,0.0,0,BB,PRT,Corporate,Corporate,1,0,5,A,A,1,No Deposit,,0,Transient,65.0,0,1
City Hotel,0,38,2017,January,4,27,0,1,2,0.0,0,BB,PRT,Corporate,Corporate,1,0,6,A,A,1,No Deposit,,0,Transient,65.0,0,1
City Hotel,0,5,2015,December,51,17,0,2,2,0.0,0,BB,POL,Offline TA/TO,TA/TO,0,0,0,D,D,0,No Deposit,85.0,0,Transient,69.0,0,0
City Hotel,0,5,2015,December,51,17,0,2,2,0.0,0,BB,PRT,Offline TA/TO,TA/TO,0,0,0,D,D,0,No Deposit,85.0,0,Transient,69.0,0,0
City Hotel,0,18,2015,December,51,18,0,1,2,0.0,0,SC,PRT,Online TA,TA/TO,0,0,0,A,A,0,No Deposit,9.0,0,Contract,75.0,0,2
City Hotel,0,18,2015,December,51,18,0,1,2,0.0,0,SC,PRT,Online TA,TA/TO,0,0,0,A,A,0,No Deposit,9.0,0,Contract,75.0,0,2
City Hotel,1,15,2015,December,51,19,2,2,2,0.0,0,BB,PRT,Offline TA/TO,TA/TO,0,0,0,A,D,0,No Deposit,28.0,0,Transient,58.0,0,0
City Hotel,0,3,2015,December,51,17,0,3,2,0.0,0,BB,TWN,Offline TA/TO,TA/TO,0,0,0,A,D,0,No Deposit,28.0,0,Transient,58.0,0,0
City Hotel,0,22,2015,December,51,18,0,2,2,0.0,0,BB,PRT,Corporate,Corporate,0,0,0,A,A,0,Non Refund,,0,Transient-Party,75.0,0,0
City Hotel,0,13,2015,December,51,17,0,3,2,0.0,0,BB,PRT,Offline TA/TO,TA/TO,0,0,0,A,D,0,No Deposit,28.0,0,Transient,58.0,0,0
City Hotel,0,0,2015,December,51,19,0,1,2,0.0,0,BB,PRT,Direct,Direct,0,0,0,A,A,0,No Deposit,,0,Transient,85.0,0,0
City Hotel,1,30,2015,December,52,26,2,1,2,0.0,0,BB,PRT,Online TA,TA/TO,0,1,0,A,A,0,No Deposit,9.0,0,Transient,87.0,0,2
City Hotel,0,0,2015,December,52,20,1,0,2,0.0,0,BB,PRT,Direct,Direct,0,0,0,A,A,0,No Deposit,,0,Transient,85.0,0,0
City Hotel,0,1,2015,December,52,20,1,0,2,0.0,0,SC,PRT,Direct,Direct,0,0,0,A,A,0,No Deposit,,0,Transient,75.0,0,0
City Hotel,1,33,2015,December,53,30,0,1,2,0.0,0,BB,PRT,Direct,Direct,0,1,0,D,D,0,No Deposit,14.0,0,Transient,94.5,0,0
City Hotel,0,85,2015,December,51,17,1,3,2,0.0,0,BB,ESP,Offline TA/TO,TA/TO,0,0,0,D,D,0,No Deposit,28.0,0,Transient,60.0,0,0
City Hotel,0,0,2015,December,52,20,1,0,2,0.0,0,SC,PRT,Direct,Direct,0,0,0,A,A,0,No Deposit,,0,Transient,75.0,0,0
City Hotel,0,24,2015,December,51,18,1,2,2,0.0,0,BB,CN,Online TA,TA/TO,0,0,0,A,A,0,No Deposit,7.0,0,Transient,53.58,0,0
City Hotel,1,93,2016,January,1,2,2,5,2,0.0,0,BB,PRT,Online TA,TA/TO,0,1,0,D,D,0,No Deposit,9.0,0,Contract,101.31,0,2
City Hotel,1,64,2015,December,53,31,0,3,2,0.0,0,BB,PRT,Online TA,TA/TO,0,1,0,A,A,0,No Deposit,9.0,0,Transient,101.33,0,0
City Hotel,1,57,2016,January,2,6,2,9,2,0.0,0,BB,PRT,Direct,Direct,0,1,0,D,D,0,No Deposit,,0,Transient,95.0,0,1
City Hotel,0,37,2015,December,51,19,1,1,2,0.0,0,BB,ESP,Online TA,TA/TO,0,0,0,D,D,0,No Deposit,9.0,0,Contract,97.0,0,1
City Hotel,1,21,2016,January,2,8,8,22,2,0.0,0,BB,PRT,Direct,Direct,0,1,0,A,A,0,No Deposit,,0,Transient,52.5,0,0
City Hotel,0,21,2015,December,51,18,2,2,2,0.0,0,SC,PRT,Online TA,TA/TO,0,0,0,A,A,0,No Deposit,89.0,0,Transient,60.0,0,0
City Hotel,0,82,2015,December,51,19,2,1,2,0.0,0,BB,FRA,Offline TA/TO,TA/TO,0,0,0,D,D,0,No Deposit,28.0,0,Group,60.0,0,1
City Hotel,0,82,2015,December,51,19,2,1,2,0.0,0,BB,FRA,Offline TA/TO,TA/TO,0,0,0,D,D,0,No Deposit,28.0,0,Group,60.0,0,1
City Hotel,0,3,2015,December,51,19,2,1,2,0.0,0,BB,FRA,Offline TA/TO,TA/TO,0,0,0,A,A,0,No Deposit,28.0,0,Transient,80.0,0,0
City Hotel,0,5,2015,December,51,19,2,1,2,0.0,0,BB,FRA,Offline TA/TO,TA/TO,0,0,0,A,A,0,No Deposit,28.0,0,Transient,80.0,0,0
City Hotel,0,0,2015,December,52,21,1,0,2,0.0,0,BB,PRT,Direct,Direct,0,0,0,A,A,0,No Deposit,,0,Transient,85.0,0,0
City Hotel,0,79,2015,December,51,19,2,1,2,0.0,0,BB,PRT,Offline TA/TO,TA/TO,0,0,0,A,A,0,No Deposit,22.0,0,Transient,70.0,0,1
City Hotel,1,99,2016,February,8,19,0,1,2,0.0,0,BB,PRT,Corporate,Corporate,0,1,0,A,A,0,No Deposit,,0,Transient-Party,80.0,0,0
City Hotel,1,99,2016,February,8,19,0,1,2,0.0,0,BB,PRT,Corporate,Corporate,0,1,0,A,A,0,No Deposit,,0,Transient-Party,80.0,0,0
City Hotel,1,99,2016,February,8,19,0,1,2,0.0,0,BB,PRT,Corporate,Corporate,0,1,0,A,A,0,No Deposit,,0,Transient-Party,80.0,0,0
City Hotel,1,99,2016,February,8,19,0,1,2,0.0,0,BB,PRT,Corporate,Corporate,0,1,0,A,A,0,No Deposit,,0,Transient-Party,80.0,0,0
City Hotel,1,99,2016,February,8,19,0,1,2,0.0,0,BB,PRT,Corporate,Corporate,0,1,0,A,A,0,No Deposit,,0,Transient-Party,80.0,0,0
City Hotel,1,99,2016,February,8,19,0,1,2,0.0,0,BB,PRT,Corporate,Corporate,0,1,0,A,A,0,No Deposit,,0,Transient-Party,80.0,0,0
City Hotel,1,99,2016,February,8,19,0,1,2,0.0,0,BB,PRT,Corporate,Corporate,0,1,0,A,A,0,No Deposit,,0,Transient-Party,80.0,0,0
City Hotel,1,99,2016,February,8,19,0,1,2,0.0,0,BB,PRT,Corporate,Corporate,0,1,0,A,A,0,No Deposit,,0,Transient-Party,80.0,0,0
City Hotel,1,99,2016,February,8,19,0,1,2,0.0,0,BB,PRT,Corporate,Corporate,0,1,0,A,A,0,No Deposit,,0,Transient-Party,80.0,0,0
City Hotel,1,99,2016,February,8,19,0,1,2,0.0,0,BB,PRT,Corporate,Corporate,0,1,0,A,A,0,No Deposit,,0,Transient-Party,80.0,0,0
City Hotel,1,99,2016,February,8,19,0,1,2,0.0,0,BB,PRT,Corporate,Corporate,0,1,0,A,A,0,No Deposit,,0,Transient-Party,80.0,0,0
City Hotel,1,99,2016,February,8,19,0,1,2,0.0,0,BB,PRT,Corporate,Corporate,0,1,0,A,A,0,No Deposit,,0,Transient-Party,80.0,0,0
City Hotel,1,99,2016,February,8,19,0,1,2,0.0,0,BB,PRT,Corporate,Corporate,0,1,0,A,A,0,No Deposit,,0,Transient-Party,80.0,0,0
City Hotel,1,99,2016,February,8,19,0,1,2,0.0,0,BB,PRT,Corporate,Corporate,0,1,0,A,A,0,No Deposit,,0,Transient-Party,80.0,0,0
City Hotel,1,99,2016,February,8,19,0,1,2,0.0,0,BB,PRT,Corporate,Corporate,0,1,0,A,A,0,No Deposit,,0,Transient-Party,80.0,0,0
City Hotel,1,99,2016,February,8,19,0,1,2,0.0,0,BB,PRT,Corporate,Corporate,0,1,0,A,A,0,No Deposit,,0,Transient-Party,80.0,0,0
City Hotel,1,99,2016,February,8,19,0,1,2,0.0,0,BB,PRT,Corporate,Corporate,0,1,0,A,A,0,No Deposit,,0,Transient-Party,80.0,0,0
City Hotel,1,99,2016,February,8,19,0,1,2,0.0,0,BB,PRT,Corporate,Corporate,0,1,0,A,A,0,No Deposit,,0,Transient-Party,80.0,0,0
City Hotel,1,99,2016,February,8,19,0,1,2,0.0,0,BB,PRT,Corporate,Corporate,0,1,0,A,A,0,No Deposit,,0,Transient-Party,80.0,0,0
City Hotel,1,99,2016,February,8,19,0,1,2,0.0,0,BB,PRT,Corporate,Corporate,0,1,0,A,A,0,No Deposit,,0,Transient-Party,80.0,0,0
City Hotel,1,99,2016,February,8,19,0,1,2,0.0,0,BB,PRT,Corporate,Corporate,0,1,0,A,A,0,No Deposit,,0,Transient-Party,80.0,0,0
City Hotel,1,99,2016,February,8,19,0,1,2,0.0,0,BB,PRT,Corporate,Corporate,0,1,0,A,A,0,No Deposit,,0,Transient-Party,80.0,0,0
City Hotel,1,99,2016,February,8,19,0,1,2,0.0,0,BB,PRT,Corporate,Corporate,0,1,0,A,A,0,No Deposit,,0,Transient-Party,80.0,0,0
City Hotel,1,99,2016,February,8,19,0,1,2,0.0,0,BB,PRT,Corporate,Corporate,0,1,0,A,A,0,No Deposit,,0,Transient-Party,80.0,0,0
City Hotel,1,99,2016,February,8,19,0,1,2,0.0,0,BB,PRT,Corporate,Corporate,0,1,0,A,A,0,No Deposit,,0,Transient-Party,80.0,0,0
City Hotel,1,99,2016,February,8,19,0,1,2,0.0,0,BB,PRT,Corporate,Corporate,0,1,0,A,A,0,No Deposit,,0,Transient-Party,80.0,0,0
City Hotel,1,99,2016,February,8,19,0,1,2,0.0,0,BB,PRT,Corporate,Corporate,0,1,0,A,A,0,No Deposit,,0,Transient-Party,80.0,0,0
City Hotel,1,99,2016,February,8,19,0,1,2,0.0,0,BB,PRT,Corporate,Corporate,0,1,0,A,A,0,No Deposit,,0,Transient-Party,80.0,0,0
City Hotel,1,99,2016,February,8,19,0,1,2,0.0,0,BB,PRT,Corporate,Corporate,0,1,0,A,A,0,No Deposit,,0,Transient-Party,80.0,0,0
City Hotel,1,99,2016,February,8,19,0,1,2,0.0,0,BB,PRT,Corporate,Corporate,0,1,0,A,A,0,No Deposit,,0,Transient-Party,80.0,0,0
City Hotel,1,99,2016,February,8,19,0,1,2,0.0,0,BB,PRT,Corporate,Corporate,0,1,0,A,A,0,No Deposit,,0,Transient-Party,80.0,0,0
City Hotel,1,99,2016,February,8,19,0,1,2,0.0,0,BB,PRT,Corporate,Corporate,0,1,0,A,A,0,No Deposit,,0,Transient-Party,80.0,0,0
City Hotel,1,99,2016,February,8,19,0,1,2,0.0,0,BB,PRT,Corporate,Corporate,0,1,0,A,A,0,No Deposit,,0,Transient-Party,80.0,0,0
City Hotel,1,99,2016,February,8,19,0,1,2,0.0,0,BB,PRT,Corporate,Corporate,0,1,0,A,A,0,No Deposit,,0,Transient-Party,80.0,0,0
City Hotel,1,99,2016,February,8,19,0,1,2,0.0,0,BB,PRT,Corporate,Corporate,0,1,0,A,A,0,No Deposit,,0,Transient-Party,80.0,0,0
City Hotel,1,99,2016,February,8,19,0,1,2,0.0,0,BB,PRT,Corporate,Corporate,0,1,0,A,A,0,No Deposit,,0,Transient-Party,80.0,0,0
City Hotel,1,99,2016,February,8,19,0,1,2,0.0,0,BB,PRT,Corporate,Corporate,0,1,0,A,A,0,No Deposit,,0,Transient-Party,80.0,0,0
City Hotel,1,99,2016,February,8,19,0,1,2,0.0,0,BB,PRT,Corporate,Corporate,0,1,0,A,A,0,No Deposit,,0,Transient-Party,80.0,0,0
City Hotel,1,99,2016,February,8,19,0,1,2,0.0,0,BB,PRT,Corporate,Corporate,0,1,0,A,A,0,No Deposit,,0,Transient-Party,80.0,0,0
City Hotel,1,99,2016,February,8,19,0,1,2,0.0,0,BB,PRT,Corporate,Corporate,0,1,0,A,A,0,No Deposit,,0,Transient-Party,80.0,0,0
City Hotel,1,99,2016,February,8,19,0,1,2,0.0,0,BB,PRT,Corporate,Corporate,0,1,0,A,A,0,No Deposit,,0,Transient-Party,80.0,0,0
City Hotel,1,99,2016,February,8,19,0,1,2,0.0,0,BB,PRT,Corporate,Corporate,0,1,0,A,A,0,No Deposit,,0,Transient-Party,80.0,0,0
City Hotel,1,99,2016,February,8,19,0,1,2,0.0,0,BB,PRT,Corporate,Corporate,0,1,0,A,A,0,No Deposit,,0,Transient-Party,80.0,0,0
City Hotel,1,99,2016,February,8,19,0,1,2,0.0,0,BB,PRT,Corporate,Corporate,0,1,0,A,A,0,No Deposit,,0,Transient-Party,80.0,0,0
City Hotel,1,99,2016,February,8,19,0,1,2,0.0,0,BB,PRT,Corporate,Corporate,0,1,0,A,A,0,No Deposit,,0,Transient-Party,80.0,0,0
City Hotel,1,99,2016,February,8,19,0,1,2,0.0,0,BB,PRT,Corporate,Corporate,0,1,0,A,A,0,No Deposit,,0,Transient-Party,80.0,0,0
City Hotel,1,99,2016,February,8,19,0,1,2,0.0,0,BB,PRT,Corporate,Corporate,0,1,0,A,A,0,No Deposit,,0,Transient-Party,80.0,0,0
City Hotel,1,99,2016,February,8,19,0,1,2,0.0,0,BB,PRT,Corporate,Corporate,0,1,0,A,A,0,No Deposit,,0,Transient-Party,80.0,0,0
City Hotel,1,99,2016,February,8,19,0,1,2,0.0,0,BB,PRT,Corporate,Corporate,0,1,0,A,A,0,No Deposit,,0,Transient-Party,80.0,0,0
City Hotel,1,99,2016,February,8,19,0,1,2,0.0,0,BB,PRT,Corporate,Corporate,0,1,0,A,A,0,No Deposit,,0,Transient-Party,80.0,0,0
City Hotel,1,99,2016,February,8,19,0,1,2,0.0,0,BB,PRT,Corporate,Corporate,0,1,0,A,A,0,No Deposit,,0,Transient-Party,80.0,0,0
City Hotel,1,99,2016,February,8,19,0,1,2,0.0,0,BB,PRT,Corporate,Corporate,0,1,0,A,A,0,No Deposit,,0,Transient-Party,80.0,0,0
City Hotel,1,99,2016,February,8,19,0,1,2,0.0,0,BB,PRT,Corporate,Corporate,0,1,0,A,A,0,No Deposit,,0,Transient-Party,80.0,0,0
City Hotel,1,99,2016,February,8,19,0,1,2,0.0,0,BB,PRT,Corporate,Corporate,0,1,0,A,A,0,No Deposit,,0,Transient-Party,80.0,0,0
City Hotel,1,99,2016,February,8,19,0,1,2,0.0,0,BB,PRT,Corporate,Corporate,0,1,0,A,A,0,No Deposit,,0,Transient-Party,80.0,0,0
City Hotel,1,99,2016,February,8,19,0,1,2,0.0,0,BB,PRT,Corporate,Corporate,0,1,0,A,A,0,No Deposit,,0,Transient-Party,80.0,0,0
City Hotel,1,99,2016,February,8,19,0,1,2,0.0,0,BB,PRT,Corporate,Corporate,0,1,0,A,A,0,No Deposit,,0,Transient-Party,80.0,0,0
City Hotel,1,99,2016,February,8,19,0,1,2,0.0,0,BB,PRT,Corporate,Corporate,0,1,0,A,A,0,No Deposit,,0,Transient-Party,80.0,0,0
City Hotel,1,99,2016,February,8,19,0,1,2,0.0,0,BB,PRT,Corporate,Corporate,0,1,0,A,A,0,No Deposit,,0,Transient-Party,80.0,0,0
City Hotel,1,99,2016,February,8,19,0,1,2,0.0,0,BB,PRT,Corporate,Corporate,0,1,0,A,A,0,No Deposit,,0,Transient-Party,80.0,0,0
City Hotel,1,99,2016,February,8,19,0,1,2,0.0,0,BB,PRT,Corporate,Corporate,0,1,0,A,A,0,No Deposit,,0,Transient-Party,80.0,0,0
City Hotel,1,99,2016,February,8,19,0,1,2,0.0,0,BB,PRT,Corporate,Corporate,0,1,0,A,A,0,No Deposit,,0,Transient-Party,80.0,0,0
City Hotel,1,99,2016,February,8,19,0,1,2,0.0,0,BB,PRT,Corporate,Corporate,0,1,0,A,A,0,No Deposit,,0,Transient-Party,80.0,0,0
City Hotel,1,99,2016,February,8,19,0,1,2,0.0,0,BB,PRT,Corporate,Corporate,0,1,0,A,A,0,No Deposit,,0,Transient-Party,80.0,0,0
City Hotel,1,99,2016,February,8,19,0,1,2,0.0,0,BB,PRT,Corporate,Corporate,0,1,0,A,A,0,No Deposit,,0,Transient-Party,80.0,0,0
City Hotel,1,99,2016,February,8,19,0,1,2,0.0,0,BB,PRT,Corporate,Corporate,0,1,0,A,A,0,No Deposit,,0,Transient-Party,80.0,0,0
City Hotel,1,99,2016,February,8,19,0,1,2,0.0,0,BB,PRT,Corporate,Corporate,0,1,0,A,A,0,No Deposit,,0,Transient-Party,80.0,0,0
City Hotel,1,99,2016,February,8,19,0,1,2,0.0,0,BB,PRT,Corporate,Corporate,0,1,0,A,A,0,No Deposit,,0,Transient-Party,80.0,0,0
City Hotel,1,99,2016,February,8,19,0,1,2,0.0,0,BB,PRT,Corporate,Corporate,0,1,0,A,A,0,No Deposit,,0,Transient-Party,80.0,0,0
City Hotel,0,8,2015,December,51,19,2,2,2,0.0,0,HB,ITA,Offline TA/TO,TA/TO,0,0,0,A,A,0,No Deposit,83.0,0,Transient,89.0,0,0
City Hotel,0,47,2015,December,51,19,2,2,2,0.0,0,BB,FRA,Direct,Direct,0,0,0,B,B,0,No Deposit,14.0,0,Transient,71.5,0,0
City Hotel,0,47,2015,December,51,19,2,2,2,0.0,0,BB,PRT,Direct,Direct,0,0,0,B,B,0,No Deposit,14.0,0,Transient,71.5,0,0
City Hotel,0,12,2015,December,51,19,2,2,2,0.0,0,BB,FRA,Offline TA/TO,TA/TO,0,0,0,A,D,0,No Deposit,28.0,0,Transient-Party,58.0,0,0
City Hotel,0,12,2015,December,51,19,2,2,2,0.0,0,BB,FRA,Offline TA/TO,TA/TO,0,0,0,A,D,0,No Deposit,28.0,0,Transient-Party,58.0,0,1
City Hotel,0,0,2015,December,51,19,2,2,2,0.0,0,BB,BRA,Direct,Direct,0,0,0,B,B,1,No Deposit,,0,Transient-Party,87.0,0,1
City Hotel,0,0,2015,December,51,19,2,2,2,0.0,0,BB,BRA,Direct,Direct,0,0,0,B,B,1,No Deposit,,0,Transient-Party,87.0,0,1
City Hotel,1,30,2015,December,53,28,1,0,2,0.0,0,BB,PRT,Online TA,TA/TO,0,1,0,A,A,0,No Deposit,8.0,0,Transient,67.5,0,0
City Hotel,0,0,2015,December,52,20,2,1,2,0.0,0,BB,FRA,Offline TA/TO,TA/TO,0,0,0,A,D,0,No Deposit,28.0,0,Transient,58.0,0,0
City Hotel,0,3,2015,December,52,21,1,1,2,0.0,0,BB,PRT,Offline TA/TO,TA/TO,0,0,0,B,B,0,No Deposit,168.0,0,Transient-Party,37.5,0,1
City Hotel,0,3,2015,December,52,21,1,1,2,0.0,0,BB,PRT,Offline TA/TO,TA/TO,0,0,0,B,B,0,No Deposit,168.0,0,Transient-Party,37.5,0,1
City Hotel,1,13,2015,December,53,29,2,5,2,0.0,0,BB,BRA,Direct,Direct,0,1,0,B,B,1,No Deposit,,0,Transient-Party,135.64,0,1
City Hotel,0,19,2015,December,52,20,2,1,2,0.0,0,BB,PRT,Offline TA/TO,TA/TO,0,0,0,A,D,0,No Deposit,28.0,0,Transient,58.0,0,0
City Hotel,0,95,2015,December,51,18,2,3,2,0.0,0,BB,GBR,Online TA,TA/TO,0,0,0,A,A,0,No Deposit,9.0,0,Contract,76.5,0,2
City Hotel,0,0,2015,December,52,21,1,1,2,0.0,0,BB,PRT,Direct,Direct,0,0,0,A,A,0,No Deposit,,0,Transient,94.0,0,0
City Hotel,1,97,2015,December,53,29,0,3,2,0.0,0,BB,PRT,Offline TA/TO,TA/TO,0,1,0,A,A,0,No Deposit,83.0,0,Transient,70.0,0,1
City Hotel,0,0,2015,December,52,23,0,0,2,0.0,0,BB,PRT,Direct,Direct,1,0,0,A,A,1,No Deposit,,0,Transient,0.0,0,0
City Hotel,1,98,2015,December,53,29,0,3,2,0.0,0,BB,PRT,Offline TA/TO,TA/TO,0,1,0,A,A,0,No Deposit,83.0,0,Transient-Party,59.5,0,0
City Hotel,1,317,2016,September,37,9,1,2,2,0.0,0,BB,PRT,Offline TA/TO,TA/TO,0,1,0,A,A,0,Non Refund,58.0,56,Transient,90.0,0,0
City Hotel,1,317,2016,September,37,9,1,2,2,0.0,0,BB,PRT,Offline TA/TO,TA/TO,0,1,0,A,A,0,Non Refund,58.0,56,Transient,90.0,0,0
City Hotel,1,317,2016,September,37,9,1,2,2,0.0,0,BB,PRT,Offline TA/TO,TA/TO,0,1,0,A,A,0,Non Refund,58.0,56,Transient,90.0,0,0
City Hotel,1,317,2016,September,37,9,1,2,2,0.0,0,BB,PRT,Offline TA/TO,TA/TO,0,1,0,A,A,0,Non Refund,58.0,56,Transient,90.0,0,0
City Hotel,1,317,2016,September,37,9,1,2,2,0.0,0,BB,PRT,Offline TA/TO,TA/TO,0,1,0,A,A,0,Non Refund,58.0,56,Transient,90.0,0,0
City Hotel,1,317,2016,September,37,9,1,2,2,0.0,0,BB,PRT,Offline TA/TO,TA/TO,0,1,0,A,A,0,Non Refund,58.0,56,Transient,90.0,0,0
City Hotel,1,317,2016,September,37,9,1,2,2,0.0,0,BB,PRT,Offline TA/TO,TA/TO,0,1,0,A,A,0,Non Refund,58.0,56,Transient,90.0,0,0
City Hotel,1,317,2016,September,37,9,1,2,2,0.0,0,BB,PRT,Offline TA/TO,TA/TO,0,1,0,A,A,0,Non Refund,58.0,56,Transient,90.0,0,0
City Hotel,1,317,2016,September,37,9,1,2,2,0.0,0,BB,PRT,Offline TA/TO,TA/TO,0,1,0,A,A,0,Non Refund,58.0,56,Transient,90.0,0,0
City Hotel,1,317,2016,September,37,9,1,2,2,0.0,0,BB,PRT,Offline TA/TO,TA/TO,0,1,0,A,A,0,Non Refund,58.0,56,Transient,90.0,0,0
City Hotel,1,317,2016,September,37,9,1,2,2,0.0,0,BB,PRT,Offline TA/TO,TA/TO,0,1,0,A,A,0,Non Refund,58.0,56,Transient,90.0,0,0
City Hotel,1,317,2016,September,37,9,1,2,2,0.0,0,BB,PRT,Offline TA/TO,TA/TO,0,1,0,A,A,0,Non Refund,58.0,56,Transient,90.0,0,0
City Hotel,1,317,2016,September,37,9,1,2,2,0.0,0,BB,PRT,Offline TA/TO,TA/TO,0,1,0,A,A,0,Non Refund,58.0,56,Transient,90.0,0,0
City Hotel,1,52,2016,January,1,2,0,1,2,0.0,0,BB,PRT,Offline TA/TO,TA/TO,0,1,0,A,A,0,No Deposit,3.0,0,Transient-Party,70.0,0,0
City Hotel,1,20,2015,December,53,30,0,3,2,0.0,0,BB,PRT,Offline TA/TO,TA/TO,0,1,0,A,A,0,No Deposit,3.0,0,Transient-Party,70.0,0,0
City Hotel,1,20,2015,December,53,30,0,3,2,0.0,0,BB,PRT,Offline TA/TO,TA/TO,0,1,0,A,A,0,No Deposit,3.0,0,Transient-Party,70.0,0,0
City Hotel,1,20,2015,December,53,30,0,3,2,0.0,0,BB,PRT,Offline TA/TO,TA/TO,0,1,0,A,A,0,No Deposit,3.0,0,Transient-Party,70.0,0,0
City Hotel,1,203,2016,June,23,2,0,3,2,0.0,0,BB,PRT,Groups,TA/TO,0,1,0,A,A,0,Non Refund,1.0,41,Transient,65.0,0,0
City Hotel,1,203,2016,June,23,2,0,3,2,0.0,0,BB,PRT,Groups,TA/TO,0,1,0,A,A,0,Non Refund,1.0,41,Transient,65.0,0,0
City Hotel,1,203,2016,June,23,2,0,3,2,0.0,0,BB,PRT,Groups,TA/TO,0,1,0,A,A,0,Non Refund,1.0,41,Transient,65.0,0,0
City Hotel,1,203,2016,June,23,2,0,3,2,0.0,0,BB,PRT,Groups,TA/TO,0,1,0,A,A,0,Non Refund,1.0,41,Transient,65.0,0,0
City Hotel,1,203,2016,June,23,2,0,3,2,0.0,0,BB,PRT,Groups,TA/TO,0,1,0,A,A,0,Non Refund,1.0,41,Transient,65.0,0,0
City Hotel,1,203,2016,June,23,2,0,3,2,0.0,0,BB,PRT,Groups,TA/TO,0,1,0,A,A,0,Non Refund,1.0,41,Transient,65.0,0,0
City Hotel,1,203,2016,June,23,2,0,3,2,0.0,0,BB,PRT,Groups,TA/TO,0,1,0,A,A,0,Non Refund,1.0,41,Transient,65.0,0,0
City Hotel,1,203,2016,June,23,2,0,3,2,0.0,0,BB,PRT,Groups,TA/TO,0,1,0,A,A,0,Non Refund,1.0,41,Transient,65.0,0,0
City Hotel,1,203,2016,June,23,2,0,3,2,0.0,0,BB,PRT,Groups,TA/TO,0,1,0,A,A,0,Non Refund,1.0,41,Transient,65.0,0,0
City Hotel,1,203,2016,June,23,2,0,3,2,0.0,0,BB,PRT,Groups,TA/TO,0,1,0,A,A,0,Non Refund,1.0,41,Transient,65.0,0,0
City Hotel,1,188,2016,June,23,2,0,3,2,0.0,0,BB,PRT,Groups,TA/TO,0,1,0,A,A,0,Non Refund,1.0,0,Transient,65.0,0,0
City Hotel,1,188,2016,June,23,2,0,3,2,0.0,0,BB,PRT,Groups,TA/TO,0,1,0,A,A,0,Non Refund,1.0,0,Transient,65.0,0,0
City Hotel,1,188,2016,June,23,2,0,3,2,0.0,0,BB,PRT,Groups,TA/TO,0,1,0,A,A,0,Non Refund,1.0,0,Transient,65.0,0,0
City Hotel,1,188,2016,June,23,2,0,3,2,0.0,0,BB,PRT,Groups,TA/TO,0,1,0,A,A,0,Non Refund,1.0,0,Transient,65.0,0,0
City Hotel,1,188,2016,June,23,2,0,3,2,0.0,0,BB,PRT,Groups,TA/TO,0,1,0,A,A,0,Non Refund,1.0,0,Transient,65.0,0,0
City Hotel,0,47,2015,December,52,20,2,2,2,0.0,0,SC,CHN,Online TA,TA/TO,0,0,0,A,A,0,No Deposit,9.0,0,Contract,63.75,0,1
City Hotel,0,41,2015,December,52,21,1,2,2,0.0,0,BB,UKR,Online TA,TA/TO,0,0,0,A,A,1,No Deposit,9.0,0,Transient,87.0,0,2
City Hotel,0,27,2015,December,53,27,2,0,2,0.0,0,BB,UKR,Online TA,TA/TO,0,0,1,A,A,0,No Deposit,9.0,0,Contract,87.0,0,2
City Hotel,0,0,2015,December,52,24,0,0,2,0.0,0,BB,PRT,Direct,Direct,1,0,0,A,A,0,No Deposit,,0,Transient,0.0,0,0
City Hotel,1,72,2015,December,53,31,0,1,2,0.0,0,BB,PRT,Direct,Direct,0,1,0,A,A,0,No Deposit,,0,Transient,276.53,0,1
City Hotel,0,44,2016,January,1,2,2,1,2,0.0,0,HB,ITA,Groups,TA/TO,0,0,0,A,A,0,No Deposit,1.0,0,Transient-Party,98.0,0,0
City Hotel,0,44,2016,January,1,2,2,1,2,0.0,0,HB,PRT,Groups,TA/TO,0,0,0,A,A,0,No Deposit,1.0,0,Transient-Party,98.0,0,1
City Hotel,0,44,2016,January,1,2,2,1,2,0.0,0,HB,PRT,Groups,TA/TO,0,0,0,A,A,0,No Deposit,1.0,0,Transient-Party,98.0,0,0
City Hotel,1,30,2015,December,52,24,0,3,2,0.0,0,BB,PRT,Direct,Direct,0,0,0,A,A,0,No Deposit,14.0,0,Transient,67.5,0,0
City Hotel,0,46,2015,December,52,23,0,2,2,0.0,0,BB,FRA,Online TA,TA/TO,0,0,0,A,A,1,No Deposit,9.0,0,Transient,87.0,0,1
City Hotel,0,37,2015,December,52,24,0,1,2,0.0,0,SC,PRT,Online TA,TA/TO,0,0,0,B,B,1,No Deposit,9.0,0,Contract,69.53,0,1
City Hotel,0,49,2015,December,52,24,0,1,2,0.0,0,SC,PRT,Online TA,TA/TO,0,0,0,B,B,0,No Deposit,9.0,0,Contract,69.52,0,1
City Hotel,0,47,2015,December,52,24,0,1,2,0.0,0,SC,PRT,Online TA,TA/TO,0,0,0,A,A,0,No Deposit,9.0,0,Transient,67.5,0,1
City Hotel,0,47,2015,December,52,24,0,1,2,0.0,0,BB,FRA,Online TA,TA/TO,0,0,0,A,A,1,No Deposit,9.0,0,Transient,87.0,0,2
City Hotel,0,0,2015,December,52,25,0,0,2,0.0,0,BB,PRT,Direct,Direct,1,0,0,A,A,1,No Deposit,,0,Transient,0.0,0,0
City Hotel,0,19,2015,December,52,22,0,4,2,0.0,0,BB,PRT,Offline TA/TO,TA/TO,0,0,0,A,D,0,No Deposit,28.0,0,Transient,58.0,0,1
City Hotel,0,19,2015,December,52,22,0,4,2,0.0,0,BB,FRA,Offline TA/TO,TA/TO,0,0,0,A,D,0,No Deposit,28.0,0,Transient,58.0,0,1
City Hotel,0,92,2015,December,52,22,0,4,2,0.0,0,BB,FRA,Offline TA/TO,TA/TO,0,0,0,D,D,0,No Deposit,28.0,0,Transient,60.0,0,0
City Hotel,0,19,2015,December,52,24,0,2,2,0.0,0,BB,PRT,Direct,Direct,0,0,0,B,B,0,No Deposit,,0,Transient-Party,83.75,0,1
City Hotel,0,19,2015,December,52,24,0,2,2,0.0,0,BB,PRT,Direct,Direct,0,0,0,B,B,0,No Deposit,,0,Transient-Party,83.75,0,1
City Hotel,0,53,2015,December,52,25,0,1,2,0.0,0,SC,ESP,Online TA,TA/TO,0,0,0,A,A,0,No Deposit,9.0,0,Contract,67.5,0,1
City Hotel,0,17,2015,December,52,21,1,4,2,0.0,0,BB,FRA,Offline TA/TO,TA/TO,0,0,0,A,D,0,No Deposit,28.0,0,Transient,58.0,0,0
City Hotel,0,90,2015,December,52,21,1,4,2,0.0,0,BB,FRA,Offline TA/TO,TA/TO,0,0,0,D,D,0,No Deposit,28.0,0,Transient,60.0,0,0
City Hotel,1,35,2015,December,53,29,0,3,2,0.0,0,BB,PRT,Online TA,TA/TO,0,1,0,D,D,0,No Deposit,9.0,0,Contract,133.67,0,1
City Hotel,1,57,2015,December,53,29,2,6,2,0.0,0,SC,PRT,Online TA,TA/TO,0,1,0,D,D,1,No Deposit,9.0,0,Contract,99.45,0,1
City Hotel,1,89,2016,March,13,24,0,3,2,0.0,0,BB,PRT,Offline TA/TO,TA/TO,1,1,0,A,A,0,No Deposit,138.0,0,Transient,63.58,0,0
City Hotel,0,22,2015,December,52,25,0,2,2,0.0,0,BB,BEL,Offline TA/TO,TA/TO,0,0,0,A,D,0,No Deposit,28.0,0,Transient,58.0,0,0
City Hotel,0,0,2015,December,52,23,0,4,2,0.0,0,BB,PRT,Direct,Direct,0,0,0,F,F,1,No Deposit,,0,Transient,30.0,1,1
City Hotel,0,9,2015,December,52,23,0,4,2,0.0,0,HB,ESP,Direct,Direct,0,0,0,F,F,0,No Deposit,,0,Transient,212.0,0,1
City Hotel,0,35,2015,December,52,26,0,1,2,0.0,0,BB,ESP,Online TA,TA/TO,0,0,0,B,B,0,No Deposit,9.0,0,Transient-Party,77.25,0,0
City Hotel,0,35,2015,December,52,26,0,1,2,0.0,0,BB,ESP,Online TA,TA/TO,0,0,0,D,D,0,No Deposit,9.0,0,Transient-Party,97.0,0,1
City Hotel,0,35,2015,December,52,26,0,1,2,0.0,0,BB,ESP,Online TA,TA/TO,0,0,0,B,B,0,No Deposit,9.0,0,Transient-Party,77.25,0,2
City Hotel,0,35,2015,December,52,26,0,1,2,0.0,0,BB,PRT,Online TA,TA/TO,0,0,0,D,D,0,No Deposit,9.0,0,Transient-Party,97.0,0,1
City Hotel,0,35,2015,December,52,26,0,1,2,0.0,0,BB,ESP,Online TA,TA/TO,0,0,0,D,D,0,No Deposit,9.0,0,Transient-Party,97.0,0,1
City Hotel,0,5,2015,December,52,22,0,5,2,0.0,0,BB,ESP,Complementary,Direct,0,0,0,B,B,1,No Deposit,,0,Transient,1.6,1,0
City Hotel,0,58,2015,December,52,23,0,4,2,0.0,0,HB,PRT,Offline TA/TO,TA/TO,0,0,0,A,A,0,No Deposit,16.0,0,Transient,58.3,0,0
City Hotel,1,24,2015,December,53,27,2,1,2,0.0,0,BB,PRT,Offline TA/TO,TA/TO,0,0,0,A,D,0,No Deposit,28.0,0,Transient,58.0,0,0
City Hotel,1,1,2015,December,53,27,2,4,2,0.0,0,BB,PRT,Direct,Direct,0,0,0,E,E,0,No Deposit,,0,Transient,147.67,0,0
City Hotel,0,27,2015,December,52,22,1,5,2,0.0,0,BB,DEU,Offline TA/TO,TA/TO,0,0,0,A,A,0,No Deposit,27.0,0,Transient,48.33,0,0
City Hotel,1,105,2015,December,53,31,0,1,2,0.0,0,BB,PRT,Online TA,TA/TO,0,1,0,A,A,0,No Deposit,9.0,0,Contract,76.5,0,1
City Hotel,1,224,2016,August,33,8,1,2,2,0.0,0,HB,PRT,Offline TA/TO,TA/TO,1,1,0,A,A,0,No Deposit,16.0,0,Transient,97.75,0,0
City Hotel,1,0,2015,December,53,28,1,2,2,0.0,0,BB,FRA,Offline TA/TO,TA/TO,1,0,0,A,D,0,No Deposit,28.0,0,Transient,58.0,0,0
City Hotel,0,71,2015,December,52,24,1,3,2,0.0,0,BB,ECU,Online TA,TA/TO,0,0,0,A,A,0,No Deposit,9.0,0,Contract,105.3,1,1
City Hotel,0,36,2015,December,52,24,1,3,2,0.0,0,BB,SRB,Online TA,TA/TO,0,0,0,A,A,0,No Deposit,7.0,0,Transient,58.92,0,0
City Hotel,0,0,2015,December,52,24,2,3,2,0.0,0,BB,PRT,Offline TA/TO,TA/TO,0,0,0,A,A,0,No Deposit,16.0,0,Transient,62.8,0,0
City Hotel,0,54,2015,December,53,27,2,0,2,0.0,0,SC,RUS,Online TA,TA/TO,0,0,0,A,A,0,No Deposit,9.0,0,Contract,85.5,1,1
City Hotel,0,6,2015,December,53,27,2,0,2,0.0,0,BB,PRT,Corporate,Corporate,0,0,0,A,A,1,No Deposit,,0,Transient,75.0,0,0
City Hotel,0,40,2015,December,52,26,2,1,2,0.0,0,BB,DEU,Offline TA/TO,TA/TO,0,0,0,A,A,0,No Deposit,27.0,0,Transient,38.67,0,0
City Hotel,1,166,2016,March,11,12,1,1,2,0.0,0,BB,PRT,Online TA,TA/TO,0,1,0,A,A,0,No Deposit,9.0,0,Contract,90.0,0,1
City Hotel,1,0,2015,December,53,29,0,2,2,0.0,0,BB,PRT,Online TA,TA/TO,1,0,0,A,A,0,No Deposit,152.0,0,Transient,72.67,0,0
City Hotel,0,6,2015,December,52,25,2,2,2,0.0,0,BB,CHE,Offline TA/TO,TA/TO,0,0,0,A,A,0,No Deposit,16.0,0,Transient,43.5,0,1
City Hotel,0,6,2015,December,52,25,2,2,2,0.0,0,BB,CHE,Offline TA/TO,TA/TO,0,0,0,A,A,0,No Deposit,16.0,0,Transient,43.5,0,1
City Hotel,0,10,2015,December,53,27,2,0,2,0.0,0,BB,ESP,Offline TA/TO,TA/TO,0,0,0,A,A,0,No Deposit,83.0,0,Transient,52.0,0,1
City Hotel,0,24,2015,December,52,24,2,3,2,0.0,0,BB,FRA,Offline TA/TO,TA/TO,0,0,0,A,D,0,No Deposit,28.0,0,Transient,58.0,0,1
City Hotel,0,24,2015,December,52,24,2,3,2,0.0,0,BB,FRA,Offline TA/TO,TA/TO,0,0,0,A,D,0,No Deposit,28.0,0,Transient,58.0,0,1
City Hotel,0,7,2015,December,52,26,2,1,2,0.0,0,HB,ESP,Offline TA/TO,TA/TO,0,0,0,A,A,0,No Deposit,83.0,0,Transient,98.6,0,2
City Hotel,0,19,2015,December,52,26,2,1,2,0.0,0,BB,FRA,Offline TA/TO,TA/TO,0,0,0,A,D,0,No Deposit,28.0,0,Transient,58.0,0,0
City Hotel,0,44,2015,December,52,25,2,2,2,0.0,0,BB,FRA,Online TA,TA/TO,0,0,0,A,A,0,No Deposit,89.0,0,Transient,66.24,0,0
City Hotel,0,94,2015,December,52,24,2,3,2,0.0,0,BB,GBR,Offline TA/TO,TA/TO,0,0,0,D,D,0,No Deposit,28.0,0,Transient,60.0,0,0
City Hotel,0,25,2015,December,52,26,2,1,2,0.0,0,BB,FRA,Online TA,TA/TO,0,0,0,A,A,0,No Deposit,11.0,0,Transient,62.64,0,0
City Hotel,1,204,2016,May,22,25,0,1,2,0.0,0,BB,PRT,Online TA,TA/TO,0,1,0,A,A,0,No Deposit,9.0,0,Contract,127.0,0,1
City Hotel,1,94,2016,March,10,4,0,2,2,0.0,0,BB,PRT,Offline TA/TO,TA/TO,0,1,0,A,A,0,Non Refund,154.0,28,Transient,80.0,0,0
City Hotel,1,94,2016,March,10,4,0,2,2,0.0,0,BB,PRT,Offline TA/TO,TA/TO,0,1,0,A,A,0,Non Refund,154.0,28,Transient,80.0,0,0
City Hotel,1,94,2016,March,10,4,0,2,2,0.0,0,BB,PRT,Offline TA/TO,TA/TO,0,1,0,A,A,0,Non Refund,154.0,28,Transient,80.0,0,0
City Hotel,1,94,2016,March,10,4,0,2,2,0.0,0,BB,PRT,Offline TA/TO,TA/TO,0,1,0,A,A,0,Non Refund,154.0,28,Transient,80.0,0,0
City Hotel,1,94,2016,March,10,4,0,2,2,0.0,0,BB,PRT,Offline TA/TO,TA/TO,0,1,0,A,A,0,Non Refund,154.0,28,Transient,80.0,0,0
City Hotel,1,94,2016,March,10,4,0,2,2,0.0,0,BB,PRT,Offline TA/TO,TA/TO,0,1,0,A,A,0,Non Refund,154.0,28,Transient,80.0,0,0
City Hotel,1,94,2016,March,10,4,0,2,2,0.0,0,BB,PRT,Offline TA/TO,TA/TO,0,1,0,A,A,0,Non Refund,154.0,28,Transient,80.0,0,0
City Hotel,1,94,2016,March,10,4,0,2,2,0.0,0,BB,PRT,Offline TA/TO,TA/TO,0,1,0,A,A,0,Non Refund,154.0,28,Transient,80.0,0,0
City Hotel,1,94,2016,March,10,4,0,2,2,0.0,0,BB,PRT,Offline TA/TO,TA/TO,0,1,0,A,A,0,Non Refund,154.0,28,Transient,80.0,0,0
City Hotel,1,94,2016,March,10,4,0,2,2,0.0,0,BB,PRT,Offline TA/TO,TA/TO,0,1,0,A,A,0,Non Refund,154.0,28,Transient,80.0,0,0
City Hotel,1,94,2016,March,10,4,0,2,2,0.0,0,BB,PRT,Offline TA/TO,TA/TO,0,1,0,A,A,0,Non Refund,154.0,28,Transient,80.0,0,0
City Hotel,1,94,2016,March,10,4,0,2,2,0.0,0,BB,PRT,Offline TA/TO,TA/TO,0,1,0,A,A,0,Non Refund,154.0,28,Transient,80.0,0,0
City Hotel,1,94,2016,March,10,4,0,2,2,0.0,0,BB,PRT,Offline TA/TO,TA/TO,0,1,0,A,A,0,Non Refund,154.0,28,Transient,80.0,0,0
City Hotel,1,94,2016,March,10,4,0,2,2,0.0,0,BB,PRT,Offline TA/TO,TA/TO,0,1,0,A,A,0,Non Refund,154.0,28,Transient,80.0,0,0
City Hotel,1,94,2016,March,10,4,0,2,2,0.0,0,BB,PRT,Offline TA/TO,TA/TO,0,1,0,A,A,0,Non Refund,154.0,28,Transient,80.0,0,0
City Hotel,1,94,2016,March,10,4,0,2,2,0.0,0,BB,PRT,Offline TA/TO,TA/TO,0,1,0,A,A,0,Non Refund,154.0,28,Transient,80.0,0,0
City Hotel,1,94,2016,March,10,4,0,2,2,0.0,0,BB,PRT,Offline TA/TO,TA/TO,0,1,0,A,A,0,Non Refund,154.0,28,Transient,80.0,0,0
City Hotel,1,94,2016,March,10,4,0,2,2,0.0,0,BB,PRT,Offline TA/TO,TA/TO,0,1,0,A,A,0,Non Refund,154.0,28,Transient,80.0,0,0
City Hotel,1,94,2016,March,10,4,0,2,2,0.0,0,BB,PRT,Offline TA/TO,TA/TO,0,1,0,A,A,0,Non Refund,154.0,28,Transient,80.0,0,0
City Hotel,1,94,2016,March,10,4,0,2,2,0.0,0,BB,PRT,Offline TA/TO,TA/TO,0,1,0,A,A,0,Non Refund,154.0,28,Transient,80.0,0,0
City Hotel,1,94,2016,March,10,4,0,2,2,0.0,0,BB,PRT,Offline TA/TO,TA/TO,0,1,0,A,A,0,Non Refund,154.0,28,Transient,80.0,0,0
City Hotel,1,94,2016,March,10,4,0,2,2,0.0,0,BB,PRT,Offline TA/TO,TA/TO,0,1,0,A,A,0,Non Refund,154.0,28,Transient,80.0,0,0
City Hotel,1,94,2016,March,10,4,0,2,2,0.0,0,BB,PRT,Offline TA/TO,TA/TO,0,1,0,A,A,0,Non Refund,154.0,28,Transient,80.0,0,0
City Hotel,1,94,2016,March,10,4,0,2,2,0.0,0,BB,PRT,Offline TA/TO,TA/TO,0,1,0,A,A,0,Non Refund,154.0,28,Transient,80.0,0,0
City Hotel,1,94,2016,March,10,4,0,2,2,0.0,0,BB,PRT,Offline TA/TO,TA/TO,0,1,0,A,A,0,Non Refund,154.0,28,Transient,80.0,0,0
City Hotel,1,108,2016,March,12,18,0,2,2,0.0,0,BB,PRT,Offline TA/TO,TA/TO,0,1,0,A,A,0,Non Refund,154.0,0,Transient,80.0,0,0
City Hotel,1,108,2016,March,12,18,0,2,2,0.0,0,BB,PRT,Offline TA/TO,TA/TO,0,1,0,A,A,0,Non Refund,154.0,0,Transient,80.0,0,0
City Hotel,1,108,2016,March,12,18,0,2,2,0.0,0,BB,PRT,Offline TA/TO,TA/TO,0,1,0,A,A,0,Non Refund,154.0,0,Transient,80.0,0,0
City Hotel,1,108,2016,March,12,18,0,2,2,0.0,0,BB,PRT,Offline TA/TO,TA/TO,0,1,0,A,A,0,Non Refund,154.0,0,Transient,80.0,0,0
City Hotel,1,108,2016,March,12,18,0,2,2,0.0,0,BB,PRT,Offline TA/TO,TA/TO,0,1,0,A,A,0,Non Refund,154.0,0,Transient,80.0,0,0
City Hotel,1,108,2016,March,12,18,0,2,2,0.0,0,BB,PRT,Offline TA/TO,TA/TO,0,1,0,A,A,0,Non Refund,154.0,0,Transient,80.0,0,0
City Hotel,1,108,2016,March,12,18,0,2,2,0.0,0,BB,PRT,Offline TA/TO,TA/TO,0,1,0,A,A,0,Non Refund,154.0,0,Transient,80.0,0,0
City Hotel,1,108,2016,March,12,18,0,2,2,0.0,0,BB,PRT,Offline TA/TO,TA/TO,0,1,0,A,A,0,Non Refund,154.0,0,Transient,80.0,0,0
City Hotel,1,108,2016,March,12,18,0,2,2,0.0,0,BB,PRT,Offline TA/TO,TA/TO,0,1,0,A,A,0,Non Refund,154.0,0,Transient,80.0,0,0
City Hotel,1,108,2016,March,12,18,0,2,2,0.0,0,BB,PRT,Offline TA/TO,TA/TO,0,1,0,A,A,0,Non Refund,154.0,0,Transient,80.0,0,0
City Hotel,1,108,2016,March,12,18,0,2,2,0.0,0,BB,PRT,Offline TA/TO,TA/TO,0,1,0,A,A,0,Non Refund,154.0,0,Transient,80.0,0,0
City Hotel,1,108,2016,March,12,18,0,2,2,0.0,0,BB,PRT,Offline TA/TO,TA/TO,0,1,0,A,A,0,Non Refund,154.0,0,Transient,80.0,0,0
City Hotel,1,108,2016,March,12,18,0,2,2,0.0,0,BB,PRT,Offline TA/TO,TA/TO,0,1,0,A,A,0,Non Refund,154.0,0,Transient,80.0,0,0
City Hotel,1,108,2016,March,12,18,0,2,2,0.0,0,BB,PRT,Offline TA/TO,TA/TO,0,1,0,A,A,0,Non Refund,154.0,0,Transient,80.0,0,0
City Hotel,1,108,2016,March,12,18,0,2,2,0.0,0,BB,PRT,Offline TA/TO,TA/TO,0,1,0,A,A,0,Non Refund,154.0,0,Transient,80.0,0,0
City Hotel,1,108,2016,March,12,18,0,2,2,0.0,0,BB,PRT,Offline TA/TO,TA/TO,0,1,0,A,A,0,Non Refund,154.0,0,Transient,80.0,0,0
City Hotel,1,108,2016,March,12,18,0,2,2,0.0,0,BB,PRT,Offline TA/TO,TA/TO,0,1,0,A,A,0,Non Refund,154.0,0,Transient,80.0,0,0
City Hotel,1,108,2016,March,12,18,0,2,2,0.0,0,BB,PRT,Offline TA/TO,TA/TO,0,1,0,A,A,0,Non Refund,154.0,0,Transient,80.0,0,0
City Hotel,1,108,2016,March,12,18,0,2,2,0.0,0,BB,PRT,Offline TA/TO,TA/TO,0,1,0,A,A,0,Non Refund,154.0,0,Transient,80.0,0,0
City Hotel,1,108,2016,March,12,18,0,2,2,0.0,0,BB,PRT,Offline TA/TO,TA/TO,0,1,0,A,A,0,Non Refund,154.0,0,Transient,80.0,0,0
City Hotel,1,108,2016,March,12,18,0,2,2,0.0,0,BB,PRT,Offline TA/TO,TA/TO,0,1,0,A,A,0,Non Refund,154.0,0,Transient,80.0,0,0
City Hotel,1,108,2016,March,12,18,0,2,2,0.0,0,BB,PRT,Offline TA/TO,TA/TO,0,1,0,A,A,0,Non Refund,154.0,0,Transient,80.0,0,0
City Hotel,1,108,2016,March,12,18,0,2,2,0.0,0,BB,PRT,Offline TA/TO,TA/TO,0,1,0,A,A,0,Non Refund,154.0,0,Transient,80.0,0,0
City Hotel,1,108,2016,March,12,18,0,2,2,0.0,0,BB,PRT,Offline TA/TO,TA/TO,0,1,0,A,A,0,Non Refund,154.0,0,Transient,80.0,0,0
City Hotel,1,108,2016,March,12,18,0,2,2,0.0,0,BB,PRT,Offline TA/TO,TA/TO,0,1,0,A,A,0,Non Refund,154.0,0,Transient,80.0,0,0
City Hotel,1,302,2016,October,41,6,0,3,2,0.0,0,BB,PRT,Offline TA/TO,TA/TO,0,1,0,A,A,0,Non Refund,3.0,0,Transient,105.0,0,0
City Hotel,1,302,2016,October,41,6,0,3,2,0.0,0,BB,PRT,Offline TA/TO,TA/TO,0,1,0,A,A,0,Non Refund,3.0,0,Transient,105.0,0,0
City Hotel,1,302,2016,October,41,6,0,3,2,0.0,0,BB,PRT,Offline TA/TO,TA/TO,0,1,0,A,A,0,Non Refund,3.0,0,Transient,105.0,0,0
City Hotel,1,302,2016,October,41,6,0,3,2,0.0,0,BB,PRT,Offline TA/TO,TA/TO,0,1,0,A,A,0,Non Refund,3.0,0,Transient,105.0,0,0
City Hotel,1,302,2016,October,41,6,0,3,2,0.0,0,BB,PRT,Offline TA/TO,TA/TO,0,1,0,A,A,0,Non Refund,3.0,0,Transient,105.0,0,0
City Hotel,1,302,2016,October,41,6,0,3,2,0.0,0,BB,PRT,Offline TA/TO,TA/TO,0,1,0,A,A,0,Non Refund,3.0,0,Transient,105.0,0,0
City Hotel,1,302,2016,October,41,6,0,3,2,0.0,0,BB,PRT,Offline TA/TO,TA/TO,0,1,0,A,A,0,Non Refund,3.0,0,Transient,105.0,0,0
City Hotel,1,302,2016,October,41,6,0,3,2,0.0,0,BB,PRT,Offline TA/TO,TA/TO,0,1,0,A,A,0,Non Refund,3.0,0,Transient,105.0,0,0
City Hotel,1,302,2016,October,41,6,0,3,2,0.0,0,BB,PRT,Offline TA/TO,TA/TO,0,1,0,A,A,0,Non Refund,3.0,0,Transient,105.0,0,0
City Hotel,1,302,2016,October,41,6,0,3,2,0.0,0,BB,PRT,Offline TA/TO,TA/TO,0,1,0,A,A,0,Non Refund,3.0,0,Transient,105.0,0,0
City Hotel,1,302,2016,October,41,6,0,3,2,0.0,0,BB,PRT,Offline TA/TO,TA/TO,0,1,0,A,A,0,Non Refund,3.0,0,Transient,105.0,0,0
City Hotel,1,302,2016,October,41,6,0,3,2,0.0,0,BB,PRT,Offline TA/TO,TA/TO,0,1,0,A,A,0,Non Refund,3.0,0,Transient,105.0,0,0
City Hotel,1,302,2016,October,41,6,0,3,2,0.0,0,BB,PRT,Offline TA/TO,TA/TO,0,1,0,A,A,0,Non Refund,3.0,0,Transient,105.0,0,0
City Hotel,1,302,2016,October,41,6,0,3,2,0.0,0,BB,PRT,Offline TA/TO,TA/TO,0,1,0,A,A,0,Non Refund,3.0,0,Transient,105.0,0,0
City Hotel,1,302,2016,October,41,6,0,3,2,0.0,0,BB,PRT,Offline TA/TO,TA/TO,0,1,0,A,A,0,Non Refund,3.0,0,Transient,105.0,0,0
City Hotel,1,23,2016,January,1,2,2,1,2,0.0,0,HB,PRT,Offline TA/TO,TA/TO,0,1,0,A,A,0,No Deposit,26.0,0,Transient-Party,107.0,0,0
City Hotel,1,23,2016,January,1,2,2,1,2,0.0,0,HB,PRT,Offline TA/TO,TA/TO,0,1,0,A,A,0,No Deposit,26.0,0,Transient-Party,107.0,0,0
City Hotel,0,33,2015,December,52,26,2,2,2,0.0,0,BB,BEL,Offline TA/TO,TA/TO,0,0,0,A,D,0,No Deposit,28.0,0,Transient,55.0,0,0
City Hotel,0,49,2015,December,52,23,2,5,2,0.0,0,SC,JPN,Online TA,TA/TO,0,0,0,A,A,0,No Deposit,9.0,0,Contract,77.39,0,1
City Hotel,0,27,2015,December,53,27,2,1,2,0.0,0,HB,PRT,Offline TA/TO,TA/TO,0,0,0,A,D,0,No Deposit,6.0,0,Transient,91.8,0,1
City Hotel,0,20,2015,December,53,27,2,1,2,0.0,0,BB,PRT,Offline TA/TO,TA/TO,0,0,0,A,D,0,No Deposit,28.0,0,Transient,58.0,0,0
City Hotel,0,4,2015,December,52,26,2,2,2,0.0,0,SC,ESP,Offline TA/TO,TA/TO,0,0,0,A,A,0,No Deposit,85.0,0,Transient,52.5,0,2
City Hotel,0,0,2015,December,53,29,0,1,2,0.0,0,SC,JPN,Direct,Direct,0,0,0,A,A,0,No Deposit,,0,Transient,105.0,0,0
City Hotel,0,24,2015,December,52,26,2,2,2,0.0,0,BB,FRA,Offline TA/TO,TA/TO,0,0,0,A,D,0,No Deposit,28.0,0,Transient,58.0,0,1
City Hotel,0,24,2015,December,52,26,2,2,2,0.0,0,BB,FRA,Offline TA/TO,TA/TO,0,0,0,A,D,0,No Deposit,28.0,0,Transient,58.0,0,1
City Hotel,0,83,2015,December,53,27,2,1,2,0.0,0,BB,USA,Direct,Direct,0,0,0,A,A,0,No Deposit,14.0,0,Transient,85.5,0,2
City Hotel,0,83,2015,December,53,27,2,1,2,0.0,0,BB,PRT,Direct,Direct,0,0,0,A,A,0,No Deposit,14.0,0,Transient,85.5,0,2
City Hotel,0,59,2015,December,53,27,2,1,2,0.0,0,BB,NLD,Offline TA/TO,TA/TO,0,0,0,A,E,1,No Deposit,121.0,0,Transient,112.0,0,0
City Hotel,0,0,2015,December,53,27,2,1,2,0.0,0,BB,FRA,Offline TA/TO,TA/TO,0,0,0,A,D,1,No Deposit,28.0,0,Transient,58.0,0,0
City Hotel,0,43,2015,December,52,26,2,2,2,0.0,0,BB,ESP,Offline TA/TO,TA/TO,0,0,0,A,D,0,No Deposit,28.0,0,Contract,55.0,0,2
City Hotel,0,43,2015,December,52,26,2,2,2,0.0,0,BB,ESP,Offline TA/TO,TA/TO,0,0,0,A,D,0,No Deposit,28.0,0,Contract,64.0,1,2
City Hotel,0,51,2015,December,52,25,2,3,2,0.0,0,BB,SWE,Online TA,TA/TO,0,0,0,A,A,0,No Deposit,9.0,0,Contract,93.0,0,1
City Hotel,0,37,2015,December,52,25,2,3,2,0.0,0,BB,ESP,Direct,Direct,0,0,0,B,B,0,No Deposit,14.0,0,Transient,78.85,0,1
City Hotel,0,37,2015,December,52,25,2,3,2,0.0,0,BB,ESP,Direct,Direct,0,0,0,B,B,0,No Deposit,14.0,0,Transient,78.85,0,1
City Hotel,0,21,2015,December,52,25,2,3,2,0.0,0,BB,ITA,Offline TA/TO,TA/TO,0,0,0,A,D,0,No Deposit,28.0,0,Transient-Party,58.0,0,1
City Hotel,0,21,2015,December,52,25,2,3,2,0.0,0,BB,PRT,Offline TA/TO,TA/TO,0,0,0,A,D,0,No Deposit,28.0,0,Transient-Party,58.0,0,1
City Hotel,0,4,2015,December,52,26,2,2,2,0.0,0,SC,ESP,Offline TA/TO,TA/TO,0,0,0,A,A,1,No Deposit,85.0,0,Transient,61.5,0,2
City Hotel,0,20,2015,December,53,27,2,1,2,0.0,0,BB,FRA,Offline TA/TO,TA/TO,0,0,0,A,D,2,No Deposit,28.0,0,Transient,58.0,0,0
City Hotel,0,55,2015,December,53,28,1,1,2,0.0,0,BB,ESP,Online TA,TA/TO,0,0,0,A,A,0,No Deposit,9.0,0,Contract,106.0,0,0
City Hotel,0,8,2015,December,52,26,2,2,2,0.0,0,BB,ESP,Offline TA/TO,TA/TO,0,0,0,A,A,0,No Deposit,83.0,0,Transient,52.0,0,1
City Hotel,0,54,2015,December,53,27,2,1,2,0.0,0,HB,FRA,Offline TA/TO,TA/TO,0,0,0,A,A,0,No Deposit,28.0,0,Transient,102.0,0,0
City Hotel,0,10,2015,December,53,27,2,1,2,0.0,0,BB,ESP,Offline TA/TO,TA/TO,0,0,0,G,G,0,No Deposit,,0,Transient,52.0,0,0
City Hotel,0,42,2015,December,53,28,1,1,2,0.0,0,BB,PRT,Online TA,TA/TO,0,0,0,B,B,0,No Deposit,9.0,0,Contract,100.5,1,0
City Hotel,0,26,2015,December,52,26,2,2,2,0.0,0,BB,AUT,Offline TA/TO,TA/TO,0,0,0,A,D,0,No Deposit,16.0,0,Transient,43.5,0,1
City Hotel,0,42,2015,December,53,28,1,1,2,0.0,0,BB,PRT,Online TA,TA/TO,0,0,0,B,B,0,No Deposit,9.0,0,Contract,91.5,1,0
City Hotel,0,34,2015,December,53,27,2,1,2,0.0,0,SC,ESP,Online TA,TA/TO,0,0,0,A,A,0,No Deposit,9.0,0,Contract,102.3,0,1
City Hotel,0,40,2015,December,52,26,2,2,2,0.0,0,BB,DEU,Offline TA/TO,TA/TO,0,0,0,A,D,0,No Deposit,28.0,0,Contract,55.0,0,1
City Hotel,0,40,2015,December,52,26,2,2,2,0.0,0,BB,DEU,Offline TA/TO,TA/TO,0,0,0,A,D,0,No Deposit,28.0,0,Contract,55.0,0,1
City Hotel,0,42,2015,December,53,28,1,1,2,0.0,0,BB,PRT,Online TA,TA/TO,0,0,0,B,B,0,No Deposit,9.0,0,Contract,91.5,1,0
City Hotel,0,42,2015,December,53,28,1,1,2,0.0,0,BB,PRT,Online TA,TA/TO,0,0,0,B,B,0,No Deposit,9.0,0,Contract,100.5,1,0
City Hotel,0,8,2015,December,52,26,2,2,2,0.0,0,BB,BLR,Offline TA/TO,TA/TO,0,0,0,A,A,0,No Deposit,83.0,0,Transient,52.0,0,1
City Hotel,0,40,2015,December,52,26,2,2,2,0.0,0,BB,ESP,Offline TA/TO,TA/TO,0,0,0,A,A,0,No Deposit,22.0,0,Transient,63.0,0,1
City Hotel,0,39,2015,December,53,29,0,1,2,0.0,0,BB,RUS,Online TA,TA/TO,0,0,0,A,A,0,No Deposit,9.0,0,Contract,107.0,0,1
City Hotel,0,41,2015,December,53,27,2,1,2,0.0,0,BB,CHE,Online TA,TA/TO,0,0,0,A,A,0,No Deposit,11.0,0,Transient,65.02,0,0
City Hotel,1,72,2015,December,53,30,0,4,2,0.0,0,BB,PRT,Online TA,TA/TO,0,0,0,A,A,0,No Deposit,9.0,0,Contract,110.8,0,1
City Hotel,1,65,2015,December,53,30,1,4,2,0.0,0,BB,PRT,Online TA,TA/TO,0,0,0,A,D,0,No Deposit,9.0,0,Transient,96.2,0,1
City Hotel,1,54,2015,December,53,30,1,4,2,0.0,0,BB,PRT,Online TA,TA/TO,0,0,0,D,D,0,No Deposit,9.0,0,Contract,118.2,0,1
City Hotel,1,54,2015,December,53,30,1,4,2,0.0,0,BB,PRT,Online TA,TA/TO,0,0,0,D,D,0,No Deposit,9.0,0,Contract,118.2,0,1
City Hotel,0,32,2015,December,53,27,2,2,2,0.0,0,BB,GBR,Online TA,TA/TO,0,0,0,D,D,0,No Deposit,8.0,0,Transient,65.55,0,0
City Hotel,0,15,2015,December,53,29,0,2,2,0.0,0,BB,CN,Offline TA/TO,TA/TO,0,0,0,A,A,0,No Deposit,83.0,0,Contract,60.0,0,0
City Hotel,0,59,2015,December,53,28,1,2,2,0.0,0,SC,GBR,Direct,Direct,0,0,0,A,A,0,No Deposit,14.0,0,Group,73.73,0,0
City Hotel,0,46,2015,December,52,26,2,3,2,0.0,0,BB,DEU,Online TA,TA/TO,0,0,0,A,A,0,No Deposit,10.0,0,Transient,78.0,0,2
City Hotel,0,40,2015,December,52,26,2,3,2,0.0,0,BB,FRA,Online TA,TA/TO,0,0,0,A,A,0,No Deposit,11.0,0,Transient,64.15,0,0
City Hotel,0,31,2015,December,53,28,1,2,2,0.0,0,BB,FRA,Offline TA/TO,TA/TO,0,0,0,A,A,0,No Deposit,138.0,0,Transient,80.0,0,0
City Hotel,0,91,2015,December,53,28,1,2,2,0.0,0,BB,FRA,Offline TA/TO,TA/TO,0,0,0,D,D,2,No Deposit,28.0,0,Group,60.0,0,0
City Hotel,0,53,2015,December,53,29,0,2,2,0.0,0,SC,ESP,Online TA,TA/TO,0,0,0,A,A,0,No Deposit,9.0,0,Contract,81.0,0,1
City Hotel,0,53,2015,December,53,29,0,2,2,0.0,0,SC,ESP,Online TA,TA/TO,0,0,0,A,A,0,No Deposit,9.0,0,Contract,81.0,0,1
City Hotel,0,53,2015,December,53,29,0,2,2,0.0,0,SC,ESP,Online TA,TA/TO,0,0,0,A,A,0,No Deposit,9.0,0,Contract,81.0,0,1
City Hotel,0,92,2015,December,52,26,2,3,2,0.0,0,BB,FRA,Offline TA/TO,TA/TO,0,0,0,D,D,0,No Deposit,28.0,0,Transient,60.0,0,1
City Hotel,0,52,2015,December,53,28,1,2,2,0.0,0,BB,CHN,Online TA,TA/TO,0,0,0,A,A,0,No Deposit,9.0,0,Contract,100.33,0,1
City Hotel,0,39,2015,December,53,27,2,2,2,0.0,0,BB,BRA,Online TA,TA/TO,0,0,0,B,B,1,No Deposit,9.0,0,Contract,91.45,1,2
City Hotel,0,46,2015,December,52,26,2,3,2,0.0,0,BB,DEU,Online TA,TA/TO,0,0,0,A,A,0,No Deposit,10.0,0,Transient,69.0,0,2
City Hotel,0,0,2015,December,53,31,0,2,2,0.0,0,BB,CHE,Direct,Direct,1,0,0,D,D,2,No Deposit,,0,Transient,120.0,0,0
City Hotel,0,1,2015,December,53,29,0,2,2,0.0,0,SC,PRT,Online TA,TA/TO,0,0,0,A,A,0,No Deposit,152.0,0,Transient,72.67,0,0
City Hotel,0,38,2015,December,52,24,2,5,2,0.0,0,BB,IRL,Direct,Direct,0,0,0,A,A,0,No Deposit,14.0,0,Transient,83.57,0,0
City Hotel,0,33,2015,December,52,26,2,3,2,0.0,0,BB,FRA,Direct,Direct,0,0,0,D,D,0,No Deposit,14.0,0,Transient,97.0,0,0
City Hotel,0,61,2015,December,53,27,2,3,2,0.0,0,BB,PRT,Offline TA/TO,TA/TO,0,0,0,D,D,0,No Deposit,27.0,0,Transient,56.0,0,0
City Hotel,0,93,2015,December,53,27,2,3,2,0.0,0,BB,FRA,Offline TA/TO,TA/TO,0,0,0,D,D,0,No Deposit,28.0,0,Transient,60.0,0,0
City Hotel,0,58,2015,December,53,30,0,2,2,0.0,0,BB,JPN,Online TA,TA/TO,0,0,0,D,D,1,No Deposit,9.0,0,Contract,127.0,0,0
City Hotel,0,38,2015,December,53,27,2,3,2,0.0,0,BB,FRA,Online TA,TA/TO,0,0,0,A,A,0,No Deposit,9.0,0,Contract,119.0,0,1
City Hotel,0,96,2015,December,53,29,0,3,2,0.0,0,BB,IRL,Offline TA/TO,TA/TO,0,0,0,A,A,0,No Deposit,22.0,0,Transient,70.0,0,0
City Hotel,0,60,2015,December,53,27,2,3,2,0.0,0,BB,FRA,Offline TA/TO,TA/TO,0,0,0,A,A,0,No Deposit,85.0,0,Transient,68.0,0,0
City Hotel,0,87,2015,December,53,28,1,3,2,0.0,0,BB,ESP,Direct,Direct,0,0,0,A,A,2,No Deposit,14.0,0,Transient,93.93,0,0
City Hotel,0,11,2015,December,53,29,0,3,2,0.0,0,BB,FRA,Offline TA/TO,TA/TO,0,0,0,E,F,0,No Deposit,167.0,0,Transient,157.67,0,0
City Hotel,0,109,2015,December,53,28,1,3,2,0.0,0,BB,FRA,Offline TA/TO,TA/TO,0,0,0,A,A,0,No Deposit,27.0,0,Transient,43.5,0,2
City Hotel,0,63,2015,December,53,30,0,2,2,0.0,0,BB,PRT,Online TA,TA/TO,0,0,0,D,D,0,No Deposit,9.0,0,Transient,133.0,1,1
City Hotel,0,2,2015,December,53,28,1,3,2,0.0,0,BB,BEL,Direct,Direct,0,0,0,D,D,0,No Deposit,,0,Transient,101.53,0,0
City Hotel,0,95,2015,December,53,29,0,3,2,0.0,0,BB,FRA,Offline TA/TO,TA/TO,0,0,0,D,D,0,No Deposit,28.0,0,Transient,60.0,0,0
City Hotel,0,94,2015,December,53,27,2,3,2,0.0,0,BB,FRA,Offline TA/TO,TA/TO,0,0,0,D,D,0,No Deposit,28.0,0,Transient,60.0,0,0
City Hotel,0,85,2015,December,53,29,0,3,2,0.0,0,BB,PRT,Direct,Direct,0,0,0,A,A,0,No Deposit,14.0,0,Transient,81.2,0,1
City Hotel,0,13,2015,December,53,28,1,3,2,0.0,0,BB,DEU,Offline TA/TO,TA/TO,0,0,0,D,D,0,No Deposit,27.0,0,Transient,52.5,0,0
City Hotel,0,87,2015,December,53,29,0,3,2,0.0,0,BB,ITA,Online TA,TA/TO,0,0,0,B,B,0,No Deposit,9.0,0,Transient-Party,95.7,0,1
City Hotel,0,67,2015,December,53,27,2,3,2,0.0,0,BB,FRA,Online TA,TA/TO,0,0,0,A,A,0,No Deposit,9.0,0,Contract,103.14,0,1
City Hotel,0,87,2015,December,53,29,0,3,2,0.0,0,BB,ITA,Online TA,TA/TO,0,0,0,B,B,0,No Deposit,9.0,0,Transient-Party,95.7,0,1
City Hotel,0,65,2015,December,53,30,0,2,2,0.0,0,BB,CHN,Online TA,TA/TO,0,0,0,A,A,0,No Deposit,9.0,0,Transient,113.4,0,1
City Hotel,0,80,2015,December,53,31,0,1,2,0.0,0,BB,RUS,Online TA,TA/TO,0,0,0,A,A,0,No Deposit,9.0,0,Contract,122.4,1,1
City Hotel,0,61,2015,December,53,28,1,3,2,0.0,0,SC,POL,Online TA,TA/TO,0,0,0,A,A,1,No Deposit,9.0,0,Transient,92.5,0,1
City Hotel,0,97,2015,December,53,30,0,2,2,0.0,0,BB,ITA,Offline TA/TO,TA/TO,0,0,0,A,A,0,No Deposit,83.0,0,Transient,70.0,0,1
City Hotel,0,97,2015,December,53,28,1,3,2,0.0,0,SC,PRT,Online TA,TA/TO,0,0,0,A,A,0,No Deposit,15.0,0,Transient,53.38,0,0
City Hotel,0,98,2015,December,53,29,0,3,2,0.0,0,BB,ITA,Offline TA/TO,TA/TO,0,0,0,A,A,0,No Deposit,83.0,0,Transient-Party,59.5,0,2
City Hotel,0,1,2015,December,53,31,0,1,2,0.0,0,BB,PRT,Direct,Direct,0,0,0,A,A,0,No Deposit,,0,Transient,135.0,0,0
City Hotel,0,98,2015,December,53,29,0,3,2,0.0,0,BB,ITA,Offline TA/TO,TA/TO,0,0,0,A,A,0,No Deposit,83.0,0,Transient-Party,59.5,0,1
City Hotel,0,57,2015,December,52,25,2,5,2,0.0,0,BB,USA,Online TA,TA/TO,0,0,0,A,A,0,No Deposit,11.0,0,Transient,72.47,0,0
City Hotel,0,58,2015,December,53,28,1,3,2,0.0,0,BB,PRT,Direct,Direct,0,0,0,A,A,0,No Deposit,14.0,0,Group,95.4,0,0
City Hotel,0,72,2015,December,53,27,2,4,2,0.0,0,BB,FRA,Direct,Direct,0,0,0,D,D,0,No Deposit,,0,Transient,128.22,0,2
City Hotel,0,72,2015,December,53,27,2,4,2,0.0,0,BB,FRA,Direct,Direct,0,0,0,D,D,0,No Deposit,,0,Transient,128.22,0,2
City Hotel,0,70,2015,December,53,29,0,4,2,0.0,0,HB,FRA,Direct,Direct,0,0,0,A,D,0,No Deposit,,0,Transient,160.03,0,1
City Hotel,0,70,2015,December,53,29,0,4,2,0.0,0,HB,FRA,Direct,Direct,0,0,0,A,D,0,No Deposit,,0,Transient,160.03,0,1
City Hotel,0,70,2015,December,53,29,0,4,2,0.0,0,HB,FRA,Direct,Direct,0,0,0,A,D,0,No Deposit,,0,Transient,160.03,0,1
City Hotel,0,97,2015,December,53,29,0,4,2,0.0,0,BB,FRA,Offline TA/TO,TA/TO,0,0,0,D,D,0,No Deposit,28.0,0,Transient,60.5,0,1
City Hotel,0,103,2015,December,53,29,0,4,2,0.0,0,BB,ESP,Direct,Direct,0,0,0,A,A,0,No Deposit,14.0,0,Transient,117.25,0,2
City Hotel,0,49,2015,December,53,28,1,4,2,0.0,0,HB,ESP,Online TA,TA/TO,0,0,0,A,A,0,No Deposit,15.0,0,Transient,145.61,0,1
City Hotel,0,58,2015,December,53,28,1,4,2,0.0,0,BB,ESP,Online TA,TA/TO,0,0,0,A,A,0,No Deposit,9.0,0,Transient,109.4,0,2
City Hotel,0,49,2015,December,53,28,1,4,2,0.0,0,HB,ESP,Online TA,TA/TO,0,0,0,A,A,0,No Deposit,15.0,0,Transient,145.61,0,1
City Hotel,0,58,2015,December,53,28,1,4,2,0.0,0,BB,ESP,Online TA,TA/TO,0,0,0,A,A,0,No Deposit,9.0,0,Transient,109.4,0,2
City Hotel,0,86,2015,December,53,30,0,3,2,0.0,0,BB,CRI,Online TA,TA/TO,0,0,0,A,A,0,No Deposit,7.0,0,Transient,81.86,0,1
City Hotel,0,86,2015,December,53,30,0,3,2,0.0,0,BB,PRT,Online TA,TA/TO,0,0,0,A,A,0,No Deposit,7.0,0,Transient,81.86,0,1
City Hotel,0,97,2015,December,53,29,0,4,2,0.0,0,BB,FRA,Offline TA/TO,TA/TO,0,0,0,D,D,0,No Deposit,28.0,0,Transient,60.5,0,1
City Hotel,0,0,2015,December,53,30,0,3,2,0.0,0,BB,ITA,Direct,Direct,0,0,0,A,A,3,No Deposit,,0,Transient,111.0,0,0
City Hotel,0,72,2015,December,53,30,0,3,2,0.0,0,BB,BEL,Online TA,TA/TO,0,0,0,D,D,0,No Deposit,9.0,0,Contract,120.67,0,0
City Hotel,0,41,2015,December,53,30,0,3,2,0.0,0,BB,ESP,Direct,Direct,0,0,0,D,D,0,No Deposit,,0,Transient,128.0,1,0
City Hotel,0,41,2015,December,53,30,0,3,2,0.0,0,BB,FRA,Direct,Direct,0,0,0,D,D,0,No Deposit,,0,Transient,119.0,0,0
City Hotel,0,69,2015,December,53,31,0,2,2,0.0,0,BB,ESP,Online TA,TA/TO,0,0,0,A,A,0,No Deposit,9.0,0,Contract,119.8,1,2
City Hotel,0,89,2015,December,53,30,0,3,2,0.0,0,BB,PRT,Online TA,TA/TO,0,0,0,A,A,0,No Deposit,11.0,0,Transient,79.82,0,0
City Hotel,0,59,2015,December,53,28,1,4,2,0.0,0,BB,ESP,Direct,Direct,0,0,0,A,A,0,No Deposit,14.0,0,Transient,86.41,1,0
City Hotel,0,69,2015,December,53,30,0,3,2,0.0,0,BB,ESP,Direct,Direct,0,0,0,B,B,0,No Deposit,,0,Transient-Party,93.52,0,0
City Hotel,0,69,2015,December,53,30,0,3,2,0.0,0,BB,ESP,Direct,Direct,0,0,0,B,B,0,No Deposit,,0,Transient-Party,93.52,0,0
City Hotel,0,93,2015,December,53,30,0,3,2,0.0,0,BB,FRA,Offline TA/TO,TA/TO,0,0,0,D,D,0,No Deposit,28.0,0,Group,60.67,0,0
City Hotel,0,57,2015,December,53,30,0,3,2,0.0,0,BB,ESP,Direct,Direct,0,0,0,D,D,0,No Deposit,14.0,0,Transient,104.17,0,2
City Hotel,0,93,2015,December,53,30,0,3,2,0.0,0,BB,CHE,Online TA,TA/TO,0,0,0,A,G,0,No Deposit,11.0,0,Transient,118.19,0,0
City Hotel,0,97,2015,December,53,29,0,4,2,0.0,0,BB,FRA,Offline TA/TO,TA/TO,0,0,0,D,D,0,No Deposit,28.0,0,Transient,60.5,0,1
City Hotel,0,95,2015,December,53,29,0,4,2,0.0,0,BB,FRA,Offline TA/TO,TA/TO,0,0,0,D,D,0,No Deposit,28.0,0,Group,60.5,0,0
City Hotel,0,58,2015,December,53,27,2,4,2,0.0,0,BB,CHE,Offline TA/TO,TA/TO,0,0,0,D,D,0,No Deposit,85.0,0,Transient,78.53,0,1
City Hotel,0,97,2015,December,53,29,0,4,2,0.0,0,BB,FRA,Offline TA/TO,TA/TO,0,0,0,D,D,0,No Deposit,28.0,0,Transient,60.5,0,1
City Hotel,0,99,2015,December,53,30,0,3,2,0.0,0,BB,FRA,Offline TA/TO,TA/TO,0,0,0,D,A,0,No Deposit,28.0,0,Transient,60.67,0,0
City Hotel,0,43,2016,January,1,1,0,1,2,0.0,0,BB,ESP,Direct,Direct,0,0,0,A,A,0,No Deposit,,0,Transient,107.0,0,0
City Hotel,0,68,2015,December,53,30,0,3,2,0.0,0,BB,PRT,Online TA,TA/TO,0,0,0,A,A,0,No Deposit,11.0,0,Transient,93.78,0,0
City Hotel,0,10,2015,December,53,31,0,2,2,0.0,0,BB,PRT,Offline TA/TO,TA/TO,0,0,0,A,A,0,No Deposit,39.0,0,Transient,206.55,0,0
City Hotel,0,86,2015,December,53,30,0,3,2,0.0,0,BB,CRI,Online TA,TA/TO,0,0,0,A,A,0,No Deposit,7.0,0,Transient,81.86,0,1
City Hotel,0,0,2015,December,53,29,0,4,2,0.0,0,BB,FRA,Offline TA/TO,TA/TO,0,0,0,D,D,0,No Deposit,28.0,0,Group,60.25,0,0
City Hotel,1,228,2016,July,31,27,0,2,2,0.0,0,BB,PRT,Offline TA/TO,TA/TO,0,1,0,E,E,0,No Deposit,83.0,0,Transient,92.48,0,0
City Hotel,0,93,2015,December,53,30,0,4,2,0.0,0,BB,FRA,Offline TA/TO,TA/TO,0,0,0,D,D,1,No Deposit,28.0,0,Group,61.0,0,0
City Hotel,0,72,2015,December,52,23,2,9,2,0.0,0,BB,DEU,Offline TA/TO,TA/TO,0,0,0,A,A,0,No Deposit,27.0,0,Transient,58.91,0,1
City Hotel,0,63,2015,December,53,30,0,4,2,0.0,0,BB,ESP,Online TA,TA/TO,0,0,0,D,D,0,No Deposit,9.0,0,Transient,115.5,0,1
City Hotel,0,49,2015,December,53,30,0,4,2,0.0,0,BB,PRT,Offline TA/TO,TA/TO,0,0,0,A,A,0,No Deposit,3.0,0,Transient-Party,71.0,0,0
City Hotel,0,49,2015,December,53,30,0,4,2,0.0,0,BB,ITA,Offline TA/TO,TA/TO,0,0,0,A,A,0,No Deposit,3.0,0,Transient-Party,71.0,0,0
City Hotel,0,81,2015,December,53,30,0,4,2,0.0,0,BB,PRT,Online TA,TA/TO,0,0,0,A,A,0,No Deposit,9.0,0,Contract,110.8,0,3
City Hotel,0,49,2015,December,53,30,0,4,2,0.0,0,BB,ITA,Offline TA/TO,TA/TO,0,0,0,A,A,0,No Deposit,3.0,0,Transient-Party,71.0,0,0
City Hotel,0,49,2015,December,53,30,0,4,2,0.0,0,BB,ITA,Offline TA/TO,TA/TO,0,0,0,A,A,0,No Deposit,3.0,0,Transient-Party,71.0,0,0
City Hotel,0,46,2016,January,1,1,0,2,2,0.0,0,BB,DEU,Online TA,TA/TO,0,0,0,A,A,0,No Deposit,10.0,0,Transient,71.0,0,0
City Hotel,0,81,2015,December,53,30,0,4,2,0.0,0,BB,ITA,Online TA,TA/TO,0,0,0,A,A,0,No Deposit,9.0,0,Contract,110.8,0,3
City Hotel,0,69,2015,December,53,30,0,4,2,0.0,0,BB,ITA,Online TA,TA/TO,0,0,0,A,A,1,No Deposit,9.0,0,Contract,111.3,0,1
City Hotel,0,97,2015,December,53,30,0,4,2,0.0,0,BB,FRA,Offline TA/TO,TA/TO,0,0,0,D,E,0,No Deposit,28.0,0,Transient,61.0,0,0
City Hotel,0,49,2015,December,53,30,0,4,2,0.0,0,BB,PRT,Offline TA/TO,TA/TO,0,0,0,A,A,0,No Deposit,3.0,0,Transient-Party,71.0,0,0
City Hotel,0,7,2015,December,53,30,0,4,2,0.0,0,BB,ITA,Offline TA/TO,TA/TO,0,0,0,A,A,0,No Deposit,3.0,0,Transient-Party,71.0,0,0
City Hotel,0,84,2015,December,53,31,0,3,2,0.0,0,HB,FRA,Offline TA/TO,TA/TO,0,0,0,A,A,0,No Deposit,104.0,0,Transient,100.33,0,0
City Hotel,0,49,2015,December,53,30,0,4,2,0.0,0,BB,PRT,Offline TA/TO,TA/TO,0,0,0,A,A,0,No Deposit,3.0,0,Transient-Party,71.0,0,0
City Hotel,0,49,2015,December,53,30,0,4,2,0.0,0,BB,PRT,Offline TA/TO,TA/TO,0,0,0,A,A,0,No Deposit,3.0,0,Transient-Party,71.0,0,0
City Hotel,0,60,2015,December,53,29,0,5,2,0.0,0,BB,FRA,Online TA,TA/TO,0,0,0,A,A,0,No Deposit,8.0,0,Transient,98.21,0,0
City Hotel,0,97,2015,December,53,30,0,4,2,0.0,0,BB,FRA,Offline TA/TO,TA/TO,0,0,0,D,E,0,No Deposit,28.0,0,Transient,61.0,0,0
City Hotel,0,0,2016,January,1,2,0,1,2,0.0,0,SC,PRT,Direct,Direct,0,0,0,A,D,0,No Deposit,,0,Transient,95.0,0,0
City Hotel,0,49,2015,December,53,30,0,4,2,0.0,0,BB,PRT,Offline TA/TO,TA/TO,0,0,0,A,A,0,No Deposit,3.0,0,Transient-Party,71.0,0,0
City Hotel,0,50,2015,December,53,31,0,3,2,0.0,0,BB,ITA,Offline TA/TO,TA/TO,0,0,0,A,A,0,No Deposit,3.0,0,Transient-Party,71.33,0,0
City Hotel,0,29,2015,December,53,31,0,3,2,0.0,0,BB,ESP,Offline TA/TO,TA/TO,0,0,0,A,D,0,No Deposit,28.0,0,Transient,115.0,0,1
City Hotel,0,77,2015,December,53,31,0,3,2,0.0,0,BB,PRT,Online TA,TA/TO,0,0,0,A,A,0,No Deposit,9.0,0,Contract,109.93,0,1
City Hotel,0,0,2016,January,1,2,0,1,2,0.0,0,BB,PRT,Offline TA/TO,TA/TO,0,0,0,A,D,1,No Deposit,85.0,0,Transient,72.0,0,0
City Hotel,0,0,2016,January,1,2,0,1,2,0.0,0,BB,PRT,Direct,Direct,0,0,0,D,D,0,No Deposit,,0,Transient,95.0,0,0
City Hotel,0,29,2015,December,53,31,0,3,2,0.0,0,BB,FRA,Offline TA/TO,TA/TO,0,0,0,A,A,0,No Deposit,104.0,0,Transient,118.0,0,0
City Hotel,0,43,2015,December,53,31,0,3,2,0.0,0,BB,FRA,Offline TA/TO,TA/TO,0,0,0,A,A,0,No Deposit,104.0,0,Transient,118.0,0,0
City Hotel,0,55,2015,December,53,31,0,3,2,0.0,0,BB,PRT,Offline TA/TO,TA/TO,0,0,0,A,A,0,No Deposit,104.0,0,Transient,71.33,0,0
City Hotel,0,49,2015,December,53,30,0,4,2,0.0,0,BB,ITA,Offline TA/TO,TA/TO,0,0,0,A,A,0,No Deposit,3.0,0,Transient-Party,71.0,0,0
City Hotel,0,41,2015,December,53,31,0,3,2,0.0,0,BB,PRT,Offline TA/TO,TA/TO,0,0,0,A,B,0,No Deposit,104.0,0,Transient,118.0,0,0
City Hotel,0,40,2015,December,53,31,0,3,2,0.0,0,BB,FRA,Offline TA/TO,TA/TO,0,0,0,A,A,0,No Deposit,104.0,0,Transient,118.0,0,1
City Hotel,0,43,2015,December,53,31,0,3,2,0.0,0,HB,FRA,Offline TA/TO,TA/TO,0,0,0,A,A,0,No Deposit,104.0,0,Transient,137.33,0,0
City Hotel,0,68,2015,December,53,31,0,3,2,0.0,0,BB,FRA,Offline TA/TO,TA/TO,0,0,0,A,A,0,No Deposit,104.0,0,Transient-Party,71.33,0,1
City Hotel,0,40,2015,December,53,31,0,3,2,0.0,0,BB,FRA,Offline TA/TO,TA/TO,0,0,0,A,A,0,No Deposit,104.0,0,Transient,118.0,0,0
City Hotel,0,18,2016,January,1,2,0,1,2,0.0,0,BB,CHE,Offline TA/TO,TA/TO,0,0,0,A,A,0,No Deposit,83.0,0,Transient,54.0,0,0
City Hotel,0,42,2015,December,53,31,0,3,2,0.0,0,BB,FRA,Offline TA/TO,TA/TO,0,0,0,A,A,0,No Deposit,104.0,0,Transient,118.0,0,0
City Hotel,0,72,2015,December,52,23,2,9,2,0.0,0,BB,ROU,Offline TA/TO,TA/TO,0,0,0,A,A,0,No Deposit,27.0,0,Transient,58.91,0,1
City Hotel,0,40,2015,December,53,31,0,3,2,0.0,0,BB,PRT,Offline TA/TO,TA/TO,0,0,0,A,A,0,No Deposit,104.0,0,Transient,118.0,0,1
City Hotel,0,43,2015,December,53,31,0,3,2,0.0,0,BB,FRA,Offline TA/TO,TA/TO,0,0,0,A,B,0,No Deposit,104.0,0,Transient,118.0,0,0
City Hotel,0,38,2015,December,53,31,0,3,2,0.0,0,HB,FRA,Offline TA/TO,TA/TO,0,0,0,A,B,0,No Deposit,104.0,0,Transient,137.33,0,0
City Hotel,0,57,2015,December,52,26,2,6,2,0.0,0,BB,FRA,Online TA,TA/TO,0,0,0,A,A,0,No Deposit,7.0,0,Group,76.2,0,0
City Hotel,0,72,2015,December,52,23,2,9,2,0.0,0,BB,ROU,Offline TA/TO,TA/TO,0,0,0,A,A,0,No Deposit,27.0,0,Transient,58.91,0,1
City Hotel,0,11,2016,January,1,1,0,2,2,0.0,0,BB,ESP,Offline TA/TO,TA/TO,0,0,0,A,A,0,No Deposit,85.0,0,Transient,61.5,0,1
City Hotel,0,68,2015,December,53,31,0,3,2,0.0,0,BB,FRA,Offline TA/TO,TA/TO,0,0,0,A,A,0,No Deposit,104.0,0,Transient-Party,71.33,0,0
City Hotel,0,38,2015,December,53,31,0,3,2,0.0,0,BB,FRA,Offline TA/TO,TA/TO,0,0,0,A,B,0,No Deposit,104.0,0,Transient,118.0,0,1
City Hotel,0,91,2015,December,53,30,0,4,2,0.0,0,SC,PRT,Offline TA/TO,TA/TO,0,0,0,A,A,0,No Deposit,85.0,0,Transient,60.5,0,0
City Hotel,0,28,2015,December,53,31,0,3,2,0.0,0,BB,GBR,Offline TA/TO,TA/TO,0,0,0,A,D,0,No Deposit,28.0,0,Transient,115.0,0,0
City Hotel,0,27,2015,December,53,31,1,3,2,0.0,0,BB,PRT,Offline TA/TO,TA/TO,0,0,0,A,D,1,No Deposit,28.0,0,Transient,129.5,0,0
City Hotel,0,44,2016,January,1,2,1,1,2,0.0,0,BB,PRT,Complementary,Direct,0,0,0,A,A,0,No Deposit,,0,Transient,2.0,0,0
City Hotel,0,23,2016,January,1,1,1,2,2,0.0,0,BB,PRT,Offline TA/TO,TA/TO,0,0,0,A,D,0,No Deposit,28.0,0,Transient,60.0,0,0
City Hotel,0,101,2015,December,53,31,1,3,2,0.0,0,BB,FRA,Offline TA/TO,TA/TO,0,0,0,D,D,0,No Deposit,28.0,0,Transient,61.5,0,0
City Hotel,0,3,2016,January,2,3,1,0,2,0.0,0,BB,PRT,Offline TA/TO,TA/TO,0,0,0,A,D,0,No Deposit,,0,Transient,94.0,0,0
City Hotel,0,57,2015,December,53,29,1,5,2,0.0,0,SC,FRA,Online TA,TA/TO,0,0,0,D,D,0,No Deposit,9.0,0,Contract,103.62,0,1
City Hotel,0,56,2015,December,53,30,1,4,2,0.0,0,SC,ESP,Online TA,TA/TO,0,0,0,D,D,1,No Deposit,9.0,0,Contract,105.75,0,2
City Hotel,1,21,2016,January,2,8,8,22,2,0.0,0,BB,PRT,Direct,Direct,0,1,0,A,A,0,No Deposit,,0,Transient,52.5,0,0
City Hotel,1,150,2016,March,13,24,1,3,2,0.0,0,BB,PRT,Online TA,TA/TO,0,1,0,B,B,0,No Deposit,8.0,0,Transient-Party,89.67,0,1
City Hotel,0,83,2015,December,53,30,1,4,2,0.0,0,BB,CHE,Direct,Direct,0,0,0,A,A,0,No Deposit,14.0,0,Transient,80.5,0,0
City Hotel,0,56,2015,December,53,30,1,4,2,0.0,0,SC,ESP,Online TA,TA/TO,0,0,0,D,D,0,No Deposit,9.0,0,Contract,105.75,0,2
City Hotel,1,49,2016,February,9,22,2,5,2,0.0,0,BB,PRT,Offline TA/TO,TA/TO,1,1,0,E,E,0,No Deposit,86.0,0,Transient,91.44,0,0
City Hotel,1,175,2016,May,19,4,0,1,2,0.0,0,BB,PRT,Online TA,TA/TO,0,1,0,A,A,0,No Deposit,9.0,0,Contract,117.0,0,1
City Hotel,0,44,2016,January,1,2,2,1,2,0.0,0,HB,ITA,Groups,TA/TO,0,0,0,A,A,0,No Deposit,1.0,0,Transient-Party,98.0,0,0
City Hotel,0,44,2016,January,1,2,2,1,2,0.0,0,HB,PRT,Groups,TA/TO,0,0,0,A,A,0,No Deposit,1.0,0,Transient-Party,98.0,0,0
City Hotel,0,29,2016,January,1,2,2,1,2,0.0,0,BB,FRA,Offline TA/TO,TA/TO,0,0,0,A,D,0,No Deposit,28.0,0,Transient,60.0,0,0
City Hotel,0,44,2016,January,1,2,2,1,2,0.0,0,HB,PRT,Groups,TA/TO,0,0,0,A,A,2,No Deposit,1.0,0,Transient-Party,98.0,0,0
City Hotel,0,44,2016,January,1,2,2,1,2,0.0,0,HB,ITA,Groups,TA/TO,0,0,0,A,D,2,No Deposit,1.0,0,Transient-Party,98.0,0,0
City Hotel,0,44,2016,January,1,2,2,1,2,0.0,0,HB,PRT,Groups,TA/TO,0,0,0,A,D,2,No Deposit,1.0,0,Transient-Party,98.0,0,0
City Hotel,0,44,2016,January,1,2,2,1,2,0.0,0,HB,PRT,Groups,TA/TO,0,0,0,A,A,2,No Deposit,1.0,0,Transient-Party,98.0,0,1
City Hotel,0,44,2016,January,1,2,2,1,2,0.0,0,HB,PRT,Groups,TA/TO,0,0,0,A,D,0,No Deposit,1.0,0,Transient-Party,98.0,0,0
City Hotel,0,44,2016,January,1,2,2,1,2,0.0,0,HB,PRT,Groups,TA/TO,0,0,0,A,D,2,No Deposit,1.0,0,Transient-Party,98.0,0,0
City Hotel,0,44,2016,January,1,2,2,1,2,0.0,0,HB,PRT,Groups,TA/TO,0,0,0,A,A,0,No Deposit,1.0,0,Transient-Party,98.0,0,0
City Hotel,0,44,2016,January,1,2,2,1,2,0.0,0,HB,PRT,Groups,TA/TO,0,0,0,A,A,0,No Deposit,1.0,0,Transient-Party,98.0,0,0
City Hotel,0,39,2016,January,1,1,2,2,2,0.0,0,BB,PRT,Online TA,TA/TO,0,0,0,B,B,1,No Deposit,9.0,0,Contract,91.13,0,0
City Hotel,0,39,2016,January,1,1,2,2,2,0.0,0,BB,PRT,Online TA,TA/TO,0,0,0,B,B,1,No Deposit,9.0,0,Contract,91.13,0,0
City Hotel,0,23,2016,January,1,2,2,1,2,0.0,0,HB,ITA,Offline TA/TO,TA/TO,0,0,0,A,A,0,No Deposit,26.0,0,Transient-Party,109.0,0,0
City Hotel,0,23,2016,January,1,2,2,1,2,0.0,0,HB,ITA,Offline TA/TO,TA/TO,0,0,0,A,A,0,No Deposit,26.0,0,Transient-Party,109.0,0,0
City Hotel,0,23,2016,January,1,2,2,1,2,0.0,0,HB,ITA,Offline TA/TO,TA/TO,0,0,0,A,D,0,No Deposit,26.0,0,Transient-Party,109.0,0,1
City Hotel,0,23,2016,January,1,2,2,1,2,0.0,0,HB,ITA,Offline TA/TO,TA/TO,0,0,0,A,A,0,No Deposit,26.0,0,Transient-Party,109.0,0,0
City Hotel,0,23,2016,January,1,2,2,1,2,0.0,0,HB,ITA,Offline TA/TO,TA/TO,0,0,0,A,A,0,No Deposit,26.0,0,Transient-Party,109.0,0,1
City Hotel,0,23,2016,January,1,2,2,1,2,0.0,0,HB,ITA,Offline TA/TO,TA/TO,0,0,0,A,A,0,No Deposit,26.0,0,Transient-Party,109.0,0,0
City Hotel,0,23,2016,January,1,2,2,1,2,0.0,0,HB,ITA,Offline TA/TO,TA/TO,0,0,0,A,A,0,No Deposit,26.0,0,Transient-Party,109.0,0,0
City Hotel,0,23,2016,January,1,2,2,1,2,0.0,0,HB,ITA,Offline TA/TO,TA/TO,0,0,0,A,D,0,No Deposit,26.0,0,Transient-Party,109.0,0,1
City Hotel,0,23,2016,January,1,2,2,1,2,0.0,0,HB,ITA,Offline TA/TO,TA/TO,0,0,0,A,A,0,No Deposit,26.0,0,Transient-Party,109.0,0,0
City Hotel,0,4,2016,January,1,2,2,1,2,0.0,0,HB,ITA,Offline TA/TO,TA/TO,0,0,0,A,A,0,No Deposit,26.0,0,Transient-Party,109.0,0,0
City Hotel,1,228,2016,July,28,6,0,4,2,0.0,0,BB,PRT,Online TA,TA/TO,0,1,0,A,A,0,No Deposit,9.0,0,Transient,107.0,0,1
City Hotel,0,23,2016,January,1,2,2,1,2,0.0,0,HB,ITA,Offline TA/TO,TA/TO,0,0,0,A,A,0,No Deposit,26.0,0,Transient-Party,109.0,0,0
City Hotel,0,29,2015,December,53,30,2,4,2,0.0,0,BB,DEU,Offline TA/TO,TA/TO,0,0,0,A,A,0,No Deposit,16.0,0,Transient,84.67,0,0
City Hotel,0,23,2016,January,1,2,2,1,2,0.0,0,HB,ITA,Offline TA/TO,TA/TO,0,0,0,A,A,0,No Deposit,26.0,0,Transient-Party,109.0,0,0
City Hotel,0,44,2016,January,1,2,2,1,2,0.0,0,HB,PRT,Groups,TA/TO,0,0,0,A,D,0,No Deposit,1.0,0,Transient-Party,98.0,0,0
City Hotel,0,44,2016,January,1,2,2,1,2,0.0,0,HB,PRT,Groups,TA/TO,0,0,0,A,A,0,No Deposit,1.0,0,Transient-Party,98.0,0,1
City Hotel,0,44,2016,January,1,2,2,1,2,0.0,0,HB,PRT,Groups,TA/TO,0,0,0,A,D,0,No Deposit,1.0,0,Transient-Party,98.0,0,0
City Hotel,0,31,2016,January,1,2,2,1,2,0.0,0,BB,ESP,Offline TA/TO,TA/TO,0,0,0,A,D,0,No Deposit,28.0,0,Transient,69.0,0,0
City Hotel,0,44,2016,January,1,2,2,1,2,0.0,0,HB,PRT,Groups,TA/TO,0,0,0,A,A,0,No Deposit,1.0,0,Transient-Party,98.0,0,0
City Hotel,0,44,2016,January,1,2,2,1,2,0.0,0,HB,ITA,Groups,TA/TO,0,0,0,A,A,0,No Deposit,1.0,0,Transient-Party,98.0,0,0
City Hotel,0,44,2016,January,1,2,2,1,2,0.0,0,HB,ITA,Groups,TA/TO,0,0,0,A,A,0,No Deposit,1.0,0,Transient-Party,98.0,0,1
City Hotel,0,44,2016,January,1,2,2,1,2,0.0,0,HB,PRT,Groups,TA/TO,0,0,0,A,A,0,No Deposit,1.0,0,Transient-Party,98.0,0,0
City Hotel,0,69,2015,December,53,29,2,5,2,0.0,0,BB,PRT,Online TA,TA/TO,0,0,0,B,B,0,No Deposit,9.0,0,Contract,92.43,0,0
City Hotel,0,69,2015,December,53,29,2,5,2,0.0,0,BB,PRT,Online TA,TA/TO,0,0,0,B,B,0,No Deposit,9.0,0,Contract,92.43,0,0
City Hotel,0,44,2016,January,1,2,2,1,2,0.0,0,HB,PRT,Groups,TA/TO,0,0,0,A,D,0,No Deposit,1.0,0,Transient-Party,98.0,0,0
City Hotel,0,44,2016,January,1,2,2,1,2,0.0,0,HB,PRT,Groups,TA/TO,0,0,0,A,D,0,No Deposit,1.0,0,Transient-Party,98.0,0,0
City Hotel,0,44,2016,January,1,2,2,1,2,0.0,0,HB,PRT,Groups,TA/TO,0,0,0,A,A,0,No Deposit,1.0,0,Transient-Party,98.0,0,0
City Hotel,0,12,2016,January,1,2,2,1,2,0.0,0,BB,FRA,Offline TA/TO,TA/TO,0,0,0,A,A,0,No Deposit,28.0,0,Transient,82.0,0,0
City Hotel,0,23,2016,January,1,2,2,1,2,0.0,0,HB,ITA,Offline TA/TO,TA/TO,0,0,0,A,A,0,No Deposit,26.0,0,Transient-Party,109.0,0,0
City Hotel,0,24,2016,January,1,2,2,1,2,0.0,0,BB,PRT,Offline TA/TO,TA/TO,0,0,0,A,D,0,No Deposit,28.0,0,Transient,60.0,0,0
City Hotel,0,0,2016,January,2,4,1,0,2,0.0,0,BB,PRT,Direct,Direct,0,0,0,A,A,0,No Deposit,,0,Transient,82.0,0,0
City Hotel,1,1,2017,March,10,7,0,2,2,0.0,0,SC,PRT,Direct,Direct,1,0,1,A,A,0,No Deposit,,0,Transient,98.0,0,0
City Hotel,1,1,2016,January,2,5,0,1,2,0.0,0,BB,PRT,Corporate,Corporate,0,0,0,A,A,0,No Deposit,,0,Transient,77.0,0,0
City Hotel,0,102,2016,January,2,3,2,1,2,0.0,0,BB,DEU,Offline TA/TO,TA/TO,0,0,0,A,A,0,No Deposit,27.0,0,Transient,40.67,0,0
City Hotel,0,102,2016,January,2,3,2,1,2,0.0,0,BB,DEU,Offline TA/TO,TA/TO,0,0,0,D,D,0,No Deposit,27.0,0,Transient,48.67,0,2
City Hotel,0,12,2016,January,2,5,0,1,2,0.0,0,BB,PRT,Offline TA/TO,TA/TO,0,0,0,A,A,0,No Deposit,85.0,0,Transient,58.0,0,0
City Hotel,0,33,2016,January,2,3,2,1,2,0.0,0,BB,PRT,Online TA,TA/TO,0,0,0,A,A,0,No Deposit,11.0,0,Transient,71.84,0,0
City Hotel,0,32,2016,January,1,1,2,3,2,0.0,0,BB,FRA,Offline TA/TO,TA/TO,0,0,0,A,D,0,No Deposit,28.0,0,Transient,60.0,0,1
City Hotel,0,39,2016,January,1,1,2,3,2,0.0,0,SC,FIN,Online TA,TA/TO,0,0,0,A,A,0,No Deposit,11.0,0,Transient,60.97,0,0
City Hotel,0,77,2015,December,53,31,2,4,2,0.0,0,BB,ITA,Online TA,TA/TO,0,0,0,A,A,0,No Deposit,9.0,0,Contract,100.97,0,1
City Hotel,0,101,2016,January,1,1,2,3,2,0.0,0,BB,FRA,Offline TA/TO,TA/TO,0,0,0,D,D,0,No Deposit,28.0,0,Transient,62.0,0,0
City Hotel,0,102,2016,January,2,3,2,1,2,0.0,0,BB,DEU,Offline TA/TO,TA/TO,0,0,0,D,D,0,No Deposit,27.0,0,Transient,48.67,0,2
City Hotel,1,4,2016,January,3,10,6,14,2,0.0,0,BB,PRT,Direct,Direct,1,1,0,D,D,0,No Deposit,,0,Transient,75.0,0,1
City Hotel,0,1,2016,January,2,3,2,1,2,0.0,0,BB,IRL,Direct,Direct,0,0,0,D,D,0,No Deposit,,0,Transient,97.0,0,0
City Hotel,0,0,2016,January,2,5,0,1,2,0.0,0,BB,PRT,Direct,Direct,0,0,0,A,A,0,No Deposit,,0,Transient,89.0,0,0
City Hotel,0,0,2016,January,2,5,0,1,2,0.0,0,BB,PRT,Direct,Direct,0,0,0,A,A,0,No Deposit,,0,Transient,85.0,0,0
City Hotel,1,200,2016,June,23,3,0,1,2,0.0,0,BB,PRT,Online TA,TA/TO,0,1,0,A,A,0,No Deposit,9.0,0,Contract,127.0,0,1
City Hotel,1,325,2016,October,43,17,1,2,2,0.0,0,BB,PRT,Offline TA/TO,TA/TO,0,1,0,A,A,0,Non Refund,58.0,0,Transient,95.0,0,0
City Hotel,1,325,2016,October,43,17,1,2,2,0.0,0,BB,PRT,Offline TA/TO,TA/TO,0,1,0,A,A,0,Non Refund,58.0,0,Transient,95.0,0,0
City Hotel,1,325,2016,October,43,17,1,2,2,0.0,0,BB,PRT,Offline TA/TO,TA/TO,0,1,0,A,A,0,Non Refund,58.0,0,Transient,95.0,0,0
City Hotel,1,325,2016,October,43,17,1,2,2,0.0,0,BB,PRT,Offline TA/TO,TA/TO,0,1,0,A,A,0,Non Refund,58.0,0,Transient,95.0,0,0
City Hotel,1,325,2016,October,43,17,1,2,2,0.0,0,BB,PRT,Offline TA/TO,TA/TO,0,1,0,A,A,0,Non Refund,58.0,0,Transient,95.0,0,0
City Hotel,1,325,2016,October,43,17,1,2,2,0.0,0,BB,PRT,Offline TA/TO,TA/TO,0,1,0,A,A,0,Non Refund,58.0,0,Transient,95.0,0,0
City Hotel,1,325,2016,October,43,17,1,2,2,0.0,0,BB,PRT,Offline TA/TO,TA/TO,0,1,0,A,A,0,Non Refund,58.0,0,Transient,95.0,0,0
City Hotel,1,325,2016,October,43,17,1,2,2,0.0,0,BB,PRT,Offline TA/TO,TA/TO,0,1,0,A,A,0,Non Refund,58.0,0,Transient,95.0,0,0
City Hotel,1,325,2016,October,43,17,1,2,2,0.0,0,BB,PRT,Offline TA/TO,TA/TO,0,1,0,A,A,0,Non Refund,58.0,0,Transient,95.0,0,0
City Hotel,1,325,2016,October,43,17,1,2,2,0.0,0,BB,PRT,Offline TA/TO,TA/TO,0,1,0,A,A,0,Non Refund,58.0,0,Transient,95.0,0,0
City Hotel,1,325,2016,October,43,17,1,2,2,0.0,0,BB,PRT,Offline TA/TO,TA/TO,0,1,0,A,A,0,Non Refund,58.0,0,Transient,95.0,0,0
City Hotel,1,325,2016,October,43,17,1,2,2,0.0,0,BB,PRT,Offline TA/TO,TA/TO,0,1,0,A,A,0,Non Refund,58.0,0,Transient,95.0,0,0
City Hotel,1,325,2016,October,43,17,1,2,2,0.0,0,BB,PRT,Offline TA/TO,TA/TO,0,1,0,A,A,0,Non Refund,58.0,0,Transient,95.0,0,0
City Hotel,1,325,2016,October,43,17,1,2,2,0.0,0,BB,PRT,Offline TA/TO,TA/TO,0,1,0,A,A,0,Non Refund,58.0,0,Transient,95.0,0,0
City Hotel,1,68,2016,February,8,17,0,2,2,0.0,0,BB,PRT,Groups,TA/TO,0,1,0,A,A,0,Non Refund,37.0,0,Transient,75.0,0,0
City Hotel,1,68,2016,February,8,17,0,2,2,0.0,0,BB,PRT,Groups,TA/TO,0,1,0,A,A,0,Non Refund,37.0,0,Transient,75.0,0,0
City Hotel,1,68,2016,February,8,17,0,2,2,0.0,0,BB,PRT,Groups,TA/TO,0,1,0,A,A,0,Non Refund,37.0,0,Transient,75.0,0,0
City Hotel,1,68,2016,February,8,17,0,2,2,0.0,0,BB,PRT,Groups,TA/TO,0,1,0,A,A,0,Non Refund,37.0,0,Transient,75.0,0,0
City Hotel,1,68,2016,February,8,17,0,2,2,0.0,0,BB,PRT,Groups,TA/TO,0,1,0,A,A,0,Non Refund,37.0,0,Transient,75.0,0,0
City Hotel,1,68,2016,February,8,17,0,2,2,0.0,0,BB,PRT,Groups,TA/TO,0,1,0,A,A,0,Non Refund,37.0,0,Transient,75.0,0,0
City Hotel,1,68,2016,February,8,17,0,2,2,0.0,0,BB,PRT,Groups,TA/TO,0,1,0,A,A,0,Non Refund,37.0,0,Transient,75.0,0,0
City Hotel,1,68,2016,February,8,17,0,2,2,0.0,0,BB,PRT,Groups,TA/TO,0,1,0,A,A,0,Non Refund,37.0,0,Transient,75.0,0,0
City Hotel,1,68,2016,February,8,17,0,2,2,0.0,0,BB,PRT,Groups,TA/TO,0,1,0,A,A,0,Non Refund,37.0,0,Transient,75.0,0,0
City Hotel,1,68,2016,February,8,17,0,2,2,0.0,0,BB,PRT,Groups,TA/TO,0,1,0,A,A,0,Non Refund,37.0,0,Transient,75.0,0,0
City Hotel,1,68,2016,February,8,17,0,2,2,0.0,0,BB,PRT,Groups,TA/TO,0,1,0,A,A,0,Non Refund,37.0,0,Transient,75.0,0,0
City Hotel,1,68,2016,February,8,17,0,2,2,0.0,0,BB,PRT,Groups,TA/TO,0,1,0,A,A,0,Non Refund,37.0,0,Transient,75.0,0,0
City Hotel,1,68,2016,February,8,17,0,2,2,0.0,0,BB,PRT,Groups,TA/TO,0,1,0,A,A,0,Non Refund,37.0,0,Transient,75.0,0,0
City Hotel,1,68,2016,February,8,17,0,2,2,0.0,0,BB,PRT,Groups,TA/TO,0,1,0,A,A,0,Non Refund,37.0,0,Transient,75.0,0,0
City Hotel,1,68,2016,February,8,17,0,2,2,0.0,0,BB,PRT,Groups,TA/TO,0,1,0,A,A,0,Non Refund,37.0,0,Transient,75.0,0,0
City Hotel,1,68,2016,February,8,17,0,2,2,0.0,0,BB,PRT,Groups,TA/TO,0,1,0,A,A,0,Non Refund,37.0,0,Transient,75.0,0,0
City Hotel,1,68,2016,February,8,17,0,2,2,0.0,0,BB,PRT,Groups,TA/TO,0,1,0,A,A,0,Non Refund,37.0,0,Transient,75.0,0,0
City Hotel,1,68,2016,February,8,17,0,2,2,0.0,0,BB,PRT,Groups,TA/TO,0,1,0,A,A,0,Non Refund,37.0,0,Transient,75.0,0,0
City Hotel,1,68,2016,February,8,17,0,2,2,0.0,0,BB,PRT,Groups,TA/TO,0,1,0,A,A,0,Non Refund,37.0,0,Transient,75.0,0,0
City Hotel,1,68,2016,February,8,17,0,2,2,0.0,0,BB,PRT,Groups,TA/TO,0,1,0,A,A,0,Non Refund,37.0,0,Transient,75.0,0,0
City Hotel,1,68,2016,February,8,17,0,2,2,0.0,0,BB,PRT,Groups,TA/TO,0,1,0,A,A,0,Non Refund,37.0,0,Transient,75.0,0,0
City Hotel,1,68,2016,February,8,17,0,2,2,0.0,0,BB,PRT,Groups,TA/TO,0,1,0,A,A,0,Non Refund,37.0,0,Transient,75.0,0,0
City Hotel,1,68,2016,February,8,17,0,2,2,0.0,0,BB,PRT,Groups,TA/TO,0,1,0,A,A,0,Non Refund,37.0,0,Transient,75.0,0,0
City Hotel,1,68,2016,February,8,17,0,2,2,0.0,0,BB,PRT,Groups,TA/TO,0,1,0,A,A,0,Non Refund,37.0,0,Transient,75.0,0,0
City Hotel,1,68,2016,February,8,17,0,2,2,0.0,0,BB,PRT,Groups,TA/TO,0,1,0,A,A,0,Non Refund,37.0,0,Transient,75.0,0,0
City Hotel,1,68,2016,February,8,17,0,2,2,0.0,0,BB,PRT,Groups,TA/TO,0,1,0,A,A,0,Non Refund,37.0,0,Transient,75.0,0,0
City Hotel,1,68,2016,February,8,17,0,2,2,0.0,0,BB,PRT,Groups,TA/TO,0,1,0,A,A,0,Non Refund,37.0,0,Transient,75.0,0,0
City Hotel,1,68,2016,February,8,17,0,2,2,0.0,0,BB,PRT,Groups,TA/TO,0,1,0,A,A,0,Non Refund,37.0,0,Transient,75.0,0,0
City Hotel,1,68,2016,February,8,17,0,2,2,0.0,0,BB,PRT,Groups,TA/TO,0,1,0,A,A,0,Non Refund,37.0,0,Transient,75.0,0,0
City Hotel,1,68,2016,February,8,17,0,2,2,0.0,0,BB,PRT,Groups,TA/TO,0,1,0,A,A,0,Non Refund,37.0,0,Transient,75.0,0,0
City Hotel,1,68,2016,February,8,17,0,2,2,0.0,0,BB,PRT,Groups,TA/TO,0,1,0,A,A,0,Non Refund,37.0,0,Transient,75.0,0,0
City Hotel,1,68,2016,February,8,17,0,2,2,0.0,0,BB,PRT,Groups,TA/TO,0,1,0,A,A,0,Non Refund,37.0,0,Transient,75.0,0,0
City Hotel,1,68,2016,February,8,17,0,2,2,0.0,0,BB,PRT,Groups,TA/TO,0,1,0,A,A,0,Non Refund,37.0,0,Transient,75.0,0,0
City Hotel,1,68,2016,February,8,17,0,2,2,0.0,0,BB,PRT,Groups,TA/TO,0,1,0,A,A,0,Non Refund,37.0,0,Transient,75.0,0,0
City Hotel,1,68,2016,February,8,17,0,2,2,0.0,0,BB,PRT,Groups,TA/TO,0,1,0,A,A,0,Non Refund,37.0,0,Transient,75.0,0,0
City Hotel,1,68,2016,February,8,17,0,2,2,0.0,0,BB,PRT,Groups,TA/TO,0,1,0,A,A,0,Non Refund,37.0,0,Transient,75.0,0,0
City Hotel,1,68,2016,February,8,17,0,2,2,0.0,0,BB,PRT,Groups,TA/TO,0,1,0,A,A,0,Non Refund,37.0,0,Transient,75.0,0,0
City Hotel,1,68,2016,February,8,17,0,2,2,0.0,0,BB,PRT,Groups,TA/TO,0,1,0,A,A,0,Non Refund,37.0,0,Transient,75.0,0,0
City Hotel,1,68,2016,February,8,17,0,2,2,0.0,0,BB,PRT,Groups,TA/TO,0,1,0,A,A,0,Non Refund,37.0,0,Transient,75.0,0,0
City Hotel,1,68,2016,February,8,17,0,2,2,0.0,0,BB,PRT,Groups,TA/TO,0,1,0,A,A,0,Non Refund,37.0,0,Transient,75.0,0,0
City Hotel,1,68,2016,February,8,17,0,2,2,0.0,0,BB,PRT,Groups,TA/TO,0,1,0,A,A,0,Non Refund,37.0,0,Transient,75.0,0,0
City Hotel,1,68,2016,February,8,17,0,2,2,0.0,0,BB,PRT,Groups,TA/TO,0,1,0,A,A,0,Non Refund,37.0,0,Transient,75.0,0,0
City Hotel,1,68,2016,February,8,17,0,2,2,0.0,0,BB,PRT,Groups,TA/TO,0,1,0,A,A,0,Non Refund,37.0,0,Transient,75.0,0,0
City Hotel,1,68,2016,February,8,17,0,2,2,0.0,0,BB,PRT,Groups,TA/TO,0,1,0,A,A,0,Non Refund,37.0,0,Transient,75.0,0,0
City Hotel,1,68,2016,February,8,17,0,2,2,0.0,0,BB,PRT,Groups,TA/TO,0,1,0,A,A,0,Non Refund,37.0,0,Transient,75.0,0,0
City Hotel,1,68,2016,February,8,17,0,2,2,0.0,0,BB,PRT,Groups,TA/TO,0,1,0,A,A,0,Non Refund,37.0,0,Transient,75.0,0,0
City Hotel,1,68,2016,February,8,17,0,2,2,0.0,0,BB,PRT,Groups,TA/TO,0,1,0,A,A,0,Non Refund,37.0,0,Transient,75.0,0,0
City Hotel,1,68,2016,February,8,17,0,2,2,0.0,0,BB,PRT,Groups,TA/TO,0,1,0,A,A,0,Non Refund,37.0,0,Transient,75.0,0,0
City Hotel,1,68,2016,February,8,17,0,2,2,0.0,0,BB,PRT,Groups,TA/TO,0,1,0,A,A,0,Non Refund,37.0,0,Transient,75.0,0,0
City Hotel,1,68,2016,February,8,17,0,2,2,0.0,0,BB,PRT,Groups,TA/TO,0,1,0,A,A,0,Non Refund,37.0,0,Transient,75.0,0,0
City Hotel,1,68,2016,February,8,17,0,2,2,0.0,0,BB,PRT,Groups,TA/TO,0,1,0,A,A,0,Non Refund,37.0,0,Transient,75.0,0,0
City Hotel,1,68,2016,February,8,17,0,2,2,0.0,0,BB,PRT,Groups,TA/TO,0,1,0,A,A,0,Non Refund,37.0,0,Transient,75.0,0,0
City Hotel,1,68,2016,February,8,17,0,2,2,0.0,0,BB,PRT,Groups,TA/TO,0,1,0,A,A,0,Non Refund,37.0,0,Transient,75.0,0,0
City Hotel,1,68,2016,February,8,17,0,2,2,0.0,0,BB,PRT,Groups,TA/TO,0,1,0,A,A,0,Non Refund,37.0,0,Transient,75.0,0,0
City Hotel,1,68,2016,February,8,17,0,2,2,0.0,0,BB,PRT,Groups,TA/TO,0,1,0,A,A,0,Non Refund,37.0,0,Transient,75.0,0,0
City Hotel,1,68,2016,February,8,17,0,2,2,0.0,0,BB,PRT,Groups,TA/TO,0,1,0,A,A,0,Non Refund,37.0,0,Transient,75.0,0,0
City Hotel,1,68,2016,February,8,17,0,2,2,0.0,0,BB,PRT,Groups,TA/TO,0,1,0,A,A,0,Non Refund,37.0,0,Transient,75.0,0,0
City Hotel,1,68,2016,February,8,17,0,2,2,0.0,0,BB,PRT,Groups,TA/TO,0,1,0,A,A,0,Non Refund,37.0,0,Transient,75.0,0,0
City Hotel,1,68,2016,February,8,17,0,2,2,0.0,0,BB,PRT,Groups,TA/TO,0,1,0,A,A,0,Non Refund,37.0,0,Transient,75.0,0,0
City Hotel,1,68,2016,February,8,17,0,2,2,0.0,0,BB,PRT,Groups,TA/TO,0,1,0,A,A,0,Non Refund,37.0,0,Transient,75.0,0,0
City Hotel,1,68,2016,February,8,17,0,2,2,0.0,0,BB,PRT,Groups,TA/TO,0,1,0,A,A,0,Non Refund,37.0,0,Transient,75.0,0,0
City Hotel,1,68,2016,February,8,17,0,2,2,0.0,0,BB,PRT,Groups,TA/TO,0,1,0,A,A,0,Non Refund,37.0,0,Transient,75.0,0,0
City Hotel,1,68,2016,February,8,17,0,2,2,0.0,0,BB,PRT,Groups,TA/TO,0,1,0,A,A,0,Non Refund,37.0,0,Transient,75.0,0,0
City Hotel,1,68,2016,February,8,17,0,2,2,0.0,0,BB,PRT,Groups,TA/TO,0,1,0,A,A,0,Non Refund,37.0,0,Transient,75.0,0,0
City Hotel,1,68,2016,February,8,17,0,2,2,0.0,0,BB,PRT,Groups,TA/TO,0,1,0,A,A,0,Non Refund,37.0,0,Transient,75.0,0,0
City Hotel,1,68,2016,February,8,17,0,2,2,0.0,0,BB,PRT,Groups,TA/TO,0,1,0,A,A,0,Non Refund,37.0,0,Transient,75.0,0,0
City Hotel,1,68,2016,February,8,17,0,2,2,0.0,0,BB,PRT,Groups,TA/TO,0,1,0,A,A,0,Non Refund,37.0,0,Transient,75.0,0,0
City Hotel,1,68,2016,February,8,17,0,2,2,0.0,0,BB,PRT,Groups,TA/TO,0,1,0,A,A,0,Non Refund,37.0,0,Transient,75.0,0,0
City Hotel,1,68,2016,February,8,17,0,2,2,0.0,0,BB,PRT,Groups,TA/TO,0,1,0,A,A,0,Non Refund,37.0,0,Transient,75.0,0,0
City Hotel,1,68,2016,February,8,17,0,2,2,0.0,0,BB,PRT,Groups,TA/TO,0,1,0,A,A,0,Non Refund,37.0,0,Transient,75.0,0,0
City Hotel,1,68,2016,February,8,17,0,2,2,0.0,0,BB,PRT,Groups,TA/TO,0,1,0,A,A,0,Non Refund,37.0,0,Transient,75.0,0,0
City Hotel,1,68,2016,February,8,17,0,2,2,0.0,0,BB,PRT,Groups,TA/TO,0,1,0,A,A,0,Non Refund,37.0,0,Transient,75.0,0,0
City Hotel,1,68,2016,February,8,17,0,2,2,0.0,0,BB,PRT,Groups,TA/TO,0,1,0,A,A,0,Non Refund,37.0,0,Transient,75.0,0,0
City Hotel,1,68,2016,February,8,17,0,2,2,0.0,0,BB,PRT,Groups,TA/TO,0,1,0,A,A,0,Non Refund,37.0,0,Transient,75.0,0,0
City Hotel,1,68,2016,February,8,17,0,2,2,0.0,0,BB,PRT,Groups,TA/TO,0,1,0,A,A,0,Non Refund,37.0,0,Transient,75.0,0,0
City Hotel,1,68,2016,February,8,17,0,2,2,0.0,0,BB,PRT,Groups,TA/TO,0,1,0,A,A,0,Non Refund,37.0,0,Transient,75.0,0,0
City Hotel,1,68,2016,February,8,17,0,2,2,0.0,0,BB,PRT,Groups,TA/TO,0,1,0,A,A,0,Non Refund,37.0,0,Transient,75.0,0,0
City Hotel,1,68,2016,February,8,17,0,2,2,0.0,0,BB,PRT,Groups,TA/TO,0,1,0,A,A,0,Non Refund,37.0,0,Transient,75.0,0,0
City Hotel,1,68,2016,February,8,17,0,2,2,0.0,0,BB,PRT,Groups,TA/TO,0,1,0,A,A,0,Non Refund,37.0,0,Transient,75.0,0,0
City Hotel,1,68,2016,February,8,17,0,2,2,0.0,0,BB,PRT,Groups,TA/TO,0,1,0,A,A,0,Non Refund,37.0,0,Transient,75.0,0,0
City Hotel,1,68,2016,February,8,17,0,2,2,0.0,0,BB,PRT,Groups,TA/TO,0,1,0,A,A,0,Non Refund,37.0,0,Transient,75.0,0,0
City Hotel,1,68,2016,February,8,17,0,2,2,0.0,0,BB,PRT,Groups,TA/TO,0,1,0,A,A,0,Non Refund,37.0,0,Transient,75.0,0,0
City Hotel,1,68,2016,February,8,17,0,2,2,0.0,0,BB,PRT,Groups,TA/TO,0,1,0,A,A,0,Non Refund,37.0,0,Transient,75.0,0,0
City Hotel,1,68,2016,February,8,17,0,2,2,0.0,0,BB,PRT,Groups,TA/TO,0,1,0,A,A,0,Non Refund,37.0,0,Transient,75.0,0,0
City Hotel,1,68,2016,February,8,17,0,2,2,0.0,0,BB,PRT,Groups,TA/TO,0,1,0,A,A,0,Non Refund,37.0,0,Transient,75.0,0,0
City Hotel,1,68,2016,February,8,17,0,2,2,0.0,0,BB,PRT,Groups,TA/TO,0,1,0,A,A,0,Non Refund,37.0,0,Transient,75.0,0,0
City Hotel,1,68,2016,February,8,17,0,2,2,0.0,0,BB,PRT,Groups,TA/TO,0,1,0,A,A,0,Non Refund,37.0,0,Transient,75.0,0,0
City Hotel,1,68,2016,February,8,17,0,2,2,0.0,0,BB,PRT,Groups,TA/TO,0,1,0,A,A,0,Non Refund,37.0,0,Transient,75.0,0,0
City Hotel,1,68,2016,February,8,17,0,2,2,0.0,0,BB,PRT,Groups,TA/TO,0,1,0,A,A,0,Non Refund,37.0,0,Transient,75.0,0,0
City Hotel,1,68,2016,February,8,17,0,2,2,0.0,0,BB,PRT,Groups,TA/TO,0,1,0,A,A,0,Non Refund,37.0,0,Transient,75.0,0,0
City Hotel,1,68,2016,February,8,17,0,2,2,0.0,0,BB,PRT,Groups,TA/TO,0,1,0,A,A,0,Non Refund,37.0,0,Transient,75.0,0,0
City Hotel,1,68,2016,February,8,17,0,2,2,0.0,0,BB,PRT,Groups,TA/TO,0,1,0,A,A,0,Non Refund,37.0,0,Transient,75.0,0,0
City Hotel,1,68,2016,February,8,17,0,2,2,0.0,0,BB,PRT,Groups,TA/TO,0,1,0,A,A,0,Non Refund,37.0,0,Transient,75.0,0,0
City Hotel,1,68,2016,February,8,17,0,2,2,0.0,0,BB,PRT,Groups,TA/TO,0,1,0,A,A,0,Non Refund,37.0,0,Transient,75.0,0,0
City Hotel,1,68,2016,February,8,17,0,2,2,0.0,0,BB,PRT,Groups,TA/TO,0,1,0,A,A,0,Non Refund,37.0,0,Transient,75.0,0,0
City Hotel,1,68,2016,February,8,17,0,2,2,0.0,0,BB,PRT,Groups,TA/TO,0,1,0,A,A,0,Non Refund,37.0,0,Transient,75.0,0,0
City Hotel,1,68,2016,February,8,17,0,2,2,0.0,0,BB,PRT,Groups,TA/TO,0,1,0,A,A,0,Non Refund,37.0,0,Transient,75.0,0,0
City Hotel,1,68,2016,February,8,17,0,2,2,0.0,0,BB,PRT,Groups,TA/TO,0,1,0,A,A,0,Non Refund,37.0,0,Transient,75.0,0,0
City Hotel,1,68,2016,February,8,17,0,2,2,0.0,0,BB,PRT,Groups,TA/TO,0,1,0,A,A,0,Non Refund,37.0,0,Transient,75.0,0,0
City Hotel,1,68,2016,February,8,17,0,2,2,0.0,0,BB,PRT,Groups,TA/TO,0,1,0,A,A,0,Non Refund,37.0,0,Transient,75.0,0,0
City Hotel,1,68,2016,February,8,17,0,2,2,0.0,0,BB,PRT,Groups,TA/TO,0,1,0,A,A,0,Non Refund,37.0,0,Transient,75.0,0,0
City Hotel,1,68,2016,February,8,17,0,2,2,0.0,0,BB,PRT,Groups,TA/TO,0,1,0,A,A,0,Non Refund,37.0,0,Transient,75.0,0,0
City Hotel,1,68,2016,February,8,17,0,2,2,0.0,0,BB,PRT,Groups,TA/TO,0,1,0,A,A,0,Non Refund,37.0,0,Transient,75.0,0,0
City Hotel,1,68,2016,February,8,17,0,2,2,0.0,0,BB,PRT,Groups,TA/TO,0,1,0,A,A,0,Non Refund,37.0,0,Transient,75.0,0,0
City Hotel,1,68,2016,February,8,17,0,2,2,0.0,0,BB,PRT,Groups,TA/TO,0,1,0,A,A,0,Non Refund,37.0,0,Transient,75.0,0,0
City Hotel,1,68,2016,February,8,17,0,2,2,0.0,0,BB,PRT,Groups,TA/TO,0,1,0,A,A,0,Non Refund,37.0,0,Transient,75.0,0,0
City Hotel,1,68,2016,February,8,17,0,2,2,0.0,0,BB,PRT,Groups,TA/TO,0,1,0,A,A,0,Non Refund,37.0,0,Transient,75.0,0,0
City Hotel,1,68,2016,February,8,17,0,2,2,0.0,0,BB,PRT,Groups,TA/TO,0,1,0,A,A,0,Non Refund,37.0,0,Transient,75.0,0,0
City Hotel,1,68,2016,February,8,17,0,2,2,0.0,0,BB,PRT,Groups,TA/TO,0,1,0,A,A,0,Non Refund,37.0,0,Transient,75.0,0,0
City Hotel,1,68,2016,February,8,17,0,2,2,0.0,0,BB,PRT,Groups,TA/TO,0,1,0,A,A,0,Non Refund,37.0,0,Transient,75.0,0,0
City Hotel,1,68,2016,February,8,17,0,2,2,0.0,0,BB,PRT,Groups,TA/TO,0,1,0,A,A,0,Non Refund,37.0,0,Transient,75.0,0,0
City Hotel,1,68,2016,February,8,17,0,2,2,0.0,0,BB,PRT,Groups,TA/TO,0,1,0,A,A,0,Non Refund,37.0,0,Transient,75.0,0,0
City Hotel,1,68,2016,February,8,17,0,2,2,0.0,0,BB,PRT,Groups,TA/TO,0,1,0,A,A,0,Non Refund,37.0,0,Transient,75.0,0,0
City Hotel,1,68,2016,February,8,17,0,2,2,0.0,0,BB,PRT,Groups,TA/TO,0,1,0,A,A,0,Non Refund,37.0,0,Transient,75.0,0,0
City Hotel,1,68,2016,February,8,17,0,2,2,0.0,0,BB,PRT,Groups,TA/TO,0,1,0,A,A,0,Non Refund,37.0,0,Transient,75.0,0,0
City Hotel,1,68,2016,February,8,17,0,2,2,0.0,0,BB,PRT,Groups,TA/TO,0,1,0,A,A,0,Non Refund,37.0,0,Transient,75.0,0,0
City Hotel,1,68,2016,February,8,17,0,2,2,0.0,0,BB,PRT,Groups,TA/TO,0,1,0,A,A,0,Non Refund,37.0,0,Transient,75.0,0,0
City Hotel,1,68,2016,February,8,17,0,2,2,0.0,0,BB,PRT,Groups,TA/TO,0,1,0,A,A,0,Non Refund,37.0,0,Transient,75.0,0,0
City Hotel,1,68,2016,February,8,17,0,2,2,0.0,0,BB,PRT,Groups,TA/TO,0,1,0,A,A,0,Non Refund,37.0,0,Transient,75.0,0,0
City Hotel,1,68,2016,February,8,17,0,2,2,0.0,0,BB,PRT,Groups,TA/TO,0,1,0,A,A,0,Non Refund,37.0,0,Transient,75.0,0,0
City Hotel,1,68,2016,February,8,17,0,2,2,0.0,0,BB,PRT,Groups,TA/TO,0,1,0,A,A,0,Non Refund,37.0,0,Transient,75.0,0,0
City Hotel,1,68,2016,February,8,17,0,2,2,0.0,0,BB,PRT,Groups,TA/TO,0,1,0,A,A,0,Non Refund,37.0,0,Transient,75.0,0,0
City Hotel,1,68,2016,February,8,17,0,2,2,0.0,0,BB,PRT,Groups,TA/TO,0,1,0,A,A,0,Non Refund,37.0,0,Transient,75.0,0,0
City Hotel,1,68,2016,February,8,17,0,2,2,0.0,0,BB,PRT,Groups,TA/TO,0,1,0,A,A,0,Non Refund,37.0,0,Transient,75.0,0,0
City Hotel,1,68,2016,February,8,17,0,2,2,0.0,0,BB,PRT,Groups,TA/TO,0,1,0,A,A,0,Non Refund,37.0,0,Transient,75.0,0,0
City Hotel,1,68,2016,February,8,17,0,2,2,0.0,0,BB,PRT,Groups,TA/TO,0,1,0,A,A,0,Non Refund,37.0,0,Transient,75.0,0,0
City Hotel,1,68,2016,February,8,17,0,2,2,0.0,0,BB,PRT,Groups,TA/TO,0,1,0,A,A,0,Non Refund,37.0,0,Transient,75.0,0,0
City Hotel,1,68,2016,February,8,17,0,2,2,0.0,0,BB,PRT,Groups,TA/TO,0,1,0,A,A,0,Non Refund,37.0,0,Transient,75.0,0,0
City Hotel,1,68,2016,February,8,17,0,2,2,0.0,0,BB,PRT,Groups,TA/TO,0,1,0,A,A,0,Non Refund,37.0,0,Transient,75.0,0,0
City Hotel,1,68,2016,February,8,17,0,2,2,0.0,0,BB,PRT,Groups,TA/TO,0,1,0,A,A,0,Non Refund,37.0,0,Transient,75.0,0,0
City Hotel,1,68,2016,February,8,17,0,2,2,0.0,0,BB,PRT,Groups,TA/TO,0,1,0,A,A,0,Non Refund,37.0,0,Transient,75.0,0,0
City Hotel,1,68,2016,February,8,17,0,2,2,0.0,0,BB,PRT,Groups,TA/TO,0,1,0,A,A,0,Non Refund,37.0,0,Transient,75.0,0,0
City Hotel,1,68,2016,February,8,17,0,2,2,0.0,0,BB,PRT,Groups,TA/TO,0,1,0,A,A,0,Non Refund,37.0,0,Transient,75.0,0,0
City Hotel,1,68,2016,February,8,17,0,2,2,0.0,0,BB,PRT,Groups,TA/TO,0,1,0,A,A,0,Non Refund,37.0,0,Transient,75.0,0,0
City Hotel,1,68,2016,February,8,17,0,2,2,0.0,0,BB,PRT,Groups,TA/TO,0,1,0,A,A,0,Non Refund,37.0,0,Transient,75.0,0,0
City Hotel,1,68,2016,February,8,17,0,2,2,0.0,0,BB,PRT,Groups,TA/TO,0,1,0,A,A,0,Non Refund,37.0,0,Transient,75.0,0,0
City Hotel,1,68,2016,February,8,17,0,2,2,0.0,0,BB,PRT,Groups,TA/TO,0,1,0,A,A,0,Non Refund,37.0,0,Transient,75.0,0,0
City Hotel,1,68,2016,February,8,17,0,2,2,0.0,0,BB,PRT,Groups,TA/TO,0,1,0,A,A,0,Non Refund,37.0,0,Transient,75.0,0,0
City Hotel,1,68,2016,February,8,17,0,2,2,0.0,0,BB,PRT,Groups,TA/TO,0,1,0,A,A,0,Non Refund,37.0,0,Transient,75.0,0,0
City Hotel,1,68,2016,February,8,17,0,2,2,0.0,0,BB,PRT,Groups,TA/TO,0,1,0,A,A,0,Non Refund,37.0,0,Transient,75.0,0,0
City Hotel,1,68,2016,February,8,17,0,2,2,0.0,0,BB,PRT,Groups,TA/TO,0,1,0,A,A,0,Non Refund,37.0,0,Transient,75.0,0,0
City Hotel,1,68,2016,February,8,17,0,2,2,0.0,0,BB,PRT,Groups,TA/TO,0,1,0,A,A,0,Non Refund,37.0,0,Transient,75.0,0,0
City Hotel,1,68,2016,February,8,17,0,2,2,0.0,0,BB,PRT,Groups,TA/TO,0,1,0,A,A,0,Non Refund,37.0,0,Transient,75.0,0,0
City Hotel,1,68,2016,February,8,17,0,2,2,0.0,0,BB,PRT,Groups,TA/TO,0,1,0,A,A,0,Non Refund,37.0,0,Transient,75.0,0,0
City Hotel,1,68,2016,February,8,17,0,2,2,0.0,0,BB,PRT,Groups,TA/TO,0,1,0,A,A,0,Non Refund,37.0,0,Transient,75.0,0,0
City Hotel,1,68,2016,February,8,17,0,2,2,0.0,0,BB,PRT,Groups,TA/TO,0,1,0,A,A,0,Non Refund,37.0,0,Transient,75.0,0,0
City Hotel,1,68,2016,February,8,17,0,2,2,0.0,0,BB,PRT,Groups,TA/TO,0,1,0,A,A,0,Non Refund,37.0,0,Transient,75.0,0,0
City Hotel,1,68,2016,February,8,17,0,2,2,0.0,0,BB,PRT,Groups,TA/TO,0,1,0,A,A,0,Non Refund,37.0,0,Transient,75.0,0,0
City Hotel,1,68,2016,February,8,17,0,2,2,0.0,0,BB,PRT,Groups,TA/TO,0,1,0,A,A,0,Non Refund,37.0,0,Transient,75.0,0,0
City Hotel,1,68,2016,February,8,17,0,2,2,0.0,0,BB,PRT,Groups,TA/TO,0,1,0,A,A,0,Non Refund,37.0,0,Transient,75.0,0,0
City Hotel,0,25,2016,January,1,2,2,3,2,0.0,0,BB,DEU,Offline TA/TO,TA/TO,0,0,0,A,A,0,No Deposit,16.0,0,Transient,91.0,0,0
City Hotel,1,141,2016,February,10,28,2,0,2,0.0,0,BB,PRT,Online TA,TA/TO,0,1,0,D,D,0,No Deposit,9.0,0,Contract,99.0,0,1
City Hotel,1,82,2016,January,5,30,2,6,2,0.0,0,BB,PRT,Online TA,TA/TO,0,1,0,B,B,0,No Deposit,9.0,0,Contract,77.5,0,0
City Hotel,1,82,2016,January,5,30,2,6,2,0.0,0,BB,PRT,Online TA,TA/TO,0,1,0,B,B,0,No Deposit,9.0,0,Contract,77.5,0,0
City Hotel,0,66,2016,January,2,3,2,2,2,0.0,0,BB,PRT,Online TA,TA/TO,0,0,0,A,A,0,No Deposit,9.0,0,Transient,106.0,1,0
City Hotel,0,0,2016,January,2,6,0,1,2,0.0,0,BB,PRT,Direct,Direct,0,0,0,A,A,0,No Deposit,,0,Transient,85.0,0,0
City Hotel,0,0,2016,January,2,6,0,1,2,0.0,0,BB,PRT,Direct,Direct,0,0,0,A,A,0,No Deposit,,0,Transient,67.49,0,0
City Hotel,0,2,2016,January,2,6,0,1,2,0.0,0,BB,ESP,Direct,Direct,0,0,0,A,A,0,No Deposit,,0,Transient,96.0,0,0
City Hotel,1,177,2016,May,20,8,2,0,2,0.0,0,HB,PRT,Offline TA/TO,TA/TO,0,1,0,A,A,0,Non Refund,3.0,0,Transient,121.0,0,0
City Hotel,1,177,2016,May,20,8,2,0,2,0.0,0,HB,PRT,Offline TA/TO,TA/TO,0,1,0,A,A,0,Non Refund,3.0,0,Transient,121.0,0,0
City Hotel,1,177,2016,May,20,8,2,0,2,0.0,0,HB,PRT,Offline TA/TO,TA/TO,0,1,0,A,A,0,Non Refund,3.0,0,Transient,121.0,0,0
City Hotel,1,177,2016,May,20,8,2,0,2,0.0,0,HB,PRT,Offline TA/TO,TA/TO,0,1,0,A,A,0,Non Refund,3.0,0,Transient,121.0,0,0
City Hotel,1,177,2016,May,20,8,2,0,2,0.0,0,HB,PRT,Offline TA/TO,TA/TO,0,1,0,A,A,0,Non Refund,3.0,0,Transient,121.0,0,0
City Hotel,1,177,2016,May,20,8,2,0,2,0.0,0,HB,PRT,Offline TA/TO,TA/TO,0,1,0,A,A,0,Non Refund,3.0,0,Transient,121.0,0,0
City Hotel,1,177,2016,May,20,8,2,0,2,0.0,0,HB,PRT,Offline TA/TO,TA/TO,0,1,0,A,A,0,Non Refund,3.0,0,Transient,121.0,0,0
City Hotel,1,177,2016,May,20,8,2,0,2,0.0,0,HB,PRT,Offline TA/TO,TA/TO,0,1,0,A,A,0,Non Refund,3.0,0,Transient,121.0,0,0
City Hotel,1,177,2016,May,20,8,2,0,2,0.0,0,HB,PRT,Offline TA/TO,TA/TO,0,1,0,A,A,0,Non Refund,3.0,0,Transient,121.0,0,0
City Hotel,1,177,2016,May,20,8,2,0,2,0.0,0,HB,PRT,Offline TA/TO,TA/TO,0,1,0,A,A,0,Non Refund,3.0,0,Transient,121.0,0,0
City Hotel,1,177,2016,May,20,8,2,0,2,0.0,0,HB,PRT,Offline TA/TO,TA/TO,0,1,0,A,A,0,Non Refund,3.0,0,Transient,121.0,0,0
City Hotel,1,177,2016,May,20,8,2,0,2,0.0,0,HB,PRT,Offline TA/TO,TA/TO,0,1,0,A,A,0,Non Refund,3.0,0,Transient,121.0,0,0
City Hotel,1,177,2016,May,20,8,2,0,2,0.0,0,HB,PRT,Offline TA/TO,TA/TO,0,1,0,A,A,0,Non Refund,3.0,0,Transient,121.0,0,0
City Hotel,1,177,2016,May,20,8,2,0,2,0.0,0,HB,PRT,Offline TA/TO,TA/TO,0,1,0,A,A,0,Non Refund,3.0,0,Transient,121.0,0,0
City Hotel,1,177,2016,May,20,8,2,0,2,0.0,0,HB,PRT,Offline TA/TO,TA/TO,0,1,0,A,A,0,Non Refund,3.0,0,Transient,121.0,0,0
City Hotel,1,177,2016,May,20,8,2,0,2,0.0,0,HB,PRT,Offline TA/TO,TA/TO,0,1,0,A,A,0,Non Refund,3.0,0,Transient,121.0,0,0
City Hotel,1,177,2016,May,20,8,2,0,2,0.0,0,HB,PRT,Offline TA/TO,TA/TO,0,1,0,A,A,0,Non Refund,3.0,0,Transient,121.0,0,0
City Hotel,1,177,2016,May,20,8,2,0,2,0.0,0,HB,PRT,Offline TA/TO,TA/TO,0,1,0,A,A,0,Non Refund,3.0,0,Transient,121.0,0,0
City Hotel,1,177,2016,May,20,8,2,0,2,0.0,0,HB,PRT,Offline TA/TO,TA/TO,0,1,0,A,A,0,Non Refund,3.0,0,Transient,121.0,0,0
City Hotel,1,177,2016,May,20,8,2,0,2,0.0,0,HB,PRT,Offline TA/TO,TA/TO,0,1,0,A,A,0,Non Refund,3.0,0,Transient,121.0,0,0
City Hotel,0,91,2016,January,1,1,2,5,2,0.0,0,BB,PRT,Offline TA/TO,TA/TO,0,0,0,A,A,0,No Deposit,27.0,0,Transient,43.43,0,0
City Hotel,0,0,2016,January,2,4,1,3,2,0.0,0,BB,PRT,Groups,TA/TO,0,0,0,A,A,1,No Deposit,1.0,0,Transient,41.0,0,0
City Hotel,0,11,2016,January,2,4,1,3,2,0.0,0,BB,FRA,Offline TA/TO,TA/TO,0,0,0,A,A,0,No Deposit,28.0,0,Transient,70.0,0,0
City Hotel,0,0,2016,January,2,7,0,1,2,0.0,0,SC,AGO,Direct,Direct,0,0,0,A,A,0,No Deposit,,0,Transient,75.0,0,0
City Hotel,1,1,2016,February,9,24,1,4,2,0.0,0,BB,AGO,Direct,Direct,1,0,1,D,D,0,No Deposit,,0,Transient,103.2,0,1
City Hotel,0,35,2016,January,2,5,0,3,2,0.0,0,BB,FRA,Offline TA/TO,TA/TO,0,0,0,A,D,0,No Deposit,28.0,0,Transient,60.0,0,0
City Hotel,0,80,2016,January,2,7,0,1,2,0.0,0,BB,USA,Online TA,TA/TO,0,0,0,A,A,0,No Deposit,11.0,0,Transient,87.32,0,0
City Hotel,0,0,2016,March,12,15,0,1,2,0.0,0,BB,PRT,Offline TA/TO,TA/TO,1,0,7,D,D,0,No Deposit,94.0,0,Transient,45.0,1,2
City Hotel,0,28,2016,September,40,27,0,1,2,0.0,0,BB,POL,Offline TA/TO,TA/TO,1,0,12,A,A,0,No Deposit,94.0,0,Transient,75.0,0,2
City Hotel,0,0,2016,January,2,7,0,1,2,0.0,0,SC,AGO,Direct,Direct,0,0,0,A,A,0,No Deposit,,0,Transient,75.0,0,0
City Hotel,0,25,2016,January,2,9,1,1,2,0.0,0,BB,PRT,Offline TA/TO,TA/TO,0,0,0,A,A,2,No Deposit,27.0,0,Transient,70.0,0,0
City Hotel,0,106,2016,January,2,5,0,4,2,0.0,0,BB,PRT,Offline TA/TO,TA/TO,0,0,0,D,D,0,No Deposit,28.0,0,Transient,62.0,0,0
City Hotel,0,0,2016,January,2,9,0,0,2,0.0,0,BB,PRT,Direct,Direct,1,0,0,A,A,0,No Deposit,,0,Transient,0.0,0,0
City Hotel,0,0,2016,January,2,8,0,1,2,0.0,0,BB,PRT,Online TA,TA/TO,0,0,0,A,A,0,No Deposit,9.0,0,Transient,67.5,0,0
City Hotel,0,0,2016,January,2,9,0,0,2,0.0,0,SC,PRT,Direct,Direct,1,0,0,A,A,0,No Deposit,,0,Transient,0.0,0,0
City Hotel,0,106,2016,January,2,5,0,5,2,0.0,0,BB,FRA,Offline TA/TO,TA/TO,0,0,0,D,D,0,No Deposit,28.0,0,Transient,62.0,0,0
City Hotel,0,20,2016,January,2,4,1,5,2,0.0,0,BB,DEU,Offline TA/TO,TA/TO,0,0,0,A,A,0,No Deposit,27.0,0,Transient,48.33,0,0
City Hotel,0,0,2016,January,2,8,0,2,2,0.0,0,BB,IRL,Direct,Direct,0,0,0,B,B,1,No Deposit,,0,Transient-Party,75.75,0,0
City Hotel,0,28,2016,January,2,8,0,2,2,0.0,0,HB,ROU,Offline TA/TO,TA/TO,0,0,0,A,A,1,No Deposit,83.0,0,Transient-Party,97.0,0,0
City Hotel,0,28,2016,January,2,8,0,2,2,0.0,0,HB,ROU,Offline TA/TO,TA/TO,0,0,0,A,A,1,No Deposit,83.0,0,Transient-Party,97.0,0,0
City Hotel,0,28,2016,January,2,8,0,2,2,0.0,0,HB,ROU,Offline TA/TO,TA/TO,0,0,0,A,A,1,No Deposit,83.0,0,Transient-Party,97.0,0,0
City Hotel,0,21,2016,January,2,4,1,5,2,0.0,0,HB,FRA,Offline TA/TO,TA/TO,0,0,0,A,A,0,No Deposit,83.0,0,Transient,92.0,0,0
City Hotel,0,0,2016,January,2,9,0,1,2,0.0,0,SC,AGO,Direct,Direct,0,0,0,A,A,0,No Deposit,,0,Transient,75.0,0,0
City Hotel,0,5,2016,January,2,5,0,5,2,0.0,0,BB,NLD,Offline TA/TO,TA/TO,0,0,0,A,A,0,No Deposit,85.0,0,Transient,56.0,0,0
City Hotel,0,4,2016,January,2,9,1,1,2,0.0,0,FB,PRT,Complementary,Direct,0,0,0,D,E,0,No Deposit,,0,Transient,0.0,1,1
City Hotel,0,0,2016,January,3,10,1,0,2,0.0,0,SC,USA,Online TA,TA/TO,0,0,0,A,A,0,No Deposit,152.0,0,Transient,54.02,0,0
City Hotel,0,20,2016,January,3,10,1,0,2,0.0,0,BB,PRT,Corporate,Corporate,0,0,0,A,A,0,No Deposit,,0,Transient,76.0,0,0
City Hotel,0,32,2016,January,2,8,1,2,2,0.0,0,BB,PRT,Offline TA/TO,TA/TO,0,0,0,A,D,0,No Deposit,28.0,0,Transient,58.0,0,1
City Hotel,0,4,2016,January,2,8,1,2,2,0.0,0,BB,CN,Offline TA/TO,TA/TO,0,0,0,A,A,0,No Deposit,22.0,0,Transient,70.0,0,0
City Hotel,0,30,2016,January,2,6,1,4,2,0.0,0,BB,FRA,Offline TA/TO,TA/TO,0,0,0,A,D,0,No Deposit,28.0,0,Transient,60.0,0,0
City Hotel,0,39,2016,January,2,9,2,1,2,0.0,0,HB,GBR,Offline TA/TO,TA/TO,0,0,0,E,E,0,No Deposit,83.0,0,Contract,114.8,0,0
City Hotel,0,35,2016,January,2,8,2,2,2,0.0,0,BB,BEL,Offline TA/TO,TA/TO,0,0,0,A,D,0,No Deposit,28.0,0,Transient,58.0,0,1
City Hotel,0,1,2016,January,2,8,2,3,2,0.0,0,BB,FRA,Online TA,TA/TO,0,0,0,D,D,0,No Deposit,7.0,0,Transient,59.75,0,0
City Hotel,0,0,2016,January,3,12,0,1,2,0.0,0,SC,PRT,Online TA,TA/TO,0,0,0,A,A,0,No Deposit,9.0,0,Transient,79.0,0,0
City Hotel,0,73,2016,January,3,10,2,1,2,0.0,0,BB,PRT,Offline TA/TO,TA/TO,0,0,0,A,A,0,No Deposit,83.0,0,Transient,59.8,0,0
City Hotel,0,41,2016,January,2,7,2,4,2,0.0,0,BB,ZAF,Online TA,TA/TO,0,0,0,A,D,0,No Deposit,8.0,0,Transient,86.07,0,1
City Hotel,0,16,2016,January,2,9,2,2,2,0.0,0,BB,POL,Online TA,TA/TO,0,0,0,A,A,0,No Deposit,15.0,0,Transient,61.16,0,0
City Hotel,0,13,2016,January,3,11,1,2,2,0.0,0,BB,FRA,Offline TA/TO,TA/TO,0,0,0,A,A,0,No Deposit,28.0,0,Transient,82.0,0,0
City Hotel,0,38,2016,January,3,10,2,3,2,0.0,0,BB,FRA,Offline TA/TO,TA/TO,0,0,0,A,D,0,No Deposit,28.0,0,Transient,60.0,0,0
City Hotel,0,0,2016,January,3,13,0,2,2,0.0,0,SC,AGO,Direct,Direct,0,0,0,A,A,1,No Deposit,,0,Transient,79.0,0,0
City Hotel,0,48,2016,January,2,8,2,5,2,0.0,0,BB,USA,Online TA,TA/TO,0,0,0,A,A,0,No Deposit,8.0,0,Transient,84.45,0,1
City Hotel,0,2,2016,January,3,14,0,1,2,0.0,0,SC,DEU,Online TA,TA/TO,0,0,0,A,A,0,No Deposit,10.0,0,Transient,67.7,0,0
City Hotel,0,1,2016,January,3,14,0,1,2,0.0,0,BB,PRT,Offline TA/TO,TA/TO,0,0,0,A,A,0,No Deposit,83.0,0,Transient,66.0,0,0
City Hotel,0,0,2016,January,3,14,0,1,2,0.0,0,BB,PRT,Online TA,TA/TO,0,0,0,A,A,0,No Deposit,15.0,0,Transient,72.8,0,0
City Hotel,0,25,2016,January,3,12,0,3,2,0.0,0,BB,DEU,Offline TA/TO,TA/TO,0,0,0,A,A,0,No Deposit,27.0,0,Transient,40.67,0,0
City Hotel,0,5,2016,January,3,13,0,3,2,0.0,0,BB,FRA,Offline TA/TO,TA/TO,0,0,0,A,A,0,No Deposit,28.0,0,Transient,66.0,0,0
City Hotel,0,1,2016,January,3,15,0,1,2,0.0,0,BB,PRT,Online TA,TA/TO,0,0,0,A,A,0,No Deposit,9.0,0,Transient,98.3,1,1
City Hotel,0,6,2016,January,3,15,0,2,2,0.0,0,SC,BRA,Online TA,TA/TO,0,0,0,A,A,0,No Deposit,9.0,0,Transient,69.5,0,1
City Hotel,0,35,2016,January,3,13,0,4,2,0.0,0,BB,FRA,Offline TA/TO,TA/TO,0,0,0,A,D,0,No Deposit,28.0,0,Transient,60.0,0,0
City Hotel,0,1,2016,January,3,13,0,4,2,0.0,0,BB,PRT,Online TA,TA/TO,0,0,0,D,D,1,No Deposit,9.0,0,Transient-Party,91.1,0,0
City Hotel,0,1,2016,January,3,16,0,1,2,0.0,0,SC,PRT,Direct,Direct,0,0,0,A,D,1,No Deposit,14.0,0,Transient,94.0,0,0
City Hotel,0,49,2016,January,3,15,0,2,2,0.0,0,BB,FRA,Online TA,TA/TO,0,0,0,A,A,0,No Deposit,7.0,0,Transient,69.22,0,1
City Hotel,0,36,2016,January,3,14,0,3,2,0.0,0,BB,FRA,Offline TA/TO,TA/TO,0,0,0,A,D,0,No Deposit,28.0,0,Transient,60.0,0,0
City Hotel,0,93,2016,January,3,14,0,3,2,0.0,0,BB,BEL,Direct,Direct,0,0,0,A,D,1,No Deposit,14.0,0,Transient,90.2,0,0
City Hotel,0,2,2016,January,3,16,0,1,2,0.0,0,BB,PRT,Direct,Direct,0,0,0,D,D,0,No Deposit,,0,Transient,70.0,0,0
City Hotel,0,50,2016,January,3,14,0,3,2,0.0,0,BB,PRT,Offline TA/TO,TA/TO,0,0,0,A,A,0,No Deposit,20.0,43,Transient-Party,52.0,0,1
City Hotel,0,50,2016,January,3,14,0,3,2,0.0,0,BB,FRA,Offline TA/TO,TA/TO,0,0,0,A,A,0,No Deposit,20.0,43,Transient-Party,52.0,0,2
City Hotel,0,50,2016,January,3,14,0,3,2,0.0,0,BB,FRA,Offline TA/TO,TA/TO,0,0,0,A,A,0,No Deposit,20.0,43,Transient-Party,52.0,0,1
City Hotel,0,50,2016,January,3,14,0,3,2,0.0,0,BB,PRT,Offline TA/TO,TA/TO,0,0,0,A,A,0,No Deposit,20.0,43,Transient-Party,52.0,0,1
City Hotel,0,50,2016,January,3,14,0,3,2,0.0,0,BB,FRA,Offline TA/TO,TA/TO,0,0,0,A,A,0,No Deposit,20.0,43,Transient-Party,52.0,0,1
City Hotel,0,50,2016,January,3,14,0,3,2,0.0,0,BB,FRA,Offline TA/TO,TA/TO,0,0,0,A,A,0,No Deposit,20.0,43,Transient-Party,52.0,0,2
City Hotel,0,50,2016,January,3,14,0,3,2,0.0,0,BB,FRA,Offline TA/TO,TA/TO,0,0,0,A,A,0,No Deposit,20.0,43,Transient-Party,52.0,0,1
City Hotel,0,50,2016,January,3,14,0,3,2,0.0,0,BB,FRA,Offline TA/TO,TA/TO,0,0,0,A,A,0,No Deposit,20.0,43,Transient-Party,52.0,0,1
City Hotel,0,50,2016,January,3,14,0,3,2,0.0,0,BB,FRA,Offline TA/TO,TA/TO,0,0,0,A,A,0,No Deposit,20.0,43,Transient-Party,52.0,0,2
City Hotel,0,50,2016,January,3,14,0,3,2,0.0,0,BB,FRA,Offline TA/TO,TA/TO,0,0,0,A,A,0,No Deposit,20.0,43,Transient-Party,52.0,0,1
City Hotel,0,50,2016,January,3,14,0,3,2,0.0,0,BB,FRA,Offline TA/TO,TA/TO,0,0,0,A,A,0,No Deposit,20.0,43,Transient,52.0,0,1
City Hotel,0,50,2016,January,3,14,0,3,2,0.0,0,BB,FRA,Offline TA/TO,TA/TO,0,0,0,A,A,0,No Deposit,20.0,43,Transient-Party,52.0,0,1
City Hotel,0,50,2016,January,3,14,0,3,2,0.0,0,BB,FRA,Offline TA/TO,TA/TO,0,0,0,A,A,0,No Deposit,20.0,43,Transient-Party,52.0,0,1
City Hotel,0,50,2016,January,3,14,0,3,2,0.0,0,BB,PRT,Offline TA/TO,TA/TO,0,0,0,A,A,0,No Deposit,20.0,43,Transient-Party,52.0,0,2
City Hotel,0,3,2016,January,3,14,0,3,2,0.0,0,BB,PRT,Offline TA/TO,TA/TO,0,0,0,A,A,1,No Deposit,20.0,0,Transient-Party,52.0,0,0
City Hotel,0,2,2016,January,3,15,0,2,2,0.0,0,BB,AUT,Online TA,TA/TO,0,0,0,D,A,0,No Deposit,9.0,0,Transient,87.3,0,0
City Hotel,0,6,2016,January,3,16,0,1,2,0.0,0,BB,BFA,Online TA,TA/TO,0,0,0,A,A,0,No Deposit,9.0,0,Transient,80.3,0,1
City Hotel,0,59,2016,January,3,16,0,1,2,0.0,0,BB,PRT,Direct,Direct,0,0,0,D,D,1,No Deposit,14.0,0,Transient,97.0,0,0
City Hotel,0,2,2016,January,3,16,0,1,2,0.0,0,SC,ESP,Online TA,TA/TO,0,0,0,A,A,0,No Deposit,9.0,0,Transient,78.5,1,1
City Hotel,0,4,2016,January,3,16,0,1,2,0.0,0,SC,PRT,Online TA,TA/TO,0,0,0,A,A,0,No Deposit,9.0,0,Transient,67.5,0,1
City Hotel,0,5,2016,January,3,15,1,2,2,0.0,0,BB,USA,Online TA,TA/TO,0,0,0,A,A,0,No Deposit,9.0,0,Transient,80.3,0,2
City Hotel,0,4,2016,January,3,16,1,1,2,0.0,0,SC,GBR,Online TA,TA/TO,0,0,0,A,A,0,No Deposit,7.0,0,Transient,59.75,0,1
City Hotel,0,42,2016,January,3,14,1,3,2,0.0,0,BB,FRA,Offline TA/TO,TA/TO,0,0,0,A,D,0,No Deposit,28.0,0,Transient,60.0,0,1
City Hotel,0,70,2016,January,3,15,1,2,2,0.0,0,BB,DEU,Offline TA/TO,TA/TO,0,0,0,A,A,0,No Deposit,27.0,0,Transient,40.67,0,0
City Hotel,0,46,2016,January,3,15,1,2,2,0.0,0,BB,FRA,Offline TA/TO,TA/TO,0,0,0,A,D,0,No Deposit,28.0,0,Transient,60.0,0,1
City Hotel,0,42,2016,January,3,15,1,2,2,0.0,0,BB,FRA,Offline TA/TO,TA/TO,0,0,0,A,D,0,No Deposit,28.0,0,Transient,60.0,0,0
City Hotel,0,6,2016,January,3,16,1,1,2,0.0,0,BB,FRA,Online TA,TA/TO,0,0,0,A,D,0,No Deposit,9.0,0,Transient,97.0,0,1
City Hotel,0,42,2016,January,3,14,1,3,2,0.0,0,BB,FRA,Offline TA/TO,TA/TO,0,0,0,A,D,0,No Deposit,28.0,0,Transient,60.0,0,0
City Hotel,0,1,2016,January,4,17,1,0,2,0.0,0,BB,PRT,Direct,Direct,0,0,0,F,F,0,No Deposit,,0,Transient,40.0,0,1
City Hotel,0,0,2016,April,16,14,0,1,2,0.0,0,BB,PRT,Direct,Direct,1,0,1,B,B,0,No Deposit,,0,Transient,50.0,0,1
City Hotel,0,5,2016,January,4,17,1,0,2,0.0,0,BB,PRT,Direct,Direct,0,0,0,A,A,0,No Deposit,,0,Transient,92.0,0,1
City Hotel,0,0,2016,January,3,15,2,2,2,0.0,0,SC,AGO,Direct,Direct,0,0,0,A,A,4,No Deposit,,0,Transient,80.0,0,0
City Hotel,0,45,2016,January,3,16,2,1,2,0.0,0,BB,FRA,Offline TA/TO,TA/TO,0,0,0,A,D,0,No Deposit,28.0,0,Transient,60.0,0,0
City Hotel,0,2,2016,April,15,5,0,1,2,0.0,0,BB,PRT,Corporate,Corporate,1,3,3,A,A,1,No Deposit,,0,Transient,45.0,0,1
City Hotel,1,189,2016,April,15,8,0,2,2,0.0,0,BB,PRT,Groups,TA/TO,0,3,4,A,A,0,No Deposit,,31,Transient-Party,12.0,0,0
City Hotel,1,190,2016,April,15,9,1,1,2,0.0,0,BB,PRT,Groups,TA/TO,0,3,4,A,A,0,No Deposit,,31,Transient-Party,70.0,0,0
City Hotel,1,191,2016,April,16,10,2,0,2,0.0,0,BB,PRT,Groups,TA/TO,0,3,4,A,A,0,No Deposit,,31,Transient-Party,12.0,0,0
City Hotel,0,12,2016,January,3,16,2,2,2,0.0,0,BB,FRA,Offline TA/TO,TA/TO,0,0,0,A,A,0,No Deposit,138.0,0,Transient,61.0,0,0
City Hotel,0,3,2016,January,3,15,2,3,2,0.0,0,BB,BEL,Online TA,TA/TO,0,0,0,A,A,0,No Deposit,11.0,0,Transient,69.84,0,0
City Hotel,0,34,2016,January,4,17,2,1,2,0.0,0,BB,DEU,Offline TA/TO,TA/TO,0,0,0,D,D,0,No Deposit,27.0,0,Transient,48.67,0,0
City Hotel,0,9,2016,January,4,19,0,1,2,0.0,0,BB,PRT,Online TA,TA/TO,0,0,0,A,A,0,No Deposit,9.0,0,Transient,80.3,0,1
City Hotel,0,46,2016,January,4,18,1,1,2,0.0,0,BB,ITA,Offline TA/TO,TA/TO,0,0,0,A,D,0,No Deposit,28.0,0,Transient,60.0,0,0
City Hotel,0,64,2016,January,4,19,0,2,2,0.0,0,SC,AUS,Online TA,TA/TO,0,0,0,A,A,0,No Deposit,15.0,0,Transient,65.36,0,2
City Hotel,0,64,2016,January,4,19,0,2,2,0.0,0,SC,AUS,Online TA,TA/TO,0,0,0,A,A,0,No Deposit,15.0,0,Transient,65.36,0,2
City Hotel,0,64,2016,January,4,19,0,2,2,0.0,0,SC,AUS,Online TA,TA/TO,0,0,0,A,A,0,No Deposit,15.0,0,Transient,65.36,0,2
City Hotel,0,1,2016,January,4,20,0,1,2,0.0,0,BB,AGO,Direct,Direct,0,0,0,A,A,0,No Deposit,,0,Transient,91.0,0,1
City Hotel,0,77,2016,January,4,18,1,2,2,0.0,0,BB,ROU,Online TA,TA/TO,0,0,0,A,A,0,No Deposit,9.0,0,Contract,99.0,0,1
City Hotel,0,1,2016,January,4,20,0,1,2,0.0,0,BB,NLD,Online TA,TA/TO,0,0,0,A,A,0,No Deposit,9.0,0,Transient,111.0,1,1
City Hotel,0,48,2016,January,4,17,2,3,2,0.0,0,BB,FRA,Offline TA/TO,TA/TO,0,0,0,A,D,0,No Deposit,28.0,0,Transient,60.0,0,1
City Hotel,0,0,2016,January,4,20,0,2,2,0.0,0,BB,ISR,Direct,Direct,0,0,0,A,A,0,No Deposit,,0,Transient,89.0,0,0
City Hotel,0,0,2016,January,4,19,0,3,2,0.0,0,BB,PRT,Online TA,TA/TO,0,0,0,D,D,0,No Deposit,9.0,0,Transient,101.0,0,0
City Hotel,0,0,2016,January,4,21,0,1,2,0.0,0,BB,NLD,Direct,Direct,0,0,0,A,A,0,No Deposit,,0,Transient,91.0,1,1
City Hotel,0,11,2016,January,4,20,0,2,2,0.0,0,BB,BRA,Online TA,TA/TO,0,0,0,A,A,0,No Deposit,9.0,0,Transient,80.3,0,1
City Hotel,0,62,2016,January,4,17,2,3,2,0.0,0,BB,DEU,Offline TA/TO,TA/TO,0,0,0,A,D,0,No Deposit,28.0,0,Contract,57.0,0,1
City Hotel,0,9,2016,January,4,21,0,1,2,0.0,0,BB,PRT,Direct,Direct,0,0,0,A,A,3,No Deposit,14.0,0,Transient,91.0,0,1
City Hotel,0,0,2016,January,4,21,0,1,2,0.0,0,SC,PRT,Direct,Direct,0,0,0,A,A,1,No Deposit,,0,Transient,79.0,0,0
City Hotel,0,0,2016,January,4,21,0,1,2,0.0,0,SC,PRT,Online TA,TA/TO,0,0,0,A,A,0,No Deposit,9.0,0,Transient,81.0,0,0
City Hotel,0,2,2016,January,4,20,0,2,2,0.0,0,SC,AGO,Online TA,TA/TO,0,0,0,A,A,0,No Deposit,9.0,0,Transient,81.0,0,0
City Hotel,0,37,2016,January,4,22,0,0,2,0.0,0,BB,PRT,Offline TA/TO,TA/TO,0,0,0,A,A,0,No Deposit,118.0,0,Transient,0.0,0,0
City Hotel,1,11,2016,January,4,22,0,0,2,0.0,0,SC,POL,Online TA,TA/TO,0,0,0,A,A,0,No Deposit,9.0,0,Transient,0.0,0,1
City Hotel,0,9,2016,January,4,17,2,4,2,0.0,0,BB,HRV,Online TA,TA/TO,0,0,0,A,A,1,No Deposit,9.0,0,Transient,83.0,0,1
City Hotel,0,1,2016,January,3,15,2,6,2,0.0,0,BB,USA,Direct,Direct,0,0,0,A,A,0,No Deposit,14.0,0,Transient,82.45,0,1
City Hotel,0,8,2016,January,4,19,0,4,2,0.0,0,BB,RUS,Online TA,TA/TO,0,0,0,A,D,0,No Deposit,9.0,0,Transient,83.0,0,1
City Hotel,0,2,2016,January,4,19,0,4,2,0.0,0,SC,FRA,Online TA,TA/TO,0,0,0,A,A,0,No Deposit,9.0,0,Transient,80.0,0,1
City Hotel,0,7,2016,January,4,18,1,4,2,0.0,0,BB,DEU,Offline TA/TO,TA/TO,0,0,0,A,A,0,No Deposit,27.0,0,Transient,48.4,0,0
City Hotel,0,3,2016,January,4,19,0,4,2,0.0,0,BB,ISR,Online TA,TA/TO,0,0,0,D,D,0,No Deposit,9.0,0,Transient,102.0,0,1
City Hotel,0,1,2016,January,4,17,2,4,2,0.0,0,BB,AGO,Online TA,TA/TO,0,0,0,A,A,0,No Deposit,9.0,0,Transient,90.33,0,1
City Hotel,0,0,2016,January,4,22,0,1,2,0.0,0,BB,ESP,Online TA,TA/TO,0,0,0,A,A,0,No Deposit,9.0,0,Transient,91.0,0,0
City Hotel,0,7,2016,January,4,20,0,3,2,0.0,0,SC,GBR,Online TA,TA/TO,0,0,0,A,A,0,No Deposit,9.0,0,Transient,79.67,0,1
City Hotel,0,0,2017,January,2,10,0,1,2,0.0,0,BB,PRT,Complementary,Direct,1,0,1,A,A,0,No Deposit,,0,Transient,0.0,1,1
City Hotel,0,86,2016,January,4,23,0,1,2,0.0,0,BB,GBR,Direct,Direct,0,0,0,A,A,0,No Deposit,14.0,0,Transient,81.2,0,0
City Hotel,0,43,2016,January,4,21,0,3,2,0.0,0,BB,BEL,Offline TA/TO,TA/TO,0,0,0,A,D,0,No Deposit,28.0,0,Transient,60.0,0,0
City Hotel,0,0,2016,January,4,23,0,1,2,0.0,0,BB,DEU,Direct,Direct,0,0,0,B,B,0,No Deposit,,0,Transient,100.0,0,0
City Hotel,0,6,2016,January,4,22,0,2,2,0.0,0,BB,ESP,Online TA,TA/TO,0,0,0,D,D,0,No Deposit,9.0,0,Transient,108.0,1,1
City Hotel,0,9,2016,January,3,16,2,6,2,0.0,0,BB,SWE,Online TA,TA/TO,0,0,0,D,D,0,No Deposit,7.0,0,Transient,61.5,0,0
City Hotel,0,5,2016,January,4,23,0,1,2,0.0,0,BB,PRT,Online TA,TA/TO,0,0,0,A,A,0,No Deposit,9.0,0,Transient,98.0,0,0
City Hotel,0,1,2016,January,4,22,0,2,2,0.0,0,BB,GBR,Online TA,TA/TO,0,0,0,D,D,0,No Deposit,8.0,0,Transient,77.6,0,0
City Hotel,0,2,2016,January,4,22,0,2,2,0.0,0,BB,PRT,Online TA,TA/TO,0,0,0,A,A,0,No Deposit,9.0,0,Transient,98.0,1,1
City Hotel,0,11,2016,January,4,20,0,4,2,0.0,0,SC,GBR,Online TA,TA/TO,0,0,0,A,A,0,No Deposit,9.0,0,Transient,69.5,0,1
City Hotel,0,2,2016,January,4,22,0,2,2,0.0,0,SC,PRT,Online TA,TA/TO,0,0,0,A,A,0,No Deposit,9.0,0,Transient,85.0,0,1
City Hotel,0,14,2016,January,4,21,0,3,2,0.0,0,BB,PRT,Online TA,TA/TO,0,0,0,B,B,1,No Deposit,9.0,0,Transient-Party,79.25,0,0
City Hotel,0,3,2016,January,4,22,0,2,2,0.0,0,BB,PRT,Online TA,TA/TO,0,0,0,A,D,0,No Deposit,9.0,0,Transient,98.0,1,1
City Hotel,0,0,2016,January,4,23,0,1,2,0.0,0,BB,PRT,Direct,Direct,0,0,0,A,A,0,No Deposit,,0,Transient,91.0,0,0
City Hotel,0,8,2016,January,4,19,0,5,2,0.0,0,SC,ROU,Online TA,TA/TO,0,0,0,A,A,0,No Deposit,9.0,0,Transient,79.4,0,1
City Hotel,0,6,2016,January,4,23,0,1,2,0.0,0,BB,PRT,Direct,Direct,0,0,0,A,A,0,No Deposit,14.0,0,Transient,87.0,0,0
City Hotel,0,4,2016,January,4,22,0,2,2,0.0,0,BB,PRT,Complementary,Direct,0,0,0,G,G,1,No Deposit,,0,Transient,1.0,1,1
City Hotel,0,2,2016,January,4,23,0,1,2,0.0,0,BB,ROU,Direct,Direct,0,0,0,A,A,0,No Deposit,,0,Transient,96.0,0,1
City Hotel,0,4,2016,January,4,22,0,2,2,0.0,0,SC,ESP,Online TA,TA/TO,0,0,0,A,A,0,No Deposit,9.0,0,Transient,84.0,1,1
City Hotel,0,85,2016,January,4,22,0,2,2,0.0,0,BB,GBR,Offline TA/TO,TA/TO,0,0,0,D,D,0,No Deposit,83.0,0,Transient,66.6,0,0
City Hotel,0,0,2016,January,4,23,0,1,2,0.0,0,SC,POL,Online TA,TA/TO,0,0,0,A,A,0,No Deposit,9.0,0,Transient,67.5,0,1
City Hotel,0,2,2016,January,4,22,0,2,2,0.0,0,BB,CHE,Online TA,TA/TO,0,0,0,A,A,1,No Deposit,9.0,0,Transient,88.0,0,1
City Hotel,0,8,2016,January,4,20,0,4,2,0.0,0,SC,GBR,Online TA,TA/TO,0,0,0,A,A,2,No Deposit,9.0,0,Transient,79.0,0,2
City Hotel,0,11,2016,January,4,23,0,1,2,0.0,0,BB,PRT,Direct,Direct,0,0,0,A,A,0,No Deposit,,0,Transient,87.0,0,0
City Hotel,0,1,2016,January,5,24,1,0,2,0.0,0,SC,ZAF,Online TA,TA/TO,0,0,0,A,A,0,No Deposit,9.0,0,Transient,90.0,0,0
City Hotel,0,0,2016,January,5,24,1,0,2,0.0,0,BB,PRT,Online TA,TA/TO,0,0,0,D,D,0,No Deposit,9.0,0,Transient,116.0,1,0
City Hotel,0,6,2016,January,5,24,1,0,2,0.0,0,BB,PRT,Direct,Direct,0,0,0,A,A,0,No Deposit,14.0,0,Transient,87.0,0,0
City Hotel,0,13,2016,January,4,20,1,4,2,0.0,0,BB,BRA,Online TA,TA/TO,0,0,0,A,A,0,No Deposit,9.0,0,Transient,80.3,0,1
City Hotel,0,14,2016,January,4,23,1,1,2,0.0,0,SC,KOR,Online TA,TA/TO,0,0,0,A,A,0,No Deposit,9.0,0,Transient,69.5,0,1
City Hotel,0,46,2016,January,4,22,1,2,2,0.0,0,BB,FRA,Offline TA/TO,TA/TO,0,0,0,A,A,0,No Deposit,28.0,0,Transient,60.0,0,0
City Hotel,0,49,2016,January,4,22,1,2,2,0.0,0,BB,FRA,Offline TA/TO,TA/TO,0,0,0,A,D,0,No Deposit,28.0,0,Transient,60.0,0,0
City Hotel,0,46,2016,January,4,22,1,2,2,0.0,0,BB,FRA,Offline TA/TO,TA/TO,0,0,0,A,D,0,No Deposit,28.0,0,Transient,60.0,0,0
City Hotel,0,11,2016,January,4,21,1,3,2,0.0,0,BB,FRA,Online TA,TA/TO,0,0,0,A,A,0,No Deposit,9.0,0,Transient,89.0,0,1
City Hotel,0,0,2016,January,4,20,1,4,2,0.0,0,SC,FRA,Direct,Direct,0,0,0,D,D,5,No Deposit,,0,Transient,78.4,0,0
City Hotel,0,0,2016,January,4,22,1,2,2,0.0,0,BB,PRT,Direct,Direct,0,0,0,D,D,0,No Deposit,,0,Transient,106.0,0,1
City Hotel,0,4,2016,January,5,25,1,0,2,0.0,0,BB,PRT,Corporate,Corporate,0,0,0,A,A,0,No Deposit,38.0,0,Transient-Party,64.0,0,0
City Hotel,0,4,2016,January,5,25,1,0,2,0.0,0,BB,BRA,Corporate,Corporate,0,0,0,A,A,0,No Deposit,38.0,0,Transient-Party,64.0,0,0
City Hotel,0,4,2016,January,5,25,1,0,2,0.0,0,BB,PRT,Corporate,Corporate,0,0,0,A,A,0,No Deposit,38.0,0,Transient-Party,64.0,0,0
City Hotel,0,73,2016,January,4,21,2,3,2,0.0,0,BB,GBR,Online TA,TA/TO,0,0,0,A,A,0,No Deposit,10.0,0,Transient,71.0,0,0
City Hotel,0,47,2016,January,4,23,2,1,2,0.0,0,BB,PRT,Offline TA/TO,TA/TO,0,0,0,A,D,0,No Deposit,28.0,0,Transient,60.0,0,0
City Hotel,0,4,2016,January,5,25,1,0,2,0.0,0,BB,PRT,Corporate,Corporate,0,0,0,A,A,0,No Deposit,38.0,0,Transient,64.0,0,0
City Hotel,0,3,2016,January,5,25,1,0,2,0.0,0,BB,PRT,Complementary,Direct,0,0,0,G,G,0,No Deposit,,0,Transient,0.0,1,1
City Hotel,0,3,2016,January,5,25,1,0,2,0.0,0,BB,PRT,Online TA,TA/TO,0,0,0,A,A,0,No Deposit,9.0,0,Transient,93.0,0,2
City Hotel,0,4,2016,January,5,25,1,0,2,0.0,0,BB,PRT,Corporate,Corporate,0,0,0,A,A,0,No Deposit,38.0,0,Transient-Party,64.0,0,0
City Hotel,0,0,2016,January,5,25,1,0,2,0.0,0,SC,PRT,Online TA,TA/TO,0,0,0,A,A,0,No Deposit,9.0,0,Transient,90.0,0,0
City Hotel,0,0,2016,January,5,25,1,0,2,0.0,0,BB,PRT,Direct,Direct,0,0,0,A,A,0,No Deposit,,0,Transient,79.0,0,0
City Hotel,0,2,2016,January,4,23,2,1,2,0.0,0,BB,BRA,Online TA,TA/TO,0,0,0,B,B,1,No Deposit,9.0,0,Transient-Party,78.52,0,0
City Hotel,0,1,2016,January,4,23,2,1,2,0.0,0,BB,BRA,Online TA,TA/TO,0,0,0,B,B,0,No Deposit,9.0,0,Transient-Party,78.52,0,0
City Hotel,0,33,2016,January,5,25,1,1,2,0.0,0,BB,BRA,Corporate,Corporate,0,0,0,A,A,0,No Deposit,38.0,15,Transient-Party,64.0,0,0
City Hotel,0,0,2016,January,5,25,1,1,2,0.0,0,BB,CHE,Direct,Direct,0,0,0,D,E,0,No Deposit,,0,Transient,100.0,0,0
City Hotel,0,11,2016,January,4,23,2,2,2,0.0,0,BB,FRA,Offline TA/TO,TA/TO,0,0,0,A,A,0,No Deposit,28.0,0,Transient,66.0,0,0
City Hotel,0,33,2016,January,5,25,1,1,2,0.0,0,BB,ARG,Corporate,Corporate,0,0,0,A,A,0,No Deposit,38.0,15,Transient-Party,64.0,0,0
City Hotel,0,33,2016,January,5,25,1,1,2,0.0,0,BB,BRA,Corporate,Corporate,0,0,0,A,A,0,No Deposit,38.0,15,Transient-Party,64.0,0,0
City Hotel,0,33,2016,January,5,25,1,1,2,0.0,0,BB,ITA,Corporate,Corporate,0,0,0,A,A,0,No Deposit,38.0,15,Transient-Party,64.0,0,0
City Hotel,0,33,2016,January,5,25,1,1,2,0.0,0,BB,ARM,Corporate,Corporate,0,0,0,A,A,0,No Deposit,38.0,15,Transient-Party,64.0,0,0
City Hotel,0,33,2016,January,5,25,1,1,2,0.0,0,BB,BRA,Corporate,Corporate,0,0,0,A,A,0,No Deposit,38.0,15,Transient-Party,64.0,0,0
City Hotel,0,1,2016,January,5,26,0,1,2,0.0,0,BB,FRA,Online TA,TA/TO,0,0,0,A,A,0,No Deposit,9.0,0,Transient,93.0,0,0
City Hotel,0,32,2016,January,5,24,2,1,2,0.0,0,BB,ARG,Corporate,Corporate,0,0,0,A,A,1,No Deposit,38.0,15,Transient-Party,64.0,0,0
City Hotel,0,39,2016,January,5,24,2,1,2,0.0,0,BB,PRT,Offline TA/TO,TA/TO,0,0,0,D,D,0,No Deposit,85.0,0,Transient,66.4,0,0
City Hotel,0,0,2016,January,5,26,0,1,2,0.0,0,BB,PRT,Direct,Direct,0,0,0,A,A,0,No Deposit,,0,Transient,91.0,0,0
City Hotel,0,50,2016,January,4,22,2,3,2,0.0,0,BB,BEL,Offline TA/TO,TA/TO,0,0,0,A,D,0,No Deposit,28.0,0,Transient,60.0,0,0
City Hotel,0,33,2016,January,5,25,1,1,2,0.0,0,BB,BRA,Corporate,Corporate,0,0,0,A,A,0,No Deposit,38.0,15,Transient-Party,64.0,0,0
City Hotel,0,15,2016,January,5,24,2,1,2,0.0,0,BB,BRA,Online TA,TA/TO,0,0,0,A,A,0,No Deposit,7.0,0,Transient,68.99,0,1
City Hotel,0,5,2016,January,5,24,2,1,2,0.0,0,BB,BEL,Online TA,TA/TO,0,0,0,D,D,0,No Deposit,9.0,0,Transient,81.73,0,1
City Hotel,0,33,2016,January,5,25,1,1,2,0.0,0,BB,BRA,Corporate,Corporate,0,0,0,A,A,0,No Deposit,38.0,15,Transient-Party,64.0,0,0
City Hotel,0,33,2016,January,5,25,1,1,2,0.0,0,BB,BRA,Corporate,Corporate,0,0,0,A,A,0,No Deposit,38.0,15,Transient-Party,64.0,0,0
City Hotel,0,33,2016,January,5,25,1,1,2,0.0,0,BB,BRA,Corporate,Corporate,0,0,0,A,A,0,No Deposit,38.0,15,Transient-Party,64.0,0,0
City Hotel,0,2,2016,January,5,26,0,1,2,0.0,0,SC,PRT,Online TA,TA/TO,0,0,0,A,A,0,No Deposit,9.0,0,Transient,81.0,0,0
City Hotel,0,9,2016,January,5,27,0,1,2,0.0,0,SC,FRA,Online TA,TA/TO,0,0,0,A,A,0,No Deposit,9.0,0,Transient,90.0,1,2
City Hotel,0,33,2016,January,5,25,1,2,2,0.0,0,BB,BRA,Corporate,Corporate,0,0,0,A,A,1,No Deposit,38.0,15,Transient-Party,64.0,0,0
City Hotel,0,4,2016,January,5,24,2,2,2,0.0,0,BB,GBR,Online TA,TA/TO,0,0,0,D,D,0,No Deposit,7.0,0,Transient,63.6,0,0
City Hotel,0,4,2016,January,5,24,2,2,2,0.0,0,BB,GBR,Online TA,TA/TO,0,0,0,D,D,0,No Deposit,7.0,0,Transient,63.6,0,0
City Hotel,0,2,2016,January,5,27,0,1,2,0.0,0,BB,SWE,Online TA,TA/TO,0,0,0,A,A,0,No Deposit,9.0,0,Transient,102.0,1,1
City Hotel,0,1,2016,January,5,27,0,1,2,0.0,0,BB,PRT,Online TA,TA/TO,0,0,0,A,A,0,No Deposit,9.0,0,Transient,100.0,1,0
City Hotel,0,16,2016,January,5,27,0,1,2,0.0,0,BB,PRT,Online TA,TA/TO,0,0,0,A,A,0,No Deposit,9.0,0,Transient,102.0,1,1
City Hotel,0,32,2016,January,5,25,1,2,2,0.0,0,BB,BEL,Offline TA/TO,TA/TO,0,0,0,A,A,0,No Deposit,85.0,0,Transient,58.0,0,0
City Hotel,0,11,2016,January,5,26,0,2,2,0.0,0,BB,TWN,Direct,Direct,0,0,0,A,D,1,No Deposit,14.0,0,Transient,91.0,0,2
City Hotel,0,8,2016,January,5,27,0,1,2,0.0,0,BB,PRT,Online TA,TA/TO,0,0,0,A,A,0,No Deposit,9.0,0,Transient,102.0,1,1
City Hotel,0,2,2016,January,5,24,2,2,2,0.0,0,BB,ITA,Online TA,TA/TO,0,0,0,A,A,0,No Deposit,9.0,0,Transient,93.0,0,0
City Hotel,0,33,2016,January,5,25,1,3,2,0.0,0,BB,BRA,Corporate,Corporate,0,0,0,A,A,1,No Deposit,38.0,15,Transient-Party,64.0,0,0
City Hotel,0,53,2016,January,5,24,2,3,2,0.0,0,BB,FRA,Offline TA/TO,TA/TO,0,0,0,A,D,0,No Deposit,28.0,0,Transient,60.0,0,0
City Hotel,0,2,2016,January,5,28,0,1,2,0.0,0,BB,PRT,Online TA,TA/TO,0,0,0,A,A,0,No Deposit,9.0,0,Transient,92.0,0,1
City Hotel,0,0,2016,January,5,28,0,1,2,0.0,0,BB,PRT,Direct,Direct,0,0,0,A,A,0,No Deposit,,0,Transient,79.0,0,0
City Hotel,0,11,2016,January,5,27,0,2,2,0.0,0,BB,ESP,Online TA,TA/TO,0,0,0,A,A,0,No Deposit,9.0,0,Transient,102.0,1,1
City Hotel,0,4,2016,January,5,26,0,3,2,0.0,0,BB,PRT,Online TA,TA/TO,0,0,0,D,D,0,No Deposit,9.0,0,Transient,117.0,1,1
City Hotel,0,11,2016,January,5,28,0,1,2,0.0,0,SC,PRT,Online TA,TA/TO,0,0,0,A,D,0,No Deposit,7.0,0,Transient,62.83,0,1
City Hotel,0,58,2016,January,5,27,0,2,2,0.0,0,BB,PRT,Offline TA/TO,TA/TO,0,0,0,A,A,1,No Deposit,87.0,0,Transient-Party,91.0,0,0
City Hotel,0,1,2016,January,5,28,0,1,2,0.0,0,SC,PRT,Online TA,TA/TO,0,0,0,A,A,0,No Deposit,9.0,0,Transient,79.0,0,1
City Hotel,0,9,2016,January,5,24,2,3,2,0.0,0,BB,FRA,Offline TA/TO,TA/TO,0,0,0,A,A,0,No Deposit,28.0,0,Transient,66.0,0,0
City Hotel,0,105,2016,January,5,25,1,4,2,0.0,0,BB,DEU,Offline TA/TO,TA/TO,0,0,0,D,D,0,No Deposit,22.0,0,Transient,84.0,0,0
City Hotel,0,19,2016,January,5,27,0,3,2,0.0,0,BB,ESP,Online TA,TA/TO,0,0,0,A,A,0,No Deposit,9.0,0,Transient,89.0,0,1
City Hotel,0,0,2016,January,5,29,0,1,2,0.0,0,BB,PRT,Direct,Direct,0,0,0,D,D,0,No Deposit,,0,Transient,95.0,0,0
City Hotel,0,5,2016,June,23,1,0,1,2,0.0,0,BB,PRT,Direct,Direct,1,0,1,D,D,0,No Deposit,,0,Transient,80.0,1,2
City Hotel,0,4,2016,January,5,28,0,2,2,0.0,0,BB,PRT,Direct,Direct,0,0,0,E,E,0,No Deposit,14.0,0,Transient,127.0,0,0
City Hotel,0,59,2016,January,5,28,0,2,2,0.0,0,BB,PRT,Offline TA/TO,TA/TO,0,0,0,A,A,3,No Deposit,87.0,0,Transient-Party,87.0,0,1
City Hotel,0,1,2016,January,5,29,0,1,2,0.0,0,SC,PRT,Online TA,TA/TO,0,0,0,A,A,0,No Deposit,9.0,0,Transient,79.0,0,1
City Hotel,0,0,2016,January,5,27,0,3,2,0.0,0,BB,PRT,Direct,Direct,0,0,0,A,A,0,No Deposit,,0,Transient,89.0,0,0
City Hotel,0,60,2016,January,5,29,0,2,2,0.0,0,BB,FRA,Offline TA/TO,TA/TO,0,0,0,A,D,0,No Deposit,28.0,0,Transient,60.0,0,1
City Hotel,0,88,2016,January,5,29,0,2,2,0.0,0,SC,CHE,Online TA,TA/TO,0,0,0,A,A,0,No Deposit,9.0,0,Contract,69.5,0,1
City Hotel,0,21,2016,January,5,29,0,2,2,0.0,0,BB,FRA,Online TA,TA/TO,0,0,0,A,A,0,No Deposit,9.0,0,Transient,80.3,0,1
City Hotel,0,2,2016,January,5,27,0,4,2,0.0,0,BB,SWE,Offline TA/TO,TA/TO,0,0,0,A,A,0,No Deposit,27.0,0,Transient,45.5,0,0
City Hotel,0,9,2016,January,5,29,0,2,2,0.0,0,BB,USA,Online TA,TA/TO,0,0,0,B,B,1,No Deposit,9.0,0,Transient-Party,78.25,0,1
City Hotel,0,9,2016,January,5,28,0,3,2,0.0,0,SC,PRT,Direct,Direct,0,0,0,A,A,3,No Deposit,,0,Transient,81.0,0,1
City Hotel,0,0,2016,January,5,29,0,2,2,0.0,0,SC,FRA,Online TA,TA/TO,0,0,0,A,A,0,No Deposit,9.0,0,Transient,79.0,0,1
City Hotel,0,15,2016,January,5,29,0,2,2,0.0,0,BB,PRT,Direct,Direct,0,0,0,A,A,0,No Deposit,,0,Transient-Party,87.0,0,2
City Hotel,0,15,2016,January,5,29,0,2,2,0.0,0,BB,PRT,Direct,Direct,0,0,0,A,A,0,No Deposit,,0,Transient-Party,87.0,0,2
City Hotel,0,2,2016,January,5,29,0,2,2,0.0,0,BB,PRT,Online TA,TA/TO,0,0,0,A,A,0,No Deposit,9.0,0,Transient,101.0,0,1
City Hotel,0,67,2016,January,5,29,0,2,2,0.0,0,BB,GBR,Offline TA/TO,TA/TO,0,0,0,A,D,0,No Deposit,28.0,0,Transient,57.0,0,0
City Hotel,0,1,2016,January,5,29,0,2,2,0.0,0,BB,PRT,Direct,Direct,0,0,0,D,D,1,No Deposit,,0,Transient,35.0,0,2
City Hotel,0,7,2016,January,5,29,0,2,2,0.0,0,BB,PRT,Complementary,Direct,0,0,0,D,E,1,No Deposit,,0,Transient,0.0,1,1
City Hotel,0,14,2016,January,5,29,0,2,2,0.0,0,BB,DEU,Direct,Direct,0,0,0,A,A,2,No Deposit,14.0,0,Transient,81.95,0,1
City Hotel,0,11,2016,January,5,29,0,2,2,0.0,0,HB,FRA,Online TA,TA/TO,0,0,0,A,A,2,No Deposit,155.0,0,Transient,87.0,0,1
City Hotel,0,1,2016,January,5,29,0,2,2,0.0,0,SC,PRT,Online TA,TA/TO,0,0,0,A,A,0,No Deposit,9.0,0,Transient,80.0,0,1
City Hotel,0,81,2016,January,5,29,1,2,2,0.0,0,BB,PRT,Online TA,TA/TO,0,0,0,B,B,0,No Deposit,7.0,0,Transient-Party,66.37,0,2
City Hotel,0,81,2016,January,5,29,1,2,2,0.0,0,BB,KOR,Online TA,TA/TO,0,0,0,B,B,0,No Deposit,7.0,0,Transient-Party,62.37,0,2
City Hotel,0,3,2016,January,5,29,1,2,2,0.0,0,HB,EGY,Online TA,TA/TO,0,0,0,A,D,0,No Deposit,9.0,0,Transient,130.0,0,1
City Hotel,0,17,2016,January,5,29,1,2,2,0.0,0,SC,FRA,Online TA,TA/TO,0,0,0,A,A,0,No Deposit,9.0,0,Transient,77.0,0,1
City Hotel,0,1,2016,January,5,30,1,1,2,0.0,0,BB,SWE,Online TA,TA/TO,0,0,0,A,A,0,No Deposit,9.0,0,Transient,101.0,0,1
City Hotel,0,5,2016,January,3,15,5,12,2,0.0,0,BB,BRA,Online TA,TA/TO,0,0,0,D,D,0,No Deposit,9.0,0,Transient,88.12,0,1
City Hotel,0,0,2016,January,5,29,1,2,2,0.0,0,SC,PRT,Direct,Direct,0,0,0,A,A,1,No Deposit,,0,Transient,80.0,0,0
City Hotel,0,5,2016,January,5,28,1,3,2,0.0,0,BB,ITA,Online TA,TA/TO,0,0,0,D,A,0,No Deposit,9.0,0,Transient-Party,108.0,0,0
City Hotel,0,81,2016,January,5,30,1,1,2,0.0,0,BB,ITA,Direct,Direct,0,0,0,D,D,0,No Deposit,14.0,0,Transient,85.0,0,1
City Hotel,0,81,2016,January,5,30,1,1,2,0.0,0,BB,ITA,Direct,Direct,0,0,0,D,D,0,No Deposit,14.0,0,Transient,87.0,0,1
City Hotel,0,17,2016,January,5,26,1,5,2,0.0,0,BB,MEX,Online TA,TA/TO,0,0,0,D,D,0,No Deposit,9.0,0,Transient,89.3,0,1
City Hotel,0,11,2016,January,5,29,1,2,2,0.0,0,BB,FRA,Online TA,TA/TO,0,0,0,A,A,0,No Deposit,9.0,0,Transient,89.0,0,1
City Hotel,0,20,2016,January,5,29,1,2,2,0.0,0,BB,ITA,Online TA,TA/TO,0,0,0,D,D,0,No Deposit,9.0,0,Transient,99.0,0,1
City Hotel,0,4,2016,January,5,29,1,2,2,0.0,0,BB,FRA,Offline TA/TO,TA/TO,0,0,0,A,A,0,No Deposit,28.0,0,Transient,66.0,0,0
City Hotel,0,0,2016,January,5,28,1,3,2,0.0,0,BB,ESP,Direct,Direct,0,0,0,A,A,0,No Deposit,,0,Transient,90.0,0,0
City Hotel,0,0,2016,January,5,29,1,2,2,0.0,0,BB,PRT,Direct,Direct,0,0,0,A,A,1,No Deposit,,0,Transient,90.33,0,0
City Hotel,0,69,2016,January,5,29,1,2,2,0.0,0,BB,PRT,Offline TA/TO,TA/TO,0,0,0,F,F,0,No Deposit,28.0,0,Transient,82.0,0,0
City Hotel,0,4,2016,January,5,30,2,1,2,0.0,0,BB,PRT,Offline TA/TO,TA/TO,0,0,0,A,A,0,No Deposit,28.0,0,Transient,66.0,0,0
City Hotel,0,1,2016,February,6,1,1,0,2,0.0,0,BB,ESP,Online TA,TA/TO,0,0,0,D,D,0,No Deposit,9.0,0,Transient,106.0,0,1
City Hotel,0,6,2016,January,5,29,2,2,2,0.0,0,BB,NLD,Offline TA/TO,TA/TO,0,0,0,A,A,0,No Deposit,121.0,0,Transient,72.0,0,0
City Hotel,0,60,2016,January,6,31,2,0,2,0.0,0,BB,FRA,Offline TA/TO,TA/TO,0,0,0,A,D,0,No Deposit,28.0,0,Transient,60.0,0,1
City Hotel,0,9,2016,January,5,30,2,1,2,0.0,0,SC,ITA,Online TA,TA/TO,0,0,0,A,A,0,No Deposit,9.0,0,Transient,81.0,0,1
City Hotel,0,79,2016,January,5,30,2,1,2,0.0,0,BB,GBR,Online TA,TA/TO,0,0,0,A,A,0,No Deposit,89.0,0,Transient,64.64,0,0
City Hotel,0,8,2016,January,5,27,2,4,2,0.0,0,BB,PRT,Online TA,TA/TO,0,0,0,A,A,0,No Deposit,9.0,0,Transient,73.2,0,1
City Hotel,0,20,2016,January,5,30,2,1,2,0.0,0,BB,ITA,Online TA,TA/TO,0,0,0,A,A,0,No Deposit,9.0,0,Transient,89.0,0,1
City Hotel,0,20,2016,January,6,31,2,1,2,0.0,0,BB,FRA,Offline TA/TO,TA/TO,0,0,0,A,D,0,No Deposit,28.0,0,Transient,66.0,0,0
City Hotel,0,55,2016,January,6,31,2,1,2,0.0,0,BB,FRA,Offline TA/TO,TA/TO,0,0,0,A,D,0,No Deposit,28.0,0,Transient,60.0,0,1
City Hotel,0,0,2016,February,6,1,1,1,2,0.0,0,SC,FRA,Direct,Direct,0,0,0,A,A,1,No Deposit,,0,Transient,79.0,0,0
City Hotel,0,70,2016,January,5,27,2,5,2,0.0,0,BB,DEU,Offline TA/TO,TA/TO,0,0,0,D,D,0,No Deposit,27.0,0,Transient,52.0,0,0
City Hotel,0,9,2016,February,6,3,0,1,2,0.0,0,SC,USA,Online TA,TA/TO,0,0,0,A,A,0,No Deposit,9.0,0,Transient,90.0,0,0
City Hotel,0,4,2016,February,6,2,0,2,2,0.0,0,BB,PRT,Offline TA/TO,TA/TO,0,0,0,A,A,0,No Deposit,28.0,0,Transient,64.0,0,0
City Hotel,0,2,2016,January,6,31,2,2,2,0.0,0,BB,FRA,Online TA,TA/TO,0,0,0,A,A,0,No Deposit,9.0,0,Transient,102.0,0,1
City Hotel,0,22,2016,February,6,2,0,2,2,0.0,0,BB,PRT,Complementary,Direct,0,0,0,A,A,0,No Deposit,,0,Transient,0.0,0,0
City Hotel,0,10,2016,February,6,2,0,2,2,0.0,0,BB,GBR,Online TA,TA/TO,0,0,0,A,D,0,No Deposit,9.0,0,Transient,92.0,0,0
City Hotel,0,20,2016,February,6,1,1,2,2,0.0,0,SC,GBR,Online TA,TA/TO,0,0,0,A,A,0,No Deposit,9.0,0,Transient,77.0,0,1
City Hotel,0,5,2016,February,6,2,0,3,2,0.0,0,BB,FRA,Offline TA/TO,TA/TO,0,0,0,A,D,0,No Deposit,28.0,0,Transient,64.0,0,0
City Hotel,0,0,2016,February,6,3,0,2,2,0.0,0,BB,FRA,Direct,Direct,0,0,0,A,A,0,No Deposit,,0,Transient,91.0,0,0
City Hotel,0,13,2016,February,6,1,1,3,2,0.0,0,BB,FRA,Offline TA/TO,TA/TO,0,0,0,A,A,0,No Deposit,28.0,0,Transient,66.0,0,0
City Hotel,0,5,2016,February,6,1,1,3,2,0.0,0,BB,FRA,Offline TA/TO,TA/TO,0,0,0,A,A,0,No Deposit,28.0,0,Transient,66.0,0,0
City Hotel,0,3,2016,February,6,4,0,1,2,0.0,0,BB,CHE,Online TA,TA/TO,0,0,0,A,A,0,No Deposit,9.0,0,Transient,93.0,0,1
City Hotel,0,5,2016,February,6,4,0,1,2,0.0,0,BB,PRT,Offline TA/TO,TA/TO,0,0,0,A,A,0,No Deposit,28.0,0,Transient,66.0,0,2
City Hotel,0,0,2016,February,6,3,0,2,2,0.0,0,BB,PRT,Direct,Direct,0,0,0,B,B,1,No Deposit,,0,Transient-Party,22.5,1,0
City Hotel,0,31,2016,February,6,4,0,1,2,0.0,0,BB,PRT,Corporate,Corporate,0,0,0,A,A,1,No Deposit,,0,Transient-Party,77.0,0,0
City Hotel,0,31,2016,February,6,4,0,2,2,0.0,0,BB,PRT,Corporate,Corporate,0,0,0,A,A,0,No Deposit,,0,Transient-Party,77.0,0,0
City Hotel,0,4,2016,February,6,4,0,2,2,0.0,0,BB,DEU,Online TA,TA/TO,0,0,0,A,A,0,No Deposit,7.0,0,Transient,72.07,0,1
City Hotel,0,11,2016,February,6,5,0,1,2,0.0,0,SC,CHN,Online TA,TA/TO,0,0,0,A,A,0,No Deposit,9.0,0,Transient,90.0,1,0
City Hotel,0,31,2016,February,6,4,0,2,2,0.0,0,BB,PRT,Corporate,Corporate,0,0,0,A,A,1,No Deposit,,0,Transient-Party,81.5,0,0
City Hotel,0,31,2016,February,6,4,0,2,2,0.0,0,BB,PRT,Corporate,Corporate,0,0,0,A,A,1,No Deposit,,0,Transient-Party,77.0,0,0
City Hotel,0,31,2016,February,6,4,0,2,2,0.0,0,BB,PRT,Corporate,Corporate,0,0,0,A,A,0,No Deposit,,0,Transient-Party,81.5,0,0
City Hotel,0,14,2016,February,6,3,0,3,2,0.0,0,BB,PRT,Online TA,TA/TO,0,0,0,D,D,0,No Deposit,8.0,0,Transient,82.8,0,1
City Hotel,0,35,2016,November,48,22,0,2,2,0.0,0,BB,PRT,Offline TA/TO,TA/TO,1,0,0,A,A,0,No Deposit,85.0,0,Transient,72.0,0,0
City Hotel,0,31,2016,February,6,4,0,2,2,0.0,0,BB,PRT,Corporate,Corporate,0,0,0,A,A,0,No Deposit,,0,Transient-Party,77.0,0,0
City Hotel,0,31,2016,February,6,4,0,2,2,0.0,0,BB,PRT,Corporate,Corporate,0,0,0,A,A,0,No Deposit,,0,Transient-Party,77.0,0,0
City Hotel,0,4,2016,February,6,4,0,2,2,0.0,0,BB,DEU,Online TA,TA/TO,0,0,0,A,D,0,No Deposit,9.0,0,Transient,93.0,0,1
City Hotel,0,34,2016,January,6,31,2,4,2,0.0,0,BB,DEU,Offline TA/TO,TA/TO,0,0,0,A,A,0,No Deposit,27.0,0,Transient,50.33,0,0
City Hotel,0,0,2016,February,6,5,0,1,2,0.0,0,SC,PRT,Direct,Direct,0,0,0,A,A,0,No Deposit,,0,Transient,0.0,0,0
City Hotel,0,4,2016,February,6,3,0,4,2,0.0,0,BB,TUN,Offline TA/TO,TA/TO,0,0,0,E,F,0,No Deposit,138.0,0,Transient,85.98,0,0
City Hotel,0,59,2016,February,6,4,0,3,2,0.0,0,BB,FRA,Offline TA/TO,TA/TO,0,0,0,A,D,0,No Deposit,28.0,0,Transient,60.0,0,0
City Hotel,0,6,2016,February,6,4,0,3,2,0.0,0,BB,PRT,Offline TA/TO,TA/TO,0,0,0,A,A,0,No Deposit,28.0,0,Transient,66.0,0,0
City Hotel,0,10,2016,February,6,6,0,1,2,0.0,0,BB,CHN,Online TA,TA/TO,0,0,0,A,A,0,No Deposit,9.0,0,Transient,93.0,0,1
City Hotel,0,16,2016,February,6,5,0,2,2,0.0,0,BB,CHE,Online TA,TA/TO,0,0,0,D,D,0,No Deposit,8.0,0,Transient,82.8,0,0
City Hotel,0,8,2016,February,6,5,0,2,2,0.0,0,BB,DEU,Online TA,TA/TO,0,0,0,A,A,0,No Deposit,8.0,0,Transient,93.0,0,1
City Hotel,0,26,2016,February,6,3,0,4,2,0.0,0,BB,FRA,Online TA,TA/TO,0,0,0,A,A,0,No Deposit,9.0,0,Transient,89.0,0,1
City Hotel,0,0,2016,February,6,4,0,3,2,0.0,0,BB,DEU,Online TA,TA/TO,0,0,0,A,A,0,No Deposit,9.0,0,Transient,98.33,0,0
City Hotel,0,1,2016,February,6,6,0,1,2,0.0,0,BB,PRT,Direct,Direct,0,0,0,D,D,0,No Deposit,14.0,0,Transient,102.0,0,0
City Hotel,0,1,2016,March,13,26,0,1,2,0.0,0,SC,PRT,Direct,Direct,1,0,1,A,A,0,No Deposit,,0,Group,139.0,0,1
City Hotel,0,2,2016,February,6,6,0,1,2,0.0,0,SC,ESP,Online TA,TA/TO,0,0,0,A,A,0,No Deposit,9.0,0,Transient-Party,81.0,0,1
City Hotel,0,13,2016,February,6,3,0,4,2,0.0,0,BB,DNK,Corporate,Corporate,0,0,0,E,E,1,No Deposit,,0,Transient-Party,96.0,0,0
City Hotel,0,14,2016,February,6,4,0,3,2,0.0,0,BB,GRC,Corporate,Corporate,0,0,0,G,G,1,No Deposit,,0,Transient-Party,112.0,0,0
City Hotel,0,1,2016,February,6,6,0,1,2,0.0,0,SC,PRT,Online TA,TA/TO,0,0,0,A,A,0,No Deposit,9.0,0,Transient,81.0,0,1
City Hotel,0,4,2016,February,6,6,0,1,2,0.0,0,SC,PRT,Online TA,TA/TO,0,0,0,A,A,0,No Deposit,9.0,0,Transient,81.0,0,0
City Hotel,0,6,2016,February,6,5,0,2,2,0.0,0,SC,ITA,Online TA,TA/TO,0,0,0,A,A,2,No Deposit,9.0,0,Transient-Party,81.0,0,0
City Hotel,0,4,2016,February,6,5,0,2,2,0.0,0,SC,RUS,Online TA,TA/TO,0,0,0,A,A,0,No Deposit,9.0,0,Transient,81.0,0,0
City Hotel,0,26,2016,February,6,5,0,2,2,0.0,0,SC,DEU,Online TA,TA/TO,0,0,0,A,A,0,No Deposit,9.0,0,Transient,77.0,0,1
City Hotel,0,11,2016,February,6,6,0,1,2,0.0,0,BB,PRT,Online TA,TA/TO,0,0,0,A,A,0,No Deposit,9.0,0,Transient,93.0,0,1
City Hotel,0,70,2016,February,6,5,0,2,2,0.0,0,SC,GBR,Online TA,TA/TO,0,0,0,A,A,0,No Deposit,8.0,0,Transient,69.5,0,0
City Hotel,0,12,2016,February,6,5,0,2,2,0.0,0,BB,CHE,Online TA,TA/TO,0,0,0,A,A,0,No Deposit,9.0,0,Transient,93.0,0,1
City Hotel,0,1,2016,February,6,5,0,2,2,0.0,0,BB,FRA,Online TA,TA/TO,0,0,0,A,A,0,No Deposit,9.0,0,Transient,92.0,0,0
City Hotel,0,17,2016,February,6,5,0,2,2,0.0,0,SC,ARM,Online TA,TA/TO,0,0,0,A,A,1,No Deposit,9.0,0,Transient,65.2,0,0
City Hotel,0,2,2016,February,6,6,0,1,2,0.0,0,SC,ESP,Online TA,TA/TO,0,0,0,A,A,0,No Deposit,9.0,0,Transient-Party,81.0,0,1
City Hotel,0,2,2016,February,6,6,0,1,2,0.0,0,BB,PRT,Online TA,TA/TO,0,0,0,A,A,0,No Deposit,11.0,0,Transient,74.8,0,0
City Hotel,0,22,2016,February,6,4,0,3,2,0.0,0,BB,PRT,Online TA,TA/TO,0,0,0,A,A,0,No Deposit,11.0,0,Transient,71.6,0,1
City Hotel,0,129,2016,February,6,4,0,3,2,0.0,0,BB,GBR,Offline TA/TO,TA/TO,0,0,0,D,D,0,No Deposit,28.0,0,Group,62.0,0,0
City Hotel,0,6,2016,February,6,5,0,2,2,0.0,0,BB,ITA,Online TA,TA/TO,0,0,0,D,D,1,No Deposit,9.0,0,Transient,108.0,0,0
City Hotel,0,9,2016,February,6,4,1,3,2,0.0,0,BB,ISR,Direct,Direct,0,0,0,A,A,0,No Deposit,,0,Transient,91.0,0,0
City Hotel,0,0,2016,February,7,7,1,0,2,0.0,0,SC,FRA,Direct,Direct,0,0,0,A,A,0,No Deposit,,0,Transient,79.0,0,0
City Hotel,0,0,2016,February,7,7,1,0,2,0.0,0,SC,FRA,Online TA,TA/TO,0,0,0,A,A,0,No Deposit,9.0,0,Transient,79.0,0,0
City Hotel,0,58,2016,February,6,3,1,4,2,0.0,0,BB,FRA,Offline TA/TO,TA/TO,0,0,0,A,D,0,No Deposit,28.0,0,Transient,60.0,0,0
City Hotel,0,9,2016,February,6,5,1,2,2,0.0,0,BB,FRA,Offline TA/TO,TA/TO,0,0,0,A,A,0,No Deposit,28.0,0,Transient,66.0,0,0
City Hotel,0,61,2016,February,6,3,1,4,2,0.0,0,BB,FRA,Offline TA/TO,TA/TO,0,0,0,A,D,0,No Deposit,28.0,0,Transient,60.0,0,0
City Hotel,0,58,2016,February,6,5,1,2,2,0.0,0,BB,PRT,Offline TA/TO,TA/TO,0,0,0,A,D,0,No Deposit,28.0,0,Transient,60.0,0,0
City Hotel,0,85,2016,February,6,3,1,4,2,0.0,0,BB,DEU,Online TA,TA/TO,0,0,0,A,A,0,No Deposit,10.0,0,Transient,71.0,0,0
City Hotel,0,81,2016,February,6,6,1,1,2,0.0,0,BB,FRA,Direct,Direct,0,0,0,A,A,0,No Deposit,14.0,0,Transient,77.0,0,1
City Hotel,0,81,2016,February,6,6,1,1,2,0.0,0,BB,FRA,Direct,Direct,0,0,0,A,A,0,No Deposit,14.0,0,Transient,77.0,0,1
City Hotel,0,8,2016,February,6,3,1,4,2,0.0,0,BB,DEU,Offline TA/TO,TA/TO,0,0,0,A,A,0,No Deposit,138.0,0,Transient,65.58,0,0
City Hotel,0,15,2016,February,6,5,1,2,2,0.0,0,BB,AUT,Corporate,Corporate,0,0,0,E,F,2,No Deposit,,0,Transient-Party,97.0,0,0
City Hotel,0,2,2016,February,6,6,1,1,2,0.0,0,BB,HRV,Online TA,TA/TO,0,0,0,A,A,0,No Deposit,9.0,0,Transient,102.0,1,1
City Hotel,0,16,2016,February,6,3,1,4,2,0.0,0,BB,GRC,Online TA,TA/TO,0,0,0,A,A,0,No Deposit,9.0,0,Transient,74.8,0,1
City Hotel,0,16,2016,February,6,5,1,2,2,0.0,0,BB,SWE,Online TA,TA/TO,0,0,0,D,D,0,No Deposit,7.0,0,Transient,64.22,0,0
City Hotel,0,95,2016,February,6,5,1,2,2,0.0,0,BB,NLD,Offline TA/TO,TA/TO,0,0,0,A,A,0,No Deposit,121.0,0,Transient,72.0,0,0
City Hotel,0,73,2016,February,6,4,1,3,2,0.0,0,BB,PRT,Direct,Direct,0,0,0,A,A,0,No Deposit,14.0,0,Transient,65.75,0,0
City Hotel,0,2,2016,February,6,6,1,1,2,0.0,0,HB,PRT,Direct,Direct,0,0,0,A,A,0,No Deposit,,0,Transient,131.0,0,1
City Hotel,0,0,2016,February,7,8,0,0,2,0.0,0,BB,PRT,Direct,Direct,1,0,0,A,D,0,No Deposit,,0,Transient,0.0,0,0
City Hotel,0,27,2016,February,6,4,2,3,2,0.0,0,BB,GBR,Online TA,TA/TO,0,0,0,A,A,0,No Deposit,7.0,0,Transient,66.31,0,1
City Hotel,0,14,2016,February,7,8,1,0,2,0.0,0,SC,GBR,Online TA,TA/TO,0,0,0,A,A,0,No Deposit,9.0,0,Transient,90.0,1,1
City Hotel,0,40,2016,February,6,6,2,1,2,0.0,0,BB,DEU,Offline TA/TO,TA/TO,0,0,0,A,A,0,No Deposit,27.0,0,Transient,40.67,0,0
City Hotel,0,4,2016,February,7,7,2,0,2,0.0,0,BB,ESP,Online TA,TA/TO,0,0,0,A,A,0,No Deposit,9.0,0,Transient,102.0,1,1
City Hotel,0,28,2016,February,6,6,2,1,2,0.0,0,BB,DEU,Online TA,TA/TO,0,0,0,A,A,0,No Deposit,9.0,0,Transient-Party,84.3,0,2
City Hotel,0,11,2016,February,6,6,2,1,2,0.0,0,SC,BRA,Online TA,TA/TO,0,0,0,A,A,0,No Deposit,9.0,0,Transient,81.0,0,1
City Hotel,0,4,2016,February,7,7,2,0,2,0.0,0,BB,ITA,Offline TA/TO,TA/TO,0,0,0,A,D,0,No Deposit,28.0,0,Transient,87.0,0,0
City Hotel,0,4,2016,February,7,7,2,0,2,0.0,0,BB,ITA,Offline TA/TO,TA/TO,0,0,0,A,D,0,No Deposit,28.0,0,Transient,87.0,0,0
City Hotel,0,28,2016,February,6,5,2,2,2,0.0,0,BB,NLD,Online TA,TA/TO,0,0,0,B,B,1,No Deposit,9.0,0,Transient-Party,77.39,0,1
City Hotel,0,28,2016,February,6,5,2,2,2,0.0,0,BB,BEL,Online TA,TA/TO,0,0,0,A,A,1,No Deposit,9.0,0,Transient-Party,84.65,0,0
City Hotel,0,17,2016,February,7,7,2,0,2,0.0,0,BB,BRA,Online TA,TA/TO,0,0,0,A,A,0,No Deposit,7.0,0,Transient,81.07,0,1
City Hotel,0,0,2016,February,7,8,1,0,2,0.0,0,BB,PRT,Direct,Direct,0,0,0,D,D,0,No Deposit,,0,Transient,0.0,0,0
City Hotel,0,23,2016,February,7,7,2,1,2,0.0,0,BB,BRA,Offline TA/TO,TA/TO,0,0,0,A,A,0,No Deposit,85.0,0,Transient,66.0,0,0
City Hotel,0,23,2016,February,7,7,2,1,2,0.0,0,BB,BRA,Offline TA/TO,TA/TO,0,0,0,A,A,0,No Deposit,85.0,0,Transient,66.0,0,0
City Hotel,0,8,2016,February,7,9,0,1,2,0.0,0,BB,DEU,Online TA,TA/TO,0,0,0,A,A,0,No Deposit,7.0,0,Transient,72.07,0,1
City Hotel,0,64,2016,February,7,7,2,1,2,0.0,0,BB,GBR,Offline TA/TO,TA/TO,0,0,0,A,A,0,No Deposit,22.0,0,Transient,65.0,0,0
City Hotel,0,1,2016,February,7,7,2,1,2,0.0,0,BB,FRA,Offline TA/TO,TA/TO,0,0,0,D,D,1,No Deposit,28.0,0,Group,51.5,0,0
City Hotel,0,20,2016,February,7,7,2,1,2,0.0,0,BB,CHE,Online TA,TA/TO,0,0,0,A,A,0,No Deposit,9.0,0,Transient,93.0,0,2
City Hotel,0,20,2016,February,7,7,2,1,2,0.0,0,BB,CHE,Online TA,TA/TO,0,0,0,A,A,1,No Deposit,9.0,0,Transient,93.0,0,2
City Hotel,0,20,2016,February,7,7,2,1,2,0.0,0,BB,LKA,Online TA,TA/TO,0,0,0,A,A,0,No Deposit,9.0,0,Transient,93.0,0,2
City Hotel,1,10,2016,February,7,9,0,2,2,0.0,0,BB,LUX,Online TA,TA/TO,0,0,0,A,A,0,No Deposit,9.0,0,Transient-Party,93.0,0,1
City Hotel,1,10,2016,February,7,9,0,3,2,0.0,0,BB,LUX,Online TA,TA/TO,0,0,0,A,A,0,No Deposit,9.0,0,Transient-Party,93.0,0,1
City Hotel,0,68,2016,February,6,6,2,2,2,0.0,0,SC,MYS,Online TA,TA/TO,0,0,0,A,A,0,No Deposit,7.0,0,Transient,51.09,0,0
City Hotel,0,19,2016,February,7,7,2,1,2,0.0,0,BB,ESP,Online TA,TA/TO,0,0,0,D,D,0,No Deposit,8.0,0,Transient,82.8,0,2
City Hotel,0,19,2016,February,7,7,2,1,2,0.0,0,BB,ESP,Online TA,TA/TO,0,0,0,D,D,0,No Deposit,8.0,0,Transient,82.13,0,2
City Hotel,0,0,2016,February,7,8,1,1,2,0.0,0,SC,ITA,Direct,Direct,0,0,0,A,A,1,No Deposit,,0,Transient,84.0,0,0
City Hotel,0,48,2016,February,7,7,2,1,2,0.0,0,BB,FRA,Offline TA/TO,TA/TO,0,0,0,A,A,0,No Deposit,28.0,0,Transient,74.0,0,0
City Hotel,0,2,2016,February,7,8,1,1,2,0.0,0,BB,ITA,Direct,Direct,0,0,0,D,D,0,No Deposit,,0,Transient-Party,102.0,0,1
City Hotel,0,20,2016,February,7,8,1,1,2,0.0,0,BB,FRA,Online TA,TA/TO,0,0,0,A,A,0,No Deposit,9.0,0,Transient,83.8,0,1
City Hotel,0,132,2016,February,7,7,2,1,2,0.0,0,BB,CHE,Offline TA/TO,TA/TO,0,0,0,D,D,0,No Deposit,28.0,0,Group,62.0,0,0
City Hotel,0,12,2016,February,6,6,2,2,2,0.0,0,SC,FRA,Online TA,TA/TO,0,0,0,A,A,0,No Deposit,15.0,0,Transient,55.72,0,0
City Hotel,0,59,2016,February,6,6,2,2,2,0.0,0,BB,AUT,Groups,TA/TO,0,0,0,A,A,0,No Deposit,1.0,0,Transient-Party,62.0,0,0
City Hotel,0,59,2016,February,6,6,2,2,2,0.0,0,BB,AUT,Groups,TA/TO,0,0,0,A,D,0,No Deposit,1.0,0,Transient-Party,62.0,0,0
City Hotel,0,59,2016,February,6,6,2,2,2,0.0,0,BB,AUT,Groups,TA/TO,0,0,0,A,A,0,No Deposit,1.0,0,Transient-Party,62.0,0,0
City Hotel,0,59,2016,February,6,6,2,2,2,0.0,0,BB,AUT,Groups,TA/TO,0,0,0,A,D,0,No Deposit,1.0,0,Transient-Party,62.0,0,0
City Hotel,0,59,2016,February,6,6,2,2,2,0.0,0,BB,AUT,Groups,TA/TO,0,0,0,A,A,0,No Deposit,1.0,0,Transient-Party,62.0,0,0
City Hotel,0,59,2016,February,6,6,2,2,2,0.0,0,BB,AUT,Groups,TA/TO,0,0,0,A,A,0,No Deposit,1.0,0,Transient-Party,62.0,0,0
City Hotel,0,59,2016,February,6,6,2,2,2,0.0,0,BB,AUT,Groups,TA/TO,0,0,0,A,A,0,No Deposit,1.0,0,Transient-Party,62.0,0,0
City Hotel,0,3,2016,February,7,9,0,1,2,0.0,0,HB,PRT,Direct,Direct,0,0,0,A,A,0,No Deposit,,0,Transient,127.0,0,1
City Hotel,0,1,2016,February,6,4,2,4,2,0.0,0,SC,ITA,Online TA,TA/TO,0,0,0,A,A,0,No Deposit,9.0,0,Transient,90.0,1,1
City Hotel,0,59,2016,February,6,6,2,2,2,0.0,0,BB,AUT,Groups,TA/TO,0,0,0,A,A,0,No Deposit,1.0,0,Transient-Party,62.0,0,0
City Hotel,0,59,2016,February,6,6,2,2,2,0.0,0,BB,AUT,Groups,TA/TO,0,0,0,A,A,0,No Deposit,1.0,0,Transient-Party,62.0,0,0
City Hotel,0,59,2016,February,6,6,2,2,2,0.0,0,BB,AUT,Groups,TA/TO,0,0,0,A,A,0,No Deposit,1.0,0,Transient-Party,62.0,0,0
City Hotel,0,59,2016,February,6,6,2,2,2,0.0,0,BB,AUT,Groups,TA/TO,0,0,0,A,D,0,No Deposit,1.0,0,Transient-Party,62.0,0,0
City Hotel,0,18,2016,February,7,7,2,1,2,0.0,0,BB,DEU,Online TA,TA/TO,0,0,0,D,D,0,No Deposit,9.0,0,Transient,82.8,0,1
City Hotel,0,59,2016,February,6,6,2,2,2,0.0,0,BB,AUT,Groups,TA/TO,0,0,0,A,A,0,No Deposit,1.0,0,Transient-Party,62.0,0,0
City Hotel,0,59,2016,February,6,6,2,2,2,0.0,0,BB,AUT,Groups,TA/TO,0,0,0,A,A,0,No Deposit,1.0,0,Transient-Party,62.0,0,0
City Hotel,0,59,2016,February,6,6,2,2,2,0.0,0,BB,AUT,Groups,TA/TO,0,0,0,A,A,0,No Deposit,1.0,0,Transient-Party,62.0,0,0
City Hotel,0,59,2016,February,6,6,2,2,2,0.0,0,BB,AUT,Groups,TA/TO,0,0,0,A,A,0,No Deposit,1.0,0,Transient-Party,62.0,0,0
City Hotel,0,1,2016,February,7,9,0,1,2,0.0,0,BB,EGY,Direct,Direct,0,0,0,A,A,1,No Deposit,,0,Transient,91.0,0,0
City Hotel,0,59,2016,February,6,6,2,2,2,0.0,0,BB,AUT,Groups,TA/TO,0,0,0,A,D,0,No Deposit,1.0,0,Transient-Party,62.0,0,0
City Hotel,0,59,2016,February,6,6,2,2,2,0.0,0,BB,AUT,Groups,TA/TO,0,0,0,A,A,0,No Deposit,1.0,0,Transient-Party,62.0,0,0
City Hotel,0,59,2016,February,6,6,2,2,2,0.0,0,BB,AUT,Groups,TA/TO,0,0,0,A,A,0,No Deposit,1.0,0,Transient-Party,62.0,0,0
City Hotel,0,59,2016,February,6,6,2,2,2,0.0,0,BB,AUT,Groups,TA/TO,0,0,0,A,A,0,No Deposit,1.0,0,Transient-Party,62.0,0,0
City Hotel,0,59,2016,February,6,6,2,2,2,0.0,0,BB,PRT,Groups,TA/TO,0,0,0,A,A,0,No Deposit,1.0,0,Transient-Party,62.0,0,0
City Hotel,0,59,2016,February,6,6,2,2,2,0.0,0,BB,AUT,Groups,TA/TO,0,0,0,A,A,0,No Deposit,1.0,0,Transient-Party,62.0,0,0
City Hotel,0,59,2016,February,6,6,2,2,2,0.0,0,BB,AUT,Groups,TA/TO,0,0,0,A,A,0,No Deposit,1.0,0,Transient-Party,62.0,0,0
City Hotel,0,59,2016,February,6,6,2,2,2,0.0,0,BB,AUT,Groups,TA/TO,0,0,0,A,A,0,No Deposit,1.0,0,Transient-Party,62.0,0,0
City Hotel,0,59,2016,February,6,6,2,2,2,0.0,0,BB,AUT,Groups,TA/TO,0,0,0,A,A,0,No Deposit,1.0,0,Transient-Party,62.0,0,0
City Hotel,0,59,2016,February,6,6,2,2,2,0.0,0,BB,AUT,Groups,TA/TO,0,0,0,A,D,0,No Deposit,1.0,0,Transient-Party,62.0,0,0
City Hotel,0,59,2016,February,6,6,2,2,2,0.0,0,BB,AUT,Groups,TA/TO,0,0,0,A,D,0,No Deposit,1.0,0,Transient-Party,62.0,0,0
City Hotel,0,59,2016,February,6,6,2,2,2,0.0,0,BB,AUT,Groups,TA/TO,0,0,0,A,A,0,No Deposit,1.0,0,Transient-Party,62.0,0,0
City Hotel,0,59,2016,February,6,6,2,2,2,0.0,0,BB,AUT,Groups,TA/TO,0,0,0,A,A,0,No Deposit,1.0,0,Transient-Party,62.0,0,0
City Hotel,0,59,2016,February,6,6,2,2,2,0.0,0,BB,AUT,Groups,TA/TO,0,0,0,A,A,0,No Deposit,1.0,0,Transient-Party,62.0,0,0
City Hotel,0,59,2016,February,6,6,2,2,2,0.0,0,BB,AUT,Groups,TA/TO,0,0,0,A,A,0,No Deposit,1.0,0,Transient-Party,62.0,0,0
City Hotel,0,59,2016,February,6,6,2,2,2,0.0,0,BB,AUT,Groups,TA/TO,0,0,0,A,A,0,No Deposit,1.0,0,Transient-Party,62.0,0,0
City Hotel,0,0,2016,February,7,10,0,0,2,0.0,0,BB,PRT,Online TA,TA/TO,1,0,0,A,K,0,No Deposit,9.0,0,Transient-Party,0.0,0,1
City Hotel,0,20,2016,February,7,8,1,1,2,0.0,0,BB,FRA,Online TA,TA/TO,0,0,0,A,A,0,No Deposit,9.0,0,Transient,74.8,0,1
City Hotel,0,19,2016,February,7,7,2,1,2,0.0,0,BB,ESP,Online TA,TA/TO,0,0,0,D,D,0,No Deposit,8.0,0,Transient,82.8,0,2
City Hotel,0,10,2016,February,7,8,1,1,2,0.0,0,BB,PRT,Direct,Direct,0,0,0,A,A,0,No Deposit,,0,Transient,2.0,0,1
City Hotel,0,26,2016,February,7,7,2,2,2,0.0,0,BB,FRA,Online TA,TA/TO,0,0,0,A,A,0,No Deposit,11.0,0,Transient,64.64,0,0
City Hotel,0,19,2016,February,7,8,1,2,2,0.0,0,BB,DEU,Offline TA/TO,TA/TO,0,0,0,D,E,2,No Deposit,27.0,0,Transient,48.67,0,0
City Hotel,0,25,2016,February,7,7,2,2,2,0.0,0,BB,FRA,Online TA,TA/TO,0,0,0,A,A,0,No Deposit,11.0,0,Transient,64.64,0,0
City Hotel,0,9,2016,February,7,8,1,2,2,0.0,0,SC,GBR,Offline TA/TO,TA/TO,0,0,0,A,A,0,No Deposit,28.0,0,Transient,58.0,0,0
City Hotel,0,0,2016,February,7,10,0,1,2,0.0,0,SC,USA,Online TA,TA/TO,0,0,0,A,A,0,No Deposit,9.0,0,Transient,79.0,0,0
City Hotel,0,92,2016,February,7,9,0,2,2,0.0,0,BB,PRT,Online TA,TA/TO,0,0,0,A,A,0,No Deposit,9.0,0,Transient,69.5,0,1
City Hotel,0,4,2016,February,7,8,1,2,2,0.0,0,HB,BEL,Offline TA/TO,TA/TO,0,0,0,A,E,0,No Deposit,28.0,0,Transient,117.0,0,0
City Hotel,0,57,2016,February,7,7,2,2,2,0.0,0,BB,BEL,Direct,Direct,0,0,0,B,B,1,No Deposit,,0,Transient,65.0,0,1
City Hotel,0,57,2016,February,7,7,2,2,2,0.0,0,BB,BEL,Direct,Direct,0,0,0,B,B,0,No Deposit,,0,Transient,65.0,0,1
City Hotel,0,57,2016,February,7,7,2,2,2,0.0,0,BB,BEL,Direct,Direct,0,0,0,B,B,0,No Deposit,,0,Transient,65.0,0,1
City Hotel,0,57,2016,February,7,7,2,2,2,0.0,0,BB,BEL,Direct,Direct,0,0,0,B,B,0,No Deposit,,0,Transient,65.0,0,1
City Hotel,0,0,2016,February,7,10,0,1,2,0.0,0,BB,ESP,Online TA,TA/TO,0,0,0,D,A,0,No Deposit,9.0,0,Transient,106.0,0,2
City Hotel,0,3,2016,February,7,10,0,1,2,0.0,0,BB,PRT,Direct,Direct,0,0,0,A,A,0,No Deposit,14.0,0,Transient,91.0,0,0
City Hotel,0,3,2016,February,7,7,2,2,2,0.0,0,BB,NLD,Online TA,TA/TO,0,0,0,A,A,0,No Deposit,7.0,0,Transient,72.07,0,1
City Hotel,0,19,2016,February,7,9,0,2,2,0.0,0,BB,PRT,Direct,Direct,0,0,0,D,D,0,No Deposit,14.0,0,Transient,71.7,0,0
City Hotel,0,2,2016,February,7,10,0,1,2,0.0,0,BB,PRT,Corporate,Corporate,0,0,0,A,A,0,No Deposit,,0,Transient-Party,71.0,0,0
City Hotel,0,1,2016,February,6,5,2,4,2,0.0,0,BB,AGO,Online TA,TA/TO,0,0,0,D,D,0,No Deposit,9.0,0,Transient,106.0,0,1
City Hotel,0,29,2016,February,7,9,0,3,2,0.0,0,BB,FRA,Offline TA/TO,TA/TO,0,0,0,A,A,0,No Deposit,28.0,0,Transient,66.0,0,0
City Hotel,0,7,2016,February,7,8,1,3,2,0.0,0,SC,PRT,Online TA,TA/TO,0,0,0,A,A,0,No Deposit,9.0,0,Transient,81.0,0,1
City Hotel,0,0,2016,February,7,11,0,1,2,0.0,0,BB,USA,Direct,Direct,0,0,0,A,A,0,No Deposit,,0,Transient,91.0,0,0
City Hotel,0,41,2016,February,7,7,2,3,2,0.0,0,BB,DEU,Offline TA/TO,TA/TO,0,0,0,A,A,0,No Deposit,16.0,0,Transient,65.0,0,0
City Hotel,0,128,2016,February,6,5,2,5,2,0.0,0,BB,NLD,Offline TA/TO,TA/TO,0,0,0,A,A,0,No Deposit,27.0,0,Transient,43.43,0,1
City Hotel,0,128,2016,February,6,5,2,5,2,0.0,0,BB,NLD,Offline TA/TO,TA/TO,0,0,0,A,A,0,No Deposit,27.0,0,Transient,43.43,0,1
City Hotel,0,128,2016,February,6,5,2,5,2,0.0,0,BB,NLD,Offline TA/TO,TA/TO,0,0,0,A,A,0,No Deposit,27.0,0,Transient,43.43,0,1
City Hotel,0,5,2016,February,7,8,1,3,2,0.0,0,SC,ESP,Online TA,TA/TO,0,0,0,A,A,0,No Deposit,10.0,0,Transient,69.1,0,0
City Hotel,0,15,2016,February,7,11,0,1,2,0.0,0,BB,GBR,Online TA,TA/TO,0,0,0,A,A,0,No Deposit,8.0,0,Transient,100.0,0,1
City Hotel,0,28,2016,February,7,10,0,2,2,0.0,0,BB,BEL,Online TA,TA/TO,0,0,0,A,A,0,No Deposit,9.0,0,Transient,89.0,0,1
City Hotel,0,28,2016,February,7,8,1,3,2,0.0,0,BB,FRA,Online TA,TA/TO,0,0,0,A,A,0,No Deposit,89.0,0,Transient,66.0,0,0
City Hotel,0,1,2016,February,7,11,0,1,2,0.0,0,SC,BRA,Online TA,TA/TO,0,0,0,A,A,0,No Deposit,9.0,0,Transient,80.0,0,2
City Hotel,0,2,2016,February,7,10,0,2,2,0.0,0,BB,PRT,Corporate,Corporate,0,0,0,A,A,0,No Deposit,,0,Transient-Party,72.0,0,0
City Hotel,0,33,2016,February,7,10,0,3,2,0.0,0,BB,NLD,Online TA,TA/TO,0,0,0,A,A,1,No Deposit,9.0,0,Transient,84.57,0,1
City Hotel,0,0,2016,February,7,12,0,1,2,0.0,0,BB,FRA,Online TA,TA/TO,0,0,0,A,A,1,No Deposit,152.0,0,Transient,55.08,0,0
City Hotel,0,65,2016,February,7,10,0,3,2,0.0,0,BB,FRA,Offline TA/TO,TA/TO,0,0,0,A,D,0,No Deposit,28.0,0,Transient,60.0,0,0
City Hotel,0,4,2016,February,7,11,0,2,2,0.0,0,BB,ITA,Online TA,TA/TO,0,0,0,A,A,0,No Deposit,9.0,0,Transient,91.0,0,1
City Hotel,0,2,2016,February,7,12,0,1,2,0.0,0,BB,PRT,Complementary,Direct,0,0,0,A,A,0,No Deposit,,0,Transient,2.0,0,0
City Hotel,0,56,2016,February,7,8,1,4,2,0.0,0,BB,BEL,Offline TA/TO,TA/TO,0,0,0,A,D,0,No Deposit,28.0,0,Transient,60.0,0,1
City Hotel,0,21,2016,February,7,11,0,2,2,0.0,0,BB,ZAF,Online TA,TA/TO,0,0,0,A,A,0,No Deposit,9.0,0,Transient,102.0,1,1
City Hotel,0,1,2016,February,7,10,0,3,2,0.0,0,BB,CHN,Online TA,TA/TO,0,0,0,A,A,0,No Deposit,9.0,0,Transient-Party,91.33,0,0
City Hotel,0,0,2016,February,7,12,0,1,2,0.0,0,SC,BRA,Direct,Direct,0,0,0,A,A,0,No Deposit,,0,Transient,79.0,0,2
City Hotel,0,2,2016,February,7,10,0,3,2,0.0,0,BB,FRA,Offline TA/TO,TA/TO,0,0,0,A,D,0,No Deposit,28.0,0,Transient,82.0,0,0
City Hotel,0,29,2016,February,6,6,2,5,2,0.0,0,BB,NLD,Online TA,TA/TO,0,0,0,A,A,0,No Deposit,9.0,0,Transient,81.54,0,1
City Hotel,0,4,2016,February,7,12,0,1,2,0.0,0,SC,PRT,Online TA,TA/TO,0,0,0,A,A,0,No Deposit,9.0,0,Transient,79.0,0,0
City Hotel,0,66,2016,February,7,11,0,2,2,0.0,0,BB,PRT,Offline TA/TO,TA/TO,0,0,0,A,D,0,No Deposit,28.0,0,Transient,58.0,0,1
City Hotel,0,1,2016,February,7,12,0,1,2,0.0,0,BB,PRT,Direct,Direct,0,0,0,A,A,0,No Deposit,,0,Transient,89.0,0,2
City Hotel,0,1,2016,February,7,12,0,1,2,0.0,0,SC,PRT,Online TA,TA/TO,0,0,0,A,A,0,No Deposit,9.0,0,Transient,79.0,0,0
City Hotel,0,5,2016,February,7,12,0,1,2,0.0,0,SC,PRT,Online TA,TA/TO,0,0,0,A,A,0,No Deposit,9.0,0,Transient,80.0,0,0
City Hotel,0,25,2016,February,7,11,0,3,2,0.0,0,BB,FRA,Online TA,TA/TO,0,0,0,A,A,0,No Deposit,9.0,0,Transient,93.0,0,1
City Hotel,0,24,2016,February,7,11,0,3,2,0.0,0,BB,DEU,Offline TA/TO,TA/TO,0,0,0,D,D,0,No Deposit,27.0,0,Transient,46.67,0,1
City Hotel,0,14,2016,February,7,7,2,5,2,0.0,0,SC,FRA,Online TA,TA/TO,0,0,0,A,A,0,No Deposit,9.0,0,Transient,81.0,0,1
City Hotel,0,29,2016,February,7,12,0,2,2,0.0,0,BB,IRL,Online TA,TA/TO,0,0,0,A,A,0,No Deposit,9.0,0,Transient,86.45,0,1
City Hotel,0,1,2016,February,7,13,0,1,2,0.0,0,BB,AGO,Direct,Direct,0,0,0,E,E,0,No Deposit,,0,Transient,105.0,1,1
City Hotel,0,18,2016,November,46,10,0,3,2,0.0,0,BB,AGO,Online TA,Direct,1,0,1,A,A,1,No Deposit,9.0,0,Transient,123.33,0,1
City Hotel,0,13,2016,February,7,12,0,2,2,0.0,0,SC,ESP,Online TA,TA/TO,0,0,0,A,A,0,No Deposit,9.0,0,Transient,79.0,0,1
City Hotel,0,4,2016,February,7,12,0,2,2,0.0,0,SC,ESP,Online TA,TA/TO,0,0,0,A,A,0,No Deposit,9.0,0,Transient-Party,88.0,0,1
City Hotel,0,8,2016,February,7,12,0,2,2,0.0,0,SC,PRT,Online TA,TA/TO,0,0,0,A,A,0,No Deposit,9.0,0,Transient,81.0,0,0
City Hotel,0,0,2016,February,7,12,0,2,2,0.0,0,SC,FRA,Online TA,TA/TO,0,0,0,A,A,0,No Deposit,9.0,0,Transient-Party,79.0,0,0
City Hotel,0,0,2016,February,7,12,0,2,2,0.0,0,SC,FRA,Online TA,TA/TO,0,0,0,A,A,0,No Deposit,9.0,0,Transient-Party,79.0,0,0
City Hotel,0,21,2016,February,7,12,0,2,2,0.0,0,SC,BEL,Online TA,TA/TO,0,0,0,A,A,0,No Deposit,10.0,0,Transient,79.0,0,0
City Hotel,0,36,2016,February,7,11,0,3,2,0.0,0,BB,FRA,Offline TA/TO,TA/TO,0,0,0,A,A,0,No Deposit,28.0,0,Transient,64.0,0,0
City Hotel,0,21,2016,February,7,11,0,3,2,0.0,0,BB,DEU,Online TA,TA/TO,0,0,0,D,D,0,No Deposit,7.0,0,Transient,64.22,0,1
City Hotel,0,7,2016,February,7,11,0,3,2,0.0,0,HB,FRA,Offline TA/TO,TA/TO,0,0,0,A,B,0,No Deposit,28.0,0,Transient-Party,116.0,0,1
City Hotel,0,2,2016,February,7,12,0,2,2,0.0,0,BB,FRA,Offline TA/TO,TA/TO,0,0,0,A,D,0,No Deposit,28.0,0,Transient,87.0,0,0
City Hotel,0,7,2016,February,7,10,0,4,2,0.0,0,BB,ITA,Online TA,TA/TO,0,0,0,A,A,0,No Deposit,9.0,0,Transient,93.0,0,0
City Hotel,0,22,2016,February,7,12,0,2,2,0.0,0,BB,PRT,Direct,Direct,0,0,0,D,D,0,No Deposit,,0,Transient,76.5,0,2
City Hotel,0,12,2016,February,7,13,0,1,2,0.0,0,BB,PRT,Direct,Direct,0,0,0,E,E,0,No Deposit,14.0,0,Transient,125.0,0,1
City Hotel,0,34,2016,February,7,13,0,1,2,0.0,0,BB,BRA,Online TA,TA/TO,0,0,0,A,A,0,No Deposit,9.0,0,Transient,78.3,0,1
City Hotel,0,2,2016,February,7,13,0,1,2,0.0,0,HB,PRT,Direct,Direct,0,0,0,D,D,0,No Deposit,,0,Transient,142.0,1,2
City Hotel,0,4,2016,February,7,13,0,1,2,0.0,0,SC,PRT,Online TA,TA/TO,0,0,0,A,A,0,No Deposit,9.0,0,Transient-Party,90.0,0,0
City Hotel,0,4,2016,February,7,13,0,1,2,0.0,0,SC,PRT,Online TA,TA/TO,0,0,0,A,A,0,No Deposit,9.0,0,Transient-Party,81.0,0,0
City Hotel,0,1,2016,February,7,13,0,1,2,0.0,0,BB,PRT,Direct,Direct,0,0,0,D,D,0,No Deposit,,0,Transient,95.0,0,2
City Hotel,0,72,2016,February,7,12,0,2,2,0.0,0,BB,FRA,Offline TA/TO,TA/TO,0,0,0,A,D,0,No Deposit,28.0,0,Transient,60.0,0,1
City Hotel,0,2,2016,February,7,13,0,1,2,0.0,0,BB,FRA,Online TA,TA/TO,0,0,0,A,A,1,No Deposit,9.0,0,Transient,102.0,1,1
City Hotel,0,2,2016,February,7,13,0,1,2,0.0,0,BB,PRT,Online TA,TA/TO,0,0,0,A,A,0,No Deposit,9.0,0,Transient,91.0,0,1
City Hotel,0,11,2016,February,7,13,0,1,2,0.0,0,BB,PRT,Online TA,TA/TO,0,0,0,A,A,0,No Deposit,9.0,0,Transient,91.0,0,1
City Hotel,0,35,2016,February,7,12,0,2,2,0.0,0,BB,POL,Online TA,TA/TO,0,0,0,A,A,0,No Deposit,9.0,0,Transient,80.3,0,1
City Hotel,0,35,2016,February,7,11,0,3,2,0.0,0,BB,FRA,Online TA,TA/TO,0,0,0,D,D,0,No Deposit,9.0,0,Transient,89.3,0,1
City Hotel,0,9,2016,February,7,12,0,2,2,0.0,0,SC,BEL,Online TA,TA/TO,0,0,0,A,A,0,No Deposit,9.0,0,Transient,81.0,0,1
City Hotel,0,5,2016,February,7,12,0,2,2,0.0,0,SC,ESP,Online TA,TA/TO,0,0,0,A,A,0,No Deposit,9.0,0,Transient,79.0,0,1
City Hotel,0,24,2016,February,7,13,0,1,2,0.0,0,BB,PRT,Direct,Direct,0,0,0,D,D,0,No Deposit,14.0,0,Transient,76.5,0,2
City Hotel,0,1,2016,February,7,13,0,1,2,0.0,0,SC,PRT,Online TA,TA/TO,0,0,0,A,A,0,No Deposit,9.0,0,Transient,79.0,0,0
City Hotel,0,24,2016,February,7,13,0,1,2,0.0,0,BB,PRT,Direct,Direct,0,0,0,D,D,0,No Deposit,14.0,0,Transient,85.5,1,2
City Hotel,0,4,2016,February,7,13,0,1,2,0.0,0,BB,ESP,Offline TA/TO,TA/TO,0,0,0,A,A,0,No Deposit,83.0,0,Transient,72.8,0,0
City Hotel,0,7,2016,February,7,12,0,2,2,0.0,0,SC,ESP,Online TA,TA/TO,0,0,0,A,A,0,No Deposit,9.0,0,Transient,79.0,0,1
City Hotel,0,6,2016,February,7,13,0,1,2,0.0,0,BB,FRA,Online TA,TA/TO,0,0,0,A,A,0,No Deposit,7.0,0,Transient,70.07,0,1
City Hotel,0,29,2016,February,7,12,0,2,2,0.0,0,BB,FRA,Direct,Direct,0,0,0,A,A,0,No Deposit,,0,Transient-Party,69.5,0,1
City Hotel,0,29,2016,February,7,12,0,2,2,0.0,0,BB,PRT,Direct,Direct,0,0,0,A,A,0,No Deposit,,0,Transient-Party,78.5,1,1
City Hotel,0,29,2016,February,7,11,0,3,2,0.0,0,SC,DEU,Online TA,TA/TO,0,0,0,A,A,0,No Deposit,9.0,0,Transient,72.0,0,1
City Hotel,0,14,2016,February,7,12,0,2,2,0.0,0,SC,PRT,Online TA,TA/TO,0,0,0,A,A,0,No Deposit,9.0,0,Transient,79.0,0,0
City Hotel,0,21,2016,February,7,12,0,2,2,0.0,0,BB,MYS,Direct,Direct,0,0,0,D,D,0,No Deposit,14.0,0,Transient,102.0,0,1
City Hotel,0,0,2016,February,7,13,0,1,2,0.0,0,BB,PRT,Online TA,TA/TO,0,0,0,D,E,0,No Deposit,9.0,0,Transient,106.0,0,0
City Hotel,0,9,2016,February,7,13,0,1,2,0.0,0,SC,PRT,Online TA,TA/TO,0,0,0,A,A,0,No Deposit,9.0,0,Transient,79.0,0,1
City Hotel,0,2,2016,February,7,12,0,2,2,0.0,0,BB,ESP,Online TA,TA/TO,0,0,0,A,A,0,No Deposit,9.0,0,Transient,102.0,0,2
City Hotel,0,3,2016,February,7,13,0,1,2,0.0,0,SC,PRT,Online TA,TA/TO,0,0,0,A,A,0,No Deposit,7.0,0,Transient,60.83,0,1
City Hotel,0,4,2016,February,7,13,0,1,2,0.0,0,SC,PRT,Online TA,TA/TO,0,0,0,A,A,0,No Deposit,9.0,0,Transient,79.0,0,0
City Hotel,0,23,2016,February,7,13,0,1,2,0.0,0,BB,BEL,Online TA,TA/TO,0,0,0,A,A,0,No Deposit,9.0,0,Transient,91.0,0,1
City Hotel,0,0,2016,February,7,13,0,1,2,0.0,0,BB,PRT,Direct,Direct,0,0,0,E,E,0,No Deposit,,0,Transient,127.0,0,0
City Hotel,0,1,2016,February,7,13,0,1,2,0.0,0,BB,PRT,Online TA,TA/TO,0,0,0,A,A,0,No Deposit,9.0,0,Transient,91.0,0,1
City Hotel,0,4,2016,February,7,13,0,1,2,0.0,0,BB,PRT,Online TA,TA/TO,0,0,0,D,D,0,No Deposit,9.0,0,Transient,115.0,1,1
City Hotel,0,3,2016,February,7,12,0,2,2,0.0,0,SC,PRT,Online TA,TA/TO,0,0,0,A,A,0,No Deposit,9.0,0,Transient,81.0,0,1
City Hotel,0,13,2016,February,7,13,0,1,2,0.0,0,SC,PRT,Online TA,TA/TO,0,0,0,A,A,0,No Deposit,9.0,0,Transient,79.0,0,1
City Hotel,0,1,2016,February,7,13,0,1,2,0.0,0,BB,PRT,Direct,Direct,0,0,0,D,D,0,No Deposit,,0,Transient,128.0,1,2
City Hotel,0,0,2016,February,7,13,0,1,2,0.0,0,BB,FRA,Online TA,TA/TO,0,0,0,D,D,0,No Deposit,9.0,0,Transient,106.0,0,0
City Hotel,0,1,2016,February,7,10,0,4,2,0.0,0,BB,FRA,Online TA,TA/TO,0,0,0,A,A,0,No Deposit,9.0,0,Transient,93.0,0,2
City Hotel,0,21,2016,February,7,12,0,2,2,0.0,0,SC,BEL,Online TA,TA/TO,0,0,0,A,A,1,No Deposit,10.0,0,Transient,79.0,0,0
City Hotel,0,4,2016,February,7,12,0,2,2,0.0,0,SC,ESP,Online TA,TA/TO,0,0,0,A,A,0,No Deposit,9.0,0,Transient-Party,79.0,0,1
City Hotel,0,2,2016,February,7,13,0,1,2,0.0,0,SC,PRT,Online TA,TA/TO,0,0,0,A,A,0,No Deposit,7.0,0,Transient,60.83,0,1
City Hotel,0,26,2016,February,7,11,0,3,2,0.0,0,BB,CHE,Online TA,TA/TO,0,0,0,A,A,0,No Deposit,11.0,0,Transient,65.52,0,0
City Hotel,0,9,2016,February,6,6,2,6,2,0.0,0,SC,NLD,Online TA,TA/TO,0,0,0,A,A,0,No Deposit,7.0,0,Transient,62.58,0,1
City Hotel,0,139,2016,February,7,11,0,3,2,0.0,0,BB,PRT,Offline TA/TO,TA/TO,0,0,0,D,D,0,No Deposit,28.0,0,Transient,62.0,0,1
City Hotel,0,19,2016,February,7,13,0,1,2,0.0,0,BB,PRT,Direct,Direct,0,0,0,D,D,0,No Deposit,,0,Transient,100.5,0,2
City Hotel,0,11,2016,February,7,13,0,1,2,0.0,0,BB,PRT,Direct,Direct,0,0,0,D,D,1,No Deposit,,0,Transient,95.0,0,2
City Hotel,0,2,2016,February,7,13,0,1,2,0.0,0,BB,PRT,Direct,Direct,0,0,0,A,A,0,No Deposit,,0,Transient,95.0,0,0
City Hotel,0,3,2016,February,7,13,0,1,2,0.0,0,BB,PRT,Direct,Direct,0,0,0,A,D,0,No Deposit,,0,Transient,95.0,0,3
City Hotel,0,1,2016,February,7,12,0,2,2,0.0,0,BB,PRT,Direct,Direct,0,0,0,D,D,0,No Deposit,14.0,0,Transient,104.0,1,2
City Hotel,0,4,2016,February,7,13,0,1,2,0.0,0,BB,PRT,Direct,Direct,0,0,0,D,D,0,No Deposit,14.0,0,Transient,95.0,0,2
City Hotel,0,1,2016,February,8,14,0,0,2,0.0,0,BB,PRT,Direct,Direct,0,0,0,D,D,0,No Deposit,14.0,0,Transient,0.0,0,2
City Hotel,0,1,2016,February,7,12,1,2,2,0.0,0,BB,PRT,Offline TA/TO,TA/TO,0,0,0,A,D,0,No Deposit,28.0,0,Transient,85.0,0,0
City Hotel,0,0,2016,February,7,12,1,2,2,0.0,0,SC,GBR,Online TA,TA/TO,0,0,0,A,A,0,No Deposit,9.0,0,Transient-Party,63.2,0,1
City Hotel,0,0,2016,February,7,12,1,2,2,0.0,0,SC,GBR,Online TA,TA/TO,0,0,0,A,A,0,No Deposit,9.0,0,Transient-Party,79.0,0,1
City Hotel,0,137,2016,February,7,12,1,2,2,0.0,0,BB,FRA,Direct,Direct,0,0,0,D,A,0,No Deposit,14.0,0,Transient,102.0,0,0
City Hotel,0,7,2016,February,7,12,1,2,2,0.0,0,BB,FRA,Offline TA/TO,TA/TO,0,0,0,A,D,0,No Deposit,28.0,0,Transient,87.0,0,0
City Hotel,0,11,2016,February,7,12,1,2,2,0.0,0,SC,CHN,Online TA,TA/TO,0,0,0,A,A,0,No Deposit,9.0,0,Transient,81.0,0,1
City Hotel,0,15,2016,February,7,12,1,2,2,0.0,0,HB,ESP,Offline TA/TO,TA/TO,0,0,0,A,A,1,No Deposit,83.0,0,Transient,111.8,1,0
City Hotel,0,96,2016,February,7,13,1,1,2,0.0,0,BB,PRT,Online TA,TA/TO,0,0,0,A,A,0,No Deposit,9.0,0,Transient,67.5,0,1
City Hotel,0,4,2016,February,7,12,1,2,2,0.0,0,BB,NLD,Direct,Direct,0,0,0,D,D,0,No Deposit,,0,Transient,97.0,0,2
City Hotel,0,15,2016,February,7,12,1,2,2,0.0,0,BB,ROU,Offline TA/TO,TA/TO,0,0,0,A,D,0,No Deposit,27.0,0,Transient,40.67,0,0
City Hotel,0,11,2016,February,8,14,1,0,2,0.0,0,SC,BEL,Online TA,TA/TO,0,0,0,A,A,0,No Deposit,9.0,0,Transient,109.0,0,0
City Hotel,0,9,2016,February,7,12,1,2,2,0.0,0,BB,DEU,Offline TA/TO,TA/TO,0,0,0,D,D,0,No Deposit,27.0,0,Transient,48.67,0,0
City Hotel,0,76,2016,February,7,11,1,3,2,0.0,0,SC,FRA,Online TA,TA/TO,0,0,0,A,A,0,No Deposit,7.0,0,Transient,51.09,0,0
City Hotel,0,1,2016,February,7,13,1,1,2,0.0,0,BB,PRT,Online TA,TA/TO,0,0,0,A,A,0,No Deposit,9.0,0,Transient,91.0,0,0
City Hotel,0,11,2016,February,7,13,1,1,2,0.0,0,BB,FRA,Online TA,TA/TO,0,0,0,A,A,0,No Deposit,9.0,0,Transient,91.0,0,1
City Hotel,0,18,2016,February,7,12,1,2,2,0.0,0,BB,FRA,Offline TA/TO,TA/TO,0,0,0,A,D,0,No Deposit,28.0,0,Transient,64.0,0,0
City Hotel,0,36,2016,February,7,13,1,1,2,0.0,0,BB,PRT,Direct,Direct,0,0,0,A,A,0,No Deposit,14.0,0,Transient,82.0,1,0
City Hotel,0,2,2016,February,7,10,1,4,2,0.0,0,BB,ESP,Offline TA/TO,TA/TO,0,0,0,A,A,0,No Deposit,83.0,0,Transient,83.8,1,0
City Hotel,0,24,2016,February,7,12,1,2,2,0.0,0,BB,PRT,Online TA,TA/TO,0,0,0,A,A,0,No Deposit,9.0,0,Transient,74.8,0,1
City Hotel,0,36,2016,February,7,12,1,2,2,0.0,0,BB,NLD,Online TA,TA/TO,0,0,0,D,D,0,No Deposit,7.0,0,Transient,61.75,0,1
City Hotel,0,11,2016,February,7,12,1,2,2,0.0,0,BB,PRT,Offline TA/TO,TA/TO,0,0,0,D,D,0,No Deposit,28.0,0,Transient,73.6,0,2
City Hotel,0,34,2016,February,7,12,1,2,2,0.0,0,BB,PRT,Online TA,TA/TO,0,0,0,A,A,0,No Deposit,9.0,0,Transient,78.3,0,0
City Hotel,0,3,2016,February,7,10,1,4,2,0.0,0,BB,DEU,Online TA,TA/TO,0,0,0,A,A,0,No Deposit,15.0,0,Transient,63.88,0,0
City Hotel,0,87,2016,February,7,12,1,2,2,0.0,0,SC,CHE,Online TA,TA/TO,0,0,0,A,A,0,No Deposit,9.0,0,Contract,78.5,0,1
City Hotel,0,17,2016,February,7,12,1,2,2,0.0,0,HB,GBR,Online TA,TA/TO,0,0,0,D,D,0,No Deposit,9.0,0,Transient,144.0,0,0
City Hotel,0,10,2016,February,7,12,1,2,2,0.0,0,BB,ESP,Online TA,TA/TO,0,0,0,A,A,0,No Deposit,9.0,0,Transient,92.0,0,1
City Hotel,0,18,2016,February,7,12,1,2,2,0.0,0,BB,POL,Online TA,TA/TO,0,0,0,A,A,0,No Deposit,9.0,0,Transient,91.0,0,0
City Hotel,0,36,2016,February,7,13,1,1,2,0.0,0,SC,SWE,Online TA,TA/TO,0,0,0,A,A,0,No Deposit,9.0,0,Transient,67.5,0,1
City Hotel,0,30,2016,February,7,12,1,2,2,0.0,0,BB,TUN,Online TA,TA/TO,0,0,0,A,A,0,No Deposit,7.0,0,Transient,63.21,0,1
City Hotel,0,15,2016,February,7,12,1,2,2,0.0,0,BB,USA,Offline TA/TO,TA/TO,0,0,0,A,A,0,No Deposit,27.0,0,Transient,40.67,0,0
City Hotel,0,13,2016,February,7,12,1,2,2,0.0,0,BB,PRT,Online TA,TA/TO,0,0,0,A,A,0,No Deposit,9.0,0,Transient,91.0,0,2
City Hotel,0,3,2016,February,7,13,1,1,2,0.0,0,SC,USA,Online TA,TA/TO,0,0,0,A,A,0,No Deposit,7.0,0,Transient,60.83,0,0
City Hotel,0,16,2016,February,7,12,1,2,2,0.0,0,SC,CHE,Online TA,TA/TO,0,0,0,A,A,0,No Deposit,11.0,0,Transient,58.88,0,0
City Hotel,0,28,2016,February,7,12,1,2,2,0.0,0,BB,ITA,Online TA,TA/TO,0,0,0,D,D,0,No Deposit,9.0,0,Transient,99.63,0,1
City Hotel,0,6,2016,March,11,9,0,4,2,0.0,0,BB,ITA,Online TA,TA/TO,1,0,1,D,D,0,No Deposit,,0,Transient,109.0,0,1
City Hotel,0,1,2016,February,7,13,2,1,2,0.0,0,BB,FRA,Offline TA/TO,TA/TO,0,0,0,A,A,0,No Deposit,28.0,0,Transient,80.0,0,0
City Hotel,0,3,2016,February,7,13,2,1,2,0.0,0,BB,FRA,Offline TA/TO,TA/TO,0,0,0,A,D,0,No Deposit,28.0,0,Transient,85.0,0,0
City Hotel,0,4,2016,February,7,13,2,1,2,0.0,0,BB,PRT,Online TA,TA/TO,0,0,0,A,A,0,No Deposit,9.0,0,Transient,91.0,0,0
City Hotel,0,29,2016,February,7,13,2,1,2,0.0,0,BB,DEU,Offline TA/TO,TA/TO,0,0,0,A,A,0,No Deposit,27.0,0,Transient,38.67,0,0
City Hotel,0,19,2016,February,7,11,2,3,2,0.0,0,SC,FRA,Online TA,TA/TO,0,0,0,A,A,0,No Deposit,15.0,0,Transient,55.32,0,0
City Hotel,0,12,2016,February,7,13,2,1,2,0.0,0,SC,NLD,Online TA,TA/TO,0,0,0,A,A,0,No Deposit,9.0,0,Transient,79.0,0,1
City Hotel,0,11,2016,February,8,14,2,0,2,0.0,0,SC,DEU,Online TA,TA/TO,0,0,0,A,A,0,No Deposit,9.0,0,Transient,81.0,0,1
City Hotel,0,37,2016,February,8,14,2,0,2,0.0,0,SC,LUX,Online TA,TA/TO,0,0,0,A,A,0,No Deposit,9.0,0,Transient,78.5,1,1
City Hotel,0,0,2016,February,8,15,1,0,2,0.0,0,SC,DNK,Online TA,TA/TO,0,0,0,A,A,0,No Deposit,9.0,0,Transient,79.0,0,0
City Hotel,0,2,2016,February,7,10,2,4,2,0.0,0,SC,AGO,Online TA,TA/TO,0,0,0,A,A,5,No Deposit,9.0,0,Transient,80.67,0,0
City Hotel,0,4,2016,February,7,12,2,2,2,0.0,0,BB,PRT,Offline TA/TO,TA/TO,0,0,0,A,D,0,No Deposit,28.0,0,Transient,85.0,0,0
City Hotel,0,3,2016,February,8,14,2,0,2,0.0,0,SC,BEL,Online TA,TA/TO,0,0,0,A,A,0,No Deposit,9.0,0,Transient,81.0,0,0
City Hotel,0,2,2016,February,7,10,2,4,2,0.0,0,BB,AUT,Online TA,TA/TO,0,0,0,A,A,0,No Deposit,9.0,0,Transient,93.0,0,0
City Hotel,0,19,2016,February,7,13,2,1,2,0.0,0,BB,FRA,Online TA,TA/TO,0,0,0,A,A,2,No Deposit,7.0,0,Transient,66.57,0,1
City Hotel,0,14,2016,February,7,13,2,1,2,0.0,0,SC,PRT,Online TA,TA/TO,0,0,0,A,A,0,No Deposit,9.0,0,Transient,79.0,0,1
City Hotel,0,16,2016,February,8,14,2,0,2,0.0,0,BB,PRT,Direct,Direct,0,0,0,D,D,0,No Deposit,14.0,0,Transient,104.0,1,3
City Hotel,0,0,2016,February,7,13,2,1,2,0.0,0,BB,PRT,Direct,Direct,0,0,0,D,D,0,No Deposit,,0,Transient,96.33,0,2
City Hotel,0,72,2016,February,7,13,2,2,2,0.0,0,BB,FRA,Offline TA/TO,TA/TO,0,0,0,A,D,0,No Deposit,28.0,0,Transient,60.0,0,0
City Hotel,0,0,2016,February,8,14,2,1,2,0.0,0,SC,FRA,Online TA,TA/TO,0,0,0,A,A,0,No Deposit,9.0,0,Transient,82.33,0,0
City Hotel,0,4,2016,February,8,14,2,1,2,0.0,0,BB,FRA,Direct,Direct,0,0,0,E,E,0,No Deposit,14.0,0,Transient,127.0,0,0
City Hotel,0,11,2016,February,8,14,2,1,2,0.0,0,BB,FRA,Offline TA/TO,TA/TO,0,0,0,A,D,0,No Deposit,28.0,0,Transient,87.0,0,0
City Hotel,0,0,2016,February,8,16,0,1,2,0.0,0,BB,DEU,Online TA,Direct,0,0,0,A,A,0,No Deposit,,0,Transient,79.0,0,0
City Hotel,0,8,2016,February,8,16,0,1,2,0.0,0,BB,HUN,Online TA,TA/TO,0,0,0,A,A,0,No Deposit,9.0,0,Transient-Party,85.0,0,0
City Hotel,0,4,2016,February,8,16,0,1,2,0.0,0,SC,NLD,Online TA,TA/TO,0,0,0,A,A,0,No Deposit,9.0,0,Transient-Party,79.0,0,0
City Hotel,0,10,2016,February,7,13,2,2,2,0.0,0,BB,FRA,Offline TA/TO,TA/TO,0,0,0,A,D,0,No Deposit,28.0,0,Transient,85.0,0,0
City Hotel,0,12,2016,February,8,14,2,1,2,0.0,0,BB,FRA,Offline TA/TO,TA/TO,0,0,0,A,D,0,No Deposit,28.0,0,Transient-Party,87.0,0,1
City Hotel,0,1,2016,February,7,11,2,4,2,0.0,0,SC,NLD,Online TA,TA/TO,0,0,0,A,A,0,No Deposit,9.0,0,Transient,79.0,0,0
City Hotel,0,36,2016,February,7,13,2,2,2,0.0,0,BB,FRA,Online TA,TA/TO,0,0,0,A,A,2,No Deposit,9.0,0,Transient,78.3,0,1
City Hotel,0,3,2016,February,8,14,2,1,2,0.0,0,BB,FRA,Offline TA/TO,TA/TO,0,0,0,A,A,0,No Deposit,28.0,0,Transient,82.0,0,0
City Hotel,0,17,2016,February,7,13,2,2,2,0.0,0,BB,FRA,Online TA,TA/TO,0,0,0,A,A,0,No Deposit,15.0,0,Transient,61.88,0,1
City Hotel,0,12,2016,February,8,14,2,1,2,0.0,0,BB,FRA,Offline TA/TO,TA/TO,0,0,0,A,D,0,No Deposit,28.0,0,Transient-Party,87.0,0,1
City Hotel,0,35,2016,February,8,15,1,1,2,0.0,0,BB,JPN,Online TA,TA/TO,0,0,0,B,B,0,No Deposit,9.0,0,Transient-Party,69.53,0,0
City Hotel,0,36,2016,February,8,15,1,1,2,0.0,0,BB,JPN,Online TA,TA/TO,0,0,0,B,B,1,No Deposit,9.0,0,Transient-Party,69.52,0,0
City Hotel,0,4,2016,February,8,16,0,1,2,0.0,0,BB,ROU,Online TA,TA/TO,0,0,0,A,A,0,No Deposit,9.0,0,Transient,91.0,0,0
City Hotel,0,0,2016,February,8,15,1,1,2,0.0,0,BB,CHN,Online TA,TA/TO,0,0,0,D,D,0,No Deposit,9.0,0,Transient,136.0,0,0
City Hotel,0,4,2016,February,8,16,0,1,2,0.0,0,SC,NLD,Online TA,TA/TO,0,0,0,A,A,0,No Deposit,9.0,0,Transient-Party,79.0,0,0
City Hotel,0,4,2016,February,8,16,0,1,2,0.0,0,BB,PRT,Offline TA/TO,TA/TO,0,0,0,A,A,0,No Deposit,86.0,0,Transient,72.8,0,0
City Hotel,0,3,2016,February,8,14,2,2,2,0.0,0,SC,FRA,Online TA,TA/TO,0,0,0,A,A,0,No Deposit,9.0,0,Transient,81.0,0,0
City Hotel,0,99,2016,February,8,14,2,2,2,0.0,0,BB,PRT,Online TA,TA/TO,0,0,0,B,B,0,No Deposit,9.0,0,Transient,79.5,0,2
City Hotel,0,27,2016,February,7,11,2,5,2,0.0,0,BB,AUT,Offline TA/TO,TA/TO,0,0,0,A,A,0,No Deposit,27.0,0,Transient,43.43,0,0
City Hotel,0,99,2016,February,8,14,2,2,2,0.0,0,BB,DEU,Online TA,TA/TO,0,0,0,B,B,0,No Deposit,9.0,0,Transient,79.5,0,2
City Hotel,0,9,2016,February,8,14,2,2,2,0.0,0,BB,BEL,Offline TA/TO,TA/TO,0,0,0,A,D,0,No Deposit,28.0,0,Transient-Party,87.0,0,1
City Hotel,0,9,2016,February,8,14,2,2,2,0.0,0,BB,FRA,Offline TA/TO,TA/TO,0,0,0,A,D,0,No Deposit,28.0,0,Transient-Party,87.0,0,1
City Hotel,0,22,2016,February,8,16,0,2,2,0.0,0,SC,IRL,Online TA,TA/TO,0,0,0,A,A,0,No Deposit,9.0,0,Transient,79.0,0,1
City Hotel,0,11,2016,February,8,14,2,2,2,0.0,0,BB,DEU,Online TA,TA/TO,0,0,0,A,A,0,No Deposit,7.0,0,Transient,72.07,0,1
City Hotel,0,9,2016,February,8,17,0,1,2,0.0,0,SC,PRT,Online TA,TA/TO,0,0,0,A,A,0,No Deposit,9.0,0,Transient,81.0,0,1
City Hotel,0,74,2016,February,8,15,1,2,2,0.0,0,BB,FRA,Offline TA/TO,TA/TO,0,0,0,A,D,0,No Deposit,28.0,0,Transient,58.0,0,0
City Hotel,0,8,2016,February,8,16,0,2,2,0.0,0,SC,ESP,Online TA,TA/TO,0,0,0,A,A,0,No Deposit,9.0,0,Transient,88.0,1,1
City Hotel,0,7,2016,February,8,14,2,2,2,0.0,0,BB,GBR,Online TA,TA/TO,0,0,0,A,A,0,No Deposit,7.0,0,Transient,66.57,0,1
City Hotel,0,12,2016,February,8,17,0,1,2,0.0,0,SC,PRT,Online TA,TA/TO,0,0,0,A,A,0,No Deposit,9.0,0,Transient,90.0,1,0
City Hotel,0,3,2016,February,8,14,2,2,2,0.0,0,HB,ESP,Direct,Direct,0,0,0,D,D,2,No Deposit,14.0,0,Transient,147.0,1,0
City Hotel,0,11,2016,February,7,13,2,3,2,0.0,0,BB,FRA,Offline TA/TO,TA/TO,0,0,0,A,D,0,No Deposit,28.0,0,Transient,85.0,0,0
City Hotel,0,6,2016,February,8,14,2,2,2,0.0,0,BB,FRA,Offline TA/TO,TA/TO,0,0,0,A,D,0,No Deposit,28.0,0,Transient,87.0,0,0
City Hotel,0,37,2016,February,8,15,1,3,2,0.0,0,SC,FRA,Online TA,TA/TO,0,0,0,A,A,0,No Deposit,8.0,0,Transient,67.5,0,1
City Hotel,0,4,2016,February,8,16,0,3,2,0.0,0,BB,FRA,Offline TA/TO,TA/TO,0,0,0,A,A,0,No Deposit,28.0,0,Transient,80.0,0,0
City Hotel,0,8,2016,February,8,16,0,3,2,0.0,0,BB,FRA,Offline TA/TO,TA/TO,0,0,0,A,D,0,No Deposit,28.0,0,Transient,64.0,0,0
City Hotel,0,35,2016,February,7,13,2,4,2,0.0,0,BB,BEL,Online TA,TA/TO,0,0,0,A,A,0,No Deposit,9.0,0,Transient,78.3,0,1
City Hotel,0,121,2016,February,8,15,1,3,2,0.0,0,BB,DNK,Online TA,TA/TO,0,0,0,B,B,0,No Deposit,7.0,0,Group,58.91,0,2
City Hotel,0,3,2016,February,8,18,0,1,2,0.0,0,BB,ITA,Online TA,TA/TO,0,0,0,D,D,0,No Deposit,9.0,0,Transient,106.0,0,1
City Hotel,0,13,2016,February,8,14,2,3,2,0.0,0,BB,PRT,Offline TA/TO,TA/TO,0,0,0,A,A,0,No Deposit,28.0,0,Transient,73.2,0,0
City Hotel,0,16,2016,February,8,16,0,3,2,0.0,0,BB,CHE,Online TA,TA/TO,0,0,0,A,A,0,No Deposit,11.0,0,Transient,65.52,0,0
City Hotel,0,0,2016,February,8,18,0,1,2,0.0,0,BB,CHL,Online TA,TA/TO,0,0,0,A,A,0,No Deposit,9.0,0,Transient-Party,91.0,0,0
City Hotel,0,21,2016,February,7,13,2,4,2,0.0,0,BB,FRA,Online TA,TA/TO,0,0,0,A,A,0,No Deposit,9.0,0,Transient,93.0,0,1
City Hotel,0,17,2016,February,8,15,1,3,2,0.0,0,BB,MAR,Online TA,TA/TO,0,0,0,A,A,0,No Deposit,9.0,0,Transient,91.0,0,1
City Hotel,0,111,2016,February,8,14,2,3,2,0.0,0,BB,AUT,Online TA,TA/TO,0,0,0,A,A,0,No Deposit,8.0,0,Transient,87.0,0,0
City Hotel,0,106,2016,February,8,16,0,3,2,0.0,0,BB,AUT,Offline TA/TO,TA/TO,0,0,0,D,D,0,No Deposit,27.0,0,Transient,46.67,0,1
City Hotel,0,15,2016,February,8,17,0,2,2,0.0,0,BB,ESP,Online TA,TA/TO,0,0,0,A,A,0,No Deposit,9.0,0,Transient,93.0,0,3
City Hotel,0,0,2016,February,8,18,0,1,2,0.0,0,SC,CHN,Online TA,TA/TO,0,0,0,A,A,0,No Deposit,9.0,0,Transient-Party,79.0,0,0
City Hotel,0,0,2016,February,8,18,0,1,2,0.0,0,SC,ESP,Online TA,TA/TO,0,0,0,A,A,0,No Deposit,9.0,0,Transient-Party,79.0,0,0
City Hotel,0,5,2016,February,8,16,0,3,2,0.0,0,BB,FRA,Online TA,TA/TO,0,0,0,A,A,0,No Deposit,9.0,0,Transient-Party,91.0,0,0
City Hotel,0,0,2016,February,8,18,0,1,2,0.0,0,SC,FRA,Online TA,TA/TO,0,0,0,A,A,0,No Deposit,9.0,0,Transient,79.0,0,0
City Hotel,0,13,2016,February,8,17,0,2,2,0.0,0,BB,PRT,Complementary,Direct,0,0,0,D,D,0,No Deposit,,0,Transient,0.0,0,2
City Hotel,0,1,2016,February,8,17,0,2,2,0.0,0,BB,PRT,Direct,Direct,0,0,0,A,A,1,No Deposit,,0,Transient,89.0,0,0
City Hotel,0,63,2016,February,8,15,1,3,2,0.0,0,BB,POL,Offline TA/TO,TA/TO,0,0,0,A,D,0,No Deposit,28.0,0,Transient,58.0,0,0
City Hotel,0,12,2016,February,8,14,2,3,2,0.0,0,HB,FRA,Online TA,TA/TO,0,0,0,A,A,0,No Deposit,9.0,0,Transient-Party,129.0,0,1
City Hotel,0,5,2016,February,8,16,0,3,2,0.0,0,BB,PRT,Online TA,TA/TO,0,0,0,A,A,0,No Deposit,9.0,0,Transient-Party,91.0,0,0
City Hotel,0,12,2016,February,8,14,2,3,2,0.0,0,HB,FRA,Online TA,TA/TO,0,0,0,A,A,0,No Deposit,9.0,0,Transient-Party,129.0,0,2
City Hotel,0,9,2016,February,8,17,0,3,2,0.0,0,HB,FRA,Offline TA/TO,TA/TO,0,0,0,A,D,0,No Deposit,28.0,0,Transient,117.0,0,0
City Hotel,0,21,2016,February,8,17,0,3,2,0.0,0,SC,BRA,Online TA,TA/TO,0,0,0,A,A,0,No Deposit,9.0,0,Transient,79.0,0,1
City Hotel,0,99,2016,February,8,16,0,4,2,0.0,0,BB,POL,Direct,Direct,0,0,0,A,A,0,No Deposit,14.0,0,Transient,63.75,0,0
City Hotel,0,8,2016,February,8,19,0,1,2,0.0,0,BB,PRT,Corporate,TA/TO,0,0,0,A,D,1,No Deposit,,0,Transient-Party,91.0,0,0
City Hotel,0,33,2016,February,8,15,1,4,2,0.0,0,BB,FRA,Online TA,TA/TO,0,0,0,A,A,0,No Deposit,9.0,0,Transient,80.82,0,1
City Hotel,0,147,2016,February,8,15,1,4,2,0.0,0,BB,FRA,Direct,Direct,0,0,0,B,B,0,No Deposit,14.0,0,Transient,85.0,0,0
City Hotel,0,99,2016,February,8,19,0,1,2,0.0,0,BB,PRT,Corporate,TA/TO,0,0,0,A,D,2,No Deposit,,0,Transient-Party,80.0,0,0
City Hotel,0,13,2016,February,8,14,2,4,2,0.0,0,BB,DEU,Online TA,TA/TO,0,0,0,A,A,0,No Deposit,9.0,0,Transient,91.0,0,0
City Hotel,0,1,2016,February,8,19,0,1,2,0.0,0,BB,PRT,Corporate,TA/TO,0,0,0,A,D,1,No Deposit,,0,Transient-Party,91.0,1,0
City Hotel,0,22,2016,February,8,19,0,1,2,0.0,0,BB,PRT,Corporate,Direct,0,0,0,A,A,0,No Deposit,,0,Transient-Party,67.0,0,1
City Hotel,0,1,2016,February,8,15,1,4,2,0.0,0,BB,ESP,Online TA,TA/TO,0,0,0,A,A,1,No Deposit,9.0,0,Transient,82.4,1,1
City Hotel,0,2,2016,February,8,17,0,3,2,0.0,0,BB,FRA,Offline TA/TO,TA/TO,0,0,0,A,A,0,No Deposit,22.0,0,Transient,72.0,0,0
City Hotel,0,147,2016,February,8,15,1,4,2,0.0,0,BB,FRA,Direct,Direct,0,0,0,B,B,0,No Deposit,14.0,0,Transient,85.0,0,0
City Hotel,0,15,2016,February,8,19,0,1,2,0.0,0,BB,PRT,Corporate,TA/TO,0,0,0,A,A,1,No Deposit,,0,Transient-Party,81.0,1,0
City Hotel,0,12,2016,February,8,16,0,4,2,0.0,0,BB,PRT,Offline TA/TO,TA/TO,0,0,0,A,D,0,No Deposit,28.0,0,Transient,85.0,0,0
City Hotel,0,10,2016,February,8,19,0,1,2,0.0,0,BB,PRT,Offline TA/TO,TA/TO,0,0,0,A,A,0,No Deposit,111.0,0,Transient-Party,72.1,0,0
City Hotel,0,10,2016,February,8,19,0,1,2,0.0,0,BB,PRT,Offline TA/TO,TA/TO,0,0,0,A,A,1,No Deposit,111.0,0,Transient-Party,71.1,0,0
City Hotel,0,39,2016,February,8,15,1,4,2,0.0,0,BB,SWE,Online TA,TA/TO,0,0,0,D,D,0,No Deposit,9.0,0,Transient,98.1,0,1
City Hotel,0,19,2016,February,8,15,1,4,2,0.0,0,BB,DEU,Offline TA/TO,TA/TO,0,0,0,A,A,0,No Deposit,27.0,0,Transient,46.4,0,0
City Hotel,1,33,2016,February,8,20,0,0,2,0.0,0,SC,GBR,Online TA,TA/TO,0,0,0,A,A,0,No Deposit,9.0,0,Transient,0.0,0,1
City Hotel,0,16,2016,February,8,18,0,3,2,0.0,0,BB,FRA,Online TA,TA/TO,0,0,0,A,A,0,No Deposit,9.0,0,Transient,93.0,0,0
City Hotel,0,6,2016,February,8,19,0,2,2,0.0,0,BB,TUR,Online TA,TA/TO,0,0,0,D,D,0,No Deposit,9.0,0,Transient,107.0,0,2
City Hotel,0,17,2016,February,8,19,0,2,2,0.0,0,BB,JPN,Online TA,TA/TO,0,0,0,A,A,0,No Deposit,9.0,0,Transient,91.0,0,0
City Hotel,0,45,2016,February,8,18,0,3,2,0.0,0,BB,DEU,Offline TA/TO,TA/TO,0,0,0,D,D,0,No Deposit,27.0,0,Transient,48.67,0,0
City Hotel,0,15,2016,February,8,18,0,3,2,0.0,0,BB,PRT,Offline TA/TO,TA/TO,0,0,0,A,A,1,No Deposit,196.0,0,Transient-Party,92.0,0,0
City Hotel,0,18,2016,February,8,19,0,2,2,0.0,0,BB,NLD,Online TA,TA/TO,0,0,0,A,A,0,No Deposit,9.0,0,Transient,93.0,0,1
City Hotel,0,18,2016,February,8,19,0,2,2,0.0,0,SC,ESP,Online TA,TA/TO,0,0,0,A,A,0,No Deposit,9.0,0,Transient,88.0,0,0
City Hotel,0,41,2016,February,8,18,0,3,2,0.0,0,BB,ITA,Online TA,TA/TO,0,0,0,B,B,1,No Deposit,9.0,0,Transient-Party,72.37,0,0
City Hotel,0,88,2016,February,7,13,2,6,2,0.0,0,BB,POL,Online TA,TA/TO,0,0,0,A,A,0,No Deposit,7.0,0,Transient,58.68,0,1
City Hotel,0,41,2016,February,8,18,0,3,2,0.0,0,BB,ITA,Online TA,TA/TO,0,0,0,B,B,0,No Deposit,9.0,0,Transient-Party,72.38,0,0
City Hotel,0,101,2016,February,8,18,0,3,2,0.0,0,SC,PRT,Online TA,TA/TO,0,0,0,A,A,0,No Deposit,9.0,0,Contract,69.5,0,1
City Hotel,0,13,2016,February,8,18,0,3,2,0.0,0,BB,FRA,Offline TA/TO,TA/TO,0,0,0,A,D,0,No Deposit,28.0,0,Transient,87.0,0,1
City Hotel,0,7,2016,February,8,20,0,1,2,0.0,0,BB,FRA,Online TA,TA/TO,0,0,0,A,A,0,No Deposit,9.0,0,Transient,93.0,0,1
City Hotel,0,99,2016,February,8,19,0,2,2,0.0,0,BB,PRT,Corporate,TA/TO,0,0,0,A,A,2,No Deposit,,0,Transient-Party,86.0,0,0
City Hotel,0,19,2016,February,8,18,0,3,2,0.0,0,BB,FRA,Online TA,TA/TO,0,0,0,A,A,1,No Deposit,7.0,0,Transient,82.83,0,0
City Hotel,0,33,2016,February,8,17,0,4,2,0.0,0,BB,DEU,Offline TA/TO,TA/TO,0,0,0,D,D,1,No Deposit,86.0,0,Transient,72.38,0,0
City Hotel,0,99,2016,February,8,19,0,2,2,0.0,0,BB,PRT,Corporate,TA/TO,0,0,0,A,A,2,No Deposit,,0,Transient-Party,86.0,0,0
City Hotel,0,6,2016,February,8,20,0,1,2,0.0,0,SC,PRT,Online TA,TA/TO,0,0,0,A,D,0,No Deposit,9.0,0,Transient-Party,80.0,0,1
City Hotel,0,6,2016,February,8,20,0,1,2,0.0,0,SC,PRT,Online TA,TA/TO,0,0,0,A,A,0,No Deposit,9.0,0,Transient-Party,79.0,0,1
City Hotel,0,0,2016,February,8,20,0,1,2,0.0,0,BB,PRT,Direct,Direct,0,0,0,A,A,0,No Deposit,,0,Transient,89.0,0,0
City Hotel,0,8,2016,February,8,17,0,4,2,0.0,0,BB,DEU,Online TA,TA/TO,0,0,0,D,D,0,No Deposit,9.0,0,Transient,106.0,0,1
City Hotel,0,22,2016,February,8,19,0,2,2,0.0,0,SC,USA,Online TA,TA/TO,0,0,0,A,A,0,No Deposit,9.0,0,Transient,81.0,0,1
City Hotel,0,8,2016,February,8,17,0,4,2,0.0,0,BB,PRT,Online TA,TA/TO,0,0,0,A,A,0,No Deposit,8.0,0,Transient,93.5,0,1
City Hotel,0,37,2016,February,8,15,1,5,2,0.0,0,BB,HUN,Online TA,TA/TO,0,0,0,A,A,0,No Deposit,9.0,0,Transient,79.8,0,1
City Hotel,0,1,2016,February,8,20,0,1,2,0.0,0,BB,PRT,Direct,Direct,0,0,0,A,A,0,No Deposit,,0,Transient,91.0,0,0
City Hotel,0,16,2016,February,8,20,0,1,2,0.0,0,SC,BRA,Online TA,TA/TO,0,0,0,A,A,0,No Deposit,9.0,0,Transient,79.0,0,1
City Hotel,0,15,2016,February,8,20,0,1,2,0.0,0,BB,PRT,Direct,Direct,0,0,0,D,D,0,No Deposit,14.0,0,Transient,95.0,0,2
City Hotel,0,4,2016,February,8,20,0,1,2,0.0,0,BB,PRT,Direct,Direct,0,0,0,A,A,0,No Deposit,,0,Transient-Party,92.0,0,1
City Hotel,0,42,2016,February,8,20,0,1,2,0.0,0,BB,GBR,Online TA,TA/TO,0,0,0,A,A,0,No Deposit,9.0,0,Transient,80.3,0,0
City Hotel,0,3,2016,February,8,18,0,3,2,0.0,0,BB,PRT,Offline TA/TO,TA/TO,0,0,0,A,A,0,No Deposit,138.0,0,Transient,76.8,0,0
City Hotel,0,1,2016,February,8,20,0,1,2,0.0,0,SC,PRT,Online TA,TA/TO,0,0,0,A,A,0,No Deposit,9.0,0,Transient,81.0,0,0
City Hotel,0,27,2016,February,8,18,0,3,2,0.0,0,BB,ESP,Online TA,TA/TO,0,0,0,A,A,0,No Deposit,9.0,0,Transient,93.0,0,1
City Hotel,0,33,2016,February,8,19,0,2,2,0.0,0,BB,FRA,Online TA,TA/TO,0,0,0,A,A,0,No Deposit,9.0,0,Transient,88.4,0,1
City Hotel,0,18,2016,February,8,19,0,2,2,0.0,0,SC,THA,Online TA,TA/TO,0,0,0,A,F,0,No Deposit,9.0,0,Transient,81.0,0,1
City Hotel,0,4,2016,February,8,20,0,1,2,0.0,0,BB,PRT,Online TA,TA/TO,0,0,0,A,A,0,No Deposit,9.0,0,Transient,93.0,0,0
City Hotel,0,37,2016,February,8,17,0,4,2,0.0,0,BB,PRT,Direct,Direct,0,0,0,A,A,4,No Deposit,,0,Transient,79.5,0,0
City Hotel,0,6,2016,February,8,20,0,1,2,0.0,0,BB,PRT,Online TA,TA/TO,0,0,0,D,D,0,No Deposit,9.0,0,Transient,108.0,0,1
City Hotel,0,5,2016,February,8,20,0,1,2,0.0,0,SC,PRT,Online TA,TA/TO,0,0,0,A,D,0,No Deposit,9.0,0,Transient,79.0,0,0
City Hotel,0,0,2016,February,9,21,0,0,2,0.0,0,SC,PRT,Online TA,TA/TO,1,0,0,A,A,0,No Deposit,,0,Transient,0.0,0,1
City Hotel,0,39,2016,February,8,19,0,2,2,0.0,0,SC,ESP,Online TA,TA/TO,0,0,0,A,A,0,No Deposit,9.0,0,Transient,75.8,0,1
City Hotel,0,81,2016,February,8,19,1,2,2,0.0,0,BB,FRA,Offline TA/TO,TA/TO,0,0,0,A,D,0,No Deposit,28.0,0,Transient,60.0,0,0
City Hotel,0,6,2016,February,9,21,1,0,2,0.0,0,BB,ITA,Online TA,TA/TO,0,0,0,D,D,0,No Deposit,9.0,0,Transient,108.0,0,1
City Hotel,0,2,2016,February,8,17,1,4,2,0.0,0,BB,FRA,Offline TA/TO,TA/TO,0,0,0,A,A,0,No Deposit,28.0,0,Transient,70.0,0,0
City Hotel,0,14,2016,February,8,15,2,5,2,0.0,0,BB,DEU,Offline TA/TO,TA/TO,0,0,0,A,A,0,No Deposit,27.0,0,Transient,43.43,0,0
City Hotel,0,14,2016,February,8,19,1,2,2,0.0,0,BB,DEU,Offline TA/TO,TA/TO,0,0,0,A,A,0,No Deposit,27.0,0,Transient,40.67,0,0
City Hotel,0,34,2016,February,8,17,1,4,2,0.0,0,BB,FRA,Offline TA/TO,TA/TO,0,0,0,A,A,0,No Deposit,28.0,0,Transient-Party,66.0,0,1
City Hotel,0,34,2016,February,8,17,1,4,2,0.0,0,BB,PRT,Offline TA/TO,TA/TO,0,0,0,A,A,0,No Deposit,28.0,0,Transient-Party,66.0,0,1
City Hotel,0,42,2016,February,9,21,1,0,2,0.0,0,BB,FRA,Online TA,TA/TO,0,0,0,A,A,0,No Deposit,9.0,0,Transient,80.3,0,1
City Hotel,0,17,2016,February,8,19,1,2,2,0.0,0,BB,FRA,Offline TA/TO,TA/TO,0,0,0,A,A,0,No Deposit,28.0,0,Transient,66.0,0,0
City Hotel,0,4,2016,February,8,19,1,2,2,0.0,0,BB,LUX,Offline TA/TO,TA/TO,0,0,0,A,A,0,No Deposit,138.0,0,Transient,76.8,0,0
City Hotel,0,8,2016,February,8,19,1,2,2,0.0,0,BB,PRT,Offline TA/TO,TA/TO,0,0,0,A,D,0,No Deposit,28.0,0,Transient-Party,85.0,0,1
City Hotel,0,44,2016,February,8,18,1,3,2,0.0,0,HB,DEU,Offline TA/TO,TA/TO,0,0,0,A,A,1,No Deposit,16.0,0,Transient,91.58,0,0
City Hotel,0,19,2016,February,8,19,1,2,2,0.0,0,BB,ITA,Online TA,TA/TO,0,0,0,A,A,0,No Deposit,9.0,0,Transient,93.0,0,1
City Hotel,0,8,2016,February,8,19,1,2,2,0.0,0,BB,PRT,Offline TA/TO,TA/TO,0,0,0,A,D,0,No Deposit,28.0,0,Transient-Party,85.0,0,1
City Hotel,0,4,2016,February,8,20,1,1,2,0.0,0,BB,BRA,Direct,Direct,0,0,0,E,E,0,No Deposit,14.0,0,Transient,127.0,0,0
City Hotel,0,11,2016,February,8,19,1,2,2,0.0,0,BB,FRA,Offline TA/TO,TA/TO,0,0,0,A,D,0,No Deposit,28.0,0,Transient,87.0,0,0
City Hotel,0,6,2016,February,8,20,1,1,2,0.0,0,SC,IND,Online TA,TA/TO,0,0,0,A,A,0,No Deposit,9.0,0,Transient,81.0,0,0
City Hotel,0,7,2016,February,8,19,1,2,2,0.0,0,BB,FRA,Offline TA/TO,TA/TO,0,0,0,A,D,0,No Deposit,28.0,0,Transient,82.0,0,0
City Hotel,0,12,2016,February,8,18,1,3,2,0.0,0,BB,CHE,Online TA,TA/TO,0,0,0,A,A,0,No Deposit,9.0,0,Transient-Party,91.0,0,1
City Hotel,0,12,2016,February,8,18,1,3,2,0.0,0,BB,CHE,Online TA,TA/TO,0,0,0,A,A,0,No Deposit,9.0,0,Transient-Party,91.0,0,0
City Hotel,0,0,2016,February,9,21,1,0,2,0.0,0,BB,AGO,Direct,Direct,0,0,0,A,A,0,No Deposit,,0,Transient,100.0,0,0
City Hotel,0,6,2016,February,8,18,2,3,2,0.0,0,BB,FRA,Direct,Direct,0,0,0,E,E,0,No Deposit,14.0,0,Transient,107.0,0,2
City Hotel,0,31,2016,February,8,20,2,1,2,0.0,0,BB,BEL,Online TA,TA/TO,0,0,0,A,A,0,No Deposit,8.0,0,Transient,83.9,0,1
City Hotel,0,42,2016,February,8,20,2,1,2,0.0,0,BB,DEU,Direct,Direct,0,0,0,A,A,0,No Deposit,14.0,0,Transient,69.5,0,0
City Hotel,0,13,2016,February,9,21,2,0,2,0.0,0,BB,FRA,Offline TA/TO,TA/TO,0,0,0,A,D,0,No Deposit,28.0,0,Transient,87.0,0,0
City Hotel,0,19,2016,February,8,20,2,1,2,0.0,0,BB,FRA,Offline TA/TO,TA/TO,0,0,0,A,A,0,No Deposit,28.0,0,Transient,66.0,0,0
City Hotel,0,32,2016,February,8,19,2,2,2,0.0,0,BB,BEL,Online TA,TA/TO,0,0,0,A,A,0,No Deposit,9.0,0,Transient,86.15,0,1
City Hotel,0,12,2016,February,8,20,2,1,2,0.0,0,BB,BEL,Online TA,TA/TO,0,0,0,A,A,0,No Deposit,9.0,0,Transient,93.0,0,0
City Hotel,0,152,2016,February,8,20,2,1,2,0.0,0,BB,FRA,Offline TA/TO,TA/TO,0,0,0,D,D,0,No Deposit,28.0,0,Transient,62.0,0,1
City Hotel,0,152,2016,February,8,20,2,1,2,0.0,0,BB,PRT,Offline TA/TO,TA/TO,0,0,0,D,D,0,No Deposit,28.0,0,Transient,62.0,0,1
City Hotel,0,35,2016,February,8,19,2,2,2,0.0,0,SC,CHL,Online TA,TA/TO,0,0,0,A,D,0,No Deposit,9.0,0,Transient-Party,82.35,1,0
City Hotel,0,35,2016,February,8,19,2,2,2,0.0,0,SC,CHL,Online TA,TA/TO,0,0,0,A,D,0,No Deposit,9.0,0,Transient-Party,84.35,0,1
City Hotel,0,1,2016,February,8,20,2,1,2,0.0,0,BB,PRT,Offline TA/TO,TA/TO,0,0,0,A,A,0,No Deposit,138.0,0,Transient,54.0,0,0
City Hotel,0,1,2016,February,8,20,2,1,2,0.0,0,SC,CHN,Online TA,TA/TO,0,0,0,A,A,0,No Deposit,,0,Transient,81.0,0,0
City Hotel,0,15,2016,February,8,20,2,1,2,0.0,0,BB,PRT,Online TA,TA/TO,0,0,0,A,A,0,No Deposit,9.0,0,Transient-Party,93.0,0,0
City Hotel,0,15,2016,February,8,20,2,1,2,0.0,0,BB,BEL,Online TA,TA/TO,0,0,0,A,A,0,No Deposit,9.0,0,Transient-Party,93.0,0,0
City Hotel,0,14,2016,February,8,19,2,3,2,0.0,0,BB,FRA,Offline TA/TO,TA/TO,0,0,0,A,D,0,No Deposit,28.0,0,Transient,87.0,0,0
City Hotel,0,16,2016,February,9,24,0,0,2,0.0,0,BB,PRT,Offline TA/TO,TA/TO,0,0,0,A,A,1,No Deposit,28.0,0,Transient,0.0,0,0
City Hotel,0,19,2016,February,8,19,2,3,2,0.0,0,BB,FRA,Online TA,TA/TO,0,0,0,A,A,0,No Deposit,9.0,0,Transient-Party,93.0,0,2
City Hotel,0,1,2016,February,9,23,0,1,2,0.0,0,BB,AUS,Direct,Direct,0,0,0,A,A,0,No Deposit,14.0,0,Transient,107.0,1,1
City Hotel,0,101,2016,February,8,20,2,2,2,0.0,0,BB,PRT,Online TA,TA/TO,0,0,0,A,A,0,No Deposit,7.0,0,Transient,67.45,0,0
City Hotel,0,17,2016,February,9,22,1,1,2,0.0,0,BB,BEL,Offline TA/TO,TA/TO,0,0,0,A,D,0,No Deposit,28.0,0,Transient,87.0,0,1
City Hotel,0,78,2016,February,8,20,2,2,2,0.0,0,BB,GBR,Offline TA/TO,TA/TO,0,0,0,A,D,0,No Deposit,28.0,0,Transient,60.0,0,1
City Hotel,0,17,2016,February,9,21,2,1,2,0.0,0,BB,FRA,Offline TA/TO,TA/TO,0,0,0,A,D,0,No Deposit,28.0,0,Transient,87.0,0,0
City Hotel,0,19,2016,February,9,21,2,1,2,0.0,0,BB,FRA,Offline TA/TO,TA/TO,0,0,0,A,A,0,No Deposit,28.0,0,Transient,66.0,0,0
City Hotel,0,15,2016,February,8,20,2,2,2,0.0,0,BB,FRA,Offline TA/TO,TA/TO,0,0,0,A,D,0,No Deposit,28.0,0,Transient,87.0,0,0
City Hotel,0,75,2016,February,8,20,2,2,2,0.0,0,BB,PRT,Offline TA/TO,TA/TO,0,0,0,A,D,0,No Deposit,28.0,0,Transient,60.0,0,0
City Hotel,0,78,2016,February,8,20,2,2,2,0.0,0,BB,GBR,Offline TA/TO,TA/TO,0,0,0,A,D,0,No Deposit,28.0,0,Transient,60.0,0,1
City Hotel,0,40,2016,February,9,21,2,1,2,0.0,0,BB,CHN,Online TA,TA/TO,0,0,0,A,A,0,No Deposit,7.0,0,Transient,62.29,0,2
City Hotel,0,2,2016,February,9,21,2,1,2,0.0,0,BB,FRA,Offline TA/TO,TA/TO,0,0,0,A,A,0,No Deposit,28.0,0,Transient,82.0,0,0
City Hotel,0,9,2016,February,9,21,2,1,2,0.0,0,BB,FRA,Online TA,TA/TO,0,0,0,A,A,0,No Deposit,9.0,0,Transient,93.0,0,1
City Hotel,0,9,2016,February,9,22,1,1,2,0.0,0,HB,ESP,Offline TA/TO,TA/TO,0,0,0,D,D,1,No Deposit,83.0,0,Transient,86.8,0,0
City Hotel,0,14,2016,February,9,23,0,1,2,0.0,0,BB,FRA,Direct,Direct,0,0,0,A,A,0,No Deposit,,0,Transient,67.0,0,1
City Hotel,0,3,2016,February,9,23,0,2,2,0.0,0,BB,FRA,Direct,Direct,0,0,0,A,A,0,No Deposit,,0,Transient,84.0,0,0
City Hotel,0,20,2016,February,9,21,2,2,2,0.0,0,BB,FRA,Offline TA/TO,TA/TO,0,0,0,A,A,0,No Deposit,28.0,0,Transient,66.0,0,0
City Hotel,0,38,2016,February,9,21,2,2,2,0.0,0,BB,GBR,Offline TA/TO,TA/TO,0,0,0,D,D,0,No Deposit,22.0,0,Transient,75.8,0,0
City Hotel,0,0,2016,February,9,24,0,1,2,0.0,0,BB,POL,Online TA,TA/TO,0,0,0,A,A,0,No Deposit,9.0,0,Transient,97.0,0,0
City Hotel,0,12,2016,February,9,23,0,2,2,0.0,0,BB,DEU,Online TA,TA/TO,0,0,0,A,A,0,No Deposit,9.0,0,Transient,93.0,0,0
City Hotel,0,10,2016,February,8,20,2,3,2,0.0,0,SC,NLD,Online TA,TA/TO,0,0,0,A,A,0,No Deposit,9.0,0,Transient,81.0,0,0
City Hotel,0,13,2016,February,9,23,0,2,2,0.0,0,HB,BEL,Direct,Direct,0,0,0,E,E,2,No Deposit,14.0,0,Transient,172.0,0,0
City Hotel,0,30,2016,February,9,21,2,2,2,0.0,0,BB,PRT,Online TA,TA/TO,0,0,0,A,A,0,No Deposit,7.0,0,Transient,65.06,0,1
City Hotel,0,0,2016,February,9,23,0,2,2,0.0,0,SC,PRT,Direct,Direct,0,0,0,A,A,1,No Deposit,,0,Transient,87.0,0,0
City Hotel,0,36,2016,February,9,22,1,2,2,0.0,0,BB,FRA,Online TA,TA/TO,0,0,0,A,A,0,No Deposit,9.0,0,Transient,82.7,0,1
City Hotel,0,36,2016,February,9,22,1,2,2,0.0,0,BB,FRA,Online TA,TA/TO,0,0,0,A,A,0,No Deposit,9.0,0,Transient,82.7,0,1
City Hotel,0,9,2016,February,9,23,0,2,2,0.0,0,SC,ITA,Online TA,TA/TO,0,0,0,A,A,0,No Deposit,9.0,0,Transient,81.0,0,0
City Hotel,0,5,2016,February,9,22,1,2,2,0.0,0,SC,FRA,Online TA,TA/TO,0,0,0,A,A,1,No Deposit,10.0,0,Transient,77.1,0,0
City Hotel,0,86,2016,February,8,20,2,3,2,0.0,0,BB,DEU,Online TA,TA/TO,0,0,0,A,D,1,No Deposit,7.0,0,Transient,56.93,0,1
City Hotel,0,32,2016,February,9,22,1,2,2,0.0,0,BB,PRT,Online TA,TA/TO,0,0,0,A,A,0,No Deposit,9.0,0,Transient,83.9,0,1
City Hotel,0,9,2016,February,9,22,1,2,2,0.0,0,BB,FRA,Online TA,TA/TO,0,0,0,A,A,0,No Deposit,9.0,0,Transient,91.0,0,1
City Hotel,0,32,2016,February,9,21,2,2,2,0.0,0,BB,ITA,Online TA,TA/TO,0,0,0,A,A,0,No Deposit,9.0,0,Transient,74.0,0,1
City Hotel,0,32,2016,February,9,22,1,2,2,0.0,0,BB,GBR,Online TA,TA/TO,0,0,0,D,D,0,No Deposit,7.0,0,Transient,64.22,0,1
City Hotel,0,0,2016,February,9,24,0,1,2,0.0,0,SC,PRT,Online TA,TA/TO,0,0,0,A,A,0,No Deposit,9.0,0,Transient,85.0,0,0
City Hotel,0,0,2016,February,9,24,0,1,2,0.0,0,BB,PRT,Online TA,TA/TO,0,0,0,A,A,0,No Deposit,9.0,0,Transient,97.0,0,1
City Hotel,0,19,2016,February,9,23,0,2,2,0.0,0,SC,ITA,Online TA,TA/TO,0,0,0,A,A,0,No Deposit,9.0,0,Transient,81.0,0,2
City Hotel,0,41,2016,February,9,22,1,2,2,0.0,0,BB,PRT,Online TA,TA/TO,0,0,0,B,B,1,No Deposit,9.0,0,Transient-Party,71.52,0,1
City Hotel,0,41,2016,February,9,22,1,2,2,0.0,0,BB,PRT,Online TA,TA/TO,0,0,0,B,B,0,No Deposit,9.0,0,Transient-Party,71.53,0,0
City Hotel,0,18,2016,February,9,21,2,2,2,0.0,0,BB,FRA,Offline TA/TO,TA/TO,0,0,0,A,D,0,No Deposit,28.0,0,Transient,87.0,0,0
City Hotel,0,22,2016,February,9,22,1,2,2,0.0,0,BB,PRT,Online TA,TA/TO,0,0,0,D,D,0,No Deposit,9.0,0,Transient,108.0,0,1
City Hotel,0,109,2016,February,9,21,2,2,2,0.0,0,BB,FRA,Online TA,TA/TO,0,0,0,A,A,2,No Deposit,10.0,0,Transient,62.7,0,0
City Hotel,0,15,2016,February,9,23,0,2,2,0.0,0,BB,CHE,Direct,Direct,0,0,0,A,A,0,No Deposit,14.0,0,Transient,91.0,0,0
City Hotel,0,10,2016,February,9,22,1,3,2,0.0,0,BB,PRT,Direct,Direct,0,0,0,E,E,1,No Deposit,,0,Transient,107.0,1,1
City Hotel,0,2,2017,June,26,26,1,1,2,0.0,0,BB,AGO,Direct,Direct,1,0,1,A,D,4,No Deposit,14.0,0,Transient,146.67,0,1
City Hotel,0,6,2016,February,9,21,2,3,2,0.0,0,BB,FRA,Offline TA/TO,TA/TO,0,0,0,A,A,0,No Deposit,28.0,0,Transient,70.0,0,0
City Hotel,0,5,2016,February,9,25,0,1,2,0.0,0,SC,USA,Online TA,TA/TO,0,0,0,A,A,0,No Deposit,9.0,0,Transient,81.0,0,2
City Hotel,0,17,2016,February,9,25,0,1,2,0.0,0,SC,HUN,Online TA,TA/TO,0,0,0,A,A,0,No Deposit,9.0,0,Transient,81.0,0,0
City Hotel,0,20,2016,February,9,24,0,2,2,0.0,0,BB,FRA,Online TA,TA/TO,0,0,0,A,A,1,No Deposit,7.0,0,Transient,67.22,0,2
City Hotel,0,36,2016,February,9,22,1,3,2,0.0,0,SC,BGR,Online TA,TA/TO,0,0,0,A,A,0,No Deposit,9.0,0,Transient,71.3,0,1
City Hotel,0,80,2016,February,9,22,1,3,2,0.0,0,BB,PRT,Offline TA/TO,TA/TO,0,0,0,A,D,0,No Deposit,28.0,0,Transient,60.0,0,0
City Hotel,0,1,2016,February,9,25,0,1,2,0.0,0,BB,PRT,Direct,Direct,0,0,0,D,D,0,No Deposit,,0,Transient,102.0,0,0
City Hotel,0,8,2016,February,9,22,1,3,2,0.0,0,BB,FRA,Online TA,TA/TO,0,0,0,A,A,0,No Deposit,9.0,0,Transient,93.0,0,0
City Hotel,0,22,2016,February,8,19,2,5,2,0.0,0,BB,GBR,Direct,Direct,0,0,0,A,A,0,No Deposit,,0,Transient,100.0,1,1
City Hotel,0,4,2016,February,9,25,0,1,2,0.0,0,SC,PRT,Online TA,TA/TO,0,0,0,A,A,0,No Deposit,9.0,0,Transient,81.0,0,2
City Hotel,0,8,2016,February,9,22,1,3,2,0.0,0,BB,PRT,Online TA,TA/TO,0,0,0,A,A,0,No Deposit,9.0,0,Transient,93.0,0,0
City Hotel,0,20,2016,February,9,24,0,2,2,0.0,0,BB,GBR,Online TA,TA/TO,0,0,0,A,A,1,No Deposit,7.0,0,Transient,67.22,0,2
City Hotel,0,12,2016,February,9,23,0,3,2,0.0,0,BB,FRA,Online TA,TA/TO,0,0,0,A,A,0,No Deposit,7.0,0,Transient,72.07,0,1
City Hotel,0,0,2016,February,9,25,0,1,2,0.0,0,SC,PRT,Direct,Direct,0,0,0,A,A,0,No Deposit,14.0,0,Transient,79.0,0,0
City Hotel,0,1,2016,February,9,25,0,1,2,0.0,0,SC,PRT,Online TA,TA/TO,0,0,0,A,A,0,No Deposit,9.0,0,Transient,88.0,1,1
City Hotel,0,1,2016,March,10,1,0,2,2,0.0,0,BB,PRT,Complementary,Direct,1,0,1,D,D,0,No Deposit,,0,Transient,0.0,0,1
City Hotel,0,1,2017,February,7,14,0,1,2,0.0,0,BB,PRT,Complementary,Direct,1,0,2,A,E,0,No Deposit,,0,Transient,0.0,0,1
City Hotel,0,1,2017,February,7,14,0,1,2,0.0,0,BB,PRT,Complementary,Direct,1,0,2,A,D,0,No Deposit,,0,Transient,0.0,0,1
City Hotel,0,0,2016,February,9,25,0,1,2,0.0,0,SC,PRT,Direct,Direct,0,0,0,A,A,0,No Deposit,,0,Transient,77.0,0,0
City Hotel,0,7,2016,February,9,24,0,3,2,0.0,0,BB,FRA,Offline TA/TO,TA/TO,0,0,0,A,A,0,No Deposit,28.0,0,Transient,82.0,0,0
City Hotel,0,0,2016,February,9,26,0,1,2,0.0,0,SC,SWE,Online TA,TA/TO,0,0,0,A,A,0,No Deposit,9.0,0,Transient,79.0,0,1
City Hotel,0,68,2016,February,8,20,2,5,2,0.0,0,BB,DEU,Offline TA/TO,TA/TO,0,0,0,A,A,0,No Deposit,27.0,0,Transient,43.43,0,0
City Hotel,0,1,2016,February,9,26,0,1,2,0.0,0,SC,PRT,Online TA,TA/TO,0,0,0,A,A,0,No Deposit,9.0,0,Transient,81.0,0,0
City Hotel,0,12,2016,February,9,23,0,4,2,0.0,0,SC,DEU,Online TA,TA/TO,0,0,0,A,A,0,No Deposit,9.0,0,Transient,81.0,0,0
City Hotel,0,14,2016,February,9,24,0,3,2,0.0,0,BB,FRA,Offline TA/TO,TA/TO,0,0,0,A,D,0,No Deposit,28.0,0,Transient,87.0,0,0
City Hotel,0,2,2016,February,9,26,0,1,2,0.0,0,BB,PRT,Online TA,TA/TO,0,0,0,D,D,0,No Deposit,9.0,0,Transient,108.0,0,1
City Hotel,0,3,2016,February,9,26,0,1,2,0.0,0,BB,PRT,Corporate,Corporate,0,0,0,A,A,2,No Deposit,,0,Transient-Party,31.0,0,1
City Hotel,0,1,2016,February,9,24,0,3,2,0.0,0,BB,PRT,Online TA,TA/TO,0,0,0,A,A,0,No Deposit,7.0,0,Transient,73.61,0,0
City Hotel,0,50,2016,February,9,24,0,3,2,0.0,0,BB,FRA,Offline TA/TO,TA/TO,0,0,0,A,A,0,No Deposit,28.0,0,Transient,74.0,0,0
City Hotel,0,3,2016,February,9,25,0,2,2,0.0,0,SC,IRL,Online TA,TA/TO,0,0,0,A,A,0,No Deposit,9.0,0,Transient,83.5,0,1
City Hotel,0,15,2016,February,9,25,0,2,2,0.0,0,BB,NLD,Online TA,TA/TO,0,0,0,A,A,0,No Deposit,9.0,0,Transient,93.0,0,0
City Hotel,0,2,2016,February,9,26,0,1,2,0.0,0,BB,PRT,Online TA,TA/TO,0,0,0,A,A,0,No Deposit,9.0,0,Transient,93.0,0,0
City Hotel,0,38,2016,February,9,24,0,3,2,0.0,0,BB,GBR,Direct,Direct,0,0,0,A,A,1,No Deposit,14.0,0,Transient,75.5,0,0
City Hotel,0,39,2016,February,9,26,0,1,2,0.0,0,SC,PRT,Online TA,TA/TO,0,0,0,A,A,2,No Deposit,9.0,0,Transient,81.0,0,1
City Hotel,0,4,2016,February,9,25,0,2,2,0.0,0,BB,ITA,Online TA,TA/TO,0,0,0,A,A,0,No Deposit,9.0,0,Transient,93.0,0,0
City Hotel,0,1,2016,February,9,26,0,1,2,0.0,0,SC,ESP,Online TA,TA/TO,0,0,0,A,A,0,No Deposit,9.0,0,Transient,79.0,0,0
City Hotel,0,4,2016,February,9,25,0,2,2,0.0,0,BB,BRA,Direct,Direct,0,0,0,E,E,0,No Deposit,,0,Transient,127.0,0,0
City Hotel,0,33,2016,February,9,23,0,4,2,0.0,0,BB,GBR,Online TA,TA/TO,0,0,0,D,D,0,No Deposit,7.0,0,Transient,61.6,0,1
City Hotel,0,1,2016,February,9,25,0,2,2,0.0,0,BB,PRT,Online TA,TA/TO,0,0,0,A,A,0,No Deposit,9.0,0,Transient,102.0,0,1
City Hotel,0,21,2016,February,9,25,0,2,2,0.0,0,SC,RUS,Online TA,TA/TO,0,0,0,A,A,0,No Deposit,9.0,0,Transient,81.0,0,0
City Hotel,0,3,2016,February,9,26,0,1,2,0.0,0,BB,PRT,Corporate,Corporate,0,0,0,A,A,2,No Deposit,,0,Transient-Party,31.0,0,1
City Hotel,0,3,2016,February,9,26,0,2,2,0.0,0,BB,PRT,Corporate,Corporate,0,0,0,A,A,3,No Deposit,,0,Transient-Party,31.0,0,1
City Hotel,0,1,2016,February,9,26,0,2,2,0.0,0,BB,PRT,Corporate,Corporate,0,0,0,A,A,3,No Deposit,,0,Transient-Party,31.0,0,1
City Hotel,0,0,2016,February,9,26,0,1,2,0.0,0,BB,PRT,Direct,Direct,0,0,0,A,A,0,No Deposit,,0,Transient,89.0,0,0
City Hotel,0,0,2016,February,9,26,0,1,2,0.0,0,BB,PRT,Direct,Direct,0,0,0,A,A,0,No Deposit,,0,Transient,89.0,0,0
City Hotel,0,44,2016,February,9,21,2,5,2,0.0,0,SC,ESP,Online TA,TA/TO,0,0,0,A,A,0,No Deposit,9.0,0,Transient,66.29,0,1
City Hotel,0,1,2016,February,9,27,0,1,2,0.0,0,SC,MCO,Online TA,TA/TO,0,0,0,A,A,0,No Deposit,9.0,0,Transient,91.0,0,1
City Hotel,0,18,2016,February,9,22,1,5,2,0.0,0,BB,DEU,Offline TA/TO,TA/TO,0,0,0,A,A,0,No Deposit,27.0,0,Transient,50.33,0,0
City Hotel,0,29,2016,February,9,24,0,4,2,0.0,0,BB,PRT,Offline TA/TO,TA/TO,0,0,0,A,A,0,No Deposit,28.0,0,Transient,66.0,0,0
City Hotel,0,40,2016,February,9,27,0,1,2,0.0,0,BB,DEU,Offline TA/TO,TA/TO,0,0,0,A,A,0,No Deposit,16.0,0,Transient,65.0,0,0
City Hotel,0,19,2016,February,9,23,0,5,2,0.0,0,BB,FRA,Offline TA/TO,TA/TO,0,0,0,A,D,0,No Deposit,28.0,0,Transient,87.0,0,0
City Hotel,0,0,2016,February,9,27,0,1,2,0.0,0,BB,USA,Online TA,TA/TO,0,0,0,A,A,1,No Deposit,9.0,0,Transient,89.0,0,1
City Hotel,0,10,2016,February,9,24,0,4,2,0.0,0,BB,NLD,Online TA,TA/TO,0,0,0,A,A,0,No Deposit,9.0,0,Transient-Party,93.0,0,1
City Hotel,0,10,2016,February,9,24,0,4,2,0.0,0,BB,NLD,Online TA,TA/TO,0,0,0,A,A,0,No Deposit,9.0,0,Transient-Party,93.0,0,1
City Hotel,0,0,2016,February,9,25,0,3,2,0.0,0,BB,HRV,Direct,Direct,0,0,0,A,A,0,No Deposit,,0,Transient,89.0,0,0
City Hotel,0,44,2016,February,9,23,0,5,2,0.0,0,BB,NLD,Online TA,TA/TO,0,0,0,A,A,0,No Deposit,9.0,0,Transient,74.82,0,1
City Hotel,0,13,2016,February,9,26,0,2,2,0.0,0,BB,GBR,Offline TA/TO,TA/TO,0,0,0,A,A,0,No Deposit,138.0,0,Transient,64.0,0,0
City Hotel,0,12,2016,February,9,27,0,1,2,0.0,0,BB,FRA,Online TA,TA/TO,0,0,0,D,D,0,No Deposit,9.0,0,Transient,108.0,0,1
City Hotel,0,1,2016,February,9,25,0,3,2,0.0,0,BB,ESP,Online TA,TA/TO,0,0,0,F,B,1,No Deposit,9.0,0,Transient-Party,100.0,0,0
City Hotel,0,7,2016,February,9,26,0,2,2,0.0,0,BB,DEU,Online TA,TA/TO,0,0,0,A,A,0,No Deposit,9.0,0,Transient,93.0,0,1
City Hotel,0,12,2016,February,9,26,0,2,2,0.0,0,BB,BEL,Online TA,TA/TO,0,0,0,A,A,0,No Deposit,9.0,0,Transient,93.0,0,1
City Hotel,0,1,2016,February,9,27,0,1,2,0.0,0,BB,PRT,Online TA,TA/TO,0,0,0,A,A,0,No Deposit,9.0,0,Transient,112.0,1,1
City Hotel,0,12,2016,February,9,27,0,1,2,0.0,0,BB,PRT,Online TA,TA/TO,0,0,0,D,D,0,No Deposit,9.0,0,Transient-Party,108.0,0,1
City Hotel,0,3,2016,February,9,25,0,3,2,0.0,0,BB,ESP,Online TA,TA/TO,0,0,0,A,A,0,No Deposit,15.0,0,Transient,80.8,0,0
City Hotel,0,45,2016,February,9,25,0,3,2,0.0,0,BB,DEU,Online TA,TA/TO,0,0,0,A,A,2,No Deposit,9.0,0,Transient,80.3,0,1
City Hotel,0,4,2016,February,9,26,0,2,2,0.0,0,BB,PRT,Online TA,TA/TO,0,0,0,A,A,1,No Deposit,9.0,0,Transient,87.0,0,1
City Hotel,0,1,2016,February,9,27,0,1,2,0.0,0,BB,PRT,Direct,Direct,0,0,0,D,D,0,No Deposit,14.0,0,Transient,97.0,0,1
City Hotel,0,35,2016,February,9,25,0,3,2,0.0,0,SC,GBR,Online TA,TA/TO,0,0,0,A,A,0,No Deposit,9.0,0,Transient,70.03,0,1
City Hotel,0,7,2016,February,9,27,0,1,2,0.0,0,BB,FRA,Online TA,TA/TO,0,0,0,A,A,0,No Deposit,9.0,0,Transient,92.0,0,1
City Hotel,0,3,2016,February,9,25,0,3,2,0.0,0,BB,FRA,Offline TA/TO,TA/TO,0,0,0,A,A,0,No Deposit,28.0,0,Transient,81.0,0,0
City Hotel,0,0,2016,February,9,26,0,2,2,0.0,0,BB,PRT,Direct,Direct,0,0,0,A,A,0,No Deposit,,0,Transient,0.0,0,0
City Hotel,0,1,2016,February,9,27,0,1,2,0.0,0,BB,GBR,Online TA,TA/TO,0,0,0,A,A,0,No Deposit,9.0,0,Transient-Party,102.0,0,1
City Hotel,0,1,2016,February,9,27,0,1,2,0.0,0,BB,GBR,Online TA,TA/TO,0,0,0,A,A,0,No Deposit,9.0,0,Transient-Party,103.0,0,1
City Hotel,0,18,2016,February,9,22,1,5,2,0.0,0,SC,FRA,Online TA,TA/TO,0,0,0,A,A,0,No Deposit,7.0,0,Transient,62.83,0,1
City Hotel,0,18,2016,February,9,26,0,2,2,0.0,0,SC,ITA,Online TA,TA/TO,0,0,0,A,A,0,No Deposit,9.0,0,Transient,81.0,0,0
City Hotel,0,45,2016,February,9,26,0,2,2,0.0,0,BB,ITA,Direct,Direct,0,0,0,D,D,0,No Deposit,14.0,0,Transient,81.9,0,2
City Hotel,0,42,2016,February,9,26,0,2,2,0.0,0,BB,PRT,Offline TA/TO,TA/TO,0,0,0,A,A,0,No Deposit,85.0,0,Transient,74.0,0,0
City Hotel,0,5,2016,February,9,25,0,3,2,0.0,0,BB,CHN,Online TA,TA/TO,0,0,0,A,A,0,No Deposit,9.0,0,Transient,93.0,0,1
City Hotel,0,5,2016,February,9,27,0,1,2,0.0,0,BB,ESP,Online TA,TA/TO,0,0,0,A,A,0,No Deposit,7.0,0,Transient,81.07,1,2
City Hotel,0,48,2016,February,9,26,0,2,2,0.0,0,BB,BRA,Online TA,TA/TO,0,0,0,A,A,1,No Deposit,9.0,0,Transient,79.4,0,1
City Hotel,0,15,2016,February,9,24,0,4,2,0.0,0,BB,FRA,Online TA,TA/TO,0,0,0,A,A,0,No Deposit,9.0,0,Transient,93.0,0,1
City Hotel,0,115,2016,February,9,27,0,1,2,0.0,0,BB,PRT,Offline TA/TO,TA/TO,0,0,0,A,A,2,No Deposit,134.0,0,Transient-Party,1.0,0,0
City Hotel,0,2,2016,February,9,27,0,1,2,0.0,0,BB,CHN,Online TA,TA/TO,0,0,0,A,A,0,No Deposit,9.0,0,Transient,93.0,0,1
City Hotel,0,4,2016,December,49,3,2,1,2,0.0,0,BB,PRT,Offline TA/TO,TA/TO,1,0,1,D,D,0,No Deposit,211.0,0,Transient,12.0,0,2
City Hotel,0,33,2016,February,9,23,0,5,2,0.0,0,BB,HRV,Online TA,TA/TO,0,0,0,A,A,0,No Deposit,9.0,0,Transient,80.46,0,1
City Hotel,0,24,2016,February,9,26,0,2,2,0.0,0,SC,PRT,Online TA,TA/TO,0,0,0,A,A,0,No Deposit,9.0,0,Transient,79.0,0,1
City Hotel,0,3,2016,February,9,27,0,1,2,0.0,0,BB,CHN,Online TA,TA/TO,0,0,0,A,A,0,No Deposit,9.0,0,Transient,93.0,0,0
City Hotel,0,16,2016,February,9,26,0,2,2,0.0,0,BB,FRA,Offline TA/TO,TA/TO,0,0,0,A,D,0,No Deposit,28.0,0,Transient,87.0,0,0
City Hotel,0,8,2016,February,9,26,0,2,2,0.0,0,SC,PRT,Online TA,TA/TO,0,0,0,A,A,0,No Deposit,9.0,0,Transient,81.0,0,1
City Hotel,0,6,2016,February,9,25,0,3,2,0.0,0,BB,FRA,Offline TA/TO,TA/TO,0,0,0,A,A,0,No Deposit,20.0,0,Transient,62.0,0,1
City Hotel,0,21,2016,February,9,23,0,5,2,0.0,0,BB,PRT,Offline TA/TO,TA/TO,0,0,0,A,D,1,No Deposit,28.0,0,Transient,87.0,0,0
City Hotel,0,0,2016,February,8,18,2,8,2,0.0,0,BB,PRT,Direct,Direct,0,0,0,A,F,5,No Deposit,,0,Transient,89.0,0,1
City Hotel,0,6,2016,February,9,24,0,4,2,0.0,0,BB,ITA,Online TA,TA/TO,0,0,0,D,D,0,No Deposit,9.0,0,Transient,109.5,0,1
City Hotel,0,5,2016,February,9,26,0,2,2,0.0,0,SC,PRT,Online TA,TA/TO,0,0,0,A,A,0,No Deposit,9.0,0,Transient,81.0,0,1
City Hotel,0,1,2016,February,9,27,0,1,2,0.0,0,BB,PRT,Direct,Direct,0,0,0,A,A,0,No Deposit,,0,Transient,91.0,0,1
City Hotel,0,4,2016,February,9,25,0,3,2,0.0,0,BB,GBR,Online TA,TA/TO,0,0,0,A,A,0,No Deposit,9.0,0,Transient,93.0,0,1
City Hotel,0,27,2016,February,9,25,1,3,2,0.0,0,BB,FRA,Direct,Direct,0,0,0,E,E,0,No Deposit,14.0,0,Transient,129.5,0,0
City Hotel,0,9,2016,February,9,26,1,2,2,0.0,0,BB,AUT,Online TA,TA/TO,0,0,0,D,D,0,No Deposit,7.0,0,Transient,64.03,0,1
City Hotel,0,20,2016,February,9,27,1,1,2,0.0,0,BB,IRL,Online TA,TA/TO,0,0,0,D,D,0,No Deposit,9.0,0,Transient,113.0,0,0
City Hotel,0,22,2016,February,9,26,1,2,2,0.0,0,BB,DEU,Online TA,TA/TO,0,0,0,A,A,0,No Deposit,7.0,0,Transient,72.64,0,1
City Hotel,0,38,2016,February,9,26,1,2,2,0.0,0,SC,ESP,Online TA,TA/TO,0,0,0,A,A,0,No Deposit,9.0,0,Transient,61.07,0,1
City Hotel,0,43,2016,February,9,26,1,2,2,0.0,0,BB,ESP,Online TA,TA/TO,0,0,0,A,A,0,No Deposit,9.0,0,Transient,88.5,1,1
City Hotel,0,28,2016,February,9,26,1,2,2,0.0,0,BB,ESP,Offline TA/TO,TA/TO,0,0,0,A,D,0,No Deposit,28.0,0,Transient,57.0,0,0
City Hotel,0,90,2016,February,9,26,1,2,2,0.0,0,BB,DEU,Direct,Direct,0,0,0,A,A,0,No Deposit,14.0,0,Transient,77.0,0,0
City Hotel,0,32,2016,February,9,26,1,2,2,0.0,0,BB,ITA,Offline TA/TO,TA/TO,0,0,0,A,D,0,No Deposit,26.0,0,Transient,62.0,0,2
City Hotel,0,0,2016,February,9,24,1,4,2,0.0,0,BB,PRT,Direct,Direct,0,0,0,D,D,0,No Deposit,,0,Transient,101.28,1,2
City Hotel,0,35,2016,February,9,26,1,2,2,0.0,0,BB,DEU,Direct,Direct,0,0,0,D,D,0,No Deposit,,0,Transient,86.9,0,1
City Hotel,0,35,2016,February,9,26,1,2,2,0.0,0,BB,DEU,Direct,Direct,0,0,0,D,D,0,No Deposit,,0,Transient,86.9,0,1
City Hotel,0,4,2016,February,10,28,1,0,2,0.0,0,BB,PRT,Direct,Direct,0,0,0,D,D,0,No Deposit,,0,Transient,102.0,0,0
City Hotel,0,4,2016,February,9,26,1,2,2,0.0,0,BB,PRT,Online TA,TA/TO,0,0,0,D,D,0,No Deposit,9.0,0,Transient,108.0,0,0
City Hotel,0,24,2016,February,9,25,1,3,2,0.0,0,BB,CHE,Offline TA/TO,TA/TO,0,0,0,A,A,0,No Deposit,138.0,0,Transient,59.5,0,0
City Hotel,0,47,2016,February,9,26,1,2,2,0.0,0,SC,ESP,Online TA,TA/TO,0,0,0,A,A,0,No Deposit,9.0,0,Transient,81.5,1,1
City Hotel,0,47,2016,February,9,26,1,2,2,0.0,0,SC,ESP,Online TA,TA/TO,0,0,0,A,A,0,No Deposit,9.0,0,Transient,72.5,0,0
City Hotel,0,38,2016,February,9,27,1,1,2,0.0,0,BB,ESP,Online TA,TA/TO,0,0,0,A,A,0,No Deposit,9.0,0,Transient,73.2,0,1
City Hotel,0,36,2016,February,9,27,1,1,2,0.0,0,BB,ESP,Online TA,TA/TO,0,0,0,A,A,1,No Deposit,9.0,0,Transient-Party,91.3,0,0
City Hotel,0,1,2016,February,9,27,1,1,2,0.0,0,BB,ESP,Online TA,TA/TO,0,0,0,D,D,0,No Deposit,9.0,0,Transient,117.0,0,0
City Hotel,0,28,2016,February,9,26,1,2,2,0.0,0,BB,FRA,Online TA,TA/TO,0,0,0,A,A,0,No Deposit,7.0,0,Transient,70.04,0,1
City Hotel,0,5,2016,February,9,21,3,5,2,0.0,0,BB,DEU,Online TA,TA/TO,0,0,0,D,D,0,No Deposit,7.0,0,Transient,67.05,0,1
City Hotel,0,117,2016,February,10,29,1,2,2,0.0,0,BB,IRN,Offline TA/TO,TA/TO,0,0,0,A,A,2,No Deposit,134.0,0,Transient-Party,86.33,0,0
City Hotel,0,34,2016,February,9,22,2,5,2,0.0,0,BB,DEU,Direct,Direct,0,0,0,A,A,0,No Deposit,14.0,0,Transient,80.04,1,0
City Hotel,0,100,2016,February,9,25,1,3,2,0.0,0,BB,GBR,Online TA,TA/TO,0,0,0,D,E,0,No Deposit,7.0,0,Transient,65.49,0,3
City Hotel,0,0,2016,February,9,26,1,2,2,0.0,0,BB,PRT,Offline TA/TO,TA/TO,0,0,0,A,A,1,No Deposit,134.0,0,Transient-Party,70.0,0,0
City Hotel,0,32,2016,February,9,27,1,1,2,0.0,0,BB,PRT,Direct,Direct,0,0,0,D,D,0,No Deposit,14.0,0,Transient,78.5,0,2
City Hotel,0,5,2016,February,9,27,2,1,2,0.0,0,BB,FRA,Online TA,TA/TO,0,0,0,D,D,0,No Deposit,9.0,0,Transient,108.0,0,1
City Hotel,0,48,2016,February,9,27,2,1,2,0.0,0,BB,POL,Online TA,TA/TO,0,0,0,A,A,0,No Deposit,9.0,0,Transient,86.3,0,1
City Hotel,0,6,2016,February,10,28,2,0,2,0.0,0,BB,GBR,Offline TA/TO,TA/TO,0,0,0,A,A,0,No Deposit,138.0,0,Transient,54.0,0,0
City Hotel,0,1,2016,February,9,27,2,1,2,0.0,0,BB,FRA,Online TA,TA/TO,0,0,0,D,D,0,No Deposit,9.0,0,Transient,108.0,0,1
City Hotel,0,24,2016,February,9,27,2,1,2,0.0,0,BB,DEU,Offline TA/TO,TA/TO,0,0,0,D,D,0,No Deposit,27.0,0,Transient,48.67,0,0
City Hotel,0,34,2016,February,10,28,2,0,2,0.0,0,BB,PRT,Complementary,Direct,0,0,0,A,A,0,No Deposit,,0,Transient,6.5,0,1
City Hotel,0,116,2016,February,10,28,2,0,2,0.0,0,BB,PAN,Offline TA/TO,TA/TO,0,0,0,A,A,1,No Deposit,134.0,0,Transient-Party,70.0,0,0
City Hotel,0,46,2016,February,9,27,2,2,2,0.0,0,BB,FRA,Direct,Direct,0,0,0,A,E,0,No Deposit,14.0,0,Transient,74.68,0,0
City Hotel,0,116,2016,February,10,28,2,1,2,0.0,0,BB,COL,Offline TA/TO,TA/TO,0,0,0,A,D,1,No Deposit,134.0,0,Transient-Party,87.0,0,0
City Hotel,0,115,2016,February,9,27,2,2,2,0.0,0,BB,PRT,Offline TA/TO,TA/TO,0,0,0,A,D,2,No Deposit,134.0,0,Transient-Party,87.0,0,0
City Hotel,0,115,2016,February,9,27,2,2,2,0.0,0,BB,BRA,Offline TA/TO,TA/TO,0,0,0,A,A,2,No Deposit,134.0,0,Transient-Party,87.0,0,0
City Hotel,0,0,2016,March,10,1,0,1,2,0.0,0,BB,FRA,Online TA,TA/TO,0,0,0,A,A,0,No Deposit,9.0,0,Transient,101.0,0,0
City Hotel,0,31,2016,February,10,28,2,1,2,0.0,0,BB,FRA,Offline TA/TO,TA/TO,0,0,0,A,A,0,No Deposit,28.0,0,Transient,71.33,0,0
City Hotel,0,30,2016,February,10,28,2,1,2,0.0,0,BB,FRA,Offline TA/TO,TA/TO,0,0,0,A,A,0,No Deposit,28.0,0,Transient-Party,72.0,0,1
City Hotel,0,30,2016,February,10,28,2,1,2,0.0,0,BB,FRA,Offline TA/TO,TA/TO,0,0,0,A,A,0,No Deposit,28.0,0,Transient-Party,72.0,0,1
City Hotel,0,26,2016,February,10,28,2,1,2,0.0,0,BB,FRA,Offline TA/TO,TA/TO,0,0,0,A,D,0,No Deposit,28.0,0,Transient,87.0,0,0
City Hotel,0,115,2016,February,9,27,2,2,2,0.0,0,BB,PRT,Offline TA/TO,TA/TO,0,0,0,A,A,2,No Deposit,134.0,0,Transient-Party,87.0,0,0
City Hotel,0,116,2016,February,10,28,2,1,2,0.0,0,BB,PRT,Offline TA/TO,TA/TO,0,0,0,A,A,1,No Deposit,134.0,0,Transient-Party,96.0,0,0
City Hotel,0,33,2016,February,10,29,1,1,2,0.0,0,BB,DEU,Online TA,TA/TO,0,0,0,D,D,0,No Deposit,9.0,0,Transient,106.4,0,0
City Hotel,0,98,2016,February,9,25,2,4,2,0.0,0,BB,AUT,Offline TA/TO,TA/TO,0,0,0,A,A,0,No Deposit,27.0,0,Transient,50.33,0,0
City Hotel,0,115,2016,February,9,27,2,2,2,0.0,0,BB,PRT,Offline TA/TO,TA/TO,0,0,0,A,A,2,No Deposit,134.0,0,Transient-Party,87.0,0,0
City Hotel,0,115,2016,February,9,27,2,2,2,0.0,0,BB,BRA,Offline TA/TO,TA/TO,0,0,0,A,A,2,No Deposit,134.0,0,Transient-Party,86.0,0,0
City Hotel,0,115,2016,February,9,27,2,2,2,0.0,0,BB,PRT,Offline TA/TO,TA/TO,0,0,0,A,A,2,No Deposit,134.0,0,Transient-Party,87.0,0,0
City Hotel,0,0,2016,March,10,1,0,1,2,0.0,0,SC,PRT,Online TA,TA/TO,0,0,0,A,A,0,No Deposit,9.0,0,Transient,89.0,0,0
City Hotel,0,21,2016,March,10,1,0,1,2,0.0,0,BB,BRA,Offline TA/TO,TA/TO,0,0,0,A,D,0,No Deposit,138.0,0,Transient,64.8,0,0
City Hotel,0,118,2016,March,10,1,0,1,2,0.0,0,BB,FRA,Offline TA/TO,TA/TO,0,0,0,A,A,0,No Deposit,134.0,0,Transient-Party,86.0,0,0
City Hotel,0,0,2016,March,10,2,0,1,2,0.0,0,SC,PRT,Direct,Direct,0,0,0,A,A,0,No Deposit,,0,Transient,89.0,0,0
City Hotel,0,11,2016,March,10,1,0,2,2,0.0,0,BB,IRL,Online TA,TA/TO,0,0,0,A,A,0,No Deposit,7.0,0,Transient,75.92,0,1
City Hotel,0,39,2016,February,10,28,2,2,2,0.0,0,SC,DEU,Online TA,TA/TO,0,0,0,A,A,0,No Deposit,9.0,0,Transient-Party,72.2,0,1
City Hotel,0,17,2016,February,9,27,2,3,2,0.0,0,BB,DEU,Offline TA/TO,TA/TO,0,0,0,A,A,0,No Deposit,27.0,0,Transient,46.4,0,0
City Hotel,0,21,2016,March,10,1,0,2,2,0.0,0,BB,FRA,Online TA,TA/TO,0,0,0,A,D,0,No Deposit,9.0,0,Transient-Party,104.05,0,0
City Hotel,0,7,2016,March,10,2,0,1,2,0.0,0,SC,PRT,Online TA,TA/TO,0,0,0,A,A,0,No Deposit,9.0,0,Transient,81.0,0,1
City Hotel,0,0,2016,March,10,2,0,1,2,0.0,0,BB,ESP,Groups,Direct,0,0,0,A,A,0,No Deposit,,0,Transient,101.0,0,0
City Hotel,0,7,2016,February,10,28,2,2,2,0.0,0,BB,MAR,Offline TA/TO,TA/TO,0,0,0,A,A,2,No Deposit,134.0,0,Transient-Party,87.0,0,0
City Hotel,0,39,2016,February,10,29,1,2,2,0.0,0,BB,GBR,Online TA,TA/TO,0,0,0,A,A,0,No Deposit,11.0,0,Transient,60.1,0,0
City Hotel,0,46,2016,February,9,26,2,4,2,0.0,0,BB,DEU,Direct,Direct,0,0,0,A,A,2,No Deposit,14.0,0,Transient,59.4,0,0
City Hotel,0,0,2016,March,10,2,0,1,2,0.0,0,BB,PRT,Direct,Direct,0,0,0,A,A,1,No Deposit,,0,Transient,101.0,0,0
City Hotel,0,6,2016,September,40,27,0,1,2,0.0,0,BB,PRT,Corporate,Corporate,1,0,2,E,E,1,No Deposit,,0,Transient,109.0,0,0
City Hotel,0,7,2016,October,44,26,0,1,2,0.0,0,BB,PRT,Corporate,Corporate,1,0,3,E,E,2,No Deposit,,0,Transient,109.0,0,0
City Hotel,1,15,2016,December,51,15,0,1,2,0.0,0,BB,PRT,Corporate,Corporate,1,1,5,E,E,0,No Deposit,,0,Transient,109.0,0,0
City Hotel,0,4,2016,March,10,2,0,1,2,0.0,0,SC,PRT,Online TA,TA/TO,0,0,0,A,A,0,No Deposit,9.0,0,Transient,91.0,0,1
City Hotel,0,16,2016,February,9,27,2,3,2,0.0,0,HB,FRA,Online TA,TA/TO,0,0,0,D,D,2,No Deposit,9.0,0,Transient,148.0,0,1
City Hotel,0,39,2016,February,10,28,2,2,2,0.0,0,SC,DEU,Online TA,TA/TO,0,0,0,A,A,0,No Deposit,9.0,0,Transient-Party,72.2,0,0
City Hotel,0,114,2016,February,9,26,2,4,2,0.0,0,BB,PRT,Offline TA/TO,TA/TO,0,0,0,A,A,2,No Deposit,134.0,0,Transient,85.0,0,1
City Hotel,0,13,2016,February,10,29,1,3,2,0.0,0,HB,AUT,Online TA,TA/TO,0,0,0,A,A,1,No Deposit,9.0,0,Transient,114.55,0,0
City Hotel,0,15,2016,February,10,29,1,3,2,0.0,0,BB,GBR,Online TA,TA/TO,0,0,0,D,D,0,No Deposit,7.0,0,Transient,85.55,0,1
City Hotel,0,5,2016,February,10,28,2,3,2,0.0,0,BB,FRA,Online TA,TA/TO,0,0,0,D,D,0,No Deposit,9.0,0,Transient,120.6,0,1
City Hotel,0,53,2016,February,9,27,2,4,2,0.0,0,BB,NLD,Offline TA/TO,TA/TO,0,0,0,A,A,0,No Deposit,121.0,0,Transient,61.5,0,1
City Hotel,0,7,2016,March,10,2,0,2,2,0.0,0,BB,PRT,Offline TA/TO,TA/TO,0,0,0,A,A,0,No Deposit,94.0,0,Transient-Party,67.0,0,0
City Hotel,0,13,2016,February,10,29,1,3,2,0.0,0,HB,AUT,Online TA,TA/TO,0,0,0,A,A,1,No Deposit,9.0,0,Transient,107.8,0,0
City Hotel,0,1,2016,March,10,2,0,2,2,0.0,0,BB,PRT,Groups,TA/TO,0,0,0,A,A,0,No Deposit,,0,Transient,80.0,0,0
City Hotel,0,1,2016,March,10,2,0,2,2,0.0,0,BB,PRT,Groups,TA/TO,0,0,0,A,D,0,No Deposit,,0,Transient,82.0,0,0
City Hotel,0,35,2016,March,10,2,0,2,2,0.0,0,BB,FIN,Online TA,TA/TO,0,0,0,A,A,0,No Deposit,9.0,0,Transient,92.9,0,1
City Hotel,0,11,2016,March,10,4,0,2,2,0.0,0,SC,AUT,Direct,Direct,0,0,0,A,A,0,No Deposit,14.0,0,Transient,93.0,0,0
City Hotel,0,29,2016,March,10,1,0,3,2,0.0,0,BB,FRA,Offline TA/TO,TA/TO,0,0,0,A,D,0,No Deposit,28.0,0,Transient,57.0,0,0
City Hotel,0,24,2016,February,10,29,1,3,2,0.0,0,BB,DEU,Offline TA/TO,TA/TO,0,0,0,A,A,0,No Deposit,27.0,0,Transient,45.5,0,0
City Hotel,0,47,2016,February,10,29,1,3,2,0.0,0,BB,PRT,Online TA,TA/TO,0,0,0,D,D,0,No Deposit,9.0,0,Transient,99.4,1,1
City Hotel,0,6,2016,March,10,3,0,1,2,0.0,0,SC,PRT,Online TA,TA/TO,0,0,0,A,A,0,No Deposit,9.0,0,Transient,87.0,0,2
City Hotel,0,8,2016,December,53,28,0,1,2,0.0,0,SC,PRT,Online TA,TA/TO,1,0,1,A,A,1,No Deposit,9.0,0,Transient,0.0,0,2
City Hotel,0,17,2016,March,10,4,0,1,2,0.0,0,BB,ROU,Online TA,TA/TO,0,0,0,D,D,0,No Deposit,9.0,0,Transient,108.0,0,0
City Hotel,0,37,2016,March,10,1,0,4,2,0.0,0,SC,GBR,Online TA,TA/TO,0,0,0,A,D,0,No Deposit,9.0,0,Transient,73.1,0,2
City Hotel,0,42,2016,March,10,2,0,3,2,0.0,0,BB,BEL,Online TA,TA/TO,0,0,0,D,D,0,No Deposit,7.0,0,Transient,69.22,0,0
City Hotel,0,6,2016,March,10,4,0,1,2,0.0,0,SC,PRT,Online TA,TA/TO,0,0,0,A,A,0,No Deposit,9.0,0,Transient-Party,91.0,0,0
City Hotel,0,6,2016,March,10,4,0,1,2,0.0,0,SC,PRT,Online TA,TA/TO,0,0,0,A,A,0,No Deposit,9.0,0,Transient-Party,100.0,0,0
City Hotel,0,1,2016,March,10,4,0,1,2,0.0,0,BB,PRT,Direct,Direct,0,0,0,G,G,0,No Deposit,,0,Transient,70.0,0,1
City Hotel,0,1,2016,March,10,4,0,1,2,0.0,0,BB,PRT,Direct,Direct,0,0,0,D,F,0,No Deposit,,0,Transient,70.0,0,2
City Hotel,0,54,2016,March,10,1,0,4,2,0.0,0,SC,SWE,Online TA,TA/TO,0,0,0,A,A,0,No Deposit,11.0,0,Transient,49.43,0,0
City Hotel,0,27,2016,March,10,3,0,2,2,0.0,0,BB,PRT,Direct,Direct,0,0,0,A,A,2,No Deposit,,0,Transient,91.0,1,1
City Hotel,0,3,2016,March,10,2,0,3,2,0.0,0,BB,DEU,Online TA,TA/TO,0,0,0,A,A,0,No Deposit,7.0,0,Transient,79.77,0,1
City Hotel,0,49,2016,March,10,2,0,3,2,0.0,0,BB,FRA,Online TA,TA/TO,0,0,0,D,D,0,No Deposit,9.0,0,Transient,89.3,0,1
City Hotel,0,2,2016,March,10,2,0,3,2,0.0,0,BB,FRA,Online TA,TA/TO,0,0,0,A,A,0,No Deposit,9.0,0,Transient,101.0,0,1
City Hotel,0,15,2016,March,10,1,0,4,2,0.0,0,BB,DEU,Offline TA/TO,TA/TO,0,0,0,D,D,0,No Deposit,27.0,0,Transient,54.5,0,0
City Hotel,0,0,2016,March,10,4,0,1,2,0.0,0,SC,PRT,Online TA,TA/TO,0,0,0,A,A,0,No Deposit,9.0,0,Transient,89.0,1,1
City Hotel,0,4,2016,February,10,28,2,4,2,0.0,0,BB,FRA,Offline TA/TO,TA/TO,0,0,0,D,D,0,No Deposit,85.0,0,Transient,80.2,0,0
City Hotel,0,31,2016,March,10,3,0,2,2,0.0,0,BB,FRA,Direct,Direct,0,0,0,A,A,0,No Deposit,14.0,0,Transient,73.1,0,0
City Hotel,0,13,2016,March,10,2,0,3,2,0.0,0,BB,DEU,Online TA,TA/TO,0,0,0,D,D,0,No Deposit,8.0,0,Transient,86.8,0,1
City Hotel,0,0,2016,March,10,4,0,1,2,0.0,0,SC,PRT,Direct,Direct,0,0,0,A,A,0,No Deposit,,0,Transient,89.0,0,0
City Hotel,0,2,2016,March,10,4,0,1,2,0.0,0,BB,BRA,Direct,Direct,0,0,0,A,A,0,No Deposit,,0,Transient-Party,101.0,0,0
City Hotel,0,21,2016,March,10,4,0,1,2,0.0,0,HB,SVN,Online TA,TA/TO,0,0,0,A,A,0,No Deposit,9.0,0,Transient-Party,131.0,0,0
City Hotel,0,23,2016,March,10,2,0,4,2,0.0,0,BB,FRA,Offline TA/TO,TA/TO,0,0,0,A,D,0,No Deposit,28.0,0,Transient,85.0,0,0
City Hotel,0,115,2016,February,10,29,1,5,2,0.0,0,BB,ITA,Online TA,TA/TO,0,0,0,D,D,0,No Deposit,9.0,0,Contract,102.33,0,1
City Hotel,0,24,2016,March,10,3,0,3,2,0.0,0,HB,FRA,Offline TA/TO,TA/TO,0,0,0,A,D,0,No Deposit,28.0,0,Transient,117.0,0,0
City Hotel,0,1,2016,March,10,5,0,1,2,0.0,0,SC,CHE,Online TA,Direct,0,0,0,A,A,2,No Deposit,,0,Transient,98.0,0,0
City Hotel,0,22,2016,March,10,3,0,3,2,0.0,0,SC,GBR,Online TA,TA/TO,0,0,0,A,A,0,No Deposit,9.0,0,Transient,84.33,0,0
City Hotel,0,48,2016,March,10,5,0,1,2,0.0,0,BB,PRT,Online TA,TA/TO,0,0,0,A,A,1,No Deposit,9.0,0,Transient,80.3,0,1
City Hotel,0,56,2016,March,10,3,0,3,2,0.0,0,BB,ESP,Groups,Corporate,0,0,0,A,A,0,No Deposit,,0,Transient-Party,72.0,0,0
City Hotel,0,56,2016,March,10,3,0,3,2,0.0,0,BB,ESP,Groups,Corporate,0,0,0,A,A,0,No Deposit,,0,Transient,72.0,0,0
City Hotel,0,10,2016,March,10,1,0,5,2,0.0,0,BB,ESP,Online TA,TA/TO,0,0,0,D,D,0,No Deposit,9.0,0,Transient,118.8,0,0
City Hotel,0,0,2016,March,10,5,0,1,2,0.0,0,BB,FRA,Direct,Direct,0,0,0,A,A,0,No Deposit,,0,Transient,118.0,0,0
City Hotel,0,6,2016,February,10,28,2,5,2,0.0,0,BB,DEU,Offline TA/TO,TA/TO,0,0,0,D,D,0,No Deposit,85.0,0,Transient,80.2,0,0
City Hotel,0,84,2016,March,10,3,0,3,2,0.0,0,BB,AUT,Offline TA/TO,TA/TO,0,0,0,A,A,0,No Deposit,27.0,0,Transient,38.67,0,0
City Hotel,0,316,2016,May,22,26,0,3,2,0.0,0,BB,AUT,Groups,TA/TO,0,0,1,A,A,0,No Deposit,30.0,0,Transient-Party,110.0,0,0
City Hotel,0,15,2016,December,50,5,1,3,2,0.0,0,BB,BEL,Online TA,TA/TO,1,0,2,D,D,0,No Deposit,9.0,0,Transient,96.9,0,0
City Hotel,0,26,2016,March,10,1,0,5,2,0.0,0,HB,GBR,Online TA,TA/TO,0,0,0,A,A,1,No Deposit,9.0,0,Transient,90.44,0,0
City Hotel,0,38,2016,March,10,4,0,2,2,0.0,0,BB,BEL,Offline TA/TO,TA/TO,0,0,0,B,B,1,No Deposit,187.0,0,Transient-Party,73.1,0,0
City Hotel,0,41,2016,February,10,28,2,5,2,0.0,0,BB,PRT,Offline TA/TO,TA/TO,0,0,0,A,A,0,No Deposit,22.0,0,Transient,66.29,0,0
City Hotel,0,103,2016,March,10,3,0,3,2,0.0,0,BB,ESP,Offline TA/TO,TA/TO,0,0,0,A,A,0,No Deposit,42.0,0,Transient-Party,61.5,0,1
City Hotel,0,103,2016,March,10,3,0,3,2,0.0,0,BB,ESP,Offline TA/TO,TA/TO,0,0,0,A,A,0,No Deposit,42.0,0,Transient-Party,61.5,0,2
City Hotel,0,93,2016,March,10,4,0,2,2,0.0,0,BB,FRA,Offline TA/TO,TA/TO,0,0,0,A,D,0,No Deposit,28.0,0,Transient,60.0,0,1
City Hotel,0,54,2016,March,10,4,0,2,2,0.0,0,BB,BEL,Online TA,TA/TO,0,0,0,A,A,0,No Deposit,9.0,0,Transient-Party,80.3,0,0
City Hotel,0,4,2016,March,10,5,0,1,2,0.0,0,HB,DEU,Online TA,TA/TO,0,0,0,D,E,0,No Deposit,9.0,0,Transient,156.0,0,1
City Hotel,0,35,2016,March,10,4,0,2,2,0.0,0,SC,PRT,Online TA,TA/TO,0,0,0,A,A,0,No Deposit,9.0,0,Transient,73.1,0,1
City Hotel,0,30,2016,March,10,4,0,2,2,0.0,0,BB,CHE,Online TA,TA/TO,0,0,0,A,A,2,No Deposit,9.0,0,Transient-Party,88.4,0,0
City Hotel,0,22,2016,March,10,4,0,2,2,0.0,0,BB,FRA,Offline TA/TO,TA/TO,0,0,0,A,D,0,No Deposit,28.0,0,Transient,87.0,0,0
City Hotel,0,1,2016,March,10,2,0,4,2,0.0,0,BB,PRT,Online TA,TA/TO,0,0,0,D,E,0,No Deposit,9.0,0,Transient,116.0,0,1
City Hotel,0,30,2016,March,10,4,0,2,2,0.0,0,BB,CHE,Online TA,TA/TO,0,0,0,D,D,1,No Deposit,9.0,0,Transient-Party,116.3,0,1
City Hotel,0,57,2016,March,10,4,0,2,2,0.0,0,BB,BEL,Online TA,TA/TO,0,0,0,A,A,0,No Deposit,9.0,0,Transient-Party,80.3,0,0
City Hotel,0,26,2016,March,10,3,0,3,2,0.0,0,SC,ROU,Online TA,TA/TO,0,0,0,A,A,0,No Deposit,11.0,0,Transient,67.87,0,0
City Hotel,0,30,2016,March,10,4,0,2,2,0.0,0,BB,PRT,Online TA,TA/TO,0,0,0,A,A,2,No Deposit,9.0,0,Transient-Party,88.4,0,0
City Hotel,0,38,2016,March,10,3,0,3,2,0.0,0,BB,POL,Direct,Direct,0,0,0,A,A,0,No Deposit,,0,Transient-Party,87.71,0,1
City Hotel,0,38,2016,March,10,3,0,3,2,0.0,0,BB,POL,Direct,Direct,0,0,0,A,A,0,No Deposit,,0,Transient-Party,87.71,0,1
City Hotel,0,38,2016,March,10,3,0,3,2,0.0,0,BB,POL,Corporate,Corporate,0,0,0,A,A,0,No Deposit,193.0,0,Transient-Party,87.71,0,1
City Hotel,0,38,2016,March,10,3,0,3,2,0.0,0,BB,POL,Direct,Direct,0,0,0,A,A,0,No Deposit,,0,Transient-Party,87.71,0,1
City Hotel,0,38,2016,March,10,3,0,3,2,0.0,0,BB,POL,Direct,Direct,0,0,0,A,A,0,No Deposit,,0,Transient,87.71,0,1
City Hotel,0,38,2016,March,10,3,0,3,2,0.0,0,BB,PRT,Direct,Direct,0,0,0,A,A,0,No Deposit,,0,Transient-Party,87.71,0,1
City Hotel,0,0,2016,March,10,5,0,1,2,0.0,0,BB,PRT,Online TA,TA/TO,0,0,0,A,A,0,No Deposit,9.0,0,Transient,109.0,0,0
City Hotel,0,32,2016,March,10,4,0,2,2,0.0,0,BB,ESP,Online TA,TA/TO,0,0,0,D,D,0,No Deposit,9.0,0,Transient,105.4,0,2
City Hotel,0,54,2016,March,10,5,0,1,2,0.0,0,SC,PRT,Online TA,TA/TO,0,0,0,A,A,0,No Deposit,9.0,0,Transient,69.5,0,1
City Hotel,0,0,2016,March,10,5,0,1,2,0.0,0,BB,PRT,Direct,Direct,0,0,0,F,F,0,No Deposit,,0,Transient,75.0,0,0
City Hotel,0,30,2016,March,10,4,0,2,2,0.0,0,BB,CHE,Online TA,TA/TO,0,0,0,A,A,2,No Deposit,9.0,0,Transient-Party,88.4,0,0
City Hotel,0,0,2016,March,11,6,0,0,2,0.0,0,BB,PRT,Online TA,TA/TO,1,0,0,D,K,0,No Deposit,9.0,0,Transient,0.0,0,0
City Hotel,0,4,2016,March,11,7,1,3,2,0.0,0,HB,DZA,Offline TA/TO,TA/TO,0,0,1,A,A,0,No Deposit,12.0,0,Transient-Party,106.0,0,0
City Hotel,0,4,2016,March,11,7,1,3,2,0.0,0,HB,DZA,Offline TA/TO,TA/TO,0,0,1,A,A,0,No Deposit,12.0,0,Transient-Party,106.0,0,0
City Hotel,0,4,2016,March,11,7,1,3,2,0.0,0,HB,DZA,Offline TA/TO,TA/TO,0,0,1,A,A,0,No Deposit,12.0,0,Transient-Party,106.0,0,0
City Hotel,0,30,2016,March,10,4,0,2,2,0.0,0,BB,PRT,Online TA,TA/TO,0,0,0,A,A,2,No Deposit,9.0,0,Transient-Party,88.4,0,0
City Hotel,0,0,2016,March,10,4,0,2,2,0.0,0,BB,GNB,Offline TA/TO,TA/TO,0,0,0,A,A,1,No Deposit,134.0,0,Transient-Party,102.0,0,0
City Hotel,0,30,2016,March,10,4,0,2,2,0.0,0,BB,PRT,Online TA,TA/TO,0,0,0,A,A,2,No Deposit,9.0,0,Transient-Party,88.4,0,0
City Hotel,0,49,2016,March,10,2,1,4,2,0.0,0,SC,DEU,Online TA,TA/TO,0,0,0,A,A,0,No Deposit,9.0,0,Transient,65.75,0,0
City Hotel,0,39,2016,March,10,4,1,2,2,0.0,0,BB,PRT,Offline TA/TO,TA/TO,0,0,0,A,A,0,No Deposit,27.0,0,Transient,40.67,0,0
City Hotel,0,51,2016,March,10,3,1,3,2,0.0,0,SC,IRL,Online TA,TA/TO,0,0,0,A,A,0,No Deposit,9.0,0,Transient,65.75,0,1
City Hotel,0,42,2016,March,10,4,1,2,2,0.0,0,BB,PRT,Offline TA/TO,TA/TO,0,0,0,A,A,0,No Deposit,22.0,0,Transient,65.0,0,0
City Hotel,0,0,2016,March,11,6,1,0,2,0.0,0,BB,PRT,Online TA,TA/TO,0,0,0,A,A,1,No Deposit,10.0,0,Transient,103.1,0,0
City Hotel,0,88,2016,March,10,4,1,2,2,0.0,0,BB,PRT,Offline TA/TO,TA/TO,0,0,0,A,D,0,No Deposit,28.0,0,Transient,60.0,0,1
City Hotel,0,41,2016,March,10,4,1,2,2,0.0,0,BB,FRA,Offline TA/TO,TA/TO,0,0,0,A,A,0,No Deposit,22.0,0,Transient,65.0,0,0
City Hotel,0,4,2016,March,11,6,1,0,2,0.0,0,BB,BRA,Groups,TA/TO,0,0,0,A,A,1,No Deposit,,0,Transient,82.0,0,0
City Hotel,0,21,2016,March,10,5,1,1,2,0.0,0,SC,FRA,Online TA,TA/TO,0,0,0,A,A,0,No Deposit,9.0,0,Transient,86.0,0,1
City Hotel,0,4,2016,March,11,6,1,0,2,0.0,0,BB,BRA,Direct,Direct,0,0,0,A,D,1,No Deposit,,0,Transient,82.0,0,0
City Hotel,0,4,2016,March,11,6,1,0,2,0.0,0,BB,BRA,Groups,TA/TO,0,0,0,A,A,0,No Deposit,,0,Transient,82.0,0,0
City Hotel,0,29,2016,March,10,4,1,2,2,0.0,0,BB,FRA,Offline TA/TO,TA/TO,0,0,0,A,D,0,No Deposit,28.0,0,Transient,87.0,0,0
City Hotel,0,29,2016,March,10,4,1,2,2,0.0,0,BB,FRA,Offline TA/TO,TA/TO,0,0,0,A,D,0,No Deposit,28.0,0,Transient,87.0,0,0
City Hotel,0,39,2016,March,10,3,1,3,2,0.0,0,BB,NLD,Online TA,TA/TO,0,0,0,A,A,0,No Deposit,9.0,0,Transient,83.9,0,1
City Hotel,0,46,2016,March,10,4,1,2,2,0.0,0,BB,GBR,Online TA,TA/TO,0,0,0,D,D,0,No Deposit,9.0,0,Transient,98.3,1,1
City Hotel,0,52,2016,March,11,6,1,0,2,0.0,0,BB,JPN,Online TA,TA/TO,0,0,0,A,A,0,No Deposit,9.0,0,Transient,80.3,0,1
City Hotel,0,16,2016,March,10,3,1,3,2,0.0,0,BB,PRT,Online TA,TA/TO,0,0,0,D,D,0,No Deposit,8.0,0,Transient,88.8,0,2
City Hotel,0,16,2016,March,10,3,1,3,2,0.0,0,BB,PRT,Online TA,TA/TO,0,0,0,D,D,0,No Deposit,8.0,0,Transient,88.8,0,1
City Hotel,0,0,2016,March,11,6,1,0,2,0.0,0,BB,PRT,Direct,Direct,0,0,0,A,A,0,No Deposit,,0,Transient,99.0,0,0
City Hotel,0,49,2016,March,10,4,1,2,2,0.0,0,BB,PRT,Online TA,TA/TO,0,0,0,A,A,0,No Deposit,8.0,0,Transient,80.3,0,1
City Hotel,0,29,2016,March,10,2,1,4,2,0.0,0,BB,FRA,Offline TA/TO,TA/TO,0,0,0,A,D,0,No Deposit,28.0,0,Transient,87.0,0,0
City Hotel,0,49,2016,March,10,4,1,2,2,0.0,0,BB,PRT,Online TA,TA/TO,0,0,0,A,A,0,No Deposit,8.0,0,Transient,79.63,0,1
City Hotel,0,35,2016,March,10,3,1,3,2,0.0,0,BB,DEU,Online TA,TA/TO,0,0,0,A,A,0,No Deposit,9.0,0,Transient,83.9,0,1
City Hotel,0,10,2016,March,11,6,1,0,2,0.0,0,BB,CHN,Online TA,TA/TO,0,0,0,A,A,0,No Deposit,9.0,0,Transient,93.0,0,0
City Hotel,0,56,2016,March,10,3,1,3,2,0.0,0,BB,ESP,Groups,Corporate,0,0,0,A,A,0,No Deposit,,0,Transient-Party,72.0,0,0
City Hotel,0,91,2016,March,10,4,1,2,2,0.0,0,BB,DEU,Offline TA/TO,TA/TO,0,0,0,A,A,0,No Deposit,27.0,0,Transient,40.67,0,0
City Hotel,0,56,2016,March,10,2,1,4,2,0.0,0,BB,ARG,Offline TA/TO,TA/TO,0,0,0,A,A,0,No Deposit,138.0,0,Transient,55.38,0,0
City Hotel,0,58,2016,March,10,2,1,4,2,0.0,0,BB,ARG,Offline TA/TO,TA/TO,0,0,0,A,A,0,No Deposit,138.0,0,Transient,61.5,0,0
City Hotel,0,16,2016,March,10,4,1,2,2,0.0,0,BB,DEU,Online TA,TA/TO,0,0,0,D,D,0,No Deposit,7.0,0,Transient,69.35,0,1
City Hotel,0,29,2016,March,10,4,1,2,2,0.0,0,BB,RUS,Online TA,TA/TO,0,0,0,A,A,0,No Deposit,9.0,0,Transient,89.93,0,0
City Hotel,0,57,2016,March,10,4,1,2,2,0.0,0,BB,PRT,Groups,Corporate,0,0,0,A,A,0,No Deposit,,0,Transient-Party,72.0,0,0
City Hotel,0,57,2016,March,10,4,1,2,2,0.0,0,BB,ESP,Groups,Corporate,0,0,0,A,A,0,No Deposit,,0,Transient-Party,70.0,0,0
City Hotel,0,33,2016,March,10,5,1,1,2,0.0,0,BB,BEL,Online TA,TA/TO,0,0,0,A,A,0,No Deposit,9.0,0,Transient,83.9,0,0
City Hotel,0,26,2016,March,10,2,1,4,2,0.0,0,BB,FRA,Offline TA/TO,TA/TO,0,0,0,A,D,0,No Deposit,28.0,0,Transient,87.0,0,0
City Hotel,0,93,2016,March,10,5,2,1,2,0.0,0,BB,FRA,Offline TA/TO,TA/TO,0,0,0,A,D,0,No Deposit,28.0,0,Transient,60.0,0,0
City Hotel,0,6,2016,March,10,1,2,5,2,0.0,0,BB,SWE,Offline TA/TO,TA/TO,0,0,0,A,A,0,No Deposit,85.0,0,Transient,70.0,0,0
City Hotel,0,33,2016,March,10,5,2,1,2,0.0,0,BB,GBR,Online TA,TA/TO,0,0,0,A,A,2,No Deposit,9.0,0,Transient-Party,78.5,0,2
City Hotel,0,15,2016,March,10,5,2,1,2,0.0,0,SC,ITA,Online TA,TA/TO,0,0,0,A,A,0,No Deposit,9.0,0,Transient-Party,84.33,0,0
City Hotel,0,14,2016,March,10,3,2,3,2,0.0,0,SC,BEL,Online TA,TA/TO,0,0,0,A,A,0,No Deposit,9.0,0,Transient,83.0,0,1
City Hotel,0,31,2016,March,10,5,2,1,2,0.0,0,BB,BRA,Online TA,TA/TO,0,0,0,A,A,0,No Deposit,9.0,0,Transient,83.9,0,1
City Hotel,0,48,2016,March,10,5,2,1,2,0.0,0,SC,CN,Online TA,TA/TO,0,0,0,A,A,0,No Deposit,9.0,0,Transient,69.5,0,1
City Hotel,0,49,2016,March,10,5,2,1,2,0.0,0,SC,FIN,Online TA,TA/TO,0,0,0,A,A,0,No Deposit,9.0,0,Transient-Party,69.5,0,0
City Hotel,0,105,2016,March,10,5,2,1,2,0.0,0,BB,DEU,Online TA,TA/TO,0,0,0,A,A,0,No Deposit,8.0,0,Transient,89.3,0,0
City Hotel,0,38,2016,March,10,5,2,1,2,0.0,0,BB,TUR,Online TA,TA/TO,0,0,0,A,A,0,No Deposit,9.0,0,Transient,83.9,0,1
City Hotel,0,49,2016,March,10,5,2,1,2,0.0,0,SC,FIN,Online TA,TA/TO,0,0,0,A,A,0,No Deposit,9.0,0,Transient-Party,69.5,0,0
City Hotel,0,3,2016,March,11,7,1,0,2,0.0,0,BB,PRT,Online TA,TA/TO,0,0,0,A,A,0,No Deposit,9.0,0,Transient,103.0,0,1
City Hotel,0,31,2016,March,10,5,2,1,2,0.0,0,SC,FRA,Online TA,TA/TO,0,0,0,A,A,0,No Deposit,9.0,0,Transient,76.1,0,0
City Hotel,0,30,2016,March,10,5,2,1,2,0.0,0,HB,ITA,Offline TA/TO,TA/TO,0,0,0,A,D,0,No Deposit,28.0,0,Transient,117.0,0,0
City Hotel,0,0,2016,March,11,7,1,0,2,0.0,0,BB,PRT,Direct,Direct,0,0,0,A,A,0,No Deposit,,0,Transient,101.0,0,0
City Hotel,0,37,2016,March,10,4,2,2,2,0.0,0,BB,FRA,Direct,Direct,0,0,0,A,A,0,No Deposit,,0,Transient,73.1,0,0
City Hotel,0,42,2016,March,10,5,2,1,2,0.0,0,HB,RUS,Online TA,TA/TO,0,0,0,D,D,1,No Deposit,9.0,0,Transient,126.0,0,1
City Hotel,0,53,2016,March,10,4,2,2,2,0.0,0,SC,PRT,Online TA,TA/TO,0,0,0,A,A,0,No Deposit,9.0,0,Transient,65.75,0,1
City Hotel,0,37,2016,March,11,6,2,0,2,0.0,0,HB,GBR,Online TA,TA/TO,0,0,0,A,A,1,No Deposit,9.0,0,Transient,118.1,0,1
City Hotel,0,35,2016,March,10,5,2,1,2,0.0,0,BB,ITA,Online TA,TA/TO,0,0,0,D,D,0,No Deposit,9.0,0,Transient,97.4,0,1
City Hotel,0,30,2016,March,10,5,2,1,2,0.0,0,SC,ITA,Online TA,TA/TO,0,0,0,A,A,0,No Deposit,9.0,0,Transient,76.1,0,2
City Hotel,0,33,2016,March,10,4,2,2,2,0.0,0,BB,CHE,Online TA,TA/TO,0,0,0,D,D,0,No Deposit,9.0,0,Transient,97.4,0,1
City Hotel,0,0,2016,March,11,7,1,0,2,0.0,0,BB,PRT,Direct,Direct,0,0,0,A,A,0,No Deposit,,0,Transient,89.0,0,0
City Hotel,0,34,2016,March,10,3,2,3,2,0.0,0,BB,DEU,Online TA,TA/TO,0,0,0,D,D,0,No Deposit,8.0,0,Transient,97.4,0,1
City Hotel,0,17,2016,March,10,5,2,1,2,0.0,0,SC,PRT,Online TA,TA/TO,0,0,0,A,A,0,No Deposit,9.0,0,Transient,84.33,0,2
City Hotel,0,29,2016,March,10,5,2,1,2,0.0,0,BB,FRA,Offline TA/TO,TA/TO,0,0,0,A,D,0,No Deposit,28.0,0,Transient-Party,87.0,0,1
City Hotel,0,11,2016,March,10,5,2,1,2,0.0,0,BB,GBR,Offline TA/TO,TA/TO,0,0,0,A,A,0,No Deposit,138.0,0,Transient,64.8,0,0
City Hotel,0,59,2016,June,23,4,2,1,2,0.0,0,BB,GBR,Offline TA/TO,TA/TO,1,0,1,A,D,0,No Deposit,138.0,0,Transient,95.0,0,0
City Hotel,0,28,2016,March,10,4,2,2,2,0.0,0,BB,GBR,Online TA,TA/TO,0,0,0,A,A,2,No Deposit,9.0,0,Transient,73.88,0,0
City Hotel,0,35,2016,March,10,3,2,3,2,0.0,0,HB,ESP,Online TA,TA/TO,0,0,0,A,A,1,No Deposit,9.0,0,Transient,118.1,0,2
City Hotel,0,35,2016,March,10,3,2,3,2,0.0,0,BB,GBR,Online TA,TA/TO,0,0,0,A,A,0,No Deposit,9.0,0,Transient,83.9,0,2
City Hotel,0,15,2016,March,10,5,2,1,2,0.0,0,SC,ITA,Online TA,TA/TO,0,0,0,A,A,0,No Deposit,9.0,0,Transient-Party,84.33,0,0
City Hotel,0,15,2016,March,10,5,2,1,2,0.0,0,SC,ITA,Online TA,TA/TO,0,0,0,A,A,0,No Deposit,9.0,0,Transient-Party,84.33,0,0
City Hotel,0,35,2016,March,10,3,2,3,2,0.0,0,BB,GBR,Online TA,TA/TO,0,0,0,A,A,0,No Deposit,9.0,0,Transient,83.9,0,1
City Hotel,0,34,2016,March,10,3,2,3,2,0.0,0,BB,DEU,Offline TA/TO,TA/TO,0,0,0,A,D,0,No Deposit,27.0,0,Transient,48.4,0,0
City Hotel,0,0,2016,March,11,8,0,1,2,0.0,0,BB,ROU,Direct,Direct,0,0,0,A,A,0,No Deposit,,0,Transient,87.0,0,0
City Hotel,0,11,2016,March,11,6,2,1,2,0.0,0,BB,FRA,Online TA,TA/TO,0,0,0,A,A,1,No Deposit,9.0,0,Transient,90.33,0,1
City Hotel,0,20,2016,March,11,8,0,1,2,0.0,0,BB,DNK,Online TA,TA/TO,0,0,0,A,A,0,No Deposit,9.0,0,Transient,93.0,0,0
City Hotel,0,31,2016,March,11,6,2,1,2,0.0,0,HB,ITA,Direct,Direct,0,0,0,A,A,1,No Deposit,14.0,0,Transient-Party,109.1,0,0
City Hotel,0,31,2016,March,11,6,2,1,2,0.0,0,HB,ITA,Direct,Direct,0,0,0,A,A,1,No Deposit,14.0,0,Transient-Party,109.1,0,0
City Hotel,0,48,2016,March,11,6,2,1,2,0.0,0,BB,PRT,Offline TA/TO,TA/TO,0,0,0,A,A,0,No Deposit,27.0,0,Transient-Party,40.67,0,1
City Hotel,0,48,2016,March,11,6,2,1,2,0.0,0,BB,DEU,Offline TA/TO,TA/TO,0,0,0,A,A,0,No Deposit,27.0,0,Transient-Party,40.67,0,1
City Hotel,0,3,2016,March,11,7,1,1,2,0.0,0,BB,IRL,Online TA,TA/TO,0,0,0,A,A,0,No Deposit,9.0,0,Transient,103.0,0,0
City Hotel,0,30,2016,March,11,6,2,1,2,0.0,0,HB,FRA,Online TA,TA/TO,0,0,0,D,D,1,No Deposit,9.0,0,Transient,140.6,1,1
City Hotel,0,31,2016,March,11,6,2,1,2,0.0,0,HB,ITA,Direct,Direct,0,0,0,A,A,1,No Deposit,14.0,0,Transient-Party,109.1,0,0
City Hotel,0,27,2016,March,11,6,2,1,2,0.0,0,BB,FRA,Offline TA/TO,TA/TO,0,0,0,A,D,0,No Deposit,28.0,0,Transient,66.0,0,0
City Hotel,0,7,2016,March,11,7,1,1,2,0.0,0,BB,PRT,Online TA,TA/TO,0,0,0,A,A,0,No Deposit,9.0,0,Transient-Party,103.0,0,1
City Hotel,0,34,2016,March,10,4,2,3,2,0.0,0,BB,GBR,Offline TA/TO,TA/TO,0,0,0,A,A,0,No Deposit,22.0,0,Transient,65.0,0,0
City Hotel,0,5,2016,March,11,6,2,1,2,0.0,0,BB,GBR,Online TA,TA/TO,0,0,0,A,A,0,No Deposit,89.0,0,Transient,74.8,0,1
City Hotel,0,40,2016,March,10,5,2,2,2,0.0,0,BB,PRT,Online TA,TA/TO,0,0,0,A,A,0,No Deposit,9.0,0,Transient,83.9,0,1
City Hotel,0,49,2016,March,11,6,2,1,2,0.0,0,SC,ITA,Online TA,TA/TO,0,0,0,A,A,0,No Deposit,9.0,0,Transient,69.5,0,0
City Hotel,0,2,2016,March,11,8,0,1,2,0.0,0,BB,PRT,Online TA,TA/TO,0,0,0,A,A,0,No Deposit,9.0,0,Transient,103.0,0,1
City Hotel,0,46,2016,March,10,4,2,3,2,0.0,0,HB,DEU,Offline TA/TO,TA/TO,0,0,0,A,A,0,No Deposit,16.0,0,Transient,103.0,0,0
City Hotel,0,0,2016,March,11,6,2,1,2,0.0,0,BB,AGO,Online TA,Direct,0,0,0,D,E,1,No Deposit,,0,Transient,110.0,0,1
City Hotel,0,1,2016,March,11,8,0,2,2,0.0,0,BB,ITA,Online TA,TA/TO,0,0,0,A,A,0,No Deposit,9.0,0,Transient-Party,103.0,0,0
City Hotel,0,1,2016,March,11,8,0,2,2,0.0,0,BB,PRT,Online TA,TA/TO,0,0,0,A,A,0,No Deposit,9.0,0,Transient-Party,103.0,0,0
City Hotel,0,35,2016,March,11,6,2,2,2,0.0,0,BB,FRA,Online TA,TA/TO,0,0,0,A,A,0,No Deposit,7.0,0,Transient,65.06,0,1
City Hotel,0,8,2016,March,11,6,2,2,2,0.0,0,BB,FRA,Online TA,TA/TO,0,0,0,A,A,0,No Deposit,9.0,0,Transient,103.0,0,0
City Hotel,0,56,2016,March,10,5,2,3,2,0.0,0,SC,PRT,Online TA,TA/TO,0,0,0,A,B,1,No Deposit,9.0,0,Transient-Party,65.75,0,0
City Hotel,0,29,2016,March,10,5,2,3,2,0.0,0,BB,PRT,Online TA,TA/TO,0,0,0,D,D,0,No Deposit,9.0,0,Transient,101.52,0,2
City Hotel,0,23,2016,March,10,5,2,3,2,0.0,0,BB,PRT,Offline TA/TO,TA/TO,0,0,0,A,A,0,No Deposit,85.0,0,Transient,65.75,0,0
City Hotel,0,28,2016,March,11,7,1,2,2,0.0,0,BB,PRT,Offline TA/TO,TA/TO,0,0,0,A,D,0,No Deposit,28.0,0,Transient-Party,87.0,0,1
City Hotel,0,28,2016,March,11,7,1,2,2,0.0,0,BB,PRT,Offline TA/TO,TA/TO,0,0,0,A,D,0,No Deposit,28.0,0,Transient-Party,87.0,0,1
City Hotel,0,49,2016,March,11,6,2,2,2,0.0,0,BB,AUT,Online TA,TA/TO,0,0,0,A,A,0,No Deposit,9.0,0,Transient,75.95,0,0
City Hotel,0,1,2016,March,11,9,0,1,2,0.0,0,BB,SWE,Online TA,TA/TO,0,0,0,A,A,0,No Deposit,9.0,0,Transient-Party,101.0,0,1
City Hotel,0,78,2016,March,11,7,1,2,2,0.0,0,BB,USA,Offline TA/TO,TA/TO,0,0,0,A,A,0,No Deposit,138.0,0,Transient,65.58,0,0
City Hotel,0,2,2016,March,11,7,1,2,2,0.0,0,BB,PRT,Offline TA/TO,TA/TO,0,0,0,A,A,1,No Deposit,86.0,0,Transient,87.0,0,1
City Hotel,0,33,2016,March,11,8,0,2,2,0.0,0,BB,CHN,Offline TA/TO,TA/TO,0,0,0,A,A,1,No Deposit,83.0,0,Transient,67.52,0,0
City Hotel,0,40,2016,March,11,7,1,2,2,0.0,0,SC,FRA,Online TA,TA/TO,0,0,0,A,A,0,No Deposit,9.0,0,Transient-Party,73.1,0,1
City Hotel,0,5,2016,March,11,8,0,2,2,0.0,0,BB,FRA,Online TA,TA/TO,0,0,0,A,A,0,No Deposit,9.0,0,Transient,103.0,0,0
City Hotel,0,40,2016,March,11,7,1,2,2,0.0,0,SC,FRA,Online TA,TA/TO,0,0,0,A,A,0,No Deposit,9.0,0,Transient-Party,82.1,0,1
City Hotel,0,18,2016,March,10,3,2,5,2,0.0,0,BB,FRA,Online TA,TA/TO,0,0,0,A,A,0,No Deposit,11.0,0,Transient,61.15,0,0
City Hotel,0,30,2016,March,10,5,2,3,2,0.0,0,BB,NLD,Online TA,TA/TO,0,0,0,A,A,0,No Deposit,9.0,0,Transient,85.7,0,0
City Hotel,0,56,2016,March,11,6,2,2,2,0.0,0,BB,GBR,Online TA,TA/TO,0,0,0,D,D,0,No Deposit,7.0,0,Transient,65.49,0,0
City Hotel,0,38,2016,March,10,5,2,3,2,0.0,0,SC,PRT,Online TA,TA/TO,0,0,0,A,A,0,No Deposit,11.0,0,Transient,52.39,0,0
City Hotel,0,27,2016,March,11,6,2,2,2,0.0,0,BB,PRT,Offline TA/TO,TA/TO,0,0,0,A,D,0,No Deposit,28.0,0,Transient,87.0,0,0
City Hotel,0,37,2016,March,11,7,1,2,2,0.0,0,BB,ESP,Online TA,TA/TO,0,0,0,A,A,0,No Deposit,9.0,0,Transient,83.9,0,1
City Hotel,0,40,2016,March,10,5,2,3,2,0.0,0,BB,ITA,Online TA,TA/TO,0,0,0,A,A,0,No Deposit,9.0,0,Transient-Party,83.9,0,1
City Hotel,0,13,2016,March,11,8,0,2,2,0.0,0,SC,NLD,Online TA,TA/TO,0,0,0,A,A,0,No Deposit,9.0,0,Transient,81.0,0,0
City Hotel,0,53,2016,March,11,6,2,3,2,0.0,0,SC,PRT,Online TA,TA/TO,0,0,0,A,A,0,No Deposit,9.0,0,Transient-Party,65.75,0,0
City Hotel,0,53,2016,March,11,6,2,3,2,0.0,0,SC,FRA,Online TA,TA/TO,0,0,0,A,A,0,No Deposit,9.0,0,Transient-Party,65.75,0,0
City Hotel,0,29,2016,March,11,7,1,3,2,0.0,0,BB,PRT,Online TA,TA/TO,0,0,0,D,D,0,No Deposit,7.0,0,Transient,73.73,0,1
City Hotel,0,84,2016,March,10,5,2,4,2,0.0,0,BB,DEU,Offline TA/TO,TA/TO,0,0,0,A,A,0,No Deposit,27.0,0,Transient,50.33,0,0
City Hotel,0,27,2016,March,11,6,2,3,2,0.0,0,BB,FRA,Offline TA/TO,TA/TO,0,0,0,A,D,0,No Deposit,28.0,0,Transient,87.0,0,0
City Hotel,0,56,2016,March,11,9,0,2,2,0.0,0,BB,USA,Online TA,TA/TO,0,0,0,A,A,0,No Deposit,8.0,0,Transient,78.3,0,0
City Hotel,0,3,2016,March,11,8,0,3,2,0.0,0,BB,USA,Online TA,TA/TO,0,0,0,A,A,1,No Deposit,9.0,0,Transient,91.0,0,1
City Hotel,0,20,2016,March,11,7,1,3,2,0.0,0,BB,SWE,Offline TA/TO,TA/TO,0,0,0,A,A,0,No Deposit,138.0,0,Transient,65.58,0,0
City Hotel,0,11,2016,March,11,7,1,3,2,0.0,0,BB,FRA,Offline TA/TO,TA/TO,0,0,0,A,A,0,No Deposit,28.0,0,Transient,70.0,0,0
City Hotel,0,25,2016,March,11,7,1,3,2,0.0,0,BB,PRT,Offline TA/TO,TA/TO,0,0,0,A,D,0,No Deposit,28.0,0,Transient,87.0,0,0
City Hotel,0,6,2016,March,11,8,0,3,2,0.0,0,SC,FRA,Online TA,TA/TO,0,0,0,A,A,2,No Deposit,9.0,0,Transient,91.0,0,1
City Hotel,0,24,2016,March,11,8,0,3,2,0.0,0,SC,PRT,Online TA,TA/TO,0,0,0,A,A,0,No Deposit,9.0,0,Transient,81.0,0,2
City Hotel,0,7,2016,March,11,7,1,3,2,0.0,0,BB,FRA,Online TA,TA/TO,0,0,0,A,A,0,No Deposit,9.0,0,Transient,103.0,0,1
City Hotel,0,78,2016,March,11,7,1,3,2,0.0,0,BB,CHL,Offline TA/TO,TA/TO,0,0,0,A,A,0,No Deposit,27.0,0,Transient,45.5,0,0
City Hotel,0,4,2016,March,11,7,1,3,2,0.0,0,HB,DZA,Offline TA/TO,TA/TO,0,0,0,A,A,0,No Deposit,12.0,0,Transient-Party,106.0,0,0
City Hotel,0,51,2016,March,11,7,1,3,2,0.0,0,BB,FRA,Online TA,TA/TO,0,0,0,A,A,0,No Deposit,9.0,0,Transient,75.95,0,1
City Hotel,0,21,2016,March,11,8,0,3,2,0.0,0,BB,NLD,Online TA,TA/TO,0,0,0,D,D,0,No Deposit,7.0,0,Transient,73.03,0,1
City Hotel,0,28,2016,March,11,7,1,3,2,0.0,0,BB,FRA,Offline TA/TO,TA/TO,0,0,0,A,D,0,No Deposit,28.0,0,Transient,87.0,0,0
City Hotel,0,4,2016,March,11,7,1,3,2,0.0,0,HB,DZA,Offline TA/TO,TA/TO,0,0,0,A,A,0,No Deposit,12.0,0,Transient-Party,106.0,0,0
City Hotel,0,37,2016,March,11,7,1,3,2,0.0,0,BB,FRA,Online TA,TA/TO,0,0,0,A,A,0,No Deposit,9.0,0,Transient,83.9,0,1
City Hotel,0,35,2016,March,11,8,0,3,2,0.0,0,BB,FRA,Offline TA/TO,TA/TO,0,0,0,A,D,0,No Deposit,28.0,0,Transient,87.0,0,0
City Hotel,0,56,2016,March,11,6,2,3,2,0.0,0,BB,GBR,Online TA,TA/TO,0,0,0,D,D,0,No Deposit,7.0,0,Transient,62.32,0,1
City Hotel,0,22,2016,March,11,6,2,3,2,0.0,0,BB,FRA,Online TA,TA/TO,0,0,0,A,A,0,No Deposit,11.0,0,Transient,67.52,0,0
City Hotel,0,96,2016,March,11,6,2,3,2,0.0,0,BB,GBR,Offline TA/TO,TA/TO,0,0,0,A,D,0,No Deposit,28.0,0,Transient,60.0,0,0
City Hotel,0,17,2016,March,11,9,0,2,2,0.0,0,SC,FRA,Online TA,TA/TO,0,0,0,A,A,0,No Deposit,9.0,0,Transient-Party,88.0,0,1
City Hotel,0,17,2016,March,11,9,0,2,2,0.0,0,SC,FRA,Online TA,TA/TO,0,0,0,A,A,0,No Deposit,9.0,0,Transient-Party,79.0,0,0
City Hotel,0,29,2016,March,11,8,0,3,2,0.0,0,HB,PRT,Direct,Direct,0,0,0,A,A,0,No Deposit,,0,Transient,127.0,0,1
City Hotel,0,23,2016,March,11,8,0,3,2,0.0,0,BB,HUN,Online TA,TA/TO,0,0,0,A,A,0,No Deposit,9.0,0,Transient,91.67,0,0
City Hotel,0,47,2016,March,11,7,1,3,2,0.0,0,SC,ARM,Online TA,TA/TO,0,0,0,A,A,0,No Deposit,8.0,0,Transient,65.75,0,0
City Hotel,0,27,2016,March,11,10,0,1,2,0.0,0,SC,GBR,Online TA,TA/TO,0,0,0,A,A,0,No Deposit,9.0,0,Transient,90.0,0,0
City Hotel,0,29,2016,March,11,8,0,3,2,0.0,0,BB,GBR,Online TA,TA/TO,0,0,0,A,A,0,No Deposit,9.0,0,Transient-Party,86.93,0,1
City Hotel,0,29,2016,March,11,8,0,3,2,0.0,0,BB,GBR,Online TA,TA/TO,0,0,0,A,A,0,No Deposit,9.0,0,Transient-Party,86.93,0,1
City Hotel,0,1,2016,March,11,10,0,1,2,0.0,0,BB,FRA,Online TA,TA/TO,0,0,0,A,A,0,No Deposit,9.0,0,Transient,120.0,0,1
City Hotel,0,10,2016,March,11,11,0,1,2,0.0,0,BB,PRT,Offline TA/TO,TA/TO,0,0,0,A,A,1,No Deposit,85.0,0,Transient,75.0,0,0
City Hotel,0,7,2016,March,11,9,0,2,2,0.0,0,BB,PRT,Corporate,Corporate,0,0,0,A,E,2,No Deposit,,0,Transient-Party,80.0,0,0
City Hotel,0,0,2016,March,13,21,1,0,2,0.0,0,BB,PRT,Corporate,Corporate,1,0,1,E,G,0,No Deposit,,0,Transient-Party,135.0,0,0
City Hotel,0,0,2016,May,22,24,0,1,2,0.0,0,BB,PRT,Corporate,Corporate,1,0,3,E,E,1,No Deposit,,0,Transient,159.0,0,0
City Hotel,0,49,2016,March,10,4,2,5,2,0.0,0,BB,DEU,Offline TA/TO,TA/TO,0,0,0,A,A,0,No Deposit,16.0,0,Transient,65.0,0,0
City Hotel,0,8,2016,March,11,9,0,3,2,0.0,0,BB,PRT,Groups,TA/TO,0,0,0,A,A,0,No Deposit,,0,Transient-Party,100.0,0,0
City Hotel,0,8,2016,March,11,9,0,3,2,0.0,0,BB,FRA,Groups,TA/TO,0,0,0,A,A,0,No Deposit,,0,Transient-Party,100.0,0,0
City Hotel,0,8,2016,March,11,9,0,3,2,0.0,0,BB,PRT,Groups,TA/TO,0,0,0,A,A,0,No Deposit,,0,Transient-Party,100.0,0,0
City Hotel,0,52,2016,March,11,7,1,4,2,0.0,0,BB,PRT,Offline TA/TO,TA/TO,0,0,0,A,A,0,No Deposit,27.0,0,Transient,48.4,0,0
City Hotel,0,26,2016,March,11,7,1,4,2,0.0,0,BB,FRA,Offline TA/TO,TA/TO,0,0,0,A,D,0,No Deposit,28.0,0,Transient,87.0,0,0
City Hotel,0,92,2016,March,10,5,2,5,2,0.0,0,BB,DEU,Offline TA/TO,TA/TO,0,0,0,D,D,0,No Deposit,27.0,0,Transient,52.0,0,0
City Hotel,0,37,2016,March,11,11,0,1,2,0.0,0,SC,FRA,Online TA,TA/TO,0,0,0,A,D,0,No Deposit,9.0,0,Transient,71.1,0,0
City Hotel,0,114,2016,March,11,11,0,1,2,0.0,0,BB,FIN,Online TA,TA/TO,0,0,0,A,A,0,No Deposit,11.0,0,Transient,57.73,0,0
City Hotel,0,16,2016,March,11,11,0,1,2,0.0,0,BB,ESP,Corporate,TA/TO,0,0,0,A,A,0,No Deposit,,0,Transient-Party,75.0,0,0
City Hotel,0,16,2016,March,11,11,0,1,2,0.0,0,BB,PRT,Corporate,TA/TO,0,0,0,A,D,0,No Deposit,,0,Transient-Party,75.0,0,0
City Hotel,0,3,2016,March,11,8,0,4,2,0.0,0,SC,DEU,Online TA,TA/TO,0,0,0,A,A,0,No Deposit,9.0,0,Transient,93.0,0,1
City Hotel,0,18,2016,March,11,9,0,3,2,0.0,0,SC,FRA,Online TA,TA/TO,0,0,0,A,A,0,No Deposit,9.0,0,Transient,85.0,0,1
City Hotel,0,116,2016,March,10,5,2,5,2,0.0,0,BB,NLD,Offline TA/TO,TA/TO,0,0,0,A,D,0,No Deposit,28.0,0,Contract,57.0,0,0
City Hotel,0,35,2016,March,11,9,0,3,2,0.0,0,BB,DEU,Offline TA/TO,TA/TO,0,0,0,A,A,0,No Deposit,27.0,0,Transient,38.67,0,0
City Hotel,0,0,2016,March,11,8,0,4,2,0.0,0,BB,FRA,Direct,Direct,0,0,0,A,A,0,No Deposit,,0,Transient,91.0,0,0
City Hotel,0,1,2016,March,11,8,0,4,2,0.0,0,BB,FRA,Online TA,TA/TO,0,0,0,A,A,0,No Deposit,9.0,0,Transient,105.0,0,1
City Hotel,0,11,2016,March,11,10,0,2,2,0.0,0,SC,ITA,Online TA,TA/TO,0,0,0,A,A,0,No Deposit,9.0,0,Transient,95.0,0,0
City Hotel,0,30,2016,March,11,8,0,4,2,0.0,0,BB,ESP,Online TA,TA/TO,0,0,0,A,A,0,No Deposit,9.0,0,Transient,92.9,1,1
City Hotel,0,16,2016,March,11,10,0,2,2,0.0,0,BB,ESP,Online TA,TA/TO,0,0,0,A,A,0,No Deposit,9.0,0,Transient,109.0,0,1
City Hotel,0,16,2016,March,11,9,0,3,2,0.0,0,HB,FRA,Online TA,TA/TO,0,0,0,A,A,0,No Deposit,9.0,0,Transient,135.0,0,1
City Hotel,0,59,2016,March,11,9,0,3,2,0.0,0,BB,GBR,Online TA,TA/TO,0,0,0,D,D,0,No Deposit,9.0,0,Transient,87.3,0,1
City Hotel,0,14,2016,March,11,10,0,2,2,0.0,0,BB,FRA,Offline TA/TO,TA/TO,0,0,0,A,A,0,No Deposit,3.0,0,Transient,70.0,0,0
City Hotel,0,13,2016,March,11,7,1,4,2,0.0,0,BB,CHE,Online TA,TA/TO,0,0,0,A,A,0,No Deposit,9.0,0,Transient,96.6,0,0
City Hotel,0,44,2016,March,11,9,0,3,2,0.0,0,SC,USA,Online TA,TA/TO,0,0,0,A,A,0,No Deposit,9.0,0,Transient,71.1,0,1
City Hotel,0,44,2016,March,10,4,2,6,2,0.0,0,BB,GBR,Online TA,TA/TO,0,0,0,A,A,0,No Deposit,7.0,0,Transient,59.95,0,1
City Hotel,0,48,2016,March,11,9,0,3,2,0.0,0,BB,BRA,Online TA,TA/TO,0,0,0,D,D,0,No Deposit,9.0,0,Transient,105.3,0,1
City Hotel,0,49,2016,March,11,8,0,4,2,0.0,0,BB,ITA,Online TA,TA/TO,0,0,0,A,A,0,No Deposit,9.0,0,Transient,75.95,0,1
City Hotel,0,26,2016,March,11,7,1,4,2,0.0,0,BB,BEL,Offline TA/TO,TA/TO,0,0,0,A,D,0,No Deposit,28.0,0,Transient,87.0,0,0
City Hotel,0,3,2016,March,11,11,0,1,2,0.0,0,BB,FRA,Online TA,TA/TO,0,0,0,A,A,0,No Deposit,9.0,0,Transient,109.0,0,1
City Hotel,0,45,2016,March,11,10,0,2,2,0.0,0,SC,BEL,Online TA,TA/TO,0,0,0,A,A,0,No Deposit,9.0,0,Transient,71.1,0,1
City Hotel,0,20,2016,March,11,9,0,3,2,0.0,0,BB,FRA,Offline TA/TO,TA/TO,0,0,0,A,A,0,No Deposit,28.0,0,Transient,80.0,0,0
City Hotel,0,21,2016,March,11,10,0,2,2,0.0,0,BB,NZL,Online TA,TA/TO,0,0,0,A,A,0,No Deposit,9.0,0,Transient,93.0,0,1
City Hotel,0,35,2016,March,11,11,0,2,2,0.0,0,SC,ARG,Online TA,TA/TO,0,0,0,A,E,0,No Deposit,15.0,0,Transient,53.72,0,0
City Hotel,0,7,2016,March,11,10,0,3,2,0.0,0,BB,FRA,Online TA,TA/TO,0,0,0,A,A,0,No Deposit,9.0,0,Transient,106.33,0,1
City Hotel,0,16,2016,March,11,9,0,4,2,0.0,0,BB,PRT,Online TA,TA/TO,0,0,0,A,A,0,No Deposit,8.0,0,Transient,100.0,0,2
City Hotel,0,1,2016,March,11,12,0,1,2,0.0,0,SC,FRA,Online TA,TA/TO,0,0,0,A,A,0,No Deposit,,0,Transient,97.0,0,1
City Hotel,0,11,2016,March,11,12,0,1,2,0.0,0,SC,DEU,Online TA,TA/TO,0,0,0,A,A,0,No Deposit,9.0,0,Transient,97.0,0,1
City Hotel,0,49,2016,March,11,11,0,2,2,0.0,0,BB,DEU,Groups,Direct,0,0,0,A,A,0,No Deposit,,0,Transient,65.0,0,1
City Hotel,0,106,2016,March,11,10,0,3,2,0.0,0,BB,DEU,Offline TA/TO,TA/TO,0,0,0,A,A,0,No Deposit,27.0,0,Transient,38.67,0,0
City Hotel,0,2,2016,March,11,9,0,4,2,0.0,0,BB,ITA,Online TA,TA/TO,0,0,0,A,A,0,No Deposit,9.0,0,Transient,105.0,0,1
City Hotel,0,25,2016,March,11,10,0,3,2,0.0,0,BB,BEL,Online TA,TA/TO,0,0,0,A,A,0,No Deposit,9.0,0,Transient,94.33,0,0
City Hotel,0,24,2016,March,11,10,0,3,2,0.0,0,BB,CZE,Online TA,TA/TO,0,0,0,A,A,0,No Deposit,9.0,0,Transient,94.33,0,0
City Hotel,0,162,2016,March,11,8,0,5,2,0.0,0,BB,GBR,Offline TA/TO,TA/TO,0,0,0,D,D,0,No Deposit,28.0,0,Group,62.0,0,1
City Hotel,0,162,2016,March,11,8,0,5,2,0.0,0,BB,GBR,Offline TA/TO,TA/TO,0,0,0,D,D,0,No Deposit,28.0,0,Group,62.0,0,1
City Hotel,0,35,2016,March,11,11,0,2,2,0.0,0,SC,CN,Online TA,TA/TO,0,0,0,A,A,0,No Deposit,9.0,0,Transient,71.1,0,0
City Hotel,0,6,2016,March,11,10,0,3,2,0.0,0,BB,CHE,Online TA,TA/TO,0,0,0,A,A,0,No Deposit,9.0,0,Transient,106.33,0,1
City Hotel,0,3,2016,March,11,11,0,2,2,0.0,0,BB,FRA,Online TA,TA/TO,0,0,0,A,A,0,No Deposit,9.0,0,Transient,118.0,0,2
City Hotel,0,11,2016,March,11,11,0,2,2,0.0,0,BB,BEL,Offline TA/TO,TA/TO,0,0,0,A,A,0,No Deposit,138.0,0,Transient,74.8,0,0
City Hotel,0,42,2016,March,11,11,0,2,2,0.0,0,BB,CHE,Online TA,TA/TO,0,0,0,A,A,0,No Deposit,9.0,0,Transient,81.9,0,0
City Hotel,0,42,2016,March,11,11,0,2,2,0.0,0,SC,BEL,Online TA,TA/TO,0,0,0,A,A,0,No Deposit,9.0,0,Transient,71.1,0,1
City Hotel,0,41,2016,March,11,10,0,3,2,0.0,0,BB,SWE,Online TA,TA/TO,0,0,0,A,A,0,No Deposit,9.0,0,Transient,83.9,0,1
City Hotel,0,34,2016,March,11,12,0,1,2,0.0,0,BB,HUN,Online TA,TA/TO,0,0,0,A,A,0,No Deposit,9.0,0,Transient,81.9,0,1
City Hotel,0,28,2016,March,11,9,0,4,2,0.0,0,BB,ESP,Online TA,TA/TO,0,0,0,D,B,0,No Deposit,9.0,0,Transient-Party,100.7,0,2
City Hotel,0,55,2016,March,11,9,0,4,2,0.0,0,BB,FRA,Online TA,TA/TO,0,0,0,A,A,0,No Deposit,7.0,0,Transient,56.94,0,0
City Hotel,0,55,2016,March,10,5,2,6,2,0.0,0,BB,DEU,Online TA,TA/TO,0,0,0,D,D,0,No Deposit,9.0,0,Transient,84.2,0,1
City Hotel,0,42,2016,March,11,11,0,2,2,0.0,0,BB,BEL,Online TA,TA/TO,0,0,0,A,A,0,No Deposit,9.0,0,Transient,81.9,0,0
City Hotel,0,128,2016,March,11,10,0,3,2,0.0,0,BB,PRT,Direct,Direct,0,0,0,D,D,0,No Deposit,14.0,0,Transient,97.0,0,0
City Hotel,0,50,2016,March,11,11,0,2,2,0.0,0,SC,BEL,Online TA,TA/TO,0,0,0,A,A,0,No Deposit,11.0,0,Transient,48.6,0,0
City Hotel,0,86,2016,March,11,10,0,3,2,0.0,0,BB,BEL,Offline TA/TO,TA/TO,0,0,0,A,D,0,No Deposit,28.0,0,Transient,58.0,0,0
City Hotel,0,62,2016,March,11,11,0,2,2,0.0,0,SC,IRL,Online TA,TA/TO,0,0,0,A,A,0,No Deposit,9.0,0,Transient,67.5,0,0
City Hotel,0,3,2016,March,11,7,1,5,2,0.0,0,BB,FRA,Online TA,TA/TO,0,0,0,A,A,0,No Deposit,9.0,0,Transient,114.67,1,0
City Hotel,0,23,2016,March,11,10,0,3,2,0.0,0,SC,FRA,Online TA,TA/TO,0,0,0,A,A,0,No Deposit,9.0,0,Transient,82.33,0,0
City Hotel,0,47,2016,March,11,9,0,4,2,0.0,0,BB,TUR,Groups,Direct,0,0,0,A,A,0,No Deposit,,0,Transient,65.0,0,1
City Hotel,0,2,2016,March,11,11,0,2,2,0.0,0,BB,PRT,Direct,Direct,0,0,0,D,D,0,No Deposit,14.0,0,Transient,127.0,1,0
City Hotel,0,43,2016,March,11,10,0,3,2,0.0,0,SC,FRA,Online TA,TA/TO,0,0,0,A,A,0,No Deposit,9.0,0,Transient,73.1,0,1
City Hotel,0,47,2016,March,11,9,0,4,2,0.0,0,BB,PRT,Groups,Direct,0,0,0,A,A,0,No Deposit,,0,Transient,65.0,0,1
City Hotel,0,6,2016,March,11,10,0,3,2,0.0,0,BB,TUR,Groups,Direct,0,0,0,A,A,0,No Deposit,,0,Transient-Party,65.0,0,0
City Hotel,0,46,2016,March,11,10,1,3,2,0.0,0,SC,FRA,Online TA,TA/TO,0,0,0,A,B,0,No Deposit,9.0,0,Transient,67.15,0,1
City Hotel,0,49,2016,March,11,10,1,3,2,0.0,0,BB,DEU,Online TA,TA/TO,0,0,0,D,D,0,No Deposit,7.0,0,Transient,65.49,0,1
City Hotel,0,38,2016,March,11,9,1,4,2,0.0,0,BB,DEU,Online TA,TA/TO,0,0,0,A,A,0,No Deposit,7.0,0,Transient,63.06,0,1
City Hotel,0,20,2016,March,11,11,1,2,2,0.0,0,SC,ESP,Online TA,TA/TO,0,0,0,A,A,0,No Deposit,9.0,0,Transient,97.0,0,1
City Hotel,0,63,2016,March,11,10,1,3,2,0.0,0,SC,PRT,Online TA,TA/TO,0,0,0,A,A,0,No Deposit,9.0,0,Transient,63.75,0,1
City Hotel,0,56,2016,March,11,10,1,3,2,0.0,0,BB,DEU,Online TA,TA/TO,0,0,0,A,A,0,No Deposit,9.0,0,Transient,73.95,0,1
City Hotel,0,63,2016,March,11,10,1,3,2,0.0,0,SC,PRT,Online TA,TA/TO,0,0,0,A,A,0,No Deposit,9.0,0,Transient,63.75,0,1
City Hotel,0,133,2016,March,11,11,1,2,2,0.0,0,BB,USA,Offline TA/TO,TA/TO,0,0,0,A,A,0,No Deposit,129.0,0,Transient-Party,84.33,0,1
City Hotel,0,103,2016,March,11,12,1,1,2,0.0,0,BB,FRA,Offline TA/TO,TA/TO,0,0,0,A,D,0,No Deposit,28.0,0,Transient,58.0,0,1
City Hotel,0,133,2016,March,11,11,1,2,2,0.0,0,BB,USA,Offline TA/TO,TA/TO,0,0,0,A,B,0,No Deposit,129.0,0,Transient-Party,84.33,0,1
City Hotel,0,133,2016,March,11,11,1,2,2,0.0,0,BB,USA,Offline TA/TO,TA/TO,0,0,0,A,B,0,No Deposit,129.0,0,Transient-Party,84.33,0,1
City Hotel,0,133,2016,March,11,11,1,2,2,0.0,0,BB,USA,Offline TA/TO,TA/TO,0,0,0,A,B,0,No Deposit,129.0,0,Transient-Party,84.33,0,1
City Hotel,0,133,2016,March,11,11,1,2,2,0.0,0,BB,PER,Offline TA/TO,TA/TO,0,0,0,A,A,0,No Deposit,129.0,0,Transient-Party,84.33,0,1
City Hotel,0,133,2016,March,11,11,1,2,2,0.0,0,BB,USA,Offline TA/TO,TA/TO,0,0,0,A,A,0,No Deposit,129.0,0,Transient-Party,84.33,0,1
City Hotel,0,133,2016,March,11,11,1,2,2,0.0,0,BB,USA,Offline TA/TO,TA/TO,0,0,0,A,A,0,No Deposit,129.0,0,Transient-Party,84.33,0,1
City Hotel,0,133,2016,March,11,11,1,2,2,0.0,0,BB,USA,Offline TA/TO,TA/TO,0,0,0,A,D,0,No Deposit,129.0,0,Transient-Party,84.33,0,1
City Hotel,0,133,2016,March,11,11,1,2,2,0.0,0,BB,USA,Offline TA/TO,TA/TO,0,0,0,A,A,0,No Deposit,129.0,0,Transient-Party,84.33,0,1
City Hotel,0,133,2016,March,11,11,1,2,2,0.0,0,BB,USA,Offline TA/TO,TA/TO,0,0,0,A,B,0,No Deposit,129.0,0,Transient-Party,42.17,0,1
City Hotel,0,133,2016,March,11,11,1,2,2,0.0,0,BB,USA,Offline TA/TO,TA/TO,0,0,0,A,D,0,No Deposit,129.0,0,Transient-Party,84.33,0,1
City Hotel,0,3,2016,March,11,12,1,1,2,0.0,0,SC,BRA,Online TA,TA/TO,0,0,0,A,A,0,No Deposit,9.0,0,Transient,106.0,0,1
City Hotel,0,62,2016,March,11,11,1,2,2,0.0,0,BB,GBR,Online TA,TA/TO,0,0,0,A,A,0,No Deposit,7.0,0,Transient,60.29,0,1
City Hotel,0,62,2016,March,11,11,1,2,2,0.0,0,BB,USA,Online TA,TA/TO,0,0,0,A,A,0,No Deposit,7.0,0,Transient,60.29,0,1
City Hotel,0,1,2016,March,11,12,1,1,2,0.0,0,BB,ESP,Online TA,TA/TO,0,0,0,A,A,0,No Deposit,7.0,0,Transient,88.43,0,1
City Hotel,0,88,2016,March,11,12,1,1,2,0.0,0,BB,PRT,Offline TA/TO,TA/TO,0,0,0,A,E,0,No Deposit,28.0,0,Transient,58.0,0,0
City Hotel,0,47,2016,March,11,11,1,2,2,0.0,0,BB,ISR,Online TA,TA/TO,0,0,0,A,A,0,No Deposit,7.0,0,Transient,59.91,0,1
City Hotel,0,10,2016,March,11,11,1,2,2,0.0,0,SC,ITA,Online TA,TA/TO,0,0,0,A,A,0,No Deposit,9.0,0,Transient,97.0,0,0
City Hotel,0,6,2016,March,11,11,1,2,2,0.0,0,SC,AUT,Online TA,TA/TO,0,0,0,A,A,0,No Deposit,9.0,0,Transient,97.0,0,1
City Hotel,0,19,2016,March,11,11,1,2,2,0.0,0,HB,ESP,Online TA,TA/TO,0,0,0,D,D,0,No Deposit,9.0,0,Transient,171.0,1,2
City Hotel,0,34,2016,March,11,12,1,1,2,0.0,0,BB,ITA,Direct,Direct,0,0,0,E,E,0,No Deposit,14.0,0,Transient,112.5,0,0
City Hotel,0,50,2016,March,11,11,1,2,2,0.0,0,BB,BEL,Online TA,TA/TO,0,0,0,D,D,0,No Deposit,9.0,0,Transient,87.3,0,1
City Hotel,0,98,2016,March,11,11,1,2,2,0.0,0,BB,FRA,Offline TA/TO,TA/TO,0,0,0,A,D,0,No Deposit,28.0,0,Transient,58.0,0,0
City Hotel,0,45,2016,March,11,12,1,1,2,0.0,0,HB,FRA,Online TA,TA/TO,0,0,0,D,D,1,No Deposit,9.0,0,Transient,129.6,0,1
City Hotel,0,37,2016,March,11,10,1,3,2,0.0,0,BB,DEU,Online TA,TA/TO,0,0,0,A,A,0,No Deposit,9.0,0,Transient,81.9,0,2
City Hotel,0,8,2016,March,11,11,1,2,2,0.0,0,BB,FRA,Online TA,TA/TO,0,0,0,B,B,1,No Deposit,9.0,0,Transient-Party,103.0,0,1
City Hotel,0,6,2016,March,12,13,1,0,2,0.0,0,BB,ITA,Direct,Direct,0,0,0,A,A,0,No Deposit,14.0,0,Transient,107.0,0,0
City Hotel,0,13,2016,April,16,15,0,1,2,0.0,0,BB,PRT,Direct,Direct,1,0,1,A,A,3,No Deposit,14.0,0,Transient,125.0,0,0
City Hotel,0,49,2016,March,11,9,1,4,2,0.0,0,BB,FRA,Online TA,TA/TO,0,0,0,A,A,0,No Deposit,9.0,0,Transient,73.95,0,1
City Hotel,0,18,2016,March,11,9,1,4,2,0.0,0,BB,FRA,Online TA,TA/TO,0,0,0,D,D,0,No Deposit,9.0,0,Transient,116.8,0,1
City Hotel,0,37,2016,March,11,11,1,2,2,0.0,0,BB,DEU,Offline TA/TO,TA/TO,0,0,0,A,A,0,No Deposit,16.0,0,Transient,63.0,0,0
City Hotel,0,28,2016,March,11,7,2,5,2,0.0,0,BB,ITA,Online TA,TA/TO,0,0,0,D,E,0,No Deposit,15.0,0,Transient,74.08,0,0
City Hotel,0,46,2016,March,11,11,1,2,2,0.0,0,BB,DEU,Direct,Direct,0,0,0,D,D,0,No Deposit,14.0,0,Transient-Party,90.0,0,0
City Hotel,0,46,2016,March,11,11,1,2,2,0.0,0,SC,DEU,Online TA,TA/TO,0,0,0,A,A,0,No Deposit,7.0,0,Transient,54.75,0,1
City Hotel,0,46,2016,March,11,12,1,1,2,0.0,0,SC,NZL,Online TA,TA/TO,0,0,0,A,A,0,No Deposit,9.0,0,Transient,71.1,0,1
City Hotel,0,4,2016,March,11,11,1,2,2,0.0,0,BB,ESP,Online TA,TA/TO,0,0,0,A,A,0,No Deposit,9.0,0,Transient,109.0,0,2
City Hotel,0,42,2016,March,11,11,1,2,2,0.0,0,SC,ITA,Online TA,TA/TO,0,0,0,A,A,0,No Deposit,9.0,0,Transient,71.1,0,1
City Hotel,0,47,2016,March,11,11,1,2,2,0.0,0,SC,PRT,Online TA,TA/TO,0,0,0,A,D,0,No Deposit,9.0,0,Transient,71.1,0,1
City Hotel,0,33,2016,March,11,12,1,1,2,0.0,0,BB,GBR,Direct,Direct,0,0,0,D,E,0,No Deposit,14.0,0,Transient,90.0,0,0
City Hotel,0,24,2016,March,11,12,1,1,2,0.0,0,BB,FRA,Online TA,TA/TO,0,0,0,D,D,0,No Deposit,7.0,0,Transient,71.46,0,1
City Hotel,0,95,2016,March,11,11,1,2,2,0.0,0,BB,FRA,Offline TA/TO,TA/TO,0,0,0,A,D,0,No Deposit,28.0,0,Transient,58.0,0,1
City Hotel,0,51,2016,March,11,10,1,3,2,0.0,0,SC,ITA,Online TA,TA/TO,0,0,0,A,A,0,No Deposit,9.0,0,Transient,63.75,0,1
City Hotel,0,63,2016,March,11,10,1,3,2,0.0,0,SC,PRT,Online TA,TA/TO,0,0,0,A,A,0,No Deposit,9.0,0,Transient,63.75,0,1
City Hotel,0,63,2016,March,11,10,1,3,2,0.0,0,SC,PRT,Online TA,TA/TO,0,0,0,A,A,0,No Deposit,9.0,0,Transient,63.75,0,1
City Hotel,0,133,2016,March,11,11,1,2,2,0.0,0,BB,USA,Offline TA/TO,TA/TO,0,0,0,A,A,0,No Deposit,129.0,0,Transient-Party,84.33,0,1
City Hotel,0,14,2016,March,11,11,1,2,2,0.0,0,BB,FRA,Online TA,TA/TO,0,0,0,A,A,0,No Deposit,9.0,0,Transient,109.0,0,1
City Hotel,0,10,2016,March,11,10,1,3,2,0.0,0,BB,ITA,Offline TA/TO,TA/TO,0,0,0,A,A,0,No Deposit,138.0,0,Transient,63.58,0,1
City Hotel,0,46,2016,March,11,11,1,2,2,0.0,0,BB,PRT,Direct,Direct,0,0,0,D,A,0,No Deposit,14.0,0,Transient-Party,90.0,0,0
City Hotel,0,7,2016,March,11,7,2,5,2,0.0,0,BB,DEU,Offline TA/TO,TA/TO,0,0,0,A,D,0,No Deposit,138.0,0,Transient,71.7,0,0
City Hotel,0,2,2016,March,12,14,0,0,2,0.0,0,BB,TZA,Online TA,TA/TO,0,0,0,A,A,0,No Deposit,155.0,0,Transient,0.0,0,0
City Hotel,0,47,2016,March,11,11,2,2,2,0.0,0,BB,HUN,Online TA,TA/TO,0,0,0,A,A,0,No Deposit,9.0,0,Transient,86.35,0,1
City Hotel,0,44,2016,March,11,10,2,3,2,0.0,0,BB,FRA,Online TA,TA/TO,0,0,0,A,A,0,No Deposit,9.0,0,Transient,80.26,0,1
City Hotel,0,45,2016,March,11,10,2,3,2,0.0,0,SC,DEU,Online TA,TA/TO,0,0,0,A,A,0,No Deposit,9.0,0,Transient,67.15,0,1
City Hotel,0,53,2016,March,11,12,2,1,2,0.0,0,SC,PRT,Online TA,TA/TO,0,0,0,A,A,0,No Deposit,9.0,0,Transient,67.5,0,1
City Hotel,0,25,2016,March,12,13,2,0,2,0.0,0,SC,IRL,Online TA,TA/TO,0,0,0,A,A,0,No Deposit,9.0,0,Transient,93.0,1,1
City Hotel,0,41,2016,March,11,8,2,5,2,0.0,0,SC,GBR,Online TA,TA/TO,0,0,0,A,A,0,No Deposit,9.0,0,Transient,71.41,0,0
City Hotel,0,117,2016,March,11,12,2,1,2,0.0,0,BB,GBR,Offline TA/TO,TA/TO,0,0,0,A,D,0,No Deposit,28.0,0,Contract,55.0,0,0
City Hotel,0,34,2016,March,12,13,2,0,2,0.0,0,BB,FRA,Direct,Direct,0,0,0,A,A,0,No Deposit,14.0,0,Transient,71.1,0,0
City Hotel,0,38,2016,March,11,12,2,1,2,0.0,0,BB,FRA,Offline TA/TO,TA/TO,0,0,0,A,E,0,No Deposit,28.0,0,Transient,85.0,0,0
City Hotel,0,57,2016,March,11,11,2,2,2,0.0,0,SC,FRA,Online TA,TA/TO,0,0,0,A,A,0,No Deposit,9.0,0,Transient,63.75,0,1
City Hotel,0,3,2016,March,11,11,2,2,2,0.0,0,BB,NLD,Offline TA/TO,TA/TO,0,0,0,A,D,0,No Deposit,85.0,0,Transient,68.0,0,0
City Hotel,0,44,2016,March,11,11,2,2,2,0.0,0,BB,FRA,Online TA,TA/TO,0,0,0,A,A,0,No Deposit,9.0,0,Transient,80.74,0,1
City Hotel,0,29,2016,March,11,10,2,3,2,0.0,0,BB,GBR,Online TA,TA/TO,0,0,0,A,D,1,No Deposit,9.0,0,Transient,100.28,0,1
City Hotel,0,55,2016,March,12,13,2,0,2,0.0,0,BB,DEU,Offline TA/TO,TA/TO,0,0,0,A,A,0,No Deposit,16.0,0,Transient,63.0,0,0
City Hotel,0,21,2016,March,11,12,2,1,2,0.0,0,BB,ESP,Online TA,TA/TO,0,0,0,A,A,0,No Deposit,9.0,0,Transient,112.0,0,1
City Hotel,0,49,2016,March,11,12,2,1,2,0.0,0,BB,DEU,Offline TA/TO,TA/TO,0,0,0,A,A,0,No Deposit,27.0,0,Transient,44.67,0,0
City Hotel,0,60,2016,March,12,14,1,3,2,0.0,0,BB,AUT,Online TA,TA/TO,0,0,0,D,D,1,No Deposit,9.0,0,Transient,82.45,0,1
City Hotel,0,57,2016,March,11,12,2,1,2,0.0,0,BB,DEU,Online TA,TA/TO,0,0,0,A,A,0,No Deposit,9.0,0,Transient,78.3,0,1
City Hotel,0,54,2016,March,11,12,2,1,2,0.0,0,BB,ITA,Online TA,TA/TO,0,0,0,A,A,0,No Deposit,9.0,0,Transient,78.3,0,1
City Hotel,0,4,2016,March,11,12,2,1,2,0.0,0,BB,PRT,Direct,Direct,0,0,0,A,A,0,No Deposit,,0,Transient,107.0,0,1
City Hotel,0,30,2016,March,11,11,2,2,2,0.0,0,BB,PRT,Offline TA/TO,TA/TO,0,0,0,A,D,0,No Deposit,28.0,0,Transient,85.0,0,1
City Hotel,0,14,2016,March,12,13,2,0,2,0.0,0,SC,FRA,Online TA,TA/TO,0,0,0,A,A,0,No Deposit,9.0,0,Transient,97.0,0,0
City Hotel,0,35,2016,March,12,13,2,0,2,0.0,0,BB,PRT,Online TA,TA/TO,0,0,0,A,A,1,No Deposit,9.0,0,Transient,100.1,0,1
City Hotel,0,46,2016,March,11,10,2,3,2,0.0,0,BB,DEU,Online TA,TA/TO,0,0,0,A,A,0,No Deposit,9.0,0,Transient,77.35,0,2
City Hotel,0,57,2016,March,11,11,2,2,2,0.0,0,BB,ITA,Online TA,TA/TO,0,0,0,D,D,0,No Deposit,9.0,0,Transient,82.45,0,2
City Hotel,0,31,2016,March,11,10,2,3,2,0.0,0,BB,GBR,Online TA,TA/TO,0,0,0,D,D,0,No Deposit,9.0,0,Transient,95.4,0,0
City Hotel,0,33,2016,March,10,5,4,6,2,0.0,0,BB,DEU,Online TA,TA/TO,0,0,0,A,A,0,No Deposit,7.0,0,Transient,64.46,0,1
City Hotel,0,25,2016,March,11,11,2,2,2,0.0,0,BB,FRA,Online TA,TA/TO,0,0,0,A,A,0,No Deposit,9.0,0,Transient,96.0,0,1
City Hotel,0,0,2016,March,12,15,0,0,2,0.0,0,BB,PRT,Complementary,Direct,1,0,0,A,A,0,No Deposit,,0,Transient,0.0,0,0
City Hotel,0,0,2016,March,12,15,0,0,2,0.0,0,BB,PRT,Complementary,Direct,1,0,0,A,A,0,No Deposit,,0,Transient,0.0,0,0
City Hotel,0,0,2016,March,12,15,0,0,2,0.0,0,BB,PRT,Complementary,Direct,1,0,0,A,A,0,No Deposit,,0,Transient,0.0,0,0
City Hotel,0,94,2016,March,11,12,2,2,2,0.0,0,BB,FRA,Offline TA/TO,TA/TO,0,0,0,A,D,1,No Deposit,28.0,0,Transient,58.0,0,0
City Hotel,0,40,2016,March,12,13,2,1,2,0.0,0,BB,FRA,Offline TA/TO,TA/TO,0,0,0,A,D,0,No Deposit,28.0,0,Transient,85.0,0,0
City Hotel,0,32,2016,March,11,11,2,3,2,0.0,0,BB,POL,Offline TA/TO,TA/TO,0,0,0,A,D,0,No Deposit,28.0,0,Transient,85.0,0,0
City Hotel,0,57,2016,March,11,12,2,2,2,0.0,0,SC,PRT,Online TA,TA/TO,0,0,0,A,A,0,No Deposit,11.0,0,Transient,45.9,0,0
City Hotel,0,55,2016,March,12,13,2,1,2,0.0,0,BB,PRT,Online TA,TA/TO,0,0,0,A,A,0,No Deposit,9.0,0,Transient,78.3,0,1
City Hotel,0,41,2016,March,12,13,2,1,2,0.0,0,BB,POL,Corporate,TA/TO,0,0,0,A,A,0,No Deposit,,0,Transient-Party,85.67,0,0
City Hotel,0,41,2016,March,12,13,2,1,2,0.0,0,BB,POL,Corporate,TA/TO,0,0,0,A,A,0,No Deposit,,0,Transient-Party,85.67,0,0
City Hotel,0,41,2016,March,12,13,2,1,2,0.0,0,BB,POL,Corporate,TA/TO,0,0,0,A,A,0,No Deposit,,0,Transient-Party,85.67,0,0
City Hotel,0,41,2016,March,12,13,2,1,2,0.0,0,BB,POL,Corporate,TA/TO,0,0,0,A,A,0,No Deposit,,0,Transient-Party,85.67,0,0
City Hotel,0,41,2016,March,12,13,2,1,2,0.0,0,BB,POL,Corporate,TA/TO,0,0,0,A,A,0,No Deposit,,0,Transient-Party,85.67,0,0
City Hotel,0,41,2016,March,12,13,2,1,2,0.0,0,BB,POL,Corporate,TA/TO,0,0,0,A,A,0,No Deposit,,0,Transient-Party,85.67,0,0
City Hotel,0,41,2016,March,12,13,2,1,2,0.0,0,BB,PRT,Corporate,TA/TO,0,0,0,A,A,0,No Deposit,,0,Transient-Party,85.67,0,0
City Hotel,0,41,2016,March,12,13,2,1,2,0.0,0,BB,POL,Corporate,TA/TO,0,0,0,A,A,0,No Deposit,,0,Transient-Party,85.67,0,0
City Hotel,0,41,2016,March,12,13,2,1,2,0.0,0,BB,POL,Corporate,TA/TO,0,0,0,A,A,0,No Deposit,,0,Transient-Party,85.67,0,0
City Hotel,0,41,2016,March,12,13,2,1,2,0.0,0,BB,POL,Corporate,TA/TO,0,0,0,A,A,0,No Deposit,,0,Transient-Party,85.67,0,0
City Hotel,0,41,2016,March,12,13,2,1,2,0.0,0,BB,POL,Corporate,TA/TO,0,0,0,A,A,0,No Deposit,,0,Transient-Party,85.67,0,0
City Hotel,0,41,2016,March,12,13,2,1,2,0.0,0,BB,POL,Corporate,TA/TO,0,0,0,A,A,0,No Deposit,,0,Transient-Party,85.67,0,0
City Hotel,0,47,2016,March,12,15,0,1,2,0.0,0,SC,PRT,Online TA,TA/TO,0,0,0,A,A,0,No Deposit,9.0,0,Transient,71.1,0,1
City Hotel,0,5,2016,March,12,14,1,1,2,0.0,0,BB,BEL,Online TA,TA/TO,0,0,0,A,A,0,No Deposit,8.0,0,Transient,118.0,0,1
City Hotel,0,1,2016,March,12,15,0,1,2,0.0,0,SC,ESP,Online TA,TA/TO,0,0,0,A,A,0,No Deposit,9.0,0,Transient,97.0,0,1
City Hotel,0,1,2016,March,12,15,0,1,2,0.0,0,SC,ESP,Online TA,TA/TO,0,0,0,A,A,0,No Deposit,9.0,0,Transient,97.0,0,1
City Hotel,0,0,2016,March,12,14,1,1,2,0.0,0,BB,PRT,Online TA,TA/TO,0,0,0,A,D,0,No Deposit,9.0,0,Transient,109.0,0,0
City Hotel,0,31,2016,March,12,13,2,1,2,0.0,0,BB,FRA,Offline TA/TO,TA/TO,0,0,0,A,D,0,No Deposit,28.0,0,Transient,85.0,0,0
City Hotel,0,35,2016,March,12,13,2,1,2,0.0,0,BB,FRA,Online TA,TA/TO,0,0,0,A,A,0,No Deposit,9.0,0,Transient,81.9,0,0
City Hotel,0,47,2016,March,12,13,2,1,2,0.0,0,BB,ROU,Online TA,TA/TO,0,0,0,A,A,0,No Deposit,9.0,0,Transient,81.9,0,1
City Hotel,0,60,2016,March,11,12,2,2,2,0.0,0,BB,BRA,Online TA,TA/TO,0,0,0,D,D,0,No Deposit,7.0,0,Transient,63.49,0,1
City Hotel,0,31,2016,March,12,14,1,1,2,0.0,0,BB,TUR,Online TA,TA/TO,0,0,0,B,B,0,No Deposit,9.0,0,Transient-Party,81.9,0,0
City Hotel,0,31,2016,March,12,14,1,1,2,0.0,0,BB,TUR,Online TA,TA/TO,0,0,0,B,B,0,No Deposit,9.0,0,Transient-Party,81.9,0,1
City Hotel,0,31,2016,March,12,14,1,1,2,0.0,0,BB,TUR,Online TA,TA/TO,0,0,0,B,B,0,No Deposit,9.0,0,Transient-Party,81.9,0,1
City Hotel,0,31,2016,March,12,14,1,1,2,0.0,0,BB,TUR,Online TA,TA/TO,0,0,0,B,B,0,No Deposit,9.0,0,Transient-Party,81.9,0,1
City Hotel,0,29,2016,March,11,12,2,2,2,0.0,0,BB,FRA,Offline TA/TO,TA/TO,0,0,0,A,A,0,No Deposit,28.0,0,Transient,68.0,0,0
City Hotel,0,15,2016,March,11,12,2,2,2,0.0,0,BB,FRA,Online TA,TA/TO,0,0,0,A,A,0,No Deposit,9.0,0,Transient,100.0,0,1
City Hotel,0,35,2016,March,11,9,2,5,2,0.0,0,BB,GBR,Direct,Direct,0,0,0,A,A,0,No Deposit,14.0,0,Transient,71.1,0,0
City Hotel,0,29,2016,March,11,11,2,3,2,0.0,0,BB,POL,Online TA,TA/TO,0,0,0,A,A,0,No Deposit,7.0,0,Transient,63.87,0,1
City Hotel,0,45,2016,March,12,13,2,1,2,0.0,0,SC,PRT,Online TA,TA/TO,0,0,0,A,D,0,No Deposit,9.0,0,Transient,71.1,0,1
City Hotel,0,59,2016,March,12,13,2,1,2,0.0,0,SC,SWE,Online TA,TA/TO,0,0,0,A,A,0,No Deposit,9.0,0,Transient,67.5,0,0
City Hotel,0,21,2016,March,12,14,1,1,2,0.0,0,SC,DNK,Online TA,TA/TO,0,0,0,A,A,0,No Deposit,9.0,0,Transient,79.0,0,0
City Hotel,0,13,2016,March,12,15,0,1,2,0.0,0,BB,MOZ,Direct,Direct,0,0,0,A,A,0,No Deposit,,0,Transient,107.0,0,0
City Hotel,0,64,2016,March,11,12,2,3,2,0.0,0,BB,DEU,Offline TA/TO,TA/TO,0,0,0,A,A,0,No Deposit,27.0,0,Transient,46.4,0,0
City Hotel,0,32,2016,March,12,13,2,2,2,0.0,0,BB,FRA,Online TA,TA/TO,0,0,0,A,A,0,No Deposit,9.0,0,Transient,81.9,0,0
City Hotel,0,23,2016,March,12,16,0,1,2,0.0,0,BB,PRT,Offline TA/TO,TA/TO,0,0,0,A,A,0,No Deposit,28.0,0,Transient,80.0,0,0
City Hotel,0,39,2016,March,11,12,2,3,2,0.0,0,HB,FRA,Online TA,TA/TO,0,0,0,D,D,3,No Deposit,9.0,0,Transient,136.08,0,1
City Hotel,0,62,2016,March,12,14,1,2,2,0.0,0,BB,IRL,Online TA,TA/TO,0,0,0,A,A,0,No Deposit,7.0,0,Transient,60.29,0,1
City Hotel,0,60,2016,March,12,13,2,2,2,0.0,0,BB,IRL,Direct,Direct,0,0,0,D,A,0,No Deposit,14.0,0,Transient,77.35,0,0
City Hotel,0,108,2016,March,12,13,2,2,2,0.0,0,BB,FRA,Online TA,TA/TO,0,0,0,A,A,0,No Deposit,11.0,0,Transient,65.96,0,0
City Hotel,0,108,2016,March,12,13,2,2,2,0.0,0,BB,FRA,Online TA,TA/TO,0,0,0,A,A,0,No Deposit,11.0,0,Transient,65.96,0,0
City Hotel,0,14,2016,March,12,13,2,2,2,0.0,0,BB,NLD,Online TA,TA/TO,0,0,0,A,D,0,No Deposit,9.0,0,Transient,109.0,0,1
City Hotel,0,35,2016,March,12,14,1,2,2,0.0,0,BB,BEL,Offline TA/TO,TA/TO,0,0,0,A,D,0,No Deposit,28.0,0,Transient,85.0,0,0
City Hotel,0,17,2016,March,12,16,0,1,2,0.0,0,BB,PRT,Online TA,TA/TO,0,0,0,A,A,0,No Deposit,9.0,0,Transient,109.0,1,1
City Hotel,0,167,2016,March,12,13,2,2,2,0.0,0,BB,GBR,Offline TA/TO,TA/TO,0,0,0,D,D,0,No Deposit,28.0,0,Group,60.0,0,1
City Hotel,0,167,2016,March,12,13,2,2,2,0.0,0,BB,GBR,Offline TA/TO,TA/TO,0,0,0,D,D,0,No Deposit,28.0,0,Group,60.0,0,1
City Hotel,0,39,2016,March,12,14,1,2,2,0.0,0,BB,BEL,Online TA,TA/TO,0,0,0,A,A,0,No Deposit,9.0,0,Transient,81.9,0,0
City Hotel,0,49,2016,March,12,15,0,2,2,0.0,0,BB,CHN,Online TA,TA/TO,0,0,0,A,A,0,No Deposit,9.0,0,Transient,81.9,0,1
City Hotel,0,65,2016,March,12,13,2,2,2,0.0,0,SC,ITA,Online TA,TA/TO,0,0,0,A,A,0,No Deposit,9.0,0,Transient,63.75,0,0
City Hotel,0,62,2016,March,12,13,2,2,2,0.0,0,BB,BEL,Online TA,TA/TO,0,0,0,D,D,0,No Deposit,7.0,0,Transient,63.49,0,1
City Hotel,0,46,2016,March,12,14,1,2,2,0.0,0,HB,PRT,Direct,Direct,0,0,0,A,A,1,No Deposit,14.0,0,Transient,107.1,0,0
City Hotel,0,25,2016,March,12,13,2,2,2,0.0,0,BB,DEU,Offline TA/TO,TA/TO,0,0,0,A,A,0,No Deposit,138.0,0,Transient,63.58,0,0
City Hotel,0,19,2016,March,12,14,1,2,2,0.0,0,SC,FRA,Online TA,TA/TO,0,0,0,A,A,0,No Deposit,7.0,0,Transient,60.83,0,1
City Hotel,0,108,2016,March,12,13,2,2,2,0.0,0,BB,PRT,Online TA,TA/TO,0,0,0,A,A,0,No Deposit,11.0,0,Transient,59.37,0,0
City Hotel,0,10,2016,March,12,14,1,2,2,0.0,0,BB,FRA,Offline TA/TO,TA/TO,0,0,0,A,A,0,No Deposit,28.0,0,Transient,80.0,0,0
City Hotel,0,8,2016,March,11,10,2,5,2,0.0,0,BB,GBR,Offline TA/TO,TA/TO,0,0,0,A,A,0,No Deposit,22.0,0,Transient,72.0,0,0
City Hotel,0,1,2016,March,12,16,0,1,2,0.0,0,BB,PRT,Online TA,TA/TO,0,0,0,A,A,0,No Deposit,9.0,0,Transient,109.0,0,1
City Hotel,0,39,2016,March,12,14,1,2,2,0.0,0,BB,FRA,Offline TA/TO,TA/TO,0,0,0,A,D,0,No Deposit,28.0,0,Transient,85.0,0,0
City Hotel,0,58,2016,March,12,14,1,2,2,0.0,0,BB,FRA,Online TA,TA/TO,0,0,0,A,A,0,No Deposit,9.0,0,Transient,78.3,0,1
City Hotel,0,35,2016,March,11,12,2,3,2,0.0,0,BB,DEU,Offline TA/TO,TA/TO,0,0,0,A,A,0,No Deposit,16.0,0,Transient,63.0,0,0
City Hotel,0,32,2016,March,12,13,2,2,2,0.0,0,BB,FRA,Offline TA/TO,TA/TO,0,0,0,A,D,0,No Deposit,28.0,0,Transient,85.0,0,0
City Hotel,0,41,2016,March,12,14,1,2,2,0.0,0,BB,DEU,Direct,Direct,0,0,0,A,A,0,No Deposit,14.0,0,Transient,89.1,1,0
City Hotel,0,36,2016,March,12,14,1,2,2,0.0,0,SC,GBR,Online TA,TA/TO,0,0,0,A,A,0,No Deposit,8.0,0,Transient,71.1,0,1
City Hotel,0,46,2016,March,11,11,2,4,2,0.0,0,BB,DEU,Online TA,TA/TO,0,0,0,A,A,0,No Deposit,9.0,0,Transient,77.35,0,1
City Hotel,0,33,2016,March,12,13,2,2,2,0.0,0,BB,FIN,Online TA,TA/TO,0,0,0,D,D,0,No Deposit,9.0,0,Transient,95.4,0,0
City Hotel,0,64,2016,March,12,13,2,2,2,0.0,0,BB,ITA,Online TA,TA/TO,0,0,0,A,A,0,No Deposit,9.0,0,Transient,73.95,0,1
City Hotel,0,52,2016,March,12,13,2,2,2,0.0,0,SC,USA,Online TA,TA/TO,0,0,0,A,A,0,No Deposit,11.0,0,Transient,51.0,0,0
City Hotel,0,164,2016,March,12,13,2,2,2,0.0,0,BB,BGR,Online TA,TA/TO,0,0,0,A,A,0,No Deposit,9.0,0,Contract,90.0,0,2
City Hotel,0,0,2016,March,12,16,0,1,2,0.0,0,BB,PRT,Online TA,TA/TO,0,0,0,A,A,0,No Deposit,9.0,0,Transient,109.0,0,0
City Hotel,0,6,2016,March,12,13,2,2,2,0.0,0,BB,PRT,Direct,Direct,0,0,0,A,A,0,No Deposit,14.0,0,Transient-Party,107.0,0,0
City Hotel,0,6,2016,March,12,13,2,2,2,0.0,0,BB,PRT,Direct,Direct,0,0,0,A,A,0,No Deposit,14.0,0,Transient-Party,107.0,0,0
City Hotel,0,34,2016,March,12,14,1,3,2,0.0,0,SC,PRT,Online TA,TA/TO,0,0,0,A,A,0,No Deposit,9.0,0,Transient-Party,71.1,0,0
City Hotel,0,34,2016,March,12,14,1,3,2,0.0,0,SC,FRA,Online TA,TA/TO,0,0,0,A,A,0,No Deposit,9.0,0,Transient-Party,71.1,0,1
City Hotel,0,10,2016,March,12,14,1,3,2,0.0,0,BB,DNK,Online TA,TA/TO,0,0,0,A,A,0,No Deposit,7.0,0,Transient,83.93,0,1
City Hotel,0,33,2016,March,12,15,0,3,2,0.0,0,SC,IRL,Online TA,TA/TO,0,0,0,A,A,0,No Deposit,9.0,0,Transient,71.1,0,1
City Hotel,0,9,2016,March,12,16,0,2,2,0.0,0,BB,FRA,Online TA,TA/TO,0,0,0,A,A,0,No Deposit,9.0,0,Transient,109.0,0,1
City Hotel,0,47,2016,March,12,14,1,3,2,0.0,0,BB,NLD,Online TA,TA/TO,0,0,0,A,A,0,No Deposit,9.0,0,Transient,77.35,0,1
City Hotel,0,29,2016,March,11,12,2,4,2,0.0,0,BB,DNK,Online TA,TA/TO,0,0,0,D,D,0,No Deposit,9.0,0,Transient,100.33,0,0
City Hotel,0,21,2016,March,12,14,1,3,2,0.0,0,HB,FRA,Offline TA/TO,TA/TO,0,0,0,D,D,0,No Deposit,28.0,0,Transient,108.2,0,0
City Hotel,0,31,2016,March,12,17,0,1,2,0.0,0,SC,PRT,Online TA,TA/TO,0,0,0,A,A,0,No Deposit,9.0,0,Transient,71.1,0,1
City Hotel,0,1,2016,March,12,15,0,3,2,0.0,0,HB,DEU,Offline TA/TO,TA/TO,0,0,0,D,D,1,No Deposit,16.0,0,Transient,111.0,0,0
City Hotel,0,32,2016,March,12,15,0,3,2,0.0,0,BB,BEL,Online TA,TA/TO,0,0,0,A,A,0,No Deposit,9.0,0,Transient,81.9,0,1
City Hotel,0,43,2016,March,12,14,1,3,2,0.0,0,BB,DNK,Online TA,TA/TO,0,0,0,A,A,0,No Deposit,8.0,0,Transient,81.9,0,1
City Hotel,0,43,2016,March,12,14,1,3,2,0.0,0,BB,DNK,Online TA,TA/TO,0,0,0,A,A,0,No Deposit,8.0,0,Transient,81.9,0,1
City Hotel,0,18,2016,March,12,17,0,1,2,0.0,0,BB,PRT,Online TA,TA/TO,0,0,0,D,D,0,No Deposit,7.0,0,Transient,95.48,0,1
City Hotel,0,1,2016,March,12,15,0,3,2,0.0,0,BB,FRA,Offline TA/TO,TA/TO,0,0,0,A,D,0,No Deposit,28.0,0,Transient-Party,80.0,0,1
City Hotel,0,1,2016,March,12,15,0,3,2,0.0,0,BB,FRA,Offline TA/TO,TA/TO,0,0,0,A,D,1,No Deposit,28.0,0,Transient-Party,82.0,0,1
City Hotel,0,39,2016,March,12,15,0,3,2,0.0,0,SC,CHE,Online TA,TA/TO,0,0,0,A,A,0,No Deposit,11.0,0,Transient,51.19,0,0
City Hotel,0,35,2016,March,12,16,0,2,2,0.0,0,SC,CHE,Online TA,TA/TO,0,0,0,A,A,0,No Deposit,9.0,0,Transient-Party,71.1,0,1
City Hotel,0,35,2016,March,12,16,0,2,2,0.0,0,HB,PRT,Direct,Direct,0,0,0,A,A,2,No Deposit,,0,Transient,125.0,0,1
City Hotel,0,51,2016,March,12,15,0,3,2,0.0,0,BB,GBR,Online TA,TA/TO,0,0,0,A,A,0,No Deposit,9.0,0,Transient,90.9,1,1
City Hotel,0,17,2016,March,12,14,1,3,2,0.0,0,BB,FRA,Online TA,TA/TO,0,0,0,A,A,0,No Deposit,9.0,0,Transient,91.0,0,1
City Hotel,0,13,2016,March,12,13,2,3,2,0.0,0,BB,DEU,Offline TA/TO,TA/TO,0,0,0,A,A,0,No Deposit,138.0,0,Transient,63.58,0,0
City Hotel,0,42,2016,March,12,15,0,3,2,0.0,0,BB,HUN,Direct,Direct,0,0,0,B,B,0,No Deposit,,0,Transient-Party,71.1,0,1
City Hotel,0,42,2016,March,12,15,0,3,2,0.0,0,BB,HUN,Direct,Direct,0,0,0,B,B,0,No Deposit,,0,Transient-Party,71.1,0,1
City Hotel,0,83,2016,March,11,12,2,4,2,0.0,0,BB,DEU,Offline TA/TO,TA/TO,0,0,0,A,B,1,No Deposit,27.0,0,Transient-Party,48.33,0,0
City Hotel,0,46,2016,March,12,14,1,3,2,0.0,0,BB,GBR,Online TA,TA/TO,0,0,0,A,A,0,No Deposit,7.0,0,Transient,56.59,0,1
City Hotel,0,7,2016,March,12,14,1,3,2,0.0,0,BB,HUN,Online TA,TA/TO,0,0,0,D,D,0,No Deposit,9.0,0,Transient,124.0,0,1
City Hotel,0,38,2016,March,12,14,1,3,2,0.0,0,SC,DEU,Online TA,TA/TO,0,0,0,A,A,0,No Deposit,9.0,0,Transient,71.1,0,0
City Hotel,0,161,2016,March,12,15,0,3,2,0.0,0,SC,BRA,Online TA,TA/TO,0,0,0,A,A,0,No Deposit,7.0,0,Transient,60.98,0,1
City Hotel,0,5,2016,March,12,14,1,3,2,0.0,0,BB,FRA,Online TA,TA/TO,0,0,0,A,A,0,No Deposit,9.0,0,Transient,109.0,0,1
City Hotel,0,55,2016,March,12,16,0,2,2,0.0,0,BB,DEU,Online TA,TA/TO,0,0,0,A,A,0,No Deposit,9.0,0,Transient,78.3,0,1
City Hotel,0,38,2016,March,11,11,2,5,2,0.0,0,BB,ITA,Online TA,TA/TO,0,0,0,A,A,0,No Deposit,9.0,0,Transient,81.9,0,1
City Hotel,0,5,2016,March,12,16,0,2,2,0.0,0,FB,PRT,Complementary,Direct,0,0,0,G,G,0,No Deposit,,0,Transient,0.0,0,0
City Hotel,0,41,2016,March,12,15,0,3,2,0.0,0,SC,PRT,Online TA,TA/TO,0,0,0,A,A,0,No Deposit,9.0,0,Transient-Party,71.1,0,1
City Hotel,0,7,2016,March,12,16,0,3,2,0.0,0,BB,FRA,Offline TA/TO,TA/TO,0,0,0,A,A,0,No Deposit,28.0,0,Transient,80.0,0,0
City Hotel,0,54,2016,March,12,14,1,4,2,0.0,0,HB,PRT,Offline TA/TO,TA/TO,0,0,0,A,A,0,No Deposit,16.0,0,Transient,92.0,0,1
City Hotel,0,29,2016,March,12,18,0,1,2,0.0,0,SC,BRA,Online TA,TA/TO,0,0,0,A,A,0,No Deposit,9.0,0,Transient,79.0,0,0
City Hotel,0,33,2016,March,12,15,0,4,2,0.0,0,BB,ITA,Online TA,TA/TO,0,0,0,A,A,0,No Deposit,9.0,0,Transient,81.9,0,1
City Hotel,0,6,2016,March,12,14,1,4,2,0.0,0,BB,ITA,Online TA,TA/TO,0,0,0,A,A,2,No Deposit,9.0,0,Transient,118.0,1,1
City Hotel,0,1,2016,March,12,16,0,3,2,0.0,0,SC,NLD,Online TA,TA/TO,0,0,0,A,D,0,No Deposit,9.0,0,Transient,97.0,0,1
City Hotel,0,17,2016,March,12,17,0,2,2,0.0,0,BB,PRT,Corporate,Corporate,0,0,0,A,A,2,No Deposit,174.0,0,Transient-Party,80.0,0,1
City Hotel,0,17,2016,March,12,17,0,2,2,0.0,0,BB,PRT,Corporate,Corporate,0,0,0,A,A,0,No Deposit,174.0,0,Transient-Party,80.0,0,1
City Hotel,0,7,2016,March,12,16,0,3,2,0.0,0,BB,BEL,Online TA,TA/TO,0,0,0,D,D,0,No Deposit,15.0,0,Transient,99.2,0,1
City Hotel,0,17,2016,March,12,17,0,2,2,0.0,0,BB,PRT,Corporate,Corporate,0,0,0,A,A,0,No Deposit,174.0,0,Transient-Party,80.0,0,1
City Hotel,0,2,2016,March,12,18,0,1,2,0.0,0,BB,VEN,Corporate,Corporate,0,0,0,A,A,1,No Deposit,,0,Transient,107.0,0,0
City Hotel,0,19,2016,March,12,14,1,4,2,0.0,0,BB,FRA,Online TA,TA/TO,0,0,0,A,A,0,No Deposit,9.0,0,Transient,91.0,0,1
City Hotel,0,42,2016,March,11,12,2,5,2,0.0,0,HB,ESP,Online TA,TA/TO,0,0,0,D,D,1,No Deposit,9.0,0,Transient,127.79,0,1
City Hotel,0,17,2016,March,12,17,0,2,2,0.0,0,BB,PRT,Corporate,Corporate,0,0,0,A,A,0,No Deposit,174.0,0,Transient-Party,80.0,0,1
City Hotel,0,32,2016,March,12,17,0,2,2,0.0,0,BB,ESP,Online TA,TA/TO,0,0,0,A,A,0,No Deposit,9.0,0,Transient,81.9,0,0
City Hotel,0,0,2016,March,12,15,0,4,2,0.0,0,BB,PRT,Offline TA/TO,TA/TO,0,0,0,D,D,0,No Deposit,28.0,0,Transient,55.0,0,0
City Hotel,0,37,2016,March,12,18,0,1,2,0.0,0,HB,GBR,Online TA,TA/TO,0,0,0,A,A,1,No Deposit,9.0,0,Transient,125.1,1,1
City Hotel,0,17,2016,March,12,17,0,2,2,0.0,0,BB,PRT,Corporate,Corporate,0,0,0,A,A,0,No Deposit,174.0,0,Transient-Party,80.0,0,1
City Hotel,0,17,2016,March,12,17,0,2,2,0.0,0,BB,PRT,Corporate,Corporate,0,0,0,A,A,0,No Deposit,174.0,0,Transient-Party,80.0,0,1
City Hotel,0,26,2016,March,12,16,0,3,2,0.0,0,BB,CHL,Online TA,TA/TO,0,0,0,A,A,0,No Deposit,9.0,0,Transient,91.0,0,1
City Hotel,0,54,2016,March,12,16,0,3,2,0.0,0,BB,GBR,Direct,Direct,0,0,0,A,A,0,No Deposit,14.0,0,Transient,83.4,0,0
City Hotel,0,41,2016,March,12,16,0,3,2,0.0,0,BB,PRT,Offline TA/TO,TA/TO,0,0,0,A,D,0,No Deposit,28.0,0,Transient,85.0,0,0
City Hotel,0,11,2016,March,12,16,0,3,2,0.0,0,BB,PRT,Online TA,TA/TO,0,0,0,D,D,0,No Deposit,7.0,0,Transient,95.48,0,1
City Hotel,0,50,2016,March,10,5,4,10,2,0.0,0,BB,AUT,Offline TA/TO,TA/TO,0,0,0,D,D,0,No Deposit,27.0,0,Transient,51.0,0,1
City Hotel,0,87,2016,March,12,14,1,4,2,0.0,0,BB,FRA,Direct,Direct,0,0,0,A,A,0,No Deposit,,0,Transient,72.25,0,2
City Hotel,0,2,2016,March,12,16,0,3,2,0.0,0,BB,PRT,Corporate,Corporate,0,0,0,A,A,0,No Deposit,72.0,0,Transient,40.0,0,1
City Hotel,0,87,2016,March,12,14,1,4,2,0.0,0,BB,FRA,Direct,Direct,0,0,0,A,A,0,No Deposit,,0,Transient,72.25,0,2
City Hotel,0,87,2016,March,12,14,1,4,2,0.0,0,BB,FRA,Direct,Direct,0,0,0,A,A,0,No Deposit,,0,Transient,72.25,0,2
City Hotel,0,35,2016,March,12,16,0,3,2,0.0,0,BB,DEU,Online TA,TA/TO,0,0,0,A,A,0,No Deposit,7.0,0,Transient,63.06,0,1
City Hotel,0,87,2016,March,12,14,1,4,2,0.0,0,BB,FRA,Direct,Direct,0,0,0,A,A,0,No Deposit,,0,Transient,72.25,0,2
City Hotel,0,6,2016,March,12,17,0,2,2,0.0,0,BB,FRA,Online TA,TA/TO,0,0,0,D,D,0,No Deposit,9.0,0,Transient,124.0,0,1
City Hotel,0,17,2016,March,12,17,0,2,2,0.0,0,BB,PRT,Corporate,Corporate,0,0,0,A,D,0,No Deposit,174.0,0,Transient,80.0,0,1
City Hotel,0,18,2016,March,12,15,0,4,2,0.0,0,SC,IRL,Online TA,TA/TO,0,0,0,A,A,0,No Deposit,9.0,0,Transient,79.0,0,0
City Hotel,0,17,2016,March,12,17,0,2,2,0.0,0,BB,PRT,Corporate,Corporate,0,0,0,A,A,0,No Deposit,174.0,0,Transient-Party,80.0,0,1
City Hotel,0,40,2016,March,12,14,1,4,2,0.0,0,BB,ITA,Online TA,TA/TO,0,0,0,D,D,0,No Deposit,9.0,0,Transient,98.82,0,0
City Hotel,0,12,2016,March,12,17,0,3,2,0.0,0,BB,DEU,Offline TA/TO,TA/TO,0,0,0,A,A,0,No Deposit,27.0,0,Transient,38.67,0,0
City Hotel,0,59,2016,March,12,17,0,3,2,0.0,0,SC,DEU,Online TA,TA/TO,0,0,0,A,A,0,No Deposit,9.0,0,Transient,81.3,0,1
City Hotel,0,24,2016,March,12,17,0,3,2,0.0,0,BB,PRT,Offline TA/TO,TA/TO,0,0,0,A,A,0,No Deposit,138.0,0,Transient,74.8,0,0
City Hotel,0,17,2016,March,12,19,0,1,2,0.0,0,SC,ESP,Online TA,TA/TO,0,0,0,A,B,1,No Deposit,9.0,0,Transient-Party,97.0,0,0
City Hotel,0,4,2016,March,12,15,0,5,2,0.0,0,SC,GBR,Offline TA/TO,TA/TO,0,0,0,A,A,0,No Deposit,85.0,0,Transient,59.5,0,0
City Hotel,0,53,2016,March,12,17,0,3,2,0.0,0,BB,FRA,Direct,Direct,0,0,0,D,D,0,No Deposit,14.0,0,Transient-Party,101.4,0,0
City Hotel,0,53,2016,March,12,17,0,3,2,0.0,0,BB,FRA,Direct,Direct,0,0,0,D,D,0,No Deposit,14.0,0,Transient-Party,101.4,0,0
City Hotel,0,53,2016,March,12,17,0,3,2,0.0,0,BB,FRA,Direct,Direct,0,0,0,D,D,0,No Deposit,14.0,0,Transient-Party,101.4,0,0
City Hotel,0,53,2016,March,12,17,0,3,2,0.0,0,BB,FRA,Direct,Direct,0,0,0,D,D,0,No Deposit,14.0,0,Transient-Party,101.4,0,0
City Hotel,0,8,2016,March,12,18,0,2,2,0.0,0,BB,NLD,Online TA,TA/TO,0,0,0,A,A,0,No Deposit,8.0,0,Transient,125.0,0,1
City Hotel,0,115,2016,March,12,18,0,2,2,0.0,0,HB,PRT,Groups,TA/TO,0,0,0,A,A,0,No Deposit,1.0,0,Transient-Party,90.0,0,0
City Hotel,0,115,2016,March,12,18,0,2,2,0.0,0,HB,PRT,Groups,TA/TO,0,0,0,A,A,0,No Deposit,1.0,0,Transient-Party,90.0,0,0
City Hotel,0,13,2016,March,12,17,0,3,2,0.0,0,BB,BRA,Offline TA/TO,TA/TO,0,0,0,A,A,0,No Deposit,85.0,0,Transient,80.0,0,0
City Hotel,0,115,2016,March,12,18,0,2,2,0.0,0,HB,PRT,Groups,TA/TO,0,0,0,A,A,0,No Deposit,1.0,0,Transient-Party,90.0,0,0
City Hotel,0,34,2016,March,12,15,0,5,2,0.0,0,HB,EST,Online TA,TA/TO,0,0,0,D,D,1,No Deposit,9.0,0,Transient,129.6,0,1
City Hotel,0,35,2016,March,12,18,0,2,2,0.0,0,BB,GBR,Online TA,TA/TO,0,0,0,F,F,1,No Deposit,9.0,0,Transient,162.45,0,0
City Hotel,0,4,2016,March,12,18,0,2,2,0.0,0,SC,PRT,Online TA,TA/TO,0,0,0,A,A,0,No Deposit,7.0,0,Transient,87.01,0,1
City Hotel,0,115,2016,March,12,18,0,2,2,0.0,0,HB,PRT,Groups,TA/TO,0,0,0,A,A,0,No Deposit,1.0,0,Transient-Party,90.0,0,0
City Hotel,0,18,2016,March,12,19,0,1,2,0.0,0,BB,PRT,Direct,Direct,0,0,0,A,A,0,No Deposit,14.0,0,Transient,107.0,0,0
City Hotel,0,67,2016,March,12,17,0,3,2,0.0,0,BB,ESP,Online TA,TA/TO,0,0,0,D,D,0,No Deposit,9.0,0,Transient,108.3,1,0
City Hotel,0,107,2016,March,12,17,0,3,2,0.0,0,BB,GBR,Offline TA/TO,TA/TO,0,0,0,A,D,0,No Deposit,28.0,0,Transient,58.0,0,0
City Hotel,0,115,2016,March,12,18,0,2,2,0.0,0,HB,PRT,Groups,TA/TO,0,0,0,A,A,0,No Deposit,1.0,0,Transient-Party,90.0,0,0
City Hotel,0,115,2016,March,12,18,0,2,2,0.0,0,HB,PRT,Groups,TA/TO,0,0,0,A,A,0,No Deposit,1.0,0,Transient-Party,90.0,0,0
City Hotel,0,43,2016,March,12,17,0,3,2,0.0,0,BB,PRT,Online TA,TA/TO,0,0,0,D,E,0,No Deposit,9.0,0,Transient-Party,106.8,0,0
City Hotel,0,43,2016,March,12,17,0,3,2,0.0,0,BB,PRT,Online TA,TA/TO,0,0,0,D,D,0,No Deposit,9.0,0,Transient-Party,106.8,0,0
City Hotel,0,43,2016,March,12,17,0,3,2,0.0,0,BB,PRT,Online TA,TA/TO,0,0,0,D,D,0,No Deposit,9.0,0,Transient-Party,106.8,0,0
City Hotel,0,28,2016,March,12,18,0,2,2,0.0,0,BB,ESP,Offline TA/TO,TA/TO,0,0,0,A,A,0,No Deposit,22.0,0,Transient-Party,70.0,0,2
City Hotel,0,28,2016,March,12,18,0,2,2,0.0,0,BB,ESP,Offline TA/TO,TA/TO,0,0,0,A,A,0,No Deposit,22.0,0,Transient-Party,70.0,0,2
City Hotel,0,115,2016,March,12,18,0,2,2,0.0,0,HB,PRT,Groups,TA/TO,0,0,0,A,C,0,No Deposit,1.0,0,Transient-Party,90.0,0,0
City Hotel,0,41,2016,March,12,15,0,5,2,0.0,0,BB,PRT,Offline TA/TO,TA/TO,0,0,0,D,D,0,No Deposit,22.0,0,Transient,73.8,0,0
City Hotel,0,16,2016,March,12,17,0,3,2,0.0,0,BB,ITA,Online TA,TA/TO,0,0,0,A,A,0,No Deposit,9.0,0,Transient,109.0,0,1
City Hotel,0,1,2016,March,12,19,0,1,2,0.0,0,SC,BRA,Online TA,TA/TO,0,0,0,A,A,0,No Deposit,9.0,0,Transient,129.0,0,0
City Hotel,0,19,2016,March,12,18,0,2,2,0.0,0,BB,IRL,Online TA,TA/TO,0,0,0,A,A,0,No Deposit,9.0,0,Transient,109.0,0,1
City Hotel,0,58,2016,March,12,17,0,3,2,0.0,0,BB,DEU,Offline TA/TO,TA/TO,0,0,0,A,A,0,No Deposit,16.0,0,Transient,63.0,0,0
City Hotel,0,115,2016,March,12,18,0,2,2,0.0,0,HB,PRT,Groups,TA/TO,0,0,0,A,A,0,No Deposit,1.0,0,Transient-Party,90.0,0,0
City Hotel,0,115,2016,March,12,18,0,2,2,0.0,0,HB,PRT,Groups,TA/TO,0,0,0,A,A,0,No Deposit,1.0,0,Transient-Party,90.0,0,0
City Hotel,0,35,2016,March,12,16,0,4,2,0.0,0,BB,DEU,Online TA,TA/TO,0,0,0,D,D,0,No Deposit,9.0,0,Transient,95.4,0,0
City Hotel,0,115,2016,March,12,18,0,2,2,0.0,0,HB,PRT,Groups,TA/TO,0,0,0,A,A,0,No Deposit,1.0,0,Transient-Party,90.0,0,0
City Hotel,0,150,2016,March,12,17,0,3,2,0.0,0,BB,GBR,Online TA,TA/TO,0,0,0,A,A,0,No Deposit,7.0,0,Transient,65.83,0,2
City Hotel,0,115,2016,March,12,18,0,2,2,0.0,0,HB,PRT,Groups,TA/TO,0,0,0,A,A,0,No Deposit,1.0,0,Transient-Party,90.0,0,0
City Hotel,0,54,2016,March,12,16,0,4,2,0.0,0,BB,ROU,Offline TA/TO,TA/TO,0,0,0,A,A,0,No Deposit,118.0,0,Transient,67.32,0,0
City Hotel,0,17,2016,March,12,19,0,1,2,0.0,0,SC,ESP,Online TA,TA/TO,0,0,0,A,B,1,No Deposit,9.0,0,Transient-Party,97.0,0,1
City Hotel,1,91,2016,March,12,18,0,1,2,0.0,0,BB,PRT,Offline TA/TO,TA/TO,0,0,0,D,K,0,No Deposit,27.0,0,Transient,70.0,0,0
City Hotel,0,0,2016,March,13,20,0,0,2,0.0,0,BB,PRT,Offline TA/TO,TA/TO,1,0,0,D,K,0,No Deposit,27.0,0,Transient,0.0,0,0
City Hotel,0,0,2016,March,13,20,1,0,2,0.0,0,BB,DEU,Online TA,TA/TO,0,0,0,D,E,0,No Deposit,9.0,0,Transient,139.0,0,0
City Hotel,0,20,2016,March,12,19,1,1,2,0.0,0,BB,ITA,Online TA,TA/TO,0,0,0,A,A,0,No Deposit,9.0,0,Transient,109.0,0,1
City Hotel,0,13,2016,March,13,20,1,0,2,0.0,0,BB,PRT,Offline TA/TO,TA/TO,0,0,0,A,A,0,No Deposit,220.0,0,Transient-Party,85.0,0,1
City Hotel,0,13,2016,March,13,20,1,0,2,0.0,0,BB,PRT,Offline TA/TO,TA/TO,0,0,0,A,A,0,No Deposit,220.0,0,Transient-Party,85.0,0,1
City Hotel,0,13,2016,March,13,20,1,0,2,0.0,0,BB,BRA,Offline TA/TO,TA/TO,0,0,0,A,A,0,No Deposit,220.0,0,Transient-Party,85.0,0,1
City Hotel,0,119,2016,March,12,18,1,2,2,0.0,0,BB,PRT,Offline TA/TO,TA/TO,0,0,0,A,D,1,No Deposit,28.0,0,Transient,55.0,0,0
City Hotel,0,13,2016,March,13,20,1,0,2,0.0,0,BB,PRT,Offline TA/TO,TA/TO,0,0,0,A,B,1,No Deposit,220.0,0,Transient-Party,85.0,0,1
City Hotel,0,13,2016,March,13,20,1,0,2,0.0,0,BB,PRT,Offline TA/TO,TA/TO,0,0,0,A,A,0,No Deposit,220.0,0,Transient-Party,85.0,0,1
City Hotel,0,13,2016,March,13,20,1,0,2,0.0,0,BB,BRA,Offline TA/TO,TA/TO,0,0,0,A,A,0,No Deposit,220.0,0,Transient,85.0,0,1
City Hotel,0,13,2016,March,13,20,1,0,2,0.0,0,BB,BRA,Offline TA/TO,TA/TO,0,0,0,A,A,0,No Deposit,220.0,0,Transient-Party,85.0,0,1
City Hotel,0,13,2016,March,13,20,1,0,2,0.0,0,BB,PRT,Offline TA/TO,TA/TO,0,0,0,A,A,0,No Deposit,220.0,0,Transient-Party,85.0,0,1
City Hotel,0,13,2016,March,13,20,1,0,2,0.0,0,BB,PRT,Offline TA/TO,TA/TO,0,0,0,A,B,1,No Deposit,220.0,0,Transient-Party,85.0,0,0
City Hotel,0,13,2016,March,13,20,1,0,2,0.0,0,BB,PRT,Offline TA/TO,TA/TO,0,0,0,A,A,0,No Deposit,220.0,0,Transient-Party,85.0,0,1
City Hotel,0,13,2016,March,13,20,1,0,2,0.0,0,BB,BRA,Offline TA/TO,TA/TO,0,0,0,A,A,0,No Deposit,220.0,0,Transient-Party,85.0,0,1
City Hotel,0,6,2016,March,13,20,1,0,2,0.0,0,BB,PRT,Offline TA/TO,TA/TO,0,0,0,A,A,0,No Deposit,220.0,0,Transient-Party,85.0,0,1
City Hotel,0,6,2016,March,12,14,2,5,2,0.0,0,BB,FRA,Direct,Direct,0,0,0,A,A,0,No Deposit,14.0,0,Transient,107.0,0,0
City Hotel,0,13,2016,March,13,20,1,0,2,0.0,0,BB,PRT,Offline TA/TO,TA/TO,0,0,0,A,A,0,No Deposit,220.0,0,Transient-Party,85.0,0,1
City Hotel,0,13,2016,March,13,20,1,0,2,0.0,0,BB,PRT,Offline TA/TO,TA/TO,0,0,0,A,A,0,No Deposit,220.0,0,Transient-Party,85.0,0,1
City Hotel,0,13,2016,March,13,20,1,0,2,0.0,0,BB,BRA,Offline TA/TO,TA/TO,0,0,0,A,A,0,No Deposit,220.0,0,Transient-Party,85.0,0,1
City Hotel,0,149,2016,March,12,19,1,1,2,0.0,0,BB,PRT,Online TA,TA/TO,0,0,0,A,A,0,No Deposit,9.0,0,Contract,90.0,0,1
City Hotel,0,22,2016,March,13,20,1,0,2,0.0,0,BB,PRT,Online TA,TA/TO,0,0,0,A,A,0,No Deposit,9.0,0,Transient,91.0,0,1
City Hotel,0,13,2016,March,13,20,1,0,2,0.0,0,BB,PRT,Offline TA/TO,TA/TO,0,0,0,A,A,0,No Deposit,220.0,0,Transient-Party,85.0,0,1
City Hotel,0,68,2016,March,12,18,1,2,2,0.0,0,BB,DEU,Online TA,TA/TO,0,0,0,A,A,0,No Deposit,9.0,0,Transient,105.3,1,0
City Hotel,0,24,2016,March,13,20,1,0,2,0.0,0,BB,DEU,Offline TA/TO,TA/TO,0,0,0,A,B,1,No Deposit,16.0,0,Transient,70.0,0,0
City Hotel,0,60,2016,March,12,17,1,3,2,0.0,0,BB,BEL,Online TA,TA/TO,0,0,0,A,A,0,No Deposit,9.0,0,Transient,88.61,0,1
City Hotel,0,0,2016,March,13,20,1,0,2,0.0,0,BB,GBR,Direct,Direct,0,0,0,A,E,1,No Deposit,,0,Transient,134.0,0,2
City Hotel,0,0,2016,March,13,20,1,0,2,0.0,0,BB,PRT,Direct,Direct,0,0,0,A,D,0,No Deposit,,0,Transient-Party,129.0,0,0
City Hotel,0,0,2016,March,13,20,1,0,2,0.0,0,BB,PRT,Direct,Direct,0,0,0,A,A,1,No Deposit,,0,Transient-Party,129.0,0,0
City Hotel,0,66,2016,March,12,19,1,1,2,0.0,0,BB,ESP,Online TA,TA/TO,0,0,0,D,D,0,No Deposit,9.0,0,Transient,114.3,1,1
City Hotel,0,31,2016,March,12,19,1,1,2,0.0,0,BB,ESP,Offline TA/TO,TA/TO,0,0,0,A,A,0,No Deposit,138.0,0,Transient,63.0,0,0
City Hotel,0,60,2016,March,12,18,1,2,2,0.0,0,BB,FRA,Online TA,TA/TO,0,0,0,D,D,0,No Deposit,7.0,0,Transient,83.16,0,1
City Hotel,0,0,2016,March,13,20,1,0,2,0.0,0,BB,PRT,Direct,Direct,0,0,0,A,D,0,No Deposit,,0,Transient-Party,129.0,0,0
City Hotel,0,0,2016,March,13,20,1,0,2,0.0,0,BB,DEU,Complementary,TA/TO,0,0,0,A,E,0,No Deposit,,0,Transient,139.0,0,0
City Hotel,0,45,2016,March,12,18,1,2,2,0.0,0,BB,ESP,Online TA,TA/TO,0,0,0,D,D,0,No Deposit,9.0,0,Transient,112.5,0,2
City Hotel,0,128,2016,March,12,18,1,2,2,0.0,0,BB,DEU,Online TA,TA/TO,0,0,0,A,A,0,No Deposit,7.0,0,Transient,67.22,0,0
City Hotel,0,49,2016,March,12,18,1,2,2,0.0,0,BB,GBR,Offline TA/TO,TA/TO,0,0,0,A,A,0,No Deposit,138.0,0,Transient,63.58,0,0
City Hotel,0,33,2016,March,12,16,1,4,2,0.0,0,BB,NLD,Offline TA/TO,TA/TO,0,0,0,A,A,0,No Deposit,138.0,0,Transient,63.58,0,0
City Hotel,0,40,2016,March,13,20,1,0,2,0.0,0,SC,GBR,Online TA,TA/TO,0,0,0,A,A,0,No Deposit,9.0,0,Transient,88.2,0,0
City Hotel,0,54,2016,March,12,18,1,2,2,0.0,0,BB,FRA,Online TA,TA/TO,0,0,0,A,A,0,No Deposit,9.0,0,Transient,99.0,0,1
City Hotel,0,124,2016,March,12,15,1,5,2,0.0,0,BB,DEU,Offline TA/TO,TA/TO,0,0,0,A,A,0,No Deposit,27.0,0,Transient,48.33,0,1
City Hotel,0,10,2016,March,12,19,1,1,2,0.0,0,BB,ESP,Online TA,TA/TO,0,0,0,A,A,1,No Deposit,9.0,0,Transient-Party,103.0,0,0
City Hotel,0,13,2016,March,13,20,1,0,2,0.0,0,BB,PRT,Offline TA/TO,TA/TO,0,0,0,A,B,1,No Deposit,220.0,0,Transient-Party,85.0,0,0
City Hotel,0,105,2016,March,12,18,1,2,2,0.0,0,BB,FRA,Offline TA/TO,TA/TO,0,0,0,A,D,0,No Deposit,28.0,0,Transient,58.0,0,0
City Hotel,0,13,2016,March,13,20,1,0,2,0.0,0,BB,PRT,Offline TA/TO,TA/TO,0,0,0,A,A,0,No Deposit,220.0,0,Transient,85.0,0,0
City Hotel,0,53,2016,March,12,15,2,5,2,0.0,0,BB,FRA,Online TA,TA/TO,0,0,0,A,D,1,No Deposit,9.0,0,Transient-Party,83.92,0,1
City Hotel,0,5,2016,March,12,19,2,1,2,0.0,0,BB,USA,Groups,TA/TO,0,0,0,A,A,0,No Deposit,1.0,0,Transient-Party,93.33,0,0
City Hotel,0,0,2016,March,13,21,1,0,2,0.0,0,SC,FRA,Online TA,TA/TO,0,0,0,A,A,0,No Deposit,9.0,0,Transient,89.0,0,0
City Hotel,0,0,2016,March,13,21,1,0,2,0.0,0,SC,PRT,Online TA,TA/TO,0,0,0,A,A,0,No Deposit,9.0,0,Transient,89.0,0,0
City Hotel,0,71,2016,March,12,18,2,2,2,0.0,0,BB,PRT,Online TA,TA/TO,0,0,0,A,A,0,No Deposit,9.0,0,Transient,90.95,0,1
City Hotel,0,5,2016,March,12,19,2,1,2,0.0,0,BB,USA,Groups,TA/TO,0,0,0,A,A,0,No Deposit,1.0,0,Transient-Party,93.33,0,0
City Hotel,0,5,2016,March,12,19,2,1,2,0.0,0,BB,USA,Groups,TA/TO,0,0,0,A,A,0,No Deposit,1.0,0,Transient-Party,93.33,0,0
City Hotel,0,5,2016,March,12,19,2,1,2,0.0,0,BB,USA,Groups,TA/TO,0,0,0,A,A,0,No Deposit,1.0,0,Transient-Party,93.33,0,0
City Hotel,0,68,2016,March,12,19,2,1,2,0.0,0,BB,KAZ,Online TA,TA/TO,0,0,0,D,D,0,No Deposit,9.0,0,Transient,105.3,0,2
City Hotel,0,5,2016,March,12,19,2,1,2,0.0,0,BB,USA,Groups,TA/TO,0,0,0,A,A,0,No Deposit,1.0,0,Transient-Party,93.33,0,0
City Hotel,0,5,2016,March,12,19,2,1,2,0.0,0,BB,USA,Groups,TA/TO,0,0,0,A,A,0,No Deposit,1.0,0,Transient-Party,93.33,0,0
City Hotel,0,5,2016,March,12,19,2,1,2,0.0,0,BB,PRT,Groups,TA/TO,0,0,0,A,A,0,No Deposit,1.0,0,Transient-Party,93.33,0,0
City Hotel,0,6,2016,March,13,20,2,0,2,0.0,0,BB,PRT,Offline TA/TO,TA/TO,0,0,0,A,A,2,No Deposit,220.0,0,Transient-Party,75.0,0,1
City Hotel,0,6,2016,March,13,20,2,0,2,0.0,0,BB,PRT,Offline TA/TO,TA/TO,0,0,0,A,A,1,No Deposit,220.0,0,Transient-Party,75.0,0,1
City Hotel,0,5,2016,March,12,19,2,1,2,0.0,0,BB,USA,Groups,TA/TO,0,0,0,A,A,1,No Deposit,1.0,0,Transient-Party,93.33,0,0
City Hotel,0,5,2016,March,12,19,2,1,2,0.0,0,BB,USA,Groups,TA/TO,0,0,0,A,A,0,No Deposit,1.0,0,Transient-Party,93.33,0,0
City Hotel,0,49,2016,March,12,17,2,3,2,0.0,0,BB,NOR,Direct,Direct,0,0,0,D,D,0,No Deposit,14.0,0,Transient,97.92,0,0
City Hotel,0,0,2016,March,13,21,1,0,2,0.0,0,SC,PRT,Online TA,TA/TO,0,0,0,A,E,0,No Deposit,7.0,0,Transient,68.53,0,0
City Hotel,0,49,2016,March,12,19,2,1,2,0.0,0,BB,NLD,Online TA,TA/TO,0,0,0,D,D,0,No Deposit,9.0,0,Transient,121.5,0,0
City Hotel,0,41,2016,March,13,20,2,0,2,0.0,0,BB,FRA,Online TA,TA/TO,0,0,0,A,A,0,No Deposit,9.0,0,Transient,99.0,0,1
City Hotel,0,5,2016,March,12,19,2,1,2,0.0,0,BB,USA,Groups,TA/TO,0,0,0,A,A,0,No Deposit,1.0,0,Transient-Party,93.33,0,0
City Hotel,0,5,2016,March,12,19,2,1,2,0.0,0,BB,USA,Groups,TA/TO,0,0,0,A,A,0,No Deposit,1.0,0,Transient-Party,93.33,0,0
City Hotel,0,11,2016,March,12,19,2,1,2,0.0,0,BB,PRT,Online TA,TA/TO,0,0,0,A,A,0,No Deposit,9.0,0,Transient,119.67,0,1
City Hotel,0,20,2016,March,12,19,2,1,2,0.0,0,SC,FIN,Online TA,TA/TO,0,0,0,A,A,0,No Deposit,9.0,0,Transient,107.67,0,0
City Hotel,0,111,2016,March,13,20,2,0,2,0.0,0,BB,BEL,Offline TA/TO,TA/TO,0,0,0,A,D,0,No Deposit,28.0,0,Transient,58.0,0,1
City Hotel,0,81,2016,March,12,18,2,2,2,0.0,0,BB,FRA,Offline TA/TO,TA/TO,0,0,0,A,B,1,No Deposit,16.0,0,Transient,59.5,0,0
City Hotel,0,17,2016,March,12,18,2,2,2,0.0,0,BB,ESP,Online TA,TA/TO,0,0,0,A,A,0,No Deposit,9.0,0,Transient,126.0,0,0
City Hotel,0,47,2016,March,13,21,1,0,2,0.0,0,BB,DEU,Offline TA/TO,TA/TO,0,0,0,D,E,0,No Deposit,27.0,0,Transient,73.8,0,0
City Hotel,0,38,2016,March,12,19,2,1,2,0.0,0,BB,ESP,Online TA,TA/TO,0,0,0,D,D,0,No Deposit,9.0,0,Transient,104.4,1,0
City Hotel,0,145,2016,March,12,19,2,1,2,0.0,0,SC,USA,Online TA,TA/TO,0,0,0,A,A,0,No Deposit,7.0,0,Transient,60.98,0,0
City Hotel,0,52,2016,March,13,21,1,0,2,0.0,0,BB,DEU,Online TA,TA/TO,0,0,0,A,A,0,No Deposit,9.0,0,Transient,99.0,0,1
City Hotel,0,0,2016,March,13,21,1,0,2,0.0,0,SC,FRA,Online TA,TA/TO,0,0,0,A,A,0,No Deposit,9.0,0,Transient,89.0,0,0
City Hotel,0,0,2016,March,13,20,2,0,2,0.0,0,SC,ESP,Online TA,TA/TO,0,0,0,A,G,0,No Deposit,9.0,0,Transient,109.0,0,0
City Hotel,0,46,2016,March,12,18,2,2,2,0.0,0,BB,CHE,Offline TA/TO,TA/TO,0,0,0,B,B,0,No Deposit,118.0,0,Transient-Party,74.8,0,0
City Hotel,0,46,2016,March,12,18,2,2,2,0.0,0,BB,CHE,Offline TA/TO,TA/TO,0,0,0,B,B,0,No Deposit,118.0,0,Transient-Party,74.8,0,0
City Hotel,0,0,2016,March,13,21,1,0,2,0.0,0,BB,PRT,Direct,Direct,0,0,0,A,A,0,No Deposit,,0,Transient,99.0,0,0
City Hotel,0,40,2016,March,13,20,2,1,2,0.0,0,SC,AUS,Online TA,TA/TO,0,0,0,A,A,0,No Deposit,9.0,0,Transient,88.2,0,1
City Hotel,0,1,2016,March,13,22,0,1,2,0.0,0,SC,KWT,Online TA,TA/TO,0,0,0,A,A,0,No Deposit,9.0,0,Transient,89.0,0,0
City Hotel,0,55,2016,March,12,19,2,2,2,0.0,0,BB,IRL,Online TA,TA/TO,0,0,0,A,A,0,No Deposit,9.0,0,Transient,93.5,0,1
City Hotel,0,0,2016,March,13,22,0,1,2,0.0,0,BB,BEL,Direct,Direct,0,0,0,D,D,0,No Deposit,,0,Transient,99.0,0,1
City Hotel,0,121,2016,March,12,19,2,2,2,0.0,0,BB,DEU,Offline TA/TO,TA/TO,0,0,0,A,A,0,No Deposit,27.0,0,Transient,43.5,0,0
City Hotel,0,2,2016,March,13,22,0,1,2,0.0,0,SC,GBR,Online TA,TA/TO,0,0,0,A,A,0,No Deposit,9.0,0,Transient,89.0,0,0
City Hotel,0,3,2016,March,13,21,1,1,2,0.0,0,SC,ESP,Online TA,TA/TO,0,0,0,A,A,0,No Deposit,9.0,0,Transient,89.0,0,0
City Hotel,0,42,2016,March,13,22,0,1,2,0.0,0,SC,ESP,Online TA,TA/TO,0,0,0,A,A,0,No Deposit,9.0,0,Transient-Party,88.2,0,0
City Hotel,0,42,2016,March,13,22,0,1,2,0.0,0,BB,ESP,Online TA,TA/TO,0,0,0,D,A,0,No Deposit,9.0,0,Transient-Party,131.4,0,0
City Hotel,0,42,2016,March,13,22,0,1,2,0.0,0,BB,ESP,Online TA,TA/TO,0,0,0,A,A,0,No Deposit,9.0,0,Transient-Party,93.6,0,0
City Hotel,0,12,2016,March,12,19,2,2,2,0.0,0,SC,ESP,Offline TA/TO,TA/TO,0,0,0,A,A,1,No Deposit,138.0,0,Transient,71.8,1,0
City Hotel,0,109,2016,March,13,20,2,1,2,0.0,0,BB,FRA,Offline TA/TO,TA/TO,0,0,0,F,F,2,No Deposit,28.0,0,Transient,85.0,0,1
City Hotel,0,5,2016,March,13,21,1,1,2,0.0,0,SC,FRA,Online TA,TA/TO,0,0,0,A,A,0,No Deposit,7.0,0,Transient,68.53,0,1
City Hotel,0,66,2016,March,12,19,2,2,2,0.0,0,SC,GBR,Online TA,TA/TO,0,0,0,A,A,0,No Deposit,7.0,0,Transient,62.18,0,1
City Hotel,0,113,2016,March,13,20,2,1,2,0.0,0,BB,DEU,Offline TA/TO,TA/TO,0,0,0,A,A,0,No Deposit,27.0,0,Transient,38.67,0,0
City Hotel,0,43,2016,March,13,20,2,1,2,0.0,0,SC,CHN,Online TA,TA/TO,0,0,0,A,A,0,No Deposit,9.0,0,Transient,88.2,0,1
City Hotel,0,61,2016,March,12,19,2,2,2,0.0,0,BB,PRT,Offline TA/TO,TA/TO,0,0,0,A,B,1,No Deposit,138.0,0,Transient,63.58,0,0
City Hotel,0,61,2016,March,12,19,2,2,2,0.0,0,BB,ESP,Offline TA/TO,TA/TO,0,0,0,A,B,1,No Deposit,138.0,0,Transient,63.58,0,0
City Hotel,0,23,2016,March,12,17,2,4,2,0.0,0,BB,BGR,Offline TA/TO,TA/TO,0,0,0,A,A,0,No Deposit,168.0,0,Transient,68.0,0,0
City Hotel,0,110,2016,March,13,20,2,1,2,0.0,0,BB,FRA,Offline TA/TO,TA/TO,0,0,0,A,D,0,No Deposit,28.0,0,Transient,58.0,0,0
City Hotel,0,3,2016,March,13,22,0,1,2,0.0,0,BB,PRT,Online TA,TA/TO,0,0,0,A,A,0,No Deposit,9.0,0,Transient,101.0,0,0
City Hotel,0,109,2016,March,13,20,2,1,2,0.0,0,BB,FRA,Offline TA/TO,TA/TO,0,0,0,A,D,0,No Deposit,28.0,0,Transient,58.0,0,0
City Hotel,0,35,2016,March,13,21,1,2,2,0.0,0,BB,FRA,Online TA,TA/TO,0,0,0,D,D,0,No Deposit,9.0,0,Transient,112.5,0,1
City Hotel,0,42,2016,March,13,20,2,2,2,0.0,0,BB,FRA,Online TA,TA/TO,0,0,0,A,A,0,No Deposit,9.0,0,Transient,97.63,0,1
City Hotel,0,63,2016,March,13,24,0,0,2,0.0,0,BB,PRT,Direct,Direct,0,0,0,D,D,1,No Deposit,14.0,0,Transient,0.0,0,0
City Hotel,0,73,2016,March,13,20,2,2,2,0.0,0,BB,DEU,Offline TA/TO,TA/TO,0,0,0,A,A,0,No Deposit,16.0,0,Transient,59.5,0,0
City Hotel,0,48,2016,March,13,20,2,2,2,0.0,0,BB,DEU,Online TA,TA/TO,0,0,0,A,A,0,No Deposit,9.0,0,Transient-Party,93.5,0,2
City Hotel,0,48,2016,March,13,20,2,2,2,0.0,0,BB,DEU,Online TA,TA/TO,0,0,0,A,A,0,No Deposit,9.0,0,Transient-Party,93.5,0,2
City Hotel,0,51,2016,March,12,13,4,7,2,0.0,0,BB,DEU,Online TA,TA/TO,0,0,0,D,E,0,No Deposit,7.0,0,Transient,71.22,0,0
City Hotel,0,78,2016,March,13,22,0,2,2,0.0,0,BB,GBR,Offline TA/TO,TA/TO,0,0,0,D,D,0,No Deposit,22.0,0,Transient,69.7,0,0
City Hotel,0,49,2016,March,13,23,0,1,2,0.0,0,BB,USA,Online TA,TA/TO,0,0,0,A,A,0,No Deposit,9.0,0,Transient,110.0,1,0
City Hotel,0,34,2016,March,13,20,2,2,2,0.0,0,BB,GBR,Offline TA/TO,TA/TO,0,0,0,D,D,0,No Deposit,22.0,0,Transient,73.8,0,0
City Hotel,0,4,2016,March,13,22,0,2,2,0.0,0,BB,ESP,Online TA,TA/TO,0,0,0,A,A,0,No Deposit,155.0,0,Transient,107.0,0,2
City Hotel,0,157,2016,March,12,19,2,3,2,0.0,0,BB,DEU,Online TA,TA/TO,0,0,0,A,A,0,No Deposit,9.0,0,Contract,90.0,0,1
City Hotel,0,6,2016,March,13,21,1,2,2,0.0,0,BB,ESP,Online TA,TA/TO,0,0,0,A,A,0,No Deposit,9.0,0,Transient,101.0,1,1
City Hotel,0,73,2016,March,13,21,1,2,2,0.0,0,BB,DEU,Offline TA/TO,TA/TO,0,0,0,A,A,0,No Deposit,27.0,0,Transient-Party,38.67,0,0
City Hotel,0,73,2016,March,13,21,1,2,2,0.0,0,BB,DEU,Offline TA/TO,TA/TO,0,0,0,A,A,0,No Deposit,27.0,0,Transient-Party,38.67,0,0
City Hotel,0,4,2016,March,13,23,0,1,2,0.0,0,BB,PRT,Offline TA/TO,TA/TO,0,0,0,A,A,1,No Deposit,17.0,0,Transient,72.0,0,1
City Hotel,1,65,2016,March,13,23,0,0,2,0.0,0,BB,ARG,Online TA,TA/TO,0,0,0,A,B,2,No Deposit,9.0,0,Transient,0.0,0,0
City Hotel,0,4,2016,March,13,23,0,1,2,0.0,0,BB,PRT,Offline TA/TO,TA/TO,0,0,0,A,A,1,No Deposit,17.0,0,Transient,2.0,0,1
City Hotel,0,31,2016,March,12,17,2,5,2,0.0,0,BB,UKR,Offline TA/TO,TA/TO,0,0,0,A,A,0,No Deposit,22.0,0,Transient,63.0,0,0
City Hotel,0,112,2016,March,13,21,1,2,2,0.0,0,SC,PRT,Online TA,TA/TO,0,0,0,B,B,1,No Deposit,7.0,0,Transient,58.9,0,0
City Hotel,0,112,2016,March,13,21,1,2,2,0.0,0,SC,DEU,Online TA,TA/TO,0,0,0,B,B,0,No Deposit,7.0,0,Transient,58.9,0,0
City Hotel,0,57,2016,March,13,21,1,2,2,0.0,0,BB,BRA,Online TA,TA/TO,0,0,0,D,D,2,No Deposit,9.0,0,Transient-Party,118.5,0,1
City Hotel,0,56,2016,March,13,20,2,2,2,0.0,0,BB,BRA,Online TA,TA/TO,0,0,0,D,D,1,No Deposit,9.0,0,Transient-Party,119.75,1,1
City Hotel,0,38,2016,March,13,20,2,2,2,0.0,0,BB,DEU,Online TA,TA/TO,0,0,0,D,D,0,No Deposit,9.0,0,Transient,103.95,0,0
City Hotel,0,5,2016,March,13,23,0,1,2,0.0,0,BB,FIN,Direct,Direct,0,0,0,D,D,0,No Deposit,14.0,0,Transient,112.0,0,0
City Hotel,0,69,2016,March,13,20,2,2,2,0.0,0,BB,AUT,Offline TA/TO,TA/TO,0,0,0,A,A,0,No Deposit,16.0,0,Transient,59.5,0,0
City Hotel,0,5,2016,March,13,23,0,1,2,0.0,0,BB,MEX,Direct,Direct,0,0,0,D,D,0,No Deposit,14.0,0,Transient,112.0,0,0
City Hotel,0,53,2016,March,12,19,2,3,2,0.0,0,BB,DEU,Offline TA/TO,TA/TO,0,0,0,A,A,0,No Deposit,16.0,0,Transient,70.0,0,1
City Hotel,0,20,2016,March,12,19,2,3,2,0.0,0,BB,DNK,Online TA,TA/TO,0,0,0,A,B,2,No Deposit,9.0,0,Transient-Party,128.2,0,1
City Hotel,0,45,2016,March,13,21,1,2,2,0.0,0,BB,FRA,Offline TA/TO,TA/TO,0,0,0,A,D,0,No Deposit,28.0,0,Transient,85.0,0,0
City Hotel,0,4,2016,March,13,22,0,2,2,0.0,0,SC,IRL,Online TA,TA/TO,0,0,0,A,A,0,No Deposit,9.0,0,Transient,89.0,0,1
City Hotel,0,1,2016,March,13,20,2,2,2,0.0,0,BB,PRT,Direct,Direct,0,0,0,A,A,1,No Deposit,,0,Transient,103.5,0,2
City Hotel,0,2,2016,March,13,22,0,2,2,0.0,0,SC,ESP,Online TA,TA/TO,0,0,0,A,A,0,No Deposit,9.0,0,Transient,98.0,0,0
City Hotel,0,74,2016,March,13,21,1,3,2,0.0,0,BB,PRT,Online TA,TA/TO,0,0,0,D,D,0,No Deposit,9.0,0,Transient,99.45,0,1
City Hotel,0,1,2016,March,13,22,0,3,2,0.0,0,BB,BRA,Direct,Direct,0,0,0,A,A,0,No Deposit,,0,Transient,112.0,0,0
City Hotel,0,51,2016,March,13,20,2,3,2,0.0,0,BB,DEU,Direct,Direct,0,0,0,A,A,0,No Deposit,14.0,0,Transient,88.2,0,0
City Hotel,0,44,2016,March,13,20,2,3,2,0.0,0,BB,GBR,Online TA,TA/TO,0,0,0,D,E,0,No Deposit,9.0,0,Transient,107.5,0,1
City Hotel,0,40,2016,March,13,21,1,3,2,0.0,0,BB,FRA,Online TA,TA/TO,0,0,0,D,E,0,No Deposit,9.0,0,Transient,108.23,0,0
City Hotel,0,38,2016,March,13,23,0,2,2,0.0,0,SC,ESP,Online TA,TA/TO,0,0,0,A,A,0,No Deposit,9.0,0,Transient,90.2,0,0
City Hotel,0,0,2016,March,13,24,0,1,2,0.0,0,BB,ARG,Online TA,TA/TO,0,0,0,B,A,1,No Deposit,9.0,0,Transient,12.0,0,0
City Hotel,0,0,2016,March,13,24,0,1,2,0.0,0,BB,PRT,Direct,Direct,0,0,0,A,A,0,No Deposit,,0,Transient,0.0,0,0
City Hotel,0,46,2016,March,13,21,1,3,2,0.0,0,BB,FRA,Offline TA/TO,TA/TO,0,0,0,A,D,0,No Deposit,28.0,0,Transient,85.0,0,0
City Hotel,0,69,2016,March,13,20,2,3,2,0.0,0,BB,DEU,Online TA,TA/TO,0,0,0,A,A,0,No Deposit,9.0,0,Transient,90.95,0,1
City Hotel,0,51,2016,March,13,21,1,3,2,0.0,0,SC,DEU,Online TA,TA/TO,0,0,0,B,B,0,No Deposit,9.0,0,Transient-Party,83.3,0,1
City Hotel,0,51,2016,March,13,21,1,3,2,0.0,0,SC,PRT,Online TA,TA/TO,0,0,0,B,B,0,No Deposit,9.0,0,Transient-Party,83.3,0,1
City Hotel,0,9,2016,March,13,22,0,3,2,0.0,0,BB,DEU,Online TA,TA/TO,0,0,0,A,A,0,No Deposit,9.0,0,Transient,141.0,0,0
City Hotel,0,130,2016,March,13,21,1,3,2,0.0,0,BB,DEU,Direct,Direct,0,0,0,D,D,0,No Deposit,14.0,0,Transient,82.88,0,1
City Hotel,0,130,2016,March,13,21,1,3,2,0.0,0,BB,DEU,Direct,Direct,0,0,0,D,D,0,No Deposit,14.0,0,Transient,82.88,0,1
City Hotel,0,50,2016,March,13,21,1,3,2,0.0,0,BB,FRA,Online TA,TA/TO,0,0,0,A,A,0,No Deposit,9.0,0,Transient,93.5,0,1
City Hotel,0,151,2016,March,13,20,2,3,2,0.0,0,BB,NLD,Offline TA/TO,TA/TO,0,0,0,A,A,0,No Deposit,121.0,0,Transient,59.5,0,0
City Hotel,0,59,2016,March,12,18,2,5,2,0.0,0,BB,DEU,Offline TA/TO,TA/TO,0,0,0,A,A,0,No Deposit,16.0,0,Transient,59.5,0,0
City Hotel,0,56,2016,March,13,22,0,3,2,0.0,0,BB,CHE,Online TA,TA/TO,0,0,0,A,D,0,No Deposit,11.0,0,Transient,79.2,0,0
City Hotel,0,131,2016,March,13,20,2,3,2,0.0,0,BB,AUT,Offline TA/TO,TA/TO,0,0,0,A,A,0,No Deposit,16.0,0,Transient,59.5,0,0
City Hotel,0,0,2016,March,13,20,2,3,2,0.0,0,BB,ESP,Online TA,TA/TO,0,0,0,A,D,0,No Deposit,9.0,0,Transient,124.2,0,0
City Hotel,0,56,2016,March,13,21,1,3,2,0.0,0,BB,CHE,Online TA,TA/TO,0,0,0,A,A,0,No Deposit,15.0,0,Transient,74.8,0,0
City Hotel,0,95,2016,March,13,22,0,3,2,0.0,0,BB,AUT,Offline TA/TO,TA/TO,0,0,0,A,A,0,No Deposit,27.0,0,Transient,38.67,0,1
City Hotel,0,2,2016,March,13,20,2,3,2,0.0,0,BB,ESP,Online TA,TA/TO,0,0,0,A,A,1,No Deposit,9.0,0,Transient,130.0,0,1
City Hotel,0,49,2016,March,12,19,2,4,2,0.0,0,BB,USA,Online TA,TA/TO,0,0,0,D,D,0,No Deposit,9.0,0,Transient,106.25,0,1
City Hotel,0,0,2016,March,13,20,2,3,2,0.0,0,BB,DEU,Offline TA/TO,TA/TO,0,0,0,D,A,1,No Deposit,22.0,0,Transient,82.0,0,0
City Hotel,0,48,2016,March,13,20,2,3,2,0.0,0,BB,ESP,Online TA,TA/TO,0,0,0,A,A,0,No Deposit,9.0,0,Transient,93.5,0,0
City Hotel,0,61,2016,March,13,21,1,3,2,0.0,0,BB,ESP,Online TA,TA/TO,0,0,0,D,D,0,No Deposit,9.0,0,Transient-Party,102.0,0,0
City Hotel,0,61,2016,March,13,21,1,3,2,0.0,0,BB,ESP,Online TA,TA/TO,0,0,0,D,D,0,No Deposit,9.0,0,Transient-Party,102.0,0,0
City Hotel,0,48,2016,March,13,20,2,3,2,0.0,0,BB,ESP,Online TA,TA/TO,0,0,0,A,A,0,No Deposit,9.0,0,Transient,93.5,0,1
City Hotel,0,106,2016,March,13,22,0,3,2,0.0,0,BB,FRA,Offline TA/TO,TA/TO,0,0,0,A,D,1,No Deposit,28.0,0,Transient,77.33,0,0
City Hotel,0,50,2016,March,13,24,0,1,2,0.0,0,BB,FRA,Online TA,TA/TO,0,0,0,A,A,0,No Deposit,9.0,0,Transient,99.0,0,1
City Hotel,0,68,2016,March,13,20,2,3,2,0.0,0,BB,DEU,Online TA,TA/TO,0,0,0,D,D,0,No Deposit,9.0,0,Transient,99.45,0,1
City Hotel,0,49,2016,March,13,21,1,3,2,0.0,0,BB,DZA,Offline TA/TO,TA/TO,0,0,0,A,A,0,No Deposit,118.0,0,Transient-Party,67.32,0,0
City Hotel,0,47,2016,March,13,21,1,3,2,0.0,0,BB,PRT,Online TA,TA/TO,0,0,0,A,A,0,No Deposit,9.0,0,Transient,93.5,0,1
City Hotel,0,0,2016,March,13,24,0,1,2,0.0,0,BB,CHN,Online TA,TA/TO,0,0,0,A,B,0,No Deposit,9.0,0,Transient,141.0,0,0
City Hotel,0,150,2016,March,12,19,2,5,2,0.0,0,BB,AUT,Offline TA/TO,TA/TO,0,0,0,A,A,0,No Deposit,27.0,0,Transient,41.43,0,2
City Hotel,0,150,2016,March,12,19,2,5,2,0.0,0,BB,AUT,Offline TA/TO,TA/TO,0,0,0,A,A,0,No Deposit,27.0,0,Transient,41.43,0,2
City Hotel,0,150,2016,March,12,19,2,5,2,0.0,0,BB,PRT,Offline TA/TO,TA/TO,0,0,0,A,A,0,No Deposit,27.0,0,Transient,41.43,0,2
City Hotel,0,150,2016,March,12,19,2,5,2,0.0,0,BB,AUT,Offline TA/TO,TA/TO,0,0,0,A,A,0,No Deposit,27.0,0,Transient,41.43,0,2
City Hotel,0,21,2016,March,13,23,0,3,2,0.0,0,BB,AUT,Groups,TA/TO,0,0,0,A,A,0,No Deposit,1.0,0,Transient-Party,62.0,0,1
City Hotel,0,21,2016,March,13,23,0,3,2,0.0,0,BB,AUT,Groups,TA/TO,0,0,0,A,A,0,No Deposit,1.0,0,Transient-Party,60.0,0,1
City Hotel,0,21,2016,March,13,23,0,3,2,0.0,0,BB,AUT,Groups,TA/TO,0,0,0,A,A,0,No Deposit,1.0,0,Transient,62.0,0,1
City Hotel,0,2,2016,March,13,20,2,4,2,0.0,0,BB,PRT,Offline TA/TO,TA/TO,0,0,0,A,A,0,No Deposit,220.0,0,Transient-Party,85.0,0,0
City Hotel,0,114,2016,March,13,23,0,3,2,0.0,0,BB,DEU,Offline TA/TO,TA/TO,0,0,0,A,A,0,No Deposit,27.0,0,Transient,40.67,0,0
City Hotel,0,134,2016,March,13,22,0,4,2,0.0,0,BB,SWE,Direct,Direct,0,0,0,D,D,0,No Deposit,14.0,0,Transient,87.13,0,0
City Hotel,0,37,2016,March,13,24,0,2,2,0.0,0,BB,ESP,Online TA,TA/TO,0,0,0,D,D,0,No Deposit,9.0,0,Transient-Party,126.45,0,0
City Hotel,0,37,2016,March,13,24,0,2,2,0.0,0,BB,ESP,Online TA,TA/TO,0,0,0,D,D,0,No Deposit,9.0,0,Transient-Party,135.45,0,0
City Hotel,0,5,2016,March,13,21,1,4,2,0.0,0,SC,GBR,Online TA,TA/TO,0,0,0,A,A,0,No Deposit,9.0,0,Transient,107.0,0,1
City Hotel,0,122,2016,March,13,21,1,4,2,0.0,0,BB,TWN,Direct,Direct,0,0,0,A,A,1,No Deposit,14.0,0,Transient,87.35,0,0
City Hotel,0,5,2016,March,13,21,1,4,2,0.0,0,BB,ESP,Online TA,TA/TO,0,0,0,A,A,0,No Deposit,9.0,0,Transient,128.0,1,1
City Hotel,0,176,2016,March,13,20,2,4,2,0.0,0,BB,NOR,Online TA,TA/TO,0,0,0,A,A,0,No Deposit,9.0,0,Transient,90.0,0,1
City Hotel,0,0,2016,March,13,23,0,3,2,0.0,0,BB,ESP,Online TA,TA/TO,0,0,0,A,A,0,No Deposit,9.0,0,Transient,131.0,0,0
City Hotel,0,31,2016,March,13,23,0,3,2,0.0,0,BB,ESP,Online TA,TA/TO,0,0,0,D,D,0,No Deposit,9.0,0,Transient-Party,142.4,0,1
City Hotel,0,31,2016,March,13,23,0,3,2,0.0,0,BB,ESP,Online TA,TA/TO,0,0,0,D,D,0,No Deposit,9.0,0,Transient-Party,151.4,0,1
City Hotel,0,4,2016,March,13,24,0,2,2,0.0,0,BB,DNK,Online TA,TA/TO,0,0,0,A,A,0,No Deposit,9.0,0,Transient,146.0,0,1
City Hotel,0,86,2016,March,13,23,0,3,2,0.0,0,BB,DEU,Offline TA/TO,TA/TO,0,0,0,A,A,0,No Deposit,27.0,0,Transient,40.67,0,0
City Hotel,0,33,2016,March,13,24,0,2,2,0.0,0,BB,ESP,Online TA,TA/TO,0,0,0,A,A,0,No Deposit,9.0,0,Transient-Party,135.9,1,0
City Hotel,0,33,2016,March,13,24,0,2,2,0.0,0,BB,ESP,Online TA,TA/TO,0,0,0,A,A,1,No Deposit,9.0,0,Transient-Party,135.9,1,0
City Hotel,0,11,2016,March,13,24,0,2,2,0.0,0,BB,USA,Online TA,TA/TO,0,0,0,D,D,0,No Deposit,9.0,0,Transient,161.0,0,1
City Hotel,0,103,2016,March,13,24,0,2,2,0.0,0,BB,PRT,Direct,Direct,0,0,0,D,D,0,No Deposit,,0,Transient,98.0,0,1
City Hotel,0,6,2016,March,13,23,0,3,2,0.0,0,SC,ESP,Online TA,TA/TO,0,0,0,A,A,0,No Deposit,9.0,0,Transient,130.0,1,1
City Hotel,0,2,2016,March,13,23,0,3,2,0.0,0,BB,ESP,Online TA,TA/TO,0,0,0,A,A,0,No Deposit,9.0,0,Transient,136.0,0,1
City Hotel,0,7,2016,March,13,23,0,3,2,0.0,0,BB,ESP,Online TA,TA/TO,0,0,0,D,D,0,No Deposit,9.0,0,Transient,148.0,0,0
City Hotel,0,5,2016,March,13,23,0,3,2,0.0,0,BB,ESP,Online TA,TA/TO,0,0,0,A,A,0,No Deposit,9.0,0,Transient,133.0,0,0
City Hotel,0,40,2016,March,13,23,0,3,2,0.0,0,SC,ESP,Online TA,TA/TO,0,0,0,A,A,0,No Deposit,9.0,0,Transient,108.5,0,1
City Hotel,0,111,2016,March,13,23,0,3,2,0.0,0,BB,CHE,Offline TA/TO,TA/TO,0,0,0,A,A,0,No Deposit,28.0,0,Transient,60.0,0,0
City Hotel,0,2,2016,March,13,24,0,2,2,0.0,0,SC,ESP,Online TA,TA/TO,0,0,0,A,A,0,No Deposit,9.0,0,Transient,134.0,0,1
City Hotel,0,29,2016,March,13,23,0,3,2,0.0,0,SC,IRL,Offline TA/TO,TA/TO,0,0,0,A,A,1,No Deposit,138.0,0,Transient,64.8,0,0
City Hotel,0,75,2016,March,13,22,0,4,2,0.0,0,BB,ESP,Online TA,TA/TO,0,0,0,D,D,0,No Deposit,9.0,0,Transient-Party,108.45,1,0
City Hotel,0,21,2016,March,13,23,0,3,2,0.0,0,BB,AUT,Groups,TA/TO,0,0,0,A,A,0,No Deposit,1.0,0,Transient-Party,62.0,0,1
City Hotel,0,86,2016,March,13,23,0,4,2,0.0,0,BB,DEU,Offline TA/TO,TA/TO,0,0,0,A,A,0,No Deposit,22.0,0,Transient,61.5,0,0
City Hotel,0,0,2016,March,13,26,0,1,2,0.0,0,SC,PRT,Online TA,TA/TO,0,0,0,A,A,0,No Deposit,9.0,0,Transient,89.0,0,1
City Hotel,0,8,2016,March,13,25,0,2,2,0.0,0,SC,ESP,Online TA,TA/TO,0,0,0,A,A,0,No Deposit,9.0,0,Transient,139.0,0,1
City Hotel,0,41,2016,March,13,24,0,3,2,0.0,0,BB,ESP,Online TA,TA/TO,0,0,0,A,A,0,No Deposit,9.0,0,Transient-Party,117.6,0,0
City Hotel,0,42,2016,March,13,24,0,3,2,0.0,0,SC,ESP,Online TA,TA/TO,0,0,0,A,A,0,No Deposit,9.0,0,Transient,115.8,1,1
City Hotel,0,37,2016,March,13,24,0,3,2,0.0,0,BB,ESP,Online TA,TA/TO,0,0,0,A,A,0,No Deposit,9.0,0,Transient-Party,126.6,1,1
City Hotel,0,37,2016,March,13,24,0,3,2,0.0,0,BB,ESP,Online TA,TA/TO,0,0,0,A,A,0,No Deposit,9.0,0,Transient-Party,117.6,0,1
City Hotel,0,37,2016,March,13,24,0,3,2,0.0,0,BB,ESP,Online TA,TA/TO,0,0,0,A,A,0,No Deposit,9.0,0,Transient-Party,126.6,1,1
City Hotel,0,78,2016,March,13,23,0,4,2,0.0,0,HB,ESP,Offline TA/TO,TA/TO,0,0,0,A,A,0,No Deposit,83.0,0,Transient,109.18,0,1
City Hotel,0,41,2016,March,13,24,0,3,2,0.0,0,SC,ESP,Online TA,TA/TO,0,0,0,A,A,0,No Deposit,9.0,0,Transient,106.8,0,0
City Hotel,0,3,2016,March,13,25,0,2,2,0.0,0,SC,AUS,Online TA,TA/TO,0,0,0,A,A,0,No Deposit,9.0,0,Transient,139.0,0,0
City Hotel,0,90,2016,March,13,24,0,3,2,0.0,0,BB,PRT,Offline TA/TO,TA/TO,0,0,0,A,A,0,No Deposit,138.0,0,Transient,72.58,1,1
City Hotel,0,67,2016,March,13,26,0,1,2,0.0,0,BB,PRT,Offline TA/TO,TA/TO,0,0,0,A,A,0,No Deposit,83.0,0,Transient-Party,80.24,0,1
City Hotel,0,4,2016,March,13,24,0,3,2,0.0,0,BB,ESP,Online TA,TA/TO,0,0,0,D,A,0,No Deposit,9.0,0,Transient,162.67,0,1
City Hotel,0,75,2016,March,13,24,0,3,2,0.0,0,BB,DEU,Online TA,TA/TO,0,0,0,D,D,0,No Deposit,9.0,0,Transient,114.3,0,1
City Hotel,0,70,2016,March,13,24,0,3,2,0.0,0,BB,ESP,Offline TA/TO,TA/TO,0,0,0,A,A,0,No Deposit,42.0,0,Transient,59.5,0,0
City Hotel,0,126,2016,March,13,24,0,3,2,0.0,0,BB,DEU,Offline TA/TO,TA/TO,0,0,0,A,A,0,No Deposit,28.0,0,Transient,55.0,0,0
City Hotel,0,127,2016,March,13,23,0,4,2,0.0,0,BB,ESP,Offline TA/TO,TA/TO,0,0,0,A,A,1,No Deposit,42.0,0,Transient,61.5,0,2
City Hotel,0,126,2016,March,13,24,0,3,2,0.0,0,BB,PRT,Offline TA/TO,TA/TO,0,0,0,A,A,1,No Deposit,28.0,0,Transient,55.0,0,0
City Hotel,0,10,2016,March,13,22,0,5,2,0.0,0,BB,DEU,Online TA,TA/TO,0,0,0,D,A,0,No Deposit,9.0,0,Transient,160.0,0,0
City Hotel,0,34,2016,March,13,24,0,3,2,0.0,0,BB,ESP,Direct,Direct,0,0,0,A,B,4,No Deposit,14.0,0,Transient,116.1,0,1
City Hotel,0,36,2016,March,13,24,0,3,2,0.0,0,BB,ESP,Direct,Direct,0,0,0,A,A,2,No Deposit,14.0,0,Transient,125.1,1,0
City Hotel,0,103,2016,March,13,24,0,3,2,0.0,0,BB,ESP,Offline TA/TO,TA/TO,0,0,0,A,A,0,No Deposit,138.0,0,Transient,63.58,0,0
City Hotel,0,67,2016,March,13,26,0,1,2,0.0,0,BB,PRT,Offline TA/TO,TA/TO,0,0,0,A,A,1,No Deposit,83.0,0,Transient-Party,89.24,0,1
City Hotel,0,156,2016,March,13,23,0,4,2,0.0,0,BB,GBR,Online TA,TA/TO,0,0,0,A,A,0,No Deposit,89.0,0,Transient,14.0,0,0
City Hotel,0,77,2016,March,13,25,0,2,2,0.0,0,SC,PRT,Offline TA/TO,TA/TO,0,0,0,A,D,1,No Deposit,138.0,0,Transient,53.38,0,1
City Hotel,0,77,2016,March,13,25,0,2,2,0.0,0,BB,ESP,Online TA,TA/TO,0,0,0,A,D,0,No Deposit,9.0,0,Transient,109.8,0,0
City Hotel,0,6,2016,March,13,22,0,5,2,0.0,0,SC,GBR,Online TA,TA/TO,0,0,0,A,A,0,No Deposit,89.0,0,Transient,88.92,0,0
City Hotel,0,7,2016,March,13,23,0,4,2,0.0,0,SC,ESP,Online TA,TA/TO,0,0,0,A,A,0,No Deposit,9.0,0,Transient,126.0,0,1
City Hotel,0,73,2016,March,13,24,0,3,2,0.0,0,BB,PRT,Offline TA/TO,TA/TO,0,0,0,A,A,0,No Deposit,6.0,0,Transient,56.38,0,1
City Hotel,0,129,2016,March,13,25,0,2,2,0.0,0,SC,CHN,Online TA,TA/TO,0,0,0,A,D,0,No Deposit,7.0,0,Transient,72.75,0,0
City Hotel,0,18,2016,March,13,25,0,2,2,0.0,0,SC,ITA,Offline TA/TO,TA/TO,0,0,0,A,A,0,No Deposit,85.0,0,Transient,79.0,0,0
City Hotel,0,41,2016,March,13,24,0,3,2,0.0,0,BB,ESP,Online TA,TA/TO,0,0,0,A,A,0,No Deposit,9.0,0,Transient-Party,117.6,0,0
City Hotel,0,6,2016,March,13,22,0,5,2,0.0,0,SC,GBR,Online TA,TA/TO,0,0,0,A,A,0,No Deposit,89.0,0,Transient,88.92,0,0
City Hotel,0,73,2016,March,13,24,0,3,2,0.0,0,BB,PRT,Offline TA/TO,TA/TO,0,0,0,A,A,0,No Deposit,6.0,0,Transient,53.38,0,1
City Hotel,0,4,2016,March,13,24,0,3,2,0.0,0,BB,ESP,Online TA,TA/TO,0,0,0,A,A,0,No Deposit,9.0,0,Transient,156.67,1,1
City Hotel,0,42,2016,March,13,25,1,2,2,0.0,0,SC,BRA,Offline TA/TO,TA/TO,0,0,0,A,A,1,No Deposit,138.0,0,Transient,62.8,0,0
City Hotel,0,81,2016,March,13,25,1,2,2,0.0,0,BB,ITA,Offline TA/TO,TA/TO,0,0,0,A,A,1,No Deposit,3.0,4,Transient-Party,65.0,0,0
City Hotel,0,42,2016,March,13,24,1,3,2,0.0,0,BB,SWE,Online TA,TA/TO,0,0,0,D,A,0,No Deposit,9.0,0,Transient,131.48,0,1
City Hotel,0,81,2016,March,13,25,1,2,2,0.0,0,BB,ITA,Offline TA/TO,TA/TO,0,0,0,A,A,1,No Deposit,3.0,4,Transient-Party,65.0,0,0
City Hotel,0,100,2016,March,13,25,1,2,2,0.0,0,BB,DEU,Offline TA/TO,TA/TO,0,0,0,A,A,0,No Deposit,27.0,0,Transient,38.67,0,0
City Hotel,0,189,2016,March,13,25,1,2,2,0.0,0,BB,PRT,Offline TA/TO,TA/TO,0,0,0,D,D,0,No Deposit,28.0,0,Transient,60.0,0,1
City Hotel,0,189,2016,March,13,25,1,2,2,0.0,0,BB,FRA,Offline TA/TO,TA/TO,0,0,0,D,D,0,No Deposit,28.0,0,Transient,60.0,0,1
City Hotel,0,43,2016,March,13,25,1,2,2,0.0,0,BB,NLD,Offline TA/TO,TA/TO,0,0,0,A,A,0,No Deposit,168.0,0,Transient,68.0,0,0
City Hotel,0,76,2016,March,13,23,1,4,2,0.0,0,BB,BGR,Online TA,TA/TO,0,0,0,A,A,0,No Deposit,9.0,0,Transient,100.6,0,1
City Hotel,0,138,2016,March,13,23,1,4,2,0.0,0,BB,SWE,Direct,Direct,0,0,0,A,A,0,No Deposit,14.0,0,Transient,84.45,0,0
City Hotel,0,72,2016,March,13,22,1,5,2,0.0,0,BB,ESP,Direct,Direct,0,0,0,A,A,1,No Deposit,14.0,0,Transient,41.46,1,1
City Hotel,0,12,2016,March,13,24,1,3,2,0.0,0,HB,ESP,Online TA,TA/TO,0,0,0,D,A,2,No Deposit,9.0,0,Transient,208.0,1,1
City Hotel,0,40,2016,March,13,26,1,1,2,0.0,0,SC,DEU,Offline TA/TO,TA/TO,0,0,0,A,A,1,No Deposit,138.0,0,Transient,62.8,0,0
City Hotel,0,72,2016,March,13,24,1,3,2,0.0,0,BB,ESP,Offline TA/TO,TA/TO,0,0,0,A,A,0,No Deposit,6.0,0,Transient,62.38,0,0
City Hotel,0,3,2016,March,13,25,1,2,2,0.0,0,SC,ISR,Online TA,TA/TO,0,0,0,A,A,0,No Deposit,9.0,0,Transient,135.67,0,1
City Hotel,0,49,2016,March,13,24,1,3,2,0.0,0,SC,NLD,Offline TA/TO,TA/TO,0,0,0,A,A,1,No Deposit,138.0,0,Transient,62.8,0,0
City Hotel,0,0,2016,March,14,27,1,0,2,0.0,0,SC,ESP,Online TA,TA/TO,0,0,0,A,A,0,No Deposit,9.0,0,Transient,89.0,0,0
City Hotel,0,130,2016,March,13,25,1,2,2,0.0,0,BB,CHE,Online TA,TA/TO,0,0,0,B,B,0,No Deposit,9.0,0,Contract,102.58,0,0
City Hotel,0,130,2016,March,13,25,1,2,2,0.0,0,BB,CHE,Online TA,TA/TO,0,0,0,D,D,0,No Deposit,9.0,0,Contract,123.67,0,1
City Hotel,0,130,2016,March,13,25,1,2,2,0.0,0,BB,CHE,Online TA,TA/TO,0,0,0,B,B,0,No Deposit,9.0,0,Contract,102.58,0,0
City Hotel,0,130,2016,March,13,25,1,2,2,0.0,0,BB,CHE,Online TA,TA/TO,0,0,0,B,B,0,No Deposit,9.0,0,Contract,102.58,0,1
City Hotel,0,143,2016,March,13,25,1,2,2,0.0,0,BB,DEU,Offline TA/TO,TA/TO,0,0,0,A,A,0,No Deposit,16.0,0,Transient,59.5,0,0
City Hotel,0,81,2016,March,13,25,1,2,2,0.0,0,BB,PRT,Offline TA/TO,TA/TO,0,0,0,A,A,4,No Deposit,3.0,4,Transient-Party,65.0,0,1
City Hotel,0,87,2016,March,13,24,1,3,2,0.0,0,BB,PRT,Offline TA/TO,TA/TO,0,0,0,A,A,0,No Deposit,138.0,0,Transient,68.5,0,0
City Hotel,0,81,2016,March,13,25,1,2,2,0.0,0,BB,PRT,Offline TA/TO,TA/TO,0,0,0,A,A,1,No Deposit,3.0,4,Transient-Party,65.0,0,0
City Hotel,0,185,2016,March,13,25,1,2,2,0.0,0,BB,GBR,Offline TA/TO,TA/TO,0,0,0,D,A,0,No Deposit,28.0,0,Transient,60.0,0,0
City Hotel,0,81,2016,March,13,25,1,2,2,0.0,0,BB,IRL,Offline TA/TO,TA/TO,0,0,0,A,A,4,No Deposit,3.0,4,Transient-Party,65.0,0,1
City Hotel,0,81,2016,March,13,25,1,2,2,0.0,0,BB,IRL,Offline TA/TO,TA/TO,0,0,0,A,A,1,No Deposit,3.0,4,Transient-Party,65.0,0,0
City Hotel,0,81,2016,March,13,25,1,2,2,0.0,0,BB,PRT,Offline TA/TO,TA/TO,0,0,0,A,A,1,No Deposit,3.0,4,Transient-Party,65.0,0,0
City Hotel,0,81,2016,March,13,25,1,2,2,0.0,0,BB,PRT,Offline TA/TO,TA/TO,0,0,0,A,A,1,No Deposit,3.0,4,Transient-Party,65.0,0,0
City Hotel,0,0,2016,March,13,26,1,1,2,0.0,0,SC,USA,Online TA,TA/TO,0,0,0,A,A,0,No Deposit,9.0,0,Transient,134.0,0,0
City Hotel,0,113,2016,March,13,25,1,2,2,0.0,0,BB,FRA,Offline TA/TO,TA/TO,0,0,0,A,A,0,No Deposit,28.0,0,Transient,58.0,0,1
City Hotel,0,113,2016,March,13,25,1,2,2,0.0,0,BB,JPN,Offline TA/TO,TA/TO,0,0,0,A,A,0,No Deposit,28.0,0,Transient,58.0,0,1
City Hotel,0,130,2016,March,13,25,1,2,2,0.0,0,BB,CHE,Online TA,TA/TO,0,0,0,B,B,0,No Deposit,9.0,0,Contract,102.58,0,1
City Hotel,0,24,2016,March,13,26,1,1,2,0.0,0,BB,NLD,Online TA,TA/TO,0,0,0,A,A,0,No Deposit,9.0,0,Transient,141.0,0,1
City Hotel,0,2,2016,March,13,25,1,2,2,0.0,0,BB,ESP,Direct,Direct,0,0,0,A,A,1,No Deposit,14.0,0,Transient,164.67,1,0
City Hotel,0,158,2016,March,13,25,1,2,2,0.0,0,BB,GBR,Offline TA/TO,TA/TO,0,0,0,A,G,0,No Deposit,22.0,0,Transient,70.0,0,0
City Hotel,0,69,2016,March,13,24,1,3,2,0.0,0,BB,GBR,Offline TA/TO,TA/TO,0,0,0,A,A,0,No Deposit,138.0,0,Transient,59.5,0,0
City Hotel,0,42,2016,March,13,24,1,3,2,0.0,0,BB,DEU,Online TA,TA/TO,0,0,0,A,A,0,No Deposit,9.0,0,Transient,118.16,0,0
City Hotel,0,43,2016,March,13,25,1,2,2,0.0,0,SC,FRA,Online TA,TA/TO,0,0,0,A,A,0,No Deposit,9.0,0,Transient,116.1,0,0
City Hotel,0,136,2016,March,13,24,1,3,2,0.0,0,BB,CHE,Online TA,TA/TO,0,0,0,A,A,0,No Deposit,11.0,0,Transient,68.55,0,0
City Hotel,0,24,2016,March,13,26,2,1,2,0.0,0,BB,ITA,Groups,TA/TO,0,0,0,A,D,1,No Deposit,1.0,0,Transient-Party,100.0,0,1
City Hotel,0,48,2016,March,14,28,1,0,2,0.0,0,SC,PRT,Online TA,TA/TO,0,0,0,A,A,0,No Deposit,9.0,0,Transient,80.1,0,0
City Hotel,0,68,2016,March,13,23,2,4,2,0.0,0,BB,NLD,Offline TA/TO,TA/TO,0,0,0,A,A,1,No Deposit,16.0,0,Transient,61.5,0,0
City Hotel,0,112,2016,March,13,25,2,2,2,0.0,0,BB,FRA,Offline TA/TO,TA/TO,0,0,0,A,D,1,No Deposit,28.0,0,Transient,58.0,0,1
City Hotel,0,24,2016,March,13,26,2,1,2,0.0,0,BB,AUT,Groups,TA/TO,0,0,0,A,D,2,No Deposit,1.0,0,Transient-Party,100.0,0,1
City Hotel,0,24,2016,March,13,26,2,1,2,0.0,0,BB,AUT,Groups,TA/TO,0,0,0,A,D,0,No Deposit,1.0,0,Transient-Party,100.0,0,0
City Hotel,0,24,2016,March,13,26,2,1,2,0.0,0,BB,AUT,Groups,TA/TO,0,0,0,A,D,0,No Deposit,1.0,0,Transient-Party,100.0,0,1
City Hotel,0,24,2016,March,13,26,2,1,2,0.0,0,BB,DEU,Groups,TA/TO,0,0,0,A,D,0,No Deposit,1.0,0,Transient,100.0,0,0
City Hotel,0,24,2016,March,13,26,2,1,2,0.0,0,BB,AUT,Groups,TA/TO,0,0,0,A,D,1,No Deposit,1.0,0,Transient-Party,100.0,0,0
City Hotel,0,35,2016,March,14,27,2,0,2,0.0,0,SC,PRT,Online TA,TA/TO,0,0,0,A,A,0,No Deposit,9.0,0,Transient,107.1,0,1
City Hotel,0,39,2016,March,14,28,1,0,2,0.0,0,BB,USA,Online TA,TA/TO,0,0,0,A,A,0,No Deposit,9.0,0,Transient,117.9,0,1
City Hotel,0,102,2016,March,13,25,2,2,2,0.0,0,BB,POL,Offline TA/TO,TA/TO,0,0,0,A,D,0,No Deposit,28.0,0,Transient,58.0,0,0
City Hotel,0,2,2016,March,14,28,1,0,2,0.0,0,BB,ITA,Online TA,TA/TO,0,0,0,A,A,0,No Deposit,9.0,0,Transient,101.0,0,0
City Hotel,0,59,2016,March,13,25,2,2,2,0.0,0,BB,FIN,Online TA,TA/TO,0,0,0,E,E,0,No Deposit,11.0,0,Transient,104.65,0,0
City Hotel,0,4,2016,March,14,28,1,0,2,0.0,0,SC,PRT,Online TA,TA/TO,0,0,0,A,A,2,No Deposit,9.0,0,Transient,98.0,1,1
City Hotel,0,34,2016,March,13,26,2,1,2,0.0,0,BB,NLD,Online TA,TA/TO,0,0,0,A,A,0,No Deposit,9.0,0,Transient,120.9,0,1
City Hotel,0,82,2016,March,13,26,2,1,2,0.0,0,BB,ITA,Offline TA/TO,TA/TO,0,0,0,A,A,1,No Deposit,3.0,4,Transient-Party,65.0,0,0
City Hotel,0,82,2016,March,13,26,2,1,2,0.0,0,BB,ITA,Offline TA/TO,TA/TO,0,0,0,A,A,3,No Deposit,3.0,4,Transient-Party,43.33,0,0
City Hotel,0,115,2016,March,13,26,2,1,2,0.0,0,BB,FRA,Offline TA/TO,TA/TO,0,0,0,A,A,0,No Deposit,28.0,0,Transient,58.0,0,0
City Hotel,0,2,2016,March,14,28,1,0,2,0.0,0,SC,FRA,Online TA,TA/TO,0,0,0,A,A,0,No Deposit,89.0,0,Transient,64.08,0,0
City Hotel,0,81,2016,March,13,25,2,2,2,0.0,0,BB,ITA,Offline TA/TO,TA/TO,0,0,0,A,A,0,No Deposit,3.0,4,Transient-Party,69.5,0,0
City Hotel,0,1,2016,March,14,28,1,0,2,0.0,0,BB,BEL,Online TA,TA/TO,0,0,0,A,D,0,No Deposit,9.0,0,Transient,101.0,0,0
City Hotel,0,1,2016,March,14,28,1,0,2,0.0,0,BB,BEL,Online TA,TA/TO,0,0,0,A,D,0,No Deposit,9.0,0,Transient,101.0,0,0
City Hotel,0,35,2016,March,14,27,2,0,2,0.0,0,SC,ITA,Online TA,TA/TO,0,0,0,A,A,0,No Deposit,9.0,0,Transient,107.1,0,1
City Hotel,0,24,2016,March,13,26,2,1,2,0.0,0,BB,AUT,Groups,TA/TO,0,0,0,A,D,0,No Deposit,1.0,0,Transient-Party,100.0,0,0
City Hotel,0,50,2016,March,14,28,1,0,2,0.0,0,BB,ARG,Online TA,TA/TO,0,0,0,A,A,0,No Deposit,9.0,0,Transient,90.9,0,1
City Hotel,0,48,2016,March,14,28,1,1,2,0.0,0,BB,RUS,Direct,Direct,0,0,0,A,A,0,No Deposit,14.0,0,Transient,80.1,0,1
City Hotel,0,185,2016,March,14,27,2,1,2,0.0,0,BB,FRA,Online TA,TA/TO,0,0,0,A,A,0,No Deposit,8.0,0,Transient,85.0,0,2
City Hotel,0,0,2016,March,14,29,0,1,2,0.0,0,SC,PRT,Online TA,TA/TO,0,0,0,A,A,0,No Deposit,9.0,0,Transient,89.0,0,0
City Hotel,0,76,2016,March,13,24,2,4,2,0.0,0,BB,AUT,Online TA,TA/TO,0,0,0,A,A,0,No Deposit,7.0,0,Transient,69.12,0,0
City Hotel,0,25,2016,March,13,26,2,2,2,0.0,0,BB,BEL,Online TA,TA/TO,0,0,0,A,A,0,No Deposit,9.0,0,Transient-Party,136.0,0,0
City Hotel,0,122,2016,March,14,27,2,1,2,0.0,0,HB,PRT,Offline TA/TO,TA/TO,0,0,0,A,A,0,No Deposit,26.0,0,Transient-Party,107.0,0,1
City Hotel,0,11,2016,March,13,26,2,2,2,0.0,0,BB,FRA,Online TA,TA/TO,0,0,0,A,A,1,No Deposit,9.0,0,Transient,133.5,0,1
City Hotel,0,122,2016,March,14,27,2,1,2,0.0,0,HB,PRT,Offline TA/TO,TA/TO,0,0,0,A,A,0,No Deposit,26.0,0,Transient-Party,107.0,0,1
City Hotel,0,122,2016,March,14,27,2,1,2,0.0,0,HB,PRT,Offline TA/TO,TA/TO,0,0,0,A,A,0,No Deposit,26.0,0,Transient-Party,107.0,0,1
City Hotel,0,6,2016,March,13,26,2,2,2,0.0,0,BB,FRA,Online TA,TA/TO,0,0,0,A,A,0,No Deposit,9.0,0,Transient,133.5,0,1
City Hotel,0,19,2016,March,14,27,2,1,2,0.0,0,HB,PRT,Offline TA/TO,TA/TO,0,0,0,A,D,0,No Deposit,26.0,0,Transient-Party,53.5,0,1
City Hotel,0,122,2016,March,14,27,2,1,2,0.0,0,HB,PRT,Offline TA/TO,TA/TO,0,0,0,A,A,0,No Deposit,26.0,0,Transient-Party,107.0,0,1
City Hotel,0,122,2016,March,14,27,2,1,2,0.0,0,HB,PRT,Offline TA/TO,TA/TO,0,0,0,A,A,0,No Deposit,26.0,0,Transient-Party,107.0,0,1
City Hotel,0,122,2016,March,14,27,2,1,2,0.0,0,HB,PRT,Offline TA/TO,TA/TO,0,0,0,A,A,0,No Deposit,26.0,0,Transient-Party,107.0,0,1
City Hotel,0,41,2016,March,14,27,2,1,2,0.0,0,HB,PRT,Offline TA/TO,TA/TO,0,0,0,A,A,1,No Deposit,26.0,22,Transient-Party,107.0,0,1
City Hotel,0,122,2016,March,14,27,2,1,2,0.0,0,HB,PRT,Offline TA/TO,TA/TO,0,0,0,A,A,0,No Deposit,26.0,0,Transient-Party,107.0,0,1
City Hotel,0,122,2016,March,14,27,2,1,2,0.0,0,HB,PRT,Offline TA/TO,TA/TO,0,0,0,A,A,0,No Deposit,26.0,0,Transient-Party,107.0,0,1
City Hotel,0,119,2016,March,14,29,0,2,2,0.0,0,BB,FRA,Offline TA/TO,TA/TO,0,0,0,A,A,0,No Deposit,39.0,0,Transient-Party,101.0,0,0
City Hotel,0,77,2016,March,13,23,2,6,2,0.0,0,BB,DEU,Offline TA/TO,TA/TO,0,0,0,D,D,0,No Deposit,27.0,0,Transient,56.0,0,0
City Hotel,0,13,2016,March,14,27,2,2,2,0.0,0,BB,DEU,Offline TA/TO,TA/TO,0,0,0,A,A,0,No Deposit,138.0,0,Transient,79.15,0,0
City Hotel,0,14,2016,March,14,29,0,2,2,0.0,0,BB,NLD,Online TA,TA/TO,0,0,0,D,E,0,No Deposit,7.0,0,Transient,89.32,0,1
City Hotel,0,65,2016,March,14,28,1,2,2,0.0,0,BB,ITA,Online TA,TA/TO,0,0,0,A,A,0,No Deposit,9.0,0,Transient-Party,96.3,1,0
City Hotel,0,2,2016,March,14,30,0,1,2,0.0,0,BB,IRL,Online TA,TA/TO,0,0,0,A,A,0,No Deposit,9.0,0,Transient,101.0,0,2
City Hotel,0,72,2016,March,14,27,2,2,2,0.0,0,BB,FRA,Offline TA/TO,TA/TO,0,0,0,A,A,0,No Deposit,85.0,0,Transient,68.0,0,0
City Hotel,0,132,2016,March,14,28,1,2,2,0.0,0,BB,IRL,Offline TA/TO,TA/TO,0,0,0,A,A,0,No Deposit,22.0,0,Transient,70.0,0,1
City Hotel,0,2,2016,March,14,30,0,1,2,0.0,0,SC,TUR,Online TA,TA/TO,0,0,0,A,A,0,No Deposit,9.0,0,Transient,89.0,0,0
City Hotel,0,36,2016,March,14,29,0,2,2,0.0,0,BB,LUX,Offline TA/TO,TA/TO,0,0,0,A,B,0,No Deposit,173.0,0,Transient-Party,67.32,0,1
City Hotel,0,36,2016,March,14,29,0,2,2,0.0,0,BB,LUX,Offline TA/TO,TA/TO,0,0,0,A,B,0,No Deposit,173.0,0,Transient-Party,67.32,0,1
City Hotel,0,3,2016,March,14,27,2,2,2,0.0,0,BB,BEL,Offline TA/TO,TA/TO,0,0,0,A,D,0,No Deposit,28.0,0,Transient,55.0,0,0
City Hotel,0,73,2016,March,14,29,0,2,2,0.0,0,SC,USA,Online TA,TA/TO,0,0,0,A,A,2,No Deposit,7.0,0,Transient,60.29,0,1
City Hotel,0,82,2016,March,14,28,1,2,2,0.0,0,BB,PRT,Offline TA/TO,TA/TO,0,0,0,A,A,0,No Deposit,27.0,0,Transient,38.67,0,0
City Hotel,0,78,2016,March,13,25,2,4,2,0.0,0,BB,CHE,Offline TA/TO,TA/TO,0,0,0,A,A,0,No Deposit,27.0,0,Transient,48.33,0,0
City Hotel,0,70,2016,March,14,28,1,2,2,0.0,0,BB,PRT,Offline TA/TO,TA/TO,0,0,0,A,A,0,No Deposit,28.0,0,Transient,59.5,0,0
City Hotel,0,0,2016,March,14,30,0,1,2,0.0,0,BB,PRT,Direct,Direct,0,0,0,A,A,1,No Deposit,,0,Transient,73.0,0,0
City Hotel,0,0,2016,March,14,30,0,1,2,0.0,0,SC,DEU,Online TA,TA/TO,0,0,0,A,A,0,No Deposit,10.0,0,Transient,80.1,0,0
City Hotel,0,9,2016,March,14,29,0,2,2,0.0,0,SC,IRL,Online TA,TA/TO,0,0,0,A,A,0,No Deposit,9.0,0,Transient,89.0,0,1
City Hotel,0,0,2016,March,14,29,0,2,2,0.0,0,BB,GBR,Complementary,Direct,0,0,0,A,B,1,No Deposit,,0,Transient,0.0,0,1
City Hotel,0,122,2016,March,14,28,1,2,2,0.0,0,BB,GBR,Complementary,Direct,0,0,0,A,B,0,No Deposit,,0,Transient,0.0,0,1
City Hotel,0,79,2016,March,14,28,1,2,2,0.0,0,BB,PRT,Online TA,TA/TO,0,0,0,A,A,0,No Deposit,9.0,0,Transient,87.3,0,1
City Hotel,0,111,2016,March,14,27,2,2,2,0.0,0,BB,FRA,Offline TA/TO,TA/TO,0,0,0,A,D,0,No Deposit,28.0,0,Transient,58.0,0,0
City Hotel,0,90,2016,March,14,28,1,2,2,0.0,0,BB,DEU,Offline TA/TO,TA/TO,0,0,0,D,D,0,No Deposit,27.0,0,Transient,46.67,0,0
City Hotel,0,11,2016,March,14,29,0,2,2,0.0,0,SC,PRT,Online TA,TA/TO,0,0,0,A,A,0,No Deposit,9.0,0,Transient,89.0,0,1
City Hotel,0,2,2016,March,14,30,0,1,2,0.0,0,BB,PRT,Direct,Direct,0,0,0,A,A,0,No Deposit,14.0,0,Transient,99.0,0,0
City Hotel,0,1,2016,March,14,30,0,1,2,0.0,0,BB,PRT,Online TA,TA/TO,0,0,0,D,E,0,No Deposit,9.0,0,Transient,125.0,1,1
City Hotel,0,49,2016,March,14,27,2,2,2,0.0,0,BB,BEL,Online TA,TA/TO,0,0,0,D,D,0,No Deposit,9.0,0,Transient,107.1,0,1
City Hotel,0,72,2016,March,14,28,1,3,2,0.0,0,BB,DEU,Direct,Direct,0,0,0,D,D,0,No Deposit,14.0,0,Transient-Party,85.85,0,1
City Hotel,0,72,2016,March,14,28,1,3,2,0.0,0,BB,DEU,Direct,Direct,0,0,0,D,D,0,No Deposit,14.0,0,Transient-Party,85.85,0,1
City Hotel,0,49,2016,March,14,28,1,3,2,0.0,0,BB,DEU,Offline TA/TO,TA/TO,0,0,0,A,A,0,No Deposit,27.0,0,Transient,43.5,0,0
City Hotel,0,73,2016,March,14,28,1,3,2,0.0,0,BB,DEU,Offline TA/TO,TA/TO,0,0,0,D,D,0,No Deposit,6.0,0,Transient-Party,69.7,0,1
City Hotel,0,47,2016,March,14,29,0,3,2,0.0,0,BB,FRA,Offline TA/TO,TA/TO,0,0,0,A,D,0,No Deposit,28.0,0,Transient,75.0,0,0
City Hotel,0,73,2016,March,14,28,1,3,2,0.0,0,BB,DEU,Offline TA/TO,TA/TO,0,0,0,D,D,0,No Deposit,6.0,0,Transient-Party,69.7,0,1
City Hotel,0,115,2016,March,14,28,1,3,2,0.0,0,BB,FRA,Offline TA/TO,TA/TO,0,0,0,A,A,0,No Deposit,28.0,0,Transient,58.0,0,0
City Hotel,0,140,2016,March,13,26,2,4,2,0.0,0,BB,NZL,Online TA,TA/TO,0,0,0,D,D,0,No Deposit,9.0,0,Transient,113.5,0,1
City Hotel,0,116,2016,March,13,25,2,5,2,0.0,0,BB,SWE,Online TA,TA/TO,0,0,0,A,A,0,No Deposit,9.0,0,Contract,104.14,0,1
City Hotel,0,71,2016,March,14,28,1,3,2,0.0,0,BB,DEU,Online TA,TA/TO,0,0,0,A,A,0,No Deposit,9.0,0,Transient,82.45,0,1
City Hotel,0,54,2016,March,14,29,0,3,2,0.0,0,BB,CHE,Offline TA/TO,TA/TO,0,0,0,A,A,0,No Deposit,28.0,0,Transient,75.0,0,0
City Hotel,0,80,2016,March,13,26,2,4,2,0.0,0,BB,DEU,Offline TA/TO,TA/TO,0,0,0,A,A,0,No Deposit,168.0,0,Transient,80.75,0,0
City Hotel,0,80,2016,March,13,26,2,4,2,0.0,0,BB,DEU,Offline TA/TO,TA/TO,0,0,0,A,A,0,No Deposit,168.0,0,Transient,80.75,0,0
City Hotel,0,75,2016,March,14,28,1,3,2,0.0,0,BB,ESP,Online TA,TA/TO,0,0,0,A,A,1,No Deposit,9.0,0,Transient,91.45,1,0
City Hotel,0,75,2016,March,14,28,1,3,2,0.0,0,BB,ESP,Online TA,TA/TO,0,0,0,A,A,1,No Deposit,9.0,0,Transient,82.45,0,0
City Hotel,0,122,2016,March,14,28,1,3,2,0.0,0,BB,BEL,Direct,Direct,0,0,0,B,B,0,No Deposit,14.0,0,Transient,68.64,0,0
City Hotel,0,122,2016,March,14,28,1,3,2,0.0,0,BB,BEL,Direct,Direct,0,0,0,B,B,0,No Deposit,14.0,0,Transient,68.64,0,0
City Hotel,0,50,2016,March,14,29,0,3,2,0.0,0,BB,FRA,Offline TA/TO,TA/TO,0,0,0,A,D,0,No Deposit,28.0,0,Transient,75.0,0,0
City Hotel,0,57,2016,March,14,28,1,3,2,0.0,0,BB,FRA,Online TA,TA/TO,0,0,0,A,A,0,No Deposit,9.0,0,Transient,85.85,0,1
City Hotel,0,1,2016,March,14,28,1,3,2,0.0,0,BB,ESP,Online TA,TA/TO,0,0,0,A,A,0,No Deposit,9.0,0,Transient,103.5,0,0
City Hotel,0,76,2016,March,14,27,2,3,2,0.0,0,SC,NLD,Online TA,TA/TO,0,0,0,A,A,0,No Deposit,7.0,0,Transient,58.9,0,1
City Hotel,0,50,2016,March,14,28,1,3,2,0.0,0,BB,ROU,Online TA,TA/TO,0,0,0,A,A,0,No Deposit,9.0,0,Transient,85.85,0,0
City Hotel,0,30,2016,March,14,30,0,2,2,0.0,0,BB,NLD,Offline TA/TO,TA/TO,0,0,0,A,A,0,No Deposit,85.0,0,Transient,85.5,0,0
City Hotel,0,46,2016,March,14,28,1,3,2,0.0,0,BB,FRA,Offline TA/TO,TA/TO,0,0,0,A,A,0,No Deposit,28.0,0,Transient,80.75,0,0
City Hotel,0,59,2016,March,14,28,1,3,2,0.0,0,BB,GBR,Online TA,TA/TO,0,0,0,A,A,0,No Deposit,9.0,0,Transient,85.85,0,1
City Hotel,0,69,2016,March,14,28,1,3,2,0.0,0,BB,GBR,Online TA,TA/TO,0,0,0,A,A,0,No Deposit,9.0,0,Transient,82.45,0,0
City Hotel,0,83,2016,March,14,28,1,4,2,0.0,0,BB,PRT,Offline TA/TO,TA/TO,0,0,0,A,A,0,No Deposit,16.0,0,Transient,80.75,0,0
City Hotel,0,58,2016,March,14,29,0,4,2,0.0,0,BB,FRA,Online TA,TA/TO,0,0,0,D,D,0,No Deposit,9.0,0,Transient,98.6,0,1
City Hotel,0,56,2016,March,14,29,0,4,2,0.0,0,BB,DEU,Online TA,TA/TO,0,0,0,A,A,0,No Deposit,9.0,0,Transient,85.85,0,1
City Hotel,0,16,2016,March,14,29,0,4,2,0.0,0,BB,ITA,Online TA,TA/TO,0,0,0,A,A,0,No Deposit,9.0,0,Transient,141.0,0,1
City Hotel,0,16,2016,March,14,29,0,4,2,0.0,0,BB,PRT,Online TA,TA/TO,0,0,0,A,A,0,No Deposit,9.0,0,Transient,141.0,0,1
City Hotel,0,55,2016,March,14,29,0,4,2,0.0,0,BB,DEU,Online TA,TA/TO,0,0,0,A,A,0,No Deposit,9.0,0,Transient,85.85,0,0
City Hotel,0,47,2016,March,14,30,0,3,2,0.0,0,BB,AUS,Online TA,TA/TO,0,0,0,A,A,0,No Deposit,7.0,0,Transient,73.08,0,3
City Hotel,0,47,2016,March,14,30,0,3,2,0.0,0,BB,IRN,Online TA,TA/TO,0,0,0,A,A,0,No Deposit,7.0,0,Transient,73.08,0,1
City Hotel,0,60,2016,March,14,31,0,2,2,0.0,0,BB,DEU,Online TA,TA/TO,0,0,0,A,A,0,No Deposit,9.0,0,Transient,90.9,0,1
City Hotel,0,39,2016,March,14,31,0,2,2,0.0,0,HB,FRA,Online TA,TA/TO,0,0,0,A,B,1,No Deposit,9.0,0,Transient,161.1,0,0
City Hotel,0,41,2016,March,14,28,1,4,2,0.0,0,BB,NLD,Online TA,TA/TO,0,0,0,D,D,0,No Deposit,9.0,0,Transient,114.04,0,0
City Hotel,0,50,2016,April,14,1,0,1,2,0.0,0,BB,DEU,Online TA,TA/TO,0,0,0,A,A,0,No Deposit,9.0,0,Transient,90.9,0,0
City Hotel,0,67,2016,April,14,1,0,1,2,0.0,0,BB,KOR,Online TA,TA/TO,0,0,0,A,A,4,No Deposit,9.0,0,Transient,109.1,1,0
City Hotel,0,118,2016,March,13,24,2,7,2,0.0,0,BB,FRA,Direct,Direct,0,0,0,A,A,0,No Deposit,14.0,0,Transient,78.86,0,1
City Hotel,0,17,2016,March,14,30,0,3,2,0.0,0,BB,BEL,Online TA,TA/TO,0,0,0,A,D,1,No Deposit,9.0,0,Transient,149.0,0,1
City Hotel,0,113,2016,March,14,29,0,4,2,0.0,0,BB,FRA,Offline TA/TO,TA/TO,0,0,0,A,D,0,No Deposit,28.0,0,Transient,61.25,0,0
City Hotel,0,53,2016,March,14,29,0,4,2,0.0,0,BB,BEL,Online TA,TA/TO,0,0,0,D,D,0,No Deposit,9.0,0,Transient,98.6,0,1
City Hotel,0,94,2016,March,14,28,1,4,2,0.0,0,BB,DEU,Offline TA/TO,TA/TO,0,0,0,A,A,0,No Deposit,16.0,0,Transient,80.75,0,1
City Hotel,0,77,2016,March,14,27,2,4,2,0.0,0,BB,FRA,Online TA,TA/TO,0,0,0,D,D,0,No Deposit,9.0,0,Transient,94.49,0,1
City Hotel,0,57,2016,March,14,29,0,4,2,0.0,0,BB,FRA,Online TA,TA/TO,0,0,0,A,A,0,No Deposit,9.0,0,Transient,85.85,0,1
City Hotel,0,53,2016,March,14,28,1,4,2,0.0,0,BB,GBR,Online TA,TA/TO,0,0,0,A,A,0,No Deposit,9.0,0,Transient,85.85,0,2
City Hotel,0,73,2016,March,14,29,0,4,2,0.0,0,BB,BEL,Online TA,TA/TO,0,0,0,A,A,0,No Deposit,9.0,0,Transient,82.45,0,1
City Hotel,0,54,2016,March,14,28,1,4,2,0.0,0,BB,FRA,Online TA,TA/TO,0,0,0,E,E,0,No Deposit,89.0,0,Transient,95.36,0,0
City Hotel,0,0,2016,March,14,28,1,4,2,0.0,0,BB,USA,Online TA,TA/TO,0,0,0,A,A,0,No Deposit,9.0,0,Transient,114.0,1,0
City Hotel,0,64,2016,March,14,31,0,3,2,0.0,0,SC,BRA,Online TA,TA/TO,0,0,0,A,A,0,No Deposit,9.0,0,Transient,80.1,0,1
City Hotel,0,54,2016,March,14,31,0,3,2,0.0,0,BB,FRA,Online TA,TA/TO,0,0,0,D,D,0,No Deposit,9.0,0,Transient,104.4,0,1
City Hotel,0,46,2016,March,14,29,0,5,2,0.0,0,BB,PRT,Offline TA/TO,TA/TO,0,0,0,A,D,0,No Deposit,28.0,0,Transient-Party,75.0,0,1
City Hotel,0,46,2016,March,14,29,0,5,2,0.0,0,BB,PRT,Offline TA/TO,TA/TO,0,0,0,A,D,0,No Deposit,28.0,0,Transient-Party,75.0,0,1
City Hotel,0,0,2016,March,14,31,0,3,2,0.0,0,SC,CHE,Online TA,TA/TO,0,0,0,A,A,0,No Deposit,9.0,0,Transient,99.0,0,1
City Hotel,0,76,2016,April,14,1,0,2,2,0.0,0,BB,DEU,Online TA,TA/TO,0,0,0,A,A,0,No Deposit,9.0,0,Transient,87.3,0,1
City Hotel,0,0,2016,April,14,1,0,2,2,0.0,0,SC,USA,Online TA,TA/TO,0,0,0,A,E,0,No Deposit,152.0,0,Transient,75.42,0,0
City Hotel,0,4,2016,April,14,2,0,1,2,0.0,0,SC,IRL,Online TA,TA/TO,0,0,0,A,A,0,No Deposit,9.0,0,Transient,99.0,0,1
City Hotel,0,4,2016,April,14,2,0,1,2,0.0,0,SC,IRL,Online TA,TA/TO,0,0,0,A,A,0,No Deposit,9.0,0,Transient,99.0,0,1
City Hotel,0,59,2016,March,14,31,0,3,2,0.0,0,BB,AUT,Online TA,TA/TO,0,0,0,A,A,0,No Deposit,9.0,0,Transient,90.9,0,1
City Hotel,0,82,2016,March,14,31,0,3,2,0.0,0,BB,SWE,Online TA,TA/TO,0,0,0,A,A,1,No Deposit,11.0,0,Transient,68.42,0,0
City Hotel,0,50,2016,March,14,31,0,3,2,0.0,0,BB,ISR,Groups,TA/TO,0,0,0,A,A,0,No Deposit,1.0,0,Transient-Party,65.0,0,0
City Hotel,0,50,2016,March,14,31,0,3,2,0.0,0,BB,ISR,Groups,TA/TO,0,0,0,A,A,0,No Deposit,1.0,0,Transient-Party,65.0,0,1
City Hotel,0,50,2016,March,14,31,0,3,2,0.0,0,BB,ISR,Groups,TA/TO,0,0,0,A,A,0,No Deposit,1.0,0,Transient-Party,65.0,0,0
City Hotel,0,50,2016,March,14,31,0,3,2,0.0,0,BB,PRT,Groups,TA/TO,0,0,0,A,A,0,No Deposit,1.0,0,Transient-Party,65.0,0,1
City Hotel,0,50,2016,March,14,31,0,3,2,0.0,0,BB,ISR,Groups,TA/TO,0,0,0,A,A,0,No Deposit,1.0,0,Transient-Party,65.0,0,0
City Hotel,0,50,2016,March,14,31,0,3,2,0.0,0,BB,ISR,Groups,TA/TO,0,0,0,A,A,0,No Deposit,1.0,0,Transient-Party,65.0,0,0
City Hotel,0,50,2016,March,14,31,0,3,2,0.0,0,BB,ISR,Groups,TA/TO,0,0,0,A,A,0,No Deposit,1.0,0,Transient-Party,65.0,0,1
City Hotel,0,50,2016,March,14,31,0,3,2,0.0,0,BB,ISR,Groups,TA/TO,0,0,0,A,A,0,No Deposit,1.0,0,Transient-Party,65.0,0,0
City Hotel,0,50,2016,March,14,31,0,3,2,0.0,0,BB,ISR,Groups,TA/TO,0,0,0,A,A,0,No Deposit,1.0,0,Transient-Party,65.0,0,0
City Hotel,0,50,2016,March,14,31,0,3,2,0.0,0,BB,PRT,Groups,TA/TO,0,0,0,A,A,0,No Deposit,1.0,0,Transient-Party,65.0,0,0
City Hotel,0,50,2016,March,14,31,0,3,2,0.0,0,BB,ISR,Groups,TA/TO,0,0,0,A,A,0,No Deposit,1.0,0,Transient-Party,65.0,0,0
City Hotel,0,50,2016,March,14,31,0,3,2,0.0,0,BB,ISR,Groups,TA/TO,0,0,0,A,A,0,No Deposit,1.0,0,Transient-Party,65.0,0,0
City Hotel,0,50,2016,March,14,31,0,3,2,0.0,0,BB,PRT,Groups,TA/TO,0,0,0,A,A,0,No Deposit,1.0,0,Transient-Party,65.0,0,0
City Hotel,0,54,2016,March,14,31,0,3,2,0.0,0,BB,ITA,Online TA,TA/TO,0,0,0,D,D,0,No Deposit,9.0,0,Transient,104.4,0,2
City Hotel,0,94,2016,March,14,28,1,5,2,0.0,0,HB,DEU,Offline TA/TO,TA/TO,0,0,0,A,A,0,No Deposit,16.0,0,Transient-Party,110.75,0,1
City Hotel,0,5,2016,April,14,2,0,1,2,0.0,0,SC,PRT,Online TA,TA/TO,0,0,0,A,A,0,No Deposit,9.0,0,Transient,99.0,0,1
City Hotel,0,9,2016,March,14,28,1,5,2,0.0,0,BB,DEU,Online TA,TA/TO,0,0,0,A,A,0,No Deposit,9.0,0,Transient,127.67,0,0
City Hotel,0,67,2016,March,14,29,0,5,2,0.0,0,BB,BEL,Online TA,TA/TO,0,0,0,A,A,0,No Deposit,9.0,0,Transient,82.45,0,1
City Hotel,0,129,2016,March,14,29,0,5,2,0.0,0,HB,GBR,Online TA,TA/TO,0,0,0,A,A,1,No Deposit,7.0,0,Transient,100.8,0,1
City Hotel,0,18,2016,April,14,2,0,1,2,0.0,0,SC,BGR,Online TA,TA/TO,0,0,0,A,A,0,No Deposit,9.0,0,Transient,129.0,0,1
City Hotel,0,94,2016,March,14,28,1,5,2,0.0,0,HB,DEU,Offline TA/TO,TA/TO,0,0,0,A,A,0,No Deposit,16.0,0,Transient-Party,110.75,0,1
City Hotel,0,94,2016,March,14,28,1,5,2,0.0,0,HB,DEU,Offline TA/TO,TA/TO,0,0,0,A,A,1,No Deposit,16.0,0,Transient-Party,110.75,0,1
City Hotel,0,48,2016,March,14,31,0,3,2,0.0,0,BB,BEL,Online TA,TA/TO,0,0,0,D,F,0,No Deposit,9.0,0,Transient,104.4,0,0
City Hotel,0,94,2016,March,14,28,1,5,2,0.0,0,HB,DEU,Offline TA/TO,TA/TO,0,0,0,A,A,0,No Deposit,16.0,0,Transient-Party,110.75,0,1
City Hotel,0,94,2016,March,14,28,1,5,2,0.0,0,HB,DEU,Offline TA/TO,TA/TO,0,0,0,A,A,1,No Deposit,16.0,0,Transient-Party,110.75,0,1
City Hotel,0,94,2016,March,14,28,1,5,2,0.0,0,HB,DEU,Offline TA/TO,TA/TO,0,0,0,A,A,1,No Deposit,16.0,0,Transient-Party,110.75,0,1
City Hotel,0,72,2016,March,14,31,0,3,2,0.0,0,BB,NLD,Online TA,TA/TO,0,0,0,A,A,0,No Deposit,7.0,0,Transient,67.22,0,0
City Hotel,0,81,2016,April,14,1,0,2,2,0.0,0,BB,PRT,Complementary,Direct,0,0,0,A,D,0,No Deposit,,0,Transient,0.0,0,0
City Hotel,0,72,2016,March,14,31,0,3,2,0.0,0,BB,NLD,Online TA,TA/TO,0,0,0,A,A,0,No Deposit,7.0,0,Transient,67.22,0,1
City Hotel,0,42,2016,April,14,2,0,1,2,0.0,0,BB,CHN,Online TA,TA/TO,0,0,0,A,D,0,No Deposit,9.0,0,Transient,117.9,0,0
City Hotel,0,63,2016,March,14,30,0,4,2,0.0,0,SC,DEU,Online TA,TA/TO,0,0,0,A,A,0,No Deposit,11.0,0,Transient,54.46,0,0
City Hotel,0,58,2016,March,14,31,0,3,2,0.0,0,BB,ESP,Online TA,TA/TO,0,0,0,A,A,0,No Deposit,9.0,0,Transient-Party,90.9,0,1
City Hotel,0,57,2016,March,14,27,2,5,2,0.0,0,BB,FRA,Online TA,TA/TO,0,0,0,E,E,0,No Deposit,11.0,0,Transient,89.78,0,0
City Hotel,0,41,2016,March,14,31,0,3,2,0.0,0,BB,FRA,Online TA,TA/TO,0,0,0,A,A,0,No Deposit,9.0,0,Transient,117.9,0,1
City Hotel,0,57,2016,March,14,30,0,4,2,0.0,0,BB,FRA,Online TA,TA/TO,0,0,0,A,A,0,No Deposit,9.0,0,Transient-Party,85.85,0,1
City Hotel,0,57,2016,March,14,30,0,4,2,0.0,0,BB,FRA,Online TA,TA/TO,0,0,0,A,A,0,No Deposit,9.0,0,Transient-Party,85.85,0,1
City Hotel,0,57,2016,March,14,30,0,4,2,0.0,0,BB,FRA,Online TA,TA/TO,0,0,0,A,A,0,No Deposit,9.0,0,Transient-Party,85.85,0,1
City Hotel,0,59,2016,March,14,31,0,3,2,0.0,0,BB,PRT,Offline TA/TO,TA/TO,0,0,0,A,A,0,No Deposit,118.0,0,Transient,74.83,0,0
City Hotel,0,41,2016,April,14,1,0,2,2,0.0,0,SC,DEU,Online TA,TA/TO,0,0,0,A,D,0,No Deposit,9.0,0,Transient,107.1,0,0
City Hotel,0,4,2016,April,14,2,0,1,2,0.0,0,SC,PRT,Online TA,TA/TO,0,0,0,A,A,2,No Deposit,9.0,0,Transient,99.0,0,1
City Hotel,0,58,2016,March,14,31,0,3,2,0.0,0,BB,ESP,Online TA,TA/TO,0,0,0,A,A,0,No Deposit,9.0,0,Transient-Party,90.9,0,1
City Hotel,0,74,2016,March,14,31,0,3,2,0.0,0,SC,IRL,Direct,Direct,0,0,0,A,A,0,No Deposit,14.0,0,Transient,85.5,0,0
City Hotel,0,41,2016,March,14,31,1,3,2,0.0,0,BB,FRA,Online TA,TA/TO,0,0,0,A,A,0,No Deposit,9.0,0,Transient,117.9,0,1
City Hotel,0,57,2016,March,14,30,1,4,2,0.0,0,BB,DEU,Online TA,TA/TO,0,0,0,A,A,0,No Deposit,7.0,0,Transient,63.55,0,1
City Hotel,0,51,2016,April,14,1,1,2,2,0.0,0,BB,IRL,Online TA,TA/TO,0,0,0,D,D,0,No Deposit,9.0,0,Transient,106.2,0,0
City Hotel,0,165,2016,March,14,30,1,4,2,0.0,0,BB,FRA,Online TA,TA/TO,0,0,0,A,A,0,No Deposit,8.0,0,Transient,94.18,0,0
City Hotel,0,65,2016,March,14,28,2,5,2,0.0,0,BB,FRA,Online TA,TA/TO,0,0,0,A,A,0,No Deposit,8.0,0,Transient,82.45,0,1
City Hotel,0,191,2016,March,14,30,1,4,2,0.0,0,BB,POL,Offline TA/TO,TA/TO,0,0,0,D,D,0,No Deposit,28.0,0,Transient,69.0,0,0
City Hotel,0,59,2016,March,14,31,1,3,2,0.0,0,BB,DEU,Offline TA/TO,TA/TO,0,0,0,A,A,1,No Deposit,27.0,0,Transient,80.75,0,0
City Hotel,0,52,2016,March,14,31,1,3,2,0.0,0,BB,BEL,Online TA,TA/TO,0,0,0,D,D,0,No Deposit,9.0,0,Transient-Party,99.88,0,1
City Hotel,0,63,2016,April,14,2,1,1,2,0.0,0,BB,FRA,Online TA,TA/TO,0,0,0,D,D,0,No Deposit,9.0,0,Transient,107.1,0,0
City Hotel,0,66,2016,April,14,1,1,2,2,0.0,0,BB,PRT,Online TA,TA/TO,0,0,0,A,A,0,No Deposit,9.0,0,Transient,92.7,0,1
City Hotel,0,60,2016,April,14,1,1,2,2,0.0,0,BB,GBR,Online TA,TA/TO,0,0,0,D,D,0,No Deposit,9.0,0,Transient,106.2,0,1
City Hotel,0,72,2016,April,14,2,1,1,2,0.0,0,BB,ITA,Online TA,TA/TO,0,0,0,D,D,0,No Deposit,9.0,0,Transient-Party,96.3,0,1
City Hotel,0,78,2016,April,14,2,1,1,2,0.0,0,BB,PRT,Online TA,TA/TO,0,0,0,A,A,0,No Deposit,9.0,0,Transient,87.3,0,1
City Hotel,0,84,2016,April,14,1,1,2,2,0.0,0,BB,FRA,Online TA,TA/TO,0,0,0,A,A,0,No Deposit,8.0,0,Transient,87.3,0,1
City Hotel,0,66,2016,March,14,31,1,3,2,0.0,0,BB,BEL,Direct,Direct,0,0,0,A,A,0,No Deposit,14.0,0,Transient,76.93,0,0
City Hotel,0,47,2016,April,14,1,1,2,2,0.0,0,BB,FRA,Online TA,TA/TO,0,0,0,D,D,0,No Deposit,9.0,0,Transient,106.2,0,0
City Hotel,0,62,2016,April,14,1,1,2,2,0.0,0,BB,FRA,Online TA,TA/TO,0,0,0,D,D,0,No Deposit,9.0,0,Transient-Party,106.2,0,0
City Hotel,0,71,2016,March,14,31,1,3,2,0.0,0,BB,BEL,Online TA,TA/TO,0,0,0,D,D,0,No Deposit,9.0,0,Transient,90.95,0,1
City Hotel,0,121,2016,April,14,1,1,2,2,0.0,0,BB,PRT,Offline TA/TO,TA/TO,0,0,0,A,D,0,No Deposit,28.0,0,Transient,71.0,0,0
City Hotel,0,52,2016,March,14,31,1,3,2,0.0,0,BB,BEL,Online TA,TA/TO,0,0,0,D,D,0,No Deposit,9.0,0,Transient-Party,99.88,0,1
City Hotel,0,62,2016,April,14,1,1,2,2,0.0,0,BB,FRA,Online TA,TA/TO,0,0,0,D,D,0,No Deposit,9.0,0,Transient-Party,106.2,0,0
City Hotel,0,72,2016,April,14,2,1,1,2,0.0,0,BB,ITA,Online TA,TA/TO,0,0,0,D,D,0,No Deposit,9.0,0,Transient-Party,96.3,0,1
City Hotel,0,65,2016,April,14,1,1,2,2,0.0,0,BB,DNK,Online TA,TA/TO,0,0,0,A,A,0,No Deposit,7.0,0,Transient,67.81,0,1
City Hotel,0,72,2016,April,14,2,1,1,2,0.0,0,BB,ITA,Online TA,TA/TO,0,0,0,D,D,0,No Deposit,9.0,0,Transient-Party,96.3,0,1
City Hotel,0,86,2016,March,14,30,1,4,2,0.0,0,BB,BEL,Direct,Direct,0,0,0,B,B,0,No Deposit,,0,Transient,71.19,0,1
City Hotel,0,86,2016,March,14,30,1,4,2,0.0,0,BB,BEL,Direct,Direct,0,0,0,B,B,0,No Deposit,,0,Transient,71.19,0,1
City Hotel,0,36,2016,April,14,2,1,1,2,0.0,0,BB,CHN,Online TA,TA/TO,0,0,0,A,A,0,No Deposit,9.0,0,Transient,117.9,0,2
City Hotel,0,29,2016,April,14,1,1,2,2,0.0,0,BB,ESP,Online TA,TA/TO,0,0,0,A,D,0,No Deposit,9.0,0,Transient,128.6,0,1
City Hotel,0,67,2016,April,14,1,1,2,2,0.0,0,SC,DEU,Offline TA/TO,TA/TO,0,0,0,A,A,0,No Deposit,83.0,0,Transient,75.65,0,0
City Hotel,0,34,2016,April,14,2,1,1,2,0.0,0,BB,CHN,Online TA,TA/TO,0,0,0,D,D,0,No Deposit,9.0,0,Transient,131.4,0,1
City Hotel,0,121,2016,April,14,2,1,1,2,0.0,0,BB,FRA,Offline TA/TO,TA/TO,0,0,0,A,D,0,No Deposit,28.0,0,Transient,71.0,0,0
City Hotel,0,33,2016,April,14,2,1,1,2,0.0,0,BB,CHN,Online TA,TA/TO,0,0,0,D,E,0,No Deposit,9.0,0,Transient,131.4,0,0
City Hotel,0,82,2016,March,14,29,1,5,2,0.0,0,SC,DEU,Online TA,TA/TO,0,0,0,A,A,2,No Deposit,9.0,0,Transient,72.25,0,1
City Hotel,0,67,2016,April,14,1,1,2,2,0.0,0,SC,DEU,Online TA,TA/TO,0,0,0,A,A,0,No Deposit,10.0,0,Transient,81.9,0,0
City Hotel,0,84,2016,March,14,30,1,4,2,0.0,0,BB,DEU,Offline TA/TO,TA/TO,0,0,0,A,A,0,No Deposit,83.0,0,Transient,75.34,0,0
City Hotel,0,62,2016,April,14,1,1,2,2,0.0,0,BB,FRA,Online TA,TA/TO,0,0,0,D,D,0,No Deposit,9.0,0,Transient-Party,106.2,0,0
City Hotel,0,47,2016,April,14,1,2,2,2,0.0,0,BB,SWE,Online TA,TA/TO,0,0,0,D,D,0,No Deposit,9.0,0,Transient,103.28,0,0
City Hotel,0,122,2016,April,14,2,2,1,2,0.0,0,HB,IRL,Offline TA/TO,TA/TO,0,0,0,A,A,0,No Deposit,83.0,0,Transient,110.24,0,0
City Hotel,0,76,2016,April,14,2,2,1,2,0.0,0,BB,DEU,Online TA,TA/TO,0,0,0,A,A,0,No Deposit,9.0,0,Transient-Party,87.3,0,1
City Hotel,0,76,2016,April,14,2,2,1,2,0.0,0,BB,DEU,Online TA,TA/TO,0,0,0,A,A,0,No Deposit,9.0,0,Transient-Party,87.3,0,1
City Hotel,0,1,2016,April,15,4,1,0,2,0.0,0,BB,USA,Direct,Direct,0,0,0,A,A,0,No Deposit,14.0,0,Transient,99.0,0,0
City Hotel,0,76,2016,April,14,2,2,1,2,0.0,0,BB,PRT,Online TA,TA/TO,0,0,0,A,A,0,No Deposit,9.0,0,Transient-Party,87.3,0,1
City Hotel,0,76,2016,March,14,29,2,5,2,0.0,0,BB,GBR,Online TA,TA/TO,0,0,0,A,A,0,No Deposit,9.0,0,Transient,82.45,0,1
City Hotel,0,10,2016,April,15,3,2,0,2,0.0,0,SC,USA,Online TA,TA/TO,0,0,0,A,A,0,No Deposit,9.0,0,Transient,89.0,0,1
City Hotel,0,54,2016,April,14,2,2,1,2,0.0,0,BB,FRA,Offline TA/TO,TA/TO,0,0,0,A,D,0,No Deposit,28.0,0,Transient,75.0,0,0
City Hotel,0,2,2016,April,15,3,2,0,2,0.0,0,BB,BEL,Online TA,TA/TO,0,0,0,A,A,0,No Deposit,9.0,0,Transient,101.0,0,1
City Hotel,0,78,2016,March,14,31,2,3,2,0.0,0,BB,DEU,Online TA,TA/TO,0,0,0,A,A,0,No Deposit,9.0,0,Transient,82.45,0,0
City Hotel,0,1,2016,April,15,4,1,0,2,0.0,0,BB,PRT,Online TA,TA/TO,0,0,0,A,A,0,No Deposit,9.0,0,Transient,101.0,0,2
City Hotel,0,59,2016,March,14,29,2,5,2,0.0,0,BB,PRT,Online TA,TA/TO,0,0,0,D,D,0,No Deposit,9.0,0,Transient,101.27,0,2
City Hotel,0,59,2016,March,14,29,2,5,2,0.0,0,BB,PRT,Online TA,TA/TO,0,0,0,D,D,0,No Deposit,9.0,0,Transient,101.27,0,2
City Hotel,0,74,2016,April,14,1,2,2,2,0.0,0,BB,DEU,Online TA,TA/TO,0,0,0,A,A,0,No Deposit,11.0,0,Transient,59.37,0,0
City Hotel,0,56,2016,March,14,30,2,4,2,0.0,0,BB,BEL,Online TA,TA/TO,0,0,0,D,D,0,No Deposit,9.0,0,Transient,101.72,0,1
City Hotel,0,6,2016,April,14,1,2,2,2,0.0,0,BB,DEU,Offline TA/TO,TA/TO,0,0,0,A,A,0,No Deposit,85.0,0,Transient,95.0,0,0
City Hotel,0,14,2016,March,14,31,2,3,2,0.0,0,BB,CHE,Online TA,TA/TO,0,0,0,D,D,0,No Deposit,9.0,0,Transient,140.0,0,0
City Hotel,0,1,2016,April,15,4,1,0,2,0.0,0,BB,FRA,Direct,Direct,0,0,0,D,D,0,No Deposit,,0,Transient,112.0,0,0
City Hotel,0,4,2016,April,15,3,2,0,2,0.0,0,BB,ESP,Online TA,TA/TO,0,0,0,A,D,0,No Deposit,7.0,0,Transient,77.77,0,1
City Hotel,0,80,2016,March,14,31,2,3,2,0.0,0,SC,GBR,Online TA,TA/TO,0,0,0,A,A,0,No Deposit,7.0,0,Transient,55.63,0,1
City Hotel,0,55,2016,April,15,3,2,1,2,0.0,0,BB,PRT,Offline TA/TO,TA/TO,0,0,0,A,D,1,No Deposit,28.0,0,Transient-Party,75.0,0,1
City Hotel,0,55,2016,April,15,3,2,1,2,0.0,0,BB,FRA,Offline TA/TO,TA/TO,0,0,0,A,D,0,No Deposit,28.0,0,Transient-Party,75.0,0,1
City Hotel,0,20,2016,April,15,3,2,1,2,0.0,0,BB,PRT,Offline TA/TO,TA/TO,0,0,0,A,A,0,No Deposit,28.0,0,Transient,95.0,0,0
City Hotel,0,0,2016,April,15,5,0,1,2,0.0,0,BB,FRA,Direct,Direct,0,0,0,A,A,0,No Deposit,,0,Transient,89.0,0,0
City Hotel,0,0,2016,April,15,5,0,1,2,0.0,0,SC,PRT,Direct,Direct,0,0,0,A,A,0,No Deposit,,0,Transient,89.0,0,0
City Hotel,0,66,2016,April,15,4,1,1,2,0.0,0,BB,ITA,Online TA,TA/TO,0,0,0,A,A,0,No Deposit,9.0,0,Transient-Party,105.3,0,1
City Hotel,0,1,2016,April,15,4,1,1,2,0.0,0,SC,PRT,Online TA,TA/TO,0,0,0,A,A,0,No Deposit,9.0,0,Transient,89.0,0,1
City Hotel,0,6,2016,April,15,4,1,1,2,0.0,0,BB,PRT,Online TA,TA/TO,0,0,0,A,A,1,No Deposit,9.0,0,Transient,61.0,0,1
City Hotel,0,75,2016,April,14,1,2,3,2,0.0,0,BB,FRA,Online TA,TA/TO,0,0,0,A,A,0,No Deposit,9.0,0,Transient,82.45,0,1
City Hotel,0,49,2016,April,15,3,2,1,2,0.0,0,BB,ITA,Online TA,TA/TO,0,0,0,A,A,0,No Deposit,9.0,0,Transient,102.3,0,0
City Hotel,0,67,2016,April,15,3,2,1,2,0.0,0,BB,CHE,Online TA,TA/TO,0,0,0,D,D,0,No Deposit,9.0,0,Transient,109.8,0,1
City Hotel,0,46,2016,April,15,3,2,1,2,0.0,0,SC,NLD,Online TA,TA/TO,0,0,0,A,A,0,No Deposit,9.0,0,Transient,107.1,0,0
City Hotel,0,67,2016,April,14,2,2,2,2,0.0,0,BB,GBR,Online TA,TA/TO,0,0,0,A,A,0,No Deposit,11.0,0,Transient,71.74,0,1
City Hotel,0,68,2016,April,14,1,2,3,2,0.0,0,HB,BEL,Online TA,TA/TO,0,0,0,D,D,1,No Deposit,9.0,0,Transient-Party,130.9,0,1
City Hotel,0,68,2016,April,14,1,2,3,2,0.0,0,HB,BEL,Online TA,TA/TO,0,0,0,D,D,1,No Deposit,9.0,0,Transient-Party,130.9,0,1
City Hotel,0,65,2016,April,14,1,2,3,2,0.0,0,BB,DEU,Online TA,TA/TO,0,0,0,A,A,0,No Deposit,9.0,0,Transient,88.91,0,1
City Hotel,0,73,2016,April,15,3,2,1,2,0.0,0,SC,GBR,Online TA,TA/TO,0,0,0,A,A,0,No Deposit,8.0,0,Transient,76.5,0,1
City Hotel,0,73,2016,April,15,3,2,1,2,0.0,0,BB,GBR,Online TA,TA/TO,0,0,0,A,A,0,No Deposit,9.0,0,Transient,87.3,0,1
City Hotel,0,72,2016,April,15,3,2,1,2,0.0,0,BB,GBR,Online TA,TA/TO,0,0,0,A,A,1,No Deposit,9.0,0,Transient,87.3,0,2
City Hotel,0,11,2016,April,15,5,0,1,2,0.0,0,SC,BRA,Online TA,TA/TO,0,0,0,A,D,0,No Deposit,7.0,0,Transient,68.53,0,1
City Hotel,0,5,2016,April,14,1,2,3,2,0.0,0,BB,GBR,Online TA,TA/TO,0,0,0,D,D,1,No Deposit,9.0,0,Transient,141.0,0,2
City Hotel,0,3,2016,April,14,2,2,2,2,0.0,0,BB,FRA,Online TA,TA/TO,0,0,0,A,A,0,No Deposit,9.0,0,Transient,112.5,1,1
City Hotel,0,73,2016,April,14,2,2,2,2,0.0,0,BB,DEU,Offline TA/TO,TA/TO,0,0,0,A,A,0,No Deposit,16.0,0,Transient,80.75,0,0
City Hotel,0,78,2016,March,14,31,2,4,2,0.0,0,BB,ARG,Online TA,TA/TO,0,0,0,A,A,0,No Deposit,9.0,0,Transient,82.45,0,1
City Hotel,0,48,2016,April,14,1,2,3,2,0.0,0,SC,NLD,Online TA,TA/TO,0,0,0,A,A,0,No Deposit,7.0,0,Transient,63.22,0,1
City Hotel,0,73,2016,April,15,5,0,1,2,0.0,0,BB,CHE,Online TA,TA/TO,0,0,0,A,A,0,No Deposit,9.0,0,Transient,87.3,0,1
City Hotel,0,23,2016,April,14,2,2,2,2,0.0,0,BB,GBR,Offline TA/TO,TA/TO,0,0,0,A,A,0,No Deposit,85.0,0,Transient,95.0,0,2
City Hotel,0,70,2016,April,14,2,2,3,2,0.0,0,BB,BGR,Online TA,TA/TO,0,0,0,A,A,0,No Deposit,7.0,0,Transient,61.56,0,2
City Hotel,0,70,2016,April,14,2,2,3,2,0.0,0,BB,BGR,Online TA,TA/TO,0,0,0,A,A,0,No Deposit,7.0,0,Transient,61.56,0,2
City Hotel,0,6,2016,April,15,3,2,2,2,0.0,0,SC,BEL,Offline TA/TO,TA/TO,0,0,0,A,A,0,No Deposit,138.0,0,Transient,85.0,0,0
City Hotel,0,71,2016,April,15,3,2,2,2,0.0,0,BB,GBR,Online TA,TA/TO,0,0,0,A,A,0,No Deposit,9.0,0,Transient,87.13,0,1
City Hotel,0,1,2016,April,15,6,0,1,2,0.0,0,SC,PRT,Online TA,TA/TO,0,0,0,A,A,0,No Deposit,9.0,0,Transient,129.0,0,0
City Hotel,0,68,2016,April,15,4,1,2,2,0.0,0,BB,ITA,Online TA,TA/TO,0,0,0,A,A,0,No Deposit,9.0,0,Transient,96.3,0,1
City Hotel,0,55,2016,April,15,6,0,1,2,0.0,0,HB,PRT,Offline TA/TO,TA/TO,0,0,0,A,A,0,No Deposit,56.0,0,Transient-Party,104.0,0,0
City Hotel,0,55,2016,April,15,6,0,1,2,0.0,0,HB,PRT,Offline TA/TO,TA/TO,0,0,0,A,A,0,No Deposit,56.0,0,Transient-Party,104.0,0,0
City Hotel,0,55,2016,April,15,6,0,1,2,0.0,0,HB,PRT,Offline TA/TO,TA/TO,0,0,0,A,A,0,No Deposit,56.0,0,Transient-Party,104.0,0,0
City Hotel,0,55,2016,April,15,6,0,1,2,0.0,0,HB,PRT,Offline TA/TO,TA/TO,0,0,0,A,A,0,No Deposit,56.0,0,Transient-Party,104.0,0,0
City Hotel,0,56,2016,April,15,4,1,2,2,0.0,0,BB,FRA,Offline TA/TO,TA/TO,0,0,0,A,D,0,No Deposit,28.0,0,Transient,75.0,0,0
City Hotel,0,88,2016,April,15,4,1,2,2,0.0,0,BB,POL,Online TA,TA/TO,0,0,0,A,A,0,No Deposit,9.0,0,Transient,90.3,0,1
City Hotel,0,19,2016,April,15,4,1,2,2,0.0,0,BB,PRT,Online TA,TA/TO,0,0,0,D,D,1,No Deposit,7.0,0,Transient,101.27,0,1
City Hotel,0,55,2016,April,15,6,0,1,2,0.0,0,HB,PRT,Offline TA/TO,TA/TO,0,0,0,A,A,0,No Deposit,56.0,0,Transient-Party,104.0,0,0
City Hotel,0,60,2016,April,14,2,2,3,2,0.0,0,BB,FRA,Offline TA/TO,TA/TO,0,0,0,A,D,0,No Deposit,28.0,0,Transient,75.0,0,0
City Hotel,0,78,2016,April,15,4,1,2,2,0.0,0,BB,GBR,Online TA,TA/TO,0,0,0,A,A,0,No Deposit,7.0,0,Transient,69.53,0,1
City Hotel,0,55,2016,April,15,6,0,1,2,0.0,0,HB,PRT,Offline TA/TO,TA/TO,0,0,0,A,A,0,No Deposit,56.0,0,Transient-Party,104.0,0,0
City Hotel,0,55,2016,April,15,6,0,1,2,0.0,0,HB,PRT,Offline TA/TO,TA/TO,0,0,0,A,A,0,No Deposit,56.0,0,Transient-Party,104.0,0,0
City Hotel,0,55,2016,April,15,6,0,1,2,0.0,0,HB,PRT,Offline TA/TO,TA/TO,0,0,0,A,A,0,No Deposit,56.0,0,Transient-Party,104.0,0,0
City Hotel,0,55,2016,April,15,6,0,1,2,0.0,0,HB,PRT,Offline TA/TO,TA/TO,0,0,0,A,A,0,No Deposit,56.0,0,Transient-Party,104.0,0,0
City Hotel,0,72,2016,April,15,3,2,2,2,0.0,0,BB,GBR,Direct,Direct,0,0,0,A,A,0,No Deposit,14.0,0,Transient,74.38,0,0
City Hotel,0,55,2016,April,15,6,0,1,2,0.0,0,HB,PRT,Offline TA/TO,TA/TO,0,0,0,A,B,0,No Deposit,56.0,0,Transient-Party,104.0,0,0
City Hotel,0,55,2016,April,15,6,0,1,2,0.0,0,HB,PRT,Offline TA/TO,TA/TO,0,0,0,A,A,0,No Deposit,56.0,0,Transient-Party,104.0,0,0
City Hotel,0,68,2016,April,14,2,2,3,2,0.0,0,BB,ITA,Online TA,TA/TO,0,0,0,A,A,0,No Deposit,9.0,0,Transient,89.93,0,1
City Hotel,0,55,2016,April,15,6,0,1,2,0.0,0,HB,PRT,Offline TA/TO,TA/TO,0,0,0,A,D,0,No Deposit,56.0,0,Transient-Party,104.0,0,0
City Hotel,0,68,2016,April,14,2,2,3,2,0.0,0,BB,ITA,Online TA,TA/TO,0,0,0,A,A,0,No Deposit,9.0,0,Transient,89.93,0,1
City Hotel,0,83,2016,April,15,4,1,2,2,0.0,0,BB,AUT,Online TA,TA/TO,0,0,0,A,A,1,No Deposit,9.0,0,Transient,84.9,0,1
City Hotel,0,55,2016,April,15,6,0,1,2,0.0,0,HB,PRT,Offline TA/TO,TA/TO,0,0,0,A,A,0,No Deposit,56.0,0,Transient-Party,104.0,0,0
City Hotel,0,55,2016,April,15,6,0,1,2,0.0,0,HB,PRT,Offline TA/TO,TA/TO,0,0,0,A,B,0,No Deposit,56.0,0,Transient-Party,104.0,0,0
City Hotel,0,55,2016,April,15,6,0,1,2,0.0,0,HB,PRT,Offline TA/TO,TA/TO,0,0,0,A,A,0,No Deposit,56.0,0,Transient-Party,104.0,0,0
City Hotel,0,55,2016,April,15,6,0,1,2,0.0,0,HB,PRT,Offline TA/TO,TA/TO,0,0,0,A,A,0,No Deposit,56.0,0,Transient-Party,104.0,0,0
City Hotel,0,55,2016,April,15,6,0,1,2,0.0,0,HB,PRT,Offline TA/TO,TA/TO,0,0,0,A,A,0,No Deposit,56.0,0,Transient-Party,104.0,0,0
City Hotel,0,55,2016,April,15,6,0,1,2,0.0,0,HB,PRT,Offline TA/TO,TA/TO,0,0,0,A,D,0,No Deposit,56.0,0,Transient-Party,104.0,0,0
City Hotel,0,55,2016,April,15,6,0,1,2,0.0,0,HB,PRT,Offline TA/TO,TA/TO,0,0,0,A,A,0,No Deposit,56.0,0,Transient-Party,104.0,0,0
City Hotel,0,55,2016,April,15,6,0,1,2,0.0,0,HB,PRT,Offline TA/TO,TA/TO,0,0,0,A,D,0,No Deposit,56.0,0,Transient-Party,104.0,0,0
City Hotel,0,55,2016,April,15,6,0,1,2,0.0,0,HB,PRT,Offline TA/TO,TA/TO,0,0,0,A,A,0,No Deposit,56.0,0,Transient-Party,104.0,0,0
City Hotel,0,79,2016,April,14,2,2,3,2,0.0,0,BB,PRT,Online TA,TA/TO,0,0,0,D,D,0,No Deposit,9.0,0,Transient,92.65,0,1
City Hotel,0,55,2016,April,15,6,0,1,2,0.0,0,HB,PRT,Offline TA/TO,TA/TO,0,0,0,A,A,0,No Deposit,56.0,0,Transient-Party,104.0,0,0
City Hotel,0,55,2016,April,15,6,0,1,2,0.0,0,HB,PRT,Offline TA/TO,TA/TO,0,0,0,A,A,0,No Deposit,56.0,0,Transient-Party,104.0,0,0
City Hotel,0,55,2016,April,15,6,0,1,2,0.0,0,HB,PRT,Offline TA/TO,TA/TO,0,0,0,A,B,0,No Deposit,56.0,0,Transient-Party,104.0,0,0
City Hotel,0,55,2016,April,15,6,0,1,2,0.0,0,HB,PRT,Offline TA/TO,TA/TO,0,0,0,A,A,0,No Deposit,56.0,0,Transient-Party,104.0,0,0
City Hotel,0,55,2016,April,15,6,0,1,2,0.0,0,HB,PRT,Offline TA/TO,TA/TO,0,0,0,A,D,0,No Deposit,56.0,0,Transient-Party,104.0,0,0
City Hotel,0,55,2016,April,15,6,0,1,2,0.0,0,HB,PRT,Offline TA/TO,TA/TO,0,0,0,A,A,0,No Deposit,56.0,0,Transient-Party,104.0,0,0
City Hotel,0,55,2016,April,15,6,0,1,2,0.0,0,HB,PRT,Offline TA/TO,TA/TO,0,0,0,A,A,0,No Deposit,56.0,0,Transient-Party,104.0,0,0
City Hotel,0,55,2016,April,15,6,0,1,2,0.0,0,HB,PRT,Offline TA/TO,TA/TO,0,0,0,A,D,0,No Deposit,56.0,0,Transient-Party,104.0,0,0
City Hotel,0,55,2016,April,15,6,0,1,2,0.0,0,HB,PRT,Offline TA/TO,TA/TO,0,0,0,A,A,2,No Deposit,56.0,0,Transient-Party,104.0,0,0
City Hotel,0,55,2016,April,15,6,0,1,2,0.0,0,HB,PRT,Offline TA/TO,TA/TO,0,0,0,A,A,0,No Deposit,56.0,0,Transient-Party,104.0,0,0
City Hotel,0,55,2016,April,15,6,0,1,2,0.0,0,HB,PRT,Offline TA/TO,TA/TO,0,0,0,A,D,0,No Deposit,56.0,0,Transient-Party,104.0,0,0
City Hotel,0,55,2016,April,15,6,0,1,2,0.0,0,HB,PRT,Offline TA/TO,TA/TO,0,0,0,A,A,0,No Deposit,56.0,0,Transient-Party,104.0,0,0
City Hotel,0,55,2016,April,15,6,0,1,2,0.0,0,HB,PRT,Offline TA/TO,TA/TO,0,0,0,A,B,0,No Deposit,56.0,0,Transient-Party,104.0,0,0
City Hotel,0,55,2016,April,15,6,0,1,2,0.0,0,HB,PRT,Offline TA/TO,TA/TO,0,0,0,A,A,0,No Deposit,56.0,0,Transient-Party,104.0,0,0
City Hotel,0,55,2016,April,15,6,0,1,2,0.0,0,HB,FRA,Offline TA/TO,TA/TO,0,0,0,A,A,0,No Deposit,56.0,0,Transient-Party,104.0,0,0
City Hotel,0,55,2016,April,15,6,0,1,2,0.0,0,HB,PRT,Offline TA/TO,TA/TO,0,0,0,A,A,0,No Deposit,56.0,0,Transient-Party,104.0,0,0
City Hotel,0,55,2016,April,15,6,0,1,2,0.0,0,HB,FRA,Offline TA/TO,TA/TO,0,0,0,A,A,0,No Deposit,56.0,0,Transient-Party,104.0,0,0
City Hotel,0,55,2016,April,15,6,0,1,2,0.0,0,HB,PRT,Offline TA/TO,TA/TO,0,0,0,A,D,0,No Deposit,56.0,0,Transient-Party,104.0,0,0
City Hotel,0,79,2016,April,14,2,2,3,2,0.0,0,BB,COL,Online TA,TA/TO,0,0,0,D,D,1,No Deposit,9.0,0,Transient,92.65,0,1
City Hotel,0,55,2016,April,15,6,0,1,2,0.0,0,HB,PRT,Offline TA/TO,TA/TO,0,0,0,A,A,0,No Deposit,56.0,0,Transient-Party,104.0,0,0
City Hotel,0,55,2016,April,15,6,0,1,2,0.0,0,HB,PRT,Offline TA/TO,TA/TO,0,0,0,A,A,0,No Deposit,56.0,0,Transient-Party,104.0,0,0
City Hotel,0,87,2016,April,15,4,1,2,2,0.0,0,SC,ESP,Online TA,TA/TO,0,0,0,A,A,0,No Deposit,9.0,0,Transient,79.5,0,1
City Hotel,0,55,2016,April,15,6,0,1,2,0.0,0,HB,PRT,Offline TA/TO,TA/TO,0,0,0,A,A,0,No Deposit,56.0,0,Transient-Party,104.0,0,0
City Hotel,0,55,2016,April,15,6,0,1,2,0.0,0,HB,PRT,Offline TA/TO,TA/TO,0,0,0,A,A,0,No Deposit,56.0,0,Transient-Party,104.0,0,0
City Hotel,0,55,2016,April,15,6,0,1,2,0.0,0,HB,PRT,Offline TA/TO,TA/TO,0,0,0,A,A,0,No Deposit,56.0,0,Transient-Party,104.0,0,0
City Hotel,0,55,2016,April,15,6,0,1,2,0.0,0,HB,PRT,Offline TA/TO,TA/TO,0,0,0,A,A,0,No Deposit,56.0,0,Transient-Party,104.0,0,0
City Hotel,0,55,2016,April,15,6,0,1,2,0.0,0,HB,PRT,Offline TA/TO,TA/TO,0,0,0,A,D,0,No Deposit,56.0,0,Transient-Party,104.0,0,0
City Hotel,0,55,2016,April,15,6,0,1,2,0.0,0,HB,PRT,Offline TA/TO,TA/TO,0,0,0,A,A,0,No Deposit,56.0,0,Transient-Party,104.0,0,0
City Hotel,0,55,2016,April,15,6,0,1,2,0.0,0,HB,PRT,Offline TA/TO,TA/TO,0,0,0,A,A,0,No Deposit,56.0,0,Transient-Party,104.0,0,0
City Hotel,0,55,2016,April,15,6,0,1,2,0.0,0,HB,PRT,Offline TA/TO,TA/TO,0,0,0,A,B,0,No Deposit,56.0,0,Transient-Party,104.0,0,0
City Hotel,0,55,2016,April,15,6,0,1,2,0.0,0,HB,PRT,Offline TA/TO,TA/TO,0,0,0,A,D,0,No Deposit,56.0,0,Transient-Party,104.0,0,0
City Hotel,0,60,2016,April,14,2,2,3,2,0.0,0,BB,FIN,Online TA,TA/TO,0,0,0,D,D,0,No Deposit,9.0,0,Transient,107.78,0,1
City Hotel,0,55,2016,April,15,6,0,1,2,0.0,0,HB,PRT,Offline TA/TO,TA/TO,0,0,0,A,A,0,No Deposit,56.0,0,Transient-Party,104.0,0,0
City Hotel,0,23,2017,March,11,12,1,0,2,0.0,0,BB,USA,Corporate,Corporate,1,0,1,A,A,0,No Deposit,,0,Transient,85.0,0,1
City Hotel,0,55,2016,April,15,6,0,1,2,0.0,0,HB,PRT,Offline TA/TO,TA/TO,0,0,0,A,A,0,No Deposit,56.0,0,Transient-Party,104.0,0,0
City Hotel,0,55,2016,April,15,6,0,1,2,0.0,0,HB,PRT,Offline TA/TO,TA/TO,0,0,0,A,A,0,No Deposit,56.0,0,Transient-Party,104.0,0,0
City Hotel,0,120,2016,April,15,5,0,2,2,0.0,0,BB,FRA,Offline TA/TO,TA/TO,0,0,0,A,D,0,No Deposit,28.0,0,Transient,71.0,0,0
City Hotel,0,55,2016,April,15,6,0,1,2,0.0,0,HB,PRT,Offline TA/TO,TA/TO,0,0,0,A,A,0,No Deposit,56.0,0,Transient-Party,104.0,0,0
City Hotel,0,55,2016,April,15,6,0,1,2,0.0,0,HB,PRT,Offline TA/TO,TA/TO,0,0,0,A,A,0,No Deposit,56.0,0,Transient-Party,104.0,0,0
City Hotel,0,70,2016,April,15,4,1,2,2,0.0,0,BB,BRA,Online TA,TA/TO,0,0,0,A,A,0,No Deposit,9.0,0,Transient-Party,96.3,0,1
City Hotel,0,70,2016,April,15,4,1,2,2,0.0,0,BB,PRT,Online TA,TA/TO,0,0,0,A,A,0,No Deposit,9.0,0,Transient-Party,96.3,0,1
City Hotel,0,55,2016,April,15,6,0,1,2,0.0,0,HB,PRT,Offline TA/TO,TA/TO,0,0,0,A,A,0,No Deposit,56.0,0,Transient-Party,104.0,0,0
City Hotel,0,55,2016,April,15,6,0,1,2,0.0,0,HB,PRT,Offline TA/TO,TA/TO,0,0,0,A,A,0,No Deposit,56.0,0,Transient-Party,104.0,0,0
City Hotel,0,55,2016,April,15,6,0,1,2,0.0,0,HB,PRT,Offline TA/TO,TA/TO,0,0,0,A,A,0,No Deposit,56.0,0,Transient-Party,104.0,0,0
City Hotel,0,35,2016,April,15,4,1,3,2,0.0,0,BB,DEU,Offline TA/TO,TA/TO,0,0,0,A,A,0,No Deposit,85.0,0,Transient,85.5,0,0
City Hotel,0,59,2016,April,15,4,1,3,2,0.0,0,BB,DEU,Offline TA/TO,TA/TO,0,0,0,A,A,0,No Deposit,27.0,0,Transient,80.75,0,0
City Hotel,0,72,2016,April,15,4,1,3,2,0.0,0,SC,FRA,Online TA,TA/TO,0,0,0,A,A,0,No Deposit,11.0,0,Transient,61.21,0,1
City Hotel,0,82,2016,April,15,3,2,3,2,0.0,0,BB,DEU,Online TA,TA/TO,0,0,0,A,A,1,No Deposit,10.0,0,Transient,73.9,0,0
City Hotel,0,53,2016,April,15,3,2,3,2,0.0,0,BB,FRA,Offline TA/TO,TA/TO,0,0,0,A,A,0,No Deposit,28.0,0,Transient,75.0,0,0
City Hotel,0,13,2016,April,15,7,0,1,2,0.0,0,SC,GBR,Online TA,TA/TO,0,0,0,A,A,0,No Deposit,9.0,0,Transient,89.0,0,0
City Hotel,0,124,2016,April,15,4,1,3,2,0.0,0,HB,PRT,Groups,TA/TO,0,0,0,A,A,2,No Deposit,1.0,0,Transient-Party,90.0,0,0
City Hotel,0,70,2016,April,15,5,0,3,2,0.0,0,SC,GBR,Online TA,TA/TO,0,0,0,A,A,0,No Deposit,9.0,0,Transient,85.5,0,0
City Hotel,0,69,2016,April,15,4,1,3,2,0.0,0,SC,CHE,Online TA,TA/TO,0,0,0,A,A,0,No Deposit,9.0,0,Transient,80.75,0,1
City Hotel,0,35,2016,April,15,5,0,3,2,0.0,0,BB,BEL,Online TA,TA/TO,0,0,0,D,A,0,No Deposit,9.0,0,Transient,131.4,0,1
City Hotel,0,0,2016,April,15,7,0,1,2,0.0,0,BB,PRT,Direct,Direct,0,0,0,A,A,0,No Deposit,,0,Transient,50.0,0,0
City Hotel,0,10,2016,April,15,7,0,1,2,0.0,0,BB,SAU,Online TA,TA/TO,0,0,0,A,A,0,No Deposit,9.0,0,Transient,110.0,0,2
City Hotel,0,124,2016,April,15,4,1,3,2,0.0,0,HB,PRT,Groups,TA/TO,0,0,0,A,A,0,No Deposit,1.0,0,Transient-Party,90.0,0,1
City Hotel,0,124,2016,April,15,4,1,3,2,0.0,0,HB,PRT,Groups,TA/TO,0,0,0,A,A,0,No Deposit,1.0,0,Transient-Party,90.0,0,1
City Hotel,0,57,2016,April,15,5,0,3,2,0.0,0,BB,FRA,Online TA,TA/TO,0,0,0,A,A,0,No Deposit,9.0,0,Transient,105.3,0,1
City Hotel,0,124,2016,April,15,4,1,3,2,0.0,0,HB,PRT,Groups,TA/TO,0,0,0,A,A,0,No Deposit,1.0,0,Transient-Party,90.0,0,0
City Hotel,0,124,2016,April,15,5,0,3,2,0.0,0,BB,FRA,Offline TA/TO,TA/TO,0,0,0,A,D,0,No Deposit,28.0,0,Transient,71.0,0,0
City Hotel,0,64,2016,April,15,4,1,3,2,0.0,0,BB,PRT,Direct,Direct,0,0,0,A,A,0,No Deposit,14.0,0,Transient,107.25,1,0
City Hotel,0,58,2016,April,15,5,0,3,2,0.0,0,HB,DEU,Online TA,TA/TO,0,0,0,D,D,1,No Deposit,9.0,0,Transient,153.0,0,1
City Hotel,0,77,2016,April,15,6,0,2,2,0.0,0,BB,KOR,Online TA,TA/TO,0,0,0,D,D,0,No Deposit,9.0,0,Transient,105.3,0,1
City Hotel,0,62,2016,April,15,3,2,3,2,0.0,0,BB,FRA,Offline TA/TO,TA/TO,0,0,0,A,D,0,No Deposit,28.0,0,Transient-Party,76.0,0,1
City Hotel,0,114,2016,April,15,3,2,3,2,0.0,0,BB,DEU,Offline TA/TO,TA/TO,0,0,0,A,A,0,No Deposit,27.0,0,Transient,80.75,0,0
City Hotel,0,79,2016,April,15,4,1,3,2,0.0,0,BB,CHE,Online TA,TA/TO,0,0,0,D,D,0,No Deposit,9.0,0,Transient,95.2,0,1
City Hotel,0,119,2016,April,15,4,1,3,2,0.0,0,BB,FRA,Offline TA/TO,TA/TO,0,0,0,A,D,0,No Deposit,28.0,0,Transient-Party,71.0,0,1
City Hotel,0,124,2016,April,15,4,1,3,2,0.0,0,HB,PRT,Groups,TA/TO,0,0,0,A,A,0,No Deposit,1.0,0,Transient-Party,90.0,0,1
City Hotel,0,119,2016,April,15,4,1,3,2,0.0,0,BB,FRA,Offline TA/TO,TA/TO,0,0,0,A,D,0,No Deposit,28.0,0,Transient-Party,71.0,0,1
City Hotel,0,124,2016,April,15,4,1,3,2,0.0,0,HB,PRT,Groups,TA/TO,0,0,0,A,A,0,No Deposit,1.0,0,Transient-Party,90.0,0,1
City Hotel,0,86,2016,April,15,5,0,3,2,0.0,0,BB,GBR,Online TA,TA/TO,0,0,0,A,A,0,No Deposit,9.0,0,Transient,90.3,0,1
City Hotel,0,70,2016,April,15,4,1,3,2,0.0,0,BB,GBR,Online TA,TA/TO,0,0,0,A,A,0,No Deposit,9.0,0,Transient-Party,90.95,0,2
City Hotel,0,11,2016,April,15,7,0,1,2,0.0,0,BB,RUS,Offline TA/TO,TA/TO,0,0,0,D,D,0,No Deposit,86.0,0,Transient,92.8,0,0
City Hotel,0,2,2016,April,15,7,0,1,2,0.0,0,BB,BEL,Online TA,TA/TO,0,0,0,A,A,0,No Deposit,9.0,0,Transient,101.0,0,1
City Hotel,0,86,2016,April,15,5,0,3,2,0.0,0,SC,PRT,Online TA,TA/TO,0,0,0,A,A,0,No Deposit,9.0,0,Transient,79.5,0,1
City Hotel,0,6,2016,April,15,7,0,1,2,0.0,0,BB,FRA,Direct,Direct,0,0,0,A,A,0,No Deposit,,0,Transient,89.0,0,0
City Hotel,0,64,2016,April,15,4,1,3,2,0.0,0,BB,BEL,Online TA,TA/TO,0,0,0,A,A,0,No Deposit,9.0,0,Transient-Party,99.45,0,1
City Hotel,0,62,2016,April,15,3,2,3,2,0.0,0,BB,FRA,Offline TA/TO,TA/TO,0,0,0,A,D,0,No Deposit,28.0,0,Transient-Party,76.0,0,1
City Hotel,0,64,2016,April,15,8,0,1,2,0.0,0,SC,USA,Online TA,TA/TO,0,0,0,A,A,0,No Deposit,9.0,0,Transient,94.5,0,1
City Hotel,0,67,2016,April,15,3,2,4,2,0.0,0,SC,PRT,Online TA,TA/TO,0,0,0,A,A,0,No Deposit,9.0,0,Transient,80.75,0,0
City Hotel,0,70,2016,April,15,6,0,3,2,0.0,0,SC,BEL,Online TA,TA/TO,0,0,0,A,A,0,No Deposit,9.0,0,Transient,85.5,0,1
City Hotel,0,82,2016,April,15,3,2,4,2,0.0,0,BB,DEU,Online TA,TA/TO,0,0,0,A,A,0,No Deposit,9.0,0,Transient,83.87,0,2
City Hotel,0,83,2016,April,15,7,0,2,2,0.0,0,BB,DEU,Online TA,TA/TO,0,0,0,A,A,0,No Deposit,9.0,0,Transient,96.3,0,1
City Hotel,0,75,2016,April,15,4,1,4,2,0.0,0,BB,BEL,Online TA,TA/TO,0,0,0,A,A,0,No Deposit,9.0,0,Transient-Party,87.55,0,1
City Hotel,0,75,2016,April,15,4,1,4,2,0.0,0,BB,BEL,Online TA,TA/TO,0,0,0,A,A,0,No Deposit,9.0,0,Transient-Party,87.55,0,1
City Hotel,0,90,2016,April,15,8,0,1,2,0.0,0,SC,DEU,Online TA,TA/TO,0,0,0,A,A,0,No Deposit,9.0,0,Transient,85.5,1,1
City Hotel,0,0,2016,April,15,8,0,1,2,0.0,0,SC,BRA,Online TA,TA/TO,0,0,0,A,A,0,No Deposit,152.0,0,Transient,53.3,0,0
City Hotel,0,0,2016,April,15,8,0,1,2,0.0,0,SC,PRT,Online TA,TA/TO,0,0,0,A,A,0,No Deposit,9.0,0,Transient,89.0,0,1
City Hotel,0,9,2016,April,15,6,0,3,2,0.0,0,BB,TUR,Online TA,TA/TO,0,0,0,D,D,0,No Deposit,9.0,0,Transient,129.33,0,0
City Hotel,0,18,2016,April,15,8,0,1,2,0.0,0,SC,DEU,Online TA,TA/TO,0,0,0,A,A,0,No Deposit,9.0,0,Transient,89.0,0,1
City Hotel,0,33,2016,April,15,3,2,4,2,0.0,0,BB,PRT,Online TA,TA/TO,0,0,0,D,D,0,No Deposit,9.0,0,Transient,135.9,0,1
City Hotel,0,5,2016,April,15,8,0,1,2,0.0,0,BB,FRA,Direct,Direct,0,0,0,A,A,0,No Deposit,14.0,0,Transient,108.0,1,0
City Hotel,0,0,2016,April,15,7,0,2,2,0.0,0,SC,NLD,Online TA,TA/TO,0,0,0,A,A,0,No Deposit,9.0,0,Transient,89.0,0,1
City Hotel,0,13,2016,April,15,8,0,1,2,0.0,0,BB,CHN,Online TA,TA/TO,0,0,0,A,A,0,No Deposit,9.0,0,Transient,101.0,0,1
City Hotel,0,4,2016,April,15,7,0,2,2,0.0,0,BB,GBR,Online TA,TA/TO,0,0,0,A,A,0,No Deposit,9.0,0,Transient,101.0,0,1
City Hotel,0,85,2016,April,15,7,0,2,2,0.0,0,BB,FRA,Online TA,TA/TO,0,0,0,A,A,1,No Deposit,9.0,0,Transient,95.5,1,1
City Hotel,0,62,2016,April,15,7,0,2,2,0.0,0,SC,ESP,Online TA,TA/TO,0,0,0,A,A,0,No Deposit,9.0,0,Transient,103.5,1,0
City Hotel,0,83,2016,April,15,5,0,4,2,0.0,0,BB,FRA,Online TA,TA/TO,0,0,0,A,A,0,No Deposit,9.0,0,Transient,84.58,0,1
City Hotel,0,58,2016,April,15,7,0,2,2,0.0,0,BB,ARG,Online TA,TA/TO,0,0,0,A,A,0,No Deposit,9.0,0,Transient,105.3,0,1
City Hotel,0,0,2016,April,15,8,0,1,2,0.0,0,BB,PRT,Direct,Direct,0,0,0,A,A,0,No Deposit,,0,Transient,89.0,0,0
City Hotel,0,36,2016,April,15,8,0,1,2,0.0,0,BB,FRA,Online TA,TA/TO,0,0,0,F,B,1,No Deposit,9.0,0,Transient-Party,103.95,1,0
City Hotel,0,33,2016,April,15,5,0,4,2,0.0,0,BB,DEU,Offline TA/TO,TA/TO,0,0,0,A,A,0,No Deposit,27.0,0,Transient,85.5,0,0
City Hotel,0,1,2016,April,15,8,0,1,2,0.0,0,BB,PRT,Online TA,TA/TO,0,0,0,A,A,0,No Deposit,9.0,0,Transient,101.0,0,1
City Hotel,0,8,2016,April,15,5,0,4,2,0.0,0,BB,DEU,Online TA,TA/TO,0,0,0,D,D,0,No Deposit,7.0,0,Transient,92.17,0,2
City Hotel,0,62,2016,April,15,5,0,4,2,0.0,0,BB,FRA,Online TA,TA/TO,0,0,0,A,A,0,No Deposit,9.0,0,Transient,99.45,0,1
City Hotel,0,1,2016,April,15,8,0,1,2,0.0,0,BB,CHE,Online TA,TA/TO,0,0,0,A,A,0,No Deposit,9.0,0,Transient,101.0,0,1
City Hotel,0,30,2016,April,15,6,0,3,2,0.0,0,BB,CHE,Online TA,TA/TO,0,0,0,E,E,0,No Deposit,11.0,0,Transient,110.8,0,0
City Hotel,0,75,2016,April,15,5,0,4,2,0.0,0,BB,DEU,Online TA,TA/TO,0,0,0,A,A,0,No Deposit,9.0,0,Transient,88.83,0,0
City Hotel,0,7,2016,April,15,7,0,2,2,0.0,0,BB,FRA,Online TA,TA/TO,0,0,0,D,D,0,No Deposit,9.0,0,Transient,116.0,0,1
City Hotel,0,66,2016,April,15,8,0,1,2,0.0,0,BB,GBR,Online TA,TA/TO,0,0,0,D,D,0,No Deposit,9.0,0,Transient,118.8,0,2
City Hotel,0,43,2016,April,15,8,0,1,2,0.0,0,BB,GBR,Online TA,TA/TO,0,0,0,A,A,0,No Deposit,9.0,0,Transient,117.9,0,1
City Hotel,0,1,2016,April,15,8,0,1,2,0.0,0,SC,PRT,Online TA,TA/TO,0,0,0,A,A,0,No Deposit,9.0,0,Transient,89.0,0,1
City Hotel,0,23,2016,April,15,8,0,1,2,0.0,0,SC,POL,Online TA,TA/TO,0,0,0,A,A,0,No Deposit,9.0,0,Transient,98.0,0,0
City Hotel,0,86,2016,April,15,6,0,3,2,0.0,0,BB,NLD,Online TA,TA/TO,0,0,0,D,D,0,No Deposit,9.0,0,Transient,99.3,0,1
City Hotel,0,16,2016,April,15,9,0,1,2,0.0,0,BB,FRA,Online TA,TA/TO,0,0,0,D,D,0,No Deposit,9.0,0,Transient,146.0,0,0
City Hotel,0,79,2016,April,15,4,1,5,2,0.0,0,BB,ZAF,Online TA,TA/TO,0,0,0,A,A,0,No Deposit,7.0,0,Transient,67.85,0,1
City Hotel,0,3,2016,April,15,8,0,2,2,0.0,0,SC,AUT,Online TA,TA/TO,0,0,0,A,A,0,No Deposit,9.0,0,Transient,104.0,0,1
City Hotel,0,71,2016,April,15,6,0,4,2,0.0,0,BB,TUR,Online TA,TA/TO,0,0,0,D,D,0,No Deposit,9.0,0,Transient,105.83,0,1
City Hotel,0,115,2016,April,15,8,0,2,2,0.0,0,BB,FRA,Groups,TA/TO,0,0,0,A,A,0,No Deposit,1.0,34,Transient-Party,65.0,0,1
City Hotel,0,86,2016,April,15,6,0,4,2,0.0,0,BB,FRA,Online TA,TA/TO,0,0,0,D,D,0,No Deposit,9.0,0,Transient,93.08,0,1
City Hotel,0,61,2016,April,15,8,0,2,2,0.0,0,BB,ESP,Direct,Direct,0,0,0,D,D,0,No Deposit,14.0,0,Transient,113.4,0,0
City Hotel,0,54,2016,April,15,7,0,3,2,0.0,0,BB,ITA,Online TA,TA/TO,0,0,0,D,D,0,No Deposit,9.0,0,Transient,118.8,0,1
City Hotel,0,61,2016,April,15,7,0,3,2,0.0,0,BB,BEL,Online TA,TA/TO,0,0,0,D,D,0,No Deposit,9.0,0,Transient-Party,118.8,0,0
City Hotel,0,61,2016,April,15,7,0,3,2,0.0,0,BB,BEL,Online TA,TA/TO,0,0,0,D,D,0,No Deposit,9.0,0,Transient-Party,118.8,0,0
City Hotel,0,0,2016,April,15,9,0,1,2,0.0,0,BB,POL,Direct,Direct,0,0,0,A,A,1,No Deposit,,0,Transient,129.0,0,0
City Hotel,0,1,2016,April,15,8,0,2,2,0.0,0,BB,PRT,Offline TA/TO,TA/TO,0,0,0,A,A,0,No Deposit,6.0,0,Transient,0.0,0,0
City Hotel,0,115,2016,April,15,8,0,2,2,0.0,0,BB,FRA,Groups,TA/TO,0,0,0,A,A,0,No Deposit,1.0,34,Transient-Party,65.0,0,1
City Hotel,0,115,2016,April,15,8,0,2,2,0.0,0,BB,FRA,Groups,TA/TO,0,0,0,A,A,0,No Deposit,1.0,34,Transient-Party,65.0,0,1
City Hotel,0,80,2016,April,15,8,0,2,2,0.0,0,BB,DEU,Online TA,TA/TO,0,0,0,A,A,1,No Deposit,9.0,0,Transient-Party,96.3,0,1
City Hotel,0,80,2016,April,15,8,0,2,2,0.0,0,BB,DEU,Online TA,TA/TO,0,0,0,A,A,1,No Deposit,9.0,0,Transient-Party,96.3,0,1
City Hotel,0,80,2016,April,15,8,0,2,2,0.0,0,BB,DEU,Online TA,TA/TO,0,0,0,A,A,1,No Deposit,9.0,0,Transient-Party,96.3,0,1
City Hotel,0,115,2016,April,15,8,0,2,2,0.0,0,BB,FRA,Groups,TA/TO,0,0,0,A,A,0,No Deposit,1.0,34,Transient-Party,65.0,0,1
City Hotel,0,4,2016,April,15,7,0,3,2,0.0,0,BB,FRA,Offline TA/TO,TA/TO,0,0,0,A,A,0,No Deposit,20.0,0,Transient,85.5,0,0
City Hotel,0,78,2016,April,15,6,0,4,2,0.0,0,BB,GBR,Online TA,TA/TO,0,0,0,D,D,1,No Deposit,9.0,0,Transient-Party,108.45,0,1
City Hotel,0,121,2016,April,15,6,0,4,2,0.0,0,BB,FRA,Offline TA/TO,TA/TO,0,0,0,F,F,0,No Deposit,28.0,0,Transient,100.0,0,0
City Hotel,0,53,2016,April,15,7,0,3,2,0.0,0,BB,CHE,Online TA,TA/TO,0,0,0,D,D,0,No Deposit,9.0,0,Transient-Party,137.7,0,0
City Hotel,0,115,2016,April,15,8,0,2,2,0.0,0,BB,FRA,Groups,TA/TO,0,0,0,A,B,1,No Deposit,1.0,34,Transient,65.0,0,1
City Hotel,0,82,2016,April,15,8,0,2,2,0.0,0,SC,FRA,Online TA,TA/TO,0,0,0,A,A,0,No Deposit,9.0,0,Transient,85.5,0,1
City Hotel,0,90,2016,April,15,8,1,2,2,0.0,0,SC,IRL,Online TA,TA/TO,0,0,0,A,A,0,No Deposit,9.0,0,Transient,76.5,0,1
City Hotel,0,73,2016,April,15,7,1,3,2,0.0,0,BB,CHE,Online TA,TA/TO,0,0,0,D,D,0,No Deposit,9.0,0,Transient,107.95,0,1
City Hotel,0,92,2016,April,15,7,1,3,2,0.0,0,BB,DEU,Offline TA/TO,TA/TO,0,0,0,D,D,0,No Deposit,22.0,0,Transient,90.95,0,0
City Hotel,0,134,2016,April,15,9,1,1,2,0.0,0,HB,PRT,Groups,TA/TO,0,0,0,A,A,0,No Deposit,1.0,0,Transient-Party,90.0,0,1
City Hotel,0,134,2016,April,15,9,1,1,2,0.0,0,HB,PRT,Groups,TA/TO,0,0,0,A,A,0,No Deposit,1.0,0,Transient-Party,90.0,0,1
City Hotel,0,134,2016,April,15,9,1,1,2,0.0,0,HB,PRT,Groups,TA/TO,0,0,0,A,A,0,No Deposit,1.0,0,Transient-Party,90.0,0,1
City Hotel,0,134,2016,April,15,9,1,1,2,0.0,0,HB,PRT,Groups,TA/TO,0,0,0,A,A,0,No Deposit,1.0,0,Transient-Party,90.0,0,1
City Hotel,0,134,2016,April,15,9,1,1,2,0.0,0,HB,PRT,Groups,TA/TO,0,0,0,A,A,0,No Deposit,1.0,0,Transient-Party,90.0,0,1
City Hotel,0,134,2016,April,15,9,1,1,2,0.0,0,HB,PRT,Groups,TA/TO,0,0,0,A,A,0,No Deposit,1.0,0,Transient-Party,90.0,0,1
City Hotel,0,82,2016,April,15,9,1,1,2,0.0,0,HB,PRT,Groups,TA/TO,0,0,0,A,A,0,No Deposit,1.0,72,Transient-Party,90.0,0,1
City Hotel,0,134,2016,April,15,9,1,1,2,0.0,0,HB,PRT,Groups,TA/TO,0,0,0,A,A,0,No Deposit,1.0,0,Transient-Party,90.0,0,1
City Hotel,0,159,2016,April,15,9,1,1,2,0.0,0,BB,PRT,Offline TA/TO,TA/TO,0,0,0,A,A,0,No Deposit,3.0,0,Transient-Party,70.0,0,1
City Hotel,0,134,2016,April,15,9,1,1,2,0.0,0,HB,PRT,Groups,TA/TO,0,0,0,A,A,0,No Deposit,1.0,0,Transient-Party,90.0,0,1
City Hotel,0,134,2016,April,15,9,1,1,2,0.0,0,HB,PRT,Groups,TA/TO,0,0,0,A,A,0,No Deposit,1.0,0,Transient-Party,90.0,0,1
City Hotel,0,10,2016,April,15,9,1,1,2,0.0,0,HB,PRT,Groups,TA/TO,0,0,0,A,A,0,No Deposit,1.0,0,Transient-Party,90.0,0,1
City Hotel,0,159,2016,April,15,9,1,1,2,0.0,0,BB,FRA,Offline TA/TO,TA/TO,0,0,0,A,A,0,No Deposit,3.0,0,Transient-Party,70.0,0,1
City Hotel,0,159,2016,April,15,9,1,1,2,0.0,0,BB,FRA,Offline TA/TO,TA/TO,0,0,0,A,D,0,No Deposit,3.0,0,Transient-Party,70.0,0,1
City Hotel,0,159,2016,April,15,9,1,1,2,0.0,0,BB,FRA,Offline TA/TO,TA/TO,0,0,0,A,A,0,No Deposit,3.0,0,Transient-Party,70.0,0,1
City Hotel,0,159,2016,April,15,9,1,1,2,0.0,0,BB,FRA,Offline TA/TO,TA/TO,0,0,0,A,A,0,No Deposit,3.0,0,Transient-Party,70.0,0,1
City Hotel,0,159,2016,April,15,9,1,1,2,0.0,0,BB,FRA,Offline TA/TO,TA/TO,0,0,0,A,A,0,No Deposit,3.0,0,Transient-Party,70.0,0,1
City Hotel,0,134,2016,April,15,9,1,1,2,0.0,0,HB,PRT,Groups,TA/TO,0,0,0,A,A,0,No Deposit,1.0,0,Transient-Party,90.0,0,1
City Hotel,0,10,2016,April,15,9,1,1,2,0.0,0,HB,PRT,Groups,TA/TO,0,0,0,A,A,0,No Deposit,1.0,0,Transient-Party,90.0,0,1
City Hotel,0,159,2016,April,15,9,1,1,2,0.0,0,BB,FRA,Offline TA/TO,TA/TO,0,0,0,A,A,0,No Deposit,3.0,0,Transient-Party,70.0,0,1
City Hotel,0,159,2016,April,15,9,1,1,2,0.0,0,BB,FRA,Offline TA/TO,TA/TO,0,0,0,A,D,0,No Deposit,3.0,0,Transient-Party,70.0,0,1
City Hotel,0,159,2016,April,15,9,1,1,2,0.0,0,BB,FRA,Offline TA/TO,TA/TO,0,0,0,A,A,0,No Deposit,3.0,0,Transient-Party,70.0,0,1
City Hotel,0,159,2016,April,15,9,1,1,2,0.0,0,BB,FRA,Offline TA/TO,TA/TO,0,0,0,A,A,0,No Deposit,3.0,0,Transient-Party,70.0,0,1
City Hotel,0,159,2016,April,15,9,1,1,2,0.0,0,BB,FRA,Offline TA/TO,TA/TO,0,0,0,A,A,0,No Deposit,3.0,0,Transient-Party,70.0,0,1
City Hotel,0,159,2016,April,15,9,1,1,2,0.0,0,BB,FRA,Offline TA/TO,TA/TO,0,0,0,A,A,0,No Deposit,3.0,0,Transient-Party,70.0,0,1
City Hotel,0,159,2016,April,15,9,1,1,2,0.0,0,BB,PRT,Offline TA/TO,TA/TO,0,0,0,A,A,0,No Deposit,3.0,0,Transient-Party,70.0,0,1
City Hotel,0,13,2016,April,15,5,1,5,2,0.0,0,BB,PRT,Online TA,TA/TO,0,0,0,D,D,0,No Deposit,9.0,0,Transient,130.33,0,0
City Hotel,0,159,2016,April,15,9,1,1,2,0.0,0,BB,FRA,Offline TA/TO,TA/TO,0,0,0,A,A,0,No Deposit,3.0,0,Transient-Party,70.0,0,1
City Hotel,0,159,2016,April,15,9,1,1,2,0.0,0,BB,FRA,Offline TA/TO,TA/TO,0,0,0,A,A,0,No Deposit,3.0,0,Transient-Party,70.0,0,1
City Hotel,0,159,2016,April,15,9,1,1,2,0.0,0,BB,FRA,Offline TA/TO,TA/TO,0,0,0,A,A,0,No Deposit,3.0,0,Transient-Party,70.0,0,1
City Hotel,0,88,2016,April,15,8,1,2,2,0.0,0,SC,DEU,Online TA,TA/TO,0,0,0,A,A,0,No Deposit,7.0,0,Transient,58.9,0,1
City Hotel,0,159,2016,April,15,9,1,1,2,0.0,0,BB,FRA,Offline TA/TO,TA/TO,0,0,0,A,A,0,No Deposit,3.0,0,Transient-Party,70.0,0,0
City Hotel,0,31,2016,April,15,9,1,1,2,0.0,0,BB,PRT,Offline TA/TO,TA/TO,0,0,0,A,A,0,No Deposit,3.0,0,Transient-Party,0.0,0,1
City Hotel,0,159,2016,April,15,9,1,1,2,0.0,0,BB,FRA,Offline TA/TO,TA/TO,0,0,0,A,A,0,No Deposit,3.0,0,Transient-Party,70.0,0,1
City Hotel,0,91,2016,April,15,9,1,1,2,0.0,0,SC,NLD,Online TA,TA/TO,0,0,0,A,A,0,No Deposit,7.0,0,Transient,58.9,0,1
City Hotel,0,91,2016,April,15,9,1,1,2,0.0,0,SC,NLD,Online TA,TA/TO,0,0,0,A,A,0,No Deposit,7.0,0,Transient,58.9,0,1
City Hotel,0,159,2016,April,15,9,1,1,2,0.0,0,BB,FRA,Offline TA/TO,TA/TO,0,0,0,A,D,0,No Deposit,3.0,0,Transient-Party,70.0,0,1
City Hotel,0,78,2016,April,15,6,1,4,2,0.0,0,BB,PRT,Online TA,TA/TO,0,0,0,D,D,0,No Deposit,9.0,0,Transient-Party,99.45,0,1
City Hotel,0,159,2016,April,15,9,1,1,2,0.0,0,BB,FRA,Offline TA/TO,TA/TO,0,0,0,A,A,0,No Deposit,3.0,0,Transient-Party,70.0,0,1
City Hotel,0,159,2016,April,15,9,1,1,2,0.0,0,BB,FRA,Offline TA/TO,TA/TO,0,0,0,A,A,0,No Deposit,3.0,0,Transient-Party,70.0,0,1
City Hotel,0,159,2016,April,15,9,1,1,2,0.0,0,BB,PRT,Offline TA/TO,TA/TO,0,0,0,A,A,0,No Deposit,3.0,0,Transient-Party,70.0,0,1
City Hotel,0,69,2016,April,16,10,1,0,2,0.0,0,SC,DEU,Offline TA/TO,TA/TO,0,0,0,A,A,0,No Deposit,85.0,0,Transient,72.25,0,0
City Hotel,0,159,2016,April,15,9,1,1,2,0.0,0,BB,FRA,Offline TA/TO,TA/TO,0,0,0,A,A,0,No Deposit,3.0,0,Transient-Party,70.0,0,1
City Hotel,0,56,2016,April,15,7,1,3,2,0.0,0,BB,FRA,Online TA,TA/TO,0,0,0,D,D,0,No Deposit,9.0,0,Transient,130.05,0,0
City Hotel,0,78,2016,April,15,8,1,2,2,0.0,0,BB,DEU,Online TA,TA/TO,0,0,0,A,A,2,No Deposit,9.0,0,Transient,96.3,0,0
City Hotel,0,6,2016,April,15,8,1,2,2,0.0,0,BB,FRA,Online TA,TA/TO,0,0,0,D,D,0,No Deposit,7.0,0,Transient,101.13,0,1
City Hotel,0,63,2016,April,15,6,1,4,2,0.0,0,BB,GBR,Direct,Direct,0,0,0,E,E,0,No Deposit,14.0,0,Transient,128.35,0,0
City Hotel,0,9,2016,April,15,8,1,2,2,0.0,0,BB,RUS,Online TA,TA/TO,0,0,0,A,A,2,No Deposit,9.0,0,Transient,125.33,1,1
City Hotel,0,87,2016,April,15,7,1,3,2,0.0,0,BB,CHE,Online TA,TA/TO,0,0,0,A,A,0,No Deposit,8.0,0,Transient,82.45,0,1
City Hotel,0,89,2016,April,15,7,1,3,2,0.0,0,BB,GBR,Online TA,TA/TO,0,0,0,A,A,0,No Deposit,7.0,0,Transient,63.49,0,1
City Hotel,0,159,2016,April,15,9,1,1,2,0.0,0,BB,PRT,Offline TA/TO,TA/TO,0,0,0,A,A,0,No Deposit,3.0,0,Transient-Party,70.0,0,1
City Hotel,0,8,2016,April,15,7,1,3,2,0.0,0,BB,ITA,Online TA,TA/TO,0,0,0,A,A,0,No Deposit,9.0,0,Transient,112.5,0,0
City Hotel,0,89,2016,April,15,8,1,2,2,0.0,0,BB,DEU,Online TA,TA/TO,0,0,0,A,A,0,No Deposit,9.0,0,Transient,87.3,0,1
City Hotel,0,26,2016,April,16,11,1,0,2,0.0,0,SC,CN,Online TA,TA/TO,0,0,0,A,A,0,No Deposit,9.0,0,Transient,89.0,0,1
City Hotel,0,7,2016,April,16,10,2,0,2,0.0,0,BB,USA,Online TA,TA/TO,0,0,0,D,D,0,No Deposit,8.0,0,Transient,124.0,0,1
City Hotel,0,89,2016,April,15,9,2,1,2,0.0,0,SC,ITA,Online TA,TA/TO,0,0,0,A,A,1,No Deposit,9.0,0,Transient,79.5,0,0
City Hotel,0,89,2016,April,15,9,2,1,2,0.0,0,SC,ITA,Online TA,TA/TO,0,0,0,A,A,1,No Deposit,9.0,0,Transient,79.5,0,1
City Hotel,0,89,2016,April,15,9,2,1,2,0.0,0,SC,ITA,Online TA,TA/TO,0,0,0,A,A,0,No Deposit,9.0,0,Transient,79.5,0,1
City Hotel,0,89,2016,April,15,9,2,1,2,0.0,0,SC,ITA,Online TA,TA/TO,0,0,0,A,A,1,No Deposit,9.0,0,Transient,79.5,0,1
City Hotel,0,90,2016,April,15,9,2,1,2,0.0,0,BB,FRA,Online TA,TA/TO,0,0,0,A,A,0,No Deposit,9.0,0,Transient,90.3,0,1
City Hotel,0,75,2016,April,15,7,2,3,2,0.0,0,BB,ITA,Online TA,TA/TO,0,0,0,A,A,0,No Deposit,9.0,0,Transient,90.95,0,1
City Hotel,0,89,2016,April,15,9,2,1,2,0.0,0,SC,PRT,Online TA,TA/TO,0,0,0,A,A,1,No Deposit,9.0,0,Transient,79.5,0,0
City Hotel,0,62,2016,April,15,9,2,1,2,0.0,0,BB,ITA,Online TA,TA/TO,0,0,0,D,D,0,No Deposit,9.0,0,Transient,118.8,0,0
City Hotel,0,82,2016,April,15,8,2,2,2,0.0,0,BB,NLD,Online TA,TA/TO,0,0,0,D,D,0,No Deposit,9.0,0,Transient,99.45,0,1
City Hotel,0,71,2016,April,15,8,2,2,2,0.0,0,BB,ITA,Online TA,TA/TO,0,0,0,D,D,0,No Deposit,9.0,0,Transient-Party,107.95,0,0
City Hotel,0,89,2016,April,15,8,2,2,2,0.0,0,BB,FRA,Online TA,TA/TO,0,0,0,D,D,0,No Deposit,7.0,0,Transient,71.67,0,1
City Hotel,0,89,2016,April,15,8,2,2,2,0.0,0,BB,ESP,Online TA,TA/TO,0,0,0,A,A,0,No Deposit,7.0,0,Transient,65.13,0,1
City Hotel,0,71,2016,April,15,8,2,2,2,0.0,0,BB,PRT,Online TA,TA/TO,0,0,0,D,D,0,No Deposit,9.0,0,Transient-Party,107.95,0,0
City Hotel,0,11,2016,April,15,6,2,4,2,0.0,0,BB,DEU,Online TA,TA/TO,0,0,0,D,D,0,No Deposit,9.0,0,Transient,130.33,0,0
City Hotel,0,60,2016,April,15,8,2,2,2,0.0,0,BB,POL,Offline TA/TO,TA/TO,0,0,0,A,D,0,No Deposit,28.0,0,Transient-Party,75.0,0,1
City Hotel,0,82,2016,April,15,7,2,3,2,0.0,0,BB,FRA,Direct,Direct,0,0,0,E,E,0,No Deposit,14.0,0,Transient,119.85,0,1
City Hotel,0,48,2016,April,16,10,2,0,2,0.0,0,BB,NLD,Online TA,TA/TO,0,0,0,D,D,0,No Deposit,9.0,0,Transient,118.8,0,1
City Hotel,0,90,2016,April,16,11,1,0,2,0.0,0,BB,FRA,Online TA,TA/TO,0,0,0,D,E,0,No Deposit,9.0,0,Transient,105.3,0,1
City Hotel,0,73,2016,April,15,9,2,1,2,0.0,0,BB,TWN,Online TA,TA/TO,0,0,0,D,D,0,No Deposit,9.0,0,Transient,115.8,0,1
City Hotel,0,25,2016,April,16,11,1,0,2,0.0,0,BB,PRT,Online TA,TA/TO,0,0,0,A,A,0,No Deposit,8.0,0,Transient,101.0,0,1
City Hotel,0,78,2016,April,15,9,2,1,2,0.0,0,BB,PRT,Online TA,TA/TO,0,0,0,A,A,0,No Deposit,9.0,0,Transient,96.3,0,0
City Hotel,0,1,2016,April,15,8,2,2,2,0.0,0,BB,DEU,Online TA,TA/TO,0,0,0,A,A,0,No Deposit,9.0,0,Transient,116.0,0,1
City Hotel,0,13,2016,April,16,10,2,0,2,0.0,0,BB,PRT,Online TA,TA/TO,0,0,0,A,A,0,No Deposit,9.0,0,Transient,118.0,0,0
City Hotel,0,81,2016,April,16,10,2,0,2,0.0,0,SC,GBR,Online TA,TA/TO,0,0,0,A,A,0,No Deposit,9.0,0,Transient,85.5,0,1
City Hotel,0,4,2016,April,15,8,2,2,2,0.0,0,BB,NLD,Online TA,TA/TO,0,0,0,A,A,0,No Deposit,9.0,0,Transient,112.5,0,1
City Hotel,0,77,2016,April,15,8,2,2,2,0.0,0,BB,BRA,Direct,Direct,0,0,0,A,A,0,No Deposit,14.0,0,Transient,80.75,0,2
City Hotel,0,2,2016,April,16,10,2,0,2,0.0,0,SC,LUX,Online TA,TA/TO,0,0,0,A,A,0,No Deposit,9.0,0,Transient,104.0,0,1
City Hotel,0,65,2016,April,15,8,2,3,2,0.0,0,BB,FRA,Online TA,TA/TO,0,0,0,D,D,0,No Deposit,9.0,0,Transient,112.2,0,1
City Hotel,0,2,2016,April,16,12,0,1,2,0.0,0,SC,DEU,Online TA,TA/TO,0,0,0,A,A,0,No Deposit,9.0,0,Transient,119.0,0,0
City Hotel,0,90,2016,April,15,9,2,2,2,0.0,0,BB,BRA,Online TA,TA/TO,0,0,0,A,A,0,No Deposit,9.0,0,Transient,95.7,1,1
City Hotel,0,14,2016,April,16,11,1,1,2,0.0,0,BB,PRT,Complementary,Direct,0,0,0,A,A,0,No Deposit,,0,Transient,0.0,0,0
City Hotel,0,7,2016,April,16,10,2,1,2,0.0,0,BB,GBR,Online TA,TA/TO,0,0,0,A,A,0,No Deposit,89.0,0,Transient,88.27,0,0
City Hotel,0,68,2016,April,15,6,2,5,2,0.0,0,BB,GBR,Online TA,TA/TO,0,0,0,D,D,0,No Deposit,9.0,0,Transient,112.2,0,1
City Hotel,0,28,2016,April,16,12,0,1,2,0.0,0,SC,CN,Online TA,TA/TO,0,0,0,A,A,0,No Deposit,7.0,0,Transient,80.85,0,1
City Hotel,0,64,2016,April,15,9,2,2,2,0.0,0,HB,PRT,Online TA,TA/TO,0,0,0,D,D,1,No Deposit,9.0,0,Transient,144.5,0,0
City Hotel,0,170,2016,April,15,8,2,3,2,0.0,0,BB,DEU,Offline TA/TO,TA/TO,0,0,0,A,A,0,No Deposit,21.0,0,Transient-Party,78.0,0,0
City Hotel,0,42,2016,April,16,11,1,1,2,0.0,0,SC,PRT,Online TA,TA/TO,0,0,0,A,A,0,No Deposit,9.0,0,Transient,94.5,0,0
City Hotel,0,131,2016,April,16,10,2,1,2,0.0,0,BB,PRT,Direct,Direct,0,0,0,A,A,0,No Deposit,14.0,0,Transient,85.5,0,0
City Hotel,0,54,2016,April,16,10,2,1,2,0.0,0,BB,FRA,Online TA,TA/TO,0,0,0,D,D,0,No Deposit,9.0,0,Transient,118.8,0,2
City Hotel,0,9,2016,April,16,12,0,1,2,0.0,0,BB,FRA,Online TA,TA/TO,0,0,0,A,A,0,No Deposit,9.0,0,Transient,131.0,0,1
City Hotel,0,2,2016,April,16,11,1,1,2,0.0,0,SC,CHN,Online TA,TA/TO,0,0,0,A,A,0,No Deposit,9.0,0,Transient,104.0,0,1
City Hotel,0,2,2016,April,16,11,1,1,2,0.0,0,SC,CHN,Online TA,TA/TO,0,0,0,A,A,0,No Deposit,9.0,0,Transient,104.0,0,1
City Hotel,0,36,2016,April,16,11,1,1,2,0.0,0,BB,FRA,Online TA,TA/TO,0,0,0,A,A,0,No Deposit,9.0,0,Transient,105.3,0,1
City Hotel,0,170,2016,April,15,8,2,3,2,0.0,0,BB,DEU,Offline TA/TO,TA/TO,0,0,0,A,A,0,No Deposit,21.0,0,Transient-Party,78.0,0,0
City Hotel,0,170,2016,April,15,8,2,3,2,0.0,0,BB,DEU,Offline TA/TO,TA/TO,0,0,0,A,A,0,No Deposit,21.0,0,Transient-Party,78.0,0,0
City Hotel,0,87,2016,April,15,9,2,2,2,0.0,0,SC,ARG,Online TA,TA/TO,0,0,0,A,A,0,No Deposit,8.0,0,Transient,80.75,0,2
City Hotel,0,170,2016,April,15,8,2,3,2,0.0,0,BB,DEU,Offline TA/TO,TA/TO,0,0,0,A,A,0,No Deposit,21.0,0,Transient-Party,78.0,0,0
City Hotel,0,170,2016,April,15,8,2,3,2,0.0,0,BB,DEU,Offline TA/TO,TA/TO,0,0,0,A,A,0,No Deposit,21.0,0,Transient-Party,78.0,0,0
City Hotel,0,86,2016,April,15,9,2,2,2,0.0,0,BB,PRT,Offline TA/TO,TA/TO,0,0,0,A,B,1,No Deposit,121.0,0,Transient-Party,80.75,0,1
City Hotel,0,87,2016,April,15,9,2,2,2,0.0,0,SC,ARG,Online TA,TA/TO,0,0,0,A,A,0,No Deposit,8.0,0,Transient,80.75,0,1
City Hotel,0,86,2016,April,15,9,2,2,2,0.0,0,BB,NLD,Offline TA/TO,TA/TO,0,0,0,A,B,1,No Deposit,121.0,0,Transient-Party,80.75,0,1
City Hotel,0,18,2016,April,16,10,2,1,2,0.0,0,BB,FRA,Online TA,TA/TO,0,0,0,A,A,0,No Deposit,11.0,0,Transient,92.76,0,0
City Hotel,0,195,2016,April,16,10,2,1,2,0.0,0,BB,FRA,Offline TA/TO,TA/TO,0,0,0,D,D,0,No Deposit,28.0,0,Group,75.0,0,0
City Hotel,0,0,2016,April,16,11,1,1,2,0.0,0,BB,GBR,Direct,GDS,0,0,0,A,A,0,No Deposit,,0,Transient,114.0,0,0
City Hotel,0,43,2016,April,16,11,1,1,2,0.0,0,SC,FRA,Online TA,TA/TO,0,0,0,A,A,0,No Deposit,9.0,0,Transient,94.5,0,1
City Hotel,0,20,2016,April,15,9,2,2,2,0.0,0,BB,GBR,Online TA,TA/TO,0,0,0,D,D,0,No Deposit,9.0,0,Transient,134.0,0,1
City Hotel,0,55,2016,April,16,12,0,1,2,0.0,0,SC,USA,Online TA,TA/TO,0,0,0,A,A,1,No Deposit,9.0,0,Transient-Party,94.5,0,0
City Hotel,0,55,2016,April,16,12,0,1,2,0.0,0,SC,USA,Online TA,TA/TO,0,0,0,A,A,1,No Deposit,9.0,0,Transient-Party,94.5,0,0
City Hotel,0,1,2016,April,16,12,0,1,2,0.0,0,SC,PRT,Online TA,TA/TO,0,0,0,A,A,0,No Deposit,9.0,0,Transient,119.0,0,1
City Hotel,0,16,2016,April,15,8,2,3,2,0.0,0,BB,PRT,Online TA,TA/TO,0,0,0,D,D,0,No Deposit,15.0,0,Transient,89.22,0,0
City Hotel,0,68,2016,April,16,11,1,2,2,0.0,0,BB,FRA,Offline TA/TO,TA/TO,0,0,0,A,D,1,No Deposit,28.0,0,Transient-Party,75.0,0,1
City Hotel,0,21,2016,April,16,11,1,2,2,0.0,0,BB,FRA,Online TA,TA/TO,0,0,0,D,D,0,No Deposit,9.0,0,Transient,136.0,0,1
City Hotel,0,19,2016,April,16,13,0,1,2,0.0,0,SC,DEU,Online TA,TA/TO,0,0,0,A,A,0,No Deposit,9.0,0,Transient,119.0,0,1
City Hotel,0,76,2016,April,16,10,2,2,2,0.0,0,BB,GBR,Online TA,TA/TO,0,0,0,A,A,1,No Deposit,9.0,0,Transient-Party,90.95,0,1
City Hotel,0,84,2016,April,16,10,2,2,2,0.0,0,SC,GBR,Online TA,TA/TO,0,0,0,A,A,0,No Deposit,11.0,0,Transient,58.14,0,0
City Hotel,0,76,2016,April,16,10,2,2,2,0.0,0,BB,GBR,Online TA,TA/TO,0,0,0,A,A,1,No Deposit,9.0,0,Transient-Party,90.95,0,1
City Hotel,0,85,2016,April,15,7,2,5,2,0.0,0,BB,AUT,Online TA,TA/TO,0,0,0,D,D,0,No Deposit,9.0,0,Transient,97.02,0,2
City Hotel,0,94,2016,April,16,12,0,2,2,0.0,0,BB,USA,Online TA,TA/TO,0,0,0,A,A,0,No Deposit,9.0,0,Transient-Party,96.3,0,1
City Hotel,0,3,2016,October,41,3,1,0,2,0.0,0,BB,PRT,Aviation,Corporate,1,0,1,D,D,0,No Deposit,,0,Transient,110.0,0,0
City Hotel,1,9,2017,April,14,3,1,3,2,0.0,0,BB,PRT,Direct,Corporate,1,1,2,A,A,0,No Deposit,,0,Transient,119.0,0,0
City Hotel,0,94,2016,April,16,12,0,2,2,0.0,0,BB,USA,Online TA,TA/TO,0,0,0,A,A,0,No Deposit,9.0,0,Transient-Party,96.3,0,1
City Hotel,0,94,2016,April,16,12,0,2,2,0.0,0,BB,USA,Online TA,TA/TO,0,0,0,A,A,0,No Deposit,9.0,0,Transient-Party,96.3,0,1
City Hotel,0,36,2016,April,16,12,0,2,2,0.0,0,BB,PRT,Online TA,TA/TO,0,0,0,A,A,0,No Deposit,7.0,0,Transient,81.08,0,1
City Hotel,0,0,2016,April,16,13,0,1,2,0.0,0,BB,PRT,Direct,Direct,0,0,0,A,G,0,No Deposit,,0,Transient,75.65,0,1
City Hotel,0,80,2016,April,16,11,1,2,2,0.0,0,BB,DEU,Offline TA/TO,TA/TO,0,0,0,A,A,0,No Deposit,27.0,0,Transient,80.75,0,0
City Hotel,0,82,2016,April,16,11,1,2,2,0.0,0,BB,DEU,Offline TA/TO,TA/TO,0,0,0,A,A,0,No Deposit,27.0,0,Transient,80.75,0,0
City Hotel,0,14,2016,April,16,13,0,1,2,0.0,0,HB,PRT,Groups,TA/TO,0,0,0,A,A,0,No Deposit,1.0,0,Transient-Party,90.0,0,1
City Hotel,0,138,2016,April,16,13,0,1,2,0.0,0,HB,PRT,Groups,TA/TO,0,0,0,A,A,0,No Deposit,1.0,0,Transient-Party,90.0,0,1
City Hotel,0,0,2016,April,16,13,0,1,2,0.0,0,SC,ESP,Online TA,TA/TO,0,0,0,A,A,0,No Deposit,9.0,0,Transient,89.0,0,1
City Hotel,0,12,2016,April,16,11,1,2,2,0.0,0,BB,FRA,Online TA,TA/TO,0,0,0,D,D,0,No Deposit,9.0,0,Transient,136.0,0,1
City Hotel,0,138,2016,April,16,13,0,1,2,0.0,0,HB,PRT,Groups,TA/TO,0,0,0,A,B,0,No Deposit,1.0,0,Transient-Party,90.0,0,1
City Hotel,0,138,2016,April,16,13,0,1,2,0.0,0,HB,PRT,Groups,TA/TO,0,0,0,A,A,0,No Deposit,1.0,0,Transient-Party,90.0,0,1
City Hotel,0,14,2016,April,16,13,0,1,2,0.0,0,HB,PRT,Groups,TA/TO,0,0,0,A,A,0,No Deposit,1.0,0,Transient-Party,90.0,0,1
City Hotel,0,65,2016,April,16,13,0,1,2,0.0,0,BB,IND,Online TA,TA/TO,0,0,0,A,A,0,No Deposit,9.0,0,Transient,105.3,0,0
City Hotel,0,138,2016,April,16,13,0,1,2,0.0,0,HB,PRT,Groups,TA/TO,0,0,0,A,A,0,No Deposit,1.0,0,Transient-Party,90.0,0,1
City Hotel,0,138,2016,April,16,13,0,1,2,0.0,0,HB,PRT,Groups,TA/TO,0,0,0,A,A,0,No Deposit,1.0,0,Transient-Party,90.0,0,1
City Hotel,0,14,2016,April,16,13,0,1,2,0.0,0,HB,PRT,Groups,TA/TO,0,0,0,A,A,0,No Deposit,1.0,0,Transient-Party,90.0,0,1
City Hotel,0,78,2016,April,16,10,2,2,2,0.0,0,SC,FRA,Online TA,TA/TO,0,0,0,A,A,0,No Deposit,9.0,0,Transient,80.75,0,1
City Hotel,0,138,2016,April,16,13,0,1,2,0.0,0,HB,PRT,Groups,TA/TO,0,0,0,A,A,0,No Deposit,1.0,0,Transient-Party,90.0,0,1
City Hotel,0,134,2016,April,15,9,1,1,2,0.0,0,HB,PRT,Groups,TA/TO,0,0,0,A,A,0,No Deposit,1.0,0,Transient-Party,90.0,0,1
City Hotel,0,138,2016,April,16,13,0,1,2,0.0,0,HB,PRT,Groups,TA/TO,0,0,1,A,A,0,No Deposit,1.0,0,Transient-Party,90.0,0,1
City Hotel,0,30,2016,April,16,12,0,2,2,0.0,0,BB,FRA,Online TA,TA/TO,0,0,0,A,A,0,No Deposit,89.0,0,Transient,75.6,0,0
City Hotel,0,138,2016,April,16,13,0,1,2,0.0,0,HB,PRT,Groups,TA/TO,0,0,0,A,B,0,No Deposit,1.0,0,Transient-Party,90.0,0,1
City Hotel,0,138,2016,April,16,13,0,1,2,0.0,0,HB,PRT,Groups,TA/TO,0,0,0,A,A,0,No Deposit,1.0,0,Transient-Party,90.0,0,1
City Hotel,0,138,2016,April,16,13,0,1,2,0.0,0,HB,PRT,Groups,TA/TO,0,0,0,A,A,0,No Deposit,1.0,0,Transient-Party,90.0,0,1
City Hotel,0,138,2016,April,16,13,0,1,2,0.0,0,HB,PRT,Groups,TA/TO,0,0,0,A,A,0,No Deposit,1.0,0,Transient-Party,90.0,0,1
City Hotel,0,18,2016,April,16,13,0,1,2,0.0,0,BB,DEU,Corporate,Corporate,0,0,0,A,A,0,No Deposit,,0,Transient-Party,129.0,0,0
City Hotel,0,64,2016,April,16,11,1,2,2,0.0,0,BB,FRA,Online TA,TA/TO,0,0,0,A,A,0,No Deposit,9.0,0,Transient,105.3,0,1
City Hotel,0,21,2016,April,16,13,0,1,2,0.0,0,SC,DEU,Online TA,TA/TO,0,0,0,A,A,0,No Deposit,10.0,0,Transient,119.0,0,0
City Hotel,0,26,2016,April,16,13,0,1,2,0.0,0,BB,DEU,Online TA,TA/TO,0,0,0,D,D,0,No Deposit,9.0,0,Transient,126.0,0,0
City Hotel,0,26,2016,April,16,13,0,1,2,0.0,0,BB,PRT,Online TA,TA/TO,0,0,0,D,D,0,No Deposit,9.0,0,Transient,126.0,0,1
City Hotel,0,38,2016,April,16,11,1,2,2,0.0,0,BB,ESP,Direct,Direct,0,0,0,A,A,0,No Deposit,14.0,0,Transient,103.5,1,0
City Hotel,0,52,2016,April,15,9,2,3,2,0.0,0,BB,AUT,Offline TA/TO,TA/TO,0,0,0,A,A,0,No Deposit,27.0,0,Transient,80.75,0,0
City Hotel,0,1,2016,April,16,13,0,1,2,0.0,0,BB,AUT,Online TA,TA/TO,0,0,0,A,B,0,No Deposit,9.0,0,Transient,101.0,1,0
City Hotel,0,49,2016,April,16,10,2,2,2,0.0,0,BB,FRA,Online TA,TA/TO,0,0,0,D,D,0,No Deposit,9.0,0,Transient,112.2,0,1
City Hotel,0,76,2016,April,16,12,0,2,2,0.0,0,BB,CHE,Online TA,TA/TO,0,0,0,A,D,0,No Deposit,9.0,0,Transient,96.3,0,1
City Hotel,0,18,2016,April,16,13,0,1,2,0.0,0,BB,DEU,Corporate,Corporate,0,0,0,A,A,0,No Deposit,,0,Transient-Party,129.0,0,0
City Hotel,0,40,2016,April,16,11,1,2,2,0.0,0,BB,FRA,Online TA,TA/TO,0,0,0,A,A,0,No Deposit,8.0,0,Transient,105.3,0,1
City Hotel,0,69,2016,April,16,10,2,2,2,0.0,0,HB,FRA,Online TA,TA/TO,0,0,0,D,D,3,No Deposit,9.0,0,Transient,117.18,0,1
City Hotel,0,29,2016,April,16,11,1,2,2,0.0,0,BB,FRA,Online TA,TA/TO,0,0,0,A,A,0,No Deposit,9.0,0,Transient,109.2,0,1
City Hotel,0,18,2016,April,16,13,0,1,2,0.0,0,BB,CHE,Corporate,Corporate,0,0,0,A,A,1,No Deposit,,0,Transient-Party,129.0,0,0
City Hotel,0,80,2016,April,16,13,0,1,2,0.0,0,SC,FRA,Online TA,TA/TO,0,0,0,A,A,0,No Deposit,9.0,0,Transient,85.5,0,1
City Hotel,0,18,2016,April,16,12,0,2,2,0.0,0,SC,PRT,Online TA,TA/TO,0,0,0,A,A,0,No Deposit,9.0,0,Transient,119.0,0,1
City Hotel,0,19,2016,April,16,13,0,1,2,0.0,0,SC,DEU,Online TA,TA/TO,0,0,0,A,A,0,No Deposit,9.0,0,Transient,119.0,0,1
City Hotel,0,0,2016,April,16,14,0,0,2,0.0,0,BB,PRT,Complementary,Direct,1,0,0,A,A,0,No Deposit,,0,Transient,0.0,0,0
City Hotel,0,0,2016,April,16,14,0,0,2,0.0,0,BB,PRT,Complementary,Direct,1,0,0,A,A,0,No Deposit,,0,Transient,0.0,0,0
City Hotel,0,58,2016,April,16,12,0,3,2,0.0,0,BB,DEU,Online TA,TA/TO,0,0,0,E,E,0,No Deposit,11.0,0,Transient,100.48,0,0
City Hotel,0,18,2016,April,16,12,0,3,2,0.0,0,BB,FRA,Online TA,TA/TO,0,0,0,A,A,0,No Deposit,9.0,0,Transient,129.67,0,1
City Hotel,0,60,2016,April,16,11,1,3,2,0.0,0,BB,FRA,Online TA,TA/TO,0,0,0,A,A,0,No Deposit,11.0,0,Transient,71.6,0,0
City Hotel,0,95,2016,April,16,14,0,1,2,0.0,0,SC,BRA,Online TA,TA/TO,0,0,0,A,A,0,No Deposit,7.0,0,Transient,65.83,0,1
City Hotel,0,24,2016,April,16,11,1,3,2,0.0,0,BB,CN,Online TA,TA/TO,0,0,0,A,A,0,No Deposit,9.0,0,Transient,108.5,0,1
City Hotel,0,41,2016,April,16,11,1,3,2,0.0,0,BB,DEU,Online TA,TA/TO,0,0,0,A,A,0,No Deposit,9.0,0,Transient,105.3,0,1
City Hotel,0,53,2016,April,16,11,1,3,2,0.0,0,BB,FRA,Online TA,TA/TO,0,0,0,A,A,0,No Deposit,7.0,0,Transient,76.58,0,1
City Hotel,0,58,2016,April,16,11,1,3,2,0.0,0,BB,SWE,Online TA,TA/TO,0,0,0,A,A,0,No Deposit,9.0,0,Transient,99.45,0,0
City Hotel,0,58,2016,April,16,11,1,3,2,0.0,0,BB,SWE,Online TA,TA/TO,0,0,0,A,A,0,No Deposit,9.0,0,Transient,99.45,0,0
City Hotel,0,52,2016,April,16,11,1,3,2,0.0,0,SC,FRA,Online TA,TA/TO,0,0,0,A,A,0,No Deposit,9.0,0,Transient,89.25,0,1
City Hotel,0,45,2016,April,16,13,0,2,2,0.0,0,SC,PRT,Online TA,TA/TO,0,0,0,A,A,0,No Deposit,9.0,0,Transient,94.5,0,1
City Hotel,0,26,2016,April,16,11,1,3,2,0.0,0,BB,FRA,Online TA,TA/TO,0,0,0,D,D,1,No Deposit,9.0,0,Transient,123.5,0,1
City Hotel,0,23,2016,April,16,10,2,3,2,0.0,0,BB,PRT,Online TA,TA/TO,0,0,0,D,D,0,No Deposit,9.0,0,Transient,125.2,0,1
City Hotel,0,82,2016,April,15,9,2,4,2,0.0,0,BB,POL,Online TA,TA/TO,0,0,0,D,D,0,No Deposit,9.0,0,Transient,99.45,0,1
City Hotel,0,28,2016,April,16,12,0,3,2,0.0,0,BB,DEU,Online TA,TA/TO,0,0,0,A,A,0,No Deposit,9.0,0,Transient,113.1,0,0
City Hotel,0,77,2016,April,16,11,1,3,2,0.0,0,BB,FRA,Online TA,TA/TO,0,0,0,A,A,0,No Deposit,9.0,0,Transient,90.95,0,1
City Hotel,0,0,2016,April,16,13,0,2,2,0.0,0,BB,PRT,Online TA,TA/TO,0,0,0,A,G,0,No Deposit,7.0,0,Transient,80.39,0,0
City Hotel,0,93,2016,April,16,12,0,3,2,0.0,0,BB,FRA,Online TA,TA/TO,0,0,0,A,A,0,No Deposit,9.0,0,Transient-Party,96.3,0,3
City Hotel,0,93,2016,April,16,12,0,3,2,0.0,0,BB,FRA,Online TA,TA/TO,0,0,0,A,A,0,No Deposit,9.0,0,Transient-Party,96.3,0,3
City Hotel,0,28,2016,April,16,11,1,3,2,0.0,0,HB,FRA,Online TA,TA/TO,0,0,0,A,A,0,No Deposit,9.0,0,Transient,156.25,1,2
City Hotel,0,28,2016,April,16,11,1,3,2,0.0,0,HB,FRA,Online TA,TA/TO,0,0,0,A,A,0,No Deposit,9.0,0,Transient,147.25,0,1
City Hotel,0,16,2016,April,16,12,0,3,2,0.0,0,BB,GBR,Online TA,TA/TO,0,0,0,D,D,0,No Deposit,9.0,0,Transient,144.67,0,2
City Hotel,0,41,2016,April,16,12,0,3,2,0.0,0,BB,FRA,Online TA,TA/TO,0,0,0,A,A,0,No Deposit,9.0,0,Transient,105.3,0,0
City Hotel,0,50,2016,April,16,11,1,3,2,0.0,0,BB,SWE,Online TA,TA/TO,0,0,0,A,A,0,No Deposit,7.0,0,Transient,72.75,0,1
City Hotel,0,80,2016,April,16,13,0,2,2,0.0,0,BB,FRA,Online TA,TA/TO,0,0,0,A,A,0,No Deposit,9.0,0,Transient,96.3,0,1
City Hotel,0,64,2016,April,16,13,0,2,2,0.0,0,SC,CHN,Online TA,TA/TO,0,0,0,A,A,0,No Deposit,9.0,0,Transient,94.5,0,1
City Hotel,0,66,2016,April,16,13,0,2,2,0.0,0,SC,IRL,Online TA,TA/TO,0,0,0,A,A,0,No Deposit,9.0,0,Transient,94.5,0,0
City Hotel,0,27,2016,April,16,12,0,3,2,0.0,0,BB,DEU,Online TA,TA/TO,0,0,0,D,D,0,No Deposit,9.0,0,Transient,126.0,0,1
City Hotel,0,94,2016,April,16,13,0,2,2,0.0,0,SC,NLD,Online TA,TA/TO,0,0,0,A,A,0,No Deposit,9.0,0,Transient-Party,85.5,0,1
City Hotel,0,94,2016,April,16,13,0,2,2,0.0,0,SC,NLD,Online TA,TA/TO,0,0,0,A,A,0,No Deposit,9.0,0,Transient-Party,85.5,0,1
City Hotel,0,94,2016,April,16,13,0,2,2,0.0,0,SC,NLD,Online TA,TA/TO,0,0,0,A,A,0,No Deposit,9.0,0,Transient-Party,85.5,0,1
City Hotel,0,89,2016,April,16,12,0,3,2,0.0,0,BB,ITA,Online TA,TA/TO,0,0,0,A,A,0,No Deposit,9.0,0,Transient-Party,96.3,0,0
City Hotel,0,89,2016,April,16,12,0,3,2,0.0,0,BB,ITA,Online TA,TA/TO,0,0,0,A,A,0,No Deposit,9.0,0,Transient-Party,96.3,0,1
City Hotel,0,89,2016,April,16,12,0,3,2,0.0,0,BB,ITA,Online TA,TA/TO,0,0,0,A,A,0,No Deposit,9.0,0,Transient-Party,96.3,0,1
City Hotel,0,90,2016,April,16,12,0,3,2,0.0,0,BB,FRA,Online TA,TA/TO,0,0,0,A,A,0,No Deposit,9.0,0,Transient,96.3,0,2
City Hotel,0,48,2016,April,16,11,1,3,2,0.0,0,BB,NLD,Direct,Direct,0,0,0,D,D,0,No Deposit,14.0,0,Transient,107.1,0,0
City Hotel,0,16,2016,April,16,12,0,3,2,0.0,0,BB,GBR,Online TA,TA/TO,0,0,0,D,D,0,No Deposit,7.0,0,Transient,105.82,0,1
City Hotel,0,0,2016,April,16,10,2,3,2,0.0,0,BB,FRA,Offline TA/TO,TA/TO,0,0,0,A,A,0,No Deposit,85.0,0,Transient,80.75,0,0
City Hotel,0,75,2016,April,16,11,1,3,2,0.0,0,BB,FRA,Online TA,TA/TO,0,0,0,A,A,0,No Deposit,9.0,0,Transient,90.95,0,1
City Hotel,0,60,2016,April,16,11,1,3,2,0.0,0,BB,NLD,Online TA,TA/TO,0,0,0,A,A,0,No Deposit,7.0,0,Transient,76.58,0,1
City Hotel,0,3,2016,April,16,13,0,2,2,0.0,0,BB,PRT,Online TA,TA/TO,0,0,0,A,B,0,No Deposit,9.0,0,Transient,116.0,0,1
City Hotel,0,77,2016,April,16,11,1,3,2,0.0,0,BB,GBR,Direct,Direct,0,0,0,D,D,0,No Deposit,14.0,0,Transient-Party,98.6,0,0
City Hotel,0,77,2016,April,16,11,1,3,2,0.0,0,BB,GBR,Direct,Direct,0,0,0,D,D,0,No Deposit,14.0,0,Transient-Party,98.6,0,0
City Hotel,0,34,2016,April,16,11,1,3,2,0.0,0,BB,BEL,Offline TA/TO,TA/TO,0,0,0,E,E,0,No Deposit,83.0,0,Transient,113.04,0,0
City Hotel,0,89,2016,April,16,10,2,3,2,0.0,0,BB,DEU,Online TA,TA/TO,0,0,0,A,A,1,No Deposit,9.0,0,Transient,90.95,0,1
City Hotel,0,21,2016,April,16,13,0,2,2,0.0,0,BB,FRA,Online TA,TA/TO,0,0,0,D,D,0,No Deposit,9.0,0,Transient,144.0,0,1
City Hotel,0,76,2016,April,16,12,0,3,2,0.0,0,BB,FIN,Online TA,TA/TO,0,0,0,A,A,0,No Deposit,11.0,0,Transient,69.33,0,0
City Hotel,0,89,2016,April,16,10,2,3,2,0.0,0,BB,DEU,Online TA,TA/TO,0,0,0,A,A,1,No Deposit,9.0,0,Transient,90.95,0,1
City Hotel,0,95,2016,April,16,14,0,1,2,0.0,0,SC,BRA,Online TA,TA/TO,0,0,0,A,A,0,No Deposit,7.0,0,Transient,65.83,0,1
City Hotel,0,52,2016,April,16,15,0,1,2,0.0,0,BB,CHN,Online TA,TA/TO,0,0,0,D,D,0,No Deposit,9.0,0,Transient,127.8,0,0
City Hotel,0,163,2016,April,15,9,2,5,2,0.0,0,BB,SWE,Online TA,TA/TO,0,0,0,A,B,1,No Deposit,7.0,0,Transient,73.37,0,1
City Hotel,0,163,2016,April,15,9,2,5,2,0.0,0,BB,SWE,Online TA,TA/TO,0,0,0,A,A,1,No Deposit,7.0,0,Transient,73.37,0,1
City Hotel,0,15,2016,April,16,13,0,3,2,0.0,0,SC,DEU,Offline TA/TO,TA/TO,0,0,0,A,A,0,No Deposit,85.0,0,Transient,85.0,0,0
City Hotel,0,91,2016,April,16,13,0,3,2,0.0,0,BB,DEU,Online TA,TA/TO,0,0,0,A,A,0,No Deposit,9.0,0,Transient,96.3,0,0
City Hotel,0,62,2016,April,16,11,1,4,2,0.0,0,BB,GBR,Online TA,TA/TO,0,0,0,D,D,0,No Deposit,9.0,0,Transient,112.2,0,0
City Hotel,0,90,2016,April,16,12,0,4,2,0.0,0,SC,ITA,Online TA,TA/TO,0,0,0,A,A,0,No Deposit,9.0,0,Transient,80.75,0,0
City Hotel,0,1,2016,April,16,15,0,1,2,0.0,0,SC,FRA,Direct,Direct,0,0,0,A,A,0,No Deposit,14.0,0,Transient,98.0,1,0
City Hotel,0,67,2016,April,16,11,1,4,2,0.0,0,BB,ITA,Direct,Direct,0,0,0,D,D,0,No Deposit,14.0,0,Transient,107.1,0,1
City Hotel,0,47,2016,April,16,12,0,4,2,0.0,0,BB,CHE,Online TA,TA/TO,0,0,0,D,D,0,No Deposit,9.0,0,Transient,114.33,0,1
City Hotel,0,152,2016,April,16,12,0,4,2,0.0,0,BB,GBR,Offline TA/TO,TA/TO,0,0,0,A,D,0,No Deposit,28.0,0,Contract,75.0,0,0
City Hotel,0,94,2016,April,16,12,0,4,2,0.0,0,BB,NLD,Online TA,TA/TO,0,0,0,A,A,0,No Deposit,9.0,0,Transient,90.95,0,1
City Hotel,0,122,2016,April,16,15,0,1,2,0.0,0,BB,PRT,Offline TA/TO,TA/TO,0,0,0,A,A,0,No Deposit,151.0,56,Transient-Party,85.0,0,0
City Hotel,0,70,2016,April,16,12,0,4,2,0.0,0,BB,FRA,Offline TA/TO,TA/TO,0,0,0,B,B,0,No Deposit,20.0,0,Transient-Party,95.0,0,0
City Hotel,0,0,2016,April,16,15,0,1,2,0.0,0,BB,DEU,Direct,Direct,0,0,0,A,D,0,No Deposit,,0,Transient,99.0,0,0
City Hotel,0,0,2016,April,16,15,0,1,2,0.0,0,BB,PRT,Direct,Direct,0,0,0,A,A,0,No Deposit,,0,Transient,108.0,0,0
City Hotel,0,6,2016,April,16,15,0,1,2,0.0,0,BB,BRA,Online TA,TA/TO,0,0,0,A,A,0,No Deposit,9.0,0,Transient,131.0,0,1
City Hotel,0,18,2016,April,16,14,0,2,2,0.0,0,BB,SAU,Online TA,TA/TO,0,0,0,A,A,0,No Deposit,9.0,0,Transient,127.0,0,1
City Hotel,0,85,2016,April,16,12,0,4,2,0.0,0,BB,DEU,Online TA,TA/TO,0,0,0,A,A,0,No Deposit,9.0,0,Transient,90.95,0,1
City Hotel,0,72,2016,April,16,11,1,4,2,0.0,0,BB,PRT,Online TA,TA/TO,0,0,0,A,A,0,No Deposit,11.0,0,Transient,79.56,0,0
City Hotel,0,0,2016,April,16,15,0,1,2,0.0,0,BB,PRT,Direct,Direct,0,0,0,A,B,0,No Deposit,,0,Transient,99.0,0,1
City Hotel,0,4,2016,April,16,14,0,2,2,0.0,0,SC,PRT,Online TA,TA/TO,0,0,0,A,D,0,No Deposit,9.0,0,Transient,119.0,0,0
City Hotel,0,0,2016,April,16,14,0,2,2,0.0,0,BB,CRI,Direct,Direct,0,0,0,A,A,0,No Deposit,,0,Transient,98.0,0,0
City Hotel,0,72,2016,April,16,12,0,4,2,0.0,0,BB,PRT,Online TA,TA/TO,0,0,0,A,A,0,No Deposit,9.0,0,Transient,99.45,0,1
City Hotel,0,0,2016,April,16,13,0,3,2,0.0,0,SC,MAR,Online TA,TA/TO,0,0,0,A,D,0,No Deposit,9.0,0,Transient,118.0,1,1
City Hotel,0,93,2016,April,16,15,0,1,2,0.0,0,BB,CZE,Online TA,TA/TO,0,0,0,A,A,1,No Deposit,9.0,0,Transient,90.95,0,0
City Hotel,0,57,2016,April,16,12,0,5,2,0.0,0,BB,FRA,Online TA,TA/TO,0,0,0,D,D,0,No Deposit,9.0,0,Transient,115.6,0,1
City Hotel,0,76,2016,April,16,14,0,3,2,0.0,0,SC,DEU,Online TA,TA/TO,0,0,0,A,A,0,No Deposit,9.0,0,Transient,94.5,0,1
City Hotel,0,90,2016,April,16,13,0,4,2,0.0,0,BB,DEU,Online TA,TA/TO,0,0,0,A,A,0,No Deposit,9.0,0,Transient,90.95,0,1
City Hotel,0,29,2016,April,16,14,0,3,2,0.0,0,SC,FRA,Online TA,TA/TO,0,0,0,A,A,0,No Deposit,9.0,0,Transient,102.0,0,1
City Hotel,0,79,2016,April,16,12,0,5,2,0.0,0,BB,FRA,Online TA,TA/TO,0,0,0,A,A,0,No Deposit,9.0,0,Transient,90.95,0,1
City Hotel,0,77,2016,April,16,15,0,2,2,0.0,0,SC,PRT,Online TA,TA/TO,0,0,0,A,A,0,No Deposit,9.0,0,Transient,94.5,0,1
City Hotel,0,1,2016,April,16,16,0,1,2,0.0,0,SC,IRL,Online TA,TA/TO,0,0,0,A,A,0,No Deposit,9.0,0,Transient,89.0,0,1
City Hotel,0,79,2016,April,16,13,0,4,2,0.0,0,BB,IRL,Online TA,TA/TO,0,0,0,A,A,0,No Deposit,8.0,0,Transient,90.95,0,1
City Hotel,0,0,2016,April,16,15,0,2,2,0.0,0,SC,AUS,Online TA,TA/TO,0,0,0,A,A,0,No Deposit,9.0,0,Transient,89.0,0,1
City Hotel,0,69,2016,April,16,13,0,4,2,0.0,0,BB,ITA,Online TA,TA/TO,0,0,0,A,A,0,No Deposit,9.0,0,Transient,99.45,0,2
City Hotel,0,92,2016,April,16,14,0,3,2,0.0,0,BB,ITA,Online TA,TA/TO,0,0,0,A,A,0,No Deposit,9.0,0,Transient,96.3,0,1
City Hotel,0,4,2016,April,16,14,0,3,2,0.0,0,BB,ARG,Direct,Direct,0,0,0,A,A,2,No Deposit,14.0,0,Transient,110.15,1,0
City Hotel,0,122,2016,April,16,15,0,2,2,0.0,0,BB,PRT,Offline TA/TO,TA/TO,0,0,0,A,A,0,No Deposit,151.0,56,Transient-Party,85.0,0,0
City Hotel,0,29,2016,April,16,14,0,3,2,0.0,0,BB,DEU,Offline TA/TO,TA/TO,0,0,0,D,D,0,No Deposit,168.0,0,Transient,90.95,0,0
City Hotel,0,122,2016,April,16,15,0,2,2,0.0,0,BB,PRT,Offline TA/TO,TA/TO,0,0,0,A,A,0,No Deposit,151.0,56,Transient-Party,85.0,0,0
City Hotel,0,122,2016,April,16,15,0,2,2,0.0,0,BB,PRT,Offline TA/TO,TA/TO,0,0,0,A,A,0,No Deposit,151.0,56,Transient-Party,85.0,0,0
City Hotel,0,122,2016,April,16,15,0,2,2,0.0,0,BB,PRT,Offline TA/TO,TA/TO,0,0,0,A,A,0,No Deposit,151.0,56,Transient-Party,85.0,0,0
City Hotel,0,122,2016,April,16,15,0,2,2,0.0,0,BB,PRT,Offline TA/TO,TA/TO,0,0,0,A,A,0,No Deposit,151.0,56,Transient-Party,85.0,0,0
City Hotel,0,30,2016,April,16,14,0,3,2,0.0,0,BB,FRA,Online TA,TA/TO,0,0,0,A,A,0,No Deposit,9.0,0,Transient,111.3,0,0
City Hotel,0,74,2016,April,16,13,0,4,2,0.0,0,BB,DEU,Online TA,TA/TO,0,0,0,A,A,0,No Deposit,8.0,0,Transient,99.45,0,0
City Hotel,0,122,2016,April,16,15,0,2,2,0.0,0,BB,PRT,Offline TA/TO,TA/TO,0,0,0,A,A,0,No Deposit,151.0,56,Transient-Party,85.0,0,0
City Hotel,0,74,2016,April,16,13,0,4,2,0.0,0,BB,DEU,Online TA,TA/TO,0,0,0,A,A,0,No Deposit,8.0,0,Transient,99.45,0,1
City Hotel,0,122,2016,April,16,15,0,2,2,0.0,0,BB,PRT,Offline TA/TO,TA/TO,0,0,0,A,A,0,No Deposit,151.0,56,Transient-Party,85.0,0,0
City Hotel,0,0,2016,April,16,16,0,1,2,0.0,0,BB,PRT,Online TA,TA/TO,0,0,0,A,A,0,No Deposit,7.0,0,Transient,69.99,0,0
City Hotel,0,72,2016,April,16,14,0,3,2,0.0,0,BB,POL,Online TA,TA/TO,0,0,0,A,A,0,No Deposit,9.0,0,Transient-Party,105.3,0,3
City Hotel,0,7,2016,April,16,15,0,2,2,0.0,0,SC,ESP,Online TA,TA/TO,0,0,0,A,A,0,No Deposit,9.0,0,Transient,119.0,0,1
City Hotel,0,154,2016,April,16,15,0,2,2,0.0,0,BB,GBR,Direct,Direct,0,0,0,E,E,0,No Deposit,,0,Transient,135.0,0,2
City Hotel,0,0,2016,April,16,16,0,1,2,0.0,0,SC,MLI,Online TA,TA/TO,0,0,0,A,A,0,No Deposit,9.0,0,Transient,89.0,0,1
City Hotel,0,74,2016,April,16,13,0,4,2,0.0,0,BB,DEU,Online TA,TA/TO,0,0,0,A,A,0,No Deposit,8.0,0,Transient,99.45,0,1
City Hotel,0,154,2016,April,16,15,0,2,2,0.0,0,BB,GBR,Direct,Direct,0,0,0,E,E,0,No Deposit,,0,Transient,135.0,0,2
City Hotel,0,12,2016,April,16,15,0,2,2,0.0,0,BB,DEU,Online TA,TA/TO,0,0,0,A,A,0,No Deposit,9.0,0,Transient,127.0,0,1
City Hotel,0,8,2016,April,16,14,0,3,2,0.0,0,SC,ESP,Direct,Direct,0,0,0,A,A,0,No Deposit,14.0,0,Transient,115.0,0,1
City Hotel,0,8,2016,April,16,14,0,3,2,0.0,0,SC,ESP,Direct,Direct,0,0,0,A,A,0,No Deposit,14.0,0,Transient,115.0,0,1
City Hotel,0,122,2016,April,16,15,0,2,2,0.0,0,BB,PRT,Offline TA/TO,TA/TO,0,0,0,A,A,2,No Deposit,151.0,56,Transient,40.5,0,0
City Hotel,0,122,2016,April,16,15,0,2,2,0.0,0,BB,ESP,Offline TA/TO,TA/TO,0,0,0,A,A,0,No Deposit,151.0,56,Transient-Party,85.0,0,0
City Hotel,0,122,2016,April,16,15,0,2,2,0.0,0,BB,PRT,Offline TA/TO,TA/TO,0,0,0,A,A,0,No Deposit,151.0,56,Transient-Party,85.0,0,0
City Hotel,0,122,2016,April,16,15,0,2,2,0.0,0,BB,PRT,Offline TA/TO,TA/TO,0,0,0,A,A,0,No Deposit,151.0,56,Transient-Party,85.0,0,0
City Hotel,0,74,2016,April,16,13,0,4,2,0.0,0,BB,DEU,Online TA,TA/TO,0,0,0,A,A,0,No Deposit,8.0,0,Transient,99.45,0,1
City Hotel,0,122,2016,April,16,15,0,2,2,0.0,0,BB,PRT,Offline TA/TO,TA/TO,0,0,0,A,A,0,No Deposit,151.0,56,Transient-Party,85.0,0,0
City Hotel,0,32,2016,April,16,14,0,3,2,0.0,0,BB,DEU,Online TA,TA/TO,0,0,0,A,A,0,No Deposit,9.0,0,Transient,111.3,0,2
City Hotel,0,78,2016,April,16,14,0,3,2,0.0,0,BB,DEU,Online TA,TA/TO,0,0,0,A,A,0,No Deposit,8.0,0,Transient,96.3,0,1
City Hotel,0,72,2016,April,16,14,0,3,2,0.0,0,BB,POL,Online TA,TA/TO,0,0,0,A,A,0,No Deposit,9.0,0,Transient-Party,105.3,0,3
City Hotel,0,0,2016,April,16,16,0,1,2,0.0,0,BB,DEU,Direct,Direct,0,0,0,A,D,0,No Deposit,,0,Transient,99.0,0,0
City Hotel,0,122,2016,April,16,15,0,2,2,0.0,0,BB,PRT,Offline TA/TO,TA/TO,0,0,0,A,D,1,No Deposit,151.0,56,Transient-Party,85.0,0,0
City Hotel,0,122,2016,April,16,15,0,2,2,0.0,0,BB,PRT,Offline TA/TO,TA/TO,0,0,0,A,A,0,No Deposit,151.0,56,Transient-Party,85.0,0,0
City Hotel,0,122,2016,April,16,15,0,2,2,0.0,0,BB,PRT,Offline TA/TO,TA/TO,0,0,0,A,A,0,No Deposit,151.0,56,Transient-Party,85.0,0,0
City Hotel,0,79,2016,April,16,15,0,2,2,0.0,0,BB,ESP,Online TA,TA/TO,0,0,0,A,A,0,No Deposit,9.0,0,Transient-Party,96.3,0,1
City Hotel,0,79,2016,April,16,15,0,2,2,0.0,0,BB,ESP,Online TA,TA/TO,0,0,0,A,A,0,No Deposit,9.0,0,Transient-Party,96.3,0,1
City Hotel,0,122,2016,April,16,15,0,2,2,0.0,0,BB,PRT,Offline TA/TO,TA/TO,0,0,0,A,A,0,No Deposit,151.0,56,Transient-Party,85.0,0,0
City Hotel,0,122,2016,April,16,15,0,2,2,0.0,0,BB,PRT,Offline TA/TO,TA/TO,0,0,0,A,A,0,No Deposit,151.0,56,Transient-Party,85.0,0,0
City Hotel,0,85,2016,April,16,11,1,5,2,0.0,0,BB,GBR,Offline TA/TO,TA/TO,0,0,0,A,A,0,No Deposit,79.0,0,Transient,72.76,0,0
City Hotel,0,122,2016,April,16,15,0,2,2,0.0,0,BB,PRT,Offline TA/TO,TA/TO,0,0,0,A,A,0,No Deposit,151.0,56,Transient-Party,94.0,0,0
City Hotel,0,77,2016,April,16,14,0,3,2,0.0,0,BB,GBR,Online TA,TA/TO,0,0,0,A,A,0,No Deposit,9.0,0,Transient,96.3,0,1
City Hotel,0,5,2016,April,16,16,0,1,2,0.0,0,BB,IND,Direct,Direct,0,0,0,A,A,0,No Deposit,14.0,0,Transient,129.0,0,0
City Hotel,0,133,2016,April,16,14,0,3,2,0.0,0,BB,FRA,Offline TA/TO,TA/TO,0,0,0,A,D,0,No Deposit,28.0,0,Transient,80.0,0,0
City Hotel,0,122,2016,April,16,15,0,2,2,0.0,0,BB,PRT,Offline TA/TO,TA/TO,0,0,0,A,A,0,No Deposit,151.0,56,Transient-Party,85.0,0,0
City Hotel,0,122,2016,April,16,15,0,2,2,0.0,0,BB,PRT,Offline TA/TO,TA/TO,0,0,0,A,A,0,No Deposit,151.0,56,Transient-Party,85.0,0,0
City Hotel,0,77,2016,April,16,13,0,4,2,0.0,0,BB,DEU,Online TA,TA/TO,0,0,0,A,C,0,No Deposit,9.0,0,Transient,90.95,0,0
City Hotel,0,14,2016,April,16,15,0,2,2,0.0,0,BB,USA,Online TA,TA/TO,0,0,0,D,D,0,No Deposit,9.0,0,Transient,142.0,0,1
City Hotel,0,1,2016,April,16,16,0,1,2,0.0,0,SC,MAR,Online TA,Direct,0,0,0,A,A,0,No Deposit,,0,Transient,89.0,1,1
City Hotel,0,1,2016,April,16,12,0,5,2,0.0,0,HB,PRT,Offline TA/TO,TA/TO,0,0,0,A,A,0,No Deposit,20.0,0,Transient,120.0,0,0
City Hotel,0,11,2016,April,16,15,0,2,2,0.0,0,SC,DEU,Online TA,TA/TO,0,0,0,A,A,0,No Deposit,9.0,0,Transient,115.0,0,0
City Hotel,0,77,2016,April,16,13,1,4,2,0.0,0,BB,AUT,Online TA,TA/TO,0,0,0,A,A,0,No Deposit,9.0,0,Transient,75.16,0,1
City Hotel,0,199,2016,April,16,14,1,3,2,0.0,0,BB,DEU,Online TA,TA/TO,0,0,0,A,A,0,No Deposit,9.0,0,Contract,106.2,0,1
City Hotel,0,54,2016,April,16,11,2,5,2,0.0,0,BB,CHE,Online TA,TA/TO,0,0,0,D,D,0,No Deposit,9.0,0,Transient,114.63,0,0
City Hotel,0,88,2016,April,16,14,1,3,2,0.0,0,BB,ITA,Direct,Direct,0,0,0,A,A,0,No Deposit,14.0,0,Transient-Party,80.75,0,0
City Hotel,0,33,2016,April,16,14,1,3,2,0.0,0,SC,ITA,Online TA,TA/TO,0,0,0,A,A,0,No Deposit,9.0,0,Transient,99.0,0,0
City Hotel,0,70,2016,April,16,14,1,3,2,0.0,0,SC,FRA,Online TA,TA/TO,0,0,0,A,A,2,No Deposit,9.0,0,Transient,90.56,0,1
City Hotel,0,23,2016,April,16,16,1,1,2,0.0,0,BB,PRT,Online TA,TA/TO,0,0,0,D,D,0,No Deposit,9.0,0,Transient,129.0,0,1
City Hotel,0,130,2016,April,16,15,1,2,2,0.0,0,BB,FRA,Offline TA/TO,TA/TO,0,0,0,A,D,0,No Deposit,28.0,0,Transient,71.0,0,0
City Hotel,0,79,2016,April,16,12,1,5,2,0.0,0,BB,FRA,Direct,Direct,0,0,0,A,A,0,No Deposit,14.0,0,Transient,85.5,0,0
City Hotel,0,24,2016,April,16,15,1,2,2,0.0,0,BB,SWE,Online TA,TA/TO,0,0,0,A,A,0,No Deposit,9.0,0,Transient,118.33,0,1
City Hotel,0,94,2016,April,16,15,1,2,2,0.0,0,BB,FRA,Online TA,TA/TO,0,0,0,D,D,0,No Deposit,7.0,0,Transient,90.08,0,0
City Hotel,0,94,2016,April,16,15,1,2,2,0.0,0,BB,FRA,Online TA,TA/TO,0,0,0,D,D,0,No Deposit,7.0,0,Transient,81.08,0,1
City Hotel,0,90,2016,April,16,15,1,2,2,0.0,0,BB,ESP,Online TA,TA/TO,0,0,0,D,D,0,No Deposit,9.0,0,Transient,114.3,1,1
City Hotel,0,3,2016,April,17,17,1,0,2,0.0,0,SC,FRA,Online TA,TA/TO,0,0,0,A,A,0,No Deposit,9.0,0,Transient,89.0,0,0
City Hotel,0,3,2016,April,17,17,1,0,2,0.0,0,SC,FRA,Online TA,TA/TO,0,0,0,A,A,0,No Deposit,9.0,0,Transient,89.0,0,0
City Hotel,0,90,2016,April,16,15,1,2,2,0.0,0,BB,CHE,Online TA,TA/TO,0,0,0,A,A,0,No Deposit,9.0,0,Transient,96.3,0,1
City Hotel,0,77,2016,April,16,15,1,2,2,0.0,0,SC,FRA,Online TA,TA/TO,0,0,0,A,A,0,No Deposit,11.0,0,Transient,68.04,0,1
City Hotel,0,77,2016,April,16,15,1,2,2,0.0,0,SC,FRA,Online TA,TA/TO,0,0,0,A,A,0,No Deposit,11.0,0,Transient,68.04,0,1
City Hotel,0,15,2016,April,16,15,1,2,2,0.0,0,BB,BEL,Online TA,TA/TO,0,0,0,A,A,0,No Deposit,9.0,0,Transient,118.33,0,1
City Hotel,0,5,2016,April,16,14,1,3,2,0.0,0,BB,CHE,Online TA,TA/TO,0,0,0,D,D,0,No Deposit,9.0,0,Transient,138.5,0,1
City Hotel,0,4,2016,April,16,15,1,2,2,0.0,0,BB,PRT,Online TA,TA/TO,0,0,0,A,A,0,No Deposit,7.0,0,Transient,93.17,0,1
City Hotel,0,0,2016,April,16,15,1,2,2,0.0,0,SC,GBR,Online TA,TA/TO,0,0,0,A,A,0,No Deposit,9.0,0,Transient,89.0,0,0
City Hotel,0,0,2016,April,16,15,1,2,2,0.0,0,BB,ESP,Online TA,TA/TO,0,0,0,A,A,0,No Deposit,9.0,0,Transient,101.0,0,1
City Hotel,0,1,2016,April,16,16,1,1,2,0.0,0,BB,USA,Online TA,TA/TO,0,0,0,A,A,0,No Deposit,7.0,0,Transient,77.77,0,1
City Hotel,0,32,2016,April,16,16,1,1,2,0.0,0,BB,GBR,Online TA,TA/TO,0,0,0,A,D,0,No Deposit,8.0,0,Transient,109.8,0,1
City Hotel,0,1,2016,April,17,17,1,0,2,0.0,0,SC,ARE,Online TA,TA/TO,0,0,0,A,A,0,No Deposit,9.0,0,Transient,89.0,0,2
City Hotel,0,1,2016,April,17,17,1,0,2,0.0,0,SC,ARE,Online TA,TA/TO,0,0,0,A,A,0,No Deposit,9.0,0,Transient,89.0,0,2
City Hotel,0,60,2016,April,17,17,1,0,2,0.0,0,SC,PRT,Online TA,TA/TO,0,0,0,A,A,0,No Deposit,9.0,0,Transient,94.5,0,0
City Hotel,0,93,2016,April,16,14,1,3,2,0.0,0,BB,FRA,Direct,Direct,0,0,0,A,A,0,No Deposit,14.0,0,Transient,80.75,0,1
City Hotel,0,0,2016,April,16,15,1,2,2,0.0,0,SC,GBR,Online TA,TA/TO,0,0,0,A,A,0,No Deposit,9.0,0,Transient,89.0,0,0
City Hotel,0,28,2016,April,16,16,1,1,2,0.0,0,BB,PRT,Online TA,TA/TO,0,0,0,A,A,0,No Deposit,9.0,0,Transient,114.0,0,1
City Hotel,0,0,2016,April,16,15,1,2,2,0.0,0,SC,GBR,Online TA,TA/TO,0,0,0,A,A,0,No Deposit,9.0,0,Transient,89.0,0,0
City Hotel,0,6,2016,April,16,16,1,1,2,0.0,0,BB,BGD,Online TA,TA/TO,0,0,0,A,A,0,No Deposit,9.0,0,Transient,116.0,0,0
City Hotel,0,53,2016,April,16,13,1,4,2,0.0,0,BB,BEL,Direct,Direct,0,0,0,E,E,0,No Deposit,14.0,0,Transient,140.75,1,0
City Hotel,0,79,2016,April,16,15,1,2,2,0.0,0,BB,PRT,Online TA,TA/TO,0,0,0,A,G,0,No Deposit,9.0,0,Transient,96.3,0,3
City Hotel,0,2,2016,April,16,16,2,1,2,0.0,0,BB,CHE,Direct,Direct,0,0,0,A,D,0,No Deposit,,0,Transient,109.0,0,1
City Hotel,0,40,2016,April,17,18,1,0,2,0.0,0,BB,USA,Online TA,TA/TO,0,0,0,D,D,0,No Deposit,9.0,0,Transient,109.8,0,0
City Hotel,0,94,2016,April,16,12,2,5,2,0.0,0,BB,FRA,Online TA,TA/TO,0,0,0,A,A,0,No Deposit,7.0,0,Transient,69.1,0,1
City Hotel,0,1,2016,April,17,18,1,0,2,0.0,0,SC,SWE,Online TA,TA/TO,0,0,0,A,A,0,No Deposit,9.0,0,Transient,99.0,0,0
City Hotel,0,84,2016,April,16,14,2,3,2,0.0,0,BB,DEU,Online TA,TA/TO,0,0,0,A,A,0,No Deposit,9.0,0,Transient,90.95,0,0
City Hotel,0,97,2016,April,16,16,2,1,2,0.0,0,BB,FRA,Online TA,TA/TO,0,0,0,D,D,0,No Deposit,9.0,0,Transient-Party,102.3,0,0
City Hotel,0,97,2016,April,16,16,2,1,2,0.0,0,BB,PRT,Online TA,TA/TO,0,0,0,D,D,0,No Deposit,9.0,0,Transient-Party,102.3,0,0
City Hotel,0,97,2016,April,16,16,2,1,2,0.0,0,BB,PRT,Online TA,TA/TO,0,0,0,D,D,0,No Deposit,9.0,0,Transient-Party,102.3,0,0
City Hotel,0,97,2016,April,16,16,2,1,2,0.0,0,BB,PRT,Online TA,TA/TO,0,0,0,D,D,0,No Deposit,9.0,0,Transient-Party,102.3,0,0
City Hotel,0,8,2016,April,17,18,1,0,2,0.0,0,BB,FRA,Online TA,TA/TO,0,0,0,A,A,0,No Deposit,9.0,0,Transient,101.0,0,1
City Hotel,0,2,2016,April,17,17,2,0,2,0.0,0,BB,DEU,Online TA,TA/TO,0,0,0,A,A,0,No Deposit,9.0,0,Transient,101.0,0,1
City Hotel,0,90,2016,April,16,14,2,3,2,0.0,0,BB,DEU,Online TA,TA/TO,0,0,0,A,A,0,No Deposit,9.0,0,Transient,90.95,0,1
City Hotel,0,134,2016,April,16,16,2,1,2,0.0,0,BB,PRT,Offline TA/TO,TA/TO,0,0,0,A,A,0,No Deposit,28.0,0,Transient,80.0,0,0
City Hotel,0,2,2016,April,17,18,1,0,2,0.0,0,SC,PRT,Online TA,TA/TO,0,0,0,A,A,0,No Deposit,9.0,0,Transient,89.0,0,0
City Hotel,0,2,2016,April,17,18,1,0,2,0.0,0,SC,PRT,Online TA,TA/TO,0,0,0,A,A,0,No Deposit,9.0,0,Transient,89.0,0,0
City Hotel,0,75,2016,April,17,17,2,0,2,0.0,0,SC,NLD,Online TA,TA/TO,0,0,0,A,A,0,No Deposit,9.0,0,Transient-Party,90.0,0,0
City Hotel,0,3,2016,April,17,17,2,0,2,0.0,0,BB,EST,Direct,Direct,0,0,0,A,A,0,No Deposit,14.0,0,Transient,75.65,0,0
City Hotel,0,158,2016,April,16,16,2,1,2,0.0,0,BB,PRT,Online TA,TA/TO,0,0,0,B,B,0,No Deposit,7.0,0,Transient,69.92,0,1
City Hotel,0,79,2016,April,16,16,2,1,2,0.0,0,BB,GBR,Online TA,TA/TO,0,0,0,A,A,1,No Deposit,9.0,0,Transient,96.3,0,1
City Hotel,0,16,2016,April,17,17,2,0,2,0.0,0,BB,GBR,Online TA,TA/TO,0,0,0,A,A,0,No Deposit,8.0,0,Transient,101.0,0,2
City Hotel,0,3,2016,April,17,17,2,0,2,0.0,0,BB,EST,Direct,Direct,0,0,0,A,A,0,No Deposit,14.0,0,Transient,84.65,1,0
City Hotel,0,79,2016,April,16,16,2,1,2,0.0,0,BB,GBR,Online TA,TA/TO,0,0,0,A,A,1,No Deposit,9.0,0,Transient,96.3,0,1
City Hotel,0,158,2016,April,16,16,2,1,2,0.0,0,BB,FRA,Online TA,TA/TO,0,0,0,B,B,0,No Deposit,7.0,0,Transient,69.92,0,1
City Hotel,0,29,2016,April,17,17,2,0,2,0.0,0,BB,ITA,Online TA,TA/TO,0,0,0,A,A,0,No Deposit,9.0,0,Transient,95.95,0,1
City Hotel,0,59,2016,April,16,12,2,5,2,0.0,0,BB,PRT,Online TA,TA/TO,0,0,0,D,D,0,No Deposit,9.0,0,Transient,113.41,0,0
City Hotel,0,29,2016,April,17,18,1,0,2,0.0,0,BB,FRA,Online TA,TA/TO,0,0,0,A,A,0,No Deposit,9.0,0,Transient,101.0,0,1
City Hotel,0,48,2016,April,17,17,2,0,2,0.0,0,BB,IRL,Online TA,TA/TO,0,0,0,A,A,0,No Deposit,9.0,0,Transient,100.8,0,2
City Hotel,0,28,2016,April,17,17,2,0,2,0.0,0,BB,ITA,Online TA,TA/TO,0,0,0,A,A,0,No Deposit,9.0,0,Transient,101.0,0,1
City Hotel,0,1,2016,April,17,18,1,0,2,0.0,0,BB,USA,Online TA,TA/TO,0,0,0,A,A,0,No Deposit,9.0,0,Transient,111.0,0,0
City Hotel,0,28,2016,April,17,17,2,0,2,0.0,0,SC,PRT,Online TA,TA/TO,0,0,0,A,A,0,No Deposit,9.0,0,Transient,89.0,0,0
City Hotel,0,17,2016,April,16,14,2,3,2,0.0,0,BB,GBR,Online TA,TA/TO,0,0,0,D,D,0,No Deposit,7.0,0,Transient,96.26,0,1
City Hotel,0,1,2016,April,16,16,2,1,2,0.0,0,SC,CHN,Online TA,TA/TO,0,0,0,A,A,0,No Deposit,9.0,0,Transient,89.0,0,2
City Hotel,0,67,2016,April,16,15,2,2,2,0.0,0,BB,BEL,Direct,Direct,0,0,0,D,D,0,No Deposit,14.0,0,Transient,104.98,0,0
City Hotel,0,0,2016,April,17,18,1,0,2,0.0,0,BB,PRT,Direct,Direct,0,0,0,A,A,0,No Deposit,,0,Transient,118.0,0,0
City Hotel,0,11,2016,April,16,16,2,1,2,0.0,0,BB,PRT,Online TA,TA/TO,0,0,0,A,A,0,No Deposit,9.0,0,Transient,109.67,0,2
City Hotel,0,75,2016,April,17,17,2,0,2,0.0,0,SC,NLD,Online TA,TA/TO,0,0,0,A,A,0,No Deposit,9.0,0,Transient-Party,99.0,0,0
City Hotel,0,95,2016,April,17,17,2,1,2,0.0,0,BB,BEL,Online TA,TA/TO,0,0,0,A,A,0,No Deposit,9.0,0,Transient,90.3,0,1
City Hotel,0,86,2016,April,17,17,2,1,2,0.0,0,BB,GBR,Online TA,TA/TO,0,0,0,A,A,0,No Deposit,9.0,0,Transient,96.3,0,1
City Hotel,0,1,2016,April,16,16,2,2,2,0.0,0,SC,ISR,Online TA,TA/TO,0,0,0,A,A,0,No Deposit,9.0,0,Transient,89.0,0,1
City Hotel,0,0,2016,April,17,19,0,1,2,0.0,0,BB,PRT,Online TA,TA/TO,0,0,0,A,A,0,No Deposit,9.0,0,Transient,111.0,0,0
City Hotel,0,48,2016,April,17,17,2,1,2,0.0,0,SC,PRT,Online TA,TA/TO,0,0,0,A,A,0,No Deposit,9.0,0,Transient,88.5,0,1
City Hotel,0,70,2016,April,17,17,2,1,2,0.0,0,BB,PRT,Online TA,TA/TO,0,0,0,A,A,0,No Deposit,9.0,0,Transient,99.3,0,0
City Hotel,0,2,2016,April,17,17,2,1,2,0.0,0,BB,DEU,Direct,Direct,0,0,0,A,A,1,No Deposit,,0,Transient,99.0,0,0
City Hotel,0,29,2016,April,16,15,2,3,2,0.0,0,BB,FRA,Online TA,TA/TO,0,0,0,A,A,0,No Deposit,9.0,0,Transient,102.8,0,1
City Hotel,0,72,2016,April,16,13,2,5,2,0.0,0,BB,DEU,Direct,Direct,0,0,0,A,A,0,No Deposit,14.0,0,Transient,86.82,0,0
City Hotel,0,26,2016,April,17,18,1,1,2,0.0,0,SC,DEU,Online TA,TA/TO,0,0,0,A,A,0,No Deposit,9.0,0,Transient,89.0,0,1
City Hotel,0,71,2016,April,17,18,1,1,2,0.0,0,SC,FRA,Online TA,TA/TO,0,0,0,A,A,0,No Deposit,9.0,0,Transient,85.5,0,0
City Hotel,0,33,2016,April,17,18,1,1,2,0.0,0,SC,PRT,Online TA,TA/TO,0,0,0,A,A,0,No Deposit,9.0,0,Transient,80.1,0,0
City Hotel,0,73,2016,April,16,16,2,2,2,0.0,0,SC,BRA,Online TA,TA/TO,0,0,0,A,A,0,No Deposit,9.0,0,Transient,85.0,0,2
City Hotel,0,7,2016,April,18,24,1,0,2,0.0,0,SC,BRA,Online TA,TA/TO,0,0,1,A,A,0,No Deposit,9.0,0,Transient,89.0,0,2
City Hotel,0,69,2016,April,17,17,2,1,2,0.0,0,BB,CHE,Online TA,TA/TO,0,0,0,A,A,0,No Deposit,9.0,0,Transient-Party,99.3,0,1
City Hotel,0,69,2016,April,17,17,2,1,2,0.0,0,BB,CHE,Online TA,TA/TO,0,0,0,A,A,0,No Deposit,9.0,0,Transient-Party,99.3,0,0
City Hotel,0,0,2016,April,17,19,0,1,2,0.0,0,BB,USA,Direct,Direct,0,0,0,A,A,0,No Deposit,,0,Transient,109.0,0,0
City Hotel,0,56,2016,April,17,18,1,1,2,0.0,0,SC,CHE,Online TA,TA/TO,0,0,0,A,A,0,No Deposit,9.0,0,Transient,85.5,0,1
City Hotel,0,20,2016,April,17,17,2,1,2,0.0,0,BB,CHE,Online TA,TA/TO,0,0,0,A,A,0,No Deposit,7.0,0,Transient,77.77,0,1
City Hotel,0,52,2016,April,17,18,1,1,2,0.0,0,SC,PRT,Online TA,TA/TO,0,0,0,A,A,0,No Deposit,9.0,0,Transient,85.5,0,0
City Hotel,0,66,2016,April,16,15,2,3,2,0.0,0,BB,CHE,Online TA,TA/TO,0,0,0,D,D,0,No Deposit,9.0,0,Transient-Party,108.8,0,0
City Hotel,0,66,2016,April,16,15,2,3,2,0.0,0,BB,CHE,Online TA,TA/TO,0,0,0,D,D,0,No Deposit,9.0,0,Transient-Party,108.8,0,0
City Hotel,0,1,2016,April,16,16,2,2,2,0.0,0,BB,FRA,Online TA,TA/TO,0,0,0,D,D,0,No Deposit,9.0,0,Transient,116.0,0,1
City Hotel,0,56,2016,April,17,17,2,1,2,0.0,0,BB,PRT,Direct,Direct,0,0,0,A,A,0,No Deposit,14.0,0,Transient,88.5,0,0
City Hotel,0,64,2016,April,17,17,2,1,2,0.0,0,BB,DEU,Online TA,TA/TO,0,0,0,A,A,0,No Deposit,9.0,0,Transient-Party,99.3,0,1
City Hotel,0,64,2016,April,17,17,2,1,2,0.0,0,BB,DEU,Online TA,TA/TO,0,0,0,A,A,0,No Deposit,9.0,0,Transient-Party,99.3,0,1
City Hotel,0,5,2016,April,17,19,0,1,2,0.0,0,SC,NLD,Online TA,TA/TO,0,0,0,A,A,0,No Deposit,9.0,0,Transient,89.0,0,0
City Hotel,0,5,2016,April,17,19,0,1,2,0.0,0,SC,ESP,Online TA,TA/TO,0,0,0,A,A,0,No Deposit,9.0,0,Transient,89.0,0,0
City Hotel,0,5,2016,April,17,19,0,1,2,0.0,0,SC,NLD,Online TA,TA/TO,0,0,0,A,A,0,No Deposit,9.0,0,Transient,89.0,0,0
City Hotel,0,33,2016,April,16,16,2,2,2,0.0,0,BB,PRT,Online TA,TA/TO,0,0,0,A,A,0,No Deposit,9.0,0,Transient,103.05,0,1
City Hotel,0,12,2016,April,17,17,2,1,2,0.0,0,BB,FRA,Online TA,TA/TO,0,0,0,A,A,0,No Deposit,9.0,0,Transient,101.0,0,2
City Hotel,0,64,2016,April,16,15,2,3,2,0.0,0,BB,PRT,Online TA,TA/TO,0,0,0,D,D,0,No Deposit,9.0,0,Transient,112.2,0,0
City Hotel,0,83,2016,April,16,16,2,2,2,0.0,0,BB,GBR,Online TA,TA/TO,0,0,0,D,D,0,No Deposit,9.0,0,Transient,103.7,0,0
City Hotel,0,85,2016,April,17,17,2,1,2,0.0,0,BB,BEL,Online TA,TA/TO,0,0,0,A,A,0,No Deposit,9.0,0,Transient,96.3,0,1
City Hotel,0,38,2016,April,17,17,2,1,2,0.0,0,SC,USA,Online TA,TA/TO,0,0,0,A,A,0,No Deposit,7.0,0,Transient,68.14,0,1
City Hotel,0,25,2016,April,16,15,2,3,2,0.0,0,BB,CN,Online TA,TA/TO,0,0,0,A,A,0,No Deposit,9.0,0,Transient,111.4,0,2
City Hotel,0,3,2016,April,17,19,0,1,2,0.0,0,SC,PRT,Online TA,TA/TO,0,0,0,A,A,0,No Deposit,9.0,0,Transient,89.0,0,2
City Hotel,0,69,2016,April,17,17,2,2,2,0.0,0,BB,BEL,Online TA,TA/TO,0,0,0,D,D,0,No Deposit,9.0,0,Transient,110.08,0,2
City Hotel,0,31,2016,April,17,17,2,2,2,0.0,0,BB,GBR,Online TA,TA/TO,0,0,0,A,A,0,No Deposit,9.0,0,Transient,96.75,0,1
City Hotel,0,31,2016,April,17,17,2,2,2,0.0,0,BB,PRT,Online TA,TA/TO,0,0,0,A,A,0,No Deposit,9.0,0,Transient,96.75,0,2
City Hotel,0,0,2016,April,17,20,0,1,2,0.0,0,BB,PRT,Online TA,TA/TO,0,0,0,A,F,0,No Deposit,7.0,0,Transient,69.99,0,0
City Hotel,0,96,2016,April,17,18,1,2,2,0.0,0,BB,FRA,Online TA,TA/TO,0,0,0,A,A,0,No Deposit,9.0,0,Transient-Party,96.3,1,1
City Hotel,0,86,2016,April,17,17,2,2,2,0.0,0,BB,NOR,Online TA,TA/TO,0,0,0,D,E,0,No Deposit,9.0,0,Transient,107.95,0,1
City Hotel,0,96,2016,April,17,18,1,2,2,0.0,0,BB,FRA,Online TA,TA/TO,0,0,0,A,A,0,No Deposit,9.0,0,Transient-Party,87.3,0,1
City Hotel,0,2,2016,April,17,17,2,2,2,0.0,0,BB,CHE,Offline TA/TO,TA/TO,0,0,0,A,A,0,No Deposit,21.0,0,Transient-Party,72.75,0,0
City Hotel,0,2,2016,April,17,17,2,2,2,0.0,0,BB,DEU,Offline TA/TO,TA/TO,0,0,0,A,A,0,No Deposit,21.0,0,Transient-Party,72.75,0,0
City Hotel,0,2,2016,April,17,17,2,2,2,0.0,0,BB,DEU,Offline TA/TO,TA/TO,0,0,0,A,A,0,No Deposit,21.0,0,Transient-Party,72.75,0,0
City Hotel,0,2,2016,April,17,17,2,2,2,0.0,0,BB,DEU,Offline TA/TO,TA/TO,0,0,0,A,A,0,No Deposit,21.0,0,Transient,72.75,0,0
City Hotel,0,74,2016,April,17,17,2,2,2,0.0,0,BB,FRA,Offline TA/TO,TA/TO,0,0,0,A,A,1,No Deposit,28.0,0,Transient,75.0,0,0
City Hotel,0,3,2016,April,17,20,0,1,2,0.0,0,BB,PRT,Online TA,TA/TO,0,0,0,D,D,0,No Deposit,9.0,0,Transient,116.0,0,1
City Hotel,0,45,2016,April,17,17,2,2,2,0.0,0,SC,PRT,Online TA,TA/TO,0,0,0,A,A,2,No Deposit,9.0,0,Transient,90.88,0,1
City Hotel,0,47,2016,April,17,19,0,2,2,0.0,0,BB,ITA,Online TA,TA/TO,0,0,0,A,A,2,No Deposit,9.0,0,Transient,105.3,0,1
City Hotel,0,29,2016,April,16,16,2,3,2,0.0,0,BB,DEU,Online TA,TA/TO,0,0,0,A,A,0,No Deposit,9.0,0,Transient,102.8,0,1
City Hotel,0,96,2016,April,17,17,2,2,2,0.0,0,BB,BEL,Online TA,TA/TO,0,0,0,A,A,0,No Deposit,9.0,0,Transient,84.58,0,1
City Hotel,0,125,2016,April,17,18,1,2,2,0.0,0,BB,BEL,Offline TA/TO,TA/TO,0,0,0,A,A,0,No Deposit,28.0,0,Transient,71.0,0,1
City Hotel,0,125,2016,April,17,18,1,2,2,0.0,0,BB,BEL,Offline TA/TO,TA/TO,0,0,0,A,A,0,No Deposit,28.0,0,Transient,71.0,0,1
City Hotel,0,96,2016,April,17,17,2,2,2,0.0,0,BB,GBR,Online TA,TA/TO,0,0,0,A,A,0,No Deposit,9.0,0,Transient,84.58,0,1
City Hotel,0,75,2016,April,17,18,1,2,2,0.0,0,SC,BEL,Offline TA/TO,TA/TO,0,0,0,A,D,1,No Deposit,138.0,0,Transient,72.25,0,0
City Hotel,0,100,2016,April,17,17,2,2,2,0.0,0,BB,DEU,Offline TA/TO,TA/TO,0,0,0,A,A,0,No Deposit,27.0,0,Transient-Party,80.75,0,1
City Hotel,0,100,2016,April,17,17,2,2,2,0.0,0,BB,DEU,Offline TA/TO,TA/TO,0,0,0,A,A,0,No Deposit,27.0,0,Transient-Party,80.75,0,1
City Hotel,0,61,2016,April,17,17,2,2,2,0.0,0,BB,NLD,Direct,Direct,0,0,0,E,E,0,No Deposit,14.0,0,Transient,126.23,0,0
City Hotel,0,105,2016,April,17,18,1,2,2,0.0,0,BB,DEU,Offline TA/TO,TA/TO,0,0,0,A,A,0,No Deposit,27.0,0,Transient,80.75,0,0
City Hotel,0,69,2016,April,17,17,2,2,2,0.0,0,BB,FRA,Online TA,TA/TO,0,0,0,D,D,0,No Deposit,9.0,0,Transient,110.08,0,0
City Hotel,0,23,2016,April,17,19,0,2,2,0.0,0,BB,BRA,Online TA,TA/TO,0,0,0,D,D,0,No Deposit,9.0,0,Transient,129.0,0,1
City Hotel,0,33,2016,April,17,18,1,2,2,0.0,0,BB,NLD,Offline TA/TO,TA/TO,0,0,0,A,D,1,No Deposit,159.0,0,Transient,0.0,0,1
City Hotel,0,47,2016,April,16,16,2,3,2,0.0,0,BB,FRA,Offline TA/TO,TA/TO,0,0,0,A,A,0,No Deposit,85.0,0,Transient,85.5,0,0
City Hotel,0,88,2016,April,16,16,2,3,2,0.0,0,BB,FRA,Online TA,TA/TO,0,0,0,A,A,0,No Deposit,9.0,0,Transient,90.95,0,1
City Hotel,0,141,2016,April,17,17,2,2,2,0.0,0,BB,DEU,Offline TA/TO,TA/TO,0,0,0,D,D,0,No Deposit,27.0,0,Transient,80.75,0,0
City Hotel,0,96,2016,April,17,18,1,2,2,0.0,0,BB,FRA,Online TA,TA/TO,0,0,0,A,A,0,No Deposit,9.0,0,Transient-Party,87.3,0,1
City Hotel,0,1,2016,April,17,18,1,2,2,0.0,0,BB,PRT,Online TA,TA/TO,0,0,0,D,E,0,No Deposit,9.0,0,Transient,122.67,0,0
City Hotel,0,47,2016,April,17,18,1,2,2,0.0,0,BB,PRT,Direct,Direct,0,0,0,E,E,0,No Deposit,14.0,0,Transient,132.9,0,1
City Hotel,0,0,2016,April,17,20,0,1,2,0.0,0,BB,PRT,Direct,Direct,0,0,0,A,B,0,No Deposit,,0,Transient,89.0,0,0
City Hotel,0,77,2016,April,17,18,1,2,2,0.0,0,BB,POL,Online TA,TA/TO,0,0,0,D,D,0,No Deposit,9.0,0,Transient-Party,115.8,0,1
City Hotel,0,77,2016,April,17,18,1,2,2,0.0,0,BB,POL,Online TA,TA/TO,0,0,0,D,D,0,No Deposit,9.0,0,Transient-Party,115.8,0,1
City Hotel,0,166,2016,April,17,21,0,0,2,0.0,0,BB,PRT,Online TA,TA/TO,0,0,0,B,A,0,No Deposit,7.0,0,Group,0.0,0,2
City Hotel,0,90,2016,April,17,17,2,3,2,0.0,0,BB,FRA,Direct,Direct,0,0,0,A,A,0,No Deposit,,0,Transient-Party,85.85,0,1
City Hotel,0,100,2016,April,17,18,1,3,2,0.0,0,SC,DEU,Online TA,TA/TO,0,0,0,A,A,0,No Deposit,9.0,0,Transient,72.25,0,1
City Hotel,0,154,2016,April,17,19,0,3,2,0.0,0,BB,GBR,Offline TA/TO,TA/TO,0,0,0,A,D,0,No Deposit,28.0,0,Transient,75.0,0,0
City Hotel,0,74,2016,April,17,17,2,3,2,0.0,0,BB,GBR,Online TA,TA/TO,0,0,0,D,D,0,No Deposit,9.0,0,Transient,121.2,1,2
City Hotel,0,2,2016,April,17,20,0,2,2,0.0,0,BB,DZA,Aviation,Corporate,0,0,0,D,D,0,No Deposit,,0,Transient,110.0,0,0
City Hotel,0,96,2016,April,17,18,1,3,2,0.0,0,BB,DEU,Online TA,TA/TO,0,0,0,A,A,0,No Deposit,9.0,0,Transient,82.45,0,1
City Hotel,0,2,2016,April,17,20,0,2,2,0.0,0,BB,CN,Online TA,TA/TO,0,0,0,A,A,0,No Deposit,,0,Transient,127.0,0,2
City Hotel,0,95,2016,April,17,20,0,2,2,0.0,0,HB,AUT,Groups,TA/TO,0,0,0,A,A,0,No Deposit,35.0,0,Transient-Party,98.0,0,0
City Hotel,0,95,2016,April,17,20,0,2,2,0.0,0,HB,AUT,Groups,TA/TO,0,0,0,A,A,0,No Deposit,35.0,0,Transient-Party,98.0,0,0
City Hotel,0,95,2016,April,17,20,0,2,2,0.0,0,HB,AUT,Groups,TA/TO,0,0,0,A,D,0,No Deposit,35.0,0,Transient-Party,98.0,0,0
City Hotel,0,95,2016,April,17,20,0,2,2,0.0,0,HB,AUT,Groups,TA/TO,0,0,0,A,A,0,No Deposit,35.0,0,Transient-Party,98.0,0,0
City Hotel,0,95,2016,April,17,20,0,2,2,0.0,0,HB,AUT,Groups,TA/TO,0,0,0,A,D,0,No Deposit,35.0,0,Transient-Party,98.0,0,0
City Hotel,0,95,2016,April,17,20,0,2,2,0.0,0,HB,AUT,Groups,TA/TO,0,0,0,A,A,0,No Deposit,35.0,0,Transient-Party,98.0,0,0
City Hotel,0,95,2016,April,17,20,0,2,2,0.0,0,HB,AUT,Groups,TA/TO,0,0,0,A,B,0,No Deposit,35.0,0,Transient-Party,98.0,0,0
City Hotel,0,95,2016,April,17,20,0,2,2,0.0,0,HB,AUT,Groups,TA/TO,0,0,0,A,A,0,No Deposit,35.0,0,Transient-Party,98.0,0,0
City Hotel,0,95,2016,April,17,20,0,2,2,0.0,0,HB,AUT,Groups,TA/TO,0,0,0,A,B,0,No Deposit,35.0,0,Transient-Party,98.0,0,0
City Hotel,0,95,2016,April,17,20,0,2,2,0.0,0,HB,AUT,Groups,TA/TO,0,0,0,A,A,0,No Deposit,35.0,0,Transient-Party,98.0,0,0
City Hotel,0,95,2016,April,17,20,0,2,2,0.0,0,HB,AUT,Groups,TA/TO,0,0,0,A,D,0,No Deposit,35.0,0,Transient-Party,98.0,0,0
City Hotel,0,95,2016,April,17,20,0,2,2,0.0,0,HB,AUT,Groups,TA/TO,0,0,0,A,B,0,No Deposit,35.0,0,Transient-Party,98.0,0,0
City Hotel,0,95,2016,April,17,20,0,2,2,0.0,0,HB,AUT,Groups,TA/TO,0,0,0,A,A,0,No Deposit,35.0,0,Transient-Party,98.0,0,0
City Hotel,0,95,2016,April,17,20,0,2,2,0.0,0,HB,AUT,Groups,TA/TO,0,0,0,A,D,0,No Deposit,35.0,0,Transient-Party,98.0,0,0
City Hotel,0,95,2016,April,17,20,0,2,2,0.0,0,HB,AUT,Groups,TA/TO,0,0,0,A,B,0,No Deposit,35.0,0,Transient-Party,98.0,0,0
City Hotel,0,95,2016,April,17,20,0,2,2,0.0,0,HB,AUT,Groups,TA/TO,0,0,0,A,A,0,No Deposit,35.0,0,Transient-Party,98.0,0,0
City Hotel,0,95,2016,April,17,20,0,2,2,0.0,0,HB,AUT,Groups,TA/TO,0,0,0,A,D,0,No Deposit,35.0,0,Transient-Party,98.0,0,0
City Hotel,0,90,2016,April,17,19,0,3,2,0.0,0,BB,FRA,Online TA,TA/TO,0,0,0,A,A,0,No Deposit,9.0,0,Transient,105.3,0,1
City Hotel,0,25,2016,April,17,17,2,3,2,0.0,0,BB,UKR,Online TA,TA/TO,0,0,0,A,A,0,No Deposit,9.0,0,Transient,109.4,0,1
City Hotel,0,93,2016,April,17,17,2,3,2,0.0,0,BB,NLD,Online TA,TA/TO,0,0,0,D,D,0,No Deposit,9.0,0,Transient,99.45,0,1
City Hotel,0,60,2016,April,17,18,1,3,2,0.0,0,BB,SVK,Direct,Direct,0,0,0,D,D,2,No Deposit,14.0,0,Transient,98.68,0,0
City Hotel,0,63,2016,April,17,19,0,3,2,0.0,0,BB,PRT,Online TA,TA/TO,0,0,0,D,E,0,No Deposit,9.0,0,Transient,118.8,0,1
City Hotel,0,42,2016,April,17,20,0,2,2,0.0,0,BB,AUT,Offline TA/TO,TA/TO,0,0,0,A,D,0,No Deposit,85.0,0,Transient,94.5,0,0
City Hotel,0,197,2016,April,17,21,0,1,2,0.0,0,BB,IRL,Online TA,TA/TO,0,0,0,A,A,0,No Deposit,7.0,0,Transient,81.77,0,1
City Hotel,0,89,2016,April,17,18,1,3,2,0.0,0,BB,PRT,Online TA,TA/TO,0,0,0,A,A,0,No Deposit,9.0,0,Transient,90.95,0,1
City Hotel,0,100,2016,April,17,18,1,3,2,0.0,0,BB,GBR,Offline TA/TO,TA/TO,0,0,0,A,A,0,No Deposit,79.0,0,Transient,65.96,0,0
City Hotel,0,0,2016,April,17,21,0,1,2,0.0,0,BB,NLD,Direct,Direct,0,0,0,A,A,0,No Deposit,,0,Transient,119.0,1,1
City Hotel,0,69,2016,April,17,18,1,3,2,0.0,0,BB,FRA,Online TA,TA/TO,0,0,0,D,D,0,No Deposit,9.0,0,Transient-Party,110.08,0,1
City Hotel,0,69,2016,April,17,18,1,3,2,0.0,0,BB,FRA,Online TA,TA/TO,0,0,0,D,D,0,No Deposit,9.0,0,Transient-Party,110.08,0,1
City Hotel,0,4,2016,April,17,21,0,1,2,0.0,0,BB,ESP,Online TA,TA/TO,0,0,0,A,A,0,No Deposit,9.0,0,Transient,101.0,0,1
City Hotel,0,100,2016,April,17,19,0,3,2,0.0,0,BB,FRA,Direct,Direct,0,0,0,A,A,0,No Deposit,14.0,0,Transient-Party,76.5,0,0
City Hotel,0,100,2016,April,17,19,0,3,2,0.0,0,BB,FRA,Direct,Direct,0,0,0,A,A,0,No Deposit,14.0,0,Transient-Party,76.5,0,0
City Hotel,0,93,2016,April,17,20,0,2,2,0.0,0,BB,CHE,Online TA,TA/TO,0,0,0,A,A,0,No Deposit,9.0,0,Transient,96.3,0,1
City Hotel,0,68,2016,April,17,17,2,3,2,0.0,0,BB,FRA,Offline TA/TO,TA/TO,0,0,0,D,D,0,No Deposit,85.0,0,Transient,90.95,0,0
City Hotel,0,30,2016,April,17,19,0,3,2,0.0,0,BB,GBR,Online TA,TA/TO,0,0,0,A,A,0,No Deposit,9.0,0,Transient,103.5,0,0
City Hotel,0,39,2016,April,17,21,0,1,2,0.0,0,BB,FRA,Online TA,TA/TO,0,0,0,D,E,0,No Deposit,9.0,0,Transient,118.8,0,1
City Hotel,0,3,2016,April,17,21,0,1,2,0.0,0,BB,PRT,Online TA,TA/TO,0,0,0,A,A,0,No Deposit,9.0,0,Transient,110.0,1,0
City Hotel,0,0,2016,April,17,19,0,3,2,0.0,0,BB,CN,Online TA,TA/TO,0,0,0,D,D,0,No Deposit,7.0,0,Transient,70.03,0,0
City Hotel,0,194,2016,April,17,17,2,3,2,0.0,0,BB,DEU,Online TA,TA/TO,0,0,0,A,A,0,No Deposit,7.0,0,Transient,77.23,0,2
City Hotel,0,194,2016,April,17,17,2,3,2,0.0,0,BB,DEU,Online TA,TA/TO,0,0,0,A,A,0,No Deposit,7.0,0,Transient,77.23,0,2
City Hotel,0,2,2016,April,17,21,0,1,2,0.0,0,BB,PRT,Online TA,TA/TO,0,0,0,A,A,0,No Deposit,9.0,0,Transient,101.0,0,1
City Hotel,0,15,2016,April,17,20,0,2,2,0.0,0,BB,PRT,Online TA,TA/TO,0,0,0,D,D,0,No Deposit,9.0,0,Transient,137.0,0,1
City Hotel,0,26,2016,April,17,21,0,1,2,0.0,0,BB,GBR,Online TA,TA/TO,0,0,0,A,A,0,No Deposit,9.0,0,Transient,117.0,0,1
City Hotel,0,3,2016,April,17,21,0,1,2,0.0,0,BB,PRT,Online TA,TA/TO,0,0,0,A,B,0,No Deposit,9.0,0,Transient,101.0,0,2
City Hotel,0,25,2016,April,17,20,0,2,2,0.0,0,BB,PRT,Online TA,TA/TO,0,0,0,D,D,0,No Deposit,9.0,0,Transient,137.0,0,1
City Hotel,0,140,2016,April,16,16,2,5,2,0.0,0,BB,PRT,Offline TA/TO,TA/TO,0,0,0,A,A,0,No Deposit,27.0,0,Transient,89.75,1,0
City Hotel,0,191,2016,April,16,16,2,5,2,0.0,0,BB,PRT,Direct,Direct,0,0,0,A,A,0,No Deposit,14.0,0,Transient,95.4,0,0
City Hotel,0,14,2016,April,17,21,0,2,2,0.0,0,SC,BRA,Online TA,TA/TO,0,0,0,A,E,0,No Deposit,9.0,0,Transient,119.0,0,2
City Hotel,0,28,2016,April,17,21,0,2,2,0.0,0,BB,BRA,Online TA,TA/TO,0,0,0,A,A,2,No Deposit,9.0,0,Transient,109.0,0,1
City Hotel,0,18,2016,April,17,18,1,4,2,0.0,0,BB,FRA,Online TA,TA/TO,0,0,0,D,D,0,No Deposit,7.0,0,Transient,107.25,0,1
City Hotel,0,34,2016,April,17,22,0,1,2,0.0,0,BB,USA,Online TA,TA/TO,0,0,0,A,A,0,No Deposit,8.0,0,Transient,105.3,0,1
City Hotel,0,53,2016,April,17,21,0,2,2,0.0,0,BB,ZAF,Direct,Direct,0,0,0,A,A,0,No Deposit,14.0,0,Transient,103.5,0,0
City Hotel,0,24,2016,April,17,22,0,1,2,0.0,0,BB,ESP,Online TA,TA/TO,0,0,0,D,D,0,No Deposit,9.0,0,Transient,141.0,1,0
City Hotel,0,31,2016,April,17,18,1,4,2,0.0,0,BB,FRA,Online TA,TA/TO,0,0,0,D,D,0,No Deposit,9.0,0,Transient,114.84,0,2
City Hotel,0,0,2016,April,17,22,0,1,2,0.0,0,BB,DEU,Direct,Direct,0,0,0,A,A,0,No Deposit,,0,Transient,99.0,0,0
City Hotel,0,66,2016,April,17,19,0,4,2,0.0,0,BB,FRA,Online TA,TA/TO,0,0,0,D,D,0,No Deposit,9.0,0,Transient,112.2,0,0
City Hotel,0,15,2016,April,17,20,0,3,2,0.0,0,BB,FRA,Online TA,TA/TO,0,0,0,D,D,0,No Deposit,7.0,0,Transient,99.0,0,1
City Hotel,0,134,2016,April,17,19,0,4,2,0.0,0,BB,FRA,Offline TA/TO,TA/TO,0,0,0,A,D,0,No Deposit,28.0,0,Transient,71.0,0,1
City Hotel,0,26,2016,April,17,18,1,4,2,0.0,0,HB,MAR,Offline TA/TO,TA/TO,0,0,0,A,A,0,No Deposit,,0,Transient-Party,133.8,0,0
City Hotel,0,10,2016,April,17,22,0,1,2,0.0,0,BB,DNK,Online TA,TA/TO,0,0,0,A,A,0,No Deposit,8.0,0,Transient,131.0,0,1
City Hotel,0,26,2016,April,17,18,1,4,2,0.0,0,HB,MAR,Offline TA/TO,TA/TO,0,0,0,A,A,0,No Deposit,,0,Transient-Party,133.8,0,0
City Hotel,0,16,2016,April,17,22,0,1,2,0.0,0,SC,USA,Online TA,TA/TO,0,0,0,A,A,0,No Deposit,9.0,0,Transient,119.0,0,1
City Hotel,0,62,2016,April,17,22,0,1,2,0.0,0,BB,DEU,Online TA,TA/TO,0,0,0,D,D,0,No Deposit,7.0,0,Transient,91.48,0,1
City Hotel,0,1,2016,April,17,21,0,2,2,0.0,0,BB,AUT,Online TA,TA/TO,0,0,0,A,A,0,No Deposit,9.0,0,Transient,125.0,1,1
City Hotel,0,26,2016,April,17,18,1,4,2,0.0,0,HB,MAR,Offline TA/TO,TA/TO,0,0,0,A,A,0,No Deposit,,0,Transient-Party,133.8,0,0
City Hotel,0,9,2016,April,17,20,0,3,2,0.0,0,BB,FRA,Offline TA/TO,TA/TO,0,0,0,A,A,0,No Deposit,138.0,0,Transient,95.0,0,0
City Hotel,0,46,2016,April,17,21,0,2,2,0.0,0,BB,BEL,Online TA,TA/TO,0,0,0,A,A,0,No Deposit,9.0,0,Transient,105.3,0,1
City Hotel,0,26,2016,April,17,18,1,4,2,0.0,0,HB,MAR,Offline TA/TO,TA/TO,0,0,0,A,A,0,No Deposit,,0,Transient-Party,133.8,0,0
City Hotel,0,10,2016,April,17,22,0,1,2,0.0,0,BB,PRT,Direct,Direct,0,0,0,A,A,0,No Deposit,,0,Transient,0.0,0,0
City Hotel,0,10,2016,April,17,22,0,1,2,0.0,0,BB,PRT,Direct,Direct,0,0,0,A,A,0,No Deposit,,0,Transient,0.0,0,0
City Hotel,0,0,2016,April,17,22,0,1,2,0.0,0,BB,PRT,Online TA,TA/TO,0,0,0,A,A,0,No Deposit,7.0,0,Transient,109.87,0,0
City Hotel,0,60,2016,April,17,18,1,4,2,0.0,0,BB,AUT,Online TA,TA/TO,0,0,0,D,D,0,No Deposit,9.0,0,Transient,110.5,0,0
City Hotel,0,26,2016,April,17,18,1,4,2,0.0,0,HB,PRT,Offline TA/TO,TA/TO,0,0,0,A,A,0,No Deposit,,0,Transient-Party,133.8,0,0
City Hotel,0,54,2016,April,17,20,0,3,2,0.0,0,BB,PRT,Online TA,TA/TO,0,0,0,A,D,4,No Deposit,9.0,0,Transient,130.05,0,0
City Hotel,0,186,2016,April,17,22,0,1,2,0.0,0,BB,PRT,Offline TA/TO,TA/TO,0,0,0,A,A,0,No Deposit,23.0,0,Transient-Party,80.0,0,0
City Hotel,0,65,2016,April,17,23,0,1,2,0.0,0,BB,BRA,Online TA,TA/TO,0,0,0,D,D,0,No Deposit,9.0,0,Transient-Party,118.8,0,0
City Hotel,0,65,2016,April,17,23,0,1,2,0.0,0,BB,BRA,Online TA,TA/TO,0,0,0,D,D,0,No Deposit,9.0,0,Transient-Party,118.8,0,1
City Hotel,0,65,2016,April,17,23,0,1,2,0.0,0,BB,BRA,Online TA,TA/TO,0,0,0,D,D,0,No Deposit,9.0,0,Transient-Party,118.8,0,0
City Hotel,0,65,2016,April,17,23,0,1,2,0.0,0,BB,BRA,Online TA,TA/TO,0,0,0,D,D,0,No Deposit,9.0,0,Transient-Party,118.8,0,1
City Hotel,0,64,2016,April,17,21,0,3,2,0.0,0,SC,ITA,Online TA,TA/TO,0,0,0,A,A,0,No Deposit,9.0,0,Transient,94.5,0,0
City Hotel,0,4,2016,April,17,20,0,4,2,0.0,0,BB,FRA,Online TA,TA/TO,0,0,0,F,F,0,No Deposit,7.0,0,Transient,143.38,0,2
City Hotel,0,0,2016,April,17,23,0,1,2,0.0,0,BB,PRT,Online TA,TA/TO,0,0,0,A,A,1,No Deposit,7.0,0,Transient,97.32,0,0
City Hotel,0,7,2016,April,17,21,0,3,2,0.0,0,HB,ESP,Online TA,TA/TO,0,0,0,D,D,0,No Deposit,9.0,0,Transient,174.0,0,0
City Hotel,0,62,2016,April,17,21,0,3,2,0.0,0,BB,CHE,Online TA,TA/TO,0,0,0,D,D,0,No Deposit,7.0,0,Transient,91.48,0,0
City Hotel,0,62,2016,April,17,21,0,3,2,0.0,0,BB,CHE,Online TA,TA/TO,0,0,0,D,D,0,No Deposit,7.0,0,Transient,91.48,0,1
City Hotel,0,8,2016,April,17,21,0,3,2,0.0,0,BB,ITA,Online TA,TA/TO,0,0,0,D,D,2,No Deposit,9.0,0,Transient,146.0,0,0
City Hotel,0,66,2016,April,17,23,0,1,2,0.0,0,BB,FRA,Online TA,TA/TO,0,0,0,A,A,0,No Deposit,9.0,0,Transient,105.3,0,2
City Hotel,0,6,2016,April,17,21,0,3,2,0.0,0,BB,ESP,Online TA,TA/TO,0,0,0,A,A,0,No Deposit,7.0,0,Transient,88.51,0,1
City Hotel,0,67,2016,April,17,22,0,2,2,0.0,0,BB,NLD,Offline TA/TO,TA/TO,0,0,0,D,D,0,No Deposit,22.0,0,Transient,90.95,0,1
City Hotel,0,90,2016,April,17,21,0,3,2,0.0,0,BB,FRA,Offline TA/TO,TA/TO,0,0,0,A,A,2,No Deposit,85.0,0,Transient-Party,81.62,0,0
City Hotel,0,90,2016,April,17,21,0,3,2,0.0,0,BB,FRA,Offline TA/TO,TA/TO,0,0,0,A,A,2,No Deposit,85.0,0,Transient-Party,78.63,0,0
City Hotel,0,0,2016,April,17,22,0,2,2,0.0,0,SC,ESP,Online TA,TA/TO,0,0,0,A,A,0,No Deposit,9.0,0,Transient,119.0,0,0
City Hotel,0,2,2016,April,17,21,0,3,2,0.0,0,BB,FRA,Offline TA/TO,TA/TO,0,0,0,A,A,0,No Deposit,20.0,0,Transient,95.0,0,0
City Hotel,0,166,2016,April,17,21,0,3,2,0.0,0,BB,PRT,Online TA,TA/TO,0,0,0,B,B,2,No Deposit,7.0,0,Group,73.6,0,2
City Hotel,0,166,2016,April,17,21,0,3,2,0.0,0,BB,FRA,Online TA,TA/TO,0,0,0,B,B,0,No Deposit,7.0,0,Group,73.6,0,2
City Hotel,0,56,2016,April,17,22,0,2,2,0.0,0,BB,PRT,Direct,Direct,0,0,0,D,D,0,No Deposit,,0,Transient,119.1,1,1
City Hotel,0,194,2016,April,17,21,0,3,2,0.0,0,SC,FRA,Online TA,TA/TO,0,0,0,A,A,1,No Deposit,7.0,0,Transient,73.46,0,0
City Hotel,0,57,2016,April,17,22,0,2,2,0.0,0,BB,PRT,Direct,Direct,0,0,0,D,D,0,No Deposit,,0,Transient,119.1,1,1
City Hotel,0,112,2016,May,19,6,0,2,2,0.0,0,BB,PRT,Direct,Direct,0,0,1,A,A,0,No Deposit,,0,Transient,98.69,0,1
City Hotel,0,178,2016,July,29,11,1,0,2,0.0,0,BB,PRT,Direct,Direct,0,0,2,A,D,0,No Deposit,,0,Transient,81.68,1,1
City Hotel,1,315,2016,November,48,25,0,1,2,0.0,0,BB,PRT,Direct,Direct,0,2,4,B,B,0,No Deposit,,0,Transient-Party,65.8,0,1
City Hotel,0,0,2016,April,17,23,0,1,2,0.0,0,BB,PRT,Online TA,TA/TO,0,0,0,A,B,0,No Deposit,7.0,0,Transient,90.78,0,0
City Hotel,0,7,2016,April,17,21,0,3,2,0.0,0,HB,ESP,Online TA,TA/TO,0,0,0,D,D,0,No Deposit,9.0,0,Transient,183.0,1,1
City Hotel,0,10,2016,April,17,22,0,2,2,0.0,0,BB,PRT,Online TA,TA/TO,0,0,0,A,A,0,No Deposit,9.0,0,Transient,140.0,1,1
City Hotel,0,1,2016,April,17,22,0,2,2,0.0,0,BB,GBR,Online TA,TA/TO,0,0,0,A,A,1,No Deposit,152.0,0,Transient,67.76,0,1
City Hotel,0,5,2016,April,17,21,0,3,2,0.0,0,BB,ISR,Online TA,TA/TO,0,0,0,D,E,0,No Deposit,9.0,0,Transient,136.0,0,1
City Hotel,0,32,2016,April,17,18,1,5,2,0.0,0,BB,NLD,Online TA,TA/TO,0,0,0,A,A,2,No Deposit,89.0,0,Transient,73.32,0,0
City Hotel,0,143,2016,April,17,22,0,2,2,0.0,0,BB,CHE,Online TA,TA/TO,0,0,0,A,A,0,No Deposit,11.0,0,Transient,77.03,0,0
City Hotel,0,143,2016,April,18,24,0,0,2,0.0,0,BB,PRT,Offline TA/TO,TA/TO,0,0,0,A,D,0,No Deposit,28.0,0,Transient,0.0,0,0
City Hotel,0,5,2016,April,17,21,0,3,2,0.0,0,BB,ISR,Online TA,TA/TO,0,0,0,D,D,0,No Deposit,9.0,0,Transient,136.0,0,1
City Hotel,0,186,2016,April,17,22,1,2,2,0.0,0,BB,ITA,Offline TA/TO,TA/TO,0,0,0,A,A,0,No Deposit,23.0,0,Transient-Party,80.0,0,0
City Hotel,0,186,2016,April,17,22,1,2,2,0.0,0,BB,ITA,Offline TA/TO,TA/TO,0,0,0,A,A,0,No Deposit,23.0,0,Transient-Party,80.0,0,0
City Hotel,0,186,2016,April,17,22,1,2,2,0.0,0,BB,ITA,Offline TA/TO,TA/TO,0,0,0,A,A,1,No Deposit,23.0,0,Transient-Party,40.0,0,0
City Hotel,0,186,2016,April,17,22,1,2,2,0.0,0,BB,PRT,Offline TA/TO,TA/TO,0,0,0,A,A,0,No Deposit,23.0,0,Transient-Party,80.0,0,0
City Hotel,0,186,2016,April,17,22,1,2,2,0.0,0,BB,ITA,Offline TA/TO,TA/TO,0,0,0,A,A,0,No Deposit,23.0,0,Transient-Party,80.0,0,0
City Hotel,0,186,2016,April,17,22,1,2,2,0.0,0,BB,ITA,Offline TA/TO,TA/TO,0,0,0,A,A,0,No Deposit,23.0,0,Transient-Party,80.0,0,0
City Hotel,0,186,2016,April,17,22,1,2,2,0.0,0,BB,ITA,Offline TA/TO,TA/TO,0,0,0,A,A,0,No Deposit,23.0,0,Transient-Party,80.0,0,0
City Hotel,0,186,2016,April,17,22,1,2,2,0.0,0,BB,ITA,Offline TA/TO,TA/TO,0,0,0,A,A,0,No Deposit,23.0,0,Transient-Party,80.0,0,0
City Hotel,0,186,2016,April,17,22,1,2,2,0.0,0,BB,PRT,Offline TA/TO,TA/TO,0,0,0,A,A,0,No Deposit,23.0,0,Transient-Party,80.0,0,0
City Hotel,0,186,2016,April,17,22,1,2,2,0.0,0,BB,PRT,Offline TA/TO,TA/TO,0,0,0,A,A,0,No Deposit,23.0,0,Transient-Party,80.0,0,0
City Hotel,0,186,2016,April,17,22,1,2,2,0.0,0,BB,ITA,Offline TA/TO,TA/TO,0,0,0,A,A,0,No Deposit,23.0,0,Transient-Party,80.0,0,0
City Hotel,0,186,2016,April,17,22,1,2,2,0.0,0,BB,ITA,Offline TA/TO,TA/TO,0,0,0,A,A,0,No Deposit,23.0,0,Transient-Party,80.0,0,0
City Hotel,0,161,2016,April,17,22,1,2,2,0.0,0,BB,ITA,Offline TA/TO,TA/TO,0,0,0,B,B,0,No Deposit,23.0,0,Transient-Party,80.0,0,0
City Hotel,0,161,2016,April,17,22,1,2,2,0.0,0,BB,PRT,Offline TA/TO,TA/TO,0,0,0,B,B,0,No Deposit,23.0,0,Transient-Party,80.0,0,0
City Hotel,0,198,2016,April,17,22,1,2,2,0.0,0,SC,PRT,Online TA,TA/TO,0,0,0,A,A,0,No Deposit,7.0,0,Transient,73.46,0,1
City Hotel,0,42,2016,April,17,21,1,3,2,0.0,0,BB,IRL,Online TA,TA/TO,0,0,0,A,A,2,No Deposit,9.0,0,Transient,103.84,0,0
City Hotel,0,42,2016,April,17,21,1,3,2,0.0,0,BB,IRL,Online TA,TA/TO,0,0,0,A,A,2,No Deposit,9.0,0,Transient,103.84,0,1
City Hotel,0,42,2016,April,17,21,1,3,2,0.0,0,BB,IRL,Online TA,TA/TO,0,0,0,A,A,0,No Deposit,9.0,0,Transient,103.84,0,1
City Hotel,0,52,2016,April,17,22,1,2,2,0.0,0,SC,IRL,Offline TA/TO,TA/TO,0,0,0,A,A,1,No Deposit,138.0,0,Transient,85.0,0,0
City Hotel,0,39,2016,April,18,24,1,0,2,0.0,0,SC,ISR,Online TA,TA/TO,0,0,0,A,A,0,No Deposit,9.0,0,Transient,94.5,0,1
City Hotel,0,72,2016,April,17,23,1,1,2,0.0,0,BB,FRA,Online TA,TA/TO,0,0,0,D,D,0,No Deposit,9.0,0,Transient-Party,118.8,0,1
City Hotel,0,35,2016,April,17,22,1,2,2,0.0,0,SC,ITA,Online TA,TA/TO,0,0,0,A,D,0,No Deposit,9.0,0,Transient,94.5,0,0
City Hotel,0,72,2016,April,17,23,1,1,2,0.0,0,BB,FRA,Online TA,TA/TO,0,0,0,D,D,0,No Deposit,9.0,0,Transient-Party,118.8,0,1
City Hotel,0,7,2016,April,17,23,1,1,2,0.0,0,BB,ESP,Online TA,TA/TO,0,0,0,A,A,0,No Deposit,9.0,0,Transient,131.0,0,2
City Hotel,0,6,2016,April,18,24,1,0,2,0.0,0,HB,FRA,Direct,Direct,0,0,0,A,A,0,No Deposit,14.0,0,Transient,147.0,0,2
City Hotel,0,150,2016,April,17,22,1,2,2,0.0,0,BB,GBR,Online TA,TA/TO,0,0,0,A,A,0,No Deposit,9.0,0,Contract,96.3,0,3
City Hotel,0,2,2016,April,18,24,1,0,2,0.0,0,BB,PRT,Direct,Direct,0,0,0,A,A,0,No Deposit,14.0,0,Transient,108.0,1,1
City Hotel,0,2,2016,April,18,24,1,0,2,0.0,0,BB,PRT,Direct,Direct,0,0,0,A,A,0,No Deposit,14.0,0,Transient,99.0,0,0
City Hotel,0,38,2016,April,17,21,1,3,2,0.0,0,BB,CHE,Online TA,TA/TO,0,0,0,D,D,0,No Deposit,9.0,0,Transient,118.8,0,1
City Hotel,0,37,2016,April,17,23,1,1,2,0.0,0,SC,USA,Online TA,TA/TO,0,0,0,A,A,1,No Deposit,9.0,0,Transient,94.5,0,0
City Hotel,0,1,2016,April,17,22,1,2,2,0.0,0,BB,FRA,Online TA,TA/TO,0,0,0,A,A,0,No Deposit,9.0,0,Transient,121.0,0,2
City Hotel,0,48,2016,April,18,24,1,0,2,0.0,0,SC,ESP,Offline TA/TO,TA/TO,0,0,0,A,A,0,No Deposit,83.0,0,Transient,80.4,0,0
City Hotel,0,5,2016,April,17,22,1,2,2,0.0,0,BB,ITA,Online TA,TA/TO,0,0,0,D,D,0,No Deposit,9.0,0,Transient,136.0,0,1
City Hotel,0,1,2016,April,17,23,1,1,2,0.0,0,BB,PRT,Online TA,TA/TO,0,0,0,A,A,0,No Deposit,9.0,0,Transient,116.0,0,2
City Hotel,0,1,2016,April,17,23,1,1,2,0.0,0,SC,USA,Online TA,TA/TO,0,0,0,A,A,0,No Deposit,9.0,0,Transient,104.0,0,0
City Hotel,0,5,2016,April,17,23,1,1,2,0.0,0,BB,ITA,Online TA,TA/TO,0,0,0,D,G,0,No Deposit,9.0,0,Transient,131.0,0,1
City Hotel,0,69,2016,April,17,22,1,2,2,0.0,0,BB,GBR,Online TA,TA/TO,0,0,0,D,D,0,No Deposit,9.0,0,Transient,118.8,0,1
City Hotel,0,7,2016,April,17,22,1,2,2,0.0,0,BB,PRT,Direct,Direct,0,0,0,A,E,0,No Deposit,,0,Transient,75.0,0,1
City Hotel,0,150,2016,April,17,22,1,2,2,0.0,0,BB,GBR,Online TA,TA/TO,0,0,0,A,A,0,No Deposit,9.0,0,Contract,96.3,0,3
City Hotel,0,42,2016,April,17,21,1,3,2,0.0,0,BB,PRT,Online TA,TA/TO,0,0,0,A,A,0,No Deposit,9.0,0,Transient,103.84,0,1
City Hotel,0,64,2016,April,17,23,1,1,2,0.0,0,BB,PRT,Online TA,TA/TO,0,0,0,D,D,0,No Deposit,9.0,0,Transient,118.8,0,1
City Hotel,0,42,2016,April,17,23,1,1,2,0.0,0,BB,POL,Online TA,TA/TO,0,0,0,D,C,0,No Deposit,9.0,0,Transient,118.8,0,1
City Hotel,0,150,2016,April,17,22,1,2,2,0.0,0,BB,GBR,Direct,Direct,0,0,0,E,E,0,No Deposit,14.0,0,Transient,135.0,0,0
City Hotel,0,3,2016,April,18,24,1,0,2,0.0,0,SC,PRT,Online TA,TA/TO,0,0,0,A,A,0,No Deposit,9.0,0,Transient,89.0,0,1
City Hotel,0,11,2016,April,18,24,2,0,2,0.0,0,BB,FRA,Online TA,TA/TO,0,0,0,A,A,0,No Deposit,9.0,0,Transient,140.0,1,1
City Hotel,0,42,2016,April,17,23,2,1,2,0.0,0,BB,NLD,Online TA,TA/TO,0,0,0,D,A,0,No Deposit,9.0,0,Transient,118.8,0,0
City Hotel,0,31,2016,April,17,23,2,1,2,0.0,0,BB,USA,Offline TA/TO,TA/TO,0,0,0,D,E,0,No Deposit,83.0,0,Transient,87.04,0,0
City Hotel,0,70,2016,April,17,22,2,2,2,0.0,0,BB,NLD,Online TA,TA/TO,0,0,0,A,A,0,No Deposit,9.0,0,Transient,97.33,0,0
City Hotel,0,170,2016,April,17,23,2,1,2,0.0,0,BB,RUS,Offline TA/TO,TA/TO,0,0,0,A,A,1,No Deposit,2.0,48,Transient-Party,70.0,0,1
City Hotel,0,168,2016,April,17,21,2,3,2,0.0,0,BB,LVA,Offline TA/TO,TA/TO,0,0,0,A,A,1,No Deposit,2.0,48,Transient-Party,81.2,0,1
City Hotel,0,168,2016,April,17,21,2,3,2,0.0,0,BB,USA,Offline TA/TO,TA/TO,0,0,0,A,A,1,No Deposit,2.0,48,Transient-Party,81.2,0,1
City Hotel,0,169,2016,April,17,22,2,2,2,0.0,0,BB,CN,Offline TA/TO,TA/TO,0,0,0,A,A,0,No Deposit,2.0,48,Transient-Party,77.0,0,1
City Hotel,0,169,2016,April,17,22,2,2,2,0.0,0,BB,RUS,Offline TA/TO,TA/TO,0,0,0,A,A,0,No Deposit,2.0,48,Transient-Party,77.0,0,1
City Hotel,0,44,2016,April,17,23,2,1,2,0.0,0,BB,FRA,Offline TA/TO,TA/TO,0,0,0,A,A,0,No Deposit,24.0,0,Transient-Party,95.0,0,1
City Hotel,0,138,2016,April,17,23,2,1,2,0.0,0,BB,NLD,Offline TA/TO,TA/TO,0,0,0,A,A,0,No Deposit,28.0,0,Transient,71.0,0,0
City Hotel,0,44,2016,April,17,23,2,1,2,0.0,0,BB,FRA,Offline TA/TO,TA/TO,0,0,0,A,A,0,No Deposit,24.0,0,Transient-Party,95.0,0,1
City Hotel,0,45,2016,April,17,23,2,1,2,0.0,0,BB,PRT,Offline TA/TO,TA/TO,0,0,0,A,A,0,No Deposit,24.0,0,Transient-Party,95.0,0,1
City Hotel,0,44,2016,April,17,23,2,1,2,0.0,0,BB,FRA,Offline TA/TO,TA/TO,0,0,0,A,A,0,No Deposit,24.0,0,Transient-Party,95.0,0,1
City Hotel,0,44,2016,April,17,23,2,1,2,0.0,0,BB,FRA,Offline TA/TO,TA/TO,0,0,0,A,A,0,No Deposit,24.0,0,Transient-Party,95.0,0,1
City Hotel,0,58,2016,April,17,21,2,3,2,0.0,0,BB,FRA,Online TA,TA/TO,0,0,0,E,E,0,No Deposit,11.0,0,Transient,96.08,0,0
City Hotel,0,148,2016,April,17,23,2,1,2,0.0,0,BB,NLD,Online TA,TA/TO,0,0,0,A,A,0,No Deposit,11.0,0,Transient,69.33,0,0
City Hotel,0,44,2016,April,17,23,2,1,2,0.0,0,BB,FRA,Offline TA/TO,TA/TO,0,0,0,B,B,0,No Deposit,24.0,0,Transient-Party,95.0,0,0
City Hotel,0,148,2016,April,17,23,2,1,2,0.0,0,SC,NLD,Online TA,TA/TO,0,0,0,A,A,2,No Deposit,11.0,0,Transient,61.56,0,0
City Hotel,0,44,2016,April,17,23,2,1,2,0.0,0,BB,PRT,Offline TA/TO,TA/TO,0,0,0,B,B,0,No Deposit,24.0,0,Transient-Party,95.0,0,0
City Hotel,0,44,2016,April,17,23,2,1,2,0.0,0,BB,FRA,Offline TA/TO,TA/TO,0,0,0,A,A,0,No Deposit,24.0,0,Transient-Party,95.0,0,1
City Hotel,0,4,2016,April,17,21,2,3,2,0.0,0,BB,FRA,Online TA,TA/TO,0,0,0,D,D,0,No Deposit,7.0,0,Transient,103.18,0,1
City Hotel,0,0,2016,April,17,23,2,1,2,0.0,0,BB,HUN,Offline TA/TO,TA/TO,0,0,0,A,A,0,No Deposit,28.0,0,Transient,71.0,0,0
City Hotel,0,44,2016,April,17,23,2,1,2,0.0,0,BB,FRA,Offline TA/TO,TA/TO,0,0,0,A,A,0,No Deposit,24.0,0,Transient-Party,95.0,0,1
City Hotel,0,3,2016,April,17,23,2,1,2,0.0,0,BB,FRA,Offline TA/TO,TA/TO,0,0,0,A,A,1,No Deposit,24.0,0,Transient-Party,47.5,0,1
City Hotel,0,29,2016,April,18,24,2,0,2,0.0,0,BB,GBR,Online TA,TA/TO,0,0,0,A,A,0,No Deposit,7.0,0,Transient,85.59,0,1
City Hotel,0,44,2016,April,17,23,2,1,2,0.0,0,BB,PRT,Offline TA/TO,TA/TO,0,0,0,B,B,0,No Deposit,24.0,0,Transient-Party,95.0,0,0
City Hotel,0,44,2016,April,17,23,2,1,2,0.0,0,BB,FRA,Offline TA/TO,TA/TO,0,0,0,B,B,0,No Deposit,24.0,0,Transient-Party,95.0,0,0
City Hotel,0,7,2016,April,17,23,2,1,2,0.0,0,SC,FRA,Online TA,TA/TO,0,0,0,A,A,0,No Deposit,9.0,0,Transient,109.0,0,1
City Hotel,0,35,2016,April,18,24,2,0,2,0.0,0,BB,USA,Online TA,TA/TO,0,0,0,D,D,0,No Deposit,9.0,0,Transient,118.8,0,1
City Hotel,0,5,2016,April,17,21,2,3,2,0.0,0,BB,FRA,Online TA,TA/TO,0,0,0,A,A,0,No Deposit,9.0,0,Transient,125.0,0,1
City Hotel,0,68,2016,April,18,25,1,0,2,0.0,0,BB,PRT,Online TA,TA/TO,0,0,0,A,A,5,No Deposit,9.0,0,Transient-Party,114.5,0,1
City Hotel,0,1,2016,April,17,23,2,1,2,0.0,0,SC,ITA,Online TA,TA/TO,0,0,0,A,F,0,No Deposit,9.0,0,Transient,109.0,0,0
City Hotel,0,65,2016,April,18,24,2,0,2,0.0,0,BB,PRT,Online TA,TA/TO,0,0,0,D,D,0,No Deposit,9.0,0,Transient-Party,118.8,0,1
City Hotel,0,2,2016,April,18,25,1,0,2,0.0,0,SC,BRA,Online TA,TA/TO,0,0,0,A,A,0,No Deposit,9.0,0,Transient,119.0,0,1
City Hotel,0,83,2016,April,17,20,2,5,2,0.0,0,BB,DEU,Offline TA/TO,TA/TO,0,0,0,A,A,0,No Deposit,27.0,0,Transient,80.75,0,0
City Hotel,0,86,2016,April,18,26,0,1,2,0.0,0,SC,DEU,Online TA,TA/TO,0,0,0,A,A,0,No Deposit,9.0,0,Transient,85.5,0,1
City Hotel,0,63,2016,April,17,22,2,3,2,0.0,0,BB,BRA,Online TA,TA/TO,0,0,0,A,A,0,No Deposit,7.0,0,Transient,76.58,0,1
City Hotel,0,101,2016,April,18,26,0,1,2,0.0,0,HB,PRT,Groups,TA/TO,0,0,0,A,A,0,No Deposit,35.0,0,Transient-Party,98.0,0,0
City Hotel,0,169,2016,April,17,23,2,2,2,0.0,0,BB,PRT,Online TA,TA/TO,0,0,0,A,A,0,No Deposit,9.0,0,Contract,107.0,0,2
City Hotel,0,101,2016,April,18,26,0,1,2,0.0,0,HB,PRT,Groups,TA/TO,0,0,0,A,A,0,No Deposit,35.0,0,Transient-Party,98.0,0,0
City Hotel,0,101,2016,April,18,26,0,1,2,0.0,0,HB,PRT,Groups,TA/TO,0,0,0,A,A,0,No Deposit,35.0,0,Transient-Party,98.0,0,0
City Hotel,0,101,2016,April,18,26,0,1,2,0.0,0,HB,PRT,Groups,TA/TO,0,0,0,A,A,0,No Deposit,35.0,0,Transient-Party,98.0,0,0
City Hotel,0,101,2016,April,18,26,0,1,2,0.0,0,HB,PRT,Groups,TA/TO,0,0,0,A,A,0,No Deposit,35.0,0,Transient-Party,98.0,0,0
City Hotel,0,101,2016,April,18,26,0,1,2,0.0,0,HB,PRT,Groups,TA/TO,0,0,0,A,A,0,No Deposit,35.0,0,Transient-Party,98.0,0,0
City Hotel,0,101,2016,April,18,26,0,1,2,0.0,0,HB,PRT,Groups,TA/TO,0,0,0,A,A,0,No Deposit,35.0,0,Transient-Party,98.0,0,0
City Hotel,0,101,2016,April,18,26,0,1,2,0.0,0,HB,PRT,Groups,TA/TO,0,0,0,A,A,0,No Deposit,35.0,0,Transient-Party,98.0,0,0
City Hotel,0,101,2016,April,18,26,0,1,2,0.0,0,HB,PRT,Groups,TA/TO,0,0,0,A,A,0,No Deposit,35.0,0,Transient-Party,98.0,0,0
City Hotel,0,101,2016,April,18,26,0,1,2,0.0,0,HB,PRT,Groups,TA/TO,0,0,0,A,A,0,No Deposit,35.0,0,Transient-Party,98.0,0,0
City Hotel,0,101,2016,April,18,26,0,1,2,0.0,0,HB,PRT,Groups,TA/TO,0,0,0,A,A,0,No Deposit,35.0,0,Transient-Party,98.0,0,0
City Hotel,0,101,2016,April,18,26,0,1,2,0.0,0,HB,FRA,Groups,TA/TO,0,0,0,A,A,0,No Deposit,35.0,0,Transient-Party,98.0,0,0
City Hotel,0,101,2016,April,18,26,0,1,2,0.0,0,HB,PRT,Groups,TA/TO,0,0,0,A,A,0,No Deposit,35.0,0,Transient-Party,98.0,0,0
City Hotel,0,101,2016,April,18,26,0,1,2,0.0,0,HB,PRT,Groups,TA/TO,0,0,0,A,A,0,No Deposit,35.0,0,Transient-Party,98.0,0,0
City Hotel,0,80,2016,April,18,24,2,1,2,0.0,0,BB,FRA,Offline TA/TO,TA/TO,0,0,0,A,A,0,No Deposit,28.0,0,Transient,75.0,0,0
City Hotel,0,101,2016,April,18,26,0,1,2,0.0,0,HB,PRT,Groups,TA/TO,0,0,0,A,A,0,No Deposit,35.0,0,Transient-Party,98.0,0,0
City Hotel,0,101,2016,April,18,26,0,1,2,0.0,0,HB,PRT,Groups,TA/TO,0,0,0,A,A,0,No Deposit,35.0,0,Transient-Party,98.0,0,0
City Hotel,0,36,2016,April,17,23,2,2,2,0.0,0,BB,FRA,Online TA,TA/TO,0,0,0,D,D,0,No Deposit,9.0,0,Transient,118.8,0,1
City Hotel,0,101,2016,April,18,26,0,1,2,0.0,0,HB,PRT,Groups,TA/TO,0,0,0,A,A,0,No Deposit,35.0,0,Transient-Party,98.0,0,0
City Hotel,0,90,2016,April,18,25,1,1,2,0.0,0,BB,DEU,Online TA,TA/TO,0,0,0,A,A,0,No Deposit,9.0,0,Transient,96.3,0,1
City Hotel,0,77,2016,April,18,25,1,1,2,0.0,0,BB,PRT,Online TA,TA/TO,0,0,0,A,D,0,No Deposit,9.0,0,Transient,96.3,0,1
City Hotel,0,148,2016,April,17,23,2,2,2,0.0,0,SC,BEL,Online TA,TA/TO,0,0,0,A,A,0,No Deposit,9.0,0,Contract,80.75,0,1
City Hotel,0,79,2016,April,18,25,1,1,2,0.0,0,BB,PRT,Offline TA/TO,TA/TO,0,0,0,D,E,0,No Deposit,173.0,0,Transient-Party,90.95,0,1
City Hotel,0,58,2016,April,18,24,2,1,2,0.0,0,BB,CHE,Online TA,TA/TO,0,0,0,A,A,0,No Deposit,7.0,0,Transient,81.08,0,0
City Hotel,0,144,2016,April,18,24,2,1,2,0.0,0,BB,FRA,Offline TA/TO,TA/TO,0,0,0,A,D,0,No Deposit,28.0,0,Transient,71.0,0,0
City Hotel,0,58,2016,April,18,24,2,1,2,0.0,0,BB,CHE,Online TA,TA/TO,0,0,0,A,A,0,No Deposit,7.0,0,Transient,81.08,0,0
City Hotel,0,58,2016,April,18,24,2,1,2,0.0,0,BB,CHE,Online TA,TA/TO,0,0,0,A,A,0,No Deposit,7.0,0,Transient,81.08,0,0
City Hotel,0,76,2016,April,18,25,1,1,2,0.0,0,SC,NLD,Online TA,TA/TO,0,0,0,A,A,0,No Deposit,9.0,0,Transient,85.5,0,1
City Hotel,0,68,2016,April,17,23,2,2,2,0.0,0,BB,FRA,Direct,Direct,0,0,0,D,D,0,No Deposit,,0,Transient,102.85,0,0
City Hotel,0,44,2016,April,17,23,2,2,2,0.0,0,BB,DEU,Online TA,TA/TO,0,0,0,D,D,0,No Deposit,8.0,0,Transient,117.15,0,1
City Hotel,0,75,2016,April,18,24,2,1,2,0.0,0,BB,MYS,Offline TA/TO,TA/TO,0,0,0,A,D,0,No Deposit,28.0,0,Transient,75.0,0,0
City Hotel,0,6,2016,April,17,22,2,3,2,0.0,0,BB,PRT,Online TA,TA/TO,0,0,0,A,B,0,No Deposit,7.0,0,Transient,91.44,0,1
City Hotel,0,72,2016,April,17,23,2,2,2,0.0,0,BB,FRA,Online TA,TA/TO,0,0,0,A,A,0,No Deposit,9.0,0,Transient,95.2,0,1
City Hotel,0,77,2016,April,18,25,1,1,2,0.0,0,BB,USA,Online TA,TA/TO,0,0,0,D,D,3,No Deposit,9.0,0,Transient-Party,109.8,0,1
City Hotel,0,69,2016,April,17,23,2,2,2,0.0,0,BB,NLD,Online TA,TA/TO,0,0,0,D,A,0,No Deposit,9.0,0,Transient-Party,107.95,0,0
City Hotel,0,0,2016,April,18,26,0,1,2,0.0,0,SC,PRT,Online TA,TA/TO,0,0,0,A,D,0,No Deposit,9.0,0,Transient,119.0,0,0
City Hotel,0,71,2016,April,18,24,2,1,2,0.0,0,BB,PRT,Online TA,TA/TO,0,0,0,D,D,0,No Deposit,9.0,0,Transient,112.8,0,0
City Hotel,0,71,2016,April,18,24,2,1,2,0.0,0,BB,PRT,Online TA,TA/TO,0,0,0,D,D,0,No Deposit,9.0,0,Transient-Party,112.8,0,0
City Hotel,0,71,2016,April,18,24,2,1,2,0.0,0,BB,PRT,Online TA,TA/TO,0,0,0,D,D,0,No Deposit,9.0,0,Transient-Party,112.8,0,0
City Hotel,0,169,2016,April,17,23,2,2,2,0.0,0,BB,AUT,Online TA,TA/TO,0,0,0,A,A,0,No Deposit,9.0,0,Contract,118.25,1,2
City Hotel,0,71,2016,April,18,24,2,1,2,0.0,0,SC,PRT,Online TA,TA/TO,0,0,0,A,A,0,No Deposit,9.0,0,Transient-Party,88.5,0,0
City Hotel,0,64,2016,April,18,25,1,1,2,0.0,0,BB,CHN,Online TA,TA/TO,0,0,0,A,A,0,No Deposit,9.0,0,Transient,105.3,0,1
City Hotel,0,90,2016,April,17,23,2,3,2,0.0,0,HB,PRT,Online TA,TA/TO,0,0,0,D,E,1,No Deposit,9.0,0,Transient,129.02,1,1
City Hotel,0,71,2016,April,17,23,2,3,2,0.0,0,SC,DEU,Online TA,TA/TO,0,0,0,A,A,0,No Deposit,9.0,0,Transient,84.15,0,0
City Hotel,0,8,2016,April,18,26,0,2,2,0.0,0,SC,ITA,Online TA,TA/TO,0,0,0,A,A,0,No Deposit,9.0,0,Transient,119.0,0,1
City Hotel,0,9,2016,April,18,27,0,1,2,0.0,0,SC,FRA,Online TA,TA/TO,0,0,0,A,A,0,No Deposit,9.0,0,Transient,119.0,0,1
City Hotel,0,36,2016,April,17,23,2,3,2,0.0,0,BB,TUN,Online TA,TA/TO,0,0,0,A,A,0,No Deposit,9.0,0,Transient,105.48,0,1
City Hotel,0,3,2016,April,18,25,1,2,2,0.0,0,BB,USA,Online TA,TA/TO,0,0,0,A,A,0,No Deposit,9.0,0,Transient,131.0,0,1
City Hotel,0,23,2016,April,18,27,0,1,2,0.0,0,SC,AUS,Online TA,TA/TO,0,0,0,A,A,0,No Deposit,9.0,0,Transient,115.0,1,1
City Hotel,0,83,2016,April,18,25,1,2,2,0.0,0,BB,ITA,Online TA,TA/TO,0,0,0,A,A,0,No Deposit,9.0,0,Transient,96.3,0,1
City Hotel,0,83,2016,April,18,25,1,2,2,0.0,0,BB,ITA,Online TA,TA/TO,0,0,0,A,A,0,No Deposit,9.0,0,Transient,96.3,0,1
City Hotel,0,88,2016,April,18,30,0,1,2,0.0,0,BB,ITA,Online TA,TA/TO,0,0,1,A,A,0,No Deposit,9.0,0,Transient-Party,126.9,0,1
City Hotel,0,68,2016,April,18,26,0,2,2,0.0,0,BB,ITA,Online TA,TA/TO,0,0,0,D,D,0,No Deposit,9.0,0,Transient-Party,118.8,0,1
City Hotel,0,39,2016,April,17,21,2,5,2,0.0,0,BB,POL,Online TA,TA/TO,0,0,0,D,D,0,No Deposit,9.0,0,Transient,117.98,0,1
City Hotel,0,63,2016,April,18,25,1,2,2,0.0,0,BB,FRA,Online TA,TA/TO,0,0,0,A,A,0,No Deposit,9.0,0,Transient,105.6,0,1
City Hotel,0,20,2016,April,18,24,2,2,2,0.0,0,SC,ESP,Direct,Direct,0,0,0,A,A,0,No Deposit,,0,Transient,120.5,1,0
City Hotel,0,133,2016,April,18,25,1,2,2,0.0,0,BB,DEU,Offline TA/TO,TA/TO,0,0,0,A,A,0,No Deposit,27.0,0,Transient,80.75,0,1
City Hotel,0,133,2016,April,18,25,1,2,2,0.0,0,BB,DEU,Offline TA/TO,TA/TO,0,0,0,A,A,0,No Deposit,27.0,0,Transient,80.75,0,1
City Hotel,0,2,2016,April,18,26,0,2,2,0.0,0,BB,ITA,Direct,Direct,0,0,0,A,G,1,No Deposit,,0,Transient,129.0,0,0
City Hotel,0,5,2016,April,18,24,2,2,2,0.0,0,BB,BEL,Online TA,TA/TO,0,0,0,A,A,0,No Deposit,9.0,0,Transient,123.5,0,0
City Hotel,0,81,2016,April,18,24,2,2,2,0.0,0,HB,CHE,Online TA,TA/TO,0,0,0,D,D,1,No Deposit,9.0,0,Transient-Party,111.78,0,1
City Hotel,0,209,2016,April,18,25,1,2,2,0.0,0,BB,NLD,Online TA,TA/TO,0,0,0,A,A,0,No Deposit,7.0,0,Transient,81.77,0,1
City Hotel,0,209,2016,April,18,25,1,2,2,0.0,0,BB,NLD,Online TA,TA/TO,0,0,0,A,A,0,No Deposit,7.0,0,Transient,81.77,0,1
City Hotel,0,71,2016,April,18,24,2,2,2,0.0,0,BB,DEU,Online TA,TA/TO,0,0,0,A,A,0,No Deposit,8.0,0,Transient,93.08,0,1
City Hotel,0,81,2016,April,18,24,2,2,2,0.0,0,HB,CHE,Online TA,TA/TO,0,0,0,D,D,1,No Deposit,9.0,0,Transient-Party,111.78,0,1
City Hotel,0,16,2016,April,18,25,1,2,2,0.0,0,BB,FRA,Online TA,TA/TO,0,0,0,D,E,0,No Deposit,9.0,0,Transient,136.0,0,1
City Hotel,0,100,2016,April,18,25,1,2,2,0.0,0,SC,DEU,Online TA,TA/TO,0,0,0,A,A,0,No Deposit,10.0,0,Transient,81.2,0,0
City Hotel,0,97,2016,April,18,25,1,2,2,0.0,0,SC,BEL,Online TA,TA/TO,0,0,0,A,A,0,No Deposit,9.0,0,Transient-Party,85.5,0,0
City Hotel,0,97,2016,April,18,25,1,2,2,0.0,0,SC,PRT,Online TA,TA/TO,0,0,0,A,A,0,No Deposit,9.0,0,Transient-Party,85.5,0,0
City Hotel,0,63,2016,April,18,26,0,2,2,0.0,0,SC,PRT,Online TA,TA/TO,0,0,0,A,B,1,No Deposit,9.0,0,Transient-Party,94.95,0,2
City Hotel,0,97,2016,April,18,25,1,2,2,0.0,0,SC,BEL,Online TA,TA/TO,0,0,0,A,A,0,No Deposit,9.0,0,Transient-Party,85.5,0,0
City Hotel,0,104,2016,April,18,26,0,2,2,0.0,0,BB,DEU,Online TA,TA/TO,0,0,0,A,A,0,No Deposit,9.0,0,Transient,96.3,0,2
City Hotel,0,2,2016,April,18,27,0,1,2,0.0,0,BB,ITA,Online TA,TA/TO,0,0,0,A,A,0,No Deposit,9.0,0,Transient,131.0,0,1
City Hotel,0,73,2016,April,18,26,0,2,2,0.0,0,BB,ARG,Online TA,TA/TO,0,0,0,A,A,0,No Deposit,7.0,0,Transient,74.15,0,1
City Hotel,0,39,2016,April,17,21,2,5,2,0.0,0,BB,POL,Online TA,TA/TO,0,0,0,D,D,0,No Deposit,9.0,0,Transient,117.98,0,1
City Hotel,0,83,2016,April,18,25,1,2,2,0.0,0,BB,RUS,Online TA,TA/TO,0,0,0,A,A,0,No Deposit,9.0,0,Transient,105.3,1,2
City Hotel,0,67,2016,April,18,24,2,2,2,0.0,0,BB,PRT,Online TA,TA/TO,0,0,0,A,A,1,No Deposit,9.0,0,Transient-Party,99.45,0,1
City Hotel,0,67,2016,April,18,24,2,2,2,0.0,0,BB,NLD,Online TA,TA/TO,0,0,0,A,A,1,No Deposit,9.0,0,Transient-Party,99.45,0,1
City Hotel,0,62,2016,April,18,25,1,2,2,0.0,0,SC,ROU,Online TA,TA/TO,0,0,0,A,A,0,No Deposit,9.0,0,Transient,94.8,0,0
City Hotel,0,74,2016,April,18,25,1,2,2,0.0,0,BB,FRA,Online TA,TA/TO,0,0,0,A,A,0,No Deposit,9.0,0,Transient,85.5,0,1
City Hotel,0,61,2016,April,18,24,2,2,2,0.0,0,BB,DEU,Online TA,TA/TO,0,0,0,A,A,0,No Deposit,9.0,0,Transient,99.66,0,1
City Hotel,0,0,2016,April,18,28,0,0,2,0.0,0,BB,PRT,Online TA,TA/TO,1,0,0,D,B,0,No Deposit,7.0,0,Transient,0.0,0,1
City Hotel,0,75,2016,April,18,25,1,3,2,0.0,0,BB,AUT,Online TA,TA/TO,0,0,0,D,D,0,No Deposit,9.0,0,Transient,103.7,0,1
City Hotel,0,75,2016,April,18,25,1,3,2,0.0,0,BB,FRA,Offline TA/TO,TA/TO,0,0,0,A,D,0,No Deposit,28.0,0,Transient,75.0,0,0
City Hotel,0,90,2016,April,18,24,2,3,2,0.0,0,BB,GBR,Online TA,TA/TO,0,0,0,A,A,0,No Deposit,7.0,0,Transient,70.03,0,1
City Hotel,0,81,2016,April,18,25,1,3,2,0.0,0,BB,DEU,Online TA,TA/TO,0,0,0,D,D,0,No Deposit,9.0,0,Transient,103.7,0,1
City Hotel,0,2,2016,April,18,27,0,2,2,0.0,0,BB,FRA,Online TA,TA/TO,0,0,0,D,D,0,No Deposit,9.0,0,Transient,146.0,0,1
City Hotel,0,99,2016,April,18,25,1,3,2,0.0,0,BB,DEU,Online TA,TA/TO,0,0,0,A,A,0,No Deposit,9.0,0,Transient,90.95,0,1
City Hotel,0,3,2016,April,18,27,0,2,2,0.0,0,BB,BRA,Online TA,TA/TO,0,0,0,A,A,0,No Deposit,9.0,0,Transient,131.0,0,1
City Hotel,0,91,2016,April,18,25,1,3,2,0.0,0,BB,PRT,Online TA,TA/TO,0,0,0,A,A,0,No Deposit,8.0,0,Transient,90.95,0,1
City Hotel,0,97,2016,April,18,25,1,3,2,0.0,0,SC,USA,Online TA,TA/TO,0,0,0,A,A,0,No Deposit,8.0,0,Transient,80.75,0,1
City Hotel,0,108,2016,April,18,28,0,1,2,0.0,0,BB,PRT,Online TA,TA/TO,0,0,0,D,D,0,No Deposit,7.0,0,Transient,77.03,0,0
City Hotel,0,5,2016,April,18,28,0,1,2,0.0,0,HB,ESP,Online TA,TA/TO,0,0,0,A,A,0,No Deposit,7.0,0,Transient,130.13,0,0
City Hotel,0,45,2016,April,18,28,0,1,2,0.0,0,BB,USA,Online TA,TA/TO,0,0,0,A,A,0,No Deposit,9.0,0,Transient,106.2,0,1
City Hotel,0,108,2016,April,18,27,0,2,2,0.0,0,BB,RUS,Direct,Direct,0,0,0,A,A,1,No Deposit,14.0,0,Transient,85.5,0,0
City Hotel,0,44,2016,April,18,26,0,3,2,0.0,0,BB,PRT,Direct,Direct,0,0,0,A,A,0,No Deposit,14.0,0,Transient,95.1,0,0
City Hotel,0,42,2016,April,18,26,0,3,2,0.0,0,BB,IND,Offline TA/TO,TA/TO,0,0,0,A,A,0,No Deposit,83.0,0,Transient,72.76,0,0
City Hotel,0,13,2016,April,18,26,0,3,2,0.0,0,HB,DEU,Offline TA/TO,TA/TO,0,0,0,A,A,0,No Deposit,58.0,0,Transient-Party,96.0,0,0
City Hotel,0,13,2016,April,18,26,0,3,2,0.0,0,HB,DEU,Offline TA/TO,TA/TO,0,0,0,A,A,0,No Deposit,58.0,0,Transient-Party,96.0,0,0
City Hotel,0,44,2016,April,18,25,1,3,2,0.0,0,BB,FRA,Online TA,TA/TO,0,0,0,A,A,0,No Deposit,9.0,0,Transient,101.34,0,1
City Hotel,0,13,2016,April,18,26,0,3,2,0.0,0,HB,DEU,Offline TA/TO,TA/TO,0,0,0,A,A,0,No Deposit,58.0,0,Transient-Party,96.0,0,0
City Hotel,0,13,2016,April,18,26,0,3,2,0.0,0,HB,DEU,Offline TA/TO,TA/TO,0,0,0,A,A,0,No Deposit,58.0,0,Transient-Party,96.0,0,0
City Hotel,0,13,2016,April,18,26,0,3,2,0.0,0,HB,DEU,Offline TA/TO,TA/TO,0,0,0,A,A,0,No Deposit,58.0,0,Transient-Party,96.0,0,0
City Hotel,0,13,2016,April,18,26,0,3,2,0.0,0,HB,DEU,Offline TA/TO,TA/TO,0,0,0,A,A,0,No Deposit,58.0,0,Transient-Party,96.0,0,0
City Hotel,0,13,2016,April,18,26,0,3,2,0.0,0,HB,DEU,Offline TA/TO,TA/TO,0,0,0,A,A,0,No Deposit,58.0,0,Transient-Party,96.0,0,0
City Hotel,0,62,2016,April,18,25,1,3,2,0.0,0,BB,PRT,Online TA,TA/TO,0,0,0,A,A,1,No Deposit,9.0,0,Transient,109.68,0,1
City Hotel,0,216,2016,April,18,24,2,3,2,0.0,0,BB,GBR,Offline TA/TO,TA/TO,0,0,0,D,D,0,No Deposit,28.0,0,Transient,75.0,0,0
City Hotel,0,88,2016,April,18,26,0,3,2,0.0,0,BB,DEU,Online TA,TA/TO,0,0,0,D,D,2,No Deposit,9.0,0,Transient,109.8,0,1
City Hotel,0,87,2016,April,18,26,0,3,2,0.0,0,BB,FRA,Online TA,TA/TO,0,0,0,A,A,0,No Deposit,9.0,0,Transient,96.3,0,2
City Hotel,0,107,2016,April,18,25,1,3,2,0.0,0,BB,CHE,Online TA,TA/TO,0,0,0,A,A,0,No Deposit,11.0,0,Transient,65.49,0,0
City Hotel,0,58,2016,April,18,25,1,3,2,0.0,0,BB,NLD,Online TA,TA/TO,0,0,0,D,D,0,No Deposit,7.0,0,Transient,86.72,0,1
City Hotel,0,95,2016,April,18,25,1,3,2,0.0,0,BB,CHE,Online TA,TA/TO,0,0,0,A,A,0,No Deposit,9.0,0,Transient,90.95,0,2
City Hotel,0,64,2016,April,17,23,2,4,2,0.0,0,BB,FRA,Online TA,TA/TO,0,0,0,D,D,0,No Deposit,9.0,0,Transient-Party,112.48,0,1
City Hotel,0,86,2016,April,18,25,1,3,2,0.0,0,BB,PRT,Online TA,TA/TO,0,0,0,A,A,0,No Deposit,9.0,0,Transient,90.95,0,1
City Hotel,0,92,2016,April,18,28,0,1,2,0.0,0,BB,BRA,Online TA,TA/TO,0,0,0,A,A,0,No Deposit,9.0,0,Transient,105.3,1,1
City Hotel,0,44,2016,April,18,27,0,2,2,0.0,0,BB,FRA,Online TA,TA/TO,0,0,0,A,A,0,No Deposit,9.0,0,Transient,106.2,0,1
City Hotel,0,62,2016,April,18,25,1,3,2,0.0,0,BB,CHE,Online TA,TA/TO,0,0,0,A,A,0,No Deposit,7.0,0,Transient,76.91,0,1
City Hotel,0,1,2016,April,18,27,0,2,2,0.0,0,BB,PRT,Online TA,TA/TO,0,0,0,A,A,0,No Deposit,9.0,0,Transient,131.0,0,1
City Hotel,0,79,2016,April,18,28,0,1,2,0.0,0,BB,GBR,Online TA,TA/TO,0,0,0,D,E,0,No Deposit,9.0,0,Transient,109.8,0,1
City Hotel,0,82,2016,April,18,26,0,3,2,0.0,0,BB,DEU,Offline TA/TO,TA/TO,0,0,0,D,D,0,No Deposit,27.0,0,Transient,90.95,0,0
City Hotel,0,45,2016,April,18,24,2,3,2,0.0,0,BB,NLD,Online TA,TA/TO,0,0,0,A,B,1,No Deposit,9.0,0,Transient-Party,99.79,0,0
City Hotel,0,45,2016,April,18,24,2,3,2,0.0,0,BB,NLD,Online TA,TA/TO,0,0,0,A,B,1,No Deposit,9.0,0,Transient-Party,108.79,0,0
City Hotel,0,63,2016,April,18,24,2,3,2,0.0,0,BB,FRA,Online TA,TA/TO,0,0,0,A,A,0,No Deposit,9.0,0,Transient,99.79,0,1
City Hotel,0,60,2016,April,18,27,0,2,2,0.0,0,BB,ISR,Online TA,TA/TO,0,0,0,A,A,0,No Deposit,9.0,0,Transient,106.2,0,1
City Hotel,0,41,2016,April,17,22,2,5,2,0.0,0,BB,FRA,Online TA,TA/TO,0,0,0,D,D,0,No Deposit,7.0,0,Transient,87.09,0,1
City Hotel,0,92,2016,April,18,24,2,3,2,0.0,0,HB,FIN,Online TA,TA/TO,0,0,0,A,A,1,No Deposit,9.0,0,Transient,97.41,0,1
City Hotel,0,5,2016,April,18,28,0,1,2,0.0,0,HB,PRT,Online TA,TA/TO,0,0,0,A,A,0,No Deposit,7.0,0,Transient,130.13,0,0
City Hotel,0,57,2016,April,17,22,2,5,2,0.0,0,BB,BIH,Online TA,TA/TO,0,0,0,E,E,0,No Deposit,11.0,0,Transient,105.25,0,0
City Hotel,0,22,2016,April,18,26,0,4,2,0.0,0,BB,BRA,Online TA,TA/TO,0,0,0,F,F,1,No Deposit,7.0,0,Transient,156.7,0,2
City Hotel,0,44,2016,April,18,29,0,1,2,0.0,0,BB,BGR,Offline TA/TO,TA/TO,0,0,0,A,E,0,No Deposit,85.0,0,Transient,85.5,0,0
City Hotel,0,99,2016,April,18,28,0,2,2,0.0,0,BB,BRA,Online TA,TA/TO,0,0,0,A,A,0,No Deposit,9.0,0,Transient,114.3,0,1
City Hotel,0,75,2016,April,18,25,1,4,2,0.0,0,BB,DEU,Offline TA/TO,TA/TO,0,0,0,A,A,0,No Deposit,27.0,0,Transient,80.75,0,0
City Hotel,0,8,2016,April,18,27,0,3,2,0.0,0,BB,FRA,Online TA,TA/TO,0,0,0,A,A,0,No Deposit,9.0,0,Transient,140.0,0,2
City Hotel,0,74,2016,April,18,28,0,2,2,0.0,0,SC,PRT,Online TA,TA/TO,0,0,0,A,A,0,No Deposit,7.0,0,Transient,77.62,0,0
City Hotel,0,73,2016,April,18,27,0,3,2,0.0,0,SC,DEU,Online TA,TA/TO,0,0,0,A,A,0,No Deposit,7.0,0,Transient,82.69,0,1
City Hotel,0,101,2016,April,18,26,0,4,2,0.0,0,BB,DEU,Online TA,TA/TO,0,0,0,A,A,0,No Deposit,9.0,0,Transient,93.08,0,1
City Hotel,0,100,2016,April,18,26,0,4,2,0.0,0,BB,FRA,Online TA,TA/TO,0,0,0,A,A,0,No Deposit,9.0,0,Transient,93.08,0,1
City Hotel,0,44,2016,April,18,26,0,4,2,0.0,0,BB,DEU,Online TA,TA/TO,0,0,0,D,E,0,No Deposit,9.0,0,Transient,119.38,0,1
City Hotel,0,95,2016,April,18,26,0,4,2,0.0,0,BB,NLD,Online TA,TA/TO,0,0,0,A,A,0,No Deposit,9.0,0,Transient,95.2,0,1
City Hotel,0,54,2016,April,18,27,0,3,2,0.0,0,SC,FRA,Online TA,TA/TO,0,0,0,A,A,0,No Deposit,7.0,0,Transient,78.77,0,1
City Hotel,0,9,2016,April,18,27,0,3,2,0.0,0,BB,FRA,Online TA,TA/TO,0,0,0,A,A,0,No Deposit,9.0,0,Transient,131.0,0,1
City Hotel,0,30,2016,April,18,27,0,3,2,0.0,0,BB,GBR,Online TA,TA/TO,0,0,0,D,D,0,No Deposit,9.0,0,Transient,126.6,0,2
City Hotel,0,109,2016,April,18,25,1,4,2,0.0,0,SC,BHR,Online TA,TA/TO,0,0,0,A,A,0,No Deposit,9.0,0,Transient,80.75,0,2
City Hotel,0,78,2016,April,18,26,0,4,2,0.0,0,BB,FRA,Offline TA/TO,TA/TO,0,0,0,A,D,0,No Deposit,28.0,0,Transient,75.0,0,0
City Hotel,0,57,2016,April,17,21,2,7,2,0.0,0,BB,DZA,Online TA,TA/TO,0,0,0,D,D,0,No Deposit,9.0,0,Transient,114.66,0,1
City Hotel,0,14,2016,April,18,29,0,1,2,0.0,0,BB,PRT,Offline TA/TO,TA/TO,0,0,0,A,A,0,No Deposit,21.0,0,Transient-Party,65.0,0,0
City Hotel,0,79,2016,April,18,27,0,3,2,0.0,0,BB,FRA,Offline TA/TO,TA/TO,0,0,0,A,D,0,No Deposit,28.0,0,Transient,75.0,0,0
City Hotel,0,100,2016,April,18,25,1,4,2,0.0,0,BB,NLD,Online TA,TA/TO,0,0,0,A,A,2,No Deposit,9.0,0,Transient,92.65,0,2
City Hotel,0,63,2016,April,18,26,0,4,2,0.0,0,BB,ESP,Offline TA/TO,TA/TO,0,0,0,A,A,1,No Deposit,138.0,0,Transient,80.75,0,0
City Hotel,0,63,2016,April,18,25,1,4,2,0.0,0,BB,FRA,Online TA,TA/TO,0,0,0,A,A,0,No Deposit,9.0,0,Transient,103.87,0,1
City Hotel,0,14,2016,April,18,29,0,1,2,0.0,0,BB,PRT,Offline TA/TO,TA/TO,0,0,0,A,A,0,No Deposit,21.0,0,Transient-Party,65.0,0,0
City Hotel,0,108,2016,April,18,26,0,4,2,0.0,0,BB,BEL,Online TA,TA/TO,0,0,0,D,D,0,No Deposit,9.0,0,Transient,101.58,0,2
City Hotel,0,57,2016,April,18,26,0,4,2,0.0,0,BB,FRA,Online TA,TA/TO,0,0,0,D,D,0,No Deposit,9.0,0,Transient,117.73,0,1
City Hotel,0,95,2016,April,17,23,2,5,2,0.0,0,BB,GBR,Offline TA/TO,TA/TO,0,0,0,A,A,1,No Deposit,83.0,0,Transient,87.04,0,0
City Hotel,0,14,2016,April,18,29,0,1,2,0.0,0,BB,DEU,Online TA,TA/TO,0,0,0,A,E,0,No Deposit,8.0,0,Transient,141.0,0,1
City Hotel,0,14,2016,April,18,29,0,1,2,0.0,0,BB,PRT,Offline TA/TO,TA/TO,0,0,0,A,A,0,No Deposit,21.0,0,Transient-Party,65.0,0,0
City Hotel,0,57,2016,April,18,26,0,4,2,0.0,0,BB,ROU,Offline TA/TO,TA/TO,0,0,0,A,A,0,No Deposit,168.0,0,Transient,85.5,0,1
City Hotel,0,94,2016,April,18,28,0,2,2,0.0,0,BB,AUT,Online TA,TA/TO,0,0,0,D,D,0,No Deposit,9.0,0,Transient-Party,125.1,0,1
City Hotel,0,94,2016,April,18,28,0,2,2,0.0,0,BB,DEU,Online TA,TA/TO,0,0,0,A,A,0,No Deposit,9.0,0,Transient-Party,111.6,0,0
City Hotel,0,78,2016,April,18,26,0,4,2,0.0,0,HB,PRT,Offline TA/TO,TA/TO,0,0,0,A,D,0,No Deposit,28.0,0,Transient,105.0,0,0
City Hotel,0,12,2016,April,18,27,0,3,2,0.0,0,SC,PRT,Online TA,TA/TO,0,0,0,A,A,0,No Deposit,9.0,0,Transient,122.33,0,0
City Hotel,0,75,2016,April,18,26,0,4,2,0.0,0,BB,POL,Offline TA/TO,TA/TO,0,0,0,A,A,0,No Deposit,28.0,0,Transient,75.0,0,0
City Hotel,0,43,2016,April,18,27,0,3,2,0.0,0,BB,PRT,Online TA,TA/TO,0,0,0,D,D,0,No Deposit,9.0,0,Transient,126.6,0,0
City Hotel,0,14,2016,April,18,29,0,1,2,0.0,0,BB,PRT,Offline TA/TO,TA/TO,0,0,0,A,A,0,No Deposit,21.0,0,Transient-Party,65.0,0,0
City Hotel,0,75,2016,April,18,26,0,4,2,0.0,0,BB,DEU,Direct,Direct,0,0,0,D,D,0,No Deposit,14.0,0,Transient,105.83,0,0
City Hotel,0,41,2016,April,18,28,0,3,2,0.0,0,BB,GBR,Online TA,TA/TO,0,0,0,A,A,1,No Deposit,9.0,0,Transient,120.0,0,1
City Hotel,0,84,2016,April,18,27,0,4,2,0.0,0,BB,NOR,Online TA,TA/TO,0,0,0,D,D,0,No Deposit,9.0,0,Transient,118.15,0,1
City Hotel,0,51,2016,April,18,26,0,5,2,0.0,0,BB,FRA,Online TA,TA/TO,0,0,0,D,D,0,No Deposit,9.0,0,Transient,120.7,0,1
City Hotel,0,84,2016,April,18,27,0,4,2,0.0,0,BB,NOR,Online TA,TA/TO,0,0,0,A,A,0,No Deposit,9.0,0,Transient,105.4,0,1
City Hotel,0,84,2016,April,18,27,0,4,2,0.0,0,BB,NOR,Online TA,TA/TO,0,0,0,D,D,0,No Deposit,9.0,0,Transient,118.15,0,1
City Hotel,0,84,2016,April,18,27,0,4,2,0.0,0,BB,NOR,Online TA,TA/TO,0,0,0,A,A,0,No Deposit,8.0,0,Transient,105.4,0,1
City Hotel,0,0,2016,April,18,28,0,3,2,0.0,0,BB,DEU,Online TA,TA/TO,0,0,0,D,D,0,No Deposit,7.0,0,Transient,84.14,0,1
City Hotel,0,84,2016,April,18,27,0,4,2,0.0,0,BB,NOR,Online TA,TA/TO,0,0,0,A,A,0,No Deposit,9.0,0,Transient,105.4,0,1
City Hotel,0,42,2016,April,18,24,2,5,2,0.0,0,BB,DEU,Online TA,TA/TO,0,0,0,A,A,0,No Deposit,7.0,0,Transient,81.73,0,1
City Hotel,0,73,2016,April,18,28,0,3,2,0.0,0,SC,FRA,Online TA,TA/TO,0,0,0,A,A,0,No Deposit,9.0,0,Transient,105.9,0,0
City Hotel,0,106,2016,April,18,28,0,3,2,0.0,0,BB,ITA,Online TA,TA/TO,0,0,0,D,D,0,No Deposit,7.0,0,Transient,85.7,0,1
City Hotel,0,53,2016,April,18,28,0,3,2,0.0,0,BB,JPN,Online TA,TA/TO,0,0,0,A,A,0,No Deposit,9.0,0,Transient,120.0,0,1
City Hotel,0,142,2016,April,18,29,0,2,2,0.0,0,BB,ITA,Groups,TA/TO,0,0,0,A,A,0,No Deposit,1.0,0,Transient-Party,65.0,0,1
City Hotel,0,142,2016,April,18,29,0,2,2,0.0,0,BB,ITA,Groups,TA/TO,0,0,0,A,A,0,No Deposit,1.0,0,Transient-Party,65.0,0,1
City Hotel,0,142,2016,April,18,29,0,2,2,0.0,0,BB,ITA,Groups,TA/TO,0,0,0,A,A,2,No Deposit,1.0,0,Transient-Party,0.0,0,0
City Hotel,0,142,2016,April,18,29,0,2,2,0.0,0,BB,ITA,Groups,TA/TO,0,0,0,A,A,0,No Deposit,1.0,0,Transient-Party,65.0,0,1
City Hotel,0,142,2016,April,18,29,0,2,2,0.0,0,BB,ITA,Groups,TA/TO,0,0,0,A,A,0,No Deposit,1.0,0,Transient,65.0,0,1
City Hotel,0,142,2016,April,18,29,0,2,2,0.0,0,BB,ITA,Groups,TA/TO,0,0,0,A,A,0,No Deposit,1.0,0,Transient-Party,65.0,0,1
City Hotel,0,142,2016,April,18,29,0,2,2,0.0,0,BB,ITA,Groups,TA/TO,0,0,0,A,A,0,No Deposit,1.0,0,Transient-Party,65.0,0,1
City Hotel,0,142,2016,April,18,29,0,2,2,0.0,0,BB,ITA,Groups,TA/TO,0,0,0,A,A,0,No Deposit,1.0,0,Transient-Party,65.0,0,1
City Hotel,0,142,2016,April,18,29,0,2,2,0.0,0,BB,ITA,Groups,TA/TO,0,0,0,A,A,0,No Deposit,1.0,0,Transient-Party,65.0,0,1
City Hotel,0,142,2016,April,18,29,0,2,2,0.0,0,BB,PRT,Groups,TA/TO,0,0,0,A,A,0,No Deposit,1.0,0,Transient-Party,65.0,0,1
City Hotel,0,80,2016,April,18,28,0,3,2,0.0,0,BB,PRT,Online TA,TA/TO,0,0,0,D,D,0,No Deposit,7.0,0,Transient,95.24,0,0
City Hotel,0,36,2016,April,18,29,0,2,2,0.0,0,BB,FRA,Online TA,TA/TO,0,0,0,D,D,0,No Deposit,9.0,0,Transient,140.4,0,1
City Hotel,0,80,2016,April,18,28,0,3,2,0.0,0,BB,ITA,Online TA,TA/TO,0,0,0,D,D,0,No Deposit,7.0,0,Transient,95.24,0,1
City Hotel,0,2,2016,May,19,1,0,0,2,0.0,0,SC,PRT,Online TA,TA/TO,0,0,0,A,D,0,No Deposit,9.0,0,Transient,0.0,0,0
City Hotel,0,106,2016,April,18,27,0,4,2,0.0,0,BB,ITA,Online TA,TA/TO,0,0,0,A,A,0,No Deposit,9.0,0,Transient,95.2,0,0
City Hotel,0,25,2016,April,18,30,0,1,2,0.0,0,BB,ESP,Online TA,TA/TO,0,0,0,D,D,0,No Deposit,9.0,0,Transient,156.0,0,2
City Hotel,0,9,2016,April,18,29,0,2,2,0.0,0,BB,PRT,Groups,TA/TO,0,0,0,A,A,0,No Deposit,29.0,0,Transient-Party,110.0,0,0
City Hotel,0,9,2016,April,18,29,0,2,2,0.0,0,BB,PRT,Groups,TA/TO,0,0,0,A,A,0,No Deposit,29.0,0,Transient-Party,110.0,0,0
City Hotel,0,106,2016,April,18,28,0,3,2,0.0,0,BB,ITA,Online TA,TA/TO,0,0,0,D,D,0,No Deposit,9.0,0,Transient,111.3,0,0
City Hotel,0,80,2016,April,18,28,0,3,2,0.0,0,BB,GBR,Online TA,TA/TO,0,0,0,D,D,0,No Deposit,9.0,0,Transient,130.2,0,1
City Hotel,0,103,2016,April,18,29,0,2,2,0.0,0,BB,BEL,Direct,Direct,0,0,0,D,D,0,No Deposit,14.0,0,Transient,108.9,0,0
City Hotel,0,58,2016,April,18,27,0,4,2,0.0,0,SC,FRA,Online TA,TA/TO,0,0,0,A,A,0,No Deposit,9.0,0,Transient,99.88,0,1
City Hotel,0,59,2016,April,18,28,0,3,2,0.0,0,BB,CHE,Offline TA/TO,TA/TO,0,0,0,A,A,0,No Deposit,168.0,0,Transient,80.75,0,0
City Hotel,0,71,2016,April,18,27,0,4,2,0.0,0,BB,ITA,Online TA,TA/TO,0,0,0,A,A,0,No Deposit,9.0,0,Transient,105.4,0,0
City Hotel,0,9,2016,April,18,29,0,2,2,0.0,0,BB,PRT,Groups,TA/TO,0,0,0,A,A,0,No Deposit,29.0,0,Transient-Party,110.0,0,0
City Hotel,0,97,2016,April,18,27,0,4,2,0.0,0,BB,ITA,Online TA,TA/TO,0,0,0,A,A,0,No Deposit,9.0,0,Transient,99.45,0,1
City Hotel,0,9,2016,April,18,29,0,2,2,0.0,0,BB,PRT,Groups,TA/TO,0,0,0,A,A,0,No Deposit,29.0,0,Transient-Party,110.0,0,0
City Hotel,0,9,2016,April,18,29,0,2,2,0.0,0,BB,PRT,Groups,TA/TO,0,0,0,A,A,0,No Deposit,29.0,0,Transient-Party,110.0,0,0
City Hotel,0,9,2016,April,18,29,0,2,2,0.0,0,BB,PRT,Groups,TA/TO,0,0,0,A,A,0,No Deposit,29.0,0,Transient-Party,110.0,0,0
City Hotel,0,9,2016,April,18,29,0,2,2,0.0,0,BB,PRT,Groups,TA/TO,0,0,0,A,A,0,No Deposit,29.0,0,Transient-Party,110.0,0,0
City Hotel,0,9,2016,April,18,29,0,2,2,0.0,0,BB,PRT,Groups,TA/TO,0,0,0,A,A,0,No Deposit,29.0,0,Transient-Party,110.0,0,0
City Hotel,0,9,2016,April,18,29,0,2,2,0.0,0,BB,PRT,Groups,TA/TO,0,0,0,A,A,0,No Deposit,29.0,0,Transient-Party,110.0,0,0
City Hotel,0,9,2016,April,18,29,0,2,2,0.0,0,BB,PRT,Groups,TA/TO,0,0,0,A,A,0,No Deposit,29.0,0,Transient-Party,110.0,0,0
City Hotel,0,9,2016,April,18,29,0,2,2,0.0,0,BB,PRT,Groups,TA/TO,0,0,0,A,A,0,No Deposit,29.0,0,Transient-Party,110.0,0,0
City Hotel,0,65,2016,April,18,27,0,4,2,0.0,0,BB,FRA,Offline TA/TO,TA/TO,0,0,0,A,D,0,No Deposit,28.0,0,Transient,80.75,0,0
City Hotel,0,88,2016,April,18,30,0,1,2,0.0,0,BB,PRT,Online TA,TA/TO,0,0,0,A,A,0,No Deposit,9.0,0,Transient-Party,126.9,0,1
City Hotel,0,26,2016,April,18,28,0,3,2,0.0,0,BB,ITA,Direct,Direct,0,0,0,A,A,0,No Deposit,,0,Transient,110.0,0,0
City Hotel,0,59,2016,April,18,24,2,5,2,0.0,0,BB,NLD,Online TA,TA/TO,0,0,0,D,A,0,No Deposit,9.0,0,Transient,118.27,0,1
City Hotel,0,97,2016,April,18,28,0,3,2,0.0,0,BB,SWE,Online TA,TA/TO,0,0,0,A,A,0,No Deposit,9.0,0,Transient,108.3,0,1
City Hotel,0,58,2016,April,18,28,0,3,2,0.0,0,BB,FRA,Direct,Direct,0,0,0,A,A,0,No Deposit,14.0,0,Transient,109.2,0,0
City Hotel,0,43,2016,April,18,28,0,3,2,0.0,0,SC,GBR,Online TA,TA/TO,0,0,0,A,A,0,No Deposit,9.0,0,Transient,109.2,0,2
City Hotel,0,0,2016,April,18,30,0,1,2,0.0,0,BB,PRT,Online TA,TA/TO,0,0,0,A,B,0,No Deposit,9.0,0,Transient,131.0,0,0
City Hotel,0,104,2016,April,18,28,0,3,2,0.0,0,BB,CHE,Online TA,TA/TO,0,0,0,A,A,0,No Deposit,9.0,0,Transient,102.3,0,0
City Hotel,0,19,2016,April,18,30,0,1,2,0.0,0,BB,DEU,Online TA,TA/TO,0,0,0,A,G,0,No Deposit,9.0,0,Transient,141.0,0,1
City Hotel,0,47,2016,April,18,28,0,3,2,0.0,0,BB,FRA,Online TA,TA/TO,0,0,0,A,A,0,No Deposit,9.0,0,Transient,120.0,0,0
City Hotel,0,7,2016,April,18,27,1,4,2,0.0,0,SC,CHN,Online TA,TA/TO,0,0,0,A,A,0,No Deposit,9.0,0,Transient,121.0,0,1
City Hotel,0,41,2016,April,18,28,1,3,2,0.0,0,BB,FRA,Online TA,TA/TO,0,0,0,A,A,0,No Deposit,9.0,0,Transient,121.73,0,1
City Hotel,0,86,2016,April,18,26,1,5,2,0.0,0,SC,GBR,Online TA,TA/TO,0,0,0,A,A,0,No Deposit,9.0,0,Transient,95.2,0,1
City Hotel,0,84,2016,April,18,28,1,3,2,0.0,0,BB,PRT,Direct,Direct,0,0,0,A,A,0,No Deposit,14.0,0,Transient-Party,102.43,0,1
City Hotel,0,84,2016,April,18,28,1,3,2,0.0,0,BB,BEL,Direct,Direct,0,0,0,A,A,0,No Deposit,14.0,0,Transient-Party,102.43,0,1
City Hotel,0,5,2016,May,19,1,1,0,2,0.0,0,BB,BRA,Online TA,TA/TO,0,0,0,D,D,2,No Deposit,9.0,0,Transient,155.0,0,1
City Hotel,0,127,2016,April,18,28,1,3,2,0.0,0,BB,USA,Offline TA/TO,TA/TO,0,0,0,A,A,0,No Deposit,3.0,0,Transient-Party,90.0,0,0
City Hotel,0,127,2016,April,18,28,1,3,2,0.0,0,BB,USA,Offline TA/TO,TA/TO,0,0,0,A,A,0,No Deposit,3.0,0,Transient-Party,90.0,0,0
City Hotel,0,127,2016,April,18,28,1,3,2,0.0,0,BB,USA,Offline TA/TO,TA/TO,0,0,0,A,A,0,No Deposit,3.0,0,Transient-Party,90.0,0,0
City Hotel,0,127,2016,April,18,28,1,3,2,0.0,0,BB,USA,Offline TA/TO,TA/TO,0,0,0,A,A,0,No Deposit,3.0,0,Transient,90.0,0,0
City Hotel,0,127,2016,April,18,28,1,3,2,0.0,0,BB,USA,Offline TA/TO,TA/TO,0,0,0,A,A,0,No Deposit,3.0,0,Transient-Party,90.0,0,0
City Hotel,0,127,2016,April,18,28,1,3,2,0.0,0,BB,USA,Offline TA/TO,TA/TO,0,0,0,A,A,0,No Deposit,3.0,0,Transient-Party,90.0,0,0
City Hotel,0,127,2016,April,18,28,1,3,2,0.0,0,BB,PRT,Offline TA/TO,TA/TO,0,0,0,A,A,0,No Deposit,3.0,0,Transient-Party,90.0,0,0
City Hotel,0,127,2016,April,18,28,1,3,2,0.0,0,BB,USA,Offline TA/TO,TA/TO,0,0,0,A,A,0,No Deposit,3.0,0,Transient-Party,90.0,0,0
City Hotel,0,61,2016,April,18,30,1,1,2,0.0,0,BB,GBR,Online TA,TA/TO,0,0,0,A,A,0,No Deposit,7.0,0,Transient,97.71,0,0
City Hotel,0,63,2016,April,18,29,1,2,2,0.0,0,BB,ESP,Online TA,TA/TO,0,0,0,A,A,0,No Deposit,9.0,0,Transient-Party,126.9,0,1
City Hotel,0,61,2016,April,18,30,1,1,2,0.0,0,BB,ESP,Offline TA/TO,TA/TO,0,0,0,A,B,1,No Deposit,85.0,0,Transient,89.75,0,1
City Hotel,0,61,2016,April,18,30,1,1,2,0.0,0,BB,ESP,Offline TA/TO,TA/TO,0,0,0,A,B,1,No Deposit,85.0,0,Transient,89.75,0,1
City Hotel,0,106,2016,April,18,29,1,2,2,0.0,0,BB,ITA,Direct,Direct,0,0,0,A,B,1,No Deposit,14.0,0,Transient-Party,94.5,0,0
City Hotel,0,106,2016,April,18,29,1,2,2,0.0,0,BB,ITA,Direct,Direct,0,0,0,A,B,1,No Deposit,14.0,0,Transient-Party,94.5,0,0
City Hotel,0,105,2016,April,18,29,1,2,2,0.0,0,BB,ITA,Direct,Direct,0,0,0,A,A,0,No Deposit,14.0,0,Transient,94.5,0,0
City Hotel,0,20,2016,April,18,30,1,1,2,0.0,0,BB,UKR,Online TA,TA/TO,0,0,0,A,G,0,No Deposit,9.0,0,Transient,136.0,0,1
City Hotel,0,13,2016,April,18,29,1,2,2,0.0,0,SC,PRT,Online TA,TA/TO,0,0,0,A,A,0,No Deposit,9.0,0,Transient,125.67,0,1
City Hotel,0,87,2016,April,18,27,1,4,2,0.0,0,BB,FRA,Online TA,TA/TO,0,0,0,A,A,0,No Deposit,9.0,0,Transient,108.29,0,0
City Hotel,0,47,2016,April,18,28,1,3,2,0.0,0,BB,PRT,Online TA,TA/TO,0,0,0,A,A,0,No Deposit,7.0,0,Transient,88.52,0,1
City Hotel,0,68,2016,April,18,28,1,3,2,0.0,0,SC,FRA,Online TA,TA/TO,0,0,0,A,A,0,No Deposit,9.0,0,Transient,104.76,0,2
City Hotel,0,64,2016,April,18,29,1,2,2,0.0,0,SC,PRT,Online TA,TA/TO,0,0,0,A,A,0,No Deposit,9.0,0,Transient-Party,116.1,0,2
City Hotel,0,64,2016,April,18,29,1,2,2,0.0,0,SC,GBR,Online TA,TA/TO,0,0,0,A,A,0,No Deposit,9.0,0,Transient-Party,116.1,0,1
City Hotel,0,95,2016,April,18,27,1,4,2,0.0,0,SC,CHE,Online TA,TA/TO,0,0,0,A,A,0,No Deposit,9.0,0,Transient,89.25,0,1
City Hotel,0,42,2016,April,18,28,1,3,2,0.0,0,SC,FRA,Online TA,TA/TO,0,0,0,A,A,0,No Deposit,9.0,0,Transient,109.31,0,1
City Hotel,0,81,2016,April,18,29,1,2,2,0.0,0,BB,FRA,Offline TA/TO,TA/TO,0,0,0,A,D,0,No Deposit,28.0,0,Transient,75.0,0,0
City Hotel,0,9,2016,April,18,28,1,3,2,0.0,0,BB,GBR,Online TA,TA/TO,0,0,0,A,A,0,No Deposit,8.0,0,Transient,133.5,0,1
City Hotel,0,93,2016,April,18,26,1,5,2,0.0,0,BB,FRA,Online TA,TA/TO,0,0,0,A,A,0,No Deposit,9.0,0,Transient,105.4,0,0
City Hotel,0,84,2016,April,18,29,1,2,2,0.0,0,BB,GBR,Offline TA/TO,TA/TO,0,0,0,A,A,0,No Deposit,85.0,0,Transient,89.75,0,0
City Hotel,0,99,2016,April,18,28,1,3,2,0.0,0,BB,POL,Online TA,TA/TO,0,0,0,A,A,0,No Deposit,9.0,0,Transient,101.58,0,1
City Hotel,0,2,2016,April,18,27,1,4,2,0.0,0,BB,GBR,Online TA,TA/TO,0,0,0,F,F,0,No Deposit,7.0,0,Transient,162.47,0,2
City Hotel,0,79,2016,April,18,28,1,3,2,0.0,0,BB,NLD,Online TA,TA/TO,0,0,0,D,D,0,No Deposit,9.0,0,Transient-Party,125.38,0,0
City Hotel,0,47,2016,April,18,28,1,3,2,0.0,0,BB,ARG,Online TA,TA/TO,0,0,0,A,A,0,No Deposit,9.0,0,Transient,123.96,1,1
City Hotel,0,73,2016,April,18,29,1,2,2,0.0,0,BB,CHE,Online TA,TA/TO,0,0,0,A,A,0,No Deposit,11.0,0,Transient,91.36,0,0
City Hotel,0,105,2016,April,18,29,1,2,2,0.0,0,BB,ITA,Direct,Direct,0,0,0,A,E,0,No Deposit,14.0,0,Transient,94.5,0,0
City Hotel,0,79,2016,April,18,28,1,3,2,0.0,0,BB,NLD,Online TA,TA/TO,0,0,0,D,D,0,No Deposit,9.0,0,Transient-Party,125.38,0,0
City Hotel,0,90,2016,May,19,1,2,0,2,0.0,0,BB,PRT,Offline TA/TO,TA/TO,0,0,0,A,A,0,No Deposit,22.0,0,Transient,80.75,0,0
City Hotel,0,24,2016,April,18,29,2,2,2,0.0,0,BB,GBR,Online TA,TA/TO,0,0,0,D,E,0,No Deposit,9.0,0,Transient,156.0,0,0
City Hotel,0,222,2016,April,18,28,2,3,2,0.0,0,BB,FRA,Online TA,TA/TO,0,0,0,A,A,0,No Deposit,9.0,0,Transient,118.0,0,0
City Hotel,0,88,2016,May,19,2,1,0,2,0.0,0,BB,ISR,Direct,Direct,0,0,0,A,A,0,No Deposit,14.0,0,Transient,125.1,1,0
City Hotel,0,33,2016,April,18,29,2,2,2,0.0,0,BB,BEL,Online TA,TA/TO,0,0,0,D,D,0,No Deposit,9.0,0,Transient,140.4,0,1
City Hotel,0,33,2016,April,18,29,2,2,2,0.0,0,BB,BEL,Online TA,TA/TO,0,0,0,D,D,0,No Deposit,9.0,0,Transient,140.4,0,1
City Hotel,0,162,2016,April,18,27,2,4,2,0.0,0,BB,BRA,Direct,Direct,0,0,0,D,D,0,No Deposit,14.0,0,Transient,92.08,0,0
City Hotel,0,99,2016,April,18,27,2,4,2,0.0,0,BB,USA,Online TA,TA/TO,0,0,0,D,D,0,No Deposit,9.0,0,Transient,107.95,0,1
City Hotel,0,30,2016,April,18,29,2,2,2,0.0,0,BB,SRB,Online TA,TA/TO,0,0,0,D,D,0,No Deposit,9.0,0,Transient,140.4,0,1
City Hotel,0,78,2016,April,18,28,2,3,2,0.0,0,BB,GRC,Direct,Direct,0,0,0,A,A,0,No Deposit,14.0,0,Transient,103.87,0,1
City Hotel,0,161,2016,April,18,29,2,2,2,0.0,0,SC,AUS,Online TA,TA/TO,0,0,0,A,A,0,No Deposit,9.0,0,Contract,95.2,0,1
City Hotel,0,4,2016,May,19,2,1,0,2,0.0,0,BB,NLD,Offline TA/TO,TA/TO,0,0,0,A,A,0,No Deposit,85.0,0,Transient,95.0,0,0
City Hotel,0,101,2016,May,19,1,2,0,2,0.0,0,SC,GBR,Online TA,TA/TO,0,0,0,A,A,0,No Deposit,9.0,0,Transient,103.5,0,1
City Hotel,0,98,2016,April,18,26,2,5,2,0.0,0,BB,FRA,Online TA,TA/TO,0,0,0,A,A,0,No Deposit,9.0,0,Transient,98.24,0,1
City Hotel,0,35,2016,April,18,30,2,1,2,0.0,0,BB,GBR,Online TA,TA/TO,0,0,0,D,D,0,No Deposit,9.0,0,Transient,140.4,0,1
City Hotel,0,104,2016,April,18,28,2,3,2,0.0,0,SC,DEU,Online TA,TA/TO,0,0,0,A,A,0,No Deposit,9.0,0,Transient,96.55,1,1
City Hotel,0,19,2016,April,18,29,2,2,2,0.0,0,BB,GBR,Online TA,TA/TO,0,0,0,A,A,0,No Deposit,7.0,0,Transient,106.65,0,1
City Hotel,0,0,2016,April,18,30,2,1,2,0.0,0,BB,FRA,Online TA,TA/TO,0,0,0,A,A,2,No Deposit,9.0,0,Transient,106.2,0,0
City Hotel,0,100,2016,April,18,28,2,3,2,0.0,0,BB,PRT,Online TA,TA/TO,0,0,0,A,A,0,No Deposit,9.0,0,Transient,101.15,0,1
City Hotel,0,109,2016,April,18,28,2,3,2,0.0,0,BB,DEU,Online TA,TA/TO,0,0,0,A,A,0,No Deposit,9.0,0,Transient,97.75,0,1
City Hotel,0,47,2016,April,18,29,2,2,2,0.0,0,BB,CN,Online TA,TA/TO,0,0,0,D,D,0,No Deposit,9.0,0,Transient,132.6,0,2
City Hotel,0,61,2016,May,21,15,1,0,2,0.0,0,BB,CN,Online TA,TA/TO,0,0,1,A,E,0,No Deposit,9.0,0,Transient,135.9,0,2
City Hotel,0,77,2016,May,19,1,2,0,2,0.0,0,BB,NLD,Online TA,TA/TO,0,0,0,D,D,0,No Deposit,9.0,0,Transient,140.4,0,0
City Hotel,0,77,2016,May,19,1,2,0,2,0.0,0,SC,PRT,Online TA,TA/TO,0,0,0,A,A,0,No Deposit,9.0,0,Transient,125.1,1,0
City Hotel,0,54,2016,April,18,30,2,1,2,0.0,0,SC,IRL,Offline TA/TO,TA/TO,0,0,0,A,A,1,No Deposit,138.0,0,Transient,85.0,0,0
City Hotel,0,3,2016,April,18,29,2,2,2,0.0,0,BB,FRA,Offline TA/TO,TA/TO,0,0,0,A,A,0,No Deposit,138.0,0,Transient,95.0,0,0
City Hotel,0,0,2016,May,19,2,1,0,2,0.0,0,BB,PRT,Direct,Direct,0,0,0,A,A,0,No Deposit,,0,Transient,139.0,0,0
City Hotel,0,109,2016,April,18,30,2,1,2,0.0,0,BB,GBR,Online TA,TA/TO,0,0,0,A,A,0,No Deposit,7.0,0,Transient,77.03,0,1
City Hotel,0,109,2016,April,18,30,2,1,2,0.0,0,BB,GBR,Online TA,TA/TO,0,0,0,A,A,0,No Deposit,7.0,0,Transient,77.03,0,1
City Hotel,0,109,2016,April,18,30,2,1,2,0.0,0,BB,GBR,Online TA,TA/TO,0,0,0,A,A,0,No Deposit,7.0,0,Transient,77.03,0,1
City Hotel,0,109,2016,April,18,30,2,1,2,0.0,0,BB,GBR,Online TA,TA/TO,0,0,0,A,A,0,No Deposit,7.0,0,Transient,77.03,0,1
City Hotel,0,108,2016,April,18,30,2,1,2,0.0,0,BB,GBR,Online TA,TA/TO,0,0,0,A,A,0,No Deposit,7.0,0,Transient,77.03,0,1
City Hotel,0,101,2016,April,18,28,2,3,2,0.0,0,BB,PRT,Online TA,TA/TO,0,0,0,A,A,0,No Deposit,9.0,0,Transient,101.15,0,1
City Hotel,0,83,2016,April,18,26,2,5,2,0.0,0,BB,PRT,Online TA,TA/TO,0,0,0,A,A,0,No Deposit,9.0,0,Transient,107.46,0,1
City Hotel,0,89,2016,May,19,1,2,1,2,0.0,0,BB,FRA,Offline TA/TO,TA/TO,0,0,0,A,D,0,No Deposit,28.0,0,Transient,75.0,0,0
City Hotel,0,210,2016,May,19,2,1,1,2,0.0,0,BB,GBR,Online TA,TA/TO,0,0,0,A,A,0,No Deposit,7.0,0,Transient,88.7,0,0
City Hotel,0,100,2016,May,19,1,2,1,2,0.0,0,BB,PRT,Online TA,TA/TO,0,0,0,A,A,0,No Deposit,9.0,0,Transient-Party,105.3,0,1
City Hotel,0,180,2016,May,19,2,1,1,2,0.0,0,BB,PRT,Offline TA/TO,TA/TO,0,0,0,A,A,0,No Deposit,3.0,0,Transient-Party,100.0,0,1
City Hotel,0,180,2016,May,19,2,1,1,2,0.0,0,BB,PRT,Offline TA/TO,TA/TO,0,0,0,A,A,0,No Deposit,3.0,0,Transient-Party,100.0,0,1
City Hotel,0,180,2016,May,19,2,1,1,2,0.0,0,BB,PRT,Offline TA/TO,TA/TO,0,0,0,A,A,0,No Deposit,3.0,0,Transient-Party,100.0,0,1
City Hotel,0,1,2016,May,19,3,0,1,2,0.0,0,SC,FRA,Direct,Direct,0,0,0,A,A,0,No Deposit,14.0,0,Transient,129.0,0,0
City Hotel,0,180,2016,May,19,2,1,1,2,0.0,0,BB,ITA,Offline TA/TO,TA/TO,0,0,0,A,A,0,No Deposit,3.0,0,Transient-Party,100.0,0,1
City Hotel,0,180,2016,May,19,2,1,1,2,0.0,0,BB,ITA,Offline TA/TO,TA/TO,0,0,0,A,A,0,No Deposit,3.0,0,Transient-Party,100.0,0,1
City Hotel,0,108,2016,April,18,27,2,5,2,0.0,0,BB,FRA,Online TA,TA/TO,0,0,0,A,A,0,No Deposit,9.0,0,Transient,97.02,0,1
City Hotel,0,180,2016,May,19,2,1,1,2,0.0,0,BB,ITA,Offline TA/TO,TA/TO,0,0,0,A,B,0,No Deposit,3.0,0,Transient-Party,100.0,0,1
City Hotel,0,180,2016,May,19,2,1,1,2,0.0,0,BB,ITA,Offline TA/TO,TA/TO,0,0,0,A,A,0,No Deposit,3.0,0,Transient-Party,100.0,0,1
City Hotel,0,100,2016,May,19,1,2,1,2,0.0,0,BB,GBR,Online TA,TA/TO,0,0,0,A,A,0,No Deposit,9.0,0,Transient-Party,105.3,0,1
City Hotel,0,180,2016,May,19,2,1,1,2,0.0,0,BB,ITA,Offline TA/TO,TA/TO,0,0,0,A,A,0,No Deposit,3.0,0,Transient-Party,100.0,0,1
City Hotel,0,180,2016,May,19,2,1,1,2,0.0,0,BB,ITA,Offline TA/TO,TA/TO,0,0,0,A,A,0,No Deposit,3.0,0,Transient-Party,0.0,0,1
City Hotel,0,180,2016,May,19,2,1,1,2,0.0,0,BB,ITA,Offline TA/TO,TA/TO,0,0,0,A,A,0,No Deposit,3.0,0,Transient-Party,100.0,0,1
City Hotel,0,180,2016,May,19,2,1,1,2,0.0,0,BB,ITA,Offline TA/TO,TA/TO,0,0,0,A,A,0,No Deposit,3.0,0,Transient-Party,100.0,0,1
City Hotel,0,180,2016,May,19,2,1,1,2,0.0,0,BB,ITA,Offline TA/TO,TA/TO,0,0,0,A,A,0,No Deposit,3.0,0,Transient-Party,100.0,0,1
City Hotel,0,180,2016,May,19,2,1,1,2,0.0,0,BB,ITA,Offline TA/TO,TA/TO,0,0,0,A,A,0,No Deposit,3.0,0,Transient-Party,100.0,0,1
City Hotel,0,180,2016,May,19,2,1,1,2,0.0,0,BB,ITA,Offline TA/TO,TA/TO,0,0,0,A,A,0,No Deposit,3.0,0,Transient-Party,100.0,0,1
City Hotel,0,180,2016,May,19,2,1,1,2,0.0,0,BB,PRT,Offline TA/TO,TA/TO,0,0,0,A,A,0,No Deposit,3.0,0,Transient-Party,100.0,0,1
City Hotel,0,180,2016,May,19,2,1,1,2,0.0,0,BB,ITA,Offline TA/TO,TA/TO,0,0,0,A,A,0,No Deposit,3.0,0,Transient-Party,100.0,0,1
City Hotel,0,180,2016,May,19,2,1,1,2,0.0,0,BB,PRT,Offline TA/TO,TA/TO,0,0,0,A,A,0,No Deposit,3.0,0,Transient-Party,100.0,0,1
City Hotel,0,180,2016,May,19,2,1,1,2,0.0,0,BB,ITA,Offline TA/TO,TA/TO,0,0,0,A,A,0,No Deposit,3.0,0,Transient-Party,100.0,0,1
City Hotel,0,180,2016,May,19,2,1,1,2,0.0,0,BB,ITA,Offline TA/TO,TA/TO,0,0,0,A,A,0,No Deposit,3.0,0,Transient-Party,100.0,0,1
City Hotel,0,180,2016,May,19,2,1,1,2,0.0,0,BB,PRT,Offline TA/TO,TA/TO,0,0,0,A,A,0,No Deposit,3.0,0,Transient-Party,100.0,0,1
City Hotel,0,201,2016,May,19,1,2,1,2,0.0,0,BB,GBR,Online TA,TA/TO,0,0,0,A,A,0,No Deposit,9.0,0,Contract,106.2,0,1
City Hotel,0,80,2016,May,19,2,1,1,2,0.0,0,BB,FRA,Online TA,TA/TO,0,0,0,A,A,2,No Deposit,9.0,0,Transient,126.9,0,1
City Hotel,0,80,2016,May,19,2,1,1,2,0.0,0,BB,FRA,Online TA,TA/TO,0,0,0,A,A,0,No Deposit,9.0,0,Transient,126.9,0,1
City Hotel,0,80,2016,May,19,2,1,1,2,0.0,0,BB,FRA,Online TA,TA/TO,0,0,0,A,A,2,No Deposit,9.0,0,Transient,126.9,0,1
City Hotel,0,15,2016,May,19,2,1,1,2,0.0,0,BB,JPN,Online TA,TA/TO,0,0,0,A,A,0,No Deposit,8.0,0,Transient,141.0,0,1
City Hotel,0,4,2016,May,19,2,1,1,2,0.0,0,BB,PRT,Offline TA/TO,TA/TO,0,0,0,A,A,1,No Deposit,85.0,0,Transient,90.0,0,0
City Hotel,0,2,2016,December,51,14,0,3,2,0.0,0,BB,PRT,Corporate,Corporate,1,0,1,A,A,2,No Deposit,,0,Transient,86.0,0,1
City Hotel,0,104,2016,April,18,28,2,4,2,0.0,0,BB,DEU,Offline TA/TO,TA/TO,0,0,0,A,A,0,No Deposit,27.0,0,Transient,80.75,0,0
City Hotel,0,80,2016,May,19,1,2,1,2,0.0,0,BB,GBR,Online TA,TA/TO,0,0,0,D,D,0,No Deposit,9.0,0,Transient-Party,140.4,0,1
City Hotel,0,102,2016,April,18,27,2,5,2,0.0,0,SC,POL,Online TA,TA/TO,0,0,0,A,A,0,No Deposit,9.0,0,Transient,86.82,0,1
City Hotel,0,56,2016,May,19,3,0,1,2,0.0,0,BB,PRT,Complementary,Direct,0,0,0,D,D,0,No Deposit,,0,Transient,0.0,0,0
City Hotel,0,10,2016,May,19,3,0,1,2,0.0,0,SC,PRT,Direct,Direct,0,0,0,A,A,0,No Deposit,,0,Transient,58.0,0,1
City Hotel,0,10,2016,May,19,3,0,1,2,0.0,0,SC,PRT,Direct,Direct,0,0,0,A,A,0,No Deposit,,0,Transient,58.0,0,1
City Hotel,0,44,2016,April,18,30,2,2,2,0.0,0,BB,NAM,Online TA,TA/TO,0,0,0,A,A,0,No Deposit,9.0,0,Transient,121.61,0,0
City Hotel,0,33,2016,April,18,29,2,3,2,0.0,0,BB,RUS,Online TA,TA/TO,0,0,0,D,D,0,No Deposit,9.0,0,Transient,140.4,0,0
City Hotel,0,80,2016,May,19,1,2,1,2,0.0,0,BB,GBR,Online TA,TA/TO,0,0,0,D,D,0,No Deposit,9.0,0,Transient-Party,140.4,0,1
City Hotel,0,70,2016,May,19,1,2,1,2,0.0,0,BB,FRA,Direct,Direct,0,0,0,D,D,0,No Deposit,14.0,0,Transient,135.0,0,0
City Hotel,0,76,2016,April,18,30,2,2,2,0.0,0,BB,FRA,Online TA,TA/TO,0,0,0,D,D,0,No Deposit,9.0,0,Transient,132.6,0,0
City Hotel,0,2,2016,May,19,2,1,1,2,0.0,0,BB,FRA,Online TA,TA/TO,0,0,0,A,A,0,No Deposit,9.0,0,Transient,141.0,0,1
City Hotel,0,72,2016,May,19,2,1,1,2,0.0,0,BB,FRA,Online TA,TA/TO,0,0,0,D,F,1,No Deposit,9.0,0,Transient,149.4,0,2
City Hotel,0,226,2016,April,18,29,2,3,2,0.0,0,BB,GBR,Direct,Direct,0,0,0,A,A,0,No Deposit,14.0,0,Transient,95.4,0,2
City Hotel,0,83,2016,May,19,1,2,1,2,0.0,0,BB,FRA,Offline TA/TO,TA/TO,0,0,0,A,D,0,No Deposit,28.0,0,Transient,75.0,0,0
City Hotel,0,83,2016,May,19,1,2,2,2,0.0,0,BB,FRA,Offline TA/TO,TA/TO,0,0,0,A,D,0,No Deposit,28.0,0,Transient,75.0,0,0
City Hotel,0,83,2016,May,19,1,2,2,2,0.0,0,BB,FRA,Offline TA/TO,TA/TO,0,0,0,A,D,0,No Deposit,28.0,0,Transient-Party,75.0,0,1
City Hotel,0,117,2016,May,19,3,0,2,2,0.0,0,SC,PRT,Online TA,TA/TO,0,0,0,A,A,0,No Deposit,9.0,0,Transient,94.5,0,1
City Hotel,0,2,2016,April,18,29,2,4,2,0.0,0,BB,CN,Online TA,TA/TO,0,0,0,D,D,0,No Deposit,8.0,0,Transient,151.0,0,1
City Hotel,0,38,2016,May,19,2,1,2,2,0.0,0,SC,NLD,Online TA,TA/TO,0,0,0,A,A,0,No Deposit,9.0,0,Transient,116.1,0,1
City Hotel,0,23,2016,May,19,2,1,2,2,0.0,0,BB,PRT,Online TA,TA/TO,0,0,0,A,D,0,No Deposit,7.0,0,Transient,108.57,0,1
City Hotel,0,153,2016,May,19,2,1,2,2,0.0,0,BB,GBR,Online TA,TA/TO,0,0,0,D,D,0,No Deposit,7.0,0,Transient,88.01,0,0
City Hotel,0,113,2016,May,19,2,1,2,2,0.0,0,BB,PRT,Online TA,TA/TO,0,0,0,A,A,0,No Deposit,9.0,0,Transient,105.3,0,1
City Hotel,0,79,2016,May,19,2,1,2,2,0.0,0,BB,DEU,Online TA,TA/TO,0,0,0,A,A,0,No Deposit,9.0,0,Transient,126.9,0,0
City Hotel,0,84,2016,May,19,2,1,2,2,0.0,0,BB,FRA,Offline TA/TO,TA/TO,0,0,0,A,D,0,No Deposit,28.0,0,Transient,75.0,0,0
City Hotel,0,81,2016,May,19,1,2,2,2,0.0,0,BB,NLD,Online TA,TA/TO,0,0,0,A,A,0,No Deposit,9.0,0,Transient,119.85,0,2
City Hotel,0,88,2016,May,19,2,1,2,2,0.0,0,BB,DEU,Offline TA/TO,TA/TO,0,0,0,A,A,1,No Deposit,27.0,0,Transient,80.75,0,0
City Hotel,0,77,2016,April,18,30,2,3,2,0.0,0,BB,BRA,Online TA,TA/TO,0,0,0,A,A,0,No Deposit,9.0,0,Transient,123.45,1,1
City Hotel,0,27,2016,May,19,4,0,1,2,0.0,0,BB,PRT,Offline TA/TO,TA/TO,0,0,0,A,A,0,No Deposit,138.0,0,Transient,85.0,0,0
City Hotel,0,27,2016,May,19,4,0,1,2,0.0,0,BB,PRT,Offline TA/TO,TA/TO,0,0,0,A,A,0,No Deposit,138.0,0,Transient,85.0,0,0
City Hotel,0,108,2016,May,19,2,1,2,2,0.0,0,SC,FRA,Online TA,TA/TO,0,0,0,A,A,0,No Deposit,9.0,0,Transient,94.5,0,1
City Hotel,0,41,2016,April,18,30,2,3,2,0.0,0,BB,NLD,Online TA,TA/TO,0,0,0,B,B,1,No Deposit,9.0,0,Transient,127.83,0,2
City Hotel,0,107,2016,April,18,30,2,3,2,0.0,0,BB,DEU,Online TA,TA/TO,0,0,0,A,A,0,No Deposit,9.0,0,Transient,99.45,0,2
City Hotel,0,24,2016,May,19,2,1,2,2,0.0,0,SC,FRA,Online TA,TA/TO,0,0,0,A,A,0,No Deposit,9.0,0,Transient,129.0,0,1
City Hotel,0,31,2016,May,19,2,1,2,2,0.0,0,BB,AUS,Online TA,TA/TO,0,0,0,A,A,0,No Deposit,9.0,0,Transient,126.9,0,1
City Hotel,0,31,2016,May,19,2,1,2,2,0.0,0,BB,AUS,Online TA,TA/TO,0,0,0,A,A,0,No Deposit,9.0,0,Transient,126.9,0,1
City Hotel,0,79,2016,April,18,30,2,3,2,0.0,0,HB,PRT,Offline TA/TO,TA/TO,0,0,0,A,D,0,No Deposit,28.0,0,Transient,105.0,0,0
City Hotel,0,95,2016,April,18,30,2,3,2,0.0,0,BB,FRA,Online TA,TA/TO,0,0,0,A,A,0,No Deposit,9.0,0,Transient,119.85,0,1
City Hotel,0,52,2016,May,19,4,0,1,2,0.0,0,BB,FRA,Online TA,TA/TO,0,0,0,D,D,0,No Deposit,9.0,0,Transient,140.4,0,1
City Hotel,0,19,2016,May,19,2,1,2,2,0.0,0,BB,BOL,Online TA,TA/TO,0,0,0,A,A,0,No Deposit,15.0,0,Transient-Party,130.0,0,0
City Hotel,0,37,2016,April,18,30,2,3,2,0.0,0,BB,DEU,Offline TA/TO,TA/TO,0,0,0,D,D,0,No Deposit,16.0,0,Transient,96.3,0,0
City Hotel,0,28,2016,May,19,1,2,2,2,0.0,0,BB,FRA,Online TA,TA/TO,0,0,0,A,A,0,No Deposit,9.0,0,Transient,133.95,0,1
City Hotel,0,79,2016,May,19,2,1,2,2,0.0,0,BB,BEL,Direct,Direct,0,0,0,A,A,0,No Deposit,14.0,0,Transient,116.1,0,0
City Hotel,0,21,2016,May,19,4,0,1,2,0.0,0,BB,GBR,Online TA,TA/TO,0,0,0,D,D,0,No Deposit,9.0,0,Transient,165.0,1,1
City Hotel,0,19,2016,May,19,2,1,2,2,0.0,0,BB,BOL,Online TA,TA/TO,0,0,0,A,A,0,No Deposit,15.0,0,Transient-Party,130.0,0,0
City Hotel,0,112,2016,May,19,1,2,2,2,0.0,0,BB,RUS,Direct,Direct,0,0,0,A,A,0,No Deposit,14.0,0,Transient,89.25,0,0
City Hotel,0,99,2016,April,18,27,2,6,2,0.0,0,BB,NLD,Offline TA/TO,TA/TO,0,0,0,A,A,0,No Deposit,121.0,0,Transient-Party,80.75,0,1
City Hotel,0,19,2016,May,19,2,1,2,2,0.0,0,BB,BOL,Online TA,TA/TO,0,0,0,A,A,0,No Deposit,15.0,0,Transient-Party,130.0,0,0
City Hotel,0,105,2016,May,19,2,1,2,2,0.0,0,BB,PRT,Direct,Direct,0,0,0,A,A,0,No Deposit,14.0,0,Transient,94.5,0,1
City Hotel,0,19,2016,May,19,2,1,2,2,0.0,0,BB,BOL,Online TA,TA/TO,0,0,0,A,A,0,No Deposit,15.0,0,Transient-Party,130.0,0,0
City Hotel,0,99,2016,April,18,27,2,6,2,0.0,0,BB,PRT,Offline TA/TO,TA/TO,0,0,0,A,A,0,No Deposit,121.0,0,Transient-Party,80.75,0,1
City Hotel,0,36,2016,May,19,1,2,2,2,0.0,0,SC,DNK,Online TA,TA/TO,0,0,0,A,A,0,No Deposit,9.0,0,Transient,116.1,0,1
City Hotel,0,3,2016,May,19,2,1,2,2,0.0,0,BB,PRT,Offline TA/TO,TA/TO,0,0,0,A,E,0,No Deposit,28.0,0,Transient,110.21,0,0
City Hotel,0,0,2016,May,19,2,1,2,2,0.0,0,BB,BOL,Online TA,TA/TO,0,0,0,A,B,0,No Deposit,15.0,0,Transient-Party,0.0,0,0
City Hotel,0,19,2016,May,19,2,1,2,2,0.0,0,BB,BOL,Online TA,TA/TO,0,0,0,A,A,0,No Deposit,15.0,0,Transient-Party,130.0,0,0
City Hotel,0,19,2016,May,19,2,1,2,2,0.0,0,BB,BOL,Online TA,TA/TO,0,0,0,A,A,0,No Deposit,15.0,0,Transient-Party,130.0,0,0
City Hotel,0,19,2016,May,19,2,1,2,2,0.0,0,BB,BOL,Online TA,TA/TO,0,0,0,A,A,0,No Deposit,15.0,0,Transient-Party,130.0,0,0
City Hotel,0,104,2016,May,19,3,0,2,2,0.0,0,BB,TWN,Online TA,TA/TO,0,0,0,A,A,0,No Deposit,9.0,0,Transient,105.3,0,1
City Hotel,0,3,2016,May,19,2,1,2,2,0.0,0,BB,GBR,Direct,Direct,0,0,0,D,F,2,No Deposit,,0,Transient,152.0,0,1
City Hotel,0,94,2016,May,19,2,1,3,2,0.0,0,BB,BEL,Offline TA/TO,TA/TO,0,0,0,A,A,1,No Deposit,138.0,0,Transient,80.75,0,0
City Hotel,0,110,2016,May,19,1,2,3,2,0.0,0,BB,ITA,Online TA,TA/TO,0,0,0,A,A,1,No Deposit,9.0,0,Transient,109.25,0,1
City Hotel,0,110,2016,May,19,1,2,3,2,0.0,0,BB,ITA,Online TA,TA/TO,0,0,0,A,A,1,No Deposit,9.0,0,Transient,109.25,0,1
City Hotel,0,102,2016,May,19,3,0,3,2,0.0,0,BB,IND,Online TA,TA/TO,0,0,0,A,E,0,No Deposit,9.0,0,Transient,108.3,0,1
City Hotel,0,88,2016,May,19,3,0,3,2,0.0,0,HB,PRT,Offline TA/TO,TA/TO,0,0,0,A,A,0,No Deposit,3.0,0,Transient-Party,117.0,0,1
City Hotel,0,88,2016,May,19,3,0,3,2,0.0,0,HB,PRT,Offline TA/TO,TA/TO,0,0,0,A,A,0,No Deposit,3.0,0,Transient-Party,117.0,0,1
City Hotel,0,83,2016,May,19,1,2,3,2,0.0,0,BB,CHL,Online TA,TA/TO,0,0,0,D,D,0,No Deposit,9.0,0,Transient,132.6,0,1
City Hotel,0,88,2016,May,19,3,0,3,2,0.0,0,HB,PRT,Offline TA/TO,TA/TO,0,0,0,A,A,0,No Deposit,3.0,0,Transient-Party,117.0,0,1
City Hotel,0,100,2016,May,19,2,1,3,2,0.0,0,SC,PRT,Online TA,TA/TO,0,0,0,A,A,1,No Deposit,9.0,0,Transient,91.38,0,1
City Hotel,0,88,2016,May,19,3,0,3,2,0.0,0,HB,PRT,Offline TA/TO,TA/TO,0,0,0,A,A,0,No Deposit,3.0,0,Transient-Party,117.0,0,1
City Hotel,0,88,2016,May,19,3,0,3,2,0.0,0,HB,PRT,Offline TA/TO,TA/TO,0,0,0,A,A,0,No Deposit,3.0,0,Transient-Party,117.0,0,1
City Hotel,0,88,2016,May,19,3,0,3,2,0.0,0,HB,PRT,Offline TA/TO,TA/TO,0,0,0,A,A,0,No Deposit,3.0,0,Transient-Party,117.0,0,1
City Hotel,0,88,2016,May,19,3,0,3,2,0.0,0,HB,PRT,Offline TA/TO,TA/TO,0,0,0,A,A,0,No Deposit,3.0,0,Transient-Party,117.0,0,1
City Hotel,0,88,2016,May,19,3,0,3,2,0.0,0,HB,PRT,Offline TA/TO,TA/TO,0,0,0,A,A,0,No Deposit,3.0,0,Transient-Party,117.0,0,1
City Hotel,0,88,2016,May,19,3,0,3,2,0.0,0,HB,PRT,Offline TA/TO,TA/TO,0,0,0,A,A,0,No Deposit,3.0,0,Transient-Party,117.0,0,1
City Hotel,0,88,2016,May,19,3,0,3,2,0.0,0,HB,PRT,Offline TA/TO,TA/TO,0,0,0,A,A,0,No Deposit,3.0,0,Transient-Party,117.0,0,1
City Hotel,0,83,2016,May,19,1,2,3,2,0.0,0,BB,BEL,Direct,Direct,0,0,0,D,D,0,No Deposit,14.0,0,Transient,145.5,1,0
City Hotel,0,110,2016,May,19,2,1,3,2,0.0,0,BB,PRT,Online TA,TA/TO,0,0,0,A,A,0,No Deposit,9.0,0,Transient,101.58,0,2
City Hotel,0,115,2016,May,19,2,1,3,2,0.0,0,BB,PRT,Offline TA/TO,TA/TO,0,0,0,D,D,0,No Deposit,173.0,0,Transient-Party,90.95,0,1
City Hotel,0,10,2016,May,19,5,0,1,2,0.0,0,BB,PRT,Online TA,TA/TO,0,0,0,D,D,0,No Deposit,9.0,0,Transient,156.0,0,1
City Hotel,0,115,2016,May,19,2,1,3,2,0.0,0,BB,FRA,Offline TA/TO,TA/TO,0,0,0,D,E,0,No Deposit,173.0,0,Transient-Party,90.95,0,0
City Hotel,0,111,2016,May,19,2,1,3,2,0.0,0,BB,BRA,Online TA,TA/TO,0,0,0,A,A,1,No Deposit,9.0,0,Transient,101.58,0,1
City Hotel,0,216,2016,May,19,2,1,3,2,0.0,0,BB,GBR,Online TA,TA/TO,0,0,0,A,A,1,No Deposit,7.0,0,Transient,69.38,0,1
City Hotel,0,5,2016,May,19,2,1,3,2,0.0,0,BB,BEL,Online TA,TA/TO,0,0,0,D,D,0,No Deposit,9.0,0,Transient,156.0,0,1
City Hotel,0,105,2016,May,19,2,1,3,2,0.0,0,BB,PRT,Online TA,TA/TO,0,0,0,D,D,0,No Deposit,9.0,0,Transient,110.08,0,1
City Hotel,0,83,2016,May,19,2,1,3,2,0.0,0,BB,DEU,Offline TA/TO,TA/TO,0,0,0,A,A,0,No Deposit,16.0,0,Transient,80.75,0,0
City Hotel,0,184,2016,May,19,2,1,3,2,0.0,0,BB,FRA,Direct,Direct,0,0,0,A,A,2,No Deposit,14.0,0,Transient,104.25,0,3
City Hotel,0,164,2016,May,19,2,1,3,2,0.0,0,BB,NLD,Online TA,TA/TO,0,0,0,A,A,0,No Deposit,8.0,0,Transient,99.45,0,0
City Hotel,0,112,2016,May,19,2,1,3,2,0.0,0,BB,IRL,Online TA,TA/TO,0,0,0,D,D,0,No Deposit,9.0,0,Transient,107.95,0,1
City Hotel,0,164,2016,May,19,2,1,3,2,0.0,0,BB,NLD,Online TA,TA/TO,0,0,0,A,B,1,No Deposit,8.0,0,Transient,99.45,0,0
City Hotel,0,164,2016,May,19,2,1,3,2,0.0,0,BB,NLD,Online TA,TA/TO,0,0,0,A,B,1,No Deposit,8.0,0,Transient,99.45,0,0
City Hotel,0,4,2016,May,19,5,0,1,2,0.0,0,BB,PRT,Online TA,TA/TO,0,0,0,D,G,0,No Deposit,9.0,0,Transient,165.0,0,1
City Hotel,0,85,2016,May,19,3,0,3,2,0.0,0,BB,CHE,Online TA,TA/TO,0,0,0,D,D,0,No Deposit,9.0,0,Transient,140.4,0,0
City Hotel,0,24,2016,April,18,28,2,7,2,0.0,0,BB,DEU,Offline TA/TO,TA/TO,0,0,0,D,D,0,No Deposit,16.0,0,Transient,107.0,0,0
City Hotel,0,98,2016,April,18,30,2,5,2,0.0,0,BB,PRT,Online TA,TA/TO,0,0,0,A,A,2,No Deposit,9.0,0,Transient-Party,109.81,0,1
City Hotel,0,97,2016,April,18,30,2,5,2,0.0,0,BB,PRT,Online TA,TA/TO,0,0,0,A,A,0,No Deposit,9.0,0,Transient-Party,109.81,0,1
City Hotel,0,98,2016,April,18,30,2,5,2,0.0,0,BB,PRT,Online TA,TA/TO,0,0,0,A,A,2,No Deposit,9.0,0,Transient-Party,109.81,0,0
City Hotel,0,97,2016,May,19,2,1,4,2,0.0,0,SC,DNK,Online TA,TA/TO,0,0,0,A,A,0,No Deposit,11.0,0,Transient,78.95,0,0
City Hotel,0,74,2016,May,19,2,1,4,2,0.0,0,BB,PRT,Offline TA/TO,TA/TO,0,0,0,D,D,0,No Deposit,85.0,0,Transient,90.95,0,0
City Hotel,0,103,2016,May,19,4,0,3,2,0.0,0,BB,FRA,Offline TA/TO,TA/TO,0,0,0,A,A,0,No Deposit,154.0,0,Transient-Party,80.0,0,0
City Hotel,0,103,2016,May,19,4,0,3,2,0.0,0,BB,PRT,Offline TA/TO,TA/TO,0,0,0,A,A,0,No Deposit,154.0,0,Transient-Party,80.0,0,0
City Hotel,0,166,2016,May,19,3,0,4,2,0.0,0,BB,PRT,Direct,Direct,0,0,0,A,A,0,No Deposit,14.0,0,Transient,89.25,0,0
City Hotel,0,103,2016,May,19,4,0,3,2,0.0,0,BB,FRA,Offline TA/TO,TA/TO,0,0,0,A,A,0,No Deposit,154.0,0,Transient-Party,80.0,0,0
City Hotel,0,103,2016,May,19,4,0,3,2,0.0,0,BB,FRA,Offline TA/TO,TA/TO,0,0,0,A,A,0,No Deposit,154.0,0,Transient-Party,80.0,0,0
City Hotel,0,103,2016,May,19,4,0,3,2,0.0,0,BB,FRA,Offline TA/TO,TA/TO,0,0,0,A,A,0,No Deposit,154.0,0,Transient-Party,80.0,0,0
City Hotel,0,103,2016,May,19,4,0,3,2,0.0,0,BB,FRA,Offline TA/TO,TA/TO,0,0,0,A,A,0,No Deposit,154.0,0,Transient-Party,80.0,0,0
City Hotel,0,103,2016,May,19,4,0,3,2,0.0,0,BB,FRA,Offline TA/TO,TA/TO,0,0,0,A,A,0,No Deposit,154.0,0,Transient-Party,80.0,0,0
City Hotel,0,154,2016,May,19,3,0,4,2,0.0,0,BB,PRT,Direct,Direct,0,0,0,A,A,0,No Deposit,14.0,0,Transient,89.25,0,0
City Hotel,0,103,2016,May,19,4,0,3,2,0.0,0,BB,FRA,Offline TA/TO,TA/TO,0,0,0,A,A,0,No Deposit,154.0,0,Transient-Party,80.0,0,0
City Hotel,0,103,2016,May,19,4,0,3,2,0.0,0,BB,FRA,Offline TA/TO,TA/TO,0,0,0,A,A,0,No Deposit,154.0,0,Transient-Party,80.0,0,0
City Hotel,0,157,2016,May,19,3,0,4,2,0.0,0,BB,ROU,Direct,Direct,0,0,0,A,D,0,No Deposit,14.0,0,Transient,89.25,0,0
City Hotel,0,166,2016,May,19,3,0,4,2,0.0,0,BB,PRT,Direct,Direct,0,0,0,A,A,1,No Deposit,14.0,0,Transient,85.0,0,0
City Hotel,0,103,2016,May,19,4,0,3,2,0.0,0,BB,FRA,Offline TA/TO,TA/TO,0,0,0,A,A,0,No Deposit,154.0,0,Transient-Party,80.0,0,0
City Hotel,0,103,2016,May,19,4,0,3,2,0.0,0,BB,FRA,Offline TA/TO,TA/TO,0,0,0,A,A,0,No Deposit,154.0,0,Transient-Party,80.0,0,0
City Hotel,0,128,2016,May,19,4,0,3,2,0.0,0,BB,AUT,Offline TA/TO,TA/TO,0,0,0,A,D,0,No Deposit,16.0,0,Transient,80.75,0,1
City Hotel,0,7,2016,May,19,4,0,3,2,0.0,0,BB,CHE,Online TA,TA/TO,0,0,0,D,D,0,No Deposit,9.0,0,Transient,156.0,0,1
City Hotel,0,103,2016,May,19,4,0,3,2,0.0,0,BB,FRA,Offline TA/TO,TA/TO,0,0,0,A,A,0,No Deposit,154.0,0,Transient-Party,80.0,0,0
City Hotel,0,2,2016,May,19,6,0,1,2,0.0,0,BB,ESP,Online TA,TA/TO,0,0,0,D,E,0,No Deposit,9.0,0,Transient,167.0,1,0
City Hotel,0,98,2016,May,19,3,0,4,2,0.0,0,SC,GBR,Online TA,TA/TO,0,0,0,A,A,0,No Deposit,9.0,0,Transient,109.65,0,2
City Hotel,0,108,2016,May,19,4,0,3,2,0.0,0,SC,CHE,Online TA,TA/TO,0,0,0,A,A,0,No Deposit,11.0,0,Transient,75.38,0,0
City Hotel,0,98,2016,May,19,3,0,4,2,0.0,0,BB,DEU,Offline TA/TO,TA/TO,0,0,0,A,A,0,No Deposit,16.0,0,Transient-Party,95.0,0,1
City Hotel,0,103,2016,May,19,4,0,3,2,0.0,0,BB,FRA,Offline TA/TO,TA/TO,0,0,0,A,A,0,No Deposit,154.0,0,Transient-Party,80.0,0,0
City Hotel,0,98,2016,May,19,3,0,4,2,0.0,0,BB,DEU,Offline TA/TO,TA/TO,0,0,0,A,A,0,No Deposit,16.0,0,Transient-Party,95.0,0,1
City Hotel,0,103,2016,May,19,4,0,3,2,0.0,0,BB,FRA,Offline TA/TO,TA/TO,0,0,0,A,A,0,No Deposit,154.0,0,Transient-Party,80.0,0,0
City Hotel,0,103,2016,May,19,4,0,3,2,0.0,0,BB,FRA,Offline TA/TO,TA/TO,0,0,0,A,A,0,No Deposit,154.0,0,Transient-Party,80.0,0,0
City Hotel,0,166,2016,May,19,3,0,4,2,0.0,0,BB,PRT,Direct,Direct,0,0,0,A,A,0,No Deposit,14.0,0,Transient,89.25,0,0
City Hotel,0,0,2016,May,19,6,0,1,2,0.0,0,BB,DEU,Online TA,Direct,0,0,0,A,K,0,No Deposit,,0,Transient,80.0,0,0
City Hotel,0,1,2016,May,19,5,0,3,2,0.0,0,BB,FRA,Offline TA/TO,TA/TO,0,0,0,E,E,0,No Deposit,20.0,0,Transient,119.0,0,0
City Hotel,0,117,2016,May,19,5,0,3,2,0.0,0,BB,AUT,Online TA,TA/TO,0,0,0,A,A,0,No Deposit,9.0,0,Transient-Party,105.3,0,0
City Hotel,0,112,2016,May,19,4,0,4,2,0.0,0,SC,ITA,Online TA,TA/TO,0,0,0,A,A,0,No Deposit,9.0,0,Transient,101.58,0,1
City Hotel,0,157,2016,May,19,5,0,3,2,0.0,0,BB,DEU,Online TA,TA/TO,0,0,0,D,D,0,No Deposit,9.0,0,Contract,127.0,0,0
City Hotel,0,157,2016,May,19,5,0,3,2,0.0,0,BB,PRT,Online TA,TA/TO,0,0,0,D,D,0,No Deposit,9.0,0,Contract,127.0,0,0
City Hotel,0,101,2016,May,19,5,0,3,2,0.0,0,BB,FRA,Online TA,TA/TO,0,0,0,A,A,0,No Deposit,9.0,0,Transient-Party,126.9,0,1
City Hotel,0,101,2016,May,19,5,0,3,2,0.0,0,BB,FRA,Online TA,TA/TO,0,0,0,A,A,0,No Deposit,9.0,0,Transient-Party,126.9,0,1
City Hotel,0,37,2016,May,19,7,0,1,2,0.0,0,SC,BEL,Online TA,TA/TO,0,0,0,A,A,0,No Deposit,7.0,0,Transient,89.4,0,0
City Hotel,0,36,2016,May,19,7,0,1,2,0.0,0,SC,CHN,Online TA,TA/TO,0,0,0,A,A,1,No Deposit,9.0,0,Transient,104.49,0,1
City Hotel,0,36,2016,May,19,7,0,1,2,0.0,0,SC,CHN,Online TA,TA/TO,0,0,0,A,A,1,No Deposit,9.0,0,Transient,104.49,0,0
City Hotel,0,32,2016,May,19,7,0,1,2,0.0,0,BB,PRT,Online TA,TA/TO,0,0,0,A,A,0,No Deposit,9.0,0,Transient,126.9,0,0
City Hotel,0,91,2016,May,19,4,0,4,2,0.0,0,HB,FRA,Offline TA/TO,TA/TO,0,0,0,A,D,1,No Deposit,28.0,0,Transient,105.0,0,0
City Hotel,0,63,2016,May,19,7,0,1,2,0.0,0,SC,DEU,Online TA,TA/TO,0,0,0,A,A,0,No Deposit,9.0,0,Transient,116.1,0,0
City Hotel,0,62,2016,May,19,7,0,1,2,0.0,0,BB,BRA,Online TA,TA/TO,0,0,0,D,E,2,No Deposit,9.0,0,Transient,159.3,0,2
City Hotel,0,116,2016,May,19,4,0,4,2,0.0,0,BB,FRA,Offline TA/TO,TA/TO,0,0,0,A,A,0,No Deposit,85.0,0,Transient,76.0,0,1
City Hotel,0,0,2016,May,19,6,0,2,2,0.0,0,BB,FRA,Direct,Direct,0,0,0,A,D,0,No Deposit,,0,Transient,139.0,0,1
City Hotel,0,7,2016,May,19,5,0,3,2,0.0,0,BB,DEU,Offline TA/TO,TA/TO,0,0,0,A,A,0,No Deposit,6.0,0,Transient-Party,144.0,0,0
City Hotel,0,190,2016,May,19,5,0,3,2,0.0,0,BB,CHE,Direct,Direct,0,0,0,A,A,1,No Deposit,14.0,0,Transient,95.4,0,1
City Hotel,0,190,2016,May,19,5,0,3,2,0.0,0,BB,CHE,Direct,Direct,0,0,0,A,A,1,No Deposit,14.0,0,Transient,95.4,0,1
City Hotel,0,7,2016,May,19,5,0,3,2,0.0,0,BB,DEU,Offline TA/TO,TA/TO,0,0,0,A,A,0,No Deposit,6.0,0,Transient-Party,144.0,0,0
City Hotel,0,190,2016,May,19,5,0,3,2,0.0,0,BB,CHE,Direct,Direct,0,0,0,A,A,1,No Deposit,14.0,0,Transient,95.4,0,1
City Hotel,0,190,2016,May,19,5,0,3,2,0.0,0,BB,CHE,Direct,Direct,0,0,0,A,A,1,No Deposit,14.0,0,Transient,95.4,0,1
City Hotel,0,190,2016,May,19,5,0,3,2,0.0,0,BB,CHE,Direct,Direct,0,0,0,A,A,1,No Deposit,14.0,0,Transient-Party,95.4,0,0
City Hotel,0,1,2016,May,19,6,0,2,2,0.0,0,SC,USA,Online TA,TA/TO,0,0,0,A,A,0,No Deposit,9.0,0,Transient,138.0,0,1
City Hotel,0,1,2016,May,19,6,0,2,2,0.0,0,BB,FRA,Online TA,TA/TO,0,0,0,A,A,1,No Deposit,9.0,0,Transient,158.0,1,0
City Hotel,0,7,2016,May,19,5,0,3,2,0.0,0,BB,DEU,Offline TA/TO,TA/TO,0,0,0,A,A,0,No Deposit,6.0,0,Transient-Party,144.0,0,0
City Hotel,0,1,2016,May,19,5,0,3,2,0.0,0,BB,FRA,Offline TA/TO,TA/TO,0,0,0,E,F,0,No Deposit,20.0,0,Transient,119.0,0,0
City Hotel,0,7,2016,May,19,5,0,3,2,0.0,0,BB,DEU,Offline TA/TO,TA/TO,0,0,0,A,A,0,No Deposit,6.0,0,Transient-Party,144.0,0,0
City Hotel,0,7,2016,May,19,5,0,3,2,0.0,0,BB,DEU,Offline TA/TO,TA/TO,0,0,0,A,A,0,No Deposit,6.0,0,Transient-Party,144.0,0,0
City Hotel,0,7,2016,May,19,5,0,3,2,0.0,0,BB,DEU,Offline TA/TO,TA/TO,0,0,0,A,A,0,No Deposit,6.0,0,Transient-Party,144.0,0,1
City Hotel,0,40,2016,May,19,7,0,1,2,0.0,0,BB,FRA,Online TA,TA/TO,0,0,0,A,A,0,No Deposit,9.0,0,Transient,126.9,0,0
City Hotel,0,112,2016,May,19,6,0,2,2,0.0,0,BB,FRA,Direct,Direct,0,0,0,A,A,0,No Deposit,,0,Transient,98.69,0,1
City Hotel,0,21,2016,May,19,7,0,1,2,0.0,0,BB,FRA,Direct,Direct,0,0,0,D,D,0,No Deposit,14.0,0,Transient,152.0,0,0
City Hotel,0,77,2016,May,19,7,0,1,2,0.0,0,SC,ESP,Online TA,TA/TO,0,0,0,A,A,0,No Deposit,9.0,0,Transient-Party,116.1,0,1
City Hotel,0,112,2016,May,19,4,0,4,2,0.0,0,BB,FRA,Online TA,TA/TO,0,0,0,A,A,0,No Deposit,9.0,0,Transient,111.78,0,1
City Hotel,0,117,2016,May,19,6,0,2,2,0.0,0,BB,ESP,Online TA,TA/TO,0,0,0,A,A,0,No Deposit,9.0,0,Transient-Party,108.9,1,1
City Hotel,0,117,2016,May,19,6,0,2,2,0.0,0,BB,ESP,Online TA,TA/TO,0,0,0,D,D,0,No Deposit,9.0,0,Transient-Party,123.3,0,1
City Hotel,0,77,2016,May,19,7,0,1,2,0.0,0,SC,ESP,Online TA,TA/TO,0,0,0,A,A,0,No Deposit,9.0,0,Transient-Party,116.1,0,1
City Hotel,0,7,2016,May,19,5,0,3,2,0.0,0,BB,DEU,Offline TA/TO,TA/TO,0,0,0,A,A,0,No Deposit,6.0,0,Transient-Party,144.0,0,0
City Hotel,0,185,2016,May,19,6,0,2,2,0.0,0,BB,GBR,Online TA,TA/TO,0,0,0,A,A,0,No Deposit,7.0,0,Transient,81.77,0,2
City Hotel,0,78,2016,May,19,7,0,1,2,0.0,0,SC,ESP,Online TA,TA/TO,0,0,0,A,A,0,No Deposit,9.0,0,Transient,116.1,0,1
City Hotel,0,117,2016,May,19,5,0,3,2,0.0,0,BB,HRV,Online TA,TA/TO,0,0,0,A,A,1,No Deposit,9.0,0,Transient-Party,105.3,0,1
City Hotel,0,117,2016,May,19,5,0,3,2,0.0,0,BB,HRV,Online TA,TA/TO,0,0,0,A,A,1,No Deposit,9.0,0,Transient-Party,105.3,0,1
City Hotel,0,185,2016,May,19,6,0,2,2,0.0,0,BB,PRT,Online TA,TA/TO,0,0,0,A,A,0,No Deposit,7.0,0,Transient,81.77,0,2
City Hotel,0,49,2016,May,19,6,0,2,2,0.0,0,BB,ESP,Online TA,TA/TO,0,0,0,D,A,1,No Deposit,9.0,0,Transient,124.3,0,0
City Hotel,0,185,2016,May,19,6,0,2,2,0.0,0,BB,GBR,Online TA,TA/TO,0,0,0,A,A,0,No Deposit,7.0,0,Transient,81.77,0,2
City Hotel,0,49,2016,May,19,6,0,2,2,0.0,0,SC,ESP,Offline TA/TO,TA/TO,0,0,0,A,A,0,No Deposit,138.0,0,Transient,85.0,0,0
City Hotel,0,185,2016,May,19,6,0,2,2,0.0,0,BB,GBR,Online TA,TA/TO,0,0,0,A,A,0,No Deposit,7.0,0,Transient,81.77,0,2
City Hotel,0,49,2016,May,19,6,0,2,2,0.0,0,BB,ESP,Direct,Direct,0,0,0,D,E,0,No Deposit,,0,Transient,139.5,0,0
City Hotel,0,49,2016,May,19,6,0,2,2,0.0,0,SC,ESP,Offline TA/TO,TA/TO,0,0,0,A,A,0,No Deposit,138.0,0,Transient,85.0,0,0
City Hotel,0,49,2016,May,19,6,0,2,2,0.0,0,SC,ESP,Offline TA/TO,TA/TO,0,0,0,A,A,0,No Deposit,138.0,0,Transient,85.0,0,0
City Hotel,0,34,2016,May,19,5,0,3,2,0.0,0,HB,FRA,Groups,TA/TO,0,0,0,A,D,0,No Deposit,1.0,0,Transient-Party,81.67,0,0
City Hotel,0,185,2016,May,19,6,0,2,2,0.0,0,BB,GBR,Online TA,TA/TO,0,0,0,A,A,0,No Deposit,7.0,0,Transient,81.77,0,2
City Hotel,0,31,2016,May,19,5,0,3,2,0.0,0,HB,FRA,Groups,TA/TO,0,0,0,A,D,0,No Deposit,1.0,0,Transient-Party,81.67,0,0
City Hotel,0,31,2016,May,19,5,0,3,2,0.0,0,HB,FRA,Groups,TA/TO,0,0,0,A,D,0,No Deposit,1.0,0,Transient-Party,81.67,0,0
City Hotel,0,81,2016,May,19,7,0,1,2,0.0,0,SC,ESP,Online TA,TA/TO,0,0,0,A,A,0,No Deposit,9.0,0,Transient,116.1,0,0
City Hotel,0,77,2016,May,19,7,0,1,2,0.0,0,SC,ESP,Online TA,TA/TO,0,0,0,A,A,0,No Deposit,9.0,0,Transient-Party,125.1,0,1
City Hotel,0,109,2016,May,19,4,0,4,2,0.0,0,BB,CHE,Online TA,TA/TO,0,0,0,D,D,3,No Deposit,9.0,0,Transient,120.28,0,1
City Hotel,0,13,2016,May,19,6,0,2,2,0.0,0,BB,TUR,Online TA,TA/TO,0,0,0,D,G,0,No Deposit,9.0,0,Transient,156.0,0,0
City Hotel,0,105,2016,May,19,5,1,3,2,0.0,0,BB,FRA,Direct,Direct,0,0,0,A,C,0,No Deposit,14.0,0,Transient,107.55,0,0
City Hotel,0,112,2016,May,19,7,1,1,2,0.0,0,SC,DEU,Online TA,TA/TO,0,0,0,A,B,0,No Deposit,10.0,0,Transient,99.95,0,0
City Hotel,0,103,2016,May,19,5,1,3,2,0.0,0,BB,NOR,Online TA,TA/TO,0,0,0,D,D,0,No Deposit,7.0,0,Transient,95.88,0,1
City Hotel,0,103,2016,May,19,5,1,3,2,0.0,0,BB,PRT,Online TA,TA/TO,0,0,0,D,D,0,No Deposit,7.0,0,Transient,95.88,0,1
City Hotel,0,103,2016,May,19,5,1,3,2,0.0,0,BB,NOR,Online TA,TA/TO,0,0,0,D,D,0,No Deposit,7.0,0,Transient,95.88,0,1
City Hotel,0,2,2016,May,20,8,1,0,2,0.0,0,SC,DEU,Online TA,TA/TO,0,0,0,A,A,0,No Deposit,9.0,0,Transient,89.0,0,1
City Hotel,0,115,2016,May,19,4,1,4,2,0.0,0,BB,DEU,Online TA,TA/TO,0,0,0,A,A,0,No Deposit,9.0,0,Transient-Party,99.45,0,1
City Hotel,0,115,2016,May,19,4,1,4,2,0.0,0,BB,DEU,Online TA,TA/TO,0,0,0,A,A,0,No Deposit,9.0,0,Transient-Party,99.45,0,1
City Hotel,0,115,2016,May,19,5,1,3,2,0.0,0,SC,ESP,Online TA,TA/TO,0,0,0,A,A,0,No Deposit,9.0,0,Transient,98.25,0,0
City Hotel,0,110,2016,May,19,5,1,3,2,0.0,0,SC,AUT,Online TA,TA/TO,0,0,0,A,B,0,No Deposit,9.0,0,Transient-Party,101.58,0,1
City Hotel,0,110,2016,May,19,5,1,3,2,0.0,0,SC,PRT,Online TA,TA/TO,0,0,0,A,B,0,No Deposit,9.0,0,Transient-Party,101.58,0,1
City Hotel,0,4,2016,May,20,8,1,0,2,0.0,0,SC,DEU,Online TA,TA/TO,0,0,0,A,A,0,No Deposit,9.0,0,Transient,89.0,0,0
City Hotel,0,48,2016,May,20,8,1,0,2,0.0,0,BB,PRT,Direct,Direct,0,0,0,E,E,0,No Deposit,,0,Transient-Party,157.5,0,0
City Hotel,0,32,2016,May,20,8,1,0,2,0.0,0,SC,BRA,Online TA,TA/TO,0,0,0,A,A,0,No Deposit,9.0,0,Transient,116.1,0,1
City Hotel,0,95,2016,May,19,6,1,2,2,0.0,0,BB,USA,Offline TA/TO,TA/TO,0,0,0,A,A,0,No Deposit,3.0,0,Transient,80.75,0,0
City Hotel,0,1,2016,May,20,8,1,0,2,0.0,0,SC,PRT,Online TA,TA/TO,0,0,0,A,A,0,No Deposit,152.0,0,Transient,56.47,0,0
City Hotel,0,1,2016,May,20,8,1,0,2,0.0,0,SC,USA,Online TA,TA/TO,0,0,0,A,A,0,No Deposit,152.0,0,Transient,56.47,0,0
City Hotel,0,1,2016,May,20,8,1,0,2,0.0,0,SC,USA,Online TA,TA/TO,0,0,0,A,A,0,No Deposit,152.0,0,Transient,56.47,0,0
City Hotel,0,102,2016,May,19,5,1,3,2,0.0,0,BB,DEU,Online TA,TA/TO,0,0,0,D,D,0,No Deposit,9.0,0,Transient,132.6,0,1
City Hotel,0,102,2016,May,19,5,1,3,2,0.0,0,BB,DEU,Online TA,TA/TO,0,0,0,D,D,0,No Deposit,9.0,0,Transient,132.6,0,1
City Hotel,0,72,2016,May,19,7,1,1,2,0.0,0,SC,FRA,Online TA,TA/TO,0,0,0,A,A,0,No Deposit,9.0,0,Transient,116.1,0,1
City Hotel,0,77,2016,May,20,12,0,1,2,0.0,0,BB,FRA,Online TA,TA/TO,0,0,1,D,E,0,No Deposit,9.0,0,Transient,140.4,0,1
City Hotel,0,95,2016,May,19,6,1,2,2,0.0,0,BB,DEU,Offline TA/TO,TA/TO,0,0,0,A,A,0,No Deposit,168.0,0,Transient,80.75,0,0
City Hotel,0,89,2016,May,19,5,1,3,2,0.0,0,BB,AUT,Direct,Direct,0,0,0,E,F,0,No Deposit,14.0,0,Transient-Party,148.75,0,0
City Hotel,0,89,2016,May,19,5,1,3,2,0.0,0,BB,AUT,Direct,Direct,0,0,0,E,F,0,No Deposit,14.0,0,Transient-Party,148.75,0,0
City Hotel,0,78,2016,May,19,5,1,3,2,0.0,0,BB,BEL,Offline TA/TO,TA/TO,0,0,0,A,A,0,No Deposit,85.0,0,Transient,80.75,0,0
City Hotel,0,10,2016,May,19,6,1,2,2,0.0,0,BB,FRA,Online TA,TA/TO,0,0,0,D,D,0,No Deposit,9.0,0,Transient,146.0,0,2
City Hotel,0,228,2016,May,19,6,1,2,2,0.0,0,BB,GBR,Online TA,TA/TO,0,0,0,A,A,0,No Deposit,89.0,0,Transient,72.22,0,0
City Hotel,0,95,2016,May,19,6,1,2,2,0.0,0,BB,FRA,Online TA,TA/TO,0,0,0,D,A,0,No Deposit,9.0,0,Transient,140.4,0,1
City Hotel,0,30,2016,May,19,6,1,2,2,0.0,0,BB,FRA,Online TA,TA/TO,0,0,0,F,F,1,No Deposit,9.0,0,Transient,198.9,0,2
City Hotel,0,107,2016,May,19,5,1,3,2,0.0,0,BB,DEU,Online TA,TA/TO,0,0,0,A,A,0,No Deposit,7.0,0,Transient,81.76,0,1
City Hotel,0,110,2016,May,19,5,1,3,2,0.0,0,SC,AUT,Online TA,TA/TO,0,0,0,A,E,0,No Deposit,9.0,0,Transient,101.58,0,0
City Hotel,0,98,2016,May,19,4,1,4,2,0.0,0,BB,GBR,Online TA,TA/TO,0,0,0,D,D,0,No Deposit,9.0,0,Transient,141.6,1,1
City Hotel,0,52,2016,May,19,7,1,1,2,0.0,0,BB,GBR,Direct,Direct,0,0,0,A,A,0,No Deposit,14.0,0,Transient,116.1,0,0
City Hotel,0,103,2016,May,19,5,1,3,2,0.0,0,BB,NOR,Online TA,TA/TO,0,0,0,D,D,0,No Deposit,7.0,0,Transient,95.88,0,1
City Hotel,0,0,2016,May,20,8,1,0,2,0.0,0,SC,POL,Online TA,TA/TO,0,0,0,A,A,0,No Deposit,9.0,0,Transient,79.0,0,1
City Hotel,0,48,2016,May,20,8,1,0,2,0.0,0,BB,PRT,Direct,Direct,0,0,0,E,A,0,No Deposit,,0,Transient-Party,93.0,0,0
City Hotel,0,13,2016,May,19,5,1,3,2,0.0,0,BB,FRA,Online TA,TA/TO,0,0,0,D,D,0,No Deposit,9.0,0,Transient,148.5,0,0
City Hotel,0,0,2016,May,20,9,1,0,2,0.0,0,SC,CN,Online TA,TA/TO,0,0,0,A,A,0,No Deposit,7.0,0,Transient,68.53,0,1
City Hotel,0,13,2016,May,20,8,2,0,2,0.0,0,SC,BRA,Online TA,TA/TO,0,0,0,A,A,0,No Deposit,9.0,0,Transient,99.0,0,2
City Hotel,0,101,2016,May,19,5,2,3,2,0.0,0,BB,ITA,Online TA,TA/TO,0,0,0,D,D,0,No Deposit,9.0,0,Transient,132.6,0,1
City Hotel,0,10,2016,May,19,6,2,2,2,0.0,0,BB,GBR,Online TA,TA/TO,0,0,0,D,D,0,No Deposit,9.0,0,Transient,141.0,0,1
City Hotel,0,19,2016,May,20,9,1,0,2,0.0,0,BB,PRT,Direct,Direct,0,0,0,A,A,0,No Deposit,,0,Transient,109.0,0,0
City Hotel,0,49,2016,May,20,8,2,0,2,0.0,0,SC,GBR,Online TA,TA/TO,0,0,0,A,A,0,No Deposit,9.0,0,Transient,116.1,0,2
City Hotel,0,15,2016,May,19,7,2,1,2,0.0,0,BB,FRA,Online TA,TA/TO,0,0,0,A,B,0,No Deposit,7.0,0,Transient,93.17,0,0
City Hotel,0,16,2016,May,19,6,2,2,2,0.0,0,BB,ITA,Online TA,TA/TO,0,0,0,G,G,0,No Deposit,7.0,0,Transient,194.58,0,2
City Hotel,0,15,2016,May,21,18,0,1,2,0.0,0,BB,PRT,Offline TA/TO,TA/TO,0,0,1,A,F,0,No Deposit,86.0,0,Transient,112.8,0,0
City Hotel,0,39,2016,May,19,7,2,1,2,0.0,0,BB,DEU,Online TA,TA/TO,0,0,0,A,A,0,No Deposit,9.0,0,Transient,126.9,0,0
City Hotel,0,190,2016,May,19,6,2,2,2,0.0,0,BB,DEU,Online TA,TA/TO,0,0,0,B,B,0,No Deposit,8.0,0,Transient,109.3,1,0
City Hotel,0,190,2016,May,19,6,2,2,2,0.0,0,BB,DEU,Online TA,TA/TO,0,0,0,B,B,0,No Deposit,8.0,0,Transient,100.3,0,0
City Hotel,0,0,2016,May,20,9,1,0,2,0.0,0,SC,ITA,Online TA,TA/TO,0,0,0,A,A,0,No Deposit,9.0,0,Transient,89.0,0,0
City Hotel,0,0,2016,May,20,9,1,0,2,0.0,0,SC,ITA,Online TA,TA/TO,0,0,0,A,A,0,No Deposit,9.0,0,Transient,89.0,0,0
City Hotel,0,0,2016,May,20,9,1,0,2,0.0,0,SC,ITA,Online TA,TA/TO,0,0,0,A,A,0,No Deposit,9.0,0,Transient,89.0,0,0
City Hotel,0,0,2016,May,20,9,1,0,2,0.0,0,BB,GBR,Online TA,TA/TO,0,0,0,A,A,0,No Deposit,7.0,0,Transient,79.31,0,1
City Hotel,0,2,2016,May,20,9,1,0,2,0.0,0,SC,PRT,Online TA,TA/TO,0,0,0,A,A,0,No Deposit,9.0,0,Transient,89.0,0,2
City Hotel,0,0,2016,May,20,9,1,0,2,0.0,0,SC,NLD,Online TA,TA/TO,0,0,0,A,A,0,No Deposit,9.0,0,Transient,89.0,0,0
City Hotel,0,0,2016,May,20,9,1,0,2,0.0,0,SC,ITA,Online TA,TA/TO,0,0,0,A,A,0,No Deposit,9.0,0,Transient,89.0,0,0
City Hotel,0,0,2016,May,20,9,1,0,2,0.0,0,BB,PRT,Direct,Direct,0,0,0,D,E,0,No Deposit,,0,Transient,85.0,0,1
City Hotel,0,0,2016,May,20,9,1,0,2,0.0,0,SC,POL,Online TA,TA/TO,0,0,0,A,A,0,No Deposit,9.0,0,Transient,89.0,0,0
City Hotel,0,81,2016,May,19,7,2,1,2,0.0,0,SC,FRA,Online TA,TA/TO,0,0,0,A,A,0,No Deposit,9.0,0,Transient,116.1,0,0
City Hotel,0,11,2016,May,19,7,2,1,2,0.0,0,SC,HUN,Online TA,TA/TO,0,0,0,A,A,0,No Deposit,9.0,0,Transient,109.0,0,1
City Hotel,0,104,2016,May,19,5,2,3,2,0.0,0,BB,DEU,Offline TA/TO,TA/TO,0,0,0,A,D,0,No Deposit,16.0,0,Transient,80.75,0,0
City Hotel,0,2,2016,May,20,8,2,0,2,0.0,0,BB,FRA,Online TA,TA/TO,0,0,0,D,D,0,No Deposit,9.0,0,Transient,118.0,0,1
City Hotel,0,46,2016,May,19,7,2,1,2,0.0,0,BB,GBR,Online TA,TA/TO,0,0,0,A,A,0,No Deposit,9.0,0,Transient,126.9,0,2
City Hotel,0,69,2016,May,19,7,2,1,2,0.0,0,BB,ISR,Online TA,TA/TO,0,0,0,D,E,0,No Deposit,9.0,0,Transient-Party,140.4,0,3
City Hotel,0,10,2016,May,20,9,1,1,2,0.0,0,BB,FRA,Online TA,TA/TO,0,0,0,D,D,0,No Deposit,9.0,0,Transient,126.0,0,1
City Hotel,0,10,2016,May,20,9,1,1,2,0.0,0,BB,FRA,Online TA,TA/TO,0,0,0,D,D,0,No Deposit,9.0,0,Transient,126.0,0,1
City Hotel,0,9,2016,May,19,7,2,2,2,0.0,0,BB,PRT,Online TA,TA/TO,0,0,0,A,A,0,No Deposit,7.0,0,Transient,91.25,0,2
City Hotel,0,6,2016,May,20,9,1,1,2,0.0,0,BB,NLD,Online TA,TA/TO,0,0,0,D,D,0,No Deposit,9.0,0,Transient,126.0,0,1
City Hotel,0,6,2016,May,20,9,1,1,2,0.0,0,BB,NLD,Online TA,TA/TO,0,0,0,D,D,0,No Deposit,9.0,0,Transient,126.0,0,1
City Hotel,0,6,2016,May,20,8,2,1,2,0.0,0,SC,ITA,Online TA,TA/TO,0,0,0,A,A,0,No Deposit,9.0,0,Transient,108.0,0,2
City Hotel,0,29,2016,May,20,8,2,1,2,0.0,0,BB,BRA,Online TA,TA/TO,0,0,0,A,A,0,No Deposit,155.0,0,Transient,145.0,0,1
City Hotel,0,13,2016,May,20,8,2,1,2,0.0,0,BB,BEL,Online TA,TA/TO,0,0,0,A,A,0,No Deposit,9.0,0,Transient,111.0,0,2
City Hotel,0,69,2016,May,20,10,0,1,2,0.0,0,BB,ARG,Online TA,TA/TO,0,0,0,A,A,2,No Deposit,9.0,0,Transient,135.9,0,1
City Hotel,0,1,2016,May,20,9,1,1,2,0.0,0,SC,CRI,Online TA,TA/TO,0,0,0,A,A,3,No Deposit,9.0,0,Transient,89.0,0,0
City Hotel,0,34,2016,May,20,8,2,1,2,0.0,0,BB,CHE,Offline TA/TO,TA/TO,0,0,0,D,D,0,No Deposit,85.0,0,Transient,96.3,0,0
City Hotel,0,90,2016,May,19,7,2,2,2,0.0,0,BB,PRT,Online TA,TA/TO,0,0,0,A,A,0,No Deposit,9.0,0,Transient,119.85,0,0
City Hotel,0,59,2016,May,20,8,2,1,2,0.0,0,BB,FRA,Offline TA/TO,TA/TO,0,0,0,A,A,0,No Deposit,118.0,0,Transient,85.5,0,0
City Hotel,0,1,2016,May,20,10,0,1,2,0.0,0,BB,DEU,Online TA,Corporate,0,0,0,A,A,0,No Deposit,,0,Transient,83.0,0,0
City Hotel,0,62,2016,May,20,9,1,1,2,0.0,0,BB,NLD,Offline TA/TO,TA/TO,0,0,0,A,A,0,No Deposit,83.0,0,Transient,89.24,0,0
City Hotel,0,9,2016,May,20,9,1,1,2,0.0,0,BB,FRA,Direct,Direct,0,0,0,D,D,0,No Deposit,14.0,0,Transient,103.7,0,0
City Hotel,0,19,2016,May,20,9,1,1,2,0.0,0,SC,CHE,Online TA,TA/TO,0,0,0,A,A,0,No Deposit,9.0,0,Transient,99.0,0,2
City Hotel,0,11,2016,May,20,8,2,1,2,0.0,0,BB,FRA,Online TA,TA/TO,0,0,0,D,D,0,No Deposit,9.0,0,Transient,126.0,0,1
City Hotel,0,93,2016,May,20,8,2,1,2,0.0,0,HB,FRA,Online TA,TA/TO,0,0,0,A,A,1,No Deposit,9.0,0,Transient,170.1,1,0
City Hotel,0,99,2016,May,19,6,2,3,2,0.0,0,BB,FRA,Online TA,TA/TO,0,0,0,D,D,4,No Deposit,9.0,0,Transient,134.16,0,2
City Hotel,0,109,2016,May,19,7,2,2,2,0.0,0,BB,FRA,Direct,Direct,0,0,0,A,A,0,No Deposit,14.0,0,Transient,94.35,0,1
City Hotel,0,32,2016,May,20,8,2,1,2,0.0,0,BB,ITA,Online TA,TA/TO,0,0,0,A,A,0,No Deposit,8.0,0,Transient,126.9,0,1
City Hotel,0,13,2016,May,20,9,1,1,2,0.0,0,BB,KOR,Online TA,TA/TO,0,0,0,A,A,0,No Deposit,7.0,0,Transient,85.47,0,1
City Hotel,0,1,2016,May,20,10,0,1,2,0.0,0,BB,FRA,Online TA,Corporate,0,0,0,A,A,0,No Deposit,,0,Transient,83.0,0,0
City Hotel,0,15,2016,May,20,9,1,1,2,0.0,0,BB,FRA,Online TA,TA/TO,0,0,0,A,A,0,No Deposit,9.0,0,Transient,111.0,0,1
City Hotel,0,17,2016,May,20,8,2,1,2,0.0,0,BB,DEU,Direct,Direct,0,0,0,A,A,0,No Deposit,14.0,0,Transient,109.0,0,0
City Hotel,0,21,2016,May,20,9,1,1,2,0.0,0,SC,FRA,Online TA,TA/TO,0,0,0,A,A,0,No Deposit,7.0,0,Transient,72.42,0,1
City Hotel,0,55,2016,May,19,6,2,3,2,0.0,0,HB,FRA,Online TA,TA/TO,0,0,0,D,D,1,No Deposit,9.0,0,Transient,164.9,0,1
City Hotel,0,183,2016,May,19,6,2,3,2,0.0,0,BB,FRA,Online TA,TA/TO,0,0,0,A,A,0,No Deposit,8.0,0,Transient,100.3,0,1
City Hotel,0,83,2016,May,19,7,2,2,2,0.0,0,BB,NOR,Online TA,TA/TO,0,0,0,A,A,2,No Deposit,9.0,0,Transient-Party,124.65,0,1
City Hotel,0,183,2016,May,19,6,2,3,2,0.0,0,BB,FRA,Online TA,TA/TO,0,0,0,A,A,0,No Deposit,8.0,0,Transient,100.3,0,1
City Hotel,0,66,2016,May,19,5,2,4,2,0.0,0,SC,FRA,Offline TA/TO,TA/TO,0,0,0,A,A,2,No Deposit,138.0,0,Transient,85.0,0,0
City Hotel,0,114,2016,May,19,7,2,2,2,0.0,0,BB,FRA,Online TA,TA/TO,0,0,0,A,B,0,No Deposit,11.0,0,Transient,75.27,0,0
City Hotel,0,83,2016,May,19,7,2,2,2,0.0,0,BB,DEU,Online TA,TA/TO,0,0,0,A,A,2,No Deposit,9.0,0,Transient-Party,124.65,0,1
City Hotel,0,90,2016,May,20,8,2,1,2,0.0,0,BB,FRA,Offline TA/TO,TA/TO,0,0,0,A,A,0,No Deposit,28.0,0,Transient,75.0,0,0
City Hotel,0,89,2016,May,20,9,1,2,2,0.0,0,BB,FRA,Offline TA/TO,TA/TO,0,0,0,A,D,1,No Deposit,28.0,0,Transient,75.0,0,0
City Hotel,0,89,2016,May,20,9,1,2,2,0.0,0,BB,FRA,Offline TA/TO,TA/TO,0,0,0,A,D,0,No Deposit,28.0,0,Transient-Party,75.0,0,1
City Hotel,0,89,2016,May,20,9,1,2,2,0.0,0,BB,FRA,Offline TA/TO,TA/TO,0,0,0,A,D,0,No Deposit,28.0,0,Transient-Party,75.0,0,1
City Hotel,0,107,2016,May,19,7,2,3,2,0.0,0,BB,AUT,Offline TA/TO,TA/TO,0,0,0,D,A,0,No Deposit,85.0,0,Transient,90.95,0,0
City Hotel,0,122,2016,May,20,8,2,2,2,0.0,0,BB,ITA,Direct,Direct,0,0,0,A,A,0,No Deposit,14.0,0,Transient,89.25,0,1
City Hotel,0,1,2016,May,20,11,0,1,2,0.0,0,BB,ESP,Offline TA/TO,TA/TO,0,0,0,A,A,0,No Deposit,159.0,0,Transient,141.0,0,0
City Hotel,0,118,2016,May,20,9,1,2,2,0.0,0,BB,DEU,Online TA,TA/TO,0,0,0,A,A,0,No Deposit,9.0,0,Transient,105.3,0,1
City Hotel,0,124,2016,May,20,9,1,2,2,0.0,0,BB,AUT,Offline TA/TO,TA/TO,0,0,0,A,A,0,No Deposit,27.0,0,Transient,80.75,0,0
City Hotel,0,0,2016,May,20,11,0,1,2,0.0,0,BB,PRT,Direct,Direct,0,0,0,A,C,0,No Deposit,,0,Transient,139.0,0,0
City Hotel,0,89,2016,May,20,8,2,2,2,0.0,0,BB,FRA,Online TA,TA/TO,0,0,0,A,A,0,No Deposit,9.0,0,Transient,128.85,0,0
City Hotel,0,77,2016,May,20,8,2,2,2,0.0,0,BB,NLD,Online TA,TA/TO,0,0,0,A,E,1,No Deposit,9.0,0,Transient,126.9,0,1
City Hotel,0,8,2016,May,20,10,0,2,2,0.0,0,BB,PRT,Online TA,TA/TO,0,0,0,A,A,0,No Deposit,9.0,0,Transient,126.0,0,0
City Hotel,0,1,2016,May,20,11,0,1,2,0.0,0,BB,ITA,Direct,Direct,0,0,0,A,D,0,No Deposit,,0,Transient,109.65,0,1
City Hotel,0,108,2016,May,19,7,2,3,2,0.0,0,BB,GBR,Online TA,TA/TO,0,0,0,A,A,0,No Deposit,11.0,0,Transient,74.54,0,0
City Hotel,0,0,2016,May,20,9,1,2,2,0.0,0,BB,NLD,Online TA,TA/TO,0,0,0,A,A,2,No Deposit,9.0,0,Transient,103.0,0,1
City Hotel,0,27,2016,May,20,9,1,2,2,0.0,0,BB,PRT,Offline TA/TO,TA/TO,0,0,0,A,A,0,No Deposit,85.0,0,Transient,95.0,0,0
City Hotel,0,76,2016,May,20,8,2,2,2,0.0,0,BB,FRA,Offline TA/TO,TA/TO,0,0,0,D,D,0,No Deposit,85.0,0,Transient,90.95,0,1
City Hotel,0,11,2016,May,20,8,2,2,2,0.0,0,BB,FRA,Online TA,TA/TO,0,0,0,D,E,0,No Deposit,9.0,0,Transient,133.5,0,1
City Hotel,0,89,2016,May,20,9,1,2,2,0.0,0,BB,FRA,Offline TA/TO,TA/TO,0,0,0,A,D,0,No Deposit,28.0,0,Transient,75.0,0,0
City Hotel,0,16,2016,May,20,8,2,2,2,0.0,0,BB,GBR,Offline TA/TO,TA/TO,0,0,0,A,A,0,No Deposit,42.0,0,Transient,80.75,0,0
City Hotel,0,24,2016,May,20,8,2,2,2,0.0,0,BB,PRT,Complementary,Direct,0,0,0,A,A,0,No Deposit,,0,Transient,0.0,0,0
City Hotel,0,49,2016,May,20,10,0,2,2,0.0,0,BB,CHE,Direct,Direct,0,0,0,A,D,0,No Deposit,14.0,0,Transient,125.1,0,1
City Hotel,0,4,2016,May,20,9,1,2,2,0.0,0,BB,FRA,Offline TA/TO,TA/TO,0,0,0,A,A,0,No Deposit,28.0,0,Transient,95.0,0,0
City Hotel,0,43,2016,May,20,9,1,2,2,0.0,0,BB,FRA,Online TA,TA/TO,0,0,0,D,D,0,No Deposit,9.0,0,Transient,149.4,1,1
City Hotel,0,3,2016,May,20,10,0,2,2,0.0,0,BB,ESP,Offline TA/TO,TA/TO,0,0,0,A,A,0,No Deposit,28.0,0,Transient,95.0,0,0
City Hotel,0,107,2016,May,20,8,2,2,2,0.0,0,SC,FRA,Online TA,TA/TO,0,0,0,A,A,0,No Deposit,9.0,0,Transient,89.25,0,2
City Hotel,0,16,2016,May,20,8,2,2,2,0.0,0,BB,BEL,Offline TA/TO,TA/TO,0,0,0,A,A,0,No Deposit,42.0,0,Transient,80.75,0,0
City Hotel,0,1,2017,January,1,4,0,1,2,0.0,0,BB,PRT,Corporate,Corporate,1,1,11,A,A,0,No Deposit,,0,Transient,89.0,1,2
City Hotel,0,32,2016,May,20,8,2,2,2,0.0,0,BB,PRT,Online TA,TA/TO,0,0,0,A,E,0,No Deposit,7.0,0,Transient,92.83,0,1
City Hotel,0,0,2016,May,20,11,0,1,2,0.0,0,BB,PRT,Direct,Direct,0,0,0,A,K,0,No Deposit,,0,Transient,152.0,0,0
City Hotel,0,88,2016,May,20,8,2,3,2,0.0,0,BB,FRA,Offline TA/TO,TA/TO,0,0,0,A,D,0,No Deposit,28.0,0,Transient,75.0,0,0
City Hotel,0,65,2016,May,20,9,1,3,2,0.0,0,BB,FRA,Online TA,TA/TO,0,0,0,A,A,0,No Deposit,8.0,0,Transient,119.85,0,1
City Hotel,0,21,2016,May,20,9,1,3,2,0.0,0,SC,JPN,Online TA,TA/TO,0,0,0,A,A,0,No Deposit,9.0,0,Transient,114.0,0,2
City Hotel,0,109,2016,May,20,8,2,3,2,0.0,0,BB,DEU,Offline TA/TO,TA/TO,0,0,0,D,D,0,No Deposit,6.0,0,Transient-Party,90.96,0,1
City Hotel,0,109,2016,May,20,8,2,3,2,0.0,0,BB,DEU,Offline TA/TO,TA/TO,0,0,0,D,D,0,No Deposit,6.0,0,Transient-Party,90.96,0,1
City Hotel,0,120,2016,May,20,12,0,1,2,0.0,0,SC,PRT,Online TA,TA/TO,0,0,0,A,A,0,No Deposit,7.0,0,Transient,72.76,0,0
City Hotel,0,71,2016,May,20,10,0,3,2,0.0,0,HB,DEU,Offline TA/TO,TA/TO,0,0,0,A,A,0,No Deposit,205.0,0,Transient,126.0,0,1
City Hotel,0,71,2016,May,20,10,0,3,2,0.0,0,HB,DEU,Offline TA/TO,TA/TO,0,0,0,A,A,0,No Deposit,205.0,0,Transient-Party,126.0,0,1
City Hotel,0,71,2016,May,20,10,0,3,2,0.0,0,HB,DEU,Offline TA/TO,TA/TO,0,0,0,A,A,0,No Deposit,205.0,0,Transient-Party,126.0,0,1
City Hotel,0,71,2016,May,20,10,0,3,2,0.0,0,HB,DEU,Offline TA/TO,TA/TO,0,0,0,A,A,0,No Deposit,205.0,0,Transient-Party,126.0,0,1
City Hotel,0,71,2016,May,20,10,0,3,2,0.0,0,HB,DEU,Offline TA/TO,TA/TO,0,0,0,A,A,0,No Deposit,205.0,0,Transient-Party,126.0,0,1
City Hotel,0,71,2016,May,20,10,0,3,2,0.0,0,HB,DEU,Offline TA/TO,TA/TO,0,0,0,A,A,0,No Deposit,205.0,0,Transient-Party,126.0,0,1
City Hotel,0,68,2016,May,20,10,0,3,2,0.0,0,BB,FRA,Online TA,TA/TO,0,0,0,A,A,1,No Deposit,9.0,0,Transient-Party,135.9,1,1
City Hotel,0,111,2016,May,20,9,1,3,2,0.0,0,SC,FRA,Online TA,TA/TO,0,0,0,A,A,0,No Deposit,9.0,0,Transient-Party,102.75,0,1
City Hotel,0,111,2016,May,20,9,1,3,2,0.0,0,SC,FRA,Online TA,TA/TO,0,0,0,A,A,0,No Deposit,9.0,0,Transient-Party,93.75,0,1
City Hotel,0,68,2016,May,20,10,0,3,2,0.0,0,BB,FRA,Online TA,TA/TO,0,0,0,A,A,1,No Deposit,9.0,0,Transient-Party,135.9,1,1
City Hotel,0,90,2016,May,20,10,0,3,2,0.0,0,BB,BEL,Offline TA/TO,TA/TO,0,0,0,A,D,0,No Deposit,28.0,0,Transient,75.0,0,0
City Hotel,0,0,2016,May,20,12,0,1,2,0.0,0,BB,PRT,Online TA,TA/TO,0,0,0,A,A,0,No Deposit,9.0,0,Transient,141.0,0,1
City Hotel,0,161,2016,May,20,9,1,3,2,0.0,0,BB,CHE,Online TA,TA/TO,0,0,0,A,A,0,No Deposit,11.0,0,Transient,72.07,0,0
City Hotel,0,66,2016,May,20,8,2,3,2,0.0,0,BB,DEU,Online TA,TA/TO,0,0,0,A,A,0,No Deposit,9.0,0,Transient,119.85,0,1
City Hotel,0,1,2016,May,20,12,0,1,2,0.0,0,SC,PRT,Offline TA/TO,TA/TO,0,0,0,A,E,0,No Deposit,28.0,0,Transient,85.0,0,0
City Hotel,0,3,2016,June,27,27,1,0,2,0.0,0,BB,PRT,Direct,Direct,1,0,1,A,A,2,No Deposit,14.0,0,Transient,143.1,1,0
City Hotel,0,32,2016,July,28,7,0,1,2,0.0,0,BB,PRT,Online TA,TA/TO,1,0,2,D,D,0,No Deposit,9.0,0,Transient,149.4,0,1
City Hotel,0,32,2016,July,28,8,0,2,2,0.0,0,SC,PRT,Online TA,TA/TO,1,0,2,A,D,0,No Deposit,9.0,0,Transient,125.1,0,1
City Hotel,0,0,2016,October,43,20,0,1,2,0.0,0,SC,LUX,Online TA,TA/TO,1,0,4,A,A,0,No Deposit,9.0,0,Transient,150.0,0,2
City Hotel,0,17,2016,December,50,10,0,1,2,0.0,0,SC,PRT,Online TA,TA/TO,1,0,5,A,A,0,No Deposit,9.0,0,Transient,95.0,0,0
City Hotel,0,0,2016,December,52,23,0,1,2,0.0,0,SC,PRT,Online TA,Direct,1,0,6,A,A,0,No Deposit,9.0,0,Transient,80.0,0,0
City Hotel,0,3,2017,January,1,5,0,1,2,0.0,0,SC,PRT,Online TA,TA/TO,1,0,7,A,A,0,No Deposit,9.0,0,Transient,88.0,0,1
City Hotel,0,0,2017,January,3,17,0,1,2,0.0,0,SC,PRT,Online TA,TA/TO,1,0,8,A,A,0,No Deposit,9.0,0,Transient,88.0,0,0
City Hotel,0,1,2017,February,6,8,0,1,2,0.0,0,SC,PRT,Online TA,TA/TO,1,0,9,A,A,0,No Deposit,9.0,0,Group,88.0,0,0
City Hotel,0,6,2017,February,8,23,0,1,2,0.0,0,SC,PRT,Online TA,TA/TO,1,0,10,A,A,0,No Deposit,9.0,0,Transient,88.0,0,2
City Hotel,0,0,2017,February,8,24,0,1,2,0.0,0,SC,PRT,Online TA,TA/TO,1,0,10,A,A,0,No Deposit,9.0,0,Transient,70.2,0,0
City Hotel,0,0,2017,March,11,16,0,1,2,0.0,0,SC,LUX,Online TA,TA/TO,1,0,12,A,A,0,No Deposit,9.0,0,Transient,98.0,0,0
City Hotel,0,1,2017,March,12,25,0,1,2,0.0,0,SC,PRT,Online TA,TA/TO,1,0,13,A,E,0,No Deposit,9.0,0,Transient,98.0,0,1
City Hotel,0,4,2017,July,28,14,0,1,2,0.0,0,BB,PRT,Online TA,TA/TO,1,0,14,D,D,0,No Deposit,9.0,0,Group,150.0,0,1
City Hotel,0,0,2016,May,20,12,0,1,2,0.0,0,BB,FRA,Direct,Direct,0,0,0,A,A,0,No Deposit,,0,Transient,139.0,0,0
City Hotel,0,0,2016,May,20,13,0,1,2,0.0,0,BB,FRA,Direct,Direct,1,0,0,A,A,0,No Deposit,,0,Transient-Party,139.0,0,0
City Hotel,0,0,2016,May,20,12,0,1,2,0.0,0,BB,FRA,Direct,Direct,0,0,0,A,A,0,No Deposit,,0,Transient,139.0,0,0
City Hotel,0,0,2016,May,20,13,0,1,2,0.0,0,BB,FRA,Direct,Direct,1,0,0,A,A,0,No Deposit,,0,Transient-Party,139.0,0,0
City Hotel,0,30,2016,May,20,11,0,2,2,0.0,0,SC,ESP,Online TA,TA/TO,0,0,0,A,A,0,No Deposit,9.0,0,Transient,116.1,0,1
City Hotel,0,56,2016,May,20,9,1,3,2,0.0,0,BB,NLD,Offline TA/TO,TA/TO,0,0,0,A,A,0,No Deposit,121.0,0,Transient,85.5,0,0
City Hotel,0,0,2016,May,20,12,0,1,2,0.0,0,BB,PRT,Direct,Direct,0,0,0,A,A,0,No Deposit,,0,Transient,129.0,0,0
City Hotel,0,48,2016,May,19,7,2,4,2,0.0,0,BB,CHN,Online TA,TA/TO,0,0,0,A,B,0,No Deposit,9.0,0,Transient,119.85,0,1
City Hotel,0,71,2016,May,19,7,2,4,2,0.0,0,BB,GBR,Online TA,TA/TO,0,0,0,D,D,0,No Deposit,9.0,0,Transient-Party,132.6,0,0
City Hotel,0,21,2016,May,20,9,1,3,2,0.0,0,BB,FRA,Online TA,TA/TO,0,0,0,A,A,0,No Deposit,9.0,0,Transient,126.0,0,1
City Hotel,0,1,2016,May,20,10,0,3,2,0.0,0,BB,FRA,Offline TA/TO,TA/TO,0,0,0,A,A,0,No Deposit,28.0,0,Transient,95.0,0,0
City Hotel,0,18,2016,May,20,10,0,3,2,0.0,0,BB,FRA,Online TA,TA/TO,0,0,0,D,D,0,No Deposit,9.0,0,Transient,146.0,0,1
City Hotel,0,10,2016,May,20,9,1,3,2,0.0,0,BB,GBR,Online TA,TA/TO,0,0,0,D,D,0,No Deposit,9.0,0,Transient,141.0,0,3
City Hotel,0,18,2016,May,20,10,0,3,2,0.0,0,BB,PRT,Online TA,TA/TO,0,0,0,D,D,0,No Deposit,9.0,0,Transient,146.0,0,1
City Hotel,0,87,2016,May,20,8,2,3,2,0.0,0,BB,PRT,Offline TA/TO,TA/TO,0,0,0,A,D,0,No Deposit,28.0,0,Transient,75.0,0,0
City Hotel,0,66,2016,May,20,9,1,3,2,0.0,0,HB,DEU,Online TA,TA/TO,0,0,0,A,A,0,No Deposit,9.0,0,Transient,152.15,0,1
City Hotel,0,7,2016,May,20,12,0,1,2,0.0,0,BB,GBR,Direct,Direct,0,0,0,A,A,1,No Deposit,,0,Transient,110.0,0,0
City Hotel,0,9,2016,May,20,9,1,3,2,0.0,0,HB,FRA,Online TA,TA/TO,0,0,0,D,E,0,No Deposit,9.0,0,Transient,179.0,0,1
City Hotel,0,65,2016,May,20,9,1,3,2,0.0,0,BB,FRA,Online TA,TA/TO,0,0,0,A,A,0,No Deposit,8.0,0,Transient,119.85,0,0
City Hotel,0,0,2016,May,20,13,0,1,2,0.0,0,BB,PRT,Direct,Direct,1,0,0,A,E,1,No Deposit,,0,Transient,139.0,0,0
City Hotel,0,191,2016,May,20,12,0,2,2,0.0,0,BB,AUS,Offline TA/TO,TA/TO,0,0,0,A,A,0,No Deposit,85.0,0,Transient,80.75,0,1
City Hotel,0,77,2016,May,20,10,0,4,2,0.0,0,BB,USA,Online TA,TA/TO,0,0,0,D,D,0,No Deposit,9.0,0,Transient,132.6,0,2
City Hotel,0,2,2016,May,20,13,0,1,2,0.0,0,SC,AGO,Online TA,TA/TO,0,0,0,A,A,0,No Deposit,9.0,0,Transient,129.0,0,1
City Hotel,0,28,2016,May,20,11,0,3,2,0.0,0,SC,CN,Online TA,TA/TO,0,0,0,A,A,0,No Deposit,7.0,0,Transient,96.02,0,1
City Hotel,0,39,2016,May,20,12,0,2,2,0.0,0,BB,NOR,Direct,Direct,0,0,0,A,A,0,No Deposit,14.0,0,Transient,116.1,0,0
City Hotel,0,29,2016,May,20,9,1,4,2,0.0,0,BB,FRA,Online TA,TA/TO,0,0,0,D,D,0,No Deposit,9.0,0,Transient,143.52,0,1
City Hotel,0,117,2016,May,20,10,0,4,2,0.0,0,BB,AUT,Online TA,TA/TO,0,0,0,A,A,0,No Deposit,15.0,0,Transient,83.64,0,0
City Hotel,0,42,2016,May,20,12,0,2,2,0.0,0,BB,PRT,Online TA,TA/TO,0,0,0,A,A,1,No Deposit,9.0,0,Transient,116.1,0,0
City Hotel,0,33,2016,May,20,9,1,4,2,0.0,0,BB,FRA,Online TA,TA/TO,0,0,0,A,A,0,No Deposit,7.0,0,Transient,97.71,0,1
City Hotel,0,122,2016,May,20,12,0,2,2,0.0,0,BB,DEU,Online TA,TA/TO,0,0,0,A,G,1,No Deposit,9.0,0,Transient,105.3,0,1
City Hotel,0,8,2016,May,20,12,0,2,2,0.0,0,BB,PRT,Offline TA/TO,TA/TO,0,0,0,A,A,0,No Deposit,138.0,0,Transient,95.0,0,0
City Hotel,0,64,2016,May,20,10,0,4,2,0.0,0,SC,GBR,Offline TA/TO,TA/TO,0,0,0,A,A,0,No Deposit,138.0,0,Transient,85.0,0,0
City Hotel,0,93,2016,May,20,11,0,3,2,0.0,0,HB,FRA,Offline TA/TO,TA/TO,0,0,0,A,D,0,No Deposit,28.0,0,Transient,105.0,0,0
City Hotel,0,9,2016,May,20,10,0,4,2,0.0,0,BB,FRA,Online TA,TA/TO,0,0,0,D,D,0,No Deposit,9.0,0,Transient,148.5,0,1
City Hotel,0,41,2016,May,20,10,0,4,2,0.0,0,BB,FRA,Offline TA/TO,TA/TO,0,0,0,A,A,0,No Deposit,83.0,0,Transient,101.52,0,2
City Hotel,0,91,2016,May,20,11,0,3,2,0.0,0,BB,FRA,Offline TA/TO,TA/TO,0,0,0,A,A,1,No Deposit,28.0,0,Transient,75.0,0,0
City Hotel,0,36,2016,May,20,11,0,3,2,0.0,0,BB,BEL,Online TA,TA/TO,0,0,0,A,A,0,No Deposit,9.0,0,Transient,126.9,0,2
City Hotel,0,85,2016,May,20,13,0,1,2,0.0,0,SC,DEU,Online TA,TA/TO,0,0,0,A,A,0,No Deposit,9.0,0,Transient,125.1,1,3
City Hotel,0,47,2016,May,20,11,0,3,2,0.0,0,SC,FRA,Online TA,TA/TO,0,0,0,A,A,1,No Deposit,9.0,0,Transient,116.1,0,1
City Hotel,0,49,2016,May,20,9,1,4,2,0.0,0,HB,FRA,Online TA,TA/TO,0,0,0,A,A,0,No Deposit,9.0,0,Transient,170.1,1,1
City Hotel,0,0,2016,May,20,11,0,3,2,0.0,0,BB,PRT,Online TA,TA/TO,0,0,0,A,A,0,No Deposit,9.0,0,Transient,150.0,1,1
City Hotel,0,48,2016,May,20,11,0,3,2,0.0,0,BB,FRA,Direct,Direct,0,0,0,A,A,0,No Deposit,14.0,0,Transient,116.1,0,0
City Hotel,0,88,2016,May,20,9,1,4,2,0.0,0,HB,FRA,Offline TA/TO,TA/TO,0,0,0,A,D,0,No Deposit,28.0,0,Transient,105.0,0,0
City Hotel,0,86,2016,May,20,10,0,4,2,0.0,0,BB,DEU,Online TA,TA/TO,0,0,0,D,D,0,No Deposit,9.0,0,Transient,132.6,0,0
City Hotel,0,1,2016,May,20,13,0,1,2,0.0,0,SC,CHN,Online TA,TA/TO,0,0,0,A,A,0,No Deposit,9.0,0,Transient,129.0,0,0
City Hotel,0,67,2016,May,20,12,0,3,2,0.0,0,HB,ITA,Online TA,TA/TO,0,0,0,A,A,0,No Deposit,9.0,0,Transient,161.1,0,1
City Hotel,0,69,2016,May,20,11,0,4,2,0.0,0,BB,SGP,Online TA,TA/TO,0,0,0,A,A,0,No Deposit,7.0,0,Transient,92.28,0,1
City Hotel,0,91,2016,May,20,11,0,4,2,0.0,0,BB,FRA,Offline TA/TO,TA/TO,0,0,0,A,D,0,No Deposit,28.0,0,Transient,75.0,0,0
City Hotel,0,12,2016,May,20,11,0,4,2,0.0,0,BB,CHE,Offline TA/TO,TA/TO,0,0,0,A,A,0,No Deposit,138.0,0,Transient,104.0,0,0
City Hotel,0,0,2016,May,20,13,0,2,2,0.0,0,BB,DEU,Offline TA/TO,TA/TO,0,0,0,A,K,0,No Deposit,21.0,0,Transient,90.0,0,0
City Hotel,0,61,2016,May,20,14,0,1,2,0.0,0,BB,GBR,Online TA,TA/TO,0,0,0,A,B,0,No Deposit,9.0,0,Transient,126.9,0,1
City Hotel,0,56,2016,May,20,13,0,2,2,0.0,0,BB,IRL,Online TA,TA/TO,0,0,0,D,D,0,No Deposit,9.0,0,Transient,140.4,0,1
City Hotel,0,122,2016,May,20,11,0,4,2,0.0,0,SC,IRL,Online TA,TA/TO,0,0,0,A,A,0,No Deposit,9.0,0,Transient,94.35,0,2
City Hotel,0,118,2016,May,20,11,0,4,2,0.0,0,BB,FRA,Online TA,TA/TO,0,0,0,A,A,0,No Deposit,9.0,0,Transient,109.65,0,1
City Hotel,0,94,2016,May,20,11,0,4,2,0.0,0,BB,AUT,Offline TA/TO,TA/TO,0,0,0,D,F,0,No Deposit,83.0,0,Transient,106.08,0,0
City Hotel,0,0,2016,May,20,14,0,1,2,0.0,0,SC,PRT,Online TA,TA/TO,0,0,0,A,A,0,No Deposit,9.0,0,Transient,129.0,0,1
City Hotel,0,122,2016,May,20,12,0,3,2,0.0,0,BB,DEU,Online TA,TA/TO,0,0,0,D,D,0,No Deposit,8.0,0,Transient,121.5,0,1
City Hotel,0,122,2016,May,20,12,0,3,2,0.0,0,BB,DEU,Online TA,TA/TO,0,0,0,D,D,0,No Deposit,8.0,0,Transient,121.5,0,1
City Hotel,0,91,2016,May,20,12,0,3,2,0.0,0,BB,USA,Offline TA/TO,TA/TO,0,0,0,A,B,1,No Deposit,128.0,0,Transient-Party,80.75,0,0
City Hotel,0,20,2016,May,20,11,0,4,2,0.0,0,BB,GBR,Offline TA/TO,TA/TO,0,0,0,A,A,0,No Deposit,138.0,0,Transient,95.0,0,0
City Hotel,0,24,2016,May,20,14,0,1,2,0.0,0,BB,BRA,Offline TA/TO,TA/TO,0,0,0,A,A,0,No Deposit,138.0,0,Transient,95.0,0,1
City Hotel,0,122,2016,May,20,12,0,3,2,0.0,0,BB,DEU,Online TA,TA/TO,0,0,0,D,D,0,No Deposit,8.0,0,Transient,121.5,0,1
City Hotel,0,36,2016,May,20,11,0,4,2,0.0,0,BB,DEU,Online TA,TA/TO,0,0,0,A,A,0,No Deposit,9.0,0,Transient,126.9,0,1
City Hotel,0,31,2016,May,20,13,0,2,2,0.0,0,BB,PRT,Offline TA/TO,TA/TO,0,0,0,D,D,0,No Deposit,16.0,0,Transient,105.3,0,0
City Hotel,0,115,2016,May,20,13,0,2,2,0.0,0,BB,GBR,Online TA,TA/TO,0,0,0,A,A,2,No Deposit,9.0,0,Transient,126.9,0,1
City Hotel,0,47,2016,May,20,11,0,4,2,0.0,0,BB,PRT,Online TA,TA/TO,0,0,0,A,A,0,No Deposit,7.0,0,Transient,92.28,0,1
City Hotel,0,76,2016,May,20,12,0,3,2,0.0,0,BB,PRT,Online TA,TA/TO,0,0,0,D,E,0,No Deposit,9.0,0,Transient,140.4,0,2
City Hotel,0,66,2016,May,20,11,0,4,2,0.0,0,BB,PRT,Online TA,TA/TO,0,0,0,A,A,0,No Deposit,9.0,0,Transient,119.85,0,1
City Hotel,0,2,2016,May,20,14,0,1,2,0.0,0,BB,PRT,Direct,Direct,0,0,0,A,A,0,No Deposit,,0,Transient,80.0,0,2
City Hotel,0,76,2016,May,20,12,0,3,2,0.0,0,BB,PRT,Online TA,TA/TO,0,0,0,D,D,0,No Deposit,9.0,0,Transient,140.4,0,1
City Hotel,0,80,2016,May,20,13,0,2,2,0.0,0,BB,BRA,Online TA,TA/TO,0,0,0,A,A,0,No Deposit,9.0,0,Transient,126.9,0,2
City Hotel,0,48,2016,May,20,10,0,5,2,0.0,0,BB,FRA,Online TA,TA/TO,0,0,0,D,D,0,No Deposit,9.0,0,Transient,140.4,0,1
City Hotel,0,181,2016,May,20,11,0,4,2,0.0,0,BB,GBR,Online TA,TA/TO,0,0,0,D,D,0,No Deposit,8.0,0,Transient,117.73,0,1
City Hotel,0,47,2016,May,20,11,0,4,2,0.0,0,BB,BEL,Online TA,TA/TO,0,0,0,A,A,0,No Deposit,7.0,0,Transient,92.28,0,1
City Hotel,0,0,2016,May,20,14,0,1,2,0.0,0,BB,PRT,Complementary,Direct,0,0,0,A,B,0,No Deposit,,0,Transient,0.0,0,0
City Hotel,0,22,2016,May,20,10,0,5,2,0.0,0,BB,PRT,Online TA,TA/TO,0,0,0,A,A,0,No Deposit,9.0,0,Transient,142.2,0,0
City Hotel,0,76,2016,May,20,12,0,3,2,0.0,0,BB,BEL,Online TA,TA/TO,0,0,0,A,A,0,No Deposit,9.0,0,Transient,159.3,0,1
City Hotel,0,89,2016,May,20,11,0,4,2,0.0,0,BB,BEL,Online TA,TA/TO,0,0,0,A,A,0,No Deposit,9.0,0,Transient,119.85,0,0
City Hotel,0,0,2016,May,20,14,0,1,2,0.0,0,BB,PRT,Direct,Direct,0,0,0,E,E,0,No Deposit,,0,Transient,177.0,0,0
City Hotel,0,24,2016,May,20,12,0,3,2,0.0,0,SC,DEU,Online TA,TA/TO,0,0,0,A,A,0,No Deposit,7.0,0,Transient,99.33,0,1
City Hotel,0,4,2016,May,20,14,0,1,2,0.0,0,BB,GBR,Online TA,TA/TO,0,0,0,A,A,0,No Deposit,9.0,0,Transient,141.0,0,1
City Hotel,0,56,2016,May,20,13,0,2,2,0.0,0,BB,IRL,Online TA,TA/TO,0,0,0,D,A,0,No Deposit,9.0,0,Transient,140.4,0,1
City Hotel,0,73,2016,May,20,14,0,1,2,0.0,0,BB,USA,Online TA,TA/TO,0,0,0,A,A,0,No Deposit,8.0,0,Transient,126.9,0,1
City Hotel,0,56,2016,May,20,13,0,2,2,0.0,0,BB,IRL,Online TA,TA/TO,0,0,0,D,D,0,No Deposit,9.0,0,Transient,140.4,0,1
City Hotel,0,230,2016,May,20,12,1,3,2,0.0,0,BB,DNK,Online TA,TA/TO,0,0,0,A,A,0,No Deposit,7.0,0,Transient,83.78,0,2
City Hotel,0,124,2016,May,20,13,1,2,2,0.0,0,BB,DEU,Online TA,TA/TO,0,0,0,A,A,1,No Deposit,9.0,0,Transient-Party,117.1,0,1
City Hotel,0,124,2016,May,20,13,1,2,2,0.0,0,BB,DEU,Online TA,TA/TO,0,0,0,A,B,2,No Deposit,9.0,0,Transient-Party,110.1,0,1
City Hotel,0,124,2016,May,20,13,1,2,2,0.0,0,BB,DEU,Online TA,TA/TO,0,0,0,A,B,2,No Deposit,9.0,0,Transient-Party,117.1,0,1
City Hotel,0,56,2016,May,20,13,1,2,2,0.0,0,SC,IRL,Online TA,TA/TO,0,0,0,A,D,0,No Deposit,9.0,0,Transient,116.1,0,1
City Hotel,0,52,2016,May,20,13,1,2,2,0.0,0,SC,IRL,Online TA,TA/TO,0,0,0,A,A,0,No Deposit,9.0,0,Transient,116.1,0,2
City Hotel,0,196,2016,May,20,12,1,3,2,0.0,0,BB,USA,Offline TA/TO,TA/TO,0,0,0,A,A,3,No Deposit,128.0,0,Transient-Party,80.75,0,1
City Hotel,0,36,2016,May,20,13,1,2,2,0.0,0,SC,IRL,Online TA,TA/TO,0,0,0,A,A,0,No Deposit,9.0,0,Transient,116.1,0,2
City Hotel,0,56,2016,May,20,13,1,2,2,0.0,0,SC,IRL,Online TA,TA/TO,0,0,0,A,A,0,No Deposit,9.0,0,Transient,116.1,0,1
City Hotel,0,57,2016,May,20,11,1,4,2,0.0,0,BB,PRT,Online TA,TA/TO,0,0,0,A,A,0,No Deposit,9.0,0,Transient,119.85,0,1
City Hotel,0,39,2016,May,20,13,1,2,2,0.0,0,BB,FRA,Online TA,TA/TO,0,0,0,B,B,1,No Deposit,9.0,0,Transient,127.39,0,0
City Hotel,0,56,2016,May,20,13,1,2,2,0.0,0,SC,PRT,Online TA,TA/TO,0,0,0,A,A,0,No Deposit,9.0,0,Transient,116.1,0,1
City Hotel,0,56,2016,May,20,13,1,2,2,0.0,0,SC,IRL,Online TA,TA/TO,0,0,0,A,A,0,No Deposit,9.0,0,Transient,116.1,0,1
City Hotel,0,76,2016,May,20,12,1,3,2,0.0,0,BB,FRA,Online TA,TA/TO,0,0,0,A,A,3,No Deposit,9.0,0,Transient,131.26,0,1
City Hotel,0,196,2016,May,20,12,1,3,2,0.0,0,BB,USA,Offline TA/TO,TA/TO,0,0,0,A,A,0,No Deposit,128.0,0,Transient-Party,80.75,0,1
City Hotel,0,196,2016,May,20,12,1,3,2,0.0,0,BB,PRT,Offline TA/TO,TA/TO,0,0,0,A,A,0,No Deposit,128.0,0,Transient-Party,80.75,0,0
City Hotel,0,196,2016,May,20,12,1,3,2,0.0,0,BB,USA,Offline TA/TO,TA/TO,0,0,0,A,A,0,No Deposit,128.0,0,Transient-Party,80.75,0,1
City Hotel,0,196,2016,May,20,12,1,3,2,0.0,0,BB,USA,Offline TA/TO,TA/TO,0,0,0,A,A,0,No Deposit,128.0,0,Transient-Party,80.75,0,1
City Hotel,0,191,2016,May,20,11,1,4,2,0.0,0,BB,NOR,Online TA,TA/TO,0,0,0,A,A,0,No Deposit,8.0,0,Transient,100.3,0,0
City Hotel,0,196,2016,May,20,12,1,3,2,0.0,0,BB,FRA,Offline TA/TO,TA/TO,0,0,0,A,A,0,No Deposit,128.0,0,Transient-Party,80.75,0,1
City Hotel,0,196,2016,May,20,12,1,3,2,0.0,0,BB,USA,Offline TA/TO,TA/TO,0,0,0,A,A,0,No Deposit,128.0,0,Transient-Party,80.75,0,0
City Hotel,0,116,2016,May,20,13,1,2,2,0.0,0,BB,ITA,Direct,Direct,0,0,0,A,A,1,No Deposit,14.0,0,Transient,117.9,0,2
City Hotel,0,116,2016,May,20,13,1,2,2,0.0,0,BB,ITA,Direct,Direct,0,0,0,A,A,1,No Deposit,14.0,0,Transient,117.9,0,2
City Hotel,0,189,2016,May,20,12,1,3,2,0.0,0,BB,DEU,Direct,Direct,0,0,0,A,A,0,No Deposit,14.0,0,Transient,90.1,0,0
City Hotel,0,116,2016,May,20,12,1,3,2,0.0,0,BB,FRA,Online TA,TA/TO,0,0,0,A,A,0,No Deposit,9.0,0,Transient,109.65,0,1
City Hotel,0,129,2016,May,20,13,1,2,2,0.0,0,BB,DEU,Offline TA/TO,TA/TO,0,0,0,A,A,0,No Deposit,173.0,0,Transient,80.75,0,1
City Hotel,0,94,2016,May,20,13,1,2,2,0.0,0,BB,GBR,Offline TA/TO,TA/TO,0,0,0,A,A,0,No Deposit,85.0,0,Transient,80.75,0,0
City Hotel,0,40,2016,May,20,13,1,2,2,0.0,0,BB,DEU,Online TA,TA/TO,0,0,0,G,G,0,No Deposit,7.0,0,Transient,203.73,0,2
City Hotel,0,61,2016,May,20,11,1,4,2,0.0,0,BB,DEU,Direct,Direct,0,0,0,F,F,0,No Deposit,14.0,0,Transient,182.75,0,0
City Hotel,0,129,2016,May,20,13,1,2,2,0.0,0,BB,DEU,Offline TA/TO,TA/TO,0,0,0,A,A,0,No Deposit,173.0,0,Transient,80.75,0,2
City Hotel,0,53,2016,May,20,13,1,2,2,0.0,0,BB,ESP,Online TA,TA/TO,0,0,0,D,D,0,No Deposit,9.0,0,Transient,149.4,0,1
City Hotel,0,61,2016,May,20,13,1,2,2,0.0,0,BB,ITA,Online TA,TA/TO,0,0,0,A,A,0,No Deposit,9.0,0,Transient,121.5,0,2
City Hotel,0,56,2016,May,20,13,1,2,2,0.0,0,SC,IRL,Online TA,TA/TO,0,0,0,A,A,0,No Deposit,9.0,0,Transient,116.1,0,1
City Hotel,0,124,2016,May,20,13,1,2,2,0.0,0,BB,DEU,Online TA,TA/TO,0,0,0,A,A,1,No Deposit,9.0,0,Transient,117.1,0,1
City Hotel,0,56,2016,May,20,13,1,2,2,0.0,0,SC,IRL,Online TA,TA/TO,0,0,0,A,A,0,No Deposit,9.0,0,Transient,116.1,0,1
City Hotel,0,51,2016,May,20,10,1,5,2,0.0,0,BB,NLD,Online TA,TA/TO,0,0,0,D,D,0,No Deposit,9.0,0,Transient,132.6,0,2
City Hotel,0,81,2016,May,21,15,2,0,2,0.0,0,BB,CN,Groups,TA/TO,0,0,0,A,A,0,No Deposit,133.0,0,Transient-Party,90.0,0,1
City Hotel,0,3,2016,May,20,12,2,3,2,0.0,0,SC,FRA,Offline TA/TO,TA/TO,0,0,0,A,A,0,No Deposit,83.0,0,Transient,96.8,0,1
City Hotel,0,5,2016,May,21,16,1,0,2,0.0,0,SC,USA,Online TA,TA/TO,0,0,0,A,A,0,No Deposit,7.0,0,Transient,68.53,0,1
City Hotel,0,3,2016,May,20,12,2,3,2,0.0,0,SC,CN,Online TA,TA/TO,0,0,0,A,A,0,No Deposit,9.0,0,Transient,121.0,0,0
City Hotel,0,104,2016,May,20,14,2,1,2,0.0,0,BB,FRA,Online TA,TA/TO,0,0,0,A,A,0,No Deposit,9.0,0,Transient-Party,126.9,0,1
City Hotel,0,49,2016,May,20,13,2,2,2,0.0,0,BB,FRA,Online TA,TA/TO,0,0,0,A,A,0,No Deposit,9.0,0,Transient,126.9,0,1
City Hotel,0,81,2016,May,21,15,2,0,2,0.0,0,BB,CN,Groups,TA/TO,0,0,0,A,B,0,No Deposit,133.0,0,Transient-Party,90.0,0,1
City Hotel,0,45,2016,May,20,12,2,3,2,0.0,0,BB,DEU,Online TA,TA/TO,0,0,0,D,D,2,No Deposit,9.0,0,Transient,168.3,0,0
City Hotel,0,81,2016,May,21,15,2,0,2,0.0,0,BB,CN,Groups,TA/TO,0,0,0,A,A,0,No Deposit,133.0,0,Transient-Party,90.0,0,1
City Hotel,0,81,2016,May,21,15,2,0,2,0.0,0,BB,CN,Groups,TA/TO,0,0,0,A,A,0,No Deposit,133.0,0,Transient-Party,90.0,0,1
City Hotel,0,81,2016,May,21,15,2,0,2,0.0,0,BB,CN,Groups,TA/TO,0,0,0,A,A,0,No Deposit,133.0,0,Transient-Party,90.0,0,1
City Hotel,0,81,2016,May,21,15,2,0,2,0.0,0,BB,CN,Groups,TA/TO,0,0,0,A,A,0,No Deposit,133.0,0,Transient-Party,90.0,0,1
City Hotel,0,40,2016,May,20,13,2,2,2,0.0,0,BB,ITA,Online TA,TA/TO,0,0,0,A,A,0,No Deposit,9.0,0,Transient,126.9,0,1
City Hotel,0,81,2016,May,21,15,2,0,2,0.0,0,BB,CN,Groups,TA/TO,0,0,0,A,A,0,No Deposit,133.0,0,Transient-Party,90.0,0,1
City Hotel,0,81,2016,May,21,15,2,0,2,0.0,0,BB,CN,Groups,TA/TO,0,0,0,A,A,0,No Deposit,133.0,0,Transient-Party,90.0,0,1
City Hotel,0,81,2016,May,21,15,2,0,2,0.0,0,BB,CN,Groups,TA/TO,0,0,0,A,B,0,No Deposit,133.0,0,Transient-Party,90.0,0,1
City Hotel,0,81,2016,May,21,15,2,0,2,0.0,0,BB,CN,Groups,TA/TO,0,0,0,A,A,0,No Deposit,133.0,0,Transient-Party,90.0,0,1
City Hotel,0,81,2016,May,21,15,2,0,2,0.0,0,BB,CN,Groups,TA/TO,0,0,0,A,A,0,No Deposit,133.0,0,Transient-Party,90.0,0,1
City Hotel,0,81,2016,May,21,15,2,0,2,0.0,0,BB,CN,Groups,TA/TO,0,0,0,A,B,0,No Deposit,133.0,0,Transient-Party,90.0,0,1
City Hotel,0,81,2016,May,21,15,2,0,2,0.0,0,BB,CN,Groups,TA/TO,0,0,0,A,A,0,No Deposit,133.0,0,Transient-Party,90.0,0,1
City Hotel,0,66,2016,May,20,14,2,1,2,0.0,0,BB,MYS,Online TA,TA/TO,0,0,0,D,D,0,No Deposit,7.0,0,Transient,108.11,0,1
City Hotel,0,81,2016,May,21,15,2,0,2,0.0,0,BB,PRT,Groups,TA/TO,0,0,0,A,A,0,No Deposit,133.0,0,Transient-Party,90.0,0,1
City Hotel,0,33,2016,May,21,16,1,0,2,0.0,0,SC,GBR,Online TA,TA/TO,0,0,0,A,A,0,No Deposit,9.0,0,Transient,116.1,0,1
City Hotel,0,72,2016,May,20,13,2,2,2,0.0,0,BB,FRA,Online TA,TA/TO,0,0,0,A,A,0,No Deposit,9.0,0,Transient-Party,119.85,0,1
City Hotel,0,72,2016,May,20,13,2,2,2,0.0,0,BB,FRA,Online TA,TA/TO,0,0,0,A,A,0,No Deposit,9.0,0,Transient-Party,119.85,0,1
City Hotel,0,73,2016,May,20,12,2,3,2,0.0,0,BB,TUR,Online TA,TA/TO,0,0,0,A,A,0,No Deposit,9.0,0,Transient,119.85,0,1
City Hotel,0,81,2016,May,21,15,2,0,2,0.0,0,BB,CN,Groups,TA/TO,0,0,0,A,B,0,No Deposit,133.0,0,Transient-Party,90.0,0,1
City Hotel,0,104,2016,May,21,15,2,0,2,0.0,0,BB,BEL,Online TA,TA/TO,0,0,0,A,A,0,No Deposit,89.0,0,Transient,91.44,0,0
City Hotel,0,116,2016,May,20,12,2,3,2,0.0,0,BB,HUN,Online TA,TA/TO,0,0,0,A,A,2,No Deposit,9.0,0,Transient,111.92,0,1
City Hotel,0,31,2016,May,20,10,2,5,2,0.0,0,BB,GBR,Online TA,TA/TO,0,0,0,D,D,0,No Deposit,9.0,0,Transient,140.4,0,0
City Hotel,0,107,2016,May,20,12,2,3,2,0.0,0,BB,PRT,Online TA,TA/TO,0,0,0,A,A,0,No Deposit,7.0,0,Transient,92.28,0,1
City Hotel,0,117,2016,May,20,13,2,2,2,0.0,0,SC,DEU,Online TA,TA/TO,0,0,0,A,A,0,No Deposit,9.0,0,Transient,99.45,0,1
City Hotel,0,116,2016,May,20,14,2,1,2,0.0,0,BB,AUT,Online TA,TA/TO,0,0,0,A,A,0,No Deposit,9.0,0,Transient,112.5,0,0
City Hotel,0,81,2016,May,21,15,2,0,2,0.0,0,BB,CN,Groups,TA/TO,0,0,0,A,B,0,No Deposit,133.0,0,Transient-Party,90.0,0,1
City Hotel,0,81,2016,May,21,15,2,0,2,0.0,0,BB,CN,Groups,TA/TO,0,0,0,A,B,0,No Deposit,133.0,0,Transient-Party,90.0,0,1
City Hotel,0,117,2016,May,20,13,2,2,2,0.0,0,SC,DEU,Online TA,TA/TO,0,0,0,A,A,0,No Deposit,9.0,0,Transient,99.45,0,1
City Hotel,0,95,2016,May,20,12,2,3,2,0.0,0,BB,FRA,Online TA,TA/TO,0,0,0,D,D,0,No Deposit,7.0,0,Transient,102.1,0,1
City Hotel,0,81,2016,May,21,15,2,0,2,0.0,0,BB,CN,Groups,TA/TO,0,0,0,A,A,1,No Deposit,133.0,0,Transient-Party,45.0,0,0
City Hotel,0,65,2016,May,20,12,2,3,2,0.0,0,BB,DEU,Direct,Direct,0,0,0,D,D,1,No Deposit,14.0,0,Transient,127.5,0,0
City Hotel,0,10,2016,May,21,16,1,0,2,0.0,0,BB,ESP,Online TA,TA/TO,0,0,0,A,A,0,No Deposit,9.0,0,Transient,103.0,0,0
City Hotel,0,45,2016,May,20,12,2,3,2,0.0,0,BB,DEU,Online TA,TA/TO,0,0,0,D,D,2,No Deposit,9.0,0,Transient,149.4,1,0
City Hotel,0,7,2016,May,21,16,1,0,2,0.0,0,SC,PRT,Online TA,TA/TO,0,0,0,A,A,0,No Deposit,9.0,0,Transient,89.0,0,0
City Hotel,0,71,2016,May,20,13,2,2,2,0.0,0,BB,AUT,Online TA,TA/TO,0,0,0,D,D,0,No Deposit,9.0,0,Transient,137.1,0,1
City Hotel,0,129,2016,May,20,13,2,2,2,0.0,0,BB,DEU,Offline TA/TO,TA/TO,0,0,0,A,A,0,No Deposit,27.0,0,Transient,80.75,0,0
City Hotel,0,2,2016,May,21,16,1,0,2,0.0,0,SC,PRT,Online TA,TA/TO,0,0,0,A,A,0,No Deposit,9.0,0,Transient,89.0,0,1
City Hotel,0,129,2016,May,20,13,2,2,2,0.0,0,BB,DEU,Offline TA/TO,TA/TO,0,0,0,A,A,0,No Deposit,27.0,0,Transient,80.75,0,0
City Hotel,0,129,2016,May,20,13,2,2,2,0.0,0,BB,DEU,Offline TA/TO,TA/TO,0,0,0,A,A,0,No Deposit,27.0,0,Transient,80.75,0,0
City Hotel,0,9,2016,May,19,4,4,9,2,0.0,0,BB,MEX,Direct,Direct,0,0,0,D,D,3,No Deposit,14.0,0,Transient,152.0,0,0
City Hotel,0,0,2016,May,21,16,1,0,2,0.0,0,SC,USA,Online TA,TA/TO,0,0,0,A,A,0,No Deposit,152.0,0,Transient,62.73,0,0
City Hotel,0,45,2016,May,21,15,2,0,2,0.0,0,BB,BEL,Direct,Direct,0,0,0,A,E,1,No Deposit,14.0,0,Transient,126.1,0,0
City Hotel,0,46,2016,May,21,16,1,1,2,0.0,0,BB,PRT,Online TA,TA/TO,0,0,0,D,D,1,No Deposit,9.0,0,Transient,140.4,0,0
City Hotel,0,0,2016,May,21,17,0,0,2,0.0,0,HB,PRT,Offline TA/TO,TA/TO,1,0,0,A,A,0,No Deposit,6.0,0,Transient,0.0,0,0
City Hotel,0,0,2016,May,21,17,0,0,2,0.0,0,HB,PRT,Offline TA/TO,TA/TO,1,0,0,A,A,0,No Deposit,6.0,0,Transient,0.0,0,0
City Hotel,0,0,2016,May,21,17,0,0,2,0.0,0,HB,PRT,Offline TA/TO,TA/TO,1,0,0,A,A,0,No Deposit,6.0,0,Transient,0.0,0,0
City Hotel,0,0,2016,May,21,17,0,0,2,0.0,0,HB,PRT,Offline TA/TO,TA/TO,1,0,0,A,A,0,No Deposit,6.0,0,Transient,0.0,0,0
City Hotel,0,0,2016,May,21,17,0,0,2,0.0,0,HB,PRT,Offline TA/TO,TA/TO,1,0,0,A,A,0,No Deposit,6.0,0,Transient,0.0,0,0
City Hotel,0,0,2016,May,21,17,0,0,2,0.0,0,HB,PRT,Offline TA/TO,TA/TO,1,0,0,A,A,0,No Deposit,6.0,0,Transient,0.0,0,0
City Hotel,0,0,2016,May,21,17,0,0,2,0.0,0,HB,PRT,Offline TA/TO,TA/TO,1,0,0,A,A,0,No Deposit,6.0,0,Transient,0.0,0,0
City Hotel,0,0,2016,May,21,17,0,0,2,0.0,0,HB,PRT,Offline TA/TO,TA/TO,1,0,0,A,A,0,No Deposit,6.0,0,Transient,0.0,0,0
City Hotel,0,0,2016,May,21,17,0,0,2,0.0,0,HB,PRT,Offline TA/TO,TA/TO,1,0,0,A,A,0,No Deposit,6.0,0,Transient,0.0,0,0
City Hotel,0,0,2016,May,21,17,0,0,2,0.0,0,HB,PRT,Offline TA/TO,TA/TO,1,0,0,A,A,0,No Deposit,6.0,0,Transient,0.0,0,0
City Hotel,0,0,2016,May,21,17,0,0,2,0.0,0,HB,PRT,Offline TA/TO,TA/TO,1,0,0,A,A,0,No Deposit,6.0,0,Transient,0.0,0,0
City Hotel,0,0,2016,May,21,17,0,0,2,0.0,0,HB,PRT,Offline TA/TO,TA/TO,1,0,0,A,A,0,No Deposit,6.0,0,Transient,0.0,0,0
City Hotel,0,0,2016,May,21,17,0,0,2,0.0,0,HB,PRT,Offline TA/TO,TA/TO,1,0,0,A,A,0,No Deposit,6.0,0,Transient,0.0,0,0
City Hotel,0,0,2016,May,21,17,0,0,2,0.0,0,HB,PRT,Offline TA/TO,TA/TO,1,0,0,A,A,0,No Deposit,6.0,0,Transient,0.0,0,0
City Hotel,0,0,2016,May,21,17,0,0,2,0.0,0,HB,PRT,Offline TA/TO,TA/TO,1,0,0,A,A,0,No Deposit,6.0,0,Transient,0.0,0,0
City Hotel,0,0,2016,May,21,17,0,0,2,0.0,0,HB,PRT,Offline TA/TO,TA/TO,1,0,0,A,A,0,No Deposit,6.0,0,Transient,0.0,0,0
City Hotel,0,0,2016,May,21,17,0,0,2,0.0,0,HB,PRT,Offline TA/TO,TA/TO,1,0,0,A,A,0,No Deposit,6.0,0,Transient,0.0,0,0
City Hotel,0,0,2016,May,21,17,0,0,2,0.0,0,HB,PRT,Offline TA/TO,TA/TO,1,0,0,A,A,0,No Deposit,6.0,0,Transient,0.0,0,0
City Hotel,0,0,2016,May,21,17,0,0,2,0.0,0,HB,PRT,Offline TA/TO,TA/TO,1,0,0,A,A,0,No Deposit,6.0,0,Transient,0.0,0,0
City Hotel,0,0,2016,May,21,17,0,0,2,0.0,0,HB,PRT,Offline TA/TO,TA/TO,1,0,0,A,A,0,No Deposit,6.0,0,Transient,0.0,0,0
City Hotel,0,58,2016,May,20,12,2,4,2,0.0,0,BB,DEU,Online TA,TA/TO,0,0,0,A,A,0,No Deposit,9.0,0,Transient,119.85,0,1
City Hotel,0,121,2016,May,21,17,0,1,2,0.0,0,SC,DEU,Online TA,TA/TO,0,0,0,A,G,0,No Deposit,9.0,0,Transient,103.5,1,1
City Hotel,0,53,2016,May,21,17,0,1,2,0.0,0,BB,USA,Online TA,TA/TO,0,0,0,A,F,0,No Deposit,9.0,0,Transient,126.9,0,1
City Hotel,0,95,2016,May,21,16,1,1,2,0.0,0,BB,AUS,Offline TA/TO,TA/TO,0,0,0,D,D,0,No Deposit,22.0,0,Transient,90.95,0,0
City Hotel,0,97,2016,May,21,16,1,1,2,0.0,0,BB,FRA,Offline TA/TO,TA/TO,0,0,0,A,A,1,No Deposit,118.0,0,Transient,80.75,0,0
City Hotel,0,56,2016,May,20,14,2,2,2,0.0,0,BB,FRA,Online TA,TA/TO,0,0,0,D,D,0,No Deposit,9.0,0,Transient,132.6,0,1
City Hotel,0,82,2016,May,21,16,1,1,2,0.0,0,SC,FRA,Online TA,TA/TO,0,0,0,A,A,0,No Deposit,9.0,0,Transient-Party,116.1,0,1
City Hotel,0,82,2016,May,21,16,1,1,2,0.0,0,SC,FRA,Online TA,TA/TO,0,0,0,A,A,0,No Deposit,9.0,0,Transient-Party,116.1,0,1
City Hotel,0,70,2016,May,20,11,2,5,2,0.0,0,BB,FRA,Online TA,TA/TO,0,0,0,A,D,1,No Deposit,9.0,0,Transient,119.85,0,2
City Hotel,0,56,2016,May,21,16,1,1,2,0.0,0,BB,ITA,Direct,Direct,0,0,0,A,A,0,No Deposit,14.0,0,Transient,125.1,1,0
City Hotel,0,5,2016,May,21,15,2,1,2,0.0,0,SC,NLD,Online TA,TA/TO,0,0,0,A,A,0,No Deposit,9.0,0,Transient,115.67,0,1
City Hotel,0,77,2016,May,20,14,2,2,2,0.0,0,BB,PRT,Online TA,TA/TO,0,0,0,D,D,0,No Deposit,9.0,0,Transient,134.85,0,1
City Hotel,0,114,2016,May,20,14,2,2,2,0.0,0,BB,DEU,Online TA,TA/TO,0,0,0,D,A,0,No Deposit,7.0,0,Transient,87.05,0,1
City Hotel,0,5,2016,May,21,15,2,1,2,0.0,0,HB,FRA,Offline TA/TO,TA/TO,0,0,0,A,A,0,No Deposit,28.0,1,Transient,125.0,0,0
City Hotel,0,0,2016,May,21,15,2,1,2,0.0,0,BB,FRA,Direct,Direct,0,0,0,A,E,0,No Deposit,14.0,0,Transient,103.5,0,0
City Hotel,0,54,2016,May,21,16,1,1,2,0.0,0,BB,DEU,Online TA,TA/TO,0,0,0,B,B,1,No Deposit,9.0,0,Transient,118.6,0,0
City Hotel,0,97,2016,May,21,16,1,1,2,0.0,0,BB,PRT,Offline TA/TO,TA/TO,0,0,0,A,A,0,No Deposit,85.0,0,Transient,80.75,0,0
City Hotel,0,114,2016,May,21,16,1,1,2,0.0,0,BB,DEU,Direct,Direct,0,0,0,A,A,0,No Deposit,14.0,0,Transient,94.5,0,0
City Hotel,0,63,2016,May,21,15,2,1,2,0.0,0,BB,COL,Direct,Direct,0,0,0,A,A,1,No Deposit,14.0,0,Transient,135.1,0,1
City Hotel,0,78,2016,May,20,14,2,2,2,0.0,0,BB,GBR,Online TA,TA/TO,0,0,0,A,A,0,No Deposit,9.0,0,Transient,119.85,0,2
City Hotel,0,0,2016,May,21,17,0,1,2,0.0,0,SC,PRT,Online TA,TA/TO,0,0,0,A,A,0,No Deposit,152.0,0,Transient,95.94,0,0
City Hotel,0,115,2016,May,21,16,1,1,2,0.0,0,BB,NLD,Online TA,TA/TO,0,0,0,A,A,0,No Deposit,9.0,0,Transient,114.3,0,1
City Hotel,0,49,2016,May,20,13,2,3,2,0.0,0,BB,PRT,Online TA,TA/TO,0,0,0,D,D,0,No Deposit,9.0,0,Transient,140.4,0,1
City Hotel,0,80,2016,May,21,16,1,1,2,0.0,0,BB,DEU,Offline TA/TO,TA/TO,0,0,0,A,A,0,No Deposit,27.0,0,Transient,89.75,0,0
City Hotel,0,86,2016,May,20,11,2,5,2,0.0,0,BB,FRA,Online TA,TA/TO,0,0,0,D,D,0,No Deposit,7.0,0,Transient,102.1,0,1
City Hotel,0,98,2016,May,21,16,1,2,2,0.0,0,HB,FRA,Offline TA/TO,TA/TO,0,0,0,A,D,0,No Deposit,28.0,0,Transient,105.0,0,0
City Hotel,0,52,2016,May,20,14,2,3,2,0.0,0,BB,FRA,Online TA,TA/TO,0,0,0,A,A,0,No Deposit,9.0,0,Transient,126.9,0,0
City Hotel,0,2,2016,May,21,15,2,2,2,0.0,0,BB,DEU,Offline TA/TO,TA/TO,0,0,0,A,A,0,No Deposit,21.0,0,Transient-Party,81.75,0,0
City Hotel,0,112,2016,May,20,14,2,3,2,0.0,0,BB,PRT,Online TA,TA/TO,0,0,0,A,A,0,No Deposit,9.0,0,Transient,103.53,0,1
City Hotel,0,2,2016,May,21,15,2,2,2,0.0,0,BB,DEU,Offline TA/TO,TA/TO,0,0,0,A,A,0,No Deposit,21.0,0,Transient-Party,81.75,0,0
City Hotel,0,2,2016,May,21,15,2,2,2,0.0,0,BB,DEU,Offline TA/TO,TA/TO,0,0,0,A,A,0,No Deposit,21.0,0,Transient-Party,81.75,0,0
City Hotel,0,2,2016,May,21,15,2,2,2,0.0,0,BB,DEU,Offline TA/TO,TA/TO,0,0,0,A,A,0,No Deposit,21.0,0,Transient-Party,81.75,0,1
City Hotel,0,2,2016,May,21,15,2,2,2,0.0,0,BB,DEU,Offline TA/TO,TA/TO,0,0,0,A,A,0,No Deposit,21.0,0,Transient-Party,81.75,0,0
City Hotel,0,2,2016,May,21,15,2,2,2,0.0,0,BB,DEU,Offline TA/TO,TA/TO,0,0,0,A,A,0,No Deposit,21.0,0,Transient-Party,81.75,0,1
City Hotel,0,2,2016,May,21,15,2,2,2,0.0,0,BB,PRT,Offline TA/TO,TA/TO,0,0,0,A,A,0,No Deposit,21.0,0,Transient-Party,81.75,0,0
City Hotel,0,64,2016,May,21,17,0,2,2,0.0,0,BB,FRA,Corporate,TA/TO,0,0,0,A,A,2,No Deposit,,0,Transient-Party,140.0,0,1
City Hotel,0,126,2016,May,21,15,2,2,2,0.0,0,BB,FRA,Online TA,TA/TO,0,0,0,D,D,0,No Deposit,7.0,0,Transient,83.12,0,1
City Hotel,0,42,2016,May,21,17,0,3,2,0.0,0,BB,GBR,Offline TA/TO,TA/TO,0,0,0,D,D,0,No Deposit,85.0,0,Transient,96.3,0,0
City Hotel,0,64,2016,May,21,17,0,2,2,0.0,0,BB,ESP,Corporate,TA/TO,0,0,0,A,A,2,No Deposit,,0,Transient-Party,140.0,0,1
City Hotel,0,9,2016,May,21,18,0,1,2,0.0,0,SC,PRT,Online TA,TA/TO,0,0,0,A,E,0,No Deposit,8.0,0,Transient,129.0,0,0
City Hotel,0,102,2016,May,21,16,1,2,2,0.0,0,BB,FRA,Offline TA/TO,TA/TO,0,0,0,A,A,0,No Deposit,28.0,0,Transient,75.0,0,0
City Hotel,0,1,2016,May,21,18,0,1,2,0.0,0,BB,ITA,Direct,Direct,0,0,0,A,F,0,No Deposit,,0,Transient,120.0,0,0
City Hotel,0,0,2016,May,21,18,0,1,2,0.0,0,SC,PRT,Offline TA/TO,TA/TO,0,0,0,A,B,0,No Deposit,157.0,0,Transient,103.2,0,0
City Hotel,0,48,2016,May,21,15,2,2,2,0.0,0,BB,DEU,Direct,Direct,0,0,0,D,D,0,No Deposit,14.0,0,Transient,135.0,0,0
City Hotel,0,48,2016,May,21,15,2,2,2,0.0,0,BB,DEU,Direct,Direct,0,0,0,D,D,0,No Deposit,14.0,0,Transient,135.0,0,0
City Hotel,0,1,2016,May,21,18,0,1,2,0.0,0,BB,ESP,Direct,Direct,0,0,0,A,A,0,No Deposit,,0,Transient,120.0,0,0
City Hotel,0,121,2016,May,21,16,1,2,2,0.0,0,BB,FRA,Online TA,TA/TO,0,0,0,D,D,0,No Deposit,9.0,0,Transient-Party,114.3,0,0
City Hotel,0,59,2016,May,20,14,2,3,2,0.0,0,BB,DEU,Offline TA/TO,TA/TO,0,0,0,A,A,0,No Deposit,85.0,0,Transient,85.5,0,0
City Hotel,0,27,2016,May,21,18,0,1,2,0.0,0,BB,ISR,Online TA,TA/TO,0,0,0,D,D,0,No Deposit,9.0,0,Transient,156.0,0,0
City Hotel,0,27,2016,May,21,18,0,1,2,0.0,0,BB,ISR,Online TA,TA/TO,0,0,0,D,D,0,No Deposit,9.0,0,Transient,156.0,0,0
City Hotel,0,82,2016,May,21,17,0,2,2,0.0,0,BB,CHE,Online TA,TA/TO,0,0,0,D,F,0,No Deposit,9.0,0,Transient,149.4,0,0
City Hotel,0,52,2016,May,21,15,2,2,2,0.0,0,BB,PRT,Online TA,TA/TO,0,0,0,A,A,0,No Deposit,7.0,0,Transient,92.28,0,1
City Hotel,0,76,2016,May,21,16,1,2,2,0.0,0,SC,GBR,Online TA,TA/TO,0,0,0,A,A,0,No Deposit,9.0,0,Transient,116.1,0,2
City Hotel,0,74,2016,May,21,15,2,2,2,0.0,0,BB,BEL,Online TA,TA/TO,0,0,0,D,D,0,No Deposit,9.0,0,Transient,132.6,0,1
City Hotel,0,5,2016,May,21,15,2,2,2,0.0,0,BB,FRA,Online TA,TA/TO,0,0,0,A,A,0,No Deposit,7.0,0,Transient,100.87,0,1
City Hotel,0,72,2016,May,20,14,2,3,2,0.0,0,BB,FRA,Direct,Direct,0,0,0,D,D,0,No Deposit,14.0,0,Transient,127.5,0,0
City Hotel,0,116,2016,May,21,18,0,1,2,0.0,0,BB,USA,Online TA,TA/TO,0,0,0,A,F,0,No Deposit,9.0,0,Transient,105.3,0,1
City Hotel,0,3,2016,May,21,16,1,2,2,0.0,0,BB,NLD,Online TA,TA/TO,0,0,0,D,D,0,No Deposit,,0,Transient,132.6,0,2
City Hotel,0,104,2016,May,21,16,1,2,2,0.0,0,BB,FRA,Offline TA/TO,TA/TO,0,0,0,A,A,0,No Deposit,28.0,0,Transient,75.0,0,0
City Hotel,0,46,2016,May,20,12,2,5,2,0.0,0,BB,PRT,Online TA,TA/TO,0,0,0,D,D,0,No Deposit,9.0,0,Transient,140.4,0,1
City Hotel,0,85,2016,May,21,15,2,2,2,0.0,0,BB,IRL,Online TA,TA/TO,0,0,0,D,D,0,No Deposit,9.0,0,Transient-Party,132.6,0,1
City Hotel,0,43,2016,May,21,18,0,1,2,0.0,0,BB,GBR,Online TA,TA/TO,0,0,0,D,D,0,No Deposit,9.0,0,Transient,149.4,0,1
City Hotel,0,85,2016,May,21,15,2,2,2,0.0,0,BB,IRL,Online TA,TA/TO,0,0,0,D,D,0,No Deposit,9.0,0,Transient-Party,132.6,0,1
City Hotel,0,6,2016,May,21,16,1,2,2,0.0,0,BB,ARG,Online TA,TA/TO,0,0,0,A,A,0,No Deposit,9.0,0,Transient,121.67,0,1
City Hotel,0,122,2016,May,21,15,2,2,2,0.0,0,BB,GBR,Direct,Direct,0,0,0,A,A,2,No Deposit,14.0,0,Transient,89.25,0,0
City Hotel,0,121,2016,May,20,14,2,3,2,0.0,0,BB,CHE,Online TA,TA/TO,0,0,0,A,A,0,No Deposit,11.0,0,Transient,74.54,0,0
City Hotel,0,58,2016,May,21,16,1,2,2,0.0,0,SC,CN,Online TA,TA/TO,0,0,0,A,A,0,No Deposit,7.0,0,Transient,89.4,0,2
City Hotel,0,53,2016,May,21,18,0,1,2,0.0,0,SC,GBR,Online TA,TA/TO,0,0,0,A,A,2,No Deposit,7.0,0,Transient,89.4,0,2
City Hotel,0,53,2016,May,21,18,0,1,2,0.0,0,SC,IND,Online TA,TA/TO,0,0,0,A,A,2,No Deposit,7.0,0,Transient,89.4,0,2
City Hotel,0,115,2016,May,21,16,1,2,2,0.0,0,BB,NLD,Online TA,TA/TO,0,0,0,A,A,0,No Deposit,9.0,0,Transient,105.3,0,1
City Hotel,0,30,2016,May,21,15,2,2,2,0.0,0,BB,NLD,Online TA,TA/TO,0,0,0,A,A,0,No Deposit,9.0,0,Transient,126.9,0,1
City Hotel,0,3,2016,May,20,13,2,4,2,0.0,0,SC,GBR,Online TA,TA/TO,0,0,0,A,A,2,No Deposit,9.0,0,Transient,122.33,0,2
City Hotel,0,19,2016,May,21,18,0,1,2,0.0,0,BB,ESP,Direct,Direct,0,0,0,D,D,0,No Deposit,,0,Transient,152.0,0,0
City Hotel,0,126,2016,May,21,15,2,2,2,0.0,0,BB,CHE,Online TA,TA/TO,0,0,0,D,D,0,No Deposit,9.0,0,Transient,107.95,0,3
City Hotel,0,121,2016,May,21,16,1,2,2,0.0,0,BB,BEL,Online TA,TA/TO,0,0,0,D,D,0,No Deposit,9.0,0,Transient-Party,123.3,1,1
City Hotel,0,60,2016,May,21,16,1,2,2,0.0,0,BB,DEU,Online TA,TA/TO,0,0,0,A,A,0,No Deposit,9.0,0,Transient,128.85,0,0
City Hotel,0,44,2016,May,21,18,0,2,2,0.0,0,BB,DEU,Online TA,TA/TO,0,0,0,D,D,0,No Deposit,9.0,0,Transient,140.4,0,1
City Hotel,0,119,2016,May,21,19,0,1,2,0.0,0,SC,CN,Online TA,TA/TO,0,0,0,A,A,0,No Deposit,9.0,0,Transient,103.5,0,1
City Hotel,0,105,2016,May,21,16,1,3,2,0.0,0,BB,FRA,Online TA,TA/TO,0,0,0,A,A,0,No Deposit,9.0,0,Transient,119.85,0,1
City Hotel,0,3,2016,May,21,19,0,1,2,0.0,0,BB,PRT,Corporate,Corporate,0,0,0,E,E,1,No Deposit,,0,Transient,159.0,0,0
City Hotel,0,41,2016,May,21,17,0,3,2,0.0,0,BB,BEL,Online TA,TA/TO,0,0,0,D,D,0,No Deposit,9.0,0,Transient,143.4,0,1
City Hotel,0,89,2016,May,21,16,1,3,2,0.0,0,BB,FRA,Online TA,TA/TO,0,0,0,D,D,1,No Deposit,9.0,0,Transient,132.6,0,1
City Hotel,0,76,2016,May,21,17,0,3,2,0.0,0,BB,IRL,Offline TA/TO,TA/TO,0,0,0,A,A,0,No Deposit,22.0,0,Transient,80.75,0,1
City Hotel,0,0,2016,May,21,19,0,1,2,0.0,0,SC,CHN,Online TA,TA/TO,0,0,0,A,A,0,No Deposit,9.0,0,Transient,168.3,0,0
City Hotel,0,33,2016,May,21,19,0,1,2,0.0,0,SC,IRL,Online TA,TA/TO,0,0,0,A,A,0,No Deposit,9.0,0,Transient,116.1,0,2
City Hotel,0,97,2016,May,21,19,0,1,2,0.0,0,SC,ITA,Online TA,TA/TO,0,0,0,A,A,0,No Deposit,9.0,0,Transient,116.1,0,1
City Hotel,0,39,2016,May,21,17,0,3,2,0.0,0,BB,FRA,Online TA,TA/TO,0,0,0,D,D,0,No Deposit,9.0,0,Transient,140.4,0,1
City Hotel,0,104,2016,May,21,17,0,3,2,0.0,0,BB,FRA,Online TA,TA/TO,0,0,0,A,D,0,No Deposit,9.0,0,Transient,135.9,1,1
City Hotel,0,53,2016,May,21,19,0,1,2,0.0,0,BB,EST,Online TA,TA/TO,0,0,0,A,A,0,No Deposit,9.0,0,Transient,126.9,0,1
City Hotel,0,122,2016,May,21,17,0,3,2,0.0,0,SC,FRA,Online TA,TA/TO,0,0,0,A,A,0,No Deposit,9.0,0,Transient-Party,94.5,0,0
City Hotel,0,124,2016,May,21,17,0,3,2,0.0,0,BB,FRA,Online TA,TA/TO,0,0,0,A,F,1,No Deposit,9.0,0,Transient,105.3,0,2
City Hotel,0,25,2016,May,21,19,0,1,2,0.0,0,BB,ITA,Online TA,TA/TO,0,0,0,F,F,1,No Deposit,9.0,0,Transient,221.0,0,0
City Hotel,0,2,2016,May,21,19,0,1,2,0.0,0,SC,GBR,Online TA,TA/TO,0,0,0,A,A,0,No Deposit,,0,Transient,0.0,0,2
City Hotel,0,40,2016,May,21,17,0,3,2,0.0,0,BB,FRA,Online TA,TA/TO,0,0,0,D,D,0,No Deposit,9.0,0,Transient,140.4,0,0
City Hotel,0,85,2016,May,21,16,1,3,2,0.0,0,BB,FRA,Online TA,TA/TO,0,0,0,A,A,0,No Deposit,9.0,0,Transient,119.85,0,1
City Hotel,0,73,2016,May,21,18,0,2,2,0.0,0,BB,GBR,Online TA,TA/TO,0,0,0,A,A,0,No Deposit,9.0,0,Transient,135.9,1,1
City Hotel,0,40,2016,May,21,17,0,3,2,0.0,0,BB,FRA,Online TA,TA/TO,0,0,0,D,D,0,No Deposit,9.0,0,Transient,140.4,0,0
City Hotel,0,129,2016,May,21,16,1,3,2,0.0,0,HB,LUX,Offline TA/TO,TA/TO,0,0,0,A,A,0,No Deposit,173.0,0,Transient,106.25,0,0
City Hotel,0,0,2016,May,21,19,0,1,2,0.0,0,BB,PRT,Online TA,TA/TO,0,0,0,D,E,0,No Deposit,9.0,0,Transient,223.0,0,0
City Hotel,0,123,2016,May,21,17,0,3,2,0.0,0,SC,FRA,Online TA,TA/TO,0,0,0,A,A,0,No Deposit,9.0,0,Transient,94.5,0,1
City Hotel,0,122,2016,May,21,17,0,3,2,0.0,0,SC,FRA,Online TA,TA/TO,0,0,0,A,A,0,No Deposit,9.0,0,Transient-Party,94.5,0,0
City Hotel,0,30,2016,May,21,15,2,3,2,0.0,0,BB,DEU,Online TA,TA/TO,0,0,0,A,A,0,No Deposit,7.0,0,Transient,97.71,0,1
City Hotel,0,32,2016,May,21,18,0,2,2,0.0,0,SC,DEU,Online TA,TA/TO,0,0,0,A,A,0,No Deposit,9.0,0,Transient,125.1,1,1
City Hotel,0,122,2016,May,21,17,0,3,2,0.0,0,SC,FRA,Online TA,TA/TO,0,0,0,A,A,0,No Deposit,9.0,0,Transient,103.5,0,1
City Hotel,0,0,2016,May,21,19,0,1,2,0.0,0,BB,PRT,Direct,Direct,0,0,0,A,D,0,No Deposit,,0,Transient,209.0,1,0
City Hotel,0,97,2016,May,21,15,2,3,2,0.0,0,BB,FRA,Offline TA/TO,TA/TO,0,0,0,A,A,0,No Deposit,28.0,0,Transient,75.0,0,0
City Hotel,0,62,2016,May,21,17,0,3,2,0.0,0,BB,IRL,Online TA,TA/TO,0,0,0,D,D,0,No Deposit,9.0,0,Transient,140.4,0,1
City Hotel,0,16,2016,May,21,19,0,1,2,0.0,0,BB,GBR,Offline TA/TO,TA/TO,0,0,0,D,D,0,No Deposit,86.0,0,Transient,124.8,0,0
City Hotel,0,101,2016,May,21,17,0,3,2,0.0,0,BB,BEL,Offline TA/TO,TA/TO,0,0,0,A,C,0,No Deposit,173.0,0,Transient,80.75,0,2
City Hotel,0,101,2016,May,21,19,0,1,2,0.0,0,BB,ITA,Online TA,TA/TO,0,0,0,A,A,0,No Deposit,9.0,0,Transient,126.9,0,0
City Hotel,0,92,2016,May,21,19,0,1,2,0.0,0,BB,GBR,Online TA,TA/TO,0,0,0,D,D,0,No Deposit,9.0,0,Transient,149.4,0,1
City Hotel,0,63,2016,May,21,16,1,3,2,0.0,0,BB,PRT,Online TA,TA/TO,0,0,0,A,A,0,No Deposit,7.0,0,Transient,92.28,0,1
City Hotel,0,68,2016,May,21,19,0,1,2,0.0,0,BB,GBR,Online TA,TA/TO,0,0,0,A,A,0,No Deposit,7.0,0,Transient,97.71,0,1
City Hotel,0,57,2016,May,21,15,2,3,2,0.0,0,BB,FRA,Online TA,TA/TO,0,0,0,D,D,0,No Deposit,9.0,0,Transient,132.6,0,1
City Hotel,0,98,2016,May,21,19,0,1,2,0.0,0,BB,PRT,Online TA,TA/TO,0,0,0,A,D,1,No Deposit,9.0,0,Transient,126.9,0,1
City Hotel,0,116,2016,May,21,15,2,3,2,0.0,0,BB,FRA,Online TA,TA/TO,0,0,0,A,A,0,No Deposit,9.0,0,Transient,99.45,0,1
City Hotel,0,50,2016,May,21,17,0,3,2,0.0,0,BB,FRA,Online TA,TA/TO,0,0,0,D,D,0,No Deposit,9.0,0,Transient,140.4,0,1
City Hotel,0,44,2016,May,21,19,0,1,2,0.0,0,SC,ESP,Offline TA/TO,TA/TO,0,0,0,A,A,0,No Deposit,85.0,0,Transient,76.5,0,0
City Hotel,0,83,2016,May,21,16,1,3,2,0.0,0,SC,DNK,Direct,Direct,0,0,0,A,A,0,No Deposit,14.0,0,Transient,118.15,0,0
City Hotel,0,92,2016,May,21,18,0,2,2,0.0,0,BB,GBR,Direct,Direct,0,0,0,A,A,0,No Deposit,14.0,0,Transient,116.1,0,0
City Hotel,0,104,2016,May,21,17,0,3,2,0.0,0,BB,DEU,Online TA,TA/TO,0,0,0,D,D,0,No Deposit,9.0,0,Transient,140.4,0,1
City Hotel,0,67,2016,May,21,16,1,3,2,0.0,0,BB,GBR,Direct,Direct,0,0,0,A,A,0,No Deposit,14.0,0,Transient,109.65,0,0
City Hotel,0,69,2016,May,21,17,0,3,2,0.0,0,BB,FRA,Online TA,TA/TO,0,0,0,A,A,0,No Deposit,9.0,0,Transient,126.9,0,2
City Hotel,0,69,2016,May,21,17,0,3,2,0.0,0,BB,FRA,Online TA,TA/TO,0,0,0,A,A,0,No Deposit,9.0,0,Transient,126.9,0,1
City Hotel,0,30,2016,May,21,18,0,2,2,0.0,0,BB,GBR,Direct,Direct,0,0,0,D,D,0,No Deposit,14.0,0,Transient,129.2,0,1
City Hotel,0,4,2016,September,40,27,0,1,2,0.0,0,BB,PRT,Offline TA/TO,TA/TO,1,0,2,A,A,0,No Deposit,94.0,0,Transient,75.0,0,2
City Hotel,0,12,2016,November,48,26,0,1,2,0.0,0,BB,PRT,Offline TA/TO,TA/TO,1,0,4,A,A,0,No Deposit,94.0,0,Transient,75.0,0,1
City Hotel,0,1,2016,November,49,29,0,1,2,0.0,0,BB,PRT,Offline TA/TO,TA/TO,1,0,5,A,D,0,No Deposit,94.0,0,Transient,75.0,0,2
City Hotel,0,6,2017,June,22,2,1,2,2,0.0,0,BB,PRT,Offline TA/TO,TA/TO,1,2,17,A,A,1,No Deposit,94.0,0,Transient,75.0,0,3
City Hotel,0,92,2016,May,21,19,0,1,2,0.0,0,BB,GBR,Direct,Direct,0,0,0,D,D,0,No Deposit,,0,Transient,135.0,0,0
City Hotel,0,5,2016,May,21,19,0,1,2,0.0,0,BB,PRT,Online TA,TA/TO,0,0,0,F,G,1,No Deposit,9.0,0,Transient,221.0,0,2
City Hotel,0,98,2016,May,21,17,0,3,2,0.0,0,BB,IRL,Online TA,TA/TO,0,0,0,A,A,0,No Deposit,9.0,0,Transient,126.9,0,0
City Hotel,0,198,2016,May,21,20,0,0,2,0.0,0,BB,PRT,Groups,TA/TO,0,0,0,A,A,0,No Deposit,1.0,98,Transient-Party,0.0,0,0
City Hotel,0,0,2016,May,21,20,0,1,2,0.0,0,BB,BRA,Online TA,TA/TO,0,0,0,A,B,0,No Deposit,9.0,0,Transient,155.0,0,1
City Hotel,0,1,2016,May,21,20,0,1,2,0.0,0,BB,USA,Direct,Direct,0,0,0,E,E,0,No Deposit,14.0,0,Transient,206.0,1,0
City Hotel,0,198,2016,May,21,20,0,1,2,0.0,0,BB,PRT,Groups,TA/TO,0,0,0,A,A,0,No Deposit,1.0,98,Transient-Party,65.0,0,0
City Hotel,0,198,2016,May,21,20,0,1,2,0.0,0,BB,PRT,Groups,TA/TO,0,0,0,A,A,0,No Deposit,1.0,98,Transient-Party,65.0,0,0
City Hotel,0,198,2016,May,21,20,0,1,2,0.0,0,BB,PRT,Groups,TA/TO,0,0,0,A,A,0,No Deposit,1.0,98,Transient-Party,65.0,0,0
City Hotel,0,28,2016,May,21,19,0,2,2,0.0,0,BB,PRT,Corporate,Corporate,0,0,0,A,A,0,No Deposit,,0,Transient-Party,100.0,0,0
City Hotel,0,198,2016,May,21,20,0,1,2,0.0,0,BB,PRT,Groups,TA/TO,0,0,0,A,A,0,No Deposit,1.0,98,Transient-Party,65.0,0,0
City Hotel,0,28,2016,May,21,19,0,2,2,0.0,0,BB,PRT,Corporate,Corporate,0,0,0,A,A,0,No Deposit,,0,Transient-Party,100.0,0,0
City Hotel,0,198,2016,May,21,20,0,1,2,0.0,0,BB,PRT,Groups,TA/TO,0,0,0,A,A,0,No Deposit,1.0,98,Transient-Party,65.0,0,0
City Hotel,0,198,2016,May,21,20,0,1,2,0.0,0,BB,PRT,Groups,TA/TO,0,0,0,A,A,0,No Deposit,1.0,98,Transient-Party,65.0,0,0
City Hotel,0,198,2016,May,21,20,0,1,2,0.0,0,BB,PRT,Groups,TA/TO,0,0,0,A,A,0,No Deposit,1.0,98,Transient-Party,65.0,0,0
City Hotel,0,198,2016,May,21,20,0,1,2,0.0,0,BB,PRT,Groups,TA/TO,0,0,0,A,A,0,No Deposit,1.0,98,Transient-Party,65.0,0,0
City Hotel,0,198,2016,May,21,20,0,1,2,0.0,0,BB,PRT,Groups,TA/TO,0,0,0,A,A,0,No Deposit,1.0,98,Transient-Party,65.0,0,0
City Hotel,0,198,2016,May,21,20,0,1,2,0.0,0,BB,PRT,Groups,TA/TO,0,0,0,A,A,0,No Deposit,1.0,98,Transient-Party,65.0,0,0
City Hotel,0,198,2016,May,21,20,0,1,2,0.0,0,BB,PRT,Groups,TA/TO,0,0,0,A,A,0,No Deposit,1.0,98,Transient-Party,65.0,0,0
City Hotel,0,198,2016,May,21,20,0,1,2,0.0,0,BB,PRT,Groups,TA/TO,0,0,0,A,A,0,No Deposit,1.0,98,Transient-Party,65.0,0,0
City Hotel,0,198,2016,May,21,20,0,1,2,0.0,0,BB,PRT,Groups,TA/TO,0,0,0,A,D,0,No Deposit,1.0,98,Transient-Party,65.0,0,0
City Hotel,0,198,2016,May,21,20,0,1,2,0.0,0,BB,PRT,Groups,TA/TO,0,0,0,A,A,0,No Deposit,1.0,98,Transient-Party,65.0,0,0
City Hotel,0,198,2016,May,21,20,0,1,2,0.0,0,BB,PRT,Groups,TA/TO,0,0,0,A,D,0,No Deposit,1.0,98,Transient-Party,65.0,0,0
City Hotel,0,198,2016,May,21,20,0,1,2,0.0,0,BB,PRT,Groups,TA/TO,0,0,0,A,A,0,No Deposit,1.0,98,Transient-Party,65.0,0,0
City Hotel,0,198,2016,May,21,20,0,1,2,0.0,0,BB,PRT,Groups,TA/TO,0,0,0,A,A,0,No Deposit,1.0,98,Transient-Party,65.0,0,0
City Hotel,0,198,2016,May,21,20,0,1,2,0.0,0,BB,PRT,Groups,TA/TO,0,0,0,A,A,0,No Deposit,1.0,98,Transient-Party,65.0,0,0
City Hotel,0,198,2016,May,21,20,0,1,2,0.0,0,BB,PRT,Groups,TA/TO,0,0,0,A,D,0,No Deposit,1.0,98,Transient-Party,65.0,0,0
City Hotel,0,198,2016,May,21,20,0,1,2,0.0,0,BB,PRT,Groups,TA/TO,0,0,0,A,A,0,No Deposit,1.0,98,Transient-Party,65.0,0,0
City Hotel,0,198,2016,May,21,20,0,1,2,0.0,0,BB,PRT,Groups,TA/TO,0,0,0,A,A,0,No Deposit,1.0,98,Transient-Party,65.0,0,0
City Hotel,0,198,2016,May,21,20,0,1,2,0.0,0,BB,CHE,Groups,TA/TO,0,0,0,A,A,0,No Deposit,1.0,98,Transient-Party,65.0,0,1
City Hotel,0,198,2016,May,21,20,0,1,2,0.0,0,BB,PRT,Groups,TA/TO,0,0,0,A,D,0,No Deposit,1.0,98,Transient-Party,65.0,0,0
City Hotel,0,198,2016,May,21,20,0,1,2,0.0,0,BB,PRT,Groups,TA/TO,0,0,0,A,A,0,No Deposit,1.0,98,Transient-Party,65.0,0,0
City Hotel,0,198,2016,May,21,20,0,1,2,0.0,0,BB,PRT,Groups,TA/TO,0,0,0,A,D,0,No Deposit,1.0,98,Transient-Party,65.0,0,0
City Hotel,0,31,2016,May,21,20,0,1,2,0.0,0,BB,PRT,Online TA,TA/TO,0,0,0,D,D,0,No Deposit,9.0,0,Transient,140.4,0,1
City Hotel,0,29,2016,May,21,19,0,2,2,0.0,0,BB,PRT,Offline TA/TO,TA/TO,0,0,0,D,D,0,No Deposit,214.0,0,Transient,111.5,0,1
City Hotel,0,28,2016,May,21,19,0,2,2,0.0,0,BB,PRT,Corporate,Corporate,0,0,0,A,A,0,No Deposit,,0,Transient-Party,109.0,0,0
City Hotel,0,28,2016,May,21,19,0,2,2,0.0,0,BB,PRT,Corporate,Corporate,0,0,0,A,A,0,No Deposit,,0,Transient-Party,100.0,0,0
City Hotel,0,28,2016,May,21,20,0,1,2,0.0,0,BB,DEU,Online TA,TA/TO,0,0,0,D,D,0,No Deposit,9.0,0,Transient,156.0,0,2
City Hotel,0,28,2016,May,21,19,0,2,2,0.0,0,BB,PRT,Corporate,Corporate,0,0,0,A,A,0,No Deposit,,0,Transient-Party,109.0,0,0
City Hotel,0,0,2016,May,21,20,0,1,2,0.0,0,BB,DEU,Direct,Direct,0,0,0,A,D,0,No Deposit,,0,Transient,150.0,0,0
City Hotel,0,28,2016,May,21,19,0,2,2,0.0,0,BB,PRT,Corporate,Corporate,0,0,0,A,A,0,No Deposit,,0,Transient-Party,100.0,0,0
City Hotel,0,0,2016,May,21,20,0,1,2,0.0,0,BB,BEL,Direct,Direct,0,0,0,A,A,0,No Deposit,,0,Transient,149.0,0,0
City Hotel,0,50,2016,May,21,19,0,2,2,0.0,0,SC,ESP,Offline TA/TO,TA/TO,0,0,0,A,A,0,No Deposit,138.0,0,Transient,85.0,0,0
City Hotel,0,100,2016,May,21,15,2,4,2,0.0,0,HB,IRL,Online TA,TA/TO,0,0,0,D,D,2,No Deposit,9.0,0,Transient,164.9,0,1
City Hotel,0,1,2016,May,21,20,0,1,2,0.0,0,BB,PRT,Online TA,TA/TO,0,0,0,D,D,0,No Deposit,9.0,0,Transient,176.0,0,1
City Hotel,0,94,2016,May,21,17,0,4,2,0.0,0,BB,PRT,Online TA,TA/TO,0,0,0,D,D,0,No Deposit,9.0,0,Transient-Party,132.6,0,1
City Hotel,0,94,2016,May,21,17,0,4,2,0.0,0,BB,PRT,Online TA,TA/TO,0,0,0,D,D,0,No Deposit,9.0,0,Transient-Party,132.6,0,1
City Hotel,0,5,2016,May,21,20,0,1,2,0.0,0,HB,GBR,Online TA,TA/TO,0,0,0,D,D,0,No Deposit,9.0,0,Transient,194.0,0,2
City Hotel,0,46,2016,May,21,16,1,4,2,0.0,0,BB,ISR,Direct,Direct,0,0,0,E,E,0,No Deposit,14.0,0,Transient,177.0,0,0
City Hotel,0,67,2016,May,21,21,0,0,2,0.0,0,BB,ISL,Online TA,TA/TO,0,0,0,D,E,1,No Deposit,9.0,0,Transient,0.0,0,1
City Hotel,0,113,2016,May,21,18,0,4,2,0.0,0,BB,GBR,Online TA,TA/TO,0,0,0,A,A,2,No Deposit,9.0,0,Transient-Party,136.0,0,1
City Hotel,0,37,2016,May,21,21,0,1,2,0.0,0,BB,CHE,Online TA,TA/TO,0,0,0,D,D,0,No Deposit,7.0,0,Transient,108.11,0,1
City Hotel,0,37,2016,May,21,21,0,1,2,0.0,0,BB,CHE,Online TA,TA/TO,0,0,0,D,D,0,No Deposit,7.0,0,Transient,108.11,0,1
City Hotel,0,20,2016,May,21,21,0,1,2,0.0,0,BB,CN,Online TA,TA/TO,0,0,0,D,D,1,No Deposit,9.0,0,Transient,156.0,0,1
City Hotel,0,102,2016,May,21,19,0,3,2,0.0,0,BB,CHE,Online TA,TA/TO,0,0,0,D,D,0,No Deposit,9.0,0,Transient,140.4,0,0
City Hotel,0,1,2016,May,21,21,0,1,2,0.0,0,BB,FRA,Online TA,TA/TO,0,0,0,D,D,0,No Deposit,9.0,0,Transient,176.0,0,0
City Hotel,0,95,2016,May,21,19,0,3,2,0.0,0,BB,DNK,Online TA,TA/TO,0,0,0,D,D,0,No Deposit,9.0,0,Transient-Party,140.4,0,0
City Hotel,0,95,2016,May,21,19,0,3,2,0.0,0,BB,DNK,Online TA,TA/TO,0,0,0,D,D,0,No Deposit,9.0,0,Transient-Party,140.4,0,0
City Hotel,0,22,2016,May,21,21,0,1,2,0.0,0,BB,IRL,Online TA,TA/TO,0,0,0,D,D,0,No Deposit,9.0,0,Transient,165.0,0,1
City Hotel,0,31,2016,May,21,21,0,1,2,0.0,0,SC,CHN,Online TA,TA/TO,0,0,0,A,A,0,No Deposit,7.0,0,Transient,89.4,0,2
City Hotel,0,189,2016,May,21,19,0,3,2,0.0,0,BB,FRA,Groups,TA/TO,0,0,0,A,A,0,No Deposit,1.0,0,Transient-Party,65.0,0,1
City Hotel,0,31,2016,May,21,21,0,1,2,0.0,0,BB,PRT,Offline TA/TO,TA/TO,0,0,0,A,A,1,No Deposit,94.0,0,Transient,78.0,0,3
City Hotel,0,189,2016,May,21,19,0,3,2,0.0,0,BB,FRA,Groups,TA/TO,0,0,0,A,A,0,No Deposit,1.0,0,Transient-Party,65.0,0,0
City Hotel,0,189,2016,May,21,19,0,3,2,0.0,0,BB,FRA,Groups,TA/TO,0,0,0,A,A,0,No Deposit,1.0,0,Transient-Party,65.0,0,0
City Hotel,0,189,2016,May,21,19,0,3,2,0.0,0,BB,FRA,Groups,TA/TO,0,0,0,A,A,0,No Deposit,1.0,0,Transient-Party,65.0,0,1
City Hotel,0,189,2016,May,21,19,0,3,2,0.0,0,BB,FRA,Groups,TA/TO,0,0,0,A,A,0,No Deposit,1.0,0,Transient-Party,65.0,0,1
City Hotel,0,189,2016,May,21,19,0,3,2,0.0,0,BB,FRA,Groups,TA/TO,0,0,0,A,A,0,No Deposit,1.0,0,Transient-Party,65.0,0,0
City Hotel,0,189,2016,May,21,19,0,3,2,0.0,0,BB,FRA,Groups,TA/TO,0,0,0,A,A,0,No Deposit,1.0,0,Transient-Party,65.0,0,0
City Hotel,0,189,2016,May,21,19,0,3,2,0.0,0,BB,FRA,Groups,TA/TO,0,0,0,A,A,0,No Deposit,1.0,0,Transient-Party,65.0,0,0
City Hotel,0,189,2016,May,21,19,0,3,2,0.0,0,BB,FRA,Groups,TA/TO,0,0,0,A,A,0,No Deposit,1.0,0,Transient-Party,65.0,0,1
City Hotel,0,189,2016,May,21,19,0,3,2,0.0,0,BB,FRA,Groups,TA/TO,0,0,0,A,A,0,No Deposit,1.0,0,Transient-Party,65.0,0,1
City Hotel,0,189,2016,May,21,19,0,3,2,0.0,0,BB,FRA,Groups,TA/TO,0,0,0,A,A,0,No Deposit,1.0,0,Transient-Party,65.0,0,0
City Hotel,0,189,2016,May,21,19,0,3,2,0.0,0,BB,FRA,Groups,TA/TO,0,0,0,A,A,0,No Deposit,1.0,0,Transient-Party,65.0,0,0
City Hotel,0,189,2016,May,21,19,0,3,2,0.0,0,BB,FRA,Groups,TA/TO,0,0,0,A,A,0,No Deposit,1.0,0,Transient,65.0,0,0
City Hotel,0,189,2016,May,21,19,0,3,2,0.0,0,BB,PRT,Groups,TA/TO,0,0,0,A,A,0,No Deposit,1.0,0,Transient-Party,65.0,0,0
City Hotel,0,189,2016,May,21,19,0,3,2,0.0,0,BB,FRA,Groups,TA/TO,0,0,0,A,A,0,No Deposit,1.0,0,Transient-Party,65.0,0,0
City Hotel,0,189,2016,May,21,19,0,3,2,0.0,0,BB,FRA,Groups,TA/TO,0,0,0,A,A,0,No Deposit,1.0,0,Transient-Party,65.0,0,0
City Hotel,0,189,2016,May,21,19,0,3,2,0.0,0,BB,PRT,Groups,TA/TO,0,0,0,A,A,0,No Deposit,1.0,0,Transient-Party,65.0,0,1
City Hotel,0,189,2016,May,21,19,0,3,2,0.0,0,BB,FRA,Groups,TA/TO,0,0,0,A,A,0,No Deposit,1.0,0,Transient-Party,65.0,0,0
City Hotel,0,189,2016,May,21,19,0,3,2,0.0,0,BB,FRA,Groups,TA/TO,0,0,0,A,A,0,No Deposit,1.0,0,Transient-Party,65.0,0,0
City Hotel,0,97,2016,May,21,19,0,3,2,0.0,0,BB,ESP,Online TA,TA/TO,0,0,0,D,A,0,No Deposit,9.0,0,Transient,140.4,0,0
City Hotel,0,4,2016,May,21,21,0,1,2,0.0,0,BB,GBR,Offline TA/TO,TA/TO,0,0,0,D,D,0,No Deposit,138.0,0,Transient,107.0,0,0
City Hotel,0,189,2016,May,21,19,0,3,2,0.0,0,BB,PRT,Groups,TA/TO,0,0,0,A,A,0,No Deposit,1.0,0,Transient-Party,65.0,0,0
City Hotel,0,189,2016,May,21,19,0,3,2,0.0,0,BB,PRT,Groups,TA/TO,0,0,0,A,A,0,No Deposit,1.0,0,Transient-Party,65.0,0,0
City Hotel,0,189,2016,May,21,19,0,3,2,0.0,0,BB,PRT,Groups,TA/TO,0,0,0,A,A,0,No Deposit,1.0,0,Transient-Party,65.0,0,0
City Hotel,0,189,2016,May,21,19,0,3,2,0.0,0,BB,FRA,Groups,TA/TO,0,0,0,A,A,0,No Deposit,1.0,0,Transient-Party,65.0,0,0
City Hotel,0,189,2016,May,21,19,0,3,2,0.0,0,BB,FRA,Groups,TA/TO,0,0,0,A,A,0,No Deposit,1.0,0,Transient-Party,65.0,0,1
City Hotel,0,2,2016,May,21,21,0,1,2,0.0,0,HB,PRT,Direct,Direct,0,0,0,A,A,0,No Deposit,,0,Transient,95.0,0,0
City Hotel,0,2,2016,May,21,21,0,1,2,0.0,0,HB,PRT,Direct,Direct,0,0,0,A,A,0,No Deposit,,0,Transient,95.0,0,0
City Hotel,0,2,2016,May,21,21,0,1,2,0.0,0,HB,PRT,Direct,Direct,0,0,0,A,A,1,No Deposit,,0,Transient,95.0,0,0
City Hotel,0,189,2016,May,21,19,0,3,2,0.0,0,BB,PRT,Groups,TA/TO,0,0,0,A,A,0,No Deposit,1.0,0,Transient-Party,65.0,0,0
City Hotel,0,52,2016,May,21,21,0,1,2,0.0,0,BB,PRT,Online TA,TA/TO,0,0,0,A,A,0,No Deposit,9.0,0,Transient,126.9,0,2
City Hotel,0,189,2016,May,21,19,0,3,2,0.0,0,BB,PRT,Groups,TA/TO,0,0,0,A,A,0,No Deposit,1.0,0,Transient-Party,65.0,0,0
City Hotel,0,189,2016,May,21,19,0,3,2,0.0,0,BB,PRT,Groups,TA/TO,0,0,0,A,A,0,No Deposit,1.0,0,Transient-Party,65.0,0,0
City Hotel,0,189,2016,May,21,19,0,3,2,0.0,0,BB,FRA,Groups,TA/TO,0,0,0,A,A,0,No Deposit,1.0,0,Transient-Party,65.0,0,0
City Hotel,0,189,2016,May,21,19,0,3,2,0.0,0,BB,PRT,Groups,TA/TO,0,0,0,A,A,0,No Deposit,1.0,0,Transient-Party,65.0,0,1
City Hotel,0,189,2016,May,21,19,0,3,2,0.0,0,BB,FRA,Groups,TA/TO,0,0,0,A,A,0,No Deposit,1.0,0,Transient-Party,65.0,0,0
City Hotel,0,25,2016,May,21,19,0,3,2,0.0,0,BB,FRA,Direct,Direct,0,0,0,F,F,1,No Deposit,14.0,0,Transient,184.45,0,0
City Hotel,0,189,2016,May,21,19,0,3,2,0.0,0,BB,PRT,Groups,TA/TO,0,0,0,A,A,0,No Deposit,1.0,0,Transient-Party,65.0,0,0
City Hotel,0,7,2016,May,21,21,0,1,2,0.0,0,BB,PRT,Offline TA/TO,TA/TO,0,0,0,D,D,0,No Deposit,85.0,0,Transient,107.0,0,0
City Hotel,0,101,2016,May,21,19,0,3,2,0.0,0,BB,CZE,Online TA,TA/TO,0,0,0,D,D,0,No Deposit,9.0,0,Transient,140.4,0,2
City Hotel,0,145,2016,May,21,18,0,4,2,0.0,0,BB,DEU,Offline TA/TO,TA/TO,0,0,0,A,A,0,No Deposit,85.0,0,Transient,80.75,0,0
City Hotel,0,26,2016,May,21,20,0,2,2,0.0,0,BB,GBR,Online TA,TA/TO,0,0,0,D,E,1,No Deposit,7.0,0,Transient,120.12,0,1
City Hotel,0,30,2016,May,21,21,0,1,2,0.0,0,BB,PRT,Online TA,TA/TO,0,0,0,A,A,0,No Deposit,9.0,0,Transient,135.9,0,1
City Hotel,0,30,2016,May,21,21,0,1,2,0.0,0,BB,PRT,Online TA,TA/TO,0,0,0,A,A,0,No Deposit,9.0,0,Transient,135.9,0,1
City Hotel,0,30,2016,May,21,21,0,1,2,0.0,0,BB,PRT,Online TA,TA/TO,0,0,0,A,A,0,No Deposit,9.0,0,Transient,126.9,0,1
City Hotel,0,30,2016,May,21,21,0,1,2,0.0,0,BB,PRT,Online TA,TA/TO,0,0,0,A,A,0,No Deposit,9.0,0,Transient,126.9,0,1
City Hotel,0,189,2016,May,21,19,0,3,2,0.0,0,BB,PRT,Groups,TA/TO,0,0,0,A,A,0,No Deposit,1.0,0,Transient-Party,65.0,0,0
City Hotel,0,14,2016,May,21,18,0,4,2,0.0,0,BB,FRA,Offline TA/TO,TA/TO,0,0,0,A,B,0,No Deposit,12.0,0,Transient-Party,72.0,0,1
City Hotel,0,14,2016,May,21,18,0,4,2,0.0,0,BB,FRA,Offline TA/TO,TA/TO,0,0,0,A,D,0,No Deposit,12.0,0,Transient-Party,72.0,0,1
City Hotel,0,189,2016,May,21,19,0,3,2,0.0,0,BB,FRA,Groups,TA/TO,0,0,0,A,A,0,No Deposit,1.0,0,Transient-Party,65.0,0,0
City Hotel,0,189,2016,May,21,19,0,3,2,0.0,0,BB,FRA,Groups,TA/TO,0,0,0,A,F,0,No Deposit,1.0,0,Transient-Party,65.0,0,0
City Hotel,0,50,2016,May,21,21,1,1,2,0.0,0,BB,GBR,Offline TA/TO,TA/TO,0,0,0,A,A,0,No Deposit,42.0,0,Transient,85.5,0,0
City Hotel,0,111,2016,May,21,19,1,3,2,0.0,0,BB,GBR,Online TA,TA/TO,0,0,0,A,A,0,No Deposit,9.0,0,Transient,145.0,1,1
City Hotel,0,26,2016,May,21,19,1,3,2,0.0,0,BB,CHE,Online TA,TA/TO,0,0,0,D,D,0,No Deposit,9.0,0,Transient,151.0,0,1
City Hotel,0,18,2016,May,21,21,1,1,2,0.0,0,BB,IRL,Online TA,TA/TO,0,0,0,D,E,1,No Deposit,9.0,0,Transient,158.0,0,3
City Hotel,0,7,2016,May,21,21,1,1,2,0.0,0,HB,ITA,Offline TA/TO,TA/TO,0,0,0,A,A,0,No Deposit,3.0,0,Transient-Party,112.0,0,1
City Hotel,0,34,2016,May,22,22,1,0,2,0.0,0,SC,FRA,Online TA,TA/TO,0,0,0,A,A,0,No Deposit,7.0,0,Transient,75.54,0,1
City Hotel,0,7,2016,May,21,21,1,1,2,0.0,0,HB,ITA,Offline TA/TO,TA/TO,0,0,0,A,A,0,No Deposit,3.0,0,Transient-Party,112.0,0,1
City Hotel,0,7,2016,May,21,21,1,1,2,0.0,0,HB,FRA,Offline TA/TO,TA/TO,0,0,0,A,B,0,No Deposit,3.0,0,Transient-Party,112.0,0,1
City Hotel,0,4,2016,May,21,21,1,1,2,0.0,0,HB,ITA,Offline TA/TO,TA/TO,0,0,0,A,A,0,No Deposit,3.0,0,Transient-Party,112.0,0,1
City Hotel,0,4,2016,May,21,21,1,1,2,0.0,0,HB,PRT,Offline TA/TO,TA/TO,0,0,0,A,B,0,No Deposit,3.0,0,Transient-Party,112.0,0,1
City Hotel,0,3,2016,May,21,21,1,1,2,0.0,0,HB,ITA,Offline TA/TO,TA/TO,0,0,0,A,A,0,No Deposit,3.0,0,Transient-Party,112.0,0,1
City Hotel,0,4,2016,May,21,21,1,1,2,0.0,0,HB,ITA,Offline TA/TO,TA/TO,0,0,0,A,B,0,No Deposit,3.0,0,Transient-Party,112.0,0,1
City Hotel,0,7,2016,May,21,21,1,1,2,0.0,0,HB,PRT,Offline TA/TO,TA/TO,0,0,0,A,A,0,No Deposit,3.0,0,Transient-Party,56.0,0,2
City Hotel,0,4,2016,May,21,21,1,1,2,0.0,0,HB,ITA,Offline TA/TO,TA/TO,0,0,0,A,C,0,No Deposit,3.0,0,Transient-Party,112.0,0,1
City Hotel,0,4,2016,May,21,21,1,1,2,0.0,0,HB,ITA,Offline TA/TO,TA/TO,0,0,0,A,A,0,No Deposit,3.0,0,Transient-Party,112.0,0,1
City Hotel,0,7,2016,May,21,21,1,1,2,0.0,0,HB,ITA,Offline TA/TO,TA/TO,0,0,0,A,A,0,No Deposit,3.0,0,Transient-Party,112.0,0,1
City Hotel,0,3,2016,May,21,21,1,1,2,0.0,0,HB,ITA,Offline TA/TO,TA/TO,0,0,0,A,A,0,No Deposit,3.0,0,Transient-Party,112.0,0,1
City Hotel,0,86,2016,May,21,20,1,2,2,0.0,0,BB,PRT,Offline TA/TO,TA/TO,0,0,0,A,A,0,No Deposit,3.0,0,Transient-Party,65.0,0,1
City Hotel,0,86,2016,May,21,20,1,2,2,0.0,0,BB,PRT,Offline TA/TO,TA/TO,0,0,0,A,A,0,No Deposit,3.0,0,Transient-Party,65.0,0,1
City Hotel,0,86,2016,May,21,20,1,2,2,0.0,0,BB,FRA,Offline TA/TO,TA/TO,0,0,0,A,A,0,No Deposit,3.0,0,Transient-Party,65.0,0,1
City Hotel,0,86,2016,May,21,20,1,2,2,0.0,0,BB,PRT,Offline TA/TO,TA/TO,0,0,0,A,A,0,No Deposit,3.0,0,Transient-Party,65.0,0,1
City Hotel,0,86,2016,May,21,20,1,2,2,0.0,0,BB,PRT,Offline TA/TO,TA/TO,0,0,0,A,A,0,No Deposit,3.0,0,Transient-Party,65.0,0,1
City Hotel,0,86,2016,May,21,20,1,2,2,0.0,0,BB,PRT,Offline TA/TO,TA/TO,0,0,0,A,A,0,No Deposit,3.0,0,Transient-Party,65.0,0,1
City Hotel,0,30,2016,May,21,21,1,1,2,0.0,0,BB,ITA,Direct,Direct,0,0,0,A,A,0,No Deposit,14.0,0,Transient,116.1,0,3
City Hotel,0,86,2016,May,21,20,1,2,2,0.0,0,BB,PRT,Offline TA/TO,TA/TO,0,0,0,A,A,0,No Deposit,3.0,0,Transient-Party,65.0,0,1
City Hotel,0,86,2016,May,21,20,1,2,2,0.0,0,BB,PRT,Offline TA/TO,TA/TO,0,0,0,A,A,0,No Deposit,3.0,0,Transient-Party,65.0,0,1
City Hotel,0,100,2016,May,21,19,1,3,2,0.0,0,BB,FRA,Online TA,TA/TO,0,0,0,A,B,0,No Deposit,9.0,0,Transient-Party,136.0,0,1
City Hotel,0,60,2016,May,21,21,1,1,2,0.0,0,BB,PRT,Online TA,TA/TO,0,0,0,A,A,0,No Deposit,9.0,0,Transient,126.9,0,1
City Hotel,0,86,2016,May,21,20,1,2,2,0.0,0,BB,PRT,Offline TA/TO,TA/TO,0,0,0,A,A,0,No Deposit,3.0,0,Transient-Party,65.0,0,1
City Hotel,0,60,2016,May,21,21,1,1,2,0.0,0,BB,FRA,Online TA,TA/TO,0,0,0,A,A,0,No Deposit,9.0,0,Transient,126.9,0,1
City Hotel,0,78,2016,May,21,19,1,3,2,0.0,0,BB,DEU,Offline TA/TO,TA/TO,0,0,0,A,A,3,No Deposit,138.0,0,Transient,100.0,0,0
City Hotel,0,24,2016,May,21,21,1,1,2,0.0,0,BB,FRA,Online TA,TA/TO,0,0,0,D,D,0,No Deposit,9.0,0,Transient,155.0,0,2
City Hotel,0,78,2016,May,21,19,1,3,2,0.0,0,BB,DEU,Offline TA/TO,TA/TO,0,0,0,A,B,2,No Deposit,138.0,0,Transient,110.0,0,0
City Hotel,0,47,2016,May,21,21,1,1,2,0.0,0,SC,ESP,Offline TA/TO,TA/TO,0,0,0,A,A,0,No Deposit,168.0,0,Transient,76.5,0,0
City Hotel,0,36,2016,May,21,21,1,1,2,0.0,0,SC,FRA,Online TA,TA/TO,0,0,0,A,A,0,No Deposit,9.0,0,Transient,116.1,0,1
City Hotel,0,86,2016,May,21,20,1,2,2,0.0,0,BB,PRT,Offline TA/TO,TA/TO,0,0,0,A,A,0,No Deposit,3.0,0,Transient-Party,65.0,0,1
City Hotel,0,100,2016,May,21,19,1,3,2,0.0,0,BB,FRA,Online TA,TA/TO,0,0,0,A,A,0,No Deposit,9.0,0,Transient-Party,136.0,0,1
City Hotel,0,6,2016,May,21,21,1,1,2,0.0,0,BB,PRT,Online TA,TA/TO,0,0,0,G,G,0,No Deposit,8.0,0,Transient,261.0,0,2
City Hotel,0,33,2016,May,21,21,1,1,2,0.0,0,BB,PRT,Online TA,TA/TO,0,0,0,A,A,0,No Deposit,9.0,0,Transient,117.9,0,1
City Hotel,0,10,2016,May,21,21,1,1,2,0.0,0,BB,PRT,Offline TA/TO,TA/TO,0,0,0,D,D,0,No Deposit,28.0,0,Transient,107.0,0,0
City Hotel,0,113,2016,May,21,16,2,5,2,0.0,0,BB,DEU,Online TA,TA/TO,0,0,0,D,D,0,No Deposit,9.0,0,Transient,137.21,0,2
City Hotel,0,57,2016,May,21,21,1,1,2,0.0,0,BB,BEL,Online TA,TA/TO,0,0,0,A,A,0,No Deposit,9.0,0,Transient,126.9,0,2
City Hotel,0,100,2016,May,21,19,1,3,2,0.0,0,BB,FRA,Online TA,TA/TO,0,0,0,A,A,0,No Deposit,9.0,0,Transient-Party,136.0,0,1
City Hotel,0,25,2016,May,21,21,1,1,2,0.0,0,BB,FRA,Online TA,TA/TO,0,0,0,D,D,0,No Deposit,9.0,0,Transient,155.0,1,1
City Hotel,0,100,2016,May,21,19,1,3,2,0.0,0,BB,FRA,Online TA,TA/TO,0,0,0,A,A,0,No Deposit,9.0,0,Transient-Party,136.0,0,1
City Hotel,0,47,2016,May,21,21,1,1,2,0.0,0,BB,BEL,Direct,Direct,0,0,0,A,A,0,No Deposit,14.0,0,Transient,125.1,0,1
City Hotel,0,133,2016,May,21,17,1,5,2,0.0,0,BB,CMR,Offline TA/TO,TA/TO,0,0,0,A,A,0,No Deposit,27.0,0,Transient,85.5,0,0
City Hotel,0,86,2016,May,21,20,1,2,2,0.0,0,BB,PRT,Offline TA/TO,TA/TO,0,0,0,A,A,0,No Deposit,3.0,0,Transient-Party,65.0,0,1
City Hotel,0,100,2016,May,21,19,1,3,2,0.0,0,BB,FRA,Online TA,TA/TO,0,0,0,A,B,1,No Deposit,9.0,0,Transient-Party,136.0,0,0
City Hotel,0,100,2016,May,21,19,1,3,2,0.0,0,BB,FRA,Online TA,TA/TO,0,0,0,A,A,0,No Deposit,9.0,0,Transient-Party,136.0,0,1
City Hotel,0,154,2016,May,21,20,1,2,2,0.0,0,BB,PRT,Offline TA/TO,TA/TO,0,0,0,D,D,0,No Deposit,85.0,0,Transient,90.95,0,0
City Hotel,0,86,2016,May,21,20,1,2,2,0.0,0,BB,PRT,Offline TA/TO,TA/TO,0,0,0,A,A,3,No Deposit,3.0,0,Transient-Party,65.0,0,1
City Hotel,0,113,2016,May,21,18,1,4,2,0.0,0,BB,GBR,Online TA,TA/TO,0,0,0,A,A,0,No Deposit,9.0,0,Transient,132.77,0,2
City Hotel,0,28,2016,May,21,20,1,2,2,0.0,0,BB,DEU,Online TA,TA/TO,0,0,0,D,D,0,No Deposit,9.0,0,Transient,144.8,0,1
City Hotel,0,47,2016,May,21,21,1,1,2,0.0,0,BB,NOR,Online TA,TA/TO,0,0,0,D,D,0,No Deposit,8.0,0,Transient,140.4,0,1
City Hotel,0,38,2016,May,21,21,1,1,2,0.0,0,BB,GBR,Online TA,TA/TO,0,0,0,D,E,0,No Deposit,9.0,0,Transient,140.4,0,1
City Hotel,0,95,2016,May,21,19,1,3,2,0.0,0,BB,GBR,Online TA,TA/TO,0,0,0,D,D,0,No Deposit,9.0,0,Transient-Party,132.6,0,1
City Hotel,0,100,2016,May,21,19,1,3,2,0.0,0,BB,FRA,Online TA,TA/TO,0,0,0,A,A,0,No Deposit,9.0,0,Transient-Party,136.0,0,1
City Hotel,0,100,2016,May,21,19,1,3,2,0.0,0,BB,FRA,Online TA,TA/TO,0,0,0,A,A,0,No Deposit,9.0,0,Transient-Party,136.0,0,1
City Hotel,0,31,2016,May,22,22,1,0,2,0.0,0,BB,FRA,Online TA,TA/TO,0,0,0,A,A,0,No Deposit,9.0,0,Transient,108.9,0,2
City Hotel,0,9,2016,May,22,22,1,0,2,0.0,0,BB,PRT,Direct,Direct,0,0,0,A,A,0,No Deposit,14.0,0,Transient,109.65,0,0
City Hotel,0,45,2016,May,21,21,1,1,2,0.0,0,BB,ESP,Online TA,TA/TO,0,0,0,A,A,0,No Deposit,9.0,0,Transient,126.9,0,2
City Hotel,0,45,2016,May,21,21,1,1,2,0.0,0,BB,ESP,Online TA,TA/TO,0,0,0,A,A,0,No Deposit,9.0,0,Transient,126.9,0,2
City Hotel,0,91,2016,May,21,21,1,1,2,0.0,0,SC,CHL,Online TA,TA/TO,0,0,0,A,A,0,No Deposit,9.0,0,Transient-Party,125.1,1,0
City Hotel,0,86,2016,May,21,20,1,2,2,0.0,0,BB,PRT,Offline TA/TO,TA/TO,0,0,0,A,A,0,No Deposit,3.0,0,Transient-Party,65.0,0,1
City Hotel,0,37,2016,May,22,22,1,0,2,0.0,0,SC,GBR,Direct,Direct,0,0,0,A,A,0,No Deposit,,0,Transient,116.1,0,0
City Hotel,0,46,2016,May,22,22,1,0,2,0.0,0,SC,GBR,Online TA,TA/TO,0,0,0,A,A,0,No Deposit,9.0,0,Transient,116.1,0,0
City Hotel,0,46,2016,May,22,22,1,0,2,0.0,0,SC,MLT,Online TA,TA/TO,0,0,0,A,A,0,No Deposit,9.0,0,Transient,116.1,0,0
City Hotel,0,91,2016,May,21,21,1,1,2,0.0,0,SC,FRA,Online TA,TA/TO,0,0,0,A,A,0,No Deposit,9.0,0,Transient-Party,116.1,0,0
City Hotel,0,7,2016,May,21,21,1,1,2,0.0,0,HB,ITA,Offline TA/TO,TA/TO,0,0,0,A,B,0,No Deposit,3.0,0,Transient-Party,112.0,0,0
City Hotel,0,86,2016,May,21,20,1,2,2,0.0,0,BB,PRT,Offline TA/TO,TA/TO,0,0,0,A,A,1,No Deposit,3.0,0,Transient-Party,32.5,0,1
City Hotel,0,95,2016,May,21,19,1,3,2,0.0,0,BB,GBR,Online TA,TA/TO,0,0,0,D,D,0,No Deposit,9.0,0,Transient-Party,132.6,0,1
City Hotel,0,86,2016,May,21,20,1,2,2,0.0,0,BB,FRA,Offline TA/TO,TA/TO,0,0,0,A,A,0,No Deposit,3.0,0,Transient-Party,65.0,0,1
City Hotel,0,135,2016,May,22,22,2,0,2,0.0,0,SC,PRT,Online TA,TA/TO,0,0,0,A,A,0,No Deposit,9.0,0,Transient,94.5,0,2
City Hotel,0,63,2016,May,21,20,2,2,2,0.0,0,BB,BEL,Offline TA/TO,TA/TO,0,0,0,A,A,1,No Deposit,138.0,0,Transient,110.0,0,0
City Hotel,0,36,2016,May,21,21,2,1,2,0.0,0,BB,NOR,Offline TA/TO,TA/TO,0,0,0,A,A,0,No Deposit,42.0,0,Transient,85.5,0,0
City Hotel,0,47,2016,May,22,22,2,0,2,0.0,0,SC,PRT,Online TA,TA/TO,0,0,0,A,A,0,No Deposit,9.0,0,Transient,116.1,0,0
City Hotel,0,5,2016,May,22,22,2,0,2,0.0,0,BB,GBR,Offline TA/TO,TA/TO,0,0,0,E,E,0,No Deposit,138.0,0,Transient,119.0,0,0
City Hotel,0,31,2016,May,21,21,2,1,2,0.0,0,BB,FRA,Online TA,TA/TO,0,0,0,A,A,0,No Deposit,9.0,0,Transient,114.9,0,1
City Hotel,0,1,2016,May,22,23,1,0,2,0.0,0,SC,MLT,Direct,Direct,0,0,0,A,A,0,No Deposit,,0,Transient,149.0,0,0
City Hotel,0,46,2016,May,21,19,2,3,2,0.0,0,BB,DEU,Offline TA/TO,TA/TO,0,0,0,A,A,0,No Deposit,16.0,0,Transient,86.5,0,0
City Hotel,0,95,2016,May,21,20,2,2,2,0.0,0,BB,BEL,Online TA,TA/TO,0,0,0,D,D,0,No Deposit,9.0,0,Transient,132.6,0,0
City Hotel,0,51,2016,May,22,23,1,0,2,0.0,0,BB,DEU,Online TA,TA/TO,0,0,0,A,A,0,No Deposit,9.0,0,Transient,135.9,1,0
City Hotel,0,1,2016,May,22,23,1,0,2,0.0,0,SC,GBR,Online TA,Direct,0,0,0,A,A,1,No Deposit,,0,Transient,149.0,0,0
City Hotel,0,1,2016,May,22,23,1,0,2,0.0,0,SC,GBR,Direct,Direct,0,0,0,A,A,1,No Deposit,,0,Transient,149.0,0,0
City Hotel,0,96,2016,May,22,23,1,0,2,0.0,0,SC,GBR,Online TA,TA/TO,0,0,0,A,A,0,No Deposit,9.0,0,Transient-Party,116.1,0,0
City Hotel,0,34,2016,May,22,22,2,0,2,0.0,0,BB,ARG,Online TA,TA/TO,0,0,0,A,A,0,No Deposit,9.0,0,Transient,108.9,0,1
City Hotel,0,228,2016,May,22,22,2,0,2,0.0,0,BB,USA,Online TA,TA/TO,0,0,0,A,A,0,No Deposit,8.0,0,Transient,106.2,0,1
City Hotel,0,26,2016,May,22,22,2,0,2,0.0,0,BB,BGR,Online TA,TA/TO,0,0,0,A,B,1,No Deposit,9.0,0,Transient,121.0,0,2
City Hotel,0,96,2016,May,22,23,1,0,2,0.0,0,SC,GBR,Online TA,TA/TO,0,0,0,A,A,0,No Deposit,9.0,0,Transient-Party,116.1,0,1
City Hotel,0,225,2016,May,22,22,2,0,2,0.0,0,BB,PRT,Direct,Direct,0,0,0,A,A,0,No Deposit,14.0,0,Transient,95.4,0,0
City Hotel,1,194,2017,May,21,25,0,3,2,0.0,0,BB,PRT,Direct,Direct,1,1,1,D,D,0,No Deposit,,0,Transient,104.0,0,0
City Hotel,0,29,2016,May,21,19,2,3,2,0.0,0,BB,FRA,Online TA,TA/TO,0,0,0,D,D,0,No Deposit,9.0,0,Transient,136.32,0,1
City Hotel,0,90,2016,May,21,20,2,2,2,0.0,0,BB,FRA,Offline TA/TO,TA/TO,0,0,0,E,E,1,No Deposit,83.0,0,Transient,123.08,0,0
City Hotel,0,1,2016,May,22,23,1,0,2,0.0,0,BB,FRA,Direct,Direct,0,0,0,D,D,1,No Deposit,,0,Transient,172.0,1,1
City Hotel,0,8,2016,May,21,21,2,1,2,0.0,0,BB,NLD,Online TA,TA/TO,0,0,0,D,D,0,No Deposit,,0,Transient,132.6,0,2
City Hotel,0,129,2016,May,22,22,2,0,2,0.0,0,BB,BEL,Online TA,TA/TO,0,0,0,A,A,0,No Deposit,9.0,0,Transient,105.3,0,2
City Hotel,0,0,2016,May,22,23,1,0,2,0.0,0,BB,FRA,Online TA,TA/TO,0,0,0,D,D,0,No Deposit,9.0,0,Transient,176.0,0,1
City Hotel,0,17,2016,May,21,21,2,1,2,0.0,0,BB,FRA,Offline TA/TO,TA/TO,0,0,0,A,A,0,No Deposit,42.0,0,Transient,95.0,0,0
City Hotel,0,4,2016,May,22,23,1,0,2,0.0,0,SC,DEU,Online TA,TA/TO,0,0,0,A,A,0,No Deposit,7.0,0,Transient,114.73,0,2
City Hotel,0,36,2016,May,22,22,2,0,2,0.0,0,BB,IND,Offline TA/TO,TA/TO,0,0,0,E,E,0,No Deposit,83.0,0,Transient,130.32,0,0
City Hotel,0,14,2016,May,22,23,1,0,2,0.0,0,SC,USA,Online TA,TA/TO,0,0,0,A,A,0,No Deposit,9.0,0,Transient,129.0,0,2
City Hotel,0,62,2016,May,21,21,2,1,2,0.0,0,SC,GBR,Online TA,TA/TO,0,0,0,A,A,2,No Deposit,9.0,0,Transient,126.4,1,1
City Hotel,0,1,2016,May,22,23,1,0,2,0.0,0,BB,LTU,Direct,Direct,0,0,0,A,A,1,No Deposit,,0,Transient,149.0,0,0
City Hotel,0,63,2016,May,22,22,2,1,2,0.0,0,BB,GBR,Online TA,TA/TO,0,0,0,A,A,0,No Deposit,7.0,0,Transient,97.71,0,1
City Hotel,0,130,2016,May,22,22,2,1,2,0.0,0,SC,BRA,Online TA,TA/TO,0,0,0,A,A,0,No Deposit,9.0,0,Transient,94.5,0,1
City Hotel,0,6,2016,May,22,23,1,1,2,0.0,0,SC,KOR,Online TA,TA/TO,0,0,0,A,A,0,No Deposit,9.0,0,Transient,119.0,0,2
City Hotel,0,18,2016,May,21,21,2,2,2,0.0,0,BB,BEL,Offline TA/TO,TA/TO,0,0,0,A,A,0,No Deposit,42.0,0,Transient,80.75,0,0
City Hotel,0,99,2016,May,22,22,2,1,2,0.0,0,BB,BRA,Online TA,TA/TO,0,0,0,A,A,2,No Deposit,7.0,0,Transient,97.71,0,1
City Hotel,0,43,2016,May,21,21,2,2,2,0.0,0,BB,BRA,Online TA,TA/TO,0,0,0,D,D,0,No Deposit,9.0,0,Transient,140.4,0,1
City Hotel,0,0,2016,May,22,24,0,1,2,0.0,0,BB,FRA,Online TA,TA/TO,0,0,0,A,A,0,No Deposit,9.0,0,Transient,141.0,0,0
City Hotel,0,0,2016,May,22,24,0,1,2,0.0,0,BB,FRA,Online TA,TA/TO,0,0,0,A,B,0,No Deposit,9.0,0,Transient,141.0,0,0
City Hotel,0,0,2016,May,22,24,0,1,2,0.0,0,BB,FRA,Online TA,TA/TO,0,0,0,A,B,0,No Deposit,9.0,0,Transient,141.0,0,0
City Hotel,0,6,2016,May,22,23,1,1,2,0.0,0,BB,FRA,Online TA,TA/TO,0,0,0,A,A,0,No Deposit,9.0,0,Transient,140.0,0,1
City Hotel,0,35,2016,May,21,21,2,2,2,0.0,0,BB,FRA,Direct,Direct,0,0,0,D,D,0,No Deposit,14.0,0,Transient,129.2,0,0
City Hotel,0,0,2016,May,22,23,1,1,2,0.0,0,BB,DEU,Online TA,TA/TO,0,0,0,A,A,0,No Deposit,9.0,0,Transient,145.85,1,0
City Hotel,0,25,2016,May,22,22,2,1,2,0.0,0,SC,ITA,Online TA,TA/TO,0,0,0,A,A,0,No Deposit,9.0,0,Transient,109.0,0,2
City Hotel,0,212,2016,May,21,20,2,3,2,0.0,0,BB,DEU,Offline TA/TO,TA/TO,0,0,0,A,A,0,No Deposit,21.0,0,Transient-Party,78.0,0,1
City Hotel,0,212,2016,May,21,20,2,3,2,0.0,0,BB,DEU,Offline TA/TO,TA/TO,0,0,0,A,A,0,No Deposit,21.0,0,Transient-Party,78.0,0,0
City Hotel,0,212,2016,May,21,20,2,3,2,0.0,0,BB,DEU,Offline TA/TO,TA/TO,0,0,0,A,A,0,No Deposit,21.0,0,Transient-Party,78.0,0,1
City Hotel,0,109,2016,May,22,22,2,1,2,0.0,0,BB,FRA,Offline TA/TO,TA/TO,0,0,0,D,D,0,No Deposit,85.0,0,Transient,90.95,0,0
City Hotel,0,6,2016,May,22,23,1,1,2,0.0,0,BB,PRT,Online TA,TA/TO,0,0,0,A,A,0,No Deposit,7.0,0,Transient,100.87,0,2
City Hotel,0,109,2016,May,22,22,2,1,2,0.0,0,BB,FRA,Offline TA/TO,TA/TO,0,0,0,D,D,0,No Deposit,85.0,0,Transient,90.95,0,0
City Hotel,0,109,2016,May,22,22,2,1,2,0.0,0,BB,FRA,Offline TA/TO,TA/TO,0,0,0,A,A,0,No Deposit,85.0,0,Transient,80.75,0,0
City Hotel,0,104,2016,May,22,23,1,1,2,0.0,0,SC,GBR,Online TA,TA/TO,0,0,0,A,A,0,No Deposit,9.0,0,Transient,116.1,0,1
City Hotel,0,22,2016,May,21,21,2,2,2,0.0,0,HB,FRA,Online TA,TA/TO,0,0,0,D,D,0,No Deposit,9.0,0,Transient,194.0,0,1
City Hotel,0,212,2016,May,21,20,2,3,2,0.0,0,BB,DEU,Offline TA/TO,TA/TO,0,0,0,A,A,0,No Deposit,21.0,0,Transient-Party,78.0,0,0
City Hotel,0,212,2016,May,21,20,2,3,2,0.0,0,BB,DEU,Offline TA/TO,TA/TO,0,0,0,A,A,0,No Deposit,21.0,0,Transient-Party,78.0,0,1
City Hotel,0,93,2016,May,21,19,2,4,2,0.0,0,BB,FRA,Online TA,TA/TO,0,0,0,D,D,0,No Deposit,9.0,0,Transient,132.6,0,1
City Hotel,0,212,2016,May,21,20,2,3,2,0.0,0,BB,DEU,Offline TA/TO,TA/TO,0,0,0,A,A,0,No Deposit,21.0,0,Transient-Party,78.0,0,1
City Hotel,0,25,2016,May,22,22,2,1,2,0.0,0,BB,LUX,Online TA,TA/TO,0,0,0,A,A,0,No Deposit,9.0,0,Transient,141.0,0,2
City Hotel,0,212,2016,May,21,20,2,3,2,0.0,0,BB,DEU,Offline TA/TO,TA/TO,0,0,0,A,A,0,No Deposit,21.0,0,Transient-Party,78.0,0,0
City Hotel,0,30,2016,May,22,23,1,1,2,0.0,0,BB,FRA,Online TA,TA/TO,0,0,0,A,B,0,No Deposit,9.0,0,Transient,117.9,0,1
City Hotel,0,45,2016,May,21,21,2,2,2,0.0,0,SC,GBR,Online TA,TA/TO,0,0,0,A,A,0,No Deposit,9.0,0,Transient,116.1,0,1
City Hotel,0,9,2016,May,21,21,2,2,2,0.0,0,BB,USA,Direct,Direct,0,0,0,G,G,0,No Deposit,14.0,0,Transient,257.0,0,0
City Hotel,0,43,2016,May,21,21,2,2,2,0.0,0,BB,BRA,Online TA,TA/TO,0,0,0,D,D,0,No Deposit,9.0,0,Transient,140.4,0,1
City Hotel,0,44,2016,May,22,23,1,1,2,0.0,0,BB,PRT,Complementary,Direct,0,0,0,A,A,0,No Deposit,,0,Transient,0.0,0,1
City Hotel,0,35,2016,May,22,24,0,1,2,0.0,0,SC,SWE,Online TA,TA/TO,0,0,0,A,A,0,No Deposit,9.0,0,Transient,98.1,0,1
City Hotel,0,36,2016,May,21,21,2,2,2,0.0,0,BB,ESP,Online TA,TA/TO,0,0,0,A,A,0,No Deposit,9.0,0,Transient,126.9,0,2
City Hotel,0,0,2016,May,22,24,0,1,2,0.0,0,BB,FRA,Online TA,TA/TO,0,0,0,A,A,0,No Deposit,9.0,0,Transient,141.0,0,0
City Hotel,0,98,2016,May,21,21,2,2,2,0.0,0,BB,BEL,Online TA,TA/TO,0,0,0,A,A,0,No Deposit,9.0,0,Transient,119.85,0,0
City Hotel,0,36,2016,May,21,21,2,2,2,0.0,0,BB,PRT,Online TA,TA/TO,0,0,0,A,A,0,No Deposit,9.0,0,Transient,126.9,0,2
City Hotel,0,48,2016,May,22,22,2,1,2,0.0,0,BB,GBR,Online TA,TA/TO,0,0,0,A,A,0,No Deposit,7.0,0,Transient,92.83,0,2
City Hotel,0,127,2016,May,21,21,2,2,2,0.0,0,BB,NOR,Online TA,TA/TO,0,0,0,D,D,0,No Deposit,9.0,0,Transient,113.05,0,2
City Hotel,0,0,2016,May,22,24,0,1,2,0.0,0,BB,PRT,Corporate,Corporate,0,0,0,A,A,0,No Deposit,,0,Transient,125.1,0,0
City Hotel,0,2,2016,May,22,25,0,1,2,0.0,0,BB,PRT,Direct,Direct,0,0,0,A,A,1,No Deposit,,0,Transient,139.0,0,0
City Hotel,0,93,2016,May,22,23,1,2,2,0.0,0,HB,USA,Direct,Direct,0,0,0,E,E,1,No Deposit,14.0,0,Transient-Party,211.0,0,0
City Hotel,0,93,2016,May,22,23,1,2,2,0.0,0,HB,USA,Direct,Direct,0,0,0,E,E,1,No Deposit,14.0,0,Transient-Party,211.0,0,0
City Hotel,0,8,2016,May,22,25,0,1,2,0.0,0,SC,USA,Online TA,TA/TO,0,0,0,A,A,0,No Deposit,8.0,0,Transient,99.0,0,1
City Hotel,0,163,2016,May,22,22,2,2,2,0.0,0,BB,PRT,Offline TA/TO,TA/TO,0,0,0,A,A,0,No Deposit,27.0,0,Transient,80.75,0,0
City Hotel,0,5,2016,May,22,24,0,2,2,0.0,0,BB,ARG,Corporate,Corporate,0,0,0,A,A,0,No Deposit,,0,Transient-Party,110.0,0,1
City Hotel,0,14,2016,May,22,23,1,2,2,0.0,0,BB,PRT,Online TA,TA/TO,0,0,0,A,A,0,No Deposit,7.0,0,Transient,102.41,0,2
City Hotel,0,5,2016,May,22,24,0,2,2,0.0,0,BB,ARG,Corporate,Corporate,0,0,0,A,A,0,No Deposit,,0,Transient-Party,110.0,0,1
City Hotel,0,5,2016,May,22,24,0,2,2,0.0,0,BB,ARG,Corporate,Corporate,0,0,0,A,A,0,No Deposit,,0,Transient-Party,110.0,0,1
City Hotel,0,5,2016,May,22,24,0,2,2,0.0,0,BB,MEX,Corporate,Corporate,0,0,0,A,A,0,No Deposit,,0,Transient-Party,110.0,0,1
City Hotel,0,5,2016,May,22,24,0,2,2,0.0,0,BB,VEN,Corporate,Corporate,0,0,0,A,A,0,No Deposit,,0,Transient-Party,110.0,0,1
City Hotel,0,5,2016,May,22,24,0,2,2,0.0,0,BB,CHL,Corporate,Corporate,0,0,0,A,A,0,No Deposit,,0,Transient-Party,110.0,0,1
City Hotel,0,5,2016,May,22,24,0,2,2,0.0,0,BB,ITA,Corporate,Corporate,0,0,0,A,A,0,No Deposit,,0,Transient-Party,110.0,0,1
City Hotel,0,5,2016,May,22,24,0,2,2,0.0,0,BB,ARG,Corporate,Corporate,0,0,0,A,A,0,No Deposit,,0,Transient-Party,110.0,0,1
City Hotel,0,5,2016,May,22,24,0,2,2,0.0,0,BB,URY,Corporate,Corporate,0,0,0,A,A,0,No Deposit,,0,Transient-Party,110.0,0,1
City Hotel,0,12,2016,May,22,25,0,1,2,0.0,0,SC,GBR,Offline TA/TO,TA/TO,0,0,0,A,B,0,No Deposit,42.0,0,Transient,79.2,0,0
City Hotel,0,5,2016,May,22,24,0,2,2,0.0,0,BB,URY,Corporate,Corporate,0,0,0,A,A,0,No Deposit,,0,Transient-Party,110.0,0,0
City Hotel,0,5,2016,May,22,24,0,2,2,0.0,0,BB,ARG,Corporate,Corporate,0,0,0,A,A,0,No Deposit,,0,Transient-Party,110.0,0,1
City Hotel,0,33,2016,May,22,25,0,1,2,0.0,0,BB,PRT,Online TA,TA/TO,0,0,0,A,A,0,No Deposit,9.0,0,Transient,108.9,0,0
City Hotel,0,33,2016,May,22,25,0,1,2,0.0,0,BB,PRT,Online TA,TA/TO,0,0,0,A,A,0,No Deposit,9.0,0,Transient,108.9,0,0
City Hotel,0,130,2016,May,22,22,2,2,2,0.0,0,SC,GBR,Online TA,TA/TO,0,0,0,A,A,0,No Deposit,9.0,0,Transient,89.25,0,1
City Hotel,0,5,2016,May,22,24,0,2,2,0.0,0,BB,URY,Corporate,Corporate,0,0,0,A,A,0,No Deposit,,0,Transient-Party,110.0,0,0
City Hotel,0,48,2016,May,22,24,0,2,2,0.0,0,BB,PRT,Online TA,TA/TO,0,0,0,D,D,0,No Deposit,9.0,0,Transient,140.4,0,1
City Hotel,0,8,2016,May,22,25,0,1,2,0.0,0,SC,TUR,Online TA,TA/TO,0,0,0,A,A,0,No Deposit,9.0,0,Transient,119.0,0,0
City Hotel,0,8,2016,May,22,25,0,1,2,0.0,0,SC,TUR,Online TA,TA/TO,0,0,0,A,A,0,No Deposit,9.0,0,Transient,119.0,0,0
City Hotel,0,8,2016,May,22,25,0,1,2,0.0,0,SC,TUR,Online TA,TA/TO,0,0,0,A,A,0,No Deposit,9.0,0,Transient,119.0,0,0
City Hotel,0,8,2016,May,22,25,0,1,2,0.0,0,SC,TUR,Online TA,TA/TO,0,0,0,A,A,0,No Deposit,9.0,0,Transient,119.0,0,0
City Hotel,0,43,2016,May,22,24,0,2,2,0.0,0,BB,GBR,Online TA,TA/TO,0,0,0,A,A,0,No Deposit,8.0,0,Transient,126.9,0,1
City Hotel,0,8,2016,May,22,25,0,1,2,0.0,0,SC,TUR,Online TA,TA/TO,0,0,0,A,A,0,No Deposit,9.0,0,Transient,119.0,0,0
City Hotel,0,5,2016,May,22,24,0,2,2,0.0,0,BB,ARG,Corporate,Corporate,0,0,0,A,A,0,No Deposit,,0,Transient-Party,110.0,0,1
City Hotel,0,1,2016,May,22,25,0,1,2,0.0,0,BB,PRT,Direct,Direct,0,0,0,A,A,0,No Deposit,14.0,0,Transient,109.65,0,1
City Hotel,0,79,2016,May,22,24,0,2,2,0.0,0,SC,FRA,Online TA,TA/TO,0,0,0,A,A,0,No Deposit,9.0,0,Transient,116.1,0,1
City Hotel,0,181,2016,May,22,23,1,2,2,0.0,0,BB,PRT,Online TA,TA/TO,0,0,0,A,A,0,No Deposit,9.0,0,Contract,118.0,0,2
City Hotel,0,201,2016,May,22,24,0,2,2,0.0,0,BB,BEL,Online TA,TA/TO,0,0,0,A,A,0,No Deposit,9.0,0,Contract,127.0,1,1
City Hotel,0,62,2016,May,22,25,0,1,2,0.0,0,SC,FRA,Online TA,TA/TO,0,0,0,A,A,0,No Deposit,9.0,0,Transient,116.1,0,1
City Hotel,0,31,2016,May,22,24,0,2,2,0.0,0,BB,FRA,Online TA,TA/TO,0,0,0,A,A,0,No Deposit,8.0,0,Transient,108.9,0,1
City Hotel,0,6,2016,May,22,24,0,2,2,0.0,0,BB,CRI,Corporate,Corporate,0,0,0,A,A,0,No Deposit,,1,Transient-Party,110.0,0,1
City Hotel,0,31,2016,May,22,24,0,2,2,0.0,0,BB,FRA,Online TA,TA/TO,0,0,0,A,A,0,No Deposit,8.0,0,Transient,108.9,0,1
City Hotel,0,217,2016,May,22,24,0,2,2,0.0,0,BB,PRT,Online TA,TA/TO,0,0,0,A,A,0,No Deposit,9.0,0,Contract,124.2,1,1
City Hotel,0,12,2016,May,22,23,1,2,2,0.0,0,SC,ITA,Online TA,TA/TO,0,0,0,A,A,0,No Deposit,9.0,0,Transient,119.0,0,1
City Hotel,0,53,2016,May,21,21,2,3,2,0.0,0,HB,FRA,Offline TA/TO,TA/TO,0,0,0,A,A,0,No Deposit,83.0,0,Transient,131.52,0,0
City Hotel,0,106,2016,May,21,21,2,3,2,0.0,0,HB,PRT,Offline TA/TO,TA/TO,0,0,0,A,D,0,No Deposit,28.0,0,Transient,105.0,0,0
City Hotel,0,68,2016,May,21,21,2,3,2,0.0,0,BB,DEU,Online TA,TA/TO,0,0,0,D,D,0,No Deposit,7.0,0,Transient,96.99,0,1
City Hotel,0,49,2016,May,21,19,2,5,2,0.0,0,HB,DEU,Offline TA/TO,TA/TO,0,0,0,A,A,0,No Deposit,173.0,0,Transient,106.25,0,0
City Hotel,0,91,2016,May,22,22,2,2,2,0.0,0,SC,FRA,Online TA,TA/TO,0,0,0,A,A,0,No Deposit,9.0,0,Transient,109.65,0,1
City Hotel,0,16,2016,May,22,25,0,1,2,0.0,0,BB,DEU,Offline TA/TO,TA/TO,0,0,0,D,D,0,No Deposit,6.0,0,Transient,107.0,0,0
City Hotel,0,82,2016,May,21,21,2,3,2,0.0,0,BB,AUT,Offline TA/TO,TA/TO,0,0,0,D,D,0,No Deposit,16.0,0,Transient,90.95,0,0
City Hotel,0,110,2016,May,21,17,2,7,2,0.0,0,BB,DEU,Offline TA/TO,TA/TO,0,0,0,A,A,1,No Deposit,27.0,0,Transient,85.75,0,0
City Hotel,0,9,2016,May,22,25,0,1,2,0.0,0,SC,PRT,Online TA,TA/TO,0,0,0,A,A,0,No Deposit,9.0,0,Transient,99.0,0,0
City Hotel,0,87,2016,May,21,21,2,3,2,0.0,0,BB,FRA,Online TA,TA/TO,0,0,0,A,A,0,No Deposit,9.0,0,Transient,119.85,0,1
City Hotel,0,15,2016,May,22,25,0,1,2,0.0,0,BB,DEU,Online TA,TA/TO,0,0,0,A,B,0,No Deposit,9.0,0,Transient,111.0,0,0
City Hotel,0,35,2016,May,22,22,2,2,2,0.0,0,BB,PRT,Online TA,TA/TO,0,0,0,A,A,0,No Deposit,9.0,0,Transient,108.9,0,0
City Hotel,0,74,2016,May,21,21,2,3,2,0.0,0,BB,FIN,Online TA,TA/TO,0,0,0,D,D,0,No Deposit,9.0,0,Transient,132.6,0,3
City Hotel,0,181,2016,May,22,23,1,2,2,0.0,0,BB,DEU,Online TA,TA/TO,0,0,0,A,A,0,No Deposit,9.0,0,Contract,118.0,0,2
City Hotel,0,27,2016,May,22,22,2,2,2,0.0,0,BB,USA,Online TA,TA/TO,0,0,0,A,A,0,No Deposit,7.0,0,Transient,90.84,0,1
City Hotel,0,27,2016,May,22,22,2,2,2,0.0,0,BB,IRN,Online TA,TA/TO,0,0,0,A,A,0,No Deposit,7.0,0,Transient,90.84,0,2
City Hotel,0,27,2016,May,22,22,2,2,2,0.0,0,BB,PRT,Online TA,TA/TO,0,0,0,A,A,0,No Deposit,7.0,0,Transient,90.84,0,2
City Hotel,0,8,2016,May,22,25,0,1,2,0.0,0,BB,PRT,Online TA,TA/TO,0,0,0,A,A,0,No Deposit,9.0,0,Transient,111.35,0,1
City Hotel,0,30,2016,May,21,21,2,4,2,0.0,0,BB,DEU,Online TA,TA/TO,0,0,0,F,G,0,No Deposit,7.0,0,Transient,136.72,0,1
City Hotel,0,109,2016,May,22,23,1,3,2,0.0,0,BB,CHE,Offline TA/TO,TA/TO,0,0,0,A,D,0,No Deposit,28.0,0,Transient,75.0,0,0
City Hotel,0,114,2016,May,22,24,0,3,2,0.0,0,BB,AUS,Online TA,TA/TO,0,0,0,D,D,0,No Deposit,9.0,0,Transient-Party,140.4,0,0
City Hotel,0,78,2016,May,22,23,1,3,2,0.0,0,SC,CHE,Online TA,TA/TO,0,0,0,A,A,0,No Deposit,9.0,0,Transient,120.28,0,1
City Hotel,0,132,2016,May,22,24,0,3,2,0.0,0,BB,FRA,Direct,Direct,0,0,0,D,D,0,No Deposit,14.0,0,Transient,116.1,0,0
City Hotel,0,117,2016,May,22,22,2,3,2,0.0,0,BB,GBR,Online TA,TA/TO,0,0,0,A,A,0,No Deposit,9.0,0,Transient,126.31,0,2
City Hotel,0,114,2016,May,22,24,0,3,2,0.0,0,BB,PRT,Online TA,TA/TO,0,0,0,D,D,0,No Deposit,9.0,0,Transient-Party,140.4,0,0
City Hotel,0,97,2016,May,22,24,0,3,2,0.0,0,BB,ITA,Online TA,TA/TO,0,0,0,D,D,0,No Deposit,9.0,0,Transient,140.4,0,0
City Hotel,0,99,2016,May,22,23,1,3,2,0.0,0,BB,FRA,Online TA,TA/TO,0,0,0,D,D,0,No Deposit,9.0,0,Transient,132.6,0,1
City Hotel,0,1,2016,May,22,26,0,1,2,0.0,0,BB,FRA,Direct,Direct,0,0,0,D,D,0,No Deposit,,0,Transient,165.0,0,1
City Hotel,0,47,2016,May,22,23,1,3,2,0.0,0,BB,GBR,Direct,Direct,0,0,0,E,F,0,No Deposit,14.0,0,Transient,159.3,0,0
City Hotel,0,98,2016,May,21,21,2,4,2,0.0,0,BB,AUT,Online TA,TA/TO,0,0,0,D,D,0,No Deposit,9.0,0,Transient,132.6,0,1
City Hotel,0,14,2016,May,22,27,0,1,2,0.0,0,BB,PRT,Offline TA/TO,TA/TO,0,0,0,A,A,0,No Deposit,21.0,0,Transient-Party,73.0,0,0
City Hotel,0,248,2016,May,22,26,0,2,2,0.0,0,BB,GBR,Online TA,TA/TO,0,0,0,A,B,0,No Deposit,9.0,0,Contract,118.0,0,0
City Hotel,0,208,2016,May,21,21,2,5,2,0.0,0,BB,BRA,Online TA,TA/TO,0,0,0,A,A,0,No Deposit,7.0,0,Transient,77.23,0,0
City Hotel,0,96,2016,May,22,23,1,4,2,0.0,0,BB,POL,Online TA,TA/TO,0,0,0,D,D,0,No Deposit,9.0,0,Transient,141.6,0,1
City Hotel,0,2,2016,May,22,27,0,1,2,0.0,0,BB,PRT,Direct,Direct,0,0,0,B,E,0,No Deposit,,0,Transient,65.0,1,0
City Hotel,0,2,2016,November,48,24,0,1,2,0.0,0,BB,PRT,Corporate,Corporate,1,0,1,A,A,1,No Deposit,,0,Transient,77.0,1,0
City Hotel,0,14,2016,May,22,27,0,1,2,0.0,0,BB,PRT,Offline TA/TO,TA/TO,0,0,0,A,A,0,No Deposit,21.0,0,Transient-Party,73.0,0,0
City Hotel,0,14,2016,May,22,27,0,1,2,0.0,0,BB,PRT,Offline TA/TO,TA/TO,0,0,0,A,A,0,No Deposit,21.0,0,Transient-Party,73.0,0,0
City Hotel,0,14,2016,May,22,27,0,1,2,0.0,0,BB,PRT,Offline TA/TO,TA/TO,0,0,0,A,D,0,No Deposit,21.0,0,Transient-Party,73.0,0,0
City Hotel,0,118,2016,May,22,26,0,2,2,0.0,0,BB,PRT,Offline TA/TO,TA/TO,0,0,0,A,A,0,No Deposit,27.0,0,Transient,80.75,0,0
City Hotel,0,92,2016,May,22,24,0,4,2,0.0,0,BB,FRA,Offline TA/TO,TA/TO,0,0,0,D,D,0,No Deposit,83.0,0,Transient-Party,106.08,0,0
City Hotel,0,92,2016,May,22,24,0,4,2,0.0,0,BB,FRA,Offline TA/TO,TA/TO,0,0,0,D,D,0,No Deposit,83.0,0,Transient-Party,106.08,0,0
City Hotel,0,4,2016,May,22,27,0,1,2,0.0,0,BB,DEU,Online TA,TA/TO,0,0,0,D,D,0,No Deposit,9.0,0,Transient,176.0,0,1
City Hotel,0,14,2016,May,22,27,0,1,2,0.0,0,BB,PRT,Offline TA/TO,TA/TO,0,0,0,A,A,0,No Deposit,21.0,0,Transient-Party,73.0,0,0
City Hotel,0,10,2016,May,21,15,4,9,2,0.0,0,BB,BRA,Corporate,Corporate,0,0,0,A,D,4,No Deposit,,0,Transient,129.0,0,0
City Hotel,0,14,2016,May,22,27,0,1,2,0.0,0,BB,PRT,Offline TA/TO,TA/TO,0,0,0,A,A,0,No Deposit,21.0,0,Transient-Party,73.0,0,0
City Hotel,0,14,2016,May,22,27,0,1,2,0.0,0,BB,PRT,Offline TA/TO,TA/TO,0,0,0,A,B,0,No Deposit,21.0,0,Transient-Party,73.0,0,0
City Hotel,0,1,2016,May,22,26,0,2,2,0.0,0,BB,CN,Online TA,TA/TO,0,0,0,D,E,0,No Deposit,9.0,0,Transient,176.0,0,1
City Hotel,0,101,2016,May,22,25,0,4,2,0.0,0,BB,AUT,Online TA,TA/TO,0,0,0,D,D,0,No Deposit,9.0,0,Transient-Party,132.6,0,0
City Hotel,0,101,2016,May,22,25,0,4,2,0.0,0,BB,AUT,Online TA,TA/TO,0,0,0,D,D,0,No Deposit,9.0,0,Transient-Party,132.6,0,0
City Hotel,0,0,2016,May,22,26,0,3,2,0.0,0,SC,PRT,Online TA,TA/TO,0,0,0,A,B,0,No Deposit,9.0,0,Transient,149.0,0,0
City Hotel,0,233,2016,May,22,25,0,4,2,0.0,0,BB,DEU,Direct,Direct,0,0,0,A,A,0,No Deposit,14.0,0,Transient,95.4,0,1
City Hotel,0,70,2016,May,22,25,0,4,2,0.0,0,BB,BEL,Online TA,TA/TO,0,0,0,D,D,0,No Deposit,7.0,0,Transient,102.1,0,2
City Hotel,0,233,2016,May,22,25,0,4,2,0.0,0,BB,DEU,Direct,Direct,0,0,0,A,A,0,No Deposit,14.0,0,Transient,95.4,0,1
City Hotel,0,233,2016,May,22,25,0,4,2,0.0,0,BB,DEU,Direct,Direct,0,0,0,A,A,0,No Deposit,14.0,0,Transient,95.4,0,1
City Hotel,0,233,2016,May,22,25,0,4,2,0.0,0,BB,DEU,Direct,Direct,0,0,0,A,A,0,No Deposit,14.0,0,Transient,95.4,0,1
City Hotel,0,3,2016,May,22,28,0,1,2,0.0,0,BB,PRT,Online TA,TA/TO,0,0,0,A,A,0,No Deposit,9.0,0,Transient,161.0,0,1
City Hotel,0,124,2016,May,22,22,2,5,2,0.0,0,BB,PRT,Direct,Direct,0,0,0,D,D,0,No Deposit,14.0,0,Transient,111.59,0,0
City Hotel,0,86,2016,May,22,26,0,3,2,0.0,0,BB,DEU,Direct,Direct,0,0,0,D,D,0,No Deposit,,0,Transient,135.0,0,1
City Hotel,0,86,2016,May,22,26,0,3,2,0.0,0,BB,DEU,Direct,Direct,0,0,0,D,D,0,No Deposit,,0,Transient,135.0,0,1
City Hotel,0,132,2016,May,22,27,0,2,2,0.0,0,BB,FRA,Online TA,TA/TO,0,0,0,D,D,0,No Deposit,9.0,0,Transient,144.9,0,1
City Hotel,0,67,2016,May,22,27,0,2,2,0.0,0,BB,ESP,Online TA,TA/TO,0,0,0,D,D,0,No Deposit,9.0,0,Transient,140.4,0,1
City Hotel,0,2,2016,May,22,28,0,1,2,0.0,0,BB,PRT,Online TA,TA/TO,0,0,0,A,A,0,No Deposit,9.0,0,Transient,161.0,0,1
City Hotel,0,180,2016,May,22,23,1,5,2,0.0,0,BB,DEU,Offline TA/TO,TA/TO,0,0,0,A,A,0,No Deposit,27.0,0,Transient,80.75,0,0
City Hotel,0,3,2016,May,22,28,0,1,2,0.0,0,BB,PRT,Online TA,TA/TO,0,0,0,A,A,1,No Deposit,9.0,0,Transient,155.0,0,1
City Hotel,0,87,2016,May,22,26,0,3,2,0.0,0,BB,AUT,Offline TA/TO,TA/TO,0,0,0,A,A,0,No Deposit,85.0,0,Transient,80.75,0,0
City Hotel,0,2,2016,May,22,26,0,3,2,0.0,0,BB,PAK,Online TA,TA/TO,0,0,0,D,D,0,No Deposit,9.0,0,Transient,176.0,0,1
City Hotel,0,1,2016,May,22,27,0,2,2,0.0,0,BB,PRT,Direct,Direct,0,0,0,A,B,0,No Deposit,,0,Transient,159.0,0,0
City Hotel,0,121,2016,May,22,26,0,3,2,0.0,0,BB,PRT,Offline TA/TO,TA/TO,0,0,0,A,A,0,No Deposit,85.0,0,Transient,80.75,0,0
City Hotel,0,99,2016,May,22,26,0,3,2,0.0,0,BB,DEU,Online TA,TA/TO,0,0,0,D,D,0,No Deposit,9.0,0,Transient,140.4,0,0
City Hotel,0,133,2016,May,22,22,2,5,2,0.0,0,BB,DEU,Direct,Direct,0,0,0,D,D,0,No Deposit,14.0,0,Transient,111.59,0,0
City Hotel,0,28,2016,May,22,28,0,1,2,0.0,0,BB,KOR,Online TA,TA/TO,0,0,0,D,E,0,No Deposit,9.0,0,Transient,156.0,0,0
City Hotel,0,4,2016,May,22,28,0,1,2,0.0,0,SC,PRT,Online TA,TA/TO,0,0,0,A,B,0,No Deposit,9.0,0,Transient,149.0,0,0
City Hotel,0,13,2016,May,22,28,0,1,2,0.0,0,BB,ESP,Online TA,TA/TO,0,0,0,D,A,0,No Deposit,9.0,0,Transient,156.0,0,2
City Hotel,0,2,2016,May,22,28,0,1,2,0.0,0,SC,GBR,Online TA,TA/TO,0,0,0,A,B,0,No Deposit,9.0,0,Transient,149.0,0,1
City Hotel,0,2,2016,May,22,26,0,3,2,0.0,0,BB,AUT,Online TA,TA/TO,0,0,0,D,D,0,No Deposit,9.0,0,Transient,176.0,0,1
City Hotel,0,217,2016,May,22,25,0,4,2,0.0,0,BB,PRT,Online TA,TA/TO,0,0,0,A,A,0,No Deposit,9.0,0,Contract,90.1,0,2
City Hotel,0,217,2016,May,22,25,0,4,2,0.0,0,BB,PRT,Online TA,TA/TO,0,0,0,A,A,0,No Deposit,9.0,0,Contract,90.1,0,2
City Hotel,0,4,2016,May,22,28,0,1,2,0.0,0,BB,PRT,Online TA,TA/TO,0,0,0,A,A,0,No Deposit,9.0,0,Transient,161.0,0,1
City Hotel,0,87,2016,May,22,22,2,5,2,0.0,0,SC,GBR,Offline TA/TO,TA/TO,0,0,0,A,A,0,No Deposit,138.0,0,Transient,85.0,0,0
City Hotel,0,217,2016,May,22,25,0,4,2,0.0,0,BB,FRA,Online TA,TA/TO,0,0,0,A,A,0,No Deposit,9.0,0,Contract,90.1,0,2
City Hotel,0,2,2016,May,23,29,0,0,2,0.0,0,SC,SWE,Online TA,TA/TO,0,0,0,A,A,0,No Deposit,9.0,0,Transient,0.0,0,1
City Hotel,0,0,2016,May,23,29,1,0,2,0.0,0,SC,PRT,Online TA,TA/TO,0,0,0,A,A,0,No Deposit,9.0,0,Transient,99.0,0,0
City Hotel,0,130,2016,May,22,28,1,1,2,0.0,0,BB,DNK,Online TA,TA/TO,0,0,0,D,B,0,No Deposit,9.0,0,Transient,134.1,1,1
City Hotel,0,10,2016,May,23,29,1,0,2,0.0,0,BB,FRA,Online TA,TA/TO,0,0,0,A,A,0,No Deposit,9.0,0,Transient,120.35,0,1
City Hotel,0,112,2016,May,22,27,1,2,2,0.0,0,BB,IRL,Online TA,TA/TO,0,0,0,D,D,0,No Deposit,9.0,0,Transient,140.4,0,1
City Hotel,0,1,2016,May,22,26,1,3,2,0.0,0,BB,AUT,Online TA,TA/TO,0,0,0,A,B,0,No Deposit,9.0,0,Transient,136.18,0,0
City Hotel,0,61,2016,May,22,28,1,1,2,0.0,0,BB,NOR,Online TA,TA/TO,0,0,0,D,A,0,No Deposit,8.0,0,Transient,140.4,0,2
City Hotel,0,0,2016,May,23,29,1,0,2,0.0,0,SC,CN,Online TA,TA/TO,0,0,0,A,A,0,No Deposit,9.0,0,Transient,99.0,0,0
City Hotel,0,133,2016,May,22,24,1,5,2,0.0,0,BB,GBR,Online TA,TA/TO,0,0,0,D,D,0,No Deposit,9.0,0,Transient,127.15,1,1
City Hotel,0,13,2016,May,23,29,1,0,2,0.0,0,BB,PRT,Online TA,TA/TO,0,0,0,A,A,0,No Deposit,9.0,0,Transient,94.35,0,1
City Hotel,0,20,2016,May,22,28,1,1,2,0.0,0,BB,FRA,Online TA,TA/TO,0,0,0,D,D,0,No Deposit,9.0,0,Transient,143.0,0,1
City Hotel,0,73,2016,May,22,25,1,4,2,0.0,0,BB,USA,Online TA,TA/TO,0,0,0,D,D,2,No Deposit,9.0,0,Transient,129.96,0,1
City Hotel,0,5,2016,May,23,29,1,0,2,0.0,0,BB,PRT,Corporate,Corporate,0,0,0,A,A,0,No Deposit,,0,Transient,99.0,0,0
City Hotel,0,52,2016,May,22,27,1,2,2,0.0,0,BB,BRA,Online TA,TA/TO,0,0,0,D,D,0,No Deposit,7.0,0,Transient,108.11,0,2
City Hotel,0,16,2016,May,23,29,1,0,2,0.0,0,BB,CHN,Online TA,TA/TO,0,0,0,A,A,0,No Deposit,9.0,0,Transient,111.0,0,1
City Hotel,0,29,2016,May,23,29,1,0,2,0.0,0,SC,PRT,Online TA,TA/TO,0,0,0,A,A,0,No Deposit,9.0,0,Transient,109.0,0,2
City Hotel,0,52,2016,May,22,27,1,2,2,0.0,0,BB,BRA,Online TA,TA/TO,0,0,0,D,D,0,No Deposit,7.0,0,Transient,108.11,0,2
City Hotel,0,39,2016,May,23,29,1,0,2,0.0,0,BB,PRT,Online TA,TA/TO,0,0,0,D,D,0,No Deposit,9.0,0,Transient,122.4,0,1
City Hotel,0,41,2016,May,22,28,1,1,2,0.0,0,BB,CHE,Online TA,TA/TO,0,0,0,D,D,0,No Deposit,9.0,0,Transient,131.4,0,1
City Hotel,0,106,2016,May,23,29,1,0,2,0.0,0,BB,PRT,Offline TA/TO,TA/TO,0,0,0,A,A,0,No Deposit,27.0,0,Transient-Party,95.0,0,1
City Hotel,0,5,2016,May,23,29,1,0,2,0.0,0,SC,PRT,Online TA,TA/TO,0,0,0,A,A,0,No Deposit,9.0,0,Transient,89.0,0,1
City Hotel,0,52,2016,May,22,27,1,2,2,0.0,0,BB,DEU,Offline TA/TO,TA/TO,0,0,0,A,D,0,No Deposit,138.0,0,Transient,85.0,0,0
City Hotel,0,22,2016,May,23,29,1,0,2,0.0,0,SC,PRT,Online TA,TA/TO,0,0,0,A,A,0,No Deposit,9.0,0,Transient,109.0,0,2
City Hotel,0,12,2016,May,23,30,1,3,2,0.0,0,BB,EST,Corporate,Corporate,0,0,0,A,A,1,No Deposit,,0,Transient-Party,111.35,0,0
City Hotel,0,16,2016,May,23,29,2,0,2,0.0,0,BB,BRA,Direct,Direct,0,0,0,A,A,0,No Deposit,14.0,0,Transient,109.0,0,0
City Hotel,0,129,2016,May,22,22,4,5,2,0.0,0,BB,GBR,Online TA,TA/TO,0,0,0,D,D,0,No Deposit,9.0,0,Transient,114.75,0,3
City Hotel,0,95,2016,May,23,29,2,0,2,0.0,0,BB,ISR,Groups,TA/TO,0,0,0,A,A,0,No Deposit,1.0,0,Transient-Party,65.0,0,1
City Hotel,0,102,2016,June,24,5,1,0,2,0.0,0,BB,ISR,Groups,TA/TO,0,0,1,A,A,0,No Deposit,1.0,0,Transient-Party,65.0,0,1
City Hotel,0,95,2016,May,23,29,2,0,2,0.0,0,BB,ISR,Groups,TA/TO,0,0,0,A,A,0,No Deposit,1.0,0,Transient-Party,65.0,0,1
City Hotel,0,102,2016,June,24,5,1,0,2,0.0,0,BB,ISR,Groups,TA/TO,0,0,1,A,A,0,No Deposit,1.0,0,Transient-Party,12.0,0,1
City Hotel,0,95,2016,May,23,29,2,0,2,0.0,0,BB,ISR,Groups,TA/TO,0,0,0,A,A,0,No Deposit,1.0,0,Transient-Party,65.0,0,2
City Hotel,0,95,2016,May,23,29,2,0,2,0.0,0,BB,ISR,Groups,TA/TO,0,0,0,A,A,0,No Deposit,1.0,0,Transient-Party,65.0,0,1
City Hotel,0,102,2016,June,24,5,1,0,2,0.0,0,BB,ISR,Groups,TA/TO,0,0,1,A,A,0,No Deposit,1.0,0,Transient-Party,65.0,0,1
City Hotel,0,95,2016,May,23,29,2,0,2,0.0,0,BB,ISR,Groups,TA/TO,0,0,0,A,A,0,No Deposit,1.0,0,Transient-Party,65.0,0,1
City Hotel,0,102,2016,June,24,5,1,0,2,0.0,0,BB,ISR,Groups,TA/TO,0,0,1,A,A,0,No Deposit,1.0,0,Transient-Party,12.0,0,1
City Hotel,0,95,2016,May,23,29,2,0,2,0.0,0,BB,ISR,Groups,TA/TO,0,0,0,A,A,0,No Deposit,1.0,0,Transient-Party,65.0,0,1
City Hotel,0,102,2016,June,24,5,1,0,2,0.0,0,BB,ISR,Groups,TA/TO,0,0,1,A,A,0,No Deposit,1.0,0,Transient-Party,65.0,0,1
City Hotel,0,95,2016,May,23,29,2,0,2,0.0,0,BB,ISR,Groups,TA/TO,0,0,0,A,A,0,No Deposit,1.0,0,Transient-Party,65.0,0,1
City Hotel,0,102,2016,June,24,5,1,0,2,0.0,0,BB,ISR,Groups,TA/TO,0,0,1,A,A,0,No Deposit,1.0,0,Transient-Party,65.0,0,1
City Hotel,0,95,2016,May,23,29,2,0,2,0.0,0,BB,ISR,Groups,TA/TO,0,0,0,A,A,0,No Deposit,1.0,0,Transient-Party,65.0,0,1
City Hotel,0,95,2016,May,23,29,2,0,2,0.0,0,BB,ISR,Groups,TA/TO,0,0,0,A,A,0,No Deposit,1.0,0,Transient-Party,65.0,0,1
City Hotel,0,102,2016,June,24,5,1,0,2,0.0,0,BB,ISR,Groups,TA/TO,0,0,1,A,A,0,No Deposit,1.0,0,Transient-Party,65.0,0,1
City Hotel,0,95,2016,May,23,29,2,0,2,0.0,0,BB,ISR,Groups,TA/TO,0,0,0,A,A,0,No Deposit,1.0,0,Transient-Party,65.0,0,1
City Hotel,0,102,2016,June,24,5,1,0,2,0.0,0,BB,PRT,Groups,TA/TO,0,0,1,A,A,0,No Deposit,1.0,0,Transient,65.0,0,1
City Hotel,0,102,2016,June,24,5,1,0,2,0.0,0,BB,ISR,Groups,TA/TO,0,0,1,A,A,0,No Deposit,1.0,0,Transient-Party,65.0,0,1
City Hotel,0,95,2016,May,23,29,2,0,2,0.0,0,BB,ISR,Groups,TA/TO,0,0,0,A,A,0,No Deposit,1.0,0,Transient-Party,65.0,0,1
City Hotel,0,95,2016,May,23,29,2,0,2,0.0,0,BB,ISR,Groups,TA/TO,0,0,0,A,A,0,No Deposit,1.0,0,Transient-Party,65.0,0,1
City Hotel,0,95,2016,May,23,29,2,0,2,0.0,0,BB,ISR,Groups,TA/TO,0,0,0,A,A,0,No Deposit,1.0,0,Transient-Party,65.0,0,1
City Hotel,0,102,2016,June,24,5,1,0,2,0.0,0,BB,ISR,Groups,TA/TO,0,0,1,A,A,0,No Deposit,1.0,0,Transient-Party,65.0,0,1
City Hotel,0,95,2016,May,23,29,2,0,2,0.0,0,BB,ISR,Groups,TA/TO,0,0,0,A,A,0,No Deposit,1.0,0,Transient-Party,65.0,0,1
City Hotel,0,102,2016,June,24,5,1,0,2,0.0,0,BB,ISR,Groups,TA/TO,0,0,1,A,A,0,No Deposit,1.0,0,Transient-Party,65.0,0,1
City Hotel,0,1,2016,May,23,30,1,0,2,0.0,0,SC,GBR,Online TA,TA/TO,0,0,0,A,A,0,No Deposit,9.0,0,Transient,119.0,0,1
City Hotel,0,2,2016,May,23,30,1,0,2,0.0,0,BB,ESP,Online TA,TA/TO,0,0,0,A,A,0,No Deposit,9.0,0,Transient,131.0,0,0
City Hotel,0,107,2016,May,22,26,2,3,2,0.0,0,BB,FRA,Online TA,TA/TO,0,0,0,D,D,0,No Deposit,9.0,0,Transient,132.6,0,1
City Hotel,0,61,2016,May,23,29,2,0,2,0.0,0,BB,PRT,Direct,Direct,0,0,0,D,D,0,No Deposit,,0,Transient,135.0,0,2
City Hotel,0,115,2016,May,22,28,2,1,2,0.0,0,BB,FRA,Offline TA/TO,TA/TO,0,0,0,A,A,0,No Deposit,28.0,0,Transient,75.0,0,0
City Hotel,0,133,2016,May,22,27,2,2,2,0.0,0,BB,FRA,Online TA,TA/TO,0,0,0,D,D,0,No Deposit,7.0,0,Transient,86.43,0,1
City Hotel,0,135,2016,May,22,28,2,1,2,0.0,0,SC,USA,Online TA,TA/TO,0,0,0,A,C,0,No Deposit,8.0,0,Transient,101.7,0,1
City Hotel,0,0,2016,May,23,30,1,0,2,0.0,0,BB,PRT,Groups,TA/TO,0,0,0,A,A,0,No Deposit,,0,Transient-Party,140.0,0,0
City Hotel,0,15,2016,May,23,29,2,0,2,0.0,0,BB,BEL,Direct,Direct,0,0,0,A,A,0,No Deposit,14.0,0,Transient,93.15,1,0
City Hotel,0,8,2016,May,23,29,2,1,2,0.0,0,BB,PRT,Online TA,TA/TO,0,0,0,D,D,0,No Deposit,9.0,0,Transient,124.1,0,1
City Hotel,0,88,2016,May,23,30,1,1,2,0.0,0,BB,NLD,Direct,Direct,0,0,0,A,A,0,No Deposit,,0,Transient,104.0,0,1
City Hotel,0,134,2016,May,23,30,1,1,2,0.0,0,SC,USA,Online TA,TA/TO,0,0,0,A,A,0,No Deposit,9.0,0,Transient,94.5,0,0
City Hotel,0,5,2016,May,22,28,2,2,2,0.0,0,BB,MAR,Online TA,TA/TO,0,0,0,D,D,0,No Deposit,9.0,0,Transient,133.1,0,1
City Hotel,0,22,2016,December,51,14,0,2,2,0.0,0,BB,PRT,Online TA,TA/TO,1,0,1,D,D,0,No Deposit,9.0,0,Transient,114.0,0,1
City Hotel,0,11,2017,February,8,19,1,0,2,0.0,0,BB,PRT,Online TA,TA/TO,1,0,2,D,D,0,No Deposit,9.0,0,Transient,110.0,0,2
City Hotel,0,98,2016,May,23,30,1,1,2,0.0,0,BB,NLD,Offline TA/TO,TA/TO,0,0,0,A,A,1,No Deposit,85.0,0,Transient,89.75,1,0
City Hotel,0,9,2016,May,23,31,0,1,2,0.0,0,BB,GBR,Online TA,TA/TO,0,0,0,A,D,0,No Deposit,9.0,0,Transient,131.0,0,2
City Hotel,0,1,2016,November,45,1,0,1,2,0.0,0,BB,PRT,Corporate,Corporate,1,0,1,A,A,0,No Deposit,,0,Transient,75.0,0,0
City Hotel,1,2,2016,December,52,22,0,1,2,0.0,0,BB,PRT,Corporate,Corporate,1,1,2,A,A,0,No Deposit,,0,Transient,75.0,0,0
City Hotel,0,4,2017,February,5,4,0,1,2,0.0,0,BB,PRT,Corporate,Corporate,1,2,3,A,A,0,No Deposit,,0,Transient,75.0,0,1
City Hotel,0,4,2017,February,5,4,0,1,2,0.0,0,BB,PRT,Corporate,Corporate,1,2,3,A,A,0,No Deposit,,0,Transient,75.0,0,0
City Hotel,0,104,2016,May,23,29,2,1,2,0.0,0,BB,DEU,Direct,Direct,0,0,0,A,A,0,No Deposit,14.0,0,Transient-Party,125.1,0,0
City Hotel,0,104,2016,May,23,29,2,1,2,0.0,0,BB,DEU,Direct,Direct,0,0,0,A,A,0,No Deposit,14.0,0,Transient-Party,125.1,0,0
City Hotel,0,104,2016,May,23,29,2,1,2,0.0,0,BB,DEU,Direct,Direct,0,0,0,A,A,0,No Deposit,14.0,0,Transient-Party,125.1,0,1
City Hotel,0,4,2016,May,23,29,2,1,2,0.0,0,BB,BEL,Online TA,TA/TO,0,0,0,D,D,0,No Deposit,9.0,0,Transient,136.0,0,1
City Hotel,0,140,2016,May,23,29,2,1,2,0.0,0,BB,DEU,Online TA,TA/TO,0,0,0,A,A,0,No Deposit,9.0,0,Transient,105.3,0,1
City Hotel,0,106,2016,May,23,29,2,1,2,0.0,0,BB,DEU,Offline TA/TO,TA/TO,0,0,0,A,A,0,No Deposit,27.0,0,Transient-Party,80.75,0,1
City Hotel,0,130,2016,May,23,30,1,1,2,0.0,0,SC,FRA,Online TA,TA/TO,0,0,0,A,A,0,No Deposit,9.0,0,Transient-Party,116.1,0,1
City Hotel,0,130,2016,May,23,30,1,1,2,0.0,0,SC,FRA,Online TA,TA/TO,0,0,0,A,A,0,No Deposit,9.0,0,Transient-Party,116.1,0,1
City Hotel,0,25,2016,May,23,30,1,1,2,0.0,0,SC,FRA,Online TA,TA/TO,0,0,0,A,A,0,No Deposit,9.0,0,Transient,109.0,0,1
City Hotel,0,33,2016,May,23,29,2,1,2,0.0,0,BB,PRT,Offline TA/TO,TA/TO,0,0,0,A,A,0,No Deposit,42.0,0,Transient,85.5,0,0
City Hotel,0,55,2016,May,23,29,2,1,2,0.0,0,BB,PRT,Groups,TA/TO,0,0,0,A,A,2,No Deposit,,0,Transient-Party,140.0,0,0
City Hotel,0,12,2016,May,23,30,1,1,2,0.0,0,BB,PRT,Online TA,TA/TO,0,0,0,A,A,0,No Deposit,9.0,0,Transient,111.35,0,3
City Hotel,0,12,2016,May,23,30,1,1,2,0.0,0,BB,PRT,Online TA,TA/TO,0,0,0,A,A,0,No Deposit,9.0,0,Transient,120.35,0,2
City Hotel,0,102,2016,May,23,29,2,1,2,0.0,0,BB,DEU,Offline TA/TO,TA/TO,0,0,0,A,A,0,No Deposit,27.0,0,Transient-Party,80.75,0,0
City Hotel,0,1,2016,June,23,1,0,1,2,0.0,0,SC,PRT,Online TA,TA/TO,0,0,0,A,A,0,No Deposit,9.0,0,Transient,119.0,0,0
City Hotel,0,5,2016,June,23,1,0,1,2,0.0,0,BB,PRT,Direct,Direct,0,0,0,D,D,0,No Deposit,,0,Transient,80.0,0,1
City Hotel,0,0,2016,May,23,31,0,2,2,0.0,0,BB,FRA,Online TA,TA/TO,0,0,0,A,A,1,No Deposit,8.0,0,Transient,105.75,0,1
City Hotel,0,53,2016,May,23,30,1,2,2,0.0,0,SC,FRA,Online TA,TA/TO,0,0,0,A,A,0,No Deposit,9.0,0,Transient,116.1,0,1
City Hotel,0,20,2016,May,23,29,2,2,2,0.0,0,BB,GBR,Online TA,TA/TO,0,0,0,A,A,0,No Deposit,7.0,0,Transient,90.86,0,1
City Hotel,0,0,2016,June,23,1,0,1,2,0.0,0,SC,GBR,Online TA,TA/TO,0,0,0,A,A,0,No Deposit,9.0,0,Transient,119.0,0,0
City Hotel,0,36,2016,June,23,1,0,1,2,0.0,0,SC,GBR,Online TA,TA/TO,0,0,0,A,A,0,No Deposit,9.0,0,Transient,89.1,0,2
City Hotel,0,38,2016,June,23,1,0,1,2,0.0,0,SC,USA,Online TA,TA/TO,0,0,0,A,A,0,No Deposit,9.0,0,Transient,89.1,0,1
City Hotel,0,28,2016,May,23,30,1,2,2,0.0,0,BB,ESP,Direct,Direct,0,0,0,D,D,0,No Deposit,14.0,0,Transient,121.2,1,0
City Hotel,0,0,2016,June,23,1,0,1,2,0.0,0,SC,PRT,Online TA,TA/TO,0,0,0,A,A,0,No Deposit,9.0,0,Transient,116.1,0,1
City Hotel,0,60,2016,June,23,1,0,1,2,0.0,0,SC,FRA,Online TA,TA/TO,0,0,0,A,A,0,No Deposit,9.0,0,Transient,116.1,0,1
City Hotel,0,18,2016,May,23,29,2,2,2,0.0,0,BB,BRA,Online TA,TA/TO,0,0,0,A,A,0,No Deposit,9.0,0,Transient,98.6,0,2
City Hotel,0,5,2016,May,23,31,0,2,2,0.0,0,SC,ITA,Online TA,TA/TO,0,0,0,A,A,0,No Deposit,9.0,0,Transient,119.0,0,0
City Hotel,0,5,2016,May,23,31,0,2,2,0.0,0,SC,ITA,Online TA,TA/TO,0,0,0,A,A,0,No Deposit,9.0,0,Transient,119.0,0,0
City Hotel,0,98,2016,May,23,29,2,2,2,0.0,0,SC,NLD,Online TA,TA/TO,0,0,0,A,A,0,No Deposit,9.0,0,Transient,109.65,0,2
City Hotel,0,54,2016,May,23,31,0,2,2,0.0,0,BB,FRA,Online TA,TA/TO,0,0,0,A,A,0,No Deposit,9.0,0,Transient,126.9,0,1
City Hotel,0,1,2016,May,23,31,0,2,2,0.0,0,SC,GBR,Online TA,TA/TO,0,0,0,A,A,0,No Deposit,9.0,0,Transient,128.0,0,1
City Hotel,0,42,2016,May,23,30,1,2,2,0.0,0,BB,THA,Groups,TA/TO,0,0,0,A,A,0,No Deposit,,0,Transient-Party,12.0,0,0
City Hotel,0,17,2016,May,23,31,0,2,2,0.0,0,BB,PRT,Online TA,TA/TO,0,0,0,A,A,0,No Deposit,9.0,0,Transient,121.0,0,1
City Hotel,0,22,2016,May,23,31,0,2,2,0.0,0,SC,PRT,Online TA,TA/TO,0,0,0,A,A,0,No Deposit,9.0,0,Transient,109.0,0,1
City Hotel,0,6,2016,May,23,30,1,2,2,0.0,0,BB,AGO,Online TA,TA/TO,0,0,0,D,D,0,No Deposit,9.0,0,Transient,155.0,0,1
City Hotel,0,92,2016,May,23,30,1,2,2,0.0,0,BB,GBR,Offline TA/TO,TA/TO,0,0,0,A,A,0,No Deposit,79.0,0,Transient,101.52,0,0
City Hotel,0,9,2016,May,23,31,0,2,2,0.0,0,BB,IRL,Direct,Direct,0,0,0,A,A,0,No Deposit,14.0,0,Transient,110.15,1,0
City Hotel,0,109,2016,May,23,30,1,2,2,0.0,0,BB,POL,Offline TA/TO,TA/TO,0,0,0,A,D,0,No Deposit,28.0,0,Transient,75.0,0,0
City Hotel,0,56,2016,May,23,30,1,2,2,0.0,0,BB,RUS,Online TA,TA/TO,0,0,0,A,A,0,No Deposit,9.0,0,Transient,126.9,0,1
City Hotel,0,24,2016,May,23,29,2,2,2,0.0,0,BB,GBR,Online TA,TA/TO,0,0,0,A,A,0,No Deposit,9.0,0,Transient,104.55,0,2
City Hotel,0,9,2016,May,23,31,0,2,2,0.0,0,BB,FRA,Online TA,TA/TO,0,0,0,A,A,0,No Deposit,9.0,0,Transient,111.35,0,2
City Hotel,0,16,2016,May,23,29,2,2,2,0.0,0,BB,BEL,Online TA,TA/TO,0,0,0,D,D,0,No Deposit,9.0,0,Transient,111.35,0,2
City Hotel,0,8,2016,May,23,31,0,2,2,0.0,0,BB,FIN,Online TA,TA/TO,0,0,0,A,A,0,No Deposit,9.0,0,Transient,111.35,0,1
City Hotel,0,133,2016,May,23,29,2,2,2,0.0,0,BB,BEL,Online TA,TA/TO,0,0,0,A,A,0,No Deposit,9.0,0,Transient,99.66,0,2
City Hotel,0,24,2016,May,23,29,2,2,2,0.0,0,BB,FRA,Online TA,TA/TO,0,0,0,D,D,0,No Deposit,9.0,0,Transient,117.3,0,1
City Hotel,0,1,2016,May,23,31,0,2,2,0.0,0,SC,GBR,Online TA,TA/TO,0,0,0,A,A,0,No Deposit,9.0,0,Transient,128.0,0,1
City Hotel,0,6,2016,June,23,1,0,1,2,0.0,0,BB,PRT,Direct,Direct,0,0,0,A,A,0,No Deposit,,0,Transient,129.0,0,0
City Hotel,0,88,2016,May,23,29,2,2,2,0.0,0,BB,ITA,Online TA,TA/TO,0,0,0,B,B,1,No Deposit,9.0,0,Transient-Party,112.01,0,1
City Hotel,0,88,2016,May,23,29,2,2,2,0.0,0,BB,PRT,Online TA,TA/TO,0,0,0,B,B,1,No Deposit,9.0,0,Transient-Party,112.01,0,1
City Hotel,0,1,2016,May,23,31,0,2,2,0.0,0,SC,GBR,Online TA,TA/TO,0,0,0,A,A,0,No Deposit,9.0,0,Transient,119.0,0,1
City Hotel,0,109,2016,May,22,23,3,7,2,0.0,0,BB,FRA,Online TA,TA/TO,0,0,0,A,A,0,No Deposit,9.0,0,Transient,138.54,1,0
City Hotel,0,249,2016,May,23,30,1,2,2,0.0,0,BB,BEL,Direct,Direct,0,0,0,A,A,0,No Deposit,,0,Transient,118.0,0,2
City Hotel,0,20,2016,May,23,30,1,2,2,0.0,0,BB,GBR,Online TA,TA/TO,0,0,0,D,D,0,No Deposit,9.0,0,Transient,132.67,0,1
City Hotel,0,67,2016,May,23,30,1,3,2,0.0,0,BB,DEU,Offline TA/TO,TA/TO,0,0,0,A,A,0,No Deposit,168.0,0,Transient,80.75,0,0
City Hotel,0,10,2016,May,23,29,2,3,2,0.0,0,BB,DEU,Offline TA/TO,TA/TO,0,0,0,A,D,0,No Deposit,168.0,0,Transient,95.0,0,0
City Hotel,0,134,2016,May,23,29,2,3,2,0.0,0,BB,FRA,Online TA,TA/TO,0,0,0,A,A,0,No Deposit,7.0,0,Transient,76.84,0,1
City Hotel,0,16,2016,May,23,29,2,3,2,0.0,0,HB,FRA,Offline TA/TO,TA/TO,0,0,0,A,A,0,No Deposit,42.0,0,Transient,110.75,0,0
City Hotel,0,71,2016,May,23,30,1,3,2,0.0,0,BB,DEU,Online TA,TA/TO,0,0,0,A,A,0,No Deposit,8.0,0,Transient,119.85,0,1
City Hotel,0,14,2016,May,23,30,1,3,2,0.0,0,BB,DEU,Offline TA/TO,TA/TO,0,0,0,A,A,0,No Deposit,85.0,0,Transient,80.75,0,0
City Hotel,0,211,2016,May,23,31,0,3,2,0.0,0,SC,GBR,Online TA,TA/TO,0,0,0,B,B,0,No Deposit,11.0,0,Transient,68.69,0,0
City Hotel,0,211,2016,May,23,31,0,3,2,0.0,0,SC,GBR,Online TA,TA/TO,0,0,0,B,B,1,No Deposit,11.0,0,Transient,68.69,0,0
City Hotel,0,15,2016,May,23,30,1,3,2,0.0,0,BB,FRA,Online TA,TA/TO,0,0,0,A,A,0,No Deposit,9.0,0,Transient,100.73,0,0
City Hotel,0,45,2016,May,23,30,1,3,2,0.0,0,BB,BEL,Offline TA/TO,TA/TO,0,0,0,A,A,0,No Deposit,42.0,0,Transient,80.75,0,0
City Hotel,0,20,2016,May,23,29,2,3,2,0.0,0,BB,FRA,Online TA,TA/TO,0,0,0,A,A,0,No Deposit,9.0,0,Transient,110.15,0,1
City Hotel,0,140,2016,May,22,28,2,4,2,0.0,0,BB,PRT,Online TA,TA/TO,0,0,0,A,A,0,No Deposit,7.0,0,Transient,75.44,0,1
City Hotel,0,21,2016,May,23,29,2,3,2,0.0,0,BB,SWE,Online TA,TA/TO,0,0,0,A,A,0,No Deposit,9.0,0,Transient,101.15,0,0
City Hotel,0,138,2016,May,23,31,0,3,2,0.0,0,BB,BRA,Online TA,TA/TO,0,0,0,A,A,0,No Deposit,9.0,0,Transient,105.9,0,1
City Hotel,0,5,2016,June,23,2,0,1,2,0.0,0,SC,USA,Online TA,TA/TO,0,0,0,A,G,0,No Deposit,9.0,0,Transient,119.0,0,0
City Hotel,0,136,2016,May,23,29,2,3,2,0.0,0,BB,FRA,Online TA,TA/TO,0,0,0,D,D,0,No Deposit,9.0,0,Transient,117.29,1,1
City Hotel,0,44,2016,June,23,1,0,2,2,0.0,0,SC,DEU,Online TA,TA/TO,0,0,0,A,A,0,No Deposit,9.0,0,Transient,93.6,0,1
City Hotel,0,67,2016,May,23,31,0,3,2,0.0,0,BB,FRA,Online TA,TA/TO,0,0,0,D,D,0,No Deposit,9.0,0,Transient,140.4,0,1
City Hotel,0,22,2016,May,23,30,1,3,2,0.0,0,BB,FRA,Online TA,TA/TO,0,0,0,A,A,0,No Deposit,9.0,0,Transient,102.43,0,1
City Hotel,0,13,2016,May,23,30,1,3,2,0.0,0,BB,PRT,Online TA,TA/TO,0,0,0,A,A,1,No Deposit,11.0,0,Transient,85.32,0,0
City Hotel,0,141,2016,May,23,29,2,3,2,0.0,0,BB,NLD,Online TA,TA/TO,0,0,0,D,D,0,No Deposit,9.0,0,Transient,108.29,0,2
City Hotel,0,141,2016,May,23,29,2,3,2,0.0,0,BB,NLD,Online TA,TA/TO,0,0,0,D,D,0,No Deposit,9.0,0,Transient,108.29,0,2
City Hotel,0,11,2016,May,23,29,2,3,2,0.0,0,BB,DEU,Online TA,TA/TO,0,0,0,A,A,0,No Deposit,9.0,0,Transient,111.35,0,1
City Hotel,0,0,2016,June,23,2,0,1,2,0.0,0,BB,DEU,Online TA,TA/TO,0,0,0,A,A,1,No Deposit,9.0,0,Transient,139.0,0,0
City Hotel,0,212,2016,May,23,30,1,3,2,0.0,0,BB,GBR,Online TA,TA/TO,0,0,0,A,A,0,No Deposit,11.0,0,Transient,84.31,0,0
City Hotel,0,15,2016,May,23,31,0,3,2,0.0,0,SC,TUR,Online TA,TA/TO,0,0,0,A,A,0,No Deposit,9.0,0,Transient,109.0,0,1
City Hotel,0,113,2016,May,23,31,0,3,2,0.0,0,BB,DEU,Offline TA/TO,TA/TO,0,0,0,A,A,0,No Deposit,27.0,0,Transient,95.0,0,0
City Hotel,0,8,2016,May,23,31,0,3,2,0.0,0,BB,FRA,Online TA,TA/TO,0,0,0,A,A,0,No Deposit,9.0,0,Transient,111.35,0,1
City Hotel,0,116,2016,May,23,31,0,3,2,0.0,0,BB,FRA,Offline TA/TO,TA/TO,0,0,0,A,D,0,No Deposit,28.0,0,Transient,75.0,0,0
City Hotel,0,48,2016,May,23,30,1,3,2,0.0,0,BB,DEU,Offline TA/TO,TA/TO,0,0,0,A,A,0,No Deposit,168.0,0,Transient,85.5,0,0
City Hotel,0,48,2016,May,23,30,1,3,2,0.0,0,BB,DEU,Offline TA/TO,TA/TO,0,0,0,A,A,0,No Deposit,168.0,0,Transient,85.5,0,0
City Hotel,0,6,2016,May,23,31,0,3,2,0.0,0,BB,PRT,Direct,Direct,0,0,0,A,A,1,No Deposit,14.0,0,Transient,101.15,0,0
City Hotel,0,6,2016,May,23,31,0,3,2,0.0,0,BB,PRT,Direct,Direct,0,0,0,A,A,1,No Deposit,14.0,0,Transient,101.15,0,0
City Hotel,0,9,2016,May,23,31,0,3,2,0.0,0,BB,FRA,Online TA,TA/TO,0,0,0,A,A,0,No Deposit,11.0,0,Transient,104.8,0,0
City Hotel,0,2,2016,June,23,2,0,1,2,0.0,0,BB,USA,Direct,Direct,0,0,0,A,A,0,No Deposit,,0,Transient,120.0,0,1
City Hotel,0,18,2016,May,23,30,1,3,2,0.0,0,BB,FRA,Offline TA/TO,TA/TO,0,0,0,A,A,0,No Deposit,28.0,0,Transient,80.75,0,0
City Hotel,0,12,2016,May,23,30,1,3,2,0.0,0,BB,EST,Corporate,Corporate,0,0,0,A,A,0,No Deposit,,0,Transient-Party,111.35,0,0
City Hotel,0,10,2016,May,23,31,0,3,2,0.0,0,BB,FRA,Online TA,TA/TO,0,0,0,A,A,0,No Deposit,9.0,0,Transient,111.35,0,1
City Hotel,0,19,2016,May,23,30,1,3,2,0.0,0,BB,HRV,Online TA,TA/TO,0,0,0,A,K,0,No Deposit,9.0,0,Transient,100.73,0,0
City Hotel,0,29,2016,May,23,31,0,3,2,0.0,0,BB,GBR,Online TA,TA/TO,0,0,0,A,A,0,No Deposit,7.0,0,Transient,82.61,0,1
City Hotel,0,8,2016,May,23,29,2,3,2,0.0,0,HB,FRA,Offline TA/TO,TA/TO,0,0,0,D,A,1,No Deposit,28.0,0,Transient,120.95,0,0
City Hotel,0,1,2016,June,23,2,0,1,2,0.0,0,BB,NOR,Online TA,Corporate,0,0,0,A,F,0,No Deposit,,0,Transient,120.0,0,0
City Hotel,0,97,2016,May,23,29,2,3,2,0.0,0,BB,DEU,Offline TA/TO,TA/TO,0,0,0,A,A,0,No Deposit,168.0,0,Transient,80.75,0,0
City Hotel,0,16,2016,May,23,30,1,3,2,0.0,0,BB,GBR,Online TA,TA/TO,0,0,0,A,A,0,No Deposit,9.0,0,Transient,100.73,0,1
City Hotel,0,69,2016,May,23,30,1,3,2,0.0,0,BB,GBR,Online TA,TA/TO,0,0,0,D,D,0,No Deposit,7.0,0,Transient,102.1,0,1
City Hotel,0,1,2016,May,23,30,1,3,2,0.0,0,BB,FRA,Online TA,TA/TO,0,0,0,A,A,0,No Deposit,9.0,0,Transient,111.35,0,1
City Hotel,0,0,2016,June,23,2,0,1,2,0.0,0,SC,GBR,Online TA,TA/TO,0,0,0,A,A,0,No Deposit,9.0,0,Transient,119.0,0,0
City Hotel,0,71,2016,May,23,30,1,3,2,0.0,0,BB,DEU,Online TA,TA/TO,0,0,0,A,A,0,No Deposit,9.0,0,Transient,119.85,0,1
City Hotel,0,47,2016,June,23,2,0,1,2,0.0,0,BB,CHE,Online TA,TA/TO,0,0,0,A,A,0,No Deposit,9.0,0,Transient,126.9,0,1
City Hotel,0,117,2016,May,23,31,0,4,2,0.0,0,BB,FRA,Online TA,TA/TO,0,0,0,A,A,0,No Deposit,7.0,0,Transient,87.67,0,1
City Hotel,0,192,2016,May,22,28,2,5,2,0.0,0,BB,GBR,Online TA,TA/TO,0,0,0,A,A,0,No Deposit,11.0,0,Transient,66.71,0,0
City Hotel,0,192,2016,May,22,28,2,5,2,0.0,0,BB,GBR,Online TA,TA/TO,0,0,0,A,A,0,No Deposit,11.0,0,Transient,66.71,0,0
City Hotel,0,3,2016,May,23,29,2,4,2,0.0,0,BB,PRT,Online TA,TA/TO,0,0,0,A,A,0,No Deposit,9.0,0,Transient,113.46,0,2
City Hotel,0,59,2016,May,22,28,2,5,2,0.0,0,BB,DEU,Online TA,TA/TO,0,0,0,D,A,0,No Deposit,7.0,0,Transient,96.99,0,1
City Hotel,0,110,2016,June,23,3,0,1,2,0.0,0,BB,USA,Direct,Direct,0,0,0,D,D,0,No Deposit,14.0,0,Transient,150.0,0,1
City Hotel,0,72,2016,June,23,1,0,3,2,0.0,0,BB,AUT,Online TA,TA/TO,0,0,0,D,D,0,No Deposit,7.0,0,Transient,108.11,0,0
City Hotel,0,72,2016,June,23,1,0,3,2,0.0,0,BB,AUT,Online TA,TA/TO,0,0,0,D,D,0,No Deposit,7.0,0,Transient,108.11,0,0
City Hotel,0,1,2016,June,23,3,0,1,2,0.0,0,BB,BRA,Online TA,TA/TO,0,0,0,A,A,1,No Deposit,9.0,0,Transient,149.0,0,1
City Hotel,0,255,2016,June,23,3,0,1,2,0.0,0,BB,PRT,Online TA,TA/TO,0,0,0,A,C,0,No Deposit,7.0,0,Transient,80.85,0,1
City Hotel,0,24,2016,May,23,31,0,4,2,0.0,0,BB,PRT,Online TA,TA/TO,0,0,0,D,D,0,No Deposit,9.0,0,Transient,127.48,0,1
City Hotel,0,7,2016,June,23,3,0,1,2,0.0,0,BB,PRT,Complementary,Direct,0,0,0,G,G,0,No Deposit,,0,Transient,0.0,1,2
City Hotel,0,0,2016,June,23,3,0,1,2,0.0,0,SC,PRT,Online TA,TA/TO,0,0,0,A,A,0,No Deposit,9.0,0,Transient,129.0,0,1
City Hotel,0,25,2016,June,23,2,0,2,2,0.0,0,BB,ISR,Online TA,TA/TO,0,0,0,D,E,1,No Deposit,9.0,0,Transient,148.0,0,1
City Hotel,0,4,2016,May,23,31,0,4,2,0.0,0,BB,BEL,Online TA,TA/TO,0,0,0,D,D,0,No Deposit,9.0,0,Transient,132.08,0,1
City Hotel,0,3,2016,June,23,3,0,1,2,0.0,0,BB,PRT,Direct,Direct,0,0,0,A,E,0,No Deposit,,0,Transient,94.0,0,0
City Hotel,0,16,2016,May,23,31,0,4,2,0.0,0,BB,ESP,Online TA,TA/TO,0,0,0,D,D,0,No Deposit,9.0,0,Transient,134.7,1,0
City Hotel,0,56,2016,June,23,1,0,3,2,0.0,0,BB,FRA,Online TA,TA/TO,0,0,0,D,D,3,No Deposit,9.0,0,Transient,140.4,0,1
City Hotel,0,114,2016,June,23,1,0,3,2,0.0,0,BB,FRA,Offline TA/TO,TA/TO,0,0,0,A,D,0,No Deposit,28.0,0,Transient-Party,75.0,0,1
City Hotel,0,114,2016,June,23,1,0,3,2,0.0,0,BB,FRA,Offline TA/TO,TA/TO,0,0,0,A,D,0,No Deposit,28.0,0,Transient-Party,75.0,0,1
City Hotel,0,1,2016,June,23,2,0,2,2,0.0,0,BB,PRT,Corporate,Corporate,0,0,0,A,A,1,No Deposit,,0,Transient-Party,110.0,0,1
City Hotel,0,51,2016,June,23,2,0,2,2,0.0,0,BB,FRA,Online TA,TA/TO,0,0,0,D,D,0,No Deposit,7.0,0,Transient,102.7,0,1
City Hotel,0,2,2016,May,23,31,0,4,2,0.0,0,BB,GBR,Online TA,TA/TO,0,0,0,A,A,0,No Deposit,9.0,0,Transient,118.76,0,0
City Hotel,0,0,2016,June,23,3,0,1,2,0.0,0,BB,PRT,Online TA,Corporate,0,0,0,A,A,0,No Deposit,,0,Transient,120.0,0,0
City Hotel,0,1,2016,June,23,2,0,2,2,0.0,0,BB,PRT,Corporate,Corporate,0,0,0,A,A,1,No Deposit,,0,Transient-Party,119.0,0,1
City Hotel,0,31,2016,June,23,2,0,2,2,0.0,0,BB,FRA,Offline TA/TO,TA/TO,0,0,0,A,A,3,No Deposit,3.0,0,Transient-Party,100.0,0,0
City Hotel,0,1,2016,June,23,2,0,2,2,0.0,0,BB,PRT,Corporate,Corporate,0,0,0,A,A,1,No Deposit,,0,Transient-Party,110.0,0,1
City Hotel,0,154,2016,May,23,30,1,4,2,0.0,0,BB,DEU,Offline TA/TO,TA/TO,0,0,0,A,A,0,No Deposit,27.0,0,Transient,80.75,0,0
City Hotel,0,6,2016,June,23,2,0,2,2,0.0,0,BB,NLD,Online TA,TA/TO,0,0,0,A,A,0,No Deposit,9.0,0,Transient,136.0,0,1
City Hotel,0,112,2016,June,23,2,0,2,2,0.0,0,BB,FRA,Offline TA/TO,TA/TO,0,0,0,A,A,0,No Deposit,3.0,0,Transient-Party,100.0,0,0
City Hotel,0,1,2016,June,23,3,0,1,2,0.0,0,BB,HRV,Direct,Direct,0,0,0,A,A,0,No Deposit,,0,Transient,139.0,0,0
City Hotel,0,24,2016,May,23,31,0,4,2,0.0,0,BB,FRA,Online TA,TA/TO,0,0,0,D,D,0,No Deposit,7.0,0,Transient,104.61,0,1
City Hotel,0,31,2016,June,23,2,0,2,2,0.0,0,BB,FRA,Offline TA/TO,TA/TO,0,0,0,A,A,2,No Deposit,3.0,0,Transient-Party,100.0,0,0
City Hotel,0,112,2016,June,23,2,0,2,2,0.0,0,BB,FRA,Offline TA/TO,TA/TO,0,0,0,A,A,0,No Deposit,3.0,0,Transient-Party,100.0,0,0
City Hotel,0,76,2016,May,23,30,1,4,2,0.0,0,BB,CHE,Online TA,TA/TO,0,0,0,D,D,0,No Deposit,9.0,0,Transient,132.6,0,2
City Hotel,0,112,2016,June,23,2,0,2,2,0.0,0,BB,FRA,Offline TA/TO,TA/TO,0,0,0,A,A,0,No Deposit,3.0,0,Transient-Party,100.0,0,0
City Hotel,0,112,2016,June,23,2,0,2,2,0.0,0,BB,FRA,Offline TA/TO,TA/TO,0,0,0,A,A,0,No Deposit,3.0,0,Transient-Party,100.0,0,0
City Hotel,0,112,2016,June,23,2,0,2,2,0.0,0,BB,FRA,Offline TA/TO,TA/TO,0,0,0,A,A,0,No Deposit,3.0,0,Transient-Party,100.0,0,0
City Hotel,0,54,2016,June,23,2,0,2,2,0.0,0,BB,NLD,Offline TA/TO,TA/TO,0,0,0,A,A,0,No Deposit,22.0,0,Transient,94.5,1,0
City Hotel,0,112,2016,June,23,2,0,2,2,0.0,0,BB,FRA,Offline TA/TO,TA/TO,0,0,0,A,A,0,No Deposit,3.0,0,Transient-Party,100.0,0,0
City Hotel,0,112,2016,June,23,2,0,2,2,0.0,0,BB,FRA,Offline TA/TO,TA/TO,0,0,0,A,A,0,No Deposit,3.0,0,Transient-Party,100.0,0,0
City Hotel,0,112,2016,June,23,2,0,2,2,0.0,0,BB,FRA,Offline TA/TO,TA/TO,0,0,0,A,A,0,No Deposit,3.0,0,Transient-Party,100.0,0,0
City Hotel,0,112,2016,June,23,2,0,2,2,0.0,0,BB,FRA,Offline TA/TO,TA/TO,0,0,0,A,A,0,No Deposit,3.0,0,Transient-Party,100.0,0,0
City Hotel,0,112,2016,June,23,2,0,2,2,0.0,0,BB,FRA,Offline TA/TO,TA/TO,0,0,0,A,A,0,No Deposit,3.0,0,Transient-Party,100.0,0,0
City Hotel,0,228,2016,June,23,4,0,0,2,0.0,0,BB,PRT,Online TA,TA/TO,0,0,0,A,A,0,No Deposit,7.0,0,Transient,0.0,0,0
City Hotel,0,112,2016,June,23,2,0,2,2,0.0,0,BB,PRT,Offline TA/TO,TA/TO,0,0,0,A,A,0,No Deposit,3.0,0,Transient-Party,100.0,0,0
City Hotel,0,112,2016,June,23,2,0,2,2,0.0,0,BB,FRA,Offline TA/TO,TA/TO,0,0,0,A,A,0,No Deposit,3.0,0,Transient-Party,100.0,0,0
City Hotel,0,112,2016,June,23,2,0,2,2,0.0,0,BB,FRA,Offline TA/TO,TA/TO,0,0,0,A,A,0,No Deposit,3.0,0,Transient-Party,100.0,0,0
City Hotel,0,112,2016,June,23,2,0,2,2,0.0,0,BB,FRA,Offline TA/TO,TA/TO,0,0,0,A,A,0,No Deposit,3.0,0,Transient-Party,100.0,0,0
City Hotel,0,111,2016,June,23,1,0,3,2,0.0,0,BB,FRA,Offline TA/TO,TA/TO,0,0,0,A,A,1,No Deposit,3.0,0,Transient-Party,96.67,0,0
City Hotel,0,112,2016,June,23,2,0,2,2,0.0,0,BB,FRA,Offline TA/TO,TA/TO,0,0,0,A,A,0,No Deposit,3.0,0,Transient-Party,100.0,0,0
City Hotel,0,112,2016,June,23,2,0,2,2,0.0,0,BB,FRA,Offline TA/TO,TA/TO,0,0,0,A,A,0,No Deposit,3.0,0,Transient-Party,100.0,0,0
City Hotel,0,112,2016,June,23,2,0,2,2,0.0,0,BB,FRA,Offline TA/TO,TA/TO,0,0,0,A,A,0,No Deposit,3.0,0,Transient-Party,100.0,0,0
City Hotel,0,31,2016,June,23,2,0,2,2,0.0,0,BB,FRA,Offline TA/TO,TA/TO,0,0,0,A,A,4,No Deposit,3.0,0,Transient-Party,100.0,0,0
City Hotel,0,20,2016,May,23,29,2,4,2,0.0,0,BB,DEU,Online TA,TA/TO,0,0,0,D,D,0,No Deposit,9.0,0,Transient,121.25,0,1
City Hotel,0,112,2016,June,23,2,0,2,2,0.0,0,BB,FRA,Offline TA/TO,TA/TO,0,0,0,A,A,0,No Deposit,3.0,0,Transient-Party,100.0,0,0
City Hotel,0,54,2016,June,23,3,0,1,2,0.0,0,BB,PRT,Online TA,TA/TO,0,0,0,D,A,0,No Deposit,9.0,0,Transient,140.4,0,0
City Hotel,0,54,2016,June,23,3,0,1,2,0.0,0,BB,PRT,Online TA,TA/TO,0,0,0,D,A,0,No Deposit,9.0,0,Transient,149.4,0,0
City Hotel,0,30,2016,June,23,2,0,2,2,0.0,0,BB,ITA,Offline TA/TO,TA/TO,0,0,0,A,A,0,No Deposit,85.0,0,Transient,85.5,0,0
City Hotel,0,2,2016,June,23,2,0,2,2,0.0,0,BB,PRT,Online TA,Corporate,0,0,0,A,A,1,No Deposit,,0,Transient,120.0,0,0
City Hotel,0,2,2016,June,23,2,0,2,2,0.0,0,BB,PRT,Online TA,Corporate,0,0,0,A,E,0,No Deposit,,0,Transient,120.0,0,0
City Hotel,0,102,2016,June,23,3,0,1,2,0.0,0,BB,USA,Online TA,TA/TO,0,0,0,D,D,0,No Deposit,9.0,0,Transient,140.4,0,0
City Hotel,0,17,2016,June,23,3,0,1,2,0.0,0,BB,COL,Online TA,TA/TO,0,0,0,A,A,0,No Deposit,9.0,0,Transient,141.0,0,1
City Hotel,0,112,2016,June,23,2,0,2,2,0.0,0,BB,FRA,Offline TA/TO,TA/TO,0,0,0,A,A,0,No Deposit,3.0,0,Transient-Party,100.0,0,0
City Hotel,0,111,2016,June,23,1,0,3,2,0.0,0,BB,FRA,Offline TA/TO,TA/TO,0,0,0,A,A,1,No Deposit,3.0,0,Transient-Party,96.67,0,0
City Hotel,0,53,2016,June,23,2,0,3,2,0.0,0,BB,PRT,Online TA,TA/TO,0,0,0,D,D,0,No Deposit,9.0,0,Transient,140.4,0,2
City Hotel,0,88,2016,June,23,2,0,3,2,0.0,0,BB,PRT,Online TA,TA/TO,0,0,0,A,A,0,No Deposit,9.0,0,Transient,126.9,0,1
City Hotel,0,0,2016,June,23,4,0,1,2,0.0,0,SC,FRA,Online TA,TA/TO,0,0,0,A,A,0,No Deposit,9.0,0,Transient,129.0,0,1
City Hotel,0,72,2016,June,23,3,0,2,2,0.0,0,BB,DEU,Online TA,TA/TO,0,0,0,A,A,0,No Deposit,9.0,0,Transient,126.9,0,1
City Hotel,0,16,2016,June,23,2,0,3,2,0.0,0,BB,SWE,Online TA,TA/TO,0,0,0,D,D,0,No Deposit,9.0,0,Transient,152.67,0,1
City Hotel,0,16,2016,June,23,1,0,4,2,0.0,0,BB,GBR,Online TA,TA/TO,0,0,0,D,D,0,No Deposit,9.0,0,Transient,135.8,0,0
City Hotel,0,228,2016,June,23,4,0,1,2,0.0,0,BB,GBR,Online TA,TA/TO,0,0,0,A,G,0,No Deposit,7.0,0,Transient,73.6,0,1
City Hotel,0,50,2016,May,23,31,0,5,2,0.0,0,BB,FRA,Online TA,TA/TO,0,0,0,D,D,0,No Deposit,9.0,0,Transient,149.4,1,1
City Hotel,0,11,2016,June,23,2,0,3,2,0.0,0,BB,GBR,Online TA,TA/TO,0,0,0,D,D,0,No Deposit,9.0,0,Transient,152.67,0,1
City Hotel,0,0,2016,June,23,4,0,1,2,0.0,0,SC,FRA,Direct,Direct,0,0,0,A,A,1,No Deposit,,0,Transient,139.0,0,0
City Hotel,0,95,2016,June,23,4,0,1,2,0.0,0,BB,PRT,Online TA,TA/TO,0,0,0,A,A,0,No Deposit,7.0,0,Transient,106.71,1,1
City Hotel,0,146,2016,June,23,3,0,2,2,0.0,0,BB,PRT,Online TA,TA/TO,0,0,0,A,B,1,No Deposit,9.0,0,Transient-Party,115.2,1,0
City Hotel,0,199,2016,June,23,3,0,2,2,0.0,0,SC,PRT,Online TA,TA/TO,0,0,0,A,A,0,No Deposit,7.0,0,Transient,73.45,0,0
City Hotel,0,188,2016,June,23,2,0,3,2,0.0,0,BB,ITA,Offline TA/TO,TA/TO,0,0,0,A,A,0,No Deposit,118.0,0,Transient,80.75,0,0
City Hotel,0,112,2016,June,23,2,0,3,2,0.0,0,BB,PRT,Offline TA/TO,TA/TO,0,0,0,A,A,0,No Deposit,192.0,0,Transient-Party,120.0,0,1
City Hotel,0,2,2016,June,23,2,0,3,2,0.0,0,BB,PRT,Online TA,Corporate,0,0,0,A,A,0,No Deposit,,0,Transient,12.0,0,0
City Hotel,0,65,2016,June,23,2,0,3,2,0.0,0,SC,PRT,Offline TA/TO,TA/TO,0,0,0,A,A,0,No Deposit,132.0,0,Transient,72.25,0,0
City Hotel,0,15,2016,June,23,1,0,4,2,0.0,0,BB,ITA,Online TA,TA/TO,0,0,0,A,A,0,No Deposit,9.0,0,Transient,120.18,0,1
City Hotel,0,17,2016,June,23,4,0,1,2,0.0,0,BB,BGR,Online TA,TA/TO,0,0,0,D,D,0,No Deposit,9.0,0,Transient,156.0,0,1
City Hotel,0,104,2016,June,23,2,0,3,2,0.0,0,BB,PRT,Online TA,TA/TO,0,0,0,E,E,0,No Deposit,11.0,0,Transient,117.29,0,0
City Hotel,0,142,2016,May,23,29,2,5,2,0.0,0,HB,PRT,Offline TA/TO,TA/TO,0,0,0,A,A,1,No Deposit,16.0,0,Transient,110.75,0,0
City Hotel,0,112,2016,June,23,2,0,3,2,0.0,0,BB,FRA,Offline TA/TO,TA/TO,0,0,0,A,A,0,No Deposit,192.0,0,Transient-Party,120.0,0,1
City Hotel,0,1,2016,June,23,4,0,1,2,0.0,0,BB,FRA,Direct,Direct,0,0,0,A,A,0,No Deposit,14.0,0,Transient,139.0,0,1
City Hotel,0,112,2016,June,23,2,0,3,2,0.0,0,BB,FRA,Offline TA/TO,TA/TO,0,0,0,A,A,0,No Deposit,192.0,0,Transient-Party,120.0,0,1
City Hotel,0,8,2016,June,23,4,0,1,2,0.0,0,BB,GBR,Online TA,TA/TO,0,0,0,A,A,0,No Deposit,,0,Transient,129.2,0,3
City Hotel,0,70,2016,June,23,3,0,2,2,0.0,0,BB,FRA,Offline TA/TO,TA/TO,0,0,0,A,A,0,No Deposit,20.0,0,Transient-Party,100.0,0,0
City Hotel,0,49,2016,June,23,3,0,2,2,0.0,0,BB,ESP,Offline TA/TO,TA/TO,0,0,0,A,D,2,No Deposit,85.0,0,Transient,80.75,0,0
City Hotel,0,4,2016,June,23,3,0,2,2,0.0,0,BB,PRT,Direct,Direct,0,0,0,D,D,1,No Deposit,14.0,0,Transient,127.5,0,0
City Hotel,0,112,2016,June,23,2,0,3,2,0.0,0,BB,FRA,Offline TA/TO,TA/TO,0,0,0,A,A,0,No Deposit,192.0,0,Transient-Party,120.0,0,1
City Hotel,0,70,2016,June,23,3,0,2,2,0.0,0,BB,FRA,Offline TA/TO,TA/TO,0,0,0,A,A,0,No Deposit,20.0,0,Transient-Party,100.0,0,0
City Hotel,0,70,2016,June,23,3,0,2,2,0.0,0,BB,FRA,Offline TA/TO,TA/TO,0,0,0,B,B,0,No Deposit,20.0,0,Transient-Party,100.0,0,0
City Hotel,0,70,2016,June,23,3,0,2,2,0.0,0,BB,PRT,Offline TA/TO,TA/TO,0,0,0,A,D,0,No Deposit,20.0,0,Transient-Party,100.0,0,0
City Hotel,0,70,2016,June,23,3,0,2,2,0.0,0,BB,FRA,Offline TA/TO,TA/TO,0,0,0,A,A,0,No Deposit,20.0,0,Transient-Party,100.0,0,0
City Hotel,0,1,2016,June,23,2,0,3,2,0.0,0,BB,DEU,Online TA,Corporate,0,0,0,A,D,0,No Deposit,,0,Transient,120.0,0,1
City Hotel,0,70,2016,June,23,3,0,2,2,0.0,0,BB,FRA,Offline TA/TO,TA/TO,0,0,0,A,A,0,No Deposit,20.0,0,Transient-Party,100.0,0,0
City Hotel,0,70,2016,June,23,3,0,2,2,0.0,0,BB,ESP,Offline TA/TO,TA/TO,0,0,0,A,A,0,No Deposit,20.0,0,Transient-Party,100.0,0,0
City Hotel,0,70,2016,June,23,3,0,2,2,0.0,0,BB,PRT,Offline TA/TO,TA/TO,0,0,0,A,A,0,No Deposit,20.0,0,Transient-Party,100.0,0,0
City Hotel,0,70,2016,June,23,3,0,2,2,0.0,0,BB,FRA,Offline TA/TO,TA/TO,0,0,0,A,A,0,No Deposit,20.0,0,Transient-Party,100.0,0,0
City Hotel,0,70,2016,June,23,3,0,2,2,0.0,0,BB,FRA,Offline TA/TO,TA/TO,0,0,0,A,A,0,No Deposit,20.0,0,Transient-Party,100.0,0,0
City Hotel,0,70,2016,June,23,3,0,2,2,0.0,0,BB,FRA,Offline TA/TO,TA/TO,0,0,0,B,B,0,No Deposit,20.0,0,Transient-Party,100.0,0,0
City Hotel,0,70,2016,June,23,3,0,2,2,0.0,0,BB,FRA,Offline TA/TO,TA/TO,0,0,0,A,A,0,No Deposit,20.0,0,Transient-Party,100.0,0,0
City Hotel,0,70,2016,June,23,3,0,2,2,0.0,0,BB,PRT,Offline TA/TO,TA/TO,0,0,0,A,A,0,No Deposit,20.0,0,Transient-Party,100.0,0,0
City Hotel,0,126,2016,June,23,2,0,3,2,0.0,0,BB,DEU,Offline TA/TO,TA/TO,0,0,0,A,A,0,No Deposit,27.0,0,Transient-Party,80.75,0,1
City Hotel,0,70,2016,June,23,3,0,2,2,0.0,0,BB,FRA,Offline TA/TO,TA/TO,0,0,0,A,A,0,No Deposit,20.0,0,Transient-Party,100.0,0,0
City Hotel,0,70,2016,June,23,3,0,2,2,0.0,0,BB,PRT,Offline TA/TO,TA/TO,0,0,0,A,A,0,No Deposit,20.0,0,Transient-Party,100.0,0,0
City Hotel,0,126,2016,June,23,2,0,3,2,0.0,0,BB,DEU,Offline TA/TO,TA/TO,0,0,0,A,A,0,No Deposit,27.0,0,Transient-Party,80.75,0,1
City Hotel,0,144,2016,June,23,2,0,3,2,0.0,0,SC,IRL,Online TA,TA/TO,0,0,0,A,A,2,No Deposit,9.0,0,Transient,95.4,0,0
City Hotel,0,93,2016,June,23,3,0,2,2,0.0,0,BB,PRT,Offline TA/TO,TA/TO,0,0,0,A,A,0,No Deposit,138.0,0,Transient,80.75,0,1
City Hotel,0,93,2016,June,23,3,0,2,2,0.0,0,BB,PRT,Offline TA/TO,TA/TO,0,0,0,A,A,0,No Deposit,138.0,0,Transient,80.75,0,1
City Hotel,0,112,2016,June,23,2,0,3,2,0.0,0,BB,FRA,Offline TA/TO,TA/TO,0,0,0,A,A,0,No Deposit,192.0,0,Transient-Party,120.0,0,1
City Hotel,0,112,2016,June,23,2,0,3,2,0.0,0,BB,FRA,Offline TA/TO,TA/TO,0,0,0,A,A,0,No Deposit,192.0,0,Transient-Party,120.0,0,1
City Hotel,0,134,2016,May,23,30,1,5,2,0.0,0,BB,BEL,Online TA,TA/TO,0,0,0,E,E,0,No Deposit,11.0,0,Transient,101.18,0,0
City Hotel,0,112,2016,June,23,2,0,3,2,0.0,0,BB,FRA,Offline TA/TO,TA/TO,0,0,0,A,A,0,No Deposit,192.0,0,Transient-Party,120.0,0,1
City Hotel,0,1,2016,June,23,2,0,3,2,0.0,0,BB,AGO,Online TA,Corporate,0,0,0,A,D,0,No Deposit,,0,Transient,120.0,0,1
City Hotel,0,70,2016,June,23,3,0,2,2,0.0,0,BB,FRA,Offline TA/TO,TA/TO,0,0,0,A,A,0,No Deposit,20.0,0,Transient,100.0,0,0
City Hotel,0,146,2016,June,23,3,0,2,2,0.0,0,BB,PRT,Online TA,TA/TO,0,0,0,A,D,1,No Deposit,9.0,0,Transient-Party,106.2,0,1
City Hotel,0,2,2016,June,23,4,0,1,2,0.0,0,BB,PRT,Online TA,TA/TO,0,0,0,A,A,0,No Deposit,9.0,0,Transient,141.0,0,1
City Hotel,0,111,2016,June,23,2,0,3,2,0.0,0,BB,BEL,Online TA,TA/TO,0,0,0,D,D,0,No Deposit,7.0,0,Transient,117.11,0,1
City Hotel,0,126,2016,June,23,2,0,3,2,0.0,0,BB,PRT,Offline TA/TO,TA/TO,0,0,0,A,A,0,No Deposit,27.0,0,Transient-Party,80.75,0,0
City Hotel,0,220,2016,June,23,2,0,3,2,0.0,0,BB,GBR,Online TA,TA/TO,0,0,0,A,B,1,No Deposit,11.0,0,Transient,89.27,0,0
City Hotel,0,40,2016,June,24,5,1,0,2,0.0,0,SC,PRT,Online TA,TA/TO,0,0,0,A,A,0,No Deposit,9.0,0,Transient,98.1,0,1
City Hotel,0,143,2016,June,23,3,1,2,2,0.0,0,BB,DEU,Online TA,TA/TO,0,0,0,A,A,0,No Deposit,9.0,0,Transient,120.0,0,1
City Hotel,0,213,2016,May,23,29,3,5,2,0.0,0,BB,ROU,Offline TA/TO,TA/TO,0,0,0,A,A,0,No Deposit,83.0,0,Transient-Party,80.24,0,1
City Hotel,0,213,2016,May,23,29,3,5,2,0.0,0,BB,ROU,Offline TA/TO,TA/TO,0,0,0,A,A,0,No Deposit,83.0,0,Transient-Party,80.24,0,1
City Hotel,0,101,2016,June,23,1,1,4,2,0.0,0,HB,ITA,Online TA,TA/TO,0,0,0,D,D,1,No Deposit,9.0,0,Transient,163.2,0,1
City Hotel,0,0,2016,June,24,5,1,0,2,0.0,0,SC,GBR,Online TA,TA/TO,0,0,0,A,A,0,No Deposit,9.0,0,Transient,109.0,0,0
City Hotel,0,7,2016,June,23,4,1,1,2,0.0,0,SC,GBR,Online TA,TA/TO,0,0,0,A,A,0,No Deposit,9.0,0,Transient,119.0,0,0
City Hotel,0,14,2016,June,23,3,1,2,2,0.0,0,BB,GBR,Online TA,TA/TO,0,0,0,D,D,0,No Deposit,9.0,0,Transient,149.33,0,1
City Hotel,0,15,2016,June,23,2,1,3,2,0.0,0,SC,USA,Online TA,TA/TO,0,0,0,A,A,0,No Deposit,7.0,0,Transient,93.56,0,1
City Hotel,0,18,2016,June,23,2,1,3,2,0.0,0,BB,FRA,Online TA,TA/TO,0,0,0,D,D,0,No Deposit,9.0,0,Transient,140.9,0,1
City Hotel,0,95,2016,June,23,3,1,2,2,0.0,0,BB,IRL,Online TA,TA/TO,0,0,0,D,E,0,No Deposit,9.0,0,Transient,137.4,0,3
City Hotel,0,191,2016,June,23,3,1,2,2,0.0,0,BB,PRT,Offline TA/TO,TA/TO,0,0,0,A,A,0,No Deposit,3.0,0,Transient-Party,132.0,0,0
City Hotel,0,85,2016,June,23,4,1,1,2,0.0,0,BB,AUT,Online TA,TA/TO,0,0,0,A,A,0,No Deposit,9.0,0,Transient,131.4,0,1
City Hotel,0,6,2016,June,24,5,1,0,2,0.0,0,BB,FRA,Online TA,TA/TO,0,0,0,A,A,0,No Deposit,9.0,0,Transient,121.0,0,1
City Hotel,0,134,2016,June,23,2,1,3,2,0.0,0,BB,ITA,Online TA,TA/TO,0,0,0,B,B,0,No Deposit,9.0,0,Transient-Party,114.96,0,1
City Hotel,0,6,2016,June,24,5,1,0,2,0.0,0,BB,FRA,Online TA,TA/TO,0,0,0,A,A,0,No Deposit,9.0,0,Transient,121.0,0,1
City Hotel,0,134,2016,June,23,2,1,3,2,0.0,0,BB,ITA,Online TA,TA/TO,0,0,0,B,B,0,No Deposit,9.0,0,Transient-Party,114.96,0,1
City Hotel,0,4,2016,June,23,2,1,3,2,0.0,0,BB,ISR,Online TA,TA/TO,0,0,0,A,A,0,No Deposit,9.0,0,Transient,128.59,0,1
City Hotel,0,191,2016,June,23,3,1,2,2,0.0,0,BB,PRT,Offline TA/TO,TA/TO,0,0,0,A,A,0,No Deposit,3.0,0,Transient-Party,132.0,0,0
City Hotel,0,191,2016,June,23,3,1,2,2,0.0,0,BB,FRA,Offline TA/TO,TA/TO,0,0,0,A,A,0,No Deposit,3.0,0,Transient-Party,132.0,0,0
City Hotel,0,0,2016,June,24,5,1,0,2,0.0,0,SC,CHE,Direct,Direct,0,0,0,A,A,1,No Deposit,,0,Transient,109.0,0,0
City Hotel,0,93,2016,June,23,1,1,4,2,0.0,0,BB,FRA,Online TA,TA/TO,0,0,0,A,A,1,No Deposit,9.0,0,Transient,127.15,1,0
City Hotel,0,7,2016,June,23,3,1,2,2,0.0,0,BB,HRV,Online TA,TA/TO,0,0,0,A,A,0,No Deposit,9.0,0,Transient,134.33,0,1
City Hotel,0,16,2016,June,23,4,1,1,2,0.0,0,BB,AUS,Online TA,TA/TO,0,0,0,D,D,0,No Deposit,7.0,0,Transient,112.42,0,1
City Hotel,0,102,2016,June,24,5,1,0,2,0.0,0,BB,PRT,Groups,TA/TO,0,0,0,A,A,0,No Deposit,1.0,0,Transient-Party,65.0,0,2
City Hotel,0,17,2016,June,23,1,1,4,2,0.0,0,BB,ESP,Online TA,TA/TO,0,0,0,D,D,0,No Deposit,9.0,0,Transient,144.84,1,1
City Hotel,0,68,2016,June,23,3,1,2,2,0.0,0,BB,JAM,Online TA,TA/TO,0,0,0,D,D,0,No Deposit,9.0,0,Transient,137.4,0,1
City Hotel,0,117,2016,June,23,2,1,3,2,0.0,0,SC,PRT,Online TA,TA/TO,0,0,0,A,A,0,No Deposit,9.0,0,Transient,109.65,0,1
City Hotel,0,54,2016,June,23,4,1,1,2,0.0,0,BB,AUS,Online TA,TA/TO,0,0,0,D,D,0,No Deposit,9.0,0,Transient,126.9,0,1
City Hotel,0,13,2016,June,23,3,1,2,2,0.0,0,BB,PRT,Online TA,TA/TO,0,0,0,D,D,0,No Deposit,9.0,0,Transient,149.33,0,1
City Hotel,0,4,2016,June,24,8,0,1,2,0.0,0,BB,PRT,Direct,TA/TO,0,0,1,A,D,0,No Deposit,,0,Group,119.0,0,1
City Hotel,0,58,2016,June,24,5,1,0,2,0.0,0,BB,DEU,Online TA,TA/TO,0,0,0,A,A,0,No Deposit,7.0,0,Transient,76.92,0,1
City Hotel,0,191,2016,June,23,3,1,2,2,0.0,0,BB,PRT,Offline TA/TO,TA/TO,0,0,0,A,A,0,No Deposit,3.0,0,Transient-Party,132.0,0,0
City Hotel,0,113,2016,June,23,4,1,1,2,0.0,0,BB,BEL,Offline TA/TO,TA/TO,0,0,0,A,D,0,No Deposit,28.0,0,Transient,75.0,0,0
City Hotel,0,142,2016,June,23,1,1,4,2,0.0,0,BB,FRA,Online TA,TA/TO,0,0,0,D,D,0,No Deposit,7.0,0,Transient,83.78,0,1
City Hotel,0,15,2016,May,23,30,2,5,2,0.0,0,BB,FRA,Direct,Direct,0,0,0,D,D,0,No Deposit,14.0,0,Transient,115.84,0,1
City Hotel,0,141,2016,June,23,3,1,2,2,0.0,0,BB,PRT,Offline TA/TO,TA/TO,0,0,0,A,A,0,No Deposit,3.0,0,Transient-Party,132.0,0,0
City Hotel,0,83,2016,June,23,3,1,2,2,0.0,0,BB,ESP,Online TA,TA/TO,0,0,0,A,B,1,No Deposit,9.0,0,Transient,123.9,0,0
City Hotel,0,191,2016,June,23,3,1,2,2,0.0,0,BB,FRA,Offline TA/TO,TA/TO,0,0,0,A,A,0,No Deposit,3.0,0,Transient-Party,132.0,0,0
City Hotel,0,117,2016,June,23,3,1,2,2,0.0,0,BB,FRA,Online TA,TA/TO,0,0,0,A,A,0,No Deposit,9.0,0,Transient,126.9,0,0
City Hotel,0,21,2016,June,23,3,1,2,2,0.0,0,BB,DEU,Online TA,TA/TO,0,0,0,D,D,0,No Deposit,7.0,0,Transient,109.23,0,1
City Hotel,0,191,2016,June,23,3,1,2,2,0.0,0,BB,PRT,Offline TA/TO,TA/TO,0,0,0,A,A,0,No Deposit,3.0,0,Transient-Party,132.0,0,0
City Hotel,0,73,2016,June,23,4,1,1,2,0.0,0,BB,PRT,Online TA,TA/TO,0,0,0,A,A,0,No Deposit,9.0,0,Transient,122.4,0,2
City Hotel,0,83,2016,June,23,3,1,2,2,0.0,0,BB,ESP,Online TA,TA/TO,0,0,0,A,A,1,No Deposit,9.0,0,Transient,123.9,0,2
City Hotel,0,8,2016,June,23,4,1,1,2,0.0,0,BB,PRT,Online TA,TA/TO,0,0,0,D,D,0,No Deposit,9.0,0,Transient,146.0,0,0
City Hotel,0,191,2016,June,23,3,1,2,2,0.0,0,BB,FRA,Offline TA/TO,TA/TO,0,0,0,A,A,0,No Deposit,3.0,0,Transient-Party,132.0,0,0
City Hotel,0,141,2016,June,23,3,1,2,2,0.0,0,BB,PRT,Offline TA/TO,TA/TO,0,0,0,A,A,0,No Deposit,3.0,0,Transient-Party,132.0,0,0
City Hotel,0,13,2016,June,24,5,1,0,2,0.0,0,BB,AUT,Online TA,TA/TO,0,0,0,A,A,0,No Deposit,9.0,0,Transient,111.85,0,1
City Hotel,0,191,2016,June,23,3,1,2,2,0.0,0,BB,PRT,Offline TA/TO,TA/TO,0,0,0,A,A,0,No Deposit,3.0,0,Transient-Party,132.0,0,0
City Hotel,0,141,2016,June,23,3,1,2,2,0.0,0,BB,FRA,Offline TA/TO,TA/TO,0,0,0,A,A,0,No Deposit,3.0,0,Transient-Party,132.0,0,0
City Hotel,0,191,2016,June,23,3,1,2,2,0.0,0,BB,FRA,Offline TA/TO,TA/TO,0,0,0,A,A,0,No Deposit,3.0,0,Transient-Party,132.0,0,0
City Hotel,0,191,2016,June,23,3,1,2,2,0.0,0,BB,FRA,Offline TA/TO,TA/TO,0,0,0,A,A,0,No Deposit,3.0,0,Transient-Party,132.0,0,0
City Hotel,0,49,2016,June,23,4,1,1,2,0.0,0,BB,SWE,Online TA,TA/TO,0,0,0,D,D,0,No Deposit,8.0,0,Transient,135.9,0,1
City Hotel,0,191,2016,June,23,3,1,2,2,0.0,0,BB,PRT,Offline TA/TO,TA/TO,0,0,0,A,A,1,No Deposit,3.0,0,Transient-Party,49.5,0,0
City Hotel,0,191,2016,June,23,3,1,2,2,0.0,0,BB,PRT,Offline TA/TO,TA/TO,0,0,0,A,A,0,No Deposit,3.0,0,Transient-Party,132.0,0,0
City Hotel,0,191,2016,June,23,3,1,2,2,0.0,0,BB,PRT,Offline TA/TO,TA/TO,0,0,0,A,B,1,No Deposit,3.0,0,Transient-Party,132.0,0,0
City Hotel,0,191,2016,June,23,3,1,2,2,0.0,0,BB,PRT,Offline TA/TO,TA/TO,0,0,0,A,A,0,No Deposit,3.0,0,Transient,132.0,0,0
City Hotel,0,107,2016,June,23,3,1,2,2,0.0,0,BB,FRA,Groups,TA/TO,0,0,0,A,A,0,No Deposit,37.0,0,Transient-Party,90.67,0,0
City Hotel,0,75,2016,June,23,4,1,1,2,0.0,0,SC,IRL,Online TA,TA/TO,0,0,0,A,A,0,No Deposit,11.0,0,Transient,89.28,0,0
City Hotel,0,107,2016,June,23,3,1,2,2,0.0,0,BB,FRA,Groups,TA/TO,0,0,0,A,A,0,No Deposit,37.0,0,Transient-Party,90.67,0,0
City Hotel,0,2,2016,June,23,4,1,1,2,0.0,0,SC,PRT,Online TA,TA/TO,0,0,0,A,A,0,No Deposit,9.0,0,Transient,119.0,0,1
City Hotel,0,247,2016,June,24,6,0,0,2,0.0,0,HB,PRT,Offline TA/TO,TA/TO,0,0,0,A,D,0,No Deposit,6.0,0,Transient-Party,0.0,0,1
City Hotel,0,220,2016,June,23,4,2,1,2,0.0,0,BB,USA,Groups,TA/TO,0,0,0,A,A,0,No Deposit,1.0,0,Transient-Party,73.33,0,1
City Hotel,0,220,2016,June,23,4,2,1,2,0.0,0,BB,USA,Groups,TA/TO,0,0,0,A,A,0,No Deposit,1.0,0,Transient-Party,73.33,0,1
City Hotel,0,220,2016,June,23,4,2,1,2,0.0,0,BB,PRT,Groups,TA/TO,0,0,0,A,D,0,No Deposit,1.0,0,Transient-Party,73.33,0,1
City Hotel,0,220,2016,June,23,4,2,1,2,0.0,0,BB,USA,Groups,TA/TO,0,0,0,A,A,0,No Deposit,1.0,0,Transient-Party,73.33,0,1
City Hotel,0,220,2016,June,23,4,2,1,2,0.0,0,BB,USA,Groups,TA/TO,0,0,0,A,A,0,No Deposit,1.0,0,Transient-Party,73.33,0,1
City Hotel,0,220,2016,June,23,4,2,1,2,0.0,0,BB,USA,Groups,TA/TO,0,0,0,A,A,0,No Deposit,1.0,0,Transient-Party,73.33,0,1
City Hotel,0,220,2016,June,23,4,2,1,2,0.0,0,BB,USA,Groups,TA/TO,0,0,0,A,C,1,No Deposit,1.0,0,Transient-Party,73.33,0,1
City Hotel,0,220,2016,June,23,4,2,1,2,0.0,0,BB,USA,Groups,TA/TO,0,0,0,A,A,0,No Deposit,1.0,0,Transient-Party,73.33,0,1
City Hotel,0,142,2016,June,23,2,2,3,2,0.0,0,BB,BRA,Direct,Direct,0,0,0,A,B,2,No Deposit,14.0,0,Transient-Party,115.33,0,1
City Hotel,0,220,2016,June,23,4,2,1,2,0.0,0,BB,USA,Groups,TA/TO,0,0,0,A,A,0,No Deposit,1.0,0,Transient-Party,73.33,0,1
City Hotel,0,220,2016,June,23,4,2,1,2,0.0,0,BB,USA,Groups,TA/TO,0,0,0,A,A,0,No Deposit,1.0,0,Transient-Party,73.33,0,1
City Hotel,0,220,2016,June,23,4,2,1,2,0.0,0,BB,USA,Groups,TA/TO,0,0,0,A,A,0,No Deposit,1.0,0,Transient-Party,73.33,0,1
City Hotel,0,220,2016,June,23,4,2,1,2,0.0,0,BB,PRT,Groups,TA/TO,0,0,0,A,A,0,No Deposit,1.0,0,Transient-Party,73.33,0,1
City Hotel,0,220,2016,June,23,4,2,1,2,0.0,0,BB,USA,Groups,TA/TO,0,0,0,A,A,0,No Deposit,1.0,0,Transient-Party,73.33,0,1
City Hotel,0,220,2016,June,23,4,2,1,2,0.0,0,BB,USA,Groups,TA/TO,0,0,0,A,A,0,No Deposit,1.0,0,Transient-Party,73.33,0,1
City Hotel,0,220,2016,June,23,4,2,1,2,0.0,0,BB,USA,Groups,TA/TO,0,0,0,A,A,0,No Deposit,1.0,0,Transient-Party,73.33,0,1
City Hotel,0,220,2016,June,23,4,2,1,2,0.0,0,BB,USA,Groups,TA/TO,0,0,0,A,D,1,No Deposit,1.0,0,Transient-Party,73.33,0,1
City Hotel,0,220,2016,June,23,4,2,1,2,0.0,0,BB,USA,Groups,TA/TO,0,0,0,A,A,0,No Deposit,1.0,0,Transient-Party,73.33,0,1
City Hotel,0,121,2016,May,23,31,2,5,2,0.0,0,BB,DEU,Online TA,TA/TO,0,0,0,A,A,0,No Deposit,9.0,0,Transient,119.85,0,1
City Hotel,0,220,2016,June,23,4,2,1,2,0.0,0,BB,PRT,Groups,TA/TO,0,0,0,A,A,0,No Deposit,1.0,0,Transient-Party,73.33,0,1
City Hotel,0,220,2016,June,23,4,2,1,2,0.0,0,BB,USA,Groups,TA/TO,0,0,0,A,A,0,No Deposit,1.0,0,Transient-Party,73.33,0,1
City Hotel,0,80,2016,June,23,4,2,1,2,0.0,0,BB,FRA,Offline TA/TO,TA/TO,0,0,0,A,A,0,No Deposit,85.0,0,Transient,80.75,0,0
City Hotel,0,109,2016,June,23,4,2,1,2,0.0,0,BB,FRA,Offline TA/TO,TA/TO,0,0,0,A,A,1,No Deposit,3.0,0,Transient,89.75,0,0
City Hotel,0,140,2016,June,23,4,2,1,2,0.0,0,SC,MEX,Online TA,TA/TO,0,0,0,A,A,0,No Deposit,9.0,0,Transient,109.2,0,2
City Hotel,0,220,2016,June,23,4,2,1,2,0.0,0,BB,USA,Groups,TA/TO,0,0,0,A,A,0,No Deposit,1.0,0,Transient-Party,73.33,0,1
City Hotel,0,220,2016,June,23,4,2,1,2,0.0,0,BB,USA,Groups,TA/TO,0,0,0,A,A,0,No Deposit,1.0,0,Transient-Party,73.33,0,1
City Hotel,0,220,2016,June,23,4,2,1,2,0.0,0,BB,USA,Groups,TA/TO,0,0,0,A,B,0,No Deposit,1.0,0,Transient-Party,73.33,0,1
City Hotel,0,2,2016,June,24,6,1,0,2,0.0,0,BB,PRT,Complementary,Direct,0,0,0,G,G,0,No Deposit,,0,Transient,0.0,1,1
City Hotel,0,139,2016,June,23,4,2,1,2,0.0,0,BB,PRT,Online TA,TA/TO,0,0,0,A,E,0,No Deposit,9.0,0,Transient,129.0,1,1
City Hotel,0,119,2016,June,24,7,0,3,2,0.0,0,BB,TUR,Offline TA/TO,Corporate,0,0,0,A,A,2,No Deposit,191.0,0,Transient-Party,120.0,0,0
City Hotel,0,0,2016,June,24,6,1,0,2,0.0,0,BB,IRL,Online TA,TA/TO,0,0,0,A,G,0,No Deposit,89.0,0,Transient,96.12,0,0
City Hotel,0,142,2016,June,23,2,2,3,2,0.0,0,BB,BRA,Direct,Direct,0,0,0,A,B,2,No Deposit,14.0,0,Transient-Party,106.33,1,1
City Hotel,0,200,2016,June,23,4,2,1,2,0.0,0,BB,BEL,Direct,Direct,0,0,0,A,D,1,No Deposit,14.0,0,Transient,106.0,0,0
City Hotel,0,111,2016,June,24,5,2,0,2,0.0,0,BB,USA,Direct,Direct,0,0,0,A,A,0,No Deposit,14.0,0,Transient,116.1,0,1
City Hotel,0,79,2016,June,24,7,0,5,2,0.0,0,BB,FRA,Online TA,TA/TO,0,0,0,D,D,1,No Deposit,8.0,0,Transient,132.6,0,1
City Hotel,0,121,2016,June,23,4,2,2,2,0.0,0,BB,GBR,Offline TA/TO,TA/TO,0,0,0,D,D,0,No Deposit,85.0,0,Transient,90.95,0,0
City Hotel,0,247,2016,June,24,6,1,1,2,0.0,0,HB,AUT,Offline TA/TO,TA/TO,0,0,0,A,D,0,No Deposit,6.0,0,Transient-Party,115.0,0,1
City Hotel,0,247,2016,June,24,6,1,1,2,0.0,0,HB,AUT,Offline TA/TO,TA/TO,0,0,0,A,D,0,No Deposit,6.0,0,Transient-Party,115.0,0,1
City Hotel,0,247,2016,June,24,6,1,1,2,0.0,0,HB,DEU,Offline TA/TO,TA/TO,0,0,0,A,A,0,No Deposit,6.0,0,Transient-Party,115.0,0,1
City Hotel,0,247,2016,June,24,6,1,1,2,0.0,0,HB,DEU,Offline TA/TO,TA/TO,0,0,0,A,D,0,No Deposit,6.0,0,Transient-Party,115.0,0,1
City Hotel,0,247,2016,June,24,6,1,1,2,0.0,0,HB,DEU,Offline TA/TO,TA/TO,0,0,0,A,F,0,No Deposit,6.0,0,Transient-Party,111.0,0,0
City Hotel,0,119,2016,June,23,1,2,5,2,0.0,0,BB,FRA,Online TA,TA/TO,0,0,0,A,A,0,No Deposit,9.0,0,Transient,119.85,0,1
City Hotel,0,247,2016,June,24,6,1,1,2,0.0,0,HB,DEU,Offline TA/TO,TA/TO,0,0,0,A,B,0,No Deposit,6.0,0,Transient-Party,115.0,0,1
City Hotel,0,247,2016,June,24,6,1,1,2,0.0,0,HB,DEU,Offline TA/TO,TA/TO,0,0,0,A,D,0,No Deposit,6.0,0,Transient-Party,115.0,0,1
City Hotel,0,247,2016,June,24,6,1,1,2,0.0,0,HB,DEU,Offline TA/TO,TA/TO,0,0,0,A,A,0,No Deposit,6.0,0,Transient-Party,115.0,0,1
City Hotel,0,247,2016,June,24,6,1,1,2,0.0,0,HB,DEU,Offline TA/TO,TA/TO,0,0,0,A,B,0,No Deposit,6.0,0,Transient-Party,115.0,0,1
City Hotel,0,247,2016,June,24,6,1,1,2,0.0,0,HB,DEU,Offline TA/TO,TA/TO,0,0,0,A,A,0,No Deposit,6.0,0,Transient-Party,115.0,0,1
City Hotel,0,247,2016,June,24,6,1,1,2,0.0,0,HB,DEU,Offline TA/TO,TA/TO,0,0,0,A,F,0,No Deposit,6.0,0,Transient-Party,115.0,0,0
City Hotel,0,247,2016,June,24,6,1,1,2,0.0,0,HB,DEU,Offline TA/TO,TA/TO,0,0,0,A,A,0,No Deposit,6.0,0,Transient-Party,115.0,0,1
City Hotel,0,247,2016,June,24,6,1,1,2,0.0,0,HB,DEU,Offline TA/TO,TA/TO,0,0,0,A,E,0,No Deposit,6.0,0,Transient-Party,115.0,0,0
City Hotel,0,247,2016,June,24,6,1,1,2,0.0,0,HB,DEU,Offline TA/TO,TA/TO,0,0,0,A,A,0,No Deposit,6.0,0,Transient-Party,115.0,0,0
City Hotel,0,247,2016,June,24,6,1,1,2,0.0,0,HB,DEU,Offline TA/TO,TA/TO,0,0,0,A,D,0,No Deposit,6.0,0,Transient-Party,115.0,0,1
City Hotel,0,247,2016,June,24,6,1,1,2,0.0,0,HB,AUT,Offline TA/TO,TA/TO,0,0,0,A,D,0,No Deposit,6.0,0,Transient-Party,115.0,0,1
City Hotel,0,203,2016,June,24,6,1,1,2,0.0,0,SC,PRT,Online TA,TA/TO,0,0,0,A,A,1,No Deposit,9.0,0,Contract,95.4,0,1
City Hotel,0,247,2016,June,24,6,1,1,2,0.0,0,HB,DEU,Offline TA/TO,TA/TO,0,0,0,A,A,0,No Deposit,6.0,0,Transient-Party,115.0,0,1
City Hotel,0,247,2016,June,24,6,1,1,2,0.0,0,HB,ITA,Offline TA/TO,TA/TO,0,0,0,A,D,0,No Deposit,6.0,0,Transient-Party,115.0,0,1
City Hotel,0,247,2016,June,24,6,1,1,2,0.0,0,HB,DEU,Offline TA/TO,TA/TO,0,0,0,A,D,0,No Deposit,6.0,0,Transient-Party,115.0,0,1
City Hotel,0,247,2016,June,24,6,1,1,2,0.0,0,HB,DEU,Offline TA/TO,TA/TO,0,0,0,A,D,0,No Deposit,6.0,0,Transient-Party,115.0,0,1
City Hotel,0,0,2016,June,24,7,0,1,2,0.0,0,SC,USA,Online TA,TA/TO,0,0,0,A,A,0,No Deposit,9.0,0,Transient,109.0,0,0
City Hotel,0,247,2016,June,24,6,1,1,2,0.0,0,HB,DEU,Offline TA/TO,TA/TO,0,0,0,A,A,0,No Deposit,6.0,0,Transient-Party,115.0,0,1
City Hotel,0,247,2016,June,24,6,1,1,2,0.0,0,HB,DEU,Offline TA/TO,TA/TO,0,0,0,A,D,0,No Deposit,6.0,0,Transient-Party,115.0,0,1
City Hotel,0,247,2016,June,24,6,1,1,2,0.0,0,HB,DEU,Offline TA/TO,TA/TO,0,0,0,A,A,0,No Deposit,6.0,0,Transient-Party,115.0,0,1
City Hotel,0,247,2016,June,24,6,1,1,2,0.0,0,HB,DEU,Offline TA/TO,TA/TO,0,0,0,A,D,0,No Deposit,6.0,0,Transient-Party,115.0,0,1
City Hotel,0,247,2016,June,24,6,1,1,2,0.0,0,HB,DEU,Offline TA/TO,TA/TO,0,0,0,A,D,0,No Deposit,6.0,0,Transient-Party,115.0,0,1
City Hotel,0,247,2016,June,24,6,1,1,2,0.0,0,HB,DEU,Offline TA/TO,TA/TO,0,0,0,A,A,0,No Deposit,6.0,0,Transient-Party,115.0,0,1
City Hotel,0,247,2016,June,24,6,1,1,2,0.0,0,HB,DEU,Offline TA/TO,TA/TO,0,0,0,A,F,0,No Deposit,6.0,0,Transient-Party,115.0,0,1
City Hotel,0,247,2016,June,24,6,1,1,2,0.0,0,HB,DEU,Offline TA/TO,TA/TO,0,0,0,A,A,0,No Deposit,6.0,0,Transient-Party,115.0,0,1
City Hotel,0,247,2016,June,24,6,1,1,2,0.0,0,HB,DEU,Offline TA/TO,TA/TO,0,0,0,A,B,0,No Deposit,6.0,0,Transient-Party,115.0,0,1
City Hotel,0,247,2016,June,24,6,1,1,2,0.0,0,HB,DEU,Offline TA/TO,TA/TO,0,0,0,A,A,0,No Deposit,6.0,0,Transient-Party,115.0,0,0
City Hotel,0,247,2016,June,24,6,1,1,2,0.0,0,HB,DEU,Offline TA/TO,TA/TO,0,0,0,A,F,0,No Deposit,6.0,0,Transient-Party,115.0,0,0
City Hotel,0,247,2016,June,24,6,1,1,2,0.0,0,HB,DEU,Offline TA/TO,TA/TO,0,0,0,A,A,0,No Deposit,6.0,0,Transient-Party,115.0,0,1
City Hotel,0,247,2016,June,24,6,1,1,2,0.0,0,HB,DEU,Offline TA/TO,TA/TO,0,0,0,A,A,0,No Deposit,6.0,0,Transient-Party,115.0,0,1
City Hotel,0,247,2016,June,24,6,1,1,2,0.0,0,HB,DEU,Offline TA/TO,TA/TO,0,0,0,A,A,0,No Deposit,6.0,0,Transient-Party,115.0,0,1
City Hotel,0,247,2016,June,24,6,1,1,2,0.0,0,HB,DEU,Offline TA/TO,TA/TO,0,0,0,A,D,0,No Deposit,6.0,0,Transient-Party,115.0,0,1
City Hotel,0,247,2016,June,24,6,1,1,2,0.0,0,HB,DEU,Offline TA/TO,TA/TO,0,0,0,A,A,0,No Deposit,6.0,0,Transient-Party,115.0,0,0
City Hotel,0,247,2016,June,24,6,1,1,2,0.0,0,HB,CHE,Offline TA/TO,TA/TO,0,0,0,A,D,0,No Deposit,6.0,0,Transient-Party,115.0,0,1
City Hotel,0,247,2016,June,24,6,1,1,2,0.0,0,HB,DEU,Offline TA/TO,TA/TO,0,0,0,A,A,0,No Deposit,6.0,0,Transient-Party,115.0,0,1
City Hotel,0,247,2016,June,24,6,1,1,2,0.0,0,HB,DEU,Offline TA/TO,TA/TO,0,0,0,A,B,0,No Deposit,6.0,0,Transient-Party,115.0,0,1
City Hotel,0,247,2016,June,24,6,1,1,2,0.0,0,HB,DEU,Offline TA/TO,TA/TO,0,0,0,A,D,0,No Deposit,6.0,0,Transient-Party,115.0,0,1
City Hotel,0,247,2016,June,24,6,1,1,2,0.0,0,HB,DEU,Offline TA/TO,TA/TO,0,0,0,A,D,0,No Deposit,6.0,0,Transient-Party,115.0,0,1
City Hotel,0,247,2016,June,24,6,1,1,2,0.0,0,HB,DEU,Offline TA/TO,TA/TO,0,0,0,A,A,0,No Deposit,6.0,0,Transient-Party,115.0,0,1
City Hotel,0,247,2016,June,24,6,1,1,2,0.0,0,HB,DEU,Offline TA/TO,TA/TO,0,0,0,A,A,0,No Deposit,6.0,0,Transient-Party,115.0,0,1
City Hotel,0,247,2016,June,24,6,1,1,2,0.0,0,HB,PRT,Offline TA/TO,TA/TO,0,0,0,A,D,0,No Deposit,6.0,0,Transient-Party,115.0,0,1
City Hotel,0,247,2016,June,24,6,1,1,2,0.0,0,HB,DEU,Offline TA/TO,TA/TO,0,0,0,A,D,0,No Deposit,6.0,0,Transient-Party,111.0,0,1
City Hotel,0,247,2016,June,24,6,1,1,2,0.0,0,HB,DEU,Offline TA/TO,TA/TO,0,0,0,A,E,0,No Deposit,6.0,0,Transient-Party,115.0,0,0
City Hotel,0,247,2016,June,24,6,1,1,2,0.0,0,HB,DEU,Offline TA/TO,TA/TO,0,0,0,A,A,0,No Deposit,6.0,0,Transient-Party,115.0,0,1
City Hotel,0,247,2016,June,24,6,1,1,2,0.0,0,HB,DEU,Offline TA/TO,TA/TO,0,0,0,A,A,0,No Deposit,6.0,0,Transient-Party,115.0,0,1
City Hotel,0,247,2016,June,24,6,1,1,2,0.0,0,HB,DEU,Offline TA/TO,TA/TO,0,0,0,A,A,0,No Deposit,6.0,0,Transient-Party,115.0,0,1
City Hotel,0,247,2016,June,24,6,1,1,2,0.0,0,HB,DEU,Offline TA/TO,TA/TO,0,0,0,A,D,0,No Deposit,6.0,0,Transient-Party,115.0,0,1
City Hotel,0,247,2016,June,24,6,1,1,2,0.0,0,HB,DEU,Offline TA/TO,TA/TO,0,0,0,A,B,0,No Deposit,6.0,0,Transient-Party,115.0,0,1
City Hotel,0,247,2016,June,24,6,1,1,2,0.0,0,HB,DEU,Offline TA/TO,TA/TO,0,0,0,A,D,0,No Deposit,6.0,0,Transient-Party,115.0,0,1
City Hotel,0,247,2016,June,24,6,1,1,2,0.0,0,HB,DEU,Offline TA/TO,TA/TO,0,0,0,A,A,0,No Deposit,6.0,0,Transient-Party,115.0,0,1
City Hotel,0,6,2016,June,24,8,0,1,2,0.0,0,BB,BRA,Offline TA/TO,Corporate,0,0,0,A,A,0,No Deposit,191.0,0,Transient-Party,110.0,0,0
City Hotel,0,118,2016,June,24,6,1,2,2,0.0,0,BB,RUS,Offline TA/TO,Corporate,0,0,0,A,A,1,No Deposit,191.0,0,Transient-Party,120.0,0,0
City Hotel,0,109,2016,June,24,8,0,1,2,0.0,0,BB,PRT,Direct,Direct,0,0,0,A,A,0,No Deposit,14.0,0,Transient,116.1,0,2
City Hotel,0,14,2016,June,24,8,0,1,2,0.0,0,BB,USA,Online TA,TA/TO,0,0,0,A,A,0,No Deposit,9.0,0,Transient,121.0,0,1
City Hotel,0,118,2016,June,24,6,1,2,2,0.0,0,BB,DEU,Offline TA/TO,Corporate,0,0,0,A,A,1,No Deposit,191.0,0,Transient-Party,120.0,0,0
City Hotel,0,43,2016,June,24,8,0,1,2,0.0,0,BB,USA,Online TA,TA/TO,0,0,0,A,A,0,No Deposit,7.0,0,Transient,83.85,0,2
City Hotel,0,16,2016,June,24,8,0,1,2,0.0,0,BB,TUR,Groups,Direct,0,0,0,A,A,0,No Deposit,,0,Transient-Party,92.65,0,0
City Hotel,0,16,2016,June,24,8,0,1,2,0.0,0,BB,TUR,Groups,Direct,0,0,0,A,A,0,No Deposit,,0,Transient-Party,92.65,0,0
City Hotel,0,16,2016,June,24,8,0,1,2,0.0,0,BB,CYP,Groups,Direct,0,0,0,A,A,0,No Deposit,,0,Transient-Party,92.65,0,0
City Hotel,0,128,2016,June,24,6,1,2,2,0.0,0,BB,BEL,Online TA,TA/TO,0,0,0,A,B,1,No Deposit,9.0,0,Transient-Party,126.9,0,1
City Hotel,0,128,2016,June,24,6,1,2,2,0.0,0,BB,BEL,Online TA,TA/TO,0,0,0,A,B,1,No Deposit,9.0,0,Transient-Party,126.9,0,1
City Hotel,0,115,2016,June,24,6,1,2,2,0.0,0,BB,BEL,Online TA,TA/TO,0,0,0,A,B,2,No Deposit,9.0,0,Transient-Party,136.1,0,1
City Hotel,0,115,2016,June,24,6,1,2,2,0.0,0,BB,BEL,Online TA,TA/TO,0,0,0,A,B,2,No Deposit,9.0,0,Transient-Party,116.1,0,1
City Hotel,0,5,2016,June,24,7,0,2,2,0.0,0,BB,PRT,Online TA,TA/TO,0,0,0,D,D,0,No Deposit,9.0,0,Transient,146.0,0,1
City Hotel,0,117,2016,June,24,5,2,2,2,0.0,0,BB,NLD,Offline TA/TO,Corporate,0,0,0,A,A,2,No Deposit,191.0,0,Transient-Party,110.0,0,1
City Hotel,0,18,2016,June,24,8,0,1,2,0.0,0,BB,TUR,Groups,Direct,0,0,0,A,A,0,Non Refund,,2,Transient-Party,92.65,0,0
City Hotel,0,138,2016,June,24,5,2,2,2,0.0,0,BB,GBR,Online TA,TA/TO,0,0,0,A,A,0,No Deposit,9.0,0,Transient,110.08,0,1
City Hotel,0,134,2016,June,24,5,2,2,2,0.0,0,SC,URY,Online TA,TA/TO,0,0,0,A,A,0,No Deposit,9.0,0,Transient,109.65,0,1
City Hotel,0,130,2016,June,24,6,1,2,2,0.0,0,SC,NLD,Online TA,TA/TO,0,0,0,A,A,0,No Deposit,9.0,0,Transient,116.1,0,1
City Hotel,0,0,2016,June,24,8,0,1,2,0.0,0,BB,PRT,Online TA,TA/TO,0,0,0,A,A,1,No Deposit,152.0,0,Transient,73.07,0,0
City Hotel,0,114,2016,June,24,6,1,3,2,0.0,0,BB,DEU,Online TA,TA/TO,0,0,0,A,A,0,No Deposit,7.0,0,Transient,87.67,0,2
City Hotel,0,2,2016,June,24,9,0,1,2,0.0,0,SC,CN,Online TA,TA/TO,0,0,0,A,D,0,No Deposit,9.0,0,Transient,109.0,0,1
City Hotel,0,1,2016,June,24,8,0,2,2,0.0,0,HB,SVK,Online TA,TA/TO,0,0,0,D,D,0,No Deposit,9.0,0,Transient,183.0,1,0
City Hotel,0,98,2016,June,24,5,2,3,2,0.0,0,BB,GBR,Online TA,TA/TO,0,0,0,A,A,0,No Deposit,7.0,0,Transient,90.97,0,3
City Hotel,0,40,2016,June,24,9,0,1,2,0.0,0,BB,JPN,Online TA,TA/TO,0,0,0,A,A,0,No Deposit,9.0,0,Transient,108.9,0,1
City Hotel,0,0,2016,June,24,9,0,1,2,0.0,0,SC,DEU,Online TA,TA/TO,0,0,0,A,A,0,No Deposit,152.0,0,Transient,69.01,0,0
City Hotel,0,2,2016,June,24,7,0,3,2,0.0,0,BB,DEU,Online TA,TA/TO,0,0,0,A,A,0,No Deposit,9.0,0,Transient,121.0,0,1
City Hotel,0,19,2016,June,24,7,0,3,2,0.0,0,BB,NLD,Direct,Direct,0,0,0,A,A,1,No Deposit,14.0,0,Transient,117.87,0,0
City Hotel,0,4,2016,June,24,6,1,3,2,0.0,0,BB,DEU,Offline TA/TO,Corporate,0,0,0,A,A,1,No Deposit,191.0,0,Transient-Party,120.0,0,1
City Hotel,0,34,2016,June,24,9,0,1,2,0.0,0,BB,PRT,Direct,Direct,0,0,0,A,A,0,No Deposit,,0,Transient,98.0,0,0
City Hotel,0,3,2016,June,24,8,0,2,2,0.0,0,SC,ESP,Online TA,TA/TO,0,0,0,A,A,0,No Deposit,9.0,0,Transient,118.0,0,1
City Hotel,0,18,2016,June,24,9,0,1,2,0.0,0,BB,USA,Direct,Direct,0,0,0,A,A,0,No Deposit,14.0,0,Transient,92.65,0,0
City Hotel,0,18,2016,June,24,9,0,1,2,0.0,0,BB,USA,Direct,Direct,0,0,0,A,A,0,No Deposit,14.0,0,Transient,92.65,0,0
City Hotel,0,125,2016,June,24,9,0,1,2,0.0,0,SC,GBR,Online TA,TA/TO,0,0,0,A,A,0,No Deposit,9.0,0,Transient,116.1,0,0
City Hotel,0,20,2016,June,24,8,0,2,2,0.0,0,BB,FRA,Online TA,TA/TO,0,0,0,D,D,0,No Deposit,9.0,0,Transient,115.6,0,2
City Hotel,0,147,2016,June,24,5,2,3,2,0.0,0,BB,DEU,Online TA,TA/TO,0,0,0,A,A,0,No Deposit,9.0,0,Transient,104.21,0,2
City Hotel,0,8,2016,June,24,7,0,3,2,0.0,0,BB,CHE,Direct,Direct,0,0,0,D,A,0,No Deposit,14.0,0,Transient,117.87,0,0
City Hotel,0,83,2016,June,24,7,0,3,2,0.0,0,HB,NLD,Online TA,TA/TO,0,0,0,D,D,0,No Deposit,9.0,0,Transient,174.6,0,0
City Hotel,0,10,2016,June,24,9,0,1,2,0.0,0,BB,FRA,Online TA,TA/TO,0,0,0,A,A,0,No Deposit,9.0,0,Transient,121.0,0,1
City Hotel,0,82,2016,June,24,6,1,3,2,0.0,0,SC,DEU,Offline TA/TO,TA/TO,0,0,0,A,A,0,No Deposit,85.0,0,Transient,72.25,0,0
City Hotel,0,29,2016,June,24,8,0,2,2,0.0,0,SC,POL,Online TA,TA/TO,0,0,0,A,A,0,No Deposit,9.0,0,Transient,103.55,0,0
City Hotel,0,21,2016,June,24,9,0,1,2,0.0,0,BB,ESP,Online TA,TA/TO,0,0,0,A,A,0,No Deposit,9.0,0,Transient,102.85,0,2
City Hotel,0,18,2016,June,24,8,0,2,2,0.0,0,BB,IRN,Online TA,TA/TO,0,0,0,A,D,0,No Deposit,9.0,0,Transient,121.0,1,2
City Hotel,0,0,2016,June,24,9,0,1,2,0.0,0,BB,PRT,Online TA,TA/TO,0,0,0,A,A,0,No Deposit,9.0,0,Transient,110.7,0,1
City Hotel,0,37,2016,June,24,9,0,1,2,0.0,0,BB,DEU,Online TA,TA/TO,0,0,0,A,A,0,No Deposit,9.0,0,Transient,108.9,0,1
City Hotel,0,41,2016,June,24,7,0,3,2,0.0,0,BB,BRA,Direct,Direct,0,0,0,D,G,0,No Deposit,,0,Transient,118.0,0,3
City Hotel,0,63,2016,June,24,9,0,1,2,0.0,0,SC,USA,Online TA,TA/TO,0,0,0,A,A,2,No Deposit,9.0,0,Transient,109.0,0,1
City Hotel,0,13,2016,June,24,8,0,2,2,0.0,0,BB,SGP,Online TA,TA/TO,0,0,0,A,A,0,No Deposit,9.0,0,Transient,121.0,0,1
City Hotel,0,45,2016,June,24,8,0,3,2,0.0,0,BB,FRA,Online TA,TA/TO,0,0,0,D,D,0,No Deposit,9.0,0,Transient,128.4,0,0
City Hotel,0,81,2016,June,24,7,0,4,2,0.0,0,BB,FRA,Online TA,TA/TO,0,0,0,D,D,0,No Deposit,9.0,0,Transient,132.6,0,0
City Hotel,0,45,2016,June,24,8,0,3,2,0.0,0,BB,FRA,Online TA,TA/TO,0,0,0,D,D,0,No Deposit,9.0,0,Transient,128.4,0,1
City Hotel,0,0,2016,June,24,10,0,1,2,0.0,0,SC,PRT,Online TA,TA/TO,0,0,0,A,D,0,No Deposit,9.0,0,Transient,109.0,0,0
City Hotel,0,1,2016,June,24,11,0,0,2,0.0,0,BB,PRT,Online TA,TA/TO,0,0,0,A,D,0,No Deposit,9.0,0,Transient,0.0,0,0
City Hotel,0,24,2016,June,24,9,0,2,2,0.0,0,BB,UKR,Online TA,TA/TO,0,0,0,D,D,0,No Deposit,9.0,0,Transient,146.0,0,2
City Hotel,0,5,2016,June,24,7,0,4,2,0.0,0,BB,DEU,Online TA,TA/TO,0,0,0,D,D,0,No Deposit,9.0,0,Transient,146.0,0,1
City Hotel,0,4,2016,June,24,7,0,4,2,0.0,0,BB,IRL,Online TA,TA/TO,0,0,0,D,D,0,No Deposit,9.0,0,Transient,146.0,0,1
City Hotel,0,111,2016,June,24,7,0,4,2,0.0,0,BB,DEU,Offline TA/TO,TA/TO,0,0,0,A,A,0,No Deposit,83.0,0,Transient,80.24,0,0
City Hotel,0,48,2016,June,24,8,0,3,2,0.0,0,BB,ARG,Online TA,TA/TO,0,0,0,D,D,0,No Deposit,7.0,0,Transient,98.87,0,2
City Hotel,0,2,2016,June,24,8,0,3,2,0.0,0,BB,TUR,Online TA,TA/TO,0,0,0,A,A,3,No Deposit,152.0,0,Transient,73.07,0,2
City Hotel,0,73,2016,June,24,9,0,2,2,0.0,0,BB,GBR,Online TA,TA/TO,0,0,0,A,A,0,No Deposit,9.0,0,Transient,126.9,0,1
City Hotel,0,38,2016,June,24,9,0,2,2,0.0,0,HB,ARG,Online TA,TA/TO,0,0,0,D,D,0,No Deposit,7.0,0,Transient,141.68,0,1
City Hotel,0,58,2016,June,24,10,0,1,2,0.0,0,SC,ESP,Online TA,TA/TO,0,0,0,A,G,5,No Deposit,9.0,0,Transient,116.1,0,1
City Hotel,0,104,2016,June,24,7,0,4,2,0.0,0,BB,DEU,Online TA,TA/TO,0,0,0,A,A,0,No Deposit,7.0,0,Transient,87.67,0,2
City Hotel,0,3,2016,June,24,10,0,1,2,0.0,0,BB,PRT,Online TA,TA/TO,0,0,0,D,D,0,No Deposit,9.0,0,Transient,136.0,0,1
City Hotel,0,74,2016,June,24,10,0,1,2,0.0,0,BB,GBR,Online TA,TA/TO,0,0,0,A,A,0,No Deposit,9.0,0,Transient,126.9,0,0
City Hotel,0,0,2016,June,24,10,0,1,2,0.0,0,SC,FRA,Direct,Direct,0,0,0,A,A,0,No Deposit,14.0,0,Transient,109.0,0,0
City Hotel,0,0,2016,June,24,10,0,1,2,0.0,0,BB,PRT,Online TA,TA/TO,0,0,0,A,A,0,No Deposit,9.0,0,Transient,130.0,1,0
City Hotel,0,215,2016,June,24,6,1,4,2,0.0,0,BB,IRL,Direct,Direct,0,0,0,A,A,0,No Deposit,14.0,0,Transient,103.53,0,1
City Hotel,0,49,2016,June,24,8,0,3,2,0.0,0,BB,ARG,Online TA,TA/TO,0,0,0,D,D,0,No Deposit,7.0,0,Transient,98.87,0,2
City Hotel,0,87,2016,June,24,10,0,2,2,0.0,0,SC,PRT,Offline TA/TO,TA/TO,0,0,0,A,D,0,No Deposit,85.0,0,Transient,72.25,0,0
City Hotel,0,62,2016,June,24,9,0,3,2,0.0,0,BB,CHE,Online TA,TA/TO,0,0,0,A,A,0,No Deposit,9.0,0,Transient,117.9,0,0
City Hotel,0,142,2016,June,24,9,0,3,2,0.0,0,SC,DNK,Online TA,TA/TO,0,0,0,A,A,0,No Deposit,9.0,0,Transient,109.2,0,1
City Hotel,0,79,2016,June,24,9,0,3,2,0.0,0,BB,IRL,Online TA,TA/TO,0,0,0,A,A,0,No Deposit,9.0,0,Transient,126.9,0,1
City Hotel,0,240,2016,June,24,9,0,3,2,0.0,0,BB,DEU,Online TA,TA/TO,0,0,0,A,A,0,No Deposit,9.0,0,Contract,106.2,0,0
City Hotel,0,70,2016,June,24,10,0,2,2,0.0,0,BB,PRT,Direct,Direct,0,0,0,A,A,0,No Deposit,,0,Transient,85.0,0,1
City Hotel,0,70,2016,June,24,10,0,2,2,0.0,0,BB,PRT,Direct,Direct,0,0,0,A,A,0,No Deposit,,0,Transient,85.0,0,1
City Hotel,0,70,2016,June,24,10,0,2,2,0.0,0,BB,PRT,Direct,Direct,0,0,0,A,A,0,No Deposit,,0,Transient,85.0,0,1
City Hotel,0,70,2016,June,24,9,0,3,2,0.0,0,BB,FRA,Online TA,TA/TO,0,0,0,A,A,0,No Deposit,9.0,0,Transient,126.9,0,0
City Hotel,0,101,2016,June,24,8,0,4,2,0.0,0,BB,DEU,Online TA,TA/TO,0,0,0,A,A,0,No Deposit,7.0,0,Transient,87.67,0,3
City Hotel,0,101,2016,June,24,8,0,4,2,0.0,0,BB,PRT,Online TA,TA/TO,0,0,0,A,A,0,No Deposit,7.0,0,Transient,87.67,0,3
City Hotel,0,75,2016,June,24,9,0,3,2,0.0,0,BB,FRA,Online TA,TA/TO,0,0,0,A,A,0,No Deposit,9.0,0,Transient,126.9,0,1
City Hotel,0,14,2016,June,24,8,0,4,2,0.0,0,BB,USA,Offline TA/TO,TA/TO,0,0,0,A,A,0,No Deposit,157.0,0,Transient,110.8,0,1
City Hotel,0,131,2016,June,24,11,0,1,2,0.0,0,BB,CHE,Direct,Direct,0,0,0,D,E,2,No Deposit,,0,Transient,135.0,0,2
City Hotel,0,6,2016,June,24,7,0,5,2,0.0,0,BB,CN,Online TA,TA/TO,0,0,0,F,F,1,No Deposit,9.0,0,Transient,213.0,0,2
City Hotel,0,74,2016,June,24,10,0,2,2,0.0,0,SC,FRA,Online TA,TA/TO,0,0,0,A,A,0,No Deposit,9.0,0,Transient,116.1,0,1
City Hotel,0,1,2016,June,24,10,0,2,2,0.0,0,BB,PRT,Direct,Direct,0,0,0,D,D,0,No Deposit,14.0,0,Transient,132.0,0,0
City Hotel,0,107,2016,June,24,10,0,2,2,0.0,0,BB,PRT,Offline TA/TO,TA/TO,0,0,0,A,A,0,No Deposit,187.0,0,Transient-Party,130.0,0,1
City Hotel,0,107,2016,June,24,10,0,2,2,0.0,0,BB,PRT,Offline TA/TO,TA/TO,0,0,0,A,A,0,No Deposit,187.0,0,Transient-Party,130.0,0,1
City Hotel,0,107,2016,June,24,10,0,2,2,0.0,0,BB,PRT,Offline TA/TO,TA/TO,0,0,0,A,A,0,No Deposit,187.0,0,Transient-Party,130.0,0,1
City Hotel,0,107,2016,June,24,10,0,2,2,0.0,0,BB,PRT,Offline TA/TO,TA/TO,0,0,0,A,A,0,No Deposit,187.0,0,Transient-Party,130.0,0,1
City Hotel,0,107,2016,June,24,10,0,2,2,0.0,0,BB,PRT,Offline TA/TO,TA/TO,0,0,0,A,A,0,No Deposit,187.0,0,Transient-Party,130.0,0,1
City Hotel,0,1,2016,June,24,11,0,1,2,0.0,0,BB,FIN,Online TA,TA/TO,0,0,0,A,D,0,No Deposit,9.0,0,Transient,121.0,0,0
City Hotel,0,107,2016,June,24,10,0,2,2,0.0,0,BB,PRT,Offline TA/TO,TA/TO,0,0,0,A,D,0,No Deposit,187.0,0,Transient-Party,130.0,0,1
City Hotel,0,107,2016,June,24,10,0,2,2,0.0,0,BB,PRT,Offline TA/TO,TA/TO,0,0,0,A,A,0,No Deposit,187.0,0,Transient-Party,130.0,0,1
City Hotel,0,107,2016,June,24,10,0,2,2,0.0,0,BB,PRT,Offline TA/TO,TA/TO,0,0,0,A,A,0,No Deposit,187.0,0,Transient-Party,130.0,0,1
City Hotel,0,231,2016,June,24,8,0,4,2,0.0,0,BB,IRL,Online TA,TA/TO,0,0,0,D,D,0,No Deposit,9.0,0,Contract,115.2,0,1
City Hotel,0,107,2016,June,24,10,0,2,2,0.0,0,BB,PRT,Offline TA/TO,TA/TO,0,0,0,A,A,0,No Deposit,187.0,0,Transient-Party,130.0,0,1
City Hotel,0,107,2016,June,24,10,0,2,2,0.0,0,BB,PRT,Offline TA/TO,TA/TO,0,0,0,A,A,0,No Deposit,187.0,0,Transient-Party,130.0,0,1
City Hotel,0,67,2016,June,24,9,0,3,2,0.0,0,SC,FRA,Online TA,TA/TO,0,0,0,A,A,0,No Deposit,9.0,0,Transient,116.1,0,1
City Hotel,0,113,2016,June,24,9,0,3,2,0.0,0,SC,FRA,Online TA,TA/TO,0,0,0,A,A,0,No Deposit,8.0,0,Transient,116.1,0,1
City Hotel,0,3,2016,June,24,11,0,1,2,0.0,0,BB,PRT,Online TA,TA/TO,0,0,0,E,E,1,No Deposit,15.0,0,Transient,128.8,0,0
City Hotel,0,5,2016,June,24,11,0,1,2,0.0,0,BB,PRT,Online TA,TA/TO,0,0,0,D,D,0,No Deposit,9.0,0,Transient,136.0,0,1
City Hotel,0,106,2016,June,24,8,0,4,2,0.0,0,BB,USA,Online TA,TA/TO,0,0,0,A,A,0,No Deposit,7.0,0,Transient,92.28,0,1
City Hotel,0,113,2016,June,24,9,0,3,2,0.0,0,SC,FRA,Online TA,TA/TO,0,0,0,A,A,0,No Deposit,7.0,0,Transient,116.1,0,0
City Hotel,0,35,2016,June,24,9,0,3,2,0.0,0,BB,FRA,Online TA,TA/TO,0,0,0,D,D,0,No Deposit,9.0,0,Transient,136.2,0,2
City Hotel,0,87,2016,June,24,9,0,3,2,0.0,0,BB,GBR,Online TA,TA/TO,0,0,0,A,A,0,No Deposit,7.0,0,Transient,97.71,0,0
City Hotel,0,136,2016,June,24,9,0,3,2,0.0,0,BB,CHE,Direct,Direct,0,0,0,A,A,1,No Deposit,,0,Transient,103.68,0,2
City Hotel,0,136,2016,June,24,9,0,3,2,0.0,0,BB,CHE,Direct,Direct,0,0,0,A,A,1,No Deposit,,0,Transient,103.68,0,2
City Hotel,0,87,2016,June,24,9,0,3,2,0.0,0,BB,GBR,Online TA,TA/TO,0,0,0,A,A,0,No Deposit,7.0,0,Transient,97.71,0,0
City Hotel,0,113,2016,June,24,9,0,3,2,0.0,0,SC,FRA,Online TA,TA/TO,0,0,0,A,A,0,No Deposit,7.0,0,Transient,116.1,0,0
City Hotel,0,113,2016,June,24,9,0,3,2,0.0,0,SC,FRA,Online TA,TA/TO,0,0,0,A,A,0,No Deposit,8.0,0,Transient,116.1,0,1
City Hotel,0,87,2016,June,24,9,0,3,2,0.0,0,BB,GBR,Online TA,TA/TO,0,0,0,A,A,0,No Deposit,7.0,0,Transient,97.71,0,1
City Hotel,0,87,2016,June,24,9,0,3,2,0.0,0,BB,GBR,Online TA,TA/TO,0,0,0,A,A,0,No Deposit,7.0,0,Transient,97.71,0,0
City Hotel,0,2,2016,June,24,10,0,2,2,0.0,0,BB,PRT,Online TA,TA/TO,0,0,0,D,D,0,No Deposit,9.0,0,Transient,136.0,0,1
City Hotel,0,1,2016,June,24,11,0,1,2,0.0,0,BB,PRT,Direct,Direct,0,0,0,D,D,0,No Deposit,,0,Transient,152.0,0,0
City Hotel,0,70,2016,June,24,9,0,3,2,0.0,0,BB,FRA,Online TA,TA/TO,0,0,0,A,A,0,No Deposit,9.0,0,Transient,126.9,0,0
City Hotel,0,82,2016,June,24,10,0,2,2,0.0,0,BB,DEU,Online TA,TA/TO,0,0,0,A,A,0,No Deposit,9.0,0,Transient,121.5,0,1
City Hotel,0,67,2016,June,24,10,0,2,2,0.0,0,BB,FRA,Direct,Direct,0,0,0,A,A,0,No Deposit,14.0,0,Transient,116.1,0,0
City Hotel,0,2,2016,June,24,11,0,1,2,0.0,0,BB,PRT,Online TA,TA/TO,0,0,0,D,D,0,No Deposit,9.0,0,Transient,136.0,0,1
City Hotel,0,83,2016,June,24,10,1,2,2,0.0,0,BB,FRA,Online TA,TA/TO,0,0,0,A,A,0,No Deposit,9.0,0,Transient,126.9,0,3
City Hotel,0,83,2016,June,24,10,1,2,2,0.0,0,BB,FRA,Online TA,TA/TO,0,0,0,A,A,0,No Deposit,9.0,0,Transient,126.9,0,3
City Hotel,0,123,2016,June,24,7,1,5,2,0.0,0,BB,FRA,Online TA,TA/TO,0,0,0,A,A,0,No Deposit,9.0,0,Transient,119.85,0,1
City Hotel,0,70,2016,June,24,9,1,3,2,0.0,0,BB,DEU,Online TA,TA/TO,0,0,0,A,A,0,No Deposit,9.0,0,Transient,126.9,0,1
City Hotel,0,19,2016,June,25,12,1,0,2,0.0,0,BB,BRA,Online TA,TA/TO,0,0,0,D,D,0,No Deposit,9.0,0,Transient,126.0,0,1
City Hotel,0,0,2016,June,24,11,1,1,2,0.0,0,BB,SWE,Online TA,TA/TO,0,0,0,A,A,0,No Deposit,7.0,0,Transient,108.57,0,0
City Hotel,0,207,2016,June,24,10,1,2,2,0.0,0,BB,IRL,Offline TA/TO,TA/TO,0,0,0,A,A,0,No Deposit,85.0,0,Transient,80.75,0,0
City Hotel,0,23,2016,June,25,12,1,0,2,0.0,0,BB,BRA,Online TA,TA/TO,0,0,0,A,A,0,No Deposit,9.0,0,Transient,94.35,0,0
City Hotel,0,66,2016,June,24,9,1,3,2,0.0,0,BB,SWE,Online TA,TA/TO,0,0,0,A,A,0,No Deposit,9.0,0,Transient,126.9,0,1
City Hotel,0,136,2016,June,24,9,1,3,2,0.0,0,BB,PRT,Direct,Direct,0,0,0,A,A,2,No Deposit,,0,Transient,103.68,0,2
City Hotel,0,57,2016,June,24,10,1,2,2,0.0,0,BB,PRT,Offline TA/TO,TA/TO,0,0,0,A,A,0,No Deposit,6.0,0,Transient-Party,90.67,0,1
City Hotel,0,132,2016,June,24,11,1,1,2,0.0,0,BB,PRT,Online TA,TA/TO,0,0,0,A,A,0,No Deposit,9.0,0,Transient,135.9,1,3
City Hotel,0,58,2016,June,24,10,1,2,2,0.0,0,SC,ESP,Online TA,TA/TO,0,0,0,A,D,2,No Deposit,9.0,0,Transient,116.1,0,1
City Hotel,0,57,2016,June,24,10,1,2,2,0.0,0,BB,PRT,Offline TA/TO,TA/TO,0,0,0,A,A,0,No Deposit,6.0,0,Transient-Party,90.67,0,1
City Hotel,0,3,2016,June,24,10,1,2,2,0.0,0,BB,PRT,Offline TA/TO,TA/TO,0,0,0,A,A,0,No Deposit,6.0,0,Transient-Party,90.67,0,0
City Hotel,0,57,2016,June,24,10,1,2,2,0.0,0,BB,PRT,Offline TA/TO,TA/TO,0,0,0,A,A,0,No Deposit,6.0,0,Transient-Party,90.67,0,1
City Hotel,0,57,2016,June,24,10,1,2,2,0.0,0,BB,PRT,Offline TA/TO,TA/TO,0,0,0,A,A,0,No Deposit,6.0,0,Transient-Party,90.67,0,1
City Hotel,0,73,2016,June,24,11,1,1,2,0.0,0,BB,FRA,Online TA,TA/TO,0,0,0,A,D,0,No Deposit,9.0,0,Transient,135.9,1,0
City Hotel,0,73,2016,June,24,11,1,1,2,0.0,0,BB,FRA,Online TA,TA/TO,0,0,0,A,D,0,No Deposit,9.0,0,Transient,126.9,0,0
City Hotel,0,3,2016,June,24,10,1,2,2,0.0,0,BB,PRT,Offline TA/TO,TA/TO,0,0,0,A,A,0,No Deposit,6.0,0,Transient-Party,90.67,0,0
City Hotel,0,57,2016,June,24,10,1,2,2,0.0,0,BB,PRT,Offline TA/TO,TA/TO,0,0,0,A,A,0,No Deposit,6.0,0,Transient-Party,90.67,0,1
City Hotel,0,57,2016,June,24,10,1,2,2,0.0,0,BB,PRT,Offline TA/TO,TA/TO,0,0,0,A,A,0,No Deposit,6.0,0,Transient-Party,90.67,0,1
City Hotel,0,57,2016,June,24,10,1,2,2,0.0,0,BB,PRT,Offline TA/TO,TA/TO,0,0,0,A,A,0,No Deposit,6.0,0,Transient-Party,90.67,0,1
City Hotel,0,57,2016,June,24,10,1,2,2,0.0,0,BB,PRT,Offline TA/TO,TA/TO,0,0,0,A,A,0,No Deposit,6.0,0,Transient-Party,90.67,0,1
City Hotel,0,57,2016,June,24,10,1,2,2,0.0,0,BB,PRT,Offline TA/TO,TA/TO,0,0,0,A,A,0,No Deposit,6.0,0,Transient-Party,90.67,0,1
City Hotel,0,57,2016,June,24,10,1,2,2,0.0,0,BB,PRT,Offline TA/TO,TA/TO,0,0,0,A,A,0,No Deposit,6.0,0,Transient-Party,90.67,0,1
City Hotel,0,65,2016,June,24,9,1,3,2,0.0,0,BB,POL,Offline TA/TO,TA/TO,0,0,0,A,A,0,No Deposit,85.0,0,Transient,80.75,0,0
City Hotel,0,57,2016,June,24,10,1,2,2,0.0,0,BB,PRT,Offline TA/TO,TA/TO,0,0,0,A,A,0,No Deposit,6.0,0,Transient-Party,90.67,0,1
City Hotel,0,57,2016,June,24,10,1,2,2,0.0,0,BB,PRT,Offline TA/TO,TA/TO,0,0,0,A,A,0,No Deposit,6.0,0,Transient-Party,0.0,0,1
City Hotel,0,57,2016,June,24,10,1,2,2,0.0,0,BB,PRT,Offline TA/TO,TA/TO,0,0,0,A,A,0,No Deposit,6.0,0,Transient-Party,90.67,0,1
City Hotel,0,57,2016,June,24,10,1,2,2,0.0,0,BB,PRT,Offline TA/TO,TA/TO,0,0,0,A,A,0,No Deposit,6.0,0,Transient-Party,90.67,0,1
City Hotel,0,57,2016,June,24,10,1,2,2,0.0,0,BB,PRT,Offline TA/TO,TA/TO,0,0,0,A,A,0,No Deposit,6.0,0,Transient-Party,90.67,0,1
City Hotel,0,137,2016,June,24,10,1,2,2,0.0,0,BB,PRT,Offline TA/TO,TA/TO,0,0,0,B,B,0,No Deposit,27.0,0,Transient-Party,80.75,0,0
City Hotel,0,19,2016,June,25,12,1,0,2,0.0,0,BB,PRT,Online TA,TA/TO,0,0,0,A,A,0,No Deposit,9.0,0,Transient,94.35,0,1
City Hotel,0,19,2016,June,25,12,1,0,2,0.0,0,BB,PRT,Online TA,TA/TO,0,0,0,A,A,0,No Deposit,9.0,0,Transient,94.35,0,1
City Hotel,0,98,2016,June,24,10,1,2,2,0.0,0,SC,NLD,Online TA,TA/TO,0,0,0,A,A,0,No Deposit,9.0,0,Transient-Party,116.1,0,2
City Hotel,0,98,2016,June,24,10,1,2,2,0.0,0,SC,PRT,Online TA,TA/TO,0,0,0,A,A,0,No Deposit,9.0,0,Transient-Party,116.1,0,3
City Hotel,0,124,2016,June,24,10,1,2,2,0.0,0,BB,CHE,Online TA,TA/TO,0,0,0,A,A,0,No Deposit,9.0,0,Transient-Party,126.9,0,2
City Hotel,0,54,2016,June,24,10,1,2,2,0.0,0,BB,FRA,Online TA,TA/TO,0,0,0,D,D,0,No Deposit,7.0,0,Transient,111.11,0,1
City Hotel,0,122,2016,June,24,9,1,3,2,0.0,0,BB,FRA,Offline TA/TO,TA/TO,0,0,0,A,D,0,No Deposit,28.0,0,Transient,75.0,0,0
City Hotel,0,57,2016,June,24,10,1,2,2,0.0,0,BB,PRT,Offline TA/TO,TA/TO,0,0,0,A,A,0,No Deposit,6.0,0,Transient-Party,90.67,0,1
City Hotel,0,140,2016,June,24,9,1,3,2,0.0,0,BB,DEU,Direct,Direct,0,0,0,D,D,0,No Deposit,14.0,0,Transient,113.48,0,0
City Hotel,0,105,2016,June,24,11,1,1,2,0.0,0,BB,ARG,Online TA,TA/TO,0,0,0,A,D,0,No Deposit,9.0,0,Transient,126.9,0,1
City Hotel,0,142,2016,June,24,10,1,2,2,0.0,0,BB,CZE,Online TA,TA/TO,0,0,0,D,D,0,No Deposit,9.0,0,Transient,129.0,0,1
City Hotel,0,105,2016,June,24,11,1,1,2,0.0,0,BB,ARG,Online TA,TA/TO,0,0,0,A,D,0,No Deposit,9.0,0,Transient,126.9,0,1
City Hotel,0,140,2016,June,24,9,1,3,2,0.0,0,BB,DEU,Direct,Direct,0,0,0,D,D,0,No Deposit,14.0,0,Transient,113.48,0,0
City Hotel,0,57,2016,June,24,10,1,2,2,0.0,0,BB,PRT,Offline TA/TO,TA/TO,0,0,0,A,A,0,No Deposit,6.0,0,Transient-Party,90.67,0,1
City Hotel,0,137,2016,June,24,10,1,2,2,0.0,0,BB,PRT,Offline TA/TO,TA/TO,0,0,0,B,B,0,No Deposit,27.0,0,Transient-Party,80.75,0,0
City Hotel,0,57,2016,June,24,10,1,2,2,0.0,0,BB,PRT,Offline TA/TO,TA/TO,0,0,0,A,A,0,No Deposit,6.0,0,Transient-Party,90.67,0,1
City Hotel,0,111,2016,June,24,9,1,3,2,0.0,0,BB,FRA,Online TA,TA/TO,0,0,0,D,D,0,No Deposit,9.0,0,Transient,132.6,0,1
City Hotel,0,137,2016,June,24,10,1,2,2,0.0,0,BB,CHE,Direct,Direct,0,0,0,D,D,0,No Deposit,,0,Transient,135.0,0,1
City Hotel,0,5,2016,June,25,12,1,0,2,0.0,0,BB,FRA,Online TA,TA/TO,0,0,0,A,A,0,No Deposit,9.0,0,Transient,131.0,0,0
City Hotel,0,102,2016,June,24,8,1,4,2,0.0,0,BB,DEU,Online TA,TA/TO,0,0,0,A,A,0,No Deposit,9.0,0,Transient,119.85,0,1
City Hotel,0,124,2016,June,24,10,1,2,2,0.0,0,BB,CHE,Online TA,TA/TO,0,0,0,A,A,0,No Deposit,9.0,0,Transient-Party,126.9,0,2
City Hotel,0,57,2016,June,24,10,1,2,2,0.0,0,BB,PRT,Offline TA/TO,TA/TO,0,0,0,A,A,0,No Deposit,6.0,0,Transient-Party,90.67,0,1
City Hotel,0,57,2016,June,24,10,1,2,2,0.0,0,BB,PRT,Offline TA/TO,TA/TO,0,0,0,A,A,0,No Deposit,6.0,0,Transient-Party,90.67,0,1
City Hotel,0,57,2016,June,24,10,1,2,2,0.0,0,BB,PRT,Offline TA/TO,TA/TO,0,0,0,A,A,0,No Deposit,6.0,0,Transient-Party,90.67,0,1
City Hotel,0,16,2016,June,25,12,1,0,2,0.0,0,BB,PRT,Complementary,Direct,0,0,0,G,G,0,No Deposit,,0,Transient,0.0,1,2
City Hotel,0,57,2016,June,24,10,1,2,2,0.0,0,BB,PRT,Offline TA/TO,TA/TO,0,0,0,A,A,0,No Deposit,6.0,0,Transient-Party,90.67,0,1
City Hotel,0,3,2016,June,25,12,1,0,2,0.0,0,BB,GBR,Online TA,TA/TO,0,0,0,A,A,0,No Deposit,9.0,0,Transient,121.0,0,1
City Hotel,0,57,2016,June,24,10,1,2,2,0.0,0,BB,PRT,Offline TA/TO,TA/TO,0,0,0,A,A,0,No Deposit,6.0,0,Transient-Party,90.67,0,1
City Hotel,0,57,2016,June,24,10,1,2,2,0.0,0,BB,PRT,Offline TA/TO,TA/TO,0,0,0,A,A,0,No Deposit,6.0,0,Transient-Party,90.67,0,1
City Hotel,0,57,2016,June,24,10,1,2,2,0.0,0,BB,PRT,Offline TA/TO,TA/TO,0,0,0,A,D,0,No Deposit,6.0,0,Transient-Party,90.67,0,1
City Hotel,0,57,2016,June,24,10,1,2,2,0.0,0,BB,PRT,Offline TA/TO,TA/TO,0,0,0,A,A,0,No Deposit,6.0,0,Transient-Party,90.67,0,1
City Hotel,0,3,2016,June,25,12,1,0,2,0.0,0,BB,PRT,Direct,Direct,0,0,0,A,A,0,No Deposit,,0,Transient,100.0,0,0
City Hotel,0,57,2016,June,24,10,1,2,2,0.0,0,BB,PRT,Offline TA/TO,TA/TO,0,0,0,A,A,0,No Deposit,6.0,0,Transient-Party,90.67,0,1
City Hotel,0,57,2016,June,24,10,1,2,2,0.0,0,BB,PRT,Offline TA/TO,TA/TO,0,0,0,A,A,0,No Deposit,6.0,0,Transient-Party,90.67,0,1
City Hotel,0,20,2016,June,25,12,1,0,2,0.0,0,BB,PRT,Online TA,TA/TO,0,0,0,A,A,0,No Deposit,9.0,0,Transient,94.35,0,0
City Hotel,0,17,2016,June,25,12,1,0,2,0.0,0,BB,GBR,Online TA,TA/TO,0,0,0,A,A,0,No Deposit,7.0,0,Transient,85.47,0,1
City Hotel,0,149,2016,June,24,10,1,2,2,0.0,0,BB,DEU,Online TA,TA/TO,0,0,0,A,A,0,No Deposit,9.0,0,Transient,120.0,0,1
City Hotel,0,7,2016,June,24,9,1,3,2,0.0,0,BB,FRA,Online TA,TA/TO,0,0,0,D,D,0,No Deposit,9.0,0,Transient,151.0,0,1
City Hotel,0,1,2016,June,24,11,1,1,2,0.0,0,BB,PRT,Online TA,TA/TO,0,0,0,D,E,0,No Deposit,9.0,0,Transient,136.0,0,2
City Hotel,0,0,2016,June,25,12,2,0,2,0.0,0,SC,GBR,Online TA,TA/TO,0,0,0,A,A,0,No Deposit,152.0,0,Transient,69.74,0,0
City Hotel,0,25,2016,June,25,12,2,0,2,0.0,0,BB,FRA,Online TA,TA/TO,0,0,0,A,A,0,No Deposit,9.0,0,Transient,94.35,0,1
City Hotel,0,14,2016,June,25,12,2,0,2,0.0,0,SC,PRT,Online TA,TA/TO,0,0,0,A,A,0,No Deposit,9.0,0,Transient,109.0,0,1
City Hotel,0,139,2016,June,25,13,1,0,2,0.0,0,BB,DEU,Online TA,TA/TO,0,0,0,A,A,0,No Deposit,9.0,0,Transient,126.9,0,0
City Hotel,0,117,2016,June,24,9,2,3,2,0.0,0,SC,PRT,Online TA,TA/TO,0,0,0,A,A,3,No Deposit,9.0,0,Transient-Party,105.26,0,0
City Hotel,0,117,2016,June,24,9,2,3,2,0.0,0,SC,FRA,Online TA,TA/TO,0,0,0,A,A,3,No Deposit,9.0,0,Transient-Party,105.26,0,0
City Hotel,0,2,2016,June,25,13,1,0,2,0.0,0,SC,USA,Online TA,TA/TO,0,0,0,A,A,0,No Deposit,9.0,0,Transient,79.0,0,1
City Hotel,0,118,2016,June,24,11,2,1,2,0.0,0,BB,CHE,Online TA,TA/TO,0,0,0,D,D,0,No Deposit,9.0,0,Transient,140.4,0,1
City Hotel,0,24,2016,June,25,12,2,0,2,0.0,0,BB,ITA,Online TA,TA/TO,0,0,0,A,A,0,No Deposit,9.0,0,Transient,94.35,0,3
City Hotel,0,58,2016,June,24,10,2,2,2,0.0,0,BB,AUS,Direct,Direct,0,0,0,A,A,1,No Deposit,14.0,0,Transient,132.85,0,0
City Hotel,0,147,2016,June,24,11,2,1,2,0.0,0,BB,ESP,Direct,Direct,0,0,0,A,A,0,No Deposit,14.0,0,Transient-Party,102.3,0,0
City Hotel,0,147,2016,June,24,11,2,1,2,0.0,0,BB,BIH,Direct,Direct,0,0,0,A,A,0,No Deposit,14.0,0,Transient-Party,102.3,0,0
City Hotel,0,1,2016,June,25,13,1,0,2,0.0,0,SC,GBR,Online TA,TA/TO,0,0,0,A,A,0,No Deposit,9.0,0,Transient,88.0,1,1
City Hotel,0,147,2016,June,24,11,2,1,2,0.0,0,BB,PRT,Direct,Direct,0,0,0,A,A,0,No Deposit,14.0,0,Transient-Party,102.3,0,0
City Hotel,0,54,2016,June,24,11,2,1,2,0.0,0,SC,DEU,Offline TA/TO,TA/TO,0,0,0,A,D,0,No Deposit,138.0,0,Transient,85.0,0,0
City Hotel,0,17,2016,June,25,13,1,0,2,0.0,0,BB,PRT,Online TA,TA/TO,0,0,0,A,A,0,No Deposit,9.0,0,Transient,101.0,0,1
City Hotel,0,18,2016,June,25,13,1,0,2,0.0,0,BB,PRT,Online TA,TA/TO,0,0,0,D,A,0,No Deposit,7.0,0,Transient,97.02,0,0
City Hotel,0,4,2016,June,25,13,1,0,2,0.0,0,SC,ESP,Online TA,TA/TO,0,0,0,A,A,0,No Deposit,9.0,0,Transient,99.0,0,2
City Hotel,0,147,2016,June,24,11,2,1,2,0.0,0,BB,ITA,Direct,Direct,0,0,0,A,A,0,No Deposit,14.0,0,Transient-Party,102.3,0,0
City Hotel,0,13,2016,June,25,13,1,0,2,0.0,0,SC,DEU,Online TA,TA/TO,0,0,0,A,A,0,No Deposit,9.0,0,Transient,89.0,0,2
City Hotel,0,26,2016,June,24,11,2,1,2,0.0,0,BB,PRT,Offline TA/TO,TA/TO,0,0,0,A,A,0,No Deposit,138.0,0,Transient,95.0,0,0
City Hotel,0,2,2016,June,25,12,2,0,2,0.0,0,SC,PRT,Online TA,TA/TO,0,0,0,A,A,0,No Deposit,9.0,0,Transient,108.5,0,2
City Hotel,0,11,2016,June,25,12,2,0,2,0.0,0,BB,SWE,Direct,Direct,0,0,0,E,E,0,No Deposit,14.0,0,Transient,133.45,0,0
City Hotel,0,3,2016,June,25,12,2,0,2,0.0,0,BB,FRA,Direct,Direct,0,0,0,D,D,0,No Deposit,14.0,0,Transient,127.0,0,0
City Hotel,0,137,2016,June,24,10,2,2,2,0.0,0,BB,CHE,Direct,Direct,0,0,0,D,D,0,No Deposit,,0,Transient,135.0,0,1
City Hotel,0,147,2016,June,24,11,2,1,2,0.0,0,BB,CHE,Direct,Direct,0,0,0,A,A,0,No Deposit,14.0,0,Transient-Party,102.3,0,0
City Hotel,0,1,2016,June,25,13,1,0,2,0.0,0,BB,FRA,Online TA,TA/TO,0,0,0,A,A,1,No Deposit,9.0,0,Transient,99.0,0,1
City Hotel,0,92,2016,June,24,10,2,2,2,0.0,0,BB,FRA,Online TA,TA/TO,0,0,0,A,A,0,No Deposit,9.0,0,Transient,119.85,0,2
City Hotel,0,24,2016,June,25,12,2,0,2,0.0,0,BB,ITA,Online TA,TA/TO,0,0,0,A,A,0,No Deposit,9.0,0,Transient,94.35,0,3
City Hotel,0,9,2016,June,25,13,1,0,2,0.0,0,SC,ESP,Online TA,TA/TO,0,0,0,A,A,0,No Deposit,9.0,0,Transient,89.0,0,0
City Hotel,0,54,2016,June,24,11,2,1,2,0.0,0,BB,CHE,Direct,Direct,0,0,0,D,D,0,No Deposit,,0,Transient,145.8,0,1
City Hotel,0,4,2016,June,25,12,2,0,2,0.0,0,SC,FRA,Offline TA/TO,TA/TO,0,0,0,A,A,0,No Deposit,28.0,0,Transient,72.25,0,0
City Hotel,0,75,2016,June,24,8,2,4,2,0.0,0,BB,FRA,Offline TA/TO,TA/TO,0,0,0,A,A,0,No Deposit,173.0,0,Transient,80.75,0,0
City Hotel,0,147,2016,June,24,11,2,1,2,0.0,0,BB,PRT,Direct,Direct,0,0,0,A,A,0,No Deposit,14.0,0,Transient-Party,102.3,0,0
City Hotel,0,6,2016,June,25,13,1,0,2,0.0,0,SC,PRT,Online TA,TA/TO,0,0,0,A,A,0,No Deposit,9.0,0,Transient,89.0,0,0
City Hotel,0,1,2016,June,25,12,2,0,2,0.0,0,SC,PRT,Online TA,TA/TO,0,0,0,A,A,0,No Deposit,9.0,0,Transient,104.0,0,0
City Hotel,0,4,2016,June,24,11,2,1,2,0.0,0,BB,PRT,Direct,Direct,0,0,0,G,G,0,No Deposit,14.0,0,Transient,204.62,1,0
City Hotel,0,4,2016,June,25,12,2,0,2,0.0,0,BB,BRA,Online TA,TA/TO,0,0,0,A,A,0,No Deposit,9.0,0,Transient,120.5,0,1
City Hotel,0,95,2016,June,24,10,2,2,2,0.0,0,BB,BRA,Online TA,TA/TO,0,0,0,A,A,0,No Deposit,9.0,0,Transient-Party,119.85,0,1
City Hotel,0,95,2016,June,24,10,2,2,2,0.0,0,BB,PRT,Online TA,TA/TO,0,0,0,A,A,0,No Deposit,9.0,0,Transient-Party,119.85,0,0
City Hotel,0,14,2016,June,25,13,1,1,2,0.0,0,BB,ESP,Online TA,TA/TO,0,0,0,A,A,0,No Deposit,9.0,0,Transient,101.0,0,1
City Hotel,0,13,2016,June,25,14,0,1,2,0.0,0,SC,USA,Online TA,TA/TO,0,0,0,A,A,0,No Deposit,9.0,0,Transient,89.0,0,0
City Hotel,0,34,2016,June,25,12,2,1,2,0.0,0,BB,USA,Online TA,TA/TO,0,0,0,B,B,1,No Deposit,9.0,0,Transient,119.5,0,1
City Hotel,0,29,2016,June,25,14,0,1,2,0.0,0,SC,PRT,Direct,Direct,0,0,0,A,A,0,No Deposit,14.0,0,Transient,108.0,0,1
City Hotel,0,1,2016,June,25,13,1,1,2,0.0,0,SC,GBR,Online TA,TA/TO,0,0,0,A,A,0,No Deposit,9.0,0,Transient,79.0,0,2
City Hotel,0,24,2016,June,25,13,1,1,2,0.0,0,SC,GBR,Online TA,TA/TO,0,0,0,A,A,0,No Deposit,15.0,0,Transient,79.2,0,0
City Hotel,0,5,2016,June,25,14,0,1,2,0.0,0,BB,PRT,Corporate,Corporate,0,0,0,A,A,1,No Deposit,,0,Transient,100.0,0,0
City Hotel,0,0,2016,June,25,14,0,1,2,0.0,0,BB,ESP,Direct,Direct,0,0,0,A,A,0,No Deposit,,0,Transient,99.0,0,0
City Hotel,0,1,2016,June,25,13,1,1,2,0.0,0,SC,IRN,Online TA,TA/TO,0,0,0,A,A,0,No Deposit,9.0,0,Transient,79.0,0,1
City Hotel,0,0,2016,June,25,13,1,1,2,0.0,0,BB,FRA,Online TA,TA/TO,0,0,0,A,A,0,No Deposit,9.0,0,Transient,111.0,0,0
City Hotel,0,67,2016,June,25,12,2,1,2,0.0,0,BB,AUT,Offline TA/TO,TA/TO,0,0,0,A,A,0,No Deposit,27.0,0,Transient,80.75,0,0
City Hotel,0,95,2016,June,24,9,2,4,2,0.0,0,BB,BEL,Online TA,TA/TO,0,0,0,A,A,0,No Deposit,9.0,0,Transient,119.85,0,2
City Hotel,0,159,2016,December,52,22,4,8,2,0.0,0,BB,BEL,Online TA,TA/TO,1,0,1,F,F,1,No Deposit,9.0,0,Transient,146.2,0,2
City Hotel,0,208,2016,June,24,11,2,2,2,0.0,0,BB,BEL,Offline TA/TO,TA/TO,0,0,0,A,D,0,No Deposit,83.0,0,Contract,80.24,0,2
City Hotel,0,208,2016,June,24,11,2,2,2,0.0,0,BB,PRT,Offline TA/TO,TA/TO,0,0,0,A,D,0,No Deposit,83.0,0,Contract,80.24,0,2
City Hotel,0,208,2016,June,24,11,2,2,2,0.0,0,BB,PRT,Offline TA/TO,TA/TO,0,0,0,A,A,0,No Deposit,83.0,0,Contract,80.24,0,2
City Hotel,0,1,2016,June,25,13,1,1,2,0.0,0,BB,PRT,Online TA,TA/TO,0,0,0,A,A,0,No Deposit,9.0,0,Transient,91.0,0,1
City Hotel,0,132,2016,June,24,10,2,3,2,0.0,0,BB,PRT,Offline TA/TO,TA/TO,0,0,0,D,D,0,No Deposit,173.0,0,Transient,90.95,0,0
City Hotel,0,87,2016,June,24,11,2,2,2,0.0,0,BB,PRT,Offline TA/TO,TA/TO,0,0,0,A,A,0,No Deposit,85.0,0,Transient,80.75,0,0
City Hotel,0,87,2016,June,24,11,2,2,2,0.0,0,BB,PRT,Offline TA/TO,TA/TO,0,0,0,A,D,0,No Deposit,118.0,0,Transient,95.0,0,0
City Hotel,0,82,2016,June,24,8,2,5,2,0.0,0,BB,GBR,Offline TA/TO,TA/TO,0,0,0,A,A,1,No Deposit,138.0,0,Transient,115.0,0,0
City Hotel,0,1,2016,June,25,14,0,1,2,0.0,0,BB,PRT,Online TA,TA/TO,0,0,0,A,A,0,No Deposit,9.0,0,Transient,111.0,0,1
City Hotel,0,1,2016,June,25,14,0,1,2,0.0,0,BB,PRT,Online TA,TA/TO,0,0,0,A,A,0,No Deposit,9.0,0,Transient,111.0,0,1
City Hotel,0,13,2016,June,25,12,2,1,2,0.0,0,SC,DNK,Online TA,TA/TO,0,0,0,A,A,0,No Deposit,9.0,0,Transient,102.33,0,0
City Hotel,0,0,2016,June,25,13,1,1,2,0.0,0,BB,CHE,Online TA,TA/TO,0,0,0,A,A,0,No Deposit,9.0,0,Transient,111.0,0,1
City Hotel,0,83,2016,June,25,14,0,1,2,0.0,0,BB,TWN,Online TA,TA/TO,0,0,0,D,D,0,No Deposit,9.0,0,Transient,167.4,0,1
City Hotel,0,16,2016,June,25,12,2,1,2,0.0,0,SC,FRA,Online TA,TA/TO,0,0,0,A,A,0,No Deposit,9.0,0,Transient,102.33,0,0
City Hotel,0,21,2016,June,25,12,2,1,2,0.0,0,BB,ESP,Online TA,TA/TO,0,0,0,A,A,0,No Deposit,9.0,0,Transient,94.35,0,1
City Hotel,0,130,2016,June,24,8,2,5,2,0.0,0,BB,GBR,Direct,Direct,0,0,0,A,A,0,No Deposit,14.0,0,Transient,109.65,0,1
City Hotel,0,122,2016,June,24,11,2,2,2,0.0,0,SC,GBR,Online TA,TA/TO,0,0,0,A,D,0,No Deposit,9.0,0,Transient,109.65,0,0
City Hotel,0,2,2016,June,25,14,0,1,2,0.0,0,BB,PRT,Online TA,TA/TO,0,0,0,A,A,0,No Deposit,9.0,0,Transient,91.0,0,1
City Hotel,0,18,2016,June,25,12,2,1,2,0.0,0,HB,DEU,Online TA,TA/TO,0,0,0,A,A,0,No Deposit,9.0,0,Transient,149.0,0,0
City Hotel,0,20,2016,June,25,12,2,1,2,0.0,0,SC,CHE,Online TA,TA/TO,0,0,0,A,A,0,No Deposit,9.0,0,Transient,99.0,0,1
City Hotel,0,7,2016,June,25,13,1,1,2,0.0,0,BB,NOR,Online TA,TA/TO,0,0,0,A,A,0,No Deposit,7.0,0,Transient,77.77,0,1
City Hotel,0,9,2016,June,25,13,1,1,2,0.0,0,BB,FRA,Online TA,TA/TO,0,0,0,A,A,0,No Deposit,155.0,0,Transient,107.0,0,1
City Hotel,0,1,2016,June,25,14,0,1,2,0.0,0,SC,CHE,Online TA,TA/TO,0,0,0,A,A,0,No Deposit,9.0,0,Transient,99.0,0,0
City Hotel,0,8,2016,June,25,14,0,1,2,0.0,0,BB,ECU,Online TA,TA/TO,0,0,0,A,A,0,No Deposit,9.0,0,Transient,101.0,0,2
City Hotel,0,2,2016,June,25,13,1,1,2,0.0,0,BB,FRA,Online TA,TA/TO,0,0,0,A,A,0,No Deposit,9.0,0,Transient,91.0,0,2
City Hotel,0,0,2016,June,25,14,0,1,2,0.0,0,BB,SRB,Online TA,TA/TO,0,0,0,A,A,0,No Deposit,9.0,0,Transient,111.0,0,1
City Hotel,0,0,2016,June,25,14,0,1,2,0.0,0,BB,HRV,Online TA,TA/TO,0,0,0,A,A,0,No Deposit,9.0,0,Transient,111.0,0,1
City Hotel,0,137,2016,June,25,13,1,1,2,0.0,0,BB,USA,Online TA,TA/TO,0,0,0,A,A,0,No Deposit,11.0,0,Transient,101.53,0,2
City Hotel,0,61,2016,June,25,12,2,1,2,0.0,0,BB,IRL,Offline TA/TO,TA/TO,0,0,0,D,D,0,No Deposit,42.0,0,Transient,90.95,0,1
City Hotel,0,0,2016,June,25,13,1,2,2,0.0,0,BB,FRA,Offline TA/TO,TA/TO,0,0,0,A,A,0,No Deposit,28.0,0,Transient,80.75,0,0
City Hotel,0,18,2016,June,25,12,2,2,2,0.0,0,BB,GBR,Direct,Direct,0,0,0,A,A,0,No Deposit,14.0,0,Transient,90.53,0,0
City Hotel,0,7,2016,June,25,13,1,2,2,0.0,0,SC,ITA,Online TA,TA/TO,0,0,0,A,A,0,No Deposit,9.0,0,Transient,102.33,0,1
City Hotel,0,14,2016,June,26,20,1,0,2,0.0,0,SC,ITA,Online TA,TA/TO,0,0,1,A,A,0,No Deposit,9.0,0,Transient,129.0,0,1
City Hotel,0,256,2016,June,25,15,0,1,2,0.0,0,HB,PRT,Offline TA/TO,TA/TO,0,0,0,A,A,0,No Deposit,6.0,0,Transient-Party,115.0,0,1
City Hotel,0,12,2016,June,25,13,1,2,2,0.0,0,BB,BEL,Offline TA/TO,TA/TO,0,0,0,A,A,0,No Deposit,6.0,0,Transient,105.0,0,0
City Hotel,0,9,2016,June,25,15,0,1,2,0.0,0,BB,PRT,Direct,Direct,0,0,0,A,A,0,No Deposit,14.0,0,Transient,148.0,1,0
City Hotel,0,116,2016,June,25,15,0,1,2,0.0,0,BB,DEU,Online TA,TA/TO,0,0,0,A,A,2,No Deposit,9.0,0,Transient,126.9,0,1
City Hotel,0,113,2016,June,25,13,1,2,2,0.0,0,SC,CHE,Online TA,TA/TO,0,0,0,A,A,0,No Deposit,9.0,0,Transient,116.1,0,1
City Hotel,0,21,2016,June,25,12,2,2,2,0.0,0,HB,ESP,Online TA,TA/TO,0,0,0,A,A,0,No Deposit,9.0,0,Transient,156.5,0,1
City Hotel,0,155,2016,June,25,14,0,2,2,0.0,0,HB,PRT,Offline TA/TO,TA/TO,0,0,0,A,A,0,No Deposit,83.0,0,Transient,119.24,1,0
City Hotel,0,9,2016,June,25,12,2,2,2,0.0,0,BB,NLD,Online TA,TA/TO,0,0,0,A,A,0,No Deposit,9.0,0,Transient,121.0,0,1
City Hotel,0,2,2016,June,25,13,1,2,2,0.0,0,HB,PRT,Online TA,TA/TO,0,0,0,A,A,0,No Deposit,9.0,0,Transient,145.67,0,2
City Hotel,0,20,2016,June,25,13,1,2,2,0.0,0,SC,FRA,Online TA,TA/TO,0,0,0,A,A,0,No Deposit,9.0,0,Transient,109.0,0,1
City Hotel,0,15,2016,June,25,15,0,1,2,0.0,0,BB,PRT,Offline TA/TO,TA/TO,0,0,0,A,A,0,No Deposit,85.0,0,Transient,95.0,0,1
City Hotel,0,115,2016,June,24,11,2,4,2,0.0,0,BB,DEU,Online TA,TA/TO,0,0,0,A,D,0,No Deposit,9.0,0,Transient,119.85,0,1
City Hotel,0,0,2016,June,25,16,0,1,2,0.0,0,BB,PRT,Direct,Direct,0,0,0,A,F,0,No Deposit,,0,Transient,119.0,0,1
City Hotel,0,34,2016,June,25,14,0,3,2,0.0,0,SC,PRT,Online TA,TA/TO,0,0,0,A,A,0,No Deposit,9.0,0,Transient,107.1,0,1
City Hotel,0,6,2016,June,24,10,2,5,2,0.0,0,BB,DEU,Online TA,TA/TO,0,0,0,D,E,0,No Deposit,9.0,0,Transient,144.57,0,2
City Hotel,0,133,2016,June,25,13,1,3,2,0.0,0,BB,FRA,Offline TA/TO,TA/TO,0,0,0,A,D,0,No Deposit,28.0,0,Transient,76.0,0,0
City Hotel,0,256,2016,June,25,15,0,2,2,0.0,0,HB,DEU,Offline TA/TO,TA/TO,0,0,0,A,A,0,No Deposit,6.0,0,Transient-Party,115.0,0,1
City Hotel,0,0,2016,June,25,13,1,3,2,0.0,0,BB,CHE,Online TA,TA/TO,0,0,0,F,F,0,No Deposit,7.0,0,Transient,150.92,0,1
City Hotel,0,256,2016,June,25,15,0,2,2,0.0,0,HB,DEU,Offline TA/TO,TA/TO,0,0,0,A,A,0,No Deposit,6.0,0,Transient-Party,112.0,0,1
City Hotel,0,256,2016,June,25,15,0,2,2,0.0,0,HB,DEU,Offline TA/TO,TA/TO,0,0,0,A,A,0,No Deposit,6.0,0,Transient-Party,115.0,0,1
City Hotel,0,256,2016,June,25,15,0,2,2,0.0,0,HB,DEU,Offline TA/TO,TA/TO,0,0,0,A,A,0,No Deposit,6.0,0,Transient-Party,115.0,0,1
City Hotel,0,256,2016,June,25,15,0,2,2,0.0,0,HB,DEU,Offline TA/TO,TA/TO,0,0,0,A,A,0,No Deposit,6.0,0,Transient-Party,115.0,0,1
City Hotel,0,256,2016,June,25,15,0,2,2,0.0,0,HB,DEU,Offline TA/TO,TA/TO,0,0,0,A,A,0,No Deposit,6.0,0,Transient-Party,115.0,0,1
City Hotel,0,256,2016,June,25,15,0,2,2,0.0,0,HB,DEU,Offline TA/TO,TA/TO,0,0,0,A,A,0,No Deposit,6.0,0,Transient-Party,115.0,0,1
City Hotel,0,256,2016,June,25,15,0,2,2,0.0,0,HB,DEU,Offline TA/TO,TA/TO,0,0,0,A,A,0,No Deposit,6.0,0,Transient-Party,115.0,0,1
City Hotel,0,115,2016,June,25,14,0,3,2,0.0,0,BB,ESP,Online TA,TA/TO,0,0,0,A,A,0,No Deposit,9.0,0,Transient,135.9,1,2
City Hotel,0,256,2016,June,25,15,0,2,2,0.0,0,HB,PRT,Offline TA/TO,TA/TO,0,0,0,A,A,0,No Deposit,6.0,0,Transient-Party,115.0,0,1
City Hotel,0,256,2016,June,25,15,0,2,2,0.0,0,HB,DEU,Offline TA/TO,TA/TO,0,0,0,A,A,0,No Deposit,6.0,0,Transient-Party,115.0,0,1
City Hotel,0,256,2016,June,25,15,0,2,2,0.0,0,HB,DEU,Offline TA/TO,TA/TO,0,0,0,A,A,0,No Deposit,6.0,0,Transient-Party,115.0,0,1
City Hotel,0,256,2016,June,25,15,0,2,2,0.0,0,HB,DEU,Offline TA/TO,TA/TO,0,0,0,A,A,0,No Deposit,6.0,0,Transient-Party,115.0,0,1
City Hotel,0,256,2016,June,25,15,0,2,2,0.0,0,HB,DEU,Offline TA/TO,TA/TO,0,0,0,A,A,0,No Deposit,6.0,0,Transient-Party,115.0,0,1
City Hotel,0,256,2016,June,25,15,0,2,2,0.0,0,HB,DEU,Offline TA/TO,TA/TO,0,0,0,A,A,0,No Deposit,6.0,0,Transient-Party,115.0,0,1
City Hotel,0,256,2016,June,25,15,0,2,2,0.0,0,HB,DEU,Offline TA/TO,TA/TO,0,0,0,A,A,0,No Deposit,6.0,0,Transient-Party,115.0,0,1
City Hotel,0,256,2016,June,25,15,0,2,2,0.0,0,HB,DEU,Offline TA/TO,TA/TO,0,0,0,A,A,0,No Deposit,6.0,0,Transient-Party,115.0,0,1
City Hotel,0,107,2016,June,25,13,1,3,2,0.0,0,BB,DEU,Online TA,TA/TO,0,0,0,A,A,0,No Deposit,7.0,0,Transient,87.67,0,1
City Hotel,0,256,2016,June,25,15,0,2,2,0.0,0,HB,DEU,Offline TA/TO,TA/TO,0,0,0,A,A,0,No Deposit,6.0,0,Transient-Party,115.0,0,1
City Hotel,0,256,2016,June,25,15,0,2,2,0.0,0,HB,PRT,Offline TA/TO,TA/TO,0,0,0,A,A,0,No Deposit,6.0,0,Transient-Party,115.0,0,1
City Hotel,0,36,2016,June,25,16,0,1,2,0.0,0,SC,GBR,Online TA,TA/TO,0,0,0,A,F,0,No Deposit,9.0,0,Transient,116.1,0,1
City Hotel,0,256,2016,June,25,15,0,2,2,0.0,0,HB,DEU,Offline TA/TO,TA/TO,0,0,0,A,A,0,No Deposit,6.0,0,Transient-Party,115.0,0,1
City Hotel,0,256,2016,June,25,15,0,2,2,0.0,0,HB,DEU,Offline TA/TO,TA/TO,0,0,0,A,A,0,No Deposit,6.0,0,Transient-Party,115.0,0,1
City Hotel,0,256,2016,June,25,15,0,2,2,0.0,0,HB,DEU,Offline TA/TO,TA/TO,0,0,0,A,A,0,No Deposit,6.0,0,Transient-Party,115.0,0,1
City Hotel,0,256,2016,June,25,15,0,2,2,0.0,0,HB,DEU,Offline TA/TO,TA/TO,0,0,0,A,A,0,No Deposit,6.0,0,Transient-Party,115.0,0,0
City Hotel,0,256,2016,June,25,15,0,2,2,0.0,0,HB,DEU,Offline TA/TO,TA/TO,0,0,0,A,A,0,No Deposit,6.0,0,Transient-Party,115.0,0,1
City Hotel,0,157,2016,June,25,14,0,3,2,0.0,0,BB,DEU,Online TA,TA/TO,0,0,0,D,D,0,No Deposit,9.0,0,Transient,132.9,0,1
City Hotel,0,256,2016,June,25,15,0,2,2,0.0,0,HB,PRT,Offline TA/TO,TA/TO,0,0,0,A,A,0,No Deposit,6.0,0,Transient-Party,115.0,0,1
City Hotel,0,256,2016,June,25,15,0,2,2,0.0,0,HB,PRT,Offline TA/TO,TA/TO,0,0,0,A,A,0,No Deposit,6.0,0,Transient-Party,115.0,0,1
City Hotel,0,256,2016,June,25,15,0,2,2,0.0,0,HB,DEU,Offline TA/TO,TA/TO,0,0,0,A,A,0,No Deposit,6.0,0,Transient-Party,115.0,0,1
City Hotel,0,256,2016,June,25,15,0,2,2,0.0,0,HB,DEU,Offline TA/TO,TA/TO,0,0,0,A,A,0,No Deposit,6.0,0,Transient-Party,115.0,0,1
City Hotel,0,256,2016,June,25,15,0,2,2,0.0,0,HB,DEU,Offline TA/TO,TA/TO,0,0,0,A,A,0,No Deposit,6.0,0,Transient-Party,115.0,0,1
City Hotel,0,256,2016,June,25,15,0,2,2,0.0,0,HB,DEU,Offline TA/TO,TA/TO,0,0,0,A,A,0,No Deposit,6.0,0,Transient-Party,115.0,0,1
City Hotel,0,256,2016,June,25,15,0,2,2,0.0,0,HB,DEU,Offline TA/TO,TA/TO,0,0,0,A,A,0,No Deposit,6.0,0,Transient-Party,115.0,0,1
City Hotel,0,256,2016,June,25,15,0,2,2,0.0,0,HB,AUT,Offline TA/TO,TA/TO,0,0,0,A,A,0,No Deposit,6.0,0,Transient-Party,115.0,0,1
City Hotel,0,256,2016,June,25,15,0,2,2,0.0,0,HB,DEU,Offline TA/TO,TA/TO,0,0,0,A,A,0,No Deposit,6.0,0,Transient-Party,115.0,0,1
City Hotel,0,76,2016,June,25,13,1,3,2,0.0,0,BB,DEU,Offline TA/TO,TA/TO,0,0,0,A,A,0,No Deposit,83.0,0,Transient,116.28,0,0
City Hotel,0,256,2016,June,25,15,0,2,2,0.0,0,HB,DEU,Offline TA/TO,TA/TO,0,0,0,A,A,0,No Deposit,6.0,0,Transient-Party,115.0,0,1
City Hotel,0,243,2016,June,25,14,0,3,2,0.0,0,BB,NLD,Direct,Direct,0,0,0,D,D,0,No Deposit,14.0,0,Transient,106.2,0,0
City Hotel,0,256,2016,June,25,15,0,2,2,0.0,0,HB,DEU,Offline TA/TO,TA/TO,0,0,0,A,A,0,No Deposit,6.0,0,Transient-Party,115.0,0,1
City Hotel,0,256,2016,June,25,15,0,2,2,0.0,0,HB,DEU,Offline TA/TO,TA/TO,0,0,0,A,A,0,No Deposit,6.0,0,Transient-Party,115.0,0,1
City Hotel,0,256,2016,June,25,15,0,2,2,0.0,0,HB,DEU,Offline TA/TO,TA/TO,0,0,0,A,A,0,No Deposit,6.0,0,Transient-Party,115.0,0,1
City Hotel,0,138,2016,June,25,12,2,3,2,0.0,0,BB,PRT,Offline TA/TO,TA/TO,0,0,0,D,D,0,No Deposit,85.0,0,Transient,90.95,0,0
City Hotel,0,256,2016,June,25,15,0,2,2,0.0,0,HB,DEU,Offline TA/TO,TA/TO,0,0,0,A,A,0,No Deposit,6.0,0,Transient-Party,115.0,0,1
City Hotel,0,256,2016,June,25,15,0,2,2,0.0,0,HB,DEU,Offline TA/TO,TA/TO,0,0,0,A,A,0,No Deposit,6.0,0,Transient-Party,115.0,0,1
City Hotel,0,256,2016,June,25,15,0,2,2,0.0,0,HB,DEU,Offline TA/TO,TA/TO,0,0,0,A,A,0,No Deposit,6.0,0,Transient-Party,115.0,0,1
City Hotel,0,256,2016,June,25,15,0,2,2,0.0,0,HB,DEU,Offline TA/TO,TA/TO,0,0,0,A,A,0,No Deposit,6.0,0,Transient-Party,115.0,0,1
City Hotel,0,256,2016,June,25,15,0,2,2,0.0,0,HB,DEU,Offline TA/TO,TA/TO,0,0,0,A,A,0,No Deposit,6.0,0,Transient-Party,115.0,0,1
City Hotel,0,256,2016,June,25,15,0,2,2,0.0,0,HB,DEU,Offline TA/TO,TA/TO,0,0,0,A,A,0,No Deposit,6.0,0,Transient-Party,115.0,0,1
City Hotel,0,256,2016,June,25,15,0,2,2,0.0,0,HB,DEU,Offline TA/TO,TA/TO,0,0,0,A,A,0,No Deposit,6.0,0,Transient-Party,115.0,0,1
City Hotel,0,256,2016,June,25,15,0,2,2,0.0,0,HB,DEU,Offline TA/TO,TA/TO,0,0,0,A,A,0,No Deposit,6.0,0,Transient-Party,115.0,0,1
City Hotel,0,256,2016,June,25,15,0,2,2,0.0,0,HB,DEU,Offline TA/TO,TA/TO,0,0,0,A,A,0,No Deposit,6.0,0,Transient-Party,115.0,0,0
City Hotel,0,256,2016,June,25,15,0,2,2,0.0,0,HB,DEU,Offline TA/TO,TA/TO,0,0,0,A,A,0,No Deposit,6.0,0,Transient-Party,115.0,0,1
City Hotel,0,1,2016,June,25,12,2,3,2,0.0,0,BB,FRA,Online TA,TA/TO,0,0,0,A,A,0,No Deposit,7.0,0,Transient,92.11,0,0
City Hotel,0,256,2016,June,25,15,0,2,2,0.0,0,HB,DEU,Offline TA/TO,TA/TO,0,0,0,A,A,0,No Deposit,6.0,0,Transient-Party,115.0,0,1
City Hotel,0,24,2016,June,25,13,1,3,2,0.0,0,BB,GBR,Online TA,TA/TO,0,0,0,A,A,0,No Deposit,9.0,0,Transient,107.1,0,1
City Hotel,0,256,2016,June,25,15,0,2,2,0.0,0,HB,DEU,Offline TA/TO,TA/TO,0,0,0,A,A,0,No Deposit,6.0,0,Transient-Party,112.0,0,1
City Hotel,0,256,2016,June,25,15,0,2,2,0.0,0,HB,AUT,Offline TA/TO,TA/TO,0,0,0,A,A,0,No Deposit,6.0,0,Transient-Party,115.0,0,1
City Hotel,0,0,2016,June,25,16,0,1,2,0.0,0,SC,PRT,Online TA,TA/TO,0,0,0,A,E,0,No Deposit,9.0,0,Transient,119.0,0,1
City Hotel,0,60,2016,June,24,10,2,5,2,0.0,0,BB,DEU,Offline TA/TO,TA/TO,0,0,0,A,B,0,No Deposit,16.0,0,Transient,85.5,0,0
City Hotel,0,256,2016,June,25,15,0,2,2,0.0,0,HB,DEU,Offline TA/TO,TA/TO,0,0,0,A,A,0,No Deposit,6.0,0,Transient-Party,124.0,0,1
City Hotel,0,144,2016,June,25,15,0,2,2,0.0,0,BB,GBR,Online TA,TA/TO,0,0,0,D,E,0,No Deposit,9.0,0,Transient,140.4,0,2
City Hotel,0,0,2016,June,25,16,0,1,2,0.0,0,SC,AGO,Direct,Direct,0,0,0,A,C,0,No Deposit,,0,Transient,119.0,0,0
City Hotel,0,139,2016,June,25,15,0,3,2,0.0,0,SC,PRT,Online TA,TA/TO,0,0,0,A,A,0,No Deposit,9.0,0,Transient,116.1,0,2
City Hotel,0,2,2016,June,25,16,0,2,2,0.0,0,BB,ITA,Online TA,TA/TO,0,0,0,A,A,0,No Deposit,9.0,0,Transient,141.0,0,0
City Hotel,0,2,2016,June,25,16,0,2,2,0.0,0,BB,ITA,Online TA,TA/TO,0,0,0,A,A,0,No Deposit,9.0,0,Transient,141.0,0,0
City Hotel,0,48,2016,June,25,15,0,3,2,0.0,0,BB,PRT,Direct,Direct,0,0,0,D,D,0,No Deposit,,0,Transient,118.0,0,2
City Hotel,0,2,2016,June,25,16,0,2,2,0.0,0,SC,CHN,Online TA,TA/TO,0,0,0,A,D,0,No Deposit,9.0,0,Transient,129.0,0,1
City Hotel,0,3,2016,June,25,15,0,3,2,0.0,0,SC,AGO,Online TA,TA/TO,0,0,0,A,A,0,No Deposit,9.0,0,Transient,132.0,0,1
City Hotel,0,105,2016,June,24,11,2,5,2,0.0,0,BB,JPN,Online TA,TA/TO,0,0,0,A,A,0,No Deposit,8.0,0,Transient,119.85,0,2
City Hotel,0,88,2016,June,25,15,0,3,2,0.0,0,SC,PRT,Online TA,TA/TO,0,0,0,A,A,0,No Deposit,9.0,0,Transient,134.1,0,1
City Hotel,0,133,2016,June,25,13,1,4,2,0.0,0,HB,FRA,Offline TA/TO,TA/TO,0,0,0,A,D,0,No Deposit,28.0,0,Transient,106.0,0,0
City Hotel,0,0,2016,June,25,17,0,1,2,0.0,0,BB,FRA,Direct,Direct,0,0,0,A,D,0,No Deposit,,0,Transient,115.0,0,0
City Hotel,0,3,2016,June,25,17,0,1,2,0.0,0,BB,BEL,Online TA,TA/TO,0,0,0,A,A,0,No Deposit,9.0,0,Transient,141.0,0,2
City Hotel,0,26,2016,June,25,17,0,1,2,0.0,0,BB,COL,Online TA,TA/TO,0,0,0,A,A,0,No Deposit,9.0,0,Transient,119.85,0,1
City Hotel,0,120,2016,June,25,15,0,3,2,0.0,0,BB,DEU,Offline TA/TO,TA/TO,0,0,0,A,A,0,No Deposit,85.0,0,Transient,80.75,0,0
City Hotel,0,12,2016,June,25,14,0,4,2,0.0,0,BB,FRA,Online TA,TA/TO,0,0,0,D,D,0,No Deposit,9.0,0,Transient,146.0,0,2
City Hotel,0,0,2016,June,25,17,0,1,2,0.0,0,SC,DEU,Online TA,TA/TO,0,0,0,A,A,0,No Deposit,152.0,0,Transient,81.55,0,0
City Hotel,0,25,2016,June,25,14,0,4,2,0.0,0,BB,FRA,Online TA,TA/TO,0,0,0,D,D,0,No Deposit,9.0,0,Transient,126.23,0,1
City Hotel,0,79,2016,June,25,16,0,2,2,0.0,0,BB,BEL,Offline TA/TO,TA/TO,0,0,0,A,A,0,No Deposit,85.0,0,Transient,80.75,0,0
City Hotel,0,0,2016,June,25,17,0,1,2,0.0,0,SC,ESP,Online TA,TA/TO,0,0,0,A,A,0,No Deposit,,0,Transient,129.0,0,1
City Hotel,0,2,2016,June,25,17,0,1,2,0.0,0,BB,PRT,Online TA,TA/TO,0,0,0,A,A,0,No Deposit,9.0,0,Transient,141.0,0,1
City Hotel,0,18,2016,June,25,13,1,4,2,0.0,0,BB,PRT,Online TA,TA/TO,0,0,0,A,A,3,No Deposit,7.0,0,Transient,94.4,0,1
City Hotel,0,33,2016,June,25,15,0,3,2,0.0,0,BB,FRA,Online TA,TA/TO,0,0,0,A,A,0,No Deposit,8.0,0,Transient,126.9,0,1
City Hotel,1,72,2016,June,25,17,0,0,2,0.0,0,BB,PRT,Direct,Direct,0,0,0,A,A,0,No Deposit,,0,Transient,0.0,0,1
City Hotel,0,10,2016,June,25,13,1,4,2,0.0,0,SC,FRA,Online TA,TA/TO,0,0,0,D,K,0,No Deposit,89.0,0,Transient,113.24,0,0
City Hotel,0,37,2016,June,25,17,0,2,2,0.0,0,BB,PRT,Offline TA/TO,TA/TO,0,0,0,D,D,0,No Deposit,42.0,0,Transient,96.3,0,0
City Hotel,0,73,2016,June,25,16,0,3,2,0.0,0,BB,CHE,Online TA,TA/TO,0,0,0,D,D,0,No Deposit,9.0,0,Transient,149.4,0,1
City Hotel,0,121,2016,June,25,16,0,3,2,0.0,0,SC,GBR,Offline TA/TO,TA/TO,0,0,0,A,A,1,No Deposit,138.0,0,Transient,85.0,0,0
City Hotel,0,2,2016,June,25,13,1,5,2,0.0,0,BB,IRL,Offline TA/TO,TA/TO,0,0,0,D,D,0,No Deposit,28.0,0,Transient,90.95,0,0
City Hotel,0,150,2016,June,25,16,0,3,2,0.0,0,HB,FRA,Offline TA/TO,TA/TO,0,0,0,A,A,0,No Deposit,12.0,0,Transient-Party,90.0,0,1
City Hotel,0,91,2016,June,25,15,0,4,2,0.0,0,BB,GBR,Online TA,TA/TO,0,0,0,A,A,2,No Deposit,9.0,0,Transient,136.35,0,2
City Hotel,0,150,2016,June,25,16,0,3,2,0.0,0,HB,FRA,Offline TA/TO,TA/TO,0,0,0,A,A,0,No Deposit,12.0,0,Transient-Party,90.0,0,1
City Hotel,0,95,2016,June,25,16,0,3,2,0.0,0,BB,GBR,Online TA,TA/TO,0,0,0,A,A,1,No Deposit,9.0,0,Transient,137.1,0,1
City Hotel,0,150,2016,June,25,16,0,3,2,0.0,0,HB,PRT,Offline TA/TO,TA/TO,0,0,0,A,A,0,No Deposit,12.0,0,Transient-Party,90.0,0,1
City Hotel,0,150,2016,June,25,16,0,3,2,0.0,0,HB,FRA,Offline TA/TO,TA/TO,0,0,0,A,A,1,No Deposit,12.0,0,Transient-Party,90.0,0,1
City Hotel,0,150,2016,June,25,16,0,3,2,0.0,0,HB,FRA,Offline TA/TO,TA/TO,0,0,0,A,A,0,No Deposit,12.0,0,Transient-Party,90.0,0,1
City Hotel,0,150,2016,June,25,16,0,3,2,0.0,0,HB,FRA,Offline TA/TO,TA/TO,0,0,0,A,A,2,No Deposit,12.0,0,Transient-Party,90.0,0,1
City Hotel,0,150,2016,June,25,16,0,3,2,0.0,0,HB,FRA,Offline TA/TO,TA/TO,0,0,0,A,A,0,No Deposit,12.0,0,Transient-Party,90.0,0,1
City Hotel,0,150,2016,June,25,16,0,3,2,0.0,0,HB,PRT,Offline TA/TO,TA/TO,0,0,0,A,A,0,No Deposit,12.0,0,Transient-Party,90.0,0,1
City Hotel,0,150,2016,June,25,16,0,3,2,0.0,0,HB,FRA,Offline TA/TO,TA/TO,0,0,0,A,A,0,No Deposit,12.0,0,Transient-Party,90.0,0,1
City Hotel,0,150,2016,June,25,16,0,3,2,0.0,0,HB,FRA,Offline TA/TO,TA/TO,0,0,0,A,A,0,No Deposit,12.0,0,Transient-Party,90.0,0,1
City Hotel,0,150,2016,June,25,16,0,3,2,0.0,0,HB,PRT,Offline TA/TO,TA/TO,0,0,0,A,A,0,No Deposit,12.0,0,Transient-Party,90.0,0,1
City Hotel,0,150,2016,June,25,16,0,3,2,0.0,0,HB,FRA,Offline TA/TO,TA/TO,0,0,0,A,A,0,No Deposit,12.0,0,Transient-Party,90.0,0,1
City Hotel,0,150,2016,June,25,16,0,3,2,0.0,0,HB,FRA,Offline TA/TO,TA/TO,0,0,0,A,A,0,No Deposit,12.0,0,Transient-Party,90.0,0,1
City Hotel,0,150,2016,June,25,16,0,3,2,0.0,0,HB,FRA,Offline TA/TO,TA/TO,0,0,0,A,A,0,No Deposit,12.0,0,Transient-Party,90.0,0,1
City Hotel,0,150,2016,June,25,16,0,3,2,0.0,0,HB,FRA,Offline TA/TO,TA/TO,0,0,0,A,A,0,No Deposit,12.0,0,Transient-Party,90.0,0,1
City Hotel,0,150,2016,June,25,16,0,3,2,0.0,0,HB,FRA,Offline TA/TO,TA/TO,0,0,0,A,A,0,No Deposit,12.0,0,Transient-Party,90.0,0,1
City Hotel,0,150,2016,June,25,16,0,3,2,0.0,0,HB,FRA,Offline TA/TO,TA/TO,0,0,0,A,A,2,No Deposit,12.0,0,Transient-Party,45.0,0,1
City Hotel,0,150,2016,June,25,16,0,3,2,0.0,0,HB,FRA,Offline TA/TO,TA/TO,0,0,0,A,A,0,No Deposit,12.0,0,Transient-Party,90.0,0,1
City Hotel,0,0,2016,June,25,17,0,2,2,0.0,0,BB,PRT,Direct,Direct,0,0,0,A,F,0,No Deposit,,0,Transient,131.0,0,0
City Hotel,0,46,2016,June,25,17,0,2,2,0.0,0,BB,PRT,Complementary,Direct,0,0,0,A,A,0,No Deposit,,0,Transient,0.0,0,0
City Hotel,0,22,2016,June,25,17,0,2,2,0.0,0,BB,DNK,Online TA,TA/TO,0,0,0,A,A,0,No Deposit,9.0,0,Transient,141.0,0,1
City Hotel,0,71,2016,June,25,17,0,2,2,0.0,0,BB,CN,Offline TA/TO,TA/TO,0,0,0,A,A,0,No Deposit,168.0,0,Transient,80.75,0,0
City Hotel,0,141,2016,June,25,15,0,4,2,0.0,0,BB,PRT,Online TA,TA/TO,0,0,0,A,A,0,No Deposit,9.0,0,Transient-Party,119.85,0,2
City Hotel,0,141,2016,June,25,15,0,4,2,0.0,0,BB,FRA,Online TA,TA/TO,0,0,0,A,A,0,No Deposit,9.0,0,Transient-Party,128.85,0,2
City Hotel,0,39,2016,June,25,17,0,2,2,0.0,0,BB,FRA,Online TA,TA/TO,0,0,0,D,D,0,No Deposit,7.0,0,Transient,109.49,0,2
City Hotel,0,0,2016,June,25,18,0,1,2,0.0,0,BB,ZAF,Direct,Direct,0,0,0,A,A,0,No Deposit,,0,Transient,85.0,0,1
City Hotel,0,134,2016,June,25,18,0,1,2,0.0,0,SC,GBR,Online TA,TA/TO,0,0,0,A,A,0,No Deposit,9.0,0,Transient,116.1,0,0
City Hotel,0,18,2016,June,25,16,0,3,2,0.0,0,BB,CHE,Online TA,TA/TO,0,0,0,D,E,1,No Deposit,9.0,0,Transient,166.0,0,2
City Hotel,0,7,2016,June,25,17,0,2,2,0.0,0,BB,DEU,Offline TA/TO,TA/TO,0,0,0,A,A,0,No Deposit,138.0,0,Transient,85.0,0,0
City Hotel,0,18,2016,June,25,17,0,2,2,0.0,0,SC,PRT,Online TA,TA/TO,0,0,0,A,A,0,No Deposit,9.0,0,Transient,129.0,0,0
City Hotel,0,119,2016,June,25,15,0,4,2,0.0,0,BB,GBR,Online TA,TA/TO,0,0,0,A,A,0,No Deposit,9.0,0,Transient,128.85,1,0
City Hotel,0,18,2016,June,25,17,0,2,2,0.0,0,SC,PRT,Online TA,TA/TO,0,0,0,A,A,0,No Deposit,9.0,0,Transient,129.0,0,0
City Hotel,0,1,2016,June,25,15,0,4,2,0.0,0,BB,NLD,Online TA,TA/TO,0,0,0,A,A,0,No Deposit,9.0,0,Transient,150.0,1,1
City Hotel,0,238,2016,June,25,18,0,1,2,0.0,0,BB,GBR,Online TA,TA/TO,0,0,0,D,E,0,No Deposit,9.0,0,Transient,115.2,1,1
City Hotel,0,238,2016,June,25,18,0,1,2,0.0,0,BB,GBR,Online TA,TA/TO,0,0,0,B,B,0,No Deposit,9.0,0,Transient,96.48,0,2
City Hotel,0,238,2016,June,25,18,0,1,2,0.0,0,BB,GBR,Online TA,TA/TO,0,0,0,B,B,0,No Deposit,9.0,0,Transient,114.48,1,2
City Hotel,0,140,2016,June,25,15,0,4,2,0.0,0,BB,CHE,Offline TA/TO,TA/TO,0,0,0,A,A,0,No Deposit,16.0,0,Transient,80.75,0,0
City Hotel,0,24,2016,June,25,14,0,5,2,0.0,0,BB,FRA,Online TA,TA/TO,0,0,0,D,D,0,No Deposit,9.0,0,Transient,150.0,0,2
City Hotel,0,2,2016,June,25,18,0,1,2,0.0,0,SC,PRT,Online TA,TA/TO,0,0,0,A,A,0,No Deposit,9.0,0,Transient,129.0,0,1
City Hotel,0,125,2016,June,25,17,0,2,2,0.0,0,SC,GBR,Online TA,TA/TO,0,0,0,A,A,0,No Deposit,9.0,0,Transient,116.1,0,1
City Hotel,0,87,2016,June,25,12,2,5,2,0.0,0,BB,ITA,Online TA,TA/TO,0,0,0,A,A,0,No Deposit,9.0,0,Transient,134.42,0,1
City Hotel,0,0,2016,June,25,17,0,2,2,0.0,0,BB,PRT,Offline TA/TO,TA/TO,0,0,0,D,D,0,No Deposit,28.0,0,Transient,90.95,0,1
City Hotel,0,122,2016,June,25,16,0,3,2,0.0,0,SC,CHE,Online TA,TA/TO,0,0,0,A,A,0,No Deposit,9.0,0,Transient,116.1,0,2
City Hotel,0,122,2016,June,25,16,0,3,2,0.0,0,SC,CHE,Online TA,TA/TO,0,0,0,A,A,1,No Deposit,9.0,0,Transient,116.1,0,2
City Hotel,0,122,2016,June,25,16,0,3,2,0.0,0,SC,CHE,Online TA,TA/TO,0,0,0,A,A,1,No Deposit,9.0,0,Transient,116.1,0,2
City Hotel,0,251,2016,June,25,12,2,5,2,0.0,0,BB,FRA,Direct,Direct,0,0,0,A,A,0,No Deposit,14.0,0,Transient,106.0,0,3
City Hotel,0,2,2016,June,25,17,0,2,2,0.0,0,BB,NOR,Direct,Direct,0,0,0,A,A,0,No Deposit,14.0,0,Transient,139.0,0,1
City Hotel,0,1,2016,June,25,17,0,2,2,0.0,0,SC,IRN,Online TA,TA/TO,0,0,0,A,A,0,No Deposit,152.0,0,Transient,77.71,0,0
City Hotel,0,43,2016,June,25,18,0,1,2,0.0,0,BB,FRA,Online TA,TA/TO,0,0,0,D,A,0,No Deposit,7.0,0,Transient,109.49,0,1
City Hotel,0,160,2016,June,25,17,1,2,2,0.0,0,BB,FRA,Online TA,TA/TO,0,0,0,D,D,0,No Deposit,9.0,0,Transient-Party,129.0,0,1
City Hotel,0,160,2016,June,25,17,1,2,2,0.0,0,BB,PRT,Online TA,TA/TO,0,0,0,D,D,0,No Deposit,9.0,0,Transient-Party,129.0,0,1
City Hotel,0,150,2016,June,25,14,1,5,2,0.0,0,BB,NLD,Online TA,TA/TO,0,0,0,D,D,0,No Deposit,9.0,0,Transient,121.83,0,2
City Hotel,0,4,2016,June,25,17,1,2,2,0.0,0,SC,FRA,Online TA,TA/TO,0,0,0,A,A,0,No Deposit,7.0,0,Transient,94.36,0,1
City Hotel,0,127,2016,June,25,17,1,2,2,0.0,0,HB,POL,Online TA,TA/TO,0,0,0,A,D,0,No Deposit,15.0,0,Transient,128.88,0,2
City Hotel,0,58,2016,June,25,17,1,2,2,0.0,0,SC,FRA,Online TA,TA/TO,0,0,0,A,A,0,No Deposit,9.0,0,Transient,116.1,0,1
City Hotel,0,45,2016,June,25,17,1,2,2,0.0,0,BB,FRA,Groups,TA/TO,0,0,0,A,A,0,No Deposit,1.0,0,Transient-Party,65.0,0,1
City Hotel,0,45,2016,June,25,17,1,2,2,0.0,0,BB,PRT,Groups,TA/TO,0,0,0,A,A,0,No Deposit,1.0,0,Transient-Party,65.0,0,1
City Hotel,0,45,2016,June,25,17,1,2,2,0.0,0,BB,FRA,Groups,TA/TO,0,0,0,A,A,0,No Deposit,1.0,0,Transient-Party,65.0,0,1
City Hotel,0,45,2016,June,25,17,1,2,2,0.0,0,BB,PRT,Groups,TA/TO,0,0,0,A,A,0,No Deposit,1.0,0,Transient-Party,65.0,0,1
City Hotel,0,45,2016,June,25,17,1,2,2,0.0,0,BB,FRA,Groups,TA/TO,0,0,0,A,A,0,No Deposit,1.0,0,Transient-Party,65.0,0,1
City Hotel,0,1,2016,June,25,17,1,2,2,0.0,0,BB,AUT,Offline TA/TO,TA/TO,0,0,0,A,A,0,No Deposit,6.0,0,Transient-Party,75.0,0,1
City Hotel,0,6,2016,June,25,15,1,4,2,0.0,0,SC,CHE,Offline TA/TO,TA/TO,0,0,0,A,A,0,No Deposit,28.0,0,Transient,72.25,0,0
City Hotel,0,45,2016,June,25,17,1,2,2,0.0,0,BB,FRA,Groups,TA/TO,0,0,0,A,A,0,No Deposit,1.0,0,Transient-Party,65.0,0,1
City Hotel,0,9,2016,June,25,17,1,2,2,0.0,0,BB,FRA,Online TA,TA/TO,0,0,0,A,A,0,No Deposit,9.0,0,Transient,141.0,0,3
City Hotel,0,45,2016,June,25,17,1,2,2,0.0,0,BB,PRT,Groups,TA/TO,0,0,0,A,A,0,No Deposit,1.0,0,Transient-Party,65.0,0,1
City Hotel,0,1,2016,June,25,17,1,2,2,0.0,0,BB,DEU,Offline TA/TO,TA/TO,0,0,0,A,A,0,No Deposit,6.0,0,Transient-Party,75.0,0,1
City Hotel,0,45,2016,June,25,17,1,2,2,0.0,0,BB,FRA,Groups,TA/TO,0,0,0,A,A,0,No Deposit,1.0,0,Transient-Party,65.0,0,1
City Hotel,0,45,2016,June,25,17,1,2,2,0.0,0,BB,PRT,Groups,TA/TO,0,0,0,A,A,0,No Deposit,1.0,0,Transient-Party,65.0,0,1
City Hotel,0,45,2016,June,25,18,1,1,2,0.0,0,BB,NLD,Offline TA/TO,TA/TO,0,0,0,A,A,0,No Deposit,42.0,0,Transient,85.5,0,0
City Hotel,0,45,2016,June,25,17,1,2,2,0.0,0,BB,FRA,Groups,TA/TO,0,0,0,A,A,0,No Deposit,1.0,0,Transient-Party,65.0,0,1
City Hotel,0,125,2016,June,25,17,1,2,2,0.0,0,BB,CHE,Online TA,TA/TO,0,0,0,A,F,0,No Deposit,7.0,0,Transient,97.71,0,2
City Hotel,0,45,2016,June,25,17,1,2,2,0.0,0,BB,FRA,Groups,TA/TO,0,0,0,A,A,0,No Deposit,1.0,0,Transient-Party,65.0,0,1
City Hotel,0,45,2016,June,25,17,1,2,2,0.0,0,BB,FRA,Groups,TA/TO,0,0,0,A,A,0,No Deposit,1.0,0,Transient-Party,65.0,0,1
City Hotel,0,45,2016,June,25,17,1,2,2,0.0,0,BB,FRA,Groups,TA/TO,0,0,0,A,A,0,No Deposit,1.0,0,Transient-Party,65.0,0,1
City Hotel,0,45,2016,June,25,17,1,2,2,0.0,0,BB,FRA,Groups,TA/TO,0,0,0,A,A,0,No Deposit,1.0,0,Transient-Party,65.0,0,1
City Hotel,0,1,2016,June,25,17,1,2,2,0.0,0,BB,DNK,Offline TA/TO,TA/TO,0,0,0,A,A,0,No Deposit,6.0,0,Transient-Party,75.0,0,1
City Hotel,0,45,2016,June,25,17,1,2,2,0.0,0,BB,PRT,Groups,TA/TO,0,0,0,A,A,0,No Deposit,1.0,0,Transient-Party,65.0,0,1
City Hotel,0,1,2016,June,25,17,1,2,2,0.0,0,BB,PRT,Offline TA/TO,TA/TO,0,0,0,A,D,0,No Deposit,6.0,0,Transient-Party,75.0,0,1
City Hotel,0,72,2016,June,25,17,1,2,2,0.0,0,BB,NLD,Online TA,TA/TO,0,0,0,A,A,0,No Deposit,9.0,0,Transient,126.9,0,1
City Hotel,0,45,2016,June,25,17,1,2,2,0.0,0,BB,PRT,Groups,TA/TO,0,0,0,A,A,0,No Deposit,1.0,0,Transient-Party,65.0,0,1
City Hotel,0,45,2016,June,25,17,1,2,2,0.0,0,BB,PRT,Groups,TA/TO,0,0,0,A,A,0,No Deposit,1.0,0,Transient-Party,65.0,0,1
City Hotel,0,1,2016,June,25,17,1,2,2,0.0,0,BB,FRA,Offline TA/TO,TA/TO,0,0,0,A,A,0,No Deposit,6.0,0,Transient-Party,75.0,0,1
City Hotel,0,77,2016,June,25,18,1,1,2,0.0,0,BB,ARG,Online TA,TA/TO,0,0,0,A,A,1,No Deposit,9.0,0,Transient,125.1,1,1
City Hotel,0,69,2016,June,25,17,1,2,2,0.0,0,BB,DEU,Online TA,TA/TO,0,0,0,A,A,0,No Deposit,9.0,0,Transient,126.9,0,0
City Hotel,0,1,2016,June,26,19,1,0,2,0.0,0,BB,PRT,Direct,Direct,0,0,0,A,A,0,No Deposit,,0,Transient,131.0,0,0
City Hotel,0,1,2016,June,25,17,1,2,2,0.0,0,BB,PRT,Offline TA/TO,TA/TO,0,0,0,A,A,0,No Deposit,6.0,0,Transient-Party,75.0,0,1
City Hotel,0,38,2016,June,25,18,1,1,2,0.0,0,BB,PRT,Offline TA/TO,TA/TO,0,0,0,A,A,0,No Deposit,27.0,0,Transient,85.5,0,0
City Hotel,0,45,2016,June,25,17,1,2,2,0.0,0,BB,FRA,Groups,TA/TO,0,0,0,A,A,1,No Deposit,1.0,0,Transient-Party,32.5,0,1
City Hotel,0,68,2016,June,26,19,1,0,2,0.0,0,SC,ITA,Online TA,TA/TO,0,0,0,A,A,0,No Deposit,9.0,0,Transient,116.1,0,1
City Hotel,0,44,2016,June,25,18,1,1,2,0.0,0,BB,DEU,Offline TA/TO,TA/TO,0,0,0,D,E,0,No Deposit,6.0,0,Transient,96.3,0,0
City Hotel,0,135,2016,June,25,16,1,3,2,0.0,0,BB,DEU,Online TA,TA/TO,0,0,0,A,B,0,No Deposit,9.0,0,Transient-Party,119.85,0,2
City Hotel,0,44,2016,June,25,18,1,1,2,0.0,0,BB,PRT,Offline TA/TO,TA/TO,0,0,0,D,D,0,No Deposit,6.0,0,Transient,96.3,0,0
City Hotel,0,44,2016,June,25,18,1,1,2,0.0,0,BB,PRT,Offline TA/TO,TA/TO,0,0,0,D,A,0,No Deposit,6.0,0,Transient,96.3,0,0
City Hotel,0,44,2016,June,25,18,1,1,2,0.0,0,BB,PRT,Offline TA/TO,TA/TO,0,0,0,D,D,0,No Deposit,6.0,0,Transient,96.3,0,0
City Hotel,0,44,2016,June,25,18,1,1,2,0.0,0,BB,PRT,Offline TA/TO,TA/TO,0,0,0,D,D,0,No Deposit,6.0,0,Transient,96.3,0,0
City Hotel,0,6,2016,June,26,19,1,0,2,0.0,0,BB,DEU,Online TA,TA/TO,0,0,0,D,D,0,No Deposit,9.0,0,Transient,156.0,0,1
City Hotel,0,44,2016,June,25,18,1,1,2,0.0,0,BB,PRT,Offline TA/TO,TA/TO,0,0,0,D,E,0,No Deposit,6.0,0,Transient,96.3,0,0
City Hotel,0,44,2016,June,25,18,1,1,2,0.0,0,BB,PRT,Offline TA/TO,TA/TO,0,0,0,D,D,0,No Deposit,6.0,0,Transient,96.3,0,0
City Hotel,0,5,2016,June,25,18,1,1,2,0.0,0,BB,PRT,Online TA,TA/TO,0,0,0,A,A,0,No Deposit,9.0,0,Transient,141.0,0,1
City Hotel,0,69,2016,June,25,17,1,2,2,0.0,0,BB,PRT,Online TA,TA/TO,0,0,0,A,A,0,No Deposit,9.0,0,Transient,126.9,0,1
City Hotel,0,3,2016,June,25,17,1,2,2,0.0,0,SC,PRT,Offline TA/TO,TA/TO,0,0,0,A,A,0,No Deposit,28.0,0,Transient,85.0,0,0
City Hotel,0,38,2016,June,25,18,1,1,2,0.0,0,BB,PRT,Offline TA/TO,TA/TO,0,0,0,A,A,0,No Deposit,27.0,0,Transient,85.5,0,0
City Hotel,0,44,2016,June,25,18,1,1,2,0.0,0,BB,DEU,Offline TA/TO,TA/TO,0,0,0,D,E,0,No Deposit,6.0,0,Transient,96.3,0,0
City Hotel,0,121,2016,June,25,17,1,2,2,0.0,0,SC,GBR,Online TA,TA/TO,0,0,0,A,A,0,No Deposit,9.0,0,Transient,116.1,0,0
City Hotel,0,135,2016,June,25,16,1,3,2,0.0,0,BB,DEU,Online TA,TA/TO,0,0,0,A,B,0,No Deposit,9.0,0,Transient-Party,119.85,0,2
City Hotel,0,110,2016,June,25,13,2,5,2,0.0,0,BB,ESP,Online TA,TA/TO,0,0,0,A,D,0,No Deposit,9.0,0,Transient-Party,119.85,0,4
City Hotel,0,44,2016,June,25,18,1,1,2,0.0,0,BB,PRT,Offline TA/TO,TA/TO,0,0,0,D,D,0,No Deposit,6.0,0,Transient,96.3,0,0
City Hotel,0,7,2016,June,26,19,1,0,2,0.0,0,BB,PRT,Online TA,TA/TO,0,0,0,D,F,0,No Deposit,9.0,0,Transient,165.0,0,2
City Hotel,0,2,2016,June,25,16,1,3,2,0.0,0,SC,PRT,Offline TA/TO,TA/TO,0,0,0,A,A,0,No Deposit,28.0,0,Transient,72.25,0,0
City Hotel,0,45,2016,June,25,17,1,2,2,0.0,0,BB,PRT,Groups,TA/TO,0,0,0,A,A,0,No Deposit,1.0,0,Transient-Party,65.0,0,1
City Hotel,0,4,2016,June,25,18,1,1,2,0.0,0,BB,PRT,Online TA,TA/TO,0,0,0,D,E,2,No Deposit,9.0,0,Transient,160.5,1,1
City Hotel,0,44,2016,June,26,19,1,0,2,0.0,0,BB,PRT,Online TA,TA/TO,0,0,0,A,C,0,No Deposit,7.0,0,Transient,99.1,0,1
City Hotel,0,0,2016,June,25,16,1,3,2,0.0,0,SC,PRT,Direct,Direct,0,0,0,A,B,1,No Deposit,,0,Transient,135.5,1,1
City Hotel,0,119,2016,June,26,19,2,3,2,0.0,0,BB,GBR,Direct,Direct,0,0,0,A,A,1,No Deposit,14.0,0,Transient,105.74,0,1
City Hotel,0,0,2016,June,26,20,1,0,2,0.0,0,SC,DEU,Online TA,TA/TO,0,0,0,A,A,0,No Deposit,9.0,0,Transient,129.0,0,0
City Hotel,0,76,2016,June,25,17,2,2,2,0.0,0,BB,EGY,Online TA,TA/TO,0,0,0,B,B,6,No Deposit,9.0,0,Transient,237.2,0,1
City Hotel,0,111,2016,June,25,17,2,2,2,0.0,0,BB,PRT,Online TA,TA/TO,0,0,0,A,A,0,No Deposit,9.0,0,Transient-Party,129.65,0,1
City Hotel,0,0,2016,June,25,16,2,3,2,0.0,0,BB,SWE,Offline TA/TO,TA/TO,0,0,0,A,B,0,No Deposit,267.0,0,Transient,116.45,0,0
City Hotel,0,27,2016,June,26,20,1,0,2,0.0,0,SC,ZAF,Online TA,TA/TO,0,0,0,A,A,0,No Deposit,9.0,0,Transient,99.0,0,2
City Hotel,0,93,2016,June,25,16,2,3,2,0.0,0,HB,ROU,Online TA,TA/TO,0,0,0,A,A,0,No Deposit,9.0,0,Transient,157.25,0,1
City Hotel,0,0,2016,June,25,18,2,1,2,0.0,0,SC,GBR,Online TA,TA/TO,0,0,0,A,A,0,No Deposit,9.0,0,Transient,129.0,0,2
City Hotel,0,6,2016,June,26,20,1,0,2,0.0,0,BB,PRT,Complementary,Direct,0,0,0,D,D,0,No Deposit,,0,Transient,0.0,0,1
City Hotel,0,243,2016,June,26,19,2,0,2,0.0,0,BB,USA,Online TA,TA/TO,0,0,0,B,B,0,No Deposit,8.0,0,Transient,95.58,0,1
City Hotel,0,243,2016,June,26,19,2,0,2,0.0,0,BB,USA,Online TA,TA/TO,0,0,0,B,B,0,No Deposit,8.0,0,Transient,95.58,0,1
City Hotel,0,3,2016,June,26,20,1,0,2,0.0,0,BB,PRT,Complementary,Direct,0,0,0,D,D,0,No Deposit,,0,Transient,0.0,1,3
City Hotel,0,13,2016,June,26,19,2,0,2,0.0,0,BB,FRA,Offline TA/TO,TA/TO,0,0,0,A,A,0,No Deposit,85.0,0,Transient,95.0,0,2
City Hotel,0,68,2016,June,25,18,2,1,2,0.0,0,BB,GBR,Offline TA/TO,TA/TO,0,0,0,A,A,0,No Deposit,42.0,0,Transient,80.75,0,0
City Hotel,0,20,2016,June,25,18,2,1,2,0.0,0,BB,BRA,Online TA,TA/TO,0,0,0,A,A,0,No Deposit,9.0,0,Transient,141.0,0,1
City Hotel,0,8,2016,June,25,18,2,1,2,0.0,0,BB,ESP,Online TA,TA/TO,0,0,0,D,D,0,No Deposit,9.0,0,Transient,156.0,0,1
City Hotel,0,23,2016,June,25,17,2,2,2,0.0,0,BB,BEL,Online TA,TA/TO,0,0,0,A,A,0,No Deposit,9.0,0,Transient,133.5,0,1
City Hotel,0,212,2016,June,26,19,2,0,2,0.0,0,BB,NLD,Online TA,TA/TO,0,0,0,A,A,0,No Deposit,7.0,0,Transient,81.77,0,0
City Hotel,0,110,2016,June,25,17,2,2,2,0.0,0,SC,GBR,Online TA,TA/TO,0,0,0,A,A,0,No Deposit,9.0,0,Transient,109.65,0,1
City Hotel,0,1,2016,June,25,18,2,1,2,0.0,0,BB,FRA,Online TA,TA/TO,0,0,0,A,A,0,No Deposit,9.0,0,Transient,141.0,0,2
City Hotel,0,1,2016,June,26,20,1,0,2,0.0,0,BB,GBR,Online TA,TA/TO,0,0,0,A,A,0,No Deposit,9.0,0,Transient,141.0,0,0
City Hotel,0,11,2016,June,25,18,2,1,2,0.0,0,BB,GBR,Online TA,TA/TO,0,0,0,A,A,0,No Deposit,9.0,0,Transient,141.0,0,1
City Hotel,0,92,2016,June,25,14,2,5,2,0.0,0,BB,IRL,Direct,Direct,0,0,0,A,A,0,No Deposit,14.0,0,Transient,120.58,0,0
City Hotel,0,23,2016,June,25,18,2,1,2,0.0,0,BB,NLD,Online TA,TA/TO,0,0,0,A,K,0,No Deposit,7.0,0,Transient,95.83,0,1
City Hotel,0,35,2016,June,25,17,2,3,2,0.0,0,BB,PRT,Offline TA/TO,TA/TO,0,0,0,D,D,0,No Deposit,27.0,0,Transient,96.3,0,0
City Hotel,0,13,2016,June,26,19,2,1,2,0.0,0,BB,SVK,Online TA,TA/TO,0,0,0,A,A,0,No Deposit,9.0,0,Transient,141.0,0,1
City Hotel,0,62,2016,June,26,20,1,1,2,0.0,0,BB,DEU,Direct,Direct,0,0,0,A,A,1,No Deposit,14.0,0,Transient,102.15,1,0
City Hotel,0,48,2016,June,26,21,0,1,2,0.0,0,SC,USA,Online TA,TA/TO,0,0,0,A,A,0,No Deposit,9.0,0,Transient,89.1,0,1
City Hotel,0,33,2016,June,26,20,1,1,2,0.0,0,SC,FRA,Online TA,TA/TO,0,0,0,A,A,0,No Deposit,9.0,0,Transient,89.1,0,1
City Hotel,0,86,2016,June,26,19,2,1,2,0.0,0,BB,BEL,Online TA,TA/TO,0,0,0,A,A,0,No Deposit,9.0,0,Transient,126.9,0,1
City Hotel,0,27,2016,June,26,19,2,1,2,0.0,0,BB,ROU,Offline TA/TO,TA/TO,0,0,0,A,A,0,No Deposit,42.0,0,Transient,95.0,0,0
City Hotel,0,64,2016,June,26,19,2,1,2,0.0,0,BB,GBR,Online TA,TA/TO,0,0,0,A,A,0,No Deposit,9.0,0,Transient,117.9,1,1
City Hotel,0,192,2016,June,25,18,2,2,2,0.0,0,BB,AUT,Offline TA/TO,TA/TO,0,0,0,A,A,0,No Deposit,16.0,0,Transient,80.75,0,0
City Hotel,0,79,2016,June,25,16,2,4,2,0.0,0,SC,AUT,Online TA,TA/TO,0,0,0,A,B,1,No Deposit,9.0,0,Transient,120.6,0,0
City Hotel,0,86,2016,June,25,17,2,3,2,0.0,0,BB,FRA,Online TA,TA/TO,0,0,0,A,A,0,No Deposit,9.0,0,Transient,126.9,0,1
City Hotel,0,125,2016,June,25,17,2,3,2,0.0,0,BB,DEU,Online TA,TA/TO,0,0,0,D,D,0,No Deposit,9.0,0,Transient,128.69,0,1
City Hotel,0,117,2016,June,25,17,2,3,2,0.0,0,SC,PRT,Online TA,TA/TO,0,0,0,A,A,0,No Deposit,9.0,0,Transient,105.74,0,1
City Hotel,0,79,2016,June,25,16,2,4,2,0.0,0,SC,AUT,Online TA,TA/TO,0,0,0,A,B,1,No Deposit,9.0,0,Transient,120.6,0,0
City Hotel,0,79,2016,June,25,16,2,4,2,0.0,0,BB,AUT,Online TA,TA/TO,0,0,0,D,D,0,No Deposit,9.0,0,Transient,152.4,0,0
City Hotel,0,32,2016,June,26,20,1,1,2,0.0,0,BB,ARG,Online TA,TA/TO,0,0,0,A,A,0,No Deposit,9.0,0,Transient,103.35,0,1
City Hotel,0,66,2016,June,26,20,1,1,2,0.0,0,BB,FRA,Offline TA/TO,TA/TO,0,0,0,A,A,0,No Deposit,3.0,0,Transient,89.75,0,0
City Hotel,0,131,2016,June,25,17,2,3,2,0.0,0,BB,PRT,Online TA,TA/TO,0,0,0,A,A,1,No Deposit,9.0,0,Transient,105.74,0,1
City Hotel,0,131,2016,June,25,17,2,3,2,0.0,0,BB,DEU,Online TA,TA/TO,0,0,0,A,A,1,No Deposit,9.0,0,Transient,105.74,0,1
City Hotel,0,131,2016,June,25,17,2,3,2,0.0,0,BB,ESP,Online TA,TA/TO,0,0,0,A,A,1,No Deposit,9.0,0,Transient,105.74,0,1
City Hotel,0,144,2016,June,25,18,2,2,2,0.0,0,BB,FRA,Direct,Direct,0,0,0,A,A,0,No Deposit,14.0,0,Transient,104.76,0,0
City Hotel,0,54,2016,June,25,17,2,3,2,0.0,0,BB,PRT,Online TA,TA/TO,0,0,0,A,A,1,No Deposit,9.0,0,Transient,116.1,0,1
City Hotel,0,47,2016,June,26,21,0,1,2,0.0,0,BB,ESP,Online TA,TA/TO,0,0,0,A,B,0,No Deposit,9.0,0,Transient,96.3,0,1
City Hotel,0,33,2016,June,26,19,2,1,2,0.0,0,BB,NLD,Online TA,TA/TO,0,0,0,D,D,0,No Deposit,9.0,0,Transient,122.4,0,2
City Hotel,0,133,2016,June,26,19,2,1,2,0.0,0,BB,ITA,Online TA,TA/TO,0,0,0,A,A,0,No Deposit,9.0,0,Transient,120.0,0,1
City Hotel,0,123,2016,June,25,16,2,4,2,0.0,0,BB,GBR,Online TA,TA/TO,0,0,0,A,A,0,No Deposit,9.0,0,Transient,116.59,0,2
City Hotel,0,93,2016,June,26,20,1,1,2,0.0,0,BB,CHN,Online TA,TA/TO,0,0,0,A,A,0,No Deposit,9.0,0,Transient,126.9,0,1
City Hotel,0,0,2016,June,26,21,0,1,2,0.0,0,BB,ESP,Online TA,TA/TO,0,0,0,A,A,1,No Deposit,9.0,0,Transient,121.5,0,1
City Hotel,0,76,2016,June,26,19,2,1,2,0.0,0,BB,NLD,Online TA,TA/TO,0,0,0,A,A,0,No Deposit,9.0,0,Transient,126.9,0,2
City Hotel,0,0,2016,June,26,20,1,1,2,0.0,0,BB,PRT,Online TA,TA/TO,0,0,0,D,D,0,No Deposit,9.0,0,Transient,149.0,0,1
City Hotel,0,53,2016,June,26,19,2,1,2,0.0,0,BB,NLD,Online TA,TA/TO,0,0,0,A,A,0,No Deposit,9.0,0,Transient,117.9,1,1
City Hotel,0,93,2016,June,26,20,1,1,2,0.0,0,BB,CHN,Online TA,TA/TO,0,0,0,A,A,0,No Deposit,9.0,0,Transient,126.9,0,1
City Hotel,0,93,2016,June,26,20,1,1,2,0.0,0,BB,PRT,Online TA,TA/TO,0,0,0,A,A,0,No Deposit,9.0,0,Transient,126.9,0,1
City Hotel,0,93,2016,June,26,20,1,1,2,0.0,0,BB,CHN,Online TA,TA/TO,0,0,0,A,A,0,No Deposit,9.0,0,Transient,126.9,0,1
City Hotel,0,93,2016,June,26,20,1,1,2,0.0,0,BB,CHN,Online TA,TA/TO,0,0,0,A,A,0,No Deposit,9.0,0,Transient,126.9,0,1
City Hotel,0,59,2016,June,26,20,1,1,2,0.0,0,SC,USA,Online TA,TA/TO,0,0,0,A,A,0,No Deposit,9.0,0,Transient,89.1,0,1
City Hotel,0,125,2016,June,26,19,2,1,2,0.0,0,BB,NLD,Online TA,TA/TO,0,0,0,D,D,0,No Deposit,7.0,0,Transient,102.8,0,2
City Hotel,0,36,2016,June,26,19,2,1,2,0.0,0,BB,FIN,Online TA,TA/TO,0,0,0,A,A,0,No Deposit,9.0,0,Transient,108.9,0,1
City Hotel,0,10,2016,June,26,19,2,1,2,0.0,0,SC,DEU,Online TA,TA/TO,0,0,0,A,A,0,No Deposit,9.0,0,Transient,129.0,0,1
City Hotel,0,2,2016,June,25,17,2,3,2,0.0,0,HB,PRT,Offline TA/TO,TA/TO,0,0,0,D,D,0,No Deposit,28.0,0,Transient,122.75,0,0
City Hotel,0,17,2016,June,25,18,2,2,2,0.0,0,BB,FRA,Online TA,TA/TO,0,0,0,A,A,0,No Deposit,9.0,0,Transient,141.0,0,2
City Hotel,0,49,2016,June,25,17,2,3,2,0.0,0,SC,GBR,Offline TA/TO,TA/TO,0,0,0,A,A,0,No Deposit,28.0,0,Transient,72.25,0,1
City Hotel,0,49,2016,June,25,17,2,3,2,0.0,0,SC,GBR,Offline TA/TO,TA/TO,0,0,0,A,A,0,No Deposit,28.0,0,Transient,72.25,0,2
City Hotel,0,55,2016,June,25,18,2,2,2,0.0,0,BB,NLD,Online TA,TA/TO,0,0,0,D,D,0,No Deposit,9.0,0,Transient,126.9,0,1
City Hotel,0,47,2016,June,26,19,2,2,2,0.0,0,SC,FRA,Online TA,TA/TO,0,0,0,A,A,0,No Deposit,7.0,0,Transient,70.12,0,1
City Hotel,0,142,2016,June,26,20,1,2,2,0.0,0,BB,GBR,Offline TA/TO,TA/TO,0,0,0,D,D,0,No Deposit,22.0,0,Transient,107.0,0,0
City Hotel,0,39,2016,June,25,18,2,3,2,0.0,0,HB,PRT,Offline TA/TO,TA/TO,0,0,0,A,A,0,No Deposit,168.0,0,Transient,115.5,0,0
City Hotel,0,5,2016,June,26,21,0,2,2,0.0,0,BB,PRT,Online TA,TA/TO,0,0,0,D,D,0,No Deposit,9.0,0,Transient,156.0,0,1
City Hotel,0,62,2016,June,26,19,2,2,2,0.0,0,BB,BEL,Direct,Direct,0,0,0,A,A,0,No Deposit,14.0,0,Transient,95.85,0,0
City Hotel,0,0,2016,June,26,22,0,1,2,0.0,0,BB,PRT,Online TA,TA/TO,0,0,0,D,D,0,No Deposit,9.0,0,Transient,126.0,0,1
City Hotel,0,22,2016,June,26,21,0,2,2,0.0,0,BB,PRT,Online TA,TA/TO,0,0,0,A,A,0,No Deposit,7.0,0,Transient,108.57,0,1
City Hotel,0,11,2016,June,25,16,2,5,2,0.0,0,BB,FRA,Online TA,TA/TO,0,0,0,D,D,0,No Deposit,9.0,0,Transient,156.0,0,1
City Hotel,0,50,2016,June,26,22,0,1,2,0.0,0,BB,USA,Online TA,TA/TO,0,0,0,A,A,0,No Deposit,7.0,0,Transient,76.92,0,1
City Hotel,0,50,2016,June,26,22,0,1,2,0.0,0,BB,USA,Online TA,TA/TO,0,0,0,A,A,0,No Deposit,7.0,0,Transient,76.92,0,1
City Hotel,0,12,2016,June,26,19,2,2,2,0.0,0,BB,GBR,Online TA,TA/TO,0,0,0,A,A,0,No Deposit,9.0,0,Transient,141.0,0,1
City Hotel,0,56,2016,June,26,20,1,2,2,0.0,0,BB,NLD,Online TA,TA/TO,0,0,0,A,A,0,No Deposit,9.0,0,Transient,99.9,0,2
City Hotel,0,57,2016,June,26,20,1,2,2,0.0,0,SC,AUS,Online TA,TA/TO,0,0,0,A,A,0,No Deposit,7.0,0,Transient,68.61,0,1
City Hotel,0,14,2016,June,26,19,2,2,2,0.0,0,BB,FRA,Online TA,TA/TO,0,0,0,D,D,0,No Deposit,9.0,0,Transient,156.0,0,1
City Hotel,0,7,2016,June,26,19,2,2,2,0.0,0,BB,FRA,Online TA,TA/TO,0,0,0,D,D,0,No Deposit,9.0,0,Transient,156.0,0,1
City Hotel,0,58,2016,June,26,20,1,2,2,0.0,0,BB,ESP,Online TA,TA/TO,0,0,0,A,A,0,No Deposit,9.0,0,Transient,108.9,1,0
City Hotel,0,85,2016,June,26,21,0,2,2,0.0,0,SC,NZL,Online TA,TA/TO,0,0,0,A,A,0,No Deposit,8.0,0,Transient,116.1,0,1
City Hotel,0,52,2016,June,26,20,1,2,2,0.0,0,BB,PRT,Direct,Direct,0,0,0,A,A,0,No Deposit,14.0,0,Transient,89.1,0,0
City Hotel,0,30,2016,June,26,19,2,2,2,0.0,0,BB,DEU,Offline TA/TO,TA/TO,0,0,0,A,A,0,No Deposit,16.0,0,Transient,85.5,0,0
City Hotel,0,37,2016,June,26,20,1,2,2,0.0,0,BB,ESP,Online TA,TA/TO,0,0,0,A,A,0,No Deposit,9.0,0,Transient,108.9,0,1
City Hotel,0,53,2016,June,26,21,0,2,2,0.0,0,BB,BEL,Online TA,TA/TO,0,0,0,A,A,1,No Deposit,9.0,0,Transient,109.1,0,0
City Hotel,0,140,2016,June,26,19,2,2,2,0.0,0,BB,GBR,Online TA,TA/TO,0,0,0,D,D,0,No Deposit,9.0,0,Transient,127.71,0,1
City Hotel,0,45,2016,June,26,20,1,2,2,0.0,0,BB,PRT,Online TA,TA/TO,0,0,0,A,E,0,No Deposit,8.0,0,Transient,101.7,0,1
City Hotel,0,1,2016,June,26,22,0,1,2,0.0,0,SC,FRA,Online TA,TA/TO,0,0,0,A,A,0,No Deposit,9.0,0,Transient,129.0,0,2
City Hotel,0,41,2016,June,26,19,2,2,2,0.0,0,BB,PRT,Online TA,TA/TO,0,0,0,A,A,0,No Deposit,9.0,0,Transient,108.45,0,1
City Hotel,0,120,2016,June,25,18,2,3,2,0.0,0,BB,DEU,Offline TA/TO,TA/TO,0,0,0,A,A,0,No Deposit,27.0,0,Transient-Party,80.75,0,3
City Hotel,0,120,2016,June,25,18,2,3,2,0.0,0,BB,DEU,Offline TA/TO,TA/TO,0,0,0,A,A,0,No Deposit,27.0,0,Transient-Party,80.75,0,3
City Hotel,0,55,2016,June,26,21,0,2,2,0.0,0,BB,PRY,Online TA,TA/TO,0,0,0,D,D,0,No Deposit,9.0,0,Transient,113.4,0,2
City Hotel,0,165,2016,June,26,20,1,2,2,0.0,0,BB,BEL,Direct,Direct,0,0,0,A,A,0,No Deposit,,0,Transient-Party,95.4,0,1
City Hotel,0,44,2016,June,26,22,0,1,2,0.0,0,BB,CHE,Online TA,TA/TO,0,0,0,A,A,0,No Deposit,7.0,0,Transient,87.31,0,1
City Hotel,0,28,2016,June,25,12,4,7,2,0.0,0,BB,DEU,Online TA,TA/TO,0,0,0,D,D,0,No Deposit,7.0,0,Transient,93.6,0,0
City Hotel,0,47,2016,June,26,19,2,2,2,0.0,0,HB,PRT,Online TA,TA/TO,0,0,0,A,A,0,No Deposit,9.0,0,Transient,142.65,0,1
City Hotel,0,37,2016,June,26,22,0,1,2,0.0,0,BB,DEU,Online TA,TA/TO,0,0,0,A,A,2,No Deposit,9.0,0,Transient,103.35,1,2
City Hotel,0,14,2016,June,25,17,2,4,2,0.0,0,BB,DEU,Offline TA/TO,TA/TO,0,0,0,A,A,0,No Deposit,138.0,0,Transient,95.0,0,0
City Hotel,0,45,2016,June,26,19,2,2,2,0.0,0,BB,PRT,Online TA,TA/TO,0,0,0,A,A,0,No Deposit,7.0,0,Transient,79.33,0,1
City Hotel,0,54,2016,June,26,20,1,2,2,0.0,0,BB,DEU,Offline TA/TO,TA/TO,0,0,0,D,D,0,No Deposit,22.0,0,Transient,90.95,0,0
City Hotel,0,35,2016,June,26,21,0,2,2,0.0,0,BB,PRT,Online TA,TA/TO,0,0,0,A,A,0,No Deposit,9.0,0,Transient,113.4,0,1
City Hotel,0,5,2016,June,25,18,2,3,2,0.0,0,BB,BEL,Direct,Direct,0,0,0,D,E,0,No Deposit,14.0,0,Transient,129.2,0,1
City Hotel,0,18,2016,June,26,21,0,2,2,0.0,0,BB,PRT,Corporate,Corporate,0,0,0,A,A,1,No Deposit,215.0,0,Transient-Party,100.0,0,0
City Hotel,0,36,2016,June,26,19,2,2,2,0.0,0,BB,AUT,Online TA,TA/TO,0,0,0,D,D,0,No Deposit,7.0,0,Transient,87.89,0,1
City Hotel,0,116,2016,June,25,16,2,5,2,0.0,0,BB,BEL,Online TA,TA/TO,0,0,0,A,A,0,No Deposit,9.0,0,Transient,117.06,0,2
City Hotel,0,28,2016,June,26,20,1,2,2,0.0,0,BB,FRA,Offline TA/TO,TA/TO,0,0,0,A,A,0,No Deposit,28.0,0,Transient,85.5,0,0
City Hotel,0,35,2016,June,26,21,0,2,2,0.0,0,BB,PRT,Online TA,TA/TO,0,0,0,A,B,1,No Deposit,9.0,0,Transient,102.0,0,1
City Hotel,0,45,2016,June,25,17,2,4,2,0.0,0,BB,ESP,Online TA,TA/TO,0,0,0,D,D,0,No Deposit,9.0,0,Transient,135.9,1,1
City Hotel,0,9,2016,June,26,20,1,2,2,0.0,0,HB,JPN,Online TA,TA/TO,0,0,0,A,D,0,No Deposit,9.0,0,Transient,179.0,0,2
City Hotel,0,164,2016,June,26,19,2,2,2,0.0,0,BB,PRT,Online TA,TA/TO,0,0,0,A,A,0,No Deposit,9.0,0,Transient,100.3,0,1
City Hotel,0,139,2016,June,26,19,2,2,2,0.0,0,SC,GBR,Offline TA/TO,TA/TO,0,0,0,A,A,0,No Deposit,132.0,0,Transient,72.25,0,0
City Hotel,0,63,2016,June,26,20,1,2,2,0.0,0,BB,PRT,Online TA,TA/TO,0,0,0,A,A,0,No Deposit,9.0,0,Transient,99.9,0,1
City Hotel,0,33,2016,June,26,20,1,2,2,0.0,0,BB,ISR,Offline TA/TO,TA/TO,0,0,0,A,A,0,No Deposit,138.0,0,Transient,85.5,0,0
City Hotel,0,146,2016,June,26,20,1,3,2,0.0,0,BB,USA,Online TA,TA/TO,0,0,0,A,A,0,No Deposit,11.0,0,Transient,91.98,0,0
City Hotel,0,92,2016,June,26,20,1,3,2,0.0,0,SC,FIN,Online TA,TA/TO,0,0,0,A,B,1,No Deposit,11.0,0,Transient,81.95,0,0
City Hotel,0,4,2016,June,26,20,1,3,2,0.0,0,BB,PRT,Direct,Direct,0,0,0,D,D,0,No Deposit,14.0,0,Transient,139.5,0,0
City Hotel,0,0,2016,June,26,23,0,1,2,0.0,0,BB,GBR,Online TA,TA/TO,0,0,0,A,A,0,No Deposit,9.0,0,Transient,97.0,0,1
City Hotel,0,7,2016,June,26,20,1,3,2,0.0,0,SC,PRT,Offline TA/TO,TA/TO,0,0,0,A,A,0,No Deposit,28.0,0,Transient,72.25,0,0
City Hotel,0,31,2016,June,25,17,2,5,2,0.0,0,BB,DEU,Offline TA/TO,TA/TO,0,0,0,D,D,0,No Deposit,85.0,0,Transient,96.3,0,0
City Hotel,0,224,2016,June,26,20,1,3,2,0.0,0,BB,PRT,Online TA,TA/TO,0,0,0,A,A,0,No Deposit,7.0,0,Transient,73.37,0,1
City Hotel,0,38,2016,June,26,20,1,3,2,0.0,0,BB,PRT,Online TA,TA/TO,0,0,0,A,A,0,No Deposit,9.0,0,Transient,99.9,0,2
City Hotel,0,3,2016,June,26,24,0,0,2,0.0,0,BB,PRT,Online TA,TA/TO,0,0,0,D,D,0,No Deposit,9.0,0,Transient,0.0,0,0
City Hotel,0,0,2016,June,26,23,0,1,2,0.0,0,BB,PRT,Online TA,TA/TO,0,0,0,A,A,0,No Deposit,9.0,0,Transient,97.0,0,1
City Hotel,0,3,2016,June,26,22,0,2,2,0.0,0,SC,DEU,Online TA,TA/TO,0,0,0,A,A,0,No Deposit,7.0,0,Transient,87.01,0,1
City Hotel,0,37,2016,June,26,21,0,3,2,0.0,0,BB,BEL,Online TA,TA/TO,0,0,0,A,A,0,No Deposit,9.0,0,Transient,99.9,0,1
City Hotel,0,11,2016,June,26,21,0,3,2,0.0,0,BB,ITA,Online TA,TA/TO,0,0,0,A,A,0,No Deposit,9.0,0,Transient,124.33,0,1
City Hotel,0,34,2016,June,26,19,2,3,2,0.0,0,BB,IRL,Offline TA/TO,TA/TO,0,0,0,A,A,0,No Deposit,42.0,0,Transient,80.75,0,1
City Hotel,0,5,2016,June,26,22,0,2,2,0.0,0,SC,ESP,Online TA,TA/TO,0,0,0,A,A,0,No Deposit,9.0,0,Transient,122.0,0,1
City Hotel,0,13,2016,June,26,20,1,3,2,0.0,0,BB,HRV,Online TA,TA/TO,0,0,0,A,A,0,No Deposit,9.0,0,Transient,131.0,0,1
City Hotel,0,54,2016,June,26,20,1,3,2,0.0,0,BB,ITA,Online TA,TA/TO,0,0,0,D,D,0,No Deposit,9.0,0,Transient,113.4,0,1
City Hotel,0,18,2016,June,26,23,0,1,2,0.0,0,SC,ESP,Online TA,TA/TO,0,0,0,A,A,0,No Deposit,9.0,0,Transient,89.0,0,0
City Hotel,0,107,2016,June,26,20,1,3,2,0.0,0,BB,DEU,Online TA,TA/TO,0,0,0,A,A,0,No Deposit,7.0,0,Transient,86.72,0,1
City Hotel,0,137,2016,June,26,20,1,3,2,0.0,0,BB,FRA,Offline TA/TO,TA/TO,0,0,0,A,D,0,No Deposit,28.0,0,Transient,75.0,0,0
City Hotel,0,13,2016,June,26,23,0,1,2,0.0,0,BB,PRT,Online TA,TA/TO,0,0,0,A,A,0,No Deposit,9.0,0,Transient,91.0,0,0
City Hotel,0,152,2016,June,25,18,2,4,2,0.0,0,BB,PRT,Offline TA/TO,TA/TO,0,0,0,A,A,0,No Deposit,27.0,0,Transient,80.75,0,0
City Hotel,0,6,2016,June,26,23,0,1,2,0.0,0,BB,CHN,Direct,Direct,0,0,0,A,A,0,No Deposit,14.0,0,Transient,99.0,0,2
City Hotel,0,60,2016,June,26,21,0,3,2,0.0,0,BB,FRA,Offline TA/TO,TA/TO,0,0,0,A,A,0,No Deposit,83.0,0,Transient,75.48,0,0
City Hotel,0,69,2016,June,26,21,0,3,2,0.0,0,SC,PRT,Online TA,TA/TO,0,0,0,A,A,0,No Deposit,9.0,0,Transient,114.9,1,1
City Hotel,0,3,2016,June,26,22,0,2,2,0.0,0,BB,DEU,Direct,Direct,0,0,0,A,A,0,No Deposit,14.0,0,Transient,123.0,0,0
City Hotel,0,46,2016,June,26,22,0,2,2,0.0,0,SC,ARG,Online TA,TA/TO,0,0,0,A,A,0,No Deposit,9.0,0,Transient,89.1,0,1
City Hotel,0,15,2016,June,26,21,0,3,2,0.0,0,BB,PRT,Online TA,TA/TO,0,0,0,D,D,0,No Deposit,9.0,0,Transient,142.67,0,1
City Hotel,0,3,2016,June,26,23,0,1,2,0.0,0,BB,POL,Online TA,TA/TO,0,0,0,D,D,0,No Deposit,9.0,0,Transient,124.0,0,1
City Hotel,0,80,2016,June,26,23,0,1,2,0.0,0,BB,ISR,Online TA,TA/TO,0,0,0,A,A,0,No Deposit,9.0,0,Transient,96.3,0,1
City Hotel,0,80,2016,June,26,23,0,1,2,0.0,0,BB,ISR,Online TA,TA/TO,0,0,0,A,A,0,No Deposit,9.0,0,Transient,96.3,0,1
City Hotel,0,230,2016,June,26,19,2,3,2,0.0,0,BB,NLD,Offline TA/TO,TA/TO,0,0,0,A,A,0,No Deposit,121.0,0,Transient,80.75,0,0
City Hotel,0,8,2016,June,26,23,0,1,2,0.0,0,BB,KOR,Online TA,TA/TO,0,0,0,A,A,0,No Deposit,9.0,0,Transient,91.0,0,1
City Hotel,0,80,2016,June,26,23,0,1,2,0.0,0,BB,ISR,Online TA,TA/TO,0,0,0,A,A,0,No Deposit,9.0,0,Transient,96.3,0,1
City Hotel,0,80,2016,June,26,23,0,1,2,0.0,0,BB,ISR,Online TA,TA/TO,0,0,0,A,A,0,No Deposit,9.0,0,Transient,96.3,0,1
City Hotel,0,8,2016,June,26,22,0,2,2,0.0,0,BB,PRT,Online TA,TA/TO,0,0,0,D,D,0,No Deposit,9.0,0,Transient,131.0,0,1
City Hotel,0,65,2016,June,26,21,0,3,2,0.0,0,BB,PRT,Online TA,TA/TO,0,0,0,A,B,1,No Deposit,9.0,0,Transient,102.9,0,0
City Hotel,0,65,2016,June,26,21,0,3,2,0.0,0,BB,PRT,Online TA,TA/TO,0,0,0,A,B,1,No Deposit,9.0,0,Transient,99.9,1,0
City Hotel,0,24,2016,June,26,23,0,1,2,0.0,0,BB,CHN,Online TA,TA/TO,0,0,0,A,A,0,No Deposit,9.0,0,Transient,101.0,0,1
City Hotel,0,56,2016,June,26,21,0,3,2,0.0,0,BB,CHN,Online TA,TA/TO,0,0,0,D,D,0,No Deposit,7.0,0,Transient,87.32,0,1
City Hotel,0,56,2016,June,26,21,0,3,2,0.0,0,BB,CHN,Online TA,TA/TO,0,0,0,A,A,0,No Deposit,7.0,0,Transient,76.92,0,1
City Hotel,0,59,2016,June,26,22,0,2,2,0.0,0,BB,CHN,Online TA,TA/TO,0,0,0,A,A,0,No Deposit,9.0,0,Transient,99.9,0,2
City Hotel,0,10,2016,June,26,23,0,1,2,0.0,0,BB,PRT,Online TA,TA/TO,0,0,0,A,A,0,No Deposit,9.0,0,Transient,91.0,0,1
City Hotel,0,56,2016,June,26,21,0,3,2,0.0,0,BB,CHN,Online TA,TA/TO,0,0,0,A,A,0,No Deposit,7.0,0,Transient,76.92,0,1
City Hotel,0,9,2016,June,26,21,0,3,2,0.0,0,BB,PRT,Online TA,TA/TO,0,0,0,A,D,0,No Deposit,9.0,0,Transient,133.33,0,2
City Hotel,0,8,2016,June,26,20,1,3,2,0.0,0,BB,FRA,Online TA,TA/TO,0,0,0,A,A,0,No Deposit,9.0,0,Transient,128.5,0,2
City Hotel,0,4,2016,June,26,20,1,3,2,0.0,0,BB,CHE,Offline TA/TO,TA/TO,0,0,0,D,D,0,No Deposit,85.0,0,Transient,107.0,0,0
City Hotel,0,60,2016,June,26,21,0,3,2,0.0,0,BB,FRA,Online TA,TA/TO,0,0,0,A,A,0,No Deposit,9.0,0,Transient,99.9,0,1
City Hotel,0,60,2016,June,26,21,0,3,2,0.0,0,BB,FRA,Online TA,TA/TO,0,0,0,A,A,0,No Deposit,9.0,0,Transient,99.9,0,1
City Hotel,0,72,2016,June,26,22,0,2,2,0.0,0,BB,DEU,Online TA,TA/TO,0,0,0,A,A,0,No Deposit,9.0,0,Transient,120.6,1,1
City Hotel,0,2,2016,June,26,23,0,1,2,0.0,0,SC,PRT,Online TA,TA/TO,0,0,0,A,A,0,No Deposit,9.0,0,Transient,97.0,0,1
City Hotel,0,37,2016,June,26,21,0,3,2,0.0,0,SC,FRA,Online TA,TA/TO,0,0,0,A,A,0,No Deposit,9.0,0,Transient,89.1,0,1
City Hotel,0,52,2016,June,26,20,1,3,2,0.0,0,BB,NLD,Online TA,TA/TO,0,0,0,A,A,0,No Deposit,9.0,0,Transient,99.9,0,1
City Hotel,0,9,2016,June,26,19,2,3,2,0.0,0,BB,DEU,Offline TA/TO,TA/TO,0,0,0,A,A,0,No Deposit,85.0,0,Transient,104.0,1,0
City Hotel,0,27,2016,June,26,20,1,3,2,0.0,0,BB,FIN,Offline TA/TO,TA/TO,0,0,0,A,A,0,No Deposit,42.0,0,Transient,80.75,0,0
City Hotel,0,0,2016,June,26,22,0,2,2,0.0,0,SC,FRA,Online TA,TA/TO,0,0,0,A,A,0,No Deposit,9.0,0,Transient,113.0,0,1
City Hotel,0,130,2016,June,25,16,2,6,2,0.0,0,BB,NLD,Online TA,TA/TO,0,0,0,A,A,0,No Deposit,9.0,0,Transient,117.41,0,1
City Hotel,0,3,2016,June,26,20,1,3,2,0.0,0,BB,NLD,Offline TA/TO,TA/TO,0,0,0,A,A,0,No Deposit,138.0,0,Transient,95.0,0,0
City Hotel,0,119,2016,June,26,19,2,3,2,0.0,0,BB,GBR,Direct,Direct,0,0,0,A,A,0,No Deposit,14.0,0,Transient,105.74,0,1
City Hotel,0,54,2016,June,26,19,2,3,2,0.0,0,SC,BEL,Online TA,TA/TO,0,0,0,A,A,0,No Deposit,7.0,0,Transient,72.77,0,1
City Hotel,0,39,2016,June,26,21,0,3,2,0.0,0,SC,GBR,Online TA,TA/TO,0,0,0,A,A,0,No Deposit,7.0,0,Transient,68.61,0,1
City Hotel,0,0,2016,June,26,22,0,2,2,0.0,0,SC,GBR,Direct,Direct,0,0,0,A,A,0,No Deposit,,0,Transient,101.0,0,0
City Hotel,0,19,2016,June,26,22,0,2,2,0.0,0,BB,PRT,Corporate,Corporate,0,0,0,A,D,1,No Deposit,215.0,0,Transient-Party,100.0,0,0
City Hotel,0,19,2016,June,26,22,0,2,2,0.0,0,BB,PRT,Corporate,Corporate,0,0,0,A,A,1,No Deposit,215.0,0,Transient-Party,100.0,0,0
City Hotel,0,19,2016,June,26,22,0,2,2,0.0,0,BB,PRT,Corporate,Corporate,0,0,0,A,A,2,No Deposit,215.0,0,Transient-Party,110.0,0,0
City Hotel,0,1,2016,June,26,23,0,1,2,0.0,0,SC,AGO,Online TA,TA/TO,0,0,0,A,A,0,No Deposit,9.0,0,Transient,97.0,0,0
City Hotel,0,46,2016,June,26,20,1,3,2,0.0,0,HB,PRT,Online TA,TA/TO,0,0,0,D,D,0,No Deposit,9.0,0,Transient,149.4,0,0
City Hotel,0,63,2016,June,26,20,1,3,2,0.0,0,BB,CHE,Online TA,TA/TO,0,0,0,A,A,0,No Deposit,9.0,0,Transient,99.9,0,3
City Hotel,0,63,2016,June,26,20,1,3,2,0.0,0,BB,CHE,Online TA,TA/TO,0,0,0,A,A,0,No Deposit,9.0,0,Transient,99.9,0,3
City Hotel,0,75,2016,June,26,20,1,3,2,0.0,0,BB,SWE,Offline TA/TO,TA/TO,0,0,0,A,A,0,No Deposit,168.0,0,Transient,80.75,0,1
City Hotel,0,16,2016,June,26,23,0,1,2,0.0,0,BB,CZE,Online TA,TA/TO,0,0,0,A,A,1,No Deposit,9.0,0,Transient,101.0,0,1
City Hotel,0,10,2016,June,26,21,0,3,2,0.0,0,SC,JPN,Online TA,TA/TO,0,0,0,A,A,0,No Deposit,9.0,0,Transient,112.33,0,1
City Hotel,0,27,2016,June,26,22,0,2,2,0.0,0,BB,GBR,Online TA,TA/TO,0,0,0,D,D,0,No Deposit,7.0,0,Transient,120.12,0,1
City Hotel,0,115,2016,June,26,19,2,3,2,0.0,0,BB,GBR,Direct,Direct,0,0,0,A,A,0,No Deposit,14.0,0,Transient,101.66,0,1
City Hotel,0,56,2016,June,26,22,0,2,2,0.0,0,BB,PRT,Direct,Direct,0,0,0,A,A,0,No Deposit,14.0,0,Transient,89.1,0,0
City Hotel,0,64,2016,June,26,20,1,3,2,0.0,0,SC,DEU,Online TA,TA/TO,0,0,0,A,A,0,No Deposit,7.0,0,Transient,68.61,0,1
City Hotel,0,53,2016,June,26,20,1,3,2,0.0,0,BB,PRT,Online TA,TA/TO,0,0,0,A,A,0,No Deposit,9.0,0,Transient,99.9,0,2
City Hotel,0,8,2016,June,26,23,0,1,2,0.0,0,BB,KOR,Online TA,TA/TO,0,0,0,A,A,0,No Deposit,9.0,0,Transient,100.0,1,1
City Hotel,0,41,2016,June,26,20,1,3,2,0.0,0,BB,PRT,Online TA,TA/TO,0,0,0,A,A,0,No Deposit,9.0,0,Transient,110.7,1,1
City Hotel,0,38,2016,June,26,20,1,3,2,0.0,0,BB,PRT,Online TA,TA/TO,0,0,0,A,A,0,No Deposit,9.0,0,Transient,99.9,0,1
City Hotel,0,1,2016,June,26,21,0,3,2,0.0,0,FB,PRT,Complementary,Direct,0,0,0,G,G,1,No Deposit,,0,Transient,0.0,0,1
City Hotel,0,41,2016,June,26,21,0,3,2,0.0,0,BB,FIN,Online TA,TA/TO,0,0,0,A,A,0,No Deposit,7.0,0,Transient,76.92,0,1
City Hotel,0,14,2016,June,26,22,0,2,2,0.0,0,SC,HUN,Online TA,TA/TO,0,0,0,A,A,0,No Deposit,9.0,0,Transient,109.0,0,1
City Hotel,0,38,2016,June,26,20,1,3,2,0.0,0,BB,FRA,Offline TA/TO,TA/TO,0,0,0,A,A,0,No Deposit,250.0,0,Transient,80.2,0,1
City Hotel,0,3,2016,June,26,23,0,1,2,0.0,0,SC,PRT,Online TA,TA/TO,0,0,0,A,A,0,No Deposit,9.0,0,Transient,97.0,0,1
City Hotel,0,2,2016,June,26,23,0,1,2,0.0,0,BB,PRT,Online TA,TA/TO,0,0,0,A,A,0,No Deposit,9.0,0,Transient,118.0,1,2
City Hotel,1,26,2016,June,27,26,2,1,2,0.0,0,BB,DEU,Online TA,TA/TO,0,1,0,D,K,0,No Deposit,9.0,0,Transient,152.67,0,0
City Hotel,0,161,2016,June,26,21,0,4,2,0.0,0,BB,DEU,Online TA,TA/TO,0,0,0,D,D,0,No Deposit,9.0,0,Transient,123.46,0,1
City Hotel,0,235,2016,June,26,24,0,2,2,0.0,0,BB,FRA,Groups,TA/TO,0,0,0,A,D,0,No Deposit,1.0,61,Transient,65.0,0,1
City Hotel,0,265,2016,June,26,24,0,2,2,0.0,0,HB,DEU,Offline TA/TO,TA/TO,0,0,0,A,A,0,No Deposit,6.0,0,Transient-Party,115.0,0,1
City Hotel,0,265,2016,June,26,24,0,2,2,0.0,0,HB,DEU,Offline TA/TO,TA/TO,0,0,0,A,D,0,No Deposit,6.0,0,Transient-Party,115.0,0,1
City Hotel,0,265,2016,June,26,24,0,2,2,0.0,0,HB,DEU,Offline TA/TO,TA/TO,0,0,0,A,A,0,No Deposit,6.0,0,Transient-Party,115.0,0,1
City Hotel,0,235,2016,June,26,24,0,2,2,0.0,0,BB,FRA,Groups,TA/TO,0,0,0,A,A,0,No Deposit,1.0,61,Transient-Party,65.0,0,1
City Hotel,0,265,2016,June,26,24,0,2,2,0.0,0,HB,DEU,Offline TA/TO,TA/TO,0,0,0,A,A,0,No Deposit,6.0,0,Transient-Party,115.0,0,1
City Hotel,0,235,2016,June,26,24,0,2,2,0.0,0,BB,FRA,Groups,TA/TO,0,0,0,A,D,0,No Deposit,1.0,61,Transient-Party,65.0,0,1
City Hotel,0,265,2016,June,26,24,0,2,2,0.0,0,HB,DEU,Offline TA/TO,TA/TO,0,0,0,A,D,0,No Deposit,6.0,0,Transient-Party,109.0,0,1
City Hotel,0,192,2016,June,26,24,0,2,2,0.0,0,BB,SRB,Offline TA/TO,TA/TO,0,0,0,A,A,1,No Deposit,34.0,0,Transient-Party,110.0,0,0
City Hotel,0,265,2016,June,26,24,0,2,2,0.0,0,HB,DEU,Offline TA/TO,TA/TO,0,0,0,A,A,0,No Deposit,6.0,0,Transient-Party,115.0,0,1
City Hotel,0,265,2016,June,26,24,0,2,2,0.0,0,HB,DEU,Offline TA/TO,TA/TO,0,0,0,A,A,0,No Deposit,6.0,0,Transient-Party,115.0,0,1
City Hotel,0,265,2016,June,26,24,0,2,2,0.0,0,HB,DEU,Offline TA/TO,TA/TO,0,0,0,A,A,0,No Deposit,6.0,0,Transient-Party,115.0,0,1
City Hotel,0,265,2016,June,26,24,0,2,2,0.0,0,HB,PRT,Offline TA/TO,TA/TO,0,0,0,A,D,0,No Deposit,6.0,0,Transient-Party,115.0,0,1
City Hotel,0,265,2016,June,26,24,0,2,2,0.0,0,HB,PRT,Offline TA/TO,TA/TO,0,0,0,A,A,0,No Deposit,6.0,0,Transient-Party,115.0,0,1
City Hotel,0,235,2016,June,26,24,0,2,2,0.0,0,BB,FRA,Groups,TA/TO,0,0,0,A,G,0,No Deposit,1.0,61,Transient-Party,65.0,0,1
City Hotel,0,265,2016,June,26,24,0,2,2,0.0,0,HB,DEU,Offline TA/TO,TA/TO,0,0,0,A,A,0,No Deposit,6.0,0,Transient-Party,115.0,0,1
City Hotel,0,265,2016,June,26,24,0,2,2,0.0,0,HB,PRT,Offline TA/TO,TA/TO,0,0,0,A,D,0,No Deposit,6.0,0,Transient-Party,115.0,0,1
City Hotel,0,265,2016,June,26,24,0,2,2,0.0,0,HB,DEU,Offline TA/TO,TA/TO,0,0,0,A,A,0,No Deposit,6.0,0,Transient-Party,112.0,0,1
City Hotel,0,235,2016,June,26,24,0,2,2,0.0,0,BB,FRA,Groups,TA/TO,0,0,0,A,D,0,No Deposit,1.0,61,Transient-Party,65.0,0,1
City Hotel,0,265,2016,June,26,24,0,2,2,0.0,0,HB,DEU,Offline TA/TO,TA/TO,0,0,0,A,D,0,No Deposit,6.0,0,Transient-Party,115.0,0,1
City Hotel,0,265,2016,June,26,24,0,2,2,0.0,0,HB,DEU,Offline TA/TO,TA/TO,0,0,0,A,A,0,No Deposit,6.0,0,Transient-Party,115.0,0,1
City Hotel,0,265,2016,June,26,24,0,2,2,0.0,0,HB,DEU,Offline TA/TO,TA/TO,0,0,0,A,A,0,No Deposit,6.0,0,Transient-Party,115.0,0,1
City Hotel,0,265,2016,June,26,24,0,2,2,0.0,0,HB,DEU,Offline TA/TO,TA/TO,0,0,0,A,D,0,No Deposit,6.0,0,Transient-Party,115.0,0,1
City Hotel,0,265,2016,June,26,24,0,2,2,0.0,0,HB,DEU,Offline TA/TO,TA/TO,0,0,0,A,A,0,No Deposit,6.0,0,Transient-Party,115.0,0,1
City Hotel,0,265,2016,June,26,24,0,2,2,0.0,0,HB,DEU,Offline TA/TO,TA/TO,0,0,0,A,D,0,No Deposit,6.0,0,Transient-Party,115.0,0,1
City Hotel,0,265,2016,June,26,24,0,2,2,0.0,0,HB,DEU,Offline TA/TO,TA/TO,0,0,0,A,A,0,No Deposit,6.0,0,Transient-Party,115.0,0,1
City Hotel,0,265,2016,June,26,24,0,2,2,0.0,0,HB,DEU,Offline TA/TO,TA/TO,0,0,0,A,D,0,No Deposit,6.0,0,Transient-Party,115.0,0,1
City Hotel,0,265,2016,June,26,24,0,2,2,0.0,0,HB,DEU,Offline TA/TO,TA/TO,0,0,0,A,D,0,No Deposit,6.0,0,Transient-Party,115.0,0,1
City Hotel,0,265,2016,June,26,24,0,2,2,0.0,0,HB,PRT,Offline TA/TO,TA/TO,0,0,0,A,A,0,No Deposit,6.0,0,Transient-Party,115.0,0,1
City Hotel,0,265,2016,June,26,24,0,2,2,0.0,0,HB,DEU,Offline TA/TO,TA/TO,0,0,0,A,A,0,No Deposit,6.0,0,Transient-Party,115.0,0,1
City Hotel,0,265,2016,June,26,24,0,2,2,0.0,0,HB,DEU,Offline TA/TO,TA/TO,0,0,0,A,A,0,No Deposit,6.0,0,Transient-Party,115.0,0,1
City Hotel,0,265,2016,June,26,24,0,2,2,0.0,0,HB,DEU,Offline TA/TO,TA/TO,0,0,0,A,D,0,No Deposit,6.0,0,Transient-Party,115.0,0,1
City Hotel,0,265,2016,June,26,24,0,2,2,0.0,0,HB,DEU,Offline TA/TO,TA/TO,0,0,0,A,A,0,No Deposit,6.0,0,Transient-Party,115.0,0,1
City Hotel,0,265,2016,June,26,24,0,2,2,0.0,0,HB,DEU,Offline TA/TO,TA/TO,0,0,0,A,A,0,No Deposit,6.0,0,Transient-Party,115.0,0,1
City Hotel,0,235,2016,June,26,24,0,2,2,0.0,0,BB,FRA,Groups,TA/TO,0,0,0,A,A,0,No Deposit,1.0,61,Transient-Party,65.0,0,1
City Hotel,0,265,2016,June,26,24,0,2,2,0.0,0,HB,DEU,Offline TA/TO,TA/TO,0,0,0,A,D,0,No Deposit,6.0,0,Transient-Party,115.0,0,1
City Hotel,0,265,2016,June,26,24,0,2,2,0.0,0,HB,AUT,Offline TA/TO,TA/TO,0,0,0,A,A,0,No Deposit,6.0,0,Transient-Party,115.0,0,1
City Hotel,0,265,2016,June,26,24,0,2,2,0.0,0,HB,DEU,Offline TA/TO,TA/TO,0,0,0,A,D,0,No Deposit,6.0,0,Transient-Party,115.0,0,1
City Hotel,0,265,2016,June,26,24,0,2,2,0.0,0,HB,PRT,Offline TA/TO,TA/TO,0,0,0,A,D,0,No Deposit,6.0,0,Transient-Party,115.0,0,1
City Hotel,0,265,2016,June,26,24,0,2,2,0.0,0,HB,DEU,Offline TA/TO,TA/TO,0,0,0,A,A,0,No Deposit,6.0,0,Transient-Party,115.0,0,1
City Hotel,0,265,2016,June,26,24,0,2,2,0.0,0,HB,PRT,Offline TA/TO,TA/TO,0,0,0,A,D,0,No Deposit,6.0,0,Transient-Party,115.0,0,1
City Hotel,0,265,2016,June,26,24,0,2,2,0.0,0,HB,BEL,Offline TA/TO,TA/TO,0,0,0,A,A,0,No Deposit,6.0,0,Transient-Party,115.0,0,1
City Hotel,0,265,2016,June,26,24,0,2,2,0.0,0,HB,DEU,Offline TA/TO,TA/TO,0,0,0,A,E,0,No Deposit,6.0,0,Transient-Party,115.0,0,1
City Hotel,0,235,2016,June,26,24,0,2,2,0.0,0,BB,PRT,Groups,TA/TO,0,0,0,A,A,0,No Deposit,1.0,61,Transient-Party,65.0,0,1
City Hotel,0,265,2016,June,26,24,0,2,2,0.0,0,HB,DEU,Offline TA/TO,TA/TO,0,0,0,A,A,0,No Deposit,6.0,0,Transient-Party,115.0,0,1
City Hotel,0,265,2016,June,26,24,0,2,2,0.0,0,HB,DEU,Offline TA/TO,TA/TO,0,0,0,A,A,0,No Deposit,6.0,0,Transient-Party,115.0,0,1
City Hotel,0,235,2016,June,26,24,0,2,2,0.0,0,BB,FRA,Groups,TA/TO,0,0,0,A,A,0,No Deposit,1.0,61,Transient-Party,65.0,0,1
City Hotel,0,235,2016,June,26,24,0,2,2,0.0,0,BB,FRA,Groups,TA/TO,0,0,0,A,D,0,No Deposit,1.0,61,Transient-Party,65.0,0,1
City Hotel,0,235,2016,June,26,24,0,2,2,0.0,0,BB,FRA,Groups,TA/TO,0,0,0,A,A,0,No Deposit,1.0,61,Transient-Party,65.0,0,1
City Hotel,0,235,2016,June,26,24,0,2,2,0.0,0,BB,FRA,Groups,TA/TO,0,0,0,A,A,0,No Deposit,1.0,61,Transient-Party,65.0,0,1
City Hotel,0,265,2016,June,26,24,0,2,2,0.0,0,HB,DEU,Offline TA/TO,TA/TO,0,0,0,A,D,0,No Deposit,6.0,0,Transient-Party,115.0,0,1
City Hotel,0,265,2016,June,26,24,0,2,2,0.0,0,HB,DEU,Offline TA/TO,TA/TO,0,0,0,A,A,0,No Deposit,6.0,0,Transient-Party,115.0,0,1
City Hotel,0,235,2016,June,26,24,0,2,2,0.0,0,BB,FRA,Groups,TA/TO,0,0,0,A,D,0,No Deposit,1.0,61,Transient-Party,65.0,0,1
City Hotel,0,133,2016,June,26,21,0,5,2,0.0,0,BB,NLD,Offline TA/TO,TA/TO,0,0,0,D,D,0,No Deposit,85.0,0,Transient-Party,90.95,0,0
City Hotel,0,133,2016,June,26,21,0,5,2,0.0,0,BB,NLD,Offline TA/TO,TA/TO,0,0,0,D,D,0,No Deposit,85.0,0,Transient-Party,90.95,0,0
City Hotel,0,265,2016,June,26,24,0,2,2,0.0,0,HB,PRT,Offline TA/TO,TA/TO,0,0,0,A,D,0,No Deposit,6.0,0,Transient-Party,115.0,0,1
City Hotel,0,265,2016,June,26,24,0,2,2,0.0,0,HB,DEU,Offline TA/TO,TA/TO,0,0,0,A,D,0,No Deposit,6.0,0,Transient-Party,115.0,0,1
City Hotel,0,265,2016,June,26,24,0,2,2,0.0,0,HB,DEU,Offline TA/TO,TA/TO,0,0,0,A,D,0,No Deposit,6.0,0,Transient-Party,115.0,0,1
City Hotel,0,265,2016,June,26,24,0,2,2,0.0,0,HB,DEU,Offline TA/TO,TA/TO,0,0,0,A,A,0,No Deposit,6.0,0,Transient-Party,115.0,0,1
City Hotel,0,265,2016,June,26,24,0,2,2,0.0,0,HB,DEU,Offline TA/TO,TA/TO,0,0,0,A,A,0,No Deposit,6.0,0,Transient-Party,115.0,0,1
City Hotel,0,265,2016,June,26,24,0,2,2,0.0,0,HB,DEU,Offline TA/TO,TA/TO,0,0,0,A,D,0,No Deposit,6.0,0,Transient-Party,115.0,0,1
City Hotel,0,265,2016,June,26,24,0,2,2,0.0,0,HB,DEU,Offline TA/TO,TA/TO,0,0,0,A,D,0,No Deposit,6.0,0,Transient-Party,115.0,0,1
City Hotel,0,265,2016,June,26,24,0,2,2,0.0,0,HB,DEU,Offline TA/TO,TA/TO,0,0,0,A,A,0,No Deposit,6.0,0,Transient-Party,115.0,0,1
City Hotel,0,265,2016,June,26,24,0,2,2,0.0,0,HB,PRT,Offline TA/TO,TA/TO,0,0,0,A,A,0,No Deposit,6.0,0,Transient-Party,115.0,0,1
City Hotel,0,265,2016,June,26,24,0,2,2,0.0,0,HB,DEU,Offline TA/TO,TA/TO,0,0,0,A,A,0,No Deposit,6.0,0,Transient-Party,115.0,0,1
City Hotel,0,265,2016,June,26,24,0,2,2,0.0,0,HB,DEU,Offline TA/TO,TA/TO,0,0,0,A,A,0,No Deposit,6.0,0,Transient-Party,115.0,0,1
City Hotel,0,265,2016,June,26,24,0,2,2,0.0,0,HB,DEU,Offline TA/TO,TA/TO,0,0,0,A,A,0,No Deposit,6.0,0,Transient-Party,115.0,0,1
City Hotel,0,190,2016,June,26,22,0,4,2,0.0,0,BB,SRB,Offline TA/TO,TA/TO,0,0,0,A,A,1,No Deposit,34.0,0,Transient-Party,95.0,0,0
City Hotel,0,192,2016,June,26,24,0,2,2,0.0,0,BB,SRB,Offline TA/TO,TA/TO,0,0,0,A,A,1,No Deposit,34.0,0,Transient-Party,110.0,0,0
City Hotel,0,235,2016,June,26,24,0,2,2,0.0,0,BB,FRA,Groups,TA/TO,0,0,0,A,A,0,No Deposit,1.0,61,Transient-Party,65.0,0,1
City Hotel,0,265,2016,June,26,24,0,2,2,0.0,0,HB,PRT,Offline TA/TO,TA/TO,0,0,0,A,A,0,No Deposit,6.0,0,Transient-Party,115.0,0,1
City Hotel,0,265,2016,June,26,24,0,2,2,0.0,0,HB,DEU,Offline TA/TO,TA/TO,0,0,0,A,A,0,No Deposit,6.0,0,Transient-Party,115.0,0,1
City Hotel,0,265,2016,June,26,24,0,2,2,0.0,0,HB,DEU,Offline TA/TO,TA/TO,0,0,0,A,D,0,No Deposit,6.0,0,Transient-Party,115.0,0,1
City Hotel,0,235,2016,June,26,24,0,2,2,0.0,0,BB,FRA,Groups,TA/TO,0,0,0,A,D,0,No Deposit,1.0,61,Transient-Party,65.0,0,1
City Hotel,0,20,2016,June,27,26,1,0,2,0.0,0,SC,PRT,Online TA,TA/TO,0,0,0,A,A,0,No Deposit,9.0,0,Transient,89.0,0,1
City Hotel,0,87,2016,June,27,26,1,0,2,0.0,0,SC,USA,Online TA,TA/TO,0,0,0,A,A,0,No Deposit,9.0,0,Transient,85.5,0,1
City Hotel,0,93,2016,June,27,26,1,0,2,0.0,0,SC,BRA,Online TA,TA/TO,0,0,0,A,A,0,No Deposit,9.0,0,Transient,85.5,0,1
City Hotel,0,59,2016,June,27,26,1,0,2,0.0,0,SC,ITA,Online TA,TA/TO,0,0,0,A,A,0,No Deposit,9.0,0,Transient,89.1,0,1
City Hotel,0,53,2016,June,26,24,1,2,2,0.0,0,BB,PRT,Groups,TA/TO,0,0,0,A,A,0,No Deposit,1.0,0,Transient-Party,65.0,0,1
City Hotel,0,53,2016,June,26,24,1,2,2,0.0,0,BB,PRT,Groups,TA/TO,0,0,0,A,C,0,No Deposit,1.0,0,Transient-Party,65.0,0,1
City Hotel,0,53,2016,June,26,24,1,2,2,0.0,0,BB,PRT,Groups,TA/TO,0,0,0,A,A,0,No Deposit,1.0,0,Transient-Party,65.0,0,1
City Hotel,0,53,2016,June,26,24,1,2,2,0.0,0,BB,PRT,Groups,TA/TO,0,0,0,A,A,0,No Deposit,1.0,0,Transient-Party,65.0,0,1
City Hotel,0,53,2016,June,26,24,1,2,2,0.0,0,BB,PRT,Groups,TA/TO,0,0,0,A,A,0,No Deposit,1.0,0,Transient-Party,65.0,0,1
City Hotel,0,82,2016,June,27,26,1,0,2,0.0,0,BB,AUS,Online TA,TA/TO,0,0,0,A,A,0,No Deposit,9.0,0,Transient,96.3,0,1
City Hotel,0,84,2016,June,27,26,1,0,2,0.0,0,BB,CN,Online TA,TA/TO,0,0,0,A,A,0,No Deposit,9.0,0,Transient,96.3,0,1
City Hotel,0,53,2016,June,26,24,1,2,2,0.0,0,BB,PRT,Groups,TA/TO,0,0,0,A,A,0,No Deposit,1.0,0,Transient-Party,65.0,0,1
City Hotel,0,53,2016,June,26,24,1,2,2,0.0,0,BB,PRT,Groups,TA/TO,0,0,0,A,A,1,No Deposit,1.0,0,Transient-Party,32.5,0,1
City Hotel,0,14,2016,June,27,26,1,0,2,0.0,0,BB,PRT,Online TA,TA/TO,0,0,0,A,A,0,No Deposit,9.0,0,Transient,110.0,1,1
City Hotel,0,53,2016,June,26,24,1,2,2,0.0,0,BB,PRT,Groups,TA/TO,0,0,0,A,A,0,No Deposit,1.0,0,Transient-Party,65.0,0,1
City Hotel,0,53,2016,June,26,24,1,2,2,0.0,0,BB,PRT,Groups,TA/TO,0,0,0,A,B,0,No Deposit,1.0,0,Transient-Party,65.0,0,1
City Hotel,0,53,2016,June,26,24,1,2,2,0.0,0,BB,PRT,Groups,TA/TO,0,0,0,A,B,0,No Deposit,1.0,0,Transient-Party,65.0,0,1
City Hotel,0,53,2016,June,26,24,1,2,2,0.0,0,BB,PRT,Groups,TA/TO,0,0,0,A,A,0,No Deposit,1.0,0,Transient-Party,65.0,0,1
City Hotel,0,53,2016,June,26,24,1,2,2,0.0,0,BB,PRT,Groups,TA/TO,0,0,0,A,A,0,No Deposit,1.0,0,Transient-Party,65.0,0,1
City Hotel,0,53,2016,June,26,24,1,2,2,0.0,0,BB,PRT,Groups,TA/TO,0,0,0,A,A,0,No Deposit,1.0,0,Transient-Party,65.0,0,1
City Hotel,0,14,2016,June,27,26,1,0,2,0.0,0,BB,HUN,Online TA,TA/TO,0,0,0,A,A,0,No Deposit,9.0,0,Transient,101.0,0,1
City Hotel,0,53,2016,June,26,24,1,2,2,0.0,0,BB,PRT,Groups,TA/TO,0,0,0,A,A,0,No Deposit,1.0,0,Transient-Party,65.0,0,1
City Hotel,0,53,2016,June,26,24,1,2,2,0.0,0,BB,PRT,Groups,TA/TO,0,0,0,A,A,0,No Deposit,1.0,0,Transient-Party,65.0,0,1
City Hotel,0,53,2016,June,26,24,1,2,2,0.0,0,BB,PRT,Groups,TA/TO,0,0,0,A,A,0,No Deposit,1.0,0,Transient-Party,65.0,0,1
City Hotel,0,53,2016,June,26,24,1,2,2,0.0,0,BB,FRA,Groups,TA/TO,0,0,0,A,A,0,No Deposit,1.0,0,Transient-Party,65.0,0,1
City Hotel,0,166,2016,June,27,26,1,0,2,0.0,0,BB,FRA,Online TA,TA/TO,0,0,0,A,A,0,No Deposit,9.0,0,Transient-Party,96.3,0,1
City Hotel,0,72,2016,June,27,26,1,0,2,0.0,0,BB,PRT,Online TA,TA/TO,0,0,0,A,A,0,No Deposit,9.0,0,Transient,96.3,0,1
City Hotel,0,166,2016,June,27,26,1,0,2,0.0,0,BB,FRA,Online TA,TA/TO,0,0,0,A,A,0,No Deposit,9.0,0,Transient-Party,96.3,0,1
City Hotel,0,166,2016,June,27,26,1,0,2,0.0,0,BB,FRA,Online TA,TA/TO,0,0,0,A,A,0,No Deposit,9.0,0,Transient-Party,96.3,0,1
City Hotel,0,53,2016,June,26,24,1,2,2,0.0,0,BB,PRT,Groups,TA/TO,0,0,0,A,A,0,No Deposit,1.0,0,Transient-Party,65.0,0,1
City Hotel,0,4,2016,June,27,26,1,0,2,0.0,0,BB,PRT,Online TA,TA/TO,0,0,0,A,A,0,No Deposit,9.0,0,Transient,109.0,0,1
City Hotel,0,53,2016,June,26,24,1,2,2,0.0,0,BB,PRT,Groups,TA/TO,0,0,0,A,D,0,No Deposit,1.0,0,Transient-Party,65.0,0,1
City Hotel,0,190,2016,June,26,22,1,4,2,0.0,0,BB,GBR,Offline TA/TO,TA/TO,0,0,0,G,G,2,No Deposit,34.0,0,Transient-Party,110.0,0,0
City Hotel,0,1,2016,June,27,26,1,0,2,0.0,0,BB,PRT,Online TA,TA/TO,0,0,0,A,A,0,No Deposit,9.0,0,Transient,109.0,0,1
City Hotel,0,273,2016,June,26,24,1,2,2,0.0,0,BB,NLD,Online TA,TA/TO,0,0,0,A,E,0,No Deposit,8.0,0,Transient,94.5,0,0
City Hotel,0,166,2016,June,27,26,1,0,2,0.0,0,BB,FRA,Online TA,TA/TO,0,0,0,A,A,1,No Deposit,9.0,0,Transient-Party,96.3,0,1
City Hotel,0,5,2016,June,27,26,1,0,2,0.0,0,BB,ESP,Online TA,TA/TO,0,0,0,A,A,0,No Deposit,9.0,0,Transient,109.0,0,1
City Hotel,0,0,2016,June,27,26,1,0,2,0.0,0,BB,PRT,Online TA,TA/TO,0,0,0,A,D,0,No Deposit,9.0,0,Transient,105.3,0,0
City Hotel,0,8,2016,June,27,26,1,0,2,0.0,0,SC,IRL,Offline TA/TO,TA/TO,0,0,0,A,A,0,No Deposit,79.0,0,Transient,86.6,0,0
City Hotel,0,20,2016,June,27,26,1,0,2,0.0,0,SC,PRT,Online TA,TA/TO,0,0,0,A,A,0,No Deposit,9.0,0,Transient,89.0,0,1
City Hotel,0,39,2016,June,27,26,2,0,2,0.0,0,BB,USA,Online TA,TA/TO,0,0,0,A,A,0,No Deposit,9.0,0,Transient,99.9,0,1
City Hotel,0,145,2016,June,27,27,1,0,2,0.0,0,SC,NLD,Online TA,TA/TO,0,0,0,A,A,0,No Deposit,9.0,0,Transient,85.5,0,1
City Hotel,0,128,2016,June,27,26,2,0,2,0.0,0,BB,PRT,Online TA,TA/TO,0,0,0,A,A,0,No Deposit,9.0,0,Transient,96.3,0,1
City Hotel,0,1,2016,June,27,27,1,0,2,0.0,0,SC,AUS,Online TA,TA/TO,0,0,0,A,A,0,No Deposit,9.0,0,Transient,127.0,0,1
City Hotel,0,1,2016,June,27,27,1,0,2,0.0,0,SC,PRT,Online TA,TA/TO,0,0,0,A,A,0,No Deposit,9.0,0,Transient,127.0,0,1
City Hotel,0,6,2016,June,27,26,2,0,2,0.0,0,BB,DEU,Direct,Direct,0,0,0,E,E,0,No Deposit,14.0,0,Transient,151.0,0,0
City Hotel,0,57,2016,June,27,27,1,0,2,0.0,0,BB,PRT,Online TA,TA/TO,0,0,0,D,D,0,No Deposit,7.0,0,Transient,87.32,0,1
City Hotel,0,63,2016,June,27,26,2,0,2,0.0,0,BB,FIN,Direct,Direct,0,0,0,A,A,0,No Deposit,14.0,0,Transient,89.1,0,0
City Hotel,0,63,2016,June,27,26,2,0,2,0.0,0,BB,FIN,Direct,Direct,0,0,0,A,A,0,No Deposit,14.0,0,Transient,89.1,0,0
City Hotel,0,33,2016,June,27,27,1,0,2,0.0,0,SC,FRA,Online TA,TA/TO,0,0,0,A,A,0,No Deposit,9.0,0,Transient,89.1,0,1
City Hotel,0,1,2016,June,27,26,2,0,2,0.0,0,BB,ECU,Online TA,TA/TO,0,0,0,A,A,0,No Deposit,9.0,0,Transient,124.0,0,0
City Hotel,0,37,2016,June,27,27,1,0,2,0.0,0,SC,GBR,Online TA,TA/TO,0,0,0,A,A,0,No Deposit,9.0,0,Transient,89.1,0,1
City Hotel,0,37,2016,June,27,26,2,0,2,0.0,0,BB,CHE,Online TA,TA/TO,0,0,0,A,A,0,No Deposit,9.0,0,Transient,99.9,0,0
City Hotel,0,0,2016,June,27,27,1,0,2,0.0,0,BB,BRA,Online TA,TA/TO,0,0,0,A,D,0,No Deposit,9.0,0,Transient,96.3,0,0
City Hotel,0,3,2016,June,27,26,2,0,2,0.0,0,SC,SWE,Online TA,TA/TO,0,0,0,A,B,0,No Deposit,9.0,0,Transient,113.0,0,2
City Hotel,0,3,2016,June,27,26,2,0,2,0.0,0,SC,SWE,Online TA,TA/TO,0,0,0,A,B,0,No Deposit,9.0,0,Transient,113.0,0,2
City Hotel,0,162,2016,June,27,26,2,0,2,0.0,0,BB,DEU,Online TA,TA/TO,0,0,0,D,D,0,No Deposit,8.0,0,Transient,114.3,1,1
City Hotel,0,144,2016,June,27,26,2,0,2,0.0,0,SC,GBR,Online TA,TA/TO,0,0,0,A,A,0,No Deposit,9.0,0,Transient-Party,85.5,0,1
City Hotel,0,144,2016,June,27,26,2,0,2,0.0,0,SC,GBR,Online TA,TA/TO,0,0,0,A,A,0,No Deposit,9.0,0,Transient-Party,85.5,0,1
City Hotel,0,119,2016,June,27,26,2,0,2,0.0,0,BB,FRA,Online TA,TA/TO,0,0,0,A,A,0,No Deposit,9.0,0,Transient,96.3,0,1
City Hotel,0,75,2016,June,26,25,2,1,2,0.0,0,BB,GBR,Offline TA/TO,TA/TO,0,0,0,A,A,0,No Deposit,85.0,0,Transient,80.75,0,0
City Hotel,0,36,2016,June,27,26,2,0,2,0.0,0,BB,PRT,Online TA,TA/TO,0,0,0,A,A,0,No Deposit,9.0,0,Transient,94.35,0,0
City Hotel,0,7,2016,June,27,26,2,0,2,0.0,0,SC,FRA,Online TA,TA/TO,0,0,0,A,A,0,No Deposit,7.0,0,Transient,82.66,0,1
City Hotel,0,1,2016,June,27,26,2,0,2,0.0,0,BB,PRT,Direct,Direct,0,0,0,A,A,0,No Deposit,14.0,0,Transient,104.2,1,1
City Hotel,0,114,2016,June,27,26,2,0,2,0.0,0,SC,DEU,Online TA,TA/TO,0,0,0,A,A,0,No Deposit,9.0,0,Transient,85.5,0,1
City Hotel,0,149,2016,June,26,25,2,1,2,0.0,0,BB,GBR,Offline TA/TO,TA/TO,0,0,0,A,D,0,No Deposit,85.0,0,Transient,80.75,0,1
City Hotel,0,2,2016,June,27,26,2,0,2,0.0,0,SC,GBR,Online TA,TA/TO,0,0,0,A,A,0,No Deposit,9.0,0,Transient,122.0,0,1
City Hotel,0,34,2016,June,27,26,2,0,2,0.0,0,SC,PRT,Online TA,TA/TO,0,0,0,A,A,0,No Deposit,9.0,0,Transient,89.1,0,1
City Hotel,0,241,2016,June,26,20,3,6,2,0.0,0,BB,DEU,Online TA,TA/TO,0,0,0,A,A,0,No Deposit,9.0,0,Contract,106.2,1,1
City Hotel,0,50,2016,June,27,28,0,1,2,0.0,0,SC,CN,Online TA,TA/TO,0,0,0,A,A,0,No Deposit,7.0,0,Transient,82.47,0,1
City Hotel,0,1,2016,June,27,26,2,1,2,0.0,0,BB,DEU,Online TA,TA/TO,0,0,0,D,D,0,No Deposit,9.0,0,Transient,152.67,0,0
City Hotel,0,128,2016,June,27,26,2,1,2,0.0,0,HB,GBR,Offline TA/TO,TA/TO,0,0,0,A,A,0,No Deposit,85.0,0,Transient,142.25,0,0
City Hotel,0,8,2016,June,27,26,2,1,2,0.0,0,BB,ITA,Offline TA/TO,TA/TO,0,0,0,D,D,0,No Deposit,85.0,0,Transient,107.0,0,0
City Hotel,0,10,2016,June,27,26,2,1,2,0.0,0,BB,LUX,Online TA,TA/TO,0,0,0,A,A,1,No Deposit,9.0,0,Transient,124.33,0,1
City Hotel,0,75,2016,June,27,26,2,1,2,0.0,0,BB,PRT,Offline TA/TO,TA/TO,0,0,0,A,A,0,No Deposit,85.0,0,Transient,80.75,0,0
City Hotel,0,128,2016,June,27,26,2,1,2,0.0,0,BB,PRT,Online TA,TA/TO,0,0,0,D,D,0,No Deposit,8.0,0,Transient,109.8,0,1
City Hotel,0,19,2016,June,27,26,2,1,2,0.0,0,SC,GBR,Online TA,TA/TO,0,0,0,A,A,0,No Deposit,9.0,0,Transient,119.0,0,1
City Hotel,0,13,2016,June,27,28,0,1,2,0.0,0,SC,ESP,Online TA,TA/TO,0,0,0,A,A,0,No Deposit,9.0,0,Transient,119.0,0,1
City Hotel,0,15,2016,June,27,26,2,1,2,0.0,0,BB,FRA,Online TA,TA/TO,0,0,0,D,A,0,No Deposit,9.0,0,Transient,146.0,0,1
City Hotel,0,155,2016,June,27,27,1,1,2,0.0,0,BB,BEL,Online TA,TA/TO,0,0,0,A,A,0,No Deposit,9.0,0,Transient,96.3,0,1
City Hotel,0,87,2016,June,27,26,2,1,2,0.0,0,BB,CHE,Online TA,TA/TO,0,0,0,A,A,0,No Deposit,9.0,0,Transient,102.3,0,1
City Hotel,0,127,2016,June,27,27,1,1,2,0.0,0,BB,PRT,Online TA,TA/TO,0,0,0,A,A,0,No Deposit,9.0,0,Transient,96.3,0,1
City Hotel,0,103,2016,June,27,27,1,1,2,0.0,0,BB,DEU,Offline TA/TO,TA/TO,0,0,0,A,A,0,No Deposit,27.0,0,Transient,80.75,0,2
City Hotel,0,41,2016,June,27,28,0,1,2,0.0,0,BB,PRT,Offline TA/TO,TA/TO,0,0,0,A,A,0,No Deposit,252.0,0,Transient-Party,85.6,0,0
City Hotel,0,170,2016,June,27,27,1,1,2,0.0,0,BB,PRT,Online TA,TA/TO,0,0,0,D,D,2,No Deposit,9.0,0,Transient,105.3,0,1
City Hotel,0,87,2016,June,27,26,2,1,2,0.0,0,BB,PRT,Offline TA/TO,TA/TO,0,0,0,A,A,0,No Deposit,83.0,0,Transient,77.29,0,0
City Hotel,0,41,2016,June,27,28,0,1,2,0.0,0,BB,PRT,Offline TA/TO,TA/TO,0,0,0,A,A,0,No Deposit,252.0,0,Transient-Party,85.6,0,0
City Hotel,0,55,2016,June,27,26,2,1,2,0.0,0,SC,PRT,Online TA,TA/TO,0,0,0,A,A,0,No Deposit,9.0,0,Transient,95.1,0,1
City Hotel,0,28,2016,June,27,26,2,1,2,0.0,0,SC,BEL,Online TA,TA/TO,0,0,0,A,A,0,No Deposit,9.0,0,Transient,121.03,0,1
City Hotel,0,45,2016,June,27,26,2,1,2,0.0,0,SC,PRT,Online TA,TA/TO,0,0,0,A,A,0,No Deposit,9.0,0,Transient,95.1,0,1
City Hotel,0,88,2016,June,27,26,2,1,2,0.0,0,BB,GBR,Online TA,TA/TO,0,0,0,A,A,0,No Deposit,9.0,0,Transient,102.3,0,1
City Hotel,0,101,2016,June,27,27,1,1,2,0.0,0,BB,IRL,Online TA,TA/TO,0,0,0,A,A,0,No Deposit,9.0,0,Transient,105.3,0,1
City Hotel,0,59,2016,June,27,26,2,1,2,0.0,0,BB,PRT,Online TA,TA/TO,0,0,0,D,D,0,No Deposit,9.0,0,Transient,119.4,0,1
City Hotel,0,155,2016,June,27,26,2,1,2,0.0,0,BB,PRT,Online TA,TA/TO,0,0,0,A,A,0,No Deposit,9.0,0,Transient,96.3,0,1
City Hotel,0,0,2016,June,27,28,0,1,2,0.0,0,BB,PRT,Corporate,Corporate,0,0,0,A,A,0,No Deposit,,0,Transient,116.45,0,0
City Hotel,0,142,2016,June,27,26,2,1,2,0.0,0,BB,FRA,Online TA,TA/TO,0,0,0,D,D,0,No Deposit,9.0,0,Transient,109.8,0,0
City Hotel,0,74,2016,June,27,26,2,1,2,0.0,0,SC,FRA,Online TA,TA/TO,0,0,0,A,A,0,No Deposit,9.0,0,Transient,91.5,0,1
City Hotel,0,13,2016,June,27,28,0,1,2,0.0,0,BB,FRA,Online TA,TA/TO,0,0,0,D,D,0,No Deposit,9.0,0,Transient,146.0,0,1
City Hotel,0,2,2016,June,27,28,0,1,2,0.0,0,SC,PRT,Online TA,TA/TO,0,0,0,A,A,0,No Deposit,9.0,0,Transient,127.0,0,0
City Hotel,0,49,2016,June,27,26,2,1,2,0.0,0,BB,FRA,Online TA,TA/TO,0,0,0,A,A,0,No Deposit,9.0,0,Transient,116.7,1,1
City Hotel,0,1,2016,June,27,26,2,1,2,0.0,0,BB,DEU,Online TA,TA/TO,0,0,0,A,A,0,No Deposit,9.0,0,Transient,137.67,0,1
City Hotel,0,0,2016,June,27,28,0,1,2,0.0,0,BB,FRA,Direct,Direct,0,0,0,A,A,0,No Deposit,,0,Transient,147.0,0,0
City Hotel,0,51,2016,June,27,26,2,1,2,0.0,0,BB,PRT,Offline TA/TO,TA/TO,0,0,0,A,A,0,No Deposit,27.0,0,Transient,85.5,0,0
City Hotel,0,1,2016,June,27,26,2,1,2,0.0,0,BB,PRT,Direct,Direct,0,0,0,A,A,0,No Deposit,14.0,0,Transient,127.0,0,0
City Hotel,0,41,2016,June,27,28,0,1,2,0.0,0,BB,PRT,Offline TA/TO,TA/TO,0,0,0,A,A,0,No Deposit,252.0,0,Transient-Party,171.2,0,0
City Hotel,0,31,2016,June,27,26,2,1,2,0.0,0,BB,PRT,Online TA,TA/TO,0,0,0,A,A,0,No Deposit,7.0,0,Transient,77.47,0,1
City Hotel,0,92,2016,June,27,26,2,1,2,0.0,0,BB,GBR,Offline TA/TO,TA/TO,0,0,0,A,A,0,No Deposit,118.0,0,Transient,80.75,0,1
City Hotel,0,23,2016,June,27,27,1,2,2,0.0,0,BB,CHE,Direct,Direct,0,0,0,D,D,0,No Deposit,14.0,0,Transient,162.0,0,1
City Hotel,0,130,2016,June,27,27,1,2,2,0.0,0,BB,PRT,Online TA,TA/TO,0,0,0,A,A,0,No Deposit,9.0,0,Transient,96.3,0,0
City Hotel,0,128,2016,June,27,26,2,2,2,0.0,0,SC,GBR,Online TA,TA/TO,0,0,0,A,A,0,No Deposit,9.0,0,Transient,80.75,0,1
City Hotel,0,120,2016,June,27,27,1,2,2,0.0,0,SC,PRT,Online TA,TA/TO,0,0,0,A,A,0,No Deposit,9.0,0,Transient,85.5,0,1
City Hotel,0,127,2016,June,27,27,1,2,2,0.0,0,BB,PRT,Online TA,TA/TO,0,0,0,A,A,0,No Deposit,9.0,0,Transient,96.3,0,1
City Hotel,0,20,2016,June,27,29,0,1,2,0.0,0,BB,PRT,Corporate,Corporate,0,0,0,A,A,0,No Deposit,,0,Transient,75.0,0,0
City Hotel,0,145,2016,June,27,28,0,2,2,0.0,0,BB,ESP,Online TA,TA/TO,0,0,0,A,A,0,No Deposit,9.0,0,Transient,105.3,1,1
City Hotel,0,172,2016,June,27,27,1,2,2,0.0,0,BB,NLD,Online TA,TA/TO,0,0,0,A,A,0,No Deposit,9.0,0,Transient,96.3,0,1
City Hotel,0,75,2016,June,27,26,2,2,2,0.0,0,BB,PRT,Online TA,TA/TO,0,0,0,A,A,0,No Deposit,7.0,0,Transient,77.03,0,1
City Hotel,0,119,2016,June,27,26,2,2,2,0.0,0,BB,ESP,Online TA,TA/TO,0,0,0,B,B,1,No Deposit,9.0,0,Transient-Party,83.83,0,1
City Hotel,0,135,2016,June,27,28,0,2,2,0.0,0,SC,PRT,Online TA,TA/TO,0,0,0,A,A,0,No Deposit,9.0,0,Transient,90.0,0,1
City Hotel,0,127,2016,June,27,26,2,2,2,0.0,0,BB,PRT,Online TA,TA/TO,0,0,0,D,A,0,No Deposit,9.0,0,Transient,103.7,0,1
City Hotel,0,76,2016,June,27,28,0,2,2,0.0,0,BB,NLD,Online TA,TA/TO,0,0,0,D,D,1,No Deposit,9.0,0,Transient,131.4,0,1
City Hotel,0,37,2016,June,27,26,2,2,2,0.0,0,HB,FRA,Online TA,TA/TO,0,0,0,D,D,2,No Deposit,9.0,0,Transient,156.6,0,2
City Hotel,0,37,2016,June,27,26,2,2,2,0.0,0,HB,FRA,Online TA,TA/TO,0,0,0,A,D,2,No Deposit,9.0,0,Transient,143.1,0,2
City Hotel,0,111,2016,June,27,26,2,2,2,0.0,0,BB,DEU,Online TA,TA/TO,0,0,0,A,A,0,No Deposit,9.0,0,Transient,99.45,0,1
City Hotel,0,144,2016,June,27,27,1,2,2,0.0,0,BB,PRT,Online TA,TA/TO,0,0,0,A,A,0,No Deposit,9.0,0,Transient-Party,96.3,0,1
City Hotel,0,144,2016,June,27,27,1,2,2,0.0,0,BB,FRA,Online TA,TA/TO,0,0,0,A,A,0,No Deposit,9.0,0,Transient-Party,96.3,0,1
City Hotel,0,69,2016,June,27,29,0,1,2,0.0,0,BB,DEU,Online TA,TA/TO,0,0,0,A,A,0,No Deposit,9.0,0,Transient,117.9,0,1
City Hotel,0,40,2016,June,27,27,1,2,2,0.0,0,BB,ISR,Offline TA/TO,TA/TO,0,0,0,A,A,0,No Deposit,138.0,0,Transient,85.5,0,0
City Hotel,0,1,2016,December,53,29,0,1,2,0.0,0,BB,PRT,Corporate,Corporate,1,0,3,A,A,1,No Deposit,,0,Transient,65.0,0,1
City Hotel,0,124,2016,June,27,27,1,2,2,0.0,0,BB,FRA,Online TA,TA/TO,0,0,0,A,A,0,No Deposit,9.0,0,Transient,96.3,0,2
City Hotel,0,37,2016,June,27,29,0,1,2,0.0,0,BB,GBR,Offline TA/TO,TA/TO,0,0,0,A,A,0,No Deposit,22.0,0,Transient,85.5,0,0
City Hotel,0,124,2016,June,27,27,1,2,2,0.0,0,BB,NLD,Online TA,TA/TO,0,0,0,A,A,0,No Deposit,9.0,0,Transient,96.3,0,1
City Hotel,0,35,2016,June,27,27,1,2,2,0.0,0,SC,PRT,Offline TA/TO,TA/TO,0,0,0,A,A,0,No Deposit,28.0,0,Transient,76.5,0,0
City Hotel,0,118,2016,June,27,27,1,2,2,0.0,0,BB,GBR,Online TA,TA/TO,0,0,0,A,A,0,No Deposit,9.0,0,Transient,96.3,0,1
City Hotel,0,77,2016,June,27,26,2,2,2,0.0,0,BB,BEL,Direct,Direct,0,0,0,A,A,0,No Deposit,14.0,0,Transient,112.5,1,0
City Hotel,0,132,2016,June,27,27,1,2,2,0.0,0,BB,FRA,Online TA,TA/TO,0,0,0,A,A,0,No Deposit,7.0,0,Transient,70.44,0,1
City Hotel,0,72,2016,June,27,26,2,2,2,0.0,0,BB,GBR,Online TA,TA/TO,0,0,0,A,A,0,No Deposit,89.0,0,Transient,75.82,0,0
City Hotel,0,31,2016,June,27,26,2,2,2,0.0,0,SC,BEL,Online TA,TA/TO,0,0,0,A,A,0,No Deposit,9.0,0,Transient,98.1,0,1
City Hotel,0,149,2016,June,27,26,2,2,2,0.0,0,SC,IRL,Online TA,TA/TO,0,0,0,A,A,0,No Deposit,9.0,0,Transient,80.75,0,1
City Hotel,0,117,2016,June,27,26,2,2,2,0.0,0,BB,PRT,Online TA,TA/TO,0,0,0,B,B,0,No Deposit,9.0,0,Transient-Party,83.83,0,1
City Hotel,0,83,2016,June,27,27,1,2,2,0.0,0,SC,IRL,Online TA,TA/TO,0,0,0,A,A,0,No Deposit,89.0,0,Transient,74.1,0,0
City Hotel,0,64,2016,June,27,27,1,2,2,0.0,0,BB,BEL,Online TA,TA/TO,0,0,0,A,A,0,No Deposit,9.0,0,Transient,111.9,0,1
City Hotel,0,105,2016,June,27,26,2,2,2,0.0,0,BB,NLD,Online TA,TA/TO,0,0,0,A,A,0,No Deposit,9.0,0,Transient,99.45,0,1
City Hotel,0,137,2016,June,27,26,2,3,2,0.0,0,BB,FRA,Offline TA/TO,TA/TO,0,0,0,A,D,0,No Deposit,28.0,0,Transient,112.0,0,0
City Hotel,0,146,2016,June,27,30,0,1,2,0.0,0,BB,USA,Direct,Direct,0,0,0,A,A,0,No Deposit,14.0,0,Transient,85.5,0,1
City Hotel,0,71,2016,June,27,26,2,3,2,0.0,0,BB,DEU,Online TA,TA/TO,0,0,0,A,A,0,No Deposit,7.0,0,Transient,91.47,0,1
City Hotel,0,12,2016,June,27,30,0,1,2,0.0,0,SC,IRL,Online TA,TA/TO,0,0,0,A,A,0,No Deposit,7.0,0,Transient,101.68,0,1
City Hotel,0,2,2016,June,27,30,0,1,2,0.0,0,SC,ESP,Offline TA/TO,TA/TO,0,0,0,A,A,0,No Deposit,28.0,0,Transient,75.0,0,0
City Hotel,0,154,2016,June,27,27,1,3,2,0.0,0,BB,IRL,Online TA,TA/TO,0,0,0,A,A,0,No Deposit,9.0,0,Transient,90.95,0,1
City Hotel,0,76,2016,June,27,27,1,3,2,0.0,0,BB,NOR,Online TA,TA/TO,0,0,0,A,A,0,No Deposit,9.0,0,Transient,109.8,0,1
City Hotel,0,2,2016,June,27,26,2,3,2,0.0,0,SC,PRT,Offline TA/TO,TA/TO,0,0,0,A,A,0,No Deposit,28.0,0,Transient,63.75,0,0
City Hotel,0,71,2016,June,27,28,0,3,2,0.0,0,BB,AUT,Online TA,TA/TO,0,0,0,A,A,0,No Deposit,7.0,0,Transient,86.25,0,1
City Hotel,0,3,2016,June,27,29,0,2,2,0.0,0,BB,PRT,Direct,Direct,0,0,0,A,A,1,No Deposit,14.0,0,Transient,63.5,0,0
City Hotel,0,66,2016,June,27,26,2,3,2,0.0,0,BB,BEL,Direct,Direct,0,0,0,A,A,0,No Deposit,14.0,0,Transient,99.9,0,1
City Hotel,0,256,2016,June,27,28,0,3,2,0.0,0,BB,DEU,Online TA,TA/TO,0,0,0,A,A,0,No Deposit,9.0,0,Transient,106.2,0,0
City Hotel,0,137,2016,June,27,29,0,2,2,0.0,0,BB,ESP,Direct,Direct,0,0,0,A,A,0,No Deposit,14.0,0,Transient,103.5,1,1
City Hotel,0,27,2016,June,27,28,0,3,2,0.0,0,BB,PRT,Direct,Direct,0,0,0,E,E,0,No Deposit,14.0,0,Transient,192.67,1,0
City Hotel,0,0,2016,June,27,30,0,1,2,0.0,0,SC,PRT,Online TA,TA/TO,0,0,0,A,A,0,No Deposit,9.0,0,Transient,107.0,0,0
City Hotel,0,20,2016,June,27,28,0,3,2,0.0,0,BB,BEL,Offline TA/TO,TA/TO,0,0,0,A,A,0,No Deposit,138.0,0,Transient,76.5,0,0
City Hotel,0,36,2016,June,27,29,0,2,2,0.0,0,BB,PRT,Online TA,TA/TO,0,0,0,D,D,0,No Deposit,9.0,0,Transient,133.1,0,0
City Hotel,0,154,2016,June,27,28,0,3,2,0.0,0,BB,DEU,Direct,Direct,0,0,0,A,A,0,No Deposit,14.0,0,Transient,85.5,0,0
City Hotel,0,32,2016,June,27,27,1,3,2,0.0,0,BB,PRT,Online TA,TA/TO,0,0,0,D,D,0,No Deposit,9.0,0,Transient,129.15,0,0
City Hotel,0,22,2016,June,27,30,0,1,2,0.0,0,BB,BEL,Offline TA/TO,TA/TO,0,0,0,A,A,0,No Deposit,85.0,0,Transient,85.0,0,0
City Hotel,0,63,2016,June,27,26,2,3,2,0.0,0,BB,FIN,Online TA,TA/TO,0,0,0,A,A,0,No Deposit,9.0,0,Transient,110.7,0,1
City Hotel,0,228,2016,June,27,26,2,3,2,0.0,0,BB,GBR,Online TA,TA/TO,0,0,0,A,A,0,No Deposit,7.0,0,Transient,77.23,0,1
City Hotel,0,49,2016,June,27,27,1,4,2,0.0,0,BB,AUT,Direct,Direct,0,0,0,A,A,1,No Deposit,14.0,0,Transient,103.5,0,0
City Hotel,0,105,2016,June,27,26,2,3,2,0.0,0,SC,NZL,Online TA,TA/TO,0,0,0,A,A,0,No Deposit,9.0,0,Transient,90.95,0,0
City Hotel,0,96,2016,June,27,29,0,2,2,0.0,0,BB,PRT,Online TA,TA/TO,0,0,0,A,A,0,No Deposit,9.0,0,Transient,118.8,0,1
City Hotel,0,170,2016,June,27,28,0,3,2,0.0,0,BB,LUX,Online TA,TA/TO,0,0,0,A,A,0,No Deposit,9.0,0,Transient,96.3,0,1
City Hotel,0,144,2016,June,27,27,1,3,2,0.0,0,SC,PRT,Online TA,TA/TO,0,0,0,A,A,1,No Deposit,9.0,0,Transient,80.75,0,0
City Hotel,0,34,2016,June,27,28,0,3,2,0.0,0,BB,DEU,Offline TA/TO,TA/TO,0,0,0,A,A,0,No Deposit,27.0,0,Transient,76.5,0,0
City Hotel,0,7,2016,June,27,30,0,1,2,0.0,0,BB,PRT,Online TA,TA/TO,0,0,0,A,A,0,No Deposit,9.0,0,Transient,151.0,0,1
City Hotel,0,6,2016,June,27,27,1,3,2,0.0,0,BB,PRT,Online TA,TA/TO,0,0,0,A,A,0,No Deposit,9.0,0,Transient,141.0,0,1
City Hotel,0,152,2016,June,27,27,1,3,2,0.0,0,BB,FIN,Online TA,TA/TO,0,0,0,A,A,0,No Deposit,9.0,0,Transient,90.95,0,1
City Hotel,0,35,2016,June,27,26,2,3,2,0.0,0,BB,BEL,Online TA,TA/TO,0,0,0,A,A,0,No Deposit,9.0,0,Transient,110.7,0,1
City Hotel,0,159,2016,June,27,27,1,3,2,0.0,0,BB,DEU,Online TA,TA/TO,0,0,0,A,A,0,No Deposit,9.0,0,Transient,90.95,0,1
City Hotel,0,6,2016,June,27,30,0,1,2,0.0,0,SC,PRT,Online TA,TA/TO,0,0,0,A,A,0,No Deposit,9.0,0,Transient,139.0,0,1
City Hotel,0,89,2016,June,27,26,2,3,2,0.0,0,BB,FRA,Online TA,TA/TO,0,0,0,A,A,0,No Deposit,9.0,0,Transient,107.1,0,3
City Hotel,0,131,2016,June,27,26,2,3,2,0.0,0,BB,PRT,Online TA,TA/TO,0,0,0,B,B,3,No Deposit,9.0,0,Transient,92.83,1,1
City Hotel,0,80,2016,June,27,26,2,3,2,0.0,0,BB,GBR,Online TA,TA/TO,0,0,0,A,A,0,No Deposit,9.0,0,Transient,107.1,0,0
City Hotel,0,125,2016,June,27,30,0,1,2,0.0,0,SC,ESP,Online TA,TA/TO,0,0,0,A,A,0,No Deposit,9.0,0,Transient,85.5,0,1
City Hotel,0,117,2016,June,27,28,0,3,2,0.0,0,SC,BRA,Online TA,TA/TO,0,0,0,A,A,0,No Deposit,7.0,0,Transient,79.69,0,1
City Hotel,0,2,2016,June,27,29,0,2,2,0.0,0,SC,ISR,Online TA,TA/TO,0,0,0,D,D,0,No Deposit,152.0,0,Transient,104.79,0,0
City Hotel,0,40,2016,June,27,26,2,3,2,0.0,0,BB,PRT,Online TA,TA/TO,0,0,0,A,A,0,No Deposit,9.0,0,Transient,110.7,0,0
City Hotel,0,89,2016,June,27,26,2,3,2,0.0,0,BB,FRA,Online TA,TA/TO,0,0,0,A,A,0,No Deposit,9.0,0,Transient,107.1,0,2
City Hotel,0,38,2016,June,27,27,1,3,2,0.0,0,SC,DEU,Offline TA/TO,TA/TO,0,0,0,A,A,0,No Deposit,28.0,0,Transient,63.75,0,0
City Hotel,0,122,2016,June,27,30,0,1,2,0.0,0,SC,ESP,Online TA,TA/TO,0,0,0,A,A,0,No Deposit,9.0,0,Transient,85.5,0,1
City Hotel,0,9,2016,June,27,29,0,2,2,0.0,0,BB,ESP,Direct,Direct,0,0,0,D,D,0,No Deposit,14.0,0,Transient,129.2,0,0
City Hotel,0,39,2016,July,27,1,0,1,2,0.0,0,SC,PRT,Online TA,TA/TO,0,0,0,A,A,0,No Deposit,9.0,0,Transient,107.1,0,1
City Hotel,0,14,2016,July,27,1,0,1,2,0.0,0,BB,CHN,Direct,Direct,0,0,0,A,A,1,No Deposit,14.0,0,Transient,149.0,0,3
City Hotel,0,90,2016,June,27,26,2,4,2,0.0,0,BB,SWE,Online TA,TA/TO,0,0,0,A,A,0,No Deposit,9.0,0,Transient,108.3,0,0
City Hotel,0,121,2016,June,27,30,0,2,2,0.0,0,BB,FIN,Online TA,TA/TO,0,0,0,B,B,0,No Deposit,9.0,0,Transient-Party,88.77,0,1
City Hotel,0,124,2016,June,27,30,0,2,2,0.0,0,BB,FIN,Online TA,TA/TO,0,0,0,B,B,1,No Deposit,9.0,0,Transient-Party,97.55,0,0
City Hotel,0,124,2016,June,27,30,0,2,2,0.0,0,BB,PRT,Online TA,TA/TO,0,0,0,B,B,1,No Deposit,9.0,0,Transient-Party,88.76,0,1
City Hotel,0,0,2016,June,27,26,2,4,2,0.0,0,BB,CHE,Direct,Direct,0,0,0,D,D,0,No Deposit,14.0,0,Transient,130.8,0,1
City Hotel,0,100,2016,June,27,27,1,4,2,0.0,0,BB,BEL,Direct,Direct,0,0,0,D,D,3,No Deposit,14.0,0,Transient,134.4,1,0
City Hotel,0,27,2016,June,27,29,0,3,2,0.0,0,BB,GBR,Online TA,TA/TO,0,0,0,D,D,0,No Deposit,7.0,0,Transient,125.25,0,1
City Hotel,0,117,2016,June,27,28,0,4,2,0.0,0,SC,PRT,Online TA,TA/TO,0,0,0,B,B,0,No Deposit,9.0,0,Transient-Party,97.75,0,1
City Hotel,0,117,2016,June,27,28,0,4,2,0.0,0,SC,ESP,Online TA,TA/TO,0,0,0,B,B,0,No Deposit,9.0,0,Transient-Party,97.75,0,1
City Hotel,0,148,2016,June,27,29,0,3,2,0.0,0,BB,PRT,Offline TA/TO,TA/TO,0,0,0,D,D,0,No Deposit,6.0,0,Transient,88.12,0,0
City Hotel,0,58,2016,June,27,28,0,4,2,0.0,0,BB,FRA,Online TA,TA/TO,0,0,0,D,D,0,No Deposit,9.0,0,Transient,131.4,0,1
City Hotel,0,174,2016,June,27,29,0,3,2,0.0,0,SC,DEU,Online TA,TA/TO,0,0,0,A,A,0,No Deposit,9.0,0,Transient-Party,85.5,0,1
City Hotel,0,99,2016,June,27,29,0,3,2,0.0,0,BB,FRA,Online TA,TA/TO,0,0,0,A,A,0,No Deposit,9.0,0,Transient,114.3,0,1
City Hotel,0,53,2016,June,27,30,0,2,2,0.0,0,BB,LBN,Online TA,TA/TO,0,0,0,A,A,0,No Deposit,9.0,0,Transient,119.7,0,1
City Hotel,0,53,2016,June,27,30,0,2,2,0.0,0,BB,PRT,Online TA,TA/TO,0,0,0,A,A,0,No Deposit,9.0,0,Transient,119.7,0,1
City Hotel,0,100,2016,June,27,30,0,2,2,0.0,0,BB,DEU,Direct,Direct,0,0,0,A,A,0,No Deposit,14.0,0,Transient,103.5,0,0
City Hotel,0,132,2016,June,27,28,0,4,2,0.0,0,BB,CHE,Online TA,TA/TO,0,0,0,A,A,0,No Deposit,9.0,0,Transient,90.95,0,0
City Hotel,0,109,2016,June,27,26,2,4,2,0.0,0,BB,PRT,Online TA,TA/TO,0,0,0,A,A,0,No Deposit,9.0,0,Transient,102.28,0,1
City Hotel,0,0,2016,June,27,27,1,4,2,0.0,0,BB,PRT,Online TA,TA/TO,0,0,0,A,A,0,No Deposit,7.0,0,Transient,76.47,0,1
City Hotel,0,124,2016,June,27,30,0,2,2,0.0,0,BB,ESP,Online TA,TA/TO,0,0,0,A,A,0,No Deposit,9.0,0,Transient,105.3,0,1
City Hotel,0,85,2016,June,27,26,2,4,2,0.0,0,BB,FRA,Online TA,TA/TO,0,0,0,A,A,0,No Deposit,9.0,0,Transient,108.3,0,1
City Hotel,0,113,2016,June,27,27,1,4,2,0.0,0,BB,FRA,Online TA,TA/TO,0,0,0,A,A,1,No Deposit,7.0,0,Transient,92.65,0,1
City Hotel,0,218,2016,June,26,25,2,5,2,0.0,0,BB,PRT,Direct,Direct,0,0,0,A,A,0,No Deposit,14.0,0,Transient,88.76,0,0
City Hotel,0,134,2016,June,27,26,2,4,2,0.0,0,HB,DEU,Online TA,TA/TO,0,0,0,D,D,1,No Deposit,9.0,0,Transient,136.0,0,0
City Hotel,0,126,2016,June,27,26,2,4,2,0.0,0,SC,FRA,Online TA,TA/TO,0,0,0,A,A,0,No Deposit,9.0,0,Transient,80.75,0,1
City Hotel,0,13,2016,June,27,29,0,3,2,0.0,0,SC,NLD,Online TA,TA/TO,0,0,0,A,A,0,No Deposit,9.0,0,Transient,132.33,0,1
City Hotel,0,145,2016,July,27,1,0,1,2,0.0,0,BB,GBR,Offline TA/TO,TA/TO,0,0,0,A,A,0,No Deposit,83.0,0,Transient,72.76,0,0
City Hotel,0,2,2016,June,27,28,0,4,2,0.0,0,SC,FRA,Online TA,TA/TO,0,0,0,A,A,0,No Deposit,8.0,0,Transient,124.5,0,1
City Hotel,0,2,2016,July,27,1,0,1,2,0.0,0,BB,AUS,Direct,Direct,0,0,0,A,A,0,No Deposit,14.0,0,Transient,147.0,0,0
City Hotel,0,7,2016,June,27,30,0,2,2,0.0,0,BB,FRA,Online TA,TA/TO,0,0,0,A,A,1,No Deposit,9.0,0,Transient,151.0,0,1
City Hotel,0,2,2016,July,27,1,0,1,2,0.0,0,BB,AUS,Direct,Direct,0,0,0,A,A,0,No Deposit,14.0,0,Transient,147.0,0,0
City Hotel,0,131,2016,June,27,29,0,3,2,0.0,0,BB,PRT,Direct,Direct,0,0,0,A,A,0,No Deposit,14.0,0,Transient-Party,85.5,0,0
City Hotel,0,195,2016,June,27,30,0,2,2,0.0,0,BB,DEU,Offline TA/TO,TA/TO,0,0,0,D,D,0,No Deposit,27.0,0,Transient,82.45,0,1
City Hotel,0,86,2016,June,27,27,1,4,2,0.0,0,BB,AUT,Direct,Direct,0,0,0,A,A,0,No Deposit,14.0,0,Transient,99.9,0,1
City Hotel,0,126,2016,June,27,28,0,4,2,0.0,0,BB,DEU,Online TA,TA/TO,0,0,0,A,A,0,No Deposit,9.0,0,Transient,90.95,0,1
City Hotel,0,131,2016,June,27,29,0,3,2,0.0,0,BB,PRT,Direct,Direct,0,0,0,A,A,0,No Deposit,14.0,0,Transient-Party,85.5,0,0
City Hotel,0,195,2016,June,27,30,0,2,2,0.0,0,BB,DEU,Offline TA/TO,TA/TO,0,0,0,D,D,0,No Deposit,27.0,0,Transient,82.45,0,1
City Hotel,0,99,2016,June,27,27,1,4,2,0.0,0,SC,DEU,Online TA,TA/TO,0,0,0,A,A,1,No Deposit,9.0,0,Transient,94.35,0,1
City Hotel,0,82,2016,June,27,26,2,4,2,0.0,0,BB,PRT,Direct,Direct,0,0,0,A,A,0,No Deposit,14.0,0,Transient,97.5,0,0
City Hotel,0,30,2016,June,27,29,0,3,2,0.0,0,BB,GBR,Online TA,TA/TO,0,0,0,D,D,0,No Deposit,9.0,0,Transient,146.4,0,1
City Hotel,0,174,2016,June,27,29,0,3,2,0.0,0,SC,DEU,Online TA,TA/TO,0,0,0,A,A,0,No Deposit,9.0,0,Transient-Party,85.5,0,1
City Hotel,0,127,2016,June,27,29,0,3,2,0.0,0,SC,AUS,Online TA,TA/TO,0,0,0,A,A,0,No Deposit,9.0,0,Transient,85.5,0,1
City Hotel,0,40,2016,June,27,29,0,3,2,0.0,0,BB,SWE,Online TA,TA/TO,0,0,0,A,A,0,No Deposit,9.0,0,Transient,117.9,0,0
City Hotel,0,25,2016,June,27,26,2,4,2,0.0,0,BB,GBR,Online TA,TA/TO,0,0,0,D,D,0,No Deposit,7.0,0,Transient,113.31,0,1
City Hotel,0,5,2016,July,27,1,0,1,2,0.0,0,BB,PRT,Online TA,TA/TO,0,0,0,D,D,0,No Deposit,9.0,0,Transient,144.0,0,0
City Hotel,0,128,2016,June,27,30,0,2,2,0.0,0,SC,PRT,Online TA,TA/TO,0,0,0,A,A,2,No Deposit,7.0,0,Transient,65.83,0,1
City Hotel,0,171,2016,June,27,28,0,4,2,0.0,0,BB,GBR,Online TA,TA/TO,0,0,0,A,F,1,No Deposit,9.0,0,Transient,90.95,0,1
City Hotel,0,3,2016,June,27,28,0,4,2,0.0,0,BB,PRT,Online TA,TA/TO,0,0,0,D,A,0,No Deposit,9.0,0,Transient,158.5,0,2
City Hotel,0,0,2016,July,27,2,0,0,2,0.0,0,BB,PRT,Offline TA/TO,TA/TO,1,0,0,A,K,0,No Deposit,28.0,0,Transient,0.0,0,0
City Hotel,0,38,2016,July,27,2,0,1,2,0.0,0,SC,USA,Online TA,TA/TO,0,0,0,A,A,0,No Deposit,9.0,0,Transient,107.1,0,1
City Hotel,0,51,2016,July,27,1,0,2,2,0.0,0,BB,PRT,Online TA,TA/TO,0,0,0,A,A,0,No Deposit,9.0,0,Transient,117.9,0,1
City Hotel,0,16,2016,July,27,1,0,2,2,0.0,0,BB,PRT,Online TA,TA/TO,0,0,0,D,D,0,No Deposit,9.0,0,Transient,166.0,0,2
City Hotel,0,1,2016,June,27,27,1,5,2,0.0,0,HB,PRT,Online TA,TA/TO,0,0,0,D,D,0,No Deposit,9.0,0,Transient,192.0,0,1
City Hotel,0,38,2016,June,27,30,0,3,2,0.0,0,BB,ITA,Online TA,TA/TO,0,0,0,A,A,0,No Deposit,9.0,0,Transient,117.9,0,2
City Hotel,0,239,2016,June,27,28,0,5,2,0.0,0,SC,FRA,Online TA,TA/TO,0,0,0,A,A,1,No Deposit,9.0,0,Contract,80.75,0,2
City Hotel,0,163,2016,June,27,29,0,4,2,0.0,0,BB,CN,Online TA,TA/TO,0,0,0,D,A,0,No Deposit,9.0,0,Transient,99.45,0,1
City Hotel,0,54,2016,July,27,2,0,1,2,0.0,0,SC,USA,Online TA,TA/TO,0,0,0,A,A,0,No Deposit,9.0,0,Transient,107.1,0,1
City Hotel,0,20,2016,June,27,29,0,4,2,0.0,0,BB,USA,Direct,Direct,0,0,0,D,D,0,No Deposit,,0,Transient,124.2,0,0
City Hotel,0,53,2016,July,27,1,0,2,2,0.0,0,SC,FRA,Online TA,TA/TO,0,0,0,A,B,0,No Deposit,7.0,0,Transient,78.35,0,1
City Hotel,0,53,2016,July,27,1,0,2,2,0.0,0,SC,PRT,Online TA,TA/TO,0,0,0,A,B,0,No Deposit,7.0,0,Transient,78.35,0,1
City Hotel,0,36,2016,July,27,1,0,2,2,0.0,0,SC,FRA,Online TA,TA/TO,0,0,0,A,A,0,No Deposit,9.0,0,Transient,107.1,0,1
City Hotel,0,177,2016,June,27,30,0,3,2,0.0,0,BB,NLD,Offline TA/TO,TA/TO,0,0,0,A,A,0,No Deposit,121.0,0,Transient-Party,72.25,0,1
City Hotel,0,177,2016,June,27,30,0,3,2,0.0,0,BB,NLD,Offline TA/TO,TA/TO,0,0,0,A,A,0,No Deposit,121.0,0,Transient-Party,72.25,0,1
City Hotel,0,177,2016,June,27,30,0,3,2,0.0,0,BB,NLD,Offline TA/TO,TA/TO,0,0,0,A,A,0,No Deposit,121.0,0,Transient-Party,72.25,0,1
City Hotel,0,0,2016,July,27,2,0,1,2,0.0,0,BB,PRT,Direct,Direct,0,0,0,A,A,0,No Deposit,,0,Transient,139.0,0,0
City Hotel,0,153,2016,June,27,29,0,4,2,0.0,0,BB,BEL,Online TA,TA/TO,0,0,0,B,B,0,No Deposit,9.0,0,Transient,83.83,0,1
City Hotel,0,32,2016,June,27,26,2,5,2,0.0,0,BB,ROU,Online TA,TA/TO,0,0,0,D,D,0,No Deposit,9.0,0,Transient,126.26,0,1
City Hotel,0,122,2016,June,27,30,0,3,2,0.0,0,BB,AUT,Offline TA/TO,TA/TO,0,0,0,D,D,0,No Deposit,16.0,0,Transient,97.0,0,2
City Hotel,0,164,2016,July,27,1,0,2,2,0.0,0,BB,BEL,Online TA,TA/TO,0,0,0,A,A,1,No Deposit,9.0,0,Transient-Party,96.3,0,1
City Hotel,0,39,2016,July,27,1,0,2,2,0.0,0,SC,GBR,Online TA,TA/TO,0,0,0,A,A,0,No Deposit,9.0,0,Transient,107.1,0,0
City Hotel,0,8,2016,June,27,30,0,3,2,0.0,0,BB,ISR,Online TA,TA/TO,0,0,0,A,A,0,No Deposit,7.0,0,Transient,116.27,0,2
City Hotel,0,36,2016,June,27,28,0,5,2,0.0,0,BB,BEL,Online TA,TA/TO,0,0,0,D,D,0,No Deposit,9.0,0,Transient,131.4,0,1
City Hotel,0,129,2016,June,27,30,0,3,2,0.0,0,BB,DEU,Direct,Direct,0,0,0,A,A,0,No Deposit,14.0,0,Transient-Party,85.5,0,1
City Hotel,0,24,2016,July,27,2,0,1,2,0.0,0,BB,PRT,Online TA,Direct,0,0,0,A,F,0,No Deposit,,0,Transient,118.15,0,1
City Hotel,0,46,2016,July,27,1,0,2,2,0.0,0,SC,LBN,Online TA,TA/TO,0,0,0,A,A,0,No Deposit,9.0,0,Transient,107.1,0,1
City Hotel,0,142,2016,July,27,1,0,2,2,0.0,0,SC,PRT,Online TA,TA/TO,0,0,0,A,A,0,No Deposit,9.0,0,Transient-Party,85.5,0,1
City Hotel,0,142,2016,July,27,1,0,2,2,0.0,0,SC,GBR,Online TA,TA/TO,0,0,0,A,A,0,No Deposit,9.0,0,Transient-Party,85.5,0,1
City Hotel,0,142,2016,July,27,1,0,2,2,0.0,0,SC,PRT,Online TA,TA/TO,0,0,0,A,A,0,No Deposit,9.0,0,Transient-Party,85.5,0,1
City Hotel,0,121,2016,June,27,26,2,5,2,0.0,0,BB,PRT,Online TA,TA/TO,0,0,0,A,A,0,No Deposit,9.0,0,Transient,95.81,0,0
City Hotel,0,87,2016,July,27,1,0,2,2,0.0,0,BB,AUS,Online TA,TA/TO,0,0,0,A,A,0,No Deposit,9.0,0,Transient,114.3,0,2
City Hotel,0,152,2016,June,27,29,0,4,2,0.0,0,BB,PRT,Online TA,TA/TO,0,0,0,B,B,1,No Deposit,9.0,0,Transient,83.83,0,1
City Hotel,0,4,2016,June,27,29,0,4,2,0.0,0,SC,IRL,Online TA,TA/TO,0,0,0,A,A,0,No Deposit,9.0,0,Transient,127.0,0,2
City Hotel,0,141,2016,July,27,1,0,2,2,0.0,0,BB,NLD,Online TA,TA/TO,0,0,0,A,A,0,No Deposit,9.0,0,Transient-Party,96.3,0,1
City Hotel,0,141,2016,July,27,1,0,2,2,0.0,0,BB,PRT,Online TA,TA/TO,0,0,0,A,A,0,No Deposit,9.0,0,Transient-Party,96.3,0,1
City Hotel,0,8,2016,June,27,30,0,3,2,0.0,0,BB,ESP,Online TA,TA/TO,0,0,0,A,A,0,No Deposit,7.0,0,Transient,110.46,0,1
City Hotel,0,22,2016,June,27,27,1,5,2,0.0,0,BB,GBR,Direct,Direct,0,0,0,D,D,0,No Deposit,14.0,0,Transient,134.87,0,0
City Hotel,0,85,2016,July,27,2,1,1,2,0.0,0,BB,DNK,Online TA,TA/TO,0,0,0,A,A,0,No Deposit,9.0,0,Transient,114.3,0,2
City Hotel,0,56,2016,July,27,1,1,2,2,0.0,0,SC,NLD,Online TA,TA/TO,0,0,0,A,A,0,No Deposit,9.0,0,Transient,107.1,0,1
City Hotel,0,27,2016,June,27,29,1,4,2,0.0,0,SC,DEU,Online TA,TA/TO,0,0,0,A,A,0,No Deposit,9.0,0,Transient,131.44,0,1
City Hotel,0,31,2016,June,27,30,1,3,2,0.0,0,BB,FRA,Online TA,TA/TO,0,0,0,D,D,0,No Deposit,9.0,0,Transient,156.15,1,1
City Hotel,0,153,2016,June,27,30,1,3,2,0.0,0,SC,GBR,Online TA,TA/TO,0,0,0,A,A,0,No Deposit,9.0,0,Transient,80.75,0,2
City Hotel,0,145,2016,June,27,30,1,3,2,0.0,0,BB,GBR,Online TA,TA/TO,0,0,0,A,A,0,No Deposit,9.0,0,Transient,90.95,0,1
City Hotel,0,232,2016,July,27,2,1,1,2,0.0,0,BB,PRT,Online TA,TA/TO,0,0,0,A,A,1,No Deposit,9.0,0,Contract,131.4,0,1
City Hotel,0,82,2016,June,27,30,1,3,2,0.0,0,BB,FRA,Online TA,TA/TO,0,0,0,A,A,0,No Deposit,7.0,0,Transient,88.01,0,1
City Hotel,0,81,2016,June,27,30,1,3,2,0.0,0,SC,CHL,Online TA,TA/TO,0,0,0,A,A,0,No Deposit,9.0,0,Transient,103.5,0,1
City Hotel,0,132,2016,July,27,1,1,2,2,0.0,0,BB,PRT,Offline TA/TO,TA/TO,0,0,0,A,A,0,No Deposit,22.0,0,Transient,72.25,0,0
City Hotel,0,132,2016,July,27,1,1,2,2,0.0,0,BB,PRT,Offline TA/TO,TA/TO,0,0,0,A,A,0,No Deposit,22.0,0,Transient,72.25,0,0
City Hotel,0,132,2016,July,27,1,1,2,2,0.0,0,BB,PRT,Offline TA/TO,TA/TO,0,0,0,A,A,0,No Deposit,22.0,0,Transient,72.25,0,0
City Hotel,0,132,2016,July,27,1,1,2,2,0.0,0,BB,PRT,Offline TA/TO,TA/TO,0,0,0,A,A,0,No Deposit,22.0,0,Transient,72.25,0,0
City Hotel,0,136,2016,June,27,30,1,3,2,0.0,0,HB,CZE,Online TA,TA/TO,0,0,0,A,A,1,No Deposit,9.0,0,Transient-Party,123.25,0,0
City Hotel,0,136,2016,June,27,30,1,3,2,0.0,0,HB,CZE,Online TA,TA/TO,0,0,0,A,A,1,No Deposit,9.0,0,Transient-Party,123.25,0,0
City Hotel,0,43,2016,July,27,1,1,2,2,0.0,0,BB,GBR,Online TA,TA/TO,0,0,0,A,A,0,No Deposit,9.0,0,Transient,126.9,1,1
City Hotel,0,44,2016,June,27,28,1,5,2,0.0,0,BB,FRA,Online TA,TA/TO,0,0,0,A,A,0,No Deposit,9.0,0,Transient,117.9,0,1
City Hotel,0,158,2016,June,27,30,1,3,2,0.0,0,BB,BEL,Online TA,TA/TO,0,0,0,A,A,2,No Deposit,9.0,0,Transient-Party,90.95,0,1
City Hotel,0,1,2016,July,27,2,1,1,2,0.0,0,BB,GBR,Online TA,TA/TO,0,0,0,D,A,0,No Deposit,9.0,0,Transient,166.0,0,0
City Hotel,0,59,2016,July,27,1,1,2,2,0.0,0,BB,PRT,Offline TA/TO,TA/TO,0,0,0,A,A,0,No Deposit,138.0,0,Transient,85.0,0,0
City Hotel,0,19,2016,July,27,1,1,2,2,0.0,0,BB,BEL,Online TA,TA/TO,0,0,0,A,A,0,No Deposit,9.0,0,Transient,151.0,0,1
City Hotel,0,154,2016,June,27,29,1,4,2,0.0,0,BB,PRT,Offline TA/TO,TA/TO,0,0,0,A,A,0,No Deposit,27.0,0,Transient-Party,72.25,0,1
City Hotel,0,28,2016,June,27,30,1,3,2,0.0,0,SC,ITA,Online TA,TA/TO,0,0,0,A,A,0,No Deposit,9.0,0,Transient,129.55,0,1
City Hotel,0,154,2016,June,27,29,1,4,2,0.0,0,BB,PRT,Offline TA/TO,TA/TO,0,0,0,A,A,0,No Deposit,27.0,0,Transient-Party,72.25,0,1
City Hotel,0,10,2016,June,27,30,1,3,2,0.0,0,BB,PRT,Online TA,TA/TO,0,0,0,A,A,0,No Deposit,9.0,0,Transient,151.0,0,1
City Hotel,0,160,2016,June,27,30,1,3,2,0.0,0,BB,USA,Online TA,TA/TO,0,0,0,A,A,0,No Deposit,9.0,0,Transient,90.95,0,1
City Hotel,0,92,2016,June,27,30,1,3,2,0.0,0,SC,BEL,Online TA,TA/TO,0,0,0,A,A,0,No Deposit,9.0,0,Transient,103.5,0,1
City Hotel,0,147,2016,June,27,26,3,5,2,0.0,0,BB,NLD,Online TA,TA/TO,0,0,0,A,A,0,No Deposit,9.0,0,Transient,92.08,0,1
City Hotel,0,78,2016,July,29,12,0,1,2,0.0,0,BB,NLD,Online TA,TA/TO,0,0,1,A,A,0,No Deposit,9.0,0,Transient,105.3,0,1
City Hotel,0,86,2016,July,27,1,1,2,2,0.0,0,BB,ESP,Offline TA/TO,TA/TO,0,0,0,A,A,3,No Deposit,83.0,0,Transient,86.36,0,0
City Hotel,0,49,2016,July,27,1,1,2,2,0.0,0,BB,DEU,Online TA,TA/TO,0,0,0,A,A,0,No Deposit,9.0,0,Transient,117.9,0,3
City Hotel,0,18,2016,July,28,3,1,0,2,0.0,0,BB,FRA,Online TA,TA/TO,0,0,0,A,A,0,No Deposit,9.0,0,Transient,151.0,0,1
City Hotel,0,18,2016,June,27,30,2,3,2,0.0,0,SC,FRA,Online TA,TA/TO,0,0,0,A,A,0,No Deposit,9.0,0,Transient,139.0,0,1
City Hotel,0,15,2016,July,27,2,2,1,2,0.0,0,BB,FRA,Online TA,TA/TO,0,0,0,A,A,0,No Deposit,9.0,0,Transient,151.0,0,1
City Hotel,0,78,2016,June,27,28,2,5,2,0.0,0,SC,GBR,Online TA,TA/TO,0,0,0,A,A,0,No Deposit,9.0,0,Transient,103.5,0,2
City Hotel,0,100,2016,July,28,4,1,0,2,0.0,0,SC,USA,Online TA,TA/TO,0,0,0,A,A,0,No Deposit,9.0,0,Transient,112.5,1,1
City Hotel,0,136,2016,June,27,28,2,5,2,0.0,0,SC,DNK,Online TA,TA/TO,0,0,0,A,A,0,No Deposit,9.0,0,Transient-Party,80.75,0,0
City Hotel,0,40,2016,June,27,30,2,3,2,0.0,0,BB,IRL,Online TA,TA/TO,0,0,0,A,A,0,No Deposit,9.0,0,Transient,117.9,0,1
City Hotel,0,142,2016,July,28,4,1,0,2,0.0,0,BB,FRA,Online TA,TA/TO,0,0,0,A,A,0,No Deposit,9.0,0,Transient,96.3,0,1
City Hotel,0,139,2016,July,28,4,1,0,2,0.0,0,BB,CN,Online TA,TA/TO,0,0,0,A,A,0,No Deposit,9.0,0,Transient,96.3,0,1
City Hotel,0,128,2016,July,27,2,2,1,2,0.0,0,BB,RUS,Online TA,TA/TO,0,0,0,A,A,0,No Deposit,9.0,0,Transient,96.3,0,1
City Hotel,0,167,2016,July,28,3,2,0,2,0.0,0,BB,FIN,Online TA,TA/TO,0,0,0,A,A,0,No Deposit,11.0,0,Transient,77.03,0,0
City Hotel,0,153,2016,July,27,1,2,2,2,0.0,0,BB,DEU,Online TA,TA/TO,0,0,0,A,A,0,No Deposit,9.0,0,Transient,93.2,1,1
City Hotel,0,143,2016,July,27,2,2,1,2,0.0,0,BB,POL,Offline TA/TO,TA/TO,0,0,0,A,D,0,No Deposit,28.0,0,Transient-Party,112.0,0,1
City Hotel,0,143,2016,July,27,2,2,1,2,0.0,0,BB,POL,Offline TA/TO,TA/TO,0,0,0,A,D,0,No Deposit,28.0,0,Transient-Party,112.0,0,1
City Hotel,0,69,2016,June,27,30,2,3,2,0.0,0,BB,GBR,Online TA,TA/TO,0,0,0,D,D,0,No Deposit,9.0,0,Transient,140.4,1,1
City Hotel,0,145,2016,July,28,5,0,0,2,0.0,0,BB,PRT,Offline TA/TO,TA/TO,0,0,0,A,A,0,No Deposit,28.0,0,Transient-Party,0.0,0,1
City Hotel,0,145,2016,July,28,5,0,0,2,0.0,0,BB,PRT,Offline TA/TO,TA/TO,0,0,0,A,A,0,No Deposit,28.0,0,Transient-Party,0.0,0,1
City Hotel,0,69,2016,June,27,30,2,3,2,0.0,0,BB,GBR,Direct,Direct,0,0,0,D,D,0,No Deposit,14.0,0,Transient,127.8,0,0
City Hotel,0,225,2016,June,27,28,2,5,2,0.0,0,BB,DEU,Online TA,TA/TO,0,0,0,D,D,0,No Deposit,8.0,0,Transient,103.46,0,0
City Hotel,0,156,2016,July,27,1,2,2,2,0.0,0,SC,PRT,Online TA,TA/TO,0,0,0,A,A,0,No Deposit,9.0,0,Transient,80.75,0,1
City Hotel,0,134,2016,July,28,3,2,0,2,0.0,0,SC,ITA,Online TA,TA/TO,0,0,0,A,A,0,No Deposit,9.0,0,Transient,85.5,0,2
City Hotel,0,156,2016,July,27,2,2,1,2,0.0,0,BB,AUT,Online TA,TA/TO,0,0,0,A,A,0,No Deposit,9.0,0,Transient,96.3,0,2
City Hotel,0,116,2016,June,27,30,2,3,2,0.0,0,SC,IRL,Online TA,TA/TO,0,0,0,A,A,0,No Deposit,7.0,0,Transient,75.27,0,0
City Hotel,0,155,2016,June,27,28,2,5,2,0.0,0,BB,PRT,Online TA,TA/TO,0,0,0,A,D,0,No Deposit,9.0,0,Transient-Party,90.95,0,2
City Hotel,0,25,2016,July,27,1,2,2,2,0.0,0,BB,FRA,Offline TA/TO,TA/TO,0,0,0,A,A,0,No Deposit,85.0,0,Transient,72.25,0,0
City Hotel,0,25,2016,July,27,1,2,2,2,0.0,0,BB,FRA,Offline TA/TO,TA/TO,0,0,0,A,A,0,No Deposit,85.0,0,Transient,72.25,0,0
City Hotel,0,3,2016,July,28,4,1,0,2,0.0,0,BB,PRT,Direct,Direct,0,0,0,A,A,0,No Deposit,14.0,0,Transient,149.0,0,0
City Hotel,0,104,2016,July,27,2,2,1,2,0.0,0,BB,GBR,Online TA,TA/TO,0,0,0,A,A,0,No Deposit,7.0,0,Transient,88.01,0,1
City Hotel,0,104,2016,July,27,2,2,1,2,0.0,0,BB,GBR,Online TA,TA/TO,0,0,0,A,A,0,No Deposit,7.0,0,Transient,88.01,0,2
City Hotel,0,3,2016,July,28,4,1,0,2,0.0,0,BB,PRT,Direct,Direct,0,0,0,A,A,0,No Deposit,14.0,0,Transient,158.0,1,0
City Hotel,0,104,2016,July,27,2,2,1,2,0.0,0,BB,GBR,Online TA,TA/TO,0,0,0,A,A,0,No Deposit,7.0,0,Transient,88.01,0,2
City Hotel,0,152,2016,July,27,1,2,2,2,0.0,0,SC,CHE,Online TA,TA/TO,0,0,0,A,A,0,No Deposit,9.0,0,Transient,80.75,0,1
City Hotel,0,147,2016,July,27,1,2,2,2,0.0,0,BB,NOR,Online TA,TA/TO,0,0,0,D,A,0,No Deposit,9.0,0,Transient-Party,103.7,0,2
City Hotel,0,147,2016,July,27,1,2,2,2,0.0,0,BB,PRT,Online TA,TA/TO,0,0,0,D,A,0,No Deposit,9.0,0,Transient-Party,103.7,0,2
City Hotel,0,241,2016,July,28,3,2,1,2,0.0,0,SC,AUT,Online TA,TA/TO,0,0,0,A,A,0,No Deposit,9.0,0,Contract,95.0,0,1
City Hotel,0,138,2016,July,27,2,2,2,2,0.0,0,BB,USA,Online TA,TA/TO,0,0,0,A,A,0,No Deposit,7.0,0,Transient,71.67,0,1
City Hotel,0,158,2016,July,27,2,2,2,2,0.0,0,SC,DEU,Online TA,TA/TO,0,0,0,A,A,0,No Deposit,9.0,0,Transient,82.88,0,1
City Hotel,0,134,2016,July,27,2,2,2,2,0.0,0,BB,CN,Online TA,TA/TO,0,0,0,A,A,0,No Deposit,9.0,0,Transient,93.08,0,2
City Hotel,0,127,2016,June,27,29,2,5,2,0.0,0,SC,AUS,Online TA,TA/TO,0,0,0,A,A,0,No Deposit,9.0,0,Transient,81.96,0,1
City Hotel,0,45,2016,July,28,5,0,1,2,0.0,0,BB,PRT,Offline TA/TO,TA/TO,0,0,0,A,A,0,No Deposit,42.0,0,Transient,76.5,0,0
City Hotel,0,122,2016,June,27,30,2,4,2,0.0,0,BB,FRA,Online TA,TA/TO,0,0,0,A,A,0,No Deposit,9.0,0,Transient,98.03,0,0
City Hotel,0,20,2016,July,28,5,0,1,2,0.0,0,BB,PRT,Online TA,TA/TO,0,0,0,A,A,0,No Deposit,9.0,0,Transient,160.0,1,1
City Hotel,0,172,2016,July,28,3,2,1,2,0.0,0,BB,BEL,Online TA,TA/TO,0,0,0,A,A,0,No Deposit,9.0,0,Transient-Party,96.3,0,2
City Hotel,0,172,2016,July,28,3,2,1,2,0.0,0,BB,BEL,Online TA,TA/TO,0,0,0,A,A,0,No Deposit,9.0,0,Transient-Party,96.3,0,1
City Hotel,0,98,2016,July,28,3,2,1,2,0.0,0,BB,IRL,Online TA,TA/TO,0,0,0,A,A,0,No Deposit,9.0,0,Transient,114.3,0,2
City Hotel,0,134,2016,July,28,4,1,1,2,0.0,0,BB,GBR,Online TA,TA/TO,0,0,0,A,A,0,No Deposit,9.0,0,Transient,109.8,1,0
City Hotel,0,107,2016,June,27,28,2,6,2,0.0,0,HB,PRT,Online TA,TA/TO,0,0,0,A,A,0,No Deposit,9.0,0,Transient,140.25,0,1
City Hotel,0,41,2016,July,28,3,2,1,2,0.0,0,BB,PRT,Offline TA/TO,TA/TO,0,0,0,A,A,0,No Deposit,28.0,0,Transient,76.5,0,0
City Hotel,0,68,2016,July,28,4,1,1,2,0.0,0,HB,PRT,Offline TA/TO,TA/TO,0,0,0,D,D,0,No Deposit,6.0,0,Transient,107.95,0,0
City Hotel,0,47,2016,July,27,1,2,3,2,0.0,0,BB,HUN,Online TA,TA/TO,0,0,0,A,A,0,No Deposit,9.0,0,Transient,117.9,0,1
City Hotel,0,47,2016,July,27,1,2,3,2,0.0,0,BB,HUN,Online TA,TA/TO,0,0,0,A,A,0,No Deposit,9.0,0,Transient,117.9,0,1
City Hotel,0,8,2016,June,27,30,2,4,2,0.0,0,HB,ESP,Online TA,TA/TO,0,0,0,D,D,0,No Deposit,9.0,0,Transient,204.0,0,1
City Hotel,0,27,2016,July,28,4,1,1,2,0.0,0,BB,CHE,Online TA,TA/TO,0,0,0,A,A,0,No Deposit,9.0,0,Transient,151.0,0,1
City Hotel,0,118,2016,June,27,27,3,6,2,0.0,0,BB,FIN,Direct,Direct,0,0,0,A,A,0,No Deposit,14.0,0,Transient,90.5,0,1
City Hotel,0,43,2016,July,28,3,2,1,2,0.0,0,SC,IRL,Online TA,TA/TO,0,0,0,A,A,0,No Deposit,9.0,0,Transient,107.1,0,1
City Hotel,0,83,2016,July,27,1,2,3,2,0.0,0,BB,GBR,Online TA,TA/TO,0,0,0,A,A,1,No Deposit,9.0,0,Transient,108.9,0,1
City Hotel,0,95,2016,June,27,29,2,5,2,0.0,0,BB,PRT,Offline TA/TO,TA/TO,0,0,0,A,A,0,No Deposit,83.0,0,Transient,86.36,0,0
City Hotel,0,10,2016,July,28,3,2,1,2,0.0,0,BB,SWE,Online TA,TA/TO,0,0,0,D,D,0,No Deposit,9.0,0,Transient,166.0,0,1
City Hotel,0,53,2016,July,28,3,2,1,2,0.0,0,SC,USA,Online TA,TA/TO,0,0,0,A,A,0,No Deposit,9.0,0,Transient,107.1,0,1
City Hotel,0,54,2016,July,28,3,2,1,2,0.0,0,BB,PRT,Offline TA/TO,TA/TO,0,0,0,A,A,0,No Deposit,6.0,0,Transient,85.5,0,0
City Hotel,0,54,2016,July,28,3,2,1,2,0.0,0,BB,PRT,Offline TA/TO,TA/TO,0,0,0,A,A,0,No Deposit,6.0,0,Transient,85.5,0,0
City Hotel,0,3,2016,July,28,4,1,1,2,0.0,0,SC,NLD,Online TA,TA/TO,0,0,0,A,A,0,No Deposit,7.0,0,Transient,101.68,0,1
City Hotel,0,38,2016,July,27,1,2,3,2,0.0,0,SC,GBR,Online TA,TA/TO,0,0,0,A,A,0,No Deposit,9.0,0,Transient,107.1,0,0
City Hotel,0,0,2016,July,27,2,2,2,2,0.0,0,BB,CZE,Online TA,TA/TO,0,0,0,A,K,0,No Deposit,9.0,0,Transient,151.0,0,1
City Hotel,0,1,2016,July,28,4,1,1,2,0.0,0,SC,FRA,Online TA,TA/TO,0,0,0,A,A,0,No Deposit,9.0,0,Transient,139.0,0,1
City Hotel,0,1,2016,July,28,4,1,2,2,0.0,0,SC,CN,Online TA,TA/TO,0,0,0,A,A,0,No Deposit,7.0,0,Transient,107.03,0,1
City Hotel,0,82,2016,July,27,1,2,4,2,0.0,0,BB,BEL,Online TA,TA/TO,0,0,0,A,A,0,No Deposit,9.0,0,Transient,114.3,0,1
City Hotel,0,91,2016,July,28,6,0,1,2,0.0,0,BB,ITA,Online TA,TA/TO,0,0,0,A,A,0,No Deposit,9.0,0,Transient,114.3,0,0
City Hotel,0,28,2016,July,27,2,2,3,2,0.0,0,SC,BEL,Online TA,TA/TO,0,0,0,A,B,0,No Deposit,9.0,0,Transient,130.66,0,1
City Hotel,0,28,2016,July,27,2,2,3,2,0.0,0,SC,PRT,Online TA,TA/TO,0,0,0,A,B,0,No Deposit,9.0,0,Transient,130.66,0,1
City Hotel,0,104,2016,July,28,3,2,2,2,0.0,0,BB,FRA,Online TA,TA/TO,0,0,0,A,A,0,No Deposit,9.0,0,Transient,114.3,0,1
City Hotel,0,77,2016,July,28,5,0,2,2,0.0,0,SC,AUS,Online TA,TA/TO,0,0,0,A,A,0,No Deposit,9.0,0,Transient,107.1,0,1
City Hotel,0,59,2016,July,28,3,2,2,2,0.0,0,SC,DEU,Online TA,TA/TO,0,0,0,A,A,0,No Deposit,7.0,0,Transient,78.35,0,1
City Hotel,0,43,2016,July,28,3,2,2,2,0.0,0,BB,FRA,Online TA,TA/TO,0,0,0,A,A,1,No Deposit,9.0,0,Transient,127.1,0,3
City Hotel,0,5,2016,July,28,6,0,1,2,0.0,0,BB,PRT,Direct,Direct,0,0,0,A,A,0,No Deposit,,0,Transient,75.0,0,2
City Hotel,0,5,2016,July,28,4,1,2,2,0.0,0,BB,PRT,Offline TA/TO,TA/TO,0,0,0,A,E,1,No Deposit,159.0,0,Transient,75.0,0,2
City Hotel,0,14,2016,July,28,3,2,2,2,0.0,0,BB,CHE,Online TA,TA/TO,0,0,0,A,A,0,No Deposit,9.0,0,Transient,151.0,0,1
City Hotel,0,213,2016,June,27,30,2,5,2,0.0,0,SC,GBR,Online TA,TA/TO,0,0,0,A,A,0,No Deposit,9.0,0,Contract,92.29,0,1
City Hotel,0,46,2016,July,28,4,1,2,2,0.0,0,BB,CZE,Online TA,TA/TO,0,0,0,A,A,0,No Deposit,9.0,0,Transient,117.9,0,1
City Hotel,0,0,2016,July,28,6,0,1,2,0.0,0,SC,PRT,Online TA,TA/TO,0,0,0,A,A,0,No Deposit,9.0,0,Transient,139.0,0,1
City Hotel,0,5,2016,July,28,5,0,2,2,0.0,0,BB,ESP,Online TA,TA/TO,0,0,0,A,A,0,No Deposit,9.0,0,Transient,149.0,0,1
City Hotel,0,92,2016,July,28,4,1,2,2,0.0,0,BB,IRL,Direct,Direct,0,0,0,B,B,1,No Deposit,14.0,0,Transient-Party,104.52,0,0
City Hotel,0,135,2016,July,28,5,0,2,2,0.0,0,SC,KOR,Online TA,TA/TO,0,0,0,A,A,0,No Deposit,9.0,0,Transient-Party,99.0,0,1
City Hotel,0,2,2016,July,28,6,0,1,2,0.0,0,BB,ESP,Direct,Direct,0,0,0,A,A,0,No Deposit,14.0,0,Transient,149.0,0,0
City Hotel,0,47,2016,July,28,3,2,2,2,0.0,0,SC,PRT,Online TA,TA/TO,0,0,0,A,A,0,No Deposit,9.0,0,Transient,107.1,0,1
City Hotel,0,47,2016,July,28,3,2,2,2,0.0,0,SC,GBR,Online TA,TA/TO,0,0,0,A,A,0,No Deposit,9.0,0,Transient,107.1,0,1
City Hotel,0,32,2016,July,28,3,2,2,2,0.0,0,BB,AUT,Online TA,TA/TO,0,0,0,A,A,0,No Deposit,9.0,0,Transient,135.9,0,1
City Hotel,0,14,2016,July,27,2,2,3,2,0.0,0,BB,DEU,Online TA,TA/TO,0,0,0,A,A,0,No Deposit,9.0,0,Transient,151.0,0,2
City Hotel,0,144,2016,July,28,3,2,2,2,0.0,0,BB,FRA,Offline TA/TO,TA/TO,0,0,0,A,D,0,No Deposit,28.0,0,Transient,112.0,0,0
City Hotel,0,161,2016,June,27,28,2,7,2,0.0,0,BB,PRT,Online TA,TA/TO,0,0,0,A,A,2,No Deposit,7.0,0,Transient,66.53,0,1
City Hotel,0,131,2016,July,28,4,1,2,2,0.0,0,BB,GBR,Online TA,TA/TO,0,0,0,A,A,2,No Deposit,9.0,0,Transient-Party,105.3,0,1
City Hotel,0,131,2016,July,28,4,1,2,2,0.0,0,BB,GBR,Online TA,TA/TO,0,0,0,A,A,2,No Deposit,9.0,0,Transient-Party,105.3,0,1
City Hotel,0,91,2016,July,28,3,2,2,2,0.0,0,SC,PRT,Online TA,TA/TO,0,0,0,A,A,0,No Deposit,9.0,0,Transient,103.5,0,0
City Hotel,0,9,2016,July,28,6,0,1,2,0.0,0,BB,FRA,Online TA,TA/TO,0,0,0,A,A,0,No Deposit,9.0,0,Transient,139.0,0,1
City Hotel,0,159,2016,July,28,3,2,2,2,0.0,0,BB,FIN,Online TA,TA/TO,0,0,0,A,A,0,No Deposit,11.0,0,Transient,68.55,0,0
City Hotel,0,138,2016,July,28,4,1,2,2,0.0,0,BB,IND,Online TA,TA/TO,0,0,0,D,D,0,No Deposit,7.0,0,Transient,91.48,0,1
City Hotel,0,22,2016,July,28,5,0,2,2,0.0,0,BB,GBR,Offline TA/TO,TA/TO,0,0,0,A,A,0,No Deposit,138.0,0,Transient,85.0,0,0
City Hotel,0,83,2016,July,28,5,0,2,2,0.0,0,BB,PRT,Online TA,TA/TO,0,0,0,A,A,0,No Deposit,9.0,0,Transient,123.3,0,1
City Hotel,0,46,2016,July,28,4,1,2,2,0.0,0,BB,CZE,Online TA,TA/TO,0,0,0,A,A,0,No Deposit,9.0,0,Transient,117.9,0,1
City Hotel,0,110,2016,July,28,3,2,2,2,0.0,0,HB,GBR,Offline TA/TO,TA/TO,0,0,0,D,D,1,No Deposit,83.0,0,Transient,118.06,0,0
City Hotel,0,16,2016,June,27,30,2,5,2,0.0,0,BB,PRT,Online TA,TA/TO,0,0,0,A,A,0,No Deposit,9.0,0,Transient,151.0,0,1
City Hotel,0,2,2016,July,28,6,0,1,2,0.0,0,BB,PRT,Direct,Direct,0,0,0,A,A,0,No Deposit,14.0,0,Transient,149.0,0,0
City Hotel,0,133,2016,June,27,28,2,8,2,0.0,0,BB,BRA,Online TA,TA/TO,0,0,0,A,A,0,No Deposit,9.0,0,Transient,95.2,0,1
City Hotel,0,22,2016,July,28,6,0,2,2,0.0,0,SC,GBR,Online TA,TA/TO,0,0,0,A,A,0,No Deposit,9.0,0,Transient,139.0,0,1
City Hotel,0,26,2016,July,28,3,2,3,2,0.0,0,BB,PRT,Offline TA/TO,TA/TO,0,0,0,A,A,0,No Deposit,85.0,0,Transient,85.0,0,0
City Hotel,0,93,2016,July,27,2,2,4,2,0.0,0,BB,ESP,Corporate,Corporate,0,0,0,A,A,2,No Deposit,,0,Transient,84.0,0,0
City Hotel,0,101,2016,July,28,4,1,3,2,0.0,0,HB,DEU,Offline TA/TO,TA/TO,0,0,0,A,A,0,No Deposit,168.0,0,Transient,102.25,0,0
City Hotel,0,0,2016,July,28,4,1,3,2,0.0,0,BB,PRT,Direct,Direct,0,0,0,A,A,0,No Deposit,,0,Transient,155.5,0,0
City Hotel,0,63,2016,July,28,4,1,3,2,0.0,0,BB,PRT,Offline TA/TO,TA/TO,0,0,0,A,A,0,No Deposit,85.0,0,Transient,72.25,0,0
City Hotel,0,229,2016,July,28,4,1,3,2,0.0,0,BB,FRA,Online TA,TA/TO,0,0,0,D,D,0,No Deposit,8.0,0,Transient,116.95,0,0
City Hotel,0,54,2016,July,28,4,1,3,2,0.0,0,HB,LUX,Online TA,TA/TO,0,0,0,A,A,0,No Deposit,9.0,0,Transient,161.1,1,0
City Hotel,0,25,2016,July,28,4,1,3,2,0.0,0,BB,PRT,Online TA,TA/TO,0,0,0,D,D,0,No Deposit,9.0,0,Transient,166.0,0,1
City Hotel,0,25,2016,July,28,7,0,1,2,0.0,0,BB,PRT,Online TA,TA/TO,0,0,0,A,A,0,No Deposit,9.0,0,Transient,151.0,0,1
City Hotel,0,56,2016,July,28,3,2,3,2,0.0,0,BB,FRA,Online TA,TA/TO,0,0,0,A,A,0,No Deposit,9.0,0,Transient,119.7,0,2
City Hotel,0,19,2016,July,28,6,0,2,2,0.0,0,BB,ESP,Direct,Direct,0,0,0,A,A,0,No Deposit,14.0,0,Transient,127.15,1,0
City Hotel,0,15,2016,July,28,5,0,3,2,0.0,0,BB,IRL,Online TA,TA/TO,0,0,0,A,A,0,No Deposit,9.0,0,Transient,151.0,0,1
City Hotel,0,131,2016,July,28,7,0,1,2,0.0,0,SC,PRT,Online TA,TA/TO,0,0,0,A,A,0,No Deposit,9.0,0,Transient,103.5,0,1
City Hotel,0,158,2016,July,28,3,2,3,2,0.0,0,BB,NLD,Online TA,TA/TO,0,0,0,A,A,0,No Deposit,9.0,0,Transient,99.45,0,1
City Hotel,0,136,2016,July,28,3,2,3,2,0.0,0,BB,BEL,Direct,Direct,0,0,0,A,A,0,No Deposit,14.0,0,Transient,89.25,0,0
City Hotel,0,0,2016,July,28,7,0,1,2,0.0,0,BB,PRT,Direct,Direct,0,0,0,B,B,0,No Deposit,,0,Transient,159.0,0,0
City Hotel,0,1,2016,July,28,7,0,1,2,0.0,0,BB,PRT,Corporate,Corporate,0,0,0,D,D,0,No Deposit,,0,Transient,94.0,0,0
City Hotel,0,85,2016,July,28,5,0,3,2,0.0,0,BB,GBR,Offline TA/TO,TA/TO,0,0,0,A,A,0,No Deposit,83.0,0,Transient,86.36,0,0
City Hotel,0,0,2016,July,28,5,0,3,2,0.0,0,SC,USA,Online TA,TA/TO,0,0,0,A,A,0,No Deposit,7.0,0,Transient,110.46,0,1
City Hotel,0,121,2016,July,28,7,0,1,2,0.0,0,BB,GBR,Online TA,TA/TO,0,0,0,A,A,0,No Deposit,9.0,0,Transient,123.3,1,2
City Hotel,0,153,2016,July,28,3,2,3,2,0.0,0,BB,GBR,Offline TA/TO,TA/TO,0,0,0,A,A,0,No Deposit,22.0,0,Transient-Party,72.25,0,1
City Hotel,0,118,2016,July,27,1,2,5,2,0.0,0,BB,DNK,Online TA,TA/TO,0,0,0,A,A,0,No Deposit,9.0,0,Transient-Party,107.95,0,1
City Hotel,0,125,2016,July,27,2,2,4,2,0.0,0,SC,GBR,Online TA,TA/TO,0,0,0,A,A,0,No Deposit,9.0,0,Transient,90.67,0,2
City Hotel,0,118,2016,July,27,1,2,5,2,0.0,0,BB,DNK,Online TA,TA/TO,0,0,0,A,A,0,No Deposit,9.0,0,Transient-Party,107.95,0,1
City Hotel,0,76,2016,July,27,1,2,5,2,0.0,0,BB,FRA,Offline TA/TO,TA/TO,0,0,0,D,D,0,No Deposit,85.0,0,Transient,82.45,0,0
City Hotel,0,4,2016,July,28,6,0,2,2,0.0,0,SC,ESP,Online TA,TA/TO,0,0,0,A,A,0,No Deposit,9.0,0,Transient,139.0,0,1
City Hotel,0,1,2016,July,28,7,0,1,2,0.0,0,SC,PRT,Online TA,TA/TO,0,0,0,A,A,0,No Deposit,152.0,0,Transient,110.71,0,0
City Hotel,0,3,2016,July,28,8,0,1,2,0.0,0,BB,PRT,Direct,Direct,0,0,0,A,D,0,No Deposit,14.0,0,Transient,118.15,0,0
City Hotel,0,81,2016,July,28,4,1,4,2,0.0,0,BB,FRA,Online TA,TA/TO,0,0,0,A,A,0,No Deposit,9.0,0,Transient,114.3,0,1
City Hotel,0,172,2016,July,28,4,1,4,2,0.0,0,BB,DEU,Online TA,TA/TO,0,0,0,A,A,0,No Deposit,7.0,0,Transient,79.03,0,1
City Hotel,0,4,2016,July,28,7,0,2,2,0.0,0,BB,IRL,Direct,Direct,0,0,0,A,A,0,No Deposit,14.0,0,Transient,149.0,0,2
City Hotel,0,15,2016,July,28,6,0,3,2,0.0,0,BB,PRT,Online TA,TA/TO,0,0,0,A,A,0,No Deposit,,0,Transient,151.0,0,0
City Hotel,0,4,2016,July,28,6,0,3,2,0.0,0,BB,USA,Online TA,TA/TO,0,0,0,A,A,0,No Deposit,9.0,0,Transient,151.0,0,1
City Hotel,0,181,2016,July,28,8,0,1,2,0.0,0,SC,IRL,Online TA,TA/TO,0,0,0,A,A,0,No Deposit,9.0,0,Transient,85.5,0,1
City Hotel,0,58,2016,July,28,8,0,1,2,0.0,0,BB,PRT,Offline TA/TO,TA/TO,0,0,0,D,A,0,No Deposit,85.0,0,Transient,87.3,0,0
City Hotel,0,109,2016,July,28,4,1,4,2,0.0,0,SC,IRL,Online TA,TA/TO,0,0,0,A,A,0,No Deposit,8.0,0,Transient,97.75,0,0
City Hotel,0,116,2016,July,28,7,0,2,2,0.0,0,BB,NOR,Direct,Direct,0,0,0,A,A,2,No Deposit,14.0,0,Transient,125.0,0,0
City Hotel,0,88,2016,July,28,5,0,4,2,0.0,0,BB,ESP,Offline TA/TO,TA/TO,0,0,0,D,D,1,No Deposit,85.0,0,Transient,87.3,0,0
City Hotel,0,96,2016,July,28,6,0,3,2,0.0,0,BB,AUT,Online TA,TA/TO,0,0,0,A,A,0,No Deposit,9.0,0,Transient,114.3,0,1
City Hotel,0,116,2016,July,28,7,0,2,2,0.0,0,BB,NOR,Direct,Direct,0,0,0,A,A,2,No Deposit,14.0,0,Transient,125.0,0,0
City Hotel,0,121,2016,July,28,7,0,2,2,0.0,0,SC,FRA,Online TA,TA/TO,0,0,0,A,A,0,No Deposit,9.0,0,Transient,112.5,0,1
City Hotel,0,73,2016,July,28,6,0,3,2,0.0,0,BB,FRA,Online TA,TA/TO,0,0,0,A,A,0,No Deposit,7.0,0,Transient,90.78,0,1
City Hotel,0,146,2016,July,28,8,0,1,2,0.0,0,BB,PRT,Online TA,TA/TO,0,0,0,D,D,0,No Deposit,9.0,0,Transient-Party,127.8,0,2
City Hotel,0,201,2016,July,28,6,0,3,2,0.0,0,BB,PRT,Offline TA/TO,TA/TO,0,0,0,A,A,0,No Deposit,83.0,0,Transient,72.08,0,0
City Hotel,0,146,2016,July,28,8,0,1,2,0.0,0,BB,PRT,Online TA,TA/TO,0,0,0,D,D,0,No Deposit,9.0,0,Transient-Party,127.8,0,2
City Hotel,0,148,2016,July,27,1,2,6,2,0.0,0,BB,ESP,Online TA,TA/TO,0,0,0,A,A,0,No Deposit,9.0,0,Transient-Party,98.39,0,2
City Hotel,0,162,2016,July,28,5,0,4,2,0.0,0,BB,FRA,Online TA,TA/TO,0,0,0,A,A,0,No Deposit,9.0,0,Transient,99.45,0,1
City Hotel,0,99,2016,July,28,6,0,3,2,0.0,0,SC,CHE,Online TA,TA/TO,0,0,0,A,A,0,No Deposit,9.0,0,Transient,103.5,0,1
City Hotel,0,126,2016,July,28,8,0,1,2,0.0,0,BB,GBR,Online TA,TA/TO,0,0,0,A,A,0,No Deposit,9.0,0,Transient,123.3,1,1
City Hotel,0,126,2016,July,28,8,0,1,2,0.0,0,BB,GBR,Online TA,TA/TO,0,0,0,A,A,0,No Deposit,9.0,0,Transient,114.3,0,1
City Hotel,0,156,2016,July,28,5,0,4,2,0.0,0,BB,CHE,Online TA,TA/TO,0,0,0,A,A,0,No Deposit,9.0,0,Transient,114.83,1,1
City Hotel,0,109,2016,July,28,7,0,2,2,0.0,0,SC,LUX,Online TA,TA/TO,0,0,0,A,A,2,No Deposit,9.0,0,Transient,103.5,0,1
City Hotel,0,71,2016,July,28,6,0,3,2,0.0,0,BB,PRT,Offline TA/TO,TA/TO,0,0,0,A,A,0,No Deposit,138.0,0,Transient,85.0,0,0
City Hotel,0,93,2016,July,28,5,0,4,2,0.0,0,SC,NOR,Direct,Direct,0,0,0,A,A,0,No Deposit,14.0,0,Transient,78.85,0,0
City Hotel,0,35,2016,July,28,8,0,1,2,0.0,0,BB,ESP,Online TA,TA/TO,0,0,0,A,A,0,No Deposit,9.0,0,Transient,135.9,0,0
City Hotel,0,118,2016,July,28,8,0,1,2,0.0,0,BB,USA,Online TA,TA/TO,0,0,0,A,A,0,No Deposit,7.0,0,Transient,88.01,0,1
City Hotel,0,87,2016,July,28,4,1,4,2,0.0,0,SC,IRL,Online TA,TA/TO,0,0,0,A,A,0,No Deposit,9.0,0,Transient,103.5,0,1
City Hotel,0,168,2016,July,27,2,2,5,2,0.0,0,SC,GBR,Online TA,TA/TO,0,0,0,A,A,0,No Deposit,7.0,0,Transient,62.18,0,1
City Hotel,0,145,2016,July,28,4,1,4,2,0.0,0,BB,BEL,Offline TA/TO,TA/TO,0,0,0,A,D,0,No Deposit,28.0,0,Transient-Party,112.0,0,1
City Hotel,0,145,2016,July,28,4,1,4,2,0.0,0,BB,BEL,Offline TA/TO,TA/TO,0,0,0,A,D,0,No Deposit,28.0,0,Transient-Party,112.0,0,1
City Hotel,0,2,2016,July,28,6,0,3,2,0.0,0,BB,FIN,Offline TA/TO,TA/TO,0,0,0,A,A,0,No Deposit,138.0,0,Transient,85.0,0,2
City Hotel,0,17,2016,June,27,30,2,7,2,0.0,0,BB,NLD,Online TA,TA/TO,0,0,0,A,A,0,No Deposit,9.0,0,Transient,151.0,0,2
City Hotel,0,14,2016,July,28,8,0,1,2,0.0,0,SC,ESP,Online TA,TA/TO,0,0,0,A,A,0,No Deposit,9.0,0,Transient,139.0,0,1
City Hotel,0,30,2016,July,28,8,0,1,2,0.0,0,BB,FRA,Online TA,TA/TO,0,0,0,A,A,0,No Deposit,9.0,0,Transient,135.9,0,1
City Hotel,0,44,2016,July,28,8,0,1,2,0.0,0,BB,PRT,Corporate,Corporate,0,0,0,A,A,2,No Deposit,,0,Transient,75.0,0,0
City Hotel,0,6,2017,July,28,12,0,1,2,0.0,0,BB,PRT,Corporate,Corporate,1,0,2,A,A,0,No Deposit,,0,Transient,75.0,0,0
City Hotel,0,1,2016,July,28,8,0,1,2,0.0,0,BB,NLD,Online TA,TA/TO,0,0,0,D,D,0,No Deposit,9.0,0,Transient,175.0,1,1
City Hotel,0,125,2016,July,28,5,0,4,2,0.0,0,BB,PRT,Online TA,TA/TO,0,0,0,D,D,0,No Deposit,9.0,0,Transient,118.58,0,1
City Hotel,0,19,2016,July,28,5,0,4,2,0.0,0,BB,BEL,Online TA,TA/TO,0,0,0,D,D,0,No Deposit,9.0,0,Transient,175.0,1,2
City Hotel,0,0,2016,July,28,6,0,3,2,0.0,0,SC,IRL,Online TA,TA/TO,0,0,0,A,A,1,No Deposit,9.0,0,Transient,145.67,0,0
City Hotel,0,116,2016,July,28,6,0,3,2,0.0,0,BB,GBR,Online TA,TA/TO,0,0,0,A,A,0,No Deposit,9.0,0,Transient,116.95,0,1
City Hotel,0,137,2016,July,28,6,0,4,2,0.0,0,BB,PRT,Online TA,TA/TO,0,0,0,A,A,1,No Deposit,9.0,0,Transient-Party,107.95,0,0
City Hotel,0,104,2016,July,28,6,0,4,2,0.0,0,BB,GBR,Online TA,TA/TO,0,0,0,A,A,0,No Deposit,7.0,0,Transient,83.12,0,1
City Hotel,0,133,2016,July,28,6,0,4,2,0.0,0,BB,DEU,Online TA,TA/TO,0,0,0,D,D,2,No Deposit,9.0,0,Transient-Party,120.7,0,2
City Hotel,0,0,2016,July,29,10,0,0,2,0.0,0,BB,PRT,Direct,Direct,1,0,0,D,A,0,No Deposit,14.0,0,Transient,0.0,0,0
City Hotel,0,10,2016,July,28,7,0,3,2,0.0,0,BB,NLD,Online TA,TA/TO,0,0,0,D,D,0,No Deposit,9.0,0,Transient,161.33,0,1
City Hotel,0,166,2016,July,28,5,0,5,2,0.0,0,SC,IRL,Online TA,TA/TO,0,0,0,A,A,0,No Deposit,9.0,0,Transient,80.75,0,0
City Hotel,0,129,2016,July,28,8,0,2,2,0.0,0,BB,ITA,Online TA,TA/TO,0,0,0,A,A,0,No Deposit,9.0,0,Transient,114.3,0,2
City Hotel,0,0,2016,July,28,9,0,1,2,0.0,0,BB,PRT,Direct,Direct,0,0,0,A,A,0,No Deposit,,0,Transient,139.0,0,0
City Hotel,0,91,2016,July,28,3,2,5,2,0.0,0,BB,GBR,Online TA,TA/TO,0,0,0,D,D,0,No Deposit,9.0,0,Transient,127.8,0,0
City Hotel,0,141,2016,July,28,3,2,5,2,0.0,0,BB,ITA,Online TA,TA/TO,0,0,0,A,A,1,No Deposit,9.0,0,Transient,111.68,0,1
City Hotel,0,254,2016,July,28,9,0,1,2,0.0,0,BB,PRT,Online TA,TA/TO,0,0,0,A,A,0,No Deposit,9.0,0,Transient,106.0,0,0
City Hotel,0,254,2016,July,28,9,0,1,2,0.0,0,BB,PRT,Online TA,TA/TO,0,0,0,B,A,0,No Deposit,9.0,0,Transient-Party,100.7,0,1
City Hotel,0,254,2016,July,28,9,0,1,2,0.0,0,BB,NLD,Online TA,TA/TO,0,0,0,B,A,0,No Deposit,9.0,0,Transient-Party,100.7,0,1
City Hotel,0,151,2016,July,28,6,0,4,2,0.0,0,BB,FRA,Online TA,TA/TO,0,0,0,D,A,0,No Deposit,9.0,0,Transient,120.7,0,1
City Hotel,0,21,2016,July,28,5,0,5,2,0.0,0,SC,GBR,Online TA,TA/TO,0,0,0,A,A,0,No Deposit,9.0,0,Transient,139.0,0,1
City Hotel,0,21,2016,July,28,5,0,5,2,0.0,0,SC,PRT,Online TA,TA/TO,0,0,0,A,A,0,No Deposit,9.0,0,Transient,139.0,0,1
City Hotel,0,179,2016,July,28,6,0,4,2,0.0,0,BB,GBR,Online TA,TA/TO,0,0,0,A,A,0,No Deposit,9.0,0,Transient,90.95,0,2
City Hotel,0,157,2016,July,28,6,0,4,2,0.0,0,SC,GBR,Online TA,TA/TO,0,0,0,A,A,0,No Deposit,9.0,0,Transient,97.75,0,1
City Hotel,0,9,2016,July,28,8,0,2,2,0.0,0,BB,PRT,Direct,Direct,0,0,0,E,E,1,No Deposit,14.0,0,Transient,167.1,1,1
City Hotel,0,157,2016,July,28,7,0,3,2,0.0,0,BB,ESP,Online TA,TA/TO,0,0,0,A,A,2,No Deposit,9.0,0,Transient,123.3,1,1
City Hotel,0,0,2016,July,28,8,0,2,2,0.0,0,SC,NLD,Online TA,TA/TO,0,0,0,A,A,1,No Deposit,9.0,0,Transient,143.5,0,0
City Hotel,0,2,2016,July,28,9,0,1,2,0.0,0,BB,PRT,Online TA,TA/TO,0,0,0,A,A,0,No Deposit,7.0,0,Transient,116.27,0,1
City Hotel,0,27,2016,July,28,8,0,2,2,0.0,0,BB,FRA,Online TA,TA/TO,0,0,0,A,A,0,No Deposit,9.0,0,Transient,151.0,0,1
City Hotel,0,96,2016,July,28,6,0,4,2,0.0,0,SC,PRT,Online TA,TA/TO,0,0,0,A,A,0,No Deposit,9.0,0,Transient,103.5,0,0
City Hotel,0,28,2016,July,28,7,0,3,2,0.0,0,SC,AUT,Online TA,TA/TO,0,0,0,A,A,0,No Deposit,9.0,0,Transient,134.37,0,1
City Hotel,0,167,2016,July,28,6,0,4,2,0.0,0,SC,GBR,Online TA,TA/TO,0,0,0,A,A,0,No Deposit,8.0,0,Transient,80.75,0,1
City Hotel,0,97,2016,July,28,8,0,2,2,0.0,0,BB,PRT,Offline TA/TO,TA/TO,0,0,0,A,D,0,No Deposit,85.0,0,Transient,81.25,0,2
City Hotel,0,1,2016,July,28,6,0,4,2,0.0,0,BB,ROU,Online TA,TA/TO,0,0,0,D,D,0,No Deposit,9.0,0,Transient,168.5,0,0
City Hotel,0,166,2016,July,28,6,0,4,2,0.0,0,BB,FRA,Online TA,TA/TO,0,0,0,A,A,0,No Deposit,9.0,0,Transient,90.95,0,1
City Hotel,0,3,2016,July,28,9,0,1,2,0.0,0,SC,PRT,Online TA,TA/TO,0,0,0,A,A,0,No Deposit,9.0,0,Transient,139.0,0,1
City Hotel,0,39,2016,July,28,8,0,2,2,0.0,0,BB,DEU,Online TA,TA/TO,0,0,0,D,D,0,No Deposit,9.0,0,Transient,149.4,0,1
City Hotel,0,142,2016,July,28,5,0,5,2,0.0,0,BB,FRA,Online TA,TA/TO,0,0,0,D,D,0,No Deposit,9.0,0,Transient-Party,119.0,0,2
City Hotel,0,144,2016,July,28,5,0,5,2,0.0,0,SC,PRT,Offline TA/TO,TA/TO,0,0,0,A,A,0,No Deposit,28.0,0,Transient,63.75,0,0
City Hotel,0,1,2016,July,28,9,0,1,2,0.0,0,BB,PRT,Direct,Direct,0,0,0,A,E,0,No Deposit,,0,Transient,75.0,0,2
City Hotel,0,80,2016,July,28,4,2,5,2,0.0,0,BB,PRT,Offline TA/TO,TA/TO,0,0,0,D,D,0,No Deposit,85.0,0,Transient,82.45,0,0
City Hotel,0,151,2016,July,28,6,1,4,2,0.0,0,BB,GBR,Online TA,TA/TO,0,0,0,D,D,0,No Deposit,9.0,0,Transient,120.7,0,1
City Hotel,0,4,2016,July,28,8,1,2,2,0.0,0,SC,FRA,Online TA,TA/TO,0,0,0,A,A,0,No Deposit,9.0,0,Transient,139.0,0,1
City Hotel,0,163,2016,July,28,7,1,3,2,0.0,0,BB,IRL,Online TA,TA/TO,0,0,0,A,A,0,No Deposit,9.0,0,Transient,99.45,0,1
City Hotel,0,166,2016,July,28,7,1,3,2,0.0,0,SC,SWE,Online TA,TA/TO,0,0,0,A,A,0,No Deposit,9.0,0,Transient,80.75,0,1
City Hotel,0,115,2016,July,28,6,1,4,2,0.0,0,BB,FRA,Direct,Direct,0,0,0,A,A,0,No Deposit,14.0,0,Transient,97.75,0,0
City Hotel,0,177,2016,July,28,9,1,1,2,0.0,0,HB,PRT,Groups,TA/TO,0,0,0,A,A,0,No Deposit,1.0,0,Transient-Party,96.0,0,1
City Hotel,0,12,2016,July,28,9,1,1,2,0.0,0,HB,PRT,Groups,TA/TO,0,0,0,A,A,0,No Deposit,1.0,0,Transient-Party,96.0,0,0
City Hotel,0,177,2016,July,28,9,1,1,2,0.0,0,HB,PRT,Groups,TA/TO,0,0,0,A,A,0,No Deposit,1.0,0,Transient-Party,96.0,0,1
City Hotel,0,177,2016,July,28,9,1,1,2,0.0,0,HB,PRT,Groups,TA/TO,0,0,0,A,A,0,No Deposit,1.0,0,Transient-Party,96.0,0,0
City Hotel,0,177,2016,July,28,9,1,1,2,0.0,0,HB,ITA,Groups,TA/TO,0,0,0,A,A,0,No Deposit,1.0,0,Transient-Party,96.0,0,0
City Hotel,0,129,2016,July,28,4,2,5,2,0.0,0,BB,GBR,Online TA,TA/TO,0,0,0,A,A,0,No Deposit,7.0,0,Transient,76.3,0,1
City Hotel,0,177,2016,July,28,9,1,1,2,0.0,0,HB,PRT,Groups,TA/TO,0,0,0,A,A,0,No Deposit,1.0,0,Transient-Party,96.0,0,0
City Hotel,0,177,2016,July,28,9,1,1,2,0.0,0,HB,PRT,Groups,TA/TO,0,0,0,A,A,0,No Deposit,1.0,0,Transient-Party,96.0,0,0
City Hotel,0,177,2016,July,28,9,1,1,2,0.0,0,HB,PRT,Groups,TA/TO,0,0,0,A,A,0,No Deposit,1.0,0,Transient-Party,96.0,0,0
City Hotel,0,177,2016,July,28,9,1,1,2,0.0,0,HB,PRT,Groups,TA/TO,0,0,0,A,A,0,No Deposit,1.0,0,Transient-Party,96.0,0,0
City Hotel,0,177,2016,July,28,9,1,1,2,0.0,0,HB,PRT,Groups,TA/TO,0,0,0,A,A,0,No Deposit,1.0,0,Transient-Party,96.0,0,0
City Hotel,0,105,2016,July,28,7,1,3,2,0.0,0,BB,DEU,Online TA,TA/TO,0,0,0,A,A,3,No Deposit,9.0,0,Transient,114.3,0,1
City Hotel,0,156,2016,July,28,3,3,5,2,0.0,0,HB,ESP,Direct,Direct,0,0,0,B,B,1,No Deposit,,0,Transient-Party,128.44,0,1
City Hotel,0,156,2016,July,28,3,3,5,2,0.0,0,HB,ESP,Direct,Direct,0,0,0,B,B,0,No Deposit,,0,Transient-Party,110.44,0,1
City Hotel,0,176,2016,July,28,8,1,2,2,0.0,0,BB,BEL,Direct,Direct,0,0,0,A,A,0,No Deposit,14.0,0,Transient-Party,85.5,0,0
City Hotel,0,176,2016,July,28,8,1,2,2,0.0,0,BB,BEL,Direct,Direct,0,0,0,A,A,0,No Deposit,14.0,0,Transient-Party,85.5,0,0
City Hotel,0,103,2016,July,28,6,1,4,2,0.0,0,SC,DEU,Offline TA/TO,TA/TO,0,0,0,A,A,0,No Deposit,83.0,0,Transient,78.2,0,0
City Hotel,0,178,2016,July,28,6,1,4,2,0.0,0,SC,IRL,Online TA,TA/TO,0,0,0,A,A,0,No Deposit,9.0,0,Transient,80.75,0,1
City Hotel,0,180,2016,July,29,10,1,0,2,0.0,0,BB,GBR,Direct,Direct,0,0,0,A,A,0,No Deposit,14.0,0,Transient-Party,85.5,0,0
City Hotel,0,137,2016,July,28,6,1,4,2,0.0,0,BB,GBR,Online TA,TA/TO,0,0,0,A,A,2,No Deposit,9.0,0,Transient-Party,107.95,0,0
City Hotel,0,0,2016,July,28,8,1,2,2,0.0,0,SC,CHE,Online TA,TA/TO,0,0,0,A,A,0,No Deposit,9.0,0,Transient,144.67,1,1
City Hotel,0,110,2016,July,28,8,1,2,2,0.0,0,BB,PRT,Online TA,TA/TO,0,0,0,A,A,0,No Deposit,9.0,0,Transient,114.3,0,1
City Hotel,0,156,2016,July,28,7,1,3,2,0.0,0,SC,NLD,Online TA,TA/TO,0,0,0,A,A,2,No Deposit,9.0,0,Transient,100.63,0,0
City Hotel,0,130,2016,July,28,6,1,4,2,0.0,0,BB,BEL,Online TA,TA/TO,0,0,0,A,A,0,No Deposit,9.0,0,Transient,107.95,0,0
City Hotel,0,113,2016,July,28,5,1,5,2,0.0,0,BB,PRT,Online TA,TA/TO,0,0,0,D,A,0,No Deposit,7.0,0,Transient,92.94,0,2
City Hotel,0,113,2016,July,28,5,1,5,2,0.0,0,BB,PRT,Online TA,TA/TO,0,0,0,D,A,0,No Deposit,7.0,0,Transient,92.94,0,1
City Hotel,0,113,2016,July,28,5,1,5,2,0.0,0,BB,PRT,Online TA,TA/TO,0,0,0,D,A,0,No Deposit,7.0,0,Transient,92.94,0,0
City Hotel,0,31,2016,July,28,9,1,1,2,0.0,0,BB,PRT,Online TA,TA/TO,0,0,0,A,A,0,No Deposit,9.0,0,Transient,135.9,0,1
City Hotel,0,177,2016,July,28,4,2,5,2,0.0,0,BB,GBR,Direct,Direct,0,0,0,A,A,0,No Deposit,14.0,0,Transient,80.75,0,0
City Hotel,0,0,2016,July,28,8,1,2,2,0.0,0,SC,GBR,Online TA,TA/TO,0,0,0,A,A,0,No Deposit,9.0,0,Transient,135.67,0,0
City Hotel,0,75,2016,July,28,8,1,2,2,0.0,0,BB,GBR,Online TA,TA/TO,0,0,0,A,A,0,No Deposit,9.0,0,Transient,115.5,0,1
City Hotel,0,184,2016,July,29,10,1,0,2,0.0,0,BB,NLD,Online TA,TA/TO,0,0,0,A,A,0,No Deposit,9.0,0,Transient,105.3,0,1
City Hotel,0,142,2016,July,28,4,2,5,2,0.0,0,SC,GBR,Online TA,TA/TO,0,0,0,A,A,0,No Deposit,9.0,0,Transient,94.11,0,0
City Hotel,0,157,2016,July,28,7,1,3,2,0.0,0,BB,IRL,Offline TA/TO,TA/TO,0,0,0,A,A,0,No Deposit,22.0,0,Transient,72.25,0,0
City Hotel,0,110,2016,July,28,8,1,2,2,0.0,0,BB,PRT,Online TA,TA/TO,0,0,0,A,A,0,No Deposit,9.0,0,Transient,114.3,0,1
City Hotel,0,138,2016,July,28,5,1,5,2,0.0,0,HB,AUT,Offline TA/TO,TA/TO,0,0,0,A,A,0,No Deposit,16.0,0,Transient,102.25,0,0
City Hotel,0,157,2016,July,28,7,1,3,2,0.0,0,BB,IRL,Offline TA/TO,TA/TO,0,0,0,A,A,0,No Deposit,22.0,0,Transient,72.25,0,1
City Hotel,0,2,2016,July,28,7,1,3,2,0.0,0,BB,PRT,Online TA,TA/TO,0,0,0,A,A,0,No Deposit,9.0,0,Transient,160.0,0,1
City Hotel,0,176,2016,July,28,8,1,2,2,0.0,0,BB,BEL,Direct,Direct,0,0,0,A,A,0,No Deposit,14.0,0,Transient-Party,85.5,0,0
City Hotel,0,176,2016,July,28,8,1,2,2,0.0,0,BB,BEL,Direct,Direct,0,0,0,A,A,0,No Deposit,14.0,0,Transient-Party,85.5,0,0
City Hotel,0,141,2016,July,28,6,1,4,2,0.0,0,BB,PRT,Online TA,TA/TO,0,0,0,A,A,0,No Deposit,9.0,0,Transient-Party,107.95,0,1
City Hotel,0,141,2016,July,28,6,1,4,2,0.0,0,BB,PRT,Online TA,TA/TO,0,0,0,A,A,0,No Deposit,9.0,0,Transient-Party,107.95,0,0
City Hotel,0,5,2016,July,28,8,1,2,2,0.0,0,BB,CN,Online TA,TA/TO,0,0,0,A,A,0,No Deposit,9.0,0,Transient,160.0,1,0
City Hotel,0,148,2016,July,27,1,3,7,2,0.0,0,HB,DEU,Offline TA/TO,TA/TO,0,0,0,A,A,0,No Deposit,16.0,0,Transient,102.25,0,0
City Hotel,0,25,2016,July,28,8,1,2,2,0.0,0,BB,PRT,Offline TA/TO,TA/TO,0,0,0,A,A,0,No Deposit,138.0,0,Transient,85.0,0,0
City Hotel,0,0,2016,July,29,10,1,0,2,0.0,0,BB,PRT,Direct,Direct,0,0,0,A,A,0,No Deposit,,0,Transient,139.0,0,0
City Hotel,0,110,2016,July,28,8,1,2,2,0.0,0,BB,PRT,Online TA,TA/TO,0,0,0,A,A,0,No Deposit,9.0,0,Transient,114.3,0,1
City Hotel,0,1,2016,July,28,9,2,1,2,0.0,0,BB,CHE,Online TA,TA/TO,0,0,0,A,A,0,No Deposit,9.0,0,Transient,147.67,0,1
City Hotel,0,98,2016,July,28,9,2,1,2,0.0,0,BB,PRT,Direct,Direct,0,0,0,A,A,0,No Deposit,,0,Transient,103.5,0,1
City Hotel,0,165,2016,July,28,8,2,2,2,0.0,0,BB,IRL,Online TA,TA/TO,0,0,0,A,A,0,No Deposit,9.0,0,Transient,99.45,0,1
City Hotel,0,141,2016,July,28,5,2,5,2,0.0,0,BB,PRT,Offline TA/TO,TA/TO,0,0,0,D,A,0,No Deposit,27.0,0,Transient-Party,82.45,0,0
City Hotel,0,141,2016,July,28,5,2,5,2,0.0,0,BB,PRT,Offline TA/TO,TA/TO,0,0,0,D,A,0,No Deposit,27.0,0,Transient-Party,82.45,0,1
City Hotel,0,0,2016,July,29,10,2,0,2,0.0,0,SC,GBR,Online TA,TA/TO,0,0,0,A,A,0,No Deposit,7.0,0,Transient,103.18,0,0
City Hotel,0,121,2016,July,28,7,2,3,2,0.0,0,SC,PRT,Online TA,TA/TO,0,0,0,A,A,2,No Deposit,9.0,0,Transient,103.5,0,1
City Hotel,0,127,2016,July,29,10,2,0,2,0.0,0,BB,GBR,Online TA,TA/TO,0,0,0,A,A,0,No Deposit,9.0,0,Transient-Party,114.3,0,1
City Hotel,0,128,2016,July,28,7,2,3,2,0.0,0,BB,FRA,Offline TA/TO,TA/TO,0,0,0,A,A,0,No Deposit,138.0,0,Transient,81.25,1,0
City Hotel,0,109,2016,July,28,9,2,1,2,0.0,0,BB,NZL,Online TA,TA/TO,0,0,0,A,A,0,No Deposit,9.0,0,Transient,114.3,0,0
City Hotel,0,4,2016,July,29,11,1,0,2,0.0,0,BB,PRT,Online TA,TA/TO,0,0,0,A,A,0,No Deposit,9.0,0,Transient,151.0,0,2
City Hotel,0,98,2016,July,28,6,2,4,2,0.0,0,SC,GBR,Online TA,TA/TO,0,0,0,A,A,1,No Deposit,9.0,0,Transient,103.5,0,1
City Hotel,0,165,2016,July,28,6,2,4,2,0.0,0,BB,GBR,Online TA,TA/TO,0,0,0,A,A,2,No Deposit,9.0,0,Transient-Party,108.04,0,0
City Hotel,0,28,2016,July,28,8,2,2,2,0.0,0,BB,ITA,Online TA,TA/TO,0,0,0,A,A,0,No Deposit,9.0,0,Transient,143.45,0,2
City Hotel,0,166,2016,July,28,7,2,3,2,0.0,0,BB,GBR,Online TA,TA/TO,0,0,0,A,A,0,No Deposit,9.0,0,Transient,90.95,0,2
City Hotel,0,70,2016,July,29,10,2,0,2,0.0,0,BB,FRA,Direct,Direct,0,0,0,A,A,0,No Deposit,14.0,0,Transient,103.5,0,3
City Hotel,0,70,2016,July,29,10,2,0,2,0.0,0,BB,FRA,Direct,Direct,0,0,0,A,A,0,No Deposit,14.0,0,Transient,103.5,0,3
City Hotel,0,165,2016,July,28,6,2,4,2,0.0,0,SC,GBR,Online TA,TA/TO,0,0,0,A,A,2,No Deposit,9.0,0,Transient,83.58,0,1
City Hotel,0,99,2016,July,28,9,2,1,2,0.0,0,SC,ESP,Online TA,TA/TO,0,0,0,A,A,0,No Deposit,9.0,0,Transient,109.5,0,1
City Hotel,0,155,2016,July,28,6,2,4,2,0.0,0,BB,GBR,Direct,Direct,0,0,0,A,A,2,No Deposit,14.0,0,Transient-Party,97.75,0,1
City Hotel,0,88,2016,July,28,5,2,5,2,0.0,0,BB,BEL,Online TA,TA/TO,0,0,0,D,D,0,No Deposit,9.0,0,Transient,127.8,0,1
City Hotel,0,39,2016,July,29,10,2,0,2,0.0,0,BB,GBR,Online TA,TA/TO,0,0,0,A,D,0,No Deposit,9.0,0,Transient,144.9,1,1
City Hotel,0,154,2016,July,28,7,2,3,2,0.0,0,BB,FRA,Online TA,TA/TO,0,0,0,D,D,0,No Deposit,9.0,0,Transient,120.7,0,1
City Hotel,0,56,2016,July,29,11,1,0,2,0.0,0,BB,USA,Online TA,TA/TO,0,0,0,A,A,0,No Deposit,7.0,0,Transient,88.01,0,0
City Hotel,0,125,2016,July,28,9,2,1,2,0.0,0,BB,PRT,Online TA,TA/TO,0,0,0,A,A,0,No Deposit,9.0,0,Transient,114.3,0,1
City Hotel,0,112,2016,July,28,7,2,3,2,0.0,0,BB,FRA,Offline TA/TO,TA/TO,0,0,0,A,A,0,No Deposit,22.0,0,Transient-Party,72.25,0,1
City Hotel,0,102,2016,July,28,8,2,2,2,0.0,0,BB,PRT,Offline TA/TO,TA/TO,0,0,0,A,A,0,No Deposit,22.0,0,Transient,72.25,0,0
City Hotel,0,36,2016,July,28,9,2,1,2,0.0,0,BB,PRT,Online TA,TA/TO,0,0,0,A,A,0,No Deposit,9.0,0,Transient,135.9,0,2
City Hotel,0,119,2016,July,28,4,3,5,2,0.0,0,BB,PRT,Offline TA/TO,TA/TO,0,0,0,D,D,0,No Deposit,22.0,0,Transient,82.45,0,0
City Hotel,0,60,2016,July,29,10,2,0,2,0.0,0,BB,GBR,Offline TA/TO,TA/TO,0,0,0,A,A,0,No Deposit,22.0,0,Transient,72.25,0,0
City Hotel,0,48,2016,July,28,9,2,1,2,0.0,0,BB,PRT,Online TA,TA/TO,0,0,0,A,A,0,No Deposit,9.0,0,Transient,115.5,0,2
City Hotel,0,22,2016,July,28,9,2,1,2,0.0,0,BB,ESP,Offline TA/TO,TA/TO,0,0,0,A,A,0,No Deposit,138.0,0,Transient,85.0,0,0
City Hotel,0,1,2016,July,29,11,1,0,2,0.0,0,SC,PRT,Online TA,TA/TO,0,0,0,A,A,0,No Deposit,152.0,0,Transient,87.82,0,0
City Hotel,0,184,2016,July,29,11,1,0,2,0.0,0,BB,NLD,Online TA,TA/TO,0,0,0,A,A,0,No Deposit,9.0,0,Transient,96.3,0,1
City Hotel,0,127,2016,July,29,10,2,0,2,0.0,0,BB,GBR,Online TA,TA/TO,0,0,0,A,A,0,No Deposit,9.0,0,Transient-Party,114.3,0,1
City Hotel,0,120,2016,July,28,5,2,5,2,0.0,0,BB,FRA,Direct,Direct,0,0,0,B,B,0,No Deposit,,0,Transient,78.57,0,1
City Hotel,0,120,2016,July,28,5,2,5,2,0.0,0,BB,FRA,Direct,Direct,0,0,0,B,B,0,No Deposit,,0,Transient,78.57,0,1
City Hotel,0,112,2016,July,28,7,2,3,2,0.0,0,BB,FRA,Offline TA/TO,TA/TO,0,0,0,A,A,0,No Deposit,22.0,0,Transient-Party,72.25,0,1
City Hotel,0,128,2016,July,28,8,2,3,2,0.0,0,SC,DEU,Online TA,TA/TO,0,0,0,A,A,0,No Deposit,9.0,0,Transient,96.05,0,2
City Hotel,0,269,2016,July,29,10,2,1,2,0.0,0,BB,ARG,Offline TA/TO,TA/TO,0,0,0,D,D,0,No Deposit,83.0,0,Transient,78.88,0,0
City Hotel,0,73,2016,July,29,12,0,1,2,0.0,0,SC,CN,Direct,Direct,0,0,0,A,A,0,No Deposit,14.0,0,Transient,105.0,0,1
City Hotel,0,57,2016,July,29,12,0,1,2,0.0,0,BB,USA,Online TA,TA/TO,0,0,0,A,A,0,No Deposit,9.0,0,Transient,105.3,0,1
City Hotel,0,60,2016,July,28,9,2,2,2,0.0,0,BB,CHE,Online TA,TA/TO,0,0,0,A,A,0,No Deposit,9.0,0,Transient,112.95,0,1
City Hotel,0,122,2016,July,28,9,2,2,2,0.0,0,BB,PRT,Online TA,TA/TO,0,0,0,A,A,0,No Deposit,9.0,0,Transient-Party,105.83,0,2
City Hotel,0,122,2016,July,28,9,2,2,2,0.0,0,BB,PRT,Online TA,TA/TO,0,0,0,A,A,0,No Deposit,9.0,0,Transient-Party,105.83,0,2
City Hotel,0,159,2016,July,28,6,2,5,2,0.0,0,BB,GBR,Online TA,TA/TO,0,0,0,A,A,0,No Deposit,7.0,0,Transient,82.19,0,1
City Hotel,0,0,2016,July,29,12,0,1,2,0.0,0,BB,RUS,Online TA,TA/TO,0,0,0,A,A,0,No Deposit,9.0,0,Transient,151.0,0,1
City Hotel,0,27,2016,July,29,11,1,1,2,0.0,0,SC,SWE,Online TA,TA/TO,0,0,0,A,A,0,No Deposit,9.0,0,Transient,139.0,0,1
City Hotel,0,89,2016,July,29,11,1,1,2,0.0,0,SC,FRA,Online TA,TA/TO,0,0,0,A,A,0,No Deposit,7.0,0,Transient,72.42,0,1
City Hotel,0,2,2016,July,29,12,0,1,2,0.0,0,BB,FRA,Online TA,TA/TO,0,0,0,A,A,0,No Deposit,9.0,0,Transient,151.0,0,0
City Hotel,0,147,2016,July,29,11,1,1,2,0.0,0,SC,FRA,Online TA,TA/TO,0,0,0,A,A,0,No Deposit,9.0,0,Transient,99.0,0,0
City Hotel,0,103,2016,June,27,28,4,11,2,0.0,0,BB,NOR,Online TA,TA/TO,0,0,0,A,A,0,No Deposit,9.0,0,Transient,116.38,1,0
City Hotel,0,53,2016,July,29,10,2,1,2,0.0,0,SC,PRT,Online TA,TA/TO,0,0,0,A,A,0,No Deposit,8.0,0,Transient,100.5,0,1
City Hotel,0,35,2016,July,29,11,1,1,2,0.0,0,BB,FRA,Direct,Direct,0,0,0,A,A,0,No Deposit,14.0,0,Transient,118.15,0,1
City Hotel,0,152,2016,July,29,11,1,1,2,0.0,0,BB,PRT,Online TA,TA/TO,0,0,0,A,A,2,No Deposit,9.0,0,Transient-Party,99.0,0,2
City Hotel,0,34,2016,July,28,9,2,2,2,0.0,0,BB,PRT,Online TA,TA/TO,0,0,0,A,A,0,No Deposit,9.0,0,Transient,135.9,0,1
City Hotel,0,155,2016,July,28,8,2,3,2,0.0,0,BB,CHE,Offline TA/TO,TA/TO,0,0,0,A,A,0,No Deposit,85.0,0,Transient,72.25,0,0
City Hotel,0,111,2016,July,28,9,2,2,2,0.0,0,BB,BRA,Online TA,TA/TO,0,0,0,A,A,0,No Deposit,9.0,0,Transient,105.83,0,2
City Hotel,0,176,2016,July,28,5,2,6,2,0.0,0,SC,NLD,Online TA,TA/TO,0,0,0,A,A,0,No Deposit,9.0,0,Transient,80.75,0,1
City Hotel,0,82,2016,July,29,10,2,1,2,0.0,0,BB,GBR,Online TA,TA/TO,0,0,0,A,A,0,No Deposit,7.0,0,Transient,85.7,0,1
City Hotel,0,12,2016,July,28,9,2,2,2,0.0,0,BB,BEL,Offline TA/TO,TA/TO,0,0,0,A,A,0,No Deposit,138.0,0,Transient,85.0,0,0
City Hotel,0,154,2016,July,29,10,2,1,2,0.0,0,BB,GBR,Online TA,TA/TO,0,0,0,A,D,0,No Deposit,9.0,0,Transient,111.3,0,1
City Hotel,0,12,2016,July,29,10,2,1,2,0.0,0,SC,AUS,Online TA,TA/TO,0,0,0,A,A,0,No Deposit,9.0,0,Transient,139.0,0,1
City Hotel,0,112,2016,July,28,6,2,5,2,0.0,0,BB,IRL,Offline TA/TO,TA/TO,0,0,0,A,A,0,No Deposit,22.0,0,Transient,72.25,0,0
City Hotel,0,154,2016,July,29,10,2,1,2,0.0,0,BB,GBR,Online TA,TA/TO,0,0,0,D,D,0,No Deposit,9.0,0,Transient,124.8,0,1
City Hotel,0,117,2016,July,28,8,2,3,2,0.0,0,BB,DEU,Online TA,TA/TO,0,0,0,A,B,1,No Deposit,9.0,0,Transient,116.05,0,1
City Hotel,0,36,2016,July,29,11,1,1,2,0.0,0,BB,AUT,Online TA,TA/TO,0,0,0,A,A,0,No Deposit,9.0,0,Transient,130.5,0,0
City Hotel,0,17,2016,July,29,11,1,1,2,0.0,0,SC,NOR,Online TA,TA/TO,0,0,0,A,A,0,No Deposit,9.0,0,Transient,139.0,0,0
City Hotel,0,91,2016,July,29,10,2,2,2,0.0,0,BB,PRT,Online TA,TA/TO,0,0,0,A,A,0,No Deposit,9.0,0,Transient,109.8,0,1
City Hotel,0,65,2016,July,29,10,2,2,2,0.0,0,BB,IRL,Online TA,TA/TO,0,0,0,D,D,0,No Deposit,9.0,0,Transient,125.1,0,1
City Hotel,0,143,2016,July,29,13,0,1,2,0.0,0,BB,PRT,Online TA,TA/TO,0,0,0,A,A,0,No Deposit,7.0,0,Transient,81.08,0,1
City Hotel,0,101,2016,July,29,11,1,2,2,0.0,0,BB,ESP,Offline TA/TO,TA/TO,0,0,0,A,A,0,No Deposit,22.0,0,Transient,81.25,0,0
City Hotel,0,64,2016,July,29,12,0,2,2,0.0,0,SC,ESP,Offline TA/TO,TA/TO,0,0,0,A,A,0,No Deposit,85.0,0,Transient,63.75,0,0
City Hotel,0,102,2016,July,29,10,2,2,2,0.0,0,BB,PRT,Offline TA/TO,TA/TO,0,0,0,D,D,0,No Deposit,16.0,0,Transient,82.45,0,0
City Hotel,0,93,2016,July,29,12,0,2,2,0.0,0,SC,FRA,Online TA,TA/TO,0,0,0,A,A,0,No Deposit,9.0,0,Transient,94.5,0,1
City Hotel,0,283,2016,July,28,9,2,3,2,0.0,0,BB,PRT,Online TA,TA/TO,0,0,0,A,A,0,No Deposit,7.0,0,Transient,69.38,0,1
City Hotel,0,136,2016,July,29,12,0,2,2,0.0,0,BB,BEL,Direct,Direct,0,0,0,A,A,0,No Deposit,14.0,0,Transient,94.5,0,0
City Hotel,0,128,2016,July,29,11,1,2,2,0.0,0,BB,USA,Online TA,TA/TO,0,0,0,D,A,2,No Deposit,9.0,0,Transient-Party,97.43,0,1
City Hotel,0,75,2016,July,29,10,2,2,2,0.0,0,SC,FRA,Online TA,TA/TO,0,0,0,A,A,0,No Deposit,9.0,0,Transient,99.0,0,1
City Hotel,0,143,2016,July,29,12,0,2,2,0.0,0,BB,PRT,Online TA,TA/TO,0,0,0,A,A,0,No Deposit,9.0,0,Transient,105.3,0,2
City Hotel,0,108,2016,July,29,10,2,2,2,0.0,0,BB,AUT,Offline TA/TO,TA/TO,0,0,0,A,A,0,No Deposit,27.0,0,Transient,72.25,0,0
City Hotel,0,110,2016,July,29,11,1,2,2,0.0,0,BB,DEU,Online TA,TA/TO,0,0,0,A,A,0,No Deposit,9.0,0,Transient,108.3,0,0
City Hotel,0,30,2016,July,29,12,0,2,2,0.0,0,BB,AUT,Online TA,TA/TO,0,0,0,A,A,0,No Deposit,9.0,0,Transient,144.9,1,1
City Hotel,0,9,2016,July,28,7,2,5,2,0.0,0,BB,GBR,Direct,Direct,0,0,0,A,A,0,No Deposit,14.0,0,Transient,116.45,0,0
City Hotel,0,18,2016,July,29,11,1,2,2,0.0,0,BB,FRA,Online TA,TA/TO,0,0,0,A,A,0,No Deposit,7.0,0,Transient,110.46,0,1
City Hotel,0,7,2016,July,29,11,1,2,2,0.0,0,BB,RUS,Online TA,TA/TO,0,0,0,A,A,0,No Deposit,9.0,0,Transient,151.0,0,0
City Hotel,0,43,2016,July,29,12,0,2,2,0.0,0,BB,DEU,Online TA,TA/TO,0,0,0,D,D,0,No Deposit,9.0,0,Transient,149.4,0,1
City Hotel,0,66,2016,July,29,11,1,2,2,0.0,0,BB,GBR,Offline TA/TO,TA/TO,0,0,0,A,A,0,No Deposit,85.0,0,Transient,72.25,0,0
City Hotel,0,0,2016,July,29,13,0,1,2,0.0,0,HB,DEU,Online TA,TA/TO,0,0,0,A,A,0,No Deposit,9.0,0,Transient,210.0,0,0
City Hotel,0,152,2016,July,29,10,2,2,2,0.0,0,BB,PRT,Online TA,TA/TO,0,0,0,D,D,3,No Deposit,9.0,0,Transient,134.3,0,3
City Hotel,0,128,2016,July,29,11,1,2,2,0.0,0,BB,PRT,Online TA,TA/TO,0,0,0,D,A,2,No Deposit,9.0,0,Transient-Party,97.42,0,1
City Hotel,0,239,2016,July,29,12,0,2,2,0.0,0,BB,GBR,Online TA,TA/TO,0,0,0,A,A,0,No Deposit,9.0,0,Contract,107.0,0,1
City Hotel,0,65,2016,December,52,18,1,0,2,0.0,0,BB,PRT,Corporate,Corporate,1,0,5,A,A,1,No Deposit,,0,Transient,87.0,1,0
City Hotel,0,34,2017,February,7,12,1,0,2,0.0,0,BB,PRT,Corporate,Corporate,1,1,8,A,A,1,No Deposit,,0,Transient,77.0,1,0
City Hotel,0,3,2016,July,29,13,0,2,2,0.0,0,BB,PRT,Direct,Direct,0,0,0,A,A,0,No Deposit,14.0,0,Transient,118.15,0,0
City Hotel,0,137,2016,July,29,12,0,3,2,0.0,0,BB,PRT,Online TA,TA/TO,0,0,0,A,A,0,No Deposit,9.0,0,Transient,105.3,0,1
City Hotel,0,132,2016,July,29,11,1,3,2,0.0,0,BB,GBR,Online TA,TA/TO,0,0,0,A,A,0,No Deposit,9.0,0,Transient,101.58,0,1
City Hotel,0,1,2016,July,29,12,0,3,2,0.0,0,BB,NLD,Online TA,TA/TO,0,0,0,A,A,0,No Deposit,7.0,0,Transient,116.27,0,1
City Hotel,0,102,2016,July,29,13,0,2,2,0.0,0,BB,PRT,Direct,Direct,0,0,0,A,A,0,No Deposit,,0,Transient,94.5,0,1
City Hotel,0,168,2016,July,28,9,2,4,2,0.0,0,BB,PRT,Direct,Direct,0,0,0,D,D,0,No Deposit,14.0,0,Transient,98.6,0,2
City Hotel,0,71,2016,July,29,10,2,3,2,0.0,0,BB,NLD,Online TA,TA/TO,0,0,0,D,D,0,No Deposit,8.0,0,Transient,122.4,0,1
City Hotel,0,173,2016,July,29,12,0,3,2,0.0,0,BB,PRT,Offline TA/TO,TA/TO,0,0,0,A,A,0,No Deposit,27.0,0,Transient,72.25,0,0
City Hotel,0,103,2016,July,29,11,1,3,2,0.0,0,BB,PRT,Online TA,TA/TO,0,0,0,A,A,0,No Deposit,9.0,0,Transient,107.55,0,0
City Hotel,0,3,2016,July,29,14,0,1,2,0.0,0,SC,PRT,Offline TA/TO,TA/TO,0,0,0,A,D,0,No Deposit,85.0,0,Transient,75.0,0,1
City Hotel,0,2,2016,July,29,13,0,2,2,0.0,0,BB,PRT,Corporate,Corporate,0,0,0,D,A,0,No Deposit,,0,Transient,150.0,0,1
City Hotel,0,117,2016,July,29,12,0,3,2,0.0,0,BB,NLD,Offline TA/TO,TA/TO,0,0,0,A,A,0,No Deposit,121.0,0,Transient,72.25,0,0
City Hotel,0,175,2016,July,29,13,0,2,2,0.0,0,BB,GBR,Online TA,TA/TO,0,0,0,A,A,0,No Deposit,9.0,0,Transient,96.3,0,1
City Hotel,0,109,2016,July,29,10,2,3,2,0.0,0,HB,DEU,Offline TA/TO,TA/TO,0,0,0,A,A,0,No Deposit,16.0,0,Transient,102.25,0,0
City Hotel,0,114,2016,July,29,11,1,3,2,0.0,0,BB,PRT,Online TA,TA/TO,0,0,0,A,A,0,No Deposit,15.0,0,Transient,81.26,0,0
City Hotel,0,151,2016,July,29,11,1,3,2,0.0,0,BB,FRA,Online TA,TA/TO,0,0,0,A,A,1,No Deposit,9.0,0,Transient,110.58,1,1
City Hotel,0,86,2016,July,28,9,2,4,2,0.0,0,HB,DEU,Offline TA/TO,TA/TO,0,0,0,D,D,1,No Deposit,83.0,0,Transient,139.6,0,0
City Hotel,0,7,2016,July,29,11,1,3,2,0.0,0,BB,PRT,Direct,Direct,0,0,0,A,A,0,No Deposit,14.0,0,Transient,118.15,0,0
City Hotel,0,93,2016,July,29,10,2,3,2,0.0,0,BB,IRL,Offline TA/TO,TA/TO,0,0,0,A,A,0,No Deposit,22.0,0,Transient,72.25,0,1
City Hotel,0,98,2016,July,29,11,1,3,2,0.0,0,HB,PRT,Online TA,TA/TO,0,0,0,A,B,0,No Deposit,9.0,0,Transient,141.75,0,0
City Hotel,0,90,2016,July,29,11,1,3,2,0.0,0,SC,GBR,Online TA,TA/TO,0,0,0,A,A,0,No Deposit,7.0,0,Transient,70.78,0,1
City Hotel,0,98,2016,July,29,11,1,3,2,0.0,0,HB,PRT,Online TA,TA/TO,0,0,0,A,B,0,No Deposit,9.0,0,Transient,141.75,0,0
City Hotel,0,113,2016,July,29,12,0,3,2,0.0,0,BB,PRT,Online TA,TA/TO,0,0,0,A,A,0,No Deposit,9.0,0,Transient,105.3,0,1
City Hotel,0,109,2016,July,29,11,1,3,2,0.0,0,BB,GBR,Online TA,TA/TO,0,0,0,A,A,0,No Deposit,9.0,0,Transient,107.55,0,1
City Hotel,0,133,2016,July,29,12,0,3,2,0.0,0,BB,PRT,Online TA,TA/TO,0,0,0,A,A,0,No Deposit,9.0,0,Transient-Party,105.3,0,2
City Hotel,0,114,2016,July,29,11,1,3,2,0.0,0,BB,PRT,Online TA,TA/TO,0,0,0,A,A,0,No Deposit,15.0,0,Transient,81.26,0,0
City Hotel,0,138,2016,July,29,12,0,3,2,0.0,0,HB,FRA,Online TA,TA/TO,0,0,0,A,A,0,No Deposit,9.0,0,Transient,148.5,1,1
City Hotel,0,136,2016,July,29,10,2,4,2,0.0,0,BB,BRA,Offline TA/TO,TA/TO,0,0,0,A,A,0,No Deposit,118.0,0,Transient,72.25,0,1
City Hotel,0,25,2016,July,29,12,0,4,2,0.0,0,SC,IRL,Offline TA/TO,TA/TO,0,0,0,A,A,0,No Deposit,157.0,0,Transient,84.0,0,0
City Hotel,0,102,2016,July,29,10,2,4,2,0.0,0,HB,BGR,Online TA,TA/TO,0,0,0,D,D,0,No Deposit,9.0,0,Transient,156.0,0,3
City Hotel,0,149,2016,July,29,12,0,4,2,0.0,0,BB,FRA,Online TA,TA/TO,0,0,0,A,A,0,No Deposit,9.0,0,Transient,99.45,0,1
City Hotel,0,78,2016,July,29,12,0,4,2,0.0,0,BB,FRA,Online TA,TA/TO,0,0,0,A,A,0,No Deposit,9.0,0,Transient,114.3,1,2
City Hotel,0,74,2016,July,29,14,0,2,2,0.0,0,BB,DEU,Direct,Direct,0,0,0,A,A,0,No Deposit,14.0,0,Transient,89.25,0,1
City Hotel,0,51,2016,July,29,15,0,1,2,0.0,0,SC,SWE,Online TA,TA/TO,0,0,0,A,A,0,No Deposit,9.0,0,Transient,94.5,0,0
City Hotel,0,90,2016,July,29,13,0,3,2,0.0,0,HB,ESP,Offline TA/TO,TA/TO,0,0,0,A,A,0,No Deposit,28.0,0,Transient,102.25,0,1
City Hotel,0,146,2016,July,29,13,0,3,2,0.0,0,SC,PRT,Online TA,TA/TO,0,0,0,A,A,0,No Deposit,9.0,0,Transient,103.5,1,1
City Hotel,0,146,2016,July,29,13,0,3,2,0.0,0,SC,ISR,Online TA,TA/TO,0,0,0,A,A,0,No Deposit,9.0,0,Transient,94.5,0,1
City Hotel,0,16,2016,July,29,14,0,2,2,0.0,0,BB,ESP,Online TA,TA/TO,0,0,0,A,A,0,No Deposit,9.0,0,Transient,160.0,0,1
City Hotel,0,119,2016,July,29,13,0,3,2,0.0,0,HB,ESP,Offline TA/TO,TA/TO,0,0,0,A,A,0,No Deposit,42.0,0,Transient-Party,97.75,0,1
City Hotel,0,151,2016,July,29,15,0,1,2,0.0,0,BB,FRA,Online TA,TA/TO,0,0,0,A,A,0,No Deposit,9.0,0,Transient-Party,105.3,0,1
City Hotel,0,151,2016,July,29,15,0,1,2,0.0,0,BB,FRA,Online TA,TA/TO,0,0,0,A,A,0,No Deposit,9.0,0,Transient-Party,105.3,0,1
City Hotel,0,169,2016,July,29,13,0,3,2,0.0,0,SC,CHE,Online TA,TA/TO,0,0,0,A,A,1,No Deposit,9.0,0,Transient-Party,94.5,0,1
City Hotel,0,107,2016,July,28,9,2,5,2,0.0,0,BB,ITA,Online TA,TA/TO,0,0,0,A,A,0,No Deposit,9.0,0,Transient,109.16,0,1
City Hotel,0,92,2016,July,29,12,0,4,2,0.0,0,BB,FRA,Online TA,TA/TO,0,0,0,A,A,0,No Deposit,9.0,0,Transient,89.85,0,2
City Hotel,0,111,2016,July,29,14,0,2,2,0.0,0,BB,CN,Online TA,TA/TO,0,0,0,A,A,0,No Deposit,9.0,0,Transient,105.3,0,1
City Hotel,0,4,2016,July,29,15,0,1,2,0.0,0,BB,NZL,Online TA,TA/TO,0,0,0,A,A,0,No Deposit,9.0,0,Transient,151.0,0,1
City Hotel,0,101,2016,July,29,15,0,1,2,0.0,0,SC,CHE,Online TA,TA/TO,0,0,0,A,A,2,No Deposit,9.0,0,Transient,94.5,0,2
City Hotel,0,106,2016,July,28,8,2,6,2,0.0,0,BB,GBR,Offline TA/TO,TA/TO,0,0,0,A,A,0,No Deposit,22.0,0,Transient,72.25,0,2
City Hotel,0,106,2016,July,28,8,2,6,2,0.0,0,BB,GBR,Offline TA/TO,TA/TO,0,0,0,A,A,0,No Deposit,22.0,0,Transient,72.25,0,2
City Hotel,0,106,2016,July,28,8,2,6,2,0.0,0,BB,GBR,Offline TA/TO,TA/TO,0,0,0,A,A,0,No Deposit,22.0,0,Transient,72.25,0,2
City Hotel,0,9,2016,July,29,13,0,3,2,0.0,0,BB,FRA,Online TA,TA/TO,0,0,0,D,A,0,No Deposit,9.0,0,Transient,166.0,0,2
City Hotel,0,102,2016,July,28,8,2,6,2,0.0,0,SC,CHE,Online TA,TA/TO,0,0,0,A,A,1,No Deposit,9.0,0,Transient,99.0,0,1
City Hotel,0,232,2016,July,29,12,0,4,2,0.0,0,BB,PRT,Online TA,TA/TO,0,0,0,B,B,0,No Deposit,9.0,0,Contract,105.25,1,1
City Hotel,0,232,2016,July,29,12,0,4,2,0.0,0,BB,PRT,Online TA,TA/TO,0,0,0,B,B,0,No Deposit,9.0,0,Contract,100.75,1,1
City Hotel,0,9,2016,July,29,14,0,2,2,0.0,0,BB,PRT,Online TA,TA/TO,0,0,0,D,D,0,No Deposit,9.0,0,Transient,166.0,0,0
City Hotel,0,111,2016,July,29,13,0,3,2,0.0,0,BB,FRA,Offline TA/TO,TA/TO,0,0,0,A,A,0,No Deposit,28.0,0,Transient,72.25,0,0
City Hotel,0,134,2016,July,29,12,0,4,2,0.0,0,BB,FRA,Online TA,TA/TO,0,0,0,A,A,1,No Deposit,9.0,0,Transient,89.85,0,2
City Hotel,0,179,2016,July,29,13,0,4,2,0.0,0,BB,PRT,Direct,Direct,0,0,0,A,A,0,No Deposit,14.0,0,Transient,80.75,0,1
City Hotel,0,186,2016,July,29,12,0,5,2,0.0,0,BB,FRA,Online TA,TA/TO,0,0,0,A,A,0,No Deposit,9.0,0,Transient,90.95,0,2
City Hotel,0,163,2016,July,29,14,0,3,2,0.0,0,BB,FRA,Offline TA/TO,TA/TO,0,0,0,A,A,0,No Deposit,28.0,0,Transient-Party,112.0,0,1
City Hotel,0,97,2016,July,29,14,0,3,2,0.0,0,BB,BRA,Online TA,TA/TO,0,0,0,A,A,0,No Deposit,7.0,0,Transient,90.08,0,1
City Hotel,0,71,2016,July,29,13,0,4,2,0.0,0,BB,FRA,Offline TA/TO,TA/TO,0,0,0,A,A,0,No Deposit,86.0,0,Transient,79.56,0,0
City Hotel,0,261,2016,July,29,13,0,4,2,0.0,0,BB,FRA,Direct,Direct,0,0,0,A,A,0,No Deposit,14.0,0,Transient,79.9,0,0
City Hotel,0,149,2016,July,29,12,0,5,2,0.0,0,BB,PRT,Online TA,TA/TO,0,0,0,A,A,0,No Deposit,9.0,0,Transient,99.45,0,1
City Hotel,0,257,2016,July,29,16,0,1,2,0.0,0,BB,GBR,Direct,Direct,0,0,0,B,B,0,No Deposit,14.0,0,Transient,90.5,0,0
City Hotel,0,70,2016,July,29,11,1,5,2,0.0,0,BB,BRA,Offline TA/TO,TA/TO,0,0,0,A,A,0,No Deposit,138.0,0,Transient,85.0,0,1
City Hotel,0,250,2016,July,29,11,1,5,2,0.0,0,BB,PRT,Direct,Direct,0,0,0,E,E,0,No Deposit,14.0,0,Transient,114.75,0,1
City Hotel,0,70,2016,July,29,11,1,5,2,0.0,0,BB,BRA,Offline TA/TO,TA/TO,0,0,0,A,A,0,No Deposit,138.0,0,Transient,85.0,0,1
City Hotel,0,133,2016,July,29,13,0,4,2,0.0,0,BB,GBR,Offline TA/TO,TA/TO,0,0,0,A,A,0,No Deposit,22.0,0,Transient-Party,81.25,0,1
City Hotel,0,80,2016,July,29,10,2,5,2,0.0,0,HB,FRA,Online TA,TA/TO,0,0,0,A,D,0,No Deposit,9.0,0,Transient,142.07,0,1
City Hotel,0,157,2016,July,29,14,0,3,2,0.0,0,BB,PRT,Offline TA/TO,TA/TO,0,0,0,A,D,0,No Deposit,28.0,0,Transient,112.0,0,0
City Hotel,0,132,2016,July,29,14,0,3,2,0.0,0,BB,PRT,Offline TA/TO,TA/TO,0,0,0,A,A,0,No Deposit,22.0,0,Transient,72.25,0,0
City Hotel,0,65,2016,July,29,14,0,3,2,0.0,0,BB,DEU,Direct,Direct,0,0,0,E,E,0,No Deposit,14.0,0,Transient,139.5,0,0
City Hotel,0,116,2016,July,29,12,0,5,2,0.0,0,BB,FRA,Online TA,TA/TO,0,0,0,A,A,1,No Deposit,9.0,0,Transient,109.25,0,1
City Hotel,0,76,2016,July,29,16,0,1,2,0.0,0,BB,PRT,Direct,Direct,0,0,0,D,A,0,No Deposit,14.0,0,Transient,108.8,0,1
City Hotel,0,4,2016,July,29,16,0,1,2,0.0,0,SC,BEL,Online TA,TA/TO,0,0,0,A,A,0,No Deposit,9.0,0,Transient,139.0,0,1
City Hotel,0,73,2016,July,29,14,0,3,2,0.0,0,BB,USA,Offline TA/TO,TA/TO,0,0,0,A,A,0,No Deposit,138.0,0,Transient,85.0,0,0
City Hotel,0,4,2016,July,29,16,0,1,2,0.0,0,SC,BEL,Online TA,TA/TO,0,0,0,A,A,0,No Deposit,9.0,0,Transient,139.0,0,1
City Hotel,0,141,2016,July,29,14,0,3,2,0.0,0,SC,CN,Online TA,TA/TO,0,0,0,A,A,2,No Deposit,9.0,0,Transient-Party,103.5,0,1
City Hotel,0,162,2016,July,29,14,0,3,2,0.0,0,BB,FRA,Offline TA/TO,TA/TO,0,0,0,A,D,0,No Deposit,28.0,0,Transient,112.0,0,0
City Hotel,0,133,2016,July,29,13,0,4,2,0.0,0,BB,GBR,Offline TA/TO,TA/TO,0,0,0,A,A,0,No Deposit,22.0,0,Transient-Party,72.25,0,1
City Hotel,0,141,2016,July,29,14,0,3,2,0.0,0,SC,ESP,Online TA,TA/TO,0,0,0,A,A,0,No Deposit,9.0,0,Transient,103.5,1,1
City Hotel,0,162,2016,July,29,14,0,3,2,0.0,0,BB,FRA,Offline TA/TO,TA/TO,0,0,0,A,D,0,No Deposit,28.0,0,Transient-Party,112.0,0,1
City Hotel,0,162,2016,July,29,14,0,3,2,0.0,0,BB,FRA,Offline TA/TO,TA/TO,0,0,0,A,D,0,No Deposit,28.0,0,Transient-Party,112.0,0,1
City Hotel,0,180,2016,July,29,13,0,4,2,0.0,0,BB,FRA,Online TA,TA/TO,0,0,0,A,A,0,No Deposit,9.0,0,Transient,90.95,0,1
City Hotel,0,37,2016,July,29,13,0,4,2,0.0,0,BB,GBR,Online TA,TA/TO,0,0,0,A,A,0,No Deposit,9.0,0,Transient,135.9,0,2
City Hotel,0,94,2016,July,29,13,0,4,2,0.0,0,BB,FRA,Direct,Direct,0,0,0,A,A,0,No Deposit,14.0,0,Transient,89.25,0,0
City Hotel,0,31,2016,July,29,10,2,5,2,0.0,0,BB,FRA,Direct,Direct,0,0,0,A,A,2,No Deposit,14.0,0,Transient,127.15,1,2
City Hotel,0,114,2016,July,29,13,0,4,2,0.0,0,SC,IRL,Online TA,TA/TO,0,0,0,A,A,0,No Deposit,8.0,0,Transient,89.25,0,0
City Hotel,0,5,2016,July,29,14,0,3,2,0.0,0,SC,FRA,Online TA,TA/TO,0,0,0,A,A,0,No Deposit,9.0,0,Transient,139.0,0,1
City Hotel,0,125,2016,July,29,10,2,5,2,0.0,0,SC,GBR,Offline TA/TO,TA/TO,0,0,0,A,A,0,No Deposit,28.0,0,Transient,63.75,0,2
City Hotel,0,108,2016,July,29,13,0,4,2,0.0,0,SC,NZL,Online TA,TA/TO,0,0,0,A,A,0,No Deposit,9.0,0,Transient,94.5,0,0
City Hotel,0,177,2016,July,29,14,0,3,2,0.0,0,BB,PRT,Direct,Direct,0,0,0,A,A,0,No Deposit,,0,Transient,85.5,0,1
City Hotel,0,5,2016,July,29,14,0,3,2,0.0,0,BB,FRA,Online TA,TA/TO,0,0,0,D,D,0,No Deposit,7.0,0,Transient,121.43,0,1
City Hotel,0,257,2016,July,29,16,0,1,2,0.0,0,BB,GBR,Direct,Direct,0,0,0,B,B,0,No Deposit,14.0,0,Transient,90.5,0,0
City Hotel,0,141,2016,July,29,14,0,3,2,0.0,0,SC,CN,Online TA,TA/TO,0,0,0,A,A,2,No Deposit,9.0,0,Transient-Party,94.5,0,1
City Hotel,0,134,2016,July,29,13,0,4,2,0.0,0,SC,IRL,Online TA,TA/TO,0,0,0,A,A,0,No Deposit,9.0,0,Transient-Party,89.25,0,0
City Hotel,0,91,2016,July,29,13,0,4,2,0.0,0,BB,CHE,Online TA,TA/TO,0,0,0,D,A,0,No Deposit,9.0,0,Transient,118.8,0,1
City Hotel,0,107,2016,July,29,13,0,4,2,0.0,0,HB,FRA,Online TA,TA/TO,0,0,0,A,A,0,No Deposit,9.0,0,Transient,139.5,0,1
City Hotel,0,134,2016,July,29,13,0,4,2,0.0,0,SC,IRL,Online TA,TA/TO,0,0,0,A,A,0,No Deposit,9.0,0,Transient-Party,89.25,0,0
City Hotel,0,155,2016,July,29,14,0,3,2,0.0,0,BB,FRA,Offline TA/TO,TA/TO,0,0,0,A,D,0,No Deposit,28.0,0,Transient,112.0,0,0
City Hotel,0,158,2016,July,29,16,0,1,2,0.0,0,SC,CHE,Online TA,TA/TO,0,0,0,A,A,0,No Deposit,11.0,0,Transient,75.6,0,0
City Hotel,0,125,2016,July,29,14,0,3,2,0.0,0,BB,ESP,Direct,Direct,0,0,0,A,A,0,No Deposit,14.0,0,Transient,94.5,0,0
City Hotel,0,163,2016,July,29,14,0,3,2,0.0,0,BB,FRA,Offline TA/TO,TA/TO,0,0,0,A,A,0,No Deposit,28.0,0,Transient-Party,112.0,0,1
City Hotel,0,171,2016,July,29,14,0,3,2,0.0,0,BB,AUT,Online TA,TA/TO,0,0,0,A,A,0,No Deposit,9.0,0,Transient,105.3,0,1
City Hotel,0,0,2016,July,30,17,0,0,2,0.0,0,BB,PRT,Direct,Direct,1,0,0,A,A,0,No Deposit,,0,Transient,0.0,0,0
City Hotel,0,134,2016,July,29,13,0,4,2,0.0,0,SC,IRL,Online TA,TA/TO,0,0,0,A,A,0,No Deposit,9.0,0,Transient-Party,89.25,0,1
City Hotel,0,5,2016,July,29,14,1,3,2,0.0,0,SC,FRA,Online TA,TA/TO,0,0,0,A,A,0,No Deposit,9.0,0,Transient,139.0,0,1
City Hotel,0,88,2016,July,29,13,1,4,2,0.0,0,BB,FRA,Online TA,TA/TO,0,0,0,D,A,0,No Deposit,9.0,0,Transient,120.8,0,2
City Hotel,0,85,2016,July,29,13,1,4,2,0.0,0,BB,FRA,Online TA,TA/TO,0,0,0,D,A,0,No Deposit,7.0,0,Transient,91.48,0,1
City Hotel,0,85,2016,July,29,13,1,4,2,0.0,0,BB,FRA,Online TA,TA/TO,0,0,0,D,A,0,No Deposit,7.0,0,Transient,91.48,0,1
City Hotel,0,7,2016,July,29,16,1,1,2,0.0,0,SC,DEU,Online TA,TA/TO,0,0,0,A,A,0,No Deposit,9.0,0,Transient,139.0,0,0
City Hotel,0,90,2016,July,30,17,1,0,2,0.0,0,BB,PRT,Direct,Direct,0,0,0,A,A,0,No Deposit,,0,Transient,94.5,0,0
City Hotel,0,113,2016,July,29,14,1,3,2,0.0,0,BB,GBR,Offline TA/TO,TA/TO,0,0,0,A,A,0,No Deposit,22.0,0,Transient,72.25,0,0
City Hotel,0,240,2016,July,29,13,1,4,2,0.0,0,BB,FRA,Online TA,TA/TO,0,0,0,A,A,0,No Deposit,8.0,0,Transient,90.95,0,0
City Hotel,0,184,2016,July,29,16,1,1,2,0.0,0,HB,PRT,Groups,TA/TO,0,0,0,A,A,0,No Deposit,1.0,0,Transient-Party,125.0,0,1
City Hotel,0,165,2016,July,30,17,1,0,2,0.0,0,SC,AUS,Online TA,TA/TO,0,0,0,A,A,0,No Deposit,9.0,0,Transient,94.5,0,0
City Hotel,0,184,2016,July,29,16,1,1,2,0.0,0,HB,ITA,Groups,TA/TO,0,0,0,A,A,0,No Deposit,1.0,0,Transient-Party,125.0,0,1
City Hotel,0,1,2016,July,29,16,1,1,2,0.0,0,BB,PRT,Direct,Direct,0,0,0,A,A,2,No Deposit,14.0,0,Transient,139.5,0,0
City Hotel,0,184,2016,July,29,16,1,1,2,0.0,0,HB,ITA,Groups,TA/TO,0,0,0,A,B,1,No Deposit,1.0,0,Transient-Party,125.0,0,1
City Hotel,0,184,2016,July,29,16,1,1,2,0.0,0,HB,ITA,Groups,TA/TO,0,0,0,A,A,0,No Deposit,1.0,0,Transient-Party,125.0,0,1
City Hotel,0,184,2016,July,29,16,1,1,2,0.0,0,HB,ITA,Groups,TA/TO,0,0,0,A,A,1,No Deposit,1.0,0,Transient-Party,125.0,0,1
City Hotel,0,91,2016,July,29,15,1,2,2,0.0,0,BB,PRT,Offline TA/TO,TA/TO,0,0,0,D,D,0,No Deposit,3.0,0,Transient,82.45,0,0
City Hotel,0,184,2016,July,29,16,1,1,2,0.0,0,HB,ITA,Groups,TA/TO,0,0,0,A,A,0,No Deposit,1.0,0,Transient-Party,125.0,0,1
City Hotel,0,104,2016,July,29,16,1,1,2,0.0,0,BB,PRT,Online TA,TA/TO,0,0,0,A,A,0,No Deposit,7.0,0,Transient,77.03,0,1
City Hotel,0,87,2016,July,29,14,1,3,2,0.0,0,SC,PRT,Online TA,TA/TO,0,0,0,A,A,0,No Deposit,9.0,0,Transient,94.5,0,1
City Hotel,0,8,2016,July,29,15,1,2,2,0.0,0,BB,NLD,Online TA,TA/TO,0,0,0,A,A,0,No Deposit,9.0,0,Transient,154.33,0,0
City Hotel,0,154,2016,July,29,13,1,4,2,0.0,0,BB,FRA,Offline TA/TO,TA/TO,0,0,0,A,A,0,No Deposit,28.0,0,Transient,112.0,0,0
City Hotel,0,83,2016,July,29,14,1,3,2,0.0,0,BB,FRA,Online TA,TA/TO,0,0,0,A,A,0,No Deposit,9.0,0,Transient,105.3,0,2
City Hotel,0,174,2016,July,29,13,1,4,2,0.0,0,SC,IRL,Online TA,TA/TO,0,0,0,A,A,0,No Deposit,9.0,0,Transient,80.75,0,0
City Hotel,0,1,2016,July,30,17,1,0,2,0.0,0,BB,AUS,Online TA,TA/TO,0,0,0,D,D,0,No Deposit,9.0,0,Transient,146.0,0,1
City Hotel,0,142,2016,July,29,13,1,4,2,0.0,0,BB,DEU,Offline TA/TO,TA/TO,0,0,0,A,A,0,No Deposit,16.0,0,Transient,72.25,0,2
City Hotel,0,141,2016,July,29,13,1,4,2,0.0,0,BB,DEU,Offline TA/TO,TA/TO,0,0,0,A,A,0,No Deposit,16.0,0,Transient,72.25,0,2
City Hotel,0,26,2016,July,29,15,1,2,2,0.0,0,BB,PRT,Online TA,TA/TO,0,0,0,A,A,0,No Deposit,9.0,0,Transient,151.0,0,1
City Hotel,0,200,2016,July,29,15,1,2,2,0.0,0,BB,AUT,Offline TA/TO,TA/TO,0,0,0,A,A,0,No Deposit,27.0,0,Transient,72.25,0,0
City Hotel,0,103,2016,July,29,12,1,5,2,0.0,0,BB,ROU,Online TA,TA/TO,0,0,0,A,A,0,No Deposit,9.0,0,Transient,114.3,1,1
City Hotel,0,184,2016,July,29,16,1,1,2,0.0,0,HB,ITA,Groups,TA/TO,0,0,0,A,B,0,No Deposit,1.0,0,Transient-Party,125.0,0,1
City Hotel,0,106,2016,July,29,13,1,4,2,0.0,0,BB,GBR,Offline TA/TO,TA/TO,0,0,0,A,A,0,No Deposit,22.0,0,Transient,72.25,0,0
City Hotel,0,126,2016,July,29,13,1,4,2,0.0,0,HB,FRA,Online TA,TA/TO,0,0,0,D,A,0,No Deposit,9.0,0,Transient-Party,144.5,0,2
City Hotel,0,157,2016,July,29,16,1,1,2,0.0,0,BB,FRA,Offline TA/TO,TA/TO,0,0,0,A,D,0,No Deposit,28.0,0,Transient,112.0,0,0
City Hotel,0,105,2016,July,29,15,1,2,2,0.0,0,BB,FRA,Online TA,TA/TO,0,0,0,D,D,0,No Deposit,9.0,0,Transient,118.8,0,1
City Hotel,0,146,2016,July,29,13,1,4,2,0.0,0,BB,GBR,Offline TA/TO,TA/TO,0,0,0,A,A,0,No Deposit,22.0,0,Transient,72.25,0,0
City Hotel,0,111,2016,July,29,16,2,1,2,0.0,0,BB,NOR,Direct,Direct,0,0,0,A,A,2,No Deposit,14.0,0,Transient,94.5,0,0
City Hotel,0,103,2016,July,29,14,2,3,2,0.0,0,SC,PRT,Online TA,TA/TO,0,0,0,A,A,0,No Deposit,9.0,0,Transient,94.5,0,1
City Hotel,0,248,2016,July,30,17,2,0,2,0.0,0,BB,GBR,Direct,Direct,0,0,0,B,B,0,No Deposit,14.0,0,Transient,90.25,0,0
City Hotel,0,250,2016,July,29,16,2,1,2,0.0,0,BB,PRT,Offline TA/TO,TA/TO,0,0,0,A,A,0,No Deposit,83.0,0,Transient,72.08,0,2
City Hotel,0,85,2016,July,30,18,1,0,2,0.0,0,BB,DEU,Online TA,TA/TO,0,0,0,A,A,0,No Deposit,9.0,0,Transient,105.3,0,0
City Hotel,0,57,2016,July,30,18,1,0,2,0.0,0,SC,USA,Online TA,TA/TO,0,0,0,A,A,0,No Deposit,11.0,0,Transient,84.6,0,0
City Hotel,0,93,2016,July,29,12,2,5,2,0.0,0,SC,GBR,Online TA,TA/TO,0,0,0,A,A,0,No Deposit,11.0,0,Transient,71.4,0,1
City Hotel,0,113,2016,July,29,15,2,2,2,0.0,0,BB,GBR,Offline TA/TO,TA/TO,0,0,0,A,A,0,No Deposit,22.0,0,Transient,72.25,0,0
City Hotel,0,132,2016,July,29,13,2,4,2,0.0,0,BB,CN,Offline TA/TO,TA/TO,0,0,0,A,A,0,No Deposit,83.0,0,Transient,79.56,0,0
City Hotel,0,278,2016,July,29,16,2,1,2,0.0,0,BB,GBR,Online TA,TA/TO,0,0,0,B,B,0,No Deposit,9.0,0,Contract,94.95,0,0
City Hotel,0,169,2016,July,29,13,2,4,2,0.0,0,BB,NLD,Offline TA/TO,TA/TO,0,0,0,A,A,0,No Deposit,121.0,0,Transient,72.25,0,0
City Hotel,0,8,2016,July,30,17,2,0,2,0.0,0,BB,ESP,Online TA,TA/TO,0,0,0,A,A,0,No Deposit,9.0,0,Transient,160.0,0,1
City Hotel,0,121,2016,July,29,16,2,1,2,0.0,0,BB,USA,Online TA,TA/TO,0,0,0,A,A,0,No Deposit,9.0,0,Transient,105.3,0,1
City Hotel,0,95,2016,July,29,15,2,2,2,0.0,0,BB,PRT,Offline TA/TO,TA/TO,0,0,0,A,A,0,No Deposit,83.0,0,Transient,79.56,0,0
City Hotel,0,109,2016,July,29,13,2,4,2,0.0,0,SC,CN,Online TA,TA/TO,0,0,0,A,A,0,No Deposit,7.0,0,Transient,68.72,0,0
City Hotel,0,91,2016,July,29,16,2,1,2,0.0,0,BB,NLD,Online TA,TA/TO,0,0,0,D,A,0,No Deposit,9.0,0,Transient,127.8,1,2
City Hotel,0,96,2016,July,29,15,2,2,2,0.0,0,BB,GBR,Direct,Direct,0,0,0,A,A,0,No Deposit,14.0,0,Transient,94.5,0,0
City Hotel,0,140,2016,July,29,15,2,2,2,0.0,0,BB,IRL,Online TA,TA/TO,0,0,0,A,A,0,No Deposit,9.0,0,Transient,99.45,0,0
City Hotel,0,91,2016,July,29,16,2,1,2,0.0,0,BB,NLD,Online TA,TA/TO,0,0,0,D,A,0,No Deposit,9.0,0,Transient,118.8,0,2
City Hotel,0,109,2016,July,29,11,3,5,2,0.0,0,BB,PRT,Online TA,TA/TO,0,0,0,D,D,0,No Deposit,8.0,0,Transient,113.26,0,1
City Hotel,0,81,2016,July,29,16,2,1,2,0.0,0,BB,USA,Offline TA/TO,TA/TO,0,0,0,A,A,3,No Deposit,,0,Transient,96.0,0,0
City Hotel,0,183,2016,July,29,16,2,1,2,0.0,0,BB,CHE,Online TA,TA/TO,0,0,0,D,D,0,No Deposit,9.0,0,Transient,105.3,0,1
City Hotel,0,278,2016,July,29,16,2,1,2,0.0,0,BB,PRT,Online TA,TA/TO,0,0,0,B,B,0,No Deposit,9.0,0,Contract,103.95,1,0
City Hotel,0,80,2016,July,29,15,2,2,2,0.0,0,BB,PRT,Offline TA/TO,TA/TO,0,0,0,A,A,0,No Deposit,85.0,0,Transient,72.25,0,0
City Hotel,0,112,2016,July,29,11,3,5,2,0.0,0,SC,NLD,Online TA,TA/TO,0,0,0,A,A,0,No Deposit,9.0,0,Transient,95.63,0,1
City Hotel,0,175,2016,July,29,15,2,2,2,0.0,0,BB,ROU,Online TA,TA/TO,0,0,0,A,A,0,No Deposit,9.0,0,Transient,90.95,0,1
City Hotel,0,135,2016,July,30,17,2,0,2,0.0,0,BB,PRT,Online TA,TA/TO,0,0,0,D,E,0,No Deposit,8.0,0,Transient,127.8,0,2
City Hotel,0,109,2016,July,29,13,2,4,2,0.0,0,HB,FRA,Offline TA/TO,TA/TO,0,0,0,A,A,0,No Deposit,42.0,0,Transient,97.75,0,0
City Hotel,0,0,2016,July,30,19,0,0,2,0.0,0,BB,GBR,Direct,Direct,1,0,0,A,A,0,No Deposit,,0,Transient,0.0,0,0
City Hotel,0,112,2016,July,30,18,1,1,2,0.0,0,BB,DEU,Online TA,TA/TO,0,0,0,A,A,1,No Deposit,9.0,0,Transient,104.5,0,1
City Hotel,0,160,2016,July,30,17,2,1,2,0.0,0,BB,DEU,Online TA,TA/TO,0,0,0,A,A,0,No Deposit,9.0,0,Transient,102.3,0,0
City Hotel,0,87,2016,July,29,11,3,6,2,0.0,0,BB,DEU,Offline TA/TO,TA/TO,0,0,0,A,A,0,No Deposit,3.0,0,Transient,72.25,0,0
City Hotel,0,18,2016,July,30,17,2,1,2,0.0,0,BB,PRT,Offline TA/TO,TA/TO,0,0,0,A,A,0,No Deposit,138.0,0,Transient,85.0,0,0
City Hotel,0,120,2016,July,30,18,1,1,2,0.0,0,SC,PRT,Online TA,TA/TO,0,0,0,A,A,0,No Deposit,9.0,0,Transient,94.5,0,0
City Hotel,0,120,2016,July,30,18,1,1,2,0.0,0,SC,PRT,Online TA,TA/TO,0,0,0,A,A,0,No Deposit,9.0,0,Transient,94.5,0,0
City Hotel,0,32,2016,July,30,18,1,1,2,0.0,0,BB,FRA,Offline TA/TO,TA/TO,0,0,0,A,A,0,No Deposit,39.0,0,Transient-Party,105.0,0,1
City Hotel,0,32,2016,July,30,18,1,1,2,0.0,0,BB,FRA,Offline TA/TO,TA/TO,0,0,0,A,A,2,No Deposit,39.0,0,Transient-Party,105.0,0,1
City Hotel,0,32,2016,July,30,18,1,1,2,0.0,0,BB,FRA,Offline TA/TO,TA/TO,0,0,0,A,A,0,No Deposit,39.0,0,Transient-Party,105.0,0,1
City Hotel,0,32,2016,July,30,18,1,1,2,0.0,0,BB,FRA,Offline TA/TO,TA/TO,0,0,0,A,A,0,No Deposit,39.0,0,Transient-Party,105.0,0,1
City Hotel,0,143,2016,July,29,16,2,2,2,0.0,0,HB,GBR,Online TA,TA/TO,0,0,0,D,A,1,No Deposit,15.0,0,Transient,115.6,0,0
City Hotel,0,168,2016,July,30,18,1,1,2,0.0,0,BB,FRA,Offline TA/TO,TA/TO,0,0,0,D,A,0,No Deposit,85.0,0,Transient,91.45,0,0
City Hotel,0,101,2016,July,29,13,2,5,2,0.0,0,BB,FRA,Direct,Direct,0,0,0,A,A,1,No Deposit,14.0,0,Transient,97.75,0,0
City Hotel,0,146,2016,July,29,16,2,2,2,0.0,0,BB,PRT,Online TA,TA/TO,0,0,0,A,A,0,No Deposit,9.0,0,Transient,99.45,0,1
City Hotel,0,63,2016,July,30,18,1,1,2,0.0,0,BB,PRT,Online TA,TA/TO,0,0,0,A,A,0,No Deposit,9.0,0,Transient,114.3,1,2
City Hotel,0,130,2016,July,30,17,2,1,2,0.0,0,BB,IRL,Online TA,TA/TO,0,0,0,A,A,0,No Deposit,9.0,0,Transient,105.3,0,0
City Hotel,0,155,2016,July,30,18,1,1,2,0.0,0,SC,NLD,Online TA,TA/TO,0,0,0,A,A,0,No Deposit,9.0,0,Transient,103.5,0,0
City Hotel,0,62,2016,July,30,17,2,1,2,0.0,0,BB,FRA,Online TA,TA/TO,0,0,0,A,A,0,No Deposit,9.0,0,Transient,105.3,0,1
City Hotel,0,104,2016,July,30,19,0,1,2,0.0,0,BB,ITA,Online TA,TA/TO,0,0,0,A,A,0,No Deposit,9.0,0,Transient,105.3,0,1
City Hotel,0,156,2016,July,29,16,2,2,2,0.0,0,BB,ROU,Offline TA/TO,TA/TO,0,0,0,A,A,0,No Deposit,118.0,0,Transient-Party,72.25,0,1
City Hotel,0,141,2016,July,30,17,2,1,2,0.0,0,BB,FRA,Online TA,TA/TO,0,0,0,A,A,0,No Deposit,9.0,0,Transient-Party,105.3,0,2
City Hotel,0,141,2016,July,30,17,2,1,2,0.0,0,BB,PRT,Online TA,TA/TO,0,0,0,A,A,0,No Deposit,9.0,0,Transient-Party,105.3,0,2
City Hotel,0,68,2016,July,30,18,1,1,2,0.0,0,BB,SWE,Online TA,TA/TO,0,0,0,A,A,0,No Deposit,9.0,0,Transient,105.3,0,1
City Hotel,0,95,2016,July,29,14,2,4,2,0.0,0,BB,SWE,Online TA,TA/TO,0,0,0,D,D,0,No Deposit,9.0,0,Transient,118.8,0,1
City Hotel,0,59,2016,July,29,15,2,3,2,0.0,0,BB,LUX,Direct,Direct,0,0,0,E,E,2,No Deposit,14.0,0,Transient,82.83,0,0
City Hotel,0,92,2016,July,29,15,2,3,2,0.0,0,BB,FIN,Offline TA/TO,TA/TO,0,0,0,A,A,0,No Deposit,85.0,0,Transient,72.25,0,2
City Hotel,0,132,2016,July,30,17,2,1,2,0.0,0,BB,IRL,Offline TA/TO,TA/TO,0,0,0,A,A,0,No Deposit,22.0,0,Transient,72.25,0,0
City Hotel,0,136,2016,July,29,13,2,5,2,0.0,0,HB,CHE,Online TA,TA/TO,0,0,0,A,A,0,No Deposit,9.0,0,Transient-Party,131.75,0,0
City Hotel,0,0,2016,July,30,19,0,1,2,0.0,0,BB,PRT,Direct,Direct,0,0,0,A,A,0,No Deposit,,0,Transient,139.0,0,0
City Hotel,0,161,2016,July,29,16,2,2,2,0.0,0,SC,GBR,Online TA,TA/TO,0,0,0,A,A,0,No Deposit,9.0,0,Transient,87.13,0,1
City Hotel,0,161,2016,July,29,16,2,2,2,0.0,0,SC,GBR,Online TA,TA/TO,0,0,0,A,A,0,No Deposit,9.0,0,Transient,87.13,0,1
City Hotel,0,17,2016,July,30,17,2,1,2,0.0,0,SC,FRA,Offline TA/TO,TA/TO,0,0,0,A,A,0,No Deposit,138.0,0,Transient,75.0,0,0
City Hotel,0,53,2016,July,30,18,1,1,2,0.0,0,BB,PRT,Online TA,TA/TO,0,0,0,A,A,0,No Deposit,9.0,0,Transient,114.3,0,0
City Hotel,0,175,2016,July,29,10,4,6,2,0.0,0,BB,NOR,Online TA,TA/TO,0,0,0,D,D,0,No Deposit,8.0,0,Transient,99.45,0,1
City Hotel,0,112,2016,July,30,17,2,2,2,0.0,0,SC,SWE,Online TA,TA/TO,0,0,0,A,A,0,No Deposit,9.0,0,Transient,94.5,0,1
City Hotel,0,112,2016,July,30,17,2,2,2,0.0,0,SC,PRT,Online TA,TA/TO,0,0,0,A,A,0,No Deposit,9.0,0,Transient,94.5,0,1
City Hotel,0,9,2016,July,30,20,0,1,2,0.0,0,SC,AUT,Online TA,TA/TO,0,0,0,A,A,0,No Deposit,9.0,0,Transient,108.0,0,1
City Hotel,0,168,2016,July,30,18,1,2,2,0.0,0,BB,DEU,Online TA,TA/TO,0,0,0,D,D,0,No Deposit,9.0,0,Transient-Party,112.8,0,1
City Hotel,0,12,2016,July,30,19,0,2,2,0.0,0,SC,SWE,Online TA,TA/TO,0,0,0,A,A,0,No Deposit,8.0,0,Transient,114.0,0,1
City Hotel,0,89,2016,July,30,17,2,2,2,0.0,0,BB,GBR,Offline TA/TO,TA/TO,0,0,0,A,A,0,No Deposit,22.0,0,Transient,72.25,0,3
City Hotel,0,89,2016,July,30,17,2,2,2,0.0,0,BB,GBR,Offline TA/TO,TA/TO,0,0,0,A,A,0,No Deposit,22.0,0,Transient,72.25,0,3
City Hotel,0,5,2016,July,30,20,0,1,2,0.0,0,BB,PRT,Online TA,TA/TO,0,0,0,A,A,0,No Deposit,9.0,0,Transient,111.0,0,1
City Hotel,0,187,2016,July,30,19,0,2,2,0.0,0,BB,GBR,Online TA,TA/TO,0,0,0,D,A,0,No Deposit,9.0,0,Transient,105.3,0,0
City Hotel,0,0,2016,July,30,20,0,1,2,0.0,0,SC,USA,Direct,Direct,0,0,0,A,A,0,No Deposit,14.0,0,Transient,99.0,0,0
City Hotel,0,9,2016,July,29,14,2,5,2,0.0,0,BB,GBR,Online TA,TA/TO,0,0,0,D,D,0,No Deposit,9.0,0,Transient,160.29,0,1
City Hotel,0,124,2016,July,30,17,2,2,2,0.0,0,BB,FRA,Online TA,TA/TO,0,0,0,A,A,2,No Deposit,9.0,0,Transient,99.45,0,1
City Hotel,0,51,2016,July,30,18,1,2,2,0.0,0,BB,ESP,Online TA,TA/TO,0,0,0,A,A,0,No Deposit,9.0,0,Transient,132.9,0,1
City Hotel,0,60,2016,July,30,20,0,1,2,0.0,0,BB,USA,Online TA,TA/TO,0,0,0,A,A,0,No Deposit,7.0,0,Transient,81.08,0,1
City Hotel,0,53,2016,July,30,18,1,2,2,0.0,0,SC,CN,Online TA,TA/TO,0,0,0,A,A,0,No Deposit,7.0,0,Transient,72.76,0,2
City Hotel,0,89,2016,July,30,17,2,2,2,0.0,0,BB,BEL,Online TA,TA/TO,0,0,0,A,A,0,No Deposit,9.0,0,Transient,105.3,0,1
City Hotel,0,1,2016,July,30,20,0,1,2,0.0,0,BB,PRT,Online TA,TA/TO,0,0,0,A,A,0,No Deposit,9.0,0,Transient,111.0,0,1
City Hotel,0,177,2016,July,30,18,1,2,2,0.0,0,BB,PRT,Online TA,TA/TO,0,0,0,A,A,0,No Deposit,11.0,0,Transient,77.03,0,0
City Hotel,0,30,2016,July,29,15,2,4,2,0.0,0,SC,BRA,Online TA,TA/TO,0,0,0,A,A,1,No Deposit,9.0,0,Transient,119.1,0,1
City Hotel,0,179,2016,July,30,17,2,2,2,0.0,0,BB,BEL,Online TA,TA/TO,0,0,0,A,A,0,No Deposit,9.0,0,Transient,90.95,0,1
City Hotel,0,179,2016,July,30,17,2,2,2,0.0,0,BB,BEL,Online TA,TA/TO,0,0,0,A,A,0,No Deposit,9.0,0,Transient,90.95,0,1
City Hotel,0,179,2016,July,30,17,2,2,2,0.0,0,BB,BEL,Online TA,TA/TO,0,0,0,A,A,0,No Deposit,9.0,0,Transient,90.95,0,1
City Hotel,0,179,2016,July,30,17,2,2,2,0.0,0,BB,BEL,Online TA,TA/TO,0,0,0,A,A,0,No Deposit,9.0,0,Transient,90.95,0,1
City Hotel,0,179,2016,July,30,17,2,2,2,0.0,0,BB,BEL,Online TA,TA/TO,0,0,0,A,A,0,No Deposit,9.0,0,Transient,90.95,0,1
City Hotel,0,49,2016,July,30,17,2,2,2,0.0,0,BB,NOR,Online TA,TA/TO,0,0,0,A,A,0,No Deposit,9.0,0,Transient,126.9,0,1
City Hotel,0,1,2016,July,30,20,0,1,2,0.0,0,BB,PRT,Online TA,TA/TO,0,0,0,A,A,0,No Deposit,9.0,0,Transient,111.0,0,0
City Hotel,0,1,2016,July,30,20,0,1,2,0.0,0,BB,PRT,Online TA,TA/TO,0,0,0,A,A,0,No Deposit,9.0,0,Transient,111.0,0,0
City Hotel,0,186,2016,July,30,18,1,2,2,0.0,0,BB,ESP,Online TA,TA/TO,0,0,0,A,A,0,No Deposit,9.0,0,Transient,105.3,1,1
City Hotel,0,64,2016,July,30,18,1,2,2,0.0,0,BB,AUT,Online TA,TA/TO,0,0,0,A,A,0,No Deposit,7.0,0,Transient,81.08,0,1
City Hotel,0,1,2016,July,30,20,0,1,2,0.0,0,SC,PRT,Online TA,TA/TO,0,0,0,A,A,0,No Deposit,9.0,0,Transient,108.0,0,0
City Hotel,0,29,2016,July,29,16,2,3,2,0.0,0,BB,BEL,Online TA,TA/TO,0,0,0,A,A,0,No Deposit,9.0,0,Transient,131.72,0,2
City Hotel,0,138,2016,July,29,16,2,3,2,0.0,0,BB,NOR,Online TA,TA/TO,0,0,0,A,A,1,No Deposit,9.0,0,Transient-Party,109.25,0,0
City Hotel,0,1,2016,July,30,20,0,1,2,0.0,0,BB,PRT,Direct,Direct,0,0,0,A,A,0,No Deposit,14.0,0,Transient,118.0,1,0
City Hotel,0,12,2016,July,30,18,1,2,2,0.0,0,BB,ESP,Online TA,TA/TO,0,0,0,D,D,0,No Deposit,9.0,0,Transient,149.33,0,1
City Hotel,0,159,2016,July,30,19,0,2,2,0.0,0,BB,NLD,Online TA,TA/TO,0,0,0,A,A,0,No Deposit,9.0,0,Transient,105.3,1,0
City Hotel,0,112,2016,July,30,18,1,2,2,0.0,0,BB,BEL,Online TA,TA/TO,0,0,0,A,A,0,No Deposit,9.0,0,Transient,105.3,0,2
City Hotel,0,1,2016,July,30,20,0,1,2,0.0,0,SC,FRA,Online TA,TA/TO,0,0,0,A,A,0,No Deposit,9.0,0,Transient,99.0,0,1
City Hotel,0,112,2016,July,30,18,1,2,2,0.0,0,BB,BEL,Online TA,TA/TO,0,0,0,A,A,0,No Deposit,9.0,0,Transient,105.3,0,1
City Hotel,0,0,2016,July,30,18,1,2,2,0.0,0,BB,NZL,Direct,Direct,0,0,0,A,A,0,No Deposit,14.0,0,Transient,129.0,0,0
City Hotel,0,117,2016,July,30,19,0,2,2,0.0,0,BB,GBR,Online TA,TA/TO,0,0,0,A,A,0,No Deposit,9.0,0,Transient,105.3,0,1
City Hotel,0,0,2016,July,30,20,0,1,2,0.0,0,HB,PRT,Offline TA/TO,TA/TO,0,0,0,A,A,1,No Deposit,28.0,0,Transient,0.0,0,0
City Hotel,0,155,2016,July,29,14,2,5,2,0.0,0,SC,BGR,Online TA,TA/TO,0,0,0,A,A,0,No Deposit,9.0,0,Transient,86.82,0,2
City Hotel,0,13,2016,July,30,20,0,1,2,0.0,0,BB,PRT,Online TA,TA/TO,0,0,0,D,D,0,No Deposit,9.0,0,Transient,116.0,0,2
City Hotel,0,13,2016,July,30,20,0,1,2,0.0,0,BB,PRT,Online TA,TA/TO,0,0,0,D,D,0,No Deposit,9.0,0,Transient,116.0,0,2
City Hotel,0,12,2016,July,30,19,0,2,2,0.0,0,SC,GBR,Online TA,TA/TO,0,0,0,A,A,0,No Deposit,7.0,0,Transient,87.78,0,2
City Hotel,0,117,2016,July,30,19,0,2,2,0.0,0,BB,PRT,Online TA,TA/TO,0,0,0,A,A,0,No Deposit,9.0,0,Transient,105.3,0,2
City Hotel,0,1,2016,July,30,20,0,1,2,0.0,0,SC,PRT,Online TA,TA/TO,0,0,0,A,A,0,No Deposit,9.0,0,Transient,108.0,0,1
City Hotel,0,1,2016,July,30,20,0,1,2,0.0,0,BB,PRT,Online TA,TA/TO,0,0,0,A,A,0,No Deposit,9.0,0,Transient,111.0,0,2
City Hotel,0,1,2016,July,30,20,0,1,2,0.0,0,BB,PRT,Online TA,TA/TO,0,0,0,A,A,0,No Deposit,9.0,0,Transient,111.0,0,1
City Hotel,0,92,2016,July,30,17,2,2,2,0.0,0,BB,ESP,Online TA,TA/TO,0,0,0,A,A,1,No Deposit,9.0,0,Transient,123.5,1,0
City Hotel,0,168,2016,July,30,18,1,2,2,0.0,0,BB,DEU,Online TA,TA/TO,0,0,0,D,D,0,No Deposit,9.0,0,Transient-Party,112.8,0,1
City Hotel,0,7,2016,July,30,20,0,1,2,0.0,0,SC,NLD,Online TA,TA/TO,0,0,0,A,A,0,No Deposit,9.0,0,Transient,99.0,0,1
City Hotel,0,1,2016,July,30,21,0,1,2,0.0,0,SC,NOR,Offline TA/TO,TA/TO,0,0,0,A,A,0,No Deposit,,0,Transient,80.0,0,0
City Hotel,0,1,2016,July,30,21,0,1,2,0.0,0,SC,NOR,Offline TA/TO,TA/TO,0,0,0,A,A,0,No Deposit,,0,Transient,80.0,0,0
City Hotel,0,189,2016,July,30,17,2,3,2,0.0,0,BB,DEU,Direct,Direct,0,0,0,A,A,1,No Deposit,14.0,0,Transient,80.75,0,0
City Hotel,0,157,2016,July,29,16,2,4,2,0.0,0,HB,ITA,Offline TA/TO,TA/TO,0,0,0,A,A,0,No Deposit,83.0,0,Transient,107.29,0,0
City Hotel,0,61,2016,July,30,17,2,3,2,0.0,0,BB,FIN,Online TA,TA/TO,0,0,0,D,D,0,No Deposit,9.0,0,Transient,120.6,0,1
City Hotel,0,42,2016,July,30,18,1,3,2,0.0,0,BB,ESP,Online TA,TA/TO,0,0,0,A,A,0,No Deposit,9.0,0,Transient,135.9,1,1
City Hotel,0,1,2016,July,30,21,0,1,2,0.0,0,BB,PRT,Online TA,TA/TO,0,0,0,D,D,0,No Deposit,9.0,0,Transient,146.0,0,0
City Hotel,0,62,2016,July,30,18,1,3,2,0.0,0,SC,FRA,Online TA,TA/TO,0,0,0,A,A,0,No Deposit,7.0,0,Transient,70.78,0,1
City Hotel,0,2,2017,July,30,23,1,0,2,0.0,0,BB,PRT,Corporate,Corporate,1,0,1,A,D,1,No Deposit,,0,Transient,75.0,0,0
City Hotel,0,164,2016,July,30,19,0,3,2,0.0,0,SC,NOR,Online TA,TA/TO,0,0,0,A,A,0,No Deposit,9.0,0,Transient,88.5,0,1
City Hotel,0,179,2016,July,30,19,0,3,2,0.0,0,BB,CHE,Offline TA/TO,TA/TO,0,0,0,A,A,0,No Deposit,16.0,0,Transient-Party,72.25,0,1
City Hotel,0,3,2016,July,30,21,0,1,2,0.0,0,BB,GBR,Offline TA/TO,TA/TO,0,0,0,A,D,0,No Deposit,138.0,0,Transient,85.0,0,0
City Hotel,0,179,2016,July,30,19,0,3,2,0.0,0,BB,CHE,Offline TA/TO,TA/TO,0,0,0,A,A,0,No Deposit,16.0,0,Transient-Party,81.25,0,1
City Hotel,0,99,2016,July,30,18,1,3,2,0.0,0,HB,ESP,Online TA,TA/TO,0,0,0,A,A,0,No Deposit,9.0,0,Transient,141.75,0,2
City Hotel,0,99,2016,July,30,18,1,3,2,0.0,0,HB,PRT,Online TA,TA/TO,0,0,0,A,A,0,No Deposit,9.0,0,Transient,141.75,0,2
City Hotel,0,116,2016,July,29,16,2,4,2,0.0,0,SC,IRL,Online TA,TA/TO,0,0,0,A,A,0,No Deposit,9.0,0,Transient,96.0,0,1
City Hotel,0,67,2016,July,30,20,0,2,2,0.0,0,BB,AUT,Online TA,TA/TO,0,0,0,D,D,0,No Deposit,9.0,0,Transient,123.3,0,1
City Hotel,0,13,2016,July,30,21,0,1,2,0.0,0,BB,IND,Corporate,Corporate,0,0,0,E,E,0,No Deposit,,0,Transient,158.95,0,1
City Hotel,0,67,2016,July,30,20,0,2,2,0.0,0,BB,PRT,Online TA,TA/TO,0,0,0,D,D,0,No Deposit,9.0,0,Transient,123.3,0,1
City Hotel,0,103,2016,July,29,15,2,5,2,0.0,0,BB,DNK,Online TA,TA/TO,0,0,0,A,A,0,No Deposit,9.0,0,Transient,106.59,0,1
City Hotel,0,182,2016,July,30,17,2,3,2,0.0,0,BB,BEL,Direct,Direct,0,0,0,A,A,0,No Deposit,14.0,0,Transient,80.75,0,1
City Hotel,0,0,2016,July,30,18,1,3,2,0.0,0,BB,DEU,Direct,Direct,0,0,0,A,B,0,No Deposit,,0,Transient,139.0,0,0
City Hotel,0,140,2016,July,30,18,1,3,2,0.0,0,BB,FRA,Online TA,TA/TO,0,0,0,D,D,0,No Deposit,9.0,0,Transient-Party,114.33,0,0
City Hotel,0,78,2016,July,30,17,2,3,2,0.0,0,BB,ESP,Online TA,TA/TO,0,0,0,A,A,1,No Deposit,9.0,0,Transient,107.1,0,1
City Hotel,0,140,2016,July,30,18,1,3,2,0.0,0,BB,FRA,Online TA,TA/TO,0,0,0,D,D,0,No Deposit,9.0,0,Transient-Party,114.33,0,1
City Hotel,0,29,2016,July,30,18,1,3,2,0.0,0,BB,FRA,Online TA,TA/TO,0,0,0,A,A,0,No Deposit,9.0,0,Transient,130.68,0,1
City Hotel,0,29,2016,July,30,18,1,3,2,0.0,0,BB,FRA,Online TA,TA/TO,0,0,0,D,D,0,No Deposit,9.0,0,Transient,144.55,0,1
City Hotel,0,189,2016,July,30,17,2,3,2,0.0,0,BB,GBR,Online TA,TA/TO,0,0,0,D,D,0,No Deposit,9.0,0,Transient-Party,99.45,0,1
City Hotel,0,189,2016,July,30,17,2,3,2,0.0,0,BB,GBR,Online TA,TA/TO,0,0,0,D,D,0,No Deposit,9.0,0,Transient-Party,99.45,0,1
City Hotel,0,189,2016,July,30,17,2,3,2,0.0,0,BB,GBR,Online TA,TA/TO,0,0,0,D,D,0,No Deposit,9.0,0,Transient-Party,99.45,0,1
City Hotel,0,177,2016,July,30,19,0,3,2,0.0,0,BB,DEU,Online TA,TA/TO,0,0,0,A,A,0,No Deposit,9.0,0,Transient,99.3,0,1
City Hotel,0,1,2016,July,30,21,0,1,2,0.0,0,SC,FRA,Online TA,TA/TO,0,0,0,A,E,0,No Deposit,9.0,0,Transient,139.0,0,1
City Hotel,0,292,2016,July,30,21,0,2,2,0.0,0,HB,DEU,Offline TA/TO,TA/TO,0,0,0,A,A,0,No Deposit,6.0,0,Transient-Party,115.0,0,0
City Hotel,0,292,2016,July,30,21,0,2,2,0.0,0,HB,PRT,Offline TA/TO,TA/TO,0,0,0,A,A,0,No Deposit,6.0,0,Transient-Party,115.0,0,0
City Hotel,0,292,2016,July,30,21,0,2,2,0.0,0,HB,DEU,Offline TA/TO,TA/TO,0,0,0,A,A,0,No Deposit,6.0,0,Transient-Party,115.0,0,0
City Hotel,0,292,2016,July,30,21,0,2,2,0.0,0,HB,DEU,Offline TA/TO,TA/TO,0,0,0,A,D,0,No Deposit,6.0,0,Transient-Party,115.0,0,0
City Hotel,0,292,2016,July,30,21,0,2,2,0.0,0,HB,DEU,Offline TA/TO,TA/TO,0,0,0,A,A,0,No Deposit,6.0,0,Transient-Party,115.0,0,0
City Hotel,0,292,2016,July,30,21,0,2,2,0.0,0,HB,DEU,Offline TA/TO,TA/TO,0,0,0,A,A,0,No Deposit,6.0,0,Transient-Party,115.0,0,0
City Hotel,0,292,2016,July,30,21,0,2,2,0.0,0,HB,DEU,Offline TA/TO,TA/TO,0,0,0,A,A,0,No Deposit,6.0,0,Transient-Party,115.0,0,0
City Hotel,0,292,2016,July,30,21,0,2,2,0.0,0,HB,DEU,Offline TA/TO,TA/TO,0,0,0,A,A,0,No Deposit,6.0,0,Transient-Party,115.0,0,0
City Hotel,0,292,2016,July,30,21,0,2,2,0.0,0,HB,DEU,Offline TA/TO,TA/TO,0,0,0,A,A,0,No Deposit,6.0,0,Transient-Party,115.0,0,0
City Hotel,0,292,2016,July,30,21,0,2,2,0.0,0,HB,DEU,Offline TA/TO,TA/TO,0,0,0,A,A,0,No Deposit,6.0,0,Transient-Party,115.0,0,0
City Hotel,0,170,2016,July,30,19,0,4,2,0.0,0,SC,BEL,Online TA,TA/TO,0,0,0,A,A,1,No Deposit,9.0,0,Transient-Party,85.0,0,1
City Hotel,0,292,2016,July,30,21,0,2,2,0.0,0,HB,DEU,Offline TA/TO,TA/TO,0,0,0,A,A,0,No Deposit,6.0,0,Transient-Party,115.0,0,0
City Hotel,0,292,2016,July,30,21,0,2,2,0.0,0,HB,DEU,Offline TA/TO,TA/TO,0,0,0,A,A,0,No Deposit,6.0,0,Transient-Party,115.0,0,0
City Hotel,0,292,2016,July,30,21,0,2,2,0.0,0,HB,DEU,Offline TA/TO,TA/TO,0,0,0,A,A,0,No Deposit,6.0,0,Transient-Party,115.0,0,0
City Hotel,0,292,2016,July,30,21,0,2,2,0.0,0,HB,DEU,Offline TA/TO,TA/TO,0,0,0,A,A,0,No Deposit,6.0,0,Transient-Party,115.0,0,0
City Hotel,0,292,2016,July,30,21,0,2,2,0.0,0,HB,DEU,Offline TA/TO,TA/TO,0,0,0,A,A,0,No Deposit,6.0,0,Transient-Party,115.0,0,0
City Hotel,0,292,2016,July,30,21,0,2,2,0.0,0,HB,DEU,Offline TA/TO,TA/TO,0,0,0,A,A,0,No Deposit,6.0,0,Transient-Party,115.0,0,0
City Hotel,0,292,2016,July,30,21,0,2,2,0.0,0,HB,DEU,Offline TA/TO,TA/TO,0,0,0,A,A,0,No Deposit,6.0,0,Transient-Party,115.0,0,0
City Hotel,0,292,2016,July,30,21,0,2,2,0.0,0,HB,DEU,Offline TA/TO,TA/TO,0,0,0,A,A,0,No Deposit,6.0,0,Transient-Party,115.0,0,0
City Hotel,0,292,2016,July,30,21,0,2,2,0.0,0,HB,DEU,Offline TA/TO,TA/TO,0,0,0,A,A,0,No Deposit,6.0,0,Transient-Party,115.0,0,0
City Hotel,0,178,2016,July,30,20,0,3,2,0.0,0,BB,IRL,Online TA,TA/TO,0,0,0,A,A,0,No Deposit,9.0,0,Transient,102.3,0,1
City Hotel,0,14,2016,July,30,21,0,2,2,0.0,0,BB,PRT,Corporate,Corporate,0,0,0,A,B,0,No Deposit,,0,Transient-Party,105.0,0,0
City Hotel,0,119,2016,July,30,19,0,4,2,0.0,0,BB,AUS,Online TA,TA/TO,0,0,0,D,A,0,No Deposit,8.0,0,Transient,116.45,0,1
City Hotel,0,292,2016,July,30,21,0,2,2,0.0,0,HB,DEU,Offline TA/TO,TA/TO,0,0,0,A,A,0,No Deposit,6.0,0,Transient-Party,115.0,0,0
City Hotel,0,14,2016,July,30,21,0,2,2,0.0,0,BB,PRT,Corporate,Corporate,0,0,0,A,A,0,No Deposit,,0,Transient-Party,105.0,0,0
City Hotel,0,292,2016,July,30,21,0,2,2,0.0,0,HB,DEU,Offline TA/TO,TA/TO,0,0,0,A,A,0,No Deposit,6.0,0,Transient-Party,115.0,0,0
City Hotel,0,292,2016,July,30,21,0,2,2,0.0,0,HB,DEU,Offline TA/TO,TA/TO,0,0,0,A,A,0,No Deposit,6.0,0,Transient-Party,115.0,0,0
City Hotel,0,292,2016,July,30,21,0,2,2,0.0,0,HB,DEU,Offline TA/TO,TA/TO,0,0,0,A,A,0,No Deposit,6.0,0,Transient-Party,115.0,0,0
City Hotel,0,292,2016,July,30,21,0,2,2,0.0,0,HB,DEU,Offline TA/TO,TA/TO,0,0,0,A,A,0,No Deposit,6.0,0,Transient-Party,115.0,0,0
City Hotel,0,292,2016,July,30,21,0,2,2,0.0,0,HB,DEU,Offline TA/TO,TA/TO,0,0,0,A,A,0,No Deposit,6.0,0,Transient-Party,115.0,0,0
City Hotel,0,191,2016,July,29,16,2,5,2,0.0,0,BB,PRT,Online TA,TA/TO,0,0,0,A,A,0,No Deposit,9.0,0,Transient,99.95,1,1
City Hotel,0,292,2016,July,30,21,0,2,2,0.0,0,HB,DEU,Offline TA/TO,TA/TO,0,0,0,A,A,0,No Deposit,6.0,0,Transient-Party,115.0,0,0
City Hotel,0,292,2016,July,30,21,0,2,2,0.0,0,HB,PRT,Offline TA/TO,TA/TO,0,0,0,A,A,0,No Deposit,6.0,0,Transient-Party,115.0,0,0
City Hotel,0,133,2016,July,29,16,2,5,2,0.0,0,BB,CHE,Online TA,TA/TO,0,0,0,D,A,1,No Deposit,9.0,0,Transient,114.63,0,1
City Hotel,0,292,2016,July,30,21,0,2,2,0.0,0,HB,DEU,Offline TA/TO,TA/TO,0,0,0,A,A,0,No Deposit,6.0,0,Transient-Party,115.0,0,0
City Hotel,0,1,2016,July,30,22,0,1,2,0.0,0,BB,PRT,Direct,Direct,0,0,0,E,E,0,No Deposit,14.0,0,Transient,196.0,1,0
City Hotel,0,89,2016,July,29,16,2,5,2,0.0,0,HB,ESP,Online TA,TA/TO,0,0,0,D,D,1,No Deposit,9.0,0,Transient,155.57,0,2
City Hotel,0,292,2016,July,30,21,0,2,2,0.0,0,HB,DEU,Offline TA/TO,TA/TO,0,0,0,A,A,0,No Deposit,6.0,0,Transient-Party,115.0,0,0
City Hotel,0,292,2016,July,30,21,0,2,2,0.0,0,HB,DEU,Offline TA/TO,TA/TO,0,0,0,A,A,0,No Deposit,6.0,0,Transient-Party,115.0,0,0
City Hotel,0,14,2016,July,30,21,0,2,2,0.0,0,BB,PRT,Corporate,Corporate,0,0,0,A,D,0,No Deposit,,0,Transient-Party,105.0,0,0
City Hotel,0,292,2016,July,30,21,0,2,2,0.0,0,HB,DEU,Offline TA/TO,TA/TO,0,0,0,A,A,0,No Deposit,6.0,0,Transient-Party,115.0,0,0
City Hotel,0,144,2016,July,29,16,2,5,2,0.0,0,BB,CHE,Offline TA/TO,TA/TO,0,0,0,A,A,0,No Deposit,22.0,0,Transient,72.25,0,0
City Hotel,0,292,2016,July,30,21,0,2,2,0.0,0,HB,DEU,Offline TA/TO,TA/TO,0,0,0,A,A,0,No Deposit,6.0,0,Transient-Party,115.0,0,0
City Hotel,0,292,2016,July,30,21,0,2,2,0.0,0,HB,DEU,Offline TA/TO,TA/TO,0,0,0,A,A,0,No Deposit,6.0,0,Transient-Party,115.0,0,0
City Hotel,0,138,2016,July,30,18,1,4,2,0.0,0,BB,DEU,Online TA,TA/TO,0,0,0,D,D,0,No Deposit,9.0,0,Transient,115.6,0,1
City Hotel,0,14,2016,July,30,21,0,2,2,0.0,0,BB,PRT,Corporate,Corporate,0,0,0,A,A,0,No Deposit,,0,Transient-Party,105.0,0,0
City Hotel,0,14,2016,July,30,21,0,2,2,0.0,0,BB,PRT,Corporate,Corporate,0,0,0,A,A,0,No Deposit,,0,Transient-Party,105.0,0,0
City Hotel,0,14,2016,July,30,21,0,2,2,0.0,0,BB,PRT,Corporate,Corporate,0,0,0,A,A,0,No Deposit,,0,Transient-Party,105.0,0,0
City Hotel,0,292,2016,July,30,21,0,2,2,0.0,0,HB,PRT,Offline TA/TO,TA/TO,0,0,0,A,A,0,No Deposit,6.0,0,Transient-Party,115.0,0,0
City Hotel,0,292,2016,July,30,21,0,2,2,0.0,0,HB,AUT,Offline TA/TO,TA/TO,0,0,0,A,A,0,No Deposit,6.0,0,Transient-Party,115.0,0,0
City Hotel,0,292,2016,July,30,21,0,2,2,0.0,0,HB,DEU,Offline TA/TO,TA/TO,0,0,0,A,A,0,No Deposit,6.0,0,Transient-Party,115.0,0,0
City Hotel,0,292,2016,July,30,21,0,2,2,0.0,0,HB,DEU,Offline TA/TO,TA/TO,0,0,0,A,A,0,No Deposit,6.0,0,Transient-Party,115.0,0,0
City Hotel,0,292,2016,July,30,21,0,2,2,0.0,0,HB,DEU,Offline TA/TO,TA/TO,0,0,0,A,A,0,No Deposit,6.0,0,Transient-Party,115.0,0,0
City Hotel,0,292,2016,July,30,21,0,2,2,0.0,0,HB,DEU,Offline TA/TO,TA/TO,0,0,0,A,A,0,No Deposit,6.0,0,Transient-Party,115.0,0,0
City Hotel,0,292,2016,July,30,21,0,2,2,0.0,0,HB,DEU,Offline TA/TO,TA/TO,0,0,0,A,A,0,No Deposit,6.0,0,Transient-Party,115.0,0,0
City Hotel,0,292,2016,July,30,21,0,2,2,0.0,0,HB,DEU,Offline TA/TO,TA/TO,0,0,0,A,A,0,No Deposit,6.0,0,Transient-Party,115.0,0,0
City Hotel,0,292,2016,July,30,21,0,2,2,0.0,0,HB,DEU,Offline TA/TO,TA/TO,0,0,0,A,A,0,No Deposit,6.0,0,Transient-Party,115.0,0,0
City Hotel,0,292,2016,July,30,21,0,2,2,0.0,0,HB,DEU,Offline TA/TO,TA/TO,0,0,0,A,A,0,No Deposit,6.0,0,Transient-Party,115.0,0,0
City Hotel,0,292,2016,July,30,21,0,2,2,0.0,0,HB,DEU,Offline TA/TO,TA/TO,0,0,0,A,A,0,No Deposit,6.0,0,Transient-Party,115.0,0,0
City Hotel,0,292,2016,July,30,21,0,2,2,0.0,0,HB,DEU,Offline TA/TO,TA/TO,0,0,0,A,A,0,No Deposit,6.0,0,Transient-Party,115.0,0,0
City Hotel,0,292,2016,July,30,21,0,2,2,0.0,0,HB,PRT,Offline TA/TO,TA/TO,0,0,0,A,A,0,No Deposit,6.0,0,Transient-Party,115.0,0,0
City Hotel,0,292,2016,July,30,21,0,2,2,0.0,0,HB,PRT,Offline TA/TO,TA/TO,0,0,0,A,A,0,No Deposit,6.0,0,Transient-Party,115.0,0,0
City Hotel,0,292,2016,July,30,21,0,2,2,0.0,0,HB,DEU,Offline TA/TO,TA/TO,0,0,0,A,A,0,No Deposit,6.0,0,Transient-Party,115.0,0,0
City Hotel,0,292,2016,July,30,21,0,2,2,0.0,0,HB,DEU,Offline TA/TO,TA/TO,0,0,0,A,A,0,No Deposit,6.0,0,Transient-Party,115.0,0,0
City Hotel,0,292,2016,July,30,21,0,2,2,0.0,0,HB,DEU,Offline TA/TO,TA/TO,0,0,0,A,A,0,No Deposit,6.0,0,Transient-Party,115.0,0,0
City Hotel,0,292,2016,July,30,21,0,2,2,0.0,0,HB,DEU,Offline TA/TO,TA/TO,0,0,0,A,A,0,No Deposit,6.0,0,Transient-Party,115.0,0,0
City Hotel,0,292,2016,July,30,21,0,2,2,0.0,0,HB,DEU,Offline TA/TO,TA/TO,0,0,0,A,A,0,No Deposit,6.0,0,Transient-Party,115.0,0,0
City Hotel,0,292,2016,July,30,21,0,2,2,0.0,0,HB,DEU,Offline TA/TO,TA/TO,0,0,0,A,A,0,No Deposit,6.0,0,Transient-Party,115.0,0,0
City Hotel,0,292,2016,July,30,21,0,2,2,0.0,0,HB,PRT,Offline TA/TO,TA/TO,0,0,0,A,A,0,No Deposit,6.0,0,Transient-Party,115.0,0,0
City Hotel,0,292,2016,July,30,21,0,2,2,0.0,0,HB,DEU,Offline TA/TO,TA/TO,0,0,0,A,A,2,No Deposit,6.0,0,Transient-Party,112.0,0,0
City Hotel,0,14,2016,July,30,21,0,2,2,0.0,0,BB,PRT,Corporate,Corporate,0,0,0,A,A,1,No Deposit,,0,Transient-Party,105.0,0,0
City Hotel,0,83,2016,July,30,23,0,1,2,0.0,0,BB,PRT,Online TA,TA/TO,0,0,0,A,A,0,No Deposit,8.0,0,Transient,105.3,0,1
City Hotel,0,83,2016,July,30,23,0,1,2,0.0,0,BB,FRA,Online TA,TA/TO,0,0,0,A,A,0,No Deposit,8.0,0,Transient,105.3,0,1
City Hotel,0,226,2016,July,30,22,0,2,2,0.0,0,BB,USA,Groups,TA/TO,0,0,0,A,D,0,No Deposit,1.0,96,Transient-Party,76.5,0,1
City Hotel,0,226,2016,July,30,22,0,2,2,0.0,0,BB,USA,Groups,TA/TO,0,0,0,A,A,0,No Deposit,1.0,96,Transient-Party,76.5,0,1
City Hotel,0,187,2016,July,30,22,0,2,2,0.0,0,SC,FRA,Online TA,TA/TO,0,0,0,A,A,0,No Deposit,9.0,0,Transient,94.5,1,1
City Hotel,0,226,2016,July,30,22,0,2,2,0.0,0,BB,USA,Groups,TA/TO,0,0,0,A,A,0,No Deposit,1.0,96,Transient-Party,76.5,0,1
City Hotel,0,226,2016,July,30,22,0,2,2,0.0,0,BB,USA,Groups,TA/TO,0,0,0,A,A,0,No Deposit,1.0,96,Transient-Party,76.5,0,1
City Hotel,0,226,2016,July,30,22,0,2,2,0.0,0,BB,USA,Groups,TA/TO,0,0,0,A,D,0,No Deposit,1.0,96,Transient-Party,76.5,0,1
City Hotel,0,226,2016,July,30,22,0,2,2,0.0,0,BB,USA,Groups,TA/TO,0,0,0,A,A,0,No Deposit,1.0,96,Transient-Party,76.5,0,1
City Hotel,0,174,2016,July,30,21,0,3,2,0.0,0,BB,GBR,Online TA,TA/TO,0,0,0,D,D,0,No Deposit,9.0,0,Transient,115.8,0,2
City Hotel,0,226,2016,July,30,22,0,2,2,0.0,0,BB,USA,Groups,TA/TO,0,0,0,A,D,0,No Deposit,1.0,96,Transient-Party,76.5,0,1
City Hotel,0,40,2016,July,30,23,0,1,2,0.0,0,SC,CHE,Online TA,TA/TO,0,0,0,A,A,0,No Deposit,9.0,0,Transient,134.1,1,1
City Hotel,0,226,2016,July,30,22,0,2,2,0.0,0,BB,PRT,Groups,TA/TO,0,0,0,A,A,0,No Deposit,1.0,96,Transient-Party,76.5,0,1
City Hotel,0,226,2016,July,30,22,0,2,2,0.0,0,BB,PRT,Groups,TA/TO,0,0,0,A,A,0,No Deposit,1.0,96,Transient-Party,76.5,0,1
City Hotel,0,226,2016,July,30,22,0,2,2,0.0,0,BB,USA,Groups,TA/TO,0,0,0,A,D,0,No Deposit,1.0,96,Transient-Party,76.5,0,1
City Hotel,0,226,2016,July,30,22,0,2,2,0.0,0,BB,USA,Groups,TA/TO,0,0,0,A,A,0,No Deposit,1.0,96,Transient-Party,76.5,0,1
City Hotel,0,226,2016,July,30,22,0,2,2,0.0,0,BB,USA,Groups,TA/TO,0,0,0,A,E,0,No Deposit,1.0,96,Transient-Party,76.5,0,1
City Hotel,0,226,2016,July,30,22,0,2,2,0.0,0,BB,USA,Groups,TA/TO,0,0,0,A,A,0,No Deposit,1.0,96,Transient-Party,76.5,0,1
City Hotel,0,226,2016,July,30,22,0,2,2,0.0,0,BB,USA,Groups,TA/TO,0,0,0,A,A,0,No Deposit,1.0,96,Transient-Party,76.5,0,1
City Hotel,0,100,2016,July,30,22,0,2,2,0.0,0,BB,GBR,Online TA,TA/TO,0,0,0,D,D,0,No Deposit,9.0,0,Transient,123.3,0,1
City Hotel,0,226,2016,July,30,22,0,2,2,0.0,0,BB,USA,Groups,TA/TO,0,0,0,A,A,0,No Deposit,1.0,96,Transient-Party,76.5,0,1
City Hotel,0,63,2016,July,30,23,0,1,2,0.0,0,BB,PRT,Online TA,TA/TO,0,0,0,A,A,0,No Deposit,9.0,0,Transient,105.3,0,1
City Hotel,0,226,2016,July,30,22,0,2,2,0.0,0,BB,USA,Groups,TA/TO,0,0,0,A,A,0,No Deposit,1.0,96,Transient-Party,76.5,0,1
City Hotel,0,149,2016,July,30,23,0,1,2,0.0,0,BB,FRA,Online TA,TA/TO,0,0,0,D,A,1,No Deposit,9.0,0,Transient-Party,77.85,1,2
City Hotel,0,122,2016,July,29,14,2,8,2,0.0,0,BB,AUT,Online TA,TA/TO,0,0,0,A,A,0,No Deposit,9.0,0,Transient,101.15,0,1
City Hotel,0,163,2016,July,30,22,0,2,2,0.0,0,BB,PRT,Online TA,TA/TO,0,0,0,D,D,0,No Deposit,9.0,0,Transient-Party,118.8,0,1
City Hotel,0,162,2016,July,30,20,0,4,2,0.0,0,SC,PRT,Online TA,TA/TO,0,0,0,A,A,0,No Deposit,9.0,0,Transient,96.13,1,0
City Hotel,0,14,2016,July,30,22,0,2,2,0.0,0,BB,DEU,Online TA,TA/TO,0,0,0,B,B,0,No Deposit,9.0,0,Contract,86.85,0,2
City Hotel,0,259,2016,July,30,22,0,2,2,0.0,0,BB,DEU,Online TA,TA/TO,0,0,0,B,B,0,No Deposit,9.0,0,Contract,95.85,1,2
City Hotel,0,285,2016,July,30,21,0,3,2,0.0,0,BB,PRT,Online TA,TA/TO,0,0,0,A,A,0,No Deposit,9.0,0,Contract,95.4,0,1
City Hotel,0,93,2016,July,30,23,0,1,2,0.0,0,BB,GBR,Offline TA/TO,TA/TO,0,0,0,A,A,0,No Deposit,22.0,0,Transient,72.25,0,0
City Hotel,0,226,2016,July,30,22,0,2,2,0.0,0,BB,USA,Groups,TA/TO,0,0,0,A,D,0,No Deposit,1.0,96,Transient-Party,76.5,0,1
City Hotel,0,226,2016,July,30,22,0,2,2,0.0,0,BB,USA,Groups,TA/TO,0,0,0,A,A,0,No Deposit,1.0,96,Transient-Party,76.5,0,1
City Hotel,0,226,2016,July,30,22,0,2,2,0.0,0,BB,USA,Groups,TA/TO,0,0,0,A,A,0,No Deposit,1.0,96,Transient-Party,76.5,0,1
City Hotel,0,163,2016,July,30,22,0,2,2,0.0,0,SC,FRA,Online TA,TA/TO,0,0,0,A,A,0,No Deposit,9.0,0,Transient-Party,94.5,0,0
City Hotel,0,153,2016,July,30,22,0,2,2,0.0,0,BB,FRA,Online TA,TA/TO,0,0,0,A,D,0,No Deposit,9.0,0,Transient,109.8,0,1
City Hotel,0,171,2016,July,30,20,0,4,2,0.0,0,BB,ITA,Online TA,TA/TO,0,0,0,A,A,0,No Deposit,9.0,0,Transient,95.2,0,1
City Hotel,0,1,2016,July,30,23,0,1,2,0.0,0,BB,NOR,Online TA,TA/TO,0,0,0,A,A,0,No Deposit,9.0,0,Transient,160.0,0,2
City Hotel,0,63,2016,July,30,23,0,1,2,0.0,0,SC,BEL,Online TA,TA/TO,0,0,0,A,A,0,No Deposit,9.0,0,Transient,103.5,1,2
City Hotel,0,63,2016,July,30,23,0,1,2,0.0,0,SC,BEL,Online TA,TA/TO,0,0,0,A,A,0,No Deposit,9.0,0,Transient,94.5,0,2
City Hotel,0,148,2016,July,30,19,0,5,2,0.0,0,BB,SWE,Online TA,TA/TO,0,0,0,A,A,0,No Deposit,7.0,0,Transient,79.2,0,1
City Hotel,0,0,2016,July,30,23,0,1,2,0.0,0,SC,USA,Online TA,TA/TO,0,0,0,A,A,0,No Deposit,152.0,0,Transient,82.66,0,0
City Hotel,0,0,2016,July,30,23,0,1,2,0.0,0,SC,FRA,Online TA,TA/TO,0,0,0,A,A,0,No Deposit,152.0,0,Transient,103.32,0,1
City Hotel,0,172,2016,July,30,18,2,5,2,0.0,0,BB,SWE,Online TA,TA/TO,0,0,0,A,A,0,No Deposit,7.0,0,Transient,72.84,0,1
City Hotel,0,121,2016,July,30,23,1,1,2,0.0,0,BB,DNK,Online TA,TA/TO,0,0,0,A,A,0,No Deposit,9.0,0,Transient,105.3,0,0
City Hotel,0,104,2016,July,30,21,1,3,2,0.0,0,BB,ITA,Online TA,TA/TO,0,0,0,D,D,0,No Deposit,9.0,0,Transient,123.3,0,0
City Hotel,0,175,2016,July,30,23,1,1,2,0.0,0,SC,BEL,Online TA,TA/TO,0,0,0,A,A,0,No Deposit,9.0,0,Transient,85.5,0,1
City Hotel,0,175,2016,July,30,23,1,1,2,0.0,0,SC,BEL,Online TA,TA/TO,0,0,0,A,A,0,No Deposit,9.0,0,Transient-Party,85.5,0,1
City Hotel,0,104,2016,July,30,21,1,3,2,0.0,0,BB,ITA,Online TA,TA/TO,0,0,0,D,D,0,No Deposit,9.0,0,Transient,123.3,0,2
City Hotel,0,67,2016,July,30,23,1,1,2,0.0,0,BB,PRT,Offline TA/TO,TA/TO,0,0,0,A,A,0,No Deposit,85.0,0,Transient,72.25,0,0
City Hotel,0,186,2016,July,30,21,1,3,2,0.0,0,BB,PRT,Online TA,TA/TO,0,0,0,A,A,0,No Deposit,9.0,0,Transient,90.95,0,1
City Hotel,0,175,2016,July,30,23,1,1,2,0.0,0,SC,BEL,Online TA,TA/TO,0,0,0,A,A,0,No Deposit,9.0,0,Transient,85.5,0,1
City Hotel,0,175,2016,July,30,23,1,1,2,0.0,0,SC,BEL,Online TA,TA/TO,0,0,0,A,A,0,No Deposit,9.0,0,Transient,85.5,0,1
City Hotel,0,237,2016,July,31,24,1,0,2,0.0,0,BB,BEL,Direct,Direct,0,0,0,B,B,0,No Deposit,14.0,0,Transient-Party,81.45,0,0
City Hotel,0,172,2016,July,30,22,1,2,2,0.0,0,BB,PRT,Online TA,TA/TO,0,0,0,A,A,0,No Deposit,9.0,0,Transient-Party,108.3,1,1
City Hotel,0,295,2016,July,30,21,1,3,2,0.0,0,BB,BEL,Online TA,TA/TO,0,0,0,A,A,0,No Deposit,9.0,0,Contract,95.4,0,1
City Hotel,0,175,2016,July,30,23,1,1,2,0.0,0,SC,BEL,Online TA,TA/TO,0,0,0,A,A,0,No Deposit,9.0,0,Transient,85.5,0,1
City Hotel,0,175,2016,July,30,23,1,1,2,0.0,0,SC,BEL,Online TA,TA/TO,0,0,0,A,A,0,No Deposit,9.0,0,Transient,85.5,0,1
City Hotel,0,175,2016,July,30,23,1,1,2,0.0,0,SC,PRT,Online TA,TA/TO,0,0,0,A,A,0,No Deposit,9.0,0,Transient-Party,85.5,0,2
City Hotel,0,96,2016,July,30,23,1,1,2,0.0,0,BB,BEL,Direct,Direct,0,0,0,A,A,0,No Deposit,14.0,0,Transient,94.5,0,0
City Hotel,0,65,2016,July,30,23,1,1,2,0.0,0,SC,PRT,Online TA,TA/TO,0,0,0,A,A,0,No Deposit,9.0,0,Transient,94.5,0,1
City Hotel,0,126,2016,July,30,18,2,5,2,0.0,0,HB,FRA,Online TA,TA/TO,0,0,0,A,A,0,No Deposit,9.0,0,Transient,134.18,0,1
City Hotel,0,196,2016,July,30,20,1,4,2,0.0,0,BB,BEL,Direct,Direct,0,0,0,B,B,0,No Deposit,,0,Transient-Party,79.27,0,0
City Hotel,0,12,2016,July,31,24,1,0,2,0.0,0,SC,ESP,Online TA,TA/TO,0,0,0,A,A,0,No Deposit,9.0,0,Transient,139.0,0,0
City Hotel,0,196,2016,July,30,20,1,4,2,0.0,0,BB,BEL,Direct,Direct,0,0,0,B,B,0,No Deposit,,0,Transient-Party,79.26,0,0
City Hotel,0,12,2016,July,31,24,1,0,2,0.0,0,SC,PRT,Online TA,TA/TO,0,0,0,A,A,0,No Deposit,9.0,0,Transient,139.0,0,0
City Hotel,0,134,2016,July,29,13,3,9,2,0.0,0,BB,DEU,Online TA,TA/TO,0,0,0,D,A,0,No Deposit,9.0,0,Transient,113.62,0,1
City Hotel,0,144,2016,July,30,23,1,1,2,0.0,0,BB,FRA,Online TA,TA/TO,0,0,0,A,A,0,No Deposit,9.0,0,Transient,105.3,0,1
City Hotel,0,4,2016,July,30,23,1,1,2,0.0,0,BB,FRA,Online TA,TA/TO,0,0,0,A,A,0,No Deposit,9.0,0,Transient,141.0,0,1
City Hotel,0,94,2016,July,30,21,1,3,2,0.0,0,BB,PRT,Online TA,TA/TO,0,0,0,D,D,0,No Deposit,9.0,0,Transient,123.3,0,0
City Hotel,0,0,2016,July,31,24,1,0,2,0.0,0,BB,PRT,Online TA,TA/TO,0,0,0,A,A,0,No Deposit,9.0,0,Transient,131.0,0,0
City Hotel,0,49,2016,July,30,23,1,1,2,0.0,0,BB,FRA,Online TA,TA/TO,0,0,0,A,A,0,No Deposit,9.0,0,Transient,135.9,0,1
City Hotel,0,160,2016,July,31,24,1,0,2,0.0,0,BB,NLD,Online TA,TA/TO,0,0,0,A,A,0,No Deposit,9.0,0,Transient,105.3,0,0
City Hotel,0,2,2016,July,31,24,1,0,2,0.0,0,SC,PRT,Online TA,TA/TO,0,0,0,A,A,0,No Deposit,9.0,0,Transient,119.0,0,1
City Hotel,0,67,2016,July,30,23,1,1,2,0.0,0,SC,ITA,Online TA,TA/TO,0,0,0,A,A,0,No Deposit,9.0,0,Transient,94.5,0,1
City Hotel,0,3,2016,July,31,24,1,0,2,0.0,0,BB,DEU,Online TA,TA/TO,0,0,0,A,A,0,No Deposit,9.0,0,Transient,131.0,0,0
City Hotel,0,132,2016,July,30,19,1,5,2,0.0,0,BB,GBR,Offline TA/TO,TA/TO,0,0,0,A,A,0,No Deposit,85.0,0,Transient,72.25,0,0
City Hotel,0,24,2016,July,30,23,1,1,2,0.0,0,SC,CHE,Online TA,TA/TO,0,0,0,A,A,0,No Deposit,9.0,0,Transient,139.0,0,1
City Hotel,0,64,2016,July,31,25,1,0,2,0.0,0,SC,MEX,Online TA,TA/TO,0,0,0,A,A,0,No Deposit,9.0,0,Transient,103.5,0,0
City Hotel,0,64,2016,July,31,25,1,0,2,0.0,0,SC,MEX,Online TA,TA/TO,0,0,0,A,A,0,No Deposit,9.0,0,Transient,94.5,0,0
City Hotel,0,83,2016,July,30,23,2,1,2,0.0,0,BB,PRT,Online TA,TA/TO,0,0,0,B,B,1,No Deposit,9.0,0,Transient,97.54,0,1
City Hotel,0,165,2016,July,30,21,2,3,2,0.0,0,BB,DEU,Online TA,TA/TO,0,0,0,A,A,0,No Deposit,9.0,0,Transient,99.45,0,2
City Hotel,0,72,2016,July,30,21,2,3,2,0.0,0,BB,DNK,Online TA,TA/TO,0,0,0,D,D,0,No Deposit,9.0,0,Transient,122.4,0,1
City Hotel,0,100,2016,July,30,23,2,1,2,0.0,0,SC,PRT,Online TA,TA/TO,0,0,0,A,A,0,No Deposit,9.0,0,Transient,94.5,0,1
City Hotel,0,110,2016,July,30,22,2,2,2,0.0,0,BB,KAZ,Online TA,TA/TO,0,0,0,D,D,0,No Deposit,9.0,0,Transient,121.05,0,0
City Hotel,0,127,2016,July,31,25,1,0,2,0.0,0,SC,FRA,Online TA,TA/TO,0,0,0,A,A,0,No Deposit,9.0,0,Transient,94.5,0,1
City Hotel,0,188,2016,July,30,22,2,2,2,0.0,0,BB,GBR,Offline TA/TO,TA/TO,0,0,0,A,A,0,No Deposit,79.0,0,Transient,72.76,0,2
City Hotel,0,136,2016,July,30,23,2,1,2,0.0,0,BB,FRA,Groups,TA/TO,0,0,0,B,B,0,No Deposit,1.0,0,Transient,75.0,0,0
City Hotel,0,136,2016,July,30,23,2,1,2,0.0,0,BB,BEL,Groups,TA/TO,0,0,0,B,B,0,No Deposit,1.0,0,Transient,75.0,0,0
City Hotel,0,124,2016,July,30,23,2,1,2,0.0,0,BB,NLD,Offline TA/TO,TA/TO,0,0,0,A,A,0,No Deposit,42.0,0,Transient,72.25,0,0
City Hotel,0,33,2016,July,30,23,2,1,2,0.0,0,SC,FRA,Online TA,TA/TO,0,0,0,A,A,0,No Deposit,9.0,0,Transient,125.1,0,1
City Hotel,0,33,2016,July,30,23,2,1,2,0.0,0,SC,FRA,Online TA,TA/TO,0,0,0,A,A,0,No Deposit,9.0,0,Transient,125.1,0,1
City Hotel,0,178,2016,July,30,23,2,1,2,0.0,0,BB,GBR,Online TA,TA/TO,0,0,0,D,A,0,No Deposit,8.0,0,Transient,109.8,0,1
City Hotel,0,20,2016,July,30,23,2,1,2,0.0,0,BB,BEL,Online TA,TA/TO,0,0,0,A,A,0,No Deposit,9.0,0,Transient,151.0,0,1
City Hotel,0,0,2016,July,31,24,2,0,2,0.0,0,SC,GBR,Online TA,TA/TO,0,0,0,A,A,0,No Deposit,9.0,0,Transient,134.0,0,0
City Hotel,0,111,2016,July,30,18,3,6,2,0.0,0,BB,PRT,Offline TA/TO,TA/TO,0,0,0,A,A,0,No Deposit,3.0,0,Transient,72.25,0,0
City Hotel,0,119,2016,July,30,18,3,6,2,0.0,0,BB,DEU,Online TA,TA/TO,0,0,0,D,D,0,No Deposit,9.0,0,Transient,119.28,0,1
City Hotel,0,160,2016,July,30,18,3,6,2,0.0,0,BB,IRL,Online TA,TA/TO,0,0,0,A,A,1,No Deposit,9.0,0,Transient,97.56,0,1
City Hotel,0,71,2016,July,31,24,2,1,2,0.0,0,BB,GBR,Offline TA/TO,TA/TO,0,0,0,A,A,0,No Deposit,85.0,0,Transient,72.25,0,0
City Hotel,0,104,2016,July,30,18,3,6,2,0.0,0,BB,FRA,Online TA,TA/TO,0,0,0,D,D,0,No Deposit,9.0,0,Transient,120.8,0,3
City Hotel,0,177,2016,July,30,20,2,5,2,0.0,0,BB,FRA,Online TA,TA/TO,0,0,0,A,A,1,No Deposit,9.0,0,Transient,93.38,0,1
City Hotel,0,40,2016,July,31,26,0,1,2,0.0,0,HB,PRT,Offline TA/TO,TA/TO,0,0,0,A,A,0,No Deposit,39.0,0,Transient-Party,125.0,0,1
City Hotel,0,40,2016,July,31,26,0,1,2,0.0,0,HB,PRT,Offline TA/TO,TA/TO,0,0,0,A,B,0,No Deposit,39.0,0,Transient-Party,125.0,0,1
City Hotel,0,153,2016,July,30,23,2,2,2,0.0,0,BB,FRA,Online TA,TA/TO,0,0,0,A,A,0,No Deposit,9.0,0,Transient,108.45,0,1
City Hotel,0,40,2016,July,31,26,0,1,2,0.0,0,HB,PRT,Offline TA/TO,TA/TO,0,0,0,A,A,2,No Deposit,39.0,0,Transient-Party,125.0,0,1
City Hotel,0,144,2016,July,31,25,1,1,2,0.0,0,BB,CHE,Online TA,TA/TO,0,0,0,A,A,0,No Deposit,7.0,0,Transient,81.08,0,1
City Hotel,0,144,2016,July,31,25,1,1,2,0.0,0,BB,CHE,Online TA,TA/TO,0,0,0,A,A,0,No Deposit,7.0,0,Transient,81.08,0,0
City Hotel,0,47,2016,July,31,24,2,1,2,0.0,0,BB,DEU,Online TA,TA/TO,0,0,0,D,D,0,No Deposit,9.0,0,Transient,168.3,0,0
City Hotel,0,167,2016,July,31,25,1,1,2,0.0,0,BB,GBR,Offline TA/TO,TA/TO,0,0,0,A,A,0,No Deposit,22.0,0,Transient-Party,72.25,0,1
City Hotel,0,74,2016,July,30,23,2,2,2,0.0,0,BB,PRT,Offline TA/TO,TA/TO,0,0,0,A,A,0,No Deposit,52.0,0,Transient,81.25,0,0
City Hotel,0,169,2016,July,31,24,2,1,2,0.0,0,BB,BEL,Direct,Direct,0,0,0,D,D,0,No Deposit,,0,Transient,94.5,0,1
City Hotel,0,169,2016,July,31,24,2,1,2,0.0,0,BB,PRT,Direct,Direct,0,0,0,A,A,0,No Deposit,,0,Transient,94.5,0,1
City Hotel,0,153,2016,July,30,23,2,2,2,0.0,0,BB,CHE,Online TA,TA/TO,0,0,0,A,A,0,No Deposit,9.0,0,Transient,99.45,0,1
City Hotel,0,167,2016,July,31,25,1,1,2,0.0,0,BB,GBR,Offline TA/TO,TA/TO,0,0,0,A,A,0,No Deposit,22.0,0,Transient-Party,72.25,0,1
City Hotel,0,39,2016,July,30,23,2,2,2,0.0,0,BB,ROU,Offline TA/TO,TA/TO,0,0,0,A,A,0,No Deposit,118.0,0,Transient,85.0,0,0
City Hotel,0,125,2016,July,30,23,2,2,2,0.0,0,BB,ITA,Online TA,TA/TO,0,0,0,A,A,0,No Deposit,9.0,0,Transient,99.45,0,1
City Hotel,0,154,2016,July,30,20,2,5,2,0.0,0,BB,PRT,Direct,Direct,0,0,0,D,D,0,No Deposit,14.0,0,Transient,109.53,0,2
City Hotel,0,171,2016,July,30,20,2,5,2,0.0,0,BB,DEU,Online TA,TA/TO,0,0,0,D,D,0,No Deposit,9.0,0,Transient-Party,106.13,0,1
City Hotel,0,171,2016,July,30,20,2,5,2,0.0,0,BB,DEU,Online TA,TA/TO,0,0,0,D,D,0,No Deposit,9.0,0,Transient-Party,106.13,0,1
City Hotel,0,100,2016,July,30,22,2,3,2,0.0,0,BB,PRT,Direct,Direct,0,0,0,D,D,0,No Deposit,14.0,0,Transient,110.5,0,0
City Hotel,0,8,2016,July,31,26,0,1,2,0.0,0,BB,PRT,Corporate,Corporate,0,0,0,A,B,0,No Deposit,,0,Transient,75.0,0,0
City Hotel,0,39,2017,February,8,25,0,1,2,0.0,0,BB,PRT,Corporate,Corporate,1,0,3,A,A,1,No Deposit,,0,Transient,75.0,0,0
City Hotel,0,68,2016,July,30,23,2,2,2,0.0,0,BB,CN,Direct,Direct,0,0,0,A,A,0,No Deposit,14.0,0,Transient,89.25,0,1
City Hotel,0,13,2016,July,31,26,0,1,2,0.0,0,BB,PRT,Corporate,Corporate,0,0,0,A,A,2,No Deposit,40.0,0,Transient,75.0,0,0
City Hotel,0,0,2016,October,41,3,1,0,2,0.0,0,BB,PRT,Corporate,Corporate,1,0,3,A,E,0,No Deposit,,0,Transient,75.0,0,0
City Hotel,0,40,2016,July,31,26,0,1,2,0.0,0,HB,PRT,Offline TA/TO,TA/TO,0,0,0,A,A,0,No Deposit,39.0,0,Transient-Party,125.0,0,1
City Hotel,0,22,2016,July,31,27,0,0,2,0.0,0,SC,PRT,Online TA,TA/TO,0,0,0,A,F,0,No Deposit,9.0,0,Transient,0.0,0,1
City Hotel,0,175,2016,July,31,24,2,2,2,0.0,0,HB,FRA,Online TA,TA/TO,0,0,0,A,A,1,No Deposit,9.0,0,Transient-Party,123.25,0,1
City Hotel,0,23,2016,July,31,27,0,1,2,0.0,0,SC,CHE,Online TA,TA/TO,0,0,0,A,A,0,No Deposit,9.0,0,Transient,139.0,0,1
City Hotel,0,25,2016,July,30,23,2,3,2,0.0,0,BB,AUT,Offline TA/TO,TA/TO,0,0,0,A,A,0,No Deposit,138.0,0,Transient,85.0,0,0
City Hotel,0,11,2016,July,31,24,2,2,2,0.0,0,BB,PRT,Online TA,TA/TO,0,0,0,A,A,0,No Deposit,7.0,0,Transient,110.46,0,1
City Hotel,0,115,2016,July,31,26,0,2,2,0.0,0,BB,PRT,Direct,Direct,0,0,0,A,A,0,No Deposit,,0,Transient,94.5,0,1
City Hotel,0,65,2016,July,31,24,2,2,2,0.0,0,BB,GBR,Direct,Direct,0,0,0,A,A,0,No Deposit,14.0,0,Transient,94.5,0,1
City Hotel,0,139,2016,July,31,25,1,2,2,0.0,0,BB,AUT,Online TA,TA/TO,0,0,0,A,A,0,No Deposit,7.0,0,Transient,77.03,0,1
City Hotel,0,139,2016,July,31,25,1,2,2,0.0,0,BB,AUT,Online TA,TA/TO,0,0,0,A,A,0,No Deposit,7.0,0,Transient,77.03,0,1
City Hotel,0,126,2016,July,31,25,1,2,2,0.0,0,BB,PRT,Online TA,TA/TO,0,0,0,A,A,0,No Deposit,7.0,0,Transient,77.03,0,1
City Hotel,0,0,2016,July,31,27,0,1,2,0.0,0,BB,PRT,Direct,Direct,0,0,0,A,A,0,No Deposit,,0,Transient,159.0,0,0
City Hotel,0,111,2016,July,30,23,2,3,2,0.0,0,HB,PRT,Online TA,TA/TO,0,0,0,A,A,0,No Deposit,9.0,0,Transient,139.5,0,1
City Hotel,0,37,2016,July,31,25,1,2,2,0.0,0,BB,ESP,Direct,Direct,0,0,0,D,A,0,No Deposit,,0,Transient,146.7,0,2
City Hotel,0,110,2016,July,31,25,1,2,2,0.0,0,BB,POL,Online TA,TA/TO,0,0,0,A,A,2,No Deposit,9.0,0,Transient,105.3,0,1
City Hotel,0,62,2016,July,31,24,2,2,2,0.0,0,BB,FRA,Online TA,TA/TO,0,0,0,D,A,0,No Deposit,9.0,0,Transient,118.8,1,1
City Hotel,0,126,2016,July,31,25,1,2,2,0.0,0,BB,PRT,Online TA,TA/TO,0,0,0,A,A,0,No Deposit,7.0,0,Transient,77.03,0,1
City Hotel,0,30,2016,July,31,27,0,1,2,0.0,0,SC,DEU,Online TA,TA/TO,0,0,0,A,A,0,No Deposit,9.0,0,Transient,125.1,0,1
City Hotel,0,195,2016,July,30,21,2,5,2,0.0,0,BB,NOR,Online TA,TA/TO,0,0,0,A,A,0,No Deposit,9.0,0,Transient,90.95,0,1
City Hotel,0,91,2016,July,30,23,2,3,2,0.0,0,BB,BEL,Online TA,TA/TO,0,0,0,A,A,0,No Deposit,9.0,0,Transient,105.3,0,1
City Hotel,0,152,2016,July,30,21,2,5,2,0.0,0,BB,PRT,Online TA,TA/TO,0,0,0,D,D,0,No Deposit,8.0,0,Transient,114.63,0,2
City Hotel,0,162,2016,July,31,27,0,1,2,0.0,0,BB,BEL,Online TA,TA/TO,0,0,0,D,D,0,No Deposit,9.0,0,Transient,118.8,0,1
City Hotel,0,56,2016,July,31,27,0,1,2,0.0,0,SC,NLD,Online TA,TA/TO,0,0,0,A,A,0,No Deposit,8.0,0,Transient,125.1,0,1
City Hotel,0,0,2016,July,31,25,1,2,2,0.0,0,BB,AUS,Online TA,TA/TO,0,0,0,A,A,0,No Deposit,9.0,0,Transient,161.0,0,0
City Hotel,0,56,2016,July,31,27,0,1,2,0.0,0,SC,NLD,Online TA,TA/TO,0,0,0,A,A,0,No Deposit,8.0,0,Transient,125.1,0,1
City Hotel,0,1,2016,July,31,26,0,2,2,0.0,0,BB,PRT,Corporate,Corporate,0,0,0,A,A,2,No Deposit,,0,Transient,79.5,0,0
City Hotel,0,59,2016,July,31,24,2,2,2,0.0,0,SC,NLD,Online TA,TA/TO,0,0,0,A,A,0,No Deposit,9.0,0,Transient,94.5,0,1
City Hotel,0,190,2016,July,31,24,2,2,2,0.0,0,BB,FRA,Online TA,TA/TO,0,0,0,A,A,0,No Deposit,9.0,0,Transient,99.95,1,1
City Hotel,0,132,2016,July,30,22,2,4,2,0.0,0,BB,FRA,Online TA,TA/TO,0,0,0,A,A,0,No Deposit,9.0,0,Transient,100.87,0,1
City Hotel,0,80,2016,July,31,24,2,2,2,0.0,0,BB,NLD,Offline TA/TO,TA/TO,0,0,0,A,A,0,No Deposit,121.0,0,Transient,72.25,0,0
City Hotel,0,148,2016,July,30,23,2,3,2,0.0,0,BB,DEU,Offline TA/TO,TA/TO,0,0,0,D,A,0,No Deposit,22.0,0,Transient,82.45,0,0
City Hotel,0,63,2016,July,30,23,2,3,2,0.0,0,BB,BEL,Online TA,TA/TO,0,0,0,A,A,0,No Deposit,9.0,0,Transient,105.3,0,1
City Hotel,0,195,2016,July,30,21,2,5,2,0.0,0,BB,NOR,Online TA,TA/TO,0,0,0,A,A,0,No Deposit,9.0,0,Transient,90.95,0,1
City Hotel,0,175,2016,July,31,24,2,2,2,0.0,0,HB,FRA,Online TA,TA/TO,0,0,0,A,A,1,No Deposit,9.0,0,Transient-Party,123.25,0,1
City Hotel,0,75,2016,July,31,27,0,1,2,0.0,0,BB,BRA,Online TA,TA/TO,0,0,0,B,B,1,No Deposit,9.0,0,Transient,97.54,0,0
City Hotel,0,61,2016,July,30,23,2,3,2,0.0,0,SC,GBR,Online TA,TA/TO,0,0,0,A,A,0,No Deposit,9.0,0,Transient,94.5,0,1
City Hotel,0,181,2016,July,31,25,1,2,2,0.0,0,BB,GBR,Direct,Direct,0,0,0,B,B,0,No Deposit,,0,Transient-Party,85.5,0,0
City Hotel,0,181,2016,July,31,25,1,2,2,0.0,0,BB,GBR,Direct,Direct,0,0,0,B,B,0,No Deposit,,0,Transient-Party,85.5,0,0
City Hotel,0,132,2016,July,30,22,2,4,2,0.0,0,BB,PRT,Online TA,TA/TO,0,0,0,A,A,0,No Deposit,9.0,0,Transient,105.37,1,1
City Hotel,0,51,2016,July,30,21,2,5,2,0.0,0,HB,DEU,Offline TA/TO,TA/TO,0,0,0,D,D,0,No Deposit,16.0,0,Transient,87.3,0,0
City Hotel,0,65,2016,July,31,27,0,2,2,0.0,0,BB,AUS,Online TA,TA/TO,0,0,0,A,A,1,No Deposit,9.0,0,Transient,109.9,0,1
City Hotel,0,86,2016,July,31,26,0,3,2,0.0,0,BB,FRA,Online TA,TA/TO,0,0,0,B,B,1,No Deposit,9.0,0,Transient,97.54,0,1
City Hotel,0,48,2016,July,31,27,0,2,2,0.0,0,BB,SWE,Online TA,TA/TO,0,0,0,A,A,0,No Deposit,9.0,0,Transient,135.9,0,0
City Hotel,0,169,2016,July,31,25,1,3,2,0.0,0,SC,NOR,Online TA,TA/TO,0,0,0,A,A,0,No Deposit,9.0,0,Transient,89.25,0,1
City Hotel,0,149,2016,July,30,23,2,4,2,0.0,0,BB,FRA,Online TA,TA/TO,0,0,0,A,A,0,No Deposit,9.0,0,Transient,99.45,0,1
City Hotel,0,0,2016,July,31,28,0,1,2,0.0,0,SC,PRT,Direct,Direct,0,0,0,A,A,0,No Deposit,,0,Transient,149.0,0,0
City Hotel,0,94,2016,July,31,28,0,1,2,0.0,0,HB,FRA,Online TA,TA/TO,0,0,0,A,A,1,No Deposit,9.0,0,Transient,139.5,0,0
City Hotel,0,19,2016,July,31,27,0,2,2,0.0,0,SC,NLD,Online TA,TA/TO,0,0,0,A,A,0,No Deposit,9.0,0,Transient,139.0,0,0
City Hotel,0,14,2016,July,30,23,2,4,2,0.0,0,BB,DEU,Offline TA/TO,TA/TO,0,0,0,A,A,0,No Deposit,138.0,0,Transient,85.0,0,0
City Hotel,0,159,2016,July,30,22,2,5,2,0.0,0,HB,ITA,Online TA,TA/TO,0,0,0,A,A,1,No Deposit,9.0,0,Transient,132.96,0,1
City Hotel,0,104,2016,July,29,16,4,9,2,0.0,0,BB,FRA,Direct,Direct,0,0,0,E,A,0,No Deposit,14.0,0,Transient,146.36,0,1
City Hotel,0,84,2016,July,31,25,1,3,2,0.0,0,BB,PRT,Offline TA/TO,TA/TO,0,0,0,A,A,0,No Deposit,22.0,0,Transient,72.25,0,0
City Hotel,0,179,2016,July,30,23,2,4,2,0.0,0,BB,ITA,Online TA,TA/TO,0,0,0,A,A,0,No Deposit,9.0,0,Transient-Party,90.95,0,1
City Hotel,0,179,2016,July,30,23,2,4,2,0.0,0,BB,ITA,Online TA,TA/TO,0,0,0,A,A,0,No Deposit,9.0,0,Transient-Party,90.95,0,1
City Hotel,0,193,2016,July,31,25,1,3,2,0.0,0,BB,NLD,Online TA,TA/TO,0,0,0,A,A,0,No Deposit,9.0,0,Transient,90.95,0,1
City Hotel,0,116,2016,July,31,28,0,1,2,0.0,0,BB,NLD,Online TA,TA/TO,0,0,0,A,A,1,No Deposit,9.0,0,Transient,105.3,0,1
City Hotel,0,64,2016,July,31,26,0,3,2,0.0,0,BB,FRA,Online TA,TA/TO,0,0,0,A,A,0,No Deposit,9.0,0,Transient,114.3,0,1
City Hotel,0,67,2016,July,31,24,2,3,2,0.0,0,BB,ESP,Online TA,TA/TO,0,0,0,A,A,0,No Deposit,9.0,0,Transient,105.3,0,3
City Hotel,0,67,2016,July,31,24,2,3,2,0.0,0,BB,ESP,Online TA,TA/TO,0,0,0,A,A,0,No Deposit,9.0,0,Transient,105.3,0,3
City Hotel,0,150,2016,July,31,27,0,2,2,0.0,0,SC,GBR,Online TA,TA/TO,0,0,0,A,A,0,No Deposit,9.0,0,Transient,94.5,0,1
City Hotel,0,63,2016,July,31,25,1,3,2,0.0,0,SC,FRA,Online TA,TA/TO,0,0,0,A,A,0,No Deposit,9.0,0,Transient,94.5,0,1
City Hotel,0,29,2016,July,31,28,0,1,2,0.0,0,SC,CHE,Online TA,TA/TO,0,0,0,A,A,0,No Deposit,9.0,0,Transient-Party,139.0,0,1
City Hotel,0,182,2016,July,31,28,0,1,2,0.0,0,BB,FRA,Online TA,TA/TO,0,0,0,A,A,0,No Deposit,9.0,0,Transient-Party,96.3,0,2
City Hotel,0,29,2016,July,31,28,0,1,2,0.0,0,SC,CHE,Online TA,TA/TO,0,0,0,A,A,0,No Deposit,9.0,0,Transient-Party,148.0,0,1
City Hotel,0,82,2016,July,31,25,1,3,2,0.0,0,SC,BEL,Online TA,TA/TO,0,0,0,A,A,0,No Deposit,9.0,0,Transient,103.5,1,1
City Hotel,0,169,2016,July,31,25,1,3,2,0.0,0,SC,NOR,Online TA,TA/TO,0,0,0,A,A,0,No Deposit,9.0,0,Transient,89.25,0,1
City Hotel,0,51,2016,July,31,26,0,3,2,0.0,0,BB,RUS,Online TA,TA/TO,0,0,0,A,A,0,No Deposit,9.0,0,Transient,135.9,0,1
City Hotel,0,158,2016,July,31,25,1,3,2,0.0,0,SC,ESP,Online TA,TA/TO,0,0,0,A,A,0,No Deposit,9.0,0,Transient,89.25,0,3
City Hotel,0,188,2016,July,31,25,1,3,2,0.0,0,BB,NLD,Online TA,TA/TO,0,0,0,A,A,0,No Deposit,9.0,0,Transient-Party,90.95,0,1
City Hotel,0,64,2016,July,31,25,1,3,2,0.0,0,SC,FRA,Online TA,TA/TO,0,0,0,A,A,0,No Deposit,9.0,0,Transient,94.5,0,1
City Hotel,0,188,2016,July,31,25,1,3,2,0.0,0,BB,NLD,Online TA,TA/TO,0,0,0,A,A,0,No Deposit,9.0,0,Transient-Party,90.95,0,1
City Hotel,0,48,2016,July,31,25,1,3,2,0.0,0,SC,GBR,Offline TA/TO,TA/TO,0,0,0,A,A,0,No Deposit,85.0,0,Transient,63.75,0,0
City Hotel,0,150,2016,July,31,27,0,2,2,0.0,0,SC,GBR,Online TA,TA/TO,0,0,0,A,A,0,No Deposit,9.0,0,Transient,94.5,0,1
City Hotel,0,0,2016,July,31,27,0,2,2,0.0,0,SC,FRA,Online TA,TA/TO,0,0,0,A,A,0,No Deposit,9.0,0,Transient,154.0,0,0
City Hotel,0,152,2016,July,31,27,0,2,2,0.0,0,SC,GBR,Online TA,TA/TO,0,0,0,A,A,0,No Deposit,9.0,0,Transient,94.5,0,1
City Hotel,0,64,2016,July,31,26,0,3,2,0.0,0,BB,FRA,Online TA,TA/TO,0,0,0,A,A,0,No Deposit,9.0,0,Transient,105.3,0,1
City Hotel,0,139,2016,July,31,28,0,1,2,0.0,0,SC,ITA,Online TA,TA/TO,0,0,0,A,A,0,No Deposit,9.0,0,Transient,94.5,0,1
City Hotel,0,82,2016,July,31,24,2,4,2,0.0,0,SC,GBR,Online TA,TA/TO,0,0,0,A,A,0,No Deposit,89.0,0,Transient,67.83,0,0
City Hotel,0,0,2016,July,31,29,0,1,2,0.0,0,SC,FRA,Online TA,TA/TO,0,0,0,A,A,0,No Deposit,9.0,0,Transient,89.0,0,0
City Hotel,0,0,2016,July,31,29,0,1,2,0.0,0,SC,USA,Online TA,TA/TO,0,0,0,A,A,0,No Deposit,7.0,0,Transient,61.68,0,0
City Hotel,0,202,2016,July,31,29,0,1,2,0.0,0,BB,DEU,Online TA,TA/TO,0,0,0,A,A,0,No Deposit,9.0,0,Transient,96.3,0,1
City Hotel,0,134,2016,July,31,26,0,4,2,0.0,0,BB,CN,Offline TA/TO,TA/TO,0,0,0,A,A,0,No Deposit,3.0,0,Transient,72.25,0,0
City Hotel,0,20,2016,July,31,29,0,1,2,0.0,0,SC,CN,Online TA,TA/TO,0,0,0,A,A,0,No Deposit,9.0,0,Transient,99.0,0,1
City Hotel,0,150,2016,July,31,24,2,4,2,0.0,0,BB,PRT,Online TA,TA/TO,0,0,0,A,A,0,No Deposit,9.0,0,Transient-Party,99.45,0,2
City Hotel,0,150,2016,July,31,24,2,4,2,0.0,0,BB,PRT,Online TA,TA/TO,0,0,0,A,A,0,No Deposit,9.0,0,Transient-Party,99.45,0,2
City Hotel,0,131,2016,July,31,29,0,1,2,0.0,0,SC,CHE,Online TA,TA/TO,0,0,0,A,A,0,No Deposit,9.0,0,Transient,94.5,0,1
City Hotel,0,102,2016,July,30,23,2,5,2,0.0,0,BB,FRA,Online TA,TA/TO,0,0,0,A,A,0,No Deposit,9.0,0,Transient,114.3,1,1
City Hotel,0,146,2016,July,31,27,0,3,2,0.0,0,SC,DEU,Online TA,TA/TO,0,0,0,A,A,0,No Deposit,9.0,0,Transient,94.5,0,1
City Hotel,0,24,2016,July,31,28,0,2,2,0.0,0,BB,ESP,Direct,Direct,0,0,0,A,A,0,No Deposit,14.0,0,Transient,96.9,0,1
City Hotel,0,83,2016,July,31,25,1,4,2,0.0,0,BB,BEL,Online TA,TA/TO,0,0,0,A,A,0,No Deposit,11.0,0,Transient,79.56,0,0
City Hotel,0,0,2016,July,31,28,0,2,2,0.0,0,BB,ESP,Direct,Direct,0,0,0,A,A,1,No Deposit,,0,Transient,139.0,0,0
City Hotel,0,0,2016,July,31,28,0,2,2,0.0,0,BB,ESP,Direct,Direct,0,0,0,A,A,0,No Deposit,,0,Transient,139.0,0,0
City Hotel,0,11,2016,July,31,25,1,4,2,0.0,0,BB,ESP,Offline TA/TO,TA/TO,0,0,0,A,A,0,No Deposit,138.0,0,Transient,85.0,0,0
City Hotel,0,1,2016,July,31,29,0,1,2,0.0,0,SC,CHL,Online TA,TA/TO,0,0,0,A,A,0,No Deposit,9.0,0,Transient,109.0,0,0
City Hotel,0,145,2016,July,31,28,0,2,2,0.0,0,BB,GBR,Online TA,TA/TO,0,0,0,D,D,0,No Deposit,9.0,0,Transient-Party,118.8,0,0
City Hotel,0,145,2016,July,31,28,0,2,2,0.0,0,BB,GBR,Online TA,TA/TO,0,0,0,D,D,0,No Deposit,9.0,0,Transient-Party,118.8,0,0
City Hotel,0,0,2016,July,31,29,0,1,2,0.0,0,SC,FRA,Online TA,TA/TO,0,0,0,A,A,0,No Deposit,9.0,0,Transient,89.0,0,0
City Hotel,0,11,2016,July,31,25,1,4,2,0.0,0,BB,ESP,Offline TA/TO,TA/TO,0,0,0,A,A,0,No Deposit,138.0,0,Transient,85.0,0,0
City Hotel,0,19,2016,July,31,29,0,1,2,0.0,0,SC,SVK,Online TA,TA/TO,0,0,0,A,A,0,No Deposit,9.0,0,Transient,99.0,0,1
City Hotel,0,188,2016,July,30,23,2,5,2,0.0,0,SC,PRT,Online TA,TA/TO,0,0,0,A,A,0,No Deposit,9.0,0,Transient,80.75,0,1
City Hotel,0,7,2016,July,31,26,0,4,2,0.0,0,BB,ESP,Offline TA/TO,TA/TO,0,0,0,A,A,0,No Deposit,85.0,0,Transient,85.0,0,0
City Hotel,0,186,2016,July,31,28,0,2,2,0.0,0,BB,GBR,Online TA,TA/TO,0,0,0,A,A,0,No Deposit,9.0,0,Transient-Party,96.3,0,1
City Hotel,0,130,2016,July,31,27,0,3,2,0.0,0,BB,AUT,Online TA,TA/TO,0,0,0,A,A,0,No Deposit,9.0,0,Transient,105.3,0,0
City Hotel,0,186,2016,July,31,28,0,2,2,0.0,0,BB,SWE,Online TA,TA/TO,0,0,0,A,A,0,No Deposit,9.0,0,Transient-Party,96.3,0,1
City Hotel,0,176,2016,July,31,24,2,4,2,0.0,0,BB,GBR,Direct,Direct,0,0,0,D,D,0,No Deposit,14.0,0,Transient,116.0,0,0
City Hotel,0,3,2016,July,31,28,0,2,2,0.0,0,BB,ESP,Direct,Direct,0,0,0,A,A,0,No Deposit,14.0,0,Transient,109.65,0,0
City Hotel,0,106,2016,July,31,27,0,3,2,0.0,0,BB,GBR,Offline TA/TO,TA/TO,0,0,0,D,D,0,No Deposit,22.0,0,Transient,82.45,0,1
City Hotel,0,172,2016,July,30,22,2,6,2,0.0,0,BB,FRA,Online TA,TA/TO,0,0,0,A,A,0,No Deposit,7.0,0,Transient,70.85,0,1
City Hotel,0,191,2016,July,31,25,1,4,2,0.0,0,BB,FRA,Online TA,TA/TO,0,0,0,A,A,2,No Deposit,9.0,0,Transient-Party,101.75,1,0
City Hotel,0,153,2016,July,31,29,0,1,2,0.0,0,SC,GBR,Online TA,TA/TO,0,0,0,A,A,0,No Deposit,9.0,0,Transient-Party,94.5,0,1
City Hotel,0,77,2016,July,31,26,0,4,2,0.0,0,BB,DEU,Online TA,TA/TO,0,0,0,D,D,0,No Deposit,9.0,0,Transient,118.8,0,2
City Hotel,0,25,2016,July,31,29,0,1,2,0.0,0,BB,PRT,Online TA,TA/TO,0,0,0,A,A,0,No Deposit,9.0,0,Transient,101.0,0,1
City Hotel,0,77,2016,July,31,26,0,4,2,0.0,0,BB,DEU,Online TA,TA/TO,0,0,0,D,D,2,No Deposit,9.0,0,Transient,118.8,0,1
City Hotel,0,11,2016,July,31,29,0,1,2,0.0,0,BB,GRC,Direct,Direct,0,0,0,A,A,0,No Deposit,14.0,0,Transient,84.15,0,1
City Hotel,0,181,2016,July,31,26,0,4,2,0.0,0,BB,EGY,Online TA,TA/TO,0,0,0,D,D,0,No Deposit,9.0,0,Transient,103.7,0,1
City Hotel,0,0,2016,July,30,22,2,6,2,0.0,0,BB,FRA,Direct,Direct,0,0,0,A,A,0,No Deposit,,0,Transient,89.0,0,0
City Hotel,0,88,2016,July,31,26,0,4,2,0.0,0,BB,FRA,Offline TA/TO,TA/TO,0,0,0,A,A,0,No Deposit,28.0,0,Transient,72.25,0,0
City Hotel,0,20,2016,July,31,28,0,2,2,0.0,0,BB,FRA,Online TA,TA/TO,0,0,0,A,A,1,No Deposit,10.0,0,Transient,122.6,0,0
City Hotel,0,20,2016,July,31,28,0,2,2,0.0,0,BB,FRA,Online TA,TA/TO,0,0,0,A,A,1,No Deposit,10.0,0,Transient,122.6,0,0
City Hotel,0,168,2016,July,31,26,0,4,2,0.0,0,BB,PRT,Online TA,TA/TO,0,0,0,A,A,0,No Deposit,7.0,0,Transient,76.58,0,1
City Hotel,0,10,2016,July,31,29,0,1,2,0.0,0,SC,PRT,Online TA,TA/TO,0,0,0,A,A,0,No Deposit,9.0,0,Transient,99.0,0,1
City Hotel,0,67,2016,July,31,27,0,3,2,0.0,0,BB,IRL,Direct,Direct,0,0,0,A,A,0,No Deposit,14.0,0,Transient,89.25,0,0
City Hotel,0,9,2016,July,31,27,0,3,2,0.0,0,SC,NLD,Offline TA/TO,TA/TO,0,0,0,A,A,0,No Deposit,85.0,0,Transient,75.0,0,0
City Hotel,0,0,2016,July,31,29,0,1,2,0.0,0,SC,PRT,Online TA,TA/TO,0,0,0,A,A,0,No Deposit,9.0,0,Transient,89.0,0,0
City Hotel,0,0,2016,July,31,29,0,1,2,0.0,0,BB,PRT,Direct,Direct,0,0,0,A,A,0,No Deposit,14.0,0,Transient,119.0,0,0
City Hotel,0,164,2016,July,31,29,0,1,2,0.0,0,BB,BEL,Online TA,TA/TO,0,0,0,A,A,0,No Deposit,9.0,0,Transient,105.3,0,0
City Hotel,0,5,2016,July,31,29,0,1,2,0.0,0,SC,BEL,Online TA,TA/TO,0,0,0,A,A,0,No Deposit,9.0,0,Transient,109.0,0,0
City Hotel,0,153,2016,July,31,29,0,1,2,0.0,0,SC,GBR,Online TA,TA/TO,0,0,0,A,A,0,No Deposit,9.0,0,Transient-Party,103.5,1,1
City Hotel,0,0,2016,July,31,29,0,1,2,0.0,0,SC,MOZ,Online TA,TA/TO,0,0,0,A,A,0,No Deposit,9.0,0,Transient,109.0,0,1
City Hotel,0,0,2016,July,31,29,0,1,2,0.0,0,BB,DEU,Online TA,TA/TO,0,0,0,A,A,0,No Deposit,9.0,0,Transient,121.0,0,2
City Hotel,0,79,2016,July,31,24,2,4,2,0.0,0,BB,FRA,Online TA,TA/TO,0,0,0,D,D,0,No Deposit,9.0,0,Transient,120.6,0,3
City Hotel,0,0,2016,July,31,25,1,4,2,0.0,0,BB,PRT,Direct,Direct,0,0,0,A,A,0,No Deposit,,0,Transient,154.0,1,0
City Hotel,0,75,2016,July,31,30,0,1,2,0.0,0,BB,BEL,Online TA,TA/TO,0,0,0,D,D,0,No Deposit,9.0,0,Transient,127.8,0,1
City Hotel,0,158,2016,July,31,28,0,3,2,0.0,0,BB,CHE,Online TA,TA/TO,0,0,0,D,D,0,No Deposit,9.0,0,Transient,121.8,0,1
City Hotel,0,153,2016,July,31,27,0,4,2,0.0,0,SC,DEU,Online TA,TA/TO,0,0,0,A,A,0,No Deposit,9.0,0,Transient,91.38,0,1
City Hotel,0,0,2016,July,31,29,0,2,2,0.0,0,BB,AUS,Direct,Direct,0,0,0,D,D,0,No Deposit,,0,Transient,132.0,0,0
City Hotel,0,149,2016,July,31,28,0,3,2,0.0,0,BB,GBR,Offline TA/TO,TA/TO,0,0,0,D,A,0,No Deposit,83.0,0,Transient,92.03,0,0
City Hotel,0,0,2016,July,31,30,0,1,2,0.0,0,BB,PRT,Direct,Direct,0,0,0,D,D,0,No Deposit,,0,Transient,152.0,0,0
City Hotel,0,296,2016,July,31,24,2,5,2,0.0,0,BB,GBR,Online TA,TA/TO,0,0,0,D,A,0,No Deposit,9.0,0,Contract,104.4,0,1
City Hotel,0,1,2016,July,31,30,0,1,2,0.0,0,BB,PRT,Direct,Direct,0,0,0,E,E,1,No Deposit,,0,Transient,177.0,1,0
City Hotel,0,0,2016,July,31,30,0,1,2,0.0,0,BB,FRA,Direct,Direct,0,0,0,A,A,0,No Deposit,,0,Transient,119.0,0,0
City Hotel,0,144,2016,July,31,25,1,5,2,0.0,0,BB,AUT,Online TA,TA/TO,0,0,0,A,A,0,No Deposit,9.0,0,Transient,100.87,0,1
City Hotel,0,170,2016,July,31,28,0,3,2,0.0,0,SC,CN,Online TA,TA/TO,0,0,0,A,A,0,No Deposit,7.0,0,Transient,72.76,0,1
City Hotel,0,1,2016,July,31,29,0,2,2,0.0,0,BB,FRA,Online TA,TA/TO,0,0,0,A,A,0,No Deposit,9.0,0,Transient,131.0,0,1
City Hotel,0,188,2016,July,31,28,0,3,2,0.0,0,BB,FRA,Direct,Direct,0,0,0,A,A,0,No Deposit,14.0,0,Transient-Party,80.75,0,0
City Hotel,0,200,2016,July,31,27,0,4,2,0.0,0,BB,BEL,Direct,Direct,0,0,0,A,A,0,No Deposit,14.0,0,Transient,80.75,0,0
City Hotel,0,188,2016,July,31,28,0,3,2,0.0,0,BB,FRA,Direct,Direct,0,0,0,A,A,0,No Deposit,14.0,0,Transient-Party,80.75,0,0
City Hotel,0,188,2016,July,31,28,0,3,2,0.0,0,BB,FRA,Direct,Direct,0,0,0,A,A,0,No Deposit,14.0,0,Transient-Party,80.75,0,0
City Hotel,0,188,2016,July,31,28,0,3,2,0.0,0,BB,FRA,Direct,Direct,0,0,0,A,A,0,No Deposit,14.0,0,Transient-Party,80.75,0,0
City Hotel,0,188,2016,July,31,28,0,3,2,0.0,0,BB,FRA,Direct,Direct,0,0,0,A,A,0,No Deposit,14.0,0,Transient-Party,80.75,0,0
City Hotel,0,80,2016,July,31,28,0,3,2,0.0,0,BB,FRA,Direct,Direct,0,0,0,D,D,0,No Deposit,14.0,0,Transient,120.0,0,0
City Hotel,0,167,2016,July,31,30,0,1,2,0.0,0,BB,PRT,Online TA,TA/TO,0,0,0,A,D,0,No Deposit,9.0,0,Transient,105.3,0,2
City Hotel,0,2,2016,July,31,30,0,1,2,0.0,0,BB,DEU,Online TA,TA/TO,0,0,0,D,D,0,No Deposit,9.0,0,Transient,156.0,0,0
City Hotel,0,242,2016,July,31,29,0,2,2,0.0,0,BB,BEL,Direct,Direct,0,0,0,B,B,0,No Deposit,14.0,0,Transient-Party,81.45,0,0
City Hotel,0,117,2016,July,31,29,0,2,2,0.0,0,BB,PRT,Online TA,TA/TO,0,0,0,D,D,0,No Deposit,9.0,0,Transient,123.3,0,1
City Hotel,0,117,2016,July,31,27,1,4,2,0.0,0,BB,DEU,Offline TA/TO,TA/TO,0,0,0,A,A,0,No Deposit,16.0,0,Transient-Party,72.25,0,1
City Hotel,0,117,2016,July,31,27,1,4,2,0.0,0,BB,DEU,Offline TA/TO,TA/TO,0,0,0,A,A,0,No Deposit,16.0,0,Transient-Party,72.25,0,1
City Hotel,0,127,2016,July,31,29,1,2,2,0.0,0,BB,DEU,Offline TA/TO,TA/TO,0,0,0,A,A,0,No Deposit,16.0,0,Transient,81.25,0,0
City Hotel,0,301,2016,July,31,30,1,1,2,0.0,0,HB,DEU,Offline TA/TO,TA/TO,0,0,0,A,A,0,No Deposit,6.0,0,Transient-Party,115.0,0,1
City Hotel,0,301,2016,July,31,30,1,1,2,0.0,0,HB,DEU,Offline TA/TO,TA/TO,0,0,0,A,A,0,No Deposit,6.0,0,Transient-Party,115.0,0,1
City Hotel,0,301,2016,July,31,30,1,1,2,0.0,0,HB,DEU,Offline TA/TO,TA/TO,0,0,0,A,A,0,No Deposit,6.0,0,Transient-Party,115.0,0,1
City Hotel,0,198,2016,July,31,30,1,1,2,0.0,0,HB,ITA,Groups,TA/TO,0,0,0,A,A,0,No Deposit,1.0,0,Transient-Party,96.0,0,1
City Hotel,0,180,2016,July,31,28,1,3,2,0.0,0,SC,LTU,Online TA,TA/TO,0,0,0,A,A,0,No Deposit,9.0,0,Transient,85.0,0,1
City Hotel,0,198,2016,July,31,30,1,1,2,0.0,0,HB,ITA,Groups,TA/TO,0,0,0,A,A,0,No Deposit,1.0,0,Transient-Party,96.0,0,1
City Hotel,0,198,2016,July,31,30,1,1,2,0.0,0,HB,ITA,Groups,TA/TO,0,0,0,A,A,0,No Deposit,1.0,0,Transient-Party,96.0,0,1
City Hotel,0,198,2016,July,31,30,1,1,2,0.0,0,HB,ITA,Groups,TA/TO,0,0,0,A,A,0,No Deposit,1.0,0,Transient-Party,96.0,0,1
City Hotel,0,198,2016,July,31,30,1,1,2,0.0,0,HB,ITA,Groups,TA/TO,0,0,0,A,C,0,No Deposit,1.0,0,Transient-Party,96.0,0,1
City Hotel,0,301,2016,July,31,30,1,1,2,0.0,0,HB,DEU,Offline TA/TO,TA/TO,0,0,0,A,A,0,No Deposit,6.0,0,Transient-Party,115.0,0,1
City Hotel,0,198,2016,July,31,30,1,1,2,0.0,0,HB,ITA,Groups,TA/TO,0,0,0,A,A,0,No Deposit,1.0,0,Transient-Party,96.0,0,1
City Hotel,0,198,2016,July,31,30,1,1,2,0.0,0,HB,ITA,Groups,TA/TO,0,0,0,A,A,0,No Deposit,1.0,0,Transient-Party,96.0,0,1
City Hotel,0,198,2016,July,31,30,1,1,2,0.0,0,HB,ITA,Groups,TA/TO,0,0,0,A,A,0,No Deposit,1.0,0,Transient-Party,96.0,0,1
City Hotel,0,198,2016,July,31,30,1,1,2,0.0,0,HB,ITA,Groups,TA/TO,0,0,0,A,A,0,No Deposit,1.0,0,Transient-Party,96.0,0,1
City Hotel,0,301,2016,July,31,30,1,1,2,0.0,0,HB,DEU,Offline TA/TO,TA/TO,0,0,0,A,A,0,No Deposit,6.0,0,Transient-Party,115.0,0,1
City Hotel,0,301,2016,July,31,30,1,1,2,0.0,0,HB,DEU,Offline TA/TO,TA/TO,0,0,0,A,A,0,No Deposit,6.0,0,Transient-Party,115.0,0,1
City Hotel,0,301,2016,July,31,30,1,1,2,0.0,0,HB,DEU,Offline TA/TO,TA/TO,0,0,0,A,A,0,No Deposit,6.0,0,Transient-Party,115.0,0,1
City Hotel,0,301,2016,July,31,30,1,1,2,0.0,0,HB,DEU,Offline TA/TO,TA/TO,0,0,0,A,A,0,No Deposit,6.0,0,Transient-Party,115.0,0,1
City Hotel,0,301,2016,July,31,30,1,1,2,0.0,0,HB,DEU,Offline TA/TO,TA/TO,0,0,0,A,A,0,No Deposit,6.0,0,Transient-Party,115.0,0,1
City Hotel,0,301,2016,July,31,30,1,1,2,0.0,0,HB,DEU,Offline TA/TO,TA/TO,0,0,0,A,A,0,No Deposit,6.0,0,Transient-Party,115.0,0,1
City Hotel,0,301,2016,July,31,30,1,1,2,0.0,0,HB,DEU,Offline TA/TO,TA/TO,0,0,0,A,A,0,No Deposit,6.0,0,Transient-Party,115.0,0,1
City Hotel,0,301,2016,July,31,30,1,1,2,0.0,0,HB,DEU,Offline TA/TO,TA/TO,0,0,0,A,A,0,No Deposit,6.0,0,Transient-Party,115.0,0,1
City Hotel,0,301,2016,July,31,30,1,1,2,0.0,0,HB,DEU,Offline TA/TO,TA/TO,0,0,0,A,D,0,No Deposit,6.0,0,Transient-Party,115.0,0,1
City Hotel,0,301,2016,July,31,30,1,1,2,0.0,0,HB,DEU,Offline TA/TO,TA/TO,0,0,0,A,A,0,No Deposit,6.0,0,Transient-Party,115.0,0,1
City Hotel,0,301,2016,July,31,30,1,1,2,0.0,0,HB,DEU,Offline TA/TO,TA/TO,0,0,0,A,A,0,No Deposit,6.0,0,Transient-Party,115.0,0,1
City Hotel,0,16,2016,July,31,30,1,1,2,0.0,0,BB,ITA,Online TA,TA/TO,0,0,0,D,D,0,No Deposit,9.0,0,Transient,166.0,0,1
City Hotel,0,301,2016,July,31,30,1,1,2,0.0,0,HB,DEU,Offline TA/TO,TA/TO,0,0,0,A,A,0,No Deposit,6.0,0,Transient-Party,115.0,0,1
City Hotel,0,301,2016,July,31,30,1,1,2,0.0,0,HB,DEU,Offline TA/TO,TA/TO,0,0,0,A,A,0,No Deposit,6.0,0,Transient-Party,115.0,0,1
City Hotel,0,301,2016,July,31,30,1,1,2,0.0,0,HB,DEU,Offline TA/TO,TA/TO,0,0,0,A,A,0,No Deposit,6.0,0,Transient-Party,115.0,0,1
City Hotel,0,301,2016,July,31,30,1,1,2,0.0,0,HB,DEU,Offline TA/TO,TA/TO,0,0,0,A,A,0,No Deposit,6.0,0,Transient-Party,115.0,0,1
City Hotel,0,301,2016,July,31,30,1,1,2,0.0,0,HB,ROU,Offline TA/TO,TA/TO,0,0,0,A,A,0,No Deposit,6.0,0,Transient-Party,115.0,0,1
City Hotel,0,301,2016,July,31,30,1,1,2,0.0,0,HB,DEU,Offline TA/TO,TA/TO,0,0,0,A,A,0,No Deposit,6.0,0,Transient-Party,115.0,0,1
City Hotel,0,301,2016,July,31,30,1,1,2,0.0,0,HB,DEU,Offline TA/TO,TA/TO,0,0,0,A,A,0,No Deposit,6.0,0,Transient-Party,115.0,0,1
City Hotel,0,301,2016,July,31,30,1,1,2,0.0,0,HB,DEU,Offline TA/TO,TA/TO,0,0,0,A,A,0,No Deposit,6.0,0,Transient-Party,115.0,0,1
City Hotel,0,301,2016,July,31,30,1,1,2,0.0,0,HB,DEU,Offline TA/TO,TA/TO,0,0,0,A,A,0,No Deposit,6.0,0,Transient-Party,115.0,0,1
City Hotel,0,301,2016,July,31,30,1,1,2,0.0,0,HB,DEU,Offline TA/TO,TA/TO,0,0,0,A,A,0,No Deposit,6.0,0,Transient-Party,115.0,0,1
City Hotel,0,301,2016,July,31,30,1,1,2,0.0,0,HB,DEU,Offline TA/TO,TA/TO,0,0,0,A,A,0,No Deposit,6.0,0,Transient-Party,115.0,0,1
City Hotel,0,301,2016,July,31,30,1,1,2,0.0,0,HB,DEU,Offline TA/TO,TA/TO,0,0,0,A,A,0,No Deposit,6.0,0,Transient-Party,115.0,0,1
City Hotel,0,301,2016,July,31,30,1,1,2,0.0,0,HB,DEU,Offline TA/TO,TA/TO,0,0,0,A,A,0,No Deposit,6.0,0,Transient-Party,115.0,0,1
City Hotel,0,0,2016,July,32,31,1,0,2,0.0,0,BB,PRT,Online TA,TA/TO,0,0,0,D,D,0,No Deposit,9.0,0,Transient,115.0,0,0
City Hotel,0,132,2016,July,31,29,1,2,2,0.0,0,BB,AUS,Online TA,TA/TO,0,0,0,D,D,0,No Deposit,9.0,0,Transient,124.8,0,1
City Hotel,0,301,2016,July,31,30,1,1,2,0.0,0,HB,DEU,Offline TA/TO,TA/TO,0,0,0,A,A,0,No Deposit,6.0,0,Transient-Party,115.0,0,1
City Hotel,0,301,2016,July,31,30,1,1,2,0.0,0,HB,DEU,Offline TA/TO,TA/TO,0,0,0,A,A,0,No Deposit,6.0,0,Transient-Party,115.0,0,1
City Hotel,0,301,2016,July,31,30,1,1,2,0.0,0,HB,DEU,Offline TA/TO,TA/TO,0,0,0,A,A,0,No Deposit,6.0,0,Transient-Party,115.0,0,1
City Hotel,0,301,2016,July,31,30,1,1,2,0.0,0,HB,DEU,Offline TA/TO,TA/TO,0,0,0,A,A,0,No Deposit,6.0,0,Transient-Party,115.0,0,1
City Hotel,0,148,2016,July,31,25,2,5,2,0.0,0,BB,BEL,Online TA,TA/TO,0,0,0,A,A,1,No Deposit,9.0,0,Transient,105.96,0,1
City Hotel,0,89,2016,July,31,26,1,5,2,0.0,0,BB,FRA,Online TA,TA/TO,0,0,0,D,D,0,No Deposit,9.0,0,Transient,121.8,0,1
City Hotel,0,301,2016,July,31,30,1,1,2,0.0,0,HB,DEU,Offline TA/TO,TA/TO,0,0,0,A,A,0,No Deposit,6.0,0,Transient-Party,115.0,0,1
City Hotel,0,301,2016,July,31,30,1,1,2,0.0,0,HB,DEU,Offline TA/TO,TA/TO,0,0,0,A,A,0,No Deposit,6.0,0,Transient-Party,115.0,0,1
City Hotel,0,301,2016,July,31,30,1,1,2,0.0,0,HB,DEU,Offline TA/TO,TA/TO,0,0,0,A,A,0,No Deposit,6.0,0,Transient-Party,115.0,0,1
City Hotel,0,301,2016,July,31,30,1,1,2,0.0,0,HB,DEU,Offline TA/TO,TA/TO,0,0,0,A,A,0,No Deposit,6.0,0,Transient-Party,115.0,0,1
City Hotel,0,301,2016,July,31,30,1,1,2,0.0,0,HB,DEU,Offline TA/TO,TA/TO,0,0,0,A,A,0,No Deposit,6.0,0,Transient-Party,115.0,0,1
City Hotel,0,301,2016,July,31,30,1,1,2,0.0,0,HB,DEU,Offline TA/TO,TA/TO,0,0,0,A,A,0,No Deposit,6.0,0,Transient-Party,115.0,0,1
City Hotel,0,301,2016,July,31,30,1,1,2,0.0,0,HB,PRT,Offline TA/TO,TA/TO,0,0,0,A,A,0,No Deposit,6.0,0,Transient-Party,115.0,0,1
City Hotel,0,301,2016,July,31,30,1,1,2,0.0,0,HB,DEU,Offline TA/TO,TA/TO,0,0,0,A,A,0,No Deposit,6.0,0,Transient-Party,115.0,0,1
City Hotel,0,301,2016,July,31,30,1,1,2,0.0,0,HB,DEU,Offline TA/TO,TA/TO,0,0,0,A,A,0,No Deposit,6.0,0,Transient-Party,115.0,0,1
City Hotel,0,195,2016,July,31,25,2,5,2,0.0,0,BB,FRA,Online TA,TA/TO,0,0,0,D,A,0,No Deposit,9.0,0,Transient,99.45,0,1
City Hotel,0,301,2016,July,31,30,1,1,2,0.0,0,HB,DEU,Offline TA/TO,TA/TO,0,0,0,A,D,0,No Deposit,6.0,0,Transient-Party,115.0,0,1
City Hotel,0,0,2016,July,32,31,1,0,2,0.0,0,BB,PRT,Direct,Direct,0,0,0,D,D,0,No Deposit,,0,Transient,132.0,0,0
City Hotel,0,179,2016,July,31,28,1,3,2,0.0,0,BB,NLD,Direct,Direct,0,0,0,A,A,0,No Deposit,14.0,0,Transient,85.0,0,0
City Hotel,0,301,2016,July,31,30,1,1,2,0.0,0,HB,DEU,Offline TA/TO,TA/TO,0,0,0,A,A,0,No Deposit,6.0,0,Transient-Party,115.0,0,1
City Hotel,0,147,2016,July,31,25,2,5,2,0.0,0,BB,NLD,Offline TA/TO,TA/TO,0,0,0,A,A,0,No Deposit,121.0,0,Transient,72.25,0,0
City Hotel,0,172,2016,July,31,26,1,5,2,0.0,0,BB,DEU,Offline TA/TO,TA/TO,0,0,0,A,A,0,No Deposit,27.0,0,Transient,72.25,0,0
City Hotel,0,144,2016,July,31,30,1,1,2,0.0,0,BB,NLD,Online TA,TA/TO,0,0,0,A,A,0,No Deposit,9.0,0,Transient-Party,114.3,0,2
City Hotel,0,301,2016,July,31,30,1,1,2,0.0,0,HB,DEU,Offline TA/TO,TA/TO,0,0,0,A,A,0,No Deposit,6.0,0,Transient-Party,115.0,0,1
City Hotel,0,301,2016,July,31,30,1,1,2,0.0,0,HB,DEU,Offline TA/TO,TA/TO,0,0,0,A,A,0,No Deposit,6.0,0,Transient-Party,115.0,0,1
City Hotel,0,301,2016,July,31,30,1,1,2,0.0,0,HB,DEU,Offline TA/TO,TA/TO,0,0,0,A,A,0,No Deposit,6.0,0,Transient-Party,115.0,0,1
City Hotel,0,166,2016,July,31,30,2,1,2,0.0,0,BB,DEU,Offline TA/TO,TA/TO,0,0,0,A,A,0,No Deposit,27.0,0,Transient-Party,72.25,0,0
City Hotel,0,166,2016,July,31,30,2,1,2,0.0,0,BB,DEU,Offline TA/TO,TA/TO,0,0,0,A,A,0,No Deposit,27.0,0,Transient-Party,81.25,0,0
City Hotel,0,196,2016,July,31,26,2,5,2,0.0,0,BB,AUT,Online TA,TA/TO,0,0,0,A,A,0,No Deposit,7.0,0,Transient,66.53,0,1
City Hotel,0,4,2016,August,32,1,1,0,2,0.0,0,SC,JPN,Online TA,TA/TO,0,0,0,A,A,0,No Deposit,11.0,0,Transient,87.2,0,0
City Hotel,0,163,2016,August,32,1,1,0,2,0.0,0,BB,PRT,Online TA,TA/TO,0,0,0,A,A,0,No Deposit,9.0,0,Transient-Party,105.3,0,2
City Hotel,0,35,2016,August,32,1,1,0,2,0.0,0,BB,ESP,Online TA,TA/TO,0,0,0,A,A,0,No Deposit,9.0,0,Transient,144.9,0,1
City Hotel,0,1,2016,August,32,1,1,0,2,0.0,0,BB,PRT,Online TA,TA/TO,0,0,0,A,A,0,No Deposit,9.0,0,Transient,111.0,1,1
City Hotel,0,196,2016,August,32,1,1,0,2,0.0,0,BB,DEU,Online TA,TA/TO,0,0,0,A,A,0,No Deposit,9.0,0,Transient,105.3,1,0
City Hotel,0,0,2016,August,32,1,1,0,2,0.0,0,BB,PRT,Online TA,TA/TO,0,0,0,A,A,0,No Deposit,9.0,0,Transient,121.0,0,1
City Hotel,0,20,2016,July,31,30,2,1,2,0.0,0,BB,CHE,Online TA,TA/TO,0,0,0,D,D,0,No Deposit,7.0,0,Transient,117.55,0,1
City Hotel,0,0,2016,July,31,30,2,1,2,0.0,0,BB,DEU,Offline TA/TO,TA/TO,0,0,0,A,D,2,No Deposit,83.0,0,Transient,84.8,0,0
City Hotel,0,272,2016,July,31,28,2,3,2,0.0,0,BB,DEU,Online TA,TA/TO,0,0,0,A,A,0,No Deposit,8.0,0,Transient,90.1,0,0
City Hotel,0,174,2016,July,32,31,2,0,2,0.0,0,SC,FRA,Online TA,TA/TO,0,0,0,A,B,0,No Deposit,9.0,0,Transient,94.5,0,0
City Hotel,0,272,2016,July,31,28,2,3,2,0.0,0,BB,DEU,Online TA,TA/TO,0,0,0,A,A,0,No Deposit,8.0,0,Transient,90.1,0,0
City Hotel,0,2,2016,August,32,1,1,0,2,0.0,0,BB,NLD,Online TA,TA/TO,0,0,0,A,A,1,No Deposit,9.0,0,Transient,109.0,0,0
City Hotel,0,16,2016,August,32,1,1,0,2,0.0,0,BB,NLD,Online TA,TA/TO,0,0,0,A,A,0,No Deposit,9.0,0,Transient,130.0,1,1
City Hotel,0,0,2016,August,32,1,1,0,2,0.0,0,SC,PRT,Online TA,TA/TO,0,0,0,A,A,0,No Deposit,9.0,0,Transient,90.0,0,1
City Hotel,0,16,2016,August,32,1,1,0,2,0.0,0,BB,NLD,Online TA,TA/TO,0,0,0,A,A,0,No Deposit,9.0,0,Transient,121.0,0,1
City Hotel,0,160,2016,July,31,25,3,5,2,0.0,0,BB,DNK,Online TA,TA/TO,0,0,0,A,A,0,No Deposit,11.0,0,Transient,71.6,0,0
City Hotel,0,52,2016,July,32,31,2,0,2,0.0,0,BB,PRT,Online TA,TA/TO,0,0,0,D,D,0,No Deposit,9.0,0,Transient,149.4,0,1
City Hotel,0,0,2016,August,32,1,1,0,2,0.0,0,BB,PRT,Online TA,TA/TO,0,0,0,A,A,0,No Deposit,9.0,0,Transient,102.0,0,1
City Hotel,0,0,2016,August,32,1,1,0,2,0.0,0,SC,PRT,Online TA,TA/TO,0,0,0,A,A,0,No Deposit,152.0,0,Transient,59.04,0,0
City Hotel,0,171,2016,July,30,20,4,10,2,0.0,0,BB,POL,Online TA,TA/TO,0,0,0,A,A,3,No Deposit,9.0,0,Transient,104.39,0,1
City Hotel,0,181,2016,July,31,30,2,2,2,0.0,0,BB,ESP,Online TA,TA/TO,0,0,0,A,A,0,No Deposit,8.0,0,Transient,103.95,0,1
City Hotel,0,145,2016,July,31,30,2,2,2,0.0,0,BB,ITA,Online TA,TA/TO,0,0,0,D,D,0,No Deposit,9.0,0,Transient-Party,116.45,0,1
City Hotel,0,0,2016,August,32,2,0,1,2,0.0,0,SC,PRT,Direct,Direct,0,0,0,A,A,0,No Deposit,,0,Transient,129.0,0,0
City Hotel,0,4,2016,August,32,2,0,1,2,0.0,0,SC,USA,Online TA,TA/TO,0,0,0,A,A,0,No Deposit,7.0,0,Transient,92.93,0,0
City Hotel,0,174,2016,July,31,26,2,6,2,0.0,0,BB,ITA,Online TA,TA/TO,0,0,0,A,A,0,No Deposit,9.0,0,Transient,99.45,0,1
City Hotel,0,41,2016,July,32,31,2,1,2,0.0,0,BB,FRA,Direct,Direct,0,0,0,E,E,0,No Deposit,,0,Transient-Party,177.3,1,0
City Hotel,0,41,2016,July,32,31,2,1,2,0.0,0,BB,FRA,Direct,Direct,0,0,0,E,E,0,No Deposit,,0,Transient-Party,168.3,0,1
City Hotel,0,4,2016,August,32,2,0,1,2,0.0,0,SC,ESP,Offline TA/TO,TA/TO,0,0,0,A,A,0,No Deposit,6.0,0,Transient,87.2,0,0
City Hotel,0,0,2016,August,32,2,0,1,2,0.0,0,SC,FRA,Online TA,TA/TO,0,0,0,A,A,0,No Deposit,152.0,0,Transient,73.81,0,0
City Hotel,0,131,2016,August,32,1,1,1,2,0.0,0,HB,PRT,Online TA,TA/TO,0,0,0,D,D,0,No Deposit,9.0,0,Transient,162.0,0,3
City Hotel,0,261,2016,July,31,27,2,5,2,0.0,0,BB,FIN,Online TA,TA/TO,0,0,0,A,A,0,No Deposit,11.0,0,Transient,65.49,0,0
City Hotel,0,274,2016,July,32,31,2,1,2,0.0,0,BB,GBR,Online TA,TA/TO,0,0,0,B,B,0,No Deposit,9.0,0,Transient,96.5,0,1
City Hotel,0,274,2016,July,32,31,2,1,2,0.0,0,BB,GBR,Online TA,TA/TO,0,0,0,B,B,0,No Deposit,9.0,0,Transient,96.5,0,1
City Hotel,0,176,2016,July,31,28,2,4,2,0.0,0,BB,FRA,Online TA,TA/TO,0,0,0,A,A,0,No Deposit,9.0,0,Transient,108.45,1,1
City Hotel,0,145,2016,August,32,1,1,1,2,0.0,0,SC,NOR,Online TA,TA/TO,0,0,0,A,A,0,No Deposit,9.0,0,Transient,94.5,0,0
City Hotel,0,3,2016,August,32,1,1,1,2,0.0,0,SC,ISR,Online TA,TA/TO,0,0,0,A,A,0,No Deposit,9.0,0,Transient,109.0,0,1
City Hotel,0,3,2016,August,32,1,1,1,2,0.0,0,SC,ISR,Online TA,TA/TO,0,0,0,A,A,0,No Deposit,9.0,0,Transient,109.0,0,1
City Hotel,0,197,2016,August,32,1,1,1,2,0.0,0,SC,NLD,Online TA,TA/TO,0,0,0,A,A,0,No Deposit,9.0,0,Transient-Party,85.5,0,1
City Hotel,0,157,2016,July,31,27,2,5,2,0.0,0,BB,SWE,Online TA,TA/TO,0,0,0,A,A,0,No Deposit,7.0,0,Transient,78.45,0,1
City Hotel,0,197,2016,August,32,1,1,1,2,0.0,0,SC,NLD,Online TA,TA/TO,0,0,0,A,A,0,No Deposit,9.0,0,Transient-Party,85.5,0,1
City Hotel,0,1,2016,August,32,1,1,1,2,0.0,0,SC,ESP,Online TA,TA/TO,0,0,0,A,A,0,No Deposit,89.0,0,Transient,71.65,0,0
City Hotel,0,161,2016,July,31,30,2,2,2,0.0,0,SC,ROU,Online TA,TA/TO,0,0,0,A,A,0,No Deposit,9.0,0,Transient,89.25,0,1
City Hotel,0,8,2016,July,32,31,2,1,2,0.0,0,BB,GBR,Offline TA/TO,TA/TO,0,0,0,A,A,0,No Deposit,,0,Transient,86.53,0,0
City Hotel,0,168,2016,July,32,31,2,1,2,0.0,0,BB,AUT,Online TA,TA/TO,0,0,0,A,D,0,No Deposit,7.0,0,Transient,81.08,0,1
City Hotel,0,192,2016,July,32,31,2,1,2,0.0,0,BB,AUT,Online TA,TA/TO,0,0,0,A,A,0,No Deposit,9.0,0,Transient,105.3,1,1
City Hotel,0,2,2016,August,32,2,0,1,2,0.0,0,BB,NLD,Online TA,TA/TO,0,0,0,A,A,0,No Deposit,9.0,0,Transient,121.0,0,2
City Hotel,0,0,2016,August,32,2,0,1,2,0.0,0,SC,PRT,Online TA,TA/TO,0,0,0,A,A,0,No Deposit,152.0,0,Transient,66.42,0,0
City Hotel,0,122,2016,July,30,23,4,7,2,0.0,0,BB,NOR,Online TA,TA/TO,0,0,0,D,A,0,No Deposit,7.0,0,Transient,87.58,0,1
City Hotel,0,0,2016,August,32,1,1,1,2,0.0,0,BB,BEL,Online TA,TA/TO,0,0,0,A,A,0,No Deposit,7.0,0,Transient,85.86,0,1
City Hotel,0,29,2016,August,32,2,0,1,2,0.0,0,BB,FRA,Direct,Direct,0,0,0,A,A,0,No Deposit,,0,Transient,149.0,0,1
City Hotel,0,23,2016,August,32,3,0,1,2,0.0,0,BB,FRA,Online TA,TA/TO,0,0,0,D,D,0,No Deposit,9.0,0,Transient,166.0,0,1
City Hotel,0,23,2016,August,32,3,0,1,2,0.0,0,BB,FRA,Online TA,TA/TO,0,0,0,D,A,0,No Deposit,9.0,0,Transient,166.0,0,1
City Hotel,0,121,2016,July,30,18,5,12,2,0.0,0,BB,SAU,Offline TA/TO,TA/TO,0,0,0,A,A,0,No Deposit,42.0,0,Transient,72.25,0,0
City Hotel,0,195,2016,July,31,27,2,6,2,0.0,0,BB,SWE,Online TA,TA/TO,0,0,0,A,A,0,No Deposit,7.0,0,Transient,66.53,0,1
City Hotel,0,177,2016,July,32,31,2,2,2,0.0,0,BB,FRA,Online TA,TA/TO,0,0,0,A,A,0,No Deposit,9.0,0,Transient,99.45,0,1
City Hotel,0,257,2016,July,32,31,2,2,2,0.0,0,BB,DEU,Online TA,TA/TO,0,0,0,A,A,0,No Deposit,8.0,0,Transient,90.95,0,0
City Hotel,1,2,2016,October,45,30,2,0,2,0.0,0,BB,PRT,Complementary,Direct,1,1,5,A,A,0,No Deposit,,0,Transient,0.0,0,4
City Hotel,1,1,2017,May,18,4,0,2,2,0.0,0,BB,PRT,Complementary,Direct,1,1,10,F,F,0,No Deposit,,0,Transient,0.0,0,2
City Hotel,1,1,2017,May,19,13,0,1,2,0.0,0,BB,PRT,Complementary,Direct,1,4,11,D,D,0,No Deposit,,0,Transient-Party,0.0,0,3
City Hotel,1,1,2017,May,19,13,0,1,2,0.0,0,BB,PRT,Complementary,Direct,1,4,11,D,D,0,No Deposit,,0,Transient-Party,0.0,0,3
City Hotel,0,4,2017,June,22,2,0,1,2,0.0,0,BB,PRT,Complementary,Direct,1,4,13,F,D,0,No Deposit,,0,Transient,0.0,0,3
City Hotel,0,15,2017,June,22,2,0,1,2,0.0,0,BB,PRT,Complementary,Direct,1,4,13,F,F,0,No Deposit,,0,Transient,0.0,0,3
City Hotel,0,188,2016,July,31,30,2,3,2,0.0,0,BB,ESP,Direct,Direct,0,0,0,A,A,0,No Deposit,14.0,0,Transient-Party,87.55,0,0
City Hotel,0,1,2016,August,32,2,0,2,2,0.0,0,SC,SVK,Online TA,TA/TO,0,0,0,A,A,0,No Deposit,9.0,0,Transient,133.0,1,1
City Hotel,0,1,2016,August,32,2,0,2,2,0.0,0,SC,SVK,Online TA,TA/TO,0,0,0,A,A,0,No Deposit,9.0,0,Transient,124.0,0,1
City Hotel,0,161,2016,July,32,31,2,2,2,0.0,0,SC,NLD,Online TA,TA/TO,0,0,0,A,A,0,No Deposit,9.0,0,Transient-Party,91.38,0,0
City Hotel,0,108,2016,July,31,30,2,3,2,0.0,0,BB,ESP,Offline TA/TO,TA/TO,0,0,0,A,A,0,No Deposit,168.0,0,Transient,81.25,0,0
City Hotel,0,196,2016,July,32,31,2,2,2,0.0,0,SC,GBR,Online TA,TA/TO,0,0,0,A,A,0,No Deposit,9.0,0,Transient,80.75,0,1
City Hotel,0,23,2016,August,32,2,0,2,2,0.0,0,SC,FRA,Online TA,TA/TO,0,0,0,A,A,0,No Deposit,9.0,0,Transient,139.0,0,1
City Hotel,0,196,2016,July,32,31,2,2,2,0.0,0,SC,GBR,Online TA,TA/TO,0,0,0,A,A,0,No Deposit,9.0,0,Transient,83.0,1,1
City Hotel,0,142,2016,August,32,3,0,1,2,0.0,0,SC,FRA,Online TA,TA/TO,0,0,0,A,A,0,No Deposit,9.0,0,Transient,94.5,0,2
City Hotel,0,142,2016,August,32,3,0,1,2,0.0,0,SC,FRA,Online TA,TA/TO,0,0,0,A,A,0,No Deposit,9.0,0,Transient,94.5,0,2
City Hotel,0,124,2016,August,32,1,1,2,2,0.0,0,BB,CHE,Online TA,TA/TO,0,0,0,A,A,0,No Deposit,9.0,0,Transient,105.3,0,1
City Hotel,0,169,2016,July,31,30,2,3,2,0.0,0,BB,FRA,Online TA,TA/TO,0,0,0,A,A,0,No Deposit,9.0,0,Transient,101.25,1,2
City Hotel,0,124,2016,August,32,1,1,2,2,0.0,0,BB,CHE,Online TA,TA/TO,0,0,0,A,A,0,No Deposit,9.0,0,Transient,105.3,0,1
City Hotel,0,193,2016,July,32,31,2,2,2,0.0,0,BB,AUT,Offline TA/TO,TA/TO,0,0,0,A,A,0,No Deposit,27.0,0,Transient-Party,72.25,0,1
City Hotel,0,193,2016,July,32,31,2,2,2,0.0,0,BB,AUT,Offline TA/TO,TA/TO,0,0,0,A,A,0,No Deposit,27.0,0,Transient-Party,72.25,0,1
City Hotel,0,182,2016,August,32,3,0,1,2,0.0,0,SC,FRA,Online TA,TA/TO,0,0,0,A,B,0,No Deposit,9.0,0,Transient,94.5,0,1
City Hotel,0,198,2016,July,32,31,2,2,2,0.0,0,SC,FRA,Online TA,TA/TO,0,0,0,A,A,0,No Deposit,7.0,0,Transient,62.18,0,1
City Hotel,0,12,2016,August,32,1,1,2,2,0.0,0,SC,ESP,Online TA,TA/TO,0,0,0,A,K,0,No Deposit,9.0,0,Transient,128.0,1,2
City Hotel,0,12,2016,August,32,1,1,2,2,0.0,0,SC,ESP,Online TA,TA/TO,0,0,0,A,K,0,No Deposit,9.0,0,Transient,119.0,0,2
City Hotel,0,189,2016,July,31,30,2,3,2,0.0,0,BB,AUT,Online TA,TA/TO,0,0,0,A,A,0,No Deposit,9.0,0,Transient-Party,90.95,0,1
City Hotel,0,158,2016,July,31,28,2,5,2,0.0,0,BB,DNK,Direct,Direct,0,0,0,A,A,0,No Deposit,14.0,0,Transient,91.68,0,1
City Hotel,0,189,2016,July,31,30,2,3,2,0.0,0,BB,AUT,Online TA,TA/TO,0,0,0,D,D,0,No Deposit,9.0,0,Transient-Party,103.7,0,1
City Hotel,0,189,2016,July,31,30,2,3,2,0.0,0,BB,AUT,Online TA,TA/TO,0,0,0,A,A,0,No Deposit,9.0,0,Transient-Party,90.95,0,1
City Hotel,0,158,2016,July,31,28,2,5,2,0.0,0,BB,DNK,Direct,Direct,0,0,0,D,D,0,No Deposit,14.0,0,Transient,109.53,0,1
City Hotel,0,189,2016,July,31,30,2,3,2,0.0,0,BB,AUT,Online TA,TA/TO,0,0,0,A,A,0,No Deposit,9.0,0,Transient-Party,90.95,0,1
City Hotel,0,152,2016,August,32,1,1,2,2,0.0,0,BB,PRT,Offline TA/TO,TA/TO,0,0,0,A,A,0,No Deposit,22.0,0,Transient,72.25,0,0
City Hotel,0,170,2016,August,32,1,1,2,2,0.0,0,BB,BEL,Online TA,TA/TO,0,0,0,A,A,0,No Deposit,9.0,0,Transient-Party,105.3,0,0
City Hotel,0,170,2016,August,32,1,1,2,2,0.0,0,BB,BEL,Online TA,TA/TO,0,0,0,A,A,0,No Deposit,9.0,0,Transient-Party,105.3,0,0
City Hotel,0,188,2016,July,31,30,2,3,2,0.0,0,BB,ESP,Direct,Direct,0,0,0,A,A,0,No Deposit,14.0,0,Transient-Party,105.55,1,0
City Hotel,0,161,2016,July,32,31,2,2,2,0.0,0,SC,NLD,Online TA,TA/TO,0,0,0,A,A,0,No Deposit,9.0,0,Transient-Party,91.38,0,0
City Hotel,0,187,2016,July,31,28,2,5,2,0.0,0,BB,PRT,Direct,Direct,0,0,0,A,A,0,No Deposit,14.0,0,Transient,80.75,1,0
City Hotel,0,15,2016,August,32,2,0,2,2,0.0,0,SC,SWE,Online TA,TA/TO,0,0,0,A,A,0,No Deposit,9.0,0,Transient,124.0,0,1
City Hotel,0,15,2016,August,32,2,0,2,2,0.0,0,SC,BEL,Online TA,TA/TO,0,0,0,A,A,0,No Deposit,9.0,0,Transient,124.0,0,0
City Hotel,0,1,2016,August,32,3,0,1,2,0.0,0,BB,FRA,Online TA,TA/TO,0,0,0,D,B,0,No Deposit,9.0,0,Transient,166.0,0,3
City Hotel,0,122,2016,August,32,2,0,3,2,0.0,0,BB,PRT,Online TA,TA/TO,0,0,0,D,A,0,No Deposit,8.0,0,Transient,118.8,0,1
City Hotel,0,124,2016,August,32,1,1,3,2,0.0,0,BB,DMA,Online TA,TA/TO,0,0,0,A,A,0,No Deposit,9.0,0,Transient,105.3,0,1
City Hotel,0,173,2016,August,32,4,0,1,2,0.0,0,BB,CHE,Online TA,TA/TO,0,0,0,A,A,0,No Deposit,9.0,0,Transient,105.3,0,0
City Hotel,0,66,2016,August,32,4,0,1,2,0.0,0,BB,GBR,Online TA,TA/TO,0,0,0,B,B,1,No Deposit,9.0,0,Transient-Party,127.38,0,1
City Hotel,0,1,2016,August,32,4,0,1,2,0.0,0,BB,BEL,Online TA,TA/TO,0,0,0,A,A,0,No Deposit,9.0,0,Transient,151.0,0,1
City Hotel,0,1,2016,August,32,4,0,1,2,0.0,0,BB,BEL,Online TA,TA/TO,0,0,0,A,A,0,No Deposit,9.0,0,Transient,151.0,0,1
City Hotel,0,159,2016,August,32,1,1,3,2,0.0,0,BB,NOR,Online TA,TA/TO,0,0,0,A,A,0,No Deposit,9.0,0,Transient-Party,99.45,0,1
City Hotel,0,159,2016,August,32,1,1,3,2,0.0,0,BB,NOR,Online TA,TA/TO,0,0,0,A,A,0,No Deposit,9.0,0,Transient-Party,99.45,0,1
City Hotel,0,122,2016,August,32,2,0,3,2,0.0,0,BB,FRA,Online TA,TA/TO,0,0,0,D,A,0,No Deposit,9.0,0,Transient,118.8,0,1
City Hotel,0,149,2016,July,31,26,2,8,2,0.0,0,BB,BEL,Direct,Direct,0,0,0,A,A,0,No Deposit,14.0,0,Transient,90.95,0,1
City Hotel,0,1,2016,August,32,4,0,1,2,0.0,0,SC,PRT,Online TA,TA/TO,0,0,0,A,A,0,No Deposit,9.0,0,Transient,118.0,0,0
City Hotel,0,161,2016,July,32,31,2,3,2,0.0,0,BB,FRA,Online TA,TA/TO,0,0,0,A,A,0,No Deposit,9.0,0,Transient,101.15,0,1
City Hotel,0,124,2016,August,32,4,0,1,2,0.0,0,BB,GBR,Online TA,TA/TO,0,0,0,D,A,0,No Deposit,9.0,0,Transient,127.8,1,1
City Hotel,0,48,2016,August,32,3,0,2,2,0.0,0,BB,BEL,Direct,Direct,0,0,0,A,A,0,No Deposit,14.0,0,Transient,125.1,0,2
City Hotel,0,0,2016,August,32,4,0,1,2,0.0,0,BB,FRA,Online TA,TA/TO,0,0,0,D,A,0,No Deposit,9.0,0,Transient,145.0,0,1
City Hotel,0,160,2016,August,32,2,0,3,2,0.0,0,BB,FRA,Online TA,TA/TO,0,0,0,A,A,0,No Deposit,9.0,0,Transient,114.3,0,1
City Hotel,0,1,2016,August,32,4,0,1,2,0.0,0,BB,FRA,Online TA,TA/TO,0,0,0,A,A,1,No Deposit,152.0,0,Transient,110.19,0,0
City Hotel,0,159,2016,August,32,2,0,3,2,0.0,0,BB,FRA,Offline TA/TO,TA/TO,0,0,0,A,A,0,No Deposit,6.0,0,Transient,82.44,0,1
City Hotel,0,159,2016,August,32,2,0,3,2,0.0,0,BB,FRA,Offline TA/TO,TA/TO,0,0,0,A,A,0,No Deposit,6.0,0,Transient,82.44,0,1
City Hotel,0,105,2016,July,32,31,2,3,2,0.0,0,BB,PRT,Online TA,TA/TO,0,0,0,D,D,0,No Deposit,9.0,0,Transient,120.6,0,1
City Hotel,0,30,2016,August,32,2,0,3,2,0.0,0,SC,ESP,Online TA,TA/TO,0,0,0,A,A,0,No Deposit,9.0,0,Transient,134.1,0,1
City Hotel,0,118,2016,August,32,2,0,3,2,0.0,0,BB,FRA,Online TA,TA/TO,0,0,0,D,A,0,No Deposit,9.0,0,Transient,118.8,0,1
City Hotel,0,131,2016,August,32,1,1,3,2,0.0,0,BB,BEL,Online TA,TA/TO,0,0,0,A,A,0,No Deposit,8.0,0,Transient,99.45,0,1
City Hotel,0,1,2016,August,32,4,0,1,2,0.0,0,SC,ESP,Direct,Direct,0,0,0,A,A,0,No Deposit,,0,Transient,139.0,1,2
City Hotel,0,1,2016,August,32,4,0,1,2,0.0,0,SC,ESP,Direct,Direct,0,0,0,A,A,0,No Deposit,,0,Transient,139.0,1,2
City Hotel,0,23,2016,August,32,3,0,2,2,0.0,0,BB,USA,Online TA,TA/TO,0,0,0,A,A,0,No Deposit,9.0,0,Transient,151.0,0,1
City Hotel,0,96,2016,August,32,2,0,3,2,0.0,0,BB,GBR,Complementary,Direct,0,0,0,A,A,0,No Deposit,,0,Transient,0.0,0,1
City Hotel,0,192,2016,August,32,3,0,2,2,0.0,0,SC,ISR,Online TA,TA/TO,0,0,0,A,A,0,No Deposit,9.0,0,Transient-Party,94.5,0,0
City Hotel,0,37,2016,August,32,3,0,2,2,0.0,0,BB,GBR,Online TA,TA/TO,0,0,0,A,A,0,No Deposit,9.0,0,Transient,135.9,0,1
City Hotel,0,137,2016,July,32,31,2,3,2,0.0,0,BB,FRA,Direct,Direct,0,0,0,D,D,3,No Deposit,14.0,0,Transient,99.38,0,2
City Hotel,0,28,2016,August,32,4,0,1,2,0.0,0,BB,GBR,Direct,Direct,0,0,0,A,A,0,No Deposit,,0,Transient,125.1,0,2
City Hotel,0,28,2016,August,32,4,0,1,2,0.0,0,BB,GBR,Direct,Direct,0,0,0,A,A,0,No Deposit,,0,Transient,125.1,0,2
City Hotel,0,0,2016,August,32,4,0,1,2,0.0,0,SC,PRT,Direct,Direct,0,0,0,B,B,1,No Deposit,,0,Transient,120.0,0,0
City Hotel,0,25,2016,August,32,3,0,2,2,0.0,0,BB,POL,Online TA,TA/TO,0,0,0,A,A,0,No Deposit,9.0,0,Transient,160.0,1,1
City Hotel,0,20,2016,August,32,5,0,1,2,0.0,0,BB,POL,Online TA,TA/TO,0,0,0,A,A,0,No Deposit,9.0,0,Group,12.0,1,1
City Hotel,0,24,2016,August,32,2,0,4,2,0.0,0,SC,GBR,Online TA,TA/TO,0,0,0,A,A,0,No Deposit,9.0,0,Transient,139.0,0,1
City Hotel,0,136,2016,August,32,3,0,3,2,0.0,0,BB,GBR,Online TA,TA/TO,0,0,0,A,A,0,No Deposit,9.0,0,Transient,105.3,0,1
City Hotel,0,165,2016,July,32,31,2,4,2,0.0,0,BB,CN,Offline TA/TO,TA/TO,0,0,0,A,A,0,No Deposit,3.0,0,Transient-Party,72.25,0,2
City Hotel,0,165,2016,July,32,31,2,4,2,0.0,0,BB,CN,Offline TA/TO,TA/TO,0,0,0,A,A,0,No Deposit,3.0,0,Transient-Party,72.25,0,2
City Hotel,0,159,2016,August,32,5,0,1,2,0.0,0,SC,CN,Online TA,TA/TO,0,0,0,A,A,0,No Deposit,9.0,0,Transient-Party,94.5,0,0
City Hotel,0,159,2016,August,32,5,0,1,2,0.0,0,SC,CN,Online TA,TA/TO,0,0,0,A,A,0,No Deposit,9.0,0,Transient-Party,94.5,0,0
City Hotel,0,136,2016,August,32,3,0,3,2,0.0,0,BB,GBR,Online TA,TA/TO,0,0,0,A,A,0,No Deposit,9.0,0,Transient,105.3,0,1
City Hotel,0,120,2016,August,32,2,0,4,2,0.0,0,BB,GBR,Offline TA/TO,TA/TO,0,0,0,A,A,0,No Deposit,85.0,0,Transient,72.25,0,0
City Hotel,0,153,2016,July,31,30,2,5,2,0.0,0,BB,FRA,Online TA,TA/TO,0,0,0,D,D,0,No Deposit,7.0,0,Transient,83.85,0,1
City Hotel,0,146,2016,August,32,5,0,1,2,0.0,0,BB,AUT,Online TA,TA/TO,0,0,0,A,B,0,No Deposit,9.0,0,Transient,114.3,0,1
City Hotel,0,85,2016,August,32,5,0,1,2,0.0,0,BB,GBR,Online TA,TA/TO,0,0,0,A,A,0,No Deposit,9.0,0,Transient,126.9,0,1
City Hotel,0,85,2016,August,32,5,0,1,2,0.0,0,BB,GBR,Online TA,TA/TO,0,0,0,A,A,0,No Deposit,9.0,0,Transient,126.9,0,1
City Hotel,0,24,2016,August,32,4,0,2,2,0.0,0,SC,ESP,Online TA,TA/TO,0,0,0,A,A,0,No Deposit,9.0,0,Transient,148.0,0,2
City Hotel,0,164,2016,August,32,4,0,2,2,0.0,0,SC,GBR,Online TA,TA/TO,0,0,0,A,A,0,No Deposit,9.0,0,Transient-Party,94.5,0,1
City Hotel,0,24,2016,August,32,4,0,2,2,0.0,0,SC,ESP,Online TA,TA/TO,0,0,0,A,A,0,No Deposit,9.0,0,Transient,139.0,0,2
City Hotel,0,280,2016,August,32,4,0,2,2,0.0,0,BB,PRT,Online TA,TA/TO,0,0,0,A,A,0,No Deposit,7.0,0,Transient,73.46,0,0
City Hotel,0,199,2016,August,32,2,0,4,2,0.0,0,BB,BRA,Online TA,TA/TO,0,0,0,A,A,2,No Deposit,7.0,0,Transient,70.44,0,2
City Hotel,0,121,2016,August,32,3,0,3,2,0.0,0,BB,DEU,Offline TA/TO,TA/TO,0,0,0,D,D,0,No Deposit,83.0,0,Transient,95.04,0,0
City Hotel,0,156,2016,August,32,2,0,4,2,0.0,0,BB,ESP,Online TA,TA/TO,0,0,0,A,A,0,No Deposit,9.0,0,Transient,99.45,0,0
City Hotel,0,3,2016,August,32,5,0,1,2,0.0,0,BB,FRA,Direct,Direct,0,0,0,D,A,0,No Deposit,14.0,0,Transient,210.0,0,2
City Hotel,0,131,2016,August,32,3,0,3,2,0.0,0,BB,USA,Offline TA/TO,TA/TO,0,0,0,A,A,1,No Deposit,,0,Transient,87.03,0,3
City Hotel,0,134,2016,August,32,4,0,2,2,0.0,0,BB,PRT,Online TA,TA/TO,0,0,0,A,A,1,No Deposit,9.0,0,Transient,105.3,0,1
City Hotel,0,128,2016,August,32,3,0,3,2,0.0,0,SC,FRA,Online TA,TA/TO,0,0,0,A,A,0,No Deposit,9.0,0,Transient,94.5,0,1
City Hotel,0,146,2016,August,32,5,0,1,2,0.0,0,BB,GBR,Offline TA/TO,TA/TO,0,0,0,A,B,0,No Deposit,22.0,0,Transient,81.25,0,1
City Hotel,0,131,2016,August,32,1,1,4,2,0.0,0,BB,PRT,Offline TA/TO,TA/TO,0,0,0,A,A,0,No Deposit,23.0,0,Transient,81.25,0,1
City Hotel,0,84,2016,August,32,4,0,2,2,0.0,0,BB,ESP,Online TA,TA/TO,0,0,0,A,A,1,No Deposit,9.0,0,Transient,126.9,1,1
City Hotel,0,31,2016,August,32,4,0,2,2,0.0,0,BB,FRA,Online TA,TA/TO,0,0,0,A,A,0,No Deposit,9.0,0,Transient,135.9,0,2
City Hotel,0,1,2016,August,32,3,0,3,2,0.0,0,SC,FRA,Online TA,TA/TO,0,0,0,A,A,0,No Deposit,9.0,0,Transient,139.0,0,2
City Hotel,0,5,2016,August,32,3,0,3,2,0.0,0,BB,FRA,Online TA,TA/TO,0,0,0,E,E,0,No Deposit,89.0,0,Transient,122.24,0,0
City Hotel,0,175,2016,August,32,2,0,4,2,0.0,0,BB,GBR,Online TA,TA/TO,0,0,0,A,A,0,No Deposit,9.0,0,Transient-Party,99.45,0,1
City Hotel,0,188,2016,August,32,3,0,3,2,0.0,0,BB,NLD,Online TA,TA/TO,0,0,0,A,A,0,No Deposit,9.0,0,Transient-Party,105.3,0,1
City Hotel,0,188,2016,August,32,3,0,3,2,0.0,0,BB,NLD,Online TA,TA/TO,0,0,0,A,A,0,No Deposit,9.0,0,Transient-Party,105.3,0,1
City Hotel,0,96,2016,August,32,4,0,2,2,0.0,0,BB,BEL,Direct,Direct,0,0,0,B,B,2,No Deposit,14.0,0,Transient,90.25,0,1
City Hotel,0,128,2016,August,32,3,0,3,2,0.0,0,SC,FRA,Online TA,TA/TO,0,0,0,A,A,0,No Deposit,9.0,0,Transient,94.5,0,1
City Hotel,0,2,2016,August,32,3,0,4,2,0.0,0,BB,DEU,Offline TA/TO,TA/TO,0,0,0,A,A,0,No Deposit,22.0,0,Transient,109.0,0,0
City Hotel,0,178,2016,August,32,3,0,4,2,0.0,0,BB,FRA,Online TA,TA/TO,0,0,0,A,A,0,No Deposit,9.0,0,Transient,99.45,0,1
City Hotel,0,114,2016,August,32,4,0,3,2,0.0,0,SC,IRL,Online TA,TA/TO,0,0,0,A,A,0,No Deposit,9.0,0,Transient,106.5,1,1
City Hotel,0,53,2016,August,32,6,0,1,2,0.0,0,BB,GBR,Online TA,TA/TO,0,0,0,D,D,0,No Deposit,9.0,0,Transient,149.4,0,1
City Hotel,0,53,2016,August,32,6,0,1,2,0.0,0,BB,GBR,Online TA,TA/TO,0,0,0,D,D,0,No Deposit,9.0,0,Transient,168.3,0,1
City Hotel,0,236,2016,August,32,2,0,5,2,0.0,0,BB,USA,Corporate,Corporate,0,0,0,A,A,0,No Deposit,,0,Transient,89.0,0,0
City Hotel,0,164,2016,August,32,3,0,4,2,0.0,0,SC,NLD,Online TA,TA/TO,0,0,0,A,A,0,No Deposit,9.0,0,Transient,89.25,0,1
City Hotel,0,13,2016,August,32,6,0,1,2,0.0,0,BB,FRA,Online TA,TA/TO,0,0,0,A,A,2,No Deposit,9.0,0,Transient,151.0,0,1
City Hotel,0,115,2016,August,32,3,0,4,2,0.0,0,BB,GBR,Online TA,TA/TO,0,0,0,A,A,0,No Deposit,89.0,0,Transient,77.18,0,1
City Hotel,0,115,2016,August,32,3,0,4,2,0.0,0,BB,GBR,Online TA,TA/TO,0,0,0,A,A,0,No Deposit,89.0,0,Transient,77.18,0,1
City Hotel,0,167,2016,August,32,5,0,2,2,0.0,0,BB,ISR,Online TA,TA/TO,0,0,0,A,A,0,No Deposit,9.0,0,Transient-Party,105.3,0,2
City Hotel,0,180,2016,August,32,3,0,4,2,0.0,0,BB,BEL,Direct,Direct,0,0,0,A,A,0,No Deposit,14.0,0,Transient-Party,89.25,0,0
City Hotel,0,180,2016,August,32,3,0,4,2,0.0,0,BB,BEL,Direct,Direct,0,0,0,A,A,0,No Deposit,14.0,0,Transient-Party,89.25,0,0
City Hotel,0,3,2016,August,32,5,0,2,2,0.0,0,BB,MAR,Online TA,TA/TO,0,0,0,A,A,0,No Deposit,8.0,0,Transient,151.0,0,1
City Hotel,0,131,2016,August,32,5,0,2,2,0.0,0,SC,GBR,Online TA,TA/TO,0,0,0,A,A,0,No Deposit,7.0,0,Transient,76.23,0,2
City Hotel,0,4,2016,August,32,6,0,1,2,0.0,0,SC,ESP,Online TA,TA/TO,0,0,0,A,A,0,No Deposit,9.0,0,Transient,139.0,0,1
City Hotel,0,92,2016,August,32,1,1,5,2,0.0,0,BB,ESP,Direct,Direct,0,0,0,A,A,0,No Deposit,14.0,0,Transient,116.1,1,0
City Hotel,0,138,2016,August,32,5,0,2,2,0.0,0,BB,FRA,Online TA,TA/TO,0,0,0,A,A,0,No Deposit,9.0,0,Transient,109.8,0,1
City Hotel,0,174,2016,August,32,6,0,1,2,0.0,0,BB,DEU,Online TA,TA/TO,0,0,0,A,A,1,No Deposit,9.0,0,Transient,105.3,0,1
City Hotel,0,2,2016,August,32,6,0,1,2,0.0,0,BB,FRA,Online TA,TA/TO,0,0,0,A,A,1,No Deposit,9.0,0,Transient,179.0,1,2
City Hotel,0,140,2016,July,32,31,2,5,2,0.0,0,BB,FRA,Online TA,TA/TO,0,0,0,D,D,1,No Deposit,9.0,0,Transient-Party,114.63,0,0
City Hotel,0,110,2016,August,32,1,1,5,2,0.0,0,BB,FRA,Online TA,TA/TO,0,0,0,D,D,0,No Deposit,9.0,0,Transient,120.3,0,1
City Hotel,0,203,2016,August,32,3,0,4,2,0.0,0,SC,RUS,Online TA,TA/TO,0,0,0,A,A,0,No Deposit,11.0,0,Transient,58.14,0,0
City Hotel,0,152,2016,August,32,6,0,1,2,0.0,0,BB,FRA,Online TA,TA/TO,0,0,0,A,B,1,No Deposit,9.0,0,Transient,114.3,0,1
City Hotel,0,30,2016,August,32,5,0,2,2,0.0,0,BB,ESP,Online TA,TA/TO,0,0,0,A,A,0,No Deposit,9.0,0,Transient,144.9,1,1
City Hotel,0,125,2016,July,32,31,2,5,2,0.0,0,BB,FRA,Online TA,TA/TO,0,0,0,D,D,1,No Deposit,9.0,0,Transient,126.51,1,0
City Hotel,0,6,2016,August,32,5,0,2,2,0.0,0,BB,GBR,Online TA,TA/TO,0,0,0,D,D,0,No Deposit,9.0,0,Transient,166.0,0,1
City Hotel,0,2,2016,August,32,6,0,1,2,0.0,0,BB,ESP,Online TA,TA/TO,0,0,0,A,A,0,No Deposit,9.0,0,Transient,171.0,0,1
City Hotel,0,129,2016,August,32,6,0,1,2,0.0,0,BB,FRA,Online TA,TA/TO,0,0,0,A,A,0,No Deposit,9.0,0,Transient,114.3,0,1
City Hotel,0,131,2016,August,32,5,0,2,2,0.0,0,SC,GBR,Online TA,TA/TO,0,0,0,A,A,0,No Deposit,7.0,0,Transient,76.23,0,2
City Hotel,0,164,2016,August,32,5,0,2,2,0.0,0,BB,GBR,Online TA,TA/TO,0,0,0,A,A,1,No Deposit,9.0,0,Transient-Party,105.3,0,2
City Hotel,0,84,2016,July,32,31,2,5,2,0.0,0,BB,CN,Online TA,TA/TO,0,0,0,D,D,1,No Deposit,9.0,0,Transient,141.69,1,1
City Hotel,0,110,2016,August,32,1,1,5,2,0.0,0,BB,FRA,Online TA,TA/TO,0,0,0,D,D,0,No Deposit,9.0,0,Transient,129.3,1,1
City Hotel,0,107,2016,August,32,5,1,2,2,0.0,0,BB,PRT,Online TA,TA/TO,0,0,0,A,A,0,No Deposit,9.0,0,Transient,111.3,0,1
City Hotel,0,107,2016,August,32,5,1,2,2,0.0,0,BB,DEU,Online TA,TA/TO,0,0,0,A,A,0,No Deposit,9.0,0,Transient,111.3,0,1
City Hotel,0,136,2016,August,32,1,2,5,2,0.0,0,BB,POL,Direct,Direct,0,0,0,A,A,0,No Deposit,14.0,0,Transient,97.07,0,0
City Hotel,0,161,2016,August,32,3,1,4,2,0.0,0,HB,PRT,Direct,Direct,0,0,0,A,A,1,No Deposit,14.0,0,Transient,125.25,0,0
City Hotel,0,161,2016,August,32,3,1,4,2,0.0,0,HB,ESP,Direct,Direct,0,0,0,A,A,1,No Deposit,14.0,0,Transient-Party,125.25,0,0
City Hotel,0,181,2016,August,32,3,1,4,2,0.0,0,BB,FRA,Online TA,TA/TO,0,0,0,A,A,0,No Deposit,9.0,0,Transient,108.45,0,1
City Hotel,0,207,2016,August,32,5,1,2,2,0.0,0,SC,GBR,Online TA,TA/TO,0,0,0,A,A,0,No Deposit,8.0,0,Transient,85.5,0,1
City Hotel,0,1,2016,August,33,7,1,0,2,0.0,0,SC,NLD,Online TA,TA/TO,0,0,0,A,A,0,No Deposit,9.0,0,Transient,98.0,0,1
City Hotel,0,268,2016,August,32,6,1,1,2,0.0,0,BB,FRA,Online TA,TA/TO,0,0,0,B,B,0,No Deposit,9.0,0,Contract,105.25,1,1
City Hotel,0,109,2016,August,32,5,1,2,2,0.0,0,BB,PRT,Online TA,TA/TO,0,0,0,D,A,0,No Deposit,9.0,0,Transient,143.7,0,1
City Hotel,0,144,2016,August,32,3,1,4,2,0.0,0,BB,HRV,Direct,Direct,0,0,0,A,A,0,No Deposit,14.0,0,Transient,92.65,0,0
City Hotel,0,268,2016,August,32,6,1,1,2,0.0,0,BB,MAR,Online TA,TA/TO,0,0,0,B,B,0,No Deposit,9.0,0,Contract,96.25,0,1
City Hotel,0,1,2016,August,33,7,1,0,2,0.0,0,SC,CN,Online TA,TA/TO,0,0,0,A,B,0,No Deposit,9.0,0,Transient,98.0,0,0
City Hotel,0,196,2016,August,32,1,2,5,2,0.0,0,BB,PRT,Offline TA/TO,TA/TO,0,0,0,A,A,0,No Deposit,173.0,0,Transient-Party,72.25,0,0
City Hotel,0,105,2016,August,32,6,1,1,2,0.0,0,SC,MAR,Online TA,TA/TO,0,0,0,A,A,0,No Deposit,9.0,0,Transient,107.1,0,1
City Hotel,0,105,2016,August,32,6,1,1,2,0.0,0,SC,MAR,Online TA,TA/TO,0,0,0,A,A,0,No Deposit,9.0,0,Transient,107.1,0,1
City Hotel,0,95,2016,August,32,5,1,2,2,0.0,0,BB,NLD,Online TA,TA/TO,0,0,0,A,A,0,No Deposit,9.0,0,Transient,126.9,1,1
City Hotel,0,144,2016,August,32,3,1,4,2,0.0,0,BB,PRT,Direct,Direct,0,0,0,A,A,0,No Deposit,14.0,0,Transient,92.65,0,0
City Hotel,0,1,2016,August,33,7,1,0,2,0.0,0,BB,RUS,Online TA,TA/TO,0,0,0,A,D,1,No Deposit,9.0,0,Transient,12.0,0,0
City Hotel,0,1,2016,August,33,7,1,0,2,0.0,0,SC,NLD,Online TA,TA/TO,0,0,0,A,D,0,No Deposit,9.0,0,Transient,98.0,0,0
City Hotel,0,102,2016,August,32,6,1,1,2,0.0,0,SC,ESP,Offline TA/TO,TA/TO,0,0,0,A,A,0,No Deposit,85.0,0,Transient,63.75,0,0
City Hotel,0,67,2016,August,32,4,1,3,2,0.0,0,BB,FRA,Online TA,TA/TO,0,0,0,A,A,0,No Deposit,9.0,0,Transient,135.9,0,1
City Hotel,0,159,2016,August,32,4,1,3,2,0.0,0,BB,FRA,Direct,Direct,0,0,0,A,A,0,No Deposit,14.0,0,Transient,93.5,0,1
City Hotel,0,194,2016,August,32,2,1,5,2,0.0,0,BB,NLD,Direct,Direct,0,0,0,A,A,0,No Deposit,14.0,0,Transient,80.75,0,0
City Hotel,0,183,2016,August,32,3,1,4,2,0.0,0,BB,FRA,Offline TA/TO,TA/TO,0,0,0,A,D,0,No Deposit,28.0,0,Transient-Party,112.0,0,1
City Hotel,0,209,2016,August,32,5,1,2,2,0.0,0,BB,ROU,Online TA,TA/TO,0,0,0,A,A,0,No Deposit,9.0,0,Transient,105.3,1,1
City Hotel,0,64,2016,August,32,6,1,1,2,0.0,0,BB,FRA,Online TA,TA/TO,0,0,0,A,A,1,No Deposit,9.0,0,Transient,154.1,0,1
City Hotel,0,105,2016,August,32,6,1,1,2,0.0,0,SC,FRA,Online TA,TA/TO,0,0,0,A,A,0,No Deposit,9.0,0,Transient,107.1,0,1
City Hotel,0,57,2016,August,32,5,1,2,2,0.0,0,BB,GBR,Offline TA/TO,TA/TO,0,0,0,A,A,0,No Deposit,138.0,0,Transient,85.0,0,0
City Hotel,0,64,2016,August,32,6,1,1,2,0.0,0,BB,FRA,Online TA,TA/TO,0,0,0,A,A,1,No Deposit,9.0,0,Transient,154.1,0,1
City Hotel,0,151,2016,August,32,5,1,2,2,0.0,0,SC,GBR,Online TA,TA/TO,0,0,0,A,A,0,No Deposit,9.0,0,Transient,100.5,0,1
City Hotel,0,137,2016,July,31,29,3,7,2,0.0,0,HB,ITA,Online TA,TA/TO,0,0,0,D,D,0,No Deposit,9.0,0,Transient,147.9,0,1
City Hotel,0,3,2016,August,33,7,1,0,2,0.0,0,BB,FRA,Online TA,TA/TO,0,0,0,A,A,0,No Deposit,8.0,0,Transient,121.0,0,1
City Hotel,0,151,2016,August,32,5,1,2,2,0.0,0,SC,GBR,Offline TA/TO,TA/TO,0,0,0,A,A,0,No Deposit,138.0,0,Transient,63.75,0,0
City Hotel,0,151,2016,August,32,5,1,2,2,0.0,0,BB,GBR,Offline TA/TO,TA/TO,0,0,0,A,A,0,No Deposit,22.0,0,Transient,72.25,0,1
City Hotel,0,35,2016,August,32,4,1,3,2,0.0,0,BB,FRA,Direct,Direct,0,0,0,A,A,0,No Deposit,,0,Transient,85.0,0,2
City Hotel,0,196,2016,August,32,3,1,4,2,0.0,0,SC,NOR,Online TA,TA/TO,0,0,0,A,A,0,No Deposit,9.0,0,Transient,80.75,0,1
City Hotel,0,30,2016,August,32,5,1,2,2,0.0,0,SC,IRL,Online TA,TA/TO,0,0,0,A,A,0,No Deposit,9.0,0,Transient,125.1,0,1
City Hotel,0,3,2016,August,33,7,1,0,2,0.0,0,SC,IRL,Online TA,TA/TO,0,0,0,A,A,0,No Deposit,9.0,0,Transient,128.0,0,2
City Hotel,0,59,2016,August,32,5,1,2,2,0.0,0,BB,SWE,Online TA,TA/TO,0,0,0,A,A,0,No Deposit,7.0,0,Transient,104.64,0,1
City Hotel,0,183,2016,August,32,3,1,4,2,0.0,0,BB,FRA,Offline TA/TO,TA/TO,0,0,0,A,D,0,No Deposit,28.0,0,Transient-Party,112.0,0,1
City Hotel,0,196,2016,August,32,1,2,5,2,0.0,0,BB,ITA,Online TA,TA/TO,0,0,0,D,A,0,No Deposit,9.0,0,Transient,99.45,0,1
City Hotel,0,196,2016,August,32,3,1,4,2,0.0,0,SC,NOR,Online TA,TA/TO,0,0,0,A,A,0,No Deposit,9.0,0,Transient,80.75,0,1
City Hotel,0,0,2016,August,33,7,1,0,2,0.0,0,SC,FRA,Online TA,TA/TO,0,0,0,A,D,0,No Deposit,9.0,0,Transient,98.0,0,1
City Hotel,0,0,2016,August,33,7,1,0,2,0.0,0,BB,ESP,Direct,Direct,0,0,0,G,G,0,No Deposit,,0,Transient,121.0,0,0
City Hotel,0,2,2016,August,33,7,1,0,2,0.0,0,SC,FRA,Online TA,TA/TO,0,0,0,A,A,0,No Deposit,9.0,0,Transient,98.0,0,2
City Hotel,0,30,2016,August,32,6,1,1,2,0.0,0,BB,GBR,Direct,Direct,0,0,0,A,A,1,No Deposit,14.0,0,Transient,101.15,0,0
City Hotel,0,31,2016,August,32,6,1,1,2,0.0,0,BB,GBR,Direct,Direct,0,0,0,A,A,2,No Deposit,14.0,0,Transient,101.15,0,0
City Hotel,0,161,2016,August,32,3,1,4,2,0.0,0,HB,ESP,Direct,Direct,0,0,0,A,A,1,No Deposit,14.0,0,Transient,125.25,0,0
City Hotel,0,196,2016,August,32,1,2,5,2,0.0,0,BB,PRT,Offline TA/TO,TA/TO,0,0,0,A,A,0,No Deposit,173.0,0,Transient-Party,72.25,0,0
City Hotel,0,123,2016,August,32,1,2,5,2,0.0,0,BB,DEU,Offline TA/TO,TA/TO,0,0,0,D,D,0,No Deposit,83.0,0,Transient,91.7,0,0
City Hotel,0,161,2016,August,32,3,1,4,2,0.0,0,HB,ESP,Direct,Direct,0,0,0,A,A,1,No Deposit,14.0,0,Transient-Party,125.25,0,0
City Hotel,0,0,2016,August,33,7,1,0,2,0.0,0,SC,FRA,Direct,Direct,0,0,0,A,A,0,No Deposit,,0,Transient,128.0,0,0
City Hotel,0,151,2016,August,32,5,1,2,2,0.0,0,BB,DEU,Offline TA/TO,TA/TO,0,0,0,A,A,0,No Deposit,138.0,0,Transient,72.25,0,0
City Hotel,0,1,2016,August,33,7,1,0,2,0.0,0,SC,PRT,Online TA,TA/TO,0,0,0,A,A,0,No Deposit,9.0,0,Transient,98.0,0,0
City Hotel,0,43,2016,August,33,7,2,0,2,0.0,0,BB,FRA,Online TA,TA/TO,0,0,0,A,A,1,No Deposit,9.0,0,Transient,135.9,0,1
City Hotel,0,43,2016,August,33,7,2,0,2,0.0,0,BB,FRA,Online TA,TA/TO,0,0,0,A,A,0,No Deposit,9.0,0,Transient,135.9,0,1
City Hotel,0,207,2016,August,33,8,1,0,2,0.0,0,SC,GBR,Offline TA/TO,TA/TO,0,0,0,A,A,1,No Deposit,22.0,0,Transient,63.75,0,0
City Hotel,0,3,2016,August,32,5,2,2,2,0.0,0,BB,DEU,Online TA,TA/TO,0,0,0,D,D,0,No Deposit,9.0,0,Transient,166.0,0,1
City Hotel,0,0,2016,August,33,8,1,0,2,0.0,0,SC,PRT,Online TA,TA/TO,0,0,0,A,A,0,No Deposit,157.0,0,Transient,92.0,0,0
City Hotel,0,166,2016,August,32,4,2,3,2,0.0,0,BB,GBR,Online TA,TA/TO,0,0,0,A,A,0,No Deposit,9.0,0,Transient,99.45,0,1
City Hotel,0,177,2016,August,32,5,2,2,2,0.0,0,BB,ROU,Offline TA/TO,TA/TO,0,0,0,A,A,0,No Deposit,118.0,0,Transient-Party,72.25,0,1
City Hotel,0,177,2016,August,32,5,2,2,2,0.0,0,BB,ROU,Offline TA/TO,TA/TO,0,0,0,A,A,0,No Deposit,118.0,0,Transient-Party,74.5,0,1
City Hotel,0,51,2016,August,32,6,2,1,2,0.0,0,SC,FRA,Online TA,TA/TO,0,0,0,A,A,0,No Deposit,9.0,0,Transient,125.1,0,2
City Hotel,0,22,2016,August,33,7,2,0,2,0.0,0,SC,ITA,Online TA,TA/TO,0,0,0,A,A,0,No Deposit,9.0,0,Transient,139.0,0,0
City Hotel,0,40,2016,August,32,5,2,2,2,0.0,0,BB,FRA,Online TA,TA/TO,0,0,0,A,A,2,No Deposit,9.0,0,Transient,125.1,0,1
City Hotel,0,111,2016,August,32,6,2,1,2,0.0,0,HB,ITA,Online TA,TA/TO,0,0,0,A,A,0,No Deposit,9.0,0,Transient,148.5,0,2
City Hotel,0,82,2016,August,32,5,2,2,2,0.0,0,BB,FRA,Online TA,TA/TO,0,0,0,A,A,0,No Deposit,9.0,0,Transient,117.9,0,1
City Hotel,0,91,2016,August,32,6,2,1,2,0.0,0,BB,ITA,Online TA,TA/TO,0,0,0,D,D,0,No Deposit,9.0,0,Transient,133.2,0,0
City Hotel,0,31,2016,August,33,8,1,0,2,0.0,0,BB,CUB,Direct,Direct,0,0,0,A,A,1,No Deposit,14.0,0,Transient,149.0,0,0
City Hotel,0,160,2016,August,33,7,2,0,2,0.0,0,BB,DEU,Offline TA/TO,TA/TO,0,0,0,A,A,0,No Deposit,27.0,0,Transient-Party,72.25,0,1
City Hotel,0,160,2016,August,33,7,2,0,2,0.0,0,BB,DEU,Offline TA/TO,TA/TO,0,0,0,A,A,0,No Deposit,27.0,0,Transient-Party,72.25,0,1
City Hotel,0,129,2016,August,32,4,2,3,2,0.0,0,BB,DNK,Online TA,TA/TO,0,0,0,A,A,0,No Deposit,7.0,0,Transient,80.5,0,1
City Hotel,0,26,2016,August,33,7,2,0,2,0.0,0,SC,ESP,Online TA,TA/TO,0,0,0,A,A,0,No Deposit,9.0,0,Transient,143.5,0,1
City Hotel,0,13,2016,August,32,6,2,1,2,0.0,0,HB,ESP,Direct,Direct,0,0,0,A,A,1,No Deposit,14.0,0,Transient,204.0,1,0
City Hotel,0,198,2016,August,32,3,2,4,2,0.0,0,BB,DEU,Offline TA/TO,TA/TO,0,0,0,A,A,0,No Deposit,27.0,0,Transient,72.25,0,0
City Hotel,0,2,2016,August,33,7,2,0,2,0.0,0,HB,PRT,Online TA,TA/TO,0,0,0,D,D,0,No Deposit,7.0,0,Transient,147.46,0,1
City Hotel,0,177,2016,August,32,2,2,5,2,0.0,0,BB,FRA,Online TA,TA/TO,0,0,0,A,A,0,No Deposit,9.0,0,Transient,99.45,0,1
City Hotel,0,166,2016,August,32,6,2,1,2,0.0,0,SC,ESP,Online TA,TA/TO,0,0,0,A,A,0,No Deposit,9.0,0,Transient-Party,103.5,1,1
City Hotel,0,54,2016,August,32,5,2,2,2,0.0,0,BB,FRA,Online TA,TA/TO,0,0,0,A,A,0,No Deposit,9.0,0,Transient,135.9,0,1
City Hotel,0,52,2016,August,32,2,2,5,2,0.0,0,BB,HRV,Online TA,TA/TO,0,0,0,A,A,0,No Deposit,9.0,0,Transient,135.9,0,1
City Hotel,0,115,2016,August,32,4,2,3,2,0.0,0,BB,SWE,Online TA,TA/TO,0,0,0,A,A,0,No Deposit,9.0,0,Transient,110.7,0,2
City Hotel,0,29,2016,August,33,8,1,0,2,0.0,0,SC,FRA,Online TA,TA/TO,0,0,0,A,A,0,No Deposit,9.0,0,Transient,139.0,0,1
City Hotel,0,29,2016,August,33,8,1,0,2,0.0,0,SC,FRA,Online TA,TA/TO,0,0,0,A,A,0,No Deposit,9.0,0,Transient,139.0,0,1
City Hotel,0,73,2016,August,32,6,2,1,2,0.0,0,BB,FRA,Online TA,TA/TO,0,0,0,D,A,0,No Deposit,9.0,0,Transient,140.4,1,2
City Hotel,0,45,2016,August,33,7,2,0,2,0.0,0,BB,NLD,Online TA,TA/TO,0,0,0,A,A,0,No Deposit,9.0,0,Transient,135.9,0,1
City Hotel,0,0,2016,August,33,7,2,0,2,0.0,0,SC,UKR,Online TA,TA/TO,0,0,0,A,C,1,No Deposit,9.0,0,Transient,116.0,0,1
City Hotel,0,4,2016,August,32,5,2,2,2,0.0,0,BB,DEU,Online TA,TA/TO,0,0,0,A,A,0,No Deposit,9.0,0,Transient,151.0,0,1
City Hotel,0,167,2016,August,32,4,2,3,2,0.0,0,BB,IRL,Offline TA/TO,TA/TO,0,0,0,A,A,0,No Deposit,22.0,0,Transient,72.25,0,1
City Hotel,0,40,2016,August,32,5,2,2,2,0.0,0,BB,FRA,Online TA,TA/TO,0,0,0,A,A,3,No Deposit,9.0,0,Transient,125.1,0,1
City Hotel,0,144,2016,August,32,4,2,3,2,0.0,0,BB,NLD,Online TA,TA/TO,0,0,0,A,A,0,No Deposit,7.0,0,Transient,76.48,0,1
City Hotel,0,0,2016,August,33,8,1,0,2,0.0,0,SC,PRT,Online TA,TA/TO,0,0,0,A,K,0,No Deposit,152.0,0,Transient,93.81,0,0
City Hotel,0,166,2016,August,32,6,2,1,2,0.0,0,SC,ESP,Online TA,TA/TO,0,0,0,A,A,0,No Deposit,9.0,0,Transient-Party,94.5,0,1
City Hotel,0,248,2016,August,32,2,2,6,2,0.0,0,BB,PRT,Offline TA/TO,TA/TO,0,0,0,A,A,0,No Deposit,121.0,0,Transient,72.25,0,0
City Hotel,0,174,2016,August,33,7,2,1,2,0.0,0,SC,FRA,Online TA,TA/TO,0,0,0,A,A,0,No Deposit,9.0,0,Transient,103.5,0,1
City Hotel,0,0,2016,August,33,9,0,1,2,0.0,0,SC,FRA,Online TA,TA/TO,0,0,0,A,A,0,No Deposit,9.0,0,Transient,158.0,0,0
City Hotel,0,123,2016,August,32,4,2,4,2,0.0,0,BB,GBR,Direct,Direct,0,0,0,A,A,1,No Deposit,14.0,0,Transient,103.42,0,1
City Hotel,0,265,2016,August,32,3,2,5,2,0.0,0,BB,FRA,Offline TA/TO,TA/TO,0,0,0,A,A,0,No Deposit,85.0,0,Transient,72.25,0,0
City Hotel,0,4,2016,August,33,8,1,1,2,0.0,0,SC,PRT,Online TA,TA/TO,0,0,0,A,A,0,No Deposit,9.0,0,Transient,168.0,1,2
City Hotel,0,77,2016,August,32,3,2,5,2,0.0,0,BB,FRA,Online TA,TA/TO,0,0,0,D,A,4,No Deposit,9.0,0,Transient,140.4,1,1
City Hotel,0,166,2016,August,33,7,2,1,2,0.0,0,BB,ITA,Online TA,TA/TO,0,0,0,A,A,0,No Deposit,9.0,0,Transient,114.3,1,1
City Hotel,0,189,2016,August,33,9,0,1,2,0.0,0,BB,FRA,Direct,Direct,0,0,0,A,A,2,No Deposit,14.0,0,Transient,94.5,0,0
City Hotel,0,183,2016,August,33,8,1,1,2,0.0,0,BB,NLD,Online TA,TA/TO,0,0,0,A,A,0,No Deposit,9.0,0,Transient-Party,105.3,0,1
City Hotel,0,10,2016,August,33,8,1,1,2,0.0,0,BB,FRA,Online TA,TA/TO,0,0,0,A,A,0,No Deposit,9.0,0,Transient,160.0,1,1
City Hotel,0,139,2016,August,33,7,2,1,2,0.0,0,BB,FRA,Online TA,TA/TO,0,0,0,A,A,0,No Deposit,9.0,0,Transient,123.3,0,1
City Hotel,0,200,2016,August,32,6,2,2,2,0.0,0,SC,ZAF,Online TA,TA/TO,0,0,0,A,A,0,No Deposit,7.0,0,Transient,62.18,0,1
City Hotel,0,114,2016,August,32,6,2,2,2,0.0,0,BB,DEU,Online TA,TA/TO,0,0,0,A,A,0,No Deposit,9.0,0,Transient,114.3,0,0
City Hotel,0,64,2016,August,33,8,1,1,2,0.0,0,BB,ESP,Online TA,TA/TO,0,0,0,D,D,0,No Deposit,9.0,0,Transient,158.4,0,0
City Hotel,0,103,2016,August,33,7,2,1,2,0.0,0,BB,GBR,Online TA,TA/TO,0,0,0,D,D,0,No Deposit,9.0,0,Transient,131.4,0,2
City Hotel,0,132,2016,August,32,3,2,5,2,0.0,0,HB,PRT,Offline TA/TO,TA/TO,0,0,0,D,D,0,No Deposit,16.0,0,Transient,82.45,0,0
City Hotel,0,1,2016,August,33,9,0,1,2,0.0,0,SC,FRA,Online TA,TA/TO,0,0,0,A,G,0,No Deposit,9.0,0,Transient,158.0,0,2
City Hotel,0,122,2016,August,32,1,3,6,2,0.0,0,SC,ITA,Online TA,TA/TO,0,0,0,A,A,0,No Deposit,9.0,0,Transient,98.5,0,1
City Hotel,0,169,2016,August,32,5,2,4,2,0.0,0,BB,DEU,Online TA,TA/TO,0,0,0,A,A,0,No Deposit,9.0,0,Transient,99.45,0,1
City Hotel,0,125,2016,August,32,3,2,6,2,0.0,0,BB,FRA,Online TA,TA/TO,0,0,0,A,A,0,No Deposit,9.0,0,Transient,110.93,0,1
City Hotel,0,152,2016,August,32,6,2,3,2,0.0,0,HB,FRA,Online TA,TA/TO,0,0,0,A,A,1,No Deposit,9.0,0,Transient,149.25,1,1
City Hotel,0,97,2016,August,32,4,2,5,2,0.0,0,BB,DEU,Offline TA/TO,TA/TO,0,0,0,D,D,0,No Deposit,85.0,0,Transient,82.45,0,0
City Hotel,0,38,2016,August,32,4,2,5,2,0.0,0,BB,DEU,Offline TA/TO,TA/TO,0,0,0,A,A,0,No Deposit,138.0,0,Transient,85.0,0,0
City Hotel,0,159,2016,August,32,3,2,6,2,0.0,0,BB,FIN,Online TA,TA/TO,0,0,0,A,A,0,No Deposit,9.0,0,Transient-Party,99.45,0,0
City Hotel,0,86,2016,August,32,4,2,5,2,0.0,0,BB,GBR,Offline TA/TO,TA/TO,0,0,0,A,A,0,No Deposit,138.0,0,Transient,85.0,0,0
City Hotel,0,224,2016,August,33,8,1,2,2,0.0,0,HB,DEU,Offline TA/TO,TA/TO,0,0,0,A,A,1,No Deposit,16.0,0,Transient,102.25,0,0
City Hotel,0,201,2016,August,33,9,0,2,2,0.0,0,SC,ITA,Online TA,TA/TO,0,0,0,A,B,2,No Deposit,9.0,0,Transient,103.5,1,1
City Hotel,0,43,2016,August,33,8,1,2,2,0.0,0,BB,FRA,Online TA,TA/TO,0,0,0,A,A,0,No Deposit,7.0,0,Transient,99.41,0,1
City Hotel,0,19,2016,August,33,10,0,1,2,0.0,0,HB,FRA,Online TA,TA/TO,0,0,0,D,D,0,No Deposit,9.0,0,Transient,204.0,0,1
City Hotel,0,156,2016,August,33,7,2,2,2,0.0,0,BB,FRA,Offline TA/TO,TA/TO,0,0,0,A,A,0,No Deposit,85.0,0,Transient,81.25,1,0
City Hotel,0,63,2016,August,33,9,0,2,2,0.0,0,BB,FRA,Online TA,TA/TO,0,0,0,A,D,0,No Deposit,9.0,0,Transient,144.9,0,2
City Hotel,0,53,2016,August,32,4,2,5,2,0.0,0,BB,DEU,Direct,Direct,0,0,0,A,A,0,No Deposit,14.0,0,Transient,125.1,0,1
City Hotel,0,190,2016,August,33,8,1,2,2,0.0,0,SC,FRA,Online TA,TA/TO,0,0,0,A,A,1,No Deposit,9.0,0,Transient-Party,103.5,1,2
City Hotel,0,2,2016,August,33,9,0,2,2,0.0,0,BB,NLD,Online TA,TA/TO,0,0,0,A,A,0,No Deposit,9.0,0,Transient,179.0,1,1
City Hotel,0,7,2016,August,33,7,2,2,2,0.0,0,BB,ESP,Direct,Direct,0,0,0,A,A,0,No Deposit,14.0,0,Transient,127.15,1,1
City Hotel,0,35,2016,August,33,7,2,2,2,0.0,0,BB,NLD,Online TA,TA/TO,0,0,0,A,A,1,No Deposit,9.0,0,Transient,154.1,1,2
City Hotel,0,0,2016,August,33,10,0,1,2,0.0,0,BB,PRT,Direct,Direct,0,0,0,D,D,0,No Deposit,14.0,0,Transient,191.0,0,0
City Hotel,0,189,2016,August,33,9,0,2,2,0.0,0,BB,FRA,Online TA,TA/TO,0,0,0,A,A,0,No Deposit,9.0,0,Transient,105.3,0,1
City Hotel,0,256,2016,August,33,7,2,2,2,0.0,0,BB,BEL,Online TA,TA/TO,0,0,0,B,A,0,No Deposit,9.0,0,Transient-Party,96.25,0,1
City Hotel,0,256,2016,August,33,7,2,2,2,0.0,0,BB,BEL,Online TA,TA/TO,0,0,0,B,A,0,No Deposit,9.0,0,Transient-Party,96.25,0,1
City Hotel,0,26,2016,August,33,7,2,2,2,0.0,0,BB,DEU,Online TA,TA/TO,0,0,0,A,A,0,No Deposit,9.0,0,Transient-Party,151.0,0,2
City Hotel,0,6,2016,August,33,7,2,2,2,0.0,0,SC,FRA,Online TA,TA/TO,0,0,0,A,A,0,No Deposit,9.0,0,Transient,148.0,0,0
City Hotel,0,126,2016,August,33,8,1,2,2,0.0,0,BB,GBR,Offline TA/TO,TA/TO,0,0,0,A,A,0,No Deposit,83.0,0,Transient,86.36,0,0
City Hotel,0,0,2016,August,33,10,0,1,2,0.0,0,SC,PRT,Direct,Direct,0,0,0,A,D,0,No Deposit,14.0,0,Transient,158.0,0,1
City Hotel,0,0,2016,August,33,10,0,1,2,0.0,0,BB,ITA,Online TA,TA/TO,0,0,0,D,D,0,No Deposit,9.0,0,Transient,195.0,0,0
City Hotel,0,201,2016,August,32,6,2,3,2,0.0,0,BB,FRA,Offline TA/TO,TA/TO,0,0,0,D,D,0,No Deposit,27.0,0,Transient,82.45,0,0
City Hotel,0,159,2016,August,32,3,2,6,2,0.0,0,BB,FIN,Online TA,TA/TO,0,0,0,A,A,0,No Deposit,9.0,0,Transient-Party,99.45,0,0
City Hotel,0,90,2016,August,33,7,2,2,2,0.0,0,BB,ESP,Online TA,TA/TO,0,0,0,D,D,0,No Deposit,9.0,0,Transient-Party,133.2,0,0
City Hotel,0,90,2016,August,33,7,2,2,2,0.0,0,BB,ESP,Online TA,TA/TO,0,0,0,D,D,0,No Deposit,9.0,0,Transient-Party,142.2,0,0
City Hotel,0,30,2016,August,32,6,2,3,2,0.0,0,BB,GBR,Direct,Direct,0,0,0,A,A,0,No Deposit,14.0,0,Transient,103.5,0,2
City Hotel,0,30,2016,August,32,6,2,3,2,0.0,0,BB,GBR,Direct,Direct,0,0,0,A,A,0,No Deposit,14.0,0,Transient,103.5,0,2
City Hotel,0,1,2016,August,33,9,0,2,2,0.0,0,BB,ARG,Direct,Direct,0,0,0,D,D,3,No Deposit,14.0,0,Transient-Party,153.85,0,0
City Hotel,0,0,2016,August,33,11,0,0,2,0.0,0,BB,PRT,Offline TA/TO,TA/TO,1,0,0,A,K,0,No Deposit,28.0,0,Transient-Party,0.0,0,1
City Hotel,0,0,2016,August,33,11,0,0,2,0.0,0,BB,PRT,Offline TA/TO,TA/TO,1,0,0,A,K,0,No Deposit,28.0,0,Transient,0.0,0,1
City Hotel,0,302,2016,August,32,2,2,8,2,0.0,0,BB,DEU,Online TA,TA/TO,0,0,0,B,B,0,No Deposit,7.0,0,Transient,65.6,0,1
City Hotel,0,302,2016,August,32,2,2,8,2,0.0,0,BB,DEU,Online TA,TA/TO,0,0,0,B,B,0,No Deposit,7.0,0,Transient,74.6,0,1
City Hotel,0,60,2016,August,33,8,1,3,2,0.0,0,BB,FRA,Online TA,TA/TO,0,0,0,A,A,0,No Deposit,9.0,0,Transient,135.9,0,2
City Hotel,0,1,2016,August,33,10,0,2,2,0.0,0,BB,ITA,Online TA,TA/TO,0,0,0,A,A,0,No Deposit,9.0,0,Transient,170.0,0,2
City Hotel,0,2,2016,August,33,11,0,1,2,0.0,0,BB,SWE,Online TA,TA/TO,0,0,0,D,G,0,No Deposit,9.0,0,Transient,185.0,0,2
City Hotel,0,117,2016,August,33,9,0,3,2,0.0,0,BB,PRT,Online TA,TA/TO,0,0,0,A,A,0,No Deposit,9.0,0,Transient,114.3,0,1
City Hotel,0,158,2016,August,33,8,1,3,2,0.0,0,BB,POL,Direct,Direct,0,0,0,A,A,0,No Deposit,14.0,0,Transient,97.75,0,1
City Hotel,0,2,2016,August,33,10,0,2,2,0.0,0,SC,PRT,Online TA,TA/TO,0,0,0,A,A,0,No Deposit,152.0,0,Transient,94.99,0,0
City Hotel,0,1,2016,August,33,10,0,2,2,0.0,0,SC,DEU,Online TA,TA/TO,0,0,0,A,A,0,No Deposit,9.0,0,Transient,167.0,1,0
City Hotel,0,21,2016,August,33,9,0,3,2,0.0,0,SC,FRA,Online TA,TA/TO,0,0,0,A,A,0,No Deposit,9.0,0,Transient,139.0,0,1
City Hotel,0,135,2016,August,33,9,0,3,2,0.0,0,SC,ESP,Online TA,TA/TO,0,0,0,A,A,0,No Deposit,9.0,0,Transient,103.5,0,1
City Hotel,0,192,2016,August,33,8,1,3,2,0.0,0,BB,NLD,Online TA,TA/TO,0,0,0,A,A,0,No Deposit,7.0,0,Transient,72.75,0,1
City Hotel,0,71,2016,August,33,9,0,3,2,0.0,0,BB,DEU,Offline TA/TO,TA/TO,0,0,0,A,A,0,No Deposit,27.0,0,Transient-Party,72.25,0,1
City Hotel,0,128,2016,August,33,8,1,3,2,0.0,0,BB,ITA,Online TA,TA/TO,0,0,0,A,A,0,No Deposit,9.0,0,Transient,114.3,0,1
City Hotel,0,163,2016,August,33,8,1,3,2,0.0,0,BB,ITA,Online TA,TA/TO,0,0,0,A,A,0,No Deposit,7.0,0,Transient,78.96,0,1
City Hotel,0,191,2016,August,33,8,1,3,2,0.0,0,HB,ESP,Online TA,TA/TO,0,0,0,A,A,1,No Deposit,9.0,0,Transient-Party,131.75,0,2
City Hotel,0,191,2016,August,33,8,1,3,2,0.0,0,HB,ESP,Online TA,TA/TO,0,0,0,A,D,1,No Deposit,9.0,0,Transient-Party,131.75,0,2
City Hotel,0,205,2016,August,33,9,0,3,2,0.0,0,BB,FRA,Direct,Direct,0,0,0,A,A,2,No Deposit,14.0,0,Transient,94.5,1,0
City Hotel,0,274,2016,August,33,9,0,3,2,0.0,0,BB,BEL,Online TA,TA/TO,0,0,0,A,A,0,No Deposit,9.0,0,Contract,107.0,0,2
City Hotel,0,168,2016,August,33,8,1,3,2,0.0,0,BB,DEU,Offline TA/TO,TA/TO,0,0,0,A,A,0,No Deposit,22.0,0,Transient,72.25,0,0
City Hotel,0,212,2016,August,33,8,1,3,2,0.0,0,BB,FRA,Online TA,TA/TO,0,0,0,A,A,0,No Deposit,9.0,0,Transient,90.95,0,1
City Hotel,0,152,2016,August,33,10,0,2,2,0.0,0,BB,FRA,Online TA,TA/TO,0,0,0,A,A,2,No Deposit,9.0,0,Transient,114.3,0,1
City Hotel,0,1,2016,August,33,11,0,1,2,0.0,0,BB,ARG,Direct,Direct,0,0,0,A,A,0,No Deposit,,0,Transient-Party,162.85,0,0
City Hotel,0,62,2016,August,33,8,1,3,2,0.0,0,BB,FRA,Online TA,TA/TO,0,0,0,A,A,1,No Deposit,9.0,0,Transient,144.0,1,1
City Hotel,0,146,2016,August,33,9,0,3,2,0.0,0,BB,CHE,Offline TA/TO,TA/TO,0,0,0,E,E,0,No Deposit,83.0,0,Transient,113.56,0,0
City Hotel,0,189,2016,August,33,8,1,3,2,0.0,0,BB,IRL,Offline TA/TO,TA/TO,0,0,0,A,A,0,No Deposit,22.0,0,Transient-Party,72.25,0,0
City Hotel,0,101,2016,August,33,11,0,1,2,0.0,0,BB,CHE,Online TA,TA/TO,0,0,0,D,D,0,No Deposit,7.0,0,Transient,101.18,0,1
City Hotel,0,146,2016,August,33,9,0,3,2,0.0,0,BB,CHE,Offline TA/TO,TA/TO,0,0,0,E,E,0,No Deposit,83.0,0,Transient,113.56,0,0
City Hotel,0,184,2016,August,33,9,0,3,2,0.0,0,BB,AUT,Online TA,TA/TO,0,0,0,A,A,0,No Deposit,9.0,0,Transient,105.3,0,2
City Hotel,0,134,2016,August,33,10,0,2,2,0.0,0,BB,FRA,Online TA,TA/TO,0,0,0,A,A,0,No Deposit,9.0,0,Transient,114.3,0,1
City Hotel,0,90,2016,August,33,10,0,2,2,0.0,0,SC,CN,Offline TA/TO,TA/TO,0,0,0,A,A,0,No Deposit,157.0,0,Transient,91.8,1,0
City Hotel,0,192,2016,August,33,9,0,3,2,0.0,0,BB,FRA,Online TA,TA/TO,0,0,0,A,A,1,No Deposit,9.0,0,Transient-Party,94.5,0,1
City Hotel,0,148,2016,August,33,9,0,3,2,0.0,0,BB,FRA,Online TA,TA/TO,0,0,0,A,A,2,No Deposit,9.0,0,Transient,114.3,0,1
City Hotel,0,124,2016,August,33,7,2,3,2,0.0,0,BB,DEU,Offline TA/TO,TA/TO,0,0,0,D,D,0,No Deposit,83.0,0,Transient,96.56,0,0
City Hotel,0,210,2016,August,33,7,2,3,2,0.0,0,BB,NLD,Online TA,TA/TO,0,0,0,A,A,0,No Deposit,9.0,0,Transient-Party,90.95,0,1
City Hotel,0,11,2016,August,33,8,1,3,2,0.0,0,SC,MAR,Online TA,TA/TO,0,0,0,A,A,0,No Deposit,9.0,0,Transient,139.0,0,2
City Hotel,0,197,2016,August,33,11,0,1,2,0.0,0,BB,ROU,Online TA,TA/TO,0,0,0,D,D,0,No Deposit,7.0,0,Transient,86.9,0,1
City Hotel,0,141,2016,August,33,10,0,2,2,0.0,0,BB,ITA,Online TA,TA/TO,0,0,0,A,A,0,No Deposit,9.0,0,Transient,114.3,0,1
City Hotel,0,13,2016,August,33,11,0,1,2,0.0,0,SC,FRA,Online TA,TA/TO,0,0,0,A,B,0,No Deposit,9.0,0,Transient,139.0,0,1
City Hotel,0,63,2016,August,33,9,0,3,2,0.0,0,BB,ESP,Online TA,TA/TO,0,0,0,A,A,1,No Deposit,9.0,0,Transient,144.1,0,0
City Hotel,0,189,2016,August,33,8,1,3,2,0.0,0,BB,IRL,Offline TA/TO,TA/TO,0,0,0,A,D,0,No Deposit,22.0,0,Transient-Party,72.25,0,0
City Hotel,0,189,2016,August,33,8,1,3,2,0.0,0,BB,IRL,Offline TA/TO,TA/TO,0,0,0,A,A,0,No Deposit,22.0,0,Transient-Party,72.25,0,0
City Hotel,0,106,2016,August,33,9,0,3,2,0.0,0,BB,FRA,Online TA,TA/TO,0,0,0,D,D,0,No Deposit,9.0,0,Transient,131.4,0,2
City Hotel,0,189,2016,August,33,8,1,3,2,0.0,0,BB,IRL,Offline TA/TO,TA/TO,0,0,0,A,A,0,No Deposit,22.0,0,Transient-Party,72.25,0,0
City Hotel,0,189,2016,August,33,8,1,3,2,0.0,0,BB,IRL,Offline TA/TO,TA/TO,0,0,0,A,A,0,No Deposit,22.0,0,Transient-Party,72.25,0,0
City Hotel,0,189,2016,August,33,8,1,3,2,0.0,0,BB,IRL,Offline TA/TO,TA/TO,0,0,0,A,A,0,No Deposit,22.0,0,Transient-Party,72.25,0,0
City Hotel,0,62,2016,August,33,10,0,2,2,0.0,0,BB,GBR,Online TA,TA/TO,0,0,0,A,A,0,No Deposit,9.0,0,Transient,135.9,0,2
City Hotel,0,274,2016,August,33,9,0,3,2,0.0,0,BB,BEL,Online TA,TA/TO,0,0,0,A,A,0,No Deposit,9.0,0,Contract,107.0,0,2
City Hotel,0,274,2016,August,33,9,0,3,2,0.0,0,BB,BEL,Online TA,TA/TO,0,0,0,A,A,0,No Deposit,9.0,0,Contract,107.0,0,2
City Hotel,0,274,2016,August,33,9,0,3,2,0.0,0,BB,BEL,Online TA,TA/TO,0,0,0,A,A,0,No Deposit,9.0,0,Contract,107.0,0,2
City Hotel,0,57,2016,August,33,10,0,2,2,0.0,0,BB,PRT,Online TA,TA/TO,0,0,0,A,A,0,No Deposit,9.0,0,Transient,135.9,0,1
City Hotel,0,210,2016,August,33,7,2,3,2,0.0,0,BB,BEL,Online TA,TA/TO,0,0,0,A,A,0,No Deposit,9.0,0,Transient-Party,90.95,0,1
City Hotel,0,59,2016,August,33,11,0,1,2,0.0,0,BB,BEL,Online TA,TA/TO,0,0,0,A,A,0,No Deposit,9.0,0,Transient,144.9,0,1
City Hotel,0,192,2016,August,33,9,0,3,2,0.0,0,BB,FRA,Online TA,TA/TO,0,0,0,A,A,1,No Deposit,9.0,0,Transient-Party,94.5,0,1
City Hotel,0,101,2016,August,33,11,0,1,2,0.0,0,BB,CHE,Online TA,TA/TO,0,0,0,D,D,0,No Deposit,7.0,0,Transient,101.18,0,1
City Hotel,0,128,2016,August,33,9,0,4,2,0.0,0,BB,DEU,Direct,Direct,0,0,0,A,A,1,No Deposit,14.0,0,Transient,125.0,0,0
City Hotel,0,146,2016,July,31,30,4,10,2,0.0,0,BB,ITA,Online TA,TA/TO,0,0,0,D,D,0,No Deposit,9.0,0,Transient,117.66,0,1
City Hotel,0,221,2016,August,33,12,0,1,2,0.0,0,HB,DEU,Offline TA/TO,TA/TO,0,0,0,A,B,0,No Deposit,6.0,147,Transient-Party,96.0,0,1
City Hotel,0,221,2016,August,33,12,0,1,2,0.0,0,HB,DEU,Offline TA/TO,TA/TO,0,0,0,A,E,0,No Deposit,6.0,147,Transient-Party,96.0,0,1
City Hotel,0,221,2016,August,33,12,0,1,2,0.0,0,HB,DEU,Offline TA/TO,TA/TO,0,0,0,A,E,0,No Deposit,6.0,147,Transient-Party,96.0,0,1
City Hotel,0,221,2016,August,33,12,0,1,2,0.0,0,HB,DEU,Offline TA/TO,TA/TO,0,0,0,A,A,0,No Deposit,6.0,147,Transient-Party,96.0,0,1
City Hotel,0,221,2016,August,33,12,0,1,2,0.0,0,HB,DEU,Offline TA/TO,TA/TO,0,0,0,A,A,0,No Deposit,6.0,147,Transient-Party,96.0,0,1
City Hotel,0,221,2016,August,33,12,0,1,2,0.0,0,HB,DEU,Offline TA/TO,TA/TO,0,0,0,A,A,0,No Deposit,6.0,147,Transient-Party,48.0,0,1
City Hotel,0,111,2016,August,33,11,0,2,2,0.0,0,BB,ESP,Online TA,TA/TO,0,0,0,D,D,0,No Deposit,9.0,0,Transient,127.8,0,1
City Hotel,0,112,2016,August,33,9,0,4,2,0.0,0,SC,FRA,Online TA,TA/TO,0,0,0,A,A,0,No Deposit,9.0,0,Transient,112.5,0,1
City Hotel,0,108,2016,August,33,8,1,4,2,0.0,0,BB,FRA,Online TA,TA/TO,0,0,0,D,D,0,No Deposit,9.0,0,Transient,127.8,0,2
City Hotel,0,111,2016,August,33,11,0,2,2,0.0,0,BB,ESP,Online TA,TA/TO,0,0,0,A,A,0,No Deposit,9.0,0,Transient,123.3,1,0
City Hotel,0,157,2016,August,33,10,0,3,2,0.0,0,BB,NLD,Online TA,TA/TO,0,0,0,A,A,0,No Deposit,9.0,0,Transient-Party,114.3,0,2
City Hotel,0,146,2016,August,33,11,0,2,2,0.0,0,BB,FRA,Online TA,TA/TO,0,0,0,A,A,0,No Deposit,9.0,0,Transient,123.3,0,1
City Hotel,0,190,2016,August,33,9,0,4,2,0.0,0,BB,FRA,Online TA,TA/TO,0,0,0,A,A,0,No Deposit,9.0,0,Transient,108.45,1,1
City Hotel,0,181,2016,August,32,6,2,5,2,0.0,0,BB,ITA,Online TA,TA/TO,0,0,0,A,A,0,No Deposit,7.0,0,Transient,72.75,0,1
City Hotel,0,129,2016,August,33,10,0,3,2,0.0,0,BB,GBR,Online TA,TA/TO,0,0,0,A,A,0,No Deposit,7.0,0,Transient,88.01,0,1
City Hotel,0,111,2016,August,33,11,0,2,2,0.0,0,BB,ESP,Online TA,TA/TO,0,0,0,D,D,0,No Deposit,9.0,0,Transient,127.8,0,0
City Hotel,0,142,2016,August,33,8,1,4,2,0.0,0,BB,ESP,Online TA,TA/TO,0,0,0,A,A,2,No Deposit,9.0,0,Transient,116.95,1,1
City Hotel,0,203,2016,August,33,10,0,3,2,0.0,0,BB,FRA,Online TA,TA/TO,0,0,0,A,A,1,No Deposit,9.0,0,Transient,105.3,1,1
City Hotel,0,8,2016,August,33,9,0,4,2,0.0,0,SC,BEL,Online TA,TA/TO,0,0,0,A,A,0,No Deposit,9.0,0,Transient,148.0,1,1
City Hotel,0,7,2016,August,33,11,0,2,2,0.0,0,SC,FRA,Online TA,TA/TO,0,0,0,A,A,0,No Deposit,9.0,0,Transient,148.0,0,0
City Hotel,0,74,2016,August,33,9,0,4,2,0.0,0,SC,FRA,Online TA,TA/TO,0,0,0,A,A,0,No Deposit,9.0,0,Transient,107.1,0,1
City Hotel,0,156,2016,August,33,9,0,4,2,0.0,0,SC,NLD,Online TA,TA/TO,0,0,0,A,A,0,No Deposit,9.0,0,Transient,97.75,0,1
City Hotel,0,181,2016,August,32,6,2,5,2,0.0,0,BB,ITA,Online TA,TA/TO,0,0,0,A,A,0,No Deposit,7.0,0,Transient,72.75,0,1
City Hotel,0,0,2016,August,33,10,0,3,2,0.0,0,BB,SWE,Online TA,TA/TO,0,0,0,A,A,0,No Deposit,7.0,0,Transient,130.9,0,1
City Hotel,0,97,2016,August,33,8,1,4,2,0.0,0,BB,NLD,Online TA,TA/TO,0,0,0,A,A,0,No Deposit,9.0,0,Transient,117.9,0,1
City Hotel,0,184,2016,August,33,9,0,4,2,0.0,0,BB,DEU,Online TA,TA/TO,0,0,0,A,A,0,No Deposit,9.0,0,Transient,99.45,0,1
City Hotel,0,22,2016,August,33,12,0,1,2,0.0,0,BB,PRT,Corporate,Direct,0,0,0,A,A,0,No Deposit,,0,Transient,84.0,0,0
City Hotel,0,155,2016,August,33,9,0,4,2,0.0,0,BB,ITA,Online TA,TA/TO,0,0,0,A,A,0,No Deposit,7.0,0,Transient,83.12,0,1
City Hotel,0,157,2016,August,33,10,0,3,2,0.0,0,BB,NLD,Online TA,TA/TO,0,0,0,A,A,0,No Deposit,9.0,0,Transient-Party,123.3,1,2
City Hotel,0,96,2016,August,33,11,0,2,2,0.0,0,BB,NOR,Offline TA/TO,TA/TO,0,0,0,D,D,0,No Deposit,85.0,0,Transient,82.45,0,0
City Hotel,0,8,2016,August,33,11,0,2,2,0.0,0,SC,DEU,Online TA,TA/TO,0,0,0,A,A,0,No Deposit,9.0,0,Transient,139.0,0,2
City Hotel,0,203,2016,August,33,8,1,4,2,0.0,0,BB,DEU,Online TA,TA/TO,0,0,0,A,K,0,No Deposit,11.0,0,Transient,65.49,0,1
City Hotel,0,156,2016,August,33,8,1,5,2,0.0,0,BB,DEU,Offline TA/TO,TA/TO,0,0,0,A,A,0,No Deposit,27.0,0,Transient,72.25,0,0
City Hotel,0,140,2016,August,33,9,0,5,2,0.0,0,BB,DEU,Offline TA/TO,TA/TO,0,0,0,D,A,0,No Deposit,85.0,0,Transient,82.45,0,0
City Hotel,0,140,2016,August,33,9,0,5,2,0.0,0,BB,DEU,Offline TA/TO,TA/TO,0,0,0,D,A,0,No Deposit,85.0,0,Transient,86.05,0,0
City Hotel,0,124,2016,August,33,8,1,5,2,0.0,0,BB,FRA,Online TA,TA/TO,0,0,0,A,A,0,No Deposit,7.0,0,Transient,97.01,0,1
City Hotel,0,67,2016,August,33,13,0,1,2,0.0,0,SC,LUX,Online TA,TA/TO,0,0,0,A,A,0,No Deposit,9.0,0,Transient,125.1,0,1
City Hotel,0,109,2016,August,33,9,0,5,2,0.0,0,BB,ITA,Online TA,TA/TO,0,0,0,D,D,0,No Deposit,9.0,0,Transient,127.8,0,1
City Hotel,0,4,2016,August,33,13,0,1,2,0.0,0,SC,ESP,Online TA,TA/TO,0,0,0,A,D,0,No Deposit,9.0,0,Transient,167.0,0,1
City Hotel,0,129,2016,August,33,9,0,5,2,0.0,0,BB,FRA,Online TA,TA/TO,0,0,0,A,A,0,No Deposit,7.0,0,Transient-Party,83.61,0,2
City Hotel,0,111,2016,August,33,12,0,2,2,0.0,0,SC,MAR,Online TA,TA/TO,0,0,0,A,A,0,No Deposit,9.0,0,Transient,107.1,0,1
City Hotel,0,111,2016,August,33,12,0,2,2,0.0,0,SC,PRT,Online TA,TA/TO,0,0,0,A,A,0,No Deposit,9.0,0,Transient,107.1,0,1
City Hotel,0,117,2016,August,33,12,0,2,2,0.0,0,SC,ESP,Online TA,TA/TO,0,0,0,A,A,0,No Deposit,9.0,0,Transient,112.5,0,1
City Hotel,0,140,2016,August,33,12,0,2,2,0.0,0,SC,ESP,Online TA,TA/TO,0,0,0,A,A,0,No Deposit,9.0,0,Transient,112.5,0,1
City Hotel,0,140,2016,August,33,12,0,2,2,0.0,0,SC,ESP,Online TA,TA/TO,0,0,0,A,A,0,No Deposit,9.0,0,Transient,103.5,0,1
City Hotel,0,207,2016,August,33,7,2,5,2,0.0,0,BB,ITA,Online TA,TA/TO,0,0,0,A,A,0,No Deposit,9.0,0,Transient,90.95,0,1
City Hotel,0,73,2016,August,33,11,0,3,2,0.0,0,BB,FRA,Direct,Direct,0,0,0,D,D,0,No Deposit,,0,Transient-Party,116.1,0,2
City Hotel,0,120,2016,August,33,9,0,5,2,0.0,0,BB,ESP,Online TA,TA/TO,0,0,0,D,D,0,No Deposit,9.0,0,Transient,127.8,0,1
City Hotel,0,93,2016,August,33,13,0,1,2,0.0,0,BB,FRA,Online TA,TA/TO,0,0,0,B,B,1,No Deposit,9.0,0,Transient,109.83,0,1
City Hotel,0,190,2016,August,33,9,0,5,2,0.0,0,BB,DEU,Offline TA/TO,TA/TO,0,0,0,D,D,0,No Deposit,16.0,0,Transient,84.25,0,0
City Hotel,0,134,2016,August,33,11,0,3,2,0.0,0,SC,GBR,Online TA,TA/TO,0,0,0,A,A,0,No Deposit,9.0,0,Transient,103.5,0,2
City Hotel,0,184,2016,August,33,13,0,1,2,0.0,0,SC,GBR,Online TA,TA/TO,0,0,0,A,A,0,No Deposit,9.0,0,Transient,103.5,0,1
City Hotel,0,3,2016,August,33,13,0,1,2,0.0,0,SC,FRA,Online TA,TA/TO,0,0,0,A,A,0,No Deposit,9.0,0,Transient,168.0,0,2
City Hotel,0,124,2016,August,33,11,0,3,2,0.0,0,BB,BEL,Online TA,TA/TO,0,0,0,A,A,0,No Deposit,9.0,0,Transient,114.3,0,1
City Hotel,0,86,2016,August,33,12,0,2,2,0.0,0,SC,ESP,Online TA,TA/TO,0,0,0,A,A,0,No Deposit,9.0,0,Transient,107.1,0,1
City Hotel,0,111,2016,August,33,12,0,2,2,0.0,0,SC,MAR,Online TA,TA/TO,0,0,0,A,A,0,No Deposit,9.0,0,Transient,107.1,0,1
City Hotel,0,129,2016,August,33,9,0,5,2,0.0,0,BB,FRA,Online TA,TA/TO,0,0,0,A,A,0,No Deposit,7.0,0,Transient-Party,83.61,0,2
City Hotel,0,128,2016,August,33,9,0,5,2,0.0,0,SC,ITA,Online TA,TA/TO,0,0,0,A,A,1,No Deposit,9.0,0,Transient,103.5,0,1
City Hotel,0,120,2016,August,33,9,0,5,2,0.0,0,BB,ESP,Online TA,TA/TO,0,0,0,D,D,0,No Deposit,9.0,0,Transient,136.8,1,1
City Hotel,0,4,2016,August,33,12,0,2,2,0.0,0,SC,FRA,Online TA,TA/TO,0,0,0,A,A,0,No Deposit,157.0,0,Transient,92.0,0,0
City Hotel,0,178,2016,August,33,10,0,4,2,0.0,0,BB,BEL,Online TA,TA/TO,0,0,0,A,A,0,No Deposit,9.0,0,Transient-Party,99.45,0,1
City Hotel,0,178,2016,August,33,10,0,4,2,0.0,0,BB,BEL,Online TA,TA/TO,0,0,0,A,A,0,No Deposit,9.0,0,Transient-Party,99.45,0,2
City Hotel,0,214,2016,August,33,11,0,3,2,0.0,0,BB,BEL,Online TA,TA/TO,0,0,0,A,A,5,No Deposit,9.0,0,Transient-Party,96.3,0,1
City Hotel,0,31,2016,August,33,10,0,4,2,0.0,0,SC,FRA,Online TA,TA/TO,0,0,0,A,A,1,No Deposit,9.0,0,Transient,141.55,0,1
City Hotel,0,143,2016,August,33,13,0,1,2,0.0,0,SC,LUX,Online TA,TA/TO,0,0,0,A,A,0,No Deposit,9.0,0,Transient,103.5,0,1
City Hotel,0,134,2016,August,33,11,0,3,2,0.0,0,SC,GBR,Online TA,TA/TO,0,0,0,A,A,0,No Deposit,9.0,0,Transient,103.5,0,2
City Hotel,0,128,2016,August,33,11,0,3,2,0.0,0,BB,BEL,Online TA,TA/TO,0,0,0,A,A,0,No Deposit,9.0,0,Transient,123.3,0,2
City Hotel,0,80,2016,August,33,12,0,2,2,0.0,0,BB,PRT,Online TA,TA/TO,0,0,0,A,A,0,No Deposit,9.0,0,Transient,117.9,0,1
City Hotel,0,143,2016,August,33,8,2,5,2,0.0,0,SC,FRA,Online TA,TA/TO,0,0,0,A,A,0,No Deposit,9.0,0,Transient,106.75,1,1
City Hotel,0,112,2016,August,33,11,1,3,2,0.0,0,BB,NOR,Online TA,TA/TO,0,0,0,D,D,0,No Deposit,8.0,0,Transient,127.8,0,1
City Hotel,0,195,2016,August,33,8,2,5,2,0.0,0,BB,DEU,Offline TA/TO,TA/TO,0,0,0,A,A,0,No Deposit,22.0,0,Transient,72.25,0,0
City Hotel,0,169,2016,August,33,12,1,2,2,0.0,0,BB,PRT,Online TA,TA/TO,0,0,0,A,A,0,No Deposit,9.0,0,Transient,105.3,0,1
City Hotel,0,15,2016,August,34,14,1,0,2,0.0,0,BB,NLD,Online TA,TA/TO,0,0,0,D,D,0,No Deposit,9.0,0,Transient,175.0,0,1
City Hotel,0,150,2016,August,33,8,2,5,2,0.0,0,BB,DEU,Online TA,TA/TO,0,0,0,A,A,0,No Deposit,9.0,0,Transient,107.95,0,1
City Hotel,0,166,2016,August,33,12,1,2,2,0.0,0,BB,ITA,Online TA,TA/TO,0,0,0,D,A,0,No Deposit,9.0,0,Transient,127.8,0,1
City Hotel,0,53,2016,August,33,8,2,5,2,0.0,0,BB,DEU,Offline TA/TO,TA/TO,0,0,0,A,A,0,No Deposit,138.0,0,Transient,85.0,0,0
City Hotel,0,53,2016,August,33,8,2,5,2,0.0,0,BB,DEU,Offline TA/TO,TA/TO,0,0,0,A,A,0,No Deposit,138.0,0,Transient,85.0,0,0
City Hotel,0,280,2016,August,33,12,1,2,2,0.0,0,BB,DEU,Online TA,TA/TO,0,0,0,A,A,0,No Deposit,9.0,0,Contract,107.0,0,1
City Hotel,0,159,2016,August,33,8,2,5,2,0.0,0,HB,PRT,Direct,Direct,0,0,0,A,A,0,No Deposit,,0,Transient,132.96,1,1
City Hotel,0,109,2016,August,33,12,1,2,2,0.0,0,SC,ITA,Online TA,TA/TO,0,0,0,A,A,0,No Deposit,9.0,0,Transient,107.1,0,1
City Hotel,0,65,2016,August,33,12,1,2,2,0.0,0,BB,FRA,Offline TA/TO,TA/TO,0,0,0,A,A,0,No Deposit,138.0,0,Transient,85.0,0,1
City Hotel,0,176,2016,August,33,8,2,5,2,0.0,0,BB,DEU,Online TA,TA/TO,0,0,0,D,D,0,No Deposit,9.0,0,Transient,112.2,0,1
City Hotel,0,150,2016,August,33,8,2,5,2,0.0,0,BB,DEU,Online TA,TA/TO,0,0,0,A,A,0,No Deposit,9.0,0,Transient,107.95,0,1
City Hotel,0,160,2016,August,33,8,2,5,2,0.0,0,SC,FRA,Online TA,TA/TO,0,0,0,A,A,0,No Deposit,9.0,0,Transient-Party,106.75,1,0
City Hotel,0,86,2016,August,33,12,1,2,2,0.0,0,BB,ESP,Online TA,TA/TO,0,0,0,A,A,0,No Deposit,9.0,0,Transient,117.9,0,0
City Hotel,0,40,2016,August,33,13,1,1,2,0.0,0,BB,FRA,Online TA,TA/TO,0,0,0,D,A,0,No Deposit,9.0,0,Transient,149.4,0,1
City Hotel,0,8,2016,August,33,13,1,1,2,0.0,0,BB,ESP,Online TA,TA/TO,0,0,0,A,A,0,No Deposit,83.0,0,Transient,132.0,0,0
City Hotel,0,5,2016,August,33,13,1,1,2,0.0,0,BB,NLD,Online TA,TA/TO,0,0,0,A,A,0,No Deposit,9.0,0,Transient,174.0,0,2
City Hotel,0,10,2016,August,33,13,1,1,2,0.0,0,BB,FRA,Online TA,TA/TO,0,0,0,A,A,0,No Deposit,9.0,0,Transient,156.0,0,2
City Hotel,0,0,2016,August,33,9,1,5,2,0.0,0,BB,NLD,Online TA,TA/TO,0,0,0,A,A,0,No Deposit,9.0,0,Transient,170.0,0,1
City Hotel,0,14,2016,August,33,13,1,1,2,0.0,0,BB,NLD,Online TA,TA/TO,0,0,0,B,B,1,No Deposit,9.0,0,Transient-Party,138.05,0,3
City Hotel,0,213,2016,August,33,12,1,2,2,0.0,0,SC,BEL,Online TA,TA/TO,0,0,0,A,A,0,No Deposit,9.0,0,Transient,94.5,0,1
City Hotel,0,1,2016,August,34,14,1,0,2,0.0,0,BB,PRT,Direct,Direct,0,0,0,A,A,2,No Deposit,14.0,0,Transient,208.0,0,1
City Hotel,0,0,2016,August,34,14,1,0,2,0.0,0,BB,PRT,Direct,Direct,0,0,0,A,A,0,No Deposit,,0,Transient,135.0,0,0
City Hotel,0,23,2016,August,33,12,1,2,2,0.0,0,BB,FRA,Offline TA/TO,TA/TO,0,0,0,A,A,0,No Deposit,138.0,0,Transient,85.0,0,1
City Hotel,0,24,2016,August,33,12,1,2,2,0.0,0,BB,GBR,Offline TA/TO,TA/TO,0,0,0,A,A,0,No Deposit,138.0,0,Transient,85.0,0,1
City Hotel,0,0,2016,August,34,14,1,0,2,0.0,0,BB,PRT,Direct,Direct,0,0,0,A,B,0,No Deposit,,0,Transient,135.0,0,0
City Hotel,0,15,2016,August,33,13,1,1,2,0.0,0,BB,PRT,Corporate,Corporate,0,0,0,A,D,0,No Deposit,,0,Transient,84.0,1,1
City Hotel,0,175,2016,August,32,3,3,9,2,0.0,0,BB,PRT,Offline TA/TO,TA/TO,0,0,0,A,A,0,No Deposit,168.0,0,Transient,72.25,0,0
City Hotel,0,40,2016,August,33,13,1,1,2,0.0,0,BB,USA,Online TA,TA/TO,0,0,0,G,G,1,No Deposit,7.0,0,Transient,205.38,0,1
City Hotel,0,156,2016,August,33,8,2,5,2,0.0,0,BB,FRA,Offline TA/TO,TA/TO,0,0,0,A,A,0,No Deposit,85.0,0,Transient,72.25,0,0
City Hotel,0,0,2016,August,34,14,1,0,2,0.0,0,BB,PRT,Direct,Direct,0,0,0,A,B,0,No Deposit,,0,Transient,135.0,0,0
City Hotel,0,3,2016,August,33,13,1,1,2,0.0,0,BB,PRT,Online TA,TA/TO,0,0,0,A,A,0,No Deposit,9.0,0,Transient,180.0,0,1
City Hotel,0,7,2016,August,33,12,1,2,2,0.0,0,BB,PRT,Online TA,TA/TO,0,0,0,A,A,0,No Deposit,9.0,0,Transient,175.67,1,1
City Hotel,0,9,2016,August,33,13,1,1,2,0.0,0,BB,FRA,Online TA,TA/TO,0,0,0,A,A,0,No Deposit,9.0,0,Transient,165.0,1,3
City Hotel,0,9,2016,August,33,12,1,2,2,0.0,0,BB,FRA,Online TA,TA/TO,0,0,0,A,A,0,No Deposit,9.0,0,Transient,154.33,0,0
City Hotel,0,218,2016,August,33,13,1,1,2,0.0,0,BB,BRA,Online TA,TA/TO,0,0,0,A,A,0,No Deposit,11.0,0,Transient,69.33,0,0
City Hotel,0,127,2016,August,33,8,2,5,2,0.0,0,BB,FRA,Offline TA/TO,TA/TO,0,0,0,A,A,0,No Deposit,83.0,0,Transient,86.36,0,0
City Hotel,0,3,2016,August,33,12,1,2,2,0.0,0,SC,VNM,Online TA,TA/TO,0,0,0,A,A,0,No Deposit,157.0,0,Transient,92.0,0,1
City Hotel,0,109,2016,August,33,11,1,3,2,0.0,0,BB,ITA,Online TA,TA/TO,0,0,0,D,D,2,No Deposit,9.0,0,Transient,131.4,0,3
City Hotel,0,211,2016,August,33,13,2,1,2,0.0,0,SC,DEU,Online TA,TA/TO,0,0,0,A,A,2,No Deposit,9.0,0,Transient,88.5,0,1
City Hotel,0,90,2016,August,33,12,2,2,2,0.0,0,BB,PRT,Online TA,TA/TO,0,0,0,A,A,0,No Deposit,9.0,0,Transient,117.9,0,1
City Hotel,0,129,2016,August,33,11,2,3,2,0.0,0,BB,GBR,Online TA,TA/TO,0,0,0,D,D,7,No Deposit,9.0,0,Transient,127.8,0,1
City Hotel,0,193,2016,August,33,12,2,2,2,0.0,0,BB,CN,Direct,Direct,0,0,0,A,A,0,No Deposit,14.0,0,Transient,89.25,0,1
City Hotel,0,13,2016,August,34,16,0,0,2,0.0,0,SC,PRT,Online TA,TA/TO,0,0,0,A,A,0,No Deposit,9.0,0,Transient,0.0,0,2
City Hotel,0,9,2016,August,34,14,2,0,2,0.0,0,SC,ESP,Online TA,TA/TO,0,0,0,A,A,1,No Deposit,9.0,0,Transient,153.0,0,2
City Hotel,0,119,2016,August,33,12,2,2,2,0.0,0,BB,ITA,Online TA,TA/TO,0,0,0,A,A,0,No Deposit,9.0,0,Transient,114.3,0,1
City Hotel,0,5,2016,August,34,15,1,0,2,0.0,0,BB,FRA,Direct,Direct,0,0,0,A,A,0,No Deposit,,0,Transient,114.3,0,1
City Hotel,0,119,2016,August,33,12,2,2,2,0.0,0,BB,ITA,Online TA,TA/TO,0,0,0,A,A,0,No Deposit,9.0,0,Transient,114.3,0,1
City Hotel,0,5,2016,August,34,15,1,0,2,0.0,0,BB,BEL,Direct,Direct,0,0,0,A,A,0,No Deposit,,0,Transient,114.3,0,1
City Hotel,0,174,2016,August,33,12,2,2,2,0.0,0,BB,DEU,Online TA,TA/TO,0,0,0,A,A,0,No Deposit,9.0,0,Transient-Party,99.45,0,1
City Hotel,0,139,2016,August,33,11,2,3,2,0.0,0,BB,FRA,Offline TA/TO,TA/TO,0,0,0,A,A,0,No Deposit,85.0,0,Transient,81.25,0,0
City Hotel,0,159,2016,August,33,8,3,5,2,0.0,0,BB,FRA,Direct,Direct,0,0,0,A,A,0,No Deposit,14.0,0,Transient,97.75,0,0
City Hotel,0,136,2016,August,33,11,2,3,2,0.0,0,BB,FRA,Online TA,TA/TO,0,0,0,A,A,2,No Deposit,11.0,0,Transient,86.36,0,1
City Hotel,0,24,2016,August,34,15,1,0,2,0.0,0,BB,PRT,Complementary,Direct,0,0,0,A,A,2,No Deposit,,0,Transient,0.0,0,0
City Hotel,0,1,2017,February,7,17,0,1,2,0.0,0,BB,PRT,Complementary,Direct,1,0,1,A,A,0,No Deposit,,0,Transient,0.0,0,0
City Hotel,0,36,2016,August,34,14,2,0,2,0.0,0,BB,ITA,Online TA,TA/TO,0,0,0,A,A,0,No Deposit,9.0,0,Transient,135.9,0,1
City Hotel,0,36,2016,August,34,14,2,0,2,0.0,0,BB,ITA,Online TA,TA/TO,0,0,0,A,A,0,No Deposit,9.0,0,Transient,135.9,0,1
City Hotel,0,6,2016,August,33,13,2,1,2,0.0,0,BB,FRA,Online TA,TA/TO,0,0,0,A,A,0,No Deposit,9.0,0,Transient,163.33,0,2
City Hotel,0,195,2016,August,33,13,2,1,2,0.0,0,BB,FRA,Online TA,TA/TO,0,0,0,A,A,1,No Deposit,9.0,0,Transient,94.5,0,1
City Hotel,0,84,2016,August,34,15,1,0,2,0.0,0,BB,FRA,Online TA,TA/TO,0,0,0,A,A,0,No Deposit,9.0,0,Transient,117.9,0,1
City Hotel,0,10,2016,August,34,14,2,0,2,0.0,0,BB,FRA,Online TA,TA/TO,0,0,0,A,D,1,No Deposit,9.0,0,Transient,157.0,0,1
City Hotel,0,0,2016,August,34,15,1,0,2,0.0,0,BB,DEU,Online TA,TA/TO,0,0,0,A,A,0,No Deposit,9.0,0,Transient,216.0,0,0
City Hotel,0,193,2016,August,33,12,2,2,2,0.0,0,BB,FRA,Online TA,TA/TO,0,0,0,A,A,0,No Deposit,9.0,0,Transient,108.45,1,1
City Hotel,0,174,2016,August,33,12,2,2,2,0.0,0,BB,DEU,Online TA,TA/TO,0,0,0,A,A,0,No Deposit,9.0,0,Transient-Party,99.45,0,1
City Hotel,0,8,2016,August,33,10,2,4,2,0.0,0,BB,NLD,Direct,Direct,0,0,0,D,D,0,No Deposit,14.0,0,Transient,155.7,1,0
City Hotel,0,60,2016,August,33,13,2,1,2,0.0,0,BB,FRA,Online TA,TA/TO,0,0,0,A,A,1,No Deposit,9.0,0,Transient,135.9,0,1
City Hotel,0,7,2016,August,33,12,2,2,2,0.0,0,BB,ESP,Online TA,TA/TO,0,0,0,A,A,0,No Deposit,9.0,0,Transient,174.0,0,1
City Hotel,0,136,2016,August,33,13,2,1,2,0.0,0,BB,CHN,Online TA,TA/TO,0,0,0,A,A,0,No Deposit,7.0,0,Transient,88.01,0,1
City Hotel,0,214,2016,August,33,9,2,5,2,0.0,0,BB,FRA,Online TA,TA/TO,0,0,0,A,A,0,No Deposit,9.0,0,Transient,90.95,0,1
City Hotel,0,171,2016,August,33,11,2,3,2,0.0,0,BB,GBR,Offline TA/TO,TA/TO,0,0,0,A,A,0,No Deposit,28.0,0,Transient,72.25,0,2
City Hotel,0,151,2016,August,33,11,2,3,2,0.0,0,BB,FRA,Online TA,TA/TO,0,0,0,A,A,1,No Deposit,9.0,0,Transient,97.75,0,1
City Hotel,0,12,2016,August,34,15,1,0,2,0.0,0,BB,FRA,Direct,Direct,0,0,0,A,A,1,No Deposit,14.0,0,Transient,159.0,0,0
City Hotel,0,136,2016,August,33,11,2,3,2,0.0,0,BB,DNK,Online TA,TA/TO,0,0,0,A,A,0,No Deposit,7.0,0,Transient,83.12,0,1
City Hotel,0,10,2016,August,33,13,2,1,2,0.0,0,BB,ESP,Online TA,TA/TO,0,0,0,A,A,0,No Deposit,83.0,0,Transient,120.8,0,0
City Hotel,0,12,2016,August,34,16,0,0,2,0.0,0,BB,PRT,Online TA,TA/TO,0,0,0,A,A,0,No Deposit,9.0,0,Transient,0.0,0,1
City Hotel,0,147,2016,August,32,3,4,10,2,0.0,0,BB,NOR,Online TA,TA/TO,0,0,0,D,D,1,No Deposit,9.0,0,Transient,118.88,0,1
City Hotel,0,81,2016,August,34,16,0,1,2,0.0,0,SC,CN,Online TA,TA/TO,0,0,0,A,A,0,No Deposit,9.0,0,Transient,125.1,0,2
City Hotel,0,46,2016,August,34,14,2,1,2,0.0,0,BB,FRA,Online TA,TA/TO,0,0,0,A,A,0,No Deposit,9.0,0,Transient,135.9,0,2
City Hotel,0,184,2016,August,33,12,2,3,2,0.0,0,HB,ITA,Direct,Direct,0,0,0,D,D,1,No Deposit,14.0,0,Transient,143.1,0,0
City Hotel,0,11,2016,August,33,13,2,2,2,0.0,0,SC,USA,Online TA,TA/TO,0,0,0,A,A,0,No Deposit,9.0,0,Transient,139.0,0,0
City Hotel,0,35,2016,August,34,15,1,1,2,0.0,0,BB,BEL,Online TA,TA/TO,0,0,0,A,D,0,No Deposit,9.0,0,Transient,135.9,0,1
City Hotel,0,168,2016,August,33,12,2,3,2,0.0,0,BB,AUT,Offline TA/TO,TA/TO,0,0,0,A,A,0,No Deposit,16.0,0,Transient,72.25,0,2
City Hotel,0,75,2016,August,33,12,2,3,2,0.0,0,BB,NLD,Online TA,TA/TO,0,0,0,D,D,0,No Deposit,9.0,0,Transient,149.4,0,1
City Hotel,0,40,2016,August,33,13,2,2,2,0.0,0,BB,SVK,Online TA,TA/TO,0,0,0,D,D,0,No Deposit,9.0,0,Transient,149.4,0,2
City Hotel,0,171,2016,August,33,11,2,4,2,0.0,0,BB,DEU,Online TA,TA/TO,0,0,0,A,A,0,No Deposit,9.0,0,Transient,99.45,0,1
City Hotel,0,147,2016,August,34,14,2,1,2,0.0,0,BB,FRA,Online TA,TA/TO,0,0,0,A,A,0,No Deposit,9.0,0,Transient,123.3,1,1
City Hotel,0,174,2016,August,33,13,2,2,2,0.0,0,BB,ESP,Online TA,TA/TO,0,0,0,A,A,0,No Deposit,9.0,0,Transient,99.45,0,1
City Hotel,0,220,2016,August,34,15,1,1,2,0.0,0,SC,DEU,Online TA,TA/TO,0,0,0,A,A,1,No Deposit,9.0,0,Transient-Party,90.0,0,1
City Hotel,0,220,2016,August,34,15,1,1,2,0.0,0,SC,DEU,Online TA,TA/TO,0,0,0,A,A,1,No Deposit,9.0,0,Transient-Party,99.0,1,1
City Hotel,0,28,2016,August,34,16,0,1,2,0.0,0,HB,FRA,Direct,Direct,0,0,0,D,D,1,No Deposit,14.0,0,Transient,210.0,0,2
City Hotel,0,1,2016,August,34,16,0,1,2,0.0,0,SC,PRT,Online TA,TA/TO,0,0,0,A,A,0,No Deposit,,0,Transient,184.5,0,2
City Hotel,0,11,2016,August,34,16,0,1,2,0.0,0,BB,PRT,Online TA,TA/TO,0,0,0,A,A,0,No Deposit,83.0,0,Transient,128.0,0,0
City Hotel,0,130,2016,August,33,11,2,4,2,0.0,0,BB,ESP,Online TA,TA/TO,0,0,0,A,A,0,No Deposit,8.0,0,Transient,114.3,0,1
City Hotel,0,0,2016,August,34,16,0,1,2,0.0,0,BB,PRT,Direct,Direct,0,0,0,B,B,0,No Deposit,,0,Transient,138.0,0,0
City Hotel,0,25,2016,August,34,15,1,1,2,0.0,0,BB,PRT,Offline TA/TO,TA/TO,0,0,0,A,A,0,No Deposit,132.0,0,Transient,76.5,0,0
City Hotel,0,9,2016,August,34,14,2,1,2,0.0,0,SC,FRA,Online TA,TA/TO,0,0,0,A,A,2,No Deposit,9.0,0,Transient,148.0,0,2
City Hotel,0,69,2016,August,33,13,2,2,2,0.0,0,SC,ESP,Online TA,TA/TO,0,0,0,A,A,0,No Deposit,9.0,0,Transient,125.1,0,1
City Hotel,0,5,2016,August,33,13,2,2,2,0.0,0,BB,FIN,Online TA,TA/TO,0,0,0,A,A,0,No Deposit,8.0,0,Transient,170.0,0,1
City Hotel,0,163,2016,August,34,14,2,1,2,0.0,0,BB,ROU,Direct,Direct,0,0,0,A,A,1,No Deposit,14.0,0,Transient,114.5,0,1
City Hotel,0,170,2016,August,33,10,2,5,2,0.0,0,BB,GBR,Offline TA/TO,TA/TO,0,0,0,A,A,0,No Deposit,22.0,0,Transient,72.25,0,0
City Hotel,0,119,2016,August,33,13,2,2,2,0.0,0,BB,GBR,Online TA,TA/TO,0,0,0,A,B,1,No Deposit,9.0,0,Transient,114.3,0,1
City Hotel,0,0,2016,August,34,16,0,1,2,0.0,0,BB,PRT,Direct,Direct,0,0,0,A,A,0,No Deposit,,0,Transient,138.0,0,0
City Hotel,0,0,2016,August,34,16,0,1,2,0.0,0,BB,PRT,Direct,Direct,0,0,0,B,B,0,No Deposit,,0,Transient,138.0,0,0
City Hotel,0,306,2016,August,34,14,2,1,2,0.0,0,BB,DEU,Online TA,TA/TO,0,0,0,A,A,0,No Deposit,9.0,0,Contract,104.4,0,3
City Hotel,0,18,2016,August,34,14,2,1,2,0.0,0,BB,DEU,Offline TA/TO,TA/TO,0,0,0,D,D,0,No Deposit,83.0,0,Transient,132.8,0,0
City Hotel,0,306,2016,August,34,14,2,1,2,0.0,0,BB,DEU,Online TA,TA/TO,0,0,0,A,A,0,No Deposit,9.0,0,Contract,95.4,0,3
City Hotel,0,199,2016,August,34,14,2,1,2,0.0,0,BB,GBR,Online TA,TA/TO,0,0,0,D,D,0,No Deposit,9.0,0,Transient,115.8,0,1
City Hotel,0,110,2016,August,34,14,2,1,2,0.0,0,SC,GBR,Offline TA/TO,TA/TO,0,0,0,A,A,0,No Deposit,28.0,0,Transient,63.75,0,0
City Hotel,0,42,2016,August,34,15,1,1,2,0.0,0,BB,PRT,Offline TA/TO,TA/TO,0,0,0,A,A,0,No Deposit,42.0,0,Transient,76.5,0,0
City Hotel,0,14,2016,August,34,15,1,1,2,0.0,0,BB,FRA,Online TA,TA/TO,0,0,0,D,D,0,No Deposit,9.0,0,Transient,166.0,0,1
City Hotel,0,0,2016,August,34,16,0,1,2,0.0,0,BB,PRT,Online TA,TA/TO,0,0,0,A,A,0,No Deposit,9.0,0,Transient,207.0,0,1
City Hotel,0,0,2016,August,33,10,2,5,2,0.0,0,BB,PRT,Direct,Direct,0,0,0,A,D,2,No Deposit,,0,Transient,180.0,0,0
City Hotel,0,14,2016,August,34,15,1,1,2,0.0,0,BB,FRA,Online TA,TA/TO,0,0,0,A,D,0,No Deposit,9.0,0,Transient,151.0,0,1
City Hotel,0,9,2016,August,34,14,2,1,2,0.0,0,BB,BEL,Online TA,TA/TO,0,0,0,A,A,0,No Deposit,7.0,0,Transient,125.27,1,1
City Hotel,0,9,2016,August,34,14,2,1,2,0.0,0,BB,BEL,Online TA,TA/TO,0,0,0,A,A,0,No Deposit,7.0,0,Transient,116.27,0,1
City Hotel,0,119,2016,August,33,13,2,2,2,0.0,0,BB,GBR,Online TA,TA/TO,0,0,0,A,B,1,No Deposit,9.0,0,Transient,88.73,0,1
City Hotel,0,85,2016,August,33,13,2,2,2,0.0,0,BB,ITA,Online TA,TA/TO,0,0,0,A,A,4,No Deposit,9.0,0,Transient,126.9,0,1
City Hotel,0,132,2016,August,33,10,2,5,2,0.0,0,BB,FRA,Offline TA/TO,TA/TO,0,0,0,D,D,0,No Deposit,83.0,0,Transient,96.56,0,1
City Hotel,0,132,2016,August,33,10,2,5,2,0.0,0,BB,FRA,Offline TA/TO,TA/TO,0,0,0,D,D,0,No Deposit,83.0,0,Transient,96.56,0,1
City Hotel,0,8,2016,August,34,16,0,1,2,0.0,0,BB,FRA,Online TA,TA/TO,0,0,0,A,A,0,No Deposit,9.0,0,Transient,170.0,0,2
City Hotel,0,6,2016,August,34,15,1,2,2,0.0,0,BB,USA,Online TA,TA/TO,0,0,0,D,D,0,No Deposit,9.0,0,Transient,180.67,0,1
City Hotel,0,98,2016,August,34,14,2,2,2,0.0,0,SC,ITA,Online TA,TA/TO,0,0,0,A,A,1,No Deposit,7.0,0,Transient,78.35,0,1
City Hotel,0,98,2016,August,34,14,2,2,2,0.0,0,SC,ITA,Online TA,TA/TO,0,0,0,A,A,1,No Deposit,7.0,0,Transient,78.35,0,1
City Hotel,0,202,2016,August,33,8,3,7,2,0.0,0,BB,FRA,Online TA,TA/TO,0,0,0,A,A,0,No Deposit,9.0,0,Transient,90.95,0,2
City Hotel,0,82,2016,August,34,14,2,2,2,0.0,0,BB,GBR,Online TA,TA/TO,0,0,0,A,A,1,No Deposit,9.0,0,Transient,112.1,0,1
City Hotel,0,56,2016,August,34,15,1,2,2,0.0,0,BB,CHE,Offline TA/TO,TA/TO,0,0,0,A,A,0,No Deposit,138.0,0,Transient,72.25,0,0
City Hotel,0,143,2016,August,34,14,2,2,2,0.0,0,BB,FRA,Online TA,TA/TO,0,0,0,A,A,0,No Deposit,9.0,0,Transient,114.3,0,1
City Hotel,0,172,2016,August,33,12,2,4,2,0.0,0,BB,ITA,Online TA,TA/TO,0,0,0,A,A,0,No Deposit,9.0,0,Transient,99.45,0,1
City Hotel,0,154,2016,August,33,11,2,5,2,0.0,0,SC,GBR,Offline TA/TO,TA/TO,0,0,0,A,A,0,No Deposit,132.0,0,Transient,63.75,0,0
City Hotel,0,191,2016,August,34,14,2,2,2,0.0,0,HB,ITA,Online TA,TA/TO,0,0,0,D,D,3,No Deposit,9.0,0,Transient,153.5,1,1
City Hotel,0,42,2016,August,34,14,2,2,2,0.0,0,BB,FRA,Online TA,TA/TO,0,0,0,A,A,0,No Deposit,9.0,0,Transient,144.9,0,1
City Hotel,0,15,2016,August,34,17,0,1,2,0.0,0,BB,BEL,Online TA,TA/TO,0,0,0,B,B,1,No Deposit,9.0,0,Transient,109.55,0,1
City Hotel,0,16,2016,August,34,16,0,2,2,0.0,0,BB,FRA,Direct,Direct,0,0,0,D,D,0,No Deposit,14.0,0,Transient,146.7,1,1
City Hotel,0,1,2016,August,34,16,0,2,2,0.0,0,BB,FRA,Online TA,TA/TO,0,0,0,A,A,0,No Deposit,9.0,0,Transient,168.5,0,2
City Hotel,0,39,2016,August,33,13,2,3,2,0.0,0,HB,ESP,Online TA,TA/TO,0,0,0,A,A,0,No Deposit,9.0,0,Transient,170.1,0,2
City Hotel,0,29,2016,August,34,16,0,2,2,0.0,0,SC,ROU,Offline TA/TO,TA/TO,0,0,0,A,A,0,No Deposit,85.0,0,Transient,67.5,0,0
City Hotel,0,111,2016,August,34,16,0,2,2,0.0,0,BB,GBR,Offline TA/TO,TA/TO,0,0,0,A,A,0,No Deposit,42.0,0,Transient,72.25,0,0
City Hotel,0,7,2016,August,34,16,0,2,2,0.0,0,BB,PRT,Online TA,TA/TO,0,0,0,A,A,1,No Deposit,9.0,0,Transient-Party,150.0,0,1
City Hotel,0,7,2016,August,34,16,0,2,2,0.0,0,BB,PRT,Online TA,TA/TO,0,0,0,A,A,1,No Deposit,9.0,0,Transient-Party,150.0,0,1
City Hotel,0,112,2016,August,34,16,0,2,2,0.0,0,BB,ESP,Online TA,TA/TO,0,0,0,A,A,1,No Deposit,9.0,0,Transient,117.9,0,1
City Hotel,0,3,2016,August,34,15,1,2,2,0.0,0,HB,ESP,Online TA,TA/TO,0,0,0,A,A,0,No Deposit,9.0,0,Transient,228.33,0,1
City Hotel,0,26,2016,August,34,15,1,2,2,0.0,0,BB,ESP,Offline TA/TO,TA/TO,0,0,0,A,A,0,No Deposit,168.0,0,Transient,85.0,0,0
City Hotel,0,46,2016,August,34,17,0,1,2,0.0,0,SC,FRA,Online TA,TA/TO,0,0,0,A,A,0,No Deposit,9.0,0,Transient,125.1,0,2
City Hotel,0,18,2016,August,34,16,0,2,2,0.0,0,BB,BEL,Online TA,TA/TO,0,0,0,A,A,0,No Deposit,9.0,0,Transient,151.0,0,1
City Hotel,0,200,2016,August,32,4,4,10,2,0.0,0,BB,GBR,Online TA,TA/TO,0,0,0,A,A,0,No Deposit,7.0,0,Transient,66.53,0,2
City Hotel,0,3,2016,August,34,17,0,1,2,0.0,0,BB,FRA,Direct,Direct,0,0,0,A,B,0,No Deposit,,0,Transient,125.0,0,0
City Hotel,0,47,2016,August,34,14,2,2,2,0.0,0,HB,SWE,Online TA,TA/TO,0,0,0,A,A,0,No Deposit,9.0,0,Transient,170.1,0,1
City Hotel,0,145,2016,August,34,15,1,2,2,0.0,0,BB,FRA,Online TA,TA/TO,0,0,0,B,B,1,No Deposit,9.0,0,Transient,115.32,1,0
City Hotel,0,2,2016,August,34,15,1,2,2,0.0,0,SC,PRT,Online TA,TA/TO,0,0,0,A,A,0,No Deposit,9.0,0,Transient,169.33,0,0
City Hotel,0,2,2016,August,34,15,1,2,2,0.0,0,SC,ESP,Online TA,TA/TO,0,0,0,A,A,0,No Deposit,9.0,0,Transient,169.33,0,0
City Hotel,0,107,2016,August,34,17,0,1,2,0.0,0,BB,GBR,Offline TA/TO,TA/TO,0,0,0,A,A,0,No Deposit,138.0,0,Transient,81.25,0,0
City Hotel,0,1,2016,August,34,17,0,1,2,0.0,0,SC,FRA,Online TA,TA/TO,0,0,0,A,A,0,No Deposit,9.0,0,Transient,128.0,0,0
City Hotel,0,11,2016,August,34,16,0,2,2,0.0,0,SC,DEU,Online TA,TA/TO,0,0,0,A,A,0,No Deposit,7.0,0,Transient,102.41,0,1
City Hotel,0,63,2016,August,34,14,2,2,2,0.0,0,BB,DEU,Online TA,TA/TO,0,0,0,A,A,0,No Deposit,9.0,0,Transient,135.9,0,2
City Hotel,0,119,2016,August,34,16,0,2,2,0.0,0,BB,PRT,Online TA,TA/TO,0,0,0,A,A,0,No Deposit,9.0,0,Transient,114.3,0,1
City Hotel,0,129,2016,August,34,15,1,2,2,0.0,0,BB,FRA,Online TA,TA/TO,0,0,0,A,A,0,No Deposit,9.0,0,Transient,114.3,0,1
City Hotel,0,6,2016,August,34,17,0,1,2,0.0,0,SC,DEU,Online TA,TA/TO,0,0,0,A,A,0,No Deposit,9.0,0,Transient,118.0,0,2
City Hotel,0,6,2016,August,34,14,2,2,2,0.0,0,BB,PRT,Online TA,TA/TO,0,0,0,D,D,0,No Deposit,9.0,0,Transient,170.0,0,2
City Hotel,0,81,2016,August,33,13,2,3,2,0.0,0,BB,ESP,Online TA,TA/TO,0,0,0,A,A,1,No Deposit,9.0,0,Transient,117.9,0,1
City Hotel,0,119,2016,August,34,16,0,2,2,0.0,0,BB,PRT,Online TA,TA/TO,0,0,0,A,A,0,No Deposit,9.0,0,Transient,114.3,0,1
City Hotel,0,9,2016,August,34,15,1,2,2,0.0,0,BB,DEU,Online TA,TA/TO,0,0,0,A,A,0,No Deposit,9.0,0,Transient,159.0,1,2
City Hotel,0,31,2016,August,34,15,1,2,2,0.0,0,BB,DEU,Online TA,TA/TO,0,0,0,A,A,0,No Deposit,7.0,0,Transient,113.64,0,1
City Hotel,0,3,2016,August,34,17,0,1,2,0.0,0,BB,FRA,Direct,Direct,0,0,0,A,B,1,No Deposit,,0,Transient,116.0,0,0
City Hotel,0,46,2016,August,34,17,0,1,2,0.0,0,SC,FRA,Online TA,TA/TO,0,0,0,A,A,0,No Deposit,9.0,0,Transient,125.1,0,2
City Hotel,0,41,2016,August,34,15,1,2,2,0.0,0,BB,PRT,Offline TA/TO,TA/TO,0,0,0,A,A,0,No Deposit,28.0,0,Transient,76.5,0,0
City Hotel,0,8,2016,August,34,16,0,2,2,0.0,0,SC,AUS,Online TA,TA/TO,0,0,0,A,A,0,No Deposit,9.0,0,Transient,133.0,0,1
City Hotel,0,81,2016,August,34,14,2,2,2,0.0,0,BB,PRT,Online TA,TA/TO,0,0,0,A,A,0,No Deposit,9.0,0,Transient,117.9,0,3
City Hotel,0,96,2016,August,34,14,2,2,2,0.0,0,BB,FRA,Online TA,TA/TO,0,0,0,A,A,0,No Deposit,9.0,0,Transient,120.15,0,1
City Hotel,0,34,2016,August,34,15,1,2,2,0.0,0,SC,PRT,Online TA,TA/TO,0,0,0,A,A,0,No Deposit,9.0,0,Transient,134.1,0,1
City Hotel,0,2,2016,August,34,16,0,2,2,0.0,0,BB,FRA,Online TA,TA/TO,0,0,0,A,A,0,No Deposit,9.0,0,Transient,177.5,0,1
City Hotel,0,118,2016,August,33,13,2,3,2,0.0,0,BB,ITA,Online TA,TA/TO,0,0,0,A,A,0,No Deposit,9.0,0,Transient,114.3,0,1
City Hotel,0,0,2016,August,34,17,0,1,2,0.0,0,BB,AUS,Online TA,TA/TO,0,0,0,A,A,0,No Deposit,9.0,0,Transient,150.0,0,1
City Hotel,0,5,2016,August,34,17,0,1,2,0.0,0,SC,FRA,Online TA,TA/TO,0,0,0,A,A,0,No Deposit,9.0,0,Transient,127.0,1,2
City Hotel,0,102,2016,August,33,13,2,3,2,0.0,0,BB,FRA,Offline TA/TO,TA/TO,0,0,0,D,D,0,No Deposit,42.0,0,Transient,82.45,0,0
City Hotel,0,185,2016,August,33,10,2,6,2,0.0,0,BB,DEU,Online TA,TA/TO,0,0,0,A,A,0,No Deposit,9.0,0,Transient,99.45,0,1
City Hotel,0,14,2016,August,34,16,0,2,2,0.0,0,BB,FRA,Direct,Direct,0,0,0,A,A,2,No Deposit,14.0,0,Transient,143.0,1,1
City Hotel,0,63,2016,August,34,15,1,2,2,0.0,0,SC,PRT,Offline TA/TO,TA/TO,0,0,0,A,A,0,No Deposit,28.0,0,Transient,63.75,0,0
City Hotel,0,5,2016,August,34,17,0,1,2,0.0,0,SC,FRA,Online TA,TA/TO,0,0,0,A,A,0,No Deposit,9.0,0,Transient,118.0,0,2
City Hotel,0,1,2016,August,34,17,0,1,2,0.0,0,SC,PRT,Online TA,TA/TO,0,0,0,A,A,0,No Deposit,9.0,0,Transient,128.0,0,2
City Hotel,0,0,2016,August,34,16,0,2,2,0.0,0,SC,GBR,Online TA,TA/TO,0,0,0,A,A,0,No Deposit,152.0,0,Transient,91.59,0,0
City Hotel,0,2,2016,August,34,17,0,1,2,0.0,0,BB,ESP,Online TA,TA/TO,0,0,0,A,A,0,No Deposit,9.0,0,Transient,130.0,0,2
City Hotel,0,0,2016,August,34,17,0,1,2,0.0,0,SC,AUS,Online TA,TA/TO,0,0,0,A,A,0,No Deposit,9.0,0,Transient,138.0,0,2
City Hotel,0,1,2016,August,34,17,0,1,2,0.0,0,SC,FRA,Online TA,TA/TO,0,0,0,A,A,0,No Deposit,9.0,0,Transient,137.0,0,2
City Hotel,0,0,2016,August,34,17,0,1,2,0.0,0,BB,AUS,Online TA,TA/TO,0,0,0,A,A,0,No Deposit,9.0,0,Transient,150.0,0,2
City Hotel,0,1,2016,August,34,17,0,1,2,0.0,0,BB,BEL,Online TA,TA/TO,0,0,0,A,A,0,No Deposit,9.0,0,Transient,140.0,0,1
City Hotel,0,149,2016,August,33,12,2,4,2,0.0,0,BB,ESP,Online TA,TA/TO,0,0,0,D,D,0,No Deposit,9.0,0,Transient,120.7,0,2
City Hotel,0,177,2016,August,34,16,0,2,2,0.0,0,SC,FRA,Online TA,TA/TO,0,0,0,A,A,0,No Deposit,9.0,0,Transient,103.5,1,1
City Hotel,0,177,2016,August,34,16,0,2,2,0.0,0,SC,FRA,Online TA,TA/TO,0,0,0,A,A,0,No Deposit,9.0,0,Transient,94.5,0,1
City Hotel,0,182,2016,August,34,15,1,3,2,0.0,0,BB,FRA,Online TA,TA/TO,0,0,0,D,D,2,No Deposit,9.0,0,Transient,112.2,0,1
City Hotel,0,180,2016,August,33,11,2,6,2,0.0,0,BB,GBR,Online TA,TA/TO,0,0,0,D,A,1,No Deposit,9.0,0,Transient,99.68,0,1
City Hotel,0,144,2016,August,34,18,0,1,2,0.0,0,BB,FRA,Online TA,TA/TO,0,0,0,B,B,1,No Deposit,9.0,0,Transient,106.54,0,1
City Hotel,0,145,2016,August,34,17,0,2,2,0.0,0,BB,ITA,Online TA,TA/TO,0,0,0,D,D,1,No Deposit,9.0,0,Transient,123.3,0,2
City Hotel,0,156,2016,August,34,14,2,3,2,0.0,0,BB,ESP,Online TA,TA/TO,0,0,0,A,A,0,No Deposit,9.0,0,Transient,106.25,0,1
City Hotel,0,181,2016,August,34,16,0,3,2,0.0,0,SC,ESP,Online TA,TA/TO,0,0,0,A,A,0,No Deposit,9.0,0,Transient,94.5,0,1
City Hotel,0,203,2016,August,34,17,0,2,2,0.0,0,BB,GBR,Online TA,TA/TO,0,0,0,D,D,0,No Deposit,9.0,0,Transient-Party,114.3,0,2
City Hotel,0,121,2016,August,34,15,1,3,2,0.0,0,BB,IRL,Online TA,TA/TO,0,0,0,D,D,0,No Deposit,9.0,0,Transient,125.55,0,1
City Hotel,0,162,2016,August,34,15,1,3,2,0.0,0,BB,NLD,Online TA,TA/TO,0,0,0,A,A,0,No Deposit,9.0,0,Transient-Party,105.83,0,1
City Hotel,0,210,2016,August,34,15,1,3,2,0.0,0,BB,BEL,Online TA,TA/TO,0,0,0,A,A,0,No Deposit,9.0,0,Transient-Party,90.95,0,1
City Hotel,0,210,2016,August,34,15,1,3,2,0.0,0,BB,PRT,Online TA,TA/TO,0,0,0,A,A,0,No Deposit,9.0,0,Transient-Party,90.95,0,1
City Hotel,0,0,2016,August,34,17,0,2,2,0.0,0,BB,FIN,Online TA,TA/TO,0,0,0,D,A,0,No Deposit,8.0,0,Transient,165.0,0,1
City Hotel,0,12,2016,August,33,12,2,5,2,0.0,0,BB,DEU,Online TA,TA/TO,0,0,0,A,A,0,No Deposit,9.0,0,Transient,151.0,0,1
City Hotel,0,69,2016,August,34,16,0,3,2,0.0,0,BB,DEU,Online TA,TA/TO,0,0,0,A,A,0,No Deposit,9.0,0,Transient,135.9,0,2
City Hotel,0,35,2016,August,34,15,1,3,2,0.0,0,BB,BEL,Online TA,TA/TO,0,0,0,A,A,0,No Deposit,9.0,0,Transient,135.9,0,1
City Hotel,0,186,2016,August,34,16,0,3,2,0.0,0,BB,FRA,Offline TA/TO,TA/TO,0,0,0,A,A,0,No Deposit,85.0,0,Transient,72.25,0,0
City Hotel,0,178,2016,August,34,15,1,3,2,0.0,0,BB,IRL,Online TA,TA/TO,0,0,0,A,A,0,No Deposit,9.0,0,Transient,99.45,0,2
City Hotel,0,84,2016,August,34,15,1,3,2,0.0,0,BB,POL,Online TA,TA/TO,0,0,0,D,D,1,No Deposit,9.0,0,Transient,131.4,0,0
City Hotel,0,14,2016,August,34,14,2,3,2,0.0,0,BB,FRA,Online TA,TA/TO,0,0,0,D,D,0,No Deposit,9.0,0,Transient,166.0,0,1
City Hotel,0,10,2016,August,34,18,0,1,2,0.0,0,BB,GBR,Online TA,TA/TO,0,0,0,A,A,0,No Deposit,9.0,0,Transient,140.0,0,2
City Hotel,0,156,2016,August,34,14,2,3,2,0.0,0,BB,ESP,Online TA,TA/TO,0,0,0,A,A,0,No Deposit,9.0,0,Transient,115.25,1,1
City Hotel,0,156,2016,August,34,14,2,3,2,0.0,0,BB,ESP,Online TA,TA/TO,0,0,0,A,A,0,No Deposit,9.0,0,Transient,115.25,1,1
City Hotel,0,156,2016,August,34,14,2,3,2,0.0,0,BB,ESP,Online TA,TA/TO,0,0,0,A,A,0,No Deposit,9.0,0,Transient,106.25,0,1
City Hotel,0,11,2016,August,34,19,0,1,2,0.0,0,BB,BEL,Online TA,TA/TO,0,0,0,B,B,1,No Deposit,9.0,0,Transient,127.6,0,1
City Hotel,0,126,2016,August,34,15,1,4,2,0.0,0,BB,FRA,Online TA,TA/TO,0,0,0,D,D,0,No Deposit,9.0,0,Transient,126.0,0,0
City Hotel,0,189,2016,August,34,16,0,4,2,0.0,0,BB,AUT,Online TA,TA/TO,0,0,0,D,A,0,No Deposit,9.0,0,Transient,112.2,0,2
City Hotel,0,209,2016,August,34,16,0,4,2,0.0,0,BB,MOZ,Online TA,TA/TO,0,0,0,A,A,3,No Deposit,9.0,0,Transient-Party,90.95,0,1
City Hotel,0,209,2016,August,34,16,0,4,2,0.0,0,BB,MOZ,Online TA,TA/TO,0,0,0,A,A,3,No Deposit,9.0,0,Transient-Party,90.95,0,1
City Hotel,0,169,2016,August,34,18,0,2,2,0.0,0,BB,BEL,Online TA,TA/TO,0,0,0,B,B,0,No Deposit,9.0,0,Transient,97.54,0,2
City Hotel,0,320,2016,August,34,18,0,2,2,0.0,0,HB,DEU,Offline TA/TO,TA/TO,0,0,0,A,A,0,No Deposit,6.0,0,Transient-Party,115.0,0,1
City Hotel,0,320,2016,August,34,18,0,2,2,0.0,0,HB,DEU,Offline TA/TO,TA/TO,0,0,0,A,A,0,No Deposit,6.0,0,Transient-Party,115.0,0,1
City Hotel,0,30,2016,August,34,19,0,1,2,0.0,0,SC,ISR,Online TA,TA/TO,0,0,0,A,A,0,No Deposit,9.0,0,Transient,125.1,0,1
City Hotel,0,64,2016,August,34,14,2,4,2,0.0,0,BB,FRA,Online TA,TA/TO,0,0,0,A,A,0,No Deposit,9.0,0,Transient,135.9,0,1
City Hotel,0,320,2016,August,34,18,0,2,2,0.0,0,HB,DEU,Offline TA/TO,TA/TO,0,0,0,A,A,0,No Deposit,6.0,0,Transient-Party,115.0,0,1
City Hotel,0,320,2016,August,34,18,0,2,2,0.0,0,HB,DEU,Offline TA/TO,TA/TO,0,0,0,A,A,0,No Deposit,6.0,0,Transient-Party,115.0,0,1
City Hotel,0,320,2016,August,34,18,0,2,2,0.0,0,HB,DEU,Offline TA/TO,TA/TO,0,0,0,A,A,0,No Deposit,6.0,0,Transient-Party,115.0,0,1
City Hotel,0,320,2016,August,34,18,0,2,2,0.0,0,HB,DEU,Offline TA/TO,TA/TO,0,0,0,A,A,0,No Deposit,6.0,0,Transient-Party,115.0,0,1
City Hotel,0,34,2016,August,34,17,0,3,2,0.0,0,SC,FRA,Online TA,TA/TO,0,0,0,A,A,0,No Deposit,9.0,0,Transient,125.1,0,2
City Hotel,0,156,2016,August,34,14,2,4,2,0.0,0,BB,ESP,Direct,Direct,0,0,0,A,A,0,No Deposit,14.0,0,Transient,114.33,1,0
City Hotel,0,320,2016,August,34,18,0,2,2,0.0,0,HB,DEU,Offline TA/TO,TA/TO,0,0,0,A,A,0,No Deposit,6.0,0,Transient-Party,115.0,0,1
City Hotel,0,320,2016,August,34,18,0,2,2,0.0,0,HB,DEU,Offline TA/TO,TA/TO,0,0,0,A,A,0,No Deposit,6.0,0,Transient-Party,115.0,0,1
City Hotel,0,320,2016,August,34,18,0,2,2,0.0,0,HB,DEU,Offline TA/TO,TA/TO,0,0,0,A,A,0,No Deposit,6.0,0,Transient-Party,115.0,0,1
City Hotel,0,320,2016,August,34,18,0,2,2,0.0,0,HB,DEU,Offline TA/TO,TA/TO,0,0,0,A,A,0,No Deposit,6.0,0,Transient-Party,115.0,0,1
City Hotel,0,320,2016,August,34,18,0,2,2,0.0,0,HB,DEU,Offline TA/TO,TA/TO,0,0,0,A,A,0,No Deposit,6.0,0,Transient-Party,115.0,0,1
City Hotel,0,320,2016,August,34,18,0,2,2,0.0,0,HB,DEU,Offline TA/TO,TA/TO,0,0,0,A,B,0,No Deposit,6.0,0,Transient-Party,115.0,0,1
City Hotel,0,320,2016,August,34,18,0,2,2,0.0,0,HB,DEU,Offline TA/TO,TA/TO,0,0,0,A,A,0,No Deposit,6.0,0,Transient-Party,115.0,0,1
City Hotel,0,206,2016,August,33,13,2,5,2,0.0,0,BB,GBR,Online TA,TA/TO,0,0,0,D,D,0,No Deposit,9.0,0,Transient,109.66,0,1
City Hotel,0,320,2016,August,34,18,0,2,2,0.0,0,HB,DEU,Offline TA/TO,TA/TO,0,0,0,A,A,0,No Deposit,6.0,0,Transient-Party,115.0,0,1
City Hotel,0,320,2016,August,34,18,0,2,2,0.0,0,HB,DEU,Offline TA/TO,TA/TO,0,0,0,A,A,0,No Deposit,6.0,0,Transient-Party,115.0,0,1
City Hotel,0,320,2016,August,34,18,0,2,2,0.0,0,HB,DEU,Offline TA/TO,TA/TO,0,0,0,A,A,0,No Deposit,6.0,0,Transient-Party,115.0,0,1
City Hotel,0,320,2016,August,34,18,0,2,2,0.0,0,HB,DEU,Offline TA/TO,TA/TO,0,0,0,A,A,0,No Deposit,6.0,0,Transient-Party,115.0,0,1
City Hotel,0,320,2016,August,34,18,0,2,2,0.0,0,HB,DEU,Offline TA/TO,TA/TO,0,0,0,A,A,0,No Deposit,6.0,0,Transient-Party,115.0,0,1
City Hotel,0,320,2016,August,34,18,0,2,2,0.0,0,HB,DEU,Offline TA/TO,TA/TO,0,0,0,A,A,0,No Deposit,6.0,0,Transient-Party,115.0,0,1
City Hotel,0,320,2016,August,34,18,0,2,2,0.0,0,HB,DEU,Offline TA/TO,TA/TO,0,0,0,A,A,0,No Deposit,6.0,0,Transient-Party,115.0,0,1
City Hotel,0,189,2016,August,34,15,1,4,2,0.0,0,HB,ESP,Offline TA/TO,TA/TO,0,0,0,A,A,0,No Deposit,22.0,0,Transient-Party,106.75,1,1
City Hotel,0,189,2016,August,34,15,1,4,2,0.0,0,HB,ESP,Offline TA/TO,TA/TO,0,0,0,A,A,0,No Deposit,22.0,0,Transient-Party,97.75,0,1
City Hotel,0,320,2016,August,34,18,0,2,2,0.0,0,HB,DEU,Offline TA/TO,TA/TO,0,0,0,A,A,0,No Deposit,6.0,0,Transient-Party,115.0,0,1
City Hotel,0,8,2016,August,34,17,0,3,2,0.0,0,BB,ESP,Online TA,TA/TO,0,0,0,D,A,0,No Deposit,7.0,0,Transient,116.78,0,1
City Hotel,0,320,2016,August,34,18,0,2,2,0.0,0,HB,DEU,Offline TA/TO,TA/TO,0,0,0,A,A,0,No Deposit,6.0,0,Transient-Party,115.0,0,1
City Hotel,0,320,2016,August,34,18,0,2,2,0.0,0,HB,DEU,Offline TA/TO,TA/TO,0,0,0,A,A,0,No Deposit,6.0,0,Transient-Party,115.0,0,1
City Hotel,0,320,2016,August,34,18,0,2,2,0.0,0,HB,DEU,Offline TA/TO,TA/TO,0,0,0,A,A,0,No Deposit,6.0,0,Transient-Party,115.0,0,1
City Hotel,0,320,2016,August,34,18,0,2,2,0.0,0,HB,DEU,Offline TA/TO,TA/TO,0,0,0,A,A,0,No Deposit,6.0,0,Transient-Party,115.0,0,1
City Hotel,0,320,2016,August,34,18,0,2,2,0.0,0,HB,DEU,Offline TA/TO,TA/TO,0,0,0,A,A,0,No Deposit,6.0,0,Transient-Party,115.0,0,1
City Hotel,0,320,2016,August,34,18,0,2,2,0.0,0,HB,DEU,Offline TA/TO,TA/TO,0,0,0,A,A,0,No Deposit,6.0,0,Transient-Party,115.0,0,1
City Hotel,0,320,2016,August,34,18,0,2,2,0.0,0,HB,DEU,Offline TA/TO,TA/TO,0,0,0,A,A,0,No Deposit,6.0,0,Transient-Party,115.0,0,1
City Hotel,0,320,2016,August,34,18,0,2,2,0.0,0,HB,DEU,Offline TA/TO,TA/TO,0,0,0,A,A,2,No Deposit,6.0,0,Transient-Party,115.0,0,1
City Hotel,0,320,2016,August,34,18,0,2,2,0.0,0,HB,DEU,Offline TA/TO,TA/TO,0,0,0,A,B,1,No Deposit,6.0,0,Transient-Party,115.0,0,1
City Hotel,0,320,2016,August,34,18,0,2,2,0.0,0,HB,DEU,Offline TA/TO,TA/TO,0,0,0,A,A,0,No Deposit,6.0,0,Transient-Party,115.0,0,1
City Hotel,0,320,2016,August,34,18,0,2,2,0.0,0,HB,DEU,Offline TA/TO,TA/TO,0,0,0,A,A,0,No Deposit,6.0,0,Transient-Party,115.0,0,1
City Hotel,0,6,2016,August,34,19,0,1,2,0.0,0,BB,PRT,Online TA,TA/TO,0,0,0,D,A,0,No Deposit,9.0,0,Transient,154.0,1,1
City Hotel,0,192,2016,August,34,18,0,2,2,0.0,0,BB,GBR,Direct,Direct,0,0,0,D,D,0,No Deposit,14.0,0,Transient,113.4,0,0
City Hotel,0,320,2016,August,34,18,0,2,2,0.0,0,HB,DEU,Offline TA/TO,TA/TO,0,0,0,A,A,0,No Deposit,6.0,0,Transient-Party,115.0,0,1
City Hotel,0,320,2016,August,34,18,0,2,2,0.0,0,HB,DEU,Offline TA/TO,TA/TO,0,0,0,A,A,0,No Deposit,6.0,0,Transient-Party,115.0,0,1
City Hotel,0,320,2016,August,34,18,0,2,2,0.0,0,HB,DEU,Offline TA/TO,TA/TO,0,0,0,A,A,0,No Deposit,6.0,0,Transient-Party,115.0,0,1
City Hotel,0,320,2016,August,34,18,0,2,2,0.0,0,HB,DEU,Offline TA/TO,TA/TO,0,0,0,A,A,0,No Deposit,6.0,0,Transient-Party,115.0,0,1
City Hotel,0,320,2016,August,34,18,0,2,2,0.0,0,HB,DEU,Offline TA/TO,TA/TO,0,0,0,A,A,0,No Deposit,6.0,0,Transient-Party,115.0,0,1
City Hotel,0,320,2016,August,34,18,0,2,2,0.0,0,HB,DEU,Offline TA/TO,TA/TO,0,0,0,A,A,0,No Deposit,6.0,0,Transient-Party,115.0,0,1
City Hotel,0,320,2016,August,34,18,0,2,2,0.0,0,HB,DEU,Offline TA/TO,TA/TO,0,0,0,A,A,0,No Deposit,6.0,0,Transient-Party,115.0,0,1
City Hotel,0,320,2016,August,34,18,0,2,2,0.0,0,HB,DEU,Offline TA/TO,TA/TO,0,0,0,A,A,0,No Deposit,6.0,0,Transient-Party,115.0,0,1
City Hotel,0,320,2016,August,34,18,0,2,2,0.0,0,HB,DEU,Offline TA/TO,TA/TO,0,0,0,A,A,0,No Deposit,6.0,0,Transient-Party,115.0,0,1
City Hotel,0,7,2016,August,34,19,0,1,2,0.0,0,BB,PRT,Direct,Direct,0,0,0,E,F,0,No Deposit,,0,Transient,141.1,0,1
City Hotel,0,320,2016,August,34,18,0,2,2,0.0,0,HB,DEU,Offline TA/TO,TA/TO,0,0,0,A,A,0,No Deposit,6.0,0,Transient-Party,115.0,0,1
City Hotel,0,320,2016,August,34,18,0,2,2,0.0,0,HB,DEU,Offline TA/TO,TA/TO,0,0,0,A,A,0,No Deposit,6.0,0,Transient-Party,115.0,0,1
City Hotel,0,320,2016,August,34,18,0,2,2,0.0,0,HB,DEU,Offline TA/TO,TA/TO,0,0,0,A,A,0,No Deposit,6.0,0,Transient-Party,115.0,0,1
City Hotel,0,221,2016,August,34,18,0,2,2,0.0,0,SC,GBR,Online TA,TA/TO,0,0,0,A,A,0,No Deposit,8.0,0,Transient,94.5,1,3
City Hotel,0,320,2016,August,34,18,0,2,2,0.0,0,HB,DEU,Offline TA/TO,TA/TO,0,0,0,A,A,0,No Deposit,6.0,0,Transient-Party,115.0,0,1
City Hotel,0,320,2016,August,34,18,0,2,2,0.0,0,HB,USA,Offline TA/TO,TA/TO,0,0,0,A,A,0,No Deposit,6.0,0,Transient-Party,115.0,0,1
City Hotel,0,320,2016,August,34,18,0,2,2,0.0,0,HB,DEU,Offline TA/TO,TA/TO,0,0,0,A,A,0,No Deposit,6.0,0,Transient-Party,115.0,0,1
City Hotel,0,320,2016,August,34,18,0,2,2,0.0,0,HB,DEU,Offline TA/TO,TA/TO,0,0,0,A,A,0,No Deposit,6.0,0,Transient-Party,115.0,0,1
City Hotel,0,320,2016,August,34,18,0,2,2,0.0,0,HB,DEU,Offline TA/TO,TA/TO,0,0,0,A,A,0,No Deposit,6.0,0,Transient-Party,115.0,0,1
City Hotel,0,320,2016,August,34,18,0,2,2,0.0,0,HB,DEU,Offline TA/TO,TA/TO,0,0,0,A,A,0,No Deposit,6.0,0,Transient-Party,115.0,0,1
City Hotel,0,156,2016,August,33,12,2,6,2,0.0,0,BB,ITA,Online TA,TA/TO,0,0,0,A,A,0,No Deposit,9.0,0,Transient,106.89,0,1
City Hotel,0,9,2016,August,34,19,0,1,2,0.0,0,BB,FRA,Online TA,TA/TO,0,0,0,A,A,0,No Deposit,9.0,0,Transient,140.0,0,2
City Hotel,0,320,2016,August,34,18,0,2,2,0.0,0,HB,DEU,Offline TA/TO,TA/TO,0,0,0,A,A,0,No Deposit,6.0,0,Transient-Party,115.0,0,1
City Hotel,0,320,2016,August,34,18,0,2,2,0.0,0,HB,DEU,Offline TA/TO,TA/TO,0,0,0,A,A,0,No Deposit,6.0,0,Transient-Party,115.0,0,1
City Hotel,0,320,2016,August,34,18,0,2,2,0.0,0,HB,DEU,Offline TA/TO,TA/TO,0,0,0,A,A,0,No Deposit,6.0,0,Transient-Party,115.0,0,1
City Hotel,0,320,2016,August,34,18,0,2,2,0.0,0,HB,DEU,Offline TA/TO,TA/TO,0,0,0,A,A,0,No Deposit,6.0,0,Transient-Party,115.0,0,1
City Hotel,0,8,2016,August,34,17,0,3,2,0.0,0,SC,FRA,Online TA,TA/TO,0,0,0,A,A,0,No Deposit,9.0,0,Transient,124.67,0,1
City Hotel,0,11,2016,August,33,13,2,5,2,0.0,0,BB,ESP,Online TA,TA/TO,0,0,0,A,A,0,No Deposit,9.0,0,Transient,143.86,0,1
City Hotel,0,45,2016,August,34,19,0,1,2,0.0,0,BB,PRT,Online TA,TA/TO,0,0,0,D,E,0,No Deposit,9.0,0,Transient,149.4,0,1
City Hotel,0,88,2016,August,34,19,0,1,2,0.0,0,BB,PRT,Online TA,TA/TO,0,0,0,D,D,0,No Deposit,9.0,0,Transient,131.4,0,2
City Hotel,0,219,2016,August,34,17,0,3,2,0.0,0,BB,DEU,Offline TA/TO,TA/TO,0,0,0,A,A,0,No Deposit,22.0,0,Transient,72.25,0,0
City Hotel,0,1,2016,August,34,20,0,0,2,0.0,0,BB,PRT,Online TA,TA/TO,1,0,0,A,A,0,No Deposit,7.0,0,Transient,0.0,0,0
City Hotel,0,170,2016,August,34,18,0,3,2,0.0,0,BB,CYP,Online TA,TA/TO,0,0,0,A,A,0,No Deposit,9.0,0,Transient,108.3,0,1
City Hotel,0,155,2016,August,34,14,2,5,2,0.0,0,BB,FRA,Online TA,TA/TO,0,0,0,A,A,1,No Deposit,9.0,0,Transient,105.52,0,3
City Hotel,0,1,2016,August,34,20,0,1,2,0.0,0,SC,CN,Online TA,TA/TO,0,0,0,A,A,0,No Deposit,7.0,0,Transient,107.03,0,0
City Hotel,0,32,2016,August,34,20,0,1,2,0.0,0,SC,GBR,Online TA,TA/TO,0,0,0,A,A,2,No Deposit,7.0,0,Transient,96.33,0,1
City Hotel,0,137,2016,August,34,19,0,2,2,0.0,0,BB,CHE,Online TA,TA/TO,0,0,0,A,A,0,No Deposit,9.0,0,Transient,118.8,1,1
City Hotel,0,80,2016,August,34,18,0,3,2,0.0,0,BB,GBR,Direct,Direct,0,0,0,E,E,1,No Deposit,14.0,0,Transient,168.3,0,1
City Hotel,0,5,2016,August,34,20,0,1,2,0.0,0,BB,GBR,Online TA,TA/TO,0,0,0,A,A,0,No Deposit,8.0,0,Transient,130.0,0,1
City Hotel,0,5,2016,August,34,20,0,1,2,0.0,0,BB,GBR,Online TA,TA/TO,0,0,0,A,A,0,No Deposit,8.0,0,Transient,130.0,0,1
City Hotel,0,5,2016,August,34,20,0,1,2,0.0,0,BB,GBR,Online TA,TA/TO,0,0,0,A,A,0,No Deposit,8.0,0,Transient,130.0,0,1
City Hotel,0,5,2016,August,34,20,0,1,2,0.0,0,BB,USA,Online TA,TA/TO,0,0,0,A,A,0,No Deposit,8.0,0,Transient,130.0,0,1
City Hotel,0,5,2016,August,34,20,0,1,2,0.0,0,BB,GBR,Online TA,TA/TO,0,0,0,A,A,0,No Deposit,8.0,0,Transient,130.0,0,1
City Hotel,0,21,2016,August,34,19,0,2,2,0.0,0,SC,ESP,Online TA,TA/TO,0,0,0,A,A,0,No Deposit,9.0,0,Transient,148.0,0,2
City Hotel,0,166,2016,August,34,17,0,4,2,0.0,0,BB,HUN,Online TA,TA/TO,0,0,0,A,A,0,No Deposit,9.0,0,Transient,103.7,0,1
City Hotel,0,0,2016,August,34,20,0,1,2,0.0,0,SC,PRT,Direct,Direct,0,0,0,A,A,1,No Deposit,,0,Transient,129.0,0,0
City Hotel,0,0,2016,August,34,19,0,2,2,0.0,0,SC,ESP,Online TA,TA/TO,0,0,0,A,A,0,No Deposit,9.0,0,Transient,148.0,0,0
City Hotel,0,129,2016,August,34,16,0,5,2,0.0,0,BB,ITA,Online TA,TA/TO,0,0,0,D,D,0,No Deposit,9.0,0,Transient,124.2,0,2
City Hotel,0,129,2016,August,34,16,0,5,2,0.0,0,BB,ITA,Online TA,TA/TO,0,0,0,D,D,0,No Deposit,9.0,0,Transient,124.2,0,2
City Hotel,0,129,2016,August,34,16,0,5,2,0.0,0,BB,ITA,Online TA,TA/TO,0,0,0,D,D,0,No Deposit,9.0,0,Transient,124.2,0,2
City Hotel,0,0,2016,August,34,20,0,1,2,0.0,0,SC,FRA,Online TA,TA/TO,0,0,0,A,A,0,No Deposit,9.0,0,Transient,139.0,0,1
City Hotel,0,37,2016,August,34,18,0,3,2,0.0,0,BB,DEU,Online TA,TA/TO,0,0,0,A,A,2,No Deposit,9.0,0,Transient,144.9,1,2
City Hotel,0,197,2016,August,34,18,0,3,2,0.0,0,BB,FRA,Offline TA/TO,TA/TO,0,0,0,A,D,0,No Deposit,28.0,0,Transient-Party,112.0,0,1
City Hotel,0,7,2016,August,34,20,0,1,2,0.0,0,BB,POL,Online TA,TA/TO,0,0,0,A,A,0,No Deposit,9.0,0,Transient,130.0,0,2
City Hotel,0,3,2016,August,34,20,0,1,2,0.0,0,SC,ESP,Online TA,TA/TO,0,0,0,A,A,0,No Deposit,9.0,0,Transient,128.0,0,1
City Hotel,0,121,2016,August,34,18,0,3,2,0.0,0,HB,ESP,Online TA,TA/TO,0,0,0,D,D,0,No Deposit,9.0,0,Transient,156.0,0,1
City Hotel,0,12,2016,August,34,19,0,2,2,0.0,0,HB,ESP,Online TA,TA/TO,0,0,0,A,A,0,No Deposit,9.0,0,Transient,187.5,1,1
City Hotel,0,215,2016,August,34,14,2,5,2,0.0,0,BB,NLD,Online TA,TA/TO,0,0,0,A,A,0,No Deposit,9.0,0,Transient,92.16,0,1
City Hotel,0,72,2016,August,34,18,0,3,2,0.0,0,BB,GBR,Online TA,TA/TO,0,0,0,A,A,0,No Deposit,9.0,0,Transient,135.9,0,2
City Hotel,0,119,2016,August,33,13,2,6,2,0.0,0,BB,DEU,Offline TA/TO,TA/TO,0,0,0,A,A,0,No Deposit,85.0,0,Transient,72.25,0,0
City Hotel,0,0,2016,August,34,20,0,1,2,0.0,0,SC,POL,Online TA,TA/TO,0,0,0,A,A,0,No Deposit,9.0,0,Transient,139.0,0,0
City Hotel,0,0,2016,August,34,20,0,1,2,0.0,0,BB,PRT,Direct,Direct,0,0,0,A,A,0,No Deposit,,0,Transient,125.0,0,0
City Hotel,0,0,2016,August,34,20,0,1,2,0.0,0,BB,PRT,Direct,Direct,0,0,0,A,A,0,No Deposit,,0,Transient,125.0,0,0
City Hotel,0,1,2016,August,34,20,0,1,2,0.0,0,SC,PRT,Online TA,TA/TO,0,0,0,A,A,0,No Deposit,9.0,0,Transient,139.0,0,0
City Hotel,0,152,2016,August,34,20,0,1,2,0.0,0,BB,GBR,Online TA,TA/TO,0,0,0,A,A,0,No Deposit,9.0,0,Transient,105.3,0,2
City Hotel,0,60,2016,August,34,15,1,5,2,0.0,0,BB,BEL,Direct,Direct,0,0,0,E,E,0,No Deposit,,0,Transient,158.95,0,1
City Hotel,0,69,2016,August,34,15,1,5,2,0.0,0,BB,BEL,Online TA,TA/TO,0,0,0,A,A,0,No Deposit,9.0,0,Transient,135.9,0,1
City Hotel,0,143,2016,August,34,20,0,1,2,0.0,0,SC,ROU,Online TA,TA/TO,0,0,0,A,A,0,No Deposit,9.0,0,Transient,94.5,0,0
City Hotel,0,1,2016,August,34,20,0,1,2,0.0,0,SC,AUT,Online TA,TA/TO,0,0,0,A,A,0,No Deposit,9.0,0,Transient,138.0,0,1
City Hotel,0,3,2016,August,34,20,0,1,2,0.0,0,BB,ESP,Online TA,TA/TO,0,0,0,A,A,0,No Deposit,9.0,0,Transient,140.0,0,3
City Hotel,0,29,2016,August,34,20,0,1,2,0.0,0,BB,GBR,Online TA,TA/TO,0,0,0,A,A,0,No Deposit,9.0,0,Transient,151.0,0,0
City Hotel,0,1,2016,August,34,20,0,1,2,0.0,0,BB,PRT,Direct,Direct,0,0,0,A,A,0,No Deposit,,0,Transient,79.0,0,1
City Hotel,0,1,2016,August,34,20,0,1,2,0.0,0,BB,FRA,Online TA,TA/TO,0,0,0,A,A,0,No Deposit,155.0,0,Transient,159.0,0,0
City Hotel,0,0,2016,August,34,19,0,2,2,0.0,0,SC,FRA,Online TA,TA/TO,0,0,0,A,A,0,No Deposit,9.0,0,Transient,148.0,0,1
City Hotel,0,197,2016,August,34,18,0,3,2,0.0,0,BB,FRA,Offline TA/TO,TA/TO,0,0,0,A,D,0,No Deposit,28.0,0,Transient-Party,112.0,0,1
City Hotel,0,180,2016,August,34,20,0,1,2,0.0,0,BB,GBR,Online TA,TA/TO,0,0,0,B,B,1,No Deposit,9.0,0,Transient,97.54,0,1
City Hotel,0,5,2016,August,34,20,0,1,2,0.0,0,BB,ESP,Online TA,TA/TO,0,0,0,A,A,0,No Deposit,9.0,0,Transient,130.0,0,3
City Hotel,0,13,2016,August,34,19,0,2,2,0.0,0,SC,MAR,Online TA,TA/TO,0,0,0,A,A,0,No Deposit,9.0,0,Transient,128.5,0,3
City Hotel,0,1,2016,August,34,20,1,1,2,0.0,0,SC,CN,Online TA,TA/TO,0,0,0,A,A,0,No Deposit,9.0,0,Transient,139.0,0,0
City Hotel,0,168,2016,August,34,20,1,1,2,0.0,0,BB,FRA,Direct,Direct,0,0,0,A,A,0,No Deposit,14.0,0,Transient-Party,94.5,0,1
City Hotel,0,168,2016,August,34,20,1,1,2,0.0,0,BB,PRT,Direct,Direct,0,0,0,A,A,0,No Deposit,14.0,0,Transient-Party,94.5,0,1
City Hotel,0,163,2016,August,34,15,2,5,2,0.0,0,BB,PRT,Offline TA/TO,TA/TO,0,0,0,A,A,0,No Deposit,27.0,0,Transient,72.25,0,1
City Hotel,0,17,2016,August,35,21,1,0,2,0.0,0,BB,GBR,Direct,Direct,0,0,0,A,A,2,No Deposit,14.0,0,Transient,155.25,0,0
City Hotel,0,102,2016,August,34,19,1,2,2,0.0,0,BB,AUT,Online TA,TA/TO,0,0,0,A,A,1,No Deposit,9.0,0,Transient,119.7,0,2
City Hotel,0,30,2016,August,34,15,2,5,2,0.0,0,SC,DNK,Online TA,TA/TO,0,0,0,A,A,0,No Deposit,9.0,0,Transient,125.1,0,1
City Hotel,0,6,2016,August,35,21,1,0,2,0.0,0,SC,GBR,Offline TA/TO,TA/TO,0,0,0,A,A,0,No Deposit,85.0,0,Transient,75.0,0,0
City Hotel,0,219,2016,August,34,20,1,1,2,0.0,0,HB,ITA,Groups,TA/TO,0,0,0,A,A,0,No Deposit,1.0,0,Transient-Party,96.0,0,0
City Hotel,0,90,2016,August,34,20,1,1,2,0.0,0,BB,ESP,Online TA,TA/TO,0,0,0,A,A,0,No Deposit,9.0,0,Transient,126.9,1,1
City Hotel,0,217,2016,August,34,18,1,3,2,0.0,0,HB,ITA,Groups,TA/TO,0,0,0,A,A,1,No Deposit,1.0,0,Transient-Party,80.5,0,1
City Hotel,0,219,2016,August,34,20,1,1,2,0.0,0,HB,ITA,Groups,TA/TO,0,0,0,A,A,0,No Deposit,1.0,0,Transient-Party,96.0,0,0
City Hotel,0,219,2016,August,34,20,1,1,2,0.0,0,HB,ITA,Groups,TA/TO,0,0,0,A,A,0,No Deposit,1.0,0,Transient-Party,96.0,0,0
City Hotel,0,219,2016,August,34,20,1,1,2,0.0,0,HB,ITA,Groups,TA/TO,0,0,0,A,A,0,No Deposit,1.0,0,Transient-Party,96.0,0,0
City Hotel,0,219,2016,August,34,20,1,1,2,0.0,0,HB,ITA,Groups,TA/TO,0,0,0,A,A,0,No Deposit,1.0,0,Transient-Party,96.0,0,0
City Hotel,0,123,2016,August,35,21,1,0,2,0.0,0,BB,DEU,Online TA,TA/TO,0,0,0,D,D,0,No Deposit,9.0,0,Transient,146.7,1,0
City Hotel,0,193,2016,August,34,18,1,3,2,0.0,0,BB,AUT,Online TA,TA/TO,0,0,0,A,A,0,No Deposit,9.0,0,Transient-Party,99.45,0,1
City Hotel,0,138,2016,August,34,17,1,4,2,0.0,0,BB,FRA,Online TA,TA/TO,0,0,0,D,D,0,No Deposit,9.0,0,Transient,122.4,0,2
City Hotel,0,193,2016,August,34,18,1,3,2,0.0,0,BB,AUT,Online TA,TA/TO,0,0,0,A,A,0,No Deposit,9.0,0,Transient-Party,99.45,0,1
City Hotel,0,210,2016,August,34,15,2,5,2,0.0,0,BB,LUX,Offline TA/TO,TA/TO,0,0,0,A,A,0,No Deposit,173.0,0,Transient,72.25,0,0
City Hotel,0,208,2016,August,34,19,1,2,2,0.0,0,SC,DEU,Online TA,TA/TO,0,0,0,A,A,0,No Deposit,9.0,0,Transient,91.5,0,1
City Hotel,0,210,2016,August,34,15,2,5,2,0.0,0,BB,DEU,Online TA,TA/TO,0,0,0,A,A,0,No Deposit,7.0,0,Transient,67.42,0,1
City Hotel,0,3,2016,August,34,20,1,1,2,0.0,0,SC,CHE,Online TA,TA/TO,0,0,0,A,A,0,No Deposit,9.0,0,Transient,128.0,0,1
City Hotel,0,6,2016,August,35,21,1,0,2,0.0,0,BB,ESP,Online TA,TA/TO,0,0,0,D,D,0,No Deposit,9.0,0,Transient,145.0,0,2
City Hotel,0,14,2016,August,34,17,1,4,2,0.0,0,SC,NLD,Online TA,TA/TO,0,0,0,A,A,0,No Deposit,7.0,0,Transient,91.43,0,1
City Hotel,0,155,2016,August,35,21,1,0,2,0.0,0,SC,USA,Online TA,TA/TO,0,0,0,A,A,0,No Deposit,9.0,0,Transient,94.5,0,1
City Hotel,0,70,2016,August,34,17,1,4,2,0.0,0,BB,FRA,Online TA,TA/TO,0,0,0,A,A,0,No Deposit,9.0,0,Transient,135.9,0,1
City Hotel,0,6,2016,August,34,20,1,1,2,0.0,0,SC,ESP,Direct,Direct,0,0,0,A,A,0,No Deposit,14.0,0,Transient,117.8,1,0
City Hotel,0,15,2016,August,35,21,1,0,2,0.0,0,SC,ITA,Online TA,TA/TO,0,0,0,A,D,0,No Deposit,9.0,0,Transient,129.0,0,2
City Hotel,0,54,2016,August,34,19,1,2,2,0.0,0,BB,BEL,Online TA,TA/TO,0,0,0,D,D,0,No Deposit,9.0,0,Transient,149.4,0,2
City Hotel,0,14,2016,August,34,17,1,4,2,0.0,0,BB,GBR,Online TA,TA/TO,0,0,0,A,A,0,No Deposit,89.0,0,Transient,104.17,0,0
City Hotel,0,24,2016,August,34,20,1,1,2,0.0,0,SC,POL,Online TA,TA/TO,0,0,0,A,A,0,No Deposit,9.0,0,Transient,139.0,0,2
City Hotel,0,11,2016,August,34,20,1,1,2,0.0,0,BB,FRA,Online TA,TA/TO,0,0,0,A,A,0,No Deposit,9.0,0,Transient,141.0,0,2
City Hotel,0,172,2016,August,34,19,1,2,2,0.0,0,BB,GBR,Online TA,TA/TO,0,0,0,A,A,0,No Deposit,9.0,0,Transient,117.3,1,2
City Hotel,0,7,2016,August,34,19,1,2,2,0.0,0,BB,LUX,Online TA,TA/TO,0,0,0,D,D,0,No Deposit,9.0,0,Transient,145.0,0,2
City Hotel,0,1,2016,August,34,20,1,1,2,0.0,0,SC,FRA,Online TA,TA/TO,0,0,0,A,A,0,No Deposit,9.0,0,Transient,139.0,0,0
City Hotel,0,0,2016,August,34,20,1,1,2,0.0,0,SC,GBR,Online TA,TA/TO,0,0,0,D,D,0,No Deposit,152.0,0,Transient,96.6,0,1
City Hotel,0,19,2016,August,33,11,3,8,2,0.0,0,BB,FRA,Direct,Direct,0,0,0,A,A,1,No Deposit,14.0,0,Transient,149.0,0,0
City Hotel,0,157,2016,August,34,19,1,2,2,0.0,0,BB,ESP,Direct,Direct,0,0,0,E,E,0,No Deposit,14.0,0,Transient,156.9,1,0
City Hotel,0,138,2016,August,34,17,1,4,2,0.0,0,BB,FRA,Online TA,TA/TO,0,0,0,D,D,0,No Deposit,9.0,0,Transient,122.4,0,2
City Hotel,0,78,2016,August,34,19,1,2,2,0.0,0,BB,GBR,Online TA,TA/TO,0,0,0,B,B,1,No Deposit,9.0,0,Transient,115.68,0,1
City Hotel,0,210,2016,August,34,15,2,5,2,0.0,0,BB,PRT,Offline TA/TO,TA/TO,0,0,0,A,A,0,No Deposit,173.0,0,Transient,72.25,0,0
City Hotel,0,320,2016,August,34,20,2,1,2,0.0,0,BB,BEL,Online TA,TA/TO,0,0,0,B,B,0,No Deposit,9.0,0,Contract,94.95,0,1
City Hotel,0,197,2016,August,34,16,2,5,2,0.0,0,BB,DEU,Offline TA/TO,TA/TO,0,0,0,D,D,0,No Deposit,16.0,0,Transient-Party,82.45,0,2
City Hotel,0,101,2016,August,34,20,2,1,2,0.0,0,BB,ITA,Online TA,TA/TO,0,0,0,B,B,3,No Deposit,9.0,0,Transient-Party,109.83,0,2
City Hotel,0,107,2016,August,35,21,2,0,2,0.0,0,BB,ITA,Direct,Direct,0,0,0,A,A,0,No Deposit,,0,Transient,99.0,0,0
City Hotel,0,35,2016,August,34,20,2,1,2,0.0,0,BB,ITA,Offline TA/TO,TA/TO,0,0,0,A,A,0,No Deposit,138.0,0,Transient,85.0,0,1
City Hotel,0,0,2016,August,34,19,2,2,2,0.0,0,SC,USA,Online TA,TA/TO,0,0,0,A,A,0,No Deposit,152.0,0,Transient,78.42,0,0
City Hotel,0,120,2016,August,34,18,2,3,2,0.0,0,BB,ITA,Online TA,TA/TO,0,0,0,D,D,0,No Deposit,7.0,0,Transient,92.87,0,2
City Hotel,0,175,2016,August,34,16,2,5,2,0.0,0,BB,ITA,Online TA,TA/TO,0,0,0,A,A,1,No Deposit,9.0,0,Transient,100.66,0,1
City Hotel,0,133,2016,August,35,21,2,0,2,0.0,0,BB,DEU,Online TA,TA/TO,0,0,0,A,A,0,No Deposit,9.0,0,Transient,105.3,0,1
City Hotel,0,63,2016,August,35,22,1,0,2,0.0,0,SC,ESP,Offline TA/TO,TA/TO,0,0,0,A,A,0,No Deposit,85.0,0,Transient,63.75,0,0
City Hotel,0,91,2016,August,35,21,2,0,2,0.0,0,BB,ESP,Online TA,TA/TO,0,0,0,A,A,0,No Deposit,9.0,0,Transient,117.9,0,0
City Hotel,0,73,2016,August,34,19,2,2,2,0.0,0,SC,RUS,Offline TA/TO,TA/TO,0,0,0,A,A,0,No Deposit,85.0,0,Transient,63.75,0,0
City Hotel,0,91,2016,August,35,21,2,0,2,0.0,0,BB,ESP,Online TA,TA/TO,0,0,0,A,A,0,No Deposit,9.0,0,Transient,126.9,0,0
City Hotel,0,91,2016,August,35,21,2,0,2,0.0,0,BB,ESP,Online TA,TA/TO,0,0,0,D,D,0,No Deposit,9.0,0,Transient,159.3,0,0
City Hotel,0,107,2016,August,34,20,2,1,2,0.0,0,BB,NLD,Online TA,TA/TO,0,0,0,A,A,1,No Deposit,9.0,0,Transient,127.1,0,1
City Hotel,0,212,2016,August,34,16,2,5,2,0.0,0,SC,GBR,Online TA,TA/TO,0,0,0,A,A,0,No Deposit,7.0,0,Transient,63.11,0,1
City Hotel,0,179,2016,August,35,22,1,0,2,0.0,0,BB,GBR,Online TA,TA/TO,0,0,0,A,A,0,No Deposit,9.0,0,Transient-Party,114.3,0,0
City Hotel,0,20,2016,August,34,19,2,2,2,0.0,0,BB,NOR,Online TA,TA/TO,0,0,0,A,A,0,No Deposit,9.0,0,Transient,151.0,0,1
City Hotel,0,121,2016,August,34,18,2,3,2,0.0,0,BB,FRA,Online TA,TA/TO,0,0,0,D,D,0,No Deposit,9.0,0,Transient,120.6,0,1
City Hotel,0,132,2016,August,34,19,2,2,2,0.0,0,BB,DEU,Direct,Direct,0,0,0,E,E,0,No Deposit,,0,Transient,132.18,0,1
City Hotel,0,197,2016,August,34,16,2,5,2,0.0,0,BB,PRT,Offline TA/TO,TA/TO,0,0,0,D,D,0,No Deposit,16.0,0,Transient-Party,82.45,0,2
City Hotel,0,2,2016,August,35,21,2,0,2,0.0,0,BB,ZAF,Online TA,TA/TO,0,0,0,A,A,0,No Deposit,9.0,0,Transient,148.0,0,1
City Hotel,0,132,2016,August,34,19,2,2,2,0.0,0,BB,DEU,Direct,Direct,0,0,0,A,A,0,No Deposit,,0,Transient,99.88,0,1
City Hotel,0,320,2016,August,34,20,2,1,2,0.0,0,BB,BEL,Online TA,TA/TO,0,0,0,B,B,0,No Deposit,9.0,0,Contract,94.95,0,1
City Hotel,0,21,2016,August,34,19,2,2,2,0.0,0,BB,BEL,Online TA,TA/TO,0,0,0,A,A,0,No Deposit,9.0,0,Transient,151.0,0,1
City Hotel,0,107,2016,August,35,21,2,1,2,0.0,0,BB,DEU,Online TA,TA/TO,0,0,0,A,A,0,No Deposit,9.0,0,Transient,119.7,0,1
City Hotel,0,7,2016,August,35,23,0,1,2,0.0,0,SC,USA,Online TA,TA/TO,0,0,0,A,A,0,No Deposit,9.0,0,Transient,128.0,0,1
City Hotel,0,159,2016,August,34,20,2,2,2,0.0,0,BB,GBR,Offline TA/TO,TA/TO,0,0,0,A,A,0,No Deposit,22.0,0,Transient,72.25,0,0
City Hotel,0,156,2016,August,35,21,2,1,2,0.0,0,SC,FRA,Online TA,TA/TO,0,0,0,A,A,0,No Deposit,9.0,0,Transient,103.5,1,0
City Hotel,0,156,2016,August,35,21,2,1,2,0.0,0,SC,FRA,Online TA,TA/TO,0,0,0,A,A,0,No Deposit,9.0,0,Transient,103.5,1,0
City Hotel,0,156,2016,August,35,21,2,1,2,0.0,0,SC,FRA,Online TA,TA/TO,0,0,0,A,A,0,No Deposit,9.0,0,Transient,103.5,1,0
City Hotel,0,156,2016,August,35,21,2,1,2,0.0,0,SC,FRA,Online TA,TA/TO,0,0,0,A,A,0,No Deposit,9.0,0,Transient,103.5,1,0
City Hotel,0,28,2016,August,35,21,2,1,2,0.0,0,BB,LUX,Direct,Direct,0,0,0,A,A,0,No Deposit,14.0,0,Transient,118.15,0,1
City Hotel,0,167,2016,August,34,18,2,4,2,0.0,0,BB,DEU,Offline TA/TO,TA/TO,0,0,0,A,A,0,No Deposit,22.0,0,Transient,72.25,0,0
City Hotel,0,0,2016,August,35,23,0,1,2,0.0,0,SC,USA,Online TA,TA/TO,0,0,0,A,A,0,No Deposit,,0,Transient,139.0,0,0
City Hotel,0,32,2016,August,35,21,2,1,2,0.0,0,BB,ITA,Offline TA/TO,TA/TO,0,0,0,E,E,0,No Deposit,83.0,0,Transient,137.52,0,0
City Hotel,0,3,2016,August,35,22,1,1,2,0.0,0,BB,PRT,Corporate,Corporate,0,0,0,A,A,2,No Deposit,,0,Transient-Party,100.0,0,0
City Hotel,0,188,2016,August,34,20,2,2,2,0.0,0,BB,ITA,Direct,Direct,0,0,0,A,A,0,No Deposit,14.0,0,Transient,89.25,0,0
City Hotel,0,3,2016,August,35,22,1,1,2,0.0,0,BB,CHN,Corporate,Corporate,0,0,0,A,A,2,No Deposit,,0,Transient-Party,100.0,0,0
City Hotel,0,3,2016,August,35,22,1,1,2,0.0,0,BB,CHN,Corporate,Corporate,0,0,0,A,A,2,No Deposit,,0,Transient-Party,100.0,0,0
City Hotel,0,3,2016,August,35,22,1,1,2,0.0,0,BB,CHN,Corporate,Corporate,0,0,0,A,A,0,No Deposit,,0,Transient-Party,100.0,0,0
City Hotel,0,3,2016,August,35,22,1,1,2,0.0,0,BB,CHN,Corporate,Corporate,0,0,0,A,A,0,No Deposit,,0,Transient-Party,100.0,0,0
City Hotel,0,3,2016,August,35,22,1,1,2,0.0,0,BB,CHN,Corporate,Corporate,0,0,0,A,A,0,No Deposit,,0,Transient-Party,100.0,0,0
City Hotel,0,172,2016,August,35,21,2,1,2,0.0,0,BB,BEL,Offline TA/TO,TA/TO,0,0,0,D,D,0,No Deposit,6.0,0,Transient-Party,82.45,0,1
City Hotel,0,115,2016,August,34,20,2,2,2,0.0,0,BB,DEU,Offline TA/TO,TA/TO,0,0,0,A,A,0,No Deposit,27.0,0,Transient,72.25,0,0
City Hotel,0,22,2016,August,35,21,2,1,2,0.0,0,SC,DEU,Online TA,TA/TO,0,0,0,A,A,0,No Deposit,9.0,0,Transient,139.0,0,1
City Hotel,0,303,2016,August,34,19,2,3,2,0.0,0,BB,DEU,Offline TA/TO,TA/TO,0,0,0,A,A,0,No Deposit,21.0,0,Transient-Party,78.0,0,1
City Hotel,0,1,2017,January,1,4,0,2,2,0.0,0,BB,PRT,Corporate,Corporate,1,0,2,A,A,0,No Deposit,,0,Transient,65.0,0,1
City Hotel,0,303,2016,August,34,19,2,3,2,0.0,0,BB,DEU,Offline TA/TO,TA/TO,0,0,0,A,A,0,No Deposit,21.0,0,Transient-Party,78.0,0,1
City Hotel,0,303,2016,August,34,19,2,3,2,0.0,0,BB,DEU,Offline TA/TO,TA/TO,0,0,0,A,A,0,No Deposit,21.0,0,Transient-Party,78.0,0,1
City Hotel,0,303,2016,August,34,19,2,3,2,0.0,0,BB,DEU,Offline TA/TO,TA/TO,0,0,0,A,A,0,No Deposit,21.0,0,Transient-Party,78.0,0,1
City Hotel,0,3,2016,August,35,22,1,1,2,0.0,0,BB,CHN,Corporate,Corporate,0,0,0,A,A,2,No Deposit,,0,Transient-Party,100.0,0,0
City Hotel,0,0,2016,August,35,22,1,1,2,0.0,0,BB,CHN,Corporate,Corporate,0,0,0,A,A,2,No Deposit,,0,Transient-Party,100.0,0,0
City Hotel,0,45,2016,August,35,21,2,1,2,0.0,0,BB,ITA,Direct,Direct,0,0,0,A,A,0,No Deposit,14.0,0,Transient,134.1,0,1
City Hotel,0,3,2016,August,35,23,0,1,2,0.0,0,SC,PRT,Online TA,TA/TO,0,0,0,A,B,0,No Deposit,9.0,0,Transient,139.0,0,1
City Hotel,0,125,2016,August,34,20,2,2,2,0.0,0,BB,AUT,Online TA,TA/TO,0,0,0,A,A,0,No Deposit,9.0,0,Transient,105.3,0,2
City Hotel,0,125,2016,August,34,20,2,2,2,0.0,0,BB,AUT,Online TA,TA/TO,0,0,0,A,A,0,No Deposit,9.0,0,Transient,105.3,0,3
City Hotel,0,169,2016,August,35,22,1,1,2,0.0,0,BB,ISR,Online TA,TA/TO,0,0,0,A,A,0,No Deposit,9.0,0,Transient,105.3,0,1
City Hotel,0,36,2016,August,34,19,2,3,2,0.0,0,BB,ESP,Online TA,TA/TO,0,0,0,A,A,0,No Deposit,9.0,0,Transient,135.9,0,1
City Hotel,0,134,2016,August,35,21,2,1,2,0.0,0,BB,FIN,Online TA,TA/TO,0,0,0,A,A,2,No Deposit,9.0,0,Transient,114.5,0,0
City Hotel,0,28,2016,August,35,21,2,1,2,0.0,0,SC,AUT,Online TA,TA/TO,0,0,0,A,A,0,No Deposit,9.0,0,Transient,134.37,0,1
City Hotel,0,258,2016,August,34,18,2,4,2,0.0,0,BB,DEU,Offline TA/TO,TA/TO,0,0,0,D,D,0,No Deposit,6.0,0,Group,82.44,0,0
City Hotel,0,148,2016,August,35,21,2,1,2,0.0,0,BB,AUT,Offline TA/TO,TA/TO,0,0,0,A,A,1,No Deposit,16.0,0,Transient,72.25,0,0
City Hotel,0,16,2016,August,35,21,2,1,2,0.0,0,SC,ESP,Online TA,TA/TO,0,0,0,A,A,0,No Deposit,9.0,0,Transient,129.0,0,2
City Hotel,0,195,2016,August,34,17,2,5,2,0.0,0,BB,ISR,Online TA,TA/TO,0,0,0,D,D,0,No Deposit,9.0,0,Transient-Party,112.2,0,2
City Hotel,0,8,2016,August,35,22,1,1,2,0.0,0,SC,NLD,Online TA,TA/TO,0,0,0,A,A,0,No Deposit,9.0,0,Transient,128.0,0,1
City Hotel,0,37,2016,August,35,21,2,1,2,0.0,0,BB,DEU,Online TA,TA/TO,0,0,0,A,A,0,No Deposit,9.0,0,Transient,135.9,0,0
City Hotel,0,195,2016,August,34,17,2,5,2,0.0,0,BB,ISR,Online TA,TA/TO,0,0,0,D,D,0,No Deposit,9.0,0,Transient-Party,112.2,0,2
City Hotel,0,6,2016,August,35,23,0,1,2,0.0,0,BB,FRA,Online TA,TA/TO,0,0,0,A,A,0,No Deposit,9.0,0,Transient,140.0,0,1
City Hotel,0,5,2016,August,35,21,2,1,2,0.0,0,BB,AUT,Offline TA/TO,TA/TO,0,0,0,A,A,0,No Deposit,16.0,0,Transient,72.25,0,0
City Hotel,0,84,2016,August,35,22,1,1,2,0.0,0,BB,CN,Direct,Direct,0,0,0,E,F,0,No Deposit,14.0,0,Transient,150.3,0,0
City Hotel,0,90,2016,August,36,28,1,0,2,0.0,0,BB,CN,Direct,Direct,0,0,1,E,E,1,No Deposit,14.0,0,Group,159.3,0,0
City Hotel,0,48,2016,August,35,22,1,1,2,0.0,0,BB,CN,Online TA,TA/TO,0,0,0,A,A,0,No Deposit,9.0,0,Transient,144.9,0,0
City Hotel,0,41,2016,August,34,20,2,2,2,0.0,0,BB,ESP,Online TA,TA/TO,0,0,0,A,A,0,No Deposit,9.0,0,Transient,140.4,0,1
City Hotel,0,5,2016,August,35,22,1,1,2,0.0,0,BB,FRA,Direct,TA/TO,0,0,0,A,G,0,No Deposit,14.0,0,Group,138.0,0,2
City Hotel,0,188,2016,August,34,20,2,2,2,0.0,0,BB,ITA,Direct,Direct,0,0,0,A,A,0,No Deposit,14.0,0,Transient,89.25,0,0
City Hotel,0,20,2016,August,35,21,2,1,2,0.0,0,BB,ESP,Online TA,TA/TO,0,0,0,D,D,0,No Deposit,9.0,0,Transient,175.0,0,2
City Hotel,0,36,2016,August,34,19,2,3,2,0.0,0,BB,ESP,Online TA,TA/TO,0,0,0,D,D,0,No Deposit,9.0,0,Transient,149.4,0,2
City Hotel,0,104,2016,August,35,21,2,1,2,0.0,0,BB,ESP,Online TA,TA/TO,0,0,0,A,A,0,No Deposit,9.0,0,Transient,119.7,0,0
City Hotel,0,156,2016,August,35,21,2,1,2,0.0,0,SC,FRA,Online TA,TA/TO,0,0,0,A,A,0,No Deposit,9.0,0,Transient,103.5,1,0
City Hotel,0,5,2016,August,35,21,2,1,2,0.0,0,BB,BRA,Online TA,TA/TO,0,0,0,D,D,0,No Deposit,7.0,0,Transient,119.35,0,1
City Hotel,0,27,2016,August,35,22,1,1,2,0.0,0,BB,IRL,Direct,Direct,0,0,0,D,D,0,No Deposit,14.0,0,Transient,137.7,0,0
City Hotel,0,136,2016,August,34,20,2,2,2,0.0,0,BB,FIN,Online TA,TA/TO,0,0,0,A,A,2,No Deposit,9.0,0,Transient,116.73,0,1
City Hotel,0,195,2016,August,34,17,2,5,2,0.0,0,BB,ISR,Online TA,TA/TO,0,0,0,D,D,0,No Deposit,9.0,0,Transient-Party,112.2,0,2
City Hotel,0,195,2016,August,34,17,2,5,2,0.0,0,BB,ISR,Online TA,TA/TO,0,0,0,D,D,0,No Deposit,9.0,0,Transient-Party,112.2,0,2
City Hotel,0,98,2016,August,35,21,2,2,2,0.0,0,BB,AUT,Online TA,TA/TO,0,0,0,A,A,0,No Deposit,9.0,0,Transient,117.9,0,1
City Hotel,0,156,2016,August,34,16,2,7,2,0.0,0,HB,FRA,Online TA,TA/TO,0,0,0,A,A,0,No Deposit,9.0,0,Transient,134.58,0,1
City Hotel,0,231,2016,August,35,21,2,2,2,0.0,0,BB,FIN,Online TA,TA/TO,0,0,0,A,A,0,No Deposit,9.0,0,Transient-Party,90.95,0,1
City Hotel,0,44,2016,August,35,22,1,2,2,0.0,0,SC,DEU,Online TA,TA/TO,0,0,0,A,A,0,No Deposit,9.0,0,Transient,125.1,0,1
City Hotel,0,156,2016,August,35,23,0,2,2,0.0,0,SC,FRA,Online TA,TA/TO,0,0,0,A,B,1,No Deposit,9.0,0,Transient,94.5,0,1
City Hotel,0,148,2016,August,35,21,2,2,2,0.0,0,BB,ITA,Online TA,TA/TO,0,0,0,D,D,0,No Deposit,9.0,0,Transient,127.8,0,0
City Hotel,0,4,2016,August,35,24,0,1,2,0.0,0,SC,AUT,Online TA,TA/TO,0,0,0,A,A,0,No Deposit,9.0,0,Transient,119.0,0,1
City Hotel,0,25,2016,August,35,22,1,2,2,0.0,0,BB,TUR,Online TA,TA/TO,0,0,0,A,A,0,No Deposit,7.0,0,Transient,110.46,0,1
City Hotel,0,7,2016,August,35,24,0,1,2,0.0,0,SC,DEU,Online TA,TA/TO,0,0,0,A,A,0,No Deposit,9.0,0,Transient,137.0,1,2
City Hotel,0,31,2016,August,35,22,1,2,2,0.0,0,HB,ESP,Offline TA/TO,TA/TO,0,0,0,A,A,1,No Deposit,83.0,0,Transient,147.72,0,0
City Hotel,0,29,2016,August,35,23,0,2,2,0.0,0,BB,SWE,Direct,Direct,0,0,0,A,A,2,No Deposit,14.0,0,Transient,127.15,1,0
City Hotel,0,160,2016,August,35,22,1,2,2,0.0,0,BB,ESP,Online TA,TA/TO,0,0,0,A,A,2,No Deposit,9.0,0,Transient,114.5,0,0
City Hotel,0,4,2016,August,35,23,0,2,2,0.0,0,BB,AUT,Online TA,TA/TO,0,0,0,A,A,0,No Deposit,9.0,0,Transient,157.0,1,1
City Hotel,0,0,2016,August,34,18,2,5,2,0.0,0,BB,DNK,Direct,Direct,0,0,0,A,A,0,No Deposit,,0,Transient,86.7,0,0
City Hotel,0,9,2016,August,35,23,0,2,2,0.0,0,SC,ESP,Online TA,TA/TO,0,0,0,A,B,0,No Deposit,9.0,0,Transient,137.0,1,2
City Hotel,0,4,2016,August,35,21,2,2,2,0.0,0,SC,CHE,Online TA,TA/TO,0,0,0,A,A,1,No Deposit,9.0,0,Transient,128.0,0,1
City Hotel,0,154,2016,August,35,24,0,1,2,0.0,0,BB,LUX,Online TA,TA/TO,0,0,0,A,A,0,No Deposit,9.0,0,Transient,114.3,1,1
City Hotel,0,304,2016,August,34,20,2,3,2,0.0,0,BB,DEU,Online TA,TA/TO,0,0,0,B,B,0,No Deposit,7.0,0,Transient,65.6,0,1
City Hotel,0,0,2016,August,35,24,0,1,2,0.0,0,SC,PRT,Online TA,TA/TO,0,0,0,A,D,0,No Deposit,152.0,0,Transient,73.07,0,0
City Hotel,0,304,2016,August,34,20,2,3,2,0.0,0,BB,GBR,Online TA,TA/TO,0,0,0,B,B,0,No Deposit,7.0,0,Transient,65.6,0,1
City Hotel,0,37,2016,August,34,20,2,3,2,0.0,0,SC,FRA,Online TA,TA/TO,0,0,0,A,A,0,No Deposit,9.0,0,Transient,125.1,0,3
City Hotel,0,0,2016,August,35,24,0,1,2,0.0,0,BB,PRT,Direct,Direct,0,0,0,A,A,1,No Deposit,14.0,0,Transient,112.88,0,0
City Hotel,0,1,2016,August,35,23,0,2,2,0.0,0,SC,IRL,Online TA,TA/TO,0,0,0,D,A,0,No Deposit,152.0,0,Transient,95.65,0,0
City Hotel,0,51,2016,August,35,23,0,2,2,0.0,0,BB,ESP,Online TA,TA/TO,0,0,0,D,D,1,No Deposit,9.0,0,Transient,158.4,1,1
City Hotel,0,14,2016,August,34,19,2,4,2,0.0,0,BB,NLD,Online TA,TA/TO,0,0,0,D,D,0,No Deposit,9.0,0,Transient,155.83,0,1
City Hotel,0,12,2016,August,35,22,1,2,2,0.0,0,BB,ITA,Online TA,TA/TO,0,0,0,D,D,0,No Deposit,9.0,0,Transient,156.0,0,1
City Hotel,0,125,2016,August,35,22,1,3,2,0.0,0,BB,DEU,Online TA,TA/TO,0,0,0,A,A,0,No Deposit,9.0,0,Transient,103.05,0,0
City Hotel,0,13,2016,August,35,21,2,3,2,0.0,0,SC,GBR,Online TA,TA/TO,0,0,0,A,A,0,No Deposit,157.0,0,Transient-Party,82.4,0,0
City Hotel,0,214,2016,August,34,18,2,6,2,0.0,0,BB,FRA,Online TA,TA/TO,0,0,0,D,D,1,No Deposit,9.0,0,Transient,100.51,0,1
City Hotel,0,5,2016,August,35,23,0,3,2,0.0,0,BB,ESP,Corporate,Corporate,0,0,0,D,A,0,No Deposit,,0,Transient,95.0,0,0
City Hotel,0,101,2016,August,35,22,1,3,2,0.0,0,BB,DEU,Offline TA/TO,TA/TO,0,0,0,A,A,0,No Deposit,27.0,0,Transient,72.25,0,1
City Hotel,0,101,2016,August,35,22,1,3,2,0.0,0,BB,DEU,Offline TA/TO,TA/TO,0,0,0,A,A,0,No Deposit,27.0,0,Transient,72.25,0,1
City Hotel,0,205,2016,August,35,22,1,3,2,0.0,0,SC,FRA,Online TA,TA/TO,0,0,0,A,A,2,No Deposit,9.0,0,Transient,89.25,0,1
City Hotel,0,209,2016,August,35,21,2,3,2,0.0,0,BB,PRT,Online TA,TA/TO,0,0,0,A,A,0,No Deposit,9.0,0,Transient,90.95,0,2
City Hotel,0,44,2016,August,35,24,0,2,2,0.0,0,BB,CHE,Offline TA/TO,TA/TO,0,0,0,A,A,0,No Deposit,85.0,0,Transient,85.5,0,0
City Hotel,0,125,2016,August,35,21,2,3,2,0.0,0,BB,BEL,Online TA,TA/TO,0,0,0,D,D,0,No Deposit,9.0,0,Transient,117.0,0,1
City Hotel,0,224,2016,August,35,21,2,3,2,0.0,0,BB,ITA,Online TA,TA/TO,0,0,0,A,A,1,No Deposit,9.0,0,Transient,90.95,0,1
City Hotel,0,154,2016,August,35,24,0,2,2,0.0,0,BB,ESP,Online TA,TA/TO,0,0,0,A,A,0,No Deposit,9.0,0,Transient,95.4,0,0
City Hotel,0,154,2016,August,35,24,0,2,2,0.0,0,BB,ESP,Online TA,TA/TO,0,0,0,A,A,0,No Deposit,9.0,0,Transient,109.8,0,0
City Hotel,0,154,2016,August,35,24,0,2,2,0.0,0,BB,ESP,Online TA,TA/TO,0,0,0,A,A,0,No Deposit,9.0,0,Transient,100.8,0,0
City Hotel,0,11,2016,August,35,25,0,1,2,0.0,0,BB,DEU,Online TA,TA/TO,0,0,0,D,D,0,No Deposit,9.0,0,Transient,155.0,0,1
City Hotel,0,181,2016,August,35,25,0,1,2,0.0,0,SC,ITA,Online TA,TA/TO,0,0,0,A,B,0,No Deposit,9.0,0,Transient,85.5,0,0
City Hotel,0,4,2016,August,35,25,0,1,2,0.0,0,BB,CHL,Online TA,TA/TO,0,0,0,A,B,1,No Deposit,9.0,0,Transient,149.0,0,1
City Hotel,0,4,2016,August,35,25,0,1,2,0.0,0,BB,USA,Online TA,TA/TO,0,0,0,A,B,1,No Deposit,9.0,0,Transient,149.0,0,1
City Hotel,0,114,2016,August,35,22,1,3,2,0.0,0,BB,PRT,Offline TA/TO,TA/TO,0,0,0,A,A,0,No Deposit,168.0,0,Transient,72.25,0,0
City Hotel,0,157,2016,August,35,21,2,3,2,0.0,0,BB,BRA,Online TA,TA/TO,0,0,0,A,A,0,No Deposit,7.0,0,Transient,75.27,0,0
City Hotel,0,157,2016,August,35,21,2,3,2,0.0,0,BB,BRA,Online TA,TA/TO,0,0,0,A,A,0,No Deposit,7.0,0,Transient,75.27,0,0
City Hotel,0,211,2016,August,35,23,0,3,2,0.0,0,BB,PRT,Online TA,TA/TO,0,0,0,A,A,0,No Deposit,11.0,0,Transient,77.03,0,0
City Hotel,0,1,2016,August,35,24,0,2,2,0.0,0,SC,DEU,Online TA,TA/TO,0,0,0,A,A,0,No Deposit,7.0,0,Transient,99.33,0,1
City Hotel,0,115,2016,August,35,22,1,3,2,0.0,0,BB,GBR,Offline TA/TO,TA/TO,0,0,0,A,A,0,No Deposit,22.0,0,Transient,72.25,0,0
City Hotel,0,47,2016,August,35,22,1,3,2,0.0,0,BB,ESP,Offline TA/TO,TA/TO,0,0,0,A,A,0,No Deposit,138.0,0,Transient,85.0,0,0
City Hotel,0,47,2016,August,35,22,1,3,2,0.0,0,BB,ESP,Offline TA/TO,TA/TO,0,0,0,A,A,0,No Deposit,138.0,0,Transient,85.0,0,0
City Hotel,0,0,2016,August,35,22,1,3,2,0.0,0,BB,BEL,Direct,Direct,0,0,0,D,D,0,No Deposit,14.0,0,Transient,142.92,0,0
City Hotel,0,3,2016,August,35,22,1,3,2,0.0,0,SC,ESP,Online TA,TA/TO,0,0,0,A,A,0,No Deposit,7.0,0,Transient,98.56,0,1
City Hotel,0,142,2016,August,35,21,2,3,2,0.0,0,BB,IRL,Online TA,TA/TO,0,0,0,B,B,1,No Deposit,9.0,0,Transient,95.79,0,1
City Hotel,0,130,2016,August,35,24,0,2,2,0.0,0,BB,FRA,Online TA,TA/TO,0,0,0,A,A,0,No Deposit,9.0,0,Transient,100.8,0,1
City Hotel,0,130,2016,August,35,24,0,2,2,0.0,0,BB,FRA,Online TA,TA/TO,0,0,0,A,A,0,No Deposit,9.0,0,Transient,109.8,1,1
City Hotel,0,172,2016,August,35,23,0,3,2,0.0,0,BB,GBR,Online TA,TA/TO,0,0,0,A,A,0,No Deposit,9.0,0,Transient-Party,102.3,0,0
City Hotel,0,172,2016,August,35,23,0,3,2,0.0,0,BB,GBR,Online TA,TA/TO,0,0,0,A,A,0,No Deposit,9.0,0,Transient-Party,102.3,0,0
City Hotel,0,125,2016,August,35,25,0,1,2,0.0,0,BB,FIN,Direct,Direct,0,0,0,A,A,0,No Deposit,,0,Transient-Party,90.95,0,1
City Hotel,0,34,2016,August,35,21,2,3,2,0.0,0,BB,ESP,Offline TA/TO,TA/TO,0,0,0,A,A,0,No Deposit,138.0,0,Transient,85.0,0,0
City Hotel,0,190,2016,August,35,22,1,3,2,0.0,0,BB,EST,Online TA,TA/TO,0,0,0,A,A,1,No Deposit,9.0,0,Transient,109.25,0,1
City Hotel,0,0,2016,August,35,25,0,1,2,0.0,0,SC,PRT,Online TA,TA/TO,0,0,0,A,D,0,No Deposit,152.0,0,Transient,92.98,0,0
City Hotel,0,133,2016,August,35,21,2,3,2,0.0,0,SC,IRL,Online TA,TA/TO,0,0,0,A,A,0,No Deposit,11.0,0,Transient,70.04,0,2
City Hotel,0,133,2016,August,35,21,2,3,2,0.0,0,SC,IRL,Online TA,TA/TO,0,0,0,A,A,0,No Deposit,11.0,0,Transient,70.04,0,2
City Hotel,0,0,2016,August,35,26,0,0,2,0.0,0,SC,PRT,Online TA,TA/TO,1,0,0,A,K,0,No Deposit,9.0,0,Contract,0.0,0,1
City Hotel,0,189,2016,August,34,20,2,5,2,0.0,0,BB,ITA,Online TA,TA/TO,0,0,0,D,D,2,No Deposit,9.0,0,Transient,109.77,0,2
City Hotel,0,146,2016,August,34,20,2,5,2,0.0,0,BB,GBR,Online TA,TA/TO,0,0,0,D,D,0,No Deposit,9.0,0,Transient,116.23,0,3
City Hotel,0,37,2016,August,35,22,1,4,2,0.0,0,SC,CN,Online TA,TA/TO,0,0,0,A,A,0,No Deposit,7.0,0,Transient,105.33,0,1
City Hotel,0,137,2016,August,34,20,2,5,2,0.0,0,BB,NOR,Online TA,TA/TO,0,0,0,A,A,0,No Deposit,9.0,0,Transient,102.73,0,1
City Hotel,0,197,2016,August,35,24,0,3,2,0.0,0,BB,PRT,Offline TA/TO,TA/TO,0,0,0,A,A,0,No Deposit,27.0,0,Transient-Party,72.25,0,1
City Hotel,0,41,2016,August,35,24,0,3,2,0.0,0,BB,ESP,Online TA,TA/TO,0,0,0,A,A,1,No Deposit,9.0,0,Transient-Party,145.1,0,0
City Hotel,0,197,2016,August,35,24,0,3,2,0.0,0,BB,DEU,Offline TA/TO,TA/TO,0,0,0,A,A,0,No Deposit,27.0,0,Transient-Party,72.25,0,1
City Hotel,0,139,2016,August,35,23,0,4,2,0.0,0,BB,GEO,Direct,Direct,0,0,0,A,A,1,No Deposit,14.0,0,Transient,90.0,0,1
City Hotel,0,126,2016,August,35,24,0,3,2,0.0,0,BB,ESP,Direct,Direct,0,0,0,D,D,0,No Deposit,14.0,0,Transient,121.13,1,0
City Hotel,0,207,2016,August,35,23,0,4,2,0.0,0,BB,BEL,Online TA,TA/TO,0,0,0,A,A,1,No Deposit,9.0,0,Transient,99.45,0,1
City Hotel,0,142,2016,August,35,24,0,3,2,0.0,0,BB,SWE,Online TA,TA/TO,0,0,0,A,A,2,No Deposit,9.0,0,Transient,99.3,0,0
City Hotel,0,142,2016,August,35,24,0,3,2,0.0,0,BB,SWE,Online TA,TA/TO,0,0,0,A,A,2,No Deposit,9.0,0,Transient,108.3,0,0
City Hotel,0,142,2016,August,35,24,0,3,2,0.0,0,BB,SWE,Online TA,TA/TO,0,0,0,A,A,2,No Deposit,9.0,0,Transient,99.3,0,0
City Hotel,0,142,2016,August,35,24,0,3,2,0.0,0,BB,SWE,Online TA,TA/TO,0,0,0,A,A,2,No Deposit,9.0,0,Transient,99.3,0,0
City Hotel,0,142,2016,August,35,24,0,3,2,0.0,0,BB,NOR,Online TA,TA/TO,0,0,0,A,A,2,No Deposit,9.0,0,Transient,108.3,0,0
City Hotel,0,129,2016,August,35,25,0,2,2,0.0,0,BB,ESP,Online TA,TA/TO,0,0,0,D,D,0,No Deposit,9.0,0,Transient,118.8,1,0
City Hotel,0,129,2016,August,35,25,0,2,2,0.0,0,BB,ESP,Online TA,TA/TO,0,0,0,D,D,0,No Deposit,9.0,0,Transient,109.8,1,0
City Hotel,0,1,2016,August,35,26,0,1,2,0.0,0,SC,DEU,Online TA,Direct,0,0,0,A,A,0,No Deposit,,0,Transient,139.0,0,1
City Hotel,0,215,2016,August,34,20,2,5,2,0.0,0,BB,NLD,Online TA,TA/TO,0,0,0,D,D,0,No Deposit,9.0,0,Transient,99.45,0,0
City Hotel,0,12,2016,August,35,26,0,1,2,0.0,0,BB,NZL,Online TA,TA/TO,0,0,0,D,E,0,No Deposit,9.0,0,Transient,164.0,0,1
City Hotel,0,17,2016,August,35,24,0,3,2,0.0,0,BB,DEU,Online TA,TA/TO,0,0,0,D,D,0,No Deposit,9.0,0,Transient,165.0,0,1
City Hotel,0,154,2016,August,35,26,0,1,2,0.0,0,BB,DEU,Offline TA/TO,TA/TO,0,0,0,A,A,1,No Deposit,27.0,0,Transient,72.25,0,0
City Hotel,0,143,2016,August,35,26,0,1,2,0.0,0,SC,ITA,Online TA,TA/TO,0,0,0,A,A,0,No Deposit,9.0,0,Transient,85.5,0,0
City Hotel,0,107,2016,August,35,25,0,2,2,0.0,0,BB,ITA,Online TA,TA/TO,0,0,0,D,D,0,No Deposit,9.0,0,Transient,142.2,1,0
City Hotel,0,3,2016,August,35,24,0,3,2,0.0,0,SC,DEU,Online TA,TA/TO,0,0,0,A,A,0,No Deposit,8.0,0,Transient,125.67,0,1
City Hotel,0,159,2016,August,35,26,0,1,2,0.0,0,SC,ITA,Online TA,TA/TO,0,0,0,A,B,0,No Deposit,9.0,0,Transient,85.5,0,0
City Hotel,0,5,2016,August,35,22,1,4,2,0.0,0,BB,DEU,Online TA,TA/TO,0,0,0,D,D,0,No Deposit,9.0,0,Transient,155.0,0,2
City Hotel,0,177,2016,August,35,24,0,4,2,0.0,0,SC,SWE,Online TA,TA/TO,0,0,0,A,A,0,No Deposit,9.0,0,Transient,82.88,0,0
City Hotel,0,40,2016,August,35,23,0,5,2,0.0,0,BB,FRA,Online TA,TA/TO,0,0,0,D,D,0,No Deposit,9.0,0,Transient,149.4,0,0
City Hotel,0,40,2016,August,35,23,0,5,2,0.0,0,BB,FRA,Online TA,TA/TO,0,0,0,D,D,0,No Deposit,9.0,0,Transient,149.4,0,0
City Hotel,0,178,2016,August,35,24,0,4,2,0.0,0,BB,ESP,Online TA,TA/TO,0,0,0,A,A,0,No Deposit,9.0,0,Transient,93.08,0,1
City Hotel,0,135,2016,August,35,22,1,5,2,0.0,0,BB,DEU,Online TA,TA/TO,0,0,0,A,A,0,No Deposit,89.0,0,Transient,72.42,0,0
City Hotel,0,150,2016,August,35,27,0,1,2,0.0,0,BB,AUT,Online TA,TA/TO,0,0,0,D,D,0,No Deposit,9.0,0,Transient,109.8,0,1
City Hotel,0,150,2016,August,35,27,0,1,2,0.0,0,BB,AUT,Online TA,TA/TO,0,0,0,D,D,0,No Deposit,9.0,0,Transient,109.8,0,1
City Hotel,0,9,2016,August,35,26,0,2,2,0.0,0,SC,PRT,Online TA,TA/TO,0,0,0,A,A,0,No Deposit,9.0,0,Transient,137.0,0,0
City Hotel,0,143,2016,August,35,25,0,3,2,0.0,0,BB,CZE,Offline TA/TO,TA/TO,0,0,0,A,A,0,No Deposit,36.0,0,Transient-Party,100.0,0,0
City Hotel,0,112,2016,August,35,24,0,4,2,0.0,0,BB,USA,Offline TA/TO,TA/TO,0,0,0,E,E,0,No Deposit,42.0,0,Transient,92.65,0,2
City Hotel,0,143,2016,August,35,25,0,3,2,0.0,0,BB,CZE,Offline TA/TO,TA/TO,0,0,0,A,A,0,No Deposit,36.0,0,Transient-Party,100.0,0,0
City Hotel,0,143,2016,August,35,25,0,3,2,0.0,0,BB,CZE,Offline TA/TO,TA/TO,0,0,0,A,A,0,No Deposit,36.0,0,Transient-Party,100.0,0,0
City Hotel,0,143,2016,August,35,25,0,3,2,0.0,0,BB,CZE,Offline TA/TO,TA/TO,0,0,0,A,A,0,No Deposit,36.0,0,Transient-Party,100.0,0,0
City Hotel,0,143,2016,August,35,25,0,3,2,0.0,0,BB,CZE,Offline TA/TO,TA/TO,0,0,0,A,A,0,No Deposit,36.0,0,Transient-Party,100.0,0,0
City Hotel,0,158,2016,August,35,25,0,3,2,0.0,0,SC,FRA,Online TA,TA/TO,0,0,0,A,A,0,No Deposit,9.0,0,Transient,94.5,0,0
City Hotel,0,192,2016,August,35,25,0,3,2,0.0,0,BB,CZE,Offline TA/TO,TA/TO,0,0,0,A,A,1,No Deposit,36.0,49,Transient-Party,100.0,0,0
City Hotel,0,143,2016,August,35,25,0,3,2,0.0,0,BB,CZE,Offline TA/TO,TA/TO,0,0,0,A,A,0,No Deposit,36.0,0,Transient-Party,100.0,0,0
City Hotel,0,143,2016,August,35,25,0,3,2,0.0,0,BB,CZE,Offline TA/TO,TA/TO,0,0,0,A,A,0,No Deposit,36.0,0,Transient-Party,100.0,0,0
City Hotel,0,256,2016,August,35,26,0,2,2,0.0,0,BB,DEU,Offline TA/TO,TA/TO,0,0,0,A,A,0,No Deposit,27.0,0,Transient,72.25,0,1
City Hotel,0,178,2016,August,35,25,0,3,2,0.0,0,BB,NLD,Online TA,TA/TO,0,0,0,A,A,0,No Deposit,9.0,0,Transient,96.3,0,0
City Hotel,0,143,2016,August,35,25,0,3,2,0.0,0,BB,CZE,Offline TA/TO,TA/TO,0,0,0,A,A,0,No Deposit,36.0,0,Transient-Party,100.0,0,0
City Hotel,0,197,2016,August,35,25,0,3,2,0.0,0,BB,FRA,Offline TA/TO,TA/TO,0,0,0,A,A,0,No Deposit,28.0,0,Transient,112.0,0,0
City Hotel,0,143,2016,August,35,25,0,3,2,0.0,0,BB,CZE,Offline TA/TO,TA/TO,0,0,0,A,A,0,No Deposit,36.0,0,Transient-Party,100.0,0,0
City Hotel,0,137,2016,August,35,26,0,2,2,0.0,0,BB,FRA,Online TA,TA/TO,0,0,0,A,A,0,No Deposit,9.0,0,Transient,96.3,0,0
City Hotel,0,143,2016,August,35,25,0,3,2,0.0,0,BB,CZE,Offline TA/TO,TA/TO,0,0,0,A,A,0,No Deposit,36.0,0,Transient-Party,100.0,0,0
City Hotel,0,143,2016,August,35,25,0,3,2,0.0,0,BB,CZE,Offline TA/TO,TA/TO,0,0,0,A,A,0,No Deposit,36.0,0,Transient-Party,100.0,0,0
City Hotel,0,256,2016,August,35,26,0,2,2,0.0,0,BB,DEU,Offline TA/TO,TA/TO,0,0,0,A,A,0,No Deposit,27.0,0,Transient,72.25,0,1
City Hotel,0,143,2016,August,35,25,0,3,2,0.0,0,BB,CZE,Offline TA/TO,TA/TO,0,0,0,A,A,0,No Deposit,36.0,0,Transient-Party,100.0,0,0
City Hotel,0,143,2016,August,35,25,0,3,2,0.0,0,BB,CZE,Offline TA/TO,TA/TO,0,0,0,A,A,0,No Deposit,36.0,0,Transient-Party,100.0,0,0
City Hotel,0,143,2016,August,35,25,0,3,2,0.0,0,BB,CZE,Offline TA/TO,TA/TO,0,0,0,A,A,0,No Deposit,36.0,0,Transient-Party,100.0,0,1
City Hotel,0,256,2016,August,35,26,0,2,2,0.0,0,BB,PRT,Offline TA/TO,TA/TO,0,0,0,A,A,0,No Deposit,27.0,0,Transient,72.25,0,1
City Hotel,0,143,2016,August,35,25,0,3,2,0.0,0,BB,CZE,Offline TA/TO,TA/TO,0,0,0,A,A,0,No Deposit,36.0,0,Transient-Party,100.0,0,0
City Hotel,0,143,2016,August,35,25,0,3,2,0.0,0,BB,CZE,Offline TA/TO,TA/TO,0,0,0,A,A,0,No Deposit,36.0,0,Transient-Party,100.0,0,0
City Hotel,0,143,2016,August,35,25,0,3,2,0.0,0,BB,CZE,Offline TA/TO,TA/TO,0,0,0,A,A,0,No Deposit,36.0,0,Transient-Party,100.0,0,0
City Hotel,0,143,2016,August,35,25,0,3,2,0.0,0,BB,CZE,Offline TA/TO,TA/TO,0,0,0,A,A,0,No Deposit,36.0,0,Transient-Party,100.0,0,0
City Hotel,0,115,2016,August,35,23,0,5,2,0.0,0,BB,GBR,Online TA,TA/TO,0,0,0,D,A,0,No Deposit,9.0,0,Transient,131.4,0,2
City Hotel,0,95,2016,August,35,25,0,3,2,0.0,0,BB,NLD,Online TA,TA/TO,0,0,0,D,D,0,No Deposit,9.0,0,Transient,131.4,0,1
City Hotel,0,192,2016,August,35,25,0,3,2,0.0,0,BB,CZE,Offline TA/TO,TA/TO,0,0,0,A,A,0,No Deposit,36.0,49,Transient-Party,100.0,0,0
City Hotel,0,143,2016,August,35,25,0,3,2,0.0,0,BB,CZE,Offline TA/TO,TA/TO,0,0,0,A,A,0,No Deposit,36.0,0,Transient-Party,100.0,0,0
City Hotel,0,5,2016,August,35,26,0,2,2,0.0,0,BB,PRT,Online TA,TA/TO,0,0,0,A,A,0,No Deposit,9.0,0,Transient,149.0,0,2
City Hotel,0,141,2016,August,35,25,0,3,2,0.0,0,BB,GBR,Offline TA/TO,TA/TO,0,0,0,A,A,1,No Deposit,85.0,0,Transient,72.25,0,0
City Hotel,0,177,2016,August,35,24,0,4,2,0.0,0,SC,CZE,Online TA,TA/TO,0,0,0,A,A,0,No Deposit,9.0,0,Transient,82.88,0,0
City Hotel,0,177,2016,August,35,24,0,4,2,0.0,0,BB,CZE,Online TA,TA/TO,0,0,0,A,A,0,No Deposit,9.0,0,Transient,93.08,0,1
City Hotel,0,5,2016,August,35,26,0,2,2,0.0,0,SC,SWE,Online TA,TA/TO,0,0,0,A,A,0,No Deposit,9.0,0,Transient,129.0,0,1
City Hotel,0,3,2016,August,35,26,0,2,2,0.0,0,BB,FRA,Online TA,TA/TO,0,0,0,A,A,0,No Deposit,9.0,0,Transient,169.0,0,1
City Hotel,0,205,2016,August,34,20,2,6,2,0.0,0,BB,ESP,Online TA,TA/TO,0,0,0,A,A,0,No Deposit,9.0,0,Transient,92.01,0,1
City Hotel,0,30,2016,August,35,25,0,3,2,0.0,0,BB,DEU,Offline TA/TO,TA/TO,0,0,0,E,E,0,No Deposit,83.0,0,Transient,137.52,0,0
City Hotel,0,256,2016,August,35,26,0,2,2,0.0,0,BB,DEU,Offline TA/TO,TA/TO,0,0,0,A,A,0,No Deposit,27.0,0,Transient,72.25,0,1
City Hotel,0,172,2016,August,35,25,0,3,2,0.0,0,BB,ESP,Online TA,TA/TO,0,0,0,D,D,0,No Deposit,9.0,0,Transient-Party,109.8,0,0
City Hotel,0,143,2016,August,35,25,0,3,2,0.0,0,BB,CZE,Offline TA/TO,TA/TO,0,0,0,A,A,0,No Deposit,36.0,0,Transient-Party,100.0,0,1
City Hotel,0,58,2016,August,35,24,0,4,2,0.0,0,BB,PRT,Offline TA/TO,TA/TO,0,0,0,A,A,0,No Deposit,138.0,0,Transient,85.0,0,1
City Hotel,0,8,2016,August,35,22,1,5,2,0.0,0,BB,USA,Online TA,TA/TO,0,0,0,D,D,0,No Deposit,7.0,0,Transient,99.46,0,1
City Hotel,0,112,2016,August,35,24,0,4,2,0.0,0,BB,USA,Offline TA/TO,TA/TO,0,0,0,E,E,0,No Deposit,42.0,0,Transient,92.65,0,2
City Hotel,0,167,2016,August,35,26,1,2,2,0.0,0,BB,SVK,Online TA,TA/TO,0,0,0,A,A,0,No Deposit,9.0,0,Transient,90.9,0,0
City Hotel,0,7,2016,August,35,26,1,2,2,0.0,0,SC,PRT,Online TA,TA/TO,0,0,0,A,A,0,No Deposit,9.0,0,Transient,124.67,0,1
City Hotel,0,11,2016,August,36,28,1,0,2,0.0,0,SC,FRA,Direct,Direct,0,0,0,A,A,2,No Deposit,,0,Transient,109.0,0,0
City Hotel,0,193,2016,August,35,27,1,1,2,0.0,0,BB,DEU,Direct,Direct,0,0,0,A,A,0,No Deposit,14.0,0,Transient,90.0,0,1
City Hotel,0,11,2016,August,36,28,1,0,2,0.0,0,SC,FRA,Direct,Direct,0,0,0,A,A,2,No Deposit,,0,Transient,100.0,0,0
City Hotel,0,155,2016,August,35,26,1,2,2,0.0,0,SC,IRL,Online TA,TA/TO,0,0,0,A,A,0,No Deposit,9.0,0,Transient,85.5,0,2
City Hotel,0,5,2016,August,35,26,1,2,2,0.0,0,SC,PRT,Online TA,TA/TO,0,0,0,A,A,0,No Deposit,7.0,0,Transient,96.76,0,1
City Hotel,0,40,2016,August,36,28,1,0,2,0.0,0,BB,ESP,Online TA,TA/TO,0,0,0,A,A,0,No Deposit,9.0,0,Transient,109.8,0,0
City Hotel,0,74,2016,August,36,28,1,0,2,0.0,0,BB,AUT,Online TA,TA/TO,0,0,0,A,A,0,No Deposit,9.0,0,Transient,135.9,1,0
City Hotel,0,287,2016,August,35,24,1,4,2,0.0,0,BB,DEU,Direct,Direct,0,0,0,B,B,1,No Deposit,,0,Transient,76.72,0,0
City Hotel,0,29,2016,August,35,26,1,2,2,0.0,0,BB,FRA,Online TA,TA/TO,0,0,0,D,D,2,No Deposit,9.0,0,Transient,150.8,0,1
City Hotel,0,3,2016,August,35,26,1,2,2,0.0,0,BB,AUS,Direct,Direct,0,0,0,E,E,0,No Deposit,14.0,0,Transient,195.0,0,2
City Hotel,0,180,2016,August,35,27,1,1,2,0.0,0,BB,DEU,Online TA,TA/TO,0,0,0,B,B,1,No Deposit,9.0,0,Transient-Party,88.77,0,0
City Hotel,0,158,2016,August,35,25,1,3,2,0.0,0,BB,BEL,Online TA,TA/TO,0,0,0,A,A,0,No Deposit,9.0,0,Transient,90.95,0,1
City Hotel,0,203,2016,August,35,26,1,2,2,0.0,0,BB,NLD,Offline TA/TO,TA/TO,0,0,0,A,A,0,No Deposit,121.0,0,Transient-Party,72.25,0,0
City Hotel,0,203,2016,August,35,26,1,2,2,0.0,0,BB,NLD,Offline TA/TO,TA/TO,0,0,0,A,A,0,No Deposit,121.0,0,Transient-Party,72.25,0,0
City Hotel,0,0,2016,August,36,28,1,0,2,0.0,0,BB,DEU,Direct,Direct,0,0,0,A,A,0,No Deposit,,0,Transient,149.0,0,0
City Hotel,0,80,2016,August,35,27,1,1,2,0.0,0,BB,GBR,Online TA,TA/TO,0,0,0,A,A,0,No Deposit,9.0,0,Transient,131.4,0,2
City Hotel,0,204,2016,August,35,26,1,2,2,0.0,0,BB,ROU,Online TA,TA/TO,0,0,0,A,A,0,No Deposit,11.0,0,Transient,73.65,0,0
City Hotel,0,30,2016,August,35,23,1,5,2,0.0,0,HB,ESP,Online TA,TA/TO,0,0,0,D,D,0,No Deposit,9.0,0,Transient,179.25,0,1
City Hotel,0,0,2016,August,35,27,1,1,2,0.0,0,SC,DEU,Online TA,TA/TO,0,0,0,A,C,0,No Deposit,9.0,0,Transient,149.0,0,0
City Hotel,0,92,2016,August,35,26,1,2,2,0.0,0,BB,GBR,Online TA,TA/TO,0,0,0,A,A,0,No Deposit,9.0,0,Transient,117.9,0,2
City Hotel,0,144,2016,August,35,23,1,5,2,0.0,0,BB,CHE,Online TA,TA/TO,0,0,0,D,D,0,No Deposit,9.0,0,Transient,112.8,0,1
City Hotel,0,3,2016,August,35,25,1,3,2,0.0,0,BB,AUS,Online TA,TA/TO,0,0,0,D,D,0,No Deposit,7.0,0,Transient,110.8,0,1
City Hotel,0,143,2016,August,35,25,1,3,2,0.0,0,HB,GBR,Offline TA/TO,TA/TO,0,0,0,D,D,0,No Deposit,22.0,0,Transient,112.45,0,0
City Hotel,0,122,2016,August,35,21,3,5,2,0.0,0,BB,ESP,Offline TA/TO,TA/TO,0,0,0,A,A,0,No Deposit,52.0,0,Transient-Party,81.26,1,2
City Hotel,0,122,2016,August,35,21,3,5,2,0.0,0,BB,ESP,Offline TA/TO,TA/TO,0,0,0,A,A,0,No Deposit,52.0,0,Transient-Party,72.26,0,2
City Hotel,0,156,2016,August,35,24,1,4,2,0.0,0,SC,ITA,Online TA,TA/TO,0,0,0,A,A,0,No Deposit,9.0,0,Transient,87.3,0,1
City Hotel,0,213,2016,August,35,23,1,5,2,0.0,0,HB,FRA,Online TA,TA/TO,0,0,0,A,A,1,No Deposit,9.0,0,Transient-Party,123.25,0,0
City Hotel,0,213,2016,August,35,23,1,5,2,0.0,0,HB,FRA,Online TA,TA/TO,0,0,0,A,A,1,No Deposit,9.0,0,Transient-Party,123.25,0,0
City Hotel,0,49,2016,August,36,28,1,0,2,0.0,0,BB,FRA,Online TA,TA/TO,0,0,0,A,A,0,No Deposit,9.0,0,Transient,109.8,0,0
City Hotel,0,52,2016,August,36,28,1,0,2,0.0,0,SC,DEU,Online TA,TA/TO,0,0,0,A,A,0,No Deposit,9.0,0,Transient,99.0,0,3
City Hotel,0,52,2016,August,36,28,1,0,2,0.0,0,SC,DEU,Online TA,TA/TO,0,0,0,A,A,0,No Deposit,9.0,0,Transient,99.0,0,0
City Hotel,0,115,2016,August,35,22,2,5,2,0.0,0,BB,DEU,Offline TA/TO,TA/TO,0,0,0,D,D,0,No Deposit,27.0,0,Transient,82.45,0,0
City Hotel,0,10,2016,August,35,26,1,2,2,0.0,0,BB,DEU,Online TA,TA/TO,0,0,0,A,A,0,No Deposit,9.0,0,Transient,136.67,0,1
City Hotel,0,47,2016,August,36,28,1,0,2,0.0,0,BB,IRL,Direct,Direct,0,0,0,A,A,0,No Deposit,14.0,0,Transient,99.0,0,0
City Hotel,0,155,2016,August,35,22,2,5,2,0.0,0,BB,FRA,Online TA,TA/TO,0,0,0,A,A,2,No Deposit,9.0,0,Transient,96.12,0,1
City Hotel,0,4,2016,August,36,28,1,0,2,0.0,0,BB,PRT,Online TA,TA/TO,0,0,0,A,A,0,No Deposit,9.0,0,Transient,139.0,0,1
City Hotel,0,142,2016,August,35,22,2,5,2,0.0,0,SC,GBR,Online TA,TA/TO,0,0,0,A,A,0,No Deposit,7.0,0,Transient,68.8,0,1
City Hotel,0,287,2016,August,35,24,1,4,2,0.0,0,BB,DEU,Direct,Direct,0,0,0,B,B,1,No Deposit,,0,Transient,76.71,0,0
City Hotel,0,53,2016,August,35,26,1,2,2,0.0,0,BB,FRA,Online TA,TA/TO,0,0,0,D,D,0,No Deposit,9.0,0,Transient,140.7,0,0
City Hotel,0,196,2016,August,35,24,1,4,2,0.0,0,BB,DEU,Online TA,TA/TO,0,0,0,A,A,0,No Deposit,9.0,0,Transient,97.75,0,1
City Hotel,0,32,2016,August,36,28,1,0,2,0.0,0,SC,FRA,Online TA,TA/TO,0,0,0,A,A,0,No Deposit,9.0,0,Transient,99.0,0,1
City Hotel,0,211,2016,August,35,25,1,3,2,0.0,0,BB,POL,Online TA,TA/TO,0,0,0,A,A,0,No Deposit,9.0,0,Transient,90.95,0,0
City Hotel,0,139,2016,August,35,22,2,5,2,0.0,0,BB,PRT,Online TA,TA/TO,0,0,0,A,A,0,No Deposit,9.0,0,Transient,107.87,0,1
City Hotel,0,224,2016,August,35,23,2,5,2,0.0,0,BB,DEU,Online TA,TA/TO,0,0,0,A,A,0,No Deposit,8.0,0,Transient,90.95,0,1
City Hotel,0,170,2016,August,35,25,2,3,2,0.0,0,BB,EST,Online TA,TA/TO,0,0,0,D,D,0,No Deposit,9.0,0,Transient,103.7,0,1
City Hotel,0,138,2016,August,35,27,2,1,2,0.0,0,BB,DEU,Online TA,TA/TO,0,0,0,A,A,0,No Deposit,9.0,0,Transient,96.3,0,1
City Hotel,0,193,2016,August,35,26,2,2,2,0.0,0,BB,FRA,Online TA,TA/TO,0,0,0,A,A,0,No Deposit,9.0,0,Transient,95.2,0,0
City Hotel,0,31,2016,August,36,28,2,0,2,0.0,0,SC,GBR,Online TA,TA/TO,0,0,0,A,A,0,No Deposit,9.0,0,Transient,103.05,0,0
City Hotel,0,152,2016,August,35,23,2,5,2,0.0,0,BB,BEL,Online TA,TA/TO,0,0,0,A,A,0,No Deposit,9.0,0,Transient,98.87,0,0
City Hotel,0,128,2016,August,36,28,2,0,2,0.0,0,SC,GBR,Online TA,TA/TO,0,0,0,A,A,0,No Deposit,9.0,0,Transient,85.5,0,0
City Hotel,0,20,2016,August,36,29,1,0,2,0.0,0,BB,GBR,Offline TA/TO,TA/TO,0,0,0,A,A,0,No Deposit,22.0,0,Transient,85.0,0,1
City Hotel,0,20,2016,August,36,29,1,0,2,0.0,0,BB,GBR,Offline TA/TO,TA/TO,0,0,0,A,A,0,No Deposit,22.0,0,Transient,85.0,0,1
City Hotel,0,65,2016,August,35,26,2,2,2,0.0,0,BB,PRT,Offline TA/TO,TA/TO,0,0,0,A,A,0,No Deposit,269.0,0,Transient-Party,134.0,0,1
City Hotel,0,216,2016,August,35,27,2,1,2,0.0,0,BB,BEL,Online TA,TA/TO,0,0,0,A,A,0,No Deposit,9.0,0,Transient-Party,96.3,0,2
City Hotel,0,197,2016,August,35,23,2,5,2,0.0,0,BB,DEU,Online TA,TA/TO,0,0,0,A,A,0,No Deposit,9.0,0,Transient,97.02,0,1
City Hotel,0,4,2016,August,36,29,1,0,2,0.0,0,SC,FRA,Online TA,TA/TO,0,0,0,A,A,1,No Deposit,9.0,0,Transient,119.0,0,1
City Hotel,0,42,2016,August,35,25,2,3,2,0.0,0,BB,FRA,Online TA,TA/TO,0,0,0,D,D,0,No Deposit,9.0,0,Transient,140.58,0,0
City Hotel,0,1,2016,August,36,28,2,0,2,0.0,0,BB,PRT,Direct,Direct,0,0,0,A,A,1,No Deposit,,0,Transient,149.0,0,1
City Hotel,0,31,2016,August,35,23,2,5,2,0.0,0,BB,NLD,Online TA,TA/TO,0,0,0,A,A,0,No Deposit,9.0,0,Transient,129.6,0,1
City Hotel,0,130,2016,August,35,27,2,1,2,0.0,0,BB,ITA,Online TA,TA/TO,0,0,0,D,D,0,No Deposit,9.0,0,Transient,109.8,0,2
City Hotel,0,8,2016,August,36,28,2,0,2,0.0,0,SC,ESP,Online TA,TA/TO,0,0,0,A,A,0,No Deposit,9.0,0,Transient,127.0,0,1
City Hotel,0,130,2016,August,35,27,2,1,2,0.0,0,SC,ITA,Online TA,TA/TO,0,0,0,A,A,0,No Deposit,9.0,0,Transient,85.5,0,2
City Hotel,0,15,2016,August,36,28,2,0,2,0.0,0,BB,PRT,Online TA,TA/TO,0,0,0,A,A,0,No Deposit,9.0,0,Transient,130.0,0,1
City Hotel,0,158,2016,August,35,25,2,3,2,0.0,0,BB,ROU,Online TA,TA/TO,0,0,0,A,A,0,No Deposit,9.0,0,Transient,90.95,0,0
City Hotel,0,3,2016,August,35,24,2,4,2,0.0,0,BB,ESP,Direct,Direct,0,0,0,A,A,1,No Deposit,14.0,0,Transient,117.26,0,2
City Hotel,0,198,2016,August,35,25,2,3,2,0.0,0,BB,DEU,Offline TA/TO,TA/TO,0,0,0,A,A,0,Non Refund,22.0,0,Transient-Party,72.25,0,0
City Hotel,0,153,2016,August,35,26,2,2,2,0.0,0,BB,DEU,Online TA,TA/TO,0,0,0,A,A,0,No Deposit,9.0,0,Transient,96.3,0,0
City Hotel,0,65,2016,August,35,26,2,2,2,0.0,0,BB,PRT,Offline TA/TO,TA/TO,0,0,0,A,A,0,No Deposit,269.0,0,Transient-Party,134.0,0,0
City Hotel,0,179,2016,August,35,26,2,2,2,0.0,0,BB,AUT,Online TA,TA/TO,0,0,0,A,A,1,No Deposit,7.0,0,Transient,82.18,0,0
City Hotel,0,5,2016,August,35,27,2,1,2,0.0,0,BB,AUT,Direct,Direct,0,0,0,A,A,0,No Deposit,,0,Transient,114.92,0,0
City Hotel,0,180,2016,August,36,28,2,0,2,0.0,0,BB,ITA,Online TA,TA/TO,0,0,0,A,A,0,No Deposit,9.0,0,Transient,96.3,0,0
City Hotel,0,224,2016,August,35,22,3,5,2,0.0,0,BB,GBR,Online TA,TA/TO,0,0,0,A,A,0,No Deposit,11.0,0,Transient,72.76,0,0
City Hotel,0,96,2016,August,35,27,2,1,2,0.0,0,SC,IRL,Offline TA/TO,TA/TO,0,0,0,A,A,0,No Deposit,85.0,0,Transient,63.75,0,0
City Hotel,0,5,2017,January,2,11,0,2,2,0.0,0,BB,PRT,Corporate,Corporate,1,0,9,A,A,0,No Deposit,,0,Transient,65.0,0,1
City Hotel,0,7,2016,August,35,26,2,2,2,0.0,0,BB,NLD,Online TA,TA/TO,0,0,0,A,A,0,No Deposit,9.0,0,Transient,143.0,0,1
City Hotel,0,207,2016,August,34,20,4,6,2,0.0,0,BB,DEU,Offline TA/TO,TA/TO,0,0,0,A,A,0,No Deposit,22.0,0,Transient-Party,72.25,0,0
City Hotel,0,57,2016,August,36,29,1,0,2,0.0,0,SC,FRA,Online TA,TA/TO,0,0,0,A,D,1,No Deposit,9.0,0,Transient,99.0,0,1
City Hotel,0,1,2016,August,36,28,2,0,2,0.0,0,SC,ITA,Online TA,TA/TO,0,0,0,A,A,0,No Deposit,9.0,0,Transient,85.5,0,0
City Hotel,0,0,2016,August,36,29,1,0,2,0.0,0,BB,CHE,Online TA,TA/TO,0,0,0,D,D,0,No Deposit,9.0,0,Transient,164.0,0,0
City Hotel,0,139,2016,August,35,23,2,5,2,0.0,0,BB,FRA,Online TA,TA/TO,0,0,0,A,A,0,No Deposit,9.0,0,Transient,98.87,0,1
City Hotel,0,5,2016,August,36,29,1,0,2,0.0,0,SC,GBR,Offline TA/TO,TA/TO,0,0,0,A,E,0,No Deposit,138.0,0,Transient,75.0,0,0
City Hotel,0,1,2016,August,35,26,2,2,2,0.0,0,BB,GEO,Online TA,TA/TO,0,0,0,A,A,0,No Deposit,,0,Transient,96.3,0,0
City Hotel,0,71,2016,August,35,26,2,2,2,0.0,0,BB,GBR,Online TA,TA/TO,0,0,0,A,A,0,No Deposit,9.0,0,Transient,131.4,0,1
City Hotel,0,207,2016,August,34,20,4,6,2,0.0,0,BB,DEU,Offline TA/TO,TA/TO,0,0,0,A,A,0,No Deposit,22.0,0,Transient-Party,72.25,0,0
City Hotel,0,2,2016,August,35,23,2,5,2,0.0,0,SC,ESP,Online TA,TA/TO,0,0,0,A,A,0,No Deposit,89.0,0,Transient,86.28,0,0
City Hotel,0,158,2016,August,35,25,2,3,2,0.0,0,BB,ROU,Online TA,TA/TO,0,0,0,A,D,0,No Deposit,9.0,0,Transient,90.95,0,0
City Hotel,0,61,2016,August,36,28,2,0,2,0.0,0,BB,ESP,Direct,Direct,0,0,0,A,A,0,No Deposit,14.0,0,Transient,82.45,0,0
City Hotel,0,27,2016,August,36,30,0,1,2,0.0,0,BB,ESP,Direct,Direct,0,0,0,A,A,0,No Deposit,14.0,0,Group,93.5,0,0
City Hotel,0,7,2016,August,35,26,2,2,2,0.0,0,BB,NLD,Online TA,TA/TO,0,0,0,A,A,0,No Deposit,9.0,0,Transient,143.0,0,1
City Hotel,0,109,2016,August,35,26,2,2,2,0.0,0,BB,GBR,Offline TA/TO,TA/TO,0,0,0,A,A,0,No Deposit,132.0,0,Transient,72.25,0,0
City Hotel,0,19,2016,August,36,28,2,1,2,0.0,0,SC,USA,Online TA,TA/TO,0,0,0,A,A,0,No Deposit,9.0,0,Transient,113.0,0,2
City Hotel,0,66,2016,August,36,29,1,1,2,0.0,0,BB,DEU,Offline TA/TO,TA/TO,0,0,0,A,C,0,No Deposit,28.0,0,Transient,72.25,0,0
City Hotel,0,96,2016,August,36,28,2,1,2,0.0,0,HB,POL,Offline TA/TO,TA/TO,0,0,0,A,D,0,No Deposit,16.0,0,Transient,85.0,0,0
City Hotel,0,190,2016,August,35,22,3,6,2,0.0,0,HB,PRT,Online TA,TA/TO,0,0,0,A,A,1,No Deposit,9.0,0,Transient,128.92,0,0
City Hotel,0,36,2016,August,36,28,2,1,2,0.0,0,SC,FRA,Online TA,TA/TO,0,0,0,A,A,0,No Deposit,9.0,0,Transient,101.7,0,0
City Hotel,0,6,2016,August,35,26,2,3,2,0.0,0,BB,SRB,Online TA,TA/TO,0,0,0,D,D,0,No Deposit,7.0,0,Transient,101.73,0,1
City Hotel,0,184,2016,August,35,27,2,2,2,0.0,0,BB,NLD,Online TA,TA/TO,0,0,0,A,A,0,No Deposit,9.0,0,Transient,90.95,0,1
City Hotel,0,41,2016,August,36,28,2,1,2,0.0,0,BB,GBR,Offline TA/TO,TA/TO,0,0,0,A,A,0,No Deposit,85.0,0,Transient,76.5,0,0
City Hotel,0,185,2016,August,36,30,0,1,2,0.0,0,BB,CHE,Online TA,TA/TO,0,0,0,A,A,0,No Deposit,9.0,0,Transient,96.3,0,0
City Hotel,0,220,2016,August,36,29,1,1,2,0.0,0,SC,FRA,Online TA,TA/TO,0,0,0,A,B,0,No Deposit,9.0,0,Transient,85.5,0,0
City Hotel,0,138,2016,August,36,29,1,1,2,0.0,0,BB,DEU,Online TA,TA/TO,0,0,0,A,A,0,No Deposit,9.0,0,Transient,96.3,0,0
City Hotel,0,50,2016,August,36,29,1,1,2,0.0,0,BB,FRA,Online TA,TA/TO,0,0,0,A,A,0,No Deposit,9.0,0,Transient,109.8,0,0
City Hotel,0,21,2016,August,36,28,2,1,2,0.0,0,BB,DEU,Online TA,TA/TO,0,0,0,A,A,0,No Deposit,9.0,0,Transient,125.0,0,1
City Hotel,0,109,2016,August,36,29,1,1,2,0.0,0,BB,DEU,Offline TA/TO,TA/TO,0,0,0,A,A,0,No Deposit,22.0,0,Transient,72.25,0,0
City Hotel,0,163,2016,August,35,21,4,6,2,0.0,0,HB,DEU,Offline TA/TO,TA/TO,0,0,0,A,A,0,No Deposit,16.0,0,Transient-Party,72.25,0,1
City Hotel,0,163,2016,August,35,21,4,6,2,0.0,0,HB,PRT,Offline TA/TO,TA/TO,0,0,0,A,A,0,No Deposit,16.0,0,Transient-Party,72.25,0,1
City Hotel,0,196,2016,August,36,28,2,1,2,0.0,0,BB,DEU,Online TA,TA/TO,0,0,0,A,A,0,No Deposit,9.0,0,Transient-Party,105.3,0,0
City Hotel,0,38,2016,August,35,27,2,2,2,0.0,0,SC,ESP,Online TA,TA/TO,0,0,0,A,A,2,No Deposit,9.0,0,Transient,107.55,0,2
City Hotel,0,36,2016,August,36,28,2,1,2,0.0,0,BB,DEU,Offline TA/TO,TA/TO,0,0,0,A,A,0,No Deposit,138.0,0,Transient,67.5,0,2
City Hotel,0,61,2016,August,36,28,2,1,2,0.0,0,BB,DEU,Offline TA/TO,TA/TO,0,0,0,A,A,0,No Deposit,22.0,0,Transient,78.25,0,0
City Hotel,0,0,2016,August,35,27,2,2,2,0.0,0,BB,DEU,Online TA,TA/TO,0,0,0,D,D,0,No Deposit,9.0,0,Transient,129.83,0,1
City Hotel,0,2,2016,August,36,28,2,1,2,0.0,0,SC,FRA,Offline TA/TO,TA/TO,0,0,0,A,A,0,No Deposit,28.0,0,Transient,75.0,0,0
City Hotel,0,40,2016,August,36,28,2,1,2,0.0,0,BB,ITA,Online TA,TA/TO,0,0,0,A,A,0,No Deposit,9.0,0,Transient,112.5,0,1
City Hotel,0,188,2016,August,35,26,2,3,2,0.0,0,BB,DEU,Online TA,TA/TO,0,0,0,A,A,0,No Deposit,9.0,0,Transient,90.95,0,0
City Hotel,0,119,2016,August,35,24,2,5,2,0.0,0,BB,GBR,Direct,Direct,0,0,0,E,E,0,No Deposit,14.0,0,Transient,150.3,0,0
City Hotel,0,29,2016,August,36,30,0,1,2,0.0,0,BB,PRT,Online TA,TA/TO,0,0,0,A,A,0,No Deposit,9.0,0,Transient,122.0,0,2
City Hotel,0,4,2016,August,36,30,0,1,2,0.0,0,BB,PRT,Direct,Direct,0,0,0,A,A,0,No Deposit,14.0,0,Transient,129.0,0,0
City Hotel,0,1,2016,August,35,27,2,2,2,0.0,0,SC,AUS,Online TA,TA/TO,0,0,0,A,A,1,No Deposit,9.0,0,Transient,109.25,0,1
City Hotel,0,47,2016,August,36,28,2,1,2,0.0,0,BB,ESP,Offline TA/TO,TA/TO,0,0,0,A,A,0,No Deposit,138.0,0,Transient,72.25,0,0
City Hotel,0,36,2016,August,36,28,2,1,2,0.0,0,BB,DEU,Offline TA/TO,TA/TO,0,0,0,A,A,0,No Deposit,138.0,0,Transient,67.5,0,1
City Hotel,0,30,2016,August,36,29,1,1,2,0.0,0,BB,PRT,Online TA,TA/TO,0,0,0,A,A,0,No Deposit,9.0,0,Transient,122.85,1,1
City Hotel,0,1,2016,August,36,28,2,1,2,0.0,0,SC,ESP,Offline TA/TO,TA/TO,0,0,0,A,A,0,No Deposit,28.0,0,Transient,75.0,0,0
City Hotel,0,6,2016,August,36,28,2,1,2,0.0,0,BB,FRA,Offline TA/TO,TA/TO,0,0,0,A,A,0,No Deposit,28.0,0,Transient,85.0,0,0
City Hotel,0,0,2016,August,36,30,0,1,2,0.0,0,BB,AGO,Direct,Direct,0,0,0,E,E,0,No Deposit,14.0,0,Transient,175.0,0,1
City Hotel,0,94,2017,June,22,2,0,1,2,0.0,0,BB,PRT,Complementary,Direct,1,0,1,G,G,1,No Deposit,,0,Transient,0.0,1,4
City Hotel,0,94,2017,June,22,2,0,1,2,0.0,0,BB,PRT,Complementary,Direct,1,0,1,F,F,1,No Deposit,,0,Transient,0.0,1,4
City Hotel,0,216,2016,August,36,30,0,2,2,0.0,0,BB,GBR,Offline TA/TO,TA/TO,0,0,0,A,A,0,No Deposit,22.0,0,Transient,80.75,0,0
City Hotel,0,56,2016,August,36,28,2,2,2,0.0,0,SC,GBR,Online TA,TA/TO,0,0,0,A,A,0,No Deposit,7.0,0,Transient,72.42,0,1
City Hotel,0,216,2016,August,36,30,0,2,2,0.0,0,BB,GBR,Online TA,TA/TO,0,0,0,A,A,0,No Deposit,9.0,0,Transient,96.3,0,1
City Hotel,0,7,2016,August,36,31,0,1,2,0.0,0,BB,ESP,Online TA,TA/TO,0,0,0,A,A,0,No Deposit,7.0,0,Transient,107.03,0,2
City Hotel,0,3,2016,August,36,29,1,2,2,0.0,0,BB,FRA,Direct,Direct,0,0,0,A,A,0,No Deposit,,0,Transient,118.71,0,0
City Hotel,0,208,2016,August,36,29,1,2,2,0.0,0,BB,CN,Offline TA/TO,TA/TO,0,0,0,D,D,0,No Deposit,3.0,0,Transient,90.95,0,2
City Hotel,0,15,2016,August,36,29,1,2,2,0.0,0,SC,FRA,Online TA,TA/TO,0,0,0,A,A,0,No Deposit,9.0,0,Transient,118.0,0,1
City Hotel,0,181,2016,August,36,30,0,2,2,0.0,0,BB,ITA,Online TA,TA/TO,0,0,0,A,A,0,No Deposit,9.0,0,Transient,96.3,0,2
City Hotel,0,15,2016,August,36,29,1,2,2,0.0,0,BB,ESP,Online TA,TA/TO,0,0,0,A,A,0,No Deposit,83.0,0,Transient,113.0,1,0
City Hotel,0,10,2016,August,35,27,2,3,2,0.0,0,BB,ESP,Online TA,TA/TO,0,0,0,A,A,2,No Deposit,9.0,0,Transient,140.8,1,1
City Hotel,0,169,2016,August,35,27,2,3,2,0.0,0,BB,GBR,Online TA,TA/TO,0,0,0,A,A,0,No Deposit,9.0,0,Transient,90.95,0,2
City Hotel,0,18,2016,August,36,28,2,2,2,0.0,0,BB,FRA,Online TA,TA/TO,0,0,0,A,A,0,No Deposit,9.0,0,Transient,124.25,0,3
City Hotel,0,149,2016,August,35,27,2,3,2,0.0,0,BB,DEU,Offline TA/TO,TA/TO,0,0,0,A,A,0,No Deposit,22.0,0,Transient,80.75,0,0
City Hotel,0,30,2016,August,36,28,2,2,2,0.0,0,BB,ESP,Online TA,TA/TO,0,0,0,A,A,0,No Deposit,9.0,0,Transient,111.83,0,1
City Hotel,0,30,2016,August,36,28,2,2,2,0.0,0,BB,ESP,Online TA,TA/TO,0,0,0,A,A,0,No Deposit,9.0,0,Transient,111.83,0,1
City Hotel,0,141,2016,August,36,29,1,2,2,0.0,0,SC,ITA,Online TA,TA/TO,0,0,0,A,A,0,No Deposit,9.0,0,Transient,85.5,0,2
City Hotel,0,195,2016,August,36,30,0,2,2,0.0,0,BB,GBR,Online TA,TA/TO,0,0,0,D,D,0,No Deposit,9.0,0,Transient,109.8,0,0
City Hotel,0,15,2016,August,36,30,0,2,2,0.0,0,BB,CHN,Online TA,TA/TO,0,0,0,A,A,0,No Deposit,9.0,0,Transient,117.0,0,2
City Hotel,0,231,2016,August,36,28,2,2,2,0.0,0,BB,BEL,Online TA,TA/TO,0,0,0,A,A,0,No Deposit,9.0,0,Transient,90.95,0,0
City Hotel,0,0,2016,August,36,30,0,2,2,0.0,0,SC,USA,Online TA,TA/TO,0,0,0,A,A,0,No Deposit,152.0,0,Transient,77.71,0,0
City Hotel,0,197,2016,August,35,27,2,3,2,0.0,0,HB,GBR,Online TA,TA/TO,0,0,0,D,D,1,No Deposit,9.0,0,Transient,137.7,0,2
City Hotel,0,48,2016,August,36,29,1,2,2,0.0,0,BB,GBR,Online TA,TA/TO,0,0,0,A,A,0,No Deposit,9.0,0,Transient,112.5,0,0
City Hotel,0,60,2016,August,36,28,2,2,2,0.0,0,BB,RUS,Online TA,TA/TO,0,0,0,D,D,0,No Deposit,9.0,0,Transient,111.6,0,0
City Hotel,0,52,2016,August,36,29,1,2,2,0.0,0,SC,BEL,Online TA,TA/TO,0,0,0,A,A,0,No Deposit,9.0,0,Transient,108.0,0,1
City Hotel,0,163,2016,August,36,29,1,2,2,0.0,0,BB,GBR,Offline TA/TO,TA/TO,0,0,0,D,D,0,No Deposit,85.0,0,Transient,90.95,0,0
City Hotel,0,157,2016,August,36,28,2,2,2,0.0,0,BB,CHE,Offline TA/TO,TA/TO,0,0,0,A,A,0,No Deposit,16.0,0,Transient,80.75,0,2
City Hotel,0,157,2016,August,36,28,2,2,2,0.0,0,BB,CHE,Offline TA/TO,TA/TO,0,0,0,A,A,0,No Deposit,16.0,0,Transient,80.75,0,2
City Hotel,0,14,2016,August,36,31,0,1,2,0.0,0,BB,FRA,Online TA,TA/TO,0,0,0,A,A,1,No Deposit,9.0,0,Transient,124.0,0,1
City Hotel,0,36,2016,August,36,29,1,2,2,0.0,0,BB,FRA,Online TA,TA/TO,0,0,0,A,A,0,No Deposit,7.0,0,Transient,86.63,0,2
City Hotel,0,63,2016,August,36,30,0,2,2,0.0,0,HB,POL,Online TA,TA/TO,0,0,0,D,D,0,No Deposit,9.0,0,Transient,174.6,0,1
City Hotel,0,64,2016,September,36,1,2,5,2,0.0,0,BB,GBR,Online TA,TA/TO,0,0,0,A,A,10,No Deposit,9.0,0,Transient,82.67,0,3
City Hotel,0,1,2016,August,36,30,0,2,2,0.0,0,BB,FRA,Online TA,TA/TO,0,0,0,A,A,0,No Deposit,9.0,0,Transient,148.0,0,1
City Hotel,0,141,2016,August,36,30,0,3,2,0.0,0,BB,AUT,Online TA,TA/TO,0,0,0,A,A,0,No Deposit,9.0,0,Transient,106.5,0,1
City Hotel,0,12,2016,August,36,31,0,2,2,0.0,0,SC,PRT,Online TA,TA/TO,0,0,0,A,A,0,No Deposit,9.0,0,Transient,118.5,0,1
City Hotel,0,61,2016,August,36,29,1,3,2,0.0,0,BB,ESP,Online TA,TA/TO,0,0,0,A,A,0,No Deposit,9.0,0,Transient,107.1,1,0
City Hotel,0,45,2016,August,36,29,1,3,2,0.0,0,SC,FRA,Online TA,TA/TO,0,0,0,A,A,0,No Deposit,9.0,0,Transient,101.03,0,0
City Hotel,0,3,2016,August,36,29,1,3,2,0.0,0,BB,PRT,Online TA,TA/TO,0,0,0,A,A,0,No Deposit,9.0,0,Transient,146.5,0,2
City Hotel,0,200,2016,August,36,29,1,3,2,0.0,0,BB,BEL,Online TA,TA/TO,0,0,0,A,A,2,No Deposit,9.0,0,Transient,90.95,0,0
City Hotel,0,45,2016,August,36,31,0,2,2,0.0,0,SC,FRA,Online TA,TA/TO,0,0,0,A,A,0,No Deposit,9.0,0,Transient,108.0,0,1
City Hotel,0,0,2016,August,36,30,0,3,2,0.0,0,SC,FRA,Online TA,TA/TO,0,0,0,A,A,0,No Deposit,9.0,0,Transient,129.0,0,3
City Hotel,0,28,2016,August,36,29,1,3,2,0.0,0,BB,GBR,Online TA,TA/TO,0,0,0,A,A,0,No Deposit,9.0,0,Transient,118.15,0,0
City Hotel,0,21,2016,August,36,29,1,3,2,0.0,0,BB,DEU,Online TA,TA/TO,0,0,0,A,A,0,No Deposit,9.0,0,Transient,124.25,0,2
City Hotel,0,40,2016,September,36,1,0,1,2,0.0,0,BB,FRA,Online TA,TA/TO,0,0,0,A,A,0,No Deposit,9.0,0,Transient,109.8,0,2
City Hotel,0,26,2016,August,36,31,0,2,2,0.0,0,SC,CHE,Online TA,TA/TO,0,0,0,A,A,0,No Deposit,9.0,0,Transient,110.0,0,1
City Hotel,0,40,2016,August,36,30,0,3,2,0.0,0,BB,BEL,Online TA,TA/TO,0,0,0,A,A,0,No Deposit,7.0,0,Transient,80.32,0,1
City Hotel,0,27,2016,August,36,31,0,2,2,0.0,0,BB,GBR,Online TA,TA/TO,0,0,0,A,A,1,No Deposit,9.0,0,Transient,110.0,0,3
City Hotel,0,47,2016,August,36,28,2,3,2,0.0,0,HB,ESP,Online TA,TA/TO,0,0,0,A,A,0,No Deposit,15.0,0,Transient,116.5,0,2
City Hotel,0,1,2016,September,36,1,0,1,2,0.0,0,SC,GBR,Online TA,TA/TO,0,0,0,A,A,0,No Deposit,9.0,0,Transient,149.0,0,1
City Hotel,0,59,2016,August,36,29,1,3,2,0.0,0,BB,FRA,Online TA,TA/TO,0,0,0,A,A,0,No Deposit,9.0,0,Transient,109.8,0,1
City Hotel,0,85,2016,August,36,29,1,3,2,0.0,0,SC,BEL,Online TA,TA/TO,0,0,0,A,A,0,No Deposit,9.0,0,Transient,116.1,0,0
City Hotel,0,0,2016,September,36,1,0,1,2,0.0,0,SC,USA,Online TA,TA/TO,0,0,0,A,A,0,No Deposit,152.0,0,Transient,99.63,0,0
City Hotel,0,28,2016,August,36,29,1,3,2,0.0,0,BB,DEU,Online TA,TA/TO,0,0,0,A,A,0,No Deposit,7.0,0,Transient,90.98,0,0
City Hotel,0,33,2016,August,36,30,0,3,2,0.0,0,BB,DEU,Offline TA/TO,TA/TO,0,0,0,D,D,0,No Deposit,27.0,0,Transient,90.95,0,0
City Hotel,0,172,2016,August,36,28,2,3,2,0.0,0,BB,GBR,Direct,Direct,0,0,0,D,D,2,No Deposit,14.0,0,Transient-Party,98.6,0,0
City Hotel,0,6,2016,August,36,29,1,3,2,0.0,0,BB,DEU,Online TA,TA/TO,0,0,0,D,D,0,No Deposit,83.0,0,Transient,123.2,0,0
City Hotel,0,16,2016,August,36,28,2,3,2,0.0,0,BB,PRT,Offline TA/TO,TA/TO,0,0,0,D,D,0,No Deposit,168.0,0,Transient,107.0,0,0
City Hotel,0,20,2016,August,36,29,1,3,2,0.0,0,SC,CHE,Online TA,TA/TO,0,0,0,A,A,0,No Deposit,9.0,0,Transient,112.25,0,1
City Hotel,0,28,2016,September,36,1,0,1,2,0.0,0,SC,USA,Online TA,TA/TO,0,0,0,A,A,0,No Deposit,9.0,0,Transient,110.0,0,0
City Hotel,0,59,2016,August,36,28,2,3,2,0.0,0,SC,FRA,Online TA,TA/TO,0,0,0,A,A,0,No Deposit,9.0,0,Transient,87.3,0,1
City Hotel,0,42,2016,August,35,27,2,4,2,0.0,0,BB,FRA,Online TA,TA/TO,0,0,0,D,D,0,No Deposit,9.0,0,Transient,147.9,0,2
City Hotel,0,8,2016,September,36,1,0,1,2,0.0,0,SC,CHE,Online TA,TA/TO,0,0,0,A,A,0,No Deposit,9.0,0,Transient,119.0,0,0
City Hotel,0,64,2016,August,35,23,2,8,2,0.0,0,BB,DEU,Offline TA/TO,TA/TO,0,0,0,A,A,0,No Deposit,,0,Transient,105.93,0,0
City Hotel,0,172,2016,August,36,28,2,3,2,0.0,0,BB,GBR,Direct,Direct,0,0,0,D,D,2,No Deposit,14.0,0,Transient-Party,98.6,0,0
City Hotel,0,23,2016,August,36,30,0,3,2,0.0,0,BB,ITA,Direct,Direct,0,0,0,A,A,0,No Deposit,14.0,0,Transient,93.5,0,2
City Hotel,0,50,2016,August,36,29,1,3,2,0.0,0,BB,GBR,Offline TA/TO,TA/TO,0,0,0,A,B,0,No Deposit,83.0,0,Transient,87.84,0,0
City Hotel,0,10,2016,September,36,1,0,1,2,0.0,0,BB,PRT,Offline TA/TO,TA/TO,0,0,0,A,B,0,No Deposit,118.0,0,Transient-Party,95.0,0,1
City Hotel,0,5,2016,August,36,28,2,3,2,0.0,0,BB,FRA,Direct,Direct,0,0,0,D,D,2,No Deposit,14.0,0,Transient,110.01,0,0
City Hotel,0,54,2016,August,36,28,2,3,2,0.0,0,HB,BEL,Online TA,TA/TO,0,0,0,A,A,0,No Deposit,9.0,0,Transient,144.0,0,0
City Hotel,0,0,2016,August,36,31,0,2,2,0.0,0,SC,CHE,Online TA,TA/TO,0,0,0,A,A,0,No Deposit,9.0,0,Transient,139.0,0,2
City Hotel,0,0,2016,August,35,26,2,5,2,0.0,0,BB,FRA,Direct,Direct,0,0,0,D,D,0,No Deposit,,0,Transient,159.0,0,0
City Hotel,0,6,2016,August,36,29,1,3,2,0.0,0,BB,FRA,Direct,Direct,0,0,0,A,A,1,No Deposit,14.0,0,Transient,112.88,0,0
City Hotel,0,5,2016,August,36,29,1,3,2,0.0,0,BB,POL,Online TA,TA/TO,0,0,0,A,A,0,No Deposit,9.0,0,Transient,139.0,0,1
City Hotel,0,125,2016,August,36,29,1,3,2,0.0,0,BB,DEU,Offline TA/TO,TA/TO,0,0,0,A,B,0,No Deposit,85.0,0,Transient,89.75,0,0
City Hotel,0,0,2016,August,35,26,2,5,2,0.0,0,BB,FRA,Direct,Direct,0,0,0,A,A,0,No Deposit,,0,Transient,159.0,0,0
City Hotel,0,44,2016,August,36,28,2,3,2,0.0,0,BB,GBR,Offline TA/TO,TA/TO,0,0,0,A,A,0,No Deposit,85.0,0,Transient,85.5,0,3
City Hotel,0,21,2016,August,36,31,0,2,2,0.0,0,SC,ESP,Online TA,TA/TO,0,0,0,A,A,0,No Deposit,9.0,0,Transient,110.0,0,2
City Hotel,0,31,2016,August,36,28,2,3,2,0.0,0,HB,FRA,Offline TA/TO,TA/TO,0,0,0,A,A,0,No Deposit,168.0,0,Transient,108.3,0,0
City Hotel,0,39,2016,August,36,28,2,3,2,0.0,0,SC,FRA,Online TA,TA/TO,0,0,0,A,A,0,No Deposit,9.0,0,Transient,100.62,0,0
City Hotel,0,35,2016,September,36,1,0,1,2,0.0,0,SC,AUT,Online TA,TA/TO,0,0,0,A,K,1,No Deposit,9.0,0,Transient,99.0,0,1
City Hotel,0,17,2016,September,36,2,0,1,2,0.0,0,SC,FRA,Online TA,TA/TO,0,0,0,A,B,1,No Deposit,9.0,0,Transient,118.0,0,0
City Hotel,0,54,2016,August,36,29,1,4,2,0.0,0,BB,GBR,Online TA,TA/TO,0,0,0,A,A,1,No Deposit,9.0,0,Transient,109.8,0,1
City Hotel,0,3,2016,September,36,2,0,1,2,0.0,0,SC,GBR,Online TA,TA/TO,0,0,0,A,A,0,No Deposit,9.0,0,Transient,129.0,0,3
City Hotel,0,35,2016,August,36,30,0,4,2,0.0,0,BB,BEL,Online TA,TA/TO,0,0,0,A,A,1,No Deposit,9.0,0,Transient,119.0,0,2
City Hotel,0,70,2016,August,36,31,0,3,2,0.0,0,BB,DEU,Offline TA/TO,TA/TO,0,0,0,A,A,0,No Deposit,168.0,0,Transient,80.75,0,0
City Hotel,0,74,2016,August,36,29,1,4,2,0.0,0,SC,NOR,Offline TA/TO,TA/TO,0,0,0,A,A,1,No Deposit,168.0,0,Transient,72.25,0,0
City Hotel,0,54,2016,August,36,30,0,4,2,0.0,0,BB,DEU,Online TA,TA/TO,0,0,0,A,A,0,No Deposit,9.0,0,Transient,109.8,0,3
City Hotel,0,180,2016,August,35,27,2,5,2,0.0,0,BB,PRT,Offline TA/TO,TA/TO,0,0,0,D,D,0,No Deposit,22.0,0,Transient,90.95,0,0
City Hotel,0,28,2016,September,36,1,0,2,2,0.0,0,SC,CHN,Online TA,TA/TO,0,0,0,A,A,0,No Deposit,9.0,0,Transient,99.0,0,0
City Hotel,0,191,2016,August,36,30,0,4,2,0.0,0,BB,USA,Online TA,TA/TO,0,0,0,D,D,1,No Deposit,7.0,0,Transient,84.43,0,1
City Hotel,0,41,2016,September,36,2,0,1,2,0.0,0,SC,DEU,Online TA,TA/TO,0,0,0,A,A,0,No Deposit,9.0,0,Transient,99.0,0,0
City Hotel,0,38,2016,September,36,2,0,1,2,0.0,0,SC,CN,Online TA,TA/TO,0,0,0,A,A,0,No Deposit,7.0,0,Transient,76.23,0,1
City Hotel,0,30,2016,August,36,31,0,3,2,0.0,0,BB,ESP,Online TA,TA/TO,0,0,0,A,A,2,No Deposit,9.0,0,Transient,120.53,0,2
City Hotel,0,21,2016,August,36,28,2,4,2,0.0,0,BB,ESP,Online TA,TA/TO,0,0,0,A,A,0,No Deposit,9.0,0,Transient,123.5,0,0
City Hotel,0,33,2016,August,36,29,1,4,2,0.0,0,BB,BEL,Online TA,TA/TO,0,0,0,A,A,0,No Deposit,9.0,0,Transient,111.42,0,1
City Hotel,0,36,2016,September,36,1,0,2,2,0.0,0,SC,IRL,Online TA,TA/TO,0,0,0,A,A,0,No Deposit,9.0,0,Transient,99.0,0,2
City Hotel,0,30,2016,September,36,1,0,2,2,0.0,0,HB,ESP,Online TA,TA/TO,0,0,0,A,A,0,No Deposit,9.0,0,Transient,153.0,0,2
City Hotel,0,8,2016,September,36,2,0,1,2,0.0,0,SC,GBR,Online TA,TA/TO,0,0,0,A,A,0,No Deposit,9.0,0,Transient,119.0,0,1
City Hotel,0,222,2016,August,36,31,0,3,2,0.0,0,BB,DEU,Online TA,TA/TO,0,0,0,A,A,0,No Deposit,9.0,0,Transient,96.3,0,1
City Hotel,0,38,2016,September,36,2,0,1,2,0.0,0,BB,NLD,Online TA,TA/TO,0,0,0,A,A,0,No Deposit,9.0,0,Transient,109.8,0,0
City Hotel,0,222,2016,August,36,31,0,3,2,0.0,0,BB,DEU,Online TA,TA/TO,0,0,0,A,A,0,No Deposit,9.0,0,Transient,96.3,0,1
City Hotel,0,47,2016,August,36,30,0,4,2,0.0,0,BB,FRA,Online TA,TA/TO,0,0,0,A,A,0,No Deposit,9.0,0,Transient,109.8,0,2
City Hotel,0,44,2016,August,36,31,0,3,2,0.0,0,SC,BEL,Online TA,TA/TO,0,0,0,A,A,0,No Deposit,9.0,0,Transient,99.0,0,1
City Hotel,0,35,2016,August,36,31,0,3,2,0.0,0,SC,DEU,Online TA,TA/TO,0,0,0,A,A,0,No Deposit,9.0,0,Transient,108.0,1,0
City Hotel,0,90,2016,August,36,31,0,3,2,0.0,0,BB,BEL,Online TA,TA/TO,0,0,0,A,A,0,No Deposit,9.0,0,Transient,129.9,0,2
City Hotel,0,35,2016,August,36,30,0,4,2,0.0,0,BB,BEL,Online TA,TA/TO,0,0,0,A,A,1,No Deposit,9.0,0,Transient,119.0,0,1
City Hotel,0,30,2016,August,36,30,0,4,2,0.0,0,BB,NLD,Online TA,TA/TO,0,0,0,A,A,0,No Deposit,9.0,0,Transient,109.8,0,2
City Hotel,0,76,2016,August,36,30,0,4,2,0.0,0,BB,ESP,Offline TA/TO,TA/TO,0,0,0,A,A,0,No Deposit,85.0,0,Transient,89.75,0,0
City Hotel,0,3,2016,September,36,2,0,1,2,0.0,0,BB,GBR,Direct,Direct,0,0,0,D,D,0,No Deposit,14.0,0,Transient,140.0,0,1
City Hotel,0,32,2016,September,36,2,0,1,2,0.0,0,SC,IRL,Online TA,TA/TO,0,0,0,A,A,0,No Deposit,7.0,0,Transient,72.42,0,1
City Hotel,0,24,2016,August,36,31,0,3,2,0.0,0,SC,FRA,Online TA,TA/TO,0,0,0,A,A,0,No Deposit,9.0,0,Transient,110.0,0,0
City Hotel,0,6,2016,August,36,31,0,3,2,0.0,0,BB,BEL,Direct,Direct,0,0,0,A,A,0,No Deposit,,0,Transient-Party,119.0,0,1
City Hotel,0,2,2016,August,36,31,0,3,2,0.0,0,BB,GBR,Online TA,TA/TO,0,0,0,A,A,1,No Deposit,9.0,0,Transient,139.0,0,1
City Hotel,0,45,2016,September,36,1,0,2,2,0.0,0,BB,DEU,Online TA,TA/TO,0,0,0,A,A,1,No Deposit,9.0,0,Transient,118.8,0,2
City Hotel,0,235,2016,August,36,31,0,3,2,0.0,0,SC,GBR,Online TA,TA/TO,0,0,0,A,A,0,No Deposit,9.0,0,Transient,94.5,1,1
City Hotel,0,46,2016,August,36,28,2,4,2,0.0,0,BB,FRA,Online TA,TA/TO,0,0,0,A,A,0,No Deposit,7.0,0,Transient,81.31,0,0
City Hotel,0,34,2016,August,35,27,2,5,2,0.0,0,SC,FRA,Online TA,TA/TO,0,0,0,A,A,0,No Deposit,9.0,0,Transient,103.89,0,1
City Hotel,0,35,2016,August,36,31,0,3,2,0.0,0,SC,ESP,Online TA,TA/TO,0,0,0,A,A,0,No Deposit,9.0,0,Transient,99.0,0,0
City Hotel,0,6,2016,August,36,31,0,3,2,0.0,0,BB,BEL,Direct,Direct,0,0,0,A,A,0,No Deposit,,0,Transient-Party,119.0,0,1
City Hotel,0,3,2016,September,36,2,0,1,2,0.0,0,BB,USA,Direct,Direct,0,0,0,D,D,0,No Deposit,14.0,0,Transient,140.0,0,1
City Hotel,0,53,2016,September,36,1,0,2,2,0.0,0,SC,CHN,Online TA,TA/TO,0,0,0,A,B,1,No Deposit,9.0,0,Transient,89.1,0,2
City Hotel,0,12,2016,September,36,2,0,1,2,0.0,0,SC,PRT,Online TA,TA/TO,0,0,0,A,A,0,No Deposit,9.0,0,Transient,119.0,0,2
City Hotel,0,0,2016,September,36,2,0,1,2,0.0,0,SC,PRT,Direct,Direct,0,0,0,A,D,0,No Deposit,,0,Transient,149.0,0,0
City Hotel,0,30,2016,August,36,30,0,4,2,0.0,0,BB,FRA,Online TA,TA/TO,0,0,0,A,A,0,No Deposit,7.0,0,Transient,84.55,0,2
City Hotel,0,46,2016,September,36,1,0,2,2,0.0,0,SC,ESP,Online TA,TA/TO,0,0,0,A,B,1,No Deposit,9.0,0,Transient,99.0,0,1
City Hotel,0,49,2016,September,36,2,0,1,2,0.0,0,BB,ESP,Online TA,TA/TO,0,0,0,A,A,0,No Deposit,9.0,0,Transient,109.8,0,3
City Hotel,0,216,2016,August,36,30,0,4,2,0.0,0,BB,NLD,Offline TA/TO,TA/TO,0,0,0,D,D,0,No Deposit,85.0,0,Transient,86.7,0,0
City Hotel,0,46,2016,August,36,29,1,4,2,0.0,0,SC,PRT,Online TA,TA/TO,0,0,0,A,A,0,No Deposit,9.0,0,Transient,100.62,0,0
City Hotel,0,3,2016,September,36,2,0,1,2,0.0,0,SC,GBR,Online TA,TA/TO,0,0,0,A,A,0,No Deposit,152.0,0,Transient,86.35,0,0
City Hotel,0,28,2016,August,36,30,0,4,2,0.0,0,SC,NLD,Online TA,TA/TO,0,0,0,A,A,0,No Deposit,9.0,0,Transient,104.5,0,2
City Hotel,0,185,2016,August,36,28,2,4,2,0.0,0,SC,GBR,Online TA,TA/TO,0,0,0,A,A,0,No Deposit,11.0,0,Transient,61.0,0,0
City Hotel,0,59,2016,August,36,31,0,3,2,0.0,0,BB,DEU,Online TA,TA/TO,0,0,0,A,A,0,No Deposit,9.0,0,Transient,109.8,0,1
City Hotel,0,0,2016,September,36,2,0,1,2,0.0,0,SC,USA,Online TA,TA/TO,0,0,0,A,B,0,No Deposit,152.0,0,Transient,94.1,0,0
City Hotel,0,8,2016,September,36,2,0,1,2,0.0,0,SC,GBR,Online TA,TA/TO,0,0,0,A,A,0,No Deposit,9.0,0,Transient,119.0,0,1
City Hotel,0,8,2016,September,36,2,0,1,2,0.0,0,SC,GBR,Online TA,TA/TO,0,0,0,A,A,0,No Deposit,9.0,0,Transient,119.0,0,1
City Hotel,0,15,2016,August,36,31,0,4,2,0.0,0,BB,ITA,Online TA,TA/TO,0,0,0,D,D,0,No Deposit,8.0,0,Transient,116.0,0,1
City Hotel,0,144,2016,September,36,1,0,3,2,0.0,0,BB,NOR,Online TA,TA/TO,0,0,0,D,D,0,No Deposit,9.0,0,Transient,149.4,0,2
City Hotel,0,50,2016,September,36,1,0,3,2,0.0,0,BB,FRA,Direct,Direct,0,0,0,E,E,0,No Deposit,14.0,0,Transient,158.0,0,0
City Hotel,0,78,2016,September,36,1,0,3,2,0.0,0,BB,BRA,Online TA,TA/TO,0,0,0,D,D,0,No Deposit,9.0,0,Transient,149.4,0,1
City Hotel,0,0,2016,August,36,31,0,4,2,0.0,0,BB,FRA,Offline TA/TO,TA/TO,0,0,0,A,A,1,No Deposit,3.0,0,Transient,95.0,0,0
City Hotel,0,66,2016,September,36,2,0,2,2,0.0,0,SC,ITA,Online TA,TA/TO,0,0,0,A,A,0,No Deposit,9.0,0,Transient,87.3,0,2
City Hotel,0,66,2016,September,36,3,0,1,2,0.0,0,SC,ESP,Online TA,TA/TO,0,0,0,A,D,1,No Deposit,9.0,0,Transient,96.3,1,1
City Hotel,0,64,2016,September,36,2,0,2,2,0.0,0,BB,CN,Direct,Direct,0,0,0,A,A,0,No Deposit,14.0,0,Transient,82.45,0,0
City Hotel,0,66,2016,August,36,31,0,4,2,0.0,0,SC,GBR,Online TA,TA/TO,0,0,0,A,A,0,No Deposit,9.0,0,Transient,120.6,0,0
City Hotel,0,317,2016,September,36,1,0,3,2,0.0,0,BB,DEU,Online TA,TA/TO,0,0,0,A,B,1,No Deposit,9.0,0,Contract,106.2,0,1
City Hotel,0,317,2016,September,36,1,0,3,2,0.0,0,BB,DEU,Online TA,TA/TO,0,0,0,A,B,1,No Deposit,9.0,0,Contract,106.2,0,1
City Hotel,0,182,2016,September,36,3,0,1,2,0.0,0,BB,USA,Online TA,TA/TO,0,0,0,A,A,0,No Deposit,7.0,0,Transient,97.71,0,1
City Hotel,0,111,2016,September,36,1,0,3,2,0.0,0,SC,NLD,Online TA,TA/TO,0,0,0,A,A,0,No Deposit,7.0,0,Transient,86.9,0,1
City Hotel,0,59,2016,September,36,1,0,3,2,0.0,0,BB,FRA,Online TA,TA/TO,0,0,0,D,D,0,No Deposit,9.0,0,Transient,123.3,0,2
City Hotel,0,308,2016,September,36,1,0,3,2,0.0,0,SC,CHE,Online TA,TA/TO,0,0,0,A,A,0,No Deposit,11.0,0,Transient,68.69,0,0
City Hotel,0,188,2016,September,36,1,0,3,2,0.0,0,SC,GBR,Online TA,TA/TO,0,0,0,A,C,0,No Deposit,9.0,0,Transient,116.1,0,1
City Hotel,0,66,2016,September,36,1,0,3,2,0.0,0,BB,ESP,Online TA,TA/TO,0,0,0,A,A,0,No Deposit,9.0,0,Transient,132.9,0,1
City Hotel,0,66,2016,September,36,1,0,3,2,0.0,0,BB,ESP,Online TA,TA/TO,0,0,0,A,A,0,No Deposit,9.0,0,Transient,141.9,0,1
City Hotel,0,44,2016,September,36,3,0,1,2,0.0,0,BB,PRT,Direct,Direct,0,0,0,D,E,1,No Deposit,14.0,0,Transient,113.05,0,0
City Hotel,0,213,2016,August,36,31,0,4,2,0.0,0,BB,DEU,Online TA,TA/TO,0,0,0,D,D,0,No Deposit,9.0,0,Transient-Party,118.15,0,1
City Hotel,0,15,2016,August,36,31,0,4,2,0.0,0,BB,FRA,Online TA,TA/TO,0,0,0,A,A,0,No Deposit,9.0,0,Transient,139.0,0,1
City Hotel,0,213,2016,August,36,31,0,4,2,0.0,0,BB,DEU,Online TA,TA/TO,0,0,0,D,D,0,No Deposit,9.0,0,Transient-Party,118.15,0,1
City Hotel,0,62,2016,September,36,1,0,3,2,0.0,0,BB,ITA,Online TA,TA/TO,0,0,0,A,A,0,No Deposit,9.0,0,Transient,109.8,0,1
City Hotel,0,200,2016,August,36,31,0,4,2,0.0,0,BB,FRA,Online TA,TA/TO,0,0,0,A,A,0,No Deposit,9.0,0,Transient,105.4,0,1
City Hotel,0,11,2016,September,36,2,0,2,2,0.0,0,SC,FRA,Online TA,TA/TO,0,0,0,A,A,0,No Deposit,9.0,0,Transient,124.0,0,1
City Hotel,0,87,2016,August,36,31,0,4,2,0.0,0,BB,FRA,Online TA,TA/TO,0,0,0,A,A,0,No Deposit,9.0,0,Transient,131.4,0,2
City Hotel,0,15,2016,September,36,2,0,2,2,0.0,0,BB,CHE,Online TA,TA/TO,0,0,0,A,A,0,No Deposit,9.0,0,Transient,138.0,0,2
City Hotel,0,40,2016,August,36,31,0,4,2,0.0,0,BB,DEU,Offline TA/TO,TA/TO,0,0,0,A,A,0,No Deposit,168.0,0,Transient,85.5,0,0
City Hotel,0,40,2016,August,36,31,0,4,2,0.0,0,BB,DEU,Offline TA/TO,TA/TO,0,0,0,A,A,0,No Deposit,168.0,0,Transient,85.5,0,0
City Hotel,0,66,2016,September,36,1,0,3,2,0.0,0,BB,ESP,Online TA,TA/TO,0,0,0,A,A,0,No Deposit,9.0,0,Transient,141.9,0,1
City Hotel,0,156,2016,August,36,29,1,5,2,0.0,0,BB,BEL,Online TA,TA/TO,0,0,0,A,A,0,No Deposit,9.0,0,Transient,111.6,0,0
City Hotel,0,53,2016,September,36,1,0,3,2,0.0,0,BB,DEU,Online TA,TA/TO,0,0,0,D,D,0,No Deposit,9.0,0,Transient,123.3,0,2
City Hotel,0,46,2016,August,36,28,2,5,2,0.0,0,BB,TUR,Online TA,TA/TO,0,0,0,D,D,0,No Deposit,9.0,0,Transient,124.46,0,0
City Hotel,0,57,2016,September,36,2,0,2,2,0.0,0,BB,GBR,Online TA,TA/TO,0,0,0,D,D,0,No Deposit,9.0,0,Transient,123.3,0,1
City Hotel,0,220,2016,September,36,2,0,2,2,0.0,0,BB,RUS,Online TA,TA/TO,0,0,0,A,A,0,No Deposit,9.0,0,Transient,96.3,0,1
City Hotel,0,150,2016,August,36,30,0,5,2,0.0,0,BB,FRA,Online TA,TA/TO,0,0,0,A,A,0,No Deposit,9.0,0,Transient,114.66,0,1
City Hotel,0,60,2016,September,36,1,0,3,2,0.0,0,BB,ESP,Online TA,TA/TO,0,0,0,D,D,0,No Deposit,9.0,0,Transient,123.3,0,2
City Hotel,0,24,2016,September,36,1,0,3,2,0.0,0,BB,NLD,Online TA,TA/TO,0,0,0,A,A,0,No Deposit,9.0,0,Transient,122.0,0,0
City Hotel,0,43,2016,August,36,31,0,4,2,0.0,0,BB,DEU,Offline TA/TO,TA/TO,0,0,0,A,A,0,No Deposit,85.0,0,Transient,85.5,0,0
City Hotel,0,62,2016,September,36,1,0,3,2,0.0,0,BB,IRL,Online TA,TA/TO,0,0,0,A,A,0,No Deposit,9.0,0,Transient,109.8,0,1
City Hotel,0,1,2016,September,36,3,0,1,2,0.0,0,SC,BEL,Online TA,TA/TO,0,0,0,A,A,0,No Deposit,9.0,0,Transient,149.0,0,1
City Hotel,0,40,2016,August,36,28,2,5,2,0.0,0,BB,AUT,Online TA,TA/TO,0,0,0,A,A,1,No Deposit,9.0,0,Transient-Party,100.16,0,0
City Hotel,0,59,2016,August,36,31,0,4,2,0.0,0,BB,DEU,Online TA,TA/TO,0,0,0,A,A,0,No Deposit,9.0,0,Transient,109.8,0,1
City Hotel,0,23,2016,August,36,31,0,4,2,0.0,0,SC,VEN,Online TA,TA/TO,0,0,0,A,D,0,No Deposit,9.0,0,Transient,110.0,0,2
City Hotel,0,50,2016,September,36,1,0,3,2,0.0,0,BB,GBR,Online TA,TA/TO,0,0,0,D,D,0,No Deposit,15.0,0,Transient,98.64,0,0
City Hotel,0,40,2016,August,36,31,0,4,2,0.0,0,HB,DEU,Offline TA/TO,TA/TO,0,0,0,A,A,0,No Deposit,168.0,0,Transient,113.25,0,0
City Hotel,0,0,2016,September,36,3,0,1,2,0.0,0,SC,BEL,Direct,Direct,0,0,0,A,A,0,No Deposit,14.0,0,Transient,139.13,0,0
City Hotel,0,62,2016,September,36,3,0,1,2,0.0,0,BB,USA,Online TA,TA/TO,0,0,0,A,A,0,No Deposit,8.0,0,Transient,109.8,0,1
City Hotel,0,63,2016,September,36,3,0,1,2,0.0,0,BB,GBR,Online TA,TA/TO,0,0,0,A,D,1,No Deposit,9.0,0,Transient,109.8,0,1
City Hotel,0,55,2016,September,36,2,1,2,2,0.0,0,BB,POL,Online TA,TA/TO,0,0,0,D,D,2,No Deposit,9.0,0,Transient,123.3,0,1
City Hotel,0,55,2016,September,36,2,1,2,2,0.0,0,BB,POL,Online TA,TA/TO,0,0,0,A,A,1,No Deposit,9.0,0,Transient,109.8,0,1
City Hotel,0,63,2016,September,37,4,1,0,2,0.0,0,SC,PRT,Online TA,TA/TO,0,0,0,A,A,0,No Deposit,8.0,0,Transient,99.0,0,1
City Hotel,0,51,2016,August,36,29,2,5,2,0.0,0,BB,BEL,Online TA,TA/TO,0,0,0,D,D,0,No Deposit,9.0,0,Transient,123.3,0,0
City Hotel,0,68,2016,August,36,30,1,5,2,0.0,0,BB,FRA,Online TA,TA/TO,0,0,0,A,A,0,No Deposit,9.0,0,Transient,131.4,0,1
City Hotel,0,217,2016,September,36,1,1,3,2,0.0,0,BB,DEU,Offline TA/TO,TA/TO,0,0,0,A,A,0,No Deposit,27.0,0,Transient-Party,80.75,0,1
City Hotel,0,5,2016,September,36,3,1,1,2,0.0,0,HB,ITA,Groups,TA/TO,0,0,0,A,A,2,No Deposit,1.0,0,Transient-Party,96.0,0,1
City Hotel,0,142,2016,August,36,29,2,5,2,0.0,0,BB,NOR,Direct,Direct,0,0,0,A,A,0,No Deposit,14.0,0,Transient,133.0,0,0
City Hotel,0,233,2016,September,36,3,1,1,2,0.0,0,HB,ITA,Groups,TA/TO,0,0,0,A,A,0,No Deposit,1.0,0,Transient-Party,96.0,0,1
City Hotel,0,52,2016,September,36,1,1,3,2,0.0,0,HB,ESP,Online TA,TA/TO,0,0,0,D,D,0,No Deposit,9.0,0,Transient,166.5,1,2
City Hotel,0,143,2016,August,36,31,1,4,2,0.0,0,BB,NOR,Online TA,TA/TO,0,0,0,A,A,0,No Deposit,7.0,0,Transient,101.31,0,1
City Hotel,0,233,2016,September,36,3,1,1,2,0.0,0,HB,ITA,Groups,TA/TO,0,0,0,A,A,0,No Deposit,1.0,0,Transient-Party,96.0,0,1
City Hotel,0,5,2016,September,36,3,1,1,2,0.0,0,HB,ITA,Groups,TA/TO,0,0,0,A,A,0,No Deposit,1.0,0,Transient-Party,96.0,0,1
City Hotel,0,138,2016,September,36,3,1,1,2,0.0,0,HB,ITA,Groups,TA/TO,0,0,0,A,A,0,No Deposit,1.0,0,Transient-Party,96.0,0,1
City Hotel,0,233,2016,September,36,3,1,1,2,0.0,0,HB,ITA,Groups,TA/TO,0,0,0,A,A,0,No Deposit,1.0,0,Transient-Party,96.0,0,1
City Hotel,0,138,2016,September,36,3,1,1,2,0.0,0,HB,ITA,Groups,TA/TO,0,0,0,A,A,0,No Deposit,1.0,0,Transient-Party,96.0,0,1
City Hotel,0,233,2016,September,36,3,1,1,2,0.0,0,HB,PRT,Groups,TA/TO,0,0,0,A,A,0,No Deposit,1.0,0,Transient-Party,96.0,0,1
City Hotel,0,138,2016,September,36,3,1,1,2,0.0,0,HB,ITA,Groups,TA/TO,0,0,0,A,A,0,No Deposit,1.0,0,Transient-Party,96.0,0,1
City Hotel,0,5,2016,September,36,3,1,1,2,0.0,0,HB,ITA,Groups,TA/TO,0,0,0,A,A,0,No Deposit,1.0,0,Transient-Party,96.0,0,1
City Hotel,0,138,2016,September,36,3,1,1,2,0.0,0,HB,ITA,Groups,TA/TO,0,0,0,A,A,0,No Deposit,1.0,0,Transient-Party,96.0,0,1
City Hotel,0,149,2016,September,36,2,1,2,2,0.0,0,BB,PRT,Offline TA/TO,TA/TO,0,0,0,A,A,0,No Deposit,22.0,0,Transient,80.75,0,0
City Hotel,0,233,2016,September,36,3,1,1,2,0.0,0,HB,ITA,Groups,TA/TO,0,0,0,A,A,0,No Deposit,1.0,0,Transient-Party,96.0,0,1
City Hotel,0,18,2016,September,36,3,1,1,2,0.0,0,SC,AUS,Online TA,TA/TO,0,0,0,A,A,0,No Deposit,9.0,0,Transient,127.0,1,2
City Hotel,0,64,2016,September,36,1,1,3,2,0.0,0,BB,CHE,Online TA,TA/TO,0,0,0,A,A,0,No Deposit,9.0,0,Transient,107.1,1,2
City Hotel,0,233,2016,September,36,3,1,1,2,0.0,0,HB,ITA,Groups,TA/TO,0,0,0,A,A,0,No Deposit,1.0,0,Transient-Party,96.0,0,1
City Hotel,0,233,2016,September,36,3,1,1,2,0.0,0,HB,ITA,Groups,TA/TO,0,0,0,A,A,0,No Deposit,1.0,0,Transient-Party,96.0,0,1
City Hotel,0,44,2016,August,36,29,2,5,2,0.0,0,BB,RUS,Online TA,TA/TO,0,0,0,D,D,0,No Deposit,9.0,0,Transient,124.46,0,0
City Hotel,0,217,2016,September,36,1,1,3,2,0.0,0,BB,DEU,Offline TA/TO,TA/TO,0,0,0,A,A,0,No Deposit,27.0,0,Transient-Party,80.75,0,1
City Hotel,0,226,2016,September,36,1,1,3,2,0.0,0,BB,DEU,Offline TA/TO,TA/TO,0,0,0,A,A,1,No Deposit,27.0,0,Transient-Party,80.75,0,1
City Hotel,0,26,2016,September,37,4,1,0,2,0.0,0,BB,THA,Online TA,TA/TO,0,0,0,A,A,0,No Deposit,9.0,0,Transient,122.0,0,2
City Hotel,0,66,2016,September,36,2,1,2,2,0.0,0,SC,COL,Online TA,TA/TO,0,0,0,A,A,0,No Deposit,9.0,0,Transient,87.3,0,1
City Hotel,0,6,2016,September,37,4,1,0,2,0.0,0,SC,BEL,Direct,Direct,0,0,0,A,A,0,No Deposit,14.0,0,Transient,121.63,0,0
City Hotel,0,61,2016,September,36,1,1,3,2,0.0,0,BB,AUT,Online TA,TA/TO,0,0,0,A,A,1,No Deposit,9.0,0,Transient,109.8,0,2
City Hotel,0,17,2016,September,37,4,1,0,2,0.0,0,BB,IRL,Online TA,TA/TO,0,0,0,A,A,0,No Deposit,9.0,0,Transient,138.0,0,2
City Hotel,0,53,2016,August,36,29,2,5,2,0.0,0,BB,DEU,Direct,Direct,0,0,0,D,D,0,No Deposit,14.0,0,Transient,113.05,0,0
City Hotel,0,41,2016,August,36,31,1,4,2,0.0,0,BB,FRA,Online TA,TA/TO,0,0,0,D,A,0,No Deposit,9.0,0,Transient,123.3,0,2
City Hotel,0,83,2016,September,37,4,1,0,2,0.0,0,BB,PRT,Offline TA/TO,TA/TO,0,0,0,E,E,0,No Deposit,42.0,0,Transient,101.15,0,1
City Hotel,0,83,2016,September,37,4,1,0,2,0.0,0,BB,PRT,Offline TA/TO,TA/TO,0,0,0,E,E,0,No Deposit,42.0,0,Transient,101.15,0,1
City Hotel,0,227,2016,August,36,29,2,5,2,0.0,0,BB,DEU,Offline TA/TO,TA/TO,0,0,0,A,A,0,No Deposit,27.0,0,Transient,80.75,0,0
City Hotel,0,230,2016,September,36,2,1,2,2,0.0,0,BB,DEU,Online TA,TA/TO,0,0,0,A,A,0,No Deposit,9.0,0,Transient-Party,96.3,0,1
City Hotel,0,230,2016,September,36,2,1,2,2,0.0,0,BB,DEU,Online TA,TA/TO,0,0,0,A,A,0,No Deposit,9.0,0,Transient-Party,96.3,0,1
City Hotel,0,230,2016,September,36,2,1,2,2,0.0,0,BB,DEU,Online TA,TA/TO,0,0,0,A,A,0,No Deposit,9.0,0,Transient-Party,96.3,0,1
City Hotel,0,58,2016,September,36,2,1,2,2,0.0,0,BB,ESP,Online TA,TA/TO,0,0,0,D,D,0,No Deposit,9.0,0,Transient,123.3,0,2
City Hotel,0,53,2016,September,36,3,1,1,2,0.0,0,BB,ISR,Online TA,TA/TO,0,0,0,D,B,0,No Deposit,9.0,0,Transient,123.3,0,2
City Hotel,0,32,2016,September,36,2,1,2,2,0.0,0,BB,DEU,Online TA,TA/TO,0,0,0,D,D,0,No Deposit,7.0,0,Transient,94.94,0,1
City Hotel,0,228,2016,August,36,31,1,4,2,0.0,0,BB,FRA,Online TA,TA/TO,0,0,0,A,A,0,No Deposit,9.0,0,Transient,90.95,0,1
City Hotel,0,14,2016,September,36,2,1,2,2,0.0,0,BB,BEL,Online TA,TA/TO,0,0,0,A,A,0,No Deposit,9.0,0,Transient,145.67,0,2
City Hotel,0,43,2016,September,36,2,1,2,2,0.0,0,BB,PRT,Online TA,TA/TO,0,0,0,D,D,0,No Deposit,9.0,0,Transient,123.3,0,2
City Hotel,0,66,2016,September,36,3,1,1,2,0.0,0,BB,PRT,Online TA,TA/TO,0,0,0,A,A,0,No Deposit,9.0,0,Transient,98.1,0,2
City Hotel,0,66,2016,September,36,2,1,2,2,0.0,0,SC,DEU,Online TA,TA/TO,0,0,0,A,A,0,No Deposit,9.0,0,Transient,87.3,0,1
City Hotel,0,51,2016,September,37,4,1,0,2,0.0,0,BB,ESP,Online TA,TA/TO,0,0,0,A,A,0,No Deposit,9.0,0,Transient,109.8,0,2
City Hotel,0,104,2016,September,36,2,1,2,2,0.0,0,BB,AUT,Online TA,TA/TO,0,0,0,A,A,0,No Deposit,9.0,0,Transient,138.6,0,2
City Hotel,0,233,2016,September,36,3,1,1,2,0.0,0,HB,PRT,Groups,TA/TO,0,0,0,A,A,0,No Deposit,1.0,0,Transient,96.0,0,1
City Hotel,0,217,2016,September,36,1,1,3,2,0.0,0,BB,DEU,Offline TA/TO,TA/TO,0,0,0,A,A,1,No Deposit,27.0,0,Transient-Party,80.75,0,1
City Hotel,0,51,2016,August,36,31,1,4,2,0.0,0,BB,GBR,Online TA,TA/TO,0,0,0,D,D,0,No Deposit,7.0,0,Transient,90.2,0,1
City Hotel,0,12,2016,August,36,29,2,5,2,0.0,0,BB,DEU,Online TA,TA/TO,0,0,0,D,D,0,No Deposit,7.0,0,Transient,89.32,0,1
City Hotel,0,48,2016,August,36,31,1,4,2,0.0,0,BB,CHE,Offline TA/TO,TA/TO,0,0,0,A,A,0,No Deposit,168.0,0,Transient,85.5,0,1
City Hotel,0,173,2016,September,36,1,1,3,2,0.0,0,SC,GBR,Online TA,TA/TO,0,0,0,A,A,0,No Deposit,7.0,0,Transient,84.43,0,1
City Hotel,0,230,2016,September,36,2,1,2,2,0.0,0,BB,DEU,Online TA,TA/TO,0,0,0,A,A,0,No Deposit,9.0,0,Transient-Party,96.3,0,1
City Hotel,0,104,2016,September,36,2,1,2,2,0.0,0,BB,PRT,Online TA,TA/TO,0,0,0,A,A,0,No Deposit,9.0,0,Transient,129.6,0,2
City Hotel,0,26,2016,September,36,3,1,1,2,0.0,0,BB,FRA,Online TA,TA/TO,0,0,0,A,A,0,No Deposit,9.0,0,Transient,131.0,0,1
City Hotel,0,128,2016,September,36,2,1,2,2,0.0,0,SC,DEU,Online TA,TA/TO,0,0,0,A,A,1,No Deposit,9.0,0,Transient,118.8,0,1
City Hotel,0,55,2016,September,36,3,1,1,2,0.0,0,BB,GBR,Online TA,TA/TO,0,0,0,D,D,0,No Deposit,9.0,0,Transient,123.3,0,2
City Hotel,0,32,2016,September,36,2,1,2,2,0.0,0,BB,GBR,Online TA,TA/TO,0,0,0,E,E,0,No Deposit,83.0,0,Transient,116.64,0,0
City Hotel,0,15,2016,September,36,2,1,2,2,0.0,0,BB,NOR,Online TA,TA/TO,0,0,0,D,D,0,No Deposit,9.0,0,Transient,153.0,0,0
City Hotel,0,0,2016,September,37,5,1,0,2,0.0,0,SC,PRT,Direct,Direct,0,0,0,A,A,1,No Deposit,,0,Transient,149.0,0,0
City Hotel,0,130,2016,September,36,3,2,1,2,0.0,0,BB,GBR,Offline TA/TO,TA/TO,0,0,0,A,A,0,No Deposit,42.0,0,Transient,80.75,0,0
City Hotel,0,58,2016,September,37,5,1,0,2,0.0,0,SC,GBR,Online TA,TA/TO,0,0,0,A,A,0,No Deposit,9.0,0,Transient,99.0,0,3
City Hotel,0,186,2016,September,36,2,2,2,2,0.0,0,BB,DEU,Offline TA/TO,TA/TO,0,0,0,A,A,0,No Deposit,16.0,0,Transient,80.75,0,0
City Hotel,0,51,2016,September,37,5,1,0,2,0.0,0,SC,IRL,Online TA,TA/TO,0,0,0,A,D,1,No Deposit,9.0,0,Transient,99.0,0,1
City Hotel,0,208,2016,September,36,3,2,1,2,0.0,0,HB,ITA,Online TA,TA/TO,0,0,0,A,A,1,No Deposit,9.0,0,Transient,161.1,0,1
City Hotel,0,200,2016,September,36,1,2,3,2,0.0,0,HB,PRT,Online TA,TA/TO,0,0,0,A,A,1,No Deposit,9.0,0,Transient,146.37,0,1
City Hotel,0,49,2016,September,37,4,2,0,2,0.0,0,BB,SWE,Online TA,TA/TO,0,0,0,A,A,0,No Deposit,9.0,0,Transient,109.8,0,3
City Hotel,0,61,2016,September,36,2,2,2,2,0.0,0,BB,DNK,Online TA,TA/TO,0,0,0,A,A,0,No Deposit,8.0,0,Transient,118.8,1,1
City Hotel,0,63,2016,September,36,1,2,3,2,0.0,0,BB,ESP,Online TA,TA/TO,0,0,0,A,A,0,No Deposit,9.0,0,Transient,107.1,0,2
City Hotel,0,62,2016,September,36,3,2,1,2,0.0,0,BB,USA,Online TA,TA/TO,0,0,0,A,A,0,No Deposit,9.0,0,Transient,109.8,0,2
City Hotel,0,133,2016,September,37,4,2,0,2,0.0,0,BB,NLD,Offline TA/TO,TA/TO,0,0,0,A,A,0,No Deposit,83.0,0,Transient,97.92,0,0
City Hotel,0,174,2016,September,36,2,2,2,2,0.0,0,BB,SWE,Online TA,TA/TO,0,0,0,A,A,0,No Deposit,9.0,0,Transient,119.85,0,1
City Hotel,0,180,2016,September,36,3,2,1,2,0.0,0,BB,NLD,Online TA,TA/TO,0,0,0,A,A,0,No Deposit,9.0,0,Transient-Party,126.9,0,1
City Hotel,0,174,2016,September,36,2,2,2,2,0.0,0,BB,SWE,Online TA,TA/TO,0,0,0,A,A,0,No Deposit,9.0,0,Transient,119.85,0,1
City Hotel,0,174,2016,September,36,2,2,2,2,0.0,0,BB,SWE,Online TA,TA/TO,0,0,0,A,A,0,No Deposit,9.0,0,Transient,119.85,0,1
City Hotel,0,18,2016,September,37,4,2,0,2,0.0,0,BB,POL,Online TA,TA/TO,0,0,0,A,A,1,No Deposit,9.0,0,Transient,122.5,0,3
City Hotel,0,15,2016,September,37,5,1,0,2,0.0,0,SC,FRA,Online TA,TA/TO,0,0,0,A,A,1,No Deposit,9.0,0,Transient,119.0,0,0
City Hotel,0,222,2016,September,36,3,2,1,2,0.0,0,BB,DEU,Online TA,TA/TO,0,0,0,A,A,0,No Deposit,9.0,0,Transient-Party,99.6,0,1
City Hotel,0,222,2016,September,36,3,2,1,2,0.0,0,BB,DEU,Online TA,TA/TO,0,0,0,A,A,0,No Deposit,9.0,0,Transient-Party,99.6,0,1
City Hotel,0,180,2016,September,36,3,2,1,2,0.0,0,BB,NLD,Online TA,TA/TO,0,0,0,A,A,0,No Deposit,9.0,0,Transient-Party,135.9,1,1
City Hotel,0,23,2016,September,37,5,1,0,2,0.0,0,BB,USA,Online TA,TA/TO,0,0,0,A,A,0,No Deposit,7.0,0,Transient,93.94,0,1
City Hotel,0,1,2016,September,37,5,1,0,2,0.0,0,SC,PRT,Direct,Direct,0,0,0,A,A,1,No Deposit,,0,Transient,125.25,0,0
City Hotel,0,58,2016,September,37,5,1,0,2,0.0,0,SC,GBR,Online TA,TA/TO,0,0,0,A,A,0,No Deposit,9.0,0,Transient,99.0,0,3
City Hotel,0,51,2016,September,36,3,2,1,2,0.0,0,BB,GBR,Offline TA/TO,TA/TO,0,0,0,D,D,0,No Deposit,28.0,0,Transient,96.3,0,1
City Hotel,0,81,2016,September,36,3,2,1,2,0.0,0,SC,ESP,Online TA,TA/TO,0,0,0,A,A,0,No Deposit,9.0,0,Transient,125.1,0,2
City Hotel,0,48,2016,September,37,4,2,0,2,0.0,0,BB,PRT,Online TA,TA/TO,0,0,0,B,B,0,No Deposit,9.0,0,Transient,109.8,0,1
City Hotel,0,64,2016,September,36,2,2,2,2,0.0,0,BB,DEU,Offline TA/TO,TA/TO,0,0,0,A,A,0,No Deposit,159.0,0,Transient,109.8,0,0
City Hotel,0,174,2016,September,36,2,2,2,2,0.0,0,BB,SWE,Online TA,TA/TO,0,0,0,A,A,0,No Deposit,9.0,0,Transient,119.85,0,1
City Hotel,0,55,2016,August,36,30,2,6,2,0.0,0,BB,DEU,Offline TA/TO,TA/TO,0,0,0,A,A,0,No Deposit,168.0,0,Transient,85.5,0,0
City Hotel,0,50,2016,September,36,1,2,4,2,0.0,0,SC,USA,Direct,Direct,0,0,0,D,D,2,No Deposit,14.0,0,Transient,124.58,0,0
City Hotel,0,26,2016,September,36,3,2,2,2,0.0,0,BB,CHE,Corporate,Corporate,0,0,0,A,A,2,No Deposit,,0,Transient,116.72,0,0
City Hotel,0,65,2016,September,37,6,0,1,2,0.0,0,BB,PRT,Online TA,TA/TO,0,0,0,A,A,1,No Deposit,9.0,0,Transient,98.1,0,0
City Hotel,0,56,2016,September,36,3,2,2,2,0.0,0,BB,SWE,Online TA,TA/TO,0,0,0,D,D,0,No Deposit,9.0,0,Transient,120.38,0,1
City Hotel,0,142,2016,September,37,4,2,1,2,0.0,0,BB,GBR,Offline TA/TO,TA/TO,0,0,0,E,F,0,No Deposit,168.0,0,Transient,101.15,0,0
City Hotel,0,139,2016,September,37,5,1,1,2,0.0,0,BB,AUT,Offline TA/TO,TA/TO,0,0,0,D,E,0,No Deposit,85.0,0,Transient,90.95,0,0
City Hotel,0,64,2016,September,37,5,1,1,2,0.0,0,BB,DEU,Online TA,TA/TO,0,0,0,A,A,0,No Deposit,9.0,0,Transient,98.55,0,3
City Hotel,0,61,2016,September,36,3,2,2,2,0.0,0,HB,ESP,Offline TA/TO,TA/TO,0,0,0,A,B,1,No Deposit,42.0,0,Transient,106.25,0,1
City Hotel,0,61,2016,September,36,3,2,2,2,0.0,0,HB,ESP,Offline TA/TO,TA/TO,0,0,0,A,B,1,No Deposit,42.0,0,Transient,115.25,1,1
City Hotel,0,31,2016,September,37,6,0,1,2,0.0,0,SC,DEU,Online TA,TA/TO,0,0,0,A,F,0,No Deposit,9.0,0,Transient,87.3,0,1
City Hotel,0,124,2016,September,37,4,2,1,2,0.0,0,HB,BEL,Online TA,TA/TO,0,0,0,A,A,0,No Deposit,9.0,0,Transient,163.8,0,4
City Hotel,0,4,2016,September,36,2,2,3,2,0.0,0,BB,NLD,Online TA,TA/TO,0,0,0,D,D,0,No Deposit,9.0,0,Transient,162.0,0,0
City Hotel,0,236,2016,September,36,3,2,2,2,0.0,0,BB,DEU,Offline TA/TO,TA/TO,0,0,0,D,D,0,No Deposit,27.0,0,Transient,90.95,0,0
City Hotel,0,94,2016,September,36,3,2,2,2,0.0,0,BB,DEU,Offline TA/TO,TA/TO,0,0,0,A,A,0,No Deposit,83.0,0,Transient,102.68,0,0
City Hotel,0,213,2016,September,37,4,2,1,2,0.0,0,BB,GBR,Offline TA/TO,TA/TO,0,0,0,D,D,0,No Deposit,22.0,0,Transient,90.95,0,0
City Hotel,0,1,2016,September,37,6,0,1,2,0.0,0,BB,PRT,Direct,Direct,0,0,0,A,A,1,No Deposit,,0,Transient,118.26,0,2
City Hotel,0,238,2016,September,36,3,2,2,2,0.0,0,BB,DEU,Online TA,TA/TO,0,0,0,A,A,0,No Deposit,9.0,0,Transient,95.63,0,2
City Hotel,0,63,2016,September,36,3,2,2,2,0.0,0,BB,FRA,Online TA,TA/TO,0,0,0,A,A,0,No Deposit,9.0,0,Transient,106.88,0,2
City Hotel,0,84,2016,September,37,4,2,1,2,0.0,0,SC,DEU,Online TA,TA/TO,0,0,0,A,A,0,No Deposit,9.0,0,Transient,125.1,0,2
City Hotel,0,84,2016,September,37,4,2,1,2,0.0,0,SC,DEU,Online TA,TA/TO,0,0,0,A,A,0,No Deposit,9.0,0,Transient,125.1,0,2
City Hotel,0,53,2016,September,36,1,2,4,2,0.0,0,BB,NLD,Online TA,TA/TO,0,0,0,D,D,0,No Deposit,9.0,0,Transient,121.35,0,1
City Hotel,0,45,2016,September,37,5,1,1,2,0.0,0,BB,FRA,Online TA,TA/TO,0,0,0,D,D,0,No Deposit,9.0,0,Transient,117.45,0,0
City Hotel,0,204,2016,September,36,3,2,2,2,0.0,0,BB,NLD,Offline TA/TO,TA/TO,0,0,0,A,A,0,No Deposit,121.0,0,Transient-Party,80.75,0,2
City Hotel,0,204,2016,September,36,3,2,2,2,0.0,0,BB,NLD,Offline TA/TO,TA/TO,0,0,0,A,A,0,No Deposit,121.0,0,Transient-Party,80.75,0,2
City Hotel,0,86,2016,September,36,3,2,2,2,0.0,0,BB,CN,Offline TA/TO,TA/TO,0,0,0,D,D,0,No Deposit,3.0,0,Transient,90.95,0,3
City Hotel,0,13,2016,September,37,4,2,1,2,0.0,0,BB,PRT,Online TA,TA/TO,0,0,0,D,D,0,No Deposit,9.0,0,Transient,160.0,0,1
City Hotel,0,86,2016,September,36,3,2,2,2,0.0,0,BB,CN,Offline TA/TO,TA/TO,0,0,0,D,D,0,No Deposit,3.0,0,Transient,90.95,0,3
City Hotel,0,47,2016,August,36,31,2,5,2,0.0,0,BB,NOR,Online TA,TA/TO,0,0,0,D,D,0,No Deposit,9.0,0,Transient,140.53,0,2
City Hotel,0,53,2016,September,36,1,2,4,2,0.0,0,BB,NLD,Online TA,TA/TO,0,0,0,D,D,0,No Deposit,9.0,0,Transient,121.35,0,1
City Hotel,0,63,2016,September,36,1,2,4,2,0.0,0,BB,FRA,Online TA,TA/TO,0,0,0,D,D,0,No Deposit,9.0,0,Transient,111.6,0,1
City Hotel,0,67,2016,September,37,4,2,1,2,0.0,0,BB,KOR,Direct,Direct,0,0,0,A,A,0,No Deposit,14.0,0,Transient,87.3,0,2
City Hotel,0,8,2016,September,37,6,0,1,2,0.0,0,BB,PRT,Direct,Direct,0,0,0,D,D,0,No Deposit,,0,Transient,168.3,0,1
City Hotel,0,53,2016,September,36,1,2,4,2,0.0,0,BB,NLD,Online TA,TA/TO,0,0,0,D,D,0,No Deposit,9.0,0,Transient,121.35,0,1
City Hotel,0,79,2016,September,37,4,2,1,2,0.0,0,BB,PRT,Offline TA/TO,TA/TO,0,0,0,A,A,0,No Deposit,85.0,0,Transient,76.5,0,0
City Hotel,0,91,2016,September,36,3,2,2,2,0.0,0,BB,DEU,Online TA,TA/TO,0,0,0,A,A,0,No Deposit,9.0,0,Transient,135.9,0,1
City Hotel,0,6,2016,September,36,2,2,3,2,0.0,0,SC,GBR,Online TA,TA/TO,0,0,0,A,A,0,No Deposit,7.0,0,Transient,97.79,0,1
City Hotel,0,63,2016,September,36,3,2,2,2,0.0,0,BB,MAR,Online TA,TA/TO,0,0,0,A,A,0,No Deposit,9.0,0,Transient,106.88,0,2
City Hotel,0,0,2016,September,37,6,0,1,2,0.0,0,BB,PRT,Direct,Direct,0,0,0,F,F,0,No Deposit,,0,Transient,200.0,0,0
City Hotel,0,40,2016,September,37,7,0,1,2,0.0,0,BB,USA,Direct,Direct,0,0,0,E,E,1,No Deposit,14.0,0,Transient,149.4,0,0
City Hotel,0,40,2016,September,37,6,0,2,2,0.0,0,SC,DEU,Online TA,TA/TO,0,0,0,A,B,0,No Deposit,9.0,0,Transient,87.3,0,1
City Hotel,0,47,2016,September,37,4,2,2,2,0.0,0,BB,DEU,Online TA,TA/TO,0,0,0,D,D,0,No Deposit,9.0,0,Transient,117.45,0,1
City Hotel,0,61,2016,September,36,1,2,5,2,0.0,0,SC,RUS,Online TA,TA/TO,0,0,0,A,A,0,No Deposit,8.0,0,Transient,95.66,0,1
City Hotel,0,41,2016,September,37,4,2,2,2,0.0,0,BB,DEU,Offline TA/TO,TA/TO,0,0,0,E,E,0,No Deposit,159.0,0,Transient,139.95,0,0
City Hotel,0,136,2016,September,37,4,2,2,2,0.0,0,BB,ROU,Offline TA/TO,TA/TO,0,0,0,A,A,0,No Deposit,85.0,0,Transient,80.75,0,0
City Hotel,0,143,2016,September,37,5,1,2,2,0.0,0,BB,AUT,Online TA,TA/TO,0,0,0,A,A,0,No Deposit,9.0,0,Transient,126.9,0,1
City Hotel,0,205,2016,September,37,5,1,2,2,0.0,0,BB,DEU,Online TA,TA/TO,0,0,0,A,A,0,No Deposit,9.0,0,Transient,126.9,0,2
City Hotel,0,21,2016,September,37,7,0,1,2,0.0,0,SC,GBR,Online TA,TA/TO,0,0,0,A,A,0,No Deposit,9.0,0,Transient,118.0,0,1
City Hotel,0,224,2016,September,37,4,2,2,2,0.0,0,BB,GBR,Online TA,TA/TO,0,0,0,A,A,0,No Deposit,9.0,0,Transient,97.96,0,1
City Hotel,0,64,2016,September,36,1,2,5,2,0.0,0,BB,IRL,Online TA,TA/TO,0,0,0,A,A,0,No Deposit,9.0,0,Transient,98.1,0,3
City Hotel,0,64,2016,September,37,4,2,2,2,0.0,0,BB,GBR,Online TA,TA/TO,0,0,0,A,A,0,No Deposit,9.0,0,Transient,103.95,0,1
City Hotel,0,99,2016,September,37,5,1,2,2,0.0,0,BB,GBR,Online TA,TA/TO,0,0,0,A,A,1,No Deposit,9.0,0,Transient,137.1,0,1
City Hotel,0,28,2016,September,37,5,1,2,2,0.0,0,BB,PRT,Online TA,TA/TO,0,0,0,A,A,0,No Deposit,9.0,0,Transient,109.7,0,3
City Hotel,0,46,2016,September,37,7,0,1,2,0.0,0,BB,FRA,Online TA,TA/TO,0,0,0,A,D,0,No Deposit,9.0,0,Transient,98.1,0,1
City Hotel,0,163,2016,September,37,5,1,2,2,0.0,0,HB,FRA,Online TA,TA/TO,0,0,0,A,A,0,No Deposit,9.0,0,Transient,161.1,0,2
City Hotel,0,126,2016,September,37,6,0,2,2,0.0,0,BB,PRT,Offline TA/TO,TA/TO,0,0,0,A,B,0,No Deposit,6.0,0,Transient,89.24,0,0
City Hotel,0,66,2016,September,37,5,1,2,2,0.0,0,BB,BRA,Online TA,TA/TO,0,0,0,A,A,0,No Deposit,9.0,0,Transient,102.0,0,2
City Hotel,0,141,2016,September,37,4,2,2,2,0.0,0,BB,BEL,Online TA,TA/TO,0,0,0,A,D,1,No Deposit,9.0,0,Transient,133.65,0,2
City Hotel,0,56,2016,September,37,4,2,2,2,0.0,0,BB,BEL,Online TA,TA/TO,0,0,0,D,D,0,No Deposit,9.0,0,Transient,117.45,0,1
City Hotel,0,44,2016,September,37,7,0,1,2,0.0,0,BB,FRA,Online TA,TA/TO,0,0,0,A,A,0,No Deposit,9.0,0,Transient,98.1,0,1
City Hotel,0,203,2016,September,37,5,1,2,2,0.0,0,BB,DEU,Offline TA/TO,TA/TO,0,0,0,A,A,0,No Deposit,27.0,0,Transient-Party,80.75,0,0
City Hotel,0,203,2016,September,37,5,1,2,2,0.0,0,BB,PRT,Offline TA/TO,TA/TO,0,0,0,A,A,0,No Deposit,27.0,0,Transient-Party,80.75,0,0
City Hotel,0,119,2016,September,36,1,2,5,2,0.0,0,BB,ESP,Offline TA/TO,TA/TO,0,0,0,A,A,0,No Deposit,52.0,0,Transient,80.75,0,1
City Hotel,0,137,2016,September,37,6,0,2,2,0.0,0,BB,DEU,Online TA,TA/TO,0,0,0,A,A,0,No Deposit,9.0,0,Transient,135.9,1,2
City Hotel,0,63,2016,September,37,4,2,2,2,0.0,0,BB,FRA,Online TA,TA/TO,0,0,0,A,A,0,No Deposit,9.0,0,Transient,103.95,0,1
City Hotel,0,67,2016,September,37,5,1,2,2,0.0,0,BB,DEU,Online TA,TA/TO,0,0,0,A,A,0,No Deposit,7.0,0,Transient,75.54,0,1
City Hotel,0,190,2016,September,36,2,2,4,2,0.0,0,BB,FRA,Online TA,TA/TO,0,0,0,D,D,2,No Deposit,9.0,0,Transient,132.6,0,4
City Hotel,0,62,2016,September,37,5,1,2,2,0.0,0,BB,ESP,Online TA,TA/TO,0,0,0,D,B,0,No Deposit,9.0,0,Transient,115.5,0,1
City Hotel,0,62,2016,September,37,5,1,2,2,0.0,0,BB,ESP,Online TA,TA/TO,0,0,0,D,D,0,No Deposit,9.0,0,Transient,124.5,1,2
City Hotel,0,234,2016,September,37,5,1,2,2,0.0,0,BB,DEU,Online TA,TA/TO,0,0,0,A,A,0,No Deposit,9.0,0,Transient,106.2,0,1
City Hotel,0,33,2016,September,36,1,2,5,2,0.0,0,HB,DEU,Online TA,TA/TO,0,0,0,E,E,1,No Deposit,83.0,0,Transient,143.94,0,0
City Hotel,0,233,2016,September,37,5,1,2,2,0.0,0,BB,GBR,Online TA,TA/TO,0,0,0,D,D,2,No Deposit,9.0,0,Transient,138.13,0,1
City Hotel,0,34,2016,September,37,7,0,1,2,0.0,0,BB,PRT,Online TA,TA/TO,0,0,0,D,A,0,No Deposit,9.0,0,Transient,111.6,0,0
City Hotel,0,43,2016,September,37,7,0,1,2,0.0,0,BB,NOR,Online TA,TA/TO,0,0,0,A,A,0,No Deposit,9.0,0,Transient,98.1,0,1
City Hotel,0,62,2016,September,37,4,2,2,2,0.0,0,BB,FRA,Online TA,TA/TO,0,0,0,A,A,1,No Deposit,9.0,0,Transient,98.55,0,2
City Hotel,0,224,2016,September,36,3,2,3,2,0.0,0,BB,DEU,Online TA,TA/TO,0,0,0,D,D,0,No Deposit,9.0,0,Transient,109.31,0,1
City Hotel,0,5,2016,September,37,7,0,1,2,0.0,0,BB,PRT,Online TA,TA/TO,0,0,0,D,F,0,No Deposit,9.0,0,Transient,184.0,0,2
City Hotel,0,10,2016,September,37,5,1,2,2,0.0,0,BB,IRL,Online TA,TA/TO,0,0,0,D,D,0,No Deposit,9.0,0,Transient,164.0,0,1
City Hotel,0,105,2016,September,37,4,2,2,2,0.0,0,SC,PRT,Online TA,TA/TO,0,0,0,A,A,0,No Deposit,9.0,0,Transient,118.8,0,2
City Hotel,0,15,2016,September,40,26,1,2,2,0.0,0,BB,PRT,Online TA,TA/TO,1,0,1,D,D,0,No Deposit,9.0,0,Transient,164.0,0,0
City Hotel,0,75,2016,November,49,29,0,5,2,0.0,0,BB,BEL,Offline TA/TO,TA/TO,1,0,2,A,D,0,No Deposit,28.0,0,Transient,75.0,0,0
City Hotel,0,188,2016,September,37,4,2,2,2,0.0,0,BB,DEU,Online TA,TA/TO,0,0,0,B,B,1,No Deposit,9.0,0,Transient-Party,112.01,0,1
City Hotel,0,23,2016,September,37,6,0,2,2,0.0,0,BB,AUT,Online TA,TA/TO,0,0,0,A,B,0,No Deposit,9.0,0,Transient,118.0,1,1
City Hotel,0,68,2016,September,36,3,2,3,2,0.0,0,HB,PRT,Offline TA/TO,TA/TO,0,0,0,A,A,0,No Deposit,168.0,0,Transient,106.75,0,0
City Hotel,0,64,2016,September,37,5,1,2,2,0.0,0,BB,ITA,Online TA,TA/TO,0,0,0,D,D,0,No Deposit,9.0,0,Transient,115.5,0,2
City Hotel,0,51,2016,September,37,7,0,1,2,0.0,0,SC,CZE,Online TA,TA/TO,0,0,0,A,A,0,No Deposit,9.0,0,Transient,87.3,0,1
City Hotel,0,46,2016,September,37,5,1,2,2,0.0,0,BB,BEL,Online TA,TA/TO,0,0,0,A,A,0,No Deposit,9.0,0,Transient,102.0,0,1
City Hotel,0,10,2016,September,37,7,0,1,2,0.0,0,BB,DEU,Online TA,TA/TO,0,0,0,A,F,0,No Deposit,7.0,0,Transient,114.73,0,1
City Hotel,0,65,2016,September,37,6,0,2,2,0.0,0,BB,GBR,Online TA,TA/TO,0,0,0,A,D,0,No Deposit,9.0,0,Transient,107.1,1,1
City Hotel,0,51,2016,September,37,7,0,1,2,0.0,0,SC,CZE,Online TA,TA/TO,0,0,0,A,A,0,No Deposit,9.0,0,Transient,96.3,1,1
City Hotel,0,63,2016,September,37,4,2,2,2,0.0,0,BB,GBR,Online TA,TA/TO,0,0,0,A,A,0,No Deposit,9.0,0,Transient,103.95,0,2
City Hotel,0,39,2016,September,37,8,0,1,2,0.0,0,SC,DEU,Online TA,TA/TO,0,0,0,A,B,0,No Deposit,9.0,0,Transient,125.1,0,1
City Hotel,0,12,2016,September,37,8,0,1,2,0.0,0,SC,USA,Online TA,TA/TO,0,0,0,A,F,0,No Deposit,9.0,0,Transient,129.0,0,2
City Hotel,0,150,2016,September,37,6,0,3,2,0.0,0,BB,JPN,Offline TA/TO,TA/TO,0,0,0,A,A,0,No Deposit,85.0,0,Transient,80.75,0,1
City Hotel,0,170,2016,September,37,6,0,3,2,0.0,0,BB,GBR,Online TA,TA/TO,0,0,0,A,C,0,No Deposit,89.0,0,Transient,91.44,0,0
City Hotel,0,17,2016,September,37,8,0,1,2,0.0,0,BB,CHE,Online TA,TA/TO,0,0,0,D,E,1,No Deposit,7.0,0,Transient,118.58,0,1
City Hotel,0,65,2016,September,37,8,0,1,2,0.0,0,SC,DEU,Online TA,TA/TO,0,0,0,A,E,0,No Deposit,9.0,0,Transient,125.1,0,2
City Hotel,0,0,2016,September,37,8,0,1,2,0.0,0,SC,BRA,Online TA,TA/TO,0,0,0,A,A,0,No Deposit,9.0,0,Transient,149.0,0,0
City Hotel,0,11,2016,September,37,5,1,3,2,0.0,0,BB,ITA,Online TA,TA/TO,0,0,0,A,A,0,No Deposit,9.0,0,Transient,148.0,1,1
City Hotel,0,192,2016,September,37,5,1,3,2,0.0,0,BB,POL,Online TA,TA/TO,0,0,0,A,A,0,No Deposit,9.0,0,Transient,107.1,0,2
City Hotel,0,40,2016,September,37,7,0,2,2,0.0,0,BB,USA,Direct,Direct,0,0,0,E,E,0,No Deposit,14.0,0,Transient,158.4,1,0
City Hotel,0,59,2016,September,37,5,1,3,2,0.0,0,BB,PRT,Online TA,TA/TO,0,0,0,D,D,0,No Deposit,9.0,0,Transient,123.98,0,1
City Hotel,0,83,2016,September,37,7,0,2,2,0.0,0,BB,BEL,Online TA,TA/TO,0,0,0,A,A,0,No Deposit,9.0,0,Transient,135.9,0,2
City Hotel,0,196,2016,September,37,4,2,3,2,0.0,0,SC,AUT,Online TA,TA/TO,0,0,0,A,A,0,No Deposit,9.0,0,Transient-Party,96.05,0,1
City Hotel,0,90,2016,September,37,8,0,1,2,0.0,0,BB,URY,Online TA,TA/TO,0,0,0,D,D,0,No Deposit,9.0,0,Transient,149.4,0,2
City Hotel,0,90,2016,September,37,8,0,1,2,0.0,0,BB,ITA,Online TA,TA/TO,0,0,0,D,E,0,No Deposit,9.0,0,Transient,167.4,1,2
City Hotel,0,35,2016,September,37,5,1,3,2,0.0,0,BB,IRN,Online TA,TA/TO,0,0,0,A,A,0,No Deposit,157.0,0,Transient,110.16,0,0
City Hotel,0,69,2016,September,37,5,1,3,2,0.0,0,BB,DEU,Online TA,TA/TO,0,0,0,A,A,0,No Deposit,9.0,0,Transient,135.9,0,1
City Hotel,0,55,2016,August,36,29,3,8,2,0.0,0,BB,FRA,Online TA,TA/TO,0,0,0,D,D,0,No Deposit,9.0,0,Transient,126.0,0,0
City Hotel,0,45,2016,September,37,5,1,3,2,0.0,0,BB,GBR,Online TA,TA/TO,0,0,0,D,D,0,No Deposit,15.0,0,Transient,99.18,0,0
City Hotel,0,196,2016,September,37,5,1,3,2,0.0,0,BB,FRA,Online TA,TA/TO,0,0,0,A,A,0,No Deposit,9.0,0,Transient,116.1,1,1
City Hotel,0,157,2016,September,37,5,1,3,2,0.0,0,HB,FRA,Online TA,TA/TO,0,0,0,A,A,0,No Deposit,9.0,0,Transient,161.1,0,2
City Hotel,0,51,2016,September,36,2,2,5,2,0.0,0,BB,GBR,Online TA,TA/TO,0,0,0,D,D,0,No Deposit,9.0,0,Transient,123.69,0,3
City Hotel,0,9,2016,September,37,8,0,1,2,0.0,0,BB,POL,Online TA,TA/TO,0,0,0,A,B,0,No Deposit,9.0,0,Transient,168.0,1,3
City Hotel,0,65,2016,September,37,5,1,3,2,0.0,0,BB,BEL,Online TA,TA/TO,0,0,0,D,D,0,No Deposit,9.0,0,Transient,123.98,0,0
City Hotel,0,66,2016,September,37,5,1,3,2,0.0,0,BB,GBR,Online TA,TA/TO,0,0,0,D,D,0,No Deposit,7.0,0,Transient,95.46,0,2
City Hotel,0,28,2016,September,37,5,1,3,2,0.0,0,BB,NLD,Online TA,TA/TO,0,0,0,A,A,0,No Deposit,9.0,0,Transient,116.25,0,1
City Hotel,0,10,2016,September,37,4,2,3,2,0.0,0,SC,NLD,Online TA,TA/TO,0,0,0,A,A,0,No Deposit,7.0,0,Transient,87.05,0,1
City Hotel,0,196,2016,September,37,4,2,3,2,0.0,0,SC,AUT,Online TA,TA/TO,0,0,0,A,A,0,No Deposit,9.0,0,Transient-Party,96.05,0,1
City Hotel,0,35,2016,September,37,5,1,3,2,0.0,0,BB,IRN,Online TA,TA/TO,0,0,0,A,A,0,No Deposit,157.0,0,Transient,118.8,0,0
City Hotel,0,8,2016,September,37,7,0,2,2,0.0,0,SC,GBR,Online TA,TA/TO,0,0,0,A,D,1,No Deposit,8.0,0,Transient,149.0,0,1
City Hotel,0,238,2016,September,37,9,0,1,2,0.0,0,BB,PRT,Offline TA/TO,TA/TO,0,0,0,A,B,0,No Deposit,16.0,0,Transient,80.75,0,0
City Hotel,0,67,2016,September,37,7,0,3,2,0.0,0,BB,USA,Online TA,TA/TO,0,0,0,D,D,0,No Deposit,7.0,0,Transient,114.34,0,1
City Hotel,0,110,2016,September,37,6,0,4,2,0.0,0,BB,NZL,Online TA,TA/TO,0,0,0,A,A,0,No Deposit,7.0,0,Transient,99.79,0,1
City Hotel,0,109,2016,September,37,7,0,3,2,0.0,0,BB,BEL,Online TA,TA/TO,0,0,0,A,A,0,No Deposit,9.0,0,Transient,129.6,0,1
City Hotel,0,79,2016,September,36,3,2,5,2,0.0,0,BB,GBR,Offline TA/TO,TA/TO,0,0,0,A,A,2,No Deposit,86.0,0,Transient-Party,95.0,0,0
City Hotel,0,109,2016,September,37,7,0,3,2,0.0,0,BB,BEL,Online TA,TA/TO,0,0,0,A,A,0,No Deposit,9.0,0,Transient,129.6,0,1
City Hotel,0,97,2016,September,37,6,0,4,2,0.0,0,SC,IRL,Online TA,TA/TO,0,0,0,A,A,0,No Deposit,9.0,0,Transient,125.1,0,1
City Hotel,0,224,2016,September,37,4,2,4,2,0.0,0,BB,GBR,Online TA,TA/TO,0,0,0,A,D,2,No Deposit,9.0,0,Transient,114.9,0,1
City Hotel,0,29,2016,September,37,9,0,1,2,0.0,0,SC,FRA,Online TA,TA/TO,0,0,0,A,A,0,No Deposit,9.0,0,Transient,139.0,0,2
City Hotel,0,13,2016,September,37,9,0,1,2,0.0,0,BB,POL,Online TA,TA/TO,0,0,0,A,A,0,No Deposit,9.0,0,Transient,139.0,0,2
City Hotel,0,31,2016,September,37,8,0,2,2,0.0,0,BB,DEU,Online TA,TA/TO,0,0,0,A,A,1,No Deposit,9.0,0,Transient,135.9,0,2
City Hotel,0,90,2016,September,37,7,0,3,2,0.0,0,BB,FRA,Offline TA/TO,TA/TO,0,0,0,D,D,0,No Deposit,83.0,0,Transient,112.88,0,0
City Hotel,0,53,2016,September,37,4,2,4,2,0.0,0,BB,POL,Online TA,TA/TO,0,0,0,D,D,0,No Deposit,9.0,0,Transient,128.1,0,2
City Hotel,0,40,2016,September,37,5,1,4,2,0.0,0,BB,FRA,Online TA,TA/TO,0,0,0,E,E,0,No Deposit,89.0,0,Transient,115.2,0,0
City Hotel,0,40,2016,September,37,5,1,4,2,0.0,0,BB,FRA,Online TA,TA/TO,0,0,0,E,E,0,No Deposit,89.0,0,Transient,115.2,0,0
City Hotel,0,57,2016,September,36,3,2,5,2,0.0,0,BB,AUS,Online TA,TA/TO,0,0,0,F,F,0,No Deposit,7.0,0,Transient,135.99,0,1
City Hotel,0,4,2017,June,25,23,0,1,2,0.0,0,BB,PRT,Corporate,Direct,1,0,4,A,D,1,No Deposit,,0,Transient,95.0,1,3
City Hotel,0,0,2016,September,37,9,0,1,2,0.0,0,SC,CHN,Online TA,TA/TO,0,0,0,A,B,0,No Deposit,152.0,0,Transient,107.42,0,0
City Hotel,0,38,2016,September,37,7,0,3,2,0.0,0,BB,ISR,Online TA,TA/TO,0,0,0,D,D,0,No Deposit,9.0,0,Transient,136.8,0,1
City Hotel,0,23,2016,September,37,8,0,2,2,0.0,0,BB,USA,Online TA,TA/TO,0,0,0,A,A,0,No Deposit,8.0,0,Transient,130.0,0,1
City Hotel,0,116,2017,May,21,22,1,0,2,0.0,0,BB,USA,Direct,TA/TO,1,0,1,A,F,0,No Deposit,14.0,0,Transient,126.0,0,3
City Hotel,0,1,2016,September,37,9,0,1,2,0.0,0,BB,BRA,Direct,Direct,0,0,0,D,D,0,No Deposit,,0,Transient,166.0,0,1
City Hotel,0,118,2016,September,36,3,2,5,2,0.0,0,BB,GBR,Offline TA/TO,TA/TO,0,0,0,A,A,0,No Deposit,79.0,0,Transient,99.28,0,0
City Hotel,0,118,2016,September,36,3,2,5,2,0.0,0,BB,GBR,Offline TA/TO,TA/TO,0,0,0,A,A,0,No Deposit,79.0,0,Transient,99.28,0,0
City Hotel,0,0,2016,September,37,9,0,1,2,0.0,0,BB,PRT,Complementary,Direct,0,0,0,D,D,0,No Deposit,,0,Transient,0.0,0,1
City Hotel,0,0,2016,September,37,9,0,1,2,0.0,0,BB,PRT,Complementary,Direct,0,0,0,G,G,0,No Deposit,,0,Transient,0.0,1,1
City Hotel,0,8,2016,September,37,9,0,1,2,0.0,0,SC,DEU,Online TA,TA/TO,0,0,0,A,A,0,No Deposit,9.0,0,Transient,158.0,1,2
City Hotel,0,43,2016,September,37,9,0,1,2,0.0,0,BB,DEU,Online TA,TA/TO,0,0,0,A,A,0,No Deposit,9.0,0,Transient,135.9,0,2
City Hotel,0,185,2016,September,36,3,2,5,2,0.0,0,BB,SWE,Online TA,TA/TO,0,0,0,A,A,0,No Deposit,9.0,0,Transient,124.46,0,1
City Hotel,0,32,2016,September,37,9,0,1,2,0.0,0,BB,CHE,Online TA,TA/TO,0,0,0,A,A,0,No Deposit,9.0,0,Transient,135.9,0,2
City Hotel,0,45,2016,September,37,9,0,1,2,0.0,0,BB,GBR,Online TA,TA/TO,0,0,0,D,D,0,No Deposit,9.0,0,Transient,149.4,1,1
City Hotel,0,59,2016,September,37,6,0,4,2,0.0,0,BB,IRL,Direct,Direct,0,0,0,D,D,0,No Deposit,14.0,0,Transient,126.9,0,0
City Hotel,0,57,2016,September,37,6,0,4,2,0.0,0,BB,ESP,Online TA,TA/TO,0,0,0,D,D,0,No Deposit,9.0,0,Transient,130.5,0,2
City Hotel,0,0,2016,September,37,9,0,1,2,0.0,0,SC,CN,Online TA,TA/TO,0,0,0,A,E,0,No Deposit,152.0,0,Transient,96.67,0,0
City Hotel,0,58,2016,September,37,8,0,2,2,0.0,0,BB,GBR,Online TA,TA/TO,0,0,0,D,D,0,No Deposit,8.0,0,Transient,149.4,0,1
City Hotel,0,36,2016,September,37,9,0,1,2,0.0,0,SC,CHN,Online TA,TA/TO,0,0,0,A,A,0,No Deposit,9.0,0,Transient,112.59,0,1
City Hotel,0,31,2016,September,37,8,0,2,2,0.0,0,SC,CHN,Online TA,TA/TO,0,0,0,A,A,0,No Deposit,9.0,0,Transient,112.59,0,2
City Hotel,0,31,2016,September,37,8,0,2,2,0.0,0,SC,CHN,Online TA,TA/TO,0,0,0,A,A,0,No Deposit,9.0,0,Transient,112.59,0,2
City Hotel,0,202,2016,September,37,6,0,4,2,0.0,0,BB,PRT,Online TA,TA/TO,0,0,0,A,A,0,No Deposit,9.0,0,Transient,128.85,0,2
City Hotel,0,7,2016,September,37,7,0,3,2,0.0,0,SC,CHE,Online TA,TA/TO,0,0,0,A,A,0,No Deposit,9.0,0,Transient,149.0,0,2
City Hotel,0,169,2016,September,37,9,0,2,2,0.0,0,BB,GBR,Offline TA/TO,TA/TO,0,0,0,A,A,0,No Deposit,85.0,0,Transient,80.75,0,0
City Hotel,0,47,2016,September,37,7,0,4,2,0.0,0,BB,DEU,Online TA,TA/TO,0,0,0,D,D,0,No Deposit,9.0,0,Transient,139.95,0,0
City Hotel,0,47,2016,September,37,7,0,4,2,0.0,0,BB,DEU,Online TA,TA/TO,0,0,0,D,D,0,No Deposit,9.0,0,Transient,139.95,0,0
City Hotel,0,85,2016,September,37,8,0,3,2,0.0,0,BB,AUT,Online TA,TA/TO,0,0,0,D,D,0,No Deposit,9.0,0,Transient,149.4,0,3
City Hotel,0,204,2016,September,37,8,0,3,2,0.0,0,BB,CHE,Online TA,TA/TO,0,0,0,A,A,0,No Deposit,9.0,0,Transient,126.9,0,1
City Hotel,0,56,2016,September,37,5,1,5,2,0.0,0,BB,ITA,Online TA,TA/TO,0,0,0,A,A,0,No Deposit,9.0,0,Transient,118.95,0,0
City Hotel,0,176,2016,September,37,8,0,3,2,0.0,0,BB,ITA,Offline TA/TO,TA/TO,0,0,0,A,A,0,No Deposit,171.0,0,Transient-Party,125.1,0,0
City Hotel,0,230,2016,September,37,6,0,5,2,0.0,0,BB,FRA,Offline TA/TO,TA/TO,0,0,0,A,A,0,No Deposit,44.0,0,Transient-Party,137.0,0,1
City Hotel,0,230,2016,September,37,6,0,5,2,0.0,0,BB,FRA,Offline TA/TO,TA/TO,0,0,0,A,A,0,No Deposit,44.0,0,Transient-Party,137.0,0,1
City Hotel,0,230,2016,September,37,6,0,5,2,0.0,0,BB,FRA,Offline TA/TO,TA/TO,0,0,0,A,A,1,No Deposit,44.0,0,Transient-Party,137.0,0,1
City Hotel,0,230,2016,September,37,6,0,5,2,0.0,0,BB,FRA,Offline TA/TO,TA/TO,0,0,0,A,A,0,No Deposit,44.0,0,Transient-Party,137.0,0,1
City Hotel,0,33,2016,September,37,9,0,2,2,0.0,0,SC,IRL,Online TA,TA/TO,0,0,0,A,A,0,No Deposit,9.0,0,Transient,125.1,0,3
City Hotel,0,230,2016,September,37,6,0,5,2,0.0,0,BB,FRA,Offline TA/TO,TA/TO,0,0,0,A,A,0,No Deposit,44.0,0,Transient-Party,137.0,0,1
City Hotel,0,230,2016,September,37,6,0,5,2,0.0,0,BB,FRA,Offline TA/TO,TA/TO,0,0,0,A,A,0,No Deposit,44.0,0,Transient-Party,137.0,0,1
City Hotel,0,230,2016,September,37,6,0,5,2,0.0,0,BB,FRA,Offline TA/TO,TA/TO,0,0,0,A,A,1,No Deposit,44.0,0,Transient-Party,137.0,0,1
City Hotel,0,230,2016,September,37,6,0,5,2,0.0,0,BB,FRA,Offline TA/TO,TA/TO,0,0,0,A,A,0,No Deposit,44.0,0,Transient-Party,137.0,0,1
City Hotel,0,183,2016,September,37,8,0,3,2,0.0,0,BB,FRA,Offline TA/TO,TA/TO,0,0,0,A,A,0,No Deposit,44.0,0,Transient-Party,110.0,0,1
City Hotel,0,213,2016,September,37,8,0,3,2,0.0,0,BB,USA,Online TA,TA/TO,0,0,0,D,D,0,No Deposit,7.0,0,Transient,117.11,0,1
City Hotel,0,52,2016,September,37,9,0,2,2,0.0,0,SC,DEU,Online TA,TA/TO,0,0,0,A,A,0,No Deposit,9.0,0,Transient,125.1,0,1
City Hotel,0,125,2016,September,37,7,0,4,2,0.0,0,BB,FRA,Online TA,TA/TO,0,0,0,A,A,1,No Deposit,9.0,0,Transient,136.0,0,2
City Hotel,0,151,2016,September,37,4,2,5,2,0.0,0,BB,GBR,Online TA,TA/TO,0,0,0,A,D,1,No Deposit,9.0,0,Transient,121.5,0,2
City Hotel,0,151,2016,September,37,4,2,5,2,0.0,0,BB,GBR,Online TA,TA/TO,0,0,0,A,B,2,No Deposit,9.0,0,Transient,126.9,0,2
City Hotel,0,176,2016,September,37,8,0,3,2,0.0,0,BB,ITA,Offline TA/TO,TA/TO,0,0,0,A,A,0,No Deposit,171.0,0,Transient-Party,125.1,0,0
City Hotel,0,176,2016,September,37,8,0,3,2,0.0,0,BB,ITA,Offline TA/TO,TA/TO,0,0,0,A,A,0,No Deposit,171.0,0,Transient-Party,125.1,0,0
City Hotel,0,176,2016,September,37,8,0,3,2,0.0,0,BB,ITA,Offline TA/TO,TA/TO,0,0,0,A,A,0,No Deposit,171.0,0,Transient-Party,125.1,0,0
City Hotel,0,176,2016,September,37,8,0,3,2,0.0,0,BB,ITA,Offline TA/TO,TA/TO,0,0,0,A,A,0,No Deposit,171.0,0,Transient-Party,125.1,0,0
City Hotel,0,206,2016,September,37,8,0,3,2,0.0,0,BB,NLD,Online TA,TA/TO,0,0,0,A,A,0,No Deposit,9.0,0,Transient,126.9,0,2
City Hotel,0,174,2016,September,37,8,0,3,2,0.0,0,BB,PRT,Offline TA/TO,TA/TO,0,0,0,D,D,0,No Deposit,16.0,0,Transient,90.95,0,0
City Hotel,0,176,2016,September,37,8,0,3,2,0.0,0,BB,ITA,Offline TA/TO,TA/TO,0,0,0,A,A,0,No Deposit,171.0,0,Transient-Party,125.1,0,0
City Hotel,0,67,2016,September,37,4,2,5,2,0.0,0,BB,ESP,Online TA,TA/TO,0,0,0,D,D,0,No Deposit,9.0,0,Transient,127.8,0,1
City Hotel,0,150,2016,September,37,9,0,2,2,0.0,0,SC,BRA,Online TA,TA/TO,0,0,0,A,A,0,No Deposit,7.0,0,Transient,89.4,0,1
City Hotel,0,183,2016,September,37,8,0,3,2,0.0,0,BB,PRT,Offline TA/TO,TA/TO,0,0,0,A,A,0,No Deposit,44.0,0,Transient-Party,110.0,0,1
City Hotel,0,183,2016,September,37,8,0,3,2,0.0,0,BB,FRA,Offline TA/TO,TA/TO,0,0,0,A,A,0,No Deposit,44.0,0,Transient-Party,110.0,0,1
City Hotel,0,183,2016,September,37,8,0,3,2,0.0,0,BB,FRA,Offline TA/TO,TA/TO,0,0,0,A,A,0,No Deposit,44.0,0,Transient-Party,110.0,0,1
City Hotel,0,183,2016,September,37,8,0,3,2,0.0,0,BB,FRA,Offline TA/TO,TA/TO,0,0,0,A,A,0,No Deposit,44.0,0,Transient-Party,110.0,0,1
City Hotel,0,183,2016,September,37,8,0,3,2,0.0,0,BB,FRA,Offline TA/TO,TA/TO,0,0,0,A,A,0,No Deposit,44.0,0,Transient-Party,110.0,0,1
City Hotel,0,183,2016,September,37,8,0,3,2,0.0,0,BB,FRA,Offline TA/TO,TA/TO,0,0,0,A,A,0,No Deposit,44.0,0,Transient-Party,110.0,0,1
City Hotel,0,183,2016,September,37,8,0,3,2,0.0,0,BB,PRT,Offline TA/TO,TA/TO,0,0,0,A,A,0,No Deposit,44.0,0,Transient-Party,110.0,0,1
City Hotel,0,183,2016,September,37,8,0,3,2,0.0,0,BB,FRA,Offline TA/TO,TA/TO,0,0,0,A,A,0,No Deposit,44.0,0,Transient-Party,110.0,0,1
City Hotel,0,183,2016,September,37,8,0,3,2,0.0,0,BB,FRA,Offline TA/TO,TA/TO,0,0,0,A,A,0,No Deposit,44.0,0,Transient-Party,110.0,0,1
City Hotel,0,65,2016,September,37,9,0,2,2,0.0,0,BB,FRA,Online TA,TA/TO,0,0,0,D,D,0,No Deposit,9.0,0,Transient,149.4,0,1
City Hotel,0,65,2016,September,37,9,0,2,2,0.0,0,BB,FRA,Online TA,TA/TO,0,0,0,D,D,0,No Deposit,9.0,0,Transient,149.4,0,1
City Hotel,0,65,2016,September,37,9,0,2,2,0.0,0,BB,FRA,Online TA,TA/TO,0,0,0,D,D,0,No Deposit,9.0,0,Transient,149.4,0,1
City Hotel,0,183,2016,September,37,8,0,3,2,0.0,0,BB,FRA,Offline TA/TO,TA/TO,0,0,0,A,A,0,No Deposit,44.0,0,Transient-Party,110.0,0,1
City Hotel,0,183,2016,September,37,8,0,3,2,0.0,0,BB,PRT,Offline TA/TO,TA/TO,0,0,0,A,A,0,No Deposit,44.0,0,Transient-Party,110.0,0,1
City Hotel,0,183,2016,September,37,8,0,3,2,0.0,0,BB,FRA,Offline TA/TO,TA/TO,0,0,0,A,A,0,No Deposit,44.0,0,Transient-Party,110.0,0,1
City Hotel,0,32,2016,September,37,5,1,5,2,0.0,0,BB,FRA,Direct,Direct,0,0,0,E,E,2,No Deposit,14.0,0,Transient,170.68,0,0
City Hotel,0,183,2016,September,37,8,0,3,2,0.0,0,BB,ITA,Offline TA/TO,TA/TO,0,0,0,A,A,0,No Deposit,44.0,0,Transient-Party,110.0,0,1
City Hotel,0,183,2016,September,37,8,0,3,2,0.0,0,BB,PRT,Offline TA/TO,TA/TO,0,0,0,A,A,0,No Deposit,44.0,0,Transient-Party,110.0,0,1
City Hotel,0,51,2016,September,37,9,0,2,2,0.0,0,SC,GBR,Online TA,TA/TO,0,0,0,A,A,0,No Deposit,9.0,0,Transient,125.1,0,1
City Hotel,0,183,2016,September,37,8,0,3,2,0.0,0,BB,PRT,Offline TA/TO,TA/TO,0,0,0,A,A,0,No Deposit,44.0,0,Transient-Party,110.0,0,1
City Hotel,0,183,2016,September,37,8,0,3,2,0.0,0,BB,FRA,Offline TA/TO,TA/TO,0,0,0,A,A,0,No Deposit,44.0,0,Transient-Party,110.0,0,1
City Hotel,0,6,2016,September,37,8,0,3,2,0.0,0,SC,PRT,Online TA,TA/TO,0,0,0,A,A,0,No Deposit,7.0,0,Transient,108.99,0,1
City Hotel,0,69,2016,September,37,10,0,1,2,0.0,0,SC,GBR,Online TA,TA/TO,0,0,0,A,D,1,No Deposit,9.0,0,Transient,125.1,0,0
City Hotel,0,60,2016,September,37,5,1,5,2,0.0,0,BB,GBR,Online TA,TA/TO,0,0,0,D,D,0,No Deposit,7.0,0,Transient,101.99,0,1
City Hotel,0,230,2016,September,37,6,0,5,2,0.0,0,BB,FRA,Offline TA/TO,TA/TO,0,0,0,A,A,0,No Deposit,44.0,0,Transient-Party,137.0,0,1
City Hotel,0,90,2016,September,37,5,1,5,2,0.0,0,BB,PRT,Offline TA/TO,TA/TO,0,0,0,A,A,1,No Deposit,86.0,0,Transient-Party,95.0,0,3
City Hotel,0,47,2016,September,37,9,0,2,2,0.0,0,SC,GBR,Online TA,TA/TO,0,0,0,A,A,0,No Deposit,9.0,0,Transient,125.1,0,2
City Hotel,0,47,2016,September,37,9,0,2,2,0.0,0,SC,GBR,Online TA,TA/TO,0,0,0,A,A,0,No Deposit,9.0,0,Transient,125.1,0,1
City Hotel,0,125,2016,September,37,7,0,4,2,0.0,0,BB,FRA,Online TA,TA/TO,0,0,0,A,A,1,No Deposit,9.0,0,Transient,136.0,0,2
City Hotel,0,105,2016,September,37,7,0,4,2,0.0,0,BB,GBR,Online TA,TA/TO,0,0,0,A,A,0,No Deposit,9.0,0,Transient,129.6,0,2
City Hotel,0,21,2016,September,37,9,0,2,2,0.0,0,HB,ESP,Online TA,TA/TO,0,0,0,A,A,1,No Deposit,9.0,0,Transient,183.15,0,1
City Hotel,0,32,2016,September,37,9,0,2,2,0.0,0,BB,FRA,Online TA,TA/TO,0,0,0,A,A,0,No Deposit,9.0,0,Transient,135.9,0,1
City Hotel,0,4,2016,September,37,6,0,5,2,0.0,0,SC,FRA,Online TA,TA/TO,0,0,0,A,A,0,No Deposit,9.0,0,Transient,149.0,0,1
City Hotel,0,206,2016,September,37,8,0,3,2,0.0,0,BB,FRA,Online TA,TA/TO,0,0,0,B,B,0,No Deposit,9.0,0,Transient-Party,130.5,1,1
City Hotel,0,154,2016,September,37,8,0,3,2,0.0,0,BB,FRA,Online TA,TA/TO,0,0,0,A,A,0,No Deposit,9.0,0,Transient,126.9,0,3
City Hotel,0,61,2016,September,37,8,0,3,2,0.0,0,BB,FRA,Online TA,TA/TO,0,0,0,D,D,0,No Deposit,9.0,0,Transient,145.4,0,1
City Hotel,0,4,2016,September,37,8,0,3,2,0.0,0,BB,FRA,Online TA,TA/TO,0,0,0,F,F,1,No Deposit,9.0,0,Transient,249.0,0,1
City Hotel,0,47,2016,September,37,9,0,2,2,0.0,0,SC,GBR,Online TA,TA/TO,0,0,0,A,A,0,No Deposit,9.0,0,Transient,125.1,0,1
City Hotel,0,47,2016,September,37,9,0,2,2,0.0,0,SC,GBR,Online TA,TA/TO,0,0,0,A,B,0,No Deposit,9.0,0,Transient,125.1,0,1
City Hotel,0,47,2016,September,37,9,0,2,2,0.0,0,SC,GBR,Online TA,TA/TO,0,0,0,A,A,0,No Deposit,9.0,0,Transient,125.1,0,1
City Hotel,0,34,2016,September,37,9,0,2,2,0.0,0,BB,CHN,Online TA,TA/TO,0,0,0,A,A,0,No Deposit,9.0,0,Transient,135.9,0,1
City Hotel,0,46,2016,September,37,9,0,2,2,0.0,0,BB,PRT,Offline TA/TO,TA/TO,0,0,0,A,A,0,No Deposit,83.0,0,Transient,108.72,0,0
City Hotel,0,16,2016,September,37,10,0,1,2,0.0,0,BB,RUS,Offline TA/TO,TA/TO,0,0,0,A,D,0,No Deposit,138.0,0,Transient,95.0,0,1
City Hotel,0,25,2016,September,37,10,0,1,2,0.0,0,BB,PRT,Direct,Direct,0,0,0,A,E,1,No Deposit,14.0,0,Transient,168.0,1,2
City Hotel,0,57,2016,September,37,7,1,4,2,0.0,0,BB,GBR,Online TA,TA/TO,0,0,0,D,D,0,No Deposit,9.0,0,Transient,141.84,0,2
City Hotel,0,175,2016,September,37,8,1,3,2,0.0,0,BB,GBR,Online TA,TA/TO,0,0,0,A,A,0,No Deposit,89.0,0,Transient,86.36,0,0
City Hotel,0,78,2016,September,37,5,2,5,2,0.0,0,BB,DEU,Online TA,TA/TO,0,0,0,D,A,0,No Deposit,9.0,0,Transient,149.4,0,3
City Hotel,0,59,2016,September,37,6,1,5,2,0.0,0,HB,DEU,Online TA,TA/TO,0,0,0,D,D,0,No Deposit,9.0,0,Transient,171.0,0,2
City Hotel,0,45,2016,September,37,9,1,2,2,0.0,0,BB,BEL,Direct,Direct,0,0,0,A,B,0,No Deposit,14.0,0,Transient,118.15,0,1
City Hotel,0,20,2016,September,38,11,1,0,2,0.0,0,SC,DEU,Online TA,TA/TO,0,0,0,A,A,0,No Deposit,9.0,0,Transient,89.0,0,0
City Hotel,0,71,2016,September,37,8,1,3,2,0.0,0,BB,IRL,Online TA,TA/TO,0,0,0,D,D,0,No Deposit,9.0,0,Transient,149.4,0,2
City Hotel,0,277,2016,September,37,5,2,5,2,0.0,0,HB,PRT,Offline TA/TO,TA/TO,0,0,0,A,A,0,No Deposit,21.0,0,Transient-Party,89.14,0,1
City Hotel,0,277,2016,September,37,5,2,5,2,0.0,0,HB,NOR,Offline TA/TO,TA/TO,0,0,0,A,A,0,No Deposit,21.0,0,Transient-Party,89.14,0,1
City Hotel,0,277,2016,September,37,5,2,5,2,0.0,0,HB,NOR,Offline TA/TO,TA/TO,0,0,0,A,A,0,No Deposit,21.0,0,Transient-Party,89.14,0,1
City Hotel,0,277,2016,September,37,5,2,5,2,0.0,0,HB,NOR,Offline TA/TO,TA/TO,0,0,0,A,A,0,No Deposit,21.0,0,Transient-Party,89.14,0,1
City Hotel,0,277,2016,September,37,5,2,5,2,0.0,0,HB,NOR,Offline TA/TO,TA/TO,0,0,0,A,A,0,No Deposit,21.0,0,Transient-Party,89.14,0,1
City Hotel,0,277,2016,September,37,5,2,5,2,0.0,0,HB,NOR,Offline TA/TO,TA/TO,0,0,0,A,A,0,No Deposit,21.0,0,Transient-Party,89.14,0,1
City Hotel,0,30,2016,September,38,11,1,0,2,0.0,0,BB,SWE,Online TA,TA/TO,0,0,0,D,E,0,No Deposit,9.0,0,Transient,149.4,0,1
City Hotel,0,277,2016,September,37,5,2,5,2,0.0,0,HB,NOR,Offline TA/TO,TA/TO,0,0,0,A,A,0,No Deposit,21.0,0,Transient-Party,89.14,0,1
City Hotel,0,277,2016,September,37,5,2,5,2,0.0,0,HB,NOR,Offline TA/TO,TA/TO,0,0,0,A,A,0,No Deposit,21.0,0,Transient-Party,89.14,0,1
City Hotel,0,277,2016,September,37,5,2,5,2,0.0,0,HB,NOR,Offline TA/TO,TA/TO,0,0,0,A,A,0,No Deposit,21.0,0,Transient-Party,89.14,0,1
City Hotel,0,50,2016,September,37,10,1,1,2,0.0,0,BB,USA,Direct,Direct,0,0,0,D,D,0,No Deposit,14.0,0,Transient,145.8,0,2
City Hotel,0,277,2016,September,37,5,2,5,2,0.0,0,HB,NOR,Offline TA/TO,TA/TO,0,0,0,A,A,0,No Deposit,21.0,0,Transient-Party,89.14,0,1
City Hotel,0,277,2016,September,37,5,2,5,2,0.0,0,HB,NOR,Offline TA/TO,TA/TO,0,0,0,A,A,0,No Deposit,21.0,0,Transient-Party,89.14,0,1
City Hotel,0,232,2016,August,36,29,4,10,2,0.0,0,BB,GBR,Online TA,TA/TO,0,0,0,D,D,0,No Deposit,9.0,0,Transient,104.13,0,1
City Hotel,0,277,2016,September,37,5,2,5,2,0.0,0,HB,NOR,Offline TA/TO,TA/TO,0,0,0,A,A,0,No Deposit,21.0,0,Transient-Party,89.14,0,1
City Hotel,0,240,2016,September,37,10,1,1,2,0.0,0,HB,ITA,Groups,TA/TO,0,0,0,A,A,0,No Deposit,1.0,0,Transient-Party,96.0,0,1
City Hotel,0,240,2016,September,37,10,1,1,2,0.0,0,HB,ITA,Groups,TA/TO,0,0,0,A,D,0,No Deposit,1.0,0,Transient-Party,48.0,0,1
City Hotel,0,47,2016,September,37,10,1,1,2,0.0,0,HB,ITA,Groups,TA/TO,0,0,0,A,A,0,No Deposit,1.0,0,Transient-Party,96.0,0,1
City Hotel,0,47,2016,September,37,10,1,1,2,0.0,0,HB,ITA,Groups,TA/TO,0,0,0,A,A,3,No Deposit,1.0,0,Transient-Party,96.0,0,1
City Hotel,0,240,2016,September,37,10,1,1,2,0.0,0,HB,ITA,Groups,TA/TO,0,0,0,B,B,1,No Deposit,1.0,0,Transient-Party,96.0,0,1
City Hotel,0,47,2016,September,37,10,1,1,2,0.0,0,HB,ITA,Groups,TA/TO,0,0,0,A,A,0,No Deposit,1.0,0,Transient-Party,96.0,0,1
City Hotel,0,240,2016,September,37,10,1,1,2,0.0,0,HB,ITA,Groups,TA/TO,0,0,0,A,A,0,No Deposit,1.0,0,Transient-Party,96.0,0,1
City Hotel,0,240,2016,September,37,10,1,1,2,0.0,0,HB,ITA,Groups,TA/TO,0,0,0,A,A,0,No Deposit,1.0,0,Transient-Party,96.0,0,1
City Hotel,0,47,2016,September,37,10,1,1,2,0.0,0,HB,ITA,Groups,TA/TO,0,0,0,A,C,1,No Deposit,1.0,0,Transient-Party,96.0,0,1
City Hotel,0,240,2016,September,37,10,1,1,2,0.0,0,HB,PRT,Groups,TA/TO,0,0,0,A,A,0,No Deposit,1.0,0,Transient-Party,96.0,0,1
City Hotel,0,240,2016,September,37,10,1,1,2,0.0,0,HB,ITA,Groups,TA/TO,0,0,0,B,B,2,No Deposit,1.0,0,Transient-Party,96.0,0,1
City Hotel,0,240,2016,September,37,10,1,1,2,0.0,0,HB,ITA,Groups,TA/TO,0,0,0,A,D,0,No Deposit,1.0,0,Transient-Party,96.0,0,1
City Hotel,0,33,2016,September,37,10,1,1,2,0.0,0,SC,GBR,Offline TA/TO,TA/TO,0,0,0,A,A,0,No Deposit,28.0,0,Transient,85.5,0,0
City Hotel,0,240,2016,September,37,10,1,1,2,0.0,0,HB,ITA,Groups,TA/TO,0,0,0,A,A,0,No Deposit,1.0,0,Transient-Party,96.0,0,1
City Hotel,0,47,2016,September,37,10,1,1,2,0.0,0,HB,ITA,Groups,TA/TO,0,0,0,A,A,0,No Deposit,1.0,0,Transient-Party,96.0,0,1
City Hotel,0,9,2016,September,38,11,1,0,2,0.0,0,BB,PRT,Complementary,Direct,0,0,0,G,G,0,No Deposit,,0,Transient,0.0,0,2
City Hotel,0,2,2016,September,38,11,1,0,2,0.0,0,BB,USA,Direct,Direct,0,0,0,D,D,0,No Deposit,,0,Transient,145.0,0,1
City Hotel,0,91,2016,September,37,7,1,4,2,0.0,0,BB,AUT,Online TA,TA/TO,0,0,0,D,D,0,No Deposit,7.0,0,Transient,109.29,0,2
City Hotel,0,54,2016,September,37,10,1,1,2,0.0,0,BB,ESP,Direct,Direct,0,0,0,D,E,0,No Deposit,,0,Transient,167.0,0,5
City Hotel,0,194,2016,September,37,7,1,4,2,0.0,0,BB,CZE,Online TA,TA/TO,0,0,0,A,A,0,No Deposit,9.0,0,Transient,116.45,0,1
City Hotel,0,82,2016,September,37,6,1,5,2,0.0,0,BB,PRT,Offline TA/TO,TA/TO,0,0,0,A,A,2,No Deposit,86.0,0,Transient-Party,95.0,0,0
City Hotel,0,6,2016,September,37,8,1,3,2,0.0,0,BB,BEL,Online TA,TA/TO,0,0,0,A,A,0,No Deposit,9.0,0,Transient,161.5,0,2
City Hotel,0,3,2016,September,38,11,1,0,2,0.0,0,BB,ESP,Online TA,TA/TO,0,0,0,A,A,0,No Deposit,9.0,0,Transient,155.0,0,3
City Hotel,0,243,2016,September,37,9,1,2,2,0.0,0,BB,ITA,Online TA,TA/TO,0,0,0,A,A,0,No Deposit,9.0,0,Transient,106.2,0,2
City Hotel,0,104,2016,September,37,5,2,5,2,0.0,0,BB,GBR,Online TA,TA/TO,0,0,0,A,A,0,No Deposit,89.0,0,Transient,98.64,0,1
City Hotel,0,68,2016,September,37,8,1,3,2,0.0,0,BB,GBR,Online TA,TA/TO,0,0,0,D,D,0,No Deposit,9.0,0,Transient,149.4,0,1
City Hotel,0,58,2016,September,37,8,1,3,2,0.0,0,BB,DEU,Offline TA/TO,TA/TO,0,0,0,D,D,0,No Deposit,16.0,0,Transient,90.95,0,1
City Hotel,0,6,2016,September,37,8,1,3,2,0.0,0,BB,PRT,Online TA,TA/TO,0,0,0,A,A,0,No Deposit,9.0,0,Transient,161.5,0,2
City Hotel,0,33,2016,September,37,10,1,1,2,0.0,0,BB,NLD,Online TA,TA/TO,0,0,0,A,A,0,No Deposit,9.0,0,Transient,144.9,0,1
City Hotel,0,18,2016,September,38,11,1,0,2,0.0,0,SC,GBR,Online TA,TA/TO,0,0,0,A,A,0,No Deposit,9.0,0,Transient,89.0,0,2
City Hotel,0,72,2016,September,37,10,1,1,2,0.0,0,BB,FRA,Online TA,TA/TO,0,0,0,A,A,0,No Deposit,9.0,0,Transient,135.9,0,1
City Hotel,0,38,2016,September,37,10,1,1,2,0.0,0,BB,USA,Direct,Direct,0,0,0,D,D,1,No Deposit,14.0,0,Transient,170.57,0,2
City Hotel,0,40,2016,September,37,10,1,1,2,0.0,0,SC,FRA,Online TA,TA/TO,0,0,0,A,A,0,No Deposit,9.0,0,Transient,134.1,0,1
City Hotel,0,22,2016,September,38,11,1,0,2,0.0,0,SC,IRL,Online TA,TA/TO,0,0,0,A,A,0,No Deposit,8.0,0,Transient,89.0,0,1
City Hotel,0,68,2016,September,37,8,1,3,2,0.0,0,BB,GBR,Online TA,TA/TO,0,0,0,D,D,0,No Deposit,9.0,0,Transient,149.4,0,1
City Hotel,0,33,2016,September,37,9,1,2,2,0.0,0,SC,GBR,Online TA,TA/TO,0,0,0,A,A,0,No Deposit,9.0,0,Transient,125.1,0,1
City Hotel,0,69,2016,September,37,8,1,3,2,0.0,0,BB,FRA,Online TA,TA/TO,0,0,0,D,D,0,No Deposit,9.0,0,Transient,149.4,0,1
City Hotel,0,201,2016,September,37,8,1,3,2,0.0,0,BB,POL,Online TA,TA/TO,0,0,0,A,A,0,No Deposit,9.0,0,Transient,119.85,0,2
City Hotel,0,28,2016,September,38,11,1,0,2,0.0,0,SC,FRA,Online TA,TA/TO,0,0,0,A,A,0,No Deposit,9.0,0,Transient,139.0,0,1
City Hotel,0,38,2016,September,37,9,1,2,2,0.0,0,HB,GBR,Online TA,TA/TO,0,0,0,A,A,0,No Deposit,9.0,0,Transient,170.1,0,1
City Hotel,0,57,2016,September,37,9,1,2,2,0.0,0,BB,ESP,Online TA,TA/TO,0,0,0,A,A,1,No Deposit,9.0,0,Transient,125.1,0,1
City Hotel,0,24,2016,September,38,11,1,0,2,0.0,0,SC,FRA,Online TA,TA/TO,0,0,0,A,K,0,No Deposit,9.0,0,Transient,0.0,0,1
City Hotel,0,87,2016,September,37,6,2,5,2,0.0,0,HB,FRA,Online TA,TA/TO,0,0,0,D,D,0,No Deposit,9.0,0,Transient,183.6,0,1
City Hotel,0,24,2016,September,38,12,1,0,2,0.0,0,SC,GBR,Online TA,TA/TO,0,0,0,A,A,0,No Deposit,9.0,0,Transient,89.0,0,3
City Hotel,0,120,2016,September,37,9,2,2,2,0.0,0,BB,IRL,Direct,Direct,0,0,0,D,D,0,No Deposit,14.0,0,Transient,139.5,0,0
City Hotel,0,17,2016,September,38,11,2,0,2,0.0,0,SC,USA,Direct,Direct,0,0,0,A,A,0,No Deposit,14.0,0,Transient,93.5,0,2
City Hotel,0,17,2016,September,38,11,2,0,2,0.0,0,SC,FRA,Online TA,TA/TO,0,0,0,A,A,0,No Deposit,7.0,0,Transient,74.1,0,1
City Hotel,0,27,2016,September,38,11,2,0,2,0.0,0,BB,DEU,Online TA,TA/TO,0,0,0,A,A,0,No Deposit,9.0,0,Transient,110.0,0,2
City Hotel,0,15,2016,September,38,11,2,0,2,0.0,0,BB,IRL,Online TA,TA/TO,0,0,0,A,A,0,No Deposit,8.0,0,Transient,109.0,0,1
City Hotel,0,34,2016,September,38,11,2,0,2,0.0,0,SC,USA,Online TA,TA/TO,0,0,0,A,A,0,No Deposit,9.0,0,Transient,125.1,0,2
City Hotel,0,2,2016,September,38,12,1,0,2,0.0,0,SC,FRA,Online TA,TA/TO,0,0,0,A,A,0,No Deposit,9.0,0,Transient,135.0,0,2
City Hotel,0,22,2016,September,38,12,1,0,2,0.0,0,SC,GBR,Online TA,TA/TO,0,0,0,A,A,0,No Deposit,9.0,0,Transient,89.0,0,2
City Hotel,0,23,2016,September,38,12,1,0,2,0.0,0,SC,GBR,Online TA,TA/TO,0,0,0,A,A,0,No Deposit,7.0,0,Transient,68.53,0,1
City Hotel,0,20,2016,September,38,11,2,0,2,0.0,0,SC,RUS,Online TA,TA/TO,0,0,0,A,A,0,No Deposit,9.0,0,Transient,89.0,0,2
City Hotel,0,16,2016,September,38,12,1,0,2,0.0,0,BB,PRT,Direct,Direct,0,0,0,A,A,0,No Deposit,14.0,0,Transient,99.0,0,0
City Hotel,0,27,2016,September,37,9,2,2,2,0.0,0,BB,IRN,Online TA,TA/TO,0,0,0,E,E,0,No Deposit,86.0,0,Transient-Party,167.2,0,0
City Hotel,0,23,2016,September,38,11,2,0,2,0.0,0,SC,RUS,Online TA,TA/TO,0,0,0,A,A,0,No Deposit,9.0,0,Transient,89.0,0,2
City Hotel,0,193,2016,September,37,10,2,1,2,0.0,0,BB,CN,Online TA,TA/TO,0,0,0,A,A,0,No Deposit,7.0,0,Transient,97.71,0,1
City Hotel,0,193,2016,September,37,10,2,1,2,0.0,0,BB,CN,Online TA,TA/TO,0,0,0,A,A,2,No Deposit,7.0,0,Transient,106.71,1,2
City Hotel,0,69,2016,September,38,12,1,0,2,0.0,0,SC,SWE,Online TA,TA/TO,0,0,0,A,A,0,No Deposit,9.0,0,Transient,125.1,0,1
City Hotel,0,7,2016,September,37,9,2,2,2,0.0,0,SC,DEU,Online TA,TA/TO,0,0,0,A,A,0,No Deposit,9.0,0,Transient,134.0,0,1
City Hotel,0,16,2016,September,38,11,2,0,2,0.0,0,SC,PRT,Online TA,TA/TO,0,0,0,A,A,0,No Deposit,9.0,0,Transient,89.0,0,1
City Hotel,0,19,2016,September,38,11,2,0,2,0.0,0,BB,ISR,Online TA,TA/TO,0,0,0,A,A,0,No Deposit,83.0,0,Transient,87.2,0,0
City Hotel,0,26,2016,September,39,18,1,0,2,0.0,0,BB,ISR,Offline TA/TO,TA/TO,0,0,1,A,A,0,No Deposit,118.0,0,Transient,95.0,0,1
City Hotel,0,24,2016,September,38,11,2,0,2,0.0,0,BB,FRA,Online TA,TA/TO,0,0,0,D,D,0,No Deposit,9.0,0,Transient,142.0,1,1
City Hotel,0,48,2016,September,38,11,2,0,2,0.0,0,BB,GBR,Offline TA/TO,TA/TO,0,0,0,A,A,0,No Deposit,85.0,0,Transient,85.5,0,0
City Hotel,0,31,2016,September,37,9,2,2,2,0.0,0,BB,AUT,Online TA,TA/TO,0,0,0,D,D,0,No Deposit,9.0,0,Transient,149.4,0,2
City Hotel,0,13,2016,September,38,12,1,0,2,0.0,0,BB,DEU,Direct,Direct,0,0,0,A,A,2,No Deposit,14.0,0,Transient,95.38,0,1
City Hotel,0,39,2016,September,38,12,1,0,2,0.0,0,BB,DEU,Online TA,TA/TO,0,0,0,A,A,0,No Deposit,9.0,0,Transient,135.9,0,2
City Hotel,0,22,2016,September,38,12,1,0,2,0.0,0,SC,DEU,Online TA,TA/TO,0,0,0,A,A,0,No Deposit,9.0,0,Transient,89.0,0,2
City Hotel,0,41,2016,September,37,10,2,1,2,0.0,0,SC,GBR,Online TA,TA/TO,0,0,0,A,A,0,No Deposit,9.0,0,Transient,125.1,0,1
City Hotel,0,21,2016,September,38,11,2,0,2,0.0,0,SC,DEU,Online TA,TA/TO,0,0,0,A,A,0,No Deposit,9.0,0,Transient,98.0,1,2
City Hotel,0,47,2016,September,38,11,2,0,2,0.0,0,SC,FRA,Online TA,TA/TO,0,0,0,A,A,0,No Deposit,9.0,0,Transient,125.1,0,1
City Hotel,0,19,2016,September,38,12,1,0,2,0.0,0,SC,CHE,Online TA,TA/TO,0,0,0,A,A,0,No Deposit,9.0,0,Transient,89.0,0,0
City Hotel,0,19,2016,September,38,12,1,0,2,0.0,0,SC,CHE,Online TA,TA/TO,0,0,0,A,A,0,No Deposit,9.0,0,Transient,89.0,0,0
City Hotel,0,25,2016,September,38,11,2,0,2,0.0,0,BB,BRA,Online TA,TA/TO,0,0,0,A,A,0,No Deposit,9.0,0,Transient,110.0,0,1
City Hotel,0,37,2016,September,37,10,2,1,2,0.0,0,BB,GBR,Offline TA/TO,TA/TO,0,0,0,A,A,0,No Deposit,42.0,0,Transient,85.5,0,0
City Hotel,0,18,2016,September,38,12,1,0,2,0.0,0,SC,CHN,Online TA,TA/TO,0,0,0,A,A,0,No Deposit,9.0,0,Transient,89.0,0,0
City Hotel,0,19,2016,September,37,6,2,5,2,0.0,0,HB,DNK,Online TA,TA/TO,0,0,0,A,A,0,No Deposit,9.0,0,Transient,162.29,0,2
City Hotel,0,18,2016,September,38,12,1,0,2,0.0,0,SC,CHN,Online TA,TA/TO,0,0,0,A,A,0,No Deposit,9.0,0,Transient,89.0,0,0
City Hotel,0,18,2016,September,38,12,1,0,2,0.0,0,SC,CHN,Online TA,TA/TO,0,0,0,A,A,0,No Deposit,9.0,0,Transient,89.0,0,0
City Hotel,0,0,2016,September,38,11,2,0,2,0.0,0,BB,ESP,Direct,Direct,0,0,0,A,B,0,No Deposit,,0,Transient,144.0,0,0
City Hotel,0,40,2016,September,37,9,2,2,2,0.0,0,SC,ITA,Online TA,TA/TO,0,0,0,A,A,0,No Deposit,9.0,0,Transient,134.1,1,1
City Hotel,0,0,2016,September,38,11,2,0,2,0.0,0,BB,NLD,Online TA,TA/TO,0,0,0,A,A,0,No Deposit,9.0,0,Transient,155.0,0,1
City Hotel,0,13,2016,September,38,12,1,0,2,0.0,0,BB,FRA,Online TA,TA/TO,0,0,0,D,D,0,No Deposit,9.0,0,Transient,134.0,0,1
City Hotel,0,55,2016,September,37,10,2,1,2,0.0,0,SC,DEU,Online TA,TA/TO,0,0,0,A,A,0,No Deposit,7.0,0,Transient,91.51,0,1
City Hotel,0,24,2016,September,38,11,2,0,2,0.0,0,SC,BEL,Online TA,TA/TO,0,0,0,A,A,0,No Deposit,7.0,0,Transient,71.69,0,1
City Hotel,0,14,2016,September,38,11,2,0,2,0.0,0,BB,PRT,Online TA,TA/TO,0,0,0,A,A,0,No Deposit,8.0,0,Transient,118.0,0,1
City Hotel,0,6,2016,September,38,12,1,0,2,0.0,0,SC,CN,Online TA,TA/TO,0,0,0,A,A,0,No Deposit,9.0,0,Transient,138.0,1,3
City Hotel,0,7,2016,September,38,11,2,0,2,0.0,0,BB,DEU,Online TA,TA/TO,0,0,0,A,A,0,No Deposit,9.0,0,Transient,139.0,0,1
City Hotel,0,5,2016,September,38,12,1,0,2,0.0,0,BB,GBR,Direct,Direct,0,0,0,A,A,0,No Deposit,,0,Transient-Party,139.0,0,0
City Hotel,0,23,2016,September,38,11,2,0,2,0.0,0,BB,RUS,Online TA,TA/TO,0,0,0,A,A,1,No Deposit,10.0,0,Transient,100.1,0,2
City Hotel,0,14,2016,September,38,11,2,0,2,0.0,0,SC,GBR,Online TA,TA/TO,0,0,0,A,A,0,No Deposit,9.0,0,Transient,98.0,0,3
City Hotel,0,8,2016,September,38,11,2,0,2,0.0,0,SC,PRT,Online TA,TA/TO,0,0,0,A,A,0,No Deposit,83.0,0,Transient,95.2,0,0
City Hotel,0,44,2016,September,37,10,2,1,2,0.0,0,BB,FRA,Online TA,TA/TO,0,0,0,D,D,0,No Deposit,9.0,0,Transient,149.4,0,2
City Hotel,0,97,2016,September,37,8,2,3,2,0.0,0,BB,FRA,Offline TA/TO,TA/TO,0,0,0,A,A,0,No Deposit,265.0,0,Transient,112.6,0,0
City Hotel,0,17,2016,September,38,11,2,0,2,0.0,0,BB,ITA,Online TA,TA/TO,0,0,0,A,A,2,No Deposit,9.0,0,Transient,124.0,0,1
City Hotel,0,0,2016,September,38,12,1,0,2,0.0,0,SC,PRT,Direct,Direct,0,0,0,A,A,1,No Deposit,,0,Transient,150.0,0,0
City Hotel,0,21,2016,September,38,12,1,0,2,0.0,0,SC,CN,Online TA,TA/TO,0,0,0,A,A,0,No Deposit,9.0,0,Transient,89.0,0,2
City Hotel,0,5,2016,September,38,12,1,0,2,0.0,0,BB,USA,Direct,Direct,0,0,0,A,D,1,No Deposit,14.0,0,Transient,121.63,0,2
City Hotel,0,23,2016,September,38,11,2,0,2,0.0,0,SC,RUS,Online TA,TA/TO,0,0,0,A,A,0,No Deposit,9.0,0,Transient,89.0,0,2
City Hotel,0,29,2016,September,37,9,2,2,2,0.0,0,BB,SWE,Online TA,TA/TO,0,0,0,A,A,0,No Deposit,9.0,0,Transient,144.68,0,3
City Hotel,0,25,2016,September,38,11,2,0,2,0.0,0,BB,GBR,Online TA,TA/TO,0,0,0,A,A,0,No Deposit,79.0,0,Transient,88.0,0,0
City Hotel,0,122,2016,September,37,7,2,4,2,0.0,0,BB,FIN,Online TA,TA/TO,0,0,0,D,D,0,No Deposit,9.0,0,Transient,144.9,0,3
City Hotel,0,346,2016,September,38,13,0,0,2,0.0,0,HB,PRT,Offline TA/TO,TA/TO,0,0,0,A,A,0,No Deposit,6.0,0,Transient-Party,0.0,0,1
City Hotel,0,246,2016,September,37,7,2,5,2,0.0,0,BB,DEU,Offline TA/TO,TA/TO,0,0,0,A,A,0,No Deposit,16.0,0,Transient,80.75,0,0
City Hotel,0,94,2016,September,38,11,2,1,2,0.0,0,BB,USA,Online TA,TA/TO,0,0,0,A,A,0,No Deposit,9.0,0,Transient,135.9,0,2
City Hotel,0,46,2016,September,37,9,2,3,2,0.0,0,BB,DEU,Online TA,TA/TO,0,0,0,D,D,0,No Deposit,9.0,0,Transient,158.4,0,0
City Hotel,0,51,2016,September,38,11,2,1,2,0.0,0,BB,CHN,Offline TA/TO,TA/TO,0,0,0,A,A,0,No Deposit,168.0,0,Transient,85.5,0,0
City Hotel,0,41,2016,September,38,11,2,1,2,0.0,0,BB,PRT,Offline TA/TO,TA/TO,0,0,0,A,A,0,No Deposit,85.0,0,Transient,85.5,0,0
City Hotel,0,24,2016,September,37,10,2,2,2,0.0,0,BB,BRA,Offline TA/TO,TA/TO,0,0,0,A,A,1,No Deposit,39.0,0,Transient-Party,109.0,0,1
City Hotel,0,63,2016,September,38,12,1,1,2,0.0,0,SC,FRA,Online TA,TA/TO,0,0,0,A,A,0,No Deposit,9.0,0,Transient,125.1,0,2
City Hotel,0,19,2016,September,37,10,2,2,2,0.0,0,BB,GBR,Offline TA/TO,TA/TO,0,0,0,A,A,0,No Deposit,138.0,0,Transient,95.0,0,0
City Hotel,0,1,2016,September,38,13,0,1,2,0.0,0,BB,PRT,Corporate,Corporate,0,0,0,A,B,0,No Deposit,,0,Transient,184.0,0,1
City Hotel,0,4,2016,September,38,12,1,1,2,0.0,0,BB,FRA,Online TA,TA/TO,0,0,0,D,D,0,No Deposit,9.0,0,Transient,170.0,0,2
City Hotel,0,51,2016,September,37,10,2,2,2,0.0,0,BB,FRA,Offline TA/TO,TA/TO,0,0,0,A,A,0,No Deposit,138.0,0,Transient,85.5,0,1
City Hotel,0,191,2016,September,37,7,2,5,2,0.0,0,HB,DEU,Offline TA/TO,TA/TO,0,0,0,A,A,0,No Deposit,16.0,0,Transient,80.75,0,1
City Hotel,0,14,2016,September,38,11,2,1,2,0.0,0,BB,NLD,Online TA,TA/TO,0,0,0,D,D,0,No Deposit,9.0,0,Transient,149.67,1,2
City Hotel,0,11,2016,September,38,11,2,1,2,0.0,0,BB,ROU,Offline TA/TO,TA/TO,0,0,0,A,A,0,No Deposit,28.0,0,Transient,95.0,0,0
City Hotel,0,0,2016,September,38,13,0,1,2,0.0,0,BB,PRT,Direct,Direct,0,0,0,A,A,1,No Deposit,,0,Transient,169.0,0,0
City Hotel,0,16,2016,September,38,11,2,1,2,0.0,0,BB,FRA,Offline TA/TO,TA/TO,0,0,0,A,A,0,No Deposit,28.0,0,Transient,95.0,0,0
City Hotel,0,18,2016,September,38,11,2,1,2,0.0,0,HB,MAR,Online TA,TA/TO,0,0,0,D,D,0,No Deposit,7.0,0,Transient,137.57,0,1
City Hotel,0,137,2016,September,38,12,1,1,2,0.0,0,BB,DEU,Offline TA/TO,TA/TO,0,0,0,A,A,0,No Deposit,16.0,0,Transient,89.75,0,0
City Hotel,0,11,2016,September,38,11,2,1,2,0.0,0,BB,FRA,Offline TA/TO,TA/TO,0,0,0,A,A,0,No Deposit,28.0,0,Transient,95.0,0,0
City Hotel,0,38,2016,September,37,10,2,2,2,0.0,0,BB,FRA,Offline TA/TO,TA/TO,0,0,0,A,D,0,No Deposit,138.0,0,Transient,85.5,0,0
City Hotel,0,228,2016,September,37,10,2,2,2,0.0,0,SC,AUS,Online TA,TA/TO,0,0,0,A,A,0,No Deposit,9.0,0,Transient,90.1,0,1
City Hotel,0,20,2016,September,38,11,2,1,2,0.0,0,SC,FIN,Offline TA/TO,TA/TO,0,0,0,A,A,0,No Deposit,85.0,0,Transient,85.0,0,0
City Hotel,0,10,2016,September,38,11,2,1,2,0.0,0,BB,FRA,Offline TA/TO,TA/TO,0,0,0,A,A,0,No Deposit,28.0,0,Transient,95.0,0,0
City Hotel,0,67,2016,September,37,8,2,4,2,0.0,0,HB,FRA,Online TA,TA/TO,0,0,0,D,D,0,No Deposit,9.0,0,Transient,183.6,0,2
City Hotel,0,0,2016,September,38,12,1,1,2,0.0,0,BB,AUT,Direct,Direct,0,0,0,A,C,1,No Deposit,,0,Transient,160.0,0,0
City Hotel,0,135,2016,September,37,8,2,4,2,0.0,0,BB,DEU,Offline TA/TO,TA/TO,0,0,0,A,A,0,No Deposit,85.0,0,Transient,80.75,0,0
City Hotel,0,19,2016,September,38,11,2,1,2,0.0,0,BB,DEU,Offline TA/TO,TA/TO,0,0,0,D,D,0,No Deposit,16.0,0,Transient,107.0,0,0
City Hotel,0,129,2016,September,38,11,2,1,2,0.0,0,BB,PRT,Offline TA/TO,TA/TO,0,0,0,A,A,0,No Deposit,85.0,0,Transient,80.75,0,0
City Hotel,0,144,2016,September,37,7,2,5,2,0.0,0,SC,NOR,Online TA,TA/TO,0,0,0,A,A,0,No Deposit,9.0,0,Transient,116.1,0,1
City Hotel,0,138,2016,September,38,11,2,1,2,0.0,0,BB,IRL,Offline TA/TO,TA/TO,0,0,0,A,A,0,No Deposit,22.0,0,Transient,80.75,0,0
City Hotel,0,3,2016,September,38,12,1,1,2,0.0,0,BB,ESP,Direct,Direct,0,0,0,E,E,0,No Deposit,14.0,0,Transient,167.13,0,2
City Hotel,0,69,2016,September,38,11,2,1,2,0.0,0,BB,PRT,Online TA,TA/TO,0,0,0,A,A,0,No Deposit,9.0,0,Transient,135.9,0,1
City Hotel,0,57,2016,September,37,9,2,3,2,0.0,0,BB,DEU,Online TA,TA/TO,0,0,0,D,D,0,No Deposit,7.0,0,Transient,109.29,0,1
City Hotel,0,174,2016,September,37,9,2,3,2,0.0,0,BB,FRA,Online TA,TA/TO,0,0,0,A,A,0,No Deposit,8.0,0,Transient,119.85,0,1
City Hotel,0,10,2016,September,38,11,2,1,2,0.0,0,BB,GBR,Online TA,TA/TO,0,0,0,D,D,0,No Deposit,9.0,0,Transient,164.0,0,2
City Hotel,0,125,2016,September,37,4,4,6,2,0.0,0,BB,ISR,Online TA,TA/TO,0,0,0,A,A,0,No Deposit,7.0,0,Transient,99.79,0,5
City Hotel,0,82,2016,September,37,5,3,7,2,0.0,0,BB,DEU,Offline TA/TO,TA/TO,0,0,0,D,D,0,No Deposit,16.0,0,Transient,90.95,0,0
City Hotel,0,130,2016,September,37,10,2,3,2,0.0,0,BB,GBR,Offline TA/TO,TA/TO,0,0,0,D,D,0,No Deposit,28.0,0,Transient,99.95,0,0
City Hotel,0,164,2016,September,37,9,2,4,2,0.0,0,HB,GBR,Offline TA/TO,TA/TO,0,0,0,D,D,0,No Deposit,132.0,0,Transient,116.45,0,3
City Hotel,0,346,2016,September,38,13,0,2,2,0.0,0,HB,DEU,Offline TA/TO,TA/TO,0,0,0,A,A,0,No Deposit,6.0,0,Transient-Party,115.0,0,1
City Hotel,0,346,2016,September,38,13,0,2,2,0.0,0,HB,DEU,Offline TA/TO,TA/TO,0,0,0,A,A,0,No Deposit,6.0,0,Transient-Party,115.0,0,1
City Hotel,0,346,2016,September,38,13,0,2,2,0.0,0,HB,DEU,Offline TA/TO,TA/TO,0,0,0,A,A,0,No Deposit,6.0,0,Transient-Party,115.0,0,1
City Hotel,0,219,2016,September,38,13,0,2,2,0.0,0,BB,GBR,Online TA,TA/TO,0,0,0,A,A,1,No Deposit,9.0,0,Transient-Party,136.1,0,1
City Hotel,0,346,2016,September,38,13,0,2,2,0.0,0,HB,DEU,Offline TA/TO,TA/TO,0,0,0,A,A,0,No Deposit,6.0,0,Transient-Party,115.0,0,1
City Hotel,0,346,2016,September,38,13,0,2,2,0.0,0,HB,DEU,Offline TA/TO,TA/TO,0,0,0,A,A,0,No Deposit,6.0,0,Transient-Party,115.0,0,1
City Hotel,0,346,2016,September,38,13,0,2,2,0.0,0,HB,DEU,Offline TA/TO,TA/TO,0,0,0,A,A,0,No Deposit,6.0,0,Transient-Party,115.0,0,1
City Hotel,0,346,2016,September,38,13,0,2,2,0.0,0,HB,DEU,Offline TA/TO,TA/TO,0,0,0,A,A,0,No Deposit,6.0,0,Transient-Party,115.0,0,1
City Hotel,0,346,2016,September,38,13,0,2,2,0.0,0,HB,DEU,Offline TA/TO,TA/TO,0,0,0,A,A,0,No Deposit,6.0,0,Transient-Party,115.0,0,1
City Hotel,0,346,2016,September,38,13,0,2,2,0.0,0,HB,DEU,Offline TA/TO,TA/TO,0,0,0,A,A,0,No Deposit,6.0,0,Transient-Party,115.0,0,1
City Hotel,0,346,2016,September,38,13,0,2,2,0.0,0,HB,DEU,Offline TA/TO,TA/TO,0,0,0,A,A,0,No Deposit,6.0,0,Transient-Party,115.0,0,1
City Hotel,0,346,2016,September,38,13,0,2,2,0.0,0,HB,DEU,Offline TA/TO,TA/TO,0,0,0,A,A,0,No Deposit,6.0,0,Transient-Party,115.0,0,1
City Hotel,0,346,2016,September,38,13,0,2,2,0.0,0,HB,DEU,Offline TA/TO,TA/TO,0,0,0,A,A,0,No Deposit,6.0,0,Transient-Party,115.0,0,1
City Hotel,0,346,2016,September,38,13,0,2,2,0.0,0,HB,DEU,Offline TA/TO,TA/TO,0,0,0,A,A,0,No Deposit,6.0,0,Transient-Party,115.0,0,1
City Hotel,0,172,2016,September,38,12,1,2,2,0.0,0,BB,DEU,Offline TA/TO,TA/TO,0,0,0,A,A,0,No Deposit,16.0,0,Transient,80.75,0,1
City Hotel,0,346,2016,September,38,13,0,2,2,0.0,0,HB,DEU,Offline TA/TO,TA/TO,0,0,0,A,A,0,No Deposit,6.0,0,Transient-Party,115.0,0,1
City Hotel,0,346,2016,September,38,13,0,2,2,0.0,0,HB,DEU,Offline TA/TO,TA/TO,0,0,0,A,A,0,No Deposit,6.0,0,Transient-Party,115.0,0,1
City Hotel,0,140,2016,September,38,12,1,2,2,0.0,0,BB,GBR,Online TA,TA/TO,0,0,0,D,D,0,No Deposit,7.0,0,Transient,110.19,0,3
City Hotel,0,346,2016,September,38,13,0,2,2,0.0,0,HB,PRT,Offline TA/TO,TA/TO,0,0,0,A,A,0,No Deposit,6.0,0,Transient-Party,115.0,0,1
City Hotel,0,346,2016,September,38,13,0,2,2,0.0,0,HB,DEU,Offline TA/TO,TA/TO,0,0,0,A,D,0,No Deposit,6.0,0,Transient-Party,115.0,0,1
City Hotel,0,346,2016,September,38,13,0,2,2,0.0,0,HB,DEU,Offline TA/TO,TA/TO,0,0,0,A,A,0,No Deposit,6.0,0,Transient-Party,115.0,0,1
City Hotel,0,346,2016,September,38,13,0,2,2,0.0,0,HB,DEU,Offline TA/TO,TA/TO,0,0,0,A,A,0,No Deposit,6.0,0,Transient-Party,115.0,0,1
City Hotel,0,97,2016,September,37,10,2,3,2,0.0,0,BB,DEU,Online TA,TA/TO,0,0,0,A,A,0,No Deposit,9.0,0,Transient,135.9,0,1
City Hotel,0,219,2016,September,38,13,0,2,2,0.0,0,BB,GBR,Online TA,TA/TO,0,0,0,A,A,1,No Deposit,9.0,0,Transient-Party,145.1,1,1
City Hotel,0,3,2016,September,38,12,1,2,2,0.0,0,BB,USA,Offline TA/TO,TA/TO,0,0,0,A,A,0,No Deposit,27.0,0,Transient,95.0,0,0
City Hotel,0,346,2016,September,38,13,0,2,2,0.0,0,HB,DEU,Offline TA/TO,TA/TO,0,0,0,A,A,0,No Deposit,6.0,0,Transient-Party,115.0,0,1
City Hotel,0,346,2016,September,38,13,0,2,2,0.0,0,HB,DEU,Offline TA/TO,TA/TO,0,0,0,A,A,0,No Deposit,6.0,0,Transient-Party,115.0,0,1
City Hotel,0,346,2016,September,38,13,0,2,2,0.0,0,HB,DEU,Offline TA/TO,TA/TO,0,0,0,A,A,0,No Deposit,6.0,0,Transient-Party,115.0,0,1
City Hotel,0,346,2016,September,38,13,0,2,2,0.0,0,HB,DEU,Offline TA/TO,TA/TO,0,0,0,A,B,0,No Deposit,6.0,0,Transient-Party,115.0,0,1
City Hotel,0,346,2016,September,38,13,0,2,2,0.0,0,HB,DEU,Offline TA/TO,TA/TO,0,0,0,A,A,0,No Deposit,6.0,0,Transient-Party,115.0,0,1
City Hotel,0,346,2016,September,38,13,0,2,2,0.0,0,HB,DEU,Offline TA/TO,TA/TO,0,0,0,A,A,0,No Deposit,6.0,0,Transient-Party,115.0,0,1
City Hotel,0,346,2016,September,38,13,0,2,2,0.0,0,HB,DEU,Offline TA/TO,TA/TO,0,0,0,A,E,0,No Deposit,6.0,0,Transient-Party,115.0,0,1
City Hotel,0,346,2016,September,38,13,0,2,2,0.0,0,HB,DEU,Offline TA/TO,TA/TO,0,0,0,A,A,0,No Deposit,6.0,0,Transient-Party,115.0,0,1
City Hotel,0,346,2016,September,38,13,0,2,2,0.0,0,HB,DEU,Offline TA/TO,TA/TO,0,0,0,A,A,0,No Deposit,6.0,0,Transient-Party,115.0,0,1
City Hotel,0,1,2016,September,38,14,0,1,2,0.0,0,SC,BEL,Online TA,TA/TO,0,0,0,A,E,0,No Deposit,9.0,0,Transient,149.0,0,0
City Hotel,0,346,2016,September,38,13,0,2,2,0.0,0,HB,DEU,Offline TA/TO,TA/TO,0,0,0,A,A,0,No Deposit,6.0,0,Transient-Party,115.0,0,1
City Hotel,0,346,2016,September,38,13,0,2,2,0.0,0,HB,DEU,Offline TA/TO,TA/TO,0,0,0,A,A,0,No Deposit,6.0,0,Transient-Party,115.0,0,1
City Hotel,0,346,2016,September,38,13,0,2,2,0.0,0,HB,DEU,Offline TA/TO,TA/TO,0,0,0,A,A,0,No Deposit,6.0,0,Transient-Party,115.0,0,1
City Hotel,0,346,2016,September,38,13,0,2,2,0.0,0,HB,DEU,Offline TA/TO,TA/TO,0,0,0,A,A,0,No Deposit,6.0,0,Transient-Party,115.0,0,1
City Hotel,0,346,2016,September,38,13,0,2,2,0.0,0,HB,DEU,Offline TA/TO,TA/TO,0,0,0,A,D,0,No Deposit,6.0,0,Transient-Party,115.0,0,1
City Hotel,0,346,2016,September,38,13,0,2,2,0.0,0,HB,DEU,Offline TA/TO,TA/TO,0,0,0,A,A,0,No Deposit,6.0,0,Transient-Party,115.0,0,1
City Hotel,0,346,2016,September,38,13,0,2,2,0.0,0,HB,DEU,Offline TA/TO,TA/TO,0,0,0,A,A,0,No Deposit,6.0,0,Transient-Party,115.0,0,1
City Hotel,0,346,2016,September,38,13,0,2,2,0.0,0,HB,DEU,Offline TA/TO,TA/TO,0,0,0,A,A,0,No Deposit,6.0,0,Transient-Party,115.0,0,1
City Hotel,0,346,2016,September,38,13,0,2,2,0.0,0,HB,PRT,Offline TA/TO,TA/TO,0,0,0,A,A,0,No Deposit,6.0,0,Transient-Party,115.0,0,1
City Hotel,0,346,2016,September,38,13,0,2,2,0.0,0,HB,DEU,Offline TA/TO,TA/TO,0,0,0,A,A,0,No Deposit,6.0,0,Transient-Party,115.0,0,1
City Hotel,0,346,2016,September,38,13,0,2,2,0.0,0,HB,DEU,Offline TA/TO,TA/TO,0,0,0,A,A,0,No Deposit,6.0,0,Transient-Party,115.0,0,1
City Hotel,0,346,2016,September,38,13,0,2,2,0.0,0,HB,DEU,Offline TA/TO,TA/TO,0,0,0,A,A,0,No Deposit,6.0,0,Transient-Party,115.0,0,1
City Hotel,0,175,2016,September,38,11,2,2,2,0.0,0,HB,POL,Online TA,TA/TO,0,0,0,A,A,0,No Deposit,9.0,0,Transient,152.15,0,1
City Hotel,0,346,2016,September,38,13,0,2,2,0.0,0,HB,DEU,Offline TA/TO,TA/TO,0,0,0,A,A,0,No Deposit,6.0,0,Transient-Party,115.0,0,1
City Hotel,0,63,2016,September,38,12,1,2,2,0.0,0,BB,GBR,Online TA,TA/TO,0,0,0,D,D,0,No Deposit,9.0,0,Transient,149.4,0,2
City Hotel,0,346,2016,September,38,13,0,2,2,0.0,0,HB,PRT,Offline TA/TO,TA/TO,0,0,0,A,A,0,No Deposit,6.0,0,Transient-Party,115.0,0,1
City Hotel,0,346,2016,September,38,13,0,2,2,0.0,0,HB,PRT,Offline TA/TO,TA/TO,0,0,0,A,A,0,No Deposit,6.0,0,Transient-Party,115.0,0,1
City Hotel,0,346,2016,September,38,13,0,2,2,0.0,0,HB,PRT,Offline TA/TO,TA/TO,0,0,0,A,A,0,No Deposit,6.0,0,Transient-Party,115.0,0,1
City Hotel,0,346,2016,September,38,13,0,2,2,0.0,0,HB,DEU,Offline TA/TO,TA/TO,0,0,0,A,A,0,No Deposit,6.0,0,Transient-Party,115.0,0,1
City Hotel,0,346,2016,September,38,13,0,2,2,0.0,0,HB,DEU,Offline TA/TO,TA/TO,0,0,0,A,A,0,No Deposit,6.0,0,Transient-Party,115.0,0,1
City Hotel,0,231,2016,September,38,11,2,2,2,0.0,0,BB,BEL,Online TA,TA/TO,0,0,0,B,B,0,No Deposit,9.0,0,Transient-Party,100.3,0,1
City Hotel,0,346,2016,September,38,13,0,2,2,0.0,0,HB,PRT,Offline TA/TO,TA/TO,0,0,0,A,A,0,No Deposit,6.0,0,Transient-Party,115.0,0,1
City Hotel,0,346,2016,September,38,13,0,2,2,0.0,0,HB,DEU,Offline TA/TO,TA/TO,0,0,0,A,A,0,No Deposit,6.0,0,Transient-Party,115.0,0,1
City Hotel,0,346,2016,September,38,13,0,2,2,0.0,0,HB,PRT,Offline TA/TO,TA/TO,0,0,0,A,A,0,No Deposit,6.0,0,Transient-Party,115.0,0,1
City Hotel,0,346,2016,September,38,13,0,2,2,0.0,0,HB,PRT,Offline TA/TO,TA/TO,0,0,0,A,B,0,No Deposit,6.0,0,Transient-Party,115.0,0,1
City Hotel,0,5,2016,September,38,13,0,2,2,0.0,0,BB,PRT,Online TA,TA/TO,0,0,0,D,D,0,No Deposit,9.0,0,Transient,184.0,0,1
City Hotel,0,346,2016,September,38,13,0,2,2,0.0,0,HB,PRT,Offline TA/TO,TA/TO,0,0,0,A,A,0,No Deposit,6.0,0,Transient-Party,115.0,0,1
City Hotel,0,346,2016,September,38,13,0,2,2,0.0,0,HB,PRT,Offline TA/TO,TA/TO,0,0,0,A,A,0,No Deposit,6.0,0,Transient-Party,115.0,0,1
City Hotel,0,346,2016,September,38,13,0,2,2,0.0,0,HB,DEU,Offline TA/TO,TA/TO,0,0,0,A,A,0,No Deposit,6.0,0,Transient-Party,115.0,0,1
City Hotel,0,346,2016,September,38,13,0,2,2,0.0,0,HB,PRT,Offline TA/TO,TA/TO,0,0,0,A,A,0,No Deposit,6.0,0,Transient-Party,115.0,0,1
City Hotel,0,346,2016,September,38,13,0,2,2,0.0,0,HB,PRT,Offline TA/TO,TA/TO,0,0,0,A,A,0,No Deposit,6.0,0,Transient-Party,115.0,0,1
City Hotel,0,346,2016,September,38,13,0,2,2,0.0,0,HB,PRT,Offline TA/TO,TA/TO,0,0,0,A,A,0,No Deposit,6.0,0,Transient-Party,115.0,0,1
City Hotel,0,346,2016,September,38,13,0,2,2,0.0,0,HB,DEU,Offline TA/TO,TA/TO,0,0,0,A,A,0,No Deposit,6.0,0,Transient-Party,115.0,0,1
City Hotel,0,231,2016,September,38,11,2,2,2,0.0,0,BB,PRT,Online TA,TA/TO,0,0,0,B,B,0,No Deposit,9.0,0,Transient-Party,100.3,0,1
City Hotel,0,58,2016,September,38,14,0,2,2,0.0,0,BB,USA,Online TA,TA/TO,0,0,0,D,D,0,No Deposit,7.0,0,Transient,124.04,0,1
City Hotel,0,2,2016,September,38,15,0,1,2,0.0,0,SC,FRA,Online TA,TA/TO,0,0,0,A,A,0,No Deposit,7.0,0,Transient,114.73,0,2
City Hotel,0,221,2016,September,38,12,1,3,2,0.0,0,SC,IRL,Online TA,TA/TO,0,0,0,A,A,0,No Deposit,9.0,0,Transient,109.65,0,1
City Hotel,0,245,2016,September,38,15,0,1,2,0.0,0,BB,GBR,Online TA,TA/TO,0,0,0,A,A,0,No Deposit,7.0,0,Transient,81.77,0,1
City Hotel,0,19,2016,September,38,15,0,1,2,0.0,0,SC,PRT,Online TA,TA/TO,0,0,0,A,A,0,No Deposit,9.0,0,Transient,139.0,0,2
City Hotel,0,194,2016,September,38,12,1,3,2,0.0,0,BB,GBR,Offline TA/TO,TA/TO,0,0,0,A,A,0,No Deposit,,0,Transient-Party,101.4,0,0
City Hotel,0,194,2016,September,38,12,1,3,2,0.0,0,BB,GBR,Offline TA/TO,TA/TO,0,0,0,A,A,0,No Deposit,,0,Transient-Party,101.4,0,1
City Hotel,0,4,2016,September,38,12,1,3,2,0.0,0,BB,FRA,Online TA,TA/TO,0,0,0,D,D,0,No Deposit,9.0,0,Transient,179.0,0,1
City Hotel,0,61,2016,September,38,11,2,3,2,0.0,0,BB,GBR,Online TA,TA/TO,0,0,0,D,D,0,No Deposit,9.0,0,Transient,149.4,0,1
City Hotel,0,61,2016,September,38,11,2,3,2,0.0,0,BB,GBR,Online TA,TA/TO,0,0,0,D,D,0,No Deposit,9.0,0,Transient,149.4,0,1
City Hotel,0,30,2016,September,38,12,1,3,2,0.0,0,BB,GBR,Online TA,TA/TO,0,0,0,E,E,0,No Deposit,159.0,0,Transient,137.52,0,0
City Hotel,0,22,2016,September,37,8,2,6,2,0.0,0,BB,DEU,Online TA,TA/TO,0,0,0,G,G,0,No Deposit,7.0,0,Transient,155.77,0,1
City Hotel,0,8,2016,September,38,15,0,1,2,0.0,0,SC,USA,Online TA,TA/TO,0,0,0,A,A,0,No Deposit,9.0,0,Transient,149.0,0,3
City Hotel,0,115,2016,September,37,6,2,8,2,0.0,0,BB,BEL,Online TA,TA/TO,0,0,0,A,A,0,No Deposit,9.0,0,Transient,129.6,0,2
City Hotel,0,1,2016,September,38,15,0,1,2,0.0,0,SC,PRT,Online TA,TA/TO,0,0,0,A,A,0,No Deposit,9.0,0,Transient,159.0,0,1
City Hotel,0,55,2016,September,38,11,2,3,2,0.0,0,BB,PRT,Online TA,TA/TO,0,0,0,D,D,0,No Deposit,89.0,0,Transient,106.24,0,0
City Hotel,0,0,2016,September,38,15,0,1,2,0.0,0,BB,FRA,Online TA,TA/TO,0,0,0,A,A,0,No Deposit,9.0,0,Transient,179.0,0,2
City Hotel,0,70,2016,September,38,15,0,1,2,0.0,0,SC,CHE,Online TA,TA/TO,0,0,0,A,A,0,No Deposit,9.0,0,Transient,125.1,0,1
City Hotel,0,48,2016,September,38,14,0,2,2,0.0,0,BB,ESP,Offline TA/TO,TA/TO,0,0,0,A,A,0,No Deposit,281.0,0,Transient-Party,130.0,0,0
City Hotel,0,5,2016,September,38,13,0,3,2,0.0,0,BB,FRA,Online TA,TA/TO,0,0,0,D,D,0,No Deposit,9.0,0,Transient,184.0,0,1
City Hotel,0,48,2016,September,38,14,0,2,2,0.0,0,BB,ESP,Offline TA/TO,TA/TO,0,0,0,A,A,0,No Deposit,281.0,0,Transient-Party,130.0,0,0
City Hotel,0,1,2016,September,38,15,0,1,2,0.0,0,BB,ITA,Online TA,Corporate,0,0,0,A,B,1,No Deposit,,0,Transient,169.0,0,1
City Hotel,0,3,2016,September,38,15,0,1,2,0.0,0,BB,PRT,Online TA,TA/TO,0,0,0,A,A,0,No Deposit,9.0,0,Transient,178.0,0,1
City Hotel,0,48,2016,September,38,14,0,2,2,0.0,0,BB,PRT,Offline TA/TO,TA/TO,0,0,0,A,A,0,No Deposit,281.0,0,Transient-Party,130.0,0,0
City Hotel,0,48,2016,September,38,14,0,2,2,0.0,0,BB,ESP,Offline TA/TO,TA/TO,0,0,0,A,A,0,No Deposit,281.0,0,Transient-Party,130.0,0,0
City Hotel,0,48,2016,September,38,14,0,2,2,0.0,0,BB,PRT,Offline TA/TO,TA/TO,0,0,0,A,A,0,No Deposit,281.0,0,Transient-Party,130.0,0,0
City Hotel,0,48,2016,September,38,14,0,2,2,0.0,0,BB,ESP,Offline TA/TO,TA/TO,0,0,0,A,A,0,No Deposit,281.0,0,Transient-Party,130.0,0,0
City Hotel,0,48,2016,September,38,14,0,2,2,0.0,0,BB,ESP,Offline TA/TO,TA/TO,0,0,0,A,A,0,No Deposit,281.0,0,Transient-Party,130.0,0,0
City Hotel,0,48,2016,September,38,14,0,2,2,0.0,0,BB,ESP,Offline TA/TO,TA/TO,0,0,0,A,A,0,No Deposit,281.0,0,Transient-Party,130.0,0,0
City Hotel,0,48,2016,September,38,14,0,2,2,0.0,0,BB,ESP,Offline TA/TO,TA/TO,0,0,0,A,A,0,No Deposit,281.0,0,Transient-Party,130.0,0,0
City Hotel,0,1,2016,September,38,15,0,1,2,0.0,0,BB,PRT,Online TA,Corporate,0,0,0,A,B,1,No Deposit,,0,Transient,169.0,0,1
City Hotel,0,2,2016,September,38,15,0,1,2,0.0,0,SC,DEU,Direct,Direct,0,0,0,A,A,0,No Deposit,14.0,0,Transient,159.0,0,0
City Hotel,0,113,2016,September,38,11,2,3,2,0.0,0,BB,IRL,Online TA,TA/TO,0,0,0,A,A,0,No Deposit,8.0,0,Transient,129.6,0,1
City Hotel,0,30,2016,September,38,13,0,3,2,0.0,0,BB,AUS,Direct,Direct,0,0,0,G,G,0,No Deposit,14.0,0,Transient,240.3,0,0
City Hotel,0,1,2016,September,38,14,0,2,2,0.0,0,SC,PRT,Online TA,TA/TO,0,0,0,A,A,0,No Deposit,9.0,0,Transient,154.0,0,0
City Hotel,0,4,2016,September,38,13,0,3,2,0.0,0,BB,AUT,Offline TA/TO,TA/TO,0,0,0,A,A,0,No Deposit,27.0,0,Transient,95.0,0,0
City Hotel,0,42,2016,September,38,15,0,1,2,0.0,0,BB,CHN,Online TA,TA/TO,0,0,0,A,A,0,No Deposit,9.0,0,Transient,112.59,0,1
City Hotel,0,53,2016,September,38,15,0,1,2,0.0,0,BB,FRA,Online TA,TA/TO,0,0,0,A,A,0,No Deposit,9.0,0,Transient,135.9,0,1
City Hotel,0,68,2016,September,38,11,2,3,2,0.0,0,BB,ESP,Direct,Direct,0,0,0,D,D,0,No Deposit,,0,Transient,145.8,0,1
City Hotel,0,30,2016,September,38,15,0,1,2,0.0,0,SC,USA,Online TA,TA/TO,0,0,0,A,A,0,No Deposit,9.0,0,Transient,125.1,0,2
City Hotel,0,4,2016,September,38,13,0,3,2,0.0,0,BB,FRA,Online TA,TA/TO,0,0,0,D,D,0,No Deposit,9.0,0,Transient,174.67,0,1
City Hotel,0,2,2016,September,38,15,0,1,2,0.0,0,SC,PRT,Online TA,TA/TO,0,0,0,A,A,0,No Deposit,9.0,0,Transient,159.0,0,1
City Hotel,0,14,2016,September,38,15,0,1,2,0.0,0,BB,MAR,Online TA,TA/TO,0,0,0,A,A,0,No Deposit,83.0,0,Transient,135.2,0,0
City Hotel,0,22,2016,September,38,15,0,1,2,0.0,0,BB,GBR,Online TA,TA/TO,0,0,0,A,B,0,No Deposit,9.0,0,Transient,159.0,0,3
City Hotel,0,147,2016,September,38,12,1,3,2,0.0,0,BB,SWE,Online TA,TA/TO,0,0,0,A,A,0,No Deposit,9.0,0,Transient,126.9,0,1
City Hotel,0,13,2016,September,38,15,0,1,2,0.0,0,SC,DEU,Corporate,Corporate,0,0,0,A,A,0,No Deposit,,0,Transient-Party,100.0,0,1
City Hotel,0,13,2016,September,38,15,0,1,2,0.0,0,SC,FRA,Corporate,Corporate,0,0,0,A,A,0,No Deposit,,0,Transient-Party,100.0,0,1
City Hotel,0,0,2016,September,38,15,0,1,2,0.0,0,SC,USA,Online TA,TA/TO,0,0,0,A,A,0,No Deposit,152.0,0,Transient,106.28,0,0
City Hotel,0,238,2016,September,38,13,0,3,2,0.0,0,BB,FRA,Online TA,TA/TO,0,0,0,A,A,1,No Deposit,9.0,0,Transient,124.2,1,3
City Hotel,0,0,2016,September,38,13,0,3,2,0.0,0,BB,FRA,Online TA,TA/TO,0,0,0,A,D,0,No Deposit,9.0,0,Transient,106.2,0,1
City Hotel,0,1,2016,September,38,15,0,1,2,0.0,0,SC,ITA,Online TA,TA/TO,0,0,0,A,A,0,No Deposit,9.0,0,Transient,159.0,0,1
City Hotel,0,96,2016,September,38,13,0,3,2,0.0,0,BB,PRT,Offline TA/TO,TA/TO,0,0,0,D,D,0,No Deposit,16.0,0,Transient,90.95,0,0
City Hotel,0,13,2016,September,38,15,0,1,2,0.0,0,SC,ESP,Corporate,Corporate,0,0,0,A,A,0,No Deposit,,0,Transient-Party,100.0,0,1
City Hotel,0,13,2016,September,38,15,0,1,2,0.0,0,SC,ESP,Corporate,Corporate,0,0,0,A,B,0,No Deposit,,0,Transient-Party,100.0,0,1
City Hotel,0,128,2016,September,38,15,0,1,2,0.0,0,BB,DEU,Offline TA/TO,TA/TO,0,0,0,A,A,0,No Deposit,16.0,0,Transient,80.75,0,0
City Hotel,0,31,2016,September,38,16,1,2,2,0.0,0,BB,DEU,Offline TA/TO,TA/TO,0,0,0,A,A,0,No Deposit,6.0,0,Group,75.0,0,0
City Hotel,0,12,2016,September,38,14,0,2,2,0.0,0,SC,PRT,Corporate,Corporate,0,0,0,A,A,1,No Deposit,,0,Transient-Party,95.0,0,1
City Hotel,0,12,2016,September,38,14,0,2,2,0.0,0,SC,BEL,Corporate,Corporate,0,0,0,A,A,1,No Deposit,,0,Transient-Party,100.0,0,1
City Hotel,0,0,2016,September,38,14,0,2,2,0.0,0,BB,AGO,Direct,Direct,0,0,0,A,D,1,No Deposit,,0,Transient,90.0,0,0
City Hotel,0,15,2016,September,38,15,0,1,2,0.0,0,BB,PRT,Direct,Direct,0,0,0,A,A,0,No Deposit,14.0,0,Transient,170.0,1,2
City Hotel,0,9,2016,September,38,15,0,1,2,0.0,0,SC,USA,Online TA,TA/TO,0,0,0,A,A,0,No Deposit,9.0,0,Transient,149.0,0,3
City Hotel,0,19,2016,September,38,15,0,2,2,0.0,0,BB,PRT,Online TA,TA/TO,0,0,0,D,D,0,No Deposit,9.0,0,Transient,174.0,0,2
City Hotel,0,31,2016,September,38,16,0,1,2,0.0,0,SC,USA,Online TA,TA/TO,0,0,0,A,A,0,No Deposit,8.0,0,Transient,125.1,0,1
City Hotel,0,6,2016,September,38,16,0,1,2,0.0,0,SC,FRA,Online TA,TA/TO,0,0,0,A,D,1,No Deposit,9.0,0,Transient,149.0,0,1
City Hotel,0,1,2016,September,38,16,0,1,2,0.0,0,SC,GBR,Online TA,TA/TO,0,0,0,A,A,0,No Deposit,9.0,0,Transient,159.0,0,0
City Hotel,0,217,2016,September,38,15,0,2,2,0.0,0,BB,PRT,Online TA,TA/TO,0,0,0,A,A,0,No Deposit,9.0,0,Transient,126.9,0,2
City Hotel,0,6,2016,September,38,15,0,2,2,0.0,0,SC,ESP,Online TA,TA/TO,0,0,0,A,A,0,No Deposit,9.0,0,Transient,149.0,0,2
City Hotel,0,252,2016,September,38,16,0,1,2,0.0,0,SC,NLD,Online TA,TA/TO,0,0,0,A,A,0,No Deposit,9.0,0,Transient,95.4,0,2
City Hotel,0,15,2016,September,38,15,0,2,2,0.0,0,BB,USA,Online TA,TA/TO,0,0,0,D,A,0,No Deposit,7.0,0,Transient,141.68,0,1
City Hotel,0,60,2016,September,38,12,1,4,2,0.0,0,BB,BRA,Online TA,TA/TO,0,0,0,D,D,0,No Deposit,9.0,0,Transient,168.3,0,4
City Hotel,0,122,2016,September,38,11,2,4,2,0.0,0,BB,ESP,Offline TA/TO,TA/TO,0,0,0,A,A,0,No Deposit,28.0,0,Transient,80.75,0,0
City Hotel,0,115,2016,September,38,16,0,1,2,0.0,0,SC,USA,Online TA,TA/TO,0,0,0,A,A,0,No Deposit,9.0,0,Transient,118.8,0,2
City Hotel,0,3,2016,September,38,15,0,2,2,0.0,0,BB,CHN,Online TA,TA/TO,0,0,0,A,A,0,No Deposit,8.0,0,Transient,169.0,0,1
City Hotel,0,163,2016,September,37,10,2,5,2,0.0,0,BB,POL,Offline TA/TO,TA/TO,0,0,0,A,A,0,No Deposit,,0,Transient,96.88,0,0
City Hotel,0,30,2016,September,38,15,0,2,2,0.0,0,BB,GBR,Online TA,TA/TO,0,0,0,A,A,0,No Deposit,7.0,0,Transient,104.64,0,1
City Hotel,0,17,2016,September,38,15,0,2,2,0.0,0,SC,DEU,Online TA,TA/TO,0,0,0,A,A,0,No Deposit,9.0,0,Transient,128.0,1,2
City Hotel,0,115,2016,September,38,13,0,4,2,0.0,0,BB,BEL,Direct,Direct,0,0,0,A,A,0,No Deposit,14.0,0,Transient,118.8,0,0
City Hotel,0,187,2016,September,38,12,1,4,2,0.0,0,HB,GBR,Online TA,TA/TO,0,0,0,A,A,0,No Deposit,9.0,0,Transient,152.15,0,2
City Hotel,0,24,2016,September,38,15,0,2,2,0.0,0,SC,DEU,Online TA,TA/TO,0,0,0,A,A,0,No Deposit,9.0,0,Transient,148.0,1,2
City Hotel,0,247,2016,September,38,14,0,3,2,0.0,0,BB,GBR,Online TA,TA/TO,0,0,0,A,A,0,No Deposit,9.0,0,Transient,115.2,1,2
City Hotel,0,0,2016,September,38,16,0,1,2,0.0,0,SC,EST,Online TA,TA/TO,0,0,0,D,D,0,No Deposit,152.0,0,Transient,147.59,0,0
City Hotel,0,286,2016,September,38,16,0,2,2,0.0,0,HB,ITA,Offline TA/TO,TA/TO,0,0,0,A,A,1,No Deposit,3.0,44,Transient-Party,117.0,0,0
City Hotel,0,291,2016,September,39,21,0,1,2,0.0,0,HB,ITA,Offline TA/TO,TA/TO,0,0,1,A,D,0,No Deposit,3.0,44,Transient-Party,117.0,0,0
City Hotel,0,32,2016,September,38,15,0,2,2,0.0,0,BB,FRA,Online TA,TA/TO,0,0,0,D,D,0,No Deposit,9.0,0,Transient,149.4,0,2
City Hotel,0,307,2016,September,38,11,2,4,2,0.0,0,BB,PRT,Online TA,TA/TO,0,0,0,D,A,2,No Deposit,8.0,0,Transient,108.0,0,0
City Hotel,0,5,2016,September,38,16,0,1,2,0.0,0,BB,ITA,Online TA,TA/TO,0,0,0,A,B,1,No Deposit,7.0,0,Transient,139.13,1,1
City Hotel,0,187,2016,September,38,12,1,4,2,0.0,0,BB,DEU,Offline TA/TO,TA/TO,0,0,0,B,B,0,No Deposit,27.0,0,Transient-Party,80.75,0,0
City Hotel,0,187,2016,September,38,12,1,4,2,0.0,0,BB,DEU,Offline TA/TO,TA/TO,0,0,0,B,B,0,No Deposit,27.0,0,Transient-Party,80.75,0,1
City Hotel,0,154,2016,September,38,12,1,4,2,0.0,0,BB,DEU,Offline TA/TO,TA/TO,0,0,0,A,A,0,No Deposit,168.0,0,Transient,80.75,0,0
City Hotel,0,154,2016,September,38,12,1,4,2,0.0,0,BB,DEU,Offline TA/TO,TA/TO,0,0,0,A,A,0,No Deposit,22.0,0,Transient,80.75,0,0
City Hotel,0,33,2016,September,38,15,0,2,2,0.0,0,BB,DEU,Online TA,TA/TO,0,0,0,A,A,0,No Deposit,7.0,0,Transient,117.33,1,2
City Hotel,0,222,2016,September,38,14,0,3,2,0.0,0,BB,CHE,Online TA,TA/TO,0,0,0,B,B,1,No Deposit,9.0,0,Transient,116.1,0,0
City Hotel,0,1,2016,September,38,15,0,2,2,0.0,0,BB,AUS,Online TA,TA/TO,0,0,0,A,A,0,No Deposit,8.0,0,Transient,179.0,0,1
City Hotel,0,114,2016,September,38,12,1,4,2,0.0,0,BB,NLD,Online TA,TA/TO,0,0,0,A,A,0,No Deposit,9.0,0,Transient,129.6,0,1
City Hotel,0,7,2016,September,38,15,0,2,2,0.0,0,SC,BRA,Online TA,TA/TO,0,0,0,A,A,0,No Deposit,9.0,0,Transient,153.5,0,2
City Hotel,0,2,2016,September,38,14,0,3,2,0.0,0,BB,CHE,Online TA,TA/TO,0,0,0,A,A,1,No Deposit,9.0,0,Transient,116.67,0,2
City Hotel,0,31,2016,September,37,10,2,5,2,0.0,0,BB,FRA,Online TA,TA/TO,0,0,0,G,G,0,No Deposit,7.0,0,Transient,178.42,0,1
City Hotel,0,222,2016,September,38,14,0,3,2,0.0,0,BB,CHE,Online TA,TA/TO,0,0,0,B,B,1,No Deposit,9.0,0,Transient,116.1,0,0
City Hotel,0,14,2016,September,38,15,0,2,2,0.0,0,BB,GBR,Online TA,TA/TO,0,0,0,E,E,0,No Deposit,83.0,0,Transient,167.2,0,0
City Hotel,0,158,2016,September,38,16,0,1,2,0.0,0,BB,FRA,Online TA,TA/TO,0,0,0,A,D,0,No Deposit,9.0,0,Transient,126.9,0,1
City Hotel,0,114,2016,September,38,12,1,4,2,0.0,0,BB,NLD,Online TA,TA/TO,0,0,0,A,A,0,No Deposit,9.0,0,Transient,129.6,0,1
City Hotel,0,17,2016,September,38,16,0,1,2,0.0,0,BB,FRA,Online TA,TA/TO,0,0,0,D,D,0,No Deposit,9.0,0,Transient,183.0,0,1
City Hotel,0,0,2016,September,38,12,1,4,2,0.0,0,BB,TUN,Offline TA/TO,TA/TO,0,0,0,A,A,1,No Deposit,20.0,0,Transient,120.0,0,0
City Hotel,0,62,2016,September,38,14,0,4,2,0.0,0,BB,FRA,Online TA,TA/TO,0,0,0,D,D,0,No Deposit,9.0,0,Transient,149.4,0,0
City Hotel,0,286,2016,September,38,16,0,2,2,0.0,0,HB,ITA,Offline TA/TO,TA/TO,0,0,0,A,B,0,No Deposit,3.0,44,Transient-Party,117.0,0,1
City Hotel,0,291,2016,September,39,21,0,1,2,0.0,0,HB,ITA,Offline TA/TO,TA/TO,0,0,1,A,A,0,No Deposit,3.0,44,Transient-Party,117.0,0,1
City Hotel,0,41,2016,September,38,14,0,4,2,0.0,0,BB,ITA,Groups,TA/TO,0,0,0,A,A,1,No Deposit,86.0,0,Transient-Party,117.0,0,0
City Hotel,0,75,2016,September,38,14,0,4,2,0.0,0,BB,FRA,Online TA,TA/TO,0,0,0,D,D,0,No Deposit,9.0,0,Transient,149.4,0,3
City Hotel,0,24,2016,September,38,16,0,2,2,0.0,0,SC,BRA,Online TA,TA/TO,0,0,0,A,A,0,No Deposit,9.0,0,Transient,139.0,0,1
City Hotel,0,65,2016,September,38,14,0,4,2,0.0,0,BB,GBR,Online TA,TA/TO,0,0,0,D,D,0,No Deposit,9.0,0,Transient,149.4,0,1
City Hotel,0,286,2016,September,38,16,0,2,2,0.0,0,HB,ITA,Offline TA/TO,TA/TO,0,0,0,A,A,0,No Deposit,3.0,44,Transient-Party,117.0,0,1
City Hotel,0,291,2016,September,39,21,0,1,2,0.0,0,HB,ITA,Offline TA/TO,TA/TO,0,0,1,A,A,0,No Deposit,3.0,44,Transient-Party,117.0,0,1
City Hotel,0,286,2016,September,38,16,0,2,2,0.0,0,HB,ITA,Offline TA/TO,TA/TO,0,0,0,A,A,0,No Deposit,3.0,44,Transient-Party,58.5,0,0
City Hotel,0,291,2016,September,39,21,0,1,2,0.0,0,HB,ITA,Offline TA/TO,TA/TO,0,0,1,A,E,0,No Deposit,3.0,44,Transient-Party,58.5,0,0
City Hotel,0,286,2016,September,38,16,0,2,2,0.0,0,HB,ITA,Offline TA/TO,TA/TO,0,0,0,A,A,0,No Deposit,3.0,44,Transient-Party,117.0,0,0
City Hotel,0,291,2016,September,39,21,0,1,2,0.0,0,HB,ITA,Offline TA/TO,TA/TO,0,0,1,A,D,0,No Deposit,3.0,44,Transient-Party,117.0,0,0
City Hotel,0,286,2016,September,38,16,0,2,2,0.0,0,HB,ITA,Offline TA/TO,TA/TO,0,0,0,A,A,0,No Deposit,3.0,44,Transient-Party,117.0,0,1
City Hotel,0,291,2016,September,39,21,0,1,2,0.0,0,HB,ITA,Offline TA/TO,TA/TO,0,0,1,A,A,0,No Deposit,3.0,44,Transient-Party,117.0,0,1
City Hotel,0,286,2016,September,38,16,0,2,2,0.0,0,HB,ITA,Offline TA/TO,TA/TO,0,0,0,A,A,0,No Deposit,3.0,44,Transient-Party,117.0,0,0
City Hotel,0,291,2016,September,39,21,0,1,2,0.0,0,HB,ITA,Offline TA/TO,TA/TO,0,0,1,A,E,0,No Deposit,3.0,44,Transient-Party,117.0,0,0
City Hotel,0,286,2016,September,38,16,0,2,2,0.0,0,HB,ITA,Offline TA/TO,TA/TO,0,0,0,A,A,0,No Deposit,3.0,44,Transient-Party,117.0,0,0
City Hotel,0,291,2016,September,39,21,0,1,2,0.0,0,HB,ITA,Offline TA/TO,TA/TO,0,0,1,A,B,0,No Deposit,3.0,44,Transient-Party,117.0,0,0
City Hotel,0,286,2016,September,38,16,0,2,2,0.0,0,HB,ITA,Offline TA/TO,TA/TO,0,0,0,A,A,0,No Deposit,3.0,44,Transient-Party,117.0,0,1
City Hotel,0,291,2016,September,39,21,0,1,2,0.0,0,HB,ITA,Offline TA/TO,TA/TO,0,0,1,A,A,0,No Deposit,3.0,44,Group,117.0,0,1
City Hotel,0,286,2016,September,38,16,0,2,2,0.0,0,HB,ITA,Offline TA/TO,TA/TO,0,0,0,A,A,0,No Deposit,3.0,44,Transient-Party,117.0,0,1
City Hotel,0,291,2016,September,39,21,0,1,2,0.0,0,HB,ITA,Offline TA/TO,TA/TO,0,0,1,A,A,0,No Deposit,3.0,44,Transient-Party,117.0,0,1
City Hotel,0,286,2016,September,38,16,0,2,2,0.0,0,HB,ITA,Offline TA/TO,TA/TO,0,0,0,A,A,0,No Deposit,3.0,44,Transient-Party,117.0,0,0
City Hotel,0,291,2016,September,39,21,0,1,2,0.0,0,HB,ITA,Offline TA/TO,TA/TO,0,0,1,A,D,0,No Deposit,3.0,44,Transient-Party,117.0,0,0
City Hotel,0,197,2016,September,38,15,0,3,2,0.0,0,SC,USA,Online TA,TA/TO,0,0,0,A,A,0,No Deposit,9.0,0,Transient,116.1,0,1
City Hotel,0,232,2016,September,38,15,0,3,2,0.0,0,BB,AUT,Offline TA/TO,TA/TO,0,0,0,A,A,0,No Deposit,22.0,0,Transient,80.75,0,0
City Hotel,0,30,2016,September,38,16,0,2,2,0.0,0,BB,FRA,Direct,Direct,0,0,0,E,E,0,No Deposit,14.0,0,Transient,172.63,1,0
City Hotel,0,64,2016,September,38,16,0,2,2,0.0,0,BB,ESP,Online TA,TA/TO,0,0,0,D,D,0,No Deposit,9.0,0,Transient,168.3,0,1
City Hotel,0,78,2016,September,38,13,0,5,2,0.0,0,BB,GBR,Direct,Direct,0,0,0,D,D,0,No Deposit,14.0,0,Transient,145.8,0,0
City Hotel,0,116,2016,September,38,15,0,3,2,0.0,0,BB,DEU,Online TA,TA/TO,0,0,0,A,A,0,No Deposit,9.0,0,Transient,129.6,0,2
City Hotel,0,88,2016,September,38,16,0,2,2,0.0,0,BB,ISR,Online TA,TA/TO,0,0,0,D,B,0,No Deposit,9.0,0,Transient,158.4,1,1
City Hotel,0,34,2016,September,38,15,0,3,2,0.0,0,BB,ESP,Online TA,TA/TO,0,0,0,E,E,2,No Deposit,83.0,0,Transient,152.8,0,0
City Hotel,0,0,2016,September,38,16,0,2,2,0.0,0,BB,ESP,Offline TA/TO,TA/TO,0,0,0,A,A,0,No Deposit,42.0,0,Transient,95.0,0,0
City Hotel,0,110,2016,September,38,14,0,4,2,0.0,0,SC,GBR,Online TA,TA/TO,0,0,0,A,D,0,No Deposit,7.0,0,Transient,86.9,0,1
City Hotel,0,110,2016,September,38,14,0,4,2,0.0,0,SC,GBR,Online TA,TA/TO,0,0,0,A,D,0,No Deposit,7.0,0,Transient,86.9,0,1
City Hotel,0,27,2016,September,38,16,0,2,2,0.0,0,SC,DEU,Online TA,TA/TO,0,0,0,A,A,0,No Deposit,9.0,0,Transient,139.0,0,0
City Hotel,0,24,2016,September,38,16,0,2,2,0.0,0,BB,PRT,Direct,Direct,0,0,0,A,A,0,No Deposit,14.0,0,Transient,149.0,0,1
City Hotel,0,64,2016,September,38,15,0,3,2,0.0,0,BB,GBR,Online TA,TA/TO,0,0,0,D,D,0,No Deposit,9.0,0,Transient,149.4,0,2
City Hotel,0,20,2016,September,38,16,0,2,2,0.0,0,BB,FRA,Online TA,TA/TO,0,0,0,D,D,0,No Deposit,9.0,0,Transient,174.0,0,1
City Hotel,0,226,2016,September,38,16,0,2,2,0.0,0,BB,DEU,Online TA,TA/TO,0,0,0,A,A,0,No Deposit,9.0,0,Transient,126.9,0,1
City Hotel,0,22,2016,September,38,15,0,3,2,0.0,0,SC,CZE,Online TA,TA/TO,0,0,0,A,A,0,No Deposit,9.0,0,Transient,139.0,0,3
City Hotel,0,64,2016,September,38,16,0,2,2,0.0,0,BB,ESP,Online TA,TA/TO,0,0,0,D,D,0,No Deposit,9.0,0,Transient,149.4,0,1
City Hotel,0,32,2016,September,38,17,0,1,2,0.0,0,BB,GBR,Offline TA/TO,TA/TO,0,0,0,A,A,0,No Deposit,85.0,0,Transient,85.5,0,2
City Hotel,0,4,2016,September,38,16,0,2,2,0.0,0,BB,ESP,Online TA,TA/TO,0,0,0,A,B,0,No Deposit,9.0,0,Transient,183.0,0,1
City Hotel,0,38,2016,September,38,16,0,2,2,0.0,0,BB,DEU,Online TA,TA/TO,0,0,0,E,E,0,No Deposit,83.0,0,Transient,137.52,0,0
City Hotel,0,141,2016,September,38,14,0,4,2,0.0,0,BB,GBR,Online TA,TA/TO,0,0,0,A,A,0,No Deposit,8.0,0,Transient,129.6,0,1
City Hotel,0,36,2016,September,38,16,0,2,2,0.0,0,BB,ITA,Online TA,TA/TO,0,0,0,G,G,0,No Deposit,8.0,0,Transient,243.9,0,2
City Hotel,0,225,2016,September,38,14,0,4,2,0.0,0,BB,DNK,Online TA,TA/TO,0,0,0,A,A,0,No Deposit,9.0,0,Transient,119.85,0,2
City Hotel,0,8,2016,September,38,17,0,1,2,0.0,0,BB,PRT,Online TA,TA/TO,0,0,0,D,D,0,No Deposit,9.0,0,Transient,184.0,0,0
City Hotel,0,28,2016,September,38,16,0,2,2,0.0,0,BB,GBR,Online TA,TA/TO,0,0,0,A,A,0,No Deposit,8.0,0,Transient,159.0,0,1
City Hotel,0,11,2017,March,10,6,1,0,2,0.0,0,BB,GBR,Online TA,TA/TO,1,0,1,A,A,0,No Deposit,9.0,0,Transient,108.0,0,2
City Hotel,0,66,2016,September,38,15,0,3,2,0.0,0,BB,GBR,Online TA,TA/TO,0,0,0,D,D,0,No Deposit,9.0,0,Transient,149.4,0,2
City Hotel,0,112,2016,September,38,15,0,3,2,0.0,0,BB,VNM,Online TA,TA/TO,0,0,0,A,A,0,No Deposit,7.0,0,Transient,94.81,0,1
City Hotel,0,128,2016,September,38,16,0,2,2,0.0,0,BB,GBR,Direct,Direct,0,0,0,A,A,0,No Deposit,14.0,0,Transient,112.2,0,1
City Hotel,0,64,2016,September,38,16,0,2,2,0.0,0,BB,ESP,Online TA,TA/TO,0,0,0,D,D,0,No Deposit,9.0,0,Transient,158.4,0,1
City Hotel,0,64,2016,September,38,16,0,2,2,0.0,0,BB,ESP,Online TA,TA/TO,0,0,0,D,D,0,No Deposit,9.0,0,Transient,149.4,0,1
City Hotel,0,64,2016,September,38,16,0,2,2,0.0,0,BB,ESP,Online TA,TA/TO,0,0,0,D,D,0,No Deposit,9.0,0,Transient,149.4,0,1
City Hotel,0,120,2016,September,38,11,2,5,2,0.0,0,BB,PRT,Online TA,TA/TO,0,0,0,A,A,0,No Deposit,7.0,0,Transient,94.81,0,1
City Hotel,0,19,2016,September,38,17,0,1,2,0.0,0,BB,DEU,Direct,Direct,0,0,0,A,A,1,No Deposit,14.0,0,Transient,189.0,0,2
City Hotel,0,37,2016,September,38,15,0,3,2,0.0,0,BB,GBR,Direct,Direct,0,0,0,E,E,0,No Deposit,14.0,0,Transient,168.3,0,0
City Hotel,0,3,2016,September,38,15,0,3,2,0.0,0,SC,AGO,Online TA,TA/TO,0,0,0,A,A,0,No Deposit,9.0,0,Transient,161.33,1,2
City Hotel,0,128,2016,September,38,16,0,2,2,0.0,0,SC,GBR,Online TA,TA/TO,0,0,0,A,A,0,No Deposit,89.0,0,Transient,100.29,0,3
City Hotel,0,128,2016,September,38,16,0,2,2,0.0,0,SC,GBR,Online TA,TA/TO,0,0,0,A,A,0,No Deposit,89.0,0,Transient,100.29,0,3
City Hotel,0,77,2016,September,38,16,0,2,2,0.0,0,BB,FRA,Online TA,TA/TO,0,0,0,D,D,0,No Deposit,9.0,0,Transient,149.4,0,1
City Hotel,0,54,2016,September,39,18,1,0,2,0.0,0,SC,FRA,Online TA,TA/TO,0,0,0,A,D,0,No Deposit,9.0,0,Group,125.1,0,1
City Hotel,0,131,2017,July,29,20,1,3,2,0.0,0,BB,FRA,Online TA,TA/TO,1,0,2,D,D,0,No Deposit,9.0,0,Transient,137.25,0,3
City Hotel,0,18,2016,September,38,15,0,3,2,0.0,0,BB,ITA,Online TA,TA/TO,0,0,0,D,D,0,No Deposit,9.0,0,Transient,174.0,0,2
City Hotel,0,60,2016,September,37,10,2,6,2,0.0,0,BB,IRL,Online TA,TA/TO,0,0,0,D,D,0,No Deposit,9.0,0,Transient,149.4,0,2
City Hotel,0,72,2016,September,38,12,2,5,2,0.0,0,BB,GBR,Online TA,TA/TO,0,0,0,D,D,0,No Deposit,9.0,0,Transient,149.4,0,0
City Hotel,0,55,2016,September,39,18,1,0,2,0.0,0,BB,CN,Online TA,TA/TO,0,0,0,A,A,0,No Deposit,9.0,0,Transient,135.9,0,1
City Hotel,0,179,2016,September,38,12,2,5,2,0.0,0,BB,DEU,Offline TA/TO,TA/TO,0,0,0,A,A,0,No Deposit,22.0,0,Transient,80.75,0,0
City Hotel,0,57,2016,September,38,16,1,2,2,0.0,0,BB,AUT,Offline TA/TO,TA/TO,0,0,0,D,D,0,No Deposit,27.0,0,Transient,90.95,0,0
City Hotel,0,318,2016,September,38,16,1,2,2,0.0,0,BB,DEU,Offline TA/TO,TA/TO,0,0,0,A,A,0,No Deposit,16.0,0,Transient,80.75,0,0
City Hotel,0,315,2016,September,38,17,1,1,2,0.0,0,BB,AUT,Groups,TA/TO,0,0,0,A,A,0,No Deposit,1.0,38,Transient-Party,65.0,0,1
City Hotel,0,29,2016,September,38,17,1,1,2,0.0,0,BB,BRA,Offline TA/TO,TA/TO,0,0,0,A,A,0,No Deposit,138.0,0,Transient,95.0,0,0
City Hotel,0,315,2016,September,38,17,1,1,2,0.0,0,BB,FRA,Groups,TA/TO,0,0,0,A,A,0,No Deposit,1.0,38,Transient-Party,65.0,0,1
City Hotel,0,25,2016,September,38,16,1,2,2,0.0,0,BB,CHE,Online TA,TA/TO,0,0,0,A,A,0,No Deposit,9.0,0,Transient,155.67,0,4
City Hotel,0,18,2016,September,38,15,1,3,2,0.0,0,BB,NLD,Online TA,TA/TO,0,0,0,D,A,0,No Deposit,7.0,0,Transient,105.64,0,1
City Hotel,0,5,2016,September,38,17,1,1,2,0.0,0,SC,GBR,Online TA,TA/TO,0,0,0,A,A,0,No Deposit,9.0,0,Transient,154.0,0,4
City Hotel,0,5,2016,September,38,17,1,1,2,0.0,0,SC,GBR,Online TA,TA/TO,0,0,0,A,A,0,No Deposit,9.0,0,Transient,154.0,1,4
City Hotel,0,8,2016,September,38,16,1,2,2,0.0,0,BB,ITA,Offline TA/TO,TA/TO,0,0,0,A,A,0,No Deposit,26.0,0,Transient,126.0,0,2
City Hotel,0,85,2016,September,38,15,1,3,2,0.0,0,BB,BEL,Online TA,TA/TO,0,0,0,D,D,0,No Deposit,9.0,0,Transient,149.4,0,1
City Hotel,0,315,2016,September,38,17,1,1,2,0.0,0,BB,FRA,Groups,TA/TO,0,0,0,A,A,0,No Deposit,1.0,38,Transient-Party,65.0,0,1
City Hotel,0,315,2016,September,38,17,1,1,2,0.0,0,BB,PRT,Groups,TA/TO,0,0,0,A,B,0,No Deposit,1.0,38,Transient-Party,65.0,0,1
City Hotel,0,315,2016,September,38,17,1,1,2,0.0,0,BB,FRA,Groups,TA/TO,0,0,0,A,A,0,No Deposit,1.0,38,Transient-Party,65.0,0,1
City Hotel,0,75,2016,September,38,17,1,1,2,0.0,0,BB,DEU,Offline TA/TO,TA/TO,0,0,0,A,A,0,No Deposit,22.0,0,Transient,80.75,0,0
City Hotel,0,315,2016,September,38,17,1,1,2,0.0,0,BB,FRA,Groups,TA/TO,0,0,0,A,A,0,No Deposit,1.0,38,Transient-Party,65.0,0,1
City Hotel,0,315,2016,September,38,17,1,1,2,0.0,0,BB,FRA,Groups,TA/TO,0,0,0,A,A,0,No Deposit,1.0,38,Transient-Party,65.0,0,1
City Hotel,0,147,2016,September,38,16,1,2,2,0.0,0,BB,DEU,Offline TA/TO,TA/TO,0,0,0,A,A,0,No Deposit,3.0,0,Transient,89.75,0,2
City Hotel,0,31,2016,September,38,16,1,2,2,0.0,0,BB,DEU,Offline TA/TO,TA/TO,0,0,0,A,A,0,No Deposit,6.0,0,Transient-Party,75.0,0,0
City Hotel,0,31,2016,September,38,16,1,2,2,0.0,0,BB,DEU,Offline TA/TO,TA/TO,0,0,0,A,A,0,No Deposit,6.0,0,Transient-Party,75.0,0,0
City Hotel,0,31,2016,September,38,16,1,2,2,0.0,0,BB,DEU,Offline TA/TO,TA/TO,0,0,0,A,A,0,No Deposit,6.0,0,Transient-Party,75.0,0,0
City Hotel,0,31,2016,September,38,16,1,2,2,0.0,0,BB,DEU,Offline TA/TO,TA/TO,0,0,0,A,A,0,No Deposit,6.0,0,Transient-Party,75.0,0,0
City Hotel,0,6,2016,September,38,17,1,1,2,0.0,0,SC,CHE,Online TA,TA/TO,0,0,0,A,A,0,No Deposit,9.0,0,Transient,149.0,0,1
City Hotel,0,12,2016,September,38,14,1,4,2,0.0,0,BB,ITA,Online TA,TA/TO,0,0,0,D,D,0,No Deposit,8.0,0,Transient,147.2,0,1
City Hotel,0,25,2016,September,38,15,1,3,2,0.0,0,BB,NLD,Online TA,TA/TO,0,0,0,A,A,0,No Deposit,9.0,0,Transient,165.5,1,2
City Hotel,0,150,2016,September,38,16,1,2,2,0.0,0,BB,NLD,Online TA,TA/TO,0,0,0,A,A,0,No Deposit,9.0,0,Transient,126.9,0,1
City Hotel,0,31,2016,September,38,16,1,2,2,0.0,0,BB,DEU,Offline TA/TO,TA/TO,0,0,0,A,A,0,No Deposit,6.0,0,Transient-Party,75.0,0,0
City Hotel,0,31,2016,September,38,16,1,2,2,0.0,0,BB,DEU,Offline TA/TO,TA/TO,0,0,0,A,D,0,No Deposit,6.0,0,Transient-Party,75.0,0,0
City Hotel,0,315,2016,September,38,17,1,1,2,0.0,0,BB,FRA,Groups,TA/TO,0,0,0,A,B,0,No Deposit,1.0,38,Transient-Party,65.0,0,1
City Hotel,0,2,2016,September,38,17,1,1,2,0.0,0,SC,PRT,Online TA,TA/TO,0,0,0,A,A,0,No Deposit,152.0,0,Transient,94.32,0,0
City Hotel,0,315,2016,September,38,17,1,1,2,0.0,0,BB,FRA,Groups,TA/TO,0,0,0,A,A,0,No Deposit,1.0,38,Transient-Party,65.0,0,1
City Hotel,0,315,2016,September,38,17,1,1,2,0.0,0,BB,FRA,Groups,TA/TO,0,0,0,A,A,0,No Deposit,1.0,38,Transient-Party,65.0,0,1
City Hotel,0,4,2016,September,38,15,1,3,2,0.0,0,SC,CHE,Online TA,TA/TO,0,0,0,A,A,0,No Deposit,7.0,0,Transient,108.99,0,1
City Hotel,0,22,2016,September,38,15,1,3,2,0.0,0,BB,FIN,Online TA,TA/TO,0,0,0,D,D,0,No Deposit,7.0,0,Transient,105.64,0,1
City Hotel,0,66,2016,September,38,14,1,4,2,0.0,0,BB,NLD,Online TA,TA/TO,0,0,0,D,D,0,No Deposit,7.0,0,Transient,109.29,0,1
City Hotel,0,98,2016,September,38,16,1,2,2,0.0,0,BB,GBR,Offline TA/TO,TA/TO,0,0,0,A,A,0,No Deposit,85.0,0,Transient,80.75,0,0
City Hotel,0,70,2016,September,38,16,1,2,2,0.0,0,BB,NLD,Online TA,TA/TO,0,0,0,D,D,0,No Deposit,9.0,0,Transient,158.4,1,1
City Hotel,0,34,2016,September,39,18,1,0,2,0.0,0,BB,GBR,Offline TA/TO,TA/TO,0,0,0,A,A,0,No Deposit,22.0,0,Transient,85.5,0,0
City Hotel,0,315,2016,September,38,17,1,1,2,0.0,0,BB,FRA,Groups,TA/TO,0,0,0,A,A,1,No Deposit,1.0,38,Transient-Party,65.0,0,1
City Hotel,0,35,2016,September,38,17,1,1,2,0.0,0,BB,CN,Offline TA/TO,TA/TO,0,0,0,A,A,0,No Deposit,3.0,0,Transient,85.5,0,0
City Hotel,0,315,2016,September,38,17,1,1,2,0.0,0,BB,FRA,Groups,TA/TO,0,0,0,A,A,0,No Deposit,1.0,38,Transient-Party,65.0,0,1
City Hotel,0,11,2016,September,38,15,1,3,2,0.0,0,BB,ITA,Online TA,TA/TO,0,0,0,D,D,0,No Deposit,7.0,0,Transient,113.34,0,1
City Hotel,0,1,2016,September,38,17,1,1,2,0.0,0,BB,USA,Online TA,TA/TO,0,0,0,D,D,0,No Deposit,7.0,0,Transient,155.54,0,2
City Hotel,0,7,2016,September,38,16,1,2,2,0.0,0,BB,DEU,Online TA,TA/TO,0,0,0,F,F,0,No Deposit,7.0,0,Transient,191.73,0,2
City Hotel,0,0,2016,September,38,16,1,2,2,0.0,0,BB,PRT,Complementary,Direct,0,0,0,D,D,0,No Deposit,,0,Transient,0.0,0,2
City Hotel,0,315,2016,September,38,17,1,1,2,0.0,0,BB,FRA,Groups,TA/TO,0,0,0,A,A,0,No Deposit,1.0,38,Transient-Party,65.0,0,1
City Hotel,0,80,2016,September,38,15,1,3,2,0.0,0,BB,FRA,Online TA,TA/TO,0,0,0,D,D,1,No Deposit,9.0,0,Transient,168.3,0,0
City Hotel,0,315,2016,September,38,17,1,1,2,0.0,0,BB,FRA,Groups,TA/TO,0,0,0,A,A,0,No Deposit,1.0,38,Transient-Party,65.0,0,1
City Hotel,0,67,2016,September,38,16,2,2,2,0.0,0,BB,USA,Direct,Direct,0,0,0,D,D,0,No Deposit,14.0,0,Transient,137.7,0,1
City Hotel,0,220,2016,September,38,17,2,1,2,0.0,0,HB,ITA,Offline TA/TO,TA/TO,0,0,0,A,A,0,No Deposit,177.0,0,Transient-Party,156.0,0,1
City Hotel,0,172,2016,September,38,16,2,2,2,0.0,0,BB,PRT,Offline TA/TO,TA/TO,0,0,0,A,A,0,No Deposit,138.0,0,Transient,80.75,0,0
City Hotel,0,173,2016,September,38,13,2,5,2,0.0,0,BB,FRA,Online TA,TA/TO,0,0,0,A,A,0,No Deposit,9.0,0,Transient,126.9,0,1
City Hotel,0,220,2016,September,38,17,2,1,2,0.0,0,HB,ITA,Offline TA/TO,TA/TO,0,0,0,A,A,0,No Deposit,177.0,0,Transient-Party,156.0,0,1
City Hotel,0,25,2016,September,38,17,2,1,2,0.0,0,HB,ITA,Groups,TA/TO,0,0,0,A,B,1,No Deposit,177.0,0,Transient-Party,156.0,0,1
City Hotel,0,32,2016,September,38,13,2,5,2,0.0,0,BB,ROU,Online TA,TA/TO,0,0,0,E,E,0,No Deposit,83.0,0,Transient,137.52,0,1
City Hotel,0,25,2016,September,38,17,2,1,2,0.0,0,HB,ITA,Groups,TA/TO,0,0,0,A,B,1,No Deposit,177.0,0,Transient-Party,156.0,0,1
City Hotel,0,4,2016,September,39,19,1,0,2,0.0,0,SC,ESP,Offline TA/TO,TA/TO,0,0,0,A,A,0,No Deposit,85.0,0,Transient,85.0,0,0
City Hotel,0,95,2016,September,38,13,2,5,2,0.0,0,HB,IRL,Online TA,TA/TO,0,0,0,D,D,0,No Deposit,9.0,0,Transient,183.6,0,1
City Hotel,0,220,2016,September,38,17,2,1,2,0.0,0,HB,ITA,Offline TA/TO,TA/TO,0,0,0,A,A,0,No Deposit,177.0,0,Transient-Party,156.0,0,1
City Hotel,0,25,2016,September,39,18,2,0,2,0.0,0,BB,ITA,Online TA,TA/TO,0,0,0,A,A,1,No Deposit,9.0,0,Transient,158.0,0,1
City Hotel,0,159,2016,September,39,19,1,2,2,0.0,0,BB,PYF,Offline TA/TO,TA/TO,0,0,0,A,A,1,No Deposit,240.0,0,Transient-Party,144.0,0,0
City Hotel,0,19,2016,September,39,18,2,0,2,0.0,0,BB,MAR,Offline TA/TO,TA/TO,0,0,0,A,A,0,No Deposit,3.0,0,Transient,95.0,0,0
City Hotel,0,74,2016,September,39,18,2,0,2,0.0,0,BB,CN,Offline TA/TO,TA/TO,0,0,0,A,A,0,No Deposit,83.0,0,Transient,102.68,0,0
City Hotel,0,19,2016,September,39,19,1,0,2,0.0,0,BB,CN,Offline TA/TO,TA/TO,0,0,0,A,A,0,No Deposit,3.0,0,Transient,104.0,0,2
City Hotel,0,28,2016,September,39,18,2,0,2,0.0,0,BB,FRA,Online TA,TA/TO,0,0,0,A,A,0,No Deposit,9.0,0,Transient,149.0,0,1
City Hotel,0,74,2016,September,39,18,2,0,2,0.0,0,BB,DEU,Offline TA/TO,TA/TO,0,0,0,A,A,0,No Deposit,83.0,0,Transient,102.68,0,0
City Hotel,0,5,2016,September,39,18,2,0,2,0.0,0,SC,GBR,Offline TA/TO,TA/TO,0,0,0,A,A,0,No Deposit,15.0,0,Transient,123.7,0,0
City Hotel,0,53,2016,September,38,17,2,1,2,0.0,0,BB,GBR,Offline TA/TO,TA/TO,0,0,0,A,A,0,No Deposit,168.0,0,Transient,85.5,0,0
City Hotel,0,25,2016,September,38,16,2,2,2,0.0,0,BB,ESP,Online TA,TA/TO,0,0,0,A,A,0,No Deposit,9.0,0,Transient,154.0,0,0
City Hotel,0,46,2016,September,39,19,1,0,2,0.0,0,SC,BEL,Online TA,TA/TO,0,0,0,A,A,0,No Deposit,9.0,0,Transient,125.1,0,1
City Hotel,0,53,2016,September,39,18,2,0,2,0.0,0,BB,DEU,Offline TA/TO,TA/TO,0,0,0,A,A,0,No Deposit,27.0,0,Transient,94.5,1,0
City Hotel,0,89,2016,September,38,16,2,2,2,0.0,0,BB,USA,Online TA,TA/TO,0,0,0,D,D,3,No Deposit,9.0,0,Transient,149.4,0,1
City Hotel,0,88,2016,September,38,15,2,3,2,0.0,0,BB,USA,Online TA,TA/TO,0,0,0,D,D,4,No Deposit,9.0,0,Transient,149.4,0,1
City Hotel,0,92,2016,September,39,19,1,0,2,0.0,0,SC,DEU,Online TA,TA/TO,0,0,0,A,D,0,No Deposit,9.0,0,Transient,125.1,0,2
City Hotel,0,4,2016,September,38,15,2,3,2,0.0,0,BB,GBR,Online TA,TA/TO,0,0,0,A,A,0,No Deposit,9.0,0,Transient,169.0,0,0
City Hotel,0,6,2016,September,39,19,1,0,2,0.0,0,SC,DEU,Online TA,TA/TO,0,0,0,A,A,0,No Deposit,10.0,0,Transient,183.1,1,0
City Hotel,0,220,2016,September,38,17,2,1,2,0.0,0,HB,ITA,Offline TA/TO,TA/TO,0,0,0,A,A,0,No Deposit,177.0,0,Transient-Party,156.0,0,1
City Hotel,0,158,2016,September,38,17,2,1,2,0.0,0,BB,NLD,Offline TA/TO,TA/TO,0,0,0,A,A,0,No Deposit,121.0,0,Transient,80.75,0,0
City Hotel,0,74,2016,September,38,16,2,2,2,0.0,0,BB,FRA,Offline TA/TO,TA/TO,0,0,0,A,A,0,No Deposit,138.0,0,Transient,95.0,0,0
City Hotel,0,253,2016,September,39,19,1,0,2,0.0,0,BB,DEU,Online TA,TA/TO,0,0,0,D,D,0,No Deposit,9.0,0,Transient-Party,115.2,0,2
City Hotel,0,253,2016,September,39,19,1,0,2,0.0,0,BB,DEU,Online TA,TA/TO,0,0,0,D,D,0,No Deposit,9.0,0,Transient-Party,115.2,0,2
City Hotel,0,1,2017,March,11,15,0,1,2,0.0,0,BB,PRT,Complementary,Direct,1,0,1,G,G,0,No Deposit,,0,Transient,0.0,0,2
City Hotel,0,0,2017,March,12,24,0,1,2,0.0,0,BB,PRT,Complementary,Direct,1,0,2,G,G,0,No Deposit,,0,Transient,0.0,0,2
City Hotel,0,30,2016,September,39,18,2,0,2,0.0,0,SC,DEU,Online TA,TA/TO,0,0,0,A,A,0,No Deposit,9.0,0,Transient,134.1,0,1
City Hotel,0,359,2016,September,38,16,2,2,2,0.0,0,BB,IRL,Online TA,TA/TO,0,0,0,A,A,0,No Deposit,8.0,0,Transient,105.0,0,1
City Hotel,0,126,2016,September,38,15,2,3,2,0.0,0,BB,PRT,Online TA,TA/TO,0,0,0,D,D,0,No Deposit,9.0,0,Transient,147.1,0,4
City Hotel,0,43,2016,September,38,17,2,1,2,0.0,0,BB,GBR,Offline TA/TO,TA/TO,0,0,0,D,D,0,No Deposit,22.0,0,Transient,96.3,0,1
City Hotel,0,0,2016,September,39,19,1,0,2,0.0,0,BB,PRT,Direct,Direct,0,0,0,F,F,0,No Deposit,,0,Transient,270.0,0,0
City Hotel,0,143,2016,September,38,17,2,1,2,0.0,0,BB,IRL,Direct,Direct,0,0,0,A,A,0,No Deposit,,0,Transient,118.8,0,1
City Hotel,0,0,2016,September,39,20,0,0,2,0.0,0,BB,GBR,Online TA,TA/TO,1,0,0,D,F,0,No Deposit,9.0,0,Transient,0.0,0,1
City Hotel,0,20,2016,September,39,18,2,1,2,0.0,0,BB,FRA,Offline TA/TO,TA/TO,0,0,0,A,A,0,No Deposit,28.0,0,Transient,95.0,0,0
City Hotel,0,27,2016,September,39,18,2,1,2,0.0,0,BB,FRA,Offline TA/TO,TA/TO,0,0,0,A,A,0,No Deposit,138.0,0,Transient,85.5,0,0
City Hotel,0,26,2016,September,39,18,2,1,2,0.0,0,BB,RUS,Offline TA/TO,TA/TO,0,0,0,A,A,0,No Deposit,138.0,0,Transient,95.0,0,0
City Hotel,0,27,2016,September,39,20,0,1,2,0.0,0,BB,BRA,Direct,Direct,0,0,0,A,A,0,No Deposit,,0,Transient-Party,95.0,0,0
City Hotel,0,27,2016,September,39,20,0,1,2,0.0,0,BB,BRA,Direct,Direct,0,0,0,A,A,0,No Deposit,,0,Transient-Party,95.0,0,0
City Hotel,0,27,2016,September,39,20,0,1,2,0.0,0,BB,POL,Direct,Direct,0,0,0,A,A,0,No Deposit,,0,Transient-Party,95.0,0,0
City Hotel,0,172,2016,September,39,18,2,1,2,0.0,0,BB,GBR,Offline TA/TO,TA/TO,0,0,0,D,D,0,No Deposit,22.0,0,Transient,90.95,0,1
City Hotel,0,172,2016,September,39,18,2,1,2,0.0,0,BB,DEU,Offline TA/TO,TA/TO,0,0,0,D,D,0,No Deposit,22.0,0,Transient,90.95,0,1
City Hotel,0,0,2016,September,39,19,1,1,2,0.0,0,BB,PRT,Direct,Direct,0,0,0,A,E,0,No Deposit,,0,Transient,160.0,0,0
City Hotel,0,209,2016,September,38,17,2,2,2,0.0,0,BB,AUT,Online TA,TA/TO,0,0,0,A,A,0,No Deposit,9.0,0,Transient,119.85,0,2
City Hotel,0,75,2016,September,38,17,2,2,2,0.0,0,BB,DEU,Offline TA/TO,TA/TO,0,0,0,A,A,0,No Deposit,22.0,0,Transient,80.75,0,0
City Hotel,0,12,2016,September,39,19,1,1,2,0.0,0,BB,NLD,Online TA,TA/TO,0,0,0,A,A,0,No Deposit,9.0,0,Transient,159.0,0,0
City Hotel,0,2,2016,September,39,18,2,1,2,0.0,0,BB,GBR,Online TA,TA/TO,0,0,0,D,D,0,No Deposit,9.0,0,Transient,194.0,0,1
City Hotel,0,118,2016,September,38,17,2,2,2,0.0,0,SC,GBR,Online TA,TA/TO,0,0,0,A,A,2,No Deposit,9.0,0,Transient,118.8,0,1
City Hotel,0,0,2016,September,39,20,0,1,2,0.0,0,BB,PRT,Direct,Direct,0,0,0,G,G,2,No Deposit,,0,Transient,275.0,0,0
City Hotel,0,12,2016,September,39,18,2,1,2,0.0,0,SC,ITA,Online TA,TA/TO,0,0,0,A,A,0,No Deposit,9.0,0,Transient,142.33,0,1
City Hotel,0,47,2016,September,39,20,0,1,2,0.0,0,SC,KOR,Online TA,TA/TO,0,0,0,A,A,0,No Deposit,9.0,0,Transient,125.1,0,1
City Hotel,0,0,2016,September,39,19,1,1,2,0.0,0,SC,ESP,Online TA,TA/TO,0,0,0,A,A,0,No Deposit,9.0,0,Transient,168.0,0,2
City Hotel,0,45,2016,September,39,18,2,1,2,0.0,0,SC,FRA,Online TA,TA/TO,0,0,0,A,A,0,No Deposit,9.0,0,Transient,125.1,0,1
City Hotel,0,204,2016,September,37,7,4,10,2,0.0,0,BB,GBR,Online TA,TA/TO,0,0,0,A,D,0,No Deposit,9.0,0,Transient,119.85,0,1
City Hotel,0,67,2016,September,39,18,2,1,2,0.0,0,BB,FRA,Online TA,TA/TO,0,0,0,D,D,0,No Deposit,9.0,0,Transient,149.4,0,1
City Hotel,0,27,2016,September,39,20,0,1,2,0.0,0,BB,BRA,Direct,Direct,0,0,0,A,A,0,No Deposit,,0,Transient-Party,95.0,0,0
City Hotel,0,0,2016,September,39,20,0,1,2,0.0,0,BB,CN,Direct,Direct,0,0,0,A,D,0,No Deposit,,0,Transient,119.0,0,2
City Hotel,0,12,2016,September,39,18,2,1,2,0.0,0,BB,DEU,Online TA,TA/TO,0,0,0,A,A,0,No Deposit,9.0,0,Transient,171.33,0,1
City Hotel,0,27,2016,September,39,20,0,1,2,0.0,0,BB,PRT,Direct,Direct,0,0,0,A,A,0,No Deposit,288.0,0,Transient-Party,95.0,0,0
City Hotel,0,27,2016,September,39,20,0,1,2,0.0,0,BB,BRA,Direct,Direct,0,0,0,A,A,0,No Deposit,,0,Transient-Party,95.0,0,0
City Hotel,0,38,2016,September,39,18,2,1,2,0.0,0,BB,FRA,Offline TA/TO,TA/TO,0,0,0,A,A,0,No Deposit,28.0,0,Transient,85.5,0,0
City Hotel,0,0,2016,September,39,20,0,1,2,0.0,0,SC,PRT,Online TA,TA/TO,0,0,0,A,C,0,No Deposit,9.0,0,Transient,180.0,0,0
City Hotel,0,147,2016,September,38,14,2,5,2,0.0,0,BB,NOR,Online TA,TA/TO,0,0,0,A,A,0,No Deposit,8.0,0,Transient,126.9,0,1
City Hotel,0,104,2016,September,39,18,2,1,2,0.0,0,BB,DEU,Offline TA/TO,TA/TO,0,0,0,A,A,0,No Deposit,27.0,0,Transient,80.75,0,0
City Hotel,0,24,2016,September,39,18,2,1,2,0.0,0,BB,ESP,Online TA,TA/TO,0,0,0,A,A,0,No Deposit,9.0,0,Transient,149.0,0,2
City Hotel,0,21,2016,September,38,17,2,2,2,0.0,0,BB,DEU,Direct,Direct,0,0,0,D,D,0,No Deposit,14.0,0,Transient,162.5,0,0
City Hotel,0,27,2016,September,39,20,0,1,2,0.0,0,BB,BRA,Direct,Direct,0,0,0,A,A,0,No Deposit,,0,Transient-Party,95.0,0,0
City Hotel,0,1,2016,September,39,20,0,1,2,0.0,0,BB,IRN,Online TA,TA/TO,0,0,0,A,A,0,No Deposit,7.0,0,Transient,130.94,0,1
City Hotel,0,104,2016,September,39,18,2,1,2,0.0,0,BB,DEU,Offline TA/TO,TA/TO,0,0,0,A,A,0,No Deposit,27.0,0,Transient,80.75,0,0
City Hotel,0,15,2016,September,39,20,0,1,2,0.0,0,BB,PRT,Online TA,TA/TO,0,0,0,A,A,1,No Deposit,9.0,0,Transient,139.0,0,1
City Hotel,0,15,2016,September,39,20,0,1,2,0.0,0,BB,BEL,Online TA,TA/TO,0,0,0,A,A,1,No Deposit,9.0,0,Transient,148.0,1,1
City Hotel,0,27,2016,September,38,17,2,2,2,0.0,0,SC,FRA,Online TA,TA/TO,0,0,0,A,A,0,No Deposit,9.0,0,Transient,128.28,0,0
City Hotel,0,66,2016,September,39,18,2,1,2,0.0,0,BB,PRT,Offline TA/TO,TA/TO,0,0,0,A,A,0,No Deposit,22.0,0,Transient,80.75,0,0
City Hotel,0,24,2016,September,39,18,2,1,2,0.0,0,BB,GBR,Offline TA/TO,TA/TO,0,0,0,A,A,0,No Deposit,22.0,0,Transient,95.0,0,0
City Hotel,0,0,2016,September,39,20,0,1,2,0.0,0,SC,PRT,Online TA,TA/TO,0,0,0,A,A,0,No Deposit,152.0,0,Transient,110.12,0,0
City Hotel,0,78,2016,September,39,18,2,1,2,0.0,0,BB,DEU,Online TA,TA/TO,0,0,0,D,D,1,No Deposit,9.0,0,Transient,158.4,1,1
City Hotel,0,18,2016,September,39,20,0,1,2,0.0,0,BB,IRL,Online TA,TA/TO,0,0,0,A,A,0,No Deposit,8.0,0,Transient,139.0,0,1
City Hotel,0,34,2016,September,39,18,2,1,2,0.0,0,BB,GBR,Offline TA/TO,TA/TO,0,0,0,A,A,0,No Deposit,168.0,0,Transient,85.5,0,0
City Hotel,0,32,2016,September,39,20,0,1,2,0.0,0,BB,NLD,Direct,Direct,0,0,0,A,A,2,No Deposit,,5,Transient-Party,95.0,0,0
City Hotel,0,39,2016,September,39,18,2,1,2,0.0,0,BB,IRL,Direct,Direct,0,0,0,A,A,0,No Deposit,14.0,0,Transient,125.1,0,0
City Hotel,0,14,2016,September,39,20,0,1,2,0.0,0,SC,PRT,Online TA,TA/TO,0,0,0,A,A,0,No Deposit,9.0,0,Transient,129.0,0,1
City Hotel,0,17,2016,September,38,17,2,2,2,0.0,0,BB,AUS,Online TA,TA/TO,0,0,0,G,G,0,No Deposit,8.0,0,Transient,238.15,0,2
City Hotel,0,3,2016,September,39,20,0,1,2,0.0,0,SC,PRT,Direct,Direct,0,0,0,A,A,0,No Deposit,14.0,0,Transient,159.0,0,2
City Hotel,0,29,2016,December,50,6,0,1,2,0.0,0,BB,PRT,Direct,Direct,1,0,1,A,A,1,No Deposit,14.0,0,Group,98.0,0,2
City Hotel,0,48,2016,September,39,19,1,1,2,0.0,0,BB,AUS,Online TA,TA/TO,0,0,0,A,A,0,No Deposit,9.0,0,Transient,135.9,0,1
City Hotel,0,4,2016,September,39,20,0,1,2,0.0,0,BB,NLD,Online TA,TA/TO,0,0,0,A,A,0,No Deposit,9.0,0,Transient,169.0,0,1
City Hotel,0,9,2016,September,39,19,1,1,2,0.0,0,SC,FRA,Online TA,TA/TO,0,0,0,A,A,0,No Deposit,9.0,0,Transient,139.0,0,0
City Hotel,0,102,2016,September,39,18,2,1,2,0.0,0,BB,GBR,Offline TA/TO,TA/TO,0,0,0,A,A,0,No Deposit,28.0,0,Transient,80.75,0,0
City Hotel,0,6,2016,September,39,18,2,1,2,0.0,0,BB,BEL,Online TA,TA/TO,0,0,0,A,A,0,No Deposit,9.0,0,Transient,162.33,0,2
City Hotel,0,13,2016,September,39,20,0,1,2,0.0,0,BB,GBR,Online TA,TA/TO,0,0,0,A,A,0,No Deposit,86.0,0,Transient,119.2,0,0
City Hotel,0,7,2016,September,39,20,0,1,2,0.0,0,BB,GBR,Online TA,TA/TO,0,0,0,A,A,0,No Deposit,86.0,0,Transient,119.2,0,0
City Hotel,0,56,2016,September,39,20,0,1,2,0.0,0,BB,USA,Offline TA/TO,TA/TO,0,0,0,A,A,0,No Deposit,21.0,0,Transient,85.5,0,0
City Hotel,0,64,2016,September,39,18,2,1,2,0.0,0,BB,ISR,Online TA,TA/TO,0,0,0,A,A,0,No Deposit,9.0,0,Transient,144.9,1,2
City Hotel,0,27,2016,September,39,20,0,1,2,0.0,0,BB,PRT,Direct,Direct,0,0,0,A,A,0,No Deposit,288.0,0,Transient-Party,95.0,0,0
City Hotel,0,27,2016,September,39,20,0,1,2,0.0,0,BB,PRT,Direct,Direct,0,0,0,A,D,3,No Deposit,288.0,0,Transient-Party,95.0,0,0
City Hotel,0,27,2016,September,39,20,0,1,2,0.0,0,BB,PRT,Direct,Direct,0,0,0,A,A,0,No Deposit,288.0,0,Transient-Party,95.0,0,0
City Hotel,0,27,2016,September,39,20,0,1,2,0.0,0,BB,PRT,Direct,Direct,0,0,0,A,A,0,No Deposit,288.0,0,Transient-Party,95.0,0,0
City Hotel,0,27,2016,September,39,20,0,1,2,0.0,0,BB,PRT,Direct,Direct,0,0,0,A,A,0,No Deposit,288.0,0,Transient-Party,95.0,0,0
City Hotel,0,27,2016,September,39,20,0,1,2,0.0,0,BB,PRT,Direct,Direct,0,0,0,A,A,0,No Deposit,288.0,0,Transient-Party,95.0,0,0
City Hotel,0,27,2016,September,39,20,0,1,2,0.0,0,BB,PRT,Direct,Direct,0,0,0,A,A,0,No Deposit,288.0,0,Transient-Party,95.0,0,0
City Hotel,0,27,2016,September,39,20,0,1,2,0.0,0,BB,PRT,Direct,Direct,0,0,0,A,A,0,No Deposit,288.0,0,Transient-Party,95.0,0,0
City Hotel,0,27,2016,September,39,20,0,1,2,0.0,0,BB,PRT,Direct,Direct,0,0,0,A,A,0,No Deposit,288.0,0,Transient-Party,95.0,0,0
City Hotel,0,27,2016,September,39,20,0,1,2,0.0,0,BB,PRT,Direct,Direct,0,0,0,A,A,0,No Deposit,288.0,0,Transient-Party,95.0,0,0
City Hotel,0,27,2016,September,39,20,0,1,2,0.0,0,BB,PRT,Direct,Direct,0,0,0,A,A,0,No Deposit,288.0,0,Transient-Party,95.0,0,0
City Hotel,0,27,2016,September,39,20,0,1,2,0.0,0,BB,PRT,Direct,Direct,0,0,0,A,D,0,No Deposit,288.0,0,Transient-Party,95.0,0,0
City Hotel,0,47,2016,September,39,18,2,2,2,0.0,0,BB,FRA,Online TA,TA/TO,0,0,0,D,D,0,No Deposit,83.0,0,Transient,119.52,0,0
City Hotel,0,47,2016,September,39,18,2,2,2,0.0,0,BB,FRA,Online TA,TA/TO,0,0,0,D,D,0,No Deposit,83.0,0,Transient,119.52,0,0
City Hotel,0,57,2016,September,39,21,0,1,2,0.0,0,BB,USA,Online TA,TA/TO,0,0,0,D,D,0,No Deposit,7.0,0,Transient,115.04,0,2
City Hotel,0,57,2016,September,39,21,0,1,2,0.0,0,BB,USA,Online TA,TA/TO,0,0,0,D,D,0,No Deposit,7.0,0,Transient,115.04,0,2
City Hotel,0,196,2016,September,38,17,2,3,2,0.0,0,BB,DEU,Online TA,TA/TO,0,0,0,A,A,0,No Deposit,7.0,0,Transient,87.67,0,1
City Hotel,0,69,2016,September,39,19,1,2,2,0.0,0,SC,BRA,Offline TA/TO,TA/TO,0,0,0,A,A,0,No Deposit,138.0,0,Transient,85.0,0,0
City Hotel,0,82,2016,September,38,13,2,7,2,0.0,0,BB,PRT,Online TA,TA/TO,0,0,0,D,D,0,No Deposit,9.0,0,Transient,149.4,0,3
City Hotel,0,0,2016,September,39,21,0,1,2,0.0,0,BB,PRT,Direct,Direct,0,0,0,A,G,0,No Deposit,,0,Transient,70.0,1,0
City Hotel,0,200,2016,September,39,19,1,2,2,0.0,0,HB,ITA,Online TA,TA/TO,0,0,0,A,A,0,No Deposit,9.0,0,Transient,161.1,0,2
City Hotel,0,65,2016,September,38,15,2,5,2,0.0,0,BB,BEL,Online TA,TA/TO,0,0,0,D,D,0,No Deposit,9.0,0,Transient,149.4,0,3
City Hotel,0,45,2016,September,39,18,2,2,2,0.0,0,BB,BEL,Offline TA/TO,TA/TO,0,0,0,D,D,0,No Deposit,85.0,0,Transient,96.3,0,0
City Hotel,0,65,2016,September,38,15,2,5,2,0.0,0,BB,BEL,Online TA,TA/TO,0,0,0,D,D,0,No Deposit,9.0,0,Transient,149.4,0,3
City Hotel,0,70,2016,September,38,15,2,5,2,0.0,0,BB,DEU,Direct,Direct,0,0,0,D,D,0,No Deposit,14.0,0,Transient,137.7,0,0
City Hotel,0,0,2016,September,39,21,0,1,2,0.0,0,SC,PRT,Online TA,TA/TO,0,0,0,A,A,0,No Deposit,9.0,0,Transient,175.0,0,2
City Hotel,0,159,2016,September,39,19,1,2,2,0.0,0,BB,BRA,Offline TA/TO,TA/TO,0,0,0,A,A,0,No Deposit,240.0,0,Transient-Party,144.0,0,0
City Hotel,0,145,2016,September,39,19,1,2,2,0.0,0,BB,FRA,Offline TA/TO,TA/TO,0,0,0,A,A,1,No Deposit,3.0,0,Transient,80.75,0,0
City Hotel,0,230,2016,September,39,18,2,2,2,0.0,0,BB,BEL,Online TA,TA/TO,0,0,0,A,A,0,No Deposit,9.0,0,Transient-Party,119.85,0,1
City Hotel,0,230,2016,September,39,18,2,2,2,0.0,0,BB,BEL,Online TA,TA/TO,0,0,0,A,A,0,No Deposit,9.0,0,Transient-Party,119.85,0,1
City Hotel,0,80,2016,September,39,19,1,2,2,0.0,0,BB,BRA,Offline TA/TO,TA/TO,0,0,0,A,A,0,No Deposit,240.0,0,Transient-Party,144.0,0,0
City Hotel,0,159,2016,September,39,19,1,2,2,0.0,0,BB,BRA,Offline TA/TO,TA/TO,0,0,0,A,A,0,No Deposit,240.0,0,Transient-Party,144.0,0,0
City Hotel,0,159,2016,September,39,19,1,2,2,0.0,0,BB,BRA,Offline TA/TO,TA/TO,0,0,0,A,A,0,No Deposit,240.0,0,Transient-Party,144.0,0,0
City Hotel,0,159,2016,September,39,19,1,2,2,0.0,0,BB,BRA,Offline TA/TO,TA/TO,0,0,0,A,A,0,No Deposit,240.0,0,Transient-Party,144.0,0,0
City Hotel,0,271,2016,September,39,21,0,3,2,0.0,0,BB,FRA,Offline TA/TO,TA/TO,0,0,0,A,A,1,No Deposit,12.0,0,Transient-Party,101.33,0,1
City Hotel,0,80,2016,September,39,19,1,2,2,0.0,0,BB,BRA,Offline TA/TO,TA/TO,0,0,0,A,A,0,No Deposit,240.0,0,Transient-Party,144.0,0,0
City Hotel,0,183,2016,September,39,19,1,2,2,0.0,0,BB,DEU,Direct,Direct,0,0,0,A,A,0,No Deposit,14.0,0,Transient,116.1,0,0
City Hotel,0,159,2016,September,39,19,1,2,2,0.0,0,BB,BRA,Offline TA/TO,TA/TO,0,0,0,A,A,0,No Deposit,240.0,0,Transient-Party,144.0,0,0
City Hotel,0,24,2016,September,39,19,1,2,2,0.0,0,BB,FRA,Offline TA/TO,TA/TO,0,0,0,D,D,0,No Deposit,28.0,0,Transient,107.0,0,0
City Hotel,0,19,2016,September,39,19,1,2,2,0.0,0,BB,CHE,Offline TA/TO,TA/TO,0,0,0,A,A,0,No Deposit,42.0,0,Transient,95.0,0,1
City Hotel,0,41,2016,September,39,18,2,2,2,0.0,0,BB,IRL,Offline TA/TO,TA/TO,0,0,0,A,A,0,No Deposit,42.0,0,Transient,80.75,0,0
City Hotel,0,127,2016,September,39,18,2,2,2,0.0,0,BB,DEU,Online TA,TA/TO,0,0,0,D,D,0,No Deposit,9.0,0,Transient,143.1,0,1
City Hotel,0,159,2016,September,39,19,1,2,2,0.0,0,BB,BRA,Offline TA/TO,TA/TO,0,0,0,A,A,0,No Deposit,240.0,0,Transient-Party,144.0,0,1
City Hotel,0,159,2016,September,39,19,1,2,2,0.0,0,BB,BRA,Offline TA/TO,TA/TO,0,0,0,A,A,0,No Deposit,240.0,0,Transient-Party,144.0,0,0
City Hotel,0,159,2016,September,39,19,1,2,2,0.0,0,BB,BRA,Offline TA/TO,TA/TO,0,0,0,A,A,0,No Deposit,240.0,0,Transient-Party,144.0,0,0
City Hotel,0,91,2016,September,39,19,1,2,2,0.0,0,BB,PRT,Offline TA/TO,TA/TO,0,0,0,A,A,0,No Deposit,168.0,0,Transient,80.75,0,0
City Hotel,0,159,2016,September,39,19,1,2,2,0.0,0,BB,BRA,Offline TA/TO,TA/TO,0,0,0,A,A,3,No Deposit,240.0,0,Transient-Party,144.0,0,0
City Hotel,0,44,2016,September,39,18,2,2,2,0.0,0,BB,CHE,Offline TA/TO,TA/TO,0,0,0,A,A,0,No Deposit,85.0,0,Transient,85.5,0,0
City Hotel,0,159,2016,September,39,19,1,2,2,0.0,0,BB,ZAF,Offline TA/TO,TA/TO,0,0,0,A,A,0,No Deposit,240.0,0,Transient-Party,144.0,0,0
City Hotel,0,141,2016,September,38,16,2,4,2,0.0,0,BB,DEU,Offline TA/TO,TA/TO,0,0,0,D,D,0,No Deposit,16.0,0,Transient,90.95,0,0
City Hotel,0,159,2016,September,39,19,1,2,2,0.0,0,BB,BRA,Offline TA/TO,TA/TO,0,0,0,A,A,0,No Deposit,240.0,0,Transient-Party,144.0,0,0
City Hotel,0,159,2016,September,39,19,1,2,2,0.0,0,BB,BRA,Offline TA/TO,TA/TO,0,0,0,A,A,0,No Deposit,240.0,0,Transient-Party,144.0,0,0
City Hotel,0,249,2016,September,39,21,0,1,2,0.0,0,BB,DEU,Online TA,TA/TO,0,0,0,A,A,0,No Deposit,9.0,0,Transient,117.9,0,2
City Hotel,0,34,2016,September,39,18,2,2,2,0.0,0,BB,GBR,Offline TA/TO,TA/TO,0,0,0,A,A,0,No Deposit,28.0,0,Transient,80.75,0,0
City Hotel,0,39,2016,September,39,18,2,2,2,0.0,0,BB,FRA,Offline TA/TO,TA/TO,0,0,0,A,A,0,No Deposit,28.0,0,Transient,80.75,0,0
City Hotel,0,80,2016,September,38,17,2,3,2,0.0,0,BB,NLD,Online TA,TA/TO,0,0,0,D,D,0,No Deposit,9.0,0,Transient,149.4,0,2
City Hotel,0,249,2016,September,39,18,2,2,2,0.0,0,BB,FRA,Direct,Direct,0,0,0,A,A,0,No Deposit,14.0,0,Transient,101.15,0,0
City Hotel,0,146,2016,September,39,21,0,1,2,0.0,0,BB,DEU,Offline TA/TO,TA/TO,0,0,0,A,E,0,No Deposit,16.0,0,Transient,89.75,0,0
City Hotel,0,80,2016,September,38,17,2,3,2,0.0,0,BB,NLD,Online TA,TA/TO,0,0,0,D,D,0,No Deposit,9.0,0,Transient,149.4,0,2
City Hotel,0,80,2016,September,38,17,2,3,2,0.0,0,BB,NLD,Online TA,TA/TO,0,0,0,D,D,0,No Deposit,9.0,0,Transient,149.4,0,3
City Hotel,0,0,2016,September,39,21,0,1,2,0.0,0,BB,PRT,Direct,Direct,0,0,0,A,C,0,No Deposit,,0,Transient,120.0,0,0
City Hotel,0,116,2016,September,39,18,2,3,2,0.0,0,BB,SWE,Online TA,TA/TO,0,0,0,D,D,0,No Deposit,9.0,0,Transient,143.1,0,3
City Hotel,0,66,2016,September,39,22,0,1,2,0.0,0,SC,GBR,Online TA,TA/TO,0,0,0,A,A,0,No Deposit,9.0,0,Transient,125.1,0,2
City Hotel,0,3,2016,September,39,22,0,1,2,0.0,0,BB,MEX,Online TA,TA/TO,0,0,0,D,D,0,No Deposit,9.0,0,Transient,194.0,0,2
City Hotel,0,72,2016,September,39,19,1,3,2,0.0,0,BB,GBR,Online TA,TA/TO,0,0,0,D,D,0,No Deposit,9.0,0,Transient,53.95,0,1
City Hotel,0,271,2016,September,39,21,0,3,2,0.0,0,BB,BEL,Offline TA/TO,TA/TO,0,0,0,A,A,1,No Deposit,12.0,0,Transient-Party,101.33,0,1
City Hotel,0,57,2016,September,39,21,0,2,2,0.0,0,BB,USA,Offline TA/TO,TA/TO,0,0,0,A,A,0,No Deposit,157.0,0,Transient,101.52,0,0
City Hotel,0,57,2016,September,39,21,0,2,2,0.0,0,BB,PRT,Offline TA/TO,TA/TO,0,0,0,A,A,0,No Deposit,157.0,0,Transient,101.52,0,0
City Hotel,0,200,2016,September,39,19,1,3,2,0.0,0,HB,FRA,Online TA,TA/TO,0,0,0,A,A,0,No Deposit,9.0,0,Transient,152.15,0,2
City Hotel,0,1,2016,September,39,22,0,1,2,0.0,0,BB,DEU,Offline TA/TO,TA/TO,0,0,0,D,D,0,No Deposit,132.0,0,Transient,107.0,0,0
City Hotel,0,57,2016,September,39,21,0,2,2,0.0,0,BB,GBR,Offline TA/TO,TA/TO,0,0,0,A,A,0,No Deposit,157.0,0,Transient,101.52,0,0
City Hotel,0,6,2016,September,39,22,0,1,2,0.0,0,SC,ITA,Online TA,TA/TO,0,0,0,A,A,0,No Deposit,9.0,0,Transient,159.0,0,3
City Hotel,0,161,2016,September,39,19,1,3,2,0.0,0,BB,NLD,Offline TA/TO,TA/TO,0,0,0,A,A,0,No Deposit,83.0,0,Transient,95.88,0,0
City Hotel,0,57,2016,September,39,21,0,2,2,0.0,0,BB,GBR,Offline TA/TO,TA/TO,0,0,0,A,A,0,No Deposit,157.0,0,Transient,101.52,0,0
City Hotel,0,1,2016,September,39,22,0,1,2,0.0,0,BB,DEU,Offline TA/TO,TA/TO,0,0,0,D,D,0,No Deposit,132.0,0,Transient,107.0,0,0
City Hotel,0,109,2016,September,39,20,0,3,2,0.0,0,BB,JPN,Online TA,TA/TO,0,0,0,D,D,0,No Deposit,9.0,0,Transient,149.4,0,2
City Hotel,0,0,2016,September,39,22,0,1,2,0.0,0,BB,PRT,Direct,Direct,0,0,0,G,G,0,No Deposit,,0,Transient,185.0,0,0
City Hotel,0,3,2016,September,39,22,0,1,2,0.0,0,BB,FRA,Direct,Direct,0,0,0,E,E,0,No Deposit,14.0,0,Transient,230.0,0,0
City Hotel,0,108,2016,September,39,22,0,1,2,0.0,0,BB,PRT,Online TA,TA/TO,0,0,0,D,A,0,No Deposit,7.0,0,Transient,115.04,0,1
City Hotel,0,16,2016,September,39,22,0,1,2,0.0,0,BB,DEU,Online TA,TA/TO,0,0,0,D,D,0,No Deposit,9.0,0,Transient,184.0,0,1
City Hotel,0,238,2016,September,39,21,0,2,2,0.0,0,BB,DEU,Online TA,TA/TO,0,0,0,A,A,0,No Deposit,9.0,0,Transient,126.9,0,1
City Hotel,0,2,2016,September,39,22,0,1,2,0.0,0,BB,PRT,Online TA,TA/TO,0,0,0,A,F,1,No Deposit,9.0,0,Transient,195.0,0,1
City Hotel,0,87,2016,September,39,21,0,2,2,0.0,0,BB,AUT,Online TA,TA/TO,0,0,0,D,D,0,No Deposit,9.0,0,Transient,158.4,1,1
City Hotel,0,244,2016,September,38,16,2,5,2,0.0,0,SC,GBR,Online TA,TA/TO,0,0,0,A,A,0,No Deposit,7.0,0,Transient,78.54,0,1
City Hotel,0,8,2016,September,39,21,0,2,2,0.0,0,BB,ITA,Online TA,TA/TO,0,0,0,D,D,0,No Deposit,9.0,0,Transient,184.0,0,1
City Hotel,0,3,2016,September,39,22,0,1,2,0.0,0,BB,PRT,Online TA,TA/TO,0,0,0,D,D,0,No Deposit,9.0,0,Transient,194.0,0,1
City Hotel,0,14,2016,September,39,22,0,1,2,0.0,0,BB,BEL,Online TA,TA/TO,0,0,0,D,D,0,No Deposit,9.0,0,Transient,184.0,0,0
City Hotel,0,65,2016,September,39,22,0,1,2,0.0,0,BB,PRT,Online TA,TA/TO,0,0,0,A,B,0,No Deposit,9.0,0,Transient,135.9,0,1
City Hotel,0,110,2016,September,39,20,0,3,2,0.0,0,BB,IRL,Offline TA/TO,TA/TO,0,0,0,D,D,0,No Deposit,83.0,0,Transient,112.88,0,0
City Hotel,0,62,2016,September,39,18,2,3,2,0.0,0,BB,FRA,Online TA,TA/TO,0,0,0,D,D,0,No Deposit,9.0,0,Transient,149.4,0,0
City Hotel,0,74,2016,September,39,20,0,3,2,0.0,0,BB,DEU,Online TA,TA/TO,0,0,0,D,D,0,No Deposit,7.0,0,Transient,124.04,0,1
City Hotel,0,53,2016,September,39,20,0,3,2,0.0,0,BB,GBR,Online TA,TA/TO,0,0,0,D,D,0,No Deposit,7.0,0,Transient,115.04,0,1
City Hotel,0,44,2016,September,39,18,2,3,2,0.0,0,BB,RUS,Online TA,TA/TO,0,0,0,D,D,0,No Deposit,9.0,0,Transient,149.4,0,2
City Hotel,0,0,2016,September,39,22,0,1,2,0.0,0,BB,PRT,Direct,Direct,0,0,0,A,A,0,No Deposit,,0,Transient,150.0,0,0
City Hotel,0,9,2016,September,39,22,0,1,2,0.0,0,SC,CHL,Online TA,TA/TO,0,0,0,A,A,0,No Deposit,9.0,0,Transient,149.0,0,1
City Hotel,0,147,2016,September,39,18,2,3,2,0.0,0,BB,FIN,Online TA,TA/TO,0,0,0,D,D,0,No Deposit,9.0,0,Transient,143.1,0,2
City Hotel,0,4,2016,September,39,22,0,1,2,0.0,0,BB,AUT,Online TA,TA/TO,0,0,0,D,B,0,No Deposit,7.0,0,Transient,149.38,0,1
City Hotel,0,51,2016,September,39,18,2,3,2,0.0,0,BB,FRA,Online TA,TA/TO,0,0,0,D,D,0,No Deposit,9.0,0,Transient,149.4,0,1
City Hotel,0,2,2016,September,39,22,0,1,2,0.0,0,BB,PRT,Online TA,TA/TO,0,0,0,D,F,0,No Deposit,9.0,0,Transient,210.0,0,2
City Hotel,0,2,2016,September,39,22,0,1,2,0.0,0,SC,IRL,Online TA,TA/TO,0,0,0,D,D,0,No Deposit,152.0,0,Transient,155.81,0,0
City Hotel,0,55,2016,September,39,22,0,1,2,0.0,0,BB,GBR,Direct,Direct,0,0,0,D,D,0,No Deposit,14.0,0,Transient,137.7,0,0
City Hotel,0,71,2016,September,39,19,1,3,2,0.0,0,BB,BEL,Online TA,TA/TO,0,0,0,D,D,0,No Deposit,9.0,0,Transient,149.4,0,2
City Hotel,0,26,2016,September,39,19,1,3,2,0.0,0,BB,GBR,Online TA,TA/TO,0,0,0,D,D,0,No Deposit,9.0,0,Transient,169.0,0,1
City Hotel,0,10,2016,October,41,7,2,2,2,0.0,0,SC,AGO,Online TA,TA/TO,1,0,1,A,A,0,No Deposit,9.0,0,Transient,134.5,0,4
City Hotel,0,77,2016,September,39,19,1,3,2,0.0,0,BB,FRA,Online TA,TA/TO,0,0,0,D,E,0,No Deposit,9.0,0,Transient,149.4,0,2
City Hotel,0,15,2016,September,39,22,0,1,2,0.0,0,SC,PRT,Direct,Direct,0,0,0,A,E,0,No Deposit,14.0,0,Transient,149.0,0,0
City Hotel,0,1,2016,September,39,22,0,1,2,0.0,0,SC,USA,Online TA,TA/TO,0,0,0,A,A,0,No Deposit,152.0,0,Transient,129.56,0,0
City Hotel,0,159,2016,September,39,18,2,3,2,0.0,0,SC,GBR,Offline TA/TO,TA/TO,0,0,0,A,B,1,No Deposit,79.0,0,Transient,87.72,0,1
City Hotel,0,7,2016,September,39,20,0,4,2,0.0,0,BB,BEL,Direct,Direct,0,0,0,E,E,0,No Deposit,,0,Transient,173.55,0,0
City Hotel,0,123,2016,September,39,18,2,4,2,0.0,0,BB,FRA,Online TA,TA/TO,0,0,0,D,D,0,No Deposit,7.0,0,Transient,114.69,0,1
City Hotel,0,72,2016,September,39,21,0,3,2,0.0,0,BB,CHE,Offline TA/TO,TA/TO,0,0,0,A,A,0,No Deposit,138.0,0,Transient,95.0,0,0
City Hotel,0,299,2016,September,38,17,2,5,2,0.0,0,BB,GBR,Online TA,TA/TO,0,0,0,A,A,1,No Deposit,8.0,0,Transient,100.3,0,0
City Hotel,0,299,2016,September,38,17,2,5,2,0.0,0,BB,DEU,Online TA,TA/TO,0,0,0,A,A,1,No Deposit,8.0,0,Transient,100.3,0,0
City Hotel,0,271,2016,September,39,21,0,3,2,0.0,0,BB,BEL,Offline TA/TO,TA/TO,0,0,0,A,A,0,No Deposit,12.0,0,Transient-Party,101.33,0,1
City Hotel,0,271,2016,September,39,21,0,3,2,0.0,0,BB,BEL,Offline TA/TO,TA/TO,0,0,0,A,A,0,No Deposit,12.0,0,Transient-Party,101.33,0,1
City Hotel,0,271,2016,September,39,21,0,3,2,0.0,0,BB,BEL,Offline TA/TO,TA/TO,0,0,0,A,A,0,No Deposit,12.0,0,Transient-Party,101.33,0,1
City Hotel,0,271,2016,September,39,21,0,3,2,0.0,0,BB,BEL,Offline TA/TO,TA/TO,0,0,0,A,A,0,No Deposit,12.0,0,Transient-Party,101.33,0,1
City Hotel,0,238,2016,September,39,20,0,4,2,0.0,0,BB,AUT,Offline TA/TO,TA/TO,0,0,0,D,D,0,No Deposit,16.0,0,Transient-Party,107.0,0,1
City Hotel,0,238,2016,September,39,20,0,4,2,0.0,0,BB,AUT,Offline TA/TO,TA/TO,0,0,0,D,D,0,No Deposit,16.0,0,Transient-Party,107.0,0,1
City Hotel,0,271,2016,September,39,21,0,3,2,0.0,0,BB,BEL,Offline TA/TO,TA/TO,0,0,0,A,A,0,No Deposit,12.0,0,Transient-Party,101.33,0,1
City Hotel,0,271,2016,September,39,21,0,3,2,0.0,0,BB,BEL,Offline TA/TO,TA/TO,0,0,0,A,A,0,No Deposit,12.0,0,Transient-Party,101.33,0,1
City Hotel,0,271,2016,September,39,21,0,3,2,0.0,0,BB,BEL,Offline TA/TO,TA/TO,0,0,0,A,A,0,No Deposit,12.0,0,Transient-Party,101.33,0,1
City Hotel,0,271,2016,September,39,21,0,3,2,0.0,0,BB,BEL,Offline TA/TO,TA/TO,0,0,0,A,A,0,No Deposit,12.0,0,Transient-Party,101.33,0,1
City Hotel,0,271,2016,September,39,21,0,3,2,0.0,0,BB,BEL,Offline TA/TO,TA/TO,0,0,0,A,A,2,No Deposit,12.0,0,Transient-Party,101.33,0,1
City Hotel,0,271,2016,September,39,21,0,3,2,0.0,0,BB,BEL,Offline TA/TO,TA/TO,0,0,0,A,A,0,No Deposit,12.0,0,Transient-Party,101.33,0,1
City Hotel,0,271,2016,September,39,21,0,3,2,0.0,0,BB,BEL,Offline TA/TO,TA/TO,0,0,0,A,A,0,No Deposit,12.0,0,Transient-Party,101.33,0,1
City Hotel,0,271,2016,September,39,21,0,3,2,0.0,0,BB,BEL,Offline TA/TO,TA/TO,0,0,0,A,A,0,No Deposit,12.0,0,Transient-Party,101.33,0,1
City Hotel,0,271,2016,September,39,21,0,3,2,0.0,0,BB,BEL,Offline TA/TO,TA/TO,0,0,0,A,A,0,No Deposit,12.0,0,Transient-Party,101.33,0,1
City Hotel,0,271,2016,September,39,21,0,3,2,0.0,0,BB,BEL,Offline TA/TO,TA/TO,0,0,0,A,A,0,No Deposit,12.0,0,Transient-Party,101.33,0,1
City Hotel,0,271,2016,September,39,21,0,3,2,0.0,0,BB,BEL,Offline TA/TO,TA/TO,0,0,0,A,A,0,No Deposit,12.0,0,Transient-Party,101.33,0,1
City Hotel,0,188,2016,September,39,22,0,2,2,0.0,0,BB,FIN,Online TA,TA/TO,0,0,0,A,A,0,No Deposit,9.0,0,Transient,135.9,1,2
City Hotel,0,44,2016,September,39,20,0,4,2,0.0,0,BB,IRN,Online TA,TA/TO,0,0,0,A,A,2,No Deposit,157.0,0,Transient,101.52,0,0
City Hotel,0,116,2016,September,39,23,0,1,2,0.0,0,BB,GBR,Online TA,TA/TO,0,0,0,A,G,0,No Deposit,9.0,0,Transient,135.9,0,2
City Hotel,0,19,2016,September,39,22,0,2,2,0.0,0,BB,FRA,Online TA,TA/TO,0,0,0,A,A,0,No Deposit,9.0,0,Transient,169.0,0,2
City Hotel,0,294,2016,September,39,21,0,4,2,0.0,0,HB,ITA,Offline TA/TO,TA/TO,0,0,0,A,A,1,No Deposit,26.0,0,Transient-Party,117.0,0,1
City Hotel,0,296,2016,September,39,21,0,4,2,0.0,0,HB,ITA,Offline TA/TO,TA/TO,0,0,0,A,D,0,No Deposit,26.0,0,Transient-Party,117.0,0,0
City Hotel,0,296,2016,September,39,21,0,4,2,0.0,0,HB,ITA,Offline TA/TO,TA/TO,0,0,0,A,A,0,No Deposit,26.0,0,Transient-Party,117.0,0,1
City Hotel,0,7,2016,September,39,21,0,4,2,0.0,0,HB,ITA,Offline TA/TO,TA/TO,0,0,0,A,A,0,No Deposit,26.0,0,Transient-Party,117.0,0,1
City Hotel,0,296,2016,September,39,21,0,4,2,0.0,0,HB,ITA,Offline TA/TO,TA/TO,0,0,0,A,A,0,No Deposit,26.0,0,Transient-Party,117.0,0,1
City Hotel,0,296,2016,September,39,21,0,4,2,0.0,0,HB,ITA,Offline TA/TO,TA/TO,0,0,0,A,A,0,No Deposit,26.0,0,Transient-Party,117.0,0,1
City Hotel,0,296,2016,September,39,21,0,4,2,0.0,0,HB,ITA,Offline TA/TO,TA/TO,0,0,0,A,A,0,No Deposit,26.0,0,Transient-Party,117.0,0,1
City Hotel,0,296,2016,September,39,21,0,4,2,0.0,0,HB,ITA,Offline TA/TO,TA/TO,0,0,0,A,A,0,No Deposit,26.0,0,Transient-Party,117.0,0,1
City Hotel,0,296,2016,September,39,21,0,4,2,0.0,0,HB,ITA,Offline TA/TO,TA/TO,0,0,0,A,A,0,No Deposit,26.0,0,Transient-Party,117.0,0,1
City Hotel,0,296,2016,September,39,21,0,4,2,0.0,0,HB,ITA,Offline TA/TO,TA/TO,0,0,0,A,A,0,No Deposit,26.0,0,Transient-Party,117.0,0,1
City Hotel,0,296,2016,September,39,21,0,4,2,0.0,0,HB,ITA,Offline TA/TO,TA/TO,0,0,0,A,D,1,No Deposit,26.0,0,Transient-Party,117.0,0,1
City Hotel,0,296,2016,September,39,21,0,4,2,0.0,0,HB,ITA,Offline TA/TO,TA/TO,0,0,0,A,A,0,No Deposit,26.0,0,Transient-Party,117.0,0,1
City Hotel,0,296,2016,September,39,21,0,4,2,0.0,0,HB,ITA,Offline TA/TO,TA/TO,0,0,0,A,A,0,No Deposit,26.0,0,Transient-Party,117.0,0,1
City Hotel,0,294,2016,September,39,21,0,4,2,0.0,0,HB,ITA,Offline TA/TO,TA/TO,0,0,0,A,A,2,No Deposit,26.0,0,Transient-Party,58.5,0,0
City Hotel,0,296,2016,September,39,21,0,4,2,0.0,0,HB,ITA,Offline TA/TO,TA/TO,0,0,0,A,A,0,No Deposit,26.0,0,Transient-Party,117.0,0,1
City Hotel,0,296,2016,September,39,21,0,4,2,0.0,0,HB,ITA,Offline TA/TO,TA/TO,0,0,0,A,A,0,No Deposit,26.0,0,Transient-Party,117.0,0,1
City Hotel,0,296,2016,September,39,21,0,4,2,0.0,0,HB,ITA,Offline TA/TO,TA/TO,0,0,0,A,A,0,No Deposit,26.0,0,Transient-Party,117.0,0,1
City Hotel,0,296,2016,September,39,21,0,4,2,0.0,0,HB,ITA,Offline TA/TO,TA/TO,0,0,0,A,A,0,No Deposit,26.0,0,Transient-Party,117.0,0,1
City Hotel,0,296,2016,September,39,21,0,4,2,0.0,0,HB,ITA,Offline TA/TO,TA/TO,0,0,0,A,A,0,No Deposit,26.0,0,Transient-Party,117.0,0,1
City Hotel,0,296,2016,September,39,21,0,4,2,0.0,0,HB,ITA,Offline TA/TO,TA/TO,0,0,0,A,A,0,No Deposit,26.0,0,Transient-Party,117.0,0,1
City Hotel,0,296,2016,September,39,21,0,4,2,0.0,0,HB,ITA,Offline TA/TO,TA/TO,0,0,0,A,A,0,No Deposit,26.0,0,Transient-Party,117.0,0,1
City Hotel,0,296,2016,September,39,21,0,4,2,0.0,0,HB,ITA,Offline TA/TO,TA/TO,0,0,0,A,A,0,No Deposit,26.0,0,Transient-Party,117.0,0,1
City Hotel,0,64,2016,September,39,24,0,1,2,0.0,0,BB,GBR,Offline TA/TO,TA/TO,0,0,0,A,A,0,No Deposit,138.0,0,Transient,85.0,0,0
City Hotel,0,296,2016,September,39,21,0,4,2,0.0,0,HB,ITA,Offline TA/TO,TA/TO,0,0,0,A,A,0,No Deposit,26.0,0,Transient-Party,117.0,0,1
City Hotel,0,144,2016,September,39,22,0,3,2,0.0,0,BB,GBR,Online TA,TA/TO,0,0,0,A,A,0,No Deposit,9.0,0,Transient,129.6,0,1
City Hotel,0,20,2016,September,39,22,0,3,2,0.0,0,SC,CHN,Online TA,TA/TO,0,0,0,A,A,0,No Deposit,9.0,0,Transient,134.1,0,1
City Hotel,0,20,2016,September,39,22,0,3,2,0.0,0,SC,CHN,Online TA,TA/TO,0,0,0,A,A,0,No Deposit,9.0,0,Transient,134.1,0,1
City Hotel,0,276,2016,September,39,22,0,3,2,0.0,0,BB,PRT,Offline TA/TO,TA/TO,0,0,0,A,A,0,No Deposit,6.0,178,Transient-Party,116.33,0,0
City Hotel,0,276,2016,September,39,22,0,3,2,0.0,0,BB,PRT,Offline TA/TO,TA/TO,0,0,0,A,A,0,No Deposit,6.0,178,Transient-Party,116.33,0,0
City Hotel,0,183,2016,September,39,21,0,4,2,0.0,0,BB,FRA,Online TA,TA/TO,0,0,0,D,D,0,No Deposit,7.0,0,Transient,102.1,0,1
City Hotel,0,18,2016,September,39,23,0,2,2,0.0,0,BB,BRA,Online TA,TA/TO,0,0,0,A,A,1,No Deposit,7.0,0,Transient,130.13,0,1
City Hotel,0,115,2016,September,39,18,2,5,2,0.0,0,HB,ESP,Online TA,TA/TO,0,0,0,D,D,0,No Deposit,15.0,0,Transient,141.84,0,0
City Hotel,0,141,2016,September,39,23,0,2,2,0.0,0,BB,GBR,Online TA,TA/TO,0,0,0,A,D,3,No Deposit,9.0,0,Transient,123.8,0,1
City Hotel,0,141,2016,September,39,23,0,2,2,0.0,0,BB,GBR,Online TA,TA/TO,0,0,0,D,D,0,No Deposit,9.0,0,Transient,163.8,0,1
City Hotel,0,141,2016,September,39,23,0,2,2,0.0,0,BB,GBR,Online TA,TA/TO,0,0,0,D,D,2,No Deposit,9.0,0,Transient,163.8,0,1
City Hotel,0,141,2016,September,39,23,0,2,2,0.0,0,BB,GBR,Online TA,TA/TO,0,0,0,A,D,3,No Deposit,9.0,0,Transient,123.8,0,1
City Hotel,0,19,2016,September,39,23,0,2,2,0.0,0,SC,GBR,Online TA,TA/TO,0,0,0,A,E,0,No Deposit,9.0,0,Transient,158.0,1,3
City Hotel,0,134,2016,September,39,22,0,3,2,0.0,0,BB,GBR,Online TA,TA/TO,0,0,0,A,A,0,No Deposit,9.0,0,Transient,129.6,0,2
City Hotel,0,141,2016,September,39,23,0,2,2,0.0,0,BB,GBR,Online TA,TA/TO,0,0,0,A,D,3,No Deposit,9.0,0,Transient,123.8,0,1
City Hotel,0,20,2016,September,39,23,0,2,2,0.0,0,SC,PRT,Direct,Direct,0,0,0,A,E,0,No Deposit,14.0,0,Transient,148.13,1,0
City Hotel,0,47,2016,September,39,22,0,3,2,0.0,0,BB,FRA,Online TA,TA/TO,0,0,0,A,A,0,No Deposit,157.0,0,Transient,104.88,0,0
City Hotel,0,276,2016,September,39,22,0,3,2,0.0,0,BB,DEU,Offline TA/TO,TA/TO,0,0,0,A,A,0,No Deposit,6.0,178,Transient-Party,116.33,0,0
City Hotel,0,141,2016,September,39,23,0,2,2,0.0,0,BB,GBR,Online TA,TA/TO,0,0,0,A,D,3,No Deposit,9.0,0,Transient,128.8,0,1
City Hotel,0,141,2016,September,39,23,0,2,2,0.0,0,BB,GBR,Online TA,TA/TO,0,0,0,A,A,3,No Deposit,9.0,0,Transient,128.8,0,1
City Hotel,0,141,2016,September,39,23,0,2,2,0.0,0,BB,GBR,Online TA,TA/TO,0,0,0,A,D,5,No Deposit,9.0,0,Transient,128.8,0,1
City Hotel,0,6,2016,September,39,22,0,3,2,0.0,0,BB,GBR,Direct,Direct,0,0,0,G,G,0,No Deposit,14.0,0,Transient,295.0,0,0
City Hotel,0,123,2016,September,39,23,0,2,2,0.0,0,BB,USA,Direct,Direct,0,0,0,E,E,1,No Deposit,14.0,0,Transient,162.0,0,0
City Hotel,0,19,2016,September,39,23,0,2,2,0.0,0,BB,DEU,Online TA,TA/TO,0,0,0,A,E,0,No Deposit,7.0,0,Transient,139.13,0,1
City Hotel,0,119,2016,September,39,22,0,3,2,0.0,0,BB,BEL,Online TA,TA/TO,0,0,0,A,A,1,No Deposit,9.0,0,Transient,129.6,0,2
City Hotel,0,141,2016,September,39,23,0,2,2,0.0,0,BB,GBR,Online TA,TA/TO,0,0,0,A,E,5,No Deposit,9.0,0,Transient,128.8,0,1
City Hotel,0,122,2016,September,39,18,2,5,2,0.0,0,BB,FRA,Direct,Direct,0,0,0,D,D,0,No Deposit,,0,Transient,139.5,0,1
City Hotel,0,3,2016,September,39,22,0,3,2,0.0,0,BB,DEU,Online TA,TA/TO,0,0,0,G,G,2,No Deposit,7.0,0,Transient,218.72,0,1
City Hotel,0,21,2016,September,39,23,0,2,2,0.0,0,BB,FRA,Online TA,TA/TO,0,0,0,A,D,1,No Deposit,9.0,0,Transient,170.0,1,2
City Hotel,0,17,2016,September,39,22,0,3,2,0.0,0,BB,GBR,Online TA,TA/TO,0,0,0,A,A,0,No Deposit,7.0,0,Transient,123.62,0,1
City Hotel,0,276,2016,September,39,22,0,3,2,0.0,0,BB,DEU,Offline TA/TO,TA/TO,0,0,0,A,A,0,No Deposit,6.0,178,Transient-Party,116.33,0,0
City Hotel,0,276,2016,September,39,22,0,3,2,0.0,0,BB,DEU,Offline TA/TO,TA/TO,0,0,0,A,C,0,No Deposit,6.0,178,Transient-Party,116.33,0,0
City Hotel,0,276,2016,September,39,22,0,3,2,0.0,0,BB,DEU,Offline TA/TO,TA/TO,0,0,0,A,A,0,No Deposit,6.0,178,Transient-Party,116.33,0,0
City Hotel,0,276,2016,September,39,22,0,3,2,0.0,0,BB,DEU,Offline TA/TO,TA/TO,0,0,0,A,A,0,No Deposit,6.0,178,Transient-Party,58.17,0,0
City Hotel,0,276,2016,September,39,22,0,3,2,0.0,0,BB,DEU,Offline TA/TO,TA/TO,0,0,0,A,A,0,No Deposit,6.0,178,Transient-Party,116.33,0,0
City Hotel,0,276,2016,September,39,22,0,3,2,0.0,0,BB,DEU,Offline TA/TO,TA/TO,0,0,0,A,D,0,No Deposit,6.0,178,Transient-Party,116.33,0,0
City Hotel,0,276,2016,September,39,22,0,3,2,0.0,0,BB,PRT,Offline TA/TO,TA/TO,0,0,0,A,A,0,No Deposit,6.0,178,Transient-Party,116.33,0,0
City Hotel,0,276,2016,September,39,22,0,3,2,0.0,0,BB,PRT,Offline TA/TO,TA/TO,0,0,0,A,A,0,No Deposit,6.0,178,Transient-Party,116.33,0,0
City Hotel,0,276,2016,September,39,22,0,3,2,0.0,0,BB,DEU,Offline TA/TO,TA/TO,0,0,0,A,A,0,No Deposit,6.0,178,Transient-Party,116.33,0,0
City Hotel,0,276,2016,September,39,22,0,3,2,0.0,0,BB,ROU,Offline TA/TO,TA/TO,0,0,0,A,B,0,No Deposit,6.0,178,Transient-Party,116.33,0,0
City Hotel,0,0,2016,September,39,24,0,1,2,0.0,0,BB,PRT,Direct,Direct,0,0,0,A,A,0,No Deposit,14.0,0,Transient,234.0,0,3
City Hotel,0,18,2016,September,39,22,1,3,2,0.0,0,BB,ITA,Online TA,TA/TO,0,0,0,A,A,1,No Deposit,9.0,0,Transient,150.5,0,1
City Hotel,0,33,2016,September,40,25,1,0,2,0.0,0,SC,GBR,Online TA,TA/TO,0,0,0,A,A,0,No Deposit,9.0,0,Transient,99.0,0,2
City Hotel,0,26,2016,September,39,24,1,1,2,0.0,0,BB,BRA,Direct,Direct,0,0,0,E,D,0,No Deposit,14.0,0,Transient,157.94,0,0
City Hotel,0,33,2016,September,39,24,1,1,2,0.0,0,BB,NOR,Direct,Direct,0,0,0,E,D,0,No Deposit,14.0,0,Transient,162.45,0,0
City Hotel,0,37,2016,September,40,25,1,0,2,0.0,0,BB,BRA,Offline TA/TO,TA/TO,0,0,0,A,A,1,No Deposit,118.0,0,Transient,85.5,0,0
City Hotel,0,237,2016,September,39,22,1,3,2,0.0,0,BB,AUS,Online TA,TA/TO,0,0,0,A,A,0,No Deposit,7.0,0,Transient,87.67,0,2
City Hotel,0,237,2016,September,39,22,1,3,2,0.0,0,BB,AUS,Online TA,TA/TO,0,0,0,A,A,0,No Deposit,7.0,0,Transient,87.67,0,2
City Hotel,0,12,2016,September,39,23,1,2,2,0.0,0,SC,DEU,Online TA,TA/TO,0,0,0,A,D,0,No Deposit,9.0,0,Transient,134.1,0,1
City Hotel,0,41,2016,September,39,22,1,3,2,0.0,0,BB,FRA,Offline TA/TO,TA/TO,0,0,0,A,A,0,No Deposit,,0,Transient,118.96,0,2
City Hotel,0,336,2016,September,39,21,1,4,2,0.0,0,BB,DEU,Offline TA/TO,TA/TO,0,0,0,A,A,0,No Deposit,21.0,0,Transient-Party,78.0,0,0
City Hotel,0,23,2016,September,39,24,1,1,2,0.0,0,BB,CHN,Online TA,TA/TO,0,0,0,D,D,0,No Deposit,9.0,0,Transient,169.0,0,2
City Hotel,0,336,2016,September,39,21,1,4,2,0.0,0,BB,DEU,Offline TA/TO,TA/TO,0,0,0,A,A,0,No Deposit,21.0,0,Transient-Party,78.0,0,0
City Hotel,0,336,2016,September,39,21,1,4,2,0.0,0,BB,DEU,Offline TA/TO,TA/TO,0,0,0,A,A,0,No Deposit,21.0,0,Transient-Party,78.0,0,0
City Hotel,0,214,2016,September,39,23,1,2,2,0.0,0,BB,DEU,Offline TA/TO,TA/TO,0,0,0,A,D,0,No Deposit,173.0,0,Transient,80.75,0,1
City Hotel,0,336,2016,September,39,21,1,4,2,0.0,0,BB,DEU,Offline TA/TO,TA/TO,0,0,0,A,A,0,No Deposit,21.0,0,Transient-Party,78.0,0,0
City Hotel,0,29,2016,September,39,24,1,1,2,0.0,0,BB,AUT,Direct,Direct,0,0,0,E,E,0,No Deposit,,0,Transient,83.0,0,1
City Hotel,0,30,2016,September,39,24,1,1,2,0.0,0,BB,ZAF,Online TA,TA/TO,0,0,0,D,A,0,No Deposit,9.0,0,Transient,143.55,0,0
City Hotel,0,5,2016,September,39,24,1,1,2,0.0,0,BB,FRA,Online TA,TA/TO,0,0,0,F,F,1,No Deposit,9.0,0,Transient,239.0,0,3
City Hotel,0,336,2016,September,39,21,1,4,2,0.0,0,BB,DEU,Offline TA/TO,TA/TO,0,0,0,A,A,0,No Deposit,21.0,0,Transient-Party,78.0,0,0
City Hotel,0,21,2016,September,39,23,1,2,2,0.0,0,BB,PRT,Direct,Direct,0,0,0,A,A,1,No Deposit,,0,Transient,84.0,0,1
City Hotel,0,336,2016,September,39,21,1,4,2,0.0,0,BB,DEU,Offline TA/TO,TA/TO,0,0,0,A,A,0,No Deposit,21.0,0,Transient-Party,78.0,0,0
City Hotel,0,154,2016,September,40,25,1,0,2,0.0,0,BB,USA,Direct,Direct,0,0,0,A,A,0,No Deposit,14.0,0,Transient,127.8,0,0
City Hotel,0,336,2016,September,39,21,1,4,2,0.0,0,BB,DEU,Offline TA/TO,TA/TO,0,0,0,A,F,0,No Deposit,21.0,0,Transient-Party,78.0,0,0
City Hotel,0,332,2016,September,39,22,1,3,2,0.0,0,BB,PRT,Online TA,TA/TO,0,0,0,A,A,1,No Deposit,7.0,0,Transient,77.23,0,2
City Hotel,0,19,2016,September,40,25,1,0,2,0.0,0,SC,GBR,Online TA,TA/TO,0,0,0,A,A,0,No Deposit,9.0,0,Transient,129.0,0,2
City Hotel,0,19,2016,September,40,25,1,0,2,0.0,0,SC,GBR,Online TA,TA/TO,0,0,0,A,A,0,No Deposit,9.0,0,Transient,129.0,0,2
City Hotel,0,332,2016,September,39,22,1,3,2,0.0,0,BB,PRT,Online TA,TA/TO,0,0,0,A,A,0,No Deposit,7.0,0,Transient,77.23,0,2
City Hotel,0,336,2016,September,39,21,1,4,2,0.0,0,BB,DEU,Offline TA/TO,TA/TO,0,0,0,A,A,0,No Deposit,21.0,0,Transient-Party,78.0,0,0
City Hotel,0,336,2016,September,39,21,1,4,2,0.0,0,BB,DEU,Offline TA/TO,TA/TO,0,0,0,A,F,0,No Deposit,21.0,0,Transient-Party,78.0,0,0
City Hotel,0,336,2016,September,39,21,1,4,2,0.0,0,BB,DEU,Offline TA/TO,TA/TO,0,0,0,A,A,2,No Deposit,21.0,0,Transient-Party,78.0,0,0
City Hotel,0,0,2016,September,40,25,1,0,2,0.0,0,SC,GBR,Online TA,TA/TO,0,0,0,A,A,0,No Deposit,9.0,0,Transient,160.0,0,0
City Hotel,0,336,2016,September,39,21,1,4,2,0.0,0,BB,DEU,Offline TA/TO,TA/TO,0,0,0,A,F,3,No Deposit,21.0,0,Transient-Party,39.0,0,0
City Hotel,0,3,2016,September,40,25,1,0,2,0.0,0,BB,DEU,Offline TA/TO,TA/TO,0,0,0,A,B,0,No Deposit,27.0,0,Transient,95.0,0,0
City Hotel,0,0,2016,September,40,25,1,0,2,0.0,0,BB,USA,Direct,Direct,0,0,0,A,D,0,No Deposit,,0,Transient,130.0,0,0
City Hotel,0,19,2016,September,39,23,1,2,2,0.0,0,BB,CHE,Online TA,TA/TO,0,0,0,A,D,1,No Deposit,9.0,0,Transient,139.0,0,1
City Hotel,0,19,2016,September,39,23,1,2,2,0.0,0,SC,GBR,Online TA,TA/TO,0,0,0,A,D,0,No Deposit,9.0,0,Transient,139.0,0,3
City Hotel,0,115,2016,September,39,23,1,2,2,0.0,0,SC,GBR,Online TA,TA/TO,0,0,0,A,A,0,No Deposit,7.0,0,Transient,96.33,0,1
City Hotel,0,21,2016,September,39,24,1,1,2,0.0,0,BB,PRT,Online TA,TA/TO,0,0,0,A,A,0,No Deposit,9.0,0,Transient,163.0,0,2
City Hotel,0,1,2016,September,39,22,1,3,2,0.0,0,BB,BRA,Offline TA/TO,TA/TO,0,0,0,A,A,0,No Deposit,315.0,0,Transient-Party,176.0,0,0
City Hotel,0,0,2016,September,39,24,1,1,2,0.0,0,BB,PRT,Direct,Direct,0,0,0,A,A,3,No Deposit,,0,Transient,180.0,0,0
City Hotel,0,19,2016,September,39,23,1,2,2,0.0,0,SC,PRT,Online TA,TA/TO,0,0,0,A,D,0,No Deposit,9.0,0,Transient,139.0,0,1
City Hotel,0,332,2016,September,39,22,1,3,2,0.0,0,BB,PRT,Online TA,TA/TO,0,0,0,A,A,1,No Deposit,7.0,0,Transient,77.23,0,0
City Hotel,0,114,2016,September,39,23,1,2,2,0.0,0,BB,FRA,Online TA,TA/TO,0,0,0,A,D,0,No Deposit,9.0,0,Transient,135.9,0,2
City Hotel,0,19,2016,September,39,23,1,2,2,0.0,0,SC,ISR,Online TA,TA/TO,0,0,0,A,E,0,No Deposit,7.0,0,Transient,107.03,0,1
City Hotel,0,0,2016,September,39,21,1,4,2,0.0,0,BB,PRT,Complementary,Direct,0,0,0,D,D,0,No Deposit,,0,Transient,0.0,1,1
City Hotel,0,1,2016,September,39,22,1,3,2,0.0,0,BB,PRT,Offline TA/TO,TA/TO,0,0,0,A,A,0,No Deposit,315.0,0,Transient-Party,176.0,0,0
City Hotel,0,34,2016,September,40,26,1,0,2,0.0,0,BB,DEU,Online TA,TA/TO,0,0,0,A,A,0,No Deposit,9.0,0,Transient,117.0,0,0
City Hotel,0,3,2016,September,40,26,1,0,2,0.0,0,BB,GBR,Offline TA/TO,TA/TO,0,0,0,A,B,1,No Deposit,138.0,0,Transient,115.0,0,0
City Hotel,0,34,2016,September,40,25,2,0,2,0.0,0,SC,GBR,Online TA,TA/TO,0,0,0,A,A,0,No Deposit,9.0,0,Transient,99.0,0,1
City Hotel,0,35,2016,September,40,25,2,0,2,0.0,0,SC,AUT,Online TA,TA/TO,0,0,0,A,A,0,No Deposit,9.0,0,Transient,99.0,0,3
City Hotel,0,89,2016,September,39,20,2,5,2,0.0,0,BB,ROU,Offline TA/TO,TA/TO,0,0,0,A,A,2,No Deposit,138.0,0,Transient,95.0,0,2
City Hotel,0,22,2016,September,39,24,2,1,2,0.0,0,BB,USA,Direct,Direct,0,0,0,A,A,0,No Deposit,14.0,0,Transient,139.0,0,2
City Hotel,0,179,2016,September,39,24,2,1,2,0.0,0,BB,DEU,Online TA,TA/TO,0,0,0,A,A,0,No Deposit,9.0,0,Transient-Party,121.5,0,2
City Hotel,0,179,2016,September,39,24,2,1,2,0.0,0,BB,DEU,Online TA,TA/TO,0,0,0,A,A,0,No Deposit,9.0,0,Transient-Party,126.9,0,2
City Hotel,0,4,2016,September,40,25,2,0,2,0.0,0,SC,ESP,Online TA,TA/TO,0,0,0,A,A,1,No Deposit,9.0,0,Transient,160.0,0,0
City Hotel,0,4,2016,September,40,25,2,0,2,0.0,0,SC,ARG,Online TA,TA/TO,0,0,0,A,A,1,No Deposit,9.0,0,Transient,160.0,0,0
City Hotel,0,150,2016,September,40,26,1,0,2,0.0,0,BB,DEU,Offline TA/TO,TA/TO,0,0,0,A,A,0,No Deposit,27.0,0,Transient,80.75,0,0
City Hotel,0,30,2016,September,40,25,2,0,2,0.0,0,BB,CHN,Online TA,TA/TO,0,0,0,A,A,2,No Deposit,9.0,0,Transient,109.1,0,1
City Hotel,0,35,2016,September,40,25,2,0,2,0.0,0,BB,NLD,Online TA,TA/TO,0,0,0,A,A,0,No Deposit,9.0,0,Transient-Party,117.0,0,2
City Hotel,0,35,2016,September,40,25,2,0,2,0.0,0,BB,NLD,Online TA,TA/TO,0,0,0,A,A,0,No Deposit,9.0,0,Transient-Party,117.0,0,2
City Hotel,0,30,2016,September,40,25,2,0,2,0.0,0,BB,CHN,Online TA,TA/TO,0,0,0,A,A,1,No Deposit,9.0,0,Transient,109.1,0,1
City Hotel,0,36,2016,September,40,25,2,0,2,0.0,0,BB,USA,Online TA,TA/TO,0,0,0,A,A,0,No Deposit,7.0,0,Transient,90.09,0,1
City Hotel,0,22,2016,September,39,24,2,1,2,0.0,0,BB,DEU,Direct,Direct,0,0,0,A,A,1,No Deposit,14.0,0,Transient,150.63,1,0
City Hotel,0,171,2016,September,39,20,2,5,2,0.0,0,BB,AUS,Direct,Direct,0,0,0,A,B,2,No Deposit,,0,Transient-Party,96.9,0,0
City Hotel,0,50,2016,September,39,20,2,5,2,0.0,0,BB,GBR,Direct,Direct,0,0,0,A,B,1,No Deposit,,0,Transient-Party,96.9,0,0
City Hotel,0,5,2016,September,40,26,1,0,2,0.0,0,BB,PRT,Corporate,Corporate,0,0,0,A,D,0,No Deposit,,0,Transient,84.0,0,0
City Hotel,0,18,2016,November,46,8,0,1,2,0.0,0,BB,PRT,Corporate,Corporate,1,0,1,A,A,1,No Deposit,,0,Transient,75.0,0,3
City Hotel,0,20,2016,September,40,25,2,0,2,0.0,0,BB,GBR,Offline TA/TO,TA/TO,0,0,0,A,A,0,No Deposit,138.0,0,Transient,85.5,0,1
City Hotel,0,20,2016,September,40,25,2,0,2,0.0,0,BB,GBR,Offline TA/TO,TA/TO,0,0,0,A,A,0,No Deposit,138.0,0,Transient,85.5,0,1
City Hotel,0,8,2016,September,40,25,2,0,2,0.0,0,BB,PRT,Offline TA/TO,TA/TO,0,0,0,A,A,0,No Deposit,28.0,0,Transient,95.0,0,0
City Hotel,0,150,2016,September,40,25,2,0,2,0.0,0,BB,ITA,Online TA,TA/TO,0,0,0,A,A,2,No Deposit,7.0,0,Transient,91.48,0,1
City Hotel,0,150,2016,September,40,25,2,0,2,0.0,0,BB,ITA,Online TA,TA/TO,0,0,0,A,A,2,No Deposit,7.0,0,Transient,91.48,0,1
City Hotel,0,22,2016,September,40,25,2,0,2,0.0,0,BB,BRA,Online TA,TA/TO,0,0,0,A,A,0,No Deposit,7.0,0,Transient,107.03,0,1
City Hotel,0,20,2016,September,39,24,2,1,2,0.0,0,SC,FRA,Online TA,TA/TO,0,0,0,A,A,0,No Deposit,9.0,0,Transient,129.0,0,2
City Hotel,0,20,2016,September,40,25,2,0,2,0.0,0,BB,GBR,Offline TA/TO,TA/TO,0,0,0,A,A,0,No Deposit,138.0,0,Transient,85.5,0,1
City Hotel,0,25,2016,September,40,25,2,0,2,0.0,0,BB,FRA,Online TA,TA/TO,0,0,0,A,A,0,No Deposit,155.0,0,Transient,145.0,0,2
City Hotel,0,21,2016,September,40,25,2,1,2,0.0,0,BB,DEU,Online TA,TA/TO,0,0,0,A,A,0,No Deposit,9.0,0,Transient,139.0,0,1
City Hotel,0,100,2016,September,40,25,2,1,2,0.0,0,BB,DEU,Offline TA/TO,TA/TO,0,0,0,A,A,0,No Deposit,85.0,0,Transient,80.75,0,0
City Hotel,0,31,2016,September,40,27,0,1,2,0.0,0,BB,UGA,Online TA,TA/TO,0,0,0,A,D,0,No Deposit,9.0,0,Transient,126.0,0,0
City Hotel,0,0,2016,September,40,27,0,1,2,0.0,0,SC,USA,Online TA,TA/TO,0,0,0,A,D,0,No Deposit,152.0,0,Transient,100.37,0,0
City Hotel,0,34,2016,September,40,25,2,1,2,0.0,0,BB,FRA,Online TA,TA/TO,0,0,0,A,A,0,No Deposit,9.0,0,Transient,117.0,0,2
City Hotel,0,144,2016,September,39,23,2,3,2,0.0,0,BB,BEL,Online TA,TA/TO,0,0,0,A,A,0,No Deposit,9.0,0,Transient,129.6,0,2
City Hotel,0,144,2016,September,39,23,2,3,2,0.0,0,BB,BEL,Online TA,TA/TO,0,0,0,A,A,0,No Deposit,9.0,0,Transient,129.6,0,2
City Hotel,0,32,2016,September,40,25,2,1,2,0.0,0,SC,IRL,Online TA,TA/TO,0,0,0,A,A,0,No Deposit,9.0,0,Transient,99.0,0,1
City Hotel,0,34,2016,September,40,25,2,1,2,0.0,0,SC,PRT,Online TA,TA/TO,0,0,0,A,A,0,No Deposit,7.0,0,Transient,82.23,0,1
City Hotel,0,35,2016,September,40,25,2,1,2,0.0,0,BB,FRA,Online TA,TA/TO,0,0,0,A,A,0,No Deposit,9.0,0,Transient,117.0,0,1
City Hotel,0,226,2016,September,39,21,2,5,2,0.0,0,BB,DEU,Online TA,TA/TO,0,0,0,A,A,0,No Deposit,9.0,0,Transient,119.85,0,1
City Hotel,0,237,2016,September,38,13,4,11,2,0.0,0,BB,DEU,Online TA,TA/TO,0,0,0,D,D,0,No Deposit,9.0,0,Transient,116.62,0,1
City Hotel,0,22,2016,September,39,24,2,2,2,0.0,0,BB,POL,Online TA,TA/TO,0,0,0,D,A,0,No Deposit,9.0,0,Transient,161.5,0,1
City Hotel,0,35,2016,September,40,25,2,1,2,0.0,0,BB,BEL,Online TA,TA/TO,0,0,0,A,A,0,No Deposit,9.0,0,Transient,117.0,0,2
City Hotel,0,35,2016,September,40,25,2,1,2,0.0,0,BB,FRA,Online TA,TA/TO,0,0,0,A,A,0,No Deposit,9.0,0,Transient,117.0,0,2
City Hotel,0,22,2016,September,40,26,1,1,2,0.0,0,BB,BRA,Online TA,TA/TO,0,0,0,A,B,2,No Deposit,8.0,0,Transient,148.0,0,1
City Hotel,0,22,2016,September,40,26,1,1,2,0.0,0,BB,BRA,Online TA,TA/TO,0,0,0,A,B,1,No Deposit,8.0,0,Transient,139.0,0,1
City Hotel,0,0,2016,September,40,27,0,1,2,0.0,0,BB,PRT,Corporate,Corporate,0,0,0,A,D,2,No Deposit,174.0,0,Transient-Party,160.0,0,0
City Hotel,0,29,2016,September,40,25,2,1,2,0.0,0,SC,ESP,Online TA,TA/TO,0,0,0,A,A,0,No Deposit,9.0,0,Transient,111.67,0,2
City Hotel,0,13,2016,September,40,25,2,1,2,0.0,0,SC,FRA,Online TA,TA/TO,0,0,0,A,A,0,No Deposit,9.0,0,Transient,129.0,0,2
City Hotel,0,0,2016,September,40,27,0,1,2,0.0,0,BB,PRT,Corporate,Corporate,0,0,0,D,D,3,No Deposit,174.0,0,Transient-Party,160.0,0,0
City Hotel,0,0,2016,September,40,27,0,1,2,0.0,0,BB,PRT,Corporate,Corporate,0,0,0,A,A,2,No Deposit,174.0,0,Transient-Party,160.0,0,0
City Hotel,0,0,2016,September,40,27,0,1,2,0.0,0,BB,PRT,Corporate,Corporate,0,0,0,A,A,2,No Deposit,174.0,0,Transient-Party,160.0,0,0
City Hotel,0,1,2016,September,40,26,1,1,2,0.0,0,SC,FRA,Online TA,TA/TO,0,0,0,A,B,0,No Deposit,9.0,0,Transient,170.0,0,1
City Hotel,0,59,2016,September,40,26,1,1,2,0.0,0,BB,AUT,Online TA,TA/TO,0,0,0,A,A,1,No Deposit,9.0,0,Transient,135.9,0,0
City Hotel,0,4,2016,September,40,25,2,1,2,0.0,0,BB,LBN,Online TA,TA/TO,0,0,0,A,A,0,No Deposit,9.0,0,Transient,180.0,0,1
City Hotel,0,0,2016,September,40,27,0,1,2,0.0,0,BB,PRT,Corporate,Corporate,0,0,0,A,A,2,No Deposit,174.0,0,Transient-Party,160.0,0,0
City Hotel,0,68,2016,September,39,24,2,2,2,0.0,0,BB,AUS,Online TA,TA/TO,0,0,0,D,A,0,No Deposit,9.0,0,Transient,149.4,0,2
City Hotel,0,11,2016,September,40,25,2,1,2,0.0,0,SC,USA,Online TA,TA/TO,0,0,0,A,A,0,No Deposit,9.0,0,Transient,129.0,0,1
City Hotel,0,25,2016,September,40,26,1,1,2,0.0,0,BB,FRA,Online TA,TA/TO,0,0,0,A,D,0,No Deposit,9.0,0,Transient,139.0,0,3
City Hotel,0,126,2016,September,39,23,2,3,2,0.0,0,BB,DEU,Online TA,TA/TO,0,0,0,A,D,0,No Deposit,9.0,0,Transient,129.6,0,2
City Hotel,0,121,2016,September,39,24,2,2,2,0.0,0,BB,FRA,Online TA,TA/TO,0,0,0,A,A,0,No Deposit,9.0,0,Transient,129.6,0,1
City Hotel,0,37,2016,September,40,26,1,1,2,0.0,0,SC,ESP,Online TA,TA/TO,0,0,0,A,A,0,No Deposit,9.0,0,Transient,108.0,0,2
City Hotel,0,3,2016,September,40,26,1,1,2,0.0,0,BB,DEU,Online TA,TA/TO,0,0,0,D,D,0,No Deposit,9.0,0,Transient,195.0,0,1
City Hotel,0,54,2016,September,40,25,2,1,2,0.0,0,BB,FRA,Online TA,TA/TO,0,0,0,D,D,0,No Deposit,9.0,0,Transient,149.4,0,2
City Hotel,0,144,2016,September,39,23,2,3,2,0.0,0,BB,BEL,Online TA,TA/TO,0,0,0,A,A,0,No Deposit,9.0,0,Transient,129.6,0,2
City Hotel,0,1,2016,September,40,27,0,1,2,0.0,0,BB,PRT,Corporate,Corporate,0,0,0,A,D,1,No Deposit,,0,Transient,115.0,0,0
City Hotel,0,30,2016,September,40,25,2,1,2,0.0,0,BB,LIE,Online TA,TA/TO,0,0,0,A,A,0,No Deposit,9.0,0,Transient,117.0,0,2
City Hotel,0,26,2016,September,40,25,2,1,2,0.0,0,BB,NLD,Direct,Direct,0,0,0,A,A,0,No Deposit,14.0,0,Transient,120.0,0,1
City Hotel,0,112,2016,September,40,26,1,1,2,0.0,0,BB,PRT,Direct,Direct,0,0,0,A,A,0,No Deposit,,0,Transient,139.8,0,0
City Hotel,0,33,2016,September,40,26,1,1,2,0.0,0,BB,CHE,Online TA,TA/TO,0,0,0,A,A,1,No Deposit,9.0,0,Transient,119.0,0,1
City Hotel,0,34,2016,September,40,25,2,1,2,0.0,0,BB,IRL,Online TA,TA/TO,0,0,0,A,A,0,No Deposit,8.0,0,Transient,117.0,0,1
City Hotel,0,1,2016,September,40,27,0,1,2,0.0,0,BB,PRT,Online TA,TA/TO,0,0,0,A,A,0,No Deposit,9.0,0,Transient,190.0,0,1
City Hotel,0,26,2016,September,40,25,2,1,2,0.0,0,BB,POL,Online TA,TA/TO,0,0,0,A,A,0,No Deposit,9.0,0,Transient,139.0,0,1
City Hotel,0,33,2016,September,40,26,1,1,2,0.0,0,BB,PRT,Online TA,TA/TO,0,0,0,D,D,3,No Deposit,9.0,0,Transient,147.25,0,4
City Hotel,0,48,2016,September,40,27,0,1,2,0.0,0,SC,GBR,Online TA,TA/TO,0,0,0,A,A,0,No Deposit,9.0,0,Transient,125.1,0,1
City Hotel,0,28,2016,September,40,27,0,1,2,0.0,0,BB,PRT,Offline TA/TO,TA/TO,0,0,0,A,A,0,No Deposit,94.0,0,Transient,75.0,0,2
City Hotel,0,28,2016,September,40,27,0,1,2,0.0,0,BB,PRT,Offline TA/TO,TA/TO,0,0,0,A,A,0,No Deposit,94.0,0,Transient,75.0,0,2
City Hotel,0,28,2016,September,40,27,0,1,2,0.0,0,BB,POL,Offline TA/TO,TA/TO,0,0,0,A,A,0,No Deposit,94.0,0,Transient,75.0,0,2
City Hotel,0,0,2016,September,40,27,0,1,2,0.0,0,BB,PRT,Corporate,Corporate,0,0,0,A,D,1,No Deposit,174.0,0,Transient-Party,160.0,0,0
City Hotel,0,0,2016,September,40,27,0,1,2,0.0,0,BB,PRT,Corporate,Corporate,0,0,0,A,A,1,No Deposit,174.0,0,Transient-Party,160.0,0,0
City Hotel,0,54,2016,October,42,15,1,1,2,0.0,0,BB,GBR,Online TA,TA/TO,0,0,1,D,D,0,No Deposit,7.0,0,Transient,107.41,0,1
City Hotel,0,14,2016,September,40,27,0,1,2,0.0,0,SC,DEU,Offline TA/TO,TA/TO,0,0,0,A,A,0,No Deposit,138.0,0,Transient,76.5,0,0
City Hotel,0,4,2016,September,40,26,1,1,2,0.0,0,BB,GBR,Offline TA/TO,TA/TO,0,0,0,A,A,1,No Deposit,6.0,0,Transient,116.0,0,0
City Hotel,0,20,2016,September,39,24,2,2,2,0.0,0,SC,GBR,Online TA,TA/TO,0,0,0,A,A,0,No Deposit,83.0,0,Transient,101.2,0,0
City Hotel,0,0,2016,September,40,27,0,1,2,0.0,0,BB,PRT,Corporate,Corporate,0,0,0,A,A,2,No Deposit,174.0,0,Transient-Party,160.0,0,0
City Hotel,0,19,2016,September,40,26,1,1,2,0.0,0,BB,IRN,Online TA,TA/TO,0,0,0,E,E,0,No Deposit,86.0,0,Transient,151.2,0,0
City Hotel,0,0,2016,September,40,27,0,1,2,0.0,0,BB,ESP,Online TA,TA/TO,0,0,0,A,B,0,No Deposit,7.0,0,Transient,138.99,0,0
City Hotel,0,30,2016,September,40,25,2,2,2,0.0,0,BB,GBR,Online TA,TA/TO,0,0,0,D,D,0,No Deposit,7.0,0,Transient,92.25,0,1
City Hotel,0,64,2016,December,49,3,1,1,2,0.0,0,BB,NLD,Online TA,TA/TO,1,0,1,A,A,0,No Deposit,9.0,0,Transient,93.6,0,1
City Hotel,0,66,2016,December,50,5,1,1,2,0.0,0,BB,DEU,Online TA,TA/TO,1,0,1,A,A,1,No Deposit,7.0,0,Group,67.91,0,2
City Hotel,0,37,2016,September,40,28,0,1,2,0.0,0,BB,PRT,Online TA,TA/TO,0,0,0,D,D,0,No Deposit,7.0,0,Transient,113.65,0,1
City Hotel,0,162,2016,October,40,1,0,1,2,0.0,0,BB,GBR,Online TA,TA/TO,0,0,1,D,D,1,No Deposit,7.0,0,Transient,104.25,0,2
City Hotel,0,17,2016,September,40,25,2,2,2,0.0,0,BB,ESP,Online TA,TA/TO,0,0,0,A,A,0,No Deposit,9.0,0,Transient,158.0,0,2
City Hotel,0,17,2016,September,40,27,0,2,2,0.0,0,SC,JPN,Offline TA/TO,TA/TO,0,0,0,A,A,0,No Deposit,85.0,0,Transient,85.0,0,0
City Hotel,0,32,2016,September,40,25,2,2,2,0.0,0,BB,FRA,Online TA,TA/TO,0,0,0,D,D,0,No Deposit,9.0,0,Transient,134.78,0,1
City Hotel,0,251,2016,September,40,25,2,2,2,0.0,0,BB,DEU,Online TA,TA/TO,0,0,0,A,A,0,No Deposit,9.0,0,Transient,100.3,0,2
City Hotel,0,32,2016,September,40,25,2,2,2,0.0,0,BB,FRA,Online TA,TA/TO,0,0,0,D,D,0,No Deposit,9.0,0,Transient,134.78,0,1
City Hotel,0,15,2016,September,40,28,0,1,2,0.0,0,BB,FRA,Online TA,TA/TO,0,0,0,D,D,0,No Deposit,9.0,0,Transient,164.0,0,0
City Hotel,0,182,2016,September,39,22,2,5,2,0.0,0,BB,DEU,Offline TA/TO,TA/TO,0,0,0,D,D,0,No Deposit,16.0,0,Transient,90.95,0,1
City Hotel,0,15,2016,September,40,28,0,1,2,0.0,0,BB,PRT,Online TA,TA/TO,0,0,0,D,D,0,No Deposit,9.0,0,Transient,164.0,0,0
City Hotel,0,17,2016,September,40,25,2,2,2,0.0,0,BB,FRA,Online TA,TA/TO,0,0,0,A,A,1,No Deposit,9.0,0,Transient,135.0,0,1
City Hotel,0,35,2016,September,40,25,2,2,2,0.0,0,BB,BEL,Online TA,TA/TO,0,0,0,A,A,0,No Deposit,9.0,0,Transient,121.28,0,1
City Hotel,0,244,2016,September,40,29,0,1,2,0.0,0,SC,PRT,Online TA,TA/TO,0,0,0,A,D,0,No Deposit,7.0,0,Transient,98.4,0,2
City Hotel,0,336,2016,September,39,21,2,6,2,0.0,0,BB,DEU,Offline TA/TO,TA/TO,0,0,0,A,A,1,No Deposit,21.0,0,Transient-Party,81.88,0,0
City Hotel,0,12,2016,September,40,27,0,2,2,0.0,0,BB,PRT,Offline TA/TO,TA/TO,0,0,0,A,B,1,No Deposit,138.0,0,Transient,95.0,0,0
City Hotel,0,95,2016,September,40,26,1,2,2,0.0,0,BB,GBR,Online TA,TA/TO,0,0,0,A,D,0,No Deposit,7.0,0,Transient,111.31,0,2
City Hotel,0,58,2016,September,40,27,0,2,2,0.0,0,BB,BRA,Online TA,TA/TO,0,0,0,D,K,0,No Deposit,7.0,0,Transient,115.04,0,2
City Hotel,0,58,2016,September,40,27,0,2,2,0.0,0,BB,ITA,Online TA,TA/TO,0,0,0,D,K,0,No Deposit,7.0,0,Transient,115.04,0,3
City Hotel,0,1,2016,September,40,27,0,2,2,0.0,0,BB,ISR,Offline TA/TO,TA/TO,0,0,0,E,E,0,No Deposit,37.0,0,Transient,170.0,0,2
City Hotel,0,336,2016,September,39,21,2,6,2,0.0,0,BB,DEU,Offline TA/TO,TA/TO,0,0,0,A,A,1,No Deposit,21.0,0,Transient-Party,84.13,0,0
City Hotel,0,75,2016,September,40,26,1,2,2,0.0,0,BB,BEL,Online TA,TA/TO,0,0,0,A,A,0,No Deposit,9.0,0,Transient,135.9,0,3
City Hotel,0,0,2016,September,40,28,0,1,2,0.0,0,BB,PRT,Direct,Direct,0,0,0,F,F,0,No Deposit,,0,Transient,185.0,0,2
City Hotel,0,14,2016,October,43,17,1,0,2,0.0,0,BB,PRT,Direct,Direct,1,0,1,A,A,0,No Deposit,,0,Transient,131.25,0,2
City Hotel,0,16,2016,November,45,3,0,1,2,0.0,0,BB,PRT,Direct,Direct,1,0,2,A,A,0,No Deposit,,0,Transient,120.0,0,3
City Hotel,0,95,2016,September,40,26,1,2,2,0.0,0,BB,IRL,Online TA,TA/TO,0,0,0,D,D,0,No Deposit,9.0,0,Transient,149.4,0,1
City Hotel,0,22,2016,September,39,24,2,3,2,0.0,0,BB,GBR,Online TA,TA/TO,0,0,0,D,A,0,No Deposit,7.0,0,Transient,104.22,0,1
City Hotel,0,35,2016,September,39,24,2,3,2,0.0,0,BB,GBR,Online TA,TA/TO,0,0,0,D,A,0,No Deposit,9.0,0,Transient,139.14,0,1
City Hotel,0,20,2016,September,39,24,2,3,2,0.0,0,BB,DEU,Online TA,TA/TO,0,0,0,A,A,0,No Deposit,9.0,0,Transient,145.0,0,1
City Hotel,0,80,2016,September,40,25,2,2,2,0.0,0,BB,PRT,Online TA,TA/TO,0,0,0,A,A,0,No Deposit,9.0,0,Transient,135.9,0,0
City Hotel,0,24,2016,September,40,28,0,1,2,0.0,0,SC,PRT,Online TA,TA/TO,0,0,0,A,D,0,No Deposit,9.0,0,Transient,119.0,0,1
City Hotel,0,16,2016,September,40,27,0,2,2,0.0,0,SC,ESP,Online TA,TA/TO,0,0,0,A,A,0,No Deposit,9.0,0,Transient,129.0,0,1
City Hotel,0,108,2016,September,39,24,2,3,2,0.0,0,BB,DEU,Online TA,TA/TO,0,0,0,B,D,1,No Deposit,9.0,0,Transient,127.38,0,3
City Hotel,0,83,2016,September,40,28,0,1,2,0.0,0,SC,CHN,Online TA,TA/TO,0,0,0,A,D,0,No Deposit,9.0,0,Transient,112.59,0,2
City Hotel,0,42,2016,September,40,27,0,2,2,0.0,0,BB,ISR,Online TA,TA/TO,0,0,0,D,D,0,No Deposit,9.0,0,Transient,158.4,1,1
City Hotel,0,147,2016,September,40,25,2,2,2,0.0,0,BB,CN,Online TA,TA/TO,0,0,0,A,A,0,No Deposit,8.0,0,Transient,129.6,0,2
City Hotel,0,31,2016,September,40,25,2,3,2,0.0,0,BB,IND,Online TA,TA/TO,0,0,0,D,D,0,No Deposit,7.0,0,Transient,94.0,0,2
City Hotel,0,55,2016,September,40,26,1,3,2,0.0,0,BB,CHE,Online TA,TA/TO,0,0,0,A,A,0,No Deposit,9.0,0,Transient,135.9,0,2
City Hotel,0,7,2016,September,40,29,0,1,2,0.0,0,BB,PRT,Direct,Direct,0,0,0,A,D,0,No Deposit,,0,Transient,135.0,1,1
City Hotel,0,11,2017,June,24,12,1,1,2,0.0,0,BB,PRT,Direct,Direct,1,0,2,A,D,1,No Deposit,,0,Group,95.0,1,2
City Hotel,0,11,2017,August,31,4,0,1,2,0.0,0,BB,PRT,Direct,Direct,1,0,3,A,D,0,No Deposit,,0,Transient,140.0,1,2
City Hotel,0,25,2017,August,33,18,0,1,2,0.0,0,BB,PRT,Direct,Direct,1,0,4,A,A,1,No Deposit,,0,Transient,140.0,1,2
City Hotel,0,1,2016,September,40,29,0,1,2,0.0,0,BB,PRT,Online TA,TA/TO,0,0,0,A,A,0,No Deposit,9.0,0,Transient,106.2,0,1
City Hotel,0,1,2016,September,40,29,0,1,2,0.0,0,BB,PRT,Online TA,TA/TO,0,0,0,A,A,0,No Deposit,9.0,0,Transient,106.2,0,1
City Hotel,0,1,2016,September,40,29,0,1,2,0.0,0,BB,CN,Online TA,TA/TO,0,0,0,A,A,0,No Deposit,9.0,0,Transient,106.2,0,1
City Hotel,0,116,2016,September,40,25,2,3,2,0.0,0,SC,GBR,Online TA,TA/TO,0,0,0,A,A,2,No Deposit,9.0,0,Transient,125.1,0,2
City Hotel,0,28,2016,September,40,27,0,3,2,0.0,0,SC,BRA,Online TA,TA/TO,0,0,0,A,A,0,No Deposit,7.0,0,Transient,97.58,0,1
City Hotel,0,188,2016,September,40,26,1,3,2,0.0,0,BB,GBR,Offline TA/TO,TA/TO,0,0,0,A,A,0,No Deposit,132.0,0,Transient,80.75,0,0
City Hotel,0,40,2016,September,40,28,0,2,2,0.0,0,BB,BEL,Online TA,TA/TO,0,0,0,D,E,1,No Deposit,9.0,0,Transient,165.6,1,2
City Hotel,0,21,2016,September,40,29,0,1,2,0.0,0,SC,BRA,Online TA,TA/TO,0,0,0,A,A,0,No Deposit,7.0,0,Transient,99.33,0,1
City Hotel,0,218,2016,September,40,29,0,1,2,0.0,0,SC,PRT,Online TA,TA/TO,0,0,0,A,A,0,No Deposit,9.0,0,Transient,116.1,0,2
City Hotel,0,18,2016,September,40,26,1,3,2,0.0,0,BB,FRA,Online TA,TA/TO,0,0,0,A,A,0,No Deposit,9.0,0,Transient,149.0,0,2
City Hotel,0,65,2016,September,40,27,0,3,2,0.0,0,BB,BEL,Online TA,TA/TO,0,0,0,A,A,0,No Deposit,9.0,0,Transient,135.9,0,3
City Hotel,0,0,2016,September,40,29,0,1,2,0.0,0,SC,USA,Online TA,TA/TO,0,0,0,A,A,0,No Deposit,152.0,0,Transient,106.65,0,0
City Hotel,0,108,2016,September,40,27,0,3,2,0.0,0,BB,CN,Offline TA/TO,TA/TO,0,0,0,A,A,0,No Deposit,85.0,0,Transient,80.75,0,0
City Hotel,0,244,2016,September,40,29,0,1,2,0.0,0,SC,PRT,Online TA,TA/TO,0,0,0,A,A,0,No Deposit,7.0,0,Transient,89.4,0,2
City Hotel,0,32,2016,September,40,25,2,3,2,0.0,0,BB,PRT,Online TA,TA/TO,0,0,0,D,D,0,No Deposit,83.0,0,Transient,109.87,0,0
City Hotel,0,32,2016,September,40,25,2,3,2,0.0,0,BB,DEU,Offline TA/TO,TA/TO,0,0,0,A,A,0,No Deposit,85.0,0,Transient,81.0,0,0
City Hotel,0,65,2016,September,40,27,0,3,2,0.0,0,SC,FRA,Online TA,TA/TO,0,0,0,A,A,1,No Deposit,9.0,0,Transient,125.1,0,1
City Hotel,0,16,2016,September,40,27,0,3,2,0.0,0,SC,FRA,Online TA,TA/TO,0,0,0,A,A,0,No Deposit,7.0,0,Transient,103.36,0,1
City Hotel,0,0,2016,September,40,29,0,1,2,0.0,0,SC,PRT,Online TA,TA/TO,0,0,0,A,A,0,No Deposit,9.0,0,Transient,170.0,0,0
City Hotel,0,22,2016,September,40,26,1,3,2,0.0,0,SC,FRA,Online TA,TA/TO,0,0,0,A,A,0,No Deposit,7.0,0,Transient,91.63,0,1
City Hotel,0,62,2016,September,40,27,0,3,2,0.0,0,BB,BEL,Direct,Direct,0,0,0,A,A,0,No Deposit,14.0,0,Transient,125.1,0,0
City Hotel,0,40,2016,September,40,29,0,1,2,0.0,0,SC,PRT,Online TA,TA/TO,0,0,0,A,D,0,No Deposit,9.0,0,Transient,104.49,0,1
City Hotel,0,35,2016,September,40,27,0,3,2,0.0,0,BB,ESP,Online TA,TA/TO,0,0,0,A,A,1,No Deposit,83.0,0,Transient,108.4,0,0
City Hotel,0,35,2016,September,40,25,2,3,2,0.0,0,BB,DEU,Online TA,TA/TO,0,0,0,D,D,0,No Deposit,9.0,0,Transient,137.34,0,2
City Hotel,0,24,2016,September,40,25,2,3,2,0.0,0,BB,NLD,Online TA,TA/TO,0,0,0,D,D,0,No Deposit,7.0,0,Transient,94.86,0,1
City Hotel,0,12,2016,September,40,28,0,2,2,0.0,0,BB,FRA,Online TA,TA/TO,0,0,0,E,E,0,No Deposit,86.0,0,Transient,160.2,0,1
City Hotel,0,28,2016,September,40,28,0,2,2,0.0,0,BB,RUS,Online TA,TA/TO,0,0,0,D,D,0,No Deposit,8.0,0,Transient,163.0,0,1
City Hotel,0,84,2016,September,40,27,0,3,2,0.0,0,BB,HUN,Online TA,TA/TO,0,0,0,D,D,0,No Deposit,9.0,0,Transient,149.4,0,3
City Hotel,0,220,2016,September,40,28,0,2,2,0.0,0,BB,DEU,Online TA,TA/TO,0,0,0,A,A,0,No Deposit,8.0,0,Transient,126.9,0,1
City Hotel,0,213,2016,October,41,6,0,1,2,0.0,0,BB,DEU,Online TA,TA/TO,0,0,1,D,G,0,No Deposit,8.0,0,Group,122.4,0,1
City Hotel,0,62,2016,September,40,27,0,3,2,0.0,0,BB,BEL,Direct,Direct,0,0,0,A,A,0,No Deposit,14.0,0,Transient,125.1,0,0
City Hotel,0,18,2016,September,40,25,2,3,2,0.0,0,BB,GBR,Offline TA/TO,TA/TO,0,0,0,A,B,0,No Deposit,138.0,0,Transient,95.0,0,0
City Hotel,0,212,2016,September,40,26,1,3,2,0.0,0,BB,GBR,Online TA,TA/TO,0,0,0,A,A,1,No Deposit,9.0,0,Transient-Party,129.65,0,1
City Hotel,0,22,2016,September,40,26,1,3,2,0.0,0,BB,GBR,Online TA,TA/TO,0,0,0,D,D,0,No Deposit,7.0,0,Transient,94.86,0,1
City Hotel,0,34,2016,September,40,26,1,3,2,0.0,0,BB,MYS,Online TA,TA/TO,0,0,0,D,D,0,No Deposit,7.0,0,Transient,95.17,0,1
City Hotel,0,11,2016,September,40,29,0,1,2,0.0,0,BB,PRT,Online TA,TA/TO,0,0,0,A,A,0,No Deposit,42.0,0,Transient,143.2,0,0
City Hotel,0,22,2016,September,39,24,2,4,2,0.0,0,BB,FRA,Online TA,TA/TO,0,0,0,D,A,0,No Deposit,9.0,0,Transient,159.0,0,2
City Hotel,0,212,2016,September,40,26,1,3,2,0.0,0,BB,GBR,Online TA,TA/TO,0,0,0,A,D,1,No Deposit,9.0,0,Transient-Party,129.65,0,1
City Hotel,0,36,2016,September,40,25,2,3,2,0.0,0,BB,FRA,Online TA,TA/TO,0,0,0,A,A,0,No Deposit,9.0,0,Transient,123.84,0,2
City Hotel,0,0,2016,September,40,29,0,1,2,0.0,0,SC,PRT,Direct,Direct,0,0,0,A,A,1,No Deposit,,0,Transient,170.0,0,0
City Hotel,0,58,2016,September,40,29,0,1,2,0.0,0,BB,IRL,Direct,Direct,0,0,0,A,A,0,No Deposit,14.0,0,Transient,125.1,0,0
City Hotel,0,23,2016,September,40,28,0,2,2,0.0,0,SC,DEU,Online TA,TA/TO,0,0,0,A,A,0,No Deposit,9.0,0,Transient,129.0,0,3
City Hotel,0,27,2016,September,40,26,1,3,2,0.0,0,BB,HUN,Direct,Direct,0,0,0,D,D,0,No Deposit,14.0,0,Transient,127.94,1,0
City Hotel,0,26,2016,September,40,25,2,3,2,0.0,0,SC,FRA,Online TA,TA/TO,0,0,0,A,A,0,No Deposit,7.0,0,Transient,84.14,0,1
City Hotel,0,31,2016,September,40,25,2,3,2,0.0,0,BB,IND,Online TA,TA/TO,0,0,0,D,D,0,No Deposit,7.0,0,Transient,94.0,0,2
City Hotel,0,23,2016,September,40,25,2,3,2,0.0,0,BB,NLD,Online TA,TA/TO,0,0,0,A,A,0,No Deposit,9.0,0,Transient,139.0,0,2
City Hotel,0,91,2016,September,40,26,1,3,2,0.0,0,BB,GBR,Offline TA/TO,TA/TO,0,0,0,A,A,0,No Deposit,138.0,0,Transient,95.0,0,1
City Hotel,0,92,2016,September,40,26,1,3,2,0.0,0,BB,GBR,Offline TA/TO,TA/TO,0,0,0,A,A,0,No Deposit,79.0,0,Transient,102.68,0,0
City Hotel,0,33,2016,September,40,28,0,2,2,0.0,0,BB,PRT,Complementary,TA/TO,0,0,0,A,K,2,No Deposit,,0,Transient-Party,70.0,0,0
City Hotel,0,57,2016,September,39,24,2,5,2,0.0,0,BB,USA,Online TA,TA/TO,0,0,0,D,A,0,No Deposit,9.0,0,Transient,146.96,0,1
City Hotel,0,36,2016,September,40,30,0,1,2,0.0,0,BB,DEU,Direct,Direct,0,0,0,E,G,0,No Deposit,14.0,0,Transient,166.5,0,1
City Hotel,0,36,2016,September,40,28,0,3,2,0.0,0,BB,DEU,Groups,TA/TO,0,0,0,A,A,0,No Deposit,21.0,0,Transient-Party,87.0,0,0
City Hotel,0,85,2016,September,40,29,0,2,2,0.0,0,BB,BRA,Corporate,Corporate,0,0,0,A,A,0,No Deposit,,0,Transient,129.73,0,0
City Hotel,0,36,2016,September,40,28,0,3,2,0.0,0,BB,DEU,Groups,TA/TO,0,0,0,A,B,0,No Deposit,21.0,0,Transient-Party,87.0,0,0
City Hotel,0,36,2016,September,40,28,0,3,2,0.0,0,BB,DEU,Groups,TA/TO,0,0,0,A,A,0,No Deposit,21.0,0,Transient-Party,87.0,0,0
City Hotel,0,36,2016,September,40,28,0,3,2,0.0,0,BB,DEU,Groups,TA/TO,0,0,0,A,A,0,No Deposit,21.0,0,Transient-Party,43.5,0,0
City Hotel,0,36,2016,September,40,28,0,3,2,0.0,0,BB,DEU,Groups,TA/TO,0,0,0,A,C,1,No Deposit,21.0,0,Transient-Party,87.0,0,0
City Hotel,0,36,2016,September,40,28,0,3,2,0.0,0,BB,DEU,Groups,TA/TO,0,0,0,A,A,0,No Deposit,21.0,0,Transient-Party,87.0,0,0
City Hotel,0,33,2016,September,40,28,0,3,2,0.0,0,BB,DEU,Offline TA/TO,TA/TO,0,0,0,A,A,0,No Deposit,85.0,0,Transient,85.5,0,0
City Hotel,0,29,2016,September,40,30,0,1,2,0.0,0,BB,PRT,Direct,Direct,0,0,0,E,E,0,No Deposit,14.0,0,Transient,179.38,0,0
City Hotel,0,58,2016,September,40,28,0,3,2,0.0,0,BB,BEL,Online TA,TA/TO,0,0,0,D,D,0,No Deposit,9.0,0,Transient,152.7,0,1
City Hotel,0,114,2016,September,39,24,2,5,2,0.0,0,BB,BEL,Direct,Direct,0,0,0,A,A,0,No Deposit,14.0,0,Transient,131.66,0,0
City Hotel,0,60,2016,September,40,29,0,2,2,0.0,0,HB,PRT,Online TA,TA/TO,0,0,0,D,E,0,No Deposit,7.0,0,Transient,149.77,0,1
City Hotel,0,60,2016,September,40,29,0,2,2,0.0,0,HB,PRT,Online TA,TA/TO,0,0,0,D,D,0,No Deposit,7.0,0,Transient,149.77,0,3
City Hotel,0,9,2016,September,40,29,0,2,2,0.0,0,BB,PRT,Corporate,Corporate,0,0,0,D,D,1,No Deposit,,0,Transient,99.0,0,0
City Hotel,0,236,2016,September,40,27,0,4,2,0.0,0,SC,GBR,Online TA,TA/TO,0,0,0,A,A,1,No Deposit,7.0,0,Transient,84.43,0,1
City Hotel,0,48,2016,September,40,26,1,4,2,0.0,0,BB,FRA,Online TA,TA/TO,0,0,0,D,D,0,No Deposit,9.0,0,Transient,154.98,0,2
City Hotel,0,236,2016,September,40,27,0,4,2,0.0,0,SC,GBR,Online TA,TA/TO,0,0,0,A,A,0,No Deposit,7.0,0,Transient,84.43,0,1
City Hotel,0,40,2016,September,40,26,1,4,2,0.0,0,BB,CHN,Online TA,TA/TO,0,0,0,D,D,0,No Deposit,9.0,0,Transient,145.98,0,1
City Hotel,0,206,2016,September,40,27,0,4,2,0.0,0,BB,FRA,Online TA,TA/TO,0,0,0,A,A,0,No Deposit,9.0,0,Transient,119.85,0,1
City Hotel,0,64,2016,September,40,28,0,3,2,0.0,0,BB,USA,Offline TA/TO,TA/TO,0,0,0,A,A,0,No Deposit,157.0,0,Transient,101.52,0,0
City Hotel,0,64,2016,September,40,28,0,3,2,0.0,0,BB,USA,Offline TA/TO,TA/TO,0,0,0,A,A,0,No Deposit,157.0,0,Transient,101.52,0,0
City Hotel,0,64,2016,September,40,28,0,3,2,0.0,0,BB,PRT,Offline TA/TO,TA/TO,0,0,0,A,A,0,No Deposit,157.0,0,Transient,101.52,0,0
City Hotel,0,0,2016,September,40,30,0,1,2,0.0,0,BB,BEL,Direct,Direct,0,0,0,A,E,0,No Deposit,,0,Transient,145.0,0,0
City Hotel,0,2,2016,September,40,30,0,1,2,0.0,0,BB,PRT,Online TA,TA/TO,0,0,0,D,D,0,No Deposit,9.0,0,Transient,205.0,0,1
City Hotel,0,54,2016,September,40,30,0,1,2,0.0,0,BB,NLD,Online TA,TA/TO,0,0,0,D,D,0,No Deposit,9.0,0,Transient,132.3,0,1
City Hotel,0,36,2016,September,40,28,0,3,2,0.0,0,BB,CHE,Online TA,TA/TO,0,0,0,D,D,0,No Deposit,9.0,0,Transient-Party,147.6,0,2
City Hotel,0,120,2016,September,40,28,0,3,2,0.0,0,BB,ISR,Offline TA/TO,TA/TO,0,0,0,D,D,0,No Deposit,83.0,0,Transient,108.57,0,0
City Hotel,0,98,2016,September,40,27,0,4,2,0.0,0,BB,PRT,Offline TA/TO,TA/TO,0,0,0,A,A,0,No Deposit,138.0,0,Transient,95.0,0,1
City Hotel,0,4,2016,September,40,25,2,4,2,0.0,0,BB,CHE,Direct,Direct,0,0,0,E,E,1,No Deposit,,0,Transient,187.25,0,0
City Hotel,0,64,2016,September,40,28,0,3,2,0.0,0,BB,PRT,Offline TA/TO,TA/TO,0,0,0,A,A,0,No Deposit,157.0,0,Transient,101.52,0,0
City Hotel,0,36,2016,September,40,28,0,3,2,0.0,0,BB,CHE,Online TA,TA/TO,0,0,0,D,D,0,No Deposit,9.0,0,Transient-Party,147.6,0,2
City Hotel,0,133,2016,September,40,27,0,4,2,0.0,0,SC,ARG,Online TA,TA/TO,0,0,0,A,A,0,No Deposit,9.0,0,Transient,118.8,0,3
City Hotel,0,1,2016,September,40,29,0,3,2,0.0,0,HB,SWE,Corporate,Corporate,0,0,0,A,A,0,No Deposit,325.0,0,Transient-Party,146.0,0,0
City Hotel,0,78,2016,September,40,29,0,3,2,0.0,0,BB,USA,Offline TA/TO,TA/TO,0,0,0,A,A,0,No Deposit,138.0,0,Transient,95.0,0,1
City Hotel,0,11,2016,September,40,30,0,2,2,0.0,0,BB,PRT,Online TA,TA/TO,0,0,0,D,D,0,No Deposit,7.0,0,Transient,145.53,0,2
City Hotel,0,328,2016,September,40,29,0,3,2,0.0,0,BB,DEU,Online TA,TA/TO,0,0,0,A,A,1,No Deposit,10.0,0,Transient,95.4,0,0
City Hotel,0,7,2016,September,40,30,0,2,2,0.0,0,BB,BRA,Offline TA/TO,TA/TO,0,0,0,E,E,0,No Deposit,83.0,0,Transient,176.0,0,0
City Hotel,0,100,2016,September,40,28,0,4,2,0.0,0,HB,ITA,Offline TA/TO,TA/TO,0,0,0,A,A,0,No Deposit,26.0,0,Transient-Party,140.0,0,1
City Hotel,0,328,2016,September,40,30,0,2,2,0.0,0,BB,FRA,Groups,TA/TO,0,0,0,A,A,0,No Deposit,1.0,38,Transient-Party,65.0,0,1
City Hotel,0,328,2016,September,40,30,0,2,2,0.0,0,BB,FRA,Groups,TA/TO,0,0,0,A,A,0,No Deposit,1.0,38,Transient-Party,65.0,0,1
City Hotel,0,100,2016,September,40,28,0,4,2,0.0,0,HB,ITA,Offline TA/TO,TA/TO,0,0,0,A,A,0,No Deposit,26.0,0,Transient-Party,140.0,0,2
City Hotel,0,100,2016,September,40,28,0,4,2,0.0,0,HB,ITA,Offline TA/TO,TA/TO,0,0,0,A,A,0,No Deposit,26.0,0,Transient-Party,140.0,0,1
City Hotel,0,100,2016,September,40,28,0,4,2,0.0,0,HB,ITA,Offline TA/TO,TA/TO,0,0,0,A,A,0,No Deposit,26.0,0,Transient-Party,140.0,0,1
City Hotel,0,100,2016,September,40,28,0,4,2,0.0,0,HB,ITA,Offline TA/TO,TA/TO,0,0,0,A,B,1,No Deposit,26.0,0,Transient-Party,140.0,0,1
City Hotel,0,328,2016,September,40,30,0,2,2,0.0,0,BB,ITA,Groups,TA/TO,0,0,0,A,B,0,No Deposit,1.0,38,Transient-Party,65.0,0,1
City Hotel,0,100,2016,September,40,28,0,4,2,0.0,0,HB,ITA,Offline TA/TO,TA/TO,0,0,0,A,A,0,No Deposit,26.0,0,Transient-Party,140.0,0,1
City Hotel,0,100,2016,September,40,28,0,4,2,0.0,0,HB,ITA,Offline TA/TO,TA/TO,0,0,0,A,A,1,No Deposit,26.0,0,Transient-Party,140.0,0,1
City Hotel,0,100,2016,September,40,28,0,4,2,0.0,0,HB,ITA,Offline TA/TO,TA/TO,0,0,0,A,A,0,No Deposit,26.0,0,Transient-Party,140.0,0,1
City Hotel,0,100,2016,September,40,28,0,4,2,0.0,0,HB,ITA,Offline TA/TO,TA/TO,0,0,0,A,A,0,No Deposit,26.0,0,Transient-Party,140.0,0,1
City Hotel,0,100,2016,September,40,28,0,4,2,0.0,0,HB,ITA,Offline TA/TO,TA/TO,0,0,0,A,A,1,No Deposit,26.0,0,Transient-Party,140.0,0,1
City Hotel,0,100,2016,September,40,28,0,4,2,0.0,0,HB,ITA,Offline TA/TO,TA/TO,0,0,0,A,A,0,No Deposit,26.0,0,Transient-Party,140.0,0,1
City Hotel,0,100,2016,September,40,28,0,4,2,0.0,0,HB,ITA,Offline TA/TO,TA/TO,0,0,0,A,A,0,No Deposit,26.0,0,Transient-Party,140.0,0,1
City Hotel,0,100,2016,September,40,28,0,4,2,0.0,0,HB,ITA,Offline TA/TO,TA/TO,0,0,0,A,B,0,No Deposit,26.0,0,Transient-Party,140.0,0,1
City Hotel,0,100,2016,September,40,28,0,4,2,0.0,0,HB,ITA,Offline TA/TO,TA/TO,0,0,0,A,A,1,No Deposit,26.0,0,Transient-Party,140.0,0,1
City Hotel,0,328,2016,September,40,30,0,2,2,0.0,0,BB,FRA,Groups,TA/TO,0,0,0,A,A,0,No Deposit,1.0,38,Transient-Party,65.0,0,1
City Hotel,0,100,2016,September,40,28,0,4,2,0.0,0,HB,PRT,Offline TA/TO,TA/TO,0,0,0,A,A,0,No Deposit,26.0,0,Transient-Party,140.0,0,1
City Hotel,0,328,2016,September,40,30,0,2,2,0.0,0,BB,FRA,Groups,TA/TO,0,0,0,A,A,0,No Deposit,1.0,38,Transient-Party,65.0,0,1
City Hotel,0,328,2016,September,40,30,0,2,2,0.0,0,BB,FRA,Groups,TA/TO,0,0,0,A,A,0,No Deposit,1.0,38,Transient-Party,65.0,0,1
City Hotel,0,100,2016,September,40,28,0,4,2,0.0,0,HB,PRT,Offline TA/TO,TA/TO,0,0,0,A,A,0,No Deposit,26.0,0,Transient-Party,140.0,0,1
City Hotel,0,328,2016,September,40,30,0,2,2,0.0,0,BB,FRA,Groups,TA/TO,0,0,0,A,A,0,No Deposit,1.0,38,Transient-Party,65.0,0,1
City Hotel,0,328,2016,September,40,30,0,2,2,0.0,0,BB,FRA,Groups,TA/TO,0,0,0,A,A,0,No Deposit,1.0,38,Transient-Party,65.0,0,1
City Hotel,0,328,2016,September,40,30,0,2,2,0.0,0,BB,FRA,Groups,TA/TO,0,0,0,A,A,0,No Deposit,1.0,38,Transient-Party,65.0,0,1
City Hotel,0,245,2016,September,40,28,0,4,2,0.0,0,BB,AUT,Offline TA/TO,TA/TO,0,0,0,A,A,0,No Deposit,22.0,0,Transient,80.75,0,0
City Hotel,0,328,2016,September,40,30,0,2,2,0.0,0,BB,FRA,Groups,TA/TO,0,0,0,A,A,0,No Deposit,1.0,38,Transient-Party,65.0,0,1
City Hotel,0,328,2016,September,40,30,0,2,2,0.0,0,BB,FRA,Groups,TA/TO,0,0,0,A,B,0,No Deposit,1.0,38,Transient-Party,65.0,0,1
City Hotel,0,328,2016,September,40,30,0,2,2,0.0,0,BB,FRA,Groups,TA/TO,0,0,0,A,A,0,No Deposit,1.0,38,Transient-Party,65.0,0,1
City Hotel,0,328,2016,September,40,30,0,2,2,0.0,0,BB,FRA,Groups,TA/TO,0,0,0,A,A,0,No Deposit,1.0,38,Transient-Party,65.0,0,1
City Hotel,0,328,2016,September,40,30,0,2,2,0.0,0,BB,FRA,Groups,TA/TO,0,0,0,A,A,0,No Deposit,1.0,38,Transient-Party,65.0,0,1
City Hotel,0,1,2016,September,40,29,0,3,2,0.0,0,HB,GBR,Corporate,Corporate,0,0,0,A,A,0,No Deposit,325.0,0,Transient-Party,146.0,0,0
City Hotel,0,328,2016,September,40,30,0,2,2,0.0,0,BB,FRA,Groups,TA/TO,0,0,0,A,A,0,No Deposit,1.0,38,Transient-Party,65.0,0,1
City Hotel,0,328,2016,September,40,30,0,2,2,0.0,0,BB,FRA,Groups,TA/TO,0,0,0,A,A,0,No Deposit,1.0,38,Transient-Party,65.0,0,1
City Hotel,0,328,2016,September,40,30,0,2,2,0.0,0,BB,FRA,Groups,TA/TO,0,0,0,A,A,0,No Deposit,1.0,38,Transient-Party,65.0,0,1
City Hotel,0,328,2016,September,40,30,0,2,2,0.0,0,BB,FRA,Groups,TA/TO,0,0,0,A,A,0,No Deposit,1.0,38,Transient-Party,65.0,0,1
City Hotel,0,130,2016,September,40,29,0,3,2,0.0,0,BB,NLD,Online TA,TA/TO,0,0,0,D,D,1,No Deposit,9.0,0,Transient,139.5,0,2
City Hotel,0,328,2016,September,40,30,0,2,2,0.0,0,BB,FRA,Groups,TA/TO,0,0,0,A,A,0,No Deposit,1.0,38,Transient-Party,65.0,0,1
City Hotel,0,130,2016,September,40,29,0,3,2,0.0,0,BB,NLD,Online TA,TA/TO,0,0,0,D,D,0,No Deposit,9.0,0,Transient,139.5,0,2
City Hotel,0,130,2016,September,40,29,0,3,2,0.0,0,BB,NLD,Online TA,TA/TO,0,0,0,D,D,0,No Deposit,9.0,0,Transient,139.5,0,2
City Hotel,0,193,2016,September,40,29,0,3,2,0.0,0,BB,SWE,Online TA,TA/TO,0,0,0,A,A,0,No Deposit,7.0,0,Transient,93.09,0,1
City Hotel,0,328,2016,September,40,30,0,2,2,0.0,0,BB,FRA,Groups,TA/TO,0,0,0,A,A,0,No Deposit,1.0,38,Transient-Party,65.0,0,1
City Hotel,0,193,2016,September,40,29,0,3,2,0.0,0,BB,SWE,Online TA,TA/TO,0,0,0,A,A,0,No Deposit,7.0,0,Transient,93.09,0,1
City Hotel,0,130,2016,September,40,29,0,3,2,0.0,0,BB,NLD,Online TA,TA/TO,0,0,0,D,D,1,No Deposit,9.0,0,Transient,139.5,0,2
City Hotel,0,193,2016,September,40,29,0,3,2,0.0,0,BB,SWE,Online TA,TA/TO,0,0,0,A,A,0,No Deposit,7.0,0,Transient,93.09,0,1
City Hotel,0,130,2016,September,40,29,0,3,2,0.0,0,BB,NLD,Online TA,TA/TO,0,0,0,D,D,1,No Deposit,9.0,0,Transient,139.5,0,2
City Hotel,0,193,2016,September,40,29,0,3,2,0.0,0,BB,DNK,Online TA,TA/TO,0,0,0,A,A,0,No Deposit,7.0,0,Transient,93.09,0,1
City Hotel,0,328,2016,September,40,30,0,2,2,0.0,0,BB,FRA,Groups,TA/TO,0,0,0,A,A,0,No Deposit,1.0,38,Transient-Party,65.0,0,1
City Hotel,0,130,2016,September,40,29,0,3,2,0.0,0,BB,NLD,Online TA,TA/TO,0,0,0,D,D,0,No Deposit,9.0,0,Transient,139.5,0,2
City Hotel,0,130,2016,September,40,29,0,3,2,0.0,0,BB,NLD,Online TA,TA/TO,0,0,0,D,D,0,No Deposit,9.0,0,Transient,139.5,0,2
City Hotel,0,166,2016,September,40,30,0,2,2,0.0,0,BB,GBR,Online TA,TA/TO,0,0,0,A,D,0,No Deposit,7.0,0,Transient,99.78,1,1
City Hotel,0,182,2016,September,40,30,0,2,2,0.0,0,BB,GBR,Online TA,TA/TO,0,0,0,A,A,0,No Deposit,9.0,0,Transient,117.9,0,2
City Hotel,0,328,2016,September,40,30,0,2,2,0.0,0,BB,FRA,Groups,TA/TO,0,0,0,B,A,2,No Deposit,1.0,38,Transient-Party,65.0,0,1
City Hotel,0,10,2016,September,40,30,0,2,2,0.0,0,BB,PRT,Online TA,TA/TO,0,0,0,D,D,0,No Deposit,9.0,0,Transient,204.0,0,2
City Hotel,0,315,2016,September,40,28,0,4,2,0.0,0,BB,GBR,Direct,Direct,0,0,0,D,D,1,No Deposit,14.0,0,Transient,98.6,0,0
City Hotel,0,1,2016,September,40,29,0,3,2,0.0,0,HB,NLD,Corporate,Corporate,0,0,0,A,A,0,No Deposit,325.0,0,Transient-Party,146.0,0,0
City Hotel,0,1,2016,September,40,29,0,3,2,0.0,0,HB,NLD,Corporate,Corporate,0,0,0,A,A,0,No Deposit,325.0,0,Transient-Party,146.0,0,0
City Hotel,0,75,2016,October,40,1,0,1,2,0.0,0,BB,DEU,Offline TA/TO,TA/TO,0,0,0,A,D,0,No Deposit,85.0,0,Transient,89.75,1,0
City Hotel,0,254,2016,September,40,29,0,3,2,0.0,0,BB,GBR,Direct,Direct,0,0,0,A,A,0,No Deposit,14.0,0,Transient,95.4,0,1
City Hotel,0,1,2016,September,40,29,0,3,2,0.0,0,HB,FRA,Corporate,Corporate,0,0,0,A,A,1,No Deposit,325.0,0,Transient,146.0,0,0
City Hotel,0,182,2016,September,40,30,0,2,2,0.0,0,BB,GBR,Online TA,TA/TO,0,0,0,A,A,0,No Deposit,9.0,0,Transient,117.9,0,2
City Hotel,0,182,2016,September,40,30,0,2,2,0.0,0,BB,GBR,Online TA,TA/TO,0,0,0,A,A,0,No Deposit,9.0,0,Transient,117.9,0,2
City Hotel,0,182,2016,September,40,30,0,2,2,0.0,0,BB,GBR,Online TA,TA/TO,0,0,0,A,A,0,No Deposit,9.0,0,Transient,117.9,0,2
City Hotel,0,182,2016,September,40,30,0,2,2,0.0,0,BB,GBR,Online TA,TA/TO,0,0,0,A,A,0,No Deposit,9.0,0,Transient,117.9,0,2
City Hotel,0,182,2016,September,40,30,0,2,2,0.0,0,BB,GBR,Online TA,TA/TO,0,0,0,A,A,0,No Deposit,9.0,0,Transient,117.9,0,2
City Hotel,0,182,2016,September,40,30,0,2,2,0.0,0,BB,GBR,Online TA,TA/TO,0,0,0,A,A,0,No Deposit,9.0,0,Transient,117.9,0,2
City Hotel,0,29,2016,October,40,1,0,1,2,0.0,0,BB,GBR,Direct,Direct,0,0,0,E,E,0,No Deposit,14.0,0,Transient,179.38,0,3
City Hotel,0,2,2016,September,40,30,0,2,2,0.0,0,BB,KAZ,Online TA,TA/TO,0,0,0,D,D,1,No Deposit,9.0,0,Transient,209.5,0,2
City Hotel,0,10,2016,September,40,29,0,3,2,0.0,0,BB,PRT,Online TA,TA/TO,0,0,0,D,D,0,No Deposit,83.0,0,Transient,152.53,0,0
City Hotel,0,182,2016,September,40,30,0,2,2,0.0,0,BB,GBR,Online TA,TA/TO,0,0,0,A,A,0,No Deposit,9.0,0,Transient,117.9,0,2
City Hotel,0,256,2016,September,40,29,0,3,2,0.0,0,BB,GBR,Direct,Direct,0,0,0,A,A,0,No Deposit,14.0,0,Transient,95.4,0,1
City Hotel,0,1,2016,September,40,29,1,3,2,0.0,0,BB,PRT,Direct,Direct,0,0,0,D,D,1,No Deposit,,0,Transient,190.0,0,0
City Hotel,0,254,2016,September,40,29,1,3,2,0.0,0,BB,PRT,Online TA,TA/TO,0,0,0,A,A,0,No Deposit,8.0,0,Transient,100.3,0,1
City Hotel,0,254,2016,September,40,29,1,3,2,0.0,0,BB,POL,Online TA,TA/TO,0,0,0,A,A,0,No Deposit,8.0,0,Transient,100.3,0,0
City Hotel,0,159,2016,September,40,28,1,4,2,0.0,0,BB,DEU,Online TA,TA/TO,0,0,0,D,D,0,No Deposit,9.0,0,Transient,133.2,0,1
City Hotel,0,254,2016,September,40,29,1,3,2,0.0,0,BB,PRT,Online TA,TA/TO,0,0,0,A,A,0,No Deposit,8.0,0,Transient,100.3,0,1
City Hotel,0,254,2016,September,40,29,1,3,2,0.0,0,BB,PRT,Online TA,TA/TO,0,0,0,A,A,0,No Deposit,8.0,0,Transient,100.3,0,1
City Hotel,0,159,2016,September,40,28,1,4,2,0.0,0,BB,DEU,Online TA,TA/TO,0,0,0,D,D,0,No Deposit,9.0,0,Transient,133.2,0,1
City Hotel,0,159,2016,September,40,29,1,3,2,0.0,0,SC,GBR,Online TA,TA/TO,0,0,0,A,A,0,No Deposit,9.0,0,Transient,113.4,0,2
City Hotel,0,199,2016,October,40,1,1,1,2,0.0,0,SC,DEU,Online TA,TA/TO,0,0,0,A,A,0,No Deposit,9.0,0,Transient,98.1,0,1
City Hotel,0,261,2016,October,40,1,1,1,2,0.0,0,HB,ITA,Groups,TA/TO,0,0,0,A,A,0,No Deposit,1.0,0,Transient-Party,96.0,0,0
City Hotel,0,261,2016,October,40,1,1,1,2,0.0,0,HB,ITA,Groups,TA/TO,0,0,0,A,A,0,No Deposit,1.0,0,Transient-Party,96.0,0,0
City Hotel,0,261,2016,October,40,1,1,1,2,0.0,0,HB,PRT,Groups,TA/TO,0,0,0,A,A,0,No Deposit,1.0,0,Transient-Party,96.0,0,0
City Hotel,0,204,2016,September,40,30,1,2,2,0.0,0,BB,PRT,Groups,Corporate,0,0,0,A,A,1,No Deposit,,11,Transient-Party,132.0,0,0
City Hotel,0,193,2016,September,40,30,1,2,2,0.0,0,BB,PRT,Groups,Corporate,0,0,0,A,A,0,No Deposit,,0,Transient-Party,132.0,0,0
City Hotel,0,193,2016,September,40,30,1,2,2,0.0,0,BB,DEU,Groups,Corporate,0,0,0,A,A,0,No Deposit,,0,Transient-Party,132.0,0,0
City Hotel,0,193,2016,September,40,30,1,2,2,0.0,0,BB,PRT,Groups,Corporate,0,0,0,A,A,0,No Deposit,,0,Transient-Party,132.0,0,0
City Hotel,0,193,2016,September,40,30,1,2,2,0.0,0,BB,DEU,Groups,Corporate,0,0,0,A,A,0,No Deposit,,0,Transient-Party,132.0,0,0
City Hotel,0,193,2016,September,40,30,1,2,2,0.0,0,BB,DEU,Groups,Corporate,0,0,0,A,A,0,No Deposit,,0,Transient-Party,132.0,0,0
City Hotel,0,193,2016,September,40,30,1,2,2,0.0,0,BB,DEU,Groups,Corporate,0,0,0,A,A,0,No Deposit,,0,Transient-Party,132.0,0,0
City Hotel,0,193,2016,September,40,30,1,2,2,0.0,0,BB,DEU,Groups,Corporate,0,0,0,A,A,0,No Deposit,,0,Transient-Party,132.0,0,0
City Hotel,0,193,2016,September,40,30,1,2,2,0.0,0,BB,DEU,Groups,Corporate,0,0,0,A,A,0,No Deposit,,0,Transient-Party,132.0,0,0
City Hotel,0,193,2016,September,40,30,1,2,2,0.0,0,BB,PRT,Groups,Corporate,0,0,0,A,A,0,No Deposit,,0,Transient-Party,132.0,0,0
City Hotel,0,193,2016,September,40,30,1,2,2,0.0,0,BB,DEU,Groups,Corporate,0,0,0,A,B,0,No Deposit,,0,Transient-Party,132.0,0,0
City Hotel,0,193,2016,September,40,30,1,2,2,0.0,0,BB,DEU,Groups,Corporate,0,0,0,A,A,0,No Deposit,,0,Transient-Party,132.0,0,0
City Hotel,0,193,2016,September,40,30,1,2,2,0.0,0,BB,DEU,Groups,Corporate,0,0,0,A,A,0,No Deposit,,0,Transient-Party,132.0,0,0
City Hotel,0,193,2016,September,40,30,1,2,2,0.0,0,BB,DEU,Groups,Corporate,0,0,0,A,B,0,No Deposit,,0,Transient-Party,132.0,0,0
City Hotel,0,193,2016,September,40,30,1,2,2,0.0,0,BB,DEU,Groups,Corporate,0,0,0,A,A,0,No Deposit,,0,Transient-Party,132.0,0,0
City Hotel,0,1,2016,October,40,1,1,1,2,0.0,0,BB,RUS,Online TA,TA/TO,0,0,0,A,D,0,No Deposit,9.0,0,Transient,184.0,1,3
City Hotel,0,193,2016,September,40,30,1,2,2,0.0,0,BB,DEU,Groups,Corporate,0,0,0,A,A,0,No Deposit,,0,Transient-Party,132.0,0,0
City Hotel,0,105,2016,September,40,29,1,3,2,0.0,0,BB,IRL,Offline TA/TO,TA/TO,0,0,0,A,A,0,No Deposit,,0,Transient,96.9,0,5
City Hotel,0,222,2016,September,40,29,1,3,2,0.0,0,BB,BEL,Online TA,TA/TO,0,0,0,A,A,0,No Deposit,9.0,0,Transient-Party,111.35,0,2
City Hotel,0,0,2016,October,41,3,1,0,2,0.0,0,SC,PRT,Direct,Direct,1,0,0,A,E,0,No Deposit,,0,Transient,170.0,0,0
City Hotel,0,193,2016,September,40,30,1,2,2,0.0,0,BB,DEU,Groups,Corporate,0,0,0,A,A,0,No Deposit,,0,Transient-Party,132.0,0,0
City Hotel,0,91,2016,September,40,30,1,2,2,0.0,0,BB,SEN,Offline TA/TO,TA/TO,0,0,0,A,D,0,No Deposit,3.0,0,Transient-Party,80.0,0,0
City Hotel,0,91,2016,September,40,30,1,2,2,0.0,0,BB,FRA,Offline TA/TO,TA/TO,0,0,0,A,D,0,No Deposit,3.0,0,Transient-Party,80.0,0,0
City Hotel,0,91,2016,September,40,30,1,2,2,0.0,0,BB,FRA,Offline TA/TO,TA/TO,0,0,0,A,A,0,No Deposit,3.0,0,Transient-Party,80.0,0,0
City Hotel,0,91,2016,September,40,30,1,2,2,0.0,0,BB,FRA,Offline TA/TO,TA/TO,0,0,0,A,D,0,No Deposit,3.0,0,Transient-Party,80.0,0,0
City Hotel,0,91,2016,September,40,30,1,2,2,0.0,0,BB,FRA,Offline TA/TO,TA/TO,0,0,0,A,D,0,No Deposit,3.0,0,Transient-Party,80.0,0,0
City Hotel,0,91,2016,September,40,30,1,2,2,0.0,0,BB,FRA,Offline TA/TO,TA/TO,0,0,0,A,D,0,No Deposit,3.0,0,Transient-Party,80.0,0,0
City Hotel,0,247,2016,September,40,26,2,5,2,0.0,0,BB,BLR,Online TA,TA/TO,0,0,0,A,A,0,No Deposit,9.0,0,Transient,100.3,0,1
City Hotel,0,223,2016,September,40,29,1,3,2,0.0,0,BB,PRT,Online TA,TA/TO,0,0,0,A,A,0,No Deposit,7.0,0,Transient,92.28,0,1
City Hotel,0,91,2016,September,40,30,1,2,2,0.0,0,BB,PRT,Offline TA/TO,TA/TO,0,0,0,A,D,0,No Deposit,3.0,0,Transient-Party,80.0,0,0
City Hotel,0,91,2016,September,40,30,1,2,2,0.0,0,BB,GBR,Offline TA/TO,TA/TO,0,0,0,A,A,1,No Deposit,3.0,0,Transient-Party,40.0,0,0
City Hotel,0,91,2016,September,40,30,1,2,2,0.0,0,BB,FRA,Offline TA/TO,TA/TO,0,0,0,A,D,0,No Deposit,3.0,0,Transient-Party,80.0,0,0
City Hotel,0,222,2016,September,40,29,1,3,2,0.0,0,BB,PRT,Online TA,TA/TO,0,0,0,A,A,0,No Deposit,9.0,0,Transient-Party,111.35,0,2
City Hotel,0,22,2016,October,41,2,2,0,2,0.0,0,BB,PRT,Direct,Direct,0,0,0,A,A,1,No Deposit,,0,Transient,0.0,0,1
City Hotel,0,0,2016,October,40,1,1,1,2,0.0,0,BB,FRA,Online TA,TA/TO,0,0,0,A,C,0,No Deposit,9.0,0,Transient,165.0,0,0
City Hotel,0,168,2016,October,40,1,1,1,2,0.0,0,BB,FRA,Online TA,TA/TO,0,0,0,A,A,0,No Deposit,155.0,0,Transient,127.0,0,2
City Hotel,0,195,2016,September,40,27,2,5,2,0.0,0,BB,SWE,Online TA,TA/TO,0,0,0,A,A,0,No Deposit,9.0,0,Transient,112.56,0,1
City Hotel,0,173,2016,October,40,1,2,1,2,0.0,0,SC,DEU,Online TA,TA/TO,0,0,0,A,A,0,No Deposit,8.0,0,Transient,98.1,0,1
City Hotel,0,47,2016,October,41,2,2,0,2,0.0,0,SC,USA,Online TA,TA/TO,0,0,0,A,A,0,No Deposit,7.0,0,Transient,83.16,0,2
City Hotel,0,281,2016,October,40,1,2,1,2,0.0,0,HB,ITA,Groups,TA/TO,0,0,0,A,A,1,No Deposit,1.0,174,Transient-Party,96.0,0,0
City Hotel,0,198,2016,September,40,27,2,5,2,0.0,0,BB,ITA,Online TA,TA/TO,0,0,0,A,A,0,No Deposit,9.0,0,Transient,112.56,0,1
City Hotel,0,185,2016,September,40,29,2,3,2,0.0,0,BB,IRL,Online TA,TA/TO,0,0,0,A,A,0,No Deposit,9.0,0,Transient,116.1,0,2
City Hotel,0,179,2016,October,40,1,2,1,2,0.0,0,BB,IRL,Online TA,TA/TO,0,0,0,A,A,1,No Deposit,9.0,0,Transient,108.9,0,1
City Hotel,0,179,2016,October,40,1,2,1,2,0.0,0,BB,IRL,Online TA,TA/TO,0,0,0,A,A,1,No Deposit,9.0,0,Transient,108.9,0,1
City Hotel,0,179,2016,October,40,1,2,1,2,0.0,0,BB,IRL,Online TA,TA/TO,0,0,0,A,A,0,No Deposit,9.0,0,Transient,108.9,0,1
City Hotel,0,179,2016,October,40,1,2,1,2,0.0,0,BB,IRL,Online TA,TA/TO,0,0,0,A,A,0,No Deposit,9.0,0,Transient,108.9,0,1
City Hotel,0,180,2016,October,40,1,2,1,2,0.0,0,BB,PRT,Online TA,TA/TO,0,0,0,A,A,0,No Deposit,9.0,0,Transient,108.9,0,1
City Hotel,0,133,2016,October,41,3,1,0,2,0.0,0,BB,DEU,Online TA,TA/TO,0,0,0,A,D,0,No Deposit,9.0,0,Transient,118.8,0,2
City Hotel,0,11,2016,October,41,2,2,0,2,0.0,0,SC,BEL,Online TA,TA/TO,0,0,0,A,A,0,No Deposit,9.0,0,Transient,135.0,0,2
City Hotel,0,305,2016,September,40,30,2,2,2,0.0,0,BB,DEU,Direct,Direct,0,0,0,D,D,0,No Deposit,14.0,0,Transient,98.6,0,2
City Hotel,0,163,2016,September,40,30,2,2,2,0.0,0,BB,BEL,Direct,Direct,0,0,0,D,D,3,No Deposit,14.0,0,Transient,123.3,0,0
City Hotel,0,186,2016,September,40,30,2,2,2,0.0,0,SC,BEL,Online TA,TA/TO,0,0,0,A,D,0,No Deposit,9.0,0,Transient,102.6,0,2
City Hotel,0,166,2016,September,40,30,2,2,2,0.0,0,SC,BEL,Online TA,TA/TO,0,0,0,A,D,0,No Deposit,9.0,0,Transient,102.6,0,2
City Hotel,0,186,2016,September,40,30,2,2,2,0.0,0,SC,BEL,Online TA,TA/TO,0,0,0,A,D,0,No Deposit,9.0,0,Transient,102.6,0,2
City Hotel,0,175,2016,September,40,30,2,2,2,0.0,0,BB,GBR,Online TA,TA/TO,0,0,0,A,A,0,No Deposit,7.0,0,Transient,87.32,0,1
City Hotel,0,173,2016,September,40,30,2,2,2,0.0,0,BB,PRT,Online TA,TA/TO,0,0,0,D,D,0,No Deposit,8.0,0,Transient,126.9,0,1
City Hotel,0,0,2016,October,40,1,2,1,2,0.0,0,SC,BEL,Online TA,TA/TO,0,0,0,A,D,0,No Deposit,9.0,0,Transient,98.1,0,0
City Hotel,0,164,2016,September,40,30,2,2,2,0.0,0,BB,BEL,Online TA,TA/TO,0,0,0,D,D,0,No Deposit,9.0,0,Transient,126.9,0,1
City Hotel,0,164,2016,September,40,30,2,2,2,0.0,0,BB,BEL,Online TA,TA/TO,0,0,0,D,D,0,No Deposit,9.0,0,Transient,126.9,0,1
City Hotel,0,54,2016,October,41,2,2,0,2,0.0,0,BB,GBR,Online TA,TA/TO,0,0,0,A,A,0,No Deposit,9.0,0,Transient,118.8,0,2
City Hotel,0,188,2016,September,40,28,2,4,2,0.0,0,BB,GBR,Online TA,TA/TO,0,0,0,D,D,2,No Deposit,8.0,0,Transient,134.4,0,1
City Hotel,0,166,2016,October,40,1,2,1,2,0.0,0,BB,BEL,Direct,Direct,0,0,0,D,D,0,No Deposit,14.0,0,Transient,118.8,0,1
City Hotel,0,166,2016,October,40,1,2,1,2,0.0,0,BB,BEL,Direct,Direct,0,0,0,D,D,0,No Deposit,14.0,0,Transient,118.8,0,1
City Hotel,0,164,2016,September,40,30,2,2,2,0.0,0,BB,BEL,Online TA,TA/TO,0,0,0,D,D,0,No Deposit,9.0,0,Transient,126.9,0,1
City Hotel,0,214,2016,September,40,30,2,2,2,0.0,0,SC,FRA,Online TA,TA/TO,0,0,0,A,A,0,No Deposit,9.0,0,Transient,96.9,0,2
City Hotel,0,19,2016,October,41,2,2,0,2,0.0,0,BB,FRA,Offline TA/TO,TA/TO,0,0,0,A,A,0,No Deposit,28.0,0,Transient,85.0,0,0
City Hotel,0,74,2016,October,41,3,1,0,2,0.0,0,BB,BRA,Online TA,TA/TO,0,0,0,A,B,0,No Deposit,7.0,0,Transient,91.48,0,1
City Hotel,0,225,2016,October,43,20,2,4,2,0.0,0,BB,BRA,Online TA,TA/TO,0,0,1,A,A,0,No Deposit,7.0,0,Group,70.03,0,1
City Hotel,0,210,2016,October,41,3,1,0,2,0.0,0,BB,BRA,Online TA,TA/TO,0,0,0,A,D,0,No Deposit,7.0,0,Transient,83.85,0,1
City Hotel,0,227,2016,October,43,20,0,1,2,0.0,0,BB,PRT,Online TA,TA/TO,0,0,1,A,A,0,No Deposit,7.0,0,Transient,74.15,0,1
City Hotel,0,0,2016,October,40,1,2,1,2,0.0,0,BB,DEU,Online TA,TA/TO,0,0,0,A,D,1,No Deposit,9.0,0,Transient,162.0,0,0
City Hotel,0,40,2016,October,41,3,1,0,2,0.0,0,BB,PRT,Direct,Direct,0,0,0,A,D,0,No Deposit,14.0,0,Transient,108.0,0,0
City Hotel,0,26,2016,October,41,2,2,0,2,0.0,0,BB,GBR,Online TA,TA/TO,0,0,0,A,A,0,No Deposit,9.0,0,Transient,160.0,0,1
City Hotel,0,5,2016,October,40,1,2,2,2,0.0,0,BB,USA,Online TA,TA/TO,0,0,0,G,G,0,No Deposit,7.0,0,Transient,221.38,0,2
City Hotel,0,10,2016,October,41,2,2,1,2,0.0,0,BB,ESP,Offline TA/TO,TA/TO,0,0,0,A,A,0,No Deposit,28.0,0,Transient,85.0,0,0
City Hotel,0,102,2016,October,41,2,2,1,2,0.0,0,SC,ITA,Online TA,TA/TO,0,0,0,A,A,0,No Deposit,9.0,0,Transient,108.0,0,1
City Hotel,0,0,2016,October,41,5,0,0,2,0.0,0,SC,PRT,Online TA,TA/TO,1,0,0,A,K,0,No Deposit,9.0,0,Transient,0.0,0,1
City Hotel,0,243,2016,September,40,27,2,6,2,0.0,0,BB,DEU,Offline TA/TO,TA/TO,0,0,0,A,A,0,No Deposit,28.0,0,Transient,80.75,0,0
City Hotel,0,24,2016,October,41,2,2,1,2,0.0,0,BB,LUX,Online TA,TA/TO,0,0,0,A,A,0,No Deposit,9.0,0,Transient,149.0,0,1
City Hotel,0,213,2016,October,40,1,2,2,2,0.0,0,BB,BEL,Online TA,TA/TO,0,0,0,A,A,0,No Deposit,9.0,0,Transient-Party,102.85,0,2
City Hotel,0,42,2016,October,41,2,2,1,2,0.0,0,BB,GBR,Online TA,TA/TO,0,0,0,D,D,0,No Deposit,7.0,0,Transient,107.41,0,1
City Hotel,0,213,2016,October,40,1,2,2,2,0.0,0,BB,BEL,Online TA,TA/TO,0,0,0,A,A,0,No Deposit,9.0,0,Transient-Party,102.85,0,2
City Hotel,0,33,2016,October,41,2,2,1,2,0.0,0,SC,GBR,Online TA,TA/TO,0,0,0,A,A,0,No Deposit,9.0,0,Transient,108.0,0,0
City Hotel,0,5,2016,October,41,4,0,1,2,0.0,0,BB,AUT,Direct,Direct,0,0,0,E,E,0,No Deposit,,0,Transient,83.0,0,1
City Hotel,0,7,2016,October,41,3,1,1,2,0.0,0,SC,AUT,Online TA,TA/TO,0,0,0,A,A,0,No Deposit,8.0,0,Transient,140.0,0,1
City Hotel,0,71,2016,October,41,4,0,1,2,0.0,0,BB,NLD,Direct,Direct,0,0,0,A,D,2,No Deposit,14.0,0,Transient,111.0,1,0
City Hotel,0,27,2016,October,41,3,1,1,2,0.0,0,BB,ITA,Offline TA/TO,TA/TO,0,0,0,A,A,0,No Deposit,85.0,0,Transient,95.0,0,0
City Hotel,0,21,2016,October,41,2,2,1,2,0.0,0,BB,USA,Direct,Direct,0,0,0,D,D,2,No Deposit,14.0,0,Transient,61.33,0,0
City Hotel,0,42,2016,October,41,2,2,1,2,0.0,0,BB,GBR,Online TA,TA/TO,0,0,0,A,A,0,No Deposit,7.0,0,Transient,97.02,0,1
City Hotel,0,257,2016,October,41,2,2,1,2,0.0,0,BB,DEU,Online TA,TA/TO,0,0,0,A,A,0,No Deposit,9.0,0,Transient,106.2,0,3
City Hotel,0,36,2016,October,41,3,1,1,2,0.0,0,BB,CN,Online TA,TA/TO,0,0,0,D,D,0,No Deposit,9.0,0,Transient,148.5,1,2
City Hotel,0,20,2016,October,41,2,2,1,2,0.0,0,BB,USA,Online TA,TA/TO,0,0,0,D,D,0,No Deposit,9.0,0,Transient,164.0,0,0
City Hotel,0,207,2016,October,41,4,0,1,2,0.0,0,BB,GBR,Online TA,TA/TO,0,0,0,A,A,0,No Deposit,9.0,0,Transient,108.9,0,2
City Hotel,0,37,2016,October,41,2,2,1,2,0.0,0,BB,DEU,Online TA,TA/TO,0,0,0,A,A,0,No Deposit,8.0,0,Transient,126.0,0,1
City Hotel,0,89,2016,October,41,3,1,1,2,0.0,0,BB,DEU,Offline TA/TO,TA/TO,0,0,0,A,A,0,No Deposit,16.0,0,Transient,80.75,0,0
City Hotel,0,21,2016,October,41,2,2,1,2,0.0,0,SC,FRA,Online TA,TA/TO,0,0,0,A,A,0,No Deposit,9.0,0,Transient,129.0,0,1
City Hotel,0,18,2016,October,41,3,1,1,2,0.0,0,BB,ESP,Offline TA/TO,TA/TO,0,0,0,A,D,0,No Deposit,28.0,0,Transient,85.0,0,0
City Hotel,0,57,2016,October,41,2,2,1,2,0.0,0,BB,GBR,Online TA,TA/TO,0,0,0,A,A,0,No Deposit,9.0,0,Transient,118.8,0,2
City Hotel,0,31,2016,October,41,2,2,1,2,0.0,0,BB,FRA,Online TA,TA/TO,0,0,0,A,A,0,No Deposit,89.0,0,Transient,104.64,0,0
City Hotel,0,207,2016,September,40,30,2,3,2,0.0,0,BB,DEU,Online TA,TA/TO,0,0,0,A,A,0,No Deposit,9.0,0,Transient,106.25,0,2
City Hotel,0,109,2016,October,41,3,1,1,2,0.0,0,BB,PRT,Complementary,Direct,0,0,0,A,A,0,No Deposit,,0,Transient,0.0,0,0
City Hotel,0,1,2016,October,41,4,0,1,2,0.0,0,BB,DEU,Direct,Direct,0,0,0,E,E,0,No Deposit,14.0,0,Transient,204.0,0,0
City Hotel,0,167,2016,October,40,1,2,2,2,0.0,0,BB,BEL,Online TA,TA/TO,0,0,0,A,A,0,No Deposit,9.0,0,Transient,108.9,0,1
City Hotel,0,52,2016,October,40,1,2,2,2,0.0,0,BB,BEL,Online TA,TA/TO,0,0,0,D,D,0,No Deposit,,0,Transient,122.4,0,1
City Hotel,0,1,2016,October,41,3,1,1,2,0.0,0,BB,PRT,Complementary,Corporate,0,0,0,A,B,1,No Deposit,341.0,0,Transient,0.0,1,2
City Hotel,1,0,2016,December,51,12,1,0,2,0.0,0,BB,PRT,Corporate,Corporate,1,0,1,A,A,0,No Deposit,341.0,0,Transient,77.0,0,2
City Hotel,1,0,2016,December,51,12,1,0,2,0.0,0,BB,PRT,Complementary,Corporate,1,0,1,A,A,0,No Deposit,341.0,0,Transient,0.0,0,2
City Hotel,0,159,2016,September,40,30,2,3,2,0.0,0,BB,FRA,Online TA,TA/TO,0,0,0,D,D,0,No Deposit,9.0,0,Transient,134.46,0,2
City Hotel,0,95,2016,October,41,2,2,1,2,0.0,0,SC,BEL,Online TA,TA/TO,0,0,0,A,A,0,No Deposit,9.0,0,Transient,108.0,0,2
City Hotel,0,18,2016,October,41,2,2,1,2,0.0,0,BB,FRA,Offline TA/TO,TA/TO,0,0,0,A,A,0,No Deposit,28.0,0,Transient,85.0,0,0
City Hotel,0,195,2016,October,41,2,2,1,2,0.0,0,BB,DEU,Online TA,TA/TO,0,0,0,A,A,0,No Deposit,9.0,0,Transient,108.9,0,2
City Hotel,0,207,2016,October,41,4,0,1,2,0.0,0,BB,CHN,Online TA,TA/TO,0,0,0,A,D,0,No Deposit,9.0,0,Transient,108.9,0,3
City Hotel,0,10,2016,October,41,2,2,1,2,0.0,0,BB,FRA,Offline TA/TO,TA/TO,0,0,0,A,A,0,No Deposit,28.0,0,Transient,85.0,0,0
City Hotel,0,207,2016,October,41,4,0,1,2,0.0,0,BB,CHN,Online TA,TA/TO,0,0,0,A,D,0,No Deposit,9.0,0,Transient,108.9,0,2
City Hotel,0,31,2016,October,41,4,0,1,2,0.0,0,BB,ISR,Online TA,TA/TO,0,0,0,A,D,0,No Deposit,9.0,0,Transient,125.1,0,1
City Hotel,0,31,2016,October,41,4,0,1,2,0.0,0,BB,DEU,Offline TA/TO,TA/TO,0,0,0,A,D,0,No Deposit,85.0,0,Transient,85.5,0,0
City Hotel,0,31,2016,October,41,4,0,1,2,0.0,0,BB,ISR,Online TA,TA/TO,0,0,0,A,D,0,No Deposit,9.0,0,Transient,134.1,0,1
City Hotel,0,6,2016,October,41,4,0,1,2,0.0,0,SC,NLD,Direct,Direct,0,0,0,A,B,0,No Deposit,14.0,0,Transient,140.0,0,0
City Hotel,0,10,2016,October,41,2,2,1,2,0.0,0,BB,FRA,Offline TA/TO,TA/TO,0,0,0,A,A,0,No Deposit,28.0,0,Transient,85.0,0,0
City Hotel,0,9,2016,October,41,2,2,1,2,0.0,0,BB,NLD,Offline TA/TO,TA/TO,0,0,0,A,A,0,No Deposit,28.0,0,Transient,85.0,0,1
City Hotel,0,201,2016,October,40,1,2,2,2,0.0,0,BB,IRL,Direct,Direct,0,0,0,A,A,0,No Deposit,14.0,0,Transient,92.65,0,0
City Hotel,0,9,2016,October,41,2,2,1,2,0.0,0,BB,FRA,Offline TA/TO,TA/TO,0,0,0,A,A,0,No Deposit,28.0,0,Transient,85.0,0,1
City Hotel,0,9,2016,October,41,2,2,1,2,0.0,0,BB,FRA,Offline TA/TO,TA/TO,0,0,0,A,A,0,No Deposit,28.0,0,Transient,85.0,0,1
City Hotel,0,207,2016,October,41,4,0,1,2,0.0,0,BB,CHN,Online TA,TA/TO,0,0,0,A,A,0,No Deposit,9.0,0,Transient,108.9,0,3
City Hotel,0,84,2016,October,41,3,1,1,2,0.0,0,BB,DEU,Online TA,TA/TO,0,0,0,A,A,0,No Deposit,9.0,0,Transient,118.8,0,3
City Hotel,0,34,2016,October,41,2,2,1,2,0.0,0,BB,ESP,Direct,Direct,0,0,0,A,A,0,No Deposit,14.0,0,Transient,117.0,0,0
City Hotel,0,26,2016,October,41,2,2,1,2,0.0,0,SC,LUX,Online TA,TA/TO,0,0,0,A,A,0,No Deposit,9.0,0,Transient,133.0,0,0
City Hotel,0,213,2016,October,40,1,2,2,2,0.0,0,BB,BEL,Online TA,TA/TO,0,0,0,A,A,0,No Deposit,9.0,0,Transient-Party,102.85,0,2
City Hotel,0,1,2016,October,41,3,1,1,2,0.0,0,BB,PRT,Corporate,Corporate,0,0,0,E,G,2,No Deposit,341.0,0,Transient,77.0,0,2
City Hotel,0,0,2016,October,41,3,1,1,2,0.0,0,BB,PRT,Direct,Direct,0,0,0,A,E,0,No Deposit,,0,Transient,180.0,0,0
City Hotel,0,6,2016,October,41,3,1,1,2,0.0,0,BB,ISR,Online TA,TA/TO,0,0,0,A,A,0,No Deposit,9.0,0,Transient,164.5,1,3
City Hotel,0,12,2016,October,41,2,2,2,2,0.0,0,BB,FRA,Offline TA/TO,TA/TO,0,0,0,A,A,0,No Deposit,28.0,0,Transient,85.0,0,0
City Hotel,0,6,2016,October,41,3,1,2,2,0.0,0,BB,CHE,Online TA,TA/TO,0,0,0,A,A,0,No Deposit,7.0,0,Transient,117.04,0,1
City Hotel,0,20,2016,October,41,4,0,2,2,0.0,0,BB,FRA,Offline TA/TO,TA/TO,0,0,0,A,D,0,No Deposit,28.0,0,Transient,85.0,0,0
City Hotel,0,44,2016,October,41,5,0,1,2,0.0,0,SC,DEU,Online TA,TA/TO,0,0,0,A,D,0,No Deposit,9.0,0,Transient,108.0,0,0
City Hotel,0,0,2016,October,41,5,0,1,2,0.0,0,SC,DEU,Online TA,TA/TO,0,0,0,A,A,0,No Deposit,152.0,0,Transient,92.98,0,0
City Hotel,0,11,2016,October,41,3,1,2,2,0.0,0,SC,FRA,Online TA,TA/TO,0,0,0,A,A,0,No Deposit,9.0,0,Transient,144.0,1,2
City Hotel,0,35,2016,October,41,2,2,2,2,0.0,0,BB,ITA,Online TA,TA/TO,0,0,0,D,D,1,No Deposit,9.0,0,Transient,144.63,0,0
City Hotel,0,11,2016,October,41,3,1,2,2,0.0,0,BB,FRA,Offline TA/TO,TA/TO,0,0,0,A,A,0,No Deposit,28.0,0,Transient,85.0,0,0
City Hotel,0,0,2016,October,41,5,0,1,2,0.0,0,BB,PRT,Direct,Direct,0,0,0,A,D,0,No Deposit,,0,Transient,150.0,0,1
City Hotel,0,17,2016,October,41,3,1,2,2,0.0,0,BB,BEL,Offline TA/TO,TA/TO,0,0,0,A,A,0,No Deposit,28.0,0,Transient,85.0,0,0
City Hotel,0,20,2016,October,41,3,1,2,2,0.0,0,BB,ESP,Online TA,TA/TO,0,0,0,A,A,0,No Deposit,9.0,0,Transient,149.0,0,1
City Hotel,0,150,2016,October,41,3,1,2,2,0.0,0,BB,BRA,Online TA,TA/TO,0,0,0,A,A,1,No Deposit,9.0,0,Transient,118.8,0,2
City Hotel,0,150,2016,October,41,3,1,2,2,0.0,0,BB,BRA,Online TA,TA/TO,0,0,0,A,A,0,No Deposit,9.0,0,Transient,118.8,0,2
City Hotel,0,25,2016,October,41,3,1,2,2,0.0,0,BB,BRA,Online TA,TA/TO,0,0,0,A,A,0,No Deposit,7.0,0,Transient,108.99,0,1
City Hotel,0,17,2016,October,41,3,1,2,2,0.0,0,BB,FRA,Offline TA/TO,TA/TO,0,0,0,A,D,0,No Deposit,28.0,0,Transient,85.0,0,0
City Hotel,0,21,2016,October,41,3,1,2,2,0.0,0,SC,CN,Online TA,TA/TO,0,0,0,A,A,0,No Deposit,7.0,0,Transient,99.33,0,1
City Hotel,0,50,2016,October,41,4,0,2,2,0.0,0,BB,FRA,Online TA,TA/TO,0,0,0,A,D,0,No Deposit,9.0,0,Transient,127.8,1,2
City Hotel,0,18,2016,October,41,2,2,2,2,0.0,0,BB,FRA,Offline TA/TO,TA/TO,0,0,0,A,A,0,No Deposit,28.0,0,Transient,85.0,0,0
City Hotel,0,26,2016,October,41,3,1,2,2,0.0,0,BB,FRA,Online TA,TA/TO,0,0,0,A,A,0,No Deposit,9.0,0,Transient,153.0,0,2
City Hotel,0,21,2016,October,41,2,2,2,2,0.0,0,BB,ITA,Direct,Direct,0,0,0,A,A,1,No Deposit,14.0,0,Transient,121.63,0,3
City Hotel,0,38,2016,October,41,2,2,2,2,0.0,0,BB,FRA,Online TA,TA/TO,0,0,0,A,A,0,No Deposit,9.0,0,Transient,126.0,0,0
City Hotel,0,20,2016,October,41,3,1,2,2,0.0,0,BB,FRA,Online TA,TA/TO,0,0,0,A,D,0,No Deposit,7.0,0,Transient,108.99,0,1
City Hotel,0,26,2016,October,41,3,1,2,2,0.0,0,SC,NLD,Online TA,TA/TO,0,0,0,A,A,0,No Deposit,9.0,0,Transient,142.0,1,2
City Hotel,0,164,2016,October,41,5,0,1,2,0.0,0,BB,USA,Direct,Direct,0,0,0,A,A,0,No Deposit,14.0,0,Transient,117.0,0,0
City Hotel,0,12,2016,October,41,3,1,2,2,0.0,0,BB,PRT,Offline TA/TO,TA/TO,0,0,0,A,A,0,No Deposit,28.0,0,Transient,85.0,0,0
City Hotel,0,42,2016,October,41,3,1,2,2,0.0,0,BB,AUS,Online TA,TA/TO,0,0,0,A,A,0,No Deposit,9.0,0,Transient,126.0,0,2
City Hotel,0,3,2016,October,41,2,2,2,2,0.0,0,BB,GBR,Online TA,TA/TO,0,0,0,A,A,0,No Deposit,83.0,0,Transient,128.0,0,0
City Hotel,0,4,2016,October,41,3,1,2,2,0.0,0,BB,PRT,Online TA,TA/TO,0,0,0,A,A,0,No Deposit,9.0,0,Transient,160.0,0,1
City Hotel,0,7,2016,October,41,3,1,2,2,0.0,0,BB,NLD,Online TA,TA/TO,0,0,0,A,A,0,No Deposit,7.0,0,Transient,117.04,0,1
City Hotel,0,349,2016,October,41,4,0,2,2,0.0,0,BB,PRT,Offline TA/TO,TA/TO,0,0,0,A,A,1,No Deposit,58.0,162,Transient-Party,130.0,0,0
City Hotel,0,49,2016,October,41,3,1,2,2,0.0,0,SC,PER,Online TA,TA/TO,0,0,0,A,A,0,No Deposit,9.0,0,Transient,111.0,0,1
City Hotel,0,49,2016,October,41,3,1,2,2,0.0,0,SC,PER,Online TA,TA/TO,0,0,0,A,A,0,No Deposit,9.0,0,Transient,108.0,0,1
City Hotel,0,46,2016,October,41,2,2,2,2,0.0,0,BB,GBR,Online TA,TA/TO,0,0,0,D,D,0,No Deposit,7.0,0,Transient,90.55,0,1
City Hotel,0,19,2016,October,41,2,2,2,2,0.0,0,BB,FRA,Offline TA/TO,TA/TO,0,0,0,A,A,0,No Deposit,28.0,0,Transient,85.0,0,0
City Hotel,0,115,2016,September,40,29,2,5,2,0.0,0,BB,GBR,Online TA,TA/TO,0,0,0,B,B,1,No Deposit,9.0,0,Transient-Party,114.36,0,1
City Hotel,0,28,2016,October,41,3,1,2,2,0.0,0,BB,DEU,Offline TA/TO,TA/TO,0,0,0,A,A,0,No Deposit,16.0,0,Transient,85.5,0,0
City Hotel,0,116,2016,September,40,29,2,5,2,0.0,0,BB,GBR,Online TA,TA/TO,0,0,0,B,B,3,No Deposit,9.0,0,Transient-Party,113.09,0,1
City Hotel,0,29,2016,October,41,3,1,2,2,0.0,0,BB,FRA,Online TA,TA/TO,0,0,0,A,A,0,No Deposit,9.0,0,Transient,143.03,0,3
City Hotel,0,11,2016,October,41,3,1,2,2,0.0,0,BB,FRA,Offline TA/TO,TA/TO,0,0,0,A,A,0,No Deposit,28.0,0,Transient,85.0,0,0
City Hotel,0,16,2016,October,41,5,0,1,2,0.0,0,HB,PRT,Direct,Direct,0,0,0,A,A,0,No Deposit,14.0,0,Transient,179.0,0,2
City Hotel,0,4,2016,October,41,3,1,2,2,0.0,0,SC,FRA,Online TA,TA/TO,0,0,0,A,A,0,No Deposit,9.0,0,Transient,140.0,0,1
City Hotel,0,39,2016,October,41,3,1,2,2,0.0,0,BB,GBR,Online TA,TA/TO,0,0,0,A,A,1,No Deposit,9.0,0,Transient,118.0,0,0
City Hotel,0,39,2016,October,41,3,1,2,2,0.0,0,BB,GBR,Online TA,TA/TO,0,0,0,A,A,1,No Deposit,9.0,0,Transient,118.0,0,0
City Hotel,0,9,2016,October,41,4,0,2,2,0.0,0,BB,GBR,Online TA,TA/TO,0,0,0,A,A,0,No Deposit,9.0,0,Transient,160.0,0,1
City Hotel,0,2,2016,October,41,4,0,2,2,0.0,0,BB,AUS,Online TA,TA/TO,0,0,0,D,D,0,No Deposit,7.0,0,Transient,134.75,0,1
City Hotel,0,21,2016,October,41,4,0,3,2,0.0,0,BB,EGY,Offline TA/TO,TA/TO,0,0,0,A,D,0,No Deposit,28.0,0,Transient,85.0,0,0
City Hotel,0,1,2016,October,41,6,0,1,2,0.0,0,SC,GBR,Online TA,TA/TO,0,0,0,D,D,0,No Deposit,152.0,0,Transient,108.04,0,0
City Hotel,0,185,2016,October,41,5,0,2,2,0.0,0,BB,USA,Online TA,TA/TO,0,0,0,D,D,0,No Deposit,9.0,0,Transient,122.4,0,1
City Hotel,0,185,2016,October,41,5,0,2,2,0.0,0,BB,GBR,Online TA,TA/TO,0,0,0,D,D,0,No Deposit,9.0,0,Transient,122.4,0,1
City Hotel,0,33,2016,October,41,6,0,1,2,0.0,0,SC,FRA,Online TA,TA/TO,0,0,0,A,A,0,No Deposit,9.0,0,Transient,126.0,0,1
City Hotel,0,21,2016,October,41,4,0,3,2,0.0,0,BB,FRA,Offline TA/TO,TA/TO,0,0,0,A,D,0,No Deposit,28.0,0,Transient,85.0,0,0
City Hotel,0,20,2016,October,41,6,0,1,2,0.0,0,BB,GBR,Online TA,TA/TO,0,0,0,A,K,0,No Deposit,,0,Transient,139.0,0,1
City Hotel,0,0,2016,October,41,4,0,3,2,0.0,0,BB,IRL,Online TA,TA/TO,0,0,0,A,A,0,No Deposit,9.0,0,Transient,103.5,0,2
City Hotel,0,107,2016,October,41,3,1,3,2,0.0,0,BB,DEU,Offline TA/TO,TA/TO,0,0,0,A,A,0,No Deposit,85.0,0,Transient,80.75,0,0
City Hotel,0,107,2016,October,41,3,1,3,2,0.0,0,BB,DEU,Offline TA/TO,TA/TO,0,0,0,A,A,0,No Deposit,138.0,0,Transient,95.0,0,0
City Hotel,0,23,2016,October,41,2,2,3,2,0.0,0,SC,GBR,Online TA,TA/TO,0,0,0,A,A,0,No Deposit,7.0,0,Transient,94.36,0,1
City Hotel,0,28,2016,October,41,6,0,1,2,0.0,0,SC,BRA,Online TA,TA/TO,0,0,0,A,G,0,No Deposit,9.0,0,Transient,129.0,0,1
City Hotel,0,222,2016,October,41,2,2,3,2,0.0,0,BB,DEU,Online TA,TA/TO,0,0,0,A,A,0,No Deposit,9.0,0,Transient,102.85,0,1
City Hotel,0,13,2016,October,41,3,1,3,2,0.0,0,BB,FRA,Direct,Direct,0,0,0,A,A,1,No Deposit,14.0,0,Transient,126.88,0,1
City Hotel,0,50,2016,October,41,4,0,3,2,0.0,0,BB,BEL,Online TA,TA/TO,0,0,0,A,B,0,No Deposit,9.0,0,Transient,118.8,0,1
City Hotel,0,38,2016,October,41,3,1,3,2,0.0,0,BB,ITA,Online TA,TA/TO,0,0,0,D,D,0,No Deposit,7.0,0,Transient,95.48,0,1
City Hotel,0,45,2016,October,41,4,0,3,2,0.0,0,BB,USA,Online TA,TA/TO,0,0,0,D,D,0,No Deposit,7.0,0,Transient,102.04,0,1
City Hotel,0,47,2016,October,41,2,2,3,2,0.0,0,SC,NLD,Online TA,TA/TO,0,0,0,A,A,1,No Deposit,7.0,0,Transient,79.0,0,2
City Hotel,0,47,2016,October,41,2,2,3,2,0.0,0,SC,NLD,Online TA,TA/TO,0,0,0,A,A,1,No Deposit,7.0,0,Transient,79.0,0,2
City Hotel,0,47,2016,October,41,4,0,3,2,0.0,0,BB,ITA,Online TA,TA/TO,0,0,0,A,A,0,No Deposit,9.0,0,Transient,118.8,0,1
City Hotel,0,30,2016,October,41,5,0,2,2,0.0,0,BB,EGY,Online TA,TA/TO,0,0,0,A,A,0,No Deposit,9.0,0,Transient,144.0,0,1
City Hotel,0,51,2016,October,41,5,0,2,2,0.0,0,SC,AUT,Online TA,TA/TO,0,0,0,A,A,0,No Deposit,9.0,0,Transient,108.0,0,1
City Hotel,0,19,2016,October,41,5,0,2,2,0.0,0,BB,ITA,Online TA,TA/TO,0,0,0,A,A,0,No Deposit,7.0,0,Transient,114.73,0,1
City Hotel,0,22,2016,October,41,5,0,2,2,0.0,0,BB,FRA,Offline TA/TO,TA/TO,0,0,0,A,D,0,No Deposit,28.0,0,Transient,85.0,0,0
City Hotel,0,215,2016,October,41,3,1,3,2,0.0,0,BB,LUX,Offline TA/TO,TA/TO,0,0,0,D,D,0,No Deposit,173.0,0,Transient,90.95,0,0
City Hotel,0,34,2016,October,41,4,0,3,2,0.0,0,BB,FRA,Online TA,TA/TO,0,0,0,D,D,0,No Deposit,9.0,0,Transient,160.2,1,1
City Hotel,0,34,2016,October,41,4,0,3,2,0.0,0,BB,FRA,Online TA,TA/TO,0,0,0,D,D,0,No Deposit,9.0,0,Transient,151.2,0,1
City Hotel,0,20,2016,October,41,4,0,3,2,0.0,0,BB,FRA,Online TA,TA/TO,0,0,0,A,A,1,No Deposit,9.0,0,Transient,149.0,0,0
City Hotel,0,20,2016,October,41,4,0,3,2,0.0,0,BB,FRA,Online TA,TA/TO,0,0,0,A,A,1,No Deposit,9.0,0,Transient,149.0,0,0
City Hotel,0,131,2016,October,41,4,0,3,2,0.0,0,BB,FRA,Online TA,TA/TO,0,0,0,A,A,0,No Deposit,155.0,0,Transient,144.67,0,1
City Hotel,0,31,2016,October,41,4,0,3,2,0.0,0,BB,FRA,Direct,Direct,0,0,0,A,A,0,No Deposit,14.0,0,Transient,119.7,0,0
City Hotel,0,53,2016,October,41,4,0,3,2,0.0,0,BB,BEL,Online TA,TA/TO,0,0,0,A,B,1,No Deposit,9.0,0,Transient,118.8,0,2
City Hotel,0,53,2016,October,41,4,0,3,2,0.0,0,BB,BEL,Online TA,TA/TO,0,0,0,A,D,1,No Deposit,9.0,0,Transient,118.8,0,2
City Hotel,0,140,2016,October,41,3,1,3,2,0.0,0,BB,GBR,Online TA,TA/TO,0,0,0,A,A,0,No Deposit,9.0,0,Transient,118.8,0,1
City Hotel,0,0,2017,January,1,4,0,1,2,0.0,0,BB,PRT,Direct,Direct,1,0,1,D,D,0,No Deposit,14.0,0,Transient,108.0,0,1
City Hotel,0,148,2016,October,41,4,0,3,2,0.0,0,BB,FRA,Online TA,TA/TO,0,0,0,A,A,0,No Deposit,9.0,0,Transient,118.8,0,3
City Hotel,0,155,2016,October,41,3,1,3,2,0.0,0,BB,GBR,Online TA,TA/TO,0,0,0,D,D,0,No Deposit,9.0,0,Transient,132.3,0,3
City Hotel,0,25,2016,October,41,5,0,2,2,0.0,0,BB,FRA,Online TA,TA/TO,0,0,0,A,A,0,No Deposit,9.0,0,Transient,149.0,0,1
City Hotel,0,127,2016,October,41,2,2,3,2,0.0,0,BB,DEU,Online TA,TA/TO,0,0,0,A,A,0,No Deposit,7.0,0,Transient,91.48,0,1
City Hotel,0,34,2016,October,41,5,0,2,2,0.0,0,BB,HUN,Online TA,TA/TO,0,0,0,E,E,0,No Deposit,83.0,0,Transient,144.0,0,0
City Hotel,0,170,2016,October,41,3,1,3,2,0.0,0,BB,NLD,Online TA,TA/TO,0,0,0,A,A,1,No Deposit,9.0,0,Transient,108.9,0,2
City Hotel,0,28,2016,October,41,3,1,3,2,0.0,0,BB,FRA,Online TA,TA/TO,0,0,0,A,A,1,No Deposit,9.0,0,Transient,133.75,0,1
City Hotel,0,259,2016,October,41,3,1,3,2,0.0,0,BB,GBR,Online TA,TA/TO,0,0,0,A,A,0,No Deposit,11.0,0,Transient,80.24,0,0
City Hotel,0,0,2016,October,41,6,0,1,2,0.0,0,BB,AUT,Direct,Direct,0,0,0,A,B,0,No Deposit,,0,Transient-Party,150.0,0,3
City Hotel,0,163,2016,October,41,2,2,3,2,0.0,0,BB,GBR,Offline TA/TO,TA/TO,0,0,0,A,A,1,No Deposit,168.0,0,Transient-Party,80.75,0,0
City Hotel,0,259,2016,October,41,2,2,3,2,0.0,0,BB,DEU,Online TA,TA/TO,0,0,0,A,A,1,No Deposit,10.0,0,Transient,96.1,0,0
City Hotel,0,92,2016,October,41,6,0,1,2,0.0,0,SC,ISR,Online TA,TA/TO,0,0,0,A,A,0,No Deposit,9.0,0,Transient,117.0,1,2
City Hotel,0,34,2016,October,41,2,2,3,2,0.0,0,BB,SWE,Online TA,TA/TO,0,0,0,D,D,0,No Deposit,7.0,0,Transient,95.47,0,1
City Hotel,0,21,2016,October,41,3,1,3,2,0.0,0,SC,BEL,Online TA,TA/TO,0,0,0,A,A,0,No Deposit,9.0,0,Transient,129.0,0,1
City Hotel,0,163,2016,October,41,2,2,3,2,0.0,0,BB,GBR,Offline TA/TO,TA/TO,0,0,0,A,A,1,No Deposit,168.0,0,Transient-Party,80.75,0,0
City Hotel,0,166,2016,October,41,3,1,3,2,0.0,0,BB,DEU,Online TA,TA/TO,0,0,0,D,D,0,No Deposit,8.0,0,Transient,122.4,0,1
City Hotel,0,29,2016,October,41,5,0,2,2,0.0,0,BB,FRA,Online TA,TA/TO,0,0,0,A,A,0,No Deposit,9.0,0,Transient,152.0,0,2
City Hotel,0,29,2016,October,41,5,0,2,2,0.0,0,BB,FRA,Online TA,TA/TO,0,0,0,D,D,0,No Deposit,9.0,0,Transient,166.25,0,3
City Hotel,0,29,2016,October,41,5,0,2,2,0.0,0,BB,FRA,Online TA,TA/TO,0,0,0,A,A,0,No Deposit,9.0,0,Transient,152.0,0,2
City Hotel,0,29,2016,October,41,5,0,2,2,0.0,0,BB,FRA,Online TA,TA/TO,0,0,0,A,A,0,No Deposit,9.0,0,Transient,152.0,0,2
City Hotel,0,29,2016,October,41,5,0,2,2,0.0,0,BB,GBR,Online TA,TA/TO,0,0,0,D,D,0,No Deposit,9.0,0,Transient,166.25,0,3
City Hotel,0,29,2016,October,41,5,0,2,2,0.0,0,BB,FRA,Online TA,TA/TO,0,0,0,A,A,0,No Deposit,9.0,0,Transient,152.0,0,2
City Hotel,0,29,2016,October,41,5,0,2,2,0.0,0,BB,FRA,Online TA,TA/TO,0,0,0,A,A,0,No Deposit,9.0,0,Transient,152.0,0,2
City Hotel,0,29,2016,October,41,5,0,2,2,0.0,0,BB,FRA,Online TA,TA/TO,0,0,0,A,A,0,No Deposit,9.0,0,Transient,152.0,0,2
City Hotel,0,29,2016,October,41,5,0,2,2,0.0,0,BB,FRA,Online TA,TA/TO,0,0,0,A,A,0,No Deposit,9.0,0,Transient,152.0,0,2
City Hotel,0,29,2016,October,41,5,0,2,2,0.0,0,BB,FRA,Online TA,TA/TO,0,0,0,A,A,0,No Deposit,9.0,0,Transient-Party,152.0,0,2
City Hotel,0,29,2016,October,41,5,0,2,2,0.0,0,BB,GBR,Online TA,TA/TO,0,0,0,A,A,2,No Deposit,9.0,0,Transient,152.0,0,2
City Hotel,0,51,2016,October,41,4,0,3,2,0.0,0,BB,BRA,Online TA,TA/TO,0,0,0,A,A,0,No Deposit,9.0,0,Transient,118.8,0,1
City Hotel,0,28,2016,October,41,4,0,3,2,0.0,0,BB,BEL,Online TA,TA/TO,0,0,0,A,A,0,No Deposit,9.0,0,Transient,147.67,0,2
City Hotel,0,21,2016,October,41,5,0,2,2,0.0,0,BB,BEL,Online TA,TA/TO,0,0,0,A,A,0,No Deposit,9.0,0,Transient,149.0,0,1
City Hotel,0,26,2016,October,41,3,1,3,2,0.0,0,SC,GBR,Online TA,TA/TO,0,0,0,A,A,0,No Deposit,7.0,0,Transient,103.76,0,1
City Hotel,0,29,2016,October,41,5,0,2,2,0.0,0,BB,FRA,Online TA,TA/TO,0,0,0,A,A,0,No Deposit,9.0,0,Transient,152.0,0,2
City Hotel,0,161,2016,October,41,2,2,3,2,0.0,0,BB,BRA,Online TA,TA/TO,0,0,0,A,A,0,No Deposit,7.0,0,Transient,91.48,0,1
City Hotel,0,32,2016,October,41,2,2,3,2,0.0,0,HB,FRA,Online TA,TA/TO,0,0,0,D,D,1,No Deposit,83.0,0,Transient,152.98,0,0
City Hotel,0,40,2016,October,41,3,1,4,2,0.0,0,BB,USA,Online TA,TA/TO,0,0,0,D,A,0,No Deposit,7.0,0,Transient,95.48,0,1
City Hotel,0,31,2016,October,41,7,0,1,2,0.0,0,BB,NOR,Online TA,TA/TO,0,0,0,D,D,0,No Deposit,9.0,0,Transient,157.5,0,0
City Hotel,0,31,2016,October,41,7,0,1,2,0.0,0,BB,NOR,Online TA,TA/TO,0,0,0,D,D,0,No Deposit,9.0,0,Transient,157.5,0,3
City Hotel,0,4,2016,October,41,8,0,0,2,0.0,0,BB,PRT,Direct,Direct,0,0,0,E,E,0,No Deposit,14.0,0,Transient,0.0,0,1
City Hotel,0,2,2016,October,41,4,0,4,2,0.0,0,BB,FRA,Online TA,TA/TO,0,0,0,F,F,0,No Deposit,7.0,0,Transient,175.56,0,1
City Hotel,0,194,2016,October,41,6,0,2,2,0.0,0,BB,JPN,Online TA,TA/TO,0,0,0,D,D,0,No Deposit,7.0,0,Transient,94.25,0,1
City Hotel,0,30,2016,October,41,5,0,3,2,0.0,0,BB,JPN,Online TA,TA/TO,0,0,0,D,D,0,No Deposit,9.0,0,Transient,157.5,0,2
City Hotel,0,214,2016,October,41,4,0,4,2,0.0,0,SC,GBR,Online TA,TA/TO,0,0,0,A,B,0,No Deposit,9.0,0,Transient,92.65,0,0
City Hotel,0,17,2016,October,41,7,0,1,2,0.0,0,SC,ESP,Online TA,TA/TO,0,0,0,A,A,0,No Deposit,9.0,0,Transient,135.0,0,2
City Hotel,0,22,2016,October,41,5,0,3,2,0.0,0,BB,BEL,Offline TA/TO,TA/TO,0,0,0,A,D,0,No Deposit,28.0,0,Transient,85.0,0,0
City Hotel,0,51,2016,October,41,7,0,1,2,0.0,0,BB,PRT,Online TA,TA/TO,0,0,0,F,F,0,No Deposit,7.0,0,Transient,146.92,0,1
City Hotel,0,95,2016,October,41,6,0,2,2,0.0,0,BB,FRA,Online TA,TA/TO,0,0,0,D,D,0,No Deposit,9.0,0,Transient,132.3,0,3
City Hotel,0,137,2016,October,41,3,1,4,2,0.0,0,BB,BRA,Online TA,TA/TO,0,0,0,D,D,0,No Deposit,9.0,0,Transient,132.3,0,2
City Hotel,0,54,2016,October,41,6,0,2,2,0.0,0,BB,GBR,Online TA,TA/TO,0,0,0,F,F,2,No Deposit,9.0,0,Transient,190.8,0,3
City Hotel,0,6,2016,October,41,4,0,4,2,0.0,0,SC,CHE,Online TA,TA/TO,0,0,0,A,A,0,No Deposit,9.0,0,Transient,140.0,0,0
City Hotel,0,212,2016,October,40,1,2,5,2,0.0,0,SC,FRA,Online TA,TA/TO,0,0,0,A,A,0,No Deposit,9.0,0,Transient,92.65,0,2
City Hotel,0,30,2016,October,41,4,0,4,2,0.0,0,BB,BRA,Online TA,TA/TO,0,0,0,D,D,0,No Deposit,8.0,0,Transient,144.8,0,1
City Hotel,0,32,2016,October,41,6,0,2,2,0.0,0,BB,POL,Online TA,TA/TO,0,0,0,D,D,0,No Deposit,9.0,0,Transient,157.5,0,2
City Hotel,0,5,2016,October,41,5,0,3,2,0.0,0,SC,GBR,Online TA,TA/TO,0,0,0,A,A,0,No Deposit,9.0,0,Transient,98.1,0,1
City Hotel,0,71,2016,October,41,7,0,1,2,0.0,0,BB,CHE,Online TA,TA/TO,0,0,0,B,B,1,No Deposit,9.0,0,Transient,108.0,0,1
City Hotel,0,17,2016,October,41,7,0,1,2,0.0,0,SC,ESP,Online TA,TA/TO,0,0,0,A,A,0,No Deposit,9.0,0,Transient,135.0,0,2
City Hotel,0,9,2016,October,41,6,0,2,2,0.0,0,SC,ESP,Online TA,TA/TO,0,0,0,A,D,0,No Deposit,9.0,0,Transient,149.0,1,1
City Hotel,0,41,2016,October,41,4,0,5,2,0.0,0,BB,BEL,Online TA,TA/TO,0,0,0,D,D,0,No Deposit,9.0,0,Transient,139.5,0,2
City Hotel,0,190,2016,September,40,30,2,7,2,0.0,0,BB,ISL,Online TA,TA/TO,0,0,0,A,A,2,No Deposit,9.0,0,Transient,110.9,0,0
City Hotel,0,135,2016,October,41,5,0,4,2,0.0,0,BB,DEU,Online TA,TA/TO,0,0,0,A,A,1,No Deposit,9.0,0,Transient,123.0,1,1
City Hotel,0,228,2016,October,41,5,0,4,2,0.0,0,BB,DEU,Online TA,TA/TO,0,0,0,A,A,0,No Deposit,9.0,0,Transient-Party,102.85,0,1
City Hotel,0,228,2016,October,41,5,0,4,2,0.0,0,BB,DEU,Online TA,TA/TO,0,0,0,A,A,0,No Deposit,9.0,0,Transient,102.85,0,1
City Hotel,0,228,2016,October,41,5,0,4,2,0.0,0,BB,DEU,Online TA,TA/TO,0,0,0,A,A,0,No Deposit,9.0,0,Transient-Party,102.85,0,1
City Hotel,0,228,2016,October,41,5,0,4,2,0.0,0,BB,DEU,Online TA,TA/TO,0,0,0,A,A,0,No Deposit,9.0,0,Transient-Party,102.85,0,1
City Hotel,0,9,2016,October,41,7,0,2,2,0.0,0,HB,BEL,Online TA,TA/TO,0,0,0,D,D,2,No Deposit,9.0,0,Transient,243.0,0,2
City Hotel,0,227,2016,October,41,4,0,5,2,0.0,0,BB,SRB,Online TA,TA/TO,0,0,0,A,A,0,No Deposit,9.0,0,Transient,102.85,0,2
City Hotel,0,0,2016,October,41,8,0,1,2,0.0,0,SC,USA,Direct,Direct,0,0,0,A,A,0,No Deposit,14.0,0,Transient,180.0,0,0
City Hotel,0,15,2016,October,41,7,0,2,2,0.0,0,BB,PRT,Online TA,TA/TO,0,0,0,D,D,0,No Deposit,9.0,0,Transient,170.0,0,2
City Hotel,0,38,2016,October,41,6,0,3,2,0.0,0,BB,SWE,Groups,TA/TO,0,0,0,A,A,0,No Deposit,37.0,0,Transient-Party,109.0,0,0
City Hotel,0,108,2016,October,41,7,0,2,2,0.0,0,BB,FRA,Online TA,TA/TO,0,0,0,A,A,0,No Deposit,9.0,0,Transient,118.8,0,1
City Hotel,0,5,2016,October,41,7,0,2,2,0.0,0,BB,ITA,Online TA,TA/TO,0,0,0,A,A,0,No Deposit,9.0,0,Transient,190.0,0,2
City Hotel,0,38,2016,October,41,6,0,3,2,0.0,0,BB,SWE,Groups,TA/TO,0,0,0,A,B,1,No Deposit,37.0,0,Transient-Party,109.0,0,0
City Hotel,0,38,2016,October,41,6,0,3,2,0.0,0,BB,SWE,Groups,TA/TO,0,0,0,A,B,1,No Deposit,37.0,0,Transient-Party,109.0,0,0
City Hotel,0,119,2016,October,41,6,0,3,2,0.0,0,BB,SWE,Groups,TA/TO,0,0,0,A,A,0,No Deposit,37.0,81,Transient-Party,109.0,0,0
City Hotel,0,36,2016,October,41,6,0,3,2,0.0,0,BB,ESP,Offline TA/TO,TA/TO,0,0,0,E,E,0,No Deposit,15.0,0,Transient,144.0,0,0
City Hotel,0,1,2016,October,41,7,0,2,2,0.0,0,BB,POL,Corporate,Corporate,0,0,0,A,A,1,No Deposit,193.0,0,Transient-Party,90.0,0,1
City Hotel,0,34,2016,October,41,6,0,3,2,0.0,0,BB,DEU,Online TA,TA/TO,0,0,0,E,E,0,No Deposit,83.0,0,Transient,153.0,0,0
City Hotel,0,88,2016,October,41,7,0,2,2,0.0,0,BB,POL,Corporate,Corporate,0,0,0,A,A,0,No Deposit,193.0,0,Transient-Party,90.0,0,1
City Hotel,0,88,2016,October,41,7,0,2,2,0.0,0,BB,POL,Corporate,Corporate,0,0,0,A,A,0,No Deposit,193.0,0,Transient-Party,90.0,0,1
City Hotel,0,88,2016,October,41,7,0,2,2,0.0,0,BB,POL,Corporate,Corporate,0,0,0,A,A,0,No Deposit,193.0,0,Transient-Party,90.0,0,1
City Hotel,0,88,2016,October,41,7,0,2,2,0.0,0,BB,POL,Corporate,Corporate,0,0,0,A,A,0,No Deposit,193.0,0,Transient-Party,90.0,0,1
City Hotel,0,88,2016,October,41,7,0,2,2,0.0,0,BB,POL,Corporate,Corporate,0,0,0,A,A,0,No Deposit,193.0,0,Transient-Party,90.0,0,1
City Hotel,0,88,2016,October,41,7,0,2,2,0.0,0,BB,POL,Corporate,Corporate,0,0,0,A,A,0,No Deposit,193.0,0,Transient-Party,90.0,0,1
City Hotel,0,9,2016,October,41,7,0,2,2,0.0,0,BB,FRA,Online TA,TA/TO,0,0,0,D,D,0,No Deposit,9.0,0,Transient,175.0,0,2
City Hotel,0,0,2016,October,41,7,0,2,2,0.0,0,SC,NZL,Online TA,TA/TO,0,0,0,A,B,0,No Deposit,7.0,0,Transient,147.6,0,1
City Hotel,0,87,2016,October,41,6,0,3,2,0.0,0,BB,RUS,Online TA,TA/TO,0,0,0,A,A,0,No Deposit,9.0,0,Transient,118.8,0,2
City Hotel,0,28,2016,October,41,3,1,5,2,0.0,0,BB,DEU,Online TA,TA/TO,0,0,0,D,D,0,No Deposit,8.0,0,Transient,137.2,0,1
City Hotel,0,1,2016,October,41,7,0,2,2,0.0,0,BB,GBR,Online TA,TA/TO,0,0,0,A,A,0,No Deposit,89.0,0,Transient,144.0,0,0
City Hotel,0,211,2016,October,41,7,0,2,2,0.0,0,HB,ITA,Online TA,TA/TO,0,0,0,A,A,2,No Deposit,9.0,0,Transient,143.1,0,1
City Hotel,0,225,2016,October,41,5,0,4,2,0.0,0,SC,DEU,Online TA,TA/TO,0,0,0,A,A,0,No Deposit,9.0,0,Transient,92.65,0,1
City Hotel,0,3,2016,October,41,6,0,3,2,0.0,0,BB,GBR,Online TA,TA/TO,0,0,0,F,F,0,No Deposit,7.0,0,Transient,175.56,0,1
City Hotel,0,56,2016,October,41,5,0,4,2,0.0,0,BB,BEL,Online TA,TA/TO,0,0,0,E,E,0,No Deposit,83.0,0,Transient,123.84,0,0
City Hotel,0,127,2016,October,41,8,0,1,2,0.0,0,BB,CHN,Online TA,TA/TO,0,0,0,A,A,1,No Deposit,7.0,0,Transient,91.48,0,1
City Hotel,0,7,2016,October,41,4,0,5,2,0.0,0,SC,BRA,Online TA,TA/TO,0,0,0,A,A,0,No Deposit,9.0,0,Transient,140.0,0,1
City Hotel,0,35,2016,October,41,7,0,2,2,0.0,0,BB,GBR,Online TA,TA/TO,0,0,0,D,D,0,No Deposit,9.0,0,Transient,157.5,0,1
City Hotel,0,17,2016,October,41,7,0,2,2,0.0,0,SC,GBR,Online TA,TA/TO,0,0,0,A,A,0,No Deposit,9.0,0,Transient,135.0,0,1
City Hotel,0,174,2016,October,41,5,0,4,2,0.0,0,SC,ITA,Online TA,TA/TO,0,0,0,A,A,0,No Deposit,9.0,0,Transient,98.1,0,2
City Hotel,0,9,2016,October,41,7,0,2,2,0.0,0,BB,ISR,Online TA,TA/TO,0,0,0,D,D,0,No Deposit,9.0,0,Transient,184.0,0,2
City Hotel,0,1,2016,October,41,7,0,2,2,0.0,0,SC,ISR,Online TA,TA/TO,0,0,0,A,A,2,No Deposit,9.0,0,Transient,160.0,0,2
City Hotel,0,59,2016,October,42,9,1,0,2,0.0,0,SC,USA,Online TA,TA/TO,0,0,0,A,A,0,No Deposit,8.0,0,Transient,108.0,0,1
City Hotel,0,3,2016,October,40,1,3,6,2,0.0,0,BB,AGO,Direct,Direct,0,0,0,A,A,1,No Deposit,,0,Transient,158.0,0,0
City Hotel,0,127,2016,October,41,3,2,5,2,0.0,0,SC,DEU,Online TA,TA/TO,0,0,0,A,A,0,No Deposit,9.0,0,Transient,108.0,0,2
City Hotel,0,72,2016,October,42,9,1,0,2,0.0,0,BB,AUT,Online TA,TA/TO,0,0,0,D,D,0,No Deposit,9.0,0,Transient,132.3,0,3
City Hotel,0,85,2016,October,41,6,1,3,2,0.0,0,BB,CN,Offline TA/TO,TA/TO,0,0,0,A,A,0,No Deposit,6.0,0,Transient-Party,85.0,0,1
City Hotel,0,59,2016,October,42,9,1,0,2,0.0,0,BB,USA,Online TA,TA/TO,0,0,0,D,D,0,No Deposit,9.0,0,Transient,151.2,0,0
City Hotel,0,0,2016,October,42,10,0,0,2,0.0,0,BB,PRT,Offline TA/TO,TA/TO,1,0,0,A,K,0,No Deposit,28.0,0,Transient,0.0,0,0
City Hotel,0,85,2016,October,41,6,1,3,2,0.0,0,BB,DEU,Offline TA/TO,TA/TO,0,0,0,A,A,0,No Deposit,6.0,0,Transient-Party,85.0,0,1
City Hotel,0,218,2016,October,41,7,1,2,2,0.0,0,BB,GBR,Online TA,TA/TO,0,0,0,A,A,1,No Deposit,9.0,0,Transient,106.1,0,2
City Hotel,0,85,2016,October,41,6,1,3,2,0.0,0,BB,SWE,Offline TA/TO,TA/TO,0,0,0,A,A,0,No Deposit,6.0,0,Transient-Party,85.0,0,1
City Hotel,0,349,2016,October,41,4,1,5,2,0.0,0,BB,DEU,Offline TA/TO,TA/TO,0,0,0,A,A,1,No Deposit,58.0,162,Transient-Party,90.0,0,0
City Hotel,0,85,2016,October,41,6,1,3,2,0.0,0,BB,SWE,Offline TA/TO,TA/TO,0,0,0,A,A,1,No Deposit,6.0,0,Transient-Party,85.0,0,1
City Hotel,0,85,2016,October,41,6,1,3,2,0.0,0,BB,DEU,Offline TA/TO,TA/TO,0,0,0,A,A,0,No Deposit,6.0,0,Transient-Party,85.0,0,1
City Hotel,0,349,2016,October,41,4,1,5,2,0.0,0,BB,DEU,Offline TA/TO,TA/TO,0,0,0,A,A,0,No Deposit,58.0,162,Transient-Party,123.33,0,0
City Hotel,0,9,2016,October,41,7,1,2,2,0.0,0,BB,FRA,Direct,Direct,0,0,0,D,D,0,No Deposit,14.0,0,Transient,166.67,0,0
City Hotel,0,85,2016,October,41,6,1,3,2,0.0,0,BB,CN,Offline TA/TO,TA/TO,0,0,0,A,A,0,No Deposit,6.0,0,Transient-Party,85.0,0,1
City Hotel,0,85,2016,October,41,6,1,3,2,0.0,0,BB,CN,Offline TA/TO,TA/TO,0,0,0,A,A,0,No Deposit,6.0,0,Transient-Party,85.0,0,1
City Hotel,0,85,2016,October,41,6,1,3,2,0.0,0,BB,SWE,Offline TA/TO,TA/TO,0,0,0,A,A,0,No Deposit,6.0,0,Transient-Party,85.0,0,1
City Hotel,0,85,2016,October,41,6,1,3,2,0.0,0,BB,CN,Offline TA/TO,TA/TO,0,0,0,A,A,0,No Deposit,6.0,0,Transient-Party,85.0,0,1
City Hotel,0,85,2016,October,41,6,1,3,2,0.0,0,BB,SWE,Offline TA/TO,TA/TO,0,0,0,A,A,0,No Deposit,6.0,0,Transient-Party,85.0,0,1
City Hotel,0,349,2016,October,41,4,1,5,2,0.0,0,BB,DEU,Offline TA/TO,TA/TO,0,0,0,A,A,0,No Deposit,58.0,162,Transient-Party,123.33,0,0
City Hotel,0,349,2016,October,41,4,1,5,2,0.0,0,BB,DEU,Offline TA/TO,TA/TO,0,0,0,A,A,0,No Deposit,58.0,162,Transient-Party,123.33,0,0
City Hotel,0,85,2016,October,41,6,1,3,2,0.0,0,BB,DEU,Offline TA/TO,TA/TO,0,0,0,A,A,0,No Deposit,6.0,0,Transient-Party,85.0,0,1
City Hotel,0,349,2016,October,41,4,1,5,2,0.0,0,BB,DEU,Offline TA/TO,TA/TO,0,0,0,A,A,1,No Deposit,58.0,162,Transient-Party,90.0,0,0
City Hotel,0,349,2016,October,41,4,1,5,2,0.0,0,BB,DEU,Offline TA/TO,TA/TO,0,0,0,A,A,1,No Deposit,58.0,162,Transient-Party,90.0,0,0
City Hotel,0,85,2016,October,41,6,1,3,2,0.0,0,BB,CN,Offline TA/TO,TA/TO,0,0,0,A,A,1,No Deposit,6.0,0,Transient-Party,42.5,0,1
City Hotel,0,349,2016,October,41,4,1,5,2,0.0,0,BB,DEU,Offline TA/TO,TA/TO,0,0,0,A,A,0,No Deposit,58.0,162,Transient-Party,123.33,0,0
City Hotel,0,220,2016,October,41,5,1,4,2,0.0,0,BB,DEU,Online TA,TA/TO,0,0,0,A,A,1,No Deposit,9.0,0,Transient,112.65,0,1
City Hotel,0,349,2016,October,41,4,1,5,2,0.0,0,BB,DEU,Offline TA/TO,TA/TO,0,0,0,A,A,0,No Deposit,58.0,162,Transient-Party,123.33,0,0
City Hotel,0,85,2016,October,41,6,1,3,2,0.0,0,BB,SWE,Offline TA/TO,TA/TO,0,0,0,A,A,0,No Deposit,6.0,0,Transient-Party,85.0,0,1
City Hotel,0,85,2016,October,41,6,1,3,2,0.0,0,BB,DEU,Offline TA/TO,TA/TO,0,0,0,A,A,0,No Deposit,6.0,0,Transient-Party,85.0,0,1
City Hotel,0,85,2016,October,41,6,1,3,2,0.0,0,BB,DEU,Offline TA/TO,TA/TO,0,0,0,A,A,0,No Deposit,6.0,0,Transient-Party,85.0,0,1
City Hotel,0,77,2016,October,41,7,1,2,2,0.0,0,BB,ESP,Online TA,TA/TO,0,0,0,D,D,0,No Deposit,9.0,0,Transient,132.3,0,3
City Hotel,0,85,2016,October,41,6,1,3,2,0.0,0,BB,CN,Offline TA/TO,TA/TO,0,0,0,A,A,0,No Deposit,6.0,0,Transient-Party,85.0,0,1
City Hotel,0,77,2016,October,41,7,1,2,2,0.0,0,BB,ESP,Online TA,TA/TO,0,0,0,D,D,0,No Deposit,9.0,0,Transient,132.3,0,3
City Hotel,0,85,2016,October,41,6,1,3,2,0.0,0,BB,SWE,Offline TA/TO,TA/TO,0,0,0,A,A,0,No Deposit,6.0,0,Transient-Party,85.0,0,2
City Hotel,0,85,2016,October,41,6,1,3,2,0.0,0,BB,SWE,Offline TA/TO,TA/TO,0,0,0,A,A,0,No Deposit,6.0,0,Transient-Party,85.0,0,1
City Hotel,0,85,2016,October,41,6,1,3,2,0.0,0,BB,SWE,Offline TA/TO,TA/TO,0,0,0,A,A,0,No Deposit,6.0,0,Transient-Party,85.0,0,2
City Hotel,0,77,2016,October,41,7,1,2,2,0.0,0,BB,ESP,Online TA,TA/TO,0,0,0,D,D,0,No Deposit,9.0,0,Transient,132.3,0,3
City Hotel,0,338,2016,October,41,7,1,2,2,0.0,0,BB,FRA,Offline TA/TO,TA/TO,0,0,0,A,A,0,No Deposit,12.0,68,Transient-Party,90.67,0,1
City Hotel,0,17,2016,October,41,8,1,1,2,0.0,0,BB,ESP,Offline TA/TO,TA/TO,0,0,0,A,D,0,No Deposit,28.0,0,Transient,85.0,0,0
City Hotel,0,187,2016,October,41,7,1,2,2,0.0,0,BB,FRA,Online TA,TA/TO,0,0,0,A,A,0,No Deposit,9.0,0,Transient,108.9,0,3
City Hotel,0,3,2016,October,42,9,1,0,2,0.0,0,BB,ISR,Online TA,TA/TO,0,0,0,E,F,1,No Deposit,,0,Transient,195.0,0,2
City Hotel,0,338,2016,October,41,7,1,2,2,0.0,0,BB,FRA,Offline TA/TO,TA/TO,0,0,0,A,A,0,No Deposit,12.0,68,Transient-Party,90.67,0,1
City Hotel,0,166,2016,October,41,6,1,3,2,0.0,0,BB,FRA,Online TA,TA/TO,0,0,0,A,A,0,No Deposit,9.0,0,Transient,118.8,0,2
City Hotel,0,3,2016,October,41,7,1,2,2,0.0,0,BB,DEU,Online TA,TA/TO,0,0,0,G,G,0,No Deposit,7.0,0,Transient,204.82,0,1
City Hotel,0,141,2016,October,41,6,1,3,2,0.0,0,BB,AUT,Offline TA/TO,TA/TO,0,0,0,A,A,0,No Deposit,85.0,0,Transient,80.75,0,0
City Hotel,0,51,2016,October,41,8,1,1,2,0.0,0,BB,NLD,Online TA,TA/TO,0,0,0,D,D,0,No Deposit,9.0,0,Transient,139.5,0,1
City Hotel,0,32,2016,October,41,7,1,2,2,0.0,0,BB,DEU,Online TA,TA/TO,0,0,0,D,D,0,No Deposit,7.0,0,Transient,121.27,0,1
City Hotel,0,132,2016,October,41,7,1,2,2,0.0,0,BB,DEU,Offline TA/TO,TA/TO,0,0,0,A,A,0,No Deposit,83.0,0,Transient,89.76,0,0
City Hotel,0,132,2016,October,41,7,1,2,2,0.0,0,BB,NLD,Offline TA/TO,TA/TO,0,0,0,A,A,0,No Deposit,83.0,0,Transient,89.76,0,0
City Hotel,0,338,2016,October,41,7,1,2,2,0.0,0,BB,FRA,Offline TA/TO,TA/TO,0,0,0,A,A,0,No Deposit,12.0,68,Transient-Party,45.33,0,1
City Hotel,0,2,2016,October,41,7,1,2,2,0.0,0,BB,NLD,Online TA,TA/TO,0,0,0,A,A,0,No Deposit,7.0,0,Transient,133.47,0,1
City Hotel,0,28,2016,October,41,8,1,1,2,0.0,0,BB,BEL,Online TA,TA/TO,0,0,0,E,F,0,No Deposit,86.0,0,Transient,171.87,0,0
City Hotel,0,28,2016,October,41,8,1,1,2,0.0,0,BB,BEL,Online TA,TA/TO,0,0,0,E,G,0,No Deposit,86.0,0,Transient,171.87,0,0
City Hotel,0,7,2016,October,41,7,1,2,2,0.0,0,BB,GBR,Online TA,TA/TO,0,0,0,D,D,0,No Deposit,9.0,0,Transient,205.0,0,2
City Hotel,0,0,2016,October,42,9,1,0,2,0.0,0,BB,ESP,Direct,Direct,0,0,0,D,D,1,No Deposit,,0,Transient,155.0,0,0
City Hotel,0,16,2016,October,41,8,1,1,2,0.0,0,BB,FRA,Offline TA/TO,TA/TO,0,0,0,A,A,0,No Deposit,28.0,0,Transient,85.0,0,1
City Hotel,0,77,2016,October,41,7,1,2,2,0.0,0,BB,GBR,Online TA,TA/TO,0,0,0,D,D,5,No Deposit,9.0,0,Transient,132.3,0,2
City Hotel,0,29,2016,October,41,5,1,4,2,0.0,0,BB,POL,Online TA,TA/TO,0,0,0,D,D,0,No Deposit,9.0,0,Transient,161.0,0,2
City Hotel,0,338,2016,October,41,7,1,2,2,0.0,0,BB,FRA,Offline TA/TO,TA/TO,0,0,0,A,A,0,No Deposit,12.0,68,Transient-Party,90.67,0,1
City Hotel,0,338,2016,October,41,7,1,2,2,0.0,0,BB,FRA,Offline TA/TO,TA/TO,0,0,0,A,A,0,No Deposit,12.0,68,Transient-Party,90.67,0,1
City Hotel,0,338,2016,October,41,7,1,2,2,0.0,0,BB,FRA,Offline TA/TO,TA/TO,0,0,0,A,A,0,No Deposit,12.0,68,Transient-Party,90.67,0,1
City Hotel,0,126,2016,October,41,8,1,1,2,0.0,0,BB,ROU,Online TA,TA/TO,0,0,0,A,A,0,No Deposit,9.0,0,Transient,118.8,0,2
City Hotel,0,102,2016,October,42,9,1,0,2,0.0,0,SC,USA,Online TA,TA/TO,0,0,0,A,A,0,No Deposit,9.0,0,Transient,108.0,0,1
City Hotel,0,338,2016,October,41,7,1,2,2,0.0,0,BB,FRA,Offline TA/TO,TA/TO,0,0,0,A,A,0,No Deposit,12.0,68,Transient-Party,90.67,0,1
City Hotel,0,338,2016,October,41,7,1,2,2,0.0,0,BB,FRA,Offline TA/TO,TA/TO,0,0,0,A,A,0,No Deposit,12.0,68,Transient-Party,90.67,0,0
City Hotel,0,338,2016,October,41,7,1,2,2,0.0,0,BB,FRA,Offline TA/TO,TA/TO,0,0,0,A,A,0,No Deposit,12.0,68,Transient-Party,90.67,0,1
City Hotel,0,338,2016,October,41,7,1,2,2,0.0,0,BB,FRA,Offline TA/TO,TA/TO,0,0,0,A,A,0,No Deposit,12.0,68,Transient-Party,90.67,0,1
City Hotel,0,338,2016,October,41,7,1,2,2,0.0,0,BB,DOM,Offline TA/TO,TA/TO,0,0,0,A,A,0,No Deposit,12.0,68,Transient-Party,90.67,0,1
City Hotel,0,187,2016,October,41,7,1,2,2,0.0,0,BB,FRA,Online TA,TA/TO,0,0,0,A,A,1,No Deposit,9.0,0,Transient,103.5,0,3
City Hotel,0,338,2016,October,41,7,1,2,2,0.0,0,BB,FRA,Offline TA/TO,TA/TO,0,0,0,A,A,0,No Deposit,12.0,68,Transient-Party,90.67,0,1
City Hotel,0,187,2016,October,41,7,1,2,2,0.0,0,BB,FRA,Online TA,TA/TO,0,0,0,A,A,1,No Deposit,9.0,0,Transient,108.9,0,3
City Hotel,0,101,2016,October,41,7,1,2,2,0.0,0,BB,BRA,Online TA,TA/TO,0,0,0,A,A,0,No Deposit,9.0,0,Transient,118.8,0,1
City Hotel,0,0,2016,October,42,9,1,0,2,0.0,0,BB,PRT,Direct,Direct,0,0,0,A,A,1,No Deposit,,0,Transient,77.0,0,0
City Hotel,0,147,2016,October,41,7,1,2,2,0.0,0,BB,GBR,Online TA,TA/TO,0,0,0,D,D,0,No Deposit,9.0,0,Transient,132.3,0,0
City Hotel,0,0,2016,October,41,8,1,1,2,0.0,0,SC,USA,Online TA,TA/TO,0,0,0,A,C,0,No Deposit,152.0,0,Transient,87.2,0,0
City Hotel,0,102,2016,October,42,9,1,0,2,0.0,0,SC,FRA,Online TA,TA/TO,0,0,0,A,K,0,No Deposit,9.0,0,Transient,108.0,0,1
City Hotel,0,102,2016,October,42,9,1,0,2,0.0,0,SC,FRA,Online TA,TA/TO,0,0,0,A,A,0,No Deposit,9.0,0,Transient,108.0,0,1
City Hotel,0,0,2016,October,42,9,1,0,2,0.0,0,BB,SWE,Online TA,TA/TO,0,0,0,A,A,1,No Deposit,9.0,0,Transient,108.0,0,1
City Hotel,0,8,2016,October,41,7,2,2,2,0.0,0,BB,ITA,Online TA,TA/TO,0,0,0,D,D,1,No Deposit,9.0,0,Transient,179.0,1,2
City Hotel,0,34,2016,October,41,7,2,2,2,0.0,0,BB,DEU,Online TA,TA/TO,0,0,0,D,D,0,No Deposit,9.0,0,Transient,153.0,0,2
City Hotel,0,164,2016,October,41,4,2,5,2,0.0,0,BB,DEU,Offline TA/TO,TA/TO,0,0,0,A,A,0,No Deposit,83.0,0,Transient,82.28,0,0
City Hotel,0,35,2016,October,41,8,2,1,2,0.0,0,BB,IRL,Online TA,TA/TO,0,0,0,D,D,0,No Deposit,9.0,0,Transient,151.5,0,1
City Hotel,0,17,2016,October,41,7,2,2,2,0.0,0,BB,USA,Online TA,TA/TO,0,0,0,A,A,1,No Deposit,7.0,0,Transient,117.04,0,1
City Hotel,0,186,2016,October,41,6,2,3,2,0.0,0,BB,DEU,Online TA,TA/TO,0,0,0,A,A,0,No Deposit,7.0,0,Transient,79.66,0,1
City Hotel,0,0,2016,October,42,10,1,0,2,0.0,0,BB,AUS,Online TA,TA/TO,0,0,0,A,A,0,No Deposit,7.0,0,Transient,123.2,0,1
City Hotel,0,12,2016,October,42,10,1,0,2,0.0,0,BB,PRT,Groups,Direct,0,0,0,A,A,0,No Deposit,,0,Transient-Party,130.0,0,0
City Hotel,0,12,2016,October,42,10,1,0,2,0.0,0,BB,ESP,Groups,Direct,0,0,0,A,A,0,No Deposit,,0,Transient-Party,130.0,0,0
City Hotel,0,9,2016,October,42,10,1,0,2,0.0,0,BB,PRT,Complementary,Corporate,0,0,0,A,A,0,No Deposit,,0,Transient,0.0,0,1
City Hotel,0,23,2016,October,44,24,1,0,2,0.0,0,BB,PRT,Complementary,Corporate,0,0,1,A,D,0,No Deposit,,0,Transient,0.0,0,1
City Hotel,0,12,2016,October,42,10,1,0,2,0.0,0,BB,PRT,Groups,Direct,0,0,0,A,A,0,No Deposit,,0,Transient-Party,130.0,0,0
City Hotel,0,12,2016,October,42,10,1,0,2,0.0,0,BB,ESP,Groups,Direct,0,0,0,A,A,0,No Deposit,,0,Transient-Party,130.0,0,0
City Hotel,0,12,2016,October,42,10,1,0,2,0.0,0,BB,ESP,Groups,Direct,0,0,0,A,A,0,No Deposit,,0,Transient-Party,130.0,0,0
City Hotel,0,12,2016,October,42,10,1,0,2,0.0,0,BB,PRT,Groups,Direct,0,0,0,A,A,0,No Deposit,,0,Transient-Party,130.0,0,0
City Hotel,0,12,2016,October,42,10,1,0,2,0.0,0,BB,ESP,Groups,Direct,0,0,0,A,A,0,No Deposit,,0,Transient,130.0,0,0
City Hotel,0,12,2016,October,42,10,1,0,2,0.0,0,BB,ESP,Groups,Direct,0,0,0,A,D,0,No Deposit,,0,Transient,130.0,0,0
City Hotel,0,12,2016,October,42,10,1,0,2,0.0,0,BB,ESP,Groups,Direct,0,0,0,A,A,0,No Deposit,,0,Transient,130.0,0,0
City Hotel,0,0,2016,October,42,10,1,0,2,0.0,0,BB,PRT,Complementary,TA/TO,0,0,0,E,E,0,No Deposit,1.0,0,Transient,0.0,0,0
City Hotel,0,11,2016,October,41,8,2,1,2,0.0,0,BB,ESP,Online TA,TA/TO,0,0,0,A,A,0,No Deposit,83.0,0,Transient,122.13,0,0
City Hotel,0,93,2016,October,41,8,2,1,2,0.0,0,SC,FRA,Online TA,TA/TO,0,0,0,A,A,0,No Deposit,7.0,0,Transient,79.0,0,1
City Hotel,0,59,2016,October,42,10,1,0,2,0.0,0,SC,GBR,Online TA,TA/TO,0,0,0,A,A,0,No Deposit,8.0,0,Transient,108.0,0,1
City Hotel,0,6,2016,October,42,9,2,0,2,0.0,0,BB,FRA,Offline TA/TO,TA/TO,0,0,0,A,F,0,No Deposit,132.0,0,Transient,104.0,0,0
City Hotel,0,203,2016,October,41,6,2,3,2,0.0,0,HB,LUX,Online TA,TA/TO,0,0,0,A,A,0,No Deposit,9.0,0,Transient,135.15,0,3
City Hotel,0,228,2016,October,41,5,2,4,2,0.0,0,BB,SWE,Online TA,TA/TO,0,0,0,D,D,0,No Deposit,9.0,0,Transient-Party,115.6,0,2
City Hotel,0,228,2016,October,41,5,2,4,2,0.0,0,BB,ROU,Online TA,TA/TO,0,0,0,D,D,0,No Deposit,9.0,0,Transient-Party,115.6,0,2
City Hotel,0,25,2016,October,41,8,2,1,2,0.0,0,BB,FRA,Offline TA/TO,TA/TO,0,0,0,A,D,0,No Deposit,28.0,0,Transient,85.0,0,0
City Hotel,0,0,2016,October,42,11,0,0,2,0.0,0,BB,TUN,Offline TA/TO,TA/TO,1,0,0,A,K,0,No Deposit,85.0,0,Transient,0.0,0,0
City Hotel,0,176,2016,October,41,7,2,2,2,0.0,0,BB,CHE,Online TA,TA/TO,0,0,0,A,A,1,No Deposit,11.0,0,Transient,94.12,0,0
City Hotel,0,17,2016,October,41,7,2,2,2,0.0,0,BB,FRA,Online TA,TA/TO,0,0,0,A,B,1,No Deposit,7.0,0,Transient,117.04,0,1
City Hotel,0,151,2016,October,41,6,2,3,2,0.0,0,BB,GBR,Online TA,TA/TO,0,0,0,A,A,0,No Deposit,7.0,0,Transient,91.48,0,1
City Hotel,0,151,2016,October,41,6,2,3,2,0.0,0,BB,GBR,Online TA,TA/TO,0,0,0,A,A,1,No Deposit,7.0,0,Transient,91.48,0,2
City Hotel,0,151,2016,October,41,6,2,3,2,0.0,0,BB,GBR,Online TA,TA/TO,0,0,0,A,A,1,No Deposit,7.0,0,Transient,91.48,0,2
City Hotel,0,203,2016,October,41,8,2,1,2,0.0,0,BB,GBR,Offline TA/TO,TA/TO,0,0,0,A,A,0,No Deposit,79.0,0,Transient,87.12,0,0
City Hotel,0,14,2016,October,41,4,2,5,2,0.0,0,HB,ITA,Online TA,TA/TO,0,0,0,A,D,0,No Deposit,6.0,0,Transient,153.03,0,0
City Hotel,0,151,2016,October,41,6,2,3,2,0.0,0,BB,GBR,Online TA,TA/TO,0,0,0,A,A,1,No Deposit,7.0,0,Transient,91.48,0,2
City Hotel,0,0,2016,October,42,11,0,0,2,0.0,0,SC,PRT,Online TA,TA/TO,1,0,0,A,K,0,No Deposit,8.0,0,Transient,0.0,0,1
City Hotel,0,98,2016,October,42,9,2,1,2,0.0,0,SC,USA,Online TA,TA/TO,0,0,0,A,F,0,No Deposit,9.0,0,Transient,108.0,0,3
City Hotel,0,23,2016,October,42,9,2,1,2,0.0,0,BB,FRA,Offline TA/TO,TA/TO,0,0,0,A,D,0,No Deposit,28.0,0,Transient,85.0,0,0
City Hotel,0,151,2016,October,41,8,2,2,2,0.0,0,BB,DEU,Direct,Direct,0,0,0,A,A,0,No Deposit,14.0,0,Transient,108.0,0,0
City Hotel,0,88,2016,October,41,8,2,2,2,0.0,0,BB,IRL,Online TA,TA/TO,0,0,0,D,D,0,No Deposit,9.0,0,Transient,132.3,0,3
City Hotel,0,49,2016,October,42,11,0,1,2,0.0,0,BB,BRA,Online TA,TA/TO,0,0,0,A,A,0,No Deposit,9.0,0,Transient,126.0,0,0
City Hotel,0,36,2016,October,42,9,2,1,2,0.0,0,BB,FRA,Online TA,TA/TO,0,0,0,A,A,0,No Deposit,7.0,0,Transient,100.95,0,1
City Hotel,0,262,2016,October,41,7,2,3,2,0.0,0,BB,FRA,Online TA,TA/TO,0,0,0,A,A,0,No Deposit,9.0,0,Transient,100.3,0,1
City Hotel,0,147,2016,October,41,8,2,2,2,0.0,0,HB,ESP,Offline TA/TO,TA/TO,0,0,0,A,A,1,No Deposit,83.0,0,Transient,128.76,0,0
City Hotel,0,2,2016,October,42,11,0,1,2,0.0,0,SC,FRA,Online TA,TA/TO,0,0,0,A,A,0,No Deposit,152.0,0,Transient,92.98,0,0
City Hotel,0,11,2016,October,42,10,1,1,2,0.0,0,BB,ITA,Offline TA/TO,TA/TO,0,0,0,D,D,0,No Deposit,85.0,0,Transient,107.0,0,0
City Hotel,0,1,2016,October,42,11,0,1,2,0.0,0,BB,FRA,Direct,Direct,0,0,0,D,D,0,No Deposit,,0,Transient,153.0,0,2
City Hotel,0,27,2016,October,42,9,2,1,2,0.0,0,BB,FRA,Offline TA/TO,TA/TO,0,0,0,A,A,0,No Deposit,28.0,0,Transient,85.5,0,0
City Hotel,0,99,2016,October,41,8,2,2,2,0.0,0,BB,DEU,Online TA,TA/TO,0,0,0,A,A,1,No Deposit,9.0,0,Transient,118.0,0,1
City Hotel,0,124,2016,October,42,9,2,1,2,0.0,0,BB,DEU,Online TA,TA/TO,0,0,0,A,A,0,No Deposit,9.0,0,Transient,118.8,0,2
City Hotel,0,89,2016,October,41,8,2,2,2,0.0,0,BB,CHE,Online TA,TA/TO,0,0,0,B,B,1,No Deposit,9.0,0,Transient,108.0,0,3
City Hotel,0,24,2016,October,42,9,2,1,2,0.0,0,BB,ROU,Offline TA/TO,TA/TO,0,0,0,A,A,0,No Deposit,42.0,0,Transient,95.0,0,1
City Hotel,0,222,2016,October,42,12,0,4,2,0.0,0,BB,ROU,Offline TA/TO,TA/TO,0,0,0,A,A,0,No Deposit,85.0,0,Transient,80.75,0,1
City Hotel,0,124,2016,October,42,9,2,1,2,0.0,0,BB,DEU,Online TA,TA/TO,0,0,0,A,A,0,No Deposit,9.0,0,Transient,118.8,0,2
City Hotel,0,266,2016,October,41,7,2,3,2,0.0,0,BB,DEU,Offline TA/TO,TA/TO,0,0,0,A,A,0,No Deposit,16.0,0,Transient,80.75,0,0
City Hotel,0,13,2016,October,42,9,2,1,2,0.0,0,BB,CHE,Online TA,TA/TO,0,0,0,A,A,1,No Deposit,9.0,0,Transient,177.62,0,1
City Hotel,0,13,2016,October,42,9,2,1,2,0.0,0,BB,CHE,Online TA,TA/TO,0,0,0,A,A,1,No Deposit,9.0,0,Transient,177.62,0,1
City Hotel,0,28,2016,October,42,10,1,1,2,0.0,0,BB,CHE,Online TA,TA/TO,0,0,0,A,A,0,No Deposit,9.0,0,Transient,139.0,0,2
City Hotel,0,32,2016,October,42,9,2,1,2,0.0,0,BB,GBR,Offline TA/TO,TA/TO,0,0,0,A,A,0,No Deposit,28.0,0,Transient,85.5,0,0
City Hotel,0,30,2016,October,41,7,2,3,2,0.0,0,BB,ESP,Direct,Direct,0,0,0,D,D,0,No Deposit,14.0,0,Transient,164.13,1,1
City Hotel,0,23,2016,October,42,9,2,1,2,0.0,0,BB,FRA,Offline TA/TO,TA/TO,0,0,0,A,D,0,No Deposit,28.0,0,Transient,85.0,0,0
City Hotel,0,59,2016,October,42,9,2,1,2,0.0,0,BB,ISR,Offline TA/TO,TA/TO,0,0,0,A,F,0,No Deposit,138.0,0,Transient,80.75,0,0
City Hotel,0,95,2016,October,41,8,2,2,2,0.0,0,SC,MAR,Online TA,TA/TO,0,0,0,A,A,0,No Deposit,9.0,0,Transient,108.0,0,2
City Hotel,0,35,2016,October,42,9,2,1,2,0.0,0,BB,GBR,Online TA,TA/TO,0,0,0,A,A,0,No Deposit,9.0,0,Transient,138.0,0,3
City Hotel,0,25,2016,October,42,10,1,1,2,0.0,0,BB,PRT,Offline TA/TO,TA/TO,0,0,0,A,A,0,No Deposit,23.0,0,Transient,95.0,0,1
City Hotel,0,47,2016,October,42,9,2,1,2,0.0,0,BB,ISR,Online TA,TA/TO,0,0,0,D,D,0,No Deposit,9.0,0,Transient,139.5,0,2
City Hotel,0,60,2016,October,42,11,0,1,2,0.0,0,BB,IRL,Online TA,TA/TO,0,0,0,A,D,0,No Deposit,9.0,0,Transient,127.8,1,1
City Hotel,0,213,2016,October,41,5,2,5,2,0.0,0,BB,GBR,Online TA,TA/TO,0,0,0,A,A,0,No Deposit,9.0,0,Transient,102.85,0,1
City Hotel,0,2,2016,October,42,11,0,1,2,0.0,0,BB,PRT,Online TA,TA/TO,0,0,0,A,A,0,No Deposit,9.0,0,Transient,169.0,1,2
City Hotel,0,17,2016,October,42,9,2,1,2,0.0,0,SC,IRL,Offline TA/TO,TA/TO,0,0,0,A,E,0,No Deposit,22.0,0,Transient,85.0,0,0
City Hotel,0,124,2016,October,42,9,2,1,2,0.0,0,BB,DEU,Online TA,TA/TO,0,0,0,A,A,0,No Deposit,9.0,0,Transient,118.8,0,2
City Hotel,0,1,2016,October,42,10,1,1,2,0.0,0,BB,CHE,Direct,Direct,0,0,0,A,D,1,No Deposit,14.0,0,Transient,150.0,0,0
City Hotel,0,271,2016,October,41,5,2,5,2,0.0,0,BB,BRA,Direct,Direct,0,0,0,A,A,0,No Deposit,,0,Transient,90.1,0,4
City Hotel,0,25,2016,October,42,10,1,1,2,0.0,0,BB,PRT,Offline TA/TO,TA/TO,0,0,0,A,A,0,No Deposit,23.0,0,Transient,104.0,0,1
City Hotel,0,28,2016,October,41,7,2,4,2,0.0,0,BB,DEU,Online TA,TA/TO,0,0,0,D,D,0,No Deposit,9.0,0,Transient,164.5,0,2
City Hotel,0,105,2016,October,41,6,2,5,2,0.0,0,BB,BEL,Online TA,TA/TO,0,0,0,D,D,0,No Deposit,9.0,0,Transient,132.3,0,2
City Hotel,0,19,2016,October,42,10,1,2,2,0.0,0,BB,FRA,Direct,Direct,0,0,0,D,D,0,No Deposit,14.0,0,Transient,159.0,0,1
City Hotel,0,47,2016,October,42,11,0,2,2,0.0,0,BB,ISR,Online TA,TA/TO,0,0,0,A,D,0,No Deposit,9.0,0,Transient,135.0,1,0
City Hotel,0,0,2016,October,42,13,0,0,2,0.0,0,BB,PRT,Direct,Direct,1,0,0,F,K,0,No Deposit,14.0,0,Transient,0.0,0,0
City Hotel,0,19,2016,October,42,12,0,1,2,0.0,0,BB,FRA,Direct,Direct,0,0,0,E,E,0,No Deposit,14.0,0,Transient,184.0,0,0
City Hotel,0,13,2016,October,42,10,1,2,2,0.0,0,BB,USA,Corporate,Corporate,0,0,0,A,A,0,No Deposit,,0,Transient,159.0,0,0
City Hotel,0,209,2016,October,42,9,2,2,2,0.0,0,BB,BRA,Online TA,TA/TO,0,0,0,A,A,0,No Deposit,7.0,0,Transient,75.23,0,1
City Hotel,0,208,2016,October,42,9,2,2,2,0.0,0,BB,BRA,Online TA,TA/TO,0,0,0,A,A,0,No Deposit,7.0,0,Transient,75.23,0,1
City Hotel,0,84,2016,October,42,10,1,2,2,0.0,0,BB,ESP,Online TA,TA/TO,0,0,0,A,A,0,No Deposit,9.0,0,Transient,127.8,0,0
City Hotel,0,260,2016,October,41,7,2,4,2,0.0,0,BB,DEU,Online TA,TA/TO,0,0,0,A,A,0,No Deposit,9.0,0,Transient,100.3,0,2
City Hotel,0,279,2016,October,42,10,1,2,2,0.0,0,BB,DEU,Offline TA/TO,TA/TO,0,0,0,A,A,0,No Deposit,16.0,0,Transient-Party,80.75,0,1
City Hotel,0,279,2016,October,42,10,1,2,2,0.0,0,BB,DEU,Offline TA/TO,TA/TO,0,0,0,A,A,0,No Deposit,16.0,0,Transient-Party,80.75,0,1
City Hotel,0,279,2016,October,42,10,1,2,2,0.0,0,BB,DEU,Offline TA/TO,TA/TO,0,0,0,A,A,0,No Deposit,16.0,0,Transient-Party,80.75,0,1
City Hotel,0,36,2016,October,42,9,2,2,2,0.0,0,BB,CHE,Online TA,TA/TO,0,0,0,D,A,0,No Deposit,9.0,0,Transient,153.0,0,2
City Hotel,0,1,2016,October,42,11,0,2,2,0.0,0,SC,BEL,Online TA,TA/TO,0,0,0,A,D,2,No Deposit,9.0,0,Transient,140.0,0,0
City Hotel,0,187,2016,October,42,10,1,2,2,0.0,0,BB,CHE,Online TA,TA/TO,0,0,0,A,A,0,No Deposit,11.0,0,Transient,78.41,0,0
City Hotel,0,40,2016,October,42,10,1,2,2,0.0,0,BB,NLD,Offline TA/TO,TA/TO,0,0,0,A,A,0,No Deposit,85.0,0,Transient,85.5,0,0
City Hotel,0,126,2016,October,42,9,2,2,2,0.0,0,BB,ESP,Online TA,TA/TO,0,0,0,B,B,1,No Deposit,9.0,0,Transient,110.7,0,4
City Hotel,0,32,2016,October,41,7,2,4,2,0.0,0,BB,FRA,Direct,Direct,0,0,0,D,D,0,No Deposit,14.0,0,Transient,185.67,1,0
City Hotel,0,187,2016,October,42,10,1,2,2,0.0,0,BB,CHE,Online TA,TA/TO,0,0,0,A,A,0,No Deposit,11.0,0,Transient,78.41,0,0
City Hotel,0,25,2016,October,42,9,2,2,2,0.0,0,BB,FRA,Offline TA/TO,TA/TO,0,0,0,A,E,0,No Deposit,28.0,0,Transient,85.0,0,0
City Hotel,0,206,2016,October,41,6,2,5,2,0.0,0,BB,DEU,Online TA,TA/TO,0,0,0,A,A,0,No Deposit,9.0,0,Transient,102.85,0,1
City Hotel,0,43,2016,October,42,10,1,2,2,0.0,0,SC,PRT,Online TA,TA/TO,0,0,0,A,A,0,No Deposit,9.0,0,Transient,108.0,0,2
City Hotel,0,180,2016,October,42,10,1,2,2,0.0,0,BB,FRA,Offline TA/TO,TA/TO,0,0,0,C,A,1,No Deposit,234.0,0,Transient-Party,130.0,0,0
City Hotel,0,114,2016,October,42,13,0,2,2,0.0,0,BB,PRT,Offline TA/TO,TA/TO,0,0,0,C,A,1,No Deposit,234.0,0,Transient-Party,130.0,0,0
City Hotel,0,26,2016,October,42,9,2,2,2,0.0,0,BB,FRA,Offline TA/TO,TA/TO,0,0,0,A,B,0,No Deposit,28.0,0,Transient,85.0,0,0
City Hotel,0,0,2016,October,42,10,1,2,2,0.0,0,BB,PRT,Offline TA/TO,TA/TO,0,0,0,A,A,1,No Deposit,234.0,0,Transient-Party,90.0,0,2
City Hotel,0,21,2016,October,42,10,1,2,2,0.0,0,BB,GBR,Offline TA/TO,TA/TO,0,0,0,D,D,0,No Deposit,85.0,0,Transient,107.0,0,0
City Hotel,0,82,2016,October,42,9,2,2,2,0.0,0,BB,GBR,Offline TA/TO,TA/TO,0,0,0,D,D,0,No Deposit,83.0,0,Transient,99.96,0,0
City Hotel,0,279,2016,October,42,10,1,2,2,0.0,0,BB,DEU,Offline TA/TO,TA/TO,0,0,0,A,A,0,No Deposit,16.0,0,Transient-Party,80.75,0,1
City Hotel,0,81,2016,October,42,9,2,2,2,0.0,0,BB,IRL,Direct,Direct,0,0,0,D,D,0,No Deposit,14.0,0,Transient,121.55,0,0
City Hotel,0,17,2016,October,42,10,1,3,2,0.0,0,BB,FRA,Offline TA/TO,TA/TO,0,0,0,A,A,0,No Deposit,28.0,0,Transient,85.0,0,0
City Hotel,0,40,2016,October,42,13,0,1,2,0.0,0,SC,PRT,Online TA,TA/TO,0,0,0,A,A,0,No Deposit,7.0,0,Transient,83.16,0,1
City Hotel,0,6,2016,October,42,13,0,1,2,0.0,0,SC,PRT,Online TA,TA/TO,0,0,0,D,D,0,No Deposit,152.0,0,Transient,108.05,0,0
City Hotel,0,17,2016,October,42,9,2,3,2,0.0,0,BB,DEU,Offline TA/TO,TA/TO,0,0,0,A,A,0,No Deposit,138.0,0,Transient,95.0,0,1
City Hotel,0,82,2016,October,42,10,1,3,2,0.0,0,BB,IRL,Offline TA/TO,TA/TO,0,0,0,D,D,0,No Deposit,85.0,0,Transient,90.95,0,1
City Hotel,0,176,2016,October,42,11,0,3,2,0.0,0,BB,GBR,Offline TA/TO,TA/TO,0,0,0,A,D,0,No Deposit,85.0,0,Transient,80.75,0,0
City Hotel,0,41,2016,October,42,11,0,3,2,0.0,0,BB,PRT,Online TA,TA/TO,0,0,0,D,D,0,No Deposit,9.0,0,Transient,151.5,0,3
City Hotel,0,194,2016,October,41,8,2,4,2,0.0,0,SC,DEU,Online TA,TA/TO,0,0,0,A,A,0,No Deposit,9.0,0,Transient,105.6,0,1
City Hotel,0,1,2016,October,42,12,0,2,2,0.0,0,SC,USA,Online TA,TA/TO,0,0,0,A,A,0,No Deposit,7.0,0,Transient,100.1,0,1
City Hotel,0,1,2016,October,42,13,0,1,2,0.0,0,SC,ESP,Online TA,TA/TO,0,0,0,A,A,0,No Deposit,9.0,0,Transient,120.0,0,2
City Hotel,0,91,2016,October,42,12,0,2,2,0.0,0,BB,GBR,Online TA,TA/TO,0,0,0,A,A,1,No Deposit,9.0,0,Transient,113.4,0,0
City Hotel,0,22,2016,October,42,11,0,3,2,0.0,0,BB,GBR,Offline TA/TO,TA/TO,0,0,0,A,D,0,No Deposit,138.0,0,Transient,95.0,0,0
City Hotel,0,0,2016,October,42,12,0,2,2,0.0,0,BB,GBR,Online TA,TA/TO,0,0,0,D,A,0,No Deposit,9.0,0,Transient,139.5,0,1
City Hotel,0,268,2016,October,42,9,2,3,2,0.0,0,BB,DEU,Offline TA/TO,TA/TO,0,0,0,A,E,1,No Deposit,27.0,0,Transient-Party,80.75,0,0
City Hotel,0,48,2016,October,42,11,0,3,2,0.0,0,BB,AUT,Online TA,TA/TO,0,0,0,D,D,0,No Deposit,9.0,0,Transient,139.5,0,1
City Hotel,0,49,2016,October,42,12,0,2,2,0.0,0,BB,BEL,Online TA,TA/TO,0,0,0,D,D,0,No Deposit,9.0,0,Transient,139.5,0,4
City Hotel,0,24,2016,October,42,11,0,3,2,0.0,0,BB,DEU,Direct,Direct,0,0,0,D,D,0,No Deposit,14.0,0,Transient,160.0,0,0
City Hotel,0,268,2016,October,42,9,2,3,2,0.0,0,BB,DEU,Offline TA/TO,TA/TO,0,0,0,A,A,2,No Deposit,27.0,0,Transient-Party,80.75,0,0
City Hotel,0,97,2016,October,42,12,0,2,2,0.0,0,BB,CN,Online TA,TA/TO,0,0,0,A,A,0,No Deposit,9.0,0,Transient,118.8,0,1
City Hotel,0,268,2016,October,42,9,2,3,2,0.0,0,BB,DEU,Offline TA/TO,TA/TO,0,0,0,A,A,0,No Deposit,27.0,0,Transient-Party,80.75,0,0
City Hotel,0,47,2016,October,42,11,0,3,2,0.0,0,SC,GBR,Online TA,TA/TO,0,0,0,A,A,0,No Deposit,9.0,0,Transient,108.0,0,0
City Hotel,0,268,2016,October,42,9,2,3,2,0.0,0,BB,DEU,Offline TA/TO,TA/TO,0,0,0,A,A,2,No Deposit,27.0,0,Transient-Party,80.75,0,0
City Hotel,0,0,2016,October,42,13,0,1,2,0.0,0,SC,PRT,Online TA,TA/TO,0,0,0,A,A,0,No Deposit,9.0,0,Transient,120.0,0,0
City Hotel,0,268,2016,October,42,9,2,3,2,0.0,0,BB,LCA,Offline TA/TO,TA/TO,0,0,0,A,A,0,No Deposit,27.0,0,Transient-Party,80.75,0,0
City Hotel,0,268,2016,October,42,9,2,3,2,0.0,0,BB,DEU,Offline TA/TO,TA/TO,0,0,0,A,A,1,No Deposit,27.0,0,Transient-Party,80.75,0,0
City Hotel,0,98,2016,October,42,10,1,3,2,0.0,0,BB,CHE,Online TA,TA/TO,0,0,0,D,D,0,No Deposit,9.0,0,Transient,132.3,0,1
City Hotel,0,185,2016,October,42,10,1,3,2,0.0,0,BB,NLD,Online TA,TA/TO,0,0,0,A,A,0,No Deposit,9.0,0,Transient,113.4,0,2
City Hotel,0,185,2016,October,42,10,1,3,2,0.0,0,BB,NLD,Online TA,TA/TO,0,0,0,A,A,0,No Deposit,9.0,0,Transient,113.4,0,2
City Hotel,0,185,2016,October,42,10,1,3,2,0.0,0,BB,NLD,Online TA,TA/TO,0,0,0,A,A,0,No Deposit,9.0,0,Transient,113.4,0,2
City Hotel,0,24,2016,October,42,10,1,3,2,0.0,0,HB,ESP,Offline TA/TO,TA/TO,0,0,0,A,A,0,No Deposit,28.0,0,Transient,115.0,0,0
City Hotel,0,18,2016,October,42,10,1,3,2,0.0,0,BB,FRA,Offline TA/TO,TA/TO,0,0,0,A,A,0,No Deposit,28.0,0,Transient,85.0,0,0
City Hotel,0,21,2016,October,42,10,1,3,2,0.0,0,BB,NLD,Online TA,TA/TO,0,0,0,D,D,0,No Deposit,9.0,0,Transient,164.0,0,2
City Hotel,0,0,2016,October,42,13,0,1,2,0.0,0,SC,PRT,Online TA,TA/TO,0,0,0,A,A,0,No Deposit,9.0,0,Transient,120.0,0,0
City Hotel,0,0,2016,October,42,13,0,1,2,0.0,0,BB,PRT,Direct,Direct,0,0,0,F,F,0,No Deposit,,0,Transient,140.0,0,0
City Hotel,0,2,2016,October,42,10,1,3,2,0.0,0,BB,CHE,Online TA,TA/TO,0,0,0,D,A,0,No Deposit,9.0,0,Transient,175.0,0,0
City Hotel,0,112,2016,October,42,10,1,3,2,0.0,0,BB,DEU,Offline TA/TO,TA/TO,0,0,0,A,A,0,No Deposit,85.0,0,Transient,80.75,0,0
City Hotel,0,0,2016,October,42,12,0,2,2,0.0,0,SC,PRT,Online TA,TA/TO,0,0,0,A,A,0,No Deposit,9.0,0,Transient,130.0,0,1
City Hotel,0,17,2016,October,42,9,2,3,2,0.0,0,BB,DEU,Offline TA/TO,TA/TO,0,0,0,A,A,0,No Deposit,138.0,0,Transient,95.0,0,1
City Hotel,0,77,2016,October,42,10,1,3,2,0.0,0,BB,FRA,Offline TA/TO,TA/TO,0,0,0,D,D,0,No Deposit,83.0,0,Transient,99.96,0,0
City Hotel,0,0,2016,October,42,13,0,1,2,0.0,0,BB,RUS,Online TA,TA/TO,0,0,0,D,D,0,No Deposit,9.0,0,Transient,155.0,0,1
City Hotel,0,44,2016,October,42,11,0,3,2,0.0,0,BB,GBR,Online TA,TA/TO,0,0,0,A,D,0,No Deposit,9.0,0,Transient,126.0,0,1
City Hotel,0,38,2016,October,42,11,0,3,2,0.0,0,BB,CHE,Online TA,TA/TO,0,0,0,D,D,0,No Deposit,7.0,0,Transient,116.65,0,1
City Hotel,0,2,2016,October,42,13,0,1,2,0.0,0,BB,BRA,Offline TA/TO,TA/TO,0,0,0,A,A,0,No Deposit,28.0,0,Transient,95.0,0,0
City Hotel,0,23,2016,October,41,7,2,5,2,0.0,0,BB,ESP,Offline TA/TO,TA/TO,0,0,0,A,D,0,No Deposit,28.0,0,Transient,94.0,0,0
City Hotel,0,45,2016,October,42,11,0,3,2,0.0,0,SC,SWE,Online TA,TA/TO,0,0,0,A,D,0,No Deposit,9.0,0,Transient,108.0,0,1
City Hotel,0,43,2016,October,42,12,0,2,2,0.0,0,BB,BRA,Online TA,TA/TO,0,0,0,D,D,1,No Deposit,9.0,0,Transient,139.5,0,2
City Hotel,0,1,2016,October,42,13,0,1,2,0.0,0,SC,ESP,Online TA,TA/TO,0,0,0,A,A,0,No Deposit,9.0,0,Transient,120.0,0,2
City Hotel,0,22,2016,October,42,11,0,3,2,0.0,0,BB,GBR,Offline TA/TO,TA/TO,0,0,0,A,D,0,No Deposit,138.0,0,Transient,95.0,0,0
City Hotel,0,20,2016,October,42,12,0,2,2,0.0,0,BB,IRL,Direct,Direct,0,0,0,D,D,0,No Deposit,14.0,0,Transient,169.0,0,1
City Hotel,0,0,2016,October,42,14,0,0,2,0.0,0,SC,PRT,Offline TA/TO,TA/TO,1,0,0,A,K,0,No Deposit,28.0,0,Transient,0.0,0,0
City Hotel,0,2,2016,October,42,12,0,3,2,0.0,0,BB,ESP,Direct,Direct,0,0,0,D,D,0,No Deposit,14.0,0,Transient,163.33,0,0
City Hotel,0,105,2016,October,42,12,0,3,2,0.0,0,BB,PRT,Offline TA/TO,TA/TO,0,0,0,A,A,0,No Deposit,132.0,0,Transient-Party,75.0,0,0
City Hotel,0,105,2016,October,42,12,0,3,2,0.0,0,BB,PRT,Offline TA/TO,TA/TO,0,0,0,A,A,0,No Deposit,132.0,0,Transient-Party,75.0,0,0
City Hotel,0,105,2016,October,42,12,0,3,2,0.0,0,BB,PRT,Offline TA/TO,TA/TO,0,0,0,A,A,0,No Deposit,132.0,0,Transient-Party,75.0,0,0
City Hotel,0,105,2016,October,42,12,0,3,2,0.0,0,BB,PRT,Offline TA/TO,TA/TO,0,0,0,A,A,0,No Deposit,132.0,0,Transient-Party,75.0,0,0
City Hotel,0,105,2016,October,42,12,0,3,2,0.0,0,BB,PRT,Offline TA/TO,TA/TO,0,0,0,A,A,0,No Deposit,132.0,0,Transient-Party,75.0,0,0
City Hotel,0,105,2016,October,42,12,0,3,2,0.0,0,BB,PRT,Offline TA/TO,TA/TO,0,0,0,A,A,0,No Deposit,132.0,0,Transient-Party,75.0,0,0
City Hotel,0,105,2016,October,42,12,0,3,2,0.0,0,BB,PRT,Offline TA/TO,TA/TO,0,0,0,A,A,0,No Deposit,132.0,0,Transient-Party,75.0,0,0
City Hotel,0,105,2016,October,42,12,0,3,2,0.0,0,BB,PRT,Offline TA/TO,TA/TO,0,0,0,A,A,1,No Deposit,132.0,0,Transient-Party,37.5,0,0
City Hotel,0,105,2016,October,42,12,0,3,2,0.0,0,BB,DEU,Offline TA/TO,TA/TO,0,0,0,A,A,0,No Deposit,132.0,0,Transient-Party,75.0,0,0
City Hotel,0,105,2016,October,42,12,0,3,2,0.0,0,BB,PRT,Offline TA/TO,TA/TO,0,0,0,A,A,0,No Deposit,132.0,0,Transient-Party,75.0,0,0
City Hotel,0,105,2016,October,42,12,0,3,2,0.0,0,BB,PRT,Offline TA/TO,TA/TO,0,0,0,A,A,0,No Deposit,132.0,0,Transient-Party,75.0,0,0
City Hotel,0,105,2016,October,42,12,0,3,2,0.0,0,BB,PRT,Offline TA/TO,TA/TO,0,0,0,A,A,0,No Deposit,132.0,0,Transient-Party,75.0,0,0
City Hotel,0,0,2016,October,42,12,0,3,2,0.0,0,BB,PRT,Offline TA/TO,TA/TO,0,0,0,A,C,1,No Deposit,132.0,0,Transient-Party,70.0,0,0
City Hotel,0,34,2016,October,42,13,0,2,2,0.0,0,BB,GBR,Direct,Direct,0,0,0,E,E,2,No Deposit,14.0,0,Transient,175.5,0,0
City Hotel,0,1,2016,October,42,13,0,2,2,0.0,0,HB,PRT,Direct,Direct,0,0,0,A,A,1,No Deposit,14.0,0,Transient,102.6,0,4
City Hotel,0,0,2016,October,42,15,0,0,2,0.0,0,BB,ARE,Direct,Direct,1,0,0,D,D,1,No Deposit,,0,Transient,0.0,0,0
City Hotel,0,53,2016,October,42,14,0,1,2,0.0,0,BB,PRT,Offline TA/TO,TA/TO,0,0,0,A,D,1,No Deposit,77.0,0,Transient-Party,120.0,0,0
City Hotel,0,5,2016,October,42,13,0,2,2,0.0,0,BB,USA,Online TA,TA/TO,0,0,0,G,G,0,No Deposit,7.0,0,Transient,215.6,0,1
City Hotel,0,4,2016,October,42,12,0,4,2,0.0,0,BB,GBR,Online TA,TA/TO,0,0,0,D,D,0,No Deposit,7.0,0,Transient,128.01,0,1
City Hotel,0,255,2016,October,42,12,0,4,2,0.0,0,SC,NOR,Online TA,TA/TO,0,0,0,A,A,0,No Deposit,7.0,0,Transient,84.43,0,1
City Hotel,0,254,2016,October,42,12,0,4,2,0.0,0,BB,NOR,Online TA,TA/TO,0,0,0,A,A,0,No Deposit,7.0,0,Transient,92.28,0,1
City Hotel,0,255,2016,October,42,13,0,3,2,0.0,0,BB,NOR,Direct,Direct,0,0,0,D,D,0,No Deposit,14.0,0,Transient,135.0,0,0
City Hotel,0,99,2016,October,42,12,0,4,2,0.0,0,BB,USA,Direct,Direct,0,0,0,E,E,2,No Deposit,14.0,0,Transient,152.78,0,0
City Hotel,0,261,2016,October,42,13,0,3,2,0.0,0,BB,GBR,Offline TA/TO,TA/TO,0,0,0,D,D,0,No Deposit,22.0,0,Transient-Party,90.95,0,2
City Hotel,0,377,2016,October,42,14,0,2,2,0.0,0,HB,DEU,Offline TA/TO,TA/TO,0,0,0,A,B,0,No Deposit,6.0,0,Transient-Party,115.0,0,1
City Hotel,0,377,2016,October,42,14,0,2,2,0.0,0,HB,DEU,Offline TA/TO,TA/TO,0,0,0,A,A,0,No Deposit,6.0,0,Transient-Party,115.0,0,1
City Hotel,0,261,2016,October,42,13,0,3,2,0.0,0,BB,GBR,Offline TA/TO,TA/TO,0,0,0,D,D,0,No Deposit,22.0,0,Transient-Party,90.95,0,2
City Hotel,0,377,2016,October,42,14,0,2,2,0.0,0,HB,DEU,Offline TA/TO,TA/TO,0,0,0,A,A,0,No Deposit,6.0,0,Transient-Party,115.0,0,1
City Hotel,0,335,2016,October,42,13,0,3,2,0.0,0,BB,FRA,Offline TA/TO,TA/TO,0,0,0,A,A,1,No Deposit,56.0,0,Transient-Party,90.0,0,1
City Hotel,0,377,2016,October,42,14,0,2,2,0.0,0,HB,DEU,Offline TA/TO,TA/TO,0,0,0,A,A,0,No Deposit,6.0,0,Transient-Party,115.0,0,1
City Hotel,0,377,2016,October,42,14,0,2,2,0.0,0,HB,DEU,Offline TA/TO,TA/TO,0,0,0,A,A,0,No Deposit,6.0,0,Transient-Party,115.0,0,1
City Hotel,0,377,2016,October,42,14,0,2,2,0.0,0,HB,DEU,Offline TA/TO,TA/TO,0,0,0,A,A,0,No Deposit,6.0,0,Transient-Party,115.0,0,1
City Hotel,0,377,2016,October,42,14,0,2,2,0.0,0,HB,DEU,Offline TA/TO,TA/TO,0,0,0,A,D,0,No Deposit,6.0,0,Transient-Party,115.0,0,1
City Hotel,0,377,2016,October,42,14,0,2,2,0.0,0,HB,DEU,Offline TA/TO,TA/TO,0,0,0,A,A,0,No Deposit,6.0,0,Transient-Party,115.0,0,1
City Hotel,0,120,2016,October,42,13,0,3,2,0.0,0,BB,SWE,Online TA,TA/TO,0,0,0,D,D,0,No Deposit,9.0,0,Transient,132.3,0,2
City Hotel,0,377,2016,October,42,14,0,2,2,0.0,0,HB,DEU,Offline TA/TO,TA/TO,0,0,0,A,A,0,No Deposit,6.0,0,Transient-Party,115.0,0,1
City Hotel,0,377,2016,October,42,14,0,2,2,0.0,0,HB,DEU,Offline TA/TO,TA/TO,0,0,0,A,A,0,No Deposit,6.0,0,Transient-Party,115.0,0,1
City Hotel,0,377,2016,October,42,14,0,2,2,0.0,0,HB,DEU,Offline TA/TO,TA/TO,0,0,0,A,A,0,No Deposit,6.0,0,Transient-Party,115.0,0,1
City Hotel,0,377,2016,October,42,14,0,2,2,0.0,0,HB,DEU,Offline TA/TO,TA/TO,0,0,0,A,A,0,No Deposit,6.0,0,Transient-Party,115.0,0,1
City Hotel,0,377,2016,October,42,14,0,2,2,0.0,0,HB,DEU,Offline TA/TO,TA/TO,0,0,0,A,A,0,No Deposit,6.0,0,Transient-Party,115.0,0,1
City Hotel,0,377,2016,October,42,14,0,2,2,0.0,0,HB,DEU,Offline TA/TO,TA/TO,0,0,0,A,A,0,No Deposit,6.0,0,Transient-Party,115.0,0,1
City Hotel,0,377,2016,October,42,14,0,2,2,0.0,0,HB,DEU,Offline TA/TO,TA/TO,0,0,0,A,A,0,No Deposit,6.0,0,Transient-Party,115.0,0,1
City Hotel,0,40,2016,October,42,14,1,2,2,0.0,0,BB,BEL,Online TA,TA/TO,0,0,0,D,D,2,No Deposit,9.0,0,Transient,145.2,0,2
City Hotel,0,377,2016,October,42,14,0,2,2,0.0,0,HB,DEU,Offline TA/TO,TA/TO,0,0,0,A,A,0,No Deposit,6.0,0,Transient-Party,115.0,0,1
City Hotel,0,377,2016,October,42,14,0,2,2,0.0,0,HB,DEU,Offline TA/TO,TA/TO,0,0,0,A,A,0,No Deposit,6.0,0,Transient-Party,115.0,0,1
City Hotel,0,377,2016,October,42,14,0,2,2,0.0,0,HB,DEU,Offline TA/TO,TA/TO,0,0,0,A,A,0,No Deposit,6.0,0,Transient-Party,112.0,0,1
City Hotel,0,377,2016,October,42,14,0,2,2,0.0,0,HB,DEU,Offline TA/TO,TA/TO,0,0,0,A,A,0,No Deposit,6.0,0,Transient-Party,115.0,0,1
City Hotel,0,377,2016,October,42,14,0,2,2,0.0,0,HB,DEU,Offline TA/TO,TA/TO,0,0,0,A,A,0,No Deposit,6.0,0,Transient-Party,115.0,0,1
City Hotel,0,377,2016,October,42,14,0,2,2,0.0,0,HB,DEU,Offline TA/TO,TA/TO,0,0,0,A,A,0,No Deposit,6.0,0,Transient-Party,115.0,0,1
City Hotel,0,0,2016,October,42,15,0,1,2,0.0,0,BB,PRT,Online TA,TA/TO,0,0,0,A,A,0,No Deposit,7.0,0,Transient,117.05,0,1
City Hotel,0,96,2016,October,42,13,0,3,2,0.0,0,BB,ARG,Online TA,TA/TO,0,0,0,F,F,1,No Deposit,9.0,0,Transient,190.8,0,2
City Hotel,0,377,2016,October,42,14,0,2,2,0.0,0,HB,DEU,Offline TA/TO,TA/TO,0,0,0,A,A,0,No Deposit,6.0,0,Transient-Party,115.0,0,1
City Hotel,0,3,2016,October,42,12,0,4,2,0.0,0,BB,CHE,Online TA,TA/TO,0,0,0,D,D,0,No Deposit,9.0,0,Transient,175.0,0,3
City Hotel,0,377,2016,October,42,14,0,2,2,0.0,0,HB,DEU,Offline TA/TO,TA/TO,0,0,0,A,B,0,No Deposit,6.0,0,Transient-Party,115.0,0,1
City Hotel,0,377,2016,October,42,14,0,2,2,0.0,0,HB,DEU,Offline TA/TO,TA/TO,0,0,0,A,A,0,No Deposit,6.0,0,Transient-Party,115.0,0,1
City Hotel,0,377,2016,October,42,14,0,2,2,0.0,0,HB,DEU,Offline TA/TO,TA/TO,0,0,0,A,A,0,No Deposit,6.0,0,Transient-Party,115.0,0,1
City Hotel,0,377,2016,October,42,14,0,2,2,0.0,0,HB,DEU,Offline TA/TO,TA/TO,0,0,0,A,A,0,No Deposit,6.0,0,Transient-Party,115.0,0,1
City Hotel,0,377,2016,October,42,14,0,2,2,0.0,0,HB,DEU,Offline TA/TO,TA/TO,0,0,0,A,A,0,No Deposit,6.0,0,Transient-Party,115.0,0,1
City Hotel,0,377,2016,October,42,14,0,2,2,0.0,0,HB,DEU,Offline TA/TO,TA/TO,0,0,0,A,A,0,No Deposit,6.0,0,Transient-Party,115.0,0,1
City Hotel,0,377,2016,October,42,14,0,2,2,0.0,0,HB,DEU,Offline TA/TO,TA/TO,0,0,0,A,A,0,No Deposit,6.0,0,Transient-Party,115.0,0,1
City Hotel,0,377,2016,October,42,14,0,2,2,0.0,0,HB,DEU,Offline TA/TO,TA/TO,0,0,0,A,A,0,No Deposit,6.0,0,Transient-Party,115.0,0,1
City Hotel,0,377,2016,October,42,14,0,2,2,0.0,0,HB,DEU,Offline TA/TO,TA/TO,0,0,0,A,A,0,No Deposit,6.0,0,Transient-Party,115.0,0,1
City Hotel,0,377,2016,October,42,14,0,2,2,0.0,0,HB,DEU,Offline TA/TO,TA/TO,0,0,0,A,A,0,No Deposit,6.0,0,Transient-Party,115.0,0,1
City Hotel,0,377,2016,October,42,14,0,2,2,0.0,0,HB,DEU,Offline TA/TO,TA/TO,0,0,0,A,A,0,No Deposit,6.0,0,Transient-Party,115.0,0,1
City Hotel,0,377,2016,October,42,14,0,2,2,0.0,0,HB,DEU,Offline TA/TO,TA/TO,0,0,0,A,A,0,No Deposit,6.0,0,Transient-Party,115.0,0,1
City Hotel,0,377,2016,October,42,14,0,2,2,0.0,0,HB,DEU,Offline TA/TO,TA/TO,0,0,0,A,A,0,No Deposit,6.0,0,Transient-Party,115.0,0,1
City Hotel,0,110,2016,October,42,14,0,2,2,0.0,0,BB,GBR,Online TA,TA/TO,0,0,0,F,F,0,No Deposit,8.0,0,Transient-Party,190.8,0,1
City Hotel,0,377,2016,October,42,14,0,2,2,0.0,0,HB,DEU,Offline TA/TO,TA/TO,0,0,0,A,A,0,No Deposit,6.0,0,Transient-Party,115.0,0,1
City Hotel,0,377,2016,October,42,14,0,2,2,0.0,0,HB,DEU,Offline TA/TO,TA/TO,0,0,0,A,A,0,No Deposit,6.0,0,Transient-Party,115.0,0,1
City Hotel,0,377,2016,October,42,14,0,2,2,0.0,0,HB,DEU,Offline TA/TO,TA/TO,0,0,0,A,A,0,No Deposit,6.0,0,Transient-Party,115.0,0,1
City Hotel,0,377,2016,October,42,14,0,2,2,0.0,0,HB,DEU,Offline TA/TO,TA/TO,0,0,0,A,A,0,No Deposit,6.0,0,Transient-Party,115.0,0,1
City Hotel,0,377,2016,October,42,14,0,2,2,0.0,0,HB,DEU,Offline TA/TO,TA/TO,0,0,0,A,A,0,No Deposit,6.0,0,Transient-Party,115.0,0,1
City Hotel,0,110,2016,October,42,14,0,2,2,0.0,0,BB,GBR,Online TA,TA/TO,0,0,0,F,F,0,No Deposit,8.0,0,Transient-Party,190.8,0,2
City Hotel,0,377,2016,October,42,14,0,2,2,0.0,0,HB,DEU,Offline TA/TO,TA/TO,0,0,0,A,A,0,No Deposit,6.0,0,Transient-Party,115.0,0,1
City Hotel,0,2,2016,October,42,15,0,1,2,0.0,0,SC,PRT,Online TA,TA/TO,0,0,0,A,A,0,No Deposit,9.0,0,Transient,149.0,1,1
City Hotel,0,377,2016,October,42,14,0,2,2,0.0,0,HB,DEU,Offline TA/TO,TA/TO,0,0,0,A,B,0,No Deposit,6.0,0,Transient-Party,115.0,0,1
City Hotel,0,377,2016,October,42,14,0,2,2,0.0,0,HB,DEU,Offline TA/TO,TA/TO,0,0,0,A,A,0,No Deposit,6.0,0,Transient-Party,115.0,0,1
City Hotel,0,35,2016,October,42,12,0,4,2,0.0,0,BB,BRA,Online TA,TA/TO,0,0,0,D,D,0,No Deposit,9.0,0,Transient,170.0,0,2
City Hotel,0,377,2016,October,42,14,0,2,2,0.0,0,HB,DEU,Offline TA/TO,TA/TO,0,0,0,A,A,0,No Deposit,6.0,0,Transient-Party,115.0,0,1
City Hotel,0,377,2016,October,42,14,0,2,2,0.0,0,HB,DEU,Offline TA/TO,TA/TO,0,0,0,A,A,2,No Deposit,6.0,0,Transient-Party,115.0,0,1
City Hotel,0,377,2016,October,42,14,0,2,2,0.0,0,HB,DEU,Offline TA/TO,TA/TO,0,0,0,A,A,0,No Deposit,6.0,0,Transient-Party,115.0,0,1
City Hotel,0,377,2016,October,42,14,0,2,2,0.0,0,HB,DEU,Offline TA/TO,TA/TO,0,0,0,A,A,0,No Deposit,6.0,0,Transient-Party,115.0,0,1
City Hotel,0,335,2016,October,42,13,0,3,2,0.0,0,BB,FRA,Offline TA/TO,TA/TO,0,0,0,A,A,1,No Deposit,56.0,0,Transient-Party,90.0,0,1
City Hotel,0,377,2016,October,42,14,0,2,2,0.0,0,HB,DEU,Offline TA/TO,TA/TO,0,0,0,A,B,0,No Deposit,6.0,0,Transient-Party,115.0,0,1
City Hotel,0,377,2016,October,42,14,0,2,2,0.0,0,HB,DEU,Offline TA/TO,TA/TO,0,0,0,A,A,0,No Deposit,6.0,0,Transient-Party,115.0,0,1
City Hotel,0,377,2016,October,42,14,0,2,2,0.0,0,HB,DEU,Offline TA/TO,TA/TO,0,0,0,A,A,0,No Deposit,6.0,0,Transient-Party,115.0,0,1
City Hotel,0,377,2016,October,42,14,0,2,2,0.0,0,HB,DEU,Offline TA/TO,TA/TO,0,0,0,A,A,0,No Deposit,6.0,0,Transient-Party,115.0,0,1
City Hotel,0,377,2016,October,42,14,0,2,2,0.0,0,HB,DEU,Offline TA/TO,TA/TO,0,0,0,A,A,0,No Deposit,6.0,0,Transient-Party,115.0,0,1
City Hotel,0,377,2016,October,42,14,0,2,2,0.0,0,HB,DEU,Offline TA/TO,TA/TO,0,0,0,A,A,0,No Deposit,6.0,0,Transient-Party,115.0,0,1
City Hotel,0,377,2016,October,42,14,0,2,2,0.0,0,HB,DEU,Offline TA/TO,TA/TO,0,0,0,A,A,0,No Deposit,6.0,0,Transient-Party,115.0,0,1
City Hotel,0,55,2016,October,42,13,0,3,2,0.0,0,BB,DEU,Online TA,TA/TO,0,0,0,D,D,0,No Deposit,7.0,0,Transient,102.04,0,4
City Hotel,0,55,2016,October,42,13,0,3,2,0.0,0,BB,DEU,Online TA,TA/TO,0,0,0,D,D,0,No Deposit,7.0,0,Transient,102.04,0,4
City Hotel,0,377,2016,October,42,14,0,2,2,0.0,0,HB,DEU,Offline TA/TO,TA/TO,0,0,0,A,A,0,No Deposit,6.0,0,Transient-Party,115.0,0,1
City Hotel,0,377,2016,October,42,14,0,2,2,0.0,0,HB,DEU,Offline TA/TO,TA/TO,0,0,0,A,A,0,No Deposit,6.0,0,Transient-Party,115.0,0,1
City Hotel,0,377,2016,October,42,14,0,2,2,0.0,0,HB,DEU,Offline TA/TO,TA/TO,0,0,0,A,A,0,No Deposit,6.0,0,Transient-Party,115.0,0,1
City Hotel,0,5,2016,October,42,14,0,2,2,0.0,0,BB,DEU,Online TA,TA/TO,0,0,0,D,D,0,No Deposit,9.0,0,Transient,175.0,0,2
City Hotel,0,335,2016,October,42,13,0,3,2,0.0,0,BB,FRA,Offline TA/TO,TA/TO,0,0,0,A,A,1,No Deposit,56.0,0,Transient-Party,90.0,0,1
City Hotel,0,377,2016,October,42,14,0,2,2,0.0,0,HB,DEU,Offline TA/TO,TA/TO,0,0,0,A,A,0,No Deposit,6.0,0,Transient-Party,115.0,0,1
City Hotel,0,100,2016,October,42,13,0,3,2,0.0,0,BB,USA,Direct,Direct,0,0,0,E,F,4,No Deposit,14.0,0,Transient,152.46,0,0
City Hotel,0,335,2016,October,42,13,0,3,2,0.0,0,BB,FRA,Offline TA/TO,TA/TO,0,0,0,A,A,1,No Deposit,56.0,0,Transient-Party,90.0,0,2
City Hotel,0,31,2016,October,42,15,1,1,2,0.0,0,BB,FRA,Offline TA/TO,TA/TO,0,0,0,A,A,0,No Deposit,28.0,0,Transient,85.0,0,0
City Hotel,0,53,2016,October,41,8,3,6,2,0.0,0,BB,USA,Direct,Direct,0,0,0,G,G,0,No Deposit,14.0,0,Transient,223.2,0,1
City Hotel,0,0,2016,October,42,13,1,3,2,0.0,0,BB,USA,Direct,Direct,0,0,0,F,F,0,No Deposit,14.0,0,Transient,12.0,0,0
City Hotel,0,335,2016,October,42,13,1,3,2,0.0,0,BB,FRA,Offline TA/TO,TA/TO,0,0,0,A,A,2,No Deposit,56.0,0,Transient-Party,90.0,0,1
City Hotel,0,26,2016,October,42,15,1,1,2,0.0,0,BB,FRA,Online TA,TA/TO,0,0,0,D,D,0,No Deposit,9.0,0,Transient,159.0,0,2
City Hotel,0,31,2016,October,42,14,1,2,2,0.0,0,BB,FRA,Offline TA/TO,TA/TO,0,0,0,A,D,0,No Deposit,28.0,0,Transient,85.0,0,0
City Hotel,0,32,2016,October,42,15,1,1,2,0.0,0,BB,FRA,Offline TA/TO,TA/TO,0,0,0,A,A,0,No Deposit,28.0,0,Transient,85.0,0,0
City Hotel,0,53,2016,October,42,15,1,1,2,0.0,0,BB,PRT,Online TA,TA/TO,0,0,0,D,E,1,No Deposit,9.0,0,Transient,183.5,1,1
City Hotel,0,31,2016,October,42,14,1,2,2,0.0,0,BB,FRA,Offline TA/TO,TA/TO,0,0,0,A,D,0,No Deposit,28.0,0,Transient,85.0,0,0
City Hotel,0,44,2016,October,43,16,1,0,2,0.0,0,SC,BRA,Online TA,TA/TO,0,0,0,A,A,0,No Deposit,9.0,0,Transient,89.1,0,2
City Hotel,0,32,2016,October,42,15,1,1,2,0.0,0,BB,FRA,Offline TA/TO,TA/TO,0,0,0,A,A,0,No Deposit,28.0,0,Transient,85.0,0,0
City Hotel,0,10,2016,October,42,14,1,2,2,0.0,0,BB,PRT,Offline TA/TO,TA/TO,0,0,0,A,D,2,No Deposit,39.0,0,Transient-Party,129.0,0,0
City Hotel,0,29,2016,October,43,16,1,0,2,0.0,0,SC,ITA,Online TA,TA/TO,0,0,0,A,A,0,No Deposit,9.0,0,Transient,119.0,0,1
City Hotel,0,12,2016,October,43,16,1,0,2,0.0,0,BB,FRA,Online TA,TA/TO,0,0,0,A,A,0,No Deposit,9.0,0,Transient,160.0,0,1
City Hotel,0,64,2016,October,42,14,1,2,2,0.0,0,BB,GBR,Online TA,TA/TO,0,0,0,D,E,0,No Deposit,9.0,0,Transient,132.3,0,1
City Hotel,0,177,2016,October,42,14,1,2,2,0.0,0,BB,PRT,Offline TA/TO,TA/TO,0,0,0,A,A,0,No Deposit,85.0,0,Transient,80.75,0,0
City Hotel,0,50,2016,October,43,17,1,0,2,0.0,0,SC,USA,Online TA,TA/TO,0,0,0,A,A,0,No Deposit,8.0,0,Transient,108.0,0,1
City Hotel,0,31,2016,October,42,15,2,1,2,0.0,0,BB,FRA,Offline TA/TO,TA/TO,0,0,0,A,A,0,No Deposit,28.0,0,Transient,85.0,0,0
City Hotel,0,38,2016,October,42,15,2,1,2,0.0,0,BB,FRA,Online TA,TA/TO,0,0,0,D,D,0,No Deposit,7.0,0,Transient,111.8,0,1
City Hotel,0,3,2016,October,43,16,2,0,2,0.0,0,BB,ESP,Online TA,TA/TO,0,0,0,A,A,0,No Deposit,83.0,0,Transient,120.0,0,0
City Hotel,0,252,2016,October,42,15,2,1,2,0.0,0,BB,DEU,Online TA,TA/TO,0,0,0,A,A,5,No Deposit,9.0,0,Transient,106.3,0,0
City Hotel,0,246,2016,October,42,13,2,3,2,0.0,0,BB,DEU,Online TA,TA/TO,0,0,0,A,A,0,No Deposit,9.0,0,Transient,114.75,0,1
City Hotel,0,248,2016,October,42,13,2,3,2,0.0,0,BB,PRT,Online TA,TA/TO,0,0,0,A,B,0,No Deposit,7.0,0,Transient,83.38,0,2
City Hotel,0,245,2016,October,42,13,2,3,2,0.0,0,BB,DEU,Online TA,TA/TO,0,0,0,A,A,0,No Deposit,9.0,0,Transient,106.59,0,0
City Hotel,0,252,2016,October,42,15,2,1,2,0.0,0,BB,DEU,Online TA,TA/TO,0,0,0,A,A,5,No Deposit,9.0,0,Transient-Party,106.3,0,0
City Hotel,0,252,2016,October,42,15,2,1,2,0.0,0,BB,DEU,Online TA,TA/TO,0,0,0,A,A,1,No Deposit,9.0,0,Transient,106.3,0,0
City Hotel,0,252,2016,October,42,15,2,1,2,0.0,0,BB,DEU,Online TA,TA/TO,0,0,0,A,A,1,No Deposit,9.0,0,Transient,106.3,0,0
City Hotel,0,252,2016,October,42,15,2,1,2,0.0,0,BB,DEU,Online TA,TA/TO,0,0,0,A,A,1,No Deposit,9.0,0,Transient,106.3,0,0
City Hotel,0,252,2016,October,42,15,2,1,2,0.0,0,BB,DEU,Online TA,TA/TO,0,0,0,A,A,1,No Deposit,9.0,0,Transient,106.3,0,0
City Hotel,0,55,2016,October,42,13,2,3,2,0.0,0,BB,DEU,Online TA,TA/TO,0,0,0,D,D,0,No Deposit,9.0,0,Transient,139.5,0,2
City Hotel,0,0,2016,October,43,16,2,0,2,0.0,0,SC,DEU,Online TA,TA/TO,0,0,0,A,A,0,No Deposit,9.0,0,Transient,139.0,0,0
City Hotel,0,0,2016,October,43,16,2,0,2,0.0,0,SC,DEU,Online TA,TA/TO,0,0,0,A,A,0,No Deposit,9.0,0,Transient,130.0,0,0
City Hotel,0,38,2016,October,42,15,2,1,2,0.0,0,BB,DEU,Direct,Direct,0,0,0,D,D,0,No Deposit,14.0,0,Transient,157.33,0,0
City Hotel,0,27,2016,October,43,16,2,0,2,0.0,0,BB,FRA,Offline TA/TO,TA/TO,0,0,0,A,A,0,No Deposit,28.0,0,Transient,85.0,0,0
City Hotel,0,160,2016,October,42,13,2,3,2,0.0,0,BB,FRA,Online TA,TA/TO,0,0,0,D,D,0,No Deposit,9.0,0,Transient,200.7,0,2
City Hotel,0,202,2016,October,42,15,2,1,2,0.0,0,BB,GBR,Online TA,TA/TO,0,0,0,D,D,2,No Deposit,9.0,0,Transient,120.0,0,1
City Hotel,0,13,2016,October,42,15,2,1,2,0.0,0,BB,FRA,Online TA,TA/TO,0,0,0,A,A,0,No Deposit,9.0,0,Transient,160.0,0,2
City Hotel,0,277,2016,October,43,16,2,0,2,0.0,0,BB,GBR,Online TA,TA/TO,0,0,0,A,A,0,No Deposit,9.0,0,Transient,96.3,0,0
City Hotel,0,27,2016,October,43,16,2,0,2,0.0,0,BB,BEL,Offline TA/TO,TA/TO,0,0,0,A,A,0,No Deposit,28.0,0,Transient,85.0,0,0
City Hotel,0,26,2016,October,43,16,2,0,2,0.0,0,BB,FRA,Offline TA/TO,TA/TO,0,0,0,A,A,0,No Deposit,28.0,0,Transient,85.0,0,0
City Hotel,0,0,2016,October,42,15,2,1,2,0.0,0,SC,BEL,Online TA,TA/TO,0,0,0,A,A,0,No Deposit,7.0,0,Transient,111.67,0,0
City Hotel,0,20,2016,October,43,16,2,0,2,0.0,0,BB,FRA,Offline TA/TO,TA/TO,0,0,0,A,A,0,No Deposit,28.0,0,Transient,85.0,0,0
City Hotel,0,248,2016,October,42,13,2,3,2,0.0,0,BB,PRT,Online TA,TA/TO,0,0,0,A,B,0,No Deposit,7.0,0,Transient,83.38,0,2
City Hotel,0,0,2016,October,43,19,0,0,2,0.0,0,SC,PRT,Online TA,TA/TO,1,0,0,A,A,0,No Deposit,9.0,0,Transient,0.0,0,2
City Hotel,0,212,2016,October,43,16,2,1,2,0.0,0,BB,IRL,Online TA,TA/TO,0,0,0,A,A,1,No Deposit,9.0,0,Transient,96.3,0,2
City Hotel,0,359,2016,October,42,14,2,3,2,0.0,0,BB,DEU,Offline TA/TO,TA/TO,0,0,0,A,D,0,No Deposit,21.0,0,Transient-Party,78.0,0,1
City Hotel,0,326,2016,October,43,16,2,1,2,0.0,0,BB,ISR,Direct,Direct,0,0,0,B,B,0,No Deposit,14.0,0,Transient-Party,109.07,1,0
City Hotel,0,359,2016,October,42,14,2,3,2,0.0,0,BB,DEU,Offline TA/TO,TA/TO,0,0,0,A,A,0,No Deposit,21.0,0,Transient-Party,78.0,0,1
City Hotel,0,359,2016,October,42,14,2,3,2,0.0,0,BB,DEU,Offline TA/TO,TA/TO,0,0,0,A,A,0,No Deposit,21.0,0,Transient-Party,78.0,0,1
City Hotel,0,6,2016,October,43,16,2,1,2,0.0,0,SC,ESP,Online TA,TA/TO,0,0,0,A,A,0,No Deposit,7.0,0,Transient,111.67,0,3
City Hotel,0,48,2016,October,42,15,2,2,2,0.0,0,HB,FRA,Online TA,TA/TO,0,0,0,D,D,0,No Deposit,9.0,0,Transient,173.7,0,2
City Hotel,0,359,2016,October,42,14,2,3,2,0.0,0,BB,DEU,Offline TA/TO,TA/TO,0,0,0,A,B,1,No Deposit,21.0,0,Transient-Party,78.0,0,1
City Hotel,0,7,2016,October,43,17,1,1,2,0.0,0,SC,SWE,Online TA,TA/TO,0,0,0,A,A,1,No Deposit,9.0,0,Transient,70.0,0,1
City Hotel,0,24,2016,October,43,16,2,1,2,0.0,0,BB,FRA,Offline TA/TO,TA/TO,0,0,0,A,A,0,No Deposit,28.0,0,Transient,85.0,0,1
City Hotel,0,26,2016,October,43,17,1,1,2,0.0,0,SC,CHE,Online TA,TA/TO,0,0,0,A,A,0,No Deposit,7.0,0,Transient,87.05,0,1
City Hotel,0,359,2016,October,42,14,2,3,2,0.0,0,BB,DEU,Offline TA/TO,TA/TO,0,0,0,A,B,1,No Deposit,21.0,0,Transient-Party,78.0,0,1
City Hotel,0,40,2016,October,42,15,2,2,2,0.0,0,BB,FRA,Online TA,TA/TO,0,0,0,D,D,0,No Deposit,9.0,0,Transient,148.28,0,2
City Hotel,0,359,2016,October,42,14,2,3,2,0.0,0,BB,DEU,Offline TA/TO,TA/TO,0,0,0,A,B,1,No Deposit,21.0,0,Transient-Party,78.0,0,3
City Hotel,0,359,2016,October,42,14,2,3,2,0.0,0,BB,DEU,Offline TA/TO,TA/TO,0,0,0,A,A,0,No Deposit,21.0,0,Transient-Party,78.0,0,1
City Hotel,0,359,2016,October,42,14,2,3,2,0.0,0,BB,DEU,Offline TA/TO,TA/TO,0,0,0,A,B,1,No Deposit,21.0,0,Transient-Party,78.0,0,1
City Hotel,0,359,2016,October,42,14,2,3,2,0.0,0,BB,DEU,Offline TA/TO,TA/TO,0,0,0,A,A,0,No Deposit,21.0,0,Transient-Party,78.0,0,1
City Hotel,0,53,2016,October,43,17,1,1,2,0.0,0,SC,DEU,Online TA,TA/TO,0,0,0,A,A,0,No Deposit,9.0,0,Transient,108.0,0,1
City Hotel,0,359,2016,October,42,14,2,3,2,0.0,0,BB,DEU,Offline TA/TO,TA/TO,0,0,0,A,A,1,No Deposit,21.0,0,Transient-Party,39.0,0,1
City Hotel,0,52,2016,October,43,17,1,1,2,0.0,0,SC,DEU,Online TA,TA/TO,0,0,0,A,C,1,No Deposit,9.0,0,Transient,108.0,0,1
City Hotel,0,30,2016,October,43,16,2,1,2,0.0,0,BB,FRA,Offline TA/TO,TA/TO,0,0,0,A,A,0,No Deposit,28.0,0,Transient,85.0,0,0
City Hotel,0,25,2016,October,43,17,1,1,2,0.0,0,SC,DEU,Online TA,TA/TO,0,0,0,A,A,0,No Deposit,9.0,0,Transient,154.0,0,1
City Hotel,0,143,2016,October,43,18,0,1,2,0.0,0,BB,AUS,Online TA,TA/TO,0,0,0,A,A,0,No Deposit,9.0,0,Transient,118.8,0,2
City Hotel,0,230,2016,October,43,16,2,1,2,0.0,0,BB,DEU,Online TA,TA/TO,0,0,0,A,A,0,No Deposit,9.0,0,Transient,96.3,0,4
City Hotel,0,25,2016,October,43,16,2,1,2,0.0,0,BB,FRA,Offline TA/TO,TA/TO,0,0,0,A,A,0,No Deposit,28.0,0,Transient,85.0,0,0
City Hotel,0,37,2016,October,43,16,2,1,2,0.0,0,BB,BGR,Online TA,TA/TO,0,0,0,A,K,0,No Deposit,7.0,0,Transient,112.68,0,1
City Hotel,0,23,2016,October,43,16,2,2,2,0.0,0,SC,FIN,Online TA,TA/TO,0,0,0,A,A,0,No Deposit,7.0,0,Transient,91.63,0,1
City Hotel,0,23,2016,October,43,17,1,2,2,0.0,0,SC,NLD,Online TA,TA/TO,0,0,0,A,A,1,No Deposit,9.0,0,Transient,119.0,0,3
City Hotel,0,25,2016,October,43,17,1,2,2,0.0,0,BB,FRA,Offline TA/TO,TA/TO,0,0,0,A,D,0,No Deposit,28.0,0,Transient,85.0,0,0
City Hotel,0,50,2016,October,43,16,2,2,2,0.0,0,BB,CHE,Online TA,TA/TO,0,0,0,A,A,0,No Deposit,9.0,0,Transient,126.0,0,2
City Hotel,0,47,2016,October,42,15,2,3,2,0.0,0,BB,FIN,Online TA,TA/TO,0,0,0,D,D,0,No Deposit,7.0,0,Transient,95.48,0,2
City Hotel,0,70,2016,October,43,18,0,2,2,0.0,0,SC,CHN,Online TA,TA/TO,0,0,0,A,A,0,No Deposit,9.0,0,Transient,97.2,0,2
City Hotel,0,54,2016,October,43,16,2,2,2,0.0,0,BB,DEU,Offline TA/TO,TA/TO,0,0,0,A,A,1,No Deposit,21.0,0,Transient-Party,81.0,0,0
City Hotel,0,73,2016,October,44,28,0,1,2,0.0,0,BB,DEU,Offline TA/TO,TA/TO,0,0,1,A,A,0,No Deposit,21.0,0,Transient-Party,73.0,0,0
City Hotel,0,54,2016,October,43,16,2,2,2,0.0,0,BB,DEU,Offline TA/TO,TA/TO,0,0,0,A,A,1,No Deposit,21.0,0,Transient-Party,81.0,0,0
City Hotel,0,73,2016,October,44,28,0,1,2,0.0,0,BB,DEU,Offline TA/TO,TA/TO,0,0,1,A,A,1,No Deposit,21.0,0,Transient-Party,73.0,0,0
City Hotel,0,54,2016,October,43,16,2,2,2,0.0,0,BB,CHE,Offline TA/TO,TA/TO,0,0,0,A,A,1,No Deposit,21.0,0,Transient-Party,81.0,0,0
City Hotel,0,153,2016,October,43,16,2,2,2,0.0,0,BB,DEU,Offline TA/TO,TA/TO,0,0,0,A,A,1,No Deposit,21.0,99,Transient-Party,81.0,0,0
City Hotel,0,54,2016,October,43,16,2,2,2,0.0,0,BB,DEU,Offline TA/TO,TA/TO,0,0,0,A,A,1,No Deposit,21.0,0,Transient-Party,81.0,0,0
City Hotel,0,73,2016,October,44,28,0,1,2,0.0,0,BB,DEU,Offline TA/TO,TA/TO,0,0,1,A,A,0,No Deposit,21.0,0,Transient-Party,73.0,0,0
City Hotel,0,26,2016,October,43,17,1,2,2,0.0,0,BB,ISR,Direct,Direct,0,0,0,A,A,1,No Deposit,14.0,0,Transient,112.88,0,5
City Hotel,0,26,2016,October,43,17,1,2,2,0.0,0,BB,ISR,Direct,Direct,0,0,0,A,A,1,No Deposit,14.0,0,Transient,112.88,0,5
City Hotel,0,13,2016,October,43,17,1,2,2,0.0,0,SC,NLD,Online TA,TA/TO,0,0,0,A,A,0,No Deposit,9.0,0,Transient,140.0,0,2
City Hotel,0,13,2016,October,43,17,1,2,2,0.0,0,SC,NLD,Online TA,TA/TO,0,0,0,A,A,0,No Deposit,9.0,0,Transient,140.0,0,2
City Hotel,0,13,2016,October,43,17,1,2,2,0.0,0,SC,NLD,Online TA,TA/TO,0,0,0,A,A,0,No Deposit,9.0,0,Transient,140.0,0,2
City Hotel,0,159,2016,October,43,16,2,2,2,0.0,0,BB,GBR,Direct,Direct,0,0,0,A,A,0,No Deposit,14.0,0,Transient,108.0,0,0
City Hotel,0,37,2016,October,43,19,0,1,2,0.0,0,SC,FRA,Offline TA/TO,TA/TO,0,0,0,A,A,0,No Deposit,52.0,0,Transient,76.5,0,1
City Hotel,0,37,2016,October,43,19,0,1,2,0.0,0,SC,FRA,Offline TA/TO,TA/TO,0,0,0,A,A,0,No Deposit,52.0,0,Transient,76.5,0,1
City Hotel,0,58,2016,October,42,15,2,3,2,0.0,0,BB,DEU,Online TA,TA/TO,0,0,0,B,A,1,No Deposit,9.0,0,Transient,110.36,0,2
City Hotel,0,27,2016,October,43,17,1,2,2,0.0,0,HB,NLD,Online TA,TA/TO,0,0,0,A,A,0,No Deposit,9.0,0,Transient,177.0,0,2
City Hotel,0,3,2016,October,43,16,2,2,2,0.0,0,SC,NLD,Online TA,TA/TO,0,0,0,A,A,0,No Deposit,9.0,0,Transient,135.0,0,1
City Hotel,0,65,2016,October,43,16,2,2,2,0.0,0,BB,DEU,Offline TA/TO,TA/TO,0,0,0,A,A,0,No Deposit,22.0,0,Transient,80.75,0,0
City Hotel,0,159,2016,October,43,16,2,2,2,0.0,0,BB,GBR,Direct,Direct,0,0,0,A,A,0,No Deposit,14.0,0,Transient,108.0,0,0
City Hotel,0,159,2016,October,43,16,2,2,2,0.0,0,BB,GBR,Direct,Direct,0,0,0,A,A,0,No Deposit,14.0,0,Transient,108.0,0,0
City Hotel,0,26,2016,October,43,17,1,2,2,0.0,0,HB,ESP,Online TA,TA/TO,0,0,0,A,A,0,No Deposit,9.0,0,Transient,180.0,0,2
City Hotel,0,46,2016,October,43,16,2,2,2,0.0,0,BB,NLD,Offline TA/TO,TA/TO,0,0,0,A,A,0,No Deposit,121.0,0,Transient,85.5,0,0
City Hotel,0,153,2016,October,43,16,2,2,2,0.0,0,SC,GBR,Offline TA/TO,TA/TO,0,0,0,A,A,0,No Deposit,22.0,0,Transient,72.25,0,1
City Hotel,0,59,2016,October,43,16,2,2,2,0.0,0,BB,ITA,Online TA,TA/TO,0,0,0,A,A,0,No Deposit,9.0,0,Transient,126.0,0,1
City Hotel,0,12,2016,October,45,30,2,1,2,0.0,0,BB,ITA,Online TA,TA/TO,0,0,1,A,A,0,No Deposit,7.0,0,Transient,97.53,0,1
City Hotel,0,47,2016,October,43,16,2,2,2,0.0,0,BB,FRA,Offline TA/TO,TA/TO,0,0,0,A,A,0,No Deposit,28.0,0,Transient,80.75,0,0
City Hotel,0,52,2016,October,42,15,2,3,2,0.0,0,BB,NLD,Online TA,TA/TO,0,0,0,D,D,0,No Deposit,9.0,0,Transient,148.5,0,2
City Hotel,0,70,2016,October,43,18,0,2,2,0.0,0,SC,CHN,Online TA,TA/TO,0,0,0,A,A,0,No Deposit,9.0,0,Transient,97.2,0,2
City Hotel,0,188,2016,October,43,18,0,2,2,0.0,0,BB,CHE,Online TA,TA/TO,0,0,0,A,A,1,No Deposit,9.0,0,Transient,105.5,0,1
City Hotel,0,41,2016,October,43,16,2,2,2,0.0,0,BB,DEU,Offline TA/TO,TA/TO,0,0,0,A,A,0,No Deposit,85.0,0,Transient,85.5,0,0
City Hotel,0,52,2016,October,43,17,1,2,2,0.0,0,SC,DEU,Online TA,TA/TO,0,0,0,A,A,0,No Deposit,9.0,0,Transient,108.0,0,1
City Hotel,0,24,2016,October,43,16,2,2,2,0.0,0,BB,FRA,Offline TA/TO,TA/TO,0,0,0,A,A,0,No Deposit,28.0,0,Transient,85.0,0,1
City Hotel,0,159,2016,October,43,16,2,2,2,0.0,0,BB,GBR,Direct,Direct,0,0,0,A,A,0,No Deposit,14.0,0,Transient,108.0,0,0
City Hotel,0,70,2016,October,43,18,0,2,2,0.0,0,SC,CHN,Online TA,TA/TO,0,0,0,A,A,0,No Deposit,9.0,0,Transient,97.2,0,2
City Hotel,0,153,2016,October,43,16,2,2,2,0.0,0,SC,GBR,Offline TA/TO,TA/TO,0,0,0,A,A,0,No Deposit,22.0,0,Transient,72.25,0,1
City Hotel,0,40,2016,October,43,19,0,1,2,0.0,0,BB,PRT,Offline TA/TO,TA/TO,0,0,0,A,A,0,No Deposit,28.0,0,Transient,85.5,0,0
City Hotel,0,213,2016,October,43,17,1,3,2,0.0,0,BB,GBR,Online TA,TA/TO,0,0,0,A,A,2,No Deposit,9.0,0,Transient,99.71,0,2
City Hotel,0,25,2016,October,43,18,0,3,2,0.0,0,BB,FRA,Offline TA/TO,TA/TO,0,0,0,A,D,0,No Deposit,28.0,0,Transient,85.0,0,1
City Hotel,0,57,2016,October,43,17,1,3,2,0.0,0,BB,PRT,Online TA,TA/TO,0,0,0,A,D,1,No Deposit,9.0,0,Transient,128.0,0,1
City Hotel,0,71,2016,October,43,18,0,3,2,0.0,0,SC,GBR,Online TA,TA/TO,0,0,0,A,A,0,No Deposit,8.0,0,Transient,108.0,0,1
City Hotel,0,43,2016,October,43,19,0,2,2,0.0,0,BB,IRL,Offline TA/TO,TA/TO,0,0,0,A,A,1,No Deposit,22.0,0,Transient,85.5,0,0
City Hotel,0,46,2016,October,43,17,1,3,2,0.0,0,BB,IRL,Online TA,TA/TO,0,0,0,A,A,0,No Deposit,9.0,0,Transient,134.78,0,1
City Hotel,0,256,2016,October,43,16,2,3,2,0.0,0,BB,DEU,Online TA,TA/TO,0,0,0,A,A,0,No Deposit,9.0,0,Transient-Party,100.75,0,0
City Hotel,0,47,2016,October,43,16,2,3,2,0.0,0,BB,CHE,Online TA,TA/TO,0,0,0,D,D,0,No Deposit,7.0,0,Transient,97.82,0,1
City Hotel,0,90,2016,October,43,17,1,3,2,0.0,0,BB,LUX,Offline TA/TO,TA/TO,0,0,0,A,A,0,No Deposit,173.0,0,Transient,80.75,0,0
City Hotel,0,66,2016,October,43,17,1,3,2,0.0,0,BB,BEL,Online TA,TA/TO,0,0,0,A,A,0,No Deposit,9.0,0,Transient,118.8,0,1
City Hotel,0,66,2016,October,43,17,1,3,2,0.0,0,BB,PRT,Online TA,TA/TO,0,0,0,A,A,0,No Deposit,9.0,0,Transient,118.8,0,1
City Hotel,0,256,2016,October,43,16,2,3,2,0.0,0,BB,DEU,Online TA,TA/TO,0,0,0,A,A,0,No Deposit,9.0,0,Transient-Party,100.75,0,0
City Hotel,0,68,2016,October,43,18,0,3,2,0.0,0,BB,NLD,Online TA,TA/TO,0,0,0,D,D,0,No Deposit,9.0,0,Transient,132.3,0,2
City Hotel,0,59,2016,October,42,14,2,5,2,0.0,0,BB,FRA,Online TA,TA/TO,0,0,0,D,D,0,No Deposit,7.0,0,Transient,90.55,0,2
City Hotel,0,45,2016,October,43,20,0,1,2,0.0,0,BB,PRT,Online TA,TA/TO,0,0,0,A,A,0,No Deposit,9.0,0,Transient,107.1,0,2
City Hotel,0,153,2016,October,43,17,1,3,2,0.0,0,BB,GBR,Online TA,TA/TO,0,0,0,A,A,0,No Deposit,9.0,0,Transient,118.8,0,2
City Hotel,0,43,2016,October,42,15,2,4,2,0.0,0,BB,DEU,Online TA,TA/TO,0,0,0,D,D,0,No Deposit,9.0,0,Transient,145.2,0,1
City Hotel,0,87,2016,October,43,19,0,2,2,0.0,0,BB,NLD,Online TA,TA/TO,0,0,0,A,A,1,No Deposit,9.0,0,Transient,118.8,0,1
City Hotel,0,119,2016,October,43,16,2,3,2,0.0,0,BB,DEU,Online TA,TA/TO,0,0,0,D,D,2,No Deposit,9.0,0,Transient,129.96,0,2
City Hotel,0,119,2016,October,43,16,2,3,2,0.0,0,BB,DEU,Online TA,TA/TO,0,0,0,D,D,2,No Deposit,9.0,0,Transient,129.96,0,2
City Hotel,0,119,2016,October,43,16,2,3,2,0.0,0,BB,DEU,Online TA,TA/TO,0,0,0,D,D,0,No Deposit,9.0,0,Transient,132.3,0,2
City Hotel,0,256,2016,October,43,16,2,3,2,0.0,0,BB,DEU,Online TA,TA/TO,0,0,0,A,A,1,No Deposit,9.0,0,Transient-Party,100.75,0,0
City Hotel,0,81,2016,October,43,16,2,3,2,0.0,0,BB,DEU,Offline TA/TO,TA/TO,0,0,0,A,A,0,No Deposit,27.0,0,Transient,80.75,0,0
City Hotel,0,256,2016,October,43,16,2,3,2,0.0,0,BB,DEU,Online TA,TA/TO,0,0,0,A,A,0,No Deposit,9.0,0,Transient-Party,100.75,0,0
City Hotel,0,9,2016,October,43,17,1,3,2,0.0,0,BB,ESP,Online TA,TA/TO,0,0,0,A,A,0,No Deposit,9.0,0,Transient,155.0,0,1
City Hotel,0,3,2016,October,43,20,0,1,2,0.0,0,BB,GBR,Offline TA/TO,TA/TO,0,0,0,A,A,0,No Deposit,85.0,0,Transient,95.0,0,0
City Hotel,0,184,2016,October,43,17,1,3,2,0.0,0,BB,CHE,Online TA,TA/TO,0,0,0,A,A,0,No Deposit,9.0,0,Transient,90.9,0,2
City Hotel,0,184,2016,October,43,17,1,3,2,0.0,0,BB,CHE,Online TA,TA/TO,0,0,0,A,A,0,No Deposit,9.0,0,Transient,90.9,0,2
City Hotel,0,108,2016,October,43,17,1,3,2,0.0,0,SC,NLD,Online TA,TA/TO,0,0,0,A,A,0,No Deposit,9.0,0,Transient,108.0,0,2
City Hotel,0,68,2016,October,43,18,0,3,2,0.0,0,SC,GBR,Online TA,TA/TO,0,0,0,A,A,0,No Deposit,9.0,0,Transient,108.0,0,2
City Hotel,0,256,2016,October,43,16,2,3,2,0.0,0,BB,DEU,Online TA,TA/TO,0,0,0,A,A,0,No Deposit,9.0,0,Transient-Party,100.75,0,0
City Hotel,0,24,2016,October,43,17,1,3,2,0.0,0,BB,FRA,Offline TA/TO,TA/TO,0,0,0,A,D,0,No Deposit,28.0,0,Transient,85.0,0,1
City Hotel,0,78,2016,October,43,18,0,3,2,0.0,0,BB,LUX,Offline TA/TO,TA/TO,0,0,0,A,A,0,No Deposit,173.0,0,Transient,80.75,0,0
City Hotel,0,28,2016,October,43,18,0,3,2,0.0,0,SC,FRA,Online TA,TA/TO,0,0,0,A,A,0,No Deposit,7.0,0,Transient,91.63,0,1
City Hotel,0,69,2016,October,43,17,1,3,2,0.0,0,BB,GBR,Offline TA/TO,TA/TO,0,0,0,D,D,0,No Deposit,22.0,0,Transient,90.95,0,1
City Hotel,0,47,2016,October,43,18,0,3,2,0.0,0,BB,NLD,Offline TA/TO,TA/TO,0,0,0,A,A,0,No Deposit,121.0,0,Transient,85.5,0,0
City Hotel,0,1,2016,October,43,16,2,3,2,0.0,0,BB,FRA,Online TA,TA/TO,0,0,0,A,A,0,No Deposit,9.0,0,Transient,156.0,0,1
City Hotel,0,182,2016,October,43,16,2,3,2,0.0,0,BB,DEU,Online TA,TA/TO,0,0,0,A,A,0,No Deposit,7.0,0,Transient,70.44,0,2
City Hotel,0,5,2016,October,43,18,0,3,2,0.0,0,SC,GBR,Online TA,TA/TO,0,0,0,A,B,1,No Deposit,83.0,0,Transient,112.0,0,0
City Hotel,0,83,2016,October,43,16,2,3,2,0.0,0,SC,IRL,Online TA,TA/TO,0,0,0,A,A,0,No Deposit,9.0,0,Transient,108.0,0,1
City Hotel,0,256,2016,October,43,16,2,3,2,0.0,0,BB,DEU,Online TA,TA/TO,0,0,0,A,A,0,No Deposit,9.0,0,Transient-Party,100.75,0,0
City Hotel,0,184,2016,October,43,17,1,3,2,0.0,0,BB,PRT,Online TA,TA/TO,0,0,0,D,D,0,No Deposit,9.0,0,Transient,128.7,0,2
City Hotel,0,256,2016,October,43,16,2,3,2,0.0,0,BB,DEU,Online TA,TA/TO,0,0,0,A,A,0,No Deposit,9.0,0,Transient-Party,100.75,0,0
City Hotel,0,256,2016,October,43,16,2,3,2,0.0,0,BB,DEU,Online TA,TA/TO,0,0,0,A,A,0,No Deposit,9.0,0,Transient-Party,100.75,0,0
City Hotel,0,256,2016,October,43,16,2,3,2,0.0,0,BB,DEU,Online TA,TA/TO,0,0,0,A,A,1,No Deposit,9.0,0,Transient-Party,100.75,0,0
City Hotel,0,182,2016,October,43,16,2,3,2,0.0,0,BB,DEU,Online TA,TA/TO,0,0,0,A,A,0,No Deposit,7.0,0,Transient,70.44,0,2
City Hotel,0,184,2016,October,43,17,1,3,2,0.0,0,BB,CHE,Online TA,TA/TO,0,0,0,D,D,0,No Deposit,9.0,0,Transient,128.7,0,2
City Hotel,0,24,2016,October,43,16,2,3,2,0.0,0,BB,FRA,Offline TA/TO,TA/TO,0,0,0,A,A,0,No Deposit,28.0,0,Transient,85.0,0,0
City Hotel,0,26,2016,October,43,16,2,3,2,0.0,0,BB,GBR,Offline TA/TO,TA/TO,0,0,0,A,A,0,No Deposit,28.0,0,Transient,85.0,0,0
City Hotel,0,184,2016,October,43,17,1,3,2,0.0,0,BB,CHE,Online TA,TA/TO,0,0,0,A,A,0,No Deposit,9.0,0,Transient,96.3,0,2
City Hotel,0,256,2016,October,43,16,2,3,2,0.0,0,BB,DEU,Online TA,TA/TO,0,0,0,A,A,2,No Deposit,,0,Transient-Party,100.75,0,0
City Hotel,0,35,2016,October,43,19,0,3,2,0.0,0,BB,FRA,Offline TA/TO,TA/TO,0,0,0,A,A,0,No Deposit,28.0,0,Transient,85.0,0,0
City Hotel,0,184,2016,October,43,18,0,4,2,0.0,0,HB,ITA,Online TA,TA/TO,0,0,0,A,A,0,No Deposit,9.0,0,Transient,130.5,0,1
City Hotel,0,1,2016,October,43,21,0,1,2,0.0,0,SC,PRT,Online TA,TA/TO,0,0,0,A,A,0,No Deposit,9.0,0,Transient,129.0,1,1
City Hotel,0,165,2016,October,43,20,0,2,2,0.0,0,BB,NLD,Online TA,TA/TO,0,0,0,A,A,0,No Deposit,9.0,0,Transient,118.8,0,2
City Hotel,0,132,2016,October,43,21,0,1,2,0.0,0,BB,BRA,Online TA,TA/TO,0,0,0,A,E,1,No Deposit,9.0,0,Transient,179.0,1,3
City Hotel,0,21,2016,October,43,19,0,3,2,0.0,0,SC,NLD,Online TA,TA/TO,0,0,0,A,A,0,No Deposit,9.0,0,Transient,119.0,0,1
City Hotel,0,7,2016,October,43,18,0,4,2,0.0,0,BB,TUR,Online TA,TA/TO,0,0,0,A,A,0,No Deposit,9.0,0,Transient,160.0,0,1
City Hotel,0,19,2016,October,43,21,0,1,2,0.0,0,SC,FRA,Online TA,TA/TO,0,0,0,A,A,0,No Deposit,9.0,0,Transient,140.0,0,2
City Hotel,0,1,2016,October,43,20,0,2,2,0.0,0,SC,FRA,Online TA,TA/TO,0,0,0,A,A,0,No Deposit,9.0,0,Transient,135.0,0,2
City Hotel,0,82,2016,October,43,16,2,4,2,0.0,0,BB,DEU,Offline TA/TO,TA/TO,0,0,0,A,A,1,No Deposit,16.0,0,Transient,80.75,0,0
City Hotel,0,27,2016,October,43,19,0,3,2,0.0,0,BB,FRA,Offline TA/TO,TA/TO,0,0,0,A,D,0,No Deposit,28.0,0,Transient,85.0,0,0
City Hotel,0,179,2016,October,43,19,0,3,2,0.0,0,SC,HUN,Online TA,TA/TO,0,0,0,A,A,0,No Deposit,9.0,0,Transient,85.5,0,2
City Hotel,0,26,2016,October,43,16,2,4,2,0.0,0,BB,FRA,Online TA,TA/TO,0,0,0,A,A,0,No Deposit,9.0,0,Transient,139.0,0,1
City Hotel,0,144,2016,October,43,16,2,4,2,0.0,0,BB,DEU,Direct,Direct,0,0,0,A,A,0,No Deposit,14.0,0,Transient,102.0,0,0
City Hotel,0,5,2016,October,43,20,0,2,2,0.0,0,BB,BEL,Online TA,TA/TO,0,0,0,A,A,0,No Deposit,9.0,0,Transient,160.0,0,3
City Hotel,0,58,2016,October,43,18,0,4,2,0.0,0,BB,DEU,Online TA,TA/TO,0,0,0,D,D,0,No Deposit,7.0,0,Transient,95.48,0,1
City Hotel,0,1,2016,October,43,21,0,1,2,0.0,0,BB,PRT,Corporate,Corporate,0,0,0,A,A,0,No Deposit,,0,Transient,96.0,0,0
City Hotel,0,191,2016,October,43,20,0,2,2,0.0,0,BB,ITA,Online TA,TA/TO,0,0,0,A,A,9,No Deposit,9.0,0,Transient,96.3,0,1
City Hotel,0,191,2016,October,43,20,0,2,2,0.0,0,BB,PRT,Online TA,TA/TO,0,0,0,A,A,0,No Deposit,9.0,0,Transient,96.3,0,1
City Hotel,0,36,2016,October,43,20,0,2,2,0.0,0,SC,USA,Online TA,TA/TO,0,0,0,A,A,0,No Deposit,9.0,0,Transient,119.5,0,2
City Hotel,0,5,2016,October,43,17,1,4,2,0.0,0,BB,FRA,Online TA,TA/TO,0,0,0,A,A,0,No Deposit,9.0,0,Transient,160.0,0,2
City Hotel,0,66,2016,October,43,20,0,2,2,0.0,0,BB,RUS,Online TA,TA/TO,0,0,0,B,B,1,No Deposit,9.0,0,Transient-Party,108.0,0,1
City Hotel,0,104,2016,October,43,18,0,4,2,0.0,0,BB,FRA,Online TA,TA/TO,0,0,0,A,A,0,No Deposit,7.0,0,Transient,91.48,0,1
City Hotel,0,4,2016,October,43,17,1,4,2,0.0,0,BB,FRA,Online TA,TA/TO,0,0,0,A,A,0,No Deposit,9.0,0,Transient,160.0,0,1
City Hotel,0,18,2016,October,43,21,0,1,2,0.0,0,BB,FRA,Online TA,TA/TO,0,0,0,A,A,0,No Deposit,9.0,0,Transient,160.0,0,1
City Hotel,0,26,2016,October,43,19,0,3,2,0.0,0,SC,DNK,Online TA,TA/TO,0,0,0,A,A,0,No Deposit,8.0,0,Transient,119.0,0,1
City Hotel,0,249,2016,October,42,14,2,6,2,0.0,0,BB,DEU,Offline TA/TO,TA/TO,0,0,0,A,A,0,No Deposit,27.0,0,Transient,89.75,0,0
City Hotel,0,34,2016,October,43,18,0,4,2,0.0,0,BB,DEU,Offline TA/TO,TA/TO,0,0,0,A,A,0,No Deposit,85.0,0,Transient,85.5,0,0
City Hotel,0,17,2016,October,43,18,0,4,2,0.0,0,BB,DEU,Direct,Direct,0,0,0,A,B,2,No Deposit,14.0,0,Transient,133.44,0,0
City Hotel,0,36,2016,October,43,20,0,3,2,0.0,0,BB,FRA,Offline TA/TO,TA/TO,0,0,0,A,A,0,No Deposit,28.0,0,Transient,85.0,0,0
City Hotel,0,28,2016,October,43,20,0,3,2,0.0,0,BB,FRA,Offline TA/TO,TA/TO,0,0,0,A,A,0,No Deposit,28.0,0,Transient,85.0,0,0
City Hotel,0,76,2016,October,43,16,2,5,2,0.0,0,BB,CN,Offline TA/TO,TA/TO,0,0,0,D,D,0,No Deposit,3.0,0,Transient,90.95,0,0
City Hotel,0,256,2016,October,43,20,0,3,2,0.0,0,BB,CHE,Online TA,TA/TO,0,0,0,A,A,0,No Deposit,9.0,0,Transient-Party,96.3,0,3
City Hotel,0,256,2016,October,43,20,0,3,2,0.0,0,BB,CHE,Online TA,TA/TO,0,0,0,A,A,0,No Deposit,9.0,0,Transient-Party,96.3,0,3
City Hotel,0,133,2016,October,43,21,0,2,2,0.0,0,BB,DEU,Online TA,TA/TO,0,0,0,B,B,1,No Deposit,9.0,0,Transient,110.7,0,1
City Hotel,0,22,2016,October,43,20,0,3,2,0.0,0,BB,DEU,Direct,Direct,0,0,0,A,A,2,No Deposit,14.0,0,Transient,131.75,1,2
City Hotel,0,0,2016,October,43,22,0,1,2,0.0,0,SC,USA,Online TA,TA/TO,0,0,0,A,A,0,No Deposit,9.0,0,Transient,120.0,0,0
City Hotel,0,99,2016,October,43,19,0,4,2,0.0,0,BB,BEL,Online TA,TA/TO,0,0,0,A,A,0,No Deposit,9.0,0,Transient,118.8,0,2
City Hotel,0,1,2016,October,43,21,0,2,2,0.0,0,BB,SWE,Online TA,TA/TO,0,0,0,A,A,0,No Deposit,9.0,0,Transient,140.0,0,0
City Hotel,0,50,2016,October,43,18,0,5,2,0.0,0,BB,GBR,Online TA,TA/TO,0,0,0,D,D,0,No Deposit,8.0,0,Transient,124.0,0,1
City Hotel,0,1,2016,October,43,21,0,2,2,0.0,0,BB,SWE,Online TA,TA/TO,0,0,0,A,A,0,No Deposit,9.0,0,Transient,149.0,1,0
City Hotel,0,7,2016,October,43,21,0,2,2,0.0,0,SC,USA,Online TA,TA/TO,0,0,0,A,A,0,No Deposit,7.0,0,Transient,116.8,0,1
City Hotel,0,44,2016,October,43,18,0,5,2,0.0,0,BB,DEU,Online TA,TA/TO,0,0,0,D,D,0,No Deposit,8.0,0,Transient,133.44,0,3
City Hotel,0,44,2016,October,43,18,0,5,2,0.0,0,BB,DEU,Online TA,TA/TO,0,0,0,D,D,0,No Deposit,8.0,0,Transient,143.44,0,2
City Hotel,0,28,2016,October,43,20,0,3,2,0.0,0,BB,FRA,Offline TA/TO,TA/TO,0,0,0,A,A,0,No Deposit,28.0,0,Transient,85.0,0,0
City Hotel,0,192,2016,October,43,21,0,2,2,0.0,0,BB,FRA,Groups,TA/TO,0,0,0,A,A,0,No Deposit,29.0,0,Transient-Party,95.0,0,0
City Hotel,0,202,2016,October,43,20,0,3,2,0.0,0,BB,ITA,Online TA,TA/TO,0,0,0,A,A,0,No Deposit,9.0,0,Transient,96.3,0,2
City Hotel,0,6,2016,October,43,20,0,3,2,0.0,0,BB,GBR,Online TA,TA/TO,0,0,0,A,A,0,No Deposit,9.0,0,Transient,160.0,0,2
City Hotel,0,192,2016,October,43,21,0,2,2,0.0,0,BB,FRA,Groups,TA/TO,0,0,0,A,A,0,No Deposit,29.0,0,Transient-Party,95.0,0,1
City Hotel,0,192,2016,October,43,21,0,2,2,0.0,0,BB,FRA,Groups,TA/TO,0,0,0,A,A,0,No Deposit,29.0,0,Transient-Party,95.0,0,0
City Hotel,0,16,2016,October,43,21,0,2,2,0.0,0,SC,FRA,Online TA,TA/TO,0,0,0,A,A,0,No Deposit,9.0,0,Transient,140.0,0,2
City Hotel,0,26,2016,October,43,21,0,2,2,0.0,0,SC,FRA,Online TA,TA/TO,0,0,0,A,A,0,No Deposit,9.0,0,Transient,119.0,0,2
City Hotel,0,192,2016,October,43,21,0,2,2,0.0,0,BB,FRA,Groups,TA/TO,0,0,0,A,A,0,No Deposit,29.0,0,Transient-Party,95.0,0,0
City Hotel,0,192,2016,October,43,21,0,2,2,0.0,0,BB,FRA,Groups,TA/TO,0,0,0,A,A,0,No Deposit,29.0,0,Transient-Party,95.0,0,0
City Hotel,0,192,2016,October,43,21,0,2,2,0.0,0,BB,FRA,Groups,TA/TO,0,0,0,A,A,0,No Deposit,29.0,0,Transient-Party,95.0,0,0
City Hotel,0,274,2016,October,43,19,0,4,2,0.0,0,BB,HUN,Online TA,TA/TO,0,0,0,D,D,0,No Deposit,9.0,0,Transient,99.45,0,1
City Hotel,0,96,2016,October,43,19,0,4,2,0.0,0,BB,HUN,Online TA,TA/TO,0,0,0,A,A,0,No Deposit,9.0,0,Transient,118.8,0,2
City Hotel,0,192,2016,October,43,21,0,2,2,0.0,0,BB,FRA,Groups,TA/TO,0,0,0,A,A,0,No Deposit,29.0,0,Transient-Party,95.0,0,0
City Hotel,0,12,2016,October,43,21,0,2,2,0.0,0,SC,DEU,Online TA,TA/TO,0,0,0,A,A,0,No Deposit,9.0,0,Transient,140.0,0,1
City Hotel,0,35,2016,October,43,20,0,3,2,0.0,0,BB,FRA,Offline TA/TO,TA/TO,0,0,0,A,A,0,No Deposit,28.0,0,Transient,85.0,0,0
City Hotel,0,25,2016,October,43,20,0,3,2,0.0,0,SC,CHE,Online TA,TA/TO,0,0,0,A,A,0,No Deposit,9.0,0,Transient,119.0,0,1
City Hotel,0,277,2016,October,43,21,0,2,2,0.0,0,BB,PRT,Online TA,TA/TO,0,0,0,A,A,0,No Deposit,9.0,0,Transient-Party,96.3,0,2
City Hotel,0,277,2016,October,43,21,0,2,2,0.0,0,BB,PRT,Online TA,TA/TO,0,0,0,A,A,0,No Deposit,9.0,0,Transient-Party,96.3,0,2
City Hotel,0,11,2016,October,43,21,0,2,2,0.0,0,SC,DEU,Online TA,TA/TO,0,0,0,A,A,0,No Deposit,9.0,0,Transient,140.0,0,0
City Hotel,0,29,2016,October,43,18,0,5,2,0.0,0,SC,DEU,Online TA,TA/TO,0,0,0,A,A,0,No Deposit,9.0,0,Transient,119.0,0,2
City Hotel,0,83,2016,October,43,19,0,4,2,0.0,0,BB,BEL,Online TA,TA/TO,0,0,0,D,D,0,No Deposit,9.0,0,Transient,132.3,0,2
City Hotel,0,83,2016,October,43,19,0,4,2,0.0,0,BB,BEL,Online TA,TA/TO,0,0,0,D,D,0,No Deposit,9.0,0,Transient,132.3,0,2
City Hotel,0,83,2016,October,43,19,0,4,2,0.0,0,BB,BEL,Online TA,TA/TO,0,0,0,D,D,0,No Deposit,9.0,0,Transient,132.3,0,2
City Hotel,0,192,2016,October,43,21,0,2,2,0.0,0,BB,DZA,Groups,TA/TO,0,0,0,A,A,0,No Deposit,29.0,0,Transient-Party,95.0,0,0
City Hotel,0,30,2016,October,43,21,0,2,2,0.0,0,BB,FRA,Online TA,TA/TO,0,0,0,A,A,0,No Deposit,9.0,0,Transient,139.0,0,4
City Hotel,0,192,2016,October,43,21,0,2,2,0.0,0,BB,FRA,Groups,TA/TO,0,0,0,A,A,0,No Deposit,29.0,0,Transient-Party,95.0,0,0
City Hotel,0,227,2016,October,43,16,2,5,2,0.0,0,BB,DEU,Offline TA/TO,TA/TO,0,0,0,A,A,0,No Deposit,83.0,0,Transient,72.76,0,0
City Hotel,0,80,2016,October,43,19,0,4,2,0.0,0,BB,FRA,Direct,Direct,0,0,0,D,D,0,No Deposit,14.0,0,Transient,128.7,0,0
City Hotel,0,94,2016,October,43,19,0,4,2,0.0,0,BB,FRA,Online TA,TA/TO,0,0,0,D,D,0,No Deposit,9.0,0,Transient,132.3,0,2
City Hotel,0,34,2016,October,43,20,0,3,2,0.0,0,BB,FRA,Offline TA/TO,TA/TO,0,0,0,A,D,0,No Deposit,28.0,0,Transient,85.0,0,0
City Hotel,0,88,2016,October,43,20,0,3,2,0.0,0,BB,GBR,Online TA,TA/TO,0,0,0,D,D,0,No Deposit,9.0,0,Transient,132.3,0,1
City Hotel,0,25,2016,October,43,21,0,2,2,0.0,0,BB,DEU,Online TA,TA/TO,0,0,0,A,A,1,No Deposit,9.0,0,Transient,139.0,0,1
City Hotel,0,88,2016,October,43,20,0,3,2,0.0,0,BB,GBR,Online TA,TA/TO,0,0,0,D,D,0,No Deposit,9.0,0,Transient,132.3,0,1
City Hotel,0,24,2016,October,43,20,0,3,2,0.0,0,SC,NLD,Online TA,TA/TO,0,0,0,A,A,0,No Deposit,9.0,0,Transient,119.0,0,2
City Hotel,0,1,2016,October,43,22,0,1,2,0.0,0,BB,PRT,Direct,Direct,0,0,0,A,A,0,No Deposit,,0,Transient,129.0,0,1
City Hotel,0,192,2016,October,43,21,0,2,2,0.0,0,BB,FRA,Groups,TA/TO,0,0,0,A,A,0,No Deposit,29.0,0,Transient-Party,95.0,0,0
City Hotel,0,35,2016,October,43,20,0,3,2,0.0,0,BB,FRA,Offline TA/TO,TA/TO,0,0,0,A,A,0,No Deposit,28.0,0,Transient,85.0,0,0
City Hotel,0,0,2016,October,43,22,0,1,2,0.0,0,BB,PRT,Direct,Direct,0,0,0,A,A,0,No Deposit,,0,Transient,130.0,0,0
City Hotel,0,26,2016,October,43,21,0,2,2,0.0,0,BB,ESP,Online TA,TA/TO,0,0,0,A,A,0,No Deposit,9.0,0,Transient,139.0,0,1
City Hotel,0,1,2016,October,43,22,0,1,2,0.0,0,BB,DEU,Online TA,TA/TO,0,0,0,A,A,0,No Deposit,9.0,0,Transient,140.0,0,0
City Hotel,0,0,2016,October,43,22,0,1,2,0.0,0,BB,PRT,Direct,Direct,0,0,0,A,A,0,No Deposit,,0,Transient,120.0,0,0
City Hotel,0,15,2016,October,43,21,0,2,2,0.0,0,SC,FRA,Online TA,TA/TO,0,0,0,A,A,0,No Deposit,9.0,0,Transient,140.0,0,2
City Hotel,0,44,2016,October,43,20,0,3,2,0.0,0,SC,GBR,Online TA,TA/TO,0,0,0,A,A,0,No Deposit,9.0,0,Transient,113.7,0,1
City Hotel,0,44,2016,October,43,20,0,3,2,0.0,0,SC,GBR,Online TA,TA/TO,0,0,0,A,A,0,No Deposit,9.0,0,Transient,113.7,0,1
City Hotel,0,192,2016,October,43,21,0,2,2,0.0,0,BB,FRA,Groups,TA/TO,0,0,0,A,A,0,No Deposit,29.0,0,Transient-Party,95.0,0,0
City Hotel,0,25,2016,October,43,21,0,2,2,0.0,0,BB,PRT,Online TA,TA/TO,0,0,0,A,A,1,No Deposit,9.0,0,Transient,139.0,0,1
City Hotel,0,7,2016,October,43,20,0,3,2,0.0,0,BB,GBR,Online TA,TA/TO,0,0,0,A,A,0,No Deposit,7.0,0,Transient,123.2,0,1
City Hotel,0,44,2016,October,43,20,0,3,2,0.0,0,SC,GBR,Online TA,TA/TO,0,0,0,A,A,0,No Deposit,9.0,0,Transient,113.7,0,1
City Hotel,0,17,2016,October,43,19,0,4,2,0.0,0,SC,DEU,Online TA,TA/TO,0,0,0,A,A,0,No Deposit,9.0,0,Transient,140.0,0,1
City Hotel,0,9,2016,October,43,21,0,2,2,0.0,0,BB,PRT,Complementary,Direct,0,0,0,A,A,0,No Deposit,,0,Transient,0.0,0,0
City Hotel,0,0,2016,October,43,21,0,2,2,0.0,0,SC,ITA,Online TA,TA/TO,0,0,0,A,A,0,No Deposit,152.0,0,Transient,63.76,0,0
City Hotel,0,192,2016,October,43,21,0,2,2,0.0,0,BB,FRA,Groups,TA/TO,0,0,0,A,A,0,No Deposit,29.0,0,Transient-Party,95.0,0,0
City Hotel,0,189,2016,October,44,23,1,0,2,0.0,0,SC,NZL,Online TA,TA/TO,0,0,0,A,D,0,No Deposit,9.0,0,Transient,85.5,0,2
City Hotel,0,220,2016,October,43,20,1,3,2,0.0,0,SC,USA,Online TA,TA/TO,0,0,0,A,A,0,No Deposit,8.0,0,Transient,80.75,0,1
City Hotel,0,220,2016,October,43,20,1,3,2,0.0,0,SC,USA,Online TA,TA/TO,0,0,0,A,A,0,No Deposit,8.0,0,Transient,80.75,0,1
City Hotel,0,48,2016,October,43,21,1,2,2,0.0,0,BB,IRL,Offline TA/TO,TA/TO,0,0,0,A,A,0,No Deposit,85.0,0,Transient,85.5,0,1
City Hotel,0,74,2016,October,43,19,1,4,2,0.0,0,BB,DEU,Online TA,TA/TO,0,0,0,D,D,0,No Deposit,7.0,0,Transient,101.87,0,2
City Hotel,0,71,2016,October,43,22,1,1,2,0.0,0,HB,CN,Offline TA/TO,TA/TO,0,0,0,D,D,0,No Deposit,39.0,0,Transient-Party,142.5,0,0
City Hotel,0,71,2016,October,43,22,1,1,2,0.0,0,HB,CN,Offline TA/TO,TA/TO,0,0,0,D,D,0,No Deposit,39.0,0,Transient-Party,142.5,0,0
City Hotel,0,32,2016,October,43,17,2,5,2,0.0,0,BB,ESP,Offline TA/TO,TA/TO,0,0,0,A,D,0,No Deposit,28.0,0,Transient,85.0,0,0
City Hotel,0,71,2016,October,43,21,1,2,2,0.0,0,BB,DEU,Online TA,TA/TO,0,0,0,D,D,0,No Deposit,7.0,0,Transient,101.87,0,1
City Hotel,0,107,2016,October,43,21,1,2,2,0.0,0,SC,CHE,Online TA,TA/TO,0,0,0,A,A,1,No Deposit,9.0,0,Transient,108.0,0,1
City Hotel,0,107,2016,October,43,21,1,2,2,0.0,0,SC,CHE,Online TA,TA/TO,0,0,0,A,A,1,No Deposit,9.0,0,Transient,108.0,0,1
City Hotel,0,77,2016,October,43,20,1,3,2,0.0,0,BB,DEU,Offline TA/TO,TA/TO,0,0,0,D,D,0,No Deposit,132.0,0,Transient,90.95,0,0
City Hotel,0,84,2016,October,43,21,1,2,2,0.0,0,BB,DEU,Offline TA/TO,TA/TO,0,0,0,A,A,0,No Deposit,27.0,0,Transient,80.75,0,2
City Hotel,0,84,2016,October,43,21,1,2,2,0.0,0,BB,DEU,Offline TA/TO,TA/TO,0,0,0,A,A,0,No Deposit,27.0,0,Transient,80.75,0,2
City Hotel,0,273,2016,October,43,21,1,2,2,0.0,0,BB,FRA,Online TA,TA/TO,0,0,0,A,A,0,No Deposit,7.0,0,Transient,76.46,0,1
City Hotel,0,284,2016,October,43,21,1,2,2,0.0,0,BB,FRA,Online TA,TA/TO,0,0,0,A,A,0,No Deposit,7.0,0,Transient,74.15,0,1
City Hotel,0,96,2016,October,43,19,1,4,2,0.0,0,BB,DEU,Online TA,TA/TO,0,0,0,D,D,2,No Deposit,9.0,0,Transient,132.3,0,2
City Hotel,0,37,2016,October,43,22,1,1,2,0.0,0,HB,ESP,Offline TA/TO,TA/TO,0,0,0,A,D,0,No Deposit,28.0,0,Transient,115.0,0,0
City Hotel,0,128,2016,October,43,18,1,5,2,0.0,0,BB,BEL,Online TA,TA/TO,0,0,0,D,D,0,No Deposit,9.0,0,Transient,132.3,0,1
City Hotel,0,235,2016,October,43,19,1,4,2,0.0,0,BB,DEU,Online TA,TA/TO,0,0,0,D,D,0,No Deposit,9.0,0,Transient,103.7,0,2
City Hotel,0,79,2016,October,43,20,1,3,2,0.0,0,BB,PRT,Online TA,TA/TO,0,0,0,D,D,0,No Deposit,9.0,0,Transient,134.55,0,3
City Hotel,0,277,2016,October,43,18,1,5,2,0.0,0,SC,DEU,Online TA,TA/TO,0,0,0,A,A,0,No Deposit,9.0,0,Transient,82.17,0,2
City Hotel,0,64,2016,October,43,19,1,4,2,0.0,0,BB,DEU,Offline TA/TO,TA/TO,0,0,0,D,E,0,No Deposit,22.0,0,Transient,96.3,0,0
City Hotel,0,183,2016,October,43,20,1,3,2,0.0,0,BB,GBR,Online TA,TA/TO,0,0,0,A,A,0,No Deposit,9.0,0,Transient,96.3,0,1
City Hotel,0,228,2016,October,43,20,1,3,2,0.0,0,HB,DEU,Online TA,TA/TO,0,0,0,A,A,0,No Deposit,9.0,0,Transient,123.25,0,3
City Hotel,0,228,2016,October,43,20,1,3,2,0.0,0,HB,DEU,Online TA,TA/TO,0,0,0,A,A,0,No Deposit,9.0,0,Transient,123.25,0,3
City Hotel,0,146,2016,October,43,19,1,4,2,0.0,0,HB,FRA,Online TA,TA/TO,0,0,0,D,D,0,No Deposit,9.0,0,Transient,166.5,0,2
City Hotel,0,84,2016,October,43,17,2,5,2,0.0,0,BB,RUS,Online TA,TA/TO,0,0,0,D,D,0,No Deposit,9.0,0,Transient,132.3,0,1
City Hotel,0,0,2016,October,44,24,1,0,2,0.0,0,BB,PRT,Direct,Direct,0,0,0,A,F,0,No Deposit,,0,Transient,145.0,0,0
City Hotel,0,386,2016,October,44,23,2,0,2,0.0,0,HB,DEU,Offline TA/TO,TA/TO,0,0,0,A,A,0,No Deposit,6.0,0,Transient-Party,115.0,0,1
City Hotel,0,386,2016,October,44,23,2,0,2,0.0,0,HB,DEU,Offline TA/TO,TA/TO,0,0,0,A,A,0,No Deposit,6.0,0,Transient-Party,115.0,0,1
City Hotel,0,386,2016,October,44,23,2,0,2,0.0,0,HB,DEU,Offline TA/TO,TA/TO,0,0,0,A,A,0,No Deposit,6.0,0,Transient-Party,115.0,0,1
City Hotel,0,386,2016,October,44,23,2,0,2,0.0,0,HB,DEU,Offline TA/TO,TA/TO,0,0,0,A,D,0,No Deposit,6.0,0,Transient-Party,115.0,0,1
City Hotel,0,386,2016,October,44,23,2,0,2,0.0,0,HB,DEU,Offline TA/TO,TA/TO,0,0,0,A,A,0,No Deposit,6.0,0,Transient-Party,115.0,0,1
City Hotel,0,386,2016,October,44,23,2,0,2,0.0,0,HB,DEU,Offline TA/TO,TA/TO,0,0,0,A,A,0,No Deposit,6.0,0,Transient-Party,115.0,0,1
City Hotel,0,386,2016,October,44,23,2,0,2,0.0,0,HB,DEU,Offline TA/TO,TA/TO,0,0,0,A,A,0,No Deposit,6.0,0,Transient-Party,115.0,0,1
City Hotel,0,386,2016,October,44,23,2,0,2,0.0,0,HB,DEU,Offline TA/TO,TA/TO,0,0,0,A,A,0,No Deposit,6.0,0,Transient-Party,115.0,0,1
City Hotel,0,386,2016,October,44,23,2,0,2,0.0,0,HB,DEU,Offline TA/TO,TA/TO,0,0,0,A,A,0,No Deposit,6.0,0,Transient-Party,115.0,0,1
City Hotel,0,386,2016,October,44,23,2,0,2,0.0,0,HB,DEU,Offline TA/TO,TA/TO,0,0,0,A,A,0,No Deposit,6.0,0,Transient-Party,115.0,0,1
City Hotel,0,386,2016,October,44,23,2,0,2,0.0,0,HB,DEU,Offline TA/TO,TA/TO,0,0,0,A,A,0,No Deposit,6.0,0,Transient-Party,115.0,0,1
City Hotel,0,386,2016,October,44,23,2,0,2,0.0,0,HB,DEU,Offline TA/TO,TA/TO,0,0,0,A,A,0,No Deposit,6.0,0,Transient-Party,115.0,0,1
City Hotel,0,386,2016,October,44,23,2,0,2,0.0,0,HB,DEU,Offline TA/TO,TA/TO,0,0,0,A,A,0,No Deposit,6.0,0,Transient-Party,115.0,0,1
City Hotel,0,386,2016,October,44,23,2,0,2,0.0,0,HB,DEU,Offline TA/TO,TA/TO,0,0,0,A,A,0,No Deposit,6.0,0,Transient-Party,115.0,0,1
City Hotel,0,386,2016,October,44,23,2,0,2,0.0,0,HB,DEU,Offline TA/TO,TA/TO,0,0,0,A,A,0,No Deposit,6.0,0,Transient-Party,115.0,0,1
City Hotel,0,386,2016,October,44,23,2,0,2,0.0,0,HB,DEU,Offline TA/TO,TA/TO,0,0,0,A,A,0,No Deposit,6.0,0,Transient-Party,115.0,0,1
City Hotel,0,386,2016,October,44,23,2,0,2,0.0,0,HB,DEU,Offline TA/TO,TA/TO,0,0,0,A,A,0,No Deposit,6.0,0,Transient-Party,115.0,0,1
City Hotel,0,386,2016,October,44,23,2,0,2,0.0,0,HB,DEU,Offline TA/TO,TA/TO,0,0,0,A,A,0,No Deposit,6.0,0,Transient-Party,115.0,0,1
City Hotel,0,386,2016,October,44,23,2,0,2,0.0,0,HB,DEU,Offline TA/TO,TA/TO,0,0,0,A,A,0,No Deposit,6.0,0,Transient-Party,115.0,0,1
City Hotel,0,386,2016,October,44,23,2,0,2,0.0,0,HB,DEU,Offline TA/TO,TA/TO,0,0,0,A,A,0,No Deposit,6.0,0,Transient-Party,115.0,0,1
City Hotel,0,386,2016,October,44,23,2,0,2,0.0,0,HB,DEU,Offline TA/TO,TA/TO,0,0,0,A,A,0,No Deposit,6.0,0,Transient-Party,115.0,0,1
City Hotel,0,386,2016,October,44,23,2,0,2,0.0,0,HB,DEU,Offline TA/TO,TA/TO,0,0,0,A,A,0,No Deposit,6.0,0,Transient-Party,115.0,0,1
City Hotel,0,386,2016,October,44,23,2,0,2,0.0,0,HB,DEU,Offline TA/TO,TA/TO,0,0,0,A,A,0,No Deposit,6.0,0,Transient-Party,115.0,0,1
City Hotel,0,386,2016,October,44,23,2,0,2,0.0,0,HB,DEU,Offline TA/TO,TA/TO,0,0,0,A,A,0,No Deposit,6.0,0,Transient-Party,115.0,0,1
City Hotel,0,386,2016,October,44,23,2,0,2,0.0,0,HB,DEU,Offline TA/TO,TA/TO,0,0,0,A,A,0,No Deposit,6.0,0,Transient-Party,115.0,0,1
City Hotel,0,386,2016,October,44,23,2,0,2,0.0,0,HB,DEU,Offline TA/TO,TA/TO,0,0,0,A,A,0,No Deposit,6.0,0,Transient-Party,115.0,0,1
City Hotel,0,386,2016,October,44,23,2,0,2,0.0,0,HB,DEU,Offline TA/TO,TA/TO,0,0,0,A,A,0,No Deposit,6.0,0,Transient-Party,115.0,0,1
City Hotel,0,386,2016,October,44,23,2,0,2,0.0,0,HB,DEU,Offline TA/TO,TA/TO,0,0,0,A,A,0,No Deposit,6.0,0,Transient-Party,115.0,0,1
City Hotel,0,386,2016,October,44,23,2,0,2,0.0,0,HB,DEU,Offline TA/TO,TA/TO,0,0,0,A,A,0,No Deposit,6.0,0,Transient-Party,115.0,0,1
City Hotel,0,386,2016,October,44,23,2,0,2,0.0,0,HB,DEU,Offline TA/TO,TA/TO,0,0,0,A,A,0,No Deposit,6.0,0,Transient-Party,115.0,0,1
City Hotel,0,386,2016,October,44,23,2,0,2,0.0,0,HB,DEU,Offline TA/TO,TA/TO,0,0,0,A,A,0,No Deposit,6.0,0,Transient-Party,115.0,0,1
City Hotel,0,386,2016,October,44,23,2,0,2,0.0,0,HB,DEU,Offline TA/TO,TA/TO,0,0,0,A,A,0,No Deposit,6.0,0,Transient-Party,115.0,0,1
City Hotel,0,386,2016,October,44,23,2,0,2,0.0,0,HB,DEU,Offline TA/TO,TA/TO,0,0,0,A,A,0,No Deposit,6.0,0,Transient-Party,115.0,0,1
City Hotel,0,386,2016,October,44,23,2,0,2,0.0,0,HB,DEU,Offline TA/TO,TA/TO,0,0,0,A,A,0,No Deposit,6.0,0,Transient-Party,115.0,0,1
City Hotel,0,386,2016,October,44,23,2,0,2,0.0,0,HB,DEU,Offline TA/TO,TA/TO,0,0,0,A,A,0,No Deposit,6.0,0,Transient-Party,115.0,0,1
City Hotel,0,386,2016,October,44,23,2,0,2,0.0,0,HB,DEU,Offline TA/TO,TA/TO,0,0,0,A,A,0,No Deposit,6.0,0,Transient-Party,115.0,0,1
City Hotel,0,386,2016,October,44,23,2,0,2,0.0,0,HB,DEU,Offline TA/TO,TA/TO,0,0,0,A,A,0,No Deposit,6.0,0,Transient-Party,115.0,0,1
City Hotel,0,79,2016,October,43,20,2,3,2,0.0,0,BB,ROU,Online TA,TA/TO,0,0,0,D,D,0,No Deposit,9.0,0,Transient,132.3,0,1
City Hotel,0,386,2016,October,44,23,2,0,2,0.0,0,HB,DEU,Offline TA/TO,TA/TO,0,0,0,A,A,0,No Deposit,6.0,0,Transient-Party,115.0,0,1
City Hotel,0,386,2016,October,44,23,2,0,2,0.0,0,HB,DEU,Offline TA/TO,TA/TO,0,0,0,A,A,0,No Deposit,6.0,0,Transient-Party,115.0,0,1
City Hotel,0,386,2016,October,44,23,2,0,2,0.0,0,HB,DEU,Offline TA/TO,TA/TO,0,0,0,A,A,0,No Deposit,6.0,0,Transient-Party,115.0,0,1
City Hotel,0,386,2016,October,44,23,2,0,2,0.0,0,HB,DEU,Offline TA/TO,TA/TO,0,0,0,A,A,0,No Deposit,6.0,0,Transient-Party,109.0,0,0
City Hotel,0,386,2016,October,44,23,2,0,2,0.0,0,HB,DEU,Offline TA/TO,TA/TO,0,0,0,A,A,0,No Deposit,6.0,0,Transient-Party,115.0,0,1
City Hotel,0,386,2016,October,44,23,2,0,2,0.0,0,HB,DEU,Offline TA/TO,TA/TO,0,0,0,A,A,0,No Deposit,6.0,0,Transient-Party,115.0,0,1
City Hotel,0,386,2016,October,44,23,2,0,2,0.0,0,HB,DEU,Offline TA/TO,TA/TO,0,0,0,A,A,0,No Deposit,6.0,0,Transient-Party,115.0,0,1
City Hotel,0,386,2016,October,44,23,2,0,2,0.0,0,HB,DEU,Offline TA/TO,TA/TO,0,0,0,A,A,0,No Deposit,6.0,0,Transient-Party,115.0,0,1
City Hotel,0,386,2016,October,44,23,2,0,2,0.0,0,HB,DEU,Offline TA/TO,TA/TO,0,0,0,A,A,0,No Deposit,6.0,0,Transient-Party,115.0,0,1
City Hotel,0,386,2016,October,44,23,2,0,2,0.0,0,HB,DEU,Offline TA/TO,TA/TO,0,0,0,A,A,0,No Deposit,6.0,0,Transient-Party,115.0,0,1
City Hotel,0,211,2016,October,43,21,2,2,2,0.0,0,BB,FRA,Online TA,TA/TO,0,0,0,A,A,0,No Deposit,11.0,0,Transient,72.76,0,0
City Hotel,0,229,2016,October,43,21,2,2,2,0.0,0,BB,NLD,Direct,Direct,0,0,0,A,A,0,No Deposit,14.0,0,Transient,80.75,0,2
City Hotel,0,386,2016,October,44,23,2,0,2,0.0,0,HB,DEU,Offline TA/TO,TA/TO,0,0,0,A,A,0,No Deposit,6.0,0,Transient-Party,115.0,0,1
City Hotel,0,386,2016,October,44,23,2,0,2,0.0,0,HB,DEU,Offline TA/TO,TA/TO,0,0,0,A,A,0,No Deposit,6.0,0,Transient-Party,115.0,0,1
City Hotel,0,386,2016,October,44,23,2,0,2,0.0,0,HB,DEU,Offline TA/TO,TA/TO,0,0,0,A,A,0,No Deposit,6.0,0,Transient-Party,115.0,0,1
City Hotel,0,96,2016,October,43,21,2,2,2,0.0,0,BB,GBR,Online TA,TA/TO,0,0,0,A,A,0,No Deposit,9.0,0,Transient,118.8,0,2
City Hotel,0,131,2016,October,43,21,2,2,2,0.0,0,BB,DEU,Online TA,TA/TO,0,0,0,A,A,0,No Deposit,7.0,0,Transient,86.9,0,1
City Hotel,0,386,2016,October,44,23,2,0,2,0.0,0,HB,DEU,Offline TA/TO,TA/TO,0,0,0,A,A,0,No Deposit,6.0,0,Transient-Party,115.0,0,1
City Hotel,0,4,2016,October,44,24,1,0,2,0.0,0,SC,FRA,Online TA,TA/TO,0,0,0,D,D,0,No Deposit,152.0,0,Transient,110.71,0,0
City Hotel,0,1,2016,October,44,24,1,0,2,0.0,0,BB,PRT,Direct,Direct,0,0,0,D,D,0,No Deposit,,0,Transient,130.5,0,0
City Hotel,0,386,2016,October,44,23,2,0,2,0.0,0,HB,AUT,Offline TA/TO,TA/TO,0,0,0,A,A,0,No Deposit,6.0,0,Transient-Party,115.0,0,1
City Hotel,0,65,2016,October,44,24,1,0,2,0.0,0,BB,PRT,Groups,TA/TO,0,0,0,A,D,0,No Deposit,37.0,0,Transient,120.0,0,0
City Hotel,0,81,2016,October,43,22,2,2,2,0.0,0,BB,IRL,Offline TA/TO,TA/TO,0,0,0,A,A,0,No Deposit,22.0,0,Transient,80.75,0,0
City Hotel,0,209,2016,October,43,21,2,3,2,0.0,0,BB,BRA,Online TA,TA/TO,0,0,0,A,A,0,No Deposit,9.0,0,Transient,96.3,0,1
City Hotel,0,2,2016,October,44,25,0,1,2,0.0,0,BB,PRT,Online TA,TA/TO,0,0,0,A,A,0,No Deposit,9.0,0,Transient,140.0,0,0
City Hotel,0,239,2016,October,44,23,2,1,2,0.0,0,BB,FRA,Online TA,TA/TO,0,0,0,A,D,0,No Deposit,9.0,0,Transient,96.3,0,0
City Hotel,0,87,2016,October,44,23,2,1,2,0.0,0,HB,ESP,Offline TA/TO,TA/TO,0,0,0,A,C,0,No Deposit,42.0,0,Transient,106.25,0,1
City Hotel,0,87,2016,October,44,23,2,1,2,0.0,0,HB,ESP,Offline TA/TO,TA/TO,0,0,0,A,D,0,No Deposit,42.0,0,Transient,106.25,0,1
City Hotel,0,87,2016,October,44,23,2,1,2,0.0,0,HB,ESP,Offline TA/TO,TA/TO,0,0,0,A,D,0,No Deposit,42.0,0,Transient,112.25,0,1
City Hotel,0,219,2016,October,43,22,2,2,2,0.0,0,BB,GRC,Online TA,TA/TO,0,0,0,A,A,0,No Deposit,9.0,0,Transient,90.95,0,2
City Hotel,0,189,2016,October,43,19,2,5,2,0.0,0,BB,DEU,Offline TA/TO,TA/TO,0,0,0,A,A,0,No Deposit,83.0,0,Transient,72.76,0,0
City Hotel,0,101,2016,October,44,23,2,1,2,0.0,0,BB,AUT,Offline TA/TO,TA/TO,0,0,0,A,A,0,No Deposit,22.0,0,Transient,80.75,0,0
City Hotel,0,87,2016,October,44,23,2,1,2,0.0,0,BB,DEU,Offline TA/TO,TA/TO,0,0,0,A,A,0,No Deposit,16.0,0,Transient,80.75,0,1
City Hotel,0,104,2016,October,44,23,2,1,2,0.0,0,BB,GBR,Offline TA/TO,TA/TO,0,0,0,D,E,0,No Deposit,22.0,0,Transient,90.95,0,0
City Hotel,0,87,2016,October,44,23,2,1,2,0.0,0,BB,DEU,Offline TA/TO,TA/TO,0,0,0,A,A,0,No Deposit,16.0,0,Transient,80.75,0,1
City Hotel,0,1,2016,October,44,25,0,1,2,0.0,0,BB,GBR,Direct,Direct,0,0,0,A,A,2,No Deposit,14.0,0,Transient,123.33,0,0
City Hotel,0,1,2016,October,44,25,0,1,2,0.0,0,BB,GBR,Direct,Direct,0,0,0,A,A,2,No Deposit,14.0,0,Transient,123.33,0,0
City Hotel,0,1,2016,October,44,25,0,1,2,0.0,0,BB,GBR,Direct,Direct,0,0,0,A,A,2,No Deposit,14.0,0,Transient,123.33,0,0
City Hotel,0,244,2016,October,43,22,2,2,2,0.0,0,BB,FRA,Online TA,TA/TO,0,0,0,A,A,0,No Deposit,9.0,0,Transient,90.95,0,2
City Hotel,0,0,2016,October,44,24,1,1,2,0.0,0,BB,DEU,Online TA,TA/TO,0,0,0,A,D,0,No Deposit,9.0,0,Transient,149.0,0,1
City Hotel,0,43,2016,October,44,25,0,1,2,0.0,0,BB,FRA,Online TA,TA/TO,0,0,0,A,A,0,No Deposit,9.0,0,Transient,119.0,0,1
City Hotel,0,115,2016,October,44,23,2,1,2,0.0,0,SC,FRA,Online TA,TA/TO,0,0,0,A,D,0,No Deposit,9.0,0,Transient,98.7,0,0
City Hotel,0,283,2016,October,44,23,2,1,2,0.0,0,BB,GBR,Online TA,TA/TO,0,0,0,D,D,0,No Deposit,9.0,0,Transient-Party,111.3,0,1
City Hotel,0,283,2016,October,44,23,2,1,2,0.0,0,BB,GBR,Online TA,TA/TO,0,0,0,D,D,0,No Deposit,9.0,0,Transient-Party,111.3,0,1
City Hotel,0,189,2016,October,43,22,2,2,2,0.0,0,BB,GBR,Online TA,TA/TO,0,0,0,A,A,0,No Deposit,7.0,0,Transient,70.44,0,1
City Hotel,0,189,2016,October,43,22,2,2,2,0.0,0,BB,GBR,Online TA,TA/TO,0,0,0,A,A,0,No Deposit,7.0,0,Transient,70.44,0,1
City Hotel,0,7,2016,October,44,25,0,1,2,0.0,0,SC,USA,Online TA,TA/TO,0,0,0,A,A,0,No Deposit,8.0,0,Transient,120.0,0,1
City Hotel,0,72,2016,October,43,20,2,4,2,0.0,0,BB,DEU,Online TA,TA/TO,0,0,0,D,D,0,No Deposit,9.0,0,Transient,127.65,0,2
City Hotel,0,65,2016,October,44,23,2,1,2,0.0,0,BB,GBR,Offline TA/TO,TA/TO,0,0,0,A,A,0,No Deposit,138.0,0,Transient,80.75,0,1
City Hotel,0,22,2016,October,44,25,0,1,2,0.0,0,SC,NOR,Direct,Direct,0,0,0,A,A,0,No Deposit,14.0,0,Transient,110.0,0,0
City Hotel,0,65,2016,October,44,23,2,1,2,0.0,0,BB,GBR,Offline TA/TO,TA/TO,0,0,0,A,A,0,No Deposit,138.0,0,Transient,80.75,0,1
City Hotel,0,47,2016,October,44,24,1,1,2,0.0,0,BB,GBR,Online TA,TA/TO,0,0,0,D,E,0,No Deposit,7.0,0,Transient,101.72,0,1
City Hotel,0,0,2016,October,44,24,1,1,2,0.0,0,SC,ITA,Online TA,TA/TO,0,0,0,A,A,0,No Deposit,152.0,0,Transient,71.73,0,0
City Hotel,0,88,2016,October,44,25,0,2,2,0.0,0,BB,POL,Online TA,TA/TO,0,0,0,D,D,0,No Deposit,9.0,0,Transient,104.4,0,1
City Hotel,0,64,2016,October,44,25,0,2,2,0.0,0,SC,KWT,Online TA,TA/TO,0,0,0,A,A,0,No Deposit,9.0,0,Transient,80.1,0,0
City Hotel,0,238,2016,October,43,22,2,3,2,0.0,0,BB,CHE,Direct,Direct,0,0,0,B,B,1,No Deposit,14.0,0,Transient-Party,81.28,0,0
City Hotel,0,46,2016,October,44,25,0,2,2,0.0,0,SC,DEU,Online TA,TA/TO,0,0,0,A,A,0,No Deposit,8.0,0,Transient,119.5,0,2
City Hotel,0,117,2016,October,44,24,1,2,2,0.0,0,BB,FRA,Offline TA/TO,TA/TO,0,0,0,A,D,0,No Deposit,85.0,0,Transient,80.75,0,0
City Hotel,0,85,2016,October,44,26,0,1,2,0.0,0,BB,BRA,Online TA,TA/TO,0,0,0,A,A,0,No Deposit,9.0,0,Transient,90.9,0,3
City Hotel,0,10,2016,October,44,26,0,1,2,0.0,0,SC,GBR,Online TA,TA/TO,0,0,0,A,E,0,No Deposit,9.0,0,Transient,120.0,0,2
City Hotel,0,214,2016,October,43,20,2,5,2,0.0,0,BB,ITA,Online TA,TA/TO,0,0,0,A,A,1,No Deposit,8.0,0,Transient,90.95,0,1
City Hotel,0,151,2016,October,44,23,2,2,2,0.0,0,BB,IRL,Online TA,TA/TO,0,0,0,A,A,0,No Deposit,9.0,0,Transient,104.85,0,2
City Hotel,0,40,2016,October,44,24,1,2,2,0.0,0,BB,FRA,Offline TA/TO,TA/TO,0,0,0,A,A,0,No Deposit,28.0,0,Transient,85.0,0,0
City Hotel,0,40,2016,October,44,24,1,2,2,0.0,0,BB,FRA,Offline TA/TO,TA/TO,0,0,0,A,A,0,No Deposit,28.0,0,Transient,85.0,0,0
City Hotel,0,0,2016,October,44,26,0,1,2,0.0,0,BB,FRA,Direct,Direct,0,0,0,A,C,0,No Deposit,,0,Transient,126.0,0,0
City Hotel,0,101,2016,October,44,24,1,2,2,0.0,0,BB,ISR,Online TA,TA/TO,0,0,0,A,D,0,No Deposit,9.0,0,Transient,100.2,0,4
City Hotel,0,101,2016,October,44,24,1,2,2,0.0,0,BB,ISR,Online TA,TA/TO,0,0,0,A,D,0,No Deposit,9.0,0,Transient,100.2,0,4
City Hotel,0,134,2016,October,44,24,1,2,2,0.0,0,BB,CHE,Online TA,TA/TO,0,0,0,D,D,0,No Deposit,9.0,0,Transient,113.7,0,1
City Hotel,0,52,2016,October,44,23,2,2,2,0.0,0,SC,DEU,Offline TA/TO,TA/TO,0,0,0,A,A,0,No Deposit,85.0,0,Transient,76.5,0,0
City Hotel,0,107,2016,October,44,23,2,2,2,0.0,0,BB,GBR,Offline TA/TO,TA/TO,0,0,0,A,A,0,No Deposit,83.0,0,Transient,79.22,0,0
City Hotel,0,49,2016,October,44,25,0,2,2,0.0,0,BB,GBR,Offline TA/TO,TA/TO,0,0,0,A,A,0,No Deposit,22.0,0,Transient,85.5,0,0
City Hotel,0,161,2016,October,44,25,0,2,2,0.0,0,SC,AUT,Online TA,TA/TO,0,0,0,A,A,0,No Deposit,9.0,0,Transient,80.1,0,3
City Hotel,0,133,2016,October,44,23,2,2,2,0.0,0,BB,GBR,Direct,Direct,0,0,0,D,D,0,No Deposit,14.0,0,Transient,108.38,0,1
City Hotel,0,133,2016,October,44,23,2,2,2,0.0,0,BB,GBR,Direct,Direct,0,0,0,D,D,0,No Deposit,14.0,0,Transient,108.38,0,1
City Hotel,0,133,2016,October,44,23,2,2,2,0.0,0,BB,GBR,Direct,Direct,0,0,0,D,D,0,No Deposit,14.0,0,Transient,108.38,0,0
City Hotel,0,117,2016,October,44,24,1,2,2,0.0,0,BB,FRA,Offline TA/TO,TA/TO,0,0,0,D,D,0,No Deposit,85.0,0,Transient,90.95,0,0
City Hotel,0,221,2016,October,43,22,2,3,2,0.0,0,BB,DEU,Online TA,TA/TO,0,0,0,A,A,0,No Deposit,9.0,0,Transient,90.95,0,2
City Hotel,0,7,2016,October,44,26,0,1,2,0.0,0,SC,PRT,Online TA,TA/TO,0,0,0,A,E,0,No Deposit,9.0,0,Transient,120.0,0,0
City Hotel,0,5,2016,October,44,26,0,1,2,0.0,0,BB,PRT,Complementary,Direct,0,0,0,E,F,0,No Deposit,,0,Transient,0.0,0,2
City Hotel,0,97,2016,October,43,22,2,3,2,0.0,0,BB,GBR,Online TA,TA/TO,0,0,0,D,D,0,No Deposit,9.0,0,Transient,121.14,0,3
City Hotel,0,64,2016,October,44,25,0,2,2,0.0,0,BB,ITA,Online TA,TA/TO,0,0,0,D,D,0,No Deposit,7.0,0,Transient,85.93,0,1
City Hotel,0,65,2016,October,44,27,0,1,2,0.0,0,BB,PRT,Online TA,TA/TO,0,0,0,A,D,0,No Deposit,7.0,0,Transient,75.54,0,1
City Hotel,0,208,2016,October,44,23,2,2,2,0.0,0,BB,GBR,Online TA,TA/TO,0,0,0,B,B,0,No Deposit,9.0,0,Transient-Party,88.77,0,2
City Hotel,0,115,2016,October,44,26,0,1,2,0.0,0,BB,BEL,Online TA,TA/TO,0,0,0,A,A,0,No Deposit,9.0,0,Transient,90.9,0,1
City Hotel,0,267,2016,October,44,25,0,2,2,0.0,0,BB,DEU,Offline TA/TO,TA/TO,0,0,0,A,A,0,No Deposit,27.0,0,Transient,80.75,0,0
City Hotel,0,0,2016,October,44,28,0,0,2,0.0,0,SC,PRT,Online TA,TA/TO,1,0,0,A,A,0,No Deposit,8.0,0,Transient,0.0,0,1
City Hotel,0,39,2016,October,44,24,1,3,2,0.0,0,BB,FRA,Offline TA/TO,TA/TO,0,0,0,A,A,0,No Deposit,28.0,0,Transient,85.0,0,0
City Hotel,0,232,2016,October,44,23,2,3,2,0.0,0,BB,DEU,Online TA,TA/TO,0,0,0,A,A,0,No Deposit,7.0,0,Transient,66.53,0,1
City Hotel,0,173,2016,October,44,25,0,3,2,0.0,0,BB,CHE,Online TA,TA/TO,0,0,0,D,D,0,No Deposit,9.0,0,Transient,104.4,0,2
City Hotel,0,36,2016,October,44,25,0,3,2,0.0,0,SC,GBR,Online TA,TA/TO,0,0,0,A,A,0,No Deposit,9.0,0,Transient,109.0,0,2
City Hotel,0,226,2016,October,44,25,0,3,2,0.0,0,HB,GBR,Offline TA/TO,TA/TO,0,0,0,A,A,1,No Deposit,83.0,0,Transient,102.76,0,0
City Hotel,0,267,2016,October,44,24,1,3,2,0.0,0,BB,CHE,Online TA,TA/TO,0,0,0,D,D,0,No Deposit,9.0,0,Transient,105.83,0,1
City Hotel,0,20,2016,October,44,25,0,3,2,0.0,0,SC,AUS,Online TA,TA/TO,0,0,0,A,A,0,No Deposit,9.0,0,Transient,110.0,0,1
City Hotel,0,0,2016,November,47,14,1,0,2,0.0,0,BB,PRT,Corporate,Corporate,1,0,1,A,A,0,No Deposit,,0,Transient,77.0,1,0
City Hotel,0,181,2016,October,44,27,0,1,2,0.0,0,BB,DEU,Direct,Direct,0,0,0,A,A,0,No Deposit,14.0,0,Transient,80.1,0,1
City Hotel,0,54,2016,October,44,24,1,3,2,0.0,0,BB,BEL,Direct,Direct,0,0,0,E,E,0,No Deposit,14.0,0,Transient,155.7,1,1
City Hotel,0,109,2016,October,44,25,0,3,2,0.0,0,BB,CHE,Online TA,TA/TO,0,0,0,A,A,0,No Deposit,7.0,0,Transient,66.49,0,1
City Hotel,0,109,2016,October,44,25,0,3,2,0.0,0,BB,CHE,Online TA,TA/TO,0,0,0,A,A,0,No Deposit,7.0,0,Transient,66.49,0,1
City Hotel,0,239,2016,October,44,24,1,3,2,0.0,0,SC,DEU,Online TA,TA/TO,0,0,0,A,A,0,No Deposit,9.0,0,Transient,80.75,0,1
City Hotel,0,29,2016,October,44,25,0,3,2,0.0,0,BB,FRA,Offline TA/TO,TA/TO,0,0,0,A,A,0,No Deposit,28.0,0,Transient,85.0,0,0
City Hotel,0,83,2016,October,44,25,0,3,2,0.0,0,BB,NLD,Online TA,TA/TO,0,0,0,D,D,0,No Deposit,9.0,0,Transient,104.4,0,0
City Hotel,0,123,2016,October,43,21,2,5,2,0.0,0,BB,FRA,Online TA,TA/TO,0,0,0,D,D,0,No Deposit,9.0,0,Transient,120.34,0,0
City Hotel,0,123,2016,October,43,21,2,5,2,0.0,0,BB,FRA,Online TA,TA/TO,0,0,0,D,D,0,No Deposit,9.0,0,Transient,129.34,0,0
City Hotel,0,82,2016,October,44,26,0,2,2,0.0,0,BB,ARG,Online TA,TA/TO,0,0,0,D,A,0,No Deposit,7.0,0,Transient,80.39,0,1
City Hotel,0,36,2016,October,44,25,0,3,2,0.0,0,BB,FRA,Offline TA/TO,TA/TO,0,0,0,A,A,0,No Deposit,28.0,0,Transient,85.0,0,0
City Hotel,0,45,2016,October,44,26,0,2,2,0.0,0,SC,FRA,Online TA,TA/TO,0,0,0,A,A,0,No Deposit,9.0,0,Transient,119.5,0,0
City Hotel,0,72,2016,October,44,26,0,2,2,0.0,0,BB,FRA,Online TA,TA/TO,0,0,0,D,D,1,No Deposit,9.0,0,Transient,104.4,0,0
City Hotel,0,41,2016,October,44,24,1,3,2,0.0,0,BB,FRA,Offline TA/TO,TA/TO,0,0,0,A,A,0,No Deposit,28.0,0,Transient,85.0,0,0
City Hotel,0,78,2016,October,44,26,0,2,2,0.0,0,HB,GBR,Online TA,TA/TO,0,0,0,D,D,0,No Deposit,9.0,0,Transient,138.6,0,1
City Hotel,0,178,2016,October,44,24,1,3,2,0.0,0,HB,FRA,Offline TA/TO,TA/TO,0,0,0,A,B,1,No Deposit,173.0,0,Transient,106.25,0,1
City Hotel,0,178,2016,October,44,24,1,3,2,0.0,0,HB,FRA,Offline TA/TO,TA/TO,0,0,0,A,B,1,No Deposit,173.0,0,Transient,106.25,0,1
City Hotel,0,129,2016,October,44,24,1,3,2,0.0,0,BB,AUT,Offline TA/TO,TA/TO,0,0,0,A,A,0,No Deposit,27.0,0,Transient,80.75,0,0
City Hotel,0,55,2016,October,44,23,2,3,2,0.0,0,SC,GBR,Offline TA/TO,TA/TO,0,0,0,A,A,0,No Deposit,138.0,0,Transient,72.25,0,0
City Hotel,0,40,2016,October,44,25,0,3,2,0.0,0,BB,FRA,Offline TA/TO,TA/TO,0,0,0,A,A,0,No Deposit,28.0,0,Transient,85.0,0,0
City Hotel,0,22,2016,October,44,25,0,3,2,0.0,0,SC,AUT,Direct,Direct,0,0,0,A,A,0,No Deposit,14.0,0,Transient,114.0,1,0
City Hotel,0,152,2016,October,44,25,0,3,2,0.0,0,BB,GBR,Direct,Direct,0,0,0,D,E,0,No Deposit,14.0,0,Transient,95.2,0,0
City Hotel,0,40,2016,October,44,24,1,3,2,0.0,0,BB,FRA,Offline TA/TO,TA/TO,0,0,0,A,A,0,No Deposit,28.0,0,Transient,85.0,0,0
City Hotel,0,172,2016,October,44,23,2,3,2,0.0,0,BB,DEU,Offline TA/TO,TA/TO,0,0,0,A,A,0,No Deposit,27.0,0,Transient,80.75,0,0
City Hotel,0,32,2016,October,44,25,0,3,2,0.0,0,BB,FRA,Offline TA/TO,TA/TO,0,0,0,A,A,0,No Deposit,28.0,0,Transient,85.0,0,1
City Hotel,0,47,2016,October,44,27,0,1,2,0.0,0,BB,DEU,Online TA,TA/TO,0,0,0,A,A,0,No Deposit,9.0,0,Transient,128.0,0,1
City Hotel,0,41,2016,October,44,25,0,3,2,0.0,0,BB,FRA,Offline TA/TO,TA/TO,0,0,0,A,A,0,No Deposit,28.0,0,Transient,85.0,0,0
City Hotel,0,62,2016,October,44,25,0,3,2,0.0,0,BB,GBR,Online TA,TA/TO,0,0,0,D,A,0,No Deposit,9.0,0,Transient,111.6,0,1
City Hotel,0,22,2016,October,44,25,0,3,2,0.0,0,BB,PRT,Online TA,TA/TO,0,0,0,A,A,2,No Deposit,9.0,0,Transient,139.0,1,1
City Hotel,0,119,2016,October,44,24,1,3,2,0.0,0,BB,FRA,Online TA,TA/TO,0,0,0,D,D,2,No Deposit,7.0,0,Transient,81.47,0,1
City Hotel,0,32,2016,October,44,24,1,3,2,0.0,0,BB,CHE,Offline TA/TO,TA/TO,0,0,0,A,A,0,No Deposit,28.0,0,Transient,85.0,0,0
City Hotel,0,88,2016,October,43,22,2,4,2,0.0,0,HB,FRA,Offline TA/TO,TA/TO,0,0,0,A,A,0,No Deposit,42.0,0,Transient,106.25,0,0
City Hotel,0,88,2016,October,43,22,2,4,2,0.0,0,HB,FRA,Offline TA/TO,TA/TO,0,0,0,A,A,0,No Deposit,42.0,0,Transient,106.25,0,0
City Hotel,0,0,2016,October,44,27,0,1,2,0.0,0,BB,ITA,Online TA,TA/TO,0,0,0,A,A,0,No Deposit,9.0,0,Transient,90.9,0,1
City Hotel,0,1,2016,October,44,25,0,3,2,0.0,0,BB,FRA,Offline TA/TO,TA/TO,0,0,0,D,D,0,No Deposit,28.0,0,Transient,107.0,0,0
City Hotel,0,13,2016,October,44,25,0,3,2,0.0,0,SC,CHE,Online TA,TA/TO,0,0,0,A,A,0,No Deposit,7.0,0,Transient,87.78,0,1
City Hotel,0,96,2016,October,44,24,1,3,2,0.0,0,BB,CHE,Online TA,TA/TO,0,0,0,A,A,0,No Deposit,9.0,0,Transient,100.13,1,3
City Hotel,0,144,2016,October,44,23,2,3,2,0.0,0,SC,GBR,Online TA,TA/TO,0,0,0,A,D,0,No Deposit,9.0,0,Transient,91.26,0,2
City Hotel,0,104,2016,October,44,25,0,3,2,0.0,0,HB,FRA,Online TA,TA/TO,0,0,0,A,A,0,No Deposit,9.0,0,Transient,125.1,0,1
City Hotel,0,20,2016,October,44,27,0,1,2,0.0,0,SC,NLD,Offline TA/TO,TA/TO,0,0,0,A,D,0,No Deposit,28.0,0,Transient,85.0,0,0
City Hotel,0,261,2016,October,43,22,2,4,2,0.0,0,BB,FRA,Online TA,TA/TO,0,0,0,A,A,0,No Deposit,9.0,0,Transient,93.78,0,1
City Hotel,0,46,2016,October,44,24,1,3,2,0.0,0,BB,DEU,Offline TA/TO,TA/TO,0,0,0,A,A,0,No Deposit,168.0,0,Transient,85.5,0,0
City Hotel,0,12,2016,October,44,23,2,3,2,0.0,0,BB,POL,Online TA,TA/TO,0,0,0,A,A,0,No Deposit,9.0,0,Transient,94.35,0,2
City Hotel,0,269,2016,October,43,18,2,8,2,0.0,0,BB,BRA,Online TA,TA/TO,0,0,0,A,A,0,No Deposit,7.0,0,Transient,67.77,0,1
City Hotel,0,65,2016,October,44,26,0,2,2,0.0,0,BB,CZE,Online TA,TA/TO,0,0,0,A,A,2,No Deposit,9.0,0,Transient,113.55,0,2
City Hotel,0,40,2016,October,44,25,0,3,2,0.0,0,BB,FRA,Offline TA/TO,TA/TO,0,0,0,A,A,0,No Deposit,28.0,0,Transient,85.0,0,0
City Hotel,0,77,2016,October,44,25,0,3,2,0.0,0,BB,GBR,Online TA,TA/TO,0,0,0,D,D,0,No Deposit,9.0,0,Transient,104.4,0,2
City Hotel,0,36,2016,October,44,25,0,3,2,0.0,0,BB,FRA,Offline TA/TO,TA/TO,0,0,0,A,A,0,No Deposit,28.0,0,Transient,85.0,0,0
City Hotel,0,28,2016,October,44,25,0,3,2,0.0,0,BB,PRT,Online TA,TA/TO,0,0,0,A,A,0,No Deposit,9.0,0,Transient,129.0,0,0
City Hotel,0,6,2016,October,44,27,0,1,2,0.0,0,BB,PRT,Offline TA/TO,TA/TO,0,0,0,A,D,0,No Deposit,28.0,0,Transient,95.0,0,0
City Hotel,0,21,2016,October,44,25,0,3,2,0.0,0,SC,PRT,Offline TA/TO,TA/TO,0,0,0,A,A,0,No Deposit,6.0,0,Transient,85.0,0,0
City Hotel,0,36,2016,October,44,25,0,3,2,0.0,0,BB,FRA,Offline TA/TO,TA/TO,0,0,0,A,A,0,No Deposit,28.0,0,Transient,85.0,0,0
City Hotel,0,17,2016,October,44,27,0,1,2,0.0,0,SC,SWE,Online TA,TA/TO,0,0,0,A,K,0,No Deposit,,0,Transient,110.0,0,2
City Hotel,0,4,2016,October,44,25,0,3,2,0.0,0,BB,PRT,Offline TA/TO,TA/TO,0,0,0,A,A,0,No Deposit,28.0,0,Transient,95.0,0,0
City Hotel,0,13,2016,October,44,25,0,3,2,0.0,0,SC,CHE,Online TA,TA/TO,0,0,0,A,A,0,No Deposit,7.0,0,Transient,87.78,0,1
City Hotel,0,77,2016,October,44,25,0,3,2,0.0,0,BB,GBR,Online TA,TA/TO,0,0,0,D,D,0,No Deposit,9.0,0,Transient,104.4,0,2
City Hotel,0,119,2016,October,44,24,1,3,2,0.0,0,HB,FRA,Offline TA/TO,TA/TO,0,0,0,A,A,0,No Deposit,173.0,0,Transient,106.25,0,0
City Hotel,0,0,2016,October,44,29,1,1,2,0.0,0,BB,ESP,Online TA,TA/TO,1,0,0,A,A,1,No Deposit,9.0,0,Transient,12.0,0,3
City Hotel,0,0,2016,October,44,29,1,1,2,0.0,0,BB,ESP,Online TA,TA/TO,1,0,0,A,A,2,No Deposit,9.0,0,Transient,21.0,0,4
City Hotel,0,0,2016,October,44,29,1,1,2,0.0,0,BB,ESP,Online TA,TA/TO,1,0,0,A,A,1,No Deposit,9.0,0,Transient,12.0,0,4
City Hotel,0,0,2016,October,44,29,0,0,2,0.0,0,BB,PRT,Offline TA/TO,TA/TO,1,0,0,A,D,0,No Deposit,28.0,0,Transient,0.0,0,1
City Hotel,0,68,2016,October,44,25,0,4,2,0.0,0,BB,CN,Online TA,TA/TO,0,0,0,D,D,0,No Deposit,7.0,0,Transient,71.46,0,1
City Hotel,0,91,2016,October,44,24,1,4,2,0.0,0,BB,CMR,Online TA,TA/TO,0,0,0,D,D,0,No Deposit,9.0,0,Transient,109.98,0,0
City Hotel,0,2,2016,October,44,27,0,2,2,0.0,0,SC,ITA,Online TA,TA/TO,0,0,0,A,A,0,No Deposit,9.0,0,Transient,130.0,0,3
City Hotel,0,26,2016,October,44,28,0,1,2,0.0,0,SC,SWE,Online TA,TA/TO,0,0,0,A,A,1,No Deposit,9.0,0,Transient,110.0,0,2
City Hotel,0,39,2016,October,44,27,0,2,2,0.0,0,BB,CHN,Online TA,TA/TO,0,0,0,D,D,0,No Deposit,9.0,0,Transient,129.6,0,1
City Hotel,0,3,2016,October,44,26,0,3,2,0.0,0,BB,FRA,Direct,Direct,0,0,0,A,A,0,No Deposit,14.0,0,Transient,110.83,0,1
City Hotel,0,2,2016,October,44,25,0,4,2,0.0,0,BB,FRA,Direct,Direct,0,0,0,A,A,0,No Deposit,14.0,0,Transient,109.38,0,1
City Hotel,0,2,2016,October,44,25,0,4,2,0.0,0,BB,FRA,Direct,Direct,0,0,0,A,A,0,No Deposit,14.0,0,Transient,109.38,0,1
City Hotel,0,2,2016,October,44,25,0,4,2,0.0,0,BB,FRA,Direct,Direct,0,0,0,A,A,0,No Deposit,14.0,0,Transient,109.38,0,1
City Hotel,0,290,2016,October,44,24,1,4,2,0.0,0,BB,DEU,Online TA,TA/TO,0,0,0,A,D,0,No Deposit,9.0,0,Transient,90.95,0,2
City Hotel,0,57,2016,October,44,28,0,1,2,0.0,0,BB,DEU,Online TA,TA/TO,0,0,0,A,A,0,No Deposit,9.0,0,Transient,116.1,0,2
City Hotel,0,37,2016,October,44,27,0,2,2,0.0,0,SC,JPN,Online TA,TA/TO,0,0,0,A,A,1,No Deposit,9.0,0,Transient,109.0,0,1
City Hotel,0,22,2016,October,44,25,0,4,2,0.0,0,BB,DEU,Online TA,TA/TO,0,0,0,A,A,0,No Deposit,9.0,0,Transient,130.0,0,1
City Hotel,0,151,2016,October,44,25,0,4,2,0.0,0,BB,ROU,Online TA,TA/TO,0,0,0,A,A,0,No Deposit,9.0,0,Transient,90.9,0,1
City Hotel,0,162,2016,October,44,25,0,4,2,0.0,0,BB,FRA,Online TA,TA/TO,0,0,0,A,A,0,No Deposit,9.0,0,Transient,90.9,0,1
City Hotel,0,31,2016,October,44,26,0,3,2,0.0,0,BB,FRA,Online TA,TA/TO,0,0,0,A,A,0,No Deposit,9.0,0,Transient,129.0,0,2
City Hotel,0,84,2016,October,44,26,0,3,2,0.0,0,BB,BEL,Online TA,TA/TO,0,0,0,A,A,0,No Deposit,9.0,0,Transient,90.9,0,1
City Hotel,0,41,2016,October,44,26,0,3,2,0.0,0,BB,FRA,Online TA,TA/TO,0,0,0,A,A,0,No Deposit,9.0,0,Transient,132.67,0,2
City Hotel,0,63,2016,October,44,24,1,4,2,0.0,0,HB,DNK,Online TA,TA/TO,0,0,0,D,D,0,No Deposit,7.0,0,Transient,103.61,0,1
City Hotel,0,163,2016,October,44,28,0,1,2,0.0,0,SC,CHE,Online TA,TA/TO,0,0,0,A,B,1,No Deposit,9.0,0,Transient,80.1,0,2
City Hotel,0,198,2016,October,43,22,2,5,2,0.0,0,BB,DEU,Offline TA/TO,TA/TO,0,0,0,A,A,0,No Deposit,27.0,0,Transient,80.75,0,0
City Hotel,0,0,2016,October,44,28,0,1,2,0.0,0,BB,BEL,Direct,Direct,0,0,0,A,A,0,No Deposit,,0,Transient,150.0,0,0
City Hotel,0,66,2016,October,44,25,0,4,2,0.0,0,BB,FRA,Online TA,TA/TO,0,0,0,D,D,0,No Deposit,8.0,0,Transient,99.2,0,1
City Hotel,0,157,2016,October,43,22,2,5,2,0.0,0,BB,BEL,Online TA,TA/TO,0,0,0,A,A,0,No Deposit,9.0,0,Transient,102.86,0,2
City Hotel,0,67,2016,October,44,28,0,1,2,0.0,0,SC,CN,Online TA,TA/TO,0,0,0,A,A,0,No Deposit,9.0,0,Transient,89.1,0,2
City Hotel,0,247,2016,October,44,25,0,4,2,0.0,0,BB,ROU,Online TA,TA/TO,0,0,0,A,A,0,No Deposit,9.0,0,Transient,90.95,0,1
City Hotel,0,134,2016,October,43,22,2,5,2,0.0,0,BB,GRC,Online TA,TA/TO,0,0,0,D,D,0,No Deposit,9.0,0,Transient,116.36,0,1
City Hotel,0,247,2016,October,44,25,0,4,2,0.0,0,BB,ROU,Online TA,TA/TO,0,0,0,A,A,0,No Deposit,9.0,0,Transient,90.95,0,0
City Hotel,0,186,2016,October,44,28,0,1,2,0.0,0,BB,DEU,Offline TA/TO,TA/TO,0,0,0,A,A,1,No Deposit,83.0,0,Transient,68.68,0,0
City Hotel,0,76,2016,October,43,22,2,5,2,0.0,0,BB,DEU,Online TA,TA/TO,0,0,0,D,D,0,No Deposit,9.0,0,Transient,116.36,0,1
City Hotel,0,73,2016,October,44,28,0,1,2,0.0,0,BB,DEU,Offline TA/TO,TA/TO,0,0,0,A,A,0,No Deposit,21.0,0,Transient-Party,73.0,0,0
City Hotel,0,32,2016,October,44,25,0,4,2,0.0,0,SC,CHE,Online TA,TA/TO,0,0,0,A,A,0,No Deposit,9.0,0,Transient,109.0,0,1
City Hotel,0,234,2016,October,44,25,0,4,2,0.0,0,BB,DEU,Online TA,TA/TO,0,0,0,D,D,0,No Deposit,9.0,0,Transient,103.7,0,1
City Hotel,0,85,2016,October,44,25,0,4,2,0.0,0,BB,ITA,Online TA,TA/TO,0,0,0,D,D,0,No Deposit,9.0,0,Transient,104.4,0,2
City Hotel,0,1,2016,October,44,28,0,1,2,0.0,0,BB,PRT,Offline TA/TO,TA/TO,0,0,0,E,G,0,No Deposit,20.0,0,Transient-Party,119.0,1,1
City Hotel,0,3,2016,October,44,25,0,4,2,0.0,0,BB,PRT,Direct,Direct,0,0,0,A,A,1,No Deposit,14.0,0,Transient,138.0,0,0
City Hotel,0,4,2016,October,44,25,0,4,2,0.0,0,BB,DEU,Online TA,TA/TO,0,0,0,A,A,0,No Deposit,9.0,0,Transient,145.0,0,2
City Hotel,0,1,2016,October,44,28,0,1,2,0.0,0,BB,PRT,Offline TA/TO,TA/TO,0,0,0,A,A,0,No Deposit,20.0,0,Transient-Party,95.0,1,1
City Hotel,0,32,2016,October,43,22,2,5,2,0.0,0,BB,FRA,Direct,Direct,0,0,0,A,A,0,No Deposit,,0,Transient,118.0,0,2
City Hotel,0,33,2016,October,44,23,2,4,2,0.0,0,BB,FRA,Direct,Direct,0,0,0,A,A,2,No Deposit,,0,Transient,12.0,0,2
City Hotel,0,32,2016,October,44,25,0,5,2,0.0,0,BB,FRA,Offline TA/TO,TA/TO,0,0,0,A,A,0,No Deposit,28.0,0,Transient,85.0,0,1
City Hotel,0,31,2016,October,44,27,0,3,2,0.0,0,BB,THA,Online TA,TA/TO,0,0,0,A,A,3,No Deposit,9.0,0,Transient,129.0,0,2
City Hotel,0,31,2016,October,44,27,0,3,2,0.0,0,BB,THA,Online TA,TA/TO,0,0,0,A,A,3,No Deposit,9.0,0,Transient,129.0,0,2
City Hotel,0,55,2016,October,44,29,0,1,2,0.0,0,BB,CN,Online TA,TA/TO,0,0,0,A,A,0,No Deposit,7.0,0,Transient,82.47,0,1
City Hotel,0,199,2016,October,44,28,0,2,2,0.0,0,BB,FRA,Groups,TA/TO,0,0,0,A,A,0,No Deposit,29.0,0,Transient-Party,95.0,0,0
City Hotel,0,35,2016,October,44,27,0,3,2,0.0,0,SC,AUT,Online TA,TA/TO,0,0,0,A,A,0,No Deposit,9.0,0,Transient,109.0,0,2
City Hotel,0,229,2016,October,44,27,0,3,2,0.0,0,BB,GBR,Online TA,TA/TO,0,0,0,A,A,0,No Deposit,7.0,0,Transient,70.44,0,0
City Hotel,0,95,2016,October,44,27,0,3,2,0.0,0,BB,GBR,Online TA,TA/TO,0,0,0,D,D,0,No Deposit,9.0,0,Transient,104.4,0,1
City Hotel,0,229,2016,October,44,27,0,3,2,0.0,0,BB,GBR,Online TA,TA/TO,0,0,0,A,A,0,No Deposit,7.0,0,Transient,70.44,0,2
City Hotel,0,229,2016,October,44,27,0,3,2,0.0,0,BB,GBR,Online TA,TA/TO,0,0,0,A,A,0,No Deposit,7.0,0,Transient,70.44,0,2
City Hotel,0,229,2016,October,44,27,0,3,2,0.0,0,BB,GBR,Online TA,TA/TO,0,0,0,A,A,0,No Deposit,7.0,0,Transient,70.44,0,2
City Hotel,0,178,2016,October,44,26,0,4,2,0.0,0,BB,ESP,Online TA,TA/TO,0,0,0,A,A,0,No Deposit,9.0,0,Transient,90.9,0,2
City Hotel,0,32,2016,October,44,27,0,3,2,0.0,0,SC,GBR,Online TA,TA/TO,0,0,0,A,A,0,No Deposit,9.0,0,Transient,109.0,0,1
City Hotel,0,178,2016,October,44,26,0,4,2,0.0,0,BB,DEU,Online TA,TA/TO,0,0,0,A,A,0,No Deposit,9.0,0,Transient,90.9,0,2
City Hotel,0,179,2016,October,44,26,0,4,2,0.0,0,SC,DEU,Online TA,TA/TO,0,0,0,A,A,0,No Deposit,9.0,0,Transient,80.1,0,1
City Hotel,0,178,2016,October,44,26,0,4,2,0.0,0,BB,DEU,Online TA,TA/TO,0,0,0,A,A,0,No Deposit,9.0,0,Transient,90.9,0,2
City Hotel,0,180,2016,October,44,26,0,4,2,0.0,0,BB,DEU,Online TA,TA/TO,0,0,0,A,A,0,No Deposit,7.0,0,Transient,66.49,0,1
City Hotel,0,180,2016,October,44,26,0,4,2,0.0,0,BB,DEU,Online TA,TA/TO,0,0,0,A,A,0,No Deposit,7.0,0,Transient,66.49,0,2
City Hotel,0,239,2016,October,44,28,0,2,2,0.0,0,BB,DEU,Online TA,TA/TO,0,0,0,A,A,0,No Deposit,8.0,0,Transient,96.3,0,1
City Hotel,0,178,2016,October,44,26,0,4,2,0.0,0,BB,DEU,Online TA,TA/TO,0,0,0,A,A,0,No Deposit,9.0,0,Transient,90.9,0,2
City Hotel,0,7,2016,October,44,29,0,1,2,0.0,0,BB,PRT,Direct,Direct,0,0,0,A,D,1,No Deposit,,0,Transient,100.0,1,1
City Hotel,0,37,2016,October,44,28,0,2,2,0.0,0,SC,JPN,Online TA,TA/TO,0,0,0,A,A,0,No Deposit,7.0,0,Transient,83.93,0,1
City Hotel,0,239,2016,October,44,28,0,2,2,0.0,0,BB,DEU,Online TA,TA/TO,0,0,0,A,A,0,No Deposit,8.0,0,Transient,96.3,0,1
City Hotel,0,239,2016,October,44,28,0,2,2,0.0,0,BB,DEU,Online TA,TA/TO,0,0,0,A,A,0,No Deposit,8.0,0,Transient,96.3,0,1
City Hotel,0,183,2016,October,44,26,0,4,2,0.0,0,SC,DEU,Online TA,TA/TO,0,0,0,A,A,0,No Deposit,9.0,0,Transient,80.1,0,2
City Hotel,0,36,2016,October,44,28,0,2,2,0.0,0,SC,ITA,Online TA,TA/TO,0,0,0,A,A,0,No Deposit,9.0,0,Transient,109.0,0,2
City Hotel,0,33,2016,October,44,25,0,5,2,0.0,0,BB,ESP,Online TA,TA/TO,0,0,0,A,A,1,No Deposit,9.0,0,Transient,138.0,1,2
City Hotel,0,28,2016,October,44,28,0,2,2,0.0,0,SC,ESP,Online TA,TA/TO,0,0,0,A,A,0,No Deposit,9.0,0,Transient,110.0,0,2
City Hotel,0,4,2016,October,44,29,0,1,2,0.0,0,SC,PRT,Online TA,TA/TO,0,0,0,A,A,0,No Deposit,9.0,0,Transient,140.0,0,2
City Hotel,0,199,2016,October,44,28,0,2,2,0.0,0,BB,FRA,Groups,TA/TO,0,0,0,A,A,0,No Deposit,29.0,0,Transient-Party,95.0,0,0
City Hotel,0,23,2016,October,44,28,0,2,2,0.0,0,BB,FRA,Online TA,TA/TO,0,0,0,D,D,0,No Deposit,9.0,0,Transient,145.0,0,2
City Hotel,0,142,2016,October,44,27,0,3,2,0.0,0,BB,GBR,Direct,Direct,0,0,0,D,D,0,No Deposit,,0,Transient,100.8,0,1
City Hotel,0,37,2016,October,44,27,0,3,2,0.0,0,BB,ESP,Online TA,TA/TO,0,0,0,D,D,1,No Deposit,9.0,0,Transient,153.0,1,3
City Hotel,0,199,2016,October,44,28,0,2,2,0.0,0,BB,FRA,Groups,TA/TO,0,0,0,A,A,0,No Deposit,29.0,0,Transient-Party,95.0,0,0
City Hotel,0,32,2016,October,44,25,0,5,2,0.0,0,SC,BRA,Online TA,TA/TO,0,0,0,A,A,0,No Deposit,9.0,0,Transient,109.0,0,1
City Hotel,0,181,2016,October,44,28,0,2,2,0.0,0,BB,FRA,Online TA,TA/TO,0,0,0,A,A,0,No Deposit,9.0,0,Transient,90.9,0,2
City Hotel,0,199,2016,October,44,28,0,2,2,0.0,0,BB,FRA,Groups,TA/TO,0,0,0,A,A,0,No Deposit,29.0,0,Transient-Party,95.0,0,0
City Hotel,0,181,2016,October,44,28,0,2,2,0.0,0,BB,FRA,Online TA,TA/TO,0,0,0,A,A,0,No Deposit,9.0,0,Transient,90.9,0,2
City Hotel,0,181,2016,October,44,28,0,2,2,0.0,0,BB,FRA,Online TA,TA/TO,0,0,0,A,A,0,No Deposit,9.0,0,Transient,90.9,0,2
City Hotel,0,30,2016,October,44,27,0,3,2,0.0,0,BB,FRA,Offline TA/TO,TA/TO,0,0,0,A,D,0,No Deposit,28.0,0,Transient,85.0,0,0
City Hotel,0,4,2016,October,44,29,0,1,2,0.0,0,SC,PRT,Online TA,TA/TO,0,0,0,A,A,0,No Deposit,9.0,0,Transient,140.0,0,2
City Hotel,0,32,2016,October,44,29,0,1,2,0.0,0,SC,BEL,Online TA,TA/TO,0,0,0,A,A,0,No Deposit,9.0,0,Transient,109.0,0,2
City Hotel,0,35,2016,October,44,27,0,3,2,0.0,0,SC,AUT,Online TA,TA/TO,0,0,0,A,A,0,No Deposit,9.0,0,Transient,118.0,1,2
City Hotel,0,116,2016,October,44,29,0,1,2,0.0,0,BB,BRA,Online TA,TA/TO,0,0,0,D,D,0,No Deposit,9.0,0,Transient,104.4,0,0
City Hotel,0,30,2016,October,44,28,0,2,2,0.0,0,BB,PHL,Online TA,TA/TO,0,0,0,D,D,0,No Deposit,9.0,0,Transient,144.0,0,0
City Hotel,0,86,2016,October,44,28,0,2,2,0.0,0,BB,FRA,Online TA,TA/TO,0,0,0,D,D,0,No Deposit,9.0,0,Transient,104.4,0,1
City Hotel,0,1,2016,October,44,28,0,2,2,0.0,0,SC,PRT,Online TA,TA/TO,0,0,0,A,A,0,No Deposit,9.0,0,Transient,149.0,0,1
City Hotel,0,98,2016,October,44,24,1,5,2,0.0,0,HB,FRA,Online TA,TA/TO,0,0,0,F,B,2,No Deposit,9.0,0,Transient,89.5,0,2
City Hotel,0,35,2016,October,44,28,0,2,2,0.0,0,BB,PRT,Direct,Direct,0,0,0,A,E,0,No Deposit,,0,Transient,104.13,0,0
City Hotel,0,26,2016,October,44,29,0,1,2,0.0,0,BB,FIN,Online TA,TA/TO,0,0,0,A,A,0,No Deposit,9.0,0,Transient,130.0,0,1
City Hotel,0,42,2016,October,44,29,0,1,2,0.0,0,SC,ESP,Online TA,TA/TO,0,0,0,A,A,0,No Deposit,9.0,0,Transient,109.0,0,2
City Hotel,0,31,2016,October,44,27,1,3,2,0.0,0,BB,FRA,Offline TA/TO,TA/TO,0,0,0,A,D,0,No Deposit,28.0,0,Transient,85.0,0,0
City Hotel,0,0,2016,October,44,29,1,1,2,0.0,0,SC,SWE,Online TA,TA/TO,0,0,0,A,A,0,No Deposit,9.0,0,Transient,140.0,0,2
City Hotel,0,180,2016,October,44,28,1,2,2,0.0,0,HB,ITA,Offline TA/TO,TA/TO,0,0,0,A,A,2,No Deposit,42.0,0,Transient,100.08,0,2
City Hotel,0,180,2016,October,44,28,1,2,2,0.0,0,HB,ITA,Offline TA/TO,TA/TO,0,0,0,A,A,2,No Deposit,42.0,0,Transient,100.08,0,2
City Hotel,0,35,2016,October,44,28,1,2,2,0.0,0,BB,TUR,Online TA,TA/TO,0,0,0,A,K,0,No Deposit,8.0,0,Transient,129.0,0,1
City Hotel,0,26,2016,October,45,31,1,0,2,0.0,0,BB,TUR,Online TA,TA/TO,0,0,0,A,A,0,No Deposit,9.0,0,Group,110.0,0,1
City Hotel,0,0,2016,October,45,30,1,0,2,0.0,0,SC,BRA,Online TA,TA/TO,0,0,0,A,A,0,No Deposit,9.0,0,Transient,140.0,0,0
City Hotel,0,35,2016,October,44,28,1,2,2,0.0,0,BB,TUR,Online TA,TA/TO,0,0,0,A,A,0,No Deposit,8.0,0,Transient,129.0,0,1
City Hotel,0,9,2016,October,45,30,1,0,2,0.0,0,SC,GBR,Direct,Direct,0,0,0,A,A,0,No Deposit,14.0,0,Transient,120.0,0,0
City Hotel,0,35,2016,October,44,28,1,2,2,0.0,0,BB,TUR,Online TA,TA/TO,0,0,0,A,A,0,No Deposit,8.0,0,Transient,129.0,0,1
City Hotel,0,34,2016,October,44,26,1,4,2,0.0,0,BB,FRA,Offline TA/TO,TA/TO,0,0,0,A,D,0,No Deposit,28.0,0,Transient,85.0,0,0
City Hotel,0,35,2016,October,44,28,1,2,2,0.0,0,BB,TUR,Online TA,TA/TO,0,0,0,A,A,0,No Deposit,8.0,0,Transient,129.0,0,1
City Hotel,0,36,2016,October,44,28,1,2,2,0.0,0,SC,ITA,Online TA,TA/TO,0,0,0,A,A,0,No Deposit,9.0,0,Transient,109.0,0,1
City Hotel,0,36,2016,October,44,28,1,2,2,0.0,0,SC,ITA,Online TA,TA/TO,0,0,0,A,A,0,No Deposit,9.0,0,Transient,109.0,0,1
City Hotel,0,36,2016,October,44,28,1,2,2,0.0,0,SC,ITA,Online TA,TA/TO,0,0,0,A,A,0,No Deposit,9.0,0,Transient,109.0,0,1
City Hotel,0,36,2016,October,44,28,1,2,2,0.0,0,SC,ITA,Online TA,TA/TO,0,0,0,A,A,0,No Deposit,9.0,0,Transient,109.0,0,1
City Hotel,0,179,2016,October,44,27,1,3,2,0.0,0,BB,FRA,Online TA,TA/TO,0,0,0,A,A,0,No Deposit,9.0,0,Transient,90.9,0,3
City Hotel,0,36,2016,October,44,28,1,2,2,0.0,0,SC,ITA,Online TA,TA/TO,0,0,0,A,D,0,No Deposit,9.0,0,Transient,109.0,0,1
City Hotel,0,240,2016,October,44,27,1,3,2,0.0,0,BB,DNK,Online TA,TA/TO,0,0,0,A,A,1,No Deposit,9.0,0,Transient-Party,90.95,0,2
City Hotel,0,240,2016,October,44,27,1,3,2,0.0,0,BB,DNK,Online TA,TA/TO,0,0,0,A,A,1,No Deposit,9.0,0,Transient-Party,90.95,0,2
City Hotel,0,0,2016,October,45,31,0,0,2,0.0,0,BB,PRT,Offline TA/TO,TA/TO,1,0,0,A,G,0,No Deposit,28.0,0,Transient,0.0,0,1
City Hotel,0,268,2016,October,44,28,1,2,2,0.0,0,BB,GBR,Online TA,TA/TO,0,0,0,A,A,0,No Deposit,9.0,0,Transient,96.3,0,2
City Hotel,0,71,2016,October,45,30,1,0,2,0.0,0,BB,GBR,Online TA,TA/TO,0,0,0,A,A,0,No Deposit,7.0,0,Transient,75.54,0,1
City Hotel,0,93,2016,October,44,29,1,1,2,0.0,0,BB,ESP,Online TA,TA/TO,0,0,0,B,B,1,No Deposit,9.0,0,Transient,81.5,0,2
City Hotel,0,32,2016,October,44,25,1,5,2,0.0,0,BB,ESP,Online TA,TA/TO,0,0,0,A,A,0,No Deposit,83.0,0,Transient,92.88,0,0
City Hotel,0,5,2016,October,44,28,1,2,2,0.0,0,HB,ESP,Online TA,TA/TO,0,0,0,A,B,0,No Deposit,9.0,0,Transient,200.33,1,2
City Hotel,0,5,2016,October,44,28,1,2,2,0.0,0,HB,FRA,Online TA,TA/TO,0,0,0,A,B,0,No Deposit,9.0,0,Transient,200.33,0,2
City Hotel,0,150,2016,October,44,28,1,2,2,0.0,0,BB,GBR,Online TA,TA/TO,0,0,0,D,D,0,No Deposit,7.0,0,Transient,76.36,0,1
City Hotel,0,10,2016,October,44,29,1,1,2,0.0,0,SC,ESP,Online TA,TA/TO,0,0,0,A,A,0,No Deposit,9.0,0,Transient,120.0,0,1
City Hotel,0,26,2016,October,44,29,1,1,2,0.0,0,BB,ESP,Online TA,TA/TO,0,0,0,D,D,0,No Deposit,9.0,0,Transient,145.0,0,1
City Hotel,0,110,2016,October,44,28,1,2,2,0.0,0,BB,DEU,Online TA,TA/TO,0,0,0,D,D,0,No Deposit,9.0,0,Transient,104.4,0,1
City Hotel,0,110,2016,October,44,28,1,2,2,0.0,0,BB,DEU,Online TA,TA/TO,0,0,0,D,D,0,No Deposit,9.0,0,Transient,104.4,0,1
City Hotel,0,28,2016,October,45,30,1,0,2,0.0,0,BB,FRA,Direct,Direct,0,0,0,E,E,0,No Deposit,14.0,0,Transient,144.38,0,0
City Hotel,0,127,2016,October,45,30,1,0,2,0.0,0,SC,BRA,Online TA,TA/TO,0,0,0,A,A,0,No Deposit,9.0,0,Transient,80.1,0,2
City Hotel,0,105,2016,October,44,28,1,2,2,0.0,0,BB,FRA,Corporate,Corporate,0,0,0,E,E,0,No Deposit,,0,Transient,110.97,0,0
City Hotel,0,9,2016,October,44,29,1,1,2,0.0,0,BB,ESP,Online TA,TA/TO,0,0,0,A,A,0,No Deposit,7.0,0,Transient,116.8,0,1
City Hotel,0,17,2016,October,44,29,1,1,2,0.0,0,BB,ESP,Online TA,TA/TO,0,0,0,A,A,0,No Deposit,9.0,0,Transient,149.0,1,3
City Hotel,0,52,2016,October,44,28,1,2,2,0.0,0,BB,ESP,Online TA,TA/TO,0,0,0,D,D,0,No Deposit,9.0,0,Transient,120.6,0,2
City Hotel,0,0,2016,October,44,29,1,1,2,0.0,0,BB,FRA,Online TA,TA/TO,0,0,0,A,A,0,No Deposit,7.0,0,Transient,117.04,0,0
City Hotel,0,240,2016,October,44,27,1,3,2,0.0,0,BB,DNK,Online TA,TA/TO,0,0,0,A,A,0,No Deposit,9.0,0,Transient-Party,90.95,0,2
City Hotel,0,240,2016,October,44,27,1,3,2,0.0,0,BB,DNK,Online TA,TA/TO,0,0,0,A,A,1,No Deposit,9.0,0,Transient-Party,90.95,0,2
City Hotel,0,240,2016,October,44,27,1,3,2,0.0,0,BB,DNK,Online TA,TA/TO,0,0,0,A,A,1,No Deposit,9.0,0,Transient-Party,90.95,0,2
City Hotel,0,27,2016,October,44,28,2,2,2,0.0,0,SC,FRA,Online TA,TA/TO,0,0,0,A,A,0,No Deposit,9.0,0,Transient,110.0,0,1
City Hotel,0,130,2016,October,44,29,2,1,2,0.0,0,BB,DEU,Online TA,TA/TO,0,0,0,D,D,0,No Deposit,9.0,0,Transient,104.4,0,2
City Hotel,0,9,2016,October,44,29,2,1,2,0.0,0,BB,DEU,Direct,Direct,0,0,0,A,A,0,No Deposit,14.0,0,Transient,105.0,0,1
City Hotel,0,103,2016,October,45,31,1,0,2,0.0,0,SC,BGR,Online TA,TA/TO,0,0,0,A,E,0,No Deposit,9.0,0,Transient,80.1,0,0
City Hotel,0,130,2016,October,44,29,2,1,2,0.0,0,BB,DEU,Online TA,TA/TO,0,0,0,D,D,0,No Deposit,9.0,0,Transient,104.4,0,2
City Hotel,0,9,2016,October,44,27,2,3,2,0.0,0,BB,FRA,Online TA,TA/TO,0,0,0,A,A,0,No Deposit,9.0,0,Transient,140.0,0,1
City Hotel,0,123,2016,October,44,28,2,2,2,0.0,0,BB,DEU,Offline TA/TO,TA/TO,0,0,0,A,A,0,No Deposit,85.0,0,Transient,68.0,0,0
City Hotel,0,71,2016,October,45,30,2,0,2,0.0,0,BB,GBR,Online TA,TA/TO,0,0,0,A,A,0,No Deposit,7.0,0,Transient,75.54,0,1
City Hotel,0,27,2016,October,44,29,2,1,2,0.0,0,SC,ESP,Online TA,TA/TO,0,0,0,A,A,1,No Deposit,9.0,0,Transient,110.0,0,1
City Hotel,0,52,2016,October,44,28,2,2,2,0.0,0,BB,BEL,Online TA,TA/TO,0,0,0,D,D,0,No Deposit,9.0,0,Transient,120.6,0,1
City Hotel,0,179,2016,October,44,28,2,2,2,0.0,0,BB,FRA,Online TA,TA/TO,0,0,0,D,D,0,No Deposit,9.0,0,Transient,104.4,0,1
City Hotel,0,77,2016,October,45,30,2,0,2,0.0,0,BB,FRA,Online TA,TA/TO,0,0,0,A,A,0,No Deposit,9.0,0,Transient,99.9,0,1
City Hotel,0,186,2016,October,44,25,2,5,2,0.0,0,BB,GBR,Direct,Direct,0,0,0,A,A,0,No Deposit,14.0,0,Transient,80.75,0,0
City Hotel,0,9,2016,October,45,30,2,0,2,0.0,0,HB,FRA,Online TA,TA/TO,0,0,0,A,B,0,No Deposit,9.0,0,Transient,178.0,0,2
City Hotel,0,7,2016,October,44,29,2,1,2,0.0,0,HB,ESP,Online TA,TA/TO,0,0,0,A,A,0,No Deposit,7.0,0,Transient,142.19,0,1
City Hotel,0,7,2016,October,44,29,2,1,2,0.0,0,HB,ESP,Online TA,TA/TO,0,0,0,A,A,0,No Deposit,7.0,0,Transient,151.19,0,1
City Hotel,0,7,2016,October,44,29,2,1,2,0.0,0,SC,ESP,Direct,Direct,0,0,0,A,A,0,No Deposit,14.0,0,Transient,135.67,1,1
City Hotel,0,34,2016,October,45,30,2,0,2,0.0,0,BB,ESP,Online TA,TA/TO,0,0,0,A,A,1,No Deposit,9.0,0,Transient,138.0,0,1
City Hotel,0,207,2016,October,44,28,2,2,2,0.0,0,SC,AUT,Online TA,TA/TO,0,0,0,A,A,0,No Deposit,7.0,0,Transient,62.54,0,1
City Hotel,0,117,2016,October,44,28,2,2,2,0.0,0,BB,FRA,Online TA,TA/TO,0,0,0,D,D,0,No Deposit,9.0,0,Transient,104.4,0,2
City Hotel,0,190,2016,October,44,29,2,1,2,0.0,0,BB,BRA,Online TA,TA/TO,0,0,0,A,A,0,No Deposit,9.0,0,Transient,105.3,1,1
City Hotel,0,225,2016,October,44,29,2,1,2,0.0,0,BB,DEU,Online TA,TA/TO,0,0,0,A,A,0,No Deposit,7.0,0,Transient,74.15,0,1
City Hotel,0,5,2016,October,44,29,2,1,2,0.0,0,BB,ESP,Online TA,TA/TO,0,0,0,A,A,0,No Deposit,9.0,0,Transient,146.67,0,0
City Hotel,0,1,2016,October,45,31,1,0,2,0.0,0,SC,AUS,Online TA,TA/TO,0,0,0,A,A,0,No Deposit,9.0,0,Transient,140.0,0,0
City Hotel,0,84,2016,October,45,30,2,0,2,0.0,0,SC,BEL,Online TA,TA/TO,0,0,0,A,A,0,No Deposit,9.0,0,Transient,80.1,0,2
City Hotel,0,160,2016,October,45,30,2,0,2,0.0,0,BB,PRT,Online TA,TA/TO,0,0,0,D,D,0,No Deposit,9.0,0,Transient,113.4,0,2
City Hotel,0,11,2016,October,44,29,2,1,2,0.0,0,BB,ITA,Online TA,TA/TO,0,0,0,A,A,0,No Deposit,9.0,0,Transient,140.0,0,2
City Hotel,0,175,2016,October,44,27,2,3,2,0.0,0,BB,AUS,Offline TA/TO,TA/TO,0,0,0,D,D,0,No Deposit,83.0,0,Transient,78.88,0,0
City Hotel,0,120,2016,October,45,31,1,0,2,0.0,0,BB,GBR,Online TA,TA/TO,0,0,0,D,D,0,No Deposit,9.0,0,Transient,104.4,0,0
City Hotel,0,2,2016,October,44,24,3,5,2,0.0,0,BB,PRT,Direct,Direct,0,0,0,A,A,2,No Deposit,,0,Transient,110.0,0,0
City Hotel,0,8,2016,October,44,29,2,1,2,0.0,0,SC,PRT,Online TA,TA/TO,0,0,0,A,A,0,No Deposit,9.0,0,Transient,135.67,0,2
City Hotel,0,6,2016,October,44,27,2,3,2,0.0,0,SC,GBR,Online TA,TA/TO,0,0,0,A,A,0,No Deposit,9.0,0,Transient,128.0,0,1
City Hotel,0,57,2016,October,45,30,2,0,2,0.0,0,SC,FRA,Online TA,TA/TO,0,0,0,A,A,0,No Deposit,9.0,0,Transient,89.1,0,1
City Hotel,0,179,2016,October,44,28,2,2,2,0.0,0,BB,FRA,Online TA,TA/TO,0,0,0,A,A,0,No Deposit,9.0,0,Transient,90.9,0,1
City Hotel,0,27,2016,October,44,29,2,1,2,0.0,0,SC,ESP,Online TA,TA/TO,0,0,0,A,A,1,No Deposit,9.0,0,Transient,110.0,0,1
City Hotel,0,7,2016,October,44,28,2,2,2,0.0,0,SC,BEL,Online TA,TA/TO,0,0,0,A,A,0,No Deposit,7.0,0,Transient,100.1,0,1
City Hotel,0,118,2016,October,44,29,2,1,2,0.0,0,BB,ITA,Online TA,TA/TO,0,0,0,D,D,0,No Deposit,9.0,0,Transient,104.4,0,1
City Hotel,0,118,2016,October,44,29,2,1,2,0.0,0,BB,ITA,Online TA,TA/TO,0,0,0,D,D,0,No Deposit,9.0,0,Transient,104.4,0,1
City Hotel,0,118,2016,October,44,29,2,1,2,0.0,0,BB,ITA,Online TA,TA/TO,0,0,0,D,D,0,No Deposit,9.0,0,Transient,104.4,0,1
City Hotel,0,54,2016,October,44,28,2,2,2,0.0,0,BB,ESP,Online TA,TA/TO,0,0,0,G,G,0,No Deposit,8.0,0,Transient,191.2,0,1
City Hotel,0,177,2016,October,44,29,2,1,2,0.0,0,BB,FRA,Online TA,TA/TO,0,0,0,D,D,0,No Deposit,9.0,0,Transient,104.4,0,2
City Hotel,0,195,2016,October,44,28,2,2,2,0.0,0,BB,GBR,Online TA,TA/TO,0,0,0,A,A,0,No Deposit,9.0,0,Transient,96.3,0,2
City Hotel,0,0,2016,October,45,31,1,0,2,0.0,0,BB,BRA,Direct,Direct,0,0,0,A,C,0,No Deposit,,0,Transient,120.0,0,2
City Hotel,0,8,2016,October,44,29,2,1,2,0.0,0,SC,IRL,Online TA,TA/TO,0,0,0,A,A,0,No Deposit,8.0,0,Transient,126.67,0,1
City Hotel,0,95,2016,October,45,31,1,0,2,0.0,0,BB,SVN,Online TA,TA/TO,0,0,0,A,B,1,No Deposit,9.0,0,Transient,90.9,0,2
City Hotel,0,95,2016,October,45,31,1,0,2,0.0,0,BB,SVN,Online TA,TA/TO,0,0,0,A,A,1,No Deposit,9.0,0,Transient,99.9,1,1
City Hotel,0,3,2016,October,44,28,2,2,2,0.0,0,SC,FRA,Online TA,TA/TO,0,0,0,A,A,0,No Deposit,9.0,0,Transient,130.0,0,2
City Hotel,0,7,2016,October,44,29,2,1,2,0.0,0,BB,NGA,Online TA,TA/TO,0,0,0,A,A,0,No Deposit,9.0,0,Transient,146.67,0,1
City Hotel,0,226,2016,October,44,29,2,2,2,0.0,0,BB,FRA,Offline TA/TO,TA/TO,0,0,0,A,A,1,No Deposit,3.0,0,Transient-Party,70.0,0,1
City Hotel,0,226,2016,October,44,29,2,2,2,0.0,0,BB,FRA,Offline TA/TO,TA/TO,0,0,0,A,A,0,No Deposit,3.0,0,Transient-Party,70.0,0,1
City Hotel,0,226,2016,October,44,29,2,2,2,0.0,0,BB,FRA,Offline TA/TO,TA/TO,0,0,0,A,A,0,No Deposit,3.0,0,Transient-Party,70.0,0,1
City Hotel,0,226,2016,October,44,29,2,2,2,0.0,0,BB,FRA,Offline TA/TO,TA/TO,0,0,0,A,A,0,No Deposit,3.0,0,Transient-Party,70.0,0,1
City Hotel,0,226,2016,October,44,29,2,2,2,0.0,0,BB,FRA,Offline TA/TO,TA/TO,0,0,0,A,A,0,No Deposit,3.0,0,Transient-Party,70.0,0,1
City Hotel,0,226,2016,October,44,29,2,2,2,0.0,0,BB,FRA,Offline TA/TO,TA/TO,0,0,0,A,A,0,No Deposit,3.0,0,Transient-Party,70.0,0,1
City Hotel,0,226,2016,October,44,29,2,2,2,0.0,0,BB,FRA,Offline TA/TO,TA/TO,0,0,0,A,A,0,No Deposit,3.0,0,Transient-Party,70.0,0,1
City Hotel,0,226,2016,October,44,29,2,2,2,0.0,0,BB,FRA,Offline TA/TO,TA/TO,0,0,0,A,A,0,No Deposit,3.0,0,Transient-Party,70.0,0,1
City Hotel,0,226,2016,October,44,29,2,2,2,0.0,0,BB,FRA,Offline TA/TO,TA/TO,0,0,0,A,A,0,No Deposit,3.0,0,Transient-Party,70.0,0,1
City Hotel,0,177,2016,October,45,30,2,1,2,0.0,0,BB,FRA,Offline TA/TO,TA/TO,0,0,0,A,A,0,No Deposit,159.0,0,Transient,90.9,0,0
City Hotel,0,177,2016,October,45,30,2,1,2,0.0,0,BB,FRA,Offline TA/TO,TA/TO,0,0,0,A,A,0,No Deposit,159.0,0,Transient,90.9,0,0
City Hotel,0,37,2016,October,44,29,2,2,2,0.0,0,BB,FRA,Offline TA/TO,TA/TO,0,0,0,A,D,0,No Deposit,28.0,0,Transient,75.0,0,0
City Hotel,0,81,2016,October,45,30,2,1,2,0.0,0,BB,IRL,Direct,Direct,0,0,0,A,A,0,No Deposit,14.0,0,Transient,79.8,0,0
City Hotel,0,20,2016,October,45,30,2,1,2,0.0,0,BB,BEL,Direct,Direct,0,0,0,A,A,0,No Deposit,14.0,0,Transient,123.33,0,0
City Hotel,0,88,2016,October,45,30,2,1,2,0.0,0,BB,USA,Direct,Direct,0,0,0,A,A,0,No Deposit,,0,Transient,75.4,0,3
City Hotel,0,9,2016,October,44,29,2,2,2,0.0,0,BB,ESP,Online TA,TA/TO,0,0,0,A,A,0,No Deposit,9.0,0,Transient,137.63,0,1
City Hotel,0,243,2016,October,44,29,2,2,2,0.0,0,BB,SWE,Online TA,TA/TO,0,0,0,B,B,1,No Deposit,9.0,0,Transient-Party,81.76,0,3
City Hotel,0,68,2016,October,45,30,2,1,2,0.0,0,BB,ITA,Online TA,TA/TO,0,0,0,A,A,0,No Deposit,9.0,0,Transient-Party,96.6,0,1
City Hotel,0,68,2016,October,45,30,2,1,2,0.0,0,BB,ITA,Online TA,TA/TO,0,0,0,A,A,0,No Deposit,9.0,0,Transient-Party,96.6,0,1
City Hotel,0,226,2016,October,44,29,2,2,2,0.0,0,BB,FRA,Offline TA/TO,TA/TO,0,0,0,A,A,1,No Deposit,3.0,0,Transient-Party,70.0,0,1
City Hotel,0,58,2016,October,45,31,1,1,2,0.0,0,BB,FRA,Online TA,TA/TO,0,0,0,A,K,0,No Deposit,9.0,0,Transient,102.15,0,1
City Hotel,0,8,2016,October,45,30,2,1,2,0.0,0,BB,ISR,Online TA,TA/TO,0,0,0,A,A,0,No Deposit,9.0,0,Transient,149.0,1,1
City Hotel,0,228,2016,October,45,30,2,1,2,0.0,0,BB,DEU,Online TA,TA/TO,0,0,0,A,A,0,No Deposit,9.0,0,Transient,93.3,0,0
City Hotel,0,224,2016,October,44,29,2,2,2,0.0,0,HB,ITA,Online TA,TA/TO,0,0,0,A,A,0,No Deposit,9.0,0,Transient,121.13,0,2
City Hotel,0,47,2016,October,45,31,1,1,2,0.0,0,BB,PRT,Direct,Direct,0,0,0,E,E,2,No Deposit,14.0,0,Transient,135.44,1,0
City Hotel,0,244,2016,October,45,30,2,1,2,0.0,0,SC,HUN,Online TA,TA/TO,0,0,0,A,A,2,No Deposit,9.0,0,Transient,92.4,0,1
City Hotel,0,42,2016,October,45,31,1,1,2,0.0,0,BB,DEU,Online TA,TA/TO,0,0,0,A,A,0,No Deposit,9.0,0,Transient,127.5,0,1
City Hotel,0,42,2016,October,45,31,1,1,2,0.0,0,BB,DEU,Online TA,TA/TO,0,0,0,A,A,0,No Deposit,9.0,0,Transient,118.5,0,1
City Hotel,0,228,2016,October,45,30,2,1,2,0.0,0,BB,DEU,Online TA,TA/TO,0,0,0,A,A,0,No Deposit,9.0,0,Transient,87.9,0,0
City Hotel,0,68,2016,October,45,30,2,1,2,0.0,0,BB,FRA,Online TA,TA/TO,0,0,0,A,A,0,No Deposit,9.0,0,Transient,96.6,0,2
City Hotel,0,68,2016,October,45,30,2,1,2,0.0,0,BB,FRA,Online TA,TA/TO,0,0,0,A,A,0,No Deposit,9.0,0,Transient,96.6,0,2
City Hotel,0,0,2016,November,45,1,0,1,2,0.0,0,BB,PRT,Direct,Direct,0,0,0,D,D,1,No Deposit,,0,Transient,160.0,0,0
City Hotel,0,239,2016,October,44,29,2,2,2,0.0,0,BB,IRL,Online TA,TA/TO,0,0,0,D,D,0,No Deposit,9.0,0,Transient,101.58,0,3
City Hotel,0,33,2016,October,44,29,2,2,2,0.0,0,BB,AUT,Online TA,TA/TO,0,0,0,A,A,0,No Deposit,7.0,0,Transient,90.52,0,1
City Hotel,0,11,2016,October,45,30,2,1,2,0.0,0,BB,BEL,Online TA,TA/TO,0,0,0,A,A,0,No Deposit,9.0,0,Transient,133.33,0,1
City Hotel,0,98,2016,October,45,30,2,1,2,0.0,0,BB,SVN,Online TA,TA/TO,0,0,0,A,A,0,No Deposit,9.0,0,Transient,90.6,0,1
City Hotel,0,244,2016,October,45,30,2,1,2,0.0,0,BB,GBR,Online TA,TA/TO,0,0,0,A,A,0,No Deposit,7.0,0,Transient,68.25,0,1
City Hotel,0,258,2016,October,44,29,2,2,2,0.0,0,BB,AUT,Online TA,TA/TO,0,0,0,A,A,0,No Deposit,9.0,0,Transient-Party,88.83,0,1
City Hotel,0,258,2016,October,44,29,2,2,2,0.0,0,BB,AUT,Online TA,TA/TO,0,0,0,A,A,0,No Deposit,9.0,0,Transient-Party,88.83,0,2
City Hotel,0,46,2016,October,45,30,2,1,2,0.0,0,BB,FRA,Offline TA/TO,TA/TO,0,0,0,A,D,0,No Deposit,28.0,0,Transient,75.0,0,0
City Hotel,0,135,2016,October,45,30,2,1,2,0.0,0,BB,HUN,Offline TA/TO,TA/TO,0,0,0,D,D,0,No Deposit,83.0,0,Transient,78.65,0,0
City Hotel,0,37,2016,October,45,30,2,1,2,0.0,0,BB,FRA,Offline TA/TO,TA/TO,0,0,0,A,D,0,No Deposit,28.0,0,Transient,75.0,0,1
City Hotel,0,88,2016,October,44,29,2,2,2,0.0,0,BB,DEU,Online TA,TA/TO,0,0,0,A,A,0,No Deposit,9.0,0,Transient,90.68,0,1
City Hotel,0,18,2016,October,45,30,2,1,2,0.0,0,SC,BEL,Online TA,GDS,0,0,0,E,E,1,No Deposit,195.0,0,Transient,145.0,0,0
City Hotel,0,160,2016,October,44,29,2,2,2,0.0,0,HB,IRL,Online TA,TA/TO,0,0,0,A,A,0,No Deposit,9.0,0,Transient,125.1,0,2
City Hotel,0,57,2016,October,45,30,2,1,2,0.0,0,BB,FRA,Online TA,TA/TO,0,0,0,A,A,0,No Deposit,9.0,0,Transient,103.8,0,1
City Hotel,0,0,2016,November,45,2,0,1,2,0.0,0,BB,PRT,Corporate,Corporate,1,0,0,D,D,3,No Deposit,,0,Group,84.0,0,0
City Hotel,0,48,2016,October,45,31,1,2,2,0.0,0,BB,FRA,Offline TA/TO,TA/TO,0,0,0,A,A,0,No Deposit,28.0,0,Transient,75.0,0,0
City Hotel,0,34,2016,October,45,30,2,2,2,0.0,0,BB,FRA,Offline TA/TO,TA/TO,0,0,0,A,D,0,No Deposit,28.0,0,Transient,75.0,0,0
City Hotel,0,70,2016,October,45,31,1,2,2,0.0,0,SC,BRA,Online TA,TA/TO,0,0,0,A,A,0,No Deposit,9.0,0,Transient,79.5,0,1
City Hotel,0,48,2016,October,45,31,1,2,2,0.0,0,BB,FRA,Online TA,TA/TO,0,0,0,D,D,0,No Deposit,7.0,0,Transient,94.97,0,1
City Hotel,0,69,2016,October,45,30,2,2,2,0.0,0,BB,FIN,Online TA,TA/TO,0,0,0,A,A,1,No Deposit,9.0,0,Transient,95.85,0,2
City Hotel,0,8,2016,November,45,2,0,1,2,0.0,0,SC,ESP,Online TA,TA/TO,0,0,0,A,E,0,No Deposit,9.0,0,Transient,120.0,0,2
City Hotel,0,18,2016,November,45,1,0,2,2,0.0,0,BB,AUT,Online TA,TA/TO,0,0,0,A,A,0,No Deposit,8.0,0,Transient,120.0,0,1
City Hotel,0,146,2016,October,45,31,1,2,2,0.0,0,BB,RWA,Direct,Direct,0,0,0,D,D,0,No Deposit,,0,Transient,100.08,0,0
City Hotel,0,8,2016,November,45,2,0,1,2,0.0,0,SC,ESP,Online TA,TA/TO,0,0,0,A,E,0,No Deposit,9.0,0,Transient,120.0,0,2
City Hotel,0,16,2016,October,44,29,2,3,2,0.0,0,SC,BRA,Online TA,TA/TO,0,0,0,A,A,0,No Deposit,9.0,0,Transient,106.0,0,4
City Hotel,0,273,2016,October,45,31,1,2,2,0.0,0,BB,BEL,Online TA,TA/TO,0,0,0,A,A,1,No Deposit,9.0,0,Transient,90.3,0,1
City Hotel,0,192,2016,October,45,31,1,2,2,0.0,0,BB,DEU,Offline TA/TO,TA/TO,0,0,0,A,A,0,No Deposit,83.0,0,Transient,68.23,0,0
City Hotel,0,192,2016,October,45,31,1,2,2,0.0,0,BB,DEU,Offline TA/TO,TA/TO,0,0,0,A,A,0,No Deposit,83.0,0,Transient,68.23,0,0
City Hotel,0,18,2016,November,45,1,0,2,2,0.0,0,BB,DEU,Online TA,TA/TO,0,0,0,A,A,0,No Deposit,9.0,0,Transient,120.0,0,1
City Hotel,0,200,2016,October,45,31,1,2,2,0.0,0,BB,CHE,Online TA,TA/TO,0,0,0,B,B,1,No Deposit,9.0,0,Transient,82.92,0,3
City Hotel,0,91,2016,October,45,30,2,2,2,0.0,0,SC,GBR,Online TA,TA/TO,0,0,0,A,A,0,No Deposit,7.0,0,Transient,61.33,0,1
City Hotel,0,45,2016,October,45,30,2,2,2,0.0,0,BB,FRA,Offline TA/TO,TA/TO,0,0,0,A,D,0,No Deposit,28.0,0,Transient,75.0,0,0
City Hotel,0,102,2016,October,45,30,2,2,2,0.0,0,BB,DEU,Online TA,TA/TO,0,0,0,A,A,0,No Deposit,9.0,0,Transient,85.05,0,2
City Hotel,0,64,2016,October,45,31,1,2,2,0.0,0,BB,BEL,Online TA,TA/TO,0,0,0,D,D,0,No Deposit,9.0,0,Transient,105.6,0,4
City Hotel,0,266,2016,October,45,30,2,2,2,0.0,0,BB,BEL,Online TA,TA/TO,0,0,0,A,A,0,No Deposit,9.0,0,Transient-Party,86.7,0,2
City Hotel,0,18,2016,October,45,31,1,2,2,0.0,0,SC,AUT,Online TA,TA/TO,0,0,0,A,A,0,No Deposit,7.0,0,Transient,82.13,0,1
City Hotel,0,266,2016,October,45,30,2,2,2,0.0,0,BB,BEL,Online TA,TA/TO,0,0,0,A,A,0,No Deposit,9.0,0,Transient-Party,86.7,0,2
City Hotel,0,98,2016,October,45,30,2,2,2,0.0,0,BB,FRA,Online TA,TA/TO,0,0,0,A,A,0,No Deposit,9.0,0,Transient,90.45,0,1
City Hotel,0,98,2016,October,45,30,2,2,2,0.0,0,BB,FRA,Online TA,TA/TO,0,0,0,A,A,0,No Deposit,9.0,0,Transient,85.05,0,1
City Hotel,0,87,2016,October,45,31,1,2,2,0.0,0,BB,BEL,Online TA,TA/TO,0,0,0,A,A,0,No Deposit,7.0,0,Transient,69.53,0,2
City Hotel,0,87,2016,October,45,31,1,2,2,0.0,0,BB,BEL,Online TA,TA/TO,0,0,0,A,A,0,No Deposit,7.0,0,Transient,69.53,0,2
City Hotel,0,42,2016,November,45,2,0,1,2,0.0,0,SC,FRA,Online TA,TA/TO,0,0,0,A,A,0,No Deposit,9.0,0,Transient,88.0,0,2
City Hotel,0,28,2016,October,44,29,2,3,2,0.0,0,SC,FRA,Online TA,TA/TO,0,0,0,A,A,0,No Deposit,9.0,0,Transient,103.4,0,2
City Hotel,0,91,2016,October,45,30,2,2,2,0.0,0,BB,POL,Online TA,TA/TO,0,0,0,A,A,0,No Deposit,9.0,0,Transient,90.45,0,1
City Hotel,0,7,2016,October,45,30,2,2,2,0.0,0,BB,ESP,Online TA,TA/TO,0,0,0,A,A,0,No Deposit,9.0,0,Transient,138.5,0,2
City Hotel,0,59,2016,October,45,31,1,2,2,0.0,0,SC,FRA,Online TA,TA/TO,0,0,0,A,A,0,No Deposit,7.0,0,Transient,60.35,0,1
City Hotel,0,117,2016,October,44,29,2,3,2,0.0,0,BB,GBR,Online TA,TA/TO,0,0,0,D,D,0,No Deposit,9.0,0,Transient,122.94,0,1
City Hotel,0,117,2016,October,44,29,2,3,2,0.0,0,BB,GBR,Online TA,TA/TO,0,0,0,D,D,0,No Deposit,9.0,0,Transient,104.04,0,1
City Hotel,0,6,2016,October,45,31,1,2,2,0.0,0,BB,LUX,Online TA,TA/TO,0,0,0,A,E,1,No Deposit,9.0,0,Transient,149.0,0,2
City Hotel,0,82,2016,October,45,30,2,2,2,0.0,0,SC,BRA,Online TA,TA/TO,0,0,0,A,A,1,No Deposit,9.0,0,Transient,59.85,0,1
City Hotel,0,43,2016,November,45,1,0,3,2,0.0,0,BB,FRA,Offline TA/TO,TA/TO,0,0,0,A,D,0,No Deposit,28.0,0,Transient,75.0,0,0
City Hotel,0,36,2016,November,45,1,0,3,2,0.0,0,BB,FRA,Offline TA/TO,TA/TO,0,0,0,A,D,0,No Deposit,28.0,0,Transient,75.0,0,0
City Hotel,0,36,2016,November,45,1,0,3,2,0.0,0,BB,FRA,Offline TA/TO,TA/TO,0,0,0,A,D,0,No Deposit,28.0,0,Transient,75.0,0,0
City Hotel,0,53,2016,October,45,31,1,3,2,0.0,0,BB,BEL,Online TA,TA/TO,0,0,0,D,D,0,No Deposit,9.0,0,Transient,122.0,0,4
City Hotel,0,53,2016,October,45,31,1,3,2,0.0,0,BB,BEL,Online TA,TA/TO,0,0,0,D,D,0,No Deposit,9.0,0,Transient,122.0,0,4
City Hotel,0,71,2016,November,45,3,0,1,2,0.0,0,SC,USA,Online TA,TA/TO,0,0,0,A,A,2,No Deposit,9.0,0,Transient,79.2,0,2
City Hotel,0,41,2016,November,45,2,0,2,2,0.0,0,BB,BRA,Online TA,TA/TO,0,0,0,D,D,0,No Deposit,9.0,0,Transient,118.0,0,0
City Hotel,0,50,2016,October,45,31,1,3,2,0.0,0,BB,DEU,Online TA,TA/TO,0,0,0,D,D,0,No Deposit,9.0,0,Transient,122.0,0,1
City Hotel,0,58,2016,October,45,31,1,3,2,0.0,0,SC,BEL,Online TA,TA/TO,0,0,0,A,A,0,No Deposit,9.0,0,Transient,90.68,1,2
City Hotel,0,58,2016,October,45,31,1,3,2,0.0,0,SC,PRT,Online TA,TA/TO,0,0,0,A,A,0,No Deposit,9.0,0,Transient,90.68,0,2
City Hotel,0,6,2016,October,45,30,2,3,2,0.0,0,BB,CHE,Online TA,TA/TO,0,0,0,A,A,0,No Deposit,7.0,0,Transient,102.41,0,1
City Hotel,0,84,2016,October,45,31,1,3,2,0.0,0,SC,GBR,Online TA,TA/TO,0,0,0,A,A,0,No Deposit,8.0,0,Transient,79.43,0,2
City Hotel,0,174,2016,November,45,1,0,3,2,0.0,0,BB,FRA,Online TA,TA/TO,0,0,0,A,A,0,No Deposit,9.0,0,Transient,90.9,0,3
City Hotel,0,225,2016,October,45,31,1,3,2,0.0,0,HB,FRA,Online TA,TA/TO,0,0,0,D,D,0,No Deposit,9.0,0,Transient,129.63,0,1
City Hotel,0,43,2016,November,45,1,0,3,2,0.0,0,BB,BEL,Offline TA/TO,TA/TO,0,0,0,A,D,0,No Deposit,28.0,0,Transient,75.0,0,0
City Hotel,0,43,2016,November,45,3,0,1,2,0.0,0,BB,DNK,Online TA,TA/TO,0,0,0,A,A,0,No Deposit,9.0,0,Transient,108.0,0,2
City Hotel,0,241,2016,October,45,30,2,3,2,0.0,0,BB,DEU,Online TA,TA/TO,0,0,0,D,D,0,No Deposit,7.0,0,Transient,75.92,0,1
City Hotel,0,161,2016,October,45,31,1,3,2,0.0,0,SC,DEU,Offline TA/TO,TA/TO,0,0,0,A,A,0,No Deposit,168.0,0,Transient,59.5,0,0
City Hotel,0,161,2016,October,45,31,1,3,2,0.0,0,SC,DEU,Offline TA/TO,TA/TO,0,0,0,A,A,0,No Deposit,168.0,0,Transient,59.5,0,0
City Hotel,0,66,2016,October,45,31,1,3,2,0.0,0,BB,NLD,Online TA,TA/TO,0,0,0,D,D,0,No Deposit,9.0,0,Transient,104.85,0,1
City Hotel,0,16,2016,October,45,31,1,3,2,0.0,0,HB,FRA,Direct,Direct,0,0,0,A,A,1,No Deposit,14.0,0,Transient,161.0,0,0
City Hotel,0,29,2016,October,45,31,1,3,2,0.0,0,HB,BEL,Online TA,TA/TO,0,0,0,A,A,0,No Deposit,9.0,0,Transient,149.1,0,2
City Hotel,0,66,2016,October,45,31,1,3,2,0.0,0,BB,NLD,Online TA,TA/TO,0,0,0,D,D,0,No Deposit,9.0,0,Transient,104.85,0,1
City Hotel,0,44,2016,November,45,2,0,2,2,0.0,0,BB,FRA,Offline TA/TO,TA/TO,0,0,0,A,D,0,No Deposit,28.0,0,Transient,75.0,0,0
City Hotel,0,125,2016,November,45,1,0,3,2,0.0,0,BB,DEU,Online TA,TA/TO,0,0,0,A,A,0,No Deposit,9.0,0,Transient,90.0,0,2
City Hotel,0,5,2016,October,45,30,2,3,2,0.0,0,BB,DEU,Online TA,TA/TO,0,0,0,A,A,0,No Deposit,9.0,0,Transient,127.4,0,3
City Hotel,0,87,2016,October,45,31,1,3,2,0.0,0,BB,FRA,Online TA,TA/TO,0,0,0,A,A,0,No Deposit,9.0,0,Transient,90.23,0,1
City Hotel,0,42,2016,November,45,2,0,2,2,0.0,0,SC,FRA,Online TA,TA/TO,0,0,0,A,E,0,No Deposit,9.0,0,Transient,88.0,0,2
City Hotel,0,57,2016,November,45,1,0,3,2,0.0,0,SC,GBR,Online TA,TA/TO,0,0,0,A,A,0,No Deposit,9.0,0,Transient,79.2,0,1
City Hotel,0,120,2016,November,45,3,0,1,2,0.0,0,BB,SWE,Online TA,TA/TO,0,0,0,A,A,0,No Deposit,9.0,0,Transient,90.0,0,2
City Hotel,0,43,2016,November,45,1,0,3,2,0.0,0,BB,FRA,Offline TA/TO,TA/TO,0,0,0,A,D,0,No Deposit,28.0,0,Transient,75.0,0,0
City Hotel,0,183,2016,October,45,31,1,3,2,0.0,0,BB,GBR,Online TA,TA/TO,0,0,0,B,A,1,No Deposit,9.0,0,Transient,83.5,0,2
City Hotel,0,45,2016,October,45,30,2,3,2,0.0,0,BB,FRA,Offline TA/TO,TA/TO,0,0,0,A,D,0,No Deposit,28.0,0,Transient,75.0,0,0
City Hotel,0,8,2016,October,45,30,2,3,2,0.0,0,BB,FRA,Online TA,TA/TO,0,0,0,A,A,0,No Deposit,9.0,0,Transient,127.4,0,1
City Hotel,0,25,2016,November,45,1,0,3,2,0.0,0,SC,FRA,Online TA,TA/TO,0,0,0,A,A,0,No Deposit,9.0,0,Transient,100.0,0,1
City Hotel,0,82,2016,October,45,31,1,3,2,0.0,0,BB,PRT,Direct,Direct,0,0,0,A,A,0,No Deposit,14.0,0,Transient,79.43,0,1
City Hotel,0,96,2016,November,45,2,0,2,2,0.0,0,SC,POL,Online TA,TA/TO,0,0,0,A,E,0,No Deposit,9.0,0,Transient,79.2,0,3
City Hotel,0,74,2016,October,45,31,1,3,2,0.0,0,BB,BEL,Online TA,TA/TO,0,0,0,A,A,0,No Deposit,9.0,0,Transient,90.23,0,2
City Hotel,0,20,2016,November,45,1,0,3,2,0.0,0,SC,FRA,Online TA,TA/TO,0,0,0,A,A,0,No Deposit,89.0,0,Transient,76.0,0,0
City Hotel,0,177,2016,October,45,30,2,3,2,0.0,0,BB,DEU,Offline TA/TO,TA/TO,0,0,0,A,A,0,No Deposit,83.0,0,Transient,68.68,0,1
City Hotel,0,55,2016,November,45,2,0,2,2,0.0,0,BB,FIN,Online TA,TA/TO,0,0,0,A,A,0,No Deposit,8.0,0,Transient,97.2,0,1
City Hotel,0,274,2016,November,45,4,0,0,2,0.0,0,BB,PRT,Online TA,TA/TO,0,0,0,A,K,0,No Deposit,9.0,0,Transient,0.0,0,2
City Hotel,0,71,2016,November,45,3,0,1,2,0.0,0,SC,USA,Online TA,TA/TO,0,0,0,A,A,2,No Deposit,9.0,0,Transient,79.2,0,2
City Hotel,0,15,2016,November,45,1,0,4,2,0.0,0,SC,FRA,Online TA,TA/TO,0,0,0,A,A,2,No Deposit,9.0,0,Transient,85.0,0,1
City Hotel,0,48,2016,November,45,1,0,4,2,0.0,0,BB,FRA,Offline TA/TO,TA/TO,0,0,0,A,D,0,No Deposit,28.0,0,Transient,75.0,0,0
City Hotel,0,0,2016,November,45,5,0,0,2,0.0,0,SC,PRT,Online TA,TA/TO,1,0,0,A,D,1,No Deposit,159.0,0,Transient,0.0,0,0
City Hotel,0,47,2016,November,45,1,0,4,2,0.0,0,BB,CHE,Online TA,TA/TO,0,0,0,A,A,0,No Deposit,9.0,0,Transient,91.8,0,2
City Hotel,0,35,2016,October,45,31,1,4,2,0.0,0,HB,FRA,Offline TA/TO,TA/TO,0,0,0,A,A,0,No Deposit,28.0,0,Transient,105.0,0,0
City Hotel,0,63,2016,November,45,1,0,4,2,0.0,0,BB,CHN,Online TA,TA/TO,0,0,0,A,A,0,No Deposit,9.0,0,Transient,93.6,0,1
City Hotel,0,59,2016,November,45,2,0,3,2,0.0,0,BB,FRA,Online TA,TA/TO,0,0,0,A,A,0,No Deposit,7.0,0,Transient,71.1,0,2
City Hotel,0,59,2016,November,45,2,0,3,2,0.0,0,BB,FRA,Online TA,TA/TO,0,0,0,A,A,0,No Deposit,7.0,0,Transient,71.1,0,2
City Hotel,0,59,2016,November,45,2,0,3,2,0.0,0,BB,FRA,Online TA,TA/TO,0,0,0,A,A,0,No Deposit,7.0,0,Transient,71.1,0,2
City Hotel,0,57,2016,November,45,1,0,4,2,0.0,0,SC,DEU,Online TA,TA/TO,0,0,0,A,A,0,No Deposit,9.0,0,Transient,79.2,0,1
City Hotel,0,21,2016,October,45,31,1,4,2,0.0,0,BB,ITA,Online TA,TA/TO,0,0,0,A,A,0,No Deposit,9.0,0,Transient,109.6,0,1
City Hotel,0,67,2016,November,45,1,0,4,2,0.0,0,BB,IRL,Online TA,TA/TO,0,0,0,A,A,0,No Deposit,9.0,0,Transient,93.6,0,3
City Hotel,0,67,2016,November,45,1,0,4,2,0.0,0,SC,IRL,Online TA,TA/TO,0,0,0,A,A,0,No Deposit,9.0,0,Transient,79.2,0,1
City Hotel,0,12,2016,November,45,1,0,4,2,0.0,0,SC,ESP,Online TA,TA/TO,0,0,0,A,A,0,No Deposit,9.0,0,Transient,93.5,0,1
City Hotel,0,21,2016,November,45,1,0,4,2,0.0,0,BB,ITA,Online TA,TA/TO,0,0,0,A,A,0,No Deposit,9.0,0,Transient,102.0,0,1
City Hotel,0,152,2016,November,45,1,0,4,2,0.0,0,HB,DEU,Offline TA/TO,TA/TO,0,0,0,A,A,0,No Deposit,22.0,0,Transient,98.0,0,0
City Hotel,0,83,2016,October,45,31,1,4,2,0.0,0,BB,IRL,Online TA,TA/TO,0,0,0,A,A,0,No Deposit,9.0,0,Transient,90.18,0,1
City Hotel,0,47,2016,November,45,2,0,3,2,0.0,0,BB,FRA,Direct,Direct,0,0,0,A,A,1,No Deposit,14.0,0,Transient,85.75,0,1
City Hotel,0,27,2016,November,45,2,0,3,2,0.0,0,SC,BEL,Online TA,TA/TO,0,0,0,A,A,0,No Deposit,9.0,0,Transient,100.0,0,1
City Hotel,0,50,2016,November,45,4,0,1,2,0.0,0,BB,DEU,Online TA,TA/TO,0,0,0,A,D,0,No Deposit,9.0,0,Transient,97.2,0,1
City Hotel,0,38,2016,November,45,4,0,1,2,0.0,0,BB,PRT,Online TA,TA/TO,0,0,0,A,A,0,No Deposit,9.0,0,Transient,108.0,0,1
City Hotel,0,15,2016,November,45,1,0,4,2,0.0,0,SC,ROU,Online TA,TA/TO,0,0,0,A,A,0,No Deposit,9.0,0,Transient,85.0,0,2
City Hotel,0,275,2016,November,45,3,0,2,2,0.0,0,BB,BEL,Online TA,TA/TO,0,0,0,A,A,3,No Deposit,7.0,0,Transient,77.62,0,1
City Hotel,0,92,2016,November,45,1,0,4,2,0.0,0,BB,FIN,Online TA,TA/TO,0,0,0,D,D,0,No Deposit,9.0,0,Transient,103.5,0,1
City Hotel,0,59,2016,November,45,2,0,3,2,0.0,0,BB,DEU,Online TA,TA/TO,0,0,0,A,A,0,No Deposit,7.0,0,Transient,71.1,0,2
City Hotel,0,44,2016,November,45,3,0,2,2,0.0,0,BB,IND,Online TA,TA/TO,0,0,0,A,A,0,No Deposit,157.0,0,Transient,77.76,0,0
City Hotel,0,64,2016,November,45,1,0,4,2,0.0,0,BB,FRA,Online TA,TA/TO,0,0,0,A,A,0,No Deposit,9.0,0,Transient,93.6,0,2
City Hotel,0,44,2016,November,45,3,0,2,2,0.0,0,BB,GBR,Online TA,TA/TO,0,0,0,A,A,0,No Deposit,157.0,0,Transient,77.76,0,0
City Hotel,0,35,2016,November,45,2,0,3,2,0.0,0,BB,FRA,Online TA,TA/TO,0,0,0,A,A,0,No Deposit,9.0,0,Transient,108.0,0,1
City Hotel,0,156,2016,October,44,26,2,9,2,0.0,0,BB,CN,Online TA,TA/TO,0,0,0,D,D,3,No Deposit,9.0,0,Transient,104.32,0,1
City Hotel,0,43,2016,November,45,1,0,4,2,0.0,0,HB,ROU,Online TA,TA/TO,0,0,0,A,A,0,No Deposit,9.0,0,Transient,124.1,0,3
City Hotel,0,25,2016,November,45,1,0,4,2,0.0,0,SC,ESP,Online TA,TA/TO,0,0,0,A,A,0,No Deposit,9.0,0,Transient,85.0,0,1
City Hotel,0,17,2016,November,45,3,0,2,2,0.0,0,BB,NLD,Online TA,TA/TO,0,0,0,D,D,0,No Deposit,9.0,0,Transient,130.0,0,2
City Hotel,0,48,2016,November,45,2,0,3,2,0.0,0,SC,NLD,Online TA,TA/TO,0,0,0,A,A,0,No Deposit,9.0,0,Transient,88.2,0,2
City Hotel,0,148,2016,November,45,2,0,3,2,0.0,0,BB,GBR,Online TA,TA/TO,0,0,0,A,A,0,No Deposit,7.0,0,Transient,65.83,0,1
City Hotel,0,201,2016,November,45,1,0,4,2,0.0,0,BB,CHE,Online TA,TA/TO,0,0,0,A,A,1,No Deposit,7.0,0,Transient,68.8,0,3
City Hotel,0,44,2016,November,45,1,0,4,2,0.0,0,SC,ROU,Online TA,TA/TO,0,0,0,A,A,0,No Deposit,9.0,0,Transient,74.8,0,2
City Hotel,0,28,2016,November,45,2,0,3,2,0.0,0,BB,FRA,Online TA,TA/TO,0,0,0,A,A,0,No Deposit,9.0,0,Transient,130.0,0,2
City Hotel,0,26,2016,November,45,2,0,3,2,0.0,0,SC,BEL,Online TA,TA/TO,0,0,0,A,A,0,No Deposit,9.0,0,Transient,100.0,0,2
City Hotel,0,83,2016,November,45,2,0,3,2,0.0,0,BB,BEL,Online TA,TA/TO,0,0,0,A,A,0,No Deposit,9.0,0,Transient,90.0,0,2
City Hotel,0,83,2016,November,45,2,0,3,2,0.0,0,BB,BEL,Online TA,TA/TO,0,0,0,A,A,0,No Deposit,9.0,0,Transient,90.0,0,2
City Hotel,0,95,2016,October,45,30,2,4,2,0.0,0,BB,USA,Offline TA/TO,TA/TO,0,0,0,A,A,0,No Deposit,85.0,0,Transient,68.0,0,0
City Hotel,0,22,2016,November,45,1,0,4,2,0.0,0,BB,GBR,Online TA,TA/TO,0,0,0,A,K,0,No Deposit,9.0,0,Transient,111.0,1,2
City Hotel,0,41,2016,November,45,2,0,3,2,0.0,0,BB,FRA,Offline TA/TO,TA/TO,0,0,0,A,A,0,No Deposit,28.0,0,Transient,75.0,0,0
City Hotel,0,26,2016,November,45,2,0,3,2,0.0,0,SC,BEL,Online TA,TA/TO,0,0,0,A,A,0,No Deposit,9.0,0,Transient,109.0,0,2
City Hotel,0,76,2016,October,45,30,2,4,2,0.0,0,BB,DEU,Online TA,TA/TO,0,0,0,D,D,0,No Deposit,7.0,0,Transient,71.05,0,1
City Hotel,0,39,2016,November,45,1,0,4,2,0.0,0,BB,FRA,Offline TA/TO,TA/TO,0,0,0,A,D,0,No Deposit,28.0,0,Transient,75.0,0,0
City Hotel,0,56,2016,November,45,2,0,3,2,0.0,0,BB,NLD,Online TA,TA/TO,0,0,0,A,A,0,No Deposit,9.0,0,Transient,108.0,0,2
City Hotel,0,0,2016,November,45,5,0,1,2,0.0,0,BB,PRT,Direct,Direct,1,0,0,A,A,1,No Deposit,14.0,0,Transient,12.0,0,0
City Hotel,0,71,2016,November,45,3,0,3,2,0.0,0,BB,FRA,Online TA,TA/TO,0,0,0,A,A,0,No Deposit,7.0,0,Transient,68.47,0,1
City Hotel,0,11,2016,November,45,2,0,4,2,0.0,0,BB,FRA,Online TA,TA/TO,0,0,0,D,D,0,No Deposit,9.0,0,Transient,119.0,0,0
City Hotel,0,55,2016,November,45,2,0,4,2,0.0,0,SC,PAN,Online TA,TA/TO,0,0,0,A,A,0,No Deposit,9.0,0,Transient,88.0,0,0
City Hotel,0,173,2016,November,45,1,0,5,2,0.0,0,SC,NLD,Online TA,TA/TO,0,0,0,A,A,0,No Deposit,9.0,0,Transient,80.1,0,2
City Hotel,0,40,2016,November,45,2,0,4,2,0.0,0,BB,FRA,Offline TA/TO,TA/TO,0,0,0,A,D,0,No Deposit,28.0,0,Transient,75.0,0,1
City Hotel,0,42,2016,November,45,2,0,4,2,0.0,0,BB,FRA,Online TA,TA/TO,0,0,0,D,D,0,No Deposit,7.0,0,Transient,73.37,0,1
City Hotel,0,52,2016,November,45,5,0,1,2,0.0,0,SC,NLD,Online TA,TA/TO,0,0,0,A,E,1,No Deposit,9.0,0,Transient,88.0,0,1
City Hotel,0,46,2016,November,45,3,0,3,2,0.0,0,BB,GBR,Online TA,TA/TO,0,0,0,D,D,0,No Deposit,9.0,0,Transient,106.2,0,2
City Hotel,0,56,2016,November,45,3,0,3,2,0.0,0,BB,IND,Online TA,TA/TO,0,0,0,A,A,0,No Deposit,83.0,0,Transient,86.4,0,0
City Hotel,0,8,2016,November,45,3,0,3,2,0.0,0,SC,IND,Online TA,TA/TO,0,0,0,A,A,0,No Deposit,9.0,0,Transient,116.67,0,1
City Hotel,0,8,2016,November,45,3,0,3,2,0.0,0,SC,IND,Online TA,TA/TO,0,0,0,A,A,0,No Deposit,9.0,0,Transient,116.67,0,1
City Hotel,0,8,2016,November,45,3,0,3,2,0.0,0,SC,IND,Online TA,TA/TO,0,0,0,A,A,0,No Deposit,9.0,0,Transient,116.67,0,1
City Hotel,0,8,2016,November,45,5,0,1,2,0.0,0,BB,CHN,Offline TA/TO,TA/TO,0,0,0,A,A,0,No Deposit,359.0,0,Transient-Party,130.0,0,0
City Hotel,0,42,2016,November,45,2,0,4,2,0.0,0,BB,FRA,Online TA,TA/TO,0,0,0,A,A,0,No Deposit,9.0,0,Transient,91.8,0,1
City Hotel,0,84,2016,November,45,5,0,1,2,0.0,0,SC,IRL,Online TA,TA/TO,0,0,0,A,E,1,No Deposit,7.0,0,Transient,60.98,0,1
City Hotel,0,118,2016,November,45,3,0,3,2,0.0,0,BB,GBR,Online TA,TA/TO,0,0,0,A,A,0,No Deposit,9.0,0,Transient,90.0,0,1
City Hotel,0,4,2016,November,45,5,0,1,2,0.0,0,BB,GBR,Online TA,TA/TO,0,0,0,A,A,0,No Deposit,9.0,0,Transient,120.0,1,2
City Hotel,0,18,2016,November,45,3,0,3,2,0.0,0,BB,FRA,Online TA,TA/TO,0,0,0,D,D,0,No Deposit,9.0,0,Transient,139.0,1,2
City Hotel,0,8,2016,November,45,5,0,1,2,0.0,0,BB,CHN,Offline TA/TO,TA/TO,0,0,0,A,A,0,No Deposit,359.0,0,Transient-Party,130.0,0,0
City Hotel,0,8,2016,November,45,5,0,1,2,0.0,0,BB,CHN,Offline TA/TO,TA/TO,0,0,0,A,A,0,No Deposit,359.0,0,Transient-Party,130.0,0,0
City Hotel,0,8,2016,November,45,5,0,1,2,0.0,0,BB,CHN,Offline TA/TO,TA/TO,0,0,0,A,A,0,No Deposit,359.0,0,Transient-Party,130.0,0,0
City Hotel,0,8,2016,November,45,5,0,1,2,0.0,0,BB,CHN,Offline TA/TO,TA/TO,0,0,0,A,A,0,No Deposit,359.0,0,Transient-Party,130.0,0,0
City Hotel,0,8,2016,November,45,5,0,1,2,0.0,0,BB,CHN,Offline TA/TO,TA/TO,0,0,0,A,A,0,No Deposit,359.0,0,Transient-Party,130.0,0,0
City Hotel,0,8,2016,November,45,5,0,1,2,0.0,0,BB,CHN,Offline TA/TO,TA/TO,0,0,0,A,A,0,No Deposit,359.0,0,Transient-Party,130.0,0,0
City Hotel,0,8,2016,November,45,5,0,1,2,0.0,0,BB,CHN,Offline TA/TO,TA/TO,0,0,0,A,A,0,No Deposit,359.0,0,Transient-Party,130.0,0,0
City Hotel,0,8,2016,November,45,5,0,1,2,0.0,0,BB,CHN,Offline TA/TO,TA/TO,0,0,0,A,A,0,No Deposit,359.0,0,Transient-Party,130.0,0,0
City Hotel,0,8,2016,November,45,5,0,1,2,0.0,0,BB,CHN,Offline TA/TO,TA/TO,0,0,0,A,A,0,No Deposit,359.0,0,Transient-Party,130.0,0,0
City Hotel,0,8,2016,November,45,5,0,1,2,0.0,0,BB,CHN,Offline TA/TO,TA/TO,0,0,0,A,A,0,No Deposit,359.0,0,Transient-Party,130.0,0,0
City Hotel,0,8,2016,November,45,5,0,1,2,0.0,0,BB,CHN,Offline TA/TO,TA/TO,0,0,0,A,A,0,No Deposit,359.0,0,Transient-Party,130.0,0,0
City Hotel,0,8,2016,November,45,5,0,1,2,0.0,0,BB,CHN,Offline TA/TO,TA/TO,0,0,0,A,A,0,No Deposit,359.0,0,Transient-Party,130.0,0,0
City Hotel,0,8,2016,November,45,5,0,1,2,0.0,0,BB,CHN,Offline TA/TO,TA/TO,0,0,0,A,A,0,No Deposit,359.0,0,Transient-Party,130.0,0,0
City Hotel,0,8,2016,November,45,5,0,1,2,0.0,0,BB,CHN,Offline TA/TO,TA/TO,0,0,0,A,A,0,No Deposit,359.0,0,Transient-Party,130.0,0,0
City Hotel,0,8,2016,November,45,5,0,1,2,0.0,0,BB,CHN,Offline TA/TO,TA/TO,0,0,0,A,A,0,No Deposit,359.0,0,Transient-Party,130.0,0,0
City Hotel,0,8,2016,November,45,5,0,1,2,0.0,0,BB,CHN,Offline TA/TO,TA/TO,0,0,0,A,A,0,No Deposit,359.0,0,Transient-Party,130.0,0,0
City Hotel,0,8,2016,November,45,5,0,1,2,0.0,0,BB,CHN,Offline TA/TO,TA/TO,0,0,0,A,A,0,No Deposit,359.0,0,Transient-Party,130.0,0,0
City Hotel,0,66,2016,November,45,2,0,4,2,0.0,0,BB,GBR,Online TA,TA/TO,0,0,0,A,A,0,No Deposit,9.0,0,Transient,93.6,0,2
City Hotel,0,44,2016,November,45,2,0,4,2,0.0,0,BB,MAR,Online TA,TA/TO,0,0,0,A,A,1,No Deposit,9.0,0,Transient,94.8,0,0
City Hotel,0,43,2016,November,45,1,0,5,2,0.0,0,BB,DEU,Offline TA/TO,TA/TO,0,0,0,A,A,0,No Deposit,85.0,0,Transient,68.0,0,0
City Hotel,0,10,2016,November,45,3,0,3,2,0.0,0,BB,BEL,Online TA,TA/TO,0,0,0,A,A,0,No Deposit,9.0,0,Transient,136.67,0,2
City Hotel,0,10,2016,November,45,3,0,3,2,0.0,0,BB,BEL,Online TA,TA/TO,0,0,0,A,A,0,No Deposit,9.0,0,Transient,136.67,0,2
City Hotel,0,74,2016,November,45,4,0,2,2,0.0,0,BB,BEL,Online TA,TA/TO,0,0,0,A,A,0,No Deposit,9.0,0,Transient,93.6,0,3
City Hotel,0,74,2016,November,45,4,0,2,2,0.0,0,BB,BEL,Online TA,TA/TO,0,0,0,A,A,0,No Deposit,9.0,0,Transient,93.6,0,3
City Hotel,0,48,2016,November,45,4,0,2,2,0.0,0,BB,ESP,Online TA,TA/TO,0,0,0,A,A,0,No Deposit,9.0,0,Transient,97.2,0,2
City Hotel,0,46,2016,November,45,4,0,2,2,0.0,0,BB,FRA,Offline TA/TO,TA/TO,0,0,0,A,D,0,No Deposit,28.0,0,Transient,75.0,0,0
City Hotel,0,0,2016,November,45,4,0,2,2,0.0,0,SC,ESP,Online TA,TA/TO,0,0,0,A,A,0,No Deposit,9.0,0,Transient,149.0,0,1
City Hotel,0,49,2016,November,45,4,0,2,2,0.0,0,BB,FRA,Offline TA/TO,TA/TO,0,0,0,A,D,0,No Deposit,28.0,0,Transient,75.0,0,0
City Hotel,0,48,2016,November,45,4,0,2,2,0.0,0,BB,ESP,Online TA,TA/TO,0,0,0,A,A,0,No Deposit,9.0,0,Transient,97.2,0,2
City Hotel,0,48,2016,November,45,4,0,2,2,0.0,0,BB,ESP,Online TA,TA/TO,0,0,0,A,A,0,No Deposit,9.0,0,Transient,97.2,0,2
City Hotel,0,48,2016,November,45,4,0,2,2,0.0,0,BB,ESP,Online TA,TA/TO,0,0,0,A,A,0,No Deposit,9.0,0,Transient,97.2,0,2
City Hotel,0,48,2016,November,45,4,0,2,2,0.0,0,BB,ESP,Online TA,TA/TO,0,0,0,A,A,0,No Deposit,9.0,0,Transient,97.2,0,2
City Hotel,0,71,2016,November,45,3,0,3,2,0.0,0,BB,ESP,Direct,Direct,0,0,0,A,A,0,No Deposit,14.0,0,Transient,79.2,0,3
City Hotel,0,19,2016,November,45,2,0,4,2,0.0,0,HB,ITA,Online TA,TA/TO,0,0,0,A,A,0,No Deposit,9.0,0,Transient,134.3,0,1
City Hotel,0,190,2016,November,45,3,0,3,2,0.0,0,BB,NLD,Online TA,TA/TO,0,0,0,A,A,0,No Deposit,9.0,0,Transient,90.9,0,0
City Hotel,0,124,2016,November,45,2,0,4,2,0.0,0,HB,DEU,Online TA,TA/TO,0,0,0,D,D,0,No Deposit,9.0,0,Transient,137.7,0,1
City Hotel,0,190,2016,November,45,3,0,3,2,0.0,0,BB,NLD,Online TA,TA/TO,0,0,0,A,A,0,No Deposit,9.0,0,Transient,90.9,0,0
City Hotel,0,62,2016,November,45,4,0,2,2,0.0,0,BB,BRA,Online TA,TA/TO,0,0,0,A,A,0,No Deposit,9.0,0,Transient,97.2,0,1
City Hotel,0,42,2016,November,45,4,0,2,2,0.0,0,BB,DEU,Offline TA/TO,TA/TO,0,0,0,A,A,0,No Deposit,27.0,0,Transient,72.0,0,0
City Hotel,0,49,2016,November,45,2,0,4,2,0.0,0,BB,FRA,Offline TA/TO,TA/TO,0,0,0,A,D,0,No Deposit,28.0,0,Transient,75.0,0,0
City Hotel,0,49,2016,November,45,2,0,4,2,0.0,0,BB,FRA,Offline TA/TO,TA/TO,0,0,0,A,D,0,No Deposit,28.0,0,Transient,75.0,0,0
City Hotel,0,148,2016,November,45,2,0,4,2,0.0,0,BB,HUN,Direct,Direct,0,0,0,A,A,1,No Deposit,14.0,0,Transient,79.2,0,0
City Hotel,0,148,2016,November,45,2,0,4,2,0.0,0,BB,HUN,Direct,Direct,0,0,0,A,A,1,No Deposit,14.0,0,Transient,79.2,0,0
City Hotel,0,42,2016,November,45,4,0,2,2,0.0,0,BB,DEU,Offline TA/TO,TA/TO,0,0,0,A,A,0,No Deposit,27.0,0,Transient,72.0,0,0
City Hotel,0,42,2016,November,45,4,0,2,2,0.0,0,BB,FRA,Offline TA/TO,TA/TO,0,0,0,A,A,0,No Deposit,27.0,0,Transient,72.0,0,0
City Hotel,0,69,2016,November,45,4,0,2,2,0.0,0,BB,ITA,Online TA,TA/TO,0,0,0,D,D,0,No Deposit,9.0,0,Transient,102.6,0,0
City Hotel,0,47,2016,October,45,30,2,5,2,0.0,0,BB,FRA,Offline TA/TO,TA/TO,0,0,0,A,D,0,No Deposit,28.0,0,Transient,75.0,0,0
City Hotel,0,44,2016,November,45,3,0,3,2,0.0,0,BB,FRA,Online TA,TA/TO,0,0,0,A,A,0,No Deposit,9.0,0,Transient,93.33,0,1
City Hotel,0,49,2016,November,45,2,0,4,2,0.0,0,BB,FRA,Direct,Direct,0,0,0,A,A,1,No Deposit,14.0,0,Transient,90.75,0,2
City Hotel,0,51,2016,November,45,4,0,2,2,0.0,0,BB,FRA,Offline TA/TO,TA/TO,0,0,0,A,D,0,No Deposit,28.0,0,Transient,75.0,0,0
City Hotel,0,57,2016,November,45,3,0,3,2,0.0,0,BB,GBR,Direct,Direct,0,0,0,A,A,0,No Deposit,14.0,0,Transient,98.0,0,1
City Hotel,0,44,2016,November,45,3,0,3,2,0.0,0,BB,FRA,Online TA,TA/TO,0,0,0,D,D,0,No Deposit,9.0,0,Transient,134.4,0,1
City Hotel,0,58,2016,November,45,2,0,4,2,0.0,0,BB,DEU,Online TA,TA/TO,0,0,0,D,D,0,No Deposit,7.0,0,Transient,72.69,0,1
City Hotel,0,44,2016,November,45,1,0,5,2,0.0,0,BB,DEU,Online TA,TA/TO,0,0,0,A,A,0,No Deposit,9.0,0,Transient,91.8,0,2
City Hotel,0,53,2016,November,45,4,0,2,2,0.0,0,SC,GBR,Online TA,TA/TO,0,0,0,A,A,0,No Deposit,9.0,0,Transient,88.0,0,1
City Hotel,0,53,2016,November,45,4,0,2,2,0.0,0,SC,GBR,Online TA,TA/TO,0,0,0,A,A,0,No Deposit,9.0,0,Transient,88.0,0,1
City Hotel,0,54,2016,November,45,4,0,2,2,0.0,0,SC,GBR,Online TA,TA/TO,0,0,0,A,A,0,No Deposit,9.0,0,Transient,88.0,0,1
City Hotel,0,53,2016,November,45,4,0,2,2,0.0,0,SC,GBR,Online TA,TA/TO,0,0,0,A,A,0,No Deposit,9.0,0,Transient,88.0,0,1
City Hotel,0,11,2016,November,45,4,0,2,2,0.0,0,BB,PRT,Corporate,Corporate,0,0,0,D,D,1,No Deposit,,0,Transient,65.0,1,2
City Hotel,0,29,2016,November,45,2,0,4,2,0.0,0,BB,CHE,Offline TA/TO,TA/TO,0,0,0,A,A,0,No Deposit,138.0,0,Transient,70.0,0,0
City Hotel,0,50,2016,November,45,2,0,4,2,0.0,0,HB,FRA,Offline TA/TO,TA/TO,0,0,0,A,D,1,No Deposit,28.0,0,Transient,141.0,0,0
City Hotel,0,48,2016,November,45,3,1,3,2,0.0,0,BB,FRA,Offline TA/TO,TA/TO,0,0,0,A,D,0,No Deposit,28.0,0,Transient,112.0,0,0
City Hotel,0,23,2016,November,46,6,1,0,2,0.0,0,BB,DEU,Offline TA/TO,TA/TO,0,0,0,D,D,0,No Deposit,42.0,0,Transient,92.0,0,0
City Hotel,0,8,2016,November,45,2,1,4,2,0.0,0,BB,FRA,Online TA,TA/TO,0,0,0,A,A,0,No Deposit,9.0,0,Transient,115.6,0,1
City Hotel,0,46,2016,October,45,31,2,5,2,0.0,0,BB,FRA,Offline TA/TO,TA/TO,0,0,0,A,D,0,No Deposit,28.0,0,Transient,112.0,0,0
City Hotel,0,41,2016,November,45,2,1,4,2,0.0,0,BB,FRA,Offline TA/TO,TA/TO,0,0,0,A,A,0,No Deposit,28.0,0,Transient,112.0,0,1
City Hotel,0,11,2016,November,45,1,1,5,2,0.0,0,BB,USA,Corporate,Corporate,0,0,0,C,C,0,No Deposit,,0,Transient,110.0,0,1
City Hotel,0,48,2016,November,46,6,1,0,2,0.0,0,SC,CN,Online TA,TA/TO,0,0,0,A,A,0,No Deposit,9.0,0,Transient,79.2,0,1
City Hotel,0,94,2016,November,45,3,1,3,2,0.0,0,SC,USA,Online TA,TA/TO,0,0,0,A,A,0,No Deposit,9.0,0,Transient,79.2,0,1
City Hotel,0,49,2016,November,45,4,1,2,2,0.0,0,BB,BEL,Offline TA/TO,TA/TO,0,0,0,A,D,0,No Deposit,28.0,0,Transient,112.0,0,0
City Hotel,0,127,2016,November,45,2,1,4,2,0.0,0,BB,DEU,Online TA,TA/TO,0,0,0,A,A,0,No Deposit,9.0,0,Transient,90.0,0,3
City Hotel,0,86,2016,November,45,4,1,2,2,0.0,0,BB,FRA,Online TA,TA/TO,0,0,0,A,A,0,No Deposit,9.0,0,Transient,99.0,0,2
City Hotel,0,86,2016,November,45,4,1,2,2,0.0,0,BB,FRA,Online TA,TA/TO,0,0,0,A,A,0,No Deposit,9.0,0,Transient,90.0,0,2
City Hotel,0,51,2016,November,45,4,1,2,2,0.0,0,BB,FRA,Offline TA/TO,TA/TO,0,0,0,A,D,0,No Deposit,28.0,0,Transient,112.0,0,0
City Hotel,0,38,2016,November,45,4,1,2,2,0.0,0,BB,SWE,Online TA,TA/TO,0,0,0,D,D,0,No Deposit,9.0,0,Transient,118.0,0,2
City Hotel,0,41,2016,November,45,3,1,3,2,0.0,0,BB,FRA,Offline TA/TO,TA/TO,0,0,0,A,D,0,No Deposit,28.0,0,Transient,112.0,0,1
City Hotel,0,21,2016,November,46,6,1,0,2,0.0,0,SC,CHE,Online TA,TA/TO,0,0,0,A,A,0,No Deposit,9.0,0,Transient,100.0,0,2
City Hotel,0,44,2016,November,45,4,1,2,2,0.0,0,BB,FRA,Online TA,TA/TO,0,0,0,D,D,0,No Deposit,9.0,0,Transient,110.13,0,2
City Hotel,0,126,2016,November,45,5,1,1,2,0.0,0,SC,CHE,Online TA,TA/TO,0,0,0,A,A,2,No Deposit,9.0,0,Transient,79.2,0,0
City Hotel,0,44,2016,November,45,4,1,2,2,0.0,0,BB,FRA,Online TA,TA/TO,0,0,0,D,D,0,No Deposit,9.0,0,Transient,110.13,0,2
City Hotel,0,75,2016,November,45,2,1,4,2,0.0,0,SC,SRB,Online TA,TA/TO,0,0,0,A,A,0,No Deposit,9.0,0,Transient,79.2,0,2
City Hotel,0,35,2016,November,45,4,1,2,2,0.0,0,BB,FRA,Direct,Direct,0,0,0,D,D,0,No Deposit,14.0,0,Transient,155.0,0,3
City Hotel,0,135,2016,November,45,5,1,1,2,0.0,0,BB,ITA,Online TA,TA/TO,0,0,0,A,A,2,No Deposit,9.0,0,Transient,90.0,0,2
City Hotel,0,5,2016,November,45,4,1,2,2,0.0,0,SC,ITA,Online TA,TA/TO,0,0,0,A,A,0,No Deposit,9.0,0,Transient,133.33,0,2
City Hotel,0,4,2016,November,45,3,1,3,2,0.0,0,BB,CHN,Online TA,TA/TO,0,0,0,A,A,0,No Deposit,9.0,0,Transient,131.75,0,1
City Hotel,0,8,2016,November,45,3,1,3,2,0.0,0,BB,NLD,Online TA,TA/TO,0,0,0,A,A,0,No Deposit,9.0,0,Transient,127.5,0,3
City Hotel,0,127,2016,November,45,2,1,4,2,0.0,0,BB,DEU,Online TA,TA/TO,0,0,0,A,A,0,No Deposit,9.0,0,Transient,90.0,0,3
City Hotel,0,199,2016,November,45,4,1,2,2,0.0,0,BB,GBR,Offline TA/TO,TA/TO,0,0,0,A,B,0,No Deposit,22.0,0,Transient,68.0,0,1
City Hotel,0,199,2016,November,45,4,1,2,2,0.0,0,BB,GBR,Offline TA/TO,TA/TO,0,0,0,A,A,0,No Deposit,22.0,0,Transient,68.0,0,1
City Hotel,0,83,2016,November,45,3,1,3,2,0.0,0,BB,BEL,Online TA,TA/TO,0,0,0,D,D,0,No Deposit,8.0,0,Transient,92.0,0,1
City Hotel,0,48,2016,November,45,4,1,2,2,0.0,0,SC,CHE,Online TA,TA/TO,0,0,0,A,A,0,No Deposit,9.0,0,Transient,79.2,0,2
City Hotel,0,98,2016,November,45,2,1,4,2,0.0,0,BB,ITA,Online TA,TA/TO,0,0,0,A,A,0,No Deposit,9.0,0,Transient,90.0,0,1
City Hotel,0,165,2016,November,45,5,1,1,2,0.0,0,SC,DEU,Online TA,TA/TO,0,0,0,A,A,0,No Deposit,9.0,0,Transient,80.1,0,2
City Hotel,0,94,2016,November,45,3,1,3,2,0.0,0,SC,USA,Online TA,TA/TO,0,0,0,A,A,0,No Deposit,9.0,0,Transient,79.2,0,1
City Hotel,0,116,2016,November,45,3,1,3,2,0.0,0,BB,KOR,Online TA,TA/TO,0,0,0,A,A,0,No Deposit,9.0,0,Transient,90.0,0,1
City Hotel,0,51,2016,November,45,2,1,4,2,0.0,0,SC,PRT,Online TA,TA/TO,0,0,0,A,A,0,No Deposit,9.0,0,Transient,88.0,0,2
City Hotel,0,44,2016,November,45,5,1,1,2,0.0,0,BB,FRA,Offline TA/TO,TA/TO,0,0,0,A,D,0,No Deposit,28.0,0,Transient,112.0,0,1
City Hotel,0,46,2016,November,45,3,1,3,2,0.0,0,SC,DEU,Online TA,TA/TO,0,0,0,A,A,1,No Deposit,9.0,0,Transient,74.8,0,1
City Hotel,0,126,2016,November,45,2,1,4,2,0.0,0,BB,BRA,Direct,Direct,0,0,0,A,A,0,No Deposit,14.0,0,Transient,74.8,0,2
City Hotel,0,71,2016,November,45,3,1,3,2,0.0,0,BB,NLD,Direct,Direct,0,0,0,D,D,0,No Deposit,14.0,0,Transient,110.0,0,0
City Hotel,0,92,2016,November,45,2,1,4,2,0.0,0,BB,BRA,Online TA,TA/TO,0,0,0,A,A,0,No Deposit,9.0,0,Transient,90.0,0,0
City Hotel,0,86,2016,November,45,4,1,2,2,0.0,0,BB,FRA,Online TA,TA/TO,0,0,0,A,A,0,No Deposit,9.0,0,Transient,90.0,0,2
City Hotel,0,52,2016,November,45,5,1,1,2,0.0,0,BB,FRA,Online TA,TA/TO,0,0,0,A,A,0,No Deposit,83.0,0,Transient,77.76,0,0
City Hotel,0,49,2016,November,45,4,1,2,2,0.0,0,BB,FRA,Offline TA/TO,TA/TO,0,0,0,A,D,0,No Deposit,28.0,0,Transient,112.0,0,0
City Hotel,0,80,2016,November,45,4,1,2,2,0.0,0,BB,NLD,Online TA,TA/TO,0,0,0,A,A,1,No Deposit,9.0,0,Transient,94.6,0,1
City Hotel,0,48,2016,November,46,6,1,0,2,0.0,0,SC,CN,Online TA,TA/TO,0,0,0,A,A,0,No Deposit,9.0,0,Transient,79.2,0,1
City Hotel,0,18,2016,November,46,7,0,0,2,0.0,0,BB,PRT,Online TA,TA/TO,0,0,0,A,K,0,No Deposit,7.0,0,Transient,0.0,0,1
City Hotel,0,32,2016,November,46,7,1,0,2,0.0,0,SC,PRT,Complementary,TA/TO,0,0,0,D,E,1,No Deposit,83.0,0,Transient,0.0,0,1
City Hotel,0,23,2016,November,46,12,1,1,2,0.0,0,BB,PRT,Complementary,TA/TO,0,0,1,D,E,2,No Deposit,83.0,0,Group,0.0,0,1
City Hotel,0,3,2016,November,45,3,2,3,2,0.0,0,BB,BRA,Online TA,TA/TO,0,0,0,A,A,0,No Deposit,9.0,0,Transient,146.4,0,2
City Hotel,0,30,2016,November,45,4,2,2,2,0.0,0,BB,NOR,Online TA,TA/TO,0,0,0,D,D,0,No Deposit,9.0,0,Transient,140.88,0,2
City Hotel,0,54,2016,November,45,5,2,1,2,0.0,0,SC,PRT,Online TA,TA/TO,0,0,0,A,A,0,No Deposit,9.0,0,Transient,118.33,0,3
City Hotel,0,18,2016,November,46,6,2,0,2,0.0,0,BB,AUT,Online TA,TA/TO,0,0,0,A,A,0,No Deposit,9.0,0,Transient,155.0,0,2
City Hotel,0,71,2016,November,46,6,2,0,2,0.0,0,SC,GBR,Online TA,TA/TO,0,0,0,A,A,0,No Deposit,9.0,0,Transient,120.15,0,0
City Hotel,0,10,2016,November,45,4,2,2,2,0.0,0,BB,FRA,Direct,Direct,0,0,0,A,A,0,No Deposit,14.0,0,Transient,114.85,0,0
City Hotel,0,10,2016,November,45,4,2,2,2,0.0,0,SC,GBR,Online TA,TA/TO,0,0,0,A,A,0,No Deposit,7.0,0,Transient,94.91,0,1
City Hotel,0,38,2016,November,45,4,2,2,2,0.0,0,BB,NLD,Online TA,TA/TO,0,0,0,D,D,0,No Deposit,9.0,0,Transient,120.91,0,2
City Hotel,0,48,2016,November,45,5,2,1,2,0.0,0,BB,FRA,Online TA,TA/TO,0,0,0,D,D,0,No Deposit,9.0,0,Transient,131.72,0,2
City Hotel,0,9,2016,November,45,2,2,4,2,0.0,0,SC,DEU,Online TA,TA/TO,0,0,0,A,A,0,No Deposit,9.0,0,Transient,113.0,0,1
City Hotel,0,44,2016,November,46,6,2,1,2,0.0,0,BB,FRA,Offline TA/TO,TA/TO,0,0,0,A,D,0,No Deposit,28.0,0,Transient,112.0,0,1
City Hotel,0,11,2016,November,45,1,2,6,2,0.0,0,SC,ARG,Offline TA/TO,TA/TO,0,0,0,A,A,0,No Deposit,85.0,0,Transient,79.5,0,0
City Hotel,0,0,2016,November,46,9,0,0,2,0.0,0,BB,PRT,Offline TA/TO,TA/TO,1,0,0,A,A,0,No Deposit,85.0,0,Transient,0.0,0,0
City Hotel,0,5,2016,November,46,8,0,1,2,0.0,0,BB,PRT,Online TA,TA/TO,0,0,0,D,D,0,No Deposit,9.0,0,Transient,224.0,1,3
City Hotel,0,82,2016,November,45,4,2,3,2,0.0,0,BB,PRT,Online TA,TA/TO,0,0,0,A,A,0,No Deposit,9.0,0,Transient,122.76,0,2
City Hotel,0,44,2016,November,45,5,2,2,2,0.0,0,BB,ITA,Offline TA/TO,TA/TO,0,0,0,A,D,0,No Deposit,28.0,0,Transient,112.0,0,0
City Hotel,0,124,2016,November,45,5,2,2,2,0.0,0,BB,DEU,Online TA,TA/TO,0,0,0,A,A,3,No Deposit,10.0,0,Transient,140.15,0,0
City Hotel,0,7,2016,November,46,7,1,1,2,0.0,0,BB,FRA,Online TA,TA/TO,0,0,0,D,D,0,No Deposit,9.0,0,Transient,215.0,0,1
City Hotel,0,90,2016,November,46,7,1,1,2,0.0,0,BB,PRT,Online TA,TA/TO,0,0,0,A,A,0,No Deposit,9.0,0,Transient,171.9,0,1
City Hotel,0,106,2016,November,46,8,0,1,2,0.0,0,BB,DEU,Online TA,TA/TO,0,0,0,A,A,0,No Deposit,9.0,0,Transient,171.9,0,1
City Hotel,0,11,2016,November,45,3,2,4,2,0.0,0,SC,USA,Online TA,TA/TO,0,0,0,A,A,0,No Deposit,7.0,0,Transient,96.41,0,1
City Hotel,0,46,2016,November,45,4,2,3,2,0.0,0,BB,BRA,Online TA,TA/TO,0,0,0,A,A,0,No Deposit,9.0,0,Transient,128.38,0,1
City Hotel,0,0,2016,November,45,5,2,2,2,0.0,0,BB,AGO,Direct,Direct,0,0,0,A,A,1,No Deposit,,0,Transient,89.0,0,0
City Hotel,0,1,2016,November,45,5,2,2,2,0.0,0,BB,GRC,Offline TA/TO,TA/TO,0,0,0,A,A,0,No Deposit,27.0,0,Transient,68.0,0,1
City Hotel,0,40,2016,November,46,7,1,2,2,0.0,0,SC,FIN,Online TA,TA/TO,0,0,0,A,A,0,No Deposit,7.0,0,Transient,135.33,0,1
City Hotel,0,24,2016,November,45,5,2,3,2,0.0,0,BB,PRT,Online TA,TA/TO,0,0,0,D,D,0,No Deposit,9.0,0,Transient,174.9,0,3
City Hotel,0,71,2016,November,45,4,2,4,2,0.0,0,SC,DEU,Online TA,TA/TO,0,0,0,A,A,0,No Deposit,9.0,0,Transient,120.15,0,2
City Hotel,0,95,2016,November,46,7,1,2,2,0.0,0,BB,DNK,Online TA,TA/TO,0,0,0,D,D,0,No Deposit,9.0,0,Transient,185.4,0,1
City Hotel,0,24,2016,November,46,10,0,1,2,0.0,0,BB,PRT,Direct,Direct,0,0,0,D,D,1,No Deposit,,0,Transient,185.4,0,1
City Hotel,0,107,2016,November,46,6,2,2,2,0.0,0,BB,GBR,Online TA,TA/TO,0,0,0,D,D,0,No Deposit,89.0,0,Transient,117.28,0,0
City Hotel,0,107,2016,November,46,6,2,2,2,0.0,0,BB,GBR,Online TA,TA/TO,0,0,0,D,D,0,No Deposit,89.0,0,Transient,117.28,0,0
City Hotel,0,107,2016,November,46,6,2,2,2,0.0,0,BB,GBR,Online TA,TA/TO,0,0,0,D,D,0,No Deposit,89.0,0,Transient,117.28,0,0
City Hotel,0,107,2016,November,46,6,2,2,2,0.0,0,BB,GBR,Online TA,TA/TO,0,0,0,D,D,0,No Deposit,89.0,0,Transient,117.28,0,0
City Hotel,0,34,2016,November,46,6,2,2,2,0.0,0,BB,FIN,Direct,Direct,0,0,0,A,K,0,No Deposit,,0,Transient,176.25,0,0
City Hotel,0,38,2016,November,46,10,0,3,2,0.0,0,BB,FIN,Direct,Direct,0,0,0,A,A,0,No Deposit,,0,Transient,145.0,0,0
City Hotel,0,38,2016,November,46,10,1,3,2,0.0,0,BB,FIN,Direct,Direct,0,0,0,A,A,0,No Deposit,,0,Transient,147.25,0,2
City Hotel,0,6,2016,November,46,9,0,1,2,0.0,0,BB,JPN,Corporate,Corporate,0,0,0,A,A,0,No Deposit,,0,Transient,179.38,0,0
City Hotel,0,70,2016,November,45,4,2,4,2,0.0,0,SC,DEU,Online TA,TA/TO,0,0,0,A,A,0,No Deposit,9.0,0,Transient,120.15,0,2
City Hotel,0,21,2016,November,46,7,1,2,2,0.0,0,BB,NLD,Online TA,TA/TO,0,0,0,A,A,1,No Deposit,9.0,0,Transient,200.0,0,1
City Hotel,0,11,2016,November,46,7,1,2,2,0.0,0,BB,FRA,Online TA,TA/TO,0,0,0,A,A,0,No Deposit,9.0,0,Transient,205.0,0,2
City Hotel,0,146,2016,November,46,6,2,2,2,0.0,0,BB,GBR,Direct,Direct,0,0,0,D,D,0,No Deposit,14.0,0,Transient,161.33,0,1
City Hotel,0,36,2016,November,46,8,0,2,2,0.0,0,SC,FRA,Online TA,TA/TO,0,0,0,A,A,0,No Deposit,7.0,0,Transient,142.45,0,1
City Hotel,0,123,2016,November,46,6,2,2,2,0.0,0,BB,ESP,Online TA,TA/TO,0,0,0,A,A,0,No Deposit,9.0,0,Transient,151.43,0,1
City Hotel,0,21,2016,November,46,7,1,2,2,0.0,0,BB,NLD,Online TA,TA/TO,0,0,0,A,A,1,No Deposit,9.0,0,Transient,200.0,0,1
City Hotel,0,4,2016,November,46,6,2,2,2,0.0,0,BB,POL,Online TA,TA/TO,0,0,0,A,A,0,No Deposit,7.0,0,Transient,117.37,0,1
City Hotel,0,117,2016,November,46,6,2,2,2,0.0,0,BB,PRT,Corporate,Corporate,0,0,0,A,A,2,No Deposit,283.0,0,Transient,71.4,0,0
City Hotel,0,45,2016,November,46,7,1,2,2,0.0,0,BB,EST,Online TA,TA/TO,0,0,0,A,A,0,No Deposit,83.0,0,Transient,147.6,0,0
City Hotel,0,4,2016,November,46,9,0,1,2,0.0,0,BB,PRT,Online TA,TA/TO,0,0,0,A,A,0,No Deposit,9.0,0,Transient,205.0,0,1
City Hotel,0,99,2016,November,46,7,1,2,2,0.0,0,SC,FRA,Online TA,TA/TO,0,0,0,A,A,0,No Deposit,9.0,0,Transient,161.1,0,2
City Hotel,0,3,2016,November,46,7,1,2,2,0.0,0,SC,CN,Direct,Direct,0,0,0,A,A,0,No Deposit,14.0,0,Transient,195.0,0,0
City Hotel,0,15,2016,November,46,7,1,2,2,0.0,0,BB,SVN,Online TA,TA/TO,0,0,0,A,A,0,No Deposit,9.0,0,Transient,200.0,0,2
City Hotel,0,17,2016,November,46,6,2,2,2,0.0,0,SC,TWN,Online TA,TA/TO,0,0,0,A,A,0,No Deposit,9.0,0,Transient,142.54,0,0
City Hotel,0,42,2016,November,46,7,1,2,2,0.0,0,BB,CHL,Online TA,TA/TO,0,0,0,A,A,0,No Deposit,9.0,0,Transient,174.25,0,2
City Hotel,0,15,2016,November,46,7,1,2,2,0.0,0,BB,SVN,Online TA,TA/TO,0,0,0,A,A,0,No Deposit,9.0,0,Transient,200.0,0,2
City Hotel,0,20,2016,November,46,8,0,2,2,0.0,0,SC,FRA,Online TA,TA/TO,0,0,0,A,A,0,No Deposit,9.0,0,Transient,185.0,0,1
City Hotel,0,24,2016,November,47,13,1,0,2,0.0,0,BB,FRA,Online TA,TA/TO,0,0,1,D,D,0,No Deposit,9.0,0,Transient,114.0,0,1
City Hotel,0,42,2016,November,46,7,1,3,2,0.0,0,BB,FRA,Offline TA/TO,TA/TO,0,0,0,A,D,0,No Deposit,28.0,0,Transient,75.0,0,0
City Hotel,0,145,2016,November,46,7,1,3,2,0.0,0,BB,USA,Online TA,TA/TO,0,0,0,A,A,0,No Deposit,9.0,0,Transient,174.15,1,2
City Hotel,0,48,2016,November,46,6,2,3,2,0.0,0,BB,FRA,Offline TA/TO,TA/TO,0,0,0,A,D,0,No Deposit,28.0,0,Transient,75.0,0,0
City Hotel,0,168,2016,November,46,7,1,3,2,0.0,0,BB,IRL,Online TA,TA/TO,0,0,0,A,A,0,No Deposit,9.0,0,Transient,171.9,0,1
City Hotel,0,13,2016,November,46,10,0,1,2,0.0,0,BB,DNK,Online TA,TA/TO,0,0,0,G,G,0,No Deposit,8.0,0,Transient,260.0,0,2
City Hotel,0,11,2016,November,46,7,1,3,2,0.0,0,BB,DEU,Online TA,TA/TO,0,0,0,D,D,0,No Deposit,7.0,0,Transient,126.69,0,1
City Hotel,0,76,2016,November,46,6,2,3,2,0.0,0,SC,KWT,Online TA,TA/TO,0,0,0,A,A,0,No Deposit,9.0,0,Transient,153.72,0,1
City Hotel,0,39,2016,November,46,7,1,3,2,0.0,0,BB,IRL,Online TA,TA/TO,0,0,0,A,A,0,No Deposit,9.0,0,Transient,174.25,0,2
City Hotel,0,72,2016,November,46,9,0,2,2,0.0,0,BB,USA,Online TA,TA/TO,0,0,0,A,A,0,No Deposit,9.0,0,Transient,175.5,0,2
City Hotel,0,119,2016,November,46,10,0,1,2,0.0,0,SC,ITA,Online TA,TA/TO,0,0,0,A,A,0,No Deposit,9.0,0,Transient,161.1,0,1
City Hotel,0,119,2016,November,46,10,0,1,2,0.0,0,SC,ITA,Online TA,TA/TO,0,0,0,A,A,0,No Deposit,9.0,0,Transient,161.1,0,1
City Hotel,0,66,2016,November,46,7,1,3,2,0.0,0,BB,POL,Online TA,TA/TO,0,0,0,A,A,0,No Deposit,9.0,0,Transient,179.1,0,2
City Hotel,0,66,2016,November,46,7,1,3,2,0.0,0,BB,POL,Online TA,TA/TO,0,0,0,A,A,0,No Deposit,9.0,0,Transient,179.1,0,2
City Hotel,0,66,2016,November,46,7,1,3,2,0.0,0,BB,POL,Online TA,TA/TO,0,0,0,A,A,0,No Deposit,9.0,0,Transient,179.1,0,2
City Hotel,0,8,2016,November,46,7,1,3,2,0.0,0,BB,IND,Online TA,TA/TO,0,0,0,A,A,0,No Deposit,7.0,0,Transient,120.47,0,1
City Hotel,0,93,2016,November,46,7,1,3,2,0.0,0,BB,GRC,Corporate,Corporate,0,0,0,A,A,0,No Deposit,,0,Transient,161.15,1,1
City Hotel,0,49,2016,November,46,6,2,3,2,0.0,0,BB,BEL,Online TA,TA/TO,0,0,0,A,A,0,No Deposit,9.0,0,Transient,157.76,0,2
City Hotel,0,53,2016,November,46,7,1,3,2,0.0,0,BB,FRA,Direct,Direct,0,0,0,A,D,0,No Deposit,,0,Transient,166.0,0,0
City Hotel,0,88,2016,November,46,7,1,3,2,0.0,0,BB,PRT,Direct,Direct,0,0,0,A,A,1,No Deposit,14.0,0,Transient,169.65,0,1
City Hotel,0,43,2016,November,46,8,0,3,2,0.0,0,BB,FRA,Offline TA/TO,TA/TO,0,0,0,A,D,0,No Deposit,28.0,0,Transient,75.0,0,0
City Hotel,0,119,2016,November,46,10,0,1,2,0.0,0,SC,ITA,Online TA,TA/TO,0,0,0,A,A,0,No Deposit,9.0,0,Transient,170.1,0,1
City Hotel,0,139,2016,November,46,7,1,3,2,0.0,0,BB,CHE,Online TA,TA/TO,0,0,0,A,A,0,No Deposit,9.0,0,Transient,171.9,0,1
City Hotel,0,64,2016,November,46,7,1,3,2,0.0,0,SC,GBR,Online TA,TA/TO,0,0,0,A,D,0,No Deposit,86.0,0,Transient,121.72,0,0
City Hotel,0,119,2016,November,46,10,0,1,2,0.0,0,SC,ITA,Online TA,TA/TO,0,0,0,A,A,0,No Deposit,9.0,0,Transient,170.1,0,1
City Hotel,0,8,2016,November,45,4,2,5,2,0.0,0,BB,BRA,Online TA,TA/TO,0,0,0,A,A,0,No Deposit,7.0,0,Transient,113.6,0,1
City Hotel,0,103,2016,November,46,7,1,3,2,0.0,0,BB,FIN,Online TA,TA/TO,0,0,0,A,B,2,No Deposit,8.0,0,Transient,188.5,0,2
City Hotel,0,5,2016,November,46,6,2,3,2,0.0,0,SC,USA,Online TA,TA/TO,0,0,0,A,A,0,No Deposit,7.0,0,Transient,106.68,0,1
City Hotel,0,95,2016,November,46,6,2,3,2,0.0,0,SC,GBR,Offline TA/TO,TA/TO,0,0,0,A,A,0,No Deposit,85.0,0,Transient,59.5,0,0
City Hotel,0,18,2016,November,46,7,1,3,2,0.0,0,SC,IND,Offline TA/TO,TA/TO,0,0,0,A,A,0,No Deposit,85.0,0,Transient,66.25,0,0
City Hotel,0,9,2016,November,46,10,0,1,2,0.0,0,BB,BRA,Direct,Direct,0,0,0,A,A,1,No Deposit,,0,Transient,98.0,0,1
City Hotel,0,6,2016,November,46,7,1,3,2,0.0,0,SC,GBR,Online TA,TA/TO,0,0,0,A,A,0,No Deposit,7.0,0,Transient,113.72,0,1
City Hotel,0,51,2016,November,46,9,0,3,2,0.0,0,BB,FRA,Offline TA/TO,TA/TO,0,0,0,A,D,0,No Deposit,28.0,0,Transient,75.0,0,0
City Hotel,0,65,2016,November,46,11,0,1,2,0.0,0,SC,IRL,Online TA,TA/TO,0,0,0,A,A,0,No Deposit,9.0,0,Transient,88.0,0,1
City Hotel,0,19,2016,November,45,5,2,5,2,0.0,0,BB,DEU,Online TA,TA/TO,0,0,0,E,E,0,No Deposit,11.0,0,Transient,147.71,0,0
City Hotel,0,17,2016,November,46,7,1,4,2,0.0,0,SC,FRA,Online TA,TA/TO,0,0,0,A,A,0,No Deposit,7.0,0,Transient,100.73,0,1
City Hotel,0,7,2016,November,46,8,0,4,2,0.0,0,SC,UKR,Online TA,TA/TO,0,0,0,A,A,0,No Deposit,7.0,0,Transient,106.36,0,1
City Hotel,0,113,2016,November,46,11,0,1,2,0.0,0,BB,THA,Offline TA/TO,TA/TO,0,0,0,A,A,0,No Deposit,364.0,21,Transient-Party,90.0,0,0
City Hotel,0,92,2016,November,46,11,0,1,2,0.0,0,BB,THA,Offline TA/TO,TA/TO,0,0,0,A,A,0,No Deposit,364.0,0,Transient-Party,90.0,0,0
City Hotel,0,92,2016,November,46,11,0,1,2,0.0,0,BB,THA,Offline TA/TO,TA/TO,0,0,0,A,A,0,No Deposit,364.0,0,Transient-Party,90.0,0,0
City Hotel,0,92,2016,November,46,11,0,1,2,0.0,0,BB,THA,Offline TA/TO,TA/TO,0,0,0,A,A,0,No Deposit,364.0,0,Transient-Party,90.0,0,0
City Hotel,0,92,2016,November,46,11,0,1,2,0.0,0,BB,THA,Offline TA/TO,TA/TO,0,0,0,A,A,0,No Deposit,364.0,0,Transient-Party,90.0,0,0
City Hotel,0,92,2016,November,46,11,0,1,2,0.0,0,BB,THA,Offline TA/TO,TA/TO,0,0,0,A,A,0,No Deposit,364.0,0,Transient-Party,90.0,0,0
City Hotel,0,92,2016,November,46,11,0,1,2,0.0,0,BB,THA,Offline TA/TO,TA/TO,0,0,0,A,A,0,No Deposit,364.0,0,Transient-Party,90.0,0,0
City Hotel,0,92,2016,November,46,11,0,1,2,0.0,0,BB,THA,Offline TA/TO,TA/TO,0,0,0,A,A,0,No Deposit,364.0,0,Transient-Party,90.0,0,0
City Hotel,0,92,2016,November,46,11,0,1,2,0.0,0,BB,THA,Offline TA/TO,TA/TO,0,0,0,A,A,0,No Deposit,364.0,0,Transient-Party,90.0,0,0
City Hotel,0,92,2016,November,46,11,0,1,2,0.0,0,BB,THA,Offline TA/TO,TA/TO,0,0,0,A,A,0,No Deposit,364.0,0,Transient-Party,90.0,0,0
City Hotel,0,92,2016,November,46,11,0,1,2,0.0,0,BB,THA,Offline TA/TO,TA/TO,0,0,0,A,A,0,No Deposit,364.0,0,Transient-Party,90.0,0,0
City Hotel,0,92,2016,November,46,11,0,1,2,0.0,0,BB,THA,Offline TA/TO,TA/TO,0,0,0,A,A,0,No Deposit,364.0,0,Transient-Party,90.0,0,0
City Hotel,0,92,2016,November,46,11,0,1,2,0.0,0,BB,THA,Offline TA/TO,TA/TO,0,0,0,A,A,0,No Deposit,364.0,0,Transient-Party,90.0,0,0
City Hotel,0,92,2016,November,46,11,0,1,2,0.0,0,BB,THA,Offline TA/TO,TA/TO,0,0,0,A,A,0,No Deposit,364.0,0,Transient-Party,90.0,0,0
City Hotel,0,92,2016,November,46,11,0,1,2,0.0,0,BB,THA,Offline TA/TO,TA/TO,0,0,0,A,A,0,No Deposit,364.0,0,Transient-Party,90.0,0,0
City Hotel,0,92,2016,November,46,11,0,1,2,0.0,0,BB,THA,Offline TA/TO,TA/TO,0,0,0,A,A,0,No Deposit,364.0,0,Transient-Party,90.0,0,0
City Hotel,0,92,2016,November,46,11,0,1,2,0.0,0,BB,THA,Offline TA/TO,TA/TO,0,0,0,A,A,0,No Deposit,364.0,0,Transient-Party,90.0,0,0
City Hotel,0,19,2016,November,46,10,0,2,2,0.0,0,BB,PRT,Online TA,TA/TO,0,0,0,D,D,0,No Deposit,9.0,0,Transient,165.0,0,1
City Hotel,0,26,2016,November,46,11,0,1,2,0.0,0,BB,PRT,Online TA,TA/TO,0,0,0,D,D,1,No Deposit,9.0,0,Transient,170.0,0,3
City Hotel,0,1,2016,November,46,8,0,4,2,0.0,0,SC,AUS,Online TA,TA/TO,0,0,0,A,A,0,No Deposit,9.0,0,Transient,159.38,0,2
City Hotel,0,9,2016,November,46,9,0,3,2,0.0,0,SC,BEL,Online TA,TA/TO,0,0,0,A,A,0,No Deposit,9.0,0,Transient,155.0,0,1
City Hotel,0,7,2016,November,46,11,0,1,2,0.0,0,BB,PRT,Direct,Direct,0,0,0,A,A,2,No Deposit,,0,Transient,140.0,0,1
City Hotel,0,42,2016,November,45,1,2,9,2,0.0,0,BB,BRA,Online TA,TA/TO,0,0,0,A,A,0,No Deposit,9.0,0,Transient,121.78,0,2
City Hotel,0,0,2016,November,46,7,1,4,2,0.0,0,BB,BEL,Direct,Direct,0,0,0,A,A,0,No Deposit,,0,Transient,189.0,0,0
City Hotel,0,75,2016,November,45,5,2,5,2,0.0,0,BB,BRA,Online TA,TA/TO,0,0,0,A,A,0,No Deposit,83.0,0,Transient,106.08,0,0
City Hotel,0,7,2016,November,46,6,2,4,2,0.0,0,BB,CHE,Online TA,TA/TO,0,0,0,A,A,0,No Deposit,7.0,0,Transient,111.4,0,1
City Hotel,0,7,2016,November,46,10,0,2,2,0.0,0,BB,PRT,Complementary,Direct,0,0,0,A,A,0,No Deposit,,0,Transient,0.0,0,0
City Hotel,0,0,2016,November,46,10,0,2,2,0.0,0,BB,PRT,Complementary,Direct,0,0,0,A,A,0,No Deposit,,0,Transient,0.0,0,0
City Hotel,0,49,2016,November,46,9,0,3,2,0.0,0,BB,FRA,Offline TA/TO,TA/TO,0,0,0,A,D,0,No Deposit,28.0,0,Transient,75.0,0,0
City Hotel,0,71,2016,November,46,10,0,2,2,0.0,0,SC,GBR,Online TA,TA/TO,0,0,0,A,A,1,No Deposit,8.0,0,Transient,145.0,0,1
City Hotel,0,60,2016,November,46,11,0,1,2,0.0,0,SC,IND,Online TA,TA/TO,0,0,0,A,A,0,No Deposit,8.0,0,Transient,88.0,0,1
City Hotel,0,58,2016,November,46,10,0,3,2,0.0,0,BB,FRA,Offline TA/TO,TA/TO,0,0,0,A,D,0,No Deposit,28.0,0,Transient,75.0,0,0
City Hotel,0,45,2016,November,46,10,0,3,2,0.0,0,BB,FRA,Offline TA/TO,TA/TO,0,0,0,A,D,0,No Deposit,28.0,0,Transient,75.0,0,0
City Hotel,0,100,2016,November,46,12,0,1,2,0.0,0,SC,FRA,Online TA,TA/TO,0,0,0,A,A,2,No Deposit,9.0,0,Transient,79.2,0,1
City Hotel,0,100,2016,November,46,12,0,1,2,0.0,0,SC,CHE,Online TA,TA/TO,0,0,0,A,A,2,No Deposit,9.0,0,Transient,79.2,0,1
City Hotel,0,76,2016,November,46,11,0,2,2,0.0,0,SC,ZAF,Online TA,TA/TO,0,0,0,A,A,0,No Deposit,9.0,0,Transient,79.2,0,1
City Hotel,0,46,2016,November,46,11,0,2,2,0.0,0,BB,FRA,Offline TA/TO,TA/TO,0,0,0,A,D,0,No Deposit,28.0,0,Transient,75.0,0,0
City Hotel,0,46,2016,November,46,11,0,2,2,0.0,0,BB,PRT,Offline TA/TO,TA/TO,0,0,0,A,D,0,No Deposit,28.0,0,Transient,75.0,0,0
City Hotel,0,2,2016,November,46,6,2,5,2,0.0,0,BB,DEU,Offline TA/TO,TA/TO,0,0,0,D,A,0,No Deposit,27.0,0,Transient,78.2,0,1
City Hotel,0,63,2016,November,46,10,0,3,2,0.0,0,SC,BEL,Online TA,TA/TO,0,0,0,A,A,0,No Deposit,9.0,0,Transient,118.33,0,3
City Hotel,0,8,2016,November,46,10,0,3,2,0.0,0,BB,IRL,Direct,Direct,0,0,0,A,D,1,No Deposit,14.0,0,Transient,156.67,0,3
City Hotel,0,5,2016,November,46,8,0,5,2,0.0,0,HB,GBR,Online TA,TA/TO,0,0,0,A,A,0,No Deposit,7.0,0,Transient,134.3,0,1
City Hotel,0,17,2016,November,46,9,0,4,2,0.0,0,BB,USA,Online TA,TA/TO,0,0,0,D,D,0,No Deposit,8.0,0,Transient,143.43,0,1
City Hotel,0,9,2016,November,46,10,0,3,2,0.0,0,BB,BEL,Online TA,TA/TO,0,0,0,A,A,0,No Deposit,7.0,0,Transient,123.2,0,1
City Hotel,0,59,2016,November,46,11,0,2,2,0.0,0,BB,FRA,Offline TA/TO,TA/TO,0,0,0,A,D,0,No Deposit,28.0,0,Transient,75.0,0,0
City Hotel,0,39,2016,November,46,10,0,3,2,0.0,0,SC,ITA,Online TA,TA/TO,0,0,0,A,A,0,No Deposit,8.0,0,Transient,135.0,0,1
City Hotel,0,26,2016,November,46,10,0,3,2,0.0,0,BB,GBR,Online TA,TA/TO,0,0,0,D,D,0,No Deposit,7.0,0,Transient,118.07,0,1
City Hotel,0,59,2016,November,46,11,0,2,2,0.0,0,BB,FRA,Offline TA/TO,TA/TO,0,0,0,A,D,0,No Deposit,28.0,0,Transient,75.0,0,0
City Hotel,0,80,2016,November,46,10,0,3,2,0.0,0,BB,FRA,Online TA,TA/TO,0,0,0,A,A,0,No Deposit,9.0,0,Transient,120.9,0,2
City Hotel,0,47,2016,November,46,10,0,3,2,0.0,0,BB,FRA,Direct,Direct,0,0,0,A,A,0,No Deposit,14.0,0,Transient,130.33,0,1
City Hotel,0,47,2016,November,46,10,0,3,2,0.0,0,BB,FRA,Direct,Direct,0,0,0,A,A,0,No Deposit,14.0,0,Transient,130.33,0,1
City Hotel,0,32,2016,November,46,11,0,2,2,0.0,0,BB,FRA,Online TA,TA/TO,0,0,0,A,A,0,No Deposit,9.0,0,Transient,130.0,0,1
City Hotel,0,57,2016,November,46,11,0,2,2,0.0,0,BB,FRA,Offline TA/TO,TA/TO,0,0,0,A,D,0,No Deposit,28.0,0,Transient,75.0,0,0
City Hotel,0,55,2016,November,46,11,0,2,2,0.0,0,BB,FRA,Online TA,TA/TO,0,0,0,D,D,0,No Deposit,9.0,0,Transient,106.2,0,3
City Hotel,0,101,2016,November,46,11,0,2,2,0.0,0,BB,BEL,Online TA,TA/TO,0,0,0,D,D,0,No Deposit,9.0,0,Transient,144.45,0,2
City Hotel,0,40,2016,November,46,11,0,2,2,0.0,0,BB,FRA,Online TA,TA/TO,0,0,0,A,A,0,No Deposit,9.0,0,Transient,130.0,0,1
City Hotel,0,76,2016,November,46,10,0,3,2,0.0,0,BB,FRA,Online TA,TA/TO,0,0,0,A,A,0,No Deposit,9.0,0,Transient,120.9,0,2
City Hotel,0,32,2016,November,46,11,0,2,2,0.0,0,SC,GBR,Offline TA/TO,TA/TO,0,0,0,A,A,0,No Deposit,85.0,0,Transient,63.0,0,0
City Hotel,0,20,2016,November,46,10,0,3,2,0.0,0,SC,DNK,Online TA,TA/TO,0,0,0,A,A,2,No Deposit,8.0,0,Transient,113.33,0,3
City Hotel,0,54,2016,November,46,11,0,2,2,0.0,0,SC,ESP,Online TA,TA/TO,0,0,0,A,A,2,No Deposit,9.0,0,Transient,83.7,0,2
City Hotel,0,17,2016,November,46,9,0,4,2,0.0,0,BB,FRA,Online TA,TA/TO,0,0,0,A,A,0,No Deposit,9.0,0,Transient,142.63,0,1
City Hotel,0,1,2016,November,47,13,2,2,2,0.0,0,BB,,Direct,Direct,0,0,0,A,A,0,No Deposit,14.0,0,Group,105.0,0,1
City Hotel,0,56,2016,November,46,11,0,2,2,0.0,0,BB,NLD,Online TA,TA/TO,0,0,0,A,A,0,No Deposit,9.0,0,Transient,97.2,0,0
City Hotel,0,40,2016,November,46,11,0,2,2,0.0,0,BB,BRA,Online TA,TA/TO,0,0,0,A,A,0,No Deposit,7.0,0,Transient,100.1,0,1
City Hotel,0,53,2016,November,46,11,0,2,2,0.0,0,SC,ESP,Online TA,TA/TO,0,0,0,A,A,0,No Deposit,9.0,0,Transient,79.2,0,2
City Hotel,0,57,2016,November,46,11,0,2,2,0.0,0,SC,USA,Online TA,TA/TO,0,0,0,A,A,0,No Deposit,9.0,0,Transient,79.2,0,1
City Hotel,0,45,2016,November,46,11,0,2,2,0.0,0,SC,ESP,Online TA,TA/TO,0,0,0,A,A,0,No Deposit,9.0,0,Transient,79.2,0,1
City Hotel,0,37,2016,November,46,9,0,4,2,0.0,0,BB,FRA,Direct,Direct,0,0,0,A,A,0,No Deposit,,0,Transient-Party,125.57,0,1
City Hotel,0,37,2016,November,46,9,0,4,2,0.0,0,BB,FRA,Direct,Direct,0,0,0,A,A,0,No Deposit,,0,Transient-Party,125.57,0,1
City Hotel,0,37,2016,November,46,9,0,4,2,0.0,0,BB,FRA,Direct,Direct,0,0,0,A,A,0,No Deposit,,0,Transient-Party,125.57,0,1
City Hotel,0,25,2016,November,46,11,0,2,2,0.0,0,BB,PRT,Complementary,Direct,0,0,0,A,A,0,No Deposit,,0,Transient,9.0,0,0
City Hotel,0,37,2016,November,46,9,0,4,2,0.0,0,BB,FRA,Direct,Direct,0,0,0,A,A,0,No Deposit,,0,Transient-Party,125.57,0,1
City Hotel,0,22,2016,November,46,10,0,3,2,0.0,0,BB,GBR,Online TA,TA/TO,0,0,0,D,D,0,No Deposit,7.0,0,Transient,118.07,0,1
City Hotel,0,66,2016,November,46,10,0,3,2,0.0,0,SC,FRA,Online TA,TA/TO,0,0,0,A,A,0,No Deposit,9.0,0,Transient,106.5,0,1
City Hotel,0,66,2016,November,46,10,0,3,2,0.0,0,SC,FRA,Online TA,TA/TO,0,0,0,A,A,0,No Deposit,9.0,0,Transient,106.5,0,1
City Hotel,0,72,2016,November,46,10,0,3,2,0.0,0,BB,FRA,Direct,Direct,0,0,0,A,A,0,No Deposit,14.0,0,Transient,106.5,0,0
City Hotel,0,73,2016,November,46,12,0,1,2,0.0,0,SC,GBR,Online TA,TA/TO,0,0,0,A,A,0,No Deposit,8.0,0,Transient,79.2,0,2
City Hotel,0,43,2016,November,46,11,0,2,2,0.0,0,BB,PRT,Online TA,TA/TO,0,0,0,A,A,0,No Deposit,9.0,0,Transient,130.0,0,1
City Hotel,0,42,2016,November,46,9,0,4,2,0.0,0,BB,DEU,Online TA,TA/TO,0,0,0,A,A,0,No Deposit,9.0,0,Transient,133.03,0,1
City Hotel,0,42,2016,November,46,9,0,4,2,0.0,0,BB,DEU,Online TA,TA/TO,0,0,0,A,A,0,No Deposit,9.0,0,Transient,133.03,0,1
City Hotel,0,66,2016,November,46,10,0,3,2,0.0,0,BB,FRA,Online TA,TA/TO,0,0,0,A,A,0,No Deposit,9.0,0,Transient,124.5,0,3
City Hotel,0,9,2016,November,46,11,0,2,2,0.0,0,BB,PRT,Complementary,Direct,0,0,0,A,A,0,No Deposit,,0,Transient,0.0,1,3
City Hotel,0,50,2016,November,46,11,0,2,2,0.0,0,BB,PRT,Online TA,TA/TO,0,0,0,A,B,0,No Deposit,8.0,0,Transient,97.2,0,1
City Hotel,0,172,2016,November,46,12,0,1,2,0.0,0,BB,PRT,Online TA,TA/TO,0,0,0,A,A,0,No Deposit,9.0,0,Transient,99.9,1,1
City Hotel,0,29,2016,November,46,9,0,4,2,0.0,0,BB,SGP,Online TA,TA/TO,0,0,0,A,A,0,No Deposit,9.0,0,Transient,150.06,0,1
City Hotel,0,25,2016,November,46,11,0,2,2,0.0,0,BB,PRT,Complementary,Direct,0,0,0,A,A,0,No Deposit,,0,Transient,0.0,0,0
City Hotel,0,62,2016,November,46,12,0,1,2,0.0,0,BB,ESP,Direct,Direct,0,0,0,A,A,0,No Deposit,14.0,0,Transient,98.0,0,0
City Hotel,0,28,2016,November,46,10,0,3,2,0.0,0,SC,BRA,Online TA,TA/TO,0,0,0,A,A,0,No Deposit,9.0,0,Transient,135.0,0,2
City Hotel,0,97,2016,November,46,11,0,2,2,0.0,0,BB,THA,Online TA,TA/TO,0,0,0,A,A,0,No Deposit,8.0,0,Transient,140.5,0,1
City Hotel,0,72,2016,November,46,11,0,2,2,0.0,0,BB,FRA,Direct,Direct,0,0,0,B,A,1,No Deposit,14.0,0,Transient,91.6,0,0
City Hotel,0,14,2016,November,46,7,1,5,2,0.0,0,BB,DEU,Online TA,TA/TO,0,0,0,D,D,1,No Deposit,7.0,0,Transient,122.96,0,1
City Hotel,0,50,2016,November,46,10,0,3,2,0.0,0,BB,NLD,Online TA,TA/TO,0,0,0,A,A,0,No Deposit,9.0,0,Transient,126.3,0,2
City Hotel,0,48,2016,November,46,10,0,3,2,0.0,0,BB,FRA,Offline TA/TO,TA/TO,0,0,0,A,D,0,No Deposit,28.0,0,Transient,75.0,0,0
City Hotel,0,45,2016,November,46,7,2,5,2,0.0,0,BB,FRA,Offline TA/TO,TA/TO,0,0,0,A,A,0,No Deposit,28.0,0,Transient,75.0,0,1
City Hotel,0,44,2016,November,45,5,3,6,2,0.0,0,BB,FRA,Online TA,TA/TO,0,0,0,D,D,0,No Deposit,83.0,0,Transient,115.68,0,0
City Hotel,0,50,2016,November,46,11,1,2,2,0.0,0,BB,FRA,Offline TA/TO,TA/TO,0,0,0,A,D,0,No Deposit,28.0,0,Transient,75.0,0,1
City Hotel,0,21,2016,November,46,11,1,2,2,0.0,0,HB,FRA,Online TA,TA/TO,0,0,0,D,D,0,No Deposit,9.0,0,Transient,162.67,0,2
City Hotel,0,7,2016,November,46,12,1,1,2,0.0,0,SC,ESP,Online TA,TA/TO,0,0,0,A,A,2,No Deposit,9.0,0,Transient,79.2,0,0
City Hotel,0,46,2016,November,46,11,1,2,2,0.0,0,BB,FRA,Offline TA/TO,TA/TO,0,0,0,A,D,0,No Deposit,28.0,0,Transient,75.0,0,0
City Hotel,0,54,2016,November,46,11,1,2,2,0.0,0,SC,FRA,Online TA,TA/TO,0,0,0,A,A,0,No Deposit,9.0,0,Transient,79.2,0,2
City Hotel,0,64,2016,November,46,9,1,4,2,0.0,0,BB,FRA,Online TA,TA/TO,0,0,0,D,D,0,No Deposit,9.0,0,Transient,138.24,0,0
City Hotel,0,39,2016,November,46,9,1,4,2,0.0,0,BB,DEU,Online TA,TA/TO,0,0,0,D,D,0,No Deposit,159.0,0,Transient,140.08,0,0
City Hotel,0,25,2016,November,46,10,1,3,2,0.0,0,BB,CHE,Online TA,TA/TO,0,0,0,D,D,0,No Deposit,9.0,0,Transient,126.48,1,2
City Hotel,0,29,2016,November,46,11,1,2,2,0.0,0,BB,FRA,Online TA,TA/TO,0,0,0,A,A,0,No Deposit,7.0,0,Transient,88.76,0,1
City Hotel,0,92,2016,November,46,11,1,2,2,0.0,0,BB,USA,Direct,Direct,0,0,0,A,A,0,No Deposit,14.0,0,Transient,106.5,0,1
City Hotel,0,180,2016,November,47,13,1,0,2,0.0,0,SC,GBR,Online TA,TA/TO,0,0,0,A,A,0,No Deposit,7.0,0,Transient,54.75,0,2
City Hotel,0,180,2016,November,47,13,1,0,2,0.0,0,SC,GBR,Online TA,TA/TO,0,0,0,A,A,0,No Deposit,7.0,0,Transient,54.75,0,2
City Hotel,0,180,2016,November,47,13,1,0,2,0.0,0,SC,GBR,Online TA,TA/TO,0,0,0,A,A,0,No Deposit,7.0,0,Transient,54.75,0,2
City Hotel,0,180,2016,November,47,13,1,0,2,0.0,0,SC,GBR,Online TA,TA/TO,0,0,0,A,A,0,No Deposit,7.0,0,Transient,54.75,0,2
City Hotel,0,180,2016,November,47,13,1,0,2,0.0,0,SC,GBR,Online TA,TA/TO,0,0,0,A,A,0,No Deposit,7.0,0,Transient,54.75,0,2
City Hotel,0,18,2016,November,46,11,1,2,2,0.0,0,BB,LTU,Online TA,TA/TO,0,0,0,A,A,0,No Deposit,7.0,0,Transient,88.29,0,1
City Hotel,0,57,2016,November,46,11,1,2,2,0.0,0,SC,FRA,Online TA,TA/TO,0,0,0,A,A,0,No Deposit,7.0,0,Transient,64.37,0,1
City Hotel,0,17,2016,November,46,12,1,1,2,0.0,0,SC,ZAF,Online TA,TA/TO,0,0,0,A,A,0,No Deposit,9.0,0,Transient,114.0,0,2
City Hotel,0,55,2016,November,47,13,1,0,2,0.0,0,BB,DEU,Online TA,TA/TO,0,0,0,A,A,0,No Deposit,9.0,0,Transient,102.6,1,2
City Hotel,0,54,2016,November,46,11,1,2,2,0.0,0,SC,FRA,Online TA,TA/TO,0,0,0,A,A,0,No Deposit,7.0,0,Transient,64.37,0,1
City Hotel,0,61,2016,November,46,11,1,2,2,0.0,0,SC,ITA,Online TA,TA/TO,0,0,0,A,A,0,No Deposit,9.0,0,Transient,97.0,1,1
City Hotel,0,71,2016,November,46,11,1,2,2,0.0,0,BB,BEL,Online TA,TA/TO,0,0,0,A,A,0,No Deposit,9.0,0,Transient,105.0,1,1
City Hotel,0,43,2016,November,46,11,1,2,2,0.0,0,BB,FRA,Online TA,TA/TO,0,0,0,A,A,0,No Deposit,7.0,0,Transient,88.46,0,1
City Hotel,0,43,2016,November,46,11,1,2,2,0.0,0,BB,FRA,Online TA,TA/TO,0,0,0,A,A,0,No Deposit,7.0,0,Transient,79.46,0,1
City Hotel,0,79,2016,November,46,11,1,2,2,0.0,0,BB,DEU,Direct,Direct,0,0,0,A,A,0,No Deposit,14.0,0,Transient,79.2,0,0
City Hotel,0,57,2016,November,46,11,1,2,2,0.0,0,BB,FRA,Offline TA/TO,TA/TO,0,0,0,A,D,1,No Deposit,28.0,0,Transient,75.0,0,0
City Hotel,0,75,2016,November,46,12,1,1,2,0.0,0,SC,NLD,Online TA,TA/TO,0,0,0,A,A,0,No Deposit,9.0,0,Transient,79.2,0,1
City Hotel,0,56,2016,November,46,10,1,3,2,0.0,0,BB,FRA,Offline TA/TO,TA/TO,0,0,0,A,D,0,No Deposit,28.0,0,Transient,75.0,0,0
City Hotel,0,61,2016,November,46,11,1,2,2,0.0,0,SC,NLD,Online TA,TA/TO,0,0,0,A,A,0,No Deposit,9.0,0,Transient,88.0,0,1
City Hotel,0,38,2016,November,46,10,1,3,2,0.0,0,SC,FRA,Offline TA/TO,TA/TO,0,0,0,A,A,0,No Deposit,85.0,0,Transient,59.5,0,0
City Hotel,0,6,2016,November,47,13,1,0,2,0.0,0,BB,PRT,Complementary,Direct,0,0,0,F,F,0,No Deposit,45.0,0,Transient,0.0,0,0
City Hotel,0,56,2016,November,46,10,1,3,2,0.0,0,BB,PRT,Online TA,TA/TO,0,0,0,A,A,0,No Deposit,86.0,0,Transient,97.23,0,0
City Hotel,0,56,2016,November,46,10,1,3,2,0.0,0,BB,FRA,Online TA,TA/TO,0,0,0,A,A,0,No Deposit,86.0,0,Transient,88.23,0,0
City Hotel,0,21,2016,November,46,10,1,3,2,0.0,0,SC,GBR,Offline TA/TO,TA/TO,0,0,0,A,A,0,No Deposit,85.0,0,Transient,59.5,0,0
City Hotel,0,23,2016,November,46,11,1,2,2,0.0,0,BB,FRA,Online TA,TA/TO,0,0,0,D,D,0,No Deposit,9.0,0,Transient,124.67,0,5
City Hotel,0,54,2016,November,46,11,1,2,2,0.0,0,BB,POL,Online TA,TA/TO,0,0,0,A,A,0,No Deposit,9.0,0,Transient,96.0,0,1
City Hotel,0,54,2016,November,46,11,1,2,2,0.0,0,BB,POL,Online TA,TA/TO,0,0,0,A,A,0,No Deposit,9.0,0,Transient,96.0,0,1
City Hotel,0,54,2016,November,46,11,1,2,2,0.0,0,BB,POL,Online TA,TA/TO,0,0,0,A,A,0,No Deposit,9.0,0,Transient,96.0,0,1
City Hotel,0,74,2016,November,46,11,1,2,2,0.0,0,BB,DEU,Online TA,TA/TO,0,0,0,A,A,0,No Deposit,9.0,0,Transient,93.6,0,2
City Hotel,0,65,2016,November,46,11,1,2,2,0.0,0,BB,POL,Direct,Direct,0,0,0,A,A,1,No Deposit,14.0,0,Transient,85.75,0,0
City Hotel,0,56,2016,November,46,10,1,3,2,0.0,0,BB,FRA,Online TA,TA/TO,0,0,0,A,A,0,No Deposit,86.0,0,Transient,88.23,0,0
City Hotel,0,57,2016,November,46,11,1,2,2,0.0,0,BB,FRA,Online TA,TA/TO,0,0,0,D,D,0,No Deposit,9.0,0,Transient,105.0,0,1
City Hotel,0,53,2016,November,46,11,1,2,2,0.0,0,BB,USA,Direct,Direct,0,0,0,A,A,0,No Deposit,14.0,0,Transient,79.2,0,0
City Hotel,0,30,2016,November,46,11,1,2,2,0.0,0,SC,SWE,Online TA,TA/TO,0,0,0,A,A,2,No Deposit,9.0,0,Transient,87.27,0,0
City Hotel,0,30,2016,November,46,11,1,2,2,0.0,0,SC,SWE,Online TA,TA/TO,0,0,0,A,A,2,No Deposit,9.0,0,Transient,87.27,0,0
City Hotel,0,83,2016,November,46,9,2,4,2,0.0,0,SC,DEU,Online TA,TA/TO,0,0,0,A,A,0,No Deposit,9.0,0,Transient,120.15,0,2
City Hotel,0,282,2016,November,46,12,2,1,2,0.0,0,BB,BRA,Offline TA/TO,TA/TO,0,0,0,A,A,0,No Deposit,138.0,0,Transient,77.0,0,0
City Hotel,0,12,2016,November,46,10,2,3,2,0.0,0,BB,MEX,Online TA,TA/TO,0,0,0,A,A,0,No Deposit,7.0,0,Transient,90.07,0,1
City Hotel,0,12,2016,November,46,10,2,3,2,0.0,0,BB,MEX,Online TA,TA/TO,0,0,0,A,A,0,No Deposit,7.0,0,Transient,90.07,0,1
City Hotel,0,26,2016,November,46,12,2,1,2,0.0,0,BB,BEL,Online TA,TA/TO,0,0,0,D,D,0,No Deposit,9.0,0,Transient,128.33,0,1
City Hotel,0,54,2016,November,46,11,2,2,2,0.0,0,BB,ESP,Online TA,TA/TO,0,0,0,A,A,0,No Deposit,9.0,0,Transient,90.1,0,1
City Hotel,0,54,2016,November,46,11,2,2,2,0.0,0,BB,ESP,Online TA,TA/TO,0,0,0,A,A,0,No Deposit,9.0,0,Transient,90.1,0,1
City Hotel,0,67,2016,November,46,11,2,2,2,0.0,0,SC,HRV,Online TA,TA/TO,0,0,0,A,A,0,No Deposit,9.0,0,Transient,79.2,0,3
City Hotel,0,27,2016,November,46,12,2,1,2,0.0,0,BB,IRL,Online TA,TA/TO,0,0,0,D,D,0,No Deposit,9.0,0,Transient,119.33,0,1
City Hotel,0,5,2016,November,47,14,1,0,2,0.0,0,BB,PRT,Online TA,TA/TO,0,0,0,A,A,0,No Deposit,83.0,0,Transient,88.8,0,0
City Hotel,0,26,2016,November,46,11,2,2,2,0.0,0,BB,NOR,Online TA,TA/TO,0,0,0,D,D,0,No Deposit,8.0,0,Transient,108.58,0,1
City Hotel,0,73,2016,November,46,12,2,1,2,0.0,0,BB,NLD,Online TA,TA/TO,0,0,0,A,A,0,No Deposit,9.0,0,Transient,93.6,0,1
City Hotel,0,13,2016,November,45,3,4,8,2,0.0,0,BB,PRT,Online TA,TA/TO,0,0,0,A,D,0,No Deposit,8.0,0,Transient,124.52,0,1
City Hotel,0,12,2016,November,46,11,2,2,2,0.0,0,BB,NOR,Online TA,TA/TO,0,0,0,A,A,0,No Deposit,7.0,0,Transient,86.4,0,3
City Hotel,0,74,2016,November,47,13,2,0,2,0.0,0,SC,ITA,Online TA,TA/TO,0,0,0,A,A,0,No Deposit,9.0,0,Transient,79.2,0,2
City Hotel,0,55,2016,November,46,11,2,2,2,0.0,0,SC,ESP,Online TA,TA/TO,0,0,0,A,A,0,No Deposit,9.0,0,Transient,74.8,0,2
City Hotel,0,54,2016,November,46,12,2,1,2,0.0,0,BB,ITA,Offline TA/TO,TA/TO,0,0,0,A,D,0,No Deposit,28.0,0,Transient,75.0,0,0
City Hotel,0,0,2016,November,47,14,1,0,2,0.0,0,SC,PRT,Direct,Direct,0,0,0,A,A,0,No Deposit,,0,Transient,105.0,0,0
City Hotel,0,56,2016,November,46,11,2,2,2,0.0,0,SC,ESP,Online TA,TA/TO,0,0,0,A,A,0,No Deposit,9.0,0,Transient,74.8,0,3
City Hotel,0,1,2016,November,46,12,2,1,2,0.0,0,BB,FRA,Online TA,TA/TO,0,0,0,A,A,0,No Deposit,9.0,0,Transient,90.0,0,0
City Hotel,0,32,2016,November,46,10,2,3,2,0.0,0,BB,FRA,Online TA,TA/TO,0,0,0,A,A,0,No Deposit,7.0,0,Transient,91.05,0,1
City Hotel,0,30,2016,November,47,14,1,0,2,0.0,0,SC,PRT,Online TA,TA/TO,0,0,0,A,A,0,No Deposit,9.0,0,Transient,88.0,0,1
City Hotel,0,51,2016,November,46,11,2,2,2,0.0,0,BB,FRA,Offline TA/TO,TA/TO,0,0,0,A,D,0,No Deposit,28.0,0,Transient,75.0,0,0
City Hotel,0,1,2016,November,47,14,1,0,2,0.0,0,BB,PRT,Online TA,TA/TO,0,0,0,A,D,0,No Deposit,9.0,0,Transient,121.0,0,2
City Hotel,0,39,2016,November,46,10,2,3,2,0.0,0,BB,FRA,Online TA,TA/TO,0,0,0,A,A,0,No Deposit,9.0,0,Transient,114.41,0,2
City Hotel,0,48,2016,November,47,13,2,0,2,0.0,0,BB,FRA,Offline TA/TO,TA/TO,0,0,0,A,D,0,No Deposit,28.0,0,Transient,75.0,0,0
City Hotel,0,8,2016,November,46,11,2,2,2,0.0,0,BB,GBR,Online TA,TA/TO,0,0,0,A,A,0,No Deposit,7.0,0,Transient,86.72,0,1
City Hotel,0,116,2016,November,46,10,2,3,2,0.0,0,BB,BEL,Direct,Direct,0,0,0,A,A,0,No Deposit,14.0,0,Transient,105.74,0,0
City Hotel,0,19,2016,November,46,12,2,1,2,0.0,0,BB,NOR,Online TA,TA/TO,0,0,0,D,D,0,No Deposit,9.0,0,Transient,119.33,0,2
City Hotel,0,117,2016,November,47,13,2,0,2,0.0,0,SC,CHE,Online TA,TA/TO,0,0,0,A,A,0,No Deposit,9.0,0,Transient,79.2,0,0
City Hotel,0,117,2016,November,47,13,2,0,2,0.0,0,SC,CHE,Online TA,TA/TO,0,0,0,A,A,0,No Deposit,9.0,0,Transient,79.2,0,0
City Hotel,0,9,2016,November,47,13,2,0,2,0.0,0,BB,PRT,Online TA,TA/TO,0,0,0,A,A,0,No Deposit,9.0,0,Transient,105.0,0,2
City Hotel,0,43,2016,November,46,12,2,1,2,0.0,0,SC,ITA,Online TA,TA/TO,0,0,0,A,A,0,No Deposit,9.0,0,Transient,92.4,0,1
City Hotel,0,43,2016,November,46,12,2,1,2,0.0,0,SC,ITA,Online TA,TA/TO,0,0,0,A,A,0,No Deposit,9.0,0,Transient,92.4,0,1
City Hotel,0,59,2016,November,46,12,2,1,2,0.0,0,BB,FRA,Offline TA/TO,TA/TO,0,0,0,A,E,0,No Deposit,28.0,0,Transient,75.0,0,0
City Hotel,0,53,2016,November,46,11,2,2,2,0.0,0,BB,FRA,Offline TA/TO,TA/TO,0,0,0,A,D,0,No Deposit,28.0,0,Transient,75.0,0,0
City Hotel,0,19,2016,November,46,12,2,1,2,0.0,0,BB,NOR,Online TA,TA/TO,0,0,0,D,D,0,No Deposit,9.0,0,Transient,119.33,0,2
City Hotel,0,54,2016,November,46,11,2,2,2,0.0,0,BB,ESP,Online TA,TA/TO,0,0,0,A,A,0,No Deposit,9.0,0,Transient,90.1,0,1
City Hotel,0,74,2016,November,46,10,2,3,2,0.0,0,BB,FRA,Online TA,TA/TO,0,0,0,A,A,0,No Deposit,155.0,0,Transient,124.6,0,1
City Hotel,0,10,2016,November,46,11,2,2,2,0.0,0,BB,PRT,Online TA,TA/TO,0,0,0,A,A,0,No Deposit,7.0,0,Transient,86.72,0,1
City Hotel,0,20,2016,November,46,12,2,1,2,0.0,0,BB,FRA,Direct,Direct,0,0,0,D,D,2,No Deposit,14.0,0,Transient,112.0,0,0
City Hotel,0,33,2016,November,46,12,2,2,2,0.0,0,BB,AUS,Offline TA/TO,TA/TO,0,0,0,D,D,0,No Deposit,138.0,0,Transient,78.2,0,1
City Hotel,0,41,2016,November,46,12,2,2,2,0.0,0,BB,FRA,Online TA,TA/TO,0,0,0,A,A,0,No Deposit,9.0,0,Transient,93.93,0,2
City Hotel,0,51,2016,November,46,12,2,2,2,0.0,0,BB,FRA,Offline TA/TO,TA/TO,0,0,0,A,D,0,No Deposit,28.0,0,Transient,75.0,0,1
City Hotel,0,25,2016,November,46,12,2,2,2,0.0,0,BB,DEU,Online TA,TA/TO,0,0,0,D,D,0,No Deposit,9.0,0,Transient,100.3,0,0
City Hotel,0,43,2016,November,46,12,2,2,2,0.0,0,SC,FRA,Online TA,TA/TO,0,0,0,A,A,0,No Deposit,9.0,0,Transient,79.48,0,2
City Hotel,0,55,2016,November,47,15,0,1,2,0.0,0,BB,TWN,Online TA,TA/TO,0,0,0,A,K,1,No Deposit,9.0,0,Transient,102.6,1,1
City Hotel,0,13,2016,November,46,12,2,2,2,0.0,0,SC,FRA,Online TA,TA/TO,0,0,0,A,A,0,No Deposit,9.0,0,Transient,85.85,0,0
City Hotel,0,5,2016,November,46,10,2,4,2,0.0,0,SC,FRA,Online TA,TA/TO,0,0,0,A,A,0,No Deposit,9.0,0,Transient,106.21,0,2
City Hotel,0,43,2016,November,47,15,0,1,2,0.0,0,BB,PRT,Direct,Direct,0,0,0,A,A,0,No Deposit,,0,Transient,44.0,0,1
City Hotel,0,14,2017,March,9,3,0,1,2,0.0,0,BB,PRT,Direct,Direct,1,0,1,A,A,0,No Deposit,,0,Transient,49.0,0,2
City Hotel,0,276,2016,November,47,13,2,1,2,0.0,0,BB,CHN,Online TA,TA/TO,0,0,0,A,A,2,No Deposit,7.0,0,Transient,60.29,0,3
City Hotel,0,277,2016,November,47,13,2,1,2,0.0,0,BB,CHN,Online TA,TA/TO,0,0,0,A,B,2,No Deposit,7.0,0,Transient,60.29,0,4
City Hotel,0,277,2016,November,47,13,2,1,2,0.0,0,BB,CHN,Online TA,TA/TO,0,0,0,A,B,1,No Deposit,7.0,0,Transient,60.29,0,4
City Hotel,0,78,2016,November,47,16,0,0,2,0.0,0,HB,PRT,Online TA,TA/TO,0,0,0,D,K,0,No Deposit,9.0,0,Transient,0.0,0,2
City Hotel,0,25,2016,November,47,14,1,1,2,0.0,0,SC,KOR,Online TA,TA/TO,0,0,0,A,A,0,No Deposit,9.0,0,Transient,88.0,0,0
City Hotel,0,4,2016,November,47,13,2,1,2,0.0,0,BB,CHE,Online TA,TA/TO,0,0,0,A,A,0,No Deposit,9.0,0,Transient,111.0,0,1
City Hotel,0,47,2016,November,46,12,2,2,2,0.0,0,BB,SGP,Direct,Direct,0,0,0,A,A,1,No Deposit,14.0,0,Transient,85.75,0,1
City Hotel,0,50,2016,November,46,12,2,2,2,0.0,0,BB,PRT,Direct,Direct,0,0,0,A,A,0,No Deposit,,0,Transient,85.75,0,0
City Hotel,0,175,2016,November,46,12,2,2,2,0.0,0,BB,POL,Online TA,TA/TO,0,0,0,A,A,2,No Deposit,9.0,0,Transient,83.01,0,2
City Hotel,0,18,2016,November,46,11,2,3,2,0.0,0,BB,FRA,Online TA,TA/TO,0,0,0,A,A,0,No Deposit,9.0,0,Transient,93.84,0,1
City Hotel,0,62,2016,November,46,12,2,2,2,0.0,0,BB,CHE,Online TA,TA/TO,0,0,0,A,A,0,No Deposit,9.0,0,Transient,105.0,0,2
City Hotel,0,43,2016,November,47,15,0,1,2,0.0,0,SC,DEU,Online TA,TA/TO,0,0,0,A,A,0,No Deposit,10.0,0,Transient,99.2,0,0
City Hotel,0,69,2016,November,47,13,2,1,2,0.0,0,BB,FRA,Offline TA/TO,TA/TO,0,0,0,A,A,0,No Deposit,28.0,0,Transient,68.0,0,0
City Hotel,0,83,2016,November,46,11,2,3,2,0.0,0,BB,FRA,Online TA,TA/TO,0,0,0,A,A,0,No Deposit,9.0,0,Transient,94.36,0,2
City Hotel,0,46,2016,November,46,12,2,2,2,0.0,0,BB,FRA,Offline TA/TO,TA/TO,0,0,0,A,D,0,No Deposit,28.0,0,Transient,75.0,0,0
City Hotel,0,54,2016,November,46,11,2,3,2,0.0,0,BB,FRA,Online TA,TA/TO,0,0,0,A,A,0,No Deposit,7.0,0,Transient,77.25,0,1
City Hotel,0,31,2016,November,46,12,2,2,2,0.0,0,SC,FRA,Online TA,TA/TO,0,0,0,A,A,0,No Deposit,9.0,0,Transient,79.48,0,1
City Hotel,0,60,2016,November,47,14,1,1,2,0.0,0,BB,SWE,Online TA,TA/TO,0,0,0,A,A,0,No Deposit,9.0,0,Transient,93.6,0,1
City Hotel,0,12,2016,November,46,12,2,2,2,0.0,0,BB,GBR,Online TA,TA/TO,0,0,0,A,A,0,No Deposit,9.0,0,Transient,100.94,0,3
City Hotel,0,110,2016,November,46,12,2,2,2,0.0,0,SC,ITA,Online TA,TA/TO,0,0,0,A,A,0,No Deposit,9.0,0,Transient,78.1,0,1
City Hotel,0,43,2016,November,46,12,2,2,2,0.0,0,SC,FRA,Online TA,TA/TO,0,0,0,A,A,0,No Deposit,9.0,0,Transient,79.48,0,2
City Hotel,0,24,2016,November,47,13,2,1,2,0.0,0,BB,FRA,Offline TA/TO,TA/TO,0,0,0,A,A,0,No Deposit,28.0,0,Transient,80.0,0,0
City Hotel,0,104,2016,November,46,12,2,3,2,0.0,0,BB,USA,Direct,Direct,0,0,0,E,E,2,No Deposit,14.0,0,Transient,108.43,0,2
City Hotel,0,49,2016,November,47,14,1,2,2,0.0,0,BB,FRA,Offline TA/TO,TA/TO,0,0,0,A,D,0,No Deposit,28.0,0,Transient,75.0,0,0
City Hotel,0,40,2016,November,46,12,2,3,2,0.0,0,SC,CHE,Online TA,TA/TO,0,0,0,A,A,0,No Deposit,7.0,0,Transient,60.48,0,2
City Hotel,0,43,2016,November,47,16,0,1,2,0.0,0,SC,PRT,Online TA,TA/TO,0,0,0,A,A,0,No Deposit,9.0,0,Transient,97.0,0,1
City Hotel,0,56,2016,November,46,12,2,3,2,0.0,0,SC,FRA,Online TA,TA/TO,0,0,0,A,A,0,No Deposit,9.0,0,Transient,74.8,0,1
City Hotel,0,21,2016,November,46,8,2,7,2,0.0,0,BB,BRA,Online TA,TA/TO,0,0,0,D,D,0,No Deposit,7.0,0,Transient,107.64,0,1
City Hotel,0,6,2016,November,47,16,0,1,2,0.0,0,BB,PRT,Online TA,TA/TO,0,0,0,D,D,0,No Deposit,9.0,0,Transient,121.0,0,1
City Hotel,0,15,2016,November,47,13,2,2,2,0.0,0,HB,GBR,Online TA,TA/TO,0,0,0,A,A,0,No Deposit,7.0,0,Transient,92.94,0,2
City Hotel,0,59,2016,November,47,14,1,2,2,0.0,0,BB,FRA,Offline TA/TO,TA/TO,0,0,0,A,D,0,No Deposit,28.0,0,Transient-Party,75.0,0,1
City Hotel,0,59,2016,November,47,14,1,2,2,0.0,0,BB,FRA,Offline TA/TO,TA/TO,0,0,0,A,D,0,No Deposit,28.0,0,Transient-Party,75.0,0,1
City Hotel,0,59,2016,November,47,14,1,2,2,0.0,0,BB,FRA,Offline TA/TO,TA/TO,0,0,0,A,D,0,No Deposit,28.0,0,Transient-Party,75.0,0,1
City Hotel,0,31,2016,November,47,13,2,2,2,0.0,0,BB,GBR,Online TA,TA/TO,0,0,0,A,A,0,No Deposit,9.0,0,Transient,88.4,0,1
City Hotel,0,16,2016,November,47,16,0,1,2,0.0,0,BB,PRT,Online TA,TA/TO,0,0,0,A,A,0,No Deposit,157.0,0,Transient,93.0,0,0
City Hotel,0,20,2016,November,47,14,1,2,2,0.0,0,BB,ESP,Offline TA/TO,TA/TO,0,0,0,A,A,0,No Deposit,85.0,0,Transient,80.0,0,0
City Hotel,0,16,2016,November,47,16,0,1,2,0.0,0,BB,PRT,Online TA,TA/TO,0,0,0,A,A,0,No Deposit,157.0,0,Transient,84.0,0,0
City Hotel,0,11,2016,November,47,14,1,2,2,0.0,0,SC,ARG,Online TA,TA/TO,0,0,0,A,A,0,No Deposit,7.0,0,Transient,65.1,0,1
City Hotel,0,47,2016,November,46,12,2,3,2,0.0,0,BB,DEU,Online TA,TA/TO,0,0,0,A,A,0,No Deposit,9.0,0,Transient,89.08,0,1
City Hotel,0,33,2016,November,47,13,2,2,2,0.0,0,BB,BRA,Online TA,TA/TO,0,0,0,A,A,0,No Deposit,9.0,0,Transient,97.4,0,1
City Hotel,0,56,2016,November,47,14,1,2,2,0.0,0,BB,FRA,Offline TA/TO,TA/TO,0,0,0,A,D,0,No Deposit,28.0,0,Transient,75.0,0,0
City Hotel,0,56,2016,November,47,14,1,2,2,0.0,0,BB,FRA,Offline TA/TO,TA/TO,0,0,0,A,D,0,No Deposit,28.0,0,Transient,75.0,0,0
City Hotel,0,56,2016,November,47,14,1,2,2,0.0,0,BB,FRA,Offline TA/TO,TA/TO,0,0,0,A,D,0,No Deposit,28.0,0,Transient,75.0,0,0
City Hotel,0,20,2016,November,47,13,2,2,2,0.0,0,BB,FRA,Online TA,TA/TO,0,0,0,A,A,0,No Deposit,9.0,0,Transient,90.65,0,1
City Hotel,0,56,2016,November,47,14,1,2,2,0.0,0,BB,FRA,Offline TA/TO,TA/TO,0,0,0,A,D,0,No Deposit,28.0,0,Transient,75.0,0,0
City Hotel,0,8,2016,November,47,15,0,2,2,0.0,0,BB,ITA,Direct,Direct,0,0,0,A,A,0,No Deposit,,0,Transient,90.0,0,0
City Hotel,0,8,2016,November,47,15,0,2,2,0.0,0,BB,PRT,Direct,Direct,0,0,0,A,A,0,No Deposit,,0,Transient,90.0,0,0
City Hotel,0,2,2016,November,47,13,2,2,2,0.0,0,BB,PRT,Direct,Direct,0,0,0,D,D,0,No Deposit,,0,Transient,98.0,0,2
City Hotel,0,3,2016,November,46,12,2,3,2,0.0,0,SC,ESP,Online TA,TA/TO,0,0,0,A,A,0,No Deposit,9.0,0,Transient,99.1,1,1
City Hotel,0,190,2016,November,47,14,1,2,2,0.0,0,BB,BEL,Online TA,TA/TO,0,0,0,A,A,0,No Deposit,9.0,0,Transient,81.9,0,1
City Hotel,0,6,2016,November,47,13,2,2,2,0.0,0,BB,BEL,Online TA,TA/TO,0,0,0,A,A,0,No Deposit,,0,Transient,91.0,0,3
City Hotel,0,7,2016,November,47,14,1,2,2,0.0,0,BB,CHE,Online TA,TA/TO,0,0,0,A,A,0,No Deposit,9.0,0,Transient,111.0,0,1
City Hotel,0,27,2016,November,47,13,2,2,2,0.0,0,BB,ESP,Online TA,TA/TO,0,0,0,D,D,0,No Deposit,9.0,0,Transient,96.9,0,2
City Hotel,0,83,2016,November,47,13,2,2,2,0.0,0,BB,FRA,Online TA,TA/TO,0,0,0,A,A,2,No Deposit,155.0,0,Transient,113.5,0,1
City Hotel,0,82,2016,November,47,13,2,2,2,0.0,0,BB,FRA,Online TA,TA/TO,0,0,0,A,A,0,No Deposit,155.0,0,Transient,107.0,0,1
City Hotel,0,22,2016,November,47,14,1,2,2,0.0,0,SC,PRT,Online TA,TA/TO,0,0,0,A,D,0,No Deposit,7.0,0,Transient,64.37,0,1
City Hotel,0,17,2016,November,47,14,1,2,2,0.0,0,BB,NLD,Online TA,TA/TO,0,0,0,A,A,1,No Deposit,7.0,0,Transient,67.76,0,1
City Hotel,0,2,2016,November,47,13,2,2,2,0.0,0,SC,FRA,Online TA,TA/TO,0,0,0,A,A,0,No Deposit,9.0,0,Transient,80.75,0,2
City Hotel,0,13,2016,November,47,16,0,1,2,0.0,0,BB,PRT,Online TA,TA/TO,0,0,0,A,A,0,No Deposit,9.0,0,Transient,114.0,0,2
City Hotel,0,0,2016,November,47,13,2,2,2,0.0,0,BB,FRA,Online TA,TA/TO,0,0,0,A,A,0,No Deposit,9.0,0,Transient,98.6,0,1
City Hotel,0,32,2016,November,47,15,0,2,2,0.0,0,BB,DEU,Complementary,Direct,0,0,0,E,E,0,No Deposit,,0,Transient,75.0,0,1
City Hotel,0,17,2016,November,46,12,2,3,2,0.0,0,BB,DEU,Online TA,TA/TO,0,0,0,A,A,0,No Deposit,7.0,0,Transient,75.4,0,1
City Hotel,0,107,2016,November,47,13,2,2,2,0.0,0,BB,BEL,Online TA,TA/TO,0,0,0,A,A,0,No Deposit,9.0,0,Transient,87.5,0,1
City Hotel,0,134,2016,November,47,13,2,2,2,0.0,0,BB,DEU,Direct,Direct,0,0,0,A,A,0,No Deposit,14.0,0,Transient,79.2,0,2
City Hotel,0,104,2016,November,46,12,2,3,2,0.0,0,BB,DEU,Online TA,TA/TO,0,0,0,A,A,0,No Deposit,7.0,0,Transient,69.3,0,1
City Hotel,0,2,2016,November,47,14,1,3,2,0.0,0,BB,FRA,Online TA,TA/TO,0,0,0,A,A,0,No Deposit,9.0,0,Transient,94.35,0,1
City Hotel,0,19,2016,November,47,13,2,3,2,0.0,0,BB,DEU,Offline TA/TO,TA/TO,0,0,0,A,A,0,No Deposit,16.0,0,Transient,80.0,0,0
City Hotel,0,51,2016,November,47,15,0,3,2,0.0,0,SC,IRL,Online TA,TA/TO,0,0,0,A,D,0,No Deposit,9.0,0,Transient,79.2,0,1
City Hotel,0,49,2016,November,47,13,2,3,2,0.0,0,SC,FRA,Online TA,TA/TO,0,0,0,A,A,0,No Deposit,9.0,0,Transient,74.8,0,2
City Hotel,0,29,2016,November,47,14,1,3,2,0.0,0,BB,CHE,Online TA,TA/TO,0,0,0,D,D,0,No Deposit,9.0,0,Transient,96.9,0,0
City Hotel,0,52,2016,November,47,14,1,3,2,0.0,0,BB,PRT,Offline TA/TO,TA/TO,0,0,0,A,D,0,No Deposit,28.0,0,Transient,75.0,0,1
City Hotel,0,7,2016,November,47,13,2,3,2,0.0,0,BB,BRA,Online TA,TA/TO,0,0,0,D,D,0,No Deposit,9.0,0,Transient,121.0,0,2
City Hotel,0,0,2016,November,47,16,0,2,2,0.0,0,BB,GBR,Direct,Direct,0,0,0,A,A,1,No Deposit,14.0,0,Transient,105.0,0,1
City Hotel,0,76,2016,November,47,14,1,3,2,0.0,0,BB,POL,Online TA,TA/TO,0,0,0,A,A,0,No Deposit,9.0,0,Transient,89.7,0,1
City Hotel,0,11,2016,November,47,14,1,3,2,0.0,0,BB,ESP,Online TA,TA/TO,0,0,0,A,A,0,No Deposit,9.0,0,Transient,114.0,1,1
City Hotel,0,1,2016,November,47,16,0,2,2,0.0,0,BB,PRT,Online TA,TA/TO,0,0,0,D,D,0,No Deposit,9.0,0,Transient,130.0,0,1
City Hotel,0,52,2016,November,47,14,1,3,2,0.0,0,BB,POL,Online TA,TA/TO,0,0,0,D,D,0,No Deposit,83.0,0,Transient,82.08,0,0
City Hotel,0,10,2016,November,47,14,1,3,2,0.0,0,SC,ESP,Online TA,TA/TO,0,0,0,A,A,0,No Deposit,9.0,0,Transient,87.5,0,1
City Hotel,0,55,2016,November,47,14,1,3,2,0.0,0,BB,POL,Online TA,TA/TO,0,0,0,A,A,0,No Deposit,9.0,0,Transient,88.4,0,2
City Hotel,0,9,2016,November,47,14,1,3,2,0.0,0,BB,ESP,Online TA,TA/TO,0,0,0,A,A,0,No Deposit,9.0,0,Transient,120.0,0,1
City Hotel,0,98,2016,November,47,14,1,3,2,0.0,0,BB,DEU,Online TA,TA/TO,0,0,0,A,A,0,No Deposit,7.0,0,Transient,69.3,0,1
City Hotel,0,26,2016,November,46,12,2,4,2,0.0,0,BB,HUN,Online TA,TA/TO,0,0,0,D,A,0,No Deposit,9.0,0,Transient,99.17,0,2
City Hotel,0,9,2016,November,47,13,2,3,2,0.0,0,BB,DEU,Online TA,TA/TO,0,0,0,A,A,0,No Deposit,7.0,0,Transient,65.29,0,1
City Hotel,0,56,2016,November,47,16,0,2,2,0.0,0,BB,FRA,Offline TA/TO,TA/TO,0,0,0,A,D,0,No Deposit,28.0,0,Transient,75.0,0,0
City Hotel,0,85,2016,November,47,14,1,3,2,0.0,0,BB,NLD,Online TA,TA/TO,0,0,0,A,A,0,No Deposit,9.0,0,Transient,89.7,0,2
City Hotel,0,49,2016,November,47,15,0,3,2,0.0,0,BB,ESP,Offline TA/TO,TA/TO,0,0,0,A,D,0,No Deposit,28.0,0,Transient,75.0,0,1
City Hotel,0,60,2016,November,47,15,0,3,2,0.0,0,BB,FRA,Offline TA/TO,TA/TO,0,0,0,A,D,0,No Deposit,28.0,0,Transient,75.0,0,0
City Hotel,0,85,2016,November,47,14,1,3,2,0.0,0,BB,NLD,Online TA,TA/TO,0,0,0,A,A,0,No Deposit,9.0,0,Transient,89.7,0,2
City Hotel,0,17,2016,November,47,17,0,1,2,0.0,0,BB,BGR,Direct,Direct,0,0,0,A,A,0,No Deposit,14.0,0,Transient,86.88,1,0
City Hotel,0,40,2016,November,47,14,1,3,2,0.0,0,HB,ESP,Direct,Direct,0,0,0,A,A,3,No Deposit,14.0,0,Transient,124.2,1,0
City Hotel,0,8,2016,November,47,15,0,3,2,0.0,0,BB,FRA,Direct,Direct,0,0,0,A,A,0,No Deposit,14.0,0,Transient,83.13,0,0
City Hotel,0,125,2016,November,47,16,0,2,2,0.0,0,SC,FRA,Online TA,TA/TO,0,0,0,A,A,2,No Deposit,9.0,0,Transient,79.2,0,1
City Hotel,0,32,2016,November,46,12,2,4,2,0.0,0,BB,DEU,Online TA,TA/TO,0,0,0,A,A,0,No Deposit,9.0,0,Transient,92.08,0,0
City Hotel,0,14,2016,November,47,14,1,3,2,0.0,0,BB,BEL,Online TA,TA/TO,0,0,0,D,D,0,No Deposit,7.0,0,Transient,75.27,0,2
City Hotel,0,68,2016,November,47,14,1,3,2,0.0,0,SC,PRT,Online TA,TA/TO,0,0,0,A,A,0,No Deposit,9.0,0,Transient,75.9,0,2
City Hotel,0,95,2016,November,47,14,1,3,2,0.0,0,BB,NLD,Online TA,TA/TO,0,0,0,A,A,0,No Deposit,9.0,0,Transient,86.25,0,2
City Hotel,0,53,2016,November,47,14,1,3,2,0.0,0,BB,GBR,Offline TA/TO,TA/TO,0,0,0,A,A,0,No Deposit,22.0,0,Transient,68.0,0,0
City Hotel,0,112,2016,November,47,13,2,3,2,0.0,0,BB,DEU,Online TA,TA/TO,0,0,0,D,D,0,No Deposit,9.0,0,Transient,100.05,0,1
City Hotel,0,53,2016,November,47,14,1,3,2,0.0,0,BB,GBR,Offline TA/TO,TA/TO,0,0,0,A,A,0,No Deposit,22.0,0,Transient,68.0,0,0
City Hotel,0,43,2016,November,47,14,1,3,2,0.0,0,BB,BEL,Online TA,TA/TO,0,0,0,D,D,0,No Deposit,7.0,0,Transient,74.61,0,2
City Hotel,0,7,2016,November,47,15,0,3,2,0.0,0,BB,AUS,Direct,Direct,0,0,0,A,A,0,No Deposit,14.0,0,Transient,105.0,0,1
City Hotel,0,19,2016,November,47,14,1,3,2,0.0,0,BB,DEU,Online TA,TA/TO,0,0,0,A,A,0,No Deposit,7.0,0,Transient,64.67,0,1
City Hotel,0,53,2016,November,46,11,2,5,2,0.0,0,BB,FRA,Online TA,TA/TO,0,0,0,D,D,1,No Deposit,9.0,0,Transient,97.87,0,4
City Hotel,0,50,2016,November,47,17,0,1,2,0.0,0,SC,BRA,Online TA,TA/TO,0,0,0,A,A,0,No Deposit,9.0,0,Transient,79.2,0,1
City Hotel,0,71,2016,November,46,12,2,4,2,0.0,0,SC,RUS,Online TA,TA/TO,0,0,0,A,A,0,No Deposit,9.0,0,Transient,77.0,0,2
City Hotel,0,1,2016,November,47,16,0,3,2,0.0,0,SC,BRA,Online TA,TA/TO,0,0,0,A,A,0,No Deposit,9.0,0,Transient,104.0,1,1
City Hotel,0,59,2016,November,47,17,0,2,2,0.0,0,BB,FRA,Offline TA/TO,TA/TO,0,0,0,A,D,0,No Deposit,28.0,0,Transient,75.0,0,0
City Hotel,0,45,2016,November,47,13,2,4,2,0.0,0,BB,FRA,Offline TA/TO,TA/TO,0,0,0,D,D,0,No Deposit,28.0,0,Transient,68.0,0,0
City Hotel,0,54,2016,November,47,16,0,3,2,0.0,0,SC,FRA,Online TA,TA/TO,0,0,0,A,A,0,No Deposit,7.0,0,Transient,57.93,0,1
City Hotel,0,21,2016,November,47,13,2,4,2,0.0,0,BB,IRL,Online TA,TA/TO,0,0,0,A,A,0,No Deposit,9.0,0,Transient,88.4,0,1
City Hotel,0,16,2016,November,47,17,0,2,2,0.0,0,SC,PRT,Online TA,TA/TO,0,0,0,A,A,0,No Deposit,9.0,0,Transient,89.0,0,1
City Hotel,0,44,2016,November,47,14,1,4,2,0.0,0,BB,FRA,Online TA,TA/TO,0,0,0,A,A,0,No Deposit,9.0,0,Transient,88.4,0,2
City Hotel,0,18,2016,November,47,13,2,4,2,0.0,0,BB,SWE,Online TA,TA/TO,0,0,0,D,D,0,No Deposit,9.0,0,Transient,96.9,0,1
City Hotel,0,44,2016,November,47,14,1,4,2,0.0,0,BB,FRA,Online TA,TA/TO,0,0,0,A,A,0,No Deposit,9.0,0,Transient,88.4,0,2
City Hotel,0,0,2016,November,47,18,0,1,2,0.0,0,SC,FRA,Direct,Direct,0,0,0,A,A,0,No Deposit,,0,Transient,95.0,0,0
City Hotel,0,0,2016,November,47,18,0,1,2,0.0,0,SC,FRA,Direct,Direct,0,0,0,A,A,0,No Deposit,,0,Transient,104.0,0,0
City Hotel,0,1,2016,November,47,16,0,3,2,0.0,0,BB,PRT,Direct,Direct,0,0,0,E,E,0,No Deposit,,0,Transient,50.0,0,0
City Hotel,0,80,2016,November,47,15,0,4,2,0.0,0,BB,NLD,Online TA,TA/TO,0,0,0,A,A,0,No Deposit,9.0,0,Transient,88.4,0,1
City Hotel,0,96,2016,November,47,16,0,3,2,0.0,0,BB,LTU,Online TA,TA/TO,0,0,0,A,A,0,No Deposit,9.0,0,Transient,90.0,0,0
City Hotel,0,94,2016,November,47,13,2,4,2,0.0,0,BB,BRA,Online TA,TA/TO,0,0,0,A,A,0,No Deposit,7.0,0,Transient,65.84,0,1
City Hotel,0,37,2016,November,47,17,0,2,2,0.0,0,BB,BEL,Online TA,TA/TO,0,0,0,A,A,0,No Deposit,9.0,0,Transient,104.0,0,2
City Hotel,0,53,2016,November,47,13,2,4,2,0.0,0,BB,DEU,Online TA,TA/TO,0,0,0,A,A,0,No Deposit,9.0,0,Transient,88.4,0,1
City Hotel,0,37,2016,November,47,17,0,2,2,0.0,0,BB,BEL,Online TA,TA/TO,0,0,0,A,A,0,No Deposit,9.0,0,Transient,104.0,0,2
City Hotel,0,11,2016,November,47,13,2,4,2,0.0,0,BB,CHE,Online TA,TA/TO,0,0,0,A,A,0,No Deposit,7.0,0,Transient,65.29,0,1
City Hotel,0,17,2016,November,47,18,0,1,2,0.0,0,SC,CN,Online TA,TA/TO,0,0,0,A,A,0,No Deposit,7.0,0,Transient,65.1,0,1
City Hotel,0,53,2016,November,47,13,2,4,2,0.0,0,BB,DEU,Online TA,TA/TO,0,0,0,A,A,0,No Deposit,9.0,0,Transient,88.4,0,1
City Hotel,0,49,2016,November,47,14,1,4,2,0.0,0,BB,FRA,Online TA,TA/TO,0,0,0,A,A,0,No Deposit,9.0,0,Transient,88.4,0,2
City Hotel,0,36,2016,November,47,14,1,4,2,0.0,0,BB,FRA,Online TA,TA/TO,0,0,0,D,D,0,No Deposit,9.0,0,Transient,96.9,0,3
City Hotel,0,27,2016,November,47,15,0,4,2,0.0,0,HB,ROU,Offline TA/TO,TA/TO,0,0,0,A,A,0,No Deposit,16.0,0,Transient,110.0,0,0
City Hotel,0,13,2016,November,46,12,2,5,2,0.0,0,SC,PRT,Online TA,TA/TO,0,0,0,A,A,0,No Deposit,7.0,0,Transient,59.33,0,1
City Hotel,0,53,2016,November,47,13,2,4,2,0.0,0,BB,DEU,Online TA,TA/TO,0,0,0,A,A,0,No Deposit,9.0,0,Transient,88.4,0,1
City Hotel,0,9,2016,November,47,17,0,2,2,0.0,0,BB,GBR,Direct,Direct,0,0,0,D,D,0,No Deposit,,0,Transient,95.0,0,1
City Hotel,0,19,2016,November,47,16,0,3,2,0.0,0,BB,NLD,Direct,Direct,0,0,0,A,A,0,No Deposit,14.0,0,Transient,77.0,0,0
City Hotel,0,26,2016,November,47,17,0,2,2,0.0,0,BB,PRT,Online TA,TA/TO,0,0,0,D,D,0,No Deposit,9.0,0,Transient,123.0,0,2
City Hotel,0,21,2016,November,47,16,0,3,2,0.0,0,BB,GBR,Online TA,TA/TO,0,0,0,D,D,0,No Deposit,89.0,0,Transient,74.48,0,0
City Hotel,0,18,2016,November,47,14,1,4,2,0.0,0,SC,ITA,Online TA,TA/TO,0,0,0,A,A,0,No Deposit,9.0,0,Transient,74.8,0,2
City Hotel,0,66,2016,November,46,11,2,6,2,0.0,0,BB,DEU,Online TA,TA/TO,0,0,0,A,A,0,No Deposit,7.0,0,Transient,82.8,0,2
City Hotel,0,118,2016,November,47,13,2,4,2,0.0,0,BB,HRV,Online TA,TA/TO,0,0,0,A,A,0,No Deposit,9.0,0,Transient,86.67,0,1
City Hotel,0,11,2016,November,47,17,0,2,2,0.0,0,BB,CHE,Online TA,TA/TO,0,0,0,D,D,0,No Deposit,9.0,0,Transient,121.0,0,1
City Hotel,0,37,2016,November,47,14,1,4,2,0.0,0,HB,DNK,Online TA,TA/TO,0,0,0,D,D,0,No Deposit,7.0,0,Transient,99.48,0,3
City Hotel,0,2,2016,November,47,18,0,1,2,0.0,0,SC,PRT,Direct,Direct,0,0,0,A,D,1,No Deposit,,0,Transient,104.0,0,0
City Hotel,0,0,2016,November,47,17,0,2,2,0.0,0,BB,PRT,Direct,Direct,0,0,0,A,A,2,No Deposit,14.0,0,Transient,67.5,1,0
City Hotel,0,58,2016,November,47,16,0,3,2,0.0,0,BB,FRA,Offline TA/TO,TA/TO,0,0,0,A,D,0,No Deposit,28.0,0,Transient,75.0,0,0
City Hotel,0,1,2016,November,47,18,0,1,2,0.0,0,SC,FRA,Online TA,TA/TO,0,0,0,A,D,1,No Deposit,7.0,0,Transient,108.0,1,1
City Hotel,0,50,2016,November,47,15,0,4,2,0.0,0,SC,PRT,Online TA,TA/TO,0,0,0,A,A,2,No Deposit,9.0,0,Transient,74.8,0,1
City Hotel,0,57,2016,November,47,15,0,5,2,0.0,0,BB,FRA,Offline TA/TO,TA/TO,0,0,0,A,D,0,No Deposit,28.0,0,Transient,75.0,0,0
City Hotel,0,18,2016,November,47,17,0,3,2,0.0,0,SC,FRA,Online TA,TA/TO,0,0,0,A,A,0,No Deposit,9.0,0,Transient,88.0,0,2
City Hotel,0,51,2016,November,47,16,0,4,2,0.0,0,BB,FRA,Offline TA/TO,TA/TO,0,0,0,A,D,0,No Deposit,28.0,0,Transient,75.0,0,0
City Hotel,0,51,2016,November,47,16,0,4,2,0.0,0,BB,FRA,Offline TA/TO,TA/TO,0,0,0,A,D,0,No Deposit,28.0,0,Transient,75.0,0,0
City Hotel,0,59,2016,November,47,17,0,3,2,0.0,0,BB,FRA,Offline TA/TO,TA/TO,0,0,0,A,D,0,No Deposit,28.0,0,Transient,75.0,0,0
City Hotel,0,26,2016,November,47,16,0,4,2,0.0,0,BB,HRV,Online TA,TA/TO,0,0,0,A,A,0,No Deposit,9.0,0,Transient,88.4,0,1
City Hotel,0,47,2016,November,47,16,0,4,2,0.0,0,BB,NLD,Online TA,TA/TO,0,0,0,A,A,0,No Deposit,9.0,0,Transient,88.4,0,1
City Hotel,0,36,2016,November,47,15,0,5,2,0.0,0,BB,CN,Online TA,TA/TO,0,0,0,A,A,0,No Deposit,7.0,0,Transient,64.67,0,1
City Hotel,0,40,2016,November,47,15,0,5,2,0.0,0,BB,FRA,Online TA,TA/TO,0,0,0,A,A,0,No Deposit,9.0,0,Transient,88.4,0,1
City Hotel,0,35,2016,November,47,16,0,4,2,0.0,0,BB,FRA,Online TA,TA/TO,0,0,0,A,A,0,No Deposit,9.0,0,Transient,88.4,0,1
City Hotel,0,75,2016,November,47,17,0,3,2,0.0,0,SC,IRL,Online TA,TA/TO,0,0,0,A,E,0,No Deposit,9.0,0,Transient,79.2,0,3
City Hotel,0,25,2016,November,47,15,0,5,2,0.0,0,BB,PRT,Offline TA/TO,TA/TO,0,0,0,A,D,0,No Deposit,85.0,0,Transient,68.0,0,0
City Hotel,0,12,2016,November,47,13,2,5,2,0.0,0,BB,FRA,Online TA,TA/TO,0,0,0,A,A,0,No Deposit,8.0,0,Transient,89.25,0,3
City Hotel,0,32,2016,November,47,19,0,1,2,0.0,0,SC,CHN,Online TA,TA/TO,0,0,0,A,A,0,No Deposit,9.0,0,Transient,79.2,0,0
City Hotel,0,0,2016,November,47,16,0,4,2,0.0,0,SC,TUR,Online TA,TA/TO,0,0,0,A,A,0,No Deposit,152.0,0,Transient,59.94,0,0
City Hotel,0,11,2016,November,47,16,0,4,2,0.0,0,SC,DEU,Online TA,TA/TO,0,0,0,A,A,0,No Deposit,9.0,0,Transient,80.75,0,2
City Hotel,0,25,2016,November,47,17,0,3,2,0.0,0,SC,FRA,Online TA,TA/TO,0,0,0,A,A,0,No Deposit,9.0,0,Transient,88.0,0,2
City Hotel,0,39,2016,November,47,13,2,5,2,0.0,0,BB,POL,Online TA,TA/TO,0,0,0,A,A,0,No Deposit,7.0,0,Transient,64.67,0,3
City Hotel,0,73,2016,November,47,17,0,3,2,0.0,0,BB,NLD,Online TA,TA/TO,0,0,0,D,D,0,No Deposit,9.0,0,Transient,102.6,0,1
City Hotel,0,149,2016,November,47,16,0,4,2,0.0,0,BB,ITA,Online TA,TA/TO,0,0,0,A,A,0,No Deposit,7.0,0,Transient,65.45,0,1
City Hotel,0,57,2016,November,47,17,0,3,2,0.0,0,SC,NLD,Online TA,TA/TO,0,0,0,A,A,0,No Deposit,9.0,0,Transient,79.2,0,2
City Hotel,0,91,2016,November,47,18,0,2,2,0.0,0,BB,PRT,Complementary,Direct,0,0,0,A,D,0,No Deposit,,0,Transient,0.0,0,1
City Hotel,0,87,2016,November,47,18,0,2,2,0.0,0,HB,FRA,Online TA,TA/TO,0,0,0,D,D,0,No Deposit,9.0,0,Transient,136.8,0,1
City Hotel,0,109,2016,November,47,17,0,3,2,0.0,0,BB,CZE,Online TA,TA/TO,0,0,0,A,A,0,No Deposit,9.0,0,Transient,90.0,0,1
City Hotel,0,116,2016,November,47,17,0,3,2,0.0,0,BB,GBR,Online TA,TA/TO,0,0,0,A,A,0,No Deposit,9.0,0,Transient,90.0,0,1
City Hotel,0,214,2016,November,48,20,2,1,2,0.0,0,BB,GBR,Groups,Corporate,0,0,0,A,D,2,No Deposit,,0,Transient,85.0,0,1
City Hotel,0,30,2016,November,47,17,0,3,2,0.0,0,BB,DEU,Online TA,TA/TO,0,0,0,A,A,0,No Deposit,7.0,0,Transient,76.08,0,1
City Hotel,0,109,2016,November,47,17,0,3,2,0.0,0,BB,CZE,Online TA,TA/TO,0,0,0,A,A,0,No Deposit,9.0,0,Transient,90.0,0,1
City Hotel,0,12,2016,November,47,18,0,2,2,0.0,0,SC,ROU,Online TA,TA/TO,0,0,0,A,A,0,No Deposit,9.0,0,Transient,95.0,0,1
City Hotel,0,19,2016,November,47,18,0,2,2,0.0,0,SC,ITA,Online TA,TA/TO,0,0,0,A,A,0,No Deposit,9.0,0,Transient,88.0,0,1
City Hotel,0,3,2016,November,47,18,0,2,2,0.0,0,BB,PRT,Complementary,Direct,0,0,0,A,A,0,No Deposit,,0,Transient,0.0,0,0
City Hotel,0,45,2016,November,47,18,0,2,2,0.0,0,BB,IRL,Direct,Direct,0,0,0,A,A,0,No Deposit,14.0,0,Transient,79.2,0,1
City Hotel,0,45,2016,November,47,18,0,2,2,0.0,0,BB,IRL,Direct,Direct,0,0,0,A,A,0,No Deposit,14.0,0,Transient,79.2,0,1
City Hotel,0,27,2016,November,47,16,0,4,2,0.0,0,BB,USA,Online TA,TA/TO,0,0,0,A,A,0,No Deposit,9.0,0,Transient,88.4,0,2
City Hotel,0,13,2016,November,47,17,0,3,2,0.0,0,BB,ITA,Online TA,TA/TO,0,0,0,A,A,0,No Deposit,9.0,0,Transient,105.0,0,1
City Hotel,0,60,2016,November,47,18,0,2,2,0.0,0,BB,ESP,Offline TA/TO,TA/TO,0,0,0,A,D,0,No Deposit,28.0,0,Transient,75.0,0,0
City Hotel,0,2,2016,November,47,18,0,2,2,0.0,0,BB,ESP,Online TA,TA/TO,0,0,0,A,A,0,No Deposit,9.0,0,Transient,111.0,0,1
City Hotel,0,5,2016,November,47,18,0,2,2,0.0,0,BB,DEU,Online TA,TA/TO,0,0,0,A,A,0,No Deposit,9.0,0,Transient,111.0,0,1
City Hotel,0,46,2016,November,47,18,0,2,2,0.0,0,BB,NLD,Online TA,TA/TO,0,0,0,A,A,0,No Deposit,9.0,0,Transient,93.6,0,3
City Hotel,0,135,2016,November,47,16,0,4,2,0.0,0,BB,DEU,Online TA,TA/TO,0,0,0,A,A,0,No Deposit,9.0,0,Transient,85.0,0,2
City Hotel,0,181,2016,November,47,18,0,2,2,0.0,0,SC,DEU,Online TA,TA/TO,0,0,0,A,A,0,No Deposit,9.0,0,Transient,71.1,0,0
City Hotel,0,61,2016,November,47,17,0,3,2,0.0,0,SC,FRA,Online TA,TA/TO,0,0,0,A,A,0,No Deposit,9.0,0,Transient,79.2,0,1
City Hotel,0,35,2016,November,47,16,0,4,2,0.0,0,BB,FRA,Online TA,TA/TO,0,0,0,A,A,0,No Deposit,9.0,0,Transient,88.4,0,1
City Hotel,0,4,2016,November,47,19,0,1,2,0.0,0,BB,PRT,Complementary,Direct,0,0,0,D,D,1,No Deposit,,0,Transient,0.0,1,1
City Hotel,0,65,2016,November,47,13,2,5,2,0.0,0,SC,DEU,Online TA,TA/TO,0,0,0,A,A,0,No Deposit,9.0,0,Transient,88.0,0,1
City Hotel,0,18,2016,November,47,19,0,1,2,0.0,0,BB,FRA,Online TA,TA/TO,0,0,0,A,A,0,No Deposit,7.0,0,Transient,80.85,0,1
City Hotel,0,212,2016,November,47,18,0,2,2,0.0,0,SC,HUN,Online TA,TA/TO,0,0,0,A,D,0,No Deposit,9.0,0,Transient,67.5,0,1
City Hotel,0,59,2016,November,47,17,0,3,2,0.0,0,BB,POL,Online TA,TA/TO,0,0,0,A,A,0,No Deposit,86.0,0,Transient,70.72,0,0
City Hotel,0,53,2016,November,47,18,0,2,2,0.0,0,BB,FRA,Offline TA/TO,TA/TO,0,0,0,A,D,0,No Deposit,28.0,0,Transient,75.0,0,0
City Hotel,0,65,2016,November,47,18,0,2,2,0.0,0,BB,FRA,Offline TA/TO,TA/TO,0,0,0,A,D,0,No Deposit,28.0,0,Transient,75.0,0,0
City Hotel,0,44,2016,November,47,18,0,2,2,0.0,0,BB,GBR,Online TA,TA/TO,0,0,0,D,D,0,No Deposit,7.0,0,Transient,83.39,0,1
City Hotel,0,16,2016,November,47,16,0,4,2,0.0,0,BB,CIV,Offline TA/TO,TA/TO,0,0,0,A,A,0,No Deposit,42.0,0,Transient,68.0,0,1
City Hotel,0,67,2016,November,47,18,0,2,2,0.0,0,BB,GBR,Online TA,TA/TO,0,0,0,A,A,1,No Deposit,9.0,0,Transient,104.0,0,1
City Hotel,0,31,2016,November,47,19,0,1,2,0.0,0,SC,PRT,Online TA,TA/TO,0,0,0,A,A,0,No Deposit,9.0,0,Transient,88.0,0,2
City Hotel,0,14,2016,November,47,18,0,2,2,0.0,0,SC,DEU,Online TA,TA/TO,0,0,0,A,A,0,No Deposit,9.0,0,Transient,89.0,0,2
City Hotel,0,15,2016,November,47,19,0,1,2,0.0,0,BB,PRT,Online TA,TA/TO,0,0,0,A,A,0,No Deposit,9.0,0,Transient,105.0,0,1
City Hotel,0,1,2016,November,47,19,0,1,2,0.0,0,BB,ESP,Online TA,TA/TO,0,0,0,A,A,0,No Deposit,9.0,0,Transient,111.0,0,1
City Hotel,0,60,2016,November,47,18,0,2,2,0.0,0,BB,ESP,Offline TA/TO,TA/TO,0,0,0,A,D,0,No Deposit,28.0,0,Transient,75.0,0,0
City Hotel,0,1,2016,November,47,19,0,1,2,0.0,0,BB,PRT,Online TA,TA/TO,0,0,0,A,A,0,No Deposit,9.0,0,Transient,111.0,0,0
City Hotel,1,0,2017,June,26,29,0,1,2,0.0,0,BB,PRT,Complementary,Direct,1,0,1,A,D,0,No Deposit,45.0,0,Transient,0.0,0,0
City Hotel,0,51,2016,November,47,17,0,3,2,0.0,0,BB,GBR,Online TA,TA/TO,0,0,0,A,A,0,No Deposit,7.0,0,Transient,68.47,0,1
City Hotel,0,24,2016,November,47,18,0,2,2,0.0,0,BB,PRT,Complementary,Direct,0,0,0,A,A,0,No Deposit,,0,Transient,0.0,0,1
City Hotel,0,11,2016,November,47,18,0,2,2,0.0,0,SC,ITA,Online TA,TA/TO,0,0,0,A,A,0,No Deposit,9.0,0,Transient,104.0,1,1
City Hotel,0,26,2016,November,47,17,0,3,2,0.0,0,BB,GBR,Online TA,TA/TO,0,0,0,D,D,0,No Deposit,83.0,0,Transient,91.2,0,0
City Hotel,0,23,2016,November,47,18,0,2,2,0.0,0,BB,PRT,Online TA,TA/TO,0,0,0,B,B,1,No Deposit,9.0,0,Transient,91.6,0,2
City Hotel,0,50,2016,November,47,16,0,4,2,0.0,0,BB,GBR,Online TA,TA/TO,0,0,0,A,A,0,No Deposit,7.0,0,Transient,64.67,0,1
City Hotel,0,3,2016,November,47,18,0,2,2,0.0,0,BB,FRA,Online TA,TA/TO,0,0,0,A,A,0,No Deposit,9.0,0,Transient,111.0,0,4
City Hotel,0,17,2016,November,47,16,0,4,2,0.0,0,SC,CPV,Online TA,TA/TO,0,0,0,A,A,0,No Deposit,9.0,0,Transient,74.8,0,2
City Hotel,0,44,2016,November,47,15,1,5,2,0.0,0,SC,FRA,Online TA,TA/TO,0,0,0,A,A,0,No Deposit,7.0,0,Transient,54.71,0,1
City Hotel,0,19,2016,November,47,18,1,2,2,0.0,0,SC,FRA,Online TA,TA/TO,0,0,0,A,A,0,No Deposit,9.0,0,Transient,88.0,0,2
City Hotel,0,86,2016,November,47,18,1,2,2,0.0,0,BB,FRA,Direct,Direct,0,0,0,A,A,0,No Deposit,14.0,0,Transient,79.2,0,2
City Hotel,0,50,2016,November,47,17,1,3,2,0.0,0,BB,CHE,Online TA,TA/TO,0,0,0,D,D,0,No Deposit,7.0,0,Transient,74.61,0,1
City Hotel,0,29,2016,November,47,14,2,5,2,0.0,0,BB,FRA,Online TA,TA/TO,0,0,0,D,D,0,No Deposit,7.0,0,Transient,70.88,0,1
City Hotel,0,4,2016,November,48,20,1,0,2,0.0,0,BB,PRT,Online TA,TA/TO,0,0,0,F,F,0,No Deposit,7.0,0,Transient,133.98,0,1
City Hotel,0,60,2016,November,47,18,1,2,2,0.0,0,BB,BEL,Online TA,TA/TO,0,0,0,A,A,0,No Deposit,9.0,0,Transient,93.6,0,1
City Hotel,0,10,2016,November,47,17,1,3,2,0.0,0,SC,ITA,Online TA,TA/TO,0,0,0,A,A,0,No Deposit,9.0,0,Transient,78.63,0,0
City Hotel,0,3,2016,November,47,19,1,1,2,0.0,0,SC,BEL,Online TA,TA/TO,0,0,0,A,A,0,No Deposit,9.0,0,Transient,100.5,0,1
City Hotel,0,64,2016,November,47,18,1,2,2,0.0,0,BB,FRA,Offline TA/TO,TA/TO,0,0,0,A,D,0,No Deposit,28.0,0,Transient,75.0,0,0
City Hotel,0,59,2016,November,47,19,1,1,2,0.0,0,BB,FRA,Offline TA/TO,TA/TO,0,0,0,A,D,0,No Deposit,28.0,0,Transient,75.0,0,0
City Hotel,0,26,2016,November,47,17,1,3,2,0.0,0,SC,CHE,Online TA,TA/TO,0,0,0,A,A,0,No Deposit,7.0,0,Transient,57.59,0,1
City Hotel,0,98,2016,November,47,18,1,2,2,0.0,0,HB,ESP,Online TA,TA/TO,0,0,0,A,A,0,No Deposit,9.0,0,Transient,124.2,0,1
City Hotel,0,80,2016,November,47,18,1,2,2,0.0,0,BB,BEL,Online TA,TA/TO,0,0,0,A,A,0,No Deposit,9.0,0,Transient,93.6,0,2
City Hotel,0,29,2016,November,47,17,1,3,2,0.0,0,BB,FRA,Online TA,TA/TO,0,0,0,A,A,1,No Deposit,8.0,0,Transient,89.9,0,1
City Hotel,0,24,2016,November,47,17,1,3,2,0.0,0,SC,ESP,Online TA,TA/TO,0,0,0,A,A,0,No Deposit,9.0,0,Transient,74.8,0,1
City Hotel,0,77,2016,November,47,19,1,1,2,0.0,0,BB,USA,Online TA,TA/TO,0,0,0,A,A,0,No Deposit,9.0,0,Transient,93.6,0,1
City Hotel,0,96,2016,November,47,18,1,2,2,0.0,0,BB,RUS,Online TA,TA/TO,0,0,0,A,A,2,No Deposit,9.0,0,Transient,94.67,0,2
City Hotel,0,30,2016,November,47,18,1,2,2,0.0,0,BB,GBR,Online TA,TA/TO,0,0,0,D,D,0,No Deposit,9.0,0,Transient,114.0,0,1
City Hotel,0,79,2016,November,47,17,1,3,2,0.0,0,SC,ITA,Online TA,TA/TO,0,0,0,A,A,0,No Deposit,9.0,0,Transient,74.8,0,1
City Hotel,0,29,2016,November,47,17,1,3,2,0.0,0,BB,FRA,Online TA,TA/TO,0,0,0,A,A,1,No Deposit,8.0,0,Transient,89.9,0,1
City Hotel,0,65,2016,November,47,18,1,2,2,0.0,0,BB,NLD,Online TA,TA/TO,0,0,0,A,A,0,No Deposit,9.0,0,Transient,104.0,0,1
City Hotel,0,31,2016,November,47,14,2,5,2,0.0,0,BB,DEU,Online TA,TA/TO,0,0,0,A,A,0,No Deposit,7.0,0,Transient,64.67,0,1
City Hotel,0,76,2016,November,47,19,1,1,2,0.0,0,HB,ITA,Online TA,TA/TO,0,0,0,D,D,0,No Deposit,9.0,0,Transient,146.8,0,3
City Hotel,0,89,2016,November,47,19,1,1,2,0.0,0,SC,FRA,Online TA,TA/TO,0,0,0,A,A,2,No Deposit,9.0,0,Transient,79.2,0,3
City Hotel,0,40,2016,November,47,18,1,2,2,0.0,0,SC,FRA,Online TA,TA/TO,0,0,0,A,A,0,No Deposit,7.0,0,Transient,67.76,0,1
City Hotel,0,14,2016,November,47,18,1,2,2,0.0,0,BB,NLD,Online TA,TA/TO,0,0,0,A,A,0,No Deposit,9.0,0,Transient,107.67,0,1
City Hotel,0,4,2016,November,47,19,1,1,2,0.0,0,SC,RUS,Online TA,TA/TO,0,0,0,A,A,0,No Deposit,9.0,0,Transient,91.5,0,2
City Hotel,0,44,2016,November,47,16,1,4,2,0.0,0,SC,FRA,Online TA,TA/TO,0,0,0,A,A,2,No Deposit,9.0,0,Transient,74.8,0,1
City Hotel,0,63,2016,November,47,17,1,3,2,0.0,0,BB,GBR,Online TA,TA/TO,0,0,0,A,A,2,No Deposit,9.0,0,Transient,88.4,0,2
City Hotel,0,69,2016,November,47,17,1,3,2,0.0,0,BB,IRL,Online TA,TA/TO,0,0,0,A,A,1,No Deposit,9.0,0,Transient,92.23,0,1
City Hotel,0,77,2016,November,47,17,1,3,2,0.0,0,SC,DEU,Online TA,TA/TO,0,0,0,A,A,0,No Deposit,9.0,0,Transient,74.8,0,3
City Hotel,0,63,2016,November,47,17,1,3,2,0.0,0,BB,GBR,Online TA,TA/TO,0,0,0,A,A,2,No Deposit,9.0,0,Transient,88.4,0,1
City Hotel,0,30,2016,November,47,17,1,3,2,0.0,0,BB,GBR,Online TA,TA/TO,0,0,0,A,A,0,No Deposit,9.0,0,Transient,88.4,0,2
City Hotel,0,44,2016,November,47,16,1,4,2,0.0,0,SC,FRA,Online TA,TA/TO,0,0,0,A,A,2,No Deposit,9.0,0,Transient,74.8,0,1
City Hotel,0,9,2016,November,48,20,1,0,2,0.0,0,BB,NLD,Direct,Direct,0,0,0,A,A,1,No Deposit,14.0,0,Transient,95.0,0,0
City Hotel,0,15,2016,November,47,17,1,3,2,0.0,0,BB,PRT,Direct,Direct,0,0,0,A,A,1,No Deposit,14.0,0,Transient,98.75,0,0
City Hotel,0,53,2016,November,47,18,1,2,2,0.0,0,BB,BEL,Offline TA/TO,TA/TO,0,0,0,A,D,0,No Deposit,28.0,0,Transient,75.0,0,0
City Hotel,0,40,2016,November,47,18,1,2,2,0.0,0,SC,FRA,Online TA,TA/TO,0,0,0,A,A,0,No Deposit,7.0,0,Transient,67.76,0,1
City Hotel,0,10,2016,November,47,18,1,2,2,0.0,0,BB,PRT,Online TA,TA/TO,0,0,0,A,A,0,No Deposit,9.0,0,Transient,107.67,0,2
City Hotel,0,22,2016,November,47,17,1,3,2,0.0,0,BB,DEU,Online TA,TA/TO,0,0,0,D,D,0,No Deposit,9.0,0,Transient,96.9,0,2
City Hotel,0,54,2016,November,47,19,1,1,2,0.0,0,BB,FRA,Offline TA/TO,TA/TO,0,0,0,A,D,0,No Deposit,28.0,0,Transient,75.0,0,0
City Hotel,0,16,2016,November,47,18,1,2,2,0.0,0,BB,CN,Online TA,TA/TO,0,0,0,A,A,0,No Deposit,9.0,0,Transient,104.67,0,0
City Hotel,0,68,2016,November,47,19,1,1,2,0.0,0,BB,IRL,Direct,Direct,0,0,0,A,A,1,No Deposit,14.0,0,Transient,85.75,0,0
City Hotel,0,54,2016,November,47,19,1,1,2,0.0,0,BB,FRA,Offline TA/TO,TA/TO,0,0,0,A,D,0,No Deposit,28.0,0,Transient,75.0,0,0
City Hotel,0,260,2016,November,47,16,1,4,2,0.0,0,BB,USA,Online TA,TA/TO,0,0,0,A,A,0,No Deposit,7.0,0,Transient,56.94,0,1
City Hotel,0,0,2016,November,48,21,0,0,2,0.0,0,BB,PRT,Corporate,Corporate,1,0,0,A,K,0,No Deposit,283.0,0,Transient,0.0,0,0
City Hotel,0,68,2016,November,47,19,1,1,2,0.0,0,BB,IRL,Direct,Direct,0,0,0,A,A,1,No Deposit,14.0,0,Transient,85.75,0,0
City Hotel,0,17,2016,November,48,21,1,0,2,0.0,0,SC,PRT,Direct,Direct,0,0,0,A,A,2,No Deposit,,0,Transient,38.5,0,1
City Hotel,0,12,2016,November,47,18,2,2,2,0.0,0,SC,BRA,Online TA,TA/TO,0,0,0,A,A,0,No Deposit,9.0,0,Transient,87.63,0,1
City Hotel,0,121,2016,November,47,16,2,4,2,0.0,0,BB,BRA,Online TA,TA/TO,0,0,0,A,A,0,No Deposit,7.0,0,Transient,65.45,0,1
City Hotel,0,39,2016,November,47,15,2,5,2,0.0,0,BB,BRA,Online TA,TA/TO,0,0,0,A,A,0,No Deposit,9.0,0,Transient,97.4,0,1
City Hotel,0,72,2016,November,47,18,2,2,2,0.0,0,BB,BRA,Online TA,TA/TO,0,0,0,A,A,0,No Deposit,83.0,0,Transient,70.72,0,0
City Hotel,0,2,2016,November,47,18,2,2,2,0.0,0,BB,ISR,Online TA,TA/TO,0,0,0,A,A,0,No Deposit,9.0,0,Transient,92.86,0,0
City Hotel,0,58,2016,November,47,19,2,1,2,0.0,0,BB,ESP,Offline TA/TO,TA/TO,0,0,0,A,D,0,No Deposit,28.0,0,Transient,75.0,0,1
City Hotel,0,1,2016,November,47,18,2,2,2,0.0,0,BB,ESP,Online TA,TA/TO,0,0,0,A,A,0,No Deposit,9.0,0,Transient,101.86,0,2
City Hotel,0,68,2016,November,47,18,2,2,2,0.0,0,BB,PRT,Online TA,TA/TO,0,0,0,D,D,0,No Deposit,7.0,0,Transient,74.61,0,1
City Hotel,0,59,2016,November,47,18,2,2,2,0.0,0,BB,FRA,Offline TA/TO,TA/TO,0,0,0,A,D,0,No Deposit,28.0,0,Transient,75.0,0,0
City Hotel,0,54,2016,November,47,18,2,2,2,0.0,0,SC,USA,Online TA,TA/TO,0,0,0,A,A,0,No Deposit,9.0,0,Transient,74.8,0,1
City Hotel,0,11,2016,November,47,19,2,1,2,0.0,0,BB,ITA,Online TA,TA/TO,0,0,0,A,A,0,No Deposit,9.0,0,Transient,107.67,0,2
City Hotel,0,17,2016,November,47,18,2,2,2,0.0,0,BB,DEU,Online TA,TA/TO,0,0,0,A,A,0,No Deposit,9.0,0,Transient,107.5,0,0
City Hotel,0,58,2016,November,47,19,2,1,2,0.0,0,BB,ESP,Offline TA/TO,TA/TO,0,0,0,A,D,0,No Deposit,28.0,0,Transient,75.0,0,1
City Hotel,0,303,2016,November,47,18,2,2,2,0.0,0,BB,DEU,Online TA,TA/TO,0,0,0,A,A,0,No Deposit,9.0,0,Transient,73.95,0,1
City Hotel,0,80,2016,November,47,19,2,1,2,0.0,0,BB,DEU,Online TA,TA/TO,0,0,0,A,A,0,No Deposit,9.0,0,Transient,93.6,0,1
City Hotel,0,80,2016,November,47,19,2,1,2,0.0,0,BB,DEU,Online TA,TA/TO,0,0,0,A,A,0,No Deposit,9.0,0,Transient,93.6,0,1
City Hotel,0,61,2016,November,47,19,2,1,2,0.0,0,BB,FRA,Offline TA/TO,TA/TO,0,0,0,A,D,0,No Deposit,28.0,0,Transient,75.0,0,0
City Hotel,0,67,2016,November,48,22,0,1,2,0.0,0,BB,FRA,Online TA,TA/TO,0,0,0,D,D,0,No Deposit,9.0,0,Transient,102.6,0,1
City Hotel,0,4,2016,November,47,18,2,2,2,0.0,0,SC,ESP,Online TA,TA/TO,0,0,0,A,A,3,No Deposit,9.0,0,Transient,87.63,0,1
City Hotel,0,5,2016,November,48,21,1,0,2,0.0,0,BB,DEU,Online TA,TA/TO,0,0,0,A,A,0,No Deposit,9.0,0,Transient,120.0,0,3
City Hotel,0,15,2016,November,47,19,2,1,2,0.0,0,BB,ESP,Online TA,TA/TO,0,0,0,A,A,1,No Deposit,9.0,0,Transient,99.67,0,2
City Hotel,0,32,2016,November,47,18,2,2,2,0.0,0,SC,ITA,Online TA,TA/TO,0,0,0,A,A,0,No Deposit,7.0,0,Transient,54.71,0,1
City Hotel,0,41,2016,November,47,17,2,3,2,0.0,0,BB,DEU,Direct,Direct,0,0,0,E,E,3,No Deposit,14.0,0,Transient,140.12,0,1
City Hotel,0,4,2016,November,47,19,2,1,2,0.0,0,BB,PRT,Online TA,TA/TO,0,0,0,A,A,0,No Deposit,9.0,0,Transient,108.67,0,3
City Hotel,0,121,2016,November,47,16,2,4,2,0.0,0,SC,BRA,Offline TA/TO,TA/TO,0,0,0,A,A,0,No Deposit,52.0,0,Transient,62.5,0,0
City Hotel,0,97,2016,November,48,20,2,0,2,0.0,0,BB,BEL,Online TA,TA/TO,0,0,0,A,A,0,No Deposit,8.0,0,Transient,94.5,0,1
City Hotel,0,137,2016,November,47,16,2,4,2,0.0,0,BB,BRA,Online TA,TA/TO,0,0,0,A,A,0,No Deposit,7.0,0,Transient,65.45,0,1
City Hotel,0,37,2016,November,47,16,2,4,2,0.0,0,HB,ISR,Online TA,TA/TO,0,0,0,A,A,0,No Deposit,9.0,0,Transient,120.7,0,1
City Hotel,0,39,2016,November,47,19,2,1,2,0.0,0,BB,FRA,Offline TA/TO,TA/TO,0,0,0,A,A,0,No Deposit,28.0,0,Transient,72.0,0,0
City Hotel,0,2,2017,June,22,2,0,1,2,0.0,0,BB,PRT,Corporate,Corporate,1,0,1,A,A,0,No Deposit,,0,Transient,75.0,0,0
City Hotel,0,35,2016,November,48,22,0,1,2,0.0,0,SC,CHN,Online TA,TA/TO,0,0,0,A,A,0,No Deposit,9.0,0,Transient,79.2,0,1
City Hotel,0,251,2016,November,48,21,1,1,2,0.0,0,SC,GBR,Online TA,TA/TO,0,0,0,A,A,2,No Deposit,9.0,0,Transient,73.35,0,1
City Hotel,0,251,2016,November,48,21,1,1,2,0.0,0,SC,GBR,Online TA,TA/TO,0,0,0,A,A,2,No Deposit,9.0,0,Transient,73.35,0,1
City Hotel,0,46,2016,November,47,18,2,3,2,0.0,0,BB,BRA,Online TA,TA/TO,0,0,0,A,A,0,No Deposit,7.0,0,Transient,68.07,0,5
City Hotel,0,215,2016,November,48,21,1,1,2,0.0,0,BB,ESP,Groups,Corporate,0,0,0,A,A,2,No Deposit,,0,Transient,85.0,0,0
City Hotel,0,57,2016,November,48,22,0,1,2,0.0,0,SC,CN,Online TA,TA/TO,0,0,0,A,A,0,No Deposit,7.0,0,Transient,60.98,0,1
City Hotel,0,214,2016,November,48,20,2,1,2,0.0,0,BB,ITA,Groups,Corporate,0,0,0,A,D,1,No Deposit,,0,Transient,85.0,0,0
City Hotel,0,58,2016,November,48,20,2,1,2,0.0,0,BB,FRA,Offline TA/TO,TA/TO,0,0,0,A,D,0,No Deposit,28.0,0,Transient,75.0,0,1
City Hotel,0,58,2016,November,48,20,2,1,2,0.0,0,BB,FRA,Offline TA/TO,TA/TO,0,0,0,A,D,0,No Deposit,28.0,0,Transient,75.0,0,1
City Hotel,0,64,2016,November,48,20,2,1,2,0.0,0,SC,HUN,Online TA,TA/TO,0,0,0,A,A,0,No Deposit,9.0,0,Transient,79.2,0,1
City Hotel,0,54,2016,November,47,18,2,3,2,0.0,0,SC,BRA,Online TA,TA/TO,0,0,0,A,A,0,No Deposit,9.0,0,Transient,83.8,0,1
City Hotel,0,43,2016,November,47,19,2,2,2,0.0,0,BB,FRA,Offline TA/TO,TA/TO,0,0,0,A,A,0,No Deposit,28.0,0,Transient,68.0,0,0
City Hotel,0,43,2016,November,47,19,2,2,2,0.0,0,BB,FRA,Offline TA/TO,TA/TO,0,0,0,A,A,0,No Deposit,28.0,0,Transient,68.0,0,0
City Hotel,0,20,2016,November,48,22,0,1,2,0.0,0,BB,GBR,Online TA,TA/TO,0,0,0,A,A,0,No Deposit,9.0,0,Transient,116.0,0,0
City Hotel,0,53,2016,November,47,19,2,2,2,0.0,0,SC,ESP,Online TA,TA/TO,0,0,0,A,A,0,No Deposit,9.0,0,Transient,74.8,0,1
City Hotel,0,215,2016,November,48,21,1,1,2,0.0,0,BB,ROU,Groups,Corporate,0,0,0,A,A,4,No Deposit,,0,Transient,85.0,0,0
City Hotel,0,27,2016,November,48,22,0,1,2,0.0,0,BB,IRL,Direct,Direct,0,0,0,A,A,1,No Deposit,14.0,0,Transient,98.0,0,0
City Hotel,0,215,2016,November,48,21,1,1,2,0.0,0,BB,GBR,Groups,Corporate,0,0,0,A,D,2,No Deposit,,0,Transient,85.0,0,0
City Hotel,0,2,2016,November,48,22,0,1,2,0.0,0,BB,AUS,Online TA,TA/TO,0,0,0,A,A,0,No Deposit,9.0,0,Transient,111.0,0,1
City Hotel,0,49,2016,November,47,16,2,5,2,0.0,0,BB,GBR,Online TA,TA/TO,0,0,0,D,D,0,No Deposit,9.0,0,Transient,101.51,0,1
City Hotel,0,63,2016,November,48,22,0,1,2,0.0,0,BB,PRT,Direct,Direct,0,0,0,A,A,0,No Deposit,14.0,0,Transient,79.2,0,1
City Hotel,0,251,2016,November,48,21,1,1,2,0.0,0,SC,GBR,Online TA,TA/TO,0,0,0,A,A,2,No Deposit,9.0,0,Transient,73.35,0,1
City Hotel,0,76,2016,November,48,22,0,1,2,0.0,0,BB,CHE,Online TA,TA/TO,0,0,0,A,A,0,No Deposit,9.0,0,Transient,93.6,0,1
City Hotel,0,63,2016,November,48,22,0,1,2,0.0,0,BB,PRT,Direct,Direct,0,0,0,A,A,0,No Deposit,14.0,0,Transient,79.2,0,1
City Hotel,0,95,2016,November,47,18,2,3,2,0.0,0,BB,GBR,Online TA,TA/TO,0,0,0,A,A,0,No Deposit,9.0,0,Transient,85.0,0,1
City Hotel,0,33,2016,November,48,20,2,1,2,0.0,0,SC,GBR,Offline TA/TO,TA/TO,0,0,0,A,A,0,No Deposit,52.0,0,Transient,63.0,0,0
City Hotel,0,215,2016,November,48,21,1,1,2,0.0,0,BB,NOR,Groups,Corporate,0,0,0,A,A,0,No Deposit,,0,Transient,85.0,0,0
City Hotel,0,2,2016,November,48,20,2,1,2,0.0,0,SC,PRT,Online TA,TA/TO,0,0,0,A,A,0,No Deposit,9.0,0,Transient,92.67,0,1
City Hotel,0,65,2016,November,47,19,2,2,2,0.0,0,SC,FRA,Online TA,TA/TO,0,0,0,A,A,0,No Deposit,159.0,0,Transient,63.58,0,0
City Hotel,0,215,2016,November,48,21,1,1,2,0.0,0,BB,ESP,Groups,Corporate,0,0,0,A,A,1,No Deposit,,0,Transient,85.0,0,1
City Hotel,0,37,2016,November,48,20,2,1,2,0.0,0,BB,GBR,Offline TA/TO,TA/TO,0,0,0,A,A,0,No Deposit,168.0,0,Transient,72.0,0,0
City Hotel,0,214,2016,November,48,20,2,1,2,0.0,0,BB,BEL,Groups,Corporate,0,0,0,A,A,4,No Deposit,,0,Transient,85.0,0,1
City Hotel,0,215,2016,November,48,21,1,1,2,0.0,0,BB,PRT,Groups,Corporate,0,0,0,A,A,1,No Deposit,,0,Transient,85.0,0,0
City Hotel,0,61,2016,November,47,19,2,3,2,0.0,0,BB,ROU,Offline TA/TO,TA/TO,0,0,0,A,A,0,No Deposit,27.0,0,Transient,68.0,0,1
City Hotel,0,215,2016,November,48,21,1,2,2,0.0,0,BB,POL,Groups,Corporate,0,0,0,A,D,2,No Deposit,,0,Transient,91.67,0,0
City Hotel,0,2,2016,November,48,20,2,2,2,0.0,0,BB,SWE,Online TA,TA/TO,0,0,0,A,A,0,No Deposit,9.0,0,Transient,91.38,0,1
City Hotel,0,212,2016,November,48,20,2,2,2,0.0,0,BB,GBR,Online TA,TA/TO,0,0,0,D,D,0,No Deposit,9.0,0,Transient,86.7,0,0
City Hotel,0,55,2016,November,48,23,0,1,2,0.0,0,BB,DEU,Online TA,TA/TO,0,0,0,A,A,0,No Deposit,89.0,0,Transient,74.88,0,0
City Hotel,0,138,2016,November,48,22,0,2,2,0.0,0,SC,ITA,Online TA,TA/TO,0,0,0,A,A,0,No Deposit,9.0,0,Transient,79.2,0,1
City Hotel,0,215,2016,November,48,21,1,2,2,0.0,0,BB,GRC,Groups,Corporate,0,0,0,A,A,2,No Deposit,,0,Transient,85.0,0,0
City Hotel,0,2,2016,November,47,16,2,6,2,0.0,0,BB,CHE,Online TA,TA/TO,0,0,0,A,A,0,No Deposit,9.0,0,Transient,92.54,0,2
City Hotel,0,62,2016,November,48,21,1,2,2,0.0,0,BB,FRA,Offline TA/TO,TA/TO,0,0,0,A,D,0,No Deposit,28.0,0,Transient,75.0,0,0
City Hotel,0,39,2016,November,48,22,0,2,2,0.0,0,SC,ITA,Online TA,TA/TO,0,0,0,A,A,0,No Deposit,9.0,0,Transient,88.0,0,0
City Hotel,0,0,2016,November,48,23,0,1,2,0.0,0,SC,PRT,Direct,Direct,0,0,0,A,A,1,No Deposit,,0,Transient,0.0,0,0
City Hotel,0,214,2016,November,48,20,2,2,2,0.0,0,BB,ITA,Groups,Corporate,0,0,0,A,D,1,No Deposit,,0,Transient,85.0,0,0
City Hotel,0,39,2016,November,48,21,1,2,2,0.0,0,BB,FRA,Offline TA/TO,TA/TO,0,0,0,A,A,0,No Deposit,28.0,0,Transient,72.0,0,0
City Hotel,0,44,2016,November,48,22,0,2,2,0.0,0,BB,BEL,Online TA,TA/TO,0,0,0,A,A,0,No Deposit,9.0,0,Transient,98.8,0,2
City Hotel,0,1,2016,November,48,23,0,1,2,0.0,0,BB,NLD,Online TA,TA/TO,0,0,0,A,A,0,No Deposit,9.0,0,Transient,120.0,0,0
City Hotel,0,18,2016,November,48,20,2,2,2,0.0,0,SC,BRA,Online TA,TA/TO,0,0,0,A,A,0,No Deposit,7.0,0,Transient,61.53,0,1
City Hotel,0,40,2016,November,48,20,2,2,2,0.0,0,SC,BRA,Online TA,TA/TO,0,0,0,A,A,0,No Deposit,7.0,0,Transient,57.6,0,1
City Hotel,0,44,2016,November,48,22,0,2,2,0.0,0,BB,BEL,Online TA,TA/TO,0,0,0,A,A,0,No Deposit,9.0,0,Transient,98.8,0,2
City Hotel,0,188,2016,November,48,21,1,2,2,0.0,0,BB,GBR,Offline TA/TO,TA/TO,0,0,0,A,A,0,No Deposit,83.0,0,Transient,61.88,0,0
City Hotel,0,167,2016,November,47,19,2,3,2,0.0,0,BB,DEU,Online TA,TA/TO,0,0,0,A,A,0,No Deposit,9.0,0,Transient,85.0,0,2
City Hotel,0,55,2016,November,48,22,0,2,2,0.0,0,BB,PRT,Online TA,TA/TO,0,0,0,D,D,0,No Deposit,9.0,0,Transient,102.6,0,1
City Hotel,0,1,2016,November,48,20,2,2,2,0.0,0,BB,IRL,Online TA,TA/TO,0,0,0,A,A,0,No Deposit,9.0,0,Transient,91.38,0,2
City Hotel,0,62,2016,November,48,20,2,2,2,0.0,0,BB,FRA,Offline TA/TO,TA/TO,0,0,0,A,D,0,No Deposit,28.0,0,Transient,75.0,0,0
City Hotel,0,44,2016,November,48,21,1,2,2,0.0,0,SC,FRA,Online TA,TA/TO,0,0,0,A,A,0,No Deposit,9.0,0,Transient,82.13,0,1
City Hotel,0,1,2016,November,48,20,2,2,2,0.0,0,BB,PRT,Online TA,TA/TO,0,0,0,A,A,0,No Deposit,9.0,0,Transient,91.38,0,2
City Hotel,0,69,2016,November,48,25,1,2,2,0.0,0,SC,FRA,Online TA,TA/TO,0,0,0,A,A,0,No Deposit,9.0,0,Transient,74.8,0,1
City Hotel,0,2,2016,November,48,21,1,3,2,0.0,0,HB,FRA,Online TA,TA/TO,0,0,0,A,A,0,No Deposit,9.0,0,Transient,123.68,0,1
City Hotel,0,39,2016,November,48,20,2,3,2,0.0,0,BB,FRA,Online TA,TA/TO,0,0,0,A,A,0,No Deposit,9.0,0,Transient,88.4,0,2
City Hotel,0,4,2016,November,48,21,1,3,2,0.0,0,BB,ESP,Online TA,TA/TO,0,0,0,A,A,1,No Deposit,9.0,0,Transient,87.78,0,0
City Hotel,0,212,2016,November,47,18,2,5,2,0.0,0,BB,IRL,Groups,Corporate,0,0,0,A,F,2,No Deposit,,0,Transient-Party,165.0,0,0
City Hotel,0,1,2016,November,48,24,0,1,2,0.0,0,SC,PRT,Online TA,TA/TO,0,0,0,A,A,0,No Deposit,152.0,0,Transient,65.6,0,0
City Hotel,0,61,2016,November,48,21,1,3,2,0.0,0,HB,FRA,Online TA,TA/TO,0,0,0,A,A,0,No Deposit,8.0,0,Transient,120.7,0,1
City Hotel,0,62,2016,November,48,20,2,3,2,0.0,0,BB,FRA,Offline TA/TO,TA/TO,0,0,0,A,D,0,No Deposit,28.0,0,Transient,75.0,0,0
City Hotel,0,213,2016,November,47,19,2,4,2,0.0,0,BB,MLT,Groups,Corporate,0,0,0,A,D,1,No Deposit,,0,Transient-Party,85.0,0,0
City Hotel,0,62,2016,November,48,21,1,3,2,0.0,0,BB,FRA,Offline TA/TO,TA/TO,0,0,0,A,D,0,No Deposit,28.0,0,Transient,75.0,0,0
City Hotel,0,42,2016,November,48,22,0,3,2,0.0,0,BB,ITA,Offline TA/TO,TA/TO,0,0,0,A,A,0,No Deposit,85.0,0,Transient,72.0,0,0
City Hotel,0,53,2016,November,48,21,1,3,2,0.0,0,BB,ESP,Online TA,TA/TO,0,0,0,A,A,0,No Deposit,9.0,0,Transient,88.4,0,0
City Hotel,0,1,2016,November,48,22,0,3,2,0.0,0,SC,CHN,Online TA,TA/TO,0,0,0,D,E,0,No Deposit,9.0,0,Transient,100.0,0,1
City Hotel,0,8,2016,November,48,24,0,1,2,0.0,0,BB,PRT,Direct,Direct,0,0,0,A,A,1,No Deposit,14.0,0,Transient,98.0,0,2
City Hotel,0,25,2016,November,48,22,0,3,2,0.0,0,BB,IRL,Direct,Direct,0,0,0,A,A,1,No Deposit,14.0,0,Transient,98.0,0,0
City Hotel,0,59,2016,November,48,21,1,3,2,0.0,0,SC,FRA,Online TA,TA/TO,0,0,0,A,A,0,No Deposit,9.0,0,Transient,74.8,0,1
City Hotel,0,6,2016,November,48,24,0,1,2,0.0,0,HB,PRT,Online TA,TA/TO,0,0,0,D,D,0,No Deposit,9.0,0,Transient,152.0,0,0
City Hotel,0,25,2016,November,48,22,0,3,2,0.0,0,BB,IRL,Online TA,TA/TO,0,0,0,A,A,0,No Deposit,7.0,0,Transient,80.08,0,1
City Hotel,0,0,2016,November,48,25,0,0,2,0.0,0,HB,PRT,Offline TA/TO,TA/TO,1,0,0,A,K,0,No Deposit,28.0,0,Transient,0.0,0,0
City Hotel,0,61,2016,November,48,23,0,3,2,0.0,0,BB,FRA,Offline TA/TO,TA/TO,0,0,0,A,D,0,No Deposit,28.0,0,Transient,75.0,0,1
City Hotel,0,109,2016,November,48,21,1,4,2,0.0,0,BB,FRA,Online TA,TA/TO,0,0,0,D,D,0,No Deposit,9.0,0,Transient,97.75,0,2
City Hotel,0,109,2016,November,48,21,1,4,2,0.0,0,BB,FRA,Online TA,TA/TO,0,0,0,D,D,0,No Deposit,9.0,0,Transient,97.75,0,2
City Hotel,0,53,2016,November,48,21,1,4,2,0.0,0,BB,FRA,Online TA,TA/TO,0,0,0,A,A,0,No Deposit,9.0,0,Transient,88.4,0,1
City Hotel,0,47,2016,November,48,21,1,4,2,0.0,0,BB,GBR,Online TA,TA/TO,0,0,0,A,A,0,No Deposit,7.0,0,Transient,68.07,0,1
City Hotel,0,72,2016,November,47,19,2,5,2,0.0,0,BB,IRL,Offline TA/TO,TA/TO,0,0,0,A,A,0,No Deposit,22.0,0,Transient,72.0,0,1
City Hotel,0,2,2016,November,48,22,0,4,2,0.0,0,BB,FRA,Online TA,TA/TO,0,0,0,A,D,0,No Deposit,9.0,0,Transient,97.54,0,1
City Hotel,0,12,2016,November,48,22,0,4,2,0.0,0,SC,FRA,Online TA,TA/TO,0,0,0,A,A,0,No Deposit,9.0,0,Transient,77.78,0,2
City Hotel,0,191,2016,November,48,25,0,1,2,0.0,0,SC,ROU,Online TA,TA/TO,0,0,0,A,E,0,No Deposit,9.0,0,Transient,71.1,0,0
City Hotel,0,79,2016,November,47,19,2,5,2,0.0,0,BB,PRT,Online TA,TA/TO,0,0,0,D,D,0,No Deposit,8.0,0,Transient,91.2,0,2
City Hotel,0,191,2016,November,48,25,0,1,2,0.0,0,SC,ROU,Online TA,TA/TO,0,0,0,A,D,1,No Deposit,9.0,0,Transient,71.1,0,0
City Hotel,0,28,2016,November,48,22,0,4,2,0.0,0,BB,NLD,Direct,Direct,0,0,0,A,A,0,No Deposit,14.0,0,Transient,77.0,0,0
City Hotel,0,17,2016,November,48,23,0,3,2,0.0,0,BB,GBR,Online TA,TA/TO,0,0,0,A,A,0,No Deposit,9.0,0,Transient,104.0,0,2
City Hotel,0,308,2016,November,48,23,0,3,2,0.0,0,BB,NOR,Online TA,TA/TO,0,0,0,A,A,0,No Deposit,9.0,0,Transient-Party,78.3,0,2
City Hotel,0,308,2016,November,48,23,0,3,2,0.0,0,BB,NOR,Online TA,TA/TO,0,0,0,A,A,0,No Deposit,9.0,0,Transient-Party,78.3,0,1
City Hotel,0,308,2016,November,48,23,0,3,2,0.0,0,BB,NOR,Online TA,TA/TO,0,0,0,A,A,0,No Deposit,9.0,0,Transient-Party,78.3,0,2
City Hotel,0,308,2016,November,48,23,0,3,2,0.0,0,BB,NOR,Online TA,TA/TO,0,0,0,A,D,5,No Deposit,9.0,0,Transient-Party,88.0,0,1
City Hotel,0,308,2016,November,48,23,0,3,2,0.0,0,BB,NOR,Online TA,TA/TO,0,0,0,A,A,0,No Deposit,9.0,0,Transient-Party,78.3,0,1
City Hotel,0,9,2016,November,48,25,0,1,2,0.0,0,BB,PRT,Online TA,TA/TO,0,0,0,A,G,0,No Deposit,9.0,0,Transient,111.0,0,0
City Hotel,0,308,2016,November,48,23,0,3,2,0.0,0,BB,NOR,Online TA,TA/TO,0,0,0,A,A,1,No Deposit,9.0,0,Transient-Party,78.3,0,2
City Hotel,0,11,2016,November,48,22,0,4,2,0.0,0,BB,ROU,Direct,Direct,0,0,0,A,A,0,No Deposit,14.0,0,Transient,80.07,0,0
City Hotel,0,308,2016,November,48,23,0,3,2,0.0,0,BB,NOR,Online TA,TA/TO,0,0,0,A,A,0,No Deposit,9.0,0,Transient-Party,78.3,0,2
City Hotel,0,308,2016,November,48,23,0,3,2,0.0,0,SC,NOR,Online TA,TA/TO,0,0,0,A,A,1,No Deposit,9.0,0,Transient-Party,78.3,0,2
City Hotel,0,42,2016,November,48,23,0,3,2,0.0,0,BB,NOR,Online TA,TA/TO,0,0,0,A,A,5,No Deposit,9.0,0,Transient,78.3,0,2
City Hotel,0,308,2016,November,48,23,0,3,2,0.0,0,BB,NOR,Online TA,TA/TO,0,0,0,A,A,0,No Deposit,9.0,0,Transient-Party,78.3,0,1
City Hotel,0,159,2016,November,48,22,0,4,2,0.0,0,BB,SWE,Online TA,TA/TO,0,0,0,A,A,0,No Deposit,9.0,0,Transient,85.0,0,2
City Hotel,0,107,2016,November,48,24,0,2,2,0.0,0,BB,DEU,Online TA,TA/TO,0,0,0,A,A,0,No Deposit,9.0,0,Transient,90.0,0,0
City Hotel,0,1,2016,November,48,24,0,2,2,0.0,0,BB,PRT,Direct,Direct,0,0,0,A,A,1,No Deposit,,0,Transient,105.0,0,0
City Hotel,0,14,2016,November,48,25,0,1,2,0.0,0,BB,PRT,Corporate,Corporate,0,0,0,A,D,0,No Deposit,,0,Transient-Party,76.0,1,0
City Hotel,0,14,2016,November,48,25,0,1,2,0.0,0,BB,PRT,Corporate,Corporate,0,0,0,A,D,0,No Deposit,,0,Transient-Party,76.0,1,0
City Hotel,0,42,2016,November,48,25,0,1,2,0.0,0,BB,PRT,Direct,Direct,0,0,0,E,E,1,No Deposit,14.0,0,Transient,121.88,0,2
City Hotel,0,63,2016,November,48,21,1,4,2,0.0,0,BB,FRA,Online TA,TA/TO,0,0,0,A,A,0,No Deposit,9.0,0,Transient,88.4,0,3
City Hotel,0,58,2016,November,48,23,0,3,2,0.0,0,BB,FRA,Offline TA/TO,TA/TO,0,0,0,A,D,0,No Deposit,28.0,0,Transient,75.0,0,0
City Hotel,0,20,2016,November,48,25,0,1,2,0.0,0,BB,PRT,Online TA,TA/TO,0,0,0,A,B,0,No Deposit,9.0,0,Transient,104.0,0,1
City Hotel,0,55,2016,November,48,25,0,1,2,0.0,0,BB,PRT,Online TA,TA/TO,0,0,0,A,G,0,No Deposit,9.0,0,Transient,93.6,0,1
City Hotel,0,58,2016,November,48,23,0,3,2,0.0,0,BB,FRA,Offline TA/TO,TA/TO,0,0,0,A,D,0,No Deposit,28.0,0,Transient,75.0,0,0
City Hotel,0,19,2016,November,48,25,0,1,2,0.0,0,BB,ITA,Online TA,TA/TO,0,0,0,A,G,0,No Deposit,9.0,0,Transient,104.0,0,2
City Hotel,0,64,2016,November,48,21,1,4,2,0.0,0,BB,FRA,Online TA,TA/TO,0,0,0,A,D,0,No Deposit,9.0,0,Transient,88.4,0,2
City Hotel,0,6,2016,November,48,25,0,1,2,0.0,0,SC,PRT,Online TA,TA/TO,0,0,0,A,A,0,No Deposit,9.0,0,Transient,95.0,0,1
City Hotel,0,72,2016,November,48,24,0,3,2,0.0,0,BB,FRA,Offline TA/TO,TA/TO,0,0,0,A,D,0,No Deposit,28.0,0,Transient,75.0,0,0
City Hotel,0,18,2016,November,48,20,2,5,2,0.0,0,BB,ESP,Offline TA/TO,TA/TO,0,0,0,A,A,0,No Deposit,52.0,0,Transient,68.0,0,0
City Hotel,0,29,2016,November,48,23,0,4,2,0.0,0,BB,FRA,Direct,Direct,0,0,0,A,A,0,No Deposit,14.0,0,Transient,77.0,0,1
City Hotel,0,46,2016,November,48,21,1,5,2,0.0,0,BB,CHE,Offline TA/TO,TA/TO,0,0,0,A,A,0,No Deposit,22.0,0,Transient,72.0,0,0
City Hotel,0,2,2016,November,48,25,0,2,2,0.0,0,SC,FRA,Online TA,TA/TO,0,0,0,A,A,0,No Deposit,9.0,0,Transient,95.0,0,0
City Hotel,0,56,2016,November,48,24,0,3,2,0.0,0,BB,GBR,Direct,Direct,0,0,0,D,D,0,No Deposit,14.0,0,Transient-Party,95.38,0,1
City Hotel,0,56,2016,November,48,24,0,3,2,0.0,0,BB,GBR,Direct,Direct,0,0,0,D,D,0,No Deposit,14.0,0,Transient-Party,95.38,0,1
City Hotel,0,56,2016,November,48,24,0,3,2,0.0,0,BB,GBR,Direct,Direct,0,0,0,D,D,0,No Deposit,14.0,0,Transient-Party,95.38,0,1
City Hotel,0,56,2016,November,48,24,0,3,2,0.0,0,BB,GBR,Direct,Direct,0,0,0,D,D,0,No Deposit,14.0,0,Transient-Party,95.38,0,1
City Hotel,0,56,2016,November,48,24,0,3,2,0.0,0,BB,GBR,Direct,Direct,0,0,0,D,D,0,No Deposit,14.0,0,Transient-Party,95.38,0,1
City Hotel,0,13,2016,November,48,22,0,5,2,0.0,0,BB,IRL,Direct,Direct,0,0,0,A,A,0,No Deposit,14.0,0,Transient,78.23,0,1
City Hotel,0,8,2016,November,48,23,0,4,2,0.0,0,BB,BEL,Online TA,TA/TO,0,0,0,A,A,0,No Deposit,9.0,0,Transient,91.38,0,1
City Hotel,0,58,2016,November,48,23,0,4,2,0.0,0,BB,FRA,Offline TA/TO,TA/TO,0,0,0,A,D,0,No Deposit,28.0,0,Transient,75.0,0,0
City Hotel,0,70,2016,November,48,25,0,2,2,0.0,0,BB,FRA,Offline TA/TO,TA/TO,0,0,0,A,D,0,No Deposit,28.0,0,Transient,75.0,0,0
City Hotel,0,186,2016,November,48,24,0,3,2,0.0,0,BB,GBR,Online TA,TA/TO,0,0,0,A,A,1,No Deposit,15.0,0,Transient,64.56,0,0
City Hotel,0,186,2016,November,48,24,0,3,2,0.0,0,BB,GBR,Online TA,TA/TO,0,0,0,A,A,1,No Deposit,15.0,0,Transient,64.56,0,0
City Hotel,0,107,2016,November,48,25,0,2,2,0.0,0,BB,ESP,Offline TA/TO,TA/TO,0,0,0,A,A,0,No Deposit,28.0,0,Transient,68.0,0,0
City Hotel,0,52,2016,November,48,25,0,2,2,0.0,0,SC,CHE,Online TA,TA/TO,0,0,0,A,A,0,No Deposit,9.0,0,Transient,79.2,0,2
City Hotel,0,1,2016,November,48,26,0,1,2,0.0,0,SC,PRT,Online TA,TA/TO,0,0,0,A,A,0,No Deposit,9.0,0,Transient,95.0,0,0
City Hotel,0,0,2016,November,48,26,0,1,2,0.0,0,BB,PRT,Offline TA/TO,TA/TO,0,0,0,A,A,0,No Deposit,23.0,0,Transient,80.0,0,0
City Hotel,0,0,2016,November,48,24,0,3,2,0.0,0,BB,GBR,Online TA,TA/TO,0,0,0,D,D,0,No Deposit,7.0,0,Transient,74.54,0,0
City Hotel,0,27,2016,November,48,23,0,4,2,0.0,0,BB,ITA,Online TA,TA/TO,0,0,0,A,A,0,No Deposit,7.0,0,Transient,68.07,0,1
City Hotel,0,27,2016,November,48,23,0,4,2,0.0,0,BB,ITA,Online TA,TA/TO,0,0,0,A,A,0,No Deposit,7.0,0,Transient,68.07,0,1
City Hotel,0,80,2016,November,48,24,0,3,2,0.0,0,BB,GBR,Offline TA/TO,TA/TO,0,0,0,A,A,0,No Deposit,168.0,0,Transient,68.0,0,1
City Hotel,0,86,2016,November,48,26,0,1,2,0.0,0,BB,POL,Direct,Direct,0,0,0,A,A,0,No Deposit,14.0,0,Transient,79.2,0,0
City Hotel,0,68,2016,November,48,25,0,2,2,0.0,0,BB,ESP,Online TA,TA/TO,0,0,0,A,A,0,No Deposit,9.0,0,Transient,93.6,0,0
City Hotel,0,68,2016,November,48,25,0,2,2,0.0,0,BB,ESP,Online TA,TA/TO,0,0,0,A,A,0,No Deposit,9.0,0,Transient,93.6,0,0
City Hotel,0,68,2016,November,48,25,0,2,2,0.0,0,BB,ESP,Online TA,TA/TO,0,0,0,A,A,0,No Deposit,9.0,0,Transient,93.6,0,0
City Hotel,0,67,2016,November,48,25,0,2,2,0.0,0,BB,ITA,Offline TA/TO,TA/TO,0,0,0,A,D,0,No Deposit,28.0,0,Transient,75.0,0,0
City Hotel,0,12,2016,November,48,26,0,1,2,0.0,0,BB,PRT,Direct,Direct,0,0,0,A,A,0,No Deposit,14.0,0,Transient,83.13,0,0
City Hotel,0,33,2016,November,48,26,0,1,2,0.0,0,BB,PRT,Online TA,TA/TO,0,0,0,A,B,0,No Deposit,9.0,0,Transient,113.0,0,1
City Hotel,0,12,2016,November,48,26,0,1,2,0.0,0,BB,PRT,Direct,Direct,0,0,0,A,A,0,No Deposit,14.0,0,Transient,83.13,0,0
City Hotel,0,33,2016,November,48,26,0,1,2,0.0,0,BB,PRT,Online TA,TA/TO,0,0,0,A,B,0,No Deposit,9.0,0,Transient,113.0,0,1
City Hotel,0,71,2016,November,48,25,0,2,2,0.0,0,SC,PRT,Online TA,TA/TO,0,0,0,A,A,0,No Deposit,9.0,0,Transient,79.2,0,2
City Hotel,0,58,2016,November,47,19,2,6,2,0.0,0,HB,FRA,Online TA,TA/TO,0,0,0,A,A,0,No Deposit,7.0,0,Transient,88.29,0,1
City Hotel,0,47,2016,November,48,25,0,2,2,0.0,0,BB,GBR,Online TA,TA/TO,0,0,0,A,A,0,No Deposit,9.0,0,Transient,93.6,0,1
City Hotel,0,65,2016,November,48,23,0,4,2,0.0,0,HB,FRA,Offline TA/TO,TA/TO,0,0,0,A,D,0,No Deposit,28.0,0,Transient,105.0,0,0
City Hotel,0,18,2016,November,48,25,0,2,2,0.0,0,SC,ESP,Online TA,TA/TO,0,0,0,A,D,0,No Deposit,9.0,0,Transient,88.0,0,2
City Hotel,0,16,2016,November,48,25,0,2,2,0.0,0,BB,PRT,Offline TA/TO,TA/TO,0,0,0,A,A,0,No Deposit,28.0,0,Transient,89.0,0,0
City Hotel,0,1,2016,November,48,26,0,1,2,0.0,0,BB,PRT,Online TA,TA/TO,0,0,0,A,A,1,No Deposit,9.0,0,Transient,95.0,0,0
City Hotel,0,19,2016,November,48,20,2,5,2,0.0,0,BB,GBR,Online TA,TA/TO,0,0,0,A,A,0,No Deposit,7.0,0,Transient,68.26,0,1
City Hotel,0,47,2016,November,48,25,0,2,2,0.0,0,BB,PRT,Online TA,TA/TO,0,0,0,F,F,1,No Deposit,9.0,0,Transient,156.6,0,2
City Hotel,0,54,2016,November,48,23,0,4,2,0.0,0,BB,HRV,Online TA,TA/TO,0,0,0,A,A,0,No Deposit,9.0,0,Transient,97.4,1,1
City Hotel,0,2,2016,November,48,25,0,2,2,0.0,0,BB,PRT,Offline TA/TO,TA/TO,0,0,0,F,F,0,No Deposit,15.0,0,Transient,144.8,0,0
City Hotel,0,3,2016,November,48,25,0,2,2,0.0,0,BB,PRT,Complementary,Direct,0,0,0,A,D,0,No Deposit,,0,Transient,0.0,0,1
City Hotel,0,21,2016,November,48,26,0,1,2,0.0,0,BB,DEU,Direct,Direct,0,0,0,A,A,3,No Deposit,14.0,0,Transient,107.0,1,0
City Hotel,0,8,2016,November,48,25,0,2,2,0.0,0,BB,PRT,Online TA,TA/TO,0,0,0,A,A,0,No Deposit,9.0,0,Transient,90.0,0,1
City Hotel,0,8,2016,November,48,25,0,2,2,0.0,0,BB,PRT,Online TA,TA/TO,0,0,0,A,A,0,No Deposit,9.0,0,Transient,90.0,0,1
City Hotel,0,55,2016,November,48,24,0,3,2,0.0,0,BB,MAR,Online TA,TA/TO,0,0,0,A,A,0,No Deposit,9.0,0,Transient,93.6,0,3
City Hotel,0,112,2016,November,48,24,0,3,2,0.0,0,BB,GBR,Online TA,TA/TO,0,0,0,A,A,0,No Deposit,8.0,0,Transient,90.0,0,1
City Hotel,0,12,2016,November,48,23,0,4,2,0.0,0,BB,NLD,Online TA,TA/TO,0,0,0,A,A,0,No Deposit,9.0,0,Transient,91.38,0,1
City Hotel,0,66,2016,November,48,24,0,3,2,0.0,0,BB,FRA,Offline TA/TO,TA/TO,0,0,0,A,D,0,No Deposit,28.0,0,Transient,75.0,0,0
City Hotel,0,59,2016,November,48,24,0,3,2,0.0,0,BB,DEU,Online TA,TA/TO,0,0,0,A,A,0,No Deposit,9.0,0,Transient,104.0,0,2
City Hotel,0,42,2016,November,48,25,0,2,2,0.0,0,BB,FRA,Online TA,TA/TO,0,0,0,A,A,0,No Deposit,83.0,0,Transient,74.88,0,0
City Hotel,0,141,2016,November,48,25,0,2,2,0.0,0,BB,NLD,Online TA,TA/TO,0,0,0,A,A,0,No Deposit,9.0,0,Transient,90.0,0,0
City Hotel,0,141,2016,November,48,25,0,2,2,0.0,0,BB,NLD,Online TA,TA/TO,0,0,0,A,A,0,No Deposit,9.0,0,Transient,90.0,0,0
City Hotel,0,132,2016,November,48,25,0,2,2,0.0,0,SC,NLD,Online TA,TA/TO,0,0,0,A,A,0,No Deposit,9.0,0,Transient,79.2,0,0
City Hotel,0,2,2016,November,48,25,0,2,2,0.0,0,SC,PRT,Online TA,TA/TO,0,0,0,A,A,0,No Deposit,9.0,0,Transient,95.0,0,0
City Hotel,0,30,2016,November,48,25,0,2,2,0.0,0,BB,ESP,Offline TA/TO,TA/TO,0,0,0,A,A,0,No Deposit,28.0,0,Transient,81.0,1,0
City Hotel,0,132,2016,November,48,25,0,2,2,0.0,0,BB,NLD,Online TA,TA/TO,0,0,0,F,F,1,No Deposit,9.0,0,Transient,153.0,0,2
City Hotel,0,130,2016,November,48,25,0,2,2,0.0,0,BB,NLD,Online TA,TA/TO,0,0,0,A,A,0,No Deposit,9.0,0,Transient,90.0,0,2
City Hotel,0,81,2016,November,48,25,0,2,2,0.0,0,BB,GBR,Direct,Direct,0,0,0,A,D,0,No Deposit,14.0,0,Transient,79.2,0,0
City Hotel,0,83,2016,November,48,25,0,2,2,0.0,0,BB,DEU,Online TA,TA/TO,0,0,0,A,A,0,No Deposit,9.0,0,Transient,93.6,0,2
City Hotel,0,130,2016,November,48,25,0,2,2,0.0,0,BB,NLD,Online TA,TA/TO,0,0,0,A,A,0,No Deposit,9.0,0,Transient,90.0,0,2
City Hotel,0,52,2016,November,48,23,0,4,2,0.0,0,SC,NLD,Online TA,TA/TO,0,0,0,A,A,0,No Deposit,9.0,0,Transient,74.8,0,1
City Hotel,0,186,2016,November,48,24,0,3,2,0.0,0,BB,GBR,Online TA,TA/TO,0,0,0,A,A,0,No Deposit,15.0,0,Transient,64.56,0,0
City Hotel,0,0,2016,November,49,27,0,0,2,0.0,0,BB,PRT,Offline TA/TO,TA/TO,1,0,0,A,D,0,No Deposit,28.0,0,Transient,0.0,0,0
City Hotel,0,45,2016,November,48,25,1,2,2,0.0,0,BB,BRA,Groups,Direct,0,0,0,A,A,0,No Deposit,,0,Transient-Party,90.0,0,0
City Hotel,0,45,2016,November,48,25,1,2,2,0.0,0,BB,BRA,Groups,Direct,0,0,0,A,A,0,No Deposit,,0,Transient-Party,90.0,0,0
City Hotel,0,22,2016,November,48,24,1,3,2,0.0,0,BB,PRT,Online TA,TA/TO,0,0,0,A,A,0,No Deposit,7.0,0,Transient,68.07,0,1
City Hotel,0,22,2016,November,48,25,1,2,2,0.0,0,BB,PRT,Online TA,TA/TO,0,0,0,A,A,0,No Deposit,89.0,0,Transient,79.2,0,0
City Hotel,0,30,2016,November,48,25,1,2,2,0.0,0,BB,USA,Direct,Direct,0,0,0,D,D,0,No Deposit,14.0,0,Transient,94.5,0,0
City Hotel,0,256,2016,November,49,27,1,0,2,0.0,0,SC,CN,Online TA,TA/TO,0,0,0,A,A,0,No Deposit,9.0,0,Transient,67.5,0,2
City Hotel,0,10,2016,November,48,25,1,2,2,0.0,0,BB,PRT,Online TA,TA/TO,0,0,0,A,C,0,No Deposit,9.0,0,Transient,108.67,0,1
City Hotel,0,45,2016,November,48,24,1,3,2,0.0,0,BB,DNK,Complementary,Direct,0,0,0,A,A,0,No Deposit,,0,Transient,0.0,0,0
City Hotel,0,127,2016,November,48,25,1,2,2,0.0,0,SC,MYS,Online TA,TA/TO,0,0,0,A,A,0,No Deposit,9.0,0,Transient,79.2,0,1
City Hotel,0,59,2016,November,48,25,1,2,2,0.0,0,SC,CHE,Online TA,TA/TO,0,0,0,A,A,0,No Deposit,9.0,0,Transient,79.2,0,1
City Hotel,0,10,2016,November,48,22,1,5,2,0.0,0,BB,ESP,Online TA,TA/TO,0,0,0,A,A,0,No Deposit,9.0,0,Transient,91.38,0,2
City Hotel,0,10,2016,November,48,22,1,5,2,0.0,0,BB,ESP,Online TA,TA/TO,0,0,0,A,A,0,No Deposit,9.0,0,Transient,100.38,0,2
City Hotel,0,23,2016,November,48,25,1,2,2,0.0,0,BB,KOR,Online TA,TA/TO,0,0,0,A,A,2,No Deposit,8.0,0,Transient,104.0,0,1
City Hotel,0,42,2016,November,48,24,1,3,2,0.0,0,BB,DEU,Offline TA/TO,TA/TO,0,0,0,A,A,0,No Deposit,42.0,0,Transient,68.0,0,0
City Hotel,0,40,2016,November,48,26,1,1,2,0.0,0,BB,GBR,Offline TA/TO,TA/TO,0,0,0,A,A,0,No Deposit,168.0,0,Transient,72.0,0,0
City Hotel,0,19,2016,November,48,24,1,3,2,0.0,0,SC,FRA,Online TA,TA/TO,0,0,0,A,A,0,No Deposit,9.0,0,Transient,74.8,0,2
City Hotel,0,7,2016,November,48,24,1,3,2,0.0,0,BB,BRA,Online TA,TA/TO,0,0,0,A,A,0,No Deposit,9.0,0,Transient,98.13,0,2
City Hotel,0,19,2016,November,48,24,1,3,2,0.0,0,SC,FRA,Online TA,TA/TO,0,0,0,A,A,0,No Deposit,9.0,0,Transient,74.8,0,2
City Hotel,0,21,2016,November,48,25,1,2,2,0.0,0,BB,NLD,Online TA,TA/TO,0,0,0,A,D,0,No Deposit,9.0,0,Transient,104.0,0,2
City Hotel,0,22,2016,November,49,27,1,0,2,0.0,0,BB,CHE,Online TA,TA/TO,0,0,0,A,A,0,No Deposit,9.0,0,Transient,104.0,0,1
City Hotel,0,44,2016,November,48,26,1,1,2,0.0,0,BB,PRT,Online TA,TA/TO,0,0,0,A,A,0,No Deposit,9.0,0,Transient,98.8,0,2
City Hotel,0,3,2016,November,48,25,1,2,2,0.0,0,BB,BGR,Direct,Direct,0,0,0,A,A,0,No Deposit,,0,Transient,81.0,0,1
City Hotel,0,45,2016,November,48,25,1,2,2,0.0,0,BB,BRA,Groups,Direct,0,0,0,A,A,0,No Deposit,,0,Transient-Party,90.0,0,0
City Hotel,0,10,2016,November,48,25,1,2,2,0.0,0,BB,FRA,Online TA,TA/TO,0,0,0,A,A,0,No Deposit,9.0,0,Transient,108.67,0,2
City Hotel,0,67,2016,November,48,25,2,2,2,0.0,0,BB,FRA,Offline TA/TO,TA/TO,0,0,0,A,D,0,No Deposit,28.0,0,Transient,75.0,0,0
City Hotel,0,45,2016,November,48,24,2,3,2,0.0,0,BB,FRA,Online TA,TA/TO,0,0,0,D,D,0,No Deposit,9.0,0,Transient,96.9,0,2
City Hotel,0,45,2016,November,48,24,2,3,2,0.0,0,BB,FRA,Online TA,TA/TO,0,0,0,D,D,0,No Deposit,9.0,0,Transient,96.9,0,2
City Hotel,0,45,2016,November,48,24,2,3,2,0.0,0,BB,FRA,Online TA,TA/TO,0,0,0,D,D,0,No Deposit,9.0,0,Transient,96.9,0,2
City Hotel,0,55,2016,November,48,24,2,3,2,0.0,0,BB,BRA,Online TA,TA/TO,0,0,0,A,A,1,No Deposit,7.0,0,Transient,68.07,0,1
City Hotel,0,55,2016,November,48,24,2,3,2,0.0,0,BB,BRA,Online TA,TA/TO,0,0,0,A,A,1,No Deposit,7.0,0,Transient,68.07,1,1
City Hotel,0,18,2016,November,49,28,1,0,2,0.0,0,SC,CHE,Online TA,TA/TO,0,0,0,A,A,0,No Deposit,9.0,0,Transient,88.0,0,2
City Hotel,0,49,2016,November,48,24,2,3,2,0.0,0,HB,AUT,Online TA,TA/TO,0,0,0,D,D,0,No Deposit,9.0,0,Transient,129.2,0,1
City Hotel,0,23,2016,November,48,25,2,2,2,0.0,0,SC,PRT,Online TA,TA/TO,0,0,0,A,A,0,No Deposit,7.0,0,Transient,57.59,0,2
City Hotel,0,53,2016,November,48,25,2,2,2,0.0,0,BB,DEU,Offline TA/TO,TA/TO,0,0,0,A,A,0,No Deposit,27.0,0,Transient,72.0,0,0
City Hotel,0,30,2016,November,48,26,2,1,2,0.0,0,SC,FRA,Online TA,TA/TO,0,0,0,A,A,0,No Deposit,7.0,0,Transient,73.37,0,1
City Hotel,0,0,2016,November,49,28,1,0,2,0.0,0,BB,PRT,Direct,Direct,0,0,0,A,A,0,No Deposit,,0,Transient,98.0,0,0
City Hotel,0,65,2016,November,48,26,2,1,2,0.0,0,SC,ITA,Online TA,TA/TO,0,0,0,A,A,0,No Deposit,9.0,0,Transient,79.2,0,1
City Hotel,0,36,2016,November,48,26,2,1,2,0.0,0,BB,FRA,Offline TA/TO,TA/TO,0,0,0,A,A,0,No Deposit,28.0,0,Transient,72.0,0,0
City Hotel,0,101,2016,November,48,26,2,1,2,0.0,0,BB,ROU,Online TA,TA/TO,0,0,0,A,A,0,No Deposit,9.0,0,Transient,90.0,0,2
City Hotel,0,0,2016,November,48,25,2,2,2,0.0,0,BB,CHN,Direct,Direct,0,0,0,E,E,1,No Deposit,,0,Transient,131.5,0,1
City Hotel,0,67,2016,November,48,25,2,2,2,0.0,0,BB,FRA,Offline TA/TO,TA/TO,0,0,0,A,D,0,No Deposit,28.0,0,Transient,75.0,0,0
City Hotel,0,60,2016,November,48,25,2,2,2,0.0,0,BB,FRA,Offline TA/TO,TA/TO,0,0,0,A,D,0,No Deposit,28.0,0,Transient,75.0,0,0
City Hotel,0,23,2016,November,48,24,2,3,2,0.0,0,BB,GBR,Online TA,TA/TO,0,0,0,A,A,0,No Deposit,7.0,0,Transient,68.07,0,1
City Hotel,0,31,2016,November,48,25,2,2,2,0.0,0,SC,GBR,Online TA,TA/TO,0,0,0,A,A,0,No Deposit,7.0,0,Transient,57.59,0,1
City Hotel,0,61,2016,November,48,26,2,1,2,0.0,0,BB,ESP,Offline TA/TO,TA/TO,0,0,0,A,D,0,No Deposit,28.0,0,Transient,75.0,0,0
City Hotel,0,3,2016,November,48,26,2,1,2,0.0,0,BB,FRA,Direct,Direct,0,0,0,D,D,0,No Deposit,14.0,0,Transient,130.33,0,2
City Hotel,0,1,2016,November,49,28,1,0,2,0.0,0,SC,FRA,Online TA,TA/TO,0,0,0,A,A,0,No Deposit,9.0,0,Transient,97.0,1,1
City Hotel,0,59,2016,November,48,26,2,1,2,0.0,0,BB,NLD,Online TA,TA/TO,0,0,0,A,A,0,No Deposit,9.0,0,Transient,93.6,0,1
City Hotel,0,38,2016,November,48,26,2,1,2,0.0,0,HB,CHE,Online TA,TA/TO,0,0,0,A,A,0,No Deposit,7.0,0,Transient,103.87,0,1
City Hotel,0,31,2016,November,49,27,2,0,2,0.0,0,SC,FRA,Online TA,TA/TO,0,0,0,A,A,0,No Deposit,9.0,0,Transient,88.0,0,1
City Hotel,0,130,2016,November,48,26,2,1,2,0.0,0,BB,PRT,Offline TA/TO,TA/TO,0,0,0,A,A,0,No Deposit,132.0,0,Transient,68.0,0,0
City Hotel,0,60,2016,November,48,25,2,2,2,0.0,0,BB,FRA,Offline TA/TO,TA/TO,0,0,0,A,D,0,No Deposit,28.0,0,Transient,75.0,0,0
City Hotel,0,0,2016,November,49,28,1,1,2,0.0,0,BB,PRT,Complementary,Direct,0,0,0,A,D,0,No Deposit,,0,Transient,4.5,0,0
City Hotel,0,73,2016,November,49,27,2,1,2,0.0,0,BB,FRA,Offline TA/TO,TA/TO,0,0,0,A,A,0,No Deposit,28.0,0,Transient,75.0,0,0
City Hotel,0,35,2016,November,49,28,1,1,2,0.0,0,BB,DEU,Groups,TA/TO,0,0,0,A,A,0,No Deposit,,0,Transient-Party,75.0,0,1
City Hotel,0,45,2016,November,49,28,1,1,2,0.0,0,BB,ITA,Direct,Direct,0,0,0,D,A,0,No Deposit,14.0,10,Transient-Party,80.0,0,0
City Hotel,0,133,2016,November,48,26,2,2,2,0.0,0,HB,ESP,Online TA,TA/TO,0,0,0,A,A,0,No Deposit,9.0,0,Transient,117.3,0,2
City Hotel,0,118,2016,November,48,25,2,3,2,0.0,0,BB,BRA,Online TA,TA/TO,0,0,0,A,A,0,No Deposit,9.0,0,Transient,85.0,0,2
City Hotel,0,35,2016,November,49,28,1,1,2,0.0,0,BB,ITA,Groups,TA/TO,0,0,0,A,A,0,No Deposit,,0,Transient-Party,75.0,0,0
City Hotel,0,19,2017,June,26,26,1,1,2,0.0,0,BB,FRA,Corporate,Corporate,1,0,2,D,D,2,No Deposit,,0,Transient,150.0,0,0
City Hotel,0,38,2016,November,49,28,1,1,2,0.0,0,BB,PRT,Complementary,Direct,0,0,0,A,A,0,No Deposit,,0,Transient,0.0,0,1
City Hotel,0,19,2016,November,48,26,2,2,2,0.0,0,SC,PRT,Online TA,TA/TO,0,0,0,A,A,0,No Deposit,7.0,0,Transient,57.59,0,1
City Hotel,0,0,2016,November,49,27,2,1,2,0.0,0,BB,ITA,Online TA,TA/TO,0,0,0,A,A,0,No Deposit,9.0,0,Transient,106.33,0,0
City Hotel,0,34,2016,November,49,27,2,1,2,0.0,0,BB,PRT,Groups,TA/TO,0,0,0,A,D,1,No Deposit,,0,Transient-Party,75.0,0,0
City Hotel,0,40,2016,November,48,26,2,2,2,0.0,0,BB,DEU,Offline TA/TO,TA/TO,0,0,0,A,A,0,No Deposit,22.0,0,Transient,68.0,0,0
City Hotel,0,66,2016,November,48,25,2,3,2,0.0,0,BB,SWE,Online TA,TA/TO,0,0,0,A,A,0,No Deposit,9.0,0,Transient,88.4,0,3
City Hotel,0,4,2016,November,48,26,2,2,2,0.0,0,BB,PRT,Online TA,TA/TO,0,0,0,D,D,0,No Deposit,7.0,0,Transient,75.51,0,0
City Hotel,0,123,2016,November,49,28,1,1,2,0.0,0,BB,ITA,Online TA,TA/TO,0,0,0,A,A,0,No Deposit,9.0,0,Transient,90.0,0,3
City Hotel,0,6,2016,November,49,27,2,1,2,0.0,0,BB,CN,Online TA,TA/TO,0,0,0,A,A,0,No Deposit,9.0,0,Transient,106.33,0,1
City Hotel,0,1,2016,November,48,25,2,3,2,0.0,0,BB,PRT,Online TA,TA/TO,0,0,0,A,A,0,No Deposit,7.0,0,Transient,70.82,0,0
City Hotel,0,30,2016,November,48,26,2,2,2,0.0,0,SC,GBR,Online TA,TA/TO,0,0,0,A,A,0,No Deposit,9.0,0,Transient,74.8,0,3
City Hotel,0,132,2016,November,48,26,2,2,2,0.0,0,BB,PRT,Direct,Direct,0,0,0,A,A,0,No Deposit,14.0,0,Transient,79.2,0,0
City Hotel,0,2,2016,November,48,26,2,3,2,0.0,0,BB,FRA,Online TA,TA/TO,0,0,0,A,A,0,No Deposit,9.0,0,Transient,90.78,0,0
City Hotel,0,41,2016,November,49,27,2,2,2,0.0,0,BB,FRA,Offline TA/TO,TA/TO,0,0,0,A,A,0,No Deposit,28.0,0,Transient,68.0,0,0
City Hotel,0,2,2016,November,49,27,2,2,2,0.0,0,BB,TUR,Online TA,TA/TO,0,0,0,A,A,0,No Deposit,9.0,0,Transient,89.89,0,1
City Hotel,0,34,2016,November,49,27,2,2,2,0.0,0,BB,FIN,Direct,Direct,0,0,0,D,D,1,No Deposit,14.0,0,Transient-Party,80.0,0,0
City Hotel,0,14,2016,November,49,28,1,2,2,0.0,0,BB,FRA,Offline TA/TO,TA/TO,0,0,0,A,A,0,No Deposit,28.0,0,Transient,80.0,0,0
City Hotel,0,38,2016,November,48,26,2,3,2,0.0,0,BB,PRT,Direct,Direct,0,0,0,A,A,1,No Deposit,14.0,0,Transient,98.0,0,0
City Hotel,0,154,2016,November,49,30,0,1,2,0.0,0,BB,LUX,Offline TA/TO,TA/TO,0,0,0,A,A,0,No Deposit,16.0,0,Transient,68.0,0,0
City Hotel,0,141,2016,November,49,27,2,2,2,0.0,0,BB,CHE,Online TA,TA/TO,0,0,0,A,A,0,No Deposit,9.0,0,Transient,85.0,0,0
City Hotel,0,0,2016,November,49,30,0,1,2,0.0,0,BB,PRT,Corporate,Corporate,0,0,0,A,D,0,No Deposit,,0,Transient,73.0,0,1
City Hotel,0,0,2017,January,2,13,0,1,2,0.0,0,BB,PRT,Corporate,Corporate,1,0,1,A,D,0,No Deposit,,0,Transient,75.0,0,1
City Hotel,0,0,2016,November,49,30,0,1,2,0.0,0,BB,PRT,Corporate,Corporate,0,0,0,A,D,0,No Deposit,,0,Transient,73.0,0,1
City Hotel,0,5,2016,November,49,27,2,2,2,0.0,0,BB,FRA,Online TA,TA/TO,0,0,0,A,A,0,No Deposit,9.0,0,Transient,89.89,0,1
City Hotel,0,0,2016,November,48,26,2,3,2,0.0,0,BB,USA,Direct,Direct,0,0,0,F,F,1,No Deposit,,0,Transient,169.75,0,0
City Hotel,0,21,2016,November,49,30,0,2,2,0.0,0,BB,POL,Groups,Direct,0,0,0,A,A,0,No Deposit,,0,Transient-Party,81.0,0,0
City Hotel,0,21,2016,November,49,30,0,2,2,0.0,0,BB,POL,Groups,Direct,0,0,0,A,A,0,No Deposit,,0,Transient-Party,81.0,0,0
City Hotel,0,21,2016,November,49,30,0,2,2,0.0,0,BB,POL,Groups,Direct,0,0,0,A,A,0,No Deposit,,0,Transient-Party,81.0,0,0
City Hotel,0,15,2016,November,49,30,0,2,2,0.0,0,BB,POL,Groups,Direct,0,0,0,A,A,0,No Deposit,,0,Transient-Party,81.0,0,0
City Hotel,0,21,2016,November,49,30,0,2,2,0.0,0,BB,POL,Groups,Direct,0,0,0,A,A,0,No Deposit,,0,Transient-Party,81.0,0,0
City Hotel,0,35,2016,November,49,28,1,3,2,0.0,0,BB,MNE,Direct,Direct,0,0,0,A,A,0,No Deposit,14.0,0,Transient-Party,75.0,0,0
City Hotel,0,5,2016,November,49,30,0,2,2,0.0,0,BB,FRA,Direct,Direct,0,0,0,A,A,0,No Deposit,14.0,0,Transient,77.0,0,0
City Hotel,0,57,2016,December,49,1,0,1,2,0.0,0,SC,BRA,Online TA,TA/TO,0,0,0,A,A,0,No Deposit,9.0,0,Transient,79.2,0,2
City Hotel,0,51,2016,November,49,27,2,3,2,0.0,0,BB,GBR,Online TA,TA/TO,0,0,0,D,D,0,No Deposit,8.0,0,Transient,96.9,0,1
City Hotel,0,63,2016,November,49,28,1,3,2,0.0,0,BB,FRA,Offline TA/TO,TA/TO,0,0,0,A,A,0,No Deposit,28.0,0,Transient,75.0,0,0
City Hotel,0,45,2016,November,49,30,0,2,2,0.0,0,BB,PRT,Online TA,TA/TO,0,0,0,A,A,0,No Deposit,8.0,0,Transient,98.1,0,1
City Hotel,0,45,2016,November,49,28,1,3,2,0.0,0,BB,FRA,Online TA,TA/TO,0,0,0,A,A,0,No Deposit,9.0,0,Transient,88.4,0,0
City Hotel,0,4,2016,November,49,29,0,3,2,0.0,0,HB,ITA,Direct,Direct,0,0,0,A,A,1,No Deposit,14.0,0,Transient,138.33,0,0
City Hotel,0,15,2016,November,49,29,0,3,2,0.0,0,BB,CZE,Online TA,TA/TO,0,0,0,A,A,0,No Deposit,9.0,0,Transient,106.33,0,2
City Hotel,0,4,2016,December,49,1,0,1,2,0.0,0,SC,PRT,Online TA,TA/TO,0,0,0,A,A,0,No Deposit,9.0,0,Transient,88.0,0,0
City Hotel,0,34,2016,November,49,27,2,3,2,0.0,0,BB,FRA,Groups,TA/TO,0,0,0,A,D,1,No Deposit,,0,Transient-Party,75.0,0,0
City Hotel,0,31,2016,November,49,27,2,3,2,0.0,0,BB,GBR,Online TA,TA/TO,0,0,0,A,A,1,No Deposit,7.0,0,Transient,66.71,0,1
City Hotel,0,7,2016,November,49,27,2,3,2,0.0,0,BB,FRA,Online TA,TA/TO,0,0,0,A,A,0,No Deposit,9.0,0,Transient,89.59,0,1
City Hotel,0,0,2016,November,49,30,0,2,2,0.0,0,BB,CHN,Online TA,TA/TO,0,0,0,D,B,0,No Deposit,9.0,0,Transient-Party,63.2,0,0
City Hotel,0,18,2016,November,49,30,0,2,2,0.0,0,BB,MYS,Online TA,TA/TO,0,0,0,D,B,1,No Deposit,9.0,0,Transient-Party,154.0,0,0
City Hotel,0,59,2016,November,49,28,1,3,2,0.0,0,BB,RUS,Online TA,TA/TO,0,0,0,A,A,0,No Deposit,9.0,0,Transient,88.4,0,1
City Hotel,0,4,2016,November,49,30,0,2,2,0.0,0,BB,BRA,Groups,Direct,0,0,0,A,A,0,No Deposit,,0,Transient-Party,90.0,0,0
City Hotel,0,36,2016,November,49,28,1,3,2,0.0,0,BB,POL,Online TA,TA/TO,0,0,0,A,A,0,No Deposit,9.0,0,Transient,88.4,0,2
City Hotel,0,9,2016,November,49,30,0,2,2,0.0,0,BB,BRA,Groups,Direct,0,0,0,A,A,0,No Deposit,,0,Transient-Party,90.0,0,0
City Hotel,0,9,2016,November,49,30,0,2,2,0.0,0,BB,BRA,Groups,Direct,0,0,0,A,A,0,No Deposit,,0,Transient-Party,90.0,0,0
City Hotel,0,42,2016,November,49,29,0,3,2,0.0,0,BB,DEU,Online TA,TA/TO,0,0,0,A,D,0,No Deposit,9.0,0,Transient,104.0,0,2
City Hotel,0,12,2016,November,49,30,0,3,2,0.0,0,SC,FRA,Online TA,TA/TO,0,0,0,A,A,0,No Deposit,9.0,0,Transient,88.0,0,2
City Hotel,0,4,2016,November,49,27,2,4,2,0.0,0,BB,AGO,Online TA,TA/TO,0,0,0,A,A,3,No Deposit,9.0,0,Transient,80.79,0,1
City Hotel,0,41,2016,December,49,2,0,1,2,0.0,0,SC,POL,Online TA,TA/TO,0,0,0,A,D,0,No Deposit,9.0,0,Transient,88.0,0,1
City Hotel,0,6,2016,November,49,27,2,4,2,0.0,0,BB,FRA,Offline TA/TO,TA/TO,0,0,0,A,A,0,No Deposit,28.0,0,Transient,68.0,0,0
City Hotel,0,125,2016,December,49,2,0,1,2,0.0,0,BB,DEU,Online TA,TA/TO,0,0,0,A,D,0,No Deposit,9.0,0,Transient,90.0,0,0
City Hotel,0,161,2016,November,49,28,1,4,2,0.0,0,BB,ARG,Online TA,TA/TO,0,0,0,A,A,0,No Deposit,9.0,0,Transient,94.0,1,3
City Hotel,0,235,2016,November,49,29,0,4,2,0.0,0,BB,ROU,Online TA,TA/TO,0,0,0,A,A,0,No Deposit,9.0,0,Transient,73.95,0,1
City Hotel,0,30,2016,November,49,29,0,4,2,0.0,0,SC,ESP,Online TA,TA/TO,0,0,0,A,A,0,No Deposit,9.0,0,Transient,83.8,0,1
City Hotel,0,30,2016,December,49,3,0,1,2,0.0,0,BB,PRT,Corporate,TA/TO,0,0,0,A,A,0,No Deposit,,0,Transient-Party,85.0,0,0
City Hotel,0,2,2016,December,49,1,0,2,2,0.0,0,HB,PRT,Online TA,TA/TO,0,0,0,A,F,0,No Deposit,9.0,0,Transient,142.0,0,2
City Hotel,0,30,2016,November,49,29,0,4,2,0.0,0,SC,NLD,Online TA,TA/TO,0,0,0,A,A,0,No Deposit,9.0,0,Transient,74.8,0,1
City Hotel,0,53,2016,November,49,29,0,4,2,0.0,0,BB,ROU,Online TA,TA/TO,0,0,0,B,A,2,No Deposit,9.0,0,Transient,77.86,0,2
City Hotel,0,73,2016,December,49,3,0,1,2,0.0,0,SC,USA,Online TA,TA/TO,0,0,0,A,D,0,No Deposit,7.0,0,Transient,60.98,0,1
City Hotel,0,18,2016,November,49,27,2,5,2,0.0,0,BB,GBR,Offline TA/TO,TA/TO,0,0,0,A,A,0,No Deposit,28.0,0,Transient,68.0,0,0
City Hotel,0,73,2016,December,49,1,0,3,2,0.0,0,BB,FRA,Offline TA/TO,TA/TO,0,0,0,A,D,0,No Deposit,28.0,0,Transient,75.0,0,0
City Hotel,0,8,2016,December,49,1,0,3,2,0.0,0,BB,DNK,Online TA,TA/TO,0,0,0,D,D,0,No Deposit,9.0,0,Transient,116.33,0,1
City Hotel,0,3,2016,December,49,2,0,2,2,0.0,0,BB,USA,Online TA,TA/TO,0,0,0,D,D,0,No Deposit,9.0,0,Transient,117.5,0,2
City Hotel,0,313,2016,December,49,1,0,3,2,0.0,0,BB,GBR,Online TA,TA/TO,0,0,0,D,D,0,No Deposit,9.0,0,Transient-Party,91.8,0,1
City Hotel,0,59,2016,December,49,2,0,2,2,0.0,0,BB,POL,Online TA,TA/TO,0,0,0,A,A,0,No Deposit,9.0,0,Transient,93.6,0,2
City Hotel,0,313,2016,December,49,1,0,3,2,0.0,0,BB,GBR,Online TA,TA/TO,0,0,0,D,D,0,No Deposit,9.0,0,Transient-Party,91.8,0,1
City Hotel,0,313,2016,December,49,1,0,3,2,0.0,0,BB,GBR,Online TA,TA/TO,0,0,0,D,D,0,No Deposit,9.0,0,Transient,91.8,0,1
City Hotel,0,81,2016,December,49,2,0,2,2,0.0,0,SC,CHE,Online TA,TA/TO,0,0,0,A,A,0,No Deposit,83.0,0,Transient,59.84,0,0
City Hotel,0,29,2016,December,49,2,0,2,2,0.0,0,BB,GRC,Corporate,TA/TO,0,0,0,A,A,0,No Deposit,,0,Transient-Party,85.0,0,0
City Hotel,0,43,2016,December,49,2,0,2,2,0.0,0,BB,FRA,Offline TA/TO,TA/TO,0,0,0,A,A,0,No Deposit,85.0,0,Transient,72.0,0,1
City Hotel,0,0,2016,December,49,2,0,2,2,0.0,0,BB,PRT,Complementary,Direct,0,0,0,A,A,0,No Deposit,,0,Transient,0.0,0,0
City Hotel,0,29,2016,December,49,2,0,2,2,0.0,0,BB,PRT,Corporate,TA/TO,0,0,0,A,A,0,No Deposit,,0,Transient-Party,85.0,0,0
City Hotel,0,29,2016,December,49,2,0,2,2,0.0,0,BB,DEU,Corporate,TA/TO,0,0,0,A,D,6,No Deposit,,0,Transient-Party,85.0,0,1
City Hotel,0,45,2016,December,49,2,0,2,2,0.0,0,BB,FRA,Online TA,TA/TO,0,0,0,A,A,0,No Deposit,9.0,0,Transient,93.6,0,1
City Hotel,0,28,2016,November,49,28,1,5,2,0.0,0,BB,DEU,Online TA,TA/TO,0,0,0,A,A,0,No Deposit,9.0,0,Transient,88.4,0,2
City Hotel,0,80,2016,December,49,2,0,2,2,0.0,0,SC,GBR,Online TA,TA/TO,0,0,0,A,A,0,No Deposit,9.0,0,Transient,88.0,0,1
City Hotel,0,74,2016,December,49,2,0,2,2,0.0,0,BB,ESP,Offline TA/TO,TA/TO,0,0,0,A,D,0,No Deposit,28.0,0,Transient,75.0,0,0
City Hotel,0,32,2016,December,49,2,0,2,2,0.0,0,SC,DEU,Online TA,TA/TO,0,0,0,A,D,0,No Deposit,9.0,0,Transient,88.0,0,2
City Hotel,0,41,2016,December,49,1,0,3,2,0.0,0,SC,GBR,Online TA,TA/TO,0,0,0,A,A,0,No Deposit,89.0,0,Transient,66.88,0,0
City Hotel,0,205,2016,December,49,1,0,3,2,0.0,0,BB,DNK,Offline TA/TO,TA/TO,0,0,0,D,D,0,No Deposit,83.0,0,Transient,69.36,0,0
City Hotel,0,37,2016,December,49,1,0,3,2,0.0,0,BB,DNK,Offline TA/TO,TA/TO,0,0,0,A,A,0,No Deposit,138.0,0,Transient,72.0,0,0
City Hotel,0,113,2016,November,49,27,2,5,2,0.0,0,BB,DEU,Online TA,TA/TO,0,0,0,A,A,0,No Deposit,9.0,0,Transient,85.0,0,2
City Hotel,0,70,2016,December,49,2,0,2,2,0.0,0,BB,FRA,Offline TA/TO,TA/TO,0,0,0,A,A,0,No Deposit,28.0,0,Transient,75.0,0,0
City Hotel,0,29,2016,December,49,2,0,2,2,0.0,0,BB,PRT,Corporate,TA/TO,0,0,0,A,A,0,No Deposit,,0,Transient-Party,85.0,0,0
City Hotel,0,9,2016,December,49,3,0,1,2,0.0,0,BB,PRT,Offline TA/TO,TA/TO,0,0,0,A,D,0,No Deposit,85.0,0,Transient,89.0,0,0
City Hotel,0,232,2016,December,49,1,0,3,2,0.0,0,BB,GBR,Online TA,TA/TO,0,0,0,D,D,0,No Deposit,9.0,0,Transient,91.8,0,2
City Hotel,0,51,2016,December,49,3,0,1,2,0.0,0,BB,PRT,Direct,Direct,0,0,0,A,B,0,No Deposit,14.0,0,Transient,79.2,0,1
City Hotel,0,23,2016,December,49,3,0,1,2,0.0,0,BB,PRT,Direct,Direct,0,0,0,A,B,0,No Deposit,14.0,0,Transient,79.2,0,1
City Hotel,0,29,2016,December,49,2,0,2,2,0.0,0,BB,PRT,Corporate,TA/TO,0,0,0,A,D,3,No Deposit,,0,Transient-Party,85.0,0,1
City Hotel,0,29,2016,December,49,2,0,2,2,0.0,0,BB,PRT,Corporate,TA/TO,0,0,0,A,A,0,No Deposit,,0,Transient-Party,85.0,0,0
City Hotel,0,29,2016,December,49,2,0,2,2,0.0,0,BB,PRT,Corporate,TA/TO,0,0,0,A,A,0,No Deposit,,0,Transient-Party,85.0,0,0
City Hotel,0,29,2016,December,49,2,0,2,2,0.0,0,BB,PRT,Corporate,TA/TO,0,0,0,A,A,0,No Deposit,,0,Transient-Party,85.0,0,0
City Hotel,0,37,2016,December,49,2,0,2,2,0.0,0,SC,FRA,Online TA,TA/TO,0,0,0,A,D,0,No Deposit,9.0,0,Transient,88.0,0,2
City Hotel,0,29,2016,December,49,2,0,2,2,0.0,0,BB,PRT,Corporate,TA/TO,0,0,0,A,A,0,No Deposit,,0,Transient-Party,85.0,0,0
City Hotel,0,29,2016,December,49,2,0,2,2,0.0,0,BB,PRT,Corporate,TA/TO,0,0,0,A,A,0,No Deposit,,0,Transient-Party,85.0,0,0
City Hotel,0,29,2016,December,49,2,0,2,2,0.0,0,BB,PRT,Corporate,TA/TO,0,0,0,A,A,0,No Deposit,,0,Transient-Party,85.0,0,0
City Hotel,0,29,2016,December,49,2,0,2,2,0.0,0,BB,PRT,Corporate,TA/TO,0,0,0,A,A,0,No Deposit,,0,Transient-Party,85.0,0,0
City Hotel,0,29,2016,December,49,2,0,2,2,0.0,0,BB,PRT,Corporate,TA/TO,0,0,0,A,A,0,No Deposit,,0,Transient-Party,85.0,0,0
City Hotel,0,29,2016,December,49,2,0,2,2,0.0,0,BB,PRT,Corporate,TA/TO,0,0,0,A,A,0,No Deposit,,0,Transient-Party,85.0,0,0
City Hotel,0,29,2016,December,49,2,0,2,2,0.0,0,BB,PRT,Corporate,TA/TO,0,0,0,A,A,0,No Deposit,,0,Transient-Party,85.0,0,0
City Hotel,0,50,2016,December,49,1,0,3,2,0.0,0,BB,ITA,Direct,Direct,0,0,0,D,E,2,No Deposit,14.0,0,Transient,101.1,0,3
City Hotel,0,29,2016,December,49,2,0,2,2,0.0,0,BB,PRT,Corporate,TA/TO,0,0,0,A,A,0,No Deposit,,0,Transient-Party,85.0,0,0
City Hotel,0,69,2016,December,49,1,0,3,2,0.0,0,BB,FRA,Offline TA/TO,TA/TO,0,0,0,A,D,0,No Deposit,28.0,0,Transient,75.0,0,1
City Hotel,0,34,2016,November,49,27,2,5,2,0.0,0,BB,NLD,Online TA,TA/TO,0,0,0,A,A,1,No Deposit,7.0,0,Transient,68.45,0,1
City Hotel,0,29,2016,December,49,2,0,2,2,0.0,0,BB,PRT,Corporate,TA/TO,0,0,0,A,A,0,No Deposit,,0,Transient-Party,85.0,0,0
City Hotel,0,29,2016,December,49,2,0,2,2,0.0,0,BB,PRT,Corporate,TA/TO,0,0,0,A,A,3,No Deposit,,0,Transient-Party,85.0,0,2
City Hotel,0,0,2016,December,49,3,0,1,2,0.0,0,SC,ESP,Online TA,TA/TO,0,0,0,A,A,0,No Deposit,9.0,0,Transient,114.0,0,0
City Hotel,0,61,2016,December,49,2,0,2,2,0.0,0,BB,FRA,Online TA,TA/TO,0,0,0,D,D,0,No Deposit,9.0,0,Transient,102.6,0,2
City Hotel,0,232,2016,December,49,1,0,3,2,0.0,0,BB,GBR,Online TA,TA/TO,0,0,0,D,D,0,No Deposit,9.0,0,Transient,91.8,0,2
City Hotel,0,29,2016,November,49,29,0,5,2,0.0,0,BB,ITA,Online TA,TA/TO,0,0,0,A,A,0,No Deposit,9.0,0,Transient,88.4,0,2
City Hotel,0,29,2016,December,49,2,0,2,2,0.0,0,BB,PRT,Corporate,TA/TO,0,0,0,A,A,0,No Deposit,,0,Transient-Party,85.0,0,0
City Hotel,0,29,2016,December,49,2,0,2,2,0.0,0,BB,PRT,Corporate,TA/TO,0,0,0,A,A,0,No Deposit,,0,Transient-Party,85.0,0,0
City Hotel,0,16,2016,December,49,2,0,2,2,0.0,0,SC,DEU,Online TA,TA/TO,0,0,0,A,D,0,No Deposit,9.0,0,Transient,91.5,0,1
City Hotel,0,29,2016,December,49,2,0,2,2,0.0,0,BB,FRA,Corporate,TA/TO,0,0,0,A,D,3,No Deposit,,0,Transient-Party,85.0,0,1
City Hotel,0,15,2016,December,49,1,0,3,2,0.0,0,BB,ESP,Direct,Direct,0,0,0,A,D,0,No Deposit,14.0,0,Transient,129.33,1,2
City Hotel,0,38,2016,December,49,2,0,2,2,0.0,0,BB,PRT,Corporate,TA/TO,0,0,0,A,A,0,No Deposit,,9,Transient-Party,85.0,0,0
City Hotel,0,41,2016,December,49,1,0,3,2,0.0,0,SC,GBR,Online TA,TA/TO,0,0,0,A,A,0,No Deposit,89.0,0,Transient,66.88,0,0
City Hotel,0,67,2016,December,49,2,1,2,2,0.0,0,BB,FRA,Offline TA/TO,TA/TO,0,0,0,A,D,0,No Deposit,28.0,0,Transient,75.0,0,0
City Hotel,0,67,2016,December,49,2,1,2,2,0.0,0,BB,FRA,Offline TA/TO,TA/TO,0,0,0,A,D,0,No Deposit,28.0,0,Transient,75.0,0,0
City Hotel,0,75,2016,December,49,3,1,1,2,0.0,0,BB,FRA,Offline TA/TO,TA/TO,0,0,0,A,A,0,No Deposit,28.0,0,Transient,75.0,0,0
City Hotel,0,29,2016,December,49,1,1,3,2,0.0,0,BB,FRA,Online TA,TA/TO,0,0,0,A,A,0,No Deposit,7.0,0,Transient,64.67,0,1
City Hotel,0,67,2016,December,49,2,1,2,2,0.0,0,BB,FRA,Offline TA/TO,TA/TO,0,0,0,A,D,0,No Deposit,28.0,0,Transient,75.0,0,0
City Hotel,0,71,2016,December,49,2,1,2,2,0.0,0,BB,FRA,Offline TA/TO,TA/TO,0,0,0,A,D,0,No Deposit,28.0,0,Transient,75.0,0,0
City Hotel,0,195,2016,December,49,1,1,3,2,0.0,0,HB,FRA,Online TA,TA/TO,0,0,0,A,A,0,No Deposit,9.0,0,Transient,106.25,0,2
City Hotel,0,36,2016,December,49,3,1,1,2,0.0,0,BB,PRT,Complementary,Direct,0,0,0,A,A,0,No Deposit,,0,Transient,0.0,0,0
City Hotel,0,16,2016,December,49,2,1,2,2,0.0,0,SC,CHE,Online TA,TA/TO,0,0,0,A,A,3,No Deposit,9.0,0,Transient,85.78,0,2
City Hotel,0,28,2016,December,49,2,1,2,2,0.0,0,SC,ITA,Online TA,TA/TO,0,0,0,A,A,0,No Deposit,9.0,0,Transient,88.0,0,1
City Hotel,0,68,2016,December,49,1,1,3,2,0.0,0,BB,DEU,Online TA,TA/TO,0,0,0,A,A,0,No Deposit,9.0,0,Transient,88.4,0,1
City Hotel,0,10,2016,December,49,2,1,2,2,0.0,0,BB,BEL,Online TA,TA/TO,0,0,0,A,D,1,No Deposit,9.0,0,Transient,99.2,0,1
City Hotel,0,8,2016,December,49,3,1,1,2,0.0,0,BB,BEL,Online TA,TA/TO,0,0,0,A,A,1,No Deposit,9.0,0,Transient,111.5,0,0
City Hotel,0,33,2016,December,49,1,1,3,2,0.0,0,SC,DEU,Online TA,TA/TO,0,0,0,A,A,0,No Deposit,7.0,0,Transient,57.6,0,3
City Hotel,0,4,2016,December,50,4,1,0,2,0.0,0,BB,DEU,Offline TA/TO,TA/TO,0,0,0,A,A,0,No Deposit,,0,Transient,100.0,0,0
City Hotel,0,51,2016,December,49,1,1,3,2,0.0,0,BB,POL,Direct,Direct,0,0,0,A,A,0,No Deposit,14.0,0,Transient,79.2,0,0
City Hotel,0,24,2016,December,49,2,1,2,2,0.0,0,BB,FRA,Offline TA/TO,TA/TO,0,0,0,A,A,0,No Deposit,28.0,0,Transient,80.0,0,0
City Hotel,0,21,2016,December,49,1,1,3,2,0.0,0,HB,DEU,Online TA,TA/TO,0,0,0,A,A,0,No Deposit,9.0,0,Transient,122.19,0,1
City Hotel,0,23,2016,December,49,1,1,3,2,0.0,0,SC,FRA,Online TA,TA/TO,0,0,0,A,A,1,No Deposit,9.0,0,Transient,74.8,0,1
City Hotel,0,52,2016,December,49,1,1,3,2,0.0,0,SC,DEU,Online TA,TA/TO,0,0,0,A,A,0,No Deposit,9.0,0,Transient,74.8,0,2
City Hotel,0,128,2016,November,49,30,1,4,2,0.0,0,BB,ALB,Direct,Direct,0,0,0,A,A,0,No Deposit,14.0,0,Transient,79.2,0,0
City Hotel,0,15,2016,November,49,30,1,4,2,0.0,0,BB,ITA,Direct,Direct,0,0,0,A,A,0,No Deposit,,0,Transient,88.2,0,0
City Hotel,0,50,2016,December,49,2,1,2,2,0.0,0,BB,FRA,Online TA,TA/TO,0,0,0,A,A,0,No Deposit,9.0,0,Transient,93.6,0,2
City Hotel,0,36,2016,December,49,1,2,3,2,0.0,0,BB,CHE,Online TA,TA/TO,0,0,0,A,A,0,No Deposit,7.0,0,Transient,68.07,0,1
City Hotel,0,0,2016,December,50,5,1,0,2,0.0,0,SC,FRA,Online TA,TA/TO,0,0,0,A,A,0,No Deposit,9.0,0,Transient,88.0,0,0
City Hotel,0,0,2016,December,50,5,1,0,2,0.0,0,SC,ESP,Online TA,TA/TO,0,0,0,A,A,0,No Deposit,9.0,0,Transient,88.0,0,1
City Hotel,0,29,2016,December,49,1,2,3,2,0.0,0,BB,IRL,Online TA,TA/TO,0,0,0,A,A,0,No Deposit,9.0,0,Transient,104.0,0,1
City Hotel,0,31,2016,November,49,30,2,4,2,0.0,0,SC,SWE,Online TA,TA/TO,0,0,0,A,A,0,No Deposit,9.0,0,Transient,74.8,0,2
City Hotel,0,1,2016,December,50,5,1,0,2,0.0,0,SC,PRT,Online TA,TA/TO,0,0,0,A,A,0,No Deposit,9.0,0,Transient,88.0,0,1
City Hotel,0,18,2016,December,49,2,2,2,2,0.0,0,SC,ESP,Online TA,TA/TO,0,0,0,A,D,0,No Deposit,9.0,0,Transient,83.04,0,1
City Hotel,0,271,2016,December,49,3,2,1,2,0.0,0,BB,ESP,Online TA,TA/TO,0,0,0,A,A,0,No Deposit,15.0,0,Transient-Party,62.64,0,0
City Hotel,0,271,2016,December,49,3,2,1,2,0.0,0,BB,ESP,Online TA,TA/TO,0,0,0,A,A,0,No Deposit,15.0,0,Transient-Party,71.64,0,0
City Hotel,0,271,2016,December,49,3,2,1,2,0.0,0,BB,ESP,Offline TA/TO,TA/TO,0,0,0,A,A,0,No Deposit,159.0,0,Transient-Party,78.3,0,0
City Hotel,0,7,2016,December,50,4,2,0,2,0.0,0,BB,DZA,Online TA,TA/TO,0,0,0,A,A,0,No Deposit,9.0,0,Transient,104.0,0,2
City Hotel,0,76,2016,December,49,3,2,1,2,0.0,0,SC,ESP,Online TA,TA/TO,0,0,0,A,A,2,No Deposit,9.0,0,Transient,79.2,0,1
City Hotel,0,76,2016,December,49,3,2,1,2,0.0,0,SC,ESP,Online TA,TA/TO,0,0,0,A,A,2,No Deposit,9.0,0,Transient,79.2,0,1
City Hotel,0,2,2016,December,49,3,2,1,2,0.0,0,BB,ESP,Online TA,TA/TO,0,0,0,A,A,0,No Deposit,9.0,0,Transient,109.0,0,1
City Hotel,0,80,2016,December,49,3,2,1,2,0.0,0,BB,FRA,Offline TA/TO,TA/TO,0,0,0,A,D,0,No Deposit,28.0,0,Transient,75.0,0,0
City Hotel,0,54,2016,December,50,5,1,0,2,0.0,0,SC,ESP,Online TA,TA/TO,0,0,0,A,A,0,No Deposit,9.0,0,Transient,79.2,0,2
City Hotel,0,220,2016,November,49,29,2,5,2,0.0,0,BB,ROU,Online TA,TA/TO,0,0,0,A,A,0,No Deposit,9.0,0,Transient,73.95,0,2
City Hotel,0,68,2016,December,50,4,2,0,2,0.0,0,BB,ESP,Offline TA/TO,TA/TO,0,0,0,A,D,0,No Deposit,28.0,0,Transient,75.0,0,0
City Hotel,0,38,2016,December,49,2,2,2,2,0.0,0,BB,ESP,Online TA,TA/TO,0,0,0,B,A,1,No Deposit,9.0,0,Transient,77.86,0,1
City Hotel,0,143,2016,December,50,4,2,0,2,0.0,0,BB,CN,Online TA,TA/TO,0,0,0,D,D,0,No Deposit,7.0,0,Transient,88.69,0,1
City Hotel,0,0,2016,December,49,3,2,1,2,0.0,0,BB,AGO,Direct,Direct,0,0,0,A,A,2,No Deposit,,0,Transient,103.67,0,0
City Hotel,0,67,2016,December,49,2,2,2,2,0.0,0,BB,ESP,Offline TA/TO,TA/TO,0,0,0,A,D,0,No Deposit,28.0,0,Transient,75.0,0,0
City Hotel,0,67,2016,December,49,2,2,2,2,0.0,0,BB,ESP,Offline TA/TO,TA/TO,0,0,0,A,D,0,No Deposit,28.0,0,Transient,75.0,0,0
City Hotel,0,3,2016,December,50,4,2,0,2,0.0,0,BB,ESP,Offline TA/TO,TA/TO,0,0,0,A,A,0,No Deposit,28.0,0,Transient,89.0,0,0
City Hotel,0,43,2016,November,49,30,2,4,2,0.0,0,SC,ITA,Online TA,TA/TO,0,0,0,A,A,0,No Deposit,9.0,0,Transient,94.8,0,1
City Hotel,0,88,2016,December,49,2,2,2,2,0.0,0,BB,DEU,Online TA,TA/TO,0,0,0,A,A,0,No Deposit,7.0,0,Transient,54.09,0,0
City Hotel,0,48,2016,December,49,1,2,3,2,0.0,0,BB,PRT,Offline TA/TO,TA/TO,0,0,0,A,A,0,No Deposit,52.0,0,Transient,68.0,0,0
City Hotel,0,35,2016,December,49,2,2,2,2,0.0,0,BB,ESP,Online TA,TA/TO,0,0,0,A,A,0,No Deposit,9.0,0,Transient,97.4,0,1
City Hotel,0,35,2016,December,49,2,2,2,2,0.0,0,BB,ESP,Online TA,TA/TO,0,0,0,A,A,0,No Deposit,9.0,0,Transient,88.4,0,1
City Hotel,0,4,2016,December,49,2,2,2,2,0.0,0,BB,FRA,Online TA,TA/TO,0,0,0,A,D,0,No Deposit,9.0,0,Transient,93.8,0,0
City Hotel,0,25,2016,December,49,2,2,2,2,0.0,0,BB,FIN,Online TA,TA/TO,0,0,0,A,A,0,No Deposit,7.0,0,Transient,64.67,0,1
City Hotel,0,5,2016,December,49,3,2,1,2,0.0,0,BB,ESP,Direct,Direct,0,0,0,A,D,0,No Deposit,14.0,0,Transient,100.33,0,0
City Hotel,0,5,2016,December,49,3,2,1,2,0.0,0,BB,ESP,Direct,Direct,0,0,0,A,D,0,No Deposit,14.0,0,Transient,100.33,0,0
City Hotel,0,271,2016,December,49,3,2,1,2,0.0,0,BB,ESP,Online TA,TA/TO,0,0,0,A,A,0,No Deposit,15.0,0,Transient-Party,71.64,0,0
City Hotel,0,20,2016,December,50,4,2,0,2,0.0,0,SC,USA,Online TA,TA/TO,0,0,0,A,A,0,No Deposit,9.0,0,Transient,88.0,0,1
City Hotel,0,0,2016,December,50,5,1,0,2,0.0,0,SC,GBR,Direct,Direct,0,0,0,A,A,0,No Deposit,,0,Transient,97.0,0,0
City Hotel,0,271,2016,December,49,3,2,1,2,0.0,0,BB,ESP,Offline TA/TO,TA/TO,0,0,0,A,A,0,No Deposit,159.0,0,Transient-Party,87.3,0,0
City Hotel,0,44,2016,December,49,2,2,2,2,0.0,0,SC,DEU,Online TA,TA/TO,0,0,0,A,A,0,No Deposit,9.0,0,Transient,74.8,0,1
City Hotel,0,29,2016,November,49,30,2,4,2,0.0,0,BB,ITA,Online TA,TA/TO,0,0,0,A,A,0,No Deposit,9.0,0,Transient,104.0,0,1
City Hotel,0,6,2016,November,49,30,2,4,2,0.0,0,BB,ITA,Online TA,TA/TO,0,0,0,D,D,0,No Deposit,9.0,0,Transient,106.89,1,3
City Hotel,0,73,2016,December,50,4,2,0,2,0.0,0,BB,FRA,Offline TA/TO,TA/TO,0,0,0,A,D,0,No Deposit,28.0,0,Transient,75.0,0,0
City Hotel,0,31,2016,December,49,3,2,1,2,0.0,0,SC,ESP,Offline TA/TO,TA/TO,0,0,0,A,A,0,No Deposit,28.0,0,Transient,63.0,0,0
City Hotel,0,54,2016,December,50,5,1,1,2,0.0,0,BB,JPN,Online TA,TA/TO,0,0,0,A,A,0,No Deposit,9.0,0,Transient,93.6,0,2
City Hotel,0,45,2016,December,50,4,2,1,2,0.0,0,SC,FIN,Online TA,TA/TO,0,0,0,A,A,0,No Deposit,7.0,0,Transient,60.98,0,1
City Hotel,0,11,2016,December,50,6,0,1,2,0.0,0,SC,ITA,Online TA,TA/TO,0,0,0,A,A,0,No Deposit,9.0,0,Transient,97.0,0,0
City Hotel,0,17,2016,December,49,3,2,2,2,0.0,0,BB,ESP,Online TA,TA/TO,0,0,0,A,A,0,No Deposit,9.0,0,Transient,89.89,0,2
City Hotel,0,19,2016,December,49,3,2,2,2,0.0,0,BB,ITA,Online TA,TA/TO,0,0,0,A,A,0,No Deposit,9.0,0,Transient,89.89,0,1
City Hotel,0,80,2016,December,50,5,1,1,2,0.0,0,BB,FRA,Offline TA/TO,TA/TO,0,0,0,A,D,0,No Deposit,28.0,0,Transient-Party,75.0,0,1
City Hotel,0,80,2016,December,50,5,1,1,2,0.0,0,BB,FRA,Offline TA/TO,TA/TO,0,0,0,A,D,0,No Deposit,28.0,0,Transient-Party,75.0,0,1
City Hotel,0,48,2016,December,50,4,2,1,2,0.0,0,BB,ESP,Online TA,TA/TO,0,0,0,A,A,0,No Deposit,8.0,0,Transient,93.6,0,1
City Hotel,0,36,2016,December,49,3,2,2,2,0.0,0,BB,NLD,Online TA,TA/TO,0,0,0,D,D,0,No Deposit,9.0,0,Transient,96.9,0,0
City Hotel,0,44,2016,December,49,3,2,2,2,0.0,0,BB,PRT,Offline TA/TO,TA/TO,0,0,0,D,D,0,No Deposit,85.0,0,Transient,87.2,0,0
City Hotel,0,0,2016,December,50,5,1,1,2,0.0,0,SC,ITA,Direct,Direct,0,0,0,A,A,0,No Deposit,,0,Transient,88.0,0,0
City Hotel,0,98,2016,December,50,5,1,1,2,0.0,0,BB,ITA,Online TA,TA/TO,0,0,0,A,B,1,No Deposit,9.0,0,Transient,93.6,0,2
City Hotel,0,216,2016,December,50,4,2,1,2,0.0,0,BB,ITA,Online TA,TA/TO,0,0,0,A,A,0,No Deposit,9.0,0,Transient,78.3,0,1
City Hotel,0,98,2016,December,50,5,1,1,2,0.0,0,BB,ITA,Online TA,TA/TO,0,0,0,A,B,1,No Deposit,9.0,0,Transient,93.6,0,3
City Hotel,0,17,2016,December,49,2,2,3,2,0.0,0,BB,FRA,Online TA,TA/TO,0,0,0,D,D,0,No Deposit,9.0,0,Transient,107.09,1,2
City Hotel,0,26,2016,December,49,3,2,2,2,0.0,0,BB,ESP,Offline TA/TO,TA/TO,0,0,0,A,A,0,No Deposit,15.0,0,Transient,70.72,0,0
City Hotel,0,12,2016,December,49,3,2,2,2,0.0,0,SC,ITA,Online TA,TA/TO,0,0,0,A,A,2,No Deposit,9.0,0,Transient,76.29,0,0
City Hotel,0,10,2016,December,49,3,2,2,2,0.0,0,BB,BEL,Online TA,TA/TO,0,0,0,A,A,0,No Deposit,9.0,0,Transient,89.89,0,1
City Hotel,0,50,2016,December,49,3,2,2,2,0.0,0,BB,PRT,Online TA,TA/TO,0,0,0,A,A,1,No Deposit,7.0,0,Transient,68.07,0,1
City Hotel,0,38,2016,December,50,5,1,1,2,0.0,0,BB,PRT,Complementary,Direct,0,0,0,A,A,3,No Deposit,,0,Transient,0.0,0,1
City Hotel,0,266,2016,December,50,4,2,1,2,0.0,0,HB,GBR,Offline TA/TO,TA/TO,0,0,0,D,D,1,No Deposit,83.0,0,Transient,69.36,0,2
City Hotel,0,24,2016,December,50,4,2,1,2,0.0,0,SC,BRA,Online TA,TA/TO,0,0,0,A,A,0,No Deposit,9.0,0,Transient,88.0,0,2
City Hotel,0,43,2016,December,50,4,2,1,2,0.0,0,BB,FRA,Online TA,TA/TO,0,0,0,D,D,0,No Deposit,9.0,0,Transient,110.2,0,1
City Hotel,0,81,2016,December,50,4,2,2,2,0.0,0,BB,FRA,Offline TA/TO,TA/TO,0,0,0,A,D,0,No Deposit,28.0,0,Transient,75.0,0,0
City Hotel,0,13,2016,December,50,5,1,2,2,0.0,0,BB,FRA,Online TA,TA/TO,0,0,0,D,D,0,No Deposit,7.0,0,Transient,66.71,0,0
City Hotel,0,0,2016,December,50,7,0,1,2,0.0,0,SC,ESP,Online TA,TA/TO,0,0,0,A,A,0,No Deposit,9.0,0,Transient,88.0,0,1
City Hotel,0,4,2016,December,50,7,0,1,2,0.0,0,SC,ESP,Online TA,TA/TO,0,0,0,A,A,0,No Deposit,9.0,0,Transient,88.0,0,0
City Hotel,0,36,2016,December,50,8,0,0,2,0.0,0,BB,PRT,Offline TA/TO,TA/TO,0,0,0,A,A,0,No Deposit,85.0,0,Transient,0.0,0,0
City Hotel,0,50,2016,December,50,4,2,2,2,0.0,0,BB,ESP,Online TA,TA/TO,0,0,0,A,A,0,No Deposit,9.0,0,Transient,88.4,0,0
City Hotel,0,19,2016,December,50,5,1,2,2,0.0,0,BB,DZA,Online TA,TA/TO,0,0,0,A,A,0,No Deposit,9.0,0,Transient,104.0,0,2
City Hotel,0,19,2016,December,50,5,1,2,2,0.0,0,BB,FRA,Online TA,TA/TO,0,0,0,A,A,0,No Deposit,9.0,0,Transient,104.0,0,2
City Hotel,0,65,2016,December,50,4,2,2,2,0.0,0,BB,GRC,Offline TA/TO,TA/TO,0,0,0,A,A,0,No Deposit,85.0,0,Transient,68.0,0,1
City Hotel,0,65,2016,December,50,4,2,2,2,0.0,0,BB,GRC,Offline TA/TO,TA/TO,0,0,0,A,A,0,No Deposit,85.0,0,Transient,68.0,0,1
City Hotel,0,19,2016,December,50,5,1,2,2,0.0,0,BB,FRA,Online TA,TA/TO,0,0,0,A,A,0,No Deposit,9.0,0,Transient,104.0,0,1
City Hotel,0,192,2016,December,50,4,2,2,2,0.0,0,SC,ESP,Online TA,TA/TO,0,0,0,A,A,2,No Deposit,9.0,0,Transient,72.75,0,2
City Hotel,0,192,2016,December,50,4,2,2,2,0.0,0,SC,ESP,Online TA,TA/TO,0,0,0,A,A,2,No Deposit,9.0,0,Transient,72.75,1,2
City Hotel,0,9,2016,December,50,5,1,2,2,0.0,0,SC,HUN,Online TA,TA/TO,0,0,0,A,A,0,No Deposit,9.0,0,Transient,88.0,0,1
City Hotel,0,96,2016,December,50,4,2,2,2,0.0,0,SC,PRT,Online TA,TA/TO,0,0,0,A,A,0,No Deposit,7.0,0,Transient,57.6,0,1
City Hotel,0,81,2016,December,50,7,0,1,2,0.0,0,SC,ITA,Online TA,TA/TO,0,0,0,A,A,0,No Deposit,9.0,0,Transient,79.2,0,2
City Hotel,0,0,2016,December,50,7,0,1,2,0.0,0,BB,FRA,Online TA,TA/TO,0,0,0,A,A,1,No Deposit,9.0,0,Transient,98.0,0,2
City Hotel,0,27,2016,December,50,7,0,1,2,0.0,0,BB,CZE,Online TA,TA/TO,0,0,0,A,A,0,No Deposit,9.0,0,Transient,104.0,0,2
City Hotel,0,23,2016,December,50,7,0,1,2,0.0,0,SC,ESP,Online TA,TA/TO,0,0,0,A,A,1,No Deposit,9.0,0,Transient,88.0,0,2
City Hotel,0,61,2016,December,49,3,2,3,2,0.0,0,BB,DEU,Online TA,TA/TO,0,0,0,A,A,0,No Deposit,9.0,0,Transient,88.4,0,0
City Hotel,0,52,2016,December,49,3,2,3,2,0.0,0,HB,ESP,Online TA,TA/TO,0,0,0,A,A,0,No Deposit,9.0,0,Transient,120.7,0,1
City Hotel,0,51,2016,December,50,5,1,2,2,0.0,0,BB,FRA,Online TA,TA/TO,0,0,0,A,A,0,No Deposit,155.0,0,Transient,108.0,0,2
City Hotel,0,10,2016,December,49,3,2,3,2,0.0,0,BB,CHE,Online TA,TA/TO,0,0,0,A,A,0,No Deposit,9.0,0,Transient,89.59,0,0
City Hotel,0,9,2016,December,50,4,2,2,2,0.0,0,BB,DEU,Online TA,TA/TO,0,0,0,A,A,0,No Deposit,9.0,0,Transient,88.4,0,2
City Hotel,0,6,2016,December,50,4,2,2,2,0.0,0,BB,DEU,Offline TA/TO,TA/TO,0,0,0,A,A,0,No Deposit,16.0,0,Transient,68.0,0,0
City Hotel,0,35,2016,December,49,3,2,3,2,0.0,0,BB,ESP,Online TA,TA/TO,0,0,0,A,D,0,No Deposit,9.0,0,Transient,88.4,0,2
City Hotel,0,1,2016,December,50,7,0,1,2,0.0,0,BB,PRT,Direct,Direct,0,0,0,A,A,0,No Deposit,14.0,0,Transient,122.6,0,1
City Hotel,0,96,2016,November,48,26,4,8,2,0.0,0,BB,BRA,Direct,Direct,0,0,0,A,A,0,No Deposit,14.0,0,Transient,79.2,0,0
City Hotel,0,12,2016,December,49,3,2,3,2,0.0,0,BB,ESP,Offline TA/TO,TA/TO,0,0,0,A,E,0,No Deposit,28.0,0,Transient,68.0,0,2
City Hotel,0,23,2016,December,50,8,0,0,2,0.0,0,BB,PRT,Online TA,TA/TO,0,0,0,D,D,1,No Deposit,7.0,0,Transient,0.0,0,1
City Hotel,0,15,2016,November,48,25,4,10,2,0.0,0,BB,FIN,Online TA,TA/TO,0,0,0,A,A,0,No Deposit,7.0,0,Transient,65.6,0,1
City Hotel,0,49,2016,December,50,6,0,3,2,0.0,0,BB,FIN,Online TA,TA/TO,0,0,0,D,D,0,No Deposit,7.0,0,Transient,75.05,0,1
City Hotel,0,16,2016,December,50,6,0,3,2,0.0,0,BB,ESP,Online TA,TA/TO,0,0,0,A,A,0,No Deposit,159.0,0,Transient,104.0,0,0
City Hotel,0,0,2016,December,50,8,0,1,2,0.0,0,BB,PRT,Direct,Direct,0,0,0,A,D,0,No Deposit,,0,Transient,105.0,0,0
City Hotel,0,4,2016,December,49,2,2,5,2,0.0,0,BB,FRA,Online TA,TA/TO,0,0,0,D,D,0,No Deposit,9.0,0,Transient,97.75,0,1
City Hotel,0,46,2016,December,50,5,1,3,2,0.0,0,HB,DEU,Offline TA/TO,TA/TO,0,0,0,A,A,0,No Deposit,16.0,0,Transient,98.0,0,0
City Hotel,0,21,2016,December,49,1,2,6,2,0.0,0,BB,PRT,Online TA,TA/TO,0,0,0,A,K,0,No Deposit,9.0,0,Transient,89.14,0,2
City Hotel,0,8,2016,December,50,4,2,3,2,0.0,0,SC,ITA,Online TA,TA/TO,0,0,0,A,A,0,No Deposit,9.0,0,Transient,82.0,0,2
City Hotel,0,76,2016,December,50,7,0,2,2,0.0,0,BB,PRT,Offline TA/TO,TA/TO,0,0,0,A,D,0,No Deposit,28.0,0,Transient,75.0,0,1
City Hotel,0,0,2016,December,50,5,1,3,2,0.0,0,BB,FRA,Online TA,TA/TO,0,0,0,A,A,0,No Deposit,9.0,0,Transient,89.89,0,1
City Hotel,0,224,2016,December,50,4,2,3,2,0.0,0,BB,CHE,Direct,Direct,0,0,0,D,D,0,No Deposit,14.0,0,Transient,83.3,0,0
City Hotel,0,27,2016,December,50,4,2,3,2,0.0,0,SC,FRA,Online TA,TA/TO,0,0,0,A,A,0,No Deposit,7.0,0,Transient,54.71,0,1
City Hotel,0,11,2016,December,50,5,1,3,2,0.0,0,BB,ESP,Online TA,TA/TO,0,0,0,A,A,0,No Deposit,9.0,0,Transient,97.4,0,0
City Hotel,0,7,2016,December,50,4,2,3,2,0.0,0,BB,DEU,Online TA,TA/TO,0,0,0,A,A,0,No Deposit,9.0,0,Transient,88.4,0,1
City Hotel,0,1,2016,December,50,5,1,3,2,0.0,0,BB,ESP,Online TA,TA/TO,0,0,0,A,A,0,No Deposit,7.0,0,Transient,65.76,0,1
City Hotel,0,12,2016,December,50,4,2,3,2,0.0,0,BB,ESP,Online TA,TA/TO,0,0,0,D,D,0,No Deposit,9.0,0,Transient,105.9,0,0
City Hotel,0,14,2016,December,50,5,1,3,2,0.0,0,BB,ESP,Online TA,TA/TO,0,0,0,D,D,0,No Deposit,7.0,0,Transient,70.88,0,0
City Hotel,0,75,2016,December,50,5,1,3,2,0.0,0,BB,FRA,Offline TA/TO,TA/TO,0,0,0,A,D,1,No Deposit,28.0,0,Transient,75.0,0,0
City Hotel,0,101,2016,December,50,8,0,1,2,0.0,0,BB,GBR,Direct,Direct,0,0,0,A,A,0,No Deposit,14.0,0,Transient,79.2,0,1
City Hotel,0,57,2016,December,50,5,1,3,2,0.0,0,SC,ESP,Online TA,TA/TO,0,0,0,A,A,0,No Deposit,9.0,0,Transient,74.8,0,1
City Hotel,0,2,2016,December,50,6,0,3,2,0.0,0,BB,CHE,Online TA,TA/TO,0,0,0,A,A,0,No Deposit,9.0,0,Transient,106.33,0,1
City Hotel,0,13,2016,December,49,3,2,4,2,0.0,0,BB,PRT,Online TA,TA/TO,0,0,0,A,A,0,No Deposit,159.0,0,Transient,89.39,0,0
City Hotel,0,2,2016,December,50,8,0,1,2,0.0,0,SC,PRT,Online TA,TA/TO,0,0,0,A,A,0,No Deposit,6.0,0,Transient,84.0,0,1
City Hotel,0,119,2016,December,50,4,2,3,2,0.0,0,BB,BEL,Direct,Direct,0,0,0,A,A,0,No Deposit,14.0,0,Transient,79.2,0,1
City Hotel,0,30,2016,December,50,8,0,1,2,0.0,0,BB,ESP,Direct,Direct,0,0,0,D,K,0,No Deposit,14.0,0,Transient,108.0,0,0
City Hotel,0,3,2016,December,50,6,0,3,2,0.0,0,BB,PRT,Online TA,TA/TO,0,0,0,A,A,0,No Deposit,7.0,0,Transient,81.88,0,0
City Hotel,0,73,2016,December,50,5,1,4,2,0.0,0,BB,FRA,Offline TA/TO,TA/TO,0,0,0,A,D,0,No Deposit,28.0,0,Transient,75.0,0,1
City Hotel,0,76,2016,December,50,7,0,3,2,0.0,0,BB,FRA,Offline TA/TO,TA/TO,0,0,0,A,D,0,No Deposit,28.0,0,Transient,75.0,0,0
City Hotel,0,44,2016,December,50,6,0,4,2,0.0,0,BB,ESP,Direct,Direct,0,0,0,D,D,0,No Deposit,14.0,0,Transient,94.5,0,1
City Hotel,0,56,2016,December,50,7,0,3,2,0.0,0,BB,ITA,Online TA,TA/TO,0,0,0,B,A,1,No Deposit,9.0,0,Transient,82.44,0,1
City Hotel,0,66,2016,December,50,5,1,4,2,0.0,0,BB,BRA,Online TA,TA/TO,0,0,0,A,A,0,No Deposit,7.0,0,Transient,68.07,0,1
City Hotel,0,17,2016,December,50,9,0,1,2,0.0,0,BB,PRT,Online TA,TA/TO,0,0,0,A,E,0,No Deposit,9.0,0,Transient,111.0,0,0
City Hotel,0,58,2016,December,50,9,0,1,2,0.0,0,SC,ESP,Online TA,TA/TO,0,0,0,A,A,0,No Deposit,9.0,0,Transient,88.2,1,2
City Hotel,0,49,2016,December,50,8,0,2,2,0.0,0,BB,ESP,Online TA,TA/TO,0,0,0,A,A,0,No Deposit,9.0,0,Transient,98.1,0,1
City Hotel,0,3,2016,December,50,9,0,1,2,0.0,0,BB,PRT,Online TA,TA/TO,0,0,0,D,D,0,No Deposit,9.0,0,Transient,131.0,0,0
City Hotel,0,27,2016,December,50,6,0,4,2,0.0,0,SC,FRA,Online TA,TA/TO,0,0,0,A,A,0,No Deposit,9.0,0,Transient,74.8,0,1
City Hotel,0,34,2016,December,49,3,2,5,2,0.0,0,SC,FRA,Online TA,TA/TO,0,0,0,A,A,0,No Deposit,7.0,0,Transient,54.71,0,1
City Hotel,0,15,2016,December,50,7,0,3,2,0.0,0,BB,FRA,Online TA,TA/TO,0,0,0,A,A,0,No Deposit,9.0,0,Transient,106.33,0,0
City Hotel,0,5,2016,December,50,7,0,3,2,0.0,0,BB,ESP,Offline TA/TO,TA/TO,0,0,0,E,E,0,No Deposit,,0,Transient,119.8,0,1
City Hotel,0,46,2016,December,50,7,0,3,2,0.0,0,BB,PRT,Online TA,TA/TO,0,0,0,A,A,0,No Deposit,9.0,0,Transient,102.6,1,2
City Hotel,0,19,2016,December,50,6,0,4,2,0.0,0,BB,ESP,Online TA,TA/TO,0,0,0,A,A,2,No Deposit,9.0,0,Transient,102.79,0,2
City Hotel,0,24,2016,December,50,7,0,3,2,0.0,0,BB,BRA,Online TA,TA/TO,0,0,0,A,A,0,No Deposit,9.0,0,Transient,106.33,0,1
City Hotel,0,154,2016,December,50,8,0,2,2,0.0,0,SC,ITA,Online TA,TA/TO,0,0,0,A,A,0,No Deposit,9.0,0,Transient,79.2,0,2
City Hotel,0,16,2016,December,50,8,0,2,2,0.0,0,BB,PRT,Corporate,Corporate,0,0,0,A,A,0,No Deposit,,0,Transient,75.0,0,0
City Hotel,0,62,2016,December,50,8,0,2,2,0.0,0,BB,ESP,Online TA,TA/TO,0,0,0,B,B,2,No Deposit,9.0,0,Transient-Party,100.6,0,0
City Hotel,0,19,2016,December,50,6,0,4,2,0.0,0,BB,DEU,Online TA,TA/TO,0,0,0,A,A,0,No Deposit,9.0,0,Transient,89.89,0,1
City Hotel,0,19,2016,December,50,8,0,3,2,0.0,0,BB,FRA,Online TA,TA/TO,0,0,0,A,D,2,No Deposit,9.0,0,Transient,108.67,0,0
City Hotel,0,40,2016,December,50,7,0,4,2,0.0,0,BB,DNK,Online TA,TA/TO,0,0,0,D,D,0,No Deposit,8.0,0,Transient,96.91,0,1
City Hotel,0,259,2016,December,50,7,0,4,2,0.0,0,BB,AUT,Online TA,TA/TO,0,0,0,A,A,0,No Deposit,9.0,0,Transient,73.95,0,1
City Hotel,0,61,2016,December,50,8,0,3,2,0.0,0,BB,ESP,Online TA,TA/TO,0,0,0,A,A,0,No Deposit,8.0,0,Transient,93.6,0,1
City Hotel,0,49,2016,December,50,7,0,4,2,0.0,0,HB,AUT,Online TA,TA/TO,0,0,0,D,D,0,No Deposit,7.0,0,Transient,94.51,0,1
City Hotel,0,259,2016,December,50,7,0,4,2,0.0,0,BB,AUT,Online TA,TA/TO,0,0,0,A,A,0,No Deposit,9.0,0,Transient,73.95,0,1
City Hotel,0,259,2016,December,50,7,0,4,2,0.0,0,BB,AUT,Online TA,TA/TO,0,0,0,A,A,0,No Deposit,9.0,0,Transient,73.95,0,1
City Hotel,0,61,2016,December,50,8,0,3,2,0.0,0,BB,ESP,Online TA,TA/TO,0,0,0,A,A,0,No Deposit,8.0,0,Transient,93.6,0,1
City Hotel,0,61,2016,December,50,8,0,3,2,0.0,0,BB,ESP,Online TA,TA/TO,0,0,0,A,A,0,No Deposit,8.0,0,Transient,93.6,0,1
City Hotel,0,61,2016,December,50,8,0,3,2,0.0,0,BB,ESP,Online TA,TA/TO,0,0,0,A,A,0,No Deposit,8.0,0,Transient,93.6,0,1
City Hotel,0,14,2016,December,50,7,0,4,2,0.0,0,SC,ITA,Online TA,TA/TO,0,0,0,A,A,0,No Deposit,9.0,0,Transient,77.78,0,1
City Hotel,0,143,2016,December,50,8,0,3,2,0.0,0,SC,PRT,Online TA,TA/TO,0,0,0,A,A,0,No Deposit,9.0,0,Transient,79.2,0,1
City Hotel,0,77,2016,December,50,9,0,2,2,0.0,0,BB,BEL,Offline TA/TO,TA/TO,0,0,0,A,D,0,No Deposit,28.0,0,Transient,75.0,0,1
City Hotel,0,40,2016,December,50,7,0,4,2,0.0,0,BB,AUT,Online TA,TA/TO,0,0,0,D,D,0,No Deposit,9.0,0,Transient,96.9,0,1
City Hotel,0,74,2016,December,50,9,0,2,2,0.0,0,BB,PRT,Offline TA/TO,TA/TO,0,0,0,A,D,0,No Deposit,28.0,0,Transient,75.0,0,0
City Hotel,0,31,2016,December,50,8,0,3,2,0.0,0,BB,ESP,Offline TA/TO,TA/TO,0,0,0,A,A,0,No Deposit,15.0,0,Transient,74.88,0,0
City Hotel,0,17,2016,December,50,8,0,3,2,0.0,0,BB,ESP,Direct,Direct,0,0,0,E,E,0,No Deposit,14.0,0,Transient,150.67,0,0
City Hotel,0,46,2016,December,50,10,0,1,2,0.0,0,BB,AUT,Online TA,TA/TO,0,0,0,A,A,0,No Deposit,9.0,0,Transient,102.6,1,1
City Hotel,0,157,2016,December,50,8,0,3,2,0.0,0,BB,ITA,Offline TA/TO,TA/TO,0,0,0,A,A,2,No Deposit,83.0,0,Transient-Party,68.0,0,0
City Hotel,0,103,2016,December,50,9,0,2,2,0.0,0,SC,USA,Online TA,TA/TO,0,0,0,A,A,0,No Deposit,9.0,0,Transient,79.2,0,2
City Hotel,0,157,2016,December,50,8,0,3,2,0.0,0,BB,CHE,Offline TA/TO,TA/TO,0,0,0,A,A,2,No Deposit,83.0,0,Transient-Party,68.0,0,0
City Hotel,0,122,2016,December,50,8,0,3,2,0.0,0,BB,PRT,Online TA,TA/TO,0,0,0,A,A,1,No Deposit,83.0,0,Transient-Party,68.0,0,0
City Hotel,0,57,2016,December,50,8,0,3,2,0.0,0,BB,ESP,Online TA,TA/TO,0,0,0,B,A,1,No Deposit,9.0,0,Transient,82.44,0,1
City Hotel,0,24,2016,December,50,7,0,4,2,0.0,0,BB,FRA,Online TA,TA/TO,0,0,0,D,E,0,No Deposit,9.0,0,Transient,96.9,0,2
City Hotel,0,157,2016,December,50,8,0,3,2,0.0,0,BB,ITA,Offline TA/TO,TA/TO,0,0,0,A,A,2,No Deposit,83.0,0,Transient-Party,68.0,0,0
City Hotel,0,76,2016,December,50,7,0,4,2,0.0,0,BB,ITA,Online TA,TA/TO,0,0,0,A,A,0,No Deposit,9.0,0,Transient,88.4,0,2
City Hotel,0,24,2016,December,50,8,0,3,2,0.0,0,BB,PRT,Online TA,TA/TO,0,0,0,D,D,0,No Deposit,157.0,0,Transient,94.93,0,0
City Hotel,0,24,2016,December,50,8,0,3,2,0.0,0,BB,PRT,Online TA,TA/TO,0,0,0,A,D,0,No Deposit,86.0,0,Transient,86.93,0,0
City Hotel,0,24,2016,December,50,8,0,3,2,0.0,0,BB,PRT,Online TA,TA/TO,0,0,0,D,D,0,No Deposit,157.0,0,Transient,94.93,0,0
City Hotel,0,122,2016,December,50,8,0,3,2,0.0,0,BB,PRT,Online TA,TA/TO,0,0,0,A,A,1,No Deposit,83.0,0,Transient-Party,68.0,0,0
City Hotel,0,157,2016,December,50,8,0,3,2,0.0,0,BB,ITA,Offline TA/TO,TA/TO,0,0,0,A,A,2,No Deposit,83.0,0,Transient-Party,68.0,0,0
City Hotel,0,122,2016,December,50,8,0,3,2,0.0,0,BB,PRT,Online TA,TA/TO,0,0,0,A,A,1,No Deposit,83.0,0,Transient-Party,68.0,0,0
City Hotel,0,157,2016,December,50,8,0,3,2,0.0,0,BB,PRT,Offline TA/TO,TA/TO,0,0,0,A,A,0,No Deposit,83.0,0,Transient-Party,68.0,0,0
City Hotel,0,25,2016,December,50,7,0,4,2,0.0,0,BB,USA,Online TA,TA/TO,0,0,0,A,A,0,No Deposit,8.0,0,Transient,88.4,0,1
City Hotel,0,85,2016,December,50,8,0,3,2,0.0,0,BB,ESP,Offline TA/TO,TA/TO,0,0,0,A,D,0,No Deposit,28.0,0,Transient,75.0,0,0
City Hotel,0,2,2016,December,50,9,0,2,2,0.0,0,BB,FRA,Direct,Direct,0,0,0,A,A,0,No Deposit,14.0,0,Transient,79.2,0,1
City Hotel,0,5,2016,December,50,10,0,1,2,0.0,0,BB,PRT,Online TA,TA/TO,0,0,0,A,A,0,No Deposit,83.0,0,Transient,88.8,0,0
City Hotel,0,253,2016,December,50,8,0,3,2,0.0,0,BB,ITA,Online TA,TA/TO,0,0,0,A,A,0,No Deposit,9.0,0,Transient,78.3,0,2
City Hotel,0,82,2016,December,50,9,0,2,2,0.0,0,SC,FRA,Online TA,TA/TO,0,0,0,A,D,0,No Deposit,9.0,0,Transient,79.2,0,1
City Hotel,0,16,2016,December,50,8,0,3,2,0.0,0,BB,PRT,Corporate,Corporate,0,0,0,A,A,1,No Deposit,,0,Transient,75.0,0,0
City Hotel,0,30,2016,December,50,8,0,3,2,0.0,0,SC,ITA,Online TA,TA/TO,0,0,0,A,A,0,No Deposit,9.0,0,Transient,88.0,0,2
City Hotel,0,122,2016,December,50,8,0,3,2,0.0,0,BB,PRT,Online TA,TA/TO,0,0,0,A,A,1,No Deposit,83.0,0,Transient-Party,68.0,0,0
City Hotel,0,157,2016,December,50,8,0,3,2,0.0,0,BB,PRT,Offline TA/TO,TA/TO,0,0,0,A,A,0,No Deposit,83.0,0,Transient-Party,68.0,0,0
City Hotel,0,46,2016,December,50,8,0,3,2,0.0,0,BB,ESP,Online TA,TA/TO,0,0,0,A,A,1,No Deposit,9.0,0,Transient,102.6,0,2
City Hotel,0,0,2016,December,50,7,0,4,2,0.0,0,BB,PRT,Online TA,TA/TO,0,0,0,D,D,0,No Deposit,9.0,0,Transient,108.88,0,2
City Hotel,0,50,2016,December,50,9,0,2,2,0.0,0,BB,PRT,Direct,Direct,0,0,0,A,A,0,No Deposit,14.0,0,Transient,87.0,0,2
City Hotel,0,157,2016,December,50,8,0,3,2,0.0,0,BB,PRT,Offline TA/TO,TA/TO,0,0,0,A,A,0,No Deposit,83.0,0,Transient-Party,68.0,0,0
City Hotel,0,157,2016,December,50,8,0,3,2,0.0,0,BB,ITA,Offline TA/TO,TA/TO,0,0,0,A,A,0,No Deposit,83.0,0,Transient-Party,68.0,0,0
City Hotel,0,157,2016,December,50,8,0,3,2,0.0,0,BB,ITA,Offline TA/TO,TA/TO,0,0,0,A,A,2,No Deposit,83.0,0,Transient-Party,68.0,0,1
City Hotel,0,157,2016,December,50,8,0,3,2,0.0,0,BB,PRT,Offline TA/TO,TA/TO,0,0,0,A,A,0,No Deposit,83.0,0,Transient-Party,68.0,0,0
City Hotel,0,57,2016,December,50,8,0,3,2,0.0,0,BB,ESP,Online TA,TA/TO,0,0,0,A,A,0,No Deposit,9.0,0,Transient,96.6,0,1
City Hotel,0,6,2016,December,50,10,0,1,2,0.0,0,SC,PRT,Online TA,TA/TO,0,0,0,A,A,0,No Deposit,9.0,0,Transient,95.0,0,2
City Hotel,0,17,2016,December,50,8,0,3,2,0.0,0,SC,GBR,Online TA,TA/TO,0,0,0,A,A,0,No Deposit,9.0,0,Transient,92.67,0,0
City Hotel,0,23,2016,December,50,8,0,3,2,0.0,0,BB,PRT,Online TA,TA/TO,0,0,0,A,A,0,No Deposit,9.0,0,Transient,108.67,0,1
City Hotel,0,35,2016,December,50,7,0,4,2,0.0,0,BB,ITA,Offline TA/TO,TA/TO,0,0,0,A,A,0,No Deposit,85.0,0,Transient,68.0,0,0
City Hotel,0,77,2016,December,50,8,0,3,2,0.0,0,BB,ESP,Offline TA/TO,TA/TO,0,0,0,A,A,0,No Deposit,28.0,0,Transient,75.0,0,0
City Hotel,0,5,2016,December,50,10,0,1,2,0.0,0,BB,PRT,Direct,Direct,0,0,0,A,A,0,No Deposit,,0,Transient-Party,101.0,0,2
City Hotel,0,5,2016,December,50,10,0,1,2,0.0,0,BB,PRT,Direct,Direct,0,0,0,A,A,0,No Deposit,,0,Transient-Party,101.0,0,1
City Hotel,0,286,2016,December,50,9,0,2,2,0.0,0,BB,BLR,Online TA,TA/TO,0,0,0,A,A,0,No Deposit,9.0,0,Transient,78.3,0,2
City Hotel,0,51,2016,December,50,8,0,3,2,0.0,0,BB,AUT,Online TA,TA/TO,0,0,0,A,A,0,No Deposit,7.0,0,Transient,68.47,0,1
City Hotel,0,80,2016,December,50,9,0,2,2,0.0,0,BB,FRA,Offline TA/TO,TA/TO,0,0,0,A,D,0,No Deposit,28.0,0,Transient,75.0,0,0
City Hotel,0,58,2016,December,50,9,0,2,2,0.0,0,BB,ITA,Online TA,TA/TO,0,0,0,A,A,0,No Deposit,9.0,0,Transient,102.6,1,1
City Hotel,0,58,2016,December,50,9,0,2,2,0.0,0,BB,ITA,Online TA,TA/TO,0,0,0,A,A,0,No Deposit,9.0,0,Transient,93.6,0,1
City Hotel,0,61,2016,December,50,7,0,4,2,0.0,0,BB,ESP,Online TA,TA/TO,0,0,0,D,D,0,No Deposit,9.0,0,Transient,96.9,0,1
City Hotel,0,4,2016,December,50,7,0,4,2,0.0,0,SC,ESP,Online TA,TA/TO,0,0,0,A,A,0,No Deposit,9.0,0,Transient,88.26,0,2
City Hotel,0,22,2016,December,50,8,0,3,2,0.0,0,BB,PRT,Complementary,TA/TO,0,0,0,A,A,0,No Deposit,141.0,0,Transient,0.0,0,2
City Hotel,0,11,2017,April,16,21,0,2,2,0.0,0,BB,PRT,Offline TA/TO,TA/TO,1,0,1,A,D,2,No Deposit,141.0,0,Transient,75.0,0,1
City Hotel,0,0,2016,December,50,10,0,1,2,0.0,0,BB,SWE,Online TA,TA/TO,0,0,0,D,D,0,No Deposit,9.0,0,Transient,133.0,0,0
City Hotel,0,0,2016,December,50,10,0,1,2,0.0,0,BB,PRT,Online TA,TA/TO,0,0,0,D,D,0,No Deposit,9.0,0,Transient,133.0,0,0
City Hotel,0,7,2016,December,50,9,0,2,2,0.0,0,BB,FRA,Online TA,TA/TO,0,0,0,A,A,1,No Deposit,9.0,0,Transient,124.0,0,1
City Hotel,0,16,2016,December,50,8,0,3,2,0.0,0,BB,FRA,Online TA,TA/TO,0,0,0,A,A,0,No Deposit,9.0,0,Transient,108.67,0,0
City Hotel,0,80,2016,December,50,9,0,2,2,0.0,0,BB,FRA,Offline TA/TO,TA/TO,0,0,0,A,D,0,No Deposit,28.0,0,Transient,75.0,0,0
City Hotel,0,5,2016,December,50,8,0,3,2,0.0,0,BB,TUR,Online TA,TA/TO,0,0,0,D,E,0,No Deposit,9.0,0,Transient,121.0,0,1
City Hotel,0,0,2016,December,50,8,0,3,2,0.0,0,BB,BRA,Direct,Direct,0,0,0,A,D,0,No Deposit,,0,Transient,128.0,0,0
City Hotel,0,34,2016,December,49,3,2,6,2,0.0,0,HB,ESP,Online TA,TA/TO,0,0,0,A,A,0,No Deposit,8.0,0,Transient,120.7,0,2
City Hotel,0,2,2016,December,50,10,0,1,2,0.0,0,BB,PRT,Complementary,Direct,0,0,0,G,G,0,No Deposit,,0,Transient,0.0,0,2
City Hotel,0,17,2016,December,50,9,1,2,2,0.0,0,SC,CN,Online TA,TA/TO,0,0,0,A,A,0,No Deposit,9.0,0,Transient,92.67,0,0
City Hotel,0,74,2016,December,50,9,1,2,2,0.0,0,BB,FRA,Offline TA/TO,TA/TO,0,0,0,A,D,0,No Deposit,28.0,0,Transient,75.0,0,0
City Hotel,0,270,2016,December,50,7,1,4,2,0.0,0,BB,GBR,Offline TA/TO,TA/TO,0,0,0,A,A,0,No Deposit,42.0,0,Transient,68.0,0,0
City Hotel,0,55,2016,December,50,9,1,2,2,0.0,0,SC,USA,Online TA,TA/TO,0,0,0,A,A,0,No Deposit,9.0,0,Transient,79.2,0,1
City Hotel,0,49,2016,December,50,8,1,3,2,0.0,0,SC,ITA,Online TA,TA/TO,0,0,0,A,A,0,No Deposit,9.0,0,Transient,83.8,1,2
City Hotel,0,137,2016,December,50,9,1,2,2,0.0,0,BB,ITA,Online TA,TA/TO,0,0,0,A,A,0,No Deposit,9.0,0,Transient,90.0,0,1
City Hotel,0,52,2016,December,50,9,1,2,2,0.0,0,BB,FRA,Offline TA/TO,TA/TO,0,0,0,A,D,0,No Deposit,28.0,0,Transient,72.0,0,0
City Hotel,0,50,2016,December,50,8,1,3,2,0.0,0,BB,FRA,Offline TA/TO,TA/TO,0,0,0,A,A,1,No Deposit,28.0,0,Transient,68.0,0,0
City Hotel,0,15,2016,December,50,10,1,1,2,0.0,0,BB,PRT,Online TA,TA/TO,0,0,0,A,A,0,No Deposit,9.0,0,Transient,107.5,0,0
City Hotel,0,1,2016,December,50,7,1,4,2,0.0,0,BB,CHE,Online TA,TA/TO,0,0,0,D,D,0,No Deposit,9.0,0,Transient,100.47,0,0
City Hotel,0,36,2016,December,50,9,1,2,2,0.0,0,SC,POL,Online TA,TA/TO,0,0,0,A,A,0,No Deposit,9.0,0,Transient,88.0,0,1
City Hotel,0,89,2016,December,50,10,1,1,2,0.0,0,BB,ITA,Online TA,TA/TO,0,0,0,A,A,0,No Deposit,9.0,0,Transient,104.0,0,2
City Hotel,0,89,2016,December,50,10,1,1,2,0.0,0,BB,ITA,Online TA,TA/TO,0,0,0,A,A,0,No Deposit,9.0,0,Transient,104.0,0,2
City Hotel,0,89,2016,December,50,10,1,1,2,0.0,0,BB,ITA,Online TA,TA/TO,0,0,0,A,A,0,No Deposit,9.0,0,Transient,104.0,0,2
City Hotel,0,89,2016,December,50,10,1,1,2,0.0,0,BB,ITA,Online TA,TA/TO,0,0,0,A,D,0,No Deposit,9.0,0,Transient,104.0,0,2
City Hotel,0,17,2016,December,50,8,1,3,2,0.0,0,BB,ESP,Online TA,TA/TO,0,0,0,A,D,0,No Deposit,9.0,0,Transient,100.38,0,0
City Hotel,0,278,2016,December,50,9,1,2,2,0.0,0,BB,DEU,Online TA,TA/TO,0,0,0,A,A,0,No Deposit,9.0,0,Transient,78.3,0,3
City Hotel,0,18,2016,December,51,11,1,0,2,0.0,0,BB,PRT,Offline TA/TO,TA/TO,0,0,0,A,A,0,No Deposit,378.0,0,Transient-Party,80.0,0,0
City Hotel,0,278,2016,December,50,9,1,2,2,0.0,0,BB,DEU,Online TA,TA/TO,0,0,0,A,A,0,No Deposit,9.0,0,Transient,78.3,0,2
City Hotel,0,18,2016,December,51,11,1,0,2,0.0,0,BB,PRT,Offline TA/TO,TA/TO,0,0,0,A,A,0,No Deposit,378.0,0,Transient-Party,80.0,0,0
City Hotel,0,18,2016,December,51,11,1,0,2,0.0,0,BB,FRA,Offline TA/TO,TA/TO,0,0,0,A,A,0,No Deposit,378.0,0,Transient-Party,80.0,0,0
City Hotel,0,18,2016,December,51,11,1,0,2,0.0,0,BB,PRT,Offline TA/TO,TA/TO,0,0,0,A,A,0,No Deposit,378.0,0,Transient-Party,80.0,0,0
City Hotel,0,18,2016,December,51,11,1,0,2,0.0,0,BB,FRA,Offline TA/TO,TA/TO,0,0,0,A,A,0,No Deposit,378.0,0,Transient-Party,80.0,0,0
City Hotel,0,18,2016,December,51,11,1,0,2,0.0,0,BB,PRT,Offline TA/TO,TA/TO,0,0,0,A,A,0,No Deposit,378.0,0,Transient-Party,80.0,0,0
City Hotel,0,18,2016,December,51,11,1,0,2,0.0,0,BB,PRT,Offline TA/TO,TA/TO,0,0,0,A,A,0,No Deposit,378.0,0,Transient-Party,80.0,0,0
City Hotel,0,25,2016,December,50,7,1,4,2,0.0,0,BB,JPN,Online TA,TA/TO,0,0,0,D,D,0,No Deposit,9.0,0,Transient,96.9,0,2
City Hotel,0,18,2016,December,51,11,1,0,2,0.0,0,BB,PRT,Offline TA/TO,TA/TO,0,0,0,A,A,0,No Deposit,378.0,0,Transient-Party,89.0,0,0
City Hotel,0,78,2016,December,50,8,1,3,2,0.0,0,BB,DZA,Online TA,TA/TO,0,0,0,A,A,0,No Deposit,9.0,0,Transient,88.4,0,1
City Hotel,0,18,2016,December,50,8,1,3,2,0.0,0,BB,PRT,Online TA,TA/TO,0,0,0,A,A,0,No Deposit,9.0,0,Transient,91.38,0,0
City Hotel,0,0,2016,December,51,12,1,0,2,0.0,0,BB,ESP,Direct,Direct,1,0,0,A,A,0,No Deposit,,0,Transient,88.0,0,0
City Hotel,0,123,2016,December,50,9,1,2,2,0.0,0,BB,ITA,Online TA,TA/TO,0,0,0,A,D,0,No Deposit,9.0,0,Transient,90.0,0,2
City Hotel,0,68,2016,December,50,8,1,3,2,0.0,0,BB,ITA,Online TA,TA/TO,0,0,0,A,A,0,No Deposit,9.0,0,Transient,88.4,0,1
City Hotel,0,5,2016,December,50,10,1,1,2,0.0,0,BB,AUT,Online TA,TA/TO,0,0,0,A,A,0,No Deposit,9.0,0,Transient,107.5,0,1
City Hotel,0,71,2016,December,50,7,1,4,2,0.0,0,SC,ESP,Online TA,TA/TO,0,0,0,A,A,0,No Deposit,9.0,0,Transient,74.8,0,1
City Hotel,0,56,2016,December,50,9,1,2,2,0.0,0,BB,GBR,Online TA,TA/TO,0,0,0,A,A,0,No Deposit,9.0,0,Transient,93.6,0,1
City Hotel,0,4,2016,December,50,9,1,2,2,0.0,0,BB,GBR,Online TA,TA/TO,0,0,0,D,D,0,No Deposit,9.0,0,Transient,118.67,0,1
City Hotel,0,53,2016,December,50,9,1,2,2,0.0,0,SC,CHE,Online TA,TA/TO,0,0,0,A,A,0,No Deposit,7.0,0,Transient,60.98,0,1
City Hotel,0,55,2016,December,50,10,1,1,2,0.0,0,SC,AUS,Online TA,TA/TO,0,0,0,A,A,0,No Deposit,9.0,0,Transient,79.2,0,2
City Hotel,0,20,2016,December,50,9,1,2,2,0.0,0,SC,IRL,Online TA,TA/TO,0,0,0,A,A,0,No Deposit,9.0,0,Transient,92.67,0,1
City Hotel,0,56,2016,December,50,9,1,2,2,0.0,0,BB,GBR,Online TA,TA/TO,0,0,0,A,A,0,No Deposit,9.0,0,Transient,93.6,0,1
City Hotel,0,104,2016,December,50,8,1,3,2,0.0,0,BB,CHE,Online TA,TA/TO,0,0,0,A,A,0,No Deposit,9.0,0,Transient,88.4,0,1
City Hotel,0,93,2016,December,50,10,1,1,2,0.0,0,BB,PRT,Offline TA/TO,TA/TO,0,0,0,A,C,0,No Deposit,22.0,0,Transient,68.0,0,1
City Hotel,0,16,2016,December,50,9,1,2,2,0.0,0,BB,DEU,Direct,Direct,0,0,0,A,A,0,No Deposit,14.0,0,Transient,81.09,0,1
City Hotel,0,17,2016,December,50,8,1,3,2,0.0,0,BB,FRA,Online TA,TA/TO,0,0,0,A,A,0,No Deposit,9.0,0,Transient,91.38,0,0
City Hotel,0,68,2016,December,50,10,2,1,2,0.0,0,BB,USA,Direct,Direct,0,0,0,A,A,0,No Deposit,14.0,0,Transient,79.2,0,0
City Hotel,0,153,2016,December,50,10,2,1,2,0.0,0,BB,GBR,Online TA,TA/TO,0,0,0,A,A,0,No Deposit,9.0,0,Transient,90.0,0,1
City Hotel,0,52,2016,December,50,9,2,2,2,0.0,0,BB,NLD,Online TA,TA/TO,0,0,0,D,D,0,No Deposit,9.0,0,Transient,96.9,0,1
City Hotel,0,0,2016,December,50,6,2,5,2,0.0,0,BB,ITA,Online TA,TA/TO,0,0,0,A,A,0,No Deposit,9.0,0,Transient,90.1,0,1
City Hotel,0,7,2016,December,50,9,2,2,2,0.0,0,SC,PRT,Online TA,TA/TO,0,0,0,A,A,0,No Deposit,9.0,0,Transient,86.78,0,1
City Hotel,0,12,2016,December,51,12,1,0,2,0.0,0,BB,ITA,Online TA,TA/TO,0,0,0,A,A,0,No Deposit,9.0,0,Transient,104.0,0,0
City Hotel,0,15,2016,December,50,10,2,1,2,0.0,0,SC,ITA,Online TA,TA/TO,0,0,0,A,A,0,No Deposit,9.0,0,Transient,90.33,0,1
City Hotel,0,1,2016,December,50,10,2,1,2,0.0,0,SC,FRA,Online TA,TA/TO,0,0,0,A,A,0,No Deposit,9.0,0,Transient,90.33,0,1
City Hotel,0,8,2016,December,51,12,1,0,2,0.0,0,BB,PRT,Online TA,TA/TO,0,0,0,D,D,0,No Deposit,9.0,0,Transient,114.0,0,2
City Hotel,0,198,2016,December,50,8,2,3,2,0.0,0,SC,ESP,Online TA,TA/TO,0,0,0,A,A,0,No Deposit,8.0,0,Transient,63.75,0,2
City Hotel,0,114,2016,December,51,12,1,0,2,0.0,0,SC,CHE,Online TA,TA/TO,0,0,0,A,D,0,No Deposit,9.0,0,Transient,79.2,0,1
City Hotel,0,5,2016,December,50,10,2,1,2,0.0,0,BB,ITA,Online TA,TA/TO,0,0,0,D,D,0,No Deposit,9.0,0,Transient,125.33,0,1
City Hotel,0,22,2016,December,50,8,2,3,2,0.0,0,BB,ITA,Online TA,TA/TO,0,0,0,A,A,0,No Deposit,9.0,0,Transient,90.78,0,1
City Hotel,0,16,2016,December,50,7,2,4,2,0.0,0,BB,ITA,Online TA,TA/TO,0,0,0,A,A,0,No Deposit,9.0,0,Transient,90.38,0,0
City Hotel,0,6,2016,December,51,12,1,0,2,0.0,0,BB,NLD,Online TA,TA/TO,0,0,0,A,A,1,No Deposit,9.0,0,Transient,108.0,0,1
City Hotel,0,9,2016,December,50,9,2,2,2,0.0,0,BB,LUX,Online TA,TA/TO,0,0,0,D,D,0,No Deposit,9.0,0,Transient,99.88,0,2
City Hotel,0,4,2016,December,50,9,2,3,2,0.0,0,BB,PRT,Online TA,TA/TO,0,0,0,A,K,0,No Deposit,9.0,0,Transient,90.78,0,0
City Hotel,0,5,2016,December,51,13,0,1,2,0.0,0,BB,USA,Online TA,TA/TO,0,0,0,A,A,0,No Deposit,9.0,0,Transient,96.0,0,1
City Hotel,0,0,2016,December,50,10,2,2,2,0.0,0,BB,TUR,Online TA,TA/TO,0,0,0,A,A,0,No Deposit,9.0,0,Transient,89.89,0,0
City Hotel,0,0,2016,December,51,13,0,1,2,0.0,0,BB,PRT,Corporate,Corporate,0,0,0,A,A,1,No Deposit,,0,Transient,84.0,0,1
City Hotel,0,1,2016,December,51,12,1,1,2,0.0,0,BB,NLD,Direct,Direct,0,0,0,A,A,1,No Deposit,14.0,0,Transient,88.0,0,2
City Hotel,0,25,2016,December,50,10,2,2,2,0.0,0,BB,FRA,Online TA,TA/TO,0,0,0,A,A,0,No Deposit,9.0,0,Transient,89.89,0,2
City Hotel,0,34,2016,December,50,10,2,2,2,0.0,0,BB,CHE,Online TA,TA/TO,0,0,0,A,A,0,No Deposit,7.0,0,Transient,68.07,0,1
City Hotel,0,83,2016,December,51,11,2,1,2,0.0,0,BB,FRA,Offline TA/TO,TA/TO,0,0,0,A,D,0,No Deposit,28.0,0,Transient,75.0,0,0
City Hotel,0,83,2016,December,51,11,2,1,2,0.0,0,BB,FRA,Offline TA/TO,TA/TO,0,0,0,A,D,0,No Deposit,28.0,0,Transient,75.0,0,0
City Hotel,0,217,2016,December,50,5,3,7,2,0.0,0,SC,BRA,Online TA,TA/TO,0,0,0,A,A,1,No Deposit,7.0,0,Transient,46.63,0,2
City Hotel,0,217,2016,December,50,5,3,7,2,0.0,0,SC,BRA,Online TA,TA/TO,0,0,0,A,A,0,No Deposit,7.0,0,Transient,46.63,0,1
City Hotel,0,15,2016,December,50,8,2,5,2,0.0,0,SC,HRV,Online TA,TA/TO,0,0,0,A,A,0,No Deposit,9.0,0,Transient,76.5,0,0
City Hotel,0,19,2016,December,51,12,1,2,2,0.0,0,HB,FRA,Offline TA/TO,TA/TO,0,0,0,A,A,1,No Deposit,28.0,0,Transient,98.0,0,0
City Hotel,0,2,2016,December,51,13,0,2,2,0.0,0,BB,ECU,Direct,Direct,0,0,0,A,A,0,No Deposit,14.0,0,Transient,68.25,0,1
City Hotel,0,110,2016,December,51,11,2,2,2,0.0,0,BB,GBR,Direct,Direct,0,0,0,A,A,0,No Deposit,14.0,0,Transient,79.2,0,0
City Hotel,0,1,2016,December,51,14,0,1,2,0.0,0,SC,CHE,Online TA,TA/TO,0,0,0,A,B,0,No Deposit,9.0,0,Transient,78.0,0,2
City Hotel,0,82,2016,December,50,10,2,3,2,0.0,0,BB,CHE,Online TA,TA/TO,0,0,0,A,A,0,No Deposit,7.0,0,Transient,64.67,0,1
City Hotel,0,12,2016,December,50,10,2,3,2,0.0,0,BB,LVA,Online TA,TA/TO,0,0,0,A,A,0,No Deposit,9.0,0,Transient,89.59,0,1
City Hotel,0,31,2016,December,51,12,1,3,2,0.0,0,HB,FRA,Online TA,TA/TO,0,0,0,A,A,0,No Deposit,9.0,0,Transient,120.7,0,4
City Hotel,0,6,2016,December,51,12,1,3,2,0.0,0,BB,DEU,Online TA,TA/TO,0,0,0,A,D,0,No Deposit,9.0,0,Transient,88.4,0,1
City Hotel,0,4,2016,December,51,15,0,1,2,0.0,0,SC,PRT,Online TA,TA/TO,0,0,0,A,A,0,No Deposit,9.0,0,Transient,78.0,0,2
City Hotel,0,230,2016,December,51,12,1,3,2,0.0,0,BB,ESP,Online TA,TA/TO,0,0,0,A,A,0,No Deposit,9.0,0,Transient,82.95,0,1
City Hotel,0,1,2016,December,51,13,0,3,2,0.0,0,SC,IRN,Online TA,TA/TO,0,0,0,A,K,0,No Deposit,9.0,0,Transient,78.0,0,1
City Hotel,0,40,2016,December,51,13,0,3,2,0.0,0,SC,MOZ,Online TA,TA/TO,0,0,0,A,A,0,No Deposit,9.0,0,Transient,94.67,0,2
City Hotel,0,58,2016,December,51,13,0,4,2,0.0,0,SC,KOR,Online TA,TA/TO,0,0,0,A,A,0,No Deposit,7.0,0,Transient,57.6,0,1
City Hotel,0,86,2016,December,51,15,0,2,2,0.0,0,BB,FRA,Offline TA/TO,TA/TO,0,0,0,A,D,0,No Deposit,28.0,0,Transient,75.0,0,0
City Hotel,0,57,2016,December,51,12,1,4,2,0.0,0,BB,FRA,Online TA,TA/TO,0,0,0,A,A,0,No Deposit,7.0,0,Transient,64.67,0,1
City Hotel,0,2,2016,December,51,16,0,1,2,0.0,0,SC,IRN,Online TA,Direct,0,0,0,A,A,0,No Deposit,,0,Transient,78.0,0,1
City Hotel,0,87,2016,December,51,16,0,2,2,0.0,0,BB,FRA,Online TA,TA/TO,0,0,0,A,A,1,No Deposit,9.0,0,Transient,93.6,0,2
City Hotel,0,234,2016,December,51,12,1,4,2,0.0,0,BB,DEU,Online TA,TA/TO,0,0,0,A,A,2,No Deposit,9.0,0,Transient,76.84,0,1
City Hotel,0,27,2016,December,51,13,0,4,2,0.0,0,BB,FRA,Online TA,TA/TO,0,0,0,A,A,0,No Deposit,9.0,0,Transient,88.4,0,1
City Hotel,0,6,2016,December,51,16,0,1,2,0.0,0,BB,TUR,Direct,TA/TO,0,0,0,A,A,0,No Deposit,,0,Transient,78.0,0,0
City Hotel,0,292,2016,December,51,13,0,4,2,0.0,0,BB,ITA,Direct,Direct,0,0,0,D,D,0,No Deposit,14.0,0,Transient-Party,81.6,0,1
City Hotel,0,292,2016,December,51,13,0,4,2,0.0,0,BB,ITA,Direct,Direct,0,0,0,D,D,0,No Deposit,14.0,0,Transient-Party,81.6,0,1
City Hotel,0,24,2016,December,51,13,0,4,2,0.0,0,BB,FRA,Online TA,TA/TO,0,0,0,A,A,0,No Deposit,7.0,0,Transient,68.07,0,0
City Hotel,0,11,2016,December,51,16,0,1,2,0.0,0,BB,PRT,Online TA,TA/TO,0,0,0,A,A,0,No Deposit,8.0,0,Transient,104.0,0,1
City Hotel,0,9,2016,December,51,16,0,1,2,0.0,0,BB,PRT,Direct,Direct,0,0,0,A,A,0,No Deposit,,0,Transient,98.0,0,0
City Hotel,0,23,2016,December,51,16,0,1,2,0.0,0,BB,PRT,Direct,Direct,0,0,0,A,A,4,No Deposit,14.0,0,Transient,86.0,1,0
City Hotel,0,53,2016,December,51,16,0,1,2,0.0,0,SC,PRT,Online TA,TA/TO,0,0,0,A,A,0,No Deposit,9.0,0,Transient,79.2,0,2
City Hotel,0,34,2016,December,51,16,0,1,2,0.0,0,SC,TUR,Online TA,TA/TO,0,0,0,A,A,0,No Deposit,9.0,0,Transient,88.0,0,2
City Hotel,0,34,2016,December,51,16,0,1,2,0.0,0,SC,TUR,Online TA,TA/TO,0,0,0,A,A,0,No Deposit,9.0,0,Transient,88.0,0,2
City Hotel,0,32,2016,December,51,14,0,3,2,0.0,0,BB,GBR,Online TA,TA/TO,0,0,0,D,D,2,No Deposit,7.0,0,Transient,87.78,0,2
City Hotel,0,5,2016,December,51,15,0,3,2,0.0,0,BB,FRA,Online TA,TA/TO,0,0,0,A,A,0,No Deposit,8.0,0,Transient,96.0,0,1
City Hotel,0,12,2016,December,51,15,0,3,2,0.0,0,BB,PRT,Online TA,TA/TO,0,0,0,D,D,0,No Deposit,9.0,0,Transient,117.0,0,0
City Hotel,0,35,2016,December,50,9,2,7,2,0.0,0,BB,BRA,Online TA,TA/TO,0,0,0,A,A,0,No Deposit,7.0,0,Transient,68.07,0,1
City Hotel,0,36,2016,December,50,10,2,6,2,0.0,0,BB,BRA,Online TA,TA/TO,0,0,0,A,A,0,No Deposit,7.0,0,Transient,68.07,0,1
City Hotel,0,0,2016,December,51,17,0,1,2,0.0,0,BB,PRT,Direct,Direct,0,0,0,A,A,1,No Deposit,,0,Transient,89.0,0,0
City Hotel,0,24,2016,December,51,15,0,3,2,0.0,0,BB,GBR,Online TA,TA/TO,0,0,0,A,A,0,No Deposit,9.0,0,Transient,104.0,0,1
City Hotel,0,2,2016,December,51,12,1,5,2,0.0,0,SC,GBR,Online TA,TA/TO,0,0,0,A,A,1,No Deposit,9.0,0,Transient,68.5,0,1
City Hotel,0,53,2016,December,51,15,0,3,2,0.0,0,SC,FRA,Online TA,TA/TO,0,0,0,A,A,0,No Deposit,9.0,0,Transient,79.2,0,0
City Hotel,0,28,2016,December,51,16,0,2,2,0.0,0,BB,PRT,Complementary,Direct,0,0,0,A,A,0,No Deposit,,0,Transient,0.0,0,0
City Hotel,0,5,2016,December,51,14,0,4,2,0.0,0,SC,SRB,Online TA,TA/TO,0,0,0,A,A,0,No Deposit,9.0,0,Transient,66.3,0,2
City Hotel,0,88,2016,December,51,15,0,3,2,0.0,0,SC,PRT,Online TA,TA/TO,0,0,0,A,A,0,No Deposit,9.0,0,Transient,79.2,0,1
City Hotel,0,1,2016,December,51,17,0,1,2,0.0,0,BB,PRT,Complementary,Direct,0,0,0,F,F,0,No Deposit,,0,Transient,0.0,0,1
City Hotel,0,87,2016,December,51,15,0,3,2,0.0,0,BB,CHE,Offline TA/TO,TA/TO,0,0,0,A,D,0,No Deposit,28.0,0,Transient,75.0,0,0
City Hotel,0,17,2016,December,51,16,0,2,2,0.0,0,SC,BGR,Online TA,TA/TO,0,0,0,A,A,0,No Deposit,9.0,0,Transient,88.0,0,0
City Hotel,0,213,2016,December,51,17,0,1,2,0.0,0,SC,DEU,Online TA,TA/TO,0,0,0,A,A,0,No Deposit,9.0,0,Transient,67.5,0,0
City Hotel,0,40,2016,December,51,16,0,2,2,0.0,0,BB,BEL,Online TA,TA/TO,0,0,0,A,A,1,No Deposit,9.0,0,Transient,106.0,0,1
City Hotel,0,3,2016,November,47,14,9,25,2,0.0,0,BB,PRT,Corporate,Corporate,0,0,0,A,A,3,No Deposit,,0,Transient,93.0,0,0
City Hotel,0,67,2016,December,51,16,0,2,2,0.0,0,BB,ESP,Offline TA/TO,TA/TO,0,0,0,A,A,0,No Deposit,28.0,0,Transient,68.0,0,0
City Hotel,0,29,2016,December,51,17,0,1,2,0.0,0,HB,PRT,Online TA,TA/TO,0,0,0,A,A,1,No Deposit,9.0,0,Transient,144.0,0,0
City Hotel,0,17,2016,December,50,9,2,7,2,0.0,0,HB,ROU,Offline TA/TO,TA/TO,0,0,0,D,D,1,No Deposit,16.0,0,Transient,108.2,0,0
City Hotel,0,38,2016,December,51,16,0,2,2,0.0,0,BB,PRT,Complementary,TA/TO,0,0,0,A,A,0,No Deposit,132.0,0,Transient,0.0,0,0
City Hotel,0,13,2016,December,51,14,0,4,2,0.0,0,BB,FRA,Online TA,TA/TO,0,0,0,A,A,0,No Deposit,9.0,0,Transient,88.4,0,1
City Hotel,0,4,2016,December,51,16,0,2,2,0.0,0,BB,PRT,Complementary,Direct,0,0,0,A,A,0,No Deposit,,0,Transient,0.0,0,1
City Hotel,0,2,2016,December,51,16,0,2,2,0.0,0,BB,PRT,Direct,Direct,0,0,0,E,E,0,No Deposit,14.0,0,Transient,127.0,1,2
City Hotel,0,26,2016,December,51,14,0,4,2,0.0,0,BB,BRA,Online TA,TA/TO,0,0,0,A,A,0,No Deposit,9.0,0,Transient,88.4,0,1
City Hotel,0,27,2016,December,51,14,1,4,2,0.0,0,HB,FRA,Online TA,TA/TO,0,0,0,D,D,0,No Deposit,9.0,0,Transient,138.2,1,3
City Hotel,0,61,2016,December,51,16,1,2,2,0.0,0,BB,FRA,Direct,Direct,0,0,0,A,A,0,No Deposit,14.0,0,Transient,79.2,0,0
City Hotel,0,39,2016,December,52,18,1,0,2,0.0,0,BB,FRA,Online TA,TA/TO,0,0,0,A,A,0,No Deposit,83.0,0,Transient,74.88,0,1
City Hotel,0,1,2016,December,52,18,1,0,2,0.0,0,BB,PRT,Online TA,TA/TO,0,0,0,A,A,1,No Deposit,9.0,0,Transient,89.5,0,1
City Hotel,0,59,2016,December,51,17,1,1,2,0.0,0,BB,BRA,Offline TA/TO,TA/TO,0,0,0,A,A,0,No Deposit,52.0,0,Transient,72.0,0,0
City Hotel,0,45,2016,December,51,16,1,2,2,0.0,0,SC,ITA,Online TA,TA/TO,0,0,0,A,A,0,No Deposit,9.0,0,Transient,79.2,0,1
City Hotel,0,60,2016,December,51,16,1,2,2,0.0,0,BB,CHE,Online TA,TA/TO,0,0,0,A,A,0,No Deposit,9.0,0,Transient,93.6,0,2
City Hotel,0,26,2016,December,51,17,1,1,2,0.0,0,BB,FRA,Online TA,TA/TO,0,0,0,A,A,0,No Deposit,9.0,0,Transient,104.0,0,0
City Hotel,0,14,2016,December,52,18,1,0,2,0.0,0,BB,NLD,Online TA,TA/TO,0,0,0,A,A,0,No Deposit,9.0,0,Transient,104.0,0,2
City Hotel,0,9,2016,December,51,16,1,2,2,0.0,0,BB,FRA,Offline TA/TO,TA/TO,0,0,0,A,A,0,No Deposit,28.0,0,Transient,68.0,0,0
City Hotel,0,253,2016,December,51,13,1,5,2,0.0,0,BB,DEU,Online TA,TA/TO,0,0,0,A,A,0,No Deposit,9.0,0,Transient,73.95,0,2
City Hotel,0,7,2016,December,51,17,1,1,2,0.0,0,SC,PRT,Online TA,TA/TO,0,0,0,A,A,0,No Deposit,9.0,0,Transient,78.0,0,1
City Hotel,0,32,2016,December,51,17,1,1,2,0.0,0,BB,PRT,Complementary,Direct,0,0,0,A,A,0,No Deposit,,0,Transient,0.0,0,1
City Hotel,0,81,2016,December,51,16,1,2,2,0.0,0,BB,FRA,Offline TA/TO,TA/TO,0,0,0,A,D,0,No Deposit,28.0,0,Transient,75.0,0,0
City Hotel,0,81,2016,December,51,16,1,2,2,0.0,0,BB,FRA,Offline TA/TO,TA/TO,0,0,0,A,D,0,No Deposit,28.0,0,Transient,75.0,0,0
City Hotel,0,10,2016,December,51,16,1,2,2,0.0,0,BB,FRA,Online TA,TA/TO,0,0,0,A,A,0,No Deposit,89.0,0,Transient,79.2,0,0
City Hotel,0,45,2016,December,51,15,2,3,2,0.0,0,HB,FRA,Offline TA/TO,TA/TO,0,0,0,A,A,0,No Deposit,22.0,0,Transient,72.0,0,0
City Hotel,0,3,2016,December,52,19,1,0,2,0.0,0,BB,PRT,Online TA,TA/TO,0,0,0,A,A,0,No Deposit,9.0,0,Transient,97.5,0,1
City Hotel,0,2,2016,December,52,18,2,0,2,0.0,0,BB,SWE,Online TA,TA/TO,0,0,0,A,A,0,No Deposit,9.0,0,Transient,96.0,0,1
City Hotel,0,83,2016,December,52,18,2,0,2,0.0,0,BB,FRA,Offline TA/TO,TA/TO,0,0,0,A,D,0,No Deposit,28.0,0,Transient,75.0,0,0
City Hotel,0,83,2016,December,52,18,2,0,2,0.0,0,BB,FRA,Offline TA/TO,TA/TO,0,0,0,A,D,0,No Deposit,28.0,0,Transient,75.0,0,0
City Hotel,0,2,2016,December,52,18,2,0,2,0.0,0,BB,ITA,Online TA,TA/TO,0,0,0,A,A,0,No Deposit,9.0,0,Transient,106.5,1,1
City Hotel,0,45,2016,December,52,18,2,0,2,0.0,0,SC,DEU,Online TA,TA/TO,0,0,0,A,A,0,No Deposit,9.0,0,Transient,79.2,0,0
City Hotel,0,101,2016,December,51,15,2,3,2,0.0,0,BB,USA,Direct,Direct,0,0,0,G,G,0,No Deposit,14.0,0,Transient,200.0,0,0
City Hotel,0,65,2016,December,51,17,2,1,2,0.0,0,BB,GBR,Offline TA/TO,TA/TO,0,0,0,A,A,0,No Deposit,42.0,0,Transient,68.0,0,0
City Hotel,0,87,2016,December,51,17,2,1,2,0.0,0,BB,FRA,Offline TA/TO,TA/TO,0,0,0,A,D,0,No Deposit,28.0,0,Transient,75.0,0,0
City Hotel,0,20,2016,December,52,18,2,0,2,0.0,0,SC,PRT,Online TA,TA/TO,0,0,0,A,A,0,No Deposit,8.0,0,Transient,97.0,0,1
City Hotel,0,32,2016,December,51,17,2,2,2,0.0,0,SC,USA,Online TA,TA/TO,0,0,0,A,A,0,No Deposit,7.0,0,Transient,66.59,1,1
City Hotel,0,47,2016,December,51,17,2,2,2,0.0,0,BB,FRA,Online TA,TA/TO,0,0,0,A,A,4,No Deposit,9.0,0,Transient,93.6,0,2
City Hotel,0,86,2016,December,52,18,2,1,2,0.0,0,BB,FRA,Offline TA/TO,TA/TO,0,0,0,A,D,0,No Deposit,28.0,0,Transient,75.0,0,0
City Hotel,0,88,2016,December,52,18,2,1,2,0.0,0,BB,FRA,Offline TA/TO,TA/TO,0,0,0,A,D,0,No Deposit,28.0,0,Transient,75.0,0,0
City Hotel,0,88,2016,December,52,18,2,1,2,0.0,0,BB,FRA,Offline TA/TO,TA/TO,0,0,0,A,D,0,No Deposit,28.0,0,Transient,75.0,0,0
City Hotel,0,3,2016,December,52,19,1,1,2,0.0,0,SC,FRA,Online TA,TA/TO,0,0,0,A,A,0,No Deposit,9.0,0,Transient,79.5,0,2
City Hotel,0,0,2016,December,51,14,2,5,2,0.0,0,BB,GBR,Online TA,TA/TO,0,0,0,A,A,0,No Deposit,9.0,0,Transient,81.6,0,2
City Hotel,0,7,2016,December,52,19,1,1,2,0.0,0,BB,PRT,Direct,Direct,0,0,0,A,A,1,No Deposit,14.0,0,Transient,88.0,0,0
City Hotel,0,83,2016,December,52,18,2,1,2,0.0,0,BB,FRA,Offline TA/TO,TA/TO,0,0,0,A,D,0,No Deposit,28.0,0,Transient,75.0,0,0
City Hotel,0,83,2016,December,52,18,2,1,2,0.0,0,BB,FRA,Offline TA/TO,TA/TO,0,0,0,A,D,0,No Deposit,28.0,0,Transient,75.0,0,0
City Hotel,0,1,2016,December,52,20,0,1,2,0.0,0,SC,PRT,Online TA,TA/TO,0,0,0,A,A,2,No Deposit,9.0,0,Transient,79.5,0,3
City Hotel,0,126,2016,December,52,20,0,1,2,0.0,0,SC,BRA,Online TA,TA/TO,0,0,0,A,A,0,No Deposit,9.0,0,Transient,79.2,0,1
City Hotel,0,27,2016,December,51,17,2,2,2,0.0,0,SC,FRA,Online TA,TA/TO,0,0,0,A,A,0,No Deposit,7.0,0,Transient,54.71,0,0
City Hotel,0,5,2016,December,52,20,0,1,2,0.0,0,BB,PRT,Online TA,TA/TO,0,0,0,A,A,0,No Deposit,9.0,0,Transient,105.0,0,1
City Hotel,0,37,2016,December,51,14,2,5,2,0.0,0,BB,NLD,Online TA,TA/TO,0,0,0,A,A,0,No Deposit,8.0,0,Transient,88.39,0,1
City Hotel,0,39,2016,December,52,19,1,1,2,0.0,0,BB,PRT,Direct,Direct,0,0,0,A,A,1,No Deposit,,0,Transient,38.0,0,2
City Hotel,0,37,2016,December,51,14,2,5,2,0.0,0,BB,NLD,Online TA,TA/TO,0,0,0,A,A,0,No Deposit,8.0,0,Transient,96.1,0,1
City Hotel,0,79,2016,December,52,18,2,1,2,0.0,0,BB,PRT,Online TA,TA/TO,0,0,0,A,A,0,No Deposit,9.0,0,Transient,102.6,0,1
City Hotel,0,152,2016,December,52,18,2,2,2,0.0,0,SC,ISR,Online TA,TA/TO,0,0,0,A,A,0,No Deposit,9.0,0,Transient,74.8,0,2
City Hotel,0,93,2016,December,52,19,1,2,2,0.0,0,BB,GBR,Direct,Direct,0,0,0,A,A,0,No Deposit,14.0,0,Transient,98.0,0,0
City Hotel,0,26,2016,December,52,21,0,1,2,0.0,0,SC,USA,Online TA,TA/TO,0,0,0,A,A,0,No Deposit,7.0,0,Transient,67.76,0,1
City Hotel,0,87,2016,December,52,18,2,2,2,0.0,0,BB,FRA,Offline TA/TO,TA/TO,0,0,0,A,D,0,No Deposit,28.0,0,Transient,75.0,0,0
City Hotel,0,87,2016,December,52,18,2,2,2,0.0,0,BB,FRA,Offline TA/TO,TA/TO,0,0,0,A,D,0,No Deposit,28.0,0,Transient,75.0,0,0
City Hotel,0,8,2016,December,52,19,1,2,2,0.0,0,BB,FRA,Online TA,TA/TO,0,0,0,A,A,0,No Deposit,9.0,0,Transient,96.0,0,1
City Hotel,0,115,2016,December,52,18,2,2,2,0.0,0,BB,NLD,Online TA,TA/TO,0,0,0,A,A,2,No Deposit,9.0,0,Transient,88.4,0,2
City Hotel,0,115,2016,December,52,18,2,2,2,0.0,0,BB,NLD,Online TA,TA/TO,0,0,0,A,A,2,No Deposit,9.0,0,Transient,88.4,0,2
City Hotel,0,1,2016,December,52,21,0,1,2,0.0,0,BB,PRT,Complementary,TA/TO,0,0,0,D,D,0,No Deposit,17.0,0,Transient,0.0,0,1
City Hotel,0,39,2016,December,52,19,1,2,2,0.0,0,HB,DEU,Offline TA/TO,TA/TO,0,0,0,A,A,0,No Deposit,16.0,0,Transient,102.0,0,0
City Hotel,0,345,2016,December,52,20,0,2,2,0.0,0,BB,PRT,Online TA,TA/TO,0,0,0,A,A,0,No Deposit,9.0,0,Transient,78.3,0,2
City Hotel,0,18,2016,December,52,18,2,2,2,0.0,0,BB,FRA,Online TA,TA/TO,0,0,0,A,A,0,No Deposit,7.0,0,Transient,68.07,0,0
City Hotel,0,0,2016,December,52,21,0,1,2,0.0,0,BB,PRT,Online TA,TA/TO,0,0,0,A,A,0,No Deposit,9.0,0,Transient,98.0,0,2
City Hotel,0,5,2016,December,52,18,2,2,2,0.0,0,BB,DEU,Offline TA/TO,TA/TO,0,0,0,A,A,0,No Deposit,22.0,0,Transient,80.0,0,0
City Hotel,0,36,2016,December,52,18,2,2,2,0.0,0,BB,FRA,Online TA,TA/TO,0,0,0,A,A,0,No Deposit,9.0,0,Transient,88.4,0,1
City Hotel,0,36,2016,December,52,18,2,2,2,0.0,0,BB,FRA,Online TA,TA/TO,0,0,0,A,A,0,No Deposit,9.0,0,Transient,88.4,0,1
City Hotel,0,5,2016,December,52,19,1,2,2,0.0,0,BB,CHN,Online TA,TA/TO,0,0,0,A,A,0,No Deposit,9.0,0,Transient,96.0,0,0
City Hotel,0,1,2016,December,52,22,0,1,2,0.0,0,BB,CHN,Direct,TA/TO,0,0,0,A,A,0,No Deposit,,0,Transient,96.0,0,0
City Hotel,0,7,2016,December,52,18,2,2,2,0.0,0,BB,FRA,Online TA,TA/TO,0,0,0,D,D,0,No Deposit,9.0,0,Transient,90.1,0,2
City Hotel,0,21,2016,December,52,19,1,3,2,0.0,0,BB,FRA,Online TA,TA/TO,0,0,0,A,A,0,No Deposit,9.0,0,Transient,88.4,0,0
City Hotel,0,2,2016,December,52,20,0,3,2,0.0,0,SC,FRA,Online TA,TA/TO,0,0,0,A,A,2,No Deposit,9.0,0,Transient,79.5,0,1
City Hotel,0,2,2016,December,52,20,0,3,2,0.0,0,SC,FRA,Online TA,TA/TO,0,0,0,A,A,0,No Deposit,9.0,0,Transient,79.5,0,1
City Hotel,0,6,2016,December,52,19,1,3,2,0.0,0,BB,FRA,Online TA,TA/TO,0,0,0,A,A,0,No Deposit,9.0,0,Transient,88.35,0,1
City Hotel,0,4,2016,December,52,19,1,3,2,0.0,0,BB,ITA,Online TA,TA/TO,0,0,0,A,A,0,No Deposit,9.0,0,Transient,81.6,0,2
City Hotel,0,29,2016,December,52,19,1,3,2,0.0,0,BB,FRA,Online TA,TA/TO,0,0,0,A,A,0,No Deposit,9.0,0,Transient,88.4,0,0
City Hotel,0,5,2016,December,52,18,2,3,2,0.0,0,BB,PRT,Direct,Direct,0,0,0,A,D,0,No Deposit,14.0,0,Transient,68.25,0,2
City Hotel,0,13,2016,December,52,18,2,4,2,0.0,0,BB,IRL,Online TA,TA/TO,0,0,0,A,A,0,No Deposit,9.0,0,Transient,88.4,0,2
City Hotel,0,53,2016,December,51,17,2,5,2,0.0,0,SC,USA,Online TA,TA/TO,0,0,0,A,A,0,No Deposit,9.0,0,Transient,74.8,0,2
City Hotel,0,53,2016,December,51,17,2,5,2,0.0,0,SC,USA,Online TA,TA/TO,0,0,0,A,A,0,No Deposit,9.0,0,Transient,74.8,0,2
City Hotel,0,127,2016,December,52,22,0,2,2,0.0,0,BB,IND,Online TA,TA/TO,0,0,0,A,A,0,No Deposit,9.0,0,Transient,90.0,0,3
City Hotel,0,300,2016,December,52,22,0,2,2,0.0,0,SC,MEX,Online TA,TA/TO,0,0,0,A,A,0,No Deposit,9.0,0,Transient,67.5,0,3
City Hotel,0,0,2016,December,52,19,1,4,2,0.0,0,BB,CHN,Online TA,TA/TO,0,0,0,A,A,0,No Deposit,9.0,0,Transient,82.88,0,0
City Hotel,0,142,2016,December,52,22,0,2,2,0.0,0,SC,BRA,Online TA,TA/TO,0,0,0,A,A,0,No Deposit,9.0,0,Transient,79.2,0,1
City Hotel,0,142,2016,December,52,22,0,2,2,0.0,0,SC,BRA,Online TA,TA/TO,0,0,0,A,A,0,No Deposit,9.0,0,Transient,79.2,0,1
City Hotel,0,0,2016,December,52,23,0,1,2,0.0,0,SC,PRT,Online TA,TA/TO,0,0,0,A,A,0,No Deposit,9.0,0,Transient,80.0,0,0
City Hotel,0,0,2016,December,52,21,0,3,2,0.0,0,SC,MOZ,Online TA,TA/TO,0,0,0,A,A,0,No Deposit,9.0,0,Transient,67.58,0,2
City Hotel,0,1,2016,December,52,23,0,1,2,0.0,0,SC,PRT,Online TA,TA/TO,0,0,0,A,A,0,No Deposit,152.0,0,Transient,59.03,0,1
City Hotel,0,67,2016,December,52,20,0,5,2,0.0,0,BB,FRA,Online TA,TA/TO,0,0,0,A,A,0,No Deposit,7.0,0,Transient,64.67,0,1
City Hotel,0,3,2016,December,52,21,0,4,2,0.0,0,SC,FRA,Online TA,TA/TO,0,0,0,A,A,0,No Deposit,8.0,0,Transient,67.57,0,1
City Hotel,0,13,2016,December,52,19,1,5,2,0.0,0,BB,FRA,Online TA,TA/TO,0,0,0,A,A,0,No Deposit,9.0,0,Transient,88.4,0,2
City Hotel,0,0,2016,December,52,23,0,2,2,0.0,0,BB,BEL,Online TA,TA/TO,0,0,0,A,A,2,No Deposit,9.0,0,Transient,89.0,1,2
City Hotel,0,6,2016,December,52,24,0,1,2,0.0,0,HB,PRT,Online TA,TA/TO,0,0,0,A,A,0,No Deposit,9.0,0,Transient,135.5,0,1
City Hotel,0,3,2016,December,52,21,0,4,2,0.0,0,BB,FRA,Online TA,TA/TO,0,0,0,A,A,0,No Deposit,9.0,0,Transient,82.88,0,1
City Hotel,0,89,2016,December,51,17,2,6,2,0.0,0,SC,BRA,Online TA,TA/TO,0,0,0,A,D,2,No Deposit,9.0,0,Transient,74.8,0,4
City Hotel,0,34,2016,December,52,24,0,1,2,0.0,0,BB,FRA,Online TA,TA/TO,0,0,0,A,A,0,No Deposit,155.0,0,Transient,116.0,0,1
City Hotel,0,98,2016,December,52,21,0,4,2,0.0,0,BB,FRA,Offline TA/TO,TA/TO,0,0,0,A,D,0,No Deposit,28.0,0,Transient,75.0,0,0
City Hotel,0,98,2016,December,52,21,0,4,2,0.0,0,BB,FRA,Offline TA/TO,TA/TO,0,0,0,A,A,0,No Deposit,28.0,0,Transient,75.0,0,0
City Hotel,0,2,2016,December,52,24,0,1,2,0.0,0,BB,PRT,Online TA,TA/TO,0,0,0,D,D,0,No Deposit,9.0,0,Transient,108.0,0,1
City Hotel,0,67,2016,December,52,20,0,5,2,0.0,0,BB,FRA,Online TA,TA/TO,0,0,0,A,A,0,No Deposit,7.0,0,Transient,64.67,0,1
City Hotel,0,15,2016,December,52,20,1,5,2,0.0,0,SC,CHN,Online TA,TA/TO,0,0,0,A,A,0,No Deposit,9.0,0,Transient,67.32,0,1
City Hotel,0,260,2016,December,53,25,1,0,2,0.0,0,SC,DEU,Online TA,TA/TO,0,0,0,A,A,0,No Deposit,9.0,0,Transient,67.5,0,2
City Hotel,0,272,2017,January,1,6,0,1,2,0.0,0,SC,DEU,Online TA,TA/TO,0,0,1,A,A,0,No Deposit,9.0,0,Group,71.1,0,2
City Hotel,0,260,2016,December,53,25,1,0,2,0.0,0,SC,DEU,Online TA,TA/TO,0,0,0,A,A,0,No Deposit,9.0,0,Transient,67.5,0,2
City Hotel,0,272,2017,January,1,6,0,1,2,0.0,0,SC,DEU,Online TA,TA/TO,0,0,1,A,A,0,No Deposit,9.0,0,Group,71.1,0,2
City Hotel,0,72,2016,December,52,23,1,2,2,0.0,0,BB,GBR,Online TA,TA/TO,0,0,0,A,A,0,No Deposit,9.0,0,Transient,93.6,0,1
City Hotel,0,197,2016,December,52,21,1,4,2,0.0,0,HB,FRA,Offline TA/TO,TA/TO,0,0,0,A,A,2,No Deposit,3.0,0,Transient-Party,113.4,0,0
City Hotel,0,197,2016,December,52,21,1,4,2,0.0,0,HB,FRA,Offline TA/TO,TA/TO,0,0,0,A,A,2,No Deposit,3.0,0,Transient-Party,113.4,0,0
City Hotel,0,197,2016,December,52,21,1,4,2,0.0,0,HB,FRA,Offline TA/TO,TA/TO,0,0,0,A,A,2,No Deposit,3.0,0,Transient-Party,113.4,0,0
City Hotel,0,9,2016,December,52,21,1,4,2,0.0,0,HB,FRA,Groups,TA/TO,0,0,0,A,A,2,No Deposit,3.0,0,Transient-Party,113.4,0,0
City Hotel,0,12,2016,December,52,21,1,4,2,0.0,0,HB,ESP,Direct,Direct,0,0,0,D,D,1,No Deposit,14.0,0,Transient,129.0,0,1
City Hotel,0,12,2016,December,52,21,1,4,2,0.0,0,HB,ESP,Direct,Direct,0,0,0,E,E,1,No Deposit,14.0,0,Transient,146.5,0,1
City Hotel,0,8,2016,December,52,22,1,3,2,0.0,0,BB,CHN,Online TA,TA/TO,0,0,0,A,A,0,No Deposit,9.0,0,Transient,87.98,0,3
City Hotel,0,0,2016,December,53,25,1,0,2,0.0,0,BB,BEL,Direct,Direct,0,0,0,A,A,0,No Deposit,,0,Transient,90.0,1,2
City Hotel,0,29,2016,December,52,23,1,2,2,0.0,0,BB,BEL,Online TA,TA/TO,0,0,0,A,A,0,No Deposit,9.0,0,Transient,104.0,0,0
City Hotel,0,20,2016,December,52,21,1,4,2,0.0,0,BB,BEL,Online TA,TA/TO,0,0,0,D,D,0,No Deposit,9.0,0,Transient,96.9,0,2
City Hotel,0,20,2016,December,52,22,1,3,2,0.0,0,BB,ECU,Online TA,TA/TO,0,0,0,F,F,0,No Deposit,9.0,0,Transient,147.9,0,0
City Hotel,0,1,2016,December,52,24,1,1,2,0.0,0,BB,DZA,Online TA,TA/TO,0,0,0,A,A,0,No Deposit,7.0,0,Transient,71.69,0,1
City Hotel,0,109,2016,December,52,20,2,5,2,0.0,0,SC,FRA,Online TA,TA/TO,0,0,0,A,A,1,No Deposit,9.0,0,Transient,74.8,0,1
City Hotel,0,73,2016,December,52,20,2,5,2,0.0,0,HB,FRA,Online TA,TA/TO,0,0,0,A,A,0,No Deposit,7.0,0,Transient,88.29,0,1
City Hotel,0,7,2016,December,51,13,4,10,2,0.0,0,BB,PRT,Online TA,TA/TO,0,0,0,A,D,0,No Deposit,9.0,0,Transient,88.4,0,0
City Hotel,0,7,2016,December,53,25,2,0,2,0.0,0,BB,FRA,Direct,Direct,0,0,0,A,A,1,No Deposit,14.0,0,Transient,89.5,0,0
City Hotel,0,66,2016,December,52,24,2,1,2,0.0,0,BB,SGP,Online TA,TA/TO,0,0,0,D,D,0,No Deposit,7.0,0,Transient,79.0,0,1
City Hotel,0,10,2016,December,52,23,2,2,2,0.0,0,SC,FRA,Online TA,TA/TO,0,0,0,A,A,0,No Deposit,9.0,0,Transient,74.8,0,1
City Hotel,0,10,2016,December,52,23,2,2,2,0.0,0,SC,FRA,Online TA,TA/TO,0,0,0,A,A,0,No Deposit,9.0,0,Transient,74.8,0,1
City Hotel,0,70,2016,December,52,23,2,2,2,0.0,0,BB,ITA,Online TA,TA/TO,0,0,0,B,B,3,No Deposit,9.0,0,Transient-Party,77.86,0,1
City Hotel,0,69,2016,December,52,23,2,2,2,0.0,0,BB,ITA,Online TA,TA/TO,0,0,0,B,B,0,No Deposit,9.0,0,Transient-Party,77.86,0,1
City Hotel,0,62,2016,December,52,24,2,1,2,0.0,0,SC,PRT,Online TA,TA/TO,0,0,0,A,A,0,No Deposit,9.0,0,Transient,79.2,0,1
City Hotel,0,92,2016,December,52,22,2,3,2,0.0,0,BB,GRC,Online TA,TA/TO,0,0,0,D,D,0,No Deposit,9.0,0,Transient,96.9,0,1
City Hotel,0,4,2016,December,53,26,1,0,2,0.0,0,BB,PRT,Online TA,TA/TO,0,0,0,A,A,0,No Deposit,9.0,0,Transient,98.0,0,1
City Hotel,0,21,2016,December,52,20,2,5,2,0.0,0,BB,ROU,Online TA,TA/TO,0,0,0,A,A,0,No Deposit,9.0,0,Transient,88.4,0,1
City Hotel,0,115,2016,December,52,23,2,2,2,0.0,0,BB,CHE,Online TA,TA/TO,0,0,0,E,E,0,No Deposit,83.0,0,Transient,91.12,0,0
City Hotel,0,0,2016,December,53,25,2,0,2,0.0,0,SC,FRA,Online TA,TA/TO,0,0,0,A,A,0,No Deposit,9.0,0,Transient,80.0,0,0
City Hotel,0,70,2016,December,52,22,2,3,2,0.0,0,SC,FRA,Online TA,TA/TO,0,0,0,A,A,0,No Deposit,9.0,0,Transient,74.8,0,3
City Hotel,0,3,2016,December,52,23,2,2,2,0.0,0,BB,PRT,Online TA,TA/TO,0,0,0,D,D,0,No Deposit,9.0,0,Transient,93.63,0,2
City Hotel,0,20,2016,December,52,23,2,2,2,0.0,0,BB,FRA,Online TA,TA/TO,0,0,0,A,A,0,No Deposit,9.0,0,Transient,102.4,0,0
City Hotel,0,36,2016,December,52,22,2,3,2,0.0,0,BB,ITA,Online TA,TA/TO,0,0,0,A,A,0,No Deposit,9.0,0,Transient,88.4,0,1
City Hotel,0,16,2016,December,52,22,2,3,2,0.0,0,BB,FRA,Online TA,TA/TO,0,0,0,A,D,0,No Deposit,89.0,0,Transient,70.72,0,0
City Hotel,0,0,2016,December,52,22,2,3,2,0.0,0,SC,MYS,Direct,Direct,0,0,0,A,A,3,No Deposit,,0,Transient,80.0,0,0
City Hotel,0,16,2016,December,52,22,2,3,2,0.0,0,BB,FRA,Online TA,TA/TO,0,0,0,D,A,0,No Deposit,89.0,0,Transient,77.53,0,0
City Hotel,0,20,2016,December,52,21,2,4,2,0.0,0,BB,ROU,Online TA,TA/TO,0,0,0,D,D,0,No Deposit,9.0,0,Transient,96.9,0,2
City Hotel,0,0,2016,December,53,26,1,0,2,0.0,0,BB,PRT,Direct,Direct,0,0,0,A,A,0,No Deposit,,0,Transient,12.0,0,0
City Hotel,0,158,2016,December,52,23,2,2,2,0.0,0,BB,ARG,Online TA,TA/TO,0,0,0,A,A,0,No Deposit,9.0,0,Transient,89.5,0,2
City Hotel,0,0,2016,December,53,26,1,0,2,0.0,0,BB,MEX,Online TA,TA/TO,0,0,0,D,D,0,No Deposit,7.0,0,Transient,83.16,0,1
City Hotel,0,0,2016,December,53,26,1,0,2,0.0,0,BB,MEX,Online TA,TA/TO,0,0,0,D,D,0,No Deposit,7.0,0,Transient,83.16,0,1
City Hotel,0,87,2016,December,53,25,2,0,2,0.0,0,SC,USA,Online TA,TA/TO,0,0,0,A,A,0,No Deposit,9.0,0,Transient,79.2,0,0
City Hotel,0,60,2016,December,52,23,2,2,2,0.0,0,BB,ESP,Online TA,TA/TO,0,0,0,A,A,0,No Deposit,9.0,0,Transient,88.4,0,3
City Hotel,0,219,2016,December,52,22,2,3,2,0.0,0,HB,ITA,Online TA,TA/TO,0,0,0,A,A,3,No Deposit,9.0,0,Transient,106.25,0,1
City Hotel,0,39,2016,December,53,27,0,1,2,0.0,0,BB,BRA,Offline TA/TO,TA/TO,0,0,0,A,A,0,No Deposit,220.0,0,Transient-Party,65.0,0,1
City Hotel,0,41,2016,December,53,27,0,1,2,0.0,0,BB,BRA,Offline TA/TO,TA/TO,0,0,0,A,A,0,No Deposit,220.0,0,Transient-Party,65.0,0,0
City Hotel,0,39,2016,December,53,27,0,1,2,0.0,0,BB,BRA,Offline TA/TO,TA/TO,0,0,0,A,A,0,No Deposit,220.0,0,Transient-Party,65.0,0,1
City Hotel,0,106,2016,December,52,21,2,5,2,0.0,0,BB,GBR,Online TA,TA/TO,0,0,0,A,A,0,No Deposit,9.0,0,Transient,88.4,0,2
City Hotel,0,41,2016,December,53,27,0,1,2,0.0,0,BB,BRA,Offline TA/TO,TA/TO,0,0,0,A,A,0,No Deposit,220.0,0,Transient-Party,65.0,0,1
City Hotel,0,41,2016,December,53,27,0,1,2,0.0,0,BB,BRA,Offline TA/TO,TA/TO,0,0,0,A,A,0,No Deposit,220.0,0,Transient-Party,65.0,0,0
City Hotel,0,39,2016,December,53,27,0,1,2,0.0,0,BB,BRA,Offline TA/TO,TA/TO,0,0,0,A,A,0,No Deposit,220.0,0,Transient-Party,65.0,0,1
City Hotel,0,41,2016,December,53,27,0,1,2,0.0,0,BB,BRA,Offline TA/TO,TA/TO,0,0,0,A,A,0,No Deposit,220.0,0,Transient-Party,65.0,0,0
City Hotel,0,41,2016,December,53,27,0,1,2,0.0,0,BB,BRA,Offline TA/TO,TA/TO,0,0,0,A,A,0,No Deposit,220.0,0,Transient-Party,65.0,0,1
City Hotel,0,18,2016,December,53,27,0,1,2,0.0,0,BB,BRA,Offline TA/TO,TA/TO,0,0,0,A,A,2,No Deposit,220.0,0,Transient-Party,65.0,0,0
City Hotel,0,208,2016,December,53,27,0,1,2,0.0,0,BB,BRA,Offline TA/TO,TA/TO,0,0,0,A,A,2,No Deposit,220.0,167,Transient-Party,81.0,0,1
City Hotel,0,39,2016,December,53,27,0,1,2,0.0,0,BB,BRA,Offline TA/TO,TA/TO,0,0,0,A,A,0,No Deposit,220.0,0,Transient-Party,65.0,0,0
City Hotel,0,41,2016,December,53,27,0,1,2,0.0,0,BB,BRA,Offline TA/TO,TA/TO,0,0,0,A,A,0,No Deposit,220.0,0,Transient-Party,65.0,0,0
City Hotel,0,39,2016,December,53,27,0,1,2,0.0,0,BB,BRA,Offline TA/TO,TA/TO,0,0,0,A,A,0,No Deposit,220.0,0,Transient-Party,65.0,0,0
City Hotel,0,39,2016,December,53,27,0,1,2,0.0,0,BB,BRA,Offline TA/TO,TA/TO,0,0,0,A,A,0,No Deposit,220.0,0,Transient-Party,65.0,0,1
City Hotel,0,15,2016,December,53,27,0,1,2,0.0,0,BB,BRA,Offline TA/TO,TA/TO,0,0,0,A,A,0,No Deposit,220.0,0,Transient-Party,65.0,0,0
City Hotel,0,18,2016,December,53,27,0,1,2,0.0,0,BB,BRA,Offline TA/TO,TA/TO,0,0,0,A,A,0,No Deposit,220.0,0,Transient-Party,65.0,0,0
City Hotel,0,25,2016,December,53,27,0,1,2,0.0,0,BB,BRA,Offline TA/TO,TA/TO,0,0,0,A,A,1,No Deposit,220.0,0,Transient-Party,65.0,0,1
City Hotel,0,25,2016,December,53,27,0,1,2,0.0,0,BB,BRA,Offline TA/TO,TA/TO,0,0,0,A,A,1,No Deposit,220.0,0,Transient-Party,65.0,0,0
City Hotel,0,0,2016,December,53,27,0,1,2,0.0,0,HB,ITA,Online TA,TA/TO,0,0,0,A,A,0,No Deposit,,0,Transient,106.25,0,1
City Hotel,0,39,2016,December,53,27,0,1,2,0.0,0,SC,CHN,Online TA,TA/TO,0,0,0,A,A,2,No Deposit,9.0,0,Transient,74.8,0,2
City Hotel,0,41,2016,December,53,27,0,1,2,0.0,0,BB,BRA,Offline TA/TO,TA/TO,0,0,0,A,A,0,No Deposit,220.0,0,Transient-Party,65.0,0,0
City Hotel,0,74,2016,December,53,25,2,1,2,0.0,0,BB,DZA,Online TA,TA/TO,0,0,0,G,G,0,No Deposit,7.0,0,Transient,134.31,0,1
City Hotel,0,46,2016,December,53,25,2,1,2,0.0,0,SC,JPN,Online TA,TA/TO,0,0,0,A,A,0,No Deposit,9.0,0,Transient,79.2,0,0
City Hotel,0,75,2016,December,52,24,2,2,2,0.0,0,HB,FRA,Online TA,TA/TO,0,0,0,A,A,0,No Deposit,9.0,0,Transient,120.7,0,2
City Hotel,0,46,2016,December,52,18,4,6,2,0.0,0,SC,ITA,Online TA,TA/TO,0,0,0,A,A,0,No Deposit,8.0,0,Transient,74.8,0,1
City Hotel,0,43,2016,December,53,27,0,1,2,0.0,0,BB,ESP,Online TA,TA/TO,0,0,0,A,A,0,No Deposit,83.0,0,Transient,74.88,0,0
City Hotel,0,41,2016,December,53,27,0,1,2,0.0,0,BB,BRA,Offline TA/TO,TA/TO,0,0,0,A,A,0,No Deposit,220.0,0,Transient-Party,65.0,0,1
City Hotel,0,45,2016,December,53,25,2,1,2,0.0,0,BB,AUT,Online TA,TA/TO,0,0,0,A,A,0,No Deposit,9.0,0,Transient,93.6,0,1
City Hotel,0,107,2016,December,52,21,2,5,2,0.0,0,SC,NLD,Online TA,TA/TO,0,0,0,A,A,4,No Deposit,9.0,0,Transient,76.69,0,1
City Hotel,0,107,2016,December,52,21,2,5,2,0.0,0,SC,NLD,Online TA,TA/TO,0,0,0,A,A,4,No Deposit,9.0,0,Transient,76.69,0,1
City Hotel,0,0,2016,December,53,27,0,1,2,0.0,0,HB,PRT,Direct,Direct,0,0,0,D,D,0,No Deposit,14.0,0,Transient,157.0,0,2
City Hotel,0,39,2016,December,53,27,0,1,2,0.0,0,BB,BRA,Offline TA/TO,TA/TO,0,0,0,A,A,0,No Deposit,220.0,0,Transient-Party,65.0,0,1
City Hotel,0,41,2016,December,53,27,0,1,2,0.0,0,BB,BRA,Offline TA/TO,TA/TO,0,0,0,A,A,0,No Deposit,220.0,0,Transient-Party,65.0,0,1
City Hotel,0,39,2016,December,53,27,0,1,2,0.0,0,BB,BRA,Offline TA/TO,TA/TO,0,0,0,A,A,0,No Deposit,220.0,0,Transient-Party,65.0,0,1
City Hotel,0,41,2016,December,53,27,0,1,2,0.0,0,BB,BRA,Offline TA/TO,TA/TO,0,0,0,A,A,0,No Deposit,220.0,0,Transient-Party,65.0,0,0
City Hotel,0,41,2016,December,53,27,0,1,2,0.0,0,BB,BRA,Offline TA/TO,TA/TO,0,0,0,A,A,0,No Deposit,220.0,0,Transient-Party,65.0,0,0
City Hotel,0,41,2016,December,53,27,0,1,2,0.0,0,BB,BRA,Offline TA/TO,TA/TO,0,0,0,A,A,0,No Deposit,220.0,0,Transient-Party,65.0,0,1
City Hotel,0,43,2016,December,53,25,2,1,2,0.0,0,SC,CHE,Online TA,TA/TO,0,0,0,A,A,2,No Deposit,9.0,0,Transient,88.0,0,2
City Hotel,0,111,2016,December,52,24,2,2,2,0.0,0,BB,PRT,Online TA,TA/TO,0,0,0,A,A,0,No Deposit,9.0,0,Transient,88.4,0,2
City Hotel,0,106,2016,December,53,25,2,1,2,0.0,0,BB,FRA,Online TA,TA/TO,0,0,0,B,A,1,No Deposit,9.0,0,Transient,91.6,0,2
City Hotel,0,106,2016,December,53,25,2,1,2,0.0,0,BB,FRA,Online TA,TA/TO,0,0,0,B,A,1,No Deposit,9.0,0,Transient,91.6,0,2
City Hotel,0,16,2016,December,52,24,2,2,2,0.0,0,BB,BRA,Online TA,TA/TO,0,0,0,D,D,0,No Deposit,9.0,0,Transient,98.6,0,1
City Hotel,0,9,2017,January,1,2,1,0,2,0.0,0,BB,BRA,Online TA,TA/TO,0,0,1,D,D,0,No Deposit,9.0,0,Group,148.0,0,1
City Hotel,0,4,2016,December,53,26,1,1,2,0.0,0,BB,PRT,Corporate,Corporate,0,0,0,A,A,1,No Deposit,,0,Transient,77.0,1,1
City Hotel,0,39,2016,December,53,27,0,1,2,0.0,0,BB,BRA,Offline TA/TO,TA/TO,0,0,0,A,A,0,No Deposit,220.0,0,Transient-Party,65.0,0,1
City Hotel,0,4,2016,December,53,25,2,2,2,0.0,0,BB,DEU,Online TA,TA/TO,0,0,0,D,D,0,No Deposit,9.0,0,Transient,95.2,0,1
City Hotel,0,108,2016,December,52,24,2,3,2,0.0,0,SC,BRA,Online TA,TA/TO,0,0,0,A,A,0,No Deposit,9.0,0,Transient,93.4,0,0
City Hotel,0,116,2016,December,52,23,2,4,2,0.0,0,BB,SWE,Online TA,TA/TO,0,0,0,A,A,0,No Deposit,9.0,0,Transient,88.4,0,1
City Hotel,0,248,2016,December,52,24,2,3,2,0.0,0,BB,FRA,Online TA,TA/TO,0,0,0,B,A,1,No Deposit,9.0,0,Transient,67.26,0,1
City Hotel,0,77,2016,December,52,24,2,3,2,0.0,0,BB,BRA,Online TA,TA/TO,0,0,0,D,D,0,No Deposit,7.0,0,Transient,74.61,0,1
City Hotel,0,0,2016,December,53,28,0,1,2,0.0,0,SC,PRT,Online TA,TA/TO,0,0,0,A,A,0,No Deposit,9.0,0,Transient,88.0,0,0
City Hotel,0,64,2016,December,53,26,1,2,2,0.0,0,BB,ESP,Online TA,TA/TO,0,0,0,D,D,0,No Deposit,9.0,0,Transient,111.6,0,2
City Hotel,0,108,2016,December,53,25,2,2,2,0.0,0,BB,FRA,Online TA,TA/TO,0,0,0,A,A,0,No Deposit,9.0,0,Transient,104.0,0,2
City Hotel,0,108,2016,December,53,25,2,2,2,0.0,0,BB,FRA,Online TA,TA/TO,0,0,0,A,A,0,No Deposit,9.0,0,Transient,104.0,0,2
City Hotel,0,20,2016,December,53,27,0,2,2,0.0,0,BB,GBR,Offline TA/TO,TA/TO,0,0,0,A,A,0,No Deposit,85.0,0,Transient,80.0,0,0
City Hotel,0,35,2016,December,53,28,0,1,2,0.0,0,HB,FRA,Online TA,TA/TO,0,0,0,A,A,0,No Deposit,9.0,0,Transient,183.0,0,1
City Hotel,0,0,2016,December,53,28,0,1,2,0.0,0,SC,PRT,Online TA,TA/TO,0,0,0,A,A,0,No Deposit,9.0,0,Transient,88.0,0,2
City Hotel,0,117,2016,December,53,26,1,2,2,0.0,0,BB,ITA,Online TA,TA/TO,0,0,0,A,A,0,No Deposit,9.0,0,Transient,93.6,0,2
City Hotel,0,116,2016,December,52,24,2,3,2,0.0,0,HB,BEL,Online TA,TA/TO,0,0,0,A,A,0,No Deposit,9.0,0,Transient,124.3,0,2
City Hotel,0,74,2016,December,53,26,1,2,2,0.0,0,BB,BGR,Online TA,TA/TO,0,0,0,D,D,0,No Deposit,9.0,0,Transient,102.6,0,1
City Hotel,0,73,2016,December,53,25,2,2,2,0.0,0,BB,SWE,Online TA,TA/TO,0,0,0,D,D,0,No Deposit,9.0,0,Transient,96.9,0,1
City Hotel,0,5,2016,December,53,28,0,1,2,0.0,0,BB,PRT,Online TA,TA/TO,0,0,0,A,A,0,No Deposit,83.0,0,Transient,84.8,0,0
City Hotel,0,90,2016,December,52,24,2,3,2,0.0,0,SC,ITA,Online TA,TA/TO,0,0,0,A,A,0,No Deposit,9.0,0,Transient,74.8,0,1
City Hotel,0,90,2016,December,52,24,2,3,2,0.0,0,SC,ITA,Online TA,TA/TO,0,0,0,A,A,0,No Deposit,9.0,0,Transient,74.8,0,1
City Hotel,0,74,2016,December,53,26,1,2,2,0.0,0,BB,BGR,Online TA,TA/TO,0,0,0,D,D,0,No Deposit,9.0,0,Transient,102.6,0,1
City Hotel,0,90,2016,December,52,24,2,3,2,0.0,0,SC,ITA,Online TA,TA/TO,0,0,0,A,A,0,No Deposit,9.0,0,Transient,74.8,0,1
City Hotel,0,121,2016,December,52,24,2,3,2,0.0,0,BB,DEU,Online TA,TA/TO,0,0,0,A,A,0,No Deposit,9.0,0,Transient,88.4,0,1
City Hotel,0,137,2016,December,52,24,2,3,2,0.0,0,HB,FRA,Online TA,TA/TO,0,0,0,A,A,0,No Deposit,9.0,0,Transient,117.3,0,2
City Hotel,0,117,2016,December,52,20,2,7,2,0.0,0,BB,POL,Online TA,TA/TO,0,0,0,A,A,0,No Deposit,9.0,0,Transient,90.4,0,1
City Hotel,0,137,2016,December,52,24,2,3,2,0.0,0,HB,FRA,Online TA,TA/TO,0,0,0,A,A,0,No Deposit,9.0,0,Transient,117.3,0,2
City Hotel,0,55,2016,December,52,24,2,3,2,0.0,0,SC,PRT,Online TA,TA/TO,0,0,0,A,A,0,No Deposit,9.0,0,Transient,80.24,0,2
City Hotel,0,83,2016,December,53,26,1,2,2,0.0,0,BB,ESP,Online TA,TA/TO,0,0,0,D,D,0,No Deposit,9.0,0,Transient,102.6,0,1
City Hotel,0,83,2016,December,53,26,1,2,2,0.0,0,BB,ESP,Online TA,TA/TO,0,0,0,D,D,0,No Deposit,9.0,0,Transient,111.6,0,1
City Hotel,0,1,2016,December,53,27,0,2,2,0.0,0,BB,PRT,Corporate,Corporate,0,0,0,D,E,1,No Deposit,397.0,0,Transient,108.0,0,0
City Hotel,0,137,2016,December,52,24,2,3,2,0.0,0,HB,FRA,Online TA,TA/TO,0,0,0,A,A,1,No Deposit,9.0,0,Transient,146.1,0,2
City Hotel,0,137,2016,December,52,24,2,3,2,0.0,0,HB,FRA,Online TA,TA/TO,0,0,0,A,A,1,No Deposit,9.0,0,Transient,146.1,0,2
City Hotel,0,1,2016,December,53,27,0,2,2,0.0,0,BB,PRT,Direct,Direct,0,0,0,A,A,0,No Deposit,,0,Transient,0.0,0,0
City Hotel,0,0,2016,December,53,28,0,1,2,0.0,0,BB,PRT,Corporate,Corporate,0,0,0,A,A,0,No Deposit,,0,Transient,77.0,0,0
City Hotel,0,64,2016,December,53,25,2,2,2,0.0,0,BB,BRA,Online TA,TA/TO,0,0,0,D,D,1,No Deposit,7.0,0,Transient,74.61,0,2
City Hotel,0,64,2016,December,53,25,2,2,2,0.0,0,BB,BRA,Online TA,TA/TO,0,0,0,D,D,0,No Deposit,7.0,0,Transient,83.61,1,2
City Hotel,0,116,2016,December,52,23,2,4,2,0.0,0,BB,SWE,Online TA,TA/TO,0,0,0,A,A,0,No Deposit,9.0,0,Transient,88.4,0,1
City Hotel,0,106,2016,December,53,27,0,2,2,0.0,0,BB,FRA,Online TA,TA/TO,0,0,0,A,A,0,No Deposit,9.0,0,Transient,104.0,0,1
City Hotel,0,3,2016,December,53,27,0,2,2,0.0,0,BB,PRT,Online TA,TA/TO,0,0,0,A,A,0,No Deposit,9.0,0,Transient,106.0,0,0
City Hotel,0,24,2016,December,53,25,2,2,2,0.0,0,BB,FRA,Online TA,TA/TO,0,0,0,A,A,0,No Deposit,9.0,0,Transient,95.2,0,1
City Hotel,0,125,2016,December,53,27,0,3,2,0.0,0,BB,PRT,Offline TA/TO,TA/TO,0,0,0,A,D,0,No Deposit,52.0,0,Transient,68.0,0,1
City Hotel,0,107,2016,December,53,27,0,3,2,0.0,0,HB,ITA,Direct,Direct,0,0,0,A,A,1,No Deposit,14.0,0,Transient,147.67,0,0
City Hotel,0,104,2016,December,52,23,2,5,2,0.0,0,BB,DNK,Online TA,TA/TO,0,0,0,A,A,0,No Deposit,7.0,0,Transient,71.9,0,1
City Hotel,0,298,2016,December,53,27,0,3,2,0.0,0,BB,DEU,Online TA,TA/TO,0,0,0,A,C,0,No Deposit,9.0,0,Transient,78.3,0,2
City Hotel,0,64,2016,December,53,26,1,3,2,0.0,0,BB,FRA,Online TA,TA/TO,0,0,0,D,D,0,No Deposit,9.0,0,Transient,105.61,0,2
City Hotel,0,54,2016,December,53,25,2,3,2,0.0,0,BB,FRA,Online TA,TA/TO,0,0,0,A,A,0,No Deposit,7.0,0,Transient,72.63,0,2
City Hotel,0,107,2016,December,53,26,1,3,2,0.0,0,SC,AUT,Online TA,TA/TO,0,0,0,A,A,0,No Deposit,7.0,0,Transient,61.09,0,1
City Hotel,0,213,2016,December,53,27,0,3,2,0.0,0,BB,DEU,Online TA,TA/TO,0,0,0,A,A,0,No Deposit,9.0,0,Transient,78.3,0,0
City Hotel,0,72,2016,December,53,26,1,3,2,0.0,0,BB,CHE,Offline TA/TO,TA/TO,0,0,0,A,A,0,No Deposit,52.0,0,Transient,84.15,0,0
City Hotel,0,57,2016,December,53,27,0,3,2,0.0,0,BB,NLD,Online TA,TA/TO,0,0,0,A,A,0,No Deposit,9.0,0,Transient,112.8,0,3
City Hotel,0,62,2016,December,53,25,2,3,2,0.0,0,BB,NLD,Offline TA/TO,TA/TO,0,0,0,A,A,0,No Deposit,85.0,0,Transient,68.0,0,0
City Hotel,0,65,2016,December,53,26,1,3,2,0.0,0,BB,ITA,Online TA,TA/TO,0,0,0,D,D,1,No Deposit,9.0,0,Transient,105.61,0,1
City Hotel,0,35,2016,December,53,28,0,2,2,0.0,0,SC,POL,Online TA,TA/TO,0,0,0,A,A,0,No Deposit,9.0,0,Transient,120.0,0,1
City Hotel,0,46,2016,December,53,29,0,1,2,0.0,0,BB,CHN,Online TA,TA/TO,0,0,0,A,A,0,No Deposit,9.0,0,Transient,122.4,0,1
City Hotel,0,15,2016,December,53,27,0,3,2,0.0,0,BB,BRA,Offline TA/TO,TA/TO,0,0,0,A,K,2,No Deposit,220.0,0,Transient-Party,47.33,0,1
City Hotel,0,66,2016,December,52,23,2,5,2,0.0,0,BB,AUT,Offline TA/TO,TA/TO,0,0,0,A,A,0,No Deposit,27.0,0,Transient,68.0,0,1
City Hotel,0,255,2016,December,53,27,0,3,2,0.0,0,BB,GBR,Offline TA/TO,TA/TO,0,0,0,A,A,2,No Deposit,79.0,0,Transient,62.64,0,0
City Hotel,0,3,2016,December,53,28,0,2,2,0.0,0,BB,ESP,Online TA,TA/TO,0,0,0,A,A,0,No Deposit,9.0,0,Transient,131.0,1,2
City Hotel,0,12,2016,December,53,26,1,3,2,0.0,0,BB,HUN,Offline TA/TO,TA/TO,0,0,0,D,D,0,No Deposit,52.0,0,Transient,92.0,0,1
City Hotel,0,209,2016,December,53,26,1,3,2,0.0,0,BB,ESP,Direct,Direct,0,0,0,D,D,1,No Deposit,14.0,0,Transient,84.07,1,0
City Hotel,0,78,2016,December,53,27,0,3,2,0.0,0,BB,DEU,Online TA,TA/TO,0,0,0,D,D,0,No Deposit,9.0,0,Transient,114.9,0,2
City Hotel,0,123,2016,December,53,26,1,3,2,0.0,0,BB,CHE,Online TA,TA/TO,0,0,0,D,D,0,No Deposit,9.0,0,Transient,105.61,0,2
City Hotel,0,350,2016,December,53,26,1,3,2,0.0,0,BB,ESP,Online TA,TA/TO,0,0,0,A,A,2,No Deposit,9.0,0,Transient,91.95,1,2
City Hotel,0,1,2016,December,53,27,0,3,2,0.0,0,SC,PRT,Direct,Direct,0,0,0,A,B,0,No Deposit,,0,Transient,97.0,0,0
City Hotel,0,105,2016,December,53,26,1,3,2,0.0,0,SC,NLD,Online TA,TA/TO,0,0,0,A,A,0,No Deposit,7.0,0,Transient,61.09,0,1
City Hotel,0,80,2016,December,53,27,0,3,2,0.0,0,BB,DEU,Online TA,TA/TO,0,0,0,D,D,0,No Deposit,8.0,0,Transient,114.9,0,1
City Hotel,0,7,2016,December,53,29,0,1,2,0.0,0,SC,BRA,Online TA,TA/TO,0,0,0,A,A,0,No Deposit,,0,Transient,74.8,0,4
City Hotel,0,93,2016,December,53,26,1,3,2,0.0,0,SC,ESP,Online TA,TA/TO,0,0,0,A,A,0,No Deposit,8.0,0,Transient,92.51,0,2
City Hotel,0,1,2016,December,53,29,0,2,2,0.0,0,SC,USA,Online TA,TA/TO,0,0,0,A,A,1,No Deposit,9.0,0,Transient,120.0,0,1
City Hotel,0,190,2016,December,53,26,1,4,2,0.0,0,HB,ITA,Online TA,TA/TO,0,0,0,D,D,0,No Deposit,9.0,0,Transient,130.05,0,0
City Hotel,0,17,2016,December,53,29,0,2,2,0.0,0,SC,IRL,Online TA,TA/TO,0,0,0,A,A,0,No Deposit,9.0,0,Transient,120.0,0,1
City Hotel,0,97,2016,December,53,26,1,4,2,0.0,0,HB,ESP,Online TA,TA/TO,0,0,0,D,D,0,No Deposit,9.0,0,Transient,143.14,0,2
City Hotel,0,55,2016,December,53,30,0,1,2,0.0,0,BB,FRA,Online TA,TA/TO,0,0,0,D,K,0,No Deposit,9.0,0,Transient,131.4,0,1
City Hotel,0,78,2016,December,53,26,1,4,2,0.0,0,BB,FRA,Online TA,TA/TO,0,0,0,D,D,0,No Deposit,9.0,0,Transient,110.84,0,2
City Hotel,0,9,2016,December,53,28,0,3,2,0.0,0,SC,IRL,Online TA,TA/TO,0,0,0,A,A,0,No Deposit,9.0,0,Transient,109.33,0,1
City Hotel,0,16,2016,December,53,28,0,3,2,0.0,0,SC,FRA,Online TA,TA/TO,0,0,0,A,A,0,No Deposit,9.0,0,Transient,120.0,0,1
City Hotel,0,88,2016,December,53,30,0,1,2,0.0,0,BB,PRT,Offline TA/TO,TA/TO,0,0,0,A,A,0,No Deposit,85.0,0,Transient,68.0,0,0
City Hotel,0,115,2016,December,53,29,0,2,2,0.0,0,BB,CN,Online TA,TA/TO,0,0,0,D,D,0,No Deposit,7.0,0,Transient,107.41,0,2
City Hotel,0,38,2016,December,53,27,0,4,2,0.0,0,SC,SGP,Online TA,TA/TO,0,0,0,A,A,0,No Deposit,9.0,0,Transient,95.2,0,0
City Hotel,0,7,2016,December,53,29,0,2,2,0.0,0,BB,POL,Online TA,TA/TO,0,0,0,D,A,1,No Deposit,9.0,0,Transient,125.8,0,0
City Hotel,0,59,2016,December,53,29,0,2,2,0.0,0,BB,SVK,Online TA,TA/TO,0,0,0,D,D,0,No Deposit,9.0,0,Transient,131.4,0,1
City Hotel,0,37,2016,December,53,30,0,1,2,0.0,0,BB,CHE,Online TA,TA/TO,0,0,0,D,D,0,No Deposit,9.0,0,Transient,146.0,0,1
City Hotel,0,0,2015,October,40,2,0,1,2,0.0,0,BB,PRT,Complementary,Direct,0,0,0,E,E,0,No Deposit,,0,Transient,0.0,0,1
City Hotel,0,16,2016,December,53,29,0,2,2,0.0,0,BB,BRA,Direct,Direct,0,0,0,D,D,0,No Deposit,14.0,0,Transient,140.0,0,0
City Hotel,0,16,2016,December,53,29,0,2,2,0.0,0,BB,BRA,Direct,Direct,0,0,0,D,D,0,No Deposit,14.0,0,Transient,140.0,0,0
City Hotel,0,22,2016,December,53,29,0,3,2,0.0,0,BB,FRA,Online TA,TA/TO,0,0,0,D,D,0,No Deposit,9.0,0,Transient,148.0,0,1
City Hotel,0,16,2016,December,53,29,0,3,2,0.0,0,BB,BRA,Direct,Direct,0,0,0,D,D,0,No Deposit,14.0,0,Transient,140.0,0,0
City Hotel,0,225,2016,December,53,27,0,5,2,0.0,0,SC,GRC,Online TA,TA/TO,0,0,0,A,A,0,No Deposit,9.0,0,Transient,70.55,0,3
City Hotel,0,283,2016,December,53,28,0,4,2,0.0,0,SC,UKR,Online TA,TA/TO,0,0,0,A,A,0,No Deposit,9.0,0,Transient,72.25,0,2
City Hotel,0,6,2016,December,53,30,0,2,2,0.0,0,BB,THA,Online TA,TA/TO,0,0,0,A,D,0,No Deposit,9.0,0,Transient,138.0,0,2
City Hotel,0,11,2016,December,53,29,0,3,2,0.0,0,BB,MOZ,Online TA,TA/TO,0,0,0,D,D,0,No Deposit,9.0,0,Transient,148.0,0,1
City Hotel,0,14,2016,December,53,28,0,4,2,0.0,0,BB,NLD,Online TA,TA/TO,0,0,0,D,E,0,No Deposit,9.0,0,Transient,125.8,0,0
City Hotel,0,39,2016,December,53,28,0,4,2,0.0,0,HB,BEL,Online TA,TA/TO,0,0,0,A,A,0,No Deposit,9.0,0,Transient,192.95,0,0
City Hotel,0,278,2016,December,53,27,0,5,2,0.0,0,BB,DEU,Offline TA/TO,TA/TO,0,0,0,A,A,1,No Deposit,22.0,0,Transient,84.15,0,0
City Hotel,0,19,2016,December,53,30,0,2,2,0.0,0,BB,FRA,Online TA,TA/TO,0,0,0,D,D,0,No Deposit,9.0,0,Transient,148.0,0,1
City Hotel,0,36,2016,December,53,28,0,4,2,0.0,0,BB,FRA,Online TA,TA/TO,0,0,0,A,A,0,No Deposit,9.0,0,Transient,168.73,0,0
City Hotel,0,36,2016,December,53,28,0,4,2,0.0,0,BB,FRA,Online TA,TA/TO,0,0,0,A,A,0,No Deposit,9.0,0,Transient,168.73,0,0
City Hotel,0,302,2016,December,53,29,0,3,2,0.0,0,BB,BRA,Online TA,TA/TO,0,0,0,A,A,2,No Deposit,9.0,0,Transient,90.3,0,2
City Hotel,0,20,2016,December,53,28,0,4,2,0.0,0,BB,AUT,Online TA,TA/TO,0,0,0,D,A,0,No Deposit,9.0,0,Transient,131.35,0,1
City Hotel,0,17,2016,December,53,31,0,1,2,0.0,0,BB,DEU,Offline TA/TO,TA/TO,0,0,0,A,A,0,No Deposit,27.0,0,Transient,80.0,0,0
City Hotel,0,39,2016,December,53,28,0,4,2,0.0,0,BB,SVN,Online TA,TA/TO,0,0,0,A,A,0,No Deposit,9.0,0,Transient,115.6,0,1
City Hotel,0,232,2016,December,53,28,0,4,2,0.0,0,BB,ESP,Online TA,TA/TO,0,0,0,A,A,0,No Deposit,9.0,0,Transient,91.45,0,2
City Hotel,0,275,2016,December,53,28,0,4,2,0.0,0,BB,AUT,Online TA,TA/TO,0,0,0,A,A,0,No Deposit,9.0,0,Transient,82.45,0,2
City Hotel,0,190,2016,December,53,28,0,4,2,0.0,0,BB,DEU,Direct,Direct,0,0,0,D,D,0,No Deposit,,0,Transient,167.8,0,1
City Hotel,0,6,2016,December,53,28,0,4,2,0.0,0,BB,NLD,Online TA,TA/TO,0,0,0,A,A,0,No Deposit,9.0,0,Transient,110.5,0,2
City Hotel,0,5,2016,December,53,30,0,2,2,0.0,0,BB,ESP,Direct,Direct,0,0,0,A,A,2,No Deposit,14.0,0,Transient,139.0,1,1
City Hotel,0,248,2016,December,53,27,0,5,2,0.0,0,BB,FRA,Online TA,TA/TO,0,0,0,A,A,0,No Deposit,9.0,0,Transient,80.75,0,0
City Hotel,0,16,2016,December,53,29,0,3,2,0.0,0,BB,FRA,Online TA,TA/TO,0,0,0,A,A,0,No Deposit,9.0,0,Transient,138.0,0,1
City Hotel,0,113,2016,December,53,26,1,5,2,0.0,0,BB,FRA,Online TA,TA/TO,0,0,0,D,D,0,No Deposit,9.0,0,Transient,115.74,0,2
City Hotel,0,6,2016,December,53,29,0,3,2,0.0,0,BB,ESP,Direct,Direct,0,0,0,A,A,0,No Deposit,14.0,0,Transient,148.0,1,0
City Hotel,0,58,2016,December,53,28,0,4,2,0.0,0,BB,ESP,Direct,Direct,0,0,0,D,A,1,No Deposit,14.0,0,Transient,238.5,0,1
City Hotel,0,6,2016,December,53,28,0,4,2,0.0,0,BB,AUT,Online TA,TA/TO,0,0,0,D,D,0,No Deposit,9.0,0,Transient,119.0,0,3
City Hotel,0,190,2016,December,53,28,0,4,2,0.0,0,BB,DEU,Direct,Direct,0,0,0,D,D,0,No Deposit,,0,Transient,167.8,0,1
City Hotel,0,190,2016,December,53,28,0,4,2,0.0,0,BB,DEU,Direct,Direct,0,0,0,D,D,0,No Deposit,,0,Transient,167.8,0,1
City Hotel,0,17,2016,December,53,31,0,1,2,0.0,0,BB,PRT,Online TA,TA/TO,0,0,0,F,G,1,No Deposit,9.0,0,Transient,208.0,0,0
City Hotel,0,1,2016,December,53,30,0,2,2,0.0,0,BB,BRA,Direct,Direct,0,0,0,A,D,1,No Deposit,,0,Transient,120.0,0,0
City Hotel,0,1,2016,December,53,30,0,2,2,0.0,0,BB,BRA,Direct,Direct,0,0,0,A,D,1,No Deposit,,0,Transient,120.0,0,0
City Hotel,0,16,2016,December,53,29,0,3,2,0.0,0,BB,FRA,Online TA,TA/TO,0,0,0,A,A,0,No Deposit,9.0,0,Transient,138.0,0,1
City Hotel,0,222,2016,December,53,27,0,5,2,0.0,0,SC,ITA,Online TA,TA/TO,0,0,0,A,A,0,No Deposit,9.0,0,Transient,70.55,0,2
City Hotel,0,6,2016,December,53,28,0,4,2,0.0,0,SC,ESP,Online TA,TA/TO,0,0,0,A,A,0,No Deposit,9.0,0,Transient,104.2,0,1
City Hotel,0,249,2016,December,53,27,0,5,2,0.0,0,SC,FRA,Offline TA/TO,TA/TO,0,0,0,A,A,0,No Deposit,159.0,0,Transient,120.55,0,0
City Hotel,0,266,2016,December,53,30,0,2,2,0.0,0,BB,PRT,Online TA,TA/TO,0,0,0,A,A,0,No Deposit,9.0,0,Transient,96.3,1,1
City Hotel,0,297,2016,December,53,29,0,3,2,0.0,0,BB,FRA,Online TA,TA/TO,0,0,0,A,A,2,No Deposit,9.0,0,Transient,90.3,0,1
City Hotel,0,190,2016,December,53,28,0,4,2,0.0,0,BB,SWE,Direct,Direct,0,0,0,D,D,0,No Deposit,,0,Transient,167.8,0,0
City Hotel,0,1,2016,December,53,31,0,1,2,0.0,0,SC,ROU,Online TA,TA/TO,0,0,0,A,F,0,No Deposit,9.0,0,Transient,140.0,0,2
City Hotel,0,3,2016,December,53,28,0,4,2,0.0,0,BB,HRV,Online TA,TA/TO,0,0,0,A,A,0,No Deposit,9.0,0,Transient,110.5,0,1
City Hotel,0,231,2016,December,53,27,0,5,2,0.0,0,BB,GBR,Offline TA/TO,TA/TO,0,0,0,A,A,0,No Deposit,79.0,0,Transient,64.6,0,0
City Hotel,0,11,2016,December,53,30,0,2,2,0.0,0,SC,PRT,Online TA,TA/TO,0,0,0,A,A,0,No Deposit,9.0,0,Transient,120.0,0,1
City Hotel,0,23,2016,December,53,30,0,2,2,0.0,0,BB,USA,Online TA,TA/TO,0,0,0,D,D,0,No Deposit,9.0,0,Transient,148.0,0,2
City Hotel,0,52,2016,December,53,29,0,3,2,0.0,0,BB,PRT,Online TA,TA/TO,0,0,0,A,D,0,No Deposit,9.0,0,Transient,122.4,0,1
City Hotel,0,12,2016,December,53,30,0,2,2,0.0,0,BB,PRT,Online TA,TA/TO,0,0,0,A,A,0,No Deposit,9.0,0,Transient,147.0,0,1
City Hotel,0,18,2016,December,53,30,0,2,2,0.0,0,BB,ESP,Online TA,TA/TO,0,0,0,D,D,0,No Deposit,9.0,0,Transient,157.0,1,2
City Hotel,0,3,2016,December,53,28,0,4,2,0.0,0,SC,HUN,Online TA,TA/TO,0,0,0,A,A,0,No Deposit,9.0,0,Transient,95.2,0,0
City Hotel,0,15,2016,December,53,28,0,4,2,0.0,0,SC,PRT,Online TA,TA/TO,0,0,0,A,A,0,No Deposit,9.0,0,Transient,102.0,0,2
City Hotel,0,17,2016,December,53,30,0,2,2,0.0,0,BB,FRA,Online TA,TA/TO,0,0,0,A,A,0,No Deposit,9.0,0,Transient,138.0,0,2
City Hotel,0,19,2016,December,53,28,0,4,2,0.0,0,BB,FRA,Online TA,TA/TO,0,0,0,D,D,0,No Deposit,9.0,0,Transient,131.35,0,1
City Hotel,0,19,2016,December,53,28,0,4,2,0.0,0,BB,FRA,Online TA,TA/TO,0,0,0,D,D,0,No Deposit,9.0,0,Transient,131.35,0,1
City Hotel,0,355,2017,January,1,1,1,0,2,0.0,0,BB,DEU,Online TA,TA/TO,0,0,0,D,D,0,No Deposit,9.0,0,Transient,87.3,0,1
City Hotel,0,7,2016,December,53,29,1,3,2,0.0,0,BB,FRA,Online TA,TA/TO,0,0,0,D,D,0,No Deposit,9.0,0,Transient,125.8,0,2
City Hotel,0,278,2016,December,53,28,1,4,2,0.0,0,SC,ITA,Online TA,TA/TO,0,0,0,A,A,0,No Deposit,9.0,0,Transient,71.23,0,1
City Hotel,0,7,2016,December,53,30,1,2,2,0.0,0,SC,IRL,Online TA,TA/TO,0,0,0,A,A,0,No Deposit,9.0,0,Transient,120.0,0,0
City Hotel,0,16,2016,December,53,29,1,3,2,0.0,0,SC,JPN,Online TA,TA/TO,0,0,0,A,A,0,No Deposit,9.0,0,Transient,102.0,0,2
City Hotel,0,4,2016,December,53,28,1,4,2,0.0,0,BB,FRA,Online TA,TA/TO,0,0,0,A,A,0,No Deposit,9.0,0,Transient,125.0,0,1
City Hotel,0,41,2016,December,53,27,1,5,2,0.0,0,BB,BRA,Offline TA/TO,TA/TO,0,0,0,A,A,1,No Deposit,220.0,0,Transient-Party,70.0,0,1
City Hotel,0,7,2016,December,53,27,1,5,2,0.0,0,BB,FRA,Online TA,TA/TO,0,0,0,D,D,0,No Deposit,9.0,0,Transient,116.73,0,2
City Hotel,0,127,2016,December,53,29,1,3,2,0.0,0,BB,ITA,Offline TA/TO,TA/TO,0,0,0,A,A,0,No Deposit,85.0,0,Transient,84.15,0,0
City Hotel,0,41,2016,December,53,27,1,5,2,0.0,0,BB,BRA,Offline TA/TO,TA/TO,0,0,0,A,A,1,No Deposit,220.0,0,Transient-Party,70.0,0,0
City Hotel,0,353,2016,December,53,29,1,3,2,0.0,0,BB,AUT,Online TA,TA/TO,0,0,0,B,A,6,No Deposit,9.0,0,Transient-Party,73.74,0,0
City Hotel,0,352,2016,December,53,29,1,3,2,0.0,0,BB,AUT,Online TA,TA/TO,0,0,0,B,A,1,No Deposit,9.0,0,Transient-Party,73.74,0,0
City Hotel,0,20,2017,January,1,1,1,0,2,0.0,0,BB,PRT,Groups,TA/TO,0,0,0,A,A,0,No Deposit,,0,Transient-Party,65.0,0,0
City Hotel,0,18,2016,December,53,31,1,1,2,0.0,0,SC,ITA,Online TA,TA/TO,0,0,0,A,A,0,No Deposit,9.0,0,Transient,129.0,0,1
City Hotel,0,18,2016,December,53,31,1,1,2,0.0,0,BB,ITA,Online TA,TA/TO,0,0,0,D,D,0,No Deposit,9.0,0,Transient,148.0,0,1
City Hotel,0,18,2016,December,53,31,1,1,2,0.0,0,SC,ITA,Online TA,TA/TO,0,0,0,A,A,0,No Deposit,9.0,0,Transient,129.0,0,1
City Hotel,0,20,2017,January,1,1,1,0,2,0.0,0,BB,PRT,Groups,TA/TO,0,0,0,A,A,0,No Deposit,,0,Transient-Party,65.0,0,0
City Hotel,0,44,2017,January,1,1,1,0,2,0.0,0,BB,PRT,Groups,TA/TO,0,0,0,A,D,0,No Deposit,,0,Transient-Party,65.0,0,0
City Hotel,0,20,2017,January,1,1,1,0,2,0.0,0,BB,PRT,Groups,TA/TO,0,0,0,A,A,0,No Deposit,,0,Transient-Party,65.0,0,0
City Hotel,0,20,2017,January,1,1,1,0,2,0.0,0,BB,PRT,Groups,TA/TO,0,0,0,A,A,0,No Deposit,,0,Transient-Party,65.0,0,0
City Hotel,0,41,2016,December,53,27,1,5,2,0.0,0,BB,BRA,Offline TA/TO,TA/TO,0,0,0,A,A,1,No Deposit,220.0,0,Transient-Party,70.0,0,0
City Hotel,0,41,2016,December,53,27,1,5,2,0.0,0,BB,BRA,Offline TA/TO,TA/TO,0,0,0,A,A,1,No Deposit,220.0,0,Transient-Party,70.0,0,0
City Hotel,0,32,2016,December,53,27,1,5,2,0.0,0,BB,BRA,Offline TA/TO,TA/TO,0,0,0,A,A,0,No Deposit,220.0,0,Transient-Party,70.0,0,0
City Hotel,0,44,2017,January,1,1,1,0,2,0.0,0,BB,PRT,Groups,TA/TO,0,0,0,A,D,0,No Deposit,,0,Transient-Party,65.0,0,0
City Hotel,0,18,2016,December,53,30,1,2,2,0.0,0,BB,PRT,Offline TA/TO,TA/TO,0,0,0,A,A,1,No Deposit,220.0,0,Transient-Party,75.0,0,1
City Hotel,0,20,2017,January,1,1,1,0,2,0.0,0,BB,PRT,Groups,TA/TO,0,0,0,A,A,0,No Deposit,,0,Transient-Party,65.0,0,0
City Hotel,0,20,2017,January,1,1,1,0,2,0.0,0,BB,PRT,Groups,TA/TO,0,0,0,A,A,0,No Deposit,,0,Transient-Party,65.0,0,0
City Hotel,0,41,2016,December,53,27,1,5,2,0.0,0,BB,BRA,Offline TA/TO,TA/TO,0,0,0,A,A,1,No Deposit,220.0,0,Transient-Party,70.0,0,1
City Hotel,0,32,2016,December,53,27,1,5,2,0.0,0,BB,BRA,Offline TA/TO,TA/TO,0,0,0,A,A,0,No Deposit,220.0,0,Transient-Party,70.0,0,0
City Hotel,0,20,2017,January,1,1,1,0,2,0.0,0,BB,PRT,Groups,TA/TO,0,0,0,A,A,0,No Deposit,,0,Transient-Party,65.0,0,0
City Hotel,0,44,2017,January,1,1,1,0,2,0.0,0,BB,PRT,Groups,TA/TO,0,0,0,A,A,0,No Deposit,,0,Transient-Party,65.0,0,0
City Hotel,0,44,2017,January,1,1,1,0,2,0.0,0,BB,PRT,Groups,TA/TO,0,0,0,A,A,0,No Deposit,,0,Transient-Party,65.0,0,0
City Hotel,0,252,2016,December,53,28,1,4,2,0.0,0,BB,AUT,Online TA,TA/TO,0,0,0,A,A,0,No Deposit,9.0,0,Transient,81.43,0,2
City Hotel,0,44,2017,January,1,1,1,0,2,0.0,0,BB,PRT,Groups,TA/TO,0,0,0,A,A,0,No Deposit,,0,Transient-Party,65.0,0,0
City Hotel,0,20,2017,January,1,1,1,0,2,0.0,0,BB,PRT,Groups,TA/TO,0,0,0,A,A,0,No Deposit,,0,Transient-Party,65.0,0,0
City Hotel,0,28,2016,December,53,30,1,2,2,0.0,0,BB,PRT,Offline TA/TO,TA/TO,0,0,0,A,A,1,No Deposit,220.0,0,Transient-Party,141.67,0,1
City Hotel,0,41,2016,December,53,27,1,5,2,0.0,0,BB,PRT,Offline TA/TO,TA/TO,0,0,0,A,A,4,No Deposit,220.0,0,Transient-Party,58.5,0,0
City Hotel,0,28,2016,December,53,30,1,2,2,0.0,0,BB,PRT,Offline TA/TO,TA/TO,0,0,0,A,A,1,No Deposit,220.0,0,Transient-Party,141.67,0,0
City Hotel,0,252,2016,December,53,29,1,3,2,0.0,0,SC,GBR,Online TA,TA/TO,0,0,0,A,A,0,No Deposit,7.0,0,Transient,53.47,0,1
City Hotel,0,252,2016,December,53,29,1,3,2,0.0,0,SC,GBR,Online TA,TA/TO,0,0,0,A,A,0,No Deposit,7.0,0,Transient,53.47,0,1
City Hotel,0,6,2016,December,53,27,1,5,2,0.0,0,BB,BRA,Offline TA/TO,TA/TO,0,0,0,A,D,3,No Deposit,220.0,0,Transient-Party,70.0,0,1
City Hotel,0,245,2016,December,53,29,1,3,2,0.0,0,BB,DEU,Online TA,TA/TO,0,0,0,A,A,0,No Deposit,9.0,0,Transient,145.8,0,1
City Hotel,0,15,2016,December,53,27,1,5,2,0.0,0,BB,BRA,Offline TA/TO,TA/TO,0,0,0,A,A,0,No Deposit,220.0,0,Transient-Party,70.0,0,0
City Hotel,0,15,2016,December,53,27,1,5,2,0.0,0,BB,BRA,Offline TA/TO,TA/TO,0,0,0,A,A,0,No Deposit,220.0,0,Transient-Party,70.0,0,1
City Hotel,0,32,2016,December,53,27,1,5,2,0.0,0,BB,BRA,Offline TA/TO,TA/TO,0,0,0,A,A,0,No Deposit,220.0,0,Transient-Party,70.0,0,1
City Hotel,0,6,2016,December,53,27,1,5,2,0.0,0,BB,BRA,Offline TA/TO,TA/TO,0,0,0,A,D,2,No Deposit,220.0,0,Transient-Party,70.0,0,1
City Hotel,0,17,2016,December,53,29,1,3,2,0.0,0,SC,JPN,Online TA,TA/TO,0,0,0,A,A,0,No Deposit,9.0,0,Transient,102.0,0,1
City Hotel,0,259,2016,December,53,28,1,4,2,0.0,0,BB,ESP,Online TA,TA/TO,0,0,0,A,A,0,No Deposit,9.0,0,Transient,140.43,0,2
City Hotel,0,259,2016,December,53,28,1,4,2,0.0,0,BB,ESP,Online TA,TA/TO,0,0,0,A,A,0,No Deposit,9.0,0,Transient,131.43,0,2
City Hotel,0,222,2016,December,53,29,1,3,2,0.0,0,BB,ITA,Online TA,TA/TO,0,0,0,A,A,1,No Deposit,9.0,0,Transient,83.1,0,1
City Hotel,0,222,2016,December,53,29,1,3,2,0.0,0,BB,ITA,Online TA,TA/TO,0,0,0,A,A,1,No Deposit,9.0,0,Transient,83.1,0,1
City Hotel,0,207,2016,December,53,30,1,2,2,0.0,0,BB,FRA,Offline TA/TO,TA/TO,0,0,0,A,C,0,No Deposit,104.0,0,Transient,95.0,0,0
City Hotel,0,203,2016,December,53,29,1,3,2,0.0,0,BB,DEU,Online TA,TA/TO,0,0,0,D,D,0,No Deposit,9.0,0,Transient,102.85,0,2
City Hotel,0,207,2016,December,53,30,1,2,2,0.0,0,BB,FRA,Offline TA/TO,TA/TO,0,0,0,A,A,0,No Deposit,104.0,0,Transient,95.0,0,0
City Hotel,0,221,2016,December,53,31,1,1,2,0.0,0,BB,CHN,Offline TA/TO,TA/TO,0,0,0,A,A,0,No Deposit,159.0,0,Transient,71.28,0,0
City Hotel,0,356,2017,January,1,1,1,0,2,0.0,0,BB,GBR,Online TA,TA/TO,0,0,0,D,D,0,No Deposit,9.0,0,Transient,87.3,0,3
City Hotel,0,207,2016,December,53,30,1,2,2,0.0,0,BB,FRA,Offline TA/TO,TA/TO,0,0,0,A,A,2,No Deposit,104.0,0,Transient,161.67,0,0
City Hotel,0,272,2016,December,53,27,1,5,2,0.0,0,BB,DEU,Online TA,TA/TO,0,0,0,D,D,1,No Deposit,9.0,0,Transient,110.78,0,0
City Hotel,0,15,2016,December,53,29,1,3,2,0.0,0,SC,FRA,Online TA,TA/TO,0,0,0,A,A,0,No Deposit,9.0,0,Transient,102.0,0,2
City Hotel,0,9,2016,December,53,31,1,1,2,0.0,0,BB,ESP,Online TA,TA/TO,0,0,0,D,D,0,No Deposit,9.0,0,Transient,148.0,0,0
City Hotel,0,207,2016,December,53,30,1,2,2,0.0,0,HB,FRA,Offline TA/TO,TA/TO,0,0,0,A,A,1,No Deposit,104.0,0,Transient,183.0,0,0
City Hotel,0,6,2016,December,53,30,1,2,2,0.0,0,SC,ITA,Online TA,TA/TO,0,0,0,A,A,0,No Deposit,9.0,0,Transient,126.0,0,0
City Hotel,0,207,2016,December,53,30,1,2,2,0.0,0,BB,FRA,Offline TA/TO,TA/TO,0,0,0,A,A,0,No Deposit,104.0,0,Transient-Party,95.0,0,0
City Hotel,0,207,2016,December,53,30,1,2,2,0.0,0,BB,FRA,Offline TA/TO,TA/TO,0,0,0,A,A,0,No Deposit,104.0,0,Transient,161.67,0,0
City Hotel,0,207,2016,December,53,30,1,2,2,0.0,0,BB,FRA,Offline TA/TO,TA/TO,0,0,0,A,A,0,No Deposit,104.0,0,Transient,161.67,0,0
City Hotel,0,20,2016,December,53,31,1,1,2,0.0,0,BB,GBR,Online TA,TA/TO,0,0,0,F,F,1,No Deposit,9.0,0,Transient,208.0,0,1
City Hotel,0,207,2016,December,53,30,1,2,2,0.0,0,BB,FRA,Offline TA/TO,TA/TO,0,0,0,A,D,0,No Deposit,104.0,0,Transient,161.67,0,0
City Hotel,0,81,2016,December,53,31,1,1,2,0.0,0,BB,PRT,Direct,Direct,0,0,0,A,A,0,No Deposit,,0,Transient-Party,254.0,0,4
City Hotel,0,7,2016,December,53,29,1,3,2,0.0,0,BB,ROU,Online TA,TA/TO,0,0,0,D,D,0,No Deposit,9.0,0,Transient,125.8,0,0
City Hotel,0,282,2016,December,53,29,1,3,2,0.0,0,BB,SVK,Online TA,TA/TO,0,0,0,A,A,0,No Deposit,9.0,0,Transient,83.3,0,1
City Hotel,0,4,2016,December,53,29,1,3,2,0.0,0,BB,ROU,Online TA,TA/TO,0,0,0,A,A,0,No Deposit,9.0,0,Transient,122.48,0,1
City Hotel,0,207,2016,December,53,30,1,2,2,0.0,0,BB,FRA,Offline TA/TO,TA/TO,0,0,0,A,A,0,No Deposit,104.0,0,Transient-Party,161.67,0,0
City Hotel,0,259,2016,December,53,28,1,4,2,0.0,0,BB,ESP,Online TA,TA/TO,0,0,0,A,A,0,No Deposit,9.0,0,Transient,131.43,0,2
City Hotel,0,207,2016,December,53,30,1,2,2,0.0,0,BB,FRA,Offline TA/TO,TA/TO,0,0,0,A,A,2,No Deposit,104.0,0,Transient,161.67,0,0
City Hotel,0,41,2016,December,53,27,1,5,2,0.0,0,BB,BRA,Offline TA/TO,TA/TO,0,0,0,A,A,1,No Deposit,220.0,0,Transient-Party,70.0,0,0
City Hotel,0,41,2016,December,53,27,1,5,2,0.0,0,BB,BRA,Offline TA/TO,TA/TO,0,0,0,A,A,1,No Deposit,220.0,0,Transient-Party,70.0,0,0
City Hotel,0,41,2016,December,53,27,1,5,2,0.0,0,BB,BRA,Offline TA/TO,TA/TO,0,0,0,A,A,1,No Deposit,220.0,0,Transient-Party,70.0,0,0
City Hotel,0,0,2016,December,53,29,1,3,2,0.0,0,BB,BRA,Offline TA/TO,TA/TO,0,0,0,A,A,1,No Deposit,220.0,0,Transient-Party,12.0,0,0
City Hotel,0,44,2017,January,1,1,1,0,2,0.0,0,BB,PRT,Groups,TA/TO,0,0,0,A,A,0,No Deposit,,0,Transient-Party,65.0,0,0
City Hotel,0,32,2017,January,1,2,0,0,2,0.0,0,BB,PRT,Online TA,TA/TO,0,0,0,A,A,0,No Deposit,9.0,0,Transient,0.0,0,1
City Hotel,0,39,2016,December,53,29,1,3,2,0.0,0,BB,ESP,Online TA,TA/TO,0,0,0,D,D,0,No Deposit,9.0,0,Transient,201.08,0,0
City Hotel,0,207,2016,December,53,30,1,2,2,0.0,0,BB,FRA,Offline TA/TO,TA/TO,0,0,0,A,A,0,No Deposit,104.0,0,Transient,95.0,0,0
City Hotel,0,207,2016,December,53,30,1,2,2,0.0,0,BB,FRA,Offline TA/TO,TA/TO,0,0,0,A,A,0,No Deposit,104.0,0,Transient-Party,161.67,0,0
City Hotel,0,0,2017,January,1,3,0,2,2,0.0,0,BB,USA,Direct,Direct,1,0,1,D,D,0,No Deposit,14.0,0,Transient,108.0,0,0
City Hotel,0,21,2016,December,53,29,1,3,2,0.0,0,BB,FRA,Online TA,TA/TO,0,0,0,D,D,0,No Deposit,9.0,0,Transient,131.35,0,1
City Hotel,0,29,2016,December,53,30,1,2,2,0.0,0,BB,FRA,Offline TA/TO,TA/TO,0,0,0,A,A,0,No Deposit,104.0,0,Transient-Party,161.67,0,0
City Hotel,0,41,2016,December,53,27,1,5,2,0.0,0,BB,BRA,Offline TA/TO,TA/TO,0,0,0,A,A,1,No Deposit,220.0,0,Transient-Party,70.0,0,1
City Hotel,0,44,2017,January,1,1,2,0,2,0.0,0,BB,PRT,Groups,TA/TO,0,0,0,A,A,1,No Deposit,,0,Transient-Party,65.0,0,1
City Hotel,0,44,2017,January,1,1,2,0,2,0.0,0,BB,PRT,Groups,TA/TO,0,0,0,A,A,1,No Deposit,,0,Transient-Party,65.0,0,0
City Hotel,0,46,2017,January,1,1,2,0,2,0.0,0,BB,PRT,Groups,TA/TO,0,0,0,A,A,0,No Deposit,,0,Transient-Party,65.0,0,0
City Hotel,0,41,2016,December,53,27,2,5,2,0.0,0,BB,BRA,Offline TA/TO,TA/TO,0,0,0,A,A,0,No Deposit,220.0,0,Transient-Party,69.29,0,0
City Hotel,0,44,2017,January,1,1,2,0,2,0.0,0,BB,PRT,Groups,TA/TO,0,0,0,A,A,1,No Deposit,,0,Transient-Party,65.0,0,1
City Hotel,0,46,2017,January,1,1,2,0,2,0.0,0,BB,PRT,Groups,TA/TO,0,0,0,A,A,0,No Deposit,,0,Transient-Party,65.0,0,0
City Hotel,0,11,2017,January,1,1,2,0,2,0.0,0,BB,PRT,Groups,TA/TO,0,0,0,A,A,1,No Deposit,,0,Transient-Party,65.0,0,0
City Hotel,0,41,2016,December,53,27,2,5,2,0.0,0,BB,BRA,Offline TA/TO,TA/TO,0,0,0,A,A,0,No Deposit,220.0,0,Transient-Party,69.29,0,1
City Hotel,0,41,2016,December,53,27,2,5,2,0.0,0,BB,BRA,Offline TA/TO,TA/TO,0,0,0,A,A,0,No Deposit,220.0,0,Transient-Party,69.29,0,0
City Hotel,0,20,2017,January,1,1,2,0,2,0.0,0,BB,PRT,Groups,TA/TO,0,0,0,A,A,1,No Deposit,,0,Transient-Party,65.0,0,0
City Hotel,0,41,2016,December,53,27,2,5,2,0.0,0,BB,BRA,Offline TA/TO,TA/TO,0,0,0,A,A,0,No Deposit,220.0,0,Transient-Party,69.29,0,0
City Hotel,0,46,2017,January,1,1,2,0,2,0.0,0,BB,PRT,Groups,TA/TO,0,0,0,A,A,0,No Deposit,,0,Transient-Party,65.0,0,1
City Hotel,0,46,2017,January,1,1,2,0,2,0.0,0,BB,PRT,Groups,TA/TO,0,0,0,A,A,0,No Deposit,,0,Transient-Party,65.0,0,1
City Hotel,0,41,2016,December,53,27,2,5,2,0.0,0,BB,BRA,Offline TA/TO,TA/TO,0,0,0,A,A,0,No Deposit,220.0,0,Transient-Party,69.29,0,0
City Hotel,0,20,2017,January,1,1,2,0,2,0.0,0,BB,PRT,Groups,TA/TO,0,0,0,A,A,1,No Deposit,,0,Transient-Party,65.0,0,0
City Hotel,0,11,2017,January,1,1,2,0,2,0.0,0,BB,PRT,Groups,TA/TO,0,0,0,A,A,1,No Deposit,,0,Transient-Party,65.0,0,0
City Hotel,0,41,2016,December,53,27,2,5,2,0.0,0,BB,BRA,Offline TA/TO,TA/TO,0,0,0,A,A,0,No Deposit,220.0,0,Transient-Party,69.29,0,0
City Hotel,0,46,2017,January,1,1,2,0,2,0.0,0,BB,PRT,Groups,TA/TO,0,0,0,A,A,0,No Deposit,,0,Transient-Party,65.0,0,0
City Hotel,0,49,2017,January,1,2,1,0,2,0.0,0,SC,IRL,Online TA,TA/TO,0,0,0,A,A,0,No Deposit,8.0,0,Transient,79.2,0,1
City Hotel,0,0,2017,January,1,2,1,0,2,0.0,0,SC,FRA,Direct,Direct,0,0,0,A,A,0,No Deposit,,0,Transient,96.0,0,2
City Hotel,0,58,2016,December,53,29,2,3,2,0.0,0,BB,GBR,Online TA,TA/TO,0,0,0,D,D,0,No Deposit,9.0,0,Transient,178.56,0,2
City Hotel,0,1,2017,January,1,2,1,0,2,0.0,0,BB,ITA,Online TA,TA/TO,0,0,0,A,A,0,No Deposit,9.0,0,Transient,114.0,0,0
City Hotel,0,24,2016,December,53,31,2,1,2,0.0,0,BB,FRA,Online TA,TA/TO,0,0,0,D,D,2,No Deposit,9.0,0,Transient,137.33,0,1
City Hotel,0,269,2016,December,53,29,2,3,2,0.0,0,BB,SWE,Offline TA/TO,TA/TO,0,0,0,A,A,0,No Deposit,12.0,0,Transient-Party,80.0,0,1
City Hotel,0,281,2016,December,53,28,2,4,2,0.0,0,BB,DEU,Online TA,TA/TO,0,0,0,A,A,0,No Deposit,7.0,0,Transient,68.07,0,1
City Hotel,0,294,2016,December,53,29,2,3,2,0.0,0,BB,DEU,Online TA,TA/TO,0,0,0,A,A,0,No Deposit,9.0,0,Transient,82.11,0,1
City Hotel,0,269,2016,December,53,29,2,3,2,0.0,0,BB,SWE,Offline TA/TO,TA/TO,0,0,0,A,A,0,No Deposit,12.0,0,Transient-Party,80.0,0,1
City Hotel,0,269,2016,December,53,29,2,3,2,0.0,0,BB,SWE,Offline TA/TO,TA/TO,0,0,0,A,A,2,No Deposit,12.0,0,Transient-Party,80.0,0,0
City Hotel,0,99,2016,December,53,31,2,1,2,0.0,0,BB,FRA,Offline TA/TO,TA/TO,0,0,0,A,A,0,No Deposit,28.0,0,Transient,141.67,0,3
City Hotel,0,246,2016,December,53,27,2,5,2,0.0,0,BB,ROU,Online TA,TA/TO,0,0,0,A,A,0,No Deposit,7.0,0,Transient,58.36,0,1
City Hotel,0,23,2016,December,53,30,2,2,2,0.0,0,BB,ESP,Online TA,TA/TO,0,0,0,D,D,0,No Deposit,9.0,0,Transient,133.55,0,1
City Hotel,0,0,2017,January,1,2,1,0,2,0.0,0,BB,PRT,Online TA,TA/TO,0,0,0,A,A,1,No Deposit,9.0,0,Transient,115.0,0,0
City Hotel,0,103,2016,December,53,31,2,1,2,0.0,0,BB,ESP,Offline TA/TO,TA/TO,0,0,0,A,D,0,No Deposit,28.0,0,Transient,150.67,0,0
City Hotel,0,291,2016,December,53,28,2,4,2,0.0,0,BB,SWE,Online TA,TA/TO,0,0,0,A,A,2,No Deposit,9.0,0,Transient,80.75,0,2
City Hotel,0,291,2016,December,53,28,2,4,2,0.0,0,BB,SWE,Online TA,TA/TO,0,0,0,A,A,2,No Deposit,9.0,0,Transient,80.75,0,2
City Hotel,0,5,2016,December,53,30,2,2,2,0.0,0,BB,DEU,Online TA,TA/TO,0,0,0,A,A,0,No Deposit,9.0,0,Transient,122.48,0,2
City Hotel,0,99,2016,December,53,31,2,1,2,0.0,0,BB,FRA,Offline TA/TO,TA/TO,0,0,0,A,D,0,No Deposit,28.0,0,Transient,150.67,0,1
City Hotel,0,6,2016,December,53,30,2,2,2,0.0,0,BB,FRA,Online TA,TA/TO,0,0,0,A,A,0,No Deposit,9.0,0,Transient,122.48,0,3
City Hotel,0,5,2017,January,1,1,2,0,2,0.0,0,BB,USA,Direct,Direct,0,0,0,D,D,0,No Deposit,14.0,0,Transient,110.25,0,1
City Hotel,0,103,2016,December,53,31,2,2,2,0.0,0,BB,FRA,Offline TA/TO,TA/TO,0,0,0,A,A,0,No Deposit,28.0,0,Transient,125.0,0,0
City Hotel,0,0,2017,January,1,2,1,1,2,0.0,0,BB,PRT,Direct,Direct,0,0,0,E,E,0,No Deposit,,0,Transient,132.0,0,0
City Hotel,0,67,2017,January,1,2,1,1,2,0.0,0,BB,ITA,Online TA,TA/TO,0,0,0,D,D,0,No Deposit,9.0,0,Transient,102.6,0,0
City Hotel,0,4,2017,January,1,2,1,1,2,0.0,0,SC,CHN,Online TA,TA/TO,0,0,0,A,A,1,No Deposit,9.0,0,Transient,113.0,1,0
City Hotel,0,0,2017,January,1,3,0,1,2,0.0,0,SC,PRT,Online TA,TA/TO,0,0,0,A,A,0,No Deposit,9.0,0,Transient,88.0,0,0
City Hotel,0,41,2017,January,1,1,2,1,2,0.0,0,BB,ESP,Online TA,TA/TO,0,0,0,A,A,0,No Deposit,9.0,0,Transient,123.67,0,0
City Hotel,0,1,2017,January,1,2,1,1,2,0.0,0,BB,JPN,Online TA,TA/TO,0,0,0,E,E,0,No Deposit,9.0,0,Transient,149.0,0,0
City Hotel,0,19,2016,December,53,28,2,5,2,0.0,0,BB,AUT,Online TA,TA/TO,0,0,0,D,A,0,No Deposit,9.0,0,Transient,121.2,0,2
City Hotel,0,5,2016,December,53,30,2,3,2,0.0,0,BB,FRA,Online TA,TA/TO,0,0,0,A,A,0,No Deposit,9.0,0,Transient,116.0,0,1
City Hotel,0,84,2017,January,1,1,2,1,2,0.0,0,BB,RUS,Online TA,TA/TO,0,0,0,D,D,0,No Deposit,9.0,0,Transient,112.2,0,0
City Hotel,0,231,2016,December,53,30,2,3,2,0.0,0,BB,PRT,Online TA,TA/TO,0,0,0,A,A,0,No Deposit,7.0,0,Transient,63.75,0,1
City Hotel,0,171,2016,December,53,31,2,2,2,0.0,0,BB,PRT,Offline TA/TO,TA/TO,0,0,0,A,A,0,No Deposit,85.0,0,Transient,76.08,0,1
City Hotel,0,22,2017,January,1,2,1,1,2,0.0,0,SC,ESP,Online TA,TA/TO,0,0,0,A,A,0,No Deposit,9.0,0,Transient,97.0,0,1
City Hotel,0,0,2017,January,1,3,0,1,2,0.0,0,SC,PRT,Direct,Direct,0,0,0,A,A,1,No Deposit,,0,Transient,88.0,0,0
City Hotel,0,14,2016,December,53,28,2,5,2,0.0,0,SC,POL,Online TA,TA/TO,0,0,0,A,A,0,No Deposit,9.0,0,Transient,98.11,0,1
City Hotel,0,291,2016,December,53,28,2,5,2,0.0,0,BB,DEU,Offline TA/TO,TA/TO,0,0,0,A,A,0,No Deposit,27.0,0,Transient,68.0,0,0
City Hotel,0,91,2017,January,1,2,1,1,2,0.0,0,BB,ESP,Online TA,TA/TO,0,0,0,A,A,0,No Deposit,9.0,0,Transient,102.6,0,0
City Hotel,0,50,2017,January,1,3,0,1,2,0.0,0,BB,USA,Direct,Direct,0,0,0,A,A,0,No Deposit,14.0,0,Transient,79.2,0,0
City Hotel,0,13,2017,January,1,2,1,1,2,0.0,0,BB,ITA,Online TA,TA/TO,0,0,0,A,D,2,No Deposit,9.0,0,Transient,122.0,0,1
City Hotel,0,72,2017,January,1,3,0,1,2,0.0,0,BB,KOR,Online TA,TA/TO,0,0,0,D,D,0,No Deposit,9.0,0,Transient,102.6,0,1
City Hotel,0,18,2017,January,1,2,1,1,2,0.0,0,SC,NLD,Online TA,TA/TO,0,0,0,A,A,0,No Deposit,9.0,0,Transient,104.0,0,1
City Hotel,0,42,2016,December,53,29,2,5,2,0.0,0,BB,USA,Direct,Direct,0,0,0,E,E,0,No Deposit,14.0,0,Transient,146.29,0,0
City Hotel,0,39,2017,January,1,2,1,2,2,0.0,0,BB,KOR,Online TA,TA/TO,0,0,0,A,A,0,No Deposit,9.0,0,Transient,104.0,0,0
City Hotel,0,108,2017,January,1,2,1,2,2,0.0,0,HB,BEL,Online TA,TA/TO,0,0,0,D,D,2,No Deposit,9.0,0,Transient,136.8,0,1
City Hotel,0,41,2017,January,1,4,0,1,2,0.0,0,SC,BRA,Online TA,TA/TO,0,0,0,A,A,0,No Deposit,9.0,0,Transient,88.0,0,1
City Hotel,0,69,2017,January,1,2,1,2,2,0.0,0,BB,ESP,Online TA,TA/TO,0,0,0,A,A,0,No Deposit,9.0,0,Transient,93.6,0,1
City Hotel,0,20,2017,January,1,3,0,2,2,0.0,0,SC,ESP,Online TA,TA/TO,0,0,0,A,A,0,No Deposit,9.0,0,Transient,97.0,0,1
City Hotel,0,26,2017,January,1,2,1,2,2,0.0,0,BB,GBR,Online TA,TA/TO,0,0,0,D,D,0,No Deposit,9.0,0,Transient,125.0,0,1
City Hotel,0,17,2017,January,1,2,1,2,2,0.0,0,BB,ESP,Online TA,TA/TO,0,0,0,A,A,0,No Deposit,9.0,0,Transient,108.17,1,2
City Hotel,0,4,2017,January,1,3,0,2,2,0.0,0,BB,ESP,Online TA,TA/TO,0,0,0,A,A,0,No Deposit,7.0,0,Transient,81.62,0,1
City Hotel,0,35,2017,January,1,1,2,2,2,0.0,0,BB,AUT,Online TA,TA/TO,0,0,0,A,A,0,No Deposit,9.0,0,Transient,95.2,0,2
City Hotel,0,110,2017,January,1,3,0,2,2,0.0,0,BB,ESP,Online TA,TA/TO,0,0,0,B,A,1,No Deposit,9.0,0,Transient,91.6,0,2
City Hotel,0,139,2017,January,1,2,1,2,2,0.0,0,BB,ITA,Online TA,TA/TO,0,0,0,D,D,0,No Deposit,9.0,0,Transient,112.5,0,0
City Hotel,0,204,2017,January,1,2,1,2,2,0.0,0,BB,DEU,Online TA,TA/TO,0,0,0,D,D,0,No Deposit,9.0,0,Transient,103.5,0,1
City Hotel,0,1,2017,January,1,3,0,2,2,0.0,0,BB,FRA,Direct,Direct,0,0,0,D,D,0,No Deposit,,0,Transient,98.0,0,1
City Hotel,0,18,2017,January,1,1,2,2,2,0.0,0,HB,BEL,Online TA,TA/TO,0,0,0,A,A,0,No Deposit,9.0,0,Transient,111.78,0,1
City Hotel,0,18,2017,January,1,1,2,2,2,0.0,0,HB,BEL,Online TA,TA/TO,0,0,0,A,A,0,No Deposit,9.0,0,Transient,111.78,0,1
City Hotel,0,96,2016,December,53,31,2,3,2,0.0,0,HB,CHE,Offline TA/TO,TA/TO,0,0,0,A,D,0,No Deposit,28.0,0,Transient,166.0,0,0
City Hotel,0,33,2017,January,1,4,0,1,2,0.0,0,SC,DEU,Online TA,TA/TO,0,0,0,A,A,0,No Deposit,9.0,0,Transient,88.0,0,1
City Hotel,0,76,2017,January,1,1,2,2,2,0.0,0,BB,PRT,Online TA,TA/TO,0,0,0,D,D,0,No Deposit,7.0,0,Transient,75.86,0,1
City Hotel,0,0,2017,January,1,3,0,2,2,0.0,0,BB,HRV,Direct,Direct,0,0,0,D,D,0,No Deposit,14.0,0,Transient,108.0,0,0
City Hotel,0,76,2017,January,1,1,2,2,2,0.0,0,BB,ITA,Online TA,TA/TO,0,0,0,D,D,0,No Deposit,7.0,0,Transient,75.86,0,1
City Hotel,0,23,2016,December,53,30,2,4,2,0.0,0,BB,NLD,Online TA,TA/TO,0,0,0,D,D,0,No Deposit,9.0,0,Transient,115.9,0,2
City Hotel,0,23,2016,December,53,30,2,4,2,0.0,0,BB,CHN,Online TA,TA/TO,0,0,0,D,D,0,No Deposit,9.0,0,Transient,115.9,0,2
City Hotel,0,8,2017,January,1,1,2,2,2,0.0,0,BB,ITA,Online TA,TA/TO,0,0,0,D,D,0,No Deposit,9.0,0,Transient,112.2,0,1
City Hotel,0,5,2017,January,1,1,2,2,2,0.0,0,BB,PRT,Online TA,TA/TO,0,0,0,D,D,0,No Deposit,9.0,0,Transient,112.2,0,0
City Hotel,0,53,2016,December,53,30,2,4,2,0.0,0,HB,FRA,Direct,Direct,0,0,0,E,E,3,No Deposit,14.0,0,Transient,208.17,0,0
City Hotel,0,13,2017,January,1,3,0,2,2,0.0,0,BB,PRT,Online TA,TA/TO,0,0,0,D,D,0,No Deposit,7.0,0,Transient,89.32,0,2
City Hotel,0,53,2016,December,53,31,2,3,2,0.0,0,HB,FRA,Online TA,TA/TO,0,0,0,D,D,0,No Deposit,9.0,0,Transient,194.4,0,3
City Hotel,0,1,2017,January,1,4,0,1,2,0.0,0,SC,PRT,Online TA,Direct,0,0,0,A,A,1,No Deposit,,0,Transient,0.0,0,1
City Hotel,0,0,2017,January,1,4,0,1,2,0.0,0,SC,DEU,Online TA,TA/TO,0,0,0,A,A,0,No Deposit,9.0,0,Transient,88.0,0,1
City Hotel,0,40,2017,January,1,3,0,3,2,0.0,0,SC,USA,Online TA,TA/TO,0,0,0,A,A,0,No Deposit,7.0,0,Transient,67.76,0,1
City Hotel,0,9,2017,January,1,2,1,3,2,0.0,0,BB,ESP,Online TA,TA/TO,0,0,0,A,A,0,No Deposit,9.0,0,Transient,96.9,0,2
City Hotel,0,68,2017,January,1,3,0,3,2,0.0,0,BB,BRA,Online TA,TA/TO,0,0,0,A,A,0,No Deposit,7.0,0,Transient,72.07,0,1
City Hotel,0,306,2017,January,1,2,1,3,2,0.0,0,SC,ITA,Online TA,TA/TO,0,0,0,A,A,0,No Deposit,9.0,0,Transient-Party,67.15,0,0
City Hotel,0,306,2017,January,1,2,1,3,2,0.0,0,SC,ITA,Online TA,TA/TO,0,0,0,A,A,0,No Deposit,9.0,0,Transient-Party,67.15,0,0
City Hotel,0,43,2017,January,1,2,1,3,2,0.0,0,SC,PRT,Online TA,TA/TO,0,0,0,A,A,0,No Deposit,9.0,0,Transient,74.8,0,2
City Hotel,0,306,2017,January,1,2,1,3,2,0.0,0,SC,ITA,Online TA,TA/TO,0,0,0,A,A,1,No Deposit,9.0,0,Transient-Party,67.15,0,0
City Hotel,0,36,2017,January,1,4,0,2,2,0.0,0,SC,CHN,Online TA,TA/TO,0,0,0,A,A,0,No Deposit,9.0,0,Transient,88.0,0,1
City Hotel,0,22,2017,January,1,2,1,3,2,0.0,0,SC,FRA,Online TA,TA/TO,0,0,0,A,A,0,No Deposit,9.0,0,Transient,74.8,0,3
City Hotel,0,62,2017,January,1,2,1,3,2,0.0,0,BB,ITA,Online TA,TA/TO,0,0,0,A,A,0,No Deposit,9.0,0,Transient,88.4,0,3
City Hotel,0,65,2017,January,1,3,0,3,2,0.0,0,BB,DEU,Online TA,TA/TO,0,0,0,A,A,0,No Deposit,9.0,0,Transient,93.6,0,1
City Hotel,0,71,2017,January,1,2,1,3,2,0.0,0,BB,ESP,Online TA,TA/TO,0,0,0,A,A,0,No Deposit,9.0,0,Transient,97.4,1,2
City Hotel,0,19,2017,January,1,2,1,3,2,0.0,0,BB,DEU,Online TA,TA/TO,0,0,0,A,A,0,No Deposit,9.0,0,Transient,96.9,0,1
City Hotel,0,30,2017,January,1,2,1,3,2,0.0,0,BB,NLD,Online TA,TA/TO,0,0,0,A,A,0,No Deposit,9.0,0,Transient,88.4,0,3
City Hotel,0,7,2016,December,53,31,2,4,2,0.0,0,BB,FRA,Online TA,TA/TO,0,0,0,D,D,0,No Deposit,9.0,0,Transient,118.2,0,1
City Hotel,0,44,2017,January,1,3,0,3,2,0.0,0,BB,ESP,Online TA,TA/TO,0,0,0,A,A,0,No Deposit,9.0,0,Transient,106.07,0,1
City Hotel,0,3,2017,January,1,3,0,3,2,0.0,0,BB,FRA,Online TA,TA/TO,0,0,0,A,A,0,No Deposit,9.0,0,Transient,90.1,0,1
City Hotel,0,22,2017,January,1,2,1,3,2,0.0,0,SC,ITA,Online TA,TA/TO,0,0,0,A,A,0,No Deposit,9.0,0,Transient,74.8,0,1
City Hotel,0,29,2017,January,1,2,1,3,2,0.0,0,HB,ESP,Online TA,TA/TO,0,0,0,A,A,0,No Deposit,9.0,0,Transient,120.7,0,1
City Hotel,0,1,2017,January,1,5,0,1,2,0.0,0,BB,DEU,Direct,Direct,0,0,0,A,A,0,No Deposit,,0,Transient,95.0,0,1
City Hotel,0,29,2017,January,1,2,1,3,2,0.0,0,HB,ESP,Online TA,TA/TO,0,0,0,A,A,0,No Deposit,9.0,0,Transient,129.7,0,1
City Hotel,0,19,2017,January,1,2,1,3,2,0.0,0,BB,ITA,Online TA,TA/TO,0,0,0,A,A,1,No Deposit,9.0,0,Transient,96.9,0,2
City Hotel,0,89,2017,January,1,3,0,3,2,0.0,0,HB,AUT,Online TA,TA/TO,0,0,0,A,A,0,No Deposit,9.0,0,Transient,127.8,0,1
City Hotel,0,100,2017,January,1,2,1,3,2,0.0,0,SC,TWN,Online TA,TA/TO,0,0,0,A,A,1,No Deposit,9.0,0,Transient,74.8,0,2
City Hotel,0,6,2017,January,1,3,0,3,2,0.0,0,BB,FRA,Online TA,TA/TO,0,0,0,A,A,0,No Deposit,9.0,0,Transient,90.1,0,1
City Hotel,0,40,2017,January,1,2,1,3,2,0.0,0,SC,IRL,Online TA,TA/TO,0,0,0,A,A,0,No Deposit,9.0,0,Transient,74.8,0,0
City Hotel,0,36,2017,January,1,2,1,3,2,0.0,0,BB,ESP,Online TA,TA/TO,0,0,0,A,A,0,No Deposit,9.0,0,Transient,88.4,0,1
City Hotel,0,17,2016,December,53,30,2,5,2,0.0,0,SC,FRA,Online TA,TA/TO,0,0,0,A,A,0,No Deposit,9.0,0,Transient,90.34,0,1
City Hotel,0,31,2017,January,1,2,1,3,2,0.0,0,SC,ITA,Online TA,TA/TO,0,0,0,A,A,0,No Deposit,9.0,0,Transient,74.8,0,1
City Hotel,0,27,2017,January,1,1,2,3,2,0.0,0,SC,ESP,Online TA,TA/TO,0,0,0,A,A,0,No Deposit,9.0,0,Transient,80.24,0,3
City Hotel,0,62,2017,January,1,2,1,3,2,0.0,0,BB,ITA,Online TA,TA/TO,0,0,0,A,A,0,No Deposit,9.0,0,Transient,88.4,0,3
City Hotel,0,107,2016,December,53,31,2,5,2,0.0,0,BB,FRA,Offline TA/TO,TA/TO,0,0,0,A,B,0,No Deposit,28.0,0,Transient,103.57,0,0
City Hotel,0,35,2017,January,1,2,1,4,2,0.0,0,HB,ESP,Online TA,TA/TO,0,0,0,A,A,1,No Deposit,9.0,0,Transient,129.7,1,3
City Hotel,0,203,2017,January,1,2,1,4,2,0.0,0,BB,BRA,Offline TA/TO,TA/TO,0,0,0,A,A,0,No Deposit,85.0,0,Transient,68.0,0,0
City Hotel,0,0,2017,January,1,4,0,3,2,0.0,0,BB,PRT,Corporate,Corporate,0,0,0,A,A,0,No Deposit,,0,Transient,70.4,0,0
City Hotel,0,1,2017,January,1,5,0,2,2,0.0,0,BB,GTM,Online TA,TA/TO,0,0,0,A,A,1,No Deposit,9.0,0,Transient,68.0,0,0
City Hotel,0,1,2017,January,1,5,0,2,2,0.0,0,BB,GTM,Online TA,TA/TO,0,0,0,A,A,1,No Deposit,9.0,0,Transient,59.0,0,0
City Hotel,0,1,2017,January,1,5,0,2,2,0.0,0,BB,GTM,Online TA,TA/TO,0,0,0,A,A,1,No Deposit,9.0,0,Transient,59.0,0,0
City Hotel,0,1,2017,January,1,4,0,3,2,0.0,0,BB,RUS,Online TA,TA/TO,0,0,0,A,A,0,No Deposit,9.0,0,Transient,99.1,1,1
City Hotel,0,105,2017,January,1,5,0,2,2,0.0,0,BB,FRA,Offline TA/TO,TA/TO,0,0,0,A,A,0,No Deposit,28.0,0,Transient,75.0,0,0
City Hotel,0,44,2017,January,1,3,0,4,2,0.0,0,BB,RUS,Online TA,TA/TO,0,0,0,A,A,0,No Deposit,9.0,0,Transient,88.4,0,2
City Hotel,0,7,2017,January,1,4,0,3,2,0.0,0,BB,ESP,Online TA,TA/TO,0,0,0,A,A,0,No Deposit,9.0,0,Transient,99.1,0,0
City Hotel,0,30,2017,January,1,3,0,4,2,0.0,0,SC,FRA,Online TA,TA/TO,0,0,0,A,A,0,No Deposit,9.0,0,Transient,74.8,0,1
City Hotel,0,27,2017,January,1,4,0,3,2,0.0,0,SC,AUT,Online TA,TA/TO,0,0,0,A,A,0,No Deposit,9.0,0,Transient,88.0,0,1
City Hotel,0,66,2017,January,1,4,0,3,2,0.0,0,BB,BEL,Online TA,TA/TO,0,0,0,A,A,0,No Deposit,9.0,0,Transient,93.6,0,2
City Hotel,0,4,2017,January,1,6,0,1,2,0.0,0,BB,PRT,Online TA,TA/TO,0,0,0,A,A,0,No Deposit,9.0,0,Transient,106.0,0,1
City Hotel,0,14,2017,January,1,2,1,4,2,0.0,0,BB,ESP,Direct,Direct,0,0,0,A,A,1,No Deposit,14.0,0,Transient,91.6,1,0
City Hotel,0,61,2017,January,1,1,2,4,2,0.0,0,BB,CHE,Online TA,TA/TO,0,0,0,D,D,0,No Deposit,9.0,0,Transient,101.43,0,1
City Hotel,0,68,2017,January,1,1,2,4,2,0.0,0,BB,DEU,Online TA,TA/TO,0,0,0,D,D,0,No Deposit,7.0,0,Transient,74.2,0,1
City Hotel,0,104,2017,January,1,5,0,2,2,0.0,0,BB,FRA,Offline TA/TO,TA/TO,0,0,0,A,A,0,No Deposit,28.0,0,Transient,75.0,0,1
City Hotel,0,20,2017,January,1,3,0,4,2,0.0,0,BB,ITA,Online TA,TA/TO,0,0,0,A,A,0,No Deposit,9.0,0,Transient,90.1,0,2
City Hotel,0,31,2017,January,1,1,2,4,2,0.0,0,SC,DEU,Online TA,TA/TO,0,0,0,A,A,0,No Deposit,9.0,0,Transient,88.33,0,2
City Hotel,0,1,2017,January,1,3,0,4,2,0.0,0,BB,ESP,Online TA,TA/TO,0,0,0,A,A,0,No Deposit,9.0,0,Transient,99.1,0,1
City Hotel,0,2,2017,January,1,4,0,3,2,0.0,0,SC,ESP,Online TA,TA/TO,0,0,0,A,A,0,No Deposit,9.0,0,Transient,97.0,0,4
City Hotel,0,52,2017,January,1,6,0,1,2,0.0,0,HB,DEU,Online TA,TA/TO,0,0,0,A,A,0,No Deposit,9.0,0,Transient,127.8,0,2
City Hotel,0,1,2017,January,1,6,0,1,2,0.0,0,SC,DEU,Online TA,TA/TO,0,0,0,A,A,0,No Deposit,152.0,0,Transient,55.35,0,0
City Hotel,0,35,2017,January,1,2,1,5,2,0.0,0,SC,SVK,Online TA,TA/TO,0,0,0,A,A,1,No Deposit,9.0,0,Transient,74.8,0,0
City Hotel,0,44,2017,January,1,3,0,4,2,0.0,0,BB,RUS,Online TA,TA/TO,0,0,0,A,A,0,No Deposit,9.0,0,Transient,88.4,0,2
City Hotel,0,40,2017,January,1,3,0,5,2,0.0,0,HB,PRT,Online TA,TA/TO,0,0,0,D,D,0,No Deposit,7.0,0,Transient,99.48,0,2
City Hotel,0,43,2017,January,1,4,0,4,2,0.0,0,BB,ITA,Offline TA/TO,TA/TO,0,0,0,A,A,0,No Deposit,85.0,0,Transient,68.0,0,0
City Hotel,0,162,2017,January,1,4,0,4,2,0.0,0,SC,IRL,Online TA,TA/TO,0,0,0,A,A,0,No Deposit,9.0,0,Transient,74.8,0,3
City Hotel,0,13,2017,January,1,3,0,5,2,0.0,0,SC,GBR,Online TA,TA/TO,0,0,0,A,A,0,No Deposit,7.0,0,Transient,57.6,0,1
City Hotel,0,21,2017,January,1,7,0,1,2,0.0,0,HB,PRT,Online TA,TA/TO,0,0,0,A,A,0,No Deposit,9.0,0,Transient,144.0,0,2
City Hotel,0,9,2017,January,1,5,0,3,2,0.0,0,BB,NLD,Online TA,TA/TO,0,0,0,A,A,0,No Deposit,9.0,0,Transient,90.1,0,1
City Hotel,0,9,2017,January,1,5,0,3,2,0.0,0,BB,NLD,Online TA,TA/TO,0,0,0,A,A,0,No Deposit,9.0,0,Transient,90.1,0,1
City Hotel,0,12,2017,January,1,3,0,5,2,0.0,0,BB,FRA,Online TA,TA/TO,0,0,0,A,A,0,No Deposit,8.0,0,Transient,93.8,0,1
City Hotel,0,22,2017,January,1,7,0,1,2,0.0,0,BB,USA,Groups,TA/TO,0,0,0,D,D,1,No Deposit,,0,Transient-Party,67.0,0,2
City Hotel,0,127,2017,January,1,3,0,5,2,0.0,0,HB,DEU,Offline TA/TO,TA/TO,0,0,0,A,A,0,No Deposit,16.0,0,Transient,100.0,0,3
City Hotel,0,127,2017,January,1,3,0,5,2,0.0,0,HB,DEU,Offline TA/TO,TA/TO,0,0,0,A,A,0,No Deposit,16.0,0,Transient,100.0,0,3
City Hotel,0,105,2017,January,1,5,0,3,2,0.0,0,BB,FRA,Direct,Direct,0,0,0,A,A,0,No Deposit,14.0,0,Transient,118.0,0,3
City Hotel,0,83,2017,January,1,6,0,2,2,0.0,0,SC,DEU,Online TA,TA/TO,0,0,0,A,A,0,No Deposit,9.0,0,Transient,79.2,0,2
City Hotel,0,124,2017,January,1,7,0,1,2,0.0,0,BB,PRT,Online TA,TA/TO,0,0,0,A,A,0,No Deposit,9.0,0,Transient,93.6,0,1
City Hotel,0,119,2017,January,1,2,1,5,2,0.0,0,BB,DEU,Online TA,TA/TO,0,0,0,D,D,0,No Deposit,9.0,0,Transient,96.9,0,2
City Hotel,0,1,2017,January,1,3,0,5,2,0.0,0,SC,ITA,Online TA,TA/TO,0,0,0,A,A,0,No Deposit,9.0,0,Transient,83.8,0,1
City Hotel,0,4,2017,January,1,7,0,1,2,0.0,0,BB,PRT,Online TA,TA/TO,0,0,0,A,A,0,No Deposit,9.0,0,Transient,115.0,1,0
City Hotel,0,14,2017,January,1,6,0,2,2,0.0,0,BB,RUS,Online TA,TA/TO,0,0,0,A,A,0,No Deposit,9.0,0,Transient,106.0,0,3
City Hotel,0,124,2017,January,1,7,0,1,2,0.0,0,BB,PRT,Online TA,TA/TO,0,0,0,A,A,0,No Deposit,9.0,0,Transient,93.6,0,1
City Hotel,0,28,2017,January,1,5,0,3,2,0.0,0,HB,ESP,Online TA,TA/TO,0,0,0,A,A,0,No Deposit,9.0,0,Transient,153.0,1,1
City Hotel,0,24,2017,January,1,5,0,3,2,0.0,0,BB,FRA,Online TA,TA/TO,0,0,0,D,D,0,No Deposit,9.0,0,Transient,116.0,0,2
City Hotel,0,16,2017,January,1,5,0,3,2,0.0,0,BB,FRA,Online TA,TA/TO,0,0,0,A,A,0,No Deposit,9.0,0,Transient,90.1,0,2
City Hotel,0,71,2017,January,1,4,0,4,2,0.0,0,SC,NLD,Online TA,TA/TO,0,0,0,A,A,0,No Deposit,7.0,0,Transient,54.71,0,1
City Hotel,0,310,2016,December,53,27,2,10,2,0.0,0,SC,DEU,Online TA,TA/TO,0,0,0,A,A,2,No Deposit,9.0,0,Transient-Party,68.57,0,2
City Hotel,0,53,2017,January,1,4,0,4,2,0.0,0,BB,FRA,Direct,Direct,0,0,0,A,A,0,No Deposit,14.0,0,Transient,79.2,0,0
City Hotel,0,32,2017,January,1,4,0,4,2,0.0,0,BB,USA,Online TA,TA/TO,0,0,0,A,A,0,No Deposit,7.0,0,Transient,68.07,0,1
City Hotel,0,310,2016,December,53,27,2,10,2,0.0,0,SC,DEU,Online TA,TA/TO,0,0,0,A,A,2,No Deposit,9.0,0,Transient-Party,68.57,0,2
City Hotel,0,14,2017,January,1,6,0,2,2,0.0,0,BB,PRT,Online TA,TA/TO,0,0,0,A,A,0,No Deposit,9.0,0,Transient,106.0,0,2
City Hotel,0,41,2017,January,1,4,0,4,2,0.0,0,BB,PRT,Online TA,TA/TO,0,0,0,A,A,0,No Deposit,9.0,0,Transient,88.4,0,0
City Hotel,0,1,2017,January,1,5,0,3,2,0.0,0,SC,PRT,Online TA,TA/TO,0,0,0,A,A,0,No Deposit,9.0,0,Transient,97.0,0,1
City Hotel,0,0,2017,January,1,5,0,3,2,0.0,0,BB,FRA,Offline TA/TO,TA/TO,0,0,0,A,A,0,No Deposit,28.0,0,Transient,80.0,0,0
City Hotel,0,25,2017,January,1,6,0,2,2,0.0,0,BB,GBR,Direct,Direct,0,0,0,G,G,0,No Deposit,14.0,0,Transient,198.0,0,0
City Hotel,0,44,2017,January,1,5,0,3,2,0.0,0,BB,ITA,Direct,Direct,0,0,0,A,A,0,No Deposit,14.0,0,Transient,98.0,0,0
City Hotel,0,2,2017,January,1,4,1,4,2,0.0,0,SC,FRA,Online TA,TA/TO,0,0,0,A,A,0,No Deposit,9.0,0,Transient,73.36,0,1
City Hotel,0,3,2017,January,1,5,1,3,2,0.0,0,BB,ZAF,Online TA,TA/TO,0,0,0,A,A,0,No Deposit,8.0,0,Transient,88.29,0,1
City Hotel,0,94,2017,January,2,8,1,0,2,0.0,0,SC,CN,Online TA,TA/TO,0,0,0,A,A,0,No Deposit,9.0,0,Transient,79.2,0,2
City Hotel,0,10,2017,January,2,8,1,0,2,0.0,0,BB,CHE,Groups,TA/TO,0,0,0,D,D,2,No Deposit,330.0,0,Transient-Party,78.0,0,2
City Hotel,0,28,2017,January,1,5,1,3,2,0.0,0,BB,HRV,Online TA,TA/TO,0,0,0,A,A,1,No Deposit,9.0,0,Transient,74.8,0,1
City Hotel,0,0,2017,January,1,7,1,1,2,0.0,0,SC,PRT,Online TA,TA/TO,0,0,0,A,A,0,No Deposit,9.0,0,Transient,83.75,0,0
City Hotel,0,0,2017,January,2,8,1,0,2,0.0,0,SC,PRT,Online TA,TA/TO,0,0,0,D,D,0,No Deposit,152.0,0,Transient,59.04,0,0
City Hotel,0,6,2017,January,1,4,1,4,2,0.0,0,BB,ITA,Online TA,TA/TO,0,0,0,E,E,0,No Deposit,86.0,0,Transient,91.32,0,0
City Hotel,0,1,2017,January,1,4,1,4,2,0.0,0,BB,PRT,Online TA,TA/TO,0,0,0,D,D,0,No Deposit,9.0,0,Transient,97.16,0,0
City Hotel,0,1,2017,January,1,6,1,2,2,0.0,0,BB,ESP,Online TA,TA/TO,0,0,0,A,A,0,No Deposit,9.0,0,Transient,87.69,1,0
City Hotel,0,1,2017,January,2,8,1,0,2,0.0,0,BB,PRT,Online TA,TA/TO,0,0,0,A,A,0,No Deposit,9.0,0,Transient,97.5,0,0
City Hotel,0,1,2017,January,1,4,1,4,2,0.0,0,BB,PRT,Online TA,TA/TO,0,0,0,D,D,0,No Deposit,9.0,0,Transient,106.16,0,0
City Hotel,0,9,2017,January,1,6,1,2,2,0.0,0,BB,FRA,Online TA,TA/TO,0,0,0,A,A,0,No Deposit,9.0,0,Transient,87.69,0,0
City Hotel,0,0,2017,January,2,8,1,0,2,0.0,0,HB,PRT,Direct,Direct,0,0,0,A,A,3,No Deposit,14.0,0,Transient,129.5,0,1
City Hotel,0,64,2017,January,1,6,1,2,2,0.0,0,BB,BEL,Online TA,TA/TO,0,0,0,A,A,0,No Deposit,155.0,0,Transient,112.33,0,2
City Hotel,0,41,2017,January,1,5,1,3,2,0.0,0,BB,GBR,Online TA,TA/TO,0,0,0,A,A,0,No Deposit,7.0,0,Transient,68.07,0,1
City Hotel,0,47,2017,January,1,6,1,2,2,0.0,0,BB,ITA,Online TA,TA/TO,0,0,0,A,A,0,No Deposit,9.0,0,Transient,93.6,0,1
City Hotel,0,1,2017,January,1,7,1,1,2,0.0,0,SC,ESP,Online TA,TA/TO,0,0,0,A,A,0,No Deposit,9.0,0,Transient,92.75,1,1
City Hotel,0,14,2017,January,1,5,1,3,2,0.0,0,SC,FRA,Online TA,TA/TO,0,0,0,A,A,0,No Deposit,9.0,0,Transient,73.0,0,1
City Hotel,0,49,2017,January,1,5,1,3,2,0.0,0,BB,FRA,Online TA,TA/TO,0,0,0,D,D,0,No Deposit,9.0,0,Transient,105.9,0,2
City Hotel,0,4,2017,January,1,3,1,5,2,0.0,0,SC,CHE,Online TA,TA/TO,0,0,0,A,A,0,No Deposit,7.0,0,Transient,53.83,0,1
City Hotel,0,30,2017,January,1,5,1,3,2,0.0,0,SC,DEU,Online TA,TA/TO,0,0,0,A,A,0,No Deposit,7.0,0,Transient,54.71,0,1
City Hotel,0,3,2017,January,1,6,1,2,2,0.0,0,BB,AUS,Online TA,TA/TO,0,0,0,A,E,0,No Deposit,9.0,0,Transient,125.16,0,1
City Hotel,0,3,2017,January,1,6,1,2,2,0.0,0,BB,AUS,Online TA,TA/TO,0,0,0,A,A,0,No Deposit,9.0,0,Transient,87.69,0,1
City Hotel,0,107,2017,January,1,6,1,2,2,0.0,0,BB,GBR,Online TA,TA/TO,0,0,0,D,D,0,No Deposit,9.0,0,Transient,102.6,0,0
City Hotel,0,128,2017,January,1,6,1,2,2,0.0,0,BB,GBR,Online TA,TA/TO,0,0,0,B,A,3,No Deposit,9.0,0,Transient,82.44,0,0
City Hotel,0,4,2017,January,2,9,1,0,2,0.0,0,SC,AUT,Direct,Direct,0,0,0,A,A,0,No Deposit,,0,Transient,79.5,0,1
City Hotel,0,24,2017,January,1,6,2,2,2,0.0,0,BB,IRL,Online TA,TA/TO,0,0,0,A,A,0,No Deposit,9.0,0,Transient,90.1,0,2
City Hotel,0,87,2017,January,1,3,2,5,2,0.0,0,BB,BRA,Online TA,TA/TO,0,0,0,A,A,0,No Deposit,7.0,0,Transient,68.07,0,1
City Hotel,0,0,2017,January,1,6,2,2,2,0.0,0,BB,KOR,Direct,Direct,0,0,0,A,A,0,No Deposit,,0,Transient,80.0,0,0
City Hotel,0,8,2017,January,1,7,2,1,2,0.0,0,SC,ESP,Online TA,TA/TO,0,0,0,A,A,0,No Deposit,9.0,0,Transient,91.33,1,0
City Hotel,0,16,2017,January,2,8,2,0,2,0.0,0,SC,PRT,Online TA,TA/TO,0,0,0,A,A,0,No Deposit,9.0,0,Transient,79.5,0,0
City Hotel,0,0,2017,January,1,7,2,1,2,0.0,0,BB,NLD,Online TA,TA/TO,0,0,0,A,A,0,No Deposit,9.0,0,Transient,85.29,0,0
City Hotel,0,121,2017,January,1,6,2,2,2,0.0,0,BB,ITA,Online TA,TA/TO,0,0,0,A,A,0,No Deposit,9.0,0,Transient,104.0,0,1
City Hotel,0,121,2017,January,1,6,2,2,2,0.0,0,BB,ITA,Online TA,TA/TO,0,0,0,A,A,0,No Deposit,9.0,0,Transient,104.0,0,1
City Hotel,0,46,2017,January,1,7,2,1,2,0.0,0,BB,FRA,Online TA,TA/TO,0,0,0,D,D,0,No Deposit,9.0,0,Transient,102.6,0,2
City Hotel,0,64,2017,January,1,3,2,5,2,0.0,0,SC,GBR,Online TA,TA/TO,0,0,0,A,A,0,No Deposit,9.0,0,Transient,74.8,0,1
City Hotel,0,1,2017,January,1,7,2,1,2,0.0,0,SC,FRA,Online TA,TA/TO,0,0,0,A,A,0,No Deposit,9.0,0,Transient,69.99,0,0
City Hotel,0,18,2017,January,1,7,2,1,2,0.0,0,BB,PRT,Online TA,TA/TO,0,0,0,A,A,0,No Deposit,7.0,0,Transient,58.72,0,1
City Hotel,0,2,2017,January,1,7,2,1,2,0.0,0,HB,PRT,Offline TA/TO,TA/TO,0,0,0,A,A,0,No Deposit,28.0,0,Transient,121.0,0,0
City Hotel,0,146,2017,January,1,2,3,5,2,0.0,0,BB,DEU,Online TA,TA/TO,0,0,0,D,D,0,No Deposit,9.0,0,Transient,97.75,0,2
City Hotel,0,15,2017,January,1,6,2,2,2,0.0,0,BB,ITA,Online TA,TA/TO,0,0,0,A,A,0,No Deposit,9.0,0,Transient,86.49,0,0
City Hotel,0,13,2017,January,1,7,2,1,2,0.0,0,BB,NLD,Online TA,TA/TO,0,0,0,A,A,0,No Deposit,9.0,0,Transient,85.29,0,0
City Hotel,0,1,2017,January,2,8,2,1,2,0.0,0,BB,FRA,Online TA,TA/TO,0,0,0,A,A,0,No Deposit,9.0,0,Transient,82.88,0,0
City Hotel,0,80,2017,January,1,5,2,4,2,0.0,0,BB,PRT,Online TA,TA/TO,0,0,0,D,D,0,No Deposit,159.0,0,Transient,24.83,0,0
City Hotel,0,0,2017,January,2,10,0,1,2,0.0,0,SC,ITA,Online TA,TA/TO,0,0,0,A,A,0,No Deposit,9.0,0,Transient,79.5,0,0
City Hotel,0,0,2017,January,2,10,0,1,2,0.0,0,SC,ITA,Online TA,TA/TO,0,0,0,A,A,0,No Deposit,9.0,0,Transient,79.5,0,0
City Hotel,0,181,2017,January,2,8,2,1,2,0.0,0,HB,IRL,Online TA,TA/TO,0,0,0,D,A,0,No Deposit,9.0,0,Transient,137.7,0,1
City Hotel,0,12,2017,January,2,10,0,1,2,0.0,0,SC,DEU,Online TA,TA/TO,0,0,0,A,A,0,No Deposit,9.0,0,Transient,79.5,0,1
City Hotel,0,7,2017,January,2,8,2,1,2,0.0,0,BB,DEU,Online TA,TA/TO,0,0,0,A,A,0,No Deposit,9.0,0,Transient,82.88,0,0
City Hotel,0,75,2017,January,2,8,2,1,2,0.0,0,BB,USA,Groups,TA/TO,0,0,0,D,D,4,No Deposit,330.0,0,Transient-Party,78.0,0,2
City Hotel,0,56,2017,January,2,8,2,1,2,0.0,0,BB,FRA,Online TA,TA/TO,0,0,0,A,A,0,No Deposit,9.0,0,Transient,93.6,0,2
City Hotel,0,3,2017,January,2,9,1,1,2,0.0,0,BB,FRA,Online TA,TA/TO,0,0,0,A,A,0,No Deposit,155.0,0,Transient,97.5,0,3
City Hotel,0,43,2017,January,1,7,2,2,2,0.0,0,BB,GBR,Online TA,TA/TO,0,0,0,A,A,0,No Deposit,7.0,0,Transient,68.07,0,0
City Hotel,0,43,2017,January,1,7,2,2,2,0.0,0,BB,GBR,Online TA,TA/TO,0,0,0,A,A,0,No Deposit,7.0,0,Transient,68.07,0,0
City Hotel,0,43,2017,January,1,7,2,2,2,0.0,0,BB,ITA,Online TA,TA/TO,0,0,0,A,A,0,No Deposit,9.0,0,Transient,88.4,0,0
City Hotel,0,128,2017,January,1,6,2,3,2,0.0,0,BB,CYP,Online TA,TA/TO,0,0,0,A,A,0,No Deposit,7.0,0,Transient,68.07,0,2
City Hotel,0,128,2017,January,1,6,2,3,2,0.0,0,BB,CYP,Online TA,TA/TO,0,0,0,A,A,0,No Deposit,7.0,0,Transient,68.07,0,2
City Hotel,0,75,2017,January,2,8,2,1,2,0.0,0,BB,USA,Groups,TA/TO,0,0,0,D,D,1,No Deposit,330.0,0,Transient-Party,67.0,0,0
City Hotel,0,8,2017,January,1,7,2,2,2,0.0,0,BB,FRA,Online TA,TA/TO,0,0,0,A,A,0,No Deposit,9.0,0,Transient,84.69,0,1
City Hotel,0,1,2017,January,2,8,2,2,2,0.0,0,SC,FRA,Offline TA/TO,TA/TO,0,0,0,A,A,0,No Deposit,15.0,0,Transient,54.06,0,0
City Hotel,0,343,2017,January,2,9,1,2,2,0.0,0,SC,USA,Online TA,TA/TO,0,0,0,A,A,0,No Deposit,9.0,0,Transient,71.1,0,3
City Hotel,0,14,2017,January,2,10,0,2,2,0.0,0,BB,ITA,Online TA,TA/TO,0,0,0,A,A,0,No Deposit,9.0,0,Transient,97.5,0,0
City Hotel,0,10,2017,January,1,7,2,3,2,0.0,0,BB,DEU,Online TA,TA/TO,0,0,0,A,A,0,No Deposit,9.0,0,Transient,84.32,0,0
City Hotel,0,50,2017,January,1,6,2,4,2,0.0,0,BB,BRA,Direct,Direct,0,0,0,A,A,0,No Deposit,,0,Transient,79.2,0,1
City Hotel,0,65,2017,January,3,21,1,1,2,0.0,0,BB,BRA,Direct,Direct,0,0,1,A,A,0,No Deposit,,0,Transient,79.2,0,1
City Hotel,0,262,2017,January,2,9,1,2,2,0.0,0,BB,ITA,Online TA,TA/TO,0,0,0,A,A,0,No Deposit,9.0,0,Transient-Party,81.9,0,2
City Hotel,0,74,2017,January,1,7,2,3,2,0.0,0,BB,ROU,Groups,TA/TO,0,0,0,D,D,2,No Deposit,330.0,0,Transient-Party,78.0,0,2
City Hotel,0,27,2017,January,2,12,0,1,2,0.0,0,BB,ROU,Groups,TA/TO,0,0,0,D,D,1,No Deposit,,0,Transient-Party,78.0,0,2
City Hotel,0,262,2017,January,2,9,1,2,2,0.0,0,BB,ITA,Online TA,TA/TO,0,0,0,A,A,0,No Deposit,9.0,0,Transient-Party,81.9,0,2
City Hotel,0,252,2017,January,2,9,1,2,2,0.0,0,BB,ITA,Online TA,TA/TO,0,0,0,A,A,0,No Deposit,9.0,0,Transient-Party,81.9,0,1
City Hotel,0,262,2017,January,2,9,1,2,2,0.0,0,BB,ITA,Online TA,TA/TO,0,0,0,A,A,1,No Deposit,9.0,0,Transient-Party,81.9,0,2
City Hotel,0,262,2017,January,2,9,1,2,2,0.0,0,BB,ALB,Online TA,TA/TO,0,0,0,A,A,0,No Deposit,9.0,0,Transient-Party,81.9,0,2
City Hotel,0,5,2017,January,1,7,2,3,2,0.0,0,HB,FRA,Online TA,TA/TO,0,0,0,A,A,0,No Deposit,9.0,0,Transient,116.62,0,2
City Hotel,0,18,2017,January,2,8,2,2,2,0.0,0,BB,DEU,Online TA,TA/TO,0,0,0,E,E,0,No Deposit,9.0,0,Transient,108.38,0,2
City Hotel,0,262,2017,January,2,9,1,2,2,0.0,0,BB,ITA,Online TA,TA/TO,0,0,0,A,A,0,No Deposit,9.0,0,Transient-Party,81.9,0,2
City Hotel,0,24,2017,January,1,7,2,3,2,0.0,0,BB,BRA,Online TA,TA/TO,0,0,0,A,A,0,No Deposit,9.0,0,Transient,90.1,0,2
City Hotel,0,101,2017,January,2,9,1,2,2,0.0,0,BB,GBR,Online TA,TA/TO,0,0,0,A,A,0,No Deposit,7.0,0,Transient,72.07,0,1
City Hotel,0,0,2017,January,2,11,0,1,2,0.0,0,BB,GBR,Direct,Direct,0,0,0,A,A,0,No Deposit,,0,Transient,90.0,0,0
City Hotel,0,262,2017,January,2,9,1,2,2,0.0,0,BB,ALB,Online TA,TA/TO,0,0,0,D,D,2,No Deposit,9.0,0,Transient-Party,114.3,0,3
City Hotel,0,52,2017,January,2,10,0,2,2,0.0,0,BB,PRT,Direct,Direct,0,0,0,A,A,0,No Deposit,14.0,0,Transient,79.2,0,1
City Hotel,0,8,2017,January,2,10,0,2,2,0.0,0,BB,PER,Online TA,TA/TO,0,0,0,A,A,0,No Deposit,7.0,0,Transient,75.08,0,1
City Hotel,0,8,2017,January,2,10,0,2,2,0.0,0,BB,PER,Online TA,TA/TO,0,0,0,A,A,0,No Deposit,7.0,0,Transient,75.08,0,1
City Hotel,0,3,2017,January,2,11,0,2,2,0.0,0,SC,GBR,Online TA,TA/TO,0,0,0,A,A,0,No Deposit,9.0,0,Transient,88.75,1,2
City Hotel,0,23,2017,January,2,8,2,3,2,0.0,0,HB,BRA,Direct,Direct,0,0,0,D,D,0,No Deposit,14.0,0,Transient,148.0,1,1
City Hotel,0,87,2017,January,2,12,0,1,2,0.0,0,SC,USA,Online TA,TA/TO,0,0,0,A,A,0,No Deposit,9.0,0,Transient,88.2,1,1
City Hotel,0,20,2017,January,2,9,1,3,2,0.0,0,BB,PRT,Online TA,TA/TO,0,0,0,A,A,0,No Deposit,9.0,0,Transient,91.88,1,1
City Hotel,0,332,2017,January,2,9,1,3,2,0.0,0,BB,DEU,Online TA,TA/TO,0,0,0,A,A,0,No Deposit,9.0,0,Transient,77.35,0,1
City Hotel,0,2,2017,June,22,1,0,3,2,0.0,0,BB,PRT,Corporate,Direct,1,0,2,A,A,0,No Deposit,,0,Transient,130.0,0,2
City Hotel,0,4,2017,January,2,9,1,3,2,0.0,0,SC,IRL,Online TA,TA/TO,0,0,0,A,A,0,No Deposit,79.0,0,Transient,54.15,0,0
City Hotel,0,61,2017,January,2,8,2,3,2,0.0,0,BB,DEU,Offline TA/TO,TA/TO,0,0,0,A,A,0,No Deposit,27.0,0,Transient,72.0,0,0
City Hotel,0,1,2017,January,2,10,0,3,2,0.0,0,BB,KOR,Direct,Direct,0,0,0,A,A,1,No Deposit,,0,Transient,80.0,0,0
City Hotel,0,9,2017,January,2,11,0,2,2,0.0,0,SC,DEU,Online TA,TA/TO,0,0,0,A,A,0,No Deposit,42.0,0,Transient,67.0,0,1
City Hotel,0,7,2017,January,3,18,0,3,2,0.0,0,BB,AGO,Offline TA/TO,TA/TO,0,0,1,A,D,1,No Deposit,,0,Transient,68.33,0,1
City Hotel,0,0,2017,January,2,9,1,3,2,0.0,0,BB,TUR,Direct,Direct,0,0,0,A,A,0,No Deposit,,0,Transient,65.16,0,2
City Hotel,0,29,2017,January,2,10,0,3,2,0.0,0,BB,ESP,Online TA,TA/TO,0,0,0,A,A,0,No Deposit,9.0,0,Transient,99.1,0,3
City Hotel,0,3,2017,January,2,10,0,3,2,0.0,0,HB,ITA,Offline TA/TO,TA/TO,0,0,0,A,A,0,No Deposit,15.0,0,Transient,108.53,0,0
City Hotel,0,2,2017,January,2,12,0,1,2,0.0,0,HB,PRT,Direct,Direct,0,0,0,A,A,0,No Deposit,14.0,0,Transient,150.0,0,2
City Hotel,0,53,2017,January,2,8,2,3,2,0.0,0,BB,FRA,Online TA,TA/TO,0,0,0,A,A,2,No Deposit,9.0,0,Transient,88.4,0,1
City Hotel,0,0,2017,January,2,9,1,3,2,0.0,0,BB,TUR,Direct,Direct,0,0,0,A,A,0,No Deposit,,0,Transient,65.16,0,2
City Hotel,0,4,2017,January,2,8,2,3,2,0.0,0,HB,BEL,Direct,Direct,0,0,0,A,A,1,No Deposit,14.0,0,Transient,109.05,0,0
City Hotel,0,45,2017,January,2,9,1,3,2,0.0,0,BB,NLD,Online TA,TA/TO,0,0,0,D,D,0,No Deposit,9.0,0,Transient,96.9,0,0
City Hotel,0,0,2017,January,2,12,0,1,2,0.0,0,BB,PRT,Direct,Direct,0,0,0,A,A,0,No Deposit,,0,Transient,50.0,0,1
City Hotel,0,0,2017,January,2,9,1,3,2,0.0,0,BB,BRA,Online TA,TA/TO,0,0,0,A,D,0,No Deposit,9.0,0,Transient,82.99,0,0
City Hotel,0,13,2017,January,4,22,2,4,2,0.0,0,BB,BRA,Direct,TA/TO,0,0,1,D,D,0,No Deposit,,0,Transient,87.5,0,0
City Hotel,0,11,2017,January,2,9,1,4,2,0.0,0,HB,FRA,Online TA,TA/TO,0,0,0,D,D,0,No Deposit,9.0,0,Transient,123.68,0,1
City Hotel,0,58,2017,January,2,9,1,4,2,0.0,0,BB,FRA,Online TA,TA/TO,0,0,0,A,A,0,No Deposit,9.0,0,Transient,88.4,0,2
City Hotel,0,275,2017,January,2,13,0,1,2,0.0,0,BB,AUS,Direct,Direct,0,0,0,A,A,3,No Deposit,14.0,0,Transient,67.15,0,0
City Hotel,0,28,2017,January,2,12,0,2,2,0.0,0,BB,FRA,Online TA,TA/TO,0,0,0,A,A,0,No Deposit,9.0,0,Transient,106.0,0,2
City Hotel,0,0,2017,January,2,13,0,1,2,0.0,0,BB,PRT,Direct,Direct,0,0,0,A,A,0,No Deposit,,0,Transient,80.0,1,1
City Hotel,0,65,2017,January,2,12,0,2,2,0.0,0,BB,DEU,Groups,TA/TO,0,0,0,A,A,1,No Deposit,,0,Transient-Party,75.0,0,0
City Hotel,0,65,2017,January,2,12,0,2,2,0.0,0,BB,DEU,Groups,TA/TO,0,0,0,A,A,1,No Deposit,,0,Transient-Party,75.0,0,0
City Hotel,0,1,2017,January,2,10,0,4,2,0.0,0,BB,MAR,Direct,Direct,0,0,0,A,A,1,No Deposit,14.0,0,Transient,89.75,0,1
City Hotel,0,28,2017,January,2,9,1,4,2,0.0,0,HB,PRT,Offline TA/TO,TA/TO,0,0,0,A,A,0,No Deposit,15.0,0,Transient,97.92,0,1
City Hotel,0,12,2017,January,2,10,0,4,2,0.0,0,SC,ITA,Online TA,TA/TO,0,0,0,A,A,0,No Deposit,9.0,0,Transient,67.58,0,0
City Hotel,0,8,2017,January,2,11,0,3,2,0.0,0,BB,ESP,Online TA,TA/TO,0,0,0,A,A,0,No Deposit,9.0,0,Transient,87.69,0,2
City Hotel,0,8,2017,January,2,11,0,3,2,0.0,0,BB,ESP,Online TA,TA/TO,0,0,0,A,A,0,No Deposit,9.0,0,Transient,87.69,0,2
City Hotel,0,342,2017,January,2,12,0,2,2,0.0,0,BB,AUS,Online TA,TA/TO,0,0,0,D,D,0,No Deposit,7.0,0,Transient,81.62,0,1
City Hotel,0,3,2017,January,1,7,2,5,2,0.0,0,BB,DEU,Offline TA/TO,TA/TO,0,0,0,D,D,0,No Deposit,22.0,0,Transient,76.5,0,0
City Hotel,0,2,2017,January,2,13,0,1,2,0.0,0,BB,PRT,Online TA,TA/TO,0,0,0,A,A,0,No Deposit,9.0,0,Transient,100.0,0,1
City Hotel,0,46,2017,January,2,10,0,4,2,0.0,0,SC,AUS,Online TA,TA/TO,0,0,0,A,A,0,No Deposit,7.0,0,Transient,57.59,0,0
City Hotel,0,44,2017,January,2,9,1,4,2,0.0,0,BB,GHA,Online TA,TA/TO,0,0,0,A,A,0,No Deposit,9.0,0,Transient,88.4,0,1
City Hotel,0,16,2017,January,2,8,2,4,2,0.0,0,BB,FRA,Online TA,TA/TO,0,0,0,A,A,0,No Deposit,7.0,0,Transient,60.63,0,1
City Hotel,0,3,2017,January,2,13,0,1,2,0.0,0,BB,PRT,Online TA,TA/TO,0,0,0,D,D,0,No Deposit,9.0,0,Transient,108.0,0,2
City Hotel,0,3,2017,January,2,13,0,1,2,0.0,0,BB,PRT,Online TA,TA/TO,0,0,0,D,D,0,No Deposit,9.0,0,Transient,108.0,0,2
City Hotel,0,275,2017,January,2,13,0,1,2,0.0,0,BB,AUS,Direct,Direct,0,0,0,A,A,3,No Deposit,14.0,0,Transient,67.15,0,0
City Hotel,0,0,2017,January,2,13,0,1,2,0.0,0,BB,PRT,Online TA,TA/TO,0,0,0,A,A,0,No Deposit,9.0,0,Transient,99.0,0,2
City Hotel,0,16,2017,January,2,10,0,4,2,0.0,0,BB,TUN,Online TA,TA/TO,0,0,0,A,A,0,No Deposit,9.0,0,Transient,82.88,0,1
City Hotel,0,75,2017,January,2,11,0,3,2,0.0,0,BB,DEU,Offline TA/TO,TA/TO,0,0,0,D,D,0,No Deposit,27.0,0,Transient,82.8,0,1
City Hotel,0,27,2017,January,2,12,0,3,2,0.0,0,BB,GBR,Online TA,TA/TO,0,0,0,A,A,0,No Deposit,9.0,0,Transient,82.88,0,1
City Hotel,0,49,2017,January,2,11,0,4,2,0.0,0,SC,FRA,Online TA,TA/TO,0,0,0,A,A,0,No Deposit,9.0,0,Transient,74.8,0,1
City Hotel,0,165,2017,January,2,13,0,2,2,0.0,0,BB,BRA,Online TA,TA/TO,0,0,0,A,A,1,No Deposit,9.0,0,Transient,89.1,0,1
City Hotel,0,1,2017,January,2,11,0,4,2,0.0,0,BB,FRA,Online TA,TA/TO,0,0,0,A,A,0,No Deposit,9.0,0,Transient,83.2,0,1
City Hotel,0,3,2017,January,2,13,0,2,2,0.0,0,BB,BRA,Online TA,TA/TO,0,0,0,A,A,0,No Deposit,9.0,0,Transient,90.0,0,1
City Hotel,0,166,2017,January,2,13,0,2,2,0.0,0,BB,BRA,Online TA,TA/TO,0,0,0,A,A,0,No Deposit,9.0,0,Transient,90.0,0,1
City Hotel,0,80,2017,January,2,11,0,4,2,0.0,0,BB,BEL,Online TA,TA/TO,0,0,0,A,A,0,No Deposit,9.0,0,Transient,88.4,0,3
City Hotel,0,55,2017,January,2,14,0,1,2,0.0,0,BB,BRA,Online TA,TA/TO,0,0,0,A,A,0,No Deposit,9.0,0,Transient,93.6,0,2
City Hotel,0,3,2017,January,2,12,0,3,2,0.0,0,SC,ESP,Online TA,TA/TO,0,0,0,A,A,0,No Deposit,9.0,0,Transient,77.0,0,1
City Hotel,0,18,2017,January,2,14,0,1,2,0.0,0,SC,LTU,Online TA,TA/TO,0,0,0,A,A,0,No Deposit,9.0,0,Transient,79.5,0,0
City Hotel,0,21,2017,January,2,11,0,4,2,0.0,0,BB,ITA,Online TA,TA/TO,0,0,0,A,A,0,No Deposit,9.0,0,Transient,82.88,0,3
City Hotel,0,10,2017,January,2,12,0,3,2,0.0,0,BB,FRA,Online TA,TA/TO,0,0,0,A,A,0,No Deposit,8.0,0,Transient,103.17,0,1
City Hotel,0,9,2017,January,2,9,1,5,2,0.0,0,BB,FRA,Online TA,TA/TO,0,0,0,A,A,0,No Deposit,7.0,0,Transient,60.63,0,1
City Hotel,0,22,2017,January,2,12,0,3,2,0.0,0,BB,MAR,Online TA,TA/TO,0,0,0,D,D,0,No Deposit,7.0,0,Transient,66.22,0,1
City Hotel,0,58,2017,January,2,13,0,2,2,0.0,0,SC,ESP,Online TA,TA/TO,0,0,0,A,A,0,No Deposit,9.0,0,Transient,79.2,0,1
City Hotel,0,0,2017,January,2,14,0,1,2,0.0,0,BB,PRT,Direct,Direct,0,0,0,F,F,0,No Deposit,,0,Transient,75.0,0,0
City Hotel,0,52,2017,January,2,11,0,4,2,0.0,0,BB,CHE,Online TA,TA/TO,0,0,0,A,A,0,No Deposit,9.0,0,Transient,88.4,0,0
City Hotel,0,7,2017,January,2,12,0,3,2,0.0,0,BB,NLD,Online TA,TA/TO,0,0,0,A,A,0,No Deposit,7.0,0,Transient,71.69,0,1
City Hotel,0,3,2017,January,2,14,0,1,2,0.0,0,SC,PRT,Direct,Direct,0,0,0,A,A,0,No Deposit,14.0,0,Transient,98.0,0,0
City Hotel,0,2,2017,January,2,12,0,3,2,0.0,0,BB,DEU,Online TA,TA/TO,0,0,0,A,A,0,No Deposit,9.0,0,Transient,85.57,0,1
City Hotel,0,36,2017,January,2,13,0,2,2,0.0,0,SC,FRA,Online TA,TA/TO,0,0,0,A,A,0,No Deposit,89.0,0,Transient,75.88,0,0
City Hotel,0,2,2017,January,2,14,0,1,2,0.0,0,BB,PRT,Online TA,TA/TO,0,0,0,A,A,0,No Deposit,9.0,0,Transient,99.0,0,0
City Hotel,0,0,2017,January,2,13,0,2,2,0.0,0,SC,PRT,Online TA,TA/TO,0,0,0,A,A,0,No Deposit,9.0,0,Transient,79.0,0,0
City Hotel,0,12,2017,January,2,13,0,2,2,0.0,0,BB,PRT,Online TA,TA/TO,0,0,0,A,A,1,No Deposit,9.0,0,Transient,103.75,0,3
City Hotel,0,12,2017,January,2,13,0,2,2,0.0,0,BB,PRT,Online TA,TA/TO,0,0,0,A,A,1,No Deposit,9.0,0,Transient,103.75,0,3
City Hotel,0,1,2017,January,2,12,0,3,2,0.0,0,BB,TUR,Online TA,TA/TO,0,0,0,A,A,1,No Deposit,9.0,0,Transient,87.27,0,0
City Hotel,0,9,2017,January,2,14,0,1,2,0.0,0,HB,PRT,Direct,Direct,0,0,0,E,E,0,No Deposit,14.0,0,Transient,160.0,0,2
City Hotel,0,4,2017,January,2,13,1,2,2,0.0,0,BB,FRA,Online TA,TA/TO,0,0,0,D,D,0,No Deposit,83.0,0,Transient,86.4,0,0
City Hotel,0,58,2017,January,2,12,1,3,2,0.0,0,SC,GBR,Online TA,TA/TO,0,0,0,A,A,0,No Deposit,7.0,0,Transient,57.59,0,1
City Hotel,0,58,2017,January,2,12,1,3,2,0.0,0,SC,GBR,Online TA,TA/TO,0,0,0,A,A,0,No Deposit,7.0,0,Transient,57.59,0,1
City Hotel,0,26,2017,January,3,15,1,0,2,0.0,0,SC,PRT,Online TA,TA/TO,0,0,0,A,A,0,No Deposit,9.0,0,Transient,79.5,0,1
City Hotel,0,1,2017,January,2,14,1,1,2,0.0,0,SC,PRT,Online TA,TA/TO,0,0,0,A,A,0,No Deposit,9.0,0,Transient,88.0,0,1
City Hotel,0,24,2017,January,2,13,1,2,2,0.0,0,BB,DNK,Online TA,TA/TO,0,0,0,A,A,0,No Deposit,9.0,0,Transient,82.88,0,1
City Hotel,0,5,2017,January,2,13,1,2,2,0.0,0,BB,ESP,Online TA,TA/TO,0,0,0,A,A,0,No Deposit,9.0,0,Transient,83.3,0,2
City Hotel,0,58,2017,January,2,14,1,1,2,0.0,0,SC,SWE,Online TA,TA/TO,0,0,0,A,A,0,No Deposit,9.0,0,Transient,79.2,0,0
City Hotel,0,15,2017,January,2,13,1,2,2,0.0,0,HB,ITA,Online TA,TA/TO,0,0,0,A,A,0,No Deposit,9.0,0,Transient,135.5,0,0
City Hotel,0,10,2017,January,2,13,1,2,2,0.0,0,BB,USA,Online TA,TA/TO,0,0,0,A,A,0,No Deposit,9.0,0,Transient,85.29,0,0
City Hotel,0,25,2017,January,2,11,1,4,2,0.0,0,HB,DEU,Online TA,TA/TO,0,0,0,A,A,0,No Deposit,7.0,0,Transient,63.82,0,1
City Hotel,0,10,2017,January,2,10,1,5,2,0.0,0,BB,FRA,Online TA,TA/TO,0,0,0,A,A,0,No Deposit,9.0,0,Transient,82.88,0,0
City Hotel,0,21,2017,January,2,12,1,3,2,0.0,0,SC,FRA,Online TA,TA/TO,0,0,0,A,A,0,No Deposit,9.0,0,Transient,67.58,0,1
City Hotel,0,121,2017,January,2,10,1,5,2,0.0,0,BB,FRA,Online TA,TA/TO,0,0,0,A,A,0,No Deposit,8.0,0,Transient,88.4,0,1
City Hotel,0,52,2017,January,2,13,1,2,2,0.0,0,BB,GBR,Online TA,TA/TO,0,0,0,D,D,0,No Deposit,7.0,0,Transient,79.0,0,1
City Hotel,0,16,2017,January,2,11,1,4,2,0.0,0,BB,IRL,Online TA,TA/TO,0,0,0,A,A,0,No Deposit,9.0,0,Transient,82.88,0,2
City Hotel,0,10,2017,January,2,14,2,1,2,0.0,0,BB,FRA,Online TA,TA/TO,0,0,0,A,A,0,No Deposit,9.0,0,Transient,88.2,0,2
City Hotel,0,138,2017,January,2,13,2,2,2,0.0,0,BB,BEL,Online TA,TA/TO,0,0,0,B,B,1,No Deposit,9.0,0,Transient,77.86,0,0
City Hotel,0,5,2017,January,2,14,2,1,2,0.0,0,SC,NLD,Online TA,TA/TO,0,0,0,A,A,0,No Deposit,7.0,0,Transient,58.52,0,1
City Hotel,0,12,2017,January,2,12,2,3,2,0.0,0,BB,NLD,Online TA,TA/TO,0,0,0,A,A,0,No Deposit,9.0,0,Transient,85.77,0,0
City Hotel,0,52,2017,January,2,14,2,1,2,0.0,0,BB,KOR,Online TA,TA/TO,0,0,0,A,A,2,No Deposit,9.0,0,Transient,87.75,0,0
City Hotel,0,19,2017,January,2,13,2,2,2,0.0,0,BB,ESP,Online TA,TA/TO,0,0,0,A,A,2,No Deposit,9.0,0,Transient,82.88,0,2
City Hotel,0,9,2017,January,2,13,2,2,2,0.0,0,SC,ESP,Online TA,TA/TO,0,0,0,A,A,0,No Deposit,9.0,0,Transient,86.0,1,0
City Hotel,0,151,2017,January,3,16,1,0,2,0.0,0,BB,AUS,Direct,Direct,0,0,0,A,A,3,No Deposit,14.0,0,Transient,67.15,0,0
City Hotel,0,11,2017,January,2,14,2,1,2,0.0,0,SC,ITA,Online TA,TA/TO,0,0,0,A,A,0,No Deposit,9.0,0,Transient,79.5,0,0
City Hotel,0,12,2017,January,2,14,2,1,2,0.0,0,BB,POL,Online TA,TA/TO,0,0,0,A,A,0,No Deposit,9.0,0,Transient,87.75,0,2
City Hotel,0,151,2017,January,3,16,1,0,2,0.0,0,BB,AUS,Direct,Direct,0,0,0,A,A,3,No Deposit,14.0,0,Transient,67.15,0,0
City Hotel,0,61,2017,January,3,16,1,0,2,0.0,0,BB,FRA,Online TA,TA/TO,0,0,0,A,A,1,No Deposit,9.0,0,Transient,108.2,0,2
City Hotel,0,1,2017,January,2,12,2,3,2,0.0,0,BB,FRA,Direct,Direct,0,0,0,A,A,2,No Deposit,14.0,0,Transient,74.2,0,1
City Hotel,0,1,2017,January,2,12,2,3,2,0.0,0,BB,FRA,Direct,Direct,0,0,0,A,A,2,No Deposit,14.0,0,Transient,78.2,0,2
City Hotel,0,1,2017,January,2,14,2,1,2,0.0,0,HB,FRA,Online TA,TA/TO,0,0,0,F,F,0,No Deposit,83.0,0,Transient,175.2,0,0
City Hotel,0,68,2017,January,2,14,2,1,2,0.0,0,SC,ITA,Online TA,TA/TO,0,0,0,A,A,0,No Deposit,9.0,0,Transient,79.2,0,1
City Hotel,0,28,2017,January,1,3,4,10,2,0.0,0,BB,AGO,Online TA,TA/TO,0,0,0,D,D,0,No Deposit,9.0,0,Transient,96.9,0,1
City Hotel,0,9,2017,January,2,14,2,2,2,0.0,0,BB,FRA,Online TA,TA/TO,0,0,0,D,D,0,No Deposit,9.0,0,Transient,91.8,0,0
City Hotel,0,81,2017,January,3,17,0,1,2,0.0,0,BB,DEU,Online TA,TA/TO,0,0,0,A,A,0,No Deposit,7.0,0,Transient,72.07,0,1
City Hotel,0,4,2017,January,3,15,2,1,2,0.0,0,SC,FRA,Online TA,TA/TO,0,0,0,A,A,0,No Deposit,9.0,0,Transient,83.8,0,0
City Hotel,0,9,2017,January,2,14,2,2,2,0.0,0,BB,MAR,Online TA,TA/TO,0,0,0,A,A,1,No Deposit,9.0,0,Transient,88.0,0,0
City Hotel,0,6,2017,January,2,11,2,5,2,0.0,0,SC,PRT,Online TA,TA/TO,0,0,0,A,A,0,No Deposit,9.0,0,Transient,76.94,0,2
City Hotel,0,7,2017,January,2,11,2,5,2,0.0,0,BB,POL,Online TA,TA/TO,0,0,0,A,A,0,No Deposit,79.0,0,Transient,74.31,0,0
City Hotel,0,6,2017,January,2,10,2,6,2,0.0,0,BB,ITA,Corporate,Corporate,0,0,0,A,A,2,No Deposit,,0,Transient,71.86,0,1
City Hotel,0,0,2017,January,3,17,0,2,2,0.0,0,BB,PRT,Complementary,TA/TO,0,0,0,E,E,0,No Deposit,1.0,0,Transient,0.0,0,2
City Hotel,0,16,2017,January,3,15,2,2,2,0.0,0,BB,ITA,Online TA,TA/TO,0,0,0,D,D,0,No Deposit,9.0,0,Transient,95.31,0,2
City Hotel,0,43,2017,January,3,17,0,2,2,0.0,0,SC,CHN,Online TA,TA/TO,0,0,0,A,A,2,No Deposit,9.0,0,Transient,75.38,0,2
City Hotel,0,44,2017,January,2,14,2,3,2,0.0,0,BB,PRT,Online TA,TA/TO,0,0,0,D,D,0,No Deposit,9.0,0,Transient,96.9,0,0
City Hotel,0,3,2017,January,3,15,2,2,2,0.0,0,SC,IRL,Direct,Direct,0,0,0,A,D,0,No Deposit,14.0,0,Transient,90.5,0,0
City Hotel,0,12,2017,January,3,16,1,2,2,0.0,0,SC,FRA,Online TA,TA/TO,0,0,0,A,A,0,No Deposit,9.0,0,Transient,78.0,0,1
City Hotel,0,77,2017,January,3,16,1,2,2,0.0,0,SC,GBR,Online TA,TA/TO,0,0,0,A,K,0,No Deposit,9.0,0,Transient,79.2,0,1
City Hotel,0,0,2017,January,2,14,2,3,2,0.0,0,BB,HRV,Online TA,TA/TO,0,0,0,A,A,0,No Deposit,9.0,0,Transient,88.74,0,0
City Hotel,0,14,2017,January,3,16,1,2,2,0.0,0,BB,GBR,Online TA,TA/TO,0,0,0,A,A,0,No Deposit,9.0,0,Transient,103.67,0,1
City Hotel,0,148,2017,January,2,12,2,5,2,0.0,0,SC,AUS,Online TA,TA/TO,0,0,0,A,A,0,No Deposit,9.0,0,Transient,74.8,0,1
City Hotel,0,15,2017,January,3,16,1,2,2,0.0,0,SC,FRA,Online TA,TA/TO,0,0,0,A,A,0,No Deposit,9.0,0,Transient,91.67,0,0
City Hotel,0,121,2017,January,3,15,2,2,2,0.0,0,BB,CHE,Online TA,TA/TO,0,0,0,A,A,0,No Deposit,9.0,0,Transient,88.4,0,1
City Hotel,0,15,2017,January,3,16,1,2,2,0.0,0,SC,PRT,Online TA,TA/TO,0,0,0,A,A,0,No Deposit,9.0,0,Transient,85.67,0,0
City Hotel,0,23,2017,January,3,18,0,1,2,0.0,0,BB,PRT,Direct,Direct,0,0,0,D,D,0,No Deposit,14.0,0,Transient,103.25,0,0
City Hotel,0,16,2017,January,3,19,0,1,2,0.0,0,SC,BRA,Online TA,TA/TO,0,0,0,A,A,0,No Deposit,9.0,0,Transient,98.0,0,0
City Hotel,0,18,2017,January,3,17,0,3,2,0.0,0,BB,NOR,Online TA,TA/TO,0,0,0,D,D,0,No Deposit,9.0,0,Transient,119.83,0,1
City Hotel,0,40,2017,January,3,16,1,3,2,0.0,0,SC,BEL,Online TA,TA/TO,0,0,0,A,A,0,No Deposit,9.0,0,Transient,74.8,0,2
City Hotel,0,12,2017,January,3,16,1,3,2,0.0,0,SC,DNK,Online TA,TA/TO,0,0,0,A,A,0,No Deposit,9.0,0,Transient,88.33,0,0
City Hotel,0,1,2017,January,3,18,0,2,2,0.0,0,BB,GBR,Online TA,TA/TO,0,0,0,D,D,0,No Deposit,9.0,0,Transient,118.0,0,0
City Hotel,0,55,2017,January,3,17,0,3,2,0.0,0,HB,ESP,Offline TA/TO,TA/TO,0,0,0,A,A,0,No Deposit,138.0,0,Transient,95.0,0,0
City Hotel,0,62,2017,January,3,16,1,3,2,0.0,0,SC,FRA,Online TA,TA/TO,0,0,0,A,A,0,No Deposit,9.0,0,Transient,74.8,0,2
City Hotel,0,8,2017,January,2,14,2,4,2,0.0,0,BB,PRT,Online TA,TA/TO,0,0,0,D,A,0,No Deposit,9.0,0,Transient,96.9,0,1
City Hotel,0,1,2017,January,3,20,0,1,2,0.0,0,SC,AGO,Direct,TA/TO,0,0,0,A,K,0,No Deposit,,0,Group,0.0,0,1
City Hotel,0,22,2017,January,3,16,1,3,2,0.0,0,BB,FRA,Online TA,TA/TO,0,0,0,D,D,0,No Deposit,9.0,0,Transient,99.24,0,0
City Hotel,0,2,2017,January,3,18,0,2,2,0.0,0,BB,CZE,Groups,TA/TO,0,0,0,A,A,0,No Deposit,1.0,0,Transient,75.0,0,0
City Hotel,0,4,2017,January,3,17,0,3,2,0.0,0,BB,PRT,Online TA,TA/TO,0,0,0,A,A,0,No Deposit,9.0,0,Transient,108.0,0,1
City Hotel,0,119,2017,January,3,16,1,3,2,0.0,0,BB,BRA,Online TA,TA/TO,0,0,0,A,A,0,No Deposit,9.0,0,Transient,88.4,0,1
City Hotel,0,119,2017,January,3,16,1,3,2,0.0,0,BB,BRA,Online TA,TA/TO,0,0,0,A,A,0,No Deposit,9.0,0,Transient,88.4,0,1
City Hotel,0,55,2017,January,3,16,1,3,2,0.0,0,BB,ESP,Offline TA/TO,TA/TO,0,0,0,A,A,0,No Deposit,138.0,0,Transient,72.0,0,1
City Hotel,0,1,2017,January,3,19,0,1,2,0.0,0,SC,BRA,Online TA,TA/TO,0,0,0,A,A,0,No Deposit,9.0,0,Transient,88.0,0,0
City Hotel,0,48,2017,January,2,14,2,5,2,0.0,0,BB,RUS,Online TA,TA/TO,0,0,0,D,D,0,No Deposit,9.0,0,Transient,96.9,0,2
City Hotel,0,8,2017,January,3,20,0,1,2,0.0,0,BB,PRT,Direct,Direct,0,0,0,A,A,0,No Deposit,14.0,0,Transient,85.75,0,0
City Hotel,0,1,2017,January,3,19,0,2,2,0.0,0,BB,FRA,Direct,Direct,0,0,0,A,A,1,No Deposit,,0,Transient,88.2,0,1
City Hotel,0,40,2017,January,3,18,0,3,2,0.0,0,BB,GBR,Online TA,TA/TO,0,0,0,D,D,0,No Deposit,7.0,0,Transient,84.85,0,1
City Hotel,0,148,2017,January,3,17,0,4,2,0.0,0,BB,FRA,Direct,Direct,0,0,0,A,A,0,No Deposit,14.0,0,Transient,79.2,0,0
City Hotel,0,17,2017,January,3,16,1,4,2,0.0,0,BB,AUT,Online TA,TA/TO,0,0,0,A,A,1,No Deposit,9.0,0,Transient,92.31,0,2
City Hotel,0,0,2017,January,3,20,0,1,2,0.0,0,SC,NGA,Online TA,TA/TO,0,0,0,A,A,0,No Deposit,152.0,0,Transient,55.07,0,0
City Hotel,0,0,2017,January,3,21,0,1,2,0.0,0,SC,NGA,Online TA,TA/TO,1,0,0,A,A,0,No Deposit,152.0,0,Group,58.31,0,0
City Hotel,0,32,2017,January,3,21,2,1,2,0.0,0,BB,TUR,Groups,TA/TO,0,0,0,A,A,1,No Deposit,171.0,0,Group,85.0,0,0
City Hotel,0,36,2017,January,3,18,0,3,2,0.0,0,BB,CYP,Groups,TA/TO,0,0,0,A,A,1,No Deposit,,0,Transient-Party,75.0,0,1
City Hotel,0,70,2017,January,3,15,2,4,2,0.0,0,BB,AUT,Online TA,TA/TO,0,0,0,A,A,0,No Deposit,9.0,0,Transient,93.6,0,2
City Hotel,0,70,2017,January,3,15,2,4,2,0.0,0,BB,AUT,Online TA,TA/TO,0,0,0,A,A,0,No Deposit,9.0,0,Transient,93.6,0,2
City Hotel,0,36,2017,January,3,18,0,3,2,0.0,0,BB,CYP,Groups,TA/TO,0,0,0,A,A,1,No Deposit,,0,Transient-Party,75.0,0,1
City Hotel,0,10,2017,January,3,20,0,1,2,0.0,0,BB,PRT,Online TA,TA/TO,0,0,0,A,A,0,No Deposit,9.0,0,Transient,125.0,1,1
City Hotel,0,77,2017,January,3,15,2,4,2,0.0,0,BB,BRA,Online TA,TA/TO,0,0,0,B,A,1,No Deposit,9.0,0,Transient,77.86,0,2
City Hotel,0,0,2017,January,3,18,0,3,2,0.0,0,SC,PRT,Direct,Direct,0,0,0,A,A,0,No Deposit,,0,Transient,88.0,0,2
City Hotel,0,33,2017,January,2,14,2,6,2,0.0,0,BB,USA,Online TA,TA/TO,0,0,0,D,D,0,No Deposit,7.0,0,Transient,72.12,0,1
City Hotel,0,2,2017,January,3,19,0,3,2,0.0,0,BB,FRA,Groups,TA/TO,0,0,0,A,A,0,No Deposit,29.0,0,Transient-Party,95.0,0,0
City Hotel,0,2,2017,January,3,19,0,3,2,0.0,0,BB,FRA,Groups,TA/TO,0,0,0,A,A,0,No Deposit,29.0,0,Transient-Party,95.0,0,0
City Hotel,0,2,2017,January,3,19,0,3,2,0.0,0,BB,FRA,Groups,TA/TO,0,0,0,A,A,0,No Deposit,29.0,0,Transient-Party,95.0,0,0
City Hotel,0,27,2017,January,3,19,0,3,2,0.0,0,BB,FRA,Groups,TA/TO,0,0,0,A,A,0,No Deposit,29.0,25,Transient-Party,95.0,0,0
City Hotel,0,0,2017,January,3,20,0,2,2,0.0,0,SC,RUS,Online TA,TA/TO,0,0,0,A,A,0,No Deposit,9.0,0,Transient,88.0,0,0
City Hotel,0,7,2017,January,3,16,1,5,2,0.0,0,BB,NOR,Online TA,TA/TO,0,0,0,A,A,0,No Deposit,9.0,0,Transient,90.95,0,1
City Hotel,0,2,2017,January,3,19,0,3,2,0.0,0,BB,FRA,Groups,TA/TO,0,0,0,A,A,0,No Deposit,29.0,0,Transient-Party,95.0,0,0
City Hotel,0,9,2017,January,3,19,0,3,2,0.0,0,SC,PRT,Online TA,TA/TO,0,0,0,A,A,3,No Deposit,9.0,0,Transient,94.67,0,0
City Hotel,0,16,2017,January,3,15,2,5,2,0.0,0,BB,GBR,Online TA,TA/TO,0,0,0,D,D,0,No Deposit,9.0,0,Transient,98.12,0,0
City Hotel,0,23,2017,January,3,20,0,2,2,0.0,0,BB,ITA,Direct,Direct,0,0,0,E,E,0,No Deposit,14.0,0,Transient,128.75,0,0
City Hotel,0,280,2017,January,3,20,0,2,2,0.0,0,HB,ITA,Online TA,TA/TO,0,0,0,D,D,0,No Deposit,9.0,0,Transient,129.6,0,2
City Hotel,0,280,2017,January,3,20,0,2,2,0.0,0,HB,ITA,Online TA,TA/TO,0,0,0,D,D,0,No Deposit,9.0,0,Transient,129.6,0,2
City Hotel,0,0,2017,January,3,21,0,1,2,0.0,0,SC,DEU,Online TA,TA/TO,0,0,0,A,A,0,No Deposit,9.0,0,Transient,88.0,0,0
City Hotel,0,58,2017,January,3,20,0,2,2,0.0,0,BB,FRA,Online TA,TA/TO,0,0,0,A,A,0,No Deposit,9.0,0,Transient,93.6,0,3
City Hotel,0,143,2017,January,3,20,0,2,2,0.0,0,BB,DEU,Online TA,TA/TO,0,0,0,A,A,0,No Deposit,9.0,0,Transient,93.6,0,2
City Hotel,0,143,2017,January,3,20,0,2,2,0.0,0,BB,DEU,Online TA,TA/TO,0,0,0,A,A,0,No Deposit,9.0,0,Transient,93.6,0,2
City Hotel,0,74,2017,January,3,18,0,4,2,0.0,0,BB,ARG,Online TA,TA/TO,0,0,0,A,A,0,No Deposit,8.0,0,Transient,88.39,0,3
City Hotel,0,23,2017,January,3,19,0,3,2,0.0,0,BB,ITA,Offline TA/TO,TA/TO,0,0,0,A,A,0,No Deposit,85.0,0,Transient,80.0,0,0
City Hotel,0,31,2017,January,3,20,0,2,2,0.0,0,HB,FRA,Online TA,TA/TO,0,0,0,D,D,0,No Deposit,9.0,0,Transient,154.75,0,2
City Hotel,0,14,2017,January,3,18,0,4,2,0.0,0,BB,NLD,Online TA,TA/TO,0,0,0,E,E,0,No Deposit,9.0,0,Transient,120.28,0,2
City Hotel,0,34,2017,January,3,20,0,2,2,0.0,0,BB,DEU,Online TA,TA/TO,0,0,0,A,A,0,No Deposit,9.0,0,Transient,106.75,0,2
City Hotel,0,2,2017,January,3,19,0,3,2,0.0,0,BB,ESP,Direct,Direct,0,0,0,A,A,0,No Deposit,14.0,0,Transient,86.0,1,3
City Hotel,0,35,2017,January,3,19,0,3,2,0.0,0,BB,PRT,Online TA,TA/TO,0,0,0,A,D,0,No Deposit,9.0,0,Transient,106.0,0,2
City Hotel,0,38,2017,January,3,16,1,5,2,0.0,0,BB,FRA,Online TA,TA/TO,0,0,0,D,D,0,No Deposit,9.0,0,Transient,98.6,0,2
City Hotel,0,21,2017,January,3,19,0,3,2,0.0,0,BB,ITA,Online TA,TA/TO,0,0,0,D,D,0,No Deposit,9.0,0,Transient,119.83,0,1
City Hotel,0,43,2017,January,3,19,0,3,2,0.0,0,SC,BEL,Online TA,TA/TO,0,0,0,A,A,0,No Deposit,9.0,0,Transient,85.07,0,1
City Hotel,0,4,2017,January,3,20,0,2,2,0.0,0,BB,FRA,Offline TA/TO,TA/TO,0,0,0,A,D,0,No Deposit,28.0,0,Transient,75.0,0,0
City Hotel,0,34,2017,January,3,20,0,2,2,0.0,0,BB,GBR,Direct,Direct,0,0,0,A,A,1,No Deposit,14.0,0,Transient,77.0,0,1
City Hotel,0,1,2017,January,3,21,0,1,2,0.0,0,BB,PRT,Online TA,TA/TO,0,0,0,A,A,0,No Deposit,9.0,0,Transient,108.0,0,0
City Hotel,0,0,2017,February,9,28,0,1,2,0.0,0,BB,PRT,Online TA,TA/TO,1,0,1,A,A,0,No Deposit,9.0,0,Transient,108.0,0,0
City Hotel,0,5,2017,January,3,21,0,1,2,0.0,0,BB,FIN,Online TA,TA/TO,0,0,0,D,D,0,No Deposit,9.0,0,Transient,127.0,1,1
City Hotel,0,29,2017,January,3,20,0,2,2,0.0,0,BB,PRT,Direct,Direct,0,0,0,A,A,0,No Deposit,14.0,0,Transient,77.66,0,0
City Hotel,0,2,2017,January,3,21,0,1,2,0.0,0,SC,PRT,Direct,Direct,0,0,0,A,A,0,No Deposit,14.0,0,Transient,88.0,0,0
City Hotel,0,0,2017,January,3,21,0,1,2,0.0,0,BB,PRT,Direct,Direct,0,0,0,A,A,0,No Deposit,,0,Transient,86.85,0,0
City Hotel,0,58,2017,January,3,15,3,5,2,0.0,0,BB,CYP,Groups,TA/TO,0,0,0,A,A,0,No Deposit,,25,Transient-Party,75.0,0,2
City Hotel,0,2,2017,January,3,21,1,1,2,0.0,0,BB,POL,Offline TA/TO,TA/TO,0,0,0,A,D,0,No Deposit,28.0,0,Transient,75.0,0,0
City Hotel,0,30,2017,January,2,14,3,6,2,0.0,0,BB,PRT,Offline TA/TO,TA/TO,0,0,0,A,A,0,No Deposit,85.0,0,Transient,68.0,0,2
City Hotel,0,58,2017,January,3,15,3,5,2,0.0,0,BB,CYP,Groups,TA/TO,0,0,0,A,D,1,No Deposit,,0,Transient-Party,101.25,0,0
City Hotel,0,0,2017,January,4,22,1,0,2,0.0,0,SC,CYP,Direct,Direct,0,0,0,A,A,0,No Deposit,,0,Transient,88.0,0,0
City Hotel,0,58,2017,January,3,15,3,5,2,0.0,0,BB,CYP,Groups,TA/TO,0,0,0,A,A,1,No Deposit,,25,Transient-Party,75.0,0,2
City Hotel,0,33,2017,January,3,15,3,5,2,0.0,0,BB,PRT,Groups,TA/TO,0,0,0,A,A,0,No Deposit,,0,Transient-Party,75.0,0,0
City Hotel,0,9,2017,January,3,16,2,5,2,0.0,0,BB,GBR,Direct,Direct,0,0,0,G,G,1,No Deposit,14.0,0,Transient,172.29,0,0
City Hotel,0,6,2017,January,4,22,1,0,2,0.0,0,SC,CHN,Online TA,TA/TO,0,0,0,A,A,0,No Deposit,9.0,0,Transient,88.0,0,0
City Hotel,0,25,2017,January,3,19,1,3,2,0.0,0,BB,FRA,Online TA,TA/TO,0,0,0,A,A,0,No Deposit,9.0,0,Transient,90.74,0,0
City Hotel,0,1,2017,January,3,18,1,4,2,0.0,0,BB,FRA,Offline TA/TO,TA/TO,0,0,0,A,D,0,No Deposit,28.0,0,Transient,75.0,0,0
City Hotel,0,62,2017,January,3,20,1,2,2,0.0,0,BB,IRL,Direct,Direct,0,0,0,D,D,2,No Deposit,14.0,0,Transient,97.2,0,0
City Hotel,0,66,2017,January,3,19,1,3,2,0.0,0,BB,IRL,Direct,Direct,0,0,0,A,A,0,No Deposit,14.0,0,Transient,77.0,0,0
City Hotel,0,93,2017,January,3,15,3,5,2,0.0,0,BB,FRA,Online TA,TA/TO,0,0,0,D,D,0,No Deposit,9.0,0,Transient,96.9,0,2
City Hotel,0,1,2017,January,3,18,1,4,2,0.0,0,HB,POL,Online TA,TA/TO,0,0,0,D,D,0,No Deposit,9.0,0,Transient,138.0,0,0
City Hotel,0,1,2017,January,3,17,1,5,2,0.0,0,BB,GBR,Direct,Direct,0,0,0,D,D,0,No Deposit,,0,Transient,113.0,0,0
City Hotel,0,127,2017,January,3,19,1,3,2,0.0,0,BB,FRA,Offline TA/TO,TA/TO,0,0,0,A,D,0,No Deposit,28.0,0,Transient,75.0,0,0
City Hotel,0,2,2017,January,3,18,1,4,2,0.0,0,HB,CHE,Direct,Direct,0,0,0,E,E,0,No Deposit,14.0,0,Transient,201.0,0,3
City Hotel,0,13,2017,January,3,21,1,1,2,0.0,0,SC,ITA,Online TA,TA/TO,0,0,0,A,A,0,No Deposit,9.0,0,Transient,80.0,0,2
City Hotel,0,141,2017,January,3,21,1,1,2,0.0,0,HB,FRA,Offline TA/TO,TA/TO,0,0,0,D,D,0,No Deposit,299.0,0,Transient,104.6,0,1
City Hotel,0,122,2017,January,3,20,1,2,2,0.0,0,BB,FRA,Online TA,TA/TO,0,0,0,A,A,0,No Deposit,9.0,0,Transient,93.6,0,1
City Hotel,0,13,2017,January,3,21,1,1,2,0.0,0,SC,ESP,Online TA,TA/TO,0,0,0,A,A,2,No Deposit,9.0,0,Transient,89.0,0,1
City Hotel,0,40,2017,January,4,22,1,0,2,0.0,0,HB,NLD,Online TA,TA/TO,0,0,0,D,D,0,No Deposit,9.0,0,Transient,130.9,0,3
City Hotel,0,7,2017,January,4,22,1,0,2,0.0,0,SC,PRT,Online TA,TA/TO,0,0,0,A,A,0,No Deposit,9.0,0,Transient,88.0,0,0
City Hotel,0,0,2017,January,4,22,1,0,2,0.0,0,SC,PRT,Online TA,TA/TO,0,0,0,A,A,0,No Deposit,9.0,0,Transient,88.0,0,0
City Hotel,0,127,2017,January,3,19,1,3,2,0.0,0,BB,FRA,Offline TA/TO,TA/TO,0,0,0,A,D,0,No Deposit,28.0,0,Transient,75.0,0,0
City Hotel,0,12,2017,January,3,16,2,5,2,0.0,0,BB,HUN,Online TA,TA/TO,0,0,0,E,E,0,No Deposit,9.0,0,Transient,115.12,0,1
City Hotel,0,8,2017,January,3,19,1,3,2,0.0,0,SC,BRA,Online TA,TA/TO,0,0,0,A,A,0,No Deposit,9.0,0,Transient,79.05,0,1
City Hotel,0,7,2017,January,3,19,1,3,2,0.0,0,SC,FRA,Online TA,TA/TO,0,0,0,A,A,0,No Deposit,9.0,0,Transient,79.05,0,2
City Hotel,0,11,2017,January,3,20,1,2,2,0.0,0,BB,GBR,Online TA,TA/TO,0,0,0,A,A,0,No Deposit,9.0,0,Transient,104.0,0,1
City Hotel,0,10,2017,January,3,19,1,3,2,0.0,0,BB,FRA,Online TA,TA/TO,0,0,0,D,D,0,No Deposit,9.0,0,Transient,99.45,0,0
City Hotel,0,54,2017,January,3,16,2,5,2,0.0,0,BB,RUS,Online TA,TA/TO,0,0,0,A,A,0,No Deposit,9.0,0,Transient,88.4,0,0
City Hotel,0,58,2017,January,3,15,3,5,2,0.0,0,BB,CYP,Groups,TA/TO,0,0,0,A,A,1,No Deposit,,0,Transient-Party,75.0,0,0
City Hotel,0,6,2017,January,4,22,1,0,2,0.0,0,SC,CHN,Online TA,TA/TO,0,0,0,A,A,0,No Deposit,9.0,0,Transient,88.0,0,0
City Hotel,0,77,2017,January,3,19,1,3,2,0.0,0,SC,GBR,Online TA,TA/TO,0,0,0,A,A,2,No Deposit,9.0,0,Transient,73.39,0,1
City Hotel,0,8,2017,January,3,20,1,2,2,0.0,0,BB,NOR,Online TA,TA/TO,0,0,0,D,D,0,No Deposit,9.0,0,Transient,123.33,0,0
City Hotel,0,0,2017,January,4,22,1,0,2,0.0,0,SC,JPN,Online TA,TA/TO,0,0,0,A,A,0,No Deposit,152.0,0,Transient,58.31,0,0
City Hotel,0,16,2017,January,3,19,1,3,2,0.0,0,SC,NOR,Online TA,TA/TO,0,0,0,A,A,0,No Deposit,8.0,0,Transient,75.44,0,1
City Hotel,0,0,2017,January,3,21,2,1,2,0.0,0,BB,FRA,Online TA,TA/TO,0,0,0,A,A,0,No Deposit,7.0,0,Transient,108.16,0,0
City Hotel,0,2,2017,January,3,19,2,3,2,0.0,0,BB,FRA,Offline TA/TO,TA/TO,0,0,0,A,D,0,No Deposit,28.0,0,Transient,75.0,0,2
City Hotel,0,27,2017,January,3,19,2,3,2,0.0,0,SC,FRA,Online TA,TA/TO,0,0,0,A,A,0,No Deposit,9.0,0,Transient,73.87,0,1
City Hotel,0,55,2017,January,3,18,2,4,2,0.0,0,BB,TUR,Online TA,TA/TO,0,0,0,A,A,0,No Deposit,9.0,0,Transient,88.4,0,0
City Hotel,0,101,2017,January,3,21,2,1,2,0.0,0,SC,KOR,Online TA,TA/TO,0,0,0,A,A,0,No Deposit,9.0,0,Transient,79.2,0,1
City Hotel,0,54,2017,January,3,18,2,4,2,0.0,0,BB,TUR,Online TA,TA/TO,0,0,0,A,A,0,No Deposit,9.0,0,Transient,88.4,0,1
City Hotel,0,17,2017,January,3,19,2,3,2,0.0,0,BB,BRA,Online TA,TA/TO,0,0,0,A,A,0,No Deposit,9.0,0,Transient,89.17,0,0
City Hotel,0,21,2017,January,3,20,2,2,2,0.0,0,BB,BRA,Online TA,TA/TO,0,0,0,D,D,1,No Deposit,9.0,0,Transient,104.31,0,1
City Hotel,0,15,2017,January,3,20,2,2,2,0.0,0,SC,USA,Online TA,TA/TO,0,0,0,A,A,0,No Deposit,7.0,0,Transient,64.31,0,1
City Hotel,0,0,2017,January,4,23,1,0,2,0.0,0,SC,DNK,Online TA,TA/TO,0,0,0,A,A,0,No Deposit,152.0,0,Transient,58.31,0,0
City Hotel,0,0,2017,January,4,22,2,0,2,0.0,0,BB,PRT,Direct,Direct,0,0,0,A,A,1,No Deposit,,0,Transient,88.0,0,0
City Hotel,0,17,2017,January,4,22,2,0,2,0.0,0,BB,PRT,Direct,Direct,0,0,0,A,A,0,No Deposit,14.0,0,Transient,79.0,1,0
City Hotel,0,67,2017,January,4,22,2,0,2,0.0,0,BB,SWE,Direct,Direct,0,0,0,A,A,5,No Deposit,14.0,0,Transient,79.2,0,2
City Hotel,0,0,2017,January,4,23,1,0,2,0.0,0,BB,DNK,Direct,Direct,0,0,0,A,A,0,No Deposit,,0,Transient,107.0,0,1
City Hotel,0,2,2017,March,13,29,0,1,2,0.0,0,BB,DNK,Direct,Direct,1,0,1,A,A,0,No Deposit,,0,Transient,97.0,0,1
City Hotel,0,1,2017,January,4,24,0,0,2,0.0,0,SC,PRT,Online TA,TA/TO,0,0,0,A,A,0,No Deposit,9.0,0,Transient,0.0,0,0
City Hotel,0,18,2017,January,3,21,2,1,2,0.0,0,BB,PRT,Online TA,TA/TO,0,0,0,A,A,0,No Deposit,9.0,0,Transient,97.5,0,0
City Hotel,0,16,2017,January,3,20,2,2,2,0.0,0,BB,PRT,Direct,Direct,0,0,0,B,B,0,No Deposit,,0,Transient-Party,42.5,1,1
City Hotel,0,5,2017,January,3,21,2,2,2,0.0,0,BB,FRA,Offline TA/TO,TA/TO,0,0,0,A,D,0,No Deposit,28.0,0,Transient,75.0,0,0
City Hotel,0,37,2017,January,4,23,1,1,2,0.0,0,BB,CHN,Online TA,TA/TO,0,0,0,A,A,0,No Deposit,9.0,0,Transient,87.75,0,1
City Hotel,0,20,2017,January,3,18,2,5,2,0.0,0,HB,NLD,Online TA,TA/TO,0,0,0,D,D,0,No Deposit,9.0,0,Transient,130.42,0,1
City Hotel,0,6,2017,January,4,24,0,1,2,0.0,0,BB,AUT,Online TA,TA/TO,0,0,0,A,A,0,No Deposit,7.0,0,Transient,83.16,0,0
City Hotel,0,3,2017,January,4,22,2,1,2,0.0,0,BB,GBR,Offline TA/TO,TA/TO,0,0,0,A,D,0,No Deposit,28.0,0,Transient,75.0,0,0
City Hotel,0,51,2017,January,4,22,2,1,2,0.0,0,BB,FRA,Online TA,TA/TO,0,0,0,A,A,0,No Deposit,7.0,0,Transient,68.47,0,1
City Hotel,0,1,2017,January,4,22,2,1,2,0.0,0,BB,FRA,Offline TA/TO,TA/TO,0,0,0,A,D,1,No Deposit,28.0,0,Transient,75.0,0,0
City Hotel,0,99,2017,January,3,19,2,4,2,0.0,0,BB,POL,Online TA,TA/TO,0,0,0,A,A,0,No Deposit,9.0,0,Transient,88.4,0,2
City Hotel,0,8,2017,January,4,23,1,1,2,0.0,0,SC,FRA,Online TA,TA/TO,0,0,0,A,A,0,No Deposit,9.0,0,Transient,88.0,0,0
City Hotel,0,76,2017,January,4,22,2,1,2,0.0,0,BB,DEU,Online TA,TA/TO,0,0,0,A,A,0,No Deposit,9.0,0,Transient,93.6,0,1
City Hotel,0,15,2017,January,3,19,2,5,2,0.0,0,BB,BRA,Online TA,TA/TO,0,0,0,A,A,0,No Deposit,7.0,0,Transient,72.65,0,1
City Hotel,0,0,2017,January,4,24,0,2,2,0.0,0,SC,ITA,Online TA,TA/TO,0,0,0,A,A,0,No Deposit,9.0,0,Transient,88.0,0,0
City Hotel,0,20,2017,January,4,25,0,1,2,0.0,0,BB,ARG,Online TA,TA/TO,0,0,0,A,A,0,No Deposit,9.0,0,Transient,107.0,1,0
City Hotel,0,20,2017,January,4,25,0,1,2,0.0,0,BB,ESP,Online TA,TA/TO,0,0,0,A,A,0,No Deposit,9.0,0,Transient,98.0,0,0
City Hotel,0,89,2017,January,4,25,0,1,2,0.0,0,BB,ASM,Online TA,TA/TO,0,0,0,A,A,0,No Deposit,7.0,0,Transient,72.07,0,1
City Hotel,0,9,2017,January,4,23,1,2,2,0.0,0,BB,FRA,Online TA,TA/TO,0,0,0,D,D,0,No Deposit,9.0,0,Transient,120.0,0,2
City Hotel,0,6,2017,January,4,25,0,1,2,0.0,0,SC,AGO,Online TA,TA/TO,0,0,0,A,A,0,No Deposit,9.0,0,Transient,88.0,0,0
City Hotel,0,12,2017,January,4,23,1,2,2,0.0,0,BB,FRA,Online TA,TA/TO,0,0,0,A,A,0,No Deposit,9.0,0,Transient,108.0,0,0
City Hotel,0,18,2017,January,4,22,2,2,2,0.0,0,SC,FRA,Online TA,TA/TO,0,0,0,A,A,0,No Deposit,9.0,0,Transient,68.0,0,1
City Hotel,0,2,2017,January,4,22,2,2,2,0.0,0,HB,FRA,Online TA,TA/TO,0,0,0,A,A,0,No Deposit,7.0,0,Transient,90.78,0,1
City Hotel,0,2,2017,January,4,22,2,2,2,0.0,0,HB,FRA,Online TA,TA/TO,0,0,0,A,A,0,No Deposit,7.0,0,Transient,90.78,0,1
City Hotel,0,1,2017,January,4,25,0,1,2,0.0,0,BB,PRT,Corporate,Corporate,0,0,0,A,A,0,No Deposit,,0,Transient,77.0,1,1
City Hotel,0,77,2017,January,4,23,1,2,2,0.0,0,BB,FRA,Online TA,TA/TO,0,0,0,A,A,2,No Deposit,9.0,0,Transient,96.2,0,2
City Hotel,0,3,2017,January,4,23,1,2,2,0.0,0,BB,PRT,Direct,Direct,0,0,0,A,A,0,No Deposit,,0,Transient-Party,75.0,1,0
City Hotel,0,0,2017,January,4,24,0,2,2,0.0,0,BB,AGO,Direct,Direct,0,0,0,A,A,1,No Deposit,,0,Transient,98.0,0,0
City Hotel,0,6,2017,January,4,23,1,2,2,0.0,0,SC,FRA,Online TA,TA/TO,0,0,0,A,A,0,No Deposit,7.0,0,Transient,54.21,0,1
City Hotel,0,1,2017,January,4,24,0,3,2,0.0,0,SC,FRA,Online TA,TA/TO,0,0,0,A,A,0,No Deposit,7.0,0,Transient,64.37,0,0
City Hotel,0,17,2017,January,4,27,0,0,2,0.0,0,SC,PRT,Online TA,TA/TO,0,0,0,A,A,0,No Deposit,9.0,0,Transient,0.0,0,0
City Hotel,0,33,2017,January,4,22,2,3,2,0.0,0,HB,FRA,Offline TA/TO,TA/TO,0,0,0,D,D,0,No Deposit,22.0,0,Transient,108.5,0,1
City Hotel,0,78,2017,January,4,25,0,2,2,0.0,0,BB,SVK,Groups,TA/TO,0,0,0,A,K,1,No Deposit,,0,Transient-Party,95.0,0,0
City Hotel,0,78,2017,January,4,25,0,2,2,0.0,0,BB,RUS,Groups,TA/TO,0,0,0,A,K,1,No Deposit,,0,Transient-Party,95.0,0,0
City Hotel,0,45,2017,January,3,15,4,8,2,0.0,0,BB,ITA,Online TA,TA/TO,0,0,0,D,D,0,No Deposit,8.0,0,Transient,96.91,0,1
City Hotel,0,44,2017,January,3,15,4,8,2,0.0,0,BB,IRL,Online TA,TA/TO,0,0,0,D,D,0,No Deposit,8.0,0,Transient,96.91,0,1
City Hotel,0,16,2017,January,4,22,2,3,2,0.0,0,BB,FRA,Online TA,TA/TO,0,0,0,A,A,0,No Deposit,7.0,0,Transient,60.94,0,1
City Hotel,0,6,2017,January,4,23,1,3,2,0.0,0,BB,FRA,Online TA,TA/TO,0,0,0,A,A,0,No Deposit,9.0,0,Transient,91.8,0,1
City Hotel,0,7,2017,January,4,26,0,1,2,0.0,0,SC,PRT,Online TA,TA/TO,0,0,0,A,A,0,No Deposit,9.0,0,Transient,88.0,0,0
City Hotel,0,75,2017,January,4,22,2,3,2,0.0,0,BB,PAN,Online TA,TA/TO,0,0,0,A,A,1,No Deposit,9.0,0,Transient,94.8,0,0
City Hotel,0,75,2017,January,4,22,2,3,2,0.0,0,BB,PAN,Online TA,TA/TO,0,0,0,A,A,1,No Deposit,9.0,0,Transient,94.8,0,0
City Hotel,0,75,2017,January,4,22,2,3,2,0.0,0,BB,PAN,Online TA,TA/TO,0,0,0,A,A,1,No Deposit,9.0,0,Transient,103.8,0,0
City Hotel,0,20,2017,January,4,23,1,3,2,0.0,0,BB,FRA,Online TA,TA/TO,0,0,0,A,A,0,No Deposit,7.0,0,Transient,60.63,0,1
City Hotel,0,58,2017,January,4,23,1,3,2,0.0,0,BB,DEU,Online TA,TA/TO,0,0,0,A,A,0,No Deposit,9.0,0,Transient,88.4,0,1
City Hotel,0,8,2017,January,4,24,0,3,2,0.0,0,BB,FRA,Offline TA/TO,TA/TO,0,0,0,A,D,0,No Deposit,28.0,0,Transient,75.0,0,0
City Hotel,0,1,2017,January,4,26,0,1,2,0.0,0,BB,PRT,Groups,TA/TO,0,0,0,E,E,2,No Deposit,,0,Transient-Party,95.0,0,0
City Hotel,0,31,2017,January,4,25,0,2,2,0.0,0,HB,PRT,Online TA,TA/TO,0,0,0,A,A,1,No Deposit,9.0,0,Transient,135.5,0,1
City Hotel,0,2,2017,January,4,27,0,0,2,0.0,0,BB,RUS,Groups,TA/TO,0,0,0,A,A,0,No Deposit,,0,Transient-Party,0.0,0,0
City Hotel,0,198,2017,January,4,26,0,2,2,0.0,0,SC,GBR,Online TA,TA/TO,0,0,0,A,A,0,No Deposit,9.0,0,Transient,79.2,0,1
City Hotel,0,14,2017,January,4,23,1,4,2,0.0,0,BB,FRA,Online TA,TA/TO,0,0,0,D,D,0,No Deposit,86.0,0,Transient,73.44,0,0
City Hotel,0,20,2017,January,4,23,1,4,2,0.0,0,SC,DEU,Online TA,TA/TO,0,0,0,A,A,0,No Deposit,9.0,0,Transient,67.58,0,0
City Hotel,0,32,2017,January,4,22,2,4,2,0.0,0,BB,IRL,Online TA,TA/TO,0,0,0,A,A,0,No Deposit,7.0,0,Transient,60.06,0,1
City Hotel,0,68,2017,January,4,26,0,2,2,0.0,0,BB,BRA,Online TA,TA/TO,0,0,0,D,D,0,No Deposit,9.0,0,Transient,111.6,1,0
City Hotel,0,0,2017,January,4,25,0,3,2,0.0,0,BB,AGO,Direct,Direct,0,0,0,A,A,1,No Deposit,14.0,0,Transient,98.0,0,0
City Hotel,0,1,2017,January,3,21,2,5,2,0.0,0,BB,AGO,Direct,TA/TO,0,0,0,A,A,1,No Deposit,,0,Group,88.0,0,1
City Hotel,0,1,2017,January,4,27,0,1,2,0.0,0,SC,PRT,Online TA,TA/TO,0,0,0,A,A,0,No Deposit,9.0,0,Transient,88.2,0,1
City Hotel,0,0,2017,January,4,27,0,1,2,0.0,0,SC,PRT,Online TA,TA/TO,0,0,0,A,A,0,No Deposit,9.0,0,Transient,88.0,0,0
City Hotel,0,60,2017,January,4,25,0,3,2,0.0,0,BB,CHN,Online TA,TA/TO,0,0,0,A,A,1,No Deposit,9.0,0,Transient,120.1,1,1
City Hotel,0,33,2017,January,4,25,0,3,2,0.0,0,HB,BEL,Online TA,TA/TO,0,0,0,A,A,2,No Deposit,9.0,0,Transient,135.5,0,2
City Hotel,0,12,2017,January,4,23,1,4,2,0.0,0,SC,BEL,Online TA,TA/TO,0,0,0,A,A,0,No Deposit,7.0,0,Transient,54.71,0,1
City Hotel,0,55,2017,January,4,22,2,4,2,0.0,0,BB,DEU,Offline TA/TO,TA/TO,0,0,0,A,A,0,No Deposit,22.0,0,Transient,68.0,0,0
City Hotel,0,16,2017,January,4,24,0,4,2,0.0,0,BB,BRA,Online TA,TA/TO,0,0,0,A,A,0,No Deposit,9.0,0,Transient,83.3,0,0
City Hotel,0,128,2017,January,4,27,0,1,2,0.0,0,SC,GBR,Online TA,TA/TO,0,0,0,A,A,0,No Deposit,7.0,0,Transient,57.93,0,1
City Hotel,0,0,2017,January,4,27,0,1,2,0.0,0,SC,PRT,Direct,Direct,0,0,0,A,A,0,No Deposit,,0,Transient,88.0,0,0
City Hotel,0,53,2017,January,4,27,0,2,2,0.0,0,SC,CHN,Online TA,TA/TO,0,0,0,A,A,2,No Deposit,9.0,0,Transient,71.42,0,1
City Hotel,0,75,2017,January,4,27,0,2,2,0.0,0,BB,PRT,Online TA,TA/TO,0,0,0,D,D,0,No Deposit,9.0,0,Transient,102.6,0,1
City Hotel,0,10,2017,January,4,23,1,5,2,0.0,0,BB,FRA,Offline TA/TO,TA/TO,0,0,0,D,D,0,No Deposit,85.0,0,Transient,76.5,0,0
City Hotel,0,1,2017,January,3,20,2,7,2,0.0,0,SC,CHE,Online TA,TA/TO,0,0,0,A,A,0,No Deposit,9.0,0,Transient,74.8,0,1
City Hotel,0,48,2017,January,4,28,0,1,2,0.0,0,SC,BRA,Online TA,TA/TO,0,0,0,A,A,0,No Deposit,9.0,0,Transient,79.2,0,2
City Hotel,0,4,2017,January,4,28,0,1,2,0.0,0,SC,PRT,Direct,Direct,0,0,0,A,A,0,No Deposit,14.0,0,Transient,88.0,0,0
City Hotel,0,24,2017,January,4,28,0,1,2,0.0,0,SC,FRA,Online TA,TA/TO,0,0,0,A,A,0,No Deposit,9.0,0,Transient,79.5,0,1
City Hotel,0,82,2017,January,1,7,6,16,2,0.0,0,SC,BRA,Online TA,TA/TO,0,0,0,A,A,0,No Deposit,9.0,0,Transient,74.8,0,4
City Hotel,0,18,2017,January,4,25,0,4,2,0.0,0,SC,NOR,Online TA,TA/TO,0,0,0,A,A,0,No Deposit,7.0,0,Transient,52.36,0,2
City Hotel,0,24,2017,January,4,28,0,1,2,0.0,0,BB,TUN,Direct,Direct,0,0,0,A,A,0,No Deposit,14.0,0,Transient,69.56,0,0
City Hotel,0,112,2017,January,4,26,0,3,2,0.0,0,BB,GBR,Online TA,TA/TO,0,0,0,A,A,0,No Deposit,86.0,0,Transient,70.72,0,0
City Hotel,0,28,2017,January,4,24,0,5,2,0.0,0,SC,BRA,Online TA,TA/TO,0,0,0,A,A,0,No Deposit,9.0,0,Transient,67.58,0,1
City Hotel,0,31,2017,January,4,27,0,2,2,0.0,0,BB,FRA,Online TA,TA/TO,0,0,0,A,A,0,No Deposit,9.0,0,Transient,97.5,0,2
City Hotel,0,13,2017,January,4,25,0,4,2,0.0,0,BB,ESP,Online TA,TA/TO,0,0,0,A,A,0,No Deposit,7.0,0,Transient,79.69,0,1
City Hotel,0,0,2017,January,4,28,0,1,2,0.0,0,BB,PRT,Direct,Direct,0,0,0,A,A,0,No Deposit,,0,Transient,88.0,0,0
City Hotel,0,73,2017,January,4,27,0,2,2,0.0,0,SC,FRA,Online TA,TA/TO,0,0,0,A,A,0,No Deposit,9.0,0,Transient,79.2,0,1
City Hotel,0,66,2017,January,4,27,0,2,2,0.0,0,BB,ESP,Online TA,TA/TO,0,0,0,A,A,0,No Deposit,9.0,0,Transient,93.6,0,1
City Hotel,0,55,2017,January,4,22,2,5,2,0.0,0,BB,DEU,Online TA,TA/TO,0,0,0,A,A,0,No Deposit,9.0,0,Transient,88.4,0,0
City Hotel,0,16,2017,January,4,25,0,4,2,0.0,0,BB,FRA,Online TA,TA/TO,0,0,0,A,A,0,No Deposit,9.0,0,Transient,83.3,0,1
City Hotel,0,75,2017,January,4,27,0,2,2,0.0,0,BB,FRA,Online TA,TA/TO,0,0,0,A,A,0,No Deposit,9.0,0,Transient,93.6,0,2
City Hotel,0,22,2017,January,4,27,0,2,2,0.0,0,BB,PRT,Online TA,TA/TO,0,0,0,A,A,0,No Deposit,7.0,0,Transient,71.69,0,1
City Hotel,0,28,2017,January,4,25,0,4,2,0.0,0,BB,FRA,Online TA,TA/TO,0,0,0,A,A,0,No Deposit,9.0,0,Transient,82.88,0,2
City Hotel,0,9,2017,January,4,27,0,2,2,0.0,0,BB,AUT,Online TA,TA/TO,0,0,0,A,A,0,No Deposit,7.0,0,Transient,83.16,0,1
City Hotel,0,54,2017,January,4,27,0,2,2,0.0,0,BB,GBR,Direct,Direct,0,0,0,A,A,0,No Deposit,14.0,0,Transient,79.2,0,3
City Hotel,0,2,2017,January,4,28,0,1,2,0.0,0,BB,PRT,Direct,Direct,0,0,0,A,A,2,No Deposit,14.0,0,Transient,107.0,0,0
City Hotel,0,20,2017,January,4,26,0,3,2,0.0,0,BB,POL,Direct,Direct,0,0,0,A,A,0,No Deposit,14.0,0,Transient,79.0,1,1
City Hotel,0,5,2017,January,4,27,0,2,2,0.0,0,SC,ESP,Online TA,TA/TO,0,0,0,A,A,0,No Deposit,9.0,0,Transient,88.0,0,0
City Hotel,0,5,2017,January,4,27,0,2,2,0.0,0,SC,ESP,Online TA,TA/TO,0,0,0,A,A,0,No Deposit,9.0,0,Transient,88.0,0,0
City Hotel,0,5,2017,January,4,27,0,2,2,0.0,0,SC,ESP,Online TA,TA/TO,0,0,0,A,A,0,No Deposit,9.0,0,Transient,88.0,0,0
City Hotel,0,0,2017,January,4,27,0,2,2,0.0,0,SC,PRT,Online TA,TA/TO,0,0,0,A,A,0,No Deposit,9.0,0,Transient,88.2,0,1
City Hotel,0,32,2017,January,4,27,0,2,2,0.0,0,BB,NLD,Online TA,TA/TO,0,0,0,A,A,0,No Deposit,9.0,0,Transient,106.5,0,1
City Hotel,0,18,2017,January,4,22,2,5,2,0.0,0,BB,FRA,Online TA,TA/TO,0,0,0,A,A,0,No Deposit,9.0,0,Transient,83.3,0,0
City Hotel,0,79,2017,January,4,25,0,4,2,0.0,0,HB,ROU,Online TA,TA/TO,0,0,0,A,A,2,No Deposit,7.0,0,Transient,90.78,0,1
City Hotel,0,14,2017,January,4,28,0,1,2,0.0,0,BB,PRT,Online TA,TA/TO,0,0,0,A,A,0,No Deposit,9.0,0,Transient,108.0,0,0
City Hotel,0,35,2017,January,4,27,0,2,2,0.0,0,BB,FRA,Online TA,TA/TO,0,0,0,E,E,0,No Deposit,9.0,0,Transient,127.5,0,1
City Hotel,0,23,2017,January,4,25,0,4,2,0.0,0,BB,NLD,Online TA,TA/TO,0,0,0,A,A,0,No Deposit,9.0,0,Transient,82.88,0,0
City Hotel,0,6,2017,January,4,24,0,5,2,0.0,0,BB,AUT,Online TA,TA/TO,0,0,0,A,A,0,No Deposit,7.0,0,Transient,66.53,0,2
City Hotel,0,6,2017,January,4,28,0,1,2,0.0,0,SC,PRT,Online TA,TA/TO,0,0,0,A,A,0,No Deposit,9.0,0,Transient,88.0,0,3
City Hotel,0,15,2017,January,4,23,1,5,2,0.0,0,BB,BRA,Online TA,TA/TO,0,0,0,A,A,0,No Deposit,9.0,0,Transient,83.3,0,0
City Hotel,0,14,2017,January,4,28,0,1,2,0.0,0,BB,FRA,Offline TA/TO,TA/TO,0,0,0,A,E,1,No Deposit,15.0,0,Transient,90.4,0,0
City Hotel,0,25,2017,February,9,27,1,0,2,0.0,0,BB,PRT,Complementary,TA/TO,1,0,1,A,A,0,No Deposit,,0,Transient,0.0,0,0
City Hotel,0,143,2017,January,4,26,0,3,2,0.0,0,BB,NLD,Online TA,TA/TO,0,0,0,A,A,1,No Deposit,9.0,0,Transient,79.2,0,2
City Hotel,0,41,2017,January,4,26,0,3,2,0.0,0,BB,ESP,Direct,Direct,0,0,0,A,A,0,No Deposit,14.0,0,Transient,69.56,0,0
City Hotel,0,2,2017,January,4,27,0,2,2,0.0,0,SC,ESP,Direct,Direct,0,0,0,A,A,1,No Deposit,14.0,0,Transient,97.0,1,0
City Hotel,0,1,2017,January,4,26,0,3,2,0.0,0,SC,PRT,Online TA,TA/TO,0,0,0,A,A,0,No Deposit,9.0,0,Transient,88.0,0,3
City Hotel,0,26,2017,January,4,25,0,4,2,0.0,0,SC,AUT,Online TA,TA/TO,0,0,0,A,A,0,No Deposit,9.0,0,Transient,67.58,0,0
City Hotel,0,0,2017,January,4,28,0,1,2,0.0,0,SC,PRT,Online TA,TA/TO,0,0,0,A,A,0,No Deposit,152.0,0,Transient,53.3,0,0
City Hotel,0,0,2017,January,4,28,0,1,2,0.0,0,SC,PRT,Online TA,TA/TO,0,0,0,A,D,0,No Deposit,9.0,0,Transient,79.2,0,0
City Hotel,0,4,2017,January,4,27,1,2,2,0.0,0,BB,GBR,Offline TA/TO,TA/TO,0,0,0,A,A,0,No Deposit,22.0,0,Transient,80.0,0,0
City Hotel,0,120,2017,January,4,25,1,4,2,0.0,0,SC,PRT,Online TA,TA/TO,0,0,0,A,A,0,No Deposit,9.0,0,Transient,74.8,0,2
City Hotel,0,17,2017,January,4,26,1,3,2,0.0,0,BB,ITA,Online TA,TA/TO,0,0,0,D,D,0,No Deposit,9.0,0,Transient,91.8,0,1
City Hotel,0,193,2017,January,4,26,1,3,2,0.0,0,SC,GBR,Online TA,TA/TO,0,0,0,A,A,0,No Deposit,7.0,0,Transient,57.6,0,2
City Hotel,0,80,2017,January,4,27,1,2,2,0.0,0,BB,ARG,Online TA,TA/TO,0,0,0,A,A,0,No Deposit,7.0,0,Transient,72.07,0,1
City Hotel,0,193,2017,January,4,26,1,3,2,0.0,0,BB,GBR,Offline TA/TO,TA/TO,0,0,0,A,A,0,No Deposit,86.0,0,Transient,68.0,0,0
City Hotel,0,4,2017,January,4,26,1,3,2,0.0,0,SC,ISR,Online TA,TA/TO,0,0,0,A,A,1,No Deposit,9.0,0,Transient,74.8,0,1
City Hotel,0,26,2017,January,4,25,1,4,2,0.0,0,BB,ISL,Online TA,TA/TO,0,0,0,D,D,0,No Deposit,9.0,0,Transient,93.18,0,0
City Hotel,0,11,2017,January,4,28,1,1,2,0.0,0,BB,CHE,Offline TA/TO,TA/TO,0,0,0,A,D,0,No Deposit,28.0,0,Transient,75.0,0,0
City Hotel,0,11,2017,January,4,23,2,5,2,0.0,0,BB,CHN,Online TA,TA/TO,0,0,0,A,A,0,No Deposit,9.0,0,Transient,82.62,0,2
City Hotel,0,71,2017,January,4,26,1,3,2,0.0,0,BB,FRA,Online TA,TA/TO,0,0,0,D,D,0,No Deposit,9.0,0,Transient,96.9,0,2
City Hotel,0,68,2017,January,4,28,1,1,2,0.0,0,BB,BEL,Online TA,TA/TO,0,0,0,A,A,0,No Deposit,9.0,0,Transient,93.6,0,2
City Hotel,0,4,2017,January,4,28,1,1,2,0.0,0,BB,GBR,Online TA,TA/TO,0,0,0,A,D,0,No Deposit,9.0,0,Transient,108.0,0,0
City Hotel,0,47,2017,January,4,28,1,1,2,0.0,0,BB,KOR,Online TA,TA/TO,0,0,0,A,A,0,No Deposit,83.0,0,Transient,76.32,0,0
City Hotel,0,55,2017,January,4,27,1,2,2,0.0,0,BB,GBR,Online TA,TA/TO,0,0,0,A,A,0,No Deposit,7.0,0,Transient,72.07,0,1
City Hotel,0,36,2017,January,4,27,1,2,2,0.0,0,HB,FRA,Online TA,TA/TO,0,0,0,A,A,0,No Deposit,7.0,0,Transient,79.3,0,1
City Hotel,0,0,2017,January,4,26,1,3,2,0.0,0,BB,NLD,Online TA,TA/TO,0,0,0,A,A,0,No Deposit,9.0,0,Transient,91.8,0,0
City Hotel,0,11,2017,January,4,25,1,4,2,0.0,0,SC,CHN,Online TA,TA/TO,0,0,0,A,A,0,No Deposit,9.0,0,Transient,74.8,0,0
City Hotel,0,140,2017,January,4,27,1,2,2,0.0,0,SC,IRL,Direct,Direct,0,0,0,A,A,0,No Deposit,14.0,0,Transient,94.67,0,2
City Hotel,0,7,2017,January,5,29,1,0,2,0.0,0,SC,FRA,Online TA,TA/TO,0,0,0,A,A,0,No Deposit,9.0,0,Transient,88.0,0,1
City Hotel,0,38,2017,January,5,29,1,0,2,0.0,0,BB,BRA,Online TA,TA/TO,0,0,0,A,A,0,No Deposit,7.0,0,Transient,84.08,1,2
City Hotel,0,2,2017,January,4,27,1,2,2,0.0,0,BB,FRA,Offline TA/TO,TA/TO,0,0,0,A,D,0,No Deposit,28.0,0,Transient,75.0,0,0
City Hotel,0,25,2017,January,4,27,1,2,2,0.0,0,SC,IRL,Online TA,TA/TO,0,0,0,A,A,0,No Deposit,7.0,0,Transient,58.16,0,1
City Hotel,0,11,2017,January,4,28,2,1,2,0.0,0,BB,FRA,Offline TA/TO,TA/TO,0,0,0,A,D,0,No Deposit,28.0,0,Transient,75.0,0,0
City Hotel,0,9,2017,January,4,27,2,2,2,0.0,0,BB,BEL,Offline TA/TO,TA/TO,0,0,0,A,D,0,No Deposit,28.0,0,Transient,75.0,0,0
City Hotel,0,35,2017,January,4,26,2,3,2,0.0,0,BB,FRA,Online TA,TA/TO,0,0,0,A,A,0,No Deposit,7.0,0,Transient,61.11,0,1
City Hotel,0,3,2017,January,4,28,2,1,2,0.0,0,BB,FRA,Offline TA/TO,TA/TO,0,0,0,A,D,0,No Deposit,28.0,0,Transient,75.0,0,0
City Hotel,0,40,2017,January,5,29,2,0,2,0.0,0,BB,BEL,Online TA,TA/TO,0,0,0,A,A,0,No Deposit,9.0,0,Transient,101.75,0,2
City Hotel,0,10,2017,January,4,27,2,2,2,0.0,0,BB,ESP,Online TA,TA/TO,0,0,0,A,A,0,No Deposit,7.0,0,Transient,63.2,0,1
City Hotel,0,41,2017,January,4,27,2,2,2,0.0,0,BB,DEU,Online TA,TA/TO,0,0,0,A,A,0,No Deposit,9.0,0,Transient,84.69,0,0
City Hotel,0,3,2017,January,5,30,1,0,2,0.0,0,BB,ITA,Direct,Direct,0,0,0,A,A,1,No Deposit,14.0,0,Transient,98.0,0,2
City Hotel,0,0,2017,January,4,28,2,1,2,0.0,0,BB,PRT,Direct,Direct,0,0,0,A,A,1,No Deposit,,0,Transient,88.0,0,0
City Hotel,0,262,2017,January,4,27,2,2,2,0.0,0,BB,ARG,Online TA,TA/TO,0,0,0,A,A,0,No Deposit,7.0,0,Transient,68.56,1,1
City Hotel,0,77,2017,January,5,29,2,0,2,0.0,0,SC,GBR,Online TA,TA/TO,0,0,0,A,A,0,No Deposit,9.0,0,Transient,79.2,0,1
City Hotel,0,0,2017,January,5,30,1,1,2,0.0,0,SC,PRT,Online TA,TA/TO,0,0,0,A,A,0,No Deposit,9.0,0,Transient,39.6,0,1
City Hotel,0,286,2017,January,4,28,2,2,2,0.0,0,BB,DEU,Online TA,TA/TO,0,0,0,D,D,2,No Deposit,7.0,0,Transient,67.31,0,1
City Hotel,0,0,2017,January,5,30,1,1,2,0.0,0,SC,BRA,Online TA,TA/TO,0,0,0,A,A,0,No Deposit,9.0,0,Transient,48.6,0,1
City Hotel,0,0,2017,January,5,30,1,1,2,0.0,0,SC,PRT,Online TA,TA/TO,0,0,0,A,A,0,No Deposit,9.0,0,Transient,39.6,0,1
City Hotel,0,0,2017,January,5,30,1,1,2,0.0,0,SC,BRA,Online TA,TA/TO,0,0,0,A,A,0,No Deposit,9.0,0,Transient,39.6,0,1
City Hotel,0,3,2017,January,5,29,2,1,2,0.0,0,BB,ESP,Online TA,TA/TO,0,0,0,A,A,0,No Deposit,83.0,0,Transient,86.4,0,0
City Hotel,0,12,2017,January,4,28,2,2,2,0.0,0,SC,ITA,Online TA,TA/TO,0,0,0,A,A,0,No Deposit,9.0,0,Transient,74.8,0,2
City Hotel,0,23,2017,January,4,28,2,2,2,0.0,0,BB,NLD,Online TA,TA/TO,0,0,0,A,A,0,No Deposit,7.0,0,Transient,60.94,0,1
City Hotel,0,1,2017,January,5,30,1,1,2,0.0,0,BB,CHN,Direct,Direct,0,0,0,A,A,0,No Deposit,,0,Transient,81.99,0,2
City Hotel,0,240,2017,February,5,1,0,1,2,0.0,0,SC,USA,Online TA,TA/TO,0,0,0,A,A,0,No Deposit,9.0,0,Transient,79.2,0,2
City Hotel,0,7,2017,January,5,29,2,2,2,0.0,0,SC,PRT,Online TA,TA/TO,0,0,0,A,A,0,No Deposit,7.0,0,Transient,54.71,0,0
City Hotel,0,28,2017,January,4,26,2,5,2,0.0,0,HB,DZA,Online TA,TA/TO,0,0,0,A,A,1,No Deposit,83.0,0,Transient,95.98,0,0
City Hotel,0,5,2017,January,5,31,0,2,2,0.0,0,BB,DZA,Online TA,TA/TO,0,0,0,A,A,0,No Deposit,9.0,0,Transient,108.0,0,1
City Hotel,0,36,2017,January,5,29,2,2,2,0.0,0,BB,CHL,Online TA,TA/TO,0,0,0,A,A,0,No Deposit,9.0,0,Transient,97.3,1,2
City Hotel,0,54,2017,January,5,30,1,2,2,0.0,0,BB,BEL,Online TA,TA/TO,0,0,0,A,A,0,No Deposit,9.0,0,Transient,93.6,0,1
City Hotel,0,45,2017,January,5,29,2,2,2,0.0,0,BB,PRT,Offline TA/TO,TA/TO,0,0,0,A,A,0,No Deposit,42.0,0,Transient,72.0,0,1
City Hotel,0,29,2017,January,5,31,0,2,2,0.0,0,HB,ESP,Direct,Direct,0,0,0,A,A,1,No Deposit,14.0,0,Transient,145.0,0,1
City Hotel,0,12,2017,January,5,31,0,2,2,0.0,0,BB,CHN,Offline TA/TO,TA/TO,0,0,0,A,A,0,No Deposit,138.0,0,Transient,89.0,0,0
City Hotel,0,4,2017,January,5,31,0,2,2,0.0,0,BB,GBR,Offline TA/TO,TA/TO,0,0,0,A,A,0,No Deposit,22.0,0,Transient,80.0,0,1
City Hotel,0,1,2017,February,5,1,0,1,2,0.0,0,SC,PRT,Online TA,TA/TO,0,0,0,A,A,0,No Deposit,9.0,0,Transient,88.0,0,1
City Hotel,0,43,2017,January,4,28,2,3,2,0.0,0,BB,BRA,Offline TA/TO,TA/TO,0,0,0,A,A,0,No Deposit,85.0,0,Transient,68.0,0,1
City Hotel,0,43,2017,January,4,28,2,3,2,0.0,0,BB,BRA,Offline TA/TO,TA/TO,0,0,0,A,A,0,No Deposit,85.0,0,Transient,68.0,0,1
City Hotel,0,0,2017,February,5,2,0,0,2,0.0,0,SC,PRT,Direct,Direct,1,0,0,A,A,1,No Deposit,,0,Transient,0.0,0,0
City Hotel,0,45,2017,January,5,29,2,2,2,0.0,0,BB,DEU,Offline TA/TO,TA/TO,0,0,0,A,A,0,No Deposit,42.0,0,Transient,72.0,0,1
City Hotel,0,0,2017,January,5,31,0,2,2,0.0,0,BB,PRT,Online TA,TA/TO,0,0,0,A,A,0,No Deposit,9.0,0,Transient,117.0,0,0
City Hotel,0,26,2017,January,5,29,2,2,2,0.0,0,BB,GBR,Online TA,TA/TO,0,0,0,A,D,0,No Deposit,7.0,0,Transient,67.99,0,1
City Hotel,0,23,2017,February,5,2,0,0,2,0.0,0,BB,USA,Online TA,TA/TO,0,0,0,A,A,0,No Deposit,9.0,0,Transient,0.0,0,1
City Hotel,0,12,2017,January,4,28,2,4,2,0.0,0,HB,PRT,Offline TA/TO,TA/TO,0,0,0,A,A,0,No Deposit,28.0,0,Transient,105.0,0,0
City Hotel,0,10,2017,January,5,30,1,3,2,0.0,0,BB,AUT,Direct,Direct,0,0,0,A,A,0,No Deposit,14.0,0,Transient,77.0,0,0
City Hotel,0,73,2017,January,5,30,1,3,2,0.0,0,SC,FRA,Online TA,TA/TO,0,0,0,A,A,0,No Deposit,10.0,0,Transient,67.3,0,0
City Hotel,0,67,2017,January,5,30,1,3,2,0.0,0,BB,FRA,Online TA,TA/TO,0,0,0,A,A,0,No Deposit,9.0,0,Transient,88.4,0,1
City Hotel,0,32,2017,January,5,30,1,3,2,0.0,0,BB,FRA,Online TA,TA/TO,0,0,0,A,A,0,No Deposit,9.0,0,Transient,90.1,0,0
City Hotel,0,53,2017,January,5,30,1,3,2,0.0,0,HB,FRA,Online TA,TA/TO,0,0,0,A,A,2,No Deposit,9.0,0,Transient,122.4,0,1
City Hotel,0,69,2017,January,5,29,2,3,2,0.0,0,BB,DEU,Online TA,TA/TO,0,0,0,A,A,0,No Deposit,9.0,0,Transient,97.4,1,1
City Hotel,0,0,2017,January,4,23,3,8,2,0.0,0,BB,AGO,Direct,Direct,0,0,0,A,A,0,No Deposit,,0,Transient,88.0,0,0
City Hotel,0,59,2017,January,4,25,2,7,2,0.0,0,BB,RUS,Online TA,TA/TO,0,0,0,A,A,2,No Deposit,9.0,0,Transient,88.98,0,2
City Hotel,0,10,2017,January,5,29,2,3,2,0.0,0,BB,PRT,Offline TA/TO,TA/TO,0,0,0,A,D,0,No Deposit,28.0,0,Transient,75.0,0,0
City Hotel,0,9,2017,January,5,29,2,3,2,0.0,0,HB,FRA,Offline TA/TO,TA/TO,0,0,0,A,A,0,No Deposit,28.0,0,Transient,100.0,0,0
City Hotel,0,68,2017,January,4,27,2,5,2,0.0,0,BB,PRT,Online TA,TA/TO,0,0,0,A,A,0,No Deposit,7.0,0,Transient,64.67,0,0
City Hotel,0,15,2017,February,5,1,0,3,2,0.0,0,BB,FRA,Offline TA/TO,TA/TO,0,0,0,A,D,0,No Deposit,28.0,0,Transient,75.0,0,0
City Hotel,0,30,2017,January,5,30,1,4,2,0.0,0,BB,BEL,Online TA,TA/TO,0,0,0,A,A,0,No Deposit,9.0,0,Transient,90.1,0,1
City Hotel,0,57,2017,February,5,2,0,2,2,0.0,0,BB,IRL,Online TA,TA/TO,0,0,0,A,A,0,No Deposit,9.0,0,Transient,93.6,1,1
City Hotel,0,14,2017,February,5,3,0,1,2,0.0,0,BB,PRT,Direct,Direct,0,0,0,A,D,0,No Deposit,,0,Transient,84.0,0,1
City Hotel,0,2,2017,June,23,8,0,1,2,0.0,0,BB,PRT,Direct,Direct,1,0,1,A,A,0,No Deposit,,0,Transient,108.0,0,3
City Hotel,0,0,2017,February,5,3,0,1,2,0.0,0,BB,PRT,Offline TA/TO,TA/TO,0,0,0,D,D,0,No Deposit,159.0,0,Transient,75.0,0,0
City Hotel,0,9,2017,January,5,31,0,4,2,0.0,0,SC,NLD,Online TA,TA/TO,0,0,0,A,A,0,No Deposit,9.0,0,Transient,74.8,0,2
City Hotel,0,0,2017,February,5,3,0,1,2,0.0,0,SC,PRT,Direct,Direct,0,0,0,A,A,3,No Deposit,,0,Transient,88.0,0,0
City Hotel,0,23,2017,January,4,28,2,5,2,0.0,0,SC,FRA,Online TA,TA/TO,0,0,0,A,A,0,No Deposit,7.0,0,Transient,49.74,0,1
City Hotel,0,6,2017,January,5,29,2,4,2,0.0,0,BB,GBR,Direct,Direct,0,0,0,D,D,1,No Deposit,14.0,0,Transient,98.88,0,1
City Hotel,0,0,2017,January,5,31,0,4,2,0.0,0,BB,PRT,Direct,Direct,0,0,0,A,A,1,No Deposit,,0,Transient,100.25,0,0
City Hotel,0,1,2017,February,5,2,0,2,2,0.0,0,SC,PRT,Online TA,TA/TO,0,0,0,A,A,0,No Deposit,9.0,0,Transient,97.0,0,1
City Hotel,0,55,2017,February,5,1,0,3,2,0.0,0,BB,IRL,Direct,Direct,0,0,0,A,D,0,No Deposit,14.0,0,Transient,79.2,0,0
City Hotel,0,20,2017,January,5,31,0,4,2,0.0,0,BB,PRT,Online TA,TA/TO,0,0,0,D,D,0,No Deposit,9.0,0,Transient,108.75,0,0
City Hotel,0,26,2017,February,5,1,0,3,2,0.0,0,BB,ROU,Online TA,TA/TO,0,0,0,A,A,0,No Deposit,7.0,0,Transient,71.69,0,1
City Hotel,0,26,2017,February,5,1,0,3,2,0.0,0,BB,CHE,Online TA,TA/TO,0,0,0,A,A,0,No Deposit,7.0,0,Transient,71.69,0,1
City Hotel,0,7,2017,February,5,3,0,1,2,0.0,0,BB,PRT,Direct,Direct,0,0,0,A,A,1,No Deposit,14.0,0,Transient,98.0,0,0
City Hotel,0,72,2017,February,5,2,0,2,2,0.0,0,SC,CHN,Online TA,TA/TO,0,0,0,A,A,0,No Deposit,9.0,0,Transient,71.28,0,1
City Hotel,0,13,2017,January,5,29,2,4,2,0.0,0,HB,CHN,Direct,Direct,0,0,0,B,A,0,No Deposit,14.0,0,Transient,123.1,0,0
City Hotel,0,15,2017,February,5,3,0,1,2,0.0,0,BB,PRT,Groups,TA/TO,0,0,0,A,D,2,No Deposit,,0,Transient-Party,99.0,0,0
City Hotel,0,15,2017,February,5,3,0,1,2,0.0,0,BB,PRT,Groups,TA/TO,0,0,0,A,D,2,No Deposit,,0,Transient-Party,90.0,0,0
City Hotel,0,12,2017,January,5,30,1,5,2,0.0,0,HB,FRA,Offline TA/TO,TA/TO,0,0,0,A,D,0,No Deposit,28.0,0,Transient,105.0,0,0
City Hotel,0,5,2017,January,5,31,0,5,2,0.0,0,SC,FRA,Online TA,TA/TO,0,0,0,A,A,0,No Deposit,7.0,0,Transient,54.71,0,0
City Hotel,0,29,2017,February,5,4,0,1,2,0.0,0,SC,ESP,Online TA,TA/TO,0,0,0,A,A,0,No Deposit,9.0,0,Transient,80.0,0,2
City Hotel,0,1,2017,February,5,4,0,1,2,0.0,0,SC,PRT,Online TA,TA/TO,0,0,0,A,A,0,No Deposit,9.0,0,Transient,88.0,0,1
City Hotel,0,46,2017,February,5,2,0,3,2,0.0,0,SC,FRA,Online TA,TA/TO,0,0,0,A,A,0,No Deposit,9.0,0,Transient,79.2,0,0
City Hotel,0,173,2017,February,5,2,0,3,2,0.0,0,SC,GBR,Online TA,TA/TO,0,0,0,A,A,0,No Deposit,9.0,0,Transient,79.2,0,2
City Hotel,0,60,2017,February,5,3,0,2,2,0.0,0,SC,IRL,Online TA,TA/TO,0,0,0,A,A,0,No Deposit,9.0,0,Transient,79.2,0,1
City Hotel,0,43,2017,February,5,3,0,2,2,0.0,0,BB,GBR,Online TA,TA/TO,0,0,0,A,A,0,No Deposit,7.0,0,Transient,81.62,0,1
City Hotel,0,173,2017,February,5,2,0,3,2,0.0,0,SC,GBR,Online TA,TA/TO,0,0,0,A,A,0,No Deposit,9.0,0,Transient,79.2,0,2
City Hotel,0,173,2017,February,5,2,0,3,2,0.0,0,SC,GBR,Online TA,TA/TO,0,0,0,A,A,0,No Deposit,9.0,0,Transient,79.2,0,2
City Hotel,0,173,2017,February,5,2,0,3,2,0.0,0,SC,GBR,Online TA,TA/TO,0,0,0,A,A,0,No Deposit,9.0,0,Transient,79.2,0,2
City Hotel,0,43,2017,February,5,3,0,2,2,0.0,0,BB,GBR,Online TA,TA/TO,0,0,0,A,A,0,No Deposit,7.0,0,Transient,81.62,0,1
City Hotel,0,173,2017,February,5,2,0,3,2,0.0,0,SC,GBR,Online TA,TA/TO,0,0,0,A,A,0,No Deposit,9.0,0,Transient,79.2,0,2
City Hotel,0,0,2017,February,5,4,0,1,2,0.0,0,BB,PRT,Direct,Direct,0,0,0,A,A,0,No Deposit,,0,Transient,96.0,0,0
City Hotel,0,81,2017,February,5,3,0,2,2,0.0,0,SC,GBR,Online TA,TA/TO,0,0,0,A,A,0,No Deposit,9.0,0,Transient,79.2,0,1
City Hotel,0,11,2017,February,5,2,0,3,2,0.0,0,SC,PRT,Online TA,TA/TO,0,0,0,A,A,0,No Deposit,9.0,0,Transient,88.0,0,0
City Hotel,0,105,2017,February,5,3,0,2,2,0.0,0,BB,FRA,Online TA,TA/TO,0,0,0,A,A,1,No Deposit,7.0,0,Transient,60.98,0,1
City Hotel,0,42,2017,February,5,2,0,3,2,0.0,0,BB,PRT,Groups,TA/TO,0,0,0,A,D,2,No Deposit,,28,Transient-Party,99.0,0,0
City Hotel,0,64,2017,February,5,4,0,1,2,0.0,0,BB,CHE,Offline TA/TO,TA/TO,0,0,0,A,A,0,No Deposit,85.0,0,Transient,67.5,0,0
City Hotel,0,50,2017,February,5,3,0,2,2,0.0,0,SC,DEU,Online TA,GDS,0,0,0,A,A,0,No Deposit,195.0,0,Transient,88.0,0,0
City Hotel,0,50,2017,February,5,3,0,2,2,0.0,0,SC,PRT,Online TA,GDS,0,0,0,A,A,0,No Deposit,195.0,0,Transient,88.0,0,0
City Hotel,0,10,2017,February,5,3,0,2,2,0.0,0,BB,PRT,Direct,Direct,0,0,0,A,A,0,No Deposit,14.0,0,Transient,99.0,0,1
City Hotel,0,19,2017,February,5,2,0,3,2,0.0,0,BB,CZE,Online TA,TA/TO,0,0,0,A,A,1,No Deposit,9.0,0,Transient,108.0,0,0
City Hotel,0,0,2017,February,5,3,0,2,2,0.0,0,BB,PRT,Online TA,TA/TO,0,0,0,A,A,0,No Deposit,9.0,0,Transient,108.0,0,0
City Hotel,0,15,2017,February,5,3,0,2,2,0.0,0,BB,PRT,Groups,TA/TO,0,0,0,A,D,2,No Deposit,,0,Transient-Party,90.0,0,0
City Hotel,0,1,2017,February,5,4,0,1,2,0.0,0,BB,PRT,Complementary,TA/TO,0,0,0,D,D,0,No Deposit,159.0,0,Transient,0.0,0,0
City Hotel,0,54,2017,February,5,3,0,2,2,0.0,0,BB,FRA,Online TA,TA/TO,0,0,0,A,A,0,No Deposit,9.0,0,Transient,95.4,0,1
City Hotel,0,1,2017,February,5,4,0,1,2,0.0,0,SC,PRT,Online TA,TA/TO,0,0,0,A,A,0,No Deposit,9.0,0,Transient,88.0,0,0
City Hotel,0,47,2017,February,5,1,0,4,2,0.0,0,SC,HUN,Online TA,TA/TO,0,0,0,A,A,0,No Deposit,9.0,0,Transient,74.8,0,2
City Hotel,0,21,2017,February,5,3,0,2,2,0.0,0,SC,FRA,Online TA,TA/TO,0,0,0,A,A,0,No Deposit,7.0,0,Transient,64.37,0,1
City Hotel,0,0,2017,February,5,4,0,1,2,0.0,0,BB,PRT,Direct,Direct,0,0,0,A,D,1,No Deposit,,0,Transient,101.0,0,0
City Hotel,0,7,2017,February,5,2,0,3,2,0.0,0,SC,BEL,Online TA,TA/TO,0,0,0,A,A,0,No Deposit,9.0,0,Transient,88.0,0,1
City Hotel,0,12,2017,February,5,2,0,3,2,0.0,0,BB,BRA,Online TA,TA/TO,0,0,0,A,A,0,No Deposit,7.0,0,Transient,92.16,0,1
City Hotel,0,1,2017,February,5,4,0,1,2,0.0,0,SC,PRT,Online TA,TA/TO,0,0,0,A,A,0,No Deposit,9.0,0,Transient,88.0,0,0
City Hotel,0,4,2017,February,5,1,0,4,2,0.0,0,SC,GBR,Online TA,TA/TO,0,0,0,A,A,0,No Deposit,9.0,0,Transient,74.8,0,2
City Hotel,0,173,2017,February,5,2,0,3,2,0.0,0,SC,GBR,Online TA,TA/TO,0,0,0,A,A,0,No Deposit,9.0,0,Transient,79.2,0,2
City Hotel,0,16,2017,February,5,2,0,3,2,0.0,0,SC,GBR,Online TA,TA/TO,0,0,0,A,A,1,No Deposit,7.0,0,Transient,48.05,0,0
City Hotel,0,9,2017,February,5,2,0,3,2,0.0,0,BB,FRA,Online TA,TA/TO,0,0,0,A,A,0,No Deposit,9.0,0,Transient,108.0,0,0
City Hotel,0,0,2017,February,5,4,0,1,2,0.0,0,BB,PRT,Direct,Direct,0,0,0,A,A,0,No Deposit,,0,Transient-Party,91.0,0,0
City Hotel,0,11,2017,February,5,2,0,3,2,0.0,0,BB,GBR,Online TA,TA/TO,0,0,0,A,A,0,No Deposit,9.0,0,Transient,108.0,0,0
City Hotel,0,53,2017,February,5,4,0,1,2,0.0,0,BB,BRA,Online TA,TA/TO,0,0,0,A,A,0,No Deposit,9.0,0,Transient,95.4,0,3
City Hotel,0,24,2017,February,5,2,0,3,2,0.0,0,BB,DEU,Online TA,TA/TO,0,0,0,A,A,0,No Deposit,9.0,0,Transient,107.0,0,0
City Hotel,0,69,2017,February,5,2,0,3,2,0.0,0,BB,GBR,Online TA,TA/TO,0,0,0,A,A,0,No Deposit,9.0,0,Transient,93.6,0,1
City Hotel,0,35,2017,February,5,2,0,3,2,0.0,0,BB,DEU,Offline TA/TO,TA/TO,0,0,0,A,A,0,No Deposit,132.0,0,Transient,72.0,0,0
City Hotel,0,0,2017,February,5,4,1,1,2,0.0,0,SC,PRT,Online TA,TA/TO,0,0,0,A,A,0,No Deposit,,0,Transient,97.0,0,1
City Hotel,0,258,2017,February,5,2,1,3,2,0.0,0,BB,GBR,Online TA,TA/TO,0,0,0,A,A,2,No Deposit,9.0,0,Transient,84.38,0,1
City Hotel,0,22,2017,February,5,2,1,3,2,0.0,0,SC,MAR,Online TA,TA/TO,0,0,0,A,A,0,No Deposit,9.0,0,Transient,74.8,0,1
City Hotel,0,159,2017,February,5,4,1,1,2,0.0,0,SC,FRA,Online TA,TA/TO,0,0,0,A,A,0,No Deposit,9.0,0,Transient,79.2,0,1
City Hotel,0,8,2017,February,5,2,1,3,2,0.0,0,HB,FRA,Offline TA/TO,TA/TO,0,0,0,A,D,0,No Deposit,28.0,0,Transient,105.0,0,0
City Hotel,0,66,2017,February,5,4,1,1,2,0.0,0,SC,CHN,Online TA,TA/TO,0,0,0,A,A,0,No Deposit,9.0,0,Transient,71.28,0,1
City Hotel,0,7,2017,February,5,2,1,3,2,0.0,0,SC,FRA,Online TA,TA/TO,0,0,0,A,A,0,No Deposit,9.0,0,Transient,74.8,0,0
City Hotel,0,17,2017,February,5,3,1,2,2,0.0,0,BB,FRA,Online TA,TA/TO,0,0,0,D,D,0,No Deposit,8.0,0,Transient,94.4,0,1
City Hotel,0,15,2017,February,5,4,1,1,2,0.0,0,BB,BEL,Direct,Direct,0,0,0,A,A,1,No Deposit,14.0,0,Transient,98.0,0,0
City Hotel,0,1,2017,February,5,3,1,2,2,0.0,0,BB,ESP,Online TA,TA/TO,0,0,0,A,A,0,No Deposit,9.0,0,Transient,117.0,0,1
City Hotel,0,139,2017,February,5,2,1,3,2,0.0,0,SC,ITA,Online TA,TA/TO,0,0,0,A,A,0,No Deposit,9.0,0,Transient,74.8,0,2
City Hotel,0,29,2017,February,5,3,1,2,2,0.0,0,SC,IRL,Online TA,TA/TO,0,0,0,A,A,0,No Deposit,9.0,0,Transient,80.0,0,0
City Hotel,0,26,2017,February,5,4,1,1,2,0.0,0,BB,FRA,Online TA,TA/TO,0,0,0,A,A,2,No Deposit,9.0,0,Transient,90.0,0,0
City Hotel,0,26,2017,February,5,4,1,1,2,0.0,0,BB,FRA,Online TA,TA/TO,0,0,0,D,D,0,No Deposit,9.0,0,Transient,148.0,0,0
City Hotel,0,40,2017,February,5,4,1,1,2,0.0,0,BB,GBR,Online TA,TA/TO,0,0,0,A,A,0,No Deposit,9.0,0,Transient,106.0,0,0
City Hotel,0,15,2017,February,5,3,1,2,2,0.0,0,BB,FRA,Online TA,TA/TO,0,0,0,A,A,0,No Deposit,8.0,0,Transient,86.4,0,0
City Hotel,0,66,2017,February,5,3,1,2,2,0.0,0,SC,BEL,Online TA,TA/TO,0,0,0,A,A,0,No Deposit,9.0,0,Transient,79.2,0,1
City Hotel,0,66,2017,February,5,3,1,2,2,0.0,0,SC,BEL,Online TA,TA/TO,0,0,0,A,A,0,No Deposit,9.0,0,Transient,79.2,0,1
City Hotel,0,16,2017,February,5,4,1,1,2,0.0,0,BB,FRA,Offline TA/TO,TA/TO,0,0,0,A,A,0,No Deposit,28.0,0,Transient,75.0,0,0
City Hotel,0,10,2017,February,6,5,1,0,2,0.0,0,SC,FRA,Online TA,TA/TO,0,0,0,A,A,0,No Deposit,9.0,0,Transient,88.0,0,1
City Hotel,0,93,2017,February,5,3,1,2,2,0.0,0,BB,DEU,Online TA,TA/TO,0,0,0,A,A,0,No Deposit,9.0,0,Transient,93.6,0,2
City Hotel,0,2,2017,February,5,2,1,3,2,0.0,0,SC,MCO,Online TA,TA/TO,0,0,0,A,A,0,No Deposit,9.0,0,Transient,74.8,0,0
City Hotel,0,18,2017,February,5,4,1,1,2,0.0,0,BB,FRA,Offline TA/TO,TA/TO,0,0,0,A,D,0,No Deposit,28.0,0,Transient,75.0,0,0
City Hotel,0,42,2017,February,5,2,1,3,2,0.0,0,BB,FRA,Online TA,TA/TO,0,0,0,A,A,0,No Deposit,9.0,0,Transient,90.1,0,1
City Hotel,0,0,2017,February,5,2,1,3,2,0.0,0,BB,NLD,Direct,Direct,0,0,0,A,D,1,No Deposit,,0,Transient,70.0,1,0
City Hotel,0,17,2017,February,5,2,1,3,2,0.0,0,BB,IRL,Online TA,TA/TO,0,0,0,D,D,0,No Deposit,9.0,0,Transient,100.3,0,0
City Hotel,0,0,2017,February,5,4,1,1,2,0.0,0,BB,PRT,Direct,Direct,0,0,0,A,D,0,No Deposit,,0,Transient,44.0,0,1
City Hotel,0,159,2017,February,5,4,1,1,2,0.0,0,SC,FRA,Online TA,TA/TO,0,0,0,A,A,0,No Deposit,9.0,0,Transient,79.2,0,1
City Hotel,0,159,2017,February,5,4,1,1,2,0.0,0,SC,FRA,Online TA,TA/TO,0,0,0,A,A,0,No Deposit,9.0,0,Transient,79.2,0,1
City Hotel,0,0,2017,February,5,4,1,1,2,0.0,0,BB,PRT,Direct,Direct,0,0,0,A,D,0,No Deposit,,0,Transient,88.0,0,0
City Hotel,0,11,2017,February,5,2,2,3,2,0.0,0,BB,FRA,Online TA,TA/TO,0,0,0,D,D,1,No Deposit,9.0,0,Transient,109.3,1,1
City Hotel,0,2,2017,February,5,2,1,3,2,0.0,0,BB,PRT,Online TA,TA/TO,0,0,0,A,A,0,No Deposit,9.0,0,Transient,91.8,0,1
City Hotel,0,3,2017,February,5,2,2,3,2,0.0,0,BB,DEU,Offline TA/TO,TA/TO,0,0,0,A,A,0,No Deposit,22.0,0,Transient,68.0,0,0
City Hotel,0,23,2017,February,5,2,2,3,2,0.0,0,BB,GBR,Online TA,TA/TO,0,0,0,A,A,0,No Deposit,83.0,0,Transient,72.08,0,0
City Hotel,0,109,2017,February,6,5,2,0,2,0.0,0,SC,GBR,Online TA,TA/TO,0,0,0,A,A,0,No Deposit,7.0,0,Transient,60.98,0,1
City Hotel,0,7,2017,February,6,5,2,0,2,0.0,0,SC,DEU,Online TA,TA/TO,0,0,0,A,A,0,No Deposit,9.0,0,Transient,88.0,0,1
City Hotel,0,28,2017,February,5,4,2,1,2,0.0,0,BB,FRA,Online TA,TA/TO,0,0,0,A,A,0,No Deposit,9.0,0,Transient,98.0,0,1
City Hotel,0,27,2017,February,5,4,2,1,2,0.0,0,BB,FRA,Online TA,TA/TO,0,0,0,A,A,0,No Deposit,9.0,0,Transient,98.0,0,0
City Hotel,0,31,2017,February,5,4,2,1,2,0.0,0,BB,ARG,Online TA,TA/TO,0,0,0,A,A,0,No Deposit,9.0,0,Transient,106.0,0,0
City Hotel,0,22,2017,February,5,3,2,2,2,0.0,0,BB,DEU,Online TA,TA/TO,0,0,0,A,A,0,No Deposit,7.0,0,Transient,67.15,0,1
City Hotel,0,0,2017,February,6,5,2,0,2,0.0,0,BB,PRT,Direct,Direct,0,0,0,A,A,2,No Deposit,,0,Transient,79.0,0,0
City Hotel,0,18,2017,January,4,24,4,10,2,0.0,0,BB,DNK,Online TA,TA/TO,0,0,0,A,A,0,No Deposit,7.0,0,Transient,64.14,0,1
City Hotel,0,51,2017,February,5,4,2,1,2,0.0,0,BB,DEU,Online TA,TA/TO,0,0,0,A,A,0,No Deposit,9.0,0,Transient,95.4,0,1
City Hotel,0,203,2017,February,6,7,0,0,2,0.0,0,SC,PRT,Online TA,TA/TO,0,0,0,A,K,1,No Deposit,9.0,0,Transient,0.0,0,1
City Hotel,0,24,2017,February,5,2,2,4,2,0.0,0,BB,ISL,Online TA,TA/TO,0,0,0,A,A,0,No Deposit,9.0,0,Transient,83.3,0,3
City Hotel,0,12,2017,February,6,5,2,1,2,0.0,0,BB,FRA,Online TA,TA/TO,0,0,0,A,A,0,No Deposit,9.0,0,Transient,108.0,0,1
City Hotel,0,71,2017,February,5,4,2,2,2,0.0,0,BB,BRA,Direct,Direct,0,0,0,A,A,0,No Deposit,14.0,0,Transient,77.0,0,2
City Hotel,0,0,2017,February,6,7,0,1,2,0.0,0,SC,PRT,Online TA,TA/TO,0,0,0,A,A,0,No Deposit,9.0,0,Transient,88.0,0,0
City Hotel,0,24,2017,February,5,2,2,4,2,0.0,0,HB,ITA,Online TA,TA/TO,0,0,0,A,A,0,No Deposit,9.0,0,Transient,115.6,0,0
City Hotel,0,0,2017,February,6,6,1,1,2,0.0,0,BB,ITA,Online TA,TA/TO,0,0,0,A,A,0,No Deposit,9.0,0,Transient,117.0,0,0
City Hotel,0,64,2017,February,6,6,1,1,2,0.0,0,BB,FRA,Online TA,TA/TO,0,0,0,A,A,0,No Deposit,9.0,0,Transient,93.6,0,1
City Hotel,0,12,2017,February,6,6,1,1,2,0.0,0,BB,FRA,Offline TA/TO,TA/TO,0,0,0,A,D,0,No Deposit,28.0,0,Transient,75.0,0,0
City Hotel,0,20,2017,February,6,5,2,1,2,0.0,0,BB,CHE,Direct,Direct,0,0,0,A,A,0,No Deposit,14.0,0,Transient,123.0,0,1
City Hotel,0,10,2017,February,6,5,2,1,2,0.0,0,BB,ESP,Online TA,TA/TO,0,0,0,A,A,0,No Deposit,9.0,0,Transient,108.0,0,3
City Hotel,0,17,2017,February,6,5,2,1,2,0.0,0,BB,PRT,Offline TA/TO,TA/TO,0,0,0,A,D,0,No Deposit,28.0,0,Transient,75.0,0,0
City Hotel,0,25,2017,February,5,4,2,2,2,0.0,0,BB,ESP,Direct,Direct,0,0,0,A,A,0,No Deposit,14.0,0,Transient,86.0,1,1
City Hotel,0,18,2017,February,6,5,2,1,2,0.0,0,BB,FRA,Offline TA/TO,TA/TO,0,0,0,A,D,0,No Deposit,28.0,0,Transient,75.0,0,0
City Hotel,0,25,2017,February,5,1,2,5,2,0.0,0,BB,ITA,Online TA,TA/TO,0,0,0,D,D,0,No Deposit,9.0,0,Transient,91.8,0,1
City Hotel,0,68,2017,February,5,4,2,2,2,0.0,0,BB,ESP,Direct,Direct,0,0,0,A,A,0,No Deposit,14.0,0,Transient,79.2,0,0
City Hotel,0,17,2017,February,6,5,2,1,2,0.0,0,BB,SWE,Direct,Direct,0,0,0,D,D,2,No Deposit,14.0,0,Transient,105.55,0,1
City Hotel,0,20,2017,February,6,5,2,2,2,0.0,0,BB,FRA,Offline TA/TO,TA/TO,0,0,0,A,D,0,No Deposit,28.0,0,Transient,75.0,0,0
City Hotel,0,0,2017,February,6,8,0,1,2,0.0,0,SC,PRT,Direct,Direct,0,0,0,A,A,0,No Deposit,,0,Transient,88.0,0,1
City Hotel,0,13,2017,February,6,7,0,2,2,0.0,0,BB,USA,Online TA,TA/TO,0,0,0,A,A,1,No Deposit,7.0,0,Transient,85.46,0,3
City Hotel,0,8,2017,February,6,6,1,2,2,0.0,0,SC,PRT,Online TA,TA/TO,0,0,0,A,A,0,No Deposit,8.0,0,Transient,88.0,0,0
City Hotel,0,9,2017,February,6,5,2,2,2,0.0,0,BB,FRA,Online TA,TA/TO,0,0,0,A,A,0,No Deposit,9.0,0,Transient,91.8,0,1
City Hotel,0,39,2017,February,5,4,2,3,2,0.0,0,SC,BGR,Online TA,TA/TO,0,0,0,A,A,0,No Deposit,7.0,0,Transient,57.6,0,1
City Hotel,0,3,2017,February,6,7,0,2,2,0.0,0,BB,GBR,Online TA,TA/TO,0,0,0,D,D,0,No Deposit,9.0,0,Transient,118.0,0,0
City Hotel,0,32,2017,February,5,4,2,3,2,0.0,0,BB,CHE,Online TA,TA/TO,0,0,0,A,A,0,No Deposit,7.0,0,Transient,65.91,0,1
City Hotel,0,0,2017,February,6,9,0,0,2,0.0,0,BB,PRT,Online TA,TA/TO,1,0,0,A,K,0,No Deposit,9.0,0,Transient,0.0,0,3
City Hotel,0,32,2017,February,6,9,0,0,2,0.0,0,BB,PRT,Online TA,TA/TO,0,0,0,D,K,0,No Deposit,9.0,0,Transient,0.0,0,0
City Hotel,0,6,2017,February,5,4,2,3,2,0.0,0,BB,FRA,Online TA,TA/TO,0,0,0,D,D,0,No Deposit,9.0,0,Transient,100.3,0,3
City Hotel,0,20,2017,February,6,5,2,2,2,0.0,0,HB,FRA,Offline TA/TO,TA/TO,0,0,0,A,D,0,No Deposit,28.0,0,Transient,105.0,0,0
City Hotel,0,16,2017,February,5,4,2,3,2,0.0,0,BB,FRA,Offline TA/TO,TA/TO,0,0,0,A,D,0,No Deposit,28.0,0,Transient,75.0,0,0
City Hotel,0,25,2017,February,6,5,2,2,2,0.0,0,SC,FRA,Offline TA/TO,TA/TO,0,0,0,A,A,0,No Deposit,85.0,0,Transient,59.5,0,1
City Hotel,0,16,2017,February,5,4,2,3,2,0.0,0,BB,FRA,Offline TA/TO,TA/TO,0,0,0,A,D,0,No Deposit,28.0,0,Transient,75.0,0,0
City Hotel,0,12,2017,February,6,5,2,2,2,0.0,0,SC,MAR,Online TA,TA/TO,0,0,0,A,A,2,No Deposit,9.0,0,Transient,74.8,0,0
City Hotel,0,2,2017,February,6,5,2,2,2,0.0,0,BB,FRA,Online TA,TA/TO,0,0,0,A,A,0,No Deposit,155.0,0,Transient,116.75,0,1
City Hotel,0,62,2017,February,6,6,1,3,2,0.0,0,BB,FRA,Direct,Direct,0,0,0,A,A,0,No Deposit,14.0,0,Transient,77.0,0,0
City Hotel,0,0,2017,February,6,6,1,3,2,0.0,0,SC,CHN,Online TA,TA/TO,0,0,0,A,B,0,No Deposit,9.0,0,Transient,74.8,0,0
City Hotel,0,0,2017,February,6,6,1,3,2,0.0,0,SC,AUT,Online TA,TA/TO,0,0,0,A,B,0,No Deposit,9.0,0,Transient,74.8,0,0
City Hotel,0,17,2017,February,6,5,2,3,2,0.0,0,BB,FRA,Offline TA/TO,TA/TO,0,0,0,A,D,0,No Deposit,28.0,0,Transient,75.0,0,0
City Hotel,0,17,2017,February,6,5,2,3,2,0.0,0,BB,FRA,Offline TA/TO,TA/TO,0,0,0,A,D,0,No Deposit,28.0,0,Transient,75.0,0,0
City Hotel,0,7,2017,February,6,9,0,1,2,0.0,0,BB,JPN,Direct,Direct,0,0,0,D,D,0,No Deposit,,0,Transient,113.0,0,0
City Hotel,0,7,2017,February,6,9,0,1,2,0.0,0,BB,FRA,Direct,Direct,0,0,0,D,D,0,No Deposit,,0,Transient,113.0,0,0
City Hotel,0,7,2017,February,6,9,0,1,2,0.0,0,BB,FRA,Direct,Direct,0,0,0,D,D,0,No Deposit,,0,Transient,113.0,0,0
City Hotel,0,70,2017,February,6,6,1,3,2,0.0,0,SC,PRT,Online TA,TA/TO,0,0,0,A,A,0,No Deposit,9.0,0,Transient,74.8,0,1
City Hotel,0,15,2017,February,6,9,0,1,2,0.0,0,BB,PRT,Online TA,TA/TO,0,0,0,A,A,0,No Deposit,9.0,0,Transient,91.8,0,1
City Hotel,0,160,2017,February,6,5,2,3,2,0.0,0,BB,SRB,Offline TA/TO,TA/TO,0,0,0,A,A,0,No Deposit,132.0,0,Transient,68.0,0,1
City Hotel,0,8,2017,February,5,4,2,4,2,0.0,0,BB,BEL,Direct,Direct,0,0,0,A,A,0,No Deposit,14.0,0,Transient,77.0,0,0
City Hotel,0,11,2017,February,6,5,2,3,2,0.0,0,BB,FRA,Offline TA/TO,TA/TO,0,0,0,A,D,0,No Deposit,28.0,0,Transient,75.0,0,0
City Hotel,0,0,2017,February,6,9,0,1,2,0.0,0,SC,PRT,Online TA,TA/TO,0,0,0,A,A,0,No Deposit,9.0,0,Transient,88.0,0,0
City Hotel,0,17,2017,February,5,3,2,5,2,0.0,0,BB,IRL,Online TA,TA/TO,0,0,0,A,A,0,No Deposit,9.0,0,Transient,91.8,0,1
City Hotel,0,14,2017,February,6,8,0,2,2,0.0,0,BB,FRA,Offline TA/TO,TA/TO,0,0,0,A,D,0,No Deposit,28.0,0,Transient,75.0,0,0
City Hotel,0,1,2017,February,6,8,0,2,2,0.0,0,BB,PRT,Online TA,TA/TO,0,0,0,A,A,0,No Deposit,9.0,0,Transient,108.0,0,0
City Hotel,0,17,2017,February,6,6,1,3,2,0.0,0,HB,FRA,Offline TA/TO,TA/TO,0,0,0,A,D,0,No Deposit,28.0,0,Transient,105.0,0,0
City Hotel,0,67,2017,February,6,6,1,3,2,0.0,0,SC,BEL,Online TA,TA/TO,0,0,0,A,A,0,No Deposit,9.0,0,Transient,74.8,0,2
City Hotel,0,2,2017,February,6,9,0,1,2,0.0,0,SC,PRT,Online TA,TA/TO,0,0,0,A,A,0,No Deposit,9.0,0,Transient,97.0,0,1
City Hotel,0,63,2017,February,6,5,2,3,2,0.0,0,BB,FRA,Online TA,TA/TO,0,0,0,A,A,0,No Deposit,9.0,0,Transient,88.4,0,2
City Hotel,0,63,2017,February,6,5,2,3,2,0.0,0,BB,FRA,Online TA,TA/TO,0,0,0,A,A,0,No Deposit,9.0,0,Transient,88.4,0,2
City Hotel,0,10,2017,February,6,8,0,2,2,0.0,0,BB,GBR,Online TA,TA/TO,0,0,0,A,A,0,No Deposit,7.0,0,Transient,79.0,0,0
City Hotel,0,103,2017,February,6,5,2,3,2,0.0,0,SC,GBR,Online TA,TA/TO,0,0,0,A,A,0,No Deposit,9.0,0,Transient,74.8,0,2
City Hotel,0,43,2017,February,6,7,0,4,2,0.0,0,BB,FRA,Online TA,TA/TO,0,0,0,A,A,0,No Deposit,9.0,0,Transient,90.1,0,1
City Hotel,0,16,2017,February,5,4,2,5,2,0.0,0,BB,PRT,Online TA,TA/TO,0,0,0,A,A,0,No Deposit,7.0,0,Transient,63.2,0,1
City Hotel,0,6,2017,February,6,5,2,4,2,0.0,0,HB,FRA,Online TA,TA/TO,0,0,0,A,A,0,No Deposit,9.0,0,Transient,124.1,0,0
City Hotel,0,1,2017,February,6,10,0,1,2,0.0,0,BB,SEN,Online TA,TA/TO,0,0,0,D,D,1,No Deposit,9.0,0,Transient,118.0,0,1
City Hotel,0,19,2017,February,6,7,0,4,2,0.0,0,SC,LVA,Online TA,TA/TO,0,0,0,A,A,0,No Deposit,7.0,0,Transient,54.21,0,1
City Hotel,0,2,2017,February,6,6,1,4,2,0.0,0,SC,AUT,Online TA,TA/TO,0,0,0,A,A,0,No Deposit,7.0,0,Transient,54.71,0,1
City Hotel,0,10,2017,February,6,10,0,1,2,0.0,0,BB,PRT,Direct,Direct,0,0,0,D,D,3,No Deposit,14.0,0,Transient,78.4,1,0
City Hotel,0,9,2017,February,6,7,0,4,2,0.0,0,BB,FRA,Direct,Direct,0,0,0,B,A,1,No Deposit,14.0,0,Transient,91.1,0,0
City Hotel,0,23,2017,February,6,7,0,4,2,0.0,0,SC,GBR,Online TA,TA/TO,0,0,0,A,A,0,No Deposit,9.0,0,Transient,74.8,0,2
City Hotel,0,47,2017,February,6,8,0,3,2,0.0,0,BB,FRA,Online TA,TA/TO,0,0,0,A,A,0,No Deposit,9.0,0,Transient,95.4,0,1
City Hotel,0,5,2017,February,6,7,0,4,2,0.0,0,BB,ROU,Online TA,TA/TO,0,0,0,A,A,0,No Deposit,9.0,0,Transient,91.8,0,2
City Hotel,0,22,2017,February,6,7,0,4,2,0.0,0,SC,ITA,Online TA,TA/TO,0,0,0,A,A,0,No Deposit,9.0,0,Transient,74.8,0,0
City Hotel,0,52,2017,February,6,5,2,4,2,0.0,0,BB,DEU,Online TA,TA/TO,0,0,0,A,A,0,No Deposit,9.0,0,Transient,90.1,0,1
City Hotel,0,6,2017,February,6,7,0,4,2,0.0,0,BB,FRA,Online TA,TA/TO,0,0,0,A,A,0,No Deposit,9.0,0,Transient,91.8,0,0
City Hotel,0,8,2017,February,6,7,0,4,2,0.0,0,BB,MUS,Online TA,TA/TO,0,0,0,A,A,0,No Deposit,89.0,0,Transient,91.4,0,0
City Hotel,0,7,2017,February,6,6,1,4,2,0.0,0,SC,DEU,Online TA,TA/TO,0,0,0,A,A,0,No Deposit,7.0,0,Transient,56.51,0,0
City Hotel,0,38,2017,February,6,9,0,2,2,0.0,0,BB,PRT,Direct,Direct,0,0,0,A,A,1,No Deposit,14.0,0,Transient,98.0,0,1
City Hotel,0,3,2017,February,5,4,2,5,2,0.0,0,SC,PRT,Online TA,TA/TO,0,0,0,A,A,0,No Deposit,9.0,0,Transient,74.8,0,0
City Hotel,0,2,2017,February,6,6,1,4,2,0.0,0,BB,POL,Online TA,TA/TO,0,0,0,A,A,0,No Deposit,9.0,0,Transient,91.8,0,0
City Hotel,0,19,2017,February,6,7,0,5,2,0.0,0,BB,FRA,Offline TA/TO,TA/TO,0,0,0,A,D,0,No Deposit,28.0,0,Transient,75.0,0,0
City Hotel,0,60,2017,February,6,10,0,2,2,0.0,0,BB,MCO,Online TA,TA/TO,0,0,0,A,A,0,No Deposit,7.0,0,Transient,73.46,0,1
City Hotel,0,22,2017,February,6,8,0,4,2,0.0,0,BB,ITA,Online TA,TA/TO,0,0,0,A,A,2,No Deposit,9.0,0,Transient,100.8,0,2
City Hotel,0,140,2017,February,6,6,1,5,2,0.0,0,BB,BRA,Online TA,TA/TO,0,0,0,A,A,3,No Deposit,9.0,0,Transient,94.8,0,1
City Hotel,0,151,2017,February,7,17,0,1,2,0.0,0,BB,BRA,Online TA,TA/TO,0,0,1,A,A,2,No Deposit,9.0,0,Transient,93.6,0,1
City Hotel,0,46,2017,February,6,7,0,5,2,0.0,0,BB,GBR,Online TA,TA/TO,0,0,0,D,D,0,No Deposit,9.0,0,Transient,98.6,0,1
City Hotel,0,78,2017,February,6,10,0,2,2,0.0,0,SC,DEU,Online TA,TA/TO,0,0,0,A,A,0,No Deposit,9.0,0,Transient,79.2,0,1
City Hotel,0,1,2017,February,6,11,0,1,2,0.0,0,SC,RUS,Online TA,TA/TO,0,0,0,A,A,0,No Deposit,9.0,0,Transient,99.0,0,0
City Hotel,0,11,2017,February,7,12,2,0,2,0.0,0,SC,RUS,Online TA,TA/TO,0,0,0,A,A,0,No Deposit,9.0,0,Group,88.0,0,0
City Hotel,0,24,2017,February,6,9,0,3,2,0.0,0,BB,CHE,Offline TA/TO,TA/TO,0,0,0,A,D,0,No Deposit,28.0,0,Transient,75.0,0,0
City Hotel,0,4,2017,February,6,10,0,2,2,0.0,0,BB,PRT,Online TA,TA/TO,0,0,0,A,A,1,No Deposit,9.0,0,Transient,108.0,0,0
City Hotel,0,12,2017,February,6,10,0,2,2,0.0,0,SC,ESP,Online TA,TA/TO,0,0,0,A,A,0,No Deposit,9.0,0,Transient,97.0,0,0
City Hotel,0,12,2017,February,6,10,0,2,2,0.0,0,SC,ESP,Online TA,TA/TO,0,0,0,A,A,0,No Deposit,9.0,0,Transient,88.0,0,0
City Hotel,0,0,2017,February,7,12,0,0,2,0.0,0,BB,PRT,Direct,Direct,1,0,0,B,B,2,No Deposit,,0,Transient,0.0,0,0
City Hotel,0,3,2017,February,6,11,0,1,2,0.0,0,BB,PRT,Online TA,TA/TO,0,0,0,A,A,0,No Deposit,9.0,0,Transient,108.0,0,2
City Hotel,0,230,2017,February,6,10,0,2,2,0.0,0,BB,ITA,Online TA,TA/TO,0,0,0,A,A,1,No Deposit,9.0,0,Transient,90.0,0,3
City Hotel,0,16,2017,February,6,10,0,2,2,0.0,0,BB,GRC,Offline TA/TO,TA/TO,0,0,0,A,D,0,No Deposit,28.0,0,Transient,75.0,0,0
City Hotel,0,60,2017,February,6,8,0,4,2,0.0,0,SC,GBR,Online TA,TA/TO,0,0,0,A,A,2,No Deposit,9.0,0,Transient,74.8,0,3
City Hotel,0,4,2017,February,6,10,0,2,2,0.0,0,BB,PRT,Online TA,TA/TO,0,0,0,D,D,0,No Deposit,9.0,0,Transient,118.0,0,0
City Hotel,0,12,2017,February,6,10,0,2,2,0.0,0,SC,FRA,Online TA,TA/TO,0,0,0,A,A,0,No Deposit,9.0,0,Transient,88.0,0,0
City Hotel,0,2,2017,February,6,5,2,5,2,0.0,0,SC,CHN,Direct,Direct,0,0,0,A,A,1,No Deposit,14.0,0,Transient,88.0,0,0
City Hotel,0,61,2017,February,6,8,0,4,2,0.0,0,BB,ITA,Online TA,TA/TO,0,0,0,A,A,0,No Deposit,9.0,0,Transient,90.1,0,1
City Hotel,0,14,2017,February,6,9,0,3,2,0.0,0,BB,FRA,Online TA,TA/TO,0,0,0,A,A,2,No Deposit,9.0,0,Transient,108.0,0,0
City Hotel,0,22,2017,February,6,9,0,3,2,0.0,0,BB,FRA,Offline TA/TO,TA/TO,0,0,0,A,D,0,No Deposit,28.0,0,Transient,75.0,0,0
City Hotel,0,105,2017,February,6,10,0,2,2,0.0,0,BB,FRA,Online TA,TA/TO,0,0,0,A,D,3,No Deposit,9.0,0,Transient,93.6,0,1
City Hotel,0,1,2017,February,6,9,0,3,2,0.0,0,SC,ESP,Online TA,TA/TO,0,0,0,A,A,0,No Deposit,9.0,0,Transient,88.0,1,2
City Hotel,0,19,2017,February,6,10,0,2,2,0.0,0,BB,BEL,Online TA,TA/TO,0,0,0,A,A,0,No Deposit,155.0,0,Transient,120.5,0,1
City Hotel,0,28,2017,February,6,8,0,4,2,0.0,0,BB,ESP,Online TA,TA/TO,0,0,0,A,A,0,No Deposit,9.0,0,Transient,100.8,0,1
City Hotel,0,14,2017,February,6,8,0,4,2,0.0,0,BB,ALB,Online TA,TA/TO,0,0,0,A,A,0,No Deposit,9.0,0,Transient,91.8,0,1
City Hotel,0,26,2017,February,6,6,1,5,2,0.0,0,BB,FRA,Direct,Direct,0,0,0,A,A,0,No Deposit,14.0,0,Transient,77.0,0,0
City Hotel,0,31,2017,February,6,10,0,2,2,0.0,0,SC,GBR,Online TA,TA/TO,0,0,0,A,A,0,No Deposit,9.0,0,Transient,88.0,0,2
City Hotel,0,28,2017,February,6,8,0,4,2,0.0,0,BB,BEL,Online TA,TA/TO,0,0,0,A,A,0,No Deposit,9.0,0,Transient,91.8,0,1
City Hotel,0,16,2017,February,6,11,0,1,2,0.0,0,SC,PRT,Online TA,TA/TO,0,0,0,A,A,0,No Deposit,9.0,0,Transient,88.0,0,1
City Hotel,0,1,2017,February,6,10,0,2,2,0.0,0,SC,PRT,Online TA,TA/TO,0,0,0,A,A,0,No Deposit,9.0,0,Transient,88.0,0,0
City Hotel,0,3,2017,February,6,10,0,2,2,0.0,0,SC,GBR,Online TA,TA/TO,0,0,0,A,D,0,No Deposit,9.0,0,Transient,88.0,0,3
City Hotel,0,91,2017,February,6,10,0,2,2,0.0,0,BB,POL,Online TA,TA/TO,0,0,0,A,A,0,No Deposit,9.0,0,Transient,93.6,0,2
City Hotel,0,33,2017,February,6,11,0,1,2,0.0,0,SC,BRA,Online TA,TA/TO,0,0,0,A,A,0,No Deposit,9.0,0,Transient,80.0,0,1
City Hotel,0,98,2017,February,6,9,0,3,2,0.0,0,SC,GBR,Online TA,TA/TO,0,0,0,A,A,0,No Deposit,9.0,0,Transient,79.2,0,2
City Hotel,0,4,2017,February,6,11,0,1,2,0.0,0,HB,SWE,Direct,Direct,0,0,0,E,E,0,No Deposit,14.0,0,Transient,183.0,0,1
City Hotel,0,9,2017,February,6,8,0,4,2,0.0,0,BB,FRA,Direct,Direct,0,0,0,B,A,1,No Deposit,14.0,0,Transient,91.1,0,0
City Hotel,0,14,2017,February,6,8,0,4,2,0.0,0,BB,CHE,Online TA,TA/TO,0,0,0,A,A,0,No Deposit,9.0,0,Transient,91.8,0,0
City Hotel,0,0,2017,February,7,12,0,0,2,0.0,0,BB,PRT,Direct,Direct,1,0,0,A,A,1,No Deposit,,0,Transient,0.0,0,0
City Hotel,0,142,2017,February,6,10,1,2,2,0.0,0,BB,FRA,Offline TA/TO,TA/TO,0,0,0,A,D,1,No Deposit,28.0,0,Transient,75.0,0,0
City Hotel,0,75,2017,February,6,8,1,4,2,0.0,0,BB,FRA,Online TA,TA/TO,0,0,0,A,A,0,No Deposit,9.0,0,Transient,88.4,0,1
City Hotel,0,12,2017,February,6,9,1,3,2,0.0,0,SC,FRA,Online TA,TA/TO,0,0,0,A,A,0,No Deposit,7.0,0,Transient,57.6,0,1
City Hotel,0,3,2017,February,6,10,1,2,2,0.0,0,SC,FRA,Online TA,TA/TO,0,0,0,A,A,0,No Deposit,9.0,0,Transient,88.0,0,0
City Hotel,0,37,2017,February,6,5,3,5,2,0.0,0,SC,GBR,Online TA,TA/TO,0,0,0,A,A,0,No Deposit,9.0,0,Transient,74.8,0,0
City Hotel,0,34,2017,February,6,9,1,3,2,0.0,0,BB,GBR,Direct,Direct,0,0,0,A,A,0,No Deposit,14.0,0,Transient,70.0,0,0
City Hotel,0,17,2017,February,6,10,1,2,2,0.0,0,SC,ESP,Online TA,TA/TO,0,0,0,A,A,0,No Deposit,9.0,0,Transient,97.0,1,0
City Hotel,0,58,2017,February,6,9,1,3,2,0.0,0,BB,FRA,Direct,Direct,0,0,0,A,A,0,No Deposit,14.0,0,Transient,79.2,0,1
City Hotel,0,12,2017,February,6,11,1,1,2,0.0,0,BB,USA,Online TA,TA/TO,0,0,0,A,A,0,No Deposit,9.0,0,Transient,108.0,0,2
City Hotel,0,10,2017,February,6,10,1,2,2,0.0,0,SC,FRA,Online TA,TA/TO,0,0,0,A,A,0,No Deposit,9.0,0,Transient,88.0,0,0
City Hotel,0,34,2017,February,7,12,1,0,2,0.0,0,SC,GBR,Online TA,TA/TO,0,0,0,A,A,0,No Deposit,9.0,0,Transient,80.0,0,1
City Hotel,0,67,2017,February,6,11,1,1,2,0.0,0,BB,FRA,Online TA,TA/TO,0,0,0,D,D,0,No Deposit,9.0,0,Transient,102.6,0,0
City Hotel,0,14,2017,February,6,10,1,2,2,0.0,0,SC,POL,Online TA,TA/TO,0,0,0,A,A,0,No Deposit,9.0,0,Transient,88.0,0,2
City Hotel,0,20,2017,February,6,9,1,3,2,0.0,0,BB,NOR,Online TA,TA/TO,0,0,0,A,A,0,No Deposit,9.0,0,Transient,91.8,0,1
City Hotel,0,32,2017,February,6,8,1,4,2,0.0,0,SC,FRA,Online TA,TA/TO,0,0,0,A,A,0,No Deposit,9.0,0,Transient,68.0,0,0
City Hotel,0,23,2017,February,6,10,1,2,2,0.0,0,SC,PRT,Online TA,TA/TO,0,0,0,A,A,0,No Deposit,7.0,0,Transient,51.5,0,0
City Hotel,0,1,2017,February,6,11,1,1,2,0.0,0,BB,FRA,Online TA,TA/TO,0,0,0,D,D,0,No Deposit,7.0,0,Transient,94.36,0,0
City Hotel,0,33,2017,February,6,10,1,2,2,0.0,0,BB,FRA,Online TA,TA/TO,0,0,0,E,E,0,No Deposit,9.0,0,Transient,128.0,0,2
City Hotel,0,116,2017,February,6,10,1,2,2,0.0,0,SC,FRA,Online TA,TA/TO,0,0,0,A,A,0,No Deposit,7.0,0,Transient,60.98,0,1
City Hotel,0,11,2017,February,6,9,1,3,2,0.0,0,SC,CHE,Online TA,TA/TO,0,0,0,A,D,0,No Deposit,9.0,0,Transient,83.8,1,0
City Hotel,0,59,2017,February,6,9,1,3,2,0.0,0,BB,FRA,Direct,Direct,0,0,0,A,A,0,No Deposit,14.0,0,Transient,79.2,0,1
City Hotel,0,25,2017,February,6,11,1,1,2,0.0,0,BB,FRA,Offline TA/TO,TA/TO,0,0,0,A,D,0,No Deposit,28.0,0,Transient,75.0,0,0
City Hotel,0,59,2017,February,6,9,1,3,2,0.0,0,BB,PRT,Direct,Direct,0,0,0,A,A,0,No Deposit,14.0,0,Transient,79.2,0,1
City Hotel,0,58,2017,February,6,9,1,3,2,0.0,0,BB,FRA,Direct,Direct,0,0,0,A,A,0,No Deposit,14.0,0,Transient,79.2,0,1
City Hotel,0,33,2017,February,6,9,1,3,2,0.0,0,BB,GBR,Online TA,TA/TO,0,0,0,A,A,0,No Deposit,7.0,0,Transient,60.94,0,1
City Hotel,0,98,2017,February,6,10,1,2,2,0.0,0,BB,GBR,Direct,Direct,0,0,0,A,A,0,No Deposit,14.0,0,Transient,77.0,0,3
City Hotel,0,98,2017,February,6,10,1,2,2,0.0,0,BB,GBR,Direct,Direct,0,0,0,A,A,0,No Deposit,14.0,0,Transient,77.0,0,3
City Hotel,0,10,2017,February,6,9,1,3,2,0.0,0,SC,DEU,Online TA,TA/TO,0,0,0,A,A,0,No Deposit,9.0,0,Transient,74.8,0,1
City Hotel,0,25,2017,February,6,11,1,1,2,0.0,0,BB,FRA,Offline TA/TO,TA/TO,0,0,0,A,D,0,No Deposit,28.0,0,Transient,75.0,0,0
City Hotel,0,9,2017,February,6,10,1,2,2,0.0,0,HB,DEU,Online TA,TA/TO,0,0,0,A,A,0,No Deposit,7.0,0,Transient,112.42,0,1
City Hotel,0,79,2017,February,6,10,1,2,2,0.0,0,SC,IRL,Online TA,TA/TO,0,0,0,A,A,0,No Deposit,9.0,0,Transient,79.2,0,3
City Hotel,0,7,2017,February,6,10,2,2,2,0.0,0,BB,FRA,Online TA,TA/TO,0,0,0,A,D,1,No Deposit,9.0,0,Transient,91.8,0,0
City Hotel,0,46,2017,February,6,11,2,1,2,0.0,0,BB,FRA,Direct,Direct,0,0,0,A,A,0,No Deposit,14.0,0,Transient,79.2,0,1
City Hotel,0,25,2017,February,6,9,2,3,2,0.0,0,BB,CHE,Online TA,TA/TO,0,0,0,A,A,0,No Deposit,9.0,0,Transient,91.8,0,2
City Hotel,0,26,2017,February,6,11,2,1,2,0.0,0,BB,FRA,Offline TA/TO,TA/TO,0,0,0,A,D,0,No Deposit,28.0,0,Transient,75.0,0,0
City Hotel,0,22,2017,February,7,13,1,0,2,0.0,0,SC,USA,Direct,Direct,0,0,0,A,A,0,No Deposit,14.0,0,Transient,88.0,0,0
City Hotel,0,13,2017,February,7,12,2,0,2,0.0,0,SC,BRA,Online TA,TA/TO,0,0,0,A,A,0,No Deposit,7.0,0,Transient,76.76,0,0
City Hotel,0,14,2017,February,7,13,1,0,2,0.0,0,BB,KOR,Direct,Direct,0,0,0,A,A,1,No Deposit,14.0,0,Transient,98.0,0,1
City Hotel,0,4,2017,February,6,9,2,3,2,0.0,0,SC,CHN,Online TA,TA/TO,0,0,0,A,A,0,No Deposit,9.0,0,Transient,74.8,0,3
City Hotel,0,11,2017,February,6,10,2,2,2,0.0,0,SC,FRA,Online TA,TA/TO,0,0,0,A,A,0,No Deposit,7.0,0,Transient,54.71,0,0
City Hotel,0,141,2017,February,6,10,2,2,2,0.0,0,BB,FRA,Offline TA/TO,TA/TO,0,0,0,A,D,0,No Deposit,28.0,0,Transient,75.0,0,1
City Hotel,0,24,2017,February,6,11,2,1,2,0.0,0,BB,FRA,Offline TA/TO,TA/TO,0,0,0,A,D,0,No Deposit,28.0,0,Transient,75.0,0,0
City Hotel,0,41,2017,February,6,10,2,2,2,0.0,0,BB,ITA,Online TA,TA/TO,0,0,0,A,A,0,No Deposit,9.0,0,Transient,90.1,0,0
City Hotel,0,8,2017,February,6,9,2,3,2,0.0,0,BB,ESP,Online TA,TA/TO,0,0,0,A,A,1,No Deposit,9.0,0,Transient,100.8,0,1
City Hotel,0,12,2017,February,7,12,2,0,2,0.0,0,BB,BEL,Online TA,TA/TO,0,0,0,A,A,0,No Deposit,9.0,0,Transient,108.0,0,1
City Hotel,0,26,2017,February,6,11,2,1,2,0.0,0,BB,CZE,Offline TA/TO,TA/TO,0,0,0,A,D,0,No Deposit,28.0,0,Transient,75.0,0,0
City Hotel,0,26,2017,February,6,11,2,1,2,0.0,0,BB,ESP,Offline TA/TO,TA/TO,0,0,0,A,D,0,No Deposit,28.0,0,Transient,75.0,0,0
City Hotel,0,16,2017,February,6,10,2,2,2,0.0,0,BB,FRA,Offline TA/TO,TA/TO,0,0,0,A,D,0,No Deposit,28.0,0,Transient,75.0,0,0
City Hotel,0,6,2017,February,7,13,1,0,2,0.0,0,HB,PRT,Direct,Direct,0,0,0,A,A,0,No Deposit,14.0,0,Transient,143.0,0,1
City Hotel,0,6,2017,February,7,13,1,0,2,0.0,0,HB,PRT,Direct,Direct,0,0,0,A,A,0,No Deposit,14.0,0,Transient,143.0,0,1
City Hotel,0,77,2017,February,6,10,2,2,2,0.0,0,BB,GBR,Online TA,TA/TO,0,0,0,D,D,0,No Deposit,86.0,0,Transient,77.52,0,0
City Hotel,0,22,2017,February,6,9,2,3,2,0.0,0,BB,ESP,Online TA,TA/TO,0,0,0,A,A,0,No Deposit,7.0,0,Transient,66.53,0,1
City Hotel,0,43,2017,February,6,10,2,2,2,0.0,0,BB,GBR,Online TA,TA/TO,0,0,0,D,D,0,No Deposit,7.0,0,Transient,72.12,0,1
City Hotel,0,6,2017,February,7,13,1,0,2,0.0,0,HB,PRT,Online TA,TA/TO,0,0,0,A,A,0,No Deposit,9.0,0,Transient,146.0,0,0
City Hotel,0,8,2017,February,6,10,2,2,2,0.0,0,SC,GBR,Online TA,TA/TO,0,0,0,A,A,0,No Deposit,7.0,0,Transient,54.71,0,1
City Hotel,0,10,2017,February,6,10,2,2,2,0.0,0,SC,GBR,Online TA,TA/TO,0,0,0,A,A,0,No Deposit,9.0,0,Transient,74.8,0,2
City Hotel,0,12,2017,February,7,13,1,0,2,0.0,0,HB,PRT,Direct,Direct,0,0,0,D,D,1,No Deposit,14.0,0,Transient,163.0,1,1
City Hotel,0,18,2017,February,6,10,2,2,2,0.0,0,BB,FRA,Online TA,TA/TO,0,0,0,A,A,0,No Deposit,9.0,0,Transient,91.8,0,0
City Hotel,0,17,2017,February,6,10,2,2,2,0.0,0,SC,IRL,Online TA,TA/TO,0,0,0,A,D,0,No Deposit,9.0,0,Transient,74.8,0,2
City Hotel,0,4,2017,February,6,8,2,4,2,0.0,0,BB,BRA,Online TA,TA/TO,0,0,0,A,A,0,No Deposit,7.0,0,Transient,68.65,0,1
City Hotel,0,9,2017,February,6,10,2,2,2,0.0,0,BB,ESP,Online TA,TA/TO,0,0,0,A,A,0,No Deposit,9.0,0,Transient,100.8,0,0
City Hotel,0,17,2017,February,6,11,2,2,2,0.0,0,BB,FRA,Offline TA/TO,TA/TO,0,0,0,A,D,0,No Deposit,28.0,0,Transient,75.0,0,0
City Hotel,0,6,2017,February,7,13,1,1,2,0.0,0,BB,GBR,Direct,Direct,0,0,0,A,A,1,No Deposit,14.0,0,Transient,98.0,0,0
City Hotel,0,6,2017,February,7,13,1,1,2,0.0,0,BB,GBR,Direct,Direct,0,0,0,A,A,1,No Deposit,14.0,0,Transient,98.0,0,0
City Hotel,0,16,2017,February,7,12,2,1,2,0.0,0,SC,FRA,Online TA,TA/TO,0,0,0,A,A,0,No Deposit,7.0,0,Transient,64.37,0,1
City Hotel,0,2,2017,February,6,8,2,5,2,0.0,0,SC,GBR,Online TA,TA/TO,0,0,0,A,A,0,No Deposit,7.0,0,Transient,57.6,0,1
City Hotel,0,40,2017,February,6,11,2,2,2,0.0,0,HB,GBR,Online TA,TA/TO,0,0,0,A,A,0,No Deposit,9.0,0,Transient,131.4,1,2
City Hotel,0,23,2017,February,7,12,2,1,2,0.0,0,BB,GBR,Online TA,TA/TO,0,0,0,A,A,0,No Deposit,9.0,0,Transient,108.0,0,2
City Hotel,0,0,2017,February,7,14,0,1,2,0.0,0,SC,PRT,Online TA,TA/TO,0,0,0,A,A,0,No Deposit,9.0,0,Transient,99.0,0,0
City Hotel,0,61,2017,February,7,12,2,1,2,0.0,0,BB,DEU,Online TA,TA/TO,0,0,0,A,A,0,No Deposit,9.0,0,Transient,95.4,0,1
City Hotel,0,8,2017,February,7,14,0,1,2,0.0,0,BB,CHE,Direct,Direct,0,0,0,A,A,0,No Deposit,14.0,0,Transient,79.2,0,0
City Hotel,0,19,2017,February,7,13,1,1,2,0.0,0,BB,ESP,Offline TA/TO,TA/TO,0,0,0,A,D,0,No Deposit,28.0,0,Transient,75.0,0,0
City Hotel,0,27,2017,February,7,12,2,1,2,0.0,0,BB,FRA,Offline TA/TO,TA/TO,0,0,0,A,D,0,No Deposit,28.0,0,Transient,75.0,0,0
City Hotel,0,7,2017,February,7,13,1,1,2,0.0,0,BB,CHE,Online TA,TA/TO,0,0,0,A,A,0,No Deposit,9.0,0,Transient,88.0,0,1
City Hotel,0,20,2017,February,7,13,1,1,2,0.0,0,SC,PRT,Online TA,TA/TO,0,0,0,A,A,0,No Deposit,9.0,0,Transient,88.0,0,0
City Hotel,0,16,2017,February,6,10,2,3,2,0.0,0,SC,GBR,Online TA,TA/TO,0,0,0,A,A,0,No Deposit,9.0,0,Transient,74.8,0,1
City Hotel,0,96,2017,February,6,11,2,2,2,0.0,0,BB,GBR,Online TA,TA/TO,0,0,0,D,D,0,No Deposit,9.0,0,Transient,102.6,0,3
City Hotel,0,36,2017,February,7,12,2,1,2,0.0,0,SC,GBR,Online TA,TA/TO,0,0,0,A,A,0,No Deposit,89.0,0,Transient,60.8,0,0
City Hotel,0,0,2017,February,7,14,0,1,2,0.0,0,HB,PRT,Direct,Direct,0,0,0,A,D,0,No Deposit,,0,Transient,154.0,0,2
City Hotel,0,5,2017,February,7,12,2,1,2,0.0,0,SC,GBR,Online TA,TA/TO,0,0,0,A,A,0,No Deposit,9.0,0,Transient,88.0,0,2
City Hotel,0,5,2017,February,7,12,2,1,2,0.0,0,SC,GBR,Online TA,TA/TO,0,0,0,A,A,0,No Deposit,9.0,0,Transient,88.0,0,3
City Hotel,0,0,2017,February,7,14,0,1,2,0.0,0,HB,PRT,Direct,Direct,0,0,0,A,D,1,No Deposit,14.0,0,Transient,154.0,1,2
City Hotel,0,18,2017,February,7,14,0,1,2,0.0,0,BB,PRT,Corporate,Corporate,0,0,0,A,A,0,No Deposit,,0,Transient,75.0,0,0
City Hotel,0,5,2017,May,18,2,0,1,2,0.0,0,BB,PRT,Corporate,Corporate,1,0,1,A,A,0,No Deposit,,0,Transient,77.0,1,1
City Hotel,0,14,2017,June,23,7,0,2,2,0.0,0,BB,PRT,Corporate,Corporate,1,0,2,A,A,1,No Deposit,,0,Transient,77.0,0,1
City Hotel,0,21,2017,August,33,16,0,1,2,0.0,0,BB,PRT,Corporate,Corporate,1,0,3,A,A,1,No Deposit,,0,Group,75.0,0,1
City Hotel,0,0,2017,February,7,14,0,1,2,0.0,0,BB,PRT,Online TA,TA/TO,0,0,0,A,A,0,No Deposit,9.0,0,Transient,128.0,0,2
City Hotel,0,36,2017,February,7,14,0,1,2,0.0,0,BB,PRT,Online TA,TA/TO,0,0,0,A,A,1,No Deposit,9.0,0,Transient,100.0,0,1
City Hotel,0,12,2017,February,6,9,2,4,2,0.0,0,BB,ITA,Online TA,TA/TO,0,0,0,A,A,0,No Deposit,9.0,0,Transient,91.8,0,1
City Hotel,0,48,2017,February,7,13,1,1,2,0.0,0,BB,ITA,Online TA,TA/TO,0,0,0,A,A,0,No Deposit,9.0,0,Transient,95.4,0,2
City Hotel,0,82,2017,February,7,12,2,1,2,0.0,0,BB,FRA,Online TA,TA/TO,0,0,0,A,A,0,No Deposit,7.0,0,Transient,68.47,0,0
City Hotel,0,82,2017,February,7,12,2,1,2,0.0,0,BB,FRA,Online TA,TA/TO,0,0,0,A,A,0,No Deposit,7.0,0,Transient,68.47,0,0
City Hotel,0,82,2017,February,7,12,2,1,2,0.0,0,BB,FRA,Online TA,TA/TO,0,0,0,A,A,0,No Deposit,7.0,0,Transient,68.47,0,1
City Hotel,0,15,2017,February,6,9,2,4,2,0.0,0,BB,PRT,Offline TA/TO,TA/TO,0,0,0,A,D,0,No Deposit,28.0,0,Transient,75.0,0,0
City Hotel,0,39,2017,February,7,12,2,1,2,0.0,0,HB,FRA,Direct,Direct,0,0,0,A,A,0,No Deposit,14.0,0,Transient,156.0,0,1
City Hotel,0,109,2017,February,7,12,2,1,2,0.0,0,BB,DEU,Direct,Direct,0,0,0,A,A,1,No Deposit,14.0,0,Transient,79.2,0,0
City Hotel,0,109,2017,February,7,12,2,1,2,0.0,0,BB,DEU,Direct,Direct,0,0,0,A,A,1,No Deposit,14.0,0,Transient,79.2,0,0
City Hotel,0,20,2017,February,7,13,1,1,2,0.0,0,SC,DEU,Online TA,TA/TO,0,0,0,A,A,0,No Deposit,9.0,0,Transient,88.0,0,0
City Hotel,0,7,2017,February,7,14,0,1,2,0.0,0,HB,PRT,Direct,Direct,0,0,0,A,D,1,No Deposit,,0,Transient,163.0,1,1
City Hotel,0,26,2017,February,7,14,0,1,2,0.0,0,BB,PRT,Online TA,TA/TO,0,0,0,A,A,0,No Deposit,9.0,0,Transient,108.0,0,1
City Hotel,0,12,2017,February,7,12,2,1,2,0.0,0,SC,GBR,Online TA,TA/TO,0,0,0,A,A,0,No Deposit,7.0,0,Transient,67.76,0,1
City Hotel,0,55,2017,February,7,12,2,1,2,0.0,0,SC,FRA,Online TA,TA/TO,0,0,0,A,A,0,No Deposit,9.0,0,Transient,79.2,0,2
City Hotel,0,67,2017,February,7,12,2,1,2,0.0,0,BB,DEU,Offline TA/TO,TA/TO,0,0,0,A,A,0,No Deposit,27.0,0,Transient,72.0,0,0
City Hotel,0,1,2017,February,7,14,0,1,2,0.0,0,BB,PRT,Direct,Direct,0,0,0,A,A,0,No Deposit,,0,Transient,98.0,0,1
City Hotel,0,145,2017,February,7,12,2,1,2,0.0,0,BB,FRA,Offline TA/TO,TA/TO,0,0,0,A,D,0,No Deposit,28.0,0,Transient,75.0,0,0
City Hotel,0,145,2017,February,7,12,2,1,2,0.0,0,BB,FRA,Offline TA/TO,TA/TO,0,0,0,A,D,0,No Deposit,28.0,0,Transient,75.0,0,0
City Hotel,0,20,2017,February,7,14,0,1,2,0.0,0,SC,PRT,Online TA,TA/TO,0,0,0,A,A,0,No Deposit,9.0,0,Transient,88.0,0,2
City Hotel,0,20,2017,February,7,13,1,1,2,0.0,0,BB,DEU,Online TA,TA/TO,0,0,0,A,A,0,No Deposit,8.0,0,Transient,108.0,0,0
City Hotel,0,3,2017,February,7,14,0,1,2,0.0,0,BB,CPV,Direct,Direct,0,0,0,A,D,0,No Deposit,,0,Transient,98.0,0,1
City Hotel,0,152,2017,February,7,13,1,1,2,0.0,0,BB,FRA,Offline TA/TO,TA/TO,0,0,0,A,D,0,No Deposit,28.0,0,Transient,75.0,0,0
City Hotel,0,73,2017,February,7,12,2,1,2,0.0,0,BB,FRA,Offline TA/TO,TA/TO,0,0,0,A,A,0,No Deposit,85.0,0,Transient,72.0,0,0
City Hotel,0,4,2017,February,7,14,0,1,2,0.0,0,SC,AUS,Online TA,TA/TO,0,0,0,A,A,0,No Deposit,9.0,0,Transient,99.0,0,2
City Hotel,0,1,2017,February,7,15,0,1,2,0.0,0,SC,AUS,Direct,TA/TO,0,0,0,D,D,0,No Deposit,,0,Group,100.0,0,2
City Hotel,0,47,2017,February,7,13,1,1,2,0.0,0,BB,DEU,Direct,Direct,0,0,0,A,A,0,No Deposit,14.0,0,Transient,79.2,0,0
City Hotel,0,35,2017,February,6,11,2,2,2,0.0,0,BB,DEU,Online TA,TA/TO,0,0,0,A,A,0,No Deposit,9.0,0,Transient,83.3,0,1
City Hotel,0,58,2017,February,7,14,0,1,2,0.0,0,BB,FRA,Online TA,TA/TO,0,0,0,A,A,0,No Deposit,9.0,0,Transient,95.4,0,1
City Hotel,0,45,2017,February,7,12,2,1,2,0.0,0,BB,GBR,Online TA,TA/TO,0,0,0,A,A,0,No Deposit,7.0,0,Transient,73.46,0,1
City Hotel,0,10,2017,February,7,12,2,1,2,0.0,0,BB,IND,Online TA,TA/TO,0,0,0,A,A,0,No Deposit,9.0,0,Transient,108.0,0,1
City Hotel,0,8,2017,February,7,14,0,1,2,0.0,0,BB,CHE,Direct,Direct,0,0,0,A,A,0,No Deposit,14.0,0,Transient,79.2,0,0
City Hotel,0,0,2017,February,7,14,0,1,2,0.0,0,SC,PRT,Online TA,TA/TO,0,0,0,A,A,0,No Deposit,9.0,0,Transient,89.1,0,1
City Hotel,0,2,2017,February,7,13,1,1,2,0.0,0,BB,HUN,Complementary,Direct,0,0,0,D,D,0,No Deposit,,0,Transient,0.0,0,1
City Hotel,0,15,2017,February,7,14,0,1,2,0.0,0,BB,PRT,Offline TA/TO,TA/TO,0,0,0,A,A,0,No Deposit,42.0,0,Transient,80.0,0,0
City Hotel,0,0,2017,February,7,14,0,1,2,0.0,0,SC,PRT,Online TA,TA/TO,0,0,0,A,K,0,No Deposit,9.0,0,Transient,108.0,1,1
City Hotel,0,11,2017,February,7,12,2,1,2,0.0,0,BB,LUX,Direct,Direct,0,0,0,A,A,0,No Deposit,14.0,0,Transient,77.0,0,0
City Hotel,0,4,2017,February,7,14,0,1,2,0.0,0,BB,PRT,Online TA,TA/TO,0,0,0,A,D,1,No Deposit,9.0,0,Transient,119.0,0,0
City Hotel,0,120,2017,February,6,10,2,3,2,0.0,0,HB,GBR,Online TA,TA/TO,0,0,0,D,D,0,No Deposit,7.0,0,Transient,108.49,0,3
City Hotel,0,5,2017,February,7,14,0,1,2,0.0,0,SC,PRT,Online TA,TA/TO,0,0,0,A,A,0,No Deposit,9.0,0,Transient,88.0,0,2
City Hotel,0,11,2017,February,7,13,1,1,2,0.0,0,SC,RUS,Online TA,TA/TO,0,0,0,A,A,0,No Deposit,9.0,0,Transient,88.0,0,2
City Hotel,0,9,2017,February,7,12,2,1,2,0.0,0,BB,BRA,Online TA,TA/TO,0,0,0,A,K,0,No Deposit,7.0,0,Transient,83.16,0,0
City Hotel,0,16,2017,February,7,13,1,1,2,0.0,0,BB,CHE,Online TA,TA/TO,0,0,0,A,A,0,No Deposit,9.0,0,Transient,108.0,0,2
City Hotel,0,1,2017,February,7,14,0,1,2,0.0,0,BB,PRT,Direct,Direct,0,0,0,A,D,1,No Deposit,,0,Transient,98.0,0,2
City Hotel,0,11,2017,February,6,11,2,3,2,0.0,0,SC,HRV,Online TA,TA/TO,0,0,0,A,A,0,No Deposit,9.0,0,Transient,74.8,0,1
City Hotel,0,35,2017,February,7,13,1,2,2,0.0,0,HB,FRA,Online TA,TA/TO,0,0,0,D,D,0,No Deposit,9.0,0,Transient,148.67,0,0
City Hotel,0,60,2017,February,6,11,2,3,2,0.0,0,BB,BRA,Online TA,TA/TO,0,0,0,A,A,2,No Deposit,9.0,0,Transient,97.28,0,1
City Hotel,0,16,2017,February,7,12,2,2,2,0.0,0,HB,FRA,Online TA,TA/TO,0,0,0,A,A,0,No Deposit,9.0,0,Transient,124.1,0,2
City Hotel,0,0,2017,February,7,15,0,1,2,0.0,0,SC,BRA,Direct,Direct,0,0,0,A,A,1,No Deposit,,0,Transient,79.0,0,0
City Hotel,0,6,2017,February,7,15,0,1,2,0.0,0,SC,PRT,Offline TA/TO,TA/TO,0,0,0,A,E,0,No Deposit,85.0,0,Transient,70.0,0,0
City Hotel,0,52,2017,February,6,9,2,5,2,0.0,0,SC,CHE,Online TA,TA/TO,0,0,0,A,A,0,No Deposit,8.0,0,Transient,74.8,0,1
City Hotel,0,146,2017,February,7,12,2,2,2,0.0,0,BB,GBR,Online TA,TA/TO,0,0,0,A,A,0,No Deposit,9.0,0,Transient,88.4,0,2
City Hotel,0,15,2017,February,7,13,1,2,2,0.0,0,HB,NGA,Online TA,TA/TO,0,0,0,D,D,1,No Deposit,83.0,0,Transient,126.4,0,0
City Hotel,0,28,2017,February,7,13,1,2,2,0.0,0,BB,FRA,Offline TA/TO,TA/TO,0,0,0,A,D,0,No Deposit,28.0,0,Transient,75.0,0,0
City Hotel,0,45,2017,February,7,13,1,2,2,0.0,0,SC,GBR,Online TA,TA/TO,0,0,0,A,A,0,No Deposit,9.0,0,Transient,79.2,0,0
City Hotel,0,14,2017,February,6,9,2,5,2,0.0,0,SC,TGO,Offline TA/TO,TA/TO,0,0,0,A,A,0,No Deposit,168.0,0,Transient,59.5,0,0
City Hotel,0,22,2017,February,7,12,2,2,2,0.0,0,BB,GBR,Online TA,TA/TO,0,0,0,A,A,0,No Deposit,9.0,0,Transient,91.8,0,1
City Hotel,0,41,2017,February,7,14,0,2,2,0.0,0,SC,DEU,Online TA,TA/TO,0,0,0,A,A,0,No Deposit,9.0,0,Transient,88.0,0,0
City Hotel,0,76,2017,February,7,12,2,2,2,0.0,0,BB,FRA,Online TA,TA/TO,0,0,0,A,A,0,No Deposit,9.0,0,Transient,88.4,0,1
City Hotel,0,47,2017,February,7,12,2,2,2,0.0,0,BB,FRA,Online TA,TA/TO,0,0,0,A,A,0,No Deposit,9.0,0,Transient,90.1,0,1
City Hotel,0,1,2017,February,7,15,0,1,2,0.0,0,SC,ESP,Direct,Direct,0,0,0,A,A,0,No Deposit,,0,Transient,108.0,1,1
City Hotel,0,68,2017,February,7,13,1,2,2,0.0,0,SC,FRA,Online TA,TA/TO,0,0,0,A,A,0,No Deposit,9.0,0,Transient-Party,79.2,0,2
City Hotel,0,7,2017,February,7,15,0,1,2,0.0,0,BB,ESP,Direct,Direct,0,0,0,D,D,0,No Deposit,,0,Transient,123.0,0,1
City Hotel,0,27,2017,February,7,13,1,2,2,0.0,0,BB,FRA,Offline TA/TO,TA/TO,0,0,0,A,D,0,No Deposit,28.0,0,Transient,75.0,0,3
City Hotel,0,17,2017,February,7,13,1,2,2,0.0,0,BB,DEU,Online TA,TA/TO,0,0,0,A,A,0,No Deposit,9.0,0,Transient,108.0,0,1
City Hotel,0,36,2017,February,7,12,2,2,2,0.0,0,SC,DEU,Online TA,TA/TO,0,0,0,A,A,0,No Deposit,7.0,0,Transient,50.98,0,1
City Hotel,0,6,2017,February,6,9,2,5,2,0.0,0,BB,FRA,Online TA,TA/TO,0,0,0,A,A,0,No Deposit,9.0,0,Transient,91.8,0,1
City Hotel,0,98,2017,February,7,13,1,2,2,0.0,0,SC,ITA,Online TA,TA/TO,0,0,0,A,A,0,No Deposit,9.0,0,Transient,79.2,0,1
City Hotel,0,41,2017,February,7,12,2,2,2,0.0,0,SC,AUT,Online TA,TA/TO,0,0,0,A,A,0,No Deposit,9.0,0,Transient,74.8,0,1
City Hotel,0,25,2017,February,6,11,2,3,2,0.0,0,BB,DEU,Offline TA/TO,TA/TO,0,0,0,A,A,0,No Deposit,22.0,0,Transient,68.0,0,0
City Hotel,0,12,2017,February,7,12,2,2,2,0.0,0,SC,GBR,Online TA,TA/TO,0,0,0,A,A,0,No Deposit,7.0,0,Transient,54.71,0,1
City Hotel,0,45,2017,February,7,12,2,2,2,0.0,0,BB,DNK,Online TA,TA/TO,0,0,0,A,A,0,No Deposit,9.0,0,Transient,90.1,0,0
City Hotel,0,10,2017,February,7,12,2,2,2,0.0,0,BB,BRA,Online TA,TA/TO,0,0,0,A,A,0,No Deposit,9.0,0,Transient,91.8,0,0
City Hotel,0,27,2017,February,7,13,1,2,2,0.0,0,BB,FRA,Offline TA/TO,TA/TO,0,0,0,A,D,0,No Deposit,28.0,0,Transient,75.0,0,3
City Hotel,0,53,2017,February,6,11,2,3,2,0.0,0,BB,JPN,Offline TA/TO,TA/TO,0,0,0,A,A,0,No Deposit,138.0,0,Transient,68.0,0,1
City Hotel,0,9,2017,February,7,14,0,2,2,0.0,0,SC,ITA,Online TA,TA/TO,0,0,0,A,A,0,No Deposit,9.0,0,Transient,93.0,0,0
City Hotel,0,245,2017,February,7,13,1,2,2,0.0,0,BB,GBR,Online TA,TA/TO,0,0,0,A,A,1,No Deposit,7.0,0,Transient,50.2,0,1
City Hotel,0,10,2017,February,7,12,2,2,2,0.0,0,BB,IRL,Online TA,TA/TO,0,0,0,A,A,0,No Deposit,9.0,0,Transient,91.8,0,2
City Hotel,0,35,2017,February,6,9,2,5,2,0.0,0,BB,FRA,Direct,Direct,0,0,0,A,A,0,No Deposit,14.0,0,Transient,71.0,0,0
City Hotel,0,28,2017,February,7,15,0,1,2,0.0,0,BB,BRA,Online TA,TA/TO,0,0,0,F,F,1,No Deposit,9.0,0,Transient,168.3,0,0
City Hotel,0,17,2017,February,7,13,1,3,2,0.0,0,SC,FRA,Online TA,TA/TO,0,0,0,A,A,0,No Deposit,9.0,0,Transient,74.8,0,0
City Hotel,0,17,2017,February,7,13,1,3,2,0.0,0,SC,FRA,Online TA,TA/TO,0,0,0,A,A,0,No Deposit,9.0,0,Transient,74.8,0,0
City Hotel,0,147,2017,February,7,13,1,3,2,0.0,0,BB,FRA,Offline TA/TO,TA/TO,0,0,0,A,D,0,No Deposit,28.0,0,Transient,75.0,0,0
City Hotel,0,40,2017,February,7,12,2,3,2,0.0,0,SC,GBR,Online TA,TA/TO,0,0,0,A,A,0,No Deposit,9.0,0,Transient,74.8,0,0
City Hotel,0,40,2017,February,7,12,2,3,2,0.0,0,SC,CN,Online TA,TA/TO,0,0,0,A,A,0,No Deposit,9.0,0,Transient,74.8,0,0
City Hotel,0,15,2017,February,7,13,1,3,2,0.0,0,BB,USA,Direct,Direct,0,0,0,G,G,3,No Deposit,14.0,0,Transient,223.0,0,1
City Hotel,0,29,2017,February,7,14,0,3,2,0.0,0,BB,GBR,Offline TA/TO,TA/TO,0,0,0,A,A,0,No Deposit,22.0,0,Transient,80.0,0,2
City Hotel,0,20,2017,February,7,14,0,3,2,0.0,0,BB,FRA,Offline TA/TO,TA/TO,0,0,0,A,A,0,No Deposit,28.0,0,Transient,75.0,0,0
City Hotel,0,30,2017,February,7,12,2,3,2,0.0,0,HB,FRA,Direct,Direct,0,0,0,D,D,4,No Deposit,14.0,0,Transient,127.59,0,1
City Hotel,0,23,2017,February,6,10,2,5,2,0.0,0,SC,DEU,Offline TA/TO,TA/TO,0,0,0,A,A,0,No Deposit,16.0,0,Transient,59.5,0,0
City Hotel,0,63,2017,February,7,17,0,0,2,0.0,0,BB,PRT,Online TA,TA/TO,0,0,0,D,K,0,No Deposit,9.0,0,Transient,0.0,0,1
City Hotel,0,28,2017,February,7,12,2,3,2,0.0,0,BB,AUT,Online TA,TA/TO,0,0,0,A,A,0,No Deposit,7.0,0,Transient,67.15,0,1
City Hotel,0,1,2017,February,7,16,0,1,2,0.0,0,BB,PRT,Online TA,TA/TO,0,0,0,A,A,0,No Deposit,86.0,0,Transient,95.2,0,0
City Hotel,0,1,2017,February,7,16,0,1,2,0.0,0,BB,PRT,Online TA,TA/TO,0,0,0,A,A,0,No Deposit,86.0,0,Transient,95.2,0,0
City Hotel,0,26,2017,February,6,11,2,4,2,0.0,0,SC,FRA,Online TA,TA/TO,0,0,0,A,A,0,No Deposit,9.0,0,Transient,74.8,1,0
City Hotel,0,39,2017,February,7,15,0,2,2,0.0,0,BB,BEL,Online TA,TA/TO,0,0,0,A,A,0,No Deposit,9.0,0,Transient,106.0,0,0
City Hotel,0,31,2017,February,6,10,2,5,2,0.0,0,BB,FRA,Online TA,TA/TO,0,0,0,A,A,0,No Deposit,8.0,0,Transient,90.1,0,1
City Hotel,0,38,2017,February,6,11,2,4,2,0.0,0,BB,DEU,Offline TA/TO,TA/TO,0,0,0,A,A,0,No Deposit,132.0,0,Transient,68.0,0,0
City Hotel,0,35,2017,February,7,12,2,3,2,0.0,0,BB,GBR,Online TA,TA/TO,0,0,0,A,A,2,No Deposit,9.0,0,Transient,91.3,0,1
City Hotel,0,19,2017,February,7,14,0,3,2,0.0,0,BB,PRT,Offline TA/TO,TA/TO,0,0,0,A,A,0,No Deposit,168.0,0,Transient,80.0,0,0
City Hotel,0,12,2017,February,7,15,0,2,2,0.0,0,BB,PRT,Direct,Direct,0,0,0,D,D,0,No Deposit,,0,Transient,75.0,0,1
City Hotel,0,30,2017,February,7,14,0,3,2,0.0,0,BB,BRA,Online TA,TA/TO,0,0,0,D,D,0,No Deposit,9.0,0,Transient,120.0,0,0
City Hotel,0,6,2017,February,7,16,0,1,2,0.0,0,SC,ESP,Online TA,TA/TO,0,0,0,A,A,0,No Deposit,9.0,0,Transient,108.0,0,1
City Hotel,0,1,2017,February,8,21,0,1,2,0.0,0,SC,ESP,Online TA,TA/TO,1,0,1,A,A,0,No Deposit,9.0,0,Group,88.0,0,1
City Hotel,0,11,2017,February,7,13,1,3,2,0.0,0,SC,ITA,Online TA,TA/TO,0,0,0,A,A,0,No Deposit,9.0,0,Transient,83.8,0,0
City Hotel,0,45,2017,February,7,14,0,3,2,0.0,0,BB,GBR,Online TA,TA/TO,0,0,0,A,A,0,No Deposit,9.0,0,Transient,95.4,0,0
City Hotel,0,0,2017,February,7,16,0,1,2,0.0,0,SC,PRT,Direct,Direct,0,0,0,A,D,2,No Deposit,,0,Transient,99.0,0,0
City Hotel,0,48,2017,February,7,14,0,3,2,0.0,0,BB,FRA,Online TA,TA/TO,0,0,0,A,A,2,No Deposit,9.0,0,Transient,98.93,0,0
City Hotel,0,16,2017,February,7,13,1,3,2,0.0,0,SC,GBR,Online TA,TA/TO,0,0,0,A,A,0,No Deposit,79.0,0,Transient,68.84,0,0
City Hotel,0,56,2017,February,7,12,2,4,2,0.0,0,BB,FRA,Online TA,TA/TO,0,0,0,A,A,0,No Deposit,9.0,0,Transient,90.1,0,2
City Hotel,0,56,2017,February,7,12,2,4,2,0.0,0,BB,FRA,Online TA,TA/TO,0,0,0,A,A,0,No Deposit,9.0,0,Transient,90.1,0,2
City Hotel,0,35,2017,February,6,9,2,7,2,0.0,0,HB,FRA,Online TA,TA/TO,0,0,0,A,A,0,No Deposit,9.0,0,Transient,117.87,0,0
City Hotel,0,14,2017,February,7,15,0,3,2,0.0,0,BB,GBR,Offline TA/TO,TA/TO,0,0,0,A,A,0,No Deposit,85.0,0,Transient,80.0,0,0
City Hotel,0,39,2017,February,7,13,1,4,2,0.0,0,BB,DNK,Direct,Direct,0,0,0,E,E,0,No Deposit,14.0,0,Transient,124.8,0,0
City Hotel,0,26,2017,February,7,12,2,4,2,0.0,0,BB,FRA,Online TA,TA/TO,0,0,0,D,D,0,No Deposit,9.0,0,Transient,100.3,0,1
City Hotel,0,28,2017,February,7,13,1,4,2,0.0,0,BB,FRA,Offline TA/TO,TA/TO,0,0,0,A,D,0,No Deposit,28.0,0,Transient,75.0,0,0
City Hotel,0,0,2017,February,7,17,0,1,2,0.0,0,SC,PRT,Online TA,TA/TO,0,0,0,A,A,0,No Deposit,9.0,0,Transient,99.0,0,1
City Hotel,0,2,2017,February,7,16,0,2,2,0.0,0,SC,PRT,Online TA,TA/TO,0,0,0,A,A,0,No Deposit,9.0,0,Transient,99.0,0,1
City Hotel,0,0,2017,February,7,16,0,2,2,0.0,0,BB,PRT,Direct,Direct,0,0,0,A,A,0,No Deposit,14.0,0,Transient,108.0,0,0
City Hotel,0,114,2017,February,6,9,2,7,2,0.0,0,BB,BRA,Direct,Direct,0,0,0,E,E,0,No Deposit,14.0,0,Transient,121.0,1,0
City Hotel,0,152,2017,February,7,13,1,4,2,0.0,0,SC,FRA,Online TA,TA/TO,0,0,0,A,A,0,No Deposit,7.0,0,Transient,54.71,0,2
City Hotel,0,5,2017,February,7,17,0,1,2,0.0,0,BB,GBR,Online TA,TA/TO,0,0,0,A,A,2,No Deposit,9.0,0,Transient,99.0,0,1
City Hotel,0,71,2017,February,6,11,2,5,2,0.0,0,BB,DEU,Online TA,TA/TO,0,0,0,D,D,0,No Deposit,9.0,0,Transient,96.9,0,2
City Hotel,0,152,2017,February,7,13,1,4,2,0.0,0,SC,FRA,Online TA,TA/TO,0,0,0,A,A,0,No Deposit,7.0,0,Transient,54.71,0,2
City Hotel,0,29,2017,February,7,13,1,4,2,0.0,0,BB,DEU,Online TA,TA/TO,0,0,0,A,A,0,No Deposit,7.0,0,Transient,67.15,0,1
City Hotel,0,18,2017,February,7,14,0,4,2,0.0,0,BB,BRA,Online TA,TA/TO,0,0,0,D,D,0,No Deposit,9.0,0,Transient,100.3,0,0
City Hotel,0,39,2017,February,7,14,0,4,2,0.0,0,BB,FRA,Online TA,TA/TO,0,0,0,A,A,0,No Deposit,7.0,0,Transient,64.67,0,1
City Hotel,0,67,2017,February,7,14,0,4,2,0.0,0,BB,IRL,Online TA,TA/TO,0,0,0,A,A,0,No Deposit,9.0,0,Transient,90.1,0,1
City Hotel,0,78,2017,February,6,11,2,5,2,0.0,0,SC,FRA,Online TA,TA/TO,0,0,0,A,A,0,No Deposit,9.0,0,Transient,74.8,0,0
City Hotel,0,18,2017,February,7,14,0,4,2,0.0,0,BB,BRA,Online TA,TA/TO,0,0,0,D,D,0,No Deposit,9.0,0,Transient,100.3,0,0
City Hotel,0,0,2017,February,7,17,0,1,2,0.0,0,BB,PRT,Direct,Direct,0,0,0,A,A,0,No Deposit,,0,Transient,12.0,0,0
City Hotel,0,0,2017,February,7,17,0,1,2,0.0,0,BB,PRT,Direct,Direct,0,0,0,A,A,0,No Deposit,,0,Transient,12.0,0,0
City Hotel,0,114,2017,February,7,15,0,4,2,0.0,0,BB,ESP,Groups,TA/TO,0,0,0,A,A,0,No Deposit,,0,Transient-Party,78.0,0,0
City Hotel,0,70,2017,February,7,15,0,4,2,0.0,0,BB,ESP,Groups,TA/TO,0,0,0,A,A,0,No Deposit,,0,Transient-Party,78.0,0,0
City Hotel,0,70,2017,February,7,15,0,4,2,0.0,0,BB,ESP,Groups,TA/TO,0,0,0,A,A,0,No Deposit,,0,Transient-Party,78.0,0,0
City Hotel,0,114,2017,February,7,15,0,4,2,0.0,0,BB,ESP,Groups,TA/TO,0,0,0,A,A,0,No Deposit,,0,Transient-Party,78.0,0,0
City Hotel,0,114,2017,February,7,15,0,4,2,0.0,0,BB,ESP,Groups,TA/TO,0,0,0,A,A,2,No Deposit,,0,Transient-Party,78.0,0,0
City Hotel,0,70,2017,February,7,15,0,4,2,0.0,0,BB,ESP,Groups,TA/TO,0,0,0,A,A,0,No Deposit,,0,Transient-Party,78.0,0,0
City Hotel,0,3,2017,February,7,17,0,2,2,0.0,0,SC,DEU,Online TA,TA/TO,0,0,0,A,A,0,No Deposit,9.0,0,Transient,99.0,0,1
City Hotel,0,70,2017,February,7,15,0,4,2,0.0,0,BB,ESP,Groups,TA/TO,0,0,0,A,D,0,No Deposit,,0,Transient-Party,78.0,0,0
City Hotel,0,42,2017,February,7,15,0,4,2,0.0,0,SC,ESP,Online TA,TA/TO,0,0,0,A,A,0,No Deposit,9.0,0,Transient,74.8,0,2
City Hotel,0,114,2017,February,7,15,0,4,2,0.0,0,BB,ESP,Groups,TA/TO,0,0,0,A,A,0,No Deposit,,0,Transient-Party,78.0,0,0
City Hotel,0,70,2017,February,7,15,0,4,2,0.0,0,BB,ESP,Groups,TA/TO,0,0,0,A,A,0,No Deposit,,0,Transient-Party,78.0,0,0
City Hotel,0,114,2017,February,7,15,0,4,2,0.0,0,BB,ESP,Groups,TA/TO,0,0,0,A,A,0,No Deposit,,0,Transient-Party,78.0,0,0
City Hotel,0,114,2017,February,7,15,0,4,2,0.0,0,BB,ESP,Groups,TA/TO,0,0,0,A,A,0,No Deposit,,0,Transient-Party,78.0,0,0
City Hotel,0,114,2017,February,7,15,0,4,2,0.0,0,BB,ESP,Groups,TA/TO,0,0,0,A,A,0,No Deposit,,0,Transient-Party,78.0,0,0
City Hotel,0,70,2017,February,7,15,0,4,2,0.0,0,BB,ESP,Groups,TA/TO,0,0,0,A,B,0,No Deposit,,0,Transient-Party,78.0,0,0
City Hotel,0,114,2017,February,7,15,0,4,2,0.0,0,BB,ESP,Groups,TA/TO,0,0,0,A,A,0,No Deposit,,0,Transient-Party,78.0,0,0
City Hotel,0,114,2017,February,7,15,0,4,2,0.0,0,BB,ESP,Groups,TA/TO,0,0,0,A,A,0,No Deposit,,0,Transient-Party,78.0,0,0
City Hotel,0,70,2017,February,7,15,0,4,2,0.0,0,BB,ESP,Groups,TA/TO,0,0,0,A,A,0,No Deposit,,0,Transient-Party,78.0,0,0
City Hotel,0,70,2017,February,7,15,0,4,2,0.0,0,BB,ESP,Groups,TA/TO,0,0,0,A,A,0,No Deposit,,0,Transient-Party,78.0,0,0
City Hotel,0,114,2017,February,7,15,0,4,2,0.0,0,BB,ESP,Groups,TA/TO,0,0,0,A,A,0,No Deposit,,0,Transient-Party,78.0,0,0
City Hotel,0,70,2017,February,7,15,0,4,2,0.0,0,BB,ESP,Groups,TA/TO,0,0,0,A,A,0,No Deposit,,0,Transient-Party,78.0,0,0
City Hotel,0,114,2017,February,7,15,0,4,2,0.0,0,BB,ESP,Groups,TA/TO,0,0,0,A,A,0,No Deposit,,0,Transient-Party,78.0,0,0
City Hotel,0,114,2017,February,7,15,0,4,2,0.0,0,BB,ESP,Groups,TA/TO,0,0,0,A,A,0,No Deposit,,0,Transient-Party,78.0,0,0
City Hotel,0,114,2017,February,7,15,0,4,2,0.0,0,BB,ESP,Groups,TA/TO,0,0,0,A,A,0,No Deposit,,0,Transient-Party,78.0,0,0
City Hotel,0,114,2017,February,7,15,0,4,2,0.0,0,BB,ESP,Groups,TA/TO,0,0,0,A,A,0,No Deposit,,0,Transient-Party,78.0,0,0
City Hotel,0,197,2017,February,7,15,0,4,2,0.0,0,BB,ESP,Groups,TA/TO,0,0,0,A,A,0,No Deposit,,83,Transient-Party,78.0,0,0
City Hotel,0,70,2017,February,7,15,0,4,2,0.0,0,BB,ESP,Groups,TA/TO,0,0,0,A,A,0,No Deposit,,0,Transient-Party,78.0,0,0
City Hotel,0,70,2017,February,7,15,0,4,2,0.0,0,BB,ESP,Groups,TA/TO,0,0,0,A,A,0,No Deposit,,0,Transient-Party,78.0,0,0
City Hotel,0,114,2017,February,7,15,0,4,2,0.0,0,BB,ESP,Groups,TA/TO,0,0,0,A,A,0,No Deposit,,0,Transient-Party,78.0,0,0
City Hotel,0,114,2017,February,7,15,0,4,2,0.0,0,BB,ESP,Groups,TA/TO,0,0,0,A,A,0,No Deposit,,0,Transient-Party,78.0,0,0
City Hotel,0,70,2017,February,7,15,0,4,2,0.0,0,BB,ESP,Groups,TA/TO,0,0,0,A,A,0,No Deposit,,0,Transient-Party,78.0,0,0
City Hotel,0,114,2017,February,7,15,0,4,2,0.0,0,BB,ESP,Groups,TA/TO,0,0,0,A,A,0,No Deposit,,0,Transient-Party,78.0,0,0
City Hotel,0,114,2017,February,7,15,0,4,2,0.0,0,BB,ESP,Groups,TA/TO,0,0,0,A,A,0,No Deposit,,0,Transient-Party,78.0,0,0
City Hotel,0,70,2017,February,7,15,0,4,2,0.0,0,BB,ESP,Groups,TA/TO,0,0,0,A,A,0,No Deposit,,0,Transient-Party,78.0,0,0
City Hotel,0,70,2017,February,7,15,0,4,2,0.0,0,BB,ESP,Groups,TA/TO,0,0,0,A,A,0,No Deposit,,0,Transient-Party,78.0,0,0
City Hotel,0,70,2017,February,7,15,0,4,2,0.0,0,BB,ESP,Groups,TA/TO,0,0,0,A,B,2,No Deposit,,0,Transient-Party,0.0,0,0
City Hotel,0,114,2017,February,7,15,0,4,2,0.0,0,BB,ESP,Groups,TA/TO,0,0,0,A,A,0,No Deposit,,0,Transient-Party,78.0,0,0
City Hotel,0,114,2017,February,7,15,0,4,2,0.0,0,BB,ESP,Groups,TA/TO,0,0,0,A,A,0,No Deposit,,0,Transient-Party,78.0,0,0
City Hotel,0,114,2017,February,7,15,0,4,2,0.0,0,BB,ESP,Groups,TA/TO,0,0,0,A,A,0,No Deposit,,0,Transient-Party,78.0,0,0
City Hotel,0,70,2017,February,7,15,0,4,2,0.0,0,BB,ESP,Groups,TA/TO,0,0,0,A,A,0,No Deposit,,0,Transient-Party,78.0,0,0
City Hotel,0,114,2017,February,7,15,0,4,2,0.0,0,BB,ESP,Groups,TA/TO,0,0,0,A,A,0,No Deposit,,0,Transient-Party,78.0,0,0
City Hotel,0,70,2017,February,7,15,0,4,2,0.0,0,BB,ESP,Groups,TA/TO,0,0,0,A,A,0,No Deposit,,0,Transient-Party,78.0,0,0
City Hotel,0,70,2017,February,7,15,0,4,2,0.0,0,BB,ESP,Groups,TA/TO,0,0,0,A,A,0,No Deposit,,0,Transient-Party,78.0,0,0
City Hotel,0,114,2017,February,7,15,0,4,2,0.0,0,BB,ESP,Groups,TA/TO,0,0,0,A,A,0,No Deposit,,0,Transient-Party,78.0,0,0
City Hotel,0,114,2017,February,7,15,0,4,2,0.0,0,BB,ESP,Groups,TA/TO,0,0,0,A,A,0,No Deposit,,0,Transient-Party,78.0,0,0
City Hotel,0,114,2017,February,7,15,0,4,2,0.0,0,BB,ESP,Groups,TA/TO,0,0,0,A,A,0,No Deposit,,0,Transient-Party,78.0,0,0
City Hotel,0,114,2017,February,7,15,0,4,2,0.0,0,BB,ESP,Groups,TA/TO,0,0,0,A,A,0,No Deposit,,0,Transient-Party,78.0,0,0
City Hotel,0,114,2017,February,7,15,0,4,2,0.0,0,BB,ESP,Groups,TA/TO,0,0,0,A,A,0,No Deposit,,0,Transient-Party,78.0,0,0
City Hotel,0,114,2017,February,7,15,0,4,2,0.0,0,BB,ESP,Groups,TA/TO,0,0,0,A,A,0,No Deposit,,0,Transient-Party,78.0,0,0
City Hotel,0,114,2017,February,7,15,0,4,2,0.0,0,BB,ESP,Groups,TA/TO,0,0,0,A,A,0,No Deposit,,0,Transient-Party,78.0,0,0
City Hotel,0,70,2017,February,7,15,0,4,2,0.0,0,BB,ESP,Groups,TA/TO,0,0,0,A,A,0,No Deposit,,0,Transient-Party,78.0,0,0
City Hotel,0,114,2017,February,7,15,0,4,2,0.0,0,BB,ESP,Groups,TA/TO,0,0,0,A,A,0,No Deposit,,0,Transient-Party,78.0,0,0
City Hotel,0,70,2017,February,7,15,0,4,2,0.0,0,BB,ESP,Groups,TA/TO,0,0,0,A,A,0,No Deposit,,0,Transient-Party,78.0,0,0
City Hotel,0,70,2017,February,7,15,0,4,2,0.0,0,BB,ESP,Groups,TA/TO,0,0,0,A,A,0,No Deposit,,0,Transient-Party,78.0,0,0
City Hotel,0,60,2017,February,7,16,0,3,2,0.0,0,SC,NLD,Online TA,TA/TO,0,0,0,A,A,0,No Deposit,9.0,0,Transient,79.2,0,1
City Hotel,0,73,2017,February,7,15,0,4,2,0.0,0,SC,BEL,Online TA,TA/TO,0,0,0,A,A,0,No Deposit,9.0,0,Transient,74.8,0,2
City Hotel,0,73,2017,February,7,15,0,4,2,0.0,0,SC,BEL,Online TA,TA/TO,0,0,0,A,A,0,No Deposit,9.0,0,Transient,74.8,0,2
City Hotel,0,32,2017,February,7,16,0,3,2,0.0,0,SC,ITA,Online TA,TA/TO,0,0,0,A,A,0,No Deposit,9.0,0,Transient,88.0,0,0
City Hotel,0,2,2017,February,7,18,0,1,2,0.0,0,BB,PRT,Direct,Direct,0,0,0,G,G,0,No Deposit,14.0,0,Transient,234.0,0,0
City Hotel,0,28,2017,February,7,15,0,4,2,0.0,0,BB,ITA,Offline TA/TO,TA/TO,0,0,0,A,D,0,No Deposit,28.0,0,Transient,75.0,0,0
City Hotel,0,28,2017,February,7,15,0,4,2,0.0,0,BB,ITA,Offline TA/TO,TA/TO,0,0,0,A,D,0,No Deposit,28.0,0,Transient,75.0,0,0
City Hotel,0,154,2017,February,7,17,0,2,2,0.0,0,BB,FRA,Offline TA/TO,TA/TO,0,0,0,A,A,0,No Deposit,28.0,0,Transient,75.0,0,0
City Hotel,0,2,2017,February,7,17,0,2,2,0.0,0,SC,USA,Online TA,TA/TO,0,0,0,A,A,0,No Deposit,9.0,0,Transient,99.0,0,0
City Hotel,0,34,2017,February,7,17,0,2,2,0.0,0,SC,AUS,Online TA,TA/TO,0,0,0,A,A,0,No Deposit,7.0,0,Transient,67.76,0,1
City Hotel,0,72,2017,February,7,16,0,3,2,0.0,0,BB,FRA,Offline TA/TO,TA/TO,0,0,0,A,A,0,No Deposit,85.0,0,Transient,72.0,0,0
City Hotel,0,13,2017,February,7,16,0,3,2,0.0,0,SC,FRA,Online TA,TA/TO,0,0,0,A,A,0,No Deposit,9.0,0,Transient,97.0,0,1
City Hotel,0,18,2017,February,7,17,0,2,2,0.0,0,BB,ESP,Direct,Direct,0,0,0,D,D,0,No Deposit,14.0,0,Transient,98.88,0,0
City Hotel,0,25,2017,February,7,12,2,5,2,0.0,0,BB,DEU,Offline TA/TO,TA/TO,0,0,0,D,D,0,No Deposit,16.0,0,Transient,76.5,0,0
City Hotel,0,70,2017,February,7,15,0,4,2,0.0,0,BB,ESP,Groups,TA/TO,0,0,0,A,A,0,No Deposit,,0,Transient-Party,78.0,0,0
City Hotel,0,1,2017,February,7,16,0,3,2,0.0,0,BB,BRA,Online TA,Direct,0,0,0,A,A,1,No Deposit,,0,Transient,104.0,0,0
City Hotel,0,23,2017,February,7,13,1,5,2,0.0,0,BB,BRA,Online TA,TA/TO,0,0,0,D,D,0,No Deposit,9.0,0,Transient,106.3,0,0
City Hotel,0,48,2017,February,7,15,0,4,2,0.0,0,BB,ITA,Online TA,TA/TO,0,0,0,A,A,0,No Deposit,9.0,0,Transient,90.1,0,1
City Hotel,0,32,2017,February,7,15,0,4,2,0.0,0,BB,BEL,Online TA,TA/TO,0,0,0,A,A,0,No Deposit,9.0,0,Transient,91.8,0,2
City Hotel,0,42,2017,February,7,16,0,3,2,0.0,0,SC,PRT,Online TA,TA/TO,0,0,0,A,A,0,No Deposit,7.0,0,Transient,67.76,0,2
City Hotel,0,28,2017,February,7,13,1,5,2,0.0,0,SC,PRT,Online TA,TA/TO,0,0,0,A,A,0,No Deposit,9.0,0,Transient,74.8,0,2
City Hotel,0,24,2017,February,7,14,0,5,2,0.0,0,BB,GBR,Online TA,TA/TO,0,0,0,D,D,0,No Deposit,9.0,0,Transient,100.3,0,1
City Hotel,0,59,2017,February,7,14,0,5,2,0.0,0,BB,FRA,Online TA,TA/TO,0,0,0,D,D,0,No Deposit,9.0,0,Transient,98.6,0,2
City Hotel,0,14,2017,February,7,16,0,3,2,0.0,0,BB,BEL,Direct,Direct,0,0,0,A,A,0,No Deposit,,0,Transient,98.0,0,1
City Hotel,0,321,2017,February,7,15,0,4,2,0.0,0,HB,HUN,Online TA,TA/TO,0,0,0,A,A,2,No Deposit,9.0,0,Transient,109.65,0,2
City Hotel,0,16,2017,February,7,16,0,3,2,0.0,0,BB,FRA,Direct,Direct,0,0,0,D,D,2,No Deposit,14.0,0,Transient,105.55,0,1
City Hotel,0,43,2017,February,7,16,0,3,2,0.0,0,BB,FRA,Direct,Direct,0,0,0,D,D,0,No Deposit,14.0,0,Transient,101.17,0,2
City Hotel,0,1,2017,February,7,17,0,2,2,0.0,0,HB,ESP,Direct,Direct,0,0,0,A,A,2,No Deposit,14.0,0,Transient,163.0,1,0
City Hotel,0,70,2017,February,7,15,0,4,2,0.0,0,BB,ESP,Groups,TA/TO,0,0,0,A,A,0,No Deposit,,0,Transient,78.0,0,0
City Hotel,0,242,2017,February,7,16,0,3,2,0.0,0,BB,GBR,Online TA,TA/TO,0,0,0,A,A,1,No Deposit,9.0,0,Transient,99.2,0,0
City Hotel,0,7,2017,February,7,17,0,2,2,0.0,0,BB,PRT,Direct,Direct,0,0,0,A,A,1,No Deposit,14.0,0,Transient,103.6,0,3
City Hotel,0,16,2017,February,7,16,0,3,2,0.0,0,BB,PRT,Online TA,TA/TO,0,0,0,D,D,0,No Deposit,9.0,0,Transient,127.0,1,1
City Hotel,0,10,2017,February,7,12,3,5,2,0.0,0,BB,USA,Direct,Direct,0,0,0,G,G,1,No Deposit,14.0,0,Transient,222.0,0,0
City Hotel,0,123,2017,February,8,19,1,0,2,0.0,0,SC,FRA,Online TA,TA/TO,0,0,0,A,A,0,No Deposit,9.0,0,Transient,79.2,0,1
City Hotel,0,11,2017,February,8,19,1,0,2,0.0,0,BB,FRA,Online TA,TA/TO,0,0,0,A,A,0,No Deposit,9.0,0,Transient,100.0,0,0
City Hotel,0,34,2017,February,7,12,3,5,2,0.0,0,BB,GBR,Online TA,TA/TO,0,0,0,D,D,0,No Deposit,9.0,0,Transient,95.2,0,0
City Hotel,0,42,2017,February,7,17,1,2,2,0.0,0,BB,BEL,Direct,Direct,0,0,0,D,D,0,No Deposit,14.0,0,Transient,105.33,0,0
City Hotel,0,42,2017,February,7,17,1,2,2,0.0,0,BB,BEL,Direct,Direct,0,0,0,D,D,0,No Deposit,14.0,0,Transient,105.33,0,0
City Hotel,0,0,2017,February,8,19,1,0,2,0.0,0,BB,PRT,Direct,Direct,0,0,0,A,A,0,No Deposit,,0,Transient,98.0,0,0
City Hotel,0,4,2017,February,7,17,1,2,2,0.0,0,BB,FRA,Offline TA/TO,TA/TO,0,0,0,A,D,1,No Deposit,28.0,0,Contract,68.0,0,0
City Hotel,0,4,2017,February,7,17,1,2,2,0.0,0,BB,FRA,Offline TA/TO,TA/TO,0,0,0,A,D,0,No Deposit,28.0,0,Contract,68.0,0,0
City Hotel,0,42,2017,February,7,17,1,2,2,0.0,0,BB,BEL,Direct,Direct,0,0,0,D,D,0,No Deposit,14.0,0,Transient,105.33,0,0
City Hotel,0,42,2017,February,7,17,1,2,2,0.0,0,BB,BEL,Direct,Direct,0,0,0,D,D,0,No Deposit,14.0,0,Transient,105.33,0,0
City Hotel,0,32,2017,February,7,17,1,2,2,0.0,0,BB,FRA,Offline TA/TO,TA/TO,0,0,0,A,D,0,No Deposit,28.0,0,Transient,75.0,0,0
City Hotel,0,151,2017,February,7,17,1,2,2,0.0,0,BB,FRA,Offline TA/TO,TA/TO,0,0,0,A,D,0,No Deposit,28.0,0,Transient,75.0,0,0
City Hotel,0,73,2017,February,7,17,1,2,2,0.0,0,BB,FRA,Online TA,TA/TO,0,0,0,A,A,0,No Deposit,7.0,0,Transient,68.47,0,1
City Hotel,0,88,2017,February,7,16,1,3,2,0.0,0,BB,FRA,Online TA,TA/TO,0,0,0,A,A,0,No Deposit,9.0,0,Transient,88.4,0,2
City Hotel,0,17,2017,February,7,17,1,2,2,0.0,0,BB,FRA,Direct,Direct,0,0,0,D,D,0,No Deposit,14.0,0,Transient,110.33,0,0
City Hotel,0,151,2017,February,7,17,1,2,2,0.0,0,BB,FRA,Offline TA/TO,TA/TO,0,0,0,A,D,0,No Deposit,28.0,0,Transient,75.0,0,0
City Hotel,0,32,2017,February,7,17,1,2,2,0.0,0,BB,FRA,Offline TA/TO,TA/TO,0,0,0,A,D,0,No Deposit,28.0,0,Transient,75.0,0,0
City Hotel,0,33,2017,February,7,13,2,5,2,0.0,0,HB,ESP,Online TA,TA/TO,0,0,0,A,A,0,No Deposit,9.0,0,Transient,132.13,1,2
City Hotel,0,6,2017,February,8,19,1,0,2,0.0,0,SC,FRA,Online TA,TA/TO,0,0,0,A,A,0,No Deposit,9.0,0,Transient,97.0,1,0
City Hotel,0,32,2017,February,7,15,1,4,2,0.0,0,HB,ITA,Online TA,TA/TO,0,0,0,A,A,1,No Deposit,9.0,0,Transient,122.74,0,1
City Hotel,0,50,2017,February,7,16,1,3,2,0.0,0,BB,USA,Online TA,TA/TO,0,0,0,A,A,0,No Deposit,7.0,0,Transient,65.91,0,1
City Hotel,0,6,2017,February,7,18,1,1,2,0.0,0,SC,FRA,Online TA,TA/TO,0,0,0,A,A,0,No Deposit,9.0,0,Transient,93.5,0,3
City Hotel,0,29,2017,February,7,15,1,4,2,0.0,0,BB,FRA,Offline TA/TO,TA/TO,0,0,0,A,D,0,No Deposit,28.0,0,Transient,75.0,0,0
City Hotel,0,3,2017,February,7,12,3,5,2,0.0,0,BB,HRV,Offline TA/TO,TA/TO,0,0,0,A,A,0,No Deposit,27.0,0,Transient,80.0,0,0
City Hotel,0,189,2017,February,7,18,1,1,2,0.0,0,SC,IRL,Online TA,TA/TO,0,0,0,A,A,0,No Deposit,9.0,0,Transient,79.2,0,2
City Hotel,0,1,2017,February,8,19,1,0,2,0.0,0,SC,BRA,Direct,Direct,0,0,0,A,A,0,No Deposit,14.0,0,Transient,107.0,0,0
City Hotel,0,10,2017,February,7,17,1,2,2,0.0,0,SC,ESP,Online TA,TA/TO,0,0,0,A,A,0,No Deposit,9.0,0,Transient,92.0,0,1
City Hotel,0,11,2017,February,7,16,1,3,2,0.0,0,SC,GBR,Online TA,TA/TO,0,0,0,A,A,0,No Deposit,9.0,0,Transient,79.48,0,1
City Hotel,0,92,2017,February,7,16,1,3,2,0.0,0,SC,FRA,Online TA,TA/TO,0,0,0,A,A,0,No Deposit,9.0,0,Transient,74.8,0,1
City Hotel,0,25,2017,February,8,19,2,0,2,0.0,0,HB,FRA,Offline TA/TO,TA/TO,0,0,0,A,D,0,No Deposit,28.0,0,Transient,105.0,0,0
City Hotel,0,252,2017,February,8,19,2,0,2,0.0,0,SC,GBR,Online TA,TA/TO,0,0,0,A,A,0,No Deposit,9.0,0,Transient,79.2,0,2
City Hotel,0,10,2017,February,7,18,2,1,2,0.0,0,BB,IRL,Direct,Direct,0,0,0,A,A,1,No Deposit,14.0,0,Transient,96.0,0,0
City Hotel,0,2,2017,February,7,17,2,2,2,0.0,0,SC,BRA,Online TA,TA/TO,0,0,0,A,C,0,No Deposit,9.0,0,Transient,79.48,0,1
City Hotel,0,11,2017,February,8,19,2,0,2,0.0,0,BB,POL,Online TA,TA/TO,0,0,0,A,A,1,No Deposit,9.0,0,Transient,100.0,0,0
City Hotel,0,76,2017,February,8,19,2,0,2,0.0,0,BB,ESP,Online TA,TA/TO,0,0,0,A,A,0,No Deposit,9.0,0,Transient,93.6,0,2
City Hotel,0,34,2017,February,7,16,2,3,2,0.0,0,BB,GBR,Direct,Direct,0,0,0,A,A,0,No Deposit,,0,Transient,74.2,0,1
City Hotel,0,133,2017,February,7,17,2,2,2,0.0,0,BB,AUT,Online TA,TA/TO,0,0,0,A,A,0,No Deposit,9.0,0,Transient,88.4,0,2
City Hotel,0,133,2017,February,7,17,2,2,2,0.0,0,BB,AUT,Online TA,TA/TO,0,0,0,A,A,0,No Deposit,9.0,0,Transient,88.4,0,2
City Hotel,0,45,2017,February,7,17,2,2,2,0.0,0,BB,DEU,Offline TA/TO,TA/TO,0,0,0,A,A,0,No Deposit,22.0,0,Transient,72.0,0,0
City Hotel,0,75,2017,February,7,17,2,2,2,0.0,0,BB,NLD,Online TA,TA/TO,0,0,0,D,D,0,No Deposit,9.0,0,Transient,96.9,0,2
City Hotel,0,5,2017,February,7,17,2,2,2,0.0,0,SC,GBR,Online TA,TA/TO,0,0,0,A,A,0,No Deposit,9.0,0,Transient,79.48,0,2
City Hotel,1,23,2017,February,8,21,0,0,2,0.0,0,BB,PRT,Direct,Direct,0,0,0,A,K,1,No Deposit,14.0,0,Transient,0.0,0,0
City Hotel,0,35,2017,February,8,19,2,0,2,0.0,0,SC,GBR,Online TA,TA/TO,0,0,0,A,A,0,No Deposit,7.0,0,Transient,61.6,0,1
City Hotel,0,22,2017,February,7,16,2,3,2,0.0,0,BB,FRA,Online TA,TA/TO,0,0,0,D,D,0,No Deposit,9.0,0,Transient,97.58,0,0
City Hotel,0,9,2017,February,7,17,2,2,2,0.0,0,BB,FRA,Online TA,TA/TO,0,0,0,A,A,0,No Deposit,9.0,0,Transient,92.65,0,1
City Hotel,0,43,2017,February,8,19,2,0,2,0.0,0,BB,GBR,Online TA,TA/TO,0,0,0,A,A,0,No Deposit,9.0,0,Transient,98.0,0,2
City Hotel,0,28,2017,February,7,15,2,4,2,0.0,0,BB,FRA,Offline TA/TO,TA/TO,0,0,0,A,D,0,No Deposit,28.0,0,Transient,75.0,0,0
City Hotel,0,68,2017,February,7,16,2,3,2,0.0,0,BB,FRA,Online TA,TA/TO,0,0,0,A,A,0,No Deposit,9.0,0,Transient,90.1,0,1
City Hotel,0,23,2017,February,8,19,2,0,2,0.0,0,BB,ITA,Online TA,TA/TO,0,0,0,A,A,0,No Deposit,7.0,0,Transient,77.0,0,1
City Hotel,0,72,2017,February,7,17,2,2,2,0.0,0,BB,CHE,Online TA,TA/TO,0,0,0,A,A,0,No Deposit,9.0,0,Transient,90.1,0,2
City Hotel,0,17,2017,February,7,18,2,1,2,0.0,0,BB,GBR,Offline TA/TO,TA/TO,0,0,0,A,A,0,No Deposit,85.0,0,Transient,80.0,0,0
City Hotel,0,53,2017,February,7,17,2,3,2,0.0,0,SC,AUS,Online TA,TA/TO,0,0,0,A,A,0,No Deposit,9.0,0,Transient,74.8,0,0
City Hotel,0,25,2017,February,8,19,2,1,2,0.0,0,BB,FRA,Offline TA/TO,TA/TO,0,0,0,A,D,0,No Deposit,28.0,0,Transient,75.0,0,0
City Hotel,0,21,2017,February,8,20,1,1,2,0.0,0,SC,FRA,Online TA,TA/TO,0,0,0,A,A,0,No Deposit,9.0,0,Transient,80.0,0,0
City Hotel,0,2,2017,February,7,18,2,2,2,0.0,0,SC,USA,Online TA,TA/TO,0,0,0,A,A,0,No Deposit,7.0,0,Transient,59.4,0,0
City Hotel,0,0,2017,February,8,21,0,1,2,0.0,0,BB,PRT,Complementary,Direct,0,0,0,D,F,0,No Deposit,,0,Transient,0.0,0,1
City Hotel,0,28,2017,February,7,15,2,5,2,0.0,0,BB,NLD,Online TA,TA/TO,0,0,0,D,D,0,No Deposit,9.0,0,Transient,97.39,0,1
City Hotel,0,50,2017,February,7,18,2,2,2,0.0,0,BB,GBR,Online TA,TA/TO,0,0,0,F,F,0,No Deposit,7.0,0,Transient,135.52,0,1
City Hotel,0,236,2017,February,8,20,1,1,2,0.0,0,BB,NLD,Online TA,TA/TO,0,0,0,D,D,0,No Deposit,9.0,0,Transient,103.5,0,1
City Hotel,0,3,2017,February,8,21,0,1,2,0.0,0,BB,PRT,Direct,Direct,0,0,0,A,A,1,No Deposit,14.0,0,Transient,107.0,0,0
City Hotel,0,1,2017,February,8,21,0,1,2,0.0,0,BB,PRT,Online TA,TA/TO,0,0,0,A,A,0,No Deposit,9.0,0,Transient,108.0,0,0
City Hotel,0,75,2017,February,8,20,1,1,2,0.0,0,SC,GBR,Online TA,TA/TO,0,0,0,A,A,0,No Deposit,9.0,0,Transient,79.2,0,2
City Hotel,0,13,2017,February,8,19,2,1,2,0.0,0,SC,GBR,Online TA,TA/TO,0,0,0,A,A,0,No Deposit,9.0,0,Transient,80.0,0,0
City Hotel,0,32,2017,February,8,19,2,1,2,0.0,0,BB,FRA,Offline TA/TO,TA/TO,0,0,0,A,D,0,No Deposit,28.0,0,Transient,75.0,0,0
City Hotel,0,73,2017,February,7,18,2,2,2,0.0,0,BB,FRA,Online TA,TA/TO,0,0,0,A,A,0,No Deposit,9.0,0,Transient,90.1,0,2
City Hotel,0,26,2017,February,8,20,1,1,2,0.0,0,BB,ESP,Offline TA/TO,TA/TO,0,0,0,A,D,0,No Deposit,28.0,0,Transient,75.0,0,0
City Hotel,0,9,2017,February,7,18,2,2,2,0.0,0,BB,FRA,Online TA,TA/TO,0,0,0,A,A,1,No Deposit,83.0,0,Transient,83.6,0,0
City Hotel,0,94,2017,February,8,19,2,1,2,0.0,0,BB,DEU,Online TA,TA/TO,0,0,0,A,A,0,No Deposit,9.0,0,Transient,93.6,0,1
City Hotel,0,21,2017,February,8,19,2,1,2,0.0,0,BB,JPN,Online TA,TA/TO,0,0,0,A,A,1,No Deposit,83.0,0,Transient,72.0,0,0
City Hotel,0,0,2017,February,8,21,0,1,2,0.0,0,BB,PRT,Direct,Direct,0,0,0,A,A,2,No Deposit,,0,Transient,88.0,0,0
City Hotel,0,33,2017,February,8,19,2,1,2,0.0,0,BB,FRA,Offline TA/TO,TA/TO,0,0,0,A,D,0,No Deposit,28.0,0,Transient,75.0,0,0
City Hotel,0,153,2017,February,8,19,2,1,2,0.0,0,BB,FRA,Offline TA/TO,TA/TO,0,0,0,A,D,0,No Deposit,28.0,0,Transient,75.0,0,0
City Hotel,0,153,2017,February,8,19,2,1,2,0.0,0,BB,FRA,Offline TA/TO,TA/TO,0,0,0,A,D,0,No Deposit,28.0,0,Transient,75.0,0,0
City Hotel,0,153,2017,February,8,19,2,1,2,0.0,0,BB,ITA,Offline TA/TO,TA/TO,0,0,0,A,D,0,No Deposit,28.0,0,Transient,75.0,0,0
City Hotel,0,1,2017,February,8,21,0,1,2,0.0,0,HB,PRT,Online TA,TA/TO,0,0,0,A,A,0,No Deposit,9.0,0,Transient,146.0,0,1
City Hotel,0,39,2017,February,8,19,2,1,2,0.0,0,BB,GBR,Online TA,TA/TO,0,0,0,A,A,0,No Deposit,9.0,0,Transient,98.0,0,0
City Hotel,0,153,2017,February,8,19,2,1,2,0.0,0,BB,FRA,Offline TA/TO,TA/TO,0,0,0,A,D,0,No Deposit,28.0,0,Transient,75.0,0,0
City Hotel,0,24,2017,February,7,18,2,2,2,0.0,0,BB,GBR,Online TA,TA/TO,0,0,0,D,D,0,No Deposit,79.0,0,Transient,76.16,0,0
City Hotel,0,17,2017,February,8,21,0,2,2,0.0,0,SC,CHN,Online TA,TA/TO,0,0,0,A,A,0,No Deposit,9.0,0,Transient,80.0,0,0
City Hotel,0,23,2017,February,7,18,2,3,2,0.0,0,BB,FRA,Online TA,TA/TO,0,0,0,D,D,0,No Deposit,9.0,0,Transient,94.86,0,0
City Hotel,0,175,2017,February,7,18,2,3,2,0.0,0,HB,FRA,Online TA,TA/TO,0,0,0,A,A,2,No Deposit,9.0,0,Transient,120.7,0,2
City Hotel,0,67,2017,February,7,18,2,3,2,0.0,0,SC,FRA,Online TA,TA/TO,0,0,0,A,A,0,No Deposit,9.0,0,Transient,74.8,0,1
City Hotel,0,29,2017,February,8,19,2,2,2,0.0,0,BB,GBR,Online TA,TA/TO,0,0,0,A,A,0,No Deposit,9.0,0,Transient,85.0,0,1
City Hotel,0,10,2017,February,8,21,0,2,2,0.0,0,SC,NLD,Offline TA/TO,TA/TO,0,0,0,A,A,0,No Deposit,85.0,0,Transient,70.0,0,2
City Hotel,0,10,2017,February,8,21,0,2,2,0.0,0,SC,NLD,Offline TA/TO,TA/TO,0,0,0,A,A,0,No Deposit,85.0,0,Transient,70.0,0,2
City Hotel,0,42,2017,February,8,19,2,2,2,0.0,0,BB,GBR,Online TA,TA/TO,0,0,0,A,A,0,No Deposit,7.0,0,Transient,60.94,0,1
City Hotel,0,2,2017,February,8,19,2,2,2,0.0,0,BB,DZA,Online TA,TA/TO,0,0,0,A,A,1,No Deposit,9.0,0,Transient,74.8,0,0
City Hotel,0,243,2017,February,8,19,2,2,2,0.0,0,BB,GBR,Online TA,TA/TO,0,0,0,D,D,0,No Deposit,9.0,0,Transient,97.75,0,4
City Hotel,0,243,2017,February,8,19,2,2,2,0.0,0,BB,GBR,Online TA,TA/TO,0,0,0,D,D,0,No Deposit,9.0,0,Transient,97.75,0,4
City Hotel,0,29,2017,February,8,19,2,2,2,0.0,0,BB,GBR,Online TA,TA/TO,0,0,0,A,A,0,No Deposit,9.0,0,Transient,85.0,0,1
City Hotel,0,27,2017,February,8,20,1,2,2,0.0,0,SC,PRT,Online TA,TA/TO,0,0,0,A,A,0,No Deposit,79.0,0,Transient,64.0,0,0
City Hotel,0,57,2017,February,8,19,2,2,2,0.0,0,SC,ESP,Online TA,TA/TO,0,0,0,A,A,0,No Deposit,9.0,0,Transient,74.8,0,1
City Hotel,0,24,2017,February,8,19,2,2,2,0.0,0,BB,GBR,Online TA,TA/TO,0,0,0,A,A,0,No Deposit,9.0,0,Transient,85.0,0,0
City Hotel,0,91,2017,February,8,21,0,2,2,0.0,0,HB,FRA,Online TA,TA/TO,0,0,0,A,A,0,No Deposit,9.0,0,Transient,127.8,0,2
City Hotel,0,73,2017,February,7,18,2,3,2,0.0,0,BB,FRA,Online TA,TA/TO,0,0,0,A,A,0,No Deposit,9.0,0,Transient,88.4,0,1
City Hotel,0,73,2017,February,7,18,2,3,2,0.0,0,BB,FRA,Online TA,TA/TO,0,0,0,A,A,0,No Deposit,9.0,0,Transient,88.4,0,1
City Hotel,0,42,2017,February,8,19,2,2,2,0.0,0,BB,DEU,Online TA,TA/TO,0,0,0,A,A,0,No Deposit,9.0,0,Transient,83.3,0,1
City Hotel,0,35,2017,February,8,20,1,2,2,0.0,0,BB,FRA,Offline TA/TO,TA/TO,0,0,0,A,D,0,No Deposit,28.0,0,Transient,75.0,0,0
City Hotel,0,40,2017,February,8,20,1,2,2,0.0,0,BB,ESP,Online TA,TA/TO,0,0,0,A,A,0,No Deposit,9.0,0,Transient,98.0,0,1
City Hotel,0,31,2017,February,8,19,2,2,2,0.0,0,BB,GBR,Online TA,TA/TO,0,0,0,A,A,0,No Deposit,7.0,0,Transient,58.52,0,1
City Hotel,0,71,2017,February,8,19,2,2,2,0.0,0,BB,BEL,Online TA,TA/TO,0,0,0,D,D,0,No Deposit,9.0,0,Transient,98.6,0,3
City Hotel,0,8,2017,February,8,20,1,2,2,0.0,0,BB,DEU,Online TA,TA/TO,0,0,0,D,D,0,No Deposit,9.0,0,Transient,124.0,0,1
City Hotel,0,31,2017,February,7,18,2,3,2,0.0,0,BB,FRA,Offline TA/TO,TA/TO,0,0,0,A,D,0,No Deposit,28.0,0,Transient,75.0,0,0
City Hotel,0,29,2017,February,7,18,2,3,2,0.0,0,BB,FRA,Offline TA/TO,TA/TO,0,0,0,A,D,0,No Deposit,28.0,0,Transient,75.0,0,0
City Hotel,0,52,2017,February,7,17,2,4,2,0.0,0,BB,RUS,Direct,Direct,0,0,0,A,A,0,No Deposit,14.0,0,Transient,79.2,0,0
City Hotel,0,10,2017,February,8,19,2,2,2,0.0,0,BB,CHE,Offline TA/TO,TA/TO,0,0,0,A,D,0,No Deposit,28.0,0,Transient,80.0,0,0
City Hotel,0,8,2017,February,8,22,0,1,2,0.0,0,SC,BRA,Online TA,TA/TO,0,0,0,A,A,0,No Deposit,7.0,0,Transient,67.76,0,0
City Hotel,0,21,2017,February,8,21,0,2,2,0.0,0,BB,IND,Online TA,TA/TO,0,0,0,A,A,2,No Deposit,83.0,0,Transient,80.0,0,0
City Hotel,0,22,2017,February,8,22,0,1,2,0.0,0,SC,GBR,Online TA,TA/TO,0,0,0,A,A,0,No Deposit,9.0,0,Transient,80.0,0,1
City Hotel,0,45,2017,February,8,20,1,2,2,0.0,0,BB,CHE,Online TA,TA/TO,0,0,0,A,A,0,No Deposit,9.0,0,Transient,88.2,0,1
City Hotel,0,25,2017,February,8,19,2,3,2,0.0,0,BB,FRA,Online TA,TA/TO,0,0,0,A,A,0,No Deposit,7.0,0,Transient,63.17,0,0
City Hotel,0,25,2017,February,8,19,2,3,2,0.0,0,BB,FRA,Online TA,TA/TO,0,0,0,A,A,0,No Deposit,7.0,0,Transient,63.17,0,0
City Hotel,0,7,2017,February,8,20,1,3,2,0.0,0,BB,FRA,Online TA,TA/TO,0,0,0,A,A,0,No Deposit,89.0,0,Transient,77.6,0,0
City Hotel,0,52,2017,February,8,19,2,3,2,0.0,0,SC,FRA,Online TA,TA/TO,0,0,0,A,A,0,No Deposit,9.0,0,Transient,74.8,0,0
City Hotel,0,64,2017,February,8,20,1,3,2,0.0,0,SC,PRT,Online TA,TA/TO,0,0,0,A,A,0,No Deposit,9.0,0,Transient,74.8,0,0
City Hotel,0,11,2017,February,8,20,1,3,2,0.0,0,BB,FRA,Online TA,TA/TO,0,0,0,A,A,1,No Deposit,9.0,0,Transient,84.7,0,1
City Hotel,0,49,2017,February,8,19,2,3,2,0.0,0,BB,GBR,Online TA,TA/TO,0,0,0,A,A,0,No Deposit,9.0,0,Transient,90.1,0,0
City Hotel,0,45,2017,February,8,19,2,3,2,0.0,0,BB,NLD,Online TA,TA/TO,0,0,0,A,A,0,No Deposit,7.0,0,Transient,65.19,0,1
City Hotel,0,6,2017,February,8,23,0,1,2,0.0,0,SC,GBR,Online TA,TA/TO,0,0,0,A,A,0,No Deposit,9.0,0,Transient,88.0,0,1
City Hotel,0,8,2017,February,8,19,2,3,2,0.0,0,BB,CHE,Online TA,TA/TO,0,0,0,D,D,0,No Deposit,7.0,0,Transient,76.97,0,0
City Hotel,0,59,2017,February,8,19,2,3,2,0.0,0,BB,NLD,Online TA,TA/TO,0,0,0,A,A,0,No Deposit,9.0,0,Transient,90.1,0,0
City Hotel,0,1,2017,February,8,22,0,2,2,0.0,0,BB,PRT,Corporate,Corporate,0,0,0,A,F,1,No Deposit,,0,Transient,91.0,0,0
City Hotel,0,34,2017,February,7,16,2,6,2,0.0,0,BB,IND,Online TA,TA/TO,0,0,0,A,A,0,No Deposit,7.0,0,Transient,68.07,0,1
City Hotel,0,48,2017,February,8,22,0,2,2,0.0,0,BB,ESP,Groups,TA/TO,0,0,0,A,A,1,No Deposit,,0,Transient-Party,75.0,0,1
City Hotel,0,0,2017,February,8,23,0,1,2,0.0,0,BB,PRT,Direct,Direct,0,0,0,A,A,0,No Deposit,,0,Transient,93.0,0,0
City Hotel,0,10,2017,February,8,22,0,2,2,0.0,0,BB,LBN,Online TA,TA/TO,0,0,0,D,D,0,No Deposit,9.0,0,Transient,118.0,0,0
City Hotel,0,48,2017,February,8,22,0,2,2,0.0,0,BB,ESP,Groups,TA/TO,0,0,0,A,A,2,No Deposit,,0,Transient-Party,75.0,0,1
City Hotel,0,33,2017,February,8,20,1,3,2,0.0,0,BB,FRA,Offline TA/TO,TA/TO,0,0,0,A,D,0,No Deposit,28.0,0,Transient,75.0,0,0
City Hotel,0,0,2017,February,8,20,1,3,2,0.0,0,BB,FRA,Direct,Direct,0,0,0,D,D,0,No Deposit,,0,Transient,100.3,0,0
City Hotel,0,37,2017,February,8,23,0,1,2,0.0,0,SC,BEL,Online TA,TA/TO,0,0,0,A,A,0,No Deposit,9.0,0,Transient,88.0,0,1
City Hotel,0,29,2017,February,8,20,1,3,2,0.0,0,BB,FRA,Online TA,TA/TO,0,0,0,A,A,0,No Deposit,9.0,0,Transient,86.7,0,0
City Hotel,0,47,2017,February,7,18,2,4,2,0.0,0,HB,PRT,Online TA,TA/TO,0,0,0,A,A,0,No Deposit,7.0,0,Transient,89.54,0,1
City Hotel,0,19,2017,February,8,23,0,1,2,0.0,0,SC,GBR,Online TA,TA/TO,0,0,0,A,A,0,No Deposit,9.0,0,Transient,88.0,0,0
City Hotel,0,19,2017,February,8,23,0,1,2,0.0,0,SC,GBR,Online TA,TA/TO,0,0,0,A,A,0,No Deposit,9.0,0,Transient,88.0,0,0
City Hotel,0,44,2017,February,8,19,2,3,2,0.0,0,BB,FIN,Online TA,TA/TO,0,0,0,A,A,0,No Deposit,7.0,0,Transient,61.93,0,1
City Hotel,0,41,2017,February,8,20,1,3,2,0.0,0,BB,FRA,Online TA,TA/TO,0,0,0,D,D,0,No Deposit,8.0,0,Transient,97.75,0,2
City Hotel,0,30,2017,February,5,2,6,16,2,0.0,0,BB,CN,Online TA,TA/TO,0,0,0,E,E,1,No Deposit,9.0,0,Transient,115.6,0,3
City Hotel,0,27,2017,February,8,21,0,3,2,0.0,0,BB,ESP,Offline TA/TO,TA/TO,0,0,0,A,D,0,No Deposit,28.0,0,Transient,75.0,0,0
City Hotel,0,27,2017,February,8,20,1,3,2,0.0,0,BB,DEU,Online TA,TA/TO,0,0,0,A,A,0,No Deposit,7.0,0,Transient,63.42,0,0
City Hotel,0,49,2017,February,8,21,0,3,2,0.0,0,BB,GBR,Online TA,TA/TO,0,0,0,A,A,0,No Deposit,9.0,0,Transient,95.4,0,1
City Hotel,0,1,2017,February,8,22,0,2,2,0.0,0,HB,LUX,Online TA,TA/TO,0,0,0,D,D,0,No Deposit,9.0,0,Transient,165.0,0,1
City Hotel,0,37,2017,February,8,23,0,1,2,0.0,0,SC,BEL,Online TA,TA/TO,0,0,0,A,A,0,No Deposit,9.0,0,Transient,88.0,0,1
City Hotel,0,1,2017,February,8,23,0,1,2,0.0,0,BB,PRT,Direct,Direct,0,0,0,A,A,1,No Deposit,14.0,0,Transient,98.0,0,0
City Hotel,0,15,2017,February,8,20,1,3,2,0.0,0,BB,FRA,Online TA,TA/TO,0,0,0,A,A,0,No Deposit,7.0,0,Transient,63.42,0,1
City Hotel,0,5,2017,February,7,17,2,5,2,0.0,0,BB,FRA,Online TA,TA/TO,0,0,0,D,D,0,No Deposit,9.0,0,Transient,102.97,0,0
City Hotel,0,37,2017,February,7,12,4,8,2,0.0,0,BB,DEU,Online TA,TA/TO,0,0,0,A,A,0,No Deposit,7.0,0,Transient,63.01,0,3
City Hotel,0,22,2017,February,8,20,1,3,2,0.0,0,SC,IRL,Online TA,TA/TO,0,0,0,A,A,0,No Deposit,9.0,0,Transient,69.7,0,1
City Hotel,0,26,2017,February,8,19,2,3,2,0.0,0,BB,DEU,Online TA,TA/TO,0,0,0,A,A,0,No Deposit,7.0,0,Transient,63.17,0,0
City Hotel,0,17,2017,February,8,19,2,3,2,0.0,0,HB,ITA,Online TA,TA/TO,0,0,0,D,A,0,No Deposit,9.0,0,Transient,177.31,0,0
City Hotel,0,73,2017,February,8,20,1,3,2,0.0,0,BB,IRL,Direct,Direct,0,0,0,B,B,0,No Deposit,14.0,0,Transient,88.6,0,1
City Hotel,0,60,2017,February,8,20,1,3,2,0.0,0,BB,FRA,Online TA,TA/TO,0,0,0,A,A,0,No Deposit,9.0,0,Transient,90.1,0,2
City Hotel,0,42,2017,February,6,8,4,12,2,0.0,0,BB,BRA,Online TA,TA/TO,0,0,0,A,A,0,No Deposit,9.0,0,Transient,91.23,0,0
City Hotel,0,8,2017,February,8,22,0,3,2,0.0,0,BB,RUS,Online TA,TA/TO,0,0,0,D,D,0,No Deposit,9.0,0,Transient,124.0,0,1
City Hotel,0,7,2017,February,8,20,1,4,2,0.0,0,BB,FRA,Offline TA/TO,TA/TO,0,0,0,A,A,0,No Deposit,28.0,0,Contract,68.0,0,0
City Hotel,0,6,2017,February,8,20,1,4,2,0.0,0,SC,BRA,Online TA,TA/TO,0,0,0,D,D,0,No Deposit,85.0,0,Transient,66.64,0,1
City Hotel,0,29,2017,February,8,21,0,4,2,0.0,0,SC,DEU,Online TA,TA/TO,0,0,0,A,A,0,No Deposit,9.0,0,Transient,71.4,0,0
City Hotel,0,133,2017,February,8,22,0,3,2,0.0,0,HB,ROU,Online TA,TA/TO,0,0,0,A,A,0,No Deposit,9.0,0,Transient,127.8,0,1
City Hotel,0,17,2017,February,8,24,0,1,2,0.0,0,SC,ESP,Online TA,TA/TO,0,0,0,A,A,0,No Deposit,9.0,0,Transient,97.0,1,2
City Hotel,0,15,2017,February,8,23,0,2,2,0.0,0,BB,PRT,Online TA,TA/TO,0,0,0,A,A,0,No Deposit,8.0,0,Transient,108.0,0,1
City Hotel,0,12,2017,February,8,20,1,4,2,0.0,0,BB,FRA,Online TA,TA/TO,0,0,0,A,A,2,No Deposit,9.0,0,Transient,90.72,0,1
City Hotel,0,0,2017,February,8,24,0,1,2,0.0,0,BB,PRT,Direct,Direct,0,0,0,A,A,1,No Deposit,,0,Transient,88.0,0,0
City Hotel,0,0,2017,February,8,24,0,1,2,0.0,0,SC,PRT,Online TA,TA/TO,0,0,0,A,K,0,No Deposit,9.0,0,Transient,70.2,0,0
City Hotel,0,2,2017,February,8,24,0,1,2,0.0,0,BB,PRT,Online TA,TA/TO,0,0,0,A,K,0,No Deposit,9.0,0,Transient,98.0,0,2
City Hotel,0,2,2017,February,8,24,0,1,2,0.0,0,BB,PRT,Direct,Direct,0,0,0,A,K,2,No Deposit,,0,Transient,97.0,1,1
City Hotel,0,99,2017,February,8,21,0,4,2,0.0,0,BB,GBR,Online TA,TA/TO,0,0,0,A,A,0,No Deposit,7.0,0,Transient,68.07,0,1
City Hotel,0,2,2017,February,8,24,0,1,2,0.0,0,BB,PRT,Direct,Direct,0,0,0,A,K,0,No Deposit,,0,Transient,97.0,1,1
City Hotel,0,5,2017,February,8,23,0,2,2,0.0,0,SC,GBR,Online TA,TA/TO,0,0,0,A,A,0,No Deposit,9.0,0,Transient,88.0,0,3
City Hotel,0,0,2017,February,8,19,2,4,2,0.0,0,BB,IRQ,Direct,Direct,0,0,0,A,A,0,No Deposit,,0,Transient,98.0,0,0
City Hotel,0,9,2017,February,8,23,0,2,2,0.0,0,SC,PRT,Online TA,TA/TO,0,0,0,A,A,0,No Deposit,9.0,0,Transient,88.0,0,3
City Hotel,0,0,2017,February,8,25,0,0,2,0.0,0,BB,PRT,Direct,Direct,1,0,0,A,A,1,No Deposit,,0,Transient,0.0,0,0
City Hotel,0,1,2017,February,8,24,0,1,2,0.0,0,BB,PRT,Online TA,TA/TO,0,0,0,A,A,0,No Deposit,9.0,0,Transient,78.0,0,0
City Hotel,0,49,2017,February,8,20,1,4,2,0.0,0,BB,FRA,Online TA,TA/TO,0,0,0,A,A,0,No Deposit,9.0,0,Transient,90.1,0,1
City Hotel,0,49,2017,February,8,20,1,4,2,0.0,0,BB,FRA,Online TA,TA/TO,0,0,0,A,A,0,No Deposit,9.0,0,Transient,90.1,0,1
City Hotel,0,49,2017,February,8,20,1,4,2,0.0,0,BB,FRA,Online TA,TA/TO,0,0,0,A,A,0,No Deposit,9.0,0,Transient,90.1,0,1
City Hotel,0,1,2017,February,8,24,0,1,2,0.0,0,BB,FRA,Online TA,TA/TO,0,0,0,A,A,0,No Deposit,9.0,0,Transient,98.0,0,0
City Hotel,0,12,2017,February,8,22,0,3,2,0.0,0,BB,NLD,Online TA,TA/TO,0,0,0,A,D,1,No Deposit,7.0,0,Transient,87.76,0,0
City Hotel,0,2,2017,February,8,23,0,2,2,0.0,0,BB,BEL,Direct,Direct,0,0,0,A,A,0,No Deposit,14.0,0,Transient,83.7,1,0
City Hotel,0,25,2017,February,8,21,0,4,2,0.0,0,SC,HRV,Online TA,TA/TO,0,0,0,A,A,0,No Deposit,9.0,0,Transient,71.4,0,1
City Hotel,0,1,2017,February,8,23,0,2,2,0.0,0,SC,USA,Online TA,TA/TO,0,0,0,A,A,0,No Deposit,9.0,0,Transient,83.0,0,0
City Hotel,0,30,2017,February,8,21,0,4,2,0.0,0,HB,FRA,Online TA,TA/TO,0,0,0,A,A,0,No Deposit,7.0,0,Transient,92.94,0,0
City Hotel,0,30,2017,February,8,21,0,4,2,0.0,0,HB,FRA,Online TA,TA/TO,0,0,0,A,A,0,No Deposit,7.0,0,Transient,92.94,0,0
City Hotel,0,20,2017,February,8,20,1,4,2,0.0,0,BB,DEU,Offline TA/TO,TA/TO,0,0,0,A,A,0,No Deposit,168.0,0,Transient,68.0,0,2
City Hotel,0,68,2017,February,8,20,1,4,2,0.0,0,BB,BGR,Online TA,TA/TO,0,0,0,A,A,0,No Deposit,9.0,0,Transient,90.1,0,2
City Hotel,0,0,2017,February,8,24,0,1,2,0.0,0,BB,PRT,Online TA,TA/TO,1,0,0,A,D,1,No Deposit,9.0,0,Transient,12.0,0,0
City Hotel,0,2,2017,February,8,24,0,1,2,0.0,0,BB,PRT,Direct,Direct,0,0,0,A,A,1,No Deposit,,0,Transient,88.0,0,1
City Hotel,0,34,2017,February,8,19,2,4,2,0.0,0,BB,FRA,Offline TA/TO,TA/TO,0,0,0,A,D,0,No Deposit,28.0,0,Transient,75.0,0,0
City Hotel,0,2,2017,February,8,24,0,1,2,0.0,0,BB,PRT,Online TA,TA/TO,0,0,0,A,A,0,No Deposit,9.0,0,Transient,97.0,0,1
City Hotel,0,53,2017,February,8,19,2,4,2,0.0,0,HB,FRA,Online TA,TA/TO,0,0,0,A,A,0,No Deposit,7.0,0,Transient,89.54,0,1
City Hotel,0,29,2017,February,8,20,1,4,2,0.0,0,BB,DEU,Online TA,TA/TO,0,0,0,D,D,0,No Deposit,7.0,0,Transient,70.39,0,0
City Hotel,0,8,2017,February,8,24,0,1,2,0.0,0,BB,PRT,Direct,Direct,0,0,0,A,A,0,No Deposit,,0,Transient,98.0,0,1
City Hotel,0,20,2017,February,8,21,0,4,2,0.0,0,BB,PRT,Online TA,TA/TO,0,0,0,A,A,1,No Deposit,9.0,0,Transient,88.4,0,0
City Hotel,0,50,2017,February,7,18,2,5,2,0.0,0,BB,FRA,Offline TA/TO,TA/TO,0,0,0,A,A,0,No Deposit,28.0,0,Transient,68.0,0,0
City Hotel,0,3,2017,February,8,20,1,4,2,0.0,0,BB,GBR,Online TA,TA/TO,0,0,0,A,A,0,No Deposit,9.0,0,Transient,91.8,0,0
City Hotel,0,13,2017,February,8,22,0,3,2,0.0,0,BB,GBR,Online TA,GDS,0,0,0,A,A,1,No Deposit,195.0,0,Transient,105.33,0,1
City Hotel,0,1,2017,February,8,24,0,1,2,0.0,0,SC,USA,Online TA,TA/TO,0,0,0,A,A,0,No Deposit,152.0,0,Transient,51.66,0,0
City Hotel,0,16,2017,February,8,22,0,4,2,0.0,0,BB,USA,Online TA,TA/TO,0,0,0,D,D,0,No Deposit,9.0,0,Transient,100.73,0,1
City Hotel,0,258,2017,February,8,25,0,1,2,0.0,0,SC,GBR,Online TA,TA/TO,0,0,0,A,A,0,No Deposit,9.0,0,Transient,79.2,0,2
City Hotel,0,34,2017,February,8,22,0,4,2,0.0,0,BB,BEL,Online TA,TA/TO,0,0,0,D,D,0,No Deposit,9.0,0,Transient,98.6,0,0
City Hotel,0,0,2017,February,8,25,0,1,2,0.0,0,BB,GBR,Online TA,TA/TO,0,0,0,A,A,0,No Deposit,9.0,0,Transient,118.0,0,1
City Hotel,0,0,2017,February,8,25,0,1,2,0.0,0,BB,FRA,Direct,Direct,0,0,0,A,A,1,No Deposit,14.0,0,Transient,108.0,0,0
City Hotel,0,8,2017,February,8,25,0,1,2,0.0,0,BB,GBR,Online TA,TA/TO,0,0,0,D,D,0,No Deposit,9.0,0,Transient,128.0,0,1
City Hotel,0,14,2017,February,8,23,0,3,2,0.0,0,BB,GBR,Online TA,TA/TO,0,0,0,D,D,0,No Deposit,9.0,0,Transient,121.33,0,1
City Hotel,0,14,2017,February,8,23,0,3,2,0.0,0,BB,GBR,Online TA,TA/TO,0,0,0,D,D,0,No Deposit,9.0,0,Transient,121.33,0,1
City Hotel,0,216,2017,February,8,24,0,2,2,0.0,0,BB,FRA,Online TA,TA/TO,0,0,0,A,A,0,No Deposit,7.0,0,Transient,65.83,0,2
City Hotel,0,3,2017,February,8,23,0,3,2,0.0,0,BB,FRA,Online TA,TA/TO,0,0,0,D,D,0,No Deposit,9.0,0,Transient,118.0,0,0
City Hotel,0,10,2017,February,8,21,0,5,2,0.0,0,BB,ITA,Online TA,TA/TO,0,0,0,D,D,0,No Deposit,9.0,0,Transient,102.0,0,0
City Hotel,0,28,2017,February,8,22,0,4,2,0.0,0,BB,GBR,Online TA,TA/TO,0,0,0,D,D,0,No Deposit,9.0,0,Transient,98.6,0,3
City Hotel,0,11,2017,February,8,23,0,3,2,0.0,0,BB,RUS,Online TA,TA/TO,0,0,0,D,D,0,No Deposit,9.0,0,Transient,121.33,0,1
City Hotel,0,11,2017,February,8,24,0,2,2,0.0,0,BB,FRA,Direct,Direct,0,0,0,D,D,0,No Deposit,14.0,0,Transient,118.0,0,0
City Hotel,0,0,2017,February,8,25,0,1,2,0.0,0,SC,ITA,Online TA,TA/TO,0,0,0,A,A,0,No Deposit,9.0,0,Transient,107.0,1,2
City Hotel,0,134,2017,February,8,25,0,1,2,0.0,0,BB,PRT,Groups,TA/TO,0,0,0,A,A,1,No Deposit,30.0,0,Transient-Party,0.0,0,0
City Hotel,0,38,2017,February,8,22,0,4,2,0.0,0,BB,ESP,Online TA,TA/TO,0,0,0,D,D,0,No Deposit,9.0,0,Transient,100.3,0,2
City Hotel,0,3,2017,February,8,24,0,2,2,0.0,0,BB,PRT,Direct,Direct,0,0,0,D,D,0,No Deposit,14.0,0,Transient,113.0,0,0
City Hotel,0,0,2017,February,8,25,0,1,2,0.0,0,SC,PRT,Direct,Direct,0,0,0,A,A,0,No Deposit,,0,Transient,88.0,0,0
City Hotel,0,134,2017,February,8,25,0,1,2,0.0,0,BB,PRT,Groups,TA/TO,0,0,0,A,A,1,No Deposit,30.0,0,Transient-Party,75.0,0,1
City Hotel,0,5,2017,February,8,25,0,1,2,0.0,0,BB,ESP,Direct,Direct,0,0,0,E,F,0,No Deposit,14.0,0,Transient,167.0,1,1
City Hotel,0,43,2017,February,8,23,0,3,2,0.0,0,BB,BRA,Online TA,TA/TO,0,0,0,D,D,0,No Deposit,9.0,0,Transient,125.0,0,0
City Hotel,0,13,2017,February,8,23,0,3,2,0.0,0,BB,GBR,Online TA,TA/TO,0,0,0,D,D,1,No Deposit,9.0,0,Transient,122.4,0,2
City Hotel,0,134,2017,February,8,25,0,1,2,0.0,0,BB,PRT,Groups,TA/TO,0,0,0,A,A,1,No Deposit,30.0,0,Transient-Party,75.0,0,1
City Hotel,0,134,2017,February,8,25,0,1,2,0.0,0,BB,PRT,Groups,TA/TO,0,0,0,A,A,1,No Deposit,30.0,0,Transient-Party,75.0,0,0
City Hotel,0,1,2017,February,8,25,0,1,2,0.0,0,BB,PRT,Direct,Direct,0,0,0,A,A,0,No Deposit,14.0,0,Transient,98.0,1,0
City Hotel,0,0,2017,February,8,24,0,2,2,0.0,0,SC,ESP,Online TA,TA/TO,0,0,0,A,A,0,No Deposit,152.0,0,Transient,67.31,0,0
City Hotel,0,207,2017,February,8,24,0,2,2,0.0,0,SC,GBR,Online TA,TA/TO,0,0,0,A,F,0,No Deposit,9.0,0,Transient,79.2,0,1
City Hotel,0,207,2017,February,8,24,0,2,2,0.0,0,SC,GBR,Online TA,TA/TO,0,0,0,A,A,0,No Deposit,9.0,0,Transient,79.2,0,1
City Hotel,0,0,2017,February,8,25,0,1,2,0.0,0,BB,PRT,Direct,Direct,0,0,0,A,A,0,No Deposit,,0,Transient,108.0,0,0
City Hotel,0,207,2017,February,8,24,0,2,2,0.0,0,SC,GBR,Online TA,TA/TO,0,0,0,A,A,0,No Deposit,9.0,0,Transient,79.2,0,1
City Hotel,0,4,2017,February,8,24,0,2,2,0.0,0,BB,PRT,Direct,Direct,0,0,0,D,D,1,No Deposit,,0,Transient,113.0,0,0
City Hotel,0,22,2017,February,8,23,0,3,2,0.0,0,BB,DEU,Online TA,TA/TO,0,0,0,D,D,0,No Deposit,9.0,0,Transient,118.0,0,0
City Hotel,0,207,2017,February,8,24,0,2,2,0.0,0,SC,GBR,Online TA,TA/TO,0,0,0,A,A,0,No Deposit,9.0,0,Transient,79.2,0,3
City Hotel,0,11,2017,February,8,21,0,5,2,0.0,0,BB,GBR,Online TA,TA/TO,0,0,0,D,D,0,No Deposit,9.0,0,Transient,99.28,0,0
City Hotel,0,134,2017,February,8,25,0,1,2,0.0,0,BB,PRT,Groups,TA/TO,0,0,0,A,A,1,No Deposit,30.0,0,Transient-Party,75.0,0,0
City Hotel,0,207,2017,February,8,24,0,2,2,0.0,0,SC,GBR,Online TA,TA/TO,0,0,0,A,G,0,No Deposit,9.0,0,Transient,79.2,0,1
City Hotel,0,11,2017,February,8,24,0,2,2,0.0,0,BB,GBR,Online TA,TA/TO,0,0,0,D,E,0,No Deposit,9.0,0,Transient,123.0,0,0
City Hotel,0,134,2017,February,8,25,0,1,2,0.0,0,BB,PRT,Groups,TA/TO,0,0,0,A,A,1,No Deposit,30.0,0,Transient-Party,84.0,1,1
City Hotel,0,207,2017,February,8,24,0,2,2,0.0,0,SC,GBR,Online TA,TA/TO,0,0,0,A,G,0,No Deposit,9.0,0,Transient,79.2,0,1
City Hotel,0,134,2017,February,8,25,0,1,2,0.0,0,BB,PRT,Groups,TA/TO,0,0,0,A,A,1,No Deposit,30.0,0,Transient-Party,84.0,1,0
City Hotel,0,0,2017,February,8,25,0,1,2,0.0,0,SC,PRT,Direct,Direct,0,0,0,A,A,0,No Deposit,,0,Transient,98.0,0,0
City Hotel,0,134,2017,February,8,24,0,2,2,0.0,0,BB,PRT,Online TA,TA/TO,0,0,0,A,A,0,No Deposit,9.0,0,Transient,93.6,0,3
City Hotel,0,0,2017,February,8,25,0,1,2,0.0,0,SC,USA,Online TA,TA/TO,0,0,0,A,A,0,No Deposit,152.0,0,Transient,64.95,0,0
City Hotel,0,7,2017,February,8,22,1,4,2,0.0,0,BB,MAR,Online TA,TA/TO,0,0,0,D,D,0,No Deposit,9.0,0,Transient,102.0,0,1
City Hotel,0,175,2017,February,8,24,1,2,2,0.0,0,SC,GBR,Online TA,TA/TO,0,0,0,A,A,0,No Deposit,9.0,0,Transient,79.2,0,3
City Hotel,0,175,2017,February,8,24,1,2,2,0.0,0,SC,GBR,Online TA,TA/TO,0,0,0,A,A,0,No Deposit,9.0,0,Transient,79.2,0,3
City Hotel,0,17,2017,February,8,19,3,5,2,0.0,0,BB,CZE,Offline TA/TO,TA/TO,0,0,0,D,D,0,No Deposit,85.0,0,Transient,76.5,0,0
City Hotel,0,49,2017,February,8,24,1,2,2,0.0,0,BB,NLD,Offline TA/TO,TA/TO,0,0,0,A,C,0,No Deposit,85.0,0,Transient,72.0,0,1
City Hotel,0,0,2017,February,8,24,1,2,2,0.0,0,BB,NLD,Offline TA/TO,TA/TO,0,0,0,A,A,0,No Deposit,85.0,0,Transient,72.0,0,1
City Hotel,0,1,2017,February,8,25,1,1,2,0.0,0,SC,ESP,Online TA,TA/TO,0,0,0,A,A,0,No Deposit,9.0,0,Transient,93.0,0,1
City Hotel,0,16,2017,February,8,24,1,2,2,0.0,0,BB,ISR,Online TA,TA/TO,0,0,0,D,D,0,No Deposit,9.0,0,Transient,130.33,1,0
City Hotel,0,8,2017,February,8,22,1,4,2,0.0,0,BB,FRA,Online TA,TA/TO,0,0,0,D,D,0,No Deposit,9.0,0,Transient,102.0,0,0
City Hotel,0,31,2017,February,9,26,1,0,2,0.0,0,HB,PRT,Direct,Direct,0,0,0,A,A,0,No Deposit,14.0,0,Transient,143.0,0,2
City Hotel,0,45,2017,February,8,24,1,2,2,0.0,0,HB,GBR,Online TA,TA/TO,0,0,0,D,D,0,No Deposit,9.0,0,Transient,152.1,0,1
City Hotel,0,336,2017,February,8,21,1,5,2,0.0,0,SC,DEU,Online TA,TA/TO,0,0,0,A,A,0,No Deposit,9.0,0,Transient,67.15,0,2
City Hotel,0,34,2017,February,8,23,1,3,2,0.0,0,BB,DEU,Online TA,TA/TO,0,0,0,D,A,2,No Deposit,9.0,0,Transient,100.3,0,0
City Hotel,0,29,2017,February,8,22,1,4,2,0.0,0,BB,NLD,Online TA,TA/TO,0,0,0,D,D,1,No Deposit,9.0,0,Transient,100.74,0,0
City Hotel,0,38,2017,February,8,24,1,2,2,0.0,0,BB,NGA,Online TA,TA/TO,0,0,0,E,E,0,No Deposit,9.0,0,Transient,148.0,0,0
City Hotel,0,27,2017,February,8,24,1,2,2,0.0,0,BB,NLD,Online TA,TA/TO,0,0,0,D,F,0,No Deposit,9.0,0,Transient,118.0,0,1
City Hotel,0,18,2017,February,8,22,1,4,2,0.0,0,BB,FRA,Online TA,TA/TO,0,0,0,D,D,3,No Deposit,9.0,0,Transient,100.64,0,1
City Hotel,0,33,2017,February,8,24,2,2,2,0.0,0,BB,ITA,Online TA,TA/TO,0,0,0,D,D,0,No Deposit,9.0,0,Transient,100.3,1,2
City Hotel,0,145,2017,February,8,24,2,2,2,0.0,0,HB,NLD,Online TA,TA/TO,0,0,0,A,A,0,No Deposit,9.0,0,Transient,120.7,0,0
City Hotel,0,8,2017,February,9,26,2,0,2,0.0,0,SC,GBR,Online TA,TA/TO,0,0,0,A,A,0,No Deposit,9.0,0,Transient,88.0,0,0
City Hotel,0,17,2017,February,8,24,2,2,2,0.0,0,BB,NLD,Online TA,TA/TO,0,0,0,D,D,0,No Deposit,9.0,0,Transient,102.43,0,3
City Hotel,0,21,2017,February,8,23,2,3,2,0.0,0,BB,NLD,Online TA,TA/TO,0,0,0,D,D,0,No Deposit,9.0,0,Transient,100.3,0,0
City Hotel,0,27,2017,February,8,25,2,1,2,0.0,0,BB,DEU,Online TA,TA/TO,0,0,0,D,D,1,No Deposit,9.0,0,Transient,118.0,0,0
City Hotel,0,134,2017,February,8,25,2,1,2,0.0,0,BB,CHE,Online TA,TA/TO,0,0,0,D,D,0,No Deposit,9.0,0,Transient,126.0,0,3
City Hotel,0,134,2017,February,8,25,2,1,2,0.0,0,BB,CHE,Online TA,TA/TO,0,0,0,B,B,1,No Deposit,9.0,0,Transient,82.44,0,3
City Hotel,0,134,2017,February,8,25,2,1,2,0.0,0,BB,CHE,Online TA,TA/TO,0,0,0,B,B,0,No Deposit,9.0,0,Transient,82.44,0,3
City Hotel,0,32,2017,February,9,26,2,0,2,0.0,0,BB,ESP,Offline TA/TO,TA/TO,0,0,0,A,A,1,No Deposit,28.0,0,Transient,75.0,0,0
City Hotel,0,197,2017,February,8,23,2,3,2,0.0,0,BB,FRA,Online TA,TA/TO,0,0,0,A,A,0,No Deposit,7.0,0,Transient,65.45,0,1
City Hotel,0,247,2017,February,8,24,2,2,2,0.0,0,BB,DEU,Online TA,TA/TO,0,0,0,A,A,0,No Deposit,9.0,0,Transient,85.0,0,1
City Hotel,0,32,2017,February,9,26,2,0,2,0.0,0,BB,FRA,Offline TA/TO,TA/TO,0,0,0,A,A,1,No Deposit,28.0,0,Transient,75.0,0,0
City Hotel,0,1,2017,February,9,26,2,0,2,0.0,0,BB,PRT,Online TA,TA/TO,0,0,0,A,A,0,No Deposit,9.0,0,Transient,108.0,0,1
City Hotel,0,1,2017,February,9,26,2,0,2,0.0,0,BB,PRT,Online TA,TA/TO,0,0,0,A,A,0,No Deposit,9.0,0,Transient,108.0,0,1
City Hotel,0,4,2017,February,9,26,2,0,2,0.0,0,SC,ESP,Online TA,TA/TO,0,0,0,A,A,0,No Deposit,9.0,0,Transient,97.0,0,1
City Hotel,0,43,2017,February,9,26,2,0,2,0.0,0,BB,BEL,Online TA,TA/TO,0,0,0,A,A,0,No Deposit,9.0,0,Transient,108.0,0,3
City Hotel,0,4,2017,February,9,26,2,0,2,0.0,0,SC,ESP,Online TA,TA/TO,0,0,0,A,A,0,No Deposit,9.0,0,Transient,88.0,0,2
City Hotel,0,0,2017,February,8,25,2,1,2,0.0,0,SC,PRT,Online TA,TA/TO,0,0,0,A,A,0,No Deposit,9.0,0,Transient,91.33,0,0
City Hotel,0,43,2017,February,9,26,2,0,2,0.0,0,BB,BEL,Online TA,TA/TO,0,0,0,A,A,0,No Deposit,9.0,0,Transient,108.0,0,3
City Hotel,0,17,2017,February,8,25,2,1,2,0.0,0,BB,PRT,Online TA,TA/TO,0,0,0,D,D,0,No Deposit,9.0,0,Transient,121.33,0,1
City Hotel,0,135,2017,February,8,25,2,1,2,0.0,0,SC,ITA,Online TA,TA/TO,0,0,0,A,A,0,No Deposit,9.0,0,Transient,79.2,0,1
City Hotel,0,134,2017,February,8,25,2,1,2,0.0,0,BB,CHE,Online TA,TA/TO,0,0,0,A,A,1,No Deposit,9.0,0,Transient,93.6,0,2
City Hotel,0,0,2017,February,9,26,2,0,2,0.0,0,SC,USA,Online TA,TA/TO,0,0,0,A,A,0,No Deposit,152.0,0,Transient,58.31,0,0
City Hotel,0,8,2017,February,9,26,2,0,2,0.0,0,SC,PRT,Online TA,TA/TO,0,0,0,A,A,0,No Deposit,9.0,0,Transient,97.0,1,0
City Hotel,0,2,2017,February,9,28,0,0,2,0.0,0,SC,PRT,Direct,Direct,0,0,0,A,A,0,No Deposit,,0,Transient,0.0,1,0
City Hotel,0,41,2017,February,9,26,2,1,2,0.0,0,HB,FRA,Offline TA/TO,TA/TO,0,0,0,A,A,1,No Deposit,28.0,0,Transient,105.0,0,0
City Hotel,0,2,2017,February,9,27,1,1,2,0.0,0,BB,FIN,Offline TA/TO,TA/TO,0,0,0,A,A,0,No Deposit,52.0,0,Transient,80.0,0,1
City Hotel,0,0,2017,February,8,25,2,2,2,0.0,0,SC,PRT,Direct,Direct,0,0,0,A,A,0,No Deposit,,0,Transient,90.5,0,0
City Hotel,0,93,2017,February,9,26,2,1,2,0.0,0,BB,NLD,Online TA,TA/TO,0,0,0,A,A,0,No Deposit,9.0,0,Transient-Party,93.6,0,0
City Hotel,0,93,2017,February,9,26,2,1,2,0.0,0,BB,NLD,Online TA,TA/TO,0,0,0,A,A,0,No Deposit,9.0,0,Transient-Party,93.6,0,0
City Hotel,0,130,2017,February,8,25,2,2,2,0.0,0,BB,DEU,Online TA,TA/TO,0,0,0,D,D,0,No Deposit,9.0,0,Transient,96.9,0,1
City Hotel,0,0,2017,February,9,26,2,1,2,0.0,0,BB,PRT,Offline TA/TO,TA/TO,0,0,0,A,A,0,No Deposit,85.0,0,Transient,88.0,0,0
City Hotel,0,9,2017,February,8,25,2,2,2,0.0,0,BB,FRA,Offline TA/TO,TA/TO,0,0,0,A,A,0,No Deposit,28.0,0,Contract,68.0,0,0
City Hotel,0,0,2017,February,8,25,2,2,2,0.0,0,BB,BRA,Online TA,TA/TO,0,0,0,A,A,0,No Deposit,9.0,0,Transient,93.93,0,0
City Hotel,0,48,2017,February,9,27,1,1,2,0.0,0,BB,GBR,Online TA,TA/TO,0,0,0,A,A,0,No Deposit,9.0,0,Transient,95.4,0,1
City Hotel,0,48,2017,February,9,27,1,1,2,0.0,0,BB,GBR,Online TA,TA/TO,0,0,0,A,A,0,No Deposit,9.0,0,Transient,95.4,0,1
City Hotel,0,42,2017,February,9,26,2,1,2,0.0,0,SC,GBR,Online TA,TA/TO,0,0,0,A,A,0,No Deposit,7.0,0,Transient,69.5,0,1
City Hotel,0,45,2017,February,8,24,2,3,2,0.0,0,BB,ITA,Offline TA/TO,TA/TO,0,0,0,D,A,0,No Deposit,85.0,0,Transient,76.5,0,1
City Hotel,0,139,2017,February,8,25,2,2,2,0.0,0,SC,DEU,Online TA,TA/TO,0,0,0,A,A,0,No Deposit,9.0,0,Transient,74.8,0,2
City Hotel,0,7,2017,February,9,27,1,1,2,0.0,0,SC,IRL,Online TA,TA/TO,0,0,0,A,A,0,No Deposit,9.0,0,Transient,88.0,0,0
City Hotel,0,45,2017,February,8,24,2,3,2,0.0,0,BB,PRT,Offline TA/TO,TA/TO,0,0,0,D,D,0,No Deposit,85.0,0,Transient,76.5,0,1
City Hotel,0,18,2017,February,8,22,2,5,2,0.0,0,BB,FRA,Online TA,TA/TO,0,0,0,D,D,0,No Deposit,9.0,0,Transient,100.54,0,2
City Hotel,0,84,2017,February,9,26,2,1,2,0.0,0,BB,BEL,Online TA,TA/TO,0,0,0,D,D,0,No Deposit,9.0,0,Transient,102.6,0,1
City Hotel,0,8,2017,February,9,27,1,1,2,0.0,0,BB,NLD,Online TA,TA/TO,0,0,0,A,A,0,No Deposit,9.0,0,Transient,108.0,0,0
City Hotel,0,38,2017,February,9,26,2,1,2,0.0,0,BB,FRA,Offline TA/TO,TA/TO,0,0,0,A,A,1,No Deposit,28.0,0,Transient,75.0,0,0
City Hotel,0,1,2017,February,9,28,0,1,2,0.0,0,BB,DEU,Online TA,TA/TO,0,0,0,A,A,0,No Deposit,9.0,0,Transient,108.0,0,0
City Hotel,0,3,2017,February,8,24,2,3,2,0.0,0,BB,BEL,Online TA,TA/TO,0,0,0,D,A,0,No Deposit,9.0,0,Transient,100.3,0,3
City Hotel,0,6,2017,February,9,27,1,1,2,0.0,0,SC,GBR,Online TA,TA/TO,0,0,0,A,A,0,No Deposit,9.0,0,Transient,88.0,0,3
City Hotel,0,170,2017,February,9,26,2,1,2,0.0,0,SC,DEU,Online TA,TA/TO,0,0,0,A,A,0,No Deposit,9.0,0,Transient,88.0,0,2
City Hotel,0,0,2017,February,9,28,0,1,2,0.0,0,BB,PRT,Direct,Direct,0,0,0,A,A,1,No Deposit,14.0,0,Transient,98.0,0,0
City Hotel,0,348,2017,February,8,24,2,3,2,0.0,0,BB,DEU,Online TA,TA/TO,0,0,0,D,A,0,No Deposit,9.0,0,Transient,90.1,0,2
City Hotel,0,348,2017,February,8,24,2,3,2,0.0,0,BB,DEU,Online TA,TA/TO,0,0,0,D,A,0,No Deposit,9.0,0,Transient,90.1,0,2
City Hotel,0,348,2017,February,8,24,2,3,2,0.0,0,BB,DEU,Online TA,TA/TO,0,0,0,D,A,0,No Deposit,9.0,0,Transient,90.1,0,2
City Hotel,0,18,2017,February,9,26,2,2,2,0.0,0,HB,FRA,Online TA,TA/TO,0,0,0,A,A,0,No Deposit,9.0,0,Transient,124.1,0,0
City Hotel,0,14,2017,February,9,28,0,2,2,0.0,0,HB,FRA,Online TA,TA/TO,0,0,0,A,A,0,No Deposit,9.0,0,Transient,146.0,0,0
City Hotel,0,154,2017,March,9,1,0,1,2,0.0,0,BB,USA,Online TA,TA/TO,0,0,0,A,A,0,No Deposit,9.0,0,Transient,93.6,0,2
City Hotel,0,30,2017,February,9,26,2,2,2,0.0,0,BB,NLD,Direct,Direct,0,0,0,A,A,0,No Deposit,14.0,0,Transient-Party,77.0,0,2
City Hotel,0,30,2017,February,9,26,2,2,2,0.0,0,BB,NLD,Direct,Direct,0,0,0,A,A,0,No Deposit,14.0,0,Transient-Party,77.0,0,2
City Hotel,0,8,2017,February,9,27,1,2,2,0.0,0,BB,DEU,Online TA,TA/TO,0,0,0,A,A,0,No Deposit,9.0,0,Transient,117.0,0,0
City Hotel,0,63,2017,February,9,26,2,2,2,0.0,0,BB,GBR,Online TA,TA/TO,0,0,0,D,D,0,No Deposit,9.0,0,Transient,99.03,0,0
City Hotel,0,63,2017,February,9,26,2,2,2,0.0,0,BB,GBR,Online TA,TA/TO,0,0,0,D,D,0,No Deposit,9.0,0,Transient,99.03,0,0
City Hotel,0,51,2017,February,9,27,1,2,2,0.0,0,BB,DEU,Online TA,TA/TO,0,0,0,A,A,0,No Deposit,9.0,0,Transient,96.0,0,1
City Hotel,0,20,2017,February,9,26,2,2,2,0.0,0,BB,GBR,Direct,Direct,0,0,0,A,A,0,No Deposit,14.0,0,Transient,79.2,0,1
City Hotel,0,21,2017,March,9,1,0,1,2,0.0,0,SC,PRT,Online TA,TA/TO,0,0,0,A,A,0,No Deposit,9.0,0,Transient,88.0,0,1
City Hotel,0,41,2017,February,9,28,0,2,2,0.0,0,BB,FRA,Offline TA/TO,TA/TO,0,0,0,A,D,0,No Deposit,28.0,0,Transient,75.0,0,0
City Hotel,0,46,2017,February,9,27,1,2,2,0.0,0,BB,ESP,Online TA,TA/TO,0,0,0,A,A,0,No Deposit,9.0,0,Transient,97.2,0,0
City Hotel,0,46,2017,February,9,27,1,2,2,0.0,0,BB,ESP,Online TA,TA/TO,0,0,0,A,A,0,No Deposit,9.0,0,Transient,106.2,1,0
City Hotel,0,27,2017,February,9,26,2,2,2,0.0,0,BB,BEL,Direct,Direct,0,0,0,A,A,0,No Deposit,14.0,0,Transient,77.0,0,0
City Hotel,0,27,2017,February,9,26,2,2,2,0.0,0,HB,ROU,Online TA,TA/TO,0,0,0,A,A,0,No Deposit,9.0,0,Transient,124.53,0,2
City Hotel,0,14,2017,February,9,27,1,2,2,0.0,0,BB,GBR,Online TA,TA/TO,0,0,0,A,A,0,No Deposit,7.0,0,Transient,83.16,0,0
City Hotel,0,10,2017,February,9,27,1,2,2,0.0,0,BB,FRA,Online TA,TA/TO,0,0,0,D,A,0,No Deposit,354.0,0,Transient,89.33,0,0
City Hotel,0,89,2017,February,9,26,2,2,2,0.0,0,BB,DEU,Online TA,TA/TO,0,0,0,A,A,2,No Deposit,9.0,0,Transient,90.55,0,2
City Hotel,0,17,2017,February,9,26,2,2,2,0.0,0,SC,FRA,Online TA,TA/TO,0,0,0,A,A,0,No Deposit,9.0,0,Transient,74.8,0,0
City Hotel,0,14,2017,February,9,26,2,2,2,0.0,0,SC,FRA,Online TA,TA/TO,0,0,0,A,A,0,No Deposit,9.0,0,Transient,74.8,0,1
City Hotel,0,32,2017,February,9,26,2,2,2,0.0,0,SC,BEL,Online TA,TA/TO,0,0,0,A,A,0,No Deposit,9.0,0,Transient,74.8,0,2
City Hotel,0,7,2017,February,9,27,1,2,2,0.0,0,SC,DEU,Online TA,TA/TO,0,0,0,A,A,0,No Deposit,9.0,0,Transient,88.0,0,0
City Hotel,0,5,2017,February,9,26,2,2,2,0.0,0,BB,GBR,Direct,Direct,0,0,0,A,A,0,No Deposit,14.0,0,Transient,79.2,0,2
City Hotel,0,34,2017,February,9,27,1,2,2,0.0,0,SC,DEU,Online TA,TA/TO,0,0,0,A,A,0,No Deposit,9.0,0,Transient,88.0,0,2
City Hotel,0,15,2017,February,9,27,1,2,2,0.0,0,BB,IRL,Online TA,TA/TO,0,0,0,A,A,0,No Deposit,9.0,0,Transient,108.0,0,0
City Hotel,0,2,2017,March,9,1,0,1,2,0.0,0,HB,PRT,Direct,Direct,0,0,0,A,A,0,No Deposit,14.0,0,Transient,143.0,0,2
City Hotel,0,61,2017,February,9,27,1,2,2,0.0,0,BB,ITA,Online TA,TA/TO,0,0,0,A,A,0,No Deposit,9.0,0,Transient,96.0,0,2
City Hotel,0,46,2017,February,9,27,1,2,2,0.0,0,BB,BEL,Online TA,TA/TO,0,0,0,A,A,0,No Deposit,89.0,0,Transient,77.76,0,0
City Hotel,0,42,2017,February,9,26,2,2,2,0.0,0,BB,BEL,Online TA,TA/TO,0,0,0,D,D,0,No Deposit,9.0,0,Transient,102.0,0,2
City Hotel,0,29,2017,February,9,26,2,2,2,0.0,0,BB,DEU,Online TA,TA/TO,0,0,0,A,A,0,No Deposit,7.0,0,Transient,70.69,0,0
City Hotel,0,19,2017,February,9,26,2,2,2,0.0,0,BB,CHE,Online TA,TA/TO,0,0,0,A,A,0,No Deposit,9.0,0,Transient,91.8,0,2
City Hotel,0,5,2017,February,9,28,0,2,2,0.0,0,SC,PRT,Online TA,TA/TO,0,0,0,A,A,0,No Deposit,7.0,0,Transient,70.4,0,0
City Hotel,0,32,2017,February,9,26,2,2,2,0.0,0,SC,BEL,Online TA,TA/TO,0,0,0,A,A,0,No Deposit,9.0,0,Transient,74.8,0,2
City Hotel,0,27,2017,February,9,26,2,2,2,0.0,0,BB,GBR,Online TA,TA/TO,0,0,0,A,A,0,No Deposit,79.0,0,Transient,73.44,0,0
City Hotel,0,42,2017,February,9,26,2,2,2,0.0,0,BB,BEL,Online TA,TA/TO,0,0,0,D,D,0,No Deposit,9.0,0,Transient,102.0,0,2
City Hotel,0,3,2017,February,9,27,1,3,2,0.0,0,SC,FIN,Online TA,TA/TO,0,0,0,A,A,0,No Deposit,9.0,0,Transient,74.8,0,1
City Hotel,0,6,2017,February,9,27,1,3,2,0.0,0,BB,FRA,Online TA,TA/TO,0,0,0,A,A,1,No Deposit,9.0,0,Transient,91.75,0,1
City Hotel,0,15,2017,February,9,26,2,3,2,0.0,0,HB,PRT,Offline TA/TO,TA/TO,0,0,0,A,A,0,No Deposit,16.0,0,Transient,100.0,0,0
City Hotel,0,41,2017,February,9,28,0,3,2,0.0,0,BB,IRL,Offline TA/TO,TA/TO,0,0,0,A,A,0,No Deposit,22.0,0,Transient,80.0,0,0
City Hotel,0,3,2017,February,9,27,1,3,2,0.0,0,SC,FIN,Online TA,TA/TO,0,0,0,A,A,0,No Deposit,9.0,0,Transient,74.8,0,1
City Hotel,0,6,2017,March,9,2,0,1,2,0.0,0,BB,PRT,Online TA,TA/TO,0,0,0,A,K,0,No Deposit,9.0,0,Transient,108.0,0,1
City Hotel,0,5,2017,March,9,2,0,1,2,0.0,0,BB,ITA,Online TA,TA/TO,0,0,0,F,K,1,No Deposit,9.0,0,Transient-Party,198.0,0,0
City Hotel,0,87,2017,March,9,1,0,2,2,0.0,0,SC,ITA,Online TA,TA/TO,0,0,0,A,A,0,No Deposit,9.0,0,Transient,79.2,0,2
City Hotel,0,48,2017,March,9,2,0,1,2,0.0,0,BB,USA,Direct,Direct,0,0,0,A,A,0,No Deposit,14.0,0,Transient,77.0,0,0
City Hotel,0,3,2017,February,8,24,2,5,2,0.0,0,BB,DNK,Online TA,TA/TO,0,0,0,D,D,0,No Deposit,9.0,0,Transient,100.3,0,0
City Hotel,0,42,2017,February,9,27,1,3,2,0.0,0,BB,PRT,Offline TA/TO,TA/TO,0,0,0,A,D,0,No Deposit,28.0,0,Transient,75.0,0,0
City Hotel,0,40,2017,February,9,27,1,3,2,0.0,0,BB,FRA,Offline TA/TO,TA/TO,0,0,0,A,A,0,No Deposit,85.0,0,Transient,68.0,0,0
City Hotel,0,180,2017,February,8,24,2,5,2,0.0,0,BB,DEU,Online TA,TA/TO,0,0,0,A,A,0,No Deposit,7.0,0,Transient,64.67,0,1
City Hotel,0,24,2017,February,9,26,2,3,2,0.0,0,BB,DEU,Offline TA/TO,TA/TO,0,0,0,A,A,0,No Deposit,27.0,0,Transient,68.0,0,2
City Hotel,0,24,2017,February,9,26,2,3,2,0.0,0,BB,DEU,Offline TA/TO,TA/TO,0,0,0,A,A,0,No Deposit,27.0,0,Transient,68.0,0,2
City Hotel,0,337,2017,March,9,1,0,2,2,0.0,0,SC,ITA,Online TA,TA/TO,0,0,0,A,A,0,No Deposit,9.0,0,Transient,71.1,0,2
City Hotel,0,81,2017,February,9,27,1,3,2,0.0,0,SC,DEU,Online TA,TA/TO,0,0,0,A,A,0,No Deposit,9.0,0,Transient,74.8,0,1
City Hotel,0,337,2017,March,9,1,0,2,2,0.0,0,SC,ITA,Online TA,TA/TO,0,0,0,A,A,0,No Deposit,9.0,0,Transient,71.1,0,2
City Hotel,0,75,2017,February,9,27,1,3,2,0.0,0,BB,DEU,Online TA,TA/TO,0,0,0,A,A,0,No Deposit,9.0,0,Transient,90.95,0,2
City Hotel,0,38,2017,February,9,26,2,3,2,0.0,0,BB,FRA,Offline TA/TO,TA/TO,0,0,0,A,A,1,No Deposit,28.0,0,Transient,75.0,0,0
City Hotel,0,202,2017,February,9,27,1,3,2,0.0,0,BB,NLD,Online TA,TA/TO,0,0,0,B,A,1,No Deposit,9.0,0,Transient,76.16,0,2
City Hotel,0,5,2017,February,9,27,1,3,2,0.0,0,BB,FRA,Online TA,TA/TO,0,0,0,A,A,0,No Deposit,7.0,0,Transient,73.44,0,0
City Hotel,0,14,2017,February,9,27,1,3,2,0.0,0,BB,NLD,Online TA,TA/TO,0,0,0,A,A,0,No Deposit,9.0,0,Transient,91.8,0,3
City Hotel,0,44,2017,February,9,27,1,3,2,0.0,0,BB,BEL,Online TA,TA/TO,0,0,0,D,D,0,No Deposit,9.0,0,Transient-Party,136.0,0,2
City Hotel,0,7,2017,February,9,26,2,3,2,0.0,0,SC,NLD,Online TA,TA/TO,0,0,0,A,A,0,No Deposit,9.0,0,Transient,74.8,0,0
City Hotel,0,2,2017,February,9,27,1,3,2,0.0,0,SC,FRA,Online TA,TA/TO,0,0,0,A,A,0,No Deposit,9.0,0,Transient,74.8,0,0
City Hotel,0,79,2017,February,9,27,1,3,2,0.0,0,BB,CHE,Online TA,TA/TO,0,0,0,D,D,0,No Deposit,9.0,0,Transient,99.45,0,2
City Hotel,0,14,2017,March,9,2,0,1,2,0.0,0,BB,POL,Online TA,TA/TO,0,0,0,A,A,1,No Deposit,9.0,0,Transient,88.0,0,0
City Hotel,0,14,2017,February,9,28,0,3,2,0.0,0,BB,GBR,Offline TA/TO,TA/TO,0,0,0,A,A,0,No Deposit,22.0,0,Transient,80.0,0,1
City Hotel,0,63,2017,February,9,27,1,3,2,0.0,0,BB,PRT,Online TA,TA/TO,0,0,0,E,A,1,No Deposit,9.0,0,Transient,116.45,0,2
City Hotel,0,61,2017,February,9,26,2,3,2,0.0,0,BB,CHE,Direct,Direct,0,0,0,D,D,0,No Deposit,14.0,0,Transient,94.5,0,0
City Hotel,0,5,2017,February,9,26,2,3,2,0.0,0,BB,FIN,Online TA,TA/TO,0,0,0,A,A,0,No Deposit,7.0,0,Transient,73.44,0,0
City Hotel,0,0,2017,February,9,27,1,3,2,0.0,0,SC,PRT,Online TA,TA/TO,0,0,0,A,A,0,No Deposit,9.0,0,Transient,74.8,0,0
City Hotel,0,14,2017,February,9,27,1,3,2,0.0,0,SC,GBR,Online TA,TA/TO,0,0,0,A,C,0,No Deposit,9.0,0,Transient,74.8,0,2
City Hotel,0,8,2017,February,9,27,1,3,2,0.0,0,SC,PRT,Online TA,TA/TO,0,0,0,A,A,0,No Deposit,9.0,0,Transient,74.8,0,3
City Hotel,0,28,2017,March,9,1,0,2,2,0.0,0,BB,FRA,Online TA,TA/TO,0,0,0,D,D,0,No Deposit,9.0,0,Transient,118.0,0,0
City Hotel,0,13,2017,February,9,28,0,3,2,0.0,0,BB,GBR,Offline TA/TO,TA/TO,0,0,0,D,D,0,No Deposit,22.0,0,Transient,90.0,0,0
City Hotel,0,0,2017,March,9,2,0,1,2,0.0,0,BB,PRT,Direct,Direct,0,0,0,A,A,1,No Deposit,14.0,0,Transient,98.0,0,0
City Hotel,0,0,2017,March,9,1,0,2,2,0.0,0,SC,ISR,Online TA,TA/TO,0,0,0,A,K,0,No Deposit,7.0,0,Transient,70.4,0,0
City Hotel,0,1,2017,March,9,3,0,1,2,0.0,0,SC,ISR,Online TA,TA/TO,0,0,0,A,A,0,No Deposit,7.0,0,Transient,70.4,0,0
City Hotel,0,43,2017,March,9,3,0,0,2,0.0,0,BB,PRT,Offline TA/TO,TA/TO,0,0,0,A,K,0,No Deposit,28.0,0,Transient,0.0,0,0
City Hotel,0,1,2017,March,9,3,0,0,2,0.0,0,BB,PRT,Direct,Direct,0,0,0,F,F,0,No Deposit,,0,Transient,0.0,0,0
City Hotel,0,18,2017,February,9,27,1,4,2,0.0,0,BB,PRT,Offline TA/TO,TA/TO,0,0,0,A,A,0,No Deposit,52.0,0,Transient,68.0,0,1
City Hotel,0,5,2017,February,9,28,0,4,2,0.0,0,BB,FRA,Online TA,TA/TO,0,0,0,A,A,0,No Deposit,9.0,0,Transient,91.8,0,2
City Hotel,0,2,2017,March,9,1,0,3,2,0.0,0,BB,BRA,Direct,Direct,0,0,0,A,A,0,No Deposit,,0,Transient,98.0,0,0
City Hotel,0,112,2017,February,9,27,1,4,2,0.0,0,BB,BRA,Online TA,TA/TO,0,0,0,A,A,0,No Deposit,7.0,0,Transient,75.27,0,1
City Hotel,0,3,2017,February,9,28,0,4,2,0.0,0,SC,IRN,Online TA,TA/TO,0,0,0,A,A,0,No Deposit,9.0,0,Transient,74.8,0,0
City Hotel,0,13,2017,March,9,3,0,1,2,0.0,0,HB,FRA,Online TA,TA/TO,0,0,0,A,A,0,No Deposit,9.0,0,Transient,155.0,1,1
City Hotel,0,7,2017,March,9,3,0,1,2,0.0,0,SC,CHN,Online TA,TA/TO,0,0,0,A,A,0,No Deposit,9.0,0,Transient,79.2,0,0
City Hotel,0,138,2017,February,9,27,1,4,2,0.0,0,BB,PRT,Online TA,TA/TO,0,0,0,D,D,0,No Deposit,8.0,0,Transient,96.9,0,1
City Hotel,0,58,2017,February,9,28,0,4,2,0.0,0,BB,CHN,Online TA,TA/TO,0,0,0,E,E,1,No Deposit,9.0,0,Transient,116.88,0,0
City Hotel,0,33,2017,March,9,1,0,3,2,0.0,0,BB,DEU,Offline TA/TO,TA/TO,0,0,0,A,A,0,No Deposit,27.0,0,Transient,80.0,0,0
City Hotel,0,20,2017,February,9,27,1,4,2,0.0,0,BB,PRT,Online TA,TA/TO,0,0,0,D,D,0,No Deposit,9.0,0,Transient,100.3,0,0
City Hotel,0,0,2017,March,9,3,0,1,2,0.0,0,BB,FRA,Online TA,TA/TO,0,0,0,D,D,0,No Deposit,9.0,0,Transient,118.0,0,1
City Hotel,0,36,2017,March,9,2,0,2,2,0.0,0,BB,FRA,Offline TA/TO,TA/TO,0,0,0,A,D,1,No Deposit,28.0,0,Transient,75.0,0,0
City Hotel,0,101,2017,March,9,1,0,3,2,0.0,0,SC,GBR,Online TA,TA/TO,0,0,0,A,A,0,No Deposit,9.0,0,Transient,79.2,0,3
City Hotel,0,212,2017,February,9,28,0,4,2,0.0,0,HB,ITA,Online TA,TA/TO,0,0,0,A,A,0,No Deposit,9.0,0,Transient,117.3,0,1
City Hotel,0,0,2017,February,9,26,2,4,2,0.0,0,BB,POL,Online TA,TA/TO,0,0,0,A,A,0,No Deposit,9.0,0,Transient,91.8,0,0
City Hotel,0,51,2017,March,9,2,0,2,2,0.0,0,SC,NLD,Online TA,TA/TO,0,0,0,A,A,0,No Deposit,8.0,0,Transient,88.2,0,1
City Hotel,0,118,2017,March,9,1,0,3,2,0.0,0,BB,PRT,Online TA,TA/TO,0,0,0,A,A,0,No Deposit,7.0,0,Transient,68.47,0,1
City Hotel,0,1,2017,March,9,3,0,1,2,0.0,0,BB,PRT,Direct,Direct,0,0,0,A,A,0,No Deposit,,0,Transient,98.0,0,1
City Hotel,0,53,2017,February,9,26,2,4,2,0.0,0,HB,PRT,Offline TA/TO,TA/TO,0,0,0,A,A,0,No Deposit,22.0,0,Transient,100.0,0,0
City Hotel,0,2,2017,March,9,1,0,3,2,0.0,0,SC,NLD,Online TA,TA/TO,0,0,0,A,A,0,No Deposit,9.0,0,Transient,88.0,0,1
City Hotel,0,20,2017,March,9,1,0,3,2,0.0,0,BB,PRT,Offline TA/TO,TA/TO,0,0,0,A,A,0,No Deposit,28.0,0,Transient,80.0,0,0
City Hotel,0,7,2017,February,9,26,2,4,2,0.0,0,BB,DEU,Online TA,TA/TO,0,0,0,A,A,0,No Deposit,7.0,0,Transient,69.77,0,0
City Hotel,0,235,2017,March,9,3,0,1,2,0.0,0,SC,USA,Online TA,TA/TO,0,0,0,A,A,0,No Deposit,7.0,0,Transient,60.98,0,1
City Hotel,0,3,2017,February,9,28,0,4,2,0.0,0,BB,DEU,Online TA,TA/TO,0,0,0,D,D,0,No Deposit,9.0,0,Transient,100.3,0,1
City Hotel,0,41,2017,March,9,1,0,3,2,0.0,0,BB,FRA,Offline TA/TO,TA/TO,0,0,0,A,D,0,No Deposit,28.0,0,Transient,75.0,0,0
City Hotel,0,0,2017,February,9,26,2,4,2,0.0,0,SC,BEL,Online TA,TA/TO,0,0,0,A,A,0,No Deposit,9.0,0,Transient,74.8,0,0
City Hotel,0,0,2017,March,9,3,0,1,2,0.0,0,BB,AGO,Direct,Direct,0,0,0,E,E,0,No Deposit,,0,Transient,152.0,0,0
City Hotel,0,5,2017,February,9,28,0,5,2,0.0,0,BB,NOR,Online TA,TA/TO,0,0,0,D,D,0,No Deposit,9.0,0,Transient,100.3,0,0
City Hotel,0,15,2017,March,9,2,0,3,2,0.0,0,SC,FRA,Online TA,TA/TO,0,0,0,A,A,0,No Deposit,9.0,0,Transient,88.0,0,3
City Hotel,0,18,2017,February,9,28,0,5,2,0.0,0,SC,GRC,Online TA,TA/TO,0,0,0,A,A,0,No Deposit,9.0,0,Transient,74.8,0,0
City Hotel,0,13,2017,March,9,3,0,2,2,0.0,0,BB,GBR,Online TA,TA/TO,0,0,0,D,D,0,No Deposit,7.0,0,Transient,89.68,0,0
City Hotel,0,11,2017,March,9,3,0,2,2,0.0,0,SC,BEL,Online TA,TA/TO,0,0,0,A,A,0,No Deposit,9.0,0,Transient,88.0,0,0
City Hotel,0,5,2017,March,9,2,0,3,2,0.0,0,BB,HUN,Online TA,TA/TO,0,0,0,A,A,0,No Deposit,83.0,0,Transient,86.4,0,0
City Hotel,0,107,2017,March,9,2,0,3,2,0.0,0,BB,IRL,Online TA,TA/TO,0,0,0,A,A,0,No Deposit,9.0,0,Transient,93.6,0,2
City Hotel,0,22,2017,March,9,1,0,4,2,0.0,0,BB,NLD,Online TA,TA/TO,0,0,0,A,A,0,No Deposit,7.0,0,Transient,67.15,0,1
City Hotel,0,35,2017,March,9,1,0,4,2,0.0,0,BB,NLD,Online TA,TA/TO,0,0,0,D,D,2,No Deposit,9.0,0,Transient,104.73,0,2
City Hotel,0,20,2017,March,9,2,0,3,2,0.0,0,SC,GBR,Online TA,TA/TO,0,0,0,A,A,0,No Deposit,9.0,0,Transient,88.0,0,1
City Hotel,0,35,2017,March,9,1,0,4,2,0.0,0,BB,NLD,Online TA,TA/TO,0,0,0,D,D,2,No Deposit,9.0,0,Transient,104.73,0,2
City Hotel,0,49,2017,March,9,2,0,3,2,0.0,0,BB,GBR,Direct,Direct,0,0,0,A,A,0,No Deposit,14.0,0,Transient,77.0,0,0
City Hotel,0,1,2017,March,9,2,0,3,2,0.0,0,BB,AUS,Online TA,TA/TO,0,0,0,A,A,0,No Deposit,9.0,0,Transient,108.0,0,0
City Hotel,0,1,2017,March,9,4,0,1,2,0.0,0,BB,PRT,Online TA,TA/TO,0,0,0,A,A,0,No Deposit,9.0,0,Transient,117.0,0,0
City Hotel,0,44,2017,March,9,1,0,4,2,0.0,0,BB,ITA,Online TA,TA/TO,0,0,0,D,D,0,No Deposit,9.0,0,Transient,100.3,0,2
City Hotel,0,44,2017,March,9,1,0,4,2,0.0,0,BB,ITA,Online TA,TA/TO,0,0,0,D,D,0,No Deposit,9.0,0,Transient,100.3,0,2
City Hotel,0,13,2017,March,9,1,0,4,2,0.0,0,BB,NLD,Online TA,TA/TO,0,0,0,A,A,0,No Deposit,9.0,0,Transient,91.8,0,3
City Hotel,0,65,2017,March,9,2,0,3,2,0.0,0,BB,GBR,Offline TA/TO,TA/TO,0,0,0,A,D,1,No Deposit,28.0,0,Transient,72.0,0,1
City Hotel,0,67,2017,March,9,3,0,2,2,0.0,0,BB,ESP,Online TA,TA/TO,0,0,0,D,D,0,No Deposit,9.0,0,Transient,106.2,0,1
City Hotel,0,16,2017,March,9,2,0,3,2,0.0,0,BB,FRA,Offline TA/TO,TA/TO,0,0,0,A,D,0,No Deposit,28.0,0,Contract,68.0,0,0
City Hotel,0,53,2017,February,9,26,2,5,2,0.0,0,HB,DEU,Offline TA/TO,TA/TO,0,0,0,D,D,0,No Deposit,22.0,0,Transient,108.5,0,0
City Hotel,0,10,2017,March,9,3,0,2,2,0.0,0,BB,DEU,Online TA,TA/TO,0,0,0,A,A,0,No Deposit,9.0,0,Transient,108.0,0,0
City Hotel,0,29,2017,February,9,26,2,5,2,0.0,0,BB,DEU,Offline TA/TO,TA/TO,0,0,0,A,A,0,No Deposit,27.0,0,Transient,68.0,0,2
City Hotel,0,2,2017,March,9,3,0,2,2,0.0,0,SC,PRT,Online TA,TA/TO,0,0,0,A,A,0,No Deposit,9.0,0,Transient,88.0,0,1
City Hotel,0,45,2017,March,9,3,0,2,2,0.0,0,BB,FRA,Offline TA/TO,TA/TO,0,0,0,A,D,0,No Deposit,28.0,0,Transient,75.0,0,0
City Hotel,0,21,2017,March,9,4,0,1,2,0.0,0,SC,CHN,Online TA,TA/TO,0,0,0,A,A,0,No Deposit,9.0,0,Transient,88.0,0,1
City Hotel,0,7,2017,March,9,1,0,4,2,0.0,0,BB,SWE,Online TA,TA/TO,0,0,0,A,A,0,No Deposit,8.0,0,Transient,91.8,0,1
City Hotel,0,22,2017,March,9,3,0,2,2,0.0,0,BB,DEU,Online TA,TA/TO,0,0,0,A,A,0,No Deposit,7.0,0,Transient,79.0,0,0
City Hotel,0,24,2017,March,9,3,0,2,2,0.0,0,BB,FRA,Offline TA/TO,TA/TO,0,0,0,A,D,1,No Deposit,28.0,0,Contract,68.0,0,0
City Hotel,0,45,2017,March,9,3,0,2,2,0.0,0,BB,FRA,Offline TA/TO,TA/TO,0,0,0,A,D,0,No Deposit,28.0,0,Transient,75.0,0,0
City Hotel,0,84,2017,March,9,3,0,2,2,0.0,0,SC,FRA,Online TA,TA/TO,0,0,0,A,A,0,No Deposit,9.0,0,Transient,79.2,0,2
City Hotel,0,41,2017,March,9,2,0,3,2,0.0,0,SC,GBR,Offline TA/TO,TA/TO,0,0,0,A,A,0,No Deposit,42.0,0,Transient,70.0,0,0
City Hotel,0,1,2017,March,9,1,0,4,2,0.0,0,SC,IND,Online TA,TA/TO,0,0,0,A,A,0,No Deposit,9.0,0,Transient,74.8,0,0
City Hotel,0,51,2017,March,9,4,0,1,2,0.0,0,HB,FRA,Online TA,TA/TO,0,0,0,A,A,0,No Deposit,9.0,0,Transient,133.2,0,1
City Hotel,0,13,2017,March,9,2,0,3,2,0.0,0,BB,PRT,Direct,Direct,0,0,0,A,A,0,No Deposit,14.0,0,Transient,79.2,0,1
City Hotel,0,0,2017,March,9,4,0,1,2,0.0,0,SC,PRT,Direct,Direct,0,0,0,A,A,1,No Deposit,,0,Transient,85.0,0,0
City Hotel,0,135,2017,March,9,3,0,2,2,0.0,0,SC,GBR,Online TA,TA/TO,0,0,0,A,A,0,No Deposit,9.0,0,Transient,79.2,0,1
City Hotel,0,167,2017,March,9,2,0,3,2,0.0,0,BB,FRA,Offline TA/TO,TA/TO,0,0,0,A,D,0,No Deposit,28.0,0,Transient,75.0,0,0
City Hotel,0,78,2017,March,9,2,0,3,2,0.0,0,BB,DEU,Online TA,TA/TO,0,0,0,A,A,0,No Deposit,9.0,0,Transient,97.2,0,3
City Hotel,0,19,2017,March,9,2,0,3,2,0.0,0,SC,ESP,Online TA,TA/TO,0,0,0,A,A,0,No Deposit,9.0,0,Transient,97.0,0,1
City Hotel,0,0,2017,March,9,4,0,1,2,0.0,0,SC,BEL,Online TA,TA/TO,0,0,0,A,A,0,No Deposit,9.0,0,Transient,79.2,0,1
City Hotel,0,203,2017,March,9,2,0,3,2,0.0,0,SC,GBR,Online TA,TA/TO,0,0,0,A,A,0,No Deposit,7.0,0,Transient,57.93,0,2
City Hotel,0,203,2017,March,9,2,0,3,2,0.0,0,SC,GBR,Online TA,TA/TO,0,0,0,A,A,0,No Deposit,7.0,0,Transient,57.93,0,2
City Hotel,0,203,2017,March,9,2,0,3,2,0.0,0,SC,GBR,Online TA,TA/TO,0,0,0,A,A,0,No Deposit,7.0,0,Transient,57.93,0,2
City Hotel,0,42,2017,March,9,2,0,3,2,0.0,0,BB,FRA,Offline TA/TO,TA/TO,0,0,0,A,D,0,No Deposit,28.0,0,Transient,75.0,0,0
City Hotel,0,203,2017,March,9,2,0,3,2,0.0,0,SC,GBR,Online TA,TA/TO,0,0,0,A,A,0,No Deposit,7.0,0,Transient,57.93,0,2
City Hotel,0,203,2017,March,9,2,0,3,2,0.0,0,SC,GBR,Online TA,TA/TO,0,0,0,A,A,0,No Deposit,7.0,0,Transient,57.93,0,2
City Hotel,0,0,2017,March,9,4,0,1,2,0.0,0,SC,IRL,Online TA,TA/TO,0,0,0,A,A,0,No Deposit,9.0,0,Transient,88.0,0,1
City Hotel,0,203,2017,March,9,2,0,3,2,0.0,0,SC,GBR,Online TA,TA/TO,0,0,0,A,A,0,No Deposit,7.0,0,Transient,57.93,0,2
City Hotel,0,17,2017,March,9,3,0,2,2,0.0,0,SC,GBR,Online TA,TA/TO,0,0,0,A,A,0,No Deposit,7.0,0,Transient,67.76,0,0
City Hotel,0,13,2017,March,9,1,0,4,2,0.0,0,BB,NLD,Online TA,TA/TO,0,0,0,A,A,0,No Deposit,9.0,0,Transient,91.8,0,3
City Hotel,0,0,2017,March,10,5,0,0,2,0.0,0,BB,PRT,Direct,Direct,1,0,0,A,A,1,No Deposit,,0,Transient,0.0,0,0
City Hotel,0,67,2017,March,9,3,0,2,2,0.0,0,BB,ESP,Online TA,TA/TO,0,0,0,D,D,1,No Deposit,9.0,0,Transient,151.2,0,1
City Hotel,0,20,2017,March,9,2,0,3,2,0.0,0,SC,GBR,Online TA,TA/TO,0,0,0,A,A,0,No Deposit,9.0,0,Transient,88.0,0,1
City Hotel,0,49,2017,March,9,2,0,3,2,0.0,0,BB,GBR,Direct,Direct,0,0,0,A,A,0,No Deposit,14.0,0,Transient,77.0,0,0
City Hotel,0,0,2017,March,9,4,0,1,2,0.0,0,SC,AGO,Online TA,TA/TO,0,0,0,A,A,0,No Deposit,9.0,0,Transient,79.2,0,2
City Hotel,0,11,2017,March,9,3,0,2,2,0.0,0,BB,BRA,Online TA,TA/TO,0,0,0,A,A,1,No Deposit,9.0,0,Transient,112.5,0,1
City Hotel,0,44,2017,March,9,2,0,3,2,0.0,0,BB,PRT,Offline TA/TO,TA/TO,0,0,0,A,D,0,No Deposit,28.0,0,Transient,75.0,0,0
City Hotel,0,1,2017,March,9,3,0,2,2,0.0,0,BB,PRT,Online TA,TA/TO,0,0,0,A,A,0,No Deposit,9.0,0,Transient,108.0,0,1
City Hotel,0,30,2017,March,9,2,1,3,2,0.0,0,BB,PRT,Online TA,TA/TO,0,0,0,D,D,0,No Deposit,9.0,0,Transient,107.05,0,0
City Hotel,0,47,2017,March,9,4,1,1,2,0.0,0,BB,FRA,Offline TA/TO,TA/TO,0,0,0,A,D,0,No Deposit,28.0,0,Transient,75.0,0,0
City Hotel,0,8,2017,March,9,1,1,4,2,0.0,0,BB,DEU,Offline TA/TO,TA/TO,0,0,0,A,A,0,No Deposit,168.0,0,Transient,68.0,0,0
City Hotel,0,0,2017,March,10,5,1,0,2,0.0,0,SC,PRT,Online TA,TA/TO,0,0,0,A,A,0,No Deposit,9.0,0,Transient,79.2,0,0
City Hotel,0,27,2017,March,9,3,1,2,2,0.0,0,SC,FRA,Online TA,TA/TO,0,0,0,A,A,0,No Deposit,9.0,0,Transient,88.0,0,1
City Hotel,0,1,2017,March,9,4,1,1,2,0.0,0,SC,FRA,Online TA,TA/TO,0,0,0,A,K,0,No Deposit,9.0,0,Transient,88.0,0,1
City Hotel,0,104,2017,March,9,3,1,2,2,0.0,0,BB,BRA,Online TA,TA/TO,0,0,0,A,A,0,No Deposit,9.0,0,Transient,97.2,0,0
City Hotel,0,14,2017,March,9,3,1,2,2,0.0,0,BB,BRA,Online TA,TA/TO,0,0,0,A,A,0,No Deposit,9.0,0,Transient,108.0,0,0
City Hotel,0,24,2017,March,9,2,1,3,2,0.0,0,BB,BIH,Online TA,TA/TO,0,0,0,A,A,0,No Deposit,9.0,0,Transient,91.8,0,2
City Hotel,0,11,2017,March,10,6,1,4,2,0.0,0,BB,AGO,Online TA,TA/TO,0,0,0,D,D,0,No Deposit,,0,Transient,102.0,0,0
City Hotel,0,17,2017,March,9,2,1,3,2,0.0,0,BB,DNK,Online TA,TA/TO,0,0,0,A,A,0,No Deposit,7.0,0,Transient,70.69,0,1
City Hotel,0,27,2017,March,9,3,1,2,2,0.0,0,BB,USA,Online TA,TA/TO,0,0,0,A,A,0,No Deposit,9.0,0,Transient,108.0,0,0
City Hotel,0,79,2017,March,9,3,1,2,2,0.0,0,BB,DEU,Online TA,TA/TO,0,0,0,D,D,0,No Deposit,9.0,0,Transient,106.2,0,0
City Hotel,0,11,2017,March,9,3,1,2,2,0.0,0,BB,BRA,Direct,Direct,0,0,0,A,A,0,No Deposit,14.0,0,Transient,88.2,1,0
City Hotel,0,10,2017,March,9,3,1,2,2,0.0,0,BB,BRA,Direct,Direct,0,0,0,A,A,0,No Deposit,14.0,0,Transient,79.2,0,0
City Hotel,0,26,2017,March,9,4,1,1,2,0.0,0,BB,IRL,Direct,Direct,0,0,0,A,A,0,No Deposit,14.0,0,Transient,79.2,0,2
City Hotel,0,11,2017,March,9,3,1,2,2,0.0,0,BB,BRA,Direct,Direct,0,0,0,A,A,0,No Deposit,14.0,0,Transient,79.2,0,1
City Hotel,0,22,2017,March,9,1,1,4,2,0.0,0,SC,BRA,Online TA,TA/TO,0,0,0,A,A,0,No Deposit,9.0,0,Transient,74.8,0,0
City Hotel,0,14,2017,March,10,10,0,1,2,0.0,0,BB,BRA,Online TA,TA/TO,0,0,1,E,E,0,No Deposit,9.0,0,Group,158.0,0,1
City Hotel,0,84,2017,March,9,3,1,2,2,0.0,0,BB,FRA,Online TA,TA/TO,0,0,0,A,A,0,No Deposit,9.0,0,Transient,97.2,0,1
City Hotel,0,16,2017,March,10,5,1,0,2,0.0,0,SC,FRA,Online TA,TA/TO,0,0,0,A,A,0,No Deposit,9.0,0,Transient,88.0,0,1
City Hotel,0,22,2017,March,9,1,1,4,2,0.0,0,SC,BRA,Online TA,TA/TO,0,0,0,A,A,0,No Deposit,9.0,0,Transient,74.8,0,1
City Hotel,0,14,2017,March,10,10,0,1,2,0.0,0,BB,BRA,Online TA,TA/TO,0,0,1,E,E,0,No Deposit,9.0,0,Group,198.0,0,1
City Hotel,0,18,2017,March,9,2,1,3,2,0.0,0,BB,FRA,Direct,Direct,0,0,0,A,A,0,No Deposit,14.0,0,Transient,97.2,1,0
City Hotel,0,34,2017,March,9,4,1,1,2,0.0,0,BB,JPN,Online TA,TA/TO,0,0,0,D,D,0,No Deposit,9.0,0,Transient,118.0,0,0
City Hotel,0,133,2017,March,9,3,1,2,2,0.0,0,BB,DEU,Online TA,TA/TO,0,0,0,A,A,1,No Deposit,9.0,0,Transient,93.6,0,2
City Hotel,0,22,2017,March,9,3,1,2,2,0.0,0,BB,ESP,Offline TA/TO,TA/TO,0,0,0,A,A,0,No Deposit,42.0,0,Transient,80.0,0,1
City Hotel,0,133,2017,March,9,3,1,2,2,0.0,0,BB,DEU,Online TA,TA/TO,0,0,0,A,A,1,No Deposit,9.0,0,Transient,93.6,0,2
City Hotel,0,25,2017,March,9,3,1,2,2,0.0,0,SC,FRA,Online TA,TA/TO,0,0,0,A,A,0,No Deposit,7.0,0,Transient,64.37,0,1
City Hotel,0,37,2017,March,9,3,1,2,2,0.0,0,BB,FRA,Online TA,TA/TO,0,0,0,D,D,0,No Deposit,9.0,0,Transient,118.0,0,0
City Hotel,0,47,2017,March,9,3,1,2,2,0.0,0,BB,POL,Online TA,TA/TO,0,0,0,D,D,0,No Deposit,9.0,0,Transient,108.0,0,1
City Hotel,0,13,2017,March,9,3,1,2,2,0.0,0,BB,DEU,Online TA,TA/TO,0,0,0,A,A,0,No Deposit,7.0,0,Transient,86.4,0,0
City Hotel,0,28,2017,February,9,27,2,5,2,0.0,0,HB,DEU,Offline TA/TO,TA/TO,0,0,0,D,D,0,No Deposit,27.0,0,Transient,105.4,0,0
City Hotel,0,6,2017,March,9,4,1,1,2,0.0,0,BB,PRT,Direct,Direct,0,0,0,A,A,1,No Deposit,14.0,0,Transient,98.0,0,1
City Hotel,0,12,2017,March,9,4,1,1,2,0.0,0,BB,IRL,Online TA,TA/TO,0,0,0,D,D,0,No Deposit,9.0,0,Transient,118.0,0,0
City Hotel,0,19,2017,March,9,1,1,4,2,0.0,0,BB,CHE,Direct,Direct,0,0,0,D,D,0,No Deposit,14.0,0,Transient,133.0,0,2
City Hotel,0,26,2017,March,9,3,1,2,2,0.0,0,SC,ROU,Online TA,TA/TO,0,0,0,A,A,0,No Deposit,9.0,0,Transient,88.0,0,1
City Hotel,0,3,2017,March,9,2,1,3,2,0.0,0,BB,SRB,Direct,Direct,0,0,0,A,A,0,No Deposit,14.0,0,Transient,79.2,0,1
City Hotel,0,6,2017,March,9,1,1,4,2,0.0,0,BB,DEU,Online TA,TA/TO,0,0,0,A,A,0,No Deposit,9.0,0,Transient,91.8,0,0
City Hotel,0,2,2017,March,10,5,1,0,2,0.0,0,BB,DEU,Online TA,TA/TO,0,0,0,A,A,0,No Deposit,7.0,0,Transient,82.08,0,0
City Hotel,0,17,2017,March,9,3,1,2,2,0.0,0,SC,PRT,Online TA,TA/TO,0,0,0,A,A,0,No Deposit,7.0,0,Transient,67.76,0,0
City Hotel,0,41,2017,March,9,2,1,3,2,0.0,0,BB,FRA,Offline TA/TO,TA/TO,0,0,0,A,D,0,No Deposit,28.0,0,Transient,75.0,0,0
City Hotel,0,1,2017,March,9,3,1,2,2,0.0,0,BB,BRA,Online TA,TA/TO,0,0,0,A,A,0,No Deposit,9.0,0,Transient,91.8,0,0
City Hotel,0,43,2017,March,9,4,2,1,2,0.0,0,BB,FRA,Offline TA/TO,TA/TO,0,0,0,A,D,0,No Deposit,28.0,0,Transient,75.0,0,0
City Hotel,0,6,2017,March,10,5,2,0,2,0.0,0,SC,FIN,Online TA,TA/TO,0,0,0,A,A,0,No Deposit,9.0,0,Transient,92.5,0,1
City Hotel,0,98,2017,March,9,4,2,1,2,0.0,0,BB,FRA,Online TA,TA/TO,0,0,0,A,A,0,No Deposit,9.0,0,Transient,97.2,0,2
City Hotel,0,47,2017,March,9,1,2,4,2,0.0,0,BB,BRA,Online TA,TA/TO,0,0,0,D,D,0,No Deposit,9.0,0,Transient,102.0,0,1
City Hotel,0,56,2017,March,10,6,1,0,2,0.0,0,BB,IRL,Direct,Direct,0,0,0,B,B,1,No Deposit,14.0,0,Transient-Party,79.74,0,0
City Hotel,0,78,2017,March,9,2,2,3,2,0.0,0,SC,POL,Online TA,TA/TO,0,0,0,A,A,0,No Deposit,9.0,0,Transient,74.8,0,2
City Hotel,0,26,2017,March,9,2,2,3,2,0.0,0,BB,AUT,Online TA,TA/TO,0,0,0,A,A,0,No Deposit,9.0,0,Transient,91.8,0,1
City Hotel,0,11,2017,March,10,5,2,0,2,0.0,0,BB,USA,Online TA,TA/TO,0,0,0,A,A,0,No Deposit,7.0,0,Transient,95.4,0,0
City Hotel,0,1,2017,March,10,6,1,0,2,0.0,0,BB,PRT,Online TA,TA/TO,0,0,0,A,A,0,No Deposit,7.0,0,Transient,91.08,0,0
City Hotel,0,31,2017,March,9,2,2,3,2,0.0,0,BB,GBR,Offline TA/TO,TA/TO,0,0,0,D,D,0,No Deposit,42.0,0,Transient,76.5,0,0
City Hotel,0,0,2017,March,10,6,1,0,2,0.0,0,BB,BRA,Complementary,Direct,0,0,0,A,D,0,No Deposit,,0,Transient,0.0,0,0
City Hotel,0,2,2017,March,10,5,2,0,2,0.0,0,SC,PRT,Direct,Direct,0,0,0,A,D,0,No Deposit,,0,Transient,92.5,0,0
City Hotel,0,16,2017,March,9,2,2,3,2,0.0,0,BB,TUR,Online TA,TA/TO,0,0,0,A,A,0,No Deposit,9.0,0,Transient,91.8,0,0
City Hotel,0,85,2017,March,10,5,2,0,2,0.0,0,SC,NLD,Online TA,TA/TO,0,0,0,A,D,0,No Deposit,9.0,0,Transient,79.2,0,2
City Hotel,0,25,2017,March,9,3,2,2,2,0.0,0,SC,DEU,Online TA,TA/TO,0,0,0,A,A,0,No Deposit,7.0,0,Transient,54.71,0,1
City Hotel,0,5,2017,March,9,2,2,3,2,0.0,0,SC,DEU,Online TA,TA/TO,0,0,0,A,A,0,No Deposit,9.0,0,Transient,74.8,0,1
City Hotel,0,97,2017,March,9,3,2,2,2,0.0,0,SC,ITA,Online TA,TA/TO,0,0,0,A,A,0,No Deposit,9.0,0,Transient,74.8,0,0
City Hotel,0,22,2017,March,9,4,2,1,2,0.0,0,BB,FRA,Online TA,TA/TO,0,0,0,D,D,0,No Deposit,9.0,0,Transient,118.0,0,1
City Hotel,0,1,2017,March,10,6,1,0,2,0.0,0,SC,FRA,Online TA,TA/TO,0,0,0,A,A,0,No Deposit,,0,Transient,88.0,0,1
City Hotel,0,40,2017,March,10,6,1,0,2,0.0,0,BB,DEU,Online TA,TA/TO,0,0,0,D,D,0,No Deposit,9.0,0,Transient,118.0,0,1
City Hotel,0,5,2017,March,9,2,2,3,2,0.0,0,SC,PRT,Online TA,TA/TO,0,0,0,A,A,0,No Deposit,9.0,0,Transient,74.8,0,0
City Hotel,0,286,2017,March,9,4,2,1,2,0.0,0,BB,USA,Online TA,TA/TO,0,0,0,A,A,0,No Deposit,7.0,0,Transient,63.06,0,1
City Hotel,0,57,2017,March,9,3,2,2,2,0.0,0,BB,SWE,Online TA,TA/TO,0,0,0,D,D,0,No Deposit,9.0,0,Transient,100.3,0,1
City Hotel,0,33,2017,March,9,2,2,3,2,0.0,0,BB,FRA,Online TA,TA/TO,0,0,0,D,D,0,No Deposit,9.0,0,Transient,100.3,0,0
City Hotel,0,75,2017,March,9,1,2,4,2,0.0,0,BB,DEU,Online TA,TA/TO,0,0,0,A,A,0,No Deposit,9.0,0,Transient,91.8,0,1
City Hotel,0,28,2017,March,9,4,2,1,2,0.0,0,BB,FRA,Online TA,TA/TO,0,0,0,A,A,0,No Deposit,9.0,0,Transient,108.0,0,3
City Hotel,0,25,2017,March,9,2,2,3,2,0.0,0,BB,DEU,Online TA,TA/TO,0,0,0,A,A,0,No Deposit,7.0,0,Transient,67.15,0,1
City Hotel,0,26,2017,March,9,1,2,4,2,0.0,0,BB,GBR,Direct,Direct,0,0,0,D,D,0,No Deposit,14.0,0,Transient,113.0,0,1
City Hotel,0,8,2017,February,9,27,3,5,2,0.0,0,SC,RUS,Online TA,TA/TO,0,0,0,A,A,0,No Deposit,9.0,0,Transient,74.8,0,3
City Hotel,0,47,2017,March,10,5,2,0,2,0.0,0,BB,FRA,Online TA,TA/TO,0,0,0,A,A,0,No Deposit,155.0,0,Transient,120.5,0,2
City Hotel,0,0,2017,March,10,7,0,0,2,0.0,0,HB,PRT,Offline TA/TO,TA/TO,1,0,0,E,K,0,No Deposit,15.0,0,Transient,0.0,0,0
City Hotel,0,0,2017,March,10,7,0,1,2,0.0,0,SC,PRT,Online TA,TA/TO,0,0,0,A,C,0,No Deposit,9.0,0,Transient,88.2,0,0
City Hotel,0,42,2017,March,9,2,2,4,2,0.0,0,BB,CHE,Online TA,TA/TO,0,0,0,D,A,0,No Deposit,9.0,0,Transient,100.3,0,0
City Hotel,0,42,2017,March,9,2,2,4,2,0.0,0,BB,CHE,Online TA,TA/TO,0,0,0,D,A,0,No Deposit,9.0,0,Transient,100.3,0,0
City Hotel,0,137,2017,March,10,6,1,1,2,0.0,0,BB,ISR,Groups,TA/TO,0,0,0,A,A,0,No Deposit,37.0,0,Transient-Party,80.0,0,1
City Hotel,0,137,2017,March,10,6,1,1,2,0.0,0,BB,ISR,Groups,TA/TO,0,0,0,A,A,0,No Deposit,37.0,0,Transient-Party,80.0,0,1
City Hotel,0,137,2017,March,10,6,1,1,2,0.0,0,BB,ISR,Groups,TA/TO,0,0,0,A,A,0,No Deposit,37.0,0,Transient-Party,80.0,0,1
City Hotel,0,137,2017,March,10,6,1,1,2,0.0,0,BB,ISR,Groups,TA/TO,0,0,0,A,A,0,No Deposit,37.0,0,Transient-Party,80.0,0,1
City Hotel,0,137,2017,March,10,6,1,1,2,0.0,0,BB,ISR,Groups,TA/TO,0,0,0,A,A,0,No Deposit,37.0,0,Transient-Party,80.0,0,1
City Hotel,0,137,2017,March,10,6,1,1,2,0.0,0,BB,ISR,Groups,TA/TO,0,0,0,A,A,0,No Deposit,37.0,0,Transient-Party,80.0,0,1
City Hotel,0,13,2017,March,10,5,2,1,2,0.0,0,BB,FRA,Direct,Direct,0,0,0,D,D,0,No Deposit,14.0,0,Transient,122.0,0,0
City Hotel,0,137,2017,March,10,6,1,1,2,0.0,0,BB,ISR,Groups,TA/TO,0,0,0,A,A,0,No Deposit,37.0,0,Transient-Party,80.0,0,1
City Hotel,0,137,2017,March,10,6,1,1,2,0.0,0,BB,ISR,Groups,TA/TO,0,0,0,A,A,0,No Deposit,37.0,0,Transient-Party,80.0,0,1
City Hotel,0,137,2017,March,10,6,1,1,2,0.0,0,BB,ISR,Groups,TA/TO,0,0,0,A,A,0,No Deposit,37.0,0,Transient-Party,80.0,0,1
City Hotel,0,137,2017,March,10,6,1,1,2,0.0,0,BB,ISR,Groups,TA/TO,0,0,0,A,A,0,No Deposit,37.0,0,Transient-Party,80.0,0,1
City Hotel,0,137,2017,March,10,6,1,1,2,0.0,0,BB,ISR,Groups,TA/TO,0,0,0,A,A,0,No Deposit,37.0,0,Transient-Party,80.0,0,1
City Hotel,0,137,2017,March,10,6,1,1,2,0.0,0,BB,ISR,Groups,TA/TO,0,0,0,A,A,0,No Deposit,37.0,0,Transient-Party,80.0,0,1
City Hotel,0,137,2017,March,10,6,1,1,2,0.0,0,BB,ISR,Groups,TA/TO,0,0,0,A,A,1,No Deposit,37.0,0,Transient-Party,80.0,0,1
City Hotel,0,137,2017,March,10,6,1,1,2,0.0,0,BB,ISR,Groups,TA/TO,0,0,0,A,A,0,No Deposit,37.0,0,Transient-Party,80.0,0,1
City Hotel,0,137,2017,March,10,6,1,1,2,0.0,0,BB,ISR,Groups,TA/TO,0,0,0,A,A,0,No Deposit,37.0,0,Transient-Party,80.0,0,1
City Hotel,0,137,2017,March,10,6,1,1,2,0.0,0,BB,ISR,Groups,TA/TO,0,0,0,A,A,0,No Deposit,37.0,0,Transient-Party,80.0,0,1
City Hotel,0,137,2017,March,10,6,1,1,2,0.0,0,BB,ISR,Groups,TA/TO,0,0,0,A,A,0,No Deposit,37.0,0,Transient-Party,80.0,0,1
City Hotel,0,137,2017,March,10,6,1,1,2,0.0,0,BB,ISR,Groups,TA/TO,0,0,0,A,A,0,No Deposit,37.0,0,Transient-Party,80.0,0,1
City Hotel,0,137,2017,March,10,6,1,1,2,0.0,0,BB,ISR,Groups,TA/TO,0,0,0,A,A,0,No Deposit,37.0,0,Transient-Party,80.0,0,1
City Hotel,0,137,2017,March,10,6,1,1,2,0.0,0,BB,ISR,Groups,TA/TO,0,0,0,A,A,0,No Deposit,37.0,0,Transient-Party,80.0,0,1
City Hotel,0,137,2017,March,10,6,1,1,2,0.0,0,BB,ISR,Groups,TA/TO,0,0,0,A,A,0,No Deposit,37.0,0,Transient-Party,80.0,0,1
City Hotel,0,137,2017,March,10,6,1,1,2,0.0,0,BB,ISR,Groups,TA/TO,0,0,0,A,A,0,No Deposit,37.0,0,Transient-Party,80.0,0,1
City Hotel,0,137,2017,March,10,6,1,1,2,0.0,0,BB,ISR,Groups,TA/TO,0,0,0,A,A,0,No Deposit,37.0,0,Transient-Party,80.0,0,1
City Hotel,0,137,2017,March,10,6,1,1,2,0.0,0,BB,ISR,Groups,TA/TO,0,0,0,A,A,0,No Deposit,37.0,0,Transient-Party,80.0,0,1
City Hotel,0,137,2017,March,10,6,1,1,2,0.0,0,BB,ISR,Groups,TA/TO,0,0,0,A,A,0,No Deposit,37.0,0,Transient-Party,80.0,0,1
City Hotel,0,137,2017,March,10,6,1,1,2,0.0,0,BB,ISR,Groups,TA/TO,0,0,0,A,A,0,No Deposit,37.0,0,Transient-Party,80.0,0,1
City Hotel,0,137,2017,March,10,6,1,1,2,0.0,0,BB,ISR,Groups,TA/TO,0,0,0,A,A,0,No Deposit,37.0,0,Transient-Party,80.0,0,1
City Hotel,0,137,2017,March,10,6,1,1,2,0.0,0,BB,ISR,Groups,TA/TO,0,0,0,A,A,0,No Deposit,37.0,0,Transient-Party,80.0,0,1
City Hotel,0,39,2017,March,10,5,2,1,2,0.0,0,BB,FRA,Offline TA/TO,TA/TO,0,0,0,A,D,0,No Deposit,28.0,0,Transient,75.0,0,0
City Hotel,0,48,2017,March,10,6,1,1,2,0.0,0,BB,BEL,Offline TA/TO,TA/TO,0,0,0,A,D,0,No Deposit,28.0,0,Transient,75.0,0,0
City Hotel,0,88,2017,March,10,5,2,1,2,0.0,0,BB,NLD,Online TA,TA/TO,0,0,0,A,A,0,No Deposit,9.0,0,Transient,97.2,0,3
City Hotel,0,31,2017,March,9,4,2,2,2,0.0,0,BB,BRA,Online TA,TA/TO,0,0,0,D,D,0,No Deposit,7.0,0,Transient,77.23,0,0
City Hotel,0,83,2017,March,9,4,2,2,2,0.0,0,SC,CHE,Online TA,TA/TO,0,0,0,A,A,0,No Deposit,7.0,0,Transient,54.71,0,1
City Hotel,0,21,2017,March,10,6,1,1,2,0.0,0,BB,FRA,Online TA,TA/TO,0,0,0,D,D,0,No Deposit,9.0,0,Transient,118.0,0,0
City Hotel,0,45,2017,March,10,5,2,1,2,0.0,0,BB,BEL,Online TA,TA/TO,0,0,0,A,A,0,No Deposit,9.0,0,Transient,97.2,0,2
City Hotel,0,55,2017,March,10,5,2,1,2,0.0,0,SC,GBR,Online TA,TA/TO,0,0,0,A,D,0,No Deposit,7.0,0,Transient,57.93,0,1
City Hotel,0,25,2017,March,9,3,2,3,2,0.0,0,BB,CHE,Online TA,TA/TO,0,0,0,A,A,1,No Deposit,7.0,0,Transient,60.94,0,1
City Hotel,0,0,2017,March,10,5,2,1,2,0.0,0,BB,FRA,Offline TA/TO,TA/TO,0,0,0,A,A,0,No Deposit,28.0,0,Transient,75.0,0,0
City Hotel,0,44,2017,March,10,5,2,1,2,0.0,0,BB,FRA,Offline TA/TO,TA/TO,0,0,0,A,D,0,No Deposit,28.0,0,Transient,75.0,0,0
City Hotel,0,29,2017,March,9,4,2,2,2,0.0,0,BB,DEU,Online TA,TA/TO,0,0,0,A,A,0,No Deposit,9.0,0,Transient,91.8,0,1
City Hotel,0,152,2017,March,10,5,2,1,2,0.0,0,BB,IRL,Online TA,TA/TO,0,0,0,D,D,0,No Deposit,9.0,0,Transient,102.6,0,2
City Hotel,0,23,2017,March,9,3,2,3,2,0.0,0,BB,DEU,Offline TA/TO,TA/TO,0,0,0,A,A,0,No Deposit,168.0,0,Transient,68.0,0,0
City Hotel,0,5,2017,March,9,3,2,3,2,0.0,0,BB,CN,Direct,Direct,0,0,0,D,D,0,No Deposit,14.0,0,Transient,105.7,0,2
City Hotel,0,14,2017,March,9,4,2,2,2,0.0,0,BB,DEU,Online TA,TA/TO,0,0,0,D,D,0,No Deposit,7.0,0,Transient,80.24,0,0
City Hotel,0,137,2017,March,10,6,1,1,2,0.0,0,BB,PRT,Groups,TA/TO,0,0,0,A,A,0,No Deposit,37.0,0,Transient-Party,80.0,0,1
City Hotel,0,49,2017,March,9,3,2,3,2,0.0,0,BB,DEU,Offline TA/TO,TA/TO,0,0,0,A,A,0,No Deposit,27.0,0,Transient,68.0,0,0
City Hotel,0,66,2017,March,10,7,0,2,2,0.0,0,SC,JPN,Online TA,TA/TO,0,0,0,A,A,0,No Deposit,9.0,0,Transient,79.2,0,0
City Hotel,0,32,2017,March,10,5,2,2,2,0.0,0,SC,FRA,Online TA,TA/TO,0,0,0,A,A,0,No Deposit,9.0,0,Transient,74.8,0,0
City Hotel,0,174,2017,March,10,5,2,2,2,0.0,0,BB,FRA,Groups,TA/TO,0,0,0,A,A,0,No Deposit,,0,Transient-Party,90.0,0,1
City Hotel,0,174,2017,March,10,5,2,2,2,0.0,0,BB,FRA,Groups,TA/TO,0,0,0,A,A,0,No Deposit,,0,Transient-Party,90.0,0,1
City Hotel,0,174,2017,March,10,5,2,2,2,0.0,0,BB,FRA,Groups,TA/TO,0,0,0,A,A,0,No Deposit,,0,Transient-Party,90.0,0,1
City Hotel,0,174,2017,March,10,5,2,2,2,0.0,0,BB,FRA,Groups,TA/TO,0,0,0,A,A,0,No Deposit,,0,Transient-Party,90.0,0,1
City Hotel,0,174,2017,March,10,5,2,2,2,0.0,0,BB,FRA,Groups,TA/TO,0,0,0,A,A,0,No Deposit,,0,Transient-Party,90.0,0,1
City Hotel,0,174,2017,March,10,5,2,2,2,0.0,0,BB,FRA,Groups,TA/TO,0,0,0,A,A,0,No Deposit,,0,Transient-Party,90.0,0,1
City Hotel,0,174,2017,March,10,5,2,2,2,0.0,0,BB,FRA,Groups,TA/TO,0,0,0,A,A,0,No Deposit,,0,Transient-Party,90.0,0,1
City Hotel,0,174,2017,March,10,5,2,2,2,0.0,0,BB,FRA,Groups,TA/TO,0,0,0,A,A,0,No Deposit,,0,Transient-Party,90.0,0,1
City Hotel,0,174,2017,March,10,5,2,2,2,0.0,0,BB,FRA,Groups,TA/TO,0,0,0,A,A,0,No Deposit,,0,Transient-Party,90.0,0,1
City Hotel,0,174,2017,March,10,5,2,2,2,0.0,0,BB,FRA,Groups,TA/TO,0,0,0,A,A,0,No Deposit,,0,Transient-Party,90.0,0,1
City Hotel,0,174,2017,March,10,5,2,2,2,0.0,0,BB,FRA,Groups,TA/TO,0,0,0,A,A,0,No Deposit,,0,Transient-Party,90.0,0,1
City Hotel,0,174,2017,March,10,5,2,2,2,0.0,0,BB,FRA,Groups,TA/TO,0,0,0,A,A,0,No Deposit,,0,Transient-Party,90.0,0,0
City Hotel,0,46,2017,March,10,7,0,2,2,0.0,0,BB,BEL,Online TA,TA/TO,0,0,0,A,A,0,No Deposit,9.0,0,Transient,97.2,0,0
City Hotel,0,60,2017,March,10,5,2,2,2,0.0,0,BB,DEU,Direct,Direct,0,0,0,A,A,0,No Deposit,14.0,0,Transient,77.0,0,2
City Hotel,0,34,2017,March,10,5,2,2,2,0.0,0,BB,BEL,Online TA,TA/TO,0,0,0,D,D,0,No Deposit,9.0,0,Transient,100.3,0,1
City Hotel,0,46,2017,March,9,4,2,3,2,0.0,0,BB,FRA,Offline TA/TO,TA/TO,0,0,0,A,D,0,No Deposit,28.0,0,Transient,75.0,0,0
City Hotel,0,83,2017,March,10,5,2,2,2,0.0,0,BB,GBR,Direct,Direct,0,0,0,D,D,0,No Deposit,14.0,0,Transient,97.2,0,0
City Hotel,0,64,2017,March,10,5,2,2,2,0.0,0,BB,GBR,Online TA,TA/TO,0,0,0,A,D,0,No Deposit,7.0,0,Transient,70.69,0,2
City Hotel,0,18,2017,March,10,5,2,2,2,0.0,0,BB,BEL,Online TA,TA/TO,0,0,0,A,A,0,No Deposit,9.0,0,Transient,91.8,0,3
City Hotel,0,101,2017,March,10,5,2,2,2,0.0,0,SC,ITA,Online TA,TA/TO,0,0,0,A,A,0,No Deposit,9.0,0,Transient,74.8,0,0
City Hotel,0,54,2017,March,10,5,2,2,2,0.0,0,BB,FRA,Online TA,TA/TO,0,0,0,A,A,0,No Deposit,7.0,0,Transient,67.15,0,1
City Hotel,0,1,2017,March,10,8,0,1,2,0.0,0,BB,PRT,Corporate,Corporate,0,0,0,A,A,0,No Deposit,,0,Transient,80.0,1,0
City Hotel,0,39,2017,March,10,6,1,2,2,0.0,0,HB,FRA,Online TA,TA/TO,0,0,0,A,A,0,No Deposit,9.0,0,Transient,148.0,0,3
City Hotel,0,45,2017,March,10,5,2,2,2,0.0,0,BB,FRA,Online TA,TA/TO,0,0,0,A,A,0,No Deposit,9.0,0,Transient,91.8,0,1
City Hotel,0,60,2017,March,10,5,2,2,2,0.0,0,BB,GBR,Online TA,TA/TO,0,0,0,D,D,2,No Deposit,9.0,0,Transient,100.3,0,3
City Hotel,0,226,2017,March,10,7,0,2,2,0.0,0,BB,USA,Offline TA/TO,TA/TO,0,0,0,A,A,0,No Deposit,83.0,0,Transient,72.0,0,0
City Hotel,0,103,2017,March,10,5,2,2,2,0.0,0,BB,USA,Online TA,TA/TO,0,0,0,A,A,0,No Deposit,7.0,0,Transient,72.94,0,0
City Hotel,0,55,2017,March,10,6,1,2,2,0.0,0,BB,BEL,Online TA,TA/TO,0,0,0,A,A,0,No Deposit,9.0,0,Transient,97.2,0,2
City Hotel,0,0,2017,March,10,8,0,1,2,0.0,0,SC,FRA,Direct,Direct,0,0,0,A,A,0,No Deposit,,0,Transient,75.0,0,0
City Hotel,0,109,2017,March,10,7,0,2,2,0.0,0,SC,GBR,Online TA,TA/TO,0,0,0,A,A,0,No Deposit,79.0,0,Transient,63.36,0,0
City Hotel,0,32,2017,March,9,4,2,3,2,0.0,0,BB,DNK,Online TA,TA/TO,0,0,0,D,D,0,No Deposit,7.0,0,Transient,73.37,0,1
City Hotel,0,35,2017,March,10,5,2,2,2,0.0,0,BB,FRA,Online TA,TA/TO,0,0,0,A,A,0,No Deposit,9.0,0,Transient,91.8,0,0
City Hotel,0,37,2017,March,10,6,1,3,2,0.0,0,BB,GBR,Online TA,TA/TO,0,0,0,A,A,0,No Deposit,7.0,0,Transient,70.69,0,1
City Hotel,0,86,2017,March,10,5,2,3,2,0.0,0,BB,FRA,Online TA,TA/TO,0,0,0,A,A,0,No Deposit,9.0,0,Transient,91.8,0,2
City Hotel,0,73,2017,March,10,6,1,3,2,0.0,0,SC,FRA,Online TA,TA/TO,0,0,0,A,A,0,No Deposit,9.0,0,Transient,74.8,0,0
City Hotel,0,73,2017,March,10,6,1,3,2,0.0,0,SC,FRA,Online TA,TA/TO,0,0,0,A,A,0,No Deposit,9.0,0,Transient,74.8,0,0
City Hotel,0,90,2017,March,10,7,0,3,2,0.0,0,BB,BRA,Online TA,TA/TO,0,0,0,D,D,3,No Deposit,9.0,0,Transient,112.2,0,2
City Hotel,0,39,2017,March,10,6,1,3,2,0.0,0,BB,DEU,Online TA,TA/TO,0,0,0,A,A,0,No Deposit,7.0,0,Transient,67.15,0,0
City Hotel,0,38,2017,March,10,7,0,3,2,0.0,0,SC,IRL,Online TA,TA/TO,0,0,0,A,A,0,No Deposit,9.0,0,Transient,88.0,0,1
City Hotel,0,14,2017,March,10,5,2,3,2,0.0,0,BB,FRA,Online TA,TA/TO,0,0,0,D,D,0,No Deposit,9.0,0,Transient,100.3,0,1
City Hotel,0,37,2017,March,10,5,2,3,2,0.0,0,BB,GBR,Offline TA/TO,TA/TO,0,0,0,A,A,0,No Deposit,132.0,0,Transient,68.0,0,0
City Hotel,0,52,2017,March,10,5,2,3,2,0.0,0,BB,GBR,Online TA,TA/TO,0,0,0,A,A,0,No Deposit,9.0,0,Transient,91.8,0,2
City Hotel,0,47,2017,March,10,6,1,3,2,0.0,0,BB,DNK,Direct,Direct,0,0,0,A,A,0,No Deposit,14.0,0,Transient,79.2,0,0
City Hotel,0,35,2017,March,10,5,2,3,2,0.0,0,SC,DEU,Online TA,TA/TO,0,0,0,A,A,0,No Deposit,9.0,0,Transient,74.8,0,0
City Hotel,0,223,2017,March,10,5,2,3,2,0.0,0,BB,SWE,Online TA,TA/TO,0,0,0,D,D,0,No Deposit,9.0,0,Transient,97.75,0,1
City Hotel,0,26,2017,March,10,8,0,2,2,0.0,0,BB,AUS,Online TA,TA/TO,0,0,0,D,D,0,No Deposit,9.0,0,Transient,118.0,0,0
City Hotel,0,25,2017,March,10,6,1,3,2,0.0,0,BB,DNK,Online TA,TA/TO,0,0,0,A,A,0,No Deposit,8.0,0,Transient,91.8,0,0
City Hotel,0,3,2017,March,10,9,0,1,2,0.0,0,BB,PRT,Online TA,TA/TO,0,0,0,A,A,0,No Deposit,83.0,0,Transient,86.4,0,0
City Hotel,0,33,2017,March,10,5,2,3,2,0.0,0,BB,FRA,Online TA,TA/TO,0,0,0,D,A,0,No Deposit,9.0,0,Transient,100.3,0,1
City Hotel,0,42,2017,March,10,5,2,3,2,0.0,0,BB,FRA,Online TA,TA/TO,0,0,0,A,A,0,No Deposit,9.0,0,Transient,91.8,0,0
City Hotel,0,0,2017,March,10,9,0,1,2,0.0,0,SC,ARG,Online TA,TA/TO,0,0,0,A,A,0,No Deposit,9.0,0,Transient,97.2,1,1
City Hotel,0,75,2017,March,10,5,2,3,2,0.0,0,BB,GBR,Online TA,TA/TO,0,0,0,A,A,0,No Deposit,9.0,0,Transient,91.8,0,1
City Hotel,0,43,2017,March,10,6,1,3,2,0.0,0,BB,FIN,Online TA,TA/TO,0,0,0,A,A,0,No Deposit,7.0,0,Transient,70.69,0,2
City Hotel,0,37,2017,March,10,6,1,3,2,0.0,0,SC,DEU,Online TA,TA/TO,0,0,0,A,A,0,No Deposit,7.0,0,Transient,54.71,0,1
City Hotel,0,46,2017,March,10,7,0,3,2,0.0,0,BB,CHE,Direct,Direct,0,0,0,A,A,1,No Deposit,14.0,0,Transient,98.0,0,1
City Hotel,0,27,2017,March,10,5,2,3,2,0.0,0,SC,FRA,Online TA,TA/TO,0,0,0,A,A,0,No Deposit,9.0,0,Transient,74.8,0,0
City Hotel,0,36,2017,March,10,6,1,3,2,0.0,0,BB,GBR,Online TA,TA/TO,0,0,0,D,D,0,No Deposit,9.0,0,Transient,100.3,0,4
City Hotel,0,28,2017,March,10,7,0,3,2,0.0,0,BB,FRA,Offline TA/TO,TA/TO,0,0,0,A,A,1,No Deposit,28.0,0,Contract,68.0,0,0
City Hotel,0,36,2017,March,10,6,1,3,2,0.0,0,BB,GBR,Online TA,TA/TO,0,0,0,D,D,0,No Deposit,9.0,0,Transient,100.3,0,3
City Hotel,0,41,2017,March,9,3,2,5,2,0.0,0,BB,DEU,Online TA,TA/TO,0,0,0,D,D,0,No Deposit,9.0,0,Transient,100.3,0,0
City Hotel,0,3,2017,March,10,5,2,3,2,0.0,0,BB,CHE,Offline TA/TO,TA/TO,0,0,0,D,D,0,No Deposit,85.0,0,Transient,76.5,0,0
City Hotel,0,58,2017,March,10,6,1,3,2,0.0,0,BB,GBR,Direct,Direct,0,0,0,A,A,0,No Deposit,14.0,0,Transient,79.2,0,1
City Hotel,0,51,2017,March,9,4,2,4,2,0.0,0,BB,DEU,Online TA,TA/TO,0,0,0,A,A,0,No Deposit,9.0,0,Transient,91.8,0,2
City Hotel,0,14,2017,March,10,6,1,3,2,0.0,0,BB,DEU,Online TA,TA/TO,0,0,0,D,D,0,No Deposit,7.0,0,Transient,80.24,0,0
City Hotel,0,138,2017,March,10,8,0,2,2,0.0,0,BB,SWE,Online TA,TA/TO,0,0,0,A,A,0,No Deposit,8.0,0,Transient,93.6,0,1
City Hotel,0,69,2017,March,10,6,1,3,2,0.0,0,BB,DEU,Offline TA/TO,TA/TO,0,0,0,A,A,0,No Deposit,132.0,0,Transient,81.0,0,0
City Hotel,0,30,2017,March,10,6,1,3,2,0.0,0,BB,CHE,Online TA,TA/TO,0,0,0,D,D,0,No Deposit,7.0,0,Transient,73.37,0,1
City Hotel,0,22,2017,March,10,5,2,3,2,0.0,0,SC,FIN,Online TA,TA/TO,0,0,0,A,A,0,No Deposit,9.0,0,Transient,74.8,0,0
City Hotel,0,28,2017,March,10,7,0,3,2,0.0,0,BB,GBR,Offline TA/TO,TA/TO,0,0,0,A,A,0,No Deposit,22.0,0,Transient,80.0,0,0
City Hotel,0,3,2017,March,10,9,0,1,2,0.0,0,BB,PRT,Direct,Direct,0,0,0,A,A,0,No Deposit,,0,Transient,98.0,0,2
City Hotel,0,27,2017,March,10,7,0,3,2,0.0,0,BB,GBR,Online TA,TA/TO,0,0,0,D,D,0,No Deposit,9.0,0,Transient,118.0,0,1
City Hotel,0,0,2017,March,10,9,0,1,2,0.0,0,BB,DEU,Direct,Direct,0,0,0,A,K,1,No Deposit,14.0,0,Transient,108.0,0,0
City Hotel,0,9,2017,March,10,9,0,1,2,0.0,0,SC,GBR,Online TA,TA/TO,0,0,0,A,A,0,No Deposit,9.0,0,Transient,88.0,0,0
City Hotel,0,46,2017,March,10,9,0,1,2,0.0,0,BB,FRA,Direct,Direct,0,0,0,A,A,0,No Deposit,14.0,0,Transient,79.2,0,0
City Hotel,0,47,2017,March,10,6,1,4,2,0.0,0,BB,FRA,Offline TA/TO,TA/TO,0,0,0,A,D,0,No Deposit,28.0,0,Transient,75.0,0,0
City Hotel,0,0,2017,March,10,7,0,4,2,0.0,0,SC,RUS,Direct,Direct,0,0,0,A,A,0,No Deposit,,0,Transient,90.0,0,3
City Hotel,0,33,2017,March,10,6,1,4,2,0.0,0,BB,FRA,Online TA,TA/TO,0,0,0,D,D,0,No Deposit,9.0,0,Transient,100.3,0,0
City Hotel,0,26,2017,March,9,4,2,5,2,0.0,0,BB,FRA,Online TA,TA/TO,0,0,0,D,D,0,No Deposit,9.0,0,Transient,101.51,0,0
City Hotel,0,33,2017,March,10,6,1,4,2,0.0,0,BB,FRA,Online TA,TA/TO,0,0,0,D,D,0,No Deposit,9.0,0,Transient,100.3,0,0
City Hotel,0,23,2017,March,10,7,0,4,2,0.0,0,BB,ITA,Online TA,TA/TO,0,0,0,D,D,0,No Deposit,9.0,0,Transient,102.43,0,0
City Hotel,0,44,2017,March,10,9,0,2,2,0.0,0,SC,DEU,Online TA,TA/TO,0,0,0,A,A,0,No Deposit,9.0,0,Transient,83.6,0,0
City Hotel,0,82,2017,March,10,8,0,3,2,0.0,0,SC,IRL,Online TA,TA/TO,0,0,0,A,A,0,No Deposit,9.0,0,Transient,79.2,0,2
City Hotel,0,55,2017,March,10,8,0,3,2,0.0,0,BB,BRA,Online TA,TA/TO,0,0,0,A,A,1,No Deposit,9.0,0,Transient,97.2,0,2
City Hotel,0,0,2017,March,10,10,0,1,2,0.0,0,FB,PRT,Complementary,Direct,0,0,0,A,A,1,No Deposit,,0,Transient,0.0,0,1
City Hotel,0,94,2017,March,10,8,0,3,2,0.0,0,BB,NLD,Online TA,TA/TO,0,0,0,A,A,0,No Deposit,7.0,0,Transient,71.1,0,1
City Hotel,0,94,2017,March,10,8,0,3,2,0.0,0,BB,DEU,Online TA,TA/TO,0,0,0,A,A,0,No Deposit,7.0,0,Transient,71.1,0,1
City Hotel,0,13,2017,March,10,10,0,1,2,0.0,0,BB,PRT,Online TA,TA/TO,0,0,0,A,A,0,No Deposit,9.0,0,Transient,118.0,0,0
City Hotel,0,2,2017,March,10,11,0,1,2,0.0,0,BB,PRT,Online TA,TA/TO,0,0,0,D,A,0,No Deposit,9.0,0,Group,137.0,0,0
City Hotel,0,85,2017,March,10,8,0,3,2,0.0,0,SC,IRL,Online TA,TA/TO,0,0,0,A,A,0,No Deposit,9.0,0,Transient,79.2,0,2
City Hotel,0,166,2017,March,9,4,2,5,2,0.0,0,BB,ROU,Online TA,TA/TO,0,0,0,A,A,0,No Deposit,9.0,0,Transient,88.4,0,2
City Hotel,0,52,2017,March,10,7,0,4,2,0.0,0,SC,ITA,Online TA,TA/TO,0,0,0,A,A,0,No Deposit,9.0,0,Transient,74.8,0,0
City Hotel,0,63,2017,March,10,10,0,1,2,0.0,0,BB,PRT,Direct,Direct,0,0,0,A,A,3,No Deposit,14.0,0,Transient,79.2,0,0
City Hotel,0,88,2017,March,10,8,0,3,2,0.0,0,BB,GBR,Online TA,TA/TO,0,0,0,D,D,0,No Deposit,9.0,0,Transient,106.2,0,2
City Hotel,0,66,2017,March,10,8,0,3,2,0.0,0,BB,DEU,Online TA,TA/TO,0,0,0,A,A,0,No Deposit,9.0,0,Transient,97.2,0,1
City Hotel,0,88,2017,March,10,8,0,3,2,0.0,0,BB,IRL,Online TA,TA/TO,0,0,0,D,D,0,No Deposit,9.0,0,Transient,106.2,0,3
City Hotel,0,40,2017,March,10,7,0,4,2,0.0,0,BB,ESP,Offline TA/TO,TA/TO,0,0,0,A,A,0,No Deposit,85.0,0,Transient,68.0,0,0
City Hotel,0,137,2017,March,9,4,2,5,2,0.0,0,BB,DEU,Offline TA/TO,TA/TO,0,0,0,A,A,0,No Deposit,27.0,0,Transient,68.0,0,3
City Hotel,0,170,2017,March,10,7,0,4,2,0.0,0,HB,PRT,Online TA,TA/TO,0,0,0,A,A,1,No Deposit,83.0,0,Transient,115.2,0,0
City Hotel,0,6,2017,March,10,6,1,4,2,0.0,0,BB,GBR,Online TA,TA/TO,0,0,0,E,E,0,No Deposit,9.0,0,Transient,159.0,0,1
City Hotel,0,60,2017,March,10,7,0,4,2,0.0,0,BB,ROU,Offline TA/TO,TA/TO,0,0,0,A,A,0,No Deposit,85.0,0,Transient,68.0,0,1
City Hotel,0,86,2017,March,10,7,0,4,2,0.0,0,BB,FRA,Direct,Direct,0,0,0,D,D,0,No Deposit,14.0,0,Transient,97.2,0,0
City Hotel,0,85,2017,March,10,8,0,3,2,0.0,0,BB,BEL,Online TA,TA/TO,0,0,0,A,A,0,No Deposit,9.0,0,Transient,97.2,0,0
City Hotel,0,83,2017,March,10,5,2,4,2,0.0,0,BB,POL,Online TA,TA/TO,0,0,0,A,A,0,No Deposit,9.0,0,Transient,91.8,0,2
City Hotel,0,21,2017,March,10,7,0,4,2,0.0,0,HB,FRA,Online TA,TA/TO,0,0,0,D,D,0,No Deposit,9.0,0,Transient,134.73,0,1
City Hotel,0,90,2017,March,10,9,0,2,2,0.0,0,SC,FRA,Online TA,TA/TO,0,0,0,A,A,0,No Deposit,9.0,0,Transient,79.2,0,2
City Hotel,0,4,2017,March,10,8,0,3,2,0.0,0,SC,MAR,Online TA,TA/TO,0,0,0,A,A,0,No Deposit,9.0,0,Transient,91.33,0,1
City Hotel,0,2,2017,March,10,8,0,3,2,0.0,0,HB,MAR,Online TA,TA/TO,0,0,0,A,A,0,No Deposit,9.0,0,Transient,158.33,0,0
City Hotel,0,120,2017,March,9,4,2,5,2,0.0,0,HB,GBR,Online TA,TA/TO,0,0,0,D,D,0,No Deposit,7.0,0,Transient,99.48,0,1
City Hotel,0,132,2017,March,10,9,0,3,2,0.0,0,SC,FRA,Online TA,TA/TO,0,0,0,A,A,0,No Deposit,9.0,0,Transient-Party,79.2,0,2
City Hotel,0,132,2017,March,10,9,0,3,2,0.0,0,SC,FRA,Online TA,TA/TO,0,0,0,A,A,0,No Deposit,9.0,0,Transient-Party,79.2,0,2
City Hotel,0,82,2017,March,10,8,0,4,2,0.0,0,SC,ITA,Online TA,TA/TO,0,0,0,A,A,0,No Deposit,9.0,0,Transient,74.8,0,0
City Hotel,0,92,2017,March,10,9,0,3,2,0.0,0,BB,BEL,Online TA,TA/TO,0,0,0,A,A,0,No Deposit,9.0,0,Transient,97.2,0,3
City Hotel,0,1,2017,March,10,11,0,1,2,0.0,0,SC,BRA,Online TA,TA/TO,0,0,0,A,D,0,No Deposit,7.0,0,Transient,74.48,0,0
City Hotel,0,1,2017,March,10,11,0,1,2,0.0,0,SC,BRA,Online TA,TA/TO,0,0,0,A,A,0,No Deposit,7.0,0,Transient,83.48,0,0
City Hotel,0,1,2017,March,10,11,0,1,2,0.0,0,SC,BRA,Online TA,TA/TO,0,0,0,A,A,0,No Deposit,7.0,0,Transient,74.48,0,0
City Hotel,0,92,2017,March,10,9,0,3,2,0.0,0,BB,BEL,Online TA,TA/TO,0,0,0,A,A,0,No Deposit,9.0,0,Transient,97.2,0,3
City Hotel,0,31,2017,March,10,9,0,3,2,0.0,0,BB,DNK,Online TA,TA/TO,0,0,0,D,D,0,No Deposit,9.0,0,Transient,124.67,0,0
City Hotel,0,55,2017,March,10,11,0,1,2,0.0,0,SC,IRL,Online TA,TA/TO,0,0,0,A,E,0,No Deposit,7.0,0,Transient,60.98,0,1
City Hotel,0,102,2017,March,10,9,0,3,2,0.0,0,BB,GBR,Direct,Direct,0,0,0,A,A,0,No Deposit,14.0,0,Transient,79.2,0,0
City Hotel,0,46,2017,March,10,7,0,5,2,0.0,0,BB,GBR,Online TA,TA/TO,0,0,0,A,B,0,No Deposit,7.0,0,Transient,70.69,0,1
City Hotel,0,146,2017,March,10,8,0,4,2,0.0,0,BB,GBR,Online TA,TA/TO,0,0,0,D,D,0,No Deposit,9.0,0,Transient,96.9,0,2
City Hotel,0,102,2017,March,10,9,0,3,2,0.0,0,BB,GBR,Direct,Direct,0,0,0,A,A,0,No Deposit,14.0,0,Transient,79.2,0,0
City Hotel,0,51,2017,March,10,9,0,3,2,0.0,0,BB,BEL,Online TA,TA/TO,0,0,0,A,A,0,No Deposit,9.0,0,Transient,97.2,0,1
City Hotel,0,43,2017,March,10,11,0,1,2,0.0,0,BB,DEU,Online TA,TA/TO,0,0,0,D,G,4,No Deposit,9.0,0,Transient,118.0,0,1
City Hotel,0,13,2017,March,10,8,0,4,2,0.0,0,BB,DEU,Online TA,TA/TO,0,0,0,D,D,0,No Deposit,,0,Transient,100.3,0,1
City Hotel,0,43,2017,March,10,11,0,1,2,0.0,0,BB,DEU,Online TA,TA/TO,0,0,0,D,D,2,No Deposit,9.0,0,Transient,118.0,0,1
City Hotel,0,1,2017,March,10,11,0,1,2,0.0,0,SC,FRA,Direct,Direct,0,0,0,A,A,0,No Deposit,,0,Transient,88.2,0,2
City Hotel,0,9,2017,March,10,9,0,3,2,0.0,0,SC,FRA,Online TA,TA/TO,0,0,0,A,A,0,No Deposit,9.0,0,Transient,94.67,0,3
City Hotel,0,189,2017,March,10,9,0,3,2,0.0,0,BB,GBR,Online TA,TA/TO,0,0,0,A,A,0,No Deposit,9.0,0,Transient,102.6,1,2
City Hotel,0,176,2017,March,10,9,0,3,2,0.0,0,BB,FRA,Offline TA/TO,TA/TO,0,0,0,A,D,0,No Deposit,28.0,0,Transient,75.0,0,0
City Hotel,0,176,2017,March,10,9,0,3,2,0.0,0,BB,FRA,Offline TA/TO,TA/TO,0,0,0,A,D,0,No Deposit,28.0,0,Transient,75.0,0,0
City Hotel,0,47,2017,March,10,10,0,2,2,0.0,0,BB,FRA,Direct,Direct,0,0,0,A,A,0,No Deposit,14.0,0,Transient,79.2,0,0
City Hotel,0,101,2017,March,10,9,0,3,2,0.0,0,BB,DEU,Online TA,TA/TO,0,0,0,A,A,0,No Deposit,9.0,0,Transient,97.2,0,1
City Hotel,0,4,2017,March,10,10,0,2,2,0.0,0,BB,FRA,Online TA,TA/TO,0,0,0,A,A,0,No Deposit,9.0,0,Transient,118.0,0,2
City Hotel,0,44,2017,March,10,7,0,5,2,0.0,0,BB,FIN,Online TA,TA/TO,0,0,0,A,A,0,No Deposit,8.0,0,Transient,91.8,0,0
City Hotel,0,2,2017,March,10,11,0,1,2,0.0,0,SC,USA,Online TA,TA/TO,0,0,0,A,A,0,No Deposit,7.0,0,Transient,78.4,0,0
City Hotel,0,48,2017,March,10,10,0,2,2,0.0,0,BB,SWE,Online TA,TA/TO,0,0,0,A,A,1,No Deposit,9.0,0,Transient,97.2,0,0
City Hotel,0,32,2017,March,10,5,2,5,2,0.0,0,BB,IRL,Online TA,TA/TO,0,0,0,D,D,0,No Deposit,9.0,0,Transient,100.3,0,1
City Hotel,0,16,2017,March,10,10,0,2,2,0.0,0,BB,DEU,Online TA,TA/TO,0,0,0,D,D,0,No Deposit,9.0,0,Transient,128.0,0,1
City Hotel,0,7,2017,March,10,6,1,5,2,0.0,0,BB,USA,Online TA,TA/TO,0,0,0,D,D,1,No Deposit,9.0,0,Transient,137.13,0,0
City Hotel,0,14,2017,March,10,8,0,4,2,0.0,0,BB,FRA,Online TA,TA/TO,0,0,0,D,D,0,No Deposit,9.0,0,Transient,104.55,0,1
City Hotel,0,46,2017,March,10,10,0,2,2,0.0,0,BB,FRA,Online TA,TA/TO,0,0,0,A,A,1,No Deposit,7.0,0,Transient,77.93,0,0
City Hotel,0,46,2017,March,10,10,0,2,2,0.0,0,BB,FRA,Online TA,TA/TO,0,0,0,A,A,0,No Deposit,7.0,0,Transient,71.1,0,0
City Hotel,0,48,2017,March,10,11,0,1,2,0.0,0,HB,PRT,Online TA,TA/TO,0,0,0,A,A,0,No Deposit,9.0,0,Transient,133.2,0,0
City Hotel,0,35,2017,March,10,7,0,5,2,0.0,0,BB,PRT,Offline TA/TO,TA/TO,0,0,0,A,A,0,No Deposit,138.0,0,Transient,68.0,0,1
City Hotel,0,35,2017,March,10,7,0,5,2,0.0,0,BB,BRA,Offline TA/TO,TA/TO,0,0,0,A,A,0,No Deposit,138.0,0,Transient,68.0,0,1
City Hotel,0,106,2017,March,10,9,0,3,2,0.0,0,BB,IRL,Online TA,TA/TO,0,0,0,A,A,0,No Deposit,9.0,0,Transient,97.2,0,1
City Hotel,0,175,2017,March,10,10,0,2,2,0.0,0,HB,FRA,Online TA,TA/TO,0,0,0,A,A,4,No Deposit,9.0,0,Transient,127.8,0,3
City Hotel,0,35,2017,March,10,7,0,5,2,0.0,0,BB,BRA,Offline TA/TO,TA/TO,0,0,0,A,A,0,No Deposit,138.0,0,Transient,68.0,0,0
City Hotel,0,88,2017,March,10,9,0,3,2,0.0,0,SC,PRT,Online TA,TA/TO,0,0,0,A,A,0,No Deposit,8.0,0,Transient,79.2,0,1
City Hotel,0,99,2017,March,10,10,0,2,2,0.0,0,SC,BEL,Online TA,TA/TO,0,0,0,A,A,0,No Deposit,9.0,0,Transient,79.2,0,2
City Hotel,0,35,2017,March,10,7,0,5,2,0.0,0,BB,BRA,Offline TA/TO,TA/TO,0,0,0,A,A,0,No Deposit,52.0,0,Transient,68.0,0,1
City Hotel,0,70,2017,March,10,8,0,4,2,0.0,0,BB,DEU,Online TA,TA/TO,0,0,0,A,A,0,No Deposit,7.0,0,Transient,70.69,0,1
City Hotel,0,57,2017,March,10,11,0,1,2,0.0,0,BB,USA,Online TA,GDS,0,0,0,A,A,0,No Deposit,195.0,0,Transient,108.0,0,0
City Hotel,0,87,2017,March,10,9,0,3,2,0.0,0,SC,PRT,Online TA,TA/TO,0,0,0,A,A,0,No Deposit,7.0,0,Transient,60.98,0,1
City Hotel,0,44,2017,March,10,10,0,2,2,0.0,0,BB,ESP,Offline TA/TO,TA/TO,0,0,0,A,D,0,No Deposit,28.0,0,Transient,75.0,0,0
City Hotel,0,60,2017,March,10,10,0,2,2,0.0,0,BB,GBR,Online TA,TA/TO,0,0,0,A,A,0,No Deposit,9.0,0,Transient,97.2,0,1
City Hotel,0,77,2017,March,10,7,0,5,2,0.0,0,BB,BRA,Offline TA/TO,TA/TO,0,0,0,A,A,0,No Deposit,85.0,0,Transient,68.0,0,1
City Hotel,0,63,2017,March,10,7,0,5,2,0.0,0,BB,RUS,Offline TA/TO,TA/TO,0,0,0,A,A,0,No Deposit,138.0,0,Transient,68.0,0,1
City Hotel,0,2,2017,March,10,11,0,1,2,0.0,0,BB,PRT,Direct,Direct,0,0,0,D,F,0,No Deposit,14.0,0,Transient,110.7,0,1
City Hotel,0,61,2017,March,10,10,0,2,2,0.0,0,BB,DEU,Online TA,TA/TO,0,0,0,A,A,0,No Deposit,9.0,0,Transient,97.2,0,1
City Hotel,0,167,2017,March,10,10,0,2,2,0.0,0,BB,GBR,Online TA,TA/TO,0,0,0,D,D,0,No Deposit,9.0,0,Transient,102.6,0,0
City Hotel,0,53,2017,March,10,10,0,2,2,0.0,0,BB,CRI,Offline TA/TO,TA/TO,0,0,0,A,D,0,No Deposit,28.0,0,Transient,75.0,0,0
City Hotel,0,35,2017,March,10,7,0,5,2,0.0,0,BB,BRA,Offline TA/TO,TA/TO,0,0,0,A,A,0,No Deposit,52.0,0,Transient,68.0,0,1
City Hotel,0,7,2017,March,10,10,0,2,2,0.0,0,BB,DEU,Online TA,TA/TO,0,0,0,D,D,0,No Deposit,9.0,0,Transient,128.0,0,0
City Hotel,0,37,2017,March,10,8,0,4,2,0.0,0,BB,ITA,Online TA,TA/TO,0,0,0,D,D,0,No Deposit,9.0,0,Transient,100.3,0,0
City Hotel,0,46,2017,March,10,7,0,5,2,0.0,0,BB,BRA,Online TA,TA/TO,0,0,0,A,A,0,No Deposit,7.0,0,Transient,79.69,0,1
City Hotel,0,46,2017,March,10,7,0,5,2,0.0,0,BB,BRA,Online TA,TA/TO,0,0,0,A,A,0,No Deposit,7.0,0,Transient,70.69,0,1
City Hotel,0,49,2017,March,10,9,1,3,2,0.0,0,SC,KOR,Online TA,TA/TO,0,0,0,A,A,0,No Deposit,9.0,0,Transient,74.8,0,1
City Hotel,0,165,2017,March,10,9,1,3,2,0.0,0,BB,DEU,Online TA,TA/TO,0,0,0,A,A,0,No Deposit,9.0,0,Transient,88.4,0,3
City Hotel,0,144,2017,March,10,11,1,1,2,0.0,0,BB,IRL,Online TA,TA/TO,0,0,0,A,A,0,No Deposit,9.0,0,Transient,93.6,0,3
City Hotel,0,30,2017,March,10,11,1,1,2,0.0,0,BB,FRA,Offline TA/TO,TA/TO,0,0,0,A,A,0,No Deposit,28.0,0,Contract,68.0,0,1
City Hotel,0,45,2017,March,10,11,1,1,2,0.0,0,BB,FRA,Offline TA/TO,TA/TO,0,0,0,A,G,0,No Deposit,28.0,0,Transient,75.0,0,0
City Hotel,0,15,2017,March,10,9,1,3,2,0.0,0,BB,ITA,Online TA,TA/TO,0,0,0,D,D,0,No Deposit,9.0,0,Transient,104.55,0,0
City Hotel,0,54,2017,March,10,8,1,4,2,0.0,0,SC,GBR,Online TA,TA/TO,0,0,0,A,A,0,No Deposit,7.0,0,Transient,54.71,0,1
City Hotel,0,36,2017,March,10,6,2,5,2,0.0,0,BB,DZA,Online TA,TA/TO,0,0,0,D,D,0,No Deposit,7.0,0,Transient,77.23,0,0
City Hotel,0,25,2017,March,11,12,1,0,2,0.0,0,SC,BRA,Online TA,TA/TO,0,0,0,A,A,0,No Deposit,9.0,0,Transient,88.0,0,1
City Hotel,0,91,2017,March,10,9,1,3,2,0.0,0,BB,BEL,Direct,Direct,0,0,0,A,A,0,No Deposit,14.0,0,Transient,79.2,0,0
City Hotel,0,26,2017,March,10,11,1,1,2,0.0,0,BB,FRA,Offline TA/TO,TA/TO,0,0,0,A,D,0,No Deposit,28.0,0,Contract,68.0,0,0
City Hotel,0,43,2017,March,10,10,1,2,2,0.0,0,BB,ITA,Online TA,TA/TO,0,0,0,D,D,0,No Deposit,9.0,0,Transient,114.07,0,0
City Hotel,0,166,2017,March,10,10,1,2,2,0.0,0,BB,ITA,Online TA,TA/TO,0,0,0,A,A,1,No Deposit,9.0,0,Transient,106.0,0,1
City Hotel,0,166,2017,March,10,10,1,2,2,0.0,0,BB,ITA,Online TA,TA/TO,0,0,0,A,A,1,No Deposit,9.0,0,Transient,88.4,0,1
City Hotel,0,24,2017,March,11,12,1,0,2,0.0,0,BB,CHN,Offline TA/TO,TA/TO,0,0,0,A,A,0,No Deposit,22.0,0,Transient,80.0,0,1
City Hotel,0,66,2017,March,10,10,1,2,2,0.0,0,BB,FRA,Groups,TA/TO,0,0,0,A,A,0,No Deposit,154.0,0,Transient-Party,80.0,0,1
City Hotel,0,66,2017,March,10,10,1,2,2,0.0,0,BB,FRA,Groups,TA/TO,0,0,0,A,A,0,No Deposit,154.0,0,Transient-Party,80.0,0,1
City Hotel,0,2,2017,March,10,11,1,1,2,0.0,0,BB,ITA,Online TA,TA/TO,0,0,0,D,D,0,No Deposit,9.0,0,Transient,128.0,0,0
City Hotel,0,31,2017,March,10,11,1,1,2,0.0,0,BB,GBR,Direct,Direct,0,0,0,D,D,0,No Deposit,14.0,0,Transient,127.0,1,0
City Hotel,0,220,2017,March,10,10,1,2,2,0.0,0,BB,DEU,Online TA,TA/TO,0,0,0,A,A,1,No Deposit,9.0,0,Transient,99.2,0,1
City Hotel,0,220,2017,March,10,10,1,2,2,0.0,0,BB,DEU,Online TA,TA/TO,0,0,0,A,A,1,No Deposit,9.0,0,Transient,99.2,0,1
City Hotel,0,220,2017,March,10,10,1,2,2,0.0,0,BB,DEU,Online TA,TA/TO,0,0,0,A,A,1,No Deposit,9.0,0,Transient,99.2,0,1
City Hotel,0,50,2017,March,10,10,1,2,2,0.0,0,BB,BEL,Online TA,TA/TO,0,0,0,A,A,0,No Deposit,7.0,0,Transient,74.84,0,1
City Hotel,0,66,2017,March,10,10,1,2,2,0.0,0,BB,FRA,Groups,TA/TO,0,0,0,A,A,0,No Deposit,154.0,0,Transient-Party,80.0,0,1
City Hotel,0,220,2017,March,10,10,1,2,2,0.0,0,BB,DEU,Online TA,TA/TO,0,0,0,A,A,1,No Deposit,9.0,0,Transient,99.2,0,1
City Hotel,0,67,2017,March,10,10,1,2,2,0.0,0,BB,GBR,Online TA,TA/TO,0,0,0,A,A,0,No Deposit,9.0,0,Transient,106.2,1,1
City Hotel,0,220,2017,March,10,10,1,2,2,0.0,0,BB,DEU,Online TA,TA/TO,0,0,0,A,A,1,No Deposit,9.0,0,Transient,99.2,0,1
City Hotel,0,220,2017,March,10,10,1,2,2,0.0,0,BB,DEU,Online TA,TA/TO,0,0,0,A,A,1,No Deposit,9.0,0,Transient,99.2,0,1
City Hotel,0,67,2017,March,10,10,1,2,2,0.0,0,BB,GBR,Online TA,TA/TO,0,0,0,A,A,0,No Deposit,9.0,0,Transient,106.2,1,1
City Hotel,0,65,2017,March,10,11,1,1,2,0.0,0,SC,DEU,Online TA,TA/TO,0,0,0,A,A,0,No Deposit,9.0,0,Transient,79.2,0,0
City Hotel,0,94,2017,March,10,11,1,1,2,0.0,0,BB,FRA,Online TA,TA/TO,0,0,0,A,E,0,No Deposit,9.0,0,Transient,97.2,0,2
City Hotel,0,66,2017,March,10,10,1,2,2,0.0,0,BB,FRA,Groups,TA/TO,0,0,0,A,A,0,No Deposit,154.0,0,Transient-Party,80.0,0,1
City Hotel,0,49,2017,March,10,9,1,3,2,0.0,0,BB,DEU,Online TA,TA/TO,0,0,0,A,A,0,No Deposit,9.0,0,Transient,91.8,0,0
City Hotel,0,7,2017,March,10,10,1,2,2,0.0,0,SC,ITA,Online TA,TA/TO,0,0,0,A,A,0,No Deposit,9.0,0,Transient,94.67,0,1
City Hotel,0,66,2017,March,10,10,1,2,2,0.0,0,BB,FRA,Groups,TA/TO,0,0,0,A,D,1,No Deposit,154.0,0,Transient-Party,80.0,0,2
City Hotel,0,7,2017,March,10,10,1,2,2,0.0,0,BB,PRT,Online TA,TA/TO,0,0,0,D,D,0,No Deposit,9.0,0,Transient,124.67,0,1
City Hotel,0,66,2017,March,10,10,1,2,2,0.0,0,BB,FRA,Groups,TA/TO,0,0,0,A,A,0,No Deposit,154.0,0,Transient-Party,80.0,0,1
City Hotel,0,66,2017,March,10,10,1,2,2,0.0,0,BB,FRA,Groups,TA/TO,0,0,0,A,D,1,No Deposit,154.0,0,Transient-Party,80.0,0,2
City Hotel,0,66,2017,March,10,10,1,2,2,0.0,0,BB,FRA,Groups,TA/TO,0,0,0,A,A,0,No Deposit,154.0,0,Transient-Party,80.0,0,1
City Hotel,0,30,2017,March,10,11,1,1,2,0.0,0,BB,FRA,Offline TA/TO,TA/TO,0,0,0,A,D,0,No Deposit,28.0,0,Contract,68.0,0,0
City Hotel,0,66,2017,March,10,10,1,2,2,0.0,0,BB,FRA,Groups,TA/TO,0,0,0,A,A,0,No Deposit,154.0,0,Transient-Party,80.0,0,1
City Hotel,0,66,2017,March,10,10,1,2,2,0.0,0,BB,FRA,Groups,TA/TO,0,0,0,A,A,0,No Deposit,154.0,0,Transient-Party,80.0,0,1
City Hotel,0,66,2017,March,10,10,1,2,2,0.0,0,BB,FRA,Groups,TA/TO,0,0,0,A,A,0,No Deposit,154.0,0,Transient-Party,80.0,0,1
City Hotel,0,68,2017,March,10,7,1,5,2,0.0,0,BB,GBR,Offline TA/TO,TA/TO,0,0,0,A,A,0,No Deposit,22.0,0,Transient,68.0,0,1
City Hotel,0,115,2017,March,10,10,1,2,2,0.0,0,BB,FRA,Groups,TA/TO,0,0,0,A,A,0,No Deposit,154.0,49,Transient-Party,0.0,0,1
City Hotel,0,66,2017,March,10,10,1,2,2,0.0,0,BB,FRA,Groups,TA/TO,0,0,0,A,A,0,No Deposit,154.0,0,Transient-Party,80.0,0,1
City Hotel,0,57,2017,March,10,8,1,4,2,0.0,0,SC,NLD,Online TA,TA/TO,0,0,0,A,A,0,No Deposit,9.0,0,Transient,74.8,0,0
City Hotel,0,66,2017,March,10,10,1,2,2,0.0,0,BB,FRA,Groups,TA/TO,0,0,0,A,A,0,No Deposit,154.0,0,Transient-Party,80.0,0,1
City Hotel,0,42,2017,March,10,8,1,4,2,0.0,0,HB,FRA,Offline TA/TO,TA/TO,0,0,0,A,D,0,No Deposit,28.0,0,Transient,105.0,0,0
City Hotel,0,66,2017,March,10,10,1,2,2,0.0,0,BB,FRA,Groups,TA/TO,0,0,0,A,A,0,No Deposit,154.0,0,Transient-Party,80.0,0,1
City Hotel,0,66,2017,March,10,10,1,2,2,0.0,0,BB,FRA,Groups,TA/TO,0,0,0,A,A,0,No Deposit,154.0,0,Transient-Party,80.0,0,1
City Hotel,0,66,2017,March,10,10,1,2,2,0.0,0,BB,PRT,Groups,TA/TO,0,0,0,A,A,0,No Deposit,154.0,0,Transient-Party,80.0,0,1
City Hotel,0,66,2017,March,10,10,1,2,2,0.0,0,BB,FRA,Groups,TA/TO,0,0,0,A,A,0,No Deposit,154.0,0,Transient-Party,80.0,0,1
City Hotel,0,66,2017,March,10,10,1,2,2,0.0,0,BB,FRA,Groups,TA/TO,0,0,0,A,A,0,No Deposit,154.0,0,Transient-Party,80.0,0,1
City Hotel,0,66,2017,March,10,10,1,2,2,0.0,0,BB,FRA,Groups,TA/TO,0,0,0,A,A,0,No Deposit,154.0,0,Transient-Party,80.0,0,1
City Hotel,0,66,2017,March,10,10,1,2,2,0.0,0,BB,FRA,Groups,TA/TO,0,0,0,A,A,0,No Deposit,154.0,0,Transient-Party,80.0,0,1
City Hotel,0,66,2017,March,10,10,1,2,2,0.0,0,BB,FRA,Groups,TA/TO,0,0,0,A,A,0,No Deposit,154.0,0,Transient-Party,80.0,0,1
City Hotel,0,109,2017,March,10,10,1,2,2,0.0,0,BB,FRA,Online TA,TA/TO,0,0,0,A,A,0,No Deposit,9.0,0,Transient,97.2,0,1
City Hotel,0,66,2017,March,10,10,1,2,2,0.0,0,BB,FRA,Groups,TA/TO,0,0,0,A,A,0,No Deposit,154.0,0,Transient-Party,80.0,0,1
City Hotel,0,49,2017,March,10,10,1,2,2,0.0,0,BB,USA,Online TA,TA/TO,0,0,0,A,A,2,No Deposit,83.0,0,Transient,86.76,1,1
City Hotel,0,49,2017,March,10,10,1,2,2,0.0,0,BB,CZE,Online TA,TA/TO,0,0,0,A,A,2,No Deposit,83.0,0,Transient,77.76,0,1
City Hotel,0,49,2017,March,10,10,1,2,2,0.0,0,BB,CZE,Online TA,TA/TO,0,0,0,A,A,0,No Deposit,83.0,0,Transient,77.76,0,1
City Hotel,0,25,2017,March,10,11,1,1,2,0.0,0,BB,FRA,Offline TA/TO,TA/TO,0,0,0,A,F,1,No Deposit,28.0,0,Contract,68.0,0,0
City Hotel,0,66,2017,March,10,10,1,2,2,0.0,0,BB,FRA,Groups,TA/TO,0,0,0,A,A,0,No Deposit,154.0,0,Transient-Party,80.0,0,1
City Hotel,0,66,2017,March,10,10,1,2,2,0.0,0,BB,FRA,Groups,TA/TO,0,0,0,A,A,0,No Deposit,154.0,0,Transient-Party,80.0,0,1
City Hotel,0,66,2017,March,10,10,1,2,2,0.0,0,BB,FRA,Groups,TA/TO,0,0,0,A,A,0,No Deposit,154.0,0,Transient-Party,80.0,0,1
City Hotel,0,66,2017,March,10,10,1,2,2,0.0,0,BB,FRA,Groups,TA/TO,0,0,0,A,A,0,No Deposit,154.0,0,Transient-Party,80.0,0,1
City Hotel,0,66,2017,March,10,10,1,2,2,0.0,0,BB,FRA,Groups,TA/TO,0,0,0,A,A,0,No Deposit,154.0,0,Transient-Party,80.0,0,1
City Hotel,0,66,2017,March,10,10,1,2,2,0.0,0,BB,FRA,Groups,TA/TO,0,0,0,A,A,0,No Deposit,154.0,0,Transient-Party,80.0,0,1
City Hotel,0,66,2017,March,10,10,1,2,2,0.0,0,BB,FRA,Groups,TA/TO,0,0,0,A,D,0,No Deposit,154.0,0,Transient-Party,80.0,0,1
City Hotel,0,59,2017,March,10,9,1,3,2,0.0,0,SC,LTU,Online TA,TA/TO,0,0,0,A,A,0,No Deposit,79.0,0,Transient,59.84,0,0
City Hotel,0,66,2017,March,10,10,1,2,2,0.0,0,BB,FRA,Groups,TA/TO,0,0,0,A,A,0,No Deposit,154.0,0,Transient-Party,80.0,0,1
City Hotel,0,66,2017,March,10,10,1,2,2,0.0,0,BB,FRA,Groups,TA/TO,0,0,0,A,A,0,No Deposit,154.0,0,Transient-Party,80.0,0,1
City Hotel,0,66,2017,March,10,10,1,2,2,0.0,0,BB,FRA,Groups,TA/TO,0,0,0,A,A,0,No Deposit,154.0,0,Transient-Party,80.0,0,1
City Hotel,0,105,2017,March,10,8,1,4,2,0.0,0,BB,DEU,Online TA,TA/TO,0,0,0,A,A,0,No Deposit,8.0,0,Transient,91.81,0,1
City Hotel,0,66,2017,March,10,10,1,2,2,0.0,0,BB,FRA,Groups,TA/TO,0,0,0,A,A,0,No Deposit,154.0,0,Transient,80.0,0,1
City Hotel,0,108,2017,March,10,10,1,2,2,0.0,0,BB,FRA,Online TA,TA/TO,0,0,0,A,A,0,No Deposit,9.0,0,Transient,97.2,0,2
City Hotel,0,24,2017,March,11,12,1,0,2,0.0,0,BB,CHN,Offline TA/TO,TA/TO,0,0,0,A,A,0,No Deposit,22.0,0,Transient,80.0,0,1
City Hotel,0,24,2017,March,11,12,1,0,2,0.0,0,BB,CHN,Offline TA/TO,TA/TO,0,0,0,A,A,0,No Deposit,22.0,0,Transient,80.0,0,1
City Hotel,0,34,2017,March,10,10,1,2,2,0.0,0,BB,GBR,Online TA,TA/TO,0,0,0,D,D,0,No Deposit,7.0,0,Transient,95.99,0,1
City Hotel,0,10,2017,March,11,12,1,0,2,0.0,0,BB,PRT,Direct,Direct,0,0,0,A,A,0,No Deposit,14.0,0,Transient,40.0,0,0
City Hotel,0,3,2017,March,10,11,1,1,2,0.0,0,BB,FRA,Direct,Direct,0,0,0,A,E,0,No Deposit,14.0,0,Transient,88.2,0,0
City Hotel,0,31,2017,March,10,11,1,1,2,0.0,0,BB,GBR,Direct,Direct,0,0,0,D,D,0,No Deposit,14.0,0,Transient,118.0,0,0
City Hotel,0,49,2017,March,10,9,1,3,2,0.0,0,BB,DEU,Online TA,TA/TO,0,0,0,A,A,0,No Deposit,9.0,0,Transient,91.8,0,0
City Hotel,0,34,2017,March,10,10,1,2,2,0.0,0,BB,GBR,Direct,Direct,0,0,0,D,D,0,No Deposit,14.0,0,Transient,139.67,0,3
City Hotel,0,117,2017,March,10,10,1,2,2,0.0,0,HB,POL,Online TA,TA/TO,0,0,0,A,A,0,No Deposit,9.0,0,Transient,127.8,0,1
City Hotel,0,28,2017,March,10,8,1,4,2,0.0,0,BB,FRA,Offline TA/TO,TA/TO,0,0,0,A,D,1,No Deposit,28.0,0,Contract,68.0,0,1
City Hotel,0,23,2017,March,11,12,1,0,2,0.0,0,BB,BRA,Corporate,Corporate,0,0,0,A,A,0,No Deposit,,0,Transient,85.0,0,0
City Hotel,0,48,2017,March,10,8,2,4,2,0.0,0,BB,FRA,Offline TA/TO,TA/TO,0,0,0,A,D,0,No Deposit,28.0,0,Transient,75.0,0,0
City Hotel,0,49,2017,March,10,9,2,3,2,0.0,0,BB,AUT,Direct,Direct,0,0,0,A,A,0,No Deposit,14.0,0,Transient,77.0,0,0
City Hotel,0,61,2017,March,11,12,2,0,2,0.0,0,SC,GBR,Online TA,TA/TO,0,0,0,A,A,0,No Deposit,9.0,0,Transient,79.2,0,2
City Hotel,0,73,2017,March,10,11,2,1,2,0.0,0,BB,BEL,Online TA,TA/TO,0,0,0,D,D,0,No Deposit,9.0,0,Transient,106.2,0,2
City Hotel,0,108,2017,March,10,10,2,2,2,0.0,0,SC,PRT,Online TA,TA/TO,0,0,0,A,A,0,No Deposit,9.0,0,Transient,74.8,0,0
City Hotel,0,166,2017,March,10,10,2,2,2,0.0,0,BB,ITA,Online TA,TA/TO,0,0,0,A,A,0,No Deposit,9.0,0,Transient,88.4,0,1
City Hotel,0,28,2017,March,11,12,2,0,2,0.0,0,BB,ITA,Online TA,TA/TO,0,0,0,A,A,0,No Deposit,9.0,0,Transient,108.0,0,1
City Hotel,0,28,2017,March,11,12,2,0,2,0.0,0,BB,ITA,Online TA,TA/TO,0,0,0,A,A,0,No Deposit,9.0,0,Transient,108.0,0,1
City Hotel,0,166,2017,March,10,10,2,2,2,0.0,0,BB,ITA,Online TA,TA/TO,0,0,0,A,A,0,No Deposit,9.0,0,Transient,88.4,0,1
City Hotel,0,166,2017,March,10,10,2,2,2,0.0,0,BB,ITA,Online TA,TA/TO,0,0,0,A,A,0,No Deposit,9.0,0,Transient,88.4,0,1
City Hotel,0,4,2017,March,11,13,1,0,2,0.0,0,BB,EST,Online TA,TA/TO,0,0,0,D,D,0,No Deposit,9.0,0,Transient,128.0,0,1
City Hotel,0,75,2017,March,10,11,2,1,2,0.0,0,SC,ROU,Online TA,TA/TO,0,0,0,A,A,0,No Deposit,9.0,0,Transient,79.2,0,0
City Hotel,0,28,2017,March,10,9,2,3,2,0.0,0,BB,FRA,Offline TA/TO,TA/TO,0,0,0,A,D,0,No Deposit,28.0,0,Contract,68.0,0,0
City Hotel,0,49,2017,March,10,9,2,3,2,0.0,0,BB,GBR,Direct,Direct,0,0,0,A,A,0,No Deposit,14.0,0,Transient,79.2,0,0
City Hotel,0,0,2017,March,11,13,1,0,2,0.0,0,BB,FRA,Online TA,TA/TO,0,0,0,A,A,0,No Deposit,7.0,0,Transient,89.68,0,0
City Hotel,0,3,2017,March,10,11,2,1,2,0.0,0,SC,FRA,Online TA,TA/TO,0,0,0,A,D,0,No Deposit,9.0,0,Transient,98.0,0,1
City Hotel,0,65,2017,March,10,8,2,4,2,0.0,0,BB,IRL,Online TA,TA/TO,0,0,0,A,A,0,No Deposit,7.0,0,Transient,67.15,0,1
City Hotel,0,20,2017,March,11,12,2,0,2,0.0,0,SC,GBR,Online TA,TA/TO,0,0,0,A,A,0,No Deposit,9.0,0,Transient,88.0,0,0
City Hotel,0,1,2017,March,11,13,1,0,2,0.0,0,SC,IND,Online TA,TA/TO,0,0,0,A,A,0,No Deposit,9.0,0,Transient,98.0,0,0
City Hotel,0,0,2017,March,11,14,0,1,2,0.0,0,BB,IRL,Direct,Direct,0,0,0,A,A,1,No Deposit,14.0,0,Transient,108.0,0,0
City Hotel,0,3,2017,March,11,14,0,1,2,0.0,0,BB,PRT,Online TA,TA/TO,0,0,0,D,D,0,No Deposit,9.0,0,Transient,128.0,0,2
City Hotel,0,107,2017,March,11,12,2,1,2,0.0,0,BB,GBR,Online TA,TA/TO,0,0,0,E,E,0,No Deposit,83.0,0,Transient,99.36,0,0
City Hotel,0,7,2017,March,11,12,2,1,2,0.0,0,BB,FRA,Online TA,TA/TO,0,0,0,D,D,0,No Deposit,9.0,0,Transient,118.0,0,0
City Hotel,0,74,2017,March,10,11,2,2,2,0.0,0,SC,FRA,Online TA,TA/TO,0,0,0,A,A,0,No Deposit,9.0,0,Transient,74.8,0,0
City Hotel,0,270,2017,March,10,11,2,2,2,0.0,0,BB,PRT,Offline TA/TO,TA/TO,0,0,0,A,A,0,No Deposit,27.0,0,Transient,68.0,0,0
City Hotel,0,270,2017,March,10,11,2,2,2,0.0,0,BB,DEU,Offline TA/TO,TA/TO,0,0,0,A,A,0,No Deposit,27.0,0,Transient,68.0,0,0
City Hotel,0,45,2017,March,10,11,2,2,2,0.0,0,BB,FRA,Offline TA/TO,TA/TO,0,0,0,A,A,0,No Deposit,28.0,0,Transient,75.0,0,0
City Hotel,0,26,2017,March,11,13,1,1,2,0.0,0,BB,BEL,Online TA,TA/TO,0,0,0,A,A,0,No Deposit,9.0,0,Transient,108.0,0,2
City Hotel,0,120,2017,March,10,11,2,2,2,0.0,0,BB,DEU,Online TA,TA/TO,0,0,0,A,A,0,No Deposit,9.0,0,Transient,88.4,0,3
City Hotel,0,1,2017,March,11,14,0,1,2,0.0,0,BB,PRT,Online TA,TA/TO,0,0,0,A,A,0,No Deposit,,0,Transient,108.0,0,0
City Hotel,0,105,2017,March,10,10,2,3,2,0.0,0,SC,NLD,Online TA,TA/TO,0,0,0,A,A,0,No Deposit,9.0,0,Transient,74.8,0,2
City Hotel,0,91,2017,March,11,12,2,1,2,0.0,0,BB,FRA,Online TA,TA/TO,0,0,0,A,A,0,No Deposit,7.0,0,Transient,71.1,0,1
City Hotel,0,41,2017,March,10,10,2,3,2,0.0,0,BB,HUN,Online TA,TA/TO,0,0,0,D,D,0,No Deposit,9.0,0,Transient,100.3,0,1
City Hotel,0,88,2017,March,11,12,2,1,2,0.0,0,BB,FRA,Online TA,TA/TO,0,0,0,A,A,0,No Deposit,9.0,0,Transient,97.2,0,2
City Hotel,0,67,2017,March,11,12,2,1,2,0.0,0,BB,DEU,Online TA,TA/TO,0,0,0,A,A,0,No Deposit,9.0,0,Transient,97.2,0,1
City Hotel,0,35,2017,March,10,9,2,4,2,0.0,0,BB,GBR,Online TA,TA/TO,0,0,0,D,D,0,No Deposit,7.0,0,Transient,73.37,0,0
City Hotel,0,10,2017,March,10,11,2,2,2,0.0,0,BB,IRL,Online TA,TA/TO,0,0,0,D,D,0,No Deposit,9.0,0,Transient,102.43,0,1
City Hotel,0,27,2017,March,11,12,2,1,2,0.0,0,BB,GBR,Direct,Direct,0,0,0,A,A,0,No Deposit,14.0,0,Transient,79.2,0,2
City Hotel,0,0,2017,March,11,14,0,1,2,0.0,0,BB,RUS,Online TA,Corporate,0,0,0,A,A,0,No Deposit,,0,Transient,98.0,0,1
City Hotel,0,3,2017,March,10,11,2,2,2,0.0,0,SC,AUT,Online TA,TA/TO,0,0,0,A,C,0,No Deposit,7.0,0,Transient,63.31,0,0
City Hotel,0,113,2017,March,11,13,1,1,2,0.0,0,SC,GBR,Online TA,TA/TO,0,0,0,A,A,0,No Deposit,89.0,0,Transient,60.19,0,0
City Hotel,0,0,2017,March,11,14,0,1,2,0.0,0,BB,PRT,Offline TA/TO,TA/TO,0,0,0,F,F,0,No Deposit,28.0,0,Transient,65.0,0,0
City Hotel,0,91,2017,March,10,11,2,2,2,0.0,0,BB,POL,Online TA,TA/TO,0,0,0,A,A,0,No Deposit,9.0,0,Transient,91.8,0,3
City Hotel,0,28,2017,March,11,13,1,2,2,0.0,0,BB,IRL,Online TA,TA/TO,0,0,0,D,D,0,No Deposit,9.0,0,Transient,133.33,0,1
City Hotel,0,6,2017,March,11,12,2,2,2,0.0,0,BB,AUT,Online TA,TA/TO,0,0,0,A,A,0,No Deposit,7.0,0,Transient,76.23,0,0
City Hotel,0,63,2017,March,10,10,2,4,2,0.0,0,BB,GBR,Direct,Direct,0,0,0,A,A,1,No Deposit,14.0,0,Transient,78.5,0,1
City Hotel,0,67,2017,March,11,12,2,2,2,0.0,0,SC,DEU,Online TA,TA/TO,0,0,0,A,A,0,No Deposit,9.0,0,Transient,74.8,0,1
City Hotel,0,25,2017,March,11,13,1,2,2,0.0,0,BB,FRA,Online TA,TA/TO,0,0,0,A,A,0,No Deposit,7.0,0,Transient,81.44,0,0
City Hotel,0,25,2017,March,11,13,1,2,2,0.0,0,BB,FRA,Online TA,TA/TO,0,0,0,D,D,0,No Deposit,7.0,0,Transient,88.76,0,0
City Hotel,0,204,2017,March,11,13,1,2,2,0.0,0,SC,FRA,Online TA,TA/TO,0,0,0,A,A,0,No Deposit,9.0,0,Transient,88.2,1,3
City Hotel,0,34,2017,March,11,12,2,2,2,0.0,0,BB,CHN,Online TA,TA/TO,0,0,0,A,A,0,No Deposit,7.0,0,Transient,72.33,0,1
City Hotel,0,34,2017,March,11,12,2,2,2,0.0,0,BB,CHN,Online TA,TA/TO,0,0,0,A,A,0,No Deposit,7.0,0,Transient,72.33,0,1
City Hotel,0,34,2017,March,11,12,2,2,2,0.0,0,BB,CHN,Online TA,TA/TO,0,0,0,A,A,0,No Deposit,7.0,0,Transient,72.33,0,1
City Hotel,0,34,2017,March,11,12,2,2,2,0.0,0,BB,CHN,Online TA,TA/TO,0,0,0,A,A,0,No Deposit,7.0,0,Transient,72.33,0,1
City Hotel,0,34,2017,March,11,12,2,2,2,0.0,0,BB,CHN,Online TA,TA/TO,0,0,0,A,A,0,No Deposit,7.0,0,Transient,72.33,0,1
City Hotel,0,34,2017,March,11,12,2,2,2,0.0,0,BB,CHN,Online TA,TA/TO,0,0,0,A,A,0,No Deposit,7.0,0,Transient,72.33,0,1
City Hotel,0,52,2017,March,11,12,2,2,2,0.0,0,BB,USA,Online TA,TA/TO,0,0,0,D,D,0,No Deposit,9.0,0,Transient,100.3,0,1
City Hotel,0,28,2017,March,11,14,0,2,2,0.0,0,BB,PRT,Groups,TA/TO,0,0,0,A,A,1,No Deposit,1.0,0,Transient,75.0,0,1
City Hotel,0,40,2017,March,11,13,1,2,2,0.0,0,SC,GBR,Online TA,TA/TO,0,0,0,A,A,0,No Deposit,7.0,0,Transient,67.76,0,1
City Hotel,0,22,2017,March,11,13,1,2,2,0.0,0,BB,FRA,Online TA,TA/TO,0,0,0,D,D,0,No Deposit,9.0,0,Transient,121.33,0,0
City Hotel,0,84,2017,March,11,12,2,2,2,0.0,0,BB,DEU,Online TA,TA/TO,0,0,0,A,A,0,No Deposit,7.0,0,Transient,67.15,0,1
City Hotel,0,49,2017,March,11,13,1,2,2,0.0,0,BB,GBR,Online TA,TA/TO,0,0,0,D,D,0,No Deposit,7.0,0,Transient,77.69,0,1
City Hotel,0,65,2017,March,11,12,2,2,2,0.0,0,BB,FRA,Offline TA/TO,TA/TO,0,0,0,A,A,0,No Deposit,138.0,0,Transient,73.0,0,1
City Hotel,0,27,2017,March,11,14,0,2,2,0.0,0,BB,NLD,Online TA,TA/TO,0,0,0,A,A,0,No Deposit,9.0,0,Transient,113.0,0,3
City Hotel,0,65,2017,March,11,12,2,2,2,0.0,0,BB,FRA,Offline TA/TO,TA/TO,0,0,0,A,A,0,No Deposit,138.0,0,Transient,73.0,0,1
City Hotel,0,96,2017,March,11,12,2,2,2,0.0,0,BB,GBR,Offline TA/TO,TA/TO,0,0,0,A,A,0,No Deposit,103.0,0,Transient,79.2,0,0
City Hotel,0,145,2017,March,11,14,0,2,2,0.0,0,BB,NOR,Direct,Direct,0,0,0,A,E,6,No Deposit,14.0,0,Transient,77.0,0,2
City Hotel,0,0,2017,March,11,16,0,1,2,0.0,0,BB,NOR,Direct,Direct,1,0,0,D,D,1,No Deposit,,0,Transient,123.0,0,0
City Hotel,0,31,2017,March,10,11,2,3,2,0.0,0,BB,DEU,Offline TA/TO,TA/TO,0,0,0,A,A,0,No Deposit,85.0,0,Transient,68.0,0,1
City Hotel,0,51,2017,March,10,11,2,3,2,0.0,0,BB,GBR,Offline TA/TO,TA/TO,0,0,0,A,D,0,No Deposit,28.0,0,Transient,75.0,0,0
City Hotel,0,34,2017,March,11,13,1,2,2,0.0,0,BB,CHE,Offline TA/TO,TA/TO,0,0,0,A,A,0,No Deposit,16.0,0,Transient,80.0,0,0
City Hotel,0,11,2017,March,11,12,2,2,2,0.0,0,BB,FRA,Online TA,TA/TO,0,0,0,A,A,0,No Deposit,9.0,0,Transient,93.93,0,1
City Hotel,0,29,2017,March,11,12,2,2,2,0.0,0,BB,BRA,Online TA,TA/TO,0,0,0,A,A,0,No Deposit,9.0,0,Transient,93.93,0,1
City Hotel,0,35,2017,March,11,13,1,2,2,0.0,0,SC,GBR,Online TA,TA/TO,0,0,0,A,A,0,No Deposit,7.0,0,Transient,66.81,0,1
City Hotel,0,2,2017,March,11,15,0,1,2,0.0,0,BB,PRT,Direct,Direct,0,0,0,A,A,1,No Deposit,,0,Transient,75.0,0,1
City Hotel,0,38,2017,March,11,13,1,3,2,0.0,0,HB,FRA,Online TA,TA/TO,0,0,0,D,D,0,No Deposit,9.0,0,Transient,143.6,0,1
City Hotel,0,41,2017,March,11,14,0,3,2,0.0,0,BB,GBR,Online TA,TA/TO,0,0,0,D,D,0,No Deposit,83.0,0,Transient,94.4,0,0
City Hotel,0,65,2017,March,11,14,0,3,2,0.0,0,SC,DEU,Online TA,TA/TO,0,0,0,A,A,0,No Deposit,9.0,0,Transient,79.2,0,0
City Hotel,0,4,2017,March,11,16,0,1,2,0.0,0,SC,CN,Online TA,TA/TO,0,0,0,A,A,0,No Deposit,9.0,0,Transient,98.0,0,1
City Hotel,0,98,2017,March,11,12,2,3,2,0.0,0,BB,NLD,Online TA,TA/TO,0,0,0,D,D,0,No Deposit,7.0,0,Transient,73.37,0,1
City Hotel,0,8,2017,March,11,16,0,1,2,0.0,0,BB,DEU,Direct,Direct,0,0,0,E,E,0,No Deposit,14.0,0,Transient,153.0,0,0
City Hotel,0,54,2017,March,11,14,0,3,2,0.0,0,BB,FRA,Offline TA/TO,TA/TO,0,0,0,A,D,0,No Deposit,28.0,0,Transient,75.0,0,0
City Hotel,0,70,2017,March,11,12,2,3,2,0.0,0,SC,IRL,Online TA,TA/TO,0,0,0,A,A,0,No Deposit,9.0,0,Transient,74.8,0,1
City Hotel,0,47,2017,March,11,14,0,3,2,0.0,0,SC,NLD,Online TA,TA/TO,0,0,0,A,A,0,No Deposit,9.0,0,Transient,79.2,0,0
City Hotel,0,112,2017,March,11,13,1,3,2,0.0,0,BB,NLD,Online TA,TA/TO,0,0,0,A,A,0,No Deposit,9.0,0,Transient,91.8,0,3
City Hotel,0,70,2017,March,11,13,1,3,2,0.0,0,BB,FRA,Online TA,TA/TO,0,0,0,D,D,2,No Deposit,9.0,0,Transient,100.3,0,1
City Hotel,0,7,2017,March,11,14,0,3,2,0.0,0,SC,GBR,Online TA,TA/TO,0,0,0,A,A,0,No Deposit,9.0,0,Transient,98.0,0,0
City Hotel,0,46,2017,March,11,12,2,3,2,0.0,0,BB,FRA,Online TA,TA/TO,0,0,0,D,E,0,No Deposit,9.0,0,Transient,100.3,0,1
City Hotel,0,56,2017,March,11,13,1,3,2,0.0,0,BB,IND,Online TA,TA/TO,0,0,0,A,A,0,No Deposit,7.0,0,Transient,67.15,0,1
City Hotel,0,13,2017,March,11,13,1,3,2,0.0,0,HB,BEL,Online TA,TA/TO,0,0,0,D,D,0,No Deposit,9.0,0,Transient,136.85,0,2
City Hotel,0,0,2017,March,11,15,0,2,2,0.0,0,BB,PRT,Direct,Direct,0,0,0,A,A,1,No Deposit,14.0,0,Transient,134.0,0,0
City Hotel,0,5,2017,March,12,22,0,2,2,0.0,0,BB,PRT,Direct,Direct,1,0,1,A,A,0,No Deposit,14.0,0,Transient,89.1,1,0
City Hotel,0,6,2017,March,13,29,0,2,2,0.0,0,BB,PRT,Direct,Direct,1,0,2,D,D,0,No Deposit,14.0,0,Group,128.7,1,0
City Hotel,0,18,2017,March,11,13,1,3,2,0.0,0,BB,CHE,Online TA,TA/TO,0,0,0,D,D,0,No Deposit,8.0,0,Transient,104.55,0,0
City Hotel,0,33,2017,March,11,14,0,3,2,0.0,0,SC,DEU,Online TA,TA/TO,0,0,0,A,A,0,No Deposit,9.0,0,Transient,94.67,0,0
City Hotel,0,52,2017,March,11,14,0,3,2,0.0,0,BB,ITA,Offline TA/TO,TA/TO,0,0,0,A,D,0,No Deposit,28.0,0,Transient,75.0,0,1
City Hotel,0,84,2017,March,11,13,1,3,2,0.0,0,BB,AUT,Online TA,TA/TO,0,0,0,A,A,1,No Deposit,9.0,0,Transient,94.8,0,2
City Hotel,0,28,2017,March,11,13,1,3,2,0.0,0,BB,FRA,Offline TA/TO,TA/TO,0,0,0,A,D,1,No Deposit,28.0,0,Contract,68.0,0,0
City Hotel,0,22,2017,March,11,14,0,3,2,0.0,0,BB,AGO,Online TA,TA/TO,0,0,0,D,D,0,No Deposit,9.0,0,Transient,124.67,0,0
City Hotel,0,13,2017,March,11,14,0,3,2,0.0,0,BB,PRT,Offline TA/TO,TA/TO,0,0,0,D,D,0,No Deposit,94.0,0,Transient-Party,75.0,0,1
City Hotel,0,77,2017,March,11,15,0,2,2,0.0,0,SC,DEU,Online TA,TA/TO,0,0,0,A,A,0,No Deposit,9.0,0,Transient,79.2,0,1
City Hotel,0,55,2017,March,11,13,1,3,2,0.0,0,BB,HUN,Online TA,TA/TO,0,0,0,A,A,0,No Deposit,7.0,0,Transient,70.69,0,1
City Hotel,0,26,2017,March,11,15,0,2,2,0.0,0,BB,PRT,Complementary,Direct,0,0,0,A,A,0,No Deposit,,0,Transient,0.0,0,1
City Hotel,0,52,2017,March,11,13,1,3,2,0.0,0,BB,FRA,Offline TA/TO,TA/TO,0,0,0,A,D,2,No Deposit,28.0,0,Transient,75.0,0,0
City Hotel,0,6,2017,March,11,13,1,3,2,0.0,0,SC,DEU,Online TA,TA/TO,0,0,0,A,A,0,No Deposit,7.0,0,Transient,66.64,0,1
City Hotel,0,84,2017,March,11,13,1,3,2,0.0,0,BB,AUT,Online TA,TA/TO,0,0,0,A,A,1,No Deposit,9.0,0,Transient,94.8,0,2
City Hotel,0,60,2017,March,11,13,1,3,2,0.0,0,SC,GBR,Online TA,TA/TO,0,0,0,A,A,1,No Deposit,7.0,0,Transient,57.6,0,1
City Hotel,0,70,2017,March,11,13,1,3,2,0.0,0,SC,FRA,Online TA,TA/TO,0,0,0,A,A,0,No Deposit,9.0,0,Transient,74.8,0,0
City Hotel,0,43,2017,March,11,13,1,3,2,0.0,0,BB,FRA,Online TA,TA/TO,0,0,0,A,A,0,No Deposit,9.0,0,Transient,91.8,0,3
City Hotel,0,27,2017,March,11,13,1,3,2,0.0,0,SC,FRA,Online TA,TA/TO,0,0,0,A,A,0,No Deposit,9.0,0,Transient,79.05,0,0
City Hotel,0,62,2017,March,10,10,2,5,2,0.0,0,BB,POL,Online TA,TA/TO,0,0,0,A,A,0,No Deposit,83.0,0,Transient,73.44,0,0
City Hotel,0,45,2017,March,11,12,2,3,2,0.0,0,SC,GBR,Online TA,TA/TO,0,0,0,A,A,0,No Deposit,8.0,0,Transient,74.8,0,0
City Hotel,0,41,2017,March,11,13,1,3,2,0.0,0,BB,FRA,Online TA,TA/TO,0,0,0,A,A,0,No Deposit,9.0,0,Transient,91.8,0,1
City Hotel,0,84,2017,March,11,13,1,3,2,0.0,0,BB,AUT,Online TA,TA/TO,0,0,0,A,A,1,No Deposit,9.0,0,Transient,94.8,0,2
City Hotel,0,73,2017,March,11,12,2,3,2,0.0,0,BB,FRA,Online TA,TA/TO,0,0,0,A,A,0,No Deposit,9.0,0,Transient,91.8,0,2
City Hotel,0,42,2017,March,11,13,1,3,2,0.0,0,BB,DEU,Online TA,TA/TO,0,0,0,A,A,0,No Deposit,7.0,0,Transient,67.15,0,0
City Hotel,0,30,2017,March,11,13,1,3,2,0.0,0,BB,FRA,Online TA,TA/TO,0,0,0,A,A,0,No Deposit,7.0,0,Transient,70.26,0,0
City Hotel,0,47,2017,March,11,13,1,3,2,0.0,0,BB,FRA,Offline TA/TO,TA/TO,0,0,0,A,D,0,No Deposit,28.0,0,Transient,75.0,0,0
City Hotel,0,56,2017,March,11,12,2,3,2,0.0,0,SC,DEU,Online TA,TA/TO,0,0,0,A,A,0,No Deposit,9.0,0,Transient,74.8,0,1
City Hotel,0,33,2017,March,11,13,1,3,2,0.0,0,BB,FRA,Direct,Direct,0,0,0,A,A,0,No Deposit,14.0,0,Transient,83.7,0,2
City Hotel,0,19,2017,March,11,14,0,3,2,0.0,0,BB,PRT,Direct,Direct,0,0,0,A,A,2,No Deposit,,0,Transient,80.0,0,1
City Hotel,0,56,2017,March,11,13,1,4,2,0.0,0,BB,FRA,Offline TA/TO,TA/TO,0,0,0,A,D,0,No Deposit,28.0,0,Transient,75.0,0,0
City Hotel,0,93,2017,March,11,14,0,4,2,0.0,0,SC,FRA,Online TA,TA/TO,0,0,0,A,A,0,No Deposit,9.0,0,Transient,74.8,0,2
City Hotel,0,29,2017,March,11,14,0,4,2,0.0,0,BB,FRA,Offline TA/TO,TA/TO,0,0,0,A,A,0,No Deposit,85.0,0,Transient,68.0,0,0
City Hotel,0,68,2017,March,11,14,0,4,2,0.0,0,BB,PRT,Online TA,TA/TO,0,0,0,A,A,0,No Deposit,9.0,0,Transient,91.8,0,0
City Hotel,0,180,2017,March,11,15,0,3,2,0.0,0,HB,FRA,Offline TA/TO,TA/TO,0,0,0,A,D,0,No Deposit,28.0,0,Transient,105.0,0,0
City Hotel,0,69,2017,March,11,15,0,3,2,0.0,0,BB,NLD,Online TA,TA/TO,0,0,0,A,A,0,No Deposit,9.0,0,Transient,97.2,0,1
City Hotel,0,53,2017,March,11,13,1,4,2,0.0,0,BB,FRA,Online TA,TA/TO,0,0,0,A,A,0,No Deposit,9.0,0,Transient,91.8,0,1
City Hotel,0,22,2017,March,11,13,1,4,2,0.0,0,BB,FRA,Online TA,TA/TO,0,0,0,D,D,0,No Deposit,9.0,0,Transient,105.4,0,1
City Hotel,0,53,2017,March,11,15,0,3,2,0.0,0,HB,DZA,Online TA,TA/TO,0,0,0,A,A,0,No Deposit,7.0,0,Transient,102.56,0,3
City Hotel,0,53,2017,March,11,13,1,4,2,0.0,0,HB,FRA,Online TA,TA/TO,0,0,0,A,A,0,No Deposit,7.0,0,Transient,92.02,0,1
City Hotel,0,55,2017,March,10,11,2,5,2,0.0,0,BB,FRA,Online TA,TA/TO,0,0,0,D,D,0,No Deposit,9.0,0,Transient,102.0,0,1
City Hotel,0,76,2017,March,11,15,0,3,2,0.0,0,BB,IRL,Online TA,TA/TO,0,0,0,D,D,0,No Deposit,9.0,0,Transient,106.2,0,1
City Hotel,0,47,2017,March,11,15,0,3,2,0.0,0,BB,FRA,Online TA,TA/TO,0,0,0,A,A,0,No Deposit,9.0,0,Transient,97.2,0,0
City Hotel,0,56,2017,March,10,11,2,5,2,0.0,0,SC,FIN,Online TA,TA/TO,0,0,0,A,A,0,No Deposit,7.0,0,Transient,54.71,0,1
City Hotel,0,71,2017,March,11,17,0,1,2,0.0,0,SC,USA,Online TA,TA/TO,0,0,0,A,A,0,No Deposit,7.0,0,Transient,60.98,0,1
City Hotel,0,100,2017,March,11,16,0,2,2,0.0,0,SC,FRA,Online TA,TA/TO,0,0,0,A,A,0,No Deposit,9.0,0,Transient,79.2,0,1
City Hotel,0,2,2017,March,11,16,0,2,2,0.0,0,BB,FIN,Direct,Direct,0,0,0,A,A,0,No Deposit,,0,Transient,88.2,0,1
City Hotel,0,55,2017,March,11,12,2,4,2,0.0,0,BB,BEL,Online TA,TA/TO,0,0,0,A,A,0,No Deposit,9.0,0,Transient,91.8,0,1
City Hotel,0,10,2017,March,11,17,0,1,2,0.0,0,BB,PRT,Online TA,TA/TO,0,0,0,D,E,0,No Deposit,9.0,0,Transient,128.0,0,3
City Hotel,0,65,2017,March,11,13,1,4,2,0.0,0,BB,PRT,Online TA,TA/TO,0,0,0,A,A,0,No Deposit,7.0,0,Transient,67.15,0,2
City Hotel,0,36,2017,March,11,14,0,4,2,0.0,0,BB,FRA,Online TA,TA/TO,0,0,0,D,D,0,No Deposit,9.0,0,Transient,106.68,0,0
City Hotel,0,72,2017,March,11,15,0,3,2,0.0,0,BB,USA,Direct,Direct,0,0,0,A,A,0,No Deposit,14.0,0,Transient,79.2,0,2
City Hotel,0,1,2017,March,11,17,0,1,2,0.0,0,BB,PRT,Direct,Direct,0,0,0,A,D,0,No Deposit,,0,Transient,65.0,0,1
City Hotel,0,44,2017,March,11,15,0,3,2,0.0,0,BB,DEU,Online TA,TA/TO,0,0,0,A,A,0,No Deposit,9.0,0,Transient,100.8,0,0
City Hotel,0,0,2017,March,11,14,0,4,2,0.0,0,BB,BEL,Online TA,TA/TO,0,0,0,A,A,0,No Deposit,9.0,0,Transient,91.8,0,2
City Hotel,0,8,2017,March,11,17,0,1,2,0.0,0,SC,PRT,Online TA,TA/TO,0,0,0,A,D,0,No Deposit,9.0,0,Transient,107.0,0,0
City Hotel,0,170,2017,March,11,15,0,3,2,0.0,0,BB,GBR,Online TA,TA/TO,0,0,0,D,D,0,No Deposit,8.0,0,Transient,102.6,0,1
City Hotel,0,52,2017,March,11,13,1,4,2,0.0,0,BB,FRA,Offline TA/TO,TA/TO,0,0,0,A,D,0,No Deposit,28.0,0,Transient,75.0,0,0
City Hotel,0,59,2017,March,11,14,0,4,2,0.0,0,SC,BRA,Online TA,TA/TO,0,0,0,A,A,0,No Deposit,7.0,0,Transient,66.6,0,1
City Hotel,0,53,2017,March,11,15,0,3,2,0.0,0,HB,DZA,Online TA,TA/TO,0,0,0,A,A,0,No Deposit,7.0,0,Transient,102.56,0,2
City Hotel,0,1,2017,March,11,16,0,2,2,0.0,0,SC,USA,Online TA,TA/TO,0,0,0,A,A,0,No Deposit,7.0,0,Transient,76.44,0,0
City Hotel,0,137,2017,March,11,13,1,4,2,0.0,0,BB,FRA,Online TA,TA/TO,0,0,0,A,A,0,No Deposit,9.0,0,Transient,88.4,0,1
City Hotel,0,38,2017,March,11,14,0,4,2,0.0,0,SC,DEU,Offline TA/TO,TA/TO,0,0,0,A,A,0,No Deposit,138.0,0,Transient,70.0,0,1
City Hotel,0,1,2017,March,11,17,0,1,2,0.0,0,SC,ESP,Online TA,TA/TO,0,0,0,A,D,0,No Deposit,9.0,0,Transient,107.0,1,2
City Hotel,0,1,2017,March,11,16,0,2,2,0.0,0,SC,ARG,Online TA,TA/TO,0,0,0,A,A,0,No Deposit,152.0,0,Transient,72.16,0,0
City Hotel,0,1,2017,March,11,17,0,1,2,0.0,0,BB,PRT,Online TA,TA/TO,0,0,0,E,E,0,No Deposit,9.0,0,Transient,158.0,0,2
City Hotel,0,0,2017,March,11,17,0,1,2,0.0,0,SC,ESP,Online TA,TA/TO,0,0,0,A,D,0,No Deposit,9.0,0,Transient,98.0,0,0
City Hotel,0,123,2017,March,11,16,0,3,2,0.0,0,HB,FRA,Online TA,TA/TO,0,0,0,A,A,0,No Deposit,9.0,0,Transient,127.8,0,2
City Hotel,0,87,2017,March,11,15,0,4,2,0.0,0,BB,FRA,Online TA,TA/TO,0,0,0,A,A,0,No Deposit,9.0,0,Transient,91.8,0,1
City Hotel,0,149,2017,March,11,15,0,4,2,0.0,0,SC,FRA,Online TA,TA/TO,0,0,0,A,A,0,No Deposit,9.0,0,Transient,74.8,0,2
City Hotel,0,182,2017,March,10,11,2,6,2,0.0,0,BB,GBR,Corporate,TA/TO,0,0,0,A,A,0,No Deposit,330.0,0,Transient-Party,90.0,0,1
City Hotel,0,182,2017,March,10,11,2,6,2,0.0,0,BB,GBR,Corporate,TA/TO,0,0,0,A,A,0,No Deposit,330.0,0,Transient-Party,90.0,0,1
City Hotel,0,182,2017,March,10,11,2,6,2,0.0,0,BB,IRL,Corporate,TA/TO,0,0,0,A,A,0,No Deposit,330.0,0,Transient-Party,90.0,0,1
City Hotel,0,115,2017,March,11,16,0,3,2,0.0,0,SC,LVA,Online TA,TA/TO,0,0,0,A,A,0,No Deposit,9.0,0,Transient,79.2,0,0
City Hotel,0,115,2017,March,11,16,0,3,2,0.0,0,SC,LVA,Online TA,TA/TO,0,0,0,A,A,0,No Deposit,9.0,0,Transient,79.2,0,2
City Hotel,0,3,2017,March,10,11,2,6,2,0.0,0,BB,IRL,Corporate,TA/TO,0,0,0,A,A,3,No Deposit,330.0,0,Transient-Party,90.0,0,1
City Hotel,0,57,2017,March,11,16,0,3,2,0.0,0,BB,ITA,Offline TA/TO,TA/TO,0,0,0,A,D,0,No Deposit,28.0,0,Transient,75.0,0,0
City Hotel,0,7,2017,March,11,18,0,1,2,0.0,0,SC,MEX,Online TA,TA/TO,0,0,0,A,A,0,No Deposit,9.0,0,Transient,98.0,0,0
City Hotel,0,57,2017,March,11,16,0,3,2,0.0,0,BB,ITA,Offline TA/TO,TA/TO,0,0,0,A,B,0,No Deposit,28.0,0,Transient,75.0,0,0
City Hotel,0,88,2017,March,11,15,0,4,2,0.0,0,BB,FRA,Online TA,TA/TO,0,0,0,D,D,0,No Deposit,7.0,0,Transient,77.23,0,1
City Hotel,0,84,2017,March,11,16,0,3,2,0.0,0,BB,GBR,Online TA,TA/TO,0,0,0,A,A,0,No Deposit,9.0,0,Transient,97.2,0,2
City Hotel,0,57,2017,March,11,16,0,3,2,0.0,0,BB,ITA,Offline TA/TO,TA/TO,0,0,0,A,D,0,No Deposit,28.0,0,Transient,75.0,0,0
City Hotel,0,51,2017,March,10,11,2,6,2,0.0,0,SC,USA,Online TA,TA/TO,0,0,0,A,A,0,No Deposit,7.0,0,Transient,57.6,0,0
City Hotel,0,54,2017,March,11,15,0,4,2,0.0,0,SC,GBR,Online TA,TA/TO,0,0,0,A,A,0,No Deposit,7.0,0,Transient,57.6,0,1
City Hotel,0,89,2017,March,11,16,0,3,2,0.0,0,BB,BRA,Online TA,TA/TO,0,0,0,D,D,0,No Deposit,7.0,0,Transient,81.77,0,1
City Hotel,0,189,2017,March,11,14,0,5,2,0.0,0,BB,DEU,Online TA,TA/TO,0,0,0,A,A,0,No Deposit,7.0,0,Transient,68.07,0,1
City Hotel,0,54,2017,March,11,15,0,4,2,0.0,0,BB,DEU,Offline TA/TO,TA/TO,0,0,0,A,A,0,No Deposit,27.0,0,Transient,68.0,0,0
City Hotel,0,59,2017,March,11,16,0,3,2,0.0,0,BB,FRA,Direct,Direct,0,0,0,A,A,0,No Deposit,14.0,0,Transient,79.2,0,0
City Hotel,0,66,2017,March,11,16,0,3,2,0.0,0,BB,FRA,Online TA,TA/TO,0,0,0,A,A,0,No Deposit,9.0,0,Transient,106.2,0,0
City Hotel,0,4,2017,March,11,17,0,2,2,0.0,0,BB,PRT,Direct,Direct,0,0,0,D,D,0,No Deposit,14.0,0,Transient,95.0,0,0
City Hotel,0,56,2017,March,11,16,0,3,2,0.0,0,BB,ITA,Online TA,TA/TO,0,0,0,A,A,0,No Deposit,9.0,0,Transient,97.2,0,0
City Hotel,0,114,2017,March,11,18,0,1,2,0.0,0,SC,PRT,Online TA,TA/TO,0,0,0,A,B,1,No Deposit,7.0,0,Transient,63.05,0,1
City Hotel,0,72,2017,March,11,15,0,4,2,0.0,0,BB,NLD,Online TA,TA/TO,0,0,0,A,A,0,No Deposit,9.0,0,Transient,91.8,0,1
City Hotel,0,89,2017,March,11,17,0,2,2,0.0,0,SC,ESP,Online TA,TA/TO,0,0,0,A,A,0,No Deposit,9.0,0,Transient,79.2,0,2
City Hotel,0,174,2017,March,11,18,0,1,2,0.0,0,SC,FRA,Online TA,TA/TO,0,0,0,A,A,0,No Deposit,9.0,0,Transient,79.2,0,1
City Hotel,0,65,2017,March,11,15,0,4,2,0.0,0,BB,CHE,Online TA,TA/TO,0,0,0,A,A,0,No Deposit,7.0,0,Transient,67.15,0,1
City Hotel,0,256,2017,March,11,17,0,2,2,0.0,0,SC,CHE,Online TA,TA/TO,0,0,0,A,A,0,No Deposit,9.0,0,Transient,79.2,0,2
City Hotel,0,26,2017,March,11,17,0,2,2,0.0,0,BB,BEL,Online TA,TA/TO,0,0,0,D,D,0,No Deposit,9.0,0,Transient,132.5,0,0
City Hotel,0,122,2017,March,11,16,0,3,2,0.0,0,SC,BRA,Online TA,TA/TO,0,0,0,A,A,0,No Deposit,7.0,0,Transient,69.98,1,3
City Hotel,0,5,2017,March,11,17,0,2,2,0.0,0,BB,DEU,Online TA,TA/TO,0,0,0,A,A,0,No Deposit,9.0,0,Transient,118.0,0,1
City Hotel,0,3,2017,March,11,17,0,2,2,0.0,0,BB,PRT,Complementary,TA/TO,0,0,0,G,G,1,No Deposit,,0,Transient,0.0,0,2
City Hotel,0,96,2017,March,11,16,0,3,2,0.0,0,BB,GBR,Direct,Direct,0,0,0,A,A,0,No Deposit,14.0,0,Transient,79.2,0,3
City Hotel,0,57,2017,March,11,17,0,2,2,0.0,0,BB,GBR,Direct,Direct,0,0,0,A,A,0,No Deposit,14.0,0,Transient,79.2,0,0
City Hotel,0,6,2017,March,11,18,0,1,2,0.0,0,SC,USA,Online TA,TA/TO,0,0,0,A,A,0,No Deposit,9.0,0,Transient,98.0,0,0
City Hotel,0,56,2017,March,11,18,0,1,2,0.0,0,BB,PRT,Direct,Direct,0,0,0,A,A,0,No Deposit,14.0,0,Transient,79.2,0,1
City Hotel,0,56,2017,March,11,18,0,1,2,0.0,0,BB,PRT,Direct,Direct,0,0,0,A,A,0,No Deposit,14.0,0,Transient,88.2,0,1
City Hotel,0,57,2017,March,11,17,0,2,2,0.0,0,BB,PRT,Offline TA/TO,TA/TO,0,0,0,A,D,0,No Deposit,28.0,0,Transient,75.0,0,0
City Hotel,0,93,2017,March,11,16,0,3,2,0.0,0,SC,DEU,Online TA,TA/TO,0,0,0,A,A,0,No Deposit,8.0,0,Transient,79.2,0,0
City Hotel,0,175,2017,March,11,16,0,3,2,0.0,0,BB,GBR,Offline TA/TO,TA/TO,0,0,0,A,A,0,No Deposit,28.0,0,Transient,72.0,0,2
City Hotel,0,8,2017,March,11,17,0,2,2,0.0,0,BB,FRA,Online TA,TA/TO,0,0,0,D,D,0,No Deposit,9.0,0,Transient,128.0,0,1
City Hotel,0,175,2017,March,11,16,0,3,2,0.0,0,BB,GBR,Offline TA/TO,TA/TO,0,0,0,A,A,0,No Deposit,28.0,0,Transient,72.0,0,2
City Hotel,0,71,2017,March,11,16,0,3,2,0.0,0,SC,IRL,Online TA,TA/TO,0,0,0,A,A,0,No Deposit,9.0,0,Transient,79.2,0,1
City Hotel,0,175,2017,March,11,16,0,3,2,0.0,0,BB,GBR,Offline TA/TO,TA/TO,0,0,0,A,A,0,No Deposit,28.0,0,Transient,72.0,0,2
City Hotel,0,109,2017,March,11,14,0,5,2,0.0,0,BB,GBR,Offline TA/TO,TA/TO,0,0,0,A,A,0,No Deposit,22.0,0,Transient,68.0,0,1
City Hotel,0,53,2017,March,11,14,0,5,2,0.0,0,BB,GBR,Offline TA/TO,TA/TO,0,0,0,A,D,1,No Deposit,94.0,0,Transient-Party,69.0,0,1
City Hotel,0,88,2017,March,11,18,0,1,2,0.0,0,SC,DEU,Offline TA/TO,TA/TO,0,0,0,A,A,0,No Deposit,85.0,0,Transient,63.0,0,0
City Hotel,0,246,2017,March,11,16,0,3,2,0.0,0,BB,IRL,Direct,Direct,0,0,0,D,D,2,No Deposit,14.0,0,Transient,79.2,0,0
City Hotel,0,79,2017,March,11,18,0,1,2,0.0,0,SC,PRT,Online TA,TA/TO,0,0,0,A,A,0,No Deposit,8.0,0,Transient,79.2,0,1
City Hotel,0,150,2017,March,11,17,0,2,2,0.0,0,BB,BEL,Online TA,TA/TO,0,0,0,D,D,0,No Deposit,9.0,0,Transient,102.6,0,3
City Hotel,0,72,2017,March,11,17,0,2,2,0.0,0,BB,NLD,Online TA,TA/TO,0,0,0,A,A,0,No Deposit,7.0,0,Transient,71.1,0,1
City Hotel,0,46,2017,March,11,15,0,4,2,0.0,0,BB,HUN,Online TA,TA/TO,0,0,0,E,F,0,No Deposit,9.0,0,Transient,125.8,0,2
City Hotel,0,55,2017,March,11,15,0,4,2,0.0,0,SC,PRT,Online TA,TA/TO,0,0,0,A,A,0,No Deposit,9.0,0,Transient,74.8,0,1
City Hotel,0,74,2017,March,11,17,0,2,2,0.0,0,SC,DEU,Online TA,TA/TO,0,0,0,A,A,0,No Deposit,9.0,0,Transient,79.2,0,0
City Hotel,0,58,2017,March,11,17,1,2,2,0.0,0,BB,FRA,Offline TA/TO,TA/TO,0,0,0,A,D,0,No Deposit,28.0,0,Transient,75.0,0,0
City Hotel,0,102,2017,March,11,17,1,2,2,0.0,0,SC,BRA,Online TA,TA/TO,0,0,0,A,A,0,No Deposit,9.0,0,Transient,79.2,0,0
City Hotel,0,21,2017,March,11,16,1,3,2,0.0,0,BB,DEU,Offline TA/TO,TA/TO,0,0,0,A,A,0,No Deposit,21.0,0,Transient-Party,78.0,0,0
City Hotel,0,21,2017,March,11,16,1,3,2,0.0,0,BB,DEU,Offline TA/TO,TA/TO,0,0,0,A,A,0,No Deposit,21.0,0,Transient-Party,78.0,0,0
City Hotel,0,137,2017,March,11,17,1,2,2,0.0,0,BB,FRA,Online TA,TA/TO,0,0,0,A,A,0,No Deposit,9.0,0,Transient,93.6,0,2
City Hotel,0,21,2017,March,11,16,1,3,2,0.0,0,BB,DEU,Offline TA/TO,TA/TO,0,0,0,A,A,0,No Deposit,21.0,0,Transient-Party,78.0,0,0
City Hotel,0,21,2017,March,11,16,1,3,2,0.0,0,BB,DEU,Offline TA/TO,TA/TO,0,0,0,A,A,0,No Deposit,21.0,0,Transient-Party,78.0,0,0
City Hotel,0,77,2017,March,11,17,1,2,2,0.0,0,BB,PRT,Online TA,TA/TO,0,0,0,A,A,0,No Deposit,9.0,0,Transient,97.2,0,0
City Hotel,0,21,2017,March,11,16,1,3,2,0.0,0,BB,DEU,Offline TA/TO,TA/TO,0,0,0,A,A,0,No Deposit,21.0,0,Transient-Party,78.0,0,0
City Hotel,0,21,2017,March,11,16,1,3,2,0.0,0,BB,DEU,Offline TA/TO,TA/TO,0,0,0,A,A,0,No Deposit,21.0,0,Transient-Party,78.0,0,0
City Hotel,0,244,2017,March,11,16,1,3,2,0.0,0,BB,DEU,Offline TA/TO,TA/TO,0,0,0,A,A,1,No Deposit,21.0,223,Transient-Party,39.0,0,0
City Hotel,0,21,2017,March,11,16,1,3,2,0.0,0,BB,DEU,Offline TA/TO,TA/TO,0,0,0,A,A,0,No Deposit,21.0,0,Transient-Party,78.0,0,0
City Hotel,0,21,2017,March,11,16,1,3,2,0.0,0,BB,DEU,Offline TA/TO,TA/TO,0,0,0,A,A,0,No Deposit,21.0,0,Transient-Party,78.0,0,0
City Hotel,0,17,2017,March,11,18,1,1,2,0.0,0,BB,SWE,Direct,Direct,0,0,0,G,G,0,No Deposit,,0,Transient,233.0,0,1
City Hotel,0,17,2017,March,11,18,1,1,2,0.0,0,BB,SWE,Direct,Direct,0,0,0,G,G,0,No Deposit,,0,Transient,233.0,0,1
City Hotel,0,53,2017,March,11,16,1,3,2,0.0,0,BB,DEU,Online TA,TA/TO,0,0,0,D,D,0,No Deposit,9.0,0,Transient,100.3,0,3
City Hotel,0,20,2017,March,12,19,1,0,2,0.0,0,BB,DEU,Online TA,TA/TO,0,0,0,D,D,0,No Deposit,9.0,0,Transient,118.0,0,0
City Hotel,0,124,2017,March,11,16,1,3,2,0.0,0,BB,LUX,Online TA,TA/TO,0,0,0,A,A,2,No Deposit,9.0,0,Transient,91.8,0,1
City Hotel,0,61,2017,March,11,18,1,1,2,0.0,0,SC,PRT,Online TA,TA/TO,0,0,0,A,A,0,No Deposit,7.0,0,Transient,57.93,0,1
City Hotel,0,94,2017,March,11,17,1,2,2,0.0,0,BB,AUT,Offline TA/TO,TA/TO,0,0,0,A,A,0,No Deposit,27.0,0,Transient,72.0,0,0
City Hotel,0,67,2017,March,11,17,1,2,2,0.0,0,BB,GBR,Online TA,TA/TO,0,0,0,A,A,0,No Deposit,9.0,0,Transient,97.2,0,1
City Hotel,0,198,2017,March,11,17,1,2,2,0.0,0,BB,NLD,Online TA,TA/TO,0,0,0,A,A,0,No Deposit,9.0,0,Transient,93.6,0,2
City Hotel,0,57,2017,March,12,19,1,0,2,0.0,0,SC,FRA,Online TA,TA/TO,0,0,0,A,A,0,No Deposit,9.0,0,Transient,79.2,0,1
City Hotel,0,113,2017,March,11,17,1,2,2,0.0,0,BB,GBR,Direct,Direct,0,0,0,A,A,0,No Deposit,14.0,0,Transient,79.2,0,0
City Hotel,0,175,2017,March,11,17,1,2,2,0.0,0,SC,CHE,Online TA,TA/TO,0,0,0,A,A,0,No Deposit,9.0,0,Transient,79.2,0,2
City Hotel,0,45,2017,March,11,13,2,5,2,0.0,0,BB,FRA,Online TA,TA/TO,0,0,0,D,D,0,No Deposit,9.0,0,Transient,100.3,0,0
City Hotel,0,176,2017,March,11,18,1,1,2,0.0,0,SC,IND,Online TA,TA/TO,0,0,0,A,A,0,No Deposit,9.0,0,Transient,79.2,0,1
City Hotel,0,175,2017,March,11,17,1,2,2,0.0,0,SC,CHE,Online TA,TA/TO,0,0,0,A,A,0,No Deposit,9.0,0,Transient,79.2,0,2
City Hotel,0,187,2017,March,11,16,1,3,2,0.0,0,BB,DEU,Online TA,TA/TO,0,0,0,A,A,0,No Deposit,8.0,0,Transient,88.4,0,1
City Hotel,0,173,2017,March,11,17,1,2,2,0.0,0,SC,FRA,Online TA,TA/TO,0,0,0,A,A,0,No Deposit,9.0,0,Transient,79.2,0,0
City Hotel,0,96,2017,March,11,17,1,2,2,0.0,0,BB,BEL,Direct,Direct,0,0,0,A,A,0,No Deposit,14.0,0,Transient,79.2,0,0
City Hotel,0,63,2017,March,11,17,1,2,2,0.0,0,BB,DNK,Online TA,TA/TO,0,0,0,A,A,0,No Deposit,9.0,0,Transient,97.2,0,0
City Hotel,0,62,2017,March,11,18,1,1,2,0.0,0,SC,BEL,Online TA,TA/TO,0,0,0,A,A,0,No Deposit,9.0,0,Transient,79.2,0,1
City Hotel,0,82,2017,March,11,16,1,3,2,0.0,0,BB,DEU,Online TA,TA/TO,0,0,0,D,D,0,No Deposit,7.0,0,Transient,77.23,0,1
City Hotel,0,58,2017,March,11,17,1,2,2,0.0,0,BB,DEU,Online TA,TA/TO,0,0,0,D,D,0,No Deposit,7.0,0,Transient,81.77,0,1
City Hotel,0,65,2017,March,11,16,1,3,2,0.0,0,BB,SWE,Online TA,TA/TO,0,0,0,A,A,0,No Deposit,9.0,0,Transient,91.8,0,0
City Hotel,0,55,2017,March,11,18,1,1,2,0.0,0,BB,PRT,Online TA,TA/TO,0,0,0,A,A,0,No Deposit,9.0,0,Transient,97.2,0,2
City Hotel,0,178,2017,March,11,18,1,1,2,0.0,0,BB,FRA,Offline TA/TO,TA/TO,0,0,0,A,D,0,No Deposit,28.0,0,Transient,75.0,0,0
City Hotel,0,178,2017,March,11,18,1,1,2,0.0,0,BB,FRA,Offline TA/TO,TA/TO,0,0,0,A,D,1,No Deposit,28.0,0,Transient,75.0,0,0
City Hotel,0,131,2017,March,11,17,1,2,2,0.0,0,BB,PRT,Online TA,TA/TO,0,0,0,A,A,0,No Deposit,7.0,0,Transient,72.07,0,1
City Hotel,0,88,2017,March,11,17,1,2,2,0.0,0,BB,DEU,Online TA,TA/TO,0,0,0,A,A,0,No Deposit,7.0,0,Transient,74.84,0,1
City Hotel,0,81,2017,March,11,17,1,2,2,0.0,0,BB,FRA,Online TA,TA/TO,0,0,0,A,A,0,No Deposit,8.0,0,Transient,97.2,0,1
City Hotel,0,58,2017,March,11,16,1,3,2,0.0,0,BB,GBR,Online TA,TA/TO,0,0,0,A,A,0,No Deposit,7.0,0,Transient,70.69,0,2
City Hotel,0,81,2017,March,11,17,1,2,2,0.0,0,BB,FRA,Online TA,TA/TO,0,0,0,A,A,0,No Deposit,8.0,0,Transient,97.2,0,1
City Hotel,0,219,2017,March,11,17,1,2,2,0.0,0,SC,RUS,Online TA,TA/TO,0,0,0,A,A,0,No Deposit,9.0,0,Transient,79.2,0,1
City Hotel,0,1,2017,March,12,19,1,0,2,0.0,0,SC,FRA,Online TA,TA/TO,0,0,0,A,C,0,No Deposit,9.0,0,Transient,98.0,0,0
City Hotel,0,69,2017,March,11,18,1,1,2,0.0,0,BB,DEU,Direct,Direct,0,0,0,A,A,0,No Deposit,14.0,0,Transient,77.0,0,0
City Hotel,0,108,2017,March,11,17,1,2,2,0.0,0,BB,DEU,Online TA,TA/TO,0,0,0,A,A,0,No Deposit,9.0,0,Transient,97.2,0,2
City Hotel,0,69,2017,March,11,17,1,2,2,0.0,0,BB,GBR,Direct,Direct,0,0,0,A,A,0,No Deposit,14.0,0,Transient,79.2,0,0
City Hotel,0,150,2017,March,11,15,1,4,2,0.0,0,BB,HUN,Online TA,TA/TO,0,0,0,A,A,0,No Deposit,9.0,0,Transient,88.4,0,2
City Hotel,0,193,2017,March,11,16,1,3,2,0.0,0,BB,DEU,Online TA,TA/TO,0,0,0,A,A,0,No Deposit,9.0,0,Transient,88.4,0,2
City Hotel,0,102,2017,March,11,18,1,1,2,0.0,0,BB,ESP,Online TA,TA/TO,0,0,0,D,D,0,No Deposit,9.0,0,Transient,106.2,0,2
City Hotel,0,169,2017,March,11,16,1,3,2,0.0,0,BB,LUX,Online TA,TA/TO,0,0,0,D,D,0,No Deposit,9.0,0,Transient,96.9,0,0
City Hotel,0,69,2017,March,11,17,1,2,2,0.0,0,BB,GBR,Direct,Direct,0,0,0,A,A,0,No Deposit,14.0,0,Transient,79.2,0,0
City Hotel,0,69,2017,March,11,17,1,2,2,0.0,0,BB,GBR,Direct,Direct,0,0,0,A,A,0,No Deposit,14.0,0,Transient,79.2,0,0
City Hotel,0,27,2017,March,11,16,1,3,2,0.0,0,BB,DEU,Online TA,TA/TO,0,0,0,E,E,0,No Deposit,9.0,0,Transient,132.18,0,1
City Hotel,0,66,2017,March,11,17,1,2,2,0.0,0,BB,GBR,Direct,Direct,0,0,0,A,A,0,No Deposit,14.0,0,Transient,79.2,0,0
City Hotel,0,55,2017,March,11,17,1,2,2,0.0,0,BB,ESP,Online TA,TA/TO,0,0,0,A,A,0,No Deposit,9.0,0,Transient,106.2,0,1
City Hotel,0,6,2017,March,11,18,1,1,2,0.0,0,SC,ESP,Online TA,TA/TO,0,0,0,A,A,0,No Deposit,9.0,0,Transient,107.0,0,0
City Hotel,0,24,2017,March,11,15,1,4,2,0.0,0,HB,FRA,Online TA,TA/TO,0,0,0,D,D,0,No Deposit,9.0,0,Transient,139.4,0,0
City Hotel,0,110,2017,March,11,18,1,1,2,0.0,0,BB,USA,Online TA,TA/TO,0,0,0,D,D,2,No Deposit,9.0,0,Transient,106.2,0,2
City Hotel,0,48,2017,March,11,16,1,3,2,0.0,0,BB,GBR,Offline TA/TO,TA/TO,0,0,0,A,A,0,No Deposit,28.0,0,Transient,72.0,0,0
City Hotel,0,150,2017,March,11,17,1,2,2,0.0,0,BB,FRA,Direct,Direct,0,0,0,A,A,0,No Deposit,14.0,0,Transient,77.0,0,0
City Hotel,0,73,2017,March,11,17,1,2,2,0.0,0,BB,ESP,Online TA,TA/TO,0,0,0,A,A,0,No Deposit,9.0,0,Transient,97.2,0,0
City Hotel,0,56,2017,March,11,16,1,3,2,0.0,0,SC,PRT,Online TA,TA/TO,0,0,0,A,A,0,No Deposit,9.0,0,Transient,74.8,0,3
City Hotel,0,53,2017,March,11,16,1,3,2,0.0,0,BB,FRA,Online TA,TA/TO,0,0,0,D,D,0,No Deposit,9.0,0,Transient,100.3,0,0
City Hotel,0,21,2017,March,11,16,1,3,2,0.0,0,BB,DEU,Offline TA/TO,TA/TO,0,0,0,A,A,0,No Deposit,21.0,0,Transient-Party,78.0,0,0
City Hotel,0,69,2017,March,11,17,1,2,2,0.0,0,BB,PHL,Online TA,TA/TO,0,0,0,A,A,0,No Deposit,9.0,0,Transient,106.2,1,1
City Hotel,0,49,2017,March,11,17,1,2,2,0.0,0,BB,PRT,Offline TA/TO,TA/TO,0,0,0,A,A,0,No Deposit,138.0,0,Transient,72.0,0,0
City Hotel,0,90,2017,March,11,16,1,3,2,0.0,0,BB,PRT,Online TA,TA/TO,0,0,0,A,A,0,No Deposit,9.0,0,Transient,91.8,0,0
City Hotel,0,90,2017,March,11,16,1,3,2,0.0,0,BB,PRT,Online TA,TA/TO,0,0,0,A,A,0,No Deposit,9.0,0,Transient,91.8,0,0
City Hotel,0,203,2017,March,11,15,1,4,2,0.0,0,SC,PRT,Online TA,TA/TO,0,0,0,A,A,0,No Deposit,9.0,0,Transient,83.8,0,0
City Hotel,0,29,2017,March,11,18,2,1,2,0.0,0,HB,PRT,Online TA,TA/TO,0,0,0,D,D,0,No Deposit,9.0,0,Transient,159.33,0,0
City Hotel,0,58,2017,March,11,17,2,2,2,0.0,0,SC,DEU,Online TA,TA/TO,0,0,0,A,A,0,No Deposit,9.0,0,Transient,74.8,0,2
City Hotel,0,51,2017,March,11,17,2,2,2,0.0,0,BB,ESP,Offline TA/TO,TA/TO,0,0,0,A,D,0,No Deposit,28.0,0,Transient,75.0,0,0
City Hotel,0,7,2017,March,12,20,1,0,2,0.0,0,SC,FRA,Online TA,TA/TO,0,0,0,A,A,0,No Deposit,9.0,0,Transient,98.0,0,0
City Hotel,0,72,2017,March,11,16,2,3,2,0.0,0,SC,IRL,Online TA,TA/TO,0,0,0,A,A,0,No Deposit,9.0,0,Transient,74.8,0,2
City Hotel,0,115,2017,March,11,16,2,3,2,0.0,0,BB,AUT,Offline TA/TO,TA/TO,0,0,0,A,A,0,No Deposit,27.0,0,Transient,68.0,0,0
City Hotel,0,108,2017,March,11,17,2,2,2,0.0,0,BB,GBR,Direct,Direct,0,0,0,A,A,0,No Deposit,14.0,0,Transient,82.0,0,2
City Hotel,0,7,2017,March,11,18,2,1,2,0.0,0,BB,GBR,Online TA,TA/TO,0,0,0,D,D,0,No Deposit,9.0,0,Transient,128.0,0,2
City Hotel,0,53,2017,March,11,18,2,1,2,0.0,0,SC,PRT,Online TA,TA/TO,0,0,0,A,A,0,No Deposit,7.0,0,Transient,57.93,0,0
City Hotel,0,0,2017,March,12,19,2,0,2,0.0,0,BB,PRT,Direct,Direct,0,0,0,A,A,3,No Deposit,14.0,0,Transient,98.0,0,0
City Hotel,0,25,2017,March,12,19,2,0,2,0.0,0,BB,USA,Direct,Direct,0,0,0,E,E,0,No Deposit,14.0,0,Transient,143.0,0,0
City Hotel,0,58,2017,March,11,18,2,1,2,0.0,0,BB,ITA,Offline TA/TO,TA/TO,0,0,0,A,D,0,No Deposit,28.0,0,Transient,75.0,0,0
City Hotel,0,122,2017,March,11,17,2,2,2,0.0,0,BB,DEU,Online TA,TA/TO,0,0,0,A,A,0,No Deposit,9.0,0,Transient,88.4,0,2
City Hotel,0,68,2017,March,11,17,2,2,2,0.0,0,BB,GBR,Online TA,TA/TO,0,0,0,A,A,1,No Deposit,7.0,0,Transient,70.69,0,1
City Hotel,0,21,2017,March,12,19,2,0,2,0.0,0,BB,PRT,Online TA,TA/TO,0,0,0,D,D,0,No Deposit,7.0,0,Transient,94.4,0,1
City Hotel,0,59,2017,March,12,19,2,0,2,0.0,0,BB,FRA,Offline TA/TO,TA/TO,0,0,0,A,D,0,No Deposit,28.0,0,Transient,75.0,0,0
City Hotel,0,108,2017,March,11,18,2,1,2,0.0,0,SC,NLD,Online TA,TA/TO,0,0,0,A,A,0,No Deposit,9.0,0,Transient,79.2,0,1
City Hotel,0,68,2017,March,11,17,2,2,2,0.0,0,BB,GBR,Online TA,TA/TO,0,0,0,A,A,1,No Deposit,7.0,0,Transient,70.69,0,1
City Hotel,0,24,2017,March,11,18,2,1,2,0.0,0,BB,GBR,Online TA,TA/TO,0,0,0,D,D,0,No Deposit,9.0,0,Transient,121.33,0,0
City Hotel,0,98,2017,March,11,14,2,5,2,0.0,0,BB,PRT,Offline TA/TO,TA/TO,0,0,0,A,A,0,No Deposit,27.0,0,Transient,68.0,0,0
City Hotel,0,97,2017,March,11,16,2,3,2,0.0,0,BB,DEU,Offline TA/TO,TA/TO,0,0,0,A,A,1,No Deposit,27.0,0,Transient,68.0,0,0
City Hotel,0,51,2017,March,12,19,2,0,2,0.0,0,SC,USA,Online TA,TA/TO,0,0,0,A,A,0,No Deposit,9.0,0,Transient,79.2,0,0
City Hotel,0,271,2017,March,11,16,2,3,2,0.0,0,SC,GBR,Online TA,TA/TO,0,0,0,A,A,0,No Deposit,9.0,0,Transient,74.8,0,1
City Hotel,0,225,2017,March,11,14,2,5,2,0.0,0,BB,GBR,Online TA,TA/TO,0,0,0,A,A,0,No Deposit,9.0,0,Transient,85.0,0,3
City Hotel,0,61,2017,March,11,17,2,2,2,0.0,0,BB,FRA,Online TA,TA/TO,0,0,0,D,D,0,No Deposit,7.0,0,Transient,74.61,0,1
City Hotel,0,61,2017,March,11,18,2,1,2,0.0,0,SC,ITA,Online TA,TA/TO,0,0,0,A,A,0,No Deposit,9.0,0,Transient,79.2,0,0
City Hotel,0,34,2017,March,11,14,2,5,2,0.0,0,BB,GBR,Offline TA/TO,TA/TO,0,0,0,D,D,0,No Deposit,52.0,0,Transient,76.5,0,2
City Hotel,0,11,2017,March,11,18,2,1,2,0.0,0,BB,ITA,Online TA,TA/TO,0,0,0,D,D,0,No Deposit,9.0,0,Transient,128.0,0,0
City Hotel,0,0,2017,March,12,21,0,0,2,0.0,0,BB,PRT,Online TA,TA/TO,1,0,0,E,K,0,No Deposit,9.0,0,Transient,0.0,0,0
City Hotel,0,78,2017,March,11,18,2,2,2,0.0,0,BB,CN,Online TA,TA/TO,0,0,0,D,D,0,No Deposit,9.0,0,Transient,100.3,0,3
City Hotel,0,34,2017,March,12,20,1,1,2,0.0,0,BB,FRA,Offline TA/TO,TA/TO,0,0,0,A,D,0,No Deposit,28.0,0,Contract,68.0,0,0
City Hotel,0,31,2017,March,12,19,2,1,2,0.0,0,BB,DEU,Direct,Direct,0,0,0,A,A,1,No Deposit,14.0,0,Transient,98.0,0,0
City Hotel,0,59,2017,March,12,20,1,1,2,0.0,0,BB,USA,Online TA,TA/TO,0,0,0,D,D,0,No Deposit,9.0,0,Transient,106.2,0,2
City Hotel,0,52,2017,March,11,18,2,2,2,0.0,0,BB,FRA,Offline TA/TO,TA/TO,0,0,0,A,D,0,No Deposit,28.0,0,Transient,75.0,0,0
City Hotel,0,41,2017,March,12,22,0,3,2,0.0,0,BB,BRA,Online TA,TA/TO,0,0,0,A,A,1,No Deposit,85.0,0,Transient,75.0,0,0
City Hotel,0,49,2017,March,11,18,2,2,2,0.0,0,BB,FRA,Offline TA/TO,TA/TO,0,0,0,A,A,0,No Deposit,168.0,0,Transient-Party,72.0,0,0
City Hotel,0,49,2017,March,11,18,2,2,2,0.0,0,BB,FRA,Offline TA/TO,TA/TO,0,0,0,A,A,0,No Deposit,168.0,0,Transient-Party,72.0,0,0
City Hotel,0,151,2017,March,12,20,1,1,2,0.0,0,BB,PRT,Groups,TA/TO,0,0,0,A,A,0,No Deposit,37.0,0,Transient-Party,95.0,0,1
City Hotel,0,151,2017,March,12,20,1,1,2,0.0,0,BB,PRT,Groups,TA/TO,0,0,0,A,A,0,No Deposit,37.0,0,Transient-Party,95.0,0,0
City Hotel,0,151,2017,March,12,20,1,1,2,0.0,0,BB,PRT,Groups,TA/TO,0,0,0,A,A,0,No Deposit,37.0,0,Transient-Party,95.0,0,1
City Hotel,0,151,2017,March,12,20,1,1,2,0.0,0,BB,PRT,Groups,TA/TO,0,0,0,A,A,0,No Deposit,37.0,0,Transient-Party,95.0,0,1
City Hotel,0,151,2017,March,12,20,1,1,2,0.0,0,BB,PRT,Groups,TA/TO,0,0,0,A,A,0,No Deposit,37.0,0,Transient-Party,95.0,0,0
City Hotel,0,128,2017,March,12,21,0,1,2,0.0,0,BB,PRT,Online TA,TA/TO,0,0,0,A,A,0,No Deposit,9.0,0,Transient,93.6,0,1
City Hotel,0,0,2017,April,16,18,0,1,2,0.0,0,BB,PRT,Corporate,Corporate,1,0,1,A,A,0,No Deposit,408.0,0,Transient,100.0,0,0
City Hotel,0,151,2017,March,12,20,1,1,2,0.0,0,BB,PRT,Groups,TA/TO,0,0,0,A,C,0,No Deposit,37.0,0,Transient-Party,95.0,0,0
City Hotel,0,151,2017,March,12,20,1,1,2,0.0,0,BB,PRT,Groups,TA/TO,0,0,0,A,A,0,No Deposit,37.0,0,Transient-Party,95.0,0,1
City Hotel,0,42,2017,March,12,19,2,1,2,0.0,0,BB,GBR,Online TA,TA/TO,0,0,0,A,A,0,No Deposit,9.0,0,Transient,108.0,0,3
City Hotel,0,44,2017,March,12,19,2,1,2,0.0,0,BB,PRT,Offline TA/TO,TA/TO,0,0,0,A,A,0,No Deposit,22.0,0,Transient,72.0,0,0
City Hotel,0,138,2017,March,11,18,2,2,2,0.0,0,BB,DEU,Online TA,TA/TO,0,0,0,A,A,0,No Deposit,7.0,0,Transient,68.07,0,1
City Hotel,0,138,2017,March,11,18,2,2,2,0.0,0,BB,DEU,Online TA,TA/TO,0,0,0,A,A,0,No Deposit,7.0,0,Transient,68.07,0,1
City Hotel,0,151,2017,March,12,20,1,1,2,0.0,0,BB,PRT,Groups,TA/TO,0,0,0,A,A,0,No Deposit,37.0,0,Transient-Party,95.0,0,0
City Hotel,0,151,2017,March,12,20,1,1,2,0.0,0,BB,PRT,Groups,TA/TO,0,0,0,A,A,0,No Deposit,37.0,0,Transient-Party,95.0,0,0
City Hotel,0,151,2017,March,12,20,1,1,2,0.0,0,BB,PRT,Groups,TA/TO,0,0,0,A,A,0,No Deposit,37.0,0,Transient-Party,95.0,0,0
City Hotel,0,151,2017,March,12,20,1,1,2,0.0,0,BB,PRT,Groups,TA/TO,0,0,0,A,A,0,No Deposit,37.0,0,Transient-Party,95.0,0,0
City Hotel,0,151,2017,March,12,20,1,1,2,0.0,0,BB,PRT,Groups,TA/TO,0,0,0,A,A,0,No Deposit,37.0,0,Transient-Party,95.0,0,0
City Hotel,0,151,2017,March,12,20,1,1,2,0.0,0,BB,PRT,Groups,TA/TO,0,0,0,A,A,0,No Deposit,37.0,0,Transient-Party,95.0,0,0
City Hotel,0,151,2017,March,12,20,1,1,2,0.0,0,BB,PRT,Groups,TA/TO,0,0,0,A,A,0,No Deposit,37.0,0,Transient-Party,95.0,0,0
City Hotel,0,151,2017,March,12,20,1,1,2,0.0,0,BB,PRT,Groups,TA/TO,0,0,0,A,A,0,No Deposit,37.0,0,Transient-Party,95.0,0,1
City Hotel,0,151,2017,March,12,20,1,1,2,0.0,0,BB,PRT,Groups,TA/TO,0,0,0,A,A,0,No Deposit,37.0,0,Transient-Party,95.0,0,0
City Hotel,0,151,2017,March,12,20,1,1,2,0.0,0,BB,PRT,Groups,TA/TO,0,0,0,A,A,0,No Deposit,37.0,0,Transient-Party,95.0,0,0
City Hotel,0,151,2017,March,12,20,1,1,2,0.0,0,BB,PRT,Groups,TA/TO,0,0,0,A,A,0,No Deposit,37.0,0,Transient-Party,95.0,0,0
City Hotel,0,151,2017,March,12,20,1,1,2,0.0,0,BB,PRT,Groups,TA/TO,0,0,0,A,A,0,No Deposit,37.0,0,Transient-Party,95.0,0,0
City Hotel,0,151,2017,March,12,20,1,1,2,0.0,0,BB,PRT,Groups,TA/TO,0,0,0,A,A,0,No Deposit,37.0,0,Transient-Party,95.0,0,0
City Hotel,0,151,2017,March,12,20,1,1,2,0.0,0,BB,PRT,Groups,TA/TO,0,0,0,A,A,0,No Deposit,37.0,0,Transient-Party,95.0,0,0
City Hotel,0,151,2017,March,12,20,1,1,2,0.0,0,BB,PRT,Groups,TA/TO,0,0,0,A,A,0,No Deposit,37.0,0,Transient-Party,95.0,0,0
City Hotel,0,151,2017,March,12,20,1,1,2,0.0,0,BB,PRT,Groups,TA/TO,0,0,0,A,A,0,No Deposit,37.0,0,Transient-Party,95.0,0,0
City Hotel,0,151,2017,March,12,20,1,1,2,0.0,0,BB,PRT,Groups,TA/TO,0,0,0,A,A,0,No Deposit,37.0,0,Transient-Party,95.0,0,1
City Hotel,0,151,2017,March,12,20,1,1,2,0.0,0,BB,PRT,Groups,TA/TO,0,0,0,A,A,0,No Deposit,37.0,0,Transient-Party,95.0,0,1
City Hotel,0,151,2017,March,12,20,1,1,2,0.0,0,BB,PRT,Groups,TA/TO,0,0,0,A,A,0,No Deposit,37.0,0,Transient-Party,95.0,0,1
City Hotel,0,151,2017,March,12,20,1,1,2,0.0,0,BB,PRT,Groups,TA/TO,0,0,0,A,A,0,No Deposit,37.0,0,Transient-Party,95.0,0,1
City Hotel,0,151,2017,March,12,20,1,1,2,0.0,0,BB,PRT,Groups,TA/TO,0,0,0,A,A,0,No Deposit,37.0,0,Transient-Party,95.0,0,1
City Hotel,0,151,2017,March,12,20,1,1,2,0.0,0,BB,PRT,Groups,TA/TO,0,0,0,A,A,0,No Deposit,37.0,0,Transient-Party,95.0,0,1
City Hotel,0,151,2017,March,12,20,1,1,2,0.0,0,BB,PRT,Groups,TA/TO,0,0,0,A,A,0,No Deposit,37.0,0,Transient-Party,95.0,0,1
City Hotel,0,151,2017,March,12,20,1,1,2,0.0,0,BB,PRT,Groups,TA/TO,0,0,0,A,A,0,No Deposit,37.0,0,Transient-Party,95.0,0,1
City Hotel,0,151,2017,March,12,20,1,1,2,0.0,0,BB,PRT,Groups,TA/TO,0,0,0,A,A,0,No Deposit,37.0,0,Transient-Party,95.0,0,1
City Hotel,0,151,2017,March,12,20,1,1,2,0.0,0,BB,PRT,Groups,TA/TO,0,0,0,A,A,0,No Deposit,37.0,0,Transient-Party,95.0,0,1
City Hotel,0,151,2017,March,12,20,1,1,2,0.0,0,BB,PRT,Groups,TA/TO,0,0,0,A,A,0,No Deposit,37.0,0,Transient-Party,95.0,0,1
City Hotel,0,151,2017,March,12,20,1,1,2,0.0,0,BB,PRT,Groups,TA/TO,0,0,0,A,A,0,No Deposit,37.0,0,Transient-Party,95.0,0,1
City Hotel,0,151,2017,March,12,20,1,1,2,0.0,0,BB,PRT,Groups,TA/TO,0,0,0,A,A,0,No Deposit,37.0,0,Transient-Party,95.0,0,2
City Hotel,0,43,2017,March,12,20,1,1,2,0.0,0,BB,USA,Direct,Direct,0,0,0,D,A,1,No Deposit,14.0,0,Transient,141.7,0,1
City Hotel,0,61,2017,March,12,19,2,1,2,0.0,0,BB,FRA,Offline TA/TO,TA/TO,0,0,0,A,D,0,No Deposit,28.0,0,Transient,75.0,0,0
City Hotel,0,43,2017,March,11,16,2,4,2,0.0,0,BB,DEU,Offline TA/TO,TA/TO,0,0,0,A,A,0,No Deposit,16.0,0,Transient,68.0,0,1
City Hotel,0,51,2017,March,11,17,2,3,2,0.0,0,BB,PRT,Online TA,TA/TO,0,0,0,D,D,0,No Deposit,7.0,0,Transient,73.37,0,1
City Hotel,0,74,2017,March,12,21,0,1,2,0.0,0,BB,FRA,Offline TA/TO,TA/TO,0,0,0,A,A,0,No Deposit,85.0,0,Transient,67.5,0,0
City Hotel,0,48,2017,March,12,19,2,1,2,0.0,0,SC,DEU,Online TA,TA/TO,0,0,0,A,A,0,No Deposit,9.0,0,Transient,79.2,0,0
City Hotel,0,19,2017,March,12,19,2,1,2,0.0,0,SC,NLD,Online TA,TA/TO,0,0,0,A,A,0,No Deposit,9.0,0,Transient,88.0,0,1
City Hotel,0,120,2017,March,11,17,2,3,2,0.0,0,SC,FRA,Online TA,TA/TO,0,0,0,A,A,0,No Deposit,9.0,0,Transient,74.8,0,2
City Hotel,0,12,2017,March,12,20,1,1,2,0.0,0,BB,FRA,Direct,Direct,0,0,0,D,D,0,No Deposit,14.0,0,Transient,110.7,0,0
City Hotel,0,1,2017,March,12,21,0,1,2,0.0,0,SC,RUS,Online TA,TA/TO,0,0,0,D,D,0,No Deposit,85.0,0,Transient,95.4,0,1
City Hotel,0,36,2017,March,12,19,2,1,2,0.0,0,SC,DEU,Online TA,TA/TO,0,0,0,A,A,0,No Deposit,9.0,0,Transient,88.0,0,0
City Hotel,0,7,2017,March,11,18,2,2,2,0.0,0,BB,FRA,Online TA,TA/TO,0,0,0,D,D,0,No Deposit,9.0,0,Transient,108.8,0,1
City Hotel,0,28,2017,March,12,20,1,2,2,0.0,0,HB,PRT,Online TA,TA/TO,0,0,0,D,D,0,No Deposit,354.0,0,Transient,96.76,0,0
City Hotel,0,13,2017,March,12,19,2,2,2,0.0,0,BB,FRA,Online TA,TA/TO,0,0,0,D,D,0,No Deposit,9.0,0,Transient,100.3,0,1
City Hotel,0,72,2017,March,12,20,1,2,2,0.0,0,BB,IRL,Online TA,TA/TO,0,0,0,D,D,0,No Deposit,9.0,0,Transient,106.2,0,2
City Hotel,0,48,2017,March,12,19,2,2,2,0.0,0,BB,FRA,Direct,Direct,0,0,0,A,A,0,No Deposit,14.0,0,Transient,79.2,0,0
City Hotel,0,69,2017,March,12,19,2,2,2,0.0,0,BB,GBR,Online TA,TA/TO,0,0,0,D,D,0,No Deposit,9.0,0,Transient,100.3,0,0
City Hotel,0,276,2017,March,12,19,2,2,2,0.0,0,BB,GBR,Online TA,TA/TO,0,0,0,A,A,0,No Deposit,7.0,0,Transient,65.45,0,3
City Hotel,0,19,2017,March,12,19,2,2,2,0.0,0,BB,NLD,Online TA,TA/TO,0,0,0,D,D,0,No Deposit,9.0,0,Transient,100.3,0,1
City Hotel,0,119,2017,March,12,19,2,2,2,0.0,0,SC,GBR,Online TA,TA/TO,0,0,0,A,A,0,No Deposit,9.0,0,Transient,74.8,0,2
City Hotel,0,5,2017,March,12,22,0,1,2,0.0,0,BB,PRT,Direct,Direct,0,0,0,A,A,0,No Deposit,14.0,0,Transient,108.0,1,1
City Hotel,0,113,2017,March,11,16,2,5,2,0.0,0,HB,BGR,Direct,Direct,0,0,0,A,A,1,No Deposit,14.0,0,Transient,153.0,1,4
City Hotel,0,25,2017,March,12,19,2,2,2,0.0,0,HB,USA,Offline TA/TO,TA/TO,0,0,0,D,D,0,No Deposit,15.0,0,Transient,106.08,0,0
City Hotel,0,34,2017,March,12,20,1,2,2,0.0,0,BB,FRA,Offline TA/TO,TA/TO,0,0,0,A,A,0,No Deposit,28.0,0,Transient,80.0,0,0
City Hotel,0,47,2017,March,12,21,0,2,2,0.0,0,SC,CHE,Online TA,TA/TO,0,0,0,A,A,0,No Deposit,7.0,0,Transient,57.93,0,1
City Hotel,0,46,2017,March,12,21,0,2,2,0.0,0,SC,CHE,Online TA,TA/TO,0,0,0,A,A,0,No Deposit,7.0,0,Transient,57.93,0,0
City Hotel,0,142,2017,March,12,19,2,2,2,0.0,0,BB,GRC,Online TA,TA/TO,0,0,0,A,A,0,No Deposit,9.0,0,Transient,88.4,0,2
City Hotel,0,28,2017,March,12,19,2,2,2,0.0,0,BB,ITA,Online TA,TA/TO,0,0,0,A,A,0,No Deposit,9.0,0,Transient,91.8,0,0
City Hotel,0,28,2017,March,12,19,2,2,2,0.0,0,BB,ITA,Online TA,TA/TO,0,0,0,A,A,0,No Deposit,9.0,0,Transient,91.8,0,0
City Hotel,0,63,2017,March,12,20,1,2,2,0.0,0,BB,FRA,Offline TA/TO,TA/TO,0,0,0,A,D,0,No Deposit,28.0,0,Transient,75.0,0,0
City Hotel,0,28,2017,March,12,19,2,2,2,0.0,0,BB,AZE,Online TA,TA/TO,0,0,0,E,E,0,No Deposit,9.0,0,Transient,125.8,0,2
City Hotel,0,68,2017,March,12,19,2,2,2,0.0,0,BB,GBR,Online TA,TA/TO,0,0,0,E,E,0,No Deposit,9.0,0,Transient,124.2,0,1
City Hotel,0,42,2017,March,12,19,2,2,2,0.0,0,BB,ESP,Online TA,TA/TO,0,0,0,D,D,0,No Deposit,9.0,0,Transient,100.3,0,1
City Hotel,0,1,2017,March,12,22,0,1,2,0.0,0,SC,ESP,Online TA,TA/TO,0,0,0,A,A,0,No Deposit,9.0,0,Transient,89.0,0,1
City Hotel,0,47,2017,March,12,19,2,2,2,0.0,0,BB,PRT,Offline TA/TO,TA/TO,0,0,0,A,A,0,No Deposit,27.0,0,Transient,68.0,0,0
City Hotel,0,216,2017,March,12,19,2,2,2,0.0,0,BB,GBR,Online TA,TA/TO,0,0,0,A,A,0,No Deposit,9.0,0,Transient,85.0,0,3
City Hotel,0,27,2017,March,12,19,2,2,2,0.0,0,HB,FRA,Online TA,TA/TO,0,0,0,D,D,0,No Deposit,354.0,0,Transient,127.92,0,0
City Hotel,0,31,2017,March,12,19,2,2,2,0.0,0,HB,PRT,Online TA,TA/TO,0,0,0,A,A,0,No Deposit,7.0,0,Transient,90.78,0,0
City Hotel,0,22,2017,March,11,16,2,5,2,0.0,0,BB,GBR,Offline TA/TO,TA/TO,0,0,0,A,A,0,No Deposit,85.0,0,Transient,68.0,0,1
City Hotel,0,1,2017,March,12,22,0,1,2,0.0,0,BB,PRT,Corporate,Corporate,0,0,0,A,A,0,No Deposit,,0,Transient,80.0,1,0
City Hotel,0,29,2017,March,12,20,1,2,2,0.0,0,BB,ITA,Direct,Direct,0,0,0,A,A,1,No Deposit,14.0,0,Transient,98.0,0,0
City Hotel,0,1,2017,March,12,22,0,1,2,0.0,0,BB,GBR,Online TA,TA/TO,0,0,0,A,A,0,No Deposit,9.0,0,Transient,109.0,0,3
City Hotel,0,0,2017,March,12,22,0,1,2,0.0,0,SC,IRL,Online TA,TA/TO,0,0,0,A,A,0,No Deposit,9.0,0,Transient,89.0,0,1
City Hotel,0,1,2017,March,12,22,0,1,2,0.0,0,SC,USA,Online TA,TA/TO,0,0,0,A,A,0,No Deposit,152.0,0,Transient,65.6,0,0
City Hotel,0,1,2017,March,12,22,0,1,2,0.0,0,BB,PRT,Online TA,TA/TO,0,0,0,A,A,0,No Deposit,9.0,0,Transient,109.0,0,1
City Hotel,0,41,2017,March,12,20,1,2,2,0.0,0,BB,PRT,Offline TA/TO,TA/TO,0,0,0,A,D,1,No Deposit,28.0,0,Transient,80.0,0,0
City Hotel,0,0,2017,March,12,22,0,1,2,0.0,0,BB,PRT,Offline TA/TO,TA/TO,0,0,0,A,D,0,No Deposit,94.0,0,Transient,65.0,0,1
City Hotel,0,0,2017,March,12,21,0,3,2,0.0,0,BB,ECU,Direct,Direct,0,0,0,A,A,1,No Deposit,14.0,0,Transient,114.0,0,1
City Hotel,0,46,2017,March,11,17,2,5,2,0.0,0,SC,PRT,Offline TA/TO,TA/TO,0,0,0,A,A,0,No Deposit,22.0,0,Transient,59.5,0,0
City Hotel,0,53,2017,March,12,19,2,3,2,0.0,0,BB,FRA,Offline TA/TO,TA/TO,0,0,0,A,D,0,No Deposit,28.0,0,Transient,75.0,0,0
City Hotel,0,159,2017,March,12,21,0,3,2,0.0,0,BB,DEU,Offline TA/TO,TA/TO,0,0,0,A,A,0,No Deposit,27.0,0,Transient,72.0,0,0
City Hotel,0,33,2017,March,12,20,1,3,2,0.0,0,HB,FRA,Online TA,TA/TO,0,0,0,D,D,0,No Deposit,8.0,0,Transient,132.6,0,0
City Hotel,0,25,2017,March,12,20,1,3,2,0.0,0,SC,BRA,Online TA,TA/TO,0,0,0,A,A,0,No Deposit,7.0,0,Transient,59.84,0,0
City Hotel,0,67,2017,March,12,19,2,3,2,0.0,0,BB,GBR,Online TA,TA/TO,0,0,0,D,D,0,No Deposit,9.0,0,Transient,102.0,0,0
City Hotel,0,53,2017,March,12,21,0,3,2,0.0,0,BB,IRL,Online TA,TA/TO,0,0,0,A,A,1,No Deposit,9.0,0,Transient,88.2,0,1
City Hotel,0,7,2017,March,12,20,1,3,2,0.0,0,BB,FRA,Online TA,TA/TO,0,0,0,D,D,0,No Deposit,9.0,0,Transient,108.8,0,0
City Hotel,0,17,2017,March,12,23,0,1,2,0.0,0,SC,FRA,Online TA,TA/TO,0,0,0,A,A,0,No Deposit,9.0,0,Transient,88.0,0,1
City Hotel,0,223,2017,March,12,20,1,3,2,0.0,0,BB,GBR,Direct,Direct,0,0,0,A,D,0,No Deposit,14.0,0,Transient,79.2,0,0
City Hotel,0,51,2017,March,12,20,1,3,2,0.0,0,SC,DNK,Online TA,TA/TO,0,0,0,A,A,0,No Deposit,7.0,0,Transient,54.71,0,1
City Hotel,0,51,2017,March,12,20,1,3,2,0.0,0,BB,NLD,Online TA,TA/TO,0,0,0,A,A,1,No Deposit,7.0,0,Transient,54.71,0,1
City Hotel,0,105,2017,March,12,21,0,3,2,0.0,0,BB,ITA,Online TA,TA/TO,0,0,0,D,D,0,No Deposit,9.0,0,Transient,106.2,0,1
City Hotel,0,35,2017,March,12,20,1,3,2,0.0,0,HB,PRT,Online TA,TA/TO,0,0,0,A,A,0,No Deposit,7.0,0,Transient,90.78,0,0
City Hotel,0,4,2017,March,12,23,0,1,2,0.0,0,SC,GBR,Online TA,TA/TO,0,0,0,A,A,0,No Deposit,9.0,0,Transient,98.0,0,2
City Hotel,0,0,2017,March,12,24,0,1,2,0.0,0,SC,GBR,Online TA,TA/TO,1,0,0,A,A,0,No Deposit,9.0,0,Group,98.0,0,2
City Hotel,0,99,2017,March,12,21,0,3,2,0.0,0,BB,SWE,Online TA,TA/TO,0,0,0,D,D,0,No Deposit,9.0,0,Transient,106.2,0,0
City Hotel,0,47,2017,March,12,20,1,3,2,0.0,0,BB,PRT,Online TA,TA/TO,0,0,0,A,A,0,No Deposit,7.0,0,Transient,67.15,0,1
City Hotel,0,54,2017,March,12,19,2,3,2,0.0,0,BB,BEL,Online TA,TA/TO,0,0,0,A,A,0,No Deposit,9.0,0,Transient,91.8,0,1
City Hotel,0,49,2017,March,12,20,1,3,2,0.0,0,BB,FRA,Online TA,TA/TO,0,0,0,A,A,0,No Deposit,9.0,0,Transient,100.8,0,0
City Hotel,0,40,2017,March,12,20,1,3,2,0.0,0,BB,FRA,Offline TA/TO,TA/TO,0,0,0,A,D,0,No Deposit,28.0,0,Contract,68.0,0,0
City Hotel,0,113,2017,March,11,18,2,4,2,0.0,0,BB,FRA,Online TA,TA/TO,0,0,0,A,A,0,No Deposit,9.0,0,Transient,91.8,0,0
City Hotel,0,27,2017,March,12,19,2,3,2,0.0,0,BB,PRT,Online TA,TA/TO,0,0,0,D,D,0,No Deposit,7.0,0,Transient,76.23,0,0
City Hotel,0,46,2017,March,12,19,2,3,2,0.0,0,SC,ZAF,Online TA,TA/TO,0,0,0,A,A,0,No Deposit,9.0,0,Transient,74.8,0,1
City Hotel,0,26,2017,March,12,20,1,3,2,0.0,0,BB,GBR,Online TA,TA/TO,0,0,0,D,D,0,No Deposit,9.0,0,Transient,100.3,0,0
City Hotel,0,19,2017,March,12,20,1,3,2,0.0,0,BB,CHE,Online TA,TA/TO,0,0,0,A,A,0,No Deposit,9.0,0,Transient,91.8,0,0
City Hotel,0,20,2017,March,12,21,0,3,2,0.0,0,SC,ESP,Online TA,TA/TO,0,0,0,A,A,0,No Deposit,9.0,0,Transient,88.0,0,0
City Hotel,0,0,2017,March,12,23,0,1,2,0.0,0,BB,BEL,Direct,Direct,0,0,0,A,A,0,No Deposit,,0,Transient,89.0,0,0
City Hotel,0,50,2017,March,11,18,2,4,2,0.0,0,BB,SWE,Offline TA/TO,TA/TO,0,0,0,A,A,0,No Deposit,138.0,0,Transient,68.0,0,0
City Hotel,0,11,2017,March,12,20,1,3,2,0.0,0,BB,DEU,Online TA,TA/TO,0,0,0,E,E,0,No Deposit,9.0,0,Transient,167.0,0,0
City Hotel,0,31,2017,March,12,20,1,3,2,0.0,0,SC,FRA,Online TA,TA/TO,0,0,0,A,A,0,No Deposit,9.0,0,Transient,74.8,0,1
City Hotel,0,29,2017,March,12,20,1,3,2,0.0,0,BB,FRA,Online TA,TA/TO,0,0,0,A,A,0,No Deposit,9.0,0,Transient,91.8,0,1
City Hotel,0,44,2017,March,12,19,2,3,2,0.0,0,BB,DEU,Online TA,TA/TO,0,0,0,D,D,0,No Deposit,9.0,0,Transient,100.3,0,0
City Hotel,0,48,2017,March,12,20,1,3,2,0.0,0,BB,DEU,Offline TA/TO,TA/TO,0,0,0,A,A,0,No Deposit,42.0,0,Transient,72.0,0,0
City Hotel,0,31,2017,March,12,19,2,3,2,0.0,0,BB,AUT,Online TA,TA/TO,0,0,0,A,A,0,No Deposit,9.0,0,Transient,91.8,0,0
City Hotel,0,1,2017,March,12,23,0,1,2,0.0,0,SC,DEU,Online TA,TA/TO,0,0,0,A,A,0,No Deposit,152.0,0,Transient,64.95,0,0
City Hotel,0,59,2017,March,12,23,0,1,2,0.0,0,SC,GBR,Online TA,TA/TO,0,0,0,A,A,0,No Deposit,9.0,0,Transient,79.2,0,0
City Hotel,0,7,2017,March,12,20,1,3,2,0.0,0,BB,FRA,Online TA,TA/TO,0,0,0,D,D,0,No Deposit,7.0,0,Transient,87.04,0,1
City Hotel,0,59,2017,March,12,23,0,1,2,0.0,0,SC,GBR,Online TA,TA/TO,0,0,0,A,A,0,No Deposit,9.0,0,Transient,79.2,0,0
City Hotel,0,14,2017,March,12,21,0,3,2,0.0,0,SC,FIN,Online TA,TA/TO,0,0,0,A,A,0,No Deposit,7.0,0,Transient,66.88,0,0
City Hotel,0,69,2017,March,12,20,1,3,2,0.0,0,HB,FRA,Online TA,TA/TO,0,0,0,D,D,2,No Deposit,9.0,0,Transient,138.55,0,0
City Hotel,0,67,2017,March,12,19,2,3,2,0.0,0,BB,GBR,Offline TA/TO,TA/TO,0,0,0,A,A,0,No Deposit,22.0,0,Transient,68.0,0,0
City Hotel,0,72,2017,March,12,21,0,3,2,0.0,0,BB,NLD,Online TA,TA/TO,0,0,0,D,D,2,No Deposit,9.0,0,Transient,106.2,0,2
City Hotel,0,67,2017,March,12,19,2,3,2,0.0,0,BB,GBR,Offline TA/TO,TA/TO,0,0,0,A,B,0,No Deposit,22.0,0,Transient,68.0,0,0
City Hotel,0,57,2017,March,12,22,0,2,2,0.0,0,BB,HRV,Direct,Direct,0,0,0,A,A,0,No Deposit,14.0,0,Transient,79.2,0,0
City Hotel,0,57,2017,March,12,22,0,2,2,0.0,0,BB,DEU,Direct,Direct,0,0,0,A,A,0,No Deposit,14.0,0,Transient,88.2,1,0
City Hotel,0,11,2017,March,12,21,0,3,2,0.0,0,SC,FRA,Online TA,TA/TO,0,0,0,A,A,0,No Deposit,9.0,0,Transient,98.0,0,0
City Hotel,0,68,2017,March,12,21,0,3,2,0.0,0,BB,GBR,Online TA,TA/TO,0,0,0,D,D,0,No Deposit,9.0,0,Transient,108.0,0,3
City Hotel,0,8,2017,March,12,20,1,3,2,0.0,0,BB,PRT,Online TA,TA/TO,0,0,0,D,D,0,No Deposit,7.0,0,Transient,87.04,0,1
City Hotel,0,38,2017,March,12,19,2,3,2,0.0,0,BB,GBR,Online TA,TA/TO,0,0,0,D,D,0,No Deposit,7.0,0,Transient,77.23,0,1
City Hotel,0,41,2017,March,12,20,1,3,2,0.0,0,BB,GBR,Online TA,TA/TO,0,0,0,A,A,0,No Deposit,9.0,0,Transient,91.8,0,0
City Hotel,0,23,2017,March,12,20,1,3,2,0.0,0,BB,FRA,Online TA,TA/TO,0,0,0,A,A,0,No Deposit,9.0,0,Transient,91.8,0,2
City Hotel,0,35,2017,March,12,20,1,3,2,0.0,0,HB,GBR,Online TA,TA/TO,0,0,0,A,A,0,No Deposit,7.0,0,Transient,90.78,0,0
City Hotel,0,39,2017,March,12,19,2,3,2,0.0,0,BB,NLD,Online TA,TA/TO,0,0,0,A,B,0,No Deposit,9.0,0,Transient,91.8,0,1
City Hotel,0,66,2017,March,11,18,2,4,2,0.0,0,BB,DNK,Direct,Direct,0,0,0,A,E,0,No Deposit,,0,Transient,124.0,0,0
City Hotel,0,35,2017,March,12,19,2,4,2,0.0,0,HB,AUT,Online TA,TA/TO,0,0,0,A,A,0,No Deposit,7.0,0,Transient,91.82,0,1
City Hotel,0,2,2017,March,12,21,0,4,2,0.0,0,BB,FRA,Online TA,TA/TO,0,0,0,E,E,0,No Deposit,9.0,0,Transient,153.5,0,2
City Hotel,0,30,2017,March,12,21,0,4,2,0.0,0,HB,PRT,Online TA,TA/TO,0,0,0,D,D,0,No Deposit,9.0,0,Transient,134.73,0,1
City Hotel,0,9,2017,March,12,20,1,4,2,0.0,0,BB,BRA,Online TA,TA/TO,0,0,0,D,D,0,No Deposit,7.0,0,Transient,87.04,0,0
City Hotel,0,52,2017,March,12,20,1,4,2,0.0,0,SC,NOR,Online TA,TA/TO,0,0,0,A,A,0,No Deposit,9.0,0,Transient,74.8,0,2
City Hotel,0,93,2017,March,12,21,0,4,2,0.0,0,BB,USA,Online TA,TA/TO,0,0,0,A,A,2,No Deposit,9.0,0,Transient,91.93,0,1
City Hotel,0,93,2017,March,12,21,0,4,2,0.0,0,BB,IRN,Online TA,TA/TO,0,0,0,A,A,2,No Deposit,9.0,0,Transient,91.93,0,1
City Hotel,0,33,2017,March,12,19,2,4,2,0.0,0,BB,FRA,Online TA,TA/TO,0,0,0,D,D,0,No Deposit,9.0,0,Transient,101.72,0,0
City Hotel,0,75,2017,March,11,18,2,5,2,0.0,0,HB,IRL,Offline TA/TO,TA/TO,0,0,0,A,A,0,No Deposit,22.0,0,Transient,68.0,0,0
City Hotel,0,0,2017,March,12,24,0,1,2,0.0,0,BB,AUS,Direct,Direct,0,0,0,A,G,0,No Deposit,,0,Transient,233.0,0,0
City Hotel,0,66,2017,March,12,22,0,3,2,0.0,0,BB,BEL,Online TA,TA/TO,0,0,0,A,A,0,No Deposit,7.0,0,Transient,71.1,0,1
City Hotel,0,108,2017,March,12,20,1,4,2,0.0,0,BB,GBR,Online TA,TA/TO,0,0,0,A,A,0,No Deposit,9.0,0,Transient,91.8,0,2
City Hotel,0,113,2017,March,12,19,2,4,2,0.0,0,BB,USA,Online TA,TA/TO,0,0,0,A,A,0,No Deposit,7.0,0,Transient,70.68,0,1
City Hotel,0,65,2017,March,12,24,0,1,2,0.0,0,BB,GBR,Online TA,TA/TO,0,0,0,D,D,0,No Deposit,9.0,0,Transient,106.2,0,2
City Hotel,0,61,2017,March,12,21,0,4,2,0.0,0,BB,FRA,Offline TA/TO,TA/TO,0,0,0,D,D,0,No Deposit,85.0,0,Transient,76.5,0,0
City Hotel,0,147,2017,March,12,23,0,2,2,0.0,0,SC,CN,Online TA,TA/TO,0,0,0,A,A,0,No Deposit,9.0,0,Transient,88.2,1,0
City Hotel,0,56,2017,March,12,22,0,3,2,0.0,0,BB,BEL,Offline TA/TO,TA/TO,0,0,0,A,D,0,No Deposit,28.0,0,Transient,75.0,0,0
City Hotel,0,44,2017,March,12,21,0,4,2,0.0,0,SC,PRT,Online TA,TA/TO,0,0,0,A,A,0,No Deposit,7.0,0,Transient,56.27,0,1
City Hotel,0,93,2017,March,12,23,0,2,2,0.0,0,BB,PRT,Online TA,TA/TO,0,0,0,A,D,0,No Deposit,83.0,0,Transient,77.76,0,0
City Hotel,0,52,2017,March,12,20,1,4,2,0.0,0,BB,PRT,Direct,Direct,0,0,0,A,A,0,No Deposit,14.0,0,Transient,79.2,0,0
City Hotel,0,46,2017,March,12,22,0,3,2,0.0,0,SC,GBR,Online TA,TA/TO,0,0,0,A,A,0,No Deposit,8.0,0,Transient,82.2,0,0
City Hotel,0,50,2017,March,12,22,0,3,2,0.0,0,SC,DEU,Online TA,TA/TO,0,0,0,A,A,0,No Deposit,7.0,0,Transient,57.93,0,1
City Hotel,0,1,2017,March,12,23,0,2,2,0.0,0,BB,ESP,Online TA,TA/TO,0,0,0,A,D,0,No Deposit,9.0,0,Transient,127.0,0,1
City Hotel,0,35,2017,March,12,22,0,3,2,0.0,0,BB,ESP,Direct,Direct,0,0,0,D,D,0,No Deposit,14.0,0,Transient,125.33,1,0
City Hotel,0,50,2017,March,12,21,0,4,2,0.0,0,SC,FRA,Online TA,TA/TO,0,0,0,A,A,0,No Deposit,7.0,0,Transient,57.6,0,0
City Hotel,0,2,2017,March,12,24,0,1,2,0.0,0,HB,PRT,Direct,Direct,0,0,0,D,D,0,No Deposit,14.0,0,Transient,163.0,0,2
City Hotel,0,91,2017,March,12,24,0,1,2,0.0,0,SC,FRA,Offline TA/TO,TA/TO,0,0,0,A,A,0,No Deposit,85.0,0,Transient,63.0,0,1
City Hotel,0,69,2017,March,12,23,0,2,2,0.0,0,SC,AGO,Online TA,TA/TO,0,0,0,A,A,0,No Deposit,9.0,0,Transient,79.2,0,1
City Hotel,0,30,2017,March,12,21,0,5,2,0.0,0,SC,DEU,Online TA,TA/TO,0,0,0,A,A,0,No Deposit,9.0,0,Transient,76.5,0,2
City Hotel,0,74,2017,March,12,24,0,2,2,0.0,0,BB,HUN,Online TA,TA/TO,0,0,0,E,E,0,No Deposit,9.0,0,Transient,124.2,0,2
City Hotel,0,87,2017,March,12,20,1,5,2,0.0,0,BB,PRT,Offline TA/TO,TA/TO,0,0,0,A,A,0,No Deposit,28.0,0,Transient,68.0,0,0
City Hotel,0,104,2017,March,12,19,2,5,2,0.0,0,BB,PRT,Offline TA/TO,TA/TO,0,0,0,A,A,0,No Deposit,20.0,0,Transient-Party,75.0,0,1
City Hotel,0,15,2017,March,12,23,0,3,2,0.0,0,BB,FRA,Online TA,TA/TO,0,0,0,D,D,0,No Deposit,7.0,0,Transient,97.28,0,0
City Hotel,0,12,2017,March,12,23,0,3,2,0.0,0,BB,GBR,Online TA,TA/TO,0,0,0,F,F,1,No Deposit,9.0,0,Transient,208.0,0,0
City Hotel,0,116,2017,March,12,24,0,2,2,0.0,0,BB,FRA,Groups,TA/TO,0,0,0,A,A,0,No Deposit,171.0,0,Transient-Party,100.0,0,1
City Hotel,0,116,2017,March,12,24,0,2,2,0.0,0,BB,FRA,Groups,TA/TO,0,0,0,A,A,0,No Deposit,171.0,0,Transient-Party,100.0,0,1
City Hotel,0,116,2017,March,12,24,0,2,2,0.0,0,BB,FRA,Groups,TA/TO,0,0,0,A,A,1,No Deposit,171.0,0,Transient-Party,100.0,0,1
City Hotel,0,116,2017,March,12,24,0,2,2,0.0,0,BB,FRA,Groups,TA/TO,0,0,0,A,A,0,No Deposit,171.0,0,Transient-Party,100.0,0,1
City Hotel,0,116,2017,March,12,24,0,2,2,0.0,0,BB,FRA,Groups,TA/TO,0,0,0,A,A,0,No Deposit,171.0,0,Transient-Party,100.0,0,1
City Hotel,0,116,2017,March,12,24,0,2,2,0.0,0,BB,FRA,Groups,TA/TO,0,0,0,A,A,0,No Deposit,171.0,0,Transient-Party,100.0,0,1
City Hotel,0,116,2017,March,12,24,0,2,2,0.0,0,BB,FRA,Groups,TA/TO,0,0,0,A,D,1,No Deposit,171.0,0,Transient-Party,100.0,0,1
City Hotel,0,116,2017,March,12,24,0,2,2,0.0,0,BB,FRA,Groups,TA/TO,0,0,0,A,A,0,No Deposit,171.0,0,Transient-Party,100.0,0,1
City Hotel,0,116,2017,March,12,24,0,2,2,0.0,0,BB,FRA,Groups,TA/TO,0,0,0,A,A,0,No Deposit,171.0,0,Transient-Party,100.0,0,1
City Hotel,0,116,2017,March,12,24,0,2,2,0.0,0,BB,FRA,Groups,TA/TO,0,0,0,A,A,0,No Deposit,171.0,0,Transient-Party,100.0,0,1
City Hotel,0,116,2017,March,12,24,0,2,2,0.0,0,BB,FRA,Groups,TA/TO,0,0,0,A,A,0,No Deposit,171.0,0,Transient-Party,100.0,0,1
City Hotel,0,116,2017,March,12,24,0,2,2,0.0,0,BB,FRA,Groups,TA/TO,0,0,0,A,A,1,No Deposit,171.0,0,Transient-Party,100.0,0,1
City Hotel,0,116,2017,March,12,24,0,2,2,0.0,0,BB,FRA,Groups,TA/TO,0,0,0,A,A,0,No Deposit,171.0,0,Transient-Party,100.0,0,1
City Hotel,0,116,2017,March,12,24,0,2,2,0.0,0,BB,FRA,Groups,TA/TO,0,0,0,A,A,1,No Deposit,171.0,0,Transient-Party,100.0,0,1
City Hotel,0,116,2017,March,12,24,0,2,2,0.0,0,BB,FRA,Groups,TA/TO,0,0,0,A,A,0,No Deposit,171.0,0,Transient-Party,100.0,0,1
City Hotel,0,116,2017,March,12,24,0,2,2,0.0,0,BB,FRA,Groups,TA/TO,0,0,0,A,A,0,No Deposit,171.0,0,Transient-Party,100.0,0,1
City Hotel,0,116,2017,March,12,24,0,2,2,0.0,0,BB,FRA,Groups,TA/TO,0,0,0,A,A,1,No Deposit,171.0,0,Transient-Party,100.0,0,1
City Hotel,0,116,2017,March,12,24,0,2,2,0.0,0,BB,FRA,Groups,TA/TO,0,0,0,A,A,0,No Deposit,171.0,0,Transient-Party,100.0,0,1
City Hotel,0,116,2017,March,12,24,0,2,2,0.0,0,BB,FRA,Groups,TA/TO,0,0,0,A,A,0,No Deposit,171.0,0,Transient-Party,100.0,0,1
City Hotel,0,104,2017,March,12,19,2,5,2,0.0,0,BB,FRA,Offline TA/TO,TA/TO,0,0,0,A,A,1,No Deposit,20.0,0,Transient-Party,75.0,0,1
City Hotel,0,116,2017,March,12,24,0,2,2,0.0,0,BB,FRA,Groups,TA/TO,0,0,0,A,A,1,No Deposit,171.0,0,Transient-Party,100.0,0,1
City Hotel,0,104,2017,March,12,19,2,5,2,0.0,0,BB,FRA,Offline TA/TO,TA/TO,0,0,0,A,A,0,No Deposit,20.0,0,Transient-Party,75.0,0,1
City Hotel,0,104,2017,March,12,19,2,5,2,0.0,0,BB,FRA,Offline TA/TO,TA/TO,0,0,0,A,A,0,No Deposit,20.0,0,Transient-Party,75.0,0,1
City Hotel,0,17,2017,March,12,19,2,5,2,0.0,0,BB,FRA,Offline TA/TO,TA/TO,0,0,0,A,A,1,No Deposit,20.0,0,Transient-Party,75.0,0,1
City Hotel,0,104,2017,March,12,19,2,5,2,0.0,0,BB,FRA,Offline TA/TO,TA/TO,0,0,0,A,A,0,No Deposit,20.0,0,Transient-Party,75.0,0,1
City Hotel,0,17,2017,March,12,19,2,5,2,0.0,0,BB,PRT,Offline TA/TO,TA/TO,0,0,0,A,A,1,No Deposit,20.0,0,Transient-Party,75.0,0,1
City Hotel,0,104,2017,March,12,19,2,5,2,0.0,0,BB,FRA,Offline TA/TO,TA/TO,0,0,0,A,A,0,No Deposit,20.0,0,Transient-Party,75.0,0,1
City Hotel,0,116,2017,March,12,24,0,2,2,0.0,0,BB,FRA,Groups,TA/TO,0,0,0,A,A,0,No Deposit,171.0,0,Transient-Party,100.0,0,1
City Hotel,0,116,2017,March,12,24,0,2,2,0.0,0,BB,FRA,Groups,TA/TO,0,0,0,A,A,1,No Deposit,171.0,0,Transient-Party,100.0,0,1
City Hotel,0,116,2017,March,12,24,0,2,2,0.0,0,BB,FRA,Groups,TA/TO,0,0,0,A,A,1,No Deposit,171.0,0,Transient-Party,100.0,0,1
City Hotel,0,154,2017,March,12,22,0,4,2,0.0,0,BB,PRT,Online TA,TA/TO,0,0,0,A,A,0,No Deposit,7.0,0,Transient,68.07,0,1
City Hotel,0,104,2017,March,12,19,2,5,2,0.0,0,BB,FRA,Offline TA/TO,TA/TO,0,0,0,A,A,0,No Deposit,20.0,0,Transient-Party,75.0,0,1
City Hotel,0,116,2017,March,12,24,0,2,2,0.0,0,BB,FRA,Groups,TA/TO,0,0,0,A,A,1,No Deposit,171.0,0,Transient-Party,100.0,0,0
City Hotel,0,116,2017,March,12,24,0,2,2,0.0,0,BB,FRA,Groups,TA/TO,0,0,0,A,A,1,No Deposit,171.0,0,Transient-Party,100.0,0,1
City Hotel,0,116,2017,March,12,24,0,2,2,0.0,0,BB,FRA,Groups,TA/TO,0,0,0,A,A,0,No Deposit,171.0,0,Transient-Party,100.0,0,1
City Hotel,0,104,2017,March,12,19,2,5,2,0.0,0,BB,FRA,Offline TA/TO,TA/TO,0,0,0,A,A,0,No Deposit,20.0,0,Transient-Party,75.0,0,1
City Hotel,0,17,2017,March,12,19,2,5,2,0.0,0,BB,FRA,Offline TA/TO,TA/TO,0,0,0,A,A,0,No Deposit,20.0,0,Transient-Party,75.0,0,1
City Hotel,0,116,2017,March,12,24,0,2,2,0.0,0,BB,FRA,Groups,TA/TO,0,0,0,A,A,1,No Deposit,171.0,0,Transient-Party,100.0,0,1
City Hotel,0,116,2017,March,12,24,0,2,2,0.0,0,BB,FRA,Groups,TA/TO,0,0,0,A,A,1,No Deposit,171.0,0,Transient-Party,100.0,0,1
City Hotel,0,104,2017,March,12,19,2,5,2,0.0,0,BB,FRA,Offline TA/TO,TA/TO,0,0,0,A,A,0,No Deposit,20.0,0,Transient-Party,75.0,0,1
City Hotel,0,104,2017,March,12,19,2,5,2,0.0,0,BB,FRA,Offline TA/TO,TA/TO,0,0,0,A,A,1,No Deposit,20.0,0,Transient-Party,75.0,0,1
City Hotel,0,99,2017,March,12,23,0,3,2,0.0,0,BB,DEU,Online TA,TA/TO,0,0,0,D,D,0,No Deposit,9.0,0,Transient,106.2,0,1
City Hotel,0,99,2017,March,12,23,0,3,2,0.0,0,BB,DEU,Online TA,TA/TO,0,0,0,D,D,0,No Deposit,9.0,0,Transient,106.2,0,1
City Hotel,0,88,2017,March,12,24,0,2,2,0.0,0,BB,HUN,Online TA,TA/TO,0,0,0,D,D,2,No Deposit,9.0,0,Transient,112.1,0,1
City Hotel,0,42,2017,March,12,23,0,3,2,0.0,0,BB,GBR,Online TA,TA/TO,0,0,0,D,D,0,No Deposit,9.0,0,Transient,121.33,0,1
City Hotel,0,35,2017,March,12,25,0,1,2,0.0,0,BB,PRT,Online TA,TA/TO,0,0,0,A,G,0,No Deposit,9.0,0,Transient,108.0,0,1
City Hotel,0,269,2017,March,12,23,0,3,2,0.0,0,BB,DEU,Offline TA/TO,TA/TO,0,0,0,A,A,0,No Deposit,83.0,0,Transient,72.0,0,0
City Hotel,0,4,2017,March,12,24,0,2,2,0.0,0,BB,ESP,Direct,Direct,0,0,0,F,F,0,No Deposit,,0,Transient,170.0,0,0
City Hotel,0,151,2017,March,12,24,0,2,2,0.0,0,BB,NLD,Online TA,TA/TO,0,0,0,A,D,0,No Deposit,9.0,0,Transient,93.6,0,1
City Hotel,0,4,2017,March,12,25,0,1,2,0.0,0,BB,PRT,Online TA,TA/TO,0,0,0,A,A,0,No Deposit,9.0,0,Transient,118.0,0,2
City Hotel,0,50,2017,March,12,24,0,2,2,0.0,0,BB,ESP,Online TA,TA/TO,0,0,0,D,D,0,No Deposit,9.0,0,Transient,115.2,1,3
City Hotel,0,151,2017,March,12,23,0,3,2,0.0,0,SC,CN,Online TA,TA/TO,0,0,0,A,A,0,No Deposit,9.0,0,Transient,79.2,0,2
City Hotel,0,67,2017,March,12,23,0,3,2,0.0,0,BB,NLD,Online TA,TA/TO,0,0,0,E,E,0,No Deposit,9.0,0,Transient,133.2,0,1
City Hotel,0,29,2017,March,12,23,0,3,2,0.0,0,BB,BEL,Direct,Direct,0,0,0,F,F,0,No Deposit,14.0,0,Transient,196.33,0,0
City Hotel,0,67,2017,March,12,23,0,3,2,0.0,0,BB,NLD,Online TA,TA/TO,0,0,0,E,E,0,No Deposit,9.0,0,Transient,133.2,0,1
City Hotel,0,130,2017,March,12,23,0,3,2,0.0,0,SC,CHE,Online TA,TA/TO,0,0,0,A,A,0,No Deposit,9.0,0,Transient,79.2,0,2
City Hotel,0,42,2017,March,12,23,0,3,2,0.0,0,BB,GBR,Online TA,TA/TO,0,0,0,D,D,0,No Deposit,9.0,0,Transient,121.33,0,1
City Hotel,0,7,2017,March,12,23,0,3,2,0.0,0,BB,ITA,Online TA,TA/TO,0,0,0,D,D,0,No Deposit,9.0,0,Transient,125.0,0,2
City Hotel,0,41,2017,March,12,23,0,3,2,0.0,0,BB,FRA,Online TA,TA/TO,0,0,0,D,D,0,No Deposit,9.0,0,Transient,121.33,0,1
City Hotel,0,79,2017,March,12,25,0,1,2,0.0,0,BB,BEL,Online TA,TA/TO,0,0,0,D,D,0,No Deposit,9.0,0,Transient,106.2,0,1
City Hotel,0,117,2017,March,12,22,0,4,2,0.0,0,BB,DEU,Online TA,TA/TO,0,0,0,A,A,0,No Deposit,9.0,0,Transient,91.8,0,2
City Hotel,0,79,2017,March,12,25,0,1,2,0.0,0,BB,BEL,Online TA,TA/TO,0,0,0,D,D,0,No Deposit,9.0,0,Transient,106.2,0,1
City Hotel,0,88,2017,March,12,24,0,2,2,0.0,0,BB,HUN,Online TA,TA/TO,0,0,0,D,D,2,No Deposit,9.0,0,Transient,112.1,0,1
City Hotel,0,35,2017,March,12,21,0,5,2,0.0,0,SC,DEU,Online TA,TA/TO,0,0,0,A,A,0,No Deposit,9.0,0,Transient,76.5,0,1
City Hotel,0,78,2017,March,12,21,0,5,2,0.0,0,BB,FRA,Direct,Direct,0,0,0,D,D,0,No Deposit,14.0,0,Transient,97.2,0,2
City Hotel,0,2,2017,March,12,25,0,1,2,0.0,0,SC,PRT,Online TA,TA/TO,0,0,0,A,A,0,No Deposit,9.0,0,Transient,98.0,1,2
City Hotel,0,76,2017,March,12,24,0,2,2,0.0,0,BB,ESP,Online TA,TA/TO,0,0,0,D,D,1,No Deposit,9.0,0,Transient,102.2,0,1
City Hotel,0,5,2017,March,12,23,0,3,2,0.0,0,BB,GBR,Online TA,TA/TO,0,0,0,D,D,0,No Deposit,7.0,0,Transient,100.0,0,0
City Hotel,0,77,2017,March,12,23,0,3,2,0.0,0,BB,ESP,Online TA,TA/TO,0,0,0,D,D,0,No Deposit,9.0,0,Transient,106.2,0,1
City Hotel,0,84,2017,March,12,21,0,5,2,0.0,0,BB,FRA,Direct,Direct,0,0,0,D,D,0,No Deposit,14.0,0,Transient,94.5,0,1
City Hotel,0,199,2017,March,12,22,0,4,2,0.0,0,BB,IRL,Online TA,TA/TO,0,0,0,A,A,0,No Deposit,9.0,0,Transient,88.4,0,2
City Hotel,0,132,2017,March,12,22,0,4,2,0.0,0,BB,DEU,Online TA,TA/TO,0,0,0,A,A,0,No Deposit,89.0,0,Transient,67.32,0,0
City Hotel,0,0,2017,March,12,24,0,2,2,0.0,0,SC,FRA,Online TA,TA/TO,0,0,0,A,A,0,No Deposit,152.0,0,Transient,64.95,0,0
City Hotel,0,115,2017,March,12,22,1,4,2,0.0,0,SC,HUN,Online TA,TA/TO,0,0,0,A,A,0,No Deposit,9.0,0,Transient,74.8,0,2
City Hotel,0,155,2017,March,12,23,1,3,2,0.0,0,BB,PRT,Online TA,TA/TO,0,0,0,A,A,0,No Deposit,9.0,0,Transient,88.4,0,3
City Hotel,0,80,2017,March,13,26,1,0,2,0.0,0,SC,DEU,Online TA,TA/TO,0,0,0,A,A,0,No Deposit,9.0,0,Transient,88.2,1,0
City Hotel,0,78,2017,March,12,22,1,4,2,0.0,0,BB,DEU,Online TA,TA/TO,0,0,0,D,D,0,No Deposit,9.0,0,Transient,100.3,0,1
City Hotel,0,124,2017,March,12,24,1,2,2,0.0,0,BB,DEU,Online TA,TA/TO,0,0,0,A,A,0,No Deposit,9.0,0,Transient,97.2,0,2
City Hotel,0,48,2017,March,13,26,1,0,2,0.0,0,BB,AUT,Online TA,TA/TO,0,0,0,A,A,0,No Deposit,9.0,0,Transient,97.2,0,0
City Hotel,0,41,2017,March,12,24,1,2,2,0.0,0,BB,NLD,Online TA,TA/TO,0,0,0,D,D,0,No Deposit,9.0,0,Transient,121.33,0,0
City Hotel,0,9,2017,March,13,26,1,0,2,0.0,0,SC,BRA,Online TA,TA/TO,0,0,0,A,A,0,No Deposit,9.0,0,Transient,89.0,0,0
City Hotel,0,39,2017,March,12,24,1,2,2,0.0,0,BB,NLD,Online TA,TA/TO,0,0,0,D,D,0,No Deposit,9.0,0,Transient,121.33,0,2
City Hotel,0,122,2017,March,12,24,1,2,2,0.0,0,BB,IRL,Online TA,TA/TO,0,0,0,D,D,0,No Deposit,9.0,0,Transient,106.2,0,1
City Hotel,0,55,2017,March,12,22,1,4,2,0.0,0,BB,FRA,Online TA,TA/TO,0,0,0,D,D,0,No Deposit,9.0,0,Transient,100.3,0,2
City Hotel,0,193,2017,March,12,23,1,3,2,0.0,0,BB,ITA,Online TA,TA/TO,0,0,0,A,A,1,No Deposit,9.0,0,Transient,108.0,0,1
City Hotel,0,127,2017,March,12,23,1,3,2,0.0,0,SC,DEU,Online TA,TA/TO,0,0,0,A,A,0,No Deposit,9.0,0,Transient,74.8,0,2
City Hotel,0,127,2017,March,12,23,1,3,2,0.0,0,SC,DEU,Online TA,TA/TO,0,0,0,A,A,0,No Deposit,9.0,0,Transient,74.8,0,2
City Hotel,0,127,2017,March,12,23,1,3,2,0.0,0,SC,DEU,Online TA,TA/TO,0,0,0,A,A,0,No Deposit,9.0,0,Transient,74.8,0,2
City Hotel,0,127,2017,March,12,23,1,3,2,0.0,0,SC,DEU,Online TA,TA/TO,0,0,0,A,A,0,No Deposit,9.0,0,Transient,74.8,0,2
City Hotel,0,34,2017,March,12,25,1,1,2,0.0,0,SC,HUN,Online TA,TA/TO,0,0,0,A,A,0,No Deposit,9.0,0,Transient,88.0,0,1
City Hotel,0,94,2017,March,12,24,1,2,2,0.0,0,BB,FRA,Offline TA/TO,TA/TO,0,0,0,A,C,1,No Deposit,85.0,0,Transient,72.0,0,1
City Hotel,0,116,2017,March,12,24,1,2,2,0.0,0,BB,FRA,Online TA,TA/TO,0,0,0,A,A,0,No Deposit,9.0,0,Transient,97.2,0,0
City Hotel,0,55,2017,March,12,25,1,1,2,0.0,0,BB,NLD,Direct,Direct,0,0,0,A,A,3,No Deposit,14.0,0,Transient,121.5,1,0
City Hotel,0,70,2017,March,12,24,1,2,2,0.0,0,BB,NLD,Online TA,TA/TO,0,0,0,D,D,0,No Deposit,9.0,0,Transient,108.0,0,1
City Hotel,0,67,2017,March,12,25,1,1,2,0.0,0,BB,FRA,Online TA,TA/TO,0,0,0,E,E,0,No Deposit,9.0,0,Transient,133.2,0,1
City Hotel,0,81,2017,March,12,25,1,1,2,0.0,0,BB,ESP,Online TA,TA/TO,0,0,0,D,A,0,No Deposit,9.0,0,Transient,106.2,0,2
City Hotel,0,33,2017,March,12,25,1,1,2,0.0,0,BB,FRA,Online TA,TA/TO,0,0,0,A,A,0,No Deposit,9.0,0,Transient,108.0,0,1
City Hotel,0,4,2017,March,12,25,1,1,2,0.0,0,BB,GBR,Direct,Direct,0,0,0,A,A,1,No Deposit,14.0,0,Transient,103.5,0,1
City Hotel,0,137,2017,March,12,24,1,2,2,0.0,0,BB,DEU,Offline TA/TO,TA/TO,0,0,0,A,A,0,No Deposit,27.0,0,Transient,72.0,0,1
City Hotel,0,62,2017,March,12,25,1,1,2,0.0,0,BB,HUN,Online TA,TA/TO,0,0,0,D,A,0,No Deposit,9.0,0,Transient,106.2,0,0
City Hotel,0,137,2017,March,12,24,1,2,2,0.0,0,BB,DEU,Offline TA/TO,TA/TO,0,0,0,A,A,0,No Deposit,27.0,0,Transient,72.0,0,1
City Hotel,0,121,2017,March,12,22,1,4,2,0.0,0,BB,NLD,Online TA,TA/TO,0,0,0,D,D,0,No Deposit,9.0,0,Transient,100.3,0,2
City Hotel,0,0,2017,March,12,25,1,1,2,0.0,0,SC,BRA,Online TA,TA/TO,0,0,0,A,B,1,No Deposit,9.0,0,Transient,88.0,0,3
City Hotel,0,0,2017,March,12,25,1,1,2,0.0,0,SC,BRA,Online TA,TA/TO,0,0,0,A,B,1,No Deposit,9.0,0,Transient,88.0,0,3
City Hotel,0,56,2017,March,12,24,1,2,2,0.0,0,BB,NLD,Online TA,TA/TO,0,0,0,D,D,0,No Deposit,9.0,0,Transient,106.2,0,1
City Hotel,0,157,2017,March,12,23,1,3,2,0.0,0,SC,GBR,Online TA,TA/TO,0,0,0,A,A,0,No Deposit,7.0,0,Transient,57.59,0,1
City Hotel,0,32,2017,March,12,25,1,1,2,0.0,0,BB,BRA,Online TA,TA/TO,0,0,0,E,E,0,No Deposit,9.0,0,Transient,148.0,0,1
City Hotel,0,9,2017,March,12,23,1,3,2,0.0,0,BB,PRT,Online TA,TA/TO,0,0,0,G,G,0,No Deposit,7.0,0,Transient,190.4,0,1
City Hotel,0,119,2017,March,12,24,1,2,2,0.0,0,SC,IRL,Online TA,TA/TO,0,0,0,A,A,0,No Deposit,9.0,0,Transient,79.2,0,1
City Hotel,0,15,2017,March,13,26,2,0,2,0.0,0,BB,FRA,Direct,Direct,0,0,0,A,A,1,No Deposit,14.0,0,Transient,108.0,0,0
City Hotel,0,79,2017,March,12,25,2,1,2,0.0,0,BB,GBR,Offline TA/TO,TA/TO,0,0,0,A,A,0,No Deposit,42.0,0,Transient,72.0,0,1
City Hotel,0,76,2017,March,12,23,2,3,2,0.0,0,BB,GBR,Offline TA/TO,TA/TO,0,0,0,A,A,0,No Deposit,28.0,0,Transient,68.0,0,1
City Hotel,0,34,2017,March,12,21,2,5,2,0.0,0,BB,PRT,Direct,Direct,0,0,0,B,A,1,No Deposit,14.0,0,Transient,93.82,0,0
City Hotel,0,46,2017,March,12,21,2,5,2,0.0,0,BB,DEU,Online TA,TA/TO,0,0,0,D,D,0,No Deposit,9.0,0,Transient,102.73,0,0
City Hotel,0,39,2017,March,12,24,2,2,2,0.0,0,BB,BRA,Online TA,TA/TO,0,0,0,A,A,0,No Deposit,9.0,0,Transient,96.05,0,1
City Hotel,0,34,2017,March,12,25,2,1,2,0.0,0,BB,CN,Online TA,TA/TO,0,0,0,A,A,0,No Deposit,9.0,0,Transient,111.33,0,1
City Hotel,0,35,2017,March,12,25,2,1,2,0.0,0,SC,FRA,Online TA,TA/TO,0,0,0,A,A,0,No Deposit,9.0,0,Transient,91.33,0,1
City Hotel,0,35,2017,March,12,25,2,1,2,0.0,0,SC,FRA,Online TA,TA/TO,0,0,0,A,A,0,No Deposit,9.0,0,Transient,91.33,0,1
City Hotel,0,90,2017,March,12,25,2,1,2,0.0,0,BB,FRA,Online TA,TA/TO,0,0,0,D,D,0,No Deposit,9.0,0,Transient,106.2,0,0
City Hotel,0,35,2017,March,13,26,2,0,2,0.0,0,BB,PRT,Online TA,TA/TO,0,0,0,D,D,0,No Deposit,9.0,0,Transient,123.0,0,0
City Hotel,0,91,2017,March,12,24,2,2,2,0.0,0,BB,GBR,Direct,Direct,0,0,0,D,D,2,No Deposit,14.0,0,Transient,101.7,0,0
City Hotel,0,3,2017,March,13,27,1,0,2,0.0,0,BB,PRT,Direct,Direct,0,0,0,D,F,1,No Deposit,,0,Transient,146.0,1,0
City Hotel,0,15,2017,March,12,22,2,4,2,0.0,0,BB,IRN,Online TA,TA/TO,0,0,0,D,D,0,No Deposit,9.0,0,Transient,108.8,0,0
City Hotel,0,82,2017,March,12,21,2,5,2,0.0,0,BB,HUN,Offline TA/TO,TA/TO,0,0,0,A,A,0,No Deposit,22.0,0,Transient,68.0,0,0
City Hotel,0,143,2017,March,12,24,2,2,2,0.0,0,SC,BRA,Online TA,TA/TO,0,0,0,A,A,0,No Deposit,8.0,0,Transient,74.8,0,1
City Hotel,0,26,2017,March,13,26,2,0,2,0.0,0,BB,FRA,Online TA,TA/TO,0,0,0,A,A,0,No Deposit,9.0,0,Transient,113.0,0,2
City Hotel,0,74,2017,March,12,24,2,2,2,0.0,0,BB,DEU,Online TA,TA/TO,0,0,0,D,D,0,No Deposit,9.0,0,Transient,100.3,0,2
City Hotel,0,110,2017,March,13,27,1,0,2,0.0,0,SC,TUR,Online TA,TA/TO,0,0,0,A,A,0,No Deposit,9.0,0,Transient,79.2,0,1
City Hotel,0,34,2017,March,12,23,2,3,2,0.0,0,BB,GBR,Online TA,TA/TO,0,0,0,A,A,0,No Deposit,9.0,0,Transient,95.2,0,1
City Hotel,0,29,2017,March,13,27,1,0,2,0.0,0,BB,FRA,Online TA,TA/TO,0,0,0,A,E,0,No Deposit,9.0,0,Transient,118.0,0,1
City Hotel,0,150,2017,March,12,23,2,3,2,0.0,0,BB,IRN,Offline TA/TO,TA/TO,0,0,0,A,A,0,No Deposit,27.0,0,Transient,68.0,0,0
City Hotel,0,72,2017,March,12,24,2,2,2,0.0,0,BB,DEU,Offline TA/TO,TA/TO,0,0,0,D,D,0,No Deposit,85.0,0,Transient,76.5,0,0
City Hotel,0,206,2017,March,13,26,2,1,2,0.0,0,BB,CN,Groups,TA/TO,0,0,0,A,A,1,No Deposit,296.0,0,Transient-Party,72.0,0,0
City Hotel,0,206,2017,March,13,26,2,1,2,0.0,0,BB,CN,Groups,TA/TO,0,0,0,A,A,1,No Deposit,296.0,0,Transient-Party,72.0,0,0
City Hotel,0,206,2017,March,13,26,2,1,2,0.0,0,BB,CN,Groups,TA/TO,0,0,0,A,A,1,No Deposit,296.0,0,Transient-Party,72.0,0,0
City Hotel,0,206,2017,March,13,26,2,1,2,0.0,0,BB,CN,Groups,TA/TO,0,0,0,A,A,0,No Deposit,296.0,0,Transient-Party,72.0,0,0
City Hotel,0,206,2017,March,13,26,2,1,2,0.0,0,BB,CN,Groups,TA/TO,0,0,0,A,A,0,No Deposit,296.0,0,Transient-Party,72.0,0,0
City Hotel,0,206,2017,March,13,26,2,1,2,0.0,0,BB,CN,Groups,TA/TO,0,0,0,A,A,0,No Deposit,296.0,0,Transient-Party,72.0,0,0
City Hotel,0,206,2017,March,13,26,2,1,2,0.0,0,BB,CN,Groups,TA/TO,0,0,0,A,A,0,No Deposit,296.0,0,Transient-Party,72.0,0,0
City Hotel,0,206,2017,March,13,26,2,1,2,0.0,0,BB,CN,Groups,TA/TO,0,0,0,A,A,0,No Deposit,296.0,0,Transient-Party,72.0,0,0
City Hotel,0,206,2017,March,13,26,2,1,2,0.0,0,BB,CN,Groups,TA/TO,0,0,0,A,A,0,No Deposit,296.0,0,Transient-Party,72.0,0,0
City Hotel,0,206,2017,March,13,26,2,1,2,0.0,0,BB,CN,Groups,TA/TO,0,0,0,A,A,0,No Deposit,296.0,0,Transient-Party,72.0,0,0
City Hotel,0,206,2017,March,13,26,2,1,2,0.0,0,BB,CN,Groups,TA/TO,0,0,0,A,A,1,No Deposit,296.0,0,Transient-Party,72.0,0,0
City Hotel,0,206,2017,March,13,26,2,1,2,0.0,0,BB,CN,Groups,TA/TO,0,0,0,A,A,0,No Deposit,296.0,0,Transient-Party,72.0,0,0
City Hotel,0,78,2017,March,12,25,2,2,2,0.0,0,BB,BRA,Online TA,TA/TO,0,0,0,D,A,0,No Deposit,7.0,0,Transient,77.23,0,1
City Hotel,0,78,2017,March,12,25,2,2,2,0.0,0,BB,BRA,Online TA,TA/TO,0,0,0,D,D,0,No Deposit,7.0,0,Transient,77.23,0,1
City Hotel,0,116,2017,March,12,24,2,3,2,0.0,0,BB,PRT,Offline TA/TO,TA/TO,0,0,0,A,A,0,No Deposit,16.0,0,Transient,100.0,0,0
City Hotel,0,78,2017,March,12,25,2,2,2,0.0,0,BB,BRA,Online TA,TA/TO,0,0,0,D,D,0,No Deposit,7.0,0,Transient,77.23,0,1
City Hotel,0,35,2017,March,12,25,2,2,2,0.0,0,BB,FRA,Online TA,TA/TO,0,0,0,A,A,0,No Deposit,9.0,0,Transient,96.05,0,2
City Hotel,0,139,2017,March,12,22,2,5,2,0.0,0,SC,GBR,Online TA,TA/TO,0,0,0,A,A,2,No Deposit,83.0,0,Transient,70.4,0,0
City Hotel,0,112,2017,March,13,26,2,1,2,0.0,0,BB,USA,Online TA,TA/TO,0,0,0,A,A,0,No Deposit,9.0,0,Transient,97.2,0,2
City Hotel,0,89,2017,March,13,27,1,1,2,0.0,0,SC,TUR,Online TA,TA/TO,0,0,0,A,A,0,No Deposit,8.0,0,Transient,79.2,0,1
City Hotel,0,89,2017,March,13,27,1,1,2,0.0,0,SC,IRL,Online TA,TA/TO,0,0,0,A,A,0,No Deposit,8.0,0,Transient,79.2,0,1
City Hotel,0,139,2017,March,12,22,2,5,2,0.0,0,SC,GBR,Online TA,TA/TO,0,0,0,A,A,2,No Deposit,83.0,0,Transient,70.4,0,0
City Hotel,0,158,2017,March,13,27,1,1,2,0.0,0,BB,ISR,Groups,TA/TO,0,0,0,A,A,0,No Deposit,37.0,0,Transient-Party,95.0,0,1
City Hotel,0,158,2017,March,13,27,1,1,2,0.0,0,BB,ISR,Groups,TA/TO,0,0,0,A,A,0,No Deposit,37.0,0,Transient-Party,95.0,0,0
City Hotel,0,158,2017,March,13,27,1,1,2,0.0,0,BB,ISR,Groups,TA/TO,0,0,0,A,A,0,No Deposit,37.0,0,Transient-Party,95.0,0,1
City Hotel,0,158,2017,March,13,27,1,1,2,0.0,0,BB,ISR,Groups,TA/TO,0,0,0,A,A,0,No Deposit,37.0,0,Transient-Party,95.0,0,1
City Hotel,0,4,2017,March,12,25,2,2,2,0.0,0,BB,FRA,Online TA,TA/TO,0,0,0,A,A,0,No Deposit,7.0,0,Transient,78.71,0,0
City Hotel,0,158,2017,March,13,27,1,1,2,0.0,0,BB,ISR,Groups,TA/TO,0,0,0,A,A,0,No Deposit,37.0,0,Transient-Party,95.0,0,1
City Hotel,0,158,2017,March,13,27,1,1,2,0.0,0,BB,ISR,Groups,TA/TO,0,0,0,A,A,2,No Deposit,37.0,0,Transient-Party,95.0,0,0
City Hotel,0,158,2017,March,13,27,1,1,2,0.0,0,BB,ISR,Groups,TA/TO,0,0,0,A,A,0,No Deposit,37.0,0,Transient-Party,95.0,0,1
City Hotel,0,158,2017,March,13,27,1,1,2,0.0,0,BB,ISR,Groups,TA/TO,0,0,0,A,A,0,No Deposit,37.0,0,Transient-Party,95.0,0,1
City Hotel,0,158,2017,March,13,27,1,1,2,0.0,0,BB,ISR,Groups,TA/TO,0,0,0,A,A,0,No Deposit,37.0,0,Transient-Party,95.0,0,1
City Hotel,0,158,2017,March,13,27,1,1,2,0.0,0,BB,ISR,Groups,TA/TO,0,0,0,A,A,0,No Deposit,37.0,0,Transient-Party,95.0,0,1
City Hotel,0,158,2017,March,13,27,1,1,2,0.0,0,BB,ISR,Groups,TA/TO,0,0,0,A,A,0,No Deposit,37.0,0,Transient-Party,95.0,0,1
City Hotel,0,158,2017,March,13,27,1,1,2,0.0,0,BB,ISR,Groups,TA/TO,0,0,0,A,A,0,No Deposit,37.0,0,Transient-Party,95.0,0,1
City Hotel,0,158,2017,March,13,27,1,1,2,0.0,0,BB,ISR,Groups,TA/TO,0,0,0,A,A,0,No Deposit,37.0,0,Transient-Party,95.0,0,1
City Hotel,0,158,2017,March,13,27,1,1,2,0.0,0,BB,ISR,Groups,TA/TO,0,0,0,A,A,0,No Deposit,37.0,0,Transient-Party,95.0,0,1
City Hotel,0,158,2017,March,13,27,1,1,2,0.0,0,BB,ISR,Groups,TA/TO,0,0,0,A,A,0,No Deposit,37.0,0,Transient-Party,95.0,0,1
City Hotel,0,158,2017,March,13,27,1,1,2,0.0,0,BB,ISR,Groups,TA/TO,0,0,0,A,A,0,No Deposit,37.0,0,Transient-Party,95.0,0,1
City Hotel,0,158,2017,March,13,27,1,1,2,0.0,0,BB,ISR,Groups,TA/TO,0,0,0,A,A,0,No Deposit,37.0,0,Transient-Party,95.0,0,1
City Hotel,0,158,2017,March,13,27,1,1,2,0.0,0,BB,ISR,Groups,TA/TO,0,0,0,A,A,0,No Deposit,37.0,0,Transient-Party,95.0,0,1
City Hotel,0,158,2017,March,13,27,1,1,2,0.0,0,BB,ISR,Groups,TA/TO,0,0,0,A,A,0,No Deposit,37.0,0,Transient-Party,95.0,0,1
City Hotel,0,158,2017,March,13,27,1,1,2,0.0,0,BB,ISR,Groups,TA/TO,0,0,0,A,A,0,No Deposit,37.0,0,Transient-Party,95.0,0,1
City Hotel,0,158,2017,March,13,27,1,1,2,0.0,0,BB,ISR,Groups,TA/TO,0,0,0,A,A,0,No Deposit,37.0,0,Transient-Party,95.0,0,1
City Hotel,0,158,2017,March,13,27,1,1,2,0.0,0,BB,ISR,Groups,TA/TO,0,0,0,A,A,0,No Deposit,37.0,0,Transient-Party,95.0,0,1
City Hotel,0,158,2017,March,13,27,1,1,2,0.0,0,BB,ISR,Groups,TA/TO,0,0,0,A,A,0,No Deposit,37.0,0,Transient-Party,95.0,0,1
City Hotel,0,158,2017,March,13,27,1,1,2,0.0,0,BB,ISR,Groups,TA/TO,0,0,0,A,A,0,No Deposit,37.0,0,Transient-Party,95.0,0,1
City Hotel,0,158,2017,March,13,27,1,1,2,0.0,0,BB,ISR,Groups,TA/TO,0,0,0,A,A,0,No Deposit,37.0,0,Transient-Party,95.0,0,1
City Hotel,0,61,2017,March,13,27,1,1,2,0.0,0,BB,FRA,Offline TA/TO,TA/TO,0,0,0,A,C,0,No Deposit,28.0,0,Transient,72.0,0,0
City Hotel,0,18,2017,March,13,27,1,1,2,0.0,0,SC,ITA,Offline TA/TO,TA/TO,0,0,0,A,A,0,No Deposit,85.0,0,Transient,70.0,0,1
City Hotel,0,68,2017,March,13,26,2,1,2,0.0,0,BB,DEU,Offline TA/TO,TA/TO,0,0,0,A,A,0,No Deposit,138.0,0,Transient,72.0,0,0
City Hotel,0,158,2017,March,13,27,1,1,2,0.0,0,BB,ISR,Groups,TA/TO,0,0,0,A,A,0,No Deposit,37.0,0,Transient-Party,95.0,0,1
City Hotel,0,158,2017,March,13,27,1,1,2,0.0,0,BB,ISR,Groups,TA/TO,0,0,0,A,D,0,No Deposit,37.0,0,Transient-Party,95.0,0,1
City Hotel,0,158,2017,March,13,27,1,1,2,0.0,0,BB,ISR,Groups,TA/TO,0,0,0,A,A,0,No Deposit,37.0,0,Transient-Party,95.0,0,1
City Hotel,0,158,2017,March,13,27,1,1,2,0.0,0,BB,ISR,Groups,TA/TO,0,0,0,A,A,0,No Deposit,37.0,0,Transient-Party,95.0,0,1
City Hotel,0,158,2017,March,13,27,1,1,2,0.0,0,BB,ISR,Groups,TA/TO,0,0,0,A,A,0,No Deposit,37.0,0,Transient-Party,95.0,0,1
City Hotel,0,158,2017,March,13,27,1,1,2,0.0,0,BB,ISR,Groups,TA/TO,0,0,0,A,A,0,No Deposit,37.0,0,Transient-Party,95.0,0,1
City Hotel,0,60,2017,March,13,26,2,1,2,0.0,0,BB,FRA,Offline TA/TO,TA/TO,0,0,0,A,A,0,No Deposit,28.0,0,Transient,72.0,0,0
City Hotel,0,10,2017,March,13,27,1,1,2,0.0,0,BB,ISR,Groups,TA/TO,0,0,0,A,A,0,No Deposit,37.0,0,Transient-Party,95.0,0,1
City Hotel,0,158,2017,March,13,27,1,1,2,0.0,0,BB,ISR,Groups,TA/TO,0,0,0,A,A,0,No Deposit,37.0,0,Transient-Party,95.0,0,1
City Hotel,0,52,2017,March,13,28,0,1,2,0.0,0,BB,FRA,Online TA,TA/TO,0,0,0,A,F,0,No Deposit,9.0,0,Transient,106.2,0,0
City Hotel,0,142,2017,March,12,25,2,2,2,0.0,0,HB,FRA,Online TA,TA/TO,0,0,0,D,D,0,No Deposit,9.0,0,Transient,136.8,0,0
City Hotel,0,10,2017,March,13,27,1,1,2,0.0,0,BB,ISR,Groups,TA/TO,0,0,0,A,A,0,No Deposit,37.0,0,Transient-Party,95.0,0,1
City Hotel,0,93,2017,March,12,25,2,2,2,0.0,0,BB,FRA,Online TA,TA/TO,0,0,0,D,D,0,No Deposit,9.0,0,Transient,100.3,0,1
City Hotel,0,88,2017,March,13,26,2,1,2,0.0,0,BB,BEL,Online TA,TA/TO,0,0,0,A,A,0,No Deposit,9.0,0,Transient,97.2,0,1
City Hotel,0,2,2017,March,13,27,1,1,2,0.0,0,BB,PRT,Corporate,Corporate,0,0,0,A,D,2,No Deposit,,0,Transient,85.0,0,1
City Hotel,0,14,2017,March,13,28,0,1,2,0.0,0,BB,USA,Online TA,TA/TO,0,0,0,D,F,0,No Deposit,9.0,0,Transient,128.0,0,0
City Hotel,0,90,2017,March,12,24,2,3,2,0.0,0,BB,DEU,Offline TA/TO,TA/TO,0,0,0,A,A,0,No Deposit,42.0,0,Transient,68.0,0,1
City Hotel,0,38,2017,March,12,25,2,2,2,0.0,0,BB,FRA,Online TA,TA/TO,0,0,0,A,A,0,No Deposit,9.0,0,Transient,96.05,0,2
City Hotel,0,154,2017,March,13,26,2,1,2,0.0,0,BB,GBR,Online TA,TA/TO,0,0,0,A,A,0,No Deposit,7.0,0,Transient,72.07,0,1
City Hotel,0,77,2017,March,12,25,2,2,2,0.0,0,BB,NLD,Online TA,TA/TO,0,0,0,D,D,0,No Deposit,9.0,0,Transient,100.3,0,1
City Hotel,0,84,2017,March,12,25,2,2,2,0.0,0,BB,FRA,Online TA,TA/TO,0,0,0,D,D,0,No Deposit,9.0,0,Transient,100.3,0,1
City Hotel,0,125,2017,March,12,23,2,4,2,0.0,0,BB,GRC,Online TA,TA/TO,0,0,0,A,A,0,No Deposit,9.0,0,Transient,88.4,0,1
City Hotel,0,146,2017,March,12,25,2,2,2,0.0,0,BB,FRA,Online TA,TA/TO,0,0,0,A,K,0,No Deposit,7.0,0,Transient,64.67,0,1
City Hotel,0,117,2017,March,13,26,2,1,2,0.0,0,BB,DEU,Online TA,TA/TO,0,0,0,D,D,0,No Deposit,7.0,0,Transient,77.69,0,1
City Hotel,0,206,2017,March,13,26,2,1,2,0.0,0,BB,CN,Groups,TA/TO,0,0,0,A,A,0,No Deposit,296.0,0,Transient-Party,72.0,0,0
City Hotel,0,64,2017,March,13,29,0,0,2,0.0,0,BB,PRT,Online TA,TA/TO,0,0,0,A,K,0,No Deposit,9.0,0,Transient,0.0,0,1
City Hotel,0,41,2017,March,13,29,0,0,2,0.0,0,HB,PRT,Online TA,TA/TO,0,0,0,D,K,0,No Deposit,9.0,0,Transient,0.0,0,0
City Hotel,0,58,2017,March,13,29,0,1,2,0.0,0,BB,FRA,Online TA,TA/TO,0,0,0,A,A,0,No Deposit,83.0,0,Transient,77.76,0,0
City Hotel,0,56,2017,March,13,29,0,1,2,0.0,0,BB,FRA,Offline TA/TO,TA/TO,0,0,0,A,A,0,No Deposit,28.0,0,Transient,72.0,0,0
City Hotel,0,74,2017,March,13,26,2,2,2,0.0,0,BB,FRA,Online TA,TA/TO,0,0,0,A,A,1,No Deposit,9.0,0,Transient,94.8,0,0
City Hotel,0,76,2017,March,12,23,2,5,2,0.0,0,BB,GBR,Offline TA/TO,TA/TO,0,0,0,A,A,0,No Deposit,42.0,0,Transient,68.0,0,0
City Hotel,0,88,2017,March,13,27,1,2,2,0.0,0,SC,GBR,Online TA,TA/TO,0,0,0,A,A,0,No Deposit,83.0,0,Transient,63.36,0,0
City Hotel,0,45,2017,March,13,27,1,2,2,0.0,0,BB,IRL,Direct,Direct,0,0,0,A,A,0,No Deposit,14.0,0,Transient,88.2,0,2
City Hotel,0,60,2017,March,13,26,2,2,2,0.0,0,BB,FRA,Offline TA/TO,TA/TO,0,0,0,A,D,0,No Deposit,28.0,0,Transient,75.0,0,0
City Hotel,0,77,2017,March,13,27,1,2,2,0.0,0,SC,IRL,Online TA,TA/TO,0,0,0,A,A,0,No Deposit,9.0,0,Transient,79.2,0,1
City Hotel,0,71,2017,March,13,27,1,2,2,0.0,0,BB,RUS,Online TA,TA/TO,0,0,0,A,A,0,No Deposit,7.0,0,Transient,74.84,0,1
City Hotel,0,39,2017,March,13,28,0,2,2,0.0,0,BB,FRA,Online TA,TA/TO,0,0,0,A,A,0,No Deposit,9.0,0,Transient,118.0,0,0
City Hotel,0,66,2017,March,13,27,1,2,2,0.0,0,BB,AUT,Online TA,TA/TO,0,0,0,D,D,0,No Deposit,7.0,0,Transient,77.69,0,1
City Hotel,0,43,2017,March,12,25,2,3,2,0.0,0,BB,FIN,Online TA,TA/TO,0,0,0,D,D,0,No Deposit,9.0,0,Transient,105.4,0,0
City Hotel,0,124,2017,March,13,26,2,2,2,0.0,0,BB,BEL,Online TA,TA/TO,0,0,0,D,D,0,No Deposit,9.0,0,Transient,100.3,0,3
City Hotel,0,38,2017,March,13,26,2,2,2,0.0,0,BB,AUT,Online TA,TA/TO,0,0,0,A,A,0,No Deposit,7.0,0,Transient,71.82,0,0
City Hotel,0,0,2017,March,13,29,0,1,2,0.0,0,BB,PRT,Direct,Direct,0,0,0,A,A,0,No Deposit,,0,Transient,83.0,0,0
City Hotel,0,5,2017,March,13,29,0,1,2,0.0,0,BB,BRA,Online TA,TA/TO,0,0,0,A,A,0,No Deposit,9.0,0,Transient,118.0,0,1
City Hotel,0,214,2017,March,13,26,2,2,2,0.0,0,BB,DEU,Online TA,TA/TO,0,0,0,A,A,0,No Deposit,9.0,0,Transient,88.4,0,2
City Hotel,0,211,2017,March,12,25,2,3,2,0.0,0,BB,AUS,Online TA,TA/TO,0,0,0,A,A,0,No Deposit,9.0,0,Transient,88.4,0,1
City Hotel,0,1,2017,March,13,29,0,1,2,0.0,0,SC,CN,Online TA,TA/TO,0,0,0,A,A,2,No Deposit,7.0,0,Transient,74.48,0,1
City Hotel,0,28,2017,March,13,29,0,1,2,0.0,0,BB,LUX,Online TA,TA/TO,0,0,0,A,A,0,No Deposit,9.0,0,Transient,98.0,0,2
City Hotel,0,77,2017,March,13,26,2,2,2,0.0,0,BB,DEU,Online TA,TA/TO,0,0,0,A,A,0,No Deposit,7.0,0,Transient,67.15,0,1
City Hotel,0,73,2017,March,13,27,1,2,2,0.0,0,BB,IRL,Online TA,TA/TO,0,0,0,D,D,0,No Deposit,7.0,0,Transient,83.16,0,1
City Hotel,0,39,2017,March,13,26,2,2,2,0.0,0,BB,GBR,Online TA,TA/TO,0,0,0,A,A,0,No Deposit,9.0,0,Transient,98.18,0,0
City Hotel,0,74,2017,March,12,25,2,3,2,0.0,0,BB,NLD,Online TA,TA/TO,0,0,0,E,E,0,No Deposit,9.0,0,Transient,117.3,0,2
City Hotel,0,34,2017,March,13,26,2,2,2,0.0,0,BB,CHE,Online TA,TA/TO,0,0,0,D,D,0,No Deposit,9.0,0,Transient,106.68,0,0
City Hotel,0,0,2017,March,12,24,2,4,2,0.0,0,BB,FRA,Online TA,TA/TO,0,0,0,A,A,0,No Deposit,155.0,0,Transient,110.0,0,1
City Hotel,0,95,2017,March,12,25,2,3,2,0.0,0,BB,DEU,Offline TA/TO,TA/TO,0,0,0,A,A,0,No Deposit,27.0,0,Transient,72.0,0,0
City Hotel,0,0,2017,March,13,29,0,1,2,0.0,0,BB,PRT,Online TA,TA/TO,0,0,0,A,A,1,No Deposit,9.0,0,Transient,118.0,0,1
City Hotel,0,45,2017,March,13,27,1,2,2,0.0,0,BB,IRL,Direct,Direct,0,0,0,A,A,0,No Deposit,14.0,0,Transient,88.2,0,2
City Hotel,0,9,2017,March,13,30,0,0,2,0.0,0,SC,PRT,Online TA,TA/TO,0,0,0,A,K,0,No Deposit,9.0,0,Transient,0.0,0,1
City Hotel,0,42,2017,March,13,26,2,2,2,0.0,0,SC,ITA,Online TA,TA/TO,0,0,0,A,A,0,No Deposit,7.0,0,Transient,59.38,0,0
City Hotel,0,50,2017,March,13,29,0,1,2,0.0,0,SC,BRA,Online TA,TA/TO,0,0,0,A,A,0,No Deposit,9.0,0,Transient,88.2,0,1
City Hotel,0,88,2017,March,13,26,2,2,2,0.0,0,BB,BRA,Online TA,TA/TO,0,0,0,D,D,0,No Deposit,7.0,0,Transient,77.23,0,1
City Hotel,0,91,2017,March,13,29,0,2,2,0.0,0,SC,CN,Online TA,TA/TO,0,0,0,A,A,0,No Deposit,7.0,0,Transient,60.98,0,1
City Hotel,0,91,2017,March,13,29,0,2,2,0.0,0,SC,CN,Online TA,TA/TO,0,0,0,A,A,0,No Deposit,7.0,0,Transient,60.98,0,1
City Hotel,0,76,2017,March,13,29,0,2,2,0.0,0,BB,LVA,Online TA,TA/TO,0,0,0,D,D,0,No Deposit,9.0,0,Transient,108.0,0,1
City Hotel,0,24,2017,March,13,26,2,3,2,0.0,0,BB,ITA,Online TA,TA/TO,0,0,0,A,A,0,No Deposit,9.0,0,Transient,98.6,0,0
City Hotel,0,0,2017,March,13,29,0,2,2,0.0,0,BB,CN,Direct,Direct,0,0,0,A,A,1,No Deposit,14.0,0,Transient,108.0,0,0
City Hotel,0,69,2017,March,13,26,2,3,2,0.0,0,BB,FRA,Offline TA/TO,TA/TO,0,0,0,A,D,0,No Deposit,28.0,0,Transient,75.0,0,0
City Hotel,0,184,2017,March,13,26,2,3,2,0.0,0,BB,BRA,Online TA,TA/TO,0,0,0,A,A,2,No Deposit,83.0,0,Transient,70.72,0,0
City Hotel,0,78,2017,March,13,27,1,3,2,0.0,0,SC,IRL,Online TA,TA/TO,0,0,0,A,A,0,No Deposit,9.0,0,Transient,74.8,0,1
City Hotel,0,184,2017,March,13,26,2,3,2,0.0,0,BB,BRA,Online TA,TA/TO,0,0,0,A,A,2,No Deposit,83.0,0,Transient,70.72,0,0
City Hotel,0,184,2017,March,13,26,2,3,2,0.0,0,BB,BRA,Online TA,TA/TO,0,0,0,A,A,2,No Deposit,83.0,0,Transient,70.72,0,0
City Hotel,0,59,2017,March,12,24,2,5,2,0.0,0,BB,SWE,Online TA,TA/TO,0,0,0,D,D,0,No Deposit,9.0,0,Transient,100.3,0,1
City Hotel,0,76,2017,March,13,26,2,3,2,0.0,0,BB,GBR,Online TA,TA/TO,0,0,0,D,D,0,No Deposit,9.0,0,Transient,100.3,0,3
City Hotel,0,12,2017,March,13,28,0,3,2,0.0,0,SC,ITA,Online TA,TA/TO,0,0,0,A,A,0,No Deposit,9.0,0,Transient,98.0,0,3
City Hotel,0,112,2017,March,13,27,1,3,2,0.0,0,BB,FRA,Online TA,TA/TO,0,0,0,A,A,0,No Deposit,9.0,0,Transient,91.8,0,1
City Hotel,0,9,2017,March,13,30,0,1,2,0.0,0,BB,UKR,Online TA,TA/TO,0,0,0,A,A,0,No Deposit,9.0,0,Transient,118.0,0,1
City Hotel,0,70,2017,March,13,26,2,3,2,0.0,0,SC,FRA,Online TA,TA/TO,0,0,0,A,A,0,No Deposit,9.0,0,Transient,82.0,0,0
City Hotel,0,63,2017,March,13,29,0,2,2,0.0,0,BB,FRA,Offline TA/TO,TA/TO,0,0,0,A,D,0,No Deposit,28.0,0,Transient,75.0,0,0
City Hotel,0,42,2017,March,13,27,1,3,2,0.0,0,SC,FRA,Online TA,TA/TO,0,0,0,A,A,0,No Deposit,9.0,0,Transient,83.3,0,0
City Hotel,0,36,2017,March,13,26,2,3,2,0.0,0,BB,FRA,Online TA,TA/TO,0,0,0,A,A,0,No Deposit,7.0,0,Transient,74.94,0,0
City Hotel,0,76,2017,March,13,27,1,3,2,0.0,0,BB,FRA,Direct,Direct,0,0,0,A,A,0,No Deposit,14.0,0,Transient,77.0,0,0
City Hotel,0,134,2017,March,13,27,1,3,2,0.0,0,BB,DEU,Online TA,TA/TO,0,0,0,A,B,0,No Deposit,9.0,0,Transient,88.4,0,2
City Hotel,0,123,2017,March,13,27,1,3,2,0.0,0,BB,DEU,Online TA,TA/TO,0,0,0,A,A,0,No Deposit,9.0,0,Transient,91.8,0,2
City Hotel,0,15,2017,March,13,29,0,2,2,0.0,0,BB,ROU,Offline TA/TO,TA/TO,0,0,0,A,A,0,No Deposit,85.0,0,Transient,80.0,0,1
City Hotel,0,14,2017,March,13,29,0,2,2,0.0,0,SC,GBR,Online TA,TA/TO,0,0,0,A,A,0,No Deposit,7.0,0,Transient,74.48,0,0
City Hotel,0,63,2017,March,13,27,1,3,2,0.0,0,BB,CHE,Online TA,TA/TO,0,0,0,D,D,0,No Deposit,8.0,0,Transient,100.3,0,0
City Hotel,0,82,2017,March,13,26,2,3,2,0.0,0,BB,BRA,Online TA,TA/TO,0,0,0,A,A,0,No Deposit,7.0,0,Transient,67.15,0,1
City Hotel,0,306,2017,March,13,27,1,3,2,0.0,0,BB,ITA,Online TA,TA/TO,0,0,0,A,A,0,No Deposit,9.0,0,Transient,86.35,1,2
City Hotel,0,110,2017,March,13,27,1,3,2,0.0,0,BB,DEU,Offline TA/TO,TA/TO,0,0,0,A,B,0,No Deposit,27.0,0,Transient,72.0,0,1
City Hotel,0,124,2017,March,12,25,2,4,2,0.0,0,SC,GBR,Online TA,TA/TO,0,0,0,A,A,0,No Deposit,7.0,0,Transient,57.6,0,1
City Hotel,0,97,2017,March,13,28,0,3,2,0.0,0,BB,FRA,Online TA,TA/TO,0,0,0,A,A,0,No Deposit,9.0,0,Transient,97.2,0,1
City Hotel,0,61,2017,March,13,26,2,3,2,0.0,0,BB,IRL,Online TA,TA/TO,0,0,0,D,D,0,No Deposit,9.0,0,Transient,100.3,0,3
City Hotel,0,67,2017,March,13,26,2,3,2,0.0,0,HB,DEU,Offline TA/TO,TA/TO,0,0,0,A,A,0,No Deposit,16.0,0,Transient,95.2,0,1
City Hotel,0,31,2017,March,13,29,0,2,2,0.0,0,SC,CHN,Online TA,TA/TO,0,0,0,A,A,0,No Deposit,9.0,0,Transient,98.0,0,0
City Hotel,0,21,2017,March,13,26,2,3,2,0.0,0,BB,IRL,Online TA,TA/TO,0,0,0,D,D,0,No Deposit,9.0,0,Transient,107.1,0,0
City Hotel,0,7,2017,March,13,28,0,3,2,0.0,0,BB,FRA,Online TA,TA/TO,0,0,0,A,A,0,No Deposit,9.0,0,Transient,127.0,0,1
City Hotel,0,77,2017,March,13,27,1,3,2,0.0,0,SC,FRA,Online TA,TA/TO,0,0,0,A,A,0,No Deposit,9.0,0,Transient,74.8,0,1
City Hotel,0,70,2017,March,13,28,0,3,2,0.0,0,BB,FRA,Offline TA/TO,TA/TO,0,0,0,A,D,0,No Deposit,28.0,0,Transient,75.0,0,0
City Hotel,0,56,2017,March,13,28,0,3,2,0.0,0,SC,CHN,Online TA,TA/TO,0,0,0,A,A,0,No Deposit,9.0,0,Transient,79.2,0,1
City Hotel,0,56,2017,March,13,28,0,3,2,0.0,0,SC,CHN,Online TA,TA/TO,0,0,0,A,A,0,No Deposit,9.0,0,Transient,79.2,0,1
City Hotel,0,2,2017,March,13,27,1,3,2,0.0,0,SC,FRA,Online TA,TA/TO,0,0,0,A,A,0,No Deposit,7.0,0,Transient,63.31,0,0
City Hotel,0,6,2017,March,13,30,0,1,2,0.0,0,BB,FRA,Online TA,TA/TO,0,0,0,A,A,0,No Deposit,9.0,0,Transient,118.0,0,2
City Hotel,0,8,2017,March,13,29,0,2,2,0.0,0,SC,FRA,Online TA,TA/TO,0,0,0,A,A,0,No Deposit,7.0,0,Transient,74.48,0,0
City Hotel,0,106,2017,March,13,28,0,3,2,0.0,0,BB,ITA,Online TA,TA/TO,0,0,0,A,A,0,No Deposit,9.0,0,Transient,97.2,0,1
City Hotel,0,156,2017,March,13,28,0,3,2,0.0,0,BB,BRA,Online TA,TA/TO,0,0,0,D,D,0,No Deposit,7.0,0,Transient,79.0,0,1
City Hotel,0,24,2017,March,13,27,1,3,2,0.0,0,SC,DEU,Online TA,TA/TO,0,0,0,A,A,2,No Deposit,9.0,0,Transient,86.98,0,0
City Hotel,0,156,2017,March,13,28,0,3,2,0.0,0,BB,BRA,Online TA,TA/TO,0,0,0,D,D,0,No Deposit,7.0,0,Transient,79.0,0,1
City Hotel,0,69,2017,March,13,26,2,3,2,0.0,0,HB,DEU,Offline TA/TO,TA/TO,0,0,0,A,A,0,No Deposit,42.0,0,Transient,103.6,0,0
City Hotel,0,1,2017,March,13,30,0,1,2,0.0,0,BB,PRT,Online TA,TA/TO,0,0,0,A,A,0,No Deposit,9.0,0,Transient,118.0,0,0
City Hotel,0,130,2017,March,12,25,2,4,2,0.0,0,SC,CHE,Online TA,TA/TO,0,0,0,A,A,0,No Deposit,7.0,0,Transient,54.71,0,1
City Hotel,0,3,2017,March,13,29,0,2,2,0.0,0,BB,PRT,Online TA,TA/TO,0,0,0,A,A,0,No Deposit,9.0,0,Transient,127.0,0,2
City Hotel,0,118,2017,March,13,29,0,2,2,0.0,0,BB,FRA,Online TA,TA/TO,0,0,0,A,A,0,No Deposit,9.0,0,Transient,97.2,0,1
City Hotel,0,83,2017,March,13,27,1,3,2,0.0,0,BB,CHE,Direct,Direct,0,0,0,D,D,0,No Deposit,14.0,0,Transient,97.2,0,3
City Hotel,0,43,2017,March,13,27,1,3,2,0.0,0,BB,DEU,Online TA,TA/TO,0,0,0,A,A,0,No Deposit,9.0,0,Transient,100.3,0,2
City Hotel,0,0,2017,March,13,29,0,2,2,0.0,0,SC,NLD,Online TA,TA/TO,0,0,0,A,A,0,No Deposit,9.0,0,Transient,98.0,0,1
City Hotel,0,6,2017,March,13,29,0,2,2,0.0,0,SC,GBR,Online TA,TA/TO,0,0,0,A,A,0,No Deposit,7.0,0,Transient,74.48,0,1
City Hotel,0,8,2017,March,13,30,0,1,2,0.0,0,SC,FRA,Online TA,TA/TO,0,0,0,A,A,0,No Deposit,9.0,0,Transient,98.0,0,3
City Hotel,0,57,2017,March,13,27,1,3,2,0.0,0,BB,GBR,Online TA,TA/TO,0,0,0,D,D,0,No Deposit,79.0,0,Transient,80.24,0,0
City Hotel,0,0,2017,March,13,29,0,2,2,0.0,0,SC,PRT,Online TA,TA/TO,0,0,0,A,A,0,No Deposit,152.0,0,Transient,58.45,0,0
City Hotel,0,124,2017,March,13,27,1,4,2,0.0,0,BB,DEU,Offline TA/TO,TA/TO,0,0,0,D,D,0,No Deposit,22.0,0,Transient,96.25,0,0
City Hotel,0,43,2017,March,13,26,2,4,2,0.0,0,BB,DEU,Online TA,TA/TO,0,0,0,D,D,0,No Deposit,83.0,0,Transient,85.91,0,0
City Hotel,0,56,2017,March,13,26,2,4,2,0.0,0,BB,DEU,Online TA,TA/TO,0,0,0,D,D,0,No Deposit,7.0,0,Transient,73.37,0,0
City Hotel,0,84,2017,March,13,29,0,3,2,0.0,0,BB,MUS,Online TA,TA/TO,0,0,0,A,A,0,No Deposit,9.0,0,Transient,97.2,0,1
City Hotel,0,68,2017,March,13,28,0,4,2,0.0,0,BB,FRA,Direct,Direct,0,0,0,A,A,0,No Deposit,14.0,0,Transient,79.2,0,0
City Hotel,0,123,2017,March,13,27,1,4,2,0.0,0,SC,ITA,Online TA,TA/TO,0,0,0,A,A,0,No Deposit,9.0,0,Transient,74.8,0,2
City Hotel,0,88,2017,March,13,31,0,1,2,0.0,0,BB,USA,Direct,Direct,0,0,0,A,A,0,No Deposit,14.0,0,Transient,88.2,0,1
City Hotel,0,238,2017,March,13,28,0,4,2,0.0,0,BB,DEU,Online TA,TA/TO,0,0,0,D,D,0,No Deposit,9.0,0,Transient,97.75,0,1
City Hotel,0,1,2017,March,13,30,0,2,2,0.0,0,SC,AUS,Online TA,TA/TO,0,0,0,A,A,0,No Deposit,9.0,0,Transient,107.0,1,1
City Hotel,0,99,2017,March,13,28,0,4,2,0.0,0,BB,FRA,Online TA,TA/TO,0,0,0,A,A,0,No Deposit,7.0,0,Transient,70.69,0,1
City Hotel,0,186,2017,March,12,25,2,5,2,0.0,0,BB,DEU,Offline TA/TO,TA/TO,0,0,0,A,A,0,No Deposit,27.0,0,Transient,68.0,0,0
City Hotel,0,99,2017,March,13,28,0,4,2,0.0,0,BB,FRA,Online TA,TA/TO,0,0,0,A,A,0,No Deposit,7.0,0,Transient,70.69,0,1
City Hotel,0,118,2017,March,13,29,0,3,2,0.0,0,BB,ITA,Offline TA/TO,TA/TO,0,0,0,A,A,1,No Deposit,85.0,0,Transient,89.1,0,0
City Hotel,0,3,2017,March,13,31,0,1,2,0.0,0,SC,PRT,Online TA,TA/TO,0,0,0,A,A,0,No Deposit,9.0,0,Transient,107.0,0,0
City Hotel,0,220,2017,March,13,28,0,4,2,0.0,0,HB,FRA,Online TA,TA/TO,0,0,0,A,A,0,No Deposit,9.0,0,Transient,120.7,0,1
City Hotel,0,73,2017,March,13,26,2,4,2,0.0,0,BB,DEU,Online TA,TA/TO,0,0,0,A,A,0,No Deposit,9.0,0,Transient,91.8,0,1
City Hotel,0,66,2017,March,13,29,0,3,2,0.0,0,SC,DEU,Online TA,TA/TO,0,0,0,A,A,0,No Deposit,7.0,0,Transient,57.93,0,0
City Hotel,0,74,2017,March,13,28,0,4,2,0.0,0,BB,CHE,Online TA,TA/TO,0,0,0,D,D,0,No Deposit,9.0,0,Transient,102.0,0,0
City Hotel,0,57,2017,March,13,29,0,3,2,0.0,0,BB,DEU,Online TA,TA/TO,0,0,0,A,A,0,No Deposit,9.0,0,Transient,97.2,0,1
City Hotel,0,35,2017,March,13,29,0,3,2,0.0,0,BB,GBR,Online TA,TA/TO,0,0,0,A,A,2,No Deposit,9.0,0,Transient,111.33,0,0
City Hotel,0,97,2017,March,13,29,0,3,2,0.0,0,BB,BEL,Online TA,TA/TO,0,0,0,A,A,0,No Deposit,9.0,0,Transient,97.2,0,2
City Hotel,0,51,2017,March,13,28,0,4,2,0.0,0,SC,SWE,Online TA,TA/TO,0,0,0,A,A,0,No Deposit,9.0,0,Transient,83.3,0,0
City Hotel,0,152,2017,March,13,29,0,3,2,0.0,0,BB,DEU,Online TA,TA/TO,0,0,0,A,A,0,No Deposit,9.0,0,Transient,93.6,0,1
City Hotel,0,141,2017,March,13,30,0,2,2,0.0,0,HB,GBR,Online TA,TA/TO,0,0,0,D,D,0,No Deposit,7.0,0,Transient,105.34,0,2
City Hotel,0,141,2017,March,13,30,0,2,2,0.0,0,HB,GBR,Online TA,TA/TO,0,0,0,A,A,1,No Deposit,7.0,0,Transient,91.48,0,1
City Hotel,0,54,2017,March,13,28,0,4,2,0.0,0,BB,GBR,Online TA,TA/TO,0,0,0,D,D,0,No Deposit,9.0,0,Transient,100.3,0,1
City Hotel,0,60,2017,March,13,26,2,4,2,0.0,0,BB,FRA,Online TA,TA/TO,0,0,0,D,D,0,No Deposit,8.0,0,Transient,100.3,0,0
City Hotel,0,68,2017,March,13,26,2,4,2,0.0,0,BB,FRA,Offline TA/TO,TA/TO,0,0,0,A,D,0,No Deposit,28.0,0,Transient,75.0,0,0
City Hotel,0,63,2017,March,13,28,0,4,2,0.0,0,BB,BEL,Online TA,TA/TO,0,0,0,D,D,2,No Deposit,9.0,0,Transient,101.78,0,0
City Hotel,0,4,2017,March,13,29,0,3,2,0.0,0,SC,BGR,Online TA,TA/TO,0,0,0,A,A,0,No Deposit,7.0,0,Transient,78.4,0,0
City Hotel,0,66,2017,March,13,28,0,4,2,0.0,0,BB,DEU,Online TA,TA/TO,0,0,0,A,A,0,No Deposit,9.0,0,Transient,91.8,0,0
City Hotel,0,54,2017,March,13,28,0,4,2,0.0,0,SC,DEU,Online TA,TA/TO,0,0,0,A,A,0,No Deposit,7.0,0,Transient,54.71,0,0
City Hotel,0,70,2017,March,13,30,0,2,2,0.0,0,BB,FRA,Offline TA/TO,TA/TO,0,0,0,A,D,0,No Deposit,28.0,0,Transient,75.0,0,0
City Hotel,0,0,2017,March,13,31,0,1,2,0.0,0,BB,PRT,Direct,Direct,0,0,0,F,F,0,No Deposit,14.0,0,Transient,204.0,0,0
City Hotel,0,0,2017,March,13,29,0,3,2,0.0,0,SC,PRT,Online TA,TA/TO,0,0,0,A,A,0,No Deposit,9.0,0,Transient,98.0,0,1
City Hotel,0,78,2017,March,12,25,2,5,2,0.0,0,BB,FRA,Offline TA/TO,TA/TO,0,0,0,D,D,0,No Deposit,85.0,0,Transient,92.65,0,0
City Hotel,0,237,2017,March,13,27,1,5,2,0.0,0,BB,RUS,Online TA,TA/TO,0,0,0,A,A,0,No Deposit,9.0,0,Transient,89.13,0,0
City Hotel,0,76,2017,March,13,27,1,5,2,0.0,0,BB,FRA,Online TA,TA/TO,0,0,0,A,A,0,No Deposit,9.0,0,Transient,96.0,0,1
City Hotel,0,208,2017,March,13,30,0,3,2,0.0,0,SC,FRA,Online TA,TA/TO,0,0,0,A,A,0,No Deposit,9.0,0,Transient,85.8,0,2
City Hotel,0,196,2017,March,13,29,0,4,2,0.0,0,BB,FRA,Offline TA/TO,TA/TO,0,0,0,A,D,0,No Deposit,28.0,0,Transient,75.0,0,0
City Hotel,0,111,2017,March,13,27,1,5,2,0.0,0,BB,DEU,Online TA,TA/TO,0,0,0,A,A,2,No Deposit,9.0,0,Transient,96.9,0,2
City Hotel,0,74,2017,March,13,30,0,3,2,0.0,0,BB,DEU,Online TA,TA/TO,0,0,0,A,A,0,No Deposit,9.0,0,Transient,103.8,0,0
City Hotel,0,94,2017,March,13,31,0,2,2,0.0,0,SC,ITA,Online TA,TA/TO,0,0,0,A,A,0,No Deposit,9.0,0,Transient,89.1,0,2
City Hotel,0,123,2017,March,13,28,0,5,2,0.0,0,SC,GBR,Online TA,TA/TO,0,0,0,A,A,0,No Deposit,9.0,0,Transient,79.64,0,0
City Hotel,0,254,2017,March,13,30,0,3,2,0.0,0,BB,FRA,Online TA,TA/TO,0,0,0,A,A,0,No Deposit,7.0,0,Transient,70.66,0,1
City Hotel,0,166,2017,March,13,30,0,3,2,0.0,0,SC,GBR,Online TA,TA/TO,0,0,0,A,A,0,No Deposit,8.0,0,Transient,85.8,0,1
City Hotel,0,58,2017,March,13,30,0,3,2,0.0,0,BB,ITA,Online TA,TA/TO,0,0,0,A,A,0,No Deposit,9.0,0,Transient,103.8,0,0
City Hotel,0,121,2017,March,13,31,0,2,2,0.0,0,SC,FRA,Online TA,TA/TO,0,0,0,A,A,0,No Deposit,9.0,0,Transient,89.1,0,0
City Hotel,0,123,2017,March,13,31,0,2,2,0.0,0,SC,FRA,Online TA,TA/TO,0,0,0,A,A,0,No Deposit,9.0,0,Transient,89.1,0,0
City Hotel,0,64,2017,March,13,26,2,5,2,0.0,0,BB,IRL,Online TA,TA/TO,0,0,0,D,D,0,No Deposit,9.0,0,Transient,103.97,0,0
City Hotel,0,70,2017,March,13,29,0,4,2,0.0,0,BB,GBR,Online TA,TA/TO,0,0,0,A,A,0,No Deposit,7.0,0,Transient,74.29,0,1
City Hotel,0,83,2017,March,13,30,0,3,2,0.0,0,BB,AUT,Online TA,TA/TO,0,0,0,A,A,0,No Deposit,9.0,0,Transient,103.8,0,1
City Hotel,0,70,2017,March,13,30,0,3,2,0.0,0,BB,ITA,Online TA,TA/TO,0,0,0,A,A,0,No Deposit,7.0,0,Transient,75.93,0,1
City Hotel,0,83,2017,March,13,30,0,3,2,0.0,0,BB,AUT,Online TA,TA/TO,0,0,0,A,A,0,No Deposit,9.0,0,Transient,103.8,0,1
City Hotel,0,70,2017,March,13,30,0,3,2,0.0,0,BB,AUT,Online TA,TA/TO,0,0,0,A,A,0,No Deposit,9.0,0,Transient,103.8,0,1
City Hotel,0,0,2017,March,13,31,0,2,2,0.0,0,SC,PRT,Online TA,TA/TO,0,0,0,A,A,0,No Deposit,9.0,0,Transient,107.0,0,2
City Hotel,0,255,2017,March,13,30,0,3,2,0.0,0,BB,FRA,Online TA,TA/TO,0,0,0,A,A,0,No Deposit,7.0,0,Transient,70.66,0,2
City Hotel,0,4,2017,March,13,31,0,2,2,0.0,0,BB,FRA,Online TA,TA/TO,0,0,0,A,A,0,No Deposit,,0,Transient,107.1,0,1
City Hotel,0,71,2017,March,13,29,0,4,2,0.0,0,BB,NLD,Offline TA/TO,TA/TO,0,0,0,A,A,0,No Deposit,132.0,0,Transient,99.0,0,0
City Hotel,0,282,2017,March,13,31,0,2,2,0.0,0,BB,FRA,Online TA,TA/TO,0,0,0,A,A,2,No Deposit,9.0,0,Transient,113.9,0,1
City Hotel,0,48,2017,March,13,26,2,5,2,0.0,0,HB,FRA,Online TA,TA/TO,0,0,0,D,D,0,No Deposit,9.0,0,Transient,142.61,0,1
City Hotel,0,75,2017,March,13,29,0,4,2,0.0,0,BB,NLD,Online TA,TA/TO,0,0,0,A,A,0,No Deposit,9.0,0,Transient,98.1,0,2
City Hotel,0,60,2017,March,13,30,0,3,2,0.0,0,SC,DEU,Online TA,TA/TO,0,0,0,A,A,0,No Deposit,9.0,0,Transient,85.8,0,0
City Hotel,0,3,2017,April,13,1,0,1,2,0.0,0,BB,PRT,Complementary,Direct,0,0,0,F,G,0,No Deposit,,0,Transient,0.0,0,1
City Hotel,0,255,2017,March,13,30,0,3,2,0.0,0,BB,FRA,Online TA,TA/TO,0,0,0,A,A,0,No Deposit,7.0,0,Transient,70.66,0,2
City Hotel,0,63,2017,March,13,29,0,4,2,0.0,0,BB,FRA,Offline TA/TO,TA/TO,0,0,0,A,D,0,No Deposit,28.0,0,Transient,75.0,0,0
City Hotel,0,55,2017,March,13,30,0,3,2,0.0,0,BB,FRA,Online TA,TA/TO,0,0,0,A,A,0,No Deposit,9.0,0,Transient,103.8,0,2
City Hotel,0,165,2017,April,13,1,0,1,2,0.0,0,BB,PRT,Online TA,TA/TO,0,0,0,A,A,0,No Deposit,9.0,0,Transient,117.0,0,1
City Hotel,0,255,2017,March,13,30,0,3,2,0.0,0,BB,FRA,Online TA,TA/TO,0,0,0,A,A,0,No Deposit,7.0,0,Transient,70.66,0,2
City Hotel,0,59,2017,March,13,30,0,3,2,0.0,0,BB,ITA,Offline TA/TO,TA/TO,0,0,0,A,A,0,No Deposit,6.0,0,Transient,89.1,0,0
City Hotel,0,82,2017,March,13,30,0,3,2,0.0,0,BB,FRA,Online TA,TA/TO,0,0,0,A,A,0,No Deposit,9.0,0,Transient,103.8,0,2
City Hotel,0,122,2017,March,13,29,0,4,2,0.0,0,BB,DEU,Online TA,TA/TO,0,0,0,A,A,0,No Deposit,9.0,0,Transient,98.1,0,1
City Hotel,0,70,2017,March,13,31,0,2,2,0.0,0,BB,FRA,Offline TA/TO,TA/TO,0,0,0,A,D,0,No Deposit,28.0,0,Transient,75.0,0,0
City Hotel,0,56,2017,March,13,31,0,2,2,0.0,0,SC,GBR,Online TA,TA/TO,0,0,0,A,A,1,No Deposit,9.0,0,Transient,93.6,0,1
City Hotel,0,97,2017,March,13,30,0,3,2,0.0,0,BB,FRA,Direct,Direct,0,0,0,A,A,0,No Deposit,14.0,0,Transient,85.8,0,0
City Hotel,0,190,2017,March,13,29,0,4,2,0.0,0,BB,FRA,Offline TA/TO,TA/TO,0,0,0,A,D,0,No Deposit,28.0,0,Transient,75.0,0,0
City Hotel,0,56,2017,March,13,31,0,2,2,0.0,0,SC,GBR,Online TA,TA/TO,0,0,0,A,A,0,No Deposit,9.0,0,Transient,93.6,0,2
City Hotel,0,45,2017,March,13,27,1,5,2,0.0,0,BB,FRA,Online TA,TA/TO,0,0,0,E,E,0,No Deposit,9.0,0,Transient,145.5,0,2
City Hotel,0,56,2017,March,13,31,0,2,2,0.0,0,SC,SGP,Online TA,TA/TO,0,0,0,A,A,0,No Deposit,9.0,0,Transient,93.6,0,2
City Hotel,0,75,2017,March,13,29,0,4,2,0.0,0,BB,DEU,Online TA,TA/TO,0,0,0,A,A,0,No Deposit,9.0,0,Transient,98.1,0,0
City Hotel,0,245,2017,March,13,26,2,5,2,0.0,0,SC,FRA,Online TA,TA/TO,0,0,0,A,A,0,No Deposit,9.0,0,Transient,78.26,0,2
City Hotel,0,113,2017,March,13,31,0,2,2,0.0,0,SC,DEU,Online TA,TA/TO,0,0,0,A,A,0,No Deposit,9.0,0,Transient,89.1,0,1
City Hotel,0,26,2017,March,13,31,0,2,2,0.0,0,BB,BEL,Online TA,TA/TO,0,0,0,E,E,0,No Deposit,9.0,0,Transient,169.0,0,1
City Hotel,0,113,2017,March,13,31,0,2,2,0.0,0,SC,DEU,Online TA,TA/TO,0,0,0,A,A,0,No Deposit,9.0,0,Transient,89.1,0,1
City Hotel,0,50,2017,March,13,30,0,3,2,0.0,0,BB,FRA,Online TA,TA/TO,0,0,0,D,D,0,No Deposit,7.0,0,Transient,93.78,0,1
City Hotel,0,53,2017,March,13,30,0,3,2,0.0,0,BB,FRA,Online TA,TA/TO,0,0,0,D,D,0,No Deposit,7.0,0,Transient,91.47,0,1
City Hotel,0,1,2017,March,13,29,0,4,2,0.0,0,BB,FRA,Corporate,Corporate,0,0,0,G,G,1,No Deposit,,0,Transient,200.0,0,0
City Hotel,0,53,2017,March,13,30,0,3,2,0.0,0,BB,FRA,Online TA,TA/TO,0,0,0,D,D,0,No Deposit,7.0,0,Transient,91.47,0,1
City Hotel,0,277,2017,March,13,26,2,5,2,0.0,0,BB,FRA,Online TA,TA/TO,0,0,0,D,D,0,No Deposit,9.0,0,Transient,101.4,0,2
City Hotel,0,10,2017,March,13,31,0,2,2,0.0,0,BB,PRT,Online TA,TA/TO,0,0,0,E,E,0,No Deposit,9.0,0,Transient,166.0,0,2
City Hotel,0,277,2017,March,13,26,2,5,2,0.0,0,BB,FRA,Online TA,TA/TO,0,0,0,A,A,0,No Deposit,9.0,0,Transient,88.54,0,1
City Hotel,0,267,2017,March,13,29,0,4,2,0.0,0,BB,NLD,Online TA,TA/TO,0,0,0,A,A,0,No Deposit,8.0,0,Transient,94.95,0,1
City Hotel,0,44,2017,March,13,30,0,3,2,0.0,0,BB,ESP,Online TA,TA/TO,0,0,0,E,E,0,No Deposit,9.0,0,Transient,154.07,0,3
City Hotel,0,52,2017,March,13,30,0,3,2,0.0,0,BB,GBR,Online TA,TA/TO,0,0,0,D,D,0,No Deposit,7.0,0,Transient,91.47,0,1
City Hotel,0,53,2017,March,13,30,0,3,2,0.0,0,BB,FRA,Online TA,TA/TO,0,0,0,D,D,0,No Deposit,7.0,0,Transient,91.47,0,1
City Hotel,0,86,2017,March,13,29,0,4,2,0.0,0,BB,DEU,Online TA,TA/TO,0,0,0,A,A,0,No Deposit,9.0,0,Transient,98.1,0,2
City Hotel,0,86,2017,March,13,29,0,4,2,0.0,0,BB,DEU,Online TA,TA/TO,0,0,0,A,A,0,No Deposit,9.0,0,Transient,98.1,0,2
City Hotel,0,48,2017,March,13,30,0,3,2,0.0,0,BB,FRA,Online TA,TA/TO,0,0,0,D,D,0,No Deposit,7.0,0,Transient,93.78,0,0
City Hotel,0,75,2017,March,13,29,0,4,2,0.0,0,BB,NLD,Online TA,TA/TO,0,0,0,A,A,0,No Deposit,9.0,0,Transient,98.1,0,2
City Hotel,0,116,2017,April,14,2,1,0,2,0.0,0,SC,FRA,Online TA,TA/TO,0,0,0,A,A,0,No Deposit,9.0,0,Transient,99.0,0,1
City Hotel,0,72,2017,March,13,27,2,5,2,0.0,0,BB,ITA,Direct,Direct,0,0,0,D,D,0,No Deposit,14.0,0,Transient,109.16,0,0
City Hotel,0,72,2017,March,13,27,2,5,2,0.0,0,BB,ITA,Direct,Direct,0,0,0,D,D,0,No Deposit,14.0,0,Transient,109.16,0,0
City Hotel,0,64,2017,March,13,30,1,3,2,0.0,0,BB,FRA,Offline TA/TO,TA/TO,0,0,0,A,D,0,No Deposit,28.0,0,Transient,75.0,0,0
City Hotel,0,86,2017,March,13,30,1,3,2,0.0,0,BB,AUT,Online TA,TA/TO,0,0,0,A,A,0,No Deposit,9.0,0,Transient,104.4,0,0
City Hotel,0,86,2017,March,13,31,1,2,2,0.0,0,SC,DEU,Online TA,TA/TO,0,0,0,A,A,0,No Deposit,9.0,0,Transient,101.4,1,0
City Hotel,0,86,2017,March,13,30,1,3,2,0.0,0,BB,DEU,Online TA,TA/TO,0,0,0,A,A,0,No Deposit,9.0,0,Transient,104.4,0,0
City Hotel,0,60,2017,March,13,30,1,3,2,0.0,0,BB,IRL,Online TA,TA/TO,0,0,0,A,A,0,No Deposit,9.0,0,Transient,104.4,0,0
City Hotel,0,103,2017,March,13,30,1,3,2,0.0,0,BB,DEU,Online TA,TA/TO,0,0,0,A,A,0,No Deposit,9.0,0,Transient,104.4,0,1
City Hotel,0,59,2017,March,13,30,1,3,2,0.0,0,BB,ITA,Offline TA/TO,TA/TO,0,0,0,A,A,0,No Deposit,6.0,0,Transient,89.1,0,0
City Hotel,0,75,2017,March,13,31,1,2,2,0.0,0,SC,IRL,Online TA,TA/TO,0,0,0,A,A,0,No Deposit,9.0,0,Transient,92.4,0,1
City Hotel,0,147,2017,March,13,28,1,5,2,0.0,0,BB,DEU,Online TA,TA/TO,0,0,0,A,A,0,No Deposit,9.0,0,Transient,101.4,0,2
City Hotel,0,58,2017,April,13,1,1,1,2,0.0,0,SC,PRT,Online TA,TA/TO,0,0,0,A,A,0,No Deposit,7.0,0,Transient,72.42,0,1
City Hotel,0,130,2017,March,13,31,1,2,2,0.0,0,BB,DEU,Offline TA/TO,TA/TO,0,0,0,A,A,0,No Deposit,16.0,0,Transient,89.1,0,0
City Hotel,0,194,2017,April,13,1,1,1,2,0.0,0,BB,FRA,Offline TA/TO,TA/TO,0,0,0,A,D,0,No Deposit,28.0,0,Transient,75.0,0,0
City Hotel,0,130,2017,March,13,31,1,2,2,0.0,0,BB,DEU,Offline TA/TO,TA/TO,0,0,0,A,A,0,No Deposit,16.0,0,Transient,89.1,0,0
City Hotel,0,69,2017,April,13,1,1,1,2,0.0,0,SC,IRL,Online TA,TA/TO,0,0,0,A,A,0,No Deposit,9.0,0,Transient,99.0,0,2
City Hotel,0,75,2017,March,13,31,1,2,2,0.0,0,BB,ESP,Direct,Direct,0,0,0,A,A,0,No Deposit,14.0,0,Transient,89.83,0,0
City Hotel,0,62,2017,March,13,31,1,2,2,0.0,0,BB,ITA,Online TA,TA/TO,0,0,0,A,A,0,No Deposit,9.0,0,Transient,110.4,0,0
City Hotel,0,62,2017,March,13,31,1,2,2,0.0,0,BB,ITA,Online TA,TA/TO,0,0,0,A,A,0,No Deposit,9.0,0,Transient,110.4,0,0
City Hotel,0,81,2017,March,13,31,1,2,2,0.0,0,SC,GBR,Online TA,TA/TO,0,0,0,A,A,0,No Deposit,9.0,0,Transient,92.4,0,0
City Hotel,0,57,2017,April,13,1,1,1,2,0.0,0,SC,GBR,Online TA,TA/TO,0,0,0,A,A,0,No Deposit,9.0,0,Transient,99.0,0,2
City Hotel,0,61,2017,March,13,31,1,2,2,0.0,0,BB,CN,Direct,Direct,0,0,0,A,A,0,No Deposit,14.0,0,Transient,92.4,0,0
City Hotel,0,81,2017,March,13,31,1,2,2,0.0,0,BB,CHE,Online TA,TA/TO,0,0,0,D,D,2,No Deposit,9.0,0,Transient,142.2,0,0
City Hotel,0,75,2017,April,13,1,1,1,2,0.0,0,SC,BEL,Online TA,TA/TO,0,0,0,A,A,0,No Deposit,8.0,0,Transient,99.0,0,1
City Hotel,0,63,2017,March,13,31,1,2,2,0.0,0,SC,DEU,Online TA,TA/TO,0,0,0,A,A,0,No Deposit,42.0,0,Transient,73.92,0,0
City Hotel,0,56,2017,March,13,29,1,4,2,0.0,0,BB,PRT,Online TA,TA/TO,0,0,0,A,A,0,No Deposit,8.0,0,Transient,99.28,0,1
City Hotel,0,77,2017,March,13,31,1,2,2,0.0,0,SC,PRT,Online TA,TA/TO,0,0,0,A,A,0,No Deposit,7.0,0,Transient,67.59,0,1
City Hotel,0,110,2017,March,13,30,1,3,2,0.0,0,BB,IRL,Online TA,TA/TO,0,0,0,A,A,2,No Deposit,7.0,0,Transient,96.12,0,1
City Hotel,0,99,2017,March,13,31,1,2,2,0.0,0,BB,POL,Online TA,TA/TO,0,0,0,A,A,0,No Deposit,9.0,0,Transient,110.4,0,2
City Hotel,0,99,2017,March,13,31,1,2,2,0.0,0,BB,POL,Online TA,TA/TO,0,0,0,A,A,0,No Deposit,9.0,0,Transient,110.4,0,1
City Hotel,0,51,2017,March,13,31,1,2,2,0.0,0,BB,IRL,Online TA,TA/TO,0,0,0,D,D,0,No Deposit,9.0,0,Transient,128.4,0,1
City Hotel,0,75,2017,March,13,31,1,2,2,0.0,0,SC,IRL,Online TA,TA/TO,0,0,0,A,A,0,No Deposit,9.0,0,Transient,92.4,0,1
City Hotel,0,99,2017,March,13,31,1,2,2,0.0,0,BB,POL,Online TA,TA/TO,0,0,0,A,A,0,No Deposit,9.0,0,Transient,110.4,0,2
City Hotel,0,99,2017,March,13,31,1,2,2,0.0,0,BB,POL,Online TA,TA/TO,0,0,0,A,A,0,No Deposit,9.0,0,Transient,110.4,0,2
City Hotel,0,51,2017,March,13,31,1,2,2,0.0,0,BB,PRT,Online TA,TA/TO,0,0,0,D,D,0,No Deposit,9.0,0,Transient,128.4,0,1
City Hotel,0,95,2017,March,13,31,1,2,2,0.0,0,BB,POL,Online TA,TA/TO,0,0,0,A,A,0,No Deposit,9.0,0,Transient,110.4,0,1
City Hotel,0,9,2017,April,14,2,1,0,2,0.0,0,SC,USA,Online TA,TA/TO,0,0,0,A,A,0,No Deposit,7.0,0,Transient,100.2,0,0
City Hotel,0,37,2017,April,13,1,1,1,2,0.0,0,SC,BRA,Online TA,TA/TO,0,0,0,A,A,0,No Deposit,9.0,0,Transient,120.0,0,1
City Hotel,0,30,2017,April,13,1,1,1,2,0.0,0,BB,BRA,Online TA,TA/TO,0,0,0,D,D,0,No Deposit,9.0,0,Transient,150.0,0,0
City Hotel,0,66,2017,April,13,1,1,1,2,0.0,0,BB,CHE,Offline TA/TO,TA/TO,0,0,0,A,D,0,No Deposit,28.0,0,Transient,75.0,0,0
City Hotel,0,2,2017,April,14,2,1,0,2,0.0,0,SC,CRI,Online TA,TA/TO,0,0,0,A,A,0,No Deposit,85.0,0,Transient,92.0,0,0
City Hotel,0,55,2017,April,13,1,1,1,2,0.0,0,BB,FRA,Online TA,TA/TO,0,0,0,D,D,0,No Deposit,9.0,0,Transient,126.0,0,1
City Hotel,0,73,2017,March,13,30,1,3,2,0.0,0,BB,IRL,Online TA,TA/TO,0,0,0,A,A,0,No Deposit,9.0,0,Transient,104.4,0,1
City Hotel,0,2,2017,April,13,1,1,1,2,0.0,0,SC,PRT,Online TA,TA/TO,0,0,0,A,A,0,No Deposit,9.0,0,Transient,115.0,0,1
City Hotel,0,194,2017,April,13,1,1,1,2,0.0,0,BB,FRA,Offline TA/TO,TA/TO,0,0,0,A,D,0,No Deposit,28.0,0,Transient,75.0,0,0
City Hotel,0,68,2017,March,13,29,1,4,2,0.0,0,BB,DEU,Offline TA/TO,TA/TO,0,0,0,A,A,0,No Deposit,27.0,0,Transient,78.84,0,0
City Hotel,0,55,2017,March,13,30,1,3,2,0.0,0,SC,SWE,Online TA,TA/TO,0,0,0,A,A,0,No Deposit,9.0,0,Transient,86.9,0,0
City Hotel,0,286,2017,March,13,30,1,3,2,0.0,0,SC,FRA,Online TA,TA/TO,0,0,0,A,A,0,No Deposit,9.0,0,Transient,86.9,0,1
City Hotel,0,33,2017,March,13,29,1,4,2,0.0,0,SC,BRA,Online TA,TA/TO,0,0,0,A,A,0,No Deposit,9.0,0,Transient,97.98,0,2
City Hotel,0,0,2017,March,13,30,1,3,2,0.0,0,SC,IRL,Online TA,TA/TO,0,0,0,A,A,0,No Deposit,9.0,0,Transient,91.15,0,1
City Hotel,0,81,2017,March,13,30,1,3,2,0.0,0,BB,GBR,Online TA,TA/TO,0,0,0,A,A,0,No Deposit,7.0,0,Transient,77.89,0,1
City Hotel,0,99,2017,March,13,31,1,2,2,0.0,0,BB,POL,Online TA,TA/TO,0,0,0,A,A,0,No Deposit,9.0,0,Transient,110.4,0,2
City Hotel,0,6,2017,April,14,2,1,0,2,0.0,0,BB,NLD,Direct,Direct,0,0,0,A,A,1,No Deposit,,0,Transient,95.0,0,1
City Hotel,0,58,2017,March,13,28,2,5,2,0.0,0,BB,DEU,Online TA,TA/TO,0,0,0,A,A,0,No Deposit,9.0,0,Transient,102.6,0,1
City Hotel,0,59,2017,April,14,2,2,0,2,0.0,0,BB,LUX,Direct,Direct,0,0,0,A,A,0,No Deposit,14.0,0,Transient,109.0,0,2
City Hotel,0,162,2017,April,13,1,2,1,2,0.0,0,BB,CN,Groups,TA/TO,0,0,0,A,A,0,No Deposit,296.0,0,Transient-Party,88.2,0,0
City Hotel,0,162,2017,April,13,1,2,1,2,0.0,0,BB,FRA,Groups,TA/TO,0,0,0,A,A,0,No Deposit,296.0,105,Transient-Party,88.2,0,0
City Hotel,0,162,2017,April,13,1,2,1,2,0.0,0,BB,CN,Groups,TA/TO,0,0,0,A,A,0,No Deposit,296.0,0,Transient-Party,88.2,0,0
City Hotel,0,77,2017,March,13,31,2,2,2,0.0,0,BB,DEU,Direct,Direct,0,0,0,A,A,0,No Deposit,14.0,0,Transient,94.05,0,0
City Hotel,0,92,2017,March,13,29,2,4,2,0.0,0,BB,NLD,Online TA,TA/TO,0,0,0,D,D,0,No Deposit,7.0,0,Transient,88.86,0,1
City Hotel,0,159,2017,March,13,31,2,2,2,0.0,0,SC,USA,Online TA,TA/TO,0,0,0,A,A,0,No Deposit,7.0,0,Transient,71.57,0,1
City Hotel,0,74,2017,March,13,30,2,3,2,0.0,0,SC,ESP,Online TA,TA/TO,0,0,0,A,A,0,No Deposit,9.0,0,Transient,89.32,0,2
City Hotel,0,67,2017,March,13,31,2,2,2,0.0,0,HB,ITA,Online TA,TA/TO,0,0,0,A,A,0,No Deposit,9.0,0,Transient,146.2,0,2
City Hotel,0,67,2017,March,13,31,2,2,2,0.0,0,HB,ITA,Online TA,TA/TO,0,0,0,A,A,0,No Deposit,9.0,0,Transient,146.2,0,2
City Hotel,0,127,2017,April,14,2,2,0,2,0.0,0,SC,BEL,Online TA,TA/TO,0,0,0,A,A,0,No Deposit,9.0,0,Transient,99.0,0,0
City Hotel,0,57,2017,April,13,1,2,1,2,0.0,0,BB,BEL,Online TA,TA/TO,0,0,0,A,A,0,No Deposit,9.0,0,Transient,117.0,0,1
City Hotel,0,48,2017,April,13,1,2,1,2,0.0,0,BB,FRA,Online TA,TA/TO,0,0,0,E,E,0,No Deposit,9.0,0,Transient,162.0,0,3
City Hotel,0,102,2017,April,13,1,2,1,2,0.0,0,BB,FRA,Online TA,TA/TO,0,0,0,A,A,0,No Deposit,9.0,0,Transient,117.0,0,3
City Hotel,0,24,2017,March,13,31,2,2,2,0.0,0,BB,DEU,Online TA,TA/TO,0,0,0,D,D,0,No Deposit,9.0,0,Transient,139.7,0,1
City Hotel,0,83,2017,April,13,1,2,1,2,0.0,0,BB,FRA,Direct,Direct,0,0,0,B,B,1,No Deposit,14.0,0,Transient-Party,98.55,0,0
City Hotel,0,67,2017,March,13,31,2,2,2,0.0,0,HB,ITA,Online TA,TA/TO,0,0,0,A,A,0,No Deposit,9.0,0,Transient,146.2,0,2
City Hotel,0,67,2017,March,13,31,2,2,2,0.0,0,HB,ITA,Online TA,TA/TO,0,0,0,A,A,0,No Deposit,9.0,0,Transient,146.2,0,2
City Hotel,0,51,2017,March,13,31,2,2,2,0.0,0,BB,BEL,Offline TA/TO,TA/TO,0,0,0,A,A,0,No Deposit,85.0,0,Transient,89.1,0,1
City Hotel,0,115,2017,April,13,1,2,1,2,0.0,0,BB,FRA,Online TA,TA/TO,0,0,0,A,A,0,No Deposit,9.0,0,Transient,117.0,0,1
City Hotel,0,63,2017,March,13,30,2,3,2,0.0,0,BB,PRT,Complementary,Direct,0,0,0,G,G,0,No Deposit,,0,Transient,0.0,0,1
City Hotel,0,110,2017,April,13,1,2,1,2,0.0,0,BB,FRA,Direct,Direct,0,0,0,A,A,0,No Deposit,14.0,0,Transient,140.0,0,3
City Hotel,0,0,2017,April,14,3,1,0,2,0.0,0,BB,PRT,Direct,Direct,0,0,0,A,A,1,No Deposit,,0,Transient,124.0,0,0
City Hotel,0,212,2017,April,13,1,2,1,2,0.0,0,BB,FRA,Groups,TA/TO,0,0,0,A,A,1,No Deposit,296.0,50,Transient-Party,88.2,0,0
City Hotel,0,48,2017,April,13,1,2,1,2,0.0,0,BB,FRA,Online TA,TA/TO,0,0,0,E,E,0,No Deposit,9.0,0,Transient,162.0,0,3
City Hotel,0,117,2017,April,13,1,2,1,2,0.0,0,SC,SUR,Online TA,TA/TO,0,0,0,A,A,0,No Deposit,9.0,0,Transient,99.0,0,4
City Hotel,0,100,2017,March,13,31,2,2,2,0.0,0,BB,PRT,Offline TA/TO,TA/TO,0,0,0,A,A,0,No Deposit,27.0,0,Transient,84.83,0,0
City Hotel,0,90,2017,April,14,4,0,1,2,0.0,0,SC,FRA,Online TA,TA/TO,0,0,0,A,A,1,No Deposit,8.0,0,Transient,0.0,0,1
City Hotel,0,1,2017,April,14,2,2,1,2,0.0,0,SC,DEU,Online TA,TA/TO,0,0,0,A,A,0,No Deposit,9.0,0,Transient,150.0,0,0
City Hotel,0,120,2017,April,13,1,2,2,2,0.0,0,BB,FRA,Online TA,TA/TO,0,0,0,A,A,0,No Deposit,159.0,0,Transient,117.0,0,0
City Hotel,0,71,2017,April,14,2,2,1,2,0.0,0,BB,FRA,Offline TA/TO,TA/TO,0,0,0,A,D,0,No Deposit,28.0,0,Transient,75.0,0,0
City Hotel,0,135,2017,March,13,31,2,3,2,0.0,0,BB,BRA,Online TA,TA/TO,0,0,0,A,A,0,No Deposit,7.0,0,Transient,90.09,0,1
City Hotel,0,111,2017,April,14,3,1,1,2,0.0,0,BB,ISR,Groups,TA/TO,0,0,0,A,A,0,No Deposit,37.0,0,Transient-Party,95.0,0,1
City Hotel,0,111,2017,April,14,3,1,1,2,0.0,0,BB,ISR,Groups,TA/TO,0,0,0,A,A,0,No Deposit,37.0,0,Transient-Party,95.0,0,1
City Hotel,0,135,2017,March,13,31,2,3,2,0.0,0,BB,BRA,Online TA,TA/TO,0,0,0,A,A,0,No Deposit,7.0,0,Transient,86.49,0,1
City Hotel,0,135,2017,March,13,31,2,3,2,0.0,0,BB,BRA,Online TA,TA/TO,0,0,0,A,A,0,No Deposit,7.0,0,Transient,86.49,0,1
City Hotel,0,111,2017,April,14,3,1,1,2,0.0,0,BB,ISR,Groups,TA/TO,0,0,0,A,A,0,No Deposit,37.0,0,Transient-Party,95.0,0,1
City Hotel,0,111,2017,April,14,3,1,1,2,0.0,0,BB,ISR,Groups,TA/TO,0,0,0,A,A,0,No Deposit,37.0,0,Transient-Party,95.0,0,1
City Hotel,0,111,2017,April,14,3,1,1,2,0.0,0,BB,ISR,Groups,TA/TO,0,0,0,A,A,0,No Deposit,37.0,0,Transient-Party,95.0,0,1
City Hotel,0,111,2017,April,14,3,1,1,2,0.0,0,BB,ISR,Groups,TA/TO,0,0,0,A,A,0,No Deposit,37.0,0,Transient-Party,95.0,0,0
City Hotel,0,111,2017,April,14,3,1,1,2,0.0,0,BB,ISR,Groups,TA/TO,0,0,0,A,A,0,No Deposit,37.0,0,Transient-Party,95.0,0,1
City Hotel,0,111,2017,April,14,3,1,1,2,0.0,0,BB,ISR,Groups,TA/TO,0,0,0,A,A,0,No Deposit,37.0,0,Transient-Party,95.0,0,1
City Hotel,0,66,2017,March,13,31,2,3,2,0.0,0,BB,FIN,Online TA,TA/TO,0,0,0,D,D,0,No Deposit,8.0,0,Transient,122.04,0,0
City Hotel,0,111,2017,April,14,3,1,1,2,0.0,0,BB,ISR,Groups,TA/TO,0,0,0,A,A,0,No Deposit,37.0,0,Transient-Party,95.0,0,1
City Hotel,0,111,2017,April,14,3,1,1,2,0.0,0,BB,ISR,Groups,TA/TO,0,0,0,A,A,0,No Deposit,37.0,0,Transient-Party,95.0,0,1
City Hotel,0,111,2017,April,14,3,1,1,2,0.0,0,BB,ISR,Groups,TA/TO,0,0,0,A,A,0,No Deposit,37.0,0,Transient-Party,95.0,0,1
City Hotel,0,111,2017,April,14,3,1,1,2,0.0,0,BB,ISR,Groups,TA/TO,0,0,0,A,A,0,No Deposit,37.0,0,Transient-Party,95.0,0,1
City Hotel,0,111,2017,April,14,3,1,1,2,0.0,0,BB,ISR,Groups,TA/TO,0,0,0,A,A,0,No Deposit,37.0,0,Transient-Party,95.0,0,1
City Hotel,0,111,2017,April,14,3,1,1,2,0.0,0,BB,ISR,Groups,TA/TO,0,0,0,A,A,0,No Deposit,37.0,0,Transient-Party,95.0,0,1
City Hotel,0,111,2017,April,14,3,1,1,2,0.0,0,BB,ISR,Groups,TA/TO,0,0,0,A,A,0,No Deposit,37.0,0,Transient-Party,95.0,0,1
City Hotel,0,111,2017,April,14,3,1,1,2,0.0,0,BB,ISR,Groups,TA/TO,0,0,0,A,A,0,No Deposit,37.0,0,Transient-Party,95.0,0,1
City Hotel,0,111,2017,April,14,3,1,1,2,0.0,0,BB,ISR,Groups,TA/TO,0,0,0,A,A,0,No Deposit,37.0,0,Transient-Party,95.0,0,1
City Hotel,0,111,2017,April,14,3,1,1,2,0.0,0,BB,ISR,Groups,TA/TO,0,0,0,A,A,2,No Deposit,37.0,0,Transient-Party,95.0,0,0
City Hotel,0,111,2017,April,14,3,1,1,2,0.0,0,BB,ISR,Groups,TA/TO,0,0,0,A,A,0,No Deposit,37.0,0,Transient-Party,95.0,0,1
City Hotel,0,111,2017,April,14,3,1,1,2,0.0,0,BB,ISR,Groups,TA/TO,0,0,0,A,A,0,No Deposit,37.0,0,Transient-Party,95.0,0,1
City Hotel,0,111,2017,April,14,3,1,1,2,0.0,0,BB,ISR,Groups,TA/TO,0,0,0,A,A,0,No Deposit,37.0,0,Transient-Party,95.0,0,1
City Hotel,0,111,2017,April,14,3,1,1,2,0.0,0,BB,ISR,Groups,TA/TO,0,0,0,A,A,0,No Deposit,37.0,0,Transient-Party,95.0,0,1
City Hotel,0,111,2017,April,14,3,1,1,2,0.0,0,BB,ISR,Groups,TA/TO,0,0,0,A,A,0,No Deposit,37.0,0,Transient-Party,95.0,0,1
City Hotel,0,111,2017,April,14,3,1,1,2,0.0,0,BB,ISR,Groups,TA/TO,0,0,0,A,A,0,No Deposit,37.0,0,Transient-Party,95.0,0,1
City Hotel,0,111,2017,April,14,3,1,1,2,0.0,0,BB,ISR,Groups,TA/TO,0,0,0,A,A,0,No Deposit,37.0,0,Transient-Party,95.0,0,1
City Hotel,0,111,2017,April,14,3,1,1,2,0.0,0,BB,ISR,Groups,TA/TO,0,0,0,A,A,0,No Deposit,37.0,0,Transient-Party,95.0,0,0
City Hotel,0,111,2017,April,14,3,1,1,2,0.0,0,BB,ISR,Groups,TA/TO,0,0,0,A,A,0,No Deposit,37.0,0,Transient-Party,95.0,0,1
City Hotel,0,111,2017,April,14,3,1,1,2,0.0,0,BB,ISR,Groups,TA/TO,0,0,0,A,A,0,No Deposit,37.0,0,Transient-Party,95.0,0,1
City Hotel,0,111,2017,April,14,3,1,1,2,0.0,0,BB,ISR,Groups,TA/TO,0,0,0,A,A,0,No Deposit,37.0,0,Transient-Party,95.0,0,1
City Hotel,0,111,2017,April,14,3,1,1,2,0.0,0,BB,ISR,Groups,TA/TO,0,0,0,A,A,0,No Deposit,37.0,0,Transient-Party,95.0,0,1
City Hotel,0,111,2017,April,14,3,1,1,2,0.0,0,BB,ISR,Groups,TA/TO,0,0,0,A,A,0,No Deposit,37.0,0,Transient-Party,95.0,0,1
City Hotel,0,111,2017,April,14,3,1,1,2,0.0,0,BB,ISR,Groups,TA/TO,0,0,0,A,A,0,No Deposit,37.0,0,Transient-Party,95.0,0,1
City Hotel,0,111,2017,April,14,3,1,1,2,0.0,0,BB,ISR,Groups,TA/TO,0,0,0,A,A,0,No Deposit,37.0,0,Transient-Party,95.0,0,1
City Hotel,0,111,2017,April,14,3,1,1,2,0.0,0,BB,ISR,Groups,TA/TO,0,0,0,A,A,0,No Deposit,37.0,0,Transient-Party,95.0,0,1
City Hotel,0,69,2017,March,13,30,2,4,2,0.0,0,BB,FRA,Offline TA/TO,TA/TO,0,0,0,A,D,0,No Deposit,28.0,0,Transient,75.0,0,0
City Hotel,0,127,2017,April,14,3,1,1,2,0.0,0,SC,PRT,Online TA,TA/TO,0,0,0,A,A,0,No Deposit,9.0,0,Transient,99.0,0,1
City Hotel,0,84,2017,April,14,4,0,1,2,0.0,0,BB,GBR,Online TA,TA/TO,0,0,0,A,A,0,No Deposit,9.0,0,Transient,117.0,0,1
City Hotel,0,73,2017,April,13,1,2,2,2,0.0,0,BB,DEU,Offline TA/TO,TA/TO,0,0,0,D,D,0,No Deposit,16.0,0,Transient,98.1,0,0
City Hotel,0,154,2017,April,14,4,0,1,2,0.0,0,BB,BRA,Online TA,TA/TO,0,0,0,A,D,0,No Deposit,9.0,0,Transient,117.0,0,0
City Hotel,0,4,2017,April,14,4,0,1,2,0.0,0,BB,ESP,Offline TA/TO,TA/TO,0,0,0,A,A,0,No Deposit,85.0,0,Transient,108.0,1,1
City Hotel,0,260,2017,March,13,30,2,4,2,0.0,0,SC,FRA,Online TA,TA/TO,0,0,0,A,A,0,No Deposit,9.0,0,Transient,90.93,0,1
City Hotel,0,70,2017,April,14,2,2,1,2,0.0,0,BB,GBR,Direct,Direct,0,0,0,A,A,0,No Deposit,14.0,0,Transient,99.0,0,0
City Hotel,0,209,2017,March,13,30,2,4,2,0.0,0,SC,FRA,Online TA,TA/TO,0,0,0,A,A,0,No Deposit,9.0,0,Transient,90.93,0,1
City Hotel,0,26,2017,March,13,29,2,5,2,0.0,0,BB,FRA,Direct,Direct,0,0,0,A,D,1,No Deposit,14.0,0,Transient,80.0,0,0
City Hotel,0,76,2017,April,14,2,2,1,2,0.0,0,BB,FRA,Offline TA/TO,TA/TO,0,0,0,A,D,0,No Deposit,28.0,0,Transient,75.0,0,0
City Hotel,0,123,2017,April,14,2,2,1,2,0.0,0,SC,FRA,Online TA,TA/TO,0,0,0,A,A,0,No Deposit,9.0,0,Transient,99.0,0,0
City Hotel,0,80,2017,April,13,1,2,2,2,0.0,0,BB,ESP,Offline TA/TO,TA/TO,0,0,0,A,A,0,No Deposit,52.0,0,Transient,100.1,0,0
City Hotel,0,80,2017,April,13,1,2,2,2,0.0,0,BB,ESP,Offline TA/TO,TA/TO,0,0,0,A,A,2,No Deposit,52.0,0,Transient,100.1,0,0
City Hotel,0,89,2017,April,14,2,2,1,2,0.0,0,SC,NLD,Online TA,TA/TO,0,0,0,A,A,0,No Deposit,9.0,0,Transient,99.0,0,0
City Hotel,0,56,2017,April,14,5,0,4,2,0.0,0,BB,BRA,Direct,Direct,0,0,0,A,A,1,No Deposit,,0,Transient,108.0,0,0
City Hotel,0,0,2017,April,14,5,0,1,2,0.0,0,SC,PRT,Online TA,TA/TO,0,0,0,A,A,0,No Deposit,9.0,0,Transient,150.0,0,3
City Hotel,0,95,2017,April,14,3,1,2,2,0.0,0,SC,IRL,Online TA,TA/TO,0,0,0,A,A,0,No Deposit,7.0,0,Transient,76.23,0,1
City Hotel,0,64,2017,April,14,2,2,2,2,0.0,0,BB,GBR,Online TA,TA/TO,0,0,0,A,A,0,No Deposit,9.0,0,Transient,117.0,0,1
City Hotel,0,43,2017,April,14,3,1,2,2,0.0,0,HB,GBR,Online TA,TA/TO,0,0,0,D,D,0,No Deposit,9.0,0,Transient,181.73,0,4
City Hotel,0,91,2017,April,14,2,2,2,2,0.0,0,BB,DEU,Online TA,TA/TO,0,0,0,A,A,0,No Deposit,9.0,0,Transient,117.0,0,4
City Hotel,0,91,2017,April,14,2,2,2,2,0.0,0,BB,DEU,Online TA,TA/TO,0,0,0,A,A,2,No Deposit,9.0,0,Transient,117.0,0,4
City Hotel,0,91,2017,April,14,2,2,2,2,0.0,0,BB,DEU,Online TA,TA/TO,0,0,0,A,A,0,No Deposit,9.0,0,Transient,117.0,0,4
City Hotel,0,61,2017,April,14,2,2,2,2,0.0,0,BB,BEL,Direct,Direct,0,0,0,A,A,0,No Deposit,14.0,0,Transient,96.25,0,3
City Hotel,0,86,2017,April,13,1,2,3,2,0.0,0,BB,DEU,Online TA,TA/TO,0,0,0,D,D,0,No Deposit,9.0,0,Transient,130.5,0,0
City Hotel,0,91,2017,April,14,2,2,2,2,0.0,0,BB,DEU,Online TA,TA/TO,0,0,0,A,A,1,No Deposit,9.0,0,Transient,117.0,0,4
City Hotel,0,91,2017,April,14,2,2,2,2,0.0,0,BB,DEU,Online TA,TA/TO,0,0,0,A,A,0,No Deposit,9.0,0,Transient,117.0,0,4
City Hotel,0,111,2017,April,14,3,1,2,2,0.0,0,BB,BEL,Online TA,TA/TO,0,0,0,A,A,0,No Deposit,9.0,0,Transient,117.0,0,1
City Hotel,0,111,2017,April,14,3,1,2,2,0.0,0,BB,BEL,Online TA,TA/TO,0,0,0,A,A,0,No Deposit,9.0,0,Transient,117.0,0,2
City Hotel,0,86,2017,April,13,1,2,3,2,0.0,0,BB,ITA,Online TA,TA/TO,0,0,0,D,D,0,No Deposit,9.0,0,Transient,130.5,0,0
City Hotel,0,194,2017,April,13,1,2,3,2,0.0,0,BB,FRA,Offline TA/TO,TA/TO,0,0,0,A,D,0,No Deposit,28.0,0,Transient,75.0,0,0
City Hotel,0,98,2017,April,14,2,2,2,2,0.0,0,BB,DEU,Online TA,TA/TO,0,0,0,D,D,0,No Deposit,9.0,0,Transient,130.5,0,0
City Hotel,0,191,2017,April,13,1,2,3,2,0.0,0,BB,FRA,Offline TA/TO,TA/TO,0,0,0,A,D,0,No Deposit,28.0,0,Transient,75.0,0,0
City Hotel,0,91,2017,April,14,2,2,2,2,0.0,0,BB,DEU,Online TA,TA/TO,0,0,0,E,E,1,No Deposit,9.0,0,Transient,162.0,0,4
City Hotel,0,91,2017,April,14,2,2,2,2,0.0,0,BB,DEU,Online TA,TA/TO,0,0,0,A,A,0,No Deposit,9.0,0,Transient,117.0,0,4
City Hotel,0,91,2017,April,14,2,2,2,2,0.0,0,BB,DEU,Online TA,TA/TO,0,0,0,A,A,0,No Deposit,9.0,0,Transient,117.0,0,4
City Hotel,0,63,2017,April,13,1,2,3,2,0.0,0,BB,FIN,Direct,Direct,0,0,0,A,A,0,No Deposit,14.0,0,Transient,99.0,0,0
City Hotel,0,60,2017,April,14,2,2,2,2,0.0,0,SC,FRA,Online TA,TA/TO,0,0,0,A,A,0,No Deposit,9.0,0,Transient,99.0,0,0
City Hotel,0,72,2017,April,14,2,2,2,2,0.0,0,BB,BEL,Offline TA/TO,TA/TO,0,0,0,A,D,0,No Deposit,28.0,0,Transient,75.0,0,0
City Hotel,0,91,2017,April,14,2,2,2,2,0.0,0,BB,DEU,Online TA,TA/TO,0,0,0,A,A,1,No Deposit,9.0,0,Transient,117.0,0,4
City Hotel,0,195,2017,April,14,2,2,2,2,0.0,0,BB,FRA,Offline TA/TO,TA/TO,0,0,0,A,D,0,No Deposit,28.0,0,Transient,75.0,0,0
City Hotel,0,195,2017,April,14,2,2,2,2,0.0,0,BB,FRA,Offline TA/TO,TA/TO,0,0,0,A,D,0,No Deposit,28.0,0,Transient,75.0,0,0
City Hotel,0,77,2017,April,14,3,1,2,2,0.0,0,BB,GBR,Offline TA/TO,TA/TO,0,0,0,A,C,0,No Deposit,42.0,0,Transient,89.1,0,0
City Hotel,0,125,2017,April,14,3,1,2,2,0.0,0,SC,GBR,Online TA,TA/TO,0,0,0,A,A,4,No Deposit,9.0,0,Transient,99.0,0,1
City Hotel,0,61,2017,April,14,2,2,2,2,0.0,0,BB,BEL,Direct,Direct,0,0,0,A,A,0,No Deposit,14.0,0,Transient,96.25,0,3
City Hotel,0,90,2017,April,14,2,2,2,2,0.0,0,BB,GBR,Online TA,TA/TO,0,0,0,A,A,0,No Deposit,8.0,0,Transient,117.0,0,1
City Hotel,0,71,2017,April,14,2,2,2,2,0.0,0,BB,FRA,Direct,Direct,0,0,0,A,A,0,No Deposit,14.0,0,Transient,96.25,0,0
City Hotel,0,45,2017,April,14,4,0,2,2,0.0,0,SC,RUS,Online TA,TA/TO,0,0,0,A,A,0,No Deposit,9.0,0,Transient,108.0,0,0
City Hotel,0,120,2017,April,14,3,1,2,2,0.0,0,BB,BEL,Online TA,TA/TO,0,0,0,A,A,2,No Deposit,9.0,0,Transient,117.0,0,1
City Hotel,0,2,2017,April,14,5,0,1,2,0.0,0,SC,ITA,Online TA,TA/TO,0,0,0,A,A,0,No Deposit,9.0,0,Transient-Party,150.0,0,1
City Hotel,0,2,2017,April,14,5,0,1,2,0.0,0,SC,ITA,Online TA,TA/TO,0,0,0,A,A,0,No Deposit,9.0,0,Transient-Party,150.0,0,1
City Hotel,0,58,2017,March,13,29,2,7,2,0.0,0,BB,DEU,Online TA,TA/TO,0,0,0,A,A,0,No Deposit,7.0,0,Transient,80.76,0,0
City Hotel,0,49,2017,April,14,3,1,3,2,0.0,0,BB,FRA,Online TA,TA/TO,0,0,0,A,A,0,No Deposit,9.0,0,Transient,126.0,0,1
City Hotel,0,49,2017,April,14,3,1,3,2,0.0,0,BB,FRA,Online TA,TA/TO,0,0,0,A,A,0,No Deposit,9.0,0,Transient,126.0,0,1
City Hotel,0,308,2017,April,14,3,1,3,2,0.0,0,BB,GBR,Online TA,TA/TO,0,0,0,D,D,0,No Deposit,7.0,0,Transient,90.2,0,1
City Hotel,0,90,2017,April,14,6,0,1,2,0.0,0,SC,SWE,Online TA,TA/TO,0,0,0,A,D,4,No Deposit,9.0,0,Transient,127.5,0,2
City Hotel,0,56,2017,April,14,6,0,1,2,0.0,0,SC,SWE,Online TA,TA/TO,0,0,0,A,D,1,No Deposit,9.0,0,Transient,127.5,0,0
City Hotel,0,10,2017,April,15,9,2,0,2,0.0,0,BB,SWE,Online TA,TA/TO,0,0,1,D,D,0,No Deposit,,0,Group,130.5,0,2
City Hotel,0,56,2017,April,14,6,0,1,2,0.0,0,SC,SWE,Online TA,TA/TO,0,0,0,A,D,1,No Deposit,9.0,0,Transient,127.5,0,0
City Hotel,0,127,2017,April,14,7,0,2,2,0.0,0,BB,SWE,Online TA,TA/TO,0,0,0,D,D,0,No Deposit,9.0,0,Group,130.5,0,2
City Hotel,0,5,2017,April,14,5,0,2,2,0.0,0,BB,PRT,Direct,Direct,0,0,0,A,A,0,No Deposit,,0,Transient,95.0,0,0
City Hotel,0,45,2017,April,14,4,0,3,2,0.0,0,BB,GBR,Online TA,TA/TO,0,0,0,A,A,0,No Deposit,9.0,0,Transient,126.0,0,1
City Hotel,0,68,2017,April,14,5,0,2,2,0.0,0,BB,AUS,Offline TA/TO,TA/TO,0,0,0,A,A,2,No Deposit,,0,Transient-Party,110.0,0,0
City Hotel,0,68,2017,April,14,5,0,2,2,0.0,0,BB,ITA,Offline TA/TO,TA/TO,0,0,0,A,A,2,No Deposit,,0,Transient-Party,110.0,0,0
City Hotel,0,1,2017,April,14,6,0,1,2,0.0,0,BB,PRT,Direct,Direct,0,0,0,A,E,0,No Deposit,,0,Transient,70.0,0,1
City Hotel,0,74,2017,April,14,3,1,3,2,0.0,0,BB,USA,Online TA,TA/TO,0,0,0,D,D,0,No Deposit,7.0,0,Transient,97.02,0,0
City Hotel,0,74,2017,April,14,3,1,3,2,0.0,0,BB,USA,Online TA,TA/TO,0,0,0,D,D,0,No Deposit,7.0,0,Transient,97.02,0,0
City Hotel,0,59,2017,April,14,5,0,2,2,0.0,0,BB,FRA,Online TA,TA/TO,0,0,0,A,A,0,No Deposit,9.0,0,Transient,117.0,0,0
City Hotel,0,199,2017,April,14,3,1,3,2,0.0,0,BB,FRA,Offline TA/TO,TA/TO,0,0,0,A,D,0,No Deposit,28.0,0,Transient,75.0,0,0
City Hotel,0,6,2017,April,14,5,0,2,2,0.0,0,SC,CHE,Online TA,TA/TO,0,0,0,A,A,0,No Deposit,9.0,0,Transient,115.0,0,0
City Hotel,0,69,2017,April,14,3,1,3,2,0.0,0,BB,BEL,Online TA,TA/TO,0,0,0,A,A,0,No Deposit,9.0,0,Transient,117.0,0,0
City Hotel,0,57,2017,April,14,5,0,2,2,0.0,0,BB,PRT,Complementary,Direct,0,0,0,A,A,0,No Deposit,,0,Transient,0.0,0,0
City Hotel,0,65,2017,April,14,3,1,3,2,0.0,0,BB,DEU,Online TA,TA/TO,0,0,0,D,D,0,No Deposit,9.0,0,Transient,126.0,0,0
City Hotel,0,107,2017,April,14,3,1,3,2,0.0,0,SC,GBR,Online TA,TA/TO,0,0,0,A,A,0,No Deposit,9.0,0,Transient,99.0,0,2
City Hotel,0,88,2017,April,14,4,0,3,2,0.0,0,BB,DEU,Online TA,TA/TO,0,0,0,D,D,0,No Deposit,9.0,0,Transient-Party,130.5,0,2
City Hotel,0,57,2017,April,14,3,1,3,2,0.0,0,BB,FRA,Online TA,TA/TO,0,0,0,A,A,0,No Deposit,9.0,0,Transient,117.0,0,2
City Hotel,0,68,2017,April,14,5,0,2,2,0.0,0,BB,IRL,Groups,TA/TO,0,0,0,A,A,2,No Deposit,,0,Transient-Party,110.0,0,0
City Hotel,0,57,2017,April,14,3,1,3,2,0.0,0,BB,FRA,Online TA,TA/TO,0,0,0,A,A,0,No Deposit,9.0,0,Transient,117.0,0,2
City Hotel,0,132,2017,April,14,4,0,3,2,0.0,0,HB,GBR,Online TA,TA/TO,0,0,0,A,A,1,No Deposit,9.0,0,Transient,153.0,0,1
City Hotel,0,71,2017,April,14,3,1,3,2,0.0,0,BB,GBR,Direct,Direct,0,0,0,A,A,0,No Deposit,14.0,0,Transient,96.25,0,0
City Hotel,0,0,2017,April,14,5,0,2,2,0.0,0,BB,ROU,Online TA,TA/TO,0,0,0,A,A,0,No Deposit,9.0,0,Transient,117.0,0,1
City Hotel,0,83,2017,April,14,3,1,3,2,0.0,0,BB,GBR,Direct,Direct,0,0,0,A,A,0,No Deposit,14.0,0,Transient,99.0,0,0
City Hotel,0,65,2017,April,14,3,1,3,2,0.0,0,BB,GBR,Online TA,TA/TO,0,0,0,A,A,0,No Deposit,9.0,0,Transient,117.0,0,1
City Hotel,0,2,2017,April,14,4,0,3,2,0.0,0,BB,GBR,Direct,Direct,0,0,0,A,A,2,No Deposit,14.0,0,Transient,150.2,0,1
City Hotel,0,188,2017,April,14,2,2,3,2,0.0,0,BB,FRA,Offline TA/TO,TA/TO,0,0,0,A,D,0,No Deposit,28.0,0,Transient,75.0,0,0
City Hotel,0,36,2017,April,14,3,1,3,2,0.0,0,SC,BEL,Online TA,TA/TO,0,0,0,A,A,0,No Deposit,9.0,0,Transient,120.0,0,1
City Hotel,0,90,2017,April,14,4,0,3,2,0.0,0,BB,GBR,Online TA,TA/TO,0,0,0,F,F,0,No Deposit,79.0,0,Transient,168.0,0,0
City Hotel,0,90,2017,April,14,3,1,3,2,0.0,0,BB,GBR,Online TA,TA/TO,0,0,0,A,A,0,No Deposit,9.0,0,Transient,117.0,0,1
City Hotel,0,90,2017,April,14,4,0,3,2,0.0,0,SC,GBR,Online TA,TA/TO,0,0,0,A,A,0,No Deposit,9.0,0,Transient,99.0,0,1
City Hotel,0,10,2017,April,14,5,0,2,2,0.0,0,BB,PRT,Direct,Direct,0,0,0,D,D,0,No Deposit,14.0,0,Transient,139.0,0,0
City Hotel,0,5,2017,April,14,4,0,3,2,0.0,0,SC,PRT,Online TA,TA/TO,0,0,0,A,A,0,No Deposit,9.0,0,Transient,124.0,1,1
City Hotel,0,72,2017,April,13,1,2,4,2,0.0,0,BB,FRA,Offline TA/TO,TA/TO,0,0,0,A,D,0,No Deposit,28.0,0,Transient,75.0,0,0
City Hotel,0,4,2017,April,14,3,1,3,2,0.0,0,SC,DEU,Online TA,TA/TO,0,0,0,A,A,0,No Deposit,9.0,0,Transient,115.0,0,1
City Hotel,0,92,2017,April,14,7,1,2,2,0.0,0,BB,NLD,Direct,Direct,0,0,0,A,A,1,No Deposit,14.0,0,Transient,12.0,0,0
City Hotel,0,36,2017,April,14,6,0,2,2,0.0,0,BB,RUS,Online TA,TA/TO,0,0,0,A,A,0,No Deposit,9.0,0,Transient,140.0,0,1
City Hotel,0,35,2017,April,14,4,0,4,2,0.0,0,BB,GBR,Online TA,TA/TO,0,0,0,A,A,1,No Deposit,9.0,0,Transient,120.0,0,2
City Hotel,0,65,2017,April,14,2,2,4,2,0.0,0,SC,USA,Online TA,TA/TO,0,0,0,A,A,0,No Deposit,7.0,0,Transient,76.23,0,1
City Hotel,0,14,2017,April,14,7,0,1,2,0.0,0,BB,USA,Direct,Direct,0,0,0,A,A,0,No Deposit,14.0,0,Transient,138.0,1,0
City Hotel,0,64,2017,April,14,3,1,4,2,0.0,0,HB,FRA,Online TA,TA/TO,0,0,0,D,D,0,No Deposit,9.0,0,Transient,162.0,0,1
City Hotel,0,1,2017,April,14,5,0,3,2,0.0,0,BB,BRA,Direct,Direct,0,0,0,D,D,0,No Deposit,14.0,0,Transient,157.5,0,2
City Hotel,0,1,2017,April,14,5,0,3,2,0.0,0,BB,BRA,Direct,Direct,0,0,0,D,D,0,No Deposit,14.0,0,Transient,157.5,0,2
City Hotel,0,68,2017,April,14,5,0,3,2,0.0,0,BB,GBR,Groups,TA/TO,0,0,0,A,A,2,No Deposit,,0,Transient-Party,110.0,0,0
City Hotel,0,67,2017,April,14,7,0,1,2,0.0,0,BB,FRA,Direct,Direct,0,0,0,A,A,0,No Deposit,,0,Transient,99.0,0,0
City Hotel,0,75,2017,April,14,5,0,3,2,0.0,0,BB,FRA,Offline TA/TO,TA/TO,0,0,0,A,D,0,No Deposit,28.0,0,Transient,85.0,0,0
City Hotel,0,63,2017,April,14,2,2,4,2,0.0,0,BB,FRA,Online TA,TA/TO,0,0,0,A,A,0,No Deposit,9.0,0,Transient,117.0,0,0
City Hotel,0,77,2017,April,14,3,1,4,2,0.0,0,BB,FRA,Offline TA/TO,TA/TO,0,0,0,A,D,0,No Deposit,28.0,0,Transient,85.0,0,0
City Hotel,0,7,2017,April,14,7,0,1,2,0.0,0,SC,PRT,Online TA,TA/TO,0,0,0,A,A,0,No Deposit,9.0,0,Transient,115.0,0,1
City Hotel,0,76,2017,April,14,3,1,4,2,0.0,0,BB,FRA,Offline TA/TO,TA/TO,0,0,0,A,D,0,No Deposit,28.0,0,Transient,85.0,0,0
City Hotel,0,76,2017,April,14,7,0,1,2,0.0,0,BB,FRA,Online TA,TA/TO,0,0,0,A,A,0,No Deposit,9.0,0,Transient,117.0,0,0
City Hotel,0,103,2017,April,13,1,2,5,2,0.0,0,SC,DEU,Online TA,TA/TO,0,0,0,A,A,0,No Deposit,83.0,0,Transient,74.8,0,0
City Hotel,0,64,2017,April,14,2,2,4,2,0.0,0,HB,FRA,Online TA,TA/TO,0,0,0,A,A,0,No Deposit,7.0,0,Transient,111.92,0,0
City Hotel,0,62,2017,April,14,3,1,4,2,0.0,0,SC,DEU,Online TA,TA/TO,0,0,0,A,A,0,No Deposit,7.0,0,Transient,72.42,0,0
City Hotel,0,48,2017,April,14,5,0,3,2,0.0,0,BB,FRA,Offline TA/TO,TA/TO,0,0,0,A,D,0,No Deposit,28.0,0,Contract,68.0,0,0
City Hotel,0,124,2017,April,14,8,1,1,2,0.0,0,SC,GBR,Online TA,Direct,0,0,0,A,A,0,No Deposit,9.0,0,Group,99.0,0,1
City Hotel,0,91,2017,April,13,1,2,5,2,0.0,0,SC,DEU,Online TA,TA/TO,0,0,0,A,A,0,No Deposit,8.0,0,Transient,99.0,0,1
City Hotel,0,59,2017,April,14,2,2,4,2,0.0,0,BB,RUS,Online TA,TA/TO,0,0,0,D,D,3,No Deposit,9.0,0,Transient,126.0,0,3
City Hotel,0,31,2017,April,14,6,0,2,2,0.0,0,SC,GBR,Online TA,TA/TO,0,0,0,A,D,0,No Deposit,9.0,0,Transient,120.0,0,0
City Hotel,0,45,2017,April,14,7,0,1,2,0.0,0,BB,SWE,Online TA,TA/TO,0,0,0,A,A,1,No Deposit,9.0,0,Transient,126.0,0,0
City Hotel,0,88,2017,April,13,1,2,5,2,0.0,0,BB,DEU,Online TA,TA/TO,0,0,0,A,A,0,No Deposit,83.0,0,Transient,88.4,0,2
City Hotel,0,59,2017,April,14,3,1,4,2,0.0,0,BB,FIN,Online TA,TA/TO,0,0,0,A,A,0,No Deposit,7.0,0,Transient,85.59,0,1
City Hotel,0,88,2017,April,13,1,2,5,2,0.0,0,BB,DEU,Online TA,TA/TO,0,0,0,A,A,0,No Deposit,83.0,0,Transient,89.4,0,2
City Hotel,0,53,2017,March,13,29,2,8,2,0.0,0,BB,DEU,Offline TA/TO,TA/TO,0,0,0,A,A,0,No Deposit,138.0,0,Transient,80.8,0,0
City Hotel,0,41,2017,April,14,3,1,4,2,0.0,0,BB,ROU,Online TA,TA/TO,0,0,0,A,A,0,No Deposit,9.0,0,Transient,137.2,0,1
City Hotel,0,41,2017,April,14,3,1,4,2,0.0,0,BB,ROU,Online TA,TA/TO,0,0,0,A,A,0,No Deposit,9.0,0,Transient,137.2,0,1
City Hotel,0,111,2017,April,14,5,0,3,2,0.0,0,SC,FRA,Online TA,TA/TO,0,0,0,A,A,0,No Deposit,9.0,0,Transient,99.0,0,1
City Hotel,0,79,2017,April,14,5,0,4,2,0.0,0,BB,FRA,Offline TA/TO,TA/TO,0,0,0,A,D,0,No Deposit,28.0,0,Transient,85.0,0,0
City Hotel,0,76,2017,April,14,3,1,5,2,0.0,0,BB,GBR,Offline TA/TO,TA/TO,0,0,0,A,A,0,No Deposit,85.0,0,Transient,89.1,0,1
City Hotel,0,105,2017,April,14,5,0,4,2,0.0,0,BB,CHE,Online TA,TA/TO,0,0,0,A,A,0,No Deposit,9.0,0,Transient,117.0,0,2
City Hotel,0,65,2017,April,14,5,0,4,2,0.0,0,SC,DEU,Online TA,TA/TO,0,0,0,A,A,0,No Deposit,9.0,0,Transient,99.0,0,0
City Hotel,0,159,2017,April,14,6,0,3,2,0.0,0,BB,DEU,Online TA,TA/TO,0,0,0,A,A,0,No Deposit,9.0,0,Transient,117.0,0,1
City Hotel,0,127,2017,April,14,7,0,2,2,0.0,0,BB,SWE,Online TA,TA/TO,0,0,0,D,K,0,No Deposit,9.0,0,Transient,130.5,0,2
City Hotel,0,9,2017,April,14,8,0,1,2,0.0,0,BB,PRT,Direct,Direct,0,0,0,A,A,0,No Deposit,14.0,0,Transient,112.5,0,3
City Hotel,0,139,2017,April,14,6,0,3,2,0.0,0,BB,IRL,Online TA,TA/TO,0,0,0,D,D,1,No Deposit,9.0,0,Transient,166.5,0,2
City Hotel,0,209,2017,April,14,5,0,4,2,0.0,0,SC,PRT,Online TA,TA/TO,0,0,0,A,A,0,No Deposit,8.0,0,Transient,99.0,0,1
City Hotel,0,139,2017,April,14,6,0,3,2,0.0,0,SC,IRL,Online TA,TA/TO,0,0,0,A,A,0,No Deposit,9.0,0,Transient,99.0,0,3
City Hotel,0,81,2017,April,14,5,0,4,2,0.0,0,BB,USA,Online TA,TA/TO,0,0,0,D,D,0,No Deposit,9.0,0,Transient,127.8,0,1
City Hotel,0,143,2017,April,14,6,0,3,2,0.0,0,BB,ITA,Online TA,TA/TO,0,0,0,A,A,1,No Deposit,9.0,0,Transient-Party,119.0,0,1
City Hotel,0,59,2017,April,14,6,0,3,2,0.0,0,BB,ISR,Online TA,TA/TO,0,0,0,A,A,0,No Deposit,9.0,0,Transient,117.0,0,2
City Hotel,0,103,2017,April,14,6,0,3,2,0.0,0,HB,FRA,Online TA,TA/TO,0,0,0,A,A,0,No Deposit,9.0,0,Transient,153.0,0,0
City Hotel,0,59,2017,April,14,6,0,3,2,0.0,0,BB,ISR,Online TA,TA/TO,0,0,0,A,A,0,No Deposit,9.0,0,Transient,117.0,0,2
City Hotel,0,89,2017,April,14,6,0,3,2,0.0,0,BB,DEU,Online TA,TA/TO,0,0,0,D,D,0,No Deposit,9.0,0,Transient,139.5,1,1
City Hotel,0,198,2017,April,14,6,0,3,2,0.0,0,BB,FRA,Online TA,TA/TO,0,0,0,A,A,2,No Deposit,9.0,0,Transient,117.0,0,1
City Hotel,0,129,2017,April,14,7,0,2,2,0.0,0,SC,FRA,Online TA,TA/TO,0,0,0,A,A,0,No Deposit,9.0,0,Transient,99.0,0,2
City Hotel,0,121,2017,April,14,7,0,2,2,0.0,0,BB,GBR,Direct,Direct,0,0,0,A,A,0,No Deposit,14.0,0,Transient,99.0,0,1
City Hotel,0,143,2017,April,14,6,0,3,2,0.0,0,BB,ITA,Online TA,TA/TO,0,0,0,A,A,1,No Deposit,9.0,0,Transient-Party,119.0,0,1
City Hotel,0,94,2017,April,14,6,0,3,2,0.0,0,BB,CHE,Online TA,TA/TO,0,0,0,A,A,2,No Deposit,9.0,0,Transient,117.0,0,1
City Hotel,0,61,2017,April,14,6,0,3,2,0.0,0,HB,ISR,Online TA,TA/TO,0,0,0,A,A,0,No Deposit,9.0,0,Transient,151.2,0,2
City Hotel,0,94,2017,April,14,6,0,3,2,0.0,0,BB,CHE,Online TA,TA/TO,0,0,0,A,A,2,No Deposit,9.0,0,Transient,117.0,0,1
City Hotel,0,12,2017,April,14,8,0,1,2,0.0,0,BB,PRT,Complementary,Direct,0,0,0,G,G,0,No Deposit,,0,Transient,0.0,0,2
City Hotel,0,218,2017,April,14,7,0,2,2,0.0,0,BB,FRA,Direct,Direct,0,0,0,D,D,0,No Deposit,14.0,0,Transient,133.38,0,1
City Hotel,0,68,2017,April,14,5,0,4,2,0.0,0,BB,DNK,Corporate,Corporate,0,0,0,A,A,2,No Deposit,,0,Transient-Party,110.0,0,0
City Hotel,0,0,2017,April,14,8,0,1,2,0.0,0,SC,PRT,Online TA,TA/TO,0,0,0,A,A,0,No Deposit,9.0,0,Transient,150.0,0,1
City Hotel,0,64,2017,April,14,6,0,3,2,0.0,0,BB,GBR,Offline TA/TO,TA/TO,0,0,0,D,D,0,No Deposit,28.0,0,Transient,98.1,0,2
City Hotel,0,140,2017,April,14,5,0,4,2,0.0,0,BB,NLD,Offline TA/TO,TA/TO,0,0,0,A,A,1,No Deposit,21.0,65,Transient-Party,95.0,0,1
City Hotel,0,64,2017,April,14,6,0,3,2,0.0,0,SC,GBR,Offline TA/TO,TA/TO,0,0,0,A,A,0,No Deposit,42.0,0,Transient,80.1,0,0
City Hotel,0,75,2017,April,14,5,0,4,2,0.0,0,BB,NLD,Offline TA/TO,TA/TO,0,0,0,A,A,1,No Deposit,21.0,0,Transient-Party,95.0,0,0
City Hotel,0,69,2017,April,14,6,0,3,2,0.0,0,SC,GBR,Online TA,TA/TO,0,0,0,A,A,0,No Deposit,9.0,0,Transient,99.0,0,2
City Hotel,0,242,2017,April,14,5,0,4,2,0.0,0,BB,NLD,Online TA,TA/TO,0,0,0,A,A,1,No Deposit,7.0,0,Transient,87.03,0,3
City Hotel,0,71,2017,April,14,3,1,5,2,0.0,0,BB,BEL,Online TA,TA/TO,0,0,0,D,D,0,No Deposit,9.0,0,Transient,126.0,0,1
City Hotel,0,84,2017,April,14,6,0,3,2,0.0,0,BB,GBR,Online TA,TA/TO,0,0,0,D,D,0,No Deposit,9.0,0,Transient,127.8,0,3
City Hotel,0,133,2017,April,14,5,0,4,2,0.0,0,BB,NLD,Direct,Direct,0,0,0,A,A,0,No Deposit,14.0,0,Transient,108.0,0,0
City Hotel,0,84,2017,April,14,6,0,3,2,0.0,0,BB,GBR,Online TA,TA/TO,0,0,0,D,D,0,No Deposit,9.0,0,Transient,127.8,0,3
City Hotel,0,61,2017,April,14,6,0,3,2,0.0,0,BB,GBR,Online TA,TA/TO,0,0,0,A,A,0,No Deposit,9.0,0,Transient,117.0,0,1
City Hotel,0,18,2017,April,14,8,0,1,2,0.0,0,HB,PRT,Direct,Direct,0,0,0,A,D,0,No Deposit,,0,Transient,178.0,1,2
City Hotel,0,75,2017,April,14,5,0,4,2,0.0,0,BB,NLD,Offline TA/TO,TA/TO,0,0,0,A,A,1,No Deposit,21.0,0,Transient-Party,95.0,0,0
City Hotel,0,3,2017,April,14,7,0,2,2,0.0,0,BB,FRA,Direct,Direct,0,0,0,A,A,0,No Deposit,,0,Transient,135.0,0,0
City Hotel,0,31,2017,April,14,7,0,2,2,0.0,0,BB,ITA,Online TA,TA/TO,0,0,0,D,D,2,No Deposit,9.0,0,Transient,159.0,0,0
City Hotel,0,62,2017,April,14,6,0,3,2,0.0,0,BB,GBR,Online TA,TA/TO,0,0,0,A,A,0,No Deposit,9.0,0,Transient,117.0,0,1
City Hotel,0,68,2017,April,14,5,0,4,2,0.0,0,BB,ITA,Groups,TA/TO,0,0,0,A,A,2,No Deposit,,0,Transient-Party,110.0,0,1
City Hotel,0,79,2017,April,14,3,1,5,2,0.0,0,BB,NLD,Direct,Direct,0,0,0,D,D,0,No Deposit,14.0,0,Transient,123.3,0,0
City Hotel,0,66,2017,April,14,6,0,3,2,0.0,0,SC,GBR,Offline TA/TO,TA/TO,0,0,0,A,A,0,No Deposit,168.0,0,Transient,80.1,0,1
City Hotel,0,295,2017,April,14,6,0,3,2,0.0,0,BB,PRT,Online TA,TA/TO,0,0,0,A,A,0,No Deposit,8.0,0,Transient,109.8,0,1
City Hotel,0,295,2017,April,14,6,0,3,2,0.0,0,BB,IRL,Online TA,TA/TO,0,0,0,A,A,0,No Deposit,8.0,0,Transient,109.8,0,1
City Hotel,0,74,2017,April,14,4,0,5,2,0.0,0,BB,FIN,Offline TA/TO,TA/TO,0,0,0,A,A,1,No Deposit,,7,Transient-Party,110.0,0,1
City Hotel,0,86,2017,April,14,4,0,5,2,0.0,0,BB,BRA,Online TA,TA/TO,0,0,0,D,D,0,No Deposit,7.0,0,Transient,100.48,0,2
City Hotel,0,74,2017,April,14,7,0,2,2,0.0,0,BB,GBR,Online TA,TA/TO,0,0,0,E,E,0,No Deposit,9.0,0,Transient,153.0,0,0
City Hotel,0,143,2017,April,14,6,0,3,2,0.0,0,BB,ITA,Online TA,TA/TO,0,0,0,A,A,1,No Deposit,9.0,0,Transient-Party,119.0,0,1
City Hotel,0,143,2017,April,14,6,0,3,2,0.0,0,BB,ITA,Online TA,TA/TO,0,0,0,A,A,1,No Deposit,9.0,0,Transient-Party,119.0,0,1
City Hotel,0,127,2017,April,14,7,0,2,2,0.0,0,BB,SWE,Online TA,TA/TO,0,0,0,D,D,0,No Deposit,9.0,0,Transient,130.5,0,2
City Hotel,0,97,2017,April,14,6,0,3,2,0.0,0,BB,FRA,Online TA,TA/TO,0,0,0,A,A,0,No Deposit,9.0,0,Transient,120.0,1,1
City Hotel,0,0,2017,April,14,6,0,3,2,0.0,0,BB,DEU,Online TA,TA/TO,0,0,0,A,A,0,No Deposit,9.0,0,Transient,117.0,0,1
City Hotel,0,0,2017,April,14,7,0,2,2,0.0,0,SC,DEU,Online TA,TA/TO,0,0,0,A,A,0,No Deposit,9.0,0,Transient,150.0,0,1
City Hotel,0,26,2017,April,14,7,0,2,2,0.0,0,HB,FRA,Online TA,TA/TO,0,0,0,D,D,0,No Deposit,9.0,0,Transient,188.0,0,0
City Hotel,0,1,2017,April,14,7,1,2,2,0.0,0,SC,USA,Online TA,TA/TO,0,0,0,A,A,0,No Deposit,7.0,0,Transient,120.0,0,1
City Hotel,0,71,2017,April,14,6,1,3,2,0.0,0,SC,PRT,Offline TA/TO,TA/TO,0,0,0,A,A,0,No Deposit,28.0,0,Transient,80.1,0,0
City Hotel,0,178,2017,April,15,9,1,0,2,0.0,0,HB,GBR,Online TA,TA/TO,0,0,0,A,A,0,No Deposit,9.0,0,Transient,151.2,0,2
City Hotel,0,169,2017,April,14,8,1,1,2,0.0,0,SC,BRA,Online TA,TA/TO,0,0,0,A,A,0,No Deposit,9.0,0,Transient,99.0,0,1
City Hotel,0,0,2017,April,15,9,1,0,2,0.0,0,SC,AGO,Online TA,Direct,0,0,0,A,A,0,No Deposit,,0,Transient,135.0,0,2
City Hotel,0,3,2017,April,15,10,1,2,2,0.0,0,SC,AGO,Online TA,Direct,0,0,0,A,A,0,No Deposit,9.0,0,Transient,150.0,0,2
City Hotel,0,275,2017,April,14,6,1,3,2,0.0,0,BB,DEU,Online TA,TA/TO,0,0,0,A,A,0,No Deposit,7.0,0,Transient,84.55,0,2
City Hotel,0,4,2017,April,15,9,1,0,2,0.0,0,SC,PRT,Online TA,TA/TO,0,0,0,A,A,0,No Deposit,7.0,0,Transient,120.0,0,1
City Hotel,0,159,2017,April,14,8,1,1,2,0.0,0,SC,CN,Online TA,TA/TO,0,0,0,A,A,0,No Deposit,9.0,0,Transient,99.0,0,2
City Hotel,0,133,2017,April,14,8,1,1,2,0.0,0,BB,ARG,Online TA,TA/TO,0,0,0,A,A,0,No Deposit,7.0,0,Transient,85.59,0,0
City Hotel,0,133,2017,April,14,8,1,1,2,0.0,0,BB,ARG,Online TA,TA/TO,0,0,0,A,A,0,No Deposit,7.0,0,Transient,85.59,0,2
City Hotel,0,32,2017,April,14,8,1,1,2,0.0,0,BB,SWE,Online TA,TA/TO,0,0,0,A,A,0,No Deposit,9.0,0,Transient,140.0,0,0
City Hotel,0,60,2017,April,14,6,1,3,2,0.0,0,SC,DEU,Online TA,TA/TO,0,0,0,A,A,0,No Deposit,9.0,0,Transient,99.0,0,0
City Hotel,0,121,2017,April,14,7,1,2,2,0.0,0,BB,GBR,Direct,Direct,0,0,0,A,A,0,No Deposit,14.0,0,Transient,99.0,0,1
City Hotel,0,132,2017,April,14,7,1,2,2,0.0,0,SC,CHN,Online TA,TA/TO,0,0,0,A,A,0,No Deposit,9.0,0,Transient,89.1,0,1
City Hotel,0,179,2017,April,14,7,1,2,2,0.0,0,BB,DEU,Online TA,TA/TO,0,0,0,A,A,0,No Deposit,9.0,0,Transient,117.0,0,2
City Hotel,0,49,2017,April,14,7,1,2,2,0.0,0,BB,POL,Online TA,TA/TO,0,0,0,A,A,2,No Deposit,9.0,0,Transient,126.0,0,4
City Hotel,0,0,2017,April,15,10,1,0,2,0.0,0,BB,POL,Direct,TA/TO,1,0,0,A,A,0,No Deposit,,0,Group,126.0,0,4
City Hotel,0,36,2017,April,14,6,1,3,2,0.0,0,SC,NLD,Online TA,TA/TO,0,0,0,A,A,0,No Deposit,7.0,0,Transient,91.2,0,0
City Hotel,0,121,2017,April,14,7,1,2,2,0.0,0,BB,GBR,Direct,Direct,0,0,0,A,A,0,No Deposit,14.0,0,Transient,99.0,0,1
City Hotel,0,37,2017,April,14,6,1,3,2,0.0,0,SC,DEU,Online TA,TA/TO,0,0,0,A,A,0,No Deposit,9.0,0,Transient,120.0,0,0
City Hotel,0,1,2017,April,14,6,1,3,2,0.0,0,SC,DEU,Online TA,TA/TO,0,0,0,A,A,0,No Deposit,9.0,0,Transient,150.0,0,1
City Hotel,0,26,2017,April,14,5,1,4,2,0.0,0,SC,CHE,Online TA,TA/TO,0,0,0,A,A,1,No Deposit,9.0,0,Transient,135.0,0,3
City Hotel,0,92,2017,April,14,7,1,2,2,0.0,0,BB,NLD,Direct,Direct,0,0,0,A,A,0,No Deposit,14.0,0,Transient,99.0,0,0
City Hotel,0,67,2017,April,14,7,1,2,2,0.0,0,BB,GBR,Offline TA/TO,TA/TO,0,0,0,A,A,0,No Deposit,42.0,0,Transient,89.1,0,0
City Hotel,0,92,2017,April,14,7,1,2,2,0.0,0,BB,NLD,Direct,Direct,0,0,0,A,A,0,No Deposit,14.0,0,Transient,99.0,0,0
City Hotel,0,82,2017,April,14,7,1,2,2,0.0,0,BB,FRA,Online TA,TA/TO,0,0,0,D,D,0,No Deposit,7.0,0,Transient,93.48,0,1
City Hotel,0,88,2017,April,14,5,1,4,2,0.0,0,BB,CHE,Online TA,TA/TO,0,0,0,D,D,0,No Deposit,9.0,0,Transient,130.5,0,1
City Hotel,0,93,2017,April,14,6,1,3,2,0.0,0,SC,GBR,Online TA,TA/TO,0,0,0,A,A,0,No Deposit,9.0,0,Transient,99.0,0,4
City Hotel,0,83,2017,April,14,6,1,3,2,0.0,0,BB,GBR,Online TA,TA/TO,0,0,0,D,D,0,No Deposit,9.0,0,Transient,127.8,0,3
City Hotel,0,7,2017,April,14,6,1,3,2,0.0,0,SC,FIN,Online TA,TA/TO,0,0,0,A,A,0,No Deposit,9.0,0,Transient,115.0,0,1
City Hotel,0,124,2017,April,14,8,1,1,2,0.0,0,SC,GBR,Online TA,TA/TO,0,0,0,A,A,0,No Deposit,9.0,0,Transient,99.0,0,1
City Hotel,0,124,2017,April,14,8,1,1,2,0.0,0,SC,GBR,Online TA,TA/TO,0,0,0,A,A,0,No Deposit,9.0,0,Transient,99.0,0,1
City Hotel,0,124,2017,April,14,8,1,1,2,0.0,0,SC,GBR,Online TA,TA/TO,0,0,0,A,A,0,No Deposit,9.0,0,Transient,99.0,0,1
City Hotel,0,25,2017,April,14,6,1,3,2,0.0,0,SC,AUT,Online TA,TA/TO,0,0,0,A,A,0,No Deposit,9.0,0,Transient,120.0,0,1
City Hotel,0,124,2017,April,14,8,1,1,2,0.0,0,SC,GBR,Online TA,TA/TO,0,0,0,A,A,0,No Deposit,9.0,0,Transient,99.0,0,1
City Hotel,0,124,2017,April,14,8,1,1,2,0.0,0,SC,GBR,Online TA,TA/TO,0,0,0,A,A,0,No Deposit,9.0,0,Transient,99.0,0,1
City Hotel,0,4,2017,April,15,9,1,0,2,0.0,0,SC,PRT,Online TA,TA/TO,0,0,0,A,A,0,No Deposit,7.0,0,Transient,120.0,0,1
City Hotel,0,124,2017,April,14,8,1,1,2,0.0,0,SC,GBR,Online TA,TA/TO,0,0,0,A,A,0,No Deposit,9.0,0,Transient,99.0,0,1
City Hotel,0,61,2017,April,14,6,2,3,2,0.0,0,BB,AUT,Online TA,TA/TO,0,0,0,A,A,0,No Deposit,9.0,0,Transient,117.0,0,1
City Hotel,0,0,2017,April,15,10,1,0,2,0.0,0,BB,IRL,Direct,Direct,0,0,0,A,D,2,No Deposit,14.0,0,Transient,150.0,0,0
City Hotel,0,64,2017,April,14,5,2,4,2,0.0,0,BB,GBR,Groups,TA/TO,0,0,0,A,A,0,No Deposit,,0,Transient-Party,110.0,0,0
City Hotel,0,43,2017,April,14,8,2,1,2,0.0,0,HB,GBR,Online TA,TA/TO,0,0,0,A,A,0,No Deposit,9.0,0,Transient,172.07,0,2
City Hotel,0,248,2017,April,15,9,2,0,2,0.0,0,BB,DEU,Groups,TA/TO,0,0,0,A,A,0,No Deposit,58.0,0,Transient-Party,80.0,0,1
City Hotel,0,248,2017,April,15,9,2,0,2,0.0,0,BB,DEU,Groups,TA/TO,0,0,0,A,A,0,No Deposit,58.0,0,Transient-Party,80.0,0,1
City Hotel,0,248,2017,April,15,9,2,0,2,0.0,0,BB,DEU,Groups,TA/TO,0,0,0,A,A,0,No Deposit,58.0,0,Transient-Party,80.0,0,1
City Hotel,0,248,2017,April,15,9,2,0,2,0.0,0,BB,DEU,Groups,TA/TO,0,0,0,A,A,0,No Deposit,58.0,0,Transient-Party,80.0,0,1
City Hotel,0,248,2017,April,15,9,2,0,2,0.0,0,BB,DEU,Groups,TA/TO,0,0,0,A,A,0,No Deposit,58.0,0,Transient-Party,80.0,0,1
City Hotel,0,63,2017,April,15,9,2,0,2,0.0,0,BB,DEU,Online TA,TA/TO,0,0,0,A,A,1,No Deposit,9.0,0,Transient,99.0,0,0
City Hotel,0,63,2017,April,15,9,2,0,2,0.0,0,BB,DEU,Online TA,TA/TO,0,0,0,A,A,1,No Deposit,9.0,0,Transient,99.0,0,0
City Hotel,0,248,2017,April,15,9,2,0,2,0.0,0,BB,DEU,Groups,TA/TO,0,0,0,A,A,2,No Deposit,58.0,0,Transient-Party,80.0,0,1
City Hotel,0,248,2017,April,15,9,2,0,2,0.0,0,BB,DEU,Groups,TA/TO,0,0,0,A,A,0,No Deposit,58.0,0,Transient-Party,80.0,0,1
City Hotel,0,62,2017,April,15,9,2,0,2,0.0,0,SC,GBR,Online TA,TA/TO,0,0,0,A,A,0,No Deposit,9.0,0,Transient,99.0,0,0
City Hotel,0,173,2017,April,14,7,2,2,2,0.0,0,BB,DNK,Online TA,TA/TO,0,0,0,A,A,1,No Deposit,9.0,0,Transient,99.0,0,0
City Hotel,0,248,2017,April,15,9,2,0,2,0.0,0,BB,DEU,Groups,TA/TO,0,0,0,A,A,0,No Deposit,58.0,0,Transient-Party,80.0,0,1
City Hotel,0,136,2017,April,14,4,2,5,2,0.0,0,BB,FRA,Online TA,TA/TO,0,0,0,A,A,2,No Deposit,9.0,0,Transient,117.0,0,1
City Hotel,0,28,2017,April,15,9,2,0,2,0.0,0,BB,GBR,Online TA,TA/TO,0,0,0,D,D,0,No Deposit,7.0,0,Transient,120.0,0,1
City Hotel,0,83,2017,April,14,8,2,1,2,0.0,0,BB,IRL,Online TA,TA/TO,0,0,0,D,D,0,No Deposit,9.0,0,Transient,127.8,0,0
City Hotel,0,4,2017,April,15,9,2,0,2,0.0,0,SC,FRA,Online TA,TA/TO,0,0,0,A,A,0,No Deposit,9.0,0,Transient,150.0,0,2
City Hotel,0,62,2017,April,15,9,2,0,2,0.0,0,SC,FRA,Online TA,TA/TO,0,0,0,A,A,0,No Deposit,9.0,0,Transient,99.0,0,1
City Hotel,0,189,2017,April,14,6,2,3,2,0.0,0,BB,DEU,Online TA,TA/TO,0,0,0,A,A,0,No Deposit,83.0,0,Transient,88.4,0,0
City Hotel,0,248,2017,April,15,9,2,0,2,0.0,0,BB,DEU,Groups,TA/TO,0,0,0,A,A,0,No Deposit,58.0,0,Transient-Party,80.0,0,1
City Hotel,0,8,2017,April,14,8,2,1,2,0.0,0,SC,ESP,Online TA,TA/TO,0,0,0,A,A,0,No Deposit,9.0,0,Transient,115.0,0,0
City Hotel,0,36,2017,April,15,9,2,0,2,0.0,0,BB,ESP,Online TA,TA/TO,0,0,0,A,A,0,No Deposit,9.0,0,Transient,149.0,0,1
City Hotel,0,191,2017,April,14,6,2,3,2,0.0,0,BB,DEU,Online TA,TA/TO,0,0,0,A,A,0,No Deposit,83.0,0,Transient,88.4,0,0
City Hotel,0,80,2017,April,14,8,2,1,2,0.0,0,HB,FRA,Offline TA/TO,TA/TO,0,0,0,A,D,0,No Deposit,28.0,0,Transient,115.0,0,0
City Hotel,0,80,2017,April,14,8,2,1,2,0.0,0,HB,FRA,Offline TA/TO,TA/TO,0,0,0,A,D,0,No Deposit,28.0,0,Transient,115.0,0,0
City Hotel,0,80,2017,April,14,8,2,1,2,0.0,0,HB,FRA,Offline TA/TO,TA/TO,0,0,0,A,D,0,No Deposit,28.0,0,Transient,115.0,0,0
City Hotel,0,13,2017,April,15,10,1,0,2,0.0,0,BB,ESP,Direct,Direct,0,0,0,D,D,0,No Deposit,14.0,0,Transient,139.0,0,0
City Hotel,0,9,2017,April,14,8,2,1,2,0.0,0,SC,GBR,Online TA,TA/TO,0,0,0,A,A,0,No Deposit,7.0,0,Transient,87.4,0,1
City Hotel,0,229,2017,April,15,10,1,0,2,0.0,0,SC,GBR,Online TA,TA/TO,0,0,0,A,D,0,No Deposit,9.0,0,Transient,99.0,0,1
City Hotel,0,34,2017,April,14,4,2,5,2,0.0,0,HB,CIV,Online TA,TA/TO,0,0,0,A,A,0,No Deposit,9.0,0,Transient,178.0,0,0
City Hotel,0,30,2017,April,14,8,2,1,2,0.0,0,BB,USA,Online TA,TA/TO,0,0,0,E,E,0,No Deposit,9.0,0,Transient,180.0,0,0
City Hotel,0,248,2017,April,15,9,2,0,2,0.0,0,BB,DEU,Groups,TA/TO,0,0,0,A,A,0,No Deposit,58.0,0,Transient-Party,80.0,0,1
City Hotel,0,19,2017,April,14,8,2,1,2,0.0,0,BB,PRT,Direct,Direct,0,0,0,A,A,0,No Deposit,14.0,0,Transient,149.0,0,3
City Hotel,0,248,2017,April,15,9,2,0,2,0.0,0,BB,DEU,Groups,TA/TO,0,0,0,A,A,0,No Deposit,58.0,0,Transient-Party,80.0,0,1
City Hotel,0,248,2017,April,15,9,2,0,2,0.0,0,BB,DEU,Groups,TA/TO,0,0,0,A,A,0,No Deposit,58.0,0,Transient-Party,80.0,0,1
City Hotel,0,178,2017,April,14,7,2,2,2,0.0,0,BB,LUX,Online TA,TA/TO,0,0,0,B,A,1,No Deposit,9.0,0,Transient,103.05,0,0
City Hotel,0,8,2017,April,14,8,2,1,2,0.0,0,SC,ESP,Online TA,TA/TO,0,0,0,A,A,0,No Deposit,9.0,0,Transient,115.0,0,0
City Hotel,0,189,2017,April,14,6,2,3,2,0.0,0,BB,PRT,Online TA,TA/TO,0,0,0,A,A,0,No Deposit,83.0,0,Transient,88.4,0,0
City Hotel,0,82,2017,April,14,8,2,1,2,0.0,0,BB,GBR,Direct,Direct,0,0,0,D,D,0,No Deposit,14.0,0,Transient,129.97,0,3
City Hotel,0,74,2017,April,15,9,2,1,2,0.0,0,BB,DEU,Online TA,TA/TO,0,0,0,A,A,0,No Deposit,9.0,0,Transient,117.0,0,1
City Hotel,0,44,2017,April,14,7,2,3,2,0.0,0,SC,DEU,Online TA,TA/TO,0,0,0,A,A,0,No Deposit,9.0,0,Transient,110.4,0,1
City Hotel,0,70,2017,April,14,8,2,2,2,0.0,0,BB,AUT,Offline TA/TO,TA/TO,0,0,0,A,A,0,No Deposit,27.0,0,Transient,89.1,0,1
City Hotel,0,112,2017,April,14,8,2,2,2,0.0,0,BB,HRV,Direct,Direct,0,0,0,A,A,0,No Deposit,14.0,0,Transient,99.0,0,1
City Hotel,0,112,2017,April,14,8,2,2,2,0.0,0,BB,AUT,Direct,Direct,0,0,0,A,A,0,No Deposit,14.0,0,Transient,99.0,0,1
City Hotel,0,112,2017,April,14,8,2,2,2,0.0,0,BB,AUT,Direct,Direct,0,0,0,A,A,0,No Deposit,14.0,0,Transient,99.0,0,1
City Hotel,0,156,2017,April,15,11,0,1,2,0.0,0,SC,DEU,Online TA,TA/TO,0,0,0,A,D,1,No Deposit,9.0,0,Transient,99.0,0,2
City Hotel,0,83,2017,April,15,9,2,1,2,0.0,0,BB,FRA,Offline TA/TO,TA/TO,0,0,0,A,D,0,No Deposit,28.0,0,Transient,85.0,0,0
City Hotel,0,104,2017,April,15,9,2,1,2,0.0,0,BB,FRA,Online TA,TA/TO,0,0,0,A,A,0,No Deposit,9.0,0,Transient,117.0,0,3
City Hotel,0,29,2017,April,15,10,1,1,2,0.0,0,HB,ESP,Direct,Direct,0,0,0,A,A,1,No Deposit,14.0,0,Transient,175.0,0,1
City Hotel,0,10,2017,April,15,10,1,1,2,0.0,0,BB,ESP,Direct,Direct,0,0,0,A,A,0,No Deposit,14.0,0,Transient,103.5,0,1
City Hotel,0,36,2017,April,15,9,2,1,2,0.0,0,SC,CHN,Online TA,TA/TO,0,0,0,A,A,0,No Deposit,9.0,0,Transient,120.0,0,1
City Hotel,0,10,2017,April,15,10,1,1,2,0.0,0,BB,ESP,Direct,Direct,0,0,0,A,A,0,No Deposit,14.0,0,Transient,103.5,0,1
City Hotel,0,102,2017,April,15,9,2,1,2,0.0,0,BB,USA,Online TA,TA/TO,0,0,0,A,A,0,No Deposit,9.0,0,Transient,117.0,0,0
City Hotel,0,2,2017,April,15,11,0,1,2,0.0,0,SC,PRT,Online TA,TA/TO,0,0,0,A,A,0,No Deposit,9.0,0,Transient,150.0,0,1
City Hotel,0,82,2017,April,15,9,2,1,2,0.0,0,BB,FRA,Offline TA/TO,TA/TO,0,0,0,A,D,0,No Deposit,28.0,0,Transient,85.0,0,0
City Hotel,0,96,2017,April,15,9,2,1,2,0.0,0,BB,LUX,Offline TA/TO,TA/TO,0,0,0,A,A,0,No Deposit,28.0,0,Transient,89.1,0,0
City Hotel,0,96,2017,April,15,9,2,1,2,0.0,0,BB,BEL,Offline TA/TO,TA/TO,0,0,0,A,A,0,No Deposit,28.0,0,Transient,89.1,0,0
City Hotel,0,88,2017,April,15,10,1,1,2,0.0,0,BB,PRT,Direct,Direct,0,0,0,A,A,0,No Deposit,14.0,0,Transient,99.0,0,0
City Hotel,0,88,2017,April,15,10,1,1,2,0.0,0,BB,PRT,Direct,Direct,0,0,0,A,A,0,No Deposit,14.0,0,Transient,99.0,0,1
City Hotel,0,88,2017,April,15,10,1,1,2,0.0,0,BB,PRT,Direct,Direct,0,0,0,A,A,0,No Deposit,14.0,0,Transient,108.0,1,0
City Hotel,0,76,2017,April,15,9,2,1,2,0.0,0,BB,GBR,Online TA,TA/TO,0,0,0,A,A,0,No Deposit,83.0,0,Transient,93.6,0,0
City Hotel,0,138,2017,April,14,4,2,6,2,0.0,0,BB,BEL,Direct,Direct,0,0,0,A,A,0,No Deposit,14.0,0,Transient,99.0,0,0
City Hotel,0,175,2017,April,14,8,2,2,2,0.0,0,BB,FRA,Online TA,TA/TO,0,0,0,A,A,0,No Deposit,9.0,0,Transient,117.0,0,2
City Hotel,0,175,2017,April,14,8,2,2,2,0.0,0,BB,FRA,Online TA,TA/TO,0,0,0,A,A,0,No Deposit,9.0,0,Transient,117.0,0,2
City Hotel,0,44,2017,April,15,9,2,1,2,0.0,0,BB,FRA,Online TA,TA/TO,0,0,0,A,A,0,No Deposit,9.0,0,Transient,130.67,0,0
City Hotel,0,3,2017,April,14,8,2,2,2,0.0,0,SC,ESP,Online TA,TA/TO,0,0,0,A,A,0,No Deposit,9.0,0,Transient,150.0,0,2
City Hotel,0,61,2017,April,14,8,2,2,2,0.0,0,BB,FRA,Direct,Direct,0,0,0,A,A,0,No Deposit,14.0,0,Transient,99.0,0,1
City Hotel,0,78,2017,April,14,7,2,3,2,0.0,0,BB,FRA,Offline TA/TO,TA/TO,0,0,0,A,D,0,No Deposit,28.0,0,Transient,85.0,0,0
City Hotel,0,73,2017,April,15,9,2,1,2,0.0,0,BB,BEL,Online TA,TA/TO,0,0,0,A,A,0,No Deposit,9.0,0,Transient,117.0,0,0
City Hotel,0,60,2017,April,14,8,2,2,2,0.0,0,HB,ESP,Online TA,TA/TO,0,0,0,A,A,0,No Deposit,9.0,0,Transient,160.2,0,1
City Hotel,0,88,2017,April,15,10,1,1,2,0.0,0,BB,PRT,Direct,Direct,0,0,0,A,A,0,No Deposit,14.0,0,Transient,108.0,1,1
City Hotel,0,74,2017,April,15,9,2,1,2,0.0,0,BB,DEU,Online TA,TA/TO,0,0,0,A,A,0,No Deposit,9.0,0,Transient,117.0,0,1
City Hotel,0,2,2017,April,15,11,0,1,2,0.0,0,BB,GBR,Online TA,Direct,0,0,0,A,A,1,No Deposit,,0,Transient,135.0,0,0
City Hotel,0,137,2017,April,15,9,2,1,2,0.0,0,HB,ESP,Online TA,TA/TO,0,0,0,A,A,3,No Deposit,83.0,0,Transient,118.8,0,0
City Hotel,0,202,2017,April,15,9,2,1,2,0.0,0,BB,USA,Online TA,TA/TO,0,0,0,B,B,3,No Deposit,9.0,0,Transient,215.1,1,1
City Hotel,0,0,2017,April,15,12,0,0,2,0.0,0,SC,PRT,Online TA,TA/TO,1,0,0,A,A,0,No Deposit,9.0,0,Transient,0.0,0,1
City Hotel,0,79,2017,April,14,8,2,3,2,0.0,0,BB,DNK,Online TA,TA/TO,0,0,0,D,D,0,No Deposit,9.0,0,Transient,126.0,0,2
City Hotel,0,84,2017,April,14,8,2,3,2,0.0,0,BB,DNK,Online TA,TA/TO,0,0,0,D,D,0,No Deposit,9.0,0,Transient,127.8,0,0
City Hotel,0,75,2017,April,15,9,2,2,2,0.0,0,BB,DEU,Online TA,TA/TO,0,0,0,A,A,0,No Deposit,9.0,0,Transient,117.0,0,1
City Hotel,0,10,2017,April,15,10,1,2,2,0.0,0,SC,FRA,Online TA,TA/TO,0,0,0,A,A,0,No Deposit,9.0,0,Transient,115.0,0,2
City Hotel,0,67,2017,April,15,9,2,2,2,0.0,0,BB,GBR,Offline TA/TO,TA/TO,0,0,0,A,A,0,No Deposit,168.0,0,Transient,89.1,0,0
City Hotel,0,126,2017,April,14,8,2,3,2,0.0,0,BB,FRA,Online TA,TA/TO,0,0,0,A,A,1,No Deposit,8.0,0,Transient,118.99,0,0
City Hotel,0,60,2017,April,15,10,1,2,2,0.0,0,HB,ITA,Online TA,TA/TO,0,0,0,A,A,0,No Deposit,9.0,0,Transient,160.2,0,0
City Hotel,0,40,2017,April,15,10,1,2,2,0.0,0,SC,FRA,Online TA,TA/TO,0,0,0,A,A,0,No Deposit,9.0,0,Transient,120.0,0,2
City Hotel,0,93,2017,April,15,9,2,2,2,0.0,0,SC,BRA,Online TA,TA/TO,0,0,0,A,A,0,No Deposit,9.0,0,Transient,99.0,0,0
City Hotel,0,110,2017,April,15,10,1,2,2,0.0,0,SC,IRL,Online TA,TA/TO,0,0,0,A,A,0,No Deposit,9.0,0,Transient,99.0,0,1
City Hotel,0,33,2017,April,14,8,2,3,2,0.0,0,BB,GBR,Online TA,TA/TO,0,0,0,A,A,0,No Deposit,7.0,0,Transient,115.4,0,0
City Hotel,0,96,2017,April,15,9,2,2,2,0.0,0,BB,IRL,Direct,Direct,0,0,0,A,A,0,No Deposit,14.0,0,Transient,99.0,0,0
City Hotel,0,43,2017,April,15,11,0,2,2,0.0,0,BB,ISR,Online TA,TA/TO,0,0,0,A,A,0,No Deposit,9.0,0,Transient,140.0,0,2
City Hotel,0,160,2017,April,15,9,2,2,2,0.0,0,BB,BEL,Online TA,TA/TO,0,0,0,A,A,0,No Deposit,9.0,0,Transient,117.0,0,2
City Hotel,0,36,2017,April,15,10,1,2,2,0.0,0,BB,BEL,Online TA,TA/TO,0,0,0,A,A,0,No Deposit,9.0,0,Transient,140.0,0,5
City Hotel,0,36,2017,April,15,10,1,2,2,0.0,0,BB,BEL,Online TA,TA/TO,0,0,0,A,A,0,No Deposit,9.0,0,Transient,140.0,0,4
City Hotel,0,256,2017,April,14,8,2,3,2,0.0,0,BB,DEU,Online TA,TA/TO,0,0,0,A,A,0,No Deposit,9.0,0,Transient,109.8,0,2
City Hotel,0,76,2017,April,15,10,1,2,2,0.0,0,SC,URY,Online TA,TA/TO,0,0,0,A,A,0,No Deposit,9.0,0,Transient,108.0,1,1
City Hotel,0,56,2017,April,15,9,2,2,2,0.0,0,BB,DEU,Online TA,TA/TO,0,0,0,A,A,0,No Deposit,9.0,0,Transient,126.0,0,0
City Hotel,0,6,2017,April,15,10,1,2,2,0.0,0,BB,CHN,Direct,Direct,0,0,0,A,A,0,No Deposit,14.0,0,Transient,135.0,0,1
City Hotel,0,76,2017,April,14,7,2,4,2,0.0,0,BB,FRA,Online TA,TA/TO,0,0,0,D,D,0,No Deposit,9.0,0,Transient,126.0,0,2
City Hotel,0,37,2017,April,15,11,0,2,2,0.0,0,BB,FRA,Direct,Direct,0,0,0,A,A,0,No Deposit,14.0,0,Transient,135.0,0,1
City Hotel,0,2,2017,April,15,10,1,2,2,0.0,0,BB,FRA,Online TA,TA/TO,0,0,0,A,A,1,No Deposit,89.0,0,Transient,140.0,0,0
City Hotel,0,3,2017,April,15,12,0,1,2,0.0,0,BB,ITA,Online TA,Direct,0,0,0,A,D,0,No Deposit,,0,Transient,135.0,0,1
City Hotel,0,92,2017,April,15,10,1,2,2,0.0,0,BB,DEU,Online TA,TA/TO,0,0,0,A,A,0,No Deposit,9.0,0,Transient,117.0,0,2
City Hotel,0,125,2017,April,15,10,1,2,2,0.0,0,BB,IRL,Online TA,TA/TO,0,0,0,A,A,2,No Deposit,9.0,0,Transient,121.33,0,1
City Hotel,0,44,2017,April,15,9,2,2,2,0.0,0,BB,DEU,Offline TA/TO,TA/TO,0,0,0,A,A,0,No Deposit,85.0,0,Transient,99.0,0,1
City Hotel,0,64,2017,April,15,10,1,2,2,0.0,0,BB,NLD,Direct,Direct,0,0,0,A,A,0,No Deposit,14.0,0,Transient,137.67,0,0
City Hotel,0,152,2017,April,15,10,1,2,2,0.0,0,BB,BEL,Online TA,TA/TO,0,0,0,A,A,0,No Deposit,9.0,0,Transient,117.0,0,2
City Hotel,0,51,2017,April,15,12,0,1,2,0.0,0,SC,ESP,Online TA,TA/TO,0,0,0,A,A,0,No Deposit,9.0,0,Transient,108.0,0,0
City Hotel,0,36,2017,April,15,10,1,2,2,0.0,0,SC,FRA,Online TA,TA/TO,0,0,0,A,A,0,No Deposit,9.0,0,Transient,120.0,0,1
City Hotel,0,143,2017,April,15,12,0,1,2,0.0,0,SC,GBR,Online TA,TA/TO,0,0,0,A,A,0,No Deposit,9.0,0,Transient,99.0,0,2
City Hotel,0,46,2017,April,15,10,1,2,2,0.0,0,BB,PRT,Direct,Direct,0,0,0,A,A,0,No Deposit,14.0,0,Transient,108.0,0,3
City Hotel,0,0,2017,April,15,10,1,2,2,0.0,0,BB,USA,Direct,Direct,0,0,0,A,A,1,No Deposit,14.0,0,Transient,162.67,1,1
City Hotel,0,10,2017,April,15,9,2,2,2,0.0,0,SC,GBR,Online TA,TA/TO,0,0,0,A,A,0,No Deposit,9.0,0,Transient,115.0,0,1
City Hotel,0,40,2017,April,15,9,2,2,2,0.0,0,SC,FRA,Online TA,TA/TO,0,0,0,A,A,0,No Deposit,9.0,0,Transient,120.0,0,0
City Hotel,0,47,2017,April,15,10,1,2,2,0.0,0,SC,AUT,Online TA,TA/TO,0,0,0,A,A,0,No Deposit,9.0,0,Transient,108.0,0,0
City Hotel,0,85,2017,April,15,10,1,2,2,0.0,0,SC,GBR,Online TA,TA/TO,0,0,0,A,K,0,No Deposit,7.0,0,Transient,72.42,0,1
City Hotel,0,53,2017,April,15,13,1,3,2,0.0,0,BB,DEU,Online TA,TA/TO,0,0,0,D,D,1,No Deposit,9.0,0,Transient,12.0,0,2
City Hotel,0,153,2017,April,14,7,2,5,2,0.0,0,BB,DNK,Online TA,TA/TO,0,0,0,A,A,0,No Deposit,9.0,0,Transient,118.29,0,2
City Hotel,0,153,2017,April,14,7,2,5,2,0.0,0,BB,DNK,Online TA,TA/TO,0,0,0,A,A,0,No Deposit,9.0,0,Transient,118.29,0,2
City Hotel,0,102,2017,April,15,9,2,3,2,0.0,0,BB,DEU,Online TA,TA/TO,0,0,0,A,A,0,No Deposit,9.0,0,Transient,118.8,0,0
City Hotel,0,50,2017,April,15,13,0,1,2,0.0,0,SC,USA,Online TA,TA/TO,0,0,0,A,A,0,No Deposit,9.0,0,Transient,108.0,0,1
City Hotel,0,50,2017,April,15,13,0,1,2,0.0,0,SC,USA,Online TA,TA/TO,0,0,0,A,A,0,No Deposit,9.0,0,Transient,108.0,0,1
City Hotel,0,50,2017,April,15,11,0,3,2,0.0,0,SC,CN,Online TA,TA/TO,0,0,0,A,A,0,No Deposit,9.0,0,Transient,108.0,0,1
City Hotel,0,59,2017,April,15,12,0,2,2,0.0,0,BB,BRA,Online TA,TA/TO,0,0,0,A,A,0,No Deposit,9.0,0,Transient,126.0,0,0
City Hotel,0,58,2017,April,15,11,0,3,2,0.0,0,BB,DNK,Online TA,TA/TO,0,0,0,A,A,0,No Deposit,9.0,0,Transient,126.0,0,3
City Hotel,0,39,2017,April,15,11,0,3,2,0.0,0,BB,PRT,Online TA,TA/TO,0,0,0,A,A,0,No Deposit,9.0,0,Transient,140.0,0,0
City Hotel,0,146,2017,April,15,10,1,3,2,0.0,0,SC,DEU,Online TA,TA/TO,0,0,0,A,A,0,No Deposit,9.0,0,Transient,101.25,0,1
City Hotel,0,134,2017,April,15,10,1,3,2,0.0,0,BB,AUT,Online TA,TA/TO,0,0,0,A,A,0,No Deposit,9.0,0,Transient,119.25,0,2
City Hotel,0,69,2017,April,15,11,0,3,2,0.0,0,BB,DNK,Online TA,TA/TO,0,0,0,A,A,1,No Deposit,9.0,0,Transient,120.0,0,1
City Hotel,0,79,2017,April,15,11,0,3,2,0.0,0,BB,FRA,Online TA,TA/TO,0,0,0,D,A,1,No Deposit,9.0,0,Transient,165.0,0,1
City Hotel,0,93,2017,April,15,11,0,3,2,0.0,0,BB,BEL,Online TA,TA/TO,0,0,0,A,A,0,No Deposit,9.0,0,Transient,120.0,0,1
City Hotel,0,79,2017,April,15,11,0,3,2,0.0,0,BB,FRA,Online TA,TA/TO,0,0,0,A,A,1,No Deposit,9.0,0,Transient,120.0,0,1
City Hotel,0,52,2017,April,15,11,0,3,2,0.0,0,BB,BEL,Online TA,TA/TO,0,0,0,A,A,0,No Deposit,7.0,0,Transient,100.8,0,1
City Hotel,0,52,2017,April,15,11,0,3,2,0.0,0,BB,BEL,Online TA,TA/TO,0,0,0,A,A,0,No Deposit,7.0,0,Transient,100.8,0,1
City Hotel,0,133,2017,April,15,11,0,3,2,0.0,0,BB,AUT,Online TA,TA/TO,0,0,0,D,D,0,No Deposit,9.0,0,Transient,133.5,0,3
City Hotel,0,142,2017,April,15,10,1,3,2,0.0,0,BB,IRL,Online TA,TA/TO,0,0,0,A,A,0,No Deposit,9.0,0,Transient,119.25,0,1
City Hotel,0,28,2017,April,15,11,0,3,2,0.0,0,SC,BEL,Online TA,TA/TO,0,0,0,A,A,0,No Deposit,9.0,0,Transient,120.0,0,1
City Hotel,0,168,2017,April,15,10,1,3,2,0.0,0,BB,DEU,Online TA,TA/TO,0,0,0,A,A,0,No Deposit,9.0,0,Transient,119.25,0,1
City Hotel,0,97,2017,April,15,10,1,3,2,0.0,0,BB,ESP,Direct,Direct,0,0,0,A,A,0,No Deposit,14.0,0,Transient,110.25,0,0
City Hotel,0,29,2017,April,15,10,1,3,2,0.0,0,BB,PRT,Online TA,TA/TO,0,0,0,A,A,0,No Deposit,9.0,0,Transient,140.0,0,0
City Hotel,0,44,2017,April,15,10,1,3,2,0.0,0,BB,CHE,Online TA,TA/TO,0,0,0,A,A,0,No Deposit,9.0,0,Transient,129.5,0,1
City Hotel,0,68,2017,April,15,10,1,3,2,0.0,0,BB,DEU,Offline TA/TO,TA/TO,0,0,0,A,A,0,No Deposit,42.0,0,Transient,89.1,0,0
City Hotel,0,60,2017,April,15,11,0,3,2,0.0,0,BB,FRA,Online TA,TA/TO,0,0,0,A,A,0,No Deposit,9.0,0,Transient,126.0,0,1
City Hotel,0,98,2017,April,15,10,1,3,2,0.0,0,BB,FRA,Direct,Direct,0,0,0,A,A,0,No Deposit,14.0,0,Transient,98.44,0,0
City Hotel,0,2,2017,April,15,9,2,3,2,0.0,0,SC,FRA,Online TA,TA/TO,0,0,0,A,A,0,No Deposit,7.0,0,Transient,115.52,0,1
City Hotel,0,96,2017,April,15,11,0,3,2,0.0,0,BB,FRA,Online TA,TA/TO,0,0,0,A,A,0,No Deposit,9.0,0,Transient,120.0,0,1
City Hotel,0,59,2017,April,15,10,1,3,2,0.0,0,BB,PRT,Direct,Direct,0,0,0,A,A,0,No Deposit,14.0,0,Transient,117.0,1,0
City Hotel,0,58,2017,April,15,12,0,2,2,0.0,0,BB,MLT,Direct,Direct,0,0,0,A,A,0,No Deposit,14.0,0,Transient,108.0,0,0
City Hotel,0,62,2017,April,15,12,0,2,2,0.0,0,SC,BEL,Online TA,TA/TO,0,0,0,A,A,0,No Deposit,9.0,0,Transient,117.0,0,3
City Hotel,0,39,2017,April,15,11,0,3,2,0.0,0,SC,PRT,Online TA,TA/TO,0,0,0,A,A,0,No Deposit,9.0,0,Transient,129.0,0,2
City Hotel,0,87,2017,April,15,12,0,2,2,0.0,0,SC,GBR,Online TA,TA/TO,0,0,0,A,A,0,No Deposit,9.0,0,Transient,103.5,0,1
City Hotel,0,137,2017,April,15,11,0,3,2,0.0,0,SC,IRL,Online TA,TA/TO,0,0,0,A,A,0,No Deposit,9.0,0,Transient,102.0,0,1
City Hotel,0,196,2017,April,15,9,2,3,2,0.0,0,BB,GBR,Online TA,TA/TO,0,0,0,A,A,0,No Deposit,7.0,0,Transient,90.09,0,1
City Hotel,0,99,2017,April,15,12,0,2,2,0.0,0,BB,GBR,Online TA,TA/TO,0,0,0,A,A,0,No Deposit,9.0,0,Transient,130.5,1,0
City Hotel,0,29,2017,April,15,11,0,3,2,0.0,0,BB,DEU,Online TA,TA/TO,0,0,0,A,A,0,No Deposit,9.0,0,Transient,149.0,0,2
City Hotel,0,4,2017,April,15,11,0,3,2,0.0,0,SC,FRA,Online TA,TA/TO,0,0,0,A,A,0,No Deposit,9.0,0,Transient,153.33,0,1
City Hotel,0,0,2017,April,15,13,0,1,2,0.0,0,SC,HRV,Online TA,TA/TO,0,0,0,A,A,0,No Deposit,152.0,0,Transient,88.56,0,0
City Hotel,0,4,2017,April,15,11,0,3,2,0.0,0,SC,CHN,Online TA,TA/TO,0,0,0,A,A,0,No Deposit,7.0,0,Transient,122.67,0,1
City Hotel,0,76,2017,April,15,10,1,3,2,0.0,0,BB,FRA,Online TA,TA/TO,0,0,0,A,A,0,No Deposit,7.0,0,Transient,87.24,0,1
City Hotel,0,5,2017,April,15,12,0,2,2,0.0,0,BB,PRT,Offline TA/TO,TA/TO,0,0,0,A,A,0,No Deposit,94.0,0,Transient,75.0,0,2
City Hotel,0,6,2017,April,15,12,0,2,2,0.0,0,BB,PRT,Direct,Direct,0,0,0,A,A,0,No Deposit,,0,Transient,100.0,0,1
City Hotel,0,63,2017,April,15,9,2,3,2,0.0,0,SC,GBR,Online TA,TA/TO,0,0,0,A,A,0,No Deposit,9.0,0,Transient,100.8,0,0
City Hotel,0,78,2017,April,15,10,1,3,2,0.0,0,BB,BEL,Online TA,TA/TO,0,0,0,A,D,0,No Deposit,9.0,0,Transient,119.25,0,1
City Hotel,0,153,2017,April,15,9,2,4,2,0.0,0,BB,FRA,Online TA,TA/TO,0,0,0,A,A,0,No Deposit,9.0,0,Transient,120.0,0,2
City Hotel,0,82,2017,April,15,11,0,4,2,0.0,0,BB,FRA,Offline TA/TO,TA/TO,0,0,0,A,D,0,No Deposit,28.0,0,Transient,85.0,0,0
City Hotel,0,82,2017,April,14,8,2,5,2,0.0,0,BB,DNK,Online TA,TA/TO,0,0,0,D,D,0,No Deposit,9.0,0,Transient,128.57,0,1
City Hotel,0,82,2017,April,15,12,0,3,2,0.0,0,HB,FRA,Offline TA/TO,TA/TO,0,0,0,A,D,0,No Deposit,28.0,0,Transient,115.0,0,0
City Hotel,0,170,2017,April,15,12,0,3,2,0.0,0,SC,AUT,Online TA,TA/TO,0,0,0,A,A,0,No Deposit,83.0,0,Transient,84.0,0,1
City Hotel,0,170,2017,April,15,12,0,3,2,0.0,0,SC,AUT,Online TA,TA/TO,0,0,0,A,A,0,No Deposit,83.0,0,Transient,84.0,0,1
City Hotel,0,170,2017,April,15,12,0,3,2,0.0,0,SC,AUT,Online TA,TA/TO,0,0,0,A,A,0,No Deposit,83.0,0,Transient,84.0,0,1
City Hotel,0,108,2017,April,14,8,2,5,2,0.0,0,HB,DEU,Offline TA/TO,TA/TO,0,0,0,D,D,0,No Deposit,16.0,0,Transient,130.1,0,0
City Hotel,0,170,2017,April,15,12,0,3,2,0.0,0,SC,AUT,Online TA,TA/TO,0,0,0,A,A,0,No Deposit,83.0,0,Transient,84.0,0,1
City Hotel,0,5,2017,April,15,12,0,3,2,0.0,0,SC,FRA,Online TA,TA/TO,0,0,0,A,A,0,No Deposit,9.0,0,Transient,156.67,0,2
City Hotel,0,5,2017,April,15,13,0,2,2,0.0,0,SC,GBR,Online TA,TA/TO,0,0,0,A,A,0,No Deposit,9.0,0,Transient,160.0,0,2
City Hotel,0,109,2017,April,15,10,1,4,2,0.0,0,SC,IRL,Online TA,TA/TO,0,0,0,A,A,2,No Deposit,8.0,0,Transient,102.6,0,1
City Hotel,0,112,2017,April,15,12,0,3,2,0.0,0,SC,ITA,Online TA,TA/TO,0,0,0,A,A,0,No Deposit,9.0,0,Transient-Party,105.0,0,2
City Hotel,0,107,2017,April,15,14,0,1,2,0.0,0,BB,BRA,Online TA,TA/TO,0,0,0,A,A,0,No Deposit,9.0,0,Transient,126.0,0,1
City Hotel,0,91,2017,April,15,12,0,3,2,0.0,0,BB,ITA,Online TA,TA/TO,0,0,0,A,A,0,No Deposit,9.0,0,Transient,123.0,0,1
City Hotel,0,107,2017,April,15,14,0,1,2,0.0,0,BB,BRA,Online TA,TA/TO,0,0,0,A,A,0,No Deposit,9.0,0,Transient,126.0,0,1
City Hotel,0,112,2017,April,15,12,0,3,2,0.0,0,SC,ITA,Online TA,TA/TO,0,0,0,A,A,0,No Deposit,9.0,0,Transient-Party,105.0,0,2
City Hotel,0,112,2017,April,15,12,0,3,2,0.0,0,SC,ITA,Online TA,TA/TO,0,0,0,A,A,0,No Deposit,9.0,0,Transient-Party,105.0,0,2
City Hotel,0,112,2017,April,15,12,0,3,2,0.0,0,SC,ITA,Online TA,TA/TO,0,0,0,A,A,0,No Deposit,9.0,0,Transient-Party,105.0,0,2
City Hotel,0,110,2017,April,15,9,2,4,2,0.0,0,SC,GBR,Online TA,TA/TO,0,0,0,A,A,0,No Deposit,9.0,0,Transient,102.0,0,1
City Hotel,0,87,2017,April,15,12,0,3,2,0.0,0,SC,ITA,Online TA,TA/TO,0,0,0,A,A,0,No Deposit,9.0,0,Transient,105.0,0,0
City Hotel,0,107,2017,April,15,11,0,4,2,0.0,0,SC,TUR,Online TA,TA/TO,0,0,0,A,A,2,No Deposit,9.0,0,Transient,103.5,0,1
City Hotel,0,87,2017,April,15,12,0,3,2,0.0,0,SC,ITA,Online TA,TA/TO,0,0,0,A,A,0,No Deposit,9.0,0,Transient,105.0,0,0
City Hotel,0,5,2017,April,15,13,0,2,2,0.0,0,BB,FRA,Online TA,TA/TO,0,0,0,A,A,1,No Deposit,9.0,0,Transient,189.0,0,1
City Hotel,0,78,2017,April,15,12,0,3,2,0.0,0,SC,ARG,Online TA,TA/TO,0,0,0,A,A,0,No Deposit,9.0,0,Transient,105.0,0,1
City Hotel,0,94,2017,April,15,11,0,4,2,0.0,0,BB,FRA,Online TA,TA/TO,0,0,0,A,A,0,No Deposit,7.0,0,Transient,88.88,0,1
City Hotel,0,94,2017,April,15,11,0,4,2,0.0,0,BB,FRA,Online TA,TA/TO,0,0,0,A,A,0,No Deposit,7.0,0,Transient,88.88,0,1
City Hotel,0,142,2017,April,15,12,0,3,2,0.0,0,BB,ESP,Online TA,TA/TO,0,0,0,A,A,2,No Deposit,9.0,0,Transient,136.33,1,1
City Hotel,0,142,2017,April,15,12,0,3,2,0.0,0,BB,ESP,Online TA,TA/TO,0,0,0,A,A,2,No Deposit,9.0,0,Transient,127.33,0,1
City Hotel,0,6,2017,April,15,13,0,2,2,0.0,0,BB,ESP,Direct,Direct,0,0,0,A,A,0,No Deposit,14.0,0,Transient,144.0,0,1
City Hotel,0,98,2017,April,15,9,2,4,2,0.0,0,HB,FRA,Online TA,TA/TO,0,0,0,A,A,0,No Deposit,9.0,0,Transient,156.0,0,0
City Hotel,0,7,2017,April,15,13,0,2,2,0.0,0,SC,ESP,Online TA,TA/TO,0,0,0,A,A,0,No Deposit,9.0,0,Transient,160.0,0,2
City Hotel,0,182,2017,April,15,10,1,4,2,0.0,0,BB,DEU,Online TA,TA/TO,0,0,0,B,A,1,No Deposit,9.0,0,Transient,103.05,0,2
City Hotel,0,2,2017,April,15,10,1,4,2,0.0,0,SC,DEU,Online TA,TA/TO,0,0,0,A,A,0,No Deposit,9.0,0,Transient,154.0,0,2
City Hotel,0,22,2017,April,15,14,0,1,2,0.0,0,BB,BRA,Online TA,TA/TO,0,0,0,E,F,0,No Deposit,9.0,0,Transient,174.0,0,1
City Hotel,0,88,2017,April,15,12,0,3,2,0.0,0,BB,ESP,Online TA,TA/TO,0,0,0,A,A,0,No Deposit,9.0,0,Transient,123.0,0,1
City Hotel,0,151,2017,April,15,11,0,4,2,0.0,0,BB,DEU,Online TA,TA/TO,0,0,0,A,A,0,No Deposit,9.0,0,Transient,121.5,0,3
City Hotel,0,73,2017,April,15,9,2,4,2,0.0,0,BB,DEU,Offline TA/TO,TA/TO,0,0,0,A,A,0,No Deposit,85.0,0,Transient,89.1,0,0
City Hotel,0,130,2017,April,15,12,0,3,2,0.0,0,BB,FRA,Online TA,TA/TO,0,0,0,A,A,2,No Deposit,9.0,0,Transient,123.0,0,2
City Hotel,0,116,2017,April,15,13,0,2,2,0.0,0,BB,CZE,Online TA,TA/TO,0,0,0,A,A,0,No Deposit,9.0,0,Transient,126.0,0,1
City Hotel,0,5,2017,April,15,12,0,3,2,0.0,0,SC,ESP,Online TA,TA/TO,0,0,0,A,A,0,No Deposit,9.0,0,Transient,165.67,1,1
City Hotel,0,0,2017,April,15,13,0,2,2,0.0,0,SC,ESP,Online TA,TA/TO,0,0,0,A,A,0,No Deposit,425.0,0,Transient,123.0,0,0
City Hotel,0,6,2017,April,15,13,0,2,2,0.0,0,SC,PRT,Online TA,TA/TO,0,0,0,A,A,0,No Deposit,9.0,0,Transient,160.0,0,1
City Hotel,0,183,2017,April,15,11,0,4,2,0.0,0,BB,BEL,Online TA,TA/TO,0,0,0,B,A,1,No Deposit,9.0,0,Transient,103.05,0,1
City Hotel,0,6,2017,April,15,13,0,2,2,0.0,0,SC,PRT,Online TA,TA/TO,0,0,0,A,A,0,No Deposit,9.0,0,Transient,169.0,0,1
City Hotel,0,102,2017,April,15,14,0,1,2,0.0,0,BB,DEU,Online TA,TA/TO,0,0,0,D,D,1,No Deposit,9.0,0,Transient,139.5,0,1
City Hotel,0,9,2017,April,15,14,0,1,2,0.0,0,BB,FRA,Online TA,TA/TO,0,0,0,E,E,0,No Deposit,9.0,0,Transient,210.0,0,1
City Hotel,0,82,2017,April,15,12,0,3,2,0.0,0,SC,PRT,Online TA,TA/TO,0,0,0,A,A,0,No Deposit,9.0,0,Transient,105.0,0,1
City Hotel,0,82,2017,April,14,8,2,5,2,0.0,0,BB,CHN,Online TA,TA/TO,0,0,0,D,D,0,No Deposit,9.0,0,Transient,128.57,0,1
City Hotel,0,64,2017,April,15,13,0,2,2,0.0,0,BB,ESP,Direct,Direct,0,0,0,D,D,0,No Deposit,14.0,0,Transient,130.5,0,0
City Hotel,0,4,2017,April,15,12,0,3,2,0.0,0,SC,CZE,Online TA,TA/TO,0,0,0,A,A,0,No Deposit,9.0,0,Transient,156.67,0,2
City Hotel,0,118,2017,April,14,8,2,5,2,0.0,0,BB,DEU,Online TA,TA/TO,0,0,0,A,A,0,No Deposit,9.0,0,Transient,119.57,0,1
City Hotel,0,116,2017,April,15,13,0,2,2,0.0,0,BB,ESP,Direct,Direct,0,0,0,A,A,0,No Deposit,14.0,0,Transient,126.0,1,0
City Hotel,0,96,2017,April,15,13,0,2,2,0.0,0,SC,URY,Online TA,TA/TO,0,0,0,A,A,0,No Deposit,9.0,0,Transient,108.0,0,1
City Hotel,0,96,2017,April,15,13,0,2,2,0.0,0,SC,URY,Online TA,TA/TO,0,0,0,A,A,0,No Deposit,9.0,0,Transient,108.0,0,2
City Hotel,0,64,2017,April,15,13,0,2,2,0.0,0,BB,ESP,Online TA,TA/TO,0,0,0,D,D,0,No Deposit,9.0,0,Transient,144.0,1,2
City Hotel,0,76,2017,April,15,11,0,4,2,0.0,0,BB,ESP,Offline TA/TO,TA/TO,0,0,0,A,D,0,No Deposit,28.0,0,Transient,85.0,0,0
City Hotel,0,82,2017,April,15,12,0,3,2,0.0,0,SC,ESP,Online TA,TA/TO,0,0,0,A,A,0,No Deposit,9.0,0,Transient,114.0,0,1
City Hotel,0,76,2017,April,15,11,0,4,2,0.0,0,BB,ESP,Offline TA/TO,TA/TO,0,0,0,A,D,0,No Deposit,28.0,0,Transient,85.0,0,0
City Hotel,0,0,2017,April,15,14,0,1,2,0.0,0,BB,PRT,Direct,Direct,0,0,0,A,C,1,No Deposit,,0,Transient,93.0,0,0
City Hotel,0,5,2017,April,15,13,0,2,2,0.0,0,SC,GBR,Online TA,TA/TO,0,0,0,A,D,0,No Deposit,9.0,0,Transient,160.0,0,3
City Hotel,0,36,2017,April,15,15,0,1,2,0.0,0,SC,PRT,Online TA,TA/TO,0,0,0,A,A,0,No Deposit,9.0,0,Transient,120.0,0,0
City Hotel,0,64,2017,April,15,13,0,3,2,0.0,0,BB,FRA,Online TA,TA/TO,0,0,0,D,D,0,No Deposit,9.0,0,Transient,141.0,0,1
City Hotel,0,195,2017,April,15,12,0,4,2,0.0,0,BB,DEU,Online TA,TA/TO,0,0,0,D,D,0,No Deposit,9.0,0,Transient,130.5,0,1
City Hotel,0,93,2017,April,15,13,0,3,2,0.0,0,BB,ESP,Offline TA/TO,TA/TO,0,0,0,A,A,0,No Deposit,85.0,0,Transient,89.1,0,1
City Hotel,0,105,2017,April,15,13,0,3,2,0.0,0,SC,GBR,Offline TA/TO,TA/TO,0,0,0,A,A,0,No Deposit,42.0,0,Transient,80.1,0,1
City Hotel,0,175,2017,April,15,11,0,5,2,0.0,0,BB,GBR,Online TA,TA/TO,0,0,0,D,D,0,No Deposit,9.0,0,Transient,130.5,0,2
City Hotel,0,105,2017,April,15,13,0,3,2,0.0,0,SC,GBR,Offline TA/TO,TA/TO,0,0,0,A,A,0,No Deposit,28.0,0,Transient,80.1,0,0
City Hotel,0,9,2017,April,15,13,0,3,2,0.0,0,BB,USA,Online TA,TA/TO,0,0,0,E,E,0,No Deposit,9.0,0,Transient,210.0,0,1
City Hotel,0,133,2017,April,15,15,0,1,2,0.0,0,BB,FRA,Online TA,TA/TO,0,0,0,A,A,0,No Deposit,9.0,0,Transient,135.0,0,1
City Hotel,0,145,2017,April,15,11,0,5,2,0.0,0,SC,BRA,Online TA,TA/TO,0,0,0,A,A,0,No Deposit,9.0,0,Transient,104.4,0,1
City Hotel,0,7,2017,April,15,14,0,2,2,0.0,0,SC,CHN,Online TA,TA/TO,0,0,0,A,A,0,No Deposit,9.0,0,Transient-Party,144.0,0,2
City Hotel,0,64,2017,April,15,13,0,3,2,0.0,0,BB,BRA,Online TA,TA/TO,0,0,0,A,A,0,No Deposit,9.0,0,Transient,132.0,0,0
City Hotel,0,18,2017,April,15,14,0,2,2,0.0,0,SC,DNK,Online TA,TA/TO,0,0,0,A,A,0,No Deposit,9.0,0,Transient,150.0,1,2
City Hotel,0,1,2017,April,15,15,0,1,2,0.0,0,SC,USA,Online TA,TA/TO,0,0,0,A,A,0,No Deposit,7.0,0,Transient,121.59,0,1
City Hotel,0,79,2017,April,15,13,0,3,2,0.0,0,SC,ITA,Online TA,TA/TO,0,0,0,A,A,0,No Deposit,9.0,0,Transient,114.0,0,0
City Hotel,0,125,2017,April,15,10,1,5,2,0.0,0,BB,NOR,Online TA,TA/TO,0,0,0,A,A,0,No Deposit,9.0,0,Transient,121.5,0,2
City Hotel,0,115,2017,April,15,14,0,2,2,0.0,0,BB,DEU,Offline TA/TO,TA/TO,0,0,0,A,A,0,No Deposit,42.0,0,Transient,89.1,0,1
City Hotel,0,8,2017,April,15,12,0,4,2,0.0,0,BB,BEL,Direct,Direct,0,0,0,A,A,0,No Deposit,,0,Transient,148.0,0,0
City Hotel,0,122,2017,April,15,13,0,3,2,0.0,0,BB,GBR,Online TA,TA/TO,0,0,0,A,A,0,No Deposit,7.0,0,Transient,92.17,0,2
City Hotel,0,128,2017,April,15,13,0,3,2,0.0,0,BB,ESP,Online TA,TA/TO,0,0,0,A,A,0,No Deposit,9.0,0,Transient,132.0,0,1
City Hotel,0,178,2017,April,15,10,1,5,2,0.0,0,BB,DEU,Online TA,TA/TO,0,0,0,D,D,0,No Deposit,9.0,0,Transient,130.5,0,2
City Hotel,0,16,2017,April,15,13,0,3,2,0.0,0,SC,ESP,Online TA,TA/TO,0,0,0,A,A,0,No Deposit,9.0,0,Transient,138.33,0,1
City Hotel,0,7,2017,April,15,14,0,2,2,0.0,0,SC,CHN,Online TA,TA/TO,0,0,0,A,A,0,No Deposit,9.0,0,Transient-Party,144.0,0,2
City Hotel,0,7,2017,April,15,14,0,2,2,0.0,0,SC,CHN,Online TA,TA/TO,0,0,0,A,A,0,No Deposit,9.0,0,Transient-Party,144.0,0,2
City Hotel,0,16,2017,April,15,13,0,3,2,0.0,0,SC,ESP,Online TA,TA/TO,0,0,0,A,A,0,No Deposit,9.0,0,Transient,147.33,0,1
City Hotel,0,82,2017,April,15,11,0,5,2,0.0,0,BB,GBR,Online TA,TA/TO,0,0,0,A,A,0,No Deposit,9.0,0,Transient,126.0,0,2
City Hotel,0,0,2017,April,15,15,0,1,2,0.0,0,BB,PRT,Offline TA/TO,TA/TO,0,0,0,D,D,4,No Deposit,461.0,0,Transient,144.0,0,0
City Hotel,0,109,2017,April,15,11,0,5,2,0.0,0,BB,BEL,Offline TA/TO,TA/TO,0,0,0,A,A,0,No Deposit,28.0,0,Transient,89.1,0,0
City Hotel,0,109,2017,April,15,11,0,5,2,0.0,0,BB,BEL,Offline TA/TO,TA/TO,0,0,0,A,A,0,No Deposit,28.0,0,Transient,89.1,0,0
City Hotel,0,34,2017,April,15,14,0,2,2,0.0,0,BB,GBR,Online TA,TA/TO,0,0,0,D,D,0,No Deposit,9.0,0,Transient,150.0,0,0
City Hotel,0,1,2017,April,15,14,0,2,2,0.0,0,SC,ESP,Online TA,TA/TO,0,0,0,A,D,0,No Deposit,152.0,0,Transient,97.56,0,0
City Hotel,0,7,2017,April,15,14,0,2,2,0.0,0,SC,CN,Online TA,TA/TO,0,0,0,A,D,0,No Deposit,7.0,0,Transient,128.0,0,1
City Hotel,0,4,2017,April,15,11,0,5,2,0.0,0,BB,GBR,Online TA,TA/TO,0,0,0,A,A,0,No Deposit,42.0,0,Transient,140.8,0,1
City Hotel,0,81,2017,April,15,13,0,3,2,0.0,0,SC,IRL,Online TA,TA/TO,0,0,0,A,A,0,No Deposit,9.0,0,Transient,114.0,0,2
City Hotel,0,117,2017,April,15,14,0,2,2,0.0,0,BB,FIN,Online TA,TA/TO,0,0,0,A,D,0,No Deposit,9.0,0,Transient,135.0,0,1
City Hotel,0,195,2017,April,15,12,0,4,2,0.0,0,BB,DEU,Online TA,TA/TO,0,0,0,D,D,0,No Deposit,9.0,0,Transient,130.5,0,1
City Hotel,0,241,2017,April,15,15,0,1,2,0.0,0,BB,FRA,Online TA,TA/TO,0,0,0,A,A,1,No Deposit,8.0,0,Transient,109.8,0,1
City Hotel,0,4,2017,April,15,10,2,5,2,0.0,0,SC,ISR,Online TA,TA/TO,0,0,0,A,A,0,No Deposit,9.0,0,Transient,154.29,0,1
City Hotel,0,159,2017,April,15,13,1,3,2,0.0,0,BB,NOR,Online TA,TA/TO,0,0,0,A,A,0,No Deposit,7.0,0,Transient,95.29,0,1
City Hotel,0,159,2017,April,15,13,1,3,2,0.0,0,BB,NOR,Online TA,TA/TO,0,0,0,A,A,0,No Deposit,7.0,0,Transient,95.29,0,1
City Hotel,0,34,2017,April,15,15,1,1,2,0.0,0,SC,FRA,Online TA,TA/TO,0,0,0,A,A,0,No Deposit,9.0,0,Transient,120.0,0,0
City Hotel,0,236,2017,April,15,14,1,2,2,0.0,0,BB,CHE,Online TA,TA/TO,0,0,0,A,A,0,No Deposit,9.0,0,Transient,113.4,0,1
City Hotel,0,34,2017,April,15,15,1,1,2,0.0,0,SC,USA,Online TA,TA/TO,0,0,0,A,A,0,No Deposit,9.0,0,Transient,120.0,0,1
City Hotel,0,147,2017,April,15,13,1,3,2,0.0,0,BB,DEU,Online TA,TA/TO,0,0,0,D,D,0,No Deposit,7.0,0,Transient,105.68,0,1
City Hotel,0,98,2017,April,15,14,1,2,2,0.0,0,BB,FRA,Offline TA/TO,TA/TO,0,0,0,A,A,0,No Deposit,138.0,0,Transient,90.1,0,0
City Hotel,0,298,2017,April,15,14,1,2,2,0.0,0,BB,DEU,Offline TA/TO,TA/TO,0,0,0,A,A,0,No Deposit,6.0,0,Transient-Party,90.0,0,0
City Hotel,0,298,2017,April,15,14,1,2,2,0.0,0,HB,DEU,Offline TA/TO,TA/TO,0,0,0,A,A,1,No Deposit,6.0,0,Transient-Party,134.0,0,0
City Hotel,0,298,2017,April,15,14,1,2,2,0.0,0,BB,DEU,Offline TA/TO,TA/TO,0,0,0,A,A,0,No Deposit,6.0,0,Transient-Party,90.0,0,0
City Hotel,0,298,2017,April,15,14,1,2,2,0.0,0,BB,DEU,Offline TA/TO,TA/TO,0,0,0,A,A,1,No Deposit,6.0,0,Transient-Party,90.0,0,0
City Hotel,0,59,2017,April,15,15,1,1,2,0.0,0,BB,BRA,Direct,Direct,0,0,0,A,A,0,No Deposit,14.0,0,Transient,117.0,0,1
City Hotel,0,298,2017,April,15,14,1,2,2,0.0,0,BB,DEU,Offline TA/TO,TA/TO,0,0,0,A,A,1,No Deposit,6.0,0,Transient-Party,90.0,0,0
City Hotel,0,98,2017,April,15,14,1,2,2,0.0,0,BB,FRA,Offline TA/TO,TA/TO,0,0,0,A,A,0,No Deposit,138.0,0,Transient,90.1,0,0
City Hotel,0,298,2017,April,15,14,1,2,2,0.0,0,BB,DEU,Offline TA/TO,TA/TO,0,0,0,A,A,0,No Deposit,6.0,0,Transient-Party,90.0,0,1
City Hotel,0,121,2017,April,15,15,1,1,2,0.0,0,BB,AUS,Offline TA/TO,TA/TO,0,0,0,A,A,1,No Deposit,85.0,0,Transient,89.1,0,1
City Hotel,0,211,2017,April,15,13,1,3,2,0.0,0,HB,DEU,Direct,Direct,0,0,0,A,A,1,No Deposit,14.0,0,Transient,141.0,0,0
City Hotel,0,7,2017,April,15,13,1,3,2,0.0,0,SC,DEU,Online TA,TA/TO,0,0,0,A,A,0,No Deposit,7.0,0,Transient,119.7,0,1
City Hotel,0,94,2017,April,15,14,1,2,2,0.0,0,SC,POL,Offline TA/TO,TA/TO,0,0,0,A,A,1,No Deposit,132.0,0,Transient,80.1,0,0
City Hotel,0,121,2017,April,15,13,1,3,2,0.0,0,SC,GBR,Offline TA/TO,TA/TO,0,0,0,A,A,0,No Deposit,132.0,0,Transient,80.1,0,0
City Hotel,0,59,2017,April,16,16,1,0,2,0.0,0,SC,AUT,Online TA,TA/TO,0,0,0,A,A,0,No Deposit,9.0,0,Transient,108.0,0,0
City Hotel,0,7,2017,April,15,14,1,2,2,0.0,0,BB,GBR,Direct,Direct,0,0,0,A,A,0,No Deposit,14.0,0,Transient-Party,156.67,0,0
City Hotel,0,7,2017,April,15,14,1,2,2,0.0,0,BB,GBR,Direct,Direct,0,0,0,A,A,0,No Deposit,14.0,0,Transient-Party,156.67,0,0
City Hotel,0,28,2017,April,15,13,1,3,2,0.0,0,BB,ESP,Online TA,TA/TO,0,0,0,E,E,0,No Deposit,9.0,0,Transient,174.0,0,2
City Hotel,0,11,2017,April,15,14,1,2,2,0.0,0,SC,ESP,Online TA,TA/TO,0,0,0,A,A,0,No Deposit,7.0,0,Transient,110.67,0,2
City Hotel,0,11,2017,April,15,14,1,2,2,0.0,0,SC,ESP,Online TA,TA/TO,0,0,0,A,A,0,No Deposit,7.0,0,Transient,110.67,0,2
City Hotel,0,99,2017,April,15,14,1,2,2,0.0,0,BB,GBR,Offline TA/TO,TA/TO,0,0,0,A,A,0,No Deposit,42.0,0,Transient,89.1,0,1
City Hotel,0,53,2017,April,15,13,1,3,2,0.0,0,BB,NLD,Online TA,TA/TO,0,0,0,D,D,0,No Deposit,9.0,0,Transient,139.5,0,1
City Hotel,0,150,2017,April,15,14,1,2,2,0.0,0,BB,SWE,Online TA,TA/TO,0,0,0,D,D,0,No Deposit,9.0,0,Transient-Party,136.5,0,1
City Hotel,0,113,2017,April,15,13,1,3,2,0.0,0,BB,NLD,Direct,Direct,0,0,0,D,D,0,No Deposit,14.0,0,Transient,135.0,0,0
City Hotel,0,133,2017,April,15,15,1,1,2,0.0,0,BB,FRA,Online TA,TA/TO,0,0,0,A,A,0,No Deposit,9.0,0,Transient,130.5,0,1
City Hotel,0,202,2017,April,15,14,1,2,2,0.0,0,SC,ITA,Online TA,TA/TO,0,0,0,A,A,0,No Deposit,9.0,0,Transient,99.0,0,1
City Hotel,0,54,2017,April,15,15,1,1,2,0.0,0,BB,CHE,Online TA,TA/TO,0,0,0,A,A,0,No Deposit,9.0,0,Transient,135.0,0,0
City Hotel,0,108,2017,April,15,15,1,1,2,0.0,0,BB,FRA,Online TA,TA/TO,0,0,0,D,D,0,No Deposit,9.0,0,Transient,148.5,0,1
City Hotel,0,117,2017,April,15,13,1,3,2,0.0,0,BB,DEU,Online TA,TA/TO,0,0,0,D,D,0,No Deposit,9.0,0,Transient,144.0,0,2
City Hotel,0,117,2017,April,15,13,1,3,2,0.0,0,BB,DEU,Online TA,TA/TO,0,0,0,D,D,0,No Deposit,9.0,0,Transient,144.0,0,3
City Hotel,0,90,2017,April,15,15,1,1,2,0.0,0,BB,FRA,Online TA,TA/TO,0,0,0,E,E,0,No Deposit,9.0,0,Transient,171.0,0,2
City Hotel,0,52,2017,April,15,13,1,3,2,0.0,0,BB,ESP,Online TA,TA/TO,0,0,0,D,D,0,No Deposit,9.0,0,Transient,148.5,1,0
City Hotel,0,34,2017,April,15,15,1,1,2,0.0,0,SC,ESP,Online TA,TA/TO,0,0,0,A,A,0,No Deposit,9.0,0,Transient,120.0,0,1
City Hotel,0,48,2017,April,15,14,1,2,2,0.0,0,SC,GBR,Online TA,TA/TO,0,0,0,A,A,0,No Deposit,9.0,0,Transient,114.0,0,0
City Hotel,0,112,2017,April,15,10,2,5,2,0.0,0,BB,BEL,Offline TA/TO,TA/TO,0,0,0,D,D,0,No Deposit,394.0,0,Transient,98.1,0,2
City Hotel,0,205,2017,April,15,14,1,2,2,0.0,0,BB,IRL,Online TA,TA/TO,0,0,0,A,A,0,No Deposit,9.0,0,Transient,117.0,0,2
City Hotel,0,143,2017,April,15,15,1,1,2,0.0,0,BB,BEL,Offline TA/TO,TA/TO,0,0,0,A,A,0,No Deposit,28.0,0,Transient,89.1,0,0
City Hotel,0,7,2017,April,15,13,1,3,2,0.0,0,SC,IRL,Online TA,TA/TO,0,0,0,A,A,0,No Deposit,9.0,0,Transient,157.5,0,2
City Hotel,0,8,2017,April,15,13,1,3,2,0.0,0,SC,ESP,Online TA,TA/TO,0,0,0,A,A,0,No Deposit,9.0,0,Transient,185.25,0,1
City Hotel,0,62,2017,April,15,14,1,2,2,0.0,0,BB,FRA,Online TA,TA/TO,0,0,0,D,D,0,No Deposit,9.0,0,Transient,141.0,0,1
City Hotel,0,158,2017,April,15,13,1,3,2,0.0,0,BB,FRA,Online TA,TA/TO,0,0,0,A,A,0,No Deposit,7.0,0,Transient,95.29,0,3
City Hotel,0,94,2017,April,15,14,1,2,2,0.0,0,BB,DEU,Offline TA/TO,TA/TO,0,0,0,A,A,0,No Deposit,42.0,0,Transient,98.1,1,0
City Hotel,0,0,2017,April,15,15,1,1,2,0.0,0,BB,FRA,Online TA,TA/TO,0,0,0,A,A,2,No Deposit,9.0,0,Transient,73.05,0,2
City Hotel,0,11,2017,April,15,14,1,2,2,0.0,0,SC,NLD,Online TA,TA/TO,0,0,0,A,A,0,No Deposit,9.0,0,Transient,138.33,0,2
City Hotel,0,145,2017,April,15,14,1,2,2,0.0,0,BB,FIN,Online TA,TA/TO,0,0,0,D,D,0,No Deposit,7.0,0,Transient,99.85,0,0
City Hotel,0,16,2017,April,15,14,1,2,2,0.0,0,SC,FRA,Online TA,TA/TO,0,0,0,A,A,0,No Deposit,9.0,0,Transient,138.33,0,3
City Hotel,0,16,2017,April,15,14,1,2,2,0.0,0,SC,FRA,Online TA,TA/TO,0,0,0,A,A,0,No Deposit,9.0,0,Transient,138.33,0,1
City Hotel,0,34,2017,April,15,15,1,1,2,0.0,0,SC,BEL,Online TA,TA/TO,0,0,0,A,A,0,No Deposit,9.0,0,Transient,120.0,0,1
City Hotel,0,11,2017,April,15,14,1,2,2,0.0,0,SC,KEN,Online TA,TA/TO,0,0,0,A,D,0,No Deposit,7.0,0,Transient,110.67,0,1
City Hotel,0,16,2017,April,15,14,1,2,2,0.0,0,SC,FRA,Online TA,TA/TO,0,0,0,A,A,0,No Deposit,9.0,0,Transient,138.33,0,1
City Hotel,0,17,2017,April,15,13,1,3,2,0.0,0,SC,ESP,Online TA,TA/TO,0,0,0,A,A,0,No Deposit,9.0,0,Transient,132.5,0,1
City Hotel,0,11,2017,April,15,14,1,2,2,0.0,0,BB,BEL,Direct,Direct,0,0,0,A,A,0,No Deposit,,0,Transient-Party,124.5,0,0
City Hotel,0,11,2017,April,15,14,1,2,2,0.0,0,BB,BEL,Direct,Direct,0,0,0,A,A,0,No Deposit,,0,Transient-Party,124.5,0,0
City Hotel,0,34,2017,April,15,15,1,1,2,0.0,0,SC,ESP,Online TA,TA/TO,0,0,0,A,A,0,No Deposit,9.0,0,Transient,120.0,0,3
City Hotel,0,98,2017,April,15,14,1,2,2,0.0,0,BB,FRA,Offline TA/TO,TA/TO,0,0,0,A,A,0,No Deposit,138.0,0,Transient,90.1,0,0
City Hotel,0,0,2017,April,15,15,1,1,2,0.0,0,BB,PRT,Offline TA/TO,TA/TO,0,0,0,F,F,1,No Deposit,461.0,0,Transient,212.0,0,0
City Hotel,0,17,2017,April,15,15,2,1,2,0.0,0,BB,POL,Online TA,TA/TO,0,0,0,A,A,1,No Deposit,9.0,0,Transient,146.67,0,1
City Hotel,0,25,2017,April,16,17,1,0,2,0.0,0,SC,BRA,Online TA,TA/TO,0,0,0,A,A,0,No Deposit,85.0,0,Transient,91.2,0,0
City Hotel,0,177,2017,April,15,15,2,1,2,0.0,0,HB,CN,Groups,TA/TO,0,0,0,A,A,1,No Deposit,2.0,0,Transient-Party,105.33,0,1
City Hotel,0,11,2017,April,15,14,2,2,2,0.0,0,SC,USA,Online TA,TA/TO,0,0,0,A,A,0,No Deposit,7.0,0,Transient,106.0,0,1
City Hotel,0,177,2017,April,15,15,2,1,2,0.0,0,HB,RUS,Groups,TA/TO,0,0,0,A,A,1,No Deposit,2.0,0,Transient-Party,105.33,0,1
City Hotel,0,177,2017,April,15,15,2,1,2,0.0,0,HB,USA,Groups,TA/TO,0,0,0,A,A,1,No Deposit,2.0,0,Transient-Party,105.33,0,1
City Hotel,0,177,2017,April,15,15,2,1,2,0.0,0,HB,CN,Groups,TA/TO,0,0,0,A,A,1,No Deposit,2.0,0,Transient-Party,105.33,0,1
City Hotel,0,177,2017,April,15,15,2,1,2,0.0,0,HB,CN,Groups,TA/TO,0,0,0,A,A,2,No Deposit,2.0,0,Transient-Party,105.33,0,1
City Hotel,0,84,2017,April,15,15,2,1,2,0.0,0,SC,AUT,Online TA,TA/TO,0,0,0,A,A,0,No Deposit,9.0,0,Transient,114.0,0,2
City Hotel,0,176,2017,April,15,14,2,2,2,0.0,0,HB,RUS,Groups,TA/TO,0,0,0,A,A,0,No Deposit,2.0,0,Transient-Party,113.0,0,1
City Hotel,0,84,2017,April,15,15,2,1,2,0.0,0,SC,AUT,Online TA,TA/TO,0,0,0,A,A,0,No Deposit,9.0,0,Transient,114.0,0,2
City Hotel,0,84,2017,April,15,15,2,1,2,0.0,0,SC,AUT,Online TA,TA/TO,0,0,0,A,A,0,No Deposit,9.0,0,Transient,114.0,0,2
City Hotel,0,176,2017,April,15,14,2,2,2,0.0,0,HB,RUS,Groups,TA/TO,0,0,0,A,A,0,No Deposit,2.0,0,Transient-Party,113.0,0,1
City Hotel,0,176,2017,April,15,14,2,2,2,0.0,0,HB,RUS,Groups,TA/TO,0,0,0,A,A,0,No Deposit,2.0,0,Transient-Party,113.0,0,1
City Hotel,0,225,2017,April,15,14,2,2,2,0.0,0,HB,RUS,Groups,TA/TO,0,0,0,A,A,0,No Deposit,2.0,49,Transient-Party,113.0,0,1
City Hotel,0,177,2017,April,15,15,2,1,2,0.0,0,HB,CN,Groups,TA/TO,0,0,0,A,A,1,No Deposit,2.0,0,Transient-Party,105.33,0,1
City Hotel,0,48,2017,April,16,16,2,0,2,0.0,0,BB,ISR,Online TA,TA/TO,0,0,0,D,D,0,No Deposit,9.0,0,Transient,135.0,0,0
City Hotel,0,176,2017,April,15,14,2,2,2,0.0,0,HB,RUS,Groups,TA/TO,0,0,0,A,A,0,No Deposit,2.0,0,Transient-Party,113.0,0,1
City Hotel,0,206,2017,April,16,16,2,0,2,0.0,0,SC,DEU,Online TA,TA/TO,0,0,0,A,A,0,No Deposit,9.0,0,Transient,99.0,0,1
City Hotel,0,176,2017,April,15,14,2,2,2,0.0,0,HB,CN,Groups,TA/TO,0,0,0,A,A,0,No Deposit,2.0,0,Transient-Party,113.0,0,0
City Hotel,0,177,2017,April,15,15,2,1,2,0.0,0,HB,USA,Groups,TA/TO,0,0,0,A,A,1,No Deposit,2.0,0,Transient-Party,105.33,0,1
City Hotel,0,177,2017,April,15,15,2,1,2,0.0,0,HB,CN,Groups,TA/TO,0,0,0,A,A,1,No Deposit,2.0,0,Transient-Party,105.33,0,1
City Hotel,0,177,2017,April,15,15,2,1,2,0.0,0,HB,CN,Groups,TA/TO,0,0,0,A,A,1,No Deposit,2.0,0,Transient-Party,105.33,0,1
City Hotel,0,142,2017,April,16,17,1,0,2,0.0,0,BB,ITA,Online TA,TA/TO,0,0,0,D,D,0,No Deposit,9.0,0,Transient,130.5,0,2
City Hotel,0,14,2017,April,15,14,2,2,2,0.0,0,SC,RUS,Online TA,TA/TO,0,0,0,A,A,0,No Deposit,9.0,0,Transient,132.5,0,0
City Hotel,0,50,2017,April,15,15,2,1,2,0.0,0,SC,BEL,Online TA,TA/TO,0,0,0,A,A,0,No Deposit,9.0,0,Transient,114.0,0,1
City Hotel,0,141,2017,April,15,13,2,3,2,0.0,0,BB,BEL,Online TA,TA/TO,0,0,0,D,D,0,No Deposit,9.0,0,Transient,135.9,0,1
City Hotel,0,37,2017,April,15,15,2,1,2,0.0,0,SC,NLD,Online TA,TA/TO,0,0,0,A,A,0,No Deposit,9.0,0,Transient,120.0,0,2
City Hotel,0,51,2017,April,15,15,2,1,2,0.0,0,SC,GBR,Online TA,TA/TO,0,0,0,A,A,0,No Deposit,9.0,0,Transient,114.0,0,1
City Hotel,0,172,2017,April,15,14,2,2,2,0.0,0,HB,ESP,Offline TA/TO,TA/TO,0,0,0,A,A,0,No Deposit,138.0,0,Transient,112.1,0,1
City Hotel,0,63,2017,April,15,15,2,1,2,0.0,0,BB,BEL,Online TA,TA/TO,0,0,0,A,A,2,No Deposit,9.0,0,Transient,137.33,0,1
City Hotel,0,49,2017,April,16,16,2,0,2,0.0,0,SC,NLD,Online TA,TA/TO,0,0,0,A,A,0,No Deposit,9.0,0,Transient,108.0,0,0
City Hotel,0,49,2017,April,16,16,2,0,2,0.0,0,SC,NLD,Online TA,TA/TO,0,0,0,A,A,0,No Deposit,9.0,0,Transient,108.0,0,0
City Hotel,0,49,2017,April,16,16,2,0,2,0.0,0,SC,PRY,Online TA,TA/TO,0,0,0,A,A,0,No Deposit,9.0,0,Transient,108.0,0,0
City Hotel,0,51,2017,April,15,15,2,1,2,0.0,0,SC,GBR,Online TA,TA/TO,0,0,0,A,A,0,No Deposit,9.0,0,Transient,114.0,0,1
City Hotel,0,38,2017,April,15,15,2,1,2,0.0,0,SC,GBR,Online TA,TA/TO,0,0,0,A,A,0,No Deposit,9.0,0,Transient,126.67,0,3
City Hotel,0,36,2017,April,15,15,2,1,2,0.0,0,SC,FRA,Online TA,TA/TO,0,0,0,A,A,0,No Deposit,9.0,0,Transient,120.0,0,2
City Hotel,0,161,2017,April,15,11,2,5,2,0.0,0,HB,BRA,Online TA,TA/TO,0,0,0,A,A,0,No Deposit,7.0,0,Transient,119.39,0,1
City Hotel,0,258,2017,April,15,13,2,3,2,0.0,0,BB,CHE,Online TA,TA/TO,0,0,0,A,A,0,No Deposit,9.0,0,Transient,109.8,0,1
City Hotel,0,67,2017,April,15,14,2,2,2,0.0,0,BB,IRL,Online TA,TA/TO,0,0,0,E,E,0,No Deposit,9.0,0,Transient,166.5,0,2
City Hotel,0,146,2017,April,16,16,2,1,2,0.0,0,BB,MEX,Offline TA/TO,TA/TO,0,0,0,A,A,1,No Deposit,138.0,0,Transient,99.0,0,0
City Hotel,0,69,2017,April,15,15,2,2,2,0.0,0,BB,FRA,Online TA,TA/TO,0,0,0,A,A,0,No Deposit,9.0,0,Transient,130.5,0,0
City Hotel,0,309,2017,April,15,13,2,4,2,0.0,0,BB,DEU,Online TA,TA/TO,0,0,0,A,A,0,No Deposit,9.0,0,Transient,112.8,0,2
City Hotel,0,65,2017,April,15,15,2,2,2,0.0,0,BB,ITA,Online TA,TA/TO,0,0,0,A,A,0,No Deposit,9.0,0,Transient,130.5,0,0
City Hotel,0,17,2017,April,15,14,2,3,2,0.0,0,SC,NLD,Online TA,TA/TO,0,0,0,A,A,0,No Deposit,9.0,0,Transient,129.0,0,1
City Hotel,0,177,2017,April,16,17,1,1,2,0.0,0,SC,RUS,Online TA,TA/TO,0,0,0,A,A,0,No Deposit,9.0,0,Transient,99.0,0,1
City Hotel,0,94,2017,April,16,17,1,1,2,0.0,0,BB,AUT,Online TA,TA/TO,0,0,0,A,A,0,No Deposit,9.0,0,Transient,126.0,0,0
City Hotel,0,20,2017,April,16,18,0,1,2,0.0,0,BB,DEU,Online TA,TA/TO,0,0,0,A,A,0,No Deposit,9.0,0,Transient,135.0,0,0
City Hotel,0,48,2017,April,16,16,2,1,2,0.0,0,BB,FRA,Online TA,TA/TO,0,0,0,A,A,0,No Deposit,9.0,0,Transient,126.0,0,0
City Hotel,0,62,2017,April,16,17,1,1,2,0.0,0,SC,GBR,Online TA,TA/TO,0,0,0,A,A,0,No Deposit,9.0,0,Transient,108.0,0,0
City Hotel,0,66,2017,April,16,16,2,1,2,0.0,0,BB,NLD,Online TA,TA/TO,0,0,0,A,A,0,No Deposit,9.0,0,Transient,126.0,0,2
City Hotel,0,83,2017,April,16,18,0,1,2,0.0,0,SC,USA,Online TA,TA/TO,0,0,0,A,A,2,No Deposit,9.0,0,Transient,108.0,0,1
City Hotel,0,124,2017,April,15,14,2,3,2,0.0,0,SC,CN,Online TA,TA/TO,0,0,0,A,A,0,No Deposit,9.0,0,Transient,102.6,0,1
City Hotel,0,0,2017,April,16,17,1,1,2,0.0,0,BB,PRT,Complementary,Direct,0,0,0,A,A,0,No Deposit,,0,Transient,9.0,0,0
City Hotel,0,11,2017,April,15,14,2,3,2,0.0,0,SC,ITA,Online TA,TA/TO,0,0,0,A,A,0,No Deposit,9.0,0,Transient,129.0,0,2
City Hotel,0,68,2017,April,15,15,2,2,2,0.0,0,SC,ESP,Online TA,TA/TO,0,0,0,A,A,0,No Deposit,9.0,0,Transient,112.5,0,2
City Hotel,0,253,2017,April,16,16,2,1,2,0.0,0,BB,ITA,Online TA,TA/TO,0,0,0,A,A,0,No Deposit,9.0,0,Transient,109.8,0,1
City Hotel,0,74,2017,April,16,18,0,1,2,0.0,0,BB,ITA,Online TA,TA/TO,0,0,0,D,D,0,No Deposit,9.0,0,Transient-Party,171.0,0,0
City Hotel,0,44,2017,April,16,16,2,1,2,0.0,0,BB,DEU,Online TA,TA/TO,0,0,0,D,D,0,No Deposit,9.0,0,Transient,140.0,0,1
City Hotel,0,44,2017,April,16,16,2,1,2,0.0,0,BB,DEU,Online TA,TA/TO,0,0,0,A,D,0,No Deposit,9.0,0,Transient,130.67,0,1
City Hotel,0,104,2017,April,15,14,2,3,2,0.0,0,BB,DEU,Online TA,TA/TO,0,0,0,D,D,0,No Deposit,9.0,0,Transient,143.1,0,1
City Hotel,0,104,2017,April,15,14,2,3,2,0.0,0,BB,DEU,Online TA,TA/TO,0,0,0,D,D,0,No Deposit,9.0,0,Transient,143.1,0,1
City Hotel,0,14,2017,April,16,16,2,1,2,0.0,0,SC,GBR,Direct,Direct,0,0,0,A,A,0,No Deposit,14.0,0,Transient,115.0,0,0
City Hotel,0,0,2017,April,16,18,0,1,2,0.0,0,BB,DEU,Online TA,TA/TO,0,0,0,A,A,0,No Deposit,9.0,0,Transient,140.0,0,1
City Hotel,0,129,2017,April,15,12,2,5,2,0.0,0,BB,DEU,Online TA,TA/TO,0,0,0,D,D,0,No Deposit,9.0,0,Transient-Party,134.36,0,0
City Hotel,0,41,2017,April,16,16,2,1,2,0.0,0,SC,GBR,Online TA,TA/TO,0,0,0,A,A,1,No Deposit,9.0,0,Transient,120.0,0,1
City Hotel,0,55,2017,April,16,17,1,1,2,0.0,0,SC,NOR,Online TA,TA/TO,0,0,0,A,A,0,No Deposit,9.0,0,Transient,108.0,0,1
City Hotel,0,6,2017,April,16,16,2,1,2,0.0,0,SC,GBR,Online TA,TA/TO,0,0,0,A,A,0,No Deposit,9.0,0,Transient,150.0,0,2
City Hotel,0,11,2017,April,15,14,2,3,2,0.0,0,SC,BRA,Online TA,TA/TO,0,0,0,A,A,0,No Deposit,9.0,0,Transient,129.0,0,2
City Hotel,0,68,2017,April,15,15,2,2,2,0.0,0,SC,ESP,Online TA,TA/TO,0,0,0,A,A,0,No Deposit,9.0,0,Transient,112.5,0,2
City Hotel,0,143,2017,April,15,12,2,5,2,0.0,0,HB,DEU,Online TA,TA/TO,0,0,0,D,D,1,No Deposit,9.0,0,Transient,170.36,0,2
City Hotel,0,45,2017,April,16,16,2,2,2,0.0,0,BB,LUX,Online TA,TA/TO,0,0,0,A,A,0,No Deposit,9.0,0,Transient,126.0,0,0
City Hotel,0,34,2017,April,16,16,2,2,2,0.0,0,BB,DEU,Online TA,TA/TO,0,0,0,A,A,0,No Deposit,7.0,0,Transient,115.2,0,0
City Hotel,0,64,2017,April,16,17,1,2,2,0.0,0,SC,USA,Online TA,TA/TO,0,0,0,A,A,0,No Deposit,9.0,0,Transient,108.0,0,3
City Hotel,0,88,2017,April,16,16,2,2,2,0.0,0,BB,GBR,Offline TA/TO,TA/TO,0,0,0,A,A,0,No Deposit,85.0,0,Transient,89.1,0,1
City Hotel,0,34,2017,April,16,16,2,2,2,0.0,0,BB,DEU,Online TA,TA/TO,0,0,0,A,A,0,No Deposit,7.0,0,Transient,115.2,0,0
City Hotel,0,70,2017,April,15,15,2,3,2,0.0,0,BB,GBR,Online TA,TA/TO,0,0,0,A,A,0,No Deposit,9.0,0,Transient,129.6,0,1
City Hotel,0,157,2017,April,16,19,0,1,2,0.0,0,BB,ISR,Online TA,TA/TO,0,0,0,A,A,1,No Deposit,9.0,0,Transient,99.0,0,1
City Hotel,0,2,2017,April,16,17,1,2,2,0.0,0,SC,PRT,Online TA,TA/TO,0,0,0,A,A,0,No Deposit,152.0,0,Transient,79.7,0,0
City Hotel,0,105,2017,April,16,16,2,2,2,0.0,0,BB,GBR,Online TA,TA/TO,0,0,0,D,D,0,No Deposit,9.0,0,Transient,139.5,0,0
City Hotel,0,120,2017,April,15,13,2,5,2,0.0,0,BB,DEU,Online TA,TA/TO,0,0,0,A,A,0,No Deposit,83.0,0,Transient,91.31,0,0
City Hotel,0,116,2017,April,16,17,1,2,2,0.0,0,BB,PRT,Offline TA/TO,TA/TO,0,0,0,A,A,0,No Deposit,27.0,0,Transient,89.1,0,1
City Hotel,0,7,2017,April,16,16,2,2,2,0.0,0,SC,DEU,Online TA,TA/TO,0,0,0,A,A,0,No Deposit,7.0,0,Transient,120.0,0,1
City Hotel,0,11,2017,April,16,17,1,2,2,0.0,0,SC,LVA,Online TA,TA/TO,0,0,0,A,A,2,No Deposit,9.0,0,Transient,100.0,0,0
City Hotel,0,4,2017,April,16,16,2,2,2,0.0,0,BB,DEU,Direct,Direct,0,0,0,A,A,0,No Deposit,14.0,0,Transient,170.0,0,1
City Hotel,0,85,2017,April,16,17,1,2,2,0.0,0,BB,FRA,Offline TA/TO,TA/TO,0,0,0,A,A,0,No Deposit,138.0,0,Transient,99.0,0,1
City Hotel,0,54,2017,April,16,17,1,2,2,0.0,0,BB,FRA,Online TA,TA/TO,0,0,0,A,A,0,No Deposit,7.0,0,Transient,95.76,0,0
City Hotel,0,41,2017,April,16,17,1,2,2,0.0,0,BB,DEU,Online TA,TA/TO,0,0,0,A,A,0,No Deposit,85.0,0,Transient,112.0,0,0
City Hotel,0,120,2017,April,15,13,2,5,2,0.0,0,BB,DEU,Online TA,TA/TO,0,0,0,A,A,0,No Deposit,83.0,0,Transient,91.31,0,0
City Hotel,0,46,2017,April,16,17,1,2,2,0.0,0,BB,FRA,Online TA,TA/TO,0,0,0,A,A,0,No Deposit,9.0,0,Transient,126.0,0,1
City Hotel,0,92,2017,April,16,17,1,2,2,0.0,0,BB,ITA,Online TA,TA/TO,0,0,0,A,A,0,No Deposit,7.0,0,Transient,97.02,0,1
City Hotel,0,148,2017,April,15,14,2,4,2,0.0,0,BB,MRT,Online TA,TA/TO,0,0,0,D,D,0,No Deposit,7.0,0,Transient,97.65,0,1
City Hotel,0,13,2017,April,16,16,2,2,2,0.0,0,SC,ESP,Online TA,TA/TO,0,0,0,A,A,0,No Deposit,7.0,0,Transient,92.0,0,1
City Hotel,0,174,2017,April,16,17,1,2,2,0.0,0,BB,CHE,Online TA,TA/TO,0,0,0,A,A,0,No Deposit,9.0,0,Transient,117.0,0,0
City Hotel,0,181,2017,April,16,17,1,2,2,0.0,0,BB,FRA,Online TA,TA/TO,0,0,0,D,D,6,No Deposit,9.0,0,Transient,130.5,0,3
City Hotel,0,14,2017,April,16,19,0,1,2,0.0,0,SC,ESP,Online TA,TA/TO,0,0,0,A,A,0,No Deposit,9.0,0,Transient,115.0,0,2
City Hotel,0,90,2017,April,16,17,1,2,2,0.0,0,BB,FRA,Offline TA/TO,TA/TO,0,0,0,A,A,0,No Deposit,28.0,0,Transient,85.0,0,0
City Hotel,0,70,2017,April,16,16,2,2,2,0.0,0,SC,GBR,Online TA,TA/TO,0,0,0,A,A,0,No Deposit,9.0,0,Transient,108.0,0,0
City Hotel,0,13,2017,April,16,16,2,2,2,0.0,0,SC,GBR,Online TA,TA/TO,0,0,0,A,A,0,No Deposit,7.0,0,Transient,92.0,0,1
City Hotel,0,70,2017,April,16,16,2,2,2,0.0,0,SC,GBR,Online TA,TA/TO,0,0,0,A,A,0,No Deposit,9.0,0,Transient,108.0,0,0
City Hotel,0,24,2017,April,16,17,1,2,2,0.0,0,SC,NLD,Online TA,TA/TO,0,0,0,A,A,0,No Deposit,9.0,0,Transient,114.0,0,1
City Hotel,0,90,2017,April,16,17,1,2,2,0.0,0,BB,GBR,Direct,Direct,0,0,0,A,A,0,No Deposit,14.0,0,Transient,108.0,0,1
City Hotel,0,26,2017,April,16,19,0,1,2,0.0,0,SC,BRA,Online TA,TA/TO,0,0,0,A,A,0,No Deposit,9.0,0,Transient,114.0,0,2
City Hotel,0,151,2017,April,16,17,1,3,2,0.0,0,BB,DEU,Online TA,TA/TO,0,0,0,A,A,0,No Deposit,9.0,0,Transient,117.0,0,1
City Hotel,0,16,2017,April,16,18,0,3,2,0.0,0,SC,FRA,Online TA,TA/TO,0,0,0,A,A,0,No Deposit,9.0,0,Transient,115.0,0,2
City Hotel,0,99,2017,April,15,15,2,4,2,0.0,0,HB,DEU,Groups,TA/TO,0,0,0,A,A,1,No Deposit,205.0,0,Transient-Party,141.0,0,0
City Hotel,0,99,2017,April,15,15,2,4,2,0.0,0,HB,DEU,Groups,TA/TO,0,0,0,A,A,2,No Deposit,205.0,0,Transient-Party,141.0,0,0
City Hotel,0,91,2017,April,16,17,1,3,2,0.0,0,BB,FRA,Offline TA/TO,TA/TO,0,0,0,A,A,0,No Deposit,28.0,0,Transient,85.0,0,0
City Hotel,0,181,2017,April,16,17,1,3,2,0.0,0,BB,DEU,Online TA,TA/TO,0,0,0,A,A,0,No Deposit,9.0,0,Transient,117.0,0,1
City Hotel,0,8,2017,April,16,19,0,2,2,0.0,0,BB,FRA,Online TA,TA/TO,0,0,0,D,E,0,No Deposit,9.0,0,Transient,144.0,0,0
City Hotel,0,19,2017,April,16,19,0,2,2,0.0,0,BB,PRT,Direct,Direct,0,0,0,A,D,0,No Deposit,,0,Transient,95.0,0,2
City Hotel,0,16,2017,April,16,17,1,3,2,0.0,0,SC,FRA,Online TA,TA/TO,0,0,0,A,A,0,No Deposit,9.0,0,Transient,115.0,0,1
City Hotel,0,14,2017,April,16,18,0,3,2,0.0,0,SC,GBR,Online TA,TA/TO,0,0,0,A,A,0,No Deposit,9.0,0,Transient,115.0,0,1
City Hotel,0,99,2017,April,15,15,2,4,2,0.0,0,BB,DEU,Groups,TA/TO,0,0,0,A,A,0,No Deposit,205.0,0,Transient-Party,105.0,0,0
City Hotel,0,75,2017,April,16,18,0,3,2,0.0,0,BB,DEU,Offline TA/TO,TA/TO,0,0,0,A,A,0,No Deposit,42.0,0,Transient,89.1,0,1
City Hotel,0,99,2017,April,15,15,2,4,2,0.0,0,BB,DEU,Groups,TA/TO,0,0,0,A,A,0,No Deposit,205.0,0,Transient-Party,105.0,0,0
City Hotel,0,0,2017,April,16,17,1,3,2,0.0,0,BB,ESP,Online TA,TA/TO,0,0,0,A,A,0,No Deposit,,0,Transient,117.0,0,2
City Hotel,0,0,2017,April,16,17,1,3,2,0.0,0,BB,ESP,Online TA,TA/TO,0,0,0,A,A,0,No Deposit,9.0,0,Transient,117.0,0,2
City Hotel,0,122,2017,April,15,14,2,5,2,0.0,0,BB,DEU,Online TA,TA/TO,0,0,0,A,A,0,No Deposit,9.0,0,Transient,119.57,0,2
City Hotel,0,92,2017,April,16,17,1,3,2,0.0,0,BB,DEU,Direct,Direct,0,0,0,D,D,0,No Deposit,14.0,0,Transient,128.63,0,0
City Hotel,0,62,2017,April,16,18,0,3,2,0.0,0,BB,ARG,Online TA,TA/TO,0,0,0,D,D,0,No Deposit,9.0,0,Transient,135.0,0,2
City Hotel,0,63,2017,April,16,18,0,3,2,0.0,0,BB,FRA,Online TA,TA/TO,0,0,0,D,A,0,No Deposit,9.0,0,Transient,135.0,0,0
City Hotel,0,92,2017,April,16,18,0,3,2,0.0,0,BB,FRA,Offline TA/TO,TA/TO,0,0,0,A,D,0,No Deposit,28.0,0,Transient,85.0,0,0
City Hotel,0,215,2017,April,16,19,0,2,2,0.0,0,BB,DEU,Online TA,TA/TO,0,0,0,A,D,0,No Deposit,9.0,0,Transient-Party,117.0,0,2
City Hotel,0,134,2017,April,16,17,1,3,2,0.0,0,BB,DEU,Online TA,TA/TO,0,0,0,A,A,0,No Deposit,9.0,0,Transient,117.0,0,1
City Hotel,0,244,2017,April,16,16,2,3,2,0.0,0,BB,FRA,Direct,Direct,0,0,0,B,A,1,No Deposit,14.0,0,Transient-Party,97.65,0,0
City Hotel,0,83,2017,April,16,18,0,3,2,0.0,0,HB,FRA,Offline TA/TO,TA/TO,0,0,0,A,D,0,No Deposit,28.0,0,Transient,115.0,0,0
City Hotel,0,65,2017,April,16,18,0,3,2,0.0,0,BB,NZL,Online TA,TA/TO,0,0,0,D,D,0,No Deposit,9.0,0,Transient,135.0,0,0
City Hotel,0,147,2017,April,16,18,0,3,2,0.0,0,SC,DEU,Offline TA/TO,TA/TO,0,0,0,A,A,0,No Deposit,15.0,0,Transient,79.2,0,0
City Hotel,0,173,2017,April,16,20,0,1,2,0.0,0,BB,PRT,Online TA,TA/TO,0,0,0,A,A,1,No Deposit,9.0,0,Transient,99.0,0,1
City Hotel,0,17,2017,April,16,17,1,3,2,0.0,0,SC,FRA,Online TA,TA/TO,0,0,0,A,A,0,No Deposit,9.0,0,Transient,115.0,0,1
City Hotel,0,130,2017,April,16,18,0,3,2,0.0,0,BB,LUX,Online TA,TA/TO,0,0,0,A,A,0,No Deposit,9.0,0,Transient,117.0,0,2
City Hotel,0,150,2017,April,16,19,0,2,2,0.0,0,BB,ISR,Online TA,TA/TO,0,0,0,A,D,0,No Deposit,9.0,0,Transient,117.0,0,2
City Hotel,0,54,2017,April,15,15,2,4,2,0.0,0,BB,IRL,Direct,Direct,0,0,0,A,A,0,No Deposit,14.0,0,Transient,111.0,0,0
City Hotel,0,167,2017,April,16,17,1,3,2,0.0,0,BB,CHE,Offline TA/TO,TA/TO,0,0,0,A,A,1,No Deposit,16.0,0,Transient-Party,89.1,0,0
City Hotel,0,124,2017,April,16,18,0,3,2,0.0,0,BB,FRA,Online TA,TA/TO,0,0,0,A,A,2,No Deposit,9.0,0,Transient,126.0,0,1
City Hotel,0,57,2017,April,16,18,0,3,2,0.0,0,SC,DEU,Online TA,TA/TO,0,0,0,A,A,0,No Deposit,9.0,0,Transient,108.0,0,1
City Hotel,0,167,2017,April,16,17,1,3,2,0.0,0,BB,CHE,Offline TA/TO,TA/TO,0,0,0,A,A,1,No Deposit,16.0,0,Transient-Party,89.1,0,0
City Hotel,0,213,2017,April,16,18,0,3,2,0.0,0,SC,FRA,Online TA,TA/TO,0,0,0,A,A,0,No Deposit,9.0,0,Transient,99.0,0,2
City Hotel,0,79,2017,April,16,18,0,3,2,0.0,0,BB,GBR,Online TA,TA/TO,0,0,0,D,D,1,No Deposit,9.0,0,Transient,171.0,0,1
City Hotel,0,215,2017,April,16,19,0,2,2,0.0,0,BB,DEU,Online TA,TA/TO,0,0,0,A,D,0,No Deposit,9.0,0,Transient-Party,117.0,0,2
City Hotel,0,114,2017,April,16,17,1,3,2,0.0,0,BB,FRA,Online TA,TA/TO,0,0,0,A,A,0,No Deposit,8.0,0,Transient-Party,126.0,0,2
City Hotel,0,169,2017,April,16,20,0,1,2,0.0,0,BB,BRA,Online TA,TA/TO,0,0,0,A,G,0,No Deposit,7.0,0,Transient,90.09,0,1
City Hotel,0,145,2017,April,16,17,1,3,2,0.0,0,BB,ESP,Direct,Direct,0,0,0,A,A,0,No Deposit,,0,Transient,99.0,0,0
City Hotel,0,20,2017,April,16,19,0,2,2,0.0,0,SC,KOR,Online TA,TA/TO,0,0,0,A,D,0,No Deposit,9.0,0,Transient,115.0,0,2
City Hotel,0,20,2017,April,16,20,0,1,2,0.0,0,SC,BRA,Online TA,TA/TO,0,0,0,A,F,0,No Deposit,8.0,0,Transient,115.0,0,0
City Hotel,0,14,2017,April,16,17,1,3,2,0.0,0,SC,ARG,Online TA,TA/TO,0,0,0,A,A,0,No Deposit,9.0,0,Transient,115.0,0,2
City Hotel,0,39,2017,April,16,19,0,2,2,0.0,0,SC,NLD,Online TA,TA/TO,0,0,0,A,A,0,No Deposit,9.0,0,Transient,120.0,0,1
City Hotel,0,62,2017,April,16,18,0,3,2,0.0,0,BB,ITA,Online TA,TA/TO,0,0,0,D,D,0,No Deposit,9.0,0,Transient,135.0,0,2
City Hotel,0,114,2017,April,16,17,1,3,2,0.0,0,BB,FRA,Online TA,TA/TO,0,0,0,A,A,0,No Deposit,8.0,0,Transient-Party,126.0,0,2
City Hotel,0,4,2017,April,16,17,1,3,2,0.0,0,BB,DEU,Aviation,Corporate,0,0,0,D,D,3,No Deposit,,0,Transient,120.0,0,0
City Hotel,0,75,2017,April,16,18,0,3,2,0.0,0,BB,DEU,Offline TA/TO,TA/TO,0,0,0,A,A,0,No Deposit,42.0,0,Transient,89.1,0,1
City Hotel,0,145,2017,April,15,15,2,5,2,0.0,0,BB,DEU,Offline TA/TO,TA/TO,0,0,0,A,A,0,No Deposit,16.0,0,Transient,89.1,0,0
City Hotel,0,120,2017,April,16,17,1,4,2,0.0,0,SC,DEU,Online TA,TA/TO,0,0,0,A,A,0,No Deposit,9.0,0,Transient-Party,108.0,0,5
City Hotel,0,8,2017,April,16,17,1,4,2,0.0,0,BB,FRA,Direct,Direct,0,0,0,A,A,0,No Deposit,14.0,0,Transient,135.0,0,0
City Hotel,0,18,2017,April,16,18,0,4,2,0.0,0,BB,GBR,Direct,Direct,0,0,0,D,D,0,No Deposit,14.0,0,Transient,126.0,0,0
City Hotel,0,18,2017,April,16,18,0,4,2,0.0,0,BB,GBR,Direct,Direct,0,0,0,D,D,0,No Deposit,14.0,0,Transient,126.0,0,0
City Hotel,0,101,2017,April,16,20,0,2,2,0.0,0,BB,ITA,Online TA,TA/TO,0,0,0,D,D,0,No Deposit,9.0,0,Transient,148.5,0,1
City Hotel,0,232,2017,April,16,20,0,2,2,0.0,0,BB,GBR,Online TA,TA/TO,0,0,0,A,C,0,No Deposit,7.0,0,Transient,87.32,0,1
City Hotel,0,14,2017,April,16,19,0,3,2,0.0,0,BB,FRA,Online TA,TA/TO,0,0,0,A,D,1,No Deposit,9.0,0,Transient,135.0,0,3
City Hotel,0,79,2017,April,16,19,0,3,2,0.0,0,BB,BEL,Online TA,TA/TO,0,0,0,E,E,0,No Deposit,9.0,0,Transient,162.0,0,1
City Hotel,0,79,2017,April,16,19,0,3,2,0.0,0,BB,BEL,Online TA,TA/TO,0,0,0,E,E,0,No Deposit,9.0,0,Transient,162.0,0,1
City Hotel,0,66,2017,April,16,18,0,4,2,0.0,0,BB,CHE,Direct,Direct,0,0,0,A,A,0,No Deposit,14.0,0,Transient,108.0,0,0
City Hotel,0,12,2017,April,16,17,1,4,2,0.0,0,SC,DEU,Online TA,TA/TO,0,0,0,A,A,0,No Deposit,9.0,0,Transient,115.0,0,2
City Hotel,0,89,2017,April,16,19,0,3,2,0.0,0,BB,FRA,Online TA,TA/TO,0,0,0,D,D,0,No Deposit,9.0,0,Transient,135.0,0,0
City Hotel,0,89,2017,April,16,19,0,3,2,0.0,0,BB,FRA,Online TA,TA/TO,0,0,0,D,D,0,No Deposit,9.0,0,Transient,135.0,0,0
City Hotel,0,89,2017,April,16,19,0,3,2,0.0,0,BB,FRA,Online TA,TA/TO,0,0,0,D,D,0,No Deposit,9.0,0,Transient,135.0,0,0
City Hotel,0,63,2017,April,16,20,0,2,2,0.0,0,BB,ISR,Online TA,TA/TO,0,0,0,D,F,0,No Deposit,9.0,0,Transient,135.0,0,1
City Hotel,0,168,2017,April,16,18,0,4,2,0.0,0,BB,BRA,Online TA,TA/TO,0,0,0,A,A,0,No Deposit,9.0,0,Transient,117.0,0,0
City Hotel,0,25,2017,April,16,21,0,1,2,0.0,0,BB,USA,Direct,Direct,0,0,0,D,D,0,No Deposit,14.0,0,Transient,148.0,1,0
City Hotel,0,159,2017,April,16,20,0,2,2,0.0,0,BB,FRA,Direct,Direct,0,0,0,A,A,1,No Deposit,14.0,0,Transient-Party,114.0,0,0
City Hotel,0,95,2017,April,16,20,0,2,2,0.0,0,BB,GBR,Online TA,TA/TO,0,0,0,D,D,0,No Deposit,9.0,0,Transient,136.8,0,0
City Hotel,0,95,2017,April,16,20,0,3,2,0.0,0,BB,BRA,Online TA,TA/TO,0,0,0,D,D,0,No Deposit,9.0,0,Transient,136.8,0,1
City Hotel,0,39,2017,April,16,21,0,2,2,0.0,0,BB,ESP,Direct,Direct,0,0,0,D,D,0,No Deposit,,0,Transient,149.5,0,2
City Hotel,0,120,2017,April,16,20,0,3,2,0.0,0,BB,BRA,Direct,Direct,0,0,0,D,D,1,No Deposit,,0,Transient,155.0,0,3
City Hotel,0,103,2017,April,16,22,0,1,2,0.0,0,BB,POL,Online TA,TA/TO,0,0,0,D,F,0,No Deposit,9.0,0,Transient,139.5,0,1
City Hotel,0,177,2017,April,16,21,0,2,2,0.0,0,SC,IRL,Online TA,TA/TO,0,0,0,A,A,0,No Deposit,9.0,0,Transient,84.5,0,2
City Hotel,0,44,2017,April,16,20,0,3,2,0.0,0,BB,ITA,Groups,TA/TO,0,0,0,A,A,0,No Deposit,1.0,0,Transient-Party,133.33,0,1
City Hotel,0,44,2017,April,16,20,0,3,2,0.0,0,BB,ITA,Groups,TA/TO,0,0,0,A,A,0,No Deposit,1.0,0,Transient-Party,133.33,0,1
City Hotel,0,44,2017,April,16,20,0,3,2,0.0,0,BB,ITA,Groups,TA/TO,0,0,0,A,A,0,No Deposit,1.0,0,Transient-Party,133.33,0,1
City Hotel,0,44,2017,April,16,20,0,3,2,0.0,0,BB,ITA,Groups,TA/TO,0,0,0,A,A,0,No Deposit,1.0,0,Transient-Party,133.33,0,1
City Hotel,0,177,2017,April,16,21,0,2,2,0.0,0,SC,IRL,Online TA,TA/TO,0,0,0,A,A,0,No Deposit,9.0,0,Transient,99.0,0,2
City Hotel,0,44,2017,April,16,20,0,3,2,0.0,0,BB,ITA,Groups,TA/TO,0,0,0,A,A,0,No Deposit,1.0,0,Transient-Party,133.33,0,1
City Hotel,0,44,2017,April,16,20,0,3,2,0.0,0,BB,ITA,Groups,TA/TO,0,0,0,A,A,0,No Deposit,1.0,0,Transient-Party,133.33,0,1
City Hotel,0,44,2017,April,16,20,0,3,2,0.0,0,BB,ITA,Groups,TA/TO,0,0,0,A,A,0,No Deposit,1.0,0,Transient-Party,133.33,0,0
City Hotel,0,44,2017,April,16,20,0,3,2,0.0,0,BB,ITA,Groups,TA/TO,0,0,0,A,A,0,No Deposit,1.0,0,Transient-Party,133.33,0,1
City Hotel,0,68,2017,April,16,21,0,2,2,0.0,0,BB,AUT,Online TA,TA/TO,0,0,0,A,A,0,No Deposit,9.0,0,Transient,126.0,0,3
City Hotel,0,68,2017,April,16,21,0,2,2,0.0,0,BB,ISR,Online TA,TA/TO,0,0,0,A,A,0,No Deposit,9.0,0,Transient,126.0,0,3
City Hotel,0,44,2017,April,16,20,0,3,2,0.0,0,BB,ITA,Groups,TA/TO,0,0,0,A,A,4,No Deposit,1.0,0,Transient-Party,125.0,0,1
City Hotel,0,133,2017,April,16,19,0,4,2,0.0,0,BB,IRL,Offline TA/TO,TA/TO,0,0,0,A,A,0,No Deposit,390.0,0,Transient-Party,124.0,0,0
City Hotel,0,101,2017,April,16,20,0,3,2,0.0,0,BB,GBR,Online TA,TA/TO,0,0,0,D,D,0,No Deposit,9.0,0,Transient,139.5,0,0
City Hotel,0,44,2017,April,16,20,0,3,2,0.0,0,BB,ITA,Groups,TA/TO,0,0,0,A,A,0,No Deposit,1.0,0,Transient-Party,133.33,0,1
City Hotel,0,133,2017,April,16,19,0,4,2,0.0,0,BB,ISL,Offline TA/TO,TA/TO,0,0,0,A,A,0,No Deposit,390.0,0,Transient-Party,124.0,0,0
City Hotel,0,69,2017,April,16,21,0,2,2,0.0,0,BB,FRA,Online TA,TA/TO,0,0,0,D,D,0,No Deposit,9.0,0,Transient,121.5,0,3
City Hotel,0,133,2017,April,16,19,0,4,2,0.0,0,BB,ISL,Offline TA/TO,TA/TO,0,0,0,A,A,0,No Deposit,390.0,0,Transient-Party,124.0,0,0
City Hotel,0,133,2017,April,16,19,0,4,2,0.0,0,BB,ISL,Offline TA/TO,TA/TO,0,0,0,A,A,0,No Deposit,390.0,0,Transient-Party,124.0,0,0
City Hotel,0,133,2017,April,16,19,0,4,2,0.0,0,BB,ISL,Offline TA/TO,TA/TO,0,0,0,A,A,2,No Deposit,390.0,0,Transient-Party,124.0,0,0
City Hotel,0,133,2017,April,16,19,0,4,2,0.0,0,BB,DEU,Offline TA/TO,TA/TO,0,0,0,A,A,0,No Deposit,390.0,0,Transient-Party,124.0,0,0
City Hotel,0,133,2017,April,16,19,0,4,2,0.0,0,BB,NZL,Offline TA/TO,TA/TO,0,0,0,A,A,0,No Deposit,390.0,0,Transient-Party,124.0,0,0
City Hotel,0,133,2017,April,16,19,0,4,2,0.0,0,BB,ISL,Offline TA/TO,TA/TO,0,0,0,A,A,0,No Deposit,390.0,0,Transient-Party,124.0,0,0
City Hotel,0,57,2017,April,16,21,0,2,2,0.0,0,BB,CHE,Direct,Direct,0,0,0,F,D,0,No Deposit,14.0,0,Transient,112.5,0,0
City Hotel,0,133,2017,April,16,19,0,4,2,0.0,0,BB,ISL,Offline TA/TO,TA/TO,0,0,0,A,A,0,No Deposit,390.0,0,Transient-Party,124.0,0,0
City Hotel,0,1,2017,April,16,21,0,2,2,0.0,0,BB,CHE,Direct,Direct,0,0,0,D,D,0,No Deposit,14.0,0,Transient,112.5,0,0
City Hotel,0,155,2017,April,16,19,0,4,2,0.0,0,BB,DEU,Offline TA/TO,TA/TO,0,0,0,A,A,0,No Deposit,390.0,22,Transient-Party,124.0,0,0
City Hotel,0,133,2017,April,16,19,0,4,2,0.0,0,BB,ISL,Offline TA/TO,TA/TO,0,0,0,A,A,0,No Deposit,390.0,0,Transient-Party,124.0,0,0
City Hotel,0,133,2017,April,16,19,0,4,2,0.0,0,BB,ISL,Offline TA/TO,TA/TO,0,0,0,A,A,0,No Deposit,390.0,0,Transient-Party,124.0,0,0
City Hotel,0,133,2017,April,16,19,0,4,2,0.0,0,BB,LTU,Offline TA/TO,TA/TO,0,0,0,A,A,0,No Deposit,390.0,0,Transient-Party,124.0,0,0
City Hotel,0,133,2017,April,16,19,0,4,2,0.0,0,BB,ISL,Offline TA/TO,TA/TO,0,0,0,A,A,0,No Deposit,390.0,0,Transient-Party,124.0,0,0
City Hotel,0,133,2017,April,16,19,0,4,2,0.0,0,BB,LTU,Offline TA/TO,TA/TO,0,0,0,A,A,0,No Deposit,390.0,0,Transient-Party,124.0,0,0
City Hotel,0,133,2017,April,16,19,0,4,2,0.0,0,BB,ISL,Offline TA/TO,TA/TO,0,0,0,A,A,0,No Deposit,390.0,0,Transient-Party,124.0,0,0
City Hotel,0,133,2017,April,16,19,0,4,2,0.0,0,BB,LTU,Offline TA/TO,TA/TO,0,0,0,A,A,0,No Deposit,390.0,0,Transient-Party,124.0,0,0
City Hotel,0,133,2017,April,16,19,0,4,2,0.0,0,BB,POL,Offline TA/TO,TA/TO,0,0,0,A,A,0,No Deposit,390.0,0,Transient-Party,124.0,0,0
City Hotel,0,133,2017,April,16,19,0,4,2,0.0,0,BB,DEU,Offline TA/TO,TA/TO,0,0,0,A,A,1,No Deposit,390.0,0,Transient-Party,124.0,0,0
City Hotel,0,133,2017,April,16,19,0,4,2,0.0,0,BB,ISL,Offline TA/TO,TA/TO,0,0,0,A,A,0,No Deposit,390.0,0,Transient-Party,124.0,0,0
City Hotel,0,133,2017,April,16,19,0,4,2,0.0,0,BB,POL,Offline TA/TO,TA/TO,0,0,0,A,A,0,No Deposit,390.0,0,Transient-Party,124.0,0,0
City Hotel,0,133,2017,April,16,19,0,4,2,0.0,0,BB,ISL,Offline TA/TO,TA/TO,0,0,0,A,A,0,No Deposit,390.0,0,Transient-Party,124.0,0,0
City Hotel,0,133,2017,April,16,19,0,4,2,0.0,0,BB,POL,Offline TA/TO,TA/TO,0,0,0,A,A,0,No Deposit,390.0,0,Transient-Party,124.0,0,0
City Hotel,0,133,2017,April,16,19,0,4,2,0.0,0,BB,DEU,Offline TA/TO,TA/TO,0,0,0,A,A,0,No Deposit,390.0,0,Transient-Party,124.0,0,0
City Hotel,0,133,2017,April,16,19,0,4,2,0.0,0,BB,LTU,Offline TA/TO,TA/TO,0,0,0,A,A,0,No Deposit,390.0,0,Transient-Party,124.0,0,0
City Hotel,0,133,2017,April,16,19,0,4,2,0.0,0,BB,ISL,Offline TA/TO,TA/TO,0,0,0,A,A,0,No Deposit,390.0,0,Transient-Party,124.0,0,0
City Hotel,0,68,2017,April,16,20,0,3,2,0.0,0,BB,GBR,Online TA,TA/TO,0,0,0,D,D,0,No Deposit,9.0,0,Transient,135.0,0,0
City Hotel,0,133,2017,April,16,19,0,4,2,0.0,0,BB,DOM,Offline TA/TO,TA/TO,0,0,0,A,A,0,No Deposit,390.0,0,Transient-Party,124.0,0,0
City Hotel,0,133,2017,April,16,19,0,4,2,0.0,0,BB,ISL,Offline TA/TO,TA/TO,0,0,0,A,A,0,No Deposit,390.0,0,Transient-Party,124.0,0,0
City Hotel,0,133,2017,April,16,19,0,4,2,0.0,0,BB,ISL,Offline TA/TO,TA/TO,0,0,0,A,A,0,No Deposit,390.0,0,Transient-Party,124.0,0,0
City Hotel,0,177,2017,April,16,21,0,2,2,0.0,0,SC,IRL,Online TA,TA/TO,0,0,0,A,A,0,No Deposit,9.0,0,Transient,49.5,0,2
City Hotel,0,58,2017,April,16,21,0,2,2,0.0,0,BB,PRT,Direct,Direct,0,0,0,A,A,0,No Deposit,14.0,0,Transient,108.0,0,2
City Hotel,0,133,2017,April,16,19,0,4,2,0.0,0,BB,POL,Offline TA/TO,TA/TO,0,0,0,A,A,0,No Deposit,390.0,0,Transient-Party,124.0,0,0
City Hotel,0,133,2017,April,16,19,0,4,2,0.0,0,BB,POL,Offline TA/TO,TA/TO,0,0,0,A,A,0,No Deposit,390.0,0,Transient-Party,124.0,0,0
City Hotel,0,133,2017,April,16,19,0,4,2,0.0,0,BB,ISL,Offline TA/TO,TA/TO,0,0,0,A,A,0,No Deposit,390.0,0,Transient-Party,124.0,0,0
City Hotel,0,133,2017,April,16,19,0,4,2,0.0,0,BB,POL,Offline TA/TO,TA/TO,0,0,0,A,A,0,No Deposit,390.0,0,Transient-Party,124.0,0,0
City Hotel,0,133,2017,April,16,19,0,4,2,0.0,0,BB,DEU,Offline TA/TO,TA/TO,0,0,0,A,A,0,No Deposit,390.0,0,Transient-Party,124.0,0,0
City Hotel,0,133,2017,April,16,19,0,4,2,0.0,0,BB,ISL,Offline TA/TO,TA/TO,0,0,0,A,A,0,No Deposit,390.0,0,Transient-Party,124.0,0,0
City Hotel,0,173,2017,April,16,21,0,2,2,0.0,0,BB,GBR,Online TA,TA/TO,0,0,0,A,A,0,No Deposit,9.0,0,Transient,117.0,0,2
City Hotel,0,172,2017,April,16,21,0,2,2,0.0,0,BB,GBR,Online TA,TA/TO,0,0,0,A,A,0,No Deposit,9.0,0,Transient,117.0,0,2
City Hotel,0,133,2017,April,16,19,0,4,2,0.0,0,BB,DEU,Offline TA/TO,TA/TO,0,0,0,A,A,0,No Deposit,390.0,0,Transient-Party,124.0,0,0
City Hotel,0,95,2017,April,16,20,0,3,2,0.0,0,BB,GBR,Online TA,TA/TO,0,0,0,D,D,0,No Deposit,9.0,0,Transient-Party,136.8,0,0
City Hotel,0,133,2017,April,16,19,0,4,2,0.0,0,BB,DEU,Offline TA/TO,TA/TO,0,0,0,A,A,0,No Deposit,390.0,0,Transient-Party,124.0,0,0
City Hotel,0,133,2017,April,16,19,0,4,2,0.0,0,BB,ISL,Offline TA/TO,TA/TO,0,0,0,A,A,0,No Deposit,390.0,0,Transient-Party,124.0,0,0
City Hotel,0,95,2017,April,16,20,0,3,2,0.0,0,BB,GBR,Online TA,TA/TO,0,0,0,D,D,0,No Deposit,9.0,0,Transient-Party,136.8,0,0
City Hotel,0,95,2017,April,16,20,0,3,2,0.0,0,BB,GBR,Online TA,TA/TO,0,0,0,D,D,0,No Deposit,9.0,0,Transient-Party,136.8,0,0
City Hotel,0,95,2017,April,16,20,0,3,2,0.0,0,BB,GBR,Online TA,TA/TO,0,0,0,D,D,0,No Deposit,9.0,0,Transient-Party,136.8,0,0
City Hotel,0,133,2017,April,16,19,0,4,2,0.0,0,BB,LTU,Offline TA/TO,TA/TO,0,0,0,A,A,0,No Deposit,390.0,0,Transient-Party,124.0,0,0
City Hotel,0,133,2017,April,16,19,0,4,2,0.0,0,BB,ISL,Offline TA/TO,TA/TO,0,0,0,A,A,0,No Deposit,390.0,0,Transient-Party,124.0,0,0
City Hotel,0,133,2017,April,16,19,0,4,2,0.0,0,BB,ISL,Offline TA/TO,TA/TO,0,0,0,A,A,0,No Deposit,390.0,0,Transient-Party,124.0,0,0
City Hotel,0,139,2017,April,17,23,2,1,2,0.0,0,BB,GBR,Online TA,TA/TO,0,0,0,D,D,1,No Deposit,8.0,0,Transient,12.0,0,1
City Hotel,0,16,2017,April,16,21,0,2,2,0.0,0,SC,ISR,Online TA,TA/TO,0,0,0,A,A,0,No Deposit,9.0,0,Transient,124.0,1,1
City Hotel,0,133,2017,April,16,19,0,4,2,0.0,0,BB,ISL,Offline TA/TO,TA/TO,0,0,0,A,A,0,No Deposit,390.0,0,Transient-Party,124.0,0,0
City Hotel,0,133,2017,April,16,19,0,4,2,0.0,0,BB,POL,Offline TA/TO,TA/TO,0,0,0,A,A,0,No Deposit,390.0,0,Transient-Party,124.0,0,0
City Hotel,0,133,2017,April,16,19,0,4,2,0.0,0,BB,ISL,Offline TA/TO,TA/TO,0,0,0,A,A,0,No Deposit,390.0,0,Transient-Party,124.0,0,0
City Hotel,0,12,2017,April,16,21,0,2,2,0.0,0,SC,GBR,Online TA,TA/TO,0,0,0,A,D,0,No Deposit,9.0,0,Transient,150.0,0,3
City Hotel,0,23,2017,April,17,23,1,0,2,0.0,0,SC,DEU,Online TA,TA/TO,0,0,0,A,A,1,No Deposit,9.0,0,Transient,0.0,0,0
City Hotel,0,177,2017,April,16,21,0,2,2,0.0,0,SC,IRL,Online TA,TA/TO,0,0,0,A,A,0,No Deposit,9.0,0,Transient,99.0,0,2
City Hotel,0,102,2017,April,16,18,0,5,2,0.0,0,SC,FIN,Offline TA/TO,TA/TO,0,0,0,A,A,0,No Deposit,85.0,0,Transient,80.1,0,0
City Hotel,0,83,2017,April,17,23,2,3,2,0.0,0,BB,BRA,Online TA,TA/TO,0,0,0,A,A,1,No Deposit,9.0,0,Transient,12.0,0,2
City Hotel,0,19,2017,April,16,19,1,4,2,0.0,0,HB,FRA,Direct,Direct,0,0,0,D,D,1,No Deposit,14.0,0,Transient,176.0,0,0
City Hotel,0,19,2017,April,16,19,1,4,2,0.0,0,HB,FRA,Direct,Direct,0,0,0,D,D,1,No Deposit,14.0,0,Transient,176.0,0,0
City Hotel,0,15,2017,April,16,21,1,2,2,0.0,0,BB,ESP,Direct,Direct,0,0,0,D,D,0,No Deposit,14.0,0,Transient,126.0,0,1
City Hotel,0,274,2017,April,16,22,1,1,2,0.0,0,BB,GBR,Online TA,TA/TO,0,0,0,A,A,0,No Deposit,9.0,0,Transient,109.8,0,3
City Hotel,0,91,2017,April,16,20,1,3,2,0.0,0,BB,FRA,Offline TA/TO,TA/TO,0,0,0,A,A,0,No Deposit,28.0,0,Transient,94.0,0,0
City Hotel,0,42,2017,April,16,21,1,2,2,0.0,0,BB,BRA,Online TA,TA/TO,0,0,0,D,D,0,No Deposit,9.0,0,Transient,156.67,0,2
City Hotel,0,91,2017,April,16,20,1,3,2,0.0,0,BB,FRA,Offline TA/TO,TA/TO,0,0,0,A,A,0,No Deposit,28.0,0,Transient,85.0,0,0
City Hotel,0,151,2017,April,16,20,1,3,2,0.0,0,BB,PRT,Online TA,TA/TO,0,0,0,A,A,0,No Deposit,7.0,0,Transient,90.09,0,1
City Hotel,0,73,2017,April,16,21,1,2,2,0.0,0,BB,IRL,Offline TA/TO,TA/TO,0,0,0,A,A,0,No Deposit,85.0,0,Transient,89.1,0,1
City Hotel,0,250,2017,April,16,18,1,5,2,0.0,0,BB,IRL,Online TA,TA/TO,0,0,0,A,A,2,No Deposit,9.0,0,Transient,114.37,0,1
City Hotel,0,168,2017,April,16,20,1,3,2,0.0,0,SC,DEU,Online TA,TA/TO,0,0,0,A,A,0,No Deposit,9.0,0,Transient,99.0,0,2
City Hotel,0,12,2017,April,16,21,1,2,2,0.0,0,SC,BEL,Online TA,TA/TO,0,0,0,A,A,0,No Deposit,9.0,0,Transient,150.0,0,1
City Hotel,0,44,2017,April,16,20,1,3,2,0.0,0,BB,DEU,Offline TA/TO,TA/TO,0,0,0,A,A,0,No Deposit,6.0,0,Transient-Party,85.0,0,0
City Hotel,0,8,2017,April,17,23,1,0,2,0.0,0,BB,PRT,Direct,Direct,0,0,0,A,A,0,No Deposit,,0,Transient,102.0,0,0
City Hotel,0,8,2017,April,17,23,1,0,2,0.0,0,BB,PRT,Direct,Direct,0,0,0,A,A,0,No Deposit,,0,Transient,102.0,0,0
City Hotel,0,150,2017,April,16,19,1,4,2,0.0,0,BB,FRA,Online TA,TA/TO,0,0,0,D,D,0,No Deposit,9.0,0,Transient-Party,130.5,0,4
City Hotel,0,165,2017,April,16,22,1,1,2,0.0,0,SC,DEU,Online TA,TA/TO,0,0,0,A,A,0,No Deposit,9.0,0,Transient,99.0,0,1
City Hotel,0,66,2017,April,16,21,1,2,2,0.0,0,SC,FRA,Online TA,TA/TO,0,0,0,A,A,0,No Deposit,9.0,0,Transient,108.0,0,1
City Hotel,0,44,2017,April,16,20,1,3,2,0.0,0,BB,DEU,Offline TA/TO,TA/TO,0,0,0,A,A,0,No Deposit,6.0,0,Transient-Party,85.0,0,0
City Hotel,0,44,2017,April,16,20,1,3,2,0.0,0,BB,DEU,Offline TA/TO,TA/TO,0,0,0,A,A,0,No Deposit,6.0,0,Transient-Party,85.0,0,0
City Hotel,0,44,2017,April,16,20,1,3,2,0.0,0,BB,DEU,Offline TA/TO,TA/TO,0,0,0,A,A,0,No Deposit,6.0,0,Transient-Party,85.0,0,0
City Hotel,0,44,2017,April,16,20,1,3,2,0.0,0,BB,DEU,Offline TA/TO,TA/TO,0,0,0,A,A,0,No Deposit,6.0,0,Transient-Party,85.0,0,0
City Hotel,0,97,2017,April,16,22,1,1,2,0.0,0,HB,DEU,Online TA,TA/TO,0,0,0,A,A,1,No Deposit,9.0,0,Transient,150.0,1,3
City Hotel,0,94,2017,April,16,19,1,4,2,0.0,0,BB,HUN,Online TA,TA/TO,0,0,0,D,D,0,No Deposit,9.0,0,Transient,136.8,0,0
City Hotel,0,15,2017,April,16,20,1,3,2,0.0,0,SC,FRA,Online TA,TA/TO,0,0,0,A,A,0,No Deposit,9.0,0,Transient,115.0,0,2
City Hotel,0,215,2017,April,16,21,1,2,2,0.0,0,SC,ITA,Online TA,TA/TO,0,0,0,A,A,0,No Deposit,9.0,0,Transient,99.0,0,1
City Hotel,0,44,2017,April,16,20,1,3,2,0.0,0,BB,DEU,Offline TA/TO,TA/TO,0,0,0,A,A,0,No Deposit,6.0,0,Transient-Party,85.0,0,0
City Hotel,0,16,2017,April,16,21,1,2,2,0.0,0,BB,IRL,Direct,Direct,0,0,0,A,A,0,No Deposit,,0,Transient,128.0,0,0
City Hotel,0,44,2017,April,16,20,1,3,2,0.0,0,BB,DEU,Offline TA/TO,TA/TO,0,0,0,A,A,0,No Deposit,6.0,0,Transient-Party,85.0,0,0
City Hotel,0,129,2017,April,16,22,1,1,2,0.0,0,BB,GBR,Online TA,TA/TO,0,0,0,D,D,0,No Deposit,9.0,0,Transient,130.5,0,2
City Hotel,0,129,2017,April,16,22,1,1,2,0.0,0,BB,GBR,Online TA,TA/TO,0,0,0,D,D,0,No Deposit,9.0,0,Transient,130.5,0,2
City Hotel,0,129,2017,April,16,22,1,1,2,0.0,0,BB,GBR,Online TA,TA/TO,0,0,0,D,D,0,No Deposit,9.0,0,Transient,130.5,0,2
City Hotel,0,68,2017,April,16,20,1,3,2,0.0,0,BB,NLD,Online TA,TA/TO,0,0,0,A,A,0,No Deposit,9.0,0,Transient,126.0,0,4
City Hotel,0,23,2017,April,16,22,2,1,2,0.0,0,SC,FRA,Online TA,TA/TO,0,0,0,A,A,0,No Deposit,9.0,0,Transient,115.0,0,3
City Hotel,0,0,2017,April,17,23,2,0,2,0.0,0,BB,BRA,Direct,Direct,0,0,0,A,A,0,No Deposit,,0,Transient,90.0,0,1
City Hotel,0,49,2017,April,17,24,1,0,2,0.0,0,BB,AUS,Online TA,TA/TO,0,0,0,D,D,0,No Deposit,7.0,0,Transient,108.0,0,0
City Hotel,0,22,2017,April,16,21,2,2,2,0.0,0,SC,ITA,Online TA,TA/TO,0,0,0,A,A,0,No Deposit,9.0,0,Transient,115.0,0,1
City Hotel,0,151,2017,April,16,22,2,1,2,0.0,0,BB,NLD,Online TA,TA/TO,0,0,0,D,D,0,No Deposit,9.0,0,Transient,130.5,0,0
City Hotel,0,63,2017,April,16,22,2,1,2,0.0,0,BB,IRL,Online TA,TA/TO,0,0,0,E,E,0,No Deposit,9.0,0,Transient,162.0,0,2
City Hotel,0,88,2017,April,16,21,2,2,2,0.0,0,BB,GBR,Online TA,TA/TO,0,0,0,E,E,0,No Deposit,9.0,0,Transient,162.0,0,3
City Hotel,0,47,2017,April,17,23,2,0,2,0.0,0,BB,CN,Corporate,Corporate,0,0,0,A,A,1,No Deposit,,0,Transient-Party,75.0,1,0
City Hotel,0,91,2017,April,16,20,2,3,2,0.0,0,BB,AUT,Online TA,TA/TO,0,0,0,D,D,0,No Deposit,9.0,0,Transient,135.0,0,0
City Hotel,0,96,2017,April,16,22,2,1,2,0.0,0,BB,ITA,Online TA,TA/TO,0,0,0,A,A,0,No Deposit,9.0,0,Transient,126.0,0,1
City Hotel,0,91,2017,April,16,20,2,3,2,0.0,0,BB,AUT,Online TA,TA/TO,0,0,0,D,D,0,No Deposit,9.0,0,Transient,135.0,0,0
City Hotel,0,67,2017,April,16,22,2,1,2,0.0,0,SC,FRA,Online TA,TA/TO,0,0,0,A,A,0,No Deposit,9.0,0,Transient,108.0,0,3
City Hotel,0,68,2017,April,16,20,2,3,2,0.0,0,BB,ROU,Direct,Direct,0,0,0,A,A,0,No Deposit,14.0,0,Transient,108.0,0,3
City Hotel,0,61,2017,April,16,22,2,1,2,0.0,0,BB,FRA,Online TA,TA/TO,0,0,0,D,D,0,No Deposit,9.0,0,Transient,135.0,0,1
City Hotel,0,69,2017,April,16,21,2,2,2,0.0,0,BB,NLD,Online TA,TA/TO,0,0,0,A,A,0,No Deposit,9.0,0,Transient,126.0,0,1
City Hotel,0,80,2017,April,17,24,1,0,2,0.0,0,BB,BRA,Online TA,TA/TO,0,0,0,A,D,0,No Deposit,7.0,0,Transient,97.02,0,1
City Hotel,0,18,2017,April,17,23,2,0,2,0.0,0,SC,GBR,Online TA,TA/TO,0,0,0,A,A,0,No Deposit,8.0,0,Transient,115.0,0,2
City Hotel,0,18,2017,April,17,23,2,0,2,0.0,0,SC,GBR,Online TA,TA/TO,0,0,0,A,A,0,No Deposit,8.0,0,Transient,115.0,0,1
City Hotel,0,7,2017,April,16,22,2,1,2,0.0,0,BB,ITA,Direct,Direct,0,0,0,D,D,1,No Deposit,,0,Transient,159.0,0,1
City Hotel,0,236,2017,April,16,18,2,5,2,0.0,0,SC,FIN,Online TA,TA/TO,0,0,0,A,A,0,No Deposit,8.0,0,Transient,99.0,0,1
City Hotel,0,68,2017,April,16,20,2,3,2,0.0,0,BB,AUT,Online TA,TA/TO,0,0,0,A,A,0,No Deposit,9.0,0,Transient,126.0,0,2
City Hotel,0,343,2017,April,16,21,2,2,2,0.0,0,BB,PRT,Direct,Direct,0,0,0,B,B,1,No Deposit,,0,Transient,99.25,0,1
City Hotel,0,343,2017,April,16,21,2,2,2,0.0,0,BB,PRT,Direct,Direct,0,0,0,B,B,1,No Deposit,,0,Transient,99.25,0,1
City Hotel,0,343,2017,April,16,21,2,2,2,0.0,0,BB,ITA,Direct,Direct,0,0,0,B,A,1,No Deposit,,0,Transient,99.25,0,1
City Hotel,0,343,2017,April,16,21,2,2,2,0.0,0,BB,ITA,Direct,Direct,0,0,0,B,A,1,No Deposit,,0,Transient,99.25,0,1
City Hotel,0,343,2017,April,16,21,2,2,2,0.0,0,BB,ITA,Direct,Direct,0,0,0,B,A,1,No Deposit,,0,Transient,99.25,0,1
City Hotel,0,343,2017,April,16,21,2,2,2,0.0,0,BB,ESP,Direct,Direct,0,0,0,B,A,1,No Deposit,,0,Transient,99.25,0,1
City Hotel,0,137,2017,April,16,22,2,1,2,0.0,0,HB,FRA,Offline TA/TO,TA/TO,0,0,0,D,D,2,No Deposit,388.0,0,Transient,123.4,0,0
City Hotel,0,84,2017,April,16,20,2,3,2,0.0,0,BB,FRA,Direct,Direct,0,0,0,E,E,2,No Deposit,14.0,0,Transient,153.9,0,0
City Hotel,0,42,2017,April,17,23,2,0,2,0.0,0,BB,BEL,Online TA,TA/TO,0,0,0,A,A,0,No Deposit,9.0,0,Transient,140.0,0,1
City Hotel,0,65,2017,April,17,23,2,0,2,0.0,0,SC,GBR,Online TA,TA/TO,0,0,0,A,A,0,No Deposit,7.0,0,Transient,83.16,0,0
City Hotel,0,102,2017,April,16,21,2,3,2,0.0,0,BB,FRA,Online TA,TA/TO,0,0,0,D,D,0,No Deposit,9.0,0,Transient,148.5,0,0
City Hotel,0,102,2017,April,16,21,2,3,2,0.0,0,BB,FRA,Online TA,TA/TO,0,0,0,D,D,0,No Deposit,9.0,0,Transient,148.5,0,0
City Hotel,0,212,2017,April,17,23,2,1,2,0.0,0,BB,FRA,Online TA,TA/TO,0,0,0,A,A,0,No Deposit,155.0,0,Transient,138.33,0,1
City Hotel,0,130,2017,April,16,22,2,2,2,0.0,0,SC,USA,Offline TA/TO,TA/TO,0,0,0,A,A,0,No Deposit,138.0,0,Transient,89.0,0,1
City Hotel,0,45,2017,April,17,24,1,1,2,0.0,0,BB,PRT,Online TA,TA/TO,0,0,0,D,A,0,No Deposit,7.0,0,Transient,108.0,0,0
City Hotel,0,130,2017,April,16,22,2,2,2,0.0,0,SC,USA,Offline TA/TO,TA/TO,0,0,0,A,A,0,No Deposit,138.0,0,Transient,89.0,0,1
City Hotel,0,43,2017,April,17,23,2,1,2,0.0,0,BB,GBR,Online TA,TA/TO,0,0,0,D,D,0,No Deposit,9.0,0,Transient,145.0,0,0
City Hotel,0,31,2017,April,16,21,2,3,2,0.0,0,BB,DEU,Offline TA/TO,TA/TO,0,0,0,A,A,0,No Deposit,21.0,0,Transient-Party,85.0,0,0
City Hotel,0,73,2017,April,17,23,2,1,2,0.0,0,BB,USA,Direct,Direct,0,0,0,A,A,1,No Deposit,14.0,0,Transient,108.0,0,0
City Hotel,0,73,2017,April,17,23,2,1,2,0.0,0,BB,USA,Direct,Direct,0,0,0,A,A,1,No Deposit,14.0,0,Transient,108.0,0,0
City Hotel,0,85,2017,April,17,23,2,1,2,0.0,0,BB,CHE,Direct,Direct,0,0,0,A,A,0,No Deposit,14.0,0,Transient,108.0,0,0
City Hotel,0,31,2017,April,16,21,2,3,2,0.0,0,BB,DEU,Offline TA/TO,TA/TO,0,0,0,A,A,0,No Deposit,21.0,0,Transient-Party,85.0,0,0
City Hotel,0,68,2017,April,16,21,2,3,2,0.0,0,BB,FRA,Online TA,TA/TO,0,0,0,A,A,0,No Deposit,9.0,0,Transient,135.0,1,0
City Hotel,0,31,2017,April,16,21,2,3,2,0.0,0,BB,DEU,Offline TA/TO,TA/TO,0,0,0,A,A,0,No Deposit,21.0,0,Transient-Party,85.0,0,0
City Hotel,0,31,2017,April,16,21,2,3,2,0.0,0,BB,DEU,Offline TA/TO,TA/TO,0,0,0,A,A,0,No Deposit,21.0,0,Transient-Party,85.0,0,0
City Hotel,0,31,2017,April,16,21,2,3,2,0.0,0,BB,DEU,Offline TA/TO,TA/TO,0,0,0,A,A,0,No Deposit,21.0,0,Transient-Party,85.0,0,0
City Hotel,0,31,2017,April,16,21,2,3,2,0.0,0,BB,DEU,Offline TA/TO,TA/TO,0,0,0,A,A,0,No Deposit,21.0,0,Transient-Party,85.0,0,0
City Hotel,0,31,2017,April,16,21,2,3,2,0.0,0,BB,DEU,Offline TA/TO,TA/TO,0,0,0,A,A,0,No Deposit,21.0,0,Transient-Party,85.0,0,0
City Hotel,0,31,2017,April,16,21,2,3,2,0.0,0,BB,DEU,Offline TA/TO,TA/TO,0,0,0,A,A,0,No Deposit,21.0,0,Transient-Party,85.0,0,0
City Hotel,0,78,2017,April,17,23,2,1,2,0.0,0,BB,NLD,Online TA,TA/TO,0,0,0,A,A,0,No Deposit,7.0,0,Transient,92.17,0,1
City Hotel,0,174,2017,April,16,21,2,3,2,0.0,0,BB,FRA,Online TA,TA/TO,0,0,0,A,A,2,No Deposit,9.0,0,Transient,117.0,0,1
City Hotel,0,69,2017,April,16,21,2,3,2,0.0,0,BB,FRA,Direct,Direct,0,0,0,A,A,0,No Deposit,14.0,0,Transient,108.0,0,0
City Hotel,0,217,2017,April,17,25,0,1,2,0.0,0,BB,DEU,Online TA,TA/TO,0,0,0,A,D,0,No Deposit,9.0,0,Transient,99.0,0,1
City Hotel,0,217,2017,April,17,25,0,1,2,0.0,0,BB,DEU,Online TA,TA/TO,0,0,0,A,E,0,No Deposit,9.0,0,Transient,99.0,0,1
City Hotel,0,170,2017,April,16,21,2,3,2,0.0,0,BB,NLD,Offline TA/TO,TA/TO,0,0,0,A,A,0,No Deposit,42.0,0,Transient,99.0,0,3
City Hotel,0,174,2017,April,16,21,2,3,2,0.0,0,BB,FRA,Online TA,TA/TO,0,0,0,A,A,2,No Deposit,9.0,0,Transient,117.0,0,1
City Hotel,0,194,2017,April,16,21,2,3,2,0.0,0,BB,FRA,Online TA,TA/TO,0,0,0,A,A,0,No Deposit,9.0,0,Transient,117.0,0,2
City Hotel,0,194,2017,April,16,21,2,3,2,0.0,0,BB,FRA,Online TA,TA/TO,0,0,0,A,A,0,No Deposit,9.0,0,Transient,117.0,0,2
City Hotel,0,155,2017,April,16,20,2,4,2,0.0,0,BB,FIN,Direct,Direct,0,0,0,E,E,2,No Deposit,14.0,0,Transient,153.0,1,0
City Hotel,0,120,2017,April,17,23,2,1,2,0.0,0,BB,FRA,Offline TA/TO,TA/TO,0,0,0,A,A,0,No Deposit,28.0,0,Transient,89.1,0,0
City Hotel,0,86,2017,April,17,23,2,1,2,0.0,0,BB,DEU,Direct,Direct,0,0,0,A,A,0,No Deposit,14.0,0,Transient,105.0,0,3
City Hotel,0,93,2017,April,16,22,2,3,2,0.0,0,BB,FRA,Offline TA/TO,TA/TO,0,0,0,A,D,0,No Deposit,28.0,0,Transient,85.0,0,0
City Hotel,0,93,2017,April,16,22,2,3,2,0.0,0,BB,FRA,Offline TA/TO,TA/TO,0,0,0,A,D,0,No Deposit,28.0,0,Transient,85.0,0,0
City Hotel,0,150,2017,April,17,24,1,2,2,0.0,0,BB,FRA,Offline TA/TO,TA/TO,0,0,0,A,A,0,No Deposit,28.0,0,Transient,89.1,0,0
City Hotel,0,131,2017,April,17,24,1,2,2,0.0,0,BB,DEU,Online TA,TA/TO,0,0,0,A,A,0,No Deposit,9.0,0,Transient,117.0,0,1
City Hotel,0,99,2017,April,16,22,2,3,2,0.0,0,SC,GBR,Online TA,TA/TO,0,0,0,A,A,0,No Deposit,9.0,0,Transient,108.0,0,0
City Hotel,0,62,2017,April,17,24,1,2,2,0.0,0,BB,IRL,Offline TA/TO,TA/TO,0,0,0,A,A,0,No Deposit,168.0,0,Transient,89.1,0,0
City Hotel,0,310,2017,April,17,23,2,2,2,0.0,0,BB,DEU,Offline TA/TO,TA/TO,0,0,0,A,A,0,No Deposit,21.0,0,Transient-Party,83.75,0,1
City Hotel,0,47,2017,April,17,24,1,2,2,0.0,0,BB,GBR,Online TA,TA/TO,0,0,0,D,D,0,No Deposit,9.0,0,Transient,135.0,0,1
City Hotel,0,279,2017,April,17,24,1,2,2,0.0,0,BB,GBR,Online TA,TA/TO,0,0,0,A,A,0,No Deposit,9.0,0,Transient,109.8,0,1
City Hotel,0,310,2017,April,17,23,2,2,2,0.0,0,BB,DEU,Offline TA/TO,TA/TO,0,0,0,A,A,0,No Deposit,21.0,0,Transient-Party,83.75,0,0
City Hotel,0,310,2017,April,17,23,2,2,2,0.0,0,BB,DEU,Offline TA/TO,TA/TO,0,0,0,A,A,0,No Deposit,21.0,0,Transient-Party,41.88,0,0
City Hotel,0,310,2017,April,17,23,2,2,2,0.0,0,BB,DEU,Offline TA/TO,TA/TO,0,0,0,A,A,0,No Deposit,21.0,0,Transient-Party,83.75,0,0
City Hotel,0,310,2017,April,17,23,2,2,2,0.0,0,BB,AUT,Offline TA/TO,TA/TO,0,0,0,A,A,0,No Deposit,21.0,0,Transient-Party,83.75,0,0
City Hotel,0,310,2017,April,17,23,2,2,2,0.0,0,BB,DEU,Offline TA/TO,TA/TO,0,0,0,A,A,0,No Deposit,21.0,0,Transient-Party,83.75,0,0
City Hotel,0,310,2017,April,17,23,2,2,2,0.0,0,BB,DEU,Offline TA/TO,TA/TO,0,0,0,A,A,0,No Deposit,21.0,0,Transient-Party,83.75,0,1
City Hotel,0,67,2017,April,17,23,2,2,2,0.0,0,BB,DEU,Offline TA/TO,TA/TO,0,0,0,A,A,0,No Deposit,28.0,0,Transient,89.1,0,0
City Hotel,0,148,2017,April,17,25,0,2,2,0.0,0,SC,CHN,Online TA,TA/TO,0,0,0,A,A,0,No Deposit,9.0,0,Transient,89.1,1,1
City Hotel,0,7,2017,April,17,26,0,1,2,0.0,0,BB,PRT,Corporate,Corporate,0,0,0,D,D,0,No Deposit,,0,Transient,110.0,0,0
City Hotel,0,75,2017,April,17,24,1,2,2,0.0,0,SC,FRA,Online TA,TA/TO,0,0,0,A,A,0,No Deposit,9.0,0,Transient,108.0,0,0
City Hotel,0,65,2017,April,17,23,2,2,2,0.0,0,BB,DEU,Offline TA/TO,TA/TO,0,0,0,A,A,0,No Deposit,28.0,0,Transient,89.1,0,0
City Hotel,0,164,2017,April,17,24,1,2,2,0.0,0,BB,BEL,Direct,Direct,0,0,0,A,A,0,No Deposit,14.0,0,Transient,99.0,0,0
City Hotel,0,58,2017,April,17,23,2,2,2,0.0,0,BB,SWE,Offline TA/TO,TA/TO,0,0,0,A,A,0,No Deposit,436.0,0,Transient,89.1,0,2
City Hotel,0,58,2017,April,17,23,2,2,2,0.0,0,BB,SWE,Offline TA/TO,TA/TO,0,0,0,A,A,1,No Deposit,436.0,0,Transient,89.1,0,2
City Hotel,0,94,2017,April,16,19,2,6,2,0.0,0,HB,DEU,Direct,Direct,0,0,0,D,D,1,No Deposit,14.0,0,Transient,170.3,0,1
City Hotel,0,98,2017,April,17,24,1,2,2,0.0,0,BB,FRA,Offline TA/TO,TA/TO,0,0,0,A,D,0,No Deposit,28.0,0,Transient,85.0,0,0
City Hotel,0,98,2017,April,17,24,1,2,2,0.0,0,BB,FRA,Offline TA/TO,TA/TO,0,0,0,A,D,0,No Deposit,28.0,0,Transient,85.0,0,0
City Hotel,0,135,2017,April,17,24,1,2,2,0.0,0,BB,IRL,Direct,Direct,0,0,0,A,A,0,No Deposit,14.0,0,Transient,99.0,0,0
City Hotel,0,135,2017,April,17,24,1,2,2,0.0,0,BB,GBR,Direct,Direct,0,0,0,A,A,0,No Deposit,14.0,0,Transient,99.0,0,0
City Hotel,0,121,2017,April,17,24,1,2,2,0.0,0,BB,BEL,Online TA,TA/TO,0,0,0,A,A,0,No Deposit,9.0,0,Transient,135.0,0,1
City Hotel,0,4,2017,April,17,27,0,3,2,0.0,0,SC,FRA,Online TA,TA/TO,0,0,0,A,A,1,No Deposit,9.0,0,Transient,0.0,0,2
City Hotel,0,59,2017,April,17,26,0,1,2,0.0,0,BB,CHE,Direct,Direct,0,0,0,D,D,0,No Deposit,14.0,0,Transient,130.5,0,2
City Hotel,0,204,2017,April,17,23,2,2,2,0.0,0,BB,CHE,Online TA,TA/TO,0,0,0,B,A,1,No Deposit,9.0,0,Transient,114.5,0,4
City Hotel,0,137,2017,April,17,24,1,2,2,0.0,0,BB,DEU,Direct,Direct,0,0,0,A,A,0,No Deposit,,0,Transient,105.25,0,0
City Hotel,0,110,2017,April,16,22,2,3,2,0.0,0,HB,FRA,Online TA,TA/TO,0,0,0,D,D,0,No Deposit,9.0,0,Transient,175.5,0,0
City Hotel,0,102,2017,April,17,24,1,2,2,0.0,0,BB,DEU,Offline TA/TO,TA/TO,0,0,0,D,D,0,No Deposit,27.0,0,Transient,98.1,0,1
City Hotel,0,41,2017,April,17,26,0,1,2,0.0,0,BB,POL,Corporate,Corporate,0,0,0,A,A,1,No Deposit,,0,Transient-Party,120.0,0,0
City Hotel,0,89,2017,April,17,24,1,2,2,0.0,0,BB,FRA,Offline TA/TO,TA/TO,0,0,0,A,D,0,No Deposit,28.0,0,Transient,85.0,0,0
City Hotel,0,45,2017,April,17,24,1,2,2,0.0,0,BB,PRT,Offline TA/TO,TA/TO,0,0,0,A,A,0,No Deposit,85.0,0,Transient,89.1,0,0
City Hotel,0,1,2017,April,17,25,0,2,2,0.0,0,BB,CHE,Online TA,TA/TO,0,0,0,A,B,0,No Deposit,8.0,0,Transient,175.5,0,0
City Hotel,0,132,2017,April,17,23,2,2,2,0.0,0,BB,BEL,Online TA,TA/TO,0,0,0,A,A,0,No Deposit,9.0,0,Transient,117.0,0,2
City Hotel,0,4,2017,April,17,25,0,2,2,0.0,0,BB,FRA,Online TA,TA/TO,0,0,0,D,E,0,No Deposit,9.0,0,Transient,199.0,0,2
City Hotel,0,108,2017,April,17,24,1,2,2,0.0,0,BB,FRA,Direct,Direct,0,0,0,A,A,0,No Deposit,14.0,0,Transient,108.0,0,1
City Hotel,0,93,2017,April,16,22,2,3,2,0.0,0,BB,FRA,Direct,Direct,0,0,0,A,A,2,No Deposit,14.0,0,Transient,105.0,0,2
City Hotel,0,59,2017,April,17,26,0,1,2,0.0,0,BB,CHE,Direct,Direct,0,0,0,D,D,0,No Deposit,14.0,0,Transient,130.5,0,2
City Hotel,0,109,2017,April,17,25,0,3,2,0.0,0,HB,FRA,Online TA,TA/TO,0,0,0,A,A,0,No Deposit,9.0,0,Transient,159.0,0,2
City Hotel,0,46,2017,April,17,23,2,3,2,0.0,0,HB,FRA,Online TA,TA/TO,0,0,0,A,A,0,No Deposit,9.0,0,Transient,160.2,0,1
City Hotel,0,1,2017,April,17,27,0,1,2,0.0,0,SC,PRT,Online TA,TA/TO,0,0,0,A,A,0,No Deposit,9.0,0,Transient,160.0,0,0
City Hotel,0,68,2017,April,16,21,2,5,2,0.0,0,HB,DEU,Online TA,TA/TO,0,0,0,A,A,0,No Deposit,9.0,0,Transient,160.2,0,2
City Hotel,0,62,2017,April,17,24,1,3,2,0.0,0,SC,FRA,Online TA,TA/TO,0,0,0,A,A,0,No Deposit,7.0,0,Transient,82.08,0,1
City Hotel,0,79,2017,April,17,24,1,3,2,0.0,0,BB,FRA,Online TA,TA/TO,0,0,0,D,D,0,No Deposit,9.0,0,Transient,132.75,0,1
City Hotel,0,129,2017,April,17,24,1,3,2,0.0,0,SC,GBR,Online TA,TA/TO,0,0,0,A,A,0,No Deposit,9.0,0,Transient,105.75,0,3
City Hotel,0,85,2017,April,17,24,1,3,2,0.0,0,BB,GBR,Online TA,TA/TO,0,0,0,A,A,0,No Deposit,9.0,0,Transient,123.75,0,0
City Hotel,0,155,2017,April,17,24,1,3,2,0.0,0,BB,BRA,Online TA,TA/TO,0,0,0,A,A,0,No Deposit,9.0,0,Transient,135.0,0,1
City Hotel,0,155,2017,April,17,24,1,3,2,0.0,0,BB,BRA,Online TA,TA/TO,0,0,0,A,A,0,No Deposit,9.0,0,Transient,126.0,0,1
City Hotel,0,26,2017,April,17,26,0,2,2,0.0,0,BB,PRT,Direct,Direct,0,0,0,A,A,0,No Deposit,,0,Transient,95.0,0,2
City Hotel,0,70,2017,April,17,25,0,3,2,0.0,0,HB,FRA,Offline TA/TO,TA/TO,0,0,0,A,D,0,No Deposit,28.0,0,Contract,110.0,0,0
City Hotel,0,155,2017,April,17,24,1,3,2,0.0,0,BB,BRA,Online TA,TA/TO,0,0,0,A,A,0,No Deposit,9.0,0,Transient,135.0,0,1
City Hotel,0,63,2017,April,17,26,0,2,2,0.0,0,BB,SWE,Online TA,TA/TO,0,0,0,D,D,0,No Deposit,9.0,0,Transient,135.0,0,0
City Hotel,0,80,2017,April,17,24,1,3,2,0.0,0,SC,BRA,Online TA,TA/TO,0,0,0,A,A,0,No Deposit,9.0,0,Transient,105.75,0,1
City Hotel,0,5,2017,April,17,25,0,3,2,0.0,0,BB,AUT,Online TA,TA/TO,0,0,0,A,D,1,No Deposit,9.0,0,Transient,122.0,0,1
City Hotel,0,90,2017,April,17,23,2,3,2,0.0,0,SC,DEU,Online TA,TA/TO,0,0,0,A,A,0,No Deposit,7.0,0,Transient,77.68,0,0
City Hotel,0,40,2017,April,17,25,0,3,2,0.0,0,BB,ITA,Online TA,TA/TO,0,0,0,E,E,0,No Deposit,9.0,0,Transient,174.0,0,2
City Hotel,0,26,2017,April,17,27,0,1,2,0.0,0,SC,AUS,Online TA,TA/TO,0,0,0,A,A,0,No Deposit,9.0,0,Transient,124.0,1,3
City Hotel,0,43,2017,April,17,27,0,1,2,0.0,0,SC,PRT,Offline TA/TO,TA/TO,0,0,0,A,A,0,No Deposit,85.0,0,Transient,98.0,0,1
City Hotel,0,92,2017,April,17,24,1,3,2,0.0,0,BB,FRA,Online TA,TA/TO,0,0,0,A,A,0,No Deposit,7.0,0,Transient,90.53,0,1
City Hotel,0,93,2017,April,17,24,1,3,2,0.0,0,BB,GBR,Online TA,TA/TO,0,0,0,A,A,0,No Deposit,9.0,0,Transient,123.75,0,0
City Hotel,0,95,2017,April,17,24,1,3,2,0.0,0,BB,IRL,Groups,TA/TO,0,0,0,A,A,0,No Deposit,,0,Transient-Party,100.0,0,0
City Hotel,0,143,2017,April,17,27,0,1,2,0.0,0,BB,FRA,Online TA,TA/TO,0,0,0,A,A,0,No Deposit,9.0,0,Transient,117.0,0,2
City Hotel,0,140,2017,April,17,28,2,2,2,0.0,0,BB,FRA,Offline TA/TO,TA/TO,0,0,0,A,A,2,No Deposit,119.0,0,Transient-Party,130.0,0,2
City Hotel,0,41,2017,April,17,24,1,3,2,0.0,0,BB,POL,Offline TA/TO,TA/TO,0,0,0,A,A,0,No Deposit,85.0,0,Transient,99.0,0,2
City Hotel,0,63,2017,April,17,23,2,3,2,0.0,0,SC,FRA,Online TA,TA/TO,0,0,0,A,A,0,No Deposit,9.0,0,Transient,108.0,0,1
City Hotel,0,42,2017,April,17,23,2,3,2,0.0,0,BB,FRA,Online TA,TA/TO,0,0,0,D,D,0,No Deposit,9.0,0,Transient,144.0,0,0
City Hotel,0,42,2017,April,17,23,2,3,2,0.0,0,BB,PRT,Online TA,TA/TO,0,0,0,D,D,0,No Deposit,9.0,0,Transient,144.0,0,0
City Hotel,0,76,2017,April,17,24,1,3,2,0.0,0,HB,PRT,Online TA,TA/TO,0,0,0,A,A,0,No Deposit,42.0,0,Transient,128.16,0,0
City Hotel,0,102,2017,April,17,24,1,3,2,0.0,0,BB,IRL,Groups,TA/TO,0,0,0,A,C,0,No Deposit,,0,Transient-Party,100.0,0,0
City Hotel,0,40,2017,April,17,26,0,2,2,0.0,0,BB,USA,Online TA,TA/TO,0,0,0,E,E,0,No Deposit,9.0,0,Transient,174.0,0,3
City Hotel,0,158,2017,April,17,27,0,1,2,0.0,0,BB,BRA,Online TA,TA/TO,0,0,0,D,D,0,No Deposit,9.0,0,Transient,130.5,0,1
City Hotel,0,97,2017,April,17,25,0,3,2,0.0,0,HB,FRA,Offline TA/TO,TA/TO,0,0,0,A,D,0,No Deposit,28.0,0,Transient,115.0,0,0
City Hotel,0,84,2017,April,17,25,0,3,2,0.0,0,HB,DEU,Online TA,TA/TO,0,0,0,A,D,0,No Deposit,9.0,0,Transient,159.0,0,0
City Hotel,0,38,2017,April,17,24,1,3,2,0.0,0,BB,NLD,Online TA,TA/TO,0,0,0,F,F,1,No Deposit,9.0,0,Transient,224.0,0,3
City Hotel,0,38,2017,April,17,24,1,3,2,0.0,0,BB,NLD,Online TA,TA/TO,0,0,0,E,E,1,No Deposit,9.0,0,Transient,174.0,0,3
City Hotel,0,102,2017,April,17,24,1,3,2,0.0,0,BB,IRL,Groups,TA/TO,0,0,0,A,A,0,No Deposit,,0,Transient-Party,100.0,0,0
City Hotel,0,107,2017,April,16,22,2,4,2,0.0,0,BB,DEU,Online TA,TA/TO,0,0,0,D,D,0,No Deposit,9.0,0,Transient,138.0,0,1
City Hotel,0,5,2017,April,17,26,0,2,2,0.0,0,BB,PRT,Corporate,Corporate,0,0,0,D,D,2,No Deposit,,0,Transient,110.0,0,0
City Hotel,0,5,2017,April,17,24,1,3,2,0.0,0,BB,IRL,Online TA,TA/TO,0,0,0,D,D,0,No Deposit,7.0,0,Transient,136.8,0,1
City Hotel,0,74,2017,April,17,23,2,3,2,0.0,0,BB,IRL,Online TA,TA/TO,0,0,0,A,A,0,No Deposit,9.0,0,Transient,126.0,0,0
City Hotel,0,102,2017,April,17,24,1,3,2,0.0,0,BB,IRL,Groups,TA/TO,0,0,0,A,A,0,No Deposit,,0,Transient-Party,100.0,0,0
City Hotel,0,47,2017,April,17,24,1,3,2,0.0,0,BB,DEU,Direct,Direct,0,0,0,A,A,2,No Deposit,,0,Transient,108.0,0,0
City Hotel,0,3,2017,April,17,27,0,1,2,0.0,0,BB,RUS,Corporate,Corporate,0,0,0,A,A,1,No Deposit,,0,Transient,170.0,0,0
City Hotel,0,102,2017,April,17,24,1,3,2,0.0,0,BB,IRL,Groups,TA/TO,0,0,0,A,A,0,No Deposit,,0,Transient-Party,100.0,0,0
City Hotel,0,46,2017,April,17,24,1,3,2,0.0,0,BB,PRT,Direct,Direct,0,0,0,A,A,1,No Deposit,,0,Transient,108.0,0,0
City Hotel,0,94,2017,April,17,27,0,1,2,0.0,0,BB,IRL,Online TA,TA/TO,0,0,0,D,D,0,No Deposit,9.0,0,Transient,126.0,0,0
City Hotel,0,123,2017,April,17,24,1,3,2,0.0,0,BB,FRA,Direct,Direct,0,0,0,A,A,0,No Deposit,14.0,0,Transient,105.75,0,1
City Hotel,0,102,2017,April,17,24,1,3,2,0.0,0,BB,IRL,Groups,TA/TO,0,0,0,A,A,0,No Deposit,,0,Transient-Party,100.0,0,0
City Hotel,0,123,2017,April,17,24,1,3,2,0.0,0,BB,FRA,Direct,Direct,0,0,0,A,A,0,No Deposit,14.0,0,Transient,105.75,0,1
City Hotel,0,69,2017,April,17,23,2,3,2,0.0,0,HB,FRA,Online TA,TA/TO,0,0,0,D,D,1,No Deposit,83.0,0,Transient,136.8,0,0
City Hotel,0,0,2017,April,17,27,0,1,2,0.0,0,BB,PRT,Direct,Direct,0,0,0,A,A,1,No Deposit,,0,Transient,160.0,0,0
City Hotel,0,102,2017,April,17,24,1,3,2,0.0,0,BB,IRL,Groups,TA/TO,0,0,0,A,A,0,No Deposit,,0,Transient-Party,100.0,0,0
City Hotel,0,317,2017,April,17,25,0,3,2,0.0,0,BB,USA,Online TA,TA/TO,0,0,0,A,A,0,No Deposit,8.0,0,Transient,118.8,0,2
City Hotel,0,123,2017,April,17,24,1,3,2,0.0,0,BB,FRA,Direct,Direct,0,0,0,A,A,0,No Deposit,14.0,0,Transient,105.75,0,1
City Hotel,0,123,2017,April,17,24,1,3,2,0.0,0,BB,FRA,Direct,Direct,0,0,0,A,A,0,No Deposit,14.0,0,Transient,105.75,0,1
City Hotel,0,131,2017,April,17,23,2,3,2,0.0,0,BB,DEU,Online TA,TA/TO,0,0,0,A,A,3,No Deposit,9.0,0,Transient,99.0,0,2
City Hotel,0,4,2017,April,17,27,0,1,2,0.0,0,BB,SWE,Online TA,TA/TO,0,0,0,A,A,0,No Deposit,9.0,0,Transient,180.0,0,2
City Hotel,0,60,2017,April,17,24,1,4,2,0.0,0,BB,GBR,Direct,Direct,0,0,0,D,D,0,No Deposit,14.0,0,Transient,130.5,0,0
City Hotel,0,116,2017,April,17,25,0,4,2,0.0,0,BB,SWE,Online TA,TA/TO,0,0,0,A,A,0,No Deposit,8.0,0,Transient,121.5,0,1
City Hotel,0,294,2017,April,17,28,0,1,2,0.0,0,SC,DEU,Direct,Direct,0,0,0,A,K,0,No Deposit,,0,Transient,99.0,0,1
City Hotel,0,145,2017,April,17,25,0,4,2,0.0,0,BB,BEL,Direct,Direct,0,0,0,A,A,0,No Deposit,14.0,0,Transient,99.0,0,0
City Hotel,0,134,2017,April,17,25,0,4,2,0.0,0,SC,NLD,Online TA,TA/TO,0,0,0,A,A,0,No Deposit,9.0,0,Transient,99.0,0,0
City Hotel,0,28,2017,April,17,28,0,1,2,0.0,0,SC,CHN,Online TA,TA/TO,0,0,0,A,A,0,No Deposit,9.0,0,Transient,103.5,0,0
City Hotel,0,76,2017,April,17,24,1,4,2,0.0,0,HB,GBR,Online TA,TA/TO,0,0,0,A,A,0,No Deposit,9.0,0,Transient,160.2,0,1
City Hotel,0,64,2017,April,17,25,0,4,2,0.0,0,BB,BEL,Online TA,TA/TO,0,0,0,D,D,0,No Deposit,9.0,0,Transient,135.0,0,2
City Hotel,0,75,2017,April,17,25,0,4,2,0.0,0,SC,GBR,Online TA,TA/TO,0,0,0,A,D,0,No Deposit,9.0,0,Transient,108.0,0,2
City Hotel,0,77,2017,April,17,26,0,3,2,0.0,0,SC,SVK,Online TA,TA/TO,0,0,0,A,A,0,No Deposit,9.0,0,Transient,108.0,0,1
City Hotel,0,70,2017,April,17,25,0,4,2,0.0,0,BB,BEL,Online TA,TA/TO,0,0,0,E,E,0,No Deposit,9.0,0,Transient,162.0,0,3
City Hotel,0,50,2017,April,17,27,0,2,2,0.0,0,BB,FRA,Online TA,TA/TO,0,0,0,A,A,0,No Deposit,9.0,0,Transient,126.0,0,1
City Hotel,0,98,2017,April,17,24,1,4,2,0.0,0,BB,FRA,Offline TA/TO,TA/TO,0,0,0,A,D,0,No Deposit,28.0,0,Transient,85.0,0,0
City Hotel,0,5,2017,April,17,28,0,1,2,0.0,0,BB,PRT,Direct,Direct,0,0,0,A,A,1,No Deposit,14.0,0,Transient,179.0,1,0
City Hotel,0,98,2017,April,17,28,0,1,2,0.0,0,BB,FRA,Online TA,TA/TO,0,0,0,A,A,0,No Deposit,8.0,0,Transient,117.0,0,1
City Hotel,0,145,2017,April,17,25,0,4,2,0.0,0,BB,BEL,Direct,Direct,0,0,0,A,A,0,No Deposit,14.0,0,Transient,99.0,0,0
City Hotel,0,0,2017,April,17,27,0,2,2,0.0,0,BB,PRT,Complementary,Direct,0,0,0,D,D,0,No Deposit,,0,Transient,0.0,1,2
City Hotel,0,8,2017,April,17,28,0,1,2,0.0,0,BB,GBR,Online TA,TA/TO,0,0,0,A,A,0,No Deposit,7.0,0,Transient,144.0,0,1
City Hotel,0,75,2017,April,17,25,0,4,2,0.0,0,BB,DEU,Direct,Direct,0,0,0,A,A,0,No Deposit,,0,Transient,108.0,0,1
City Hotel,0,113,2017,April,16,22,2,5,2,0.0,0,BB,DEU,Online TA,TA/TO,0,0,0,A,A,0,No Deposit,7.0,0,Transient,98.9,0,2
City Hotel,0,86,2017,April,17,27,0,2,2,0.0,0,BB,TWN,Direct,Direct,0,0,0,A,A,0,No Deposit,14.0,0,Transient,99.0,0,1
City Hotel,0,95,2017,April,17,25,0,4,2,0.0,0,HB,FRA,Offline TA/TO,TA/TO,0,0,0,A,D,0,No Deposit,28.0,0,Transient,115.0,0,0
City Hotel,0,4,2017,April,17,28,0,1,2,0.0,0,SC,GBR,Online TA,Direct,0,0,0,A,F,0,No Deposit,,0,Transient,130.0,0,0
City Hotel,0,3,2017,April,17,26,0,3,2,0.0,0,BB,NLD,Online TA,TA/TO,0,0,0,G,G,0,No Deposit,7.0,0,Transient,228.0,0,1
City Hotel,0,63,2017,April,17,23,2,4,2,0.0,0,SC,ITA,Online TA,TA/TO,0,0,0,A,A,0,No Deposit,9.0,0,Transient,108.0,0,0
City Hotel,0,132,2017,April,17,24,1,4,2,0.0,0,BB,BEL,Direct,Direct,0,0,0,A,A,0,No Deposit,14.0,0,Transient,99.0,0,2
City Hotel,0,78,2017,April,17,25,0,4,2,0.0,0,BB,GBR,Online TA,TA/TO,0,0,0,A,A,0,No Deposit,9.0,0,Transient,121.5,0,1
City Hotel,0,153,2017,April,17,27,0,2,2,0.0,0,BB,USA,Direct,Direct,0,0,0,A,A,0,No Deposit,14.0,0,Transient,96.25,0,0
City Hotel,0,82,2017,April,17,23,2,4,2,0.0,0,BB,NLD,Online TA,TA/TO,0,0,0,A,A,0,No Deposit,9.0,0,Transient,123.0,0,1
City Hotel,0,53,2017,April,17,28,0,1,2,0.0,0,BB,PRT,Online TA,TA/TO,0,0,0,A,A,0,No Deposit,9.0,0,Transient,117.0,0,1
City Hotel,0,28,2017,April,17,27,0,2,2,0.0,0,BB,AUS,Online TA,TA/TO,0,0,0,A,A,1,No Deposit,9.0,0,Transient,114.0,0,0
City Hotel,0,294,2017,April,17,28,0,1,2,0.0,0,SC,DEU,Direct,Direct,0,0,0,A,A,0,No Deposit,,0,Transient,99.0,0,1
City Hotel,0,76,2017,April,17,25,0,4,2,0.0,0,SC,DEU,Online TA,TA/TO,0,0,0,A,A,0,No Deposit,9.0,0,Transient,108.0,0,0
City Hotel,0,78,2017,April,17,25,0,4,2,0.0,0,BB,GBR,Online TA,TA/TO,0,0,0,A,A,0,No Deposit,9.0,0,Transient,121.5,0,1
City Hotel,0,21,2017,April,17,28,0,1,2,0.0,0,SC,ESP,Online TA,TA/TO,0,0,0,A,K,0,No Deposit,9.0,0,Transient,115.0,0,2
City Hotel,0,28,2017,April,17,27,0,2,2,0.0,0,BB,DEU,Online TA,TA/TO,0,0,0,A,A,0,No Deposit,42.0,0,Transient,116.2,0,0
City Hotel,0,52,2017,April,17,28,0,1,2,0.0,0,BB,CN,Corporate,Corporate,0,0,0,A,A,1,Refundable,,0,Transient-Party,77.0,1,1
City Hotel,0,101,2017,April,17,26,0,3,2,0.0,0,BB,CHN,Online TA,TA/TO,0,0,0,A,A,0,No Deposit,9.0,0,Transient,108.0,0,0
City Hotel,0,101,2017,April,18,30,1,0,2,0.0,0,SC,CHN,Online TA,TA/TO,0,0,1,A,A,0,No Deposit,9.0,0,Transient,89.1,0,1
City Hotel,0,116,2017,April,17,25,0,4,2,0.0,0,BB,SWE,Online TA,TA/TO,0,0,0,A,A,0,No Deposit,8.0,0,Transient,121.5,0,1
City Hotel,0,52,2017,April,17,27,0,2,2,0.0,0,BB,PRT,Online TA,TA/TO,0,0,0,E,E,1,No Deposit,9.0,0,Transient,171.0,0,3
City Hotel,0,54,2017,April,17,25,0,4,2,0.0,0,BB,CHL,Online TA,TA/TO,0,0,0,D,D,2,No Deposit,9.0,0,Transient,148.75,0,3
City Hotel,0,0,2017,April,17,27,0,2,2,0.0,0,BB,PRT,Direct,Direct,0,0,0,A,A,1,No Deposit,,0,Transient,12.0,0,0
City Hotel,0,28,2017,April,17,29,0,1,2,0.0,0,SC,HKG,Online TA,TA/TO,0,0,0,A,D,0,No Deposit,9.0,0,Transient,115.0,0,3
City Hotel,0,28,2017,April,17,29,0,1,2,0.0,0,SC,HKG,Online TA,TA/TO,0,0,0,A,D,0,No Deposit,9.0,0,Transient,115.0,0,3
City Hotel,0,7,2017,April,17,29,0,1,2,0.0,0,SC,EST,Online TA,TA/TO,0,0,0,A,A,0,No Deposit,9.0,0,Transient,160.0,0,1
City Hotel,0,4,2017,April,17,27,0,3,2,0.0,0,BB,DZA,Online TA,TA/TO,0,0,0,F,F,1,No Deposit,9.0,0,Transient,270.0,0,0
City Hotel,0,91,2017,April,17,27,0,3,2,0.0,0,BB,DEU,Online TA,TA/TO,0,0,0,A,A,0,No Deposit,9.0,0,Transient,117.0,0,1
City Hotel,0,170,2017,April,17,27,0,3,2,0.0,0,BB,DEU,Online TA,TA/TO,0,0,0,D,D,0,No Deposit,9.0,0,Transient,130.5,0,0
City Hotel,0,20,2017,April,17,29,0,1,2,0.0,0,SC,DEU,Online TA,TA/TO,0,0,0,A,A,0,No Deposit,9.0,0,Transient,115.0,0,1
City Hotel,0,108,2017,April,17,29,0,1,2,0.0,0,SC,GBR,Online TA,TA/TO,0,0,0,A,A,0,No Deposit,9.0,0,Transient,99.0,0,1
City Hotel,0,29,2017,April,17,28,0,2,2,0.0,0,BB,ESP,Online TA,TA/TO,0,0,0,A,A,1,No Deposit,9.0,0,Transient,115.0,0,2
City Hotel,0,110,2017,April,17,28,0,2,2,0.0,0,BB,IRL,Direct,Direct,0,0,0,A,A,0,No Deposit,14.0,0,Transient,99.0,0,0
City Hotel,0,26,2017,April,17,29,0,1,2,0.0,0,SC,ESP,Online TA,TA/TO,0,0,0,A,D,0,No Deposit,9.0,0,Transient,115.0,0,1
City Hotel,0,299,2017,April,17,27,0,3,2,0.0,0,BB,IRL,Online TA,TA/TO,0,0,0,A,B,1,No Deposit,9.0,0,Transient,109.8,0,1
City Hotel,0,107,2017,April,17,27,0,3,2,0.0,0,SC,PRT,Online TA,TA/TO,0,0,0,A,A,0,No Deposit,9.0,0,Transient,99.0,0,0
City Hotel,0,150,2017,April,17,26,0,4,2,0.0,0,SC,NOR,Online TA,TA/TO,0,0,0,A,A,0,No Deposit,9.0,0,Transient,99.0,0,1
City Hotel,0,26,2017,April,17,29,0,1,2,0.0,0,BB,ISR,Online TA,TA/TO,0,0,0,E,E,0,No Deposit,9.0,0,Transient,175.0,0,1
City Hotel,0,2,2017,April,17,28,0,2,2,0.0,0,BB,PRT,Online TA,TA/TO,0,0,0,G,G,0,No Deposit,7.0,0,Transient,240.0,0,1
City Hotel,0,171,2017,April,17,27,0,3,2,0.0,0,BB,DEU,Direct,Direct,0,0,0,A,A,0,No Deposit,,0,Transient-Party,89.0,0,0
City Hotel,0,29,2017,April,17,28,0,2,2,0.0,0,SC,FRA,Online TA,TA/TO,0,0,0,A,A,1,No Deposit,9.0,0,Transient,124.0,0,1
City Hotel,0,172,2017,April,17,27,0,3,2,0.0,0,BB,DEU,Online TA,TA/TO,0,0,0,D,D,0,No Deposit,7.0,0,Transient,95.46,0,1
City Hotel,0,171,2017,April,17,27,0,3,2,0.0,0,BB,DEU,Direct,Direct,0,0,0,A,A,0,No Deposit,,0,Transient-Party,89.0,0,0
City Hotel,0,171,2017,April,17,27,0,3,2,0.0,0,BB,DEU,Direct,Direct,0,0,0,A,A,0,No Deposit,,0,Transient-Party,89.0,0,0
City Hotel,0,171,2017,April,17,27,0,3,2,0.0,0,BB,DEU,Direct,Direct,0,0,0,A,A,0,No Deposit,,0,Transient,89.0,0,0
City Hotel,0,6,2017,April,17,29,0,1,2,0.0,0,BB,PRT,Online TA,TA/TO,0,0,0,D,D,0,No Deposit,9.0,0,Transient,190.0,0,0
City Hotel,0,26,2017,April,17,27,0,3,2,0.0,0,SC,IRL,Online TA,TA/TO,0,0,0,A,A,0,No Deposit,9.0,0,Transient,115.0,0,2
City Hotel,0,118,2017,April,17,29,0,1,2,0.0,0,BB,TUR,Online TA,TA/TO,0,0,0,D,D,1,No Deposit,9.0,0,Transient,130.5,0,0
City Hotel,0,232,2017,April,17,28,0,2,2,0.0,0,BB,DEU,Online TA,TA/TO,0,0,0,D,D,0,No Deposit,9.0,0,Transient,145.0,0,2
City Hotel,0,232,2017,April,17,28,0,2,2,0.0,0,BB,DEU,Online TA,TA/TO,0,0,0,D,D,0,No Deposit,9.0,0,Transient,145.0,0,2
City Hotel,0,28,2017,April,17,28,0,2,2,0.0,0,SC,DEU,Online TA,TA/TO,0,0,0,A,A,0,No Deposit,7.0,0,Transient,92.0,0,1
City Hotel,0,232,2017,April,17,28,0,2,2,0.0,0,BB,CZE,Online TA,TA/TO,0,0,0,D,D,0,No Deposit,9.0,0,Transient,145.0,0,2
City Hotel,0,205,2017,April,17,28,0,2,2,0.0,0,BB,FRA,Online TA,TA/TO,0,0,0,D,D,0,No Deposit,7.0,0,Transient,95.46,0,1
City Hotel,0,27,2017,April,17,27,0,3,2,0.0,0,SC,GBR,Online TA,TA/TO,0,0,0,A,A,0,No Deposit,9.0,0,Transient,115.0,0,2
City Hotel,0,4,2017,April,17,27,0,3,2,0.0,0,BB,ROU,Direct,Direct,0,0,0,A,A,1,No Deposit,14.0,0,Transient,170.0,0,1
City Hotel,0,21,2017,April,17,29,0,1,2,0.0,0,SC,USA,Online TA,TA/TO,0,0,0,A,A,0,No Deposit,9.0,0,Transient,115.0,0,2
City Hotel,0,299,2017,April,17,27,0,3,2,0.0,0,BB,IRL,Online TA,TA/TO,0,0,0,A,B,1,No Deposit,9.0,0,Transient,109.8,0,1
City Hotel,0,21,2017,April,17,29,0,1,2,0.0,0,SC,USA,Online TA,TA/TO,0,0,0,A,A,0,No Deposit,9.0,0,Transient,115.0,0,2
City Hotel,0,144,2017,April,17,28,0,2,2,0.0,0,BB,ITA,Online TA,TA/TO,0,0,0,A,A,0,No Deposit,7.0,0,Transient,90.09,0,1
City Hotel,0,101,2017,April,17,27,0,3,2,0.0,0,BB,FRA,Offline TA/TO,TA/TO,0,0,0,A,A,0,No Deposit,28.0,0,Transient,85.0,0,0
City Hotel,0,101,2017,April,17,27,0,3,2,0.0,0,BB,FRA,Offline TA/TO,TA/TO,0,0,0,A,D,0,No Deposit,28.0,0,Transient,85.0,0,0
City Hotel,0,289,2017,April,17,27,0,3,2,0.0,0,BB,IRL,Online TA,TA/TO,0,0,0,A,A,0,No Deposit,9.0,0,Transient,109.8,0,1
City Hotel,0,8,2017,April,17,29,0,1,2,0.0,0,BB,NLD,Online TA,TA/TO,0,0,0,E,E,0,No Deposit,9.0,0,Transient-Party,220.0,0,0
City Hotel,0,8,2017,April,17,29,0,1,2,0.0,0,BB,NLD,Online TA,TA/TO,0,0,0,D,D,0,No Deposit,9.0,0,Transient-Party,190.0,0,0
City Hotel,0,7,2017,April,17,29,0,1,2,0.0,0,BB,ESP,Direct,Direct,0,0,0,A,A,0,No Deposit,14.0,0,Transient,175.0,0,2
City Hotel,0,23,2017,April,18,30,1,0,2,0.0,0,SC,ESP,Online TA,TA/TO,0,0,0,A,A,0,No Deposit,9.0,0,Transient,115.0,0,2
City Hotel,0,15,2017,April,17,28,0,2,2,0.0,0,SC,GBR,Online TA,TA/TO,0,0,0,A,A,0,No Deposit,425.0,0,Transient,123.0,0,0
City Hotel,0,2,2017,April,17,28,0,2,2,0.0,0,SC,IDN,Online TA,TA/TO,0,0,0,A,A,0,No Deposit,9.0,0,Transient,160.0,0,1
City Hotel,0,28,2017,April,17,29,0,1,2,0.0,0,SC,IRL,Online TA,TA/TO,0,0,0,A,A,0,No Deposit,9.0,0,Transient,115.0,0,1
City Hotel,0,308,2017,April,17,28,1,2,2,0.0,0,BB,AUT,Online TA,TA/TO,0,0,0,D,D,0,No Deposit,9.0,0,Transient,123.3,1,1
City Hotel,0,0,2017,April,18,30,1,0,2,0.0,0,SC,PRT,Direct,Direct,0,0,0,A,A,0,No Deposit,,0,Transient,160.0,0,0
City Hotel,0,27,2017,April,17,28,1,2,2,0.0,0,SC,BRA,Online TA,TA/TO,0,0,0,A,A,0,No Deposit,9.0,0,Transient,124.0,1,1
City Hotel,0,102,2017,April,17,28,1,2,2,0.0,0,BB,ITA,Offline TA/TO,TA/TO,0,0,0,A,E,0,No Deposit,28.0,0,Transient,85.0,0,0
City Hotel,0,28,2017,April,17,28,1,2,2,0.0,0,SC,FRA,Online TA,TA/TO,0,0,0,A,A,0,No Deposit,9.0,0,Transient,115.0,0,1
City Hotel,0,128,2017,April,18,30,1,0,2,0.0,0,BB,USA,Direct,Direct,0,0,0,F,F,0,No Deposit,14.0,0,Transient,200.0,0,0
City Hotel,0,0,2017,April,18,30,1,0,2,0.0,0,SC,ESP,Direct,Direct,0,0,0,A,A,1,No Deposit,,0,Transient-Party,169.0,0,0
City Hotel,0,0,2017,April,18,30,1,0,2,0.0,0,SC,ESP,Direct,Direct,0,0,0,A,A,1,No Deposit,,0,Transient-Party,160.0,0,0
City Hotel,0,26,2017,April,17,27,1,3,2,0.0,0,SC,LVA,Online TA,TA/TO,0,0,0,A,A,0,No Deposit,9.0,0,Transient,115.0,0,0
City Hotel,0,3,2017,April,17,27,1,3,2,0.0,0,BB,RUS,Online TA,TA/TO,0,0,0,A,A,0,No Deposit,9.0,0,Transient,189.0,0,2
City Hotel,0,219,2017,April,17,29,1,1,2,0.0,0,BB,ROU,Online TA,TA/TO,0,0,0,D,D,0,No Deposit,9.0,0,Transient,130.5,0,1
City Hotel,0,107,2017,April,17,28,1,2,2,0.0,0,BB,DEU,Direct,Direct,0,0,0,A,A,0,No Deposit,14.0,0,Transient,99.0,0,2
City Hotel,0,107,2017,April,17,28,1,2,2,0.0,0,BB,DEU,Direct,Direct,0,0,0,A,A,0,No Deposit,14.0,0,Transient,99.0,0,2
City Hotel,0,109,2017,April,17,28,1,2,2,0.0,0,SC,FRA,Online TA,TA/TO,0,0,0,A,A,0,No Deposit,9.0,0,Transient,99.0,0,3
City Hotel,0,225,2017,April,17,29,1,1,2,0.0,0,HB,FRA,Groups,TA/TO,0,0,0,A,A,1,No Deposit,,0,Transient-Party,141.0,0,0
City Hotel,0,110,2017,April,17,29,1,1,2,0.0,0,BB,FRA,Online TA,TA/TO,0,0,0,A,A,1,No Deposit,9.0,0,Transient,99.0,0,1
City Hotel,0,110,2017,April,17,29,1,1,2,0.0,0,BB,FRA,Online TA,TA/TO,0,0,0,A,A,1,No Deposit,9.0,0,Transient,99.0,0,2
City Hotel,0,315,2017,April,17,29,1,1,2,0.0,0,SC,DEU,Online TA,TA/TO,0,0,0,A,A,0,No Deposit,9.0,0,Transient,99.0,0,1
City Hotel,0,225,2017,April,17,29,1,1,2,0.0,0,HB,FRA,Groups,TA/TO,0,0,0,A,A,0,No Deposit,,0,Transient-Party,141.0,0,0
City Hotel,0,237,2017,April,17,28,1,2,2,0.0,0,SC,SWE,Online TA,TA/TO,0,0,0,A,A,0,No Deposit,7.0,0,Transient,72.42,0,2
City Hotel,0,237,2017,April,17,28,1,2,2,0.0,0,SC,SWE,Online TA,TA/TO,0,0,0,A,A,0,No Deposit,7.0,0,Transient,72.42,0,2
City Hotel,0,315,2017,April,17,29,1,1,2,0.0,0,SC,DEU,Online TA,TA/TO,0,0,0,A,A,0,No Deposit,9.0,0,Transient,99.0,0,1
City Hotel,0,26,2017,April,17,28,1,2,2,0.0,0,SC,DEU,Online TA,TA/TO,0,0,0,A,A,0,No Deposit,9.0,0,Transient,115.0,0,1
City Hotel,0,150,2017,April,17,28,1,2,2,0.0,0,BB,GBR,Direct,Direct,0,0,0,D,D,0,No Deposit,14.0,0,Transient,144.0,0,0
City Hotel,0,28,2017,April,17,29,1,1,2,0.0,0,SC,ESP,Online TA,TA/TO,0,0,0,A,A,0,No Deposit,9.0,0,Transient,124.0,0,1
City Hotel,0,30,2017,April,18,30,1,0,2,0.0,0,SC,ESP,Online TA,TA/TO,0,0,0,A,A,0,No Deposit,9.0,0,Transient,115.0,0,3
City Hotel,0,225,2017,April,17,29,1,1,2,0.0,0,HB,FRA,Groups,TA/TO,0,0,0,A,A,0,No Deposit,,0,Transient-Party,141.0,0,0
City Hotel,0,93,2017,April,17,28,1,2,2,0.0,0,BB,ESP,Offline TA/TO,TA/TO,0,0,0,A,D,0,No Deposit,28.0,0,Transient,85.0,0,0
City Hotel,0,22,2017,April,18,30,1,0,2,0.0,0,SC,ISR,Online TA,TA/TO,0,0,0,A,A,0,No Deposit,9.0,0,Transient,115.0,0,2
City Hotel,0,225,2017,April,17,29,1,1,2,0.0,0,HB,FRA,Groups,TA/TO,0,0,0,A,A,0,No Deposit,,0,Transient-Party,141.0,0,0
City Hotel,0,120,2017,April,17,28,1,2,2,0.0,0,BB,ESP,Online TA,TA/TO,0,0,0,E,E,0,No Deposit,9.0,0,Transient,153.0,0,1
City Hotel,0,27,2017,April,17,28,1,2,2,0.0,0,SC,ESP,Online TA,TA/TO,0,0,0,A,A,0,No Deposit,7.0,0,Transient,87.4,0,1
City Hotel,0,29,2017,April,17,29,1,1,2,0.0,0,SC,ESP,Online TA,TA/TO,0,0,0,A,C,0,No Deposit,9.0,0,Transient,115.0,0,0
City Hotel,0,20,2017,April,17,29,1,1,2,0.0,0,BB,CRI,Online TA,TA/TO,0,0,0,E,E,0,No Deposit,9.0,0,Transient,184.0,0,1
City Hotel,0,96,2017,April,17,26,1,4,2,0.0,0,BB,IDN,Online TA,TA/TO,0,0,0,A,A,0,No Deposit,9.0,0,Transient,118.8,0,0
City Hotel,0,190,2017,April,18,30,1,0,2,0.0,0,BB,FIN,Online TA,TA/TO,0,0,0,A,A,3,No Deposit,9.0,0,Transient,99.0,0,1
City Hotel,0,190,2017,April,18,30,1,0,2,0.0,0,BB,FIN,Online TA,TA/TO,0,0,0,A,A,3,No Deposit,9.0,0,Transient,99.0,0,1
City Hotel,0,131,2017,April,17,28,1,2,2,0.0,0,BB,FRA,Online TA,TA/TO,0,0,0,D,D,0,No Deposit,9.0,0,Transient,130.5,0,2
City Hotel,0,134,2017,April,18,30,1,0,2,0.0,0,BB,USA,Direct,Direct,0,0,0,E,E,0,No Deposit,14.0,0,Transient,144.0,0,0
City Hotel,0,9,2017,April,17,28,1,2,2,0.0,0,BB,ESP,Online TA,TA/TO,0,0,0,A,A,0,No Deposit,9.0,0,Transient,189.0,1,1
City Hotel,0,107,2017,April,17,28,1,2,2,0.0,0,BB,DEU,Online TA,TA/TO,0,0,0,A,A,0,No Deposit,9.0,0,Transient,117.0,0,0
City Hotel,0,110,2017,April,17,29,1,1,2,0.0,0,BB,BEL,Offline TA/TO,TA/TO,0,0,0,D,D,0,No Deposit,394.0,0,Transient,98.1,0,0
City Hotel,0,7,2017,April,17,28,1,2,2,0.0,0,SC,IRL,Online TA,TA/TO,0,0,0,A,A,0,No Deposit,9.0,0,Transient,160.0,0,1
City Hotel,0,110,2017,April,17,27,1,3,2,0.0,0,BB,CHE,Online TA,TA/TO,0,0,0,D,D,0,No Deposit,9.0,0,Transient,130.5,0,0
City Hotel,0,17,2017,April,17,29,1,1,2,0.0,0,BB,POL,Online TA,TA/TO,0,0,0,A,A,1,No Deposit,9.0,0,Transient,149.0,0,1
City Hotel,0,110,2017,April,17,27,1,3,2,0.0,0,BB,CHE,Online TA,TA/TO,0,0,0,D,D,0,No Deposit,9.0,0,Transient,130.5,0,0
City Hotel,0,110,2017,April,17,27,1,3,2,0.0,0,SC,CHE,Online TA,TA/TO,0,0,0,A,A,0,No Deposit,9.0,0,Transient,99.0,0,0
City Hotel,0,8,2017,April,17,28,1,2,2,0.0,0,BB,FRA,Online TA,TA/TO,0,0,0,A,A,0,No Deposit,9.0,0,Transient,180.0,0,1
City Hotel,0,118,2017,April,17,29,1,1,2,0.0,0,BB,IRL,Online TA,TA/TO,0,0,0,D,D,0,No Deposit,9.0,0,Transient,130.5,0,0
City Hotel,0,249,2017,April,17,29,1,1,2,0.0,0,SC,GBR,Online TA,TA/TO,0,0,0,A,A,0,No Deposit,9.0,0,Transient,99.0,0,1
City Hotel,0,22,2017,April,18,30,1,0,2,0.0,0,SC,ITA,Online TA,TA/TO,0,0,0,A,A,0,No Deposit,9.0,0,Transient,115.0,0,1
City Hotel,0,1,2017,April,18,30,1,0,2,0.0,0,SC,ESP,Online TA,TA/TO,0,0,0,A,A,0,No Deposit,152.0,0,Transient,88.56,0,0
City Hotel,0,21,2017,April,17,28,1,2,2,0.0,0,BB,DEU,Online TA,TA/TO,0,0,0,E,E,0,No Deposit,9.0,0,Transient,175.0,0,1
City Hotel,0,161,2017,April,17,28,1,2,2,0.0,0,BB,IRL,Online TA,TA/TO,0,0,0,D,D,0,No Deposit,9.0,0,Transient,130.5,0,2
City Hotel,0,93,2017,April,17,28,1,2,2,0.0,0,BB,ESP,Offline TA/TO,TA/TO,0,0,0,A,D,0,No Deposit,28.0,0,Transient,85.0,0,0
City Hotel,0,17,2017,April,17,28,1,2,2,0.0,0,BB,FRA,Online TA,TA/TO,0,0,0,D,D,0,No Deposit,9.0,0,Transient,130.5,0,1
City Hotel,0,106,2017,April,17,26,1,4,2,0.0,0,BB,NOR,Direct,Direct,0,0,0,A,A,0,No Deposit,14.0,0,Transient,100.8,0,1
City Hotel,0,160,2017,April,17,28,1,2,2,0.0,0,BB,IRL,Online TA,TA/TO,0,0,0,D,D,0,No Deposit,9.0,0,Transient,130.5,0,2
City Hotel,0,27,2017,April,17,29,1,1,2,0.0,0,HB,FRA,Direct,Direct,0,0,0,A,A,1,No Deposit,14.0,0,Transient,161.0,0,0
City Hotel,0,106,2017,April,17,26,1,4,2,0.0,0,BB,NOR,Direct,Direct,0,0,0,A,A,0,No Deposit,14.0,0,Transient,100.8,0,1
City Hotel,0,225,2017,April,17,29,1,1,2,0.0,0,HB,FRA,Groups,TA/TO,0,0,0,A,A,3,No Deposit,,0,Transient-Party,141.0,0,0
City Hotel,0,27,2017,April,17,28,1,2,2,0.0,0,SC,AUT,Online TA,TA/TO,0,0,0,A,A,0,No Deposit,9.0,0,Transient,115.0,0,2
City Hotel,0,17,2017,April,17,28,1,2,2,0.0,0,BB,FRA,Online TA,TA/TO,0,0,0,D,D,0,No Deposit,9.0,0,Transient,130.5,0,1
City Hotel,0,17,2017,April,17,28,1,2,2,0.0,0,BB,FRA,Online TA,TA/TO,0,0,0,D,D,0,No Deposit,9.0,0,Transient,130.5,0,1
City Hotel,0,17,2017,April,17,28,1,2,2,0.0,0,BB,FRA,Online TA,TA/TO,0,0,0,D,D,0,No Deposit,9.0,0,Transient,130.5,0,2
City Hotel,0,26,2017,April,17,26,1,4,2,0.0,0,SC,GBR,Online TA,TA/TO,0,0,0,A,A,0,No Deposit,86.0,0,Transient,92.0,0,0
City Hotel,0,29,2017,April,17,29,1,1,2,0.0,0,SC,ESP,Online TA,TA/TO,0,0,0,A,A,1,No Deposit,9.0,0,Transient,115.0,0,1
City Hotel,0,28,2017,April,17,29,2,1,2,0.0,0,BB,DEU,Online TA,TA/TO,0,0,0,A,A,1,No Deposit,9.0,0,Transient,146.33,0,2
City Hotel,0,0,2017,May,18,1,1,0,2,0.0,0,SC,AUT,Direct,Direct,0,0,0,D,D,0,No Deposit,,0,Transient,150.0,1,1
City Hotel,0,202,2017,April,17,27,2,3,2,0.0,0,BB,AUT,Online TA,TA/TO,0,0,0,D,D,0,No Deposit,9.0,0,Transient,130.5,0,2
City Hotel,0,6,2017,April,17,29,2,1,2,0.0,0,SC,CHE,Online TA,TA/TO,0,0,0,A,A,0,No Deposit,9.0,0,Transient,163.33,0,0
City Hotel,0,110,2017,April,17,27,2,3,2,0.0,0,BB,GBR,Direct,Direct,0,0,0,A,A,0,No Deposit,14.0,0,Transient,104.4,0,2
City Hotel,0,25,2017,April,17,28,2,2,2,0.0,0,SC,IRL,Online TA,TA/TO,0,0,0,A,A,0,No Deposit,9.0,0,Transient,128.5,0,0
City Hotel,0,255,2017,April,17,28,2,2,2,0.0,0,SC,GBR,Online TA,TA/TO,0,0,0,A,A,0,No Deposit,7.0,0,Transient,78.35,0,1
City Hotel,0,14,2017,April,17,28,2,2,2,0.0,0,BB,GBR,Direct,Direct,0,0,0,A,A,0,No Deposit,14.0,0,Transient,99.0,0,0
City Hotel,0,1,2017,May,18,1,1,0,2,0.0,0,BB,ESP,Direct,Direct,0,0,0,A,C,0,No Deposit,,0,Transient,160.0,0,0
City Hotel,0,1,2017,May,18,1,1,0,2,0.0,0,BB,ESP,Direct,Direct,0,0,0,A,A,1,No Deposit,,0,Transient,160.0,0,0
City Hotel,0,16,2017,May,18,1,1,0,2,0.0,0,SC,CHN,Online TA,TA/TO,0,0,0,A,A,0,No Deposit,7.0,0,Transient,96.0,0,1
City Hotel,0,110,2017,April,17,27,2,3,2,0.0,0,BB,GBR,Online TA,TA/TO,0,0,0,A,A,0,No Deposit,9.0,0,Transient,118.8,0,1
City Hotel,0,107,2017,April,17,27,2,3,2,0.0,0,HB,BEL,Online TA,TA/TO,0,0,0,A,A,0,No Deposit,9.0,0,Transient,154.8,0,2
City Hotel,0,25,2017,April,18,30,2,0,2,0.0,0,SC,FRA,Online TA,TA/TO,0,0,0,A,A,0,No Deposit,9.0,0,Transient,142.0,0,1
City Hotel,0,140,2017,April,17,28,2,2,2,0.0,0,BB,FRA,Offline TA/TO,TA/TO,0,0,0,A,A,0,No Deposit,119.0,0,Transient-Party,130.0,0,0
City Hotel,0,0,2017,May,18,1,1,0,2,0.0,0,BB,GBR,Direct,Direct,0,0,0,A,A,1,No Deposit,,0,Transient,160.0,0,0
City Hotel,0,164,2017,April,17,27,2,3,2,0.0,0,BB,GBR,Online TA,TA/TO,0,0,0,D,D,0,No Deposit,9.0,0,Transient,130.5,0,4
City Hotel,0,26,2017,April,17,29,2,1,2,0.0,0,SC,BGR,Online TA,TA/TO,0,0,0,A,A,0,No Deposit,9.0,0,Transient,133.0,0,0
City Hotel,0,112,2017,April,17,28,2,2,2,0.0,0,BB,FRA,Direct,Direct,0,0,0,D,D,0,No Deposit,14.0,0,Transient,123.75,0,1
City Hotel,0,27,2017,April,17,28,2,2,2,0.0,0,SC,KWT,Online TA,TA/TO,0,0,0,A,A,0,No Deposit,9.0,0,Transient,137.5,1,3
City Hotel,0,287,2017,April,17,28,2,2,2,0.0,0,BB,DEU,Online TA,TA/TO,0,0,0,A,A,2,No Deposit,9.0,0,Transient,112.85,0,0
City Hotel,0,9,2017,April,17,29,2,1,2,0.0,0,BB,ESP,Direct,Direct,0,0,0,A,A,0,No Deposit,14.0,0,Transient,141.0,0,3
City Hotel,0,109,2017,April,17,28,2,2,2,0.0,0,SC,SWE,Online TA,TA/TO,0,0,0,A,A,0,No Deposit,9.0,0,Transient,101.25,0,0
City Hotel,0,109,2017,April,17,28,2,2,2,0.0,0,SC,SWE,Online TA,TA/TO,0,0,0,A,A,0,No Deposit,9.0,0,Transient,101.25,0,0
City Hotel,0,29,2017,April,17,28,2,2,2,0.0,0,BB,FRA,Online TA,TA/TO,0,0,0,A,A,1,No Deposit,9.0,0,Transient,143.5,0,1
City Hotel,0,168,2017,April,17,29,2,1,2,0.0,0,BB,DEU,Online TA,TA/TO,0,0,0,A,D,0,No Deposit,9.0,0,Transient,117.0,0,2
City Hotel,0,29,2017,April,17,28,2,2,2,0.0,0,BB,FRA,Online TA,TA/TO,0,0,0,A,A,1,No Deposit,9.0,0,Transient,143.5,0,1
City Hotel,0,168,2017,April,17,29,2,1,2,0.0,0,BB,DEU,Online TA,TA/TO,0,0,0,A,A,0,No Deposit,9.0,0,Transient,117.0,0,2
City Hotel,0,140,2017,April,17,28,2,2,2,0.0,0,BB,FRA,Offline TA/TO,TA/TO,0,0,0,A,A,0,No Deposit,119.0,0,Transient-Party,130.0,0,1
City Hotel,0,30,2017,April,17,29,2,1,2,0.0,0,SC,ESP,Online TA,TA/TO,0,0,0,A,A,0,No Deposit,9.0,0,Transient-Party,126.33,0,2
City Hotel,0,222,2017,April,17,29,2,1,2,0.0,0,SC,DEU,Online TA,TA/TO,0,0,0,A,A,0,No Deposit,9.0,0,Transient,99.0,0,3
City Hotel,0,30,2017,April,17,29,2,1,2,0.0,0,SC,ESP,Online TA,TA/TO,0,0,0,A,A,0,No Deposit,9.0,0,Transient-Party,126.33,0,2
City Hotel,0,30,2017,April,17,29,2,1,2,0.0,0,SC,ESP,Online TA,TA/TO,0,0,0,A,A,0,No Deposit,9.0,0,Transient-Party,126.33,0,2
City Hotel,0,30,2017,April,17,29,2,1,2,0.0,0,SC,ESP,Online TA,TA/TO,0,0,0,A,A,0,No Deposit,9.0,0,Transient-Party,126.33,0,2
City Hotel,0,30,2017,April,17,29,2,1,2,0.0,0,SC,ESP,Online TA,TA/TO,0,0,0,A,A,0,No Deposit,9.0,0,Transient-Party,126.33,0,2
City Hotel,0,30,2017,April,17,29,2,1,2,0.0,0,SC,ESP,Online TA,TA/TO,0,0,0,A,A,0,No Deposit,9.0,0,Transient-Party,153.33,3,2
City Hotel,0,140,2017,April,17,28,2,2,2,0.0,0,BB,FRA,Offline TA/TO,TA/TO,0,0,0,A,A,0,No Deposit,119.0,0,Transient-Party,130.0,0,1
City Hotel,0,118,2017,April,17,29,2,1,2,0.0,0,BB,ITA,Online TA,TA/TO,0,0,0,D,D,0,No Deposit,9.0,0,Transient,133.5,0,0
City Hotel,0,126,2017,April,17,27,2,3,2,0.0,0,BB,FRA,Direct,Direct,0,0,0,D,D,2,No Deposit,14.0,0,Transient,163.8,0,1
City Hotel,0,107,2017,April,17,28,2,2,2,0.0,0,BB,DEU,Online TA,TA/TO,0,0,0,A,A,0,No Deposit,9.0,0,Transient,119.25,0,0
City Hotel,0,140,2017,April,17,28,2,2,2,0.0,0,BB,FRA,Offline TA/TO,TA/TO,0,0,0,A,A,0,No Deposit,119.0,0,Transient-Party,130.0,0,1
City Hotel,0,140,2017,April,17,28,2,2,2,0.0,0,BB,FRA,Offline TA/TO,TA/TO,0,0,0,A,A,0,No Deposit,119.0,0,Transient-Party,130.0,0,1
City Hotel,0,140,2017,April,17,28,2,2,2,0.0,0,BB,FRA,Offline TA/TO,TA/TO,0,0,0,A,A,0,No Deposit,119.0,0,Transient-Party,130.0,0,1
City Hotel,0,0,2017,May,18,1,1,0,2,0.0,0,BB,BRA,Online TA,TA/TO,0,0,0,D,D,0,No Deposit,9.0,0,Transient,139.5,0,2
City Hotel,0,140,2017,April,17,28,2,2,2,0.0,0,BB,FRA,Offline TA/TO,TA/TO,0,0,0,A,A,0,No Deposit,119.0,0,Transient-Party,130.0,0,1
City Hotel,0,28,2017,April,17,29,2,1,2,0.0,0,SC,CHE,Online TA,TA/TO,0,0,0,A,A,0,No Deposit,9.0,0,Transient,142.0,1,2
City Hotel,0,140,2017,April,17,28,2,2,2,0.0,0,BB,FRA,Offline TA/TO,TA/TO,0,0,0,A,A,0,No Deposit,119.0,0,Transient-Party,130.0,0,1
City Hotel,0,19,2017,May,18,1,1,0,2,0.0,0,BB,DEU,Direct,Direct,0,0,0,A,A,0,No Deposit,,0,Transient,117.0,0,1
City Hotel,0,140,2017,April,17,28,2,2,2,0.0,0,BB,FRA,Offline TA/TO,TA/TO,0,0,0,A,A,0,No Deposit,119.0,0,Transient-Party,130.0,0,1
City Hotel,0,30,2017,April,17,29,2,1,2,0.0,0,SC,DEU,Online TA,TA/TO,0,0,0,A,A,0,No Deposit,9.0,0,Transient,126.33,1,0
City Hotel,0,140,2017,April,17,28,2,2,2,0.0,0,BB,FRA,Offline TA/TO,TA/TO,0,0,0,A,A,0,No Deposit,119.0,0,Transient-Party,130.0,0,1
City Hotel,0,29,2017,April,17,28,2,2,2,0.0,0,SC,CHE,Online TA,TA/TO,0,0,0,A,A,2,No Deposit,9.0,0,Transient,123.5,0,3
City Hotel,0,140,2017,April,17,28,2,2,2,0.0,0,BB,FRA,Offline TA/TO,TA/TO,0,0,0,A,A,0,No Deposit,119.0,0,Transient-Party,130.0,0,1
City Hotel,0,192,2017,April,18,30,2,0,2,0.0,0,BB,BEL,Online TA,TA/TO,0,0,0,A,A,0,No Deposit,9.0,0,Transient-Party,117.0,0,0
City Hotel,0,140,2017,April,17,28,2,2,2,0.0,0,BB,FRA,Offline TA/TO,TA/TO,0,0,0,A,A,0,No Deposit,119.0,0,Transient-Party,130.0,0,1
City Hotel,0,192,2017,April,18,30,2,0,2,0.0,0,BB,BEL,Online TA,TA/TO,0,0,0,A,B,1,No Deposit,9.0,0,Transient,117.0,0,0
City Hotel,0,192,2017,April,18,30,2,0,2,0.0,0,BB,BEL,Online TA,TA/TO,0,0,0,A,B,1,No Deposit,9.0,0,Transient-Party,117.0,0,0
City Hotel,0,192,2017,April,18,30,2,0,2,0.0,0,BB,BEL,Online TA,TA/TO,0,0,0,D,D,0,No Deposit,9.0,0,Transient-Party,130.5,0,0
City Hotel,0,39,2017,April,17,28,2,2,2,0.0,0,BB,FRA,Offline TA/TO,TA/TO,0,0,0,A,A,2,No Deposit,119.0,0,Transient-Party,130.0,0,0
City Hotel,0,140,2017,April,17,28,2,2,2,0.0,0,BB,FRA,Offline TA/TO,TA/TO,0,0,0,A,A,0,No Deposit,119.0,0,Transient-Party,130.0,0,1
City Hotel,0,140,2017,April,17,28,2,2,2,0.0,0,BB,FRA,Offline TA/TO,TA/TO,0,0,0,A,A,0,No Deposit,119.0,0,Transient-Party,130.0,0,1
City Hotel,0,140,2017,April,17,28,2,2,2,0.0,0,BB,FRA,Offline TA/TO,TA/TO,0,0,0,A,A,0,No Deposit,119.0,0,Transient-Party,130.0,0,1
City Hotel,0,140,2017,April,17,28,2,2,2,0.0,0,BB,FRA,Offline TA/TO,TA/TO,0,0,0,D,D,3,No Deposit,119.0,0,Transient,170.0,0,0
City Hotel,0,140,2017,April,17,28,2,2,2,0.0,0,BB,FRA,Offline TA/TO,TA/TO,0,0,0,D,G,0,No Deposit,119.0,0,Transient-Party,130.0,0,0
City Hotel,0,140,2017,April,17,28,2,2,2,0.0,0,BB,FRA,Offline TA/TO,TA/TO,0,0,0,A,A,0,No Deposit,119.0,0,Transient-Party,130.0,0,1
City Hotel,0,140,2017,April,17,28,2,2,2,0.0,0,BB,FRA,Offline TA/TO,TA/TO,0,0,0,A,A,0,No Deposit,119.0,0,Transient-Party,130.0,0,1
City Hotel,0,140,2017,April,17,28,2,2,2,0.0,0,BB,FRA,Offline TA/TO,TA/TO,0,0,0,A,A,0,No Deposit,119.0,0,Transient-Party,130.0,0,1
City Hotel,0,20,2017,April,17,28,2,2,2,0.0,0,BB,FRA,Online TA,TA/TO,0,0,0,A,A,1,No Deposit,9.0,0,Transient,148.5,0,1
City Hotel,0,37,2017,April,17,26,2,4,2,0.0,0,BB,FRA,Offline TA/TO,TA/TO,0,0,0,A,A,3,No Deposit,119.0,0,Transient-Party,85.0,0,1
City Hotel,0,192,2017,April,17,28,2,2,2,0.0,0,BB,SWE,Offline TA/TO,TA/TO,0,0,0,A,A,0,No Deposit,85.0,0,Transient,89.1,0,0
City Hotel,0,140,2017,April,17,28,2,2,2,0.0,0,BB,FRA,Offline TA/TO,TA/TO,0,0,0,A,A,0,No Deposit,119.0,0,Transient-Party,130.0,0,1
City Hotel,0,6,2017,April,17,28,2,2,2,0.0,0,SC,GBR,Online TA,TA/TO,0,0,0,A,A,0,No Deposit,9.0,0,Transient,162.5,0,2
City Hotel,0,111,2017,April,18,30,2,0,2,0.0,0,BB,ESP,Online TA,TA/TO,0,0,0,A,A,0,No Deposit,9.0,0,Transient,121.5,0,0
City Hotel,0,14,2017,May,18,1,1,0,2,0.0,0,BB,POL,Online TA,TA/TO,0,0,0,A,C,0,No Deposit,9.0,0,Transient,140.0,0,2
City Hotel,0,166,2017,May,18,1,1,1,2,0.0,0,SC,USA,Online TA,TA/TO,0,0,0,A,A,0,No Deposit,9.0,0,Transient,99.0,0,2
City Hotel,0,47,2017,May,18,2,0,1,2,0.0,0,SC,USA,Offline TA/TO,TA/TO,0,0,0,A,A,0,No Deposit,28.0,0,Transient,80.1,0,0
City Hotel,0,256,2017,May,18,2,0,1,2,0.0,0,SC,USA,Online TA,TA/TO,0,0,0,A,A,0,No Deposit,8.0,0,Transient,110.0,0,1
City Hotel,0,8,2017,May,18,1,1,1,2,0.0,0,BB,ESP,Direct,Direct,0,0,0,A,A,0,No Deposit,,0,Transient,128.0,0,2
City Hotel,0,12,2017,April,18,30,2,1,2,0.0,0,BB,ROU,Online TA,TA/TO,0,0,0,A,A,0,No Deposit,9.0,0,Transient,153.33,0,1
City Hotel,0,96,2017,May,18,1,1,1,2,0.0,0,BB,USA,Direct,Direct,0,0,0,A,A,0,No Deposit,14.0,0,Transient,105.0,0,2
City Hotel,0,1,2017,April,18,30,2,1,2,0.0,0,BB,CHE,Online TA,TA/TO,0,0,0,D,D,0,No Deposit,9.0,0,Transient,183.33,0,1
City Hotel,0,18,2017,April,18,30,2,1,2,0.0,0,BB,USA,Direct,Direct,0,0,0,A,A,0,No Deposit,14.0,0,Transient,184.0,0,1
City Hotel,0,23,2017,April,18,30,2,1,2,0.0,0,BB,NLD,Online TA,TA/TO,0,0,0,A,A,1,No Deposit,9.0,0,Transient,144.33,0,1
City Hotel,0,27,2017,April,17,29,2,2,2,0.0,0,BB,POL,Online TA,TA/TO,0,0,0,A,A,1,No Deposit,9.0,0,Transient,137.0,0,3
City Hotel,0,104,2017,April,18,30,2,1,2,0.0,0,BB,USA,Online TA,TA/TO,0,0,0,A,A,0,No Deposit,9.0,0,Transient,123.0,0,0
City Hotel,0,27,2017,April,17,29,2,2,2,0.0,0,BB,POL,Online TA,TA/TO,0,0,0,A,A,1,No Deposit,9.0,0,Transient,137.0,0,3
City Hotel,0,144,2017,April,17,27,2,4,2,0.0,0,BB,NLD,Direct,Direct,0,0,0,D,D,0,No Deposit,14.0,0,Transient,124.5,0,0
City Hotel,0,174,2017,April,18,30,2,1,2,0.0,0,BB,DEU,Online TA,TA/TO,0,0,0,A,A,0,No Deposit,9.0,0,Transient,117.0,0,2
City Hotel,0,27,2017,April,17,29,2,2,2,0.0,0,SC,FRA,Online TA,TA/TO,0,0,0,A,A,0,No Deposit,9.0,0,Transient,137.0,0,2
City Hotel,0,105,2017,April,18,30,2,1,2,0.0,0,BB,FRA,Online TA,TA/TO,0,0,0,A,A,0,No Deposit,9.0,0,Transient,123.0,0,3
City Hotel,0,78,2017,May,18,1,1,1,2,0.0,0,BB,FRA,Direct,Direct,0,0,0,A,A,0,No Deposit,14.0,0,Transient,108.0,0,3
City Hotel,0,16,2017,May,18,1,1,1,2,0.0,0,SC,AUT,Online TA,TA/TO,0,0,0,A,D,0,No Deposit,9.0,0,Transient,120.0,0,2
City Hotel,0,182,2017,April,18,30,2,1,2,0.0,0,BB,GBR,Online TA,TA/TO,0,0,0,A,A,0,No Deposit,7.0,0,Transient,90.09,0,1
City Hotel,0,28,2017,April,17,29,2,2,2,0.0,0,SC,SYR,Online TA,TA/TO,0,0,0,A,A,0,No Deposit,9.0,0,Transient,137.0,0,3
City Hotel,0,25,2017,April,18,30,2,1,2,0.0,0,SC,FRA,Online TA,TA/TO,0,0,0,A,A,1,No Deposit,9.0,0,Transient,141.0,0,2
City Hotel,0,60,2017,May,18,1,1,1,2,0.0,0,BB,IRL,Online TA,TA/TO,0,0,0,A,A,0,No Deposit,9.0,0,Transient,144.0,0,0
City Hotel,0,14,2017,May,18,1,1,1,2,0.0,0,SC,BRA,Online TA,TA/TO,0,0,0,A,A,0,No Deposit,9.0,0,Transient,120.0,0,2
City Hotel,0,11,2017,April,18,30,2,1,2,0.0,0,BB,PRT,Direct,Direct,0,0,0,A,A,1,No Deposit,14.0,0,Transient,152.33,0,1
City Hotel,0,174,2017,April,18,30,2,1,2,0.0,0,BB,DEU,Online TA,TA/TO,0,0,0,A,A,0,No Deposit,9.0,0,Transient,117.0,0,2
City Hotel,0,7,2017,May,18,2,0,2,2,0.0,0,SC,DNK,Online TA,TA/TO,0,0,0,A,D,0,No Deposit,9.0,0,Transient,150.0,0,2
City Hotel,0,89,2017,May,18,1,1,2,2,0.0,0,BB,DEU,Offline TA/TO,TA/TO,0,0,0,D,D,0,No Deposit,159.0,0,Transient,99.57,0,0
City Hotel,0,29,2017,April,18,30,2,2,2,0.0,0,BB,GBR,Direct,Direct,0,0,0,A,A,0,No Deposit,14.0,0,Transient,155.5,0,1
City Hotel,0,0,2017,May,18,2,0,2,2,0.0,0,BB,BEL,Online TA,TA/TO,0,0,0,A,A,0,No Deposit,9.0,0,Transient,117.0,0,0
City Hotel,0,206,2017,May,18,1,1,2,2,0.0,0,BB,BEL,Online TA,TA/TO,0,0,0,A,A,0,No Deposit,9.0,0,Transient,117.0,0,0
City Hotel,0,206,2017,May,18,1,1,2,2,0.0,0,BB,BEL,Online TA,TA/TO,0,0,0,A,A,0,No Deposit,9.0,0,Transient,117.0,0,0
City Hotel,0,13,2017,May,18,1,1,2,2,0.0,0,SC,GBR,Online TA,TA/TO,0,0,0,A,A,0,No Deposit,9.0,0,Transient,126.67,0,1
City Hotel,0,18,2017,May,18,3,0,1,2,0.0,0,SC,CHN,Online TA,TA/TO,0,0,0,A,D,0,No Deposit,9.0,0,Transient,120.0,0,0
City Hotel,0,79,2017,May,18,1,1,2,2,0.0,0,BB,FRA,Offline TA/TO,TA/TO,0,0,0,A,A,0,No Deposit,138.0,0,Transient,98.1,0,1
City Hotel,0,122,2017,April,18,30,2,2,2,0.0,0,BB,DEU,Direct,Direct,0,0,0,D,D,0,No Deposit,14.0,0,Transient,128.25,0,0
City Hotel,0,122,2017,April,18,30,2,2,2,0.0,0,BB,DEU,Direct,Direct,0,0,0,D,D,0,No Deposit,14.0,0,Transient,128.25,0,0
City Hotel,0,122,2017,April,18,30,2,2,2,0.0,0,BB,DEU,Direct,Direct,0,0,0,D,D,0,No Deposit,14.0,0,Transient,128.25,0,0
City Hotel,0,132,2017,May,18,1,1,2,2,0.0,0,BB,BEL,Online TA,TA/TO,0,0,0,A,A,0,No Deposit,9.0,0,Transient,126.0,0,2
City Hotel,0,4,2017,May,18,2,0,2,2,0.0,0,SC,ZAF,Online TA,TA/TO,0,0,0,A,A,0,No Deposit,85.0,0,Transient,89.0,0,0
City Hotel,0,33,2017,May,18,2,0,2,2,0.0,0,BB,FRA,Offline TA/TO,TA/TO,0,0,0,A,A,0,No Deposit,28.0,0,Transient,99.0,0,0
City Hotel,0,94,2017,April,18,30,2,2,2,0.0,0,BB,FRA,Online TA,TA/TO,0,0,0,A,A,0,No Deposit,9.0,0,Transient,123.75,0,1
City Hotel,0,64,2017,May,18,1,1,2,2,0.0,0,BB,ITA,Online TA,TA/TO,0,0,0,A,A,0,No Deposit,9.0,0,Transient,144.0,0,1
City Hotel,0,2,2017,May,18,3,0,1,2,0.0,0,BB,NLD,Online TA,TA/TO,0,0,0,D,D,0,No Deposit,9.0,0,Transient,180.0,0,1
City Hotel,0,2,2017,May,18,3,0,1,2,0.0,0,BB,NLD,Online TA,TA/TO,0,0,0,D,D,0,No Deposit,9.0,0,Transient,180.0,0,2
City Hotel,0,112,2017,April,17,29,2,3,2,0.0,0,BB,ESP,Direct,Direct,0,0,0,A,A,0,No Deposit,14.0,0,Transient,104.4,0,0
City Hotel,0,77,2017,May,18,2,0,2,2,0.0,0,BB,FRA,Offline TA/TO,TA/TO,0,0,0,A,D,0,No Deposit,28.0,0,Transient,80.0,0,0
City Hotel,0,29,2017,May,18,1,1,2,2,0.0,0,BB,CHN,Online TA,TA/TO,0,0,0,A,A,0,No Deposit,7.0,0,Transient,135.2,0,1
City Hotel,0,65,2017,May,18,1,1,2,2,0.0,0,BB,LUX,Direct,Direct,0,0,0,A,A,1,No Deposit,14.0,0,Transient,141.2,0,0
City Hotel,0,0,2017,May,18,3,0,1,2,0.0,0,BB,PRT,Online TA,TA/TO,0,0,0,D,D,1,No Deposit,9.0,0,Transient,180.0,0,1
City Hotel,0,7,2017,May,18,1,1,2,2,0.0,0,BB,FRA,Online TA,TA/TO,0,0,0,D,D,0,No Deposit,7.0,0,Transient,144.0,0,1
City Hotel,0,83,2017,May,18,1,1,2,2,0.0,0,SC,DEU,Offline TA/TO,TA/TO,0,0,0,A,A,0,No Deposit,28.0,0,Transient,80.1,0,0
City Hotel,0,90,2017,May,18,1,1,2,2,0.0,0,SC,DEU,Online TA,TA/TO,0,0,0,A,A,0,No Deposit,9.0,0,Transient,108.0,0,1
City Hotel,0,81,2017,May,18,2,0,2,2,0.0,0,SC,DEU,Online TA,TA/TO,0,0,0,A,A,0,No Deposit,9.0,0,Transient,117.0,0,1
City Hotel,0,9,2017,May,18,2,0,2,2,0.0,0,SC,GBR,Online TA,TA/TO,0,0,0,A,A,0,No Deposit,85.0,0,Transient,89.0,0,1
City Hotel,0,17,2017,May,18,1,1,2,2,0.0,0,BB,FRA,Online TA,TA/TO,0,0,0,A,A,0,No Deposit,9.0,0,Transient,140.0,0,1
City Hotel,0,93,2017,May,18,1,1,2,2,0.0,0,BB,DEU,Offline TA/TO,TA/TO,0,0,0,A,A,0,No Deposit,52.0,0,Transient,89.1,0,0
City Hotel,0,26,2017,May,18,1,1,2,2,0.0,0,BB,DEU,Offline TA/TO,TA/TO,0,0,0,A,A,0,No Deposit,168.0,0,Transient,99.0,0,0
City Hotel,0,103,2017,April,18,30,2,2,2,0.0,0,BB,FRA,Offline TA/TO,TA/TO,0,0,0,A,D,0,No Deposit,28.0,0,Transient,85.0,0,0
City Hotel,0,103,2017,April,18,30,2,2,2,0.0,0,BB,TUR,Offline TA/TO,TA/TO,0,0,0,A,K,0,No Deposit,28.0,0,Transient,85.0,0,0
City Hotel,0,93,2017,May,18,1,1,2,2,0.0,0,BB,GBR,Online TA,TA/TO,0,0,0,A,A,0,No Deposit,9.0,0,Transient,126.0,0,2
City Hotel,0,2,2017,May,18,4,1,3,2,0.0,0,SC,NLD,Online TA,TA/TO,0,0,0,A,A,1,No Deposit,9.0,0,Transient,150.0,0,1
City Hotel,0,118,2017,May,18,1,1,3,2,0.0,0,BB,SWE,Online TA,TA/TO,0,0,0,A,A,0,No Deposit,9.0,0,Transient,126.0,0,0
City Hotel,0,200,2017,May,18,2,0,3,2,0.0,0,HB,FRA,Online TA,TA/TO,0,0,0,D,D,0,No Deposit,9.0,0,Transient,164.7,0,1
City Hotel,0,86,2017,May,18,2,0,3,2,0.0,0,BB,CN,Online TA,TA/TO,0,0,0,A,A,0,No Deposit,7.0,0,Transient,97.02,0,1
City Hotel,0,86,2017,May,18,2,0,3,2,0.0,0,BB,CN,Online TA,TA/TO,0,0,0,A,A,0,No Deposit,7.0,0,Transient,97.02,0,1
City Hotel,0,82,2017,May,18,2,0,3,2,0.0,0,BB,DEU,Offline TA/TO,TA/TO,0,0,0,A,A,0,No Deposit,28.0,0,Transient,89.1,0,0
City Hotel,0,50,2017,May,18,1,1,3,2,0.0,0,BB,GBR,Online TA,TA/TO,0,0,0,D,D,0,No Deposit,9.0,0,Transient,153.0,0,2
City Hotel,0,17,2017,May,18,1,1,3,2,0.0,0,BB,HRV,Online TA,TA/TO,0,0,0,A,A,0,No Deposit,9.0,0,Transient,140.0,0,1
City Hotel,0,13,2017,May,18,1,1,3,2,0.0,0,BB,PRT,Online TA,TA/TO,0,0,0,A,A,0,No Deposit,7.0,0,Transient,112.0,0,1
City Hotel,0,46,2017,May,18,2,0,3,2,0.0,0,BB,CHE,Online TA,TA/TO,0,0,0,A,A,0,No Deposit,9.0,0,Transient,152.1,0,2
City Hotel,0,175,2017,May,18,1,1,3,2,0.0,0,SC,GBR,Online TA,TA/TO,0,0,0,A,A,0,No Deposit,9.0,0,Transient,99.0,0,2
City Hotel,0,36,2017,May,18,3,0,2,2,0.0,0,BB,ZAF,Direct,Direct,0,0,0,A,A,0,No Deposit,14.0,0,Transient,134.1,0,0
City Hotel,0,67,2017,May,18,2,0,3,2,0.0,0,BB,SWE,Groups,Corporate,0,0,0,A,A,0,No Deposit,,0,Transient-Party,120.0,0,0
City Hotel,0,5,2017,May,18,1,1,3,2,0.0,0,BB,FRA,Direct,Direct,0,0,0,D,D,0,No Deposit,14.0,0,Transient,175.0,0,0
City Hotel,0,102,2017,May,18,2,0,3,2,0.0,0,BB,FRA,Offline TA/TO,TA/TO,0,0,0,A,D,0,No Deposit,28.0,0,Transient,85.0,0,0
City Hotel,0,210,2017,May,18,1,1,3,2,0.0,0,BB,DEU,Online TA,TA/TO,0,0,0,A,A,0,No Deposit,9.0,0,Transient,117.0,0,2
City Hotel,0,8,2017,May,18,4,0,1,2,0.0,0,SC,CHE,Online TA,TA/TO,0,0,0,A,A,0,No Deposit,85.0,0,Transient,89.0,0,0
City Hotel,0,210,2017,May,18,1,1,3,2,0.0,0,BB,DEU,Online TA,TA/TO,0,0,0,A,A,0,No Deposit,9.0,0,Transient,117.0,0,2
City Hotel,0,89,2017,May,18,2,0,3,2,0.0,0,BB,ITA,Online TA,TA/TO,0,0,0,A,A,2,No Deposit,9.0,0,Transient,126.0,0,1
City Hotel,0,89,2017,May,18,2,0,3,2,0.0,0,BB,ITA,Online TA,TA/TO,0,0,0,A,A,2,No Deposit,9.0,0,Transient,126.0,0,1
City Hotel,0,210,2017,May,18,1,1,3,2,0.0,0,BB,DEU,Online TA,TA/TO,0,0,0,A,A,0,No Deposit,9.0,0,Transient,117.0,0,2
City Hotel,0,92,2017,May,18,2,0,3,2,0.0,0,BB,FRA,Direct,Direct,0,0,0,A,A,0,No Deposit,14.0,0,Transient,108.0,0,1
City Hotel,0,157,2017,May,18,1,1,3,2,0.0,0,HB,FRA,Direct,Direct,0,0,0,A,A,1,No Deposit,14.0,0,Transient,134.25,0,2
City Hotel,0,104,2017,May,18,2,0,3,2,0.0,0,BB,IRQ,Direct,Direct,0,0,0,A,A,0,No Deposit,14.0,0,Transient,108.0,0,0
City Hotel,0,64,2017,May,18,2,0,3,2,0.0,0,BB,FRA,Offline TA/TO,TA/TO,0,0,0,A,A,0,No Deposit,28.0,0,Transient,89.1,0,0
City Hotel,0,102,2017,May,18,2,0,3,2,0.0,0,BB,FRA,Offline TA/TO,TA/TO,0,0,0,A,D,0,No Deposit,28.0,0,Transient,85.0,0,0
City Hotel,0,35,2017,May,18,1,1,3,2,0.0,0,BB,FRA,Offline TA/TO,TA/TO,0,0,0,A,A,0,No Deposit,138.0,0,Transient,99.0,0,0
City Hotel,0,35,2017,May,18,1,1,3,2,0.0,0,BB,FRA,Offline TA/TO,TA/TO,0,0,0,A,A,0,No Deposit,138.0,0,Transient,99.0,0,0
City Hotel,0,1,2017,May,18,3,0,2,2,0.0,0,SC,IRL,Direct,Direct,0,0,0,A,A,0,No Deposit,14.0,0,Transient,150.0,0,0
City Hotel,0,96,2017,May,18,1,1,3,2,0.0,0,BB,FRA,Offline TA/TO,TA/TO,0,0,0,A,D,0,No Deposit,28.0,0,Transient,85.0,0,0
City Hotel,0,16,2017,May,18,3,0,2,2,0.0,0,BB,CHN,Online TA,TA/TO,0,0,0,A,A,1,No Deposit,9.0,0,Transient,140.0,0,1
City Hotel,0,96,2017,May,18,1,1,3,2,0.0,0,BB,FRA,Offline TA/TO,TA/TO,0,0,0,A,D,0,No Deposit,28.0,0,Transient,85.0,0,0
City Hotel,0,96,2017,May,18,1,1,3,2,0.0,0,BB,FRA,Offline TA/TO,TA/TO,0,0,0,A,D,0,No Deposit,28.0,0,Transient,85.0,0,0
City Hotel,0,67,2017,May,18,2,0,3,2,0.0,0,BB,NOR,Groups,Corporate,0,0,0,A,A,0,No Deposit,,0,Transient-Party,120.0,0,0
City Hotel,0,90,2017,May,18,2,0,3,2,0.0,0,BB,CHE,Online TA,TA/TO,0,0,0,A,A,0,No Deposit,7.0,0,Transient,97.02,0,0
City Hotel,0,67,2017,May,18,2,0,3,2,0.0,0,BB,NOR,Groups,Corporate,0,0,0,A,A,0,No Deposit,,0,Transient-Party,120.0,0,0
City Hotel,0,113,2017,May,18,2,0,3,2,0.0,0,BB,PRT,Groups,Corporate,0,0,0,A,A,1,No Deposit,,46,Transient-Party,120.0,0,0
City Hotel,0,67,2017,May,18,2,0,3,2,0.0,0,BB,ESP,Groups,Corporate,0,0,0,A,A,0,No Deposit,,0,Transient-Party,120.0,0,0
City Hotel,0,137,2017,April,18,30,2,3,2,0.0,0,BB,GBR,Online TA,TA/TO,0,0,0,D,D,0,No Deposit,9.0,0,Transient,137.7,0,3
City Hotel,0,67,2017,May,18,2,0,3,2,0.0,0,BB,NOR,Groups,Corporate,0,0,0,A,A,0,No Deposit,,0,Transient-Party,120.0,0,0
City Hotel,0,35,2017,May,18,1,1,3,2,0.0,0,BB,FRA,Offline TA/TO,TA/TO,0,0,0,A,A,0,No Deposit,138.0,0,Transient,99.0,0,0
City Hotel,0,33,2017,May,18,3,0,2,2,0.0,0,BB,PRT,Direct,Direct,0,0,0,A,D,0,No Deposit,,0,Transient,100.0,0,2
City Hotel,0,143,2017,May,18,2,0,3,2,0.0,0,BB,FRA,Online TA,TA/TO,0,0,0,A,A,0,No Deposit,9.0,0,Transient,126.0,0,2
City Hotel,0,96,2017,May,18,1,1,3,2,0.0,0,BB,FRA,Offline TA/TO,TA/TO,0,0,0,A,A,0,No Deposit,52.0,0,Transient,89.1,0,0
City Hotel,0,71,2017,May,18,1,1,3,2,0.0,0,SC,FRA,Online TA,TA/TO,0,0,0,A,D,0,No Deposit,9.0,0,Transient,108.0,0,1
City Hotel,0,207,2017,May,18,2,0,3,2,0.0,0,BB,AUT,Online TA,TA/TO,0,0,0,A,A,0,No Deposit,9.0,0,Transient,117.0,0,2
City Hotel,0,207,2017,May,18,2,0,3,2,0.0,0,BB,AUT,Online TA,TA/TO,0,0,0,A,A,0,No Deposit,9.0,0,Transient,117.0,0,2
City Hotel,0,27,2017,May,18,2,0,3,2,0.0,0,BB,BEL,Offline TA/TO,TA/TO,0,0,0,A,A,0,No Deposit,168.0,0,Transient,99.0,0,0
City Hotel,0,27,2017,April,17,29,2,4,2,0.0,0,SC,FRA,Online TA,TA/TO,0,0,0,A,A,0,No Deposit,9.0,0,Transient,141.0,0,3
City Hotel,0,37,2017,May,18,3,0,2,2,0.0,0,SC,DEU,Online TA,TA/TO,0,0,0,A,A,0,No Deposit,9.0,0,Transient,149.0,0,1
City Hotel,0,67,2017,May,18,2,0,3,2,0.0,0,BB,NOR,Groups,Corporate,0,0,0,A,A,0,No Deposit,,0,Transient-Party,120.0,0,0
City Hotel,0,70,2017,May,18,1,1,3,2,0.0,0,BB,FRA,Online TA,TA/TO,0,0,0,D,D,0,No Deposit,354.0,0,Transient,123.0,0,0
City Hotel,0,30,2017,May,18,1,1,3,2,0.0,0,BB,LUX,Online TA,TA/TO,0,0,0,D,D,0,No Deposit,9.0,0,Transient,179.0,0,0
City Hotel,0,111,2017,May,18,3,0,2,2,0.0,0,BB,GBR,Offline TA/TO,TA/TO,0,0,0,A,A,0,No Deposit,42.0,0,Transient,89.1,0,1
City Hotel,0,67,2017,May,18,2,0,3,2,0.0,0,BB,DNK,Groups,Corporate,0,0,0,A,A,0,No Deposit,,0,Transient-Party,120.0,0,0
City Hotel,0,15,2017,May,18,3,0,2,2,0.0,0,SC,RUS,Online TA,TA/TO,0,0,0,A,A,0,No Deposit,9.0,0,Transient,120.0,0,2
City Hotel,0,311,2017,May,18,4,0,1,2,0.0,0,BB,KOR,Online TA,TA/TO,0,0,0,A,A,0,No Deposit,9.0,0,Transient,109.8,0,2
City Hotel,0,0,2017,May,18,4,0,1,2,0.0,0,BB,BEL,Direct,Direct,0,0,0,A,B,0,No Deposit,,0,Transient,142.0,0,0
City Hotel,0,7,2017,May,18,4,0,1,2,0.0,0,BB,BEL,Online TA,TA/TO,0,0,0,A,A,1,No Deposit,9.0,0,Transient,150.0,0,3
City Hotel,0,58,2017,May,18,1,1,3,2,0.0,0,HB,FRA,Direct,Direct,0,0,0,D,D,1,No Deposit,14.0,0,Transient,189.5,0,3
City Hotel,0,0,2017,May,19,9,0,0,2,0.0,0,BB,PRT,Complementary,Direct,1,0,1,B,B,0,No Deposit,,0,Transient,0.0,0,0
City Hotel,0,24,2017,May,18,4,0,1,2,0.0,0,BB,PRT,Online TA,TA/TO,0,0,0,A,A,0,No Deposit,9.0,0,Transient,178.0,1,2
City Hotel,0,5,2017,May,18,1,1,3,2,0.0,0,BB,FRA,Online TA,TA/TO,0,0,0,D,D,0,No Deposit,9.0,0,Transient,180.0,0,2
City Hotel,0,27,2017,May,18,2,0,3,2,0.0,0,BB,CHE,Direct,Direct,0,0,0,E,E,2,No Deposit,14.0,0,Transient,204.0,0,0
City Hotel,0,50,2017,May,18,1,1,3,2,0.0,0,SC,POL,Online TA,TA/TO,0,0,0,A,A,0,No Deposit,9.0,0,Transient,126.0,0,1
City Hotel,0,58,2017,May,18,2,0,3,2,0.0,0,BB,DEU,Online TA,TA/TO,0,0,0,A,A,0,No Deposit,7.0,0,Transient,115.2,0,0
City Hotel,0,210,2017,May,18,1,1,3,2,0.0,0,BB,DEU,Online TA,TA/TO,0,0,0,A,A,0,No Deposit,9.0,0,Transient,117.0,0,2
City Hotel,0,17,2017,May,18,2,0,3,2,0.0,0,SC,FRA,Online TA,TA/TO,0,0,0,A,A,0,No Deposit,9.0,0,Transient,120.0,0,2
City Hotel,0,17,2017,May,18,4,0,1,2,0.0,0,BB,FRA,Direct,Direct,0,0,0,A,A,1,No Deposit,14.0,0,Transient,130.0,0,0
City Hotel,0,89,2017,May,18,1,1,3,2,0.0,0,BB,DEU,Online TA,TA/TO,0,0,0,A,A,0,No Deposit,7.0,0,Transient,92.17,0,1
City Hotel,0,8,2017,May,18,2,0,3,2,0.0,0,BB,USA,Online TA,TA/TO,0,0,0,D,D,0,No Deposit,9.0,0,Transient,180.0,0,1
City Hotel,0,103,2017,May,18,2,0,4,2,0.0,0,BB,FRA,Online TA,TA/TO,0,0,0,A,A,0,No Deposit,9.0,0,Transient,126.0,0,2
City Hotel,0,49,2017,May,18,2,0,4,2,0.0,0,BB,FRA,Online TA,TA/TO,0,0,0,A,A,0,No Deposit,9.0,0,Transient,152.1,0,1
City Hotel,0,110,2017,May,18,3,0,3,2,0.0,0,SC,NLD,Online TA,TA/TO,0,0,0,A,A,0,No Deposit,9.0,0,Transient,108.0,0,1
City Hotel,0,29,2017,May,18,1,1,4,2,0.0,0,BB,DEU,Online TA,TA/TO,0,0,0,A,A,0,No Deposit,7.0,0,Transient,128.44,0,1
City Hotel,0,56,2017,May,18,5,0,1,2,0.0,0,SC,URY,Online TA,TA/TO,0,0,0,A,A,0,No Deposit,9.0,0,Transient,126.0,0,2
City Hotel,0,102,2017,April,18,30,2,4,2,0.0,0,BB,DZA,Offline TA/TO,TA/TO,0,0,0,A,D,0,No Deposit,28.0,0,Transient,85.0,0,0
City Hotel,0,102,2017,April,18,30,2,4,2,0.0,0,BB,DZA,Offline TA/TO,TA/TO,0,0,0,A,D,1,No Deposit,28.0,0,Transient,85.0,0,0
City Hotel,0,23,2017,May,18,3,0,3,2,0.0,0,BB,PRT,Online TA,TA/TO,0,0,0,A,A,0,No Deposit,8.0,0,Transient,169.0,0,1
City Hotel,0,117,2017,May,18,1,1,4,2,0.0,0,SC,NOR,Online TA,TA/TO,0,0,0,A,A,0,No Deposit,9.0,0,Transient,108.0,0,1
City Hotel,0,31,2017,May,18,3,0,3,2,0.0,0,SC,IRL,Online TA,TA/TO,0,0,0,A,A,0,No Deposit,9.0,0,Transient,149.0,0,3
City Hotel,0,37,2017,May,18,2,0,4,2,0.0,0,BB,NLD,Online TA,TA/TO,0,0,0,A,A,0,No Deposit,7.0,0,Transient,135.2,0,1
City Hotel,0,15,2017,May,18,2,0,4,2,0.0,0,SC,AUS,Online TA,TA/TO,0,0,0,A,A,0,No Deposit,9.0,0,Transient,127.5,0,2
City Hotel,0,116,2017,May,18,2,0,4,2,0.0,0,BB,FRA,Direct,Direct,0,0,0,A,A,0,No Deposit,14.0,0,Transient,108.0,0,0
City Hotel,0,11,2017,May,18,2,0,4,2,0.0,0,SC,FRA,Online TA,TA/TO,0,0,0,A,A,0,No Deposit,9.0,0,Transient,155.0,0,1
City Hotel,0,31,2017,May,18,3,0,3,2,0.0,0,BB,FRA,Online TA,TA/TO,0,0,0,A,A,0,No Deposit,9.0,0,Transient,169.0,0,1
City Hotel,0,140,2017,May,18,5,0,1,2,0.0,0,BB,FRA,Online TA,TA/TO,0,0,0,A,A,0,No Deposit,9.0,0,Transient,126.0,0,1
City Hotel,0,149,2017,May,18,2,0,4,2,0.0,0,BB,CHE,Online TA,TA/TO,0,0,0,D,D,0,No Deposit,9.0,0,Transient,139.5,0,1
City Hotel,0,149,2017,May,18,2,0,4,2,0.0,0,BB,CHE,Online TA,TA/TO,0,0,0,D,D,0,No Deposit,9.0,0,Transient,139.5,0,1
City Hotel,0,149,2017,May,18,2,0,4,2,0.0,0,BB,CHE,Online TA,TA/TO,0,0,0,D,D,0,No Deposit,9.0,0,Transient,139.5,0,1
City Hotel,0,8,2017,May,18,2,0,4,2,0.0,0,BB,PRT,Direct,Direct,0,0,0,A,A,0,No Deposit,,0,Transient-Party,160.0,0,0
City Hotel,0,8,2017,May,18,2,0,4,2,0.0,0,BB,PRT,Direct,Direct,0,0,0,A,A,0,No Deposit,,0,Transient-Party,160.0,0,0
City Hotel,0,322,2017,May,18,5,0,1,2,0.0,0,BB,PRT,Offline TA/TO,TA/TO,0,0,0,A,A,0,No Deposit,21.0,0,Transient-Party,75.0,0,1
City Hotel,0,111,2017,May,18,2,0,4,2,0.0,0,BB,FRA,Online TA,TA/TO,0,0,0,A,A,2,No Deposit,9.0,0,Transient,126.0,0,1
City Hotel,0,115,2017,April,18,30,2,4,2,0.0,0,BB,FRA,Online TA,TA/TO,0,0,0,D,D,0,No Deposit,9.0,0,Transient,138.0,0,2
City Hotel,0,125,2017,May,18,3,0,3,2,0.0,0,HB,FRA,Online TA,TA/TO,0,0,0,A,A,0,No Deposit,7.0,0,Transient,133.74,0,1
City Hotel,0,83,2017,May,18,4,0,2,2,0.0,0,BB,DEU,Online TA,TA/TO,0,0,0,A,D,0,No Deposit,9.0,0,Transient,126.0,0,3
City Hotel,0,179,2017,May,18,3,0,3,2,0.0,0,BB,GBR,Online TA,TA/TO,0,0,0,A,A,2,No Deposit,9.0,0,Transient,117.0,0,2
City Hotel,0,96,2017,May,18,3,0,3,2,0.0,0,SC,CHE,Online TA,TA/TO,0,0,0,A,A,0,No Deposit,9.0,0,Transient,108.0,0,1
City Hotel,0,21,2017,May,18,3,0,3,2,0.0,0,BB,RUS,Online TA,TA/TO,0,0,0,D,D,0,No Deposit,354.0,0,Transient,146.78,0,0
City Hotel,0,14,2017,May,18,1,1,4,2,0.0,0,BB,HRV,Online TA,TA/TO,0,0,0,A,A,1,No Deposit,7.0,0,Transient,115.76,0,1
City Hotel,0,322,2017,May,18,5,0,1,2,0.0,0,BB,PRT,Offline TA/TO,TA/TO,0,0,0,A,A,0,No Deposit,21.0,0,Transient-Party,75.0,0,0
City Hotel,0,111,2017,May,18,3,0,3,2,0.0,0,BB,PRT,Online TA,TA/TO,0,0,0,A,A,0,No Deposit,9.0,0,Transient,126.0,0,2
City Hotel,0,322,2017,May,18,5,0,1,2,0.0,0,BB,PRT,Offline TA/TO,TA/TO,0,0,0,A,A,0,No Deposit,21.0,0,Transient-Party,75.0,0,0
City Hotel,0,109,2017,May,18,1,1,4,2,0.0,0,SC,FRA,Online TA,TA/TO,0,0,0,A,A,0,No Deposit,9.0,0,Transient,108.0,0,1
City Hotel,0,9,2017,May,18,1,1,4,2,0.0,0,SC,DEU,Online TA,TA/TO,0,0,0,A,A,0,No Deposit,9.0,0,Transient,150.0,0,1
City Hotel,0,30,2017,May,18,3,0,3,2,0.0,0,BB,AUT,Online TA,TA/TO,0,0,0,A,A,0,No Deposit,9.0,0,Transient,169.0,0,1
City Hotel,0,14,2017,May,18,2,0,4,2,0.0,0,SC,ITA,Online TA,TA/TO,0,0,0,A,A,0,No Deposit,9.0,0,Transient,127.5,0,1
City Hotel,0,100,2017,May,18,2,0,4,2,0.0,0,BB,FRA,Online TA,TA/TO,0,0,0,A,A,0,No Deposit,7.0,0,Transient,97.02,0,0
City Hotel,0,80,2017,May,18,2,0,4,2,0.0,0,BB,FRA,Online TA,TA/TO,0,0,0,D,D,0,No Deposit,9.0,0,Transient,135.0,0,1
City Hotel,0,8,2017,May,18,1,1,4,2,0.0,0,SC,FRA,Direct,Direct,0,0,0,A,D,0,No Deposit,,0,Transient,110.4,0,0
City Hotel,0,322,2017,May,18,5,0,1,2,0.0,0,BB,PRT,Offline TA/TO,TA/TO,0,0,0,A,A,0,No Deposit,21.0,0,Transient-Party,75.0,0,0
City Hotel,0,21,2017,May,18,5,0,1,2,0.0,0,SC,AUT,Online TA,TA/TO,0,0,0,A,A,0,No Deposit,,0,Transient,108.0,0,1
City Hotel,0,159,2017,May,18,6,2,1,2,0.0,0,SC,AUT,Online TA,TA/TO,0,0,0,A,A,0,No Deposit,9.0,0,Transient,108.0,0,2
City Hotel,0,159,2017,May,18,6,2,1,2,0.0,0,SC,AUT,Online TA,TA/TO,0,0,0,A,A,0,No Deposit,9.0,0,Transient,108.0,0,1
City Hotel,0,322,2017,May,18,5,0,1,2,0.0,0,BB,PRT,Offline TA/TO,TA/TO,0,0,0,A,A,0,No Deposit,21.0,0,Transient-Party,75.0,0,0
City Hotel,0,105,2017,May,18,2,0,4,2,0.0,0,SC,DEU,Online TA,TA/TO,0,0,0,A,A,0,No Deposit,9.0,0,Transient,108.0,0,1
City Hotel,0,11,2017,May,18,5,0,1,2,0.0,0,BB,CHE,Online TA,TA/TO,0,0,0,D,F,0,No Deposit,9.0,0,Transient,189.0,1,2
City Hotel,0,322,2017,May,18,5,0,1,2,0.0,0,BB,PRT,Offline TA/TO,TA/TO,0,0,0,A,A,0,No Deposit,21.0,0,Transient-Party,75.0,0,0
City Hotel,0,195,2017,April,17,29,2,5,2,0.0,0,BB,FIN,Online TA,TA/TO,0,0,0,D,D,0,No Deposit,7.0,0,Transient,95.46,0,1
City Hotel,0,322,2017,May,18,5,0,1,2,0.0,0,BB,PRT,Offline TA/TO,TA/TO,0,0,0,A,A,0,No Deposit,21.0,0,Transient-Party,75.0,0,0
City Hotel,0,11,2017,May,18,4,0,2,2,0.0,0,BB,ROU,Online TA,TA/TO,0,0,0,A,A,0,No Deposit,9.0,0,Transient,179.0,1,2
City Hotel,0,3,2017,May,18,2,0,4,2,0.0,0,BB,FRA,Offline TA/TO,TA/TO,0,0,0,F,A,0,No Deposit,119.0,0,Transient-Party,170.0,0,1
City Hotel,0,8,2017,May,18,4,0,2,2,0.0,0,BB,USA,Online TA,TA/TO,0,0,0,G,G,0,No Deposit,8.0,0,Transient,290.0,0,1
City Hotel,0,29,2017,May,18,2,0,4,2,0.0,0,SC,DEU,Online TA,TA/TO,0,0,0,A,A,1,No Deposit,9.0,0,Transient,151.5,0,1
City Hotel,0,82,2017,May,18,3,0,3,2,0.0,0,SC,USA,Online TA,TA/TO,0,0,0,A,A,0,No Deposit,9.0,0,Transient,108.0,0,1
City Hotel,0,4,2017,May,18,5,0,1,2,0.0,0,BB,USA,Online TA,TA/TO,0,0,0,G,G,0,No Deposit,7.0,0,Transient,232.0,0,1
City Hotel,0,112,2017,May,18,1,1,4,2,0.0,0,BB,BRA,Online TA,TA/TO,0,0,0,A,A,1,No Deposit,9.0,0,Transient,126.0,0,1
City Hotel,0,175,2017,May,18,2,0,4,2,0.0,0,BB,FRA,Direct,Direct,0,0,0,A,A,0,No Deposit,14.0,0,Transient,99.0,0,1
City Hotel,0,158,2017,May,18,2,0,4,2,0.0,0,BB,DEU,Offline TA/TO,TA/TO,0,0,0,A,A,0,No Deposit,42.0,0,Transient,89.1,0,0
City Hotel,0,82,2017,May,18,3,0,3,2,0.0,0,SC,USA,Online TA,TA/TO,0,0,0,A,A,0,No Deposit,9.0,0,Transient,108.0,0,1
City Hotel,0,309,2017,May,18,2,0,4,2,0.0,0,BB,CHE,Online TA,TA/TO,0,0,0,A,A,0,No Deposit,9.0,0,Transient,109.8,0,3
City Hotel,0,256,2017,May,18,2,0,4,2,0.0,0,BB,DEU,Offline TA/TO,TA/TO,0,0,0,A,A,0,No Deposit,42.0,0,Transient,99.0,0,0
City Hotel,0,309,2017,May,18,2,0,4,2,0.0,0,BB,CHE,Online TA,TA/TO,0,0,0,A,A,0,No Deposit,9.0,0,Transient,109.8,0,3
City Hotel,0,0,2017,May,18,3,0,3,2,0.0,0,SC,FRA,Online TA,TA/TO,0,0,0,A,B,0,No Deposit,9.0,0,Transient,150.0,0,0
City Hotel,0,21,2017,May,18,5,0,1,2,0.0,0,SC,AUT,Online TA,TA/TO,0,0,0,A,A,0,No Deposit,,0,Transient,108.0,0,1
City Hotel,0,0,2017,May,18,4,0,2,2,0.0,0,BB,LUX,Online TA,TA/TO,0,0,0,D,A,0,No Deposit,,0,Transient,180.0,0,1
City Hotel,0,111,2017,May,18,2,0,4,2,0.0,0,BB,FRA,Online TA,TA/TO,0,0,0,A,A,2,No Deposit,9.0,0,Transient,126.0,0,1
City Hotel,0,15,2017,May,18,5,0,1,2,0.0,0,SC,USA,Online TA,TA/TO,0,0,0,A,D,0,No Deposit,7.0,0,Transient,120.0,0,1
City Hotel,0,7,2017,May,18,4,0,2,2,0.0,0,BB,NLD,Online TA,TA/TO,0,0,0,D,D,0,No Deposit,9.0,0,Transient,180.0,0,1
City Hotel,0,83,2017,May,18,4,0,2,2,0.0,0,BB,GBR,Offline TA/TO,TA/TO,0,0,0,A,A,0,No Deposit,85.0,0,Transient,89.1,0,0
City Hotel,0,83,2017,May,18,3,0,4,2,0.0,0,BB,USA,Online TA,TA/TO,0,0,0,D,D,0,No Deposit,7.0,0,Transient,98.76,0,1
City Hotel,0,87,2017,May,18,4,0,3,2,0.0,0,BB,AUS,Direct,Direct,0,0,0,A,A,0,No Deposit,14.0,0,Transient,108.0,0,1
City Hotel,0,160,2017,May,18,3,0,4,2,0.0,0,BB,USA,Direct,Direct,0,0,0,D,D,0,No Deposit,14.0,0,Transient,118.13,0,0
City Hotel,0,134,2017,May,18,4,0,3,2,0.0,0,BB,DEU,Direct,Direct,0,0,0,A,A,0,No Deposit,14.0,0,Transient,108.0,0,2
City Hotel,0,5,2017,May,18,4,0,3,2,0.0,0,BB,BRA,Online TA,TA/TO,0,0,0,D,D,0,No Deposit,7.0,0,Transient,136.8,0,1
City Hotel,0,84,2017,May,18,5,0,2,2,0.0,0,BB,DEU,Online TA,TA/TO,0,0,0,A,A,0,No Deposit,9.0,0,Transient,126.0,0,3
City Hotel,0,11,2017,May,18,6,0,1,2,0.0,0,SC,FRA,Direct,Direct,0,0,0,A,A,0,No Deposit,14.0,0,Transient,150.0,0,0
City Hotel,0,122,2017,May,18,3,0,4,2,0.0,0,HB,GBR,Direct,Direct,0,0,0,A,A,3,No Deposit,14.0,0,Transient-Party,143.0,0,3
City Hotel,0,98,2017,May,18,3,0,4,2,0.0,0,HB,GBR,Direct,Direct,0,0,0,A,A,1,No Deposit,14.0,0,Transient-Party,143.0,0,1
City Hotel,0,50,2017,May,18,5,0,2,2,0.0,0,SC,DEU,Online TA,TA/TO,0,0,0,A,A,0,No Deposit,9.0,0,Transient,134.1,0,3
City Hotel,0,93,2017,May,18,5,0,2,2,0.0,0,SC,ITA,Online TA,TA/TO,0,0,0,A,B,0,No Deposit,7.0,0,Transient,79.0,0,0
City Hotel,0,126,2017,May,18,4,0,3,2,0.0,0,SC,GBR,Online TA,TA/TO,0,0,0,A,A,0,No Deposit,8.0,0,Transient,108.0,0,1
City Hotel,0,58,2017,May,18,4,0,3,2,0.0,0,BB,IRL,Online TA,TA/TO,0,0,0,A,A,0,No Deposit,9.0,0,Transient,144.0,0,3
City Hotel,0,58,2017,May,18,6,0,1,2,0.0,0,HB,ESP,Online TA,TA/TO,0,0,0,A,A,0,No Deposit,9.0,0,Transient,187.2,1,0
City Hotel,0,97,2017,May,18,1,1,5,2,0.0,0,BB,CN,Online TA,TA/TO,0,0,0,A,A,0,No Deposit,8.0,0,Transient,126.0,0,0
City Hotel,0,334,2017,May,18,2,0,5,2,0.0,0,BB,FRA,Online TA,TA/TO,0,0,0,D,D,0,No Deposit,9.0,0,Transient,132.3,1,3
City Hotel,0,94,2017,May,18,5,0,2,2,0.0,0,BB,BEL,Online TA,TA/TO,0,0,0,A,A,0,No Deposit,9.0,0,Transient,126.0,0,3
City Hotel,0,107,2017,May,18,5,0,2,2,0.0,0,BB,GBR,Online TA,TA/TO,0,0,0,A,A,1,No Deposit,7.0,0,Transient,100.09,0,1
City Hotel,0,88,2017,May,18,4,0,3,2,0.0,0,BB,FRA,Online TA,TA/TO,0,0,0,A,A,1,No Deposit,9.0,0,Transient,128.0,0,2
City Hotel,0,51,2017,May,18,2,0,5,2,0.0,0,BB,FRA,Direct,Direct,0,0,0,A,A,0,No Deposit,14.0,0,Transient,126.0,0,0
City Hotel,0,108,2017,May,18,5,0,2,2,0.0,0,BB,ESP,Online TA,TA/TO,0,0,0,D,D,0,No Deposit,9.0,0,Transient,171.0,0,0
City Hotel,0,54,2017,May,18,4,0,3,2,0.0,0,SC,BEL,Online TA,TA/TO,0,0,0,A,A,0,No Deposit,9.0,0,Transient,126.0,0,2
City Hotel,0,105,2017,May,18,4,0,3,2,0.0,0,BB,DEU,Online TA,TA/TO,0,0,0,A,A,0,No Deposit,9.0,0,Transient,126.0,0,1
City Hotel,0,105,2017,May,18,4,0,3,2,0.0,0,BB,DEU,Online TA,TA/TO,0,0,0,A,A,0,No Deposit,9.0,0,Transient,126.0,0,1
City Hotel,0,147,2017,May,18,4,0,3,2,0.0,0,BB,DEU,Online TA,TA/TO,0,0,0,A,A,0,No Deposit,9.0,0,Transient,126.0,0,2
City Hotel,0,123,2017,May,18,5,0,2,2,0.0,0,BB,DEU,Online TA,TA/TO,0,0,0,D,D,0,No Deposit,9.0,0,Transient,139.5,0,1
City Hotel,0,103,2017,May,18,4,0,3,2,0.0,0,SC,FRA,Online TA,TA/TO,0,0,0,A,A,0,No Deposit,7.0,0,Transient,83.16,0,1
City Hotel,0,143,2017,May,18,4,0,3,2,0.0,0,BB,GBR,Direct,Direct,0,0,0,A,A,0,No Deposit,14.0,0,Transient,136.67,0,1
City Hotel,0,107,2017,May,18,5,0,2,2,0.0,0,BB,GBR,Online TA,TA/TO,0,0,0,A,A,0,No Deposit,7.0,0,Transient,97.02,0,1
City Hotel,0,12,2017,May,18,5,0,2,2,0.0,0,BB,GBR,Online TA,TA/TO,0,0,0,D,D,0,No Deposit,9.0,0,Transient,180.0,0,1
City Hotel,0,152,2017,May,18,4,0,3,2,0.0,0,BB,DEU,Online TA,TA/TO,0,0,0,D,D,0,No Deposit,9.0,0,Transient-Party,139.5,0,2
City Hotel,0,110,2017,May,18,4,0,3,2,0.0,0,SC,GBR,Online TA,TA/TO,0,0,0,A,A,0,No Deposit,83.0,0,Transient,86.4,0,0
City Hotel,0,152,2017,May,18,4,0,3,2,0.0,0,BB,DEU,Online TA,TA/TO,0,0,0,D,D,0,No Deposit,9.0,0,Transient-Party,139.5,0,2
City Hotel,0,38,2017,May,18,5,0,2,2,0.0,0,BB,USA,Online TA,TA/TO,0,0,0,E,E,0,No Deposit,9.0,0,Transient,209.0,0,1
City Hotel,0,153,2017,May,18,5,0,2,2,0.0,0,BB,DEU,Online TA,TA/TO,0,0,0,D,D,0,No Deposit,9.0,0,Transient,139.5,0,1
City Hotel,0,153,2017,May,18,5,0,2,2,0.0,0,BB,DEU,Online TA,TA/TO,0,0,0,D,D,0,No Deposit,9.0,0,Transient,139.5,0,1
City Hotel,0,7,2017,May,18,5,0,2,2,0.0,0,BB,DEU,Online TA,TA/TO,0,0,0,A,A,0,No Deposit,9.0,0,Transient,170.0,0,1
City Hotel,0,87,2017,May,18,4,0,3,2,0.0,0,SC,NLD,Online TA,TA/TO,0,0,0,A,A,0,No Deposit,9.0,0,Transient,108.0,0,1
City Hotel,0,80,2017,May,18,4,0,3,2,0.0,0,BB,GBR,Online TA,TA/TO,0,0,0,E,E,0,No Deposit,9.0,0,Transient,162.0,0,1
City Hotel,0,118,2017,May,18,4,0,3,2,0.0,0,SC,DEU,Online TA,TA/TO,0,0,0,A,A,2,No Deposit,9.0,0,Transient,108.0,0,1
City Hotel,0,207,2017,April,18,30,2,5,2,0.0,0,BB,GBR,Direct,Direct,0,0,0,A,A,0,No Deposit,14.0,0,Transient,99.0,0,3
City Hotel,0,8,2017,May,18,5,0,2,2,0.0,0,BB,PRT,Online TA,TA/TO,0,0,0,A,A,1,No Deposit,9.0,0,Transient,170.0,0,2
City Hotel,0,153,2017,May,18,5,0,2,2,0.0,0,BB,DEU,Online TA,TA/TO,0,0,0,D,D,0,No Deposit,9.0,0,Transient,139.5,0,1
City Hotel,0,3,2017,May,18,5,0,2,2,0.0,0,SC,ESP,Online TA,TA/TO,0,0,0,A,A,0,No Deposit,9.0,0,Transient,159.0,0,1
City Hotel,0,0,2017,May,18,6,0,1,2,0.0,0,SC,ISR,Online TA,TA/TO,0,0,0,A,A,0,No Deposit,152.0,0,Transient,99.63,0,0
City Hotel,0,0,2017,May,19,7,1,0,2,0.0,0,SC,ISR,Online TA,TA/TO,1,0,0,A,A,0,No Deposit,7.0,0,Group,98.8,0,1
City Hotel,0,109,2017,May,18,5,1,2,2,0.0,0,BB,FRA,Offline TA/TO,TA/TO,0,0,0,A,D,0,No Deposit,28.0,0,Transient,85.0,0,0
City Hotel,0,19,2017,May,18,6,1,1,2,0.0,0,SC,CHE,Online TA,TA/TO,0,0,0,A,A,0,No Deposit,9.0,0,Transient,150.0,0,4
City Hotel,0,200,2017,May,18,4,1,3,2,0.0,0,BB,DEU,Online TA,TA/TO,0,0,0,A,A,0,No Deposit,7.0,0,Transient,90.09,0,1
City Hotel,0,98,2017,May,18,5,1,2,2,0.0,0,BB,IRL,Online TA,TA/TO,0,0,0,D,D,0,No Deposit,9.0,0,Transient,135.0,0,0
City Hotel,0,105,2017,May,18,5,1,2,2,0.0,0,BB,FRA,Offline TA/TO,TA/TO,0,0,0,A,A,0,No Deposit,28.0,0,Transient,85.0,0,0
City Hotel,0,106,2017,May,18,5,1,2,2,0.0,0,BB,FRA,Offline TA/TO,TA/TO,0,0,0,A,D,0,No Deposit,28.0,0,Transient,85.0,0,1
City Hotel,0,10,2017,May,18,5,1,2,2,0.0,0,BB,POL,Online TA,TA/TO,0,0,0,A,A,0,No Deposit,9.0,0,Transient,170.0,0,2
City Hotel,0,170,2017,May,18,4,1,3,2,0.0,0,BB,SWE,Online TA,TA/TO,0,0,0,D,D,0,No Deposit,9.0,0,Transient,130.5,0,1
City Hotel,0,7,2017,May,18,5,1,2,2,0.0,0,BB,FRA,Groups,TA/TO,0,0,0,A,A,0,No Deposit,3.0,0,Transient-Party,100.0,0,1
City Hotel,0,190,2017,May,19,7,1,0,2,0.0,0,BB,BRA,Online TA,TA/TO,0,0,0,A,A,0,No Deposit,7.0,0,Transient,94.59,0,1
City Hotel,0,107,2017,May,18,6,1,1,2,0.0,0,BB,FRA,Online TA,TA/TO,0,0,0,A,A,0,No Deposit,9.0,0,Transient,126.0,0,2
City Hotel,0,106,2017,May,18,4,1,3,2,0.0,0,BB,GBR,Online TA,TA/TO,0,0,0,A,A,0,No Deposit,7.0,0,Transient,97.02,0,1
City Hotel,0,189,2017,May,18,5,1,2,2,0.0,0,BB,FRA,Groups,TA/TO,0,0,0,A,A,0,No Deposit,3.0,0,Transient-Party,100.0,0,1
City Hotel,0,82,2017,May,18,5,1,2,2,0.0,0,BB,IRL,Online TA,TA/TO,0,0,0,E,E,0,No Deposit,9.0,0,Transient,162.0,0,2
City Hotel,0,184,2017,May,18,5,1,2,2,0.0,0,BB,DEU,Offline TA/TO,TA/TO,0,0,0,A,A,0,No Deposit,42.0,0,Transient,108.0,1,0
City Hotel,0,207,2017,May,18,5,1,2,2,0.0,0,SC,GBR,Online TA,TA/TO,0,0,0,A,A,0,No Deposit,9.0,0,Transient-Party,99.0,0,1
City Hotel,0,189,2017,May,18,5,1,2,2,0.0,0,BB,FRA,Groups,TA/TO,0,0,0,A,A,0,No Deposit,3.0,0,Transient-Party,100.0,0,1
City Hotel,0,207,2017,May,18,5,1,2,2,0.0,0,SC,GBR,Online TA,TA/TO,0,0,0,A,A,0,No Deposit,9.0,0,Transient-Party,99.0,0,1
City Hotel,0,207,2017,May,18,5,1,2,2,0.0,0,SC,GBR,Online TA,TA/TO,0,0,0,A,A,0,No Deposit,9.0,0,Transient,99.0,0,1
City Hotel,0,51,2017,May,18,6,1,1,2,0.0,0,SC,GBR,Online TA,TA/TO,0,0,0,A,A,0,No Deposit,9.0,0,Transient,134.1,0,0
City Hotel,0,207,2017,May,18,5,1,2,2,0.0,0,SC,GBR,Online TA,TA/TO,0,0,0,A,A,0,No Deposit,9.0,0,Transient-Party,99.0,0,1
City Hotel,0,104,2017,May,18,5,1,2,2,0.0,0,BB,FRA,Online TA,TA/TO,0,0,0,A,A,0,No Deposit,9.0,0,Transient,126.0,0,1
City Hotel,0,101,2017,May,18,6,1,1,2,0.0,0,BB,FRA,Online TA,TA/TO,0,0,0,D,D,0,No Deposit,9.0,0,Transient,135.0,0,1
City Hotel,0,91,2017,May,18,6,1,1,2,0.0,0,BB,NOR,Online TA,TA/TO,0,0,0,E,E,1,No Deposit,9.0,0,Transient,162.0,0,3
City Hotel,0,5,2017,May,18,5,1,2,2,0.0,0,SC,DEU,Online TA,TA/TO,0,0,0,A,A,0,No Deposit,9.0,0,Transient,150.0,0,1
City Hotel,0,104,2017,May,18,5,1,2,2,0.0,0,BB,FRA,Online TA,TA/TO,0,0,0,A,A,0,No Deposit,7.0,0,Transient,92.17,0,1
City Hotel,0,207,2017,May,18,5,1,2,2,0.0,0,SC,GBR,Online TA,TA/TO,0,0,0,A,A,0,No Deposit,9.0,0,Transient,99.0,0,1
City Hotel,0,18,2017,May,18,5,1,2,2,0.0,0,BB,FRA,Online TA,TA/TO,0,0,0,A,A,0,No Deposit,9.0,0,Transient,170.0,0,2
City Hotel,0,179,2017,May,18,5,1,2,2,0.0,0,BB,FRA,Direct,Direct,0,0,0,A,A,0,No Deposit,14.0,0,Transient,99.0,0,0
City Hotel,0,179,2017,May,18,5,1,2,2,0.0,0,BB,FRA,Direct,Direct,0,0,0,A,A,0,No Deposit,14.0,0,Transient,99.0,0,0
City Hotel,0,207,2017,May,18,5,1,2,2,0.0,0,SC,ABW,Online TA,TA/TO,0,0,0,A,D,0,No Deposit,9.0,0,Transient,99.0,0,1
City Hotel,0,121,2017,May,18,5,1,2,2,0.0,0,BB,CZE,Online TA,TA/TO,0,0,0,A,A,0,No Deposit,9.0,0,Transient,126.0,0,0
City Hotel,0,48,2017,May,18,4,1,3,2,0.0,0,BB,FRA,Online TA,TA/TO,0,0,0,A,A,0,No Deposit,7.0,0,Transient,115.6,0,0
City Hotel,0,147,2017,May,18,5,1,2,2,0.0,0,BB,DEU,Online TA,TA/TO,0,0,0,A,A,0,No Deposit,9.0,0,Transient,126.0,0,0
City Hotel,0,51,2017,May,18,6,1,1,2,0.0,0,SC,GBR,Online TA,TA/TO,0,0,0,A,A,0,No Deposit,9.0,0,Transient,134.1,0,0
City Hotel,0,179,2017,May,18,5,1,2,2,0.0,0,BB,FRA,Direct,Direct,0,0,0,A,A,0,No Deposit,14.0,0,Transient,99.0,0,0
City Hotel,0,123,2017,May,18,3,1,4,2,0.0,0,SC,POL,Online TA,TA/TO,0,0,0,A,A,0,No Deposit,9.0,0,Transient,108.0,0,2
City Hotel,0,207,2017,May,18,5,1,2,2,0.0,0,SC,GBR,Online TA,TA/TO,0,0,0,A,A,0,No Deposit,9.0,0,Transient-Party,99.0,0,1
City Hotel,0,173,2017,May,18,5,1,2,2,0.0,0,BB,DEU,Online TA,TA/TO,0,0,0,D,D,0,No Deposit,9.0,0,Transient,130.5,0,1
City Hotel,0,109,2017,May,18,5,1,2,2,0.0,0,BB,GBR,Offline TA/TO,TA/TO,0,0,0,D,D,0,No Deposit,42.0,0,Transient,98.1,0,0
City Hotel,0,31,2017,May,18,6,1,1,2,0.0,0,BB,FRA,Corporate,Corporate,0,0,0,D,D,0,No Deposit,,0,Transient,133.0,0,0
City Hotel,0,99,2017,May,18,1,2,5,2,0.0,0,BB,PRT,Online TA,TA/TO,0,0,0,A,A,0,No Deposit,9.0,0,Transient,126.0,0,1
City Hotel,0,88,2017,May,18,5,1,2,2,0.0,0,BB,FRA,Online TA,TA/TO,0,0,0,D,D,0,No Deposit,9.0,0,Transient,135.0,0,2
City Hotel,0,53,2017,May,18,4,1,3,2,0.0,0,SC,JPN,Online TA,TA/TO,0,0,0,A,A,0,No Deposit,9.0,0,Transient,126.0,0,2
City Hotel,0,199,2017,May,19,7,1,0,2,0.0,0,BB,GBR,Online TA,TA/TO,0,0,0,A,A,0,No Deposit,8.0,0,Transient,126.0,0,1
City Hotel,0,6,2017,May,18,5,1,2,2,0.0,0,SC,DEU,Online TA,TA/TO,0,0,0,A,A,0,No Deposit,7.0,0,Transient,114.0,0,1
City Hotel,0,169,2017,May,18,5,1,2,2,0.0,0,BB,GBR,Online TA,TA/TO,0,0,0,A,A,0,No Deposit,7.0,0,Transient,90.09,0,1
City Hotel,0,55,2017,May,18,5,1,2,2,0.0,0,BB,FRA,Direct,Direct,0,0,0,A,A,0,No Deposit,14.0,0,Transient,126.0,0,0
City Hotel,0,17,2017,May,18,5,1,2,2,0.0,0,SC,FRA,Online TA,TA/TO,0,0,0,A,A,0,No Deposit,9.0,0,Transient,99.0,0,0
City Hotel,0,137,2017,May,18,5,1,2,2,0.0,0,BB,FRA,Online TA,TA/TO,0,0,0,A,A,0,No Deposit,83.0,0,Transient,100.8,0,0
City Hotel,0,4,2017,May,18,6,1,1,2,0.0,0,SC,FRA,Online TA,TA/TO,0,0,0,A,A,0,No Deposit,9.0,0,Transient,150.0,0,2
City Hotel,0,17,2017,May,18,5,1,2,2,0.0,0,SC,FRA,Online TA,TA/TO,0,0,0,A,A,0,No Deposit,9.0,0,Transient,99.0,0,0
City Hotel,0,136,2017,May,18,5,1,2,2,0.0,0,BB,FRA,Offline TA/TO,TA/TO,0,0,0,A,A,0,No Deposit,85.0,0,Transient,89.1,0,0
City Hotel,0,5,2017,May,18,6,1,1,2,0.0,0,BB,FRA,Online TA,TA/TO,0,0,0,D,G,0,No Deposit,7.0,0,Transient,136.8,0,1
City Hotel,0,207,2017,May,18,5,1,2,2,0.0,0,SC,GBR,Online TA,TA/TO,0,0,0,A,A,0,No Deposit,9.0,0,Transient-Party,99.0,0,1
City Hotel,0,13,2017,May,18,2,1,5,2,0.0,0,BB,POL,Online TA,TA/TO,0,0,0,D,D,0,No Deposit,9.0,0,Transient,165.0,0,1
City Hotel,0,87,2017,May,18,5,1,2,2,0.0,0,BB,FRA,Online TA,TA/TO,0,0,0,D,D,0,No Deposit,9.0,0,Transient,135.0,0,4
City Hotel,0,99,2017,May,18,4,1,3,2,0.0,0,BB,IRL,Online TA,TA/TO,0,0,0,D,D,0,No Deposit,9.0,0,Transient,135.0,0,2
City Hotel,0,120,2017,May,18,5,1,2,2,0.0,0,BB,GBR,Online TA,TA/TO,0,0,0,A,A,0,No Deposit,9.0,0,Transient,126.0,0,3
City Hotel,0,99,2017,May,18,4,1,3,2,0.0,0,BB,IRL,Online TA,TA/TO,0,0,0,D,D,0,No Deposit,9.0,0,Transient,135.0,0,2
City Hotel,0,99,2017,May,18,4,1,3,2,0.0,0,BB,IRL,Online TA,TA/TO,0,0,0,D,D,0,No Deposit,9.0,0,Transient,135.0,0,1
City Hotel,0,273,2017,May,18,5,1,2,2,0.0,0,BB,FRA,Groups,TA/TO,0,0,0,A,A,0,No Deposit,3.0,84,Transient-Party,100.0,0,1
City Hotel,0,104,2017,May,18,5,1,2,2,0.0,0,BB,FRA,Online TA,TA/TO,0,0,0,A,A,0,No Deposit,9.0,0,Transient,126.0,0,1
City Hotel,0,189,2017,May,18,5,1,2,2,0.0,0,BB,FRA,Groups,TA/TO,0,0,0,A,A,0,No Deposit,3.0,0,Transient-Party,100.0,0,2
City Hotel,0,99,2017,May,18,4,1,3,2,0.0,0,BB,IRL,Online TA,TA/TO,0,0,0,D,D,0,No Deposit,9.0,0,Transient,135.0,0,2
City Hotel,0,33,2017,May,19,7,1,0,2,0.0,0,BB,FRA,Corporate,Corporate,0,0,0,E,E,0,No Deposit,,0,Transient,125.0,0,1
City Hotel,0,108,2017,May,18,4,2,3,2,0.0,0,BB,FRA,Online TA,TA/TO,0,0,0,A,A,0,No Deposit,9.0,0,Transient,126.0,0,0
City Hotel,0,121,2017,May,18,6,2,1,2,0.0,0,BB,NLD,Online TA,TA/TO,0,0,0,A,A,0,No Deposit,9.0,0,Transient,126.0,0,2
City Hotel,0,158,2017,May,18,5,2,2,2,0.0,0,BB,IRL,Online TA,TA/TO,0,0,0,D,D,0,No Deposit,9.0,0,Transient,144.5,0,3
City Hotel,0,49,2017,May,18,6,2,1,2,0.0,0,SC,GBR,Online TA,TA/TO,0,0,0,A,A,0,No Deposit,9.0,0,Transient,134.1,0,3
City Hotel,0,121,2017,May,18,4,2,3,2,0.0,0,BB,FRA,Online TA,TA/TO,0,0,0,A,A,0,No Deposit,9.0,0,Transient,126.0,0,0
City Hotel,0,112,2017,May,18,6,2,1,2,0.0,0,BB,FRA,Online TA,TA/TO,0,0,0,A,A,0,No Deposit,9.0,0,Transient,135.0,0,1
City Hotel,0,340,2017,May,18,6,2,1,2,0.0,0,SC,USA,Online TA,TA/TO,0,0,0,A,A,0,No Deposit,9.0,0,Transient,99.0,0,3
City Hotel,0,33,2017,May,19,8,1,0,2,0.0,0,BB,ESP,Groups,TA/TO,0,0,0,A,A,1,No Deposit,39.0,0,Transient-Party,130.0,0,0
City Hotel,0,128,2017,May,18,6,2,1,2,0.0,0,BB,DEU,Online TA,TA/TO,0,0,0,A,A,0,No Deposit,9.0,0,Transient,126.0,0,0
City Hotel,0,124,2017,May,18,6,2,1,2,0.0,0,BB,CN,Online TA,TA/TO,0,0,0,A,B,0,No Deposit,7.0,0,Transient,97.02,0,1
City Hotel,0,90,2017,May,19,8,1,0,2,0.0,0,BB,GBR,Online TA,TA/TO,0,0,0,A,A,0,No Deposit,9.0,0,Transient,126.0,0,3
City Hotel,0,144,2017,May,18,6,2,1,2,0.0,0,BB,FRA,Offline TA/TO,TA/TO,0,0,0,A,A,0,No Deposit,52.0,0,Transient-Party,90.0,0,1
City Hotel,0,144,2017,May,18,6,2,1,2,0.0,0,BB,FRA,Offline TA/TO,TA/TO,0,0,0,A,A,0,No Deposit,52.0,0,Transient-Party,90.0,0,1
City Hotel,0,144,2017,May,18,5,2,2,2,0.0,0,BB,FRA,Online TA,TA/TO,0,0,0,A,A,0,No Deposit,9.0,0,Transient,128.25,1,2
City Hotel,0,106,2017,May,18,6,2,1,2,0.0,0,BB,CZE,Online TA,TA/TO,0,0,0,A,A,0,No Deposit,9.0,0,Transient,126.0,0,1
City Hotel,0,144,2017,May,18,6,2,1,2,0.0,0,BB,FRA,Offline TA/TO,TA/TO,0,0,0,A,A,0,No Deposit,52.0,0,Transient-Party,90.0,0,1
City Hotel,0,144,2017,May,18,6,2,1,2,0.0,0,BB,FRA,Offline TA/TO,TA/TO,0,0,0,A,A,0,No Deposit,52.0,0,Transient-Party,90.0,0,1
City Hotel,0,121,2017,May,19,7,2,0,2,0.0,0,BB,FRA,Direct,Direct,0,0,0,A,A,0,No Deposit,14.0,0,Transient,117.0,1,0
City Hotel,0,90,2017,May,18,6,2,1,2,0.0,0,BB,FRA,Online TA,TA/TO,0,0,0,D,D,0,No Deposit,9.0,0,Transient,135.0,0,1
City Hotel,0,90,2017,May,18,6,2,1,2,0.0,0,BB,FRA,Online TA,TA/TO,0,0,0,D,D,0,No Deposit,9.0,0,Transient,135.0,0,1
City Hotel,0,144,2017,May,18,6,2,1,2,0.0,0,BB,FRA,Offline TA/TO,TA/TO,0,0,0,A,A,0,No Deposit,52.0,0,Transient-Party,90.0,0,1
City Hotel,0,116,2017,May,18,6,2,1,2,0.0,0,BB,FRA,Online TA,TA/TO,0,0,0,A,A,1,No Deposit,9.0,0,Transient,144.0,0,2
City Hotel,0,56,2017,May,18,4,2,3,2,0.0,0,SC,BRA,Online TA,TA/TO,0,0,0,A,A,0,No Deposit,7.0,0,Transient,100.8,0,0
City Hotel,0,144,2017,May,18,6,2,1,2,0.0,0,BB,FRA,Offline TA/TO,TA/TO,0,0,0,A,A,0,No Deposit,52.0,0,Transient-Party,90.0,0,1
City Hotel,0,37,2017,May,18,4,2,3,2,0.0,0,BB,FRA,Online TA,TA/TO,0,0,0,D,D,0,No Deposit,9.0,0,Transient,179.0,0,2
City Hotel,0,144,2017,May,18,6,2,1,2,0.0,0,BB,FRA,Offline TA/TO,TA/TO,0,0,0,A,A,0,No Deposit,52.0,0,Transient-Party,90.0,0,1
City Hotel,0,61,2017,May,18,6,2,1,2,0.0,0,BB,FRA,Online TA,TA/TO,0,0,0,A,A,0,No Deposit,9.0,0,Transient,144.0,0,0
City Hotel,0,144,2017,May,18,6,2,1,2,0.0,0,BB,FRA,Offline TA/TO,TA/TO,0,0,0,A,A,0,No Deposit,52.0,0,Transient-Party,90.0,0,1
City Hotel,0,93,2017,May,18,5,2,2,2,0.0,0,BB,DEU,Online TA,TA/TO,0,0,0,D,D,0,No Deposit,9.0,0,Transient,135.0,0,1
City Hotel,0,144,2017,May,18,6,2,1,2,0.0,0,BB,FRA,Offline TA/TO,TA/TO,0,0,0,A,A,2,No Deposit,52.0,0,Transient-Party,90.0,0,0
City Hotel,0,144,2017,May,18,6,2,1,2,0.0,0,BB,FRA,Offline TA/TO,TA/TO,0,0,0,A,A,0,No Deposit,52.0,0,Transient-Party,90.0,0,1
City Hotel,0,144,2017,May,18,6,2,1,2,0.0,0,BB,FRA,Offline TA/TO,TA/TO,0,0,0,A,A,0,No Deposit,52.0,0,Transient-Party,90.0,0,1
City Hotel,0,144,2017,May,18,6,2,1,2,0.0,0,BB,FRA,Offline TA/TO,TA/TO,0,0,0,A,A,0,No Deposit,52.0,0,Transient-Party,90.0,0,1
City Hotel,0,6,2017,May,18,5,2,2,2,0.0,0,BB,BRA,Online TA,TA/TO,0,0,0,A,A,0,No Deposit,7.0,0,Transient,136.0,0,1
City Hotel,0,144,2017,May,18,6,2,1,2,0.0,0,BB,FRA,Offline TA/TO,TA/TO,0,0,0,A,A,0,No Deposit,52.0,0,Transient-Party,90.0,0,1
City Hotel,0,144,2017,May,18,6,2,1,2,0.0,0,BB,FRA,Offline TA/TO,TA/TO,0,0,0,A,A,0,No Deposit,52.0,0,Transient-Party,90.0,0,1
City Hotel,0,144,2017,May,18,6,2,1,2,0.0,0,BB,FRA,Offline TA/TO,TA/TO,0,0,0,A,A,0,No Deposit,52.0,0,Transient-Party,90.0,0,1
City Hotel,0,144,2017,May,18,6,2,1,2,0.0,0,BB,FRA,Offline TA/TO,TA/TO,0,0,0,A,C,0,No Deposit,52.0,0,Transient-Party,90.0,0,1
City Hotel,0,122,2017,May,19,8,1,0,2,0.0,0,BB,FRA,Direct,Direct,0,0,0,A,A,0,No Deposit,14.0,0,Transient,105.0,0,0
City Hotel,0,108,2017,May,18,4,2,3,2,0.0,0,SC,FRA,Online TA,TA/TO,0,0,0,A,A,0,No Deposit,9.0,0,Transient,108.0,0,0
City Hotel,0,117,2017,May,18,6,2,1,2,0.0,0,BB,GBR,Online TA,TA/TO,0,0,0,A,A,0,No Deposit,83.0,0,Transient,100.8,0,1
City Hotel,0,148,2017,May,18,6,2,1,2,0.0,0,BB,GBR,Online TA,TA/TO,0,0,0,A,A,0,No Deposit,9.0,0,Transient,126.0,0,2
City Hotel,0,10,2017,May,18,6,2,1,2,0.0,0,BB,FRA,Online TA,TA/TO,0,0,0,A,A,0,No Deposit,9.0,0,Transient,170.0,0,3
City Hotel,0,5,2017,May,19,8,1,0,2,0.0,0,BB,DEU,Online TA,TA/TO,0,0,0,A,A,0,No Deposit,9.0,0,Transient,170.0,1,1
City Hotel,0,42,2017,May,18,3,2,4,2,0.0,0,SC,FRA,Online TA,TA/TO,0,0,0,A,A,0,No Deposit,9.0,0,Transient,141.55,0,2
City Hotel,0,62,2017,May,18,6,2,1,2,0.0,0,HB,BEL,Online TA,TA/TO,0,0,0,A,A,0,No Deposit,8.0,0,Transient,178.2,0,0
City Hotel,0,0,2017,May,19,7,2,0,2,0.0,0,SC,MEX,Online TA,TA/TO,0,0,0,A,A,0,No Deposit,9.0,0,Transient,130.0,0,0
City Hotel,0,1,2017,May,18,6,2,1,2,0.0,0,BB,FRA,Online TA,TA/TO,0,0,0,D,D,0,No Deposit,9.0,0,Transient,166.67,0,1
City Hotel,0,157,2017,May,19,7,2,0,2,0.0,0,SC,CN,Offline TA/TO,TA/TO,0,0,0,A,A,0,No Deposit,138.0,0,Transient,80.1,0,0
City Hotel,0,123,2017,May,19,9,0,1,2,0.0,0,SC,CN,Offline TA/TO,TA/TO,0,0,0,A,A,0,No Deposit,138.0,0,Group,80.1,0,1
City Hotel,0,144,2017,May,18,6,2,1,2,0.0,0,BB,FRA,Offline TA/TO,TA/TO,0,0,0,A,A,0,No Deposit,52.0,0,Transient,90.0,0,1
City Hotel,0,118,2017,May,18,4,2,3,2,0.0,0,BB,GBR,Online TA,TA/TO,0,0,0,A,A,0,No Deposit,7.0,0,Transient,97.02,0,1
City Hotel,0,106,2017,May,18,6,2,1,2,0.0,0,BB,FRA,Offline TA/TO,TA/TO,0,0,0,A,D,0,No Deposit,28.0,0,Transient,85.0,0,0
City Hotel,0,17,2017,May,18,5,2,2,2,0.0,0,BB,GBR,Online TA,TA/TO,0,0,0,D,D,0,No Deposit,9.0,0,Transient,130.5,0,3
City Hotel,0,117,2017,May,18,6,2,1,2,0.0,0,BB,GBR,Online TA,TA/TO,0,0,0,A,A,0,No Deposit,83.0,0,Transient,100.8,0,1
City Hotel,0,157,2017,May,19,7,2,0,2,0.0,0,SC,ZAF,Offline TA/TO,TA/TO,0,0,0,A,A,0,No Deposit,138.0,0,Transient,80.1,0,0
City Hotel,0,108,2017,May,18,4,2,3,2,0.0,0,SC,FRA,Online TA,TA/TO,0,0,0,A,A,0,No Deposit,9.0,0,Transient,108.0,0,0
City Hotel,0,144,2017,May,18,6,2,1,2,0.0,0,BB,FRA,Offline TA/TO,TA/TO,0,0,0,A,A,0,No Deposit,52.0,0,Transient,90.0,0,1
City Hotel,0,1,2017,May,19,9,0,1,2,0.0,0,BB,MEX,Online TA,TA/TO,0,0,0,A,A,1,No Deposit,,0,Transient,117.0,0,0
City Hotel,0,98,2017,May,19,7,2,1,2,0.0,0,BB,IRL,Online TA,TA/TO,0,0,0,D,D,0,No Deposit,9.0,0,Transient,135.0,0,1
City Hotel,0,124,2017,May,18,6,2,2,2,0.0,0,BB,SVK,Online TA,TA/TO,0,0,0,A,A,0,No Deposit,9.0,0,Transient,126.0,0,0
City Hotel,0,1,2017,May,19,9,0,1,2,0.0,0,BB,PRT,Online TA,TA/TO,0,0,0,A,A,0,No Deposit,9.0,0,Transient,150.0,0,1
City Hotel,0,26,2017,May,18,5,2,3,2,0.0,0,BB,DEU,Online TA,TA/TO,0,0,0,A,A,0,No Deposit,7.0,0,Transient,128.44,0,1
City Hotel,0,59,2017,May,19,8,1,1,2,0.0,0,SC,USA,Online TA,TA/TO,0,0,0,A,D,0,No Deposit,7.0,0,Transient,125.8,0,1
City Hotel,0,102,2017,May,18,6,2,2,2,0.0,0,BB,FRA,Online TA,TA/TO,0,0,0,D,D,0,No Deposit,9.0,0,Transient,135.0,0,1
City Hotel,0,116,2017,May,19,7,2,1,2,0.0,0,BB,GBR,Offline TA/TO,TA/TO,0,0,0,A,A,0,No Deposit,28.0,0,Transient,89.1,0,0
City Hotel,0,116,2017,May,19,7,2,1,2,0.0,0,BB,GBR,Offline TA/TO,TA/TO,0,0,0,A,A,0,No Deposit,28.0,0,Transient,89.1,0,0
City Hotel,0,109,2017,May,18,6,2,2,2,0.0,0,BB,RUS,Direct,Direct,0,0,0,A,A,0,No Deposit,14.0,0,Transient,117.0,0,1
City Hotel,0,82,2017,May,19,8,1,1,2,0.0,0,SC,CN,Online TA,TA/TO,0,0,0,A,A,0,No Deposit,7.0,0,Transient,83.16,0,0
City Hotel,0,117,2017,May,19,7,2,1,2,0.0,0,BB,CHE,Direct,Direct,0,0,0,A,A,0,No Deposit,,0,Transient-Party,108.0,0,2
City Hotel,0,208,2017,May,18,6,2,2,2,0.0,0,BB,FRA,Online TA,TA/TO,0,0,0,A,A,0,No Deposit,9.0,0,Transient,117.0,0,1
City Hotel,0,3,2017,May,19,9,0,1,2,0.0,0,SC,FRA,Online TA,TA/TO,0,0,0,A,A,0,No Deposit,9.0,0,Transient,130.0,0,1
City Hotel,0,111,2017,May,18,6,2,2,2,0.0,0,BB,DEU,Online TA,TA/TO,0,0,0,A,A,0,No Deposit,7.0,0,Transient,92.17,0,1
City Hotel,0,63,2017,May,19,7,2,1,2,0.0,0,BB,FRA,Online TA,TA/TO,0,0,0,A,A,0,No Deposit,9.0,0,Transient,144.0,0,1
City Hotel,0,61,2017,May,18,6,2,2,2,0.0,0,BB,DEU,Online TA,TA/TO,0,0,0,D,D,0,No Deposit,7.0,0,Transient,122.4,0,1
City Hotel,0,16,2017,May,19,7,2,1,2,0.0,0,SC,ISR,Online TA,TA/TO,0,0,0,A,A,0,No Deposit,9.0,0,Transient,153.0,0,2
City Hotel,0,16,2017,May,19,7,2,1,2,0.0,0,SC,ISR,Online TA,TA/TO,0,0,0,A,A,0,No Deposit,9.0,0,Transient,150.0,0,2
City Hotel,0,28,2017,May,19,9,0,1,2,0.0,0,BB,BEL,Online TA,TA/TO,0,0,0,A,A,0,No Deposit,9.0,0,Transient,169.0,0,3
City Hotel,0,102,2017,May,19,7,2,1,2,0.0,0,BB,FRA,Online TA,TA/TO,0,0,0,D,D,0,No Deposit,9.0,0,Transient,135.0,0,2
City Hotel,0,101,2017,May,18,6,2,2,2,0.0,0,BB,FRA,Offline TA/TO,TA/TO,0,0,0,A,D,0,No Deposit,28.0,0,Transient,85.0,0,0
City Hotel,0,4,2017,May,19,8,1,1,2,0.0,0,BB,DEU,Online TA,TA/TO,0,0,0,A,A,0,No Deposit,9.0,0,Transient,170.0,0,2
City Hotel,0,80,2017,May,19,8,1,1,2,0.0,0,BB,MOZ,Online TA,TA/TO,0,0,0,A,A,0,No Deposit,9.0,0,Transient,126.0,0,0
City Hotel,0,6,2017,May,19,7,2,1,2,0.0,0,BB,FRA,Online TA,TA/TO,0,0,0,D,D,0,No Deposit,9.0,0,Transient,180.0,0,2
City Hotel,0,1,2017,May,19,9,0,1,2,0.0,0,BB,USA,Direct,Direct,0,0,0,A,A,0,No Deposit,,0,Transient,130.0,0,0
City Hotel,0,153,2017,May,19,8,1,1,2,0.0,0,BB,DEU,Offline TA/TO,TA/TO,0,0,0,D,D,0,No Deposit,27.0,0,Transient,98.1,0,1
City Hotel,0,60,2017,May,19,7,2,1,2,0.0,0,BB,UKR,Offline TA/TO,TA/TO,0,0,0,A,A,0,No Deposit,2.0,0,Transient,106.0,0,0
City Hotel,0,210,2017,May,19,7,2,1,2,0.0,0,HB,FRA,Online TA,TA/TO,0,0,0,D,D,0,No Deposit,9.0,0,Transient,173.7,1,1
City Hotel,0,206,2017,May,19,7,2,1,2,0.0,0,BB,CHE,Online TA,TA/TO,0,0,0,A,A,0,No Deposit,9.0,0,Transient,117.0,0,1
City Hotel,0,0,2017,May,19,8,1,1,2,0.0,0,SC,PRT,Online TA,TA/TO,0,0,0,A,B,0,No Deposit,9.0,0,Transient,130.0,1,3
City Hotel,0,153,2017,May,19,8,1,1,2,0.0,0,BB,DEU,Offline TA/TO,TA/TO,0,0,0,D,D,0,No Deposit,27.0,0,Transient,98.1,0,1
City Hotel,0,0,2017,May,19,8,1,1,2,0.0,0,BB,DEU,Direct,Direct,0,0,0,D,D,0,No Deposit,14.0,0,Transient,139.5,0,1
City Hotel,0,174,2017,May,19,9,0,2,2,0.0,0,BB,AUT,Online TA,TA/TO,0,0,0,A,A,0,No Deposit,9.0,0,Transient,117.0,0,2
City Hotel,0,0,2017,May,19,10,0,1,2,0.0,0,SC,ITA,Online TA,TA/TO,0,0,0,A,A,0,No Deposit,9.0,0,Transient,150.0,0,1
City Hotel,0,48,2017,May,19,10,0,1,2,0.0,0,SC,PRT,Offline TA/TO,TA/TO,0,0,0,A,A,1,No Deposit,58.0,0,Transient,80.1,0,0
City Hotel,0,173,2017,May,19,7,2,2,2,0.0,0,BB,GBR,Offline TA/TO,TA/TO,0,0,0,A,D,0,No Deposit,42.0,0,Transient-Party,89.1,0,1
City Hotel,0,173,2017,May,19,7,2,2,2,0.0,0,BB,GBR,Offline TA/TO,TA/TO,0,0,0,A,A,0,No Deposit,42.0,0,Transient-Party,89.1,0,1
City Hotel,0,167,2017,May,19,7,2,2,2,0.0,0,BB,GBR,Offline TA/TO,TA/TO,0,0,0,A,A,0,No Deposit,42.0,0,Transient,89.1,0,0
City Hotel,0,0,2017,May,19,10,0,1,2,0.0,0,BB,AUT,Online TA,TA/TO,0,0,0,E,E,0,No Deposit,9.0,0,Transient,210.0,0,1
City Hotel,0,44,2017,May,19,7,2,2,2,0.0,0,BB,FRA,Online TA,TA/TO,0,0,0,D,D,0,No Deposit,9.0,0,Transient,179.0,0,1
City Hotel,0,173,2017,May,19,7,2,2,2,0.0,0,BB,GBR,Offline TA/TO,TA/TO,0,0,0,A,A,0,No Deposit,42.0,0,Transient-Party,89.1,0,1
City Hotel,0,108,2017,May,19,7,2,2,2,0.0,0,BB,IRL,Direct,Direct,0,0,0,A,A,0,No Deposit,14.0,0,Transient,108.0,0,1
City Hotel,0,52,2017,May,18,6,2,3,2,0.0,0,BB,GBR,Online TA,TA/TO,0,0,0,A,A,0,No Deposit,7.0,0,Transient,121.68,0,0
City Hotel,0,96,2017,May,19,9,0,2,2,0.0,0,SC,RUS,Online TA,TA/TO,0,0,0,A,A,0,No Deposit,9.0,0,Transient,108.0,0,0
City Hotel,0,149,2017,May,19,7,2,2,2,0.0,0,BB,URY,Offline TA/TO,TA/TO,0,0,0,A,A,0,No Deposit,85.0,0,Transient,89.1,0,1
City Hotel,0,96,2017,May,19,9,0,2,2,0.0,0,SC,RUS,Online TA,TA/TO,0,0,0,A,A,0,No Deposit,9.0,0,Transient,108.0,0,0
City Hotel,0,33,2017,May,19,8,1,2,2,0.0,0,BB,GBR,Groups,TA/TO,0,0,0,A,A,1,No Deposit,39.0,0,Transient-Party,140.0,0,0
City Hotel,0,10,2017,May,19,7,2,2,2,0.0,0,BB,AUT,Offline TA/TO,TA/TO,0,0,0,A,A,0,No Deposit,27.0,0,Transient,108.9,0,0
City Hotel,0,30,2017,May,19,10,0,1,2,0.0,0,BB,NLD,Groups,TA/TO,0,0,0,A,A,1,No Deposit,39.0,1,Transient-Party,140.0,0,0
City Hotel,0,75,2017,May,19,9,0,2,2,0.0,0,HB,FRA,Offline TA/TO,TA/TO,0,0,0,A,A,0,No Deposit,138.0,0,Transient,112.1,0,0
City Hotel,0,0,2017,May,19,10,0,1,2,0.0,0,BB,PRT,Online TA,TA/TO,0,0,0,D,D,0,No Deposit,9.0,0,Transient,180.0,0,1
City Hotel,0,75,2017,May,19,9,0,2,2,0.0,0,HB,FRA,Offline TA/TO,TA/TO,0,0,0,A,A,0,No Deposit,138.0,0,Transient,112.1,0,0
City Hotel,0,75,2017,May,19,9,0,2,2,0.0,0,HB,FRA,Offline TA/TO,TA/TO,0,0,0,A,A,1,No Deposit,138.0,0,Transient,112.1,0,0
City Hotel,0,193,2017,May,19,10,0,1,2,0.0,0,BB,BRA,Online TA,TA/TO,0,0,0,A,A,0,No Deposit,7.0,0,Transient,94.59,0,1
City Hotel,0,10,2017,May,19,7,2,2,2,0.0,0,BB,AUT,Offline TA/TO,TA/TO,0,0,0,A,A,0,No Deposit,27.0,0,Transient,108.9,0,0
City Hotel,0,149,2017,May,18,6,2,3,2,0.0,0,SC,CN,Online TA,TA/TO,0,0,0,A,A,0,No Deposit,7.0,0,Transient,79.0,0,1
City Hotel,0,141,2017,May,19,8,1,2,2,0.0,0,BB,DEU,Direct,Direct,0,0,0,D,D,0,No Deposit,14.0,0,Transient,126.88,0,1
City Hotel,0,143,2017,May,19,7,2,2,2,0.0,0,BB,FRA,Direct,Direct,0,0,0,A,A,0,No Deposit,14.0,0,Transient,108.0,0,0
City Hotel,0,143,2017,May,19,7,2,2,2,0.0,0,BB,FRA,Direct,Direct,0,0,0,A,A,0,No Deposit,14.0,0,Transient,108.0,0,0
City Hotel,0,69,2017,May,19,8,1,2,2,0.0,0,HB,FRA,Offline TA/TO,TA/TO,0,0,0,A,A,1,No Deposit,28.0,0,Transient,121.1,0,0
City Hotel,0,19,2017,May,18,6,2,3,2,0.0,0,BB,DEU,Offline TA/TO,TA/TO,0,0,0,D,D,0,No Deposit,21.0,0,Transient,140.0,0,0
City Hotel,0,86,2017,May,19,8,1,2,2,0.0,0,BB,FRA,Online TA,TA/TO,0,0,0,A,A,0,No Deposit,9.0,0,Transient,126.0,0,0
City Hotel,0,55,2017,May,19,7,2,2,2,0.0,0,BB,LUX,Online TA,TA/TO,0,0,0,A,A,0,No Deposit,9.0,0,Transient,144.0,0,2
City Hotel,0,190,2017,May,19,9,0,2,2,0.0,0,BB,FRA,Direct,Direct,0,0,0,A,A,0,No Deposit,14.0,0,Transient,96.25,0,0
City Hotel,0,0,2017,May,19,10,0,1,2,0.0,0,BB,ITA,Direct,Direct,0,0,0,A,C,0,No Deposit,,0,Transient,150.0,0,0
City Hotel,0,120,2017,May,19,8,1,2,2,0.0,0,BB,DEU,Online TA,TA/TO,0,0,0,A,A,0,No Deposit,9.0,0,Transient,126.0,0,2
City Hotel,0,219,2017,May,19,9,0,2,2,0.0,0,SC,BRA,Online TA,TA/TO,0,0,0,A,A,0,No Deposit,9.0,0,Transient,108.0,0,2
City Hotel,0,35,2017,May,19,10,0,1,2,0.0,0,BB,GBR,Groups,TA/TO,0,0,0,A,D,0,No Deposit,39.0,0,Transient-Party,140.0,0,0
City Hotel,0,355,2017,May,19,8,1,2,2,0.0,0,SC,MLT,Online TA,TA/TO,0,0,0,A,A,0,No Deposit,9.0,0,Transient,98.1,0,1
City Hotel,0,35,2017,May,19,8,1,2,2,0.0,0,BB,CN,Offline TA/TO,TA/TO,0,0,0,A,A,0,No Deposit,262.0,0,Transient,99.0,0,2
City Hotel,0,34,2017,May,19,9,0,2,2,0.0,0,BB,SRB,Groups,TA/TO,0,0,0,A,A,1,No Deposit,39.0,0,Transient-Party,140.0,0,0
City Hotel,0,35,2017,May,19,8,1,2,2,0.0,0,BB,CN,Offline TA/TO,TA/TO,0,0,0,A,A,0,No Deposit,262.0,0,Transient,99.0,0,2
City Hotel,0,108,2017,May,18,2,2,7,2,0.0,0,BB,BEL,Online TA,TA/TO,0,0,0,A,A,0,No Deposit,9.0,0,Transient,126.0,0,0
City Hotel,0,10,2017,May,19,7,2,2,2,0.0,0,BB,AUT,Offline TA/TO,TA/TO,0,0,0,A,A,0,No Deposit,27.0,0,Transient,108.9,0,0
City Hotel,0,219,2017,May,19,9,0,2,2,0.0,0,SC,BRA,Online TA,TA/TO,0,0,0,A,A,0,No Deposit,9.0,0,Transient,99.0,0,2
City Hotel,0,43,2017,May,19,8,1,2,2,0.0,0,SC,CN,Online TA,TA/TO,0,0,0,A,A,0,No Deposit,7.0,0,Transient,119.2,0,0
City Hotel,0,0,2017,May,19,10,0,1,2,0.0,0,BB,PRT,Online TA,TA/TO,0,0,0,A,G,1,No Deposit,152.0,0,Transient,110.71,0,0
City Hotel,0,98,2017,May,19,7,2,2,2,0.0,0,SC,FRA,Online TA,TA/TO,0,0,0,A,A,0,No Deposit,9.0,0,Transient,108.0,0,1
City Hotel,0,35,2017,May,19,9,0,2,2,0.0,0,SC,DEU,Offline TA/TO,TA/TO,0,0,0,A,F,0,No Deposit,28.0,0,Transient,89.0,0,0
City Hotel,0,43,2017,May,19,10,0,1,2,0.0,0,BB,ZAF,Direct,Direct,0,0,0,A,A,0,No Deposit,14.0,0,Transient,134.1,0,0
City Hotel,0,1,2017,May,19,10,0,1,2,0.0,0,SC,PRT,Online TA,TA/TO,0,0,0,A,B,0,No Deposit,,0,Transient,150.0,0,0
City Hotel,0,38,2017,May,19,8,1,2,2,0.0,0,BB,FRA,Offline TA/TO,TA/TO,0,0,0,A,A,1,No Deposit,168.0,0,Transient,99.0,0,0
City Hotel,0,35,2017,May,19,10,0,1,2,0.0,0,BB,DNK,Groups,TA/TO,0,0,0,A,A,1,No Deposit,39.0,0,Transient-Party,140.0,0,0
City Hotel,0,78,2017,May,19,9,0,3,2,0.0,0,BB,GBR,Online TA,TA/TO,0,0,0,D,D,0,No Deposit,83.0,0,Transient,120.0,0,0
City Hotel,0,70,2017,May,18,6,2,4,2,0.0,0,SC,FRA,Online TA,TA/TO,0,0,0,A,A,0,No Deposit,9.0,0,Transient,126.0,0,0
City Hotel,0,107,2017,May,19,8,1,3,2,0.0,0,HB,FRA,Offline TA/TO,TA/TO,0,0,0,A,D,0,No Deposit,28.0,0,Transient,115.0,0,0
City Hotel,0,69,2017,May,19,9,0,3,2,0.0,0,BB,AUT,Online TA,TA/TO,0,0,0,A,A,2,No Deposit,9.0,0,Transient,155.33,0,0
City Hotel,0,95,2017,May,19,8,1,3,2,0.0,0,SC,GBR,Online TA,TA/TO,0,0,0,A,A,0,No Deposit,9.0,0,Transient,108.0,0,1
City Hotel,0,112,2017,May,19,11,0,1,2,0.0,0,BB,USA,Online TA,TA/TO,0,0,0,A,F,0,No Deposit,8.0,0,Transient,126.0,0,0
City Hotel,0,92,2017,May,19,9,0,3,2,0.0,0,BB,BRA,Online TA,TA/TO,0,0,0,A,A,0,No Deposit,8.0,0,Transient,126.0,0,1
City Hotel,0,133,2017,May,19,8,1,3,2,0.0,0,SC,NLD,Online TA,TA/TO,0,0,0,A,A,0,No Deposit,9.0,0,Transient,108.0,0,0
City Hotel,0,307,2017,May,19,11,0,1,2,0.0,0,BB,PRT,Offline TA/TO,TA/TO,0,0,0,A,A,2,No Deposit,467.0,0,Transient-Party,89.1,0,0
City Hotel,0,307,2017,May,19,11,0,1,2,0.0,0,BB,MOZ,Offline TA/TO,TA/TO,0,0,0,A,D,2,No Deposit,467.0,0,Transient-Party,89.1,0,0
City Hotel,0,8,2017,May,19,8,1,3,2,0.0,0,BB,FRA,Online TA,TA/TO,0,0,0,D,D,0,No Deposit,7.0,0,Transient,136.8,0,1
City Hotel,0,110,2017,May,19,9,0,3,2,0.0,0,HB,FRA,Offline TA/TO,TA/TO,0,0,0,A,D,0,No Deposit,28.0,0,Transient,115.0,0,0
City Hotel,0,1,2017,May,19,11,0,1,2,0.0,0,SC,RUS,Online TA,TA/TO,0,0,0,A,A,0,No Deposit,9.0,0,Transient,150.0,0,0
City Hotel,0,102,2017,May,19,8,1,3,2,0.0,0,BB,DEU,Offline TA/TO,TA/TO,0,0,0,A,A,1,No Deposit,138.0,0,Transient,99.1,0,0
City Hotel,0,116,2017,May,19,9,0,3,2,0.0,0,BB,FRA,Online TA,TA/TO,0,0,0,A,A,1,No Deposit,9.0,0,Transient,117.0,0,1
City Hotel,0,307,2017,May,19,11,0,1,2,0.0,0,BB,MOZ,Offline TA/TO,TA/TO,0,0,0,A,D,1,No Deposit,467.0,0,Transient-Party,89.1,0,0
City Hotel,0,40,2017,May,19,10,0,2,2,0.0,0,BB,PRT,Corporate,Corporate,0,0,0,A,A,0,No Deposit,,0,Transient,95.0,0,2
City Hotel,0,116,2017,May,19,9,0,3,2,0.0,0,BB,FRA,Online TA,TA/TO,0,0,0,A,A,1,No Deposit,9.0,0,Transient,117.0,0,1
City Hotel,0,307,2017,May,19,11,0,1,2,0.0,0,BB,MOZ,Offline TA/TO,TA/TO,0,0,0,A,D,1,No Deposit,467.0,0,Transient-Party,89.1,0,0
City Hotel,0,53,2017,May,19,8,1,3,2,0.0,0,BB,NLD,Online TA,TA/TO,0,0,0,D,D,0,No Deposit,9.0,0,Transient,168.08,0,2
City Hotel,0,56,2017,May,19,11,0,1,2,0.0,0,BB,GBR,Offline TA/TO,TA/TO,0,0,0,A,A,0,No Deposit,85.0,0,Transient,89.1,0,0
City Hotel,0,13,2017,May,19,9,0,3,2,0.0,0,BB,CHE,Direct,Direct,0,0,0,A,A,1,No Deposit,14.0,0,Transient,160.0,0,0
City Hotel,0,53,2017,May,19,8,1,3,2,0.0,0,BB,GBR,Direct,Direct,0,0,0,D,D,0,No Deposit,14.0,0,Transient,181.75,0,4
City Hotel,0,160,2017,May,19,10,0,2,2,0.0,0,BB,FRA,Online TA,TA/TO,0,0,0,A,A,0,No Deposit,9.0,0,Transient,126.0,0,0
City Hotel,0,115,2017,May,18,6,2,4,2,0.0,0,BB,DEU,Offline TA/TO,TA/TO,0,0,0,A,A,0,No Deposit,27.0,0,Transient,89.1,0,0
City Hotel,0,115,2017,May,18,6,2,4,2,0.0,0,BB,DEU,Offline TA/TO,TA/TO,0,0,0,A,A,0,No Deposit,27.0,0,Transient,89.1,0,0
City Hotel,0,110,2017,May,19,8,1,3,2,0.0,0,BB,FRA,Offline TA/TO,TA/TO,0,0,0,A,D,0,No Deposit,28.0,0,Transient,85.0,0,0
City Hotel,0,55,2017,May,18,6,2,4,2,0.0,0,BB,GRC,Online TA,TA/TO,0,0,0,A,A,0,No Deposit,9.0,0,Transient,147.0,0,2
City Hotel,0,132,2017,May,19,9,0,3,2,0.0,0,BB,ROU,Online TA,TA/TO,0,0,0,A,A,0,No Deposit,9.0,0,Transient,135.0,0,3
City Hotel,0,115,2017,May,18,6,2,4,2,0.0,0,BB,DEU,Offline TA/TO,TA/TO,0,0,0,A,A,0,No Deposit,27.0,0,Transient,89.1,0,0
City Hotel,0,92,2017,May,19,9,0,3,2,0.0,0,BB,SVK,Online TA,TA/TO,0,0,0,A,A,1,No Deposit,7.0,0,Transient,95.59,0,1
City Hotel,0,115,2017,May,18,6,2,4,2,0.0,0,BB,DEU,Offline TA/TO,TA/TO,0,0,0,A,A,0,No Deposit,27.0,0,Transient,89.1,0,0
City Hotel,0,66,2017,May,19,10,0,2,2,0.0,0,BB,BRA,Online TA,TA/TO,0,0,0,D,D,0,No Deposit,7.0,0,Transient,129.6,0,1
City Hotel,0,66,2017,May,19,10,0,2,2,0.0,0,BB,BRA,Online TA,TA/TO,0,0,0,D,D,0,No Deposit,7.0,0,Transient,129.6,0,1
City Hotel,0,6,2017,May,19,8,1,3,2,0.0,0,BB,DZA,Online TA,TA/TO,0,0,0,D,D,0,No Deposit,7.0,0,Transient,136.8,0,1
City Hotel,0,185,2017,May,19,11,0,1,2,0.0,0,BB,PRT,Online TA,TA/TO,0,0,0,D,D,0,No Deposit,9.0,0,Transient,156.6,0,2
City Hotel,0,90,2017,May,19,10,0,2,2,0.0,0,BB,GBR,Online TA,TA/TO,0,0,0,E,E,0,No Deposit,83.0,0,Transient,129.6,0,0
City Hotel,0,90,2017,May,19,10,0,2,2,0.0,0,BB,GBR,Online TA,TA/TO,0,0,0,E,E,0,No Deposit,83.0,0,Transient,129.6,0,0
City Hotel,0,86,2017,May,19,9,0,3,2,0.0,0,HB,BEL,Online TA,TA/TO,0,0,0,A,A,0,No Deposit,9.0,0,Transient,160.2,0,1
City Hotel,0,86,2017,May,19,9,0,3,2,0.0,0,HB,BEL,Online TA,TA/TO,0,0,0,A,A,0,No Deposit,9.0,0,Transient,160.2,0,1
City Hotel,0,90,2017,May,19,10,0,2,2,0.0,0,BB,GBR,Online TA,TA/TO,0,0,0,E,E,0,No Deposit,83.0,0,Transient,129.6,0,0
City Hotel,0,8,2017,May,19,11,0,1,2,0.0,0,SC,IRL,Online TA,TA/TO,0,0,0,A,A,0,No Deposit,9.0,0,Transient-Party,150.0,0,1
City Hotel,0,307,2017,May,19,11,0,1,2,0.0,0,BB,MOZ,Offline TA/TO,TA/TO,0,0,0,A,A,1,No Deposit,467.0,0,Transient-Party,89.1,0,0
City Hotel,0,4,2017,May,19,11,0,1,2,0.0,0,SC,FRA,Online TA,TA/TO,0,0,0,A,A,0,No Deposit,9.0,0,Transient,150.0,0,0
City Hotel,0,79,2017,May,18,5,2,5,2,0.0,0,BB,IRL,Online TA,TA/TO,0,0,0,E,E,0,No Deposit,9.0,0,Transient,162.0,0,1
City Hotel,0,104,2017,May,19,9,0,3,2,0.0,0,BB,FRA,Offline TA/TO,TA/TO,0,0,0,A,D,0,No Deposit,28.0,0,Transient,85.0,0,0
City Hotel,0,90,2017,May,19,10,0,2,2,0.0,0,BB,GBR,Online TA,TA/TO,0,0,0,E,E,0,No Deposit,83.0,0,Transient,129.6,0,0
City Hotel,0,86,2017,May,19,9,0,3,2,0.0,0,BB,BEL,Online TA,TA/TO,0,0,0,D,D,0,No Deposit,7.0,0,Transient,103.95,0,0
City Hotel,0,123,2017,May,19,8,1,4,2,0.0,0,BB,NOR,Online TA,TA/TO,0,0,0,A,A,0,No Deposit,9.0,0,Transient,129.6,0,1
City Hotel,0,123,2017,May,19,8,1,4,2,0.0,0,BB,NOR,Online TA,TA/TO,0,0,0,A,A,3,No Deposit,9.0,0,Transient,111.6,0,1
City Hotel,0,193,2017,May,18,6,2,5,2,0.0,0,BB,FRA,Online TA,TA/TO,0,0,0,A,A,0,No Deposit,9.0,0,Transient,124.46,0,2
City Hotel,0,0,2017,May,18,6,2,5,2,0.0,0,BB,NOR,Online TA,TA/TO,0,0,0,E,G,0,No Deposit,9.0,0,Transient,164.57,0,2
City Hotel,0,10,2017,May,19,10,0,3,2,0.0,0,BB,FRA,Direct,Direct,0,0,0,A,A,0,No Deposit,,0,Transient,141.0,0,0
City Hotel,0,32,2017,May,18,6,2,5,2,0.0,0,BB,NOR,Online TA,TA/TO,0,0,0,F,F,1,No Deposit,9.0,0,Transient,267.86,0,0
City Hotel,0,153,2017,May,19,11,0,2,2,0.0,0,BB,FIN,Online TA,TA/TO,0,0,0,A,A,0,No Deposit,9.0,0,Transient,135.0,0,2
City Hotel,0,90,2017,May,18,6,2,5,2,0.0,0,BB,DEU,Online TA,TA/TO,0,0,0,D,D,0,No Deposit,9.0,0,Transient,137.57,0,1
City Hotel,0,57,2017,May,19,8,1,4,2,0.0,0,BB,FRA,Online TA,TA/TO,0,0,0,D,D,0,No Deposit,9.0,0,Transient,160.2,0,3
City Hotel,0,105,2017,May,19,9,0,4,2,0.0,0,BB,BRA,Direct,Direct,0,0,0,A,A,1,No Deposit,14.0,0,Transient,121.5,0,3
City Hotel,0,155,2017,May,19,12,0,1,2,0.0,0,BB,USA,Online TA,TA/TO,0,0,0,A,A,0,No Deposit,9.0,0,Transient,144.0,0,1
City Hotel,0,105,2017,May,19,9,0,4,2,0.0,0,BB,ITA,Direct,Direct,0,0,0,A,A,1,No Deposit,14.0,0,Transient,112.5,0,3
City Hotel,0,32,2017,May,19,7,2,4,2,0.0,0,SC,FRA,Online TA,TA/TO,0,0,0,A,A,0,No Deposit,9.0,0,Transient,159.33,0,0
City Hotel,0,161,2017,May,19,7,2,4,2,0.0,0,BB,USA,Online TA,TA/TO,0,0,0,A,A,2,No Deposit,9.0,0,Transient,136.17,0,3
City Hotel,0,193,2017,May,19,7,2,4,2,0.0,0,SC,GBR,Online TA,TA/TO,0,0,0,A,A,0,No Deposit,9.0,0,Transient,107.7,0,2
City Hotel,0,0,2017,May,19,12,0,1,2,0.0,0,BB,MOZ,Direct,Direct,0,0,0,A,A,0,No Deposit,,0,Transient,170.0,0,1
City Hotel,0,309,2017,May,19,13,2,3,2,0.0,0,BB,PRT,Offline TA/TO,TA/TO,0,0,0,A,A,3,No Deposit,467.0,0,Transient-Party,89.1,0,0
City Hotel,0,108,2017,May,19,8,1,4,2,0.0,0,BB,NOR,Online TA,TA/TO,0,0,0,A,A,0,No Deposit,7.0,0,Transient,94.8,0,1
City Hotel,0,34,2017,May,19,12,0,1,2,0.0,0,SC,USA,Online TA,TA/TO,0,0,0,A,A,0,No Deposit,9.0,0,Transient,180.0,0,2
City Hotel,0,34,2017,May,19,12,0,1,2,0.0,0,SC,USA,Online TA,TA/TO,0,0,0,A,A,0,No Deposit,9.0,0,Transient,180.0,0,2
City Hotel,0,64,2017,May,19,10,0,3,2,0.0,0,BB,DEU,Online TA,TA/TO,0,0,0,D,D,0,No Deposit,9.0,0,Transient,165.0,0,1
City Hotel,0,123,2017,May,19,8,1,4,2,0.0,0,BB,NOR,Online TA,TA/TO,0,0,0,A,A,4,No Deposit,9.0,0,Transient,129.6,0,1
City Hotel,0,211,2017,May,18,6,2,5,2,0.0,0,BB,FRA,Online TA,TA/TO,0,0,0,A,A,0,No Deposit,7.0,0,Transient,91.04,0,1
City Hotel,0,44,2017,May,19,10,0,3,2,0.0,0,BB,CHE,Online TA,TA/TO,0,0,0,D,D,0,No Deposit,9.0,0,Transient,199.67,0,0
City Hotel,0,84,2017,May,19,12,0,1,2,0.0,0,BB,CN,Online TA,TA/TO,0,0,0,D,D,0,No Deposit,9.0,0,Transient,153.0,0,1
City Hotel,0,57,2017,May,19,9,0,4,2,0.0,0,SC,CHE,Online TA,TA/TO,0,0,0,A,A,0,No Deposit,9.0,0,Transient,135.0,0,0
City Hotel,0,170,2017,May,19,9,0,4,2,0.0,0,BB,FRA,Direct,Direct,0,0,0,A,A,0,No Deposit,14.0,0,Transient,112.5,0,0
City Hotel,0,106,2017,May,19,10,0,3,2,0.0,0,BB,AUT,Online TA,TA/TO,0,0,0,A,A,0,No Deposit,9.0,0,Transient,132.0,0,2
City Hotel,0,128,2017,May,19,11,0,2,2,0.0,0,BB,BEL,Online TA,TA/TO,0,0,0,A,A,0,No Deposit,9.0,0,Transient,135.0,0,1
City Hotel,0,128,2017,May,19,11,0,2,2,0.0,0,BB,BEL,Online TA,TA/TO,0,0,0,A,A,0,No Deposit,9.0,0,Transient,135.0,0,1
City Hotel,0,87,2017,May,19,10,0,3,2,0.0,0,BB,GBR,Online TA,TA/TO,0,0,0,D,D,0,No Deposit,9.0,0,Transient,141.0,0,3
City Hotel,0,138,2017,May,19,10,0,3,2,0.0,0,BB,CZE,Online TA,TA/TO,0,0,0,A,A,2,No Deposit,9.0,0,Transient,145.67,1,0
City Hotel,0,58,2017,May,19,7,2,4,2,0.0,0,BB,FRA,Online TA,TA/TO,0,0,0,A,A,0,No Deposit,7.0,0,Transient,120.0,0,0
City Hotel,0,68,2017,May,19,9,0,4,2,0.0,0,BB,GBR,Online TA,TA/TO,0,0,0,D,D,0,No Deposit,9.0,0,Transient,162.0,0,1
City Hotel,0,96,2017,May,19,8,1,4,2,0.0,0,BB,BEL,Online TA,TA/TO,0,0,0,D,D,0,No Deposit,9.0,0,Transient,138.6,0,2
City Hotel,0,12,2017,May,19,9,0,4,2,0.0,0,BB,FRA,Online TA,TA/TO,0,0,0,D,D,0,No Deposit,9.0,0,Transient,187.5,0,1
City Hotel,0,154,2017,May,19,12,0,1,2,0.0,0,BB,URY,Offline TA/TO,TA/TO,0,0,0,A,A,0,No Deposit,85.0,0,Transient,98.1,0,1
City Hotel,0,113,2017,May,19,10,0,3,2,0.0,0,SC,GBR,Online TA,TA/TO,0,0,0,A,A,0,No Deposit,9.0,0,Transient,114.0,0,0
City Hotel,0,0,2017,May,19,12,0,1,2,0.0,0,SC,DEU,Online TA,TA/TO,0,0,0,A,A,0,No Deposit,152.0,0,Transient,79.7,0,0
City Hotel,0,9,2017,May,19,9,0,4,2,0.0,0,BB,DEU,Online TA,TA/TO,0,0,0,D,D,0,No Deposit,7.0,0,Transient,159.0,0,0
City Hotel,0,104,2017,May,19,9,0,4,2,0.0,0,BB,FRA,Offline TA/TO,TA/TO,0,0,0,A,D,0,No Deposit,28.0,0,Transient,85.0,0,2
City Hotel,0,104,2017,May,19,9,0,4,2,0.0,0,BB,FRA,Offline TA/TO,TA/TO,0,0,0,A,D,0,No Deposit,28.0,0,Transient,85.0,0,2
City Hotel,0,58,2017,May,19,12,0,1,2,0.0,0,HB,AUS,Online TA,TA/TO,0,0,0,A,A,0,No Deposit,9.0,0,Transient,223.2,0,3
City Hotel,0,3,2017,May,19,10,0,3,2,0.0,0,BB,FRA,Online TA,TA/TO,0,0,0,A,A,1,No Deposit,9.0,0,Transient,211.33,0,1
City Hotel,0,22,2017,May,19,12,0,1,2,0.0,0,HB,USA,Direct,Direct,0,0,0,D,D,1,No Deposit,14.0,0,Transient,245.0,0,1
City Hotel,0,93,2017,May,19,13,0,1,2,0.0,0,BB,USA,Direct,Direct,0,0,0,D,D,0,No Deposit,14.0,0,Transient,148.5,0,1
City Hotel,0,22,2017,May,19,12,0,1,2,0.0,0,HB,USA,Direct,Direct,0,0,0,D,D,1,No Deposit,14.0,0,Transient,245.0,0,1
City Hotel,0,93,2017,May,19,13,0,1,2,0.0,0,BB,USA,Direct,Direct,0,0,0,D,D,0,No Deposit,14.0,0,Transient,148.5,0,1
City Hotel,0,102,2017,May,19,7,2,5,2,0.0,0,BB,DEU,Offline TA/TO,TA/TO,0,0,0,A,A,0,No Deposit,42.0,0,Transient,84.15,0,0
City Hotel,0,119,2017,May,19,11,0,3,2,0.0,0,SC,COL,Online TA,TA/TO,0,0,0,A,A,1,No Deposit,9.0,0,Transient-Party,120.0,0,0
City Hotel,0,119,2017,May,19,11,0,3,2,0.0,0,SC,COL,Online TA,TA/TO,0,0,0,A,C,1,No Deposit,9.0,0,Transient-Party,120.0,0,0
City Hotel,0,77,2017,May,19,11,0,3,2,0.0,0,BB,DEU,Online TA,TA/TO,0,0,0,D,D,0,No Deposit,7.0,0,Transient,122.4,0,0
City Hotel,0,1,2017,May,19,12,0,2,2,0.0,0,SC,ARG,Direct,Direct,0,0,0,A,A,0,No Deposit,14.0,0,Transient,164.5,0,1
City Hotel,0,20,2017,May,19,11,0,3,2,0.0,0,BB,DEU,Direct,Direct,0,0,0,A,A,0,No Deposit,,0,Transient,170.0,0,0
City Hotel,0,120,2017,May,19,11,0,3,2,0.0,0,BB,FRA,Offline TA/TO,TA/TO,0,0,0,A,A,0,No Deposit,28.0,0,Transient,89.1,0,0
City Hotel,0,120,2017,May,19,11,0,3,2,0.0,0,BB,FRA,Offline TA/TO,TA/TO,0,0,0,A,A,0,No Deposit,28.0,0,Transient,89.1,0,0
City Hotel,0,106,2017,May,19,9,0,5,2,0.0,0,BB,GBR,Online TA,TA/TO,0,0,0,A,A,0,No Deposit,83.0,0,Transient,100.64,0,0
City Hotel,0,76,2017,May,19,13,0,1,2,0.0,0,SC,GBR,Online TA,TA/TO,0,0,0,A,A,0,No Deposit,9.0,0,Transient,126.0,0,2
City Hotel,0,120,2017,May,19,11,0,3,2,0.0,0,BB,FRA,Offline TA/TO,TA/TO,0,0,0,A,A,0,No Deposit,28.0,0,Transient,89.1,0,0
City Hotel,0,120,2017,May,19,11,0,3,2,0.0,0,BB,FRA,Offline TA/TO,TA/TO,0,0,0,A,A,0,No Deposit,28.0,0,Transient,89.1,0,0
City Hotel,0,51,2017,May,19,10,0,4,2,0.0,0,SC,COL,Online TA,TA/TO,0,0,0,A,A,0,No Deposit,9.0,0,Transient,155.03,0,1
City Hotel,0,120,2017,May,19,11,0,3,2,0.0,0,BB,FRA,Offline TA/TO,TA/TO,0,0,0,A,A,0,No Deposit,28.0,0,Transient,89.1,0,0
City Hotel,0,120,2017,May,19,11,0,3,2,0.0,0,BB,FRA,Offline TA/TO,TA/TO,0,0,0,A,A,0,No Deposit,28.0,0,Transient,89.1,0,0
City Hotel,0,120,2017,May,19,11,0,3,2,0.0,0,BB,FRA,Offline TA/TO,TA/TO,0,0,0,A,A,0,No Deposit,28.0,0,Transient,89.1,0,0
City Hotel,0,120,2017,May,19,11,0,3,2,0.0,0,BB,FRA,Offline TA/TO,TA/TO,0,0,0,A,A,0,No Deposit,28.0,0,Transient,89.1,0,0
City Hotel,0,120,2017,May,19,11,0,3,2,0.0,0,BB,FRA,Offline TA/TO,TA/TO,0,0,0,A,A,0,No Deposit,28.0,0,Transient,89.1,0,0
City Hotel,0,120,2017,May,19,11,0,3,2,0.0,0,BB,FRA,Offline TA/TO,TA/TO,0,0,0,A,A,0,No Deposit,28.0,0,Transient,89.1,0,0
City Hotel,0,147,2017,May,19,10,0,4,2,0.0,0,BB,DEU,Offline TA/TO,TA/TO,0,0,0,A,A,1,No Deposit,27.0,0,Transient,89.1,0,0
City Hotel,0,16,2017,May,19,12,0,2,2,0.0,0,SC,IRL,Online TA,TA/TO,0,0,0,A,A,2,No Deposit,9.0,0,Transient,160.0,0,1
City Hotel,0,35,2017,May,19,11,0,3,2,0.0,0,SC,CHE,Online TA,TA/TO,0,0,0,A,A,0,No Deposit,9.0,0,Transient,189.0,1,1
City Hotel,0,104,2017,May,19,10,0,4,2,0.0,0,BB,DEU,Offline TA/TO,TA/TO,0,0,0,A,A,0,No Deposit,132.0,0,Transient,89.1,0,0
City Hotel,0,3,2017,May,19,11,0,3,2,0.0,0,BB,DEU,Offline TA/TO,TA/TO,0,0,0,D,D,0,No Deposit,27.0,0,Transient-Party,141.0,0,0
City Hotel,0,128,2017,May,19,11,0,3,2,0.0,0,BB,NLD,Online TA,TA/TO,0,0,0,D,D,0,No Deposit,9.0,0,Transient,151.5,0,1
City Hotel,0,3,2017,May,19,11,0,3,2,0.0,0,BB,DEU,Offline TA/TO,TA/TO,0,0,0,D,D,0,No Deposit,27.0,0,Transient-Party,141.0,0,0
City Hotel,0,96,2017,May,19,11,0,3,2,0.0,0,BB,DEU,Online TA,TA/TO,0,0,0,E,E,0,No Deposit,83.0,0,Transient,139.2,0,0
City Hotel,0,66,2017,May,19,11,0,3,2,0.0,0,BB,ISL,Direct,Direct,0,0,0,G,G,0,No Deposit,14.0,0,Transient,295.0,0,0
City Hotel,0,88,2017,May,19,11,0,3,2,0.0,0,BB,DEU,Online TA,TA/TO,0,0,0,D,D,0,No Deposit,9.0,0,Transient,147.0,0,0
City Hotel,0,336,2017,May,19,13,0,1,2,0.0,0,SC,GBR,Online TA,TA/TO,0,0,0,A,A,0,No Deposit,9.0,0,Transient,108.0,0,1
City Hotel,0,59,2017,May,19,10,0,4,2,0.0,0,BB,BEL,Online TA,TA/TO,0,0,0,F,F,1,No Deposit,9.0,0,Transient,265.0,0,3
City Hotel,0,20,2017,May,19,10,0,4,2,0.0,0,BB,BGR,Online TA,TA/TO,0,0,0,A,A,0,No Deposit,9.0,0,Transient,185.0,0,2
City Hotel,0,14,2017,May,19,10,0,4,2,0.0,0,BB,PRT,Online TA,TA/TO,0,0,0,A,A,0,No Deposit,7.0,0,Transient,148.0,0,1
City Hotel,0,115,2017,May,19,11,0,3,2,0.0,0,SC,GBR,Online TA,TA/TO,0,0,0,A,A,0,No Deposit,9.0,0,Transient,120.0,0,0
City Hotel,0,116,2017,May,19,11,0,3,2,0.0,0,SC,GBR,Online TA,TA/TO,0,0,0,A,A,0,No Deposit,8.0,0,Transient,120.0,0,1
City Hotel,0,128,2017,May,19,13,0,1,2,0.0,0,BB,IRL,Online TA,TA/TO,0,0,0,D,D,0,No Deposit,9.0,0,Transient,193.5,0,1
City Hotel,0,15,2017,May,19,11,0,3,2,0.0,0,BB,CHE,Online TA,TA/TO,0,0,0,D,D,0,No Deposit,9.0,0,Transient,200.0,0,1
City Hotel,0,219,2017,May,19,12,0,2,2,0.0,0,SC,GBR,Online TA,TA/TO,0,0,0,A,A,0,No Deposit,9.0,0,Transient,125.1,0,1
City Hotel,0,205,2017,May,19,10,0,4,2,0.0,0,BB,DEU,Online TA,TA/TO,0,0,0,D,D,0,No Deposit,159.0,0,Transient,48.75,0,0
City Hotel,0,106,2017,May,19,11,0,3,2,0.0,0,SC,ITA,Online TA,TA/TO,0,0,0,A,A,0,No Deposit,7.0,0,Transient,101.4,1,0
City Hotel,0,68,2017,May,19,12,0,2,2,0.0,0,BB,BEL,Online TA,TA/TO,0,0,0,E,E,0,No Deposit,9.0,0,Transient,198.0,0,2
City Hotel,0,114,2017,May,19,11,0,3,2,0.0,0,SC,GBR,Online TA,TA/TO,0,0,0,A,A,0,No Deposit,9.0,0,Transient,120.0,0,1
City Hotel,0,78,2017,May,19,11,0,3,2,0.0,0,SC,PRT,Online TA,TA/TO,0,0,0,A,A,0,No Deposit,7.0,0,Transient,100.8,0,0
City Hotel,0,116,2017,May,19,11,0,3,2,0.0,0,SC,GBR,Online TA,TA/TO,0,0,0,A,A,2,No Deposit,9.0,0,Transient,120.0,0,1
City Hotel,0,13,2017,May,19,12,0,2,2,0.0,0,BB,FRA,Online TA,TA/TO,0,0,0,D,D,0,No Deposit,9.0,0,Transient,210.0,0,1
City Hotel,0,128,2017,May,19,13,0,1,2,0.0,0,BB,IRL,Online TA,TA/TO,0,0,0,A,A,0,No Deposit,9.0,0,Transient,144.0,0,0
City Hotel,0,330,2017,May,19,11,0,3,2,0.0,0,BB,NOR,Online TA,TA/TO,0,0,0,A,A,18,No Deposit,9.0,0,Transient,109.8,0,3
City Hotel,0,330,2017,May,19,11,0,3,2,0.0,0,BB,NOR,Online TA,TA/TO,0,0,0,A,A,15,No Deposit,9.0,0,Transient,104.4,0,2
City Hotel,0,119,2017,May,19,11,0,3,2,0.0,0,SC,GBR,Online TA,TA/TO,0,0,0,A,A,0,No Deposit,9.0,0,Transient-Party,120.0,0,0
City Hotel,0,66,2017,May,19,11,0,3,2,0.0,0,BB,GBR,Online TA,TA/TO,0,0,0,D,D,0,No Deposit,9.0,0,Transient,171.0,0,0
City Hotel,0,0,2017,May,19,13,0,1,2,0.0,0,BB,DEU,Online TA,TA/TO,0,0,0,A,A,0,No Deposit,,0,Transient,169.0,0,1
City Hotel,0,277,2017,May,19,12,1,2,2,0.0,0,BB,DEU,Offline TA/TO,TA/TO,0,0,0,A,A,1,No Deposit,16.0,0,Transient,89.1,0,1
City Hotel,0,111,2017,May,19,12,0,2,2,0.0,0,BB,GBR,Online TA,TA/TO,0,0,0,D,D,2,No Deposit,9.0,0,Transient,153.0,0,1
City Hotel,0,330,2017,May,19,11,0,3,2,0.0,0,BB,NOR,Online TA,TA/TO,0,0,0,A,A,16,No Deposit,9.0,0,Transient,109.8,0,3
City Hotel,0,119,2017,May,19,11,0,3,2,0.0,0,SC,GBR,Online TA,TA/TO,0,0,0,A,A,0,No Deposit,9.0,0,Transient-Party,120.0,0,0
City Hotel,0,74,2017,May,19,13,0,1,2,0.0,0,SC,GBR,Online TA,TA/TO,0,0,0,A,A,0,No Deposit,9.0,0,Transient,144.0,0,2
City Hotel,0,128,2017,May,19,13,0,1,2,0.0,0,BB,IRL,Online TA,TA/TO,0,0,0,D,D,0,No Deposit,9.0,0,Transient,193.5,0,1
City Hotel,0,128,2017,May,19,13,0,1,2,0.0,0,BB,IRL,Online TA,TA/TO,0,0,0,A,A,0,No Deposit,9.0,0,Transient,144.0,0,1
City Hotel,0,104,2017,May,19,11,0,3,2,0.0,0,BB,SWE,Online TA,TA/TO,0,0,0,D,D,0,No Deposit,8.0,0,Transient,147.0,0,1
City Hotel,0,115,2017,May,19,11,0,3,2,0.0,0,SC,GBR,Online TA,TA/TO,0,0,0,A,A,0,No Deposit,9.0,0,Transient,120.0,0,0
City Hotel,0,106,2017,May,19,11,0,3,2,0.0,0,BB,DEU,Online TA,TA/TO,0,0,0,D,D,0,No Deposit,9.0,0,Transient,183.0,0,1
City Hotel,0,12,2017,May,19,13,0,1,2,0.0,0,SC,ESP,Online TA,TA/TO,0,0,0,A,A,4,No Deposit,9.0,0,Transient,180.0,0,3
City Hotel,0,13,2017,May,20,14,2,0,2,0.0,0,SC,ESP,Online TA,TA/TO,0,0,0,A,A,2,No Deposit,9.0,0,Group,120.0,0,3
City Hotel,0,36,2017,May,19,12,0,2,2,0.0,0,SC,FRA,Online TA,TA/TO,0,0,0,A,A,0,No Deposit,9.0,0,Transient,180.0,0,2
City Hotel,0,329,2017,May,19,10,0,4,2,0.0,0,BB,NOR,Online TA,TA/TO,0,0,0,A,A,14,No Deposit,9.0,0,Transient,104.4,0,2
City Hotel,0,35,2017,May,19,10,0,4,2,0.0,0,BB,DEU,Groups,TA/TO,0,0,0,A,A,1,No Deposit,39.0,0,Transient-Party,140.0,0,0
City Hotel,0,36,2017,May,19,12,0,2,2,0.0,0,SC,FRA,Online TA,TA/TO,0,0,0,A,A,0,No Deposit,9.0,0,Transient,180.0,0,2
City Hotel,0,36,2017,May,19,12,0,2,2,0.0,0,SC,FRA,Online TA,TA/TO,0,0,0,A,A,0,No Deposit,9.0,0,Transient,180.0,0,2
City Hotel,0,36,2017,May,19,12,0,2,2,0.0,0,SC,FRA,Online TA,TA/TO,0,0,0,A,A,0,No Deposit,9.0,0,Transient,180.0,0,2
City Hotel,0,116,2017,May,19,11,0,3,2,0.0,0,BB,GBR,Online TA,TA/TO,0,0,0,A,A,0,No Deposit,9.0,0,Transient,138.0,0,0
City Hotel,0,104,2017,May,19,8,1,5,2,0.0,0,BB,RUS,Online TA,TA/TO,0,0,0,A,A,0,No Deposit,9.0,0,Transient,132.0,0,2
City Hotel,0,80,2017,May,19,11,1,3,2,0.0,0,HB,ARG,Direct,Direct,0,0,0,A,A,1,No Deposit,,0,Transient-Party,112.55,0,0
City Hotel,0,114,2017,May,19,10,0,4,2,0.0,0,BB,FRA,Online TA,TA/TO,0,0,0,A,A,0,No Deposit,9.0,0,Transient,135.0,0,1
City Hotel,0,80,2017,May,19,11,1,3,2,0.0,0,HB,ARG,Direct,Direct,0,0,0,A,A,1,No Deposit,,0,Transient-Party,141.5,0,0
City Hotel,0,318,2017,May,19,12,1,2,2,0.0,0,SC,ITA,Online TA,TA/TO,0,0,0,A,A,0,No Deposit,9.0,0,Transient,99.0,0,1
City Hotel,0,139,2017,May,19,13,1,1,2,0.0,0,BB,PRT,Online TA,TA/TO,0,0,0,A,A,0,No Deposit,9.0,0,Transient-Party,135.0,0,0
City Hotel,0,139,2017,May,19,13,1,1,2,0.0,0,BB,PRT,Online TA,TA/TO,0,0,0,A,A,0,No Deposit,9.0,0,Transient-Party,135.0,0,0
City Hotel,0,85,2017,May,19,10,1,4,2,0.0,0,BB,ITA,Online TA,TA/TO,0,0,0,D,D,0,No Deposit,9.0,0,Transient,151.2,0,0
City Hotel,0,115,2017,May,19,12,1,2,2,0.0,0,BB,LUX,Offline TA/TO,TA/TO,0,0,0,A,D,0,No Deposit,28.0,0,Transient,85.0,0,0
City Hotel,0,80,2017,May,19,11,1,3,2,0.0,0,SC,SWE,Online TA,TA/TO,0,0,0,A,A,0,No Deposit,9.0,0,Transient,121.5,0,0
City Hotel,0,221,2017,May,19,11,1,3,2,0.0,0,BB,GBR,Online TA,TA/TO,0,0,0,A,A,0,No Deposit,9.0,0,Transient-Party,138.6,0,1
City Hotel,0,221,2017,May,19,11,1,3,2,0.0,0,BB,GBR,Online TA,TA/TO,0,0,0,A,A,0,No Deposit,9.0,0,Transient-Party,138.6,0,1
City Hotel,0,221,2017,May,19,11,1,3,2,0.0,0,BB,GBR,Online TA,TA/TO,0,0,0,A,A,0,No Deposit,9.0,0,Transient-Party,138.6,0,1
City Hotel,0,221,2017,May,19,11,1,3,2,0.0,0,BB,GBR,Online TA,TA/TO,0,0,0,A,A,0,No Deposit,9.0,0,Transient-Party,138.6,0,1
City Hotel,0,221,2017,May,19,11,1,3,2,0.0,0,BB,GBR,Online TA,TA/TO,0,0,0,A,A,0,No Deposit,9.0,0,Transient,138.6,0,1
City Hotel,0,221,2017,May,19,11,1,3,2,0.0,0,BB,GBR,Online TA,TA/TO,0,0,0,A,A,1,No Deposit,9.0,0,Transient-Party,138.6,0,1
City Hotel,0,80,2017,May,19,11,1,3,2,0.0,0,SC,ESP,Online TA,TA/TO,0,0,0,A,A,0,No Deposit,9.0,0,Transient,121.5,0,1
City Hotel,0,79,2017,May,19,11,1,3,2,0.0,0,BB,PRT,Offline TA/TO,TA/TO,0,0,0,A,A,0,No Deposit,52.0,0,Transient,111.6,1,1
City Hotel,0,168,2017,May,19,9,1,5,2,0.0,0,BB,CN,Online TA,TA/TO,0,0,0,D,D,5,No Deposit,9.0,0,Transient,145.5,0,0
City Hotel,0,79,2017,May,19,12,1,2,2,0.0,0,SC,ITA,Online TA,TA/TO,0,0,0,A,A,0,No Deposit,9.0,0,Transient,120.0,0,1
City Hotel,0,85,2017,May,19,8,2,5,2,0.0,0,HB,GBR,Online TA,TA/TO,0,0,0,D,D,0,No Deposit,7.0,0,Transient,134.24,0,1
City Hotel,0,110,2017,May,19,12,1,2,2,0.0,0,SC,DEU,Online TA,TA/TO,0,0,0,A,A,0,No Deposit,9.0,0,Transient,120.0,0,1
City Hotel,0,168,2017,May,19,12,1,2,2,0.0,0,BB,CHE,Direct,Direct,0,0,0,A,A,0,No Deposit,14.0,0,Transient-Party,120.0,0,0
City Hotel,0,168,2017,May,19,12,1,2,2,0.0,0,BB,CHE,Direct,Direct,0,0,0,A,A,0,No Deposit,14.0,0,Transient-Party,120.0,0,0
City Hotel,0,277,2017,May,19,12,1,2,2,0.0,0,BB,DEU,Offline TA/TO,TA/TO,0,0,0,A,A,0,No Deposit,16.0,0,Transient,89.1,0,1
City Hotel,0,215,2017,May,19,12,1,2,2,0.0,0,SC,AUT,Online TA,TA/TO,0,0,0,A,A,0,No Deposit,9.0,0,Transient,119.1,0,1
City Hotel,0,215,2017,May,19,12,1,2,2,0.0,0,SC,DEU,Online TA,TA/TO,0,0,0,A,A,0,No Deposit,9.0,0,Transient,119.1,0,1
City Hotel,0,101,2017,May,19,12,1,2,2,0.0,0,BB,CHE,Online TA,TA/TO,0,0,0,D,D,0,No Deposit,9.0,0,Transient,147.0,0,1
City Hotel,0,151,2017,May,19,11,1,3,2,0.0,0,BB,DEU,Online TA,TA/TO,0,0,0,A,A,0,No Deposit,9.0,0,Transient,135.0,0,1
City Hotel,0,11,2017,May,19,13,1,1,2,0.0,0,BB,ESP,Online TA,TA/TO,0,0,0,A,A,0,No Deposit,7.0,0,Transient,129.2,0,1
City Hotel,0,101,2017,May,19,12,1,2,2,0.0,0,BB,CHE,Online TA,TA/TO,0,0,0,D,D,0,No Deposit,9.0,0,Transient,147.0,0,1
City Hotel,0,151,2017,May,19,11,1,3,2,0.0,0,BB,DEU,Online TA,TA/TO,0,0,0,A,A,0,No Deposit,9.0,0,Transient,135.0,0,1
City Hotel,0,277,2017,May,19,12,1,2,2,0.0,0,BB,DEU,Offline TA/TO,TA/TO,0,0,0,A,A,0,No Deposit,16.0,0,Transient,89.1,0,1
City Hotel,0,129,2017,May,19,12,1,2,2,0.0,0,SC,GBR,Online TA,TA/TO,0,0,0,A,A,0,No Deposit,9.0,0,Transient,120.0,0,1
City Hotel,0,10,2017,May,19,13,1,1,2,0.0,0,SC,CHE,Online TA,TA/TO,0,0,0,A,A,0,No Deposit,9.0,0,Transient,150.0,0,2
City Hotel,0,82,2017,May,19,10,1,4,2,0.0,0,BB,NLD,Direct,Direct,0,0,0,D,A,0,No Deposit,14.0,0,Transient,137.7,0,2
City Hotel,0,26,2017,May,19,11,1,3,2,0.0,0,BB,NLD,Direct,Direct,0,0,0,A,A,1,No Deposit,14.0,0,Transient,185.0,0,2
City Hotel,0,33,2017,May,19,12,1,2,2,0.0,0,BB,ESP,Online TA,TA/TO,0,0,0,A,A,0,No Deposit,9.0,0,Transient-Party,193.33,0,2
City Hotel,0,82,2017,May,19,10,1,4,2,0.0,0,BB,NLD,Direct,Direct,0,0,0,D,A,0,No Deposit,14.0,0,Transient,137.7,0,2
City Hotel,0,215,2017,May,19,12,1,2,2,0.0,0,SC,DEU,Online TA,TA/TO,0,0,0,A,A,0,No Deposit,9.0,0,Transient,119.1,0,1
City Hotel,0,79,2017,May,19,12,1,2,2,0.0,0,SC,ITA,Online TA,TA/TO,0,0,0,A,A,0,No Deposit,9.0,0,Transient,120.0,0,1
City Hotel,0,182,2017,May,19,10,1,4,2,0.0,0,BB,DEU,Online TA,TA/TO,0,0,0,A,A,0,No Deposit,83.0,0,Transient,101.46,0,0
City Hotel,0,107,2017,May,19,11,1,3,2,0.0,0,BB,DEU,Online TA,TA/TO,0,0,0,D,D,0,No Deposit,9.0,0,Transient,144.0,0,0
City Hotel,0,168,2017,May,19,12,1,2,2,0.0,0,BB,CHE,Direct,Direct,0,0,0,A,A,0,No Deposit,14.0,0,Transient-Party,120.0,0,0
City Hotel,0,168,2017,May,19,12,1,2,2,0.0,0,BB,CHE,Direct,Direct,0,0,0,A,A,0,No Deposit,14.0,0,Transient-Party,120.0,0,0
City Hotel,0,65,2017,May,19,12,1,2,2,0.0,0,BB,FRA,Online TA,TA/TO,0,0,0,D,D,0,No Deposit,9.0,0,Transient,171.0,0,2
City Hotel,0,168,2017,May,19,12,1,2,2,0.0,0,BB,CHE,Direct,Direct,0,0,0,A,A,0,No Deposit,14.0,0,Transient-Party,120.0,0,0
City Hotel,0,76,2017,May,19,10,1,4,2,0.0,0,BB,CHE,Online TA,TA/TO,0,0,0,A,B,0,No Deposit,7.0,0,Transient,112.32,0,0
City Hotel,0,92,2017,May,19,12,1,2,2,0.0,0,BB,GBR,Online TA,TA/TO,0,0,0,D,D,0,No Deposit,9.0,0,Transient,147.0,0,1
City Hotel,0,191,2017,May,19,12,1,2,2,0.0,0,BB,NLD,Online TA,TA/TO,0,0,0,A,A,0,No Deposit,9.0,0,Transient,137.1,0,1
City Hotel,0,174,2017,May,19,13,1,1,2,0.0,0,BB,GBR,Online TA,TA/TO,0,0,0,D,D,0,No Deposit,79.0,0,Transient,118.8,0,0
City Hotel,0,76,2017,May,19,8,2,5,2,0.0,0,HB,CHE,Online TA,TA/TO,0,0,0,A,A,0,No Deposit,7.0,0,Transient,133.48,0,0
City Hotel,0,75,2017,May,19,12,1,2,2,0.0,0,BB,GBR,Online TA,TA/TO,0,0,0,E,E,0,No Deposit,9.0,0,Transient,174.0,0,3
City Hotel,0,90,2017,May,19,12,1,2,2,0.0,0,BB,BEL,Online TA,TA/TO,0,0,0,D,D,0,No Deposit,7.0,0,Transient,107.53,0,1
City Hotel,0,91,2017,May,20,14,1,0,2,0.0,0,SC,GBR,Online TA,TA/TO,0,0,0,A,D,0,No Deposit,9.0,0,Transient,108.0,0,4
City Hotel,0,79,2017,May,19,11,1,3,2,0.0,0,BB,COL,Offline TA/TO,TA/TO,0,0,0,A,A,0,No Deposit,52.0,0,Transient,111.6,0,1
City Hotel,0,78,2017,May,19,9,1,5,2,0.0,0,HB,ARG,Direct,Direct,0,0,0,A,A,0,No Deposit,,0,Transient-Party,132.0,0,1
City Hotel,0,174,2017,May,19,13,1,1,2,0.0,0,BB,GBR,Online TA,TA/TO,0,0,0,D,D,0,No Deposit,79.0,0,Transient,118.8,0,0
City Hotel,0,174,2017,May,19,13,1,1,2,0.0,0,BB,GBR,Online TA,TA/TO,0,0,0,D,D,0,No Deposit,79.0,0,Transient,118.8,0,0
City Hotel,0,305,2017,May,20,15,1,0,2,0.0,0,SC,AUS,Online TA,TA/TO,0,0,0,A,A,0,No Deposit,9.0,0,Transient,99.0,0,3
City Hotel,0,85,2017,May,19,13,2,1,2,0.0,0,BB,ROU,Online TA,TA/TO,0,0,0,D,D,0,No Deposit,9.0,0,Transient,147.0,0,0
City Hotel,0,90,2017,May,20,14,2,0,2,0.0,0,BB,USA,Direct,Direct,0,0,0,A,F,0,No Deposit,14.0,0,Transient,117.0,0,0
City Hotel,0,23,2017,May,19,13,2,1,2,0.0,0,BB,USA,Direct,Direct,0,0,0,A,A,0,No Deposit,14.0,0,Transient,138.0,0,0
City Hotel,0,94,2017,May,19,13,2,1,2,0.0,0,BB,IRL,Online TA,TA/TO,0,0,0,D,D,0,No Deposit,9.0,0,Transient,147.0,0,2
City Hotel,0,94,2017,May,19,13,2,1,2,0.0,0,BB,IRL,Online TA,TA/TO,0,0,0,A,A,0,No Deposit,9.0,0,Transient,138.0,0,2
City Hotel,0,90,2017,May,20,14,2,0,2,0.0,0,BB,USA,Direct,Direct,0,0,0,A,F,0,No Deposit,14.0,0,Transient,117.0,0,0
City Hotel,0,94,2017,May,20,14,2,0,2,0.0,0,SC,AUS,Online TA,TA/TO,0,0,0,A,E,0,No Deposit,9.0,0,Transient,117.0,0,0
City Hotel,0,94,2017,May,19,13,2,1,2,0.0,0,BB,ITA,Online TA,TA/TO,0,0,0,D,D,0,No Deposit,7.0,0,Transient,107.53,0,1
City Hotel,0,94,2017,May,19,13,2,1,2,0.0,0,BB,ITA,Online TA,TA/TO,0,0,0,D,D,0,No Deposit,7.0,0,Transient,107.53,0,1
City Hotel,0,137,2017,May,19,9,2,5,2,0.0,0,SC,NLD,Online TA,TA/TO,0,0,0,A,A,0,No Deposit,9.0,0,Transient,123.43,0,0
City Hotel,0,19,2017,May,20,14,2,0,2,0.0,0,BB,IRL,Direct,Direct,0,0,0,D,D,0,No Deposit,14.0,0,Transient,148.5,0,0
City Hotel,0,0,2017,May,19,12,2,2,2,0.0,0,SC,BRA,Online TA,TA/TO,0,0,0,A,A,0,No Deposit,9.0,0,Transient,150.0,0,1
City Hotel,0,14,2017,May,19,12,2,2,2,0.0,0,SC,CN,Online TA,TA/TO,0,0,0,A,A,0,No Deposit,9.0,0,Transient,160.0,0,1
City Hotel,0,7,2017,May,20,14,2,0,2,0.0,0,SC,FRA,Online TA,TA/TO,0,0,0,A,D,0,No Deposit,9.0,0,Transient,140.0,0,1
City Hotel,0,95,2017,May,20,14,2,0,2,0.0,0,BB,GBR,Online TA,TA/TO,0,0,0,A,F,0,No Deposit,7.0,0,Transient,103.95,0,1
City Hotel,0,19,2017,May,19,13,2,1,2,0.0,0,BB,CZE,Online TA,TA/TO,0,0,0,A,A,0,No Deposit,9.0,0,Transient,173.33,0,2
City Hotel,0,70,2017,May,19,13,2,1,2,0.0,0,BB,FRA,Online TA,TA/TO,0,0,0,E,E,0,No Deposit,9.0,0,Transient,186.0,0,2
City Hotel,0,64,2017,May,19,9,2,5,2,0.0,0,SC,BRA,Online TA,TA/TO,0,0,0,A,A,0,No Deposit,9.0,0,Transient,133.71,0,1
City Hotel,0,102,2017,May,20,16,0,4,2,0.0,0,BB,SWE,Online TA,TA/TO,0,0,0,A,A,1,No Deposit,9.0,0,Transient,12.0,0,1
City Hotel,0,107,2017,May,19,13,2,1,2,0.0,0,BB,GBR,Online TA,TA/TO,0,0,0,D,D,0,No Deposit,83.0,0,Transient,117.6,0,0
City Hotel,0,10,2017,May,19,11,2,3,2,0.0,0,SC,COL,Online TA,TA/TO,0,0,0,A,A,0,No Deposit,9.0,0,Transient,150.0,0,1
City Hotel,0,118,2017,May,19,9,2,5,2,0.0,0,BB,DEU,Offline TA/TO,TA/TO,0,0,0,A,A,0,No Deposit,85.0,0,Transient,91.67,0,0
City Hotel,0,114,2017,May,20,14,2,1,2,0.0,0,BB,ITA,Offline TA/TO,TA/TO,0,0,0,A,D,0,No Deposit,28.0,0,Transient,85.0,0,0
City Hotel,0,196,2017,May,19,13,2,2,2,0.0,0,BB,BRA,Online TA,TA/TO,0,0,0,A,A,0,No Deposit,7.0,0,Transient,94.8,0,1
City Hotel,0,67,2017,May,19,13,2,2,2,0.0,0,BB,IRL,Groups,Corporate,0,0,0,A,A,1,No Deposit,,0,Transient-Party,120.0,0,0
City Hotel,0,96,2017,May,20,14,2,1,2,0.0,0,BB,BRA,Online TA,TA/TO,0,0,0,A,A,0,No Deposit,83.0,0,Transient,110.4,0,1
City Hotel,0,11,2017,May,20,14,2,1,2,0.0,0,BB,BEL,Online TA,TA/TO,0,0,0,D,D,0,No Deposit,7.0,0,Transient,114.0,0,1
City Hotel,0,8,2017,May,20,14,2,1,2,0.0,0,BB,BRA,Online TA,TA/TO,0,0,0,A,A,0,No Deposit,7.0,0,Transient,121.6,0,1
City Hotel,0,81,2017,May,19,13,2,2,2,0.0,0,SC,ARG,Online TA,TA/TO,0,0,0,A,A,0,No Deposit,9.0,0,Transient,121.5,0,0
City Hotel,0,8,2017,May,20,14,2,1,2,0.0,0,BB,BRA,Online TA,TA/TO,0,0,0,A,D,0,No Deposit,7.0,0,Transient,121.6,0,1
City Hotel,0,5,2017,May,19,13,2,2,2,0.0,0,SC,DEU,Online TA,TA/TO,0,0,0,A,A,0,No Deposit,9.0,0,Transient,145.0,0,1
City Hotel,0,168,2017,May,20,14,2,1,2,0.0,0,SC,GBR,Online TA,TA/TO,0,0,0,A,A,0,No Deposit,9.0,0,Transient,108.0,0,0
City Hotel,0,96,2017,May,20,14,2,1,2,0.0,0,BB,FRA,Online TA,TA/TO,0,0,0,A,A,0,No Deposit,9.0,0,Transient,138.0,0,0
City Hotel,0,96,2017,May,20,14,2,1,2,0.0,0,BB,FRA,Online TA,TA/TO,0,0,0,A,A,0,No Deposit,9.0,0,Transient,138.0,0,0
City Hotel,0,96,2017,May,20,14,2,1,2,0.0,0,BB,FRA,Online TA,TA/TO,0,0,0,A,A,0,No Deposit,9.0,0,Transient,138.0,0,0
City Hotel,0,96,2017,May,20,14,2,1,2,0.0,0,BB,FRA,Online TA,TA/TO,0,0,0,A,A,0,No Deposit,9.0,0,Transient,138.0,0,0
City Hotel,0,81,2017,May,20,14,2,1,2,0.0,0,SC,DEU,Online TA,TA/TO,0,0,0,A,C,0,No Deposit,9.0,0,Transient,120.0,0,1
City Hotel,0,23,2017,May,20,15,1,1,2,0.0,0,SC,FRA,Online TA,TA/TO,0,0,0,A,A,0,No Deposit,7.0,0,Transient,96.0,0,1
City Hotel,0,21,2017,May,19,13,2,2,2,0.0,0,BB,FRA,Online TA,TA/TO,0,0,0,D,D,0,No Deposit,9.0,0,Transient,175.0,0,2
City Hotel,0,14,2017,May,20,15,1,1,2,0.0,0,BB,FRA,Online TA,TA/TO,0,0,0,D,D,0,No Deposit,7.0,0,Transient,120.0,0,1
City Hotel,0,221,2017,May,20,15,1,1,2,0.0,0,BB,MEX,Offline TA/TO,TA/TO,0,0,0,A,A,0,No Deposit,138.0,0,Transient,99.0,0,0
City Hotel,0,13,2017,May,20,14,2,1,2,0.0,0,BB,FRA,Online TA,TA/TO,0,0,0,D,D,0,No Deposit,9.0,0,Transient,150.0,0,3
City Hotel,0,21,2017,May,20,14,2,1,2,0.0,0,BB,BEL,Online TA,TA/TO,0,0,0,D,D,0,No Deposit,9.0,0,Transient,163.33,0,1
City Hotel,0,18,2017,May,19,13,2,2,2,0.0,0,BB,NOR,Online TA,TA/TO,0,0,0,D,D,0,No Deposit,7.0,0,Transient,133.0,0,0
City Hotel,0,26,2017,May,19,13,2,2,2,0.0,0,SC,FRA,Online TA,TA/TO,0,0,0,A,A,0,No Deposit,9.0,0,Transient,145.0,0,1
City Hotel,0,69,2017,May,20,14,2,1,2,0.0,0,BB,GBR,Online TA,TA/TO,0,0,0,A,A,0,No Deposit,9.0,0,Transient,144.0,0,2
City Hotel,0,8,2017,May,19,13,2,2,2,0.0,0,BB,ITA,Online TA,TA/TO,0,0,0,F,F,0,No Deposit,7.0,0,Transient,204.0,0,0
City Hotel,0,109,2017,May,19,13,2,2,2,0.0,0,BB,DEU,Online TA,TA/TO,0,0,0,D,D,0,No Deposit,9.0,0,Transient,148.5,0,0
City Hotel,0,98,2017,May,20,15,1,1,2,0.0,0,HB,AUS,Online TA,TA/TO,0,0,0,D,D,0,No Deposit,7.0,0,Transient,144.14,0,2
City Hotel,0,71,2017,May,19,13,2,2,2,0.0,0,SC,BEL,Online TA,TA/TO,0,0,0,A,A,0,No Deposit,9.0,0,Transient,130.5,0,2
City Hotel,0,14,2017,May,20,14,2,1,2,0.0,0,BB,FRA,Online TA,TA/TO,0,0,0,D,D,1,No Deposit,9.0,0,Transient,150.0,0,0
City Hotel,0,216,2017,May,19,11,2,4,2,0.0,0,BB,CHE,Online TA,TA/TO,0,0,0,D,D,1,No Deposit,9.0,0,Transient,147.6,0,0
City Hotel,0,0,2017,May,20,16,0,1,2,0.0,0,SC,GBR,Online TA,TA/TO,0,0,0,A,A,0,No Deposit,9.0,0,Transient,144.0,0,0
City Hotel,0,111,2017,May,20,14,2,1,2,0.0,0,BB,AUT,Online TA,TA/TO,0,0,0,D,D,0,No Deposit,83.0,0,Transient,117.6,0,0
City Hotel,0,92,2017,May,20,14,2,1,2,0.0,0,SC,CN,Online TA,TA/TO,0,0,0,A,D,0,No Deposit,9.0,0,Transient,120.0,0,2
City Hotel,0,50,2017,May,20,14,2,1,2,0.0,0,BB,IRL,Direct,Direct,0,0,0,A,B,0,No Deposit,14.0,0,Transient,144.0,0,0
City Hotel,0,192,2017,May,20,15,1,2,2,0.0,0,BB,IRL,Offline TA/TO,TA/TO,0,0,0,A,A,0,No Deposit,138.0,0,Transient,89.1,0,1
City Hotel,0,201,2017,May,20,14,2,2,2,0.0,0,BB,GBR,Online TA,TA/TO,0,0,0,A,A,0,No Deposit,9.0,0,Transient,125.1,0,5
City Hotel,0,201,2017,May,20,14,2,2,2,0.0,0,BB,GBR,Online TA,TA/TO,0,0,0,A,A,0,No Deposit,9.0,0,Transient,125.1,0,5
City Hotel,0,28,2017,May,20,15,1,2,2,0.0,0,BB,GBR,Online TA,TA/TO,0,0,0,A,A,0,No Deposit,9.0,0,Transient,153.33,0,3
City Hotel,0,25,2017,May,20,14,2,2,2,0.0,0,BB,FRA,Online TA,TA/TO,0,0,0,D,D,0,No Deposit,9.0,0,Transient,170.0,0,1
City Hotel,0,309,2017,May,19,13,2,3,2,0.0,0,BB,MOZ,Offline TA/TO,TA/TO,0,0,0,A,A,2,No Deposit,467.0,0,Transient-Party,89.1,0,0
City Hotel,0,25,2017,May,20,15,1,2,2,0.0,0,SC,FRA,Online TA,TA/TO,0,0,0,A,A,0,No Deposit,7.0,0,Transient,101.33,0,1
City Hotel,0,309,2017,May,19,13,2,3,2,0.0,0,BB,MOZ,Offline TA/TO,TA/TO,0,0,0,A,A,1,No Deposit,467.0,0,Transient-Party,89.1,0,0
City Hotel,0,23,2017,May,20,16,0,2,2,0.0,0,BB,FRA,Online TA,TA/TO,0,0,0,D,D,0,No Deposit,7.0,0,Transient,129.2,0,1
City Hotel,0,176,2017,May,20,15,1,2,2,0.0,0,BB,BEL,Direct,Direct,0,0,0,A,A,0,No Deposit,14.0,0,Transient,107.1,0,0
City Hotel,0,176,2017,May,20,15,1,2,2,0.0,0,BB,BEL,Direct,Direct,0,0,0,A,A,0,No Deposit,14.0,0,Transient,107.1,0,0
City Hotel,0,100,2017,May,20,14,2,2,2,0.0,0,BB,BEL,Online TA,TA/TO,0,0,0,A,D,0,No Deposit,9.0,0,Transient,139.5,0,2
City Hotel,0,9,2017,May,20,14,2,2,2,0.0,0,BB,PRT,Online TA,TA/TO,0,0,0,D,D,0,No Deposit,9.0,0,Transient,179.0,0,2
City Hotel,0,97,2017,May,20,14,2,2,2,0.0,0,BB,DEU,Online TA,TA/TO,0,0,0,A,A,0,No Deposit,9.0,0,Transient,139.5,0,0
City Hotel,0,14,2017,May,20,14,2,2,2,0.0,0,HB,GBR,Online TA,TA/TO,0,0,0,D,D,0,No Deposit,7.0,0,Transient,150.48,0,2
City Hotel,0,82,2017,May,19,10,2,6,2,0.0,0,BB,ITA,Online TA,TA/TO,0,0,0,D,D,0,No Deposit,9.0,0,Transient,146.25,0,1
City Hotel,0,13,2017,May,20,15,1,2,2,0.0,0,BB,CHE,Online TA,TA/TO,0,0,0,D,D,0,No Deposit,7.0,0,Transient,124.13,0,1
City Hotel,0,47,2017,May,20,15,1,2,2,0.0,0,HB,ITA,Offline TA/TO,TA/TO,0,0,0,A,A,0,No Deposit,455.0,0,Transient-Party,164.0,0,2
City Hotel,0,58,2017,May,20,15,1,2,2,0.0,0,BB,DEU,Online TA,TA/TO,0,0,0,A,A,0,No Deposit,7.0,0,Transient,129.6,0,1
City Hotel,0,47,2017,May,20,15,1,2,2,0.0,0,HB,PRT,Offline TA/TO,TA/TO,0,0,0,A,A,0,No Deposit,455.0,0,Transient-Party,164.0,0,2
City Hotel,0,47,2017,May,20,15,1,2,2,0.0,0,HB,PRT,Offline TA/TO,TA/TO,0,0,0,A,A,0,No Deposit,455.0,0,Transient-Party,164.0,0,0
City Hotel,0,47,2017,May,20,15,1,2,2,0.0,0,HB,PRT,Offline TA/TO,TA/TO,0,0,0,A,A,0,No Deposit,455.0,0,Transient-Party,164.0,0,1
City Hotel,0,47,2017,May,20,15,1,2,2,0.0,0,HB,ITA,Offline TA/TO,TA/TO,0,0,0,A,A,0,No Deposit,455.0,0,Transient-Party,164.0,0,1
City Hotel,0,47,2017,May,20,15,1,2,2,0.0,0,HB,ITA,Offline TA/TO,TA/TO,0,0,0,A,A,0,No Deposit,455.0,0,Transient-Party,164.0,0,1
City Hotel,0,99,2017,May,19,13,2,3,2,0.0,0,BB,USA,Online TA,TA/TO,0,0,0,A,A,0,No Deposit,9.0,0,Transient,140.4,0,1
City Hotel,0,47,2017,May,20,15,1,2,2,0.0,0,HB,ITA,Offline TA/TO,TA/TO,0,0,0,A,A,2,No Deposit,455.0,0,Transient-Party,164.0,0,0
City Hotel,0,47,2017,May,20,15,1,2,2,0.0,0,HB,ITA,Offline TA/TO,TA/TO,0,0,0,A,A,0,No Deposit,455.0,0,Transient-Party,164.0,0,1
City Hotel,0,47,2017,May,20,15,1,2,2,0.0,0,HB,ITA,Offline TA/TO,TA/TO,0,0,0,A,A,0,No Deposit,455.0,0,Transient-Party,164.0,0,1
City Hotel,0,47,2017,May,20,15,1,2,2,0.0,0,HB,PRT,Offline TA/TO,TA/TO,0,0,0,A,A,0,No Deposit,455.0,0,Transient-Party,164.0,0,2
City Hotel,0,98,2017,May,20,14,2,2,2,0.0,0,BB,AUT,Online TA,TA/TO,0,0,0,A,A,0,No Deposit,9.0,0,Transient,139.5,0,4
City Hotel,0,13,2017,May,20,15,1,2,2,0.0,0,BB,CHE,Corporate,Corporate,0,0,0,E,E,0,No Deposit,,0,Transient,125.0,0,0
City Hotel,0,67,2017,May,20,14,2,2,2,0.0,0,SC,FRA,Online TA,TA/TO,0,0,0,A,A,0,No Deposit,9.0,0,Transient,144.0,0,1
City Hotel,0,20,2017,May,20,15,1,2,2,0.0,0,BB,FRA,Online TA,TA/TO,0,0,0,D,D,0,No Deposit,9.0,0,Transient,163.33,0,2
City Hotel,0,9,2017,May,20,17,0,1,2,0.0,0,BB,PRT,Online TA,TA/TO,0,0,0,A,A,1,No Deposit,9.0,0,Transient,117.9,0,1
City Hotel,0,309,2017,May,19,13,2,3,2,0.0,0,BB,MOZ,Offline TA/TO,TA/TO,0,0,0,A,A,0,No Deposit,467.0,0,Transient-Party,89.1,0,0
City Hotel,0,345,2017,May,19,13,2,3,2,0.0,0,BB,MOZ,Offline TA/TO,TA/TO,0,0,0,A,A,1,No Deposit,467.0,36,Transient-Party,89.1,0,0
City Hotel,0,59,2017,May,20,15,1,3,2,0.0,0,BB,AUT,Online TA,TA/TO,0,0,0,A,A,1,No Deposit,9.0,0,Transient,162.0,0,3
City Hotel,0,59,2017,May,20,15,1,3,2,0.0,0,BB,AUT,Online TA,TA/TO,0,0,0,A,A,0,No Deposit,9.0,0,Transient,162.0,0,0
City Hotel,0,69,2017,May,19,10,2,7,2,0.0,0,BB,USA,Online TA,TA/TO,0,0,0,E,E,2,No Deposit,9.0,0,Transient,186.0,0,3
City Hotel,0,100,2017,May,20,18,0,1,2,0.0,0,SC,GBR,Online TA,TA/TO,0,0,0,A,A,0,No Deposit,9.0,0,Transient,99.0,0,1
City Hotel,0,77,2017,May,20,14,2,3,2,0.0,0,BB,CHE,Direct,Direct,0,0,0,A,A,0,No Deposit,14.0,0,Transient,117.0,0,1
City Hotel,0,78,2017,May,20,14,2,3,2,0.0,0,BB,FRA,Direct,Direct,0,0,0,A,A,0,No Deposit,14.0,0,Transient,117.0,0,1
City Hotel,0,55,2017,May,20,16,0,3,2,0.0,0,BB,PRT,Direct,Direct,0,0,0,A,A,0,No Deposit,14.0,0,Transient,144.0,0,1
City Hotel,0,167,2017,May,20,18,0,1,2,0.0,0,BB,USA,Online TA,TA/TO,0,0,0,A,A,1,No Deposit,9.0,0,Transient,118.8,0,2
City Hotel,0,92,2017,May,20,17,0,2,2,0.0,0,HB,ESP,Online TA,TA/TO,0,0,0,A,A,0,No Deposit,9.0,0,Transient,164.7,0,0
City Hotel,0,1,2017,May,20,18,0,1,2,0.0,0,BB,FRA,Offline TA/TO,TA/TO,0,0,0,D,D,0,No Deposit,27.0,0,Transient,109.0,0,0
City Hotel,0,31,2017,May,20,16,0,3,2,0.0,0,BB,CHE,Direct,Direct,0,0,0,D,D,0,No Deposit,14.0,0,Transient,194.0,0,0
City Hotel,0,101,2017,May,20,17,0,2,2,0.0,0,BB,BEL,Online TA,TA/TO,0,0,0,A,A,0,No Deposit,9.0,0,Transient,130.5,0,0
City Hotel,0,47,2017,May,20,17,0,2,2,0.0,0,BB,PRT,Corporate,Corporate,0,0,0,A,A,0,No Deposit,,0,Transient,95.0,0,2
City Hotel,0,19,2017,May,19,12,2,5,2,0.0,0,BB,DEU,Online TA,TA/TO,0,0,0,D,D,0,No Deposit,9.0,0,Transient,184.29,0,1
City Hotel,0,70,2017,May,20,14,2,3,2,0.0,0,BB,FRA,Online TA,TA/TO,0,0,0,A,A,0,No Deposit,9.0,0,Transient,144.0,0,1
City Hotel,0,91,2017,May,20,18,0,1,2,0.0,0,BB,CN,Offline TA/TO,TA/TO,0,0,0,A,C,0,No Deposit,262.0,0,Transient,89.1,0,0
City Hotel,0,91,2017,May,20,18,0,1,2,0.0,0,BB,CN,Offline TA/TO,TA/TO,0,0,0,A,A,0,No Deposit,262.0,0,Transient,89.1,0,0
City Hotel,0,150,2017,May,20,14,2,3,2,0.0,0,BB,BEL,Offline TA/TO,TA/TO,0,0,0,A,A,0,No Deposit,85.0,0,Transient,89.1,0,0
City Hotel,0,91,2017,May,20,18,0,1,2,0.0,0,BB,CN,Offline TA/TO,TA/TO,0,0,0,A,A,0,No Deposit,262.0,0,Transient,98.1,0,0
City Hotel,0,65,2017,May,20,15,1,3,2,0.0,0,BB,FIN,Online TA,TA/TO,0,0,0,A,A,0,No Deposit,9.0,0,Transient,162.0,0,0
City Hotel,0,177,2017,May,20,16,0,3,2,0.0,0,BB,AUT,Online TA,TA/TO,0,0,0,A,A,0,No Deposit,9.0,0,Transient,125.1,0,2
City Hotel,0,19,2017,May,20,15,1,3,2,0.0,0,BB,GBR,Online TA,TA/TO,0,0,0,D,D,0,No Deposit,9.0,0,Transient,170.0,0,0
City Hotel,0,38,2017,May,20,14,2,3,2,0.0,0,BB,DEU,Online TA,TA/TO,0,0,0,A,A,0,No Deposit,9.0,0,Transient,180.0,0,1
City Hotel,0,88,2017,May,20,15,1,3,2,0.0,0,BB,DEU,Online TA,TA/TO,0,0,0,A,A,0,No Deposit,9.0,0,Transient,137.25,0,2
City Hotel,0,30,2017,May,20,17,0,2,2,0.0,0,BB,FRA,Direct,Direct,0,0,0,D,D,0,No Deposit,14.0,0,Transient,185.0,0,3
City Hotel,0,15,2017,May,20,17,0,2,2,0.0,0,BB,GBR,Online TA,TA/TO,0,0,0,D,D,0,No Deposit,9.0,0,Transient,190.0,0,1
City Hotel,0,99,2017,May,20,14,2,3,2,0.0,0,BB,FRA,Online TA,TA/TO,0,0,0,A,A,0,No Deposit,9.0,0,Transient,135.0,0,3
City Hotel,0,23,2017,May,20,16,0,3,2,0.0,0,BB,CHE,Online TA,TA/TO,0,0,0,D,D,0,No Deposit,9.0,0,Transient,176.67,0,1
City Hotel,0,23,2017,May,20,16,0,3,2,0.0,0,BB,CHE,Online TA,TA/TO,0,0,0,D,D,0,No Deposit,9.0,0,Transient,176.67,0,1
City Hotel,0,64,2017,May,20,16,0,3,2,0.0,0,SC,IRL,Online TA,TA/TO,0,0,0,A,A,1,No Deposit,8.0,0,Transient,135.0,0,0
City Hotel,0,20,2017,May,20,17,0,2,2,0.0,0,BB,GBR,Online TA,TA/TO,0,0,0,D,D,0,No Deposit,7.0,0,Transient,144.4,0,1
City Hotel,0,75,2017,May,20,16,0,3,2,0.0,0,SC,IRL,Online TA,TA/TO,0,0,0,A,B,0,No Deposit,9.0,0,Transient,126.0,0,0
City Hotel,0,116,2017,May,20,15,1,3,2,0.0,0,BB,NCL,Online TA,TA/TO,0,0,0,E,E,0,No Deposit,9.0,0,Transient,175.5,0,2
City Hotel,0,9,2017,May,20,18,0,1,2,0.0,0,BB,USA,Online TA,TA/TO,0,0,0,D,D,0,No Deposit,7.0,0,Transient,136.0,0,1
City Hotel,0,82,2017,May,20,16,0,3,2,0.0,0,BB,FRA,Online TA,TA/TO,0,0,0,A,A,0,No Deposit,9.0,0,Transient,135.0,0,0
City Hotel,0,12,2017,May,19,7,4,8,2,0.0,0,BB,GRC,Online TA,TA/TO,0,0,0,D,D,0,No Deposit,7.0,0,Transient,146.0,0,1
City Hotel,0,75,2017,May,20,16,0,3,2,0.0,0,SC,IRL,Online TA,TA/TO,0,0,0,A,A,0,No Deposit,9.0,0,Transient,126.0,0,0
City Hotel,0,28,2017,May,20,16,0,3,2,0.0,0,BB,IRL,Online TA,TA/TO,0,0,0,D,D,0,No Deposit,7.0,0,Transient,141.33,0,3
City Hotel,0,28,2017,May,20,16,0,3,2,0.0,0,BB,IRL,Online TA,TA/TO,0,0,0,D,D,0,No Deposit,7.0,0,Transient,141.33,0,2
City Hotel,0,128,2017,May,20,19,0,1,2,0.0,0,BB,ITA,Online TA,TA/TO,0,0,0,A,A,0,No Deposit,9.0,0,Transient,126.0,0,1
City Hotel,0,128,2017,May,20,19,0,1,2,0.0,0,BB,ITA,Online TA,TA/TO,0,0,0,A,A,0,No Deposit,9.0,0,Transient,126.0,0,1
City Hotel,0,395,2017,May,20,17,0,3,2,0.0,0,BB,PRT,Offline TA/TO,TA/TO,0,0,0,A,A,0,No Deposit,229.0,0,Transient-Party,112.67,0,2
City Hotel,0,394,2017,May,20,16,0,4,2,0.0,0,BB,AUS,Offline TA/TO,TA/TO,0,0,0,A,A,4,No Deposit,229.0,0,Transient-Party,107.0,0,1
City Hotel,0,89,2017,May,20,17,0,3,2,0.0,0,BB,ITA,Online TA,TA/TO,0,0,0,A,A,0,No Deposit,9.0,0,Transient,135.0,0,0
City Hotel,0,395,2017,May,20,17,0,3,2,0.0,0,BB,PRT,Offline TA/TO,TA/TO,0,0,0,A,A,0,No Deposit,229.0,0,Transient-Party,112.67,0,0
City Hotel,0,395,2017,May,20,17,0,3,2,0.0,0,BB,GBR,Offline TA/TO,TA/TO,0,0,0,A,A,0,No Deposit,229.0,0,Transient-Party,112.67,0,1
City Hotel,0,395,2017,May,20,17,0,3,2,0.0,0,BB,GBR,Offline TA/TO,TA/TO,0,0,0,A,A,0,No Deposit,229.0,0,Transient-Party,112.67,0,0
City Hotel,0,395,2017,May,20,17,0,3,2,0.0,0,BB,AUS,Offline TA/TO,TA/TO,0,0,0,A,A,0,No Deposit,229.0,0,Transient-Party,112.67,0,1
City Hotel,0,74,2017,May,20,15,1,4,2,0.0,0,BB,AUS,Offline TA/TO,TA/TO,0,0,0,A,A,0,No Deposit,229.0,0,Transient-Party,103.6,0,0
City Hotel,0,57,2017,May,20,17,0,3,2,0.0,0,BB,PRT,Online TA,TA/TO,0,0,0,D,D,0,No Deposit,7.0,0,Transient,136.8,0,1
City Hotel,0,395,2017,May,20,17,0,3,2,0.0,0,BB,GBR,Offline TA/TO,TA/TO,0,0,0,A,A,0,No Deposit,229.0,0,Transient-Party,112.67,0,1
City Hotel,0,395,2017,May,20,17,0,3,2,0.0,0,BB,GBR,Offline TA/TO,TA/TO,0,0,0,A,A,0,No Deposit,229.0,0,Transient-Party,112.67,0,0
City Hotel,0,395,2017,May,20,17,0,3,2,0.0,0,BB,CN,Offline TA/TO,TA/TO,0,0,0,A,A,0,No Deposit,229.0,0,Transient-Party,112.67,0,1
City Hotel,0,395,2017,May,20,17,0,3,2,0.0,0,BB,GBR,Offline TA/TO,TA/TO,0,0,0,A,A,0,No Deposit,229.0,0,Transient-Party,112.67,0,2
City Hotel,0,395,2017,May,20,17,0,3,2,0.0,0,BB,GBR,Offline TA/TO,TA/TO,0,0,0,A,A,0,No Deposit,229.0,0,Transient-Party,112.67,0,1
City Hotel,0,395,2017,May,20,17,0,3,2,0.0,0,BB,GBR,Offline TA/TO,TA/TO,0,0,0,A,A,0,No Deposit,229.0,0,Transient-Party,112.67,0,0
City Hotel,0,395,2017,May,20,17,0,3,2,0.0,0,BB,AUS,Offline TA/TO,TA/TO,0,0,0,A,A,0,No Deposit,229.0,0,Transient-Party,112.67,0,2
City Hotel,0,395,2017,May,20,17,0,3,2,0.0,0,BB,AUS,Offline TA/TO,TA/TO,0,0,0,A,A,0,No Deposit,229.0,0,Transient-Party,112.67,0,2
City Hotel,0,395,2017,May,20,17,0,3,2,0.0,0,BB,AUS,Offline TA/TO,TA/TO,0,0,0,A,A,0,No Deposit,229.0,0,Transient-Party,112.67,0,2
City Hotel,0,92,2017,May,20,17,0,3,2,0.0,0,BB,FRA,Online TA,TA/TO,0,0,0,A,B,0,No Deposit,9.0,0,Transient,144.0,1,1
City Hotel,0,25,2017,May,20,19,0,1,2,0.0,0,BB,POL,Online TA,TA/TO,0,0,0,A,A,0,No Deposit,9.0,0,Transient,180.0,0,2
City Hotel,0,395,2017,May,20,17,0,3,2,0.0,0,BB,GBR,Offline TA/TO,TA/TO,0,0,0,A,A,0,No Deposit,229.0,0,Transient-Party,112.67,0,1
City Hotel,0,394,2017,May,20,16,0,4,2,0.0,0,BB,AUS,Offline TA/TO,TA/TO,0,0,0,A,A,1,No Deposit,229.0,0,Transient-Party,107.0,0,0
City Hotel,0,67,2017,May,20,14,2,4,2,0.0,0,SC,IRL,Online TA,TA/TO,0,0,0,A,A,0,No Deposit,9.0,0,Transient-Party,144.0,0,3
City Hotel,0,91,2017,May,20,18,0,2,2,0.0,0,SC,USA,Online TA,TA/TO,0,0,0,A,A,0,No Deposit,7.0,0,Transient,86.63,0,0
City Hotel,0,101,2017,May,19,13,2,5,2,0.0,0,BB,NOR,Online TA,TA/TO,0,0,0,A,A,0,No Deposit,9.0,0,Transient,137.57,0,0
City Hotel,0,119,2017,May,20,15,1,4,2,0.0,0,BB,NOR,Online TA,TA/TO,0,0,0,D,D,0,No Deposit,9.0,0,Transient,147.6,0,0
City Hotel,0,99,2017,May,20,17,0,3,2,0.0,0,BB,ISR,Offline TA/TO,TA/TO,0,0,0,A,A,0,No Deposit,85.0,0,Transient,89.1,0,0
City Hotel,0,395,2017,May,20,17,0,3,2,0.0,0,BB,GBR,Offline TA/TO,TA/TO,0,0,0,A,A,0,No Deposit,229.0,0,Transient-Party,112.67,0,1
City Hotel,0,102,2017,May,20,18,0,2,2,0.0,0,SC,FRA,Online TA,TA/TO,0,0,0,A,A,0,No Deposit,9.0,0,Transient,112.5,0,0
City Hotel,0,82,2017,May,19,13,2,5,2,0.0,0,BB,FRA,Online TA,TA/TO,0,0,0,F,F,1,No Deposit,9.0,0,Transient,242.86,0,0
City Hotel,0,126,2017,May,20,18,0,2,2,0.0,0,BB,GBR,Offline TA/TO,TA/TO,0,0,0,A,D,0,No Deposit,28.0,0,Transient,89.1,0,0
City Hotel,0,0,2017,May,20,18,0,2,2,0.0,0,SC,STP,Direct,Direct,0,0,0,A,A,2,No Deposit,,0,Transient,110.0,0,0
City Hotel,0,103,2017,May,20,19,0,1,2,0.0,0,BB,USA,Online TA,TA/TO,0,0,0,A,A,0,No Deposit,9.0,0,Transient,144.0,0,2
City Hotel,0,102,2017,May,20,18,0,2,2,0.0,0,SC,FRA,Online TA,TA/TO,0,0,0,A,A,0,No Deposit,9.0,0,Transient,112.5,0,0
City Hotel,0,22,2017,May,20,19,0,1,2,0.0,0,BB,PRT,Complementary,Direct,0,0,0,A,A,0,No Deposit,,0,Transient,0.0,0,1
City Hotel,0,22,2017,May,20,19,0,1,2,0.0,0,BB,PRT,Complementary,Direct,0,0,0,A,A,0,No Deposit,,0,Transient,0.0,0,1
City Hotel,0,172,2017,May,20,16,0,4,2,0.0,0,BB,BEL,Offline TA/TO,TA/TO,0,0,0,A,A,0,No Deposit,28.0,0,Transient,89.1,0,1
City Hotel,0,95,2017,May,19,13,2,5,2,0.0,0,BB,FRA,Online TA,TA/TO,0,0,0,A,A,0,No Deposit,9.0,0,Transient,137.57,0,1
City Hotel,0,22,2017,May,20,19,0,1,2,0.0,0,BB,PRT,Complementary,Direct,0,0,0,A,A,0,No Deposit,,0,Transient,0.0,0,1
City Hotel,0,105,2017,May,20,17,0,3,2,0.0,0,BB,DEU,Online TA,TA/TO,0,0,0,A,A,0,No Deposit,9.0,0,Transient,138.0,1,0
City Hotel,0,63,2017,May,20,17,0,3,2,0.0,0,BB,AUS,Online TA,TA/TO,0,0,0,D,D,0,No Deposit,9.0,0,Transient,180.0,0,1
City Hotel,0,84,2017,May,20,16,0,4,2,0.0,0,BB,ROU,Direct,Direct,0,0,0,A,A,0,No Deposit,14.0,0,Transient,119.25,0,2
City Hotel,0,83,2017,May,19,13,2,5,2,0.0,0,BB,DEU,Online TA,TA/TO,0,0,0,D,D,0,No Deposit,9.0,0,Transient,146.57,0,0
City Hotel,0,395,2017,May,20,17,0,3,2,0.0,0,BB,GBR,Offline TA/TO,TA/TO,0,0,0,A,A,0,No Deposit,229.0,0,Transient-Party,112.67,0,0
City Hotel,0,395,2017,May,20,17,0,3,2,0.0,0,BB,DEU,Offline TA/TO,TA/TO,0,0,0,A,A,0,No Deposit,229.0,0,Transient-Party,112.67,0,1
City Hotel,0,167,2017,May,20,17,0,3,2,0.0,0,HB,FRA,Online TA,TA/TO,0,0,0,A,A,0,No Deposit,9.0,0,Transient,177.0,1,0
City Hotel,0,9,2017,May,20,15,1,4,2,0.0,0,BB,NOR,Online TA,TA/TO,0,0,0,D,D,0,No Deposit,7.0,0,Transient,129.2,0,2
City Hotel,0,84,2017,May,20,16,0,4,2,0.0,0,BB,ROU,Direct,Direct,0,0,0,A,A,0,No Deposit,14.0,0,Transient,119.25,0,2
City Hotel,0,84,2017,May,20,16,0,4,2,0.0,0,BB,ROU,Direct,Direct,0,0,0,A,A,0,No Deposit,14.0,0,Transient,119.25,0,2
City Hotel,0,84,2017,May,20,14,2,4,2,0.0,0,SC,FRA,Online TA,TA/TO,0,0,0,A,A,0,No Deposit,9.0,0,Transient,118.5,0,0
City Hotel,0,84,2017,May,20,14,2,4,2,0.0,0,SC,FRA,Online TA,TA/TO,0,0,0,A,A,0,No Deposit,9.0,0,Transient,118.5,0,0
City Hotel,0,37,2017,May,20,17,0,3,2,0.0,0,HB,FRA,Online TA,TA/TO,0,0,0,A,A,0,No Deposit,9.0,0,Transient,218.0,0,3
City Hotel,0,94,2017,May,20,18,0,2,2,0.0,0,BB,GBR,Offline TA/TO,TA/TO,0,0,0,A,A,0,No Deposit,168.0,0,Transient,89.1,0,1
City Hotel,0,89,2017,May,20,15,1,4,2,0.0,0,BB,BRA,Online TA,TA/TO,0,0,0,A,A,0,No Deposit,9.0,0,Transient,147.6,0,1
City Hotel,0,109,2017,May,20,18,0,2,2,0.0,0,SC,CHE,Online TA,TA/TO,0,0,0,A,A,0,No Deposit,9.0,0,Transient,112.5,0,0
City Hotel,0,109,2017,May,20,18,0,2,2,0.0,0,SC,CHE,Online TA,TA/TO,0,0,0,A,A,0,No Deposit,9.0,0,Transient,112.5,0,0
City Hotel,0,68,2017,May,20,18,0,2,2,0.0,0,HB,DEU,Direct,Direct,0,0,0,A,A,1,No Deposit,14.0,0,Transient,180.0,0,0
City Hotel,0,69,2017,May,20,16,0,4,2,0.0,0,SC,IRL,Online TA,TA/TO,0,0,0,A,A,0,No Deposit,9.0,0,Transient,144.0,0,1
City Hotel,0,90,2017,May,20,16,0,4,2,0.0,0,SC,BEL,Online TA,TA/TO,0,0,0,A,A,0,No Deposit,9.0,0,Transient,119.25,0,0
City Hotel,0,91,2017,May,20,18,0,2,2,0.0,0,SC,USA,Online TA,TA/TO,0,0,0,A,A,0,No Deposit,7.0,0,Transient,86.63,0,0
City Hotel,0,23,2017,May,20,19,0,1,2,0.0,0,BB,PRT,Online TA,TA/TO,0,0,0,A,D,0,No Deposit,85.0,0,Transient,99.0,0,0
City Hotel,0,9,2017,May,20,19,0,1,2,0.0,0,BB,PRT,Online TA,TA/TO,0,0,0,A,A,0,No Deposit,9.0,0,Transient,160.0,0,2
City Hotel,0,12,2017,May,20,16,0,4,2,0.0,0,BB,BRA,Online TA,TA/TO,0,0,0,D,D,0,No Deposit,9.0,0,Transient,180.0,0,2
City Hotel,0,20,2017,May,20,20,2,1,2,0.0,0,SC,GBR,Online TA,TA/TO,0,0,0,A,A,1,No Deposit,8.0,0,Transient,0.0,0,1
City Hotel,0,7,2017,May,20,18,0,3,2,0.0,0,BB,FRA,Online TA,TA/TO,0,0,0,A,A,0,No Deposit,9.0,0,Transient,160.0,0,1
City Hotel,0,90,2017,May,20,18,0,3,2,0.0,0,BB,FRA,Online TA,TA/TO,0,0,0,A,A,0,No Deposit,9.0,0,Transient,135.0,0,2
City Hotel,0,56,2017,May,20,17,0,4,2,0.0,0,BB,SWE,Online TA,TA/TO,0,0,0,A,A,0,No Deposit,9.0,0,Transient,162.0,0,1
City Hotel,0,90,2017,May,20,18,0,3,2,0.0,0,BB,FRA,Online TA,TA/TO,0,0,0,A,A,0,No Deposit,9.0,0,Transient,135.0,0,2
City Hotel,0,90,2017,May,20,18,0,3,2,0.0,0,BB,FRA,Online TA,TA/TO,0,0,0,A,A,0,No Deposit,9.0,0,Transient,135.0,0,3
City Hotel,0,12,2017,May,20,20,0,1,2,0.0,0,SC,USA,Online TA,TA/TO,0,0,0,A,A,0,No Deposit,7.0,0,Transient,112.0,0,1
City Hotel,0,105,2017,May,20,18,0,3,2,0.0,0,BB,IRL,Online TA,TA/TO,0,0,0,D,D,0,No Deposit,9.0,0,Transient,144.0,0,0
City Hotel,0,5,2017,May,20,20,0,1,2,0.0,0,BB,BRA,Online TA,TA/TO,0,0,0,D,D,0,No Deposit,7.0,0,Transient,144.4,0,1
City Hotel,0,68,2017,May,20,17,0,4,2,0.0,0,SC,GBR,Online TA,TA/TO,0,0,0,A,A,0,No Deposit,9.0,0,Transient,144.0,0,0
City Hotel,0,68,2017,May,20,17,0,4,2,0.0,0,SC,GBR,Online TA,TA/TO,0,0,0,A,A,0,No Deposit,9.0,0,Transient,144.0,0,0
City Hotel,0,80,2017,May,20,17,0,4,2,0.0,0,SC,IRL,Online TA,TA/TO,0,0,0,A,A,0,No Deposit,9.0,0,Transient,119.25,0,3
City Hotel,0,11,2017,May,20,17,0,4,2,0.0,0,BB,FRA,Online TA,TA/TO,0,0,0,D,D,0,No Deposit,9.0,0,Transient,170.0,0,1
City Hotel,0,144,2017,May,20,20,0,1,2,0.0,0,SC,IRL,Online TA,TA/TO,0,0,0,A,A,0,No Deposit,7.0,0,Transient,83.16,0,1
City Hotel,0,32,2017,May,20,19,0,2,2,0.0,0,BB,NLD,Online TA,TA/TO,0,0,0,D,D,0,No Deposit,9.0,0,Transient,190.0,0,2
City Hotel,0,109,2017,May,20,18,0,3,2,0.0,0,BB,DEU,Online TA,TA/TO,0,0,0,A,A,1,No Deposit,9.0,0,Transient,130.33,0,0
City Hotel,0,63,2017,May,20,19,0,2,2,0.0,0,SC,AUT,Online TA,TA/TO,0,0,0,A,A,0,No Deposit,9.0,0,Transient,144.0,0,2
City Hotel,0,158,2017,May,20,18,0,3,2,0.0,0,BB,DEU,Direct,Direct,0,0,0,E,E,0,No Deposit,14.0,0,Transient,170.0,0,0
City Hotel,0,158,2017,May,20,18,0,3,2,0.0,0,BB,DEU,Direct,Direct,0,0,0,E,E,0,No Deposit,14.0,0,Transient,170.0,0,0
City Hotel,0,158,2017,May,20,18,0,3,2,0.0,0,BB,DEU,Direct,Direct,0,0,0,E,E,0,No Deposit,14.0,0,Transient,170.0,0,0
City Hotel,0,84,2017,May,20,18,0,3,2,0.0,0,BB,BEL,Online TA,TA/TO,0,0,0,A,A,0,No Deposit,9.0,0,Transient,135.0,0,0
City Hotel,0,185,2017,May,20,18,0,3,2,0.0,0,BB,BEL,Online TA,TA/TO,0,0,0,D,D,0,No Deposit,9.0,0,Transient,139.2,0,2
City Hotel,0,95,2017,May,20,18,0,3,2,0.0,0,BB,NLD,Direct,Direct,0,0,0,A,A,0,No Deposit,14.0,0,Transient,117.0,0,3
City Hotel,0,0,2017,May,20,20,0,1,2,0.0,0,BB,DEU,Direct,Direct,0,0,0,A,D,0,No Deposit,,0,Transient,170.0,0,0
City Hotel,0,2,2017,May,21,21,2,2,2,0.0,0,BB,PRT,Offline TA/TO,TA/TO,0,0,0,D,D,0,No Deposit,27.0,0,Transient,157.25,0,0
City Hotel,0,153,2017,May,20,15,1,5,2,0.0,0,BB,FRA,Online TA,TA/TO,0,0,0,F,F,1,No Deposit,9.0,0,Transient,215.55,0,1
City Hotel,0,105,2017,May,20,18,0,3,2,0.0,0,BB,USA,Online TA,TA/TO,0,0,0,D,D,0,No Deposit,9.0,0,Transient,144.0,0,2
City Hotel,0,5,2017,May,20,18,0,3,2,0.0,0,BB,FRA,Online TA,TA/TO,0,0,0,F,F,1,No Deposit,9.0,0,Transient,250.0,0,0
City Hotel,0,39,2017,May,20,19,0,2,2,0.0,0,SC,NZL,Online TA,TA/TO,0,0,0,A,A,0,No Deposit,7.0,0,Transient,130.6,0,1
City Hotel,0,243,2017,May,20,18,0,3,2,0.0,0,HB,ESP,Online TA,TA/TO,0,0,0,A,A,2,No Deposit,9.0,0,Transient,159.3,0,2
City Hotel,0,3,2017,May,20,20,0,1,2,0.0,0,BB,PRT,Direct,Direct,0,0,0,A,C,0,No Deposit,,0,Transient,0.0,0,0
City Hotel,0,243,2017,May,20,18,0,3,2,0.0,0,HB,GBR,Online TA,TA/TO,0,0,0,A,A,2,No Deposit,9.0,0,Transient,159.3,0,2
City Hotel,0,127,2017,May,20,19,0,2,2,0.0,0,BB,BEL,Online TA,TA/TO,0,0,0,A,A,0,No Deposit,9.0,0,Transient,126.0,0,2
City Hotel,0,127,2017,May,20,19,0,2,2,0.0,0,BB,BEL,Online TA,TA/TO,0,0,0,A,A,0,No Deposit,9.0,0,Transient,126.0,0,1
City Hotel,0,28,2017,May,20,18,0,3,2,0.0,0,BB,GBR,Online TA,TA/TO,0,0,0,D,D,0,No Deposit,9.0,0,Transient,190.0,0,1
City Hotel,0,120,2017,May,20,19,0,2,2,0.0,0,BB,NLD,Online TA,TA/TO,0,0,0,E,E,0,No Deposit,9.0,0,Transient,162.0,0,2
City Hotel,0,107,2017,May,20,18,0,3,2,0.0,0,BB,CHE,Online TA,TA/TO,0,0,0,D,D,1,No Deposit,9.0,0,Transient,180.0,0,0
City Hotel,0,168,2017,May,20,18,0,3,2,0.0,0,SC,CHE,Online TA,TA/TO,0,0,0,A,A,0,No Deposit,9.0,0,Transient,108.0,0,1
City Hotel,0,109,2017,May,20,18,0,3,2,0.0,0,BB,BEL,Online TA,TA/TO,0,0,0,D,D,0,No Deposit,9.0,0,Transient,144.0,0,2
City Hotel,0,31,2017,May,20,18,0,3,2,0.0,0,BB,CHE,Online TA,TA/TO,0,0,0,D,D,0,No Deposit,7.0,0,Transient,144.4,0,2
City Hotel,0,109,2017,May,20,18,0,3,2,0.0,0,BB,BEL,Online TA,TA/TO,0,0,0,D,D,0,No Deposit,9.0,0,Transient,144.0,0,2
City Hotel,0,32,2017,May,20,19,0,2,2,0.0,0,SC,AUT,Online TA,TA/TO,0,0,0,A,A,0,No Deposit,9.0,0,Transient,160.0,0,1
City Hotel,0,10,2017,May,20,19,0,2,2,0.0,0,BB,ESP,Direct,Direct,0,0,0,D,D,0,No Deposit,14.0,0,Transient,165.0,0,0
City Hotel,0,2,2017,May,20,18,0,3,2,0.0,0,SC,PRT,Online TA,TA/TO,0,0,0,A,A,0,No Deposit,9.0,0,Transient,160.0,0,0
City Hotel,0,102,2017,May,20,18,0,3,2,0.0,0,SC,FIN,Online TA,TA/TO,0,0,0,A,A,0,No Deposit,9.0,0,Transient,117.0,0,2
City Hotel,0,82,2017,May,20,20,0,1,2,0.0,0,BB,BEL,Online TA,TA/TO,0,0,0,A,E,0,No Deposit,9.0,0,Transient,162.0,0,2
City Hotel,0,9,2017,May,20,19,0,2,2,0.0,0,SC,CHE,Online TA,TA/TO,0,0,0,A,B,0,No Deposit,9.0,0,Transient,140.0,0,2
City Hotel,0,57,2017,May,20,20,0,1,2,0.0,0,HB,GBR,Online TA,TA/TO,0,0,0,A,A,0,No Deposit,9.0,0,Transient,218.0,0,2
City Hotel,0,114,2017,May,20,17,0,4,2,0.0,0,BB,BEL,Online TA,TA/TO,0,0,0,A,A,3,No Deposit,9.0,0,Transient,123.75,0,1
City Hotel,0,115,2017,May,20,18,0,3,2,0.0,0,BB,BEL,Online TA,TA/TO,0,0,0,A,A,0,No Deposit,9.0,0,Transient,126.0,0,2
City Hotel,0,6,2017,May,20,19,0,2,2,0.0,0,BB,FRA,Online TA,TA/TO,0,0,0,A,A,0,No Deposit,9.0,0,Transient,160.0,0,2
City Hotel,0,185,2017,May,20,18,0,3,2,0.0,0,BB,BEL,Online TA,TA/TO,0,0,0,D,D,0,No Deposit,9.0,0,Transient,139.2,0,2
City Hotel,0,115,2017,May,20,18,0,3,2,0.0,0,BB,BEL,Online TA,TA/TO,0,0,0,A,A,0,No Deposit,9.0,0,Transient,126.0,0,2
City Hotel,0,115,2017,May,20,18,0,3,2,0.0,0,BB,BEL,Online TA,TA/TO,0,0,0,A,A,0,No Deposit,9.0,0,Transient,126.0,0,2
City Hotel,0,179,2017,May,20,17,0,4,2,0.0,0,HB,NLD,Online TA,TA/TO,0,0,0,D,D,0,No Deposit,9.0,0,Transient,175.05,0,3
City Hotel,0,115,2017,May,20,18,0,3,2,0.0,0,BB,BEL,Online TA,TA/TO,0,0,0,A,A,0,No Deposit,9.0,0,Transient,126.0,0,2
City Hotel,0,123,2017,May,20,19,0,2,2,0.0,0,BB,BEL,Online TA,TA/TO,0,0,0,A,A,0,No Deposit,9.0,0,Transient,126.0,0,0
City Hotel,0,101,2017,May,20,19,1,2,2,0.0,0,SC,GBR,Online TA,TA/TO,0,0,0,A,A,0,No Deposit,9.0,0,Transient,126.0,0,1
City Hotel,0,15,2017,May,20,19,1,2,2,0.0,0,BB,AUT,Online TA,TA/TO,0,0,0,D,D,0,No Deposit,9.0,0,Transient,180.0,0,2
City Hotel,0,66,2017,May,20,17,1,4,2,0.0,0,BB,TUR,Online TA,TA/TO,0,0,0,A,A,0,No Deposit,9.0,0,Transient,162.0,0,0
City Hotel,0,112,2017,May,20,20,1,1,2,0.0,0,SC,ISR,Online TA,TA/TO,0,0,0,A,A,0,No Deposit,9.0,0,Transient,126.0,0,0
City Hotel,0,112,2017,May,20,20,1,1,2,0.0,0,SC,ISR,Online TA,TA/TO,0,0,0,A,A,0,No Deposit,9.0,0,Transient,126.0,0,0
City Hotel,0,103,2017,May,20,19,1,2,2,0.0,0,BB,AUT,Online TA,TA/TO,0,0,0,A,A,0,No Deposit,9.0,0,Transient,144.0,0,1
City Hotel,0,103,2017,May,20,19,1,2,2,0.0,0,BB,AUT,Online TA,TA/TO,0,0,0,A,A,0,No Deposit,9.0,0,Transient,144.0,0,1
City Hotel,0,123,2017,May,20,19,1,2,2,0.0,0,BB,GBR,Direct,Direct,0,0,0,A,A,0,No Deposit,14.0,0,Transient,105.0,0,1
City Hotel,0,9,2017,May,20,19,1,2,2,0.0,0,SC,USA,Online TA,TA/TO,0,0,0,A,A,0,No Deposit,9.0,0,Transient,140.0,0,3
City Hotel,0,10,2017,May,21,21,1,0,2,0.0,0,BB,FRA,Online TA,TA/TO,0,0,0,D,D,1,No Deposit,9.0,0,Transient,170.0,0,1
City Hotel,0,96,2017,May,20,20,1,1,2,0.0,0,BB,ITA,Direct,Direct,0,0,0,A,A,0,No Deposit,14.0,0,Transient,126.0,0,0
City Hotel,0,96,2017,May,20,20,1,1,2,0.0,0,BB,ITA,Direct,Direct,0,0,0,A,A,0,No Deposit,14.0,0,Transient,126.0,0,0
City Hotel,0,119,2017,June,24,15,1,3,2,0.0,0,BB,GBR,Direct,Direct,0,0,1,E,E,2,No Deposit,14.0,0,Transient,136.8,0,0
City Hotel,0,10,2017,May,21,21,1,0,2,0.0,0,BB,FRA,Online TA,TA/TO,0,0,0,E,E,1,No Deposit,9.0,0,Transient,200.0,0,1
City Hotel,0,96,2017,May,20,20,1,1,2,0.0,0,BB,ITA,Direct,Direct,0,0,0,A,A,0,No Deposit,14.0,0,Transient,126.0,0,0
City Hotel,0,96,2017,May,20,20,1,1,2,0.0,0,BB,ITA,Direct,Direct,0,0,0,A,A,0,No Deposit,14.0,0,Transient,126.0,0,0
City Hotel,0,118,2017,May,20,20,1,1,2,0.0,0,BB,FRA,Online TA,TA/TO,0,0,0,D,D,0,No Deposit,9.0,0,Transient,135.0,0,0
City Hotel,0,32,2017,May,20,19,1,2,2,0.0,0,BB,BEL,Direct,Direct,0,0,0,A,A,3,No Deposit,14.0,0,Transient,170.0,0,2
City Hotel,0,10,2017,May,21,21,1,0,2,0.0,0,BB,FRA,Online TA,TA/TO,0,0,0,A,A,2,No Deposit,9.0,0,Transient,140.0,0,1
City Hotel,0,118,2017,May,20,20,1,1,2,0.0,0,BB,FRA,Online TA,TA/TO,0,0,0,D,D,0,No Deposit,9.0,0,Transient,135.0,0,0
City Hotel,0,118,2017,May,20,20,1,1,2,0.0,0,BB,FRA,Online TA,TA/TO,0,0,0,D,D,0,No Deposit,9.0,0,Transient,135.0,0,0
City Hotel,0,51,2017,May,20,19,1,2,2,0.0,0,SC,SWE,Online TA,TA/TO,0,0,0,A,A,0,No Deposit,9.0,0,Transient,160.0,0,1
City Hotel,0,102,2017,May,20,19,1,2,2,0.0,0,BB,DEU,Online TA,TA/TO,0,0,0,A,A,0,No Deposit,9.0,0,Transient,144.0,0,1
City Hotel,0,213,2017,May,20,19,1,2,2,0.0,0,BB,AUT,Online TA,TA/TO,0,0,0,D,D,0,No Deposit,9.0,0,Transient,138.6,0,2
City Hotel,0,69,2017,May,20,17,1,4,2,0.0,0,BB,GBR,Online TA,TA/TO,0,0,0,A,A,0,No Deposit,7.0,0,Transient,129.6,0,1
City Hotel,0,11,2017,May,20,19,1,2,2,0.0,0,BB,PRT,Offline TA/TO,TA/TO,0,0,0,A,A,0,No Deposit,27.0,0,Transient,119.0,0,0
City Hotel,0,213,2017,May,20,19,1,2,2,0.0,0,BB,AUT,Offline TA/TO,TA/TO,0,0,0,A,A,0,No Deposit,42.0,0,Transient,99.0,0,0
City Hotel,0,94,2017,May,20,20,1,1,2,0.0,0,SC,DEU,Online TA,TA/TO,0,0,0,A,A,0,No Deposit,9.0,0,Transient,126.0,0,0
City Hotel,0,213,2017,May,20,19,1,2,2,0.0,0,BB,AUT,Offline TA/TO,TA/TO,0,0,0,A,A,1,No Deposit,42.0,0,Transient,99.0,0,1
City Hotel,0,93,2017,May,20,18,1,3,2,0.0,0,SC,BEL,Online TA,TA/TO,0,0,0,A,A,0,No Deposit,9.0,0,Transient,119.25,0,0
City Hotel,0,116,2017,May,20,19,1,2,2,0.0,0,BB,NLD,Online TA,TA/TO,0,0,0,A,A,0,No Deposit,9.0,0,Transient,126.0,0,2
City Hotel,0,116,2017,May,20,19,1,2,2,0.0,0,BB,NLD,Online TA,TA/TO,0,0,0,A,A,0,No Deposit,9.0,0,Transient,126.0,0,2
City Hotel,0,29,2017,May,20,19,1,2,2,0.0,0,SC,ESP,Online TA,TA/TO,0,0,0,A,A,0,No Deposit,9.0,0,Transient,160.0,0,1
City Hotel,0,12,2017,May,20,20,1,1,2,0.0,0,BB,DEU,Offline TA/TO,TA/TO,0,0,0,A,A,0,No Deposit,27.0,0,Transient,119.0,0,1
City Hotel,0,108,2017,May,20,18,1,3,2,0.0,0,SC,GBR,Online TA,TA/TO,0,0,0,A,A,0,No Deposit,9.0,0,Transient,119.25,0,1
City Hotel,0,72,2017,May,20,19,1,2,2,0.0,0,SC,GBR,Online TA,TA/TO,0,0,0,A,A,0,No Deposit,9.0,0,Transient,144.0,0,2
City Hotel,0,71,2017,May,20,20,1,1,2,0.0,0,BB,ESP,Online TA,TA/TO,0,0,0,A,A,0,No Deposit,9.0,0,Transient,162.0,0,0
City Hotel,0,28,2017,May,21,21,1,0,2,0.0,0,BB,ITA,Online TA,TA/TO,0,0,0,D,E,1,No Deposit,9.0,0,Transient,199.0,1,2
City Hotel,0,12,2017,May,20,20,1,1,2,0.0,0,BB,USA,Online TA,TA/TO,0,0,0,D,D,0,No Deposit,8.0,0,Transient,170.0,0,1
City Hotel,0,111,2017,May,20,20,1,1,2,0.0,0,BB,GBR,Online TA,TA/TO,0,0,0,D,D,0,No Deposit,9.0,0,Transient,153.0,0,3
City Hotel,0,59,2017,May,20,20,1,1,2,0.0,0,BB,NLD,Online TA,TA/TO,0,0,0,A,A,0,No Deposit,9.0,0,Transient,162.0,0,2
City Hotel,0,99,2017,May,20,18,1,3,2,0.0,0,BB,FRA,Offline TA/TO,TA/TO,0,0,0,A,D,0,No Deposit,28.0,0,Contract,80.0,0,1
City Hotel,0,90,2017,May,20,18,1,3,2,0.0,0,BB,ESP,Online TA,TA/TO,0,0,0,A,A,0,No Deposit,9.0,0,Transient,137.25,0,2
City Hotel,0,83,2017,May,20,19,1,2,2,0.0,0,SC,DEU,Online TA,TA/TO,0,0,0,A,A,0,No Deposit,9.0,0,Transient,126.0,0,1
City Hotel,0,83,2017,May,20,19,1,2,2,0.0,0,SC,DEU,Online TA,TA/TO,0,0,0,A,A,0,No Deposit,9.0,0,Transient,126.0,0,1
City Hotel,0,123,2017,May,20,16,1,5,2,0.0,0,BB,DEU,Online TA,TA/TO,0,0,0,D,D,0,No Deposit,9.0,0,Transient,142.8,0,1
City Hotel,0,19,2017,May,20,20,1,1,2,0.0,0,BB,GBR,Direct,Direct,0,0,0,A,A,1,No Deposit,14.0,0,Transient,155.0,0,1
City Hotel,0,62,2017,May,20,20,1,1,2,0.0,0,SC,NOR,Online TA,TA/TO,0,0,0,A,A,0,No Deposit,8.0,0,Transient,144.0,0,0
City Hotel,0,20,2017,May,20,20,1,1,2,0.0,0,SC,GBR,Online TA,TA/TO,0,0,0,A,A,0,No Deposit,9.0,0,Transient,145.0,0,1
City Hotel,0,90,2017,May,20,17,1,4,2,0.0,0,SC,MLT,Online TA,TA/TO,0,0,0,A,A,0,No Deposit,9.0,0,Transient,120.6,0,0
City Hotel,0,181,2017,May,20,20,1,1,2,0.0,0,BB,CHE,Online TA,TA/TO,0,0,0,D,D,0,No Deposit,9.0,0,Transient,139.5,0,2
City Hotel,0,122,2017,May,20,19,1,2,2,0.0,0,BB,FRA,Online TA,TA/TO,0,0,0,A,A,0,No Deposit,9.0,0,Transient,126.0,0,1
City Hotel,0,118,2017,May,20,18,1,3,2,0.0,0,BB,CN,Online TA,TA/TO,0,0,0,D,D,0,No Deposit,9.0,0,Transient,135.0,0,0
City Hotel,0,123,2017,May,20,19,1,2,2,0.0,0,BB,ITA,Online TA,TA/TO,0,0,0,A,A,0,No Deposit,9.0,0,Transient,126.0,0,2
City Hotel,0,68,2017,May,20,18,1,3,2,0.0,0,BB,GBR,Online TA,TA/TO,0,0,0,A,A,0,No Deposit,9.0,0,Transient,162.0,0,0
City Hotel,0,10,2017,May,21,21,1,0,2,0.0,0,BB,PRT,Online TA,TA/TO,0,0,0,E,E,1,No Deposit,9.0,0,Transient,200.0,0,1
City Hotel,0,212,2017,May,20,20,1,1,2,0.0,0,BB,DEU,Online TA,TA/TO,0,0,0,A,A,0,No Deposit,8.0,0,Transient,125.1,0,1
City Hotel,0,16,2017,May,20,20,1,1,2,0.0,0,SC,THA,Online TA,TA/TO,0,0,0,A,A,0,No Deposit,9.0,0,Transient,145.0,0,1
City Hotel,0,114,2017,May,20,19,1,2,2,0.0,0,BB,GBR,Online TA,TA/TO,0,0,0,D,D,0,No Deposit,9.0,0,Transient,153.0,0,3
City Hotel,0,7,2017,May,20,20,1,1,2,0.0,0,BB,PRT,Online TA,TA/TO,0,0,0,A,A,0,No Deposit,9.0,0,Transient,160.0,0,2
City Hotel,0,57,2017,May,20,19,1,2,2,0.0,0,SC,BRA,Online TA,TA/TO,0,0,0,A,A,0,No Deposit,9.0,0,Transient,154.67,0,1
City Hotel,0,114,2017,May,20,19,1,2,2,0.0,0,BB,GBR,Online TA,TA/TO,0,0,0,E,A,0,No Deposit,9.0,0,Transient,180.0,0,3
City Hotel,0,75,2017,May,20,20,2,1,2,0.0,0,BB,AUS,Groups,TA/TO,0,0,0,A,A,0,No Deposit,229.0,0,Transient-Party,112.67,0,1
City Hotel,0,15,2017,May,20,19,2,2,2,0.0,0,SC,DEU,Online TA,TA/TO,0,0,0,A,A,0,No Deposit,9.0,0,Transient,145.0,0,1
City Hotel,0,13,2017,May,20,16,2,5,2,0.0,0,BB,FRA,Online TA,TA/TO,0,0,0,F,F,0,No Deposit,7.0,0,Transient,194.34,0,2
City Hotel,0,20,2017,May,21,22,1,0,2,0.0,0,SC,USA,Online TA,TA/TO,0,0,0,A,F,0,No Deposit,8.0,0,Transient,130.0,0,1
City Hotel,0,71,2017,May,20,19,2,2,2,0.0,0,BB,ITA,Online TA,TA/TO,0,0,0,A,A,1,No Deposit,9.0,0,Transient,144.0,0,0
City Hotel,0,75,2017,May,20,20,2,1,2,0.0,0,BB,GBR,Groups,TA/TO,0,0,0,A,A,0,No Deposit,229.0,0,Transient-Party,112.67,0,1
City Hotel,0,1,2017,May,21,22,1,0,2,0.0,0,BB,PRT,Direct,Direct,0,0,0,A,A,0,No Deposit,,0,Transient,144.0,0,0
City Hotel,0,75,2017,May,20,20,2,1,2,0.0,0,BB,GBR,Groups,TA/TO,0,0,0,A,A,0,No Deposit,229.0,0,Transient-Party,112.67,0,1
City Hotel,0,12,2017,May,20,16,2,5,2,0.0,0,BB,CHN,Online TA,TA/TO,0,0,0,D,D,0,No Deposit,8.0,0,Transient-Party,161.5,0,1
City Hotel,0,99,2017,May,20,20,2,1,2,0.0,0,BB,DEU,Online TA,TA/TO,0,0,0,A,A,0,No Deposit,9.0,0,Transient,144.0,0,0
City Hotel,0,28,2017,May,20,19,2,2,2,0.0,0,BB,BRA,Online TA,TA/TO,0,0,0,D,D,0,No Deposit,9.0,0,Transient,190.0,0,0
City Hotel,0,78,2017,May,20,20,2,1,2,0.0,0,BB,FRA,Online TA,TA/TO,0,0,0,A,A,0,No Deposit,9.0,0,Transient,162.0,0,2
City Hotel,0,94,2017,May,20,18,2,3,2,0.0,0,SC,BRA,Online TA,TA/TO,0,0,0,A,A,0,No Deposit,9.0,0,Transient,120.6,0,1
City Hotel,0,60,2017,May,20,20,2,1,2,0.0,0,BB,FRA,Online TA,TA/TO,0,0,0,A,A,0,No Deposit,9.0,0,Transient,162.0,0,0
City Hotel,0,62,2017,May,20,20,2,1,2,0.0,0,SC,AUT,Online TA,TA/TO,0,0,0,A,A,0,No Deposit,9.0,0,Transient,144.0,0,2
City Hotel,0,53,2017,May,20,20,2,1,2,0.0,0,BB,IRL,Direct,Direct,0,0,0,A,A,0,No Deposit,14.0,0,Transient,144.0,0,1
City Hotel,0,59,2017,May,20,20,2,1,2,0.0,0,SC,USA,Online TA,TA/TO,0,0,0,A,A,0,No Deposit,9.0,0,Transient,144.0,0,1
City Hotel,0,75,2017,May,21,22,1,0,2,0.0,0,BB,GBR,Online TA,TA/TO,0,0,0,A,A,0,No Deposit,8.0,0,Transient,162.0,0,0
City Hotel,0,75,2017,May,20,20,2,1,2,0.0,0,BB,AUS,Groups,TA/TO,0,0,0,A,A,0,No Deposit,229.0,0,Transient-Party,112.67,0,1
City Hotel,0,105,2017,May,20,20,2,1,2,0.0,0,BB,GBR,Direct,Direct,0,0,0,A,A,0,No Deposit,14.0,0,Transient,126.0,0,1
City Hotel,0,75,2017,May,21,21,2,0,2,0.0,0,BB,FRA,Online TA,TA/TO,0,0,0,A,A,0,No Deposit,7.0,0,Transient,123.12,0,0
City Hotel,0,100,2017,May,20,18,2,3,2,0.0,0,BB,FRA,Offline TA/TO,TA/TO,0,0,0,A,A,1,No Deposit,28.0,0,Contract,80.0,0,0
City Hotel,0,20,2017,May,21,22,1,0,2,0.0,0,BB,PRT,Online TA,TA/TO,0,0,0,A,A,0,No Deposit,9.0,0,Transient,150.0,0,3
City Hotel,0,75,2017,May,20,20,2,1,2,0.0,0,BB,GBR,Groups,TA/TO,0,0,0,A,A,0,No Deposit,229.0,0,Transient-Party,112.67,0,1
City Hotel,0,75,2017,May,20,20,2,1,2,0.0,0,BB,GBR,Groups,TA/TO,0,0,0,A,A,0,No Deposit,229.0,0,Transient-Party,112.67,0,1
City Hotel,0,21,2017,May,21,21,2,0,2,0.0,0,SC,CHE,Online TA,TA/TO,0,0,0,A,A,0,No Deposit,9.0,0,Transient,130.0,0,2
City Hotel,0,203,2017,May,20,19,2,2,2,0.0,0,BB,CHE,Online TA,TA/TO,0,0,0,D,D,0,No Deposit,7.0,0,Transient,101.38,0,1
City Hotel,0,133,2017,May,21,21,2,0,2,0.0,0,BB,DEU,Online TA,TA/TO,0,0,0,D,D,0,No Deposit,9.0,0,Transient,139.5,0,1
City Hotel,0,23,2017,May,20,20,2,1,2,0.0,0,SC,ROU,Online TA,TA/TO,0,0,0,A,A,0,No Deposit,9.0,0,Transient,150.0,0,2
City Hotel,0,75,2017,May,20,20,2,1,2,0.0,0,BB,GBR,Groups,TA/TO,0,0,0,A,A,0,No Deposit,229.0,0,Transient-Party,112.67,0,1
City Hotel,0,75,2017,May,20,20,2,1,2,0.0,0,BB,GBR,Groups,TA/TO,0,0,0,A,A,0,No Deposit,229.0,0,Transient-Party,112.67,0,2
City Hotel,0,172,2017,May,20,19,2,2,2,0.0,0,BB,BEL,Online TA,TA/TO,0,0,0,D,D,0,No Deposit,9.0,0,Transient,139.5,0,3
City Hotel,0,172,2017,May,20,19,2,2,2,0.0,0,BB,BEL,Online TA,TA/TO,0,0,0,D,D,0,No Deposit,9.0,0,Transient,139.5,0,1
City Hotel,0,14,2017,May,20,18,2,3,2,0.0,0,BB,ITA,Online TA,TA/TO,0,0,0,D,D,0,No Deposit,9.0,0,Transient,178.0,0,2
City Hotel,0,23,2017,May,20,20,2,1,2,0.0,0,BB,CN,Online TA,TA/TO,0,0,0,A,A,0,No Deposit,9.0,0,Transient,170.0,0,2
City Hotel,0,17,2017,May,20,20,2,1,2,0.0,0,BB,NLD,Online TA,TA/TO,0,0,0,A,A,0,No Deposit,9.0,0,Transient,160.0,0,2
City Hotel,0,100,2017,May,20,18,2,3,2,0.0,0,BB,FRA,Offline TA/TO,TA/TO,0,0,0,A,D,1,No Deposit,28.0,0,Contract,80.0,0,0
City Hotel,0,186,2017,May,20,20,2,1,2,0.0,0,BB,ITA,Online TA,TA/TO,0,0,0,D,D,0,No Deposit,9.0,0,Transient,139.5,0,1
City Hotel,0,75,2017,May,20,20,2,1,2,0.0,0,BB,AUS,Groups,TA/TO,0,0,0,A,A,0,No Deposit,229.0,0,Transient-Party,112.67,0,2
City Hotel,0,60,2017,May,20,20,2,1,2,0.0,0,BB,FRA,Online TA,TA/TO,0,0,0,A,A,0,No Deposit,9.0,0,Transient,171.0,1,2
City Hotel,0,222,2017,May,21,21,2,0,2,0.0,0,HB,GBR,Online TA,TA/TO,0,0,0,A,D,0,No Deposit,7.0,0,Transient,122.66,0,1
City Hotel,0,24,2017,May,21,22,1,0,2,0.0,0,BB,CN,Online TA,TA/TO,0,0,0,A,A,2,No Deposit,7.0,0,Transient,120.0,0,1
City Hotel,0,75,2017,May,20,20,2,1,2,0.0,0,BB,DEU,Online TA,TA/TO,0,0,0,A,A,0,No Deposit,9.0,0,Transient,162.0,0,1
City Hotel,0,95,2017,May,20,19,2,2,2,0.0,0,BB,GBR,Online TA,TA/TO,0,0,0,A,A,0,No Deposit,9.0,0,Transient,144.0,0,2
City Hotel,0,21,2017,May,21,22,1,1,2,0.0,0,BB,USA,Online TA,TA/TO,0,0,0,A,A,2,No Deposit,9.0,0,Transient,140.0,0,2
City Hotel,0,102,2017,May,20,19,2,3,2,0.0,0,SC,DEU,Online TA,TA/TO,0,0,0,A,A,0,No Deposit,9.0,0,Transient,120.6,0,1
City Hotel,0,5,2017,May,21,22,1,1,2,0.0,0,BB,PRT,Groups,TA/TO,0,0,0,A,A,0,No Deposit,315.0,0,Transient-Party,110.0,0,0
City Hotel,0,20,2017,May,21,23,0,1,2,0.0,0,BB,PRT,Online TA,TA/TO,0,0,0,A,A,0,No Deposit,9.0,0,Transient,150.0,0,1
City Hotel,0,8,2017,May,21,21,2,1,2,0.0,0,BB,IRL,Online TA,TA/TO,0,0,0,D,D,0,No Deposit,9.0,0,Transient,163.33,0,1
City Hotel,0,18,2017,May,21,22,1,1,2,0.0,0,BB,ECU,Groups,TA/TO,0,0,0,A,A,0,No Deposit,315.0,0,Transient-Party,120.0,0,1
City Hotel,0,66,2017,May,21,21,2,1,2,0.0,0,SC,DEU,Online TA,TA/TO,0,0,0,A,A,0,No Deposit,9.0,0,Transient,144.0,0,2
City Hotel,0,99,2017,May,21,21,2,1,2,0.0,0,SC,DEU,Online TA,TA/TO,0,0,0,A,A,0,No Deposit,9.0,0,Transient,117.0,0,2
City Hotel,0,1,2017,May,21,22,1,1,2,0.0,0,BB,PRT,Groups,TA/TO,0,0,0,A,A,0,No Deposit,315.0,0,Transient-Party,120.0,0,1
City Hotel,0,18,2017,May,21,22,1,1,2,0.0,0,BB,PRT,Groups,TA/TO,0,0,0,A,A,0,No Deposit,315.0,0,Transient-Party,120.0,0,1
City Hotel,0,1,2017,May,21,22,1,1,2,0.0,0,BB,PRT,Groups,TA/TO,0,0,0,A,A,0,No Deposit,315.0,0,Transient-Party,120.0,0,1
City Hotel,0,121,2017,May,20,17,2,5,2,0.0,0,BB,IRL,Online TA,TA/TO,0,0,0,D,D,0,No Deposit,9.0,0,Transient,137.57,0,0
City Hotel,0,260,2017,May,21,21,2,1,2,0.0,0,HB,FRA,Online TA,TA/TO,0,0,0,A,A,0,No Deposit,9.0,0,Transient,147.9,0,1
City Hotel,0,129,2017,May,20,19,2,3,2,0.0,0,BB,DEU,Online TA,TA/TO,0,0,0,E,E,0,No Deposit,9.0,0,Transient,162.0,0,3
City Hotel,0,59,2017,May,20,20,2,2,2,0.0,0,BB,BRA,Online TA,TA/TO,0,0,0,A,A,0,No Deposit,9.0,0,Transient,162.0,0,2
City Hotel,0,117,2017,May,20,17,2,5,2,0.0,0,BB,DEU,Offline TA/TO,TA/TO,0,0,0,G,G,0,No Deposit,16.0,0,Transient,206.28,0,1
City Hotel,0,0,2017,May,21,23,0,1,2,0.0,0,SC,PRT,Online TA,TA/TO,0,0,0,A,A,0,No Deposit,9.0,0,Transient,160.0,0,0
City Hotel,0,21,2017,May,20,20,2,2,2,0.0,0,HB,FRA,Online TA,TA/TO,0,0,0,A,A,0,No Deposit,7.0,0,Transient,156.4,0,1
City Hotel,0,23,2017,May,20,20,2,2,2,0.0,0,BB,URY,Online TA,TA/TO,0,0,0,A,A,1,No Deposit,9.0,0,Transient,180.0,0,1
City Hotel,0,18,2017,May,21,22,1,1,2,0.0,0,BB,PRT,Groups,TA/TO,0,0,0,A,A,0,No Deposit,315.0,0,Transient-Party,120.0,0,1
City Hotel,0,84,2017,May,21,22,1,1,2,0.0,0,BB,BEL,Online TA,TA/TO,0,0,0,A,A,0,No Deposit,9.0,0,Transient,144.0,0,0
City Hotel,0,18,2017,May,21,22,1,1,2,0.0,0,BB,ARG,Groups,TA/TO,0,0,0,A,A,0,No Deposit,315.0,0,Transient-Party,120.0,0,1
City Hotel,0,59,2017,May,21,23,0,1,2,0.0,0,BB,PRT,Offline TA/TO,TA/TO,0,0,0,A,A,0,No Deposit,85.0,0,Transient,89.1,0,2
City Hotel,0,18,2017,May,21,22,1,1,2,0.0,0,BB,PRT,Groups,TA/TO,0,0,0,A,A,0,No Deposit,315.0,0,Transient-Party,120.0,0,1
City Hotel,0,97,2017,May,21,22,1,1,2,0.0,0,SC,CHN,Online TA,TA/TO,0,0,0,A,A,0,No Deposit,9.0,0,Transient,101.25,0,0
City Hotel,0,18,2017,May,21,22,1,1,2,0.0,0,BB,PRT,Groups,TA/TO,0,0,0,A,A,0,No Deposit,315.0,0,Transient-Party,120.0,0,1
City Hotel,0,115,2017,May,20,18,2,4,2,0.0,0,BB,BEL,Online TA,TA/TO,0,0,0,A,A,0,No Deposit,9.0,0,Transient,126.0,0,1
City Hotel,0,99,2017,May,21,23,0,1,2,0.0,0,BB,ITA,Online TA,TA/TO,0,0,0,A,A,1,No Deposit,9.0,0,Transient,99.0,0,1
City Hotel,0,11,2017,May,21,21,2,1,2,0.0,0,BB,CZE,Online TA,TA/TO,0,0,0,D,D,0,No Deposit,9.0,0,Transient,163.33,0,0
City Hotel,0,11,2017,May,21,21,2,1,2,0.0,0,BB,USA,Direct,Direct,0,0,0,A,B,0,No Deposit,14.0,0,Transient,120.0,0,0
City Hotel,0,11,2017,May,21,21,2,1,2,0.0,0,BB,USA,Direct,Direct,0,0,0,A,A,0,No Deposit,14.0,0,Transient,120.0,0,0
City Hotel,0,0,2017,May,21,23,0,1,2,0.0,0,SC,PRT,Online TA,TA/TO,0,0,0,D,D,0,No Deposit,152.0,0,Transient,112.92,0,0
City Hotel,0,193,2017,May,21,23,0,1,2,0.0,0,SC,BEL,Online TA,TA/TO,0,0,0,A,A,0,No Deposit,9.0,0,Transient,107.1,0,0
City Hotel,0,0,2017,May,21,23,0,1,2,0.0,0,BB,PRT,Direct,Direct,0,0,0,D,D,0,No Deposit,,0,Transient,160.0,0,0
City Hotel,0,47,2017,May,21,22,1,1,2,0.0,0,SC,FRA,Online TA,TA/TO,0,0,0,A,A,0,No Deposit,9.0,0,Transient,160.0,0,3
City Hotel,0,18,2017,May,21,22,1,1,2,0.0,0,BB,PRT,Groups,TA/TO,0,0,0,A,A,0,No Deposit,315.0,0,Transient-Party,120.0,0,1
City Hotel,0,71,2017,May,21,22,1,1,2,0.0,0,BB,CHE,Online TA,TA/TO,0,0,0,A,A,0,No Deposit,9.0,0,Transient,162.0,0,1
City Hotel,0,18,2017,May,21,22,1,1,2,0.0,0,BB,PRT,Groups,TA/TO,0,0,0,A,A,0,No Deposit,315.0,0,Transient-Party,120.0,0,1
City Hotel,0,20,2017,May,21,21,2,1,2,0.0,0,SC,USA,Online TA,TA/TO,0,0,0,A,A,0,No Deposit,9.0,0,Transient,130.0,0,1
City Hotel,0,20,2017,May,21,21,2,1,2,0.0,0,BB,DEU,Online TA,TA/TO,0,0,0,D,D,0,No Deposit,9.0,0,Transient,160.0,0,1
City Hotel,0,7,2017,May,21,21,2,1,2,0.0,0,BB,ITA,Online TA,TA/TO,0,0,0,D,D,0,No Deposit,9.0,0,Transient,163.33,0,1
City Hotel,0,94,2017,May,21,22,1,1,2,0.0,0,BB,ITA,Online TA,TA/TO,0,0,0,D,D,0,No Deposit,9.0,0,Transient,139.5,0,1
City Hotel,0,18,2017,May,21,22,1,1,2,0.0,0,BB,PRT,Groups,TA/TO,0,0,0,A,A,0,No Deposit,315.0,0,Transient-Party,120.0,0,1
City Hotel,0,175,2017,May,21,21,2,1,2,0.0,0,BB,DEU,Online TA,TA/TO,0,0,0,D,D,0,No Deposit,9.0,0,Transient,148.5,1,2
City Hotel,0,64,2017,May,21,21,2,1,2,0.0,0,BB,DEU,Online TA,TA/TO,0,0,0,A,A,0,No Deposit,9.0,0,Transient,162.0,0,1
City Hotel,0,187,2017,May,21,21,2,1,2,0.0,0,HB,BEL,Online TA,TA/TO,0,0,0,A,A,0,No Deposit,9.0,0,Transient,159.9,0,3
City Hotel,0,187,2017,May,21,21,2,1,2,0.0,0,HB,BEL,Online TA,TA/TO,0,0,0,A,A,0,No Deposit,9.0,0,Transient,159.9,0,3
City Hotel,0,90,2017,May,21,21,2,1,2,0.0,0,BB,FRA,Direct,Direct,0,0,0,A,A,0,No Deposit,14.0,0,Transient,117.0,0,1
City Hotel,0,90,2017,May,21,21,2,1,2,0.0,0,BB,FRA,Direct,Direct,0,0,0,A,A,0,No Deposit,14.0,0,Transient,117.0,0,0
City Hotel,0,18,2017,May,21,22,1,1,2,0.0,0,BB,PRT,Groups,TA/TO,0,0,0,A,A,0,No Deposit,315.0,0,Transient-Party,120.0,0,1
City Hotel,0,19,2017,May,21,23,0,1,2,0.0,0,BB,GBR,Online TA,TA/TO,0,0,0,A,A,0,No Deposit,9.0,0,Transient,140.0,0,1
City Hotel,0,18,2017,May,21,22,1,1,2,0.0,0,BB,PRT,Groups,TA/TO,0,0,0,A,A,0,No Deposit,315.0,0,Transient-Party,120.0,0,1
City Hotel,0,52,2017,May,21,21,2,1,2,0.0,0,BB,GBR,Online TA,TA/TO,0,0,0,D,D,0,No Deposit,7.0,0,Transient,152.0,0,0
City Hotel,0,45,2017,May,20,20,2,2,2,0.0,0,BB,BEL,Online TA,TA/TO,0,0,0,F,F,1,No Deposit,9.0,0,Transient,270.0,0,2
City Hotel,0,93,2017,May,21,23,0,1,2,0.0,0,SC,CN,Online TA,TA/TO,0,0,0,A,D,0,No Deposit,7.0,0,Transient,79.2,0,1
City Hotel,0,57,2017,May,21,23,0,1,2,0.0,0,BB,USA,Offline TA/TO,TA/TO,0,0,0,A,A,0,No Deposit,28.0,0,Transient,89.1,0,0
City Hotel,0,18,2017,May,21,22,1,1,2,0.0,0,BB,PRT,Groups,TA/TO,0,0,0,A,A,0,No Deposit,315.0,0,Transient-Party,120.0,0,1
City Hotel,0,18,2017,May,21,22,1,1,2,0.0,0,BB,PRT,Groups,TA/TO,0,0,0,A,A,0,No Deposit,315.0,0,Transient-Party,120.0,0,1
City Hotel,0,18,2017,May,21,22,1,1,2,0.0,0,BB,PRT,Groups,TA/TO,0,0,0,A,A,0,No Deposit,315.0,0,Transient-Party,120.0,0,1
City Hotel,0,18,2017,May,21,22,1,1,2,0.0,0,BB,PRT,Groups,TA/TO,0,0,0,A,A,0,No Deposit,315.0,0,Transient-Party,120.0,0,1
City Hotel,0,13,2017,May,21,23,0,1,2,0.0,0,BB,FRA,Online TA,TA/TO,0,0,0,A,A,0,No Deposit,9.0,0,Transient,140.0,0,0
City Hotel,0,25,2017,May,20,20,2,2,2,0.0,0,SC,FRA,Online TA,TA/TO,0,0,0,A,A,0,No Deposit,7.0,0,Transient,128.0,0,0
City Hotel,0,1,2017,May,21,22,1,1,2,0.0,0,BB,PRT,Groups,TA/TO,0,0,0,A,A,0,No Deposit,315.0,0,Transient-Party,120.0,0,1
City Hotel,0,22,2017,May,21,22,1,1,2,0.0,0,SC,JPN,Online TA,TA/TO,0,0,0,A,A,0,No Deposit,7.0,0,Transient,104.0,0,1
City Hotel,0,18,2017,May,21,23,0,1,2,0.0,0,BB,USA,Online TA,TA/TO,0,0,0,D,D,0,No Deposit,7.0,0,Transient,114.0,0,1
City Hotel,0,54,2017,May,21,21,2,2,2,0.0,0,HB,FRA,Online TA,TA/TO,0,0,0,D,D,0,No Deposit,9.0,0,Transient,228.0,0,1
City Hotel,0,16,2017,May,21,23,0,2,2,0.0,0,BB,FRA,Online TA,TA/TO,0,0,0,D,D,0,No Deposit,9.0,0,Transient,160.0,0,2
City Hotel,0,20,2017,May,21,24,0,1,2,0.0,0,BB,ESP,Groups,TA/TO,0,0,0,A,A,0,No Deposit,87.0,0,Transient-Party,120.0,0,0
City Hotel,0,122,2017,May,21,21,2,2,2,0.0,0,BB,LUX,Online TA,TA/TO,0,0,0,D,D,0,No Deposit,9.0,0,Transient,135.0,0,0
City Hotel,0,248,2017,May,20,19,2,4,2,0.0,0,BB,DEU,Online TA,TA/TO,0,0,0,A,A,1,No Deposit,7.0,0,Transient,101.68,0,1
City Hotel,0,23,2017,May,21,21,2,2,2,0.0,0,BB,FRA,Online TA,TA/TO,0,0,0,D,D,0,No Deposit,9.0,0,Transient,167.5,0,2
City Hotel,0,59,2017,May,21,21,2,2,2,0.0,0,BB,FRA,Online TA,TA/TO,0,0,0,D,D,0,No Deposit,9.0,0,Transient,171.0,0,0
City Hotel,0,70,2017,May,21,23,0,2,2,0.0,0,SC,PRT,Offline TA/TO,TA/TO,0,0,0,A,A,0,No Deposit,168.0,0,Transient,80.1,0,0
City Hotel,0,18,2017,May,21,21,2,2,2,0.0,0,BB,GBR,Online TA,TA/TO,0,0,0,A,B,0,No Deposit,7.0,0,Transient,126.0,0,1
City Hotel,0,0,2017,May,21,23,0,2,2,0.0,0,BB,ESP,Online TA,GDS,0,0,0,D,E,0,No Deposit,195.0,0,Transient,190.0,0,1
City Hotel,0,24,2017,May,21,21,2,2,2,0.0,0,BB,DEU,Offline TA/TO,TA/TO,0,0,0,D,D,0,No Deposit,27.0,0,Transient,119.9,0,0
City Hotel,0,20,2017,May,21,21,2,2,2,0.0,0,SC,GBR,Online TA,TA/TO,0,0,0,A,A,0,No Deposit,9.0,0,Transient,137.5,0,2
City Hotel,0,29,2017,May,21,22,1,2,2,0.0,0,BB,DEU,Direct,Direct,0,0,0,D,D,0,No Deposit,14.0,0,Transient,166.5,0,2
City Hotel,0,20,2017,May,21,24,0,1,2,0.0,0,BB,PRT,Groups,TA/TO,0,0,0,A,A,0,No Deposit,87.0,0,Transient-Party,120.0,0,0
City Hotel,0,88,2017,May,21,22,1,2,2,0.0,0,BB,PRT,Direct,Direct,0,0,0,A,A,2,No Deposit,14.0,0,Transient,135.67,0,2
City Hotel,0,20,2017,May,21,24,0,1,2,0.0,0,BB,GBR,Groups,TA/TO,0,0,0,A,A,0,No Deposit,87.0,0,Transient-Party,120.0,0,0
City Hotel,0,1,2017,May,21,21,2,2,2,0.0,0,BB,FRA,Offline TA/TO,TA/TO,0,0,0,A,A,0,No Deposit,20.0,0,Transient,99.0,0,0
City Hotel,0,125,2017,May,20,18,2,5,2,0.0,0,BB,DEU,Direct,Direct,0,0,0,A,A,0,No Deposit,14.0,0,Transient,110.86,0,3
City Hotel,0,42,2017,May,21,21,2,2,2,0.0,0,SC,BEL,Online TA,TA/TO,0,0,0,A,A,0,No Deposit,9.0,0,Transient,160.0,0,1
City Hotel,0,1,2017,May,21,24,0,1,2,0.0,0,SC,DEU,Online TA,TA/TO,0,0,0,A,A,0,No Deposit,9.0,0,Transient,160.0,0,0
City Hotel,0,13,2017,May,21,24,0,1,2,0.0,0,BB,CHN,Online TA,TA/TO,0,0,0,A,A,0,No Deposit,9.0,0,Transient-Party,150.0,0,1
City Hotel,0,13,2017,May,21,24,0,1,2,0.0,0,BB,CHN,Online TA,TA/TO,0,0,0,A,A,0,No Deposit,9.0,0,Transient-Party,150.0,0,1
City Hotel,0,1,2017,May,21,21,2,2,2,0.0,0,BB,FRA,Offline TA/TO,TA/TO,0,0,0,A,A,1,No Deposit,20.0,0,Transient,99.0,0,0
City Hotel,0,128,2017,May,21,21,2,2,2,0.0,0,BB,DEU,Online TA,TA/TO,0,0,0,A,A,0,No Deposit,9.0,0,Transient,126.0,0,2
City Hotel,0,60,2017,May,21,21,2,2,2,0.0,0,SC,FRA,Online TA,TA/TO,0,0,0,A,A,0,No Deposit,9.0,0,Transient,144.0,0,1
City Hotel,0,3,2017,May,22,28,2,2,2,0.0,0,BB,PRT,Direct,Direct,1,0,1,A,A,0,No Deposit,,0,Transient,75.0,1,1
City Hotel,0,7,2017,June,23,6,0,3,2,0.0,0,BB,PRT,Direct,Direct,1,0,2,D,D,2,No Deposit,,0,Transient,75.0,1,2
City Hotel,0,28,2017,June,26,27,0,2,2,0.0,0,BB,PRT,Direct,Direct,1,0,4,D,D,2,No Deposit,,0,Transient,75.0,1,2
City Hotel,0,53,2017,May,21,22,1,2,2,0.0,0,BB,FRA,Online TA,TA/TO,0,0,0,D,D,0,No Deposit,7.0,0,Transient,151.07,0,0
City Hotel,0,33,2017,May,21,22,1,2,2,0.0,0,SC,USA,Online TA,TA/TO,0,0,0,A,A,0,No Deposit,9.0,0,Transient,160.0,0,1
City Hotel,0,20,2017,May,21,21,2,2,2,0.0,0,BB,FRA,Online TA,TA/TO,0,0,0,A,A,0,No Deposit,9.0,0,Transient,157.5,0,1
City Hotel,0,112,2017,May,21,21,2,2,2,0.0,0,BB,BEL,Online TA,TA/TO,0,0,0,A,A,0,No Deposit,9.0,0,Transient,137.25,0,1
City Hotel,0,0,2017,May,21,23,0,2,2,0.0,0,BB,PRT,Direct,Direct,0,0,0,A,A,2,No Deposit,,0,Transient,180.0,0,0
City Hotel,0,12,2017,May,20,20,2,3,2,0.0,0,BB,FRA,Online TA,TA/TO,0,0,0,D,D,0,No Deposit,9.0,0,Transient,166.0,0,1
City Hotel,0,91,2017,May,21,22,1,2,2,0.0,0,BB,BEL,Direct,Direct,0,0,0,D,D,0,No Deposit,14.0,0,Transient,139.5,0,0
City Hotel,0,138,2017,May,21,23,0,2,2,0.0,0,SC,GBR,Online TA,TA/TO,0,0,0,A,A,0,No Deposit,9.0,0,Transient,108.0,0,0
City Hotel,0,120,2017,May,21,22,1,2,2,0.0,0,BB,FRA,Online TA,TA/TO,0,0,0,A,A,0,No Deposit,9.0,0,Transient,126.0,0,0
City Hotel,0,120,2017,May,21,22,1,2,2,0.0,0,BB,FRA,Online TA,TA/TO,0,0,0,A,A,0,No Deposit,9.0,0,Transient,126.0,0,0
City Hotel,0,17,2017,May,21,21,2,2,2,0.0,0,SC,BRA,Online TA,TA/TO,0,0,0,A,A,0,No Deposit,9.0,0,Transient,137.5,0,1
City Hotel,0,23,2017,May,21,21,2,2,2,0.0,0,BB,NLD,Direct,Direct,0,0,0,A,A,0,No Deposit,14.0,0,Transient,130.5,0,0
City Hotel,0,19,2017,May,21,23,0,2,2,0.0,0,SC,PRT,Online TA,TA/TO,0,0,0,A,A,0,No Deposit,7.0,0,Transient,116.0,0,1
City Hotel,0,86,2017,May,21,21,2,2,2,0.0,0,BB,DNK,Online TA,TA/TO,0,0,0,A,A,0,No Deposit,9.0,0,Transient,144.0,0,1
City Hotel,0,21,2017,May,21,21,2,2,2,0.0,0,SC,NLD,Online TA,TA/TO,0,0,0,A,A,0,No Deposit,7.0,0,Transient,110.0,0,1
City Hotel,0,102,2017,May,21,21,2,2,2,0.0,0,BB,FRA,Online TA,TA/TO,0,0,0,A,A,0,No Deposit,9.0,0,Transient,137.25,0,1
City Hotel,0,18,2017,May,20,20,2,3,2,0.0,0,SC,FRA,Online TA,TA/TO,0,0,0,A,A,0,No Deposit,9.0,0,Transient,142.0,0,2
City Hotel,0,102,2017,May,21,21,2,2,2,0.0,0,BB,FRA,Online TA,TA/TO,0,0,0,A,A,0,No Deposit,9.0,0,Transient,137.25,0,2
City Hotel,0,192,2017,May,21,23,0,2,2,0.0,0,BB,ISR,Direct,Direct,0,0,0,A,D,2,No Deposit,14.0,0,Transient,117.1,1,2
City Hotel,0,0,2017,May,21,23,0,2,2,0.0,0,BB,ITA,Direct,Direct,0,0,0,D,D,0,No Deposit,,0,Transient,185.0,0,0
City Hotel,0,14,2017,May,21,21,2,2,2,0.0,0,BB,GBR,Online TA,TA/TO,0,0,0,E,E,0,No Deposit,9.0,0,Transient,195.0,0,1
City Hotel,0,115,2017,May,20,20,2,3,2,0.0,0,BB,CHE,Offline TA/TO,TA/TO,0,0,0,A,D,0,No Deposit,28.0,0,Transient,85.0,0,0
City Hotel,0,115,2017,May,21,22,1,2,2,0.0,0,BB,FRA,Online TA,TA/TO,0,0,0,A,A,0,No Deposit,9.0,0,Transient,135.0,0,4
City Hotel,0,15,2017,May,21,25,0,3,2,0.0,0,BB,IRL,Online TA,TA/TO,0,0,0,A,D,1,No Deposit,9.0,0,Transient,12.0,0,2
City Hotel,0,7,2017,May,21,24,0,1,2,0.0,0,BB,PRT,Direct,Direct,0,0,0,D,D,0,No Deposit,,0,Transient,166.5,0,1
City Hotel,0,23,2017,May,21,22,1,2,2,0.0,0,BB,ISR,Online TA,TA/TO,0,0,0,D,D,0,No Deposit,7.0,0,Transient,129.2,0,1
City Hotel,0,21,2017,May,21,21,2,2,2,0.0,0,BB,CHE,Online TA,TA/TO,0,0,0,A,A,0,No Deposit,8.0,0,Transient,157.5,0,1
City Hotel,0,26,2017,May,21,21,2,2,2,0.0,0,BB,DEU,Online TA,TA/TO,0,0,0,D,D,0,No Deposit,9.0,0,Transient,190.0,0,1
City Hotel,0,90,2017,May,21,21,2,2,2,0.0,0,SC,USA,Online TA,TA/TO,0,0,0,A,A,0,No Deposit,9.0,0,Transient,119.25,0,1
City Hotel,0,25,2017,May,21,22,1,3,2,0.0,0,SC,DEU,Online TA,TA/TO,0,0,0,A,A,0,No Deposit,9.0,0,Transient,145.0,0,1
City Hotel,0,15,2017,May,21,25,0,1,2,0.0,0,SC,CN,Online TA,TA/TO,0,0,0,A,B,0,No Deposit,7.0,0,Transient,128.0,0,1
City Hotel,0,225,2017,May,21,22,1,3,2,0.0,0,SC,DEU,Online TA,TA/TO,0,0,0,A,A,0,No Deposit,7.0,0,Transient,82.47,0,1
City Hotel,0,60,2017,May,21,23,0,3,2,0.0,0,HB,ESP,Direct,Direct,0,0,0,A,A,1,No Deposit,14.0,0,Transient,189.0,1,0
City Hotel,0,208,2017,May,21,24,0,2,2,0.0,0,HB,DEU,Groups,TA/TO,0,0,0,A,A,0,No Deposit,6.0,0,Transient-Party,114.4,0,0
City Hotel,0,170,2017,May,21,23,0,3,2,0.0,0,BB,IRL,Direct,Direct,0,0,0,A,A,0,No Deposit,14.0,0,Transient,108.0,0,1
City Hotel,0,22,2017,May,21,24,0,2,2,0.0,0,BB,GBR,Direct,Direct,0,0,0,F,F,0,No Deposit,14.0,0,Transient,265.0,0,0
City Hotel,0,19,2017,May,21,25,0,1,2,0.0,0,BB,PRT,Online TA,TA/TO,0,0,0,D,E,0,No Deposit,9.0,0,Transient,190.0,0,1
City Hotel,0,9,2017,July,26,1,2,1,2,0.0,0,SC,PRT,Online TA,TA/TO,1,0,1,A,A,0,No Deposit,9.0,0,Transient,142.33,0,1
City Hotel,0,208,2017,May,21,24,0,2,2,0.0,0,HB,DEU,Groups,TA/TO,0,0,0,A,A,0,No Deposit,6.0,0,Transient-Party,114.4,0,0
City Hotel,0,281,2017,May,21,23,0,3,2,0.0,0,BB,AUT,Online TA,TA/TO,0,0,0,A,A,0,No Deposit,9.0,0,Transient,109.8,0,2
City Hotel,0,208,2017,May,21,24,0,2,2,0.0,0,HB,DEU,Groups,TA/TO,0,0,0,A,A,0,No Deposit,6.0,0,Transient-Party,114.4,0,0
City Hotel,0,208,2017,May,21,24,0,2,2,0.0,0,HB,DEU,Groups,TA/TO,0,0,0,A,A,0,No Deposit,6.0,0,Transient-Party,114.4,0,0
City Hotel,0,208,2017,May,21,24,0,2,2,0.0,0,HB,DEU,Groups,TA/TO,0,0,0,A,A,0,No Deposit,6.0,0,Transient-Party,114.4,0,0
City Hotel,0,208,2017,May,21,24,0,2,2,0.0,0,HB,DEU,Groups,TA/TO,0,0,0,A,A,0,No Deposit,6.0,0,Transient-Party,114.4,0,0
City Hotel,0,208,2017,May,21,24,0,2,2,0.0,0,HB,DEU,Groups,TA/TO,0,0,0,A,A,0,No Deposit,6.0,0,Transient-Party,114.4,0,0
City Hotel,0,208,2017,May,21,24,0,2,2,0.0,0,HB,DEU,Groups,TA/TO,0,0,0,A,A,0,No Deposit,6.0,0,Transient-Party,114.4,0,0
City Hotel,0,208,2017,May,21,24,0,2,2,0.0,0,HB,DEU,Groups,TA/TO,0,0,0,A,A,0,No Deposit,6.0,0,Transient-Party,114.4,0,0
City Hotel,0,208,2017,May,21,24,0,2,2,0.0,0,HB,DEU,Groups,TA/TO,0,0,0,A,A,0,No Deposit,6.0,0,Transient-Party,114.4,0,0
City Hotel,0,208,2017,May,21,24,0,2,2,0.0,0,HB,DEU,Groups,TA/TO,0,0,0,A,A,0,No Deposit,6.0,0,Transient-Party,114.4,0,0
City Hotel,0,208,2017,May,21,24,0,2,2,0.0,0,HB,DEU,Groups,TA/TO,0,0,0,A,A,0,No Deposit,6.0,0,Transient-Party,114.4,0,0
City Hotel,0,208,2017,May,21,24,0,2,2,0.0,0,HB,DEU,Groups,TA/TO,0,0,0,A,A,0,No Deposit,6.0,0,Transient-Party,114.4,0,0
City Hotel,0,208,2017,May,21,24,0,2,2,0.0,0,HB,DEU,Groups,TA/TO,0,0,0,A,A,0,No Deposit,6.0,0,Transient-Party,114.4,0,0
City Hotel,0,208,2017,May,21,24,0,2,2,0.0,0,HB,DEU,Groups,TA/TO,0,0,0,A,A,0,No Deposit,6.0,0,Transient-Party,114.4,0,0
City Hotel,0,208,2017,May,21,24,0,2,2,0.0,0,HB,DEU,Groups,TA/TO,0,0,0,A,A,0,No Deposit,6.0,0,Transient-Party,114.4,0,0
City Hotel,0,208,2017,May,21,24,0,2,2,0.0,0,HB,DEU,Groups,TA/TO,0,0,0,A,A,0,No Deposit,6.0,0,Transient-Party,114.4,0,0
City Hotel,0,208,2017,May,21,24,0,2,2,0.0,0,HB,DEU,Groups,TA/TO,0,0,0,A,A,0,No Deposit,6.0,0,Transient-Party,114.4,0,0
City Hotel,0,208,2017,May,21,24,0,2,2,0.0,0,HB,DEU,Groups,TA/TO,0,0,0,A,A,0,No Deposit,6.0,0,Transient-Party,114.4,0,0
City Hotel,0,208,2017,May,21,24,0,2,2,0.0,0,HB,DEU,Groups,TA/TO,0,0,0,A,A,0,No Deposit,6.0,0,Transient-Party,114.4,0,0
City Hotel,0,200,2017,May,21,24,0,2,2,0.0,0,BB,FRA,Online TA,TA/TO,0,0,0,D,D,0,No Deposit,9.0,0,Transient,138.6,0,3
City Hotel,0,10,2017,May,21,25,0,1,2,0.0,0,SC,CN,Online TA,TA/TO,0,0,0,A,A,0,No Deposit,9.0,0,Transient,160.0,0,2
City Hotel,0,208,2017,May,21,24,0,2,2,0.0,0,HB,DEU,Groups,TA/TO,0,0,0,A,A,0,No Deposit,6.0,0,Transient-Party,114.4,0,0
City Hotel,0,208,2017,May,21,24,0,2,2,0.0,0,HB,DEU,Groups,TA/TO,0,0,0,A,A,0,No Deposit,6.0,0,Transient-Party,114.4,0,0
City Hotel,0,208,2017,May,21,24,0,2,2,0.0,0,HB,DEU,Groups,TA/TO,0,0,0,A,A,0,No Deposit,6.0,0,Transient-Party,114.4,0,0
City Hotel,0,200,2017,May,21,24,0,2,2,0.0,0,BB,FRA,Online TA,TA/TO,0,0,0,D,D,0,No Deposit,9.0,0,Transient,138.6,0,3
City Hotel,0,208,2017,May,21,24,0,2,2,0.0,0,HB,DEU,Groups,TA/TO,0,0,0,A,A,0,No Deposit,6.0,0,Transient-Party,114.4,0,0
City Hotel,0,208,2017,May,21,24,0,2,2,0.0,0,HB,DEU,Groups,TA/TO,0,0,0,A,A,0,No Deposit,6.0,0,Transient-Party,114.4,0,0
City Hotel,0,208,2017,May,21,24,0,2,2,0.0,0,HB,DEU,Groups,TA/TO,0,0,0,A,A,0,No Deposit,6.0,0,Transient-Party,114.4,0,0
City Hotel,0,208,2017,May,21,24,0,2,2,0.0,0,HB,DEU,Groups,TA/TO,0,0,0,A,A,0,No Deposit,6.0,0,Transient-Party,114.4,0,0
City Hotel,0,212,2017,May,21,23,0,3,2,0.0,0,BB,FRA,Online TA,TA/TO,0,0,0,A,A,0,No Deposit,9.0,0,Transient,125.1,0,2
City Hotel,0,10,2017,May,21,24,0,2,2,0.0,0,BB,ESP,Online TA,TA/TO,0,0,0,A,A,1,No Deposit,9.0,0,Transient,170.0,0,1
City Hotel,0,208,2017,May,21,24,0,2,2,0.0,0,HB,DEU,Groups,TA/TO,0,0,0,A,A,0,No Deposit,6.0,0,Transient-Party,114.4,0,0
City Hotel,0,7,2017,May,21,23,0,3,2,0.0,0,HB,FRA,Online TA,TA/TO,0,0,0,A,A,0,No Deposit,9.0,0,Transient,227.0,0,1
City Hotel,0,33,2017,May,21,22,1,3,2,0.0,0,BB,FRA,Direct,Direct,0,0,0,A,A,0,No Deposit,,0,Transient,158.0,0,0
City Hotel,0,0,2017,May,21,25,0,1,2,0.0,0,BB,PRT,Direct,Direct,0,0,0,D,D,0,No Deposit,,0,Transient,160.0,0,0
City Hotel,0,124,2017,May,20,20,2,4,2,0.0,0,BB,DEU,Online TA,TA/TO,0,0,0,A,A,0,No Deposit,9.0,0,Transient,126.0,0,1
City Hotel,0,68,2017,May,21,22,1,3,2,0.0,0,BB,BRA,Direct,Direct,0,0,0,A,A,2,No Deposit,14.0,0,Transient-Party,144.0,0,0
City Hotel,0,10,2017,May,21,23,0,3,2,0.0,0,SC,CHE,Online TA,TA/TO,0,0,0,A,A,0,No Deposit,9.0,0,Transient,107.1,0,0
City Hotel,0,50,2017,May,21,22,1,3,2,0.0,0,BB,DEU,Online TA,TA/TO,0,0,0,D,D,0,No Deposit,9.0,0,Transient,199.0,0,1
City Hotel,0,126,2017,May,21,21,2,3,2,0.0,0,BB,NLD,Online TA,TA/TO,0,0,0,D,D,0,No Deposit,9.0,0,Transient,136.8,0,2
City Hotel,0,46,2017,May,21,22,1,3,2,0.0,0,BB,FRA,Online TA,TA/TO,0,0,0,D,D,0,No Deposit,9.0,0,Transient,190.0,0,1
City Hotel,0,208,2017,May,21,24,0,2,2,0.0,0,HB,DEU,Groups,TA/TO,0,0,0,A,A,0,No Deposit,6.0,0,Transient-Party,114.4,0,0
City Hotel,0,19,2017,May,21,24,0,2,2,0.0,0,BB,PRT,Corporate,Corporate,0,0,0,A,A,0,No Deposit,,0,Transient,95.0,0,2
City Hotel,0,174,2017,May,21,23,0,3,2,0.0,0,BB,GBR,Online TA,TA/TO,0,0,0,A,A,1,No Deposit,7.0,0,Transient,99.0,0,1
City Hotel,0,208,2017,May,21,24,0,2,2,0.0,0,HB,DEU,Groups,TA/TO,0,0,0,A,A,0,No Deposit,6.0,0,Transient-Party,114.4,0,0
City Hotel,0,208,2017,May,21,24,0,2,2,0.0,0,HB,DEU,Groups,TA/TO,0,0,0,A,A,0,No Deposit,6.0,0,Transient-Party,114.4,0,0
City Hotel,0,93,2017,May,21,23,0,3,2,0.0,0,BB,FRA,Online TA,TA/TO,0,0,0,A,A,1,No Deposit,9.0,0,Transient,129.0,0,1
City Hotel,0,208,2017,May,21,24,0,2,2,0.0,0,HB,DEU,Groups,TA/TO,0,0,0,A,A,0,No Deposit,6.0,0,Transient-Party,114.4,0,0
City Hotel,0,0,2017,May,21,22,1,3,2,0.0,0,BB,FRA,Online TA,TA/TO,0,0,0,D,D,0,No Deposit,9.0,0,Transient,171.0,0,0
City Hotel,0,28,2017,May,21,24,0,2,2,0.0,0,SC,USA,Online TA,TA/TO,0,0,0,A,A,0,No Deposit,9.0,0,Transient,160.0,0,0
City Hotel,0,208,2017,May,21,24,0,2,2,0.0,0,HB,DEU,Groups,TA/TO,0,0,0,A,A,0,No Deposit,6.0,0,Transient-Party,114.4,0,0
City Hotel,0,208,2017,May,21,24,0,2,2,0.0,0,HB,DEU,Groups,TA/TO,0,0,0,A,A,0,No Deposit,6.0,0,Transient-Party,114.4,0,0
City Hotel,0,72,2017,May,21,22,1,3,2,0.0,0,BB,DEU,Online TA,TA/TO,0,0,0,D,D,0,No Deposit,7.0,0,Transient,136.8,0,0
City Hotel,0,68,2017,May,21,22,1,3,2,0.0,0,BB,BRA,Direct,Direct,0,0,0,A,A,2,No Deposit,14.0,0,Transient-Party,144.0,0,0
City Hotel,0,112,2017,May,21,26,0,1,2,0.0,0,SC,USA,Online TA,TA/TO,0,0,0,A,A,0,No Deposit,9.0,0,Transient,126.0,0,0
City Hotel,0,112,2017,May,21,26,0,1,2,0.0,0,SC,USA,Online TA,TA/TO,0,0,0,A,A,0,No Deposit,9.0,0,Transient,126.0,0,0
City Hotel,0,112,2017,May,21,26,0,1,2,0.0,0,SC,USA,Online TA,TA/TO,0,0,0,A,A,0,No Deposit,9.0,0,Transient,126.0,0,0
City Hotel,0,12,2017,May,21,25,0,2,2,0.0,0,SC,IDN,Online TA,TA/TO,0,0,0,A,A,0,No Deposit,9.0,0,Transient,160.0,0,3
City Hotel,0,133,2017,May,21,26,0,1,2,0.0,0,SC,CN,Online TA,TA/TO,0,0,0,A,A,0,No Deposit,9.0,0,Transient,108.0,0,1
City Hotel,0,13,2017,May,21,25,0,2,2,0.0,0,SC,FRA,Online TA,TA/TO,0,0,0,A,A,0,No Deposit,9.0,0,Transient,160.0,0,1
City Hotel,0,59,2017,May,21,26,0,1,2,0.0,0,BB,DEU,Offline TA/TO,TA/TO,0,0,0,A,A,0,No Deposit,205.0,0,Transient,136.0,0,0
City Hotel,0,226,2017,May,21,24,0,3,2,0.0,0,SC,BEL,Online TA,TA/TO,0,0,0,A,A,0,No Deposit,9.0,0,Transient,107.1,0,1
City Hotel,0,228,2017,May,21,23,0,4,2,0.0,0,SC,BEL,Online TA,TA/TO,0,0,0,A,A,0,No Deposit,9.0,0,Transient,107.1,0,2
City Hotel,0,23,2017,May,21,26,0,1,2,0.0,0,SC,BRA,Online TA,TA/TO,0,0,0,A,A,0,No Deposit,85.0,0,Transient,137.0,0,0
City Hotel,0,353,2017,May,21,24,0,3,2,0.0,0,SC,GBR,Online TA,TA/TO,0,0,0,A,A,0,No Deposit,9.0,0,Transient,99.0,0,1
City Hotel,0,14,2017,May,21,26,0,1,2,0.0,0,SC,USA,Online TA,TA/TO,0,0,0,A,A,0,No Deposit,9.0,0,Transient,160.0,0,3
City Hotel,0,11,2017,May,21,25,0,2,2,0.0,0,SC,BRA,Online TA,TA/TO,0,0,0,A,A,0,No Deposit,9.0,0,Transient,160.0,0,1
City Hotel,0,30,2017,May,21,26,0,1,2,0.0,0,SC,ISR,Online TA,TA/TO,0,0,0,A,A,0,No Deposit,9.0,0,Transient,160.0,0,1
City Hotel,0,30,2017,May,21,26,0,1,2,0.0,0,SC,ISR,Online TA,TA/TO,0,0,0,A,A,0,No Deposit,9.0,0,Transient,160.0,0,1
City Hotel,0,12,2017,May,21,24,0,3,2,0.0,0,SC,TUR,Online TA,TA/TO,0,0,0,A,A,0,No Deposit,9.0,0,Transient,153.33,0,1
City Hotel,0,22,2017,May,21,26,0,1,2,0.0,0,BB,PRT,Direct,Direct,0,0,0,A,A,0,No Deposit,,0,Transient,0.0,1,2
City Hotel,0,137,2017,May,21,23,0,4,2,0.0,0,BB,AUT,Online TA,TA/TO,0,0,0,D,D,0,No Deposit,9.0,0,Transient,139.5,0,1
City Hotel,0,24,2017,May,21,26,0,1,2,0.0,0,BB,PRT,Direct,Direct,0,0,0,A,A,1,No Deposit,14.0,0,Transient,170.0,0,0
City Hotel,0,227,2017,May,21,24,0,3,2,0.0,0,BB,FRA,Online TA,TA/TO,0,0,0,A,A,0,No Deposit,9.0,0,Transient,125.1,0,2
City Hotel,0,0,2017,May,21,26,0,1,2,0.0,0,SC,PRT,Online TA,TA/TO,0,0,0,A,A,0,No Deposit,152.0,0,Transient,118.08,0,0
City Hotel,0,341,2017,May,21,24,0,3,2,0.0,0,BB,BEL,Online TA,TA/TO,0,0,0,D,D,0,No Deposit,9.0,0,Transient,123.3,0,1
City Hotel,0,11,2017,May,21,25,0,2,2,0.0,0,SC,FRA,Online TA,TA/TO,0,0,0,A,A,0,No Deposit,9.0,0,Transient,160.0,0,1
City Hotel,0,102,2017,May,21,23,0,4,2,0.0,0,SC,DEU,Online TA,TA/TO,0,0,0,A,A,0,No Deposit,9.0,0,Transient,119.25,0,1
City Hotel,0,23,2017,May,21,26,0,1,2,0.0,0,BB,NLD,Online TA,TA/TO,0,0,0,A,A,0,No Deposit,9.0,0,Transient-Party,117.0,0,1
City Hotel,0,14,2017,May,21,25,0,2,2,0.0,0,BB,JPN,Online TA,TA/TO,0,0,0,A,A,0,No Deposit,9.0,0,Transient,180.0,0,1
City Hotel,0,151,2017,May,21,23,0,4,2,0.0,0,BB,FRA,Online TA,TA/TO,0,0,0,E,E,0,No Deposit,9.0,0,Transient,162.0,0,4
City Hotel,0,112,2017,May,21,26,0,1,2,0.0,0,SC,VEN,Online TA,TA/TO,0,0,0,A,A,0,No Deposit,9.0,0,Transient,126.0,0,0
City Hotel,0,139,2017,May,21,24,0,3,2,0.0,0,BB,BEL,Online TA,TA/TO,0,0,0,D,D,0,No Deposit,9.0,0,Transient,139.5,0,1
City Hotel,0,139,2017,May,21,24,0,3,2,0.0,0,BB,BEL,Online TA,TA/TO,0,0,0,A,A,1,No Deposit,9.0,0,Transient,128.0,0,1
City Hotel,0,289,2017,May,21,24,0,3,2,0.0,0,BB,ITA,Online TA,TA/TO,0,0,0,D,D,0,No Deposit,9.0,0,Transient,123.3,0,1
City Hotel,0,289,2017,May,21,24,0,3,2,0.0,0,BB,ITA,Online TA,TA/TO,0,0,0,D,D,0,No Deposit,9.0,0,Transient,123.3,0,1
City Hotel,0,139,2017,May,21,24,0,3,2,0.0,0,SC,BEL,Online TA,TA/TO,0,0,0,A,A,0,No Deposit,9.0,0,Transient,128.0,0,1
City Hotel,0,12,2017,May,21,24,0,3,2,0.0,0,SC,GBR,Online TA,TA/TO,0,0,0,A,A,0,No Deposit,9.0,0,Transient,99.0,0,0
City Hotel,0,353,2017,May,21,24,0,3,2,0.0,0,SC,IRL,Online TA,TA/TO,0,0,0,A,A,0,No Deposit,9.0,0,Transient,99.0,0,1
City Hotel,0,89,2017,May,21,23,0,4,2,0.0,0,BB,FIN,Online TA,TA/TO,0,0,0,A,A,0,No Deposit,9.0,0,Transient,144.0,0,2
City Hotel,0,186,2017,May,21,24,0,3,2,0.0,0,BB,CHE,Online TA,TA/TO,0,0,0,D,D,2,No Deposit,9.0,0,Transient,144.37,0,2
City Hotel,0,98,2017,May,21,26,0,1,2,0.0,0,SC,GBR,Online TA,TA/TO,0,0,0,A,A,0,No Deposit,9.0,0,Transient,126.0,0,3
City Hotel,0,98,2017,May,21,26,0,1,2,0.0,0,SC,GBR,Online TA,TA/TO,0,0,0,A,A,0,No Deposit,9.0,0,Transient,126.0,0,1
City Hotel,0,16,2017,May,21,26,0,1,2,0.0,0,SC,CHE,Online TA,TA/TO,0,0,0,A,A,0,No Deposit,9.0,0,Transient,160.0,0,2
City Hotel,0,142,2017,May,21,24,0,3,2,0.0,0,BB,AUT,Online TA,TA/TO,0,0,0,A,A,0,No Deposit,9.0,0,Transient,126.0,0,0
City Hotel,0,1,2017,May,21,26,0,1,2,0.0,0,SC,USA,Online TA,TA/TO,0,0,0,A,A,0,No Deposit,152.0,0,Transient,106.28,0,0
City Hotel,0,174,2017,May,21,25,0,3,2,0.0,0,BB,FRA,Online TA,TA/TO,0,0,0,A,A,0,No Deposit,9.0,0,Transient,126.0,0,1
City Hotel,0,137,2017,May,21,25,0,3,2,0.0,0,BB,FRA,Online TA,TA/TO,0,0,0,D,D,0,No Deposit,9.0,0,Transient,139.5,0,1
City Hotel,0,116,2017,May,21,27,0,1,2,0.0,0,SC,CN,Online TA,TA/TO,0,0,0,A,A,0,No Deposit,9.0,0,Transient,126.0,0,0
City Hotel,0,240,2017,May,21,25,0,3,2,0.0,0,BB,BEL,Online TA,TA/TO,0,0,0,D,D,0,No Deposit,9.0,0,Transient,138.6,0,2
City Hotel,0,147,2017,May,21,23,0,5,2,0.0,0,BB,SWE,Online TA,TA/TO,0,0,0,E,E,0,No Deposit,9.0,0,Transient,162.0,0,1
City Hotel,0,213,2017,May,21,24,0,4,2,0.0,0,BB,DEU,Online TA,TA/TO,0,0,0,A,A,0,No Deposit,9.0,0,Transient,125.1,0,1
City Hotel,0,87,2017,May,21,24,0,4,2,0.0,0,BB,FRA,Online TA,TA/TO,0,0,0,A,A,0,No Deposit,9.0,0,Transient,144.0,0,0
City Hotel,0,142,2017,May,21,24,0,4,2,0.0,0,BB,FRA,Online TA,TA/TO,0,0,0,A,A,0,No Deposit,9.0,0,Transient,126.0,0,0
City Hotel,0,161,2017,May,21,25,0,3,2,0.0,0,BB,PRT,Online TA,TA/TO,0,0,0,A,A,0,No Deposit,9.0,0,Transient,126.0,0,2
City Hotel,0,214,2017,May,21,25,0,3,2,0.0,0,BB,GBR,Online TA,TA/TO,0,0,0,A,A,1,No Deposit,9.0,0,Transient,117.9,0,1
City Hotel,0,127,2017,May,21,21,2,5,2,0.0,0,HB,GBR,Direct,Direct,0,0,0,D,D,1,No Deposit,14.0,0,Transient,170.3,0,1
City Hotel,0,281,2017,May,21,25,0,3,2,0.0,0,HB,BEL,Online TA,TA/TO,0,0,0,D,D,0,No Deposit,9.0,0,Transient,157.5,0,1
City Hotel,0,136,2017,May,21,24,0,4,2,0.0,0,BB,SWE,Online TA,TA/TO,0,0,0,D,D,0,No Deposit,9.0,0,Transient,139.5,0,0
City Hotel,0,281,2017,May,21,25,0,3,2,0.0,0,HB,BEL,Online TA,TA/TO,0,0,0,D,D,0,No Deposit,9.0,0,Transient,157.5,0,1
City Hotel,0,136,2017,May,21,24,0,4,2,0.0,0,BB,SWE,Online TA,TA/TO,0,0,0,D,D,0,No Deposit,9.0,0,Transient,139.5,0,0
City Hotel,0,16,2017,May,21,26,0,2,2,0.0,0,SC,ESP,Online TA,TA/TO,0,0,0,A,A,0,No Deposit,9.0,0,Transient,169.0,0,1
City Hotel,0,1,2017,May,21,26,0,2,2,0.0,0,BB,PRT,Direct,Direct,0,0,0,D,E,1,No Deposit,,0,Transient,160.0,0,1
City Hotel,0,293,2017,May,21,25,0,3,2,0.0,0,BB,DNK,Online TA,TA/TO,0,0,0,A,A,0,No Deposit,9.0,0,Transient,132.6,0,1
City Hotel,0,172,2017,May,21,24,0,4,2,0.0,0,BB,BEL,Online TA,TA/TO,0,0,0,A,A,0,No Deposit,9.0,0,Transient,126.0,0,3
City Hotel,0,157,2017,May,21,26,0,2,2,0.0,0,BB,ITA,Online TA,TA/TO,0,0,0,A,A,0,No Deposit,9.0,0,Transient,126.0,0,1
City Hotel,0,178,2017,May,21,25,0,3,2,0.0,0,BB,BEL,Online TA,TA/TO,0,0,0,A,A,0,No Deposit,9.0,0,Transient,126.0,0,2
City Hotel,0,178,2017,May,21,25,0,3,2,0.0,0,BB,BEL,Online TA,TA/TO,0,0,0,A,A,0,No Deposit,9.0,0,Transient,126.0,0,2
City Hotel,0,178,2017,May,21,25,0,3,2,0.0,0,BB,BEL,Online TA,TA/TO,0,0,0,A,A,0,No Deposit,9.0,0,Transient,126.0,0,2
City Hotel,0,180,2017,May,21,25,0,3,2,0.0,0,BB,CHE,Online TA,TA/TO,0,0,0,A,A,0,No Deposit,9.0,0,Transient,126.0,0,1
City Hotel,0,249,2017,May,21,25,0,3,2,0.0,0,BB,FRA,Online TA,TA/TO,0,0,0,B,A,1,No Deposit,9.0,0,Transient,123.05,0,3
City Hotel,0,233,2017,May,21,25,0,3,2,0.0,0,SC,FRA,Online TA,TA/TO,0,0,0,A,A,0,No Deposit,9.0,0,Transient,107.1,0,2
City Hotel,0,86,2017,May,21,26,0,2,2,0.0,0,BB,GBR,Direct,Direct,0,0,0,A,F,1,No Deposit,14.0,0,Transient,153.0,1,1
City Hotel,0,233,2017,May,21,25,0,3,2,0.0,0,SC,FRA,Online TA,TA/TO,0,0,0,A,A,0,No Deposit,9.0,0,Transient,107.1,0,2
City Hotel,0,157,2017,May,21,26,0,2,2,0.0,0,BB,ITA,Online TA,TA/TO,0,0,0,A,A,0,No Deposit,9.0,0,Transient,126.0,0,1
City Hotel,0,180,2017,May,21,25,0,3,2,0.0,0,BB,CHE,Online TA,TA/TO,0,0,0,A,A,0,No Deposit,9.0,0,Transient,126.0,0,1
City Hotel,0,181,2017,May,21,24,0,4,2,0.0,0,BB,PRT,Online TA,TA/TO,0,0,0,D,D,0,No Deposit,7.0,0,Transient,106.89,0,0
City Hotel,0,0,2017,May,21,26,0,2,2,0.0,0,BB,PRT,Direct,Direct,0,0,0,A,A,0,No Deposit,,0,Transient,135.0,0,0
City Hotel,0,165,2017,May,21,25,0,3,2,0.0,0,SC,FRA,Online TA,TA/TO,0,0,0,A,A,0,No Deposit,9.0,0,Transient,108.0,0,2
City Hotel,0,180,2017,May,21,25,0,3,2,0.0,0,BB,CHE,Online TA,TA/TO,0,0,0,A,A,0,No Deposit,9.0,0,Transient,126.0,0,1
City Hotel,0,166,2017,May,21,24,0,4,2,0.0,0,BB,BEL,Online TA,TA/TO,0,0,0,D,D,0,No Deposit,9.0,0,Transient,139.5,0,2
City Hotel,0,226,2017,May,21,25,0,3,2,0.0,0,BB,AUT,Online TA,TA/TO,0,0,0,A,A,0,No Deposit,9.0,0,Transient,125.1,0,2
City Hotel,0,162,2017,May,21,25,0,3,2,0.0,0,BB,FRA,Online TA,TA/TO,0,0,0,A,A,0,No Deposit,9.0,0,Transient,126.0,0,1
City Hotel,0,31,2017,May,21,24,0,4,2,0.0,0,BB,PER,Online TA,TA/TO,0,0,0,D,D,0,No Deposit,9.0,0,Transient,190.0,0,1
City Hotel,0,225,2017,May,21,25,0,3,2,0.0,0,BB,DEU,Online TA,TA/TO,0,0,0,A,A,0,No Deposit,7.0,0,Transient,91.51,0,1
City Hotel,0,131,2017,May,21,26,0,2,2,0.0,0,SC,DEU,Online TA,TA/TO,0,0,0,A,A,0,No Deposit,8.0,0,Transient,108.0,0,1
City Hotel,0,29,2017,May,21,27,0,1,2,0.0,0,SC,CHE,Online TA,TA/TO,0,0,0,A,A,0,No Deposit,9.0,0,Transient,160.0,0,0
City Hotel,0,194,2017,May,21,25,0,3,2,0.0,0,BB,BEL,Direct,Direct,0,0,0,D,D,0,No Deposit,14.0,0,Transient,129.9,0,0
City Hotel,0,159,2017,May,21,24,0,4,2,0.0,0,HB,FRA,Online TA,TA/TO,0,0,0,A,A,4,No Deposit,83.0,0,Transient,129.6,0,0
City Hotel,0,159,2017,May,21,24,0,4,2,0.0,0,BB,PRT,Offline TA/TO,TA/TO,0,0,0,A,A,0,No Deposit,85.0,0,Transient,89.1,0,0
City Hotel,0,184,2017,May,21,25,0,3,2,0.0,0,BB,FRA,Online TA,TA/TO,0,0,0,D,D,0,No Deposit,9.0,0,Transient,138.9,0,1
City Hotel,0,184,2017,May,21,25,0,3,2,0.0,0,BB,FRA,Direct,Direct,0,0,0,D,D,0,No Deposit,14.0,0,Transient,129.9,0,0
City Hotel,0,219,2017,May,21,25,0,3,2,0.0,0,BB,DEU,Online TA,TA/TO,0,0,0,A,A,0,No Deposit,7.0,0,Transient,96.33,0,1
City Hotel,0,184,2017,May,21,25,0,3,2,0.0,0,BB,FRA,Online TA,TA/TO,0,0,0,D,D,0,No Deposit,9.0,0,Transient,138.9,0,1
City Hotel,0,219,2017,May,21,25,0,3,2,0.0,0,BB,DEU,Online TA,TA/TO,0,0,0,A,A,0,No Deposit,7.0,0,Transient,96.33,0,1
City Hotel,0,219,2017,May,21,25,0,3,2,0.0,0,BB,ITA,Online TA,TA/TO,0,0,0,A,A,0,No Deposit,7.0,0,Transient,96.33,0,1
City Hotel,0,13,2017,May,21,25,0,3,2,0.0,0,BB,IRL,Online TA,TA/TO,0,0,0,D,D,0,No Deposit,9.0,0,Transient,190.0,0,1
City Hotel,0,212,2017,May,21,22,1,5,2,0.0,0,HB,HRV,Online TA,TA/TO,0,0,0,A,A,0,No Deposit,9.0,0,Transient,130.8,0,2
City Hotel,0,224,2017,May,21,25,0,3,2,0.0,0,BB,SWE,Online TA,TA/TO,0,0,0,D,D,0,No Deposit,7.0,0,Transient,106.72,0,3
City Hotel,0,0,2017,May,21,26,0,2,2,0.0,0,SC,DEU,Online TA,TA/TO,0,0,0,A,A,0,No Deposit,10.0,0,Transient,153.0,0,0
City Hotel,0,149,2017,May,21,25,0,3,2,0.0,0,BB,DEU,Online TA,TA/TO,0,0,0,E,E,0,No Deposit,9.0,0,Transient,162.0,0,2
City Hotel,0,202,2017,May,21,25,0,3,2,0.0,0,BB,CHE,Online TA,TA/TO,0,0,0,A,A,0,No Deposit,7.0,0,Transient,96.32,0,1
City Hotel,0,128,2017,May,21,26,0,2,2,0.0,0,SC,NLD,Online TA,TA/TO,0,0,0,A,A,2,No Deposit,9.0,0,Transient-Party,143.0,0,1
City Hotel,0,202,2017,May,21,25,0,3,2,0.0,0,BB,ESP,Online TA,TA/TO,0,0,0,A,A,0,No Deposit,7.0,0,Transient,96.32,0,1
City Hotel,0,128,2017,May,21,26,0,2,2,0.0,0,BB,NLD,Online TA,TA/TO,0,0,0,A,A,1,No Deposit,9.0,0,Transient-Party,126.0,0,1
City Hotel,0,128,2017,May,21,26,0,2,2,0.0,0,BB,NLD,Online TA,TA/TO,0,0,0,A,A,1,No Deposit,9.0,0,Transient-Party,126.0,0,1
City Hotel,0,128,2017,May,21,26,0,2,2,0.0,0,BB,NLD,Online TA,TA/TO,0,0,0,D,D,1,No Deposit,9.0,0,Transient-Party,135.0,0,2
City Hotel,0,24,2017,May,21,27,0,1,2,0.0,0,BB,PRT,Online TA,TA/TO,0,0,0,E,F,0,No Deposit,9.0,0,Transient-Party,220.0,0,1
City Hotel,0,128,2017,May,21,26,0,2,2,0.0,0,BB,NLD,Online TA,TA/TO,0,0,0,A,A,1,No Deposit,9.0,0,Transient-Party,126.0,0,1
City Hotel,0,128,2017,May,21,26,0,2,2,0.0,0,BB,NLD,Online TA,TA/TO,0,0,0,A,A,1,No Deposit,9.0,0,Transient-Party,121.5,0,1
City Hotel,0,128,2017,May,21,26,0,2,2,0.0,0,BB,NLD,Online TA,TA/TO,0,0,0,A,A,1,No Deposit,9.0,0,Transient-Party,144.0,0,1
City Hotel,0,180,2017,May,21,25,0,3,2,0.0,0,SC,FRA,Online TA,TA/TO,0,0,0,A,C,0,No Deposit,9.0,0,Transient,108.0,0,2
City Hotel,0,178,2017,May,21,25,0,3,2,0.0,0,SC,FRA,Online TA,TA/TO,0,0,0,A,A,0,No Deposit,9.0,0,Transient,108.0,0,1
City Hotel,0,165,2017,May,21,25,0,3,2,0.0,0,BB,AUT,Online TA,TA/TO,0,0,0,A,A,0,No Deposit,9.0,0,Transient,126.0,0,1
City Hotel,0,159,2017,May,21,24,0,4,2,0.0,0,HB,FRA,Online TA,TA/TO,0,0,0,A,A,5,No Deposit,83.0,0,Transient,150.3,0,1
City Hotel,0,300,2017,May,21,25,0,3,2,0.0,0,SC,CHE,Online TA,TA/TO,0,0,0,A,A,0,No Deposit,9.0,0,Transient,99.0,0,1
City Hotel,0,149,2017,May,21,25,0,3,2,0.0,0,BB,DEU,Online TA,TA/TO,0,0,0,E,E,0,No Deposit,9.0,0,Transient,162.0,0,2
City Hotel,0,130,2017,May,21,23,1,5,2,0.0,0,BB,DEU,Offline TA/TO,TA/TO,0,0,0,A,A,0,No Deposit,85.0,0,Transient,89.1,0,1
City Hotel,0,116,2017,May,21,26,1,2,2,0.0,0,SC,LUX,Online TA,TA/TO,0,0,0,A,A,0,No Deposit,9.0,0,Transient,126.0,0,0
City Hotel,0,11,2017,May,22,28,1,0,2,0.0,0,BB,PRT,Complementary,Direct,0,0,0,A,D,0,No Deposit,,0,Transient,0.0,0,1
City Hotel,0,51,2017,May,21,26,1,2,2,0.0,0,SC,ROU,Online TA,TA/TO,0,0,0,A,A,0,No Deposit,9.0,0,Transient,160.0,0,1
City Hotel,0,179,2017,May,21,25,1,3,2,0.0,0,SC,AUT,Online TA,TA/TO,0,0,0,A,A,0,No Deposit,9.0,0,Transient,111.0,0,1
City Hotel,0,179,2017,May,21,25,1,3,2,0.0,0,SC,AUT,Online TA,TA/TO,0,0,0,A,A,0,No Deposit,9.0,0,Transient,111.0,0,1
City Hotel,0,179,2017,May,21,25,1,3,2,0.0,0,SC,AUT,Online TA,TA/TO,0,0,0,A,A,0,No Deposit,9.0,0,Transient,111.0,0,1
City Hotel,0,179,2017,May,21,25,1,3,2,0.0,0,SC,AUT,Online TA,TA/TO,0,0,0,A,A,0,No Deposit,9.0,0,Transient,111.0,0,1
City Hotel,0,207,2017,May,21,25,1,3,2,0.0,0,SC,FRA,Online TA,TA/TO,0,0,0,A,A,0,No Deposit,9.0,0,Transient,107.1,0,2
City Hotel,0,128,2017,May,21,26,1,2,2,0.0,0,BB,PRT,Offline TA/TO,TA/TO,0,0,0,A,A,1,No Deposit,28.0,0,Transient,85.0,0,0
City Hotel,0,0,2017,May,21,27,1,1,2,0.0,0,BB,PRT,Offline TA/TO,TA/TO,0,0,0,A,A,0,No Deposit,28.0,0,Transient,85.0,0,0
City Hotel,0,227,2017,May,21,25,1,3,2,0.0,0,BB,BEL,Online TA,TA/TO,0,0,0,A,A,0,No Deposit,9.0,0,Transient,125.1,0,0
City Hotel,0,227,2017,May,21,25,1,3,2,0.0,0,BB,BEL,Online TA,TA/TO,0,0,0,A,A,0,No Deposit,9.0,0,Transient,125.1,0,0
City Hotel,0,227,2017,May,21,25,1,3,2,0.0,0,BB,BEL,Online TA,TA/TO,0,0,0,A,A,0,No Deposit,9.0,0,Transient,125.1,0,0
City Hotel,0,187,2017,May,21,25,1,3,2,0.0,0,BB,NLD,Online TA,TA/TO,0,0,0,D,D,0,No Deposit,9.0,0,Transient,138.83,0,1
City Hotel,0,145,2017,May,21,26,1,2,2,0.0,0,SC,GBR,Online TA,TA/TO,0,0,0,A,A,0,No Deposit,9.0,0,Transient,112.0,0,0
City Hotel,0,246,2017,May,21,27,1,1,2,0.0,0,BB,PRT,Offline TA/TO,TA/TO,0,0,0,A,A,0,No Deposit,12.0,0,Transient-Party,128.0,0,1
City Hotel,0,246,2017,May,21,27,1,1,2,0.0,0,BB,PRT,Offline TA/TO,TA/TO,0,0,0,A,A,0,No Deposit,12.0,0,Transient-Party,128.0,0,1
City Hotel,0,165,2017,May,21,26,1,2,2,0.0,0,SC,ESP,Online TA,TA/TO,0,0,0,A,A,0,No Deposit,9.0,0,Transient,112.0,0,1
City Hotel,0,165,2017,May,21,26,1,2,2,0.0,0,BB,ESP,Online TA,TA/TO,0,0,0,D,D,0,No Deposit,9.0,0,Transient,139.5,0,1
City Hotel,0,246,2017,May,21,27,1,1,2,0.0,0,BB,PRT,Offline TA/TO,TA/TO,0,0,0,A,A,0,No Deposit,12.0,0,Transient-Party,128.0,0,1
City Hotel,0,246,2017,May,21,27,1,1,2,0.0,0,BB,PRT,Offline TA/TO,TA/TO,0,0,0,A,A,0,No Deposit,12.0,0,Transient-Party,128.0,0,1
City Hotel,0,246,2017,May,21,27,1,1,2,0.0,0,BB,PRT,Offline TA/TO,TA/TO,0,0,0,A,A,0,No Deposit,12.0,0,Transient-Party,128.0,0,1
City Hotel,0,6,2017,May,22,28,1,0,2,0.0,0,BB,BRA,Direct,Direct,0,0,0,A,A,0,No Deposit,,0,Transient-Party,153.0,0,4
City Hotel,0,246,2017,May,21,27,1,1,2,0.0,0,BB,PRT,Offline TA/TO,TA/TO,0,0,0,A,A,0,No Deposit,12.0,0,Transient-Party,128.0,0,1
City Hotel,0,344,2017,May,21,27,1,1,2,0.0,0,BB,PRT,Offline TA/TO,TA/TO,0,0,0,A,A,0,No Deposit,12.0,98,Transient-Party,128.0,0,1
City Hotel,0,246,2017,May,21,27,1,1,2,0.0,0,BB,PRT,Offline TA/TO,TA/TO,0,0,0,A,A,0,No Deposit,12.0,0,Transient-Party,128.0,0,1
City Hotel,0,246,2017,May,21,27,1,1,2,0.0,0,BB,PRT,Offline TA/TO,TA/TO,0,0,0,A,A,0,No Deposit,12.0,0,Transient-Party,128.0,0,1
City Hotel,0,246,2017,May,21,27,1,1,2,0.0,0,BB,PRT,Offline TA/TO,TA/TO,0,0,0,A,A,0,No Deposit,12.0,0,Transient-Party,128.0,0,1
City Hotel,0,246,2017,May,21,27,1,1,2,0.0,0,BB,PRT,Offline TA/TO,TA/TO,0,0,0,A,A,0,No Deposit,12.0,0,Transient-Party,128.0,0,1
City Hotel,0,175,2017,May,21,27,1,1,2,0.0,0,BB,ITA,Online TA,TA/TO,0,0,0,A,A,0,No Deposit,9.0,0,Transient,126.0,0,1
City Hotel,0,175,2017,May,21,27,1,1,2,0.0,0,BB,ITA,Online TA,TA/TO,0,0,0,A,A,0,No Deposit,9.0,0,Transient,126.0,0,1
City Hotel,0,175,2017,May,21,27,1,1,2,0.0,0,BB,ITA,Online TA,TA/TO,0,0,0,A,A,0,No Deposit,9.0,0,Transient,126.0,0,1
City Hotel,0,175,2017,May,21,27,1,1,2,0.0,0,BB,ITA,Online TA,TA/TO,0,0,0,A,A,0,No Deposit,9.0,0,Transient,126.0,0,1
City Hotel,0,39,2017,May,21,26,1,2,2,0.0,0,SC,FRA,Online TA,TA/TO,0,0,0,A,A,0,No Deposit,9.0,0,Transient,160.0,0,1
City Hotel,0,175,2017,May,21,27,1,1,2,0.0,0,BB,ITA,Online TA,TA/TO,0,0,0,A,A,0,No Deposit,9.0,0,Transient,126.0,0,1
City Hotel,0,246,2017,May,21,27,1,1,2,0.0,0,BB,PRT,Offline TA/TO,TA/TO,0,0,0,A,A,0,No Deposit,12.0,0,Transient-Party,128.0,0,1
City Hotel,0,229,2017,May,21,25,1,3,2,0.0,0,BB,GBR,Online TA,TA/TO,0,0,0,A,A,0,No Deposit,9.0,0,Transient,125.1,0,2
City Hotel,0,185,2017,May,21,25,1,3,2,0.0,0,BB,NLD,Online TA,TA/TO,0,0,0,D,D,0,No Deposit,9.0,0,Transient,138.83,0,1
City Hotel,0,185,2017,May,21,25,1,3,2,0.0,0,BB,NLD,Online TA,TA/TO,0,0,0,D,D,0,No Deposit,9.0,0,Transient,138.83,0,1
City Hotel,0,7,2017,May,22,28,1,0,2,0.0,0,BB,URY,Online TA,Direct,0,0,0,A,A,0,No Deposit,,0,Transient,170.0,0,1
City Hotel,0,200,2017,May,21,26,1,2,2,0.0,0,BB,GBR,Online TA,TA/TO,0,0,0,A,A,0,No Deposit,7.0,0,Transient,91.51,0,1
City Hotel,0,122,2017,May,21,23,1,5,2,0.0,0,BB,DEU,Online TA,TA/TO,0,0,0,A,A,0,No Deposit,9.0,0,Transient,126.0,0,0
City Hotel,0,251,2017,May,21,27,1,1,2,0.0,0,SC,GBR,Online TA,TA/TO,0,0,0,A,A,0,No Deposit,9.0,0,Transient,107.1,0,4
City Hotel,0,179,2017,May,21,26,1,2,2,0.0,0,BB,NLD,Online TA,TA/TO,0,0,0,A,A,0,No Deposit,8.0,0,Transient,126.0,0,0
City Hotel,0,179,2017,May,21,26,1,2,2,0.0,0,BB,NLD,Online TA,TA/TO,0,0,0,A,A,0,No Deposit,8.0,0,Transient,126.0,0,0
City Hotel,0,231,2017,May,21,25,1,3,2,0.0,0,SC,GBR,Online TA,TA/TO,0,0,0,A,A,0,No Deposit,7.0,0,Transient,82.47,0,1
City Hotel,0,121,2017,May,21,26,1,2,2,0.0,0,BB,FRA,Offline TA/TO,TA/TO,0,0,0,A,A,0,No Deposit,28.0,0,Transient,85.0,0,0
City Hotel,0,189,2017,May,21,24,1,4,2,0.0,0,BB,FIN,Direct,Direct,0,0,0,D,D,0,No Deposit,14.0,0,Transient,129.78,0,0
City Hotel,0,204,2017,May,21,24,1,4,2,0.0,0,BB,DEU,Online TA,TA/TO,0,0,0,A,A,3,No Deposit,9.0,0,Transient,117.1,0,4
City Hotel,0,11,2017,May,21,24,1,4,2,0.0,0,BB,FRA,Direct,Direct,0,0,0,D,D,0,No Deposit,14.0,0,Transient,197.0,0,2
City Hotel,0,204,2017,May,21,26,1,2,2,0.0,0,SC,GBR,Online TA,TA/TO,0,0,0,A,A,0,No Deposit,9.0,0,Transient,107.1,0,3
City Hotel,0,204,2017,May,21,26,1,2,2,0.0,0,SC,GBR,Online TA,TA/TO,0,0,0,A,A,0,No Deposit,9.0,0,Transient,107.1,0,3
City Hotel,0,97,2017,May,22,28,1,0,2,0.0,0,SC,USA,Online TA,TA/TO,0,0,0,A,A,0,No Deposit,9.0,0,Transient,140.0,0,2
City Hotel,0,127,2017,May,21,26,1,2,2,0.0,0,BB,FRA,Offline TA/TO,TA/TO,0,0,0,A,D,1,No Deposit,28.0,0,Transient,85.0,0,0
City Hotel,0,29,2017,May,22,28,1,0,2,0.0,0,SC,IRL,Online TA,TA/TO,0,0,0,A,A,0,No Deposit,7.0,0,Transient,106.4,0,1
City Hotel,0,166,2017,May,21,25,1,3,2,0.0,0,BB,DEU,Online TA,TA/TO,0,0,0,A,A,0,No Deposit,9.0,0,Transient,126.0,0,2
City Hotel,0,54,2017,May,21,26,1,2,2,0.0,0,SC,GBR,Online TA,TA/TO,0,0,0,A,A,0,No Deposit,7.0,0,Transient,121.6,0,1
City Hotel,0,152,2017,May,21,26,1,2,2,0.0,0,SC,GBR,Online TA,TA/TO,0,0,0,A,A,0,No Deposit,9.0,0,Transient,112.0,0,0
City Hotel,0,207,2017,May,21,25,1,3,2,0.0,0,SC,FRA,Online TA,TA/TO,0,0,0,A,A,0,No Deposit,9.0,0,Transient,107.1,0,2
City Hotel,0,50,2017,May,21,26,2,2,2,0.0,0,SC,DEU,Direct,Direct,0,0,0,A,D,1,No Deposit,14.0,0,Transient,180.0,0,2
City Hotel,0,196,2017,May,21,26,2,2,2,0.0,0,SC,FRA,Online TA,TA/TO,0,0,0,A,A,0,No Deposit,7.0,0,Transient,78.35,0,1
City Hotel,0,97,2017,May,21,26,2,2,2,0.0,0,BB,CHE,Online TA,TA/TO,0,0,0,A,A,1,No Deposit,9.0,0,Transient,142.5,0,1
City Hotel,0,183,2017,May,22,28,2,0,2,0.0,0,BB,USA,Online TA,TA/TO,0,0,0,D,D,0,No Deposit,9.0,0,Transient,139.5,0,1
City Hotel,0,183,2017,May,22,28,2,0,2,0.0,0,BB,USA,Online TA,TA/TO,0,0,0,D,D,0,No Deposit,9.0,0,Transient-Party,139.5,0,1
City Hotel,0,139,2017,May,21,27,2,1,2,0.0,0,SC,FRA,Online TA,TA/TO,0,0,0,A,A,0,No Deposit,9.0,0,Transient,112.0,0,0
City Hotel,0,183,2017,May,22,28,2,0,2,0.0,0,BB,USA,Online TA,TA/TO,0,0,0,D,D,1,No Deposit,9.0,0,Transient,139.5,0,1
City Hotel,0,183,2017,May,22,28,2,0,2,0.0,0,BB,USA,Online TA,TA/TO,0,0,0,D,D,1,No Deposit,9.0,0,Transient,139.5,0,1
City Hotel,0,183,2017,May,22,28,2,0,2,0.0,0,BB,USA,Online TA,TA/TO,0,0,0,A,A,2,No Deposit,9.0,0,Transient,108.0,0,1
City Hotel,0,183,2017,May,22,28,2,0,2,0.0,0,BB,USA,Online TA,TA/TO,0,0,0,D,D,1,No Deposit,9.0,0,Transient,139.5,0,1
City Hotel,0,183,2017,May,22,28,2,0,2,0.0,0,BB,USA,Online TA,TA/TO,0,0,0,A,A,2,No Deposit,9.0,0,Transient,108.0,0,1
City Hotel,0,183,2017,May,22,28,2,0,2,0.0,0,BB,USA,Online TA,TA/TO,0,0,0,D,D,1,No Deposit,9.0,0,Transient,139.5,0,1
City Hotel,0,183,2017,May,22,28,2,0,2,0.0,0,BB,USA,Online TA,TA/TO,0,0,0,A,A,2,No Deposit,9.0,0,Transient,108.0,0,1
City Hotel,0,183,2017,May,22,28,2,0,2,0.0,0,BB,USA,Online TA,TA/TO,0,0,0,D,D,1,No Deposit,9.0,0,Transient-Party,139.5,0,1
City Hotel,0,149,2017,May,21,27,2,1,2,0.0,0,SC,DEU,Online TA,TA/TO,0,0,0,A,A,0,No Deposit,9.0,0,Transient,112.0,0,0
City Hotel,0,183,2017,May,22,28,2,0,2,0.0,0,BB,USA,Online TA,TA/TO,0,0,0,A,A,2,No Deposit,9.0,0,Transient,108.0,0,1
City Hotel,0,140,2017,May,21,25,2,3,2,0.0,0,BB,DEU,Online TA,TA/TO,0,0,0,D,D,0,No Deposit,9.0,0,Transient,139.5,0,1
City Hotel,0,140,2017,May,21,25,2,3,2,0.0,0,BB,DEU,Online TA,TA/TO,0,0,0,D,D,0,No Deposit,9.0,0,Transient,139.5,0,1
City Hotel,0,222,2017,May,21,27,2,1,2,0.0,0,BB,CN,Offline TA/TO,TA/TO,0,0,0,A,A,0,No Deposit,262.0,0,Transient,89.1,0,0
City Hotel,0,150,2017,May,22,28,2,0,2,0.0,0,SC,FRA,Online TA,TA/TO,0,0,0,A,A,0,No Deposit,8.0,0,Transient,108.0,0,1
City Hotel,0,231,2017,May,21,26,2,2,2,0.0,0,BB,DEU,Online TA,TA/TO,0,0,0,A,A,0,No Deposit,9.0,0,Transient,125.1,0,2
City Hotel,0,96,2017,May,21,27,2,1,2,0.0,0,BB,FRA,Online TA,TA/TO,0,0,0,D,D,0,No Deposit,9.0,0,Transient,153.0,0,0
City Hotel,0,201,2017,May,21,24,2,4,2,0.0,0,BB,DEU,Online TA,TA/TO,0,0,0,A,A,0,No Deposit,9.0,0,Transient,125.1,0,3
City Hotel,0,61,2017,May,22,28,2,0,2,0.0,0,SC,GBR,Offline TA/TO,TA/TO,0,0,0,A,D,0,No Deposit,85.0,0,Transient,80.1,0,1
City Hotel,0,0,2017,May,22,29,1,0,2,0.0,0,SC,ARG,Direct,Direct,0,0,0,A,A,1,No Deposit,,0,Transient,119.0,0,0
City Hotel,0,0,2017,May,22,29,1,0,2,0.0,0,SC,ARG,Direct,Direct,0,0,0,A,A,0,No Deposit,,0,Transient,119.0,0,0
City Hotel,0,19,2017,May,22,29,1,0,2,0.0,0,SC,USA,Online TA,TA/TO,0,0,0,A,A,1,No Deposit,9.0,0,Transient,140.0,0,2
City Hotel,0,185,2017,May,21,25,2,3,2,0.0,0,BB,DEU,Offline TA/TO,TA/TO,0,0,0,D,D,0,No Deposit,16.0,0,Transient,92.65,0,0
City Hotel,0,243,2017,May,22,29,1,0,2,0.0,0,SC,GBR,Online TA,TA/TO,0,0,0,A,A,0,No Deposit,9.0,0,Transient,107.1,0,1
City Hotel,0,243,2017,May,22,29,1,0,2,0.0,0,SC,GBR,Online TA,TA/TO,0,0,0,A,A,0,No Deposit,9.0,0,Transient,107.1,0,1
City Hotel,0,123,2017,May,21,27,2,1,2,0.0,0,SC,DEU,Online TA,TA/TO,0,0,0,A,A,0,No Deposit,9.0,0,Transient,108.0,0,0
City Hotel,0,4,2017,May,21,27,2,1,2,0.0,0,BB,DEU,Offline TA/TO,TA/TO,0,0,0,D,E,0,No Deposit,27.0,0,Transient,109.0,0,1
City Hotel,0,141,2017,May,21,26,2,2,2,0.0,0,BB,PRT,Offline TA/TO,TA/TO,0,0,0,A,A,0,No Deposit,42.0,0,Transient,89.1,0,1
City Hotel,0,130,2017,May,21,26,2,2,2,0.0,0,SC,FRA,Online TA,TA/TO,0,0,0,A,A,0,No Deposit,9.0,0,Transient,116.0,0,0
City Hotel,0,70,2017,May,22,28,2,0,2,0.0,0,BB,IRL,Online TA,TA/TO,0,0,0,D,D,0,No Deposit,9.0,0,Transient,171.0,0,1
City Hotel,0,135,2017,May,21,26,2,2,2,0.0,0,SC,LUX,Online TA,TA/TO,0,0,0,A,A,0,No Deposit,9.0,0,Transient,111.0,0,1
City Hotel,0,135,2017,May,21,26,2,2,2,0.0,0,SC,FRA,Online TA,TA/TO,0,0,0,A,A,0,No Deposit,9.0,0,Transient,111.0,0,1
City Hotel,0,183,2017,May,22,28,2,0,2,0.0,0,BB,USA,Online TA,TA/TO,0,0,0,A,A,2,No Deposit,9.0,0,Transient,108.0,0,1
City Hotel,0,0,2017,May,22,29,1,0,2,0.0,0,BB,PRT,Online TA,TA/TO,0,0,0,A,A,0,No Deposit,9.0,0,Transient,139.0,0,1
City Hotel,0,172,2017,May,21,27,2,1,2,0.0,0,BB,FRA,Direct,Direct,0,0,0,A,A,0,No Deposit,14.0,0,Transient,108.0,0,0
City Hotel,0,51,2017,May,21,27,2,1,2,0.0,0,BB,BRA,Online TA,TA/TO,0,0,0,E,E,1,No Deposit,9.0,0,Transient,260.0,0,2
City Hotel,0,6,2017,May,22,28,2,0,2,0.0,0,BB,BRA,Direct,Direct,0,0,0,A,A,0,No Deposit,,0,Transient-Party,144.0,0,4
City Hotel,0,104,2017,May,21,26,2,3,2,0.0,0,SC,DEU,Online TA,TA/TO,0,0,0,A,A,0,No Deposit,9.0,0,Transient,128.8,0,0
City Hotel,0,223,2017,May,20,16,4,11,2,0.0,0,SC,SWE,Online TA,TA/TO,0,0,0,A,A,0,No Deposit,7.0,0,Transient,78.35,0,1
City Hotel,0,87,2017,May,21,27,2,2,2,0.0,0,BB,AUT,Online TA,TA/TO,0,0,0,D,D,0,No Deposit,9.0,0,Transient,157.5,0,0
City Hotel,0,12,2017,May,22,30,0,1,2,0.0,0,SC,BRA,Online TA,TA/TO,0,0,0,A,A,0,No Deposit,9.0,0,Transient,120.0,0,0
City Hotel,0,112,2017,May,21,27,2,2,2,0.0,0,BB,SWE,Online TA,TA/TO,0,0,0,D,D,0,No Deposit,9.0,0,Transient,153.0,1,2
City Hotel,0,0,2017,May,22,30,0,1,2,0.0,0,SC,AUS,Direct,Direct,0,0,0,A,A,0,No Deposit,14.0,0,Transient,119.0,0,0
City Hotel,0,112,2017,May,22,28,2,1,2,0.0,0,HB,BRA,Online TA,TA/TO,0,0,0,A,B,0,No Deposit,7.0,0,Transient,137.21,0,1
City Hotel,0,1,2017,May,22,30,0,1,2,0.0,0,BB,CHN,Online TA,TA/TO,0,0,0,F,F,1,No Deposit,9.0,0,Transient,206.1,0,0
City Hotel,0,23,2017,May,22,30,0,1,2,0.0,0,BB,PRT,Online TA,TA/TO,0,0,0,A,A,0,No Deposit,9.0,0,Transient,160.0,0,1
City Hotel,0,12,2017,May,22,30,0,1,2,0.0,0,BB,PRT,Corporate,Corporate,0,0,0,A,A,0,No Deposit,,0,Transient,144.0,0,1
City Hotel,0,174,2017,May,21,26,2,3,2,0.0,0,HB,DEU,Online TA,TA/TO,0,0,0,A,A,0,No Deposit,9.0,0,Transient,162.0,0,2
City Hotel,0,174,2017,May,21,26,2,3,2,0.0,0,HB,DEU,Online TA,TA/TO,0,0,0,A,A,0,No Deposit,9.0,0,Transient,162.0,0,2
City Hotel,0,144,2017,May,22,28,2,1,2,0.0,0,BB,FRA,Online TA,TA/TO,0,0,0,A,A,0,No Deposit,9.0,0,Transient,130.67,0,0
City Hotel,0,24,2017,May,22,28,2,1,2,0.0,0,SC,AUT,Online TA,TA/TO,0,0,0,A,A,0,No Deposit,9.0,0,Transient,146.67,0,1
City Hotel,0,198,2017,May,21,25,2,4,2,0.0,0,BB,BEL,Online TA,TA/TO,0,0,0,D,D,0,No Deposit,9.0,0,Transient,138.6,0,1
City Hotel,0,133,2017,May,22,29,1,1,2,0.0,0,SC,DEU,Online TA,TA/TO,0,0,0,A,A,0,No Deposit,7.0,0,Transient,83.16,0,1
City Hotel,0,170,2017,May,21,27,2,2,2,0.0,0,BB,CHE,Online TA,TA/TO,0,0,0,A,A,0,No Deposit,9.0,0,Transient,126.0,0,3
City Hotel,0,75,2017,May,21,27,2,2,2,0.0,0,BB,BEL,Offline TA/TO,TA/TO,0,0,0,A,A,0,No Deposit,394.0,0,Transient,99.0,0,0
City Hotel,0,69,2017,May,21,27,2,2,2,0.0,0,BB,NLD,Online TA,TA/TO,0,0,0,D,D,0,No Deposit,9.0,0,Transient,171.0,0,3
City Hotel,0,95,2017,May,21,27,2,2,2,0.0,0,BB,BEL,Online TA,TA/TO,0,0,0,D,D,0,No Deposit,9.0,0,Transient,153.0,0,2
City Hotel,0,41,2017,May,22,28,2,1,2,0.0,0,BB,NOR,Online TA,TA/TO,0,0,0,D,D,0,No Deposit,9.0,0,Transient,190.0,0,1
City Hotel,0,66,2017,May,22,28,2,1,2,0.0,0,BB,DEU,Offline TA/TO,TA/TO,0,0,0,A,A,0,No Deposit,28.0,0,Transient,89.1,0,0
City Hotel,0,119,2017,May,22,29,1,1,2,0.0,0,BB,NOR,Online TA,TA/TO,0,0,0,A,A,0,No Deposit,9.0,0,Transient,135.0,0,0
City Hotel,0,128,2017,May,22,29,1,2,2,0.0,0,SC,GBR,Online TA,TA/TO,0,0,0,A,A,0,No Deposit,7.0,0,Transient,83.16,0,1
City Hotel,0,0,2017,May,22,31,0,1,2,0.0,0,BB,USA,Online TA,TA/TO,0,0,0,A,A,0,No Deposit,9.0,0,Transient,180.0,0,0
City Hotel,0,114,2017,May,22,28,2,2,2,0.0,0,BB,AUT,Direct,Direct,0,0,0,D,D,0,No Deposit,,0,Transient,95.0,0,0
City Hotel,0,90,2017,May,22,30,0,2,2,0.0,0,BB,IRL,Online TA,TA/TO,0,0,0,D,D,0,No Deposit,9.0,0,Transient,153.0,0,1
City Hotel,0,67,2017,May,22,29,1,2,2,0.0,0,SC,FRA,Offline TA/TO,TA/TO,0,0,0,A,A,0,No Deposit,168.0,0,Transient,80.1,0,0
City Hotel,0,0,2017,May,22,29,1,2,2,0.0,0,BB,GBR,Online TA,TA/TO,0,0,0,D,D,0,No Deposit,9.0,0,Transient,153.0,0,0
City Hotel,0,0,2017,May,22,29,1,2,2,0.0,0,BB,GBR,Online TA,TA/TO,0,0,0,D,D,0,No Deposit,9.0,0,Transient,153.0,0,2
City Hotel,0,113,2017,May,22,30,0,2,2,0.0,0,BB,BEL,Online TA,TA/TO,0,0,0,A,A,0,No Deposit,7.0,0,Transient,103.95,0,1
City Hotel,0,83,2017,May,22,29,1,2,2,0.0,0,BB,GBR,Offline TA/TO,TA/TO,0,0,0,A,A,0,No Deposit,168.0,0,Transient,89.1,0,0
City Hotel,0,150,2017,May,22,28,2,2,2,0.0,0,BB,FRA,Online TA,TA/TO,0,0,0,A,A,0,No Deposit,9.0,0,Transient,129.5,0,1
City Hotel,0,34,2017,May,22,30,0,2,2,0.0,0,SC,PRT,Online TA,TA/TO,0,0,0,A,A,0,No Deposit,9.0,0,Transient,160.0,0,2
City Hotel,0,97,2017,May,22,28,2,2,2,0.0,0,BB,CN,Offline TA/TO,TA/TO,0,0,0,A,A,0,No Deposit,138.0,0,Transient,89.1,0,0
City Hotel,0,113,2017,May,22,30,0,2,2,0.0,0,BB,BEL,Online TA,TA/TO,0,0,0,A,A,0,No Deposit,7.0,0,Transient,103.95,0,1
City Hotel,0,301,2017,May,22,29,1,2,2,0.0,0,BB,GBR,Online TA,TA/TO,0,0,0,A,A,0,No Deposit,9.0,0,Transient,109.8,0,2
City Hotel,0,85,2017,May,22,28,2,2,2,0.0,0,BB,PRT,Offline TA/TO,TA/TO,0,0,0,A,A,0,No Deposit,42.0,0,Transient,89.1,0,1
City Hotel,0,102,2017,May,21,27,2,3,2,0.0,0,BB,DEU,Online TA,TA/TO,0,0,0,D,D,0,No Deposit,9.0,0,Transient,149.4,0,0
City Hotel,0,102,2017,May,21,27,2,3,2,0.0,0,BB,DEU,Online TA,TA/TO,0,0,0,D,D,0,No Deposit,9.0,0,Transient,149.4,0,1
City Hotel,0,97,2017,May,22,28,2,2,2,0.0,0,BB,AUT,Online TA,TA/TO,0,0,0,A,A,0,No Deposit,8.0,0,Transient,139.5,0,0
City Hotel,0,32,2017,May,22,30,0,2,2,0.0,0,SC,ISR,Online TA,TA/TO,0,0,0,A,A,0,No Deposit,9.0,0,Transient,160.0,0,2
City Hotel,0,32,2017,May,22,30,0,2,2,0.0,0,SC,ISR,Online TA,TA/TO,0,0,0,A,D,0,No Deposit,9.0,0,Transient,160.0,0,2
City Hotel,0,204,2017,May,22,28,2,2,2,0.0,0,BB,NLD,Online TA,TA/TO,0,0,0,A,A,0,No Deposit,9.0,0,Transient,133.65,0,1
City Hotel,0,97,2017,May,22,29,1,2,2,0.0,0,BB,DEU,Offline TA/TO,TA/TO,0,0,0,A,A,0,No Deposit,42.0,0,Transient,89.1,0,1
City Hotel,0,38,2017,May,22,31,0,1,2,0.0,0,SC,GBR,Online TA,TA/TO,0,0,0,A,A,0,No Deposit,7.0,0,Transient,128.0,0,1
City Hotel,0,85,2017,May,22,28,2,2,2,0.0,0,BB,GBR,Offline TA/TO,TA/TO,0,0,0,A,A,0,No Deposit,42.0,0,Transient,89.1,0,1
City Hotel,0,33,2017,May,22,29,1,2,2,0.0,0,BB,AUT,Corporate,Corporate,0,0,0,A,A,0,No Deposit,,0,Transient,144.0,0,0
City Hotel,0,71,2017,May,22,29,1,2,2,0.0,0,SC,FRA,Online TA,TA/TO,0,0,0,A,A,0,No Deposit,9.0,0,Transient,144.0,0,1
City Hotel,0,97,2017,May,22,30,0,2,2,0.0,0,BB,FRA,Online TA,TA/TO,0,0,0,D,D,0,No Deposit,9.0,0,Transient,144.0,0,1
City Hotel,0,15,2017,May,22,31,0,1,2,0.0,0,SC,LUX,Online TA,TA/TO,0,0,0,A,A,0,No Deposit,9.0,0,Transient,140.0,0,1
City Hotel,0,54,2017,May,22,29,1,2,2,0.0,0,SC,GBR,Online TA,TA/TO,0,0,0,A,A,0,No Deposit,7.0,0,Transient,121.6,0,1
City Hotel,0,49,2017,May,22,29,1,2,2,0.0,0,BB,GBR,Online TA,TA/TO,0,0,0,D,D,0,No Deposit,9.0,0,Transient,190.0,0,2
City Hotel,0,82,2017,May,22,28,2,2,2,0.0,0,BB,PRT,Offline TA/TO,TA/TO,0,0,0,A,A,0,No Deposit,42.0,0,Transient,89.1,0,1
City Hotel,0,78,2017,May,22,28,2,2,2,0.0,0,BB,GBR,Offline TA/TO,TA/TO,0,0,0,A,A,0,No Deposit,22.0,0,Transient,89.1,0,1
City Hotel,0,251,2017,May,21,27,2,3,2,0.0,0,BB,GBR,Online TA,TA/TO,0,0,0,A,A,0,No Deposit,9.0,0,Transient-Party,125.1,0,1
City Hotel,0,133,2017,May,22,29,1,2,2,0.0,0,BB,FRA,Offline TA/TO,TA/TO,0,0,0,A,D,0,No Deposit,28.0,0,Transient,85.0,0,1
City Hotel,0,60,2017,May,22,29,1,2,2,0.0,0,BB,POL,Offline TA/TO,TA/TO,0,0,0,A,A,0,No Deposit,28.0,0,Transient,89.1,0,1
City Hotel,0,251,2017,May,21,27,2,3,2,0.0,0,BB,GBR,Online TA,TA/TO,0,0,0,A,A,0,No Deposit,9.0,0,Transient-Party,125.1,0,1
City Hotel,0,22,2017,May,22,29,1,2,2,0.0,0,SC,BRA,Online TA,TA/TO,0,0,0,A,A,0,No Deposit,9.0,0,Transient,146.67,0,2
City Hotel,0,16,2017,May,22,29,1,2,2,0.0,0,SC,GBR,Online TA,TA/TO,0,0,0,A,A,0,No Deposit,9.0,0,Transient,126.67,0,2
City Hotel,0,49,2017,May,22,29,1,2,2,0.0,0,BB,ISR,Online TA,TA/TO,0,0,0,D,D,0,No Deposit,85.0,0,Transient,150.0,0,1
City Hotel,0,0,2017,May,22,30,0,2,2,0.0,0,SC,USA,Online TA,TA/TO,0,0,0,A,A,0,No Deposit,9.0,0,Transient,139.5,0,1
City Hotel,0,251,2017,May,21,27,2,3,2,0.0,0,BB,GBR,Online TA,TA/TO,0,0,0,A,A,0,No Deposit,9.0,0,Transient-Party,125.1,0,1
City Hotel,0,49,2017,May,22,29,1,2,2,0.0,0,BB,PRT,Online TA,TA/TO,0,0,0,D,D,1,No Deposit,85.0,0,Transient,150.0,0,1
City Hotel,0,32,2017,May,22,30,0,2,2,0.0,0,SC,ISR,Online TA,TA/TO,0,0,0,A,A,0,No Deposit,9.0,0,Transient,160.0,0,2
City Hotel,0,131,2017,May,22,28,2,3,2,0.0,0,BB,FRA,Offline TA/TO,TA/TO,0,0,0,A,D,0,No Deposit,28.0,0,Transient,85.0,0,1
City Hotel,0,72,2017,May,22,28,2,3,2,0.0,0,HB,FRA,Offline TA/TO,TA/TO,0,0,0,A,A,0,No Deposit,42.0,0,Transient,121.1,0,1
City Hotel,0,117,2017,May,22,29,1,3,2,0.0,0,SC,MEX,Online TA,TA/TO,0,0,0,A,A,0,No Deposit,9.0,0,Transient,120.5,0,1
City Hotel,0,0,2017,June,22,1,0,1,2,0.0,0,SC,USA,Online TA,TA/TO,0,0,0,A,A,0,No Deposit,152.0,0,Transient,92.98,0,0
City Hotel,0,20,2017,May,22,30,0,3,2,0.0,0,SC,PRT,Online TA,TA/TO,0,0,0,A,A,0,No Deposit,9.0,0,Transient-Party,133.33,0,1
City Hotel,0,16,2017,May,22,29,1,3,2,0.0,0,SC,ITA,Online TA,TA/TO,0,0,0,A,A,0,No Deposit,159.0,0,Transient,125.0,0,1
City Hotel,0,129,2017,May,22,29,1,3,2,0.0,0,SC,BRA,Online TA,TA/TO,0,0,0,A,A,0,No Deposit,9.0,0,Transient,112.5,0,2
City Hotel,0,108,2017,June,22,1,0,1,2,0.0,0,SC,USA,Online TA,TA/TO,0,0,0,A,A,0,No Deposit,9.0,0,Transient,108.0,0,0
City Hotel,0,81,2017,May,22,29,1,3,2,0.0,0,BB,IRL,Offline TA/TO,TA/TO,0,0,0,D,D,0,No Deposit,168.0,0,Transient,98.1,0,0
City Hotel,0,66,2017,May,22,29,1,3,2,0.0,0,BB,CN,Offline TA/TO,TA/TO,0,0,0,A,A,0,No Deposit,52.0,0,Transient,89.1,0,1
City Hotel,0,71,2017,May,22,28,2,3,2,0.0,0,HB,GBR,Offline TA/TO,TA/TO,0,0,0,D,D,0,No Deposit,132.0,0,Transient,124.65,0,0
City Hotel,0,51,2017,May,22,28,2,3,2,0.0,0,BB,USA,Direct,Direct,0,0,0,A,A,1,No Deposit,14.0,0,Transient,165.2,0,1
City Hotel,0,30,2017,June,22,1,0,1,2,0.0,0,SC,PRT,Online TA,TA/TO,0,0,0,A,A,0,No Deposit,9.0,0,Transient,140.0,0,1
City Hotel,0,159,2017,May,22,31,0,2,2,0.0,0,BB,DEU,Online TA,TA/TO,0,0,0,A,A,0,No Deposit,9.0,0,Transient,126.0,0,1
City Hotel,0,10,2017,May,22,31,0,2,2,0.0,0,BB,CHE,Direct,Direct,0,0,0,D,D,0,No Deposit,14.0,0,Transient,165.0,0,0
City Hotel,0,11,2017,May,22,29,1,3,2,0.0,0,BB,FRA,Direct,Direct,0,0,0,D,D,0,No Deposit,14.0,0,Transient,157.5,0,1
City Hotel,0,156,2017,May,22,29,1,3,2,0.0,0,SC,GBR,Online TA,TA/TO,0,0,0,A,A,0,No Deposit,8.0,0,Transient-Party,108.0,0,1
City Hotel,0,97,2017,May,22,28,2,3,2,0.0,0,HB,FRA,Online TA,TA/TO,0,0,0,D,D,0,No Deposit,354.0,0,Transient,164.0,0,0
City Hotel,0,0,2017,June,22,1,0,1,2,0.0,0,BB,DZA,Direct,Direct,0,0,0,A,A,0,No Deposit,,0,Transient,150.0,0,0
City Hotel,0,20,2017,May,22,30,0,3,2,0.0,0,SC,PRT,Online TA,TA/TO,0,0,0,A,A,0,No Deposit,9.0,0,Transient-Party,133.33,0,1
City Hotel,0,20,2017,May,22,30,0,3,2,0.0,0,SC,PRT,Online TA,TA/TO,0,0,0,A,A,0,No Deposit,9.0,0,Transient-Party,133.33,0,1
City Hotel,0,166,2017,May,22,30,0,3,2,0.0,0,BB,CHE,Online TA,TA/TO,0,0,0,A,A,0,No Deposit,7.0,0,Transient,92.17,0,1
City Hotel,0,61,2017,May,22,31,0,2,2,0.0,0,BB,PRT,Corporate,Corporate,0,0,0,A,A,1,No Deposit,,0,Transient,95.0,0,2
City Hotel,0,20,2017,May,22,30,0,3,2,0.0,0,SC,GBR,Online TA,TA/TO,0,0,0,A,A,0,No Deposit,7.0,0,Transient,101.33,0,1
City Hotel,0,108,2017,June,22,1,0,1,2,0.0,0,SC,USA,Online TA,TA/TO,0,0,0,A,A,0,No Deposit,9.0,0,Transient,108.0,0,0
City Hotel,0,174,2017,June,22,1,0,1,2,0.0,0,BB,GBR,Online TA,TA/TO,0,0,0,A,A,0,No Deposit,9.0,0,Transient,126.0,0,2
City Hotel,0,206,2017,May,22,30,0,3,2,0.0,0,HB,FRA,Online TA,TA/TO,0,0,0,A,A,0,No Deposit,9.0,0,Transient,159.3,0,0
City Hotel,0,122,2017,May,22,28,2,3,2,0.0,0,BB,PRT,Offline TA/TO,TA/TO,0,0,0,A,A,0,No Deposit,168.0,0,Transient,89.1,0,0
City Hotel,0,38,2017,May,22,31,0,2,2,0.0,0,BB,BEL,Direct,Direct,0,0,0,E,E,0,No Deposit,14.0,0,Transient,205.0,0,0
City Hotel,0,49,2017,May,22,30,0,3,2,0.0,0,BB,IRL,Offline TA/TO,TA/TO,0,0,0,D,D,0,No Deposit,28.0,0,Transient,98.1,0,3
City Hotel,0,13,2017,May,22,29,1,3,2,0.0,0,BB,ITA,Offline TA/TO,TA/TO,0,0,0,A,A,1,No Deposit,290.0,0,Transient,110.0,0,0
City Hotel,0,94,2017,May,22,28,2,3,2,0.0,0,BB,DEU,Online TA,TA/TO,0,0,0,D,D,0,No Deposit,9.0,0,Transient,145.8,0,1
City Hotel,0,9,2017,June,22,1,0,1,2,0.0,0,BB,BGR,Online TA,TA/TO,0,0,0,A,A,0,No Deposit,9.0,0,Transient,140.0,0,1
City Hotel,0,218,2017,May,22,29,1,3,2,0.0,0,BB,SWE,Online TA,TA/TO,0,0,0,A,A,0,No Deposit,9.0,0,Transient,133.65,0,1
City Hotel,0,62,2017,May,22,29,1,3,2,0.0,0,BB,BEL,Offline TA/TO,TA/TO,0,0,0,A,A,0,No Deposit,28.0,0,Transient,89.1,0,0
City Hotel,0,40,2017,May,22,29,1,3,2,0.0,0,BB,IRL,Offline TA/TO,TA/TO,0,0,0,A,A,0,No Deposit,168.0,0,Transient,99.0,0,1
City Hotel,0,65,2017,May,22,29,1,3,2,0.0,0,SC,CHE,Online TA,TA/TO,0,0,0,A,A,0,No Deposit,7.0,0,Transient,115.14,0,0
City Hotel,0,50,2017,May,22,30,0,3,2,0.0,0,BB,BGR,Offline TA/TO,TA/TO,0,0,0,A,A,0,No Deposit,22.0,0,Transient,89.1,0,0
City Hotel,0,17,2017,May,22,28,2,3,2,0.0,0,SC,DEU,Online TA,TA/TO,0,0,0,A,A,0,No Deposit,83.0,0,Transient,111.52,0,0
City Hotel,0,151,2017,May,22,28,2,3,2,0.0,0,BB,DEU,Offline TA/TO,TA/TO,0,0,0,A,A,0,No Deposit,138.0,0,Transient,89.1,0,0
City Hotel,0,121,2017,May,21,27,2,4,2,0.0,0,BB,GBR,Offline TA/TO,TA/TO,0,0,0,A,A,1,No Deposit,168.0,0,Transient,89.1,0,2
City Hotel,0,0,2017,June,22,1,0,1,2,0.0,0,BB,PRT,Direct,Direct,0,0,0,A,A,0,No Deposit,,0,Transient,140.0,0,0
City Hotel,0,214,2017,May,22,28,2,4,2,0.0,0,SC,CHE,Online TA,TA/TO,0,0,0,A,A,0,No Deposit,9.0,0,Transient,115.8,0,0
City Hotel,0,214,2017,May,22,28,2,4,2,0.0,0,SC,CHE,Online TA,TA/TO,0,0,0,A,A,0,No Deposit,9.0,0,Transient,115.8,0,0
City Hotel,0,17,2017,June,22,1,0,2,2,0.0,0,SC,ESP,Online TA,TA/TO,0,0,0,A,A,0,No Deposit,9.0,0,Transient,130.0,0,1
City Hotel,0,102,2017,May,22,29,1,4,2,0.0,0,SC,NLD,Online TA,TA/TO,0,0,0,A,A,0,No Deposit,9.0,0,Transient,124.4,0,1
City Hotel,0,101,2017,May,22,30,0,4,2,0.0,0,BB,BEL,Online TA,TA/TO,0,0,0,D,D,0,No Deposit,9.0,0,Transient,144.0,0,2
City Hotel,0,408,2017,May,22,30,0,4,2,0.0,0,BB,AUS,Groups,TA/TO,0,0,0,A,A,1,No Deposit,229.0,0,Transient-Party,107.0,0,1
City Hotel,0,223,2017,May,21,27,2,5,2,0.0,0,BB,CN,Online TA,TA/TO,0,0,0,A,A,0,No Deposit,8.0,0,Transient,125.1,0,1
City Hotel,0,409,2017,May,22,31,0,3,2,0.0,0,BB,NZL,Groups,TA/TO,0,0,0,A,A,0,No Deposit,229.0,0,Transient-Party,112.67,0,1
City Hotel,0,409,2017,May,22,31,0,3,2,0.0,0,BB,AUS,Groups,TA/TO,0,0,0,A,A,0,No Deposit,229.0,0,Transient-Party,112.67,0,1
City Hotel,0,223,2017,May,21,27,2,5,2,0.0,0,BB,CN,Online TA,TA/TO,0,0,0,A,A,0,No Deposit,8.0,0,Transient,125.1,0,1
City Hotel,0,409,2017,May,22,31,0,3,2,0.0,0,BB,GBR,Groups,TA/TO,0,0,0,A,A,0,No Deposit,229.0,0,Transient-Party,112.67,0,2
City Hotel,0,409,2017,May,22,31,0,3,2,0.0,0,BB,NZL,Groups,TA/TO,0,0,0,A,A,0,No Deposit,229.0,0,Transient-Party,112.67,0,1
City Hotel,0,409,2017,May,22,31,0,3,2,0.0,0,BB,AUS,Groups,TA/TO,0,0,0,A,A,3,No Deposit,229.0,0,Transient-Party,112.67,0,1
City Hotel,0,409,2017,May,22,31,0,3,2,0.0,0,BB,AUS,Groups,TA/TO,0,0,0,A,A,0,No Deposit,229.0,0,Transient-Party,112.67,0,1
City Hotel,0,409,2017,May,22,31,0,3,2,0.0,0,BB,AUS,Groups,TA/TO,0,0,0,A,A,0,No Deposit,229.0,0,Transient-Party,112.67,0,2
City Hotel,0,409,2017,May,22,31,0,3,2,0.0,0,BB,AUS,Groups,TA/TO,0,0,0,A,A,0,No Deposit,229.0,0,Transient-Party,112.67,0,2
City Hotel,0,409,2017,May,22,31,0,3,2,0.0,0,BB,GBR,Groups,TA/TO,0,0,0,A,A,0,No Deposit,229.0,0,Transient-Party,112.67,0,2
City Hotel,0,409,2017,May,22,31,0,3,2,0.0,0,BB,GBR,Groups,TA/TO,0,0,0,A,A,0,No Deposit,229.0,0,Transient-Party,112.67,0,1
City Hotel,0,409,2017,May,22,31,0,3,2,0.0,0,BB,GBR,Groups,TA/TO,0,0,0,A,C,0,No Deposit,229.0,0,Transient-Party,112.67,0,1
City Hotel,0,409,2017,May,22,31,0,3,2,0.0,0,BB,DEU,Groups,TA/TO,0,0,0,A,A,0,No Deposit,229.0,0,Transient-Party,112.67,0,1
City Hotel,0,409,2017,May,22,31,0,3,2,0.0,0,BB,GBR,Groups,TA/TO,0,0,0,A,A,0,No Deposit,229.0,0,Transient-Party,112.67,0,1
City Hotel,0,409,2017,May,22,31,0,3,2,0.0,0,BB,AUS,Groups,TA/TO,0,0,0,A,A,0,No Deposit,229.0,0,Transient-Party,112.67,0,1
City Hotel,0,409,2017,May,22,31,0,3,2,0.0,0,BB,AUS,Groups,TA/TO,0,0,0,A,A,0,No Deposit,229.0,0,Transient-Party,112.67,0,1
City Hotel,0,123,2017,May,22,31,0,3,2,0.0,0,BB,BEL,Online TA,TA/TO,0,0,0,A,A,0,No Deposit,9.0,0,Transient,114.0,0,0
City Hotel,0,33,2017,June,22,1,0,2,2,0.0,0,SC,BRA,Online TA,TA/TO,0,0,0,A,A,0,No Deposit,9.0,0,Transient,140.0,0,1
City Hotel,0,409,2017,May,22,31,0,3,2,0.0,0,BB,GBR,Groups,TA/TO,0,0,0,A,A,0,No Deposit,229.0,0,Transient-Party,112.67,0,1
City Hotel,0,409,2017,May,22,31,0,3,2,0.0,0,BB,GBR,Groups,TA/TO,0,0,0,A,A,0,No Deposit,229.0,0,Transient-Party,112.67,0,1
City Hotel,0,409,2017,May,22,31,0,3,2,0.0,0,BB,AUS,Groups,TA/TO,0,0,0,A,A,0,No Deposit,229.0,0,Transient-Party,112.67,0,1
City Hotel,0,77,2017,May,22,30,0,4,2,0.0,0,BB,SRB,Online TA,TA/TO,0,0,0,G,G,1,No Deposit,7.0,0,Transient,220.4,0,1
City Hotel,0,23,2017,May,22,31,0,3,2,0.0,0,BB,ITA,Online TA,TA/TO,0,0,0,D,D,0,No Deposit,9.0,0,Transient,170.0,0,1
City Hotel,0,126,2017,May,22,30,0,4,2,0.0,0,BB,FRA,Direct,Direct,0,0,0,A,A,2,No Deposit,14.0,0,Transient,117.0,0,0
City Hotel,0,104,2017,May,22,30,0,4,2,0.0,0,BB,PRT,Offline TA/TO,TA/TO,0,0,0,A,A,0,No Deposit,85.0,0,Transient,89.1,0,1
City Hotel,0,162,2017,May,22,28,2,4,2,0.0,0,BB,SWE,Online TA,TA/TO,0,0,0,A,A,0,No Deposit,9.0,0,Transient,129.0,0,2
City Hotel,0,94,2017,May,22,31,0,3,2,0.0,0,BB,FRA,Online TA,TA/TO,0,0,0,A,D,0,No Deposit,9.0,0,Transient,142.0,0,0
City Hotel,0,147,2017,May,22,29,1,4,2,0.0,0,BB,BEL,Direct,Direct,0,0,0,A,A,2,No Deposit,14.0,0,Transient,135.7,0,3
City Hotel,0,100,2017,May,21,26,2,6,2,0.0,0,HB,GBR,Online TA,TA/TO,0,0,0,D,D,0,No Deposit,7.0,0,Transient,135.89,0,0
City Hotel,0,36,2017,May,22,30,0,4,2,0.0,0,BB,ITA,Direct,Direct,0,0,0,A,A,0,No Deposit,14.0,0,Transient,135.0,0,0
City Hotel,0,16,2017,June,22,1,0,2,2,0.0,0,SC,FRA,Online TA,TA/TO,0,0,0,A,A,0,No Deposit,9.0,0,Transient,130.0,0,1
City Hotel,0,15,2017,May,22,29,1,4,2,0.0,0,BB,DEU,Online TA,TA/TO,0,0,0,D,D,0,No Deposit,9.0,0,Transient,158.0,0,1
City Hotel,0,22,2017,June,22,2,0,1,2,0.0,0,SC,POL,Online TA,TA/TO,0,0,0,A,A,0,No Deposit,9.0,0,Transient,140.0,0,0
City Hotel,0,16,2017,June,22,2,0,1,2,0.0,0,SC,CHN,Online TA,TA/TO,0,0,0,A,A,0,No Deposit,9.0,0,Transient,149.0,1,1
City Hotel,0,36,2017,May,22,31,0,3,2,0.0,0,SC,ARG,Online TA,TA/TO,0,0,0,A,A,0,No Deposit,9.0,0,Transient,146.67,0,2
City Hotel,0,64,2017,June,22,1,0,2,2,0.0,0,SC,BEL,Online TA,TA/TO,0,0,0,A,A,0,No Deposit,7.0,0,Transient,106.4,0,0
City Hotel,0,8,2017,June,22,2,0,1,2,0.0,0,BB,PRT,Complementary,Direct,0,0,0,A,A,0,No Deposit,,0,Transient,0.0,0,1
City Hotel,0,83,2017,May,21,27,2,5,2,0.0,0,BB,TWN,Online TA,TA/TO,0,0,0,D,D,0,No Deposit,9.0,0,Transient,155.57,0,1
City Hotel,0,77,2017,May,22,31,0,3,2,0.0,0,BB,CHE,Online TA,TA/TO,0,0,0,D,D,0,No Deposit,9.0,0,Transient-Party,159.0,0,2
City Hotel,0,25,2017,June,22,2,0,1,2,0.0,0,SC,ESP,Online TA,TA/TO,0,0,0,A,A,0,No Deposit,9.0,0,Transient-Party,140.0,0,1
City Hotel,0,83,2017,May,22,28,2,4,2,0.0,0,BB,SWE,Online TA,TA/TO,0,0,0,A,A,0,No Deposit,7.0,0,Transient,115.19,0,0
City Hotel,0,77,2017,May,22,31,0,3,2,0.0,0,BB,CHE,Online TA,TA/TO,0,0,0,D,D,0,No Deposit,9.0,0,Transient-Party,159.0,0,2
City Hotel,0,25,2017,June,22,2,0,1,2,0.0,0,SC,ESP,Online TA,TA/TO,0,0,0,A,A,0,No Deposit,9.0,0,Transient-Party,140.0,0,1
City Hotel,0,99,2017,May,22,30,0,4,2,0.0,0,HB,BEL,Online TA,TA/TO,0,0,0,A,A,1,No Deposit,9.0,0,Transient,169.2,0,2
City Hotel,0,40,2017,June,22,1,0,2,2,0.0,0,SC,ITA,Online TA,TA/TO,0,0,0,A,A,0,No Deposit,9.0,0,Transient,140.0,0,2
City Hotel,0,99,2017,May,22,30,0,4,2,0.0,0,HB,BEL,Online TA,TA/TO,0,0,0,E,E,0,No Deposit,9.0,0,Transient,205.2,0,2
City Hotel,0,124,2017,May,21,27,2,5,2,0.0,0,BB,FRA,Online TA,TA/TO,0,0,0,D,D,0,No Deposit,86.0,0,Transient,116.49,0,0
City Hotel,0,82,2017,May,22,31,0,3,2,0.0,0,BB,NLD,Online TA,TA/TO,0,0,0,D,D,2,No Deposit,9.0,0,Transient-Party,189.0,0,2
City Hotel,0,82,2017,May,22,31,0,3,2,0.0,0,BB,NLD,Online TA,TA/TO,0,0,0,D,D,0,No Deposit,9.0,0,Transient-Party,153.0,0,2
City Hotel,0,82,2017,May,22,31,0,3,2,0.0,0,BB,NLD,Online TA,TA/TO,0,0,0,D,D,2,No Deposit,9.0,0,Transient-Party,198.0,0,2
City Hotel,0,1,2017,June,22,2,0,1,2,0.0,0,BB,PRT,Direct,Direct,0,0,0,A,D,0,No Deposit,,0,Transient,185.0,0,0
City Hotel,0,214,2017,May,22,28,2,4,2,0.0,0,SC,CHE,Online TA,TA/TO,0,0,0,A,A,0,No Deposit,9.0,0,Transient,115.8,0,0
City Hotel,0,70,2017,May,22,31,0,3,2,0.0,0,SC,CHE,Online TA,TA/TO,0,0,0,A,A,0,No Deposit,9.0,0,Transient,132.0,0,2
City Hotel,0,38,2017,June,22,2,0,1,2,0.0,0,SC,ESP,Online TA,TA/TO,0,0,0,A,D,0,No Deposit,9.0,0,Transient,140.0,0,1
City Hotel,0,155,2017,June,22,1,0,3,2,0.0,0,BB,ESP,Online TA,TA/TO,0,0,0,A,A,0,No Deposit,9.0,0,Transient,138.0,0,1
City Hotel,0,170,2017,June,22,1,0,3,2,0.0,0,HB,ARG,Online TA,TA/TO,0,0,0,D,D,0,No Deposit,7.0,0,Transient,144.37,0,0
City Hotel,0,176,2017,June,22,1,0,3,2,0.0,0,SC,GBR,Online TA,TA/TO,0,0,0,A,A,0,No Deposit,9.0,0,Transient,120.0,0,1
City Hotel,0,118,2017,May,22,31,0,4,2,0.0,0,SC,FRA,Online TA,TA/TO,0,0,0,A,A,0,No Deposit,7.0,0,Transient,85.59,0,0
City Hotel,0,118,2017,May,22,29,1,5,2,0.0,0,BB,LTU,Online TA,TA/TO,0,0,0,A,A,0,No Deposit,9.0,0,Transient,145.67,0,2
City Hotel,0,144,2017,June,22,1,0,3,2,0.0,0,BB,IRL,Direct,Direct,0,0,0,A,A,0,No Deposit,14.0,0,Transient-Party,120.0,0,2
City Hotel,0,127,2017,June,22,2,0,2,2,0.0,0,SC,BEL,Online TA,TA/TO,0,0,0,A,A,0,No Deposit,9.0,0,Transient,126.0,0,0
City Hotel,0,107,2017,June,22,1,0,3,2,0.0,0,BB,FRA,Offline TA/TO,TA/TO,0,0,0,A,A,0,No Deposit,28.0,0,Contract,80.0,0,0
City Hotel,0,203,2017,May,22,31,0,4,2,0.0,0,BB,NLD,Online TA,TA/TO,0,0,0,A,B,0,No Deposit,7.0,0,Transient,91.51,0,3
City Hotel,0,171,2017,June,22,2,0,2,2,0.0,0,BB,DEU,Direct,Direct,0,0,0,A,A,0,No Deposit,14.0,0,Transient,126.0,0,0
City Hotel,0,0,2017,June,22,3,0,1,2,0.0,0,BB,PRT,Online TA,TA/TO,0,0,0,D,D,0,No Deposit,,0,Transient,170.0,0,1
City Hotel,0,135,2017,June,22,1,0,3,2,0.0,0,BB,PRT,Offline TA/TO,TA/TO,0,0,0,A,D,0,No Deposit,28.0,0,Transient,85.0,0,0
City Hotel,0,213,2017,June,22,1,0,3,2,0.0,0,SC,ITA,Online TA,TA/TO,0,0,0,A,A,1,No Deposit,9.0,0,Transient,107.1,0,1
City Hotel,0,228,2017,June,22,2,0,2,2,0.0,0,BB,CHE,Online TA,TA/TO,0,0,0,A,A,2,No Deposit,7.0,0,Transient,91.51,0,1
City Hotel,0,115,2017,June,22,2,0,2,2,0.0,0,BB,PRT,Offline TA/TO,TA/TO,0,0,0,A,D,1,No Deposit,28.0,0,Contract,80.0,0,0
City Hotel,0,135,2017,June,22,1,0,3,2,0.0,0,BB,PRT,Offline TA/TO,TA/TO,0,0,0,A,A,0,No Deposit,28.0,0,Transient,85.0,0,0
City Hotel,0,135,2017,June,22,1,0,3,2,0.0,0,BB,PRT,Offline TA/TO,TA/TO,0,0,0,A,D,0,No Deposit,28.0,0,Transient,85.0,0,0
City Hotel,0,228,2017,June,22,2,0,2,2,0.0,0,BB,CHE,Online TA,TA/TO,0,0,0,A,A,2,No Deposit,7.0,0,Transient,91.51,0,1
City Hotel,0,130,2017,June,22,1,0,3,2,0.0,0,BB,CHE,Online TA,TA/TO,0,0,0,D,D,0,No Deposit,9.0,0,Transient,147.0,0,0
City Hotel,0,130,2017,June,22,1,0,3,2,0.0,0,BB,CHE,Online TA,TA/TO,0,0,0,D,D,0,No Deposit,9.0,0,Transient,147.0,0,0
City Hotel,0,135,2017,June,22,1,0,3,2,0.0,0,BB,PRT,Offline TA/TO,TA/TO,0,0,0,A,A,0,No Deposit,28.0,0,Transient,85.0,0,0
City Hotel,0,154,2017,May,22,31,0,4,2,0.0,0,BB,NLD,Online TA,TA/TO,0,0,0,A,A,0,No Deposit,9.0,0,Transient-Party,135.0,0,1
City Hotel,0,154,2017,May,22,31,0,4,2,0.0,0,BB,NLD,Online TA,TA/TO,0,0,0,A,A,0,No Deposit,9.0,0,Transient-Party,135.0,0,1
City Hotel,0,0,2017,June,22,3,0,1,2,0.0,0,SC,USA,Online TA,TA/TO,0,0,0,A,A,0,No Deposit,152.0,0,Transient,106.28,0,0
City Hotel,0,181,2017,June,22,2,0,2,2,0.0,0,BB,GBR,Online TA,TA/TO,0,0,0,A,A,0,No Deposit,9.0,0,Transient,153.0,0,2
City Hotel,0,21,2017,June,22,3,0,1,2,0.0,0,BB,CHE,Online TA,TA/TO,0,0,0,E,E,0,No Deposit,9.0,0,Transient,209.0,0,2
City Hotel,0,138,2017,May,22,28,2,5,2,0.0,0,BB,FRA,Online TA,TA/TO,0,0,0,A,A,0,No Deposit,9.0,0,Transient,137.71,0,1
City Hotel,0,240,2017,June,22,3,0,1,2,0.0,0,BB,GBR,Online TA,TA/TO,0,0,0,D,D,0,No Deposit,9.0,0,Transient,147.6,1,1
City Hotel,0,123,2017,May,22,31,0,4,2,0.0,0,BB,DEU,Online TA,TA/TO,0,0,0,A,A,0,No Deposit,9.0,0,Transient,146.5,0,1
City Hotel,0,16,2017,June,22,1,0,3,2,0.0,0,BB,ITA,Direct,Direct,0,0,0,A,A,1,No Deposit,14.0,0,Transient,143.33,0,0
City Hotel,0,409,2017,May,22,31,0,4,2,0.0,0,BB,AUS,Groups,TA/TO,0,0,0,A,A,1,No Deposit,229.0,0,Transient-Party,107.0,0,1
City Hotel,0,18,2017,June,22,3,0,1,2,0.0,0,BB,ISR,Online TA,TA/TO,0,0,0,A,A,0,No Deposit,85.0,0,Transient,99.0,0,0
City Hotel,0,25,2017,June,22,3,0,1,2,0.0,0,SC,USA,Online TA,TA/TO,0,0,0,A,A,0,No Deposit,9.0,0,Transient,140.0,0,0
City Hotel,0,108,2017,June,22,2,0,2,2,0.0,0,BB,FRA,Direct,Direct,0,0,0,A,A,0,No Deposit,,0,Transient-Party,126.0,0,1
City Hotel,0,108,2017,June,22,2,0,2,2,0.0,0,BB,GBR,Direct,Direct,0,0,0,A,A,0,No Deposit,,0,Transient-Party,126.0,0,1
City Hotel,0,144,2017,June,22,1,0,3,2,0.0,0,BB,IRL,Direct,Direct,0,0,0,A,A,0,No Deposit,14.0,0,Transient,116.67,0,1
City Hotel,0,8,2017,June,22,2,0,2,2,0.0,0,SC,GBR,Online TA,TA/TO,0,0,0,A,A,0,No Deposit,354.0,0,Transient,131.2,0,0
City Hotel,0,141,2017,May,22,28,2,5,2,0.0,0,SC,GBR,Online TA,TA/TO,0,0,0,A,A,0,No Deposit,7.0,0,Transient,82.76,0,1
City Hotel,0,108,2017,June,22,2,0,2,2,0.0,0,BB,FRA,Direct,Direct,0,0,0,A,A,0,No Deposit,,0,Transient,126.0,0,1
City Hotel,0,120,2017,June,22,3,0,1,2,0.0,0,SC,BEL,Online TA,TA/TO,0,0,0,A,A,0,No Deposit,9.0,0,Transient,126.0,0,2
City Hotel,0,21,2017,June,22,1,0,3,2,0.0,0,BB,ESP,Direct,Direct,0,0,0,A,A,1,No Deposit,14.0,0,Transient,143.33,0,0
City Hotel,0,108,2017,June,22,2,0,2,2,0.0,0,BB,ESP,Direct,Direct,0,0,0,A,A,0,No Deposit,,0,Transient,126.0,0,1
City Hotel,0,108,2017,June,22,2,0,2,2,0.0,0,BB,ESP,Direct,Direct,0,0,0,A,A,0,No Deposit,,0,Transient,126.0,0,1
City Hotel,0,227,2017,June,22,1,0,3,2,0.0,0,BB,FRA,Online TA,TA/TO,0,0,0,D,D,0,No Deposit,9.0,0,Transient,157.5,0,1
City Hotel,0,144,2017,June,22,1,0,3,2,0.0,0,BB,IRL,Direct,Direct,0,0,0,A,A,0,No Deposit,14.0,0,Transient,120.0,0,2
City Hotel,0,143,2017,June,22,1,1,3,2,0.0,0,BB,BEL,Direct,Direct,0,0,0,A,A,0,No Deposit,14.0,0,Transient,121.5,0,1
City Hotel,0,211,2017,June,22,1,1,3,2,0.0,0,BB,DEU,Direct,Direct,0,0,0,A,A,0,No Deposit,14.0,0,Transient-Party,107.1,0,0
City Hotel,0,211,2017,June,22,1,1,3,2,0.0,0,BB,DEU,Direct,Direct,0,0,0,A,A,0,No Deposit,14.0,0,Transient-Party,107.1,0,0
City Hotel,0,28,2017,June,22,2,1,2,2,0.0,0,HB,FRA,Online TA,TA/TO,0,0,0,A,A,0,No Deposit,9.0,0,Transient,159.33,0,1
City Hotel,0,1,2017,June,22,2,1,2,2,0.0,0,SC,BEL,Online TA,TA/TO,0,0,0,A,A,0,No Deposit,9.0,0,Transient,140.0,0,2
City Hotel,0,212,2017,June,22,2,1,2,2,0.0,0,BB,FRA,Groups,TA/TO,0,0,0,A,A,0,No Deposit,20.0,0,Transient-Party,127.33,0,0
City Hotel,0,212,2017,June,22,2,1,2,2,0.0,0,BB,FRA,Groups,TA/TO,0,0,0,A,A,0,No Deposit,20.0,0,Transient-Party,127.33,0,0
City Hotel,0,212,2017,June,22,2,1,2,2,0.0,0,BB,FRA,Groups,TA/TO,0,0,0,A,A,0,No Deposit,20.0,0,Transient-Party,127.33,0,1
City Hotel,0,212,2017,June,22,2,1,2,2,0.0,0,BB,FRA,Groups,TA/TO,0,0,0,A,A,0,No Deposit,20.0,0,Transient-Party,127.33,0,0
City Hotel,0,212,2017,June,22,2,1,2,2,0.0,0,BB,FRA,Groups,TA/TO,0,0,0,A,A,0,No Deposit,20.0,0,Transient-Party,127.33,0,0
City Hotel,0,212,2017,June,22,2,1,2,2,0.0,0,BB,FRA,Groups,TA/TO,0,0,0,A,A,2,No Deposit,20.0,0,Transient-Party,127.33,0,0
City Hotel,0,212,2017,June,22,2,1,2,2,0.0,0,BB,FRA,Groups,TA/TO,0,0,0,A,A,2,No Deposit,20.0,0,Transient-Party,127.33,0,0
City Hotel,0,212,2017,June,22,2,1,2,2,0.0,0,BB,FRA,Groups,TA/TO,0,0,0,A,A,0,No Deposit,20.0,0,Transient-Party,127.33,0,0
City Hotel,0,110,2017,June,22,2,1,2,2,0.0,0,SC,ITA,Online TA,TA/TO,0,0,0,A,A,0,No Deposit,9.0,0,Transient,126.0,0,0
City Hotel,0,212,2017,June,22,2,1,2,2,0.0,0,BB,FRA,Groups,TA/TO,0,0,0,A,A,0,No Deposit,20.0,0,Transient-Party,127.33,0,0
City Hotel,0,211,2017,June,22,1,1,3,2,0.0,0,BB,FRA,Groups,TA/TO,0,0,0,A,A,0,No Deposit,20.0,0,Transient-Party,121.75,0,0
City Hotel,0,136,2017,June,22,2,1,2,2,0.0,0,BB,FRA,Offline TA/TO,TA/TO,0,0,0,A,D,0,No Deposit,28.0,0,Transient,85.0,0,0
City Hotel,0,105,2017,June,22,2,1,2,2,0.0,0,BB,BEL,Direct,Direct,0,0,0,A,A,0,No Deposit,,0,Transient,126.0,0,2
City Hotel,0,105,2017,June,22,2,1,2,2,0.0,0,BB,BEL,Direct,Direct,0,0,0,A,A,0,No Deposit,,0,Transient,126.0,0,2
City Hotel,0,38,2017,June,22,2,1,2,2,0.0,0,SC,ISR,Online TA,TA/TO,0,0,0,A,A,0,No Deposit,9.0,0,Transient,140.0,0,0
City Hotel,0,28,2017,June,22,2,1,2,2,0.0,0,BB,FRA,Online TA,TA/TO,0,0,0,A,A,0,No Deposit,9.0,0,Transient,146.67,0,1
City Hotel,0,42,2017,June,22,3,1,1,2,0.0,0,BB,BEL,Direct,Direct,0,0,0,A,A,1,No Deposit,14.0,0,Transient,150.0,0,0
City Hotel,0,42,2017,June,22,3,1,1,2,0.0,0,BB,PRT,Direct,Direct,0,0,0,A,A,1,No Deposit,14.0,0,Transient,150.0,0,0
City Hotel,0,129,2017,May,22,31,1,4,2,0.0,0,BB,NOR,Online TA,TA/TO,0,0,0,D,D,0,No Deposit,9.0,0,Transient,145.8,0,0
City Hotel,0,122,2017,June,22,2,1,2,2,0.0,0,BB,DEU,Offline TA/TO,TA/TO,0,0,0,A,A,0,No Deposit,16.0,0,Transient,99.0,0,1
City Hotel,0,122,2017,June,22,2,1,2,2,0.0,0,BB,PRT,Offline TA/TO,TA/TO,0,0,0,A,A,0,No Deposit,16.0,0,Transient,99.0,0,1
City Hotel,0,122,2017,June,22,2,1,2,2,0.0,0,BB,DEU,Offline TA/TO,TA/TO,0,0,0,A,A,0,No Deposit,16.0,0,Transient,99.0,0,1
City Hotel,0,122,2017,June,22,2,1,2,2,0.0,0,BB,DEU,Offline TA/TO,TA/TO,0,0,0,A,A,0,No Deposit,16.0,0,Transient,99.0,0,1
City Hotel,0,104,2017,June,22,2,1,2,2,0.0,0,BB,FRA,Online TA,TA/TO,0,0,0,A,A,0,No Deposit,8.0,0,Transient,144.0,0,0
City Hotel,0,104,2017,June,22,2,1,2,2,0.0,0,BB,FRA,Online TA,TA/TO,0,0,0,A,A,0,No Deposit,8.0,0,Transient,144.0,0,0
City Hotel,0,236,2017,June,22,3,1,1,2,0.0,0,BB,BEL,Online TA,TA/TO,0,0,0,D,D,0,No Deposit,9.0,0,Transient,138.6,0,2
City Hotel,0,224,2017,June,22,3,1,1,2,0.0,0,SC,FRA,Online TA,TA/TO,0,0,0,A,A,0,No Deposit,9.0,0,Transient,107.1,0,1
City Hotel,0,236,2017,June,22,3,1,1,2,0.0,0,BB,BEL,Online TA,TA/TO,0,0,0,D,D,0,No Deposit,9.0,0,Transient,138.6,0,2
City Hotel,0,224,2017,June,22,3,1,1,2,0.0,0,SC,PRT,Online TA,TA/TO,0,0,0,A,A,0,No Deposit,9.0,0,Transient,107.1,0,1
City Hotel,0,135,2017,June,22,1,1,3,2,0.0,0,BB,CHE,Offline TA/TO,TA/TO,0,0,0,A,D,0,No Deposit,28.0,0,Transient,85.0,0,0
City Hotel,0,224,2017,June,22,3,1,1,2,0.0,0,SC,FRA,Online TA,TA/TO,0,0,0,A,A,0,No Deposit,9.0,0,Transient,107.1,0,1
City Hotel,0,104,2017,June,22,2,1,2,2,0.0,0,BB,FRA,Online TA,TA/TO,0,0,0,A,A,0,No Deposit,8.0,0,Transient,144.0,0,0
City Hotel,0,2,2017,June,22,3,1,1,2,0.0,0,BB,FRA,Direct,Direct,0,0,0,A,A,0,No Deposit,14.0,0,Transient,160.0,0,2
City Hotel,0,135,2017,June,22,1,1,3,2,0.0,0,BB,ITA,Offline TA/TO,TA/TO,0,0,0,A,D,0,No Deposit,28.0,0,Transient,85.0,0,0
City Hotel,0,18,2017,June,23,4,1,0,2,0.0,0,BB,PRT,Corporate,Corporate,0,0,0,A,A,1,No Deposit,,0,Transient,75.0,1,0
City Hotel,0,136,2017,June,22,1,1,3,2,0.0,0,BB,CHE,Offline TA/TO,TA/TO,0,0,0,A,D,0,No Deposit,28.0,0,Transient,85.0,0,0
City Hotel,0,16,2017,June,22,3,1,1,2,0.0,0,BB,DEU,Online TA,TA/TO,0,0,0,A,A,0,No Deposit,85.0,0,Transient,89.1,0,0
City Hotel,0,237,2017,June,22,2,1,2,2,0.0,0,BB,CHE,Direct,Direct,0,0,0,D,D,0,No Deposit,14.0,0,Transient,130.38,0,0
City Hotel,0,118,2017,June,22,2,1,2,2,0.0,0,BB,GBR,Direct,Direct,0,0,0,A,A,0,No Deposit,14.0,0,Transient,126.0,0,1
City Hotel,0,16,2017,June,22,1,1,3,2,0.0,0,SC,BRA,Online TA,TA/TO,0,0,0,A,A,0,No Deposit,9.0,0,Transient,135.0,0,1
City Hotel,0,208,2017,June,22,1,1,3,2,0.0,0,BB,BEL,Online TA,TA/TO,0,0,0,D,D,0,No Deposit,7.0,0,Transient,101.38,0,1
City Hotel,0,17,2017,June,22,2,1,2,2,0.0,0,SC,NLD,Online TA,TA/TO,0,0,0,A,A,0,No Deposit,7.0,0,Transient,112.0,0,1
City Hotel,0,25,2017,June,23,4,1,0,2,0.0,0,BB,DEU,Direct,Direct,0,0,0,D,D,0,No Deposit,14.0,0,Transient,174.0,1,1
City Hotel,0,98,2017,June,22,2,1,2,2,0.0,0,SC,NLD,Online TA,TA/TO,0,0,0,A,A,0,No Deposit,9.0,0,Transient,135.33,0,1
City Hotel,0,109,2017,June,22,2,1,2,2,0.0,0,BB,AUS,Online TA,TA/TO,0,0,0,A,A,1,No Deposit,9.0,0,Transient,162.0,0,1
City Hotel,0,122,2017,June,22,2,1,2,2,0.0,0,BB,DEU,Offline TA/TO,TA/TO,0,0,0,D,D,0,No Deposit,16.0,0,Transient,109.0,0,1
City Hotel,0,112,2017,June,23,4,1,0,2,0.0,0,BB,DEU,Online TA,TA/TO,0,0,0,A,A,0,No Deposit,9.0,0,Transient,144.0,0,0
City Hotel,0,102,2017,June,22,1,2,3,2,0.0,0,BB,NLD,Online TA,TA/TO,0,0,0,E,E,0,No Deposit,9.0,0,Transient,176.4,0,2
City Hotel,0,434,2017,June,22,3,2,1,2,0.0,0,BB,DEU,Groups,TA/TO,0,0,0,A,A,0,No Deposit,229.0,0,Transient-Party,112.67,0,1
City Hotel,0,4,2017,June,23,4,2,0,2,0.0,0,BB,AUS,Online TA,TA/TO,0,0,0,G,G,0,No Deposit,8.0,0,Transient,280.0,0,2
City Hotel,0,35,2017,June,23,5,1,0,2,0.0,0,SC,CN,Offline TA/TO,TA/TO,0,0,0,A,A,0,No Deposit,28.0,0,Transient,89.0,0,0
City Hotel,0,0,2017,June,22,3,2,1,2,0.0,0,BB,SWE,Online TA,TA/TO,0,0,0,A,A,0,No Deposit,9.0,0,Transient,126.0,0,2
City Hotel,0,167,2017,June,22,2,2,2,2,0.0,0,SC,SWE,Online TA,TA/TO,0,0,0,A,A,0,No Deposit,9.0,0,Transient,141.0,0,2
City Hotel,0,434,2017,June,22,3,2,1,2,0.0,0,BB,GBR,Groups,TA/TO,0,0,0,A,A,0,No Deposit,229.0,0,Transient-Party,112.67,0,1
City Hotel,0,434,2017,June,22,3,2,1,2,0.0,0,BB,GBR,Groups,TA/TO,0,0,0,A,A,0,No Deposit,229.0,0,Transient-Party,112.67,0,2
City Hotel,0,434,2017,June,22,3,2,1,2,0.0,0,BB,GBR,Groups,TA/TO,0,0,0,A,A,0,No Deposit,229.0,0,Transient-Party,112.67,0,2
City Hotel,0,109,2017,June,22,2,2,2,2,0.0,0,BB,AUS,Online TA,TA/TO,0,0,0,A,A,1,No Deposit,9.0,0,Transient,162.0,0,1
City Hotel,0,298,2017,June,22,2,2,2,2,0.0,0,BB,NLD,Online TA,TA/TO,0,0,0,A,A,1,No Deposit,9.0,0,Transient,109.8,0,2
City Hotel,0,18,2017,June,22,3,2,1,2,0.0,0,BB,FRA,Direct,Direct,0,0,0,A,A,0,No Deposit,14.0,0,Transient,155.0,0,2
City Hotel,0,61,2017,June,22,3,2,1,2,0.0,0,BB,FRA,Online TA,TA/TO,0,0,0,D,D,0,No Deposit,9.0,0,Transient,170.0,0,1
City Hotel,0,434,2017,June,22,3,2,1,2,0.0,0,BB,GBR,Groups,TA/TO,0,0,0,A,A,0,No Deposit,229.0,0,Transient-Party,112.67,0,1
City Hotel,0,434,2017,June,22,3,2,1,2,0.0,0,BB,GBR,Groups,TA/TO,0,0,0,A,A,0,No Deposit,229.0,0,Transient-Party,112.67,0,1
City Hotel,0,23,2017,June,22,3,2,1,2,0.0,0,BB,PRT,Online TA,TA/TO,0,0,0,A,A,0,No Deposit,9.0,0,Transient,160.0,0,1
City Hotel,0,198,2017,June,22,2,2,2,2,0.0,0,BB,AUT,Online TA,TA/TO,0,0,0,D,D,0,No Deposit,7.0,0,Transient,115.21,0,1
City Hotel,0,209,2017,June,22,2,2,2,2,0.0,0,BB,DEU,Online TA,TA/TO,0,0,0,A,A,0,No Deposit,9.0,0,Transient,125.1,0,1
City Hotel,0,298,2017,June,22,2,2,2,2,0.0,0,BB,POL,Online TA,TA/TO,0,0,0,A,A,1,No Deposit,9.0,0,Transient,109.8,0,1
City Hotel,0,434,2017,June,22,3,2,1,2,0.0,0,BB,GBR,Groups,TA/TO,0,0,0,A,A,0,No Deposit,229.0,0,Transient-Party,112.67,0,1
City Hotel,0,434,2017,June,22,3,2,1,2,0.0,0,BB,GBR,Groups,TA/TO,0,0,0,A,A,0,No Deposit,229.0,0,Transient-Party,112.67,0,1
City Hotel,0,26,2017,June,22,2,2,2,2,0.0,0,BB,FRA,Online TA,TA/TO,0,0,0,A,A,2,No Deposit,9.0,0,Transient,171.1,0,1
City Hotel,0,162,2017,June,22,3,2,1,2,0.0,0,BB,DEU,Offline TA/TO,TA/TO,0,0,0,A,A,0,No Deposit,27.0,0,Transient,89.1,0,0
City Hotel,0,42,2017,June,22,3,2,1,2,0.0,0,SC,DEU,Online TA,TA/TO,0,0,0,A,A,0,No Deposit,7.0,0,Transient,112.0,0,1
City Hotel,0,200,2017,June,22,3,2,1,2,0.0,0,BB,DEU,Online TA,TA/TO,0,0,0,D,D,0,No Deposit,9.0,0,Transient,157.5,0,2
City Hotel,0,434,2017,June,22,3,2,1,2,0.0,0,BB,AUS,Groups,TA/TO,0,0,0,A,A,0,No Deposit,229.0,0,Transient-Party,112.67,0,1
City Hotel,0,434,2017,June,22,3,2,1,2,0.0,0,BB,GBR,Groups,TA/TO,0,0,0,A,A,0,No Deposit,229.0,0,Transient-Party,112.67,0,1
City Hotel,0,434,2017,June,22,3,2,1,2,0.0,0,BB,GBR,Groups,TA/TO,0,0,0,A,A,0,No Deposit,229.0,0,Transient-Party,112.67,0,2
City Hotel,0,198,2017,June,22,2,2,2,2,0.0,0,BB,AUT,Online TA,TA/TO,0,0,0,D,D,0,No Deposit,9.0,0,Transient,157.5,0,2
City Hotel,0,229,2017,June,23,4,2,0,2,0.0,0,HB,GBR,Online TA,TA/TO,0,0,0,D,D,0,No Deposit,8.0,0,Transient,172.8,0,1
City Hotel,0,229,2017,June,23,4,2,0,2,0.0,0,HB,CN,Online TA,TA/TO,0,0,0,D,D,0,No Deposit,8.0,0,Transient,172.8,0,1
City Hotel,0,434,2017,June,22,3,2,1,2,0.0,0,BB,GBR,Groups,TA/TO,0,0,0,A,A,0,No Deposit,229.0,0,Transient-Party,112.67,0,1
City Hotel,0,0,2017,June,23,5,1,0,2,0.0,0,BB,CHN,Direct,Direct,0,0,0,A,A,0,No Deposit,,0,Transient,158.0,0,0
City Hotel,0,434,2017,June,22,3,2,1,2,0.0,0,BB,GBR,Groups,TA/TO,0,0,0,A,A,0,No Deposit,229.0,0,Transient-Party,112.67,0,1
City Hotel,0,434,2017,June,22,3,2,1,2,0.0,0,BB,AUS,Groups,TA/TO,0,0,0,A,A,0,No Deposit,229.0,0,Transient-Party,112.67,0,2
City Hotel,0,434,2017,June,22,3,2,1,2,0.0,0,BB,AUS,Groups,TA/TO,0,0,0,A,A,0,No Deposit,229.0,0,Transient-Party,112.67,0,1
City Hotel,0,434,2017,June,22,3,2,1,2,0.0,0,BB,AUS,Groups,TA/TO,0,0,0,A,A,0,No Deposit,229.0,0,Transient-Party,112.67,0,1
City Hotel,0,150,2017,June,22,2,2,2,2,0.0,0,BB,DEU,Direct,Direct,0,0,0,A,A,0,No Deposit,14.0,0,Transient-Party,126.0,0,0
City Hotel,0,150,2017,June,22,2,2,2,2,0.0,0,BB,DEU,Direct,Direct,0,0,0,A,A,0,No Deposit,14.0,0,Transient-Party,126.0,0,0
City Hotel,0,43,2017,June,22,3,2,1,2,0.0,0,BB,POL,Online TA,TA/TO,0,0,0,D,D,0,No Deposit,9.0,0,Transient-Party,179.0,0,1
City Hotel,0,121,2017,June,22,3,2,1,2,0.0,0,SC,SWE,Online TA,TA/TO,0,0,0,A,A,0,No Deposit,9.0,0,Transient,126.0,0,0
City Hotel,0,121,2017,June,22,3,2,1,2,0.0,0,SC,SWE,Online TA,TA/TO,0,0,0,A,A,0,No Deposit,9.0,0,Transient,126.0,0,0
City Hotel,0,283,2017,June,22,2,2,2,2,0.0,0,BB,DEU,Offline TA/TO,TA/TO,0,0,0,A,A,0,No Deposit,16.0,0,Transient,84.15,0,3
City Hotel,0,3,2017,June,23,4,2,0,2,0.0,0,BB,BRA,Direct,Direct,0,0,0,D,D,0,No Deposit,14.0,0,Transient,165.0,0,0
City Hotel,0,434,2017,June,22,3,2,1,2,0.0,0,BB,CN,Groups,TA/TO,0,0,0,A,A,0,No Deposit,229.0,0,Transient-Party,112.67,0,1
City Hotel,0,5,2017,June,23,5,1,0,2,0.0,0,BB,PRT,Online TA,TA/TO,0,0,0,A,A,0,No Deposit,9.0,0,Transient,160.0,0,1
City Hotel,0,43,2017,June,22,3,2,1,2,0.0,0,BB,POL,Online TA,TA/TO,0,0,0,D,D,0,No Deposit,9.0,0,Transient-Party,170.0,0,1
City Hotel,0,434,2017,June,22,3,2,1,2,0.0,0,BB,CN,Groups,TA/TO,0,0,0,A,A,0,No Deposit,229.0,0,Transient-Party,112.67,0,2
City Hotel,0,434,2017,June,22,3,2,1,2,0.0,0,BB,CN,Groups,TA/TO,0,0,0,A,A,0,No Deposit,229.0,0,Transient-Party,112.67,0,2
City Hotel,0,158,2017,June,23,6,0,1,2,0.0,0,SC,CN,Online TA,TA/TO,0,0,0,A,A,0,No Deposit,8.0,0,Group,126.0,0,2
City Hotel,0,434,2017,June,22,3,2,1,2,0.0,0,BB,GBR,Groups,TA/TO,0,0,0,A,A,0,No Deposit,229.0,0,Transient-Party,112.67,0,1
City Hotel,0,141,2017,June,22,2,2,3,2,0.0,0,BB,PRT,Offline TA/TO,TA/TO,0,0,0,D,D,0,No Deposit,27.0,0,Transient,98.1,0,1
City Hotel,0,146,2017,June,23,4,2,1,2,0.0,0,BB,DEU,Online TA,TA/TO,0,0,0,A,A,0,No Deposit,9.0,0,Transient,144.0,0,2
City Hotel,0,60,2017,June,22,3,2,2,2,0.0,0,BB,FRA,Online TA,TA/TO,0,0,0,D,D,0,No Deposit,9.0,0,Transient,170.0,0,1
City Hotel,0,47,2017,June,22,3,2,2,2,0.0,0,BB,BEL,Online TA,TA/TO,0,0,0,D,D,0,No Deposit,9.0,0,Transient,170.0,0,1
City Hotel,0,7,2017,June,23,6,0,1,2,0.0,0,SC,GBR,Online TA,TA/TO,0,0,0,A,A,0,No Deposit,7.0,0,Transient,106.4,0,1
City Hotel,0,6,2017,June,23,4,2,1,2,0.0,0,SC,FRA,Online TA,TA/TO,0,0,0,A,A,0,No Deposit,9.0,0,Transient,140.0,0,1
City Hotel,0,13,2017,June,23,4,2,1,2,0.0,0,BB,FRA,Direct,Direct,0,0,0,A,A,0,No Deposit,14.0,0,Transient,120.0,0,1
City Hotel,0,80,2017,June,23,4,2,1,2,0.0,0,BB,ISR,Online TA,TA/TO,0,0,0,A,A,0,No Deposit,9.0,0,Transient,144.0,0,2
City Hotel,0,14,2017,June,23,6,0,1,2,0.0,0,BB,CHE,Offline TA/TO,TA/TO,0,0,0,D,F,1,No Deposit,480.0,0,Transient,120.0,0,1
City Hotel,0,112,2017,June,23,4,2,1,2,0.0,0,BB,AUS,Online TA,TA/TO,0,0,0,A,A,0,No Deposit,7.0,0,Transient,110.88,0,0
City Hotel,0,32,2017,June,23,4,2,1,2,0.0,0,BB,CN,Online TA,TA/TO,0,0,0,D,D,0,No Deposit,7.0,0,Transient,130.67,0,1
City Hotel,0,84,2017,June,23,4,2,1,2,0.0,0,BB,FRA,Online TA,TA/TO,0,0,0,D,D,0,No Deposit,7.0,0,Transient,122.4,0,0
City Hotel,0,18,2017,June,23,5,1,1,2,0.0,0,SC,CHE,Online TA,TA/TO,0,0,0,A,A,0,No Deposit,9.0,0,Transient,130.0,0,1
City Hotel,0,30,2017,June,23,4,2,1,2,0.0,0,SC,GBR,Online TA,TA/TO,0,0,0,A,A,0,No Deposit,9.0,0,Transient,133.33,0,1
City Hotel,0,4,2017,June,22,3,2,2,2,0.0,0,BB,DEU,Offline TA/TO,TA/TO,0,0,0,A,A,0,No Deposit,27.0,0,Transient,99.0,0,0
City Hotel,0,12,2017,June,23,6,0,1,2,0.0,0,BB,FRA,Online TA,TA/TO,0,0,0,A,A,0,No Deposit,9.0,0,Transient,140.0,0,1
City Hotel,0,23,2017,June,22,3,2,2,2,0.0,0,SC,FRA,Online TA,TA/TO,0,0,0,A,A,0,No Deposit,9.0,0,Transient,140.0,0,1
City Hotel,0,125,2017,June,23,4,2,1,2,0.0,0,SC,NLD,Online TA,TA/TO,0,0,0,A,A,0,No Deposit,9.0,0,Transient,126.0,0,0
City Hotel,0,24,2017,June,23,4,2,1,2,0.0,0,BB,ISR,Online TA,TA/TO,0,0,0,D,D,0,No Deposit,9.0,0,Transient,170.0,0,1
City Hotel,0,12,2017,June,23,6,0,1,2,0.0,0,BB,PRT,Online TA,TA/TO,0,0,0,A,A,0,No Deposit,9.0,0,Transient,140.0,0,2
City Hotel,0,41,2017,June,23,4,2,1,2,0.0,0,SC,IRL,Online TA,TA/TO,0,0,0,A,A,0,No Deposit,9.0,0,Transient,153.33,0,2
City Hotel,0,12,2017,June,23,4,2,1,2,0.0,0,BB,SWE,Online TA,TA/TO,0,0,0,A,A,0,No Deposit,9.0,0,Transient,153.33,0,1
City Hotel,0,18,2017,June,23,5,1,1,2,0.0,0,BB,FIN,Direct,Direct,0,0,0,A,A,1,No Deposit,14.0,0,Transient,140.0,0,2
City Hotel,0,30,2017,June,23,6,0,1,2,0.0,0,SC,USA,Online TA,TA/TO,0,0,0,A,D,0,No Deposit,7.0,0,Transient,96.0,0,1
City Hotel,0,15,2017,June,23,6,0,1,2,0.0,0,SC,FRA,Online TA,TA/TO,0,0,0,A,A,0,No Deposit,9.0,0,Transient,120.0,0,1
City Hotel,0,12,2017,June,23,5,1,1,2,0.0,0,SC,ROU,Online TA,TA/TO,0,0,0,A,A,0,No Deposit,9.0,0,Transient,149.0,1,1
City Hotel,0,27,2017,June,22,3,2,2,2,0.0,0,SC,FRA,Direct,Direct,0,0,0,A,A,0,No Deposit,,0,Transient,138.5,0,0
City Hotel,0,22,2017,June,23,4,2,1,2,0.0,0,BB,BRA,Online TA,TA/TO,0,0,0,D,D,0,No Deposit,9.0,0,Transient,170.0,0,1
City Hotel,0,146,2017,June,22,3,2,2,2,0.0,0,BB,PRT,Direct,Direct,0,0,0,A,A,2,No Deposit,14.0,0,Transient,111.15,0,3
City Hotel,0,20,2017,June,23,6,0,1,2,0.0,0,BB,DEU,Online TA,TA/TO,0,0,0,D,D,0,No Deposit,9.0,0,Transient,159.0,0,1
City Hotel,0,15,2017,June,23,6,0,2,2,0.0,0,SC,BRA,Offline TA/TO,TA/TO,0,0,0,A,A,0,No Deposit,28.0,0,Transient,89.0,0,0
City Hotel,0,237,2017,June,23,6,0,2,2,0.0,0,SC,DEU,Online TA,TA/TO,0,0,0,A,A,0,No Deposit,9.0,0,Transient,107.1,0,2
City Hotel,0,38,2017,May,22,30,2,7,2,0.0,0,BB,DEU,Direct,Direct,0,0,0,A,A,1,No Deposit,14.0,0,Transient,154.44,0,0
City Hotel,0,29,2017,June,23,6,0,2,2,0.0,0,BB,DEU,Online TA,TA/TO,0,0,0,A,A,1,No Deposit,10.0,0,Transient,100.0,0,0
City Hotel,0,114,2017,June,23,4,2,2,2,0.0,0,SC,GBR,Online TA,TA/TO,0,0,0,A,A,0,No Deposit,7.0,0,Transient,97.02,0,0
City Hotel,0,4,2017,June,23,6,0,2,2,0.0,0,BB,GBR,Direct,Direct,0,0,0,F,F,0,No Deposit,14.0,0,Transient,245.0,0,0
City Hotel,0,352,2017,June,23,4,2,2,2,0.0,0,BB,DEU,Offline TA/TO,TA/TO,0,0,0,A,A,0,No Deposit,21.0,0,Transient-Party,83.75,0,1
City Hotel,0,352,2017,June,23,4,2,2,2,0.0,0,BB,DEU,Offline TA/TO,TA/TO,0,0,0,A,A,0,No Deposit,21.0,0,Transient-Party,83.75,0,1
City Hotel,0,364,2017,June,24,16,0,1,2,0.0,0,BB,DEU,Offline TA/TO,TA/TO,0,0,1,A,A,0,No Deposit,21.0,0,Group,75.0,0,1
City Hotel,0,301,2017,June,22,2,2,4,2,0.0,0,BB,GBR,Online TA,TA/TO,0,0,0,D,D,0,No Deposit,83.0,0,Transient,93.16,0,2
City Hotel,0,352,2017,June,23,4,2,2,2,0.0,0,BB,DEU,Offline TA/TO,TA/TO,0,0,0,A,A,0,No Deposit,21.0,0,Transient-Party,83.75,0,1
City Hotel,0,364,2017,June,24,16,0,1,2,0.0,0,BB,DEU,Offline TA/TO,TA/TO,0,0,1,A,A,0,No Deposit,21.0,0,Group,75.0,0,1
City Hotel,0,352,2017,June,23,4,2,2,2,0.0,0,BB,DEU,Offline TA/TO,TA/TO,0,0,0,A,A,0,No Deposit,21.0,0,Transient-Party,83.75,0,1
City Hotel,0,364,2017,June,24,16,0,1,2,0.0,0,BB,DEU,Offline TA/TO,TA/TO,0,0,1,A,A,0,No Deposit,21.0,0,Group,75.0,0,1
City Hotel,0,350,2017,June,22,2,2,4,2,0.0,0,BB,DEU,Offline TA/TO,TA/TO,0,0,0,A,A,1,No Deposit,21.0,0,Transient-Party,89.17,0,1
City Hotel,0,364,2017,June,24,16,0,1,2,0.0,0,BB,DEU,Offline TA/TO,TA/TO,0,0,1,A,A,0,No Deposit,21.0,0,Transient-Party,75.0,0,1
City Hotel,0,22,2017,June,23,7,0,1,2,0.0,0,SC,GBR,Offline TA/TO,TA/TO,0,0,0,A,A,0,No Deposit,28.0,0,Transient,89.0,0,0
City Hotel,0,31,2017,June,23,7,0,1,2,0.0,0,BB,BRA,Online TA,TA/TO,0,0,0,D,D,0,No Deposit,9.0,0,Transient,150.0,0,1
City Hotel,0,27,2017,June,23,7,0,1,2,0.0,0,BB,NLD,Online TA,TA/TO,0,0,0,A,A,1,No Deposit,9.0,0,Transient,140.0,0,0
City Hotel,0,33,2017,June,23,6,0,2,2,0.0,0,BB,CHL,Online TA,TA/TO,0,0,0,D,D,0,No Deposit,9.0,0,Transient,159.0,0,1
City Hotel,0,18,2017,June,23,5,1,2,2,0.0,0,BB,USA,Online TA,TA/TO,0,0,0,D,D,0,No Deposit,7.0,0,Transient,125.33,0,1
City Hotel,0,257,2017,June,23,4,2,2,2,0.0,0,SC,GBR,Online TA,TA/TO,0,0,0,A,A,0,No Deposit,9.0,0,Transient,107.1,0,2
City Hotel,0,43,2017,June,23,6,0,2,2,0.0,0,BB,LUX,Online TA,TA/TO,0,0,0,F,F,1,No Deposit,9.0,0,Transient,259.0,0,0
City Hotel,0,61,2017,June,23,4,2,2,2,0.0,0,BB,SWE,Online TA,TA/TO,0,0,0,D,D,0,No Deposit,9.0,0,Transient,170.0,0,0
City Hotel,0,11,2017,June,23,5,1,2,2,0.0,0,BB,NLD,Online TA,TA/TO,0,0,0,E,E,0,No Deposit,9.0,0,Transient,186.67,0,0
City Hotel,0,24,2017,June,23,5,1,2,2,0.0,0,SC,CHE,Online TA,TA/TO,0,0,0,A,A,0,No Deposit,9.0,0,Transient,140.0,0,2
City Hotel,0,13,2017,June,23,5,1,2,2,0.0,0,BB,FRA,Online TA,TA/TO,0,0,0,E,F,0,No Deposit,9.0,0,Transient,186.67,0,2
City Hotel,0,114,2017,June,23,4,2,2,2,0.0,0,SC,GBR,Online TA,TA/TO,0,0,0,A,A,0,No Deposit,7.0,0,Transient,97.02,0,0
City Hotel,0,148,2017,June,22,1,2,5,2,0.0,0,BB,DEU,Online TA,TA/TO,0,0,0,A,A,0,No Deposit,9.0,0,Transient,143.71,0,0
City Hotel,0,78,2017,June,23,5,1,2,2,0.0,0,BB,GBR,Online TA,TA/TO,0,0,0,A,A,0,No Deposit,9.0,0,Transient,144.0,0,1
City Hotel,0,128,2017,June,23,5,1,2,2,0.0,0,SC,GBR,Online TA,TA/TO,0,0,0,A,A,0,No Deposit,7.0,0,Transient,92.17,0,1
City Hotel,0,31,2017,June,23,4,2,2,2,0.0,0,BB,GBR,Online TA,TA/TO,0,0,0,D,D,0,No Deposit,9.0,0,Transient,160.0,0,1
City Hotel,0,30,2017,June,23,6,0,2,2,0.0,0,SC,PRT,Online TA,TA/TO,0,0,0,A,A,0,No Deposit,9.0,0,Transient,120.0,0,1
City Hotel,0,13,2017,June,23,4,2,2,2,0.0,0,BB,GBR,Online TA,TA/TO,0,0,0,D,D,0,No Deposit,7.0,0,Transient,128.0,0,1
City Hotel,0,352,2017,June,23,4,2,2,2,0.0,0,BB,DEU,Offline TA/TO,TA/TO,0,0,0,A,A,0,No Deposit,21.0,0,Transient-Party,83.75,0,1
City Hotel,0,364,2017,June,24,16,0,1,2,0.0,0,BB,DEU,Offline TA/TO,TA/TO,0,0,1,A,A,0,No Deposit,21.0,0,Group,75.0,0,1
City Hotel,0,33,2017,June,23,6,0,2,2,0.0,0,BB,CHL,Online TA,TA/TO,0,0,0,D,D,0,No Deposit,9.0,0,Transient,150.0,0,1
City Hotel,0,17,2017,June,23,6,0,2,2,0.0,0,BB,FRA,Online TA,TA/TO,0,0,0,D,D,0,No Deposit,7.0,0,Transient,114.0,0,1
City Hotel,0,29,2017,June,23,5,1,2,2,0.0,0,BB,FRA,Online TA,TA/TO,0,0,0,D,D,0,No Deposit,423.0,0,Transient,128.47,0,0
City Hotel,0,15,2017,June,23,6,0,2,2,0.0,0,SC,DEU,Offline TA/TO,TA/TO,0,0,0,A,A,0,No Deposit,28.0,0,Transient,89.0,0,0
City Hotel,0,215,2017,June,23,5,1,2,2,0.0,0,BB,EST,Offline TA/TO,TA/TO,0,0,0,A,A,0,No Deposit,85.0,0,Transient,89.1,0,0
City Hotel,0,19,2017,June,23,4,2,2,2,0.0,0,SC,GBR,Online TA,TA/TO,0,0,0,A,A,0,No Deposit,9.0,0,Transient,130.0,0,1
City Hotel,0,38,2017,May,22,31,2,6,2,0.0,0,SC,SRB,Online TA,TA/TO,0,0,0,A,A,0,No Deposit,9.0,0,Transient,145.0,0,1
City Hotel,0,29,2017,June,23,4,2,2,2,0.0,0,BB,NLD,Online TA,TA/TO,0,0,0,E,E,0,No Deposit,9.0,0,Transient,190.0,0,1
City Hotel,0,104,2017,June,23,5,1,2,2,0.0,0,BB,FRA,Online TA,TA/TO,0,0,0,D,D,0,No Deposit,354.0,0,Transient-Party,139.4,0,0
City Hotel,0,434,2017,June,22,3,2,3,2,0.0,0,BB,AUS,Groups,TA/TO,0,0,0,A,A,2,No Deposit,229.0,0,Transient-Party,103.6,0,1
City Hotel,0,67,2017,June,23,6,0,2,2,0.0,0,SC,COL,Online TA,TA/TO,0,0,0,A,A,1,No Deposit,9.0,0,Transient,140.0,0,1
City Hotel,0,34,2017,June,23,5,1,2,2,0.0,0,SC,FRA,Offline TA/TO,TA/TO,0,0,0,A,A,0,No Deposit,28.0,0,Transient,89.0,0,0
City Hotel,0,52,2017,June,23,5,1,2,2,0.0,0,BB,IRL,Direct,Direct,0,0,0,A,A,0,No Deposit,14.0,0,Transient,155.0,0,0
City Hotel,0,104,2017,June,23,5,1,2,2,0.0,0,BB,FRA,Online TA,TA/TO,0,0,0,D,D,0,No Deposit,354.0,0,Transient-Party,139.4,0,0
City Hotel,0,0,2017,June,23,7,0,1,2,0.0,0,BB,PRT,Direct,Direct,0,0,0,A,A,0,No Deposit,,0,Transient,170.0,0,1
City Hotel,0,222,2017,June,22,3,2,3,2,0.0,0,BB,HUN,Online TA,TA/TO,0,0,0,A,A,0,No Deposit,8.0,0,Transient,126.9,1,3
City Hotel,0,17,2017,June,23,5,1,2,2,0.0,0,BB,ISR,Online TA,TA/TO,0,0,0,D,D,0,No Deposit,9.0,0,Transient,156.67,0,2
City Hotel,0,17,2017,June,23,5,1,2,2,0.0,0,HB,IRL,Direct,Direct,0,0,0,D,D,1,No Deposit,14.0,0,Transient,187.67,0,1
City Hotel,0,40,2017,June,23,8,0,1,2,0.0,0,BB,PRT,Online TA,TA/TO,0,0,0,A,A,2,No Deposit,9.0,0,Transient,140.0,0,2
City Hotel,0,65,2017,June,23,5,1,3,2,0.0,0,SC,FRA,Online TA,TA/TO,0,0,0,A,A,0,No Deposit,9.0,0,Transient,140.0,0,1
City Hotel,0,221,2017,June,23,5,1,3,2,0.0,0,SC,DEU,Online TA,TA/TO,0,0,0,A,A,0,No Deposit,9.0,0,Transient,105.08,0,1
City Hotel,0,30,2017,June,23,5,1,3,2,0.0,0,SC,FRA,Online TA,TA/TO,0,0,0,A,A,0,No Deposit,9.0,0,Transient,125.0,0,2
City Hotel,0,135,2017,June,23,6,0,3,2,0.0,0,BB,GBR,Online TA,TA/TO,0,0,0,A,A,0,No Deposit,9.0,0,Transient,144.0,0,1
City Hotel,0,88,2017,June,23,5,1,3,2,0.0,0,BB,FRA,Online TA,TA/TO,0,0,0,D,D,0,No Deposit,83.0,0,Transient,122.4,0,0
City Hotel,0,39,2017,June,23,5,1,3,2,0.0,0,BB,GBR,Online TA,TA/TO,0,0,0,A,A,0,No Deposit,9.0,0,Transient,145.0,0,1
City Hotel,0,28,2017,June,23,6,0,3,2,0.0,0,SC,IRL,Offline TA/TO,TA/TO,0,0,0,A,A,0,No Deposit,28.0,0,Transient,89.0,0,0
City Hotel,0,41,2017,June,23,7,0,2,2,0.0,0,BB,DEU,Offline TA/TO,TA/TO,0,0,0,A,A,0,No Deposit,27.0,0,Transient,137.7,0,1
City Hotel,0,38,2017,June,23,7,0,2,2,0.0,0,BB,NLD,Online TA,TA/TO,0,0,0,A,A,0,No Deposit,9.0,0,Transient,140.0,0,1
City Hotel,0,73,2017,June,23,6,0,3,2,0.0,0,SC,BGR,Online TA,TA/TO,0,0,0,A,A,0,No Deposit,9.0,0,Transient,140.0,0,1
City Hotel,0,218,2017,June,23,7,0,2,2,0.0,0,SC,ARG,Online TA,TA/TO,0,0,0,A,A,0,No Deposit,7.0,0,Transient,79.35,0,1
City Hotel,0,116,2017,June,23,6,0,3,2,0.0,0,BB,AUT,Online TA,TA/TO,0,0,0,D,D,0,No Deposit,9.0,0,Transient,153.0,0,0
City Hotel,0,31,2017,June,23,5,1,3,2,0.0,0,SC,FRA,Online TA,TA/TO,0,0,0,A,A,0,No Deposit,9.0,0,Transient,125.0,0,2
City Hotel,0,11,2017,June,23,4,2,3,2,0.0,0,BB,DEU,Online TA,TA/TO,0,0,0,E,E,0,No Deposit,83.0,0,Transient,154.16,0,0
City Hotel,0,51,2017,June,23,5,1,3,2,0.0,0,BB,BEL,Online TA,TA/TO,0,0,0,D,D,0,No Deposit,9.0,0,Transient,170.0,0,1
City Hotel,0,55,2017,June,23,5,1,3,2,0.0,0,SC,DEU,Online TA,TA/TO,0,0,0,A,A,0,No Deposit,9.0,0,Transient,140.0,0,1
City Hotel,0,23,2017,June,22,3,2,4,2,0.0,0,SC,GBR,Online TA,TA/TO,0,0,0,A,A,0,No Deposit,9.0,0,Transient,149.0,0,0
City Hotel,0,20,2017,June,23,5,1,3,2,0.0,0,BB,AUS,Online TA,TA/TO,0,0,0,A,A,0,No Deposit,7.0,0,Transient,116.0,0,1
City Hotel,0,91,2017,June,23,5,1,3,2,0.0,0,SC,GBR,Online TA,TA/TO,0,0,0,A,A,0,No Deposit,9.0,0,Transient,126.0,0,1
City Hotel,0,20,2017,June,23,4,2,3,2,0.0,0,BB,FRA,Direct,Direct,0,0,0,E,E,0,No Deposit,14.0,0,Transient,183.0,0,2
City Hotel,0,100,2017,June,23,4,2,3,2,0.0,0,SC,LUX,Online TA,TA/TO,0,0,0,A,A,0,No Deposit,85.0,0,Transient,100.8,0,1
City Hotel,0,16,2017,June,23,8,0,1,2,0.0,0,SC,USA,Online TA,TA/TO,0,0,0,A,A,0,No Deposit,9.0,0,Transient,120.0,0,1
City Hotel,0,192,2017,June,23,5,1,3,2,0.0,0,BB,FRA,Offline TA/TO,TA/TO,0,0,0,A,A,0,No Deposit,85.0,0,Transient,89.1,0,0
City Hotel,0,44,2017,June,23,7,0,2,2,0.0,0,BB,GBR,Online TA,TA/TO,0,0,0,A,A,0,No Deposit,9.0,0,Transient,160.0,0,2
City Hotel,0,20,2017,June,23,6,0,3,2,0.0,0,SC,PRT,Offline TA/TO,TA/TO,0,0,0,A,A,0,No Deposit,28.0,0,Transient,89.0,0,0
City Hotel,0,9,2017,June,23,8,0,1,2,0.0,0,SC,GBR,Online TA,TA/TO,0,0,0,A,C,0,No Deposit,9.0,0,Transient,140.0,0,2
City Hotel,0,33,2017,June,23,6,0,3,2,0.0,0,SC,NLD,Online TA,TA/TO,0,0,0,A,A,0,No Deposit,9.0,0,Transient,129.0,0,1
City Hotel,0,32,2017,June,23,8,0,1,2,0.0,0,SC,NLD,Online TA,TA/TO,0,0,0,A,A,0,No Deposit,9.0,0,Transient,120.0,0,0
City Hotel,0,16,2017,June,23,4,2,3,2,0.0,0,BB,GBR,Online TA,TA/TO,0,0,0,D,D,0,No Deposit,9.0,0,Transient,158.0,0,1
City Hotel,0,36,2017,June,23,6,0,3,2,0.0,0,BB,NLD,Online TA,TA/TO,0,0,0,A,A,0,No Deposit,7.0,0,Transient,106.4,0,1
City Hotel,0,15,2017,June,23,5,1,3,2,0.0,0,BB,FRA,Online TA,TA/TO,0,0,0,D,D,0,No Deposit,9.0,0,Transient,155.0,0,0
City Hotel,0,31,2017,June,23,7,0,2,2,0.0,0,BB,BEL,Online TA,TA/TO,0,0,0,A,A,0,No Deposit,85.0,0,Transient,108.0,0,0
City Hotel,0,93,2017,June,23,5,1,3,2,0.0,0,HB,NLD,Online TA,TA/TO,0,0,0,A,A,0,No Deposit,7.0,0,Transient,135.43,0,0
City Hotel,0,19,2017,June,23,4,2,3,2,0.0,0,SC,DEU,Online TA,TA/TO,0,0,0,A,A,0,No Deposit,9.0,0,Transient,128.0,0,1
City Hotel,0,81,2017,June,23,4,2,3,2,0.0,0,BB,CHE,Online TA,TA/TO,0,0,0,A,A,0,No Deposit,8.0,0,Transient,144.0,0,0
City Hotel,0,15,2017,June,23,6,0,3,2,0.0,0,BB,DEU,Online TA,TA/TO,0,0,0,A,A,0,No Deposit,86.0,0,Transient,121.0,0,1
City Hotel,0,53,2017,June,23,5,1,3,2,0.0,0,BB,IRL,Online TA,TA/TO,0,0,0,D,D,0,No Deposit,9.0,0,Transient,170.0,0,1
City Hotel,0,17,2017,June,23,5,1,3,2,0.0,0,SC,POL,Online TA,TA/TO,0,0,0,A,A,0,No Deposit,7.0,0,Transient,95.0,0,1
City Hotel,0,64,2017,June,23,5,1,3,2,0.0,0,SC,IRL,Online TA,TA/TO,0,0,0,A,A,0,No Deposit,9.0,0,Transient,140.0,0,0
City Hotel,0,7,2017,June,23,8,0,1,2,0.0,0,BB,GBR,Corporate,Corporate,0,0,0,A,A,0,No Deposit,,0,Transient,100.0,0,3
City Hotel,0,83,2017,June,23,8,0,1,2,0.0,0,SC,CHN,Online TA,TA/TO,0,0,0,A,D,0,No Deposit,9.0,0,Transient,126.0,0,0
City Hotel,0,13,2017,June,23,8,0,1,2,0.0,0,BB,FRA,Online TA,TA/TO,0,0,0,A,A,0,No Deposit,7.0,0,Transient,112.0,0,1
City Hotel,0,33,2017,June,23,7,0,2,2,0.0,0,BB,PRT,Corporate,Corporate,0,0,0,A,A,0,No Deposit,,0,Transient,95.0,0,2
City Hotel,0,79,2017,June,23,5,1,3,2,0.0,0,SC,NOR,Online TA,TA/TO,0,0,0,A,A,0,No Deposit,9.0,0,Transient,126.0,0,1
City Hotel,0,35,2017,June,23,7,0,2,2,0.0,0,HB,GBR,Online TA,TA/TO,0,0,0,A,A,0,No Deposit,9.0,0,Transient,159.0,0,1
City Hotel,0,19,2017,June,23,5,1,3,2,0.0,0,BB,BRA,Online TA,TA/TO,0,0,0,A,A,0,No Deposit,9.0,0,Transient,145.0,0,1
City Hotel,0,19,2017,June,23,7,0,2,2,0.0,0,SC,DNK,Online TA,TA/TO,0,0,0,A,A,0,No Deposit,9.0,0,Transient,120.0,0,1
City Hotel,0,5,2017,June,23,5,1,3,2,0.0,0,BB,PRT,Online TA,TA/TO,0,0,0,E,E,1,No Deposit,9.0,0,Transient,153.0,0,1
City Hotel,0,27,2017,June,23,5,1,3,2,0.0,0,SC,IRL,Online TA,TA/TO,0,0,0,A,A,0,No Deposit,9.0,0,Transient,140.0,0,1
City Hotel,0,60,2017,June,23,7,0,3,2,0.0,0,BB,GBR,Online TA,TA/TO,0,0,0,D,D,0,No Deposit,9.0,0,Transient,170.0,0,0
City Hotel,0,33,2017,June,23,6,0,4,2,0.0,0,SC,SWE,Online TA,TA/TO,0,0,0,A,A,0,No Deposit,9.0,0,Transient,125.0,0,2
City Hotel,0,33,2017,June,23,6,0,4,2,0.0,0,SC,SWE,Online TA,TA/TO,0,0,0,A,A,0,No Deposit,9.0,0,Transient,125.0,0,2
City Hotel,0,42,2017,June,23,8,0,2,2,0.0,0,BB,DEU,Offline TA/TO,TA/TO,0,0,0,A,A,0,No Deposit,27.0,0,Transient,128.7,0,0
City Hotel,0,39,2017,June,23,7,0,3,2,0.0,0,BB,FRA,Online TA,TA/TO,0,0,0,A,A,0,No Deposit,9.0,0,Transient,140.0,0,1
City Hotel,0,110,2017,June,23,4,2,4,2,0.0,0,BB,IRL,Online TA,TA/TO,0,0,0,D,D,2,No Deposit,9.0,0,Transient,153.0,0,1
City Hotel,0,146,2017,June,23,5,1,4,2,0.0,0,BB,NOR,Online TA,TA/TO,0,0,0,D,D,0,No Deposit,9.0,0,Transient,157.5,0,2
City Hotel,0,146,2017,June,23,5,1,4,2,0.0,0,BB,NOR,Online TA,TA/TO,0,0,0,D,D,0,No Deposit,9.0,0,Transient,157.5,0,2
City Hotel,0,112,2017,June,23,5,1,4,2,0.0,0,BB,IRL,Online TA,TA/TO,0,0,0,D,D,0,No Deposit,9.0,0,Transient,153.0,0,1
City Hotel,0,99,2017,June,23,9,0,1,2,0.0,0,HB,BRA,Online TA,TA/TO,0,0,0,D,D,0,No Deposit,7.0,0,Transient,149.76,0,0
City Hotel,0,74,2017,June,23,8,0,2,2,0.0,0,HB,AUT,Online TA,TA/TO,0,0,0,D,D,0,No Deposit,9.0,0,Transient,208.0,0,0
City Hotel,0,74,2017,June,23,8,0,2,2,0.0,0,HB,AUT,Online TA,TA/TO,0,0,0,D,D,0,No Deposit,9.0,0,Transient,208.0,0,0
City Hotel,0,69,2017,June,23,8,0,2,2,0.0,0,BB,FRA,Direct,Direct,0,0,0,A,A,0,No Deposit,14.0,0,Transient,126.0,0,0
City Hotel,0,210,2017,June,23,9,0,1,2,0.0,0,BB,GBR,Direct,Direct,0,0,0,D,D,0,No Deposit,14.0,0,Transient,135.0,0,0
City Hotel,0,118,2017,June,23,8,0,2,2,0.0,0,BB,GBR,Direct,Direct,0,0,0,A,A,1,No Deposit,14.0,0,Transient,126.0,0,1
City Hotel,0,118,2017,June,23,8,0,2,2,0.0,0,BB,GBR,Direct,Direct,0,0,0,A,A,1,No Deposit,14.0,0,Transient,126.0,0,1
City Hotel,0,30,2017,June,23,6,0,4,2,0.0,0,BB,NZL,Online TA,TA/TO,0,0,0,D,D,0,No Deposit,9.0,0,Transient,150.0,0,1
City Hotel,0,28,2017,June,23,5,1,4,2,0.0,0,HB,BEL,Direct,Direct,0,0,0,A,A,0,No Deposit,14.0,0,Transient,175.0,0,1
City Hotel,0,74,2017,June,23,6,0,4,2,0.0,0,SC,CN,Online TA,TA/TO,0,0,0,A,A,0,No Deposit,9.0,0,Transient,129.5,0,1
City Hotel,0,239,2017,June,23,7,0,3,2,0.0,0,BB,GBR,Offline TA/TO,TA/TO,0,0,0,A,A,2,No Deposit,229.0,0,Transient,90.0,0,0
City Hotel,0,34,2017,June,23,8,0,2,2,0.0,0,BB,GBR,Offline TA/TO,TA/TO,0,0,0,A,A,0,No Deposit,464.0,0,Transient,120.0,0,0
City Hotel,0,93,2017,June,23,5,1,4,2,0.0,0,BB,FRA,Online TA,TA/TO,0,0,0,D,D,1,No Deposit,9.0,0,Transient,153.0,0,1
City Hotel,0,35,2017,June,23,5,1,4,2,0.0,0,BB,FRA,Online TA,TA/TO,0,0,0,A,A,0,No Deposit,9.0,0,Transient,159.2,0,1
City Hotel,0,121,2017,June,23,7,0,3,2,0.0,0,BB,BEL,Direct,Direct,0,0,0,A,A,0,No Deposit,14.0,0,Transient,126.0,0,1
City Hotel,0,48,2017,June,23,6,0,4,2,0.0,0,BB,GBR,Online TA,TA/TO,0,0,0,A,A,0,No Deposit,9.0,0,Transient,150.0,0,1
City Hotel,0,41,2017,June,23,7,0,3,2,0.0,0,BB,DEU,Offline TA/TO,TA/TO,0,0,0,A,A,0,No Deposit,27.0,0,Transient,128.7,0,1
City Hotel,0,25,2017,June,23,5,1,4,2,0.0,0,SC,NLD,Offline TA/TO,TA/TO,0,0,0,A,A,0,No Deposit,28.0,0,Transient,89.0,0,0
City Hotel,0,41,2017,June,23,8,0,2,2,0.0,0,BB,BEL,Online TA,TA/TO,0,0,0,A,A,1,No Deposit,9.0,0,Transient,140.0,0,1
City Hotel,0,36,2017,June,23,7,0,3,2,0.0,0,SC,DEU,Online TA,TA/TO,0,0,0,A,A,0,No Deposit,9.0,0,Transient,120.0,0,2
City Hotel,0,75,2017,June,23,7,0,3,2,0.0,0,BB,DEU,Corporate,Corporate,0,0,0,D,D,0,No Deposit,,0,Transient,148.5,0,0
City Hotel,0,34,2017,June,23,6,0,4,2,0.0,0,BB,IRL,Online TA,TA/TO,0,0,0,A,A,0,No Deposit,9.0,0,Transient,149.5,0,1
City Hotel,0,81,2017,June,23,7,0,3,2,0.0,0,BB,NLD,Direct,Direct,0,0,0,A,A,0,No Deposit,14.0,0,Transient,144.0,1,0
City Hotel,0,48,2017,June,23,9,0,1,2,0.0,0,BB,NLD,Online TA,TA/TO,0,0,0,A,D,0,No Deposit,9.0,0,Transient,160.0,0,1
City Hotel,0,24,2017,June,23,6,0,4,2,0.0,0,SC,IRL,Offline TA/TO,TA/TO,0,0,0,A,A,0,No Deposit,28.0,0,Transient,89.0,0,0
City Hotel,0,192,2017,June,23,6,0,4,2,0.0,0,BB,FRA,Online TA,TA/TO,0,0,0,A,A,0,No Deposit,9.0,0,Transient,144.0,0,1
City Hotel,0,146,2017,June,23,5,1,4,2,0.0,0,BB,NOR,Online TA,TA/TO,0,0,0,D,D,0,No Deposit,9.0,0,Transient,157.5,0,2
City Hotel,0,63,2017,June,23,5,1,4,2,0.0,0,BB,FRA,Online TA,TA/TO,0,0,0,D,D,0,No Deposit,9.0,0,Transient,170.0,0,1
City Hotel,0,48,2017,June,23,6,0,4,2,0.0,0,BB,GBR,Online TA,TA/TO,0,0,0,A,A,2,No Deposit,9.0,0,Transient,160.0,0,1
City Hotel,0,48,2017,June,23,6,0,4,2,0.0,0,BB,GBR,Online TA,TA/TO,0,0,0,D,D,2,No Deposit,9.0,0,Transient,180.0,0,1
City Hotel,0,39,2017,June,23,10,0,1,2,0.0,0,SC,PRT,Offline TA/TO,TA/TO,0,0,0,A,A,0,No Deposit,28.0,0,Transient,89.0,0,0
City Hotel,0,91,2017,June,23,5,1,5,2,0.0,0,SC,DEU,Online TA,TA/TO,0,0,0,A,A,0,No Deposit,9.0,0,Transient-Party,130.67,0,0
City Hotel,0,91,2017,June,23,5,1,5,2,0.0,0,SC,DEU,Online TA,TA/TO,0,0,0,A,A,0,No Deposit,9.0,0,Transient-Party,130.67,0,0
City Hotel,0,34,2017,June,23,8,0,3,2,0.0,0,BB,AUT,Online TA,TA/TO,0,0,0,A,A,0,No Deposit,42.0,0,Transient,117.33,0,0
City Hotel,0,36,2017,June,23,5,1,5,2,0.0,0,BB,DEU,Online TA,TA/TO,0,0,0,A,A,0,No Deposit,83.0,0,Transient,117.53,0,0
City Hotel,0,30,2017,June,23,8,0,3,2,0.0,0,BB,GBR,Direct,Direct,0,0,0,A,A,0,No Deposit,14.0,0,Transient,181.67,0,3
City Hotel,0,27,2017,June,23,7,0,4,2,0.0,0,BB,ITA,Direct,Direct,0,0,0,D,D,0,No Deposit,14.0,0,Transient,153.0,0,0
City Hotel,0,131,2017,June,23,8,0,3,2,0.0,0,BB,USA,Online TA,TA/TO,0,0,0,A,A,0,No Deposit,9.0,0,Transient,144.0,0,1
City Hotel,0,131,2017,June,23,8,0,3,2,0.0,0,BB,USA,Online TA,TA/TO,0,0,0,A,A,0,No Deposit,9.0,0,Transient,144.0,0,1
City Hotel,0,175,2017,June,23,9,0,2,2,0.0,0,BB,PRT,Offline TA/TO,TA/TO,0,0,0,A,A,0,No Deposit,3.0,0,Transient-Party,0.0,0,0
City Hotel,0,87,2017,June,23,9,0,2,2,0.0,0,BB,DNK,Direct,Direct,0,0,0,A,D,0,No Deposit,14.0,0,Transient,126.0,0,1
City Hotel,0,16,2017,June,23,8,0,3,2,0.0,0,BB,ITA,Direct,Direct,0,0,0,A,A,1,No Deposit,14.0,0,Transient,156.67,0,1
City Hotel,0,7,2017,June,23,8,0,3,2,0.0,0,BB,DEU,Online TA,TA/TO,0,0,0,A,A,1,No Deposit,10.0,0,Transient,100.0,0,0
City Hotel,0,175,2017,June,23,9,0,2,2,0.0,0,BB,PRT,Offline TA/TO,TA/TO,0,0,0,A,A,0,No Deposit,3.0,0,Transient-Party,130.0,0,0
City Hotel,0,175,2017,June,23,9,0,2,2,0.0,0,BB,PRT,Offline TA/TO,TA/TO,0,0,0,A,A,0,No Deposit,3.0,0,Transient-Party,130.0,0,0
City Hotel,0,175,2017,June,23,9,0,2,2,0.0,0,BB,PRT,Offline TA/TO,TA/TO,0,0,0,A,A,0,No Deposit,3.0,0,Transient-Party,65.0,0,0
City Hotel,0,175,2017,June,23,9,0,2,2,0.0,0,BB,PRT,Offline TA/TO,TA/TO,0,0,0,A,A,0,No Deposit,3.0,0,Transient-Party,130.0,0,0
City Hotel,0,49,2017,June,23,6,0,5,2,0.0,0,BB,FRA,Direct,Direct,0,0,0,D,D,0,No Deposit,14.0,0,Transient,173.5,0,2
City Hotel,0,234,2017,June,23,8,0,3,2,0.0,0,BB,GBR,Offline TA/TO,TA/TO,0,0,0,A,A,0,No Deposit,85.0,0,Transient,89.1,0,0
City Hotel,0,156,2017,June,23,8,0,3,2,0.0,0,BB,ITA,Direct,Direct,0,0,0,A,A,0,No Deposit,14.0,0,Transient,126.0,0,1
City Hotel,0,212,2017,June,23,8,0,3,2,0.0,0,BB,NLD,Online TA,TA/TO,0,0,0,A,A,0,No Deposit,9.0,0,Transient,117.0,0,1
City Hotel,0,148,2017,June,23,8,0,3,2,0.0,0,BB,GBR,Online TA,TA/TO,0,0,0,D,D,0,No Deposit,9.0,0,Transient,154.8,0,1
City Hotel,0,148,2017,June,23,8,0,3,2,0.0,0,BB,GBR,Online TA,TA/TO,0,0,0,A,A,1,No Deposit,9.0,0,Transient,142.67,0,2
City Hotel,0,175,2017,June,23,9,0,2,2,0.0,0,BB,PRT,Offline TA/TO,TA/TO,0,0,0,A,A,0,No Deposit,3.0,0,Transient-Party,130.0,0,0
City Hotel,0,120,2017,June,23,8,0,3,2,0.0,0,BB,FRA,Direct,Direct,0,0,0,A,A,0,No Deposit,14.0,0,Transient,126.0,0,0
City Hotel,0,212,2017,June,23,9,0,2,2,0.0,0,SC,GBR,Online TA,TA/TO,0,0,0,A,A,0,No Deposit,9.0,0,Transient,99.0,0,1
City Hotel,0,1,2017,June,23,9,0,2,2,0.0,0,SC,BRA,Direct,Direct,0,0,0,A,C,0,No Deposit,,0,Transient,169.0,0,0
City Hotel,0,26,2017,June,23,10,0,1,2,0.0,0,BB,PRT,Direct,Direct,0,0,0,A,A,0,No Deposit,14.0,0,Transient,153.0,0,1
City Hotel,0,26,2017,June,23,10,0,1,2,0.0,0,BB,PRT,Direct,Direct,0,0,0,A,A,0,No Deposit,14.0,0,Transient,144.0,0,1
City Hotel,0,73,2017,June,23,8,0,3,2,0.0,0,SC,CHE,Online TA,TA/TO,0,0,0,A,A,0,No Deposit,9.0,0,Transient-Party,140.0,0,0
City Hotel,0,212,2017,June,23,9,0,2,2,0.0,0,SC,GBR,Online TA,TA/TO,0,0,0,A,A,0,No Deposit,9.0,0,Transient,99.0,0,1
City Hotel,0,39,2017,June,23,8,0,3,2,0.0,0,BB,GBR,Online TA,TA/TO,0,0,0,D,A,0,No Deposit,9.0,0,Transient,150.0,0,1
City Hotel,0,175,2017,June,23,9,0,2,2,0.0,0,BB,PRT,Offline TA/TO,TA/TO,0,0,0,A,A,0,No Deposit,3.0,0,Transient-Party,130.0,0,0
City Hotel,0,40,2017,June,23,9,0,2,2,0.0,0,BB,NLD,Online TA,TA/TO,0,0,0,A,D,1,No Deposit,9.0,0,Transient,160.0,0,1
City Hotel,0,175,2017,June,23,9,0,2,2,0.0,0,BB,PRT,Offline TA/TO,TA/TO,0,0,0,A,A,0,No Deposit,3.0,0,Transient-Party,130.0,0,0
City Hotel,0,33,2017,June,23,5,1,5,2,0.0,0,BB,USA,Direct,Direct,0,0,0,A,A,0,No Deposit,14.0,0,Transient,141.67,0,1
City Hotel,0,175,2017,June,23,9,0,2,2,0.0,0,BB,PRT,Offline TA/TO,TA/TO,0,0,0,A,A,0,No Deposit,3.0,0,Transient-Party,130.0,0,0
City Hotel,0,39,2017,June,23,9,0,2,2,0.0,0,SC,DEU,Offline TA/TO,TA/TO,0,0,0,A,A,0,No Deposit,28.0,0,Transient,89.0,0,2
City Hotel,0,175,2017,June,23,9,0,2,2,0.0,0,BB,PRT,Offline TA/TO,TA/TO,0,0,0,A,A,0,No Deposit,3.0,0,Transient-Party,130.0,0,0
City Hotel,0,175,2017,June,23,9,0,2,2,0.0,0,BB,PRT,Offline TA/TO,TA/TO,0,0,0,A,A,0,No Deposit,3.0,0,Transient-Party,130.0,0,0
City Hotel,0,101,2017,June,23,7,0,4,2,0.0,0,BB,FRA,Direct,Direct,0,0,0,D,D,0,No Deposit,14.0,0,Transient,148.5,0,0
City Hotel,0,4,2017,June,23,10,0,1,2,0.0,0,BB,DEU,Online TA,TA/TO,0,0,0,D,D,0,No Deposit,9.0,0,Transient,190.0,0,1
City Hotel,0,5,2017,June,24,11,2,0,2,0.0,0,BB,DEU,Online TA,TA/TO,0,0,0,A,D,2,No Deposit,10.0,0,Group,12.0,0,1
City Hotel,0,212,2017,June,23,9,0,2,2,0.0,0,SC,GBR,Online TA,TA/TO,0,0,0,A,A,0,No Deposit,9.0,0,Transient,99.0,0,1
City Hotel,0,175,2017,June,23,9,0,2,2,0.0,0,BB,PRT,Offline TA/TO,TA/TO,0,0,0,A,A,0,No Deposit,3.0,0,Transient-Party,130.0,0,0
City Hotel,0,39,2017,June,23,9,0,2,2,0.0,0,SC,NLD,Offline TA/TO,TA/TO,0,0,0,A,A,0,No Deposit,28.0,0,Transient,89.0,0,0
City Hotel,0,0,2017,June,23,10,0,1,2,0.0,0,SC,PRT,Online TA,TA/TO,0,0,0,A,A,0,No Deposit,9.0,0,Transient,144.0,0,2
City Hotel,0,45,2017,June,23,7,0,4,2,0.0,0,BB,POL,Online TA,TA/TO,0,0,0,A,A,0,No Deposit,9.0,0,Transient,160.0,0,1
City Hotel,0,175,2017,June,23,9,0,2,2,0.0,0,BB,PRT,Offline TA/TO,TA/TO,0,0,0,A,A,0,No Deposit,3.0,0,Transient-Party,130.0,0,0
City Hotel,0,212,2017,June,23,9,0,2,2,0.0,0,SC,GBR,Online TA,TA/TO,0,0,0,A,A,0,No Deposit,9.0,0,Transient,99.0,0,1
City Hotel,0,43,2017,June,23,9,0,2,2,0.0,0,BB,FRA,Online TA,TA/TO,0,0,0,A,D,0,No Deposit,9.0,0,Transient,140.0,0,1
City Hotel,0,175,2017,June,23,9,0,2,2,0.0,0,BB,PRT,Offline TA/TO,TA/TO,0,0,0,A,A,0,No Deposit,3.0,0,Transient-Party,130.0,0,0
City Hotel,0,241,2017,June,23,9,0,2,2,0.0,0,BB,GBR,Offline TA/TO,TA/TO,0,0,0,A,A,0,No Deposit,132.0,0,Transient,89.1,0,1
City Hotel,0,130,2017,June,23,9,0,2,2,0.0,0,BB,IRL,Offline TA/TO,TA/TO,0,0,0,A,A,0,No Deposit,85.0,0,Transient,89.1,0,0
City Hotel,0,212,2017,June,23,9,0,2,2,0.0,0,SC,GBR,Online TA,TA/TO,0,0,0,A,A,0,No Deposit,9.0,0,Transient,99.0,0,1
City Hotel,0,212,2017,June,23,9,0,2,2,0.0,0,SC,GBR,Online TA,TA/TO,0,0,0,A,A,0,No Deposit,9.0,0,Transient,99.0,0,1
City Hotel,0,41,2017,June,23,8,0,3,2,0.0,0,BB,RUS,Online TA,TA/TO,0,0,0,A,A,2,No Deposit,9.0,0,Transient,126.67,0,0
City Hotel,0,241,2017,June,23,9,0,2,2,0.0,0,BB,GBR,Offline TA/TO,TA/TO,0,0,0,A,A,0,No Deposit,132.0,0,Transient,89.1,0,1
City Hotel,0,55,2017,June,23,10,0,1,2,0.0,0,SC,CN,Online TA,TA/TO,0,0,0,A,A,0,No Deposit,9.0,0,Transient,140.0,0,1
City Hotel,0,1,2017,June,23,10,0,1,2,0.0,0,BB,PRT,Direct,Direct,0,0,0,D,D,0,No Deposit,14.0,0,Transient,175.5,0,2
City Hotel,0,74,2017,June,23,9,0,2,2,0.0,0,SC,CHE,Online TA,TA/TO,0,0,0,A,A,0,No Deposit,9.0,0,Transient-Party,140.0,0,1
City Hotel,0,212,2017,June,23,9,0,2,2,0.0,0,SC,GBR,Online TA,TA/TO,0,0,0,A,A,0,No Deposit,9.0,0,Transient,99.0,0,1
City Hotel,0,38,2017,June,23,9,0,2,2,0.0,0,BB,FRA,Online TA,TA/TO,0,0,0,E,E,0,No Deposit,9.0,0,Transient,190.0,0,3
City Hotel,0,175,2017,June,23,9,0,2,2,0.0,0,BB,PRT,Offline TA/TO,TA/TO,0,0,0,A,A,0,No Deposit,3.0,0,Transient-Party,130.0,0,0
City Hotel,0,175,2017,June,23,9,0,2,2,0.0,0,BB,PRT,Offline TA/TO,TA/TO,0,0,0,A,A,0,No Deposit,3.0,0,Transient-Party,130.0,0,0
City Hotel,0,175,2017,June,23,9,0,2,2,0.0,0,BB,PRT,Offline TA/TO,TA/TO,0,0,0,A,A,0,No Deposit,3.0,0,Transient-Party,130.0,0,0
City Hotel,0,175,2017,June,23,9,0,2,2,0.0,0,BB,PRT,Offline TA/TO,TA/TO,0,0,0,A,A,0,No Deposit,3.0,0,Transient-Party,130.0,0,0
City Hotel,0,44,2017,June,23,5,1,5,2,0.0,0,SC,FIN,Online TA,TA/TO,0,0,0,A,A,0,No Deposit,7.0,0,Transient,112.0,0,1
City Hotel,0,46,2017,June,23,9,0,2,2,0.0,0,BB,CHE,Online TA,TA/TO,0,0,0,A,A,0,No Deposit,9.0,0,Transient,150.0,0,1
City Hotel,0,130,2017,June,23,8,0,3,2,0.0,0,BB,GBR,Online TA,TA/TO,0,0,0,A,A,0,No Deposit,9.0,0,Transient,144.0,0,2
City Hotel,0,212,2017,June,23,9,0,2,2,0.0,0,SC,GBR,Online TA,TA/TO,0,0,0,A,A,0,No Deposit,9.0,0,Transient,99.0,0,1
City Hotel,0,33,2017,June,23,4,2,5,2,0.0,0,BB,GBR,Online TA,TA/TO,0,0,0,D,D,0,No Deposit,7.0,0,Transient,120.51,0,1
City Hotel,0,239,2017,June,23,4,2,5,2,0.0,0,BB,FRA,Online TA,TA/TO,0,0,0,B,B,1,No Deposit,9.0,0,Transient-Party,107.45,0,1
City Hotel,0,214,2017,June,23,9,0,2,2,0.0,0,BB,GBR,Groups,Direct,0,0,0,A,A,0,No Deposit,,0,Transient-Party,96.25,0,0
City Hotel,0,212,2017,June,23,9,0,2,2,0.0,0,SC,GBR,Online TA,TA/TO,0,0,0,A,A,0,No Deposit,9.0,0,Transient,99.0,0,1
City Hotel,0,175,2017,June,23,9,0,2,2,0.0,0,BB,PRT,Offline TA/TO,TA/TO,0,0,0,A,A,0,No Deposit,3.0,0,Transient-Party,130.0,0,0
City Hotel,0,175,2017,June,23,9,0,2,2,0.0,0,BB,PRT,Offline TA/TO,TA/TO,0,0,0,A,A,0,No Deposit,3.0,0,Transient-Party,130.0,0,0
City Hotel,0,330,2017,June,23,9,1,2,2,0.0,0,SC,DEU,Online TA,TA/TO,0,0,0,A,A,0,No Deposit,9.0,0,Transient,99.0,0,2
City Hotel,0,330,2017,June,23,9,1,2,2,0.0,0,SC,DEU,Online TA,TA/TO,0,0,0,A,A,0,No Deposit,9.0,0,Transient,99.0,0,2
City Hotel,0,145,2017,June,23,10,1,1,2,0.0,0,BB,CHE,Online TA,TA/TO,0,0,0,A,A,2,No Deposit,9.0,0,Transient,144.0,0,3
City Hotel,0,254,2017,June,23,9,1,2,2,0.0,0,SC,BEL,Online TA,TA/TO,0,0,0,A,A,0,No Deposit,9.0,0,Transient-Party,99.0,0,1
City Hotel,0,82,2017,June,23,8,1,3,2,0.0,0,BB,FRA,Direct,Direct,0,0,0,A,A,0,No Deposit,14.0,0,Transient,126.0,0,1
City Hotel,0,43,2017,June,23,9,1,2,2,0.0,0,BB,AUT,Online TA,TA/TO,0,0,0,A,A,0,No Deposit,9.0,0,Transient,153.33,0,1
City Hotel,0,228,2017,June,23,4,3,5,2,0.0,0,HB,FRA,Online TA,TA/TO,0,0,0,A,A,0,No Deposit,7.0,0,Transient,113.57,0,1
City Hotel,0,76,2017,June,23,9,1,2,2,0.0,0,BB,GBR,Online TA,TA/TO,0,0,0,A,A,0,No Deposit,9.0,0,Transient,160.0,0,1
City Hotel,0,28,2017,June,23,9,1,2,2,0.0,0,HB,FRA,Offline TA/TO,TA/TO,0,0,0,A,A,0,No Deposit,20.0,0,Transient,181.0,0,0
City Hotel,0,28,2017,June,23,9,1,2,2,0.0,0,HB,FRA,Offline TA/TO,TA/TO,0,0,0,A,A,0,No Deposit,20.0,0,Transient,181.0,0,0
City Hotel,0,28,2017,June,23,9,1,2,2,0.0,0,HB,FRA,Offline TA/TO,TA/TO,0,0,0,A,A,0,No Deposit,20.0,0,Transient,181.0,0,0
City Hotel,0,71,2017,June,23,5,2,5,2,0.0,0,BB,IRL,Online TA,TA/TO,0,0,0,D,D,0,No Deposit,7.0,0,Transient,134.06,0,0
City Hotel,0,34,2017,June,23,7,1,4,2,0.0,0,SC,PRT,Online TA,TA/TO,0,0,0,A,D,0,No Deposit,9.0,0,Transient,132.0,0,2
City Hotel,0,90,2017,June,23,10,1,1,2,0.0,0,SC,IRL,Online TA,TA/TO,0,0,0,A,A,0,No Deposit,7.0,0,Transient,100.8,0,0
City Hotel,0,214,2017,June,23,9,1,2,2,0.0,0,BB,GBR,Groups,Direct,0,0,0,D,D,1,No Deposit,,0,Transient,118.13,0,0
City Hotel,0,254,2017,June,23,9,1,2,2,0.0,0,SC,BEL,Online TA,TA/TO,0,0,0,A,A,0,No Deposit,9.0,0,Transient-Party,108.0,1,1
City Hotel,0,47,2017,June,23,10,1,1,2,0.0,0,SC,MEX,Online TA,TA/TO,0,0,0,A,A,0,No Deposit,7.0,0,Transient,112.0,0,1
City Hotel,0,42,2017,June,23,10,1,1,2,0.0,0,BB,CN,Online TA,TA/TO,0,0,0,A,A,0,No Deposit,9.0,0,Transient,130.0,0,1
City Hotel,0,134,2017,June,23,8,1,3,2,0.0,0,BB,FRA,Offline TA/TO,TA/TO,0,0,0,A,D,0,No Deposit,28.0,0,Transient,85.0,0,0
City Hotel,0,1,2017,June,24,11,1,0,2,0.0,0,SC,PRT,Online TA,TA/TO,0,0,0,A,A,0,No Deposit,9.0,0,Transient,128.0,0,1
City Hotel,0,29,2017,June,24,11,1,0,2,0.0,0,SC,USA,Online TA,TA/TO,0,0,0,A,A,0,No Deposit,9.0,0,Transient,120.0,0,1
City Hotel,0,258,2017,June,23,10,1,1,2,0.0,0,BB,DEU,Online TA,TA/TO,0,0,0,A,A,0,No Deposit,9.0,0,Transient,117.0,0,1
City Hotel,0,135,2017,June,23,10,1,1,2,0.0,0,BB,DEU,Offline TA/TO,TA/TO,0,0,0,D,D,0,No Deposit,27.0,0,Transient-Party,109.0,0,1
City Hotel,0,23,2017,June,24,11,1,0,2,0.0,0,SC,CN,Online TA,TA/TO,0,0,0,A,A,0,No Deposit,7.0,0,Transient,87.2,0,1
City Hotel,0,92,2017,June,23,10,1,1,2,0.0,0,BB,SWE,Online TA,TA/TO,0,0,0,A,A,0,No Deposit,7.0,0,Transient,115.2,0,0
City Hotel,0,39,2017,June,23,10,1,1,2,0.0,0,BB,CHN,Online TA,TA/TO,0,0,0,A,A,0,No Deposit,9.0,0,Transient,126.0,0,1
City Hotel,0,119,2017,June,23,5,2,5,2,0.0,0,HB,BEL,Offline TA/TO,TA/TO,0,0,0,A,A,0,No Deposit,394.0,0,Transient,121.1,0,2
City Hotel,0,50,2017,June,23,8,1,3,2,0.0,0,SC,AUT,Online TA,TA/TO,0,0,0,A,A,0,No Deposit,9.0,0,Transient,140.0,0,2
City Hotel,0,114,2017,June,23,10,1,1,2,0.0,0,BB,BRA,Direct,Direct,0,0,0,A,A,0,No Deposit,14.0,0,Transient,126.0,0,1
City Hotel,0,31,2017,June,23,9,1,2,2,0.0,0,SC,AUT,Offline TA/TO,TA/TO,0,0,0,A,A,0,No Deposit,28.0,0,Transient,89.0,0,0
City Hotel,0,25,2017,June,24,11,1,0,2,0.0,0,BB,GBR,Online TA,TA/TO,0,0,0,A,A,0,No Deposit,9.0,0,Transient,129.0,0,1
City Hotel,0,135,2017,June,23,10,1,1,2,0.0,0,BB,DEU,Offline TA/TO,TA/TO,0,0,0,D,D,0,No Deposit,27.0,0,Transient-Party,109.0,0,1
City Hotel,0,148,2017,June,23,7,1,4,2,0.0,0,BB,DEU,Online TA,TA/TO,0,0,0,A,A,0,No Deposit,9.0,0,Transient,144.0,0,1
City Hotel,0,74,2017,June,23,7,1,4,2,0.0,0,BB,ITA,Direct,Direct,0,0,0,A,A,0,No Deposit,14.0,0,Transient,126.0,0,0
City Hotel,0,89,2017,June,23,7,1,4,2,0.0,0,BB,NOR,Online TA,TA/TO,0,0,0,A,A,0,No Deposit,9.0,0,Transient,147.2,0,0
City Hotel,0,27,2017,June,23,9,1,2,2,0.0,0,SC,GBR,Direct,Direct,0,0,0,A,A,0,No Deposit,,0,Transient,135.33,0,0
City Hotel,0,108,2017,June,23,8,1,3,2,0.0,0,BB,IRL,Online TA,TA/TO,0,0,0,D,D,2,No Deposit,9.0,0,Transient,161.5,0,0
City Hotel,0,151,2017,June,23,5,2,5,2,0.0,0,BB,FRA,Online TA,TA/TO,0,0,0,A,A,0,No Deposit,9.0,0,Transient,144.0,0,2
City Hotel,0,27,2017,June,23,9,1,2,2,0.0,0,SC,GBR,Direct,Direct,0,0,0,A,A,0,No Deposit,,0,Transient,135.33,0,0
City Hotel,0,214,2017,June,23,9,1,2,2,0.0,0,BB,GBR,Groups,Direct,0,0,0,D,D,1,No Deposit,,0,Transient,118.13,0,0
City Hotel,0,0,2017,June,24,11,1,0,2,0.0,0,BB,PRT,Direct,Direct,0,0,0,D,D,0,No Deposit,,0,Transient,153.0,0,0
City Hotel,0,91,2017,June,23,10,1,1,2,0.0,0,SC,FRA,Online TA,TA/TO,0,0,0,A,A,0,No Deposit,9.0,0,Transient-Party,133.0,0,0
City Hotel,0,30,2017,June,23,8,1,3,2,0.0,0,SC,KOR,Offline TA/TO,TA/TO,0,0,0,A,A,0,No Deposit,28.0,0,Transient,89.0,0,0
City Hotel,0,91,2017,June,23,10,1,1,2,0.0,0,SC,FRA,Online TA,TA/TO,0,0,0,A,A,0,No Deposit,9.0,0,Transient-Party,133.0,0,0
City Hotel,0,27,2017,June,23,9,1,2,2,0.0,0,SC,GBR,Direct,Direct,0,0,0,A,A,0,No Deposit,,0,Transient,135.33,0,0
City Hotel,0,27,2017,June,23,9,1,2,2,0.0,0,SC,GBR,Direct,Direct,0,0,0,A,A,0,No Deposit,,0,Transient,135.33,0,0
City Hotel,0,88,2017,June,23,8,2,3,2,0.0,0,BB,FRA,Online TA,TA/TO,0,0,0,D,D,0,No Deposit,9.0,0,Transient,153.0,0,0
City Hotel,0,90,2017,June,24,11,2,0,2,0.0,0,SC,BRA,Online TA,TA/TO,0,0,0,A,A,1,No Deposit,9.0,0,Transient,126.0,0,0
City Hotel,0,80,2017,June,23,8,2,3,2,0.0,0,HB,FRA,Online TA,TA/TO,0,0,0,D,D,1,No Deposit,9.0,0,Transient,189.0,0,2
City Hotel,0,73,2017,June,23,7,2,4,2,0.0,0,SC,ARG,Online TA,TA/TO,0,0,0,A,A,0,No Deposit,9.0,0,Transient,140.0,0,0
City Hotel,0,73,2017,June,23,7,2,4,2,0.0,0,SC,ARG,Online TA,TA/TO,0,0,0,A,A,0,No Deposit,9.0,0,Transient,149.0,0,0
City Hotel,0,149,2017,June,23,6,2,5,2,0.0,0,BB,DEU,Direct,Direct,0,0,0,A,A,0,No Deposit,14.0,0,Transient,135.0,0,0
City Hotel,0,43,2017,June,23,8,2,3,2,0.0,0,BB,FRA,Online TA,TA/TO,0,0,0,A,A,0,No Deposit,9.0,0,Transient,156.0,0,1
City Hotel,0,10,2017,June,24,11,2,0,2,0.0,0,HB,FRA,Offline TA/TO,TA/TO,0,0,0,A,A,0,No Deposit,20.0,0,Transient-Party,131.0,0,0
City Hotel,0,10,2017,June,24,11,2,0,2,0.0,0,HB,FRA,Offline TA/TO,TA/TO,0,0,0,A,A,0,No Deposit,20.0,0,Transient-Party,131.0,0,0
City Hotel,0,279,2017,June,23,9,2,2,2,0.0,0,SC,GBR,Online TA,TA/TO,0,0,0,A,A,0,No Deposit,9.0,0,Transient,99.0,0,2
City Hotel,0,29,2017,June,23,6,2,5,2,0.0,0,HB,DEU,Online TA,TA/TO,0,0,0,A,A,0,No Deposit,9.0,0,Transient,170.0,0,1
City Hotel,0,43,2017,June,23,9,2,2,2,0.0,0,BB,AUT,Online TA,TA/TO,0,0,0,D,D,0,No Deposit,9.0,0,Transient,150.0,0,2
City Hotel,0,147,2017,June,24,11,2,0,2,0.0,0,HB,DEU,Online TA,TA/TO,0,0,0,A,A,0,No Deposit,9.0,0,Transient,180.0,0,1
City Hotel,0,77,2017,June,23,10,2,1,2,0.0,0,BB,BRA,Online TA,TA/TO,0,0,0,D,D,0,No Deposit,9.0,0,Transient,153.0,0,0
City Hotel,0,27,2017,June,24,11,2,0,2,0.0,0,SC,PRT,Online TA,TA/TO,0,0,0,A,A,0,No Deposit,7.0,0,Transient,82.84,0,1
City Hotel,0,33,2017,June,23,9,2,2,2,0.0,0,BB,BEL,Online TA,TA/TO,0,0,0,A,A,0,No Deposit,9.0,0,Transient,154.5,0,1
City Hotel,0,25,2017,June,24,12,1,0,2,0.0,0,SC,AUS,Online TA,TA/TO,0,0,0,A,A,0,No Deposit,9.0,0,Transient,109.0,0,0
City Hotel,0,77,2017,June,23,9,2,2,2,0.0,0,BB,NOR,Online TA,TA/TO,0,0,0,A,A,0,No Deposit,9.0,0,Transient,148.0,0,3
City Hotel,0,20,2017,June,24,12,1,0,2,0.0,0,BB,PRT,Direct,Direct,0,0,0,A,A,0,No Deposit,14.0,0,Transient,98.1,0,0
City Hotel,0,0,2017,June,24,12,1,0,2,0.0,0,BB,PRT,Online TA,TA/TO,0,0,0,A,A,1,No Deposit,9.0,0,Transient,144.0,0,0
City Hotel,0,76,2017,June,24,12,1,0,2,0.0,0,BB,USA,Online TA,TA/TO,0,0,0,A,A,1,No Deposit,8.0,0,Transient,146.0,0,0
City Hotel,0,289,2017,June,24,14,0,2,2,0.0,0,BB,DEU,Online TA,TA/TO,0,0,1,A,A,2,No Deposit,9.0,0,Transient,128.7,0,2
City Hotel,0,19,2017,June,24,11,2,0,2,0.0,0,SC,BRA,Online TA,TA/TO,0,0,0,A,C,0,No Deposit,9.0,0,Transient,109.0,0,1
City Hotel,0,5,2017,June,23,9,2,2,2,0.0,0,BB,FRA,Online TA,TA/TO,0,0,0,A,A,0,No Deposit,9.0,0,Transient,169.75,0,1
City Hotel,0,21,2017,June,24,11,2,0,2,0.0,0,BB,PRT,Online TA,TA/TO,0,0,0,A,A,0,No Deposit,7.0,0,Transient,103.2,0,0
City Hotel,0,32,2017,June,23,10,2,1,2,0.0,0,SC,FRA,Online TA,TA/TO,0,0,0,A,A,0,No Deposit,9.0,0,Transient,133.33,0,0
City Hotel,0,89,2017,June,24,13,0,3,2,0.0,0,BB,GBR,Online TA,TA/TO,0,0,0,A,A,1,No Deposit,9.0,0,Transient,12.0,0,2
City Hotel,0,37,2017,June,23,9,2,2,2,0.0,0,SC,DEU,Offline TA/TO,TA/TO,0,0,0,A,A,0,No Deposit,28.0,0,Transient,89.0,0,0
City Hotel,0,42,2017,June,24,12,1,0,2,0.0,0,BB,GBR,Online TA,TA/TO,0,0,0,A,A,0,No Deposit,85.0,0,Transient,108.0,0,1
City Hotel,0,60,2017,June,24,11,2,0,2,0.0,0,BB,PRT,Offline TA/TO,TA/TO,0,0,0,A,A,0,No Deposit,168.0,0,Transient,89.1,0,3
City Hotel,0,222,2017,June,23,10,2,1,2,0.0,0,BB,GBR,Online TA,TA/TO,0,0,0,A,A,0,No Deposit,8.0,0,Transient,126.0,1,1
City Hotel,0,23,2017,June,24,11,2,0,2,0.0,0,SC,GBR,Online TA,TA/TO,0,0,0,A,A,0,No Deposit,9.0,0,Transient,109.0,0,1
City Hotel,0,0,2017,June,24,12,1,0,2,0.0,0,BB,GBR,Direct,Direct,0,0,0,F,F,0,No Deposit,14.0,0,Transient,265.0,0,0
City Hotel,0,16,2017,June,24,12,1,0,2,0.0,0,HB,FRA,Online TA,TA/TO,0,0,0,A,A,0,No Deposit,9.0,0,Transient,167.0,0,0
City Hotel,0,20,2017,June,24,12,1,0,2,0.0,0,SC,ARG,Online TA,TA/TO,0,0,0,A,A,0,No Deposit,9.0,0,Transient,118.0,0,1
City Hotel,0,223,2017,June,24,11,2,0,2,0.0,0,BB,GBR,Online TA,TA/TO,0,0,0,A,A,0,No Deposit,7.0,0,Transient,90.09,0,1
City Hotel,0,72,2017,June,23,10,2,1,2,0.0,0,SC,ITA,Online TA,TA/TO,0,0,0,A,A,0,No Deposit,9.0,0,Transient,140.0,0,0
City Hotel,0,16,2017,June,24,12,1,0,2,0.0,0,SC,PRT,Online TA,TA/TO,0,0,0,A,A,0,No Deposit,9.0,0,Transient,120.0,0,1
City Hotel,0,46,2017,June,24,11,2,1,2,0.0,0,SC,FRA,Offline TA/TO,TA/TO,0,0,0,A,A,0,No Deposit,28.0,0,Transient,80.1,0,0
City Hotel,0,81,2017,June,24,11,2,1,2,0.0,0,BB,PRT,Online TA,TA/TO,0,0,0,A,A,0,No Deposit,9.0,0,Transient,144.0,0,0
City Hotel,0,95,2017,June,24,11,2,1,2,0.0,0,BB,IRL,Online TA,TA/TO,0,0,0,A,A,0,No Deposit,9.0,0,Transient,144.0,0,0
City Hotel,0,199,2017,June,24,12,1,1,2,0.0,0,SC,GBR,Online TA,TA/TO,0,0,0,A,A,0,No Deposit,9.0,0,Transient,126.0,0,0
City Hotel,0,109,2017,June,24,12,1,1,2,0.0,0,BB,GBR,Online TA,TA/TO,0,0,0,D,D,0,No Deposit,9.0,0,Transient,153.0,0,0
City Hotel,0,28,2017,June,24,13,0,1,2,0.0,0,SC,DEU,Online TA,TA/TO,0,0,0,A,A,0,No Deposit,9.0,0,Transient-Party,109.0,0,2
City Hotel,0,4,2017,June,24,13,0,1,2,0.0,0,BB,PRT,Corporate,Corporate,0,0,0,A,A,0,No Deposit,,0,Transient,95.0,0,2
City Hotel,0,73,2017,June,24,12,1,1,2,0.0,0,SC,ESP,Offline TA/TO,TA/TO,0,0,0,A,A,0,No Deposit,168.0,0,Transient,80.1,0,1
City Hotel,0,43,2017,June,24,12,1,1,2,0.0,0,SC,NLD,Online TA,TA/TO,0,0,0,A,A,0,No Deposit,7.0,0,Transient,96.0,0,1
City Hotel,0,73,2017,June,24,12,1,1,2,0.0,0,SC,ESP,Offline TA/TO,TA/TO,0,0,0,A,A,0,No Deposit,168.0,0,Transient,80.1,0,1
City Hotel,0,101,2017,June,24,11,2,1,2,0.0,0,BB,FRA,Offline TA/TO,TA/TO,0,0,0,E,E,0,No Deposit,28.0,0,Transient,112.5,0,0
City Hotel,0,17,2017,June,24,11,2,1,2,0.0,0,SC,DEU,Online TA,TA/TO,0,0,0,A,A,0,No Deposit,9.0,0,Transient,109.0,0,1
City Hotel,0,112,2017,June,23,10,2,2,2,0.0,0,HB,DEU,Online TA,TA/TO,0,0,0,D,D,0,No Deposit,9.0,0,Transient,187.2,0,0
City Hotel,0,11,2017,June,24,11,2,1,2,0.0,0,BB,GBR,Offline TA/TO,TA/TO,0,0,0,A,A,0,No Deposit,262.0,0,Transient,99.0,0,0
City Hotel,0,10,2017,June,24,11,2,1,2,0.0,0,SC,GBR,Online TA,TA/TO,0,0,0,A,A,0,No Deposit,7.0,0,Transient,91.2,0,1
City Hotel,0,96,2017,June,23,10,2,2,2,0.0,0,BB,GBR,Online TA,TA/TO,0,0,0,D,D,0,No Deposit,7.0,0,Transient,122.4,0,0
City Hotel,0,70,2017,June,24,13,0,1,2,0.0,0,SC,DEU,Online TA,TA/TO,0,0,0,A,A,0,No Deposit,7.0,0,Transient,100.8,0,2
City Hotel,0,21,2017,June,24,11,2,1,2,0.0,0,BB,DEU,Online TA,TA/TO,0,0,0,A,A,0,No Deposit,9.0,0,Transient,138.0,0,1
City Hotel,0,182,2017,June,24,13,0,1,2,0.0,0,BB,GBR,Direct,Direct,0,0,0,D,D,0,No Deposit,14.0,0,Transient,144.38,0,0
City Hotel,0,15,2017,June,24,13,0,1,2,0.0,0,SC,NLD,Offline TA/TO,TA/TO,0,0,0,A,A,0,No Deposit,28.0,0,Transient,89.0,0,0
City Hotel,0,6,2017,June,24,11,2,1,2,0.0,0,BB,SDN,Offline TA/TO,TA/TO,0,0,0,A,A,0,No Deposit,28.0,0,Transient,99.0,0,1
City Hotel,0,4,2017,June,24,11,2,1,2,0.0,0,BB,DEU,Offline TA/TO,TA/TO,0,0,0,A,A,0,No Deposit,16.0,0,Transient,99.0,0,0
City Hotel,0,1,2017,June,24,13,0,1,2,0.0,0,BB,AGO,Direct,Direct,0,0,0,A,A,1,No Deposit,14.0,0,Transient,170.0,0,0
City Hotel,0,51,2017,June,23,9,2,3,2,0.0,0,BB,USA,Direct,Direct,0,0,0,D,D,0,No Deposit,,0,Transient,78.0,0,5
City Hotel,0,162,2017,June,24,12,1,1,2,0.0,0,BB,GBR,Online TA,TA/TO,0,0,0,D,D,0,No Deposit,9.0,0,Transient,157.5,0,2
City Hotel,0,15,2017,June,24,11,2,1,2,0.0,0,HB,FRA,Online TA,TA/TO,0,0,0,A,A,0,No Deposit,9.0,0,Transient,167.0,0,1
City Hotel,0,48,2017,June,24,11,2,1,2,0.0,0,BB,ROU,Offline TA/TO,TA/TO,0,0,0,A,A,0,No Deposit,28.0,0,Transient,89.1,0,0
City Hotel,0,32,2017,June,23,10,2,2,2,0.0,0,SC,DEU,Offline TA/TO,TA/TO,0,0,0,A,A,0,No Deposit,28.0,0,Transient,89.0,0,0
City Hotel,0,15,2017,June,24,11,2,1,2,0.0,0,BB,FRA,Online TA,TA/TO,0,0,0,A,A,0,No Deposit,9.0,0,Transient,140.0,0,2
City Hotel,0,64,2017,June,23,10,2,2,2,0.0,0,SC,DEU,Online TA,TA/TO,0,0,0,A,A,0,No Deposit,9.0,0,Transient,140.0,0,2
City Hotel,0,19,2017,June,24,12,1,1,2,0.0,0,BB,GBR,Online TA,TA/TO,0,0,0,A,A,0,No Deposit,9.0,0,Transient,129.0,0,1
City Hotel,0,29,2017,June,24,11,2,1,2,0.0,0,SC,IRL,Online TA,TA/TO,0,0,0,A,A,2,No Deposit,9.0,0,Transient,120.0,0,1
City Hotel,0,116,2017,June,24,12,1,1,2,0.0,0,BB,BRA,Offline TA/TO,TA/TO,0,0,0,D,D,0,No Deposit,52.0,0,Transient,98.1,0,0
City Hotel,0,0,2017,June,24,14,0,0,2,0.0,0,BB,LUX,Offline TA/TO,TA/TO,1,0,0,A,A,0,No Deposit,28.0,0,Transient,0.0,0,0
City Hotel,0,7,2017,June,23,10,2,2,2,0.0,0,BB,GBR,Online TA,TA/TO,0,0,0,A,A,0,No Deposit,89.0,0,Transient,129.0,0,0
City Hotel,0,32,2017,June,24,12,1,1,2,0.0,0,BB,USA,Online TA,TA/TO,0,0,0,D,D,8,No Deposit,9.0,0,Transient,190.0,0,1
City Hotel,0,15,2017,June,24,14,0,1,2,0.0,0,BB,PRT,Corporate,Corporate,0,0,0,A,D,0,No Deposit,,0,Transient,75.0,0,0
City Hotel,0,18,2017,June,24,11,2,2,2,0.0,0,HB,PRT,Online TA,TA/TO,0,0,0,D,D,0,No Deposit,9.0,0,Transient,177.0,0,1
City Hotel,0,60,2017,June,23,8,2,5,2,0.0,0,HB,FRA,Direct,Direct,0,0,0,E,E,1,No Deposit,14.0,0,Transient,231.0,0,0
City Hotel,0,173,2017,June,24,12,1,2,2,0.0,0,BB,GBR,Online TA,TA/TO,0,0,0,A,A,0,No Deposit,9.0,0,Transient,144.0,0,2
City Hotel,0,39,2017,June,24,12,1,2,2,0.0,0,SC,IRL,Online TA,TA/TO,0,0,0,A,A,0,No Deposit,9.0,0,Transient,120.0,0,1
City Hotel,0,10,2017,June,24,12,1,2,2,0.0,0,BB,ESP,Direct,Direct,0,0,0,G,G,0,No Deposit,14.0,0,Transient,255.0,0,0
City Hotel,0,25,2017,June,24,11,2,2,2,0.0,0,BB,BRA,Online TA,TA/TO,0,0,0,D,D,0,No Deposit,7.0,0,Transient,111.2,0,1
City Hotel,0,73,2017,June,24,12,1,2,2,0.0,0,SC,ESP,Online TA,TA/TO,0,0,0,A,A,0,No Deposit,9.0,0,Transient,140.0,0,1
City Hotel,0,155,2017,June,24,12,1,2,2,0.0,0,BB,FRA,Online TA,TA/TO,0,0,0,A,A,0,No Deposit,9.0,0,Transient,153.0,1,0
City Hotel,0,26,2017,June,24,11,2,2,2,0.0,0,BB,USA,Online TA,TA/TO,0,0,0,D,D,0,No Deposit,9.0,0,Transient,139.0,0,1
City Hotel,0,5,2017,June,24,11,2,2,2,0.0,0,BB,AUT,Offline TA/TO,TA/TO,0,0,0,A,A,0,No Deposit,159.0,0,Transient,91.77,0,0
City Hotel,0,29,2017,June,24,14,0,1,2,0.0,0,SC,PRT,Online TA,TA/TO,0,0,0,A,D,0,No Deposit,9.0,0,Transient,109.0,0,2
City Hotel,0,154,2017,June,23,5,3,7,2,0.0,0,BB,BEL,Online TA,TA/TO,0,0,0,A,A,0,No Deposit,9.0,0,Transient,144.0,0,1
City Hotel,0,38,2017,June,24,12,1,2,2,0.0,0,BB,FRA,Offline TA/TO,TA/TO,0,0,0,A,A,0,No Deposit,28.0,0,Transient,99.0,0,0
City Hotel,0,17,2017,June,24,14,0,1,2,0.0,0,BB,CHE,Online TA,TA/TO,0,0,0,D,E,0,No Deposit,9.0,0,Transient,150.0,0,1
City Hotel,0,39,2017,June,24,12,1,2,2,0.0,0,BB,AUT,Offline TA/TO,TA/TO,0,0,0,A,A,0,No Deposit,27.0,0,Transient,108.0,0,0
City Hotel,0,94,2017,June,24,11,2,2,2,0.0,0,BB,PHL,Online TA,TA/TO,0,0,0,A,A,1,No Deposit,9.0,0,Transient,126.0,0,0
City Hotel,0,18,2017,June,24,11,2,2,2,0.0,0,BB,NLD,Online TA,TA/TO,0,0,0,D,D,0,No Deposit,9.0,0,Transient,139.0,0,1
City Hotel,0,39,2017,June,24,11,2,2,2,0.0,0,BB,PRT,Online TA,TA/TO,0,0,0,A,A,0,No Deposit,7.0,0,Transient,112.0,0,3
City Hotel,0,43,2017,June,24,11,2,2,2,0.0,0,SC,PRT,Offline TA/TO,TA/TO,0,0,0,A,A,0,No Deposit,28.0,0,Transient,89.0,0,1
City Hotel,0,26,2017,June,24,12,1,2,2,0.0,0,BB,FRA,Online TA,TA/TO,0,0,0,D,D,0,No Deposit,9.0,0,Transient,139.0,0,0
City Hotel,0,32,2017,June,24,12,1,2,2,0.0,0,SC,DEU,Online TA,TA/TO,0,0,0,A,A,0,No Deposit,9.0,0,Transient,126.67,0,1
City Hotel,0,146,2017,June,24,11,2,2,2,0.0,0,BB,GBR,Offline TA/TO,TA/TO,0,0,0,A,D,0,No Deposit,28.0,0,Transient,85.0,0,1
City Hotel,0,7,2017,June,24,12,1,2,2,0.0,0,BB,ESP,Online TA,TA/TO,0,0,0,A,A,0,No Deposit,85.0,0,Transient,99.0,0,0
City Hotel,0,99,2017,June,24,11,2,2,2,0.0,0,BB,SWE,Online TA,TA/TO,0,0,0,A,A,0,No Deposit,9.0,0,Transient-Party,144.0,0,0
City Hotel,0,7,2017,June,24,12,1,2,2,0.0,0,BB,ESP,Online TA,TA/TO,0,0,0,A,A,1,No Deposit,159.0,0,Transient,169.0,0,0
City Hotel,0,99,2017,June,24,11,2,2,2,0.0,0,BB,SWE,Online TA,TA/TO,0,0,0,A,A,0,No Deposit,9.0,0,Transient-Party,144.0,0,0
City Hotel,0,119,2017,June,24,11,2,2,2,0.0,0,SC,AUS,Online TA,TA/TO,0,0,0,A,A,0,No Deposit,9.0,0,Transient,126.0,0,0
City Hotel,0,46,2017,June,24,13,0,2,2,0.0,0,BB,NLD,Online TA,TA/TO,0,0,0,D,D,0,No Deposit,9.0,0,Transient,150.0,0,2
City Hotel,0,67,2017,June,24,12,1,2,2,0.0,0,SC,NLD,Online TA,TA/TO,0,0,0,A,A,0,No Deposit,7.0,0,Transient,95.76,0,1
City Hotel,0,328,2017,June,23,9,2,4,2,0.0,0,BB,CHE,Online TA,TA/TO,0,0,0,A,A,0,No Deposit,9.0,0,Transient,109.8,0,4
City Hotel,0,6,2017,June,24,13,0,2,2,0.0,0,BB,LUX,Online TA,TA/TO,0,0,0,A,A,0,No Deposit,85.0,0,Transient,99.0,0,0
City Hotel,0,30,2017,June,24,12,1,2,2,0.0,0,BB,FRA,Direct,Direct,0,0,0,A,A,0,No Deposit,14.0,0,Transient,161.67,0,3
City Hotel,0,41,2017,June,23,8,2,5,2,0.0,0,SC,FIN,Online TA,TA/TO,0,0,0,A,A,0,No Deposit,9.0,0,Transient,125.71,0,1
City Hotel,0,117,2017,June,24,12,1,2,2,0.0,0,SC,DEU,Online TA,TA/TO,0,0,0,A,A,0,No Deposit,9.0,0,Transient,126.0,0,0
City Hotel,0,17,2017,June,24,11,2,2,2,0.0,0,SC,ROU,Online TA,TA/TO,0,0,0,A,A,0,No Deposit,9.0,0,Transient,109.0,0,1
City Hotel,0,1,2017,June,23,10,2,3,2,0.0,0,BB,GRC,Online TA,TA/TO,0,0,0,D,D,0,No Deposit,83.0,0,Transient,150.55,0,0
City Hotel,0,24,2017,June,24,11,2,2,2,0.0,0,BB,FRA,Online TA,TA/TO,0,0,0,D,D,0,No Deposit,7.0,0,Transient,105.64,0,1
City Hotel,0,47,2017,June,24,12,1,2,2,0.0,0,BB,DEU,Direct,Direct,0,0,0,E,E,0,No Deposit,14.0,0,Transient,213.0,1,0
City Hotel,0,7,2017,June,24,14,0,1,2,0.0,0,BB,PRT,Complementary,Direct,0,0,0,A,D,1,No Deposit,,0,Transient,0.0,0,1
City Hotel,0,39,2017,June,24,12,1,2,2,0.0,0,BB,PRT,Offline TA/TO,TA/TO,0,0,0,A,A,0,No Deposit,28.0,0,Transient,99.0,0,1
City Hotel,0,15,2017,June,24,14,0,1,2,0.0,0,BB,GBR,Online TA,TA/TO,0,0,0,D,D,0,No Deposit,9.0,0,Transient,150.0,0,2
City Hotel,0,88,2017,June,23,8,2,5,2,0.0,0,BB,FRA,Online TA,TA/TO,0,0,0,D,D,0,No Deposit,9.0,0,Transient,153.0,0,1
City Hotel,0,47,2017,June,24,11,2,2,2,0.0,0,SC,GBR,Online TA,TA/TO,0,0,0,A,A,0,No Deposit,9.0,0,Transient,140.0,0,1
City Hotel,0,15,2017,June,24,14,0,1,2,0.0,0,BB,GBR,Online TA,TA/TO,0,0,0,D,D,0,No Deposit,9.0,0,Transient,150.0,0,2
City Hotel,0,3,2017,June,24,13,0,2,2,0.0,0,BB,DEU,Online TA,TA/TO,0,0,0,D,D,0,No Deposit,9.0,0,Transient,190.0,0,1
City Hotel,0,11,2017,June,24,11,2,2,2,0.0,0,BB,UKR,Online TA,TA/TO,0,0,0,D,D,0,No Deposit,9.0,0,Transient,150.0,0,1
City Hotel,0,46,2017,June,24,13,0,2,2,0.0,0,BB,USA,Online TA,TA/TO,0,0,0,D,D,0,No Deposit,9.0,0,Transient,150.0,0,2
City Hotel,0,39,2017,June,24,12,1,2,2,0.0,0,BB,PRT,Offline TA/TO,TA/TO,0,0,0,A,A,0,No Deposit,28.0,0,Transient,99.0,0,1
City Hotel,0,57,2017,June,24,13,0,3,2,0.0,0,BB,FRA,Offline TA/TO,TA/TO,0,0,0,A,A,0,No Deposit,28.0,0,Transient,89.1,0,0
City Hotel,0,44,2017,June,24,11,2,3,2,0.0,0,BB,DEU,Direct,Direct,0,0,0,A,A,0,No Deposit,14.0,0,Transient,108.0,0,0
City Hotel,0,27,2017,June,24,12,1,3,2,0.0,0,BB,FRA,Online TA,TA/TO,0,0,0,E,E,1,No Deposit,9.0,0,Transient,181.75,0,1
City Hotel,0,147,2017,June,24,12,1,3,2,0.0,0,BB,GBR,Offline TA/TO,TA/TO,0,0,0,A,A,0,No Deposit,28.0,0,Transient,89.1,0,0
City Hotel,0,195,2017,June,24,14,0,2,2,0.0,0,BB,GBR,Direct,Direct,0,0,0,A,D,0,No Deposit,14.0,0,Transient,126.0,0,0
City Hotel,0,37,2017,June,24,14,0,2,2,0.0,0,BB,KOR,Direct,Direct,0,0,0,A,A,1,No Deposit,14.0,0,Transient,130.0,0,0
City Hotel,0,101,2017,June,24,14,0,2,2,0.0,0,SC,PRT,Online TA,TA/TO,0,0,0,A,A,0,No Deposit,7.0,0,Transient,100.8,0,1
City Hotel,0,84,2017,June,24,12,1,3,2,0.0,0,BB,CHE,Offline TA/TO,TA/TO,0,0,0,A,A,0,No Deposit,168.0,0,Transient,89.1,0,0
City Hotel,0,77,2017,June,24,12,1,3,2,0.0,0,BB,USA,Offline TA/TO,TA/TO,0,0,0,D,D,0,No Deposit,28.0,0,Transient,98.1,0,0
City Hotel,0,73,2017,June,24,13,0,3,2,0.0,0,SC,BEL,Online TA,TA/TO,0,0,0,A,A,0,No Deposit,9.0,0,Transient,140.0,0,2
City Hotel,0,27,2017,June,24,12,1,3,2,0.0,0,SC,IRL,Online TA,TA/TO,0,0,0,A,A,0,No Deposit,9.0,0,Transient,121.75,0,2
City Hotel,0,142,2017,June,24,11,2,3,2,0.0,0,BB,FRA,Offline TA/TO,TA/TO,0,0,0,A,D,0,No Deposit,28.0,0,Transient,85.0,0,0
City Hotel,0,79,2017,June,24,15,0,1,2,0.0,0,SC,USA,Online TA,TA/TO,0,0,0,A,A,0,No Deposit,7.0,0,Transient,100.8,0,0
City Hotel,0,147,2017,June,24,13,0,3,2,0.0,0,BB,FRA,Offline TA/TO,TA/TO,0,0,0,A,A,0,No Deposit,28.0,0,Transient,85.0,0,0
City Hotel,0,41,2017,June,24,13,0,3,2,0.0,0,BB,FRA,Online TA,TA/TO,0,0,0,A,A,0,No Deposit,7.0,0,Transient,106.4,0,1
City Hotel,0,92,2017,June,24,15,0,1,2,0.0,0,BB,BEL,Offline TA/TO,TA/TO,0,0,0,A,A,0,No Deposit,42.0,0,Transient,89.1,0,0
City Hotel,0,32,2017,June,24,11,2,3,2,0.0,0,BB,PRT,Offline TA/TO,TA/TO,0,0,0,A,A,0,No Deposit,27.0,0,Transient,108.0,0,0
City Hotel,0,83,2017,June,24,14,0,2,2,0.0,0,BB,USA,Direct,Direct,0,0,0,A,A,0,No Deposit,14.0,0,Transient,146.0,0,2
City Hotel,0,83,2017,June,24,14,0,2,2,0.0,0,BB,USA,Direct,Direct,0,0,0,A,A,0,No Deposit,14.0,0,Transient,146.0,0,2
City Hotel,0,42,2017,June,24,12,1,3,2,0.0,0,BB,ESP,Online TA,TA/TO,0,0,0,A,A,0,No Deposit,8.0,0,Transient,140.0,0,1
City Hotel,0,82,2017,June,24,14,0,2,2,0.0,0,BB,DEU,Online TA,TA/TO,0,0,0,A,A,2,No Deposit,7.0,0,Transient,112.0,0,1
City Hotel,0,36,2017,June,24,13,0,3,2,0.0,0,BB,BEL,Direct,Direct,0,0,0,A,A,0,No Deposit,14.0,0,Transient,139.5,0,0
City Hotel,0,36,2017,June,24,13,0,3,2,0.0,0,BB,BEL,Direct,Direct,0,0,0,A,A,0,No Deposit,14.0,0,Transient,139.5,1,0
City Hotel,0,47,2017,June,24,12,1,3,2,0.0,0,BB,DEU,Offline TA/TO,TA/TO,0,0,0,A,A,0,No Deposit,28.0,0,Transient,89.1,0,0
City Hotel,0,51,2017,June,24,12,1,3,2,0.0,0,BB,PRT,Offline TA/TO,TA/TO,0,0,0,A,A,0,No Deposit,28.0,0,Transient,89.1,0,0
City Hotel,0,102,2017,June,24,12,1,3,2,0.0,0,HB,FRA,Offline TA/TO,TA/TO,0,0,0,A,A,0,No Deposit,168.0,0,Transient,121.1,0,0
City Hotel,0,104,2017,June,24,11,2,3,2,0.0,0,BB,PRT,Offline TA/TO,TA/TO,0,0,0,E,E,0,No Deposit,28.0,0,Transient,112.5,0,0
City Hotel,0,252,2017,June,24,11,2,3,2,0.0,0,BB,NLD,Direct,Direct,0,0,0,E,E,0,No Deposit,14.0,0,Transient,144.38,0,0
City Hotel,0,36,2017,June,24,12,1,3,2,0.0,0,BB,BEL,Online TA,TA/TO,0,0,0,A,A,0,No Deposit,9.0,0,Transient,140.0,0,1
City Hotel,0,76,2017,June,24,11,2,3,2,0.0,0,BB,SWE,Online TA,TA/TO,0,0,0,D,D,0,No Deposit,8.0,0,Transient,153.0,0,2
City Hotel,0,76,2017,June,24,11,2,3,2,0.0,0,BB,SWE,Online TA,TA/TO,0,0,0,D,D,0,No Deposit,8.0,0,Transient,153.0,0,3
City Hotel,0,22,2017,June,24,12,1,3,2,0.0,0,BB,FRA,Online TA,TA/TO,0,0,0,A,A,0,No Deposit,7.0,0,Transient,107.73,0,1
City Hotel,0,38,2017,June,24,15,0,1,2,0.0,0,SC,POL,Online TA,TA/TO,0,0,0,A,A,2,No Deposit,9.0,0,Transient,120.0,0,2
City Hotel,0,84,2017,June,24,12,1,3,2,0.0,0,SC,AUT,Online TA,TA/TO,0,0,0,A,A,0,No Deposit,9.0,0,Transient,126.0,0,0
City Hotel,0,50,2017,June,24,13,0,3,2,0.0,0,BB,KOR,Online TA,TA/TO,0,0,0,A,A,0,No Deposit,9.0,0,Transient,160.0,0,1
City Hotel,0,41,2017,June,24,15,0,1,2,0.0,0,BB,PRT,Online TA,TA/TO,0,0,0,A,A,0,No Deposit,7.0,0,Transient,112.0,0,1
City Hotel,0,0,2017,June,24,14,0,2,2,0.0,0,SC,PRT,Direct,Direct,0,0,0,A,A,1,No Deposit,,0,Transient,160.0,0,0
City Hotel,0,84,2017,June,24,12,1,3,2,0.0,0,SC,AUT,Online TA,TA/TO,0,0,0,A,A,0,No Deposit,9.0,0,Transient,126.0,0,0
City Hotel,0,60,2017,June,24,13,0,3,2,0.0,0,BB,IRL,Offline TA/TO,TA/TO,0,0,0,A,A,0,No Deposit,168.0,0,Transient,89.1,0,0
City Hotel,0,84,2017,June,24,12,1,3,2,0.0,0,SC,AUT,Online TA,TA/TO,0,0,0,A,A,0,No Deposit,9.0,0,Transient,126.0,0,0
City Hotel,0,72,2017,June,24,11,2,3,2,0.0,0,SC,FRA,Online TA,TA/TO,0,0,0,A,A,0,No Deposit,9.0,0,Transient,140.0,0,2
City Hotel,0,44,2017,June,24,15,0,1,2,0.0,0,BB,USA,Online TA,GDS,0,0,0,D,D,0,No Deposit,195.0,0,Transient,150.0,0,1
City Hotel,0,69,2017,June,24,15,0,1,2,0.0,0,SC,VNM,Offline TA/TO,TA/TO,0,0,0,A,A,0,No Deposit,168.0,0,Transient,80.1,0,0
City Hotel,0,137,2017,June,24,11,2,3,2,0.0,0,BB,GBR,Offline TA/TO,TA/TO,0,0,0,A,A,0,No Deposit,28.0,0,Transient,89.1,0,0
City Hotel,0,79,2017,June,24,13,0,3,2,0.0,0,SC,DEU,Online TA,TA/TO,0,0,0,A,A,0,No Deposit,9.0,0,Transient,149.0,0,1
City Hotel,0,54,2017,June,24,14,0,2,2,0.0,0,BB,BRA,Offline TA/TO,TA/TO,0,0,0,A,D,0,No Deposit,52.0,0,Transient,89.1,0,0
City Hotel,0,30,2017,June,24,11,2,3,2,0.0,0,BB,GBR,Offline TA/TO,TA/TO,0,0,0,A,A,0,No Deposit,22.0,0,Transient,99.0,0,0
City Hotel,0,54,2017,June,24,14,0,2,2,0.0,0,BB,BRA,Offline TA/TO,TA/TO,0,0,0,A,A,0,No Deposit,52.0,0,Transient,89.1,0,0
City Hotel,0,0,2017,June,24,15,0,1,2,0.0,0,BB,FRA,Direct,Direct,0,0,0,F,F,1,No Deposit,,0,Transient,109.0,0,0
City Hotel,0,142,2017,June,24,16,0,1,2,0.0,0,SC,AUT,Online TA,TA/TO,0,0,0,A,A,0,No Deposit,9.0,0,Transient,99.0,0,2
City Hotel,0,142,2017,June,24,16,0,1,2,0.0,0,SC,AUT,Online TA,TA/TO,0,0,0,A,A,0,No Deposit,9.0,0,Transient,99.0,0,2
City Hotel,0,27,2017,June,23,8,2,7,2,0.0,0,BB,POL,Direct,Direct,0,0,0,A,A,0,No Deposit,14.0,0,Transient,123.0,0,0
City Hotel,0,230,2017,June,23,10,2,5,2,0.0,0,BB,GBR,Online TA,TA/TO,0,0,0,D,D,0,No Deposit,9.0,0,Transient,130.5,0,1
City Hotel,0,157,2017,June,24,16,0,1,2,0.0,0,SC,USA,Online TA,TA/TO,0,0,0,A,A,0,No Deposit,9.0,0,Transient-Party,99.0,0,0
City Hotel,0,157,2017,June,24,16,0,1,2,0.0,0,BB,USA,Online TA,TA/TO,0,0,0,D,D,0,No Deposit,9.0,0,Transient-Party,130.5,0,0
City Hotel,0,45,2017,June,24,15,0,2,2,0.0,0,BB,GBR,Online TA,TA/TO,0,0,0,A,A,0,No Deposit,9.0,0,Transient,150.0,0,1
City Hotel,0,423,2017,June,24,14,0,3,2,0.0,0,BB,USA,Groups,TA/TO,0,0,0,A,A,0,No Deposit,229.0,0,Transient-Party,112.67,0,1
City Hotel,0,423,2017,June,24,14,0,3,2,0.0,0,BB,GBR,Groups,TA/TO,0,0,0,A,A,0,No Deposit,229.0,0,Transient-Party,112.67,0,1
City Hotel,0,423,2017,June,24,14,0,3,2,0.0,0,BB,AUS,Groups,TA/TO,0,0,0,A,A,0,No Deposit,229.0,0,Transient-Party,112.67,0,1
City Hotel,0,422,2017,June,24,13,0,4,2,0.0,0,BB,GBR,Groups,TA/TO,0,0,0,A,A,3,No Deposit,229.0,0,Transient-Party,90.0,0,1
City Hotel,0,423,2017,June,24,14,0,3,2,0.0,0,BB,AUS,Groups,TA/TO,0,0,0,A,A,0,No Deposit,229.0,0,Transient-Party,112.67,0,1
City Hotel,0,423,2017,June,24,14,0,3,2,0.0,0,BB,GBR,Groups,TA/TO,0,0,0,A,A,0,No Deposit,229.0,0,Transient-Party,112.67,0,1
City Hotel,0,96,2017,June,24,14,0,3,2,0.0,0,BB,ITA,Online TA,TA/TO,0,0,0,D,D,0,No Deposit,7.0,0,Transient,131.4,0,1
City Hotel,0,423,2017,June,24,14,0,3,2,0.0,0,BB,PRT,Groups,TA/TO,0,0,0,A,A,0,No Deposit,229.0,0,Transient-Party,112.67,0,1
City Hotel,0,423,2017,June,24,14,0,3,2,0.0,0,BB,AUS,Groups,TA/TO,0,0,0,A,A,0,No Deposit,229.0,0,Transient-Party,112.67,0,1
City Hotel,0,423,2017,June,24,14,0,3,2,0.0,0,BB,GBR,Groups,TA/TO,0,0,0,A,A,2,No Deposit,229.0,0,Transient-Party,112.67,0,1
City Hotel,0,423,2017,June,24,14,0,3,2,0.0,0,BB,GBR,Groups,TA/TO,0,0,0,A,A,0,No Deposit,229.0,0,Transient-Party,112.67,0,1
City Hotel,0,423,2017,June,24,14,0,3,2,0.0,0,BB,GBR,Groups,TA/TO,0,0,0,A,A,0,No Deposit,229.0,0,Transient-Party,112.67,0,1
City Hotel,0,423,2017,June,24,14,0,3,2,0.0,0,BB,AUS,Groups,TA/TO,0,0,0,A,A,0,No Deposit,229.0,0,Transient-Party,112.67,0,1
City Hotel,0,423,2017,June,24,14,0,3,2,0.0,0,BB,GBR,Groups,TA/TO,0,0,0,A,A,0,No Deposit,229.0,0,Transient-Party,112.67,0,1
City Hotel,0,422,2017,June,24,13,0,4,2,0.0,0,BB,GBR,Groups,TA/TO,0,0,0,A,A,6,No Deposit,229.0,0,Transient-Party,90.0,0,1
City Hotel,0,40,2017,June,24,14,0,3,2,0.0,0,BB,GBR,Groups,TA/TO,0,0,0,A,A,1,No Deposit,229.0,0,Transient-Party,112.67,0,1
City Hotel,0,423,2017,June,24,14,0,3,2,0.0,0,BB,HUN,Groups,TA/TO,0,0,0,A,A,0,No Deposit,229.0,0,Transient-Party,112.67,0,1
City Hotel,0,423,2017,June,24,14,0,3,2,0.0,0,BB,GBR,Groups,TA/TO,0,0,0,A,A,0,No Deposit,229.0,0,Transient-Party,112.67,0,1
City Hotel,0,423,2017,June,24,14,0,3,2,0.0,0,BB,IRL,Groups,TA/TO,0,0,0,A,A,0,No Deposit,229.0,0,Transient-Party,112.67,0,1
City Hotel,0,423,2017,June,24,14,0,3,2,0.0,0,BB,GBR,Groups,TA/TO,0,0,0,A,A,0,No Deposit,229.0,0,Transient-Party,112.67,0,1
City Hotel,0,205,2017,June,24,13,0,4,2,0.0,0,BB,BEL,Online TA,TA/TO,0,0,0,D,D,0,No Deposit,9.0,0,Transient,150.75,0,2
City Hotel,0,423,2017,June,24,14,0,3,2,0.0,0,BB,GBR,Groups,TA/TO,0,0,0,A,A,0,No Deposit,229.0,0,Transient-Party,112.67,0,1
City Hotel,0,423,2017,June,24,14,0,3,2,0.0,0,BB,GBR,Groups,TA/TO,0,0,0,A,A,0,No Deposit,229.0,0,Transient-Party,112.67,0,1
City Hotel,0,219,2017,June,24,14,0,3,2,0.0,0,BB,GBR,Online TA,TA/TO,0,0,0,A,A,1,No Deposit,8.0,0,Transient,118.0,0,1
City Hotel,0,423,2017,June,24,14,0,3,2,0.0,0,BB,AUS,Groups,TA/TO,0,0,0,A,A,0,No Deposit,229.0,0,Transient-Party,112.67,0,1
City Hotel,0,34,2017,June,23,10,2,5,2,0.0,0,HB,SWE,Online TA,TA/TO,0,0,0,A,A,0,No Deposit,9.0,0,Transient,151.14,0,1
City Hotel,0,13,2017,June,24,13,0,4,2,0.0,0,BB,AUS,Groups,TA/TO,0,0,0,A,A,3,No Deposit,229.0,0,Transient-Party,90.0,0,1
City Hotel,0,35,2017,June,24,12,1,4,2,0.0,0,HB,BEL,Online TA,TA/TO,0,0,0,A,A,0,No Deposit,9.0,0,Transient,151.2,0,2
City Hotel,0,161,2017,June,24,14,0,3,2,0.0,0,BB,GBR,Online TA,TA/TO,0,0,0,A,A,0,No Deposit,9.0,0,Transient,135.0,0,0
City Hotel,0,145,2017,June,24,15,0,2,2,0.0,0,BB,NOR,Direct,Direct,0,0,0,A,A,0,No Deposit,14.0,0,Transient-Party,113.88,1,2
City Hotel,0,123,2017,June,24,15,0,2,2,0.0,0,BB,DNK,Online TA,TA/TO,0,0,0,D,D,0,No Deposit,9.0,0,Transient,139.5,0,0
City Hotel,0,153,2017,June,24,13,0,4,2,0.0,0,BB,AUT,Online TA,TA/TO,0,0,0,A,A,0,No Deposit,9.0,0,Transient,137.25,0,1
City Hotel,0,9,2017,June,24,14,0,3,2,0.0,0,BB,CHE,Online TA,TA/TO,0,0,0,A,A,0,No Deposit,9.0,0,Transient,144.0,0,0
City Hotel,0,175,2017,June,24,14,0,3,2,0.0,0,HB,BEL,Online TA,TA/TO,0,0,0,A,A,0,No Deposit,9.0,0,Transient,171.0,0,1
City Hotel,0,42,2017,June,24,12,1,4,2,0.0,0,BB,DEU,Online TA,TA/TO,0,0,0,F,F,1,No Deposit,9.0,0,Transient,234.0,0,0
City Hotel,0,311,2017,June,24,12,1,4,2,0.0,0,BB,DEU,Online TA,TA/TO,0,0,0,D,D,0,No Deposit,9.0,0,Transient,123.3,0,1
City Hotel,0,364,2017,June,24,16,0,1,2,0.0,0,BB,PRT,Offline TA/TO,TA/TO,0,0,0,A,A,0,No Deposit,21.0,0,Transient-Party,75.0,0,0
City Hotel,0,47,2017,June,24,15,0,2,2,0.0,0,SC,FRA,Online TA,TA/TO,0,0,0,A,A,0,No Deposit,9.0,0,Transient,130.0,0,1
City Hotel,0,57,2017,June,24,15,0,2,2,0.0,0,BB,DEU,Online TA,TA/TO,0,0,0,D,D,0,No Deposit,9.0,0,Transient,179.0,1,3
City Hotel,0,175,2017,June,24,14,0,3,2,0.0,0,BB,FRA,Offline TA/TO,TA/TO,0,0,0,A,A,0,No Deposit,28.0,0,Transient,89.1,0,0
City Hotel,0,179,2017,June,23,10,2,5,2,0.0,0,BB,PRT,Offline TA/TO,TA/TO,0,0,0,A,A,0,No Deposit,42.0,0,Transient,99.0,0,2
City Hotel,0,52,2017,June,24,16,0,1,2,0.0,0,BB,GBR,Online TA,TA/TO,0,0,0,A,D,0,No Deposit,9.0,0,Transient,160.0,0,2
City Hotel,0,40,2017,June,24,11,2,4,2,0.0,0,BB,FRA,Online TA,TA/TO,0,0,0,F,B,4,No Deposit,9.0,0,Transient,231.5,0,0
City Hotel,0,47,2017,June,24,15,0,2,2,0.0,0,SC,FRA,Online TA,TA/TO,0,0,0,A,A,0,No Deposit,9.0,0,Transient,130.0,0,1
City Hotel,0,153,2017,June,24,13,0,4,2,0.0,0,BB,AUT,Online TA,TA/TO,0,0,0,A,A,1,No Deposit,9.0,0,Transient,137.25,0,1
City Hotel,0,0,2017,June,24,16,0,1,2,0.0,0,BB,PRT,Direct,Direct,0,0,0,A,D,0,No Deposit,,0,Transient,170.0,0,1
City Hotel,0,41,2017,June,24,14,0,4,2,0.0,0,HB,CHE,Online TA,TA/TO,0,0,0,A,A,0,No Deposit,7.0,0,Transient,142.88,0,1
City Hotel,0,278,2017,June,24,14,0,4,2,0.0,0,SC,DEU,Online TA,TA/TO,0,0,0,A,A,1,No Deposit,9.0,0,Transient,110.0,0,2
City Hotel,0,278,2017,June,24,14,0,4,2,0.0,0,SC,DEU,Online TA,TA/TO,0,0,0,A,A,1,No Deposit,9.0,0,Transient,110.0,0,2
City Hotel,0,240,2017,June,24,15,0,3,2,0.0,0,BB,DEU,Offline TA/TO,TA/TO,0,0,0,A,A,0,No Deposit,16.0,0,Transient,84.15,0,0
City Hotel,0,44,2017,June,24,14,0,4,2,0.0,0,BB,DEU,Online TA,TA/TO,0,0,0,A,A,0,No Deposit,9.0,0,Transient,150.0,0,2
City Hotel,0,218,2017,June,24,15,0,3,2,0.0,0,BB,GBR,Online TA,TA/TO,0,0,0,D,D,0,No Deposit,9.0,0,Transient,130.5,0,1
City Hotel,0,218,2017,June,24,15,0,3,2,0.0,0,BB,GBR,Online TA,TA/TO,0,0,0,D,D,0,No Deposit,9.0,0,Transient,130.5,0,1
City Hotel,0,218,2017,June,24,15,0,3,2,0.0,0,BB,GBR,Online TA,TA/TO,0,0,0,D,D,0,No Deposit,9.0,0,Transient,130.5,0,1
City Hotel,0,218,2017,June,24,15,0,3,2,0.0,0,BB,GBR,Online TA,TA/TO,0,0,0,D,D,0,No Deposit,9.0,0,Transient,130.5,0,1
City Hotel,0,218,2017,June,24,15,0,3,2,0.0,0,BB,GBR,Online TA,TA/TO,0,0,0,D,D,0,No Deposit,9.0,0,Transient,130.5,0,1
City Hotel,0,39,2017,June,24,15,0,3,2,0.0,0,BB,FRA,Online TA,TA/TO,0,0,0,A,A,0,No Deposit,7.0,0,Transient,122.67,0,1
City Hotel,0,32,2017,June,24,17,0,1,2,0.0,0,SC,DEU,Online TA,TA/TO,0,0,0,A,A,0,No Deposit,9.0,0,Transient,160.0,0,1
City Hotel,0,115,2017,June,24,11,2,5,2,0.0,0,BB,IDN,Offline TA/TO,TA/TO,0,0,0,A,A,0,No Deposit,28.0,0,Transient,89.1,0,0
City Hotel,0,0,2017,June,24,16,0,2,2,0.0,0,SC,PRT,Online TA,TA/TO,0,0,0,A,D,0,No Deposit,7.0,0,Transient,124.8,0,1
City Hotel,0,138,2017,June,24,15,0,3,2,0.0,0,BB,ITA,Online TA,TA/TO,0,0,0,A,A,0,No Deposit,9.0,0,Transient,126.0,0,1
City Hotel,0,212,2017,June,24,16,0,2,2,0.0,0,BB,PRT,Online TA,TA/TO,0,0,0,A,A,0,No Deposit,9.0,0,Transient,117.0,0,1
City Hotel,0,218,2017,June,24,14,0,4,2,0.0,0,BB,CZE,Online TA,TA/TO,0,0,0,D,D,0,No Deposit,9.0,0,Transient,130.5,0,3
City Hotel,0,44,2017,June,24,14,0,4,2,0.0,0,BB,FRA,Online TA,TA/TO,0,0,0,A,A,0,No Deposit,9.0,0,Transient,150.0,0,2
City Hotel,0,49,2017,June,24,14,0,4,2,0.0,0,BB,DEU,Online TA,TA/TO,0,0,0,A,A,0,No Deposit,7.0,0,Transient,121.6,0,1
City Hotel,0,127,2017,June,24,15,0,3,2,0.0,0,SC,AUT,Online TA,TA/TO,0,0,0,A,A,0,No Deposit,9.0,0,Transient,108.0,0,0
City Hotel,0,49,2017,June,24,14,0,4,2,0.0,0,BB,DEU,Online TA,TA/TO,0,0,0,A,A,0,No Deposit,7.0,0,Transient,121.6,0,1
City Hotel,0,40,2017,June,24,17,0,1,2,0.0,0,BB,BEL,Online TA,TA/TO,0,0,0,D,D,0,No Deposit,9.0,0,Transient,170.0,0,1
City Hotel,0,278,2017,June,24,14,0,4,2,0.0,0,SC,DEU,Online TA,TA/TO,0,0,0,A,A,1,No Deposit,9.0,0,Transient,110.0,0,2
City Hotel,0,278,2017,June,24,14,0,4,2,0.0,0,SC,DEU,Online TA,TA/TO,0,0,0,A,A,1,No Deposit,9.0,0,Transient,110.0,0,2
City Hotel,0,196,2017,June,24,15,0,3,2,0.0,0,BB,AUT,Online TA,TA/TO,0,0,0,D,D,0,No Deposit,9.0,0,Transient-Party,139.5,0,1
City Hotel,0,38,2017,June,24,15,0,3,2,0.0,0,BB,AUT,Online TA,TA/TO,0,0,0,A,A,0,No Deposit,9.0,0,Transient-Party,126.0,0,0
City Hotel,0,165,2017,June,24,14,0,4,2,0.0,0,BB,NLD,Online TA,TA/TO,0,0,0,D,D,0,No Deposit,9.0,0,Transient,144.0,0,0
City Hotel,0,196,2017,June,24,15,0,3,2,0.0,0,BB,AUT,Online TA,TA/TO,0,0,0,D,D,0,No Deposit,9.0,0,Transient-Party,139.5,0,1
City Hotel,0,194,2017,June,24,16,0,2,2,0.0,0,BB,GBR,Online TA,TA/TO,0,0,0,A,A,0,No Deposit,7.0,0,Transient,90.09,0,1
City Hotel,0,278,2017,June,24,14,0,4,2,0.0,0,SC,DEU,Online TA,TA/TO,0,0,0,A,A,1,No Deposit,9.0,0,Transient,110.0,0,2
City Hotel,0,1,2017,June,24,16,0,2,2,0.0,0,BB,ITA,Online TA,TA/TO,0,0,0,A,A,1,No Deposit,9.0,0,Transient,180.0,0,0
City Hotel,0,4,2017,June,24,16,0,2,2,0.0,0,BB,FRA,Online TA,TA/TO,0,0,0,D,D,1,No Deposit,,0,Transient-Party,160.0,0,2
City Hotel,0,194,2017,June,24,15,0,3,2,0.0,0,BB,GBR,Online TA,TA/TO,0,0,0,D,D,0,No Deposit,9.0,0,Transient,139.5,0,0
City Hotel,0,124,2017,June,24,11,2,5,2,0.0,0,BB,FRA,Online TA,TA/TO,0,0,0,A,A,0,No Deposit,9.0,0,Transient,136.29,0,0
City Hotel,0,150,2017,June,24,16,0,2,2,0.0,0,BB,FRA,Online TA,TA/TO,0,0,0,A,A,0,No Deposit,9.0,0,Transient,117.0,0,1
City Hotel,0,156,2017,June,24,15,0,3,2,0.0,0,BB,NLD,Online TA,TA/TO,0,0,0,D,D,2,No Deposit,9.0,0,Transient,148.5,1,1
City Hotel,0,156,2017,June,24,15,0,3,2,0.0,0,BB,NLD,Online TA,TA/TO,0,0,0,E,E,0,No Deposit,9.0,0,Transient,162.0,0,2
City Hotel,0,156,2017,June,24,15,0,3,2,0.0,0,BB,NLD,Online TA,TA/TO,0,0,0,E,E,2,No Deposit,9.0,0,Transient,162.0,0,1
City Hotel,0,40,2017,June,24,17,0,1,2,0.0,0,SC,NZL,Online TA,TA/TO,0,0,0,A,A,0,No Deposit,9.0,0,Transient,140.0,0,0
City Hotel,0,130,2017,June,24,15,0,3,2,0.0,0,SC,DEU,Online TA,TA/TO,0,0,0,A,A,0,No Deposit,9.0,0,Transient,108.0,0,0
City Hotel,0,43,2017,June,24,11,2,5,2,0.0,0,BB,USA,Online TA,TA/TO,0,0,0,A,A,0,No Deposit,9.0,0,Transient,145.71,0,1
City Hotel,0,115,2017,June,24,15,0,3,2,0.0,0,BB,FRA,Online TA,TA/TO,0,0,0,E,E,0,No Deposit,9.0,0,Transient,162.0,0,0
City Hotel,0,136,2017,June,24,15,0,3,2,0.0,0,SC,GBR,Online TA,TA/TO,0,0,0,A,A,0,No Deposit,7.0,0,Transient,83.16,0,0
City Hotel,0,126,2017,June,24,16,0,2,2,0.0,0,BB,GBR,Direct,Direct,0,0,0,A,A,0,No Deposit,14.0,0,Transient,99.0,0,1
City Hotel,0,28,2017,June,24,15,0,3,2,0.0,0,SC,IRL,Online TA,TA/TO,0,0,0,A,A,0,No Deposit,85.0,0,Transient,80.1,0,0
City Hotel,0,278,2017,June,24,14,0,4,2,0.0,0,SC,DEU,Online TA,TA/TO,0,0,0,A,A,1,No Deposit,9.0,0,Transient,110.0,0,2
City Hotel,0,141,2017,June,24,15,0,3,2,0.0,0,BB,CHE,Online TA,TA/TO,0,0,0,A,A,0,No Deposit,8.0,0,Transient-Party,126.0,0,0
City Hotel,0,141,2017,June,24,15,0,3,2,0.0,0,BB,CHE,Online TA,TA/TO,0,0,0,A,A,0,No Deposit,8.0,0,Transient-Party,126.0,0,0
City Hotel,0,141,2017,June,24,15,0,3,2,0.0,0,BB,CHE,Online TA,TA/TO,0,0,0,A,A,0,No Deposit,8.0,0,Transient-Party,126.0,0,0
City Hotel,0,33,2017,June,24,17,0,1,2,0.0,0,SC,PRY,Online TA,TA/TO,0,0,0,A,A,0,No Deposit,9.0,0,Transient,140.0,0,0
City Hotel,0,113,2017,June,24,15,0,3,2,0.0,0,SC,MLT,Offline TA/TO,TA/TO,0,0,0,A,A,0,No Deposit,85.0,0,Transient,80.1,0,2
City Hotel,0,5,2017,June,24,17,0,1,2,0.0,0,BB,PRT,Direct,Direct,0,0,0,A,A,0,No Deposit,,0,Transient-Party,153.0,0,0
City Hotel,0,60,2017,June,24,16,0,2,2,0.0,0,SC,FRA,Online TA,TA/TO,0,0,0,A,A,0,No Deposit,9.0,0,Transient,149.0,1,1
City Hotel,0,120,2017,June,24,17,0,1,2,0.0,0,HB,RUS,Direct,Direct,0,0,0,A,A,1,No Deposit,14.0,0,Transient,135.0,0,4
City Hotel,0,121,2017,June,25,18,2,0,2,0.0,0,BB,RUS,Direct,Direct,0,0,0,A,A,0,No Deposit,14.0,0,Group,99.0,0,4
City Hotel,0,150,2017,June,24,14,0,4,2,0.0,0,SC,DEU,Online TA,TA/TO,0,0,0,A,A,0,No Deposit,7.0,0,Transient,82.3,0,1
City Hotel,0,0,2017,June,24,17,0,1,2,0.0,0,BB,PRT,Direct,Direct,0,0,0,D,D,0,No Deposit,,0,Transient,170.0,0,0
City Hotel,0,40,2017,June,23,10,2,6,2,0.0,0,HB,ROU,Online TA,TA/TO,0,0,0,A,A,0,No Deposit,9.0,0,Transient,149.75,0,1
City Hotel,0,1,2017,June,24,16,0,2,2,0.0,0,BB,PER,Online TA,TA/TO,0,0,0,A,A,1,No Deposit,9.0,0,Transient,160.0,0,1
City Hotel,0,1,2017,June,25,18,1,0,2,0.0,0,BB,PER,Direct,TA/TO,0,0,0,A,A,0,No Deposit,,0,Transient,150.0,0,1
City Hotel,0,1,2017,June,24,16,0,2,2,0.0,0,BB,PER,Online TA,TA/TO,0,0,0,D,D,0,No Deposit,9.0,0,Transient,190.0,0,1
City Hotel,0,102,2017,June,24,17,0,1,2,0.0,0,SC,FIN,Online TA,TA/TO,0,0,0,A,A,0,No Deposit,9.0,0,Transient,126.0,0,0
City Hotel,0,42,2017,June,24,16,1,2,2,0.0,0,SC,CHN,Online TA,TA/TO,0,0,0,A,A,0,No Deposit,9.0,0,Transient,140.0,0,0
City Hotel,0,147,2017,June,24,16,1,2,2,0.0,0,SC,USA,Offline TA/TO,TA/TO,0,0,0,A,A,0,No Deposit,15.0,0,Transient,79.2,0,0
City Hotel,0,147,2017,June,24,16,1,2,2,0.0,0,SC,USA,Offline TA/TO,TA/TO,0,0,0,A,A,0,No Deposit,15.0,0,Transient,79.2,0,0
City Hotel,0,40,2017,June,24,16,1,2,2,0.0,0,BB,CHE,Online TA,TA/TO,0,0,0,A,A,0,No Deposit,9.0,0,Transient,160.0,0,2
City Hotel,0,2,2017,June,25,18,1,0,2,0.0,0,SC,DEU,Direct,Direct,0,0,0,A,A,0,No Deposit,,0,Transient,160.0,0,2
City Hotel,0,53,2017,June,24,16,1,2,2,0.0,0,SC,USA,Online TA,TA/TO,0,0,0,A,A,0,No Deposit,9.0,0,Transient,140.0,0,0
City Hotel,0,54,2017,June,24,16,1,2,2,0.0,0,BB,GBR,Online TA,TA/TO,0,0,0,A,A,0,No Deposit,9.0,0,Transient,160.0,0,1
City Hotel,0,39,2017,June,24,16,1,2,2,0.0,0,BB,FRA,Online TA,TA/TO,0,0,0,E,E,0,No Deposit,9.0,0,Transient,153.0,0,0
City Hotel,0,39,2017,June,24,16,1,2,2,0.0,0,BB,FRA,Online TA,TA/TO,0,0,0,E,E,0,No Deposit,9.0,0,Transient,153.0,0,0
City Hotel,0,184,2017,June,24,16,1,2,2,0.0,0,BB,DEU,Offline TA/TO,TA/TO,0,0,0,A,A,0,No Deposit,138.0,0,Transient,89.1,0,1
City Hotel,0,46,2017,June,24,15,1,3,2,0.0,0,BB,SRB,Direct,Direct,0,0,0,A,A,1,No Deposit,14.0,0,Transient,145.0,0,0
City Hotel,0,173,2017,June,24,17,1,1,2,0.0,0,HB,FRA,Online TA,TA/TO,0,0,0,D,D,1,No Deposit,83.0,0,Transient,133.2,0,0
City Hotel,0,38,2017,June,24,16,1,2,2,0.0,0,SC,SWE,Online TA,TA/TO,0,0,0,A,A,0,No Deposit,7.0,0,Transient,112.0,0,1
City Hotel,0,141,2017,June,24,16,1,2,2,0.0,0,BB,DEU,Offline TA/TO,TA/TO,0,0,0,A,A,0,No Deposit,27.0,0,Transient,89.1,0,0
City Hotel,0,141,2017,June,24,16,1,2,2,0.0,0,BB,DEU,Offline TA/TO,TA/TO,0,0,0,A,A,0,No Deposit,27.0,0,Transient-Party,89.1,0,0
City Hotel,0,141,2017,June,24,16,1,2,2,0.0,0,BB,DEU,Offline TA/TO,TA/TO,0,0,0,A,A,0,No Deposit,27.0,0,Transient,89.1,0,0
City Hotel,0,141,2017,June,24,16,1,2,2,0.0,0,BB,PRT,Offline TA/TO,TA/TO,0,0,0,D,D,0,No Deposit,27.0,0,Transient-Party,98.1,0,0
City Hotel,0,141,2017,June,24,16,1,2,2,0.0,0,BB,DEU,Offline TA/TO,TA/TO,0,0,0,A,A,0,No Deposit,27.0,0,Transient-Party,89.1,0,0
City Hotel,0,141,2017,June,24,16,1,2,2,0.0,0,BB,DEU,Offline TA/TO,TA/TO,0,0,0,A,A,0,No Deposit,27.0,0,Transient,89.1,0,0
City Hotel,0,169,2017,June,24,16,1,2,2,0.0,0,BB,SWE,Online TA,TA/TO,0,0,0,D,D,0,No Deposit,8.0,0,Transient,130.5,0,1
City Hotel,0,132,2017,June,24,16,1,2,2,0.0,0,BB,ITA,Online TA,TA/TO,0,0,0,A,A,0,No Deposit,9.0,0,Transient,117.0,0,0
City Hotel,0,72,2017,June,24,17,1,1,2,0.0,0,SC,FRA,Online TA,TA/TO,0,0,0,A,A,0,No Deposit,9.0,0,Transient,140.0,0,1
City Hotel,0,125,2017,June,24,15,1,3,2,0.0,0,BB,DEU,Offline TA/TO,TA/TO,0,0,0,A,A,0,No Deposit,27.0,0,Transient,89.1,0,1
City Hotel,0,125,2017,June,24,15,1,3,2,0.0,0,BB,DEU,Offline TA/TO,TA/TO,0,0,0,A,A,0,No Deposit,27.0,0,Transient,89.1,0,1
City Hotel,0,40,2017,June,24,16,1,2,2,0.0,0,SC,CHN,Online TA,TA/TO,0,0,0,A,A,0,No Deposit,9.0,0,Transient-Party,140.0,0,1
City Hotel,0,132,2017,June,24,16,1,2,2,0.0,0,BB,ITA,Online TA,TA/TO,0,0,0,A,A,0,No Deposit,9.0,0,Transient,117.0,0,0
City Hotel,0,236,2017,June,24,16,1,2,2,0.0,0,HB,BEL,Online TA,TA/TO,0,0,0,A,A,0,No Deposit,9.0,0,Transient,151.2,0,2
City Hotel,0,318,2017,June,24,15,1,3,2,0.0,0,BB,GBR,Online TA,TA/TO,0,0,0,A,A,0,No Deposit,9.0,0,Transient,109.8,0,2
City Hotel,0,317,2017,June,24,16,1,2,2,0.0,0,SC,GBR,Online TA,TA/TO,0,0,0,A,A,0,No Deposit,9.0,0,Transient,99.0,0,1
City Hotel,0,46,2017,June,24,16,1,2,2,0.0,0,BB,FRA,Online TA,TA/TO,0,0,0,A,A,0,No Deposit,9.0,0,Transient,160.0,0,1
City Hotel,0,1,2017,June,25,18,1,0,2,0.0,0,BB,PER,Direct,Direct,0,0,0,D,D,0,No Deposit,9.0,0,Transient,150.0,0,1
City Hotel,0,133,2017,June,24,12,2,5,2,0.0,0,BB,ISL,Online TA,TA/TO,0,0,0,A,A,0,No Deposit,9.0,0,Transient,132.43,0,0
City Hotel,0,213,2017,June,24,13,1,5,2,0.0,0,BB,DEU,Direct,Direct,0,0,0,D,D,0,No Deposit,,0,Transient-Party,121.5,0,0
City Hotel,0,213,2017,June,24,13,1,5,2,0.0,0,BB,DEU,Direct,Direct,0,0,0,D,D,0,No Deposit,,0,Transient-Party,121.5,0,0
City Hotel,0,213,2017,June,24,13,1,5,2,0.0,0,BB,DEU,Direct,Direct,0,0,0,D,D,0,No Deposit,,0,Transient-Party,121.5,0,0
City Hotel,0,213,2017,June,24,13,1,5,2,0.0,0,BB,DEU,Direct,Direct,0,0,0,D,D,0,No Deposit,,0,Transient-Party,121.5,0,0
City Hotel,0,129,2017,June,24,12,2,5,2,0.0,0,BB,BGR,Online TA,TA/TO,0,0,0,D,D,4,No Deposit,9.0,0,Transient,149.0,0,0
City Hotel,0,129,2017,June,24,12,2,5,2,0.0,0,BB,BGR,Online TA,TA/TO,0,0,0,A,A,3,No Deposit,9.0,0,Transient,132.43,0,0
City Hotel,0,317,2017,June,25,18,1,0,2,0.0,0,BB,BEL,Online TA,TA/TO,0,0,0,A,A,1,No Deposit,9.0,0,Transient,113.4,1,2
City Hotel,0,317,2017,June,25,18,1,0,2,0.0,0,BB,BEL,Online TA,TA/TO,0,0,0,A,A,1,No Deposit,9.0,0,Transient,104.4,0,3
City Hotel,0,213,2017,June,24,13,1,5,2,0.0,0,BB,DEU,Direct,Direct,0,0,0,D,D,0,No Deposit,,0,Transient-Party,121.5,0,0
City Hotel,0,53,2017,June,24,14,1,4,2,0.0,0,BB,GBR,Direct,Direct,0,0,0,A,A,0,No Deposit,14.0,0,Transient,126.0,0,1
City Hotel,0,3,2017,June,24,15,1,3,2,0.0,0,BB,FIN,Online TA,TA/TO,0,0,0,A,A,1,No Deposit,9.0,0,Transient,177.5,0,1
City Hotel,0,0,2017,June,25,18,1,0,2,0.0,0,BB,USA,Online TA,TA/TO,0,0,0,D,D,0,No Deposit,9.0,0,Transient,12.0,0,0
City Hotel,0,3,2017,June,25,19,1,0,2,0.0,0,BB,USA,Direct,TA/TO,0,0,0,D,D,0,No Deposit,,0,Group,130.0,0,0
City Hotel,0,53,2017,June,24,15,1,3,2,0.0,0,SC,DEU,Online TA,TA/TO,0,0,0,A,A,0,No Deposit,9.0,0,Transient,140.0,0,0
City Hotel,0,122,2017,June,24,16,1,2,2,0.0,0,BB,FIN,Online TA,TA/TO,0,0,0,E,F,0,No Deposit,9.0,0,Transient,153.0,0,0
City Hotel,0,448,2017,June,24,17,1,1,2,0.0,0,BB,PRT,Groups,TA/TO,0,0,0,A,A,0,No Deposit,229.0,0,Transient-Party,124.0,0,3
City Hotel,0,448,2017,June,24,17,1,1,2,0.0,0,BB,PRT,Groups,TA/TO,0,0,0,A,A,0,No Deposit,229.0,0,Transient-Party,124.0,0,2
City Hotel,0,130,2017,June,24,15,2,3,2,0.0,0,BB,FIN,Online TA,TA/TO,0,0,0,D,D,0,No Deposit,8.0,0,Transient,131.4,0,0
City Hotel,0,72,2017,June,25,18,2,0,2,0.0,0,SC,SWE,Online TA,TA/TO,0,0,0,A,A,0,No Deposit,9.0,0,Transient,140.0,0,1
City Hotel,0,448,2017,June,24,17,2,1,2,0.0,0,BB,GBR,Groups,TA/TO,0,0,0,A,A,0,No Deposit,229.0,0,Transient-Party,112.67,0,1
City Hotel,0,3,2017,June,25,19,1,0,2,0.0,0,BB,DEU,Direct,Direct,0,0,0,A,D,1,No Deposit,,0,Transient,160.0,0,0
City Hotel,0,213,2017,June,25,20,0,5,2,0.0,0,BB,DEU,Online TA,TA/TO,0,0,0,A,D,0,No Deposit,9.0,0,Transient,117.0,0,0
City Hotel,0,21,2017,June,25,19,1,0,2,0.0,0,BB,GBR,Online TA,TA/TO,0,0,0,D,D,0,No Deposit,9.0,0,Transient,150.0,0,1
City Hotel,0,448,2017,June,24,17,2,1,2,0.0,0,BB,GBR,Groups,TA/TO,0,0,0,A,A,0,No Deposit,229.0,0,Transient-Party,112.67,0,1
City Hotel,0,448,2017,June,24,17,2,1,2,0.0,0,BB,GBR,Groups,TA/TO,0,0,0,A,A,0,No Deposit,229.0,0,Transient-Party,112.67,0,1
City Hotel,0,448,2017,June,24,17,2,1,2,0.0,0,BB,GBR,Groups,TA/TO,0,0,0,A,A,0,No Deposit,229.0,0,Transient-Party,112.67,0,1
City Hotel,0,448,2017,June,24,17,2,1,2,0.0,0,BB,GBR,Groups,TA/TO,0,0,0,A,A,0,No Deposit,229.0,0,Transient-Party,112.67,0,2
City Hotel,0,183,2017,June,25,18,2,0,2,0.0,0,BB,DEU,Offline TA/TO,TA/TO,0,0,0,A,A,0,No Deposit,42.0,0,Transient,99.0,0,1
City Hotel,0,136,2017,June,24,14,2,4,2,0.0,0,SC,GBR,Online TA,TA/TO,0,0,0,A,A,0,No Deposit,7.0,0,Transient,79.0,0,0
City Hotel,0,186,2017,June,25,18,2,0,2,0.0,0,BB,DEU,Offline TA/TO,TA/TO,0,0,0,A,A,0,No Deposit,42.0,0,Transient,89.1,0,0
City Hotel,0,448,2017,June,24,17,2,1,2,0.0,0,BB,GBR,Groups,TA/TO,0,0,0,A,D,0,No Deposit,229.0,0,Transient-Party,137.67,0,1
City Hotel,0,183,2017,June,25,18,2,0,2,0.0,0,BB,DEU,Offline TA/TO,TA/TO,0,0,0,A,A,0,No Deposit,42.0,0,Transient,108.0,1,1
City Hotel,0,177,2017,June,24,17,2,1,2,0.0,0,HB,FRA,Online TA,TA/TO,0,0,0,D,D,0,No Deposit,9.0,0,Transient,175.5,1,0
City Hotel,0,123,2017,June,24,17,2,1,2,0.0,0,BB,CHN,Online TA,TA/TO,0,0,0,A,A,0,No Deposit,9.0,0,Transient-Party,105.3,0,0
City Hotel,0,123,2017,June,24,17,2,1,2,0.0,0,BB,CHN,Online TA,TA/TO,0,0,0,A,A,0,No Deposit,9.0,0,Transient-Party,105.3,0,1
City Hotel,0,448,2017,June,24,17,2,1,2,0.0,0,BB,GBR,Groups,TA/TO,0,0,0,A,A,0,No Deposit,229.0,0,Transient-Party,112.67,0,1
City Hotel,0,123,2017,June,24,17,2,1,2,0.0,0,BB,CHN,Online TA,TA/TO,0,0,0,A,A,0,No Deposit,9.0,0,Transient-Party,105.3,0,1
City Hotel,0,123,2017,June,24,17,2,1,2,0.0,0,BB,CHN,Online TA,TA/TO,0,0,0,A,A,0,No Deposit,9.0,0,Transient-Party,105.3,0,1
City Hotel,0,123,2017,June,24,17,2,1,2,0.0,0,BB,CHN,Online TA,TA/TO,0,0,0,A,A,0,No Deposit,9.0,0,Transient-Party,105.3,0,1
City Hotel,0,123,2017,June,24,17,2,1,2,0.0,0,BB,CHN,Online TA,TA/TO,0,0,0,A,A,0,No Deposit,9.0,0,Transient-Party,105.3,0,1
City Hotel,0,123,2017,June,24,17,2,1,2,0.0,0,BB,CHN,Online TA,TA/TO,0,0,0,A,A,0,No Deposit,9.0,0,Transient-Party,105.3,0,0
City Hotel,0,123,2017,June,24,17,2,1,2,0.0,0,BB,CHN,Online TA,TA/TO,0,0,0,A,A,0,No Deposit,9.0,0,Transient-Party,105.3,0,0
City Hotel,0,91,2017,June,24,17,2,1,2,0.0,0,SC,CHN,Online TA,TA/TO,0,0,0,A,A,0,No Deposit,9.0,0,Transient-Party,113.4,0,1
City Hotel,0,448,2017,June,24,17,2,1,2,0.0,0,BB,GBR,Groups,TA/TO,0,0,0,A,A,0,No Deposit,229.0,0,Transient-Party,112.67,0,1
City Hotel,0,448,2017,June,24,17,2,1,2,0.0,0,BB,GBR,Groups,TA/TO,0,0,0,A,A,0,No Deposit,229.0,0,Transient-Party,112.67,0,1
City Hotel,0,448,2017,June,24,17,2,1,2,0.0,0,BB,GBR,Groups,TA/TO,0,0,0,A,A,0,No Deposit,229.0,0,Transient-Party,112.67,0,3
City Hotel,0,448,2017,June,24,17,2,1,2,0.0,0,BB,GBR,Groups,TA/TO,0,0,0,A,A,0,No Deposit,229.0,0,Transient-Party,112.67,0,2
City Hotel,0,448,2017,June,24,17,2,1,2,0.0,0,BB,GBR,Groups,TA/TO,0,0,0,A,A,0,No Deposit,229.0,0,Transient-Party,112.67,0,1
City Hotel,0,448,2017,June,24,17,2,1,2,0.0,0,BB,GBR,Groups,TA/TO,0,0,0,A,A,0,No Deposit,229.0,0,Transient-Party,112.67,0,1
City Hotel,0,95,2017,June,24,11,4,5,2,0.0,0,HB,FRA,Online TA,TA/TO,0,0,0,D,D,0,No Deposit,9.0,0,Transient,187.2,0,3
City Hotel,0,448,2017,June,24,17,2,1,2,0.0,0,BB,GBR,Groups,TA/TO,0,0,0,A,A,0,No Deposit,229.0,0,Transient-Party,112.67,0,1
City Hotel,0,448,2017,June,24,17,2,1,2,0.0,0,BB,GBR,Groups,TA/TO,0,0,0,A,A,0,No Deposit,229.0,0,Transient-Party,112.67,0,2
City Hotel,0,126,2017,June,24,16,2,2,2,0.0,0,BB,FRA,Direct,Direct,0,0,0,A,A,0,No Deposit,14.0,0,Transient,99.0,0,0
City Hotel,0,448,2017,June,24,17,2,1,2,0.0,0,BB,GBR,Groups,TA/TO,0,0,0,A,A,0,No Deposit,229.0,0,Transient-Party,112.67,0,1
City Hotel,0,132,2017,June,24,17,2,1,2,0.0,0,SC,GBR,Online TA,TA/TO,0,0,0,A,A,0,No Deposit,9.0,0,Transient,99.0,0,0
City Hotel,0,169,2017,June,24,16,2,2,2,0.0,0,BB,DEU,Online TA,TA/TO,0,0,0,D,D,0,No Deposit,9.0,0,Transient,130.5,0,0
City Hotel,0,448,2017,June,24,17,2,1,2,0.0,0,BB,GBR,Groups,TA/TO,0,0,0,A,A,0,No Deposit,229.0,0,Transient-Party,112.67,0,3
City Hotel,0,35,2017,June,24,13,2,5,2,0.0,0,HB,ROU,Online TA,TA/TO,0,0,0,A,A,2,No Deposit,9.0,0,Transient,196.14,0,1
City Hotel,0,150,2017,June,24,16,2,2,2,0.0,0,SC,GBR,Online TA,TA/TO,0,0,0,A,A,0,No Deposit,7.0,0,Transient,72.42,0,1
City Hotel,0,0,2017,June,25,19,1,0,2,0.0,0,SC,GBR,Online TA,TA/TO,0,0,0,A,A,0,No Deposit,7.0,0,Transient,128.0,0,0
City Hotel,0,104,2017,June,24,17,2,1,2,0.0,0,SC,FRA,Online TA,TA/TO,0,0,0,A,A,0,No Deposit,9.0,0,Transient,108.0,0,0
City Hotel,0,2,2017,June,25,20,0,1,2,0.0,0,SC,FRA,Direct,TA/TO,0,0,0,A,A,0,No Deposit,,0,Group,150.0,0,0
City Hotel,0,215,2017,June,24,15,2,3,2,0.0,0,BB,GBR,Online TA,TA/TO,0,0,0,A,A,0,No Deposit,8.0,0,Transient,122.4,0,3
City Hotel,0,14,2017,June,25,19,1,0,2,0.0,0,SC,FRA,Online TA,TA/TO,0,0,0,A,A,0,No Deposit,,0,Transient,140.0,0,1
City Hotel,0,39,2017,June,25,20,0,3,2,0.0,0,SC,FRA,Online TA,TA/TO,0,0,0,A,A,0,No Deposit,9.0,0,Transient,140.0,0,1
City Hotel,0,52,2017,June,24,17,2,1,2,0.0,0,BB,AUT,Corporate,Corporate,0,0,0,A,A,0,No Deposit,,0,Transient,126.0,0,0
City Hotel,0,0,2017,June,25,20,0,1,2,0.0,0,SC,PRT,Online TA,TA/TO,0,0,0,A,F,0,No Deposit,9.0,0,Transient,160.0,0,1
City Hotel,0,50,2017,June,25,19,1,1,2,0.0,0,BB,USA,Online TA,TA/TO,0,0,0,A,A,2,No Deposit,9.0,0,Transient,150.0,0,1
City Hotel,0,12,2017,June,25,20,0,1,2,0.0,0,SC,DEU,Online TA,TA/TO,0,0,0,A,A,0,No Deposit,9.0,0,Transient,160.0,0,1
City Hotel,0,126,2017,June,24,17,2,2,2,0.0,0,BB,NLD,Online TA,TA/TO,0,0,0,A,A,0,No Deposit,9.0,0,Transient,117.0,0,1
City Hotel,0,105,2017,June,25,18,2,1,2,0.0,0,BB,GBR,Online TA,TA/TO,0,0,0,A,A,0,No Deposit,9.0,0,Transient,126.0,0,0
City Hotel,0,142,2017,June,25,19,1,1,2,0.0,0,SC,HRV,Online TA,TA/TO,0,0,0,A,A,0,No Deposit,9.0,0,Transient,99.0,0,0
City Hotel,0,448,2017,June,24,17,2,2,2,0.0,0,BB,AUS,Groups,TA/TO,0,0,0,A,A,1,No Deposit,229.0,0,Transient-Party,107.0,0,1
City Hotel,0,135,2017,June,25,20,0,1,2,0.0,0,HB,RUS,Online TA,TA/TO,0,0,0,A,B,0,No Deposit,9.0,0,Transient,151.2,0,1
City Hotel,0,110,2017,June,25,19,1,1,2,0.0,0,SC,ISR,Online TA,TA/TO,0,0,0,A,A,0,No Deposit,9.0,0,Transient,117.0,0,1
City Hotel,0,110,2017,June,25,19,1,1,2,0.0,0,SC,ISR,Online TA,TA/TO,0,0,0,A,A,0,No Deposit,9.0,0,Transient,108.0,0,1
City Hotel,0,110,2017,June,25,19,1,1,2,0.0,0,SC,ISR,Online TA,TA/TO,0,0,0,A,A,0,No Deposit,9.0,0,Transient,108.0,0,1
City Hotel,0,203,2017,June,24,16,2,3,2,0.0,0,SC,GBR,Online TA,TA/TO,0,0,0,A,A,0,No Deposit,83.0,0,Transient,74.8,0,0
City Hotel,0,90,2017,June,25,18,2,1,2,0.0,0,SC,ITA,Online TA,TA/TO,0,0,0,A,A,0,No Deposit,9.0,0,Transient,126.0,0,1
City Hotel,0,96,2017,June,25,18,2,1,2,0.0,0,BB,FRA,Offline TA/TO,TA/TO,0,0,0,A,A,0,No Deposit,159.0,0,Transient,98.17,0,0
City Hotel,0,126,2017,June,25,19,1,1,2,0.0,0,BB,DEU,Online TA,TA/TO,0,0,0,A,A,0,No Deposit,9.0,0,Transient,126.0,1,1
City Hotel,0,110,2017,June,25,19,1,1,2,0.0,0,SC,ISR,Online TA,TA/TO,0,0,0,A,A,0,No Deposit,9.0,0,Transient,108.0,0,1
City Hotel,0,23,2017,June,25,18,2,1,2,0.0,0,BB,GBR,Online TA,TA/TO,0,0,0,D,D,0,No Deposit,9.0,0,Transient,163.33,0,0
City Hotel,0,167,2017,June,25,19,1,1,2,0.0,0,BB,DEU,Online TA,TA/TO,0,0,0,D,D,0,No Deposit,9.0,0,Transient,139.5,0,0
City Hotel,0,28,2017,June,25,20,0,1,2,0.0,0,BB,PRT,Online TA,TA/TO,0,0,0,A,A,0,No Deposit,7.0,0,Transient,121.0,0,1
City Hotel,0,111,2017,June,25,20,0,1,2,0.0,0,SC,AUS,Online TA,TA/TO,0,0,0,A,A,0,No Deposit,9.0,0,Transient,108.0,0,0
City Hotel,0,111,2017,June,25,20,0,1,2,0.0,0,SC,AUS,Online TA,TA/TO,0,0,0,A,A,0,No Deposit,9.0,0,Transient,108.0,0,0
City Hotel,0,129,2017,June,24,17,2,2,2,0.0,0,SC,POL,Online TA,TA/TO,0,0,0,A,A,0,No Deposit,9.0,0,Transient,99.0,0,0
City Hotel,0,38,2017,June,25,19,1,1,2,0.0,0,BB,USA,Online TA,TA/TO,0,0,0,A,A,0,No Deposit,9.0,0,Transient,165.0,0,2
City Hotel,0,1,2017,June,25,21,0,1,2,0.0,0,SC,USA,Online TA,TA/TO,1,0,0,A,A,0,No Deposit,7.0,0,Group,128.0,0,2
City Hotel,0,6,2017,June,25,19,1,1,2,0.0,0,BB,NLD,Offline TA/TO,TA/TO,0,0,0,A,A,0,No Deposit,28.0,0,Transient,108.0,0,0
City Hotel,0,60,2017,June,25,18,2,1,2,0.0,0,SC,GBR,Online TA,TA/TO,0,0,0,A,A,0,No Deposit,85.0,0,Transient,80.1,0,0
City Hotel,0,129,2017,June,24,16,2,3,2,0.0,0,SC,DEU,Online TA,TA/TO,0,0,0,A,A,0,No Deposit,9.0,0,Transient-Party,99.0,0,0
City Hotel,0,129,2017,June,24,16,2,3,2,0.0,0,SC,DEU,Online TA,TA/TO,0,0,0,A,A,0,No Deposit,9.0,0,Transient-Party,99.0,0,0
City Hotel,0,85,2017,June,24,17,2,2,2,0.0,0,BB,FRA,Direct,Direct,0,0,0,A,A,0,No Deposit,14.0,0,Transient,126.0,0,1
City Hotel,0,33,2017,June,25,18,2,1,2,0.0,0,SC,FRA,Online TA,TA/TO,0,0,0,A,A,0,No Deposit,9.0,0,Transient,133.33,0,1
City Hotel,0,9,2017,June,25,20,0,1,2,0.0,0,BB,PRT,Direct,Direct,0,0,0,A,A,0,No Deposit,14.0,0,Transient,153.0,0,0
City Hotel,0,3,2017,June,24,17,2,2,2,0.0,0,BB,PRT,Online TA,TA/TO,0,0,0,D,D,0,No Deposit,9.0,0,Transient,190.0,0,1
City Hotel,0,218,2017,June,25,19,1,1,2,0.0,0,BB,IRL,Online TA,TA/TO,0,0,0,D,D,0,No Deposit,9.0,0,Transient,130.5,0,0
City Hotel,0,98,2017,June,24,17,2,2,2,0.0,0,HB,FRA,Online TA,TA/TO,0,0,0,D,D,1,No Deposit,83.0,0,Transient,151.2,0,0
City Hotel,0,51,2017,June,25,18,2,1,2,0.0,0,BB,MAR,Online TA,TA/TO,0,0,0,E,G,0,No Deposit,9.0,0,Transient,200.0,0,2
City Hotel,0,19,2017,June,25,19,1,2,2,0.0,0,BB,ITA,Online TA,TA/TO,0,0,0,D,D,2,No Deposit,9.0,0,Transient,190.0,0,3
City Hotel,0,9,2017,June,25,19,1,2,2,0.0,0,BB,ITA,Online TA,TA/TO,0,0,0,A,A,2,No Deposit,9.0,0,Transient,170.0,0,3
City Hotel,0,119,2017,June,25,18,2,2,2,0.0,0,BB,DEU,Direct,TA/TO,0,0,0,A,D,1,No Deposit,,0,Transient,89.1,0,2
City Hotel,0,21,2017,June,25,18,2,2,2,0.0,0,BB,LUX,Online TA,TA/TO,0,0,0,D,D,2,No Deposit,9.0,0,Transient,160.0,0,1
City Hotel,0,168,2017,June,25,18,2,2,2,0.0,0,BB,FRA,Online TA,TA/TO,0,0,0,D,D,2,No Deposit,9.0,0,Transient,130.5,0,3
City Hotel,0,44,2017,June,25,18,2,2,2,0.0,0,BB,GBR,Online TA,TA/TO,0,0,0,A,A,0,No Deposit,83.0,0,Transient,123.0,0,0
City Hotel,0,96,2017,June,25,19,1,2,2,0.0,0,SC,GBR,Online TA,TA/TO,0,0,0,A,A,0,No Deposit,9.0,0,Transient,126.0,0,2
City Hotel,0,122,2017,June,24,17,2,3,2,0.0,0,SC,FRA,Online TA,TA/TO,0,0,0,A,A,0,No Deposit,7.0,0,Transient,72.42,0,1
City Hotel,0,36,2017,June,25,19,1,2,2,0.0,0,BB,GBR,Online TA,TA/TO,0,0,0,A,A,0,No Deposit,9.0,0,Transient,160.0,0,1
City Hotel,0,36,2017,June,25,20,0,2,2,0.0,0,SC,PRT,Online TA,TA/TO,0,0,0,A,A,1,No Deposit,8.0,0,Transient,120.0,0,1
City Hotel,0,16,2017,June,25,19,1,2,2,0.0,0,BB,GBR,Direct,Direct,0,0,0,D,D,0,No Deposit,14.0,0,Transient,166.5,0,1
City Hotel,0,34,2017,June,25,19,1,2,2,0.0,0,SC,BRA,Online TA,TA/TO,0,0,0,A,A,0,No Deposit,9.0,0,Transient,120.0,0,1
City Hotel,0,34,2017,June,25,19,1,2,2,0.0,0,SC,BRA,Online TA,TA/TO,0,0,0,A,A,0,No Deposit,9.0,0,Transient,120.0,0,1
City Hotel,0,23,2017,June,25,21,0,1,2,0.0,0,HB,ESP,Online TA,TA/TO,0,0,0,D,E,0,No Deposit,9.0,0,Transient,188.0,0,2
City Hotel,0,123,2017,June,25,20,0,2,2,0.0,0,SC,DEU,Online TA,TA/TO,0,0,0,A,A,0,No Deposit,10.0,0,Transient,99.0,0,0
City Hotel,0,235,2017,June,25,20,0,2,2,0.0,0,BB,FRA,Direct,Direct,0,0,0,D,D,0,No Deposit,14.0,0,Transient,127.13,1,0
City Hotel,0,45,2017,June,25,20,0,2,2,0.0,0,SC,DEU,Online TA,TA/TO,0,0,0,A,A,0,No Deposit,9.0,0,Transient,120.0,0,1
City Hotel,0,34,2017,June,25,20,0,2,2,0.0,0,SC,CN,Online TA,TA/TO,0,0,0,A,A,0,No Deposit,7.0,0,Transient,96.0,0,1
City Hotel,0,21,2017,June,25,18,2,2,2,0.0,0,BB,ISR,Online TA,TA/TO,0,0,0,E,E,0,No Deposit,9.0,0,Transient,190.0,0,0
City Hotel,0,53,2017,June,24,15,2,5,2,0.0,0,SC,DEU,Online TA,TA/TO,0,0,0,A,A,0,No Deposit,9.0,0,Transient,140.0,0,1
City Hotel,0,44,2017,June,25,20,0,2,2,0.0,0,SC,RUS,Online TA,TA/TO,0,0,0,A,A,0,No Deposit,9.0,0,Transient,120.0,0,0
City Hotel,0,2,2017,June,25,21,0,1,2,0.0,0,BB,FRA,Online TA,Direct,0,0,0,A,A,0,No Deposit,,0,Transient,130.0,0,0
City Hotel,0,206,2017,June,25,22,0,3,2,0.0,0,BB,FRA,Online TA,Direct,0,0,0,A,A,0,No Deposit,9.0,0,Transient,117.0,0,0
City Hotel,0,2,2017,June,25,21,0,1,2,0.0,0,BB,FRA,Online TA,Direct,0,0,0,A,A,0,No Deposit,,0,Transient,130.0,0,0
City Hotel,0,206,2017,June,25,22,0,3,2,0.0,0,BB,FRA,Online TA,Direct,0,0,0,A,A,0,No Deposit,9.0,0,Transient,117.0,0,0
City Hotel,0,54,2017,June,25,19,1,2,2,0.0,0,BB,FRA,Online TA,TA/TO,0,0,0,A,A,2,No Deposit,9.0,0,Transient,146.67,0,2
City Hotel,0,111,2017,June,24,17,2,3,2,0.0,0,BB,CHE,Online TA,TA/TO,0,0,0,A,A,0,No Deposit,9.0,0,Transient,117.0,0,0
City Hotel,0,149,2017,June,24,17,2,3,2,0.0,0,BB,ITA,Online TA,TA/TO,0,0,0,D,D,0,No Deposit,9.0,0,Transient,126.0,0,2
City Hotel,0,21,2017,June,25,18,2,2,2,0.0,0,BB,ITA,Online TA,TA/TO,0,0,0,A,A,0,No Deposit,85.0,0,Transient,99.0,0,0
City Hotel,0,116,2017,June,25,18,2,2,2,0.0,0,SC,FRA,Online TA,TA/TO,0,0,0,A,A,0,No Deposit,7.0,0,Transient,75.24,0,0
City Hotel,0,146,2017,June,25,20,0,2,2,0.0,0,BB,DEU,Online TA,TA/TO,0,0,0,A,A,0,No Deposit,8.0,0,Transient,117.0,0,0
City Hotel,0,240,2017,June,25,19,1,2,2,0.0,0,BB,FRA,Online TA,TA/TO,0,0,0,A,A,0,No Deposit,9.0,0,Transient,117.0,0,1
City Hotel,0,41,2017,June,25,18,2,2,2,0.0,0,BB,ESP,Online TA,TA/TO,0,0,0,A,A,0,No Deposit,7.0,0,Transient,128.0,0,0
City Hotel,0,78,2017,June,25,19,1,2,2,0.0,0,SC,CN,Online TA,TA/TO,0,0,0,A,A,0,No Deposit,7.0,0,Transient,113.53,0,1
City Hotel,0,118,2017,June,25,20,0,2,2,0.0,0,BB,DEU,Online TA,TA/TO,0,0,0,E,E,0,No Deposit,9.0,0,Transient,153.0,0,2
City Hotel,0,79,2017,June,25,20,0,2,2,0.0,0,SC,CHE,Online TA,TA/TO,0,0,0,A,A,0,No Deposit,9.0,0,Transient,149.0,0,1
City Hotel,0,238,2017,June,25,18,2,2,2,0.0,0,BB,GBR,Online TA,TA/TO,0,0,0,A,A,0,No Deposit,9.0,0,Transient,117.0,0,1
City Hotel,0,119,2017,June,25,19,1,2,2,0.0,0,BB,FRA,Online TA,TA/TO,0,0,0,D,D,0,No Deposit,7.0,0,Transient,95.76,0,0
City Hotel,0,116,2017,June,25,20,0,2,2,0.0,0,BB,DEU,Online TA,TA/TO,0,0,0,A,A,0,No Deposit,9.0,0,Transient,117.0,0,0
City Hotel,0,238,2017,June,25,18,2,2,2,0.0,0,BB,GBR,Online TA,TA/TO,0,0,0,A,A,0,No Deposit,9.0,0,Transient,117.0,0,1
City Hotel,0,141,2017,June,25,18,2,2,2,0.0,0,BB,FIN,Direct,Direct,0,0,0,A,A,2,No Deposit,14.0,0,Transient-Party,109.0,0,2
City Hotel,0,249,2017,June,24,15,2,5,2,0.0,0,BB,GBR,Online TA,TA/TO,0,0,0,A,A,0,No Deposit,8.0,0,Transient,117.0,0,2
City Hotel,0,134,2017,June,24,15,2,5,2,0.0,0,SC,SWE,Online TA,TA/TO,0,0,0,A,A,0,No Deposit,9.0,0,Transient,102.86,0,1
City Hotel,0,0,2017,June,25,21,0,1,2,0.0,0,BB,ZAF,Online TA,TA/TO,0,0,0,A,G,0,No Deposit,9.0,0,Transient,162.0,0,0
City Hotel,0,26,2017,June,25,20,0,2,2,0.0,0,BB,DEU,Online TA,TA/TO,0,0,0,D,D,0,No Deposit,9.0,0,Transient,150.0,0,1
City Hotel,0,146,2017,June,25,20,0,2,2,0.0,0,BB,DEU,Online TA,TA/TO,0,0,0,A,A,0,No Deposit,8.0,0,Transient,117.0,0,0
City Hotel,0,45,2017,June,25,18,2,2,2,0.0,0,BB,CHE,Online TA,TA/TO,0,0,0,A,A,0,No Deposit,9.0,0,Transient,150.0,0,1
City Hotel,0,129,2017,June,25,20,0,3,2,0.0,0,BB,DEU,Online TA,TA/TO,0,0,0,A,A,0,No Deposit,9.0,0,Transient,117.0,0,0
City Hotel,0,148,2017,June,25,22,0,1,2,0.0,0,SC,USA,Online TA,TA/TO,0,0,0,A,A,0,No Deposit,7.0,0,Transient,76.23,0,0
City Hotel,0,227,2017,June,25,20,0,3,2,0.0,0,BB,GBR,Online TA,TA/TO,0,0,0,D,D,0,No Deposit,9.0,0,Transient,130.5,0,3
City Hotel,0,140,2017,June,25,18,2,3,2,0.0,0,BB,PRT,Direct,Direct,0,0,0,A,A,2,No Deposit,14.0,0,Transient,100.8,0,3
City Hotel,0,117,2017,June,25,19,1,3,2,0.0,0,HB,GBR,Online TA,TA/TO,0,0,0,A,A,0,No Deposit,7.0,0,Transient,120.96,0,1
City Hotel,0,219,2017,June,25,18,2,3,2,0.0,0,BB,GBR,Online TA,TA/TO,0,0,0,A,A,0,No Deposit,9.0,0,Transient,117.0,0,1
City Hotel,0,43,2017,June,25,20,0,3,2,0.0,0,SC,GBR,Online TA,TA/TO,0,0,0,A,A,0,No Deposit,9.0,0,Transient,126.67,0,1
City Hotel,0,66,2017,June,25,20,0,3,2,0.0,0,BB,POL,Online TA,TA/TO,0,0,0,D,D,0,No Deposit,9.0,0,Transient,170.0,0,1
City Hotel,0,130,2017,June,25,20,0,3,2,0.0,0,HB,ITA,Online TA,TA/TO,0,0,0,A,A,0,No Deposit,9.0,0,Transient,151.2,0,0
City Hotel,0,286,2017,June,25,21,0,2,2,0.0,0,SC,DEU,Online TA,TA/TO,0,0,0,A,A,0,No Deposit,9.0,0,Transient,119.0,0,2
City Hotel,0,42,2017,June,25,19,1,3,2,0.0,0,BB,SWE,Online TA,TA/TO,0,0,0,A,A,0,No Deposit,9.0,0,Transient,150.0,0,0
City Hotel,0,102,2017,June,25,18,2,3,2,0.0,0,BB,GBR,Offline TA/TO,TA/TO,0,0,0,A,A,0,No Deposit,85.0,0,Transient,89.1,0,1
City Hotel,0,30,2017,June,25,19,1,3,2,0.0,0,BB,DEU,Online TA,TA/TO,0,0,0,D,D,0,No Deposit,9.0,0,Transient,160.0,0,1
City Hotel,0,111,2017,June,24,17,2,4,2,0.0,0,SC,FRA,Online TA,TA/TO,0,0,0,A,A,0,No Deposit,83.0,0,Transient,79.2,0,0
City Hotel,0,99,2017,June,25,19,1,3,2,0.0,0,BB,GBR,Direct,Direct,0,0,0,A,A,0,No Deposit,14.0,0,Transient,126.0,0,0
City Hotel,0,53,2017,June,25,19,1,3,2,0.0,0,BB,GBR,Online TA,TA/TO,0,0,0,A,D,0,No Deposit,42.0,0,Transient,153.0,0,2
City Hotel,0,160,2017,June,25,19,1,3,2,0.0,0,HB,FRA,Direct,Direct,0,0,0,D,D,1,No Deposit,14.0,0,Transient,159.5,0,0
City Hotel,0,140,2017,June,25,19,1,3,2,0.0,0,BB,DEU,Online TA,TA/TO,0,0,0,A,A,0,No Deposit,42.0,0,Transient,93.6,0,0
City Hotel,0,44,2017,June,25,20,0,3,2,0.0,0,BB,BEL,Online TA,TA/TO,0,0,0,A,A,0,No Deposit,9.0,0,Transient,146.67,0,1
City Hotel,0,106,2017,June,25,20,0,3,2,0.0,0,BB,BEL,Online TA,TA/TO,0,0,0,A,A,0,No Deposit,9.0,0,Transient,130.67,0,2
City Hotel,0,59,2017,June,25,19,1,3,2,0.0,0,BB,NLD,Online TA,TA/TO,0,0,0,D,D,0,No Deposit,7.0,0,Transient,129.2,0,1
City Hotel,0,13,2017,June,25,22,0,1,2,0.0,0,SC,NLD,Direct,Direct,0,0,0,A,A,0,No Deposit,14.0,0,Transient-Party,160.0,0,0
City Hotel,0,99,2017,June,25,19,1,3,2,0.0,0,BB,FRA,Online TA,TA/TO,0,0,0,D,D,0,No Deposit,9.0,0,Transient,162.0,1,1
City Hotel,0,138,2017,June,24,17,2,4,2,0.0,0,BB,AUT,Online TA,TA/TO,0,0,0,A,A,0,No Deposit,83.0,0,Transient,98.1,0,0
City Hotel,0,89,2017,June,25,19,1,3,2,0.0,0,BB,AUT,Online TA,TA/TO,0,0,0,D,D,0,No Deposit,7.0,0,Transient,122.4,0,0
City Hotel,0,141,2017,June,25,19,1,3,2,0.0,0,SC,AUT,Online TA,TA/TO,0,0,0,A,A,0,No Deposit,9.0,0,Transient,99.0,0,0
City Hotel,0,94,2017,June,25,20,0,3,2,0.0,0,BB,FRA,Direct,Direct,0,0,0,D,D,0,No Deposit,14.0,0,Transient,148.5,0,2
City Hotel,0,48,2017,June,24,17,2,4,2,0.0,0,BB,DEU,Direct,Direct,0,0,0,A,A,0,No Deposit,14.0,0,Transient,126.0,0,0
City Hotel,0,43,2017,June,25,20,0,3,2,0.0,0,SC,GBR,Online TA,TA/TO,0,0,0,A,A,0,No Deposit,9.0,0,Transient,126.67,0,1
City Hotel,0,137,2017,June,25,19,1,3,2,0.0,0,BB,FRA,Direct,Direct,0,0,0,A,A,0,No Deposit,14.0,0,Transient,105.25,0,1
City Hotel,0,97,2017,June,25,18,2,3,2,0.0,0,SC,GBR,Online TA,TA/TO,0,0,0,A,A,0,No Deposit,9.0,0,Transient-Party,126.0,0,0
City Hotel,0,97,2017,June,25,18,2,3,2,0.0,0,SC,GBR,Online TA,TA/TO,0,0,0,A,A,0,No Deposit,9.0,0,Transient-Party,126.0,0,0
City Hotel,0,1,2017,June,25,22,0,1,2,0.0,0,SC,ZAF,Online TA,TA/TO,0,0,0,A,A,0,No Deposit,7.0,0,Transient,128.0,0,1
City Hotel,0,139,2017,June,25,19,1,3,2,0.0,0,BB,DEU,Direct,Direct,0,0,0,A,A,0,No Deposit,,0,Transient,96.25,0,1
City Hotel,0,181,2017,June,25,20,0,3,2,0.0,0,BB,CHE,Online TA,TA/TO,0,0,0,A,A,2,No Deposit,9.0,0,Transient,153.33,0,2
City Hotel,0,63,2017,June,25,21,0,2,2,0.0,0,BB,FRA,Online TA,TA/TO,0,0,0,A,A,0,No Deposit,85.0,0,Transient,89.1,0,0
City Hotel,0,33,2017,June,25,19,1,3,2,0.0,0,SC,DEU,Online TA,TA/TO,0,0,0,A,A,0,No Deposit,9.0,0,Transient,130.0,0,1
City Hotel,0,67,2017,June,25,20,0,3,2,0.0,0,BB,FRA,Online TA,TA/TO,0,0,0,D,D,0,No Deposit,9.0,0,Transient,170.0,0,2
City Hotel,0,57,2017,June,25,18,2,3,2,0.0,0,SC,GBR,Online TA,TA/TO,0,0,0,A,A,0,No Deposit,423.0,0,Transient,103.32,0,0
City Hotel,0,77,2017,June,25,18,2,3,2,0.0,0,BB,GBR,Online TA,TA/TO,0,0,0,D,D,0,No Deposit,7.0,0,Transient,130.56,0,3
City Hotel,0,45,2017,June,25,19,1,3,2,0.0,0,BB,IRL,Online TA,TA/TO,0,0,0,A,A,0,No Deposit,159.0,0,Transient,150.0,0,0
City Hotel,0,151,2017,June,25,19,1,3,2,0.0,0,HB,CHE,Online TA,TA/TO,0,0,0,D,D,0,No Deposit,9.0,0,Transient,162.0,0,3
City Hotel,0,11,2017,June,25,19,1,3,2,0.0,0,SC,IRL,Online TA,TA/TO,0,0,0,A,A,0,No Deposit,7.0,0,Transient,128.0,0,1
City Hotel,0,160,2017,June,25,20,0,3,2,0.0,0,BB,RUS,Online TA,TA/TO,0,0,0,D,D,0,No Deposit,9.0,0,Transient,161.33,0,0
City Hotel,0,11,2017,June,25,19,1,4,2,0.0,0,BB,NLD,Direct,Direct,0,0,0,A,A,0,No Deposit,14.0,0,Transient,144.0,0,0
City Hotel,0,134,2017,June,25,21,0,3,2,0.0,0,SC,NLD,Online TA,TA/TO,0,0,0,A,A,0,No Deposit,9.0,0,Transient,99.0,0,1
City Hotel,0,120,2017,June,24,17,2,5,2,0.0,0,HB,FRA,Online TA,TA/TO,0,0,0,A,A,1,No Deposit,83.0,0,Transient,122.4,0,0
City Hotel,0,1,2017,June,25,20,0,4,2,0.0,0,BB,ESP,Direct,Direct,0,0,0,D,D,1,No Deposit,14.0,0,Transient,191.75,0,2
City Hotel,0,111,2017,June,25,21,0,3,2,0.0,0,BB,AUS,Online TA,TA/TO,0,0,0,A,A,0,No Deposit,9.0,0,Transient,126.0,0,0
City Hotel,0,143,2017,June,25,21,0,3,2,0.0,0,SC,FRA,Online TA,TA/TO,0,0,0,A,A,0,No Deposit,9.0,0,Transient,108.0,0,0
City Hotel,0,224,2017,June,25,18,2,4,2,0.0,0,HB,DEU,Online TA,TA/TO,0,0,0,D,D,0,No Deposit,9.0,0,Transient,164.7,0,2
City Hotel,0,131,2017,June,25,20,0,4,2,0.0,0,BB,FRA,Direct,Direct,0,0,0,A,A,0,No Deposit,14.0,0,Transient,99.0,0,0
City Hotel,0,320,2017,June,25,18,2,4,2,0.0,0,BB,POL,Online TA,TA/TO,0,0,0,A,A,0,No Deposit,9.0,0,Transient,109.8,0,1
City Hotel,0,0,2017,June,25,22,0,2,2,0.0,0,BB,BRA,Direct,Direct,0,0,0,A,A,0,No Deposit,,0,Transient,150.0,0,0
City Hotel,0,46,2017,June,25,23,0,1,2,0.0,0,SC,NZL,Online TA,TA/TO,0,0,0,A,A,0,No Deposit,9.0,0,Transient,140.0,0,0
City Hotel,0,183,2017,June,25,21,0,3,2,0.0,0,BB,DEU,Offline TA/TO,TA/TO,0,0,0,A,A,0,No Deposit,85.0,0,Transient,89.1,0,0
City Hotel,0,208,2017,June,25,21,0,3,2,0.0,0,BB,CN,Online TA,TA/TO,0,0,0,D,D,2,No Deposit,9.0,0,Transient,133.67,0,2
City Hotel,0,130,2017,June,25,22,0,2,2,0.0,0,SC,GBR,Online TA,TA/TO,0,0,0,A,A,0,No Deposit,7.0,0,Transient,76.23,0,1
City Hotel,0,39,2017,June,25,20,0,4,2,0.0,0,BB,FRA,Online TA,TA/TO,0,0,0,A,A,0,No Deposit,9.0,0,Transient,160.0,0,1
City Hotel,0,150,2017,June,25,20,0,4,2,0.0,0,SC,FRA,Online TA,TA/TO,0,0,0,A,A,6,No Deposit,9.0,0,Transient,108.0,1,1
City Hotel,0,23,2017,June,25,21,0,3,2,0.0,0,BB,CHE,Direct,Direct,0,0,0,A,A,0,No Deposit,14.0,0,Transient,141.0,0,2
City Hotel,0,53,2017,June,25,21,0,3,2,0.0,0,SC,DEU,Online TA,TA/TO,0,0,0,A,A,0,No Deposit,9.0,0,Transient,140.0,0,1
City Hotel,0,93,2017,June,24,17,2,5,2,0.0,0,HB,CHE,Online TA,TA/TO,0,0,0,A,A,0,No Deposit,9.0,0,Transient,178.2,0,0
City Hotel,0,0,2017,June,25,22,0,2,2,0.0,0,BB,DEU,Online TA,TA/TO,0,0,0,E,E,0,No Deposit,9.0,0,Transient,220.0,0,0
City Hotel,0,144,2017,June,24,17,2,5,2,0.0,0,BB,GBR,Direct,Direct,0,0,0,A,A,0,No Deposit,14.0,0,Transient,99.0,0,0
City Hotel,0,21,2017,June,25,22,0,2,2,0.0,0,SC,PRT,Online TA,TA/TO,0,0,0,A,A,0,No Deposit,85.0,0,Transient,89.0,0,0
City Hotel,0,101,2017,June,25,20,0,4,2,0.0,0,HB,BEL,Online TA,TA/TO,0,0,0,A,A,0,No Deposit,9.0,0,Transient,178.2,0,2
City Hotel,0,125,2017,June,25,21,0,3,2,0.0,0,BB,GBR,Online TA,TA/TO,0,0,0,A,A,0,No Deposit,9.0,0,Transient,117.0,0,0
City Hotel,0,39,2017,June,25,19,1,4,2,0.0,0,SC,FRA,Online TA,TA/TO,0,0,0,A,A,0,No Deposit,9.0,0,Transient,140.0,0,2
City Hotel,0,136,2017,June,24,17,2,5,2,0.0,0,SC,GBR,Online TA,TA/TO,0,0,0,A,A,0,No Deposit,9.0,0,Transient,99.0,0,1
City Hotel,0,133,2017,June,25,22,0,2,2,0.0,0,BB,PRT,Online TA,TA/TO,0,0,0,D,E,0,No Deposit,9.0,0,Transient,135.0,1,3
City Hotel,0,113,2017,June,25,18,2,4,2,0.0,0,BB,DEU,Online TA,TA/TO,0,0,0,D,D,0,No Deposit,9.0,0,Transient,126.0,0,0
City Hotel,0,320,2017,June,25,22,0,2,2,0.0,0,BB,IRL,Online TA,TA/TO,0,0,0,A,A,0,No Deposit,79.0,0,Transient,87.84,0,0
City Hotel,0,30,2017,June,25,21,0,3,2,0.0,0,BB,CHE,Online TA,TA/TO,0,0,0,E,E,1,No Deposit,9.0,0,Transient,206.67,1,1
City Hotel,0,89,2017,June,24,17,2,5,2,0.0,0,BB,FRA,Online TA,TA/TO,0,0,0,F,F,1,No Deposit,9.0,0,Transient,250.0,0,0
City Hotel,0,247,2017,June,25,22,0,3,2,0.0,0,SC,BEL,Online TA,TA/TO,0,0,0,A,A,0,No Deposit,9.0,0,Transient,99.0,0,2
City Hotel,0,45,2017,June,25,22,0,3,2,0.0,0,BB,FRA,Direct,Direct,0,0,0,A,A,0,No Deposit,14.0,0,Transient,120.0,0,0
City Hotel,0,226,2017,June,25,22,0,3,2,0.0,0,SC,AUT,Online TA,TA/TO,0,0,0,A,A,0,No Deposit,9.0,0,Transient,99.0,0,1
City Hotel,0,226,2017,June,25,22,0,3,2,0.0,0,SC,AUT,Online TA,TA/TO,0,0,0,A,A,0,No Deposit,9.0,0,Transient,99.0,0,1
City Hotel,0,101,2017,June,25,19,1,5,2,0.0,0,SC,GBR,Online TA,TA/TO,0,0,0,A,A,0,No Deposit,7.0,0,Transient,93.48,0,0
City Hotel,0,56,2017,June,25,23,0,2,2,0.0,0,SC,GBR,Online TA,TA/TO,0,0,0,A,A,0,No Deposit,9.0,0,Transient,130.0,0,3
City Hotel,0,56,2017,June,25,23,0,2,2,0.0,0,SC,IRL,Online TA,TA/TO,0,0,0,A,A,0,No Deposit,9.0,0,Transient,130.0,0,3
City Hotel,0,260,2017,June,25,19,1,5,2,0.0,0,BB,ESP,Direct,Direct,0,0,0,A,A,0,No Deposit,14.0,0,Transient,99.0,0,0
City Hotel,0,108,2017,June,25,19,1,5,2,0.0,0,SC,IRL,Online TA,TA/TO,0,0,0,A,A,0,No Deposit,9.0,0,Transient,108.0,0,0
City Hotel,0,4,2017,June,25,24,0,1,2,0.0,0,SC,IRL,Online TA,TA/TO,0,0,0,A,A,0,No Deposit,9.0,0,Transient,160.0,0,1
City Hotel,0,56,2017,June,25,22,0,3,2,0.0,0,SC,USA,Online TA,TA/TO,0,0,0,A,A,0,No Deposit,9.0,0,Transient,133.33,0,0
City Hotel,0,111,2017,June,25,22,0,3,2,0.0,0,BB,AUT,Online TA,TA/TO,0,0,0,A,A,0,No Deposit,9.0,0,Transient,126.0,0,0
City Hotel,0,221,2017,June,25,23,0,2,2,0.0,0,BB,PRT,Offline TA/TO,TA/TO,0,0,0,A,A,0,No Deposit,138.0,0,Transient,89.1,0,2
City Hotel,0,221,2017,June,25,23,0,2,2,0.0,0,BB,PRT,Offline TA/TO,TA/TO,0,0,0,A,A,0,No Deposit,138.0,0,Transient,89.1,0,2
City Hotel,0,221,2017,June,25,23,0,2,2,0.0,0,BB,PRT,Offline TA/TO,TA/TO,0,0,0,A,A,0,No Deposit,138.0,0,Transient,89.1,0,2
City Hotel,0,101,2017,June,25,22,0,3,2,0.0,0,SC,FRA,Online TA,TA/TO,0,0,0,A,A,0,No Deposit,9.0,0,Transient,120.0,0,0
City Hotel,0,55,2017,June,25,23,0,2,2,0.0,0,SC,USA,Online TA,TA/TO,0,0,0,A,A,1,No Deposit,7.0,0,Transient,96.0,0,1
City Hotel,0,15,2017,June,25,24,0,1,2,0.0,0,SC,BRA,Online TA,TA/TO,0,0,0,A,A,0,No Deposit,8.0,0,Transient,160.0,0,0
City Hotel,0,101,2017,June,25,22,0,3,2,0.0,0,SC,FRA,Online TA,TA/TO,0,0,0,A,A,0,No Deposit,9.0,0,Transient,120.0,0,0
City Hotel,0,47,2017,June,25,22,0,3,2,0.0,0,SC,PRT,Online TA,TA/TO,0,0,0,A,A,0,No Deposit,9.0,0,Transient,133.33,0,2
City Hotel,0,149,2017,June,25,24,0,1,2,0.0,0,HB,USA,Corporate,Corporate,0,0,0,A,B,1,No Deposit,495.0,0,Transient-Party,154.0,0,1
City Hotel,0,149,2017,June,25,24,0,1,2,0.0,0,HB,USA,Corporate,Corporate,0,0,0,A,A,0,No Deposit,495.0,0,Transient-Party,154.0,0,0
City Hotel,0,149,2017,June,25,24,0,1,2,0.0,0,HB,USA,Corporate,Corporate,0,0,0,A,A,0,No Deposit,495.0,0,Transient-Party,154.0,0,1
City Hotel,0,149,2017,June,25,24,0,1,2,0.0,0,HB,USA,Corporate,Corporate,0,0,0,A,A,1,No Deposit,495.0,0,Transient-Party,154.0,0,0
City Hotel,0,149,2017,June,25,24,0,1,2,0.0,0,HB,USA,Corporate,Corporate,0,0,0,A,A,0,No Deposit,495.0,0,Transient-Party,154.0,0,1
City Hotel,0,125,2017,June,25,22,0,3,2,0.0,0,BB,FRA,Online TA,TA/TO,0,0,0,D,D,0,No Deposit,9.0,0,Transient-Party,126.0,0,0
City Hotel,0,129,2017,June,25,18,2,5,2,0.0,0,HB,FRA,Online TA,TA/TO,0,0,0,A,A,0,No Deposit,9.0,0,Transient,160.2,0,0
City Hotel,0,125,2017,June,25,22,0,3,2,0.0,0,BB,ITA,Online TA,TA/TO,0,0,0,D,D,0,No Deposit,9.0,0,Transient-Party,126.0,0,0
City Hotel,0,149,2017,June,25,24,0,1,2,0.0,0,HB,ITA,Corporate,Corporate,0,0,0,A,B,1,No Deposit,495.0,0,Transient-Party,154.0,0,0
City Hotel,0,126,2017,June,25,23,0,2,2,0.0,0,BB,AUT,Online TA,TA/TO,0,0,0,A,A,0,No Deposit,9.0,0,Transient,117.0,0,1
City Hotel,0,147,2017,June,25,18,2,5,2,0.0,0,SC,GBR,Online TA,TA/TO,0,0,0,A,A,0,No Deposit,7.0,0,Transient,72.42,0,0
City Hotel,0,149,2017,June,25,24,0,1,2,0.0,0,HB,USA,Corporate,Corporate,0,0,0,A,D,0,No Deposit,495.0,0,Transient-Party,154.0,0,1
City Hotel,0,49,2017,June,25,23,0,2,2,0.0,0,SC,GBR,Online TA,TA/TO,0,0,0,A,A,0,No Deposit,9.0,0,Transient,130.0,0,1
City Hotel,0,269,2017,June,25,22,0,3,2,0.0,0,BB,ESP,Online TA,TA/TO,0,0,0,A,A,0,No Deposit,9.0,0,Transient,117.0,0,1
City Hotel,0,269,2017,June,25,22,0,3,2,0.0,0,BB,ESP,Online TA,TA/TO,0,0,0,A,A,0,No Deposit,9.0,0,Transient,117.0,0,1
City Hotel,0,269,2017,June,25,22,0,3,2,0.0,0,BB,ESP,Online TA,TA/TO,0,0,0,A,A,0,No Deposit,9.0,0,Transient,117.0,0,1
City Hotel,0,199,2017,June,25,23,0,2,2,0.0,0,BB,GBR,Offline TA/TO,TA/TO,0,0,0,A,A,0,No Deposit,42.0,0,Transient,89.1,0,1
City Hotel,0,166,2017,June,25,22,0,3,2,0.0,0,BB,FRA,Online TA,TA/TO,0,0,0,D,D,0,No Deposit,9.0,0,Transient,130.5,0,0
City Hotel,0,268,2017,June,25,22,0,3,2,0.0,0,BB,BEL,Online TA,TA/TO,0,0,0,A,A,0,No Deposit,9.0,0,Transient,117.0,0,2
City Hotel,0,4,2017,June,25,24,0,1,2,0.0,0,BB,PRT,Complementary,Direct,0,0,0,A,D,0,No Deposit,,0,Transient,0.0,0,1
City Hotel,0,109,2017,June,25,22,0,3,2,0.0,0,BB,PRT,Direct,Direct,0,0,0,A,A,0,No Deposit,14.0,0,Transient,108.0,0,2
City Hotel,0,219,2017,June,25,20,0,5,2,0.0,0,BB,DEU,Online TA,TA/TO,0,0,0,D,D,0,No Deposit,9.0,0,Transient,130.5,0,2
City Hotel,0,197,2017,June,25,22,0,3,2,0.0,0,BB,DEU,Online TA,TA/TO,0,0,0,A,A,0,No Deposit,7.0,0,Transient,85.59,0,1
City Hotel,0,113,2017,June,25,21,0,4,2,0.0,0,BB,DEU,Online TA,TA/TO,0,0,0,A,A,0,No Deposit,9.0,0,Transient,126.0,0,0
City Hotel,0,55,2017,June,25,23,0,2,2,0.0,0,SC,NOR,Online TA,TA/TO,0,0,0,A,D,1,No Deposit,9.0,0,Transient-Party,130.0,0,1
City Hotel,0,39,2017,June,25,23,0,2,2,0.0,0,SC,GBR,Online TA,TA/TO,0,0,0,A,A,0,No Deposit,7.0,0,Transient,128.0,0,1
City Hotel,0,6,2017,June,25,23,0,2,2,0.0,0,SC,DEU,Online TA,TA/TO,0,0,0,A,A,0,No Deposit,9.0,0,Transient,169.0,0,2
City Hotel,0,186,2017,June,25,22,0,3,2,0.0,0,HB,FRA,Online TA,TA/TO,0,0,0,D,D,0,No Deposit,9.0,0,Transient,166.5,0,2
City Hotel,0,186,2017,June,25,22,0,3,2,0.0,0,HB,FRA,Online TA,TA/TO,0,0,0,D,D,0,No Deposit,9.0,0,Transient,166.5,0,2
City Hotel,0,57,2017,June,25,20,0,5,2,0.0,0,BB,EST,Online TA,TA/TO,0,0,0,A,A,1,No Deposit,9.0,0,Transient,156.0,0,1
City Hotel,0,160,2017,June,25,22,0,3,2,0.0,0,SC,BEL,Online TA,TA/TO,0,0,0,A,A,0,No Deposit,9.0,0,Transient,99.0,0,0
City Hotel,0,1,2017,June,25,24,0,1,2,0.0,0,SC,DEU,Online TA,TA/TO,0,0,0,A,A,0,No Deposit,9.0,0,Transient,160.0,0,1
City Hotel,0,144,2017,June,25,22,0,3,2,0.0,0,BB,DEU,Online TA,TA/TO,0,0,0,D,D,2,No Deposit,9.0,0,Transient,126.0,0,2
City Hotel,0,38,2017,June,25,21,0,4,2,0.0,0,BB,HUN,Online TA,TA/TO,0,0,0,D,D,0,No Deposit,9.0,0,Transient,170.0,0,2
City Hotel,0,126,2017,June,25,23,0,2,2,0.0,0,BB,DEU,Online TA,TA/TO,0,0,0,A,A,0,No Deposit,9.0,0,Transient-Party,117.0,0,0
City Hotel,0,126,2017,June,25,23,0,2,2,0.0,0,BB,DEU,Online TA,TA/TO,0,0,0,A,A,0,No Deposit,9.0,0,Transient-Party,117.0,0,0
City Hotel,0,126,2017,June,25,23,0,2,2,0.0,0,BB,DEU,Online TA,TA/TO,0,0,0,A,A,0,No Deposit,9.0,0,Transient-Party,117.0,0,0
City Hotel,0,152,2017,June,25,21,0,4,2,0.0,0,BB,FRA,Online TA,TA/TO,0,0,0,A,A,0,No Deposit,9.0,0,Transient,117.0,0,2
City Hotel,0,115,2017,June,25,23,0,2,2,0.0,0,SC,GBR,Online TA,TA/TO,0,0,0,A,A,0,No Deposit,9.0,0,Transient,108.0,0,2
City Hotel,0,31,2017,June,25,19,1,5,2,0.0,0,BB,HRV,Online TA,TA/TO,0,0,0,D,D,0,No Deposit,,0,Transient,126.0,0,1
City Hotel,0,136,2017,June,25,22,0,3,2,0.0,0,BB,GBR,Direct,Direct,0,0,0,D,D,0,No Deposit,14.0,0,Transient,121.5,0,0
City Hotel,0,136,2017,June,25,22,0,3,2,0.0,0,BB,GBR,Direct,Direct,0,0,0,D,D,0,No Deposit,14.0,0,Transient,121.5,0,0
City Hotel,0,116,2017,June,25,22,0,3,2,0.0,0,SC,SWE,Online TA,TA/TO,0,0,0,A,A,0,No Deposit,9.0,0,Transient,99.0,0,2
City Hotel,0,175,2017,June,25,22,0,3,2,0.0,0,HB,FRA,Online TA,TA/TO,0,0,0,D,D,0,No Deposit,9.0,0,Transient,166.5,0,0
City Hotel,0,115,2017,June,25,23,0,2,2,0.0,0,SC,GBR,Online TA,TA/TO,0,0,0,A,A,3,No Deposit,9.0,0,Transient,108.0,0,2
City Hotel,0,221,2017,June,25,23,0,2,2,0.0,0,BB,PRT,Offline TA/TO,TA/TO,0,0,0,A,A,0,No Deposit,138.0,0,Transient,89.1,0,2
City Hotel,0,186,2017,June,25,22,0,3,2,0.0,0,HB,FRA,Online TA,TA/TO,0,0,0,D,D,0,No Deposit,9.0,0,Transient,166.5,0,2
City Hotel,0,58,2017,June,25,21,0,4,2,0.0,0,SC,NLD,Online TA,TA/TO,0,0,0,A,A,0,No Deposit,9.0,0,Transient,135.0,0,1
City Hotel,0,58,2017,June,25,21,0,4,2,0.0,0,SC,NLD,Online TA,TA/TO,0,0,0,A,A,0,No Deposit,9.0,0,Transient,135.0,0,1
City Hotel,0,103,2017,June,25,21,0,4,2,0.0,0,SC,GBR,Online TA,TA/TO,0,0,0,A,A,0,No Deposit,7.0,0,Transient,97.2,0,1
City Hotel,0,8,2017,June,25,23,0,2,2,0.0,0,SC,FRA,Online TA,TA/TO,0,0,0,A,A,0,No Deposit,9.0,0,Transient,160.0,0,1
City Hotel,0,57,2017,June,25,20,0,5,2,0.0,0,BB,EST,Online TA,TA/TO,0,0,0,A,A,1,No Deposit,9.0,0,Transient,156.0,0,1
City Hotel,0,37,2017,June,25,20,0,5,2,0.0,0,BB,USA,Online TA,TA/TO,0,0,0,D,D,0,No Deposit,9.0,0,Transient,170.0,0,1
City Hotel,0,44,2017,June,24,17,2,6,2,0.0,0,SC,DEU,Online TA,TA/TO,0,0,0,A,A,0,No Deposit,7.0,0,Transient,100.7,0,1
City Hotel,0,3,2017,June,25,23,0,2,2,0.0,0,BB,PRT,Online TA,TA/TO,0,0,0,A,A,0,No Deposit,425.0,0,Transient,147.6,0,0
City Hotel,0,51,2017,June,26,25,1,0,2,0.0,0,SC,FRA,Online TA,TA/TO,0,0,0,A,A,0,No Deposit,9.0,0,Transient,120.0,0,1
City Hotel,0,62,2017,June,26,25,1,0,2,0.0,0,SC,GBR,Online TA,TA/TO,0,0,0,A,A,0,No Deposit,9.0,0,Transient,120.0,0,2
City Hotel,0,54,2017,June,25,23,1,2,2,0.0,0,SC,AUS,Online TA,TA/TO,0,0,0,A,A,0,No Deposit,9.0,0,Transient,126.67,0,1
City Hotel,0,55,2017,June,26,25,1,0,2,0.0,0,SC,BRA,Online TA,TA/TO,0,0,0,A,A,0,No Deposit,9.0,0,Transient,120.0,0,1
City Hotel,0,55,2017,June,26,25,1,0,2,0.0,0,SC,BRA,Online TA,TA/TO,0,0,0,A,A,0,No Deposit,9.0,0,Transient,120.0,0,1
City Hotel,0,173,2017,June,25,22,1,3,2,0.0,0,BB,USA,Direct,Direct,0,0,0,E,E,4,No Deposit,14.0,0,Transient,140.0,0,0
City Hotel,0,220,2017,June,25,21,1,4,2,0.0,0,SC,GBR,Online TA,TA/TO,0,0,0,A,D,2,No Deposit,7.0,0,Transient,76.24,0,1
City Hotel,0,184,2017,June,25,23,1,2,2,0.0,0,BB,BEL,Offline TA/TO,TA/TO,0,0,0,A,A,0,No Deposit,6.0,0,Transient,89.1,0,1
City Hotel,0,184,2017,June,25,23,1,2,2,0.0,0,BB,BEL,Offline TA/TO,TA/TO,0,0,0,A,A,0,No Deposit,6.0,0,Transient,89.1,0,0
City Hotel,0,220,2017,June,25,21,1,4,2,0.0,0,SC,GBR,Online TA,TA/TO,0,0,0,A,A,0,No Deposit,7.0,0,Transient,76.24,0,1
City Hotel,0,44,2017,June,25,19,2,5,2,0.0,0,BB,NOR,Online TA,TA/TO,0,0,0,A,A,0,No Deposit,7.0,0,Transient,112.91,0,1
City Hotel,0,54,2017,June,25,24,1,1,2,0.0,0,SC,DEU,Online TA,TA/TO,0,0,0,A,A,0,No Deposit,9.0,0,Transient,120.0,0,1
City Hotel,0,215,2017,June,25,21,1,4,2,0.0,0,SC,GBR,Online TA,TA/TO,0,0,0,A,A,0,No Deposit,7.0,0,Transient,76.24,0,0
City Hotel,0,56,2017,June,25,20,1,5,2,0.0,0,BB,RUS,Online TA,TA/TO,0,0,0,D,D,0,No Deposit,9.0,0,Transient,163.33,0,1
City Hotel,0,127,2017,June,25,23,1,2,2,0.0,0,BB,DEU,Online TA,TA/TO,0,0,0,D,D,0,No Deposit,9.0,0,Transient,126.0,0,0
City Hotel,0,127,2017,June,25,23,1,2,2,0.0,0,BB,DEU,Online TA,TA/TO,0,0,0,D,D,0,No Deposit,9.0,0,Transient,126.0,0,0
City Hotel,0,150,2017,June,25,19,2,5,2,0.0,0,BB,DEU,Online TA,TA/TO,0,0,0,A,A,0,No Deposit,7.0,0,Transient,85.59,0,3
City Hotel,0,171,2017,June,25,19,2,5,2,0.0,0,BB,IRL,Online TA,TA/TO,0,0,0,D,D,0,No Deposit,9.0,0,Transient,130.5,0,3
City Hotel,0,171,2017,June,25,19,2,5,2,0.0,0,BB,IRL,Online TA,TA/TO,0,0,0,D,D,0,No Deposit,9.0,0,Transient,130.5,0,2
City Hotel,0,123,2017,June,25,22,1,3,2,0.0,0,BB,CHE,Online TA,TA/TO,0,0,0,E,E,0,No Deposit,9.0,0,Transient,153.0,0,0
City Hotel,0,11,2017,June,25,24,1,1,2,0.0,0,BB,PRT,Direct,Direct,0,0,0,A,A,2,No Deposit,14.0,0,Transient,72.0,0,0
City Hotel,0,195,2017,June,25,22,1,3,2,0.0,0,BB,CN,Online TA,TA/TO,0,0,0,A,A,0,No Deposit,7.0,0,Transient,90.09,0,4
City Hotel,0,46,2017,June,25,24,1,1,2,0.0,0,BB,DEU,Online TA,TA/TO,0,0,0,A,A,0,No Deposit,9.0,0,Transient,150.0,0,1
City Hotel,0,122,2017,June,26,26,1,5,2,0.0,0,BB,CHE,Online TA,TA/TO,0,0,0,D,D,1,No Deposit,9.0,0,Transient,124.35,0,0
City Hotel,0,263,2017,June,25,23,2,2,2,0.0,0,BB,PRT,Groups,TA/TO,0,0,0,A,A,0,No Deposit,37.0,0,Transient-Party,105.0,0,1
City Hotel,0,107,2017,June,25,24,2,1,2,0.0,0,SC,TWN,Online TA,TA/TO,0,0,0,A,A,0,No Deposit,9.0,0,Transient,108.0,0,0
City Hotel,0,124,2017,June,26,25,2,0,2,0.0,0,BB,CHE,Online TA,TA/TO,0,0,0,E,E,0,No Deposit,9.0,0,Transient,153.0,0,0
City Hotel,0,396,2017,June,26,25,2,0,2,0.0,0,HB,BEL,Offline TA/TO,TA/TO,0,0,0,A,A,0,No Deposit,6.0,0,Transient-Party,122.4,0,1
City Hotel,0,263,2017,June,25,23,2,2,2,0.0,0,BB,PRT,Groups,TA/TO,0,0,0,A,A,0,No Deposit,37.0,0,Transient-Party,105.0,0,1
City Hotel,0,263,2017,June,25,23,2,2,2,0.0,0,BB,PRT,Groups,TA/TO,0,0,0,A,A,0,No Deposit,37.0,0,Transient-Party,105.0,0,1
City Hotel,0,263,2017,June,25,23,2,2,2,0.0,0,BB,PRT,Groups,TA/TO,0,0,0,A,A,0,No Deposit,37.0,0,Transient-Party,105.0,0,1
City Hotel,0,263,2017,June,25,23,2,2,2,0.0,0,BB,PRT,Groups,TA/TO,0,0,0,A,A,2,No Deposit,37.0,0,Transient-Party,105.0,0,1
City Hotel,0,263,2017,June,25,23,2,2,2,0.0,0,BB,PRT,Groups,TA/TO,0,0,0,A,A,0,No Deposit,37.0,0,Transient-Party,105.0,0,1
City Hotel,0,322,2017,June,25,23,2,2,2,0.0,0,BB,PRT,Groups,TA/TO,0,0,0,A,A,3,No Deposit,37.0,59,Transient-Party,105.0,0,3
City Hotel,0,263,2017,June,25,23,2,2,2,0.0,0,BB,PRT,Groups,TA/TO,0,0,0,A,A,0,No Deposit,37.0,0,Transient-Party,105.0,0,1
City Hotel,0,396,2017,June,26,25,2,0,2,0.0,0,HB,PRT,Offline TA/TO,TA/TO,0,0,0,A,A,0,No Deposit,6.0,0,Transient-Party,122.4,0,1
City Hotel,0,263,2017,June,25,23,2,2,2,0.0,0,BB,PRT,Groups,TA/TO,0,0,0,A,A,0,No Deposit,37.0,0,Transient-Party,105.0,0,1
City Hotel,0,263,2017,June,25,23,2,2,2,0.0,0,BB,PRT,Groups,TA/TO,0,0,0,A,A,0,No Deposit,37.0,0,Transient-Party,105.0,0,2
City Hotel,0,263,2017,June,25,23,2,2,2,0.0,0,BB,PRT,Groups,TA/TO,0,0,0,A,A,0,No Deposit,37.0,0,Transient-Party,105.0,0,1
City Hotel,0,263,2017,June,25,23,2,2,2,0.0,0,BB,ISR,Groups,TA/TO,0,0,0,A,A,0,No Deposit,37.0,0,Transient-Party,105.0,0,1
City Hotel,0,263,2017,June,25,23,2,2,2,0.0,0,BB,PRT,Groups,TA/TO,0,0,0,A,A,0,No Deposit,37.0,0,Transient-Party,105.0,0,1
City Hotel,0,263,2017,June,25,23,2,2,2,0.0,0,BB,PRT,Groups,TA/TO,0,0,0,A,A,0,No Deposit,37.0,0,Transient-Party,105.0,0,1
City Hotel,0,311,2017,June,26,25,2,2,2,0.0,0,SC,GBR,Online TA,TA/TO,0,0,0,A,A,3,No Deposit,9.0,0,Transient,99.0,0,0
City Hotel,0,396,2017,June,26,25,2,0,2,0.0,0,HB,DEU,Offline TA/TO,TA/TO,0,0,0,A,A,0,No Deposit,6.0,0,Transient-Party,122.4,0,1
City Hotel,0,263,2017,June,25,23,2,2,2,0.0,0,BB,PRT,Groups,TA/TO,0,0,0,A,A,0,No Deposit,37.0,0,Transient-Party,105.0,0,1
City Hotel,0,72,2017,June,26,26,1,0,2,0.0,0,BB,USA,Direct,Direct,0,0,0,E,E,0,No Deposit,14.0,0,Transient,175.0,0,0
City Hotel,0,396,2017,June,26,25,2,0,2,0.0,0,HB,DEU,Offline TA/TO,TA/TO,0,0,0,A,A,0,No Deposit,6.0,0,Transient-Party,122.4,0,1
City Hotel,0,396,2017,June,26,25,2,0,2,0.0,0,HB,DEU,Offline TA/TO,TA/TO,0,0,0,A,A,0,No Deposit,6.0,0,Transient-Party,122.4,0,1
City Hotel,0,396,2017,June,26,25,2,0,2,0.0,0,HB,DEU,Offline TA/TO,TA/TO,0,0,0,A,A,0,No Deposit,6.0,0,Transient-Party,122.4,0,1
City Hotel,0,396,2017,June,26,25,2,0,2,0.0,0,HB,DEU,Offline TA/TO,TA/TO,0,0,0,A,A,0,No Deposit,6.0,0,Transient-Party,122.4,0,1
City Hotel,0,396,2017,June,26,25,2,0,2,0.0,0,HB,DEU,Offline TA/TO,TA/TO,0,0,0,A,A,0,No Deposit,6.0,0,Transient-Party,122.4,0,1
City Hotel,0,396,2017,June,26,25,2,0,2,0.0,0,HB,DEU,Offline TA/TO,TA/TO,0,0,0,A,A,3,No Deposit,6.0,0,Transient-Party,122.4,0,1
City Hotel,0,396,2017,June,26,25,2,0,2,0.0,0,HB,DEU,Offline TA/TO,TA/TO,0,0,0,A,A,0,No Deposit,6.0,0,Transient-Party,122.4,0,1
City Hotel,0,396,2017,June,26,25,2,0,2,0.0,0,HB,PRT,Offline TA/TO,TA/TO,0,0,0,A,A,0,No Deposit,6.0,0,Transient-Party,122.4,0,1
City Hotel,0,396,2017,June,26,25,2,0,2,0.0,0,HB,DEU,Offline TA/TO,TA/TO,0,0,0,A,A,0,No Deposit,6.0,0,Transient-Party,122.4,0,1
City Hotel,0,396,2017,June,26,25,2,0,2,0.0,0,HB,DEU,Offline TA/TO,TA/TO,0,0,0,A,A,0,No Deposit,6.0,0,Transient-Party,122.4,0,1
City Hotel,0,396,2017,June,26,25,2,0,2,0.0,0,HB,DEU,Offline TA/TO,TA/TO,0,0,0,A,A,0,No Deposit,6.0,0,Transient-Party,122.4,0,1
City Hotel,0,396,2017,June,26,25,2,0,2,0.0,0,HB,DEU,Offline TA/TO,TA/TO,0,0,0,A,A,0,No Deposit,6.0,0,Transient-Party,122.4,0,1
City Hotel,0,396,2017,June,26,25,2,0,2,0.0,0,HB,PRT,Offline TA/TO,TA/TO,0,0,0,A,A,0,No Deposit,6.0,0,Transient-Party,122.4,0,1
City Hotel,0,396,2017,June,26,25,2,0,2,0.0,0,HB,DEU,Offline TA/TO,TA/TO,0,0,0,A,A,0,No Deposit,6.0,0,Transient-Party,122.4,0,1
City Hotel,0,177,2017,June,25,24,2,1,2,0.0,0,BB,USA,Online TA,TA/TO,0,0,0,D,D,4,No Deposit,9.0,0,Transient,130.5,0,3
City Hotel,0,130,2017,June,25,24,2,1,2,0.0,0,BB,USA,Direct,Direct,0,0,0,D,D,0,No Deposit,,0,Transient,130.5,0,4
City Hotel,0,396,2017,June,26,25,2,0,2,0.0,0,HB,PRT,Offline TA/TO,TA/TO,0,0,0,A,A,0,No Deposit,6.0,0,Transient-Party,122.4,0,1
City Hotel,0,396,2017,June,26,25,2,0,2,0.0,0,HB,DEU,Offline TA/TO,TA/TO,0,0,0,A,A,0,No Deposit,6.0,0,Transient-Party,122.4,0,1
City Hotel,0,396,2017,June,26,25,2,0,2,0.0,0,HB,DEU,Offline TA/TO,TA/TO,0,0,0,A,A,0,No Deposit,6.0,0,Transient-Party,122.4,0,1
City Hotel,0,396,2017,June,26,25,2,0,2,0.0,0,HB,PRT,Offline TA/TO,TA/TO,0,0,0,A,A,0,No Deposit,6.0,0,Transient-Party,122.4,0,1
City Hotel,0,396,2017,June,26,25,2,0,2,0.0,0,HB,DEU,Offline TA/TO,TA/TO,0,0,0,A,A,0,No Deposit,6.0,0,Transient-Party,122.4,0,1
City Hotel,0,396,2017,June,26,25,2,0,2,0.0,0,HB,DEU,Offline TA/TO,TA/TO,0,0,0,A,A,0,No Deposit,6.0,0,Transient-Party,122.4,0,1
City Hotel,0,396,2017,June,26,25,2,0,2,0.0,0,HB,PRT,Offline TA/TO,TA/TO,0,0,0,A,A,0,No Deposit,6.0,0,Transient-Party,122.4,0,1
City Hotel,0,396,2017,June,26,25,2,0,2,0.0,0,HB,DEU,Offline TA/TO,TA/TO,0,0,0,A,A,0,No Deposit,6.0,0,Transient-Party,122.4,0,1
City Hotel,0,396,2017,June,26,25,2,0,2,0.0,0,HB,DEU,Offline TA/TO,TA/TO,0,0,0,A,A,0,No Deposit,6.0,0,Transient-Party,122.4,0,1
City Hotel,0,396,2017,June,26,25,2,0,2,0.0,0,HB,DEU,Offline TA/TO,TA/TO,0,0,0,A,A,0,No Deposit,6.0,0,Transient-Party,122.4,0,1
City Hotel,0,396,2017,June,26,25,2,0,2,0.0,0,HB,DEU,Offline TA/TO,TA/TO,0,0,0,A,A,0,No Deposit,6.0,0,Transient-Party,122.4,0,1
City Hotel,0,396,2017,June,26,25,2,0,2,0.0,0,HB,DEU,Offline TA/TO,TA/TO,0,0,0,A,A,0,No Deposit,6.0,0,Transient-Party,122.4,0,1
City Hotel,0,125,2017,June,25,24,2,1,2,0.0,0,BB,FRA,Online TA,TA/TO,0,0,0,D,D,0,No Deposit,9.0,0,Transient-Party,126.0,0,0
City Hotel,0,396,2017,June,26,25,2,0,2,0.0,0,HB,DEU,Offline TA/TO,TA/TO,0,0,0,A,A,0,No Deposit,6.0,0,Transient-Party,122.4,0,1
City Hotel,0,396,2017,June,26,25,2,0,2,0.0,0,HB,DEU,Offline TA/TO,TA/TO,0,0,0,A,A,0,No Deposit,6.0,0,Transient-Party,122.4,0,1
City Hotel,0,396,2017,June,26,25,2,0,2,0.0,0,HB,PRT,Offline TA/TO,TA/TO,0,0,0,A,A,0,No Deposit,6.0,0,Transient-Party,122.4,0,1
City Hotel,0,396,2017,June,26,25,2,0,2,0.0,0,HB,DEU,Offline TA/TO,TA/TO,0,0,0,A,A,0,No Deposit,6.0,0,Transient-Party,122.4,0,1
City Hotel,0,396,2017,June,26,25,2,0,2,0.0,0,HB,DEU,Offline TA/TO,TA/TO,0,0,0,A,A,0,No Deposit,6.0,0,Transient-Party,122.4,0,1
City Hotel,0,396,2017,June,26,25,2,0,2,0.0,0,HB,DEU,Offline TA/TO,TA/TO,0,0,0,A,A,0,No Deposit,6.0,0,Transient-Party,122.4,0,1
City Hotel,0,396,2017,June,26,25,2,0,2,0.0,0,HB,DEU,Offline TA/TO,TA/TO,0,0,0,A,A,0,No Deposit,6.0,0,Transient-Party,122.4,0,1
City Hotel,0,80,2017,June,26,26,1,0,2,0.0,0,HB,IRL,Direct,Direct,0,0,0,D,F,0,No Deposit,,0,Transient,185.0,0,2
City Hotel,0,158,2017,June,25,24,2,1,2,0.0,0,BB,GBR,Direct,Direct,0,0,0,D,D,0,No Deposit,14.0,0,Transient,118.13,0,0
City Hotel,0,396,2017,June,26,25,2,0,2,0.0,0,HB,PRT,Offline TA/TO,TA/TO,0,0,0,A,A,0,No Deposit,6.0,0,Transient-Party,122.4,0,1
City Hotel,0,396,2017,June,26,25,2,0,2,0.0,0,HB,PRT,Offline TA/TO,TA/TO,0,0,0,A,A,0,No Deposit,6.0,0,Transient-Party,122.4,0,1
City Hotel,0,396,2017,June,26,25,2,0,2,0.0,0,HB,DEU,Offline TA/TO,TA/TO,0,0,0,A,A,0,No Deposit,6.0,0,Transient-Party,122.4,0,1
City Hotel,0,13,2017,June,26,25,2,0,2,0.0,0,BB,FRA,Direct,Direct,0,0,0,D,D,0,No Deposit,14.0,0,Transient,185.0,0,1
City Hotel,0,396,2017,June,26,25,2,0,2,0.0,0,HB,DEU,Offline TA/TO,TA/TO,0,0,0,A,A,0,No Deposit,6.0,0,Transient-Party,122.4,0,1
City Hotel,0,396,2017,June,26,25,2,0,2,0.0,0,HB,DEU,Offline TA/TO,TA/TO,0,0,0,A,A,0,No Deposit,6.0,0,Transient-Party,122.4,0,1
City Hotel,0,396,2017,June,26,25,2,0,2,0.0,0,HB,DEU,Offline TA/TO,TA/TO,0,0,0,A,A,0,No Deposit,6.0,0,Transient-Party,122.4,0,1
City Hotel,0,396,2017,June,26,25,2,0,2,0.0,0,HB,DEU,Offline TA/TO,TA/TO,0,0,0,A,A,0,No Deposit,6.0,0,Transient-Party,122.4,0,1
City Hotel,0,396,2017,June,26,25,2,0,2,0.0,0,HB,DEU,Offline TA/TO,TA/TO,0,0,0,A,A,0,No Deposit,6.0,0,Transient-Party,122.4,0,1
City Hotel,0,396,2017,June,26,25,2,0,2,0.0,0,HB,DEU,Offline TA/TO,TA/TO,0,0,0,A,A,0,No Deposit,6.0,0,Transient-Party,122.4,0,1
City Hotel,0,163,2017,June,25,23,2,2,2,0.0,0,BB,IRL,Online TA,TA/TO,0,0,0,D,D,0,No Deposit,9.0,0,Transient-Party,130.5,0,2
City Hotel,0,163,2017,June,25,23,2,2,2,0.0,0,BB,IRL,Online TA,TA/TO,0,0,0,D,D,0,No Deposit,9.0,0,Transient-Party,130.5,0,2
City Hotel,0,396,2017,June,26,25,2,0,2,0.0,0,HB,DEU,Offline TA/TO,TA/TO,0,0,0,A,A,0,No Deposit,6.0,0,Transient-Party,122.4,0,1
City Hotel,0,396,2017,June,26,25,2,0,2,0.0,0,HB,PRT,Offline TA/TO,TA/TO,0,0,0,A,A,0,No Deposit,6.0,0,Transient-Party,122.4,0,1
City Hotel,0,396,2017,June,26,25,2,0,2,0.0,0,HB,DEU,Offline TA/TO,TA/TO,0,0,0,A,A,0,No Deposit,6.0,0,Transient-Party,122.4,0,1
City Hotel,0,396,2017,June,26,25,2,0,2,0.0,0,HB,DEU,Offline TA/TO,TA/TO,0,0,0,A,A,0,No Deposit,6.0,0,Transient-Party,122.4,0,1
City Hotel,0,396,2017,June,26,25,2,0,2,0.0,0,HB,DEU,Offline TA/TO,TA/TO,0,0,0,A,A,0,No Deposit,6.0,0,Transient-Party,122.4,0,1
City Hotel,0,396,2017,June,26,25,2,0,2,0.0,0,HB,DEU,Offline TA/TO,TA/TO,0,0,0,A,A,0,No Deposit,6.0,0,Transient-Party,122.4,0,1
City Hotel,0,124,2017,June,25,23,2,2,2,0.0,0,BB,BEL,Online TA,TA/TO,0,0,0,D,D,0,No Deposit,9.0,0,Transient,126.0,0,1
City Hotel,0,396,2017,June,26,25,2,0,2,0.0,0,HB,PRT,Offline TA/TO,TA/TO,0,0,0,A,A,0,No Deposit,6.0,0,Transient-Party,122.4,0,1
City Hotel,0,396,2017,June,26,25,2,0,2,0.0,0,HB,DEU,Offline TA/TO,TA/TO,0,0,0,A,A,0,No Deposit,6.0,0,Transient-Party,122.4,0,1
City Hotel,0,188,2017,June,26,25,2,0,2,0.0,0,BB,ISR,Online TA,TA/TO,0,0,0,D,D,2,No Deposit,9.0,0,Transient,137.75,0,2
City Hotel,0,93,2017,June,25,22,2,3,2,0.0,0,BB,DEU,Groups,TA/TO,0,0,0,A,A,0,No Deposit,21.0,0,Transient-Party,85.0,0,0
City Hotel,0,263,2017,June,25,23,2,2,2,0.0,0,BB,PRT,Groups,TA/TO,0,0,0,A,A,0,No Deposit,37.0,0,Transient-Party,105.0,0,1
City Hotel,0,263,2017,June,25,23,2,2,2,0.0,0,BB,PRT,Groups,TA/TO,0,0,0,A,A,0,No Deposit,37.0,0,Transient-Party,105.0,0,1
City Hotel,0,3,2017,June,26,26,1,0,2,0.0,0,BB,SWE,Corporate,Corporate,0,0,0,A,A,1,No Deposit,,0,Transient-Party,100.0,0,0
City Hotel,0,93,2017,June,25,22,2,3,2,0.0,0,BB,DEU,Groups,TA/TO,0,0,0,A,A,0,No Deposit,21.0,0,Transient-Party,85.0,0,0
City Hotel,0,93,2017,June,25,22,2,3,2,0.0,0,BB,DEU,Groups,TA/TO,0,0,0,A,A,0,No Deposit,21.0,0,Transient-Party,85.0,0,0
City Hotel,0,93,2017,June,25,22,2,3,2,0.0,0,BB,DEU,Groups,TA/TO,0,0,0,A,A,0,No Deposit,21.0,0,Transient-Party,85.0,0,0
City Hotel,0,93,2017,June,25,22,2,3,2,0.0,0,BB,DEU,Groups,TA/TO,0,0,0,A,A,0,No Deposit,21.0,0,Transient-Party,85.0,0,0
City Hotel,0,93,2017,June,25,22,2,3,2,0.0,0,BB,DEU,Groups,TA/TO,0,0,0,A,A,0,No Deposit,21.0,0,Transient-Party,85.0,0,0
City Hotel,0,93,2017,June,25,22,2,3,2,0.0,0,BB,DEU,Groups,TA/TO,0,0,0,A,A,0,No Deposit,21.0,0,Transient-Party,85.0,0,0
City Hotel,0,62,2017,June,26,25,2,0,2,0.0,0,BB,GBR,Online TA,TA/TO,0,0,0,D,D,2,No Deposit,9.0,0,Transient,150.0,0,1
City Hotel,0,396,2017,June,26,25,2,0,2,0.0,0,HB,DEU,Offline TA/TO,TA/TO,0,0,0,A,A,0,No Deposit,6.0,0,Transient-Party,122.4,0,1
City Hotel,0,278,2017,June,25,24,2,1,2,0.0,0,HB,ESP,Online TA,TA/TO,0,0,0,A,A,0,No Deposit,9.0,0,Transient,151.2,0,2
City Hotel,0,396,2017,June,26,25,2,0,2,0.0,0,HB,PRT,Offline TA/TO,TA/TO,0,0,0,A,G,1,No Deposit,6.0,0,Transient-Party,186.4,0,1
City Hotel,0,93,2017,June,25,22,2,3,2,0.0,0,BB,DEU,Groups,TA/TO,0,0,0,A,A,0,No Deposit,21.0,0,Transient-Party,85.0,0,0
City Hotel,0,4,2017,June,25,23,2,3,2,0.0,0,BB,DEU,Online TA,TA/TO,0,0,0,A,A,0,No Deposit,423.0,0,Transient,141.04,0,0
City Hotel,0,42,2017,June,26,27,0,1,2,0.0,0,SC,DEU,Online TA,TA/TO,0,0,0,A,A,0,No Deposit,9.0,0,Transient,98.0,0,1
City Hotel,0,231,2017,June,26,27,0,1,2,0.0,0,BB,CN,Offline TA/TO,TA/TO,0,0,0,A,A,0,No Deposit,262.0,0,Transient,89.1,0,0
City Hotel,0,98,2017,June,26,26,1,1,2,0.0,0,BB,GBR,Online TA,TA/TO,0,0,0,A,A,0,No Deposit,9.0,0,Transient,117.0,0,0
City Hotel,0,31,2017,June,26,25,2,1,2,0.0,0,BB,MEX,Online TA,TA/TO,0,0,0,D,D,0,No Deposit,9.0,0,Transient,166.33,0,1
City Hotel,0,157,2017,June,25,20,2,6,2,0.0,0,BB,IRL,Online TA,TA/TO,0,0,0,D,D,0,No Deposit,9.0,0,Transient,127.8,0,1
City Hotel,0,105,2017,June,26,27,0,1,2,0.0,0,HB,GBR,Direct,Direct,0,0,0,D,D,0,No Deposit,14.0,0,Transient,185.0,0,2
City Hotel,0,25,2017,June,26,27,0,1,2,0.0,0,BB,PAK,Corporate,Corporate,0,0,0,A,A,0,No Deposit,,0,Transient-Party,100.0,0,0
City Hotel,0,169,2017,June,26,26,1,1,2,0.0,0,SC,ITA,Online TA,TA/TO,0,0,0,A,D,0,No Deposit,9.0,0,Transient,99.0,0,1
City Hotel,0,169,2017,June,26,26,1,1,2,0.0,0,SC,ITA,Online TA,TA/TO,0,0,0,A,D,0,No Deposit,9.0,0,Transient,99.0,0,1
City Hotel,0,0,2017,June,26,27,0,1,2,0.0,0,SC,PRT,Online TA,TA/TO,0,0,0,A,A,0,No Deposit,9.0,0,Transient,102.0,0,1
City Hotel,0,25,2017,June,26,27,0,1,2,0.0,0,BB,FRA,Corporate,Corporate,0,0,0,A,A,0,No Deposit,,0,Transient-Party,100.0,0,0
City Hotel,0,2,2017,June,26,26,1,1,2,0.0,0,SC,AUT,Online TA,TA/TO,0,0,0,A,D,0,No Deposit,9.0,0,Transient,149.0,0,0
City Hotel,0,22,2017,June,26,27,0,1,2,0.0,0,SC,USA,Offline TA/TO,TA/TO,0,0,0,A,A,0,No Deposit,28.0,0,Transient,89.0,0,0
City Hotel,0,25,2017,June,26,27,0,1,2,0.0,0,BB,ESP,Corporate,Corporate,0,0,0,A,A,1,No Deposit,,0,Transient-Party,100.0,0,0
City Hotel,0,348,2017,June,26,25,2,1,2,0.0,0,BB,GBR,Online TA,TA/TO,0,0,0,D,D,0,No Deposit,9.0,0,Transient,123.3,0,2
City Hotel,0,203,2017,June,25,22,2,4,2,0.0,0,SC,BEL,Online TA,TA/TO,0,0,0,A,A,0,No Deposit,9.0,0,Transient,99.0,0,2
City Hotel,0,170,2017,June,25,24,2,2,2,0.0,0,BB,GBR,Online TA,TA/TO,0,0,0,D,D,0,No Deposit,9.0,0,Transient,130.5,0,0
City Hotel,0,31,2017,June,26,27,0,1,2,0.0,0,SC,ISR,Online TA,TA/TO,0,0,0,A,A,0,No Deposit,9.0,0,Transient,89.0,0,0
City Hotel,0,31,2017,June,26,27,0,1,2,0.0,0,SC,ISR,Online TA,TA/TO,0,0,0,A,A,0,No Deposit,9.0,0,Transient,89.0,0,0
City Hotel,0,0,2017,June,26,26,1,1,2,0.0,0,BB,PRT,Direct,Direct,0,0,0,A,D,1,No Deposit,,0,Transient,100.0,0,0
City Hotel,0,0,2017,July,28,10,1,0,2,0.0,0,BB,PRT,Direct,Direct,1,0,1,A,A,0,No Deposit,,0,Transient,85.0,0,0
City Hotel,0,25,2017,June,26,25,2,1,2,0.0,0,BB,FRA,Online TA,TA/TO,0,0,0,D,D,0,No Deposit,8.0,0,Transient,161.18,0,1
City Hotel,0,25,2017,June,26,27,0,1,2,0.0,0,BB,DEU,Corporate,Corporate,0,0,0,A,A,0,No Deposit,,0,Transient-Party,100.0,0,0
City Hotel,0,113,2017,June,26,26,1,1,2,0.0,0,BB,PRT,Online TA,TA/TO,0,0,0,D,F,0,No Deposit,8.0,0,Transient,135.0,0,0
City Hotel,0,172,2017,June,25,24,2,2,2,0.0,0,BB,DEU,Offline TA/TO,TA/TO,0,0,0,A,A,0,No Deposit,85.0,0,Transient,89.1,0,1
City Hotel,0,25,2017,June,26,27,0,1,2,0.0,0,BB,IND,Corporate,Corporate,0,0,0,A,A,1,No Deposit,,0,Transient-Party,100.0,0,0
City Hotel,0,25,2017,June,26,27,0,1,2,0.0,0,BB,MAR,Corporate,Corporate,0,0,0,A,A,0,No Deposit,,0,Transient-Party,100.0,0,0
City Hotel,0,168,2017,June,25,23,2,3,2,0.0,0,BB,GBR,Online TA,TA/TO,0,0,0,D,D,0,No Deposit,7.0,0,Transient,100.48,0,1
City Hotel,0,25,2017,June,26,27,0,1,2,0.0,0,BB,BEL,Corporate,Corporate,0,0,0,A,A,0,No Deposit,,0,Transient-Party,100.0,0,0
City Hotel,0,25,2017,June,26,27,0,1,2,0.0,0,BB,PRT,Corporate,Corporate,0,0,0,A,A,0,No Deposit,,0,Transient-Party,100.0,0,0
City Hotel,0,166,2017,June,25,21,2,5,2,0.0,0,BB,GBR,Direct,Direct,0,0,0,D,D,0,No Deposit,14.0,0,Transient,121.5,0,0
City Hotel,0,0,2017,June,26,27,0,1,2,0.0,0,SC,FRA,Online TA,TA/TO,0,0,0,A,A,0,No Deposit,9.0,0,Transient,102.0,0,0
City Hotel,0,186,2017,June,26,25,2,1,2,0.0,0,SC,GBR,Online TA,TA/TO,0,0,0,A,A,0,No Deposit,9.0,0,Transient,99.0,0,1
City Hotel,0,208,2017,June,26,25,2,1,2,0.0,0,BB,GBR,Direct,Direct,0,0,0,D,D,0,No Deposit,14.0,0,Transient,121.5,0,0
City Hotel,0,127,2017,June,26,26,1,1,2,0.0,0,SC,GBR,Online TA,TA/TO,0,0,0,A,E,0,No Deposit,9.0,0,Transient,99.0,0,0
City Hotel,0,25,2017,June,26,27,0,1,2,0.0,0,BB,CHN,Corporate,Corporate,0,0,0,A,A,0,No Deposit,,0,Transient-Party,100.0,0,0
City Hotel,0,49,2017,June,26,26,1,1,2,0.0,0,BB,DEU,Direct,Direct,0,0,0,D,D,0,No Deposit,14.0,0,Transient,130.5,0,2
City Hotel,0,62,2017,June,26,26,1,1,2,0.0,0,BB,CHE,Online TA,TA/TO,0,0,0,D,E,0,No Deposit,9.0,0,Transient,150.0,0,1
City Hotel,0,172,2017,June,25,24,2,2,2,0.0,0,BB,DEU,Offline TA/TO,TA/TO,0,0,0,A,A,0,No Deposit,85.0,0,Transient,89.1,0,1
City Hotel,0,0,2017,June,26,27,0,1,2,0.0,0,SC,CHN,Online TA,TA/TO,0,0,0,A,A,0,No Deposit,9.0,0,Transient,100.3,0,1
City Hotel,0,207,2017,June,25,24,2,2,2,0.0,0,SC,USA,Online TA,TA/TO,0,0,0,A,A,0,No Deposit,9.0,0,Transient,99.0,0,5
City Hotel,0,207,2017,June,25,24,2,2,2,0.0,0,SC,USA,Online TA,TA/TO,0,0,0,A,A,0,No Deposit,9.0,0,Transient,99.0,0,4
City Hotel,0,0,2017,June,26,28,0,1,2,0.0,0,SC,ESP,Online TA,TA/TO,0,0,0,A,A,0,No Deposit,9.0,0,Transient,120.0,0,1
City Hotel,0,307,2017,June,25,23,2,4,2,0.0,0,BB,SWE,Direct,Direct,0,0,0,A,A,0,No Deposit,14.0,0,Transient,108.0,0,0
City Hotel,0,124,2017,June,26,26,1,2,2,0.0,0,BB,DEU,Online TA,TA/TO,0,0,0,A,A,0,No Deposit,9.0,0,Transient,117.0,0,1
City Hotel,0,77,2017,June,26,27,0,2,2,0.0,0,SC,ITA,Online TA,TA/TO,0,0,0,A,A,0,No Deposit,9.0,0,Transient-Party,120.0,0,1
City Hotel,0,77,2017,June,26,27,0,2,2,0.0,0,SC,ITA,Online TA,TA/TO,0,0,0,A,A,0,No Deposit,9.0,0,Transient-Party,120.0,0,1
City Hotel,0,24,2017,June,26,26,1,2,2,0.0,0,BB,SWE,Corporate,Corporate,0,0,0,A,A,0,No Deposit,,0,Transient-Party,100.0,0,0
City Hotel,0,24,2017,June,26,26,1,2,2,0.0,0,BB,FRA,Corporate,Corporate,0,0,0,A,A,0,No Deposit,,0,Transient-Party,100.0,0,0
City Hotel,0,24,2017,June,26,26,1,2,2,0.0,0,BB,FRA,Corporate,Corporate,0,0,0,A,A,0,No Deposit,,0,Transient-Party,100.0,0,0
City Hotel,0,24,2017,June,26,26,1,2,2,0.0,0,BB,FRA,Corporate,Corporate,0,0,0,A,A,0,No Deposit,,0,Transient-Party,100.0,0,0
City Hotel,0,207,2017,June,26,26,1,2,2,0.0,0,SC,DEU,Online TA,TA/TO,0,0,0,A,A,0,No Deposit,9.0,0,Transient,108.0,0,1
City Hotel,0,30,2017,June,26,26,1,2,2,0.0,0,BB,AUT,Online TA,TA/TO,0,0,0,D,D,0,No Deposit,9.0,0,Transient,153.0,0,1
City Hotel,0,109,2017,June,25,22,2,5,2,0.0,0,BB,FIN,Online TA,TA/TO,0,0,0,E,E,0,No Deposit,9.0,0,Transient,162.0,0,0
City Hotel,0,53,2017,June,26,26,1,2,2,0.0,0,BB,FRA,Direct,Direct,0,0,0,D,D,0,No Deposit,14.0,0,Transient,124.5,0,0
City Hotel,0,1,2017,June,26,25,2,2,2,0.0,0,BB,ZAF,Direct,Direct,0,0,0,A,A,2,No Deposit,14.0,0,Group,90.0,0,1
City Hotel,0,87,2017,June,26,28,0,1,2,0.0,0,BB,CHE,Direct,Direct,0,0,0,A,A,0,No Deposit,14.0,0,Transient,117.0,1,1
City Hotel,0,37,2017,June,26,27,0,2,2,0.0,0,SC,DEU,Online TA,TA/TO,0,0,0,A,A,0,No Deposit,9.0,0,Transient,104.5,0,1
City Hotel,0,34,2017,June,26,27,0,2,2,0.0,0,SC,FRA,Online TA,TA/TO,0,0,0,A,A,0,No Deposit,9.0,0,Transient,113.5,0,0
City Hotel,0,175,2017,June,26,26,1,2,2,0.0,0,BB,GBR,Online TA,TA/TO,0,0,0,A,D,0,No Deposit,9.0,0,Transient,117.0,0,1
City Hotel,0,66,2017,June,26,26,1,2,2,0.0,0,BB,AUT,Direct,Direct,0,0,0,A,A,0,No Deposit,,0,Transient,144.0,0,0
City Hotel,0,198,2017,June,26,25,2,2,2,0.0,0,SC,GBR,Online TA,TA/TO,0,0,0,A,A,0,No Deposit,8.0,0,Transient,99.0,0,2
City Hotel,0,15,2017,June,26,27,0,2,2,0.0,0,BB,GBR,Online TA,TA/TO,0,0,0,A,A,0,No Deposit,85.0,0,Transient,99.0,0,0
City Hotel,0,1,2017,June,26,27,0,2,2,0.0,0,BB,PRT,Direct,Direct,0,0,0,D,D,0,No Deposit,14.0,0,Transient,184.0,1,2
City Hotel,0,181,2017,June,26,27,0,2,2,0.0,0,BB,CHE,Online TA,TA/TO,0,0,0,A,A,0,No Deposit,9.0,0,Transient,126.0,1,0
City Hotel,0,25,2017,June,26,27,0,2,2,0.0,0,BB,IRN,Corporate,Corporate,0,0,0,A,A,1,No Deposit,,0,Transient-Party,100.0,0,0
City Hotel,0,134,2017,June,26,28,0,1,2,0.0,0,BB,DEU,Online TA,TA/TO,0,0,0,A,A,0,No Deposit,9.0,0,Transient,117.0,0,0
City Hotel,0,0,2017,June,26,28,0,1,2,0.0,0,SC,NLD,Online TA,TA/TO,0,0,0,A,A,0,No Deposit,9.0,0,Transient,136.0,0,0
City Hotel,0,43,2017,June,25,23,2,4,2,0.0,0,BB,SWE,Online TA,TA/TO,0,0,0,A,A,0,No Deposit,9.0,0,Transient,146.67,0,1
City Hotel,0,46,2017,June,26,27,0,2,2,0.0,0,BB,BEL,Direct,Direct,0,0,0,A,A,0,No Deposit,14.0,0,Transient,108.0,0,0
City Hotel,0,198,2017,June,25,23,2,4,2,0.0,0,BB,FRA,Online TA,TA/TO,0,0,0,A,A,0,No Deposit,9.0,0,Transient,117.0,0,2
City Hotel,0,2,2017,June,26,28,0,1,2,0.0,0,SC,USA,Online TA,TA/TO,0,0,0,A,A,0,No Deposit,9.0,0,Transient,160.0,0,1
City Hotel,0,115,2017,June,26,27,0,3,2,0.0,0,BB,SVN,Online TA,TA/TO,0,0,0,D,D,0,No Deposit,9.0,0,Transient,135.0,0,0
City Hotel,0,2,2017,June,26,28,0,2,2,0.0,0,BB,CHE,Direct,Direct,0,0,0,D,D,0,No Deposit,14.0,0,Transient,185.0,0,0
City Hotel,0,223,2017,June,25,24,2,4,2,0.0,0,BB,AUT,Online TA,TA/TO,0,0,0,D,D,0,No Deposit,7.0,0,Transient,95.46,0,1
City Hotel,0,223,2017,June,25,24,2,4,2,0.0,0,BB,AUT,Online TA,TA/TO,0,0,0,D,D,0,No Deposit,7.0,0,Transient,95.46,0,1
City Hotel,0,121,2017,June,26,27,0,3,2,0.0,0,BB,NLD,Online TA,TA/TO,0,0,0,A,A,0,No Deposit,10.0,0,Transient,100.0,0,0
City Hotel,0,0,2017,June,26,27,0,3,2,0.0,0,SC,AUS,Online TA,TA/TO,0,0,0,A,A,0,No Deposit,9.0,0,Transient,124.67,0,2
City Hotel,0,82,2017,June,26,27,0,3,2,0.0,0,BB,IRL,Direct,Direct,0,0,0,A,A,0,No Deposit,14.0,0,Transient,108.0,0,1
City Hotel,0,120,2017,June,26,25,2,3,2,0.0,0,BB,IRL,Online TA,TA/TO,0,0,0,D,D,0,No Deposit,9.0,0,Transient,126.0,0,0
City Hotel,0,78,2017,June,26,28,0,2,2,0.0,0,BB,DEU,Online TA,TA/TO,0,0,0,A,A,0,No Deposit,85.0,0,Transient,89.1,0,0
City Hotel,0,15,2017,June,26,29,0,1,2,0.0,0,SC,DEU,Online TA,TA/TO,0,0,0,A,A,0,No Deposit,7.0,0,Transient,121.6,0,1
City Hotel,0,64,2017,June,26,27,0,3,2,0.0,0,SC,IRL,Online TA,TA/TO,0,0,0,A,A,0,No Deposit,9.0,0,Transient,120.0,0,1
City Hotel,0,99,2017,June,26,26,1,3,2,0.0,0,BB,GBR,Online TA,TA/TO,0,0,0,A,A,0,No Deposit,9.0,0,Transient,126.0,0,0
City Hotel,0,119,2017,June,26,25,2,3,2,0.0,0,BB,CHE,Online TA,TA/TO,0,0,0,D,D,0,No Deposit,9.0,0,Transient,126.0,0,0
City Hotel,0,4,2017,June,26,25,2,3,2,0.0,0,BB,PRT,Online TA,TA/TO,0,0,0,A,A,0,No Deposit,159.0,0,Transient,181.0,0,0
City Hotel,0,119,2017,June,26,25,2,3,2,0.0,0,BB,CHE,Online TA,TA/TO,0,0,0,D,D,0,No Deposit,9.0,0,Transient,126.0,0,0
City Hotel,0,50,2017,June,26,28,0,2,2,0.0,0,BB,IRL,Online TA,TA/TO,0,0,0,A,A,0,No Deposit,9.0,0,Transient,140.0,0,0
City Hotel,0,45,2017,June,26,28,0,2,2,0.0,0,BB,DEU,Direct,Direct,0,0,0,A,A,0,No Deposit,14.0,0,Transient,108.0,0,0
City Hotel,0,1,2017,June,26,25,2,3,2,0.0,0,SC,NLD,Online TA,TA/TO,0,0,0,A,A,0,No Deposit,9.0,0,Transient,152.0,0,1
City Hotel,0,104,2017,June,26,29,0,1,2,0.0,0,BB,ITA,Direct,Direct,0,0,0,A,A,0,No Deposit,14.0,0,Transient,108.0,0,0
City Hotel,0,204,2017,June,26,27,0,3,2,0.0,0,BB,DEU,Online TA,TA/TO,0,0,0,A,A,0,No Deposit,9.0,0,Transient,117.0,0,1
City Hotel,0,204,2017,June,26,27,0,3,2,0.0,0,BB,DEU,Online TA,TA/TO,0,0,0,A,A,0,No Deposit,9.0,0,Transient,126.0,0,1
City Hotel,0,204,2017,June,26,28,0,2,2,0.0,0,BB,DEU,Online TA,TA/TO,0,0,0,A,A,1,No Deposit,9.0,0,Transient,99.0,0,0
City Hotel,0,162,2017,June,26,25,2,3,2,0.0,0,BB,GBR,Online TA,TA/TO,0,0,0,D,D,0,No Deposit,7.0,0,Transient,98.41,0,1
City Hotel,0,159,2017,June,26,27,0,3,2,0.0,0,BB,DEU,Direct,Direct,0,0,0,E,G,0,No Deposit,,0,Transient,144.0,0,0
City Hotel,0,219,2017,June,25,20,2,8,2,0.0,0,BB,DEU,Online TA,TA/TO,0,0,0,D,D,0,No Deposit,9.0,0,Transient,130.5,0,1
City Hotel,0,112,2017,June,26,25,2,3,2,0.0,0,BB,SWE,Online TA,TA/TO,0,0,0,D,D,3,No Deposit,9.0,0,Transient,135.0,0,1
City Hotel,0,219,2017,June,25,20,2,8,2,0.0,0,BB,DEU,Online TA,TA/TO,0,0,0,D,D,0,No Deposit,9.0,0,Transient,130.5,0,2
City Hotel,0,119,2017,June,26,25,2,3,2,0.0,0,BB,GBR,Online TA,TA/TO,0,0,0,D,D,0,No Deposit,9.0,0,Transient,126.0,0,0
City Hotel,0,107,2017,June,26,27,0,3,2,0.0,0,BB,FRA,Online TA,TA/TO,0,0,0,A,A,0,No Deposit,9.0,0,Transient,126.0,0,0
City Hotel,0,95,2017,June,26,27,0,3,2,0.0,0,BB,BEL,Online TA,TA/TO,0,0,0,A,A,0,No Deposit,9.0,0,Transient,126.0,0,0
City Hotel,0,119,2017,June,26,25,2,3,2,0.0,0,BB,GBR,Online TA,TA/TO,0,0,0,D,D,0,No Deposit,9.0,0,Transient,126.0,0,0
City Hotel,0,164,2017,June,26,28,0,2,2,0.0,0,BB,GBR,Online TA,TA/TO,0,0,0,A,A,0,No Deposit,9.0,0,Transient,126.0,1,1
City Hotel,0,24,2017,June,26,26,1,3,2,0.0,0,BB,PER,Corporate,Corporate,0,0,0,A,A,1,No Deposit,,0,Transient-Party,100.0,0,0
City Hotel,0,205,2017,June,26,27,0,3,2,0.0,0,BB,NLD,Online TA,TA/TO,0,0,0,A,A,0,No Deposit,9.0,0,Transient,117.0,0,1
City Hotel,0,0,2017,June,26,26,1,3,2,0.0,0,BB,IRL,Direct,Direct,0,0,0,A,A,0,No Deposit,14.0,0,Transient,112.5,0,0
City Hotel,0,102,2017,June,26,28,0,2,2,0.0,0,BB,GBR,Online TA,TA/TO,0,0,0,A,A,1,No Deposit,9.0,0,Transient,117.0,0,2
City Hotel,0,44,2017,June,26,27,0,3,2,0.0,0,SC,LUX,Online TA,TA/TO,0,0,0,A,A,0,No Deposit,9.0,0,Transient,120.0,0,1
City Hotel,0,1,2017,June,26,29,0,1,2,0.0,0,SC,NLD,Online TA,TA/TO,0,0,0,A,A,1,No Deposit,,0,Transient,136.0,0,0
City Hotel,0,65,2017,June,26,27,0,3,2,0.0,0,SC,DEU,Online TA,TA/TO,0,0,0,A,A,0,No Deposit,9.0,0,Transient,129.0,0,1
City Hotel,0,163,2017,June,26,28,0,2,2,0.0,0,BB,PRT,Offline TA/TO,TA/TO,0,0,0,A,D,0,No Deposit,28.0,0,Transient,89.1,0,0
City Hotel,0,143,2017,June,26,26,1,3,2,0.0,0,BB,FRA,Online TA,TA/TO,0,0,0,D,D,0,No Deposit,9.0,0,Transient,126.0,0,0
City Hotel,0,115,2017,June,26,28,0,2,2,0.0,0,BB,PRT,Online TA,TA/TO,0,0,0,A,A,2,No Deposit,7.0,0,Transient,121.0,0,1
City Hotel,0,164,2017,June,26,26,1,3,2,0.0,0,HB,LUX,Online TA,TA/TO,0,0,0,D,D,0,No Deposit,9.0,0,Transient,163.8,0,2
City Hotel,0,163,2017,June,26,28,0,2,2,0.0,0,BB,AUT,Offline TA/TO,TA/TO,0,0,0,A,D,0,No Deposit,28.0,0,Transient,89.1,0,0
City Hotel,0,46,2017,June,26,29,0,1,2,0.0,0,SC,FRA,Online TA,TA/TO,0,0,0,A,A,1,No Deposit,9.0,0,Transient,120.0,0,2
City Hotel,0,0,2017,June,26,29,0,1,2,0.0,0,SC,PRT,Online TA,TA/TO,0,0,0,A,A,0,No Deposit,9.0,0,Transient,136.0,0,1
City Hotel,0,112,2017,June,26,27,0,3,2,0.0,0,BB,GBR,Online TA,TA/TO,0,0,0,D,D,0,No Deposit,9.0,0,Transient,135.0,0,0
City Hotel,0,36,2017,June,26,27,0,3,2,0.0,0,BB,BEL,Online TA,TA/TO,0,0,0,A,A,0,No Deposit,9.0,0,Transient,143.0,0,2
City Hotel,0,0,2017,June,26,29,0,1,2,0.0,0,BB,PRT,Direct,Direct,0,0,0,A,A,0,No Deposit,,0,Transient,170.0,0,1
City Hotel,0,123,2017,June,26,28,0,2,2,0.0,0,SC,GBR,Online TA,TA/TO,0,0,0,A,A,0,No Deposit,7.0,0,Transient,79.2,0,0
City Hotel,0,351,2017,June,26,26,1,3,2,0.0,0,SC,NLD,Online TA,TA/TO,0,0,0,A,A,0,No Deposit,9.0,0,Transient,99.0,0,0
City Hotel,0,2,2017,June,26,29,0,1,2,0.0,0,BB,PRT,Direct,Direct,0,0,0,B,A,1,No Deposit,14.0,0,Transient,159.5,0,0
City Hotel,0,367,2017,June,26,27,0,4,2,0.0,0,BB,AUS,Groups,TA/TO,0,0,0,A,A,1,No Deposit,229.0,0,Transient-Party,107.0,0,2
City Hotel,0,367,2017,June,26,27,0,4,2,0.0,0,BB,AUS,Groups,TA/TO,0,0,0,A,A,1,No Deposit,229.0,0,Transient-Party,107.0,0,2
City Hotel,0,0,2017,June,26,30,0,1,2,0.0,0,BB,COL,Online TA,TA/TO,0,0,0,A,A,0,No Deposit,9.0,0,Transient-Party,117.0,0,1
City Hotel,0,16,2017,June,26,28,0,3,2,0.0,0,BB,GBR,Groups,TA/TO,0,0,0,A,B,0,No Deposit,229.0,0,Transient-Party,112.67,0,2
City Hotel,0,368,2017,June,26,28,0,3,2,0.0,0,BB,GBR,Groups,TA/TO,0,0,0,A,A,0,No Deposit,229.0,0,Transient-Party,112.67,0,2
City Hotel,0,368,2017,June,26,28,0,3,2,0.0,0,BB,GBR,Groups,TA/TO,0,0,0,A,A,0,No Deposit,229.0,0,Transient-Party,112.67,0,2
City Hotel,0,368,2017,June,26,28,0,3,2,0.0,0,BB,GBR,Groups,TA/TO,0,0,0,A,A,0,No Deposit,229.0,0,Transient-Party,112.67,0,2
City Hotel,0,22,2017,June,26,28,0,3,2,0.0,0,BB,GBR,Groups,TA/TO,0,0,0,A,A,0,No Deposit,229.0,0,Transient-Party,112.67,0,1
City Hotel,0,44,2017,June,26,27,0,4,2,0.0,0,BB,FRA,Direct,Direct,0,0,0,A,A,0,No Deposit,14.0,0,Transient,99.0,0,3
City Hotel,0,22,2017,June,26,28,0,3,2,0.0,0,BB,GBR,Groups,TA/TO,0,0,0,A,A,0,No Deposit,229.0,0,Transient-Party,112.67,0,1
City Hotel,0,368,2017,June,26,28,0,3,2,0.0,0,BB,GBR,Groups,TA/TO,0,0,0,A,A,0,No Deposit,229.0,0,Transient-Party,112.67,0,1
City Hotel,0,368,2017,June,26,28,0,3,2,0.0,0,BB,GBR,Groups,TA/TO,0,0,0,A,A,0,No Deposit,229.0,0,Transient-Party,112.67,0,1
City Hotel,0,22,2017,June,26,28,0,3,2,0.0,0,BB,GBR,Groups,TA/TO,0,0,0,A,A,0,No Deposit,229.0,0,Transient-Party,112.67,0,1
City Hotel,0,368,2017,June,26,28,0,3,2,0.0,0,BB,GBR,Groups,TA/TO,0,0,0,A,A,0,No Deposit,229.0,0,Transient-Party,112.67,0,1
City Hotel,0,22,2017,June,26,28,0,3,2,0.0,0,BB,USA,Groups,TA/TO,0,0,0,A,A,0,No Deposit,229.0,0,Transient-Party,112.67,0,1
City Hotel,0,186,2017,June,26,28,0,3,2,0.0,0,BB,FRA,Online TA,TA/TO,0,0,0,A,A,1,No Deposit,9.0,0,Transient-Party,117.0,0,0
City Hotel,0,142,2017,June,26,28,0,3,2,0.0,0,SC,GBR,Online TA,TA/TO,0,0,0,A,A,0,No Deposit,9.0,0,Transient,99.0,0,1
City Hotel,0,6,2017,June,26,30,0,1,2,0.0,0,SC,SWE,Online TA,TA/TO,0,0,0,A,A,0,No Deposit,9.0,0,Transient-Party,160.0,0,1
City Hotel,0,6,2017,June,26,30,0,1,2,0.0,0,SC,SWE,Online TA,TA/TO,0,0,0,A,A,0,No Deposit,9.0,0,Transient-Party,160.0,0,1
City Hotel,0,129,2017,June,26,28,0,3,2,0.0,0,BB,NOR,Direct,Direct,0,0,0,A,A,0,No Deposit,14.0,0,Transient,99.0,0,1
City Hotel,0,128,2017,June,26,26,1,4,2,0.0,0,BB,SWE,Online TA,TA/TO,0,0,0,A,A,0,No Deposit,9.0,0,Transient,117.0,0,1
City Hotel,0,330,2017,June,26,30,0,1,2,0.0,0,BB,GBR,Direct,Direct,0,0,0,B,A,1,No Deposit,14.0,0,Transient-Party,108.5,0,0
City Hotel,0,149,2017,June,26,27,0,4,2,0.0,0,HB,NLD,Online TA,TA/TO,0,0,0,D,D,0,No Deposit,9.0,0,Transient,162.0,0,0
City Hotel,0,104,2017,June,26,26,1,4,2,0.0,0,HB,ESP,Online TA,TA/TO,0,0,0,D,D,0,No Deposit,9.0,0,Transient,169.2,0,2
City Hotel,0,107,2017,June,26,29,0,2,2,0.0,0,HB,CHE,Online TA,TA/TO,0,0,0,D,D,0,No Deposit,9.0,0,Transient-Party,178.2,1,0
City Hotel,0,14,2017,June,26,27,0,4,2,0.0,0,BB,FRA,Direct,Direct,0,0,0,A,A,0,No Deposit,14.0,0,Transient,144.0,0,0
City Hotel,0,108,2017,June,26,26,1,4,2,0.0,0,BB,USA,Online TA,TA/TO,0,0,0,A,A,0,No Deposit,9.0,0,Transient,126.0,0,1
City Hotel,0,200,2017,June,26,29,0,2,2,0.0,0,BB,DEU,Online TA,TA/TO,0,0,0,A,A,0,No Deposit,9.0,0,Transient,117.0,0,1
City Hotel,0,33,2017,June,26,30,0,1,2,0.0,0,SC,NOR,Online TA,TA/TO,0,0,0,A,A,0,No Deposit,9.0,0,Transient,160.0,0,1
City Hotel,0,133,2017,June,26,28,0,3,2,0.0,0,SC,NOR,Online TA,TA/TO,0,0,0,A,A,0,No Deposit,9.0,0,Transient-Party,99.0,0,2
City Hotel,0,145,2017,June,26,29,0,2,2,0.0,0,BB,NZL,Online TA,TA/TO,0,0,0,D,D,0,No Deposit,9.0,0,Transient,126.0,0,0
City Hotel,0,119,2017,June,26,30,0,1,2,0.0,0,SC,USA,Online TA,TA/TO,0,0,0,A,A,0,No Deposit,9.0,0,Transient,108.0,0,0
City Hotel,0,166,2017,June,26,26,1,4,2,0.0,0,SC,GBR,Online TA,TA/TO,0,0,0,A,A,0,No Deposit,9.0,0,Transient,99.0,0,2
City Hotel,0,240,2017,June,25,24,2,5,2,0.0,0,BB,DEU,Offline TA/TO,TA/TO,0,0,0,A,A,0,No Deposit,42.0,0,Transient,89.0,0,1
City Hotel,0,240,2017,June,25,24,2,5,2,0.0,0,BB,DEU,Offline TA/TO,TA/TO,0,0,0,A,A,0,No Deposit,42.0,0,Transient,89.0,0,1
City Hotel,0,166,2017,June,26,27,0,4,2,0.0,0,BB,ITA,Online TA,TA/TO,0,0,0,A,A,0,No Deposit,9.0,0,Transient,117.0,0,2
City Hotel,0,49,2017,June,26,26,1,4,2,0.0,0,HB,BEL,Offline TA/TO,TA/TO,0,0,0,A,A,0,No Deposit,394.0,0,Transient,112.1,0,0
City Hotel,0,157,2017,June,26,25,2,4,2,0.0,0,BB,FRA,Offline TA/TO,TA/TO,0,0,0,A,D,0,No Deposit,28.0,0,Transient,85.0,0,0
City Hotel,0,368,2017,June,26,28,0,3,2,0.0,0,BB,GBR,Groups,TA/TO,0,0,0,A,A,0,No Deposit,229.0,0,Transient-Party,112.67,0,1
City Hotel,0,114,2017,June,26,26,1,4,2,0.0,0,SC,GBR,Online TA,TA/TO,0,0,0,A,A,0,No Deposit,7.0,0,Transient,82.08,0,0
City Hotel,0,113,2017,June,26,27,0,4,2,0.0,0,BB,FRA,Direct,Direct,0,0,0,E,E,0,No Deposit,14.0,0,Transient,175.0,0,0
City Hotel,0,50,2017,June,26,27,0,4,2,0.0,0,BB,SAU,Direct,Direct,0,0,0,A,D,0,No Deposit,14.0,0,Transient,103.5,0,0
City Hotel,0,0,2017,June,26,29,0,2,2,0.0,0,SC,NLD,Online TA,TA/TO,0,0,0,A,A,0,No Deposit,9.0,0,Transient,148.0,0,1
City Hotel,0,67,2017,June,26,30,0,1,2,0.0,0,BB,DEU,Online TA,TA/TO,0,0,0,D,D,0,No Deposit,9.0,0,Transient,150.0,0,1
City Hotel,0,84,2017,June,26,30,0,2,2,0.0,0,SC,RUS,Online TA,TA/TO,0,0,0,A,A,0,No Deposit,9.0,0,Transient,120.0,0,1
City Hotel,0,57,2017,June,26,28,0,4,2,0.0,0,SC,FRA,Online TA,TA/TO,0,0,0,A,A,0,No Deposit,9.0,0,Transient,120.0,0,1
City Hotel,0,181,2017,July,26,1,0,1,2,0.0,0,SC,DEU,Online TA,TA/TO,0,0,0,A,A,0,No Deposit,9.0,0,Transient,98.1,0,0
City Hotel,0,203,2017,July,26,1,0,1,2,0.0,0,SC,PRT,Online TA,TA/TO,0,0,0,A,A,0,No Deposit,9.0,0,Transient,89.1,0,2
City Hotel,0,166,2017,June,26,27,0,5,2,0.0,0,SC,DEU,Online TA,TA/TO,0,0,0,A,A,0,No Deposit,9.0,0,Transient,97.02,0,1
City Hotel,0,132,2017,June,26,29,0,3,2,0.0,0,BB,IRN,Direct,Direct,0,0,0,A,A,0,No Deposit,14.0,0,Transient,95.7,0,0
City Hotel,0,88,2017,June,26,28,0,4,2,0.0,0,SC,BRA,Online TA,TA/TO,0,0,0,A,A,0,No Deposit,9.0,0,Transient,120.0,0,1
City Hotel,0,225,2017,June,26,29,0,3,2,0.0,0,SC,GBR,Online TA,TA/TO,0,0,0,A,A,0,No Deposit,9.0,0,Transient,95.7,0,3
City Hotel,0,96,2017,June,26,30,0,2,2,0.0,0,BB,SWE,Online TA,TA/TO,0,0,0,D,D,0,No Deposit,9.0,0,Transient,142.5,0,0
City Hotel,0,261,2017,June,26,29,0,3,2,0.0,0,BB,DEU,Online TA,TA/TO,0,0,0,A,A,0,No Deposit,83.0,0,Transient,90.96,0,0
City Hotel,0,261,2017,June,26,29,0,3,2,0.0,0,BB,DEU,Online TA,TA/TO,0,0,0,A,A,0,No Deposit,83.0,0,Transient,90.96,0,0
City Hotel,0,261,2017,June,26,29,0,3,2,0.0,0,BB,DEU,Online TA,TA/TO,0,0,0,A,A,0,No Deposit,83.0,0,Transient,90.96,0,0
City Hotel,0,3,2017,June,26,30,0,2,2,0.0,0,BB,ESP,Online TA,TA/TO,0,0,0,A,A,0,No Deposit,42.0,0,Transient,144.0,0,1
City Hotel,0,162,2017,June,26,26,1,5,2,0.0,0,SC,IRL,Online TA,TA/TO,0,0,0,A,A,0,No Deposit,9.0,0,Transient,97.35,0,3
City Hotel,0,124,2017,June,26,29,0,3,2,0.0,0,BB,GBR,Online TA,TA/TO,0,0,0,E,E,0,No Deposit,9.0,0,Transient,149.7,0,0
City Hotel,0,249,2017,June,26,25,2,5,2,0.0,0,BB,DEU,Online TA,TA/TO,0,0,0,D,D,0,No Deposit,9.0,0,Transient,129.09,0,0
City Hotel,0,104,2017,June,26,26,1,5,2,0.0,0,HB,ESP,Online TA,TA/TO,0,0,0,A,A,0,No Deposit,9.0,0,Transient,169.2,0,0
City Hotel,0,99,2017,June,26,28,0,4,2,0.0,0,BB,NLD,Online TA,TA/TO,0,0,0,A,A,0,No Deposit,7.0,0,Transient,95.76,0,0
City Hotel,0,3,2017,July,26,1,0,1,2,0.0,0,BB,IRL,Online TA,TA/TO,0,0,0,A,A,2,No Deposit,9.0,0,Transient,180.0,0,1
City Hotel,0,162,2017,June,26,25,2,5,2,0.0,0,BB,DEU,Online TA,TA/TO,0,0,0,D,D,0,No Deposit,83.0,0,Transient,95.49,0,0
City Hotel,0,126,2017,June,26,27,0,5,2,0.0,0,BB,NLD,Direct,Direct,0,0,0,A,A,0,No Deposit,14.0,0,Transient,97.02,0,2
City Hotel,0,125,2017,June,26,29,0,3,2,0.0,0,BB,GBR,Direct,Direct,0,0,0,A,A,0,No Deposit,14.0,0,Transient,96.53,0,0
City Hotel,0,162,2017,June,26,28,0,4,2,0.0,0,BB,FRA,Direct,Direct,0,0,0,A,A,0,No Deposit,,0,Transient,117.85,0,3
City Hotel,0,124,2017,June,26,28,0,4,2,0.0,0,BB,GBR,Direct,Direct,0,0,0,D,D,2,No Deposit,14.0,0,Transient,118.2,0,0
City Hotel,0,107,2017,June,26,29,0,3,2,0.0,0,BB,POL,Online TA,TA/TO,0,0,0,A,A,0,No Deposit,7.0,0,Transient,95.76,0,0
City Hotel,0,125,2017,June,26,29,0,3,2,0.0,0,BB,GBR,Direct,Direct,0,0,0,A,C,0,No Deposit,14.0,0,Transient,95.7,0,3
City Hotel,0,162,2017,June,26,28,0,4,2,0.0,0,BB,FRA,Direct,Direct,0,0,0,A,A,0,No Deposit,,0,Transient,117.85,0,3
City Hotel,0,162,2017,June,26,28,0,4,2,0.0,0,BB,FRA,Direct,Direct,0,0,0,A,A,0,No Deposit,,0,Transient,117.85,0,3
City Hotel,0,162,2017,June,26,28,0,4,2,0.0,0,BB,FRA,Direct,Direct,0,0,0,A,A,0,No Deposit,,0,Transient,117.85,0,3
City Hotel,0,221,2017,June,25,23,2,7,2,0.0,0,BB,IRL,Online TA,TA/TO,0,0,0,D,D,0,No Deposit,9.0,0,Transient,129.4,0,1
City Hotel,0,152,2017,June,26,27,0,5,2,0.0,0,BB,GBR,Offline TA/TO,TA/TO,0,0,0,A,A,0,No Deposit,42.0,0,Transient,80.1,0,0
City Hotel,0,238,2017,June,26,28,0,4,2,0.0,0,BB,FRA,Online TA,TA/TO,0,0,0,A,A,0,No Deposit,9.0,0,Transient,114.53,0,1
City Hotel,0,107,2017,June,26,29,0,3,2,0.0,0,BB,NLD,Online TA,TA/TO,0,0,0,A,A,0,No Deposit,9.0,0,Transient,126.0,0,0
City Hotel,0,151,2017,June,26,29,0,3,2,0.0,0,BB,DEU,Online TA,TA/TO,0,0,0,D,D,0,No Deposit,9.0,0,Transient-Party,122.7,0,0
City Hotel,0,151,2017,June,26,29,0,3,2,0.0,0,BB,DEU,Online TA,TA/TO,0,0,0,D,D,0,No Deposit,9.0,0,Transient-Party,122.7,0,0
City Hotel,0,151,2017,June,26,29,0,3,2,0.0,0,BB,DEU,Online TA,TA/TO,0,0,0,D,D,0,No Deposit,9.0,0,Transient-Party,122.7,0,0
City Hotel,0,150,2017,June,26,30,0,2,2,0.0,0,BB,NLD,Online TA,TA/TO,0,0,0,D,D,0,No Deposit,9.0,0,Transient,130.05,1,0
City Hotel,0,124,2017,June,26,29,0,3,2,0.0,0,BB,FRA,Direct,Direct,0,0,0,A,A,0,No Deposit,14.0,0,Transient,95.7,0,0
City Hotel,0,158,2017,June,26,29,0,3,2,0.0,0,BB,USA,Online TA,TA/TO,0,0,0,D,D,0,No Deposit,9.0,0,Transient,122.7,0,2
City Hotel,0,82,2017,June,26,29,0,3,2,0.0,0,SC,GBR,Online TA,TA/TO,0,0,0,A,A,0,No Deposit,9.0,0,Transient,120.0,0,1
City Hotel,0,128,2017,June,26,30,0,2,2,0.0,0,BB,SAU,Online TA,TA/TO,0,0,0,A,A,0,No Deposit,9.0,0,Transient,112.05,0,4
City Hotel,0,238,2017,June,26,28,0,4,2,0.0,0,BB,FRA,Online TA,TA/TO,0,0,0,A,A,0,No Deposit,9.0,0,Transient,114.53,0,1
City Hotel,0,15,2017,June,26,28,0,4,2,0.0,0,BB,GBR,Online TA,TA/TO,0,0,0,A,A,0,No Deposit,9.0,0,Transient,180.0,0,1
City Hotel,0,215,2017,June,26,30,0,2,2,0.0,0,SC,GBR,Online TA,TA/TO,0,0,0,A,A,0,No Deposit,9.0,0,Transient,94.05,0,1
City Hotel,0,224,2017,June,26,29,0,3,2,0.0,0,BB,GBR,Online TA,TA/TO,0,0,0,A,A,3,No Deposit,9.0,0,Transient,118.03,0,2
City Hotel,0,170,2017,June,26,29,0,3,2,0.0,0,BB,FRA,Online TA,TA/TO,0,0,0,D,D,0,No Deposit,9.0,0,Transient,127.2,0,1
City Hotel,0,19,2017,June,26,30,0,2,2,0.0,0,SC,GBR,Online TA,TA/TO,0,0,0,A,A,0,No Deposit,42.0,0,Transient,128.0,0,0
City Hotel,0,1,2017,June,26,29,0,3,2,0.0,0,SC,USA,Online TA,TA/TO,0,0,0,A,A,0,No Deposit,152.0,0,Transient,90.33,0,0
City Hotel,0,114,2017,June,26,26,1,5,2,0.0,0,BB,SRB,Online TA,TA/TO,0,0,0,E,E,0,No Deposit,9.0,0,Transient,162.0,0,0
City Hotel,0,122,2017,June,26,28,0,4,2,0.0,0,BB,GBR,Online TA,TA/TO,0,0,0,D,D,1,No Deposit,9.0,0,Transient,131.03,0,0
City Hotel,0,167,2017,June,26,30,0,2,2,0.0,0,BB,DEU,Online TA,TA/TO,0,0,0,A,A,0,No Deposit,9.0,0,Transient,112.05,0,1
City Hotel,0,57,2017,June,26,27,0,5,2,0.0,0,BB,IRL,Direct,Direct,0,0,0,A,A,0,No Deposit,14.0,0,Transient,108.0,0,0
City Hotel,0,124,2017,June,26,28,0,4,2,0.0,0,BB,USA,Direct,Direct,0,0,0,A,A,0,No Deposit,14.0,0,Transient,96.53,0,0
City Hotel,0,167,2017,June,26,30,0,2,2,0.0,0,BB,DEU,Online TA,TA/TO,0,0,0,A,A,0,No Deposit,9.0,0,Transient,112.05,0,1
City Hotel,0,124,2017,June,26,28,0,4,2,0.0,0,BB,USA,Direct,Direct,0,0,0,A,A,0,No Deposit,14.0,0,Transient,96.53,0,0
City Hotel,0,123,2017,June,26,28,0,4,2,0.0,0,BB,GBR,Direct,Direct,0,0,0,A,A,0,No Deposit,14.0,0,Transient,96.53,0,2
City Hotel,0,162,2017,June,26,28,0,4,2,0.0,0,BB,FRA,Direct,Direct,0,0,0,A,A,2,No Deposit,,0,Transient,117.85,0,3
City Hotel,0,0,2017,July,27,2,1,0,2,0.0,0,SC,FRA,Direct,Direct,0,0,0,A,A,0,No Deposit,,0,Transient,123.0,0,0
City Hotel,0,0,2017,July,27,2,1,0,2,0.0,0,SC,FRA,Direct,Direct,0,0,0,A,A,0,No Deposit,,0,Transient,123.0,0,0
City Hotel,0,131,2017,June,26,30,1,2,2,0.0,0,BB,DEU,Online TA,TA/TO,0,0,0,A,A,0,No Deposit,9.0,0,Transient,110.4,0,0
City Hotel,0,169,2017,July,27,2,1,0,2,0.0,0,BB,HUN,Online TA,TA/TO,0,0,0,A,A,0,No Deposit,9.0,0,Transient,107.1,0,0
City Hotel,0,4,2017,July,27,2,1,0,2,0.0,0,SC,NLD,Online TA,TA/TO,0,0,0,A,A,0,No Deposit,152.0,0,Transient,87.74,0,0
City Hotel,0,155,2017,June,26,30,1,2,2,0.0,0,BB,DEU,Offline TA/TO,TA/TO,0,0,0,A,A,0,No Deposit,262.0,0,Transient,80.1,0,0
City Hotel,0,155,2017,June,26,30,1,2,2,0.0,0,BB,DEU,Offline TA/TO,TA/TO,0,0,0,A,A,0,No Deposit,262.0,0,Transient,89.1,0,0
City Hotel,0,103,2017,July,27,3,1,2,2,0.0,0,HB,FRA,Online TA,TA/TO,0,0,0,D,D,0,No Deposit,9.0,0,Group,169.2,0,3
City Hotel,0,33,2017,July,27,2,1,0,2,0.0,0,SC,CN,Online TA,TA/TO,0,0,0,A,A,0,No Deposit,8.0,0,Transient,109.0,0,1
City Hotel,0,169,2017,July,27,2,1,0,2,0.0,0,BB,HUN,Online TA,TA/TO,0,0,0,A,A,0,No Deposit,9.0,0,Transient,107.1,0,0
City Hotel,0,169,2017,July,27,2,1,0,2,0.0,0,BB,HUN,Online TA,TA/TO,0,0,0,A,A,3,No Deposit,9.0,0,Transient,98.1,0,0
City Hotel,0,169,2017,July,27,2,1,0,2,0.0,0,BB,HUN,Online TA,TA/TO,0,0,0,A,A,0,No Deposit,9.0,0,Transient,107.1,0,0
City Hotel,0,169,2017,July,27,2,1,0,2,0.0,0,BB,HUN,Online TA,TA/TO,0,0,0,A,A,0,No Deposit,9.0,0,Transient,107.1,0,0
City Hotel,0,175,2017,June,26,30,1,2,2,0.0,0,SC,GBR,Online TA,TA/TO,0,0,0,A,A,0,No Deposit,9.0,0,Transient,92.4,0,0
City Hotel,0,178,2017,July,26,1,1,1,2,0.0,0,BB,DEU,Direct,Direct,0,0,0,A,A,0,No Deposit,14.0,0,Transient,86.63,0,1
City Hotel,0,97,2017,June,26,26,2,5,2,0.0,0,HB,GBR,Online TA,TA/TO,0,0,0,A,A,0,No Deposit,7.0,0,Transient,121.75,0,0
City Hotel,0,237,2017,July,26,1,1,1,2,0.0,0,SC,DEU,Online TA,TA/TO,0,0,0,A,A,0,No Deposit,9.0,0,Transient,89.1,0,1
City Hotel,0,216,2017,June,26,30,1,2,2,0.0,0,BB,ITA,Online TA,TA/TO,0,0,0,A,A,0,No Deposit,9.0,0,Transient,110.4,0,0
City Hotel,0,134,2017,June,26,30,1,2,2,0.0,0,BB,PRT,Direct,Direct,0,0,0,D,D,0,No Deposit,14.0,0,Transient,127.67,0,2
City Hotel,0,163,2017,July,26,1,1,1,2,0.0,0,BB,DEU,Direct,Direct,0,0,0,A,A,0,No Deposit,14.0,0,Transient,89.1,0,1
City Hotel,0,164,2017,June,26,30,1,2,2,0.0,0,BB,PRT,Online TA,TA/TO,0,0,0,D,D,0,No Deposit,83.0,0,Transient,95.52,0,0
City Hotel,0,7,2017,June,26,30,1,2,2,0.0,0,SC,GBR,Online TA,TA/TO,0,0,0,A,A,0,No Deposit,9.0,0,Transient,146.67,0,2
City Hotel,0,20,2017,July,27,2,1,0,2,0.0,0,SC,ARE,Online TA,TA/TO,0,0,0,A,A,0,No Deposit,9.0,0,Transient,140.0,0,1
City Hotel,0,102,2017,June,26,30,1,2,2,0.0,0,BB,BEL,Online TA,TA/TO,0,0,0,A,A,0,No Deposit,9.0,0,Transient-Party,135.0,1,0
City Hotel,0,147,2017,June,26,27,1,5,2,0.0,0,BB,FIN,Online TA,TA/TO,0,0,0,D,D,0,No Deposit,9.0,0,Transient,122.7,0,1
City Hotel,0,168,2017,June,26,26,2,5,2,0.0,0,BB,BEL,Offline TA/TO,TA/TO,0,0,0,A,A,0,No Deposit,394.0,0,Transient,80.1,0,3
City Hotel,0,1,2017,July,27,2,1,0,2,0.0,0,BB,ARG,Direct,Direct,0,0,0,A,A,0,No Deposit,,0,Transient,108.0,0,0
City Hotel,0,125,2017,June,26,30,1,2,2,0.0,0,BB,BEL,Online TA,TA/TO,0,0,0,D,D,0,No Deposit,9.0,0,Transient,119.4,0,0
City Hotel,0,71,2017,June,26,29,1,3,2,0.0,0,SC,GBR,Online TA,TA/TO,0,0,0,A,A,1,No Deposit,9.0,0,Transient,120.0,0,1
City Hotel,0,132,2017,July,26,1,1,1,2,0.0,0,BB,ESP,Online TA,TA/TO,0,0,0,E,E,0,No Deposit,9.0,0,Transient,143.1,0,0
City Hotel,0,0,2017,June,26,28,1,4,2,0.0,0,SC,BRA,Online TA,TA/TO,0,0,0,A,A,0,No Deposit,9.0,0,Transient,142.0,0,1
City Hotel,0,2,2017,July,27,2,1,0,2,0.0,0,BB,PRT,Online TA,TA/TO,0,0,0,A,A,0,No Deposit,9.0,0,Transient,118.0,0,1
City Hotel,0,131,2017,June,26,30,1,2,2,0.0,0,BB,AUT,Online TA,TA/TO,0,0,0,A,A,0,No Deposit,9.0,0,Transient-Party,110.4,0,0
City Hotel,0,131,2017,June,26,30,1,2,2,0.0,0,BB,AUT,Online TA,TA/TO,0,0,0,A,A,0,No Deposit,9.0,0,Transient-Party,110.4,0,0
City Hotel,0,18,2017,July,27,2,1,0,2,0.0,0,SC,USA,Direct,Direct,0,0,0,A,A,0,No Deposit,14.0,0,Transient,160.0,0,2
City Hotel,0,7,2017,July,27,2,1,0,2,0.0,0,BB,FRA,Online TA,TA/TO,0,0,0,A,A,0,No Deposit,9.0,0,Transient,138.0,0,1
City Hotel,0,165,2017,June,26,30,1,2,2,0.0,0,BB,GBR,Online TA,TA/TO,0,0,0,A,A,0,No Deposit,9.0,0,Transient,110.4,0,1
City Hotel,0,173,2017,June,26,29,1,3,2,0.0,0,BB,DEU,Online TA,TA/TO,0,0,0,A,A,0,No Deposit,7.0,0,Transient,86.28,0,1
City Hotel,0,126,2017,June,26,30,1,2,2,0.0,0,BB,ESP,Online TA,TA/TO,0,0,0,D,D,0,No Deposit,9.0,0,Transient,128.4,1,0
City Hotel,0,165,2017,June,26,30,1,2,2,0.0,0,BB,GBR,Online TA,TA/TO,0,0,0,A,A,0,No Deposit,9.0,0,Transient,110.4,0,1
City Hotel,0,134,2017,July,27,2,1,0,2,0.0,0,BB,COL,Online TA,TA/TO,0,0,0,D,D,0,No Deposit,9.0,0,Transient,116.1,0,0
City Hotel,0,0,2017,July,27,2,1,0,2,0.0,0,SC,FRA,Online TA,TA/TO,0,0,0,A,A,0,No Deposit,9.0,0,Transient,98.0,0,0
City Hotel,0,64,2017,July,26,1,1,1,2,0.0,0,BB,NLD,Online TA,TA/TO,0,0,0,E,E,1,No Deposit,9.0,0,Transient,180.0,0,1
City Hotel,0,0,2017,July,27,2,1,0,2,0.0,0,SC,PRT,Direct,Direct,0,0,0,B,B,1,No Deposit,,0,Transient,98.0,0,0
City Hotel,0,3,2017,June,26,29,1,3,2,0.0,0,SC,FRA,Online TA,TA/TO,0,0,0,A,A,0,No Deposit,9.0,0,Transient,149.5,0,1
City Hotel,0,233,2017,June,26,29,2,3,2,0.0,0,BB,DEU,Online TA,TA/TO,0,0,0,A,A,0,No Deposit,9.0,0,Transient-Party,111.06,0,2
City Hotel,0,233,2017,June,26,29,2,3,2,0.0,0,BB,DEU,Online TA,TA/TO,0,0,0,A,A,0,No Deposit,9.0,0,Transient-Party,111.06,0,2
City Hotel,0,233,2017,June,26,29,2,3,2,0.0,0,BB,DEU,Online TA,TA/TO,0,0,0,A,A,0,No Deposit,9.0,0,Transient,111.06,0,2
City Hotel,0,462,2017,July,26,1,2,1,2,0.0,0,BB,GBR,Groups,TA/TO,0,0,0,A,A,0,No Deposit,229.0,0,Transient-Party,112.67,0,1
City Hotel,0,462,2017,July,26,1,2,1,2,0.0,0,BB,GBR,Groups,TA/TO,0,0,0,A,A,0,No Deposit,229.0,0,Transient-Party,112.67,0,1
City Hotel,0,152,2017,June,26,29,2,3,2,0.0,0,BB,GBR,Online TA,TA/TO,0,0,0,E,E,0,No Deposit,9.0,0,Transient,147.06,0,1
City Hotel,0,462,2017,July,26,1,2,1,2,0.0,0,BB,GBR,Groups,TA/TO,0,0,0,A,A,0,No Deposit,229.0,0,Transient-Party,112.67,0,1
City Hotel,0,462,2017,July,26,1,2,1,2,0.0,0,BB,GBR,Groups,TA/TO,0,0,0,A,A,0,No Deposit,229.0,0,Transient-Party,112.67,0,2
City Hotel,0,462,2017,July,26,1,2,1,2,0.0,0,BB,GBR,Groups,TA/TO,0,0,0,A,A,0,No Deposit,229.0,0,Transient-Party,112.67,0,2
City Hotel,0,77,2017,June,26,30,2,2,2,0.0,0,SC,GBR,Online TA,TA/TO,0,0,0,A,A,0,No Deposit,425.0,0,Transient,98.4,0,0
City Hotel,0,34,2017,July,27,3,1,0,2,0.0,0,BB,CN,Direct,Direct,0,0,0,A,A,0,No Deposit,14.0,0,Transient,98.1,0,3
City Hotel,0,462,2017,July,26,1,2,1,2,0.0,0,BB,GBR,Groups,TA/TO,0,0,0,A,A,0,No Deposit,229.0,0,Transient-Party,112.67,0,1
City Hotel,0,6,2017,July,27,2,2,0,2,0.0,0,SC,ESP,Online TA,TA/TO,0,0,0,A,A,0,No Deposit,9.0,0,Transient,118.0,0,1
City Hotel,0,0,2017,July,27,3,1,0,2,0.0,0,BB,PRT,Complementary,Direct,0,0,0,A,A,0,No Deposit,,0,Transient,0.0,0,0
City Hotel,0,462,2017,July,26,1,2,1,2,0.0,0,BB,GBR,Groups,TA/TO,0,0,0,A,A,0,No Deposit,229.0,0,Transient-Party,112.67,0,1
City Hotel,0,462,2017,July,26,1,2,1,2,0.0,0,BB,CN,Groups,TA/TO,0,0,0,A,A,0,No Deposit,229.0,0,Transient-Party,112.67,0,1
City Hotel,0,16,2017,July,27,2,2,0,2,0.0,0,BB,ESP,Online TA,TA/TO,0,0,0,A,A,0,No Deposit,9.0,0,Transient,160.0,0,0
City Hotel,0,59,2017,July,27,2,2,0,2,0.0,0,BB,CHN,Online TA,TA/TO,0,0,0,A,A,0,No Deposit,9.0,0,Transient,96.39,0,0
City Hotel,0,3,2017,July,27,3,1,0,2,0.0,0,BB,PRT,Corporate,Corporate,0,0,0,A,A,0,No Deposit,,0,Transient,81.23,0,0
City Hotel,0,4,2017,July,27,3,1,0,2,0.0,0,SC,CN,Online TA,TA/TO,0,0,0,A,A,0,No Deposit,9.0,0,Transient,98.0,0,0
City Hotel,0,462,2017,July,26,1,2,1,2,0.0,0,BB,GBR,Groups,TA/TO,0,0,0,A,A,0,No Deposit,229.0,0,Transient-Party,112.67,0,1
City Hotel,0,48,2017,July,27,3,1,0,2,0.0,0,SC,ROU,Online TA,TA/TO,0,0,0,A,A,0,No Deposit,9.0,0,Transient,109.0,0,1
City Hotel,0,3,2017,July,27,3,1,0,2,0.0,0,BB,IRL,Online TA,TA/TO,0,0,0,A,A,0,No Deposit,9.0,0,Transient,118.0,0,1
City Hotel,0,34,2017,July,27,3,1,0,2,0.0,0,BB,CN,Online TA,TA/TO,0,0,0,A,A,0,No Deposit,7.0,0,Transient,103.2,0,1
City Hotel,0,128,2017,July,26,1,2,1,2,0.0,0,BB,BEL,Online TA,TA/TO,0,0,0,A,A,0,No Deposit,9.0,0,Transient,107.1,0,0
City Hotel,0,136,2017,July,26,1,2,1,2,0.0,0,BB,CN,Online TA,TA/TO,0,0,0,D,D,0,No Deposit,9.0,0,Transient,116.1,0,2
City Hotel,0,24,2017,July,27,2,2,0,2,0.0,0,SC,NLD,Offline TA/TO,TA/TO,0,0,0,A,A,0,No Deposit,28.0,0,Transient,79.0,0,0
City Hotel,0,462,2017,July,26,1,2,1,2,0.0,0,BB,GBR,Groups,TA/TO,0,0,0,A,A,0,No Deposit,229.0,0,Transient-Party,112.67,0,1
City Hotel,0,153,2017,June,26,29,2,3,2,0.0,0,BB,GBR,Offline TA/TO,TA/TO,0,0,0,A,A,0,No Deposit,168.0,0,Transient,80.1,0,0
City Hotel,0,132,2017,June,26,30,2,2,2,0.0,0,SC,FRA,Online TA,TA/TO,0,0,0,A,A,0,No Deposit,9.0,0,Transient-Party,91.58,0,1
City Hotel,0,48,2017,July,27,3,1,0,2,0.0,0,SC,ROU,Online TA,TA/TO,0,0,0,A,A,0,No Deposit,9.0,0,Transient,109.0,0,1
City Hotel,0,132,2017,June,26,30,2,2,2,0.0,0,SC,FRA,Online TA,TA/TO,0,0,0,A,A,0,No Deposit,9.0,0,Transient,91.58,0,1
City Hotel,0,48,2017,July,27,3,1,0,2,0.0,0,SC,ROU,Online TA,TA/TO,0,0,0,A,A,0,No Deposit,9.0,0,Transient,118.0,0,1
City Hotel,0,132,2017,June,26,30,2,2,2,0.0,0,SC,FRA,Online TA,TA/TO,0,0,0,A,A,0,No Deposit,9.0,0,Transient,91.58,0,1
City Hotel,0,132,2017,July,26,1,2,1,2,0.0,0,SC,FRA,Online TA,TA/TO,0,0,0,A,A,0,No Deposit,9.0,0,Transient,89.1,0,2
City Hotel,0,132,2017,July,26,1,2,1,2,0.0,0,SC,FRA,Online TA,TA/TO,0,0,0,A,A,0,No Deposit,9.0,0,Transient,89.1,0,2
City Hotel,0,52,2017,June,26,28,2,4,2,0.0,0,BB,DEU,Online TA,TA/TO,0,0,0,D,D,0,No Deposit,8.0,0,Transient,150.0,0,1
City Hotel,0,462,2017,July,26,1,2,1,2,0.0,0,BB,GBR,Groups,TA/TO,0,0,0,A,A,0,No Deposit,229.0,0,Transient-Party,112.67,0,1
City Hotel,0,462,2017,July,26,1,2,1,2,0.0,0,BB,GBR,Groups,TA/TO,0,0,0,A,A,0,No Deposit,229.0,0,Transient-Party,112.67,0,1
City Hotel,0,212,2017,July,26,1,2,1,2,0.0,0,BB,DEU,Online TA,TA/TO,0,0,0,A,A,0,No Deposit,9.0,0,Transient,107.1,0,0
City Hotel,0,166,2017,July,26,1,2,1,2,0.0,0,SC,IRL,Online TA,TA/TO,0,0,0,A,A,2,No Deposit,9.0,0,Transient,120.0,0,2
City Hotel,0,160,2017,July,26,1,2,1,2,0.0,0,BB,DEU,Online TA,TA/TO,0,0,0,A,A,0,No Deposit,9.0,0,Transient,116.1,0,2
City Hotel,0,139,2017,June,26,29,2,3,2,0.0,0,SC,ROU,Online TA,TA/TO,0,0,0,A,A,0,No Deposit,9.0,0,Transient,93.06,0,1
City Hotel,0,153,2017,June,26,29,2,3,2,0.0,0,BB,GBR,Direct,Direct,0,0,0,D,D,0,No Deposit,14.0,0,Transient,115.56,0,0
City Hotel,0,9,2017,July,27,3,1,0,2,0.0,0,BB,ZAF,Online TA,TA/TO,0,0,0,A,A,0,No Deposit,9.0,0,Transient,140.0,0,1
City Hotel,0,0,2017,July,27,3,1,0,2,0.0,0,BB,PRT,Online TA,TA/TO,0,0,0,A,A,0,No Deposit,9.0,0,Transient,118.0,0,1
City Hotel,0,27,2017,July,27,2,2,0,2,0.0,0,BB,BRA,Online TA,TA/TO,0,0,0,A,A,3,No Deposit,9.0,0,Transient,152.0,0,0
City Hotel,0,83,2017,July,26,1,2,1,2,0.0,0,BB,GBR,Online TA,TA/TO,0,0,0,D,D,0,No Deposit,9.0,0,Transient,150.0,0,1
City Hotel,0,191,2017,June,26,30,2,2,2,0.0,0,BB,DEU,Online TA,TA/TO,0,0,0,A,A,0,No Deposit,9.0,0,Transient,109.58,0,2
City Hotel,0,13,2017,July,27,3,1,0,2,0.0,0,BB,DEU,Online TA,TA/TO,0,0,0,A,A,1,No Deposit,9.0,0,Transient,120.0,0,1
City Hotel,0,1,2017,July,27,3,1,0,2,0.0,0,BB,PRT,Online TA,TA/TO,0,0,0,A,A,0,No Deposit,9.0,0,Transient,118.0,0,0
City Hotel,0,134,2017,June,26,30,2,2,2,0.0,0,BB,PRT,Direct,Direct,0,0,0,A,A,0,No Deposit,14.0,0,Transient,91.58,0,0
City Hotel,0,462,2017,July,26,1,2,1,2,0.0,0,BB,USA,Groups,TA/TO,0,0,0,A,A,0,No Deposit,229.0,0,Transient-Party,112.67,0,1
City Hotel,0,261,2017,July,26,1,2,1,2,0.0,0,BB,BRA,Online TA,TA/TO,0,0,0,A,A,5,No Deposit,9.0,0,Transient,113.6,0,1
City Hotel,0,105,2017,June,26,26,3,5,2,0.0,0,SC,FRA,Online TA,TA/TO,0,0,0,A,A,0,No Deposit,9.0,0,Transient,108.0,0,1
City Hotel,0,0,2017,July,27,3,1,0,2,0.0,0,BB,NLD,Online TA,TA/TO,0,0,0,A,A,0,No Deposit,9.0,0,Transient,118.0,0,1
City Hotel,0,462,2017,July,26,1,2,1,2,0.0,0,BB,GBR,Groups,TA/TO,0,0,0,A,A,0,No Deposit,229.0,0,Transient-Party,112.67,0,1
City Hotel,0,219,2017,June,26,27,2,5,2,0.0,0,BB,GBR,Online TA,TA/TO,0,0,0,A,A,0,No Deposit,8.0,0,Transient,112.75,0,0
City Hotel,0,182,2017,June,26,27,2,5,2,0.0,0,BB,NOR,Online TA,TA/TO,0,0,0,A,A,0,No Deposit,7.0,0,Transient,86.82,0,1
City Hotel,0,34,2017,July,27,3,1,0,2,0.0,0,BB,CN,Direct,Direct,0,0,0,A,A,0,No Deposit,14.0,0,Transient,98.1,0,3
City Hotel,0,72,2017,June,26,30,2,2,2,0.0,0,SC,IRL,Online TA,TA/TO,0,0,0,A,A,0,No Deposit,9.0,0,Transient,120.0,0,2
City Hotel,0,99,2017,June,26,27,2,5,2,0.0,0,BB,DNK,Online TA,TA/TO,0,0,0,A,A,0,No Deposit,9.0,0,Transient,126.0,0,0
City Hotel,0,462,2017,July,26,1,2,1,2,0.0,0,BB,GBR,Groups,TA/TO,0,0,0,A,A,0,No Deposit,229.0,0,Transient-Party,112.67,0,1
City Hotel,0,14,2017,June,26,30,2,2,2,0.0,0,BB,GBR,Online TA,TA/TO,0,0,0,D,D,0,No Deposit,9.0,0,Transient,180.0,0,1
City Hotel,0,132,2017,June,26,30,2,2,2,0.0,0,SC,FRA,Online TA,TA/TO,0,0,0,A,A,0,No Deposit,9.0,0,Transient-Party,91.58,0,1
City Hotel,0,116,2017,July,27,2,2,0,2,0.0,0,BB,ATF,Online TA,TA/TO,0,0,0,A,A,0,No Deposit,9.0,0,Transient,126.0,0,0
City Hotel,0,141,2017,June,26,30,2,3,2,0.0,0,BB,GBR,Offline TA/TO,TA/TO,0,0,0,A,A,0,No Deposit,85.0,0,Transient,80.1,0,1
City Hotel,0,142,2017,July,27,2,2,1,2,0.0,0,BB,BRA,Online TA,TA/TO,0,0,0,D,D,2,No Deposit,9.0,0,Transient,116.1,0,3
City Hotel,0,299,2017,July,27,4,0,1,2,0.0,0,SC,DEU,Online TA,TA/TO,0,0,0,A,A,0,No Deposit,9.0,0,Transient,99.0,0,1
City Hotel,0,139,2017,July,27,2,2,1,2,0.0,0,HB,CZE,Online TA,TA/TO,0,0,0,D,D,0,No Deposit,9.0,0,Transient,150.3,0,0
City Hotel,0,4,2017,July,27,4,0,1,2,0.0,0,BB,PRT,Online TA,TA/TO,0,0,0,A,A,0,No Deposit,9.0,0,Transient,138.0,0,1
City Hotel,0,139,2017,July,27,3,1,1,2,0.0,0,BB,DEU,Online TA,TA/TO,0,0,0,D,D,0,No Deposit,9.0,0,Transient,116.1,0,0
City Hotel,0,217,2017,June,26,30,2,3,2,0.0,0,BB,ESP,Online TA,TA/TO,0,0,0,A,A,0,No Deposit,9.0,0,Transient,109.08,0,0
City Hotel,0,462,2017,July,26,1,2,2,2,0.0,0,BB,AUS,Groups,TA/TO,0,0,0,A,A,1,No Deposit,229.0,0,Transient-Party,107.0,0,1
City Hotel,0,2,2017,June,26,30,2,3,2,0.0,0,BB,SWE,Online TA,TA/TO,0,0,0,A,A,0,No Deposit,9.0,0,Transient,163.2,0,1
City Hotel,0,5,2017,July,27,3,1,1,2,0.0,0,BB,FRA,Online TA,TA/TO,0,0,0,A,A,0,No Deposit,9.0,0,Transient,159.0,0,1
City Hotel,0,196,2017,July,26,1,2,2,2,0.0,0,BB,GBR,Online TA,TA/TO,0,0,0,A,A,0,No Deposit,9.0,0,Transient,107.1,0,1
City Hotel,0,98,2017,July,27,2,2,1,2,0.0,0,BB,FRA,Online TA,TA/TO,0,0,0,D,D,0,No Deposit,9.0,0,Transient,150.0,0,1
City Hotel,0,1,2017,July,27,2,2,1,2,0.0,0,SC,TUN,Online TA,TA/TO,0,0,0,A,A,0,No Deposit,152.0,0,Transient,70.11,0,0
City Hotel,0,462,2017,July,26,1,2,2,2,0.0,0,BB,GBR,Groups,TA/TO,0,0,0,A,A,1,No Deposit,229.0,0,Transient-Party,107.0,0,1
City Hotel,0,2,2017,July,27,3,1,1,2,0.0,0,BB,MAR,Online TA,TA/TO,0,0,0,A,A,0,No Deposit,9.0,0,Transient,128.0,0,1
City Hotel,0,462,2017,July,26,1,2,2,2,0.0,0,BB,GBR,Groups,TA/TO,0,0,0,A,A,1,No Deposit,229.0,0,Transient-Party,107.0,0,1
City Hotel,0,177,2017,June,26,28,2,5,2,0.0,0,SC,BLR,Online TA,TA/TO,0,0,0,A,A,0,No Deposit,9.0,0,Transient,93.34,0,0
City Hotel,0,82,2017,July,27,2,2,1,2,0.0,0,BB,USA,Direct,Direct,0,0,0,D,D,2,No Deposit,14.0,0,Transient,130.5,0,1
City Hotel,0,239,2017,June,26,30,2,3,2,0.0,0,BB,GBR,Online TA,TA/TO,0,0,0,A,A,0,No Deposit,9.0,0,Transient,109.08,0,2
City Hotel,0,188,2017,June,26,28,2,5,2,0.0,0,BB,DEU,Offline TA/TO,TA/TO,0,0,0,A,A,0,No Deposit,27.0,0,Transient,83.96,0,1
City Hotel,0,462,2017,July,26,1,2,2,2,0.0,0,BB,AUS,Groups,TA/TO,0,0,0,A,A,1,No Deposit,229.0,0,Transient-Party,107.0,0,1
City Hotel,0,114,2017,July,27,4,0,1,2,0.0,0,BB,CN,Online TA,TA/TO,0,0,0,D,D,0,No Deposit,7.0,0,Transient,108.0,0,1
City Hotel,0,162,2017,July,26,1,2,2,2,0.0,0,BB,AUT,Offline TA/TO,TA/TO,0,0,0,A,A,0,No Deposit,42.0,0,Transient,80.1,0,0
City Hotel,0,152,2017,June,26,29,2,5,2,0.0,0,BB,GBR,Offline TA/TO,TA/TO,0,0,0,A,A,0,No Deposit,85.0,0,Transient,80.1,0,1
City Hotel,0,405,2017,July,27,4,0,2,2,0.0,0,HB,DEU,Offline TA/TO,TA/TO,0,0,0,A,A,0,No Deposit,6.0,0,Transient-Party,114.4,0,0
City Hotel,0,462,2017,July,26,1,2,3,2,0.0,0,BB,AUS,Groups,TA/TO,0,0,0,A,A,1,No Deposit,229.0,0,Transient-Party,103.6,0,1
City Hotel,0,405,2017,July,27,4,0,2,2,0.0,0,HB,DEU,Offline TA/TO,TA/TO,0,0,0,A,A,0,No Deposit,6.0,0,Transient-Party,114.4,0,0
City Hotel,0,405,2017,July,27,4,0,2,2,0.0,0,HB,DEU,Offline TA/TO,TA/TO,0,0,0,A,A,0,No Deposit,6.0,0,Transient-Party,114.4,0,0
City Hotel,0,405,2017,July,27,4,0,2,2,0.0,0,HB,DEU,Offline TA/TO,TA/TO,0,0,0,A,A,0,No Deposit,6.0,0,Transient-Party,114.4,0,0
City Hotel,0,405,2017,July,27,4,0,2,2,0.0,0,HB,DEU,Offline TA/TO,TA/TO,0,0,0,A,A,0,No Deposit,6.0,0,Transient-Party,114.4,0,0
City Hotel,0,405,2017,July,27,4,0,2,2,0.0,0,HB,DEU,Offline TA/TO,TA/TO,0,0,0,A,A,0,No Deposit,6.0,0,Transient-Party,114.4,0,0
City Hotel,0,405,2017,July,27,4,0,2,2,0.0,0,HB,DEU,Offline TA/TO,TA/TO,0,0,0,A,A,0,No Deposit,6.0,0,Transient-Party,114.4,0,0
City Hotel,0,405,2017,July,27,4,0,2,2,0.0,0,HB,CHE,Offline TA/TO,TA/TO,0,0,0,A,A,0,No Deposit,6.0,0,Transient-Party,114.4,0,0
City Hotel,0,405,2017,July,27,4,0,2,2,0.0,0,HB,DEU,Offline TA/TO,TA/TO,0,0,0,A,A,0,No Deposit,6.0,0,Transient-Party,114.4,0,0
City Hotel,0,405,2017,July,27,4,0,2,2,0.0,0,HB,DEU,Offline TA/TO,TA/TO,0,0,0,A,A,0,No Deposit,6.0,0,Transient-Party,114.4,0,0
City Hotel,0,405,2017,July,27,4,0,2,2,0.0,0,HB,DEU,Offline TA/TO,TA/TO,0,0,0,A,A,0,No Deposit,6.0,0,Transient-Party,114.4,0,0
City Hotel,0,405,2017,July,27,4,0,2,2,0.0,0,HB,DEU,Offline TA/TO,TA/TO,0,0,0,A,A,0,No Deposit,6.0,0,Transient-Party,114.4,0,0
City Hotel,0,150,2017,July,27,3,1,2,2,0.0,0,BB,DEU,Online TA,TA/TO,0,0,0,D,D,0,No Deposit,9.0,0,Transient,116.1,0,0
City Hotel,0,405,2017,July,27,4,0,2,2,0.0,0,HB,DEU,Offline TA/TO,TA/TO,0,0,0,A,A,0,No Deposit,6.0,0,Transient-Party,114.4,0,0
City Hotel,0,405,2017,July,27,4,0,2,2,0.0,0,HB,DEU,Offline TA/TO,TA/TO,0,0,0,A,A,0,No Deposit,6.0,0,Transient-Party,114.4,0,0
City Hotel,0,405,2017,July,27,4,0,2,2,0.0,0,HB,DEU,Offline TA/TO,TA/TO,0,0,0,A,A,0,No Deposit,6.0,0,Transient-Party,114.4,0,0
City Hotel,0,405,2017,July,27,4,0,2,2,0.0,0,HB,DEU,Offline TA/TO,TA/TO,0,0,0,A,A,0,No Deposit,6.0,0,Transient-Party,114.4,0,0
City Hotel,0,405,2017,July,27,4,0,2,2,0.0,0,HB,DEU,Offline TA/TO,TA/TO,0,0,0,A,A,0,No Deposit,6.0,0,Transient-Party,114.4,0,0
City Hotel,0,405,2017,July,27,4,0,2,2,0.0,0,HB,AUT,Offline TA/TO,TA/TO,0,0,0,A,A,0,No Deposit,6.0,0,Transient-Party,114.4,0,0
City Hotel,0,156,2017,June,26,30,2,4,2,0.0,0,BB,DEU,Offline TA/TO,TA/TO,0,0,0,A,A,0,No Deposit,16.0,0,Transient,80.1,0,0
City Hotel,0,405,2017,July,27,4,0,2,2,0.0,0,HB,DEU,Offline TA/TO,TA/TO,0,0,0,A,A,0,No Deposit,6.0,0,Transient-Party,114.4,0,0
City Hotel,0,405,2017,July,27,4,0,2,2,0.0,0,HB,DEU,Offline TA/TO,TA/TO,0,0,0,A,A,0,No Deposit,6.0,0,Transient-Party,114.4,0,0
City Hotel,0,405,2017,July,27,4,0,2,2,0.0,0,HB,DEU,Offline TA/TO,TA/TO,0,0,0,A,A,0,No Deposit,6.0,0,Transient-Party,114.4,0,0
City Hotel,0,405,2017,July,27,4,0,2,2,0.0,0,HB,DEU,Offline TA/TO,TA/TO,0,0,0,A,A,0,No Deposit,6.0,0,Transient-Party,114.4,0,0
City Hotel,0,405,2017,July,27,4,0,2,2,0.0,0,HB,DEU,Offline TA/TO,TA/TO,0,0,0,A,A,0,No Deposit,6.0,0,Transient-Party,114.4,0,0
City Hotel,0,64,2017,July,27,5,0,1,2,0.0,0,BB,ESP,Direct,Direct,0,0,0,D,D,0,No Deposit,,0,Transient,130.0,0,2
City Hotel,0,405,2017,July,27,4,0,2,2,0.0,0,HB,DEU,Offline TA/TO,TA/TO,0,0,0,A,A,0,No Deposit,6.0,0,Transient-Party,114.4,0,0
City Hotel,0,405,2017,July,27,4,0,2,2,0.0,0,HB,DEU,Offline TA/TO,TA/TO,0,0,0,A,A,0,No Deposit,6.0,0,Transient-Party,114.4,0,0
City Hotel,0,405,2017,July,27,4,0,2,2,0.0,0,HB,DEU,Offline TA/TO,TA/TO,0,0,0,A,A,0,No Deposit,6.0,0,Transient-Party,114.4,0,0
City Hotel,0,405,2017,July,27,4,0,2,2,0.0,0,HB,DEU,Offline TA/TO,TA/TO,0,0,0,A,A,0,No Deposit,6.0,0,Transient-Party,114.4,0,0
City Hotel,0,405,2017,July,27,4,0,2,2,0.0,0,HB,DNK,Offline TA/TO,TA/TO,0,0,0,A,A,0,No Deposit,6.0,0,Transient-Party,114.4,0,0
City Hotel,0,405,2017,July,27,4,0,2,2,0.0,0,HB,DEU,Offline TA/TO,TA/TO,0,0,0,A,A,0,No Deposit,6.0,0,Transient-Party,114.4,0,0
City Hotel,0,10,2017,July,27,4,0,2,2,0.0,0,BB,ITA,Online TA,TA/TO,0,0,0,A,A,1,No Deposit,9.0,0,Transient,140.0,0,0
City Hotel,0,405,2017,July,27,4,0,2,2,0.0,0,HB,KNA,Offline TA/TO,TA/TO,0,0,0,A,A,0,No Deposit,6.0,0,Transient-Party,114.4,0,0
City Hotel,0,405,2017,July,27,4,0,2,2,0.0,0,HB,DEU,Offline TA/TO,TA/TO,0,0,0,A,A,0,No Deposit,6.0,0,Transient-Party,114.4,0,0
City Hotel,0,200,2017,June,26,29,2,5,2,0.0,0,BB,GBR,Direct,Direct,0,0,0,A,A,0,No Deposit,14.0,0,Transient,91.93,0,1
City Hotel,0,62,2017,July,27,5,0,1,2,0.0,0,BB,IRL,Online TA,TA/TO,0,0,0,D,E,0,No Deposit,9.0,0,Transient,150.0,0,1
City Hotel,0,265,2017,June,25,24,4,8,2,0.0,0,BB,DNK,Online TA,TA/TO,0,0,0,A,A,0,No Deposit,8.0,0,Transient,112.87,0,2
City Hotel,0,265,2017,June,25,24,4,8,2,0.0,0,BB,DNK,Online TA,TA/TO,0,0,0,A,A,0,No Deposit,8.0,0,Transient,112.87,0,2
City Hotel,0,300,2017,June,25,24,4,8,2,0.0,0,BB,DNK,Online TA,TA/TO,0,0,0,A,A,6,No Deposit,9.0,0,Transient,109.28,0,1
City Hotel,0,300,2017,June,25,24,4,8,2,0.0,0,BB,DNK,Online TA,TA/TO,0,0,0,A,A,6,No Deposit,9.0,0,Transient,109.28,0,1
City Hotel,0,203,2017,July,27,4,0,2,2,0.0,0,BB,BEL,Online TA,TA/TO,0,0,0,A,D,3,No Deposit,9.0,0,Transient,94.05,0,0
City Hotel,0,405,2017,July,27,4,0,2,2,0.0,0,HB,DEU,Offline TA/TO,TA/TO,0,0,0,A,A,0,No Deposit,6.0,0,Transient-Party,114.4,0,0
City Hotel,0,405,2017,July,27,4,0,2,2,0.0,0,HB,DEU,Offline TA/TO,TA/TO,0,0,0,A,A,0,No Deposit,6.0,0,Transient-Party,114.4,0,0
City Hotel,0,405,2017,July,27,4,0,2,2,0.0,0,HB,DEU,Offline TA/TO,TA/TO,0,0,0,A,A,0,No Deposit,6.0,0,Transient-Party,114.4,0,0
City Hotel,0,405,2017,July,27,4,0,2,2,0.0,0,HB,DEU,Offline TA/TO,TA/TO,0,0,0,A,A,0,No Deposit,6.0,0,Transient-Party,114.4,0,0
City Hotel,0,405,2017,July,27,4,0,2,2,0.0,0,HB,DEU,Offline TA/TO,TA/TO,0,0,0,A,A,0,No Deposit,6.0,0,Transient-Party,114.4,0,0
City Hotel,0,405,2017,July,27,4,0,2,2,0.0,0,HB,DEU,Offline TA/TO,TA/TO,0,0,0,A,A,0,No Deposit,6.0,0,Transient-Party,114.4,0,0
City Hotel,0,405,2017,July,27,4,0,2,2,0.0,0,HB,DEU,Offline TA/TO,TA/TO,0,0,0,A,A,0,No Deposit,6.0,0,Transient-Party,114.4,0,0
City Hotel,0,405,2017,July,27,4,0,2,2,0.0,0,HB,DEU,Offline TA/TO,TA/TO,0,0,0,A,A,0,No Deposit,6.0,0,Transient-Party,114.4,0,0
City Hotel,0,74,2017,July,27,4,0,2,2,0.0,0,BB,ARG,Online TA,TA/TO,0,0,0,D,D,0,No Deposit,9.0,0,Transient,150.0,0,0
City Hotel,0,405,2017,July,27,4,0,2,2,0.0,0,HB,DEU,Offline TA/TO,TA/TO,0,0,0,A,A,0,No Deposit,6.0,0,Transient-Party,114.4,0,0
City Hotel,0,405,2017,July,27,4,0,2,2,0.0,0,HB,DEU,Offline TA/TO,TA/TO,0,0,0,A,A,0,No Deposit,6.0,0,Transient-Party,114.4,0,0
City Hotel,0,405,2017,July,27,4,0,2,2,0.0,0,HB,DEU,Offline TA/TO,TA/TO,0,0,0,A,A,0,No Deposit,6.0,0,Transient-Party,114.4,0,0
City Hotel,0,405,2017,July,27,4,0,2,2,0.0,0,HB,DEU,Offline TA/TO,TA/TO,0,0,0,A,A,0,No Deposit,6.0,0,Transient-Party,114.4,0,0
City Hotel,0,405,2017,July,27,4,0,2,2,0.0,0,HB,DEU,Offline TA/TO,TA/TO,0,0,0,A,A,0,No Deposit,6.0,0,Transient-Party,114.4,0,0
City Hotel,0,245,2017,June,26,29,2,5,2,0.0,0,SC,IRL,Online TA,TA/TO,0,0,0,A,A,0,No Deposit,9.0,0,Transient,91.93,0,1
City Hotel,0,405,2017,July,27,4,0,2,2,0.0,0,HB,DEU,Offline TA/TO,TA/TO,0,0,0,A,A,0,No Deposit,6.0,0,Transient-Party,114.4,0,0
City Hotel,0,176,2017,July,27,3,1,2,2,0.0,0,BB,CHE,Online TA,TA/TO,0,0,0,E,E,0,No Deposit,9.0,0,Transient,143.1,0,1
City Hotel,0,405,2017,July,27,4,0,2,2,0.0,0,HB,DEU,Offline TA/TO,TA/TO,0,0,0,A,A,0,No Deposit,6.0,0,Transient-Party,114.4,0,0
City Hotel,0,175,2017,June,26,29,2,5,2,0.0,0,BB,DEU,Direct,Direct,0,0,0,A,A,0,No Deposit,14.0,0,Transient,91.93,0,0
City Hotel,0,405,2017,July,27,4,0,2,2,0.0,0,HB,DEU,Offline TA/TO,TA/TO,0,0,0,A,A,0,No Deposit,6.0,0,Transient-Party,114.4,0,0
City Hotel,0,405,2017,July,27,4,0,2,2,0.0,0,HB,DEU,Offline TA/TO,TA/TO,0,0,0,A,A,0,No Deposit,6.0,0,Transient-Party,114.4,0,0
City Hotel,0,405,2017,July,27,4,0,2,2,0.0,0,HB,PRT,Offline TA/TO,TA/TO,0,0,0,A,A,0,No Deposit,6.0,0,Transient-Party,114.4,0,0
City Hotel,0,405,2017,July,27,4,0,2,2,0.0,0,HB,DEU,Offline TA/TO,TA/TO,0,0,0,A,A,0,No Deposit,6.0,0,Transient-Party,114.4,0,0
City Hotel,0,10,2017,July,27,4,0,2,2,0.0,0,BB,ITA,Online TA,TA/TO,0,0,0,A,A,1,No Deposit,9.0,0,Transient,140.0,0,0
City Hotel,0,405,2017,July,27,4,0,2,2,0.0,0,HB,DEU,Offline TA/TO,TA/TO,0,0,0,A,A,0,No Deposit,6.0,0,Transient-Party,114.4,0,0
City Hotel,0,405,2017,July,27,4,0,2,2,0.0,0,HB,DEU,Offline TA/TO,TA/TO,0,0,0,A,A,0,No Deposit,6.0,0,Transient-Party,114.4,0,0
City Hotel,0,405,2017,July,27,4,0,2,2,0.0,0,HB,DEU,Offline TA/TO,TA/TO,0,0,0,A,A,0,No Deposit,6.0,0,Transient-Party,114.4,0,0
City Hotel,0,8,2017,July,27,4,0,2,2,0.0,0,BB,FRA,Direct,Direct,0,0,0,A,A,1,No Deposit,14.0,0,Transient-Party,170.0,0,1
City Hotel,0,140,2017,July,27,3,1,2,2,0.0,0,BB,FRA,Direct,Direct,0,0,0,D,D,1,No Deposit,14.0,0,Transient,111.6,0,0
City Hotel,0,177,2017,July,27,2,2,2,2,0.0,0,BB,DEU,Offline TA/TO,TA/TO,0,0,0,A,A,0,No Deposit,42.0,0,Transient,89.0,0,1
City Hotel,0,8,2017,July,27,2,2,2,2,0.0,0,SC,GBR,Online TA,TA/TO,0,0,0,A,A,0,No Deposit,79.0,0,Transient,106.6,0,0
City Hotel,0,8,2017,July,27,4,0,2,2,0.0,0,BB,FRA,Direct,Direct,0,0,0,A,A,1,No Deposit,14.0,0,Transient-Party,170.0,0,1
City Hotel,0,139,2017,July,27,2,2,2,2,0.0,0,BB,ESP,Direct,Direct,0,0,0,D,D,3,No Deposit,14.0,0,Transient,129.6,0,0
City Hotel,0,39,2017,July,27,5,0,1,2,0.0,0,SC,USA,Online TA,TA/TO,0,0,0,A,A,0,No Deposit,9.0,0,Transient,160.0,0,1
City Hotel,0,152,2017,July,27,6,0,1,2,0.0,0,SC,PRT,Online TA,TA/TO,0,0,0,A,D,0,No Deposit,9.0,0,Transient,89.1,0,0
City Hotel,0,236,2017,July,27,4,0,3,2,0.0,0,BB,DEU,Offline TA/TO,TA/TO,0,0,0,B,B,0,No Deposit,16.0,0,Transient-Party,80.1,0,0
City Hotel,0,236,2017,July,27,4,0,3,2,0.0,0,BB,DEU,Offline TA/TO,TA/TO,0,0,0,B,B,0,No Deposit,16.0,0,Transient-Party,80.1,0,0
City Hotel,0,155,2017,July,27,4,0,3,2,0.0,0,BB,GBR,Direct,Direct,0,0,0,D,D,0,No Deposit,,0,Transient,111.6,0,1
City Hotel,0,155,2017,July,27,4,0,3,2,0.0,0,BB,GBR,Direct,Direct,0,0,0,D,D,0,No Deposit,,0,Transient,111.6,0,1
City Hotel,0,17,2017,July,27,4,0,3,2,0.0,0,BB,ESP,Online TA,TA/TO,0,0,0,D,D,0,No Deposit,9.0,0,Transient-Party,179.0,0,2
City Hotel,0,162,2017,July,27,5,0,2,2,0.0,0,BB,DEU,Direct,Direct,0,0,0,D,D,0,No Deposit,14.0,0,Transient,108.5,0,0
City Hotel,0,7,2017,July,27,5,0,2,2,0.0,0,BB,ISR,Online TA,TA/TO,0,0,0,A,D,0,No Deposit,9.0,0,Transient,159.0,0,3
City Hotel,0,220,2017,July,27,3,1,3,2,0.0,0,BB,PRT,Direct,Direct,0,0,0,A,A,0,No Deposit,14.0,0,Transient,95.63,0,0
City Hotel,0,15,2017,July,27,6,0,1,2,0.0,0,BB,FRA,Online TA,TA/TO,0,0,0,A,A,0,No Deposit,9.0,0,Transient,140.0,0,1
City Hotel,0,146,2017,July,27,4,0,3,2,0.0,0,BB,BEL,Direct,Direct,0,0,0,D,D,0,No Deposit,14.0,0,Transient,111.6,0,1
City Hotel,0,146,2017,July,27,2,2,3,2,0.0,0,BB,BEL,Offline TA/TO,TA/TO,0,0,0,D,D,0,No Deposit,6.0,0,Transient,99.0,0,0
City Hotel,0,6,2017,July,27,4,0,3,2,0.0,0,BB,CHE,Online TA,TA/TO,0,0,0,A,A,1,No Deposit,9.0,0,Transient,166.0,0,1
City Hotel,0,177,2017,July,26,1,2,4,2,0.0,0,BB,DEU,Offline TA/TO,TA/TO,0,0,0,A,A,0,No Deposit,27.0,0,Transient,80.1,0,0
City Hotel,0,7,2017,July,27,6,0,1,2,0.0,0,SC,CN,Direct,Direct,0,0,0,A,A,0,No Deposit,14.0,0,Transient,118.0,0,0
City Hotel,0,74,2017,July,27,5,0,2,2,0.0,0,BB,DEU,Online TA,TA/TO,0,0,0,A,C,0,No Deposit,85.0,0,Transient,80.1,0,0
City Hotel,0,7,2017,July,27,6,0,1,2,0.0,0,BB,CHE,Online TA,TA/TO,0,0,0,A,A,0,No Deposit,9.0,0,Transient,138.0,0,2
City Hotel,0,177,2017,July,26,1,2,4,2,0.0,0,BB,PRT,Offline TA/TO,TA/TO,0,0,0,A,A,0,No Deposit,27.0,0,Transient,80.1,0,1
City Hotel,0,184,2017,June,26,30,2,5,2,0.0,0,BB,BEL,Online TA,TA/TO,0,0,0,A,A,0,No Deposit,9.0,0,Transient,108.51,0,2
City Hotel,0,57,2017,July,27,5,0,2,2,0.0,0,SC,CN,Online TA,TA/TO,0,0,0,A,D,0,No Deposit,9.0,0,Transient,120.0,0,1
City Hotel,0,153,2017,June,26,30,2,5,2,0.0,0,HB,DEU,Online TA,TA/TO,0,0,0,D,D,0,No Deposit,9.0,0,Transient,153.51,0,0
City Hotel,0,12,2017,July,27,6,0,1,2,0.0,0,SC,NLD,Online TA,TA/TO,0,0,0,A,A,0,No Deposit,9.0,0,Transient,120.0,0,1
City Hotel,0,314,2017,July,27,5,0,2,2,0.0,0,BB,AUS,Online TA,TA/TO,0,0,0,A,D,0,No Deposit,9.0,0,Transient,103.5,0,3
City Hotel,0,42,2017,July,27,6,0,1,2,0.0,0,SC,CN,Online TA,TA/TO,0,0,0,A,A,0,No Deposit,9.0,0,Transient,109.0,0,1
City Hotel,0,224,2017,July,27,2,2,3,2,0.0,0,SC,GBR,Online TA,TA/TO,0,0,0,A,A,0,No Deposit,9.0,0,Transient,89.1,0,0
City Hotel,0,16,2017,July,27,6,0,1,2,0.0,0,BB,FRA,Online TA,TA/TO,0,0,0,A,A,0,No Deposit,9.0,0,Transient,140.0,0,1
City Hotel,0,16,2017,July,27,6,0,2,2,0.0,0,BB,CHN,Online TA,TA/TO,0,0,0,E,E,0,No Deposit,9.0,0,Transient,171.0,0,1
City Hotel,0,169,2017,July,27,6,0,2,2,0.0,0,BB,NOR,Online TA,TA/TO,0,0,0,A,A,2,No Deposit,9.0,0,Transient-Party,107.1,0,0
City Hotel,0,185,2017,July,27,3,1,4,2,0.0,0,BB,DNK,Online TA,TA/TO,0,0,0,A,A,0,No Deposit,9.0,0,Transient,107.1,0,1
City Hotel,0,301,2017,July,27,4,0,4,2,0.0,0,BB,BRA,Online TA,TA/TO,0,0,0,D,D,1,No Deposit,9.0,0,Transient,139.5,0,2
City Hotel,0,15,2017,July,27,6,0,2,2,0.0,0,HB,ITA,Online TA,TA/TO,0,0,0,F,F,0,No Deposit,7.0,0,Transient,237.6,0,1
City Hotel,0,73,2017,July,27,6,0,2,2,0.0,0,BB,DEU,Online TA,TA/TO,0,0,0,D,D,0,No Deposit,7.0,0,Transient,120.0,0,1
City Hotel,0,72,2017,July,26,1,2,5,2,0.0,0,BB,FRA,Online TA,TA/TO,0,0,0,D,D,0,No Deposit,7.0,0,Transient,114.0,0,1
City Hotel,0,72,2017,July,26,1,2,5,2,0.0,0,BB,FRA,Online TA,TA/TO,0,0,0,D,D,0,No Deposit,7.0,0,Transient,114.0,0,1
City Hotel,0,176,2017,July,27,7,0,1,2,0.0,0,BB,IRL,Direct,Direct,0,0,0,A,D,2,No Deposit,14.0,0,Transient-Party,95.63,0,1
City Hotel,0,276,2017,July,27,4,0,4,2,0.0,0,BB,BRA,Online TA,TA/TO,0,0,0,A,A,0,No Deposit,9.0,0,Transient,107.1,0,0
City Hotel,0,214,2017,July,27,3,1,4,2,0.0,0,BB,PRT,Direct,Direct,0,0,0,A,A,0,No Deposit,14.0,0,Transient-Party,89.1,0,1
City Hotel,0,214,2017,July,27,3,1,4,2,0.0,0,BB,ESP,Direct,Direct,0,0,0,A,A,0,No Deposit,14.0,0,Transient-Party,98.1,1,2
City Hotel,0,129,2017,July,27,6,0,2,2,0.0,0,SC,GBR,Online TA,TA/TO,0,0,0,A,A,0,No Deposit,9.0,0,Transient,108.0,0,0
City Hotel,0,222,2017,July,27,5,0,3,2,0.0,0,BB,FRA,Online TA,TA/TO,0,0,0,A,A,1,No Deposit,9.0,0,Transient-Party,107.1,0,2
City Hotel,0,245,2017,July,27,4,0,4,2,0.0,0,SC,DEU,Online TA,TA/TO,0,0,0,A,A,0,No Deposit,7.0,0,Transient,65.18,0,1
City Hotel,0,273,2017,July,27,4,0,4,2,0.0,0,SC,BRA,Online TA,TA/TO,0,0,0,A,A,0,No Deposit,9.0,0,Transient-Party,89.1,0,1
City Hotel,0,222,2017,July,27,5,0,3,2,0.0,0,BB,FRA,Online TA,TA/TO,0,0,0,A,A,1,No Deposit,9.0,0,Transient-Party,107.1,0,2
City Hotel,0,294,2017,July,26,1,2,5,2,0.0,0,SC,CZE,Online TA,TA/TO,0,0,0,A,A,0,No Deposit,9.0,0,Transient,99.0,0,1
City Hotel,0,131,2017,July,27,7,0,1,2,0.0,0,SC,CN,Online TA,TA/TO,0,0,0,A,A,0,No Deposit,9.0,0,Transient,89.1,0,0
City Hotel,0,222,2017,July,27,6,0,2,2,0.0,0,BB,GBR,Offline TA/TO,TA/TO,0,0,0,A,A,0,No Deposit,229.0,0,Transient,90.0,0,0
City Hotel,0,176,2017,July,27,7,0,1,2,0.0,0,SC,GBR,Online TA,TA/TO,0,0,0,A,A,0,No Deposit,7.0,0,Transient,65.18,0,1
City Hotel,0,177,2017,July,27,3,1,4,2,0.0,0,BB,BEL,Online TA,TA/TO,0,0,0,A,A,0,No Deposit,9.0,0,Transient,107.1,0,1
City Hotel,0,49,2017,July,27,6,0,2,2,0.0,0,SC,ROU,Online TA,TA/TO,0,0,0,A,A,0,No Deposit,9.0,0,Transient,134.5,0,1
City Hotel,0,0,2017,July,27,6,0,2,2,0.0,0,BB,ESP,Direct,Direct,0,0,0,A,D,1,No Deposit,,0,Transient,81.0,0,0
City Hotel,0,219,2017,July,27,4,0,4,2,0.0,0,BB,NOR,Online TA,TA/TO,0,0,0,A,A,0,No Deposit,9.0,0,Transient,107.1,0,2
City Hotel,0,172,2017,July,27,6,0,2,2,0.0,0,SC,CN,Online TA,TA/TO,0,0,0,A,A,0,No Deposit,9.0,0,Transient,89.1,0,0
City Hotel,0,6,2017,July,27,6,0,2,2,0.0,0,SC,GBR,Online TA,TA/TO,0,0,0,A,A,0,No Deposit,9.0,0,Transient,129.0,0,0
City Hotel,0,112,2017,July,27,6,0,2,2,0.0,0,SC,FRA,Online TA,TA/TO,0,0,0,A,A,0,No Deposit,9.0,0,Transient,108.0,0,0
City Hotel,0,97,2017,July,27,6,0,2,2,0.0,0,SC,DEU,Online TA,TA/TO,0,0,0,A,A,0,No Deposit,9.0,0,Transient,120.0,0,1
City Hotel,0,97,2017,July,27,6,0,2,2,0.0,0,SC,DEU,Online TA,TA/TO,0,0,0,A,A,0,No Deposit,9.0,0,Transient,120.0,0,1
City Hotel,0,19,2017,July,27,6,0,2,2,0.0,0,SC,PRT,Online TA,TA/TO,0,0,0,A,A,0,No Deposit,9.0,0,Transient,140.0,0,1
City Hotel,0,268,2017,July,27,6,0,2,2,0.0,0,BB,NLD,Direct,Direct,0,0,0,B,A,0,No Deposit,14.0,0,Transient,106.4,0,0
City Hotel,0,188,2017,July,27,7,0,1,2,0.0,0,SC,DEU,Online TA,TA/TO,0,0,0,A,A,2,No Deposit,9.0,0,Transient,89.1,0,0
City Hotel,0,273,2017,July,27,4,0,4,2,0.0,0,SC,BRA,Online TA,TA/TO,0,0,0,A,A,0,No Deposit,9.0,0,Transient-Party,89.1,0,1
City Hotel,0,9,2017,July,27,6,0,2,2,0.0,0,BB,FRA,Online TA,TA/TO,0,0,0,E,E,0,No Deposit,9.0,0,Transient,189.0,0,2
City Hotel,0,62,2017,July,27,4,0,4,2,0.0,0,BB,CN,Online TA,TA/TO,0,0,0,D,D,0,No Deposit,7.0,0,Transient,110.2,0,1
City Hotel,0,80,2017,July,27,7,0,1,2,0.0,0,BB,DNK,Direct,Direct,0,0,0,A,A,0,No Deposit,14.0,0,Transient-Party,108.0,0,1
City Hotel,0,80,2017,July,27,7,0,1,2,0.0,0,BB,DNK,Direct,Direct,0,0,0,A,A,0,No Deposit,14.0,0,Transient-Party,108.0,0,1
City Hotel,0,131,2017,July,27,7,0,1,2,0.0,0,BB,SWE,Online TA,TA/TO,0,0,0,A,D,0,No Deposit,9.0,0,Transient,107.1,0,0
City Hotel,0,80,2017,July,27,7,0,1,2,0.0,0,BB,DNK,Direct,Direct,0,0,0,A,C,0,No Deposit,14.0,0,Transient-Party,108.0,0,1
City Hotel,0,176,2017,July,27,7,0,1,2,0.0,0,BB,PRT,Direct,Direct,0,0,0,A,D,2,No Deposit,14.0,0,Transient-Party,86.63,0,1
City Hotel,0,246,2017,July,27,6,0,3,2,0.0,0,SC,DEU,Online TA,TA/TO,0,0,0,A,A,0,No Deposit,9.0,0,Transient,89.1,0,0
City Hotel,0,167,2017,July,27,7,0,2,2,0.0,0,BB,NLD,Direct,Direct,0,0,0,A,A,0,No Deposit,14.0,0,Transient-Party,89.1,0,2
City Hotel,0,167,2017,July,27,7,0,2,2,0.0,0,BB,DNK,Direct,Direct,0,0,0,A,A,0,No Deposit,14.0,0,Transient-Party,89.1,0,2
City Hotel,0,175,2017,July,27,7,0,2,2,0.0,0,SC,GBR,Online TA,TA/TO,0,0,0,A,D,0,No Deposit,9.0,0,Transient,89.1,0,0
City Hotel,0,87,2017,July,27,6,0,3,2,0.0,0,BB,GBR,Direct,Direct,0,0,0,D,C,0,No Deposit,14.0,0,Transient,130.5,0,1
City Hotel,0,122,2017,July,27,8,0,1,2,0.0,0,BB,PRT,Online TA,TA/TO,0,0,0,A,A,3,No Deposit,9.0,0,Transient-Party,126.0,0,1
City Hotel,0,175,2017,July,27,5,0,4,2,0.0,0,SC,IRL,Online TA,TA/TO,0,0,0,A,A,0,No Deposit,9.0,0,Transient,89.1,0,0
City Hotel,0,133,2017,July,27,8,0,1,2,0.0,0,BB,CN,Online TA,TA/TO,0,0,0,A,A,0,No Deposit,9.0,0,Transient,107.1,0,1
City Hotel,0,307,2017,July,27,7,0,2,2,0.0,0,BB,PRT,Online TA,TA/TO,0,0,0,B,A,1,No Deposit,9.0,0,Transient,93.64,0,0
City Hotel,0,307,2017,July,27,7,0,2,2,0.0,0,BB,PRT,Online TA,TA/TO,0,0,0,B,A,0,No Deposit,9.0,0,Transient,93.65,0,0
City Hotel,0,193,2017,July,27,4,0,5,2,0.0,0,BB,CHE,Online TA,TA/TO,0,0,0,A,A,0,No Deposit,9.0,0,Transient,116.1,1,0
City Hotel,0,181,2017,July,27,6,0,3,2,0.0,0,BB,POL,Direct,Direct,0,0,0,A,A,0,No Deposit,14.0,0,Transient,89.1,0,0
City Hotel,0,224,2017,July,27,6,0,3,2,0.0,0,BB,ESP,Online TA,TA/TO,0,0,0,A,A,2,No Deposit,9.0,0,Transient,107.1,0,2
City Hotel,0,170,2017,July,27,8,0,1,2,0.0,0,BB,USA,Direct,Direct,0,0,0,A,F,0,No Deposit,14.0,0,Transient,89.1,0,1
City Hotel,0,88,2017,July,27,6,0,3,2,0.0,0,BB,GBR,Online TA,TA/TO,0,0,0,D,D,0,No Deposit,9.0,0,Transient,150.0,0,1
City Hotel,0,179,2017,July,27,5,0,4,2,0.0,0,BB,FRA,Online TA,TA/TO,0,0,0,A,A,1,No Deposit,8.0,0,Transient,108.1,0,1
City Hotel,0,117,2017,July,27,7,0,2,2,0.0,0,SC,CN,Online TA,TA/TO,0,0,0,A,A,0,No Deposit,9.0,0,Transient,108.0,0,0
City Hotel,0,161,2017,July,27,8,0,1,2,0.0,0,BB,ESP,Direct,Direct,0,0,0,A,D,0,No Deposit,14.0,0,Transient,98.1,1,0
City Hotel,0,261,2017,July,27,5,0,4,2,0.0,0,BB,GBR,Online TA,TA/TO,0,0,0,A,A,0,No Deposit,9.0,0,Transient,107.1,0,1
City Hotel,0,139,2017,July,27,6,0,3,2,0.0,0,BB,FRA,Offline TA/TO,TA/TO,0,0,0,A,A,0,No Deposit,85.0,0,Transient,80.1,0,1
City Hotel,0,239,2017,July,27,5,0,4,2,0.0,0,SC,DEU,Online TA,TA/TO,0,0,0,A,A,0,No Deposit,9.0,0,Transient,89.1,0,3
City Hotel,0,178,2017,July,27,6,0,3,2,0.0,0,SC,PRT,Online TA,TA/TO,0,0,0,A,A,0,No Deposit,9.0,0,Transient,89.1,0,2
City Hotel,0,183,2017,July,27,6,0,3,2,0.0,0,BB,PRT,Online TA,TA/TO,0,0,0,A,A,0,No Deposit,9.0,0,Transient,116.1,1,1
City Hotel,0,70,2017,July,27,6,0,3,2,0.0,0,BB,GBR,Online TA,TA/TO,0,0,0,D,D,4,No Deposit,9.0,0,Transient,150.0,0,2
City Hotel,0,89,2017,July,27,8,0,1,2,0.0,0,BB,GBR,Direct,Direct,0,0,0,D,D,1,No Deposit,14.0,0,Transient,170.5,0,1
City Hotel,0,223,2017,July,27,6,0,3,2,0.0,0,BB,GBR,Offline TA/TO,TA/TO,0,0,0,A,A,0,No Deposit,42.0,0,Transient,80.1,0,0
City Hotel,0,164,2017,July,27,5,0,4,2,0.0,0,BB,FRA,Online TA,TA/TO,0,0,0,D,D,0,No Deposit,9.0,0,Transient,116.1,0,1
City Hotel,0,194,2017,July,27,6,0,3,2,0.0,0,BB,LUX,Online TA,TA/TO,0,0,0,A,A,0,No Deposit,9.0,0,Transient,116.1,1,0
City Hotel,0,123,2017,July,27,7,0,2,2,0.0,0,SC,BRA,Online TA,TA/TO,0,0,0,A,D,0,No Deposit,9.0,0,Transient,108.0,0,0
City Hotel,0,200,2017,July,27,4,0,5,2,0.0,0,BB,ESP,Direct,Direct,0,0,0,A,A,0,No Deposit,14.0,0,Transient-Party,89.1,0,1
City Hotel,0,228,2017,July,27,7,0,2,2,0.0,0,SC,ESP,Online TA,TA/TO,0,0,0,A,D,0,No Deposit,9.0,0,Transient,89.1,0,1
City Hotel,0,95,2017,July,27,6,0,3,2,0.0,0,SC,ITA,Online TA,TA/TO,0,0,0,A,A,0,No Deposit,9.0,0,Transient,120.0,0,1
City Hotel,0,200,2017,July,27,4,0,5,2,0.0,0,BB,ESP,Direct,Direct,0,0,0,A,A,0,No Deposit,14.0,0,Transient-Party,89.1,0,1
City Hotel,0,181,2017,July,27,3,1,5,2,0.0,0,BB,FRA,Offline TA/TO,TA/TO,0,0,0,A,A,0,No Deposit,28.0,0,Transient,80.1,0,0
City Hotel,0,180,2017,July,27,2,2,5,2,0.0,0,SC,GBR,Online TA,TA/TO,0,0,0,A,A,0,No Deposit,9.0,0,Transient,89.1,0,0
City Hotel,0,18,2017,July,27,8,0,1,2,0.0,0,BB,PRT,Direct,Direct,0,0,0,E,E,1,No Deposit,14.0,0,Transient-Party,195.0,0,2
City Hotel,0,116,2017,July,27,6,0,3,2,0.0,0,SC,GBR,Online TA,TA/TO,0,0,0,A,A,0,No Deposit,9.0,0,Transient,108.0,0,0
City Hotel,0,250,2017,July,27,8,0,1,2,0.0,0,SC,ESP,Online TA,TA/TO,0,0,0,A,A,0,No Deposit,9.0,0,Transient,89.1,0,0
City Hotel,0,116,2017,July,27,6,0,3,2,0.0,0,SC,GBR,Online TA,TA/TO,0,0,0,A,A,0,No Deposit,9.0,0,Transient,108.0,0,0
City Hotel,0,96,2017,July,27,7,0,2,2,0.0,0,SC,RUS,Online TA,TA/TO,0,0,0,A,A,1,No Deposit,9.0,0,Transient,120.0,0,1
City Hotel,0,46,2017,July,27,6,0,3,2,0.0,0,BB,CHN,Online TA,TA/TO,0,0,0,A,A,0,No Deposit,9.0,0,Transient,146.7,0,1
City Hotel,0,19,2017,July,27,7,0,2,2,0.0,0,BB,FRA,Online TA,TA/TO,0,0,0,E,E,0,No Deposit,9.0,0,Transient,200.0,0,1
City Hotel,0,225,2017,July,27,6,0,3,2,0.0,0,BB,GBR,Online TA,TA/TO,0,0,0,A,A,0,No Deposit,9.0,0,Transient,107.1,0,0
City Hotel,0,236,2017,July,27,6,0,3,2,0.0,0,BB,DEU,Online TA,TA/TO,0,0,0,A,A,0,No Deposit,9.0,0,Transient,107.1,0,1
City Hotel,0,238,2017,July,27,5,0,4,2,0.0,0,SC,GBR,Online TA,TA/TO,0,0,0,A,A,0,No Deposit,7.0,0,Transient,68.61,0,2
City Hotel,0,192,2017,July,27,6,0,3,2,0.0,0,BB,GBR,Direct,Direct,0,0,0,A,A,0,No Deposit,14.0,0,Transient,89.1,0,0
City Hotel,0,95,2017,July,27,6,0,3,2,0.0,0,SC,ITA,Online TA,TA/TO,0,0,0,A,A,0,No Deposit,9.0,0,Transient,120.0,0,1
City Hotel,0,241,2017,July,27,6,0,3,2,0.0,0,SC,GBR,Online TA,TA/TO,0,0,0,A,A,0,No Deposit,9.0,0,Transient,89.1,0,1
City Hotel,0,95,2017,July,27,6,0,3,2,0.0,0,SC,PRT,Online TA,TA/TO,0,0,0,A,A,0,No Deposit,9.0,0,Transient,120.0,0,1
City Hotel,0,1,2017,July,27,6,0,3,2,0.0,0,SC,USA,Online TA,TA/TO,0,0,0,D,D,0,No Deposit,152.0,0,Transient,89.67,0,0
City Hotel,0,0,2017,July,27,7,0,2,2,0.0,0,SC,NLD,Online TA,TA/TO,0,0,0,A,A,0,No Deposit,152.0,0,Transient,101.98,0,0
City Hotel,0,123,2017,July,27,5,0,4,2,0.0,0,BB,BEL,Online TA,TA/TO,0,0,0,E,E,0,No Deposit,9.0,0,Transient,171.0,0,0
City Hotel,0,95,2017,July,27,6,0,3,2,0.0,0,SC,ITA,Online TA,TA/TO,0,0,0,A,A,0,No Deposit,9.0,0,Transient,120.0,0,1
City Hotel,0,116,2017,July,27,6,0,3,2,0.0,0,SC,PRT,Online TA,TA/TO,0,0,0,A,A,0,No Deposit,9.0,0,Transient,108.0,0,0
City Hotel,0,21,2017,July,27,7,0,2,2,0.0,0,SC,FIN,Online TA,TA/TO,0,0,0,A,A,0,No Deposit,9.0,0,Transient,140.0,0,1
City Hotel,0,152,2017,July,27,8,0,1,2,0.0,0,BB,PRT,Online TA,TA/TO,0,0,0,D,D,0,No Deposit,9.0,0,Transient,116.1,0,2
City Hotel,0,33,2017,July,27,8,1,1,2,0.0,0,BB,BRA,Direct,Direct,0,0,0,A,A,0,No Deposit,14.0,0,Transient,86.63,0,0
City Hotel,0,157,2017,July,27,8,1,1,2,0.0,0,BB,USA,Direct,Direct,0,0,0,A,A,0,No Deposit,14.0,0,Transient,86.63,0,0
City Hotel,0,175,2017,July,27,5,1,4,2,0.0,0,BB,GBR,Online TA,TA/TO,0,0,0,A,A,0,No Deposit,9.0,0,Transient,107.1,0,0
City Hotel,0,162,2017,July,27,4,1,5,2,0.0,0,BB,BEL,Online TA,TA/TO,0,0,0,D,D,0,No Deposit,9.0,0,Transient-Party,116.1,0,1
City Hotel,0,95,2017,July,27,7,1,2,2,0.0,0,BB,FRA,Direct,Direct,0,0,0,A,A,0,No Deposit,14.0,0,Transient,108.0,0,1
City Hotel,0,214,2017,July,28,9,1,0,2,0.0,0,SC,USA,Online TA,TA/TO,0,0,0,A,A,0,No Deposit,9.0,0,Transient,89.1,0,3
City Hotel,0,214,2017,July,28,9,1,0,2,0.0,0,SC,USA,Online TA,TA/TO,0,0,0,A,A,0,No Deposit,9.0,0,Transient,89.1,0,3
City Hotel,0,102,2017,July,27,8,1,1,2,0.0,0,BB,ESP,Direct,Direct,0,0,0,A,A,0,No Deposit,14.0,0,Transient,108.0,0,1
City Hotel,0,96,2017,July,27,7,1,2,2,0.0,0,SC,IRL,Online TA,TA/TO,0,0,0,A,A,0,No Deposit,9.0,0,Transient,120.0,0,3
City Hotel,0,185,2017,July,27,7,1,2,2,0.0,0,SC,ESP,Online TA,TA/TO,0,0,0,A,A,0,No Deposit,9.0,0,Transient,89.1,0,0
City Hotel,0,18,2017,July,27,8,1,1,2,0.0,0,BB,PRT,Direct,Direct,0,0,0,E,E,2,No Deposit,14.0,0,Transient-Party,195.0,0,2
City Hotel,0,143,2017,July,27,7,1,2,2,0.0,0,BB,PRT,Offline TA/TO,TA/TO,0,0,0,A,A,0,No Deposit,85.0,0,Transient,80.1,0,0
City Hotel,0,31,2017,July,28,9,1,0,2,0.0,0,BB,POL,Online TA,TA/TO,0,0,0,A,A,0,No Deposit,9.0,0,Transient,160.0,0,1
City Hotel,0,133,2017,July,27,7,1,2,2,0.0,0,BB,BRA,Online TA,TA/TO,0,0,0,A,A,0,No Deposit,9.0,0,Transient,107.1,0,2
City Hotel,0,133,2017,July,27,7,1,2,2,0.0,0,BB,DEU,Online TA,TA/TO,0,0,0,A,A,0,No Deposit,9.0,0,Transient,107.1,0,2
City Hotel,0,181,2017,July,27,8,1,1,2,0.0,0,BB,BEL,Direct,Direct,0,0,0,A,A,0,No Deposit,14.0,0,Transient,89.1,0,0
City Hotel,0,171,2017,July,27,7,1,2,2,0.0,0,BB,GBR,Direct,Direct,0,0,0,D,D,0,No Deposit,14.0,0,Transient,111.6,0,0
City Hotel,0,151,2017,July,28,9,1,0,2,0.0,0,BB,NZL,Online TA,TA/TO,0,0,0,E,F,0,No Deposit,9.0,0,Transient,143.1,0,2
City Hotel,0,129,2017,July,27,6,1,3,2,0.0,0,SC,CHE,Online TA,TA/TO,0,0,0,A,A,0,No Deposit,9.0,0,Transient,89.1,0,0
City Hotel,0,171,2017,July,27,7,1,2,2,0.0,0,BB,GBR,Direct,Direct,0,0,0,D,D,0,No Deposit,14.0,0,Transient,111.6,0,0
City Hotel,0,223,2017,July,27,8,1,1,2,0.0,0,BB,CZE,Online TA,TA/TO,0,0,0,A,D,0,No Deposit,9.0,0,Transient,107.1,0,1
City Hotel,0,171,2017,July,27,7,1,2,2,0.0,0,BB,GBR,Direct,Direct,0,0,0,D,D,0,No Deposit,14.0,0,Transient,111.6,0,0
City Hotel,0,132,2017,July,27,7,1,2,2,0.0,0,SC,FRA,Online TA,TA/TO,0,0,0,A,A,0,No Deposit,9.0,0,Transient,89.1,0,0
City Hotel,0,171,2017,July,27,7,1,2,2,0.0,0,BB,GBR,Direct,Direct,0,0,0,D,D,0,No Deposit,14.0,0,Transient,111.6,0,0
City Hotel,0,20,2017,July,27,7,1,2,2,0.0,0,SC,NLD,Online TA,TA/TO,0,0,0,A,A,0,No Deposit,9.0,0,Transient,140.0,0,1
City Hotel,0,165,2017,July,27,7,1,2,2,0.0,0,BB,GBR,Online TA,TA/TO,0,0,0,D,D,0,No Deposit,9.0,0,Transient-Party,152.1,0,1
City Hotel,0,157,2017,July,27,8,1,1,2,0.0,0,BB,BRA,Direct,Direct,0,0,0,A,A,0,No Deposit,14.0,0,Transient,86.63,0,0
City Hotel,0,158,2017,July,27,6,1,3,2,0.0,0,BB,FRA,Online TA,TA/TO,0,0,0,D,A,0,No Deposit,9.0,0,Transient,116.1,0,0
City Hotel,0,234,2017,July,27,6,1,3,2,0.0,0,SC,GBR,Online TA,TA/TO,0,0,0,A,A,0,No Deposit,7.0,0,Transient,68.61,0,1
City Hotel,0,171,2017,July,27,7,1,2,2,0.0,0,BB,GBR,Direct,Direct,0,0,0,D,D,0,No Deposit,14.0,0,Transient,111.6,0,0
City Hotel,0,171,2017,July,27,7,1,2,2,0.0,0,BB,GBR,Direct,Direct,0,0,0,D,D,0,No Deposit,14.0,0,Transient,111.6,0,0
City Hotel,0,171,2017,July,27,7,1,2,2,0.0,0,BB,GBR,Direct,Direct,0,0,0,D,D,0,No Deposit,14.0,0,Transient,111.6,0,0
City Hotel,0,171,2017,July,27,6,1,3,2,0.0,0,SC,ITA,Online TA,TA/TO,0,0,0,A,A,0,No Deposit,7.0,0,Transient,68.61,0,1
City Hotel,0,0,2017,July,28,9,1,0,2,0.0,0,SC,USA,Online TA,TA/TO,0,0,0,A,A,0,No Deposit,9.0,0,Transient,140.0,0,1
City Hotel,0,171,2017,July,27,7,1,2,2,0.0,0,BB,GBR,Direct,Direct,0,0,0,D,D,0,No Deposit,14.0,0,Transient,111.6,0,0
City Hotel,0,168,2017,July,27,5,1,4,2,0.0,0,BB,DEU,Offline TA/TO,TA/TO,0,0,0,A,A,0,No Deposit,27.0,0,Transient,80.1,0,1
City Hotel,0,91,2017,July,27,8,1,1,2,0.0,0,BB,NOR,Online TA,TA/TO,0,0,0,D,D,0,No Deposit,9.0,0,Transient,150.0,0,3
City Hotel,0,211,2017,July,27,8,1,1,2,0.0,0,HB,FRA,Offline TA/TO,TA/TO,0,0,0,A,A,0,No Deposit,138.0,0,Transient,103.1,0,1
City Hotel,0,180,2017,July,27,7,1,2,2,0.0,0,BB,DEU,Direct,Direct,0,0,0,A,A,0,No Deposit,14.0,0,Transient,89.1,0,0
City Hotel,0,71,2017,July,27,7,1,2,2,0.0,0,BB,NOR,Online TA,TA/TO,0,0,0,D,D,0,No Deposit,9.0,0,Transient,150.0,0,1
City Hotel,0,180,2017,July,27,7,1,2,2,0.0,0,BB,DEU,Direct,Direct,0,0,0,A,A,0,No Deposit,14.0,0,Transient,89.1,0,0
City Hotel,0,182,2017,July,27,2,3,5,2,0.0,0,HB,RUS,Online TA,TA/TO,0,0,0,A,A,0,No Deposit,9.0,0,Transient,143.1,0,1
City Hotel,0,177,2017,July,27,6,1,3,2,0.0,0,BB,DEU,Direct,Direct,0,0,0,A,A,0,No Deposit,14.0,0,Transient,89.1,0,0
City Hotel,0,131,2017,July,27,6,1,3,2,0.0,0,SC,PRT,Online TA,TA/TO,0,0,0,A,A,0,No Deposit,9.0,0,Transient,89.1,0,0
City Hotel,0,5,2017,July,28,9,1,0,2,0.0,0,BB,PRT,Direct,Direct,0,0,0,A,A,0,No Deposit,,0,Transient,126.0,0,0
City Hotel,0,122,2017,July,27,7,1,2,2,0.0,0,SC,BEL,Online TA,TA/TO,0,0,0,A,A,0,No Deposit,9.0,0,Transient,117.0,1,0
City Hotel,0,122,2017,July,27,7,1,2,2,0.0,0,SC,BEL,Online TA,TA/TO,0,0,0,A,A,0,No Deposit,9.0,0,Transient,108.0,0,0
City Hotel,0,247,2017,July,27,8,1,1,2,0.0,0,SC,ITA,Online TA,TA/TO,0,0,0,A,A,0,No Deposit,9.0,0,Transient,89.1,0,1
City Hotel,0,231,2017,July,27,6,1,3,2,0.0,0,SC,GBR,Online TA,TA/TO,0,0,0,A,A,0,No Deposit,7.0,0,Transient,65.18,0,1
City Hotel,0,206,2017,July,27,3,2,5,2,0.0,0,BB,DNK,Online TA,TA/TO,0,0,0,A,A,0,No Deposit,9.0,0,Transient,107.1,0,1
City Hotel,0,157,2017,July,27,8,1,1,2,0.0,0,BB,BRA,Direct,Direct,0,0,0,A,A,0,No Deposit,14.0,0,Transient,86.63,0,0
City Hotel,0,96,2017,July,27,7,1,2,2,0.0,0,SC,FRA,Online TA,TA/TO,0,0,0,A,A,0,No Deposit,8.0,0,Transient-Party,116.0,0,1
City Hotel,0,29,2017,July,27,7,1,2,2,0.0,0,SC,GBR,Direct,Direct,0,0,0,A,A,0,No Deposit,14.0,0,Transient-Party,140.0,0,1
City Hotel,0,29,2017,July,27,7,1,2,2,0.0,0,SC,GBR,Direct,Direct,0,0,0,A,A,0,No Deposit,14.0,0,Transient-Party,140.0,0,1
City Hotel,0,18,2017,July,27,6,1,3,2,0.0,0,BB,PRT,Online TA,TA/TO,0,0,0,A,A,0,No Deposit,9.0,0,Transient-Party,160.0,0,2
City Hotel,0,29,2017,July,28,9,1,0,2,0.0,0,SC,ESP,Online TA,TA/TO,0,0,0,A,C,0,No Deposit,85.0,0,Transient,79.0,0,0
City Hotel,0,200,2017,July,27,4,2,5,2,0.0,0,BB,DEU,Direct,Direct,0,0,0,A,A,0,No Deposit,14.0,0,Transient,89.1,0,2
City Hotel,0,73,2017,July,27,8,2,1,2,0.0,0,BB,BRA,Online TA,TA/TO,0,0,0,D,D,0,No Deposit,9.0,0,Transient,150.0,0,2
City Hotel,0,0,2017,July,28,10,1,0,2,0.0,0,SC,VEN,Online TA,TA/TO,0,0,0,A,F,0,No Deposit,9.0,0,Transient,140.0,0,1
City Hotel,0,155,2017,July,27,3,3,5,2,0.0,0,BB,HUN,Online TA,TA/TO,0,0,0,D,D,0,No Deposit,9.0,0,Transient,116.1,0,1
City Hotel,0,173,2017,July,28,9,2,0,2,0.0,0,SC,NOR,Online TA,TA/TO,0,0,0,A,A,0,No Deposit,9.0,0,Transient,89.1,0,0
City Hotel,0,169,2017,July,28,10,1,0,2,0.0,0,BB,BRA,Online TA,TA/TO,0,0,0,A,A,1,No Deposit,9.0,0,Transient,125.1,0,2
City Hotel,0,158,2017,July,27,8,2,1,2,0.0,0,SC,GBR,Online TA,TA/TO,0,0,0,A,A,0,No Deposit,9.0,0,Transient,89.1,0,1
City Hotel,0,187,2017,July,27,4,2,5,2,0.0,0,BB,BEL,Online TA,TA/TO,0,0,0,A,A,0,No Deposit,9.0,0,Transient,107.1,0,1
City Hotel,0,89,2017,July,28,9,2,0,2,0.0,0,SC,FIN,Offline TA/TO,TA/TO,0,0,0,A,A,0,No Deposit,168.0,0,Transient,71.1,0,1
City Hotel,0,153,2017,July,27,8,2,1,2,0.0,0,BB,CHE,Online TA,TA/TO,0,0,0,D,D,0,No Deposit,9.0,0,Transient,152.1,0,0
City Hotel,0,19,2017,July,27,7,2,2,2,0.0,0,BB,BRA,Online TA,TA/TO,0,0,0,A,A,0,No Deposit,9.0,0,Transient,160.0,0,1
City Hotel,0,75,2017,July,27,8,2,1,2,0.0,0,SC,GBR,Online TA,TA/TO,0,0,0,A,A,0,No Deposit,9.0,0,Transient,120.0,0,1
City Hotel,0,28,2017,July,28,9,2,0,2,0.0,0,SC,FRA,Online TA,TA/TO,0,0,0,A,A,2,No Deposit,9.0,0,Transient,149.0,0,1
City Hotel,0,75,2017,July,27,4,2,5,2,0.0,0,BB,DEU,Online TA,TA/TO,0,0,0,D,D,0,No Deposit,9.0,0,Transient,150.0,0,1
City Hotel,0,81,2017,July,27,7,2,2,2,0.0,0,SC,SWE,Online TA,TA/TO,0,0,0,A,A,0,No Deposit,9.0,0,Transient,129.0,0,1
City Hotel,0,131,2017,July,27,6,2,3,2,0.0,0,SC,GBR,Online TA,TA/TO,0,0,0,A,A,0,No Deposit,9.0,0,Transient-Party,89.1,0,0
City Hotel,0,290,2017,July,27,3,3,5,2,0.0,0,BB,DEU,Online TA,TA/TO,0,0,0,A,A,0,No Deposit,9.0,0,Transient,107.1,0,1
City Hotel,0,170,2017,July,27,8,2,1,2,0.0,0,BB,NOR,Online TA,TA/TO,0,0,0,D,A,0,No Deposit,9.0,0,Transient-Party,152.1,0,1
City Hotel,0,171,2017,July,27,8,2,1,2,0.0,0,BB,FRA,Online TA,TA/TO,0,0,0,D,D,0,No Deposit,7.0,0,Transient,84.92,0,0
City Hotel,0,281,2017,July,27,6,2,3,2,0.0,0,BB,NLD,Offline TA/TO,TA/TO,0,0,0,A,A,0,No Deposit,121.0,0,Transient,75.65,0,1
City Hotel,0,246,2017,July,28,10,1,0,2,0.0,0,BB,DEU,Online TA,TA/TO,0,0,0,A,A,0,No Deposit,9.0,0,Transient,107.1,0,1
City Hotel,0,206,2017,July,28,9,2,0,2,0.0,0,SC,DEU,Online TA,TA/TO,0,0,0,A,A,0,No Deposit,9.0,0,Transient,89.1,0,2
City Hotel,0,180,2017,July,27,4,2,5,2,0.0,0,BB,GBR,Offline TA/TO,TA/TO,0,0,0,A,A,0,No Deposit,42.0,0,Transient,80.1,0,1
City Hotel,0,115,2017,July,27,6,2,3,2,0.0,0,BB,GBR,Online TA,TA/TO,0,0,0,D,D,0,No Deposit,9.0,0,Transient,135.0,0,1
City Hotel,0,187,2017,July,27,7,2,2,2,0.0,0,BB,GBR,Online TA,TA/TO,0,0,0,A,A,0,No Deposit,9.0,0,Transient,107.1,0,2
City Hotel,0,49,2017,July,27,8,2,1,2,0.0,0,SC,GBR,Online TA,TA/TO,0,0,0,A,A,0,No Deposit,9.0,0,Transient,140.0,0,1
City Hotel,0,11,2017,July,28,9,2,0,2,0.0,0,BB,SVK,Online TA,TA/TO,0,0,0,A,A,0,No Deposit,9.0,0,Transient,160.0,0,1
City Hotel,0,160,2017,July,27,4,2,5,2,0.0,0,BB,GBR,Offline TA/TO,TA/TO,0,0,0,A,A,0,No Deposit,28.0,0,Transient,80.1,0,0
City Hotel,0,53,2017,July,27,8,2,1,2,0.0,0,BB,USA,Online TA,TA/TO,0,0,0,A,A,0,No Deposit,9.0,0,Transient,160.0,0,1
City Hotel,0,90,2017,July,28,9,2,0,2,0.0,0,BB,GBR,Direct,Direct,0,0,0,E,D,0,No Deposit,14.0,0,Transient,175.0,0,3
City Hotel,0,163,2017,July,27,7,2,2,2,0.0,0,SC,DEU,Online TA,TA/TO,0,0,0,A,A,0,No Deposit,9.0,0,Transient,89.1,0,1
City Hotel,0,174,2017,July,27,7,2,2,2,0.0,0,BB,ROU,Online TA,TA/TO,0,0,0,A,A,0,No Deposit,9.0,0,Transient,107.1,0,1
City Hotel,0,132,2017,July,27,8,2,1,2,0.0,0,BB,DEU,Online TA,TA/TO,0,0,0,A,A,0,No Deposit,9.0,0,Transient,107.1,0,2
City Hotel,0,68,2017,July,28,10,1,0,2,0.0,0,SC,GBR,Online TA,TA/TO,0,0,0,A,D,0,No Deposit,9.0,0,Transient,100.0,0,1
City Hotel,0,84,2017,July,28,10,1,0,2,0.0,0,SC,IRL,Online TA,TA/TO,0,0,0,A,A,0,No Deposit,9.0,0,Transient,120.0,0,2
City Hotel,0,172,2017,July,27,7,2,2,2,0.0,0,SC,DEU,Online TA,TA/TO,0,0,0,A,A,0,No Deposit,9.0,0,Transient,89.1,0,0
City Hotel,0,37,2017,July,28,9,2,0,2,0.0,0,BB,ESP,Direct,Direct,0,0,0,D,D,0,No Deposit,14.0,0,Transient,155.0,0,0
City Hotel,0,74,2017,July,27,8,2,1,2,0.0,0,SC,GBR,Online TA,TA/TO,0,0,0,A,A,0,No Deposit,9.0,0,Transient,120.0,0,1
City Hotel,0,70,2017,July,28,11,0,1,2,0.0,0,SC,GBR,Online TA,TA/TO,0,0,0,A,A,1,No Deposit,,0,Group,120.0,0,1
City Hotel,0,70,2017,July,28,11,0,1,2,0.0,0,SC,GBR,Online TA,TA/TO,0,0,0,A,A,0,No Deposit,,0,Group,120.0,0,1
City Hotel,0,74,2017,July,27,8,2,1,2,0.0,0,SC,GBR,Online TA,TA/TO,0,0,0,A,C,0,No Deposit,9.0,0,Transient,120.0,0,1
City Hotel,0,15,2017,July,28,9,2,0,2,0.0,0,SC,IRL,Online TA,TA/TO,0,0,0,A,A,0,No Deposit,9.0,0,Transient,140.0,0,1
City Hotel,0,64,2017,July,28,9,2,1,2,0.0,0,BB,DNK,Offline TA/TO,TA/TO,0,0,0,E,E,0,No Deposit,42.0,0,Transient,103.5,0,1
City Hotel,0,169,2017,July,28,9,2,1,2,0.0,0,SC,FRA,Online TA,TA/TO,0,0,0,A,A,0,No Deposit,7.0,0,Transient,74.61,0,1
City Hotel,0,92,2017,July,27,8,2,2,2,0.0,0,SC,DEU,Online TA,TA/TO,0,0,0,A,A,0,No Deposit,9.0,0,Transient,120.0,0,2
City Hotel,0,169,2017,July,28,9,2,1,2,0.0,0,SC,FRA,Online TA,TA/TO,0,0,0,A,A,0,No Deposit,7.0,0,Transient,68.61,0,1
City Hotel,0,80,2017,July,27,6,2,4,2,0.0,0,SC,BEL,Online TA,TA/TO,0,0,0,A,A,0,No Deposit,9.0,0,Transient-Party,120.0,0,1
City Hotel,0,81,2017,July,27,7,2,3,2,0.0,0,SC,BEL,Online TA,TA/TO,0,0,0,A,A,0,No Deposit,9.0,0,Transient,120.0,0,1
City Hotel,0,76,2017,July,28,10,1,1,2,0.0,0,SC,FRA,Online TA,TA/TO,0,0,0,A,A,0,No Deposit,9.0,0,Transient,120.0,0,1
City Hotel,0,48,2017,July,28,11,0,1,2,0.0,0,BB,USA,Online TA,TA/TO,0,0,0,A,A,2,No Deposit,8.0,0,Transient,140.0,0,1
City Hotel,0,18,2017,July,27,8,2,2,2,0.0,0,SC,FRA,Online TA,TA/TO,0,0,0,A,A,0,No Deposit,7.0,0,Transient,102.6,0,2
City Hotel,0,110,2017,July,28,9,2,1,2,0.0,0,SC,GBR,Offline TA/TO,TA/TO,0,0,0,A,A,0,No Deposit,28.0,0,Transient,71.1,0,0
City Hotel,0,34,2017,July,28,10,1,1,2,0.0,0,BB,DEU,Offline TA/TO,TA/TO,0,0,0,A,A,0,No Deposit,42.0,0,Transient,89.0,0,0
City Hotel,0,51,2017,July,28,9,2,1,2,0.0,0,BB,GBR,Offline TA/TO,TA/TO,0,0,0,A,A,0,No Deposit,168.0,0,Transient,80.1,0,0
City Hotel,0,133,2017,July,28,9,2,1,2,0.0,0,BB,BEL,Direct,Direct,0,0,0,A,A,0,No Deposit,14.0,0,Transient-Party,89.1,0,2
City Hotel,0,133,2017,July,28,9,2,1,2,0.0,0,BB,BEL,Direct,Direct,0,0,0,A,A,0,No Deposit,14.0,0,Transient-Party,89.1,0,2
City Hotel,0,1,2017,July,28,11,0,1,2,0.0,0,BB,CHE,Online TA,TA/TO,0,0,0,D,D,0,No Deposit,9.0,0,Transient,170.0,0,0
City Hotel,0,98,2017,July,28,9,2,1,2,0.0,0,SC,CHE,Online TA,TA/TO,0,0,0,A,A,0,No Deposit,7.0,0,Transient,86.4,0,1
City Hotel,0,184,2017,July,27,4,2,6,2,0.0,0,BB,GBR,Online TA,TA/TO,0,0,0,A,A,0,No Deposit,9.0,0,Transient,107.1,0,1
City Hotel,0,153,2017,July,28,9,2,1,2,0.0,0,SC,CMR,Online TA,TA/TO,0,0,0,A,A,0,No Deposit,9.0,0,Transient,89.1,0,1
City Hotel,0,159,2017,July,28,11,0,1,2,0.0,0,SC,FRA,Online TA,TA/TO,0,0,0,A,D,0,No Deposit,9.0,0,Transient,89.1,0,1
City Hotel,0,59,2017,July,28,10,1,1,2,0.0,0,BB,FRA,Online TA,TA/TO,0,0,0,A,A,0,No Deposit,9.0,0,Transient,149.0,0,1
City Hotel,0,0,2017,July,28,11,0,1,2,0.0,0,BB,CHN,Direct,Direct,0,0,0,D,D,0,No Deposit,,0,Transient,165.0,0,0
City Hotel,0,35,2017,July,28,9,2,1,2,0.0,0,SC,GBR,Online TA,TA/TO,0,0,0,A,A,0,No Deposit,9.0,0,Transient,133.33,0,1
City Hotel,0,1,2017,July,28,11,0,1,2,0.0,0,BB,PRT,Online TA,TA/TO,0,0,0,D,D,0,No Deposit,9.0,0,Transient,170.0,0,0
City Hotel,0,31,2017,July,28,10,1,1,2,0.0,0,BB,PRT,Online TA,TA/TO,0,0,0,A,A,0,No Deposit,9.0,0,Transient,150.0,0,2
City Hotel,0,49,2017,July,28,9,2,1,2,0.0,0,BB,DEU,Online TA,TA/TO,0,0,0,D,D,0,No Deposit,9.0,0,Transient,156.67,0,0
City Hotel,0,126,2017,July,27,6,2,4,2,0.0,0,BB,GBR,Online TA,TA/TO,0,0,0,A,A,0,No Deposit,9.0,0,Transient,126.0,0,0
City Hotel,0,19,2017,July,28,10,1,1,2,0.0,0,SC,IRL,Online TA,TA/TO,0,0,0,A,A,0,No Deposit,9.0,0,Transient,130.0,0,2
City Hotel,0,312,2017,July,28,9,2,1,2,0.0,0,BB,DNK,Online TA,TA/TO,0,0,0,A,A,0,No Deposit,9.0,0,Transient,103.5,0,1
City Hotel,0,31,2017,July,28,11,0,1,2,0.0,0,SC,PRT,Offline TA/TO,TA/TO,0,0,0,A,A,0,No Deposit,28.0,0,Transient,79.0,0,0
City Hotel,0,61,2017,July,28,10,1,1,2,0.0,0,SC,DEU,Offline TA/TO,TA/TO,0,0,0,A,A,0,No Deposit,22.0,0,Transient,71.1,0,0
City Hotel,0,145,2017,July,28,9,2,1,2,0.0,0,BB,BEL,Online TA,TA/TO,0,0,0,A,A,0,No Deposit,9.0,0,Transient-Party,107.1,0,1
City Hotel,0,145,2017,July,28,9,2,1,2,0.0,0,SC,BEL,Online TA,TA/TO,0,0,0,A,A,0,No Deposit,9.0,0,Transient-Party,89.1,0,1
City Hotel,0,61,2017,July,28,10,1,1,2,0.0,0,SC,DEU,Offline TA/TO,TA/TO,0,0,0,A,A,0,No Deposit,22.0,0,Transient,71.1,0,0
City Hotel,0,80,2017,July,27,8,2,2,2,0.0,0,SC,GBR,Online TA,TA/TO,0,0,0,A,A,0,No Deposit,7.0,0,Transient,96.0,0,1
City Hotel,0,51,2017,July,27,7,2,3,2,0.0,0,SC,ROU,Online TA,TA/TO,0,0,0,A,A,0,No Deposit,9.0,0,Transient,149.0,0,2
City Hotel,0,13,2017,July,28,11,0,1,2,0.0,0,BB,PRT,Online TA,TA/TO,0,0,0,A,A,0,No Deposit,9.0,0,Transient,140.0,0,1
City Hotel,0,0,2017,July,28,11,0,1,2,0.0,0,SC,USA,Online TA,TA/TO,0,0,0,A,D,0,No Deposit,152.0,0,Transient,92.98,0,0
City Hotel,0,181,2017,July,27,7,2,3,2,0.0,0,BB,GBR,Direct,Direct,0,0,0,A,A,2,No Deposit,14.0,0,Transient,86.63,0,2
City Hotel,0,123,2017,July,28,9,2,1,2,0.0,0,SC,GBR,Online TA,TA/TO,0,0,0,A,A,0,No Deposit,9.0,0,Transient,108.0,0,1
City Hotel,0,44,2017,July,28,10,1,1,2,0.0,0,BB,CN,Offline TA/TO,TA/TO,0,0,0,A,A,0,No Deposit,52.0,0,Transient,80.1,0,2
City Hotel,0,46,2017,July,28,12,0,1,2,0.0,0,BB,CN,Offline TA/TO,TA/TO,0,0,0,A,A,0,No Deposit,52.0,0,Transient,80.1,0,2
City Hotel,0,181,2017,July,27,7,2,3,2,0.0,0,BB,CN,Direct,Direct,0,0,0,A,A,2,No Deposit,14.0,0,Transient,86.63,0,2
City Hotel,0,172,2017,July,27,6,2,5,2,0.0,0,SC,DNK,Online TA,TA/TO,0,0,0,A,A,0,No Deposit,9.0,0,Transient,89.1,0,1
City Hotel,0,17,2017,July,28,9,2,2,2,0.0,0,HB,FRA,Online TA,TA/TO,0,0,0,A,A,0,No Deposit,7.0,0,Transient,150.4,0,1
City Hotel,0,156,2017,July,27,6,2,5,2,0.0,0,BB,IRL,Online TA,TA/TO,0,0,0,D,D,0,No Deposit,9.0,0,Transient,116.1,0,0
City Hotel,0,19,2017,July,28,9,2,2,2,0.0,0,BB,GBR,Online TA,TA/TO,0,0,0,A,A,1,No Deposit,9.0,0,Transient,150.0,0,2
City Hotel,0,34,2017,July,28,9,2,2,2,0.0,0,HB,GBR,Offline TA/TO,TA/TO,0,0,0,D,D,0,No Deposit,132.0,0,Transient,131.0,0,0
City Hotel,0,48,2017,July,28,9,2,2,2,0.0,0,BB,GBR,Offline TA/TO,TA/TO,0,0,0,A,A,0,No Deposit,28.0,0,Transient,89.1,0,0
City Hotel,0,25,2017,July,28,10,1,2,2,0.0,0,BB,FRA,Online TA,TA/TO,0,0,0,A,A,0,No Deposit,9.0,0,Transient,146.67,0,2
City Hotel,0,68,2017,July,28,11,0,2,2,0.0,0,BB,ESP,Direct,Direct,0,0,0,A,A,2,No Deposit,,0,Transient,108.0,0,2
City Hotel,0,68,2017,July,28,11,0,2,2,0.0,0,BB,AUT,Direct,Direct,0,0,0,A,A,2,No Deposit,,0,Transient,108.0,0,2
City Hotel,0,19,2017,July,28,9,2,2,2,0.0,0,BB,GBR,Online TA,TA/TO,0,0,0,A,A,1,No Deposit,9.0,0,Transient,150.0,0,2
City Hotel,0,35,2017,July,28,11,0,2,2,0.0,0,BB,ESP,Offline TA/TO,TA/TO,0,0,0,A,A,0,No Deposit,28.0,0,Transient,89.0,0,0
City Hotel,0,48,2017,July,28,9,2,2,2,0.0,0,BB,GBR,Online TA,TA/TO,0,0,0,A,A,0,No Deposit,9.0,0,Transient,145.0,0,1
City Hotel,0,2,2017,July,28,10,1,2,2,0.0,0,BB,FRA,Direct,Direct,0,0,0,A,A,1,No Deposit,,0,Transient,166.67,0,2
City Hotel,0,153,2017,July,28,11,0,2,2,0.0,0,HB,PRT,Online TA,TA/TO,0,0,0,A,A,0,No Deposit,9.0,0,Transient,141.3,0,0
City Hotel,0,188,2017,July,28,11,0,2,2,0.0,0,BB,GBR,Online TA,TA/TO,0,0,0,A,A,0,No Deposit,9.0,0,Transient,107.1,0,2
City Hotel,0,141,2017,July,28,10,1,2,2,0.0,0,BB,DEU,Direct,Direct,0,0,0,A,A,0,No Deposit,14.0,0,Transient,89.1,0,0
City Hotel,0,160,2017,July,28,10,1,2,2,0.0,0,BB,AUT,Online TA,TA/TO,0,0,0,A,A,0,No Deposit,9.0,0,Transient,107.1,0,0
City Hotel,0,160,2017,July,28,10,1,2,2,0.0,0,BB,AUT,Online TA,TA/TO,0,0,0,A,A,0,No Deposit,9.0,0,Transient,107.1,0,1
City Hotel,0,43,2017,July,28,12,0,1,2,0.0,0,SC,ESP,Offline TA/TO,TA/TO,0,0,0,A,A,0,No Deposit,42.0,0,Transient,71.1,0,0
City Hotel,0,73,2017,July,28,10,1,2,2,0.0,0,BB,ESP,Offline TA/TO,TA/TO,0,0,0,A,A,0,No Deposit,42.0,0,Transient,80.1,0,0
City Hotel,0,73,2017,July,28,10,1,2,2,0.0,0,BB,ESP,Offline TA/TO,TA/TO,0,0,0,A,A,0,No Deposit,42.0,0,Transient,89.1,0,0
City Hotel,0,22,2017,July,28,12,0,1,2,0.0,0,SC,FRA,Online TA,TA/TO,0,0,0,A,A,0,No Deposit,9.0,0,Transient,120.0,0,1
City Hotel,0,36,2017,July,28,11,0,2,2,0.0,0,SC,NOR,Online TA,TA/TO,0,0,0,A,A,0,No Deposit,8.0,0,Transient,120.0,0,1
City Hotel,0,65,2017,July,28,9,2,2,2,0.0,0,SC,GBR,Online TA,TA/TO,0,0,0,A,A,0,No Deposit,9.0,0,Transient,115.0,0,2
City Hotel,0,31,2017,July,28,10,1,2,2,0.0,0,SC,ESP,Online TA,TA/TO,0,0,0,A,A,0,No Deposit,85.0,0,Transient,79.0,0,0
City Hotel,0,120,2017,July,28,10,1,2,2,0.0,0,SC,AUS,Online TA,TA/TO,0,0,0,A,A,0,No Deposit,7.0,0,Transient,86.4,0,1
City Hotel,0,153,2017,July,28,10,1,2,2,0.0,0,BB,IRL,Direct,Direct,0,0,0,A,A,0,No Deposit,14.0,0,Transient,89.1,0,0
City Hotel,0,127,2017,July,27,8,2,3,2,0.0,0,SC,GBR,Online TA,TA/TO,0,0,0,A,A,0,No Deposit,7.0,0,Transient,82.08,0,0
City Hotel,0,19,2017,July,28,10,1,2,2,0.0,0,BB,AUT,Corporate,Corporate,0,0,0,A,A,0,No Deposit,,0,Transient,114.0,0,0
City Hotel,0,72,2017,July,28,10,1,2,2,0.0,0,HB,BEL,Online TA,TA/TO,0,0,0,A,A,0,No Deposit,9.0,0,Transient-Party,178.0,0,0
City Hotel,0,72,2017,July,28,10,1,2,2,0.0,0,HB,BEL,Online TA,TA/TO,0,0,0,A,A,0,No Deposit,9.0,0,Transient-Party,178.0,0,0
City Hotel,0,33,2017,July,28,11,0,2,2,0.0,0,SC,ESP,Online TA,TA/TO,0,0,0,A,A,0,No Deposit,9.0,0,Transient,120.0,0,1
City Hotel,0,33,2017,July,28,11,0,2,2,0.0,0,SC,ESP,Online TA,TA/TO,0,0,0,A,A,0,No Deposit,9.0,0,Transient,120.0,0,1
City Hotel,0,252,2017,July,27,8,2,3,2,0.0,0,BB,JOR,Online TA,TA/TO,0,0,0,B,B,1,No Deposit,9.0,0,Transient,93.65,0,1
City Hotel,0,33,2017,July,28,9,2,2,2,0.0,0,SC,IRN,Online TA,TA/TO,0,0,0,A,A,0,No Deposit,9.0,0,Transient,130.0,0,1
City Hotel,0,46,2017,July,28,10,1,2,2,0.0,0,SC,NOR,Online TA,TA/TO,0,0,0,A,A,0,No Deposit,9.0,0,Transient,120.0,0,2
City Hotel,0,22,2017,July,28,11,0,2,2,0.0,0,SC,GBR,Online TA,TA/TO,0,0,0,A,A,0,No Deposit,9.0,0,Transient,129.0,1,2
City Hotel,0,46,2017,July,28,10,1,2,2,0.0,0,SC,NOR,Online TA,TA/TO,0,0,0,A,A,0,No Deposit,9.0,0,Transient,120.0,0,2
City Hotel,0,48,2017,July,28,10,1,2,2,0.0,0,BB,GBR,Offline TA/TO,TA/TO,0,0,0,A,A,0,No Deposit,168.0,0,Transient,80.1,0,0
City Hotel,0,62,2017,July,28,9,2,2,2,0.0,0,BB,GBR,Offline TA/TO,TA/TO,0,0,0,A,A,0,No Deposit,138.0,0,Transient,80.1,0,0
City Hotel,0,165,2017,July,28,12,0,1,2,0.0,0,SC,FRA,Online TA,TA/TO,0,0,0,A,A,0,No Deposit,9.0,0,Transient,89.1,0,1
City Hotel,0,11,2017,July,28,10,1,2,2,0.0,0,BB,SRB,Online TA,TA/TO,0,0,0,A,A,0,No Deposit,9.0,0,Transient,146.67,0,1
City Hotel,0,185,2017,July,28,9,2,2,2,0.0,0,SC,BEL,Online TA,TA/TO,0,0,0,A,A,0,No Deposit,9.0,0,Transient,89.1,0,1
City Hotel,0,53,2017,July,28,10,1,2,2,0.0,0,BB,GBR,Online TA,TA/TO,0,0,0,A,A,0,No Deposit,89.0,0,Transient,95.76,0,0
City Hotel,0,11,2017,July,28,10,1,2,2,0.0,0,BB,FRA,Direct,Direct,0,0,0,A,A,0,No Deposit,14.0,0,Transient,111.47,0,0
City Hotel,0,179,2017,July,28,9,2,2,2,0.0,0,BB,GBR,Direct,Direct,0,0,0,A,A,0,No Deposit,14.0,0,Transient,89.1,0,1
City Hotel,0,5,2017,July,28,11,0,2,2,0.0,0,SC,PRT,Online TA,TA/TO,0,0,0,A,A,0,No Deposit,9.0,0,Transient,130.0,0,2
City Hotel,0,112,2017,July,28,9,2,2,2,0.0,0,BB,ESP,Online TA,TA/TO,0,0,0,A,A,0,No Deposit,9.0,0,Transient,126.0,0,1
City Hotel,0,136,2017,July,28,10,1,2,2,0.0,0,BB,IRL,Online TA,TA/TO,0,0,0,D,D,2,No Deposit,9.0,0,Transient,127.4,0,0
City Hotel,0,48,2017,July,28,11,0,2,2,0.0,0,BB,SWE,Online TA,TA/TO,0,0,0,A,A,0,No Deposit,9.0,0,Transient,139.0,0,1
City Hotel,0,185,2017,July,28,9,2,2,2,0.0,0,SC,BEL,Online TA,TA/TO,0,0,0,A,A,0,No Deposit,9.0,0,Transient,89.1,0,1
City Hotel,0,100,2017,July,27,8,2,3,2,0.0,0,BB,ITA,Direct,Direct,0,0,0,A,A,0,No Deposit,14.0,0,Transient,108.0,0,0
City Hotel,0,9,2017,July,28,12,0,1,2,0.0,0,SC,DEU,Online TA,TA/TO,0,0,0,A,A,0,No Deposit,9.0,0,Transient,120.0,0,1
City Hotel,0,50,2017,July,27,8,2,3,2,0.0,0,BB,USA,Online TA,TA/TO,0,0,0,D,D,0,No Deposit,,0,Transient,116.1,0,0
City Hotel,0,21,2017,July,27,8,2,3,2,0.0,0,BB,CHL,Online TA,TA/TO,0,0,0,A,A,0,No Deposit,9.0,0,Transient,152.0,0,2
City Hotel,0,73,2017,July,28,11,0,2,2,0.0,0,BB,PRT,Direct,Direct,0,0,0,E,K,5,No Deposit,,23,Transient,80.0,0,1
City Hotel,0,14,2017,July,28,9,2,3,2,0.0,0,SC,FRA,Direct,Direct,0,0,0,A,A,3,No Deposit,14.0,0,Transient,132.0,0,2
City Hotel,0,148,2017,July,28,10,1,3,2,0.0,0,BB,PRT,Online TA,TA/TO,0,0,0,D,D,0,No Deposit,9.0,0,Transient,116.1,0,0
City Hotel,0,293,2017,July,27,8,2,4,2,0.0,0,BB,DNK,Online TA,TA/TO,0,0,0,A,A,1,No Deposit,9.0,0,Transient,107.1,0,3
City Hotel,0,77,2017,July,28,11,0,3,2,0.0,0,SC,DEU,Online TA,TA/TO,0,0,0,A,A,0,No Deposit,9.0,0,Transient,120.0,0,1
City Hotel,0,159,2017,July,28,9,2,3,2,0.0,0,BB,DEU,Online TA,TA/TO,0,0,0,D,D,0,No Deposit,7.0,0,Transient,84.92,0,1
City Hotel,0,109,2017,July,28,9,2,3,2,0.0,0,BB,DEU,Online TA,TA/TO,0,0,0,A,A,0,No Deposit,9.0,0,Transient,126.0,0,1
City Hotel,0,24,2017,July,28,11,0,3,2,0.0,0,SC,DEU,Online TA,TA/TO,0,0,0,A,A,0,No Deposit,9.0,0,Transient,135.67,0,0
City Hotel,0,0,2017,July,28,13,0,1,2,0.0,0,BB,PRT,Online TA,TA/TO,0,0,0,D,D,0,No Deposit,9.0,0,Transient,150.0,0,1
City Hotel,0,23,2017,July,28,11,0,3,2,0.0,0,BB,GBR,Online TA,TA/TO,0,0,0,A,A,0,No Deposit,9.0,0,Transient,146.67,0,2
City Hotel,0,3,2017,July,28,12,0,2,2,0.0,0,SC,IRL,Online TA,TA/TO,0,0,0,D,D,0,No Deposit,152.0,0,Transient,86.35,0,0
City Hotel,0,98,2017,July,28,10,1,3,2,0.0,0,SC,AUT,Online TA,TA/TO,0,0,0,A,A,0,No Deposit,9.0,0,Transient,120.0,0,1
City Hotel,0,20,2017,July,28,11,0,3,2,0.0,0,SC,GBR,Online TA,TA/TO,0,0,0,A,A,0,No Deposit,9.0,0,Transient,126.67,0,2
City Hotel,0,21,2017,July,28,11,0,3,2,0.0,0,BB,AUT,Online TA,TA/TO,0,0,0,A,A,0,No Deposit,9.0,0,Transient,146.67,0,1
City Hotel,0,22,2017,July,28,12,0,2,2,0.0,0,SC,USA,Online TA,TA/TO,0,0,0,A,A,0,No Deposit,9.0,0,Transient,139.0,0,1
City Hotel,0,85,2017,July,28,12,0,2,2,0.0,0,BB,FRA,Online TA,TA/TO,0,0,0,A,A,0,No Deposit,85.0,0,Transient,80.1,0,0
City Hotel,0,160,2017,July,27,8,2,4,2,0.0,0,BB,NLD,Online TA,TA/TO,0,0,0,D,D,0,No Deposit,9.0,0,Transient,116.1,0,2
City Hotel,0,1,2017,July,28,13,0,1,2,0.0,0,BB,FRA,Online TA,TA/TO,0,0,0,E,E,0,No Deposit,9.0,0,Transient,180.0,0,1
City Hotel,0,10,2017,July,28,13,0,1,2,0.0,0,BB,IRL,Online TA,TA/TO,0,0,0,E,G,0,No Deposit,9.0,0,Transient,180.0,0,3
City Hotel,0,93,2017,July,28,12,0,2,2,0.0,0,BB,GBR,Direct,Direct,0,0,0,D,D,0,No Deposit,14.0,0,Transient-Party,130.5,0,0
City Hotel,0,93,2017,July,28,12,0,2,2,0.0,0,BB,GBR,Direct,Direct,0,0,0,D,D,0,No Deposit,14.0,0,Transient-Party,130.5,0,0
City Hotel,0,184,2017,July,28,9,2,3,2,0.0,0,BB,GBR,Direct,Direct,0,0,0,A,A,0,No Deposit,14.0,0,Transient,89.1,0,1
City Hotel,0,414,2017,July,28,13,0,2,2,0.0,0,HB,AUT,Groups,TA/TO,0,0,0,A,D,0,No Deposit,6.0,0,Transient-Party,122.4,0,1
City Hotel,0,414,2017,July,28,13,0,2,2,0.0,0,HB,DEU,Groups,TA/TO,0,0,0,A,A,0,No Deposit,6.0,0,Transient-Party,122.4,0,1
City Hotel,0,414,2017,July,28,13,0,2,2,0.0,0,HB,DEU,Groups,TA/TO,0,0,0,A,A,0,No Deposit,6.0,0,Transient-Party,122.4,0,1
City Hotel,0,414,2017,July,28,13,0,2,2,0.0,0,HB,DEU,Groups,TA/TO,0,0,0,A,A,0,No Deposit,6.0,0,Transient-Party,122.4,0,1
City Hotel,0,414,2017,July,28,13,0,2,2,0.0,0,HB,DEU,Groups,TA/TO,0,0,0,A,A,0,No Deposit,6.0,0,Transient-Party,122.4,0,1
City Hotel,0,80,2017,July,28,9,2,4,2,0.0,0,BB,FRA,Online TA,TA/TO,0,0,0,D,D,0,No Deposit,9.0,0,Transient,150.0,0,1
City Hotel,0,451,2017,July,28,12,0,3,2,0.0,0,BB,GBR,Groups,TA/TO,0,0,0,A,A,0,No Deposit,229.0,0,Transient-Party,112.67,0,1
City Hotel,0,451,2017,July,28,12,0,3,2,0.0,0,BB,GBR,Groups,TA/TO,0,0,0,A,A,0,No Deposit,229.0,0,Transient-Party,112.67,0,2
City Hotel,0,451,2017,July,28,12,0,3,2,0.0,0,BB,GBR,Groups,TA/TO,0,0,0,A,A,0,No Deposit,229.0,0,Transient-Party,112.67,0,1
City Hotel,0,414,2017,July,28,13,0,2,2,0.0,0,HB,DEU,Groups,TA/TO,0,0,0,A,A,0,No Deposit,6.0,0,Transient-Party,122.4,0,1
City Hotel,0,414,2017,July,28,13,0,2,2,0.0,0,HB,DEU,Groups,TA/TO,0,0,0,A,A,0,No Deposit,6.0,0,Transient-Party,122.4,0,1
City Hotel,0,414,2017,July,28,13,0,2,2,0.0,0,HB,DEU,Groups,TA/TO,0,0,0,A,A,0,No Deposit,6.0,0,Transient-Party,122.4,0,1
City Hotel,0,451,2017,July,28,12,0,3,2,0.0,0,BB,GBR,Groups,TA/TO,0,0,0,A,C,0,No Deposit,229.0,0,Transient-Party,112.67,0,1
City Hotel,0,451,2017,July,28,12,0,3,2,0.0,0,BB,GBR,Groups,TA/TO,0,0,0,A,A,0,No Deposit,229.0,0,Transient-Party,112.67,0,2
City Hotel,0,414,2017,July,28,13,0,2,2,0.0,0,HB,DEU,Groups,TA/TO,0,0,0,A,A,0,No Deposit,6.0,0,Transient-Party,122.4,0,1
City Hotel,0,451,2017,July,28,12,0,3,2,0.0,0,BB,GBR,Groups,TA/TO,0,0,0,A,A,0,No Deposit,229.0,0,Transient-Party,112.67,0,1
City Hotel,0,451,2017,July,28,12,0,3,2,0.0,0,BB,GBR,Groups,TA/TO,0,0,0,A,A,0,No Deposit,229.0,0,Transient-Party,112.67,0,1
City Hotel,0,451,2017,July,28,12,0,3,2,0.0,0,BB,GBR,Groups,TA/TO,0,0,0,A,A,0,No Deposit,229.0,0,Transient-Party,112.67,0,1
City Hotel,0,451,2017,July,28,12,0,3,2,0.0,0,BB,GBR,Groups,TA/TO,0,0,0,A,A,0,No Deposit,229.0,0,Transient-Party,112.67,0,1
City Hotel,0,414,2017,July,28,13,0,2,2,0.0,0,HB,DEU,Groups,TA/TO,0,0,0,A,A,0,No Deposit,6.0,0,Transient-Party,122.4,0,1
City Hotel,0,248,2017,July,28,11,0,4,2,0.0,0,BB,DNK,Online TA,TA/TO,0,0,0,A,A,1,No Deposit,9.0,0,Transient,89.1,0,1
City Hotel,0,414,2017,July,28,13,0,2,2,0.0,0,HB,DEU,Groups,TA/TO,0,0,0,A,A,0,No Deposit,6.0,0,Transient-Party,122.4,0,1
City Hotel,0,451,2017,July,28,12,0,3,2,0.0,0,BB,NZL,Groups,TA/TO,0,0,0,A,A,0,No Deposit,229.0,0,Transient-Party,112.67,0,1
City Hotel,0,451,2017,July,28,12,0,3,2,0.0,0,BB,USA,Groups,TA/TO,0,0,0,A,E,0,No Deposit,229.0,0,Transient-Party,112.67,0,1
City Hotel,0,451,2017,July,28,12,0,3,2,0.0,0,BB,GBR,Groups,TA/TO,0,0,0,A,A,0,No Deposit,229.0,0,Transient-Party,112.67,0,1
City Hotel,0,414,2017,July,28,13,0,2,2,0.0,0,HB,DEU,Groups,TA/TO,0,0,0,A,A,0,No Deposit,6.0,0,Transient-Party,122.4,0,1
City Hotel,0,414,2017,July,28,13,0,2,2,0.0,0,HB,DEU,Groups,TA/TO,0,0,0,A,A,0,No Deposit,6.0,0,Transient-Party,122.4,0,1
City Hotel,0,414,2017,July,28,13,0,2,2,0.0,0,HB,DEU,Groups,TA/TO,0,0,0,A,A,0,No Deposit,6.0,0,Transient-Party,122.4,0,1
City Hotel,0,451,2017,July,28,12,0,3,2,0.0,0,BB,GBR,Groups,TA/TO,0,0,0,A,A,0,No Deposit,229.0,0,Transient-Party,112.67,0,1
City Hotel,0,414,2017,July,28,13,0,2,2,0.0,0,HB,DEU,Groups,TA/TO,0,0,0,A,A,0,No Deposit,6.0,0,Transient-Party,122.4,0,1
City Hotel,0,451,2017,July,28,12,0,3,2,0.0,0,BB,GBR,Groups,TA/TO,0,0,0,A,A,0,No Deposit,229.0,0,Transient-Party,112.67,0,2
City Hotel,0,451,2017,July,28,12,0,3,2,0.0,0,BB,GBR,Groups,TA/TO,0,0,0,A,A,0,No Deposit,229.0,0,Transient-Party,112.67,0,2
City Hotel,0,451,2017,July,28,12,0,3,2,0.0,0,BB,GBR,Groups,TA/TO,0,0,0,A,A,0,No Deposit,229.0,0,Transient-Party,112.67,0,1
City Hotel,0,414,2017,July,28,13,0,2,2,0.0,0,HB,DEU,Groups,TA/TO,0,0,0,A,B,0,No Deposit,6.0,0,Transient-Party,122.4,0,1
City Hotel,0,414,2017,July,28,13,0,2,2,0.0,0,HB,DEU,Groups,TA/TO,0,0,0,A,A,0,No Deposit,6.0,0,Transient-Party,122.4,0,1
City Hotel,0,451,2017,July,28,12,0,3,2,0.0,0,BB,GBR,Groups,TA/TO,0,0,0,A,A,0,No Deposit,229.0,0,Transient-Party,112.67,0,1
City Hotel,0,451,2017,July,28,12,0,3,2,0.0,0,BB,GBR,Groups,TA/TO,0,0,0,A,A,0,No Deposit,229.0,0,Transient-Party,112.67,0,1
City Hotel,0,414,2017,July,28,13,0,2,2,0.0,0,HB,DEU,Groups,TA/TO,0,0,0,A,A,0,No Deposit,6.0,0,Transient-Party,122.4,0,1
City Hotel,0,414,2017,July,28,13,0,2,2,0.0,0,HB,DEU,Groups,TA/TO,0,0,0,A,A,0,No Deposit,6.0,0,Transient-Party,122.4,0,2
City Hotel,0,145,2017,July,28,14,0,1,2,0.0,0,BB,NLD,Online TA,TA/TO,0,0,0,D,D,0,No Deposit,9.0,0,Transient,116.1,0,0
City Hotel,0,414,2017,July,28,13,0,2,2,0.0,0,HB,DEU,Groups,TA/TO,0,0,0,A,A,0,No Deposit,6.0,0,Transient-Party,122.4,0,1
City Hotel,0,414,2017,July,28,13,0,2,2,0.0,0,HB,DEU,Groups,TA/TO,0,0,0,A,A,0,No Deposit,6.0,0,Transient-Party,122.4,0,1
City Hotel,0,414,2017,July,28,13,0,2,2,0.0,0,HB,DEU,Groups,TA/TO,0,0,0,A,A,0,No Deposit,6.0,0,Transient-Party,122.4,0,1
City Hotel,0,414,2017,July,28,13,0,2,2,0.0,0,HB,DEU,Groups,TA/TO,0,0,0,A,A,0,No Deposit,6.0,0,Transient-Party,122.4,0,1
City Hotel,0,414,2017,July,28,13,0,2,2,0.0,0,HB,DEU,Groups,TA/TO,0,0,0,A,A,0,No Deposit,6.0,0,Transient-Party,122.4,0,1
City Hotel,0,414,2017,July,28,13,0,2,2,0.0,0,HB,DEU,Groups,TA/TO,0,0,0,A,A,0,No Deposit,6.0,0,Transient-Party,122.4,0,1
City Hotel,0,414,2017,July,28,13,0,2,2,0.0,0,HB,DEU,Groups,TA/TO,0,0,0,A,A,0,No Deposit,6.0,0,Transient-Party,122.4,0,1
City Hotel,0,414,2017,July,28,13,0,2,2,0.0,0,HB,DEU,Groups,TA/TO,0,0,0,A,A,0,No Deposit,6.0,0,Transient-Party,122.4,0,1
City Hotel,0,414,2017,July,28,13,0,2,2,0.0,0,HB,DEU,Groups,TA/TO,0,0,0,A,A,0,No Deposit,6.0,0,Transient-Party,122.4,0,1
City Hotel,0,414,2017,July,28,13,0,2,2,0.0,0,HB,DEU,Groups,TA/TO,0,0,0,A,A,0,No Deposit,6.0,0,Transient-Party,114.4,0,1
City Hotel,0,414,2017,July,28,13,0,2,2,0.0,0,HB,DEU,Groups,TA/TO,0,0,0,A,A,0,No Deposit,6.0,0,Transient-Party,122.4,0,1
City Hotel,0,414,2017,July,28,13,0,2,2,0.0,0,HB,DEU,Groups,TA/TO,0,0,0,A,A,0,No Deposit,6.0,0,Transient-Party,122.4,0,1
City Hotel,0,414,2017,July,28,13,0,2,2,0.0,0,HB,DEU,Groups,TA/TO,0,0,0,A,A,0,No Deposit,6.0,0,Transient-Party,122.4,0,1
City Hotel,0,414,2017,July,28,13,0,2,2,0.0,0,HB,DEU,Groups,TA/TO,0,0,0,A,A,0,No Deposit,6.0,0,Transient-Party,114.4,0,1
City Hotel,0,414,2017,July,28,13,0,2,2,0.0,0,HB,DEU,Groups,TA/TO,0,0,0,A,A,0,No Deposit,6.0,0,Transient-Party,114.4,0,1
City Hotel,0,414,2017,July,28,13,0,2,2,0.0,0,HB,DEU,Groups,TA/TO,0,0,0,A,A,0,No Deposit,6.0,0,Transient-Party,122.4,0,1
City Hotel,0,293,2017,July,27,8,2,5,2,0.0,0,BB,DNK,Online TA,TA/TO,0,0,0,A,A,0,No Deposit,9.0,0,Transient,107.1,0,4
City Hotel,0,172,2017,July,28,9,2,4,2,0.0,0,BB,DEU,Online TA,TA/TO,0,0,0,D,D,0,No Deposit,7.0,0,Transient,89.4,0,2
City Hotel,0,172,2017,July,28,9,2,4,2,0.0,0,BB,DEU,Online TA,TA/TO,0,0,0,D,D,0,No Deposit,7.0,0,Transient,89.4,0,2
City Hotel,0,414,2017,July,28,13,0,2,2,0.0,0,HB,DEU,Groups,TA/TO,0,0,0,A,A,0,No Deposit,6.0,0,Transient-Party,122.4,0,1
City Hotel,0,414,2017,July,28,13,0,2,2,0.0,0,HB,DEU,Groups,TA/TO,0,0,0,A,A,0,No Deposit,6.0,0,Transient-Party,122.4,0,1
City Hotel,0,179,2017,July,28,13,0,2,2,0.0,0,BB,NLD,Online TA,TA/TO,0,0,0,D,D,0,No Deposit,9.0,0,Transient,126.9,1,1
City Hotel,0,202,2017,July,28,11,0,4,2,0.0,0,HB,KAZ,Offline TA/TO,TA/TO,0,0,0,D,D,0,No Deposit,6.0,0,Transient,121.1,0,3
City Hotel,0,5,2017,July,28,14,0,1,2,0.0,0,BB,DEU,Online TA,TA/TO,0,0,0,D,D,0,No Deposit,9.0,0,Transient,150.0,0,1
City Hotel,0,414,2017,July,28,13,0,2,2,0.0,0,HB,DEU,Groups,TA/TO,0,0,0,A,A,0,No Deposit,6.0,0,Transient-Party,122.4,0,1
City Hotel,0,78,2017,July,28,10,1,4,2,0.0,0,BB,CHE,Online TA,TA/TO,0,0,0,D,D,0,No Deposit,9.0,0,Transient,150.0,0,1
City Hotel,0,251,2017,July,27,8,2,5,2,0.0,0,BB,DEU,Online TA,TA/TO,0,0,0,A,A,0,No Deposit,9.0,0,Transient,107.1,0,2
City Hotel,0,182,2017,July,28,11,0,4,2,0.0,0,BB,DEU,Offline TA/TO,TA/TO,0,0,0,A,A,0,No Deposit,42.0,0,Transient,80.1,0,0
City Hotel,0,1,2017,July,28,11,0,4,2,0.0,0,BB,AUT,Online TA,TA/TO,0,0,0,D,D,0,No Deposit,7.0,0,Transient,122.3,0,1
City Hotel,0,21,2017,July,28,10,1,4,2,0.0,0,BB,BEL,Offline TA/TO,TA/TO,0,0,0,A,A,0,No Deposit,394.0,0,Transient,89.0,0,0
City Hotel,0,277,2017,July,28,13,0,2,2,0.0,0,SC,GBR,Online TA,TA/TO,0,0,0,A,D,1,No Deposit,9.0,0,Transient,89.1,0,2
City Hotel,0,414,2017,July,28,13,0,2,2,0.0,0,HB,DEU,Groups,TA/TO,0,0,0,A,A,0,No Deposit,6.0,0,Transient-Party,122.4,0,1
City Hotel,0,277,2017,July,28,13,0,2,2,0.0,0,SC,GBR,Online TA,TA/TO,0,0,0,A,A,1,No Deposit,9.0,0,Transient,89.1,0,2
City Hotel,0,197,2017,July,28,10,1,4,2,0.0,0,BB,IRL,Online TA,TA/TO,0,0,0,A,A,0,No Deposit,9.0,0,Transient-Party,107.1,0,1
City Hotel,0,197,2017,July,28,10,1,4,2,0.0,0,BB,IRL,Online TA,TA/TO,0,0,0,A,A,0,No Deposit,9.0,0,Transient-Party,107.1,0,0
City Hotel,0,277,2017,July,28,13,0,2,2,0.0,0,SC,GBR,Online TA,TA/TO,0,0,0,A,A,1,No Deposit,9.0,0,Transient,89.1,0,2
City Hotel,0,293,2017,July,27,8,2,5,2,0.0,0,BB,PRT,Online TA,TA/TO,0,0,0,A,A,0,No Deposit,9.0,0,Transient,107.1,0,4
City Hotel,0,0,2017,July,28,14,0,1,2,0.0,0,SC,DEU,Online TA,TA/TO,0,0,0,A,A,0,No Deposit,9.0,0,Transient,120.0,0,2
City Hotel,0,2,2017,July,28,14,0,1,2,0.0,0,BB,CN,Direct,Direct,0,0,0,D,D,0,No Deposit,14.0,0,Transient,145.0,0,0
City Hotel,0,162,2017,July,28,11,0,4,2,0.0,0,BB,GBR,Offline TA/TO,TA/TO,0,0,0,A,A,0,No Deposit,85.0,0,Transient,80.1,0,0
City Hotel,0,136,2017,July,28,11,0,4,2,0.0,0,BB,CN,Online TA,TA/TO,0,0,0,D,D,0,No Deposit,9.0,0,Transient,116.1,0,1
City Hotel,0,414,2017,July,28,13,0,2,2,0.0,0,HB,DEU,Groups,TA/TO,0,0,0,A,A,0,No Deposit,6.0,0,Transient-Party,122.4,0,1
City Hotel,0,414,2017,July,28,13,0,2,2,0.0,0,HB,DEU,Groups,TA/TO,0,0,0,A,A,0,No Deposit,6.0,0,Transient-Party,122.4,0,1
City Hotel,0,414,2017,July,28,13,0,2,2,0.0,0,HB,DEU,Groups,TA/TO,0,0,0,A,A,0,No Deposit,6.0,0,Transient-Party,122.4,0,1
City Hotel,0,414,2017,July,28,13,0,2,2,0.0,0,HB,DEU,Groups,TA/TO,0,0,0,A,A,0,No Deposit,6.0,0,Transient-Party,122.4,0,1
City Hotel,0,414,2017,July,28,13,0,2,2,0.0,0,HB,DEU,Groups,TA/TO,0,0,0,A,A,0,No Deposit,6.0,0,Transient-Party,122.4,0,1
City Hotel,0,414,2017,July,28,13,0,2,2,0.0,0,HB,DEU,Groups,TA/TO,0,0,0,A,A,0,No Deposit,6.0,0,Transient-Party,122.4,0,1
City Hotel,0,414,2017,July,28,13,0,2,2,0.0,0,HB,DEU,Groups,TA/TO,0,0,0,A,A,0,No Deposit,6.0,0,Transient-Party,122.4,0,1
City Hotel,0,414,2017,July,28,13,0,2,2,0.0,0,HB,DEU,Groups,TA/TO,0,0,0,A,A,0,No Deposit,6.0,0,Transient-Party,122.4,0,1
City Hotel,0,414,2017,July,28,13,0,2,2,0.0,0,HB,DEU,Groups,TA/TO,0,0,0,A,A,0,No Deposit,6.0,0,Transient-Party,122.4,0,1
City Hotel,0,8,2017,July,28,15,0,1,2,0.0,0,SC,GBR,Online TA,TA/TO,0,0,0,A,A,0,No Deposit,9.0,0,Transient,105.0,0,1
City Hotel,0,170,2017,July,28,15,0,1,2,0.0,0,BB,USA,Online TA,TA/TO,0,0,0,D,D,0,No Deposit,9.0,0,Transient,116.1,0,0
City Hotel,0,57,2017,July,28,14,0,2,2,0.0,0,BB,DEU,Online TA,TA/TO,0,0,0,D,F,0,No Deposit,,0,Transient-Party,116.1,0,0
City Hotel,0,57,2017,July,28,14,0,2,2,0.0,0,BB,DEU,Online TA,TA/TO,0,0,0,D,D,0,No Deposit,,0,Transient-Party,116.1,0,0
City Hotel,0,254,2017,July,27,6,2,8,2,0.0,0,BB,DNK,Online TA,TA/TO,0,0,0,A,A,1,No Deposit,9.0,0,Transient,89.1,0,2
City Hotel,0,21,2017,July,28,9,2,5,2,0.0,0,BB,ESP,Direct,Direct,0,0,0,A,A,1,No Deposit,14.0,0,Transient,144.29,0,0
City Hotel,0,18,2017,July,28,15,0,1,2,0.0,0,SC,AUT,Online TA,TA/TO,0,0,0,A,A,0,No Deposit,9.0,0,Transient,120.0,0,2
City Hotel,0,249,2017,July,28,12,0,4,2,0.0,0,SC,GBR,Online TA,TA/TO,0,0,0,A,A,0,No Deposit,7.0,0,Transient,68.61,0,1
City Hotel,0,215,2017,July,28,13,0,3,2,0.0,0,BB,DEU,Online TA,TA/TO,0,0,0,A,A,1,No Deposit,9.0,0,Transient,99.9,0,1
City Hotel,0,25,2017,July,28,14,0,2,2,0.0,0,SC,GBR,Online TA,TA/TO,0,0,0,A,A,0,No Deposit,9.0,0,Transient,130.0,0,1
City Hotel,0,23,2017,July,28,15,0,1,2,0.0,0,SC,FRA,Online TA,TA/TO,0,0,0,A,A,0,No Deposit,9.0,0,Transient,120.0,0,2
City Hotel,0,184,2017,July,28,15,0,1,2,0.0,0,BB,BEL,Direct,Direct,0,0,0,A,A,0,No Deposit,14.0,0,Transient,89.1,0,1
City Hotel,0,184,2017,July,28,15,0,1,2,0.0,0,BB,BEL,Direct,Direct,0,0,0,A,A,0,No Deposit,14.0,0,Transient,89.1,0,0
City Hotel,0,79,2017,July,28,12,0,4,2,0.0,0,BB,GBR,Online TA,TA/TO,0,0,0,D,D,0,No Deposit,9.0,0,Transient,150.0,0,1
City Hotel,0,180,2017,July,28,14,0,2,2,0.0,0,BB,GBR,Online TA,TA/TO,0,0,0,D,D,0,No Deposit,7.0,0,Transient,90.78,0,1
City Hotel,0,277,2017,July,28,13,0,3,2,0.0,0,SC,GBR,Online TA,TA/TO,0,0,0,A,A,0,No Deposit,9.0,0,Transient,89.1,0,1
City Hotel,0,277,2017,July,28,13,0,3,2,0.0,0,BB,GBR,Online TA,TA/TO,0,0,0,D,D,0,No Deposit,9.0,0,Transient,120.6,0,1
City Hotel,0,215,2017,July,28,13,0,3,2,0.0,0,BB,DEU,Online TA,TA/TO,0,0,0,A,A,1,No Deposit,9.0,0,Transient,99.9,0,1
City Hotel,0,215,2017,July,28,13,0,3,2,0.0,0,BB,DEU,Online TA,TA/TO,0,0,0,A,A,1,No Deposit,9.0,0,Transient,99.9,0,1
City Hotel,0,215,2017,July,28,13,0,3,2,0.0,0,BB,DEU,Online TA,TA/TO,0,0,0,A,A,1,No Deposit,9.0,0,Transient,99.9,0,1
City Hotel,0,228,2017,July,28,14,0,2,2,0.0,0,BB,FRA,Online TA,TA/TO,0,0,0,A,A,0,No Deposit,9.0,0,Transient,107.1,0,1
City Hotel,0,2,2017,July,28,15,0,1,2,0.0,0,BB,RUS,Online TA,TA/TO,0,0,0,A,A,0,No Deposit,9.0,0,Transient-Party,160.0,0,1
City Hotel,0,0,2017,July,28,15,0,1,2,0.0,0,BB,PRT,Online TA,TA/TO,0,0,0,A,A,0,No Deposit,9.0,0,Transient,160.0,0,2
City Hotel,0,206,2017,July,28,10,1,5,2,0.0,0,HB,DEU,Online TA,TA/TO,0,0,0,D,D,0,No Deposit,9.0,0,Transient,156.6,0,2
City Hotel,0,2,2017,July,28,15,0,1,2,0.0,0,SC,CN,Online TA,TA/TO,0,0,0,A,A,0,No Deposit,7.0,0,Transient,112.0,0,1
City Hotel,0,214,2017,July,28,13,0,3,2,0.0,0,BB,FRA,Online TA,TA/TO,0,0,0,A,A,1,No Deposit,9.0,0,Transient-Party,99.9,0,1
City Hotel,0,214,2017,July,28,13,0,3,2,0.0,0,BB,FRA,Online TA,TA/TO,0,0,0,A,A,1,No Deposit,9.0,0,Transient-Party,99.9,0,1
City Hotel,0,214,2017,July,28,13,0,3,2,0.0,0,BB,FRA,Online TA,TA/TO,0,0,0,A,A,1,No Deposit,9.0,0,Transient-Party,99.9,0,1
City Hotel,0,26,2017,July,28,15,0,1,2,0.0,0,BB,PRT,Direct,Direct,0,0,0,A,A,0,No Deposit,14.0,0,Transient,108.0,0,1
City Hotel,0,26,2017,July,28,15,0,1,2,0.0,0,BB,FRA,Direct,Direct,0,0,0,A,A,0,No Deposit,14.0,0,Transient,108.0,0,1
City Hotel,0,316,2017,July,28,11,0,5,2,0.0,0,BB,FRA,Online TA,TA/TO,0,0,0,D,D,1,No Deposit,9.0,0,Transient,117.0,0,3
City Hotel,0,316,2017,July,28,11,0,5,2,0.0,0,BB,FRA,Online TA,TA/TO,0,0,0,B,A,1,No Deposit,9.0,0,Transient,91.85,0,3
City Hotel,0,181,2017,July,28,13,0,3,2,0.0,0,BB,FRA,Online TA,TA/TO,0,0,0,D,D,0,No Deposit,7.0,0,Transient,86.25,0,1
City Hotel,0,17,2017,July,28,14,0,2,2,0.0,0,SC,ESP,Online TA,TA/TO,0,0,0,A,A,0,No Deposit,9.0,0,Transient,130.0,0,1
City Hotel,0,157,2017,July,28,12,0,4,2,0.0,0,BB,GBR,Online TA,TA/TO,0,0,0,E,E,0,No Deposit,9.0,0,Transient,143.1,0,2
City Hotel,0,157,2017,July,28,12,0,4,2,0.0,0,BB,GBR,Online TA,TA/TO,0,0,0,E,E,0,No Deposit,9.0,0,Transient,143.1,0,2
City Hotel,0,7,2017,July,28,14,0,2,2,0.0,0,BB,POL,Online TA,TA/TO,0,0,0,D,D,0,No Deposit,9.0,0,Transient,142.5,0,0
City Hotel,0,9,2017,July,28,14,0,2,2,0.0,0,BB,NLD,Online TA,TA/TO,0,0,0,D,D,0,No Deposit,9.0,0,Transient,149.0,0,1
City Hotel,0,277,2017,July,28,13,0,3,2,0.0,0,SC,GBR,Online TA,TA/TO,0,0,0,A,A,0,No Deposit,9.0,0,Transient,89.1,0,1
City Hotel,0,25,2017,July,28,14,0,2,2,0.0,0,SC,FRA,Online TA,TA/TO,0,0,0,A,A,0,No Deposit,9.0,0,Transient,140.0,0,1
City Hotel,0,5,2017,July,28,15,0,1,2,0.0,0,BB,AUT,Complementary,Direct,0,0,0,A,G,0,No Deposit,,0,Transient,0.0,0,2
City Hotel,0,277,2017,July,28,13,0,3,2,0.0,0,SC,GBR,Online TA,TA/TO,0,0,0,A,A,0,No Deposit,9.0,0,Transient,89.1,0,1
City Hotel,0,65,2017,July,28,15,0,1,2,0.0,0,BB,PRT,Direct,Direct,0,0,0,A,A,0,No Deposit,,0,Transient-Party,126.0,0,1
City Hotel,0,65,2017,July,28,15,0,1,2,0.0,0,BB,PRT,Direct,Direct,0,0,0,A,A,0,No Deposit,,0,Transient-Party,126.0,0,1
City Hotel,0,3,2017,July,28,15,0,1,2,0.0,0,BB,FRA,Direct,Direct,0,0,0,A,A,0,No Deposit,,0,Transient-Party,123.2,0,1
City Hotel,0,6,2017,July,28,14,0,2,2,0.0,0,BB,CHN,Online TA,TA/TO,0,0,0,E,E,0,No Deposit,9.0,0,Transient,172.5,0,2
City Hotel,0,11,2017,July,28,15,0,1,2,0.0,0,BB,PRT,Direct,Direct,0,0,0,A,A,1,No Deposit,14.0,0,Transient,106.24,0,3
City Hotel,0,231,2017,July,28,15,0,1,2,0.0,0,BB,GBR,Offline TA/TO,TA/TO,0,0,0,A,K,0,No Deposit,229.0,0,Transient,90.0,0,0
City Hotel,0,8,2017,July,28,14,1,2,2,0.0,0,BB,PRT,Online TA,TA/TO,0,0,0,D,D,0,No Deposit,9.0,0,Transient,140.0,0,1
City Hotel,0,153,2017,July,27,3,4,10,2,0.0,0,HB,BEL,Online TA,TA/TO,0,0,0,D,D,0,No Deposit,9.0,0,Transient,152.1,0,0
City Hotel,0,3,2017,July,28,14,1,2,2,0.0,0,SC,FRA,Online TA,TA/TO,0,0,0,A,A,0,No Deposit,9.0,0,Transient,115.0,0,0
City Hotel,0,9,2017,July,29,16,1,0,2,0.0,0,BB,ESP,Online TA,TA/TO,0,0,0,A,A,0,No Deposit,9.0,0,Transient,125.0,0,1
City Hotel,0,122,2017,July,28,15,1,1,2,0.0,0,SC,ESP,Online TA,TA/TO,0,0,0,A,A,0,No Deposit,9.0,0,Transient,108.0,0,0
City Hotel,0,8,2017,July,28,15,1,1,2,0.0,0,BB,MOZ,Online TA,TA/TO,0,0,0,A,A,0,No Deposit,9.0,0,Transient,125.0,0,3
City Hotel,0,170,2017,July,28,15,1,1,2,0.0,0,BB,FRA,Online TA,TA/TO,0,0,0,A,A,0,No Deposit,9.0,0,Transient,107.1,0,0
City Hotel,0,14,2017,July,29,16,1,0,2,0.0,0,SC,FRA,Online TA,TA/TO,0,0,0,A,A,0,No Deposit,9.0,0,Transient,98.0,0,1
City Hotel,0,10,2017,July,28,15,1,1,2,0.0,0,BB,MOZ,Online TA,TA/TO,0,0,0,A,A,0,No Deposit,9.0,0,Transient,118.0,0,1
City Hotel,0,0,2017,July,28,15,1,1,2,0.0,0,BB,MOZ,Online TA,TA/TO,0,0,0,A,A,0,No Deposit,9.0,0,Transient,139.0,0,2
City Hotel,0,24,2017,July,28,13,1,3,2,0.0,0,BB,FRA,Direct,Direct,0,0,0,A,A,1,No Deposit,14.0,0,Transient,145.0,0,1
City Hotel,0,94,2017,July,28,14,1,2,2,0.0,0,BB,DEU,Online TA,TA/TO,0,0,0,A,A,0,No Deposit,85.0,0,Transient,80.1,0,0
City Hotel,0,8,2017,July,28,15,1,1,2,0.0,0,BB,BEL,Online TA,TA/TO,0,0,0,A,A,0,No Deposit,9.0,0,Transient,125.0,0,1
City Hotel,0,4,2017,July,28,15,1,1,2,0.0,0,SC,PRT,Online TA,TA/TO,0,0,0,A,A,0,No Deposit,152.0,0,Transient,74.91,0,0
City Hotel,0,4,2017,July,28,15,1,1,2,0.0,0,BB,MAR,Online TA,TA/TO,0,0,0,A,A,0,No Deposit,9.0,0,Transient,141.5,0,1
City Hotel,0,1,2017,July,28,14,1,2,2,0.0,0,SC,NOR,Online TA,TA/TO,0,0,0,A,A,0,No Deposit,7.0,0,Transient,106.67,0,1
City Hotel,0,178,2017,July,28,10,2,5,2,0.0,0,HB,SWE,Online TA,TA/TO,0,0,0,D,D,0,No Deposit,7.0,0,Transient,112.58,0,1
City Hotel,0,10,2017,July,28,15,1,1,2,0.0,0,SC,GBR,Online TA,TA/TO,0,0,0,A,A,0,No Deposit,9.0,0,Transient,98.0,0,2
City Hotel,0,8,2017,July,29,16,1,0,2,0.0,0,SC,FRA,Online TA,TA/TO,0,0,0,A,A,0,No Deposit,9.0,0,Transient,105.0,0,1
City Hotel,0,203,2017,July,28,10,2,5,2,0.0,0,BB,DNK,Online TA,TA/TO,0,0,0,A,A,0,No Deposit,9.0,0,Transient,107.1,0,1
City Hotel,0,234,2017,July,28,13,1,3,2,0.0,0,BB,FRA,Direct,Direct,0,0,0,A,A,0,No Deposit,14.0,0,Transient,89.1,0,0
City Hotel,0,233,2017,July,28,13,1,3,2,0.0,0,BB,FRA,Direct,Direct,0,0,0,A,A,0,No Deposit,14.0,0,Transient,86.63,0,1
City Hotel,0,9,2017,July,29,16,1,0,2,0.0,0,BB,FRA,Online TA,TA/TO,0,0,0,D,D,0,No Deposit,9.0,0,Transient,135.0,0,2
City Hotel,0,233,2017,July,28,13,1,3,2,0.0,0,BB,FRA,Direct,Direct,0,0,0,A,A,0,No Deposit,14.0,0,Transient,89.1,0,0
City Hotel,0,5,2017,July,29,16,1,0,2,0.0,0,BB,CN,Direct,Direct,0,0,0,A,A,1,No Deposit,14.0,0,Transient,115.0,0,0
City Hotel,0,5,2017,July,29,16,1,0,2,0.0,0,BB,CN,Direct,Direct,0,0,0,A,A,1,No Deposit,14.0,0,Transient,115.0,0,0
City Hotel,0,16,2017,July,29,16,1,0,2,0.0,0,BB,BEL,Online TA,TA/TO,0,0,0,A,A,0,No Deposit,9.0,0,Transient,118.0,0,1
City Hotel,0,54,2017,July,28,15,1,1,2,0.0,0,BB,CHE,Direct,Direct,0,0,0,A,A,0,No Deposit,14.0,0,Transient-Party,121.5,0,0
City Hotel,0,54,2017,July,28,15,1,1,2,0.0,0,BB,CHE,Direct,Direct,0,0,0,A,A,0,No Deposit,14.0,0,Transient-Party,121.5,0,0
City Hotel,0,109,2017,July,28,15,1,1,2,0.0,0,SC,CHE,Online TA,TA/TO,0,0,0,A,A,0,No Deposit,9.0,0,Transient,120.0,0,0
City Hotel,0,5,2017,July,29,16,1,0,2,0.0,0,HB,PRT,Online TA,TA/TO,0,0,0,A,D,0,No Deposit,9.0,0,Transient,163.0,0,3
City Hotel,0,5,2017,July,28,15,1,1,2,0.0,0,BB,PRT,Direct,Direct,0,0,0,A,A,0,No Deposit,,0,Transient,99.0,0,1
City Hotel,0,9,2017,July,28,14,1,2,2,0.0,0,BB,FRA,Online TA,TA/TO,0,0,0,A,A,0,No Deposit,9.0,0,Transient,132.0,0,1
City Hotel,0,184,2017,July,28,15,1,1,2,0.0,0,SC,NLD,Online TA,TA/TO,0,0,0,D,D,0,No Deposit,9.0,0,Transient-Party,158.4,0,1
City Hotel,0,78,2017,July,28,15,1,1,2,0.0,0,BB,DNK,Direct,Direct,0,0,0,D,D,0,No Deposit,,0,Transient,130.5,0,2
City Hotel,0,15,2017,July,28,15,1,1,2,0.0,0,BB,CHN,Online TA,TA/TO,0,0,0,D,D,0,No Deposit,9.0,0,Transient,149.0,0,2
City Hotel,0,8,2017,July,28,13,1,3,2,0.0,0,BB,ESP,Online TA,TA/TO,0,0,0,D,D,0,No Deposit,9.0,0,Transient,158.0,0,1
City Hotel,0,1,2017,July,29,17,1,0,2,0.0,0,SC,FIN,Online TA,TA/TO,0,0,0,A,A,0,No Deposit,7.0,0,Transient,106.4,0,1
City Hotel,0,476,2017,July,28,15,2,1,2,0.0,0,BB,GBR,Offline TA/TO,TA/TO,0,0,0,A,A,0,No Deposit,229.0,0,Transient-Party,112.67,0,1
City Hotel,0,42,2017,July,29,16,2,0,2,0.0,0,SC,PRT,Online TA,TA/TO,0,0,0,A,A,0,No Deposit,9.0,0,Transient,130.0,0,2
City Hotel,0,159,2017,July,28,15,2,1,2,0.0,0,SC,PRT,Online TA,TA/TO,0,0,0,A,A,0,No Deposit,7.0,0,Transient,68.61,0,1
City Hotel,0,7,2017,July,28,15,2,1,2,0.0,0,SC,PRT,Online TA,TA/TO,0,0,0,A,D,1,No Deposit,9.0,0,Transient,105.0,0,1
City Hotel,0,158,2017,July,29,17,1,1,2,0.0,0,BB,DEU,Online TA,TA/TO,0,0,0,A,A,1,No Deposit,9.0,0,Transient,107.1,0,0
City Hotel,0,320,2017,July,28,11,2,5,2,0.0,0,BB,GBR,Direct,Direct,0,0,0,A,A,0,No Deposit,14.0,0,Transient,89.1,0,1
City Hotel,0,121,2017,July,28,11,2,5,2,0.0,0,BB,GBR,Online TA,TA/TO,0,0,0,D,D,1,No Deposit,9.0,0,Transient-Party,171.0,0,1
City Hotel,0,324,2017,July,29,16,2,0,2,0.0,0,SC,RUS,Online TA,TA/TO,0,0,0,A,A,0,No Deposit,9.0,0,Transient,89.1,0,1
City Hotel,0,160,2017,July,28,15,2,1,2,0.0,0,SC,BEL,Online TA,TA/TO,0,0,0,A,A,0,No Deposit,9.0,0,Transient-Party,89.1,1,1
City Hotel,0,160,2017,July,28,15,2,1,2,0.0,0,SC,BEL,Online TA,TA/TO,0,0,0,A,A,0,No Deposit,9.0,0,Transient-Party,89.1,0,1
City Hotel,0,10,2017,July,28,14,2,2,2,0.0,0,BB,ESP,Online TA,TA/TO,0,0,0,A,A,1,No Deposit,9.0,0,Transient,119.0,0,1
City Hotel,0,4,2017,July,29,17,1,0,2,0.0,0,SC,FRA,Online TA,TA/TO,0,0,0,A,A,0,No Deposit,9.0,0,Transient,140.0,0,1
City Hotel,0,159,2017,July,29,16,2,0,2,0.0,0,BB,DEU,Online TA,TA/TO,0,0,0,A,A,0,No Deposit,9.0,0,Transient,116.1,1,0
City Hotel,0,476,2017,July,28,15,2,1,2,0.0,0,BB,GBR,Offline TA/TO,TA/TO,0,0,0,A,A,0,No Deposit,229.0,0,Transient-Party,112.67,0,2
City Hotel,0,476,2017,July,28,15,2,1,2,0.0,0,BB,GBR,Offline TA/TO,TA/TO,0,0,0,A,A,0,No Deposit,229.0,0,Transient-Party,112.67,0,2
City Hotel,0,156,2017,July,29,16,2,0,2,0.0,0,SC,BEL,Online TA,TA/TO,0,0,0,A,A,0,No Deposit,9.0,0,Transient,89.1,0,0
City Hotel,0,156,2017,July,29,16,2,0,2,0.0,0,SC,BEL,Online TA,TA/TO,0,0,0,A,A,0,No Deposit,9.0,0,Transient,89.1,0,0
City Hotel,0,151,2017,July,29,16,2,0,2,0.0,0,SC,ESP,Online TA,TA/TO,0,0,0,A,A,0,No Deposit,9.0,0,Transient,89.1,0,0
City Hotel,0,127,2017,July,29,16,2,0,2,0.0,0,BB,SWE,Online TA,TA/TO,0,0,0,A,A,0,No Deposit,9.0,0,Transient,126.0,0,0
City Hotel,0,476,2017,July,28,15,2,1,2,0.0,0,BB,GBR,Offline TA/TO,TA/TO,0,0,0,A,A,0,No Deposit,229.0,0,Transient-Party,112.67,0,1
City Hotel,0,189,2017,July,28,11,2,5,2,0.0,0,BB,NLD,Offline TA/TO,TA/TO,0,0,0,A,A,0,No Deposit,28.0,0,Transient,80.1,0,3
City Hotel,0,476,2017,July,28,15,2,1,2,0.0,0,BB,GBR,Offline TA/TO,TA/TO,0,0,0,A,A,0,No Deposit,229.0,0,Transient-Party,112.67,0,2
City Hotel,0,168,2017,July,28,15,2,1,2,0.0,0,BB,CN,Online TA,TA/TO,0,0,0,A,A,2,No Deposit,9.0,0,Transient,114.07,0,2
City Hotel,0,153,2017,July,28,15,2,1,2,0.0,0,BB,FRA,Online TA,TA/TO,0,0,0,A,A,0,No Deposit,9.0,0,Transient,107.1,0,1
City Hotel,0,476,2017,July,28,15,2,1,2,0.0,0,BB,GBR,Offline TA/TO,TA/TO,0,0,0,A,A,0,No Deposit,229.0,0,Transient-Party,112.67,0,1
City Hotel,0,476,2017,July,28,15,2,1,2,0.0,0,BB,GBR,Offline TA/TO,TA/TO,0,0,0,A,A,0,No Deposit,229.0,0,Transient-Party,112.67,0,1
City Hotel,0,476,2017,July,28,15,2,1,2,0.0,0,BB,GBR,Offline TA/TO,TA/TO,0,0,0,A,A,0,No Deposit,229.0,0,Transient-Party,112.67,0,2
City Hotel,0,476,2017,July,28,15,2,1,2,0.0,0,BB,GBR,Offline TA/TO,TA/TO,0,0,0,A,A,0,No Deposit,229.0,0,Transient-Party,112.67,0,2
City Hotel,0,7,2017,July,29,17,1,0,2,0.0,0,BB,ESP,Online TA,TA/TO,0,0,0,A,A,0,No Deposit,9.0,0,Transient,160.0,0,1
City Hotel,0,148,2017,July,29,16,2,0,2,0.0,0,SC,DEU,Online TA,TA/TO,0,0,0,A,A,0,No Deposit,9.0,0,Transient,89.1,0,0
City Hotel,0,184,2017,July,28,11,2,5,2,0.0,0,BB,GBR,Online TA,TA/TO,0,0,0,D,D,0,No Deposit,9.0,0,Transient,120.6,0,1
City Hotel,0,174,2017,July,28,14,2,2,2,0.0,0,BB,NLD,Online TA,TA/TO,0,0,0,D,D,0,No Deposit,7.0,0,Transient,89.4,0,1
City Hotel,0,148,2017,July,29,16,2,0,2,0.0,0,SC,DEU,Online TA,TA/TO,0,0,0,A,A,0,No Deposit,9.0,0,Transient,89.1,0,0
City Hotel,0,25,2017,July,28,14,2,2,2,0.0,0,BB,CN,Online TA,TA/TO,0,0,0,G,G,0,No Deposit,7.0,0,Transient,216.0,0,1
City Hotel,0,7,2017,July,28,12,2,4,2,0.0,0,SC,BEL,Online TA,TA/TO,0,0,0,A,A,0,No Deposit,9.0,0,Transient,126.0,0,1
City Hotel,0,476,2017,July,28,15,2,1,2,0.0,0,BB,GBR,Offline TA/TO,TA/TO,0,0,0,A,A,0,No Deposit,229.0,0,Transient-Party,112.67,0,1
City Hotel,0,80,2017,July,28,15,2,1,2,0.0,0,BB,GBR,Online TA,TA/TO,0,0,0,A,A,0,No Deposit,85.0,0,Transient,80.1,0,0
City Hotel,0,476,2017,July,28,15,2,1,2,0.0,0,BB,GBR,Offline TA/TO,TA/TO,0,0,0,A,A,0,No Deposit,229.0,0,Transient-Party,112.67,0,1
City Hotel,0,476,2017,July,28,15,2,1,2,0.0,0,BB,GBR,Offline TA/TO,TA/TO,0,0,0,A,A,0,No Deposit,229.0,0,Transient-Party,112.67,0,1
City Hotel,0,194,2017,July,28,12,2,4,2,0.0,0,BB,DEU,Online TA,TA/TO,0,0,0,A,A,0,No Deposit,9.0,0,Transient,107.1,0,0
City Hotel,0,183,2017,July,28,12,2,4,2,0.0,0,BB,FRA,Offline TA/TO,TA/TO,0,0,0,A,A,0,No Deposit,42.0,0,Transient,80.1,0,1
City Hotel,0,156,2017,July,28,15,2,1,2,0.0,0,BB,SWE,Online TA,TA/TO,0,0,0,D,D,0,No Deposit,9.0,0,Transient,116.1,0,0
City Hotel,0,7,2017,July,29,16,2,0,2,0.0,0,SC,USA,Online TA,TA/TO,0,0,0,A,A,0,No Deposit,9.0,0,Transient,122.5,0,1
City Hotel,0,19,2017,July,29,17,1,0,2,0.0,0,BB,SAU,Online TA,TA/TO,0,0,0,D,D,0,No Deposit,9.0,0,Transient,170.0,0,1
City Hotel,0,2,2017,July,29,16,2,0,2,0.0,0,BB,PRT,Complementary,Direct,0,0,0,A,D,0,No Deposit,,0,Transient,0.0,0,1
City Hotel,0,209,2017,July,29,17,1,1,2,0.0,0,SC,BRA,Online TA,TA/TO,0,0,0,A,A,0,No Deposit,9.0,0,Transient,89.1,0,2
City Hotel,0,173,2017,July,29,16,2,1,2,0.0,0,BB,AUS,Online TA,TA/TO,0,0,0,A,A,0,No Deposit,9.0,0,Transient,107.1,0,0
City Hotel,0,180,2017,July,29,16,2,1,2,0.0,0,BB,TJK,Online TA,TA/TO,0,0,0,A,A,2,No Deposit,9.0,0,Transient,107.1,0,1
City Hotel,0,246,2017,July,29,18,0,1,2,0.0,0,BB,GBR,Online TA,TA/TO,0,0,0,A,A,0,No Deposit,7.0,0,Transient,82.47,0,1
City Hotel,0,222,2017,July,28,13,2,4,2,0.0,0,BB,USA,Online TA,TA/TO,0,0,0,A,D,0,No Deposit,8.0,0,Transient,107.1,0,0
City Hotel,0,224,2017,July,29,17,1,1,2,0.0,0,SC,CHE,Online TA,TA/TO,0,0,0,A,A,0,No Deposit,9.0,0,Transient,89.1,0,0
City Hotel,0,151,2017,July,28,12,2,5,2,0.0,0,BB,SWE,Online TA,TA/TO,0,0,0,D,D,0,No Deposit,9.0,0,Transient,116.1,0,0
City Hotel,0,151,2017,July,28,12,2,5,2,0.0,0,BB,SWE,Online TA,TA/TO,0,0,0,E,E,0,No Deposit,9.0,0,Transient,143.1,0,2
City Hotel,0,171,2017,July,28,15,2,2,2,0.0,0,SC,DEU,Online TA,TA/TO,0,0,0,A,A,0,No Deposit,9.0,0,Transient,89.1,0,2
City Hotel,0,158,2017,July,29,18,0,1,2,0.0,0,SC,USA,Online TA,TA/TO,0,0,0,A,A,0,No Deposit,7.0,0,Transient,68.61,0,0
City Hotel,0,201,2017,July,28,15,2,2,2,0.0,0,SC,AUT,Online TA,TA/TO,0,0,0,A,B,1,No Deposit,9.0,0,Transient,89.1,0,0
City Hotel,0,201,2017,July,28,15,2,2,2,0.0,0,SC,AUT,Online TA,TA/TO,0,0,0,A,B,1,No Deposit,9.0,0,Transient,89.1,0,0
City Hotel,0,243,2017,July,29,17,1,1,2,0.0,0,SC,GBR,Online TA,TA/TO,0,0,0,A,A,0,No Deposit,9.0,0,Transient,89.1,0,2
City Hotel,0,7,2017,July,28,15,2,2,2,0.0,0,SC,ESP,Online TA,TA/TO,0,0,0,A,A,0,No Deposit,9.0,0,Transient,122.5,0,1
City Hotel,0,117,2017,July,29,16,2,1,2,0.0,0,BB,DEU,Online TA,TA/TO,0,0,0,A,A,0,No Deposit,9.0,0,Transient,126.0,0,2
City Hotel,0,149,2017,July,29,18,0,1,2,0.0,0,BB,FIN,Online TA,TA/TO,0,0,0,A,A,0,No Deposit,7.0,0,Transient,81.4,0,0
City Hotel,0,217,2017,July,29,16,2,1,2,0.0,0,BB,BEL,Online TA,TA/TO,0,0,0,A,A,0,No Deposit,9.0,0,Transient,107.1,0,2
City Hotel,0,217,2017,July,29,16,2,1,2,0.0,0,BB,BEL,Online TA,TA/TO,0,0,0,A,A,0,No Deposit,9.0,0,Transient,107.1,0,2
City Hotel,0,10,2017,July,28,15,2,2,2,0.0,0,BB,GBR,Online TA,TA/TO,0,0,0,A,A,0,No Deposit,83.0,0,Transient,113.98,0,0
City Hotel,0,207,2017,July,28,12,2,5,2,0.0,0,SC,FRA,Online TA,TA/TO,0,0,0,A,A,0,No Deposit,9.0,0,Transient,89.1,0,1
City Hotel,0,50,2017,July,29,17,1,1,2,0.0,0,HB,FRA,Direct,Direct,0,0,0,A,A,1,No Deposit,14.0,0,Transient,153.0,0,0
City Hotel,0,49,2017,July,29,17,1,1,2,0.0,0,HB,GBR,Direct,Direct,0,0,0,D,D,3,No Deposit,14.0,0,Transient,194.5,0,1
City Hotel,0,246,2017,July,29,18,0,1,2,0.0,0,BB,DNK,Online TA,TA/TO,0,0,0,A,E,1,No Deposit,9.0,0,Transient,89.1,0,0
City Hotel,0,243,2017,July,28,14,2,3,2,0.0,0,BB,BEL,Online TA,TA/TO,0,0,0,A,A,0,No Deposit,9.0,0,Transient,107.1,0,1
City Hotel,0,147,2017,July,29,16,2,1,2,0.0,0,BB,CHE,Online TA,TA/TO,0,0,0,A,A,0,No Deposit,9.0,0,Transient,107.1,0,0
City Hotel,0,115,2017,July,29,17,1,1,2,0.0,0,SC,CHE,Offline TA/TO,TA/TO,0,0,0,A,A,0,No Deposit,85.0,0,Transient,71.1,0,1
City Hotel,0,113,2017,July,29,17,1,1,2,0.0,0,BB,CHE,Online TA,TA/TO,0,0,0,D,D,0,No Deposit,9.0,0,Transient,135.0,0,1
City Hotel,0,28,2017,July,29,17,1,1,2,0.0,0,BB,ESP,Online TA,TA/TO,0,0,0,A,A,2,No Deposit,9.0,0,Transient,160.0,0,1
City Hotel,0,6,2017,July,28,15,2,2,2,0.0,0,SC,GBR,Online TA,TA/TO,0,0,0,A,A,0,No Deposit,7.0,0,Transient,101.0,0,1
City Hotel,0,166,2017,July,28,14,2,3,2,0.0,0,BB,FIN,Online TA,TA/TO,0,0,0,D,D,0,No Deposit,9.0,0,Transient,116.1,0,0
City Hotel,0,277,2017,July,29,17,1,2,2,0.0,0,BB,CHE,Online TA,TA/TO,0,0,0,A,A,0,No Deposit,9.0,0,Transient-Party,107.1,0,0
City Hotel,0,142,2017,July,29,16,2,2,2,0.0,0,SC,DEU,Online TA,TA/TO,0,0,0,A,A,0,No Deposit,9.0,0,Transient,89.1,0,1
City Hotel,0,288,2017,July,29,18,0,2,2,0.0,0,BB,BRA,Online TA,TA/TO,0,0,0,A,A,0,No Deposit,8.0,0,Transient,116.09,0,1
City Hotel,0,189,2017,July,29,18,0,2,2,0.0,0,BB,GBR,Direct,Direct,0,0,0,A,A,0,No Deposit,14.0,0,Transient,86.63,0,1
City Hotel,0,184,2017,July,28,15,2,3,2,0.0,0,BB,CHE,Online TA,TA/TO,0,0,0,A,A,1,No Deposit,9.0,0,Transient,89.1,0,3
City Hotel,0,174,2017,July,28,15,2,3,2,0.0,0,BB,FRA,Online TA,TA/TO,0,0,0,D,D,0,No Deposit,9.0,0,Transient-Party,152.1,0,1
City Hotel,0,106,2017,July,29,19,0,1,2,0.0,0,SC,BRA,Online TA,TA/TO,0,0,0,A,A,1,No Deposit,9.0,0,Transient,120.0,0,2
City Hotel,0,184,2017,July,28,15,2,3,2,0.0,0,BB,PRT,Online TA,TA/TO,0,0,0,A,A,1,No Deposit,9.0,0,Transient,89.1,0,3
City Hotel,0,150,2017,July,29,19,0,1,2,0.0,0,BB,AUT,Online TA,TA/TO,0,0,0,A,A,0,No Deposit,9.0,0,Transient,107.1,0,0
City Hotel,0,168,2017,July,29,16,2,2,2,0.0,0,BB,BEL,Online TA,TA/TO,0,0,0,A,A,0,No Deposit,9.0,0,Transient,107.1,0,2
City Hotel,0,167,2017,July,29,17,1,2,2,0.0,0,BB,DNK,Online TA,TA/TO,0,0,0,D,D,0,No Deposit,8.0,0,Transient-Party,125.1,0,0
City Hotel,0,166,2017,July,28,15,2,3,2,0.0,0,HB,BEL,Offline TA/TO,TA/TO,0,0,0,A,A,0,No Deposit,394.0,0,Transient,80.1,0,1
City Hotel,0,166,2017,July,28,15,2,3,2,0.0,0,HB,BEL,Offline TA/TO,TA/TO,0,0,0,A,A,0,No Deposit,394.0,0,Transient,80.1,0,1
City Hotel,0,16,2017,July,29,19,0,1,2,0.0,0,SC,NLD,Online TA,TA/TO,0,0,0,A,D,0,No Deposit,9.0,0,Transient,140.0,0,0
City Hotel,0,59,2017,July,29,17,1,2,2,0.0,0,SC,BEL,Online TA,TA/TO,0,0,0,A,A,0,No Deposit,9.0,0,Transient,130.0,0,1
City Hotel,0,59,2017,July,29,17,1,2,2,0.0,0,SC,BEL,Online TA,TA/TO,0,0,0,A,A,0,No Deposit,9.0,0,Transient,130.0,0,1
City Hotel,0,166,2017,July,28,14,2,4,2,0.0,0,BB,BEL,Online TA,TA/TO,0,0,0,D,D,0,No Deposit,9.0,0,Transient,116.1,0,0
City Hotel,0,156,2017,July,29,16,2,2,2,0.0,0,SC,BEL,Online TA,TA/TO,0,0,0,A,A,0,No Deposit,9.0,0,Transient,93.6,0,0
City Hotel,0,156,2017,July,29,16,2,2,2,0.0,0,SC,BEL,Online TA,TA/TO,0,0,0,A,A,0,No Deposit,9.0,0,Transient,89.1,0,0
City Hotel,0,191,2017,July,29,16,2,2,2,0.0,0,BB,PRT,Online TA,TA/TO,0,0,0,D,D,0,No Deposit,9.0,0,Transient,120.6,0,2
City Hotel,0,188,2017,July,29,17,1,2,2,0.0,0,BB,PRT,Online TA,TA/TO,0,0,0,A,A,0,No Deposit,9.0,0,Transient,107.1,0,0
City Hotel,0,93,2017,July,29,18,0,3,2,0.0,0,BB,GBR,Direct,Direct,0,0,0,D,D,0,No Deposit,14.0,0,Transient,139.5,0,0
City Hotel,0,219,2017,July,28,14,2,5,2,0.0,0,BB,NOR,Online TA,TA/TO,0,0,0,A,A,1,No Deposit,9.0,0,Transient-Party,109.1,0,4
City Hotel,0,265,2017,July,29,17,1,3,2,0.0,0,BB,CHE,Online TA,TA/TO,0,0,0,D,D,0,No Deposit,9.0,0,Transient,120.6,0,1
City Hotel,0,76,2017,July,29,16,2,3,2,0.0,0,BB,DEU,Direct,Direct,0,0,0,A,A,0,No Deposit,14.0,0,Transient,108.0,0,0
City Hotel,0,20,2017,July,29,17,1,3,2,0.0,0,BB,EST,Direct,Direct,0,0,0,A,A,0,No Deposit,14.0,0,Transient,123.2,0,0
City Hotel,0,256,2017,July,29,17,1,3,2,0.0,0,SC,CHE,Online TA,TA/TO,0,0,0,A,A,0,No Deposit,9.0,0,Transient,92.1,0,2
City Hotel,0,128,2017,July,29,17,1,3,2,0.0,0,BB,SWE,Online TA,TA/TO,0,0,0,A,A,0,No Deposit,9.0,0,Transient,126.0,0,0
City Hotel,0,173,2017,July,29,18,0,3,2,0.0,0,BB,USA,Online TA,TA/TO,0,0,0,A,A,1,No Deposit,9.0,0,Transient,89.1,0,1
City Hotel,0,58,2017,July,29,19,0,2,2,0.0,0,BB,RUS,Online TA,TA/TO,0,0,0,A,A,0,No Deposit,9.0,0,Transient,150.0,0,2
City Hotel,0,10,2017,July,29,19,0,2,2,0.0,0,SC,GBR,Online TA,TA/TO,0,0,0,A,A,0,No Deposit,9.0,0,Transient,140.0,0,0
City Hotel,0,81,2017,July,29,18,0,3,2,0.0,0,BB,USA,Online TA,TA/TO,0,0,0,A,A,1,No Deposit,9.0,0,Transient,120.0,0,1
City Hotel,0,25,2017,July,29,20,0,1,2,0.0,0,BB,BEL,Online TA,TA/TO,0,0,0,A,A,1,No Deposit,9.0,0,Transient,160.0,0,1
City Hotel,0,178,2017,July,29,18,0,3,2,0.0,0,SC,DEU,Online TA,TA/TO,0,0,0,A,A,1,No Deposit,9.0,0,Transient-Party,89.1,0,1
City Hotel,0,178,2017,July,29,18,0,3,2,0.0,0,SC,DEU,Online TA,TA/TO,0,0,0,A,A,0,No Deposit,9.0,0,Transient-Party,89.1,0,1
City Hotel,0,50,2017,July,29,19,0,2,2,0.0,0,BB,ESP,Online TA,TA/TO,0,0,0,A,A,0,No Deposit,9.0,0,Transient,159.0,1,1
City Hotel,0,177,2017,July,29,18,0,3,2,0.0,0,BB,DEU,Online TA,TA/TO,0,0,0,A,A,0,No Deposit,9.0,0,Transient,107.1,0,0
City Hotel,0,216,2017,July,28,15,2,4,2,0.0,0,SC,BRA,Online TA,TA/TO,0,0,0,A,A,0,No Deposit,9.0,0,Transient,89.1,0,2
City Hotel,0,195,2017,July,29,16,2,3,2,0.0,0,SC,GBR,Online TA,TA/TO,0,0,0,A,A,0,No Deposit,9.0,0,Transient,89.1,0,1
City Hotel,0,14,2017,July,29,17,1,3,2,0.0,0,BB,GBR,Online TA,TA/TO,0,0,0,A,A,0,No Deposit,89.0,0,Transient,121.6,0,0
City Hotel,0,178,2017,July,29,17,1,3,2,0.0,0,BB,BRA,Online TA,TA/TO,0,0,0,A,A,0,No Deposit,7.0,0,Transient,82.47,0,2
City Hotel,0,168,2017,July,29,17,1,3,2,0.0,0,BB,BEL,Online TA,TA/TO,0,0,0,A,A,0,No Deposit,9.0,0,Transient,107.1,0,1
City Hotel,0,168,2017,July,29,17,1,3,2,0.0,0,BB,BEL,Online TA,TA/TO,0,0,0,A,A,0,No Deposit,9.0,0,Transient,107.1,0,1
City Hotel,0,156,2017,July,29,17,1,3,2,0.0,0,BB,FRA,Direct,Direct,0,0,0,A,A,0,No Deposit,14.0,0,Transient,89.1,0,1
City Hotel,0,156,2017,July,29,17,1,3,2,0.0,0,BB,FRA,Direct,Direct,0,0,0,A,A,0,No Deposit,14.0,0,Transient,89.1,0,1
City Hotel,0,164,2017,July,29,18,0,3,2,0.0,0,BB,BEL,Online TA,TA/TO,0,0,0,A,A,0,No Deposit,9.0,0,Transient,107.1,0,1
City Hotel,0,7,2017,July,29,17,1,3,2,0.0,0,BB,CHE,Online TA,TA/TO,0,0,0,D,D,0,No Deposit,9.0,0,Transient,170.0,0,1
City Hotel,0,1,2017,July,29,18,0,3,2,0.0,0,BB,FRA,Offline TA/TO,TA/TO,0,0,0,A,D,0,No Deposit,28.0,0,Transient,85.0,0,2
City Hotel,0,476,2017,July,28,15,2,4,2,0.0,0,BB,USA,Offline TA/TO,TA/TO,0,0,0,A,A,2,No Deposit,229.0,0,Transient-Party,101.33,0,1
City Hotel,0,167,2017,July,29,19,0,2,2,0.0,0,BB,ARG,Online TA,TA/TO,0,0,0,A,A,0,No Deposit,9.0,0,Transient,107.1,0,2
City Hotel,0,157,2017,July,28,15,2,4,2,0.0,0,BB,AUS,Offline TA/TO,TA/TO,0,0,0,A,A,0,No Deposit,52.0,0,Transient,80.1,0,1
City Hotel,0,154,2017,July,29,17,1,3,2,0.0,0,BB,PRT,Online TA,TA/TO,0,0,0,A,A,0,No Deposit,9.0,0,Transient-Party,107.1,0,1
City Hotel,0,154,2017,July,29,17,1,3,2,0.0,0,BB,BEL,Online TA,TA/TO,0,0,0,A,A,0,No Deposit,9.0,0,Transient-Party,107.1,0,1
City Hotel,0,180,2017,July,29,18,0,3,2,0.0,0,BB,AUT,Offline TA/TO,TA/TO,0,0,0,A,A,0,No Deposit,16.0,0,Transient,89.1,0,1
City Hotel,0,180,2017,July,28,15,2,4,2,0.0,0,BB,ROU,Offline TA/TO,TA/TO,0,0,0,A,A,0,No Deposit,6.0,0,Transient,80.1,0,2
City Hotel,0,179,2017,July,29,18,0,3,2,0.0,0,BB,GBR,Offline TA/TO,TA/TO,0,0,0,A,A,0,No Deposit,42.0,0,Transient,80.1,0,1
City Hotel,0,171,2017,July,29,16,2,3,2,0.0,0,BB,GBR,Offline TA/TO,TA/TO,0,0,0,D,D,0,No Deposit,168.0,0,Transient,89.1,0,1
City Hotel,0,150,2017,July,29,19,0,2,2,0.0,0,BB,BEL,Direct,Direct,0,0,0,A,A,0,No Deposit,14.0,0,Transient,98.1,0,1
City Hotel,0,128,2017,July,29,16,2,3,2,0.0,0,BB,ITA,Direct,Direct,0,0,0,A,A,0,No Deposit,14.0,0,Transient,108.0,0,0
City Hotel,0,150,2017,July,29,18,0,3,2,0.0,0,BB,PRT,Direct,Direct,0,0,0,A,A,0,No Deposit,14.0,0,Transient,89.1,0,2
City Hotel,0,168,2017,July,29,17,1,3,2,0.0,0,BB,GBR,Online TA,TA/TO,0,0,0,A,A,0,No Deposit,9.0,0,Transient,107.1,0,1
City Hotel,0,168,2017,July,29,17,1,3,2,0.0,0,BB,IRL,Online TA,TA/TO,0,0,0,A,A,0,No Deposit,9.0,0,Transient,107.1,0,0
City Hotel,0,13,2017,July,29,17,1,3,2,0.0,0,BB,FRA,Online TA,TA/TO,0,0,0,A,A,0,No Deposit,9.0,0,Transient,160.0,0,0
City Hotel,0,158,2017,July,28,14,2,5,2,0.0,0,BB,CZE,Online TA,TA/TO,0,0,0,E,E,0,No Deposit,9.0,0,Transient,143.1,0,2
City Hotel,0,180,2017,July,28,15,2,4,2,0.0,0,BB,ROU,Offline TA/TO,TA/TO,0,0,0,A,A,0,No Deposit,6.0,0,Transient,80.1,0,2
City Hotel,0,180,2017,July,29,18,0,3,2,0.0,0,BB,AUT,Offline TA/TO,TA/TO,0,0,0,A,A,0,No Deposit,16.0,0,Transient,80.1,0,1
City Hotel,0,50,2017,July,29,17,1,3,2,0.0,0,BB,FRA,Online TA,TA/TO,0,0,0,A,A,0,No Deposit,9.0,0,Transient,150.0,0,1
City Hotel,0,15,2017,July,29,20,0,2,2,0.0,0,BB,CHN,Direct,Direct,0,0,0,A,A,1,No Deposit,14.0,0,Transient,129.0,0,0
City Hotel,0,268,2017,July,29,16,2,4,2,0.0,0,BB,GBR,Online TA,TA/TO,0,0,0,A,A,0,No Deposit,83.0,0,Transient,80.92,0,0
City Hotel,0,9,2017,July,29,21,0,1,2,0.0,0,SC,BEL,Online TA,TA/TO,0,0,0,A,A,0,No Deposit,85.0,0,Transient,78.4,0,0
City Hotel,0,157,2017,July,29,17,1,4,2,0.0,0,BB,FRA,Online TA,TA/TO,0,0,0,A,A,2,No Deposit,9.0,0,Transient,107.1,0,1
City Hotel,0,81,2017,July,29,17,1,4,2,0.0,0,SC,GBR,Online TA,TA/TO,0,0,0,A,A,0,No Deposit,7.0,0,Transient,96.0,0,1
City Hotel,0,151,2017,July,29,19,0,3,2,0.0,0,SC,GBR,Online TA,TA/TO,0,0,0,A,C,0,No Deposit,7.0,0,Transient,71.28,0,1
City Hotel,0,78,2017,July,29,19,0,3,2,0.0,0,SC,USA,Online TA,TA/TO,0,0,0,A,A,0,No Deposit,7.0,0,Transient,91.2,0,1
City Hotel,0,22,2017,July,29,21,0,1,2,0.0,0,SC,HRV,Online TA,TA/TO,0,0,0,A,A,0,No Deposit,9.0,0,Transient,108.0,0,1
City Hotel,0,264,2017,July,29,20,0,2,2,0.0,0,BB,ISR,Online TA,TA/TO,0,0,0,A,A,1,No Deposit,9.0,0,Transient,107.1,0,4
City Hotel,0,193,2017,July,29,19,0,3,2,0.0,0,SC,PRT,Online TA,TA/TO,0,0,0,A,A,0,No Deposit,9.0,0,Transient,89.1,0,1
City Hotel,0,173,2017,July,28,15,2,5,2,0.0,0,HB,GBR,Online TA,TA/TO,0,0,0,D,A,1,No Deposit,83.0,0,Transient,114.92,0,0
City Hotel,0,153,2017,July,28,15,2,5,2,0.0,0,BB,FRA,Direct,Direct,0,0,0,A,A,0,No Deposit,14.0,0,Transient,89.1,0,1
City Hotel,0,12,2017,July,29,21,0,1,2,0.0,0,BB,PRT,Online TA,TA/TO,0,0,0,A,A,0,No Deposit,9.0,0,Transient,118.0,0,1
City Hotel,0,241,2017,July,29,21,0,1,2,0.0,0,SC,USA,Online TA,TA/TO,0,0,0,A,A,0,No Deposit,7.0,0,Transient,68.61,0,0
City Hotel,0,153,2017,July,29,18,0,4,2,0.0,0,BB,FRA,Online TA,TA/TO,0,0,0,D,D,0,No Deposit,9.0,0,Transient,125.1,1,0
City Hotel,0,12,2017,July,29,16,2,4,2,0.0,0,BB,POL,Online TA,TA/TO,0,0,0,A,A,0,No Deposit,9.0,0,Transient,147.67,0,2
City Hotel,0,118,2017,July,28,15,2,5,2,0.0,0,BB,FRA,Online TA,TA/TO,0,0,0,A,A,0,No Deposit,9.0,0,Transient,126.0,0,0
City Hotel,0,116,2017,July,29,19,0,3,2,0.0,0,BB,FRA,Online TA,TA/TO,0,0,0,A,A,1,No Deposit,9.0,0,Transient,142.33,1,1
City Hotel,0,295,2017,July,29,20,0,2,2,0.0,0,BB,ZAF,Direct,Direct,0,0,0,B,B,0,No Deposit,,0,Transient-Party,100.4,0,1
City Hotel,0,138,2017,July,29,21,0,1,2,0.0,0,SC,DEU,Online TA,TA/TO,0,0,0,A,A,0,No Deposit,8.0,0,Transient,108.0,0,0
City Hotel,0,152,2017,July,29,21,0,1,2,0.0,0,BB,NLD,Online TA,TA/TO,0,0,0,A,A,2,No Deposit,9.0,0,Transient-Party,89.1,0,1
City Hotel,0,244,2017,July,28,15,2,5,2,0.0,0,BB,BEL,Online TA,TA/TO,0,0,0,A,A,0,No Deposit,9.0,0,Transient,107.1,0,1
City Hotel,0,244,2017,July,28,15,2,5,2,0.0,0,BB,BEL,Online TA,TA/TO,0,0,0,A,A,0,No Deposit,9.0,0,Transient,107.1,0,1
City Hotel,0,143,2017,July,29,18,0,4,2,0.0,0,BB,BEL,Offline TA/TO,TA/TO,0,0,0,A,A,0,No Deposit,85.0,0,Transient,80.1,0,1
City Hotel,0,17,2017,July,29,20,0,2,2,0.0,0,SC,PRT,Online TA,TA/TO,0,0,0,A,A,0,No Deposit,423.0,0,Transient,101.68,0,0
City Hotel,0,71,2017,July,29,16,2,4,2,0.0,0,SC,DEU,Online TA,TA/TO,0,0,0,A,A,1,No Deposit,8.0,0,Transient,120.0,0,1
City Hotel,0,179,2017,July,28,15,2,5,2,0.0,0,BB,DEU,Online TA,TA/TO,0,0,0,A,A,0,No Deposit,9.0,0,Transient,107.1,0,1
City Hotel,0,157,2017,July,27,8,4,10,2,0.0,0,HB,ITA,Online TA,TA/TO,0,0,0,D,D,0,No Deposit,9.0,0,Transient,152.1,0,1
City Hotel,0,9,2017,July,29,20,0,2,2,0.0,0,SC,PRT,Online TA,TA/TO,0,0,0,A,A,0,No Deposit,7.0,0,Transient,95.2,0,1
City Hotel,0,239,2017,July,29,18,0,4,2,0.0,0,BB,DEU,Online TA,TA/TO,0,0,0,A,A,0,No Deposit,9.0,0,Transient,107.1,0,2
City Hotel,0,239,2017,July,29,18,0,4,2,0.0,0,BB,DEU,Online TA,TA/TO,0,0,0,A,A,0,No Deposit,9.0,0,Transient,107.1,0,2
City Hotel,0,185,2017,July,28,14,2,6,2,0.0,0,BB,GBR,Offline TA/TO,TA/TO,0,0,0,D,D,0,No Deposit,42.0,0,Transient,89.1,0,0
City Hotel,0,265,2017,July,29,19,0,3,2,0.0,0,BB,NLD,Direct,Direct,0,0,0,A,A,0,No Deposit,14.0,0,Transient,89.1,0,4
City Hotel,0,86,2017,July,29,20,0,2,2,0.0,0,SC,GBR,Online TA,TA/TO,0,0,0,D,D,1,No Deposit,9.0,0,Transient,190.0,0,2
City Hotel,0,85,2017,July,29,20,0,2,2,0.0,0,HB,ESP,Online TA,TA/TO,0,0,0,A,A,0,No Deposit,9.0,0,Transient,178.0,0,2
City Hotel,0,265,2017,July,29,19,0,3,2,0.0,0,BB,NLD,Direct,Direct,0,0,0,A,D,2,No Deposit,14.0,0,Transient,89.1,0,4
City Hotel,0,239,2017,July,29,18,0,4,2,0.0,0,BB,DEU,Online TA,TA/TO,0,0,0,A,A,0,No Deposit,9.0,0,Transient,107.1,0,2
City Hotel,0,15,2017,July,29,21,0,1,2,0.0,0,SC,PRT,Online TA,TA/TO,0,0,0,A,A,0,No Deposit,9.0,0,Transient-Party,98.0,0,3
City Hotel,0,239,2017,July,29,18,0,4,2,0.0,0,BB,PRT,Online TA,TA/TO,0,0,0,A,A,0,No Deposit,9.0,0,Transient,107.1,0,2
City Hotel,0,142,2017,July,29,19,0,3,2,0.0,0,BB,DEU,Offline TA/TO,TA/TO,0,0,0,A,A,0,No Deposit,85.0,0,Transient,80.1,0,0
City Hotel,0,21,2017,July,29,21,0,1,2,0.0,0,BB,FRA,Online TA,TA/TO,0,0,0,D,D,0,No Deposit,9.0,0,Transient,138.0,0,1
City Hotel,0,181,2017,July,29,18,0,4,2,0.0,0,BB,FRA,Online TA,TA/TO,0,0,0,A,A,0,No Deposit,9.0,0,Transient,107.1,0,0
City Hotel,0,74,2017,July,29,20,0,2,2,0.0,0,BB,BEL,Online TA,TA/TO,0,0,0,A,A,1,No Deposit,9.0,0,Transient,120.0,0,2
City Hotel,0,154,2017,July,28,15,2,5,2,0.0,0,BB,GBR,Online TA,TA/TO,0,0,0,D,D,0,No Deposit,9.0,0,Transient,116.1,0,0
City Hotel,0,189,2017,July,28,15,2,5,2,0.0,0,BB,BEL,Online TA,TA/TO,0,0,0,A,A,0,No Deposit,9.0,0,Transient,107.1,0,0
City Hotel,0,136,2017,July,29,19,0,3,2,0.0,0,BB,BLR,Online TA,TA/TO,0,0,0,A,A,1,No Deposit,9.0,0,Transient,128.0,0,2
City Hotel,0,170,2017,July,29,17,1,4,2,0.0,0,BB,IND,Online TA,TA/TO,0,0,0,D,D,2,No Deposit,9.0,0,Transient,116.1,0,1
City Hotel,0,163,2017,July,29,17,1,4,2,0.0,0,BB,DEU,Offline TA/TO,TA/TO,0,0,0,A,A,0,No Deposit,42.0,0,Transient,80.1,0,1
City Hotel,0,16,2017,July,29,21,0,1,2,0.0,0,BB,FRA,Online TA,TA/TO,0,0,0,A,A,0,No Deposit,9.0,0,Transient,118.0,0,1
City Hotel,0,195,2017,July,29,17,1,4,2,0.0,0,BB,GBR,Direct,Direct,0,0,0,D,D,0,No Deposit,14.0,0,Transient,111.6,0,1
City Hotel,0,117,2017,July,29,21,0,1,2,0.0,0,SC,PRT,Online TA,TA/TO,0,0,0,A,A,0,No Deposit,83.0,0,Transient,86.4,0,0
City Hotel,0,53,2017,July,29,18,0,4,2,0.0,0,SC,DEU,Online TA,TA/TO,0,0,0,A,A,0,No Deposit,9.0,0,Transient,130.0,0,1
City Hotel,0,190,2017,July,29,19,0,3,2,0.0,0,BB,GBR,Direct,Direct,0,0,0,D,D,0,No Deposit,14.0,0,Transient,124.0,0,0
City Hotel,0,6,2017,July,29,18,0,4,2,0.0,0,BB,PRT,Online TA,TA/TO,0,0,0,D,D,0,No Deposit,9.0,0,Transient,159.5,0,1
City Hotel,0,160,2017,July,28,15,2,5,2,0.0,0,BB,FRA,Online TA,TA/TO,0,0,0,A,A,0,No Deposit,7.0,0,Transient,78.35,0,1
City Hotel,0,237,2017,July,29,20,0,2,2,0.0,0,SC,GBR,Online TA,TA/TO,0,0,0,A,A,0,No Deposit,9.0,0,Transient,89.1,0,2
City Hotel,0,153,2017,July,29,18,0,4,2,0.0,0,BB,AUS,Online TA,TA/TO,0,0,0,D,D,0,No Deposit,9.0,0,Transient,152.1,0,0
City Hotel,0,195,2017,July,29,17,1,4,2,0.0,0,BB,GBR,Direct,Direct,0,0,0,D,D,0,No Deposit,14.0,0,Transient,111.6,0,1
City Hotel,0,174,2017,July,29,19,0,3,2,0.0,0,BB,NLD,Groups,TA/TO,0,0,0,A,A,0,No Deposit,30.0,0,Transient,80.1,0,0
City Hotel,0,267,2017,July,29,17,1,5,2,0.0,0,SC,BEL,Online TA,TA/TO,0,0,0,A,A,0,No Deposit,9.0,0,Transient,89.1,0,1
City Hotel,0,21,2017,July,29,20,0,3,2,0.0,0,BB,GBR,Online TA,TA/TO,0,0,0,D,D,0,No Deposit,9.0,0,Transient,159.33,0,1
City Hotel,0,184,2017,July,29,16,2,5,2,0.0,0,BB,GBR,Offline TA/TO,TA/TO,0,0,0,A,A,0,No Deposit,28.0,0,Transient,80.1,0,0
City Hotel,0,163,2017,July,29,16,2,5,2,0.0,0,BB,FRA,Online TA,TA/TO,0,0,0,A,A,0,No Deposit,7.0,0,Transient,80.79,0,0
City Hotel,0,10,2017,July,29,19,0,4,2,0.0,0,BB,DEU,Online TA,TA/TO,0,0,0,A,A,0,No Deposit,9.0,0,Transient,149.5,0,3
City Hotel,0,168,2017,July,29,16,2,5,2,0.0,0,BB,DEU,Online TA,TA/TO,0,0,0,D,D,2,No Deposit,9.0,0,Transient,119.44,0,1
City Hotel,0,168,2017,July,29,16,2,5,2,0.0,0,BB,DEU,Online TA,TA/TO,0,0,0,D,D,2,No Deposit,9.0,0,Transient,119.44,0,1
City Hotel,0,53,2017,July,29,22,0,1,2,0.0,0,BB,GBR,Online TA,TA/TO,0,0,0,D,D,0,No Deposit,9.0,0,Transient,160.0,0,2
City Hotel,0,53,2017,July,29,22,0,1,2,0.0,0,BB,GBR,Online TA,TA/TO,0,0,0,E,E,0,No Deposit,9.0,0,Transient,190.0,0,2
City Hotel,0,312,2017,July,29,17,1,5,2,0.0,0,SC,GBR,Online TA,TA/TO,0,0,0,A,A,0,No Deposit,9.0,0,Transient,99.0,0,2
City Hotel,0,13,2017,July,29,22,0,1,2,0.0,0,SC,FRA,Online TA,TA/TO,0,0,0,A,A,0,No Deposit,9.0,0,Transient,140.0,0,1
City Hotel,0,3,2017,July,29,22,0,1,2,0.0,0,SC,DNK,Online TA,TA/TO,0,0,0,A,D,0,No Deposit,9.0,0,Transient,160.0,0,0
City Hotel,0,184,2017,July,29,20,0,3,2,0.0,0,BB,DEU,Online TA,TA/TO,0,0,0,A,A,0,No Deposit,9.0,0,Transient,114.9,0,1
City Hotel,0,165,2017,July,29,21,0,2,2,0.0,0,BB,CHE,Online TA,TA/TO,0,0,0,D,D,0,No Deposit,9.0,0,Transient,127.8,0,0
City Hotel,0,99,2017,July,29,18,0,5,2,0.0,0,BB,BEL,Offline TA/TO,TA/TO,0,0,0,A,A,0,No Deposit,394.0,0,Transient,80.1,0,0
City Hotel,0,191,2017,July,29,22,0,1,2,0.0,0,BB,GBR,Offline TA/TO,TA/TO,0,0,0,A,A,0,No Deposit,28.0,0,Transient,80.1,0,0
City Hotel,0,9,2017,July,29,21,0,2,2,0.0,0,SC,USA,Online TA,TA/TO,0,0,0,A,A,0,No Deposit,7.0,0,Transient,95.2,0,1
City Hotel,0,55,2017,July,29,21,0,2,2,0.0,0,BB,ESP,Direct,Direct,0,0,0,D,D,0,No Deposit,14.0,0,Transient,148.5,1,1
City Hotel,0,225,2017,July,29,20,0,3,2,0.0,0,BB,BEL,Online TA,TA/TO,0,0,0,A,A,0,No Deposit,9.0,0,Transient,114.9,0,2
City Hotel,0,165,2017,July,29,20,0,3,2,0.0,0,SC,FRA,Online TA,TA/TO,0,0,0,A,A,2,No Deposit,9.0,0,Transient,96.9,0,1
City Hotel,0,165,2017,July,29,20,0,3,2,0.0,0,BB,FRA,Online TA,TA/TO,0,0,0,D,D,2,No Deposit,9.0,0,Transient,132.9,0,1
City Hotel,0,183,2017,July,29,18,0,5,2,0.0,0,BB,FRA,Online TA,TA/TO,0,0,0,D,D,0,No Deposit,9.0,0,Transient,120.78,0,3
City Hotel,0,29,2017,July,29,20,0,3,2,0.0,0,SC,NLD,Online TA,TA/TO,0,0,0,A,A,0,No Deposit,9.0,0,Transient,140.0,0,1
City Hotel,0,15,2017,July,29,20,0,3,2,0.0,0,SC,PRT,Online TA,TA/TO,0,0,0,A,A,0,No Deposit,9.0,0,Transient,126.0,0,2
City Hotel,0,195,2017,July,29,20,0,3,2,0.0,0,BB,IRL,Direct,Direct,0,0,0,A,A,0,No Deposit,14.0,0,Transient,94.21,0,0
City Hotel,0,167,2017,July,29,20,0,3,2,0.0,0,BB,GBR,Online TA,TA/TO,0,0,0,A,A,0,No Deposit,9.0,0,Transient,114.9,0,2
City Hotel,0,16,2017,July,29,21,0,2,2,0.0,0,BB,ESP,Online TA,TA/TO,0,0,0,A,A,0,No Deposit,9.0,0,Transient-Party,139.0,0,1
City Hotel,0,16,2017,July,29,21,0,2,2,0.0,0,BB,ESP,Online TA,TA/TO,0,0,0,A,A,0,No Deposit,9.0,0,Transient-Party,139.0,0,1
City Hotel,0,16,2017,July,29,21,0,2,2,0.0,0,BB,ESP,Online TA,TA/TO,0,0,0,A,A,0,No Deposit,9.0,0,Transient-Party,139.0,0,1
City Hotel,0,249,2017,July,29,17,1,5,2,0.0,0,BB,DEU,Online TA,TA/TO,0,0,0,A,A,0,No Deposit,9.0,0,Transient,107.1,0,1
City Hotel,0,243,2017,July,29,20,0,3,2,0.0,0,SC,GBR,Online TA,TA/TO,0,0,0,A,A,0,No Deposit,7.0,0,Transient,65.18,0,0
City Hotel,0,18,2017,July,29,22,0,1,2,0.0,0,BB,DNK,Online TA,TA/TO,0,0,0,A,A,0,No Deposit,7.0,0,Transient,128.0,0,1
City Hotel,0,242,2017,July,29,20,0,3,2,0.0,0,SC,GBR,Online TA,TA/TO,0,0,0,A,A,0,No Deposit,7.0,0,Transient,65.18,0,1
City Hotel,0,186,2017,July,29,20,0,3,2,0.0,0,SC,GBR,Online TA,TA/TO,0,0,0,A,A,0,No Deposit,9.0,0,Transient,96.9,0,0
City Hotel,0,7,2017,July,29,22,0,1,2,0.0,0,BB,GBR,Direct,Direct,0,0,0,A,A,1,No Deposit,14.0,0,Transient,159.0,1,0
City Hotel,0,148,2017,July,29,18,0,5,2,0.0,0,BB,BEL,Online TA,TA/TO,0,0,0,D,D,0,No Deposit,9.0,0,Transient-Party,120.78,0,1
City Hotel,0,148,2017,July,29,18,0,5,2,0.0,0,BB,BEL,Online TA,TA/TO,0,0,0,E,E,0,No Deposit,9.0,0,Transient-Party,147.78,0,1
City Hotel,0,242,2017,July,29,20,0,3,2,0.0,0,SC,IRL,Online TA,TA/TO,0,0,0,A,A,2,No Deposit,9.0,0,Transient,89.1,0,1
City Hotel,0,180,2017,July,29,20,0,3,2,0.0,0,BB,AUS,Online TA,TA/TO,0,0,0,A,A,1,No Deposit,7.0,0,Transient,91.54,0,1
City Hotel,0,198,2017,July,29,20,0,3,2,0.0,0,SC,GBR,Online TA,TA/TO,0,0,0,A,A,1,No Deposit,9.0,0,Transient,96.9,0,0
City Hotel,0,17,2017,July,29,22,0,1,2,0.0,0,SC,FRA,Online TA,TA/TO,0,0,0,A,A,0,No Deposit,9.0,0,Transient,140.0,0,0
City Hotel,0,186,2017,July,29,22,0,1,2,0.0,0,BB,PRT,Offline TA/TO,TA/TO,0,0,0,A,B,0,No Deposit,22.0,0,Transient,89.0,0,1
City Hotel,0,184,2017,July,29,21,1,2,2,0.0,0,BB,CHE,Offline TA/TO,TA/TO,0,0,0,A,D,0,No Deposit,28.0,0,Transient,85.0,0,0
City Hotel,0,16,2017,July,29,21,1,2,2,0.0,0,SC,GBR,Online TA,TA/TO,0,0,0,A,A,0,No Deposit,423.0,0,Transient,103.32,0,1
City Hotel,0,183,2017,July,29,21,1,2,2,0.0,0,BB,ITA,Online TA,TA/TO,0,0,0,A,A,0,No Deposit,9.0,0,Transient,122.7,0,0
City Hotel,0,423,2017,July,29,22,1,1,2,0.0,0,HB,DEU,Offline TA/TO,TA/TO,0,0,0,A,A,0,No Deposit,6.0,0,Transient-Party,122.4,0,1
City Hotel,0,280,2017,July,29,18,1,5,2,0.0,0,BB,GBR,Online TA,TA/TO,0,0,0,A,A,0,No Deposit,9.0,0,Transient-Party,107.1,0,4
City Hotel,0,280,2017,July,29,18,1,5,2,0.0,0,BB,GBR,Online TA,TA/TO,0,0,0,A,A,0,No Deposit,9.0,0,Transient-Party,107.1,0,4
City Hotel,0,175,2017,July,29,21,1,2,2,0.0,0,SC,CHN,Online TA,TA/TO,0,0,0,A,A,3,No Deposit,9.0,0,Transient,94.23,0,2
City Hotel,0,161,2017,July,29,20,1,3,2,0.0,0,BB,ISR,Direct,Direct,0,0,0,D,D,3,No Deposit,14.0,0,Transient,123.3,0,2
City Hotel,0,423,2017,July,29,22,1,1,2,0.0,0,HB,DEU,Offline TA/TO,TA/TO,0,0,0,A,A,0,No Deposit,6.0,0,Transient-Party,122.4,0,1
City Hotel,0,423,2017,July,29,22,1,1,2,0.0,0,HB,DEU,Offline TA/TO,TA/TO,0,0,0,A,A,0,No Deposit,6.0,0,Transient-Party,122.4,0,1
City Hotel,0,423,2017,July,29,22,1,1,2,0.0,0,HB,DEU,Offline TA/TO,TA/TO,0,0,0,A,A,0,No Deposit,6.0,0,Transient-Party,122.4,0,1
City Hotel,0,423,2017,July,29,22,1,1,2,0.0,0,HB,DEU,Offline TA/TO,TA/TO,0,0,0,A,A,0,No Deposit,6.0,0,Transient-Party,122.4,0,1
City Hotel,0,423,2017,July,29,22,1,1,2,0.0,0,HB,DEU,Offline TA/TO,TA/TO,0,0,0,A,B,1,No Deposit,6.0,0,Transient-Party,122.4,0,2
City Hotel,0,423,2017,July,29,22,1,1,2,0.0,0,HB,DEU,Offline TA/TO,TA/TO,0,0,0,A,A,0,No Deposit,6.0,0,Transient-Party,122.4,0,1
City Hotel,0,423,2017,July,29,22,1,1,2,0.0,0,HB,DEU,Offline TA/TO,TA/TO,0,0,0,A,A,0,No Deposit,6.0,0,Transient-Party,114.4,0,2
City Hotel,0,423,2017,July,29,22,1,1,2,0.0,0,HB,DEU,Offline TA/TO,TA/TO,0,0,0,A,A,0,No Deposit,6.0,0,Transient-Party,122.4,0,1
City Hotel,0,423,2017,July,29,22,1,1,2,0.0,0,HB,DEU,Offline TA/TO,TA/TO,0,0,0,A,A,0,No Deposit,6.0,0,Transient-Party,122.4,0,1
City Hotel,0,423,2017,July,29,22,1,1,2,0.0,0,HB,DEU,Offline TA/TO,TA/TO,0,0,0,A,A,0,No Deposit,6.0,0,Transient-Party,114.4,0,1
City Hotel,0,423,2017,July,29,22,1,1,2,0.0,0,HB,DEU,Offline TA/TO,TA/TO,0,0,0,A,A,0,No Deposit,6.0,0,Transient-Party,122.4,0,1
City Hotel,0,423,2017,July,29,22,1,1,2,0.0,0,HB,DEU,Offline TA/TO,TA/TO,0,0,0,A,A,1,No Deposit,6.0,0,Transient-Party,122.4,0,2
City Hotel,0,423,2017,July,29,22,1,1,2,0.0,0,HB,DEU,Offline TA/TO,TA/TO,0,0,0,A,A,0,No Deposit,6.0,0,Transient-Party,122.4,0,1
City Hotel,0,423,2017,July,29,22,1,1,2,0.0,0,HB,DEU,Offline TA/TO,TA/TO,0,0,0,A,A,0,No Deposit,6.0,0,Transient-Party,122.4,0,1
City Hotel,0,423,2017,July,29,22,1,1,2,0.0,0,HB,DEU,Offline TA/TO,TA/TO,0,0,0,A,A,0,No Deposit,6.0,0,Transient-Party,114.4,0,1
City Hotel,0,423,2017,July,29,22,1,1,2,0.0,0,HB,DEU,Offline TA/TO,TA/TO,0,0,0,A,A,0,No Deposit,6.0,0,Transient-Party,122.4,0,1
City Hotel,0,423,2017,July,29,22,1,1,2,0.0,0,HB,DEU,Offline TA/TO,TA/TO,0,0,0,A,A,0,No Deposit,6.0,0,Transient-Party,122.4,0,1
City Hotel,0,141,2017,July,29,21,1,2,2,0.0,0,BB,BEL,Online TA,TA/TO,0,0,0,D,D,0,No Deposit,9.0,0,Transient-Party,138.0,0,0
City Hotel,0,423,2017,July,29,22,1,1,2,0.0,0,HB,DEU,Offline TA/TO,TA/TO,0,0,0,A,A,0,No Deposit,6.0,0,Transient-Party,122.4,0,1
City Hotel,0,423,2017,July,29,22,1,1,2,0.0,0,HB,DEU,Offline TA/TO,TA/TO,0,0,0,A,A,0,No Deposit,6.0,0,Transient-Party,122.4,0,1
City Hotel,0,423,2017,July,29,22,1,1,2,0.0,0,HB,DEU,Offline TA/TO,TA/TO,0,0,0,A,A,0,No Deposit,6.0,0,Transient-Party,122.4,0,1
City Hotel,0,423,2017,July,29,22,1,1,2,0.0,0,HB,PRT,Offline TA/TO,TA/TO,0,0,0,A,A,0,No Deposit,6.0,0,Transient-Party,122.4,0,1
City Hotel,0,128,2017,July,29,21,1,2,2,0.0,0,BB,GBR,Online TA,TA/TO,0,0,0,D,D,0,No Deposit,9.0,0,Transient,138.0,0,0
City Hotel,0,141,2017,July,29,21,1,2,2,0.0,0,BB,BEL,Online TA,TA/TO,0,0,0,D,D,0,No Deposit,9.0,0,Transient-Party,138.0,0,0
City Hotel,0,256,2017,July,29,21,1,2,2,0.0,0,BB,DEU,Online TA,TA/TO,0,0,0,A,A,0,No Deposit,9.0,0,Transient-Party,107.1,0,2
City Hotel,0,256,2017,July,29,21,1,2,2,0.0,0,BB,DEU,Online TA,TA/TO,0,0,0,A,A,0,No Deposit,9.0,0,Transient-Party,107.1,0,2
City Hotel,0,11,2017,July,29,21,1,2,2,0.0,0,BB,IRL,Online TA,TA/TO,0,0,0,A,A,0,No Deposit,9.0,0,Transient,146.0,0,0
City Hotel,0,256,2017,July,29,21,1,2,2,0.0,0,BB,DEU,Online TA,TA/TO,0,0,0,A,A,0,No Deposit,9.0,0,Transient-Party,107.1,0,2
City Hotel,0,129,2017,July,29,22,1,1,2,0.0,0,BB,USA,Online TA,TA/TO,0,0,0,D,D,0,No Deposit,9.0,0,Transient,139.5,0,0
City Hotel,0,129,2017,July,29,22,1,1,2,0.0,0,BB,USA,Online TA,TA/TO,0,0,0,E,E,0,No Deposit,9.0,0,Transient,166.5,0,0
City Hotel,0,423,2017,July,29,22,1,1,2,0.0,0,HB,DEU,Offline TA/TO,TA/TO,0,0,0,A,A,0,No Deposit,6.0,0,Transient-Party,122.4,0,1
City Hotel,0,9,2017,July,30,23,1,0,2,0.0,0,SC,ISR,Online TA,TA/TO,0,0,0,A,A,0,No Deposit,9.0,0,Transient,140.0,0,1
City Hotel,0,423,2017,July,29,22,1,1,2,0.0,0,HB,DEU,Offline TA/TO,TA/TO,0,0,0,A,A,0,No Deposit,6.0,0,Transient-Party,122.4,0,1
City Hotel,0,423,2017,July,29,22,1,1,2,0.0,0,HB,DEU,Offline TA/TO,TA/TO,0,0,0,A,A,0,No Deposit,6.0,0,Transient-Party,122.4,0,1
City Hotel,0,253,2017,July,29,21,1,2,2,0.0,0,BB,GBR,Online TA,TA/TO,0,0,0,A,A,2,No Deposit,9.0,0,Transient-Party,99.9,0,0
City Hotel,0,160,2017,July,30,23,1,0,2,0.0,0,BB,PRT,Offline TA/TO,TA/TO,0,0,0,A,A,0,No Deposit,52.0,0,Transient,80.1,0,1
City Hotel,0,89,2017,July,28,15,3,6,2,0.0,0,BB,BEL,Offline TA/TO,TA/TO,0,0,0,D,D,0,No Deposit,394.0,0,Transient,89.1,0,1
City Hotel,0,149,2017,July,29,19,1,4,2,0.0,0,BB,NLD,Online TA,TA/TO,0,0,0,D,D,0,No Deposit,9.0,0,Transient,125.46,0,1
City Hotel,0,11,2017,July,29,21,1,2,2,0.0,0,BB,ITA,Online TA,TA/TO,0,0,0,A,A,1,No Deposit,9.0,0,Transient,126.0,0,0
City Hotel,0,14,2017,July,29,21,1,2,2,0.0,0,BB,FRA,Online TA,TA/TO,0,0,0,A,A,0,No Deposit,425.0,0,Transient,119.72,0,0
City Hotel,0,200,2017,July,29,21,1,2,2,0.0,0,BB,DEU,Online TA,TA/TO,0,0,0,A,A,0,No Deposit,9.0,0,Transient,122.7,0,3
City Hotel,0,180,2017,July,29,21,1,2,2,0.0,0,BB,GBR,Online TA,TA/TO,0,0,0,D,D,2,No Deposit,9.0,0,Transient,162.33,1,1
City Hotel,0,167,2017,July,29,20,1,3,2,0.0,0,SC,POL,Online TA,TA/TO,0,0,0,A,A,0,No Deposit,9.0,0,Transient,100.8,0,4
City Hotel,0,251,2017,July,29,18,2,5,2,0.0,0,BB,PRT,Online TA,TA/TO,0,0,0,A,A,0,No Deposit,9.0,0,Transient,107.1,0,1
City Hotel,0,174,2017,July,29,18,2,5,2,0.0,0,SC,IRL,Online TA,TA/TO,0,0,0,A,A,0,No Deposit,9.0,0,Transient,99.13,0,1
City Hotel,0,174,2017,July,29,18,2,5,2,0.0,0,SC,IRL,Online TA,TA/TO,0,0,0,A,A,0,No Deposit,9.0,0,Transient,99.13,0,1
City Hotel,0,225,2017,July,29,22,2,1,2,0.0,0,SC,GBR,Offline TA/TO,TA/TO,0,0,0,A,A,0,No Deposit,42.0,0,Transient,71.1,0,1
City Hotel,0,64,2017,July,30,24,1,0,2,0.0,0,SC,CN,Online TA,TA/TO,0,0,0,A,A,0,No Deposit,9.0,0,Transient,98.0,0,1
City Hotel,0,163,2017,July,29,19,2,4,2,0.0,0,BB,FRA,Direct,Direct,0,0,0,D,D,0,No Deposit,14.0,0,Transient,123.3,0,0
City Hotel,0,169,2017,July,29,21,2,2,2,0.0,0,SC,NLD,Online TA,TA/TO,0,0,0,A,A,0,No Deposit,9.0,0,Transient,106.65,0,0
City Hotel,0,172,2017,July,30,23,2,0,2,0.0,0,SC,DEU,Online TA,TA/TO,0,0,0,A,A,0,No Deposit,7.0,0,Transient,86.62,0,1
City Hotel,0,31,2017,July,30,23,2,0,2,0.0,0,BB,FRA,Online TA,TA/TO,0,0,0,D,D,0,No Deposit,9.0,0,Transient,170.0,0,1
City Hotel,0,12,2017,July,29,21,2,2,2,0.0,0,SC,PRT,Online TA,TA/TO,0,0,0,A,A,0,No Deposit,9.0,0,Transient,119.0,0,1
City Hotel,0,4,2017,July,29,22,2,1,2,0.0,0,SC,BRA,Online TA,TA/TO,0,0,0,A,A,0,No Deposit,9.0,0,Transient,160.0,0,2
City Hotel,0,24,2017,July,30,24,1,0,2,0.0,0,SC,CN,Online TA,TA/TO,0,0,0,A,A,0,No Deposit,7.0,0,Transient,86.4,0,1
City Hotel,0,177,2017,July,29,22,2,1,2,0.0,0,BB,DEU,Offline TA/TO,TA/TO,0,0,0,A,A,0,No Deposit,27.0,0,Transient,89.0,0,0
City Hotel,0,8,2017,July,30,24,1,0,2,0.0,0,BB,SRB,Online TA,TA/TO,0,0,0,A,A,0,No Deposit,85.0,0,Transient,98.0,0,0
City Hotel,0,34,2017,July,30,24,1,0,2,0.0,0,SC,GBR,Online TA,TA/TO,0,0,0,A,A,0,No Deposit,9.0,0,Transient,140.0,0,1
City Hotel,0,164,2017,July,29,19,2,4,2,0.0,0,SC,NLD,Online TA,TA/TO,0,0,0,A,A,2,No Deposit,9.0,0,Transient,105.95,0,0
City Hotel,0,175,2017,July,29,22,2,1,2,0.0,0,BB,FIN,Online TA,TA/TO,0,0,0,D,D,2,No Deposit,9.0,0,Transient,139.5,0,0
City Hotel,0,0,2017,July,30,24,1,0,2,0.0,0,BB,CZE,Direct,Direct,0,0,0,A,A,0,No Deposit,,0,Transient,120.0,0,0
City Hotel,0,153,2017,July,29,18,2,5,2,0.0,0,BB,FRA,Online TA,TA/TO,0,0,0,D,D,0,No Deposit,9.0,0,Transient,126.13,0,1
City Hotel,0,7,2017,July,30,23,2,0,2,0.0,0,BB,ISR,Online TA,TA/TO,0,0,0,A,A,0,No Deposit,9.0,0,Transient,160.0,0,2
City Hotel,0,55,2017,July,30,23,2,0,2,0.0,0,BB,GBR,Online TA,TA/TO,0,0,0,A,A,0,No Deposit,9.0,0,Transient-Party,134.0,0,2
City Hotel,0,55,2017,July,30,23,2,0,2,0.0,0,BB,GBR,Online TA,TA/TO,0,0,0,A,A,0,No Deposit,9.0,0,Transient-Party,134.0,0,2
City Hotel,0,141,2017,July,29,20,2,3,2,0.0,0,BB,GBR,Online TA,TA/TO,0,0,0,D,D,0,No Deposit,9.0,0,Transient,137.7,0,0
City Hotel,0,21,2017,July,30,24,1,0,2,0.0,0,SC,DEU,Online TA,TA/TO,0,0,0,A,A,0,No Deposit,9.0,0,Transient,108.0,0,1
City Hotel,0,162,2017,July,29,19,2,4,2,0.0,0,BB,NLD,Offline TA/TO,TA/TO,0,0,0,A,A,0,No Deposit,121.0,0,Transient,75.65,0,1
City Hotel,0,162,2017,July,29,19,2,4,2,0.0,0,BB,NLD,Offline TA/TO,TA/TO,0,0,0,A,A,0,No Deposit,121.0,0,Transient,75.65,0,1
City Hotel,0,1,2017,July,30,24,1,0,2,0.0,0,SC,FRA,Online TA,TA/TO,0,0,0,A,A,0,No Deposit,9.0,0,Transient,140.0,0,2
City Hotel,0,0,2017,July,30,24,1,0,2,0.0,0,BB,RUS,Online TA,TA/TO,0,0,0,A,A,0,No Deposit,9.0,0,Transient,140.0,0,1
City Hotel,0,29,2017,July,30,24,1,1,2,0.0,0,SC,USA,Online TA,TA/TO,0,0,0,A,A,0,No Deposit,8.0,0,Transient,140.0,0,1
City Hotel,0,13,2017,July,30,24,1,1,2,0.0,0,BB,DEU,Online TA,TA/TO,0,0,0,A,A,0,No Deposit,9.0,0,Transient,139.0,0,0
City Hotel,0,307,2017,July,30,25,0,1,2,0.0,0,SC,GBR,Online TA,TA/TO,0,0,0,A,D,0,No Deposit,9.0,0,Transient,89.1,0,2
City Hotel,0,7,2017,July,30,23,2,1,2,0.0,0,BB,POL,Online TA,TA/TO,0,0,0,A,A,0,No Deposit,9.0,0,Transient,160.0,0,1
City Hotel,0,14,2017,July,30,24,1,1,2,0.0,0,BB,BRA,Direct,Direct,0,0,0,A,A,0,No Deposit,,0,Transient-Party,119.0,0,1
City Hotel,0,112,2017,July,30,23,2,1,2,0.0,0,BB,ITA,Online TA,TA/TO,0,0,0,D,D,0,No Deposit,9.0,0,Transient,155.0,0,1
City Hotel,0,154,2017,July,29,19,2,5,2,0.0,0,BB,BEL,Online TA,TA/TO,0,0,0,D,D,2,No Deposit,9.0,0,Transient,131.31,0,1
City Hotel,0,36,2017,July,30,23,2,1,2,0.0,0,BB,GBR,Online TA,TA/TO,0,0,0,A,A,0,No Deposit,9.0,0,Transient,160.0,0,2
City Hotel,0,36,2017,July,30,23,2,1,2,0.0,0,BB,GBR,Online TA,TA/TO,0,0,0,E,E,0,No Deposit,9.0,0,Transient,200.0,0,2
City Hotel,0,60,2017,July,30,24,1,1,2,0.0,0,BB,CHN,Online TA,TA/TO,0,0,0,A,A,0,No Deposit,85.0,0,Transient,80.1,0,1
City Hotel,0,60,2017,July,30,24,1,1,2,0.0,0,BB,CHN,Online TA,TA/TO,0,0,0,A,A,0,No Deposit,42.0,0,Transient,107.2,0,1
City Hotel,0,60,2017,July,30,24,1,1,2,0.0,0,BB,CHN,Online TA,TA/TO,0,0,0,A,A,0,No Deposit,42.0,0,Transient,107.2,0,1
City Hotel,0,60,2017,July,30,24,1,1,2,0.0,0,BB,CHN,Online TA,TA/TO,0,0,0,A,A,0,No Deposit,85.0,0,Transient,80.1,0,1
City Hotel,0,120,2017,July,29,22,2,2,2,0.0,0,SC,DEU,Offline TA/TO,TA/TO,0,0,0,A,A,1,No Deposit,85.0,0,Transient,71.1,0,1
City Hotel,0,61,2017,July,30,23,2,1,2,0.0,0,BB,ARG,Direct,Direct,0,0,0,A,D,0,No Deposit,14.0,0,Transient-Party,107.4,0,1
City Hotel,0,64,2017,July,30,23,2,1,2,0.0,0,BB,ARG,Direct,Direct,0,0,0,D,D,0,No Deposit,14.0,0,Transient-Party,129.9,0,1
City Hotel,0,3,2017,July,30,24,1,1,2,0.0,0,SC,CHE,Online TA,TA/TO,0,0,0,A,A,0,No Deposit,9.0,0,Transient,144.5,0,1
City Hotel,0,126,2017,July,30,23,2,1,2,0.0,0,BB,RUS,Online TA,TA/TO,0,0,0,A,A,0,No Deposit,9.0,0,Transient,135.33,0,0
City Hotel,0,67,2017,July,30,24,1,1,2,0.0,0,BB,USA,Direct,Direct,0,0,0,A,A,1,No Deposit,14.0,0,Transient,122.6,0,0
City Hotel,0,145,2017,July,30,24,1,1,2,0.0,0,BB,BEL,Online TA,TA/TO,0,0,0,A,A,0,No Deposit,9.0,0,Transient,130.5,0,1
City Hotel,0,125,2017,July,30,23,2,1,2,0.0,0,BB,ESP,Online TA,TA/TO,0,0,0,D,D,1,No Deposit,9.0,0,Transient-Party,139.5,0,1
City Hotel,0,125,2017,July,30,23,2,1,2,0.0,0,BB,ESP,Online TA,TA/TO,0,0,0,A,A,1,No Deposit,9.0,0,Transient-Party,146.17,0,1
City Hotel,0,11,2017,July,29,18,2,6,2,0.0,0,BB,NLD,Direct,Direct,0,0,0,A,A,0,No Deposit,14.0,0,Transient,144.5,0,0
City Hotel,0,54,2017,July,30,24,1,1,2,0.0,0,SC,TUR,Online TA,TA/TO,0,0,0,A,A,0,No Deposit,9.0,0,Transient,114.0,0,1
City Hotel,0,86,2017,July,30,24,1,1,2,0.0,0,SC,JPN,Online TA,TA/TO,0,0,0,A,A,0,No Deposit,9.0,0,Transient,120.0,0,1
City Hotel,0,86,2017,July,30,24,1,1,2,0.0,0,SC,JPN,Online TA,TA/TO,0,0,0,A,A,0,No Deposit,9.0,0,Transient,120.0,0,1
City Hotel,0,3,2017,July,30,23,2,1,2,0.0,0,SC,DEU,Online TA,TA/TO,0,0,0,A,A,0,No Deposit,9.0,0,Transient,158.67,0,1
City Hotel,0,80,2017,July,30,25,0,1,2,0.0,0,SC,DEU,Online TA,TA/TO,0,0,0,A,A,0,No Deposit,7.0,0,Transient,91.2,0,1
City Hotel,0,25,2017,July,30,23,2,1,2,0.0,0,SC,DEU,Online TA,TA/TO,0,0,0,A,A,0,No Deposit,9.0,0,Transient,129.33,0,0
City Hotel,0,11,2017,July,29,21,2,3,2,0.0,0,SC,DEU,Online TA,TA/TO,0,0,0,A,A,0,No Deposit,9.0,0,Transient,123.2,0,1
City Hotel,0,7,2017,July,30,25,0,1,2,0.0,0,SC,AUT,Online TA,TA/TO,0,0,0,A,A,0,No Deposit,9.0,0,Transient,160.0,0,2
City Hotel,0,160,2017,July,30,23,2,1,2,0.0,0,BB,NLD,Online TA,TA/TO,0,0,0,A,A,0,No Deposit,9.0,0,Transient,130.5,0,0
City Hotel,0,176,2017,July,29,19,2,5,2,0.0,0,SC,GBR,Online TA,TA/TO,0,0,0,A,A,0,No Deposit,9.0,0,Transient,102.47,0,2
City Hotel,0,56,2017,July,30,24,1,1,2,0.0,0,SC,GBR,Online TA,TA/TO,0,0,0,A,A,0,No Deposit,9.0,0,Transient,114.0,0,1
City Hotel,0,56,2017,July,30,24,1,1,2,0.0,0,SC,GBR,Online TA,TA/TO,0,0,0,A,A,0,No Deposit,9.0,0,Transient,114.0,0,2
City Hotel,0,0,2017,July,30,25,0,1,2,0.0,0,BB,RUS,Direct,Direct,0,0,0,A,A,1,No Deposit,,0,Transient,140.0,0,0
City Hotel,0,291,2017,July,30,25,0,1,2,0.0,0,BB,GBR,Direct,Direct,0,0,0,A,A,0,No Deposit,14.0,0,Transient,98.1,0,1
City Hotel,0,176,2017,July,29,22,2,2,2,0.0,0,BB,LUX,Online TA,TA/TO,0,0,0,D,D,0,No Deposit,9.0,0,Transient,144.0,0,2
City Hotel,0,38,2017,July,30,24,1,1,2,0.0,0,BB,BRA,Online TA,TA/TO,0,0,0,A,A,0,No Deposit,425.0,0,Transient,131.2,0,0
City Hotel,0,68,2017,July,30,24,1,1,2,0.0,0,BB,USA,Online TA,TA/TO,0,0,0,D,D,0,No Deposit,7.0,0,Transient,115.2,0,1
City Hotel,0,20,2017,July,30,25,0,2,2,0.0,0,BB,CHN,Direct,Direct,0,0,0,A,A,1,No Deposit,14.0,0,Transient,150.0,0,1
City Hotel,0,160,2017,July,29,22,2,3,2,0.0,0,BB,BEL,Online TA,TA/TO,0,0,0,D,D,0,No Deposit,9.0,0,Transient,175.5,0,2
City Hotel,0,201,2017,July,30,24,1,2,2,0.0,0,BB,FRA,Online TA,TA/TO,0,0,0,A,A,0,No Deposit,9.0,0,Transient,130.5,0,0
City Hotel,0,201,2017,July,30,24,1,2,2,0.0,0,BB,FRA,Online TA,TA/TO,0,0,0,A,A,0,No Deposit,9.0,0,Transient,139.5,0,0
City Hotel,0,138,2017,July,29,20,2,5,2,0.0,0,BB,POL,Online TA,TA/TO,0,0,0,D,D,0,No Deposit,9.0,0,Transient,138.21,0,0
City Hotel,0,20,2017,July,30,25,0,2,2,0.0,0,BB,CHN,Direct,Direct,0,0,0,A,A,1,No Deposit,14.0,0,Transient,150.0,0,1
City Hotel,0,239,2017,July,30,24,1,2,2,0.0,0,BB,ESP,Direct,Direct,0,0,0,A,A,2,No Deposit,14.0,0,Transient,104.86,1,0
City Hotel,0,165,2017,July,30,23,2,2,2,0.0,0,SC,GBR,Offline TA/TO,TA/TO,0,0,0,A,A,0,No Deposit,132.0,0,Transient,71.1,0,0
City Hotel,0,90,2017,July,30,24,1,2,2,0.0,0,SC,BRA,Online TA,TA/TO,0,0,0,A,A,0,No Deposit,9.0,0,Transient,125.0,0,0
City Hotel,0,90,2017,July,30,24,1,2,2,0.0,0,BB,BRA,Online TA,TA/TO,0,0,0,D,D,0,No Deposit,9.0,0,Transient,164.0,0,0
City Hotel,0,88,2017,July,30,24,1,2,2,0.0,0,SC,FRA,Online TA,TA/TO,0,0,0,A,A,0,No Deposit,9.0,0,Transient,125.0,0,1
City Hotel,0,147,2017,July,30,24,1,2,2,0.0,0,BB,GBR,Offline TA/TO,TA/TO,0,0,0,A,A,0,No Deposit,6.0,0,Transient,80.1,0,0
City Hotel,0,7,2017,July,30,25,0,2,2,0.0,0,SC,FRA,Online TA,TA/TO,0,0,0,A,A,0,No Deposit,9.0,0,Transient,169.0,1,1
City Hotel,0,140,2017,July,29,22,2,3,2,0.0,0,SC,DEU,Offline TA/TO,TA/TO,0,0,0,A,A,0,No Deposit,85.0,0,Transient,71.1,0,1
City Hotel,0,91,2017,July,30,23,2,2,2,0.0,0,SC,FRA,Online TA,TA/TO,0,0,0,A,A,0,No Deposit,9.0,0,Transient,125.0,0,0
City Hotel,0,149,2017,July,30,23,2,2,2,0.0,0,BB,CHE,Direct,Direct,0,0,0,A,A,0,No Deposit,14.0,0,Transient,112.5,0,0
City Hotel,0,133,2017,July,30,23,2,2,2,0.0,0,BB,PRT,Online TA,TA/TO,0,0,0,A,A,0,No Deposit,9.0,0,Transient,130.5,0,2
City Hotel,0,132,2017,July,29,22,2,3,2,0.0,0,BB,PRT,Online TA,TA/TO,0,0,0,D,D,0,No Deposit,9.0,0,Transient,148.5,0,2
City Hotel,0,145,2017,July,30,24,1,2,2,0.0,0,BB,DEU,Corporate,Corporate,0,0,0,A,A,1,No Deposit,,0,Transient,95.6,0,0
City Hotel,0,7,2017,July,30,23,2,2,2,0.0,0,SC,DEU,Online TA,TA/TO,0,0,0,A,A,0,No Deposit,9.0,0,Transient,146.75,0,1
City Hotel,0,70,2017,July,30,26,0,1,2,0.0,0,BB,IRL,Online TA,TA/TO,0,0,0,A,A,0,No Deposit,9.0,0,Transient,159.0,0,1
City Hotel,0,79,2017,July,30,26,0,1,2,0.0,0,SC,GBR,Online TA,TA/TO,0,0,0,A,A,0,No Deposit,9.0,0,Transient,139.0,0,1
City Hotel,0,91,2017,July,30,23,2,2,2,0.0,0,BB,ISR,Direct,Direct,0,0,0,A,A,0,No Deposit,14.0,0,Transient,112.5,0,1
City Hotel,0,91,2017,July,30,23,2,2,2,0.0,0,BB,ISR,Direct,Direct,0,0,0,A,A,0,No Deposit,14.0,0,Transient,112.5,0,1
City Hotel,0,69,2017,July,30,25,0,4,2,0.0,0,BB,CHE,Direct,Direct,0,0,0,A,A,1,No Deposit,14.0,0,Transient,117.0,0,0
City Hotel,0,130,2017,July,30,24,1,2,2,0.0,0,SC,GBR,Online TA,TA/TO,0,0,0,A,A,0,No Deposit,9.0,0,Transient,120.83,0,3
City Hotel,0,381,2017,July,30,25,0,2,2,0.0,0,HB,ROU,Online TA,TA/TO,0,0,0,A,A,2,No Deposit,9.0,0,Transient,145.55,0,0
City Hotel,0,115,2017,July,30,24,1,2,2,0.0,0,SC,SWE,Online TA,TA/TO,0,0,0,A,A,0,No Deposit,9.0,0,Transient,125.0,0,1
City Hotel,0,294,2017,July,30,23,2,2,2,0.0,0,SC,GBR,Online TA,TA/TO,0,0,0,A,A,1,No Deposit,8.0,0,Transient,89.1,0,1
City Hotel,0,294,2017,July,30,23,2,2,2,0.0,0,SC,GBR,Online TA,TA/TO,0,0,0,A,A,1,No Deposit,9.0,0,Transient,89.1,0,1
City Hotel,0,76,2017,July,30,24,1,2,2,0.0,0,SC,GBR,Online TA,TA/TO,0,0,0,A,A,0,No Deposit,9.0,0,Transient,126.67,0,1
City Hotel,0,170,2017,July,29,22,2,3,2,0.0,0,SC,GBR,Online TA,TA/TO,0,0,0,A,A,2,No Deposit,9.0,0,Transient,112.5,0,3
City Hotel,0,59,2017,July,29,21,2,4,2,0.0,0,BB,CZE,Online TA,TA/TO,0,0,0,A,A,0,No Deposit,,0,Transient,99.9,0,3
City Hotel,0,152,2017,July,29,22,2,3,2,0.0,0,BB,FRA,Online TA,TA/TO,0,0,0,D,D,0,No Deposit,354.0,0,Transient-Party,135.1,0,0
City Hotel,0,152,2017,July,29,22,2,3,2,0.0,0,BB,FRA,Online TA,TA/TO,0,0,0,D,D,0,No Deposit,354.0,0,Transient-Party,127.1,0,0
City Hotel,0,85,2017,July,30,23,2,3,2,0.0,0,BB,FRA,Direct,Direct,0,0,0,A,A,0,No Deposit,14.0,0,Transient,108.0,0,1
City Hotel,0,285,2017,July,30,25,0,3,2,0.0,0,SC,DEU,Online TA,TA/TO,0,0,0,A,A,0,No Deposit,9.0,0,Transient,89.1,0,3
City Hotel,0,285,2017,July,30,25,0,3,2,0.0,0,SC,DEU,Online TA,TA/TO,0,0,0,A,A,0,No Deposit,9.0,0,Transient,89.1,0,3
City Hotel,0,0,2017,July,30,25,0,3,2,0.0,0,BB,PRT,Direct,Direct,0,0,0,A,A,1,No Deposit,,0,Transient,160.0,0,0
City Hotel,0,142,2017,July,30,24,1,3,2,0.0,0,SC,CHE,Online TA,TA/TO,0,0,0,A,A,0,No Deposit,9.0,0,Transient,115.63,0,0
City Hotel,0,55,2017,July,30,24,1,3,2,0.0,0,BB,ESP,Online TA,TA/TO,0,0,0,A,A,0,No Deposit,9.0,0,Transient,151.0,0,1
City Hotel,0,60,2017,July,30,25,0,3,2,0.0,0,BB,NOR,Direct,Direct,0,0,0,A,A,0,No Deposit,14.0,0,Transient,117.0,0,1
City Hotel,0,127,2017,July,30,25,0,3,2,0.0,0,BB,AUT,Offline TA/TO,TA/TO,0,0,0,D,D,0,No Deposit,16.0,0,Transient,98.1,0,0
City Hotel,0,67,2017,July,30,24,1,3,2,0.0,0,BB,ESP,Direct,Direct,0,0,0,A,A,0,No Deposit,14.0,0,Transient,112.05,0,1
City Hotel,0,127,2017,July,30,25,0,3,2,0.0,0,BB,AUT,Offline TA/TO,TA/TO,0,0,0,D,D,0,No Deposit,16.0,0,Transient,89.1,0,0
City Hotel,0,86,2017,July,30,27,0,1,2,0.0,0,SC,GBR,Online TA,TA/TO,0,0,0,A,D,0,No Deposit,9.0,0,Transient,129.0,0,1
City Hotel,0,94,2017,July,30,24,1,3,2,0.0,0,SC,GBR,Online TA,TA/TO,0,0,0,A,A,0,No Deposit,7.0,0,Transient,95.0,0,1
City Hotel,0,173,2017,July,29,19,2,7,2,0.0,0,SC,NLD,Online TA,TA/TO,0,0,0,A,A,0,No Deposit,9.0,0,Transient-Party,104.7,0,1
City Hotel,0,174,2017,July,29,18,2,8,2,0.0,0,BB,FRA,Direct,Direct,0,0,0,A,A,0,No Deposit,,0,Transient,93.78,1,0
City Hotel,0,73,2017,July,30,24,1,3,2,0.0,0,BB,NLD,Online TA,TA/TO,0,0,0,A,A,0,No Deposit,159.0,0,Transient,147.5,0,0
City Hotel,0,166,2017,July,29,21,2,5,2,0.0,0,SC,IRL,Online TA,TA/TO,0,0,0,A,A,0,No Deposit,9.0,0,Transient,110.94,0,0
City Hotel,0,86,2017,July,30,24,1,3,2,0.0,0,SC,ESP,Online TA,TA/TO,0,0,0,A,A,0,No Deposit,9.0,0,Transient,120.0,0,0
City Hotel,0,260,2017,July,30,24,1,3,2,0.0,0,BB,FRA,Online TA,TA/TO,0,0,0,A,A,0,No Deposit,9.0,0,Transient,107.1,0,4
City Hotel,0,56,2017,July,30,24,1,3,2,0.0,0,SC,ESP,Online TA,TA/TO,0,0,0,A,A,0,No Deposit,9.0,0,Transient,127.0,0,1
City Hotel,0,260,2017,July,30,24,1,3,2,0.0,0,BB,FRA,Online TA,TA/TO,0,0,0,A,A,0,No Deposit,9.0,0,Transient,107.1,0,4
City Hotel,0,167,2017,July,30,24,1,3,2,0.0,0,BB,DEU,Offline TA/TO,TA/TO,0,0,0,A,A,0,No Deposit,168.0,0,Transient,80.1,0,0
City Hotel,0,12,2017,July,30,23,2,3,2,0.0,0,SC,NLD,Online TA,TA/TO,0,0,0,A,A,0,No Deposit,9.0,0,Transient,131.6,0,1
City Hotel,0,0,2017,July,30,27,0,1,2,0.0,0,BB,PRT,Direct,Direct,0,0,0,A,C,0,No Deposit,,0,Transient,170.0,0,0
City Hotel,0,84,2017,July,30,24,1,3,2,0.0,0,SC,FRA,Online TA,TA/TO,0,0,0,A,A,0,No Deposit,9.0,0,Transient,120.0,0,1
City Hotel,0,270,2017,July,30,26,0,2,2,0.0,0,BB,ISR,Online TA,TA/TO,0,0,0,A,A,1,No Deposit,9.0,0,Transient,107.1,0,4
City Hotel,0,211,2017,July,30,25,0,3,2,0.0,0,BB,FRA,Online TA,TA/TO,0,0,0,A,A,0,No Deposit,155.0,0,Transient,157.67,0,2
City Hotel,0,84,2017,July,30,24,1,3,2,0.0,0,SC,FRA,Online TA,TA/TO,0,0,0,A,A,0,No Deposit,9.0,0,Transient,120.0,0,2
City Hotel,0,318,2017,July,30,26,0,2,2,0.0,0,BB,USA,Online TA,TA/TO,0,0,0,D,D,1,No Deposit,9.0,0,Transient-Party,155.0,0,3
City Hotel,0,318,2017,July,30,26,0,2,2,0.0,0,BB,USA,Online TA,TA/TO,0,0,0,D,D,0,No Deposit,9.0,0,Transient-Party,134.0,0,1
City Hotel,0,173,2017,July,29,19,2,7,2,0.0,0,SC,NLD,Online TA,TA/TO,0,0,0,A,A,0,No Deposit,9.0,0,Transient-Party,104.7,0,1
City Hotel,0,58,2017,July,30,25,0,3,2,0.0,0,HB,PRT,Online TA,TA/TO,0,0,0,A,K,0,No Deposit,9.0,0,Transient,188.0,0,1
City Hotel,0,95,2017,July,30,26,0,3,2,0.0,0,BB,BEL,Online TA,TA/TO,0,0,0,D,D,0,No Deposit,9.0,0,Transient,155.0,0,2
City Hotel,0,60,2017,July,30,25,0,4,2,0.0,0,BB,BRA,Online TA,TA/TO,0,0,0,A,A,0,No Deposit,85.0,0,Transient,120.0,0,0
City Hotel,0,60,2017,July,30,25,0,4,2,0.0,0,BB,BRA,Online TA,TA/TO,0,0,0,A,A,0,No Deposit,85.0,0,Transient,120.0,0,0
City Hotel,0,146,2017,July,30,25,0,4,2,0.0,0,BB,AUT,Offline TA/TO,TA/TO,0,0,0,A,A,0,No Deposit,42.0,0,Transient,80.1,0,0
City Hotel,0,350,2017,July,30,24,1,4,2,0.0,0,SC,FRA,Online TA,TA/TO,0,0,0,A,A,0,No Deposit,9.0,0,Transient,89.1,0,2
City Hotel,0,171,2017,July,30,26,0,3,2,0.0,0,BB,DEU,Online TA,TA/TO,0,0,0,A,A,1,No Deposit,9.0,0,Transient,132.5,0,1
City Hotel,0,206,2017,July,30,27,0,2,2,0.0,0,BB,IRL,Online TA,TA/TO,0,0,0,A,A,0,No Deposit,9.0,0,Transient-Party,130.5,0,2
City Hotel,0,206,2017,July,30,27,0,2,2,0.0,0,BB,GBR,Online TA,TA/TO,0,0,0,A,A,0,No Deposit,9.0,0,Transient-Party,130.5,0,2
City Hotel,0,16,2017,July,30,25,0,4,2,0.0,0,BB,NLD,Online TA,TA/TO,0,0,0,D,D,0,No Deposit,9.0,0,Transient,170.0,0,1
City Hotel,0,465,2017,July,30,26,0,3,2,0.0,0,BB,GBR,Offline TA/TO,TA/TO,0,0,0,A,A,0,No Deposit,229.0,0,Transient-Party,112.67,0,0
City Hotel,0,464,2017,July,30,25,0,4,2,0.0,0,BB,CN,Offline TA/TO,TA/TO,0,0,0,A,A,1,No Deposit,229.0,0,Transient-Party,107.0,0,2
City Hotel,0,85,2017,July,30,27,0,2,2,0.0,0,BB,PRT,Complementary,Direct,0,0,0,A,D,1,No Deposit,,0,Transient,0.0,0,1
City Hotel,0,464,2017,July,30,25,0,4,2,0.0,0,BB,AUS,Offline TA/TO,TA/TO,0,0,0,A,A,1,No Deposit,229.0,0,Transient-Party,107.0,0,1
City Hotel,0,465,2017,July,30,26,0,3,2,0.0,0,BB,GBR,Offline TA/TO,TA/TO,0,0,0,A,A,0,No Deposit,229.0,0,Transient-Party,112.67,0,1
City Hotel,0,244,2017,July,30,27,0,2,2,0.0,0,BB,ESP,Online TA,TA/TO,0,0,0,D,D,0,No Deposit,9.0,0,Transient,120.6,0,1
City Hotel,0,465,2017,July,30,26,0,3,2,0.0,0,BB,GBR,Offline TA/TO,TA/TO,0,0,0,A,A,0,No Deposit,229.0,0,Transient-Party,112.67,0,1
City Hotel,0,465,2017,July,30,26,0,3,2,0.0,0,BB,GBR,Offline TA/TO,TA/TO,0,0,0,A,A,0,No Deposit,229.0,0,Transient-Party,112.67,0,0
City Hotel,0,75,2017,July,30,24,1,4,2,0.0,0,BB,IRL,Online TA,TA/TO,0,0,0,A,A,0,No Deposit,9.0,0,Transient,148.0,0,1
City Hotel,0,465,2017,July,30,26,0,3,2,0.0,0,BB,GBR,Offline TA/TO,TA/TO,0,0,0,A,A,0,No Deposit,229.0,0,Transient-Party,112.67,0,1
City Hotel,0,465,2017,July,30,26,0,3,2,0.0,0,BB,GBR,Offline TA/TO,TA/TO,0,0,0,A,A,0,No Deposit,229.0,0,Transient-Party,112.67,0,2
City Hotel,0,465,2017,July,30,26,0,3,2,0.0,0,BB,CN,Offline TA/TO,TA/TO,0,0,0,A,A,0,No Deposit,229.0,0,Transient-Party,112.67,0,2
City Hotel,0,465,2017,July,30,26,0,3,2,0.0,0,BB,GBR,Offline TA/TO,TA/TO,0,0,0,A,A,0,No Deposit,229.0,0,Transient-Party,112.67,0,1
City Hotel,0,465,2017,July,30,26,0,3,2,0.0,0,BB,AUS,Offline TA/TO,TA/TO,0,0,0,A,A,0,No Deposit,229.0,0,Transient-Party,112.67,0,0
City Hotel,0,464,2017,July,30,25,0,4,2,0.0,0,BB,PRT,Offline TA/TO,TA/TO,0,0,0,A,A,1,No Deposit,229.0,0,Transient-Party,107.0,0,1
City Hotel,0,465,2017,July,30,26,0,3,2,0.0,0,BB,IRL,Offline TA/TO,TA/TO,0,0,0,A,A,0,No Deposit,229.0,0,Transient-Party,112.67,0,1
City Hotel,0,464,2017,July,30,25,0,4,2,0.0,0,BB,CN,Offline TA/TO,TA/TO,0,0,0,A,A,1,No Deposit,229.0,0,Transient-Party,107.0,0,2
City Hotel,0,465,2017,July,30,26,0,3,2,0.0,0,BB,PRT,Offline TA/TO,TA/TO,0,0,0,A,A,0,No Deposit,229.0,0,Transient-Party,112.67,0,1
City Hotel,0,465,2017,July,30,26,0,3,2,0.0,0,BB,GBR,Offline TA/TO,TA/TO,0,0,0,A,A,0,No Deposit,229.0,0,Transient-Party,112.67,0,1
City Hotel,0,463,2017,July,30,24,1,4,2,0.0,0,BB,PRT,Offline TA/TO,TA/TO,0,0,0,A,A,1,No Deposit,229.0,0,Transient-Party,103.6,0,1
City Hotel,0,89,2017,July,30,27,0,2,2,0.0,0,SC,DZA,Online TA,TA/TO,0,0,0,A,D,0,No Deposit,11.0,0,Transient,86.4,0,0
City Hotel,0,465,2017,July,30,26,0,3,2,0.0,0,BB,CN,Offline TA/TO,TA/TO,0,0,0,A,A,0,No Deposit,229.0,0,Transient-Party,112.67,0,0
City Hotel,0,7,2017,July,30,25,0,4,2,0.0,0,SC,PRT,Direct,Direct,0,0,0,A,A,0,No Deposit,14.0,0,Transient,160.0,0,1
City Hotel,0,89,2017,July,30,27,0,2,2,0.0,0,SC,USA,Online TA,TA/TO,0,0,0,A,D,0,No Deposit,7.0,0,Transient,96.0,0,1
City Hotel,0,80,2017,July,30,27,0,2,2,0.0,0,BB,BRA,Online TA,TA/TO,0,0,0,A,A,0,No Deposit,83.0,0,Transient,123.0,0,0
City Hotel,0,170,2017,July,30,27,0,2,2,0.0,0,BB,BRA,Offline TA/TO,TA/TO,0,0,0,A,A,0,No Deposit,52.0,0,Transient,80.1,0,0
City Hotel,0,126,2017,July,30,27,0,2,2,0.0,0,BB,SWE,Online TA,TA/TO,0,0,0,D,D,0,No Deposit,9.0,0,Transient,148.5,0,1
City Hotel,0,177,2017,July,30,27,0,2,2,0.0,0,BB,GBR,Offline TA/TO,TA/TO,0,0,0,A,A,0,No Deposit,138.0,0,Transient,89.0,0,1
City Hotel,0,140,2017,July,29,22,2,5,2,0.0,0,BB,FRA,Online TA,TA/TO,0,0,0,D,D,2,No Deposit,9.0,0,Transient,141.71,0,1
City Hotel,0,64,2017,July,30,26,0,3,2,0.0,0,SC,ESP,Online TA,TA/TO,0,0,0,A,A,0,No Deposit,42.0,0,Transient,104.0,0,0
City Hotel,0,67,2017,July,30,26,0,3,2,0.0,0,BB,ESP,Online TA,TA/TO,0,0,0,A,A,0,No Deposit,85.0,0,Transient,80.1,0,0
City Hotel,0,180,2017,July,29,22,2,5,2,0.0,0,BB,FRA,Online TA,TA/TO,0,0,0,A,A,0,No Deposit,9.0,0,Transient-Party,130.5,0,0
City Hotel,0,180,2017,July,29,22,2,5,2,0.0,0,BB,FRA,Online TA,TA/TO,0,0,0,A,A,0,No Deposit,9.0,0,Transient-Party,130.5,0,0
City Hotel,0,6,2017,July,30,25,0,4,2,0.0,0,BB,CHE,Online TA,TA/TO,0,0,0,A,A,0,No Deposit,7.0,0,Transient,144.0,0,1
City Hotel,0,28,2017,July,30,26,0,3,2,0.0,0,SC,PRT,Online TA,TA/TO,0,0,0,A,A,0,No Deposit,9.0,0,Transient,140.0,0,0
City Hotel,0,0,2017,July,30,28,0,1,2,0.0,0,BB,PRT,Offline TA/TO,TA/TO,0,0,0,A,D,0,No Deposit,168.0,0,Transient,80.1,0,0
City Hotel,0,171,2017,July,30,28,0,1,2,0.0,0,BB,GBR,Offline TA/TO,TA/TO,0,0,0,A,A,1,No Deposit,168.0,0,Transient,80.1,0,0
City Hotel,0,115,2017,July,30,23,2,4,2,0.0,0,BB,GBR,Corporate,Corporate,0,0,0,E,E,0,No Deposit,,0,Transient,110.0,0,0
City Hotel,0,305,2017,July,30,26,0,3,2,0.0,0,BB,BEL,Online TA,TA/TO,0,0,0,B,A,1,No Deposit,,0,Transient-Party,104.05,0,3
City Hotel,0,9,2017,July,30,27,0,2,2,0.0,0,BB,ESP,Online TA,TA/TO,0,0,0,A,A,0,No Deposit,85.0,0,Transient,89.0,0,0
City Hotel,0,329,2017,July,30,27,0,2,2,0.0,0,SC,GBR,Online TA,TA/TO,0,0,0,A,A,0,No Deposit,9.0,0,Transient,89.1,0,1
City Hotel,0,261,2017,July,30,26,0,3,2,0.0,0,BB,DEU,Offline TA/TO,TA/TO,0,0,0,A,A,0,No Deposit,42.0,0,Transient,89.0,0,0
City Hotel,0,7,2017,July,30,27,0,2,2,0.0,0,BB,MEX,Direct,Direct,0,0,0,E,E,0,No Deposit,,0,Transient,125.0,0,1
City Hotel,0,329,2017,July,30,27,0,2,2,0.0,0,SC,GBR,Online TA,TA/TO,0,0,0,A,A,0,No Deposit,9.0,0,Transient,89.1,0,1
City Hotel,0,144,2017,July,29,22,2,5,2,0.0,0,HB,FRA,Online TA,TA/TO,0,0,0,D,A,1,No Deposit,83.0,0,Transient,132.6,0,0
City Hotel,0,64,2017,July,30,26,0,3,2,0.0,0,BB,BEL,Online TA,TA/TO,0,0,0,B,A,1,No Deposit,,0,Transient,104.05,0,3
City Hotel,0,151,2017,July,30,25,0,4,2,0.0,0,BB,PRT,Direct,Direct,0,0,0,D,D,0,No Deposit,14.0,0,Transient,159.0,0,1
City Hotel,0,465,2017,July,30,26,0,3,2,0.0,0,BB,GBR,Offline TA/TO,TA/TO,0,0,0,A,A,0,No Deposit,229.0,0,Transient-Party,112.67,0,1
City Hotel,0,54,2017,July,30,27,0,2,2,0.0,0,SC,AUT,Online TA,TA/TO,0,0,0,A,A,0,No Deposit,9.0,0,Transient,140.0,0,1
City Hotel,0,177,2017,July,30,27,0,2,2,0.0,0,BB,GBR,Offline TA/TO,TA/TO,0,0,0,A,A,0,No Deposit,138.0,0,Transient,89.0,0,1
City Hotel,0,126,2017,July,30,27,0,2,2,0.0,0,BB,SWE,Online TA,TA/TO,0,0,0,D,D,0,No Deposit,9.0,0,Transient,139.5,0,1
City Hotel,0,140,2017,July,29,22,2,5,2,0.0,0,BB,FRA,Online TA,TA/TO,0,0,0,D,D,2,No Deposit,9.0,0,Transient,141.71,0,1
City Hotel,0,465,2017,July,30,26,0,3,2,0.0,0,BB,GBR,Offline TA/TO,TA/TO,0,0,0,A,A,0,No Deposit,229.0,0,Transient-Party,112.67,0,1
City Hotel,0,158,2017,July,30,24,1,4,2,0.0,0,BB,GBR,Offline TA/TO,TA/TO,0,0,0,A,A,0,No Deposit,28.0,0,Transient,80.1,0,0
City Hotel,0,158,2017,July,30,26,0,3,2,0.0,0,BB,BEL,Online TA,TA/TO,0,0,0,A,A,0,No Deposit,8.0,0,Transient,139.5,1,0
City Hotel,0,135,2017,July,30,23,2,5,2,0.0,0,BB,SWE,Online TA,TA/TO,0,0,0,A,A,0,No Deposit,9.0,0,Transient,130.5,0,1
City Hotel,0,105,2017,July,30,29,0,1,2,0.0,0,SC,DNK,Online TA,TA/TO,0,0,0,A,A,0,No Deposit,9.0,0,Transient,125.0,0,1
City Hotel,0,190,2017,July,30,25,0,5,2,0.0,0,BB,RUS,Offline TA/TO,TA/TO,0,0,0,A,A,0,No Deposit,28.0,0,Transient,80.1,0,0
City Hotel,0,48,2017,July,30,24,1,5,2,0.0,0,HB,ESP,Offline TA/TO,TA/TO,0,0,0,D,D,0,No Deposit,159.0,0,Transient,148.58,0,0
City Hotel,0,57,2017,July,30,29,0,1,2,0.0,0,BB,DEU,Online TA,TA/TO,0,0,0,A,A,0,No Deposit,85.0,0,Transient,80.1,0,0
City Hotel,0,124,2017,July,30,29,0,1,2,0.0,0,SC,PRT,Online TA,TA/TO,0,0,0,A,A,0,No Deposit,9.0,0,Transient,125.0,0,0
City Hotel,0,183,2017,July,30,27,0,3,2,0.0,0,BB,ITA,Offline TA/TO,TA/TO,0,0,0,A,D,0,No Deposit,28.0,0,Transient,85.0,0,0
City Hotel,0,84,2017,July,30,26,0,4,2,0.0,0,SC,ROU,Online TA,TA/TO,0,0,0,A,A,0,No Deposit,9.0,0,Transient,120.0,0,1
City Hotel,0,159,2017,July,30,29,0,1,2,0.0,0,BB,PRT,Online TA,TA/TO,0,0,0,A,A,0,No Deposit,8.0,0,Transient,139.5,1,0
City Hotel,0,188,2017,July,30,28,0,2,2,0.0,0,SC,GBR,Online TA,TA/TO,0,0,0,A,A,0,No Deposit,9.0,0,Transient-Party,121.5,1,0
City Hotel,0,51,2017,July,30,28,0,2,2,0.0,0,SC,GBR,Online TA,TA/TO,0,0,0,A,A,0,No Deposit,8.0,0,Transient,140.0,0,1
City Hotel,0,133,2017,July,30,27,0,3,2,0.0,0,BB,PRT,Online TA,TA/TO,0,0,0,D,D,0,No Deposit,8.0,0,Transient,139.51,0,1
City Hotel,0,51,2017,July,30,28,0,2,2,0.0,0,SC,PRT,Online TA,TA/TO,0,0,0,A,A,0,No Deposit,8.0,0,Transient,140.0,0,1
City Hotel,0,28,2017,July,30,28,0,2,2,0.0,0,BB,ESP,Corporate,Corporate,0,0,0,D,D,0,No Deposit,,0,Transient,95.0,0,0
City Hotel,0,35,2017,July,30,28,0,2,2,0.0,0,BB,DEU,Online TA,TA/TO,0,0,0,A,A,0,No Deposit,9.0,0,Transient,160.0,0,2
City Hotel,0,37,2017,July,30,27,0,3,2,0.0,0,BB,SWE,Online TA,TA/TO,0,0,0,D,D,0,No Deposit,9.0,0,Transient,170.0,0,2
City Hotel,0,37,2017,July,30,27,0,3,2,0.0,0,BB,SWE,Online TA,TA/TO,0,0,0,D,D,0,No Deposit,9.0,0,Transient,170.0,0,1
City Hotel,0,167,2017,July,30,28,0,2,2,0.0,0,BB,ITA,Online TA,TA/TO,0,0,0,D,D,0,No Deposit,9.0,0,Transient,139.5,0,1
City Hotel,0,135,2017,July,30,27,0,3,2,0.0,0,BB,DEU,Offline TA/TO,TA/TO,0,0,0,A,A,0,No Deposit,42.0,0,Transient,80.1,0,0
City Hotel,0,130,2017,July,30,28,0,2,2,0.0,0,SC,GBR,Offline TA/TO,TA/TO,0,0,0,A,A,0,No Deposit,168.0,0,Transient,71.1,0,0
City Hotel,0,138,2017,July,30,28,0,2,2,0.0,0,BB,CN,Online TA,TA/TO,0,0,0,A,A,0,No Deposit,9.0,0,Transient,130.5,0,0
City Hotel,0,42,2017,July,30,26,0,4,2,0.0,0,BB,ESP,Direct,Direct,0,0,0,A,A,0,No Deposit,14.0,0,Transient-Party,130.5,0,1
City Hotel,0,42,2017,July,30,26,0,4,2,0.0,0,BB,ESP,Direct,Direct,0,0,0,A,A,0,No Deposit,14.0,0,Transient-Party,130.5,0,1
City Hotel,0,43,2017,July,30,27,0,3,2,0.0,0,BB,ESP,Direct,Direct,0,0,0,A,A,1,No Deposit,14.0,0,Transient,153.0,0,1
City Hotel,0,32,2017,July,30,28,0,2,2,0.0,0,SC,FRA,Online TA,TA/TO,0,0,0,A,A,0,No Deposit,9.0,0,Transient,140.0,0,1
City Hotel,0,34,2017,July,30,28,0,2,2,0.0,0,BB,GBR,Online TA,TA/TO,0,0,0,A,A,0,No Deposit,9.0,0,Transient,160.0,0,1
City Hotel,0,18,2017,July,30,27,0,3,2,0.0,0,BB,ESP,Online TA,TA/TO,0,0,0,A,A,0,No Deposit,9.0,0,Transient,169.0,0,1
City Hotel,0,155,2017,July,30,26,0,4,2,0.0,0,BB,PRT,Offline TA/TO,TA/TO,0,0,0,A,A,0,No Deposit,159.0,0,Transient,82.5,0,1
City Hotel,0,155,2017,July,30,26,0,4,2,0.0,0,BB,DEU,Offline TA/TO,TA/TO,0,0,0,A,A,0,No Deposit,159.0,0,Transient,82.5,0,1
City Hotel,0,76,2017,July,30,27,0,3,2,0.0,0,BB,PRT,Corporate,Corporate,0,0,0,A,A,0,No Deposit,,0,Transient,114.0,0,0
City Hotel,0,331,2017,July,30,24,1,5,2,0.0,0,BB,GBR,Online TA,TA/TO,0,0,0,B,B,1,No Deposit,9.0,0,Transient,91.85,0,3
City Hotel,0,140,2017,July,30,23,2,5,2,0.0,0,SC,FRA,Online TA,TA/TO,0,0,0,A,A,0,No Deposit,7.0,0,Transient,94.5,0,0
City Hotel,0,91,2017,July,30,27,0,3,2,0.0,0,BB,GBR,Direct,Direct,0,0,0,A,A,0,No Deposit,14.0,0,Transient,112.5,0,0
City Hotel,0,91,2017,July,30,27,0,3,2,0.0,0,BB,GBR,Direct,Direct,0,0,0,A,A,0,No Deposit,14.0,0,Transient,112.5,0,0
City Hotel,0,80,2017,July,30,29,0,1,2,0.0,0,BB,PRT,Direct,Direct,0,0,0,A,A,0,No Deposit,14.0,0,Transient,108.0,0,1
City Hotel,0,9,2017,July,30,27,0,3,2,0.0,0,BB,ESP,Online TA,TA/TO,0,0,0,A,A,2,No Deposit,9.0,0,Transient,180.0,0,1
City Hotel,0,11,2017,July,30,28,0,2,2,0.0,0,BB,PRT,Direct,Direct,0,0,0,D,D,0,No Deposit,,0,Transient,154.0,0,1
City Hotel,0,64,2017,July,30,24,1,5,2,0.0,0,BB,SWE,Online TA,TA/TO,0,0,0,A,A,0,No Deposit,9.0,0,Transient,144.67,0,1
City Hotel,0,133,2017,July,30,27,0,3,2,0.0,0,BB,PRT,Online TA,TA/TO,0,0,0,D,D,0,No Deposit,8.0,0,Transient,139.51,0,1
City Hotel,0,23,2017,July,30,29,0,1,2,0.0,0,SC,PRT,Online TA,TA/TO,0,0,0,A,A,0,No Deposit,9.0,0,Transient,140.0,0,2
City Hotel,0,64,2017,July,30,29,0,1,2,0.0,0,BB,DEU,Online TA,TA/TO,0,0,0,A,A,0,No Deposit,9.0,0,Transient,150.0,0,2
City Hotel,0,64,2017,July,30,29,0,1,2,0.0,0,BB,DEU,Online TA,TA/TO,0,0,0,A,A,0,No Deposit,9.0,0,Transient,150.0,0,0
City Hotel,0,80,2017,July,30,29,0,1,2,0.0,0,BB,PRT,Direct,Direct,0,0,0,A,D,0,No Deposit,14.0,0,Transient,108.0,0,1
City Hotel,0,23,2017,July,30,29,0,1,2,0.0,0,SC,PRT,Online TA,TA/TO,0,0,0,A,A,0,No Deposit,9.0,0,Transient,140.0,0,2
City Hotel,0,145,2017,July,30,27,0,3,2,0.0,0,BB,DEU,Offline TA/TO,TA/TO,0,0,0,A,A,0,No Deposit,16.0,0,Transient,80.1,0,1
City Hotel,0,55,2017,July,30,28,0,2,2,0.0,0,SC,FRA,Online TA,TA/TO,0,0,0,A,A,0,No Deposit,9.0,0,Transient,140.0,0,3
City Hotel,0,145,2017,July,30,27,0,3,2,0.0,0,BB,DEU,Offline TA/TO,TA/TO,0,0,0,A,A,0,No Deposit,16.0,0,Transient,80.1,0,1
City Hotel,0,133,2017,July,30,27,0,3,2,0.0,0,BB,PRT,Online TA,TA/TO,0,0,0,D,D,0,No Deposit,8.0,0,Transient,139.51,0,1
City Hotel,0,156,2017,July,30,28,0,2,2,0.0,0,SC,GBR,Online TA,TA/TO,0,0,0,A,A,0,No Deposit,8.0,0,Transient,112.5,0,1
City Hotel,0,14,2017,July,30,28,0,2,2,0.0,0,SC,GBR,Online TA,TA/TO,0,0,0,A,A,0,No Deposit,9.0,0,Transient,150.0,0,1
City Hotel,0,156,2017,July,30,28,0,2,2,0.0,0,SC,GBR,Online TA,TA/TO,0,0,0,A,A,0,No Deposit,8.0,0,Transient,112.5,0,1
City Hotel,0,1,2017,July,30,29,0,1,2,0.0,0,BB,PRT,Direct,Direct,0,0,0,D,A,0,No Deposit,,0,Transient,95.0,0,1
City Hotel,0,156,2017,July,30,28,0,2,2,0.0,0,SC,GBR,Online TA,TA/TO,0,0,0,A,A,0,No Deposit,8.0,0,Transient,112.5,0,1
City Hotel,0,56,2017,July,30,24,1,5,2,0.0,0,BB,DEU,Online TA,TA/TO,0,0,0,A,A,0,No Deposit,9.0,0,Transient,144.67,0,1
City Hotel,0,35,2017,July,30,29,1,1,2,0.0,0,SC,GBR,Online TA,TA/TO,0,0,0,A,A,0,No Deposit,83.0,0,Transient,114.8,0,0
City Hotel,0,183,2017,July,31,30,1,0,2,0.0,0,BB,DEU,Online TA,TA/TO,0,0,0,A,A,0,No Deposit,9.0,0,Transient,130.5,0,0
City Hotel,0,183,2017,July,31,30,1,0,2,0.0,0,BB,DEU,Online TA,TA/TO,0,0,0,A,A,0,No Deposit,9.0,0,Transient,130.5,0,0
City Hotel,0,189,2017,July,30,24,2,5,2,0.0,0,HB,DEU,Offline TA/TO,TA/TO,0,0,0,A,A,0,No Deposit,138.0,0,Transient,103.1,0,0
City Hotel,0,132,2017,July,30,26,1,4,2,0.0,0,BB,GBR,Online TA,TA/TO,0,0,0,A,A,0,No Deposit,9.0,0,Transient,130.5,0,0
City Hotel,0,262,2017,July,30,26,1,4,2,0.0,0,SC,GBR,Online TA,TA/TO,0,0,0,A,A,0,No Deposit,8.0,0,Transient,89.1,0,1
City Hotel,0,224,2017,July,29,19,3,9,2,0.0,0,BB,DEU,Offline TA/TO,TA/TO,0,0,0,A,A,0,No Deposit,42.0,0,Transient,89.0,0,1
City Hotel,0,102,2017,July,30,28,1,2,2,0.0,0,BB,GBR,Online TA,TA/TO,0,0,0,D,D,0,No Deposit,9.0,0,Transient,155.0,0,2
City Hotel,0,102,2017,July,30,28,1,2,2,0.0,0,BB,GBR,Online TA,TA/TO,0,0,0,D,D,0,No Deposit,9.0,0,Transient,155.0,0,2
City Hotel,0,10,2017,July,30,28,1,2,2,0.0,0,SC,FRA,Online TA,TA/TO,0,0,0,A,A,0,No Deposit,9.0,0,Transient,143.0,0,0
City Hotel,0,202,2017,July,30,24,2,5,2,0.0,0,BB,POL,Direct,Direct,0,0,0,A,A,0,No Deposit,14.0,0,Transient,112.5,0,0
City Hotel,0,16,2017,July,31,30,1,0,2,0.0,0,BB,CHN,Online TA,TA/TO,0,0,0,D,D,0,No Deposit,9.0,0,Transient,138.0,0,2
City Hotel,0,16,2017,July,31,30,1,0,2,0.0,0,BB,PRT,Online TA,TA/TO,0,0,0,D,D,0,No Deposit,9.0,0,Transient,178.0,0,2
City Hotel,0,105,2017,July,30,26,1,4,2,0.0,0,BB,AUT,Online TA,TA/TO,0,0,0,D,D,0,No Deposit,9.0,0,Transient,155.0,0,1
City Hotel,0,72,2017,July,30,27,1,3,2,0.0,0,BB,BEL,Direct,Direct,0,0,0,A,A,0,No Deposit,14.0,0,Transient,109.8,0,0
City Hotel,0,130,2017,July,30,24,2,5,2,0.0,0,BB,PRT,Offline TA/TO,TA/TO,0,0,0,A,A,0,No Deposit,27.0,0,Transient,80.1,0,1
City Hotel,0,5,2017,July,30,29,1,1,2,0.0,0,BB,PRT,Online TA,TA/TO,0,0,0,A,A,0,No Deposit,9.0,0,Transient,164.5,0,2
City Hotel,0,15,2017,July,30,27,1,3,2,0.0,0,BB,FRA,Online TA,TA/TO,0,0,0,A,A,0,No Deposit,9.0,0,Transient,157.0,0,1
City Hotel,0,156,2017,July,30,28,1,2,2,0.0,0,SC,GBR,Online TA,TA/TO,0,0,0,A,A,0,No Deposit,7.0,0,Transient,90.0,0,1
City Hotel,0,11,2017,July,30,28,1,2,2,0.0,0,BB,CHE,Direct,Direct,0,0,0,A,A,0,No Deposit,14.0,0,Transient,158.0,0,0
City Hotel,0,232,2017,July,31,30,1,0,2,0.0,0,BB,BGR,Online TA,TA/TO,0,0,0,A,A,0,No Deposit,9.0,0,Transient,130.5,0,2
City Hotel,0,113,2017,July,30,28,1,2,2,0.0,0,SC,GBR,Online TA,TA/TO,0,0,0,A,A,0,No Deposit,7.0,0,Transient,96.67,0,1
City Hotel,0,156,2017,July,30,28,1,2,2,0.0,0,SC,GBR,Online TA,TA/TO,0,0,0,A,A,0,No Deposit,7.0,0,Transient,90.0,0,1
City Hotel,0,156,2017,July,30,28,1,2,2,0.0,0,SC,GBR,Online TA,TA/TO,0,0,0,A,A,0,No Deposit,7.0,0,Transient,90.0,0,1
City Hotel,0,156,2017,July,30,28,1,2,2,0.0,0,SC,GBR,Online TA,TA/TO,0,0,0,A,A,0,No Deposit,7.0,0,Transient,90.0,0,1
City Hotel,0,109,2017,July,30,27,1,3,2,0.0,0,SC,CN,Online TA,TA/TO,0,0,0,A,A,0,No Deposit,8.0,0,Transient,125.0,0,1
City Hotel,0,56,2017,July,30,29,1,1,2,0.0,0,SC,CHN,Online TA,TA/TO,0,0,0,A,A,0,No Deposit,9.0,0,Transient,126.0,0,0
City Hotel,0,296,2017,July,30,27,1,3,2,0.0,0,BB,GBR,Online TA,TA/TO,0,0,0,B,A,1,No Deposit,9.0,0,Transient,98.85,0,1
City Hotel,0,64,2017,July,30,28,1,2,2,0.0,0,SC,FRA,Online TA,TA/TO,0,0,0,A,A,0,No Deposit,9.0,0,Transient,119.33,0,1
City Hotel,0,0,2017,July,30,29,1,1,2,0.0,0,SC,FRA,Direct,Direct,0,0,0,A,A,2,No Deposit,,0,Transient,189.0,0,0
City Hotel,0,59,2017,July,31,30,1,0,2,0.0,0,BB,AUS,Online TA,TA/TO,0,0,0,A,A,0,No Deposit,9.0,0,Transient,118.0,0,1
City Hotel,0,12,2017,July,31,30,1,0,2,0.0,0,SC,IRL,Online TA,TA/TO,0,0,0,A,A,0,No Deposit,9.0,0,Transient,109.0,0,2
City Hotel,0,40,2017,July,31,31,1,0,2,0.0,0,SC,CHE,Online TA,TA/TO,0,0,0,A,A,0,No Deposit,9.0,0,Transient,140.0,0,1
City Hotel,0,145,2017,July,30,27,2,3,2,0.0,0,HB,BEL,Online TA,TA/TO,0,0,0,A,A,0,No Deposit,9.0,0,Transient,164.7,0,1
City Hotel,0,468,2017,July,30,29,2,1,2,0.0,0,BB,GBR,Offline TA/TO,TA/TO,0,0,0,A,A,0,No Deposit,229.0,0,Transient-Party,112.67,0,1
City Hotel,0,171,2017,July,31,30,2,0,2,0.0,0,SC,IRL,Online TA,TA/TO,0,0,0,A,A,0,No Deposit,9.0,0,Transient,118.75,0,0
City Hotel,0,181,2017,July,30,25,2,5,2,0.0,0,BB,GBR,Offline TA/TO,TA/TO,0,0,0,A,A,0,No Deposit,42.0,0,Transient,80.1,0,0
City Hotel,0,117,2017,July,31,30,2,0,2,0.0,0,BB,PRT,Offline TA/TO,TA/TO,0,0,0,A,A,0,No Deposit,52.0,0,Transient,80.1,0,0
City Hotel,0,468,2017,July,30,29,2,1,2,0.0,0,BB,PRT,Offline TA/TO,TA/TO,0,0,0,A,A,0,No Deposit,229.0,0,Transient-Party,112.67,0,1
City Hotel,0,168,2017,July,30,25,2,5,2,0.0,0,BB,ITA,Offline TA/TO,TA/TO,0,0,0,A,A,0,No Deposit,168.0,0,Transient,80.1,0,1
City Hotel,0,468,2017,July,30,29,2,1,2,0.0,0,BB,GBR,Offline TA/TO,TA/TO,0,0,0,A,A,0,No Deposit,229.0,0,Transient-Party,112.67,0,1
City Hotel,0,168,2017,July,30,25,2,5,2,0.0,0,BB,ITA,Offline TA/TO,TA/TO,0,0,0,A,A,0,No Deposit,168.0,0,Transient,80.1,0,1
City Hotel,0,168,2017,July,30,25,2,5,2,0.0,0,BB,ITA,Offline TA/TO,TA/TO,0,0,0,A,A,0,No Deposit,168.0,0,Transient,80.1,0,1
City Hotel,0,468,2017,July,30,29,2,1,2,0.0,0,BB,AUS,Offline TA/TO,TA/TO,0,0,0,A,A,0,No Deposit,229.0,0,Transient-Party,112.67,0,1
City Hotel,0,153,2017,July,30,28,2,2,2,0.0,0,BB,DEU,Offline TA/TO,TA/TO,0,0,0,A,A,0,No Deposit,16.0,0,Transient,80.1,0,0
City Hotel,0,158,2017,July,30,29,2,1,2,0.0,0,BB,NLD,Online TA,TA/TO,0,0,0,A,A,0,No Deposit,9.0,0,Transient,130.5,0,0
City Hotel,0,468,2017,July,30,29,2,1,2,0.0,0,BB,ZAF,Offline TA/TO,TA/TO,0,0,0,A,A,0,No Deposit,229.0,0,Transient-Party,112.67,0,1
City Hotel,0,153,2017,July,30,29,2,1,2,0.0,0,BB,BEL,Online TA,TA/TO,0,0,0,A,A,0,No Deposit,9.0,0,Transient-Party,130.5,0,0
City Hotel,0,468,2017,July,30,29,2,1,2,0.0,0,BB,GBR,Offline TA/TO,TA/TO,0,0,0,A,A,0,No Deposit,229.0,0,Transient-Party,112.67,0,1
City Hotel,0,18,2017,July,30,28,2,2,2,0.0,0,BB,GBR,Online TA,TA/TO,0,0,0,A,A,0,No Deposit,423.0,0,Transient,128.74,0,0
City Hotel,0,0,2017,July,31,31,1,0,2,0.0,0,SC,USA,Online TA,TA/TO,0,0,0,D,D,0,No Deposit,152.0,0,Transient,69.7,0,0
City Hotel,0,189,2017,July,31,30,2,0,2,0.0,0,BB,DNK,Online TA,TA/TO,0,0,0,D,D,0,No Deposit,9.0,0,Transient,139.5,0,2
City Hotel,0,468,2017,July,30,29,2,1,2,0.0,0,BB,GBR,Offline TA/TO,TA/TO,0,0,0,A,A,0,No Deposit,229.0,0,Transient-Party,112.67,0,1
City Hotel,0,468,2017,July,30,29,2,1,2,0.0,0,BB,GBR,Offline TA/TO,TA/TO,0,0,0,A,A,0,No Deposit,229.0,0,Transient-Party,112.67,0,1
City Hotel,0,468,2017,July,30,29,2,1,2,0.0,0,BB,GBR,Offline TA/TO,TA/TO,0,0,0,A,A,0,No Deposit,229.0,0,Transient-Party,112.67,0,1
City Hotel,0,244,2017,July,30,29,2,1,2,0.0,0,BB,GBR,Online TA,TA/TO,0,0,0,A,A,0,No Deposit,9.0,0,Transient,107.1,0,2
City Hotel,0,244,2017,July,30,29,2,1,2,0.0,0,BB,GBR,Online TA,TA/TO,0,0,0,A,A,0,No Deposit,9.0,0,Transient,107.1,0,2
City Hotel,0,90,2017,July,31,30,2,0,2,0.0,0,SC,FRA,Online TA,TA/TO,0,0,0,A,A,0,No Deposit,9.0,0,Transient,120.0,0,0
City Hotel,0,19,2017,July,30,28,2,2,2,0.0,0,BB,CHE,Online TA,TA/TO,0,0,0,A,A,0,No Deposit,7.0,0,Transient,125.6,0,1
City Hotel,0,88,2017,July,31,30,2,0,2,0.0,0,SC,PRT,Online TA,TA/TO,0,0,0,A,A,0,No Deposit,9.0,0,Transient,120.0,0,1
City Hotel,0,136,2017,July,31,30,2,0,2,0.0,0,SC,FRA,Online TA,TA/TO,0,0,0,A,A,0,No Deposit,9.0,0,Transient,118.75,0,0
City Hotel,0,468,2017,July,30,29,2,1,2,0.0,0,BB,GBR,Offline TA/TO,TA/TO,0,0,0,A,A,0,No Deposit,229.0,0,Transient-Party,112.67,0,1
City Hotel,0,468,2017,July,30,29,2,1,2,0.0,0,BB,GBR,Offline TA/TO,TA/TO,0,0,0,A,A,0,No Deposit,229.0,0,Transient-Party,112.67,0,1
City Hotel,0,207,2017,July,30,25,2,5,2,0.0,0,BB,AUT,Online TA,TA/TO,0,0,0,A,A,0,No Deposit,7.0,0,Transient,95.46,0,1
City Hotel,0,69,2017,July,30,26,2,4,2,0.0,0,BB,ITA,Offline TA/TO,TA/TO,0,0,0,A,A,0,No Deposit,476.0,0,Transient,95.37,0,1
City Hotel,0,68,2017,July,30,27,2,3,2,0.0,0,BB,CHE,Online TA,TA/TO,0,0,0,A,A,0,No Deposit,9.0,0,Transient,143.6,0,2
City Hotel,0,134,2017,July,30,27,2,3,2,0.0,0,BB,CHE,Online TA,TA/TO,0,0,0,D,D,1,No Deposit,9.0,0,Transient,139.5,0,2
City Hotel,0,65,2017,July,30,29,2,1,2,0.0,0,SC,BRA,Online TA,TA/TO,0,0,0,A,A,2,No Deposit,9.0,0,Transient,128.33,0,1
City Hotel,0,167,2017,July,31,30,2,0,2,0.0,0,BB,BRA,Offline TA/TO,TA/TO,0,0,0,A,A,0,No Deposit,6.0,0,Transient,80.1,0,0
City Hotel,0,0,2017,July,30,29,2,1,2,0.0,0,BB,NOR,Direct,Direct,0,0,0,D,D,0,No Deposit,,0,Transient,126.0,0,0
City Hotel,0,245,2017,July,30,29,2,1,2,0.0,0,BB,GBR,Offline TA/TO,TA/TO,0,0,0,A,A,0,No Deposit,42.0,0,Transient,80.1,0,0
City Hotel,0,61,2017,July,31,31,1,0,2,0.0,0,HB,FRA,Direct,Direct,0,0,0,A,A,1,No Deposit,14.0,0,Transient,185.0,0,1
City Hotel,0,1,2017,July,30,29,4,11,2,0.0,0,BB,PRT,Direct,Direct,0,0,0,A,A,2,No Deposit,14.0,0,Transient,31.0,0,0
City Hotel,0,468,2017,July,30,29,2,1,2,0.0,0,BB,GBR,Offline TA/TO,TA/TO,0,0,0,A,A,0,No Deposit,229.0,0,Transient-Party,112.67,0,1
City Hotel,0,23,2017,July,31,30,2,0,2,0.0,0,SC,PRT,Direct,Direct,0,0,0,A,A,0,No Deposit,,0,Transient,120.0,0,1
City Hotel,0,117,2017,July,30,29,2,1,2,0.0,0,BB,ITA,Offline TA/TO,TA/TO,0,0,0,A,A,0,No Deposit,85.0,0,Transient,80.1,0,0
City Hotel,0,62,2017,August,31,1,0,1,2,0.0,0,SC,DNK,Online TA,TA/TO,0,0,0,A,A,0,No Deposit,85.0,0,Transient,71.1,0,0
City Hotel,0,103,2017,July,30,29,2,2,2,0.0,0,SC,IRL,Online TA,TA/TO,0,0,0,A,A,0,No Deposit,9.0,0,Transient,125.0,0,1
City Hotel,0,84,2017,July,31,30,2,1,2,0.0,0,SC,CN,Online TA,TA/TO,0,0,0,A,A,0,No Deposit,9.0,0,Transient,121.67,0,1
City Hotel,0,13,2017,August,31,1,0,1,2,0.0,0,SC,PRT,Online TA,TA/TO,0,0,0,A,A,0,No Deposit,7.0,0,Transient,87.2,0,1
City Hotel,0,111,2017,July,30,26,2,5,2,0.0,0,BB,BEL,Online TA,TA/TO,0,0,0,A,A,1,No Deposit,9.0,0,Transient-Party,145.0,0,2
City Hotel,0,111,2017,July,30,26,2,5,2,0.0,0,BB,BEL,Online TA,TA/TO,0,0,0,A,A,1,No Deposit,9.0,0,Transient-Party,145.0,0,2
City Hotel,0,23,2017,August,31,1,0,1,2,0.0,0,SC,FRA,Online TA,TA/TO,0,0,0,A,A,0,No Deposit,8.0,0,Transient,108.0,0,1
City Hotel,0,8,2017,August,31,1,0,1,2,0.0,0,SC,CHE,Online TA,TA/TO,0,0,0,A,A,0,No Deposit,9.0,0,Transient,119.0,0,1
City Hotel,0,181,2017,July,31,30,2,1,2,0.0,0,BB,SWE,Offline TA/TO,TA/TO,0,0,0,A,A,0,No Deposit,168.0,0,Transient,80.1,0,0
City Hotel,0,272,2017,July,31,31,1,1,2,0.0,0,SC,NLD,Online TA,TA/TO,0,0,0,A,A,0,No Deposit,9.0,0,Transient-Party,89.1,0,2
City Hotel,0,173,2017,July,31,30,2,1,2,0.0,0,SC,CN,Offline TA/TO,TA/TO,0,0,0,A,A,2,No Deposit,52.0,0,Transient,71.1,0,0
City Hotel,0,272,2017,July,31,31,1,1,2,0.0,0,SC,NLD,Online TA,TA/TO,0,0,0,A,A,0,No Deposit,9.0,0,Transient-Party,89.1,0,2
City Hotel,0,292,2017,July,30,29,2,2,2,0.0,0,BB,PRT,Online TA,TA/TO,0,0,0,B,A,1,No Deposit,9.0,0,Transient,98.85,0,1
City Hotel,0,155,2017,July,30,28,2,3,2,0.0,0,BB,AUT,Online TA,TA/TO,0,0,0,A,A,0,No Deposit,9.0,0,Transient,130.5,0,0
City Hotel,0,154,2017,July,31,30,2,1,2,0.0,0,BB,DEU,Online TA,TA/TO,0,0,0,A,A,0,No Deposit,7.0,0,Transient,104.4,0,0
City Hotel,0,270,2017,July,31,31,1,1,2,0.0,0,SC,GBR,Online TA,TA/TO,0,0,0,A,A,2,No Deposit,9.0,0,Transient,98.1,1,1
City Hotel,0,270,2017,July,31,31,1,1,2,0.0,0,SC,GBR,Online TA,TA/TO,0,0,0,A,A,2,No Deposit,9.0,0,Transient,98.1,0,1
City Hotel,0,26,2017,August,31,1,0,1,2,0.0,0,SC,USA,Direct,Direct,0,0,0,A,A,0,No Deposit,14.0,0,Transient,128.0,0,0
City Hotel,0,26,2017,August,31,1,0,1,2,0.0,0,SC,USA,Direct,Direct,0,0,0,A,A,0,No Deposit,14.0,0,Transient,128.0,0,0
City Hotel,0,19,2017,July,30,28,2,3,2,0.0,0,BB,ESP,Online TA,TA/TO,0,0,0,A,A,0,No Deposit,9.0,0,Transient,151.2,0,1
City Hotel,0,87,2017,July,30,29,2,2,2,0.0,0,BB,BEL,Online TA,TA/TO,0,0,0,D,D,0,No Deposit,9.0,0,Transient,159.5,0,0
City Hotel,0,76,2017,July,31,31,1,1,2,0.0,0,BB,USA,Online TA,TA/TO,0,0,0,A,A,0,No Deposit,9.0,0,Transient,150.0,0,1
City Hotel,0,177,2017,August,31,1,0,1,2,0.0,0,BB,FRA,Online TA,TA/TO,0,0,0,A,A,0,No Deposit,9.0,0,Transient,139.5,1,1
City Hotel,0,12,2017,August,31,1,0,1,2,0.0,0,SC,PRT,Online TA,TA/TO,0,0,0,A,A,0,No Deposit,9.0,0,Transient,109.0,0,1
City Hotel,0,6,2017,July,31,31,1,1,2,0.0,0,BB,FRA,Direct,Direct,0,0,0,A,A,1,No Deposit,14.0,0,Transient,149.5,0,0
City Hotel,0,152,2017,July,30,29,2,2,2,0.0,0,BB,DEU,Offline TA/TO,TA/TO,0,0,0,A,A,0,No Deposit,168.0,0,Transient,80.1,0,0
City Hotel,0,21,2017,August,31,1,0,1,2,0.0,0,BB,DEU,Online TA,TA/TO,0,0,0,A,A,0,No Deposit,9.0,0,Transient,128.0,0,0
City Hotel,0,146,2017,July,30,27,2,4,2,0.0,0,BB,NLD,Online TA,TA/TO,0,0,0,D,D,0,No Deposit,9.0,0,Transient,139.5,0,1
City Hotel,0,57,2017,August,31,1,0,1,2,0.0,0,SC,BEL,Online TA,TA/TO,0,0,0,A,A,0,No Deposit,85.0,0,Transient,71.1,0,0
City Hotel,0,1,2017,July,31,31,1,1,2,0.0,0,SC,ITA,Online TA,TA/TO,0,0,0,A,A,0,No Deposit,9.0,0,Transient,145.0,0,1
City Hotel,0,20,2017,July,31,31,1,1,2,0.0,0,BB,CN,Online TA,TA/TO,0,0,0,A,A,1,No Deposit,7.0,0,Transient,107.2,0,2
City Hotel,0,75,2017,July,30,27,2,4,2,0.0,0,BB,FRA,Direct,Direct,0,0,0,A,A,0,No Deposit,14.0,0,Transient,111.75,0,2
City Hotel,0,116,2017,July,31,31,1,1,2,0.0,0,BB,GBR,Offline TA/TO,TA/TO,0,0,0,A,A,0,No Deposit,42.0,0,Transient,80.1,0,1
City Hotel,0,121,2017,July,31,31,1,2,2,0.0,0,SC,NOR,Online TA,TA/TO,0,0,0,A,A,0,No Deposit,7.0,0,Transient,93.33,0,1
City Hotel,0,121,2017,July,31,31,1,2,2,0.0,0,SC,NOR,Online TA,TA/TO,0,0,0,A,A,0,No Deposit,7.0,0,Transient,93.33,0,1
City Hotel,0,253,2017,July,30,29,2,3,2,0.0,0,SC,DEU,Online TA,TA/TO,0,0,0,A,A,0,No Deposit,9.0,0,Transient,89.1,0,0
City Hotel,0,234,2017,July,30,28,2,4,2,0.0,0,BB,NLD,Online TA,TA/TO,0,0,0,A,A,0,No Deposit,9.0,0,Transient,130.5,0,1
City Hotel,0,11,2017,July,31,30,2,2,2,0.0,0,BB,DEU,Online TA,TA/TO,0,0,0,D,D,0,No Deposit,7.0,0,Transient,125.02,0,1
City Hotel,0,12,2017,July,31,31,1,2,2,0.0,0,SC,IRL,Online TA,TA/TO,0,0,0,A,A,0,No Deposit,9.0,0,Transient,143.0,0,1
City Hotel,0,17,2017,August,31,2,0,1,2,0.0,0,BB,KOR,Online TA,TA/TO,0,0,0,A,D,0,No Deposit,85.0,0,Transient,89.0,0,0
City Hotel,0,208,2017,August,31,2,0,1,2,0.0,0,HB,CAF,Groups,TA/TO,0,0,0,A,A,0,No Deposit,30.0,0,Transient-Party,157.0,0,1
City Hotel,0,208,2017,August,31,2,0,1,2,0.0,0,HB,FRA,Groups,TA/TO,0,0,0,A,A,0,No Deposit,30.0,0,Transient-Party,157.0,0,1
City Hotel,0,208,2017,August,31,2,0,1,2,0.0,0,HB,FRA,Groups,TA/TO,0,0,0,A,A,0,No Deposit,30.0,0,Transient-Party,157.0,0,1
City Hotel,0,208,2017,August,31,2,0,1,2,0.0,0,HB,FRA,Groups,TA/TO,0,0,0,A,A,0,No Deposit,30.0,0,Transient-Party,157.0,0,1
City Hotel,0,208,2017,August,31,2,0,1,2,0.0,0,HB,FRA,Groups,TA/TO,0,0,0,A,D,0,No Deposit,30.0,0,Transient-Party,157.0,0,1
City Hotel,0,208,2017,August,31,2,0,1,2,0.0,0,HB,FRA,Groups,TA/TO,0,0,0,A,A,0,No Deposit,30.0,0,Transient-Party,157.0,0,1
City Hotel,0,208,2017,August,31,2,0,1,2,0.0,0,HB,FRA,Groups,TA/TO,0,0,0,A,A,0,No Deposit,30.0,0,Transient-Party,157.0,0,1
City Hotel,0,208,2017,August,31,2,0,1,2,0.0,0,HB,FRA,Groups,TA/TO,0,0,0,A,A,0,No Deposit,30.0,0,Transient-Party,157.0,0,1
City Hotel,0,208,2017,August,31,2,0,1,2,0.0,0,HB,FRA,Groups,TA/TO,0,0,0,A,A,0,No Deposit,30.0,0,Transient-Party,157.0,0,1
City Hotel,0,208,2017,August,31,2,0,1,2,0.0,0,HB,FRA,Groups,TA/TO,0,0,0,A,A,0,No Deposit,30.0,0,Transient-Party,157.0,0,1
City Hotel,0,208,2017,August,31,2,0,1,2,0.0,0,HB,FRA,Groups,TA/TO,0,0,0,A,A,0,No Deposit,30.0,0,Transient-Party,157.0,0,1
City Hotel,0,208,2017,August,31,2,0,1,2,0.0,0,HB,FRA,Groups,TA/TO,0,0,0,A,A,0,No Deposit,30.0,0,Transient-Party,157.0,0,1
City Hotel,0,208,2017,August,31,2,0,1,2,0.0,0,HB,FRA,Groups,TA/TO,0,0,0,A,A,0,No Deposit,30.0,0,Transient-Party,157.0,0,1
City Hotel,0,208,2017,August,31,2,0,1,2,0.0,0,HB,FRA,Groups,TA/TO,0,0,0,A,A,0,No Deposit,30.0,0,Transient-Party,157.0,0,1
City Hotel,0,208,2017,August,31,2,0,1,2,0.0,0,HB,FRA,Groups,TA/TO,0,0,0,A,A,0,No Deposit,30.0,0,Transient-Party,157.0,0,1
City Hotel,0,208,2017,August,31,2,0,1,2,0.0,0,HB,FRA,Groups,TA/TO,0,0,0,A,A,0,No Deposit,30.0,0,Transient-Party,157.0,0,1
City Hotel,0,208,2017,August,31,2,0,1,2,0.0,0,HB,FRA,Groups,TA/TO,0,0,0,A,A,0,No Deposit,30.0,0,Transient-Party,157.0,0,1
City Hotel,0,208,2017,August,31,2,0,1,2,0.0,0,HB,FRA,Groups,TA/TO,0,0,0,A,A,0,No Deposit,30.0,0,Transient-Party,157.0,0,1
City Hotel,0,208,2017,August,31,2,0,1,2,0.0,0,HB,FRA,Groups,TA/TO,0,0,0,A,A,0,No Deposit,30.0,0,Transient-Party,157.0,0,1
City Hotel,0,208,2017,August,31,2,0,1,2,0.0,0,HB,FRA,Groups,TA/TO,0,0,0,A,A,0,No Deposit,30.0,0,Transient-Party,157.0,0,0
City Hotel,0,192,2017,July,31,31,1,2,2,0.0,0,SC,FRA,Online TA,TA/TO,0,0,0,A,A,2,No Deposit,9.0,0,Transient,120.83,0,0
City Hotel,0,263,2017,August,31,1,0,2,2,0.0,0,BB,ESP,Direct,Direct,0,0,0,A,A,2,No Deposit,14.0,0,Transient,86.63,0,0
City Hotel,0,193,2017,July,30,29,2,3,2,0.0,0,SC,GBR,Online TA,TA/TO,0,0,0,A,A,0,No Deposit,9.0,0,Transient-Party,112.5,0,2
City Hotel,0,193,2017,July,30,29,2,3,2,0.0,0,BB,GBR,Online TA,TA/TO,0,0,0,D,D,0,No Deposit,9.0,0,Transient-Party,139.5,0,2
City Hotel,0,19,2017,July,31,31,1,2,2,0.0,0,BB,FRA,Online TA,TA/TO,0,0,0,A,A,2,No Deposit,9.0,0,Transient,189.0,1,1
City Hotel,0,14,2017,July,31,31,1,2,2,0.0,0,BB,BEL,Online TA,TA/TO,0,0,0,A,A,0,No Deposit,9.0,0,Transient,180.0,0,1
City Hotel,0,55,2017,July,30,25,2,7,2,0.0,0,HB,FRA,Online TA,TA/TO,0,0,0,A,A,0,No Deposit,7.0,0,Transient,140.18,0,1
City Hotel,0,208,2017,August,31,2,0,1,2,0.0,0,HB,PRT,Groups,TA/TO,0,0,0,A,A,0,No Deposit,30.0,0,Transient-Party,157.0,0,1
City Hotel,0,195,2017,July,31,31,1,2,2,0.0,0,BB,PRT,Online TA,TA/TO,0,0,0,A,A,0,No Deposit,83.0,0,Transient,104.4,0,0
City Hotel,0,150,2017,August,31,2,0,1,2,0.0,0,BB,ISR,Online TA,TA/TO,0,0,0,D,D,2,No Deposit,9.0,0,Transient-Party,139.5,0,0
City Hotel,0,66,2017,July,31,30,2,2,2,0.0,0,BB,SWE,Online TA,TA/TO,0,0,0,A,A,0,No Deposit,9.0,0,Transient,142.0,0,1
City Hotel,0,81,2017,July,31,31,1,2,2,0.0,0,BB,ESP,Online TA,TA/TO,0,0,0,A,A,0,No Deposit,7.0,0,Transient,114.67,0,1
City Hotel,0,144,2017,August,31,1,0,2,2,0.0,0,BB,FRA,Online TA,TA/TO,0,0,0,A,A,0,No Deposit,9.0,0,Transient,130.5,0,1
City Hotel,0,89,2017,July,31,31,1,2,2,0.0,0,SC,BEL,Online TA,TA/TO,0,0,0,A,A,0,No Deposit,9.0,0,Transient,123.33,0,1
City Hotel,0,37,2017,August,31,2,0,1,2,0.0,0,SC,PRT,Online TA,TA/TO,0,0,0,A,D,0,No Deposit,9.0,0,Transient,140.0,0,2
City Hotel,0,71,2017,July,31,30,2,2,2,0.0,0,BB,GBR,Online TA,TA/TO,0,0,0,A,A,0,No Deposit,8.0,0,Transient,142.0,0,3
City Hotel,0,208,2017,August,31,2,0,1,2,0.0,0,HB,FRA,Groups,TA/TO,0,0,0,A,A,0,No Deposit,30.0,0,Transient-Party,157.0,0,1
City Hotel,0,84,2017,July,30,27,2,5,2,0.0,0,SC,SLE,Online TA,TA/TO,0,0,0,A,A,0,No Deposit,9.0,0,Transient,121.43,0,1
City Hotel,0,12,2017,August,31,1,0,2,2,0.0,0,BB,FRA,Online TA,TA/TO,0,0,0,E,E,0,No Deposit,9.0,0,Transient,203.5,0,1
City Hotel,0,121,2017,July,31,31,1,2,2,0.0,0,SC,NOR,Online TA,TA/TO,0,0,0,A,A,0,No Deposit,7.0,0,Transient,93.33,0,1
City Hotel,0,37,2017,August,31,2,0,1,2,0.0,0,HB,GBR,Online TA,TA/TO,0,0,0,D,K,0,No Deposit,9.0,0,Transient,208.0,0,0
City Hotel,0,144,2017,July,31,30,2,2,2,0.0,0,HB,RUS,Online TA,TA/TO,0,0,0,D,D,0,No Deposit,9.0,0,Transient,173.7,0,2
City Hotel,0,44,2017,July,31,30,2,2,2,0.0,0,BB,DEU,Online TA,TA/TO,0,0,0,A,A,0,No Deposit,9.0,0,Transient,169.0,0,1
City Hotel,0,192,2017,July,31,31,1,2,2,0.0,0,BB,FRA,Online TA,TA/TO,0,0,0,D,D,2,No Deposit,9.0,0,Transient,144.67,0,0
City Hotel,0,111,2017,July,30,27,2,5,2,0.0,0,SC,GBR,Online TA,TA/TO,0,0,0,A,A,0,No Deposit,9.0,0,Transient,125.0,0,1
City Hotel,0,24,2017,July,30,29,2,3,2,0.0,0,BB,KWT,Online TA,TA/TO,0,0,0,A,K,0,No Deposit,83.0,0,Transient,127.26,0,0
City Hotel,0,121,2017,July,31,31,1,2,2,0.0,0,SC,NOR,Online TA,TA/TO,0,0,0,A,K,0,No Deposit,7.0,0,Transient,93.33,0,1
City Hotel,0,93,2017,August,31,3,0,1,2,0.0,0,SC,NOR,Direct,Direct,0,0,0,A,A,0,No Deposit,14.0,0,Transient,125.0,0,0
City Hotel,0,9,2017,August,31,2,0,2,2,0.0,0,SC,POL,Direct,Direct,0,0,0,A,A,1,No Deposit,14.0,0,Transient,119.0,0,0
City Hotel,0,292,2017,August,31,2,0,2,2,0.0,0,SC,DEU,Online TA,TA/TO,0,0,0,A,A,0,No Deposit,9.0,0,Transient,89.1,0,4
City Hotel,0,292,2017,August,31,2,0,2,2,0.0,0,SC,DEU,Online TA,TA/TO,0,0,0,A,A,0,No Deposit,9.0,0,Transient,89.1,0,4
City Hotel,0,214,2017,August,31,1,0,3,2,0.0,0,BB,CYP,Offline TA/TO,TA/TO,0,0,0,A,A,0,No Deposit,138.0,0,Transient,80.1,0,0
City Hotel,0,129,2017,August,31,3,0,1,2,0.0,0,SC,DEU,Online TA,TA/TO,0,0,0,A,A,0,No Deposit,7.0,0,Transient,90.0,0,1
City Hotel,0,4,2017,August,31,3,0,1,2,0.0,0,SC,SWE,Online TA,TA/TO,0,0,0,A,A,0,No Deposit,7.0,0,Transient,104.0,0,1
City Hotel,0,22,2017,July,31,31,1,3,2,0.0,0,BB,FRA,Online TA,TA/TO,0,0,0,A,A,0,No Deposit,7.0,0,Transient,109.44,0,1
City Hotel,0,186,2017,July,31,30,2,3,2,0.0,0,SC,GBR,Offline TA/TO,TA/TO,0,0,0,A,A,0,No Deposit,28.0,0,Transient,71.1,0,0
City Hotel,0,2,2017,August,31,3,0,1,2,0.0,0,HB,PRT,Groups,TA/TO,0,0,0,A,A,0,No Deposit,509.0,0,Transient-Party,166.0,0,0
City Hotel,0,170,2017,July,30,28,2,5,2,0.0,0,HB,FRA,Offline TA/TO,TA/TO,0,0,0,A,D,0,No Deposit,28.0,0,Contract,110.0,0,1
City Hotel,0,2,2017,August,31,3,0,1,2,0.0,0,HB,PRT,Groups,TA/TO,0,0,0,A,A,2,No Deposit,509.0,0,Transient-Party,166.0,0,0
City Hotel,0,2,2017,August,31,3,0,1,2,0.0,0,HB,PRT,Groups,TA/TO,0,0,0,A,A,0,No Deposit,509.0,0,Transient-Party,166.0,0,1
City Hotel,0,2,2017,August,31,3,0,1,2,0.0,0,HB,PRT,Groups,TA/TO,0,0,0,A,A,0,No Deposit,509.0,0,Transient-Party,166.0,0,0
City Hotel,0,2,2017,August,31,3,0,1,2,0.0,0,HB,PRT,Groups,TA/TO,0,0,0,A,A,0,No Deposit,509.0,0,Transient-Party,166.0,0,0
City Hotel,0,2,2017,August,31,3,0,1,2,0.0,0,HB,PRT,Groups,TA/TO,0,0,0,A,A,0,No Deposit,509.0,0,Transient-Party,166.0,0,0
City Hotel,0,106,2017,July,31,30,2,3,2,0.0,0,BB,IRL,Direct,Direct,0,0,0,A,A,0,No Deposit,14.0,0,Transient,112.5,0,0
City Hotel,0,129,2017,July,31,30,2,3,2,0.0,0,BB,NLD,Offline TA/TO,TA/TO,0,0,0,A,A,0,No Deposit,28.0,0,Transient,81.9,0,0
City Hotel,0,0,2017,August,31,3,0,1,2,0.0,0,BB,ESP,Online TA,TA/TO,0,0,0,D,E,0,No Deposit,9.0,0,Transient,125.1,0,1
City Hotel,0,4,2017,July,30,27,2,6,2,0.0,0,BB,DEU,Online TA,TA/TO,0,0,0,A,A,0,No Deposit,354.0,0,Transient,136.02,0,0
City Hotel,0,54,2017,August,31,1,0,3,2,0.0,0,SC,ESP,Online TA,TA/TO,0,0,0,A,A,0,No Deposit,9.0,0,Transient,140.0,0,1
City Hotel,0,6,2017,July,31,31,1,3,2,0.0,0,BB,FRA,Direct,Direct,0,0,0,A,A,2,No Deposit,14.0,0,Transient,156.76,1,2
City Hotel,0,100,2017,August,31,1,0,3,2,0.0,0,SC,CHE,Online TA,TA/TO,0,0,0,A,A,0,No Deposit,9.0,0,Transient,125.0,0,1
City Hotel,0,186,2017,July,31,31,1,3,2,0.0,0,BB,ESP,Offline TA/TO,TA/TO,0,0,0,A,A,0,No Deposit,168.0,0,Transient,80.1,0,0
City Hotel,0,186,2017,July,31,31,1,3,2,0.0,0,BB,ESP,Offline TA/TO,TA/TO,0,0,0,A,A,0,No Deposit,168.0,0,Transient,80.1,0,0
City Hotel,0,159,2017,July,31,31,1,3,2,0.0,0,SC,FRA,Online TA,TA/TO,0,0,0,A,A,0,No Deposit,9.0,0,Transient,121.88,0,1
City Hotel,0,20,2017,August,31,3,0,1,2,0.0,0,BB,CHN,Online TA,TA/TO,0,0,0,D,D,4,No Deposit,9.0,0,Transient-Party,190.0,0,2
City Hotel,0,46,2017,July,31,31,1,3,2,0.0,0,SC,FRA,Online TA,TA/TO,0,0,0,A,A,0,No Deposit,9.0,0,Transient,145.0,0,1
City Hotel,0,166,2017,July,31,31,1,3,2,0.0,0,BB,FRA,Online TA,TA/TO,0,0,0,A,A,0,No Deposit,9.0,0,Transient,130.5,0,1
City Hotel,0,36,2017,July,31,30,2,3,2,0.0,0,SC,FRA,Online TA,TA/TO,0,0,0,A,A,0,No Deposit,9.0,0,Transient,140.0,0,1
City Hotel,0,5,2017,August,31,3,0,1,2,0.0,0,BB,PRT,Direct,Direct,0,0,0,A,A,1,No Deposit,,0,Transient,159.75,0,0
City Hotel,0,3,2017,August,31,3,0,1,2,0.0,0,BB,DNK,Offline TA/TO,TA/TO,0,0,0,A,A,0,No Deposit,15.0,0,Transient,120.0,0,0
City Hotel,0,172,2017,July,31,30,2,3,2,0.0,0,BB,CHE,Direct,Direct,0,0,0,A,A,0,No Deposit,14.0,0,Transient,112.5,0,2
City Hotel,0,22,2017,July,31,31,1,3,2,0.0,0,SC,FRA,Online TA,TA/TO,0,0,0,A,A,0,No Deposit,9.0,0,Transient,124.0,0,1
City Hotel,0,172,2017,July,31,30,2,3,2,0.0,0,BB,CHE,Direct,Direct,0,0,0,A,A,0,No Deposit,14.0,0,Transient,112.5,0,2
City Hotel,0,229,2017,August,31,2,0,2,2,0.0,0,BB,CHE,Online TA,TA/TO,0,0,0,A,A,0,No Deposit,9.0,0,Transient,139.5,1,1
City Hotel,0,64,2017,August,31,2,0,2,2,0.0,0,SC,IRL,Online TA,TA/TO,0,0,0,A,A,0,No Deposit,9.0,0,Transient,130.0,0,1
City Hotel,0,2,2017,August,31,3,0,1,2,0.0,0,HB,PRT,Groups,TA/TO,0,0,0,A,A,0,No Deposit,509.0,0,Transient-Party,166.0,0,1
City Hotel,0,7,2017,August,31,3,0,1,2,0.0,0,BB,IRL,Online TA,TA/TO,0,0,0,A,A,0,No Deposit,9.0,0,Transient,139.0,0,1
City Hotel,0,58,2017,August,31,2,0,2,2,0.0,0,SC,FRA,Online TA,TA/TO,0,0,0,A,A,0,No Deposit,9.0,0,Transient,140.0,0,0
City Hotel,0,58,2017,July,31,30,2,3,2,0.0,0,HB,FIN,Direct,Direct,0,0,0,A,A,1,No Deposit,14.0,0,Transient,147.24,0,1
City Hotel,0,0,2017,August,31,3,0,1,2,0.0,0,SC,USA,Online TA,TA/TO,0,0,0,A,A,0,No Deposit,152.0,0,Transient,69.01,0,0
City Hotel,0,121,2017,July,30,29,2,5,2,0.0,0,BB,NOR,Direct,Direct,0,0,0,D,D,0,No Deposit,14.0,0,Transient-Party,135.0,0,0
City Hotel,0,121,2017,July,30,29,2,5,2,0.0,0,BB,NOR,Direct,Direct,0,0,0,D,D,0,No Deposit,14.0,0,Transient-Party,135.0,0,0
City Hotel,0,204,2017,July,30,29,2,5,2,0.0,0,BB,DEU,Offline TA/TO,TA/TO,0,0,0,A,A,0,No Deposit,22.0,0,Transient,75.65,0,0
City Hotel,0,204,2017,July,30,29,2,5,2,0.0,0,BB,PRT,Offline TA/TO,TA/TO,0,0,0,A,A,0,No Deposit,22.0,0,Transient,75.65,0,0
City Hotel,0,204,2017,July,30,29,2,5,2,0.0,0,BB,DEU,Offline TA/TO,TA/TO,0,0,0,A,A,0,No Deposit,22.0,0,Transient,75.65,0,0
City Hotel,0,21,2017,August,31,1,0,4,2,0.0,0,BB,CN,Online TA,TA/TO,0,0,0,D,D,0,No Deposit,9.0,0,Transient,159.0,0,1
City Hotel,0,20,2017,August,31,3,0,2,2,0.0,0,BB,CHN,Online TA,TA/TO,0,0,0,D,D,0,No Deposit,9.0,0,Transient-Party,190.0,0,2
City Hotel,0,63,2017,July,31,30,2,4,2,0.0,0,BB,ESP,Online TA,TA/TO,0,0,0,A,A,0,No Deposit,9.0,0,Transient,153.67,1,1
City Hotel,0,25,2017,August,31,4,0,1,2,0.0,0,BB,USA,Online TA,TA/TO,0,0,0,A,C,0,No Deposit,85.0,0,Transient,89.0,0,0
City Hotel,0,157,2017,August,31,1,0,4,2,0.0,0,BB,BEL,Online TA,TA/TO,0,0,0,A,A,0,No Deposit,9.0,0,Transient,137.25,0,0
City Hotel,0,176,2017,August,31,2,0,3,2,0.0,0,BB,AUT,Offline TA/TO,TA/TO,0,0,0,A,A,0,No Deposit,168.0,0,Transient,80.1,0,0
City Hotel,0,38,2017,August,31,3,0,2,2,0.0,0,SC,CHE,Online TA,TA/TO,0,0,0,A,A,0,No Deposit,9.0,0,Transient,140.0,0,1
City Hotel,0,0,2017,August,31,3,0,2,2,0.0,0,BB,RUS,Online TA,TA/TO,0,0,0,D,D,0,No Deposit,7.0,0,Transient,119.6,0,1
City Hotel,0,54,2017,August,31,1,0,4,2,0.0,0,SC,GBR,Online TA,TA/TO,0,0,0,A,A,0,No Deposit,9.0,0,Transient,140.0,0,1
City Hotel,0,39,2017,August,31,2,0,3,2,0.0,0,BB,USA,Direct,Direct,0,0,0,A,A,1,No Deposit,14.0,0,Transient,153.0,0,3
City Hotel,0,0,2017,August,31,3,0,2,2,0.0,0,BB,RUS,Online TA,TA/TO,0,0,0,A,D,0,No Deposit,7.0,0,Transient,111.6,0,1
City Hotel,0,156,2017,August,31,2,0,3,2,0.0,0,BB,PRT,Offline TA/TO,TA/TO,0,0,0,A,A,0,No Deposit,168.0,0,Transient,89.1,0,0
City Hotel,0,52,2017,August,31,1,0,4,2,0.0,0,BB,FRA,Online TA,TA/TO,0,0,0,A,A,0,No Deposit,9.0,0,Transient,160.0,0,3
City Hotel,0,174,2017,July,31,31,1,4,2,0.0,0,BB,AUT,Offline TA/TO,TA/TO,0,0,0,D,D,0,No Deposit,28.0,0,Transient,89.1,0,0
City Hotel,0,187,2017,July,31,31,1,4,2,0.0,0,BB,CHE,Offline TA/TO,TA/TO,0,0,0,A,D,0,No Deposit,28.0,0,Transient,85.0,0,0
City Hotel,0,314,2017,August,31,1,0,4,2,0.0,0,BB,PRT,Online TA,TA/TO,0,0,0,A,A,1,No Deposit,9.0,0,Transient,109.1,0,1
City Hotel,0,70,2017,August,31,4,0,1,2,0.0,0,BB,PRT,Online TA,TA/TO,0,0,0,A,A,1,No Deposit,9.0,0,Transient,150.0,0,1
City Hotel,0,243,2017,August,31,4,0,1,2,0.0,0,BB,NLD,Online TA,TA/TO,0,0,0,A,A,1,No Deposit,9.0,0,Transient-Party,112.5,0,1
City Hotel,0,171,2017,July,31,31,1,4,2,0.0,0,BB,GRC,Online TA,TA/TO,0,0,0,A,A,0,No Deposit,9.0,0,Transient,130.5,0,1
City Hotel,0,14,2017,August,31,3,0,2,2,0.0,0,BB,PRT,Online TA,TA/TO,0,0,0,A,A,0,No Deposit,7.0,0,Transient,127.6,0,1
City Hotel,0,86,2017,August,31,3,0,2,2,0.0,0,BB,GBR,Direct,Direct,0,0,0,A,A,0,No Deposit,14.0,0,Transient-Party,112.5,0,3
City Hotel,0,204,2017,July,30,29,2,5,2,0.0,0,BB,BEL,Offline TA/TO,TA/TO,0,0,0,A,A,0,No Deposit,394.0,0,Transient,80.1,0,0
City Hotel,0,39,2017,August,31,2,0,3,2,0.0,0,SC,USA,Direct,Direct,0,0,0,A,A,2,No Deposit,14.0,0,Transient,150.0,0,3
City Hotel,0,2,2017,August,31,3,0,2,2,0.0,0,BB,IRL,Online TA,TA/TO,0,0,0,D,D,0,No Deposit,7.0,0,Transient,140.0,0,1
City Hotel,0,86,2017,August,31,3,0,2,2,0.0,0,BB,GBR,Direct,Direct,0,0,0,A,A,0,No Deposit,14.0,0,Transient-Party,112.5,0,3
City Hotel,0,57,2017,August,31,3,0,2,2,0.0,0,SC,ESP,Online TA,TA/TO,0,0,0,A,A,0,No Deposit,9.0,0,Transient,140.0,0,1
City Hotel,0,24,2017,August,31,3,0,2,2,0.0,0,SC,ESP,Online TA,TA/TO,0,0,0,A,A,0,No Deposit,9.0,0,Transient,134.0,0,1
City Hotel,0,2,2017,August,31,3,0,2,2,0.0,0,BB,IRL,Online TA,TA/TO,0,0,0,D,D,0,No Deposit,7.0,0,Transient,140.0,0,1
City Hotel,0,11,2017,August,31,4,0,1,2,0.0,0,SC,FRA,Online TA,TA/TO,0,0,0,A,A,0,No Deposit,9.0,0,Transient,160.0,0,1
City Hotel,0,21,2017,August,31,1,0,4,2,0.0,0,BB,BEL,Online TA,TA/TO,0,0,0,D,A,0,No Deposit,9.0,0,Transient,159.0,0,0
City Hotel,0,44,2017,August,31,4,0,1,2,0.0,0,BB,BEL,Online TA,TA/TO,0,0,0,A,A,0,No Deposit,9.0,0,Transient,160.0,0,1
City Hotel,0,92,2017,August,31,3,0,3,2,0.0,0,SC,GBR,Online TA,TA/TO,0,0,0,A,A,0,No Deposit,7.0,0,Transient,100.0,0,1
City Hotel,0,124,2017,August,31,3,0,3,2,0.0,0,BB,GBR,Offline TA/TO,TA/TO,0,0,0,A,A,0,No Deposit,138.0,0,Transient,71.1,0,1
City Hotel,0,201,2017,August,31,1,0,5,2,0.0,0,BB,DEU,Offline TA/TO,TA/TO,0,0,0,A,A,0,No Deposit,27.0,0,Transient,80.1,0,0
City Hotel,0,316,2017,August,31,5,0,1,2,0.0,0,HB,ITA,Online TA,TA/TO,0,0,0,A,A,0,No Deposit,9.0,0,Transient,141.3,0,2
City Hotel,0,148,2017,July,30,29,2,6,2,0.0,0,SC,FRA,Online TA,TA/TO,0,0,0,A,A,0,No Deposit,9.0,0,Transient,121.88,0,1
City Hotel,0,65,2017,July,30,29,2,6,2,0.0,0,HB,ITA,Online TA,TA/TO,0,0,0,A,A,0,No Deposit,9.0,0,Transient,184.0,0,1
City Hotel,0,168,2017,August,31,1,0,5,2,0.0,0,BB,GBR,Online TA,TA/TO,0,0,0,A,A,0,No Deposit,9.0,0,Transient,130.5,0,0
City Hotel,0,113,2017,August,31,2,0,4,2,0.0,0,HB,ESP,Offline TA/TO,TA/TO,0,0,0,D,D,0,No Deposit,6.0,0,Transient,130.1,0,0
City Hotel,0,65,2017,August,31,1,0,5,2,0.0,0,BB,CN,Online TA,TA/TO,0,0,0,A,A,0,No Deposit,9.0,0,Transient,142.0,0,2
City Hotel,0,69,2017,July,30,29,2,6,2,0.0,0,SC,RUS,Online TA,TA/TO,0,0,0,A,A,0,No Deposit,9.0,0,Transient-Party,126.0,0,2
City Hotel,0,84,2017,August,31,5,0,1,2,0.0,0,SC,NLD,Online TA,TA/TO,0,0,0,A,A,0,No Deposit,9.0,0,Transient-Party,125.0,0,2
City Hotel,0,84,2017,August,31,5,0,1,2,0.0,0,SC,NLD,Online TA,TA/TO,0,0,0,A,A,0,No Deposit,9.0,0,Transient-Party,125.0,0,2
City Hotel,0,133,2017,August,31,4,0,2,2,0.0,0,SC,GBR,Online TA,TA/TO,0,0,0,A,A,0,No Deposit,9.0,0,Transient,135.0,0,0
City Hotel,0,39,2017,August,31,4,0,2,2,0.0,0,SC,FRA,Online TA,TA/TO,0,0,0,A,A,0,No Deposit,9.0,0,Transient,140.0,0,0
City Hotel,0,113,2017,August,31,2,0,4,2,0.0,0,BB,NOR,Online TA,TA/TO,0,0,0,A,A,0,No Deposit,85.0,0,Transient,80.1,0,0
City Hotel,0,8,2017,August,31,5,0,1,2,0.0,0,SC,GBR,Offline TA/TO,TA/TO,0,0,0,A,A,0,No Deposit,15.0,0,Transient,128.0,0,0
City Hotel,0,10,2017,August,31,5,0,1,2,0.0,0,SC,GBR,Online TA,TA/TO,0,0,0,A,A,0,No Deposit,85.0,0,Transient,79.0,0,0
City Hotel,0,23,2017,August,31,4,0,2,2,0.0,0,BB,ESP,Online TA,TA/TO,0,0,0,A,A,0,No Deposit,9.0,0,Transient,180.0,0,1
City Hotel,0,13,2017,August,31,3,0,3,2,0.0,0,BB,DEU,Direct,Direct,0,0,0,A,A,1,No Deposit,14.0,0,Transient,156.33,0,0
City Hotel,0,149,2017,August,31,3,0,3,2,0.0,0,BB,GBR,Offline TA/TO,TA/TO,0,0,0,A,A,1,No Deposit,132.0,0,Transient,80.1,0,1
City Hotel,0,93,2017,August,31,4,0,2,2,0.0,0,SC,IRL,Online TA,TA/TO,0,0,0,A,A,0,No Deposit,9.0,0,Transient,134.0,1,1
City Hotel,0,129,2017,August,31,3,0,3,2,0.0,0,BB,ESP,Offline TA/TO,TA/TO,0,0,0,A,A,0,No Deposit,28.0,0,Transient,80.1,0,1
City Hotel,0,135,2017,July,31,31,1,5,2,0.0,0,BB,DEU,Offline TA/TO,TA/TO,0,0,0,A,A,0,No Deposit,27.0,0,Transient,80.1,0,1
City Hotel,0,185,2017,August,31,3,0,3,2,0.0,0,BB,GBR,Offline TA/TO,TA/TO,0,0,0,A,A,2,No Deposit,132.0,0,Transient,80.1,0,1
City Hotel,0,180,2017,August,31,3,0,3,2,0.0,0,BB,GBR,Offline TA/TO,TA/TO,0,0,0,A,A,0,No Deposit,42.0,0,Transient,80.1,0,1
City Hotel,0,119,2017,July,31,31,1,5,2,0.0,0,BB,GBR,Offline TA/TO,TA/TO,0,0,0,A,A,0,No Deposit,132.0,0,Transient,75.65,0,0
City Hotel,0,11,2017,August,31,4,0,2,2,0.0,0,SC,SLV,Online TA,TA/TO,0,0,0,A,A,0,No Deposit,9.0,0,Transient,160.0,0,1
City Hotel,0,170,2017,August,31,5,0,1,2,0.0,0,BB,NLD,Online TA,TA/TO,0,0,0,A,A,0,No Deposit,9.0,0,Transient,130.5,0,1
City Hotel,0,148,2017,July,30,29,2,6,2,0.0,0,BB,FRA,Online TA,TA/TO,0,0,0,D,D,0,No Deposit,9.0,0,Transient,139.5,0,1
City Hotel,0,133,2017,August,31,4,0,2,2,0.0,0,SC,QAT,Online TA,TA/TO,0,0,0,A,A,0,No Deposit,9.0,0,Transient,135.0,0,0
City Hotel,0,280,2017,August,31,3,1,3,2,0.0,0,BB,FRA,Direct,Direct,0,0,0,A,A,0,No Deposit,14.0,0,Transient,86.63,0,1
City Hotel,0,131,2017,August,31,3,1,3,2,0.0,0,SC,GBR,Offline TA/TO,TA/TO,0,0,0,A,A,0,No Deposit,28.0,0,Transient,71.1,0,0
City Hotel,0,270,2017,August,31,5,1,1,2,0.0,0,BB,SWE,Online TA,TA/TO,0,0,0,A,A,1,No Deposit,9.0,0,Transient,109.1,0,1
City Hotel,0,123,2017,July,31,31,2,5,2,0.0,0,HB,FRA,Direct,Direct,0,0,0,D,D,2,No Deposit,,0,Transient,146.57,0,1
City Hotel,0,1,2017,August,31,3,1,3,2,0.0,0,BB,PRT,Online TA,TA/TO,0,0,0,D,D,0,No Deposit,9.0,0,Transient,182.5,0,0
City Hotel,0,161,2017,August,31,4,1,2,2,0.0,0,BB,GBR,Online TA,TA/TO,0,0,0,A,A,0,No Deposit,9.0,0,Transient,135.33,0,1
City Hotel,0,0,2017,August,32,6,1,0,2,0.0,0,SC,FRA,Online TA,TA/TO,0,0,0,A,D,0,No Deposit,9.0,0,Transient,160.0,0,2
City Hotel,0,206,2017,August,31,3,1,3,2,0.0,0,BB,DEU,Online TA,TA/TO,0,0,0,D,D,0,No Deposit,9.0,0,Transient,144.0,0,0
City Hotel,0,206,2017,August,31,3,1,3,2,0.0,0,BB,DEU,Online TA,TA/TO,0,0,0,E,E,1,No Deposit,9.0,0,Transient,166.5,0,1
City Hotel,0,158,2017,August,31,3,1,3,2,0.0,0,BB,DEU,Online TA,TA/TO,0,0,0,A,A,0,No Deposit,9.0,0,Transient,137.75,0,0
City Hotel,0,158,2017,August,31,3,1,3,2,0.0,0,BB,DEU,Online TA,TA/TO,0,0,0,A,A,0,No Deposit,9.0,0,Transient,137.75,0,0
City Hotel,0,48,2017,August,31,4,1,2,2,0.0,0,BB,ESP,Online TA,TA/TO,0,0,0,A,A,0,No Deposit,9.0,0,Transient,169.0,1,1
City Hotel,0,25,2017,August,31,3,1,3,2,0.0,0,SC,FRA,Online TA,TA/TO,0,0,0,A,A,0,No Deposit,9.0,0,Transient,147.0,0,1
City Hotel,0,59,2017,August,31,4,1,2,2,0.0,0,SC,PRT,Offline TA/TO,TA/TO,0,0,0,A,A,1,No Deposit,159.0,0,Transient,73.94,0,1
City Hotel,0,132,2017,July,30,29,3,6,2,0.0,0,BB,FRA,Online TA,TA/TO,0,0,0,A,A,0,No Deposit,9.0,0,Transient,141.78,0,2
City Hotel,0,132,2017,July,30,29,3,6,2,0.0,0,BB,FRA,Online TA,TA/TO,0,0,0,A,A,0,No Deposit,9.0,0,Transient,141.78,0,2
City Hotel,0,79,2017,July,31,31,2,5,2,0.0,0,BB,FRA,Online TA,TA/TO,0,0,0,A,A,0,No Deposit,423.0,0,Transient,106.48,0,0
City Hotel,0,139,2017,August,31,5,1,1,2,0.0,0,BB,NOR,Online TA,TA/TO,0,0,0,D,D,0,No Deposit,9.0,0,Transient,139.5,0,2
City Hotel,0,94,2017,July,30,28,3,7,2,0.0,0,BB,DEU,Online TA,TA/TO,0,0,0,A,A,0,No Deposit,42.0,0,Transient,116.0,0,0
City Hotel,0,13,2017,August,32,6,1,0,2,0.0,0,SC,DEU,Online TA,TA/TO,0,0,0,A,D,0,No Deposit,9.0,0,Transient,160.0,0,1
City Hotel,0,152,2017,July,31,31,2,5,2,0.0,0,BB,ESP,Online TA,TA/TO,0,0,0,D,D,0,No Deposit,9.0,0,Transient,139.5,0,0
City Hotel,0,146,2017,August,31,1,1,5,2,0.0,0,BB,CHE,Offline TA/TO,TA/TO,0,0,0,D,D,0,No Deposit,22.0,0,Transient,84.15,0,0
City Hotel,0,20,2017,August,31,3,1,3,2,0.0,0,SC,GBR,Online TA,TA/TO,0,0,0,A,A,0,No Deposit,7.0,0,Transient,121.6,0,1
City Hotel,0,93,2017,August,31,4,1,2,2,0.0,0,SC,IRL,Online TA,TA/TO,0,0,0,A,A,0,No Deposit,9.0,0,Transient,125.0,0,1
City Hotel,0,65,2017,August,31,4,1,2,2,0.0,0,SC,NLD,Online TA,TA/TO,0,0,0,A,A,0,No Deposit,9.0,0,Transient,130.0,0,1
City Hotel,0,152,2017,August,31,4,1,2,2,0.0,0,BB,NLD,Direct,Direct,0,0,0,A,A,0,No Deposit,14.0,0,Transient-Party,112.5,0,1
City Hotel,0,152,2017,August,31,4,1,2,2,0.0,0,BB,NLD,Direct,Direct,0,0,0,A,A,0,No Deposit,14.0,0,Transient-Party,112.5,0,1
City Hotel,0,181,2017,July,31,31,2,5,2,0.0,0,SC,GBR,Offline TA/TO,TA/TO,0,0,0,A,A,0,No Deposit,168.0,0,Transient,71.1,0,1
City Hotel,0,143,2017,July,31,31,2,5,2,0.0,0,BB,ITA,Online TA,TA/TO,0,0,0,D,D,0,No Deposit,9.0,0,Transient,139.5,0,1
City Hotel,0,104,2017,August,31,3,1,3,2,0.0,0,SC,BRA,Online TA,TA/TO,0,0,0,A,A,0,No Deposit,9.0,0,Transient,125.0,0,1
City Hotel,0,143,2017,July,31,31,2,5,2,0.0,0,BB,ITA,Online TA,TA/TO,0,0,0,D,D,0,No Deposit,9.0,0,Transient,139.5,0,0
City Hotel,0,259,2017,August,31,4,1,2,2,0.0,0,SC,IRL,Online TA,TA/TO,0,0,0,A,A,0,No Deposit,9.0,0,Transient,89.1,0,1
City Hotel,0,23,2017,August,31,3,1,3,2,0.0,0,SC,RUS,Online TA,TA/TO,0,0,0,A,A,1,No Deposit,9.0,0,Transient,147.0,0,1
City Hotel,0,259,2017,August,31,4,1,2,2,0.0,0,SC,IRL,Online TA,TA/TO,0,0,0,A,A,0,No Deposit,9.0,0,Transient,89.1,0,1
City Hotel,0,213,2017,August,31,4,1,2,2,0.0,0,BB,BEL,Online TA,TA/TO,0,0,0,D,A,0,No Deposit,9.0,0,Transient,180.0,0,3
City Hotel,0,174,2017,July,31,31,2,5,2,0.0,0,BB,GBR,Offline TA/TO,TA/TO,0,0,0,A,A,0,No Deposit,28.0,0,Transient,80.1,0,0
City Hotel,0,151,2017,August,31,4,1,2,2,0.0,0,SC,IRL,Online TA,TA/TO,0,0,0,A,A,0,No Deposit,9.0,0,Transient-Party,125.0,0,0
City Hotel,0,198,2017,August,31,2,1,4,2,0.0,0,BB,GBR,Offline TA/TO,TA/TO,0,0,0,E,E,0,No Deposit,28.0,0,Transient,103.5,0,1
City Hotel,0,259,2017,August,31,4,1,2,2,0.0,0,SC,IRL,Online TA,TA/TO,0,0,0,A,A,0,No Deposit,9.0,0,Transient,89.1,0,1
City Hotel,0,259,2017,August,31,4,1,2,2,0.0,0,SC,IRL,Online TA,TA/TO,0,0,0,A,A,0,No Deposit,9.0,0,Transient,89.1,0,1
City Hotel,0,94,2017,August,31,4,1,2,2,0.0,0,SC,IRL,Online TA,TA/TO,0,0,0,A,A,0,No Deposit,8.0,0,Transient,125.0,0,1
City Hotel,0,259,2017,August,31,4,1,2,2,0.0,0,SC,IRL,Online TA,TA/TO,0,0,0,A,A,0,No Deposit,9.0,0,Transient,89.1,0,1
City Hotel,0,259,2017,August,31,4,1,2,2,0.0,0,SC,IRL,Online TA,TA/TO,0,0,0,A,A,0,No Deposit,9.0,0,Transient,89.1,0,1
City Hotel,0,259,2017,August,31,4,1,2,2,0.0,0,SC,IRL,Online TA,TA/TO,0,0,0,A,A,0,No Deposit,9.0,0,Transient,89.1,0,1
City Hotel,0,217,2017,August,31,4,1,2,2,0.0,0,BB,BEL,Online TA,TA/TO,0,0,0,A,A,0,No Deposit,9.0,0,Transient,130.5,0,0
City Hotel,0,217,2017,August,31,4,1,2,2,0.0,0,BB,BEL,Online TA,TA/TO,0,0,0,D,D,0,No Deposit,9.0,0,Transient,180.0,0,0
City Hotel,0,151,2017,August,31,4,1,2,2,0.0,0,SC,IRL,Online TA,TA/TO,0,0,0,A,A,0,No Deposit,9.0,0,Transient-Party,125.0,0,0
City Hotel,0,46,2017,August,31,4,1,2,2,0.0,0,BB,BEL,Online TA,TA/TO,0,0,0,A,A,0,No Deposit,9.0,0,Transient,160.0,0,1
City Hotel,0,128,2017,August,32,7,1,0,2,0.0,0,SC,AUS,Online TA,TA/TO,0,0,0,A,A,0,No Deposit,7.0,0,Transient,90.0,0,1
City Hotel,0,1,2017,August,32,7,1,0,2,0.0,0,SC,PRT,Direct,Direct,0,0,0,A,A,0,No Deposit,14.0,0,Transient,160.0,0,0
City Hotel,0,92,2017,August,31,2,2,4,2,0.0,0,SC,GBR,Online TA,TA/TO,0,0,0,A,A,0,No Deposit,9.0,0,Transient-Party,125.0,0,2
City Hotel,0,92,2017,August,31,2,2,4,2,0.0,0,SC,GBR,Online TA,TA/TO,0,0,0,A,A,0,No Deposit,9.0,0,Transient-Party,125.0,0,2
City Hotel,0,146,2017,August,31,4,2,2,2,0.0,0,BB,BRA,Offline TA/TO,TA/TO,0,0,0,A,A,0,No Deposit,52.0,0,Transient,80.1,0,1
City Hotel,0,57,2017,August,31,2,2,4,2,0.0,0,BB,FRA,Direct,Direct,0,0,0,A,A,0,No Deposit,14.0,0,Transient,126.0,0,0
City Hotel,0,71,2017,August,31,3,2,3,2,0.0,0,SC,NLD,Online TA,TA/TO,0,0,0,A,A,0,No Deposit,9.0,0,Transient,130.0,0,1
City Hotel,0,0,2017,August,32,7,1,0,2,0.0,0,BB,PRT,Direct,Direct,0,0,0,A,A,2,No Deposit,,0,Transient,135.0,0,0
City Hotel,0,81,2017,August,31,3,2,3,2,0.0,0,SC,FRA,Online TA,TA/TO,0,0,0,A,A,0,No Deposit,9.0,0,Transient,125.0,0,1
City Hotel,0,167,2017,August,31,4,2,2,2,0.0,0,BB,DEU,Online TA,TA/TO,0,0,0,E,E,0,No Deposit,9.0,0,Transient,166.5,0,0
City Hotel,0,167,2017,August,31,4,2,2,2,0.0,0,BB,DEU,Online TA,TA/TO,0,0,0,E,E,0,No Deposit,9.0,0,Transient,166.5,0,0
City Hotel,0,0,2017,August,32,7,1,0,2,0.0,0,BB,ITA,Online TA,TA/TO,0,0,0,A,A,0,No Deposit,9.0,0,Transient,160.0,0,1
City Hotel,0,73,2017,August,31,3,2,3,2,0.0,0,BB,BRA,Online TA,TA/TO,0,0,0,A,A,0,No Deposit,86.0,0,Transient,161.0,0,0
City Hotel,0,24,2017,August,31,1,2,5,2,0.0,0,BB,GBR,Direct,Direct,0,0,0,A,A,1,No Deposit,14.0,0,Transient,148.29,0,0
City Hotel,0,57,2017,August,31,2,2,4,2,0.0,0,HB,ESP,Direct,Direct,0,0,0,A,A,1,No Deposit,14.0,0,Transient,162.0,0,0
City Hotel,0,80,2017,August,31,3,2,3,2,0.0,0,BB,FRA,Online TA,TA/TO,0,0,0,A,A,0,No Deposit,9.0,0,Transient,145.0,0,1
City Hotel,0,127,2017,August,31,1,2,5,2,0.0,0,SC,BRA,Offline TA/TO,TA/TO,0,0,0,A,A,0,No Deposit,138.0,0,Transient,71.1,0,0
City Hotel,0,63,2017,August,31,1,2,5,2,0.0,0,SC,FRA,Online TA,TA/TO,0,0,0,A,A,0,No Deposit,9.0,0,Transient,130.0,0,2
City Hotel,0,47,2017,August,31,3,2,3,2,0.0,0,BB,IRL,Direct,Direct,0,0,0,A,A,0,No Deposit,14.0,0,Transient,126.0,0,0
City Hotel,0,122,2017,August,31,5,2,1,2,0.0,0,BB,USA,Offline TA/TO,TA/TO,0,0,0,A,A,0,No Deposit,42.0,0,Transient,80.1,0,0
City Hotel,0,0,2017,August,32,7,1,0,2,0.0,0,BB,USA,Direct,Direct,0,0,0,D,D,0,No Deposit,,0,Transient,160.0,0,0
City Hotel,0,100,2017,August,31,1,2,5,2,0.0,0,SC,NOR,Online TA,TA/TO,0,0,0,A,A,0,No Deposit,9.0,0,Transient-Party,125.0,0,0
City Hotel,0,146,2017,August,31,4,2,2,2,0.0,0,BB,BRA,Offline TA/TO,TA/TO,0,0,0,A,A,0,No Deposit,52.0,0,Transient,80.1,0,1
City Hotel,0,120,2017,August,31,3,2,3,2,0.0,0,BB,USA,Offline TA/TO,TA/TO,0,0,0,A,A,0,No Deposit,42.0,0,Transient,80.1,0,0
City Hotel,0,100,2017,August,31,1,2,5,2,0.0,0,SC,NOR,Online TA,TA/TO,0,0,0,A,A,0,No Deposit,9.0,0,Transient-Party,125.0,0,0
City Hotel,0,125,2017,August,31,1,2,5,2,0.0,0,BB,BEL,Offline TA/TO,TA/TO,0,0,0,A,A,0,No Deposit,27.0,0,Transient,80.1,0,1
City Hotel,0,0,2017,August,32,7,1,0,2,0.0,0,BB,USA,Direct,Direct,0,0,0,D,D,0,No Deposit,,0,Transient,160.0,0,0
City Hotel,0,62,2017,August,31,4,2,2,2,0.0,0,SC,FRA,Online TA,TA/TO,0,0,0,A,A,0,No Deposit,9.0,0,Transient,140.0,0,2
City Hotel,0,0,2017,August,32,7,1,0,2,0.0,0,SC,BRA,Online TA,TA/TO,0,0,0,A,E,0,No Deposit,152.0,0,Transient,87.82,0,0
City Hotel,0,95,2017,August,31,1,2,5,2,0.0,0,SC,DEU,Offline TA/TO,TA/TO,0,0,0,A,A,0,No Deposit,16.0,0,Transient,79.0,0,0
City Hotel,0,0,2017,August,32,8,0,0,2,0.0,0,BB,PRT,Offline TA/TO,TA/TO,1,0,0,A,A,0,No Deposit,262.0,0,Transient,0.0,0,0
City Hotel,0,176,2017,August,32,7,1,1,2,0.0,0,SC,CHE,Online TA,TA/TO,0,0,0,A,A,0,No Deposit,9.0,0,Transient,112.5,0,0
City Hotel,0,139,2017,August,31,4,2,3,2,0.0,0,BB,IRL,Online TA,TA/TO,0,0,0,D,D,0,No Deposit,9.0,0,Transient,139.5,0,1
City Hotel,0,69,2017,August,31,5,2,2,2,0.0,0,BB,IRL,Online TA,TA/TO,0,0,0,A,A,1,No Deposit,83.0,0,Transient,114.8,0,0
City Hotel,0,81,2017,August,32,7,1,1,2,0.0,0,HB,ESP,Online TA,TA/TO,0,0,0,A,A,0,No Deposit,9.0,0,Transient,197.0,0,1
City Hotel,0,5,2017,August,32,7,1,1,2,0.0,0,BB,CN,Online TA,TA/TO,0,0,0,D,E,0,No Deposit,9.0,0,Transient,190.0,0,2
City Hotel,0,71,2017,August,32,6,2,1,2,0.0,0,BB,GBR,Online TA,TA/TO,0,0,0,A,A,0,No Deposit,9.0,0,Transient-Party,150.0,0,3
City Hotel,0,148,2017,August,32,6,2,1,2,0.0,0,BB,FRA,Direct,Direct,0,0,0,A,D,0,No Deposit,14.0,0,Transient,121.5,0,0
City Hotel,0,125,2017,July,31,31,3,6,2,0.0,0,HB,ITA,Online TA,TA/TO,0,0,0,D,D,0,No Deposit,9.0,0,Transient,193.0,0,0
City Hotel,0,209,2017,August,32,7,1,1,2,0.0,0,BB,GBR,Online TA,TA/TO,0,0,0,D,D,0,No Deposit,7.0,0,Transient,110.88,0,1
City Hotel,0,174,2017,August,31,5,2,2,2,0.0,0,BB,NLD,Online TA,TA/TO,0,0,0,A,A,0,No Deposit,9.0,0,Transient,130.5,0,1
City Hotel,0,250,2017,August,31,4,2,3,2,0.0,0,BB,ITA,Online TA,TA/TO,0,0,0,A,A,0,No Deposit,9.0,0,Transient,107.1,0,1
City Hotel,0,63,2017,August,32,7,1,1,2,0.0,0,SC,PRT,Online TA,TA/TO,0,0,0,A,A,0,No Deposit,9.0,0,Transient,140.0,0,2
City Hotel,0,162,2017,August,32,6,2,1,2,0.0,0,BB,AUT,Offline TA/TO,TA/TO,0,0,0,A,A,0,No Deposit,27.0,0,Transient,80.1,0,1
City Hotel,0,162,2017,August,32,6,2,1,2,0.0,0,BB,AUT,Offline TA/TO,TA/TO,0,0,0,A,A,0,No Deposit,27.0,0,Transient,80.1,0,1
City Hotel,0,202,2017,August,32,6,2,1,2,0.0,0,BB,GBR,Online TA,TA/TO,0,0,0,A,A,0,No Deposit,9.0,0,Transient,139.5,1,0
City Hotel,0,94,2017,August,32,7,1,1,2,0.0,0,SC,PRT,Online TA,TA/TO,0,0,0,A,A,0,No Deposit,9.0,0,Transient,125.0,0,1
City Hotel,0,169,2017,August,32,7,1,1,2,0.0,0,SC,ARG,Online TA,TA/TO,0,0,0,A,A,0,No Deposit,9.0,0,Transient,112.5,0,0
City Hotel,0,142,2017,August,31,5,2,2,2,0.0,0,BB,GBR,Offline TA/TO,TA/TO,0,0,0,A,A,0,No Deposit,138.0,0,Transient,80.1,0,1
City Hotel,0,174,2017,August,31,5,2,2,2,0.0,0,BB,NLD,Online TA,TA/TO,0,0,0,A,A,0,No Deposit,9.0,0,Transient,130.5,0,1
City Hotel,0,43,2017,August,32,7,1,1,2,0.0,0,BB,CHE,Online TA,TA/TO,0,0,0,A,A,0,No Deposit,9.0,0,Transient,160.0,0,1
City Hotel,0,209,2017,August,32,6,2,1,2,0.0,0,BB,DEU,Online TA,TA/TO,0,0,0,A,A,0,No Deposit,9.0,0,Transient-Party,130.5,0,1
City Hotel,0,209,2017,August,32,6,2,1,2,0.0,0,BB,DEU,Online TA,TA/TO,0,0,0,A,A,0,No Deposit,9.0,0,Transient-Party,130.5,0,1
City Hotel,0,158,2017,July,31,31,3,6,2,0.0,0,BB,BEL,Direct,Direct,0,0,0,A,A,0,No Deposit,,0,Transient-Party,112.5,0,1
City Hotel,0,0,2017,August,32,8,0,1,2,0.0,0,SC,NLD,Online TA,TA/TO,0,0,0,A,A,0,No Deposit,9.0,0,Transient,169.0,0,1
City Hotel,0,263,2017,August,32,8,0,1,2,0.0,0,BB,BEL,Online TA,TA/TO,0,0,0,A,A,0,No Deposit,9.0,0,Transient,107.1,0,2
City Hotel,0,263,2017,August,32,8,0,1,2,0.0,0,BB,BEL,Online TA,TA/TO,0,0,0,A,A,0,No Deposit,9.0,0,Transient,107.1,0,2
City Hotel,0,53,2017,August,32,6,2,1,2,0.0,0,BB,ESP,Direct,Direct,0,0,0,A,A,0,No Deposit,14.0,0,Transient,132.0,0,1
City Hotel,0,193,2017,August,31,5,2,2,2,0.0,0,BB,ESP,Online TA,TA/TO,0,0,0,D,D,0,No Deposit,9.0,0,Transient,148.5,0,2
City Hotel,0,291,2017,August,31,2,2,5,2,0.0,0,BB,FRA,Online TA,TA/TO,0,0,0,B,B,0,No Deposit,9.0,0,Transient-Party,101.08,0,1
City Hotel,0,291,2017,August,31,2,2,5,2,0.0,0,BB,FRA,Online TA,TA/TO,0,0,0,B,B,1,No Deposit,9.0,0,Transient-Party,101.08,0,1
City Hotel,0,291,2017,August,31,2,2,5,2,0.0,0,BB,FRA,Online TA,TA/TO,0,0,0,A,A,1,No Deposit,9.0,0,Transient,107.1,0,1
City Hotel,0,271,2017,August,31,2,2,5,2,0.0,0,BB,FRA,Online TA,TA/TO,0,0,0,A,A,0,No Deposit,9.0,0,Transient,107.1,0,1
City Hotel,0,77,2017,August,31,2,2,5,2,0.0,0,BB,BEL,Offline TA/TO,TA/TO,0,0,0,D,D,0,No Deposit,394.0,0,Transient,89.1,0,0
City Hotel,0,2,2017,August,31,5,2,2,2,0.0,0,SC,AUT,Online TA,TA/TO,0,0,0,A,A,0,No Deposit,7.0,0,Transient,128.0,0,1
City Hotel,0,142,2017,August,31,5,2,2,2,0.0,0,BB,FRA,Online TA,TA/TO,0,0,0,A,A,0,No Deposit,9.0,0,Transient,137.75,0,1
City Hotel,0,13,2017,August,32,6,2,1,2,0.0,0,BB,DEU,Online TA,TA/TO,0,0,0,A,A,0,No Deposit,9.0,0,Transient,180.0,0,0
City Hotel,0,13,2017,August,32,6,2,1,2,0.0,0,BB,DEU,Online TA,TA/TO,0,0,0,A,A,0,No Deposit,9.0,0,Transient,186.0,0,0
City Hotel,0,135,2017,August,31,3,2,4,2,0.0,0,BB,FRA,Offline TA/TO,TA/TO,0,0,0,A,A,0,No Deposit,138.0,0,Transient,80.1,0,1
City Hotel,0,119,2017,August,32,6,2,1,2,0.0,0,BB,CHE,Online TA,TA/TO,0,0,0,D,D,0,No Deposit,7.0,0,Transient,124.0,0,1
City Hotel,0,135,2017,August,31,3,2,4,2,0.0,0,BB,FRA,Offline TA/TO,TA/TO,0,0,0,A,A,0,No Deposit,138.0,0,Transient,80.1,0,1
City Hotel,0,64,2017,August,32,6,2,1,2,0.0,0,SC,ESP,Online TA,TA/TO,0,0,0,A,A,0,No Deposit,9.0,0,Transient,149.0,0,1
City Hotel,0,162,2017,August,32,7,1,1,2,0.0,0,BB,ESP,Direct,Direct,0,0,0,A,A,0,No Deposit,14.0,0,Transient,121.5,1,1
City Hotel,0,176,2017,August,31,2,2,5,2,0.0,0,BB,DEU,Offline TA/TO,TA/TO,0,0,0,A,A,0,No Deposit,42.0,0,Transient,80.1,0,0
City Hotel,0,179,2017,August,31,2,2,5,2,0.0,0,BB,DEU,Offline TA/TO,TA/TO,0,0,0,A,A,0,No Deposit,42.0,0,Transient,80.1,0,1
City Hotel,0,45,2017,August,32,7,1,1,2,0.0,0,SC,CHE,Online TA,TA/TO,0,0,0,A,A,0,No Deposit,9.0,0,Transient,140.0,0,1
City Hotel,0,0,2017,August,32,8,0,1,2,0.0,0,SC,ESP,Online TA,TA/TO,0,0,0,A,A,0,No Deposit,9.0,0,Transient,169.0,0,2
City Hotel,0,165,2017,August,32,6,2,1,2,0.0,0,BB,RUS,Online TA,TA/TO,0,0,0,A,A,0,No Deposit,9.0,0,Transient,130.5,0,1
City Hotel,0,40,2017,August,32,6,2,1,2,0.0,0,SC,DEU,Online TA,TA/TO,0,0,0,A,A,0,No Deposit,9.0,0,Transient,140.0,0,2
City Hotel,0,21,2017,August,32,7,1,1,2,0.0,0,BB,NOR,Online TA,TA/TO,0,0,0,A,A,0,No Deposit,9.0,0,Transient,180.0,0,2
City Hotel,0,71,2017,August,32,6,2,1,2,0.0,0,BB,GBR,Online TA,TA/TO,0,0,0,A,A,0,No Deposit,9.0,0,Transient-Party,150.0,0,3
City Hotel,0,286,2017,August,32,8,0,1,2,0.0,0,SC,AUS,Online TA,TA/TO,0,0,0,A,K,0,No Deposit,9.0,0,Transient,89.1,0,2
City Hotel,0,82,2017,August,31,3,2,4,2,0.0,0,BB,IRL,Direct,Direct,0,0,0,A,A,0,No Deposit,14.0,0,Transient,112.5,0,3
City Hotel,0,120,2017,August,31,4,2,4,2,0.0,0,BB,LUX,Direct,Direct,0,0,0,D,D,0,No Deposit,14.0,0,Transient,135.0,0,0
City Hotel,0,130,2017,August,32,7,1,2,2,0.0,0,BB,GBR,Offline TA/TO,TA/TO,0,0,0,D,D,0,No Deposit,85.0,0,Transient,89.1,0,2
City Hotel,0,76,2017,August,32,6,2,2,2,0.0,0,SC,GBR,Online TA,TA/TO,0,0,0,A,A,0,No Deposit,7.0,0,Transient,98.8,0,1
City Hotel,0,45,2017,August,31,2,2,6,2,0.0,0,SC,FRA,Online TA,TA/TO,0,0,0,A,A,0,No Deposit,9.0,0,Transient,140.0,0,1
City Hotel,0,2,2017,August,32,9,0,1,2,0.0,0,BB,PRT,Online TA,TA/TO,0,0,0,A,A,0,No Deposit,9.0,0,Transient,180.0,0,1
City Hotel,0,0,2017,August,32,9,0,1,2,0.0,0,SC,FRA,Online TA,TA/TO,0,0,0,A,D,0,No Deposit,152.0,0,Transient,118.08,0,0
City Hotel,0,77,2017,August,32,7,1,2,2,0.0,0,BB,ESP,Online TA,TA/TO,0,0,0,A,A,0,No Deposit,9.0,0,Transient,150.0,0,1
City Hotel,0,181,2017,August,32,6,2,2,2,0.0,0,BB,IRL,Online TA,TA/TO,0,0,0,A,A,2,No Deposit,9.0,0,Transient,117.0,0,0
City Hotel,0,148,2017,August,32,7,1,2,2,0.0,0,SC,FRA,Online TA,TA/TO,0,0,0,A,A,0,No Deposit,9.0,0,Transient,125.0,0,0
City Hotel,0,3,2017,August,32,9,0,1,2,0.0,0,BB,PRT,Online TA,TA/TO,0,0,0,A,A,0,No Deposit,9.0,0,Transient,189.0,1,1
City Hotel,0,149,2017,August,31,3,2,5,2,0.0,0,BB,SWE,Offline TA/TO,TA/TO,0,0,0,A,A,0,No Deposit,138.0,0,Transient,80.1,0,1
City Hotel,0,125,2017,August,32,6,2,2,2,0.0,0,BB,FRA,Online TA,TA/TO,0,0,0,D,D,0,No Deposit,85.0,0,Transient,111.6,0,0
City Hotel,0,103,2017,August,32,6,2,2,2,0.0,0,SC,ISR,Online TA,TA/TO,0,0,0,A,A,0,No Deposit,7.0,0,Transient,99.5,0,1
City Hotel,0,153,2017,August,32,9,0,1,2,0.0,0,BB,SWE,Online TA,TA/TO,0,0,0,A,A,0,No Deposit,9.0,0,Transient,130.5,0,0
City Hotel,0,22,2017,August,32,9,0,1,2,0.0,0,SC,PRT,Online TA,TA/TO,0,0,0,A,A,0,No Deposit,9.0,0,Transient,160.0,0,0
City Hotel,0,184,2017,August,32,8,0,2,2,0.0,0,BB,FRA,Online TA,TA/TO,0,0,0,A,A,1,No Deposit,9.0,0,Transient,141.5,0,0
City Hotel,0,108,2017,August,32,6,2,2,2,0.0,0,HB,ESP,Online TA,TA/TO,0,0,0,A,A,0,No Deposit,9.0,0,Transient,183.0,0,1
City Hotel,0,108,2017,August,32,6,2,2,2,0.0,0,HB,ESP,Online TA,TA/TO,0,0,0,A,A,0,No Deposit,9.0,0,Transient,183.0,0,1
City Hotel,0,73,2017,August,31,2,2,6,2,0.0,0,BB,DEU,Direct,Direct,0,0,0,A,A,0,No Deposit,14.0,0,Transient,145.0,0,0
City Hotel,0,190,2017,August,32,6,2,2,2,0.0,0,BB,USA,Direct,Direct,0,0,0,A,D,2,No Deposit,14.0,0,Transient,112.5,0,3
City Hotel,0,111,2017,August,32,7,1,2,2,0.0,0,BB,FRA,Online TA,TA/TO,0,0,0,D,D,0,No Deposit,9.0,0,Transient,155.0,0,3
City Hotel,0,111,2017,August,32,7,1,2,2,0.0,0,BB,PRT,Online TA,TA/TO,0,0,0,D,D,0,No Deposit,9.0,0,Transient,164.0,0,3
City Hotel,0,107,2017,August,32,7,1,2,2,0.0,0,BB,FRA,Online TA,TA/TO,0,0,0,D,D,0,No Deposit,9.0,0,Transient,155.0,0,2
City Hotel,0,6,2017,August,32,7,1,2,2,0.0,0,SC,PRT,Online TA,TA/TO,0,0,0,A,A,0,No Deposit,9.0,0,Transient,160.0,0,2
City Hotel,0,3,2017,August,32,7,1,2,2,0.0,0,SC,PRT,Online TA,TA/TO,0,0,0,A,A,0,No Deposit,9.0,0,Transient,169.0,0,0
City Hotel,0,87,2017,August,31,3,2,5,2,0.0,0,SC,SWE,Online TA,TA/TO,0,0,0,A,A,0,No Deposit,9.0,0,Transient,133.29,0,1
City Hotel,0,174,2017,August,32,7,1,2,2,0.0,0,BB,NLD,Online TA,TA/TO,0,0,0,D,D,0,No Deposit,9.0,0,Transient,139.5,0,1
City Hotel,0,72,2017,August,31,3,2,5,2,0.0,0,BB,FIN,Online TA,TA/TO,0,0,0,A,A,0,No Deposit,7.0,0,Transient,120.0,0,1
City Hotel,0,66,2017,August,32,7,1,2,2,0.0,0,BB,NLD,Online TA,TA/TO,0,0,0,D,D,0,No Deposit,85.0,0,Transient,98.1,0,0
City Hotel,0,308,2017,July,30,25,4,12,2,0.0,0,BB,DEU,Online TA,TA/TO,0,0,0,A,A,0,No Deposit,9.0,0,Transient,107.1,0,1
City Hotel,0,308,2017,July,30,25,4,12,2,0.0,0,BB,DEU,Online TA,TA/TO,0,0,0,A,A,0,No Deposit,9.0,0,Transient,107.1,0,1
City Hotel,0,143,2017,August,31,5,2,3,2,0.0,0,BB,FRA,Direct,Direct,0,0,0,A,A,2,No Deposit,14.0,0,Transient,125.62,0,2
City Hotel,0,174,2017,August,32,7,1,2,2,0.0,0,BB,NLD,Online TA,TA/TO,0,0,0,D,D,0,No Deposit,9.0,0,Transient,139.5,0,1
City Hotel,0,7,2017,August,32,9,0,1,2,0.0,0,SC,PRT,Online TA,TA/TO,0,0,0,A,A,0,No Deposit,9.0,0,Transient,160.0,0,1
City Hotel,0,1,2017,August,31,3,2,5,2,0.0,0,BB,DNK,Direct,Direct,0,0,0,D,D,0,No Deposit,14.0,0,Transient,168.43,0,0
City Hotel,0,107,2017,August,31,5,2,3,2,0.0,0,BB,FRA,Online TA,TA/TO,0,0,0,E,E,0,No Deposit,425.0,0,Transient,151.7,0,0
City Hotel,0,0,2017,August,32,6,2,2,2,0.0,0,BB,PRT,Direct,Direct,0,0,0,A,A,4,No Deposit,,0,Transient,160.0,0,0
City Hotel,0,169,2017,August,32,8,0,3,2,0.0,0,BB,GBR,Online TA,TA/TO,0,0,0,A,A,2,No Deposit,9.0,0,Transient-Party,130.5,0,0
City Hotel,0,137,2017,August,31,5,2,4,2,0.0,0,SC,ESP,Offline TA/TO,TA/TO,0,0,0,A,A,0,No Deposit,168.0,0,Transient,71.1,0,0
City Hotel,0,194,2017,August,32,8,0,3,2,0.0,0,BB,BEL,Online TA,TA/TO,0,0,0,A,A,2,No Deposit,9.0,0,Transient,140.33,0,1
City Hotel,0,306,2017,August,32,7,1,3,2,0.0,0,HB,BEL,Direct,Direct,0,0,0,B,A,2,No Deposit,14.0,0,Transient-Party,122.9,0,0
City Hotel,0,208,2017,August,32,6,2,3,2,0.0,0,SC,GBR,Offline TA/TO,TA/TO,0,0,0,A,A,0,No Deposit,132.0,0,Transient,67.15,0,1
City Hotel,0,208,2017,August,32,6,2,3,2,0.0,0,SC,GBR,Offline TA/TO,TA/TO,0,0,0,A,A,0,No Deposit,132.0,0,Transient,67.15,0,1
City Hotel,0,113,2017,August,32,6,2,3,2,0.0,0,BB,ESP,Direct,Direct,0,0,0,B,A,1,No Deposit,14.0,0,Transient-Party,112.4,0,0
City Hotel,0,142,2017,August,31,5,2,4,2,0.0,0,BB,ROU,Online TA,TA/TO,0,0,0,D,D,0,No Deposit,9.0,0,Transient,139.5,0,1
City Hotel,0,0,2017,August,32,10,0,1,2,0.0,0,BB,PRT,Direct,Direct,0,0,0,A,A,0,No Deposit,,0,Transient,150.0,0,0
City Hotel,0,177,2017,August,31,4,2,5,2,0.0,0,BB,FRA,Direct,Direct,0,0,0,A,A,0,No Deposit,14.0,0,Transient,112.5,0,2
City Hotel,0,0,2017,August,32,10,0,1,2,0.0,0,BB,PRT,Direct,Direct,0,0,0,D,D,0,No Deposit,,0,Transient,180.0,0,0
City Hotel,0,92,2017,August,32,6,2,3,2,0.0,0,HB,FRA,Online TA,TA/TO,0,0,0,A,A,0,No Deposit,9.0,0,Transient,183.0,0,1
City Hotel,0,255,2017,August,31,5,2,4,2,0.0,0,BB,BEL,Online TA,TA/TO,0,0,0,A,A,0,No Deposit,9.0,0,Transient,107.1,0,3
City Hotel,0,175,2017,August,32,8,0,3,2,0.0,0,BB,FRA,Online TA,TA/TO,0,0,0,D,D,0,No Deposit,9.0,0,Transient,148.5,0,0
City Hotel,0,126,2017,August,32,8,0,3,2,0.0,0,BB,PRT,Offline TA/TO,TA/TO,0,0,0,D,D,0,No Deposit,85.0,0,Transient,89.1,0,0
City Hotel,0,1,2017,August,32,8,0,3,2,0.0,0,SC,USA,Online TA,TA/TO,0,0,0,D,D,0,No Deposit,152.0,0,Transient,92.21,0,0
City Hotel,0,87,2017,August,32,10,0,1,2,0.0,0,SC,ESP,Online TA,TA/TO,0,0,0,A,E,0,No Deposit,9.0,0,Transient,134.0,0,1
City Hotel,0,183,2017,August,32,7,1,3,2,0.0,0,BB,FRA,Online TA,TA/TO,0,0,0,A,A,0,No Deposit,9.0,0,Transient,130.5,0,0
City Hotel,0,44,2017,August,32,9,0,2,2,0.0,0,SC,FRA,Online TA,TA/TO,0,0,0,A,A,0,No Deposit,9.0,0,Transient,140.0,0,1
City Hotel,0,197,2017,August,31,5,2,4,2,0.0,0,BB,PRT,Offline TA/TO,TA/TO,0,0,0,A,D,0,No Deposit,28.0,0,Transient,85.0,0,0
City Hotel,0,197,2017,August,31,5,2,4,2,0.0,0,BB,FRA,Offline TA/TO,TA/TO,0,0,0,A,D,0,No Deposit,28.0,0,Transient,85.0,0,0
City Hotel,0,153,2017,August,32,7,1,3,2,0.0,0,BB,GBR,Offline TA/TO,TA/TO,0,0,0,A,A,0,No Deposit,42.0,0,Transient,80.1,0,3
City Hotel,0,18,2017,August,32,7,1,3,2,0.0,0,BB,DNK,Online TA,TA/TO,0,0,0,A,A,0,No Deposit,9.0,0,Transient,180.0,0,2
City Hotel,0,127,2017,August,32,9,0,2,2,0.0,0,SC,FRA,Online TA,TA/TO,0,0,0,A,A,0,No Deposit,9.0,0,Transient,125.0,0,1
City Hotel,0,140,2017,August,32,7,1,3,2,0.0,0,BB,DEU,Offline TA/TO,TA/TO,0,0,0,A,A,0,No Deposit,27.0,0,Transient,80.1,0,0
City Hotel,0,140,2017,August,32,7,1,3,2,0.0,0,BB,DEU,Offline TA/TO,TA/TO,0,0,0,A,A,0,No Deposit,27.0,0,Transient,80.1,0,0
City Hotel,0,0,2017,August,32,9,0,2,2,0.0,0,SC,FRA,Online TA,TA/TO,0,0,0,A,B,0,No Deposit,9.0,0,Transient,170.0,0,2
City Hotel,0,1,2017,August,32,10,0,1,2,0.0,0,SC,USA,Direct,Direct,0,0,0,A,A,0,No Deposit,14.0,0,Transient,190.0,0,0
City Hotel,0,93,2017,August,32,9,0,3,2,0.0,0,BB,IRL,Online TA,TA/TO,0,0,0,D,D,0,No Deposit,9.0,0,Transient,155.0,0,2
City Hotel,0,312,2017,August,32,6,2,4,2,0.0,0,BB,AUS,Online TA,TA/TO,0,0,0,A,A,0,No Deposit,9.0,0,Transient,99.9,0,1
City Hotel,0,479,2017,August,32,9,0,3,2,0.0,0,BB,GBR,Offline TA/TO,TA/TO,0,0,0,A,A,0,No Deposit,229.0,0,Transient-Party,112.67,0,1
City Hotel,0,479,2017,August,32,9,0,3,2,0.0,0,BB,GBR,Offline TA/TO,TA/TO,0,0,0,A,A,0,No Deposit,229.0,0,Transient-Party,112.67,0,1
City Hotel,0,48,2017,August,32,9,0,3,2,0.0,0,BB,FRA,Online TA,TA/TO,0,0,0,D,D,0,No Deposit,9.0,0,Transient,170.0,0,2
City Hotel,0,479,2017,August,32,9,0,3,2,0.0,0,BB,GBR,Offline TA/TO,TA/TO,0,0,0,A,A,0,No Deposit,229.0,0,Transient-Party,112.67,0,2
City Hotel,0,479,2017,August,32,9,0,3,2,0.0,0,BB,PRT,Offline TA/TO,TA/TO,0,0,0,A,A,0,No Deposit,229.0,0,Transient-Party,112.67,0,1
City Hotel,0,479,2017,August,32,9,0,3,2,0.0,0,BB,GBR,Offline TA/TO,TA/TO,0,0,0,A,A,0,No Deposit,229.0,0,Transient-Party,112.67,0,1
City Hotel,0,478,2017,August,32,8,0,4,2,0.0,0,BB,AUS,Offline TA/TO,TA/TO,0,0,0,A,A,1,No Deposit,229.0,0,Transient-Party,107.0,0,1
City Hotel,0,114,2017,August,32,9,0,3,2,0.0,0,HB,ITA,Online TA,TA/TO,0,0,0,A,A,2,No Deposit,9.0,0,Transient,183.0,0,1
City Hotel,0,479,2017,August,32,9,0,3,2,0.0,0,BB,GBR,Offline TA/TO,TA/TO,0,0,0,A,A,0,No Deposit,229.0,0,Transient-Party,112.67,0,1
City Hotel,0,479,2017,August,32,9,0,3,2,0.0,0,BB,PRT,Offline TA/TO,TA/TO,0,0,0,A,A,0,No Deposit,229.0,0,Transient-Party,112.67,0,1
City Hotel,0,479,2017,August,32,9,0,3,2,0.0,0,BB,GBR,Offline TA/TO,TA/TO,0,0,0,A,A,0,No Deposit,229.0,0,Transient-Party,112.67,0,1
City Hotel,0,478,2017,August,32,8,0,4,2,0.0,0,BB,AUS,Offline TA/TO,TA/TO,0,0,0,A,A,1,No Deposit,229.0,0,Transient-Party,107.0,0,1
City Hotel,0,479,2017,August,32,9,0,3,2,0.0,0,BB,GBR,Offline TA/TO,TA/TO,0,0,0,A,A,0,No Deposit,229.0,0,Transient-Party,112.67,0,1
City Hotel,0,479,2017,August,32,9,0,3,2,0.0,0,BB,GBR,Offline TA/TO,TA/TO,0,0,0,A,D,0,No Deposit,229.0,0,Transient-Party,112.67,0,1
City Hotel,0,479,2017,August,32,9,0,3,2,0.0,0,BB,FRA,Offline TA/TO,TA/TO,0,0,0,A,A,0,No Deposit,229.0,0,Transient-Party,112.67,0,1
City Hotel,0,479,2017,August,32,9,0,3,2,0.0,0,BB,GBR,Offline TA/TO,TA/TO,0,0,0,A,A,0,No Deposit,229.0,0,Transient-Party,112.67,0,1
City Hotel,0,479,2017,August,32,9,0,3,2,0.0,0,BB,AUS,Offline TA/TO,TA/TO,0,0,0,A,A,0,No Deposit,229.0,0,Transient-Party,112.67,0,1
City Hotel,0,479,2017,August,32,9,0,3,2,0.0,0,BB,GBR,Offline TA/TO,TA/TO,0,0,0,A,A,0,No Deposit,229.0,0,Transient-Party,112.67,0,1
City Hotel,0,479,2017,August,32,9,0,3,2,0.0,0,BB,GBR,Offline TA/TO,TA/TO,0,0,0,A,A,0,No Deposit,229.0,0,Transient-Party,112.67,0,1
City Hotel,0,479,2017,August,32,9,0,3,2,0.0,0,BB,GBR,Offline TA/TO,TA/TO,0,0,0,A,A,0,No Deposit,229.0,0,Transient-Party,112.67,0,1
City Hotel,0,479,2017,August,32,9,0,3,2,0.0,0,BB,GBR,Offline TA/TO,TA/TO,0,0,0,A,A,0,No Deposit,229.0,0,Transient-Party,112.67,0,1
City Hotel,0,479,2017,August,32,9,0,3,2,0.0,0,BB,GBR,Offline TA/TO,TA/TO,0,0,0,A,A,0,No Deposit,229.0,0,Transient-Party,112.67,0,1
City Hotel,0,479,2017,August,32,9,0,3,2,0.0,0,BB,GBR,Offline TA/TO,TA/TO,0,0,0,A,A,0,No Deposit,229.0,0,Transient-Party,112.67,0,1
City Hotel,0,265,2017,August,32,10,0,2,2,0.0,0,BB,DEU,Online TA,TA/TO,0,0,0,A,A,0,No Deposit,9.0,0,Transient,107.1,0,2
City Hotel,0,265,2017,August,32,10,0,2,2,0.0,0,BB,DEU,Online TA,TA/TO,0,0,0,A,A,0,No Deposit,9.0,0,Transient,107.1,0,2
City Hotel,0,163,2017,August,32,9,0,3,2,0.0,0,BB,PRT,Online TA,TA/TO,0,0,0,A,A,0,No Deposit,9.0,0,Transient,130.5,0,0
City Hotel,0,143,2017,August,32,8,0,4,2,0.0,0,BB,GRC,Online TA,TA/TO,0,0,0,A,A,0,No Deposit,9.0,0,Transient,130.5,0,0
City Hotel,0,225,2017,August,32,9,0,3,2,0.0,0,BB,PRT,Online TA,TA/TO,0,0,0,A,A,0,No Deposit,9.0,0,Transient,139.5,1,0
City Hotel,0,183,2017,August,31,5,2,5,2,0.0,0,BB,ITA,Online TA,TA/TO,0,0,0,A,A,0,No Deposit,7.0,0,Transient,95.46,0,1
City Hotel,0,21,2017,August,32,8,0,4,2,0.0,0,BB,NLD,Online TA,TA/TO,0,0,0,D,D,0,No Deposit,9.0,0,Transient,190.0,0,1
City Hotel,0,161,2017,August,32,6,2,4,2,0.0,0,HB,FRA,Online TA,TA/TO,0,0,0,A,A,0,No Deposit,9.0,0,Transient,164.7,0,1
City Hotel,0,16,2017,August,32,9,0,3,2,0.0,0,BB,CN,Online TA,TA/TO,0,0,0,A,A,0,No Deposit,9.0,0,Transient,180.0,0,1
City Hotel,0,108,2017,August,31,5,2,5,2,0.0,0,SC,AUS,Online TA,TA/TO,0,0,0,A,A,0,No Deposit,9.0,0,Transient,125.0,0,1
City Hotel,0,14,2017,August,32,9,0,3,2,0.0,0,SC,PRT,Online TA,TA/TO,0,0,0,A,A,0,No Deposit,9.0,0,Transient,160.0,0,2
City Hotel,0,207,2017,August,32,10,0,2,2,0.0,0,SC,GBR,Online TA,TA/TO,0,0,0,A,A,0,No Deposit,9.0,0,Transient,112.5,0,2
City Hotel,0,0,2017,August,32,11,0,1,2,0.0,0,BB,PRT,Direct,Direct,0,0,0,D,D,0,No Deposit,,0,Transient,180.0,0,0
City Hotel,0,207,2017,August,32,10,0,2,2,0.0,0,SC,GBR,Online TA,TA/TO,0,0,0,A,A,0,No Deposit,9.0,0,Transient,112.5,0,2
City Hotel,0,277,2017,August,32,9,0,3,2,0.0,0,BB,GBR,Online TA,TA/TO,0,0,0,D,D,0,No Deposit,7.0,0,Transient,92.86,0,1
City Hotel,0,176,2017,August,32,9,0,3,2,0.0,0,BB,PRT,Offline TA/TO,TA/TO,0,0,0,A,A,0,No Deposit,168.0,0,Transient,80.1,0,0
City Hotel,0,155,2017,August,32,7,1,4,2,0.0,0,SC,FRA,Online TA,TA/TO,0,0,0,A,A,1,No Deposit,9.0,0,Transient,120.0,0,2
City Hotel,0,1,2017,August,32,11,0,1,2,0.0,0,BB,PRT,Direct,Direct,0,0,0,A,A,0,No Deposit,,0,Transient,75.0,0,3
City Hotel,0,203,2017,August,32,7,1,4,2,0.0,0,BB,BEL,Offline TA/TO,TA/TO,0,0,0,A,A,1,No Deposit,394.0,0,Transient,93.6,0,1
City Hotel,0,139,2017,August,31,5,2,5,2,0.0,0,SC,DNK,Online TA,TA/TO,0,0,0,A,A,0,No Deposit,9.0,0,Transient-Party,125.0,0,2
City Hotel,0,139,2017,August,31,5,2,5,2,0.0,0,SC,DNK,Online TA,TA/TO,0,0,0,A,A,0,No Deposit,9.0,0,Transient-Party,125.0,0,2
City Hotel,0,5,2017,August,32,10,0,2,2,0.0,0,BB,NLD,Online TA,TA/TO,0,0,0,A,A,0,No Deposit,9.0,0,Transient,180.0,0,1
City Hotel,0,144,2017,August,31,5,2,5,2,0.0,0,HB,BEL,Offline TA/TO,TA/TO,0,0,0,D,D,0,No Deposit,394.0,0,Transient,121.1,0,1
City Hotel,0,48,2017,August,32,7,1,4,2,0.0,0,HB,FRA,Online TA,TA/TO,0,0,0,A,A,0,No Deposit,9.0,0,Transient,198.0,0,1
City Hotel,0,2,2017,August,32,9,0,3,2,0.0,0,BB,LAO,Online TA,TA/TO,0,0,0,D,D,0,No Deposit,9.0,0,Transient,183.33,0,1
City Hotel,0,3,2017,August,32,10,0,2,2,0.0,0,BB,LAO,Online TA,TA/TO,0,0,0,D,D,0,No Deposit,9.0,0,Transient,180.0,0,1
City Hotel,0,109,2017,August,32,9,0,3,2,0.0,0,BB,PRT,Online TA,TA/TO,0,0,0,E,E,0,No Deposit,9.0,0,Transient,185.0,0,1
City Hotel,0,41,2017,August,32,7,1,4,2,0.0,0,BB,FRA,Online TA,TA/TO,0,0,0,A,A,0,No Deposit,9.0,0,Transient,160.0,0,1
City Hotel,0,181,2017,August,31,5,2,5,2,0.0,0,SC,PRT,Online TA,TA/TO,0,0,0,A,A,0,No Deposit,7.0,0,Transient,82.3,0,1
City Hotel,0,117,2017,August,32,11,0,1,2,0.0,0,SC,FRA,Online TA,TA/TO,0,0,0,A,A,2,No Deposit,9.0,0,Transient,145.0,0,2
City Hotel,0,4,2017,August,32,10,0,2,2,0.0,0,BB,PRT,Online TA,TA/TO,0,0,0,D,D,0,No Deposit,9.0,0,Transient,199.0,0,1
City Hotel,0,4,2017,August,32,9,0,3,2,0.0,0,BB,NOR,Online TA,TA/TO,0,0,0,D,D,0,No Deposit,7.0,0,Transient,152.0,0,1
City Hotel,0,0,2017,August,32,10,0,2,2,0.0,0,SC,ITA,Online TA,TA/TO,0,0,0,A,A,0,No Deposit,9.0,0,Transient,189.0,0,0
City Hotel,0,10,2017,August,32,11,0,1,2,0.0,0,BB,FRA,Online TA,TA/TO,0,0,0,A,A,0,No Deposit,9.0,0,Transient,189.0,0,0
City Hotel,0,48,2017,August,32,9,0,3,2,0.0,0,SC,FRA,Online TA,TA/TO,0,0,0,A,A,0,No Deposit,9.0,0,Transient,140.0,0,2
City Hotel,0,155,2017,August,32,7,1,4,2,0.0,0,BB,FRA,Online TA,TA/TO,0,0,0,D,D,1,No Deposit,9.0,0,Transient,139.5,0,2
City Hotel,0,9,2017,August,32,12,2,1,2,0.0,0,SC,FRA,Online TA,TA/TO,0,0,0,A,K,3,No Deposit,9.0,0,Transient-Party,0.0,0,0
City Hotel,0,0,2017,August,32,12,0,1,2,0.0,0,HB,FRA,Direct,Direct,1,0,0,D,D,1,No Deposit,14.0,0,Transient,240.0,0,2
City Hotel,0,9,2017,August,32,11,0,2,2,0.0,0,BB,BLR,Offline TA/TO,TA/TO,0,0,0,A,A,0,No Deposit,2.0,0,Transient,144.5,0,0
City Hotel,0,6,2017,August,32,10,0,3,2,0.0,0,SC,SWE,Online TA,TA/TO,0,0,0,A,A,0,No Deposit,9.0,0,Transient,166.67,0,2
City Hotel,0,173,2017,August,32,10,0,3,2,0.0,0,BB,NLD,Direct,Direct,0,0,0,A,A,0,No Deposit,14.0,0,Transient,112.5,0,0
City Hotel,0,3,2017,August,32,8,0,5,2,0.0,0,SC,SWE,Online TA,TA/TO,0,0,0,A,A,0,No Deposit,7.0,0,Transient,124.63,0,1
City Hotel,0,308,2017,August,32,7,1,5,2,0.0,0,SC,FRA,Online TA,TA/TO,0,0,0,A,A,0,No Deposit,9.0,0,Transient-Party,98.1,0,1
City Hotel,0,53,2017,August,32,11,0,2,2,0.0,0,BB,CHN,Online TA,TA/TO,0,0,0,A,A,0,No Deposit,9.0,0,Transient,160.0,0,2
City Hotel,0,296,2017,August,32,6,2,5,2,0.0,0,BB,CN,Offline TA/TO,TA/TO,0,0,0,A,A,0,No Deposit,262.0,0,Transient,80.1,0,0
City Hotel,0,308,2017,August,32,7,1,5,2,0.0,0,SC,FRA,Online TA,TA/TO,0,0,0,A,A,0,No Deposit,9.0,0,Transient-Party,89.1,0,1
City Hotel,0,125,2017,August,32,9,0,4,2,0.0,0,BB,USA,Direct,Direct,0,0,0,A,A,0,No Deposit,,0,Transient-Party,112.5,0,2
City Hotel,0,149,2017,August,32,9,0,4,2,0.0,0,BB,FRA,Online TA,TA/TO,0,0,0,A,A,0,No Deposit,9.0,0,Transient,130.5,0,0
City Hotel,0,127,2017,August,32,8,0,5,2,0.0,0,BB,IRL,Offline TA/TO,TA/TO,0,0,0,A,A,0,No Deposit,85.0,0,Transient,80.1,0,0
City Hotel,0,7,2017,August,32,10,0,3,2,0.0,0,BB,MAR,Online TA,TA/TO,0,0,0,A,A,0,No Deposit,9.0,0,Transient,195.67,0,2
City Hotel,0,7,2017,August,32,10,0,3,2,0.0,0,BB,MAR,Online TA,TA/TO,0,0,0,A,A,0,No Deposit,9.0,0,Transient,186.67,0,2
City Hotel,0,125,2017,August,32,9,0,4,2,0.0,0,BB,USA,Direct,Direct,0,0,0,A,A,0,No Deposit,,0,Transient-Party,112.5,0,2
City Hotel,0,101,2017,August,31,3,2,8,2,0.0,0,HB,FRA,Direct,Direct,0,0,0,A,A,1,No Deposit,14.0,0,Transient,157.5,0,2
City Hotel,0,202,2017,August,32,11,0,2,2,0.0,0,SC,FRA,Online TA,TA/TO,0,0,0,A,A,0,No Deposit,9.0,0,Transient,112.5,0,0
City Hotel,0,108,2017,August,32,8,0,5,2,0.0,0,HB,FRA,Online TA,TA/TO,0,0,0,A,A,0,No Deposit,9.0,0,Transient,192.0,0,0
City Hotel,0,202,2017,August,32,11,0,2,2,0.0,0,SC,FRA,Online TA,TA/TO,0,0,0,A,A,0,No Deposit,9.0,0,Transient,112.5,0,0
City Hotel,0,0,2017,August,32,11,0,2,2,0.0,0,BB,ITA,Online TA,TA/TO,0,0,0,D,D,0,No Deposit,9.0,0,Transient,209.0,0,0
City Hotel,0,175,2017,August,32,8,0,5,2,0.0,0,HB,ESP,Online TA,TA/TO,0,0,0,A,A,0,No Deposit,9.0,0,Transient,173.7,0,0
City Hotel,0,175,2017,August,32,8,0,5,2,0.0,0,HB,ESP,Online TA,TA/TO,0,0,0,A,A,0,No Deposit,9.0,0,Transient,164.7,0,0
City Hotel,0,286,2017,August,31,3,2,8,2,0.0,0,BB,DNK,Online TA,TA/TO,0,0,0,A,A,0,No Deposit,7.0,0,Transient,78.35,0,1
City Hotel,0,223,2017,August,32,11,0,2,2,0.0,0,BB,ESP,Online TA,TA/TO,0,0,0,A,A,0,No Deposit,9.0,0,Transient,139.5,0,1
City Hotel,0,122,2017,August,32,10,0,3,2,0.0,0,BB,IRL,Direct,Direct,0,0,0,A,A,0,No Deposit,14.0,0,Transient,112.5,0,1
City Hotel,0,160,2017,August,32,7,1,5,2,0.0,0,HB,ESP,Online TA,TA/TO,0,0,0,A,A,0,No Deposit,9.0,0,Transient,173.7,0,1
City Hotel,0,0,2017,August,32,11,0,2,2,0.0,0,BB,CHN,Online TA,TA/TO,0,0,0,D,D,0,No Deposit,9.0,0,Transient,240.0,0,1
City Hotel,0,171,2017,August,32,9,0,4,2,0.0,0,BB,NLD,Online TA,TA/TO,0,0,0,A,A,1,No Deposit,9.0,0,Transient,115.63,0,0
City Hotel,0,112,2017,August,32,10,0,3,2,0.0,0,BB,ESP,Online TA,TA/TO,0,0,0,D,D,0,No Deposit,9.0,0,Transient,155.0,0,0
City Hotel,0,20,2017,August,32,8,0,5,2,0.0,0,BB,FRA,Online TA,TA/TO,0,0,0,A,A,0,No Deposit,9.0,0,Transient,180.0,0,1
City Hotel,0,198,2017,August,32,11,0,2,2,0.0,0,BB,DEU,Offline TA/TO,TA/TO,0,0,0,A,A,0,No Deposit,16.0,0,Transient,80.1,0,0
City Hotel,0,198,2017,August,32,11,0,2,2,0.0,0,BB,DEU,Offline TA/TO,TA/TO,0,0,0,A,A,0,No Deposit,16.0,0,Transient,80.1,0,0
City Hotel,0,135,2017,August,32,10,0,3,2,0.0,0,BB,CHE,Online TA,TA/TO,0,0,0,D,D,0,No Deposit,9.0,0,Transient,155.0,0,1
City Hotel,0,163,2017,August,32,10,0,3,2,0.0,0,BB,DEU,Online TA,TA/TO,0,0,0,A,A,0,No Deposit,9.0,0,Transient,130.5,0,2
City Hotel,0,190,2017,August,32,7,1,5,2,0.0,0,BB,DEU,Online TA,TA/TO,0,0,0,D,D,0,No Deposit,9.0,0,Transient,139.5,0,0
City Hotel,0,144,2017,August,32,10,0,3,2,0.0,0,BB,PRT,Online TA,TA/TO,0,0,0,A,A,0,No Deposit,9.0,0,Transient,130.5,0,1
City Hotel,0,18,2017,August,32,10,0,3,2,0.0,0,BB,CN,Direct,Direct,0,0,0,A,A,0,No Deposit,14.0,0,Transient,140.8,0,2
City Hotel,0,144,2017,August,32,10,0,3,2,0.0,0,BB,PRT,Online TA,TA/TO,0,0,0,A,A,0,No Deposit,9.0,0,Transient,130.5,0,1
City Hotel,0,112,2017,August,32,10,0,3,2,0.0,0,BB,ESP,Online TA,TA/TO,0,0,0,D,D,0,No Deposit,9.0,0,Transient,155.0,0,0
City Hotel,0,42,2017,August,32,10,0,3,2,0.0,0,BB,GBR,Online TA,TA/TO,0,0,0,F,F,1,No Deposit,9.0,0,Transient,250.0,0,1
City Hotel,0,308,2017,August,32,7,1,5,2,0.0,0,SC,FRA,Online TA,TA/TO,0,0,0,A,K,0,No Deposit,9.0,0,Transient-Party,98.1,0,1
City Hotel,0,0,2017,August,33,14,0,0,2,0.0,0,BB,PRT,Direct,Direct,1,0,0,A,A,0,No Deposit,,0,Transient,0.0,0,0
City Hotel,0,87,2017,August,32,9,1,4,2,0.0,0,BB,FRA,Online TA,TA/TO,0,0,0,D,A,0,No Deposit,9.0,0,Transient,155.0,0,0
City Hotel,0,177,2017,August,32,10,1,3,2,0.0,0,SC,DEU,Online TA,TA/TO,0,0,0,A,A,0,No Deposit,8.0,0,Transient,112.5,0,0
City Hotel,0,280,2017,August,32,8,1,5,2,0.0,0,SC,LUX,Online TA,TA/TO,0,0,0,A,A,0,No Deposit,9.0,0,Transient,89.1,0,2
City Hotel,0,195,2017,August,32,11,1,2,2,0.0,0,SC,FRA,Offline TA/TO,TA/TO,0,0,0,A,A,0,No Deposit,52.0,0,Transient,80.1,0,0
City Hotel,0,22,2017,August,32,10,1,3,2,0.0,0,BB,FRA,Online TA,TA/TO,0,0,0,A,A,1,No Deposit,9.0,0,Transient,180.0,0,2
City Hotel,0,117,2017,August,32,12,1,1,2,0.0,0,BB,ESP,Online TA,TA/TO,0,0,0,D,D,0,No Deposit,9.0,0,Transient,164.0,0,1
City Hotel,0,117,2017,August,32,12,1,1,2,0.0,0,BB,ESP,Online TA,TA/TO,0,0,0,D,D,0,No Deposit,9.0,0,Transient,155.0,0,1
City Hotel,0,117,2017,August,32,12,1,1,2,0.0,0,BB,ESP,Online TA,TA/TO,0,0,0,D,D,0,No Deposit,9.0,0,Transient,155.0,0,1
City Hotel,0,309,2017,August,32,7,2,5,2,0.0,0,HB,ESP,Online TA,TA/TO,0,0,0,A,A,0,No Deposit,9.0,0,Transient,141.3,0,1
City Hotel,0,204,2017,August,32,7,2,5,2,0.0,0,SC,ITA,Online TA,TA/TO,0,0,0,A,A,0,No Deposit,9.0,0,Transient,112.5,0,1
City Hotel,0,176,2017,August,32,7,2,5,2,0.0,0,BB,FRA,Online TA,TA/TO,0,0,0,A,A,0,No Deposit,9.0,0,Transient,130.5,0,1
City Hotel,0,54,2017,August,32,10,1,3,2,0.0,0,BB,ESP,Direct,Direct,0,0,0,D,D,2,No Deposit,14.0,0,Transient,157.5,0,0
City Hotel,0,138,2017,August,32,11,1,2,2,0.0,0,SC,ESP,Online TA,TA/TO,0,0,0,A,A,0,No Deposit,9.0,0,Transient,125.0,0,3
City Hotel,0,138,2017,August,32,11,1,2,2,0.0,0,SC,ESP,Online TA,TA/TO,0,0,0,A,A,0,No Deposit,9.0,0,Transient,125.0,0,3
City Hotel,0,0,2017,August,33,13,1,0,2,0.0,0,BB,FRA,Direct,Direct,0,0,0,A,A,0,No Deposit,,0,Transient,180.0,0,0
City Hotel,0,1,2017,August,32,11,1,2,2,0.0,0,BB,PRT,Online TA,GDS,0,0,0,A,A,0,No Deposit,195.0,0,Transient,200.0,0,1
City Hotel,0,149,2017,August,32,7,2,5,2,0.0,0,BB,GBR,Online TA,TA/TO,0,0,0,A,A,0,No Deposit,9.0,0,Transient,130.5,0,1
City Hotel,0,195,2017,August,32,12,1,1,2,0.0,0,BB,DEU,Online TA,TA/TO,0,0,0,A,A,0,No Deposit,9.0,0,Transient,130.5,0,1
City Hotel,0,20,2017,August,32,10,1,3,2,0.0,0,BB,ISR,Online TA,TA/TO,0,0,0,A,A,0,No Deposit,9.0,0,Transient,180.0,0,2
City Hotel,0,5,2017,August,33,13,1,0,2,0.0,0,BB,PRY,Online TA,TA/TO,0,0,0,A,A,0,No Deposit,85.0,0,Transient,89.0,0,0
City Hotel,0,36,2017,August,32,12,1,1,2,0.0,0,BB,ITA,Direct,Direct,0,0,0,A,A,0,No Deposit,14.0,0,Transient,155.0,0,1
City Hotel,0,317,2017,August,32,11,1,2,2,0.0,0,BB,DEU,Online TA,TA/TO,0,0,0,A,A,0,No Deposit,9.0,0,Transient-Party,108.9,1,1
City Hotel,0,122,2017,August,32,7,2,5,2,0.0,0,BB,FRA,Online TA,TA/TO,0,0,0,D,D,0,No Deposit,85.0,0,Transient,111.6,0,1
City Hotel,0,294,2017,August,33,13,1,0,2,0.0,0,BB,SWE,Direct,Direct,0,0,0,F,F,3,No Deposit,14.0,0,Transient,201.25,0,1
City Hotel,0,2,2017,August,32,12,1,1,2,0.0,0,SC,PRT,Online TA,TA/TO,0,0,0,A,A,0,No Deposit,9.0,0,Transient,180.0,0,1
City Hotel,0,187,2017,August,32,11,1,2,2,0.0,0,SC,NLD,Online TA,TA/TO,0,0,0,A,A,0,No Deposit,9.0,0,Transient,112.5,0,1
City Hotel,0,144,2017,August,32,10,1,3,2,0.0,0,BB,GBR,Online TA,TA/TO,0,0,0,A,A,0,No Deposit,9.0,0,Transient,130.5,0,2
City Hotel,0,128,2017,August,32,11,1,2,2,0.0,0,SC,AUT,Online TA,TA/TO,0,0,0,A,A,0,No Deposit,9.0,0,Transient,125.0,0,2
City Hotel,0,130,2017,August,32,9,1,4,2,0.0,0,BB,GBR,Offline TA/TO,TA/TO,0,0,0,A,A,0,No Deposit,85.0,0,Transient,80.1,0,0
City Hotel,0,153,2017,August,32,10,1,3,2,0.0,0,SC,GBR,Online TA,TA/TO,0,0,0,A,A,0,No Deposit,7.0,0,Transient,90.0,0,0
City Hotel,0,6,2017,August,32,10,1,3,2,0.0,0,BB,IRL,Online TA,TA/TO,0,0,0,D,D,0,No Deposit,9.0,0,Transient,200.0,0,0
City Hotel,0,23,2017,August,32,8,1,5,2,0.0,0,SC,IRL,Online TA,TA/TO,0,0,0,A,A,0,No Deposit,9.0,0,Transient,160.0,0,0
City Hotel,0,195,2017,August,32,12,1,1,2,0.0,0,BB,DEU,Online TA,TA/TO,0,0,0,A,A,0,No Deposit,9.0,0,Transient,130.5,0,1
City Hotel,0,153,2017,August,32,10,1,3,2,0.0,0,SC,GBR,Online TA,TA/TO,0,0,0,A,A,0,No Deposit,7.0,0,Transient,90.0,0,0
City Hotel,0,0,2017,August,33,13,1,0,2,0.0,0,BB,FRA,Online TA,TA/TO,0,0,0,A,K,1,No Deposit,152.0,0,Transient,98.4,0,0
City Hotel,0,504,2017,August,32,12,2,1,2,0.0,0,BB,AUS,Offline TA/TO,TA/TO,0,0,0,A,A,0,No Deposit,229.0,0,Transient-Party,112.67,0,1
City Hotel,0,141,2017,August,32,12,2,1,2,0.0,0,BB,USA,Offline TA/TO,TA/TO,0,0,0,A,A,0,No Deposit,449.0,0,Transient-Party,106.0,0,0
City Hotel,0,129,2017,August,32,8,2,5,2,0.0,0,SC,GBR,Online TA,TA/TO,0,0,0,A,A,0,No Deposit,9.0,0,Transient,125.0,0,1
City Hotel,0,129,2017,August,32,8,2,5,2,0.0,0,SC,GBR,Online TA,TA/TO,0,0,0,A,A,0,No Deposit,9.0,0,Transient,125.0,0,1
City Hotel,0,168,2017,August,33,13,2,0,2,0.0,0,BB,FRA,Online TA,TA/TO,0,0,0,A,A,0,No Deposit,9.0,0,Transient,130.5,0,0
City Hotel,0,113,2017,August,32,10,2,3,2,0.0,0,SC,IRL,Direct,Direct,0,0,0,A,A,0,No Deposit,14.0,0,Transient,125.0,0,0
City Hotel,0,504,2017,August,32,12,2,1,2,0.0,0,BB,USA,Offline TA/TO,TA/TO,0,0,0,A,A,0,No Deposit,229.0,0,Transient-Party,112.67,0,1
City Hotel,0,181,2017,August,32,11,2,2,2,0.0,0,BB,DEU,Online TA,TA/TO,0,0,0,A,A,0,No Deposit,7.0,0,Transient,100.48,0,0
City Hotel,0,504,2017,August,32,12,2,1,2,0.0,0,BB,USA,Offline TA/TO,TA/TO,0,0,0,A,A,0,No Deposit,229.0,0,Transient-Party,112.67,0,1
City Hotel,0,141,2017,August,32,12,2,1,2,0.0,0,BB,USA,Offline TA/TO,TA/TO,0,0,0,A,A,0,No Deposit,449.0,0,Transient-Party,106.0,0,0
City Hotel,0,504,2017,August,32,12,2,1,2,0.0,0,BB,USA,Offline TA/TO,TA/TO,0,0,0,A,A,0,No Deposit,229.0,0,Transient-Party,112.67,0,1
City Hotel,0,1,2017,August,33,14,1,0,2,0.0,0,BB,PRT,Direct,Direct,0,0,0,D,A,2,No Deposit,,0,Transient,180.0,0,0
City Hotel,0,179,2017,August,32,12,2,1,2,0.0,0,SC,BEL,Online TA,TA/TO,0,0,0,A,A,0,No Deposit,9.0,0,Transient,112.5,0,1
City Hotel,0,256,2017,August,32,10,2,3,2,0.0,0,BB,POL,Direct,Direct,0,0,0,A,A,4,No Deposit,14.0,0,Transient,86.63,0,2
City Hotel,0,21,2017,August,33,13,2,0,2,0.0,0,SC,GBR,Online TA,TA/TO,0,0,0,A,A,0,No Deposit,9.0,0,Transient,160.0,0,2
City Hotel,0,504,2017,August,32,12,2,1,2,0.0,0,BB,USA,Offline TA/TO,TA/TO,0,0,0,A,A,0,No Deposit,229.0,0,Transient-Party,112.67,0,1
City Hotel,0,504,2017,August,32,12,2,1,2,0.0,0,BB,GBR,Offline TA/TO,TA/TO,0,0,0,A,A,0,No Deposit,229.0,0,Transient-Party,112.67,0,1
City Hotel,0,122,2017,August,32,11,2,2,2,0.0,0,BB,ITA,Online TA,TA/TO,0,0,0,A,A,1,No Deposit,9.0,0,Transient,130.5,0,1
City Hotel,0,7,2017,August,33,14,1,0,2,0.0,0,SC,BRA,Online TA,TA/TO,0,0,0,A,D,0,No Deposit,9.0,0,Transient,180.0,0,0
City Hotel,0,504,2017,August,32,12,2,1,2,0.0,0,BB,GBR,Offline TA/TO,TA/TO,0,0,0,A,A,0,No Deposit,229.0,0,Transient-Party,112.67,0,1
City Hotel,0,150,2017,August,33,14,1,0,2,0.0,0,SC,ITA,Online TA,TA/TO,0,0,0,A,A,0,No Deposit,9.0,0,Transient,112.5,0,0
City Hotel,0,225,2017,August,32,11,2,2,2,0.0,0,BB,BEL,Online TA,TA/TO,0,0,0,A,A,0,No Deposit,9.0,0,Transient,130.5,0,2
City Hotel,0,37,2017,August,33,13,2,0,2,0.0,0,BB,GBR,Online TA,TA/TO,0,0,0,D,D,0,No Deposit,7.0,0,Transient,136.0,0,1
City Hotel,0,87,2017,August,32,12,2,1,2,0.0,0,BB,DEU,Online TA,TA/TO,0,0,0,A,A,1,No Deposit,9.0,0,Transient,130.0,0,3
City Hotel,0,87,2017,August,32,12,2,1,2,0.0,0,BB,DEU,Online TA,TA/TO,0,0,0,D,D,0,No Deposit,9.0,0,Transient,160.0,0,2
City Hotel,0,504,2017,August,32,12,2,1,2,0.0,0,BB,USA,Offline TA/TO,TA/TO,0,0,0,A,A,0,No Deposit,229.0,0,Transient-Party,112.67,0,1
City Hotel,0,504,2017,August,32,12,2,1,2,0.0,0,BB,GBR,Offline TA/TO,TA/TO,0,0,0,A,D,0,No Deposit,229.0,0,Transient-Party,112.67,0,1
City Hotel,0,265,2017,August,32,12,2,1,2,0.0,0,SC,NLD,Online TA,TA/TO,0,0,0,A,A,0,No Deposit,9.0,0,Transient,89.1,0,2
City Hotel,0,34,2017,August,33,14,1,0,2,0.0,0,BB,FRA,Online TA,TA/TO,0,0,0,A,D,2,No Deposit,9.0,0,Transient,160.0,0,2
City Hotel,0,504,2017,August,32,12,2,1,2,0.0,0,BB,GBR,Offline TA/TO,TA/TO,0,0,0,A,A,0,No Deposit,229.0,0,Transient-Party,112.67,0,1
City Hotel,0,170,2017,August,32,11,2,2,2,0.0,0,BB,FRA,Online TA,TA/TO,0,0,0,D,D,4,No Deposit,9.0,0,Transient-Party,175.5,0,0
City Hotel,0,1,2017,August,33,13,2,0,2,0.0,0,BB,DEU,Online TA,TA/TO,0,0,0,D,D,0,No Deposit,9.0,0,Transient,210.0,0,2
City Hotel,0,21,2017,August,33,14,1,0,2,0.0,0,HB,FRA,Online TA,TA/TO,0,0,0,A,A,2,No Deposit,9.0,0,Transient,218.0,0,3
City Hotel,0,187,2017,August,32,10,2,3,2,0.0,0,BB,GBR,Offline TA/TO,TA/TO,0,0,0,A,A,0,No Deposit,168.0,0,Transient,80.1,0,1
City Hotel,0,504,2017,August,32,12,2,1,2,0.0,0,BB,USA,Offline TA/TO,TA/TO,0,0,0,A,A,0,No Deposit,229.0,0,Transient-Party,112.67,0,1
City Hotel,0,504,2017,August,32,12,2,1,2,0.0,0,BB,GBR,Offline TA/TO,TA/TO,0,0,0,A,A,0,No Deposit,229.0,0,Transient-Party,112.67,0,1
City Hotel,0,504,2017,August,32,12,2,1,2,0.0,0,BB,GBR,Offline TA/TO,TA/TO,0,0,0,A,A,0,No Deposit,229.0,0,Transient-Party,112.67,0,1
City Hotel,0,504,2017,August,32,12,2,1,2,0.0,0,BB,GBR,Offline TA/TO,TA/TO,0,0,0,A,A,0,No Deposit,229.0,0,Transient-Party,112.67,0,1
City Hotel,0,504,2017,August,32,12,2,1,2,0.0,0,BB,GBR,Offline TA/TO,TA/TO,0,0,0,A,A,0,No Deposit,229.0,0,Transient-Party,112.67,0,1
City Hotel,0,9,2017,August,32,12,2,1,2,0.0,0,SC,FRA,Online TA,TA/TO,0,0,0,A,A,2,No Deposit,9.0,0,Transient-Party,166.67,0,0
City Hotel,0,91,2017,August,33,13,2,0,2,0.0,0,BB,FRA,Direct,Direct,0,0,0,A,A,0,No Deposit,14.0,0,Transient,112.5,0,0
City Hotel,0,87,2017,August,32,8,2,5,2,0.0,0,BB,NLD,Online TA,TA/TO,0,0,0,D,D,0,No Deposit,9.0,0,Transient,155.0,0,1
City Hotel,0,504,2017,August,32,12,2,1,2,0.0,0,BB,USA,Offline TA/TO,TA/TO,0,0,0,A,A,0,No Deposit,229.0,0,Transient-Party,112.67,0,1
City Hotel,0,200,2017,August,32,11,2,2,2,0.0,0,BB,LUX,Online TA,TA/TO,0,0,0,A,A,0,No Deposit,7.0,0,Transient,100.48,0,0
City Hotel,0,23,2017,August,32,12,2,1,2,0.0,0,BB,IRL,Online TA,TA/TO,0,0,0,D,K,0,No Deposit,9.0,0,Transient,190.0,0,0
City Hotel,0,145,2017,August,32,12,2,1,2,0.0,0,SC,NLD,Online TA,TA/TO,0,0,0,A,A,1,No Deposit,9.0,0,Transient-Party,129.83,1,0
City Hotel,0,104,2017,August,32,12,2,1,2,0.0,0,SC,CHE,Online TA,TA/TO,0,0,0,A,A,0,No Deposit,9.0,0,Transient,125.0,0,0
City Hotel,0,104,2017,August,32,12,2,1,2,0.0,0,SC,CHE,Online TA,TA/TO,0,0,0,A,A,0,No Deposit,9.0,0,Transient,125.0,0,0
City Hotel,0,504,2017,August,32,12,2,1,2,0.0,0,BB,USA,Offline TA/TO,TA/TO,0,0,0,A,A,0,No Deposit,229.0,0,Transient-Party,112.67,0,1
City Hotel,0,1,2017,August,33,14,1,0,2,0.0,0,SC,PRT,Online TA,TA/TO,0,0,0,A,A,0,No Deposit,7.0,0,Transient,144.0,0,1
City Hotel,0,504,2017,August,32,12,2,1,2,0.0,0,BB,USA,Offline TA/TO,TA/TO,0,0,0,A,A,0,No Deposit,229.0,0,Transient-Party,112.67,0,1
City Hotel,0,1,2017,August,32,12,2,1,2,0.0,0,SC,PRT,Online TA,TA/TO,0,0,0,D,D,0,No Deposit,152.0,0,Transient,126.19,0,0
City Hotel,0,176,2017,August,32,10,2,3,2,0.0,0,BB,GBR,Offline TA/TO,TA/TO,0,0,0,E,E,0,No Deposit,168.0,0,Transient,103.5,0,0
City Hotel,0,7,2017,August,32,12,2,1,2,0.0,0,SC,FRA,Online TA,TA/TO,0,0,0,A,A,0,No Deposit,9.0,0,Transient,180.0,0,1
City Hotel,0,107,2017,August,32,11,2,2,2,0.0,0,BB,GBR,Online TA,TA/TO,0,0,0,E,E,0,No Deposit,9.0,0,Transient,185.0,0,2
City Hotel,0,140,2017,August,33,15,0,1,2,0.0,0,SC,ITA,Offline TA/TO,TA/TO,0,0,0,A,A,0,No Deposit,28.0,0,Transient,71.1,0,0
City Hotel,0,224,2017,August,33,14,1,1,2,0.0,0,SC,FRA,Online TA,TA/TO,0,0,0,A,C,0,No Deposit,9.0,0,Transient,117.0,0,1
City Hotel,0,102,2017,August,33,15,0,1,2,0.0,0,SC,FRA,Online TA,TA/TO,0,0,0,A,A,0,No Deposit,9.0,0,Transient,125.0,0,1
City Hotel,0,102,2017,August,33,15,0,1,2,0.0,0,SC,FRA,Online TA,TA/TO,0,0,0,A,A,0,No Deposit,9.0,0,Transient,125.0,0,1
City Hotel,0,214,2017,August,32,12,2,2,2,0.0,0,BB,PRT,Offline TA/TO,TA/TO,0,0,0,A,A,0,No Deposit,42.0,0,Transient,89.0,0,0
City Hotel,0,234,2017,August,32,12,2,2,2,0.0,0,BB,FRA,Direct,Direct,0,0,0,A,A,0,No Deposit,14.0,0,Transient,109.38,0,3
City Hotel,0,161,2017,August,32,9,2,5,2,0.0,0,HB,ESP,Direct,Direct,0,0,0,A,A,1,No Deposit,14.0,0,Transient,148.5,0,0
City Hotel,0,3,2017,August,32,6,4,6,2,0.0,0,BB,FRA,Offline TA/TO,TA/TO,0,0,0,A,A,1,No Deposit,20.0,0,Group,89.0,0,0
City Hotel,0,103,2017,August,32,12,2,2,2,0.0,0,SC,FRA,Online TA,TA/TO,0,0,0,A,A,0,No Deposit,9.0,0,Transient,125.0,0,1
City Hotel,0,201,2017,August,32,10,2,4,2,0.0,0,SC,GBR,Online TA,TA/TO,0,0,0,A,A,0,No Deposit,7.0,0,Transient,82.3,0,1
City Hotel,0,274,2017,August,33,14,1,1,2,0.0,0,SC,ITA,Online TA,TA/TO,0,0,0,A,A,0,No Deposit,9.0,0,Transient,89.1,0,1
City Hotel,0,157,2017,August,32,10,2,4,2,0.0,0,BB,GBR,Online TA,TA/TO,0,0,0,D,D,1,No Deposit,159.0,0,Transient,175.5,0,0
City Hotel,0,171,2017,August,33,14,1,1,2,0.0,0,BB,ESP,Online TA,TA/TO,0,0,0,A,A,1,No Deposit,9.0,0,Transient,139.5,1,0
City Hotel,0,165,2017,August,32,12,2,2,2,0.0,0,BB,GBR,Direct,Direct,0,0,0,B,A,0,No Deposit,14.0,0,Transient-Party,146.25,0,0
City Hotel,0,46,2017,August,32,12,2,2,2,0.0,0,BB,ESP,Online TA,TA/TO,0,0,0,A,A,0,No Deposit,9.0,0,Transient,160.0,0,1
City Hotel,0,1,2017,August,33,15,0,1,2,0.0,0,BB,ESP,Online TA,TA/TO,0,0,0,A,A,0,No Deposit,9.0,0,Transient,200.0,0,0
City Hotel,0,139,2017,August,32,9,2,5,2,0.0,0,BB,ITA,Online TA,TA/TO,0,0,0,D,D,0,No Deposit,83.0,0,Transient,111.6,0,0
City Hotel,0,139,2017,August,32,9,2,5,2,0.0,0,BB,ITA,Online TA,TA/TO,0,0,0,D,D,0,No Deposit,83.0,0,Transient,111.6,0,0
City Hotel,0,4,2017,August,33,13,2,1,2,0.0,0,BB,ESP,Online TA,TA/TO,0,0,0,A,A,0,No Deposit,9.0,0,Transient,200.0,0,1
City Hotel,0,203,2017,August,32,7,3,6,2,0.0,0,HB,BEL,Offline TA/TO,TA/TO,0,0,0,A,A,0,No Deposit,394.0,0,Transient,80.1,0,0
City Hotel,0,156,2017,August,32,10,2,4,2,0.0,0,BB,DEU,Offline TA/TO,TA/TO,0,0,0,A,B,0,No Deposit,159.0,0,Transient,91.75,0,1
City Hotel,0,50,2017,August,33,14,1,1,2,0.0,0,BB,CHE,Online TA,TA/TO,0,0,0,A,A,0,No Deposit,9.0,0,Transient,160.0,0,1
City Hotel,0,173,2017,August,32,10,2,4,2,0.0,0,HB,GBR,Online TA,TA/TO,0,0,0,D,D,0,No Deposit,9.0,0,Transient,173.7,0,1
City Hotel,0,0,2017,August,33,15,0,1,2,0.0,0,BB,PRT,Online TA,TA/TO,0,0,0,E,E,0,No Deposit,9.0,0,Transient-Party,219.0,0,0
City Hotel,0,89,2017,August,32,12,2,2,2,0.0,0,SC,FRA,Online TA,TA/TO,0,0,0,A,D,5,No Deposit,9.0,0,Transient,125.0,0,2
City Hotel,0,173,2017,August,32,10,2,4,2,0.0,0,HB,GBR,Online TA,TA/TO,0,0,0,D,D,0,No Deposit,9.0,0,Transient,173.7,0,1
City Hotel,0,170,2017,August,33,15,0,1,2,0.0,0,BB,HUN,Online TA,TA/TO,0,0,0,A,A,0,No Deposit,9.0,0,Transient,139.5,1,1
City Hotel,0,10,2017,August,32,12,2,2,2,0.0,0,BB,CN,Direct,Direct,0,0,0,B,A,1,No Deposit,,0,Transient-Party,99.0,0,0
City Hotel,0,154,2017,August,32,9,2,5,2,0.0,0,SC,NLD,Online TA,TA/TO,0,0,0,A,A,0,No Deposit,9.0,0,Transient,121.43,0,0
City Hotel,0,170,2017,August,33,15,0,1,2,0.0,0,BB,HUN,Online TA,TA/TO,0,0,0,A,A,0,No Deposit,9.0,0,Transient,130.5,0,1
City Hotel,0,72,2017,August,33,13,2,1,2,0.0,0,BB,POL,Online TA,TA/TO,0,0,0,D,D,0,No Deposit,9.0,0,Transient,160.0,0,1
City Hotel,0,9,2017,August,33,13,2,1,2,0.0,0,BB,CN,Offline TA/TO,TA/TO,0,0,0,D,D,0,No Deposit,3.0,0,Transient,99.0,0,2
City Hotel,0,166,2017,August,32,12,2,2,2,0.0,0,BB,GBR,Direct,Direct,0,0,0,B,A,1,No Deposit,14.0,0,Transient-Party,146.25,0,0
City Hotel,0,113,2017,August,33,13,2,2,2,0.0,0,SC,KOR,Online TA,TA/TO,0,0,0,A,A,0,No Deposit,9.0,0,Transient,125.0,0,1
City Hotel,0,66,2017,August,33,13,2,2,2,0.0,0,BB,FRA,Online TA,TA/TO,0,0,0,A,A,0,No Deposit,9.0,0,Transient,160.0,0,1
City Hotel,0,180,2017,August,32,9,2,6,2,0.0,0,SC,FRA,Online TA,TA/TO,0,0,0,A,A,0,No Deposit,9.0,0,Transient,112.5,0,1
City Hotel,0,278,2017,August,33,13,2,2,2,0.0,0,SC,GBR,Online TA,TA/TO,0,0,0,A,A,0,No Deposit,9.0,0,Transient,89.1,0,1
City Hotel,0,93,2017,August,33,13,2,2,2,0.0,0,BB,GBR,Online TA,TA/TO,0,0,0,A,A,0,No Deposit,9.0,0,Transient,145.0,0,0
City Hotel,0,53,2017,August,33,15,0,2,2,0.0,0,BB,PRT,Online TA,TA/TO,0,0,0,A,A,0,No Deposit,9.0,0,Transient,160.0,0,1
City Hotel,0,34,2017,August,33,16,0,1,2,0.0,0,SC,FRA,Online TA,TA/TO,0,0,0,A,A,1,No Deposit,9.0,0,Transient,160.0,0,1
City Hotel,0,196,2017,August,33,14,1,2,2,0.0,0,SC,BEL,Offline TA/TO,TA/TO,0,0,0,A,A,0,No Deposit,28.0,0,Transient,71.1,0,0
City Hotel,0,29,2017,August,33,15,0,2,2,0.0,0,BB,PRT,Direct,Direct,0,0,0,A,A,0,No Deposit,,0,Transient-Party,80.0,0,1
City Hotel,0,113,2017,August,33,13,2,2,2,0.0,0,BB,FRA,Online TA,TA/TO,0,0,0,D,D,0,No Deposit,9.0,0,Transient,164.0,1,1
City Hotel,0,0,2017,August,33,16,0,1,2,0.0,0,BB,PRT,Direct,Direct,0,0,0,A,A,0,No Deposit,,0,Transient,139.0,0,0
City Hotel,0,28,2017,August,33,14,1,2,2,0.0,0,SC,ZAF,Online TA,TA/TO,0,0,0,A,A,0,No Deposit,9.0,0,Transient,160.0,0,0
City Hotel,0,97,2017,August,33,15,0,2,2,0.0,0,SC,CHE,Online TA,TA/TO,0,0,0,A,A,0,No Deposit,9.0,0,Transient,125.0,0,1
City Hotel,0,172,2017,August,32,12,2,3,2,0.0,0,BB,FRA,Online TA,TA/TO,0,0,0,A,A,0,No Deposit,9.0,0,Transient,130.5,0,1
City Hotel,0,63,2017,August,33,15,0,2,2,0.0,0,BB,GBR,Online TA,TA/TO,0,0,0,D,D,0,No Deposit,85.0,0,Transient,89.1,0,2
City Hotel,0,62,2017,August,33,15,0,2,2,0.0,0,BB,USA,Direct,Direct,0,0,0,A,A,0,No Deposit,14.0,0,Transient,126.0,0,3
City Hotel,0,141,2017,August,33,15,0,2,2,0.0,0,BB,NLD,Offline TA/TO,TA/TO,0,0,0,A,A,0,No Deposit,22.0,0,Transient,80.1,0,2
City Hotel,0,141,2017,August,33,15,0,2,2,0.0,0,BB,NLD,Offline TA/TO,TA/TO,0,0,0,A,A,0,No Deposit,22.0,0,Transient,80.1,0,0
City Hotel,0,83,2017,August,33,13,2,2,2,0.0,0,BB,NLD,Online TA,TA/TO,0,0,0,A,A,0,No Deposit,9.0,0,Transient,150.0,0,1
City Hotel,0,209,2017,August,33,14,1,2,2,0.0,0,HB,ESP,Direct,Direct,0,0,0,D,D,1,No Deposit,14.0,0,Transient,188.0,0,1
City Hotel,0,171,2017,August,32,12,2,3,2,0.0,0,BB,FRA,Online TA,TA/TO,0,0,0,A,A,0,No Deposit,9.0,0,Transient,130.5,0,3
City Hotel,0,71,2017,August,33,13,2,2,2,0.0,0,SC,FRA,Online TA,TA/TO,0,0,0,A,A,0,No Deposit,8.0,0,Transient,140.0,0,1
City Hotel,0,27,2017,August,33,14,1,2,2,0.0,0,SC,IRL,Online TA,TA/TO,0,0,0,A,A,0,No Deposit,9.0,0,Transient,160.0,0,3
City Hotel,0,25,2017,August,33,14,1,2,2,0.0,0,SC,FRA,Online TA,TA/TO,0,0,0,A,A,0,No Deposit,9.0,0,Transient,169.0,0,1
City Hotel,0,0,2017,August,33,16,0,1,2,0.0,0,SC,PRT,Direct,Direct,0,0,0,A,A,0,No Deposit,14.0,0,Transient,139.0,0,0
City Hotel,0,46,2017,August,33,16,0,1,2,0.0,0,BB,PRT,Direct,Direct,0,0,0,B,G,0,No Deposit,14.0,0,Transient,154.0,0,1
City Hotel,0,173,2017,August,33,14,1,2,2,0.0,0,BB,FRA,Direct,Direct,0,0,0,A,A,0,No Deposit,14.0,0,Transient,112.5,0,1
City Hotel,0,173,2017,August,33,14,1,2,2,0.0,0,BB,FRA,Direct,Direct,0,0,0,A,A,0,No Deposit,14.0,0,Transient,112.5,0,1
City Hotel,0,173,2017,August,33,14,1,2,2,0.0,0,BB,FRA,Direct,Direct,0,0,0,A,A,0,No Deposit,14.0,0,Transient,112.5,0,1
City Hotel,0,173,2017,August,33,14,1,2,2,0.0,0,BB,FRA,Direct,Direct,0,0,0,A,A,0,No Deposit,14.0,0,Transient,112.5,0,1
City Hotel,0,223,2017,August,32,8,2,7,2,0.0,0,BB,SWE,Online TA,TA/TO,0,0,0,A,A,2,No Deposit,9.0,0,Transient,132.11,0,1
City Hotel,0,47,2017,August,33,14,1,2,2,0.0,0,BB,FRA,Online TA,TA/TO,0,0,0,A,A,0,No Deposit,9.0,0,Transient,160.0,0,1
City Hotel,0,140,2017,August,33,13,2,2,2,0.0,0,BB,GBR,Direct,Direct,0,0,0,A,A,0,No Deposit,14.0,0,Transient,112.5,0,0
City Hotel,0,45,2017,August,33,13,2,2,2,0.0,0,BB,GBR,Online TA,TA/TO,0,0,0,A,A,0,No Deposit,89.0,0,Transient,109.44,0,0
City Hotel,0,95,2017,August,32,12,2,3,2,0.0,0,BB,FRA,Online TA,TA/TO,0,0,0,D,D,0,No Deposit,9.0,0,Transient-Party,155.0,0,1
City Hotel,0,95,2017,August,32,12,2,3,2,0.0,0,BB,FRA,Online TA,TA/TO,0,0,0,A,A,0,No Deposit,9.0,0,Transient-Party,145.0,0,1
City Hotel,0,152,2017,August,32,10,2,5,2,0.0,0,BB,GBR,Online TA,TA/TO,0,0,0,A,A,0,No Deposit,79.0,0,Transient,109.87,0,1
City Hotel,0,106,2017,August,33,13,2,3,2,0.0,0,BB,FRA,Online TA,TA/TO,0,0,0,A,A,2,No Deposit,9.0,0,Transient,154.0,0,1
City Hotel,0,41,2017,August,33,14,1,3,2,0.0,0,BB,CN,Online TA,TA/TO,0,0,0,A,A,0,No Deposit,83.0,0,Transient,131.2,0,0
City Hotel,0,105,2017,August,33,13,2,3,2,0.0,0,SC,AUT,Online TA,TA/TO,0,0,0,A,A,0,No Deposit,7.0,0,Transient,95.0,0,1
City Hotel,0,105,2017,August,33,13,2,3,2,0.0,0,SC,AUT,Online TA,TA/TO,0,0,0,A,A,0,No Deposit,7.0,0,Transient,95.0,0,1
City Hotel,0,504,2017,August,32,12,2,4,2,0.0,0,BB,USA,Offline TA/TO,TA/TO,0,0,0,A,A,1,No Deposit,229.0,0,Transient-Party,101.33,0,1
City Hotel,0,108,2017,August,33,14,1,3,2,0.0,0,BB,FRA,Online TA,TA/TO,0,0,0,D,D,0,No Deposit,9.0,0,Transient-Party,155.0,0,1
City Hotel,0,178,2017,August,32,12,2,4,2,0.0,0,BB,FRA,Online TA,TA/TO,0,0,0,A,A,0,No Deposit,8.0,0,Transient,130.5,0,0
City Hotel,0,178,2017,August,32,12,2,4,2,0.0,0,BB,FRA,Online TA,TA/TO,0,0,0,A,A,0,No Deposit,8.0,0,Transient,139.5,1,0
City Hotel,0,75,2017,August,33,14,1,3,2,0.0,0,SC,ESP,Online TA,TA/TO,0,0,0,A,A,0,No Deposit,9.0,0,Transient,130.0,0,1
City Hotel,0,191,2017,August,33,13,2,3,2,0.0,0,SC,ESP,Online TA,TA/TO,0,0,0,A,A,0,No Deposit,9.0,0,Transient,112.5,0,0
City Hotel,0,94,2017,August,33,15,0,3,2,0.0,0,BB,GBR,Online TA,TA/TO,0,0,0,A,A,0,No Deposit,9.0,0,Transient,145.0,0,2
City Hotel,0,191,2017,August,33,13,2,3,2,0.0,0,SC,ESP,Online TA,TA/TO,0,0,0,A,A,0,No Deposit,9.0,0,Transient,121.5,1,0
City Hotel,0,120,2017,August,33,16,0,2,2,0.0,0,BB,NLD,Online TA,TA/TO,0,0,0,D,D,0,No Deposit,85.0,0,Transient,98.1,1,0
City Hotel,0,77,2017,August,33,15,0,3,2,0.0,0,BB,BEL,Direct,Direct,0,0,0,A,A,0,No Deposit,14.0,0,Transient-Party,117.0,0,1
City Hotel,0,113,2017,August,33,13,2,3,2,0.0,0,BB,ITA,Online TA,TA/TO,0,0,0,D,D,0,No Deposit,9.0,0,Transient,164.0,1,2
City Hotel,0,84,2017,August,33,14,1,3,2,0.0,0,BB,IRL,Online TA,TA/TO,0,0,0,A,A,2,No Deposit,9.0,0,Transient-Party,170.0,0,0
City Hotel,0,504,2017,August,32,12,2,4,2,0.0,0,BB,AUS,Offline TA/TO,TA/TO,0,0,0,A,A,1,No Deposit,229.0,0,Transient-Party,101.33,0,1
City Hotel,0,70,2017,August,33,15,0,3,2,0.0,0,SC,FRA,Online TA,TA/TO,0,0,0,A,A,0,No Deposit,9.0,0,Transient,140.0,0,1
City Hotel,0,157,2017,August,33,14,1,3,2,0.0,0,BB,DEU,Offline TA/TO,TA/TO,0,0,0,A,A,0,No Deposit,85.0,0,Transient,80.1,0,1
City Hotel,0,1,2017,August,33,17,0,1,2,0.0,0,BB,PRT,Online TA,TA/TO,0,0,0,A,A,0,No Deposit,9.0,0,Transient,189.0,0,2
City Hotel,0,157,2017,August,33,14,1,3,2,0.0,0,BB,DEU,Offline TA/TO,TA/TO,0,0,0,A,A,0,No Deposit,85.0,0,Transient,80.1,0,1
City Hotel,0,36,2017,August,33,15,0,3,2,0.0,0,BB,PRT,Online TA,TA/TO,0,0,0,A,A,0,No Deposit,9.0,0,Transient,160.0,0,1
City Hotel,0,140,2017,August,33,15,0,3,2,0.0,0,HB,ITA,Offline TA/TO,TA/TO,0,0,0,A,A,0,No Deposit,168.0,0,Transient,112.1,0,0
City Hotel,0,176,2017,August,33,14,1,3,2,0.0,0,BB,FRA,Online TA,TA/TO,0,0,0,A,A,1,No Deposit,9.0,0,Transient,132.5,0,0
City Hotel,0,0,2017,August,33,17,0,1,2,0.0,0,BB,PRT,Direct,Direct,0,0,0,E,E,0,No Deposit,14.0,0,Transient,190.0,0,0
City Hotel,0,176,2017,August,33,14,1,3,2,0.0,0,BB,FRA,Online TA,TA/TO,0,0,0,A,A,0,No Deposit,9.0,0,Transient,130.5,0,0
City Hotel,0,77,2017,August,33,14,1,3,2,0.0,0,BB,FRA,Online TA,TA/TO,0,0,0,A,A,1,No Deposit,9.0,0,Transient,150.0,0,1
City Hotel,0,191,2017,August,33,15,0,3,2,0.0,0,BB,DEU,Online TA,TA/TO,0,0,0,A,A,2,No Deposit,9.0,0,Transient,132.5,0,0
City Hotel,0,46,2017,August,33,16,0,2,2,0.0,0,BB,PRT,Direct,Direct,0,0,0,B,A,0,No Deposit,14.0,0,Transient,123.0,0,0
City Hotel,0,43,2017,August,33,16,0,2,2,0.0,0,BB,PRT,Direct,Direct,0,0,0,B,A,0,No Deposit,14.0,0,Transient,123.0,0,0
City Hotel,0,278,2017,August,33,13,2,3,2,0.0,0,SC,GBR,Online TA,TA/TO,0,0,0,A,A,2,No Deposit,9.0,0,Transient,93.16,0,1
City Hotel,0,174,2017,August,33,14,1,3,2,0.0,0,BB,DEU,Offline TA/TO,TA/TO,0,0,0,A,A,0,No Deposit,42.0,0,Transient,80.1,0,1
City Hotel,0,49,2017,August,33,14,1,3,2,0.0,0,BB,ESP,Online TA,TA/TO,0,0,0,A,A,0,No Deposit,9.0,0,Transient,160.0,0,1
City Hotel,0,191,2017,August,32,11,2,5,2,0.0,0,HB,GBR,Offline TA/TO,TA/TO,0,0,0,A,A,0,No Deposit,168.0,0,Transient,112.1,0,0
City Hotel,0,2,2017,August,33,16,0,3,2,0.0,0,SC,FRA,Online TA,TA/TO,0,0,0,A,A,0,No Deposit,7.0,0,Transient,128.0,0,0
City Hotel,0,84,2017,August,33,15,0,4,2,0.0,0,BB,GBR,Online TA,TA/TO,0,0,0,D,D,0,No Deposit,7.0,0,Transient,121.6,0,1
City Hotel,0,54,2017,August,33,15,0,4,2,0.0,0,SC,ITA,Online TA,TA/TO,0,0,0,A,A,1,No Deposit,9.0,0,Transient,152.5,0,3
City Hotel,0,103,2017,August,33,17,0,2,2,0.0,0,BB,GBR,Online TA,TA/TO,0,0,0,A,A,2,No Deposit,9.0,0,Transient,115.0,0,1
City Hotel,0,0,2017,August,33,18,0,1,2,0.0,0,BB,PRT,Online TA,TA/TO,0,0,0,A,A,1,No Deposit,9.0,0,Transient,89.5,0,0
City Hotel,0,159,2017,August,33,14,1,4,2,0.0,0,BB,FRA,Direct,Direct,0,0,0,A,A,0,No Deposit,14.0,0,Transient,112.5,0,1
City Hotel,0,30,2017,August,33,15,0,4,2,0.0,0,SC,ROU,Online TA,TA/TO,0,0,0,A,A,0,No Deposit,9.0,0,Transient,160.0,0,1
City Hotel,0,69,2017,August,33,13,2,4,2,0.0,0,SC,BRA,Online TA,TA/TO,0,0,0,A,A,0,No Deposit,9.0,0,Transient,140.0,0,2
City Hotel,0,35,2017,August,33,17,0,2,2,0.0,0,BB,USA,Online TA,TA/TO,0,0,0,D,D,0,No Deposit,9.0,0,Transient,190.0,0,2
City Hotel,0,108,2017,August,33,15,0,4,2,0.0,0,BB,PRT,Direct,Direct,0,0,0,A,A,0,No Deposit,,0,Transient-Party,130.5,0,0
City Hotel,0,108,2017,August,33,15,0,4,2,0.0,0,BB,PRT,Direct,Direct,0,0,0,D,A,1,No Deposit,,0,Transient-Party,130.5,0,0
City Hotel,0,123,2017,August,33,16,0,3,2,0.0,0,BB,CHE,Online TA,TA/TO,0,0,0,E,E,0,No Deposit,9.0,0,Transient,185.0,0,0
City Hotel,0,129,2017,August,33,15,0,4,2,0.0,0,SC,ESP,Online TA,TA/TO,0,0,0,A,A,0,No Deposit,9.0,0,Transient,125.0,0,2
City Hotel,0,129,2017,August,33,15,0,4,2,0.0,0,SC,ESP,Online TA,TA/TO,0,0,0,A,A,0,No Deposit,9.0,0,Transient,125.0,0,2
City Hotel,0,112,2017,August,33,16,0,3,2,0.0,0,HB,PRT,Online TA,TA/TO,0,0,0,D,D,0,No Deposit,9.0,0,Transient,202.0,0,1
City Hotel,0,107,2017,August,33,15,0,4,2,0.0,0,SC,ITA,Online TA,TA/TO,0,0,0,A,A,1,No Deposit,9.0,0,Transient,125.0,0,1
City Hotel,0,129,2017,August,33,15,0,4,2,0.0,0,SC,ESP,Online TA,TA/TO,0,0,0,A,A,0,No Deposit,9.0,0,Transient,125.0,0,2
City Hotel,0,113,2017,August,33,17,0,2,2,0.0,0,BB,FRA,Online TA,TA/TO,0,0,0,D,D,0,No Deposit,9.0,0,Transient,155.0,0,1
City Hotel,0,125,2017,August,32,12,2,5,2,0.0,0,BB,FRA,Online TA,TA/TO,0,0,0,D,D,0,No Deposit,9.0,0,Transient,155.0,0,1
City Hotel,0,175,2017,August,33,15,0,4,2,0.0,0,BB,ESP,Online TA,TA/TO,0,0,0,A,A,0,No Deposit,9.0,0,Transient,130.5,0,0
City Hotel,0,77,2017,August,33,15,0,4,2,0.0,0,BB,ETH,Direct,Direct,0,0,0,D,A,0,No Deposit,14.0,0,Transient,111.8,0,0
City Hotel,0,31,2017,August,33,17,0,2,2,0.0,0,SC,CHE,Online TA,TA/TO,0,0,0,A,A,0,No Deposit,9.0,0,Transient,169.0,0,3
City Hotel,0,2,2017,August,33,17,0,2,2,0.0,0,SC,ESP,Online TA,TA/TO,0,0,0,A,A,0,No Deposit,9.0,0,Transient,169.0,0,1
City Hotel,0,213,2017,August,33,17,0,2,2,0.0,0,BB,PRT,Offline TA/TO,TA/TO,0,0,0,A,A,0,No Deposit,28.0,0,Transient,80.1,0,2
City Hotel,0,27,2017,August,33,15,0,4,2,0.0,0,SC,GBR,Online TA,TA/TO,0,0,0,A,A,0,No Deposit,9.0,0,Transient,169.0,1,1
City Hotel,0,182,2017,August,33,17,0,2,2,0.0,0,BB,BEL,Direct,Direct,0,0,0,A,A,0,No Deposit,14.0,0,Transient,112.5,0,1
City Hotel,0,219,2017,August,32,12,2,5,2,0.0,0,BB,FRA,Online TA,TA/TO,0,0,0,A,A,0,No Deposit,9.0,0,Transient,130.5,0,1
City Hotel,0,108,2017,August,33,17,0,2,2,0.0,0,SC,GBR,Online TA,TA/TO,0,0,0,A,A,0,No Deposit,9.0,0,Transient,125.0,0,3
City Hotel,0,108,2017,August,33,17,0,2,2,0.0,0,SC,GBR,Online TA,TA/TO,0,0,0,A,A,0,No Deposit,9.0,0,Transient,125.0,0,3
City Hotel,0,201,2017,August,33,16,0,3,2,0.0,0,SC,DEU,Online TA,TA/TO,0,0,0,A,A,0,No Deposit,9.0,0,Transient-Party,112.5,0,0
City Hotel,0,40,2017,August,33,18,0,1,2,0.0,0,BB,ESP,Direct,Direct,0,0,0,D,D,0,No Deposit,14.0,0,Transient,174.0,0,0
City Hotel,0,201,2017,August,33,16,0,3,2,0.0,0,SC,DEU,Online TA,TA/TO,0,0,0,A,A,0,No Deposit,9.0,0,Transient-Party,112.5,0,0
City Hotel,0,70,2017,August,33,15,0,4,2,0.0,0,BB,RUS,Online TA,TA/TO,0,0,0,D,D,0,No Deposit,85.0,0,Transient,98.1,0,0
City Hotel,0,129,2017,August,33,15,0,4,2,0.0,0,SC,ESP,Online TA,TA/TO,0,0,0,A,A,0,No Deposit,9.0,0,Transient,125.0,0,2
City Hotel,0,134,2017,August,33,15,0,4,2,0.0,0,SC,FRA,Online TA,TA/TO,0,0,0,A,K,0,No Deposit,9.0,0,Transient,125.0,0,2
City Hotel,0,134,2017,August,33,15,0,4,2,0.0,0,SC,FRA,Online TA,TA/TO,0,0,0,A,K,0,No Deposit,9.0,0,Transient,125.0,0,2
City Hotel,0,5,2017,August,33,18,0,1,2,0.0,0,BB,PRT,Direct,Direct,0,0,0,A,K,0,No Deposit,,0,Transient,144.0,0,1
City Hotel,0,346,2017,August,32,12,2,6,2,0.0,0,HB,ROU,Offline TA/TO,TA/TO,0,0,0,D,D,0,No Deposit,21.0,0,Transient,116.15,0,0
City Hotel,0,115,2017,August,32,8,2,10,2,0.0,0,SC,GBR,Online TA,TA/TO,0,0,0,A,A,0,No Deposit,9.0,0,Transient,125.0,0,2
City Hotel,0,2,2017,August,33,18,0,2,2,0.0,0,BB,PRT,Online TA,TA/TO,0,0,0,A,A,0,No Deposit,7.0,0,Transient,127.6,0,1
City Hotel,0,233,2017,August,33,16,0,4,2,0.0,0,SC,AUS,Online TA,TA/TO,0,0,0,A,B,0,No Deposit,9.0,0,Transient,106.65,0,1
City Hotel,0,266,2017,August,33,17,0,3,2,0.0,0,BB,GBR,Offline TA/TO,TA/TO,0,0,0,A,A,0,No Deposit,28.0,0,Transient,80.1,0,0
City Hotel,0,11,2017,August,33,14,1,5,2,0.0,0,BB,FRA,Online TA,TA/TO,0,0,0,A,A,0,No Deposit,9.0,0,Transient,189.0,0,1
City Hotel,0,263,2017,August,33,17,0,3,2,0.0,0,BB,DNK,Online TA,TA/TO,0,0,0,A,A,0,No Deposit,8.0,0,Transient,107.1,0,0
City Hotel,0,120,2017,August,33,16,0,4,2,0.0,0,HB,HUN,Online TA,TA/TO,0,0,0,A,A,2,No Deposit,9.0,0,Transient-Party,183.0,0,2
City Hotel,0,155,2017,August,33,17,0,3,2,0.0,0,BB,IRL,Offline TA/TO,TA/TO,0,0,0,A,A,0,No Deposit,22.0,0,Transient,80.1,0,2
City Hotel,0,94,2017,August,33,16,0,4,2,0.0,0,BB,FRA,Online TA,TA/TO,0,0,0,A,A,3,No Deposit,9.0,0,Transient,155.75,0,1
City Hotel,0,155,2017,August,33,17,0,3,2,0.0,0,BB,IRL,Offline TA/TO,TA/TO,0,0,0,A,A,0,No Deposit,22.0,0,Transient,80.1,0,2
City Hotel,0,20,2017,August,33,19,0,1,2,0.0,0,BB,FRA,Online TA,TA/TO,0,0,0,D,D,0,No Deposit,9.0,0,Transient,190.0,0,1
City Hotel,0,120,2017,August,33,16,0,4,2,0.0,0,HB,HUN,Online TA,TA/TO,0,0,0,D,D,2,No Deposit,9.0,0,Transient-Party,193.0,0,2
City Hotel,0,103,2017,August,33,17,0,3,2,0.0,0,BB,FRA,Offline TA/TO,TA/TO,0,0,0,A,A,0,No Deposit,138.0,0,Transient,89.1,0,1
City Hotel,0,113,2017,August,33,17,0,3,2,0.0,0,BB,ESP,Direct,Direct,0,0,0,A,A,0,No Deposit,14.0,0,Transient,121.5,0,3
City Hotel,0,208,2017,August,33,17,0,3,2,0.0,0,BB,DEU,Online TA,TA/TO,0,0,0,A,A,0,No Deposit,9.0,0,Transient,131.7,1,0
City Hotel,0,91,2017,August,33,16,0,4,2,0.0,0,BB,GBR,Online TA,TA/TO,0,0,0,A,B,0,No Deposit,9.0,0,Transient,150.0,0,1
City Hotel,0,156,2017,August,33,19,0,1,2,0.0,0,BB,FRA,Online TA,TA/TO,0,0,0,A,A,0,No Deposit,9.0,0,Transient-Party,130.5,0,2
City Hotel,0,219,2017,August,33,17,0,3,2,0.0,0,BB,DEU,Online TA,TA/TO,0,0,0,A,A,0,No Deposit,9.0,0,Transient,131.7,0,1
City Hotel,0,156,2017,August,33,19,0,1,2,0.0,0,BB,FRA,Online TA,TA/TO,0,0,0,A,A,0,No Deposit,9.0,0,Transient-Party,130.5,0,2
City Hotel,0,219,2017,August,33,17,0,3,2,0.0,0,BB,DEU,Online TA,TA/TO,0,0,0,A,A,0,No Deposit,9.0,0,Transient,122.7,0,1
City Hotel,0,155,2017,August,33,14,1,5,2,0.0,0,BB,FRA,Direct,Direct,0,0,0,A,A,2,No Deposit,14.0,0,Transient,112.5,0,1
City Hotel,0,186,2017,August,33,17,0,3,2,0.0,0,BB,NLD,Online TA,TA/TO,0,0,0,A,A,0,No Deposit,7.0,0,Transient,89.76,0,0
City Hotel,0,32,2017,August,33,18,0,2,2,0.0,0,BB,AUT,Online TA,TA/TO,0,0,0,A,A,0,No Deposit,9.0,0,Transient,180.0,0,1
City Hotel,0,1,2017,August,33,19,0,1,2,0.0,0,BB,PRT,Direct,Direct,0,0,0,D,D,0,No Deposit,14.0,0,Transient,173.5,1,1
City Hotel,0,1,2017,August,33,19,0,1,2,0.0,0,BB,PRT,Direct,Direct,0,0,0,D,D,0,No Deposit,14.0,0,Transient,173.5,0,1
City Hotel,0,87,2017,August,33,18,0,2,2,0.0,0,BB,SWE,Online TA,TA/TO,0,0,0,A,A,0,No Deposit,85.0,0,Transient,80.1,0,0
City Hotel,0,92,2017,August,33,17,0,3,2,0.0,0,BB,AUT,Offline TA/TO,TA/TO,0,0,0,A,A,0,No Deposit,42.0,0,Transient,80.1,0,1
City Hotel,0,6,2017,August,33,18,0,2,2,0.0,0,BB,SWE,Online TA,TA/TO,0,0,0,A,A,0,No Deposit,7.0,0,Transient,136.8,0,2
City Hotel,0,3,2017,August,33,19,0,1,2,0.0,0,BB,PRT,Online TA,TA/TO,0,0,0,D,D,0,No Deposit,9.0,0,Transient,149.0,0,0
City Hotel,0,37,2017,August,33,17,0,3,2,0.0,0,SC,GBR,Online TA,TA/TO,0,0,0,A,A,0,No Deposit,9.0,0,Transient,140.0,0,1
City Hotel,0,4,2017,August,33,18,0,2,2,0.0,0,BB,ESP,Direct,Direct,0,0,0,A,A,2,No Deposit,14.0,0,Transient,189.0,0,2
City Hotel,0,177,2017,August,33,16,0,4,2,0.0,0,BB,FRA,Online TA,TA/TO,0,0,0,D,D,0,No Deposit,354.0,0,Transient,121.77,0,0
City Hotel,0,38,2017,August,33,19,0,1,2,0.0,0,BB,ITA,Online TA,TA/TO,0,0,0,A,A,0,No Deposit,9.0,0,Transient,160.0,0,1
City Hotel,0,5,2017,August,33,17,0,3,2,0.0,0,SC,FRA,Online TA,TA/TO,0,0,0,A,A,0,No Deposit,9.0,0,Transient,160.0,0,0
City Hotel,0,176,2017,August,33,13,2,5,2,0.0,0,BB,FRA,Direct,Direct,0,0,0,A,A,0,No Deposit,14.0,0,Transient-Party,109.16,0,0
City Hotel,0,176,2017,August,33,13,2,5,2,0.0,0,BB,FRA,Direct,Direct,0,0,0,A,A,0,No Deposit,14.0,0,Transient-Party,109.16,0,0
City Hotel,0,114,2017,August,33,17,0,3,2,0.0,0,SC,GBR,Online TA,TA/TO,0,0,0,A,A,1,No Deposit,9.0,0,Transient,125.0,0,3
City Hotel,0,272,2017,August,33,18,0,2,2,0.0,0,SC,NLD,Online TA,TA/TO,0,0,0,A,A,1,No Deposit,9.0,0,Transient,89.1,0,1
City Hotel,0,13,2017,August,33,17,0,3,2,0.0,0,SC,PRT,Online TA,TA/TO,0,0,0,A,A,0,No Deposit,9.0,0,Transient,160.0,0,1
City Hotel,0,141,2017,August,33,17,0,3,2,0.0,0,SC,SWE,Offline TA/TO,TA/TO,0,0,0,A,A,0,No Deposit,42.0,0,Transient,71.1,0,1
City Hotel,0,0,2017,August,33,19,0,1,2,0.0,0,BB,AUS,Online TA,TA/TO,0,0,0,A,A,0,No Deposit,9.0,0,Transient,169.0,0,0
City Hotel,0,138,2017,August,33,19,0,1,2,0.0,0,SC,PRT,Online TA,TA/TO,0,0,0,A,A,0,No Deposit,9.0,0,Transient,125.0,0,2
City Hotel,0,138,2017,August,33,19,0,1,2,0.0,0,SC,PRT,Online TA,TA/TO,0,0,0,A,A,0,No Deposit,9.0,0,Transient,125.0,0,2
City Hotel,0,13,2017,August,33,19,0,1,2,0.0,0,BB,ISR,Direct,Direct,0,0,0,A,A,0,No Deposit,,0,Transient,170.0,0,0
City Hotel,0,85,2017,August,33,18,0,2,2,0.0,0,BB,SWE,Online TA,TA/TO,0,0,0,A,A,0,No Deposit,85.0,0,Transient,80.1,0,0
City Hotel,0,165,2017,August,33,17,0,3,2,0.0,0,BB,GBR,Online TA,TA/TO,0,0,0,A,A,0,No Deposit,83.0,0,Transient,104.4,0,0
City Hotel,0,25,2017,August,33,18,0,2,2,0.0,0,BB,SWE,Online TA,TA/TO,0,0,0,A,A,0,No Deposit,9.0,0,Transient,180.0,0,1
City Hotel,0,70,2017,August,33,18,0,2,2,0.0,0,BB,GBR,Online TA,TA/TO,0,0,0,D,D,0,No Deposit,85.0,0,Transient,89.1,0,1
City Hotel,0,10,2017,August,33,18,0,2,2,0.0,0,BB,PRT,Online TA,TA/TO,0,0,0,A,A,0,No Deposit,9.0,0,Transient,180.0,0,2
City Hotel,0,2,2017,August,33,19,0,1,2,0.0,0,BB,FRA,Online TA,TA/TO,0,0,0,D,D,0,No Deposit,9.0,0,Transient,149.0,0,1
City Hotel,0,179,2017,August,33,14,1,5,2,0.0,0,BB,NLD,Offline TA/TO,TA/TO,0,0,0,A,A,0,No Deposit,121.0,0,Transient,75.65,0,1
City Hotel,0,70,2017,August,33,18,0,2,2,0.0,0,BB,GBR,Online TA,TA/TO,0,0,0,D,D,0,No Deposit,85.0,0,Transient,89.1,0,1
City Hotel,0,250,2017,August,33,14,2,5,2,0.0,0,HB,DEU,Offline TA/TO,TA/TO,0,0,0,A,A,1,No Deposit,16.0,0,Transient,112.1,0,0
City Hotel,0,147,2017,August,33,14,2,5,2,0.0,0,BB,FRA,Online TA,TA/TO,0,0,0,D,D,1,No Deposit,9.0,0,Transient,149.5,0,2
City Hotel,0,182,2017,August,32,9,3,9,2,0.0,0,BB,PRT,Offline TA/TO,TA/TO,0,0,0,A,A,0,No Deposit,42.0,0,Transient,89.1,0,1
City Hotel,0,296,2017,August,33,19,1,1,2,0.0,0,BB,PRT,Direct,Direct,0,0,0,A,A,0,No Deposit,14.0,0,Transient,86.63,0,1
City Hotel,0,16,2017,August,34,20,1,0,2,0.0,0,BB,CN,Offline TA/TO,TA/TO,0,0,0,D,D,0,No Deposit,3.0,0,Transient,99.0,0,2
City Hotel,0,236,2017,August,33,17,1,3,2,0.0,0,BB,FRA,Online TA,TA/TO,0,0,0,A,A,0,No Deposit,9.0,0,Transient,121.28,0,2
City Hotel,0,236,2017,August,33,17,1,3,2,0.0,0,HB,FRA,Online TA,TA/TO,0,0,0,E,E,1,No Deposit,9.0,0,Transient,193.28,0,2
City Hotel,0,53,2017,August,33,19,1,1,2,0.0,0,BB,DEU,Online TA,TA/TO,0,0,0,D,D,0,No Deposit,9.0,0,Transient,170.0,0,1
City Hotel,0,101,2017,August,33,18,1,2,2,0.0,0,BB,IRL,Direct,Direct,0,0,0,A,A,2,No Deposit,14.0,0,Transient,93.42,0,1
City Hotel,0,323,2017,August,33,18,1,2,2,0.0,0,SC,ITA,Online TA,TA/TO,0,0,0,A,A,0,No Deposit,9.0,0,Transient,89.1,0,1
City Hotel,0,127,2017,August,33,18,1,2,2,0.0,0,SC,ESP,Online TA,TA/TO,0,0,0,A,A,0,No Deposit,9.0,0,Transient,125.0,0,2
City Hotel,0,127,2017,August,33,18,1,2,2,0.0,0,SC,ESP,Online TA,TA/TO,0,0,0,A,A,0,No Deposit,9.0,0,Transient,134.0,0,2
City Hotel,0,9,2017,August,33,18,1,2,2,0.0,0,SC,ESP,Online TA,TA/TO,0,0,0,A,A,0,No Deposit,9.0,0,Transient,162.33,0,1
City Hotel,0,12,2017,August,33,19,1,1,2,0.0,0,BB,PRT,Online TA,TA/TO,0,0,0,D,D,1,No Deposit,9.0,0,Transient,180.0,0,4
City Hotel,0,186,2017,August,33,14,2,5,2,0.0,0,SC,NLD,Online TA,TA/TO,0,0,0,A,A,0,No Deposit,7.0,0,Transient,78.44,0,1
City Hotel,0,102,2017,August,33,19,1,1,2,0.0,0,BB,CHE,Direct,Direct,0,0,0,A,A,0,No Deposit,14.0,0,Transient,112.5,0,1
City Hotel,0,135,2017,August,33,18,1,2,2,0.0,0,BB,ESP,Offline TA/TO,TA/TO,0,0,0,A,A,0,No Deposit,42.0,0,Transient,80.1,0,0
City Hotel,0,96,2017,August,33,16,1,4,2,0.0,0,SC,JOR,Offline TA/TO,TA/TO,0,0,0,A,A,0,No Deposit,168.0,0,Transient,71.1,0,0
City Hotel,0,271,2017,August,33,17,1,3,2,0.0,0,BB,DEU,Online TA,TA/TO,0,0,0,A,A,0,No Deposit,9.0,0,Transient,107.1,0,1
City Hotel,0,9,2017,August,34,20,1,0,2,0.0,0,HB,DEU,Online TA,TA/TO,0,0,0,A,D,1,No Deposit,9.0,0,Transient,198.0,0,0
City Hotel,0,3,2017,August,33,19,1,1,2,0.0,0,BB,PRT,Direct,Direct,0,0,0,D,D,0,No Deposit,14.0,0,Transient,139.0,0,0
City Hotel,0,9,2017,August,33,18,1,2,2,0.0,0,BB,GBR,Online TA,TA/TO,0,0,0,D,D,0,No Deposit,9.0,0,Transient,183.33,0,1
City Hotel,0,161,2017,August,33,16,1,4,2,0.0,0,BB,GBR,Offline TA/TO,TA/TO,0,0,0,A,A,0,No Deposit,168.0,0,Transient,80.1,0,0
City Hotel,0,161,2017,August,33,16,1,4,2,0.0,0,BB,GBR,Offline TA/TO,TA/TO,0,0,0,A,A,0,No Deposit,168.0,0,Transient,80.1,0,0
City Hotel,0,197,2017,August,33,18,1,2,2,0.0,0,BB,NLD,Online TA,TA/TO,0,0,0,A,A,0,No Deposit,9.0,0,Transient,118.2,0,1
City Hotel,0,14,2017,August,33,18,1,2,2,0.0,0,BB,BRA,Online TA,TA/TO,0,0,0,D,D,0,No Deposit,9.0,0,Transient,183.33,0,1
City Hotel,0,8,2017,August,34,20,1,0,2,0.0,0,BB,PRT,Online TA,TA/TO,0,0,0,A,A,1,No Deposit,9.0,0,Transient,150.0,0,3
City Hotel,0,32,2017,August,33,17,1,3,2,0.0,0,BB,FRA,Online TA,TA/TO,0,0,0,D,D,0,No Deposit,9.0,0,Transient,185.0,0,2
City Hotel,0,101,2017,August,33,18,1,2,2,0.0,0,BB,GBR,Offline TA/TO,TA/TO,0,0,0,A,A,0,No Deposit,132.0,0,Transient,80.1,0,1
City Hotel,0,101,2017,August,33,18,1,2,2,0.0,0,BB,GBR,Offline TA/TO,TA/TO,0,0,0,A,A,0,No Deposit,132.0,0,Transient,80.1,0,1
City Hotel,0,211,2017,August,33,15,1,5,2,0.0,0,BB,PRT,Offline TA/TO,TA/TO,0,0,0,A,A,0,No Deposit,28.0,0,Transient,85.0,0,0
City Hotel,0,172,2017,August,33,18,1,2,2,0.0,0,BB,FRA,Online TA,TA/TO,0,0,0,A,A,0,No Deposit,9.0,0,Transient,118.2,0,1
City Hotel,0,154,2017,August,33,17,1,3,2,0.0,0,SC,PRT,Offline TA/TO,TA/TO,0,0,0,A,A,0,No Deposit,52.0,0,Transient,80.1,0,1
City Hotel,0,0,2017,August,33,17,1,3,2,0.0,0,SC,ITA,Online TA,TA/TO,0,0,0,A,C,1,No Deposit,9.0,0,Transient,143.1,0,1
City Hotel,0,0,2017,August,33,19,1,1,2,0.0,0,SC,FRA,Online TA,TA/TO,0,0,0,D,D,0,No Deposit,152.0,0,Transient,110.7,0,0
City Hotel,0,209,2017,August,33,16,1,4,2,0.0,0,BB,PRT,Offline TA/TO,TA/TO,0,0,0,E,E,0,No Deposit,16.0,0,Transient,103.5,0,0
City Hotel,0,140,2017,August,33,13,4,5,2,0.0,0,SC,DEU,Online TA,TA/TO,0,0,0,A,A,0,No Deposit,83.0,0,Transient,90.0,0,0
City Hotel,0,106,2017,August,33,15,2,5,2,0.0,0,HB,DEU,Offline TA/TO,TA/TO,0,0,0,A,A,0,No Deposit,16.0,0,Transient,121.0,0,0
City Hotel,0,112,2017,August,34,20,2,0,2,0.0,0,BB,USA,Online TA,TA/TO,0,0,0,F,F,1,No Deposit,9.0,0,Transient,235.0,0,0
City Hotel,0,262,2017,August,33,17,2,3,2,0.0,0,BB,NZL,Online TA,TA/TO,0,0,0,A,A,0,No Deposit,7.0,0,Transient,92.72,0,0
City Hotel,0,180,2017,August,33,16,2,4,2,0.0,0,SC,GBR,Offline TA/TO,TA/TO,0,0,0,A,D,0,No Deposit,168.0,0,Transient,71.1,0,0
City Hotel,0,114,2017,August,33,17,2,3,2,0.0,0,SC,CN,Offline TA/TO,TA/TO,0,0,0,A,A,0,No Deposit,168.0,0,Transient,71.1,0,0
City Hotel,0,128,2017,August,34,20,2,0,2,0.0,0,BB,HUN,Online TA,TA/TO,0,0,0,A,A,2,No Deposit,9.0,0,Transient,145.0,0,1
City Hotel,0,1,2017,August,34,21,1,0,2,0.0,0,BB,PRT,Direct,Direct,0,0,0,A,A,0,No Deposit,,0,Transient,140.0,0,0
City Hotel,0,181,2017,August,33,19,2,1,2,0.0,0,BB,DEU,Online TA,TA/TO,0,0,0,A,A,0,No Deposit,9.0,0,Transient,122.7,0,1
City Hotel,0,152,2017,August,33,18,2,2,2,0.0,0,BB,USA,Online TA,TA/TO,0,0,0,D,D,0,No Deposit,9.0,0,Transient,139.5,0,0
City Hotel,0,138,2017,August,34,20,2,0,2,0.0,0,BB,ITA,Online TA,TA/TO,0,0,0,D,D,0,No Deposit,9.0,0,Transient,164.0,0,1
City Hotel,0,93,2017,August,33,18,2,2,2,0.0,0,BB,ESP,Offline TA/TO,TA/TO,0,0,0,A,A,0,No Deposit,28.0,0,Transient,89.1,1,0
City Hotel,0,1,2017,August,33,19,2,1,2,0.0,0,SC,ITA,Online TA,TA/TO,0,0,0,A,A,0,No Deposit,152.0,0,Transient,92.99,0,0
City Hotel,0,141,2017,August,33,15,2,5,2,0.0,0,BB,DEU,Offline TA/TO,TA/TO,0,0,0,A,A,0,No Deposit,28.0,0,Transient,80.1,0,0
City Hotel,0,92,2017,August,33,15,2,5,2,0.0,0,SC,ITA,Online TA,TA/TO,0,0,0,A,A,0,No Deposit,7.0,0,Transient,95.0,0,1
City Hotel,0,207,2017,August,32,12,4,6,2,0.0,0,SC,AUT,Online TA,TA/TO,0,0,0,A,A,0,No Deposit,7.0,0,Transient,78.61,0,1
City Hotel,0,207,2017,August,32,12,4,6,2,0.0,0,SC,AUT,Online TA,TA/TO,0,0,0,A,A,0,No Deposit,7.0,0,Transient,78.61,0,1
City Hotel,0,113,2017,August,32,8,4,10,2,0.0,0,SC,FRA,Online TA,TA/TO,0,0,0,A,A,0,No Deposit,9.0,0,Transient,125.0,0,1
City Hotel,0,205,2017,August,33,15,2,5,2,0.0,0,BB,GBR,Online TA,TA/TO,0,0,0,A,A,0,No Deposit,9.0,0,Transient,123.3,0,2
City Hotel,0,228,2017,August,34,21,1,1,2,0.0,0,BB,FRA,Online TA,TA/TO,0,0,0,D,D,0,No Deposit,9.0,0,Transient,130.5,0,0
City Hotel,0,127,2017,August,33,16,2,5,2,0.0,0,BB,CN,Offline TA/TO,TA/TO,0,0,0,A,A,0,No Deposit,262.0,0,Transient,80.1,0,1
City Hotel,0,127,2017,August,33,16,2,5,2,0.0,0,BB,CN,Offline TA/TO,TA/TO,0,0,0,A,A,0,No Deposit,262.0,0,Transient,80.1,0,1
City Hotel,0,92,2017,August,33,16,2,5,2,0.0,0,BB,FRA,Offline TA/TO,TA/TO,0,0,0,A,A,7,No Deposit,98.0,0,Transient-Party,125.0,0,0
City Hotel,0,11,2017,August,34,25,0,2,2,0.0,0,BB,FRA,Offline TA/TO,TA/TO,0,0,1,D,D,1,No Deposit,98.0,0,Group,125.0,0,0
City Hotel,0,152,2017,August,33,19,2,2,2,0.0,0,BB,PRT,Offline TA/TO,TA/TO,0,0,0,A,A,0,No Deposit,168.0,0,Transient,80.1,0,0
City Hotel,0,2,2017,August,34,20,2,1,2,0.0,0,SC,PRT,Online TA,TA/TO,0,0,0,A,A,0,No Deposit,152.0,0,Transient,81.7,0,0
City Hotel,0,150,2017,August,34,21,1,1,2,0.0,0,BB,PRT,Offline TA/TO,TA/TO,0,0,0,A,A,0,No Deposit,168.0,0,Transient,80.1,0,0
City Hotel,0,142,2017,August,33,18,2,3,2,0.0,0,BB,ITA,Offline TA/TO,TA/TO,0,0,0,A,A,0,No Deposit,6.0,0,Transient,80.1,0,1
City Hotel,0,40,2017,August,34,21,1,1,2,0.0,0,BB,ITA,Online TA,TA/TO,0,0,0,A,D,1,No Deposit,9.0,0,Transient,169.0,0,2
City Hotel,0,149,2017,August,33,16,2,5,2,0.0,0,BB,DEU,Offline TA/TO,TA/TO,0,0,0,A,A,0,No Deposit,27.0,0,Transient,80.1,0,0
City Hotel,0,199,2017,August,33,18,2,3,2,0.0,0,SC,GBR,Online TA,TA/TO,0,0,0,A,A,0,No Deposit,9.0,0,Transient,99.72,0,1
City Hotel,0,305,2017,August,33,19,2,2,2,0.0,0,BB,DEU,Online TA,TA/TO,0,0,0,A,A,0,No Deposit,7.0,0,Transient,96.33,0,1
City Hotel,0,103,2017,August,33,16,2,5,2,0.0,0,HB,BEL,Offline TA/TO,TA/TO,0,0,0,A,A,0,No Deposit,394.0,0,Transient,89.0,0,0
City Hotel,0,131,2017,August,33,18,2,3,2,0.0,0,BB,ITA,Direct,Direct,0,0,0,A,A,0,No Deposit,14.0,0,Transient,112.5,0,2
City Hotel,0,194,2017,August,34,20,2,1,2,0.0,0,BB,DEU,Offline TA/TO,TA/TO,0,0,0,A,A,0,No Deposit,168.0,0,Transient,80.1,0,1
City Hotel,0,210,2017,August,34,21,1,1,2,0.0,0,BB,ESP,Online TA,TA/TO,0,0,0,D,D,0,No Deposit,9.0,0,Transient,126.0,0,0
City Hotel,0,176,2017,August,34,21,1,1,2,0.0,0,HB,DEU,Direct,Direct,0,0,0,A,A,1,No Deposit,14.0,0,Transient,135.0,0,1
City Hotel,0,254,2017,August,34,20,2,1,2,0.0,0,BB,ESP,Direct,Direct,0,0,0,D,D,1,No Deposit,14.0,0,Transient,174.0,1,0
City Hotel,0,176,2017,August,34,21,1,1,2,0.0,0,HB,DEU,Direct,Direct,0,0,0,A,D,1,No Deposit,14.0,0,Transient,135.0,0,1
City Hotel,0,102,2017,August,33,16,2,5,2,0.0,0,BB,DEU,Offline TA/TO,TA/TO,0,0,0,A,A,0,No Deposit,22.0,0,Transient,75.65,0,0
City Hotel,0,163,2017,August,33,19,2,2,2,0.0,0,BB,LUX,Online TA,TA/TO,0,0,0,A,A,1,No Deposit,9.0,0,Transient-Party,131.5,0,2
City Hotel,0,163,2017,August,33,19,2,2,2,0.0,0,BB,LUX,Online TA,TA/TO,0,0,0,A,A,1,No Deposit,9.0,0,Transient-Party,131.5,0,1
City Hotel,0,163,2017,August,33,19,2,2,2,0.0,0,BB,LUX,Online TA,TA/TO,0,0,0,A,A,1,No Deposit,9.0,0,Transient-Party,131.5,0,1
City Hotel,0,163,2017,August,33,19,2,2,2,0.0,0,BB,LUX,Online TA,TA/TO,0,0,0,A,A,1,No Deposit,9.0,0,Transient-Party,131.5,0,1
City Hotel,0,97,2017,August,33,19,2,2,2,0.0,0,HB,FRA,Online TA,TA/TO,0,0,0,A,A,1,No Deposit,9.0,0,Transient,183.0,0,1
City Hotel,0,130,2017,August,33,19,2,2,2,0.0,0,SC,BEL,Online TA,TA/TO,0,0,0,A,A,0,No Deposit,9.0,0,Transient,125.0,0,1
City Hotel,0,77,2017,August,33,14,3,6,2,0.0,0,BB,BEL,Offline TA/TO,TA/TO,0,0,0,A,A,0,No Deposit,394.0,0,Transient,80.1,0,3
City Hotel,0,2,2017,August,33,18,2,3,2,0.0,0,BB,DEU,Direct,Direct,0,0,0,D,D,2,No Deposit,14.0,0,Transient,174.16,0,1
City Hotel,0,1,2017,August,34,22,0,1,2,0.0,0,BB,PRT,Online TA,TA/TO,0,0,0,E,E,0,No Deposit,9.0,0,Transient,199.0,0,1
City Hotel,0,115,2017,August,34,20,2,1,2,0.0,0,BB,USA,Offline TA/TO,TA/TO,0,0,0,A,A,0,No Deposit,98.0,0,Transient-Party,125.0,0,2
City Hotel,0,98,2017,August,33,16,2,5,2,0.0,0,BB,FRA,Offline TA/TO,TA/TO,0,0,0,A,A,0,No Deposit,42.0,0,Transient,81.39,0,1
City Hotel,0,0,2017,August,34,21,1,1,2,0.0,0,SC,AUS,Online TA,TA/TO,0,0,0,A,A,0,No Deposit,9.0,0,Transient,140.0,0,2
City Hotel,0,129,2017,August,34,23,0,1,2,0.0,0,SC,IRL,Online TA,TA/TO,0,0,0,A,A,0,No Deposit,9.0,0,Transient,125.0,0,2
City Hotel,0,129,2017,August,34,23,0,1,2,0.0,0,SC,IRL,Online TA,TA/TO,0,0,0,A,A,0,No Deposit,9.0,0,Transient,125.0,0,2
City Hotel,0,184,2017,August,34,20,2,2,2,0.0,0,BB,GBR,Online TA,TA/TO,0,0,0,D,D,0,No Deposit,9.0,0,Transient,126.0,0,0
City Hotel,0,230,2017,August,33,18,2,4,2,0.0,0,SC,DEU,Online TA,TA/TO,0,0,0,A,A,0,No Deposit,7.0,0,Transient,72.86,0,1
City Hotel,0,212,2017,August,34,22,0,2,2,0.0,0,HB,BEL,Online TA,TA/TO,0,0,0,D,D,0,No Deposit,9.0,0,Transient,171.0,1,2
City Hotel,0,184,2017,August,34,20,2,2,2,0.0,0,BB,GBR,Online TA,TA/TO,0,0,0,D,D,0,No Deposit,9.0,0,Transient,126.0,0,0
City Hotel,0,96,2017,August,34,21,1,2,2,0.0,0,BB,GBR,Offline TA/TO,TA/TO,0,0,0,A,A,0,No Deposit,132.0,0,Transient,80.1,0,1
City Hotel,0,15,2017,August,33,19,2,3,2,0.0,0,BB,IRL,Online TA,TA/TO,0,0,0,D,D,0,No Deposit,7.0,0,Transient,139.2,0,1
City Hotel,0,180,2017,August,34,21,1,2,2,0.0,0,SC,FRA,Online TA,TA/TO,0,0,0,A,A,0,No Deposit,9.0,0,Transient,99.0,0,2
City Hotel,0,183,2017,August,34,21,1,2,2,0.0,0,BB,ITA,Online TA,TA/TO,0,0,0,A,A,2,No Deposit,9.0,0,Transient-Party,117.0,0,3
City Hotel,0,189,2017,August,35,27,2,0,2,0.0,0,BB,ITA,Online TA,TA/TO,0,0,1,A,A,1,No Deposit,9.0,0,Transient-Party,119.0,0,3
City Hotel,0,183,2017,August,34,21,1,2,2,0.0,0,BB,ITA,Online TA,TA/TO,0,0,0,A,A,0,No Deposit,9.0,0,Transient-Party,117.0,0,3
City Hotel,0,183,2017,August,34,21,1,2,2,0.0,0,BB,ITA,Online TA,TA/TO,0,0,0,A,A,0,No Deposit,9.0,0,Transient,117.0,0,2
City Hotel,0,189,2017,August,35,27,2,0,2,0.0,0,BB,ITA,Online TA,TA/TO,0,0,1,A,A,1,No Deposit,9.0,0,Transient,119.0,0,2
City Hotel,0,168,2017,August,34,20,2,2,2,0.0,0,SC,FRA,Online TA,TA/TO,0,0,0,A,A,0,No Deposit,9.0,0,Transient,112.5,0,2
City Hotel,0,120,2017,August,34,20,2,2,2,0.0,0,BB,AUT,Direct,Direct,0,0,0,A,A,0,No Deposit,14.0,0,Transient,112.5,0,0
City Hotel,0,186,2017,August,34,20,2,2,2,0.0,0,BB,FRA,Online TA,TA/TO,0,0,0,A,A,2,No Deposit,9.0,0,Transient,117.0,0,0
City Hotel,0,96,2017,August,34,20,2,2,2,0.0,0,BB,DEU,Offline TA/TO,TA/TO,0,0,0,A,A,0,No Deposit,22.0,0,Transient,80.1,0,1
City Hotel,0,96,2017,August,34,20,2,2,2,0.0,0,BB,DEU,Offline TA/TO,TA/TO,0,0,0,A,A,0,No Deposit,22.0,0,Transient,80.1,0,1
City Hotel,0,19,2017,August,34,22,0,2,2,0.0,0,BB,ESP,Online TA,TA/TO,0,0,0,A,A,0,No Deposit,9.0,0,Transient,169.0,1,1
City Hotel,0,98,2017,August,33,18,2,4,2,0.0,0,SC,ESP,Offline TA/TO,TA/TO,0,0,0,A,A,0,No Deposit,28.0,0,Transient,71.1,0,0
City Hotel,0,61,2017,August,34,23,0,1,2,0.0,0,BB,DEU,Offline TA/TO,TA/TO,0,0,0,A,A,0,No Deposit,98.0,0,Transient-Party,125.0,0,1
City Hotel,0,201,2017,August,33,16,2,6,2,0.0,0,BB,GBR,Offline TA/TO,TA/TO,0,0,0,A,A,0,No Deposit,168.0,0,Transient,80.1,0,0
City Hotel,0,141,2017,August,33,17,2,5,2,0.0,0,SC,FRA,Online TA,TA/TO,0,0,0,A,A,2,No Deposit,9.0,0,Transient,125.0,0,2
City Hotel,0,161,2017,August,33,18,2,4,2,0.0,0,SC,GBR,Offline TA/TO,TA/TO,0,0,0,A,A,0,No Deposit,6.0,0,Transient,71.1,0,1
City Hotel,0,172,2017,August,34,21,1,2,2,0.0,0,HB,PRT,Online TA,TA/TO,0,0,0,A,A,0,No Deposit,7.0,0,Transient,125.17,0,0
City Hotel,0,159,2017,August,34,20,2,2,2,0.0,0,BB,FRA,Online TA,TA/TO,0,0,0,A,A,0,No Deposit,8.0,0,Transient,130.5,0,0
City Hotel,0,175,2017,August,34,21,1,2,2,0.0,0,SC,FRA,Online TA,TA/TO,0,0,0,A,A,1,No Deposit,9.0,0,Transient,99.0,0,2
City Hotel,0,204,2017,August,34,21,1,3,2,0.0,0,SC,USA,Online TA,TA/TO,0,0,0,A,A,0,No Deposit,9.0,0,Transient,99.0,0,0
City Hotel,0,154,2017,August,34,20,2,3,2,0.0,0,BB,GBR,Online TA,TA/TO,0,0,0,A,A,0,No Deposit,7.0,0,Transient,104.4,0,0
City Hotel,0,1,2017,August,34,24,0,1,2,0.0,0,SC,FRA,Direct,Direct,0,0,0,A,A,0,No Deposit,14.0,0,Transient,128.0,1,1
City Hotel,0,10,2017,August,34,24,0,1,2,0.0,0,SC,ROU,Online TA,TA/TO,0,0,0,A,A,0,No Deposit,9.0,0,Transient,107.1,0,1
City Hotel,0,181,2017,August,34,21,1,3,2,0.0,0,SC,FRA,Online TA,TA/TO,0,0,0,A,A,0,No Deposit,9.0,0,Transient,99.0,0,1
City Hotel,0,0,2017,August,33,19,2,4,2,0.0,0,BB,PRT,Offline TA/TO,TA/TO,0,0,0,A,A,0,No Deposit,98.0,0,Transient-Party,125.0,0,0
City Hotel,0,2,2017,August,34,24,0,1,2,0.0,0,BB,PRT,Groups,TA/TO,0,0,0,A,A,0,No Deposit,147.0,0,Transient-Party,140.0,0,1
City Hotel,0,119,2017,August,34,21,1,3,2,0.0,0,BB,BRA,Direct,Direct,0,0,0,A,A,2,No Deposit,14.0,0,Transient,90.7,0,2
City Hotel,0,59,2017,August,34,23,0,2,2,0.0,0,SC,GBR,Online TA,TA/TO,0,0,0,A,A,0,No Deposit,423.0,0,Transient,95.12,0,0
City Hotel,0,209,2017,August,34,22,0,3,2,0.0,0,SC,ESP,Online TA,TA/TO,0,0,0,A,A,0,No Deposit,9.0,0,Transient,108.0,1,1
City Hotel,0,2,2017,August,34,24,0,1,2,0.0,0,BB,MEX,Groups,TA/TO,0,0,0,A,A,0,No Deposit,147.0,0,Transient-Party,140.0,0,1
City Hotel,0,2,2017,August,34,24,0,1,2,0.0,0,BB,MEX,Groups,TA/TO,0,0,0,A,A,0,No Deposit,147.0,0,Transient-Party,140.0,0,1
City Hotel,0,2,2017,August,34,24,0,1,2,0.0,0,BB,MEX,Groups,TA/TO,0,0,0,A,A,0,No Deposit,147.0,0,Transient-Party,140.0,0,1
City Hotel,0,2,2017,August,34,24,0,1,2,0.0,0,BB,MEX,Groups,TA/TO,0,0,0,A,A,0,No Deposit,147.0,0,Transient-Party,140.0,0,1
City Hotel,0,2,2017,August,34,24,0,1,2,0.0,0,BB,MEX,Groups,TA/TO,0,0,0,A,A,0,No Deposit,147.0,0,Transient-Party,140.0,0,1
City Hotel,0,2,2017,August,34,24,0,1,2,0.0,0,BB,MEX,Groups,TA/TO,0,0,0,A,A,0,No Deposit,147.0,0,Transient-Party,140.0,0,1
City Hotel,0,2,2017,August,34,24,0,1,2,0.0,0,BB,MEX,Groups,TA/TO,0,0,0,A,A,0,No Deposit,147.0,0,Transient-Party,140.0,0,1
City Hotel,0,190,2017,August,34,21,1,3,2,0.0,0,BB,ITA,Online TA,TA/TO,0,0,0,A,A,0,No Deposit,9.0,0,Transient,117.0,0,1
City Hotel,0,2,2017,August,34,24,0,1,2,0.0,0,BB,MEX,Groups,TA/TO,0,0,0,A,A,0,No Deposit,147.0,0,Transient-Party,140.0,0,1
City Hotel,0,184,2017,August,34,22,0,3,2,0.0,0,BB,DEU,Online TA,TA/TO,0,0,0,A,A,2,No Deposit,9.0,0,Transient,130.5,1,2
City Hotel,0,184,2017,August,34,22,0,3,2,0.0,0,BB,DEU,Online TA,TA/TO,0,0,0,A,A,2,No Deposit,9.0,0,Transient,121.5,1,2
City Hotel,0,7,2017,August,34,23,0,2,2,0.0,0,HB,ESP,Online TA,TA/TO,0,0,0,A,A,0,No Deposit,9.0,0,Transient,196.5,0,1
City Hotel,0,0,2017,August,34,24,0,1,2,0.0,0,BB,PRT,Direct,Direct,0,0,0,D,D,0,No Deposit,,0,Transient,148.0,0,1
City Hotel,0,96,2017,August,34,21,1,3,2,0.0,0,BB,GBR,Offline TA/TO,TA/TO,0,0,0,D,D,0,No Deposit,168.0,0,Transient,89.1,0,0
City Hotel,0,29,2017,August,34,24,0,1,2,0.0,0,BB,BRA,Online TA,TA/TO,0,0,0,A,A,0,No Deposit,7.0,0,Transient,111.2,0,1
City Hotel,0,29,2017,August,34,24,0,1,2,0.0,0,BB,BRA,Online TA,TA/TO,0,0,0,A,A,0,No Deposit,7.0,0,Transient,111.2,0,1
City Hotel,0,173,2017,August,33,18,2,5,2,0.0,0,SC,FRA,Online TA,TA/TO,0,0,0,A,A,0,No Deposit,9.0,0,Transient,100.93,0,2
City Hotel,0,30,2017,August,34,23,0,2,2,0.0,0,SC,FRA,Online TA,TA/TO,0,0,0,A,A,0,No Deposit,9.0,0,Transient,129.5,0,1
City Hotel,0,95,2017,August,34,21,1,3,2,0.0,0,BB,NLD,Offline TA/TO,TA/TO,0,0,0,A,A,0,No Deposit,138.0,0,Transient,80.1,0,1
City Hotel,0,118,2017,August,34,20,2,3,2,0.0,0,BB,CN,Offline TA/TO,TA/TO,0,0,0,A,A,0,No Deposit,138.0,0,Transient,71.1,0,0
City Hotel,0,141,2017,August,34,23,0,2,2,0.0,0,BB,USA,Direct,Direct,0,0,0,D,D,0,No Deposit,14.0,0,Transient,150.0,0,2
City Hotel,0,211,2017,August,34,23,0,2,2,0.0,0,SC,IRL,Online TA,TA/TO,0,0,0,A,A,2,No Deposit,9.0,0,Transient-Party,99.0,0,2
City Hotel,0,164,2017,August,33,18,2,5,2,0.0,0,BB,GBR,Offline TA/TO,TA/TO,0,0,0,D,D,0,No Deposit,168.0,0,Transient,89.1,0,0
City Hotel,0,142,2017,August,34,24,0,1,2,0.0,0,BB,USA,Direct,Direct,0,0,0,D,D,0,No Deposit,14.0,0,Transient,150.0,0,2
City Hotel,0,141,2017,August,34,23,0,2,2,0.0,0,HB,USA,Direct,Direct,0,0,0,D,D,1,No Deposit,14.0,0,Transient,186.0,0,2
City Hotel,0,37,2017,August,34,24,0,1,2,0.0,0,SC,FRA,Online TA,TA/TO,0,0,0,A,A,0,No Deposit,9.0,0,Transient,119.0,0,1
City Hotel,0,141,2017,August,34,23,0,2,2,0.0,0,BB,USA,Direct,Direct,0,0,0,D,D,0,No Deposit,14.0,0,Transient,150.0,0,2
City Hotel,0,142,2017,August,34,24,0,1,2,0.0,0,BB,USA,Direct,Direct,0,0,0,D,D,1,No Deposit,14.0,0,Transient,150.0,0,2
City Hotel,0,142,2017,August,34,24,0,1,2,0.0,0,BB,USA,Direct,Direct,0,0,0,D,E,1,No Deposit,14.0,0,Transient,150.0,0,2
City Hotel,0,141,2017,August,34,23,0,2,2,0.0,0,BB,USA,Direct,Direct,0,0,0,D,D,0,No Deposit,14.0,0,Transient,150.0,0,2
City Hotel,0,63,2017,August,34,23,0,2,2,0.0,0,BB,USA,Online TA,TA/TO,0,0,0,A,A,1,No Deposit,8.0,0,Transient,139.0,0,1
City Hotel,0,163,2017,August,34,24,0,1,2,0.0,0,BB,TUR,Offline TA/TO,TA/TO,0,0,0,A,C,0,No Deposit,168.0,0,Transient,80.1,0,0
City Hotel,0,139,2017,August,34,20,2,3,2,0.0,0,SC,IRL,Online TA,TA/TO,0,0,0,A,A,0,No Deposit,9.0,0,Transient,125.0,0,1
City Hotel,0,181,2017,August,34,21,1,3,2,0.0,0,SC,IRL,Online TA,TA/TO,0,0,0,A,A,2,No Deposit,9.0,0,Transient,101.75,0,1
City Hotel,0,155,2017,August,34,20,2,3,2,0.0,0,HB,FRA,Online TA,TA/TO,0,0,0,A,A,2,No Deposit,9.0,0,Transient,141.0,1,1
City Hotel,0,168,2017,August,34,20,2,3,2,0.0,0,BB,CZE,Online TA,TA/TO,0,0,0,A,A,0,No Deposit,9.0,0,Transient,130.5,0,1
City Hotel,0,0,2017,August,34,24,0,1,2,0.0,0,SC,FRA,Online TA,TA/TO,0,0,0,A,A,0,No Deposit,9.0,0,Transient,128.0,0,1
City Hotel,0,181,2017,August,34,21,1,3,2,0.0,0,SC,ROU,Online TA,TA/TO,0,0,0,A,A,0,No Deposit,9.0,0,Transient,108.0,0,1
City Hotel,0,121,2017,August,33,19,2,4,2,0.0,0,BB,CHL,Direct,Direct,0,0,0,A,A,4,No Deposit,14.0,0,Transient,114.75,0,1
City Hotel,0,8,2017,August,34,23,0,2,2,0.0,0,SC,AUS,Online TA,TA/TO,0,0,0,A,A,0,No Deposit,9.0,0,Transient,129.5,0,0
City Hotel,0,234,2017,August,34,22,0,3,2,0.0,0,BB,DEU,Offline TA/TO,TA/TO,0,0,0,A,A,0,No Deposit,138.0,0,Transient,80.1,0,1
City Hotel,0,110,2017,August,34,20,2,4,2,0.0,0,BB,COL,Direct,Direct,0,0,0,B,B,3,No Deposit,14.0,0,Transient-Party,146.25,0,1
City Hotel,0,205,2017,August,34,25,0,1,2,0.0,0,SC,DEU,Online TA,TA/TO,0,0,0,A,D,0,No Deposit,9.0,0,Transient,99.0,0,0
City Hotel,0,121,2017,August,34,23,0,3,2,0.0,0,SC,GBR,Online TA,TA/TO,0,0,0,A,A,0,No Deposit,7.0,0,Transient,95.0,0,1
City Hotel,0,39,2017,August,34,22,0,4,2,0.0,0,SC,IRL,Online TA,TA/TO,0,0,0,A,A,0,No Deposit,9.0,0,Transient,134.5,0,1
City Hotel,0,95,2017,August,33,19,2,5,2,0.0,0,BB,USA,Offline TA/TO,TA/TO,0,0,0,A,A,1,No Deposit,98.0,0,Transient-Party,125.0,0,1
City Hotel,0,34,2017,August,34,23,0,3,2,0.0,0,BB,CN,Online TA,TA/TO,0,0,0,A,A,0,No Deposit,9.0,0,Transient,153.0,0,1
City Hotel,0,230,2017,August,34,21,1,4,2,0.0,0,BB,NOR,Online TA,TA/TO,0,0,0,A,A,0,No Deposit,9.0,0,Transient,117.0,0,2
City Hotel,0,193,2017,August,34,23,0,3,2,0.0,0,BB,DEU,Online TA,TA/TO,0,0,0,D,D,0,No Deposit,9.0,0,Transient,126.0,0,1
City Hotel,0,121,2017,August,34,20,2,4,2,0.0,0,SC,CHN,Online TA,TA/TO,0,0,0,A,A,0,No Deposit,7.0,0,Transient,100.0,0,1
City Hotel,0,116,2017,August,34,21,1,4,2,0.0,0,HB,FRA,Direct,Direct,0,0,0,A,A,1,No Deposit,14.0,0,Transient,176.0,0,0
City Hotel,0,22,2017,August,34,24,0,2,2,0.0,0,BB,POL,Online TA,TA/TO,0,0,0,A,A,0,No Deposit,9.0,0,Transient,149.5,0,1
City Hotel,0,33,2017,August,34,22,0,4,2,0.0,0,HB,ESP,Online TA,TA/TO,0,0,0,A,A,0,No Deposit,9.0,0,Transient,201.75,0,1
City Hotel,0,2,2017,August,34,25,0,1,2,0.0,0,BB,PRT,Direct,Direct,0,0,0,D,K,0,No Deposit,,0,Transient,170.0,0,3
City Hotel,0,42,2017,August,34,26,0,1,2,0.0,0,BB,PRT,Online TA,Direct,0,0,0,D,D,2,No Deposit,9.0,0,Transient,170.0,0,3
City Hotel,0,111,2017,August,34,20,2,4,2,0.0,0,BB,CHN,Direct,Direct,0,0,0,A,A,1,No Deposit,14.0,0,Transient,160.0,0,2
City Hotel,0,111,2017,August,34,20,2,4,2,0.0,0,BB,CHN,Direct,Direct,0,0,0,A,A,1,No Deposit,14.0,0,Transient,160.0,0,3
City Hotel,0,111,2017,August,34,24,0,2,2,0.0,0,SC,GBR,Online TA,TA/TO,0,0,0,A,A,1,No Deposit,9.0,0,Transient,125.0,0,1
City Hotel,0,95,2017,August,34,20,2,4,2,0.0,0,BB,NLD,Offline TA/TO,TA/TO,0,0,0,A,A,0,No Deposit,98.0,0,Transient-Party,125.0,0,0
City Hotel,0,11,2017,August,34,24,0,2,2,0.0,0,BB,ESP,Direct,Direct,0,0,0,A,A,1,No Deposit,14.0,0,Transient,148.5,1,0
City Hotel,0,114,2017,August,34,23,0,3,2,0.0,0,SC,FRA,Online TA,TA/TO,0,0,0,A,A,0,No Deposit,9.0,0,Transient,125.0,0,1
City Hotel,0,198,2017,August,34,22,0,4,2,0.0,0,SC,DEU,Online TA,TA/TO,0,0,0,A,A,0,No Deposit,9.0,0,Transient,99.0,0,0
City Hotel,0,159,2017,August,34,22,0,4,2,0.0,0,BB,POL,Online TA,TA/TO,0,0,0,D,D,0,No Deposit,9.0,0,Transient,139.5,0,1
City Hotel,0,35,2017,August,34,22,0,4,2,0.0,0,BB,FRA,Online TA,TA/TO,0,0,0,D,D,0,No Deposit,7.0,0,Transient,131.8,0,1
City Hotel,0,38,2017,August,34,22,0,4,2,0.0,0,SC,FRA,Online TA,TA/TO,0,0,0,A,A,0,No Deposit,9.0,0,Transient,134.5,0,1
City Hotel,0,196,2017,August,33,19,2,5,2,0.0,0,HB,ROU,Online TA,TA/TO,0,0,0,A,A,0,No Deposit,9.0,0,Transient,149.79,0,3
City Hotel,0,12,2017,August,34,24,0,2,2,0.0,0,BB,FRA,Direct,Direct,0,0,0,A,A,0,No Deposit,14.0,0,Transient,148.5,1,0
City Hotel,0,117,2017,August,34,21,1,4,2,0.0,0,BB,BEL,Offline TA/TO,TA/TO,0,0,0,A,A,0,No Deposit,394.0,0,Transient,80.1,0,0
City Hotel,0,43,2017,August,34,25,0,1,2,0.0,0,SC,GBR,Online TA,TA/TO,0,0,0,A,A,0,No Deposit,9.0,0,Transient,140.0,0,3
City Hotel,0,32,2017,August,34,24,0,2,2,0.0,0,SC,FRA,Online TA,TA/TO,0,0,0,A,A,0,No Deposit,9.0,0,Transient,129.5,0,1
City Hotel,0,58,2017,August,34,24,0,2,2,0.0,0,SC,DEU,Online TA,TA/TO,0,0,0,A,A,0,No Deposit,9.0,0,Transient,138.0,0,1
City Hotel,0,159,2017,August,34,22,0,4,2,0.0,0,BB,ISR,Online TA,TA/TO,0,0,0,A,A,1,No Deposit,83.0,0,Transient,104.4,0,0
City Hotel,0,124,2017,August,34,20,2,4,2,0.0,0,SC,PRT,Online TA,TA/TO,0,0,0,A,A,0,No Deposit,8.0,0,Transient,125.0,0,2
City Hotel,0,143,2017,August,34,23,0,4,2,0.0,0,BB,ITA,Online TA,TA/TO,0,0,0,D,A,0,No Deposit,9.0,0,Transient,155.0,0,1
City Hotel,0,18,2017,August,34,23,0,4,2,0.0,0,SC,SWE,Online TA,TA/TO,0,0,0,A,A,0,No Deposit,9.0,0,Transient,134.75,0,1
City Hotel,0,103,2017,August,34,21,1,5,2,0.0,0,BB,BEL,Online TA,TA/TO,0,0,0,D,D,0,No Deposit,7.0,0,Transient,117.8,0,1
City Hotel,0,457,2017,August,34,25,0,2,2,0.0,0,HB,DEU,Offline TA/TO,TA/TO,0,0,0,A,A,1,No Deposit,6.0,0,Transient-Party,122.4,0,1
City Hotel,0,457,2017,August,34,25,0,2,2,0.0,0,HB,DEU,Offline TA/TO,TA/TO,0,0,0,A,A,1,No Deposit,6.0,0,Transient-Party,122.4,0,1
City Hotel,0,28,2017,August,34,24,0,3,2,0.0,0,BB,IRL,Online TA,TA/TO,0,0,0,D,D,0,No Deposit,9.0,0,Transient,163.0,0,2
City Hotel,0,32,2017,August,34,25,0,2,2,0.0,0,BB,GBR,Online TA,TA/TO,0,0,0,D,D,0,No Deposit,9.0,0,Transient,170.0,0,1
City Hotel,0,136,2017,August,34,20,2,5,2,0.0,0,BB,FRA,Online TA,TA/TO,0,0,0,D,D,0,No Deposit,7.0,0,Transient,109.39,0,1
City Hotel,0,237,2017,August,34,22,0,5,2,0.0,0,BB,GBR,Offline TA/TO,TA/TO,0,0,0,A,A,0,No Deposit,42.0,0,Transient,80.1,0,0
City Hotel,0,457,2017,August,34,25,0,2,2,0.0,0,HB,DEU,Offline TA/TO,TA/TO,0,0,0,A,A,1,No Deposit,6.0,0,Transient-Party,122.4,0,1
City Hotel,0,457,2017,August,34,25,0,2,2,0.0,0,HB,DEU,Offline TA/TO,TA/TO,0,0,0,A,A,1,No Deposit,6.0,0,Transient-Party,122.4,0,1
City Hotel,0,457,2017,August,34,25,0,2,2,0.0,0,HB,DEU,Offline TA/TO,TA/TO,0,0,0,A,A,1,No Deposit,6.0,0,Transient-Party,122.4,0,1
City Hotel,0,457,2017,August,34,25,0,2,2,0.0,0,HB,DEU,Offline TA/TO,TA/TO,0,0,0,A,A,1,No Deposit,6.0,0,Transient-Party,122.4,0,1
City Hotel,0,457,2017,August,34,25,0,2,2,0.0,0,HB,DEU,Offline TA/TO,TA/TO,0,0,0,A,A,1,No Deposit,6.0,0,Transient-Party,122.4,0,1
City Hotel,0,457,2017,August,34,25,0,2,2,0.0,0,HB,DEU,Offline TA/TO,TA/TO,0,0,0,A,A,1,No Deposit,6.0,0,Transient-Party,122.4,0,1
City Hotel,0,457,2017,August,34,25,0,2,2,0.0,0,HB,DEU,Offline TA/TO,TA/TO,0,0,0,A,A,1,No Deposit,6.0,0,Transient-Party,122.4,0,1
City Hotel,0,457,2017,August,34,25,0,2,2,0.0,0,HB,DEU,Offline TA/TO,TA/TO,0,0,0,A,A,1,No Deposit,6.0,0,Transient-Party,122.4,0,1
City Hotel,0,457,2017,August,34,25,0,2,2,0.0,0,HB,DEU,Offline TA/TO,TA/TO,0,0,0,A,A,1,No Deposit,6.0,0,Transient-Party,122.4,0,1
City Hotel,0,457,2017,August,34,25,0,2,2,0.0,0,HB,DEU,Offline TA/TO,TA/TO,0,0,0,A,A,1,No Deposit,6.0,0,Transient-Party,122.4,0,1
City Hotel,0,457,2017,August,34,25,0,2,2,0.0,0,HB,AUT,Offline TA/TO,TA/TO,0,0,0,A,A,1,No Deposit,6.0,0,Transient-Party,122.4,0,1
City Hotel,0,457,2017,August,34,25,0,2,2,0.0,0,HB,DEU,Offline TA/TO,TA/TO,0,0,0,A,A,1,No Deposit,6.0,0,Transient-Party,122.4,0,1
City Hotel,0,457,2017,August,34,25,0,2,2,0.0,0,HB,DEU,Offline TA/TO,TA/TO,0,0,0,A,C,1,No Deposit,6.0,0,Transient-Party,122.4,0,1
City Hotel,0,457,2017,August,34,25,0,2,2,0.0,0,HB,DEU,Offline TA/TO,TA/TO,0,0,0,A,A,1,No Deposit,6.0,0,Transient-Party,122.4,0,1
City Hotel,0,457,2017,August,34,25,0,2,2,0.0,0,HB,DEU,Offline TA/TO,TA/TO,0,0,0,A,A,1,No Deposit,6.0,0,Transient-Party,122.4,0,1
City Hotel,0,457,2017,August,34,25,0,2,2,0.0,0,HB,DEU,Offline TA/TO,TA/TO,0,0,0,A,A,1,No Deposit,6.0,0,Transient-Party,122.4,0,1
City Hotel,0,457,2017,August,34,25,0,2,2,0.0,0,HB,DEU,Offline TA/TO,TA/TO,0,0,0,A,A,1,No Deposit,6.0,0,Transient-Party,122.4,0,1
City Hotel,0,457,2017,August,34,25,0,2,2,0.0,0,HB,DEU,Offline TA/TO,TA/TO,0,0,0,A,A,1,No Deposit,6.0,0,Transient-Party,122.4,0,1
City Hotel,0,457,2017,August,34,25,0,2,2,0.0,0,HB,AUT,Offline TA/TO,TA/TO,0,0,0,A,A,1,No Deposit,6.0,0,Transient-Party,122.4,0,1
City Hotel,0,457,2017,August,34,25,0,2,2,0.0,0,HB,DEU,Offline TA/TO,TA/TO,0,0,0,A,A,1,No Deposit,6.0,0,Transient-Party,122.4,0,1
City Hotel,0,457,2017,August,34,25,0,2,2,0.0,0,HB,DEU,Offline TA/TO,TA/TO,0,0,0,A,A,1,No Deposit,6.0,0,Transient-Party,114.4,0,1
City Hotel,0,457,2017,August,34,25,0,2,2,0.0,0,HB,DEU,Offline TA/TO,TA/TO,0,0,0,A,A,1,No Deposit,6.0,0,Transient-Party,122.4,0,1
City Hotel,0,195,2017,August,34,24,0,3,2,0.0,0,BB,ITA,Online TA,TA/TO,0,0,0,D,D,0,No Deposit,9.0,0,Transient,126.0,0,0
City Hotel,0,457,2017,August,34,25,0,2,2,0.0,0,HB,DEU,Offline TA/TO,TA/TO,0,0,0,A,A,3,No Deposit,6.0,0,Transient-Party,122.4,0,1
City Hotel,0,457,2017,August,34,25,0,2,2,0.0,0,HB,DEU,Offline TA/TO,TA/TO,0,0,0,A,A,1,No Deposit,6.0,0,Transient-Party,122.4,0,1
City Hotel,0,457,2017,August,34,25,0,2,2,0.0,0,HB,DEU,Offline TA/TO,TA/TO,0,0,0,A,A,1,No Deposit,6.0,0,Transient-Party,122.4,0,1
City Hotel,0,457,2017,August,34,25,0,2,2,0.0,0,HB,DEU,Offline TA/TO,TA/TO,0,0,0,A,A,1,No Deposit,6.0,0,Transient-Party,122.4,0,1
City Hotel,0,457,2017,August,34,25,0,2,2,0.0,0,HB,DEU,Offline TA/TO,TA/TO,0,0,0,A,A,1,No Deposit,6.0,0,Transient-Party,122.4,0,1
City Hotel,0,457,2017,August,34,25,0,2,2,0.0,0,HB,DEU,Offline TA/TO,TA/TO,0,0,0,A,A,1,No Deposit,6.0,0,Transient-Party,122.4,0,1
City Hotel,0,30,2017,August,34,25,0,2,2,0.0,0,BB,ESP,Online TA,TA/TO,0,0,0,D,D,0,No Deposit,7.0,0,Transient,145.0,0,1
City Hotel,0,457,2017,August,34,25,0,2,2,0.0,0,HB,DEU,Offline TA/TO,TA/TO,0,0,0,A,A,1,No Deposit,6.0,0,Transient-Party,122.4,0,1
City Hotel,0,6,2017,August,34,24,0,3,2,0.0,0,HB,PRT,Direct,Direct,0,0,0,A,A,1,No Deposit,14.0,0,Transient,179.0,0,0
City Hotel,0,457,2017,August,34,25,0,2,2,0.0,0,HB,DEU,Offline TA/TO,TA/TO,0,0,0,A,A,1,No Deposit,6.0,0,Transient-Party,122.4,0,1
City Hotel,0,457,2017,August,34,25,0,2,2,0.0,0,HB,DEU,Offline TA/TO,TA/TO,0,0,0,A,A,1,No Deposit,6.0,0,Transient-Party,122.4,0,1
City Hotel,0,457,2017,August,34,25,0,2,2,0.0,0,HB,DEU,Offline TA/TO,TA/TO,0,0,0,A,A,3,No Deposit,6.0,0,Transient-Party,122.4,0,1
City Hotel,0,457,2017,August,34,25,0,2,2,0.0,0,HB,DEU,Offline TA/TO,TA/TO,0,0,0,A,A,1,No Deposit,6.0,0,Transient-Party,122.4,0,1
City Hotel,0,211,2017,August,34,24,0,3,2,0.0,0,BB,DEU,Offline TA/TO,TA/TO,0,0,0,A,A,0,No Deposit,16.0,0,Transient,80.1,0,0
City Hotel,0,122,2017,August,34,20,2,5,2,0.0,0,BB,FRA,Offline TA/TO,TA/TO,0,0,0,A,A,2,No Deposit,98.0,0,Transient-Party,125.0,0,0
City Hotel,0,196,2017,August,34,23,0,4,2,0.0,0,BB,DEU,Offline TA/TO,TA/TO,0,0,0,A,A,0,No Deposit,85.0,0,Transient,80.1,0,1
City Hotel,0,457,2017,August,34,25,0,2,2,0.0,0,HB,AUT,Offline TA/TO,TA/TO,0,0,0,A,A,1,No Deposit,6.0,0,Transient-Party,122.4,0,1
City Hotel,0,457,2017,August,34,25,0,2,2,0.0,0,HB,DEU,Offline TA/TO,TA/TO,0,0,0,A,A,1,No Deposit,6.0,0,Transient-Party,122.4,0,1
City Hotel,0,122,2017,August,34,26,0,1,2,0.0,0,BB,DEU,Online TA,TA/TO,0,0,0,D,D,0,No Deposit,9.0,0,Transient,164.0,1,1
City Hotel,0,457,2017,August,34,25,0,2,2,0.0,0,HB,DEU,Offline TA/TO,TA/TO,0,0,0,A,A,3,No Deposit,6.0,0,Transient-Party,122.4,0,1
City Hotel,0,457,2017,August,34,25,0,2,2,0.0,0,HB,DEU,Offline TA/TO,TA/TO,0,0,0,A,A,1,No Deposit,6.0,0,Transient-Party,122.4,0,1
City Hotel,0,457,2017,August,34,25,0,2,2,0.0,0,HB,DEU,Offline TA/TO,TA/TO,0,0,0,A,A,1,No Deposit,6.0,0,Transient-Party,122.4,0,1
City Hotel,0,457,2017,August,34,25,0,2,2,0.0,0,HB,DEU,Offline TA/TO,TA/TO,0,0,0,A,A,1,No Deposit,6.0,0,Transient-Party,122.4,0,1
City Hotel,0,457,2017,August,34,25,0,2,2,0.0,0,HB,AUT,Offline TA/TO,TA/TO,0,0,0,A,A,1,No Deposit,6.0,0,Transient-Party,122.4,0,1
City Hotel,0,44,2017,August,34,24,0,3,2,0.0,0,BB,FRA,Online TA,TA/TO,0,0,0,D,D,0,No Deposit,9.0,0,Transient,162.67,0,1
City Hotel,0,457,2017,August,34,25,0,2,2,0.0,0,HB,DEU,Offline TA/TO,TA/TO,0,0,0,A,A,1,No Deposit,6.0,0,Transient-Party,122.4,0,1
City Hotel,0,457,2017,August,34,25,0,2,2,0.0,0,HB,DEU,Offline TA/TO,TA/TO,0,0,0,A,A,1,No Deposit,6.0,0,Transient-Party,122.4,0,1
City Hotel,0,176,2017,August,34,20,2,5,2,0.0,0,BB,DEU,Online TA,TA/TO,0,0,0,D,D,0,No Deposit,9.0,0,Transient,126.0,0,0
City Hotel,0,174,2017,August,34,20,2,5,2,0.0,0,BB,DEU,Offline TA/TO,TA/TO,0,0,0,A,A,2,No Deposit,98.0,0,Transient-Party,125.0,0,0
City Hotel,0,457,2017,August,34,25,0,2,2,0.0,0,HB,DEU,Offline TA/TO,TA/TO,0,0,0,A,A,1,No Deposit,6.0,0,Transient-Party,122.4,0,1
City Hotel,0,205,2017,August,34,25,0,2,2,0.0,0,SC,CHE,Online TA,TA/TO,0,0,0,A,A,0,No Deposit,7.0,0,Transient,72.42,0,1
City Hotel,0,9,2017,August,34,25,0,2,2,0.0,0,SC,ESP,Online TA,TA/TO,0,0,0,A,A,0,No Deposit,9.0,0,Transient,140.0,0,1
City Hotel,0,49,2017,August,34,23,0,4,2,0.0,0,SC,FIN,Online TA,TA/TO,0,0,0,A,A,0,No Deposit,423.0,0,Transient,99.22,0,2
City Hotel,0,31,2017,August,34,26,0,1,2,0.0,0,HB,DEU,Direct,Direct,0,0,0,A,E,1,No Deposit,14.0,0,Transient,195.0,0,4
City Hotel,0,38,2017,August,34,24,0,3,2,0.0,0,BB,AUS,Online TA,TA/TO,0,0,0,D,D,0,No Deposit,9.0,0,Transient,162.67,0,2
City Hotel,0,457,2017,August,34,25,0,2,2,0.0,0,HB,DEU,Offline TA/TO,TA/TO,0,0,0,A,A,1,No Deposit,6.0,0,Transient-Party,122.4,0,1
City Hotel,0,457,2017,August,34,25,0,2,2,0.0,0,HB,CHE,Offline TA/TO,TA/TO,0,0,0,A,K,1,No Deposit,6.0,0,Transient-Party,122.4,0,1
City Hotel,0,34,2017,August,35,27,1,0,2,0.0,0,SC,PRT,Online TA,TA/TO,0,0,0,A,A,0,No Deposit,9.0,0,Transient,89.0,0,1
City Hotel,0,457,2017,August,34,25,0,2,2,0.0,0,HB,DEU,Offline TA/TO,TA/TO,0,0,0,A,A,1,No Deposit,6.0,0,Transient-Party,122.4,0,1
City Hotel,0,457,2017,August,34,25,0,2,2,0.0,0,HB,DEU,Offline TA/TO,TA/TO,0,0,0,A,A,1,No Deposit,6.0,0,Transient-Party,122.4,0,1
City Hotel,0,97,2017,August,34,21,1,5,2,0.0,0,BB,USA,Offline TA/TO,TA/TO,0,0,0,A,A,6,No Deposit,98.0,0,Transient-Party,125.0,0,0
City Hotel,0,457,2017,August,34,25,0,2,2,0.0,0,HB,DEU,Offline TA/TO,TA/TO,0,0,0,A,A,1,No Deposit,6.0,0,Transient-Party,122.4,0,1
City Hotel,0,1,2017,August,35,27,0,0,2,0.0,0,BB,PRT,Direct,Direct,0,0,0,A,A,0,No Deposit,,0,Transient,0.0,0,0
City Hotel,0,0,2017,August,35,27,1,0,2,0.0,0,SC,PRT,Online TA,TA/TO,0,0,0,A,A,0,No Deposit,9.0,0,Transient,80.1,0,1
City Hotel,0,0,2017,August,35,27,1,0,2,0.0,0,SC,PRT,Online TA,TA/TO,0,0,0,A,A,0,No Deposit,9.0,0,Transient,89.0,0,2
City Hotel,0,326,2017,August,34,26,1,1,2,0.0,0,SC,DEU,Online TA,TA/TO,0,0,0,A,A,0,No Deposit,9.0,0,Transient-Party,89.1,0,0
City Hotel,0,326,2017,August,34,26,1,1,2,0.0,0,SC,DEU,Online TA,TA/TO,0,0,0,A,A,0,No Deposit,9.0,0,Transient-Party,89.1,0,0
City Hotel,0,0,2017,August,35,27,1,0,2,0.0,0,SC,PRT,Online TA,TA/TO,0,0,0,A,A,0,No Deposit,9.0,0,Transient,99.0,0,1
City Hotel,0,187,2017,August,34,25,1,2,2,0.0,0,BB,SWE,Online TA,TA/TO,0,0,0,D,D,0,No Deposit,8.0,0,Transient,135.0,0,0
City Hotel,0,60,2017,August,34,26,1,1,2,0.0,0,BB,BRA,Online TA,TA/TO,0,0,0,D,D,0,No Deposit,85.0,0,Transient,122.4,0,1
City Hotel,0,89,2017,August,34,26,1,1,2,0.0,0,BB,BRA,Online TA,TA/TO,0,0,0,D,D,0,No Deposit,85.0,0,Transient,115.2,0,1
City Hotel,0,169,2017,August,34,25,1,2,2,0.0,0,BB,USA,Online TA,TA/TO,0,0,0,D,D,0,No Deposit,9.0,0,Transient,139.5,0,1
City Hotel,0,89,2017,August,34,26,1,1,2,0.0,0,BB,BRA,Online TA,TA/TO,0,0,0,D,D,0,No Deposit,85.0,0,Transient,115.2,0,1
City Hotel,0,89,2017,August,34,26,1,1,2,0.0,0,BB,BRA,Online TA,TA/TO,0,0,0,D,D,0,No Deposit,83.0,0,Transient,118.08,0,1
City Hotel,0,15,2017,August,34,25,1,2,2,0.0,0,BB,GBR,Direct,Direct,0,0,0,D,D,0,No Deposit,,0,Transient,160.0,0,2
City Hotel,0,13,2017,August,35,27,1,0,2,0.0,0,SC,BRA,Online TA,TA/TO,0,0,0,A,A,0,No Deposit,9.0,0,Transient,89.0,0,1
City Hotel,0,16,2017,August,34,25,1,2,2,0.0,0,BB,GBR,Direct,Direct,0,0,0,D,F,1,No Deposit,,0,Transient,160.0,0,2
City Hotel,0,48,2017,August,34,24,1,3,2,0.0,0,SC,GBR,Online TA,TA/TO,0,0,0,A,A,0,No Deposit,9.0,0,Transient,134.5,0,1
City Hotel,0,0,2017,August,35,27,1,0,2,0.0,0,SC,BRA,Online TA,TA/TO,0,0,0,A,A,0,No Deposit,9.0,0,Transient,80.1,0,1
City Hotel,0,198,2017,August,34,24,1,3,2,0.0,0,SC,BGR,Online TA,TA/TO,0,0,0,A,A,0,No Deposit,9.0,0,Transient,99.0,0,1
City Hotel,0,101,2017,August,35,27,1,0,2,0.0,0,HB,USA,Online TA,TA/TO,0,0,0,D,D,4,No Deposit,9.0,0,Transient,166.0,0,2
City Hotel,0,0,2017,August,35,27,1,0,2,0.0,0,SC,USA,Online TA,TA/TO,0,0,0,A,A,0,No Deposit,7.0,0,Transient,75.24,0,1
City Hotel,0,98,2017,August,35,27,1,0,2,0.0,0,SC,USA,Online TA,TA/TO,0,0,0,A,A,0,No Deposit,423.0,0,Transient,72.16,0,0
City Hotel,0,1,2017,August,35,27,1,0,2,0.0,0,SC,ITA,Online TA,TA/TO,0,0,0,A,A,0,No Deposit,9.0,0,Transient,80.1,0,1
City Hotel,0,290,2017,August,34,21,2,5,2,0.0,0,SC,FRA,Online TA,TA/TO,0,0,0,A,A,2,No Deposit,9.0,0,Transient,99.0,0,2
City Hotel,0,48,2017,August,34,25,1,2,2,0.0,0,SC,BEL,Online TA,TA/TO,0,0,0,A,A,0,No Deposit,9.0,0,Transient,121.67,0,1
City Hotel,0,19,2017,August,35,27,1,0,2,0.0,0,BB,DEU,Online TA,TA/TO,0,0,0,A,A,0,No Deposit,9.0,0,Transient,109.0,0,1
City Hotel,0,161,2017,August,34,21,2,5,2,0.0,0,BB,FRA,Online TA,TA/TO,0,0,0,D,D,0,No Deposit,9.0,0,Transient,139.5,0,1
City Hotel,0,14,2017,August,34,24,1,3,2,0.0,0,BB,DEU,Online TA,TA/TO,0,0,0,A,A,0,No Deposit,9.0,0,Transient,127.0,0,1
City Hotel,0,164,2017,August,34,23,1,4,2,0.0,0,BB,DEU,Online TA,TA/TO,0,0,0,D,D,0,No Deposit,9.0,0,Transient,175.5,0,1
City Hotel,0,18,2017,August,34,26,1,1,2,0.0,0,BB,CHE,Online TA,TA/TO,0,0,0,A,A,0,No Deposit,9.0,0,Transient,134.5,0,1
City Hotel,0,34,2017,August,35,27,1,0,2,0.0,0,SC,FRA,Online TA,TA/TO,0,0,0,A,A,0,No Deposit,9.0,0,Transient,98.0,0,0
City Hotel,0,201,2017,August,34,24,1,3,2,0.0,0,SC,GBR,Online TA,TA/TO,0,0,0,A,A,0,No Deposit,9.0,0,Transient,99.0,0,0
City Hotel,0,1,2017,August,35,27,1,0,2,0.0,0,BB,ESP,Online TA,TA/TO,0,0,0,A,A,0,No Deposit,9.0,0,Transient,109.0,0,2
City Hotel,0,0,2017,August,35,27,1,0,2,0.0,0,BB,DEU,Online TA,TA/TO,0,0,0,D,D,0,No Deposit,9.0,0,Transient,116.1,0,0
City Hotel,0,101,2017,August,35,27,1,0,2,0.0,0,HB,USA,Online TA,TA/TO,0,0,0,D,D,4,No Deposit,9.0,0,Transient,166.0,0,2
City Hotel,0,42,2017,August,35,27,1,0,2,0.0,0,BB,MEX,Direct,Direct,0,0,0,A,A,1,No Deposit,14.0,0,Transient,95.0,0,0
City Hotel,0,101,2017,August,35,27,1,0,2,0.0,0,HB,USA,Online TA,TA/TO,0,0,0,D,D,4,No Deposit,9.0,0,Transient,166.0,0,2
City Hotel,0,9,2017,August,35,27,1,0,2,0.0,0,SC,ESP,Online TA,TA/TO,0,0,0,A,A,0,No Deposit,9.0,0,Transient,99.0,0,1
City Hotel,0,14,2017,August,35,27,1,0,2,0.0,0,BB,PRT,Online TA,TA/TO,0,0,0,A,A,0,No Deposit,9.0,0,Transient,107.1,1,2
City Hotel,0,90,2017,August,34,25,1,2,2,0.0,0,BB,ITA,Direct,Direct,0,0,0,D,D,0,No Deposit,14.0,0,Transient,138.9,1,0
City Hotel,0,155,2017,August,34,26,1,1,2,0.0,0,HB,ESP,Online TA,TA/TO,0,0,0,D,D,0,No Deposit,9.0,0,Transient,173.7,0,1
City Hotel,0,156,2017,August,34,22,1,5,2,0.0,0,BB,FRA,Online TA,TA/TO,0,0,0,D,D,0,No Deposit,9.0,0,Transient,139.5,0,1
City Hotel,0,14,2017,August,35,27,1,0,2,0.0,0,BB,GBR,Online TA,TA/TO,0,0,0,A,A,0,No Deposit,9.0,0,Transient,109.0,0,1
City Hotel,0,21,2017,August,35,27,1,0,2,0.0,0,BB,ESP,Online TA,TA/TO,0,0,0,A,A,0,No Deposit,9.0,0,Transient,109.0,0,0
City Hotel,0,1,2017,August,35,27,1,0,2,0.0,0,BB,NLD,Online TA,TA/TO,0,0,0,A,A,0,No Deposit,7.0,0,Transient,111.2,0,1
City Hotel,0,129,2017,August,34,23,1,4,2,0.0,0,BB,FRA,Direct,Direct,0,0,0,D,D,0,No Deposit,14.0,0,Transient,135.0,0,1
City Hotel,0,205,2017,August,34,23,1,4,2,0.0,0,BB,ESP,Direct,Direct,0,0,0,A,A,1,No Deposit,,0,Transient,101.0,0,0
City Hotel,0,183,2017,August,34,22,1,5,2,0.0,0,HB,ESP,Online TA,TA/TO,0,0,0,D,D,0,No Deposit,9.0,0,Transient,164.7,0,1
City Hotel,0,161,2017,August,34,21,2,5,2,0.0,0,BB,FRA,Online TA,TA/TO,0,0,0,D,D,3,No Deposit,9.0,0,Transient,139.5,0,1
City Hotel,0,25,2017,August,35,27,1,0,2,0.0,0,SC,NOR,Online TA,TA/TO,0,0,0,A,A,0,No Deposit,83.0,0,Transient,62.03,0,0
City Hotel,0,88,2017,August,34,26,1,1,2,0.0,0,BB,USA,Online TA,TA/TO,0,0,0,D,D,0,No Deposit,9.0,0,Transient,144.0,0,0
City Hotel,0,1,2017,August,35,27,1,0,2,0.0,0,SC,FRA,Online TA,TA/TO,0,0,0,A,A,0,No Deposit,9.0,0,Transient,80.1,0,1
City Hotel,0,169,2017,August,34,25,1,2,2,0.0,0,BB,USA,Online TA,TA/TO,0,0,0,D,D,0,No Deposit,9.0,0,Transient,139.5,0,1
City Hotel,0,89,2017,August,34,26,1,1,2,0.0,0,BB,BRA,Online TA,TA/TO,0,0,0,D,D,0,No Deposit,85.0,0,Transient,115.2,0,1
City Hotel,0,18,2017,August,35,27,1,0,2,0.0,0,BB,POL,Online TA,TA/TO,0,0,0,A,A,0,No Deposit,9.0,0,Transient,109.0,0,1
City Hotel,0,23,2017,August,35,27,1,0,2,0.0,0,BB,BGR,Online TA,TA/TO,0,0,0,A,A,0,No Deposit,9.0,0,Transient,98.1,0,1
City Hotel,0,3,2017,August,34,26,1,1,2,0.0,0,BB,PRT,Direct,Direct,0,0,0,B,A,1,No Deposit,,0,Transient,124.0,0,1
City Hotel,0,42,2017,August,35,27,1,0,2,0.0,0,SC,CN,Online TA,TA/TO,0,0,0,A,A,0,No Deposit,8.0,0,Transient,85.0,0,1
City Hotel,0,37,2017,August,35,27,1,0,2,0.0,0,BB,DEU,Online TA,TA/TO,0,0,0,A,A,0,No Deposit,7.0,0,Transient,87.2,0,1
City Hotel,0,518,2017,August,34,26,2,1,2,0.0,0,BB,AUS,Groups,TA/TO,0,0,0,A,A,0,No Deposit,229.0,0,Transient-Party,112.67,0,1
City Hotel,0,518,2017,August,34,26,2,1,2,0.0,0,BB,AUS,Groups,TA/TO,0,0,0,A,A,0,No Deposit,229.0,0,Transient-Party,112.67,0,1
City Hotel,0,17,2017,August,35,27,2,0,2,0.0,0,SC,CN,Online TA,TA/TO,0,0,0,A,A,0,No Deposit,9.0,0,Transient,114.5,0,1
City Hotel,0,518,2017,August,34,26,2,1,2,0.0,0,BB,GBR,Groups,TA/TO,0,0,0,A,A,0,No Deposit,229.0,0,Transient-Party,112.67,0,1
City Hotel,0,234,2017,August,34,26,2,1,2,0.0,0,BB,ESP,Direct,Direct,0,0,0,B,B,1,No Deposit,14.0,0,Transient,123.05,1,0
City Hotel,0,233,2017,August,34,26,2,1,2,0.0,0,BB,ESP,Direct,Direct,0,0,0,B,B,0,No Deposit,14.0,0,Transient,123.05,0,0
City Hotel,0,518,2017,August,34,26,2,1,2,0.0,0,BB,GBR,Groups,TA/TO,0,0,0,A,A,0,No Deposit,229.0,0,Transient-Party,112.67,0,1
City Hotel,0,518,2017,August,34,26,2,1,2,0.0,0,BB,GBR,Groups,TA/TO,0,0,0,A,A,0,No Deposit,229.0,0,Transient-Party,112.67,0,1
City Hotel,0,219,2017,August,34,25,2,2,2,0.0,0,BB,ITA,Online TA,TA/TO,0,0,0,A,A,0,No Deposit,9.0,0,Transient,117.0,0,0
City Hotel,0,0,2017,August,35,28,1,0,2,0.0,0,BB,PRT,Online TA,TA/TO,0,0,0,D,D,0,No Deposit,9.0,0,Transient,140.0,0,1
City Hotel,0,311,2017,August,35,28,1,0,2,0.0,0,SC,PRT,Online TA,TA/TO,0,0,0,A,A,0,No Deposit,9.0,0,Transient,89.1,0,0
City Hotel,0,518,2017,August,34,26,2,1,2,0.0,0,BB,GBR,Groups,TA/TO,0,0,0,A,A,0,No Deposit,229.0,0,Transient-Party,112.67,0,1
City Hotel,0,58,2017,August,34,24,2,3,2,0.0,0,BB,FRA,Direct,Direct,0,0,0,D,D,0,No Deposit,14.0,0,Transient,150.33,1,0
City Hotel,0,219,2017,August,34,25,2,2,2,0.0,0,BB,ITA,Online TA,TA/TO,0,0,0,A,A,0,No Deposit,9.0,0,Transient,117.0,0,1
City Hotel,0,219,2017,August,34,25,2,2,2,0.0,0,BB,ITA,Online TA,TA/TO,0,0,0,A,A,0,No Deposit,9.0,0,Transient,117.0,0,1
City Hotel,0,10,2017,August,35,27,2,0,2,0.0,0,SC,DEU,Online TA,TA/TO,0,0,0,A,A,0,No Deposit,9.0,0,Transient,119.5,0,2
City Hotel,0,518,2017,August,34,26,2,1,2,0.0,0,BB,GBR,Groups,TA/TO,0,0,0,A,A,0,No Deposit,229.0,0,Transient-Party,112.67,0,1
City Hotel,0,224,2017,August,34,24,2,3,2,0.0,0,BB,GBR,Online TA,TA/TO,0,0,0,D,D,0,No Deposit,9.0,0,Transient,127.8,0,2
City Hotel,0,518,2017,August,34,26,2,1,2,0.0,0,BB,GBR,Groups,TA/TO,0,0,0,A,A,0,No Deposit,229.0,0,Transient-Party,112.67,0,1
City Hotel,0,269,2017,August,34,22,2,5,2,0.0,0,SC,DEU,Online TA,TA/TO,0,0,0,A,A,0,No Deposit,9.0,0,Transient,99.0,0,2
City Hotel,0,269,2017,August,34,22,2,5,2,0.0,0,SC,DEU,Online TA,TA/TO,0,0,0,A,A,0,No Deposit,9.0,0,Transient,99.0,0,2
City Hotel,0,180,2017,August,35,27,2,0,2,0.0,0,BB,PRT,Online TA,TA/TO,0,0,0,D,D,0,No Deposit,9.0,0,Transient,139.5,0,1
City Hotel,0,518,2017,August,34,26,2,1,2,0.0,0,BB,GBR,Groups,TA/TO,0,0,0,A,A,0,No Deposit,229.0,0,Transient-Party,112.67,0,1
City Hotel,0,195,2017,August,33,17,4,8,2,0.0,0,BB,RUS,Online TA,TA/TO,0,0,0,A,A,0,No Deposit,9.0,0,Transient,118.43,0,1
City Hotel,0,0,2017,August,35,28,1,0,2,0.0,0,BB,FRA,Online TA,TA/TO,0,0,0,D,D,0,No Deposit,9.0,0,Transient,140.0,0,2
City Hotel,0,518,2017,August,34,26,2,1,2,0.0,0,BB,GBR,Groups,TA/TO,0,0,0,A,A,0,No Deposit,229.0,0,Transient-Party,112.67,0,1
City Hotel,0,518,2017,August,34,26,2,1,2,0.0,0,BB,GBR,Groups,TA/TO,0,0,0,A,A,0,No Deposit,229.0,0,Transient-Party,112.67,0,1
City Hotel,0,518,2017,August,34,26,2,1,2,0.0,0,BB,GBR,Groups,TA/TO,0,0,0,A,A,0,No Deposit,229.0,0,Transient-Party,112.67,0,1
City Hotel,0,518,2017,August,34,26,2,1,2,0.0,0,BB,AUS,Groups,TA/TO,0,0,0,A,A,0,No Deposit,229.0,0,Transient-Party,112.67,0,1
City Hotel,0,518,2017,August,34,26,2,1,2,0.0,0,BB,GBR,Groups,TA/TO,0,0,0,A,A,0,No Deposit,229.0,0,Transient-Party,112.67,0,1
City Hotel,0,518,2017,August,34,26,2,1,2,0.0,0,BB,GBR,Groups,TA/TO,0,0,0,A,A,0,No Deposit,229.0,0,Transient-Party,112.67,0,1
City Hotel,0,518,2017,August,34,26,2,1,2,0.0,0,BB,GBR,Groups,TA/TO,0,0,0,A,A,0,No Deposit,229.0,0,Transient-Party,112.67,0,1
City Hotel,0,21,2017,August,35,28,1,0,2,0.0,0,SC,PRT,Online TA,TA/TO,0,0,0,A,A,0,No Deposit,9.0,0,Transient,149.0,0,1
City Hotel,0,518,2017,August,34,26,2,1,2,0.0,0,BB,GBR,Groups,TA/TO,0,0,0,A,A,0,No Deposit,229.0,0,Transient-Party,112.67,0,1
City Hotel,0,200,2017,August,34,25,2,2,2,0.0,0,BB,DEU,Online TA,TA/TO,0,0,0,A,A,0,No Deposit,9.0,0,Transient,117.0,0,0
City Hotel,0,289,2017,August,34,26,2,1,2,0.0,0,BB,DEU,Online TA,TA/TO,0,0,0,A,A,0,No Deposit,9.0,0,Transient-Party,107.1,0,2
City Hotel,0,289,2017,August,34,26,2,1,2,0.0,0,BB,DEU,Online TA,TA/TO,0,0,0,A,A,0,No Deposit,9.0,0,Transient-Party,107.1,0,2
City Hotel,0,26,2017,August,35,27,2,0,2,0.0,0,BB,BRA,Online TA,TA/TO,0,0,0,A,A,1,No Deposit,9.0,0,Transient,143.5,0,2
City Hotel,0,518,2017,August,34,26,2,1,2,0.0,0,BB,AUS,Groups,TA/TO,0,0,0,A,A,0,No Deposit,229.0,0,Transient-Party,112.67,0,1
City Hotel,0,189,2017,August,35,27,2,0,2,0.0,0,BB,PRT,Online TA,TA/TO,0,0,0,A,A,1,No Deposit,9.0,0,Transient-Party,114.0,0,1
City Hotel,0,15,2017,August,34,25,2,2,2,0.0,0,BB,USA,Direct,Direct,0,0,0,D,D,0,No Deposit,14.0,0,Transient,132.53,0,2
City Hotel,0,14,2017,August,34,24,2,3,2,0.0,0,SC,GBR,Online TA,TA/TO,0,0,0,A,A,0,No Deposit,9.0,0,Transient,125.6,0,1
City Hotel,0,518,2017,August,34,26,2,1,2,0.0,0,BB,AUS,Groups,TA/TO,0,0,0,A,A,0,No Deposit,229.0,0,Transient-Party,112.67,0,1
City Hotel,0,518,2017,August,34,26,2,1,2,0.0,0,BB,GBR,Groups,TA/TO,0,0,0,A,A,0,No Deposit,229.0,0,Transient-Party,112.67,0,1
City Hotel,0,518,2017,August,34,26,2,1,2,0.0,0,BB,GBR,Groups,TA/TO,0,0,0,A,A,0,No Deposit,229.0,0,Transient-Party,112.67,0,1
City Hotel,0,179,2017,August,34,23,2,5,2,0.0,0,HB,DEU,Online TA,TA/TO,0,0,0,D,D,0,No Deposit,9.0,0,Transient,160.2,0,0
City Hotel,0,8,2017,August,34,25,2,3,2,0.0,0,BB,DEU,Online TA,TA/TO,0,0,0,A,A,0,No Deposit,7.0,0,Transient,115.37,0,1
City Hotel,0,40,2017,August,35,28,1,1,2,0.0,0,BB,PRT,Online TA,TA/TO,0,0,0,D,D,0,No Deposit,83.0,0,Transient,139.4,0,1
City Hotel,0,181,2017,August,35,27,2,1,2,0.0,0,BB,ESP,Online TA,TA/TO,0,0,0,A,A,0,No Deposit,9.0,0,Transient,126.0,0,0
City Hotel,0,61,2017,August,35,28,1,1,2,0.0,0,HB,PRT,Offline TA/TO,TA/TO,0,0,0,D,D,2,No Deposit,394.0,0,Transient,121.1,0,0
City Hotel,0,278,2017,August,34,25,2,3,2,0.0,0,SC,DEU,Online TA,TA/TO,0,0,0,A,A,0,No Deposit,9.0,0,Transient-Party,89.1,0,1
City Hotel,0,278,2017,August,34,25,2,3,2,0.0,0,SC,DEU,Online TA,TA/TO,0,0,0,A,A,0,No Deposit,9.0,0,Transient-Party,89.1,0,2
City Hotel,0,0,2017,August,35,29,0,1,2,0.0,0,SC,PRT,Online TA,TA/TO,0,0,0,A,A,0,No Deposit,9.0,0,Transient,140.0,0,0
City Hotel,0,0,2017,August,34,23,2,5,2,0.0,0,HB,BEL,Offline TA/TO,TA/TO,0,0,0,A,A,0,No Deposit,394.0,0,Transient,112.1,0,0
City Hotel,0,189,2017,August,35,27,2,1,2,0.0,0,BB,IRL,Direct,Direct,0,0,0,A,A,0,No Deposit,14.0,0,Transient,99.0,0,0
City Hotel,0,13,2017,August,34,26,2,2,2,0.0,0,BB,GBR,Online TA,TA/TO,0,0,0,D,D,0,No Deposit,9.0,0,Transient,157.25,0,1
City Hotel,0,457,2017,August,34,25,2,3,2,0.0,0,HB,DEU,Offline TA/TO,TA/TO,0,0,0,A,A,2,No Deposit,6.0,0,Transient-Party,122.4,0,1
City Hotel,0,43,2017,August,35,29,0,1,2,0.0,0,SC,FRA,Online TA,TA/TO,0,0,0,A,A,1,No Deposit,9.0,0,Transient,140.0,0,1
City Hotel,0,196,2017,August,34,26,2,2,2,0.0,0,BB,DEU,Online TA,TA/TO,0,0,0,D,D,0,No Deposit,9.0,0,Transient,126.0,0,3
City Hotel,0,184,2017,August,35,29,0,2,2,0.0,0,SC,PRT,Online TA,TA/TO,0,0,0,A,A,0,No Deposit,9.0,0,Transient,99.0,0,2
City Hotel,0,183,2017,August,35,28,1,2,2,0.0,0,SC,ITA,Online TA,TA/TO,0,0,0,A,A,0,No Deposit,9.0,0,Transient,99.0,0,0
City Hotel,0,31,2017,August,35,28,1,2,2,0.0,0,BB,GBR,Online TA,TA/TO,0,0,0,D,D,0,No Deposit,9.0,0,Transient,170.0,0,1
City Hotel,0,205,2017,August,35,29,0,2,2,0.0,0,SC,DEU,Online TA,TA/TO,0,0,0,A,A,0,No Deposit,9.0,0,Transient,99.0,0,5
City Hotel,0,281,2017,August,35,27,2,2,2,0.0,0,BB,DEU,Online TA,TA/TO,0,0,0,A,A,1,No Deposit,9.0,0,Transient,107.1,0,2
City Hotel,0,95,2017,August,34,24,2,5,2,0.0,0,BB,GBR,Online TA,TA/TO,0,0,0,D,D,0,No Deposit,79.0,0,Transient,127.45,0,0
City Hotel,0,100,2017,August,35,27,2,2,2,0.0,0,BB,DEU,Online TA,TA/TO,0,0,0,D,D,0,No Deposit,85.0,0,Transient,89.1,0,1
City Hotel,0,232,2017,August,34,26,2,3,2,0.0,0,BB,ITA,Online TA,TA/TO,0,0,0,A,A,7,No Deposit,9.0,0,Transient,119.0,0,0
City Hotel,0,208,2017,August,35,28,1,2,2,0.0,0,BB,PRT,Offline TA/TO,TA/TO,0,0,0,A,A,0,No Deposit,85.0,0,Transient,80.1,0,1
City Hotel,0,186,2017,August,35,31,0,3,2,0.0,0,BB,DEU,Online TA,TA/TO,0,0,0,D,D,1,No Deposit,9.0,0,Transient,12.0,0,2
City Hotel,0,205,2017,August,35,29,0,2,2,0.0,0,SC,PRT,Online TA,TA/TO,0,0,0,A,A,0,No Deposit,9.0,0,Transient,99.0,0,2
City Hotel,0,95,2017,August,35,29,0,2,2,0.0,0,SC,PRT,Online TA,TA/TO,0,0,0,D,E,1,No Deposit,89.0,0,Transient,95.76,0,0
City Hotel,0,209,2017,August,35,28,1,3,2,0.0,0,SC,GBR,Online TA,TA/TO,0,0,0,A,D,1,No Deposit,9.0,0,Transient,99.0,0,0
City Hotel,0,113,2017,August,35,27,2,3,2,0.0,0,BB,GBR,Online TA,TA/TO,0,0,0,E,E,1,No Deposit,9.0,0,Transient,185.0,0,2
City Hotel,0,27,2017,August,35,28,1,3,2,0.0,0,BB,DEU,Direct,Direct,0,0,0,D,D,2,No Deposit,14.0,0,Transient,169.0,1,0
City Hotel,0,167,2017,August,35,30,0,2,2,0.0,0,SC,CN,Online TA,TA/TO,0,0,0,A,A,0,No Deposit,9.0,0,Transient,112.5,0,2
City Hotel,0,167,2017,August,35,30,0,2,2,0.0,0,SC,CN,Online TA,TA/TO,0,0,0,A,A,0,No Deposit,9.0,0,Transient,112.5,0,2
City Hotel,0,189,2017,August,35,29,0,3,2,0.0,0,BB,USA,Offline TA/TO,TA/TO,0,0,0,A,B,1,No Deposit,42.0,0,Transient,80.1,0,1
City Hotel,0,189,2017,August,35,29,0,3,2,0.0,0,BB,DEU,Offline TA/TO,TA/TO,0,0,0,A,B,1,No Deposit,42.0,0,Transient,80.1,0,1
City Hotel,0,216,2017,August,35,31,0,1,2,0.0,0,BB,PRT,Offline TA/TO,TA/TO,0,0,0,A,A,0,No Deposit,168.0,0,Transient,89.1,1,0
City Hotel,0,3,2017,August,35,31,0,1,2,0.0,0,SC,PRT,Online TA,TA/TO,0,0,0,A,A,2,No Deposit,9.0,0,Transient,140.0,0,1
City Hotel,0,173,2017,August,35,28,1,3,2,0.0,0,BB,BEL,Direct,Direct,0,0,0,D,D,0,No Deposit,14.0,0,Transient,135.0,0,2
City Hotel,0,205,2017,August,35,27,2,3,2,0.0,0,SC,DEU,Online TA,TA/TO,0,0,0,A,A,0,No Deposit,9.0,0,Transient,99.0,0,0
City Hotel,0,196,2017,August,35,27,2,3,2,0.0,0,HB,FRA,Online TA,TA/TO,0,0,0,A,A,0,No Deposit,9.0,0,Transient,151.2,0,2
City Hotel,0,194,2017,August,35,27,2,3,2,0.0,0,SC,ITA,Offline TA/TO,TA/TO,0,0,0,A,A,0,No Deposit,6.0,0,Transient,71.1,0,1
City Hotel,0,201,2017,August,35,28,1,3,2,0.0,0,BB,DEU,Online TA,TA/TO,0,0,0,D,D,0,No Deposit,9.0,0,Transient,126.0,0,0
City Hotel,0,131,2017,August,35,27,2,3,2,0.0,0,BB,DEU,Online TA,TA/TO,0,0,0,D,D,0,No Deposit,85.0,0,Transient,89.1,0,0
City Hotel,0,194,2017,August,35,27,2,3,2,0.0,0,BB,DEU,Online TA,TA/TO,0,0,0,A,A,0,No Deposit,9.0,0,Transient,117.0,0,1
City Hotel,0,190,2017,August,34,23,2,7,2,0.0,0,BB,FRA,Offline TA/TO,TA/TO,0,0,0,A,A,0,No Deposit,85.0,0,Transient,80.1,0,1
City Hotel,0,279,2017,August,35,28,1,3,2,0.0,0,SC,NLD,Online TA,TA/TO,0,0,0,A,D,1,No Deposit,9.0,0,Transient,89.1,0,2
City Hotel,0,190,2017,August,35,28,1,3,2,0.0,0,BB,BEL,Direct,Direct,0,0,0,A,A,0,No Deposit,14.0,0,Transient,99.0,0,2
City Hotel,0,163,2017,August,35,30,0,2,2,0.0,0,BB,ZAF,Offline TA/TO,TA/TO,0,0,0,D,E,1,No Deposit,168.0,0,Transient,89.1,0,0
City Hotel,0,292,2017,August,34,20,4,8,2,0.0,0,BB,FRA,Online TA,TA/TO,0,0,0,A,A,0,No Deposit,9.0,0,Transient,128.1,0,2
City Hotel,0,239,2017,August,35,27,2,3,2,0.0,0,BB,DEU,Direct,Direct,0,0,0,A,A,0,No Deposit,14.0,0,Transient,96.25,0,0
City Hotel,0,115,2017,August,35,28,1,3,2,0.0,0,BB,FRA,Online TA,TA/TO,0,0,0,D,D,0,No Deposit,9.0,0,Transient,155.0,0,1
City Hotel,0,22,2017,August,35,28,1,3,2,0.0,0,BB,GBR,Direct,Direct,0,0,0,D,D,0,No Deposit,14.0,0,Transient,160.0,0,0
City Hotel,0,198,2017,August,35,28,1,4,2,0.0,0,BB,LUX,Online TA,TA/TO,0,0,0,A,A,0,No Deposit,9.0,0,Transient,117.0,0,2
City Hotel,0,158,2017,August,35,31,0,2,2,0.0,0,BB,NLD,Online TA,TA/TO,0,0,0,D,D,2,No Deposit,83.0,0,Transient,126.0,1,0
City Hotel,0,198,2017,August,35,29,0,4,2,0.0,0,HB,ITA,Online TA,TA/TO,0,0,0,A,A,0,No Deposit,9.0,0,Transient,160.2,0,0
City Hotel,0,115,2017,August,35,30,0,3,2,0.0,0,SC,SWE,Online TA,TA/TO,0,0,0,A,A,0,No Deposit,7.0,0,Transient,100.0,0,2
City Hotel,0,141,2017,August,35,29,0,4,2,0.0,0,BB,JPN,Direct,Direct,0,0,0,A,A,4,No Deposit,14.0,0,Transient,138.75,0,1
City Hotel,0,135,2017,August,35,27,2,4,2,0.0,0,BB,SWE,Online TA,TA/TO,0,0,0,D,D,2,No Deposit,9.0,0,Transient,157.17,0,1
City Hotel,0,177,2017,August,35,27,2,4,2,0.0,0,HB,FRA,Online TA,TA/TO,0,0,0,D,D,0,No Deposit,9.0,0,Transient,175.95,0,1
City Hotel,0,218,2017,August,34,26,2,5,2,0.0,0,HB,GBR,Online TA,TA/TO,0,0,0,A,A,1,No Deposit,7.0,0,Transient,111.92,0,4
City Hotel,0,75,2017,August,34,23,2,8,2,0.0,0,BB,BEL,Offline TA/TO,TA/TO,0,0,0,A,A,0,No Deposit,394.0,0,Transient,81.0,0,0
City Hotel,0,243,2017,August,35,30,0,3,2,0.0,0,BB,DEU,Online TA,TA/TO,0,0,0,A,A,0,No Deposit,9.0,0,Transient,117.0,0,1
City Hotel,0,199,2017,August,35,29,0,5,2,0.0,0,BB,DEU,Online TA,TA/TO,0,0,0,D,D,2,No Deposit,9.0,0,Transient,126.0,0,0
City Hotel,0,332,2017,August,35,31,0,2,2,0.0,0,BB,GBR,Online TA,TA/TO,0,0,0,D,F,4,No Deposit,9.0,0,Transient,170.8,0,2
City Hotel,0,169,2017,August,35,30,0,3,2,0.0,0,BB,BEL,Offline TA/TO,TA/TO,0,0,0,A,A,0,No Deposit,28.0,0,Transient,83.1,0,0
City Hotel,0,43,2017,August,35,29,0,4,2,0.0,0,SC,GBR,Online TA,TA/TO,0,0,0,A,A,0,No Deposit,9.0,0,Transient,137.25,0,1
City Hotel,0,130,2017,August,35,28,1,4,2,0.0,0,BB,DEU,Online TA,TA/TO,0,0,0,E,E,0,No Deposit,9.0,0,Transient,188.0,0,0
City Hotel,0,217,2017,August,35,28,1,4,2,0.0,0,BB,CN,Direct,Direct,0,0,0,A,A,0,No Deposit,14.0,0,Transient,99.0,0,0
City Hotel,0,198,2017,August,35,31,0,2,2,0.0,0,SC,GBR,Online TA,TA/TO,0,0,0,A,A,0,No Deposit,9.0,0,Transient,99.0,0,0
City Hotel,0,197,2017,August,35,29,0,4,2,0.0,0,BB,DEU,Online TA,TA/TO,0,0,0,A,A,0,No Deposit,9.0,0,Transient,117.0,0,0
City Hotel,0,4,2017,August,35,31,0,3,2,0.0,0,SC,FRA,Online TA,TA/TO,0,0,0,A,A,0,No Deposit,9.0,0,Transient,132.67,0,1
City Hotel,0,230,2017,August,35,31,0,3,2,0.0,0,BB,GBR,Offline TA/TO,TA/TO,0,0,0,E,E,0,No Deposit,28.0,0,Transient,109.5,0,0
City Hotel,0,230,2017,August,35,31,0,3,2,0.0,0,BB,GBR,Offline TA/TO,TA/TO,0,0,0,E,E,0,No Deposit,28.0,0,Transient,109.5,0,0
City Hotel,0,1,2017,August,35,31,0,3,2,0.0,0,BB,GBR,Offline TA/TO,TA/TO,0,0,0,E,E,0,No Deposit,28.0,0,Transient,109.5,0,1
City Hotel,0,140,2017,August,35,29,0,5,2,0.0,0,BB,JPN,Direct,Direct,0,0,0,D,D,0,No Deposit,14.0,0,Transient,156.0,0,1
City Hotel,0,181,2017,August,35,30,0,4,2,0.0,0,SC,JPN,Online TA,TA/TO,0,0,0,A,A,0,No Deposit,9.0,0,Transient,119.25,0,2
City Hotel,0,142,2017,August,35,31,0,3,2,0.0,0,BB,DEU,Online TA,TA/TO,0,0,0,A,A,0,No Deposit,85.0,0,Transient,86.1,0,0
City Hotel,0,8,2017,August,35,31,0,3,2,0.0,0,BB,ITA,Direct,Direct,0,0,0,A,A,0,No Deposit,14.0,0,Transient,119.4,0,0
City Hotel,0,147,2017,August,35,28,1,5,2,0.0,0,BB,USA,Direct,Direct,0,0,0,A,A,0,No Deposit,14.0,0,Transient,117.0,0,1
City Hotel,0,186,2017,August,35,31,0,3,2,0.0,0,BB,DEU,Online TA,TA/TO,0,0,0,D,D,0,No Deposit,9.0,0,Transient,126.0,0,2
City Hotel,0,186,2017,August,35,31,0,3,2,0.0,0,BB,DEU,Online TA,TA/TO,0,0,0,D,D,0,No Deposit,9.0,0,Transient,126.0,0,2
City Hotel,0,30,2017,August,35,31,0,3,2,0.0,0,BB,DEU,Direct,Direct,0,0,0,A,A,0,No Deposit,14.0,0,Transient,151.67,1,0
City Hotel,0,177,2017,August,35,29,0,5,2,0.0,0,BB,BEL,Online TA,TA/TO,0,0,0,A,A,0,No Deposit,9.0,0,Transient,135.9,0,2
City Hotel,0,27,2017,August,35,31,0,3,2,0.0,0,BB,DEU,Online TA,TA/TO,0,0,0,A,A,0,No Deposit,9.0,0,Transient,152.67,0,1
City Hotel,0,231,2017,August,35,28,1,5,2,0.0,0,BB,DEU,Online TA,TA/TO,0,0,0,D,D,2,No Deposit,9.0,0,Transient,134.58,0,0
City Hotel,0,325,2017,August,35,30,0,4,2,0.0,0,BB,GBR,Online TA,TA/TO,0,0,0,D,D,0,No Deposit,9.0,0,Transient,129.18,0,4
City Hotel,0,107,2017,August,35,30,0,4,2,0.0,0,BB,DEU,Direct,Direct,0,0,0,D,D,0,No Deposit,14.0,0,Transient,146.4,0,0
City Hotel,0,110,2017,August,35,29,0,5,2,0.0,0,HB,PRT,Direct,Direct,0,0,0,D,D,1,No Deposit,14.0,0,Transient,171.0,0,2
City Hotel,0,149,2017,August,35,30,0,4,2,0.0,0,BB,ESP,Offline TA/TO,TA/TO,0,0,0,A,A,0,No Deposit,28.0,0,Transient,84.6,0,0
City Hotel,0,31,2017,August,35,31,0,3,2,0.0,0,BB,LUX,Online TA,TA/TO,0,0,0,A,A,0,No Deposit,9.0,0,Transient,152.67,0,1
City Hotel,0,194,2017,August,35,31,0,3,2,0.0,0,SC,ZAF,Online TA,TA/TO,0,0,0,A,A,0,No Deposit,9.0,0,Transient,99.0,0,0
City Hotel,0,45,2017,August,35,27,2,5,2,0.0,0,HB,ESP,Online TA,TA/TO,0,0,0,A,A,0,No Deposit,9.0,0,Transient,183.86,0,2
City Hotel,0,186,2017,August,35,31,0,3,2,0.0,0,BB,DEU,Online TA,TA/TO,0,0,0,D,D,0,No Deposit,9.0,0,Transient,126.0,0,2
City Hotel,0,286,2017,August,35,30,0,4,2,0.0,0,BB,DEU,Online TA,TA/TO,0,0,0,A,A,0,No Deposit,9.0,0,Transient,112.05,0,3
City Hotel,0,72,2017,August,35,31,0,3,2,0.0,0,BB,POL,Direct,Direct,0,0,0,D,D,0,No Deposit,14.0,0,Transient,134.82,0,1
City Hotel,0,111,2017,August,35,29,1,5,2,0.0,0,BB,DEU,Direct,Direct,0,0,0,D,D,3,No Deposit,14.0,0,Transient,135.0,0,1
City Hotel,0,135,2017,August,35,30,1,4,2,0.0,0,BB,USA,Direct,Direct,0,0,0,D,D,0,No Deposit,14.0,0,Transient,143.1,0,1
City Hotel,0,63,2017,August,35,31,1,3,2,0.0,0,SC,BRA,Online TA,TA/TO,0,0,0,A,A,1,No Deposit,9.0,0,Transient,133.5,0,1
City Hotel,0,195,2017,August,35,29,1,5,2,0.0,0,BB,JPN,Online TA,TA/TO,0,0,0,A,A,0,No Deposit,9.0,0,Transient,117.0,0,1
City Hotel,0,100,2017,August,35,31,1,3,2,0.0,0,BB,DEU,Offline TA/TO,TA/TO,0,0,0,D,D,0,No Deposit,16.0,0,Transient,95.85,0,0
City Hotel,0,198,2017,August,35,29,1,5,2,0.0,0,BB,ITA,Online TA,TA/TO,0,0,0,A,A,2,No Deposit,9.0,0,Transient,119.17,0,2
City Hotel,0,212,2017,August,35,28,2,5,2,0.0,0,BB,CHN,Online TA,TA/TO,0,0,0,D,D,0,No Deposit,7.0,0,Transient,92.17,0,1
City Hotel,0,212,2017,August,35,28,2,5,2,0.0,0,BB,ITA,Online TA,TA/TO,0,0,0,D,D,0,No Deposit,7.0,0,Transient,92.17,0,2
City Hotel,0,210,2017,August,35,28,2,5,2,0.0,0,BB,PRT,Online TA,TA/TO,0,0,0,A,A,0,No Deposit,7.0,0,Transient,85.59,0,1
City Hotel,0,212,2017,August,35,28,2,5,2,0.0,0,BB,PRT,Online TA,TA/TO,0,0,0,A,A,0,No Deposit,7.0,0,Transient,85.59,0,0
City Hotel,0,261,2017,August,35,30,1,4,2,0.0,0,BB,DEU,Direct,Direct,0,0,0,A,A,0,No Deposit,14.0,0,Transient,99.0,0,0
City Hotel,0,207,2017,August,34,25,3,7,2,0.0,0,BB,GBR,Direct,Direct,0,0,0,A,A,0,No Deposit,14.0,0,Transient,96.25,0,2
City Hotel,0,175,2017,August,35,31,1,3,2,0.0,0,BB,NLD,Offline TA/TO,TA/TO,0,0,0,A,A,1,No Deposit,42.0,0,Transient,86.85,0,2
City Hotel,0,201,2017,August,35,29,1,5,2,0.0,0,BB,DEU,Online TA,TA/TO,0,0,0,A,A,0,No Deposit,9.0,0,Transient,117.0,0,2
City Hotel,0,200,2017,August,35,30,1,4,2,0.0,0,BB,AUT,Offline TA/TO,TA/TO,0,0,0,A,A,0,No Deposit,16.0,0,Transient,85.5,0,1
City Hotel,0,185,2017,August,35,30,1,4,2,0.0,0,SC,CHE,Online TA,TA/TO,0,0,0,A,A,0,No Deposit,9.0,0,Transient,99.0,0,1
City Hotel,0,247,2017,August,35,31,1,3,2,0.0,0,BB,GBR,Offline TA/TO,TA/TO,0,0,0,A,A,0,No Deposit,42.0,0,Transient,86.85,0,0
City Hotel,0,109,2017,August,35,31,1,3,2,0.0,0,BB,GBR,Online TA,TA/TO,0,0,0,D,D,0,No Deposit,9.0,0,Transient,155.0,0,1
City Hotel,0,44,2017,August,35,31,1,3,2,0.0,0,SC,DEU,Online TA,TA/TO,0,0,0,A,A,0,No Deposit,9.0,0,Transient,140.75,0,1
City Hotel,0,188,2017,August,35,31,2,3,2,0.0,0,BB,DEU,Direct,Direct,0,0,0,A,A,0,No Deposit,14.0,0,Transient,99.0,0,0
City Hotel,0,164,2017,August,35,31,2,4,2,0.0,0,BB,DEU,Offline TA/TO,TA/TO,0,0,0,A,A,0,No Deposit,42.0,0,Transient,87.6,0,0
City Hotel,0,21,2017,August,35,30,2,5,2,0.0,0,BB,BEL,Offline TA/TO,TA/TO,0,0,0,A,A,0,No Deposit,394.0,0,Transient,96.14,0,2
City Hotel,0,23,2017,August,35,30,2,5,2,0.0,0,BB,BEL,Offline TA/TO,TA/TO,0,0,0,A,A,0,No Deposit,394.0,0,Transient,96.14,0,0
City Hotel,0,34,2017,August,35,31,2,5,2,0.0,0,BB,DEU,Online TA,TA/TO,0,0,0,D,D,0,No Deposit,9.0,0,Transient,157.71,0,4
City Hotel,0,109,2017,August,35,31,2,5,2,0.0,0,BB,GBR,Online TA,TA/TO,0,0,0,A,A,0,No Deposit,89.0,0,Transient,104.4,0,0
City Hotel,0,205,2017,August,35,29,2,7,2,0.0,0,HB,DEU,Online TA,TA/TO,0,0,0,A,A,0,No Deposit,9.0,0,Transient,151.2,0,2
